9.999535e-01 9.775568e-04 -9.593677e-03 9.132759e-02 -9.619130e-04 9.999982e-01 1.635113e-03 -1.372991e-02 9.595257e-03 -1.625810e-03 9.999526e-01 7.904910e-02
9.999812e-01 -3.344389e-04 6.119444e-03 6.861728e-02 3.348770e-04 9.999999e-01 -7.055948e-05 -2.234133e-02 -6.119419e-03 7.260812e-05 9.999813e-01 3.090864e-01
9.999562e-01 -4.913846e-05 -9.360927e-03 1.809849e-01 5.222198e-05 9.999999e-01 3.291619e-04 -3.578038e-02 9.360910e-03 -3.296370e-04 9.999561e-01 3.018721e-01
9.999899e-01 4.236741e-03 -1.503701e-03 -3.104279e-01 -4.222768e-03 9.999490e-01 9.176971e-03 -2.648630e-02 1.542505e-03 -9.170528e-03 9.999568e-01 1.606082e+00
9.999796e-01 1.479352e-04 6.385409e-03 -1.017434e+00 -1.116582e-04 9.999839e-01 -5.681219e-03 3.100499e-03 -6.386146e-03 5.680390e-03 9.999635e-01 3.618901e+00
9.999392e-01 1.259346e-04 -1.102293e-02 -9.815573e-01 -5.240324e-05 9.999777e-01 6.670798e-03 -7.043595e-03 1.102352e-02 -6.669815e-03 9.999170e-01 3.735556e+00
9.999886e-01 1.670759e-04 4.762177e-03 -8.518869e-01 -1.407792e-04 9.999847e-01 -5.521799e-03 -1.975805e-02 -4.763027e-03 5.521065e-03 9.999734e-01 3.697199e+00
9.999551e-01 1.423424e-04 -9.470271e-03 -8.124356e-01 -8.076407e-05 9.999789e-01 6.502338e-03 -3.087846e-02 9.470997e-03 -6.501281e-03 9.999340e-01 3.739750e+00
9.999899e-01 2.157450e-04 4.480290e-03 -7.722163e-01 -1.911640e-04 9.999849e-01 -5.486175e-03 -4.206845e-02 -4.481406e-03 5.485262e-03 9.999749e-01 3.785185e+00
9.999557e-01 1.117702e-04 -9.415856e-03 -7.193868e-01 -5.187645e-05 9.999798e-01 6.360941e-03 -5.362111e-02 9.416377e-03 -6.360170e-03 9.999354e-01 3.867008e+00
9.999928e-01 2.148121e-04 3.798130e-03 -5.935710e-01 -1.947373e-04 9.999860e-01 -5.285039e-03 -6.578106e-02 -3.799213e-03 5.284260e-03 9.999788e-01 3.870266e+00
9.999636e-01 1.915571e-04 -8.526632e-03 -5.684247e-01 -1.371531e-04 9.999796e-01 6.380597e-03 -7.651412e-02 8.527681e-03 -6.379195e-03 9.999433e-01 3.970362e+00
9.999899e-01 7.697715e-05 4.487732e-03 -5.344009e-01 -5.250900e-05 9.999851e-01 -5.452104e-03 -8.715295e-02 -4.488085e-03 5.451812e-03 9.999751e-01 4.038624e+00
9.999573e-01 4.491672e-04 -9.234129e-03 -5.143347e-01 -3.875268e-04 9.999776e-01 6.675980e-03 -9.740757e-02 9.236921e-03 -6.672116e-03 9.999351e-01 4.129385e+00
9.999854e-01 -2.602788e-04 5.389948e-03 -4.768833e-01 2.915221e-04 9.999832e-01 -5.796616e-03 -1.083025e-01 -5.388349e-03 5.798103e-03 9.999687e-01 4.177350e+00
9.999405e-01 4.314750e-04 -1.089984e-02 -3.750877e-01 -3.574485e-04 9.999769e-01 6.792553e-03 -1.206652e-01 1.090252e-02 -6.788252e-03 9.999175e-01 4.150637e+00
9.999803e-01 7.900999e-04 6.223867e-03 -4.382633e-01 -7.638792e-04 9.999908e-01 -4.214179e-03 -1.279123e-01 -6.227140e-03 4.209341e-03 9.999718e-01 4.453053e+00
9.999759e-01 7.404314e-04 -6.907978e-03 -6.554799e-01 -6.866530e-04 9.999695e-01 7.784094e-03 -1.281670e-01 6.913531e-03 -7.779162e-03 9.999458e-01 5.169116e+00
9.999826e-01 7.097955e-05 5.893220e-03 -7.678920e-01 -3.553207e-05 9.999819e-01 -6.014854e-03 -1.325324e-01 -5.893541e-03 6.014540e-03 9.999645e-01 5.585134e+00
9.999446e-01 1.347497e-04 -1.052111e-02 -7.220959e-01 -6.138647e-05 9.999757e-01 6.972968e-03 -1.436459e-01 1.052179e-02 -6.971935e-03 9.999203e-01 5.608833e+00
9.999864e-01 2.043806e-04 5.212786e-03 -6.571246e-01 -1.736823e-04 9.999826e-01 -5.888817e-03 -1.550415e-01 -5.213899e-03 5.887831e-03 9.999691e-01 5.607565e+00
9.999479e-01 1.719872e-04 -1.020862e-02 -6.107219e-01 -1.012098e-04 9.999760e-01 6.933205e-03 -1.660495e-01 1.020957e-02 -6.931809e-03 9.999239e-01 5.628306e+00
9.999851e-01 4.287004e-04 5.446536e-03 -5.936364e-01 -3.979839e-04 9.999840e-01 -5.639484e-03 -1.757394e-01 -5.448867e-03 5.637231e-03 9.999693e-01 5.725371e+00
9.999533e-01 1.684643e-04 -9.659005e-03 -5.933148e-01 -1.012252e-04 9.999758e-01 6.961346e-03 -1.847351e-01 9.659944e-03 -6.960042e-03 9.999291e-01 5.859599e+00
9.999849e-01 3.937762e-04 5.473503e-03 -5.906884e-01 -3.623647e-04 9.999835e-01 -5.738640e-03 -1.938977e-01 -5.475673e-03 5.736570e-03 9.999686e-01 5.977652e+00
9.999561e-01 3.795537e-04 -9.357452e-03 -6.121486e-01 -3.109270e-04 9.999731e-01 7.334265e-03 -2.017336e-01 9.359984e-03 -7.331033e-03 9.999293e-01 6.165049e+00
9.999822e-01 -8.215618e-04 5.904380e-03 -4.806582e-01 8.621432e-04 9.999760e-01 -6.873861e-03 -2.142753e-01 -5.898591e-03 6.878828e-03 9.999589e-01 6.126555e+00
9.998883e-01 1.346106e-03 -1.488702e-02 -2.168648e-01 -1.226635e-03 9.999670e-01 8.031345e-03 -2.276456e-01 1.489734e-02 -8.012186e-03 9.998569e-01 6.007779e+00
9.999471e-01 -7.331673e-04 1.026359e-02 -2.006035e-01 8.029433e-04 9.999766e-01 -6.795939e-03 -2.375352e-01 -1.025837e-02 6.803820e-03 9.999242e-01 6.107472e+00
9.998932e-01 1.326650e-03 -1.455680e-02 -1.925694e-01 -1.210593e-03 9.999674e-01 7.978638e-03 -2.470814e-01 1.456691e-02 -7.960163e-03 9.998622e-01 6.217311e+00
9.999426e-01 -1.834800e-04 1.071191e-02 -2.621377e-01 2.453951e-04 9.999833e-01 -5.779005e-03 -2.531308e-01 -1.071067e-02 5.781301e-03 9.999259e-01 6.492950e+00
9.999082e-01 1.092355e-03 -1.350883e-02 -3.381590e-01 -9.897559e-04 9.999706e-01 7.599299e-03 -2.591249e-01 1.351673e-02 -7.585230e-03 9.998799e-01 6.819214e+00
9.999621e-01 -5.185390e-04 8.691535e-03 -3.238619e-01 5.737274e-04 9.999797e-01 -6.348398e-03 -2.698897e-01 -8.688067e-03 6.353143e-03 9.999421e-01 6.964577e+00
9.998974e-01 1.503338e-03 -1.424587e-02 -3.472667e-01 -1.383904e-03 9.999638e-01 8.389888e-03 -2.796531e-01 1.425797e-02 -8.369311e-03 9.998633e-01 7.177607e+00
9.999300e-01 -1.523885e-04 1.182879e-02 -4.870195e-01 2.174842e-04 9.999848e-01 -5.502075e-03 -2.831783e-01 -1.182777e-02 5.504262e-03 9.999149e-01 7.683627e+00
9.999098e-01 1.814672e-03 -1.330938e-02 -7.124513e-01 -1.693259e-03 9.999569e-01 9.127992e-03 -2.828322e-01 1.332538e-02 -9.104632e-03 9.998698e-01 8.366743e+00
9.999271e-01 -2.910970e-04 1.206734e-02 -9.254530e-01 3.614470e-04 9.999830e-01 -5.828015e-03 -2.833682e-01 -1.206544e-02 5.831952e-03 9.999102e-01 9.071758e+00
9.999021e-01 1.425865e-03 -1.391755e-02 -1.047546e+00 -1.311411e-03 9.999653e-01 8.229374e-03 -2.879757e-01 1.392880e-02 -8.210316e-03 9.998693e-01 9.605773e+00
9.999324e-01 -3.323723e-04 1.162531e-02 -1.140775e+00 3.981189e-04 9.999839e-01 -5.653615e-03 -2.930664e-01 -1.162324e-02 5.657860e-03 9.999164e-01 1.002762e+01
9.999227e-01 1.462560e-03 -1.234337e-02 -1.280853e+00 -1.360605e-03 9.999649e-01 8.264279e-03 -2.958661e-01 1.235503e-02 -8.246846e-03 9.998897e-01 1.057367e+01
9.999533e-01 4.028357e-04 9.655083e-03 -1.493126e+00 -3.615528e-04 9.999908e-01 -4.277140e-03 -2.969110e-01 -9.656717e-03 4.273449e-03 9.999442e-01 1.134011e+01
9.999502e-01 1.385464e-03 -9.885804e-03 -1.755817e+00 -1.303967e-03 9.999652e-01 8.245551e-03 -2.963901e-01 9.896884e-03 -8.232249e-03 9.999171e-01 1.237388e+01
9.999802e-01 -2.647453e-04 6.289380e-03 -1.911217e+00 3.005223e-04 9.999838e-01 -5.688218e-03 -2.997636e-01 -6.287772e-03 5.689995e-03 9.999640e-01 1.286025e+01
9.999596e-01 1.337896e-03 -8.893838e-03 -2.014484e+00 -1.264075e-03 9.999647e-01 8.300680e-03 -3.045878e-01 8.904630e-03 -8.289101e-03 9.999260e-01 1.332511e+01
9.999804e-01 -9.635061e-04 6.193090e-03 -2.044133e+00 1.008088e-03 9.999736e-01 -7.199609e-03 -3.126129e-01 -6.185990e-03 7.205710e-03 9.999549e-01 1.356738e+01
9.999349e-01 1.283213e-03 -1.134162e-02 -1.974655e+00 -1.190404e-03 9.999658e-01 8.185974e-03 -3.242448e-01 1.135174e-02 -8.171939e-03 9.999022e-01 1.357188e+01
9.999689e-01 2.084723e-04 7.885020e-03 -2.092481e+00 -1.694200e-04 9.999877e-01 -4.953075e-03 -3.289314e-01 -7.885956e-03 4.951584e-03 9.999566e-01 1.404121e+01
9.999663e-01 1.340728e-03 -8.099318e-03 -2.303320e+00 -1.271689e-03 9.999629e-01 8.523234e-03 -3.299134e-01 8.110445e-03 -8.512646e-03 9.999309e-01 1.482569e+01
9.999701e-01 -1.276200e-04 7.735393e-03 -2.477780e+00 1.692216e-04 9.999855e-01 -5.377686e-03 -3.316021e-01 -7.734595e-03 5.378833e-03 9.999556e-01 1.549502e+01
9.999638e-01 1.552751e-03 -8.369059e-03 -2.691348e+00 -1.479310e-03 9.999604e-01 8.774286e-03 -3.316247e-01 8.382353e-03 -8.761587e-03 9.999265e-01 1.618671e+01
9.999782e-01 2.853417e-04 6.603878e-03 -2.909964e+00 -2.551225e-04 9.999895e-01 -4.576376e-03 -3.321799e-01 -6.605114e-03 4.574591e-03 9.999677e-01 1.696546e+01
9.999658e-01 1.482958e-03 -8.140442e-03 -3.183004e+00 -1.413878e-03 9.999630e-01 8.485206e-03 -3.309801e-01 8.152724e-03 -8.473406e-03 9.999309e-01 1.777398e+01
9.999731e-01 -4.884982e-05 7.333945e-03 -3.402897e+00 8.511921e-05 9.999878e-01 -4.945192e-03 -3.308460e-01 -7.333614e-03 4.945683e-03 9.999609e-01 1.845260e+01
9.999625e-01 1.087924e-03 -8.586939e-03 -3.551142e+00 -1.023362e-03 9.999712e-01 7.519453e-03 -3.341018e-01 8.594873e-03 -7.510383e-03 9.999349e-01 1.900280e+01
9.999787e-01 7.972256e-05 6.526194e-03 -3.681277e+00 -4.909300e-05 9.999890e-01 -4.693364e-03 -3.378941e-01 -6.526497e-03 4.692943e-03 9.999677e-01 1.950838e+01
9.999709e-01 1.340482e-03 -7.508676e-03 -3.882348e+00 -1.279431e-03 9.999661e-01 8.129644e-03 -3.382836e-01 7.519319e-03 -8.119800e-03 9.999388e-01 2.018334e+01
9.999790e-01 -1.045515e-04 6.476455e-03 -4.066081e+00 1.372838e-04 9.999872e-01 -5.053824e-03 -3.393694e-01 -6.475844e-03 5.054606e-03 9.999663e-01 2.078257e+01
9.999691e-01 1.522488e-03 -7.713226e-03 -4.248407e+00 -1.457256e-03 9.999632e-01 8.455696e-03 -3.408027e-01 7.725816e-03 -8.444193e-03 9.999345e-01 2.143958e+01
9.999779e-01 -1.205893e-04 6.646615e-03 -4.439129e+00 1.537841e-04 9.999875e-01 -4.993975e-03 -3.428885e-01 -6.645930e-03 4.994886e-03 9.999654e-01 2.217398e+01
9.999674e-01 1.578893e-03 -7.919479e-03 -4.626450e+00 -1.511611e-03 9.999628e-01 8.494530e-03 -3.452697e-01 7.932597e-03 -8.482281e-03 9.999326e-01 2.290082e+01
9.999750e-01 -4.160820e-04 7.065773e-03 -4.767531e+00 4.565651e-04 9.999835e-01 -5.728827e-03 -3.493163e-01 -7.063273e-03 5.731909e-03 9.999586e-01 2.351345e+01
9.999582e-01 1.235392e-03 -9.061027e-03 -4.846394e+00 -1.164439e-03 9.999687e-01 7.831671e-03 -3.554697e-01 9.070418e-03 -7.820792e-03 9.999283e-01 2.391866e+01
9.999783e-01 -3.086577e-05 6.583425e-03 -4.956667e+00 6.413919e-05 9.999872e-01 -5.053980e-03 -3.602239e-01 -6.583185e-03 5.054292e-03 9.999656e-01 2.440316e+01
9.999693e-01 1.369014e-03 -7.709861e-03 -5.121903e+00 -1.305070e-03 9.999648e-01 8.292787e-03 -3.627732e-01 7.720943e-03 -8.282470e-03 9.999359e-01 2.506477e+01
9.999776e-01 -9.151171e-05 6.688757e-03 -5.287028e+00 1.260116e-04 9.999867e-01 -5.157657e-03 -3.657955e-01 -6.688197e-03 5.158384e-03 9.999643e-01 2.573183e+01
9.999708e-01 1.311284e-03 -7.532560e-03 -5.458586e+00 -1.249312e-03 9.999654e-01 8.226029e-03 -3.681425e-01 7.543086e-03 -8.216378e-03 9.999378e-01 2.636870e+01
9.999802e-01 1.319620e-04 6.289903e-03 -5.672511e+00 -1.012473e-04 9.999881e-01 -4.883250e-03 -3.682388e-01 -6.290473e-03 4.882516e-03 9.999683e-01 2.702863e+01
9.999662e-01 8.255418e-04 -8.185709e-03 -5.799112e+00 -7.681172e-04 9.999751e-01 7.015883e-03 -3.722821e-01 8.191297e-03 -7.009357e-03 9.999419e-01 2.748718e+01
9.999886e-01 -3.367441e-06 4.783334e-03 -5.835062e+00 2.851453e-05 9.999862e-01 -5.257188e-03 -3.802670e-01 -4.783251e-03 5.257264e-03 9.999747e-01 2.775479e+01
9.999675e-01 8.449404e-04 -8.021787e-03 -5.886511e+00 -7.858648e-04 9.999726e-01 7.364684e-03 -3.876489e-01 8.027790e-03 -7.358139e-03 9.999407e-01 2.808933e+01
9.999799e-01 7.342136e-04 6.301445e-03 -6.034859e+00 -7.105385e-04 9.999927e-01 -3.758512e-03 -3.909859e-01 -6.304158e-03 3.753958e-03 9.999731e-01 2.876837e+01
9.999799e-01 1.215465e-03 -6.222064e-03 -6.299202e+00 -1.164358e-03 9.999656e-01 8.210960e-03 -3.906738e-01 6.231830e-03 -8.203550e-03 9.999469e-01 2.980505e+01
9.999750e-01 6.153401e-04 7.049513e-03 -6.566690e+00 -5.876440e-04 9.999921e-01 -3.930205e-03 -3.901389e-01 -7.051876e-03 3.925963e-03 9.999674e-01 3.086356e+01
9.999771e-01 1.283649e-03 -6.642762e-03 -6.837644e+00 -1.228549e-03 9.999649e-01 8.292175e-03 -3.894399e-01 6.653173e-03 -8.283824e-03 9.999436e-01 3.191254e+01
9.999764e-01 1.724844e-04 6.862412e-03 -7.055513e+00 -1.369937e-04 9.999866e-01 -5.171897e-03 -3.910425e-01 -6.863213e-03 5.170835e-03 9.999631e-01 3.281829e+01
9.999591e-01 8.333665e-04 -9.010971e-03 -7.140686e+00 -7.643844e-04 9.999704e-01 7.656066e-03 -3.976803e-01 9.017085e-03 -7.648864e-03 9.999301e-01 3.332604e+01
9.999716e-01 5.886080e-04 7.518347e-03 -7.283123e+00 -5.563851e-04 9.999907e-01 -4.287277e-03 -4.020866e-01 -7.520800e-03 4.282971e-03 9.999625e-01 3.402073e+01
9.999622e-01 8.435211e-04 -8.651671e-03 -7.444701e+00 -7.774361e-04 9.999705e-01 7.638920e-03 -4.063062e-01 8.657860e-03 -7.631905e-03 9.999334e-01 3.479230e+01
9.999848e-01 -3.782985e-04 5.498963e-03 -7.489671e+00 4.140477e-04 9.999788e-01 -6.501421e-03 -4.163075e-01 -5.496387e-03 6.503598e-03 9.999637e-01 3.526255e+01
9.998903e-01 5.288667e-04 -1.480298e-02 -7.222247e+00 -4.175359e-04 9.999716e-01 7.522913e-03 -4.311829e-01 1.480654e-02 -7.515907e-03 9.998621e-01 3.535666e+01
9.999381e-01 7.147147e-04 1.110250e-02 -7.161296e+00 -6.567692e-04 9.999862e-01 -5.221911e-03 -4.439024e-01 -1.110608e-02 5.214295e-03 9.999247e-01 3.574083e+01
9.999303e-01 8.814239e-04 -1.176978e-02 -7.340381e+00 -7.764586e-04 9.999599e-01 8.919792e-03 -4.471320e-01 1.177717e-02 -8.910031e-03 9.998909e-01 3.653747e+01
9.999303e-01 6.769232e-04 1.178439e-02 -7.557055e+00 -6.173586e-04 9.999870e-01 -5.057445e-03 -4.483584e-01 -1.178766e-02 5.049817e-03 9.999178e-01 3.739028e+01
9.999217e-01 8.885546e-04 -1.248269e-02 -7.753387e+00 -7.826380e-04 9.999637e-01 8.487395e-03 -4.510112e-01 1.248978e-02 -8.476961e-03 9.998861e-01 3.819161e+01
9.999341e-01 4.273919e-04 1.147147e-02 -7.898370e+00 -3.667847e-04 9.999860e-01 -5.284891e-03 -4.557237e-01 -1.147357e-02 5.280334e-03 9.999202e-01 3.888529e+01
9.999204e-01 6.768785e-04 -1.259629e-02 -8.027820e+00 -5.746115e-04 9.999669e-01 8.120663e-03 -4.608131e-01 1.260137e-02 -8.112779e-03 9.998877e-01 3.951167e+01
9.999483e-01 3.632148e-04 1.016547e-02 -8.118893e+00 -3.058444e-04 9.999840e-01 -5.644645e-03 -4.673539e-01 -1.016736e-02 5.641243e-03 9.999324e-01 4.002722e+01
9.999227e-01 6.899979e-04 -1.241780e-02 -8.208705e+00 -5.895483e-04 9.999671e-01 8.091001e-03 -4.741283e-01 1.242297e-02 -8.083054e-03 9.998902e-01 4.054607e+01
9.999435e-01 5.331756e-04 1.061406e-02 -8.321783e+00 -4.786015e-04 9.999867e-01 -5.143561e-03 -4.793746e-01 -1.061666e-02 5.138190e-03 9.999304e-01 4.112605e+01
9.999349e-01 8.109660e-04 -1.138164e-02 -8.487277e+00 -7.157378e-04 9.999647e-01 8.368390e-03 -4.827214e-01 1.138803e-02 -8.359699e-03 9.999002e-01 4.184195e+01
9.999490e-01 5.650621e-04 1.008612e-02 -8.646710e+00 -5.134455e-04 9.999868e-01 -5.119447e-03 -4.860844e-01 -1.008888e-02 5.114007e-03 9.999360e-01 4.254191e+01
9.999349e-01 6.508142e-04 -1.138904e-02 -8.796926e+00 -5.600791e-04 9.999681e-01 7.968245e-03 -4.901018e-01 1.139386e-02 -7.961347e-03 9.999034e-01 4.319887e+01
9.999568e-01 3.971800e-04 9.283903e-03 -8.891960e+00 -3.464905e-04 9.999850e-01 -5.460921e-03 -4.965157e-01 -9.285933e-03 5.457467e-03 9.999420e-01 4.372148e+01
9.999330e-01 3.910406e-04 -1.157320e-02 -8.968148e+00 -3.032557e-04 9.999712e-01 7.585960e-03 -5.029654e-01 1.157584e-02 -7.581941e-03 9.999043e-01 4.413661e+01
9.999560e-01 8.447002e-04 9.344489e-03 -9.075717e+00 -7.985214e-04 9.999875e-01 -4.944460e-03 -5.077584e-01 -9.348549e-03 4.936780e-03 9.999441e-01 4.461768e+01
9.999385e-01 1.635549e-04 -1.108963e-02 -9.190401e+00 -8.050678e-05 9.999720e-01 7.488836e-03 -5.125986e-01 1.109055e-02 -7.487482e-03 9.999105e-01 4.513313e+01
9.999544e-01 1.097141e-03 9.486212e-03 -9.348633e+00 -1.052910e-03 9.999886e-01 -4.666403e-03 -5.148855e-01 -9.491224e-03 4.656201e-03 9.999441e-01 4.568656e+01
9.999347e-01 6.820249e-04 -1.140535e-02 -9.555542e+00 -5.852326e-04 9.999638e-01 8.487747e-03 -5.163153e-01 1.141073e-02 -8.480517e-03 9.998989e-01 4.641753e+01
9.999330e-01 5.352049e-04 1.156234e-02 -9.724397e+00 -4.723064e-04 9.999851e-01 -5.441999e-03 -5.186003e-01 -1.156508e-02 5.436173e-03 9.999183e-01 4.710398e+01
9.999096e-01 8.783046e-04 -1.342074e-02 -9.881514e+00 -7.647912e-04 9.999639e-01 8.460839e-03 -5.217726e-01 1.342769e-02 -8.449809e-03 9.998741e-01 4.771934e+01
9.999307e-01 2.204326e-04 1.177409e-02 -9.992223e+00 -1.514825e-04 9.999828e-01 -5.856659e-03 -5.271499e-01 -1.177518e-02 5.854468e-03 9.999135e-01 4.825779e+01
9.998993e-01 6.337789e-04 -1.417379e-02 -1.005820e+01 -5.215265e-04 9.999685e-01 7.922009e-03 -5.345940e-01 1.417836e-02 -7.913819e-03 9.998682e-01 4.867956e+01
9.999405e-01 5.363034e-04 1.089846e-02 -1.012733e+01 -4.785022e-04 9.999858e-01 -5.305532e-03 -5.415671e-01 -1.090115e-02 5.300000e-03 9.999265e-01 4.910711e+01
9.998769e-01 -6.498353e-04 -1.567750e-02 -1.002539e+01 7.430845e-04 9.999821e-01 5.942866e-03 -5.543145e-01 1.567335e-02 -5.953783e-03 9.998594e-01 4.914176e+01
9.999638e-01 1.791686e-03 8.314078e-03 -9.918441e+00 -1.756208e-03 9.999893e-01 -4.272642e-03 -5.676005e-01 -8.321645e-03 4.257886e-03 9.999563e-01 4.928142e+01
9.999387e-01 -1.348545e-03 -1.099253e-02 -9.949476e+00 1.409488e-03 9.999837e-01 5.538190e-03 -5.767551e-01 1.098488e-02 -5.553343e-03 9.999242e-01 4.957159e+01
9.999845e-01 2.191943e-03 5.108711e-03 -9.930376e+00 -2.171406e-03 9.999896e-01 -4.022182e-03 -5.876928e-01 -5.117474e-03 4.011026e-03 9.999789e-01 4.968929e+01
9.999094e-01 -2.631846e-03 -1.319981e-02 -9.687949e+00 2.688031e-03 9.999874e-01 4.240571e-03 -6.043358e-01 1.318848e-02 -4.275668e-03 9.999039e-01 4.964456e+01
9.999809e-01 3.976086e-03 4.742196e-03 -9.472200e+00 -3.966845e-03 9.999902e-01 -1.956430e-03 -6.222921e-01 -4.749929e-03 1.937580e-03 9.999868e-01 4.987631e+01
9.999808e-01 -2.853443e-03 -5.493708e-03 -9.627707e+00 2.880775e-03 9.999835e-01 4.973588e-03 -6.265695e-01 5.479426e-03 -4.989319e-03 9.999725e-01 5.057331e+01
9.999862e-01 3.599500e-03 3.816691e-03 -9.722998e+00 -3.588258e-03 9.999892e-01 -2.948246e-03 -6.325191e-01 -3.827262e-03 2.934509e-03 9.999884e-01 5.102212e+01
9.999744e-01 -2.783271e-03 -6.598764e-03 -9.793346e+00 2.816017e-03 9.999837e-01 4.958351e-03 -6.388146e-01 6.584856e-03 -4.976805e-03 9.999659e-01 5.135334e+01
9.999746e-01 4.898145e-03 5.175780e-03 -9.991677e+00 -4.895789e-03 9.999879e-01 -4.676781e-04 -6.402866e-01 -5.178009e-03 4.423260e-04 9.999865e-01 5.223929e+01
9.999886e-01 -2.650349e-03 -3.970347e-03 -1.034434e+01 2.673896e-03 9.999788e-01 5.937087e-03 -6.370272e-01 3.954528e-03 -5.947635e-03 9.999745e-01 5.349808e+01
9.999691e-01 4.765715e-03 6.246560e-03 -1.066992e+01 -4.759177e-03 9.999881e-01 -1.061203e-03 -6.332865e-01 -6.251543e-03 1.031441e-03 9.999799e-01 5.473103e+01
9.999700e-01 -3.752892e-03 -6.773910e-03 -1.081735e+01 3.777632e-03 9.999862e-01 3.643170e-03 -6.382128e-01 6.760145e-03 -3.668649e-03 9.999704e-01 5.542823e+01
9.999845e-01 4.310959e-03 3.518177e-03 -1.085455e+01 -4.302955e-03 9.999881e-01 -2.279554e-03 -6.468571e-01 -3.527962e-03 2.264379e-03 9.999912e-01 5.569041e+01
9.999563e-01 -5.409570e-03 -7.629957e-03 -1.068313e+01 5.426489e-03 9.999829e-01 2.198488e-03 -6.610785e-01 7.617933e-03 -2.239795e-03 9.999685e-01 5.560277e+01
9.999848e-01 5.342123e-03 -1.333477e-03 -1.037950e+01 -5.343847e-03 9.999849e-01 -1.292776e-03 -6.770077e-01 1.326551e-03 1.299881e-03 9.999983e-01 5.544329e+01
9.999615e-01 -5.076390e-03 -7.158028e-03 -1.020958e+01 5.094132e-03 9.999840e-01 2.462581e-03 -6.914441e-01 7.145413e-03 -2.498949e-03 9.999713e-01 5.538584e+01
9.999837e-01 5.599785e-03 1.108858e-03 -1.016371e+01 -5.598575e-03 9.999837e-01 -1.091373e-03 -7.032594e-01 -1.114952e-03 1.085146e-03 9.999988e-01 5.544957e+01
9.999732e-01 -4.886323e-03 -5.445933e-03 -1.017491e+01 4.902355e-03 9.999837e-01 2.934277e-03 -7.131497e-01 5.431506e-03 -2.960896e-03 9.999809e-01 5.570937e+01
9.999878e-01 4.932416e-03 3.079612e-05 -1.005436e+01 -4.932340e-03 9.999856e-01 -2.110865e-03 -7.260928e-01 -4.120765e-05 2.110686e-03 9.999978e-01 5.571608e+01
9.999717e-01 -4.395188e-03 -6.099854e-03 -9.968187e+00 4.417644e-03 9.999835e-01 3.672836e-03 -7.383887e-01 6.083611e-03 -3.699679e-03 9.999747e-01 5.580466e+01
9.999708e-01 6.440877e-03 4.105063e-03 -1.013261e+01 -6.443636e-03 9.999790e-01 6.590351e-04 -7.419189e-01 -4.100733e-03 -6.854681e-04 9.999914e-01 5.666491e+01
9.999815e-01 -4.715228e-03 -3.830786e-03 -1.033042e+01 4.726347e-03 9.999846e-01 2.898892e-03 -7.457460e-01 3.817059e-03 -2.916944e-03 9.999885e-01 5.763395e+01
9.999787e-01 6.247646e-03 1.885029e-03 -1.045917e+01 -6.248826e-03 9.999803e-01 6.211050e-04 -7.521725e-01 -1.881111e-03 -6.328717e-04 9.999980e-01 5.843710e+01
9.999773e-01 -5.728334e-03 -3.534690e-03 -1.050401e+01 5.731933e-03 9.999831e-01 1.008851e-03 -7.617260e-01 3.528852e-03 -1.029088e-03 9.999932e-01 5.889655e+01
9.999817e-01 6.024602e-03 -4.966502e-04 -1.047161e+01 -6.024689e-03 9.999818e-01 -1.722973e-04 -7.725567e-01 4.956028e-04 1.752856e-04 9.999999e-01 5.897939e+01
9.999755e-01 -5.331247e-03 -4.545094e-03 -1.046634e+01 5.338679e-03 9.999844e-01 1.624675e-03 -7.825442e-01 4.536362e-03 -1.648899e-03 9.999884e-01 5.911808e+01
9.999894e-01 4.412046e-03 1.335590e-03 -1.035417e+01 -4.409686e-03 9.999887e-01 -1.764834e-03 -7.949624e-01 -1.343362e-03 1.758925e-03 9.999976e-01 5.910036e+01
9.999348e-01 -3.707390e-03 -1.079921e-02 -1.012181e+01 3.738812e-03 9.999888e-01 2.890928e-03 -8.085167e-01 1.078837e-02 -2.931115e-03 9.999375e-01 5.898624e+01
9.999890e-01 1.980547e-03 4.260923e-03 -9.833769e+00 -1.963691e-03 9.999902e-01 -3.956485e-03 -8.256149e-01 -4.268718e-03 3.948074e-03 9.999831e-01 5.882583e+01
9.998646e-01 -8.987436e-04 -1.643242e-02 -9.598675e+00 9.898487e-04 9.999842e-01 5.536927e-03 -8.399787e-01 1.642719e-02 -5.552442e-03 9.998496e-01 5.875745e+01
9.999325e-01 1.385376e-03 1.153973e-02 -9.566269e+00 -1.333677e-03 9.999890e-01 -4.486584e-03 -8.507734e-01 -1.154582e-02 4.470890e-03 9.999233e-01 5.882318e+01
9.998661e-01 -7.718997e-04 -1.634323e-02 -9.550488e+00 8.652887e-04 9.999833e-01 5.707927e-03 -8.610487e-01 1.633855e-02 -5.721304e-03 9.998501e-01 5.893802e+01
9.999303e-01 1.393039e-03 1.172421e-02 -9.544855e+00 -1.340923e-03 9.999892e-01 -4.451853e-03 -8.707184e-01 -1.173029e-02 4.435821e-03 9.999214e-01 5.907686e+01
9.998507e-01 -1.547411e-03 -1.720994e-02 -9.410720e+00 1.634077e-03 9.999861e-01 5.022864e-03 -8.846737e-01 1.720193e-02 -5.050236e-03 9.998393e-01 5.902596e+01
9.999838e-01 1.633248e-03 5.449141e-03 -9.058618e+00 -1.611526e-03 9.999907e-01 -3.988489e-03 -9.020716e-01 -5.455605e-03 3.979642e-03 9.999772e-01 5.880933e+01
9.998429e-01 -1.665329e-03 -1.764598e-02 -8.549532e+00 1.749427e-03 9.999872e-01 4.751465e-03 -9.202153e-01 1.763784e-02 -4.781589e-03 9.998330e-01 5.850115e+01
9.999562e-01 2.745747e-03 8.945490e-03 -8.415052e+00 -2.715916e-03 9.999907e-01 -3.345168e-03 -9.327939e-01 -8.954592e-03 3.320725e-03 9.999544e-01 5.850587e+01
9.999178e-01 -1.848989e-03 -1.268683e-02 -8.456319e+00 1.910804e-03 9.999864e-01 4.861983e-03 -9.412105e-01 1.267766e-02 -4.885825e-03 9.999077e-01 5.875093e+01
9.999614e-01 2.496109e-03 8.426776e-03 -8.452596e+00 -2.466775e-03 9.999909e-01 -3.489645e-03 -9.514492e-01 -8.435410e-03 3.468723e-03 9.999584e-01 5.892625e+01
9.999234e-01 -1.590577e-03 -1.227121e-02 -8.480351e+00 1.658207e-03 9.999835e-01 5.503081e-03 -9.603735e-01 1.226225e-02 -5.523007e-03 9.999096e-01 5.924539e+01
9.999528e-01 2.355695e-03 9.426855e-03 -8.516643e+00 -2.322003e-03 9.999909e-01 -3.583453e-03 -9.692042e-01 -9.435211e-03 3.561394e-03 9.999491e-01 5.960363e+01
9.999221e-01 -1.327126e-03 -1.240961e-02 -8.570710e+00 1.401955e-03 9.999809e-01 6.023179e-03 -9.770500e-01 1.240138e-02 -6.040107e-03 9.999049e-01 6.003560e+01
9.999489e-01 2.117159e-03 9.880437e-03 -8.644639e+00 -2.080622e-03 9.999910e-01 -3.706783e-03 -9.848852e-01 -9.888196e-03 3.686035e-03 9.999443e-01 6.048179e+01
9.999071e-01 -1.992700e-03 -1.348239e-02 -8.595950e+00 2.053087e-03 9.999879e-01 4.466542e-03 -9.962076e-01 1.347333e-02 -4.493807e-03 9.998991e-01 6.056440e+01
9.999790e-01 2.657771e-03 5.915800e-03 -8.446750e+00 -2.638332e-03 9.999911e-01 -3.291271e-03 -1.009009e+00 -5.924495e-03 3.275593e-03 9.999771e-01 6.053982e+01
9.999452e-01 -2.197200e-03 -1.023263e-02 -8.426859e+00 2.242807e-03 9.999876e-01 4.447644e-03 -1.019600e+00 1.022273e-02 -4.470349e-03 9.999378e-01 6.066736e+01
9.999792e-01 2.867621e-03 5.770738e-03 -8.429695e+00 -2.850555e-03 9.999915e-01 -2.963458e-03 -1.029431e+00 -5.779187e-03 2.946946e-03 9.999790e-01 6.084018e+01
9.999557e-01 -1.982003e-03 -9.201949e-03 -8.464784e+00 2.027929e-03 9.999855e-01 4.984299e-03 -1.037981e+00 9.191937e-03 -5.002738e-03 9.999452e-01 6.116163e+01
9.999760e-01 2.931808e-03 6.279172e-03 -8.523658e+00 -2.915668e-03 9.999924e-01 -2.578048e-03 -1.046252e+00 -6.286683e-03 2.559677e-03 9.999770e-01 6.159699e+01
9.999541e-01 -2.077098e-03 -9.358336e-03 -8.570204e+00 2.122281e-03 9.999861e-01 4.820737e-03 -1.054483e+00 9.348193e-03 -4.840376e-03 9.999446e-01 6.200534e+01
9.999758e-01 2.914047e-03 6.312683e-03 -8.626755e+00 -2.896370e-03 9.999919e-01 -2.807648e-03 -1.062495e+00 -6.320814e-03 2.789295e-03 9.999761e-01 6.236688e+01
9.999507e-01 -2.163667e-03 -9.692020e-03 -8.658269e+00 2.209867e-03 9.999862e-01 4.758665e-03 -1.071474e+00 9.681591e-03 -4.779848e-03 9.999417e-01 6.269520e+01
9.999726e-01 3.085743e-03 6.726470e-03 -8.719837e+00 -3.069015e-03 9.999922e-01 -2.495855e-03 -1.079237e+00 -6.734119e-03 2.475142e-03 9.999743e-01 6.309947e+01
9.999479e-01 -2.350553e-03 -9.930441e-03 -8.755534e+00 2.393842e-03 9.999877e-01 4.349542e-03 -1.087842e+00 9.920095e-03 -4.373087e-03 9.999412e-01 6.343295e+01
9.999689e-01 3.403447e-03 7.116798e-03 -8.820583e+00 -3.389758e-03 9.999924e-01 -1.934686e-03 -1.095431e+00 -7.123328e-03 1.910501e-03 9.999728e-01 6.388488e+01
9.999518e-01 -2.204091e-03 -9.571090e-03 -8.908849e+00 2.248537e-03 9.999867e-01 4.635480e-03 -1.102713e+00 9.560747e-03 -4.656777e-03 9.999435e-01 6.444517e+01
9.999689e-01 2.977587e-03 7.301008e-03 -8.960560e+00 -2.958106e-03 9.999920e-01 -2.677667e-03 -1.111163e+00 -7.308924e-03 2.655986e-03 9.999698e-01 6.490140e+01
9.999419e-01 -2.035665e-03 -1.058766e-02 -9.004490e+00 2.086111e-03 9.999865e-01 4.755748e-03 -1.119517e+00 1.057784e-02 -4.777558e-03 9.999326e-01 6.525764e+01
9.999564e-01 3.359307e-03 8.707460e-03 -9.132957e+00 -3.345742e-03 9.999932e-01 -1.571969e-03 -1.124399e+00 -8.712682e-03 1.542767e-03 9.999609e-01 6.586448e+01
9.999474e-01 -2.146863e-03 -1.002617e-02 -9.268771e+00 2.191502e-03 9.999877e-01 4.443318e-03 -1.129647e+00 1.001650e-02 -4.465057e-03 9.999399e-01 6.652457e+01
9.999651e-01 3.346755e-03 7.650891e-03 -9.382132e+00 -3.335342e-03 9.999933e-01 -1.503988e-03 -1.135382e+00 -7.655873e-03 1.478417e-03 9.999696e-01 6.708640e+01
9.999409e-01 -2.937157e-03 -1.046412e-02 -9.414675e+00 2.966275e-03 9.999918e-01 2.768198e-03 -1.144670e+00 1.045590e-02 -2.799073e-03 9.999414e-01 6.738606e+01
9.999825e-01 3.355315e-03 4.868107e-03 -9.371438e+00 -3.347470e-03 9.999931e-01 -1.618765e-03 -1.156077e+00 -4.873505e-03 1.602441e-03 9.999868e-01 6.744116e+01
9.999551e-01 -2.713610e-03 -9.074941e-03 -9.374996e+00 2.741798e-03 9.999915e-01 3.095183e-03 -1.165975e+00 9.066465e-03 -3.119925e-03 9.999540e-01 6.763540e+01
9.999814e-01 3.176252e-03 5.201050e-03 -9.374055e+00 -3.167170e-03 9.999934e-01 -1.753563e-03 -1.175878e+00 -5.206586e-03 1.737057e-03 9.999849e-01 6.780772e+01
9.999519e-01 -2.688750e-03 -9.430610e-03 -9.366171e+00 2.717264e-03 9.999918e-01 3.012012e-03 -1.186125e+00 9.422434e-03 -3.037492e-03 9.999510e-01 6.795877e+01
9.999833e-01 3.193195e-03 4.819190e-03 -9.353613e+00 -3.184823e-03 9.999934e-01 -1.744038e-03 -1.196632e+00 -4.824728e-03 1.728659e-03 9.999869e-01 6.811500e+01
9.999585e-01 -2.646461e-03 -8.720895e-03 -9.356428e+00 2.673487e-03 9.999917e-01 3.088859e-03 -1.206110e+00 8.712648e-03 -3.112045e-03 9.999572e-01 6.830011e+01
9.999839e-01 3.073783e-03 4.768328e-03 -9.341920e+00 -3.064760e-03 9.999935e-01 -1.898533e-03 -1.216466e+00 -4.774133e-03 1.883888e-03 9.999868e-01 6.844395e+01
9.999622e-01 -3.844020e-03 -7.800634e-03 -9.231646e+00 3.858772e-03 9.999908e-01 1.876989e-03 -1.228891e+00 7.793347e-03 -1.907019e-03 9.999678e-01 6.842286e+01
9.999919e-01 3.972994e-03 -5.855597e-04 -8.983456e+00 -3.973519e-03 9.999917e-01 -8.974719e-04 -1.243212e+00 5.819889e-04 8.997907e-04 9.999994e-01 6.829575e+01
9.999795e-01 -2.722827e-03 -5.796296e-03 -9.006621e+00 2.741958e-03 9.999908e-01 3.295160e-03 -1.253198e+00 5.787270e-03 -3.310985e-03 9.999778e-01 6.855615e+01
9.999879e-01 3.659480e-03 3.296691e-03 -9.095734e+00 -3.656231e-03 9.999928e-01 -9.909227e-04 -1.259988e+00 -3.300294e-03 9.788565e-04 9.999941e-01 6.904285e+01
9.999775e-01 -2.688837e-03 -6.148663e-03 -9.160361e+00 2.709276e-03 9.999908e-01 3.318259e-03 -1.267377e+00 6.139685e-03 -3.334842e-03 9.999756e-01 6.945179e+01
9.999926e-01 2.756041e-03 2.686783e-03 -9.063482e+00 -2.748990e-03 9.999928e-01 -2.624616e-03 -1.279309e+00 -2.693997e-03 2.617210e-03 9.999929e-01 6.952427e+01
9.999112e-01 -2.291145e-03 -1.312966e-02 -8.744938e+00 2.341912e-03 9.999898e-01 3.852559e-03 -1.293419e+00 1.312070e-02 -3.882964e-03 9.999064e-01 6.937430e+01
9.999620e-01 2.624927e-03 8.314432e-03 -8.685709e+00 -2.601555e-03 9.999926e-01 -2.820602e-03 -1.305247e+00 -8.321775e-03 2.798864e-03 9.999615e-01 6.943845e+01
9.999279e-01 -1.666509e-03 -1.189596e-02 -8.729112e+00 1.725243e-03 9.999864e-01 4.928720e-03 -1.313691e+00 1.188758e-02 -4.948888e-03 9.999171e-01 6.975486e+01
9.999571e-01 2.128610e-03 9.016823e-03 -8.746712e+00 -2.096011e-03 9.999912e-01 -3.623236e-03 -1.323100e+00 -9.024457e-03 3.604181e-03 9.999528e-01 7.004433e+01
9.999087e-01 -1.381077e-03 -1.344027e-02 -8.746590e+00 1.451056e-03 9.999854e-01 5.198308e-03 -1.333055e+00 1.343289e-02 -5.217335e-03 9.998962e-01 7.023868e+01
9.999455e-01 1.939840e-03 1.025701e-02 -8.764300e+00 -1.901235e-03 9.999911e-01 -3.772254e-03 -1.342163e+00 -1.026424e-02 3.752547e-03 9.999403e-01 7.046647e+01
9.998969e-01 -1.281467e-03 -1.430294e-02 -8.773546e+00 1.357329e-03 9.999851e-01 5.295503e-03 -1.351652e+00 1.429594e-02 -5.314370e-03 9.998837e-01 7.065202e+01
9.999365e-01 2.091155e-03 1.107569e-02 -8.817004e+00 -2.053077e-03 9.999919e-01 -3.448226e-03 -1.359672e+00 -1.108281e-02 3.425267e-03 9.999327e-01 7.096358e+01
9.998935e-01 -1.817323e-03 -1.447826e-02 -8.792796e+00 1.879669e-03 9.999890e-01 4.293725e-03 -1.370362e+00 1.447030e-02 -4.320482e-03 9.998860e-01 7.106838e+01
9.999531e-01 2.209738e-03 9.427810e-03 -8.731391e+00 -2.178984e-03 9.999923e-01 -3.271040e-03 -1.382170e+00 -9.434966e-03 3.250343e-03 9.999502e-01 7.109775e+01
9.999004e-01 -1.776321e-03 -1.400462e-02 -8.703041e+00 1.836916e-03 9.999890e-01 4.315066e-03 -1.392974e+00 1.399680e-02 -4.340361e-03 9.998926e-01 7.119120e+01
9.999530e-01 2.261585e-03 9.432959e-03 -8.677524e+00 -2.231767e-03 9.999925e-01 -3.170358e-03 -1.403538e+00 -9.440058e-03 3.149156e-03 9.999505e-01 7.129424e+01
9.999157e-01 -1.365956e-03 -1.291151e-02 -8.719430e+00 1.432047e-03 9.999859e-01 5.110926e-03 -1.411323e+00 1.290435e-02 -5.128985e-03 9.999036e-01 7.158321e+01
9.999412e-01 2.622268e-03 1.052114e-02 -8.856522e+00 -2.599960e-03 9.999943e-01 -2.133377e-03 -1.415337e+00 -1.052668e-02 2.105896e-03 9.999424e-01 7.212093e+01
9.999084e-01 -2.293062e-03 -1.334107e-02 -8.862176e+00 2.334785e-03 9.999924e-01 3.112693e-03 -1.424328e+00 1.333383e-02 -3.143556e-03 9.999062e-01 7.231228e+01
9.999744e-01 2.325326e-03 6.770428e-03 -8.680641e+00 -2.311303e-03 9.999952e-01 -2.078239e-03 -1.437504e+00 -6.775229e-03 2.062537e-03 9.999749e-01 7.222147e+01
9.999235e-01 -2.157262e-03 -1.217949e-02 -8.610215e+00 2.195787e-03 9.999926e-01 3.150629e-03 -1.449741e+00 1.217260e-02 -3.177131e-03 9.999209e-01 7.223104e+01
9.999663e-01 1.603201e-03 8.052339e-03 -8.449174e+00 -1.581397e-03 9.999951e-01 -2.713398e-03 -1.463902e+00 -8.056650e-03 2.700572e-03 9.999639e-01 7.215961e+01
9.998888e-01 -5.425327e-04 -1.490189e-02 -8.414235e+00 6.100898e-04 9.999896e-01 4.529276e-03 -1.475623e+00 1.489928e-02 -4.537864e-03 9.998787e-01 7.229889e+01
9.999217e-01 1.181914e-03 1.245492e-02 -8.472045e+00 -1.146891e-03 9.999954e-01 -2.818792e-03 -1.483096e+00 -1.245819e-02 2.804286e-03 9.999185e-01 7.263956e+01
9.998656e-01 -6.702222e-04 -1.638198e-02 -8.466545e+00 7.379040e-04 9.999912e-01 4.125770e-03 -1.493269e+00 1.637907e-02 -4.137303e-03 9.998573e-01 7.282795e+01
9.999175e-01 1.323464e-03 1.277358e-02 -8.480309e+00 -1.290900e-03 9.999959e-01 -2.557252e-03 -1.502620e+00 -1.277691e-02 2.540551e-03 9.999151e-01 7.308173e+01
9.998676e-01 -6.540235e-04 -1.626097e-02 -8.495583e+00 7.221848e-04 9.999910e-01 4.186176e-03 -1.511980e+00 1.625809e-02 -4.197364e-03 9.998590e-01 7.335051e+01
9.999187e-01 1.485544e-03 1.266219e-02 -8.532975e+00 -1.457616e-03 9.999965e-01 -2.214557e-03 -1.520808e+00 -1.266544e-02 2.195920e-03 9.999174e-01 7.368443e+01
9.998841e-01 -7.717980e-04 -1.520550e-02 -8.564564e+00 8.326739e-04 9.999917e-01 3.997611e-03 -1.529409e+00 1.520229e-02 -4.009808e-03 9.998764e-01 7.400242e+01
9.999243e-01 1.411638e-03 1.222619e-02 -8.595091e+00 -1.383875e-03 9.999964e-01 -2.278938e-03 -1.537837e+00 -1.222936e-02 2.261846e-03 9.999227e-01 7.427975e+01
9.998771e-01 -1.096087e-03 -1.563881e-02 -8.580026e+00 1.147237e-03 9.999940e-01 3.262068e-03 -1.548061e+00 1.563514e-02 -3.279608e-03 9.998724e-01 7.442312e+01
9.999388e-01 1.596811e-03 1.094711e-02 -8.554183e+00 -1.574363e-03 9.999966e-01 -2.058936e-03 -1.558662e+00 -1.095037e-02 2.041575e-03 9.999380e-01 7.454258e+01
9.998806e-01 -1.302411e-03 -1.539653e-02 -8.509469e+00 1.348559e-03 9.999946e-01 2.987272e-03 -1.569735e+00 1.539255e-02 -3.007678e-03 9.998770e-01 7.461149e+01
9.999458e-01 1.757058e-03 1.025870e-02 -8.457849e+00 -1.737850e-03 9.999967e-01 -1.881065e-03 -1.581052e+00 -1.026197e-02 1.863134e-03 9.999456e-01 7.467798e+01
9.998931e-01 -1.222625e-03 -1.457201e-02 -8.438060e+00 1.268753e-03 9.999942e-01 3.156720e-03 -1.591646e+00 1.456807e-02 -3.174870e-03 9.998888e-01 7.482154e+01
9.999438e-01 1.507003e-03 1.049412e-02 -8.404582e+00 -1.483827e-03 9.999964e-01 -2.215923e-03 -1.602394e+00 -1.049743e-02 2.200226e-03 9.999425e-01 7.490895e+01
9.998915e-01 -5.590070e-04 -1.472094e-02 -8.435638e+00 6.205467e-04 9.999911e-01 4.176169e-03 -1.610949e+00 1.471847e-02 -4.184850e-03 9.998829e-01 7.515869e+01
9.999228e-01 1.241886e-03 1.236417e-02 -8.491886e+00 -1.212043e-03 9.999963e-01 -2.420952e-03 -1.618260e+00 -1.236713e-02 2.405779e-03 9.999206e-01 7.549641e+01
9.999020e-01 -3.820521e-04 -1.399514e-02 -8.584947e+00 4.447304e-04 9.999899e-01 4.475719e-03 -1.624025e+00 1.399329e-02 -4.481504e-03 9.998920e-01 7.596744e+01
9.999382e-01 1.198134e-03 1.105210e-02 -8.637484e+00 -1.168134e-03 9.999956e-01 -2.720541e-03 -1.631531e+00 -1.105531e-02 2.707462e-03 9.999352e-01 7.627692e+01
9.999041e-01 -3.312686e-04 -1.384353e-02 -8.705738e+00 3.965124e-04 9.999888e-01 4.710454e-03 -1.638346e+00 1.384182e-02 -4.715491e-03 9.998931e-01 7.664875e+01
9.999496e-01 1.065391e-03 9.978952e-03 -8.738743e+00 -1.033900e-03 9.999945e-01 -3.160380e-03 -1.647411e+00 -9.982264e-03 3.149903e-03 9.999452e-01 7.691991e+01
9.998914e-01 1.417839e-04 -1.473528e-02 -8.796407e+00 -5.950797e-05 9.999844e-01 5.583872e-03 -1.656636e+00 1.473584e-02 -5.582388e-03 9.998758e-01 7.726625e+01
9.999359e-01 2.071387e-04 1.131861e-02 -8.781624e+00 -1.572306e-04 9.999903e-01 -4.410122e-03 -1.668437e+00 -1.131941e-02 4.408059e-03 9.999262e-01 7.748382e+01
9.998671e-01 6.863208e-04 -1.629018e-02 -8.778173e+00 -5.846708e-04 9.999803e-01 6.243886e-03 -1.679553e+00 1.629415e-02 -6.233531e-03 9.998478e-01 7.775112e+01
9.999141e-01 -1.538202e-04 1.310963e-02 -8.789094e+00 2.191915e-04 9.999875e-01 -4.985231e-03 -1.689367e+00 -1.310870e-02 4.987676e-03 9.999016e-01 7.801868e+01
9.998423e-01 3.047420e-04 -1.775762e-02 -8.697382e+00 -1.991550e-04 9.999823e-01 5.947464e-03 -1.700957e+00 1.775912e-02 -5.942989e-03 9.998246e-01 7.802671e+01
9.999322e-01 2.743561e-05 1.164742e-02 -8.583065e+00 2.852857e-05 9.999885e-01 -4.804684e-03 -1.712459e+00 -1.164742e-02 4.804690e-03 9.999206e-01 7.798902e+01
9.998723e-01 4.102673e-04 -1.597293e-02 -8.559880e+00 -3.148970e-04 9.999821e-01 5.972786e-03 -1.722421e+00 1.597509e-02 -5.966993e-03 9.998546e-01 7.806479e+01
9.999186e-01 7.307579e-04 1.273572e-02 -8.644866e+00 -6.859617e-04 9.999936e-01 -3.521398e-03 -1.727608e+00 -1.273821e-02 3.512374e-03 9.999127e-01 7.840257e+01
9.998939e-01 2.704272e-04 -1.456186e-02 -8.767668e+00 -1.862933e-04 9.999833e-01 5.778718e-03 -1.731429e+00 1.456318e-02 -5.775391e-03 9.998773e-01 7.886065e+01
9.999360e-01 1.929917e-04 1.131571e-02 -8.780586e+00 -1.418701e-04 9.999898e-01 -4.518403e-03 -1.740437e+00 -1.131647e-02 4.516508e-03 9.999258e-01 7.905962e+01
9.998740e-01 6.048872e-04 -1.586361e-02 -8.784950e+00 -5.059044e-04 9.999804e-01 6.242868e-03 -1.749975e+00 1.586708e-02 -6.234055e-03 9.998547e-01 7.926264e+01
9.999097e-01 4.332330e-04 1.342996e-02 -8.868567e+00 -3.817102e-04 9.999926e-01 -3.838750e-03 -1.756237e+00 -1.343152e-02 3.833276e-03 9.999024e-01 7.968789e+01
9.998673e-01 1.107701e-04 -1.628834e-02 -8.904189e+00 -2.620690e-05 9.999865e-01 5.191748e-03 -1.764574e+00 1.628869e-02 -5.190631e-03 9.998539e-01 7.996760e+01
9.999282e-01 3.811774e-04 1.197845e-02 -8.879155e+00 -3.325258e-04 9.999917e-01 -4.063338e-03 -1.774959e+00 -1.197990e-02 4.059062e-03 9.999200e-01 8.006893e+01
9.998796e-01 5.704913e-04 -1.550602e-02 -8.925023e+00 -4.768650e-04 9.999816e-01 6.041072e-03 -1.782473e+00 1.550919e-02 -6.032950e-03 9.998615e-01 8.034122e+01
9.999227e-01 3.340264e-04 1.243111e-02 -8.983995e+00 -2.844154e-04 9.999920e-01 -3.992448e-03 -1.790106e+00 -1.243235e-02 3.988603e-03 9.999148e-01 8.072774e+01
9.998679e-01 -1.598468e-04 -1.625258e-02 -8.932296e+00 2.378084e-04 9.999885e-01 4.795036e-03 -1.801610e+00 1.625163e-02 -4.798267e-03 9.998564e-01 8.080242e+01
9.999588e-01 9.276914e-04 9.027421e-03 -8.812413e+00 -8.954175e-04 9.999932e-01 -3.578514e-03 -1.814080e+00 -9.030680e-03 3.570282e-03 9.999528e-01 8.082918e+01
9.999272e-01 -4.140974e-04 -1.205938e-02 -8.823490e+00 4.720614e-04 9.999883e-01 4.804077e-03 -1.823268e+00 1.205725e-02 -4.809420e-03 9.999157e-01 8.103412e+01
9.999597e-01 1.760319e-03 8.806354e-03 -8.897377e+00 -1.742658e-03 9.999965e-01 -2.012732e-03 -1.830342e+00 -8.809866e-03 1.997304e-03 9.999592e-01 8.153552e+01
9.999267e-01 -9.467251e-04 -1.206731e-02 -8.933692e+00 9.878283e-04 9.999937e-01 3.400640e-03 -1.839662e+00 1.206401e-02 -3.412310e-03 9.999214e-01 8.191948e+01
9.999628e-01 -1.578038e-03 8.478809e-03 -8.666883e+00 1.621233e-03 9.999857e-01 -5.089948e-03 -1.854083e+00 -8.470656e-03 5.103504e-03 9.999511e-01 8.178833e+01
9.998429e-01 1.770040e-03 -1.763361e-02 -8.386714e+00 -1.664555e-03 9.999806e-01 5.994917e-03 -1.870514e+00 1.764388e-02 -5.964623e-03 9.998265e-01 8.170106e+01
9.999613e-01 -8.369321e-04 8.761466e-03 -8.293641e+00 8.765633e-04 9.999894e-01 -4.520523e-03 -1.884941e+00 -8.757590e-03 4.528027e-03 9.999514e-01 8.178717e+01
9.999043e-01 1.205656e-03 -1.378287e-02 -8.234029e+00 -1.127474e-03 9.999832e-01 5.678710e-03 -1.896660e+00 1.378949e-02 -5.662626e-03 9.998889e-01 8.184213e+01
9.999521e-01 -8.478502e-04 9.748162e-03 -8.199245e+00 8.940042e-04 9.999884e-01 -4.731276e-03 -1.907446e+00 -9.744038e-03 4.739764e-03 9.999413e-01 8.192545e+01
9.998891e-01 1.214938e-03 -1.484280e-02 -8.141674e+00 -1.130887e-03 9.999833e-01 5.669857e-03 -1.918993e+00 1.484944e-02 -5.652442e-03 9.998738e-01 8.195908e+01
9.999493e-01 -8.248723e-04 1.003081e-02 -8.078997e+00 8.726727e-04 9.999883e-01 -4.761946e-03 -1.930606e+00 -1.002676e-02 4.770458e-03 9.999384e-01 8.198201e+01
9.998892e-01 1.182380e-03 -1.483710e-02 -8.015545e+00 -1.097791e-03 9.999831e-01 5.708016e-03 -1.941917e+00 1.484360e-02 -5.691095e-03 9.998736e-01 8.201108e+01
9.999579e-01 -5.378012e-04 9.158460e-03 -7.979839e+00 5.778787e-04 9.999903e-01 -4.373950e-03 -1.953130e+00 -9.156019e-03 4.379057e-03 9.999485e-01 8.215621e+01
9.999126e-01 7.969317e-04 -1.319762e-02 -7.910232e+00 -7.270171e-04 9.999857e-01 5.301453e-03 -1.964987e+00 1.320165e-02 -5.291394e-03 9.998989e-01 8.224032e+01
