1.000000e+00 1.197624e-11 1.704639e-10 3.214096e-14 1.197625e-11 1.000000e+00 3.562503e-10 -1.998401e-15 1.704639e-10 3.562503e-10 1.000000e+00 -4.041212e-14 0.000000e+00 0.000000e+00 0.000000e+00 1.000000e+00
9.439124e-01 1.610835e-02 -3.298029e-01 3.726056e-01 6.897830e-03 9.976294e-01 6.846852e-02 -2.597039e-02 3.301240e-01 -6.690321e-02 9.415637e-01 1.139398e+00
9.995164e-01 5.276105e-03 -3.064429e-02 7.506604e-01 -4.405365e-03 9.995866e-01 2.841275e-02 -5.326480e-02 3.078153e-02 -2.826401e-02 9.991264e-01 2.382836e+00
9.655029e-01 -1.535184e-02 -2.599392e-01 1.111494e+00 1.375305e-02 9.998737e-01 -7.968364e-03 -7.799094e-02 2.600287e-01 4.118522e-03 9.655921e-01 3.427007e+00
9.994454e-01 3.028537e-02 -1.384799e-02 1.397482e+00 -2.891770e-02 9.955122e-01 9.010653e-02 -9.948199e-02 1.651476e-02 -8.965610e-02 9.958359e-01 4.391443e+00
9.491159e-01 1.178399e-02 -3.147065e-01 1.732725e+00 -1.720923e-02 9.997473e-01 -1.446600e-02 -1.251601e-01 3.144565e-01 1.914577e-02 9.490788e-01 5.590542e+00
9.988952e-01 3.710188e-02 -2.884256e-02 2.016733e+00 -3.428857e-02 9.951156e-01 9.257046e-02 -1.529182e-01 3.213622e-02 -9.147921e-02 9.952883e-01 6.821372e+00
8.580788e-01 1.023786e-01 -5.032090e-01 2.067076e+00 -4.588738e-02 9.912915e-01 1.234320e-01 -1.918087e-01 5.114636e-01 -8.282344e-02 8.553042e-01 8.823865e+00
9.926609e-01 3.874057e-02 -1.145579e-01 2.163674e+00 -3.364435e-02 9.983705e-01 4.609031e-02 -2.410314e-01 1.161568e-01 -4.189783e-02 9.923468e-01 1.115726e+01
8.956905e-01 9.249107e-02 -4.349527e-01 2.268070e+00 -1.277355e-01 9.904213e-01 -5.243402e-02 -2.841086e-01 4.259367e-01 1.025235e-01 8.989254e-01 1.301564e+01
9.497878e-01 1.638805e-02 -3.124652e-01 2.135936e+00 4.879762e-02 9.786502e-01 1.996560e-01 -3.339957e-01 3.090661e-01 -2.048784e-01 9.287104e-01 1.545719e+01
8.263561e-01 2.957309e-01 -4.792482e-01 1.667917e+00 -2.911209e-01 9.528145e-01 8.598285e-02 -3.894699e-01 4.820625e-01 6.846672e-02 8.734576e-01 1.842192e+01
6.957406e-01 -3.732175e-02 -7.173228e-01 6.886467e-01 -1.369489e-01 9.734381e-01 -1.834757e-01 -4.565059e-01 7.051170e-01 2.258881e-01 6.721492e-01 2.199231e+01
8.871589e-01 1.778947e-01 -4.257965e-01 -2.029580e-01 -4.702127e-02 9.527534e-01 3.000834e-01 -5.208435e-01 4.590623e-01 -2.462001e-01 8.536084e-01 2.555106e+01
8.263738e-01 1.396417e-01 -5.455332e-01 -8.162719e-01 -3.762437e-01 8.577136e-01 -3.503826e-01 -5.731904e-01 4.189833e-01 4.948005e-01 7.613314e-01 2.810602e+01
9.384243e-01 -3.122008e-01 -1.479544e-01 -9.238938e-01 3.428794e-01 7.891246e-01 5.096235e-01 -6.083734e-01 -4.235039e-02 -5.289735e-01 8.475809e-01 2.993597e+01
3.352163e-01 5.807324e-01 -7.418760e-01 -1.554491e+00 -7.918078e-01 6.003778e-01 1.121912e-01 -6.693593e-01 5.105589e-01 5.498148e-01 6.610849e-01 3.305574e+01
7.471725e-01 -6.448325e-01 1.610103e-01 -1.846975e+00 6.628410e-01 7.407284e-01 -1.093769e-01 -7.152108e-01 -4.873515e-02 1.884476e-01 9.808733e-01 3.509993e+01
6.570922e-01 7.090623e-01 -2.558527e-01 -1.537795e+00 -5.374318e-01 6.786663e-01 5.005788e-01 -7.447341e-01 5.285801e-01 -1.914230e-01 8.270189e-01 3.648058e+01
7.971083e-01 -5.496194e-01 2.500737e-01 -1.264598e+00 6.036190e-01 7.141654e-01 -3.544175e-01 -7.687521e-01 1.620075e-02 4.334584e-01 9.010279e-01 3.752230e+01
7.534698e-01 6.298022e-01 -1.887659e-01 -9.657214e-01 -3.757288e-01 6.480595e-01 6.624551e-01 -7.935841e-01 5.395472e-01 -4.282151e-01 7.249281e-01 3.861810e+01
9.283366e-01 -3.367159e-01 1.575234e-01 -5.913158e-01 3.637617e-01 7.354970e-01 -5.715957e-01 -8.282116e-01 7.660737e-02 5.879342e-01 8.052731e-01 4.015385e+01
7.678351e-01 4.843586e-01 -4.193160e-01 -4.341215e-01 1.710233e-02 6.387887e-01 7.691921e-01 -8.746034e-01 6.404192e-01 -5.977840e-01 4.822007e-01 4.228923e+01
9.870905e-01 1.451109e-01 -6.778712e-02 -6.507376e-01 -1.555746e-01 7.681173e-01 -6.211218e-01 -9.283409e-01 -3.806305e-02 6.236494e-01 7.807769e-01 4.498061e+01
-1.479204e-02 1.612418e-01 -9.868041e-01 -1.840573e+00 2.832183e-01 9.471700e-01 1.505202e-01 -1.003832e+00 9.589414e-01 -2.772545e-01 -5.967720e-02 4.981917e+01
7.562469e-01 6.426363e-01 1.229198e-01 -3.020912e+00 -6.094917e-01 7.602459e-01 -2.248244e-01 -1.083865e+00 -2.379296e-01 9.510414e-02 9.666151e-01 5.387421e+01
5.481852e-01 -5.064581e-01 -6.655773e-01 -2.721815e+00 5.818628e-01 8.025890e-01 -1.314785e-01 -1.124950e+00 6.007734e-01 -3.152001e-01 7.346565e-01 5.581710e+01
7.061387e-01 5.963608e-01 3.817354e-01 -2.345313e+00 -6.197108e-01 7.813107e-01 -7.424351e-02 -1.161666e+00 -3.425299e-01 -1.841393e-01 9.212850e-01 5.733303e+01
5.449784e-01 -5.906490e-01 -5.950901e-01 -1.884130e+00 5.036648e-01 7.980417e-01 -3.308341e-01 -1.188239e+00 6.703136e-01 -1.194285e-01 7.324046e-01 5.846773e+01
7.395516e-01 4.643598e-01 4.872714e-01 -1.428741e+00 -5.869980e-01 7.991978e-01 1.292914e-01 -1.214062e+00 -3.293885e-01 -3.816450e-01 8.636263e-01 5.959112e+01
5.947719e-01 -5.900623e-01 -5.459605e-01 -1.026307e+00 3.578432e-01 8.024798e-01 -4.774668e-01 -1.236590e+00 7.198574e-01 8.861555e-02 6.884421e-01 6.052406e+01
8.036578e-01 2.998792e-01 5.140103e-01 -5.810521e-01 -5.109311e-01 7.905395e-01 3.376340e-01 -1.257756e+00 -3.050960e-01 -5.339660e-01 7.885409e-01 6.144924e+01
6.600841e-01 -5.119898e-01 -5.496866e-01 -9.772274e-02 1.449680e-01 8.048195e-01 -5.755430e-01 -1.279415e+00 7.370707e-01 3.002199e-01 6.054707e-01 6.236651e+01
8.616897e-01 9.061789e-02 4.992787e-01 3.012185e-01 -3.548365e-01 8.109673e-01 4.652129e-01 -1.299027e+00 -3.627421e-01 -5.780315e-01 7.309568e-01 6.321503e+01
7.082564e-01 -3.767909e-01 -5.969937e-01 6.472263e-01 -3.137733e-02 8.280163e-01 -5.598253e-01 -1.317598e+00 7.052577e-01 4.152319e-01 5.746251e-01 6.401073e+01
8.250184e-01 -8.171142e-02 5.591671e-01 9.874952e-01 -2.312161e-01 8.540660e-01 4.659510e-01 -1.327924e+00 -5.156392e-01 -5.137067e-01 6.857272e-01 6.431193e+01
6.432084e-01 -2.523634e-01 -7.229078e-01 1.294487e+00 -1.419186e-01 8.884733e-01 -4.364337e-01 -1.335864e+00 7.524242e-01 3.833118e-01 5.356584e-01 6.466754e+01
8.025219e-01 -2.106267e-01 5.582069e-01 1.568663e+00 -1.167343e-01 8.620948e-01 4.931182e-01 -1.350798e+00 -5.850911e-01 -4.609001e-01 6.672627e-01 6.533645e+01
6.446562e-01 -9.592413e-02 -7.584306e-01 1.817581e+00 -2.786481e-01 8.943606e-01 -3.499634e-01 -1.366276e+00 7.118804e-01 4.369413e-01 5.498260e-01 6.599988e+01
8.156592e-01 -3.429867e-01 4.658971e-01 2.156923e+00 5.548566e-02 8.479739e-01 5.271258e-01 -1.384973e+00 -5.758658e-01 -4.041044e-01 7.106886e-01 6.684196e+01
6.375172e-01 7.898350e-02 -7.663768e-01 2.416185e+00 -4.214193e-01 8.684791e-01 -2.610550e-01 -1.404118e+00 6.449632e-01 4.893931e-01 5.869556e-01 6.762181e+01
7.045244e-01 -4.875439e-01 5.156998e-01 2.547185e+00 1.944753e-01 8.314814e-01 5.204018e-01 -1.414442e+00 -6.825135e-01 -2.663449e-01 6.806142e-01 6.801593e+01
5.923198e-01 2.135320e-01 -7.768921e-01 2.705338e+00 -4.880103e-01 8.623258e-01 -1.350561e-01 -1.425345e+00 6.410953e-01 4.591278e-01 6.149784e-01 6.843747e+01
6.748505e-01 -5.415430e-01 5.013063e-01 2.807941e+00 3.181474e-01 8.264512e-01 4.645004e-01 -1.436932e+00 -6.658521e-01 -1.539790e-01 7.300215e-01 6.889900e+01
5.802228e-01 3.367187e-01 -7.415942e-01 2.897322e+00 -5.269590e-01 8.494746e-01 -2.659093e-02 -1.447348e+00 6.210118e-01 4.062184e-01 6.703215e-01 6.930477e+01
6.830685e-01 -5.642849e-01 4.636809e-01 2.970020e+00 4.148906e-01 8.222857e-01 3.895022e-01 -1.460895e+00 -6.010684e-01 -7.367988e-02 7.957940e-01 6.987436e+01
5.699944e-01 4.234842e-01 -7.041076e-01 3.057793e+00 -5.294018e-01 8.446434e-01 7.944399e-02 -1.473704e+00 6.283631e-01 3.274732e-01 7.056353e-01 7.038974e+01
6.138344e-01 -6.033255e-01 5.091224e-01 3.169494e+00 5.159177e-01 7.947265e-01 3.197478e-01 -1.481850e+00 -5.975252e-01 6.639304e-02 7.990968e-01 7.070084e+01
5.678969e-01 5.044008e-01 -6.504406e-01 3.308299e+00 -5.298237e-01 8.287646e-01 1.800999e-01 -1.490227e+00 6.299047e-01 2.423407e-01 7.378963e-01 7.101006e+01
6.256421e-01 -5.835803e-01 5.176929e-01 3.412616e+00 5.605489e-01 7.978283e-01 2.219345e-01 -1.499880e+00 -5.425467e-01 1.513406e-01 8.262803e-01 7.138693e+01
6.043089e-01 5.576983e-01 -5.690196e-01 3.526858e+00 -5.224054e-01 8.165824e-01 2.455317e-01 -1.507773e+00 6.015840e-01 1.488819e-01 7.848126e-01 7.167696e+01
6.232158e-01 -5.898118e-01 5.135408e-01 3.646085e+00 6.110066e-01 7.770896e-01 1.510057e-01 -1.514260e+00 -4.881321e-01 2.196677e-01 8.446734e-01 7.193965e+01
5.769244e-01 6.193593e-01 -5.324962e-01 3.784921e+00 -5.245209e-01 7.806759e-01 3.397395e-01 -1.524617e+00 6.261278e-01 8.330140e-02 7.752579e-01 7.234346e+01
6.508069e-01 -5.869487e-01 4.816031e-01 3.930444e+00 6.548204e-01 7.549634e-01 3.522224e-02 -1.535357e+00 -3.842663e-01 2.924407e-01 8.756814e-01 7.278945e+01
6.331518e-01 6.429775e-01 -4.309278e-01 4.058398e+00 -4.932477e-01 7.642149e-01 4.155507e-01 -1.544188e+00 5.965112e-01 -5.055251e-02 8.010112e-01 7.311647e+01
6.631729e-01 -5.513874e-01 5.061360e-01 4.222774e+00 6.754554e-01 7.322084e-01 -8.735440e-02 -1.549918e+00 -3.224309e-01 3.998034e-01 8.580184e-01 7.326666e+01
6.734328e-01 6.550963e-01 -3.425451e-01 4.335527e+00 -4.648907e-01 7.355669e-01 4.927656e-01 -1.556873e+00 5.747738e-01 -1.725985e-01 7.999030e-01 7.350980e+01
7.056324e-01 -5.274053e-01 4.732087e-01 4.461927e+00 6.707991e-01 7.123615e-01 -2.063241e-01 -1.564208e+00 -2.282792e-01 4.630170e-01 8.564484e-01 7.375687e+01
6.962562e-01 6.347604e-01 -3.351217e-01 4.749410e+00 -3.679552e-01 7.164961e-01 5.926570e-01 -1.569324e+00 6.163085e-01 -2.893313e-01 7.324283e-01 7.383755e+01
8.057889e-01 -4.392619e-01 3.971817e-01 4.951977e+00 5.841742e-01 6.996482e-01 -4.113792e-01 -1.578842e+00 -9.718423e-02 5.635081e-01 8.203742e-01 7.426647e+01
7.773011e-01 5.560488e-01 -2.943002e-01 5.131558e+00 -2.063524e-01 6.672485e-01 7.156802e-01 -1.591626e+00 5.943245e-01 -4.955694e-01 6.333950e-01 7.486811e+01
8.948133e-01 -3.285731e-01 3.022396e-01 5.260741e+00 4.461239e-01 6.326134e-01 -6.330669e-01 -1.607663e+00 1.680791e-02 7.013130e-01 7.126553e-01 7.553267e+01
8.670895e-01 4.428741e-01 -2.280753e-01 5.423458e+00 -7.825979e-02 5.732613e-01 8.156267e-01 -1.623827e+00 4.919667e-01 -6.893722e-01 5.317281e-01 7.625915e+01
9.884716e-01 -9.546238e-02 1.175196e-01 5.642493e+00 1.514059e-01 6.253976e-01 -7.654764e-01 -1.646734e+00 -4.222445e-04 7.744448e-01 6.326413e-01 7.723269e+01
9.491122e-01 4.279266e-02 -3.120173e-01 5.917872e+00 2.295730e-01 5.842156e-01 7.784526e-01 -1.662593e+00 2.155974e-01 -8.104696e-01 5.446621e-01 7.778253e+01
9.891741e-01 1.465426e-01 -7.734491e-03 6.174595e+00 -9.708280e-02 6.139724e-01 -7.833345e-01 -1.669615e+00 -1.100431e-01 7.756051e-01 6.215523e-01 7.806758e+01
9.561877e-01 -1.643635e-01 -2.422597e-01 6.345278e+00 2.925215e-01 5.694157e-01 7.682428e-01 -1.676544e+00 1.167540e-02 -8.054504e-01 5.925481e-01 7.829832e+01
7.825982e-01 4.226345e-01 -4.570779e-01 6.211987e+00 -6.221314e-01 5.571460e-01 -5.500371e-01 -1.694650e+00 2.219440e-02 7.148206e-01 6.989556e-01 7.947313e+01
6.934963e-01 -5.472435e-01 -4.686015e-01 5.962505e+00 7.079000e-01 6.384998e-01 3.019861e-01 -1.725219e+00 1.339420e-01 -5.411492e-01 8.301910e-01 8.093852e+01
7.567729e-01 6.534280e-01 -1.807462e-02 6.071625e+00 -6.150362e-01 7.023986e-01 -3.582829e-01 -1.737430e+00 -2.214165e-01 2.822553e-01 9.334381e-01 8.148496e+01
6.304489e-01 -6.920680e-01 -3.515339e-01 6.141286e+00 7.713278e-01 6.093628e-01 1.836586e-01 -1.744264e+00 8.710748e-02 -3.869352e-01 9.179833e-01 8.174931e+01
7.044222e-01 7.097811e-01 -4.292373e-04 6.135356e+00 -7.007189e-01 6.953318e-01 -1.597085e-01 -1.754195e+00 -1.130596e-01 1.128030e-01 9.871641e-01 8.217896e+01
6.023365e-01 -7.245025e-01 -3.350923e-01 6.135091e+00 7.679842e-01 6.404547e-01 -4.255922e-03 -1.764873e+00 2.176948e-01 -2.547821e-01 9.421757e-01 8.266413e+01
6.590159e-01 7.387823e-01 1.410628e-01 6.164602e+00 -7.402223e-01 6.703138e-01 -5.244278e-02 -1.775252e+00 -1.333001e-01 -6.985718e-02 9.886107e-01 8.312063e+01
5.953480e-01 -7.438440e-01 -3.037383e-01 6.212526e+00 7.254282e-01 6.601549e-01 -1.948060e-01 -1.788003e+00 3.454196e-01 -1.043630e-01 9.326273e-01 8.366001e+01
7.308238e-01 6.693833e-01 1.335012e-01 6.287162e+00 -6.820821e-01 7.088358e-01 1.797660e-01 -1.806677e+00 2.570199e-02 -2.224360e-01 9.746084e-01 8.442948e+01
7.316963e-01 -6.269233e-01 -2.675588e-01 6.237478e+00 5.315592e-01 7.705223e-01 -3.517672e-01 -1.821772e+00 4.266910e-01 1.151634e-01 8.970352e-01 8.528937e+01
7.363764e-01 6.589011e-01 -1.536203e-01 5.835463e+00 -4.776849e-01 6.671257e-01 5.716296e-01 -1.853565e+00 4.791314e-01 -3.475524e-01 8.060027e-01 8.706605e+01
9.056832e-01 -4.216031e-01 4.459684e-02 5.653990e+00 3.556344e-01 6.982533e-01 -6.212620e-01 -1.878187e+00 2.307861e-01 5.785267e-01 7.823328e-01 8.827738e+01
9.693527e-01 2.303966e-01 8.528033e-02 5.696630e+00 -2.277704e-01 7.127439e-01 6.634130e-01 -1.886479e+00 9.206508e-02 -6.625055e-01 7.433777e-01 8.860822e+01
9.565633e-01 -2.908143e-01 2.033651e-02 5.738474e+00 2.352615e-01 7.288740e-01 -6.429578e-01 -1.890773e+00 1.721586e-01 6.198142e-01 7.656316e-01 8.874991e+01
9.743326e-01 1.965361e-01 1.097704e-01 5.791835e+00 -2.191516e-01 7.166411e-01 6.621163e-01 -1.894574e+00 5.146379e-02 -6.691779e-01 7.413180e-01 8.887997e+01
9.600595e-01 -2.633489e-01 -9.451535e-02 5.845440e+00 1.424294e-01 7.507463e-01 -6.450533e-01 -1.901562e+00 2.408311e-01 6.058278e-01 7.582698e-01 8.916035e+01
9.898776e-01 8.385774e-02 1.144995e-01 5.881423e+00 -1.393520e-01 7.271681e-01 6.721663e-01 -1.909306e+00 -2.689407e-02 -6.813181e-01 7.314932e-01 8.947482e+01
9.661633e-01 -1.409718e-01 -2.159988e-01 5.914486e+00 -3.152992e-02 7.665972e-01 -6.413537e-01 -1.921040e+00 2.559968e-01 6.264628e-01 7.362132e-01 8.997814e+01
9.978761e-01 -6.284574e-03 -6.483653e-02 6.007538e+00 5.025208e-02 7.075993e-01 7.048248e-01 -1.940047e+00 4.144876e-02 -7.065860e-01 7.064123e-01 9.090279e+01
5.932729e-01 3.467839e-01 -7.264766e-01 5.600247e+00 -7.413932e-01 5.869766e-01 -3.252609e-01 -1.975308e+00 3.136295e-01 7.315732e-01 6.053405e-01 9.323307e+01
5.527388e-01 -4.908691e-01 -6.734444e-01 4.413961e+00 5.551348e-01 8.195911e-01 -1.417598e-01 -2.041890e+00 6.215345e-01 -2.954962e-01 7.255183e-01 9.720835e+01
5.243704e-01 7.512816e-01 -4.007640e-01 3.274837e+00 -5.196571e-01 6.552043e-01 5.483282e-01 -2.108519e+00 6.745311e-01 -7.926723e-02 7.339785e-01 1.009865e+02
9.344508e-01 -2.958550e-01 -1.981703e-01 2.625793e+00 1.224165e-01 7.894962e-01 -6.014233e-01 -2.157604e+00 3.343888e-01 5.377412e-01 7.739629e-01 1.037325e+02
1.036164e-01 5.075073e-01 -8.553946e-01 1.086207e+00 1.523643e-01 8.417737e-01 5.178823e-01 -2.231443e+00 9.828778e-01 -1.839927e-01 9.895552e-03 1.086843e+02
9.090704e-01 3.954884e-01 1.310723e-01 7.556975e-02 -3.063273e-01 8.476752e-01 -4.331402e-01 -2.290486e+00 -2.824087e-01 3.536039e-01 8.917453e-01 1.119826e+02
3.280404e-01 -2.109565e-01 -9.208077e-01 -4.710365e-01 3.693457e-01 9.257972e-01 -8.051913e-02 -2.332605e+00 8.694672e-01 -3.136828e-01 3.816147e-01 1.142012e+02
7.800922e-01 5.028390e-01 3.723025e-01 -9.689187e-01 -5.642490e-01 8.225133e-01 7.137861e-02 -2.372335e+00 -2.703318e-01 -2.657532e-01 9.253626e-01 1.164651e+02
5.335495e-01 -5.374789e-01 -6.530248e-01 -9.838515e-01 2.431113e-01 8.369855e-01 -4.902572e-01 -2.406664e+00 8.100752e-01 1.028188e-01 5.772403e-01 1.179667e+02
7.921965e-01 2.163606e-01 5.706250e-01 -7.815574e-01 -4.708112e-01 8.115989e-01 3.458960e-01 -2.434119e+00 -3.882803e-01 -5.426742e-01 7.448108e-01 1.192194e+02
5.435706e-01 -4.532927e-01 -7.064394e-01 -6.538884e-01 7.885927e-03 8.443579e-01 -5.357215e-01 -2.459881e+00 8.393264e-01 2.856315e-01 4.625428e-01 1.203730e+02
7.367766e-01 -3.749431e-02 6.750959e-01 -6.046486e-01 -3.630133e-01 8.204159e-01 4.417456e-01 -2.473416e+00 -5.704223e-01 -5.705366e-01 5.908522e-01 1.209692e+02
4.860557e-01 -2.484406e-01 -8.378706e-01 -5.365550e-01 -2.775705e-01 8.652116e-01 -4.175686e-01 -2.495528e+00 8.286764e-01 4.355297e-01 3.515812e-01 1.220643e+02
8.028060e-01 -3.395066e-01 4.901405e-01 -4.488326e-01 2.338621e-02 8.393493e-01 5.430892e-01 -2.525560e+00 -5.957815e-01 -4.245327e-01 6.817745e-01 1.233934e+02
5.482073e-01 6.742545e-02 -8.336202e-01 -4.699811e-01 -4.386310e-01 8.718408e-01 -2.179367e-01 -2.544015e+00 7.120896e-01 4.851262e-01 5.075244e-01 1.242581e+02
7.371288e-01 -5.268660e-01 4.231470e-01 -4.625749e-01 2.994332e-01 8.160200e-01 4.944200e-01 -2.560970e+00 -6.057895e-01 -2.377469e-01 7.592730e-01 1.250334e+02
5.204082e-01 3.942129e-01 -7.574770e-01 -3.125916e-01 -5.631521e-01 8.252553e-01 4.258519e-02 -2.578459e+00 6.418995e-01 4.044131e-01 6.514714e-01 1.259107e+02
6.163025e-01 -6.400706e-01 4.587818e-01 -2.954659e-01 5.450370e-01 7.671870e-01 3.381698e-01 -2.591131e+00 -5.684240e-01 4.163816e-02 8.216815e-01 1.264789e+02
5.636928e-01 5.453150e-01 -6.203885e-01 -2.785660e-01 -5.640969e-01 8.028085e-01 1.931147e-01 -2.598100e+00 6.033615e-01 2.411019e-01 7.601479e-01 1.267567e+02
5.937144e-01 -6.241314e-01 5.079008e-01 -1.693233e-01 6.217991e-01 7.564802e-01 2.027403e-01 -2.603153e+00 -5.107535e-01 1.954424e-01 8.372175e-01 1.269037e+02
5.777576e-01 6.188378e-01 -5.321992e-01 -1.215803e-01 -5.594925e-01 7.750169e-01 2.937974e-01 -2.609285e+00 5.942764e-01 1.280178e-01 7.940070e-01 1.271231e+02
6.784130e-01 -5.845749e-01 4.450034e-01 -7.164404e-02 6.267052e-01 7.765651e-01 6.470836e-02 -2.621340e+00 -3.834010e-01 2.349869e-01 8.931880e-01 1.276623e+02
6.761113e-01 5.450580e-01 -4.957673e-01 6.883875e-03 -4.240221e-01 8.381146e-01 3.431751e-01 -2.628142e+00 6.025602e-01 -2.180823e-02 7.977754e-01 1.279367e+02
6.618699e-01 -4.723440e-01 5.820820e-01 2.749210e-02 5.768134e-01 8.168462e-01 6.969913e-03 -2.632231e+00 -4.787637e-01 3.311395e-01 8.131002e-01 1.280405e+02
6.808728e-01 5.332807e-01 -5.020198e-01 2.084462e-01 -3.976687e-01 8.447856e-01 3.580459e-01 -2.633474e+00 6.150381e-01 -4.414622e-02 7.872606e-01 1.279686e+02
7.176460e-01 -4.350335e-01 5.438107e-01 2.665179e-01 5.499541e-01 8.330865e-01 -5.930709e-02 -2.638728e+00 -4.272408e-01 3.416324e-01 8.371096e-01 1.281735e+02
6.999432e-01 5.246255e-01 -4.846108e-01 3.105135e-01 -3.219757e-01 8.374642e-01 4.415715e-01 -2.645938e+00 6.375038e-01 -1.530421e-01 7.550940e-01 1.284481e+02
6.748392e-01 -3.551413e-01 6.468900e-01 5.042847e-01 5.617458e-01 8.156840e-01 -1.382075e-01 -2.646748e+00 -4.785746e-01 4.566556e-01 7.499547e-01 1.283624e+02
6.854029e-01 5.659938e-01 -4.581199e-01 5.180938e-01 -3.250725e-01 8.008073e-01 5.030263e-01 -2.650784e+00 6.515756e-01 -1.958535e-01 7.328647e-01 1.285027e+02
7.085525e-01 -3.702005e-01 6.007536e-01 5.303674e-01 5.747790e-01 7.966565e-01 -1.869959e-01 -2.656344e+00 -4.093683e-01 4.777970e-01 7.772565e-01 1.287090e+02
7.254382e-01 5.678865e-01 -3.889015e-01 5.340519e-01 -3.505366e-01 7.910894e-01 5.013000e-01 -2.660962e+00 5.923373e-01 -2.273380e-01 7.729514e-01 1.288444e+02
7.005704e-01 -3.937539e-01 5.951126e-01 5.560396e-01 5.960565e-01 7.814205e-01 -1.846579e-01 -2.664460e+00 -3.923234e-01 4.840866e-01 7.821397e-01 1.289555e+02
7.244109e-01 5.925937e-01 -3.522236e-01 5.657561e-01 -3.943048e-01 7.752864e-01 4.934113e-01 -2.668352e+00 5.654666e-01 -2.185491e-01 7.952885e-01 1.290597e+02
6.523066e-01 -4.267396e-01 6.264100e-01 5.969966e-01 6.184674e-01 7.774372e-01 -1.144092e-01 -2.671062e+00 -4.381715e-01 4.620440e-01 7.710519e-01 1.290886e+02
7.098277e-01 6.271476e-01 -3.206720e-01 6.452652e-01 -4.727521e-01 7.616636e-01 4.431411e-01 -2.673605e+00 5.221590e-01 -1.629554e-01 8.371353e-01 1.290934e+02
6.246314e-01 -5.210004e-01 5.817165e-01 6.848903e-01 6.556951e-01 7.544944e-01 -2.832283e-02 -2.675894e+00 -4.241457e-01 3.991200e-01 8.128983e-01 1.291086e+02
6.710495e-01 6.555096e-01 -3.464098e-01 7.190063e-01 -5.372556e-01 7.519088e-01 3.820858e-01 -2.678722e+00 5.109295e-01 -7.028789e-02 8.567442e-01 1.291602e+02
5.997857e-01 -5.697271e-01 5.618436e-01 7.582185e-01 6.637652e-01 7.463821e-01 4.826475e-02 -2.681268e+00 -4.468478e-01 3.439837e-01 8.258343e-01 1.291842e+02
6.422956e-01 6.758262e-01 -3.615457e-01 7.742433e-01 -5.910609e-01 7.370540e-01 3.277170e-01 -2.686337e+00 4.879584e-01 3.204322e-03 8.728610e-01 1.293742e+02
6.130176e-01 -6.344347e-01 4.708524e-01 8.419538e-01 7.044190e-01 7.087715e-01 3.790561e-02 -2.691668e+00 -3.577754e-01 3.084406e-01 8.813973e-01 1.295102e+02
6.662114e-01 7.041656e-01 -2.455873e-01 8.927274e-01 -6.487009e-01 7.096343e-01 2.749660e-01 -2.694364e+00 3.678988e-01 -2.387283e-02 9.295593e-01 1.295400e+02
6.215942e-01 -6.839447e-01 3.818904e-01 9.415291e-01 7.268929e-01 6.853249e-01 4.423251e-02 -2.697342e+00 -2.919716e-01 2.500988e-01 9.231485e-01 1.296076e+02
6.626816e-01 7.139778e-01 -2.260284e-01 1.020860e+00 -6.781436e-01 7.001488e-01 2.234121e-01 -2.700179e+00 3.177648e-01 5.228614e-03 9.481552e-01 1.296321e+02
6.140622e-01 -7.126053e-01 3.392952e-01 1.087190e+00 7.307344e-01 6.757663e-01 9.678401e-02 -2.703065e+00 -2.982531e-01 1.885033e-01 9.356878e-01 1.296623e+02
6.393643e-01 7.228701e-01 -2.620535e-01 1.143208e+00 -6.921528e-01 6.895162e-01 2.132881e-01 -2.707527e+00 3.348697e-01 4.501225e-02 9.411887e-01 1.298073e+02
6.143012e-01 -7.265607e-01 3.078046e-01 1.182786e+00 7.462671e-01 6.616847e-01 7.251785e-02 -2.712271e+00 -2.563582e-01 1.851566e-01 9.486820e-01 1.299525e+02
6.356763e-01 7.412455e-01 -2.155708e-01 1.199090e+00 -7.110195e-01 6.709503e-01 2.104209e-01 -2.716655e+00 3.006108e-01 1.951540e-02 9.535472e-01 1.300954e+02
6.144946e-01 -7.135537e-01 3.365079e-01 1.321723e+00 7.402417e-01 6.690082e-01 6.685961e-02 -2.719957e+00 -2.728345e-01 2.080123e-01 9.393041e-01 1.300897e+02
6.532224e-01 7.366106e-01 -1.752293e-01 1.481265e+00 -7.173205e-01 6.761322e-01 1.682159e-01 -2.721742e+00 2.423878e-01 1.581318e-02 9.700506e-01 1.300089e+02
5.977293e-01 -7.475890e-01 2.895348e-01 1.627413e+00 7.458304e-01 6.510024e-01 1.411837e-01 -2.723684e+00 -2.940352e-01 1.315542e-01 9.466978e-01 1.299380e+02
6.461277e-01 7.516439e-01 -1.324782e-01 1.670361e+00 -7.549336e-01 6.549258e-01 3.387352e-02 -2.726320e+00 1.122242e-01 7.812564e-02 9.906069e-01 1.299292e+02
6.189426e-01 -7.650225e-01 1.779066e-01 1.703752e+00 7.234396e-01 6.434734e-01 2.501542e-01 -2.728854e+00 -3.058517e-01 -2.612639e-02 9.517206e-01 1.299240e+02
6.554542e-01 7.397029e-01 -1.523790e-01 1.791102e+00 -7.551192e-01 6.383450e-01 -1.493676e-01 -2.732175e+00 -1.321727e-02 2.129679e-01 9.769698e-01 1.298946e+02
6.597940e-01 -7.362696e-01 1.502626e-01 1.981974e+00 6.268142e-01 6.495372e-01 4.303551e-01 -2.737120e+00 -4.144585e-01 -1.897590e-01 8.900650e-01 1.297925e+02
7.754075e-01 6.078072e-01 -1.712124e-01 2.162563e+00 -6.183978e-01 6.760553e-01 -4.006662e-01 -2.741201e+00 -1.277788e-01 4.165569e-01 9.000849e-01 1.296582e+02
7.845313e-01 -6.199529e-01 -1.300603e-02 2.200874e+00 5.130660e-01 6.372043e-01 5.750947e-01 -2.743688e+00 -3.482441e-01 -4.578527e-01 8.179834e-01 1.296354e+02
8.151312e-01 5.192082e-01 -2.568734e-01 2.231804e+00 -5.733302e-01 6.597331e-01 -4.858443e-01 -2.746890e+00 -8.278647e-02 5.433001e-01 8.354468e-01 1.296683e+02
8.219616e-01 -5.695318e-01 3.548895e-03 2.277144e+00 4.373610e-01 6.351765e-01 6.366051e-01 -2.749836e+00 -3.648211e-01 -5.217128e-01 7.711818e-01 1.296734e+02
8.201004e-01 3.736594e-01 -4.333752e-01 2.590787e+00 -5.426140e-01 7.482718e-01 -3.816535e-01 -2.760016e+00 1.816740e-01 5.481496e-01 8.164108e-01 1.300623e+02
7.747532e-01 -6.172448e-01 1.369904e-01 2.922227e+00 5.340834e-01 7.548635e-01 3.807046e-01 -2.768735e+00 -3.383970e-01 -2.217878e-01 9.144931e-01 1.302744e+02
8.157781e-01 4.929211e-01 -3.025472e-01 3.053176e+00 -5.635643e-01 7.950526e-01 -2.242468e-01 -2.770927e+00 1.300049e-01 3.534404e-01 9.263793e-01 1.302377e+02
7.830897e-01 -5.887797e-01 2.002724e-01 3.115563e+00 4.681084e-01 7.700431e-01 4.334838e-01 -2.773849e+00 -4.094448e-01 -2.457075e-01 8.786255e-01 1.302468e+02
8.327064e-01 4.865303e-01 -2.643638e-01 3.173937e+00 -5.507895e-01 7.768162e-01 -3.052663e-01 -2.776870e+00 5.684074e-02 3.998061e-01 9.148356e-01 1.302404e+02
7.873894e-01 -5.963237e-01 1.562563e-01 3.347363e+00 4.667138e-01 7.422552e-01 4.808694e-01 -2.779264e+00 -4.027359e-01 -3.057045e-01 8.627564e-01 1.301461e+02
8.593220e-01 3.762808e-01 -3.463791e-01 3.769755e+00 -4.955389e-01 7.801251e-01 -3.818980e-01 -2.780525e+00 1.265181e-01 4.998176e-01 8.568404e-01 1.298422e+02
8.193310e-01 -5.635673e-01 1.053022e-01 3.968760e+00 4.446155e-01 7.405472e-01 5.038917e-01 -2.782215e+00 -3.619582e-01 -3.660351e-01 8.573241e-01 1.298035e+02
8.150352e-01 3.847428e-01 -4.332327e-01 4.212334e+00 -5.293617e-01 7.984503e-01 -2.867985e-01 -2.783198e+00 2.355711e-01 4.630877e-01 8.544332e-01 1.297652e+02
8.089943e-01 -5.682068e-01 1.505632e-01 4.310224e+00 4.498526e-01 7.633369e-01 4.636264e-01 -2.788326e+00 -3.783661e-01 -3.073398e-01 8.731445e-01 1.299621e+02
8.200311e-01 4.366172e-01 -3.700194e-01 4.316917e+00 -5.477697e-01 7.860843e-01 -2.863912e-01 -2.793962e+00 1.658231e-01 4.375351e-01 8.837792e-01 1.301430e+02
7.595935e-01 -6.478999e-01 5.695151e-02 4.579124e+00 5.672684e-01 7.027964e-01 4.292828e-01 -2.798224e+00 -3.181576e-01 -2.937736e-01 9.013728e-01 1.302230e+02
7.340850e-01 4.518537e-01 -5.068998e-01 5.057892e+00 -6.113456e-01 7.647029e-01 -2.036810e-01 -2.796052e+00 2.955938e-01 4.594101e-01 8.375957e-01 1.299191e+02
6.841038e-01 -6.655299e-01 2.984491e-01 5.243443e+00 5.089906e-01 7.286762e-01 4.582134e-01 -2.796843e+00 -5.224275e-01 -1.615578e-01 8.372387e-01 1.298607e+02
7.357752e-01 4.754960e-01 -4.822224e-01 5.379776e+00 -6.119644e-01 7.717989e-01 -1.727022e-01 -2.798745e+00 2.900595e-01 4.221729e-01 8.588571e-01 1.298048e+02
6.816649e-01 -6.498856e-01 3.361274e-01 5.498931e+00 4.651578e-01 7.395405e-01 4.865266e-01 -2.801146e+00 -5.647665e-01 -1.752958e-01 8.064181e-01 1.297601e+02
7.132524e-01 3.981690e-01 -5.768297e-01 5.721604e+00 -5.881935e-01 7.875915e-01 -1.836519e-01 -2.802577e+00 3.811816e-01 4.702777e-01 7.959519e-01 1.296355e+02
6.170376e-01 -6.168008e-01 4.886936e-01 6.042151e+00 3.733377e-01 7.761207e-01 5.081886e-01 -2.804213e+00 -6.927363e-01 -1.311237e-01 7.091706e-01 1.294079e+02
7.455880e-01 3.948650e-01 -5.368241e-01 6.134290e+00 -5.759783e-01 7.870011e-01 -2.210842e-01 -2.805865e+00 3.351828e-01 4.740368e-01 8.142123e-01 1.293533e+02
6.962002e-01 -6.058796e-01 3.849874e-01 6.179511e+00 3.536546e-01 7.561980e-01 5.505389e-01 -2.808404e+00 -6.246870e-01 -2.471327e-01 7.407372e-01 1.293602e+02
6.600700e-01 3.799305e-01 -6.480435e-01 6.176851e+00 -6.230700e-01 7.587955e-01 -1.897716e-01 -2.816657e+00 4.196324e-01 5.290390e-01 7.375814e-01 1.297336e+02
6.501365e-01 -6.907303e-01 3.165662e-01 6.253372e+00 5.157850e-01 7.071360e-01 4.836574e-01 -2.821596e+00 -5.579322e-01 -1.511632e-01 8.160033e-01 1.298596e+02
7.344412e-01 5.055879e-01 -4.527439e-01 6.347245e+00 -6.427172e-01 7.324011e-01 -2.247295e-01 -2.823022e+00 2.179696e-01 4.560368e-01 8.628555e-01 1.298192e+02
6.159578e-01 -6.707022e-01 -4.132246e-01 8.437183e+00 7.152520e-01 6.959782e-01 -6.347420e-02 -2.822816e+00 3.301676e-01 -2.564623e-01 9.084143e-01 1.285406e+02
7.841760e-01 6.135477e-01 -9.288309e-02 9.888263e+00 -6.168994e-01 7.546082e-01 -2.236104e-01 -2.814991e+00 -6.710529e-02 2.326494e-01 9.702428e-01 1.274887e+02
7.905960e-01 -6.102010e-01 5.111412e-02 9.916080e+00 5.435320e-01 7.377544e-01 4.003640e-01 -2.817489e+00 -2.820122e-01 -2.887441e-01 9.149295e-01 1.274784e+02
8.223001e-01 5.656458e-01 -6.218791e-02 9.951044e+00 -5.450097e-01 7.514073e-01 -3.719565e-01 -2.820451e+00 -1.636672e-01 3.397529e-01 9.261647e-01 1.274622e+02
8.469187e-01 -5.315102e-01 -1.502286e-02 9.994616e+00 4.673972e-01 7.306948e-01 4.976193e-01 -2.823302e+00 -2.535126e-01 -4.284647e-01 8.672654e-01 1.274384e+02
8.726971e-01 4.872360e-01 -3.163553e-02 1.005158e+01 -4.361437e-01 7.487784e-01 -4.991088e-01 -2.826896e+00 -2.194958e-01 4.493685e-01 8.659617e-01 1.274154e+02
9.012033e-01 -4.301418e-01 -5.301591e-02 1.009073e+01 3.755890e-01 7.140952e-01 5.907630e-01 -2.829850e+00 -2.162534e-01 -5.523098e-01 8.051014e-01 1.274033e+02
9.332904e-01 3.591078e-01 3.260353e-03 1.020456e+01 -2.817029e-01 7.376921e-01 -6.135583e-01 -2.833522e+00 -2.227387e-01 5.717096e-01 7.896427e-01 1.273427e+02
9.497523e-01 -2.934958e-01 -1.087694e-01 1.023140e+01 2.901960e-01 6.954546e-01 6.573653e-01 -2.836078e+00 -1.172898e-01 -6.558987e-01 7.456809e-01 1.273631e+02
9.590326e-01 2.741537e-01 -7.138761e-02 1.024212e+01 -2.544166e-01 7.226326e-01 -6.427086e-01 -2.839454e+00 -1.246139e-01 6.345407e-01 7.627775e-01 1.274406e+02
9.676771e-01 -2.465019e-01 5.327067e-02 1.033127e+01 1.412915e-01 7.048779e-01 6.951143e-01 -2.843110e+00 -2.088963e-01 -6.651195e-01 7.169228e-01 1.274056e+02
9.883820e-01 1.449705e-01 4.565731e-02 1.040138e+01 -7.882645e-02 7.457670e-01 -6.615271e-01 -2.846686e+00 -1.299516e-01 6.502424e-01 7.485301e-01 1.273632e+02
9.954258e-01 -9.310670e-02 2.141340e-02 1.041782e+01 5.075994e-02 7.053069e-01 7.070825e-01 -2.849410e+00 -8.093714e-02 -7.027612e-01 7.068068e-01 1.273889e+02
9.933802e-01 4.745642e-02 1.046122e-01 1.045077e+01 3.440681e-02 7.459483e-01 -6.651145e-01 -2.852156e+00 -1.095992e-01 6.643109e-01 7.393774e-01 1.273907e+02
9.967752e-01 5.057106e-02 6.230392e-02 1.051536e+01 -7.965772e-02 7.173219e-01 6.921733e-01 -2.855222e+00 -9.688024e-03 -6.949042e-01 7.190371e-01 1.273723e+02
9.822636e-01 -1.089229e-01 1.526240e-01 1.067321e+01 1.836176e-01 7.236674e-01 -6.652745e-01 -2.858893e+00 -3.798541e-02 6.814993e-01 7.308322e-01 1.272899e+02
9.796147e-01 1.667122e-01 1.120808e-01 1.084493e+01 -1.985239e-01 7.181068e-01 6.670164e-01 -2.862300e+00 3.071373e-02 -6.756697e-01 7.365644e-01 1.272032e+02
9.482806e-01 -2.808325e-01 1.479766e-01 1.137086e+01 3.037901e-01 6.676857e-01 -6.796377e-01 -2.863929e+00 9.206252e-02 6.894411e-01 7.184675e-01 1.268344e+02
9.657065e-01 2.395986e-01 1.000173e-01 1.161072e+01 -2.406805e-01 6.816244e-01 6.909856e-01 -2.864363e+00 9.738496e-02 -6.913615e-01 7.159158e-01 1.267041e+02
9.501644e-01 -2.725313e-01 1.513749e-01 1.184832e+01 3.009196e-01 6.749067e-01 -6.737569e-01 -2.866311e+00 8.145592e-02 6.857314e-01 7.232823e-01 1.265788e+02
9.284640e-01 2.886890e-01 2.336948e-01 1.202328e+01 -3.698517e-01 6.607976e-01 6.531127e-01 -2.869086e+00 3.412148e-02 -6.928240e-01 7.202989e-01 1.265049e+02
8.868637e-01 -3.834037e-01 2.578264e-01 1.211688e+01 4.607653e-01 6.926424e-01 -5.549251e-01 -2.872930e+00 3.417886e-02 6.109404e-01 7.909385e-01 1.264560e+02
8.258686e-01 4.541655e-01 3.341778e-01 1.218545e+01 -5.637765e-01 6.547401e-01 5.034594e-01 -2.876672e+00 9.854258e-03 -6.041929e-01 7.967771e-01 1.263957e+02
7.908439e-01 -5.889316e-01 1.665096e-01 1.230162e+01 5.879788e-01 6.556185e-01 -4.737566e-01 -2.880413e+00 1.698434e-01 4.725716e-01 8.647712e-01 1.263260e+02
6.861901e-01 5.825834e-01 4.355912e-01 1.238630e+01 -7.206961e-01 6.257232e-01 2.984419e-01 -2.884257e+00 -9.869222e-02 -5.187168e-01 8.492306e-01 1.262510e+02
6.924721e-01 -7.213363e-01 1.250485e-02 1.242212e+01 6.827777e-01 6.496612e-01 -3.342975e-01 -2.887220e+00 2.330170e-01 2.400297e-01 9.423846e-01 1.262355e+02
6.758047e-01 6.579415e-01 3.322665e-01 1.245776e+01 -7.311708e-01 6.553778e-01 1.893915e-01 -2.889992e+00 -9.315157e-02 -3.709352e-01 9.239750e-01 1.262843e+02
6.615234e-01 -7.440188e-01 -9.392985e-02 1.247594e+01 6.911058e-01 6.534626e-01 -3.088030e-01 -2.894940e+00 2.911349e-01 1.393649e-01 9.464766e-01 1.264696e+02
6.691902e-01 6.625836e-01 3.364037e-01 1.252297e+01 -7.308105e-01 6.687919e-01 1.365045e-01 -2.899848e+00 -1.345384e-01 -3.371948e-01 9.317720e-01 1.266029e+02
6.767730e-01 -7.325818e-01 -7.281640e-02 1.255641e+01 7.107355e-01 6.759525e-01 -1.947901e-01 -2.902601e+00 1.919201e-01 8.007548e-02 9.781383e-01 1.266278e+02
6.405687e-01 6.908506e-01 3.352569e-01 1.258520e+01 -7.337536e-01 6.794130e-01 1.928986e-03 -2.905278e+00 -2.264453e-01 -2.472316e-01 9.421248e-01 1.266479e+02
6.655404e-01 -7.269209e-01 -1.692393e-01 1.260576e+01 7.216179e-01 6.846174e-01 -1.027939e-01 -2.907839e+00 1.905872e-01 -5.371257e-02 9.801997e-01 1.266692e+02
6.528355e-01 6.922438e-01 3.075781e-01 1.261960e+01 -6.991831e-01 7.068984e-01 -1.069469e-01 -2.911727e+00 -2.914598e-01 -1.452346e-01 9.454936e-01 1.267938e+02
6.713512e-01 -6.930872e-01 -2.625218e-01 1.266627e+01 7.040489e-01 7.070562e-01 -6.623291e-02 -2.916099e+00 2.315228e-01 -1.403626e-01 9.626503e-01 1.268838e+02
6.122481e-01 6.818427e-01 4.003033e-01 1.269297e+01 -6.574986e-01 7.202538e-01 -2.212013e-01 -2.918577e+00 -4.391445e-01 -1.277688e-01 8.892847e-01 1.268843e+02
6.715235e-01 -6.411435e-01 -3.714716e-01 1.271318e+01 6.995859e-01 7.138008e-01 3.268012e-02 -2.920971e+00 2.442041e-01 -2.818218e-01 9.278690e-01 1.269049e+02
6.063162e-01 6.904404e-01 3.945538e-01 1.274571e+01 -5.928188e-01 7.231400e-01 -3.544495e-01 -2.923805e+00 -5.300439e-01 -1.899042e-02 8.477576e-01 1.269160e+02
7.351549e-01 -5.516029e-01 -3.940578e-01 1.280421e+01 6.539643e-01 7.301709e-01 1.979423e-01 -2.927255e+00 1.785440e-01 -4.032180e-01 8.975173e-01 1.268750e+02
6.827663e-01 6.337691e-01 3.635477e-01 1.284866e+01 -4.611227e-01 7.597413e-01 -4.584311e-01 -2.930082e+00 -5.667417e-01 1.453612e-01 8.109710e-01 1.268551e+02
7.591182e-01 -4.371221e-01 -4.823524e-01 1.287516e+01 6.088009e-01 7.390588e-01 2.883636e-01 -2.932492e+00 2.304367e-01 -5.125586e-01 8.271533e-01 1.268705e+02
7.075133e-01 5.933485e-01 3.838782e-01 1.290654e+01 -3.555456e-01 7.683063e-01 -5.322525e-01 -2.935105e+00 -6.107473e-01 2.400895e-01 7.545494e-01 1.268801e+02
8.000985e-01 -3.300785e-01 -5.008898e-01 1.294153e+01 5.480984e-01 7.415999e-01 3.868047e-01 -2.937683e+00 2.437839e-01 -5.840187e-01 7.742684e-01 1.268788e+02
7.693307e-01 5.146673e-01 3.784809e-01 1.296417e+01 -2.376381e-01 7.804735e-01 -5.782639e-01 -2.940325e+00 -5.930079e-01 3.549347e-01 7.227468e-01 1.269100e+02
8.169787e-01 -2.292247e-01 -5.291520e-01 1.298609e+01 4.938035e-01 7.519980e-01 4.366429e-01 -2.943226e+00 2.978319e-01 -6.180251e-01 7.275583e-01 1.269584e+02
7.921538e-01 4.701611e-01 3.891542e-01 1.303420e+01 -1.626126e-01 7.771626e-01 -6.079272e-01 -2.945956e+00 -5.882598e-01 4.182905e-01 6.920864e-01 1.269651e+02
8.887957e-01 -1.276724e-01 -4.401613e-01 1.306994e+01 3.768428e-01 7.501773e-01 5.433447e-01 -2.948856e+00 2.608289e-01 -6.487941e-01 7.148668e-01 1.269648e+02
7.953465e-01 3.708517e-01 4.794715e-01 1.311057e+01 3.698328e-03 7.880211e-01 -6.156371e-01 -2.952000e+00 -6.061437e-01 4.914181e-01 6.253783e-01 1.269483e+02
9.385405e-01 4.296966e-02 -3.424842e-01 1.315988e+01 1.921793e-01 7.591547e-01 6.218933e-01 -2.956047e+00 2.867210e-01 -6.494904e-01 7.042395e-01 1.269140e+02
8.253146e-01 1.793208e-01 5.354436e-01 1.320449e+01 1.951899e-01 7.991869e-01 -5.685079e-01 -2.959483e+00 -5.298648e-01 5.737110e-01 6.245790e-01 1.268851e+02
9.676197e-01 2.048612e-01 -1.474587e-01 1.329777e+01 -7.204313e-02 7.840439e-01 6.165103e-01 -2.966184e+00 2.419131e-01 -5.859241e-01 7.734151e-01 1.268187e+02
7.206598e-01 -9.494517e-02 6.867568e-01 1.345140e+01 4.835615e-01 7.786814e-01 -3.997794e-01 -2.974612e+00 -4.968076e-01 6.201941e-01 6.070762e-01 1.267040e+02
8.629282e-01 4.986869e-01 -8.164758e-02 1.357057e+01 -3.780219e-01 7.442754e-01 5.505939e-01 -2.980123e+00 3.353423e-01 -4.442584e-01 8.307707e-01 1.265776e+02
7.327616e-01 -4.069774e-01 5.453713e-01 1.363265e+01 5.981516e-01 7.673535e-01 -2.310482e-01 -2.983484e+00 -3.244611e-01 4.955180e-01 8.057213e-01 1.265246e+02
7.869482e-01 5.997878e-01 -1.448004e-01 1.366255e+01 -4.805522e-01 7.429799e-01 4.658867e-01 -2.985710e+00 3.870170e-01 -2.970445e-01 8.729160e-01 1.265202e+02
6.911482e-01 -4.929353e-01 5.285158e-01 1.374980e+01 6.468281e-01 7.481141e-01 -1.481172e-01 -2.989766e+00 -3.223779e-01 4.442299e-01 8.359021e-01 1.264841e+02
7.599435e-01 6.300289e-01 -1.598421e-01 1.395599e+01 -5.574995e-01 7.582267e-01 3.380630e-01 -2.994174e+00 3.341860e-01 -1.677969e-01 9.274502e-01 1.264017e+02
7.019929e-01 -5.926475e-01 3.949365e-01 1.408093e+01 6.677276e-01 7.405588e-01 -7.558110e-02 -2.997622e+00 -2.476807e-01 3.167674e-01 9.155942e-01 1.263793e+02
7.496170e-01 6.526898e-01 -1.098655e-01 1.417820e+01 -6.158716e-01 7.486435e-01 2.454285e-01 -3.000301e+00 2.424388e-01 -1.163144e-01 9.631689e-01 1.263763e+02
7.288953e-01 -6.183545e-01 2.938526e-01 1.439073e+01 6.500590e-01 7.597604e-01 -1.369290e-02 -3.001717e+00 -2.147905e-01 2.010022e-01 9.557527e-01 1.262847e+02
7.663527e-01 6.354347e-01 -9.447919e-02 1.444720e+01 -6.176096e-01 7.692215e-01 1.638801e-01 -3.004188e+00 1.768105e-01 -6.723866e-02 9.819455e-01 1.262950e+02
7.328157e-01 -6.262595e-01 2.660454e-01 1.448432e+01 6.318121e-01 7.714266e-01 7.559389e-02 -3.007229e+00 -2.525759e-01 1.126943e-01 9.609919e-01 1.263069e+02
7.671422e-01 6.375653e-01 -7.073421e-02 1.451414e+01 -6.360585e-01 7.703255e-01 4.503475e-02 -3.009646e+00 8.320096e-02 1.044304e-02 9.964781e-01 1.263016e+02
7.400683e-01 -6.595807e-01 1.313480e-01 1.453901e+01 6.478778e-01 7.516050e-01 1.238719e-01 -3.012204e+00 -1.804253e-01 -6.576209e-03 9.835667e-01 1.263312e+02
7.629116e-01 6.447440e-01 -4.765518e-02 1.456125e+01 -6.464921e-01 7.612480e-01 -5.049276e-02 -3.014743e+00 3.722502e-03 6.933022e-02 9.975868e-01 1.263527e+02
7.394614e-01 -6.654947e-01 1.015564e-01 1.459049e+01 6.297558e-01 7.371401e-01 2.450144e-01 -3.016880e+00 -2.379171e-01 -1.172230e-01 9.641858e-01 1.263596e+02
7.540179e-01 6.529771e-01 -7.125991e-02 1.465221e+01 -6.523527e-01 7.317524e-01 -1.974193e-01 -3.019511e+00 -7.676568e-02 1.953443e-01 9.777257e-01 1.263351e+02
6.993164e-01 -6.669039e-01 2.572854e-01 1.503400e+01 5.522467e-01 7.325948e-01 3.979051e-01 -3.026149e+00 -4.538504e-01 -1.361765e-01 8.806110e-01 1.260562e+02
8.006538e-01 5.802683e-01 -1.491384e-01 1.511292e+01 -5.956755e-01 7.443012e-01 -3.019710e-01 -3.028426e+00 -6.422031e-02 3.306124e-01 9.415791e-01 1.259614e+02
8.248694e-01 -5.648998e-01 2.187945e-02 1.505177e+01 4.871846e-01 7.299567e-01 4.793896e-01 -3.031918e+00 -2.867782e-01 -3.847745e-01 8.773294e-01 1.261272e+02
8.516027e-01 4.583379e-01 -2.543603e-01 1.532132e+01 -5.226122e-01 7.047896e-01 -4.797375e-01 -3.037211e+00 -4.061138e-02 5.414775e-01 8.397338e-01 1.260621e+02
7.646362e-01 -6.070671e-01 -2.163355e-01 1.657656e+01 6.416440e-01 6.857601e-01 3.435491e-01 -3.031139e+00 -6.020308e-02 -4.015005e-01 9.138780e-01 1.250465e+02
7.150696e-01 6.305393e-01 -3.018206e-01 1.820142e+01 -6.944912e-01 5.915307e-01 -4.096014e-01 -3.024275e+00 -7.973362e-02 5.025053e-01 8.608897e-01 1.238651e+02
6.686947e-01 -7.129281e-01 -2.111419e-01 1.969055e+01 7.315174e-01 5.799485e-01 3.585276e-01 -3.021568e+00 -1.331530e-01 -3.941994e-01 9.093278e-01 1.228358e+02
5.486041e-01 7.570601e-01 -3.548147e-01 2.113683e+01 -8.359854e-01 5.031554e-01 -2.190048e-01 -3.016146e+00 1.272710e-02 4.167669e-01 9.089243e-01 1.218951e+02
1.845836e-01 -8.453119e-01 -5.013748e-01 2.538484e+01 5.194767e-01 5.169700e-01 -6.803573e-01 -3.004120e+00 8.343098e-01 -1.348697e-01 5.345440e-01 1.190309e+02
8.254426e-01 5.634378e-01 -3.438494e-02 2.893256e+01 -5.484846e-01 8.149553e-01 1.871164e-01 -2.982641e+00 1.334507e-01 -1.355943e-01 9.817358e-01 1.164222e+02
8.774521e-01 -4.736172e-01 7.592457e-02 3.009668e+01 4.757337e-01 8.390686e-01 -2.638964e-01 -2.981062e+00 6.127996e-02 2.676764e-01 9.615582e-01 1.156980e+02
7.313288e-01 6.352303e-01 2.482753e-01 3.122247e+01 -6.729114e-01 7.313608e-01 1.109130e-01 -2.984402e+00 -1.111235e-01 -2.481811e-01 9.623189e-01 1.150510e+02
6.616069e-01 -7.255069e-01 1.895153e-01 3.209123e+01 7.437753e-01 6.670489e-01 -4.294242e-02 -2.992084e+00 -9.526098e-02 1.693678e-01 9.809383e-01 1.144598e+02
7.312526e-01 6.537946e-01 -1.944795e-01 3.289920e+01 -6.210158e-01 7.560634e-01 2.066579e-01 -2.988243e+00 2.821506e-01 -3.034427e-02 9.588901e-01 1.138434e+02
6.753483e-01 -6.780969e-01 2.899814e-01 3.362131e+01 7.256662e-01 6.811408e-01 -9.724085e-02 -2.986273e+00 -1.315794e-01 2.761011e-01 9.520793e-01 1.133018e+02
7.390899e-01 6.375106e-01 -2.175460e-01 3.441243e+01 -5.810538e-01 7.667553e-01 2.728788e-01 -2.984233e+00 3.407677e-01 -7.527603e-02 9.371291e-01 1.126989e+02
