9.999991e-01 1.092716e-03 7.474442e-04 -1.693668e-01 -1.092252e-03 9.999992e-01 -6.208247e-04 -1.215301e-02 -7.481223e-04 6.200071e-04 9.999995e-01 1.215211e+00
9.999937e-01 -1.227044e-03 3.327575e-03 -3.156870e-01 1.228989e-03 9.999991e-01 -5.824808e-04 -2.795141e-02 -3.326857e-03 5.865674e-04 9.999943e-01 2.341229e+00
9.999841e-01 1.399524e-03 -5.463652e-03 -3.793932e-01 -1.397421e-03 9.999989e-01 3.887387e-04 -4.132579e-02 5.464190e-03 -3.810982e-04 9.999850e-01 2.996761e+00
9.999948e-01 -8.440423e-04 3.103879e-03 -4.860780e-01 8.460333e-04 9.999994e-01 -6.401916e-04 -5.352728e-02 -3.103336e-03 6.428150e-04 9.999950e-01 3.779104e+00
9.999961e-01 1.020788e-03 -2.583309e-03 -6.142330e-01 -1.020626e-03 9.999995e-01 6.425699e-05 -6.564694e-02 2.583373e-03 -6.162086e-05 9.999967e-01 4.619124e+00
9.999995e-01 -3.564786e-04 9.705204e-04 -7.362701e-01 3.568530e-04 9.999999e-01 -3.856362e-04 -7.770953e-02 -9.703824e-04 3.859830e-04 9.999995e-01 5.468021e+00
9.999993e-01 1.067790e-03 -5.129572e-04 -8.915761e-01 -1.067904e-03 9.999994e-01 -2.213247e-04 -9.024082e-02 5.127202e-04 2.218716e-04 9.999998e-01 6.497420e+00
9.999999e-01 -5.117395e-04 -8.472192e-05 -1.037056e+00 5.117181e-04 9.999998e-01 -2.522380e-04 -1.031902e-01 8.485132e-05 2.521954e-04 1.000000e+00 7.485326e+00
9.999974e-01 1.147334e-03 1.946524e-03 -1.219004e+00 -1.146147e-03 9.999992e-01 -6.107735e-04 -1.146109e-01 -1.947223e-03 6.085402e-04 9.999979e-01 8.585513e+00
9.999998e-01 -6.780719e-04 1.740333e-04 -1.385465e+00 6.781133e-04 9.999997e-01 -2.380331e-04 -1.277495e-01 -1.738715e-04 2.381518e-04 1.000000e+00 9.709255e+00
9.999652e-01 1.199896e-03 8.261887e-03 -1.637251e+00 -1.185890e-03 9.999979e-01 -1.700027e-03 -1.416498e-01 -8.263910e-03 1.690170e-03 9.999644e-01 1.130276e+01
9.999676e-01 -1.272236e-03 -7.951377e-03 -1.721099e+00 1.280932e-03 9.999986e-01 1.088664e-03 -1.580420e-01 7.949981e-03 -1.098813e-03 9.999678e-01 1.223319e+01
9.999567e-01 2.733901e-03 8.895871e-03 -1.874967e+00 -2.718932e-03 9.999949e-01 -1.694353e-03 -1.703915e-01 -8.900458e-03 1.670091e-03 9.999590e-01 1.352030e+01
9.999888e-01 -3.093092e-03 -3.589630e-03 -1.968717e+00 3.094517e-03 9.999951e-01 3.913864e-04 -1.897188e-01 3.588402e-03 -4.024894e-04 9.999935e-01 1.466189e+01
9.999931e-01 3.620314e-03 7.722076e-04 -1.998727e+00 -3.619901e-03 9.999933e-01 -5.359081e-04 -2.044955e-01 -7.741429e-04 5.331084e-04 9.999996e-01 1.540093e+01
9.999955e-01 -2.991708e-03 2.742750e-04 -2.086858e+00 2.991737e-03 9.999955e-01 -1.062297e-04 -2.219796e-01 -2.739556e-04 1.070505e-04 1.000000e+00 1.654301e+01
9.999938e-01 2.640112e-03 2.309540e-03 -2.181297e+00 -2.638760e-03 9.999963e-01 -5.882446e-04 -2.424600e-01 -2.311085e-03 5.821459e-04 9.999972e-01 1.764889e+01
9.999891e-01 -2.457769e-03 -3.957514e-03 -2.234930e+00 2.459264e-03 9.999969e-01 3.728112e-04 -2.582223e-01 3.956586e-03 -3.825391e-04 9.999921e-01 1.842648e+01
9.999950e-01 2.980582e-03 1.094532e-03 -2.279625e+00 -2.980106e-03 9.999955e-01 -4.364626e-04 -2.732246e-01 -1.095828e-03 4.331979e-04 9.999993e-01 1.916059e+01
9.999991e-01 -8.212129e-04 -1.055194e-03 -2.459558e+00 8.206110e-04 9.999995e-01 -5.707762e-04 -2.883027e-01 1.055662e-03 5.699105e-04 9.999993e-01 2.067458e+01
9.999823e-01 1.102037e-03 5.853182e-03 -2.629006e+00 -1.101005e-03 9.999994e-01 -1.796018e-04 -3.149074e-01 -5.853377e-03 1.731535e-04 9.999829e-01 2.234239e+01
9.999881e-01 1.840757e-03 -4.524098e-03 -2.865868e+00 -1.845323e-03 9.999978e-01 -1.005189e-03 -3.345256e-01 4.522238e-03 1.013526e-03 9.999893e-01 2.443697e+01
9.998232e-01 -2.910335e-03 1.857562e-02 -3.202292e+00 2.932697e-03 9.999950e-01 -1.176739e-03 -3.643497e-01 -1.857210e-02 1.231007e-03 9.998268e-01 2.668953e+01
9.999859e-01 3.199172e-03 -4.228451e-03 -3.551926e+00 -3.204722e-03 9.999940e-01 -1.306414e-03 -3.753948e-01 4.224246e-03 1.319948e-03 9.999902e-01 2.848037e+01
9.999802e-01 -3.271820e-03 5.382038e-03 -3.661103e+00 3.268336e-03 9.999944e-01 6.560382e-04 -3.914230e-01 -5.384155e-03 -6.384356e-04 9.999853e-01 2.946704e+01
9.999808e-01 3.974804e-03 -4.754043e-03 -3.803077e+00 -3.980443e-03 9.999914e-01 -1.177268e-03 -4.056003e-01 4.749323e-03 1.196169e-03 9.999880e-01 3.059400e+01
9.999320e-01 -2.472515e-03 1.139962e-02 -4.039915e+00 2.481267e-03 9.999966e-01 -7.536261e-04 -4.208364e-01 -1.139772e-02 7.818596e-04 9.999347e-01 3.232499e+01
9.999516e-01 2.136288e-03 -9.600098e-03 -4.105691e+00 -2.132189e-03 9.999976e-01 4.371812e-04 -4.477874e-01 9.601010e-03 -4.166901e-04 9.999538e-01 3.366037e+01
9.999389e-01 -1.889400e-03 1.088866e-02 -4.189092e+00 1.901261e-03 9.999976e-01 -1.079095e-03 -4.695808e-01 -1.088660e-02 1.099730e-03 9.999401e-01 3.482977e+01
9.999541e-01 1.645166e-03 -9.443089e-03 -4.240131e+00 -1.640956e-03 9.999986e-01 4.535668e-04 -4.884120e-01 9.443822e-03 -4.380495e-04 9.999553e-01 3.575100e+01
9.999751e-01 -1.401974e-03 6.913982e-03 -4.275884e+00 1.405769e-03 9.999989e-01 -5.441044e-04 -5.036263e-01 -6.913212e-03 5.538096e-04 9.999760e-01 3.644031e+01
9.999523e-01 1.768586e-03 -9.606683e-03 -4.331328e+00 -1.764651e-03 9.999984e-01 4.181622e-04 -5.178862e-01 9.607407e-03 -4.011891e-04 9.999538e-01 3.718799e+01
9.999712e-01 -1.419602e-03 7.459269e-03 -4.408209e+00 1.424389e-03 9.999988e-01 -6.364681e-04 -5.316049e-01 -7.458356e-03 6.470740e-04 9.999720e-01 3.796915e+01
9.999589e-01 2.139380e-03 -8.809689e-03 -4.524382e+00 -2.137425e-03 9.999977e-01 2.313412e-04 -5.444306e-01 8.810164e-03 -2.125009e-04 9.999612e-01 3.889344e+01
9.999576e-01 -2.095907e-03 8.962771e-03 -4.651539e+00 2.102012e-03 9.999976e-01 -6.718004e-04 -5.598298e-01 -8.961342e-03 6.906111e-04 9.999596e-01 3.982539e+01
9.999545e-01 2.551035e-03 -9.194884e-03 -4.796120e+00 -2.549684e-03 9.999967e-01 1.586727e-04 -5.713382e-01 9.195259e-03 -1.352207e-04 9.999577e-01 4.073641e+01
9.999566e-01 -2.049770e-03 9.083243e-03 -4.928682e+00 2.056404e-03 9.999976e-01 -7.210337e-04 -5.834886e-01 -9.081744e-03 7.396805e-04 9.999585e-01 4.165866e+01
9.999597e-01 2.334456e-03 -8.669249e-03 -5.080780e+00 -2.332649e-03 9.999973e-01 2.185336e-04 -5.971537e-01 8.669735e-03 -1.983018e-04 9.999624e-01 4.266360e+01
9.999491e-01 -2.021205e-03 9.885640e-03 -5.243903e+00 2.029817e-03 9.999976e-01 -8.612413e-04 -6.098182e-01 -9.883875e-03 8.812628e-04 9.999508e-01 4.366757e+01
9.999545e-01 2.195103e-03 -9.286993e-03 -5.384223e+00 -2.192462e-03 9.999976e-01 2.945961e-04 -6.222343e-01 9.287617e-03 -2.742206e-04 9.999568e-01 4.457766e+01
9.999624e-01 -1.881226e-03 8.464749e-03 -5.504818e+00 1.887305e-03 9.999980e-01 -7.102468e-04 -6.338898e-01 -8.463396e-03 7.261950e-04 9.999639e-01 4.538289e+01
9.999587e-01 2.485980e-03 -8.746497e-03 -5.596882e+00 -2.485972e-03 9.999969e-01 1.181070e-05 -6.477649e-01 8.746500e-03 9.934054e-06 9.999617e-01 4.632936e+01
9.999658e-01 -2.896470e-03 7.751818e-03 -5.573793e+00 2.896969e-03 9.999958e-01 -5.319386e-05 -6.640428e-01 -7.751632e-03 7.564810e-05 9.999700e-01 4.686223e+01
9.998976e-01 3.142377e-03 -1.396428e-02 -5.481814e+00 -3.137888e-03 9.999950e-01 3.433564e-04 -6.751983e-01 1.396529e-02 -2.995021e-04 9.999024e-01 4.700000e+01
9.999520e-01 -2.802115e-03 9.391544e-03 -5.494401e+00 2.806281e-03 9.999960e-01 -4.303709e-04 -6.883494e-01 -9.390300e-03 4.567048e-04 9.999558e-01 4.751419e+01
9.999181e-01 2.900863e-03 -1.246569e-02 -5.534292e+00 -2.897680e-03 9.999958e-01 2.734057e-04 -7.014150e-01 1.246643e-02 -2.372610e-04 9.999223e-01 4.807117e+01
9.999605e-01 -2.535424e-03 8.522136e-03 -5.540760e+00 2.537012e-03 9.999968e-01 -1.755421e-04 -7.141709e-01 -8.521663e-03 1.971552e-04 9.999637e-01 4.853468e+01
9.999099e-01 2.626226e-03 -1.316100e-02 -5.533191e+00 -2.622443e-03 9.999965e-01 3.046768e-04 -7.280608e-01 1.316175e-02 -2.701347e-04 9.999133e-01 4.897567e+01
9.999251e-01 -2.709089e-04 1.223864e-02 -5.727284e+00 2.849644e-04 9.999993e-01 -1.146728e-03 -7.393068e-01 -1.223832e-02 1.150129e-03 9.999244e-01 5.038687e+01
9.999875e-01 -4.241729e-04 -4.984106e-03 -5.934248e+00 4.235987e-04 9.999999e-01 -1.162585e-04 -7.576349e-01 4.984155e-03 1.141465e-04 9.999876e-01 5.171594e+01
9.999957e-01 2.511938e-03 -1.514917e-03 -5.963089e+00 -2.511554e-03 9.999968e-01 2.555055e-04 -7.740598e-01 1.515554e-03 -2.517004e-04 9.999988e-01 5.280670e+01
9.999897e-01 -2.744954e-03 3.621129e-03 -6.047076e+00 2.749798e-03 9.999953e-01 -1.333654e-03 -8.005216e-01 -3.617451e-03 1.343598e-03 9.999926e-01 5.394438e+01
9.999864e-01 3.118141e-03 -4.176642e-03 -6.169179e+00 -3.114432e-03 9.999948e-01 8.941714e-04 -8.129778e-01 4.179408e-03 -8.811521e-04 9.999909e-01 5.481154e+01
9.999914e-01 -3.373244e-03 2.409009e-03 -6.183637e+00 3.376029e-03 9.999936e-01 -1.152925e-03 -8.259720e-01 -2.405104e-03 1.161049e-03 9.999964e-01 5.532883e+01
9.999661e-01 3.738750e-03 -7.338822e-03 -6.209451e+00 -3.729784e-03 9.999923e-01 1.235039e-03 -8.386356e-01 7.343383e-03 -1.207625e-03 9.999723e-01 5.582724e+01
9.999890e-01 -3.370281e-03 3.247263e-03 -6.249979e+00 3.374415e-03 9.999935e-01 -1.268542e-03 -8.514117e-01 -3.242966e-03 1.279486e-03 9.999939e-01 5.640834e+01
9.999787e-01 3.605686e-03 -5.433502e-03 -6.336542e+00 -3.600084e-03 9.999930e-01 1.040502e-03 -8.642941e-01 5.437215e-03 -1.020919e-03 9.999847e-01 5.712827e+01
9.999900e-01 -3.517274e-03 2.756451e-03 -6.388434e+00 3.520490e-03 9.999931e-01 -1.162913e-03 -8.777079e-01 -2.752341e-03 1.172607e-03 9.999955e-01 5.773831e+01
9.999815e-01 3.221167e-03 -5.154700e-03 -6.321945e+00 -3.217314e-03 9.999945e-01 7.554854e-04 -8.870440e-01 5.157105e-03 -7.388879e-04 9.999864e-01 5.790059e+01
9.999961e-01 -2.388656e-03 -1.479190e-03 -6.349967e+00 2.387451e-03 9.999968e-01 -8.157373e-04 -8.963526e-01 1.481134e-03 8.122033e-04 9.999986e-01 5.835413e+01
9.999980e-01 1.991675e-03 -3.006280e-04 -6.428066e+00 -1.991522e-03 9.999979e-01 5.092397e-04 -9.111147e-01 3.016413e-04 -5.086406e-04 9.999998e-01 5.901522e+01
9.999929e-01 -1.549272e-03 -3.445299e-03 -6.504625e+00 1.546906e-03 9.999986e-01 -6.892520e-04 -9.219426e-01 3.446362e-03 6.839182e-04 9.999938e-01 5.961189e+01
9.999959e-01 1.666127e-03 2.315205e-03 -6.580294e+00 -1.666920e-03 9.999986e-01 3.404105e-04 -9.356633e-01 -2.314634e-03 -3.442691e-04 9.999973e-01 6.036504e+01
9.999875e-01 -2.038488e-03 -4.569855e-03 -6.622918e+00 2.036050e-03 9.999978e-01 -5.380171e-04 -9.476120e-01 4.570942e-03 5.287067e-04 9.999894e-01 6.081710e+01
9.999949e-01 2.186066e-03 -2.331666e-03 -6.569888e+00 -2.183977e-03 9.999972e-01 8.983938e-04 -9.588607e-01 2.333623e-03 -8.932976e-04 9.999969e-01 6.102548e+01
9.999958e-01 -2.377196e-03 -1.662152e-03 -6.609082e+00 2.375647e-03 9.999967e-01 -9.333629e-04 -9.709457e-01 1.664366e-03 9.294110e-04 9.999982e-01 6.148130e+01
9.999934e-01 1.870565e-03 -3.099353e-03 -6.649935e+00 -1.867701e-03 9.999978e-01 9.268248e-04 -9.769574e-01 3.101080e-03 -9.210308e-04 9.999948e-01 6.165203e+01
9.999876e-01 -2.012455e-03 -4.544822e-03 -6.649150e+00 2.009810e-03 9.999978e-01 -5.866425e-04 -9.858935e-01 4.545993e-03 5.775017e-04 9.999895e-01 6.175798e+01
9.999977e-01 1.898824e-03 -9.853016e-04 -6.692488e+00 -1.898109e-03 9.999979e-01 7.253200e-04 -9.943178e-01 9.866765e-04 -7.234489e-04 9.999993e-01 6.200434e+01
9.999924e-01 -1.991429e-03 -3.356171e-03 -6.750870e+00 1.989223e-03 9.999978e-01 -6.605389e-04 -1.002639e+00 3.357480e-03 6.538584e-04 9.999941e-01 6.231058e+01
9.999972e-01 2.006382e-03 -1.238348e-03 -6.807056e+00 -2.005573e-03 9.999978e-01 6.536298e-04 -1.010809e+00 1.239656e-03 -6.511451e-04 9.999990e-01 6.266549e+01
9.999958e-01 -2.075485e-03 -2.014272e-03 -6.879688e+00 2.073704e-03 9.999975e-01 -8.857936e-04 -1.019233e+00 2.016106e-03 8.816136e-04 9.999976e-01 6.310363e+01
9.999970e-01 2.089714e-03 -1.305253e-03 -6.962887e+00 -2.088720e-03 9.999975e-01 7.624494e-04 -1.027742e+00 1.306843e-03 -7.597215e-04 9.999989e-01 6.358912e+01
9.999952e-01 -2.106638e-03 -2.255113e-03 -7.027554e+00 2.104401e-03 9.999973e-01 -9.938295e-04 -1.036887e+00 2.257201e-03 9.890799e-04 9.999970e-01 6.404060e+01
9.999976e-01 2.078869e-03 -6.420627e-04 -7.112741e+00 -2.078389e-03 9.999976e-01 7.475711e-04 -1.045645e+00 6.436149e-04 -7.462356e-04 9.999995e-01 6.457098e+01
9.999963e-01 -1.799707e-03 -2.039959e-03 -7.226447e+00 1.797518e-03 9.999978e-01 -1.074481e-03 -1.053322e+00 2.041889e-03 1.070811e-03 9.999973e-01 6.521732e+01
9.999972e-01 1.777333e-03 1.591787e-03 -7.360142e+00 -1.778064e-03 9.999983e-01 4.578969e-04 -1.062009e+00 -1.590971e-03 -4.607267e-04 9.999986e-01 6.589839e+01
9.999921e-01 -1.669114e-03 -3.596322e-03 -7.466510e+00 1.665987e-03 9.999982e-01 -8.723025e-04 -1.071629e+00 3.597772e-03 8.663049e-04 9.999932e-01 6.655178e+01
9.999962e-01 1.636519e-03 2.217472e-03 -7.587498e+00 -1.637375e-03 9.999986e-01 3.845671e-04 -1.079508e+00 -2.216840e-03 -3.881972e-04 9.999975e-01 6.717478e+01
9.999849e-01 -1.820312e-03 -5.176078e-03 -7.657609e+00 1.816833e-03 9.999981e-01 -6.767833e-04 -1.089178e+00 5.177300e-03 6.673698e-04 9.999864e-01 6.763153e+01
9.999985e-01 1.694917e-03 3.667321e-04 -7.690815e+00 -1.695145e-03 9.999984e-01 6.217283e-04 -1.097690e+00 -3.656781e-04 -6.223498e-04 9.999997e-01 6.790078e+01
9.999789e-01 -1.753092e-03 -6.260192e-03 -7.718977e+00 1.749395e-03 9.999983e-01 -5.960144e-04 -1.107701e+00 6.261227e-03 5.850510e-04 9.999802e-01 6.821518e+01
9.999966e-01 1.567457e-03 2.093460e-03 -7.774597e+00 -1.568694e-03 9.999986e-01 5.894380e-04 -1.116768e+00 -2.092534e-03 -5.927207e-04 9.999976e-01 6.855166e+01
9.999851e-01 -1.458715e-03 -5.259681e-03 -7.872353e+00 1.454513e-03 9.999986e-01 -8.025913e-04 -1.124132e+00 5.260845e-03 7.949297e-04 9.999858e-01 6.906760e+01
9.999958e-01 1.996756e-03 2.105994e-03 -7.995005e+00 -1.997757e-03 9.999979e-01 4.733349e-04 -1.131231e+00 -2.105044e-03 -4.775409e-04 9.999977e-01 6.968049e+01
9.999950e-01 -1.641357e-03 -2.705279e-03 -8.161067e+00 1.638391e-03 9.999981e-01 -1.097968e-03 -1.139244e+00 2.707076e-03 1.093531e-03 9.999957e-01 7.051429e+01
9.999957e-01 2.310250e-03 1.799957e-03 -8.298802e+00 -2.310989e-03 9.999972e-01 4.087061e-04 -1.148949e+00 -1.799008e-03 -4.128647e-04 9.999983e-01 7.147536e+01
9.999883e-01 -2.687220e-03 4.028365e-03 -8.532708e+00 2.692919e-03 9.999954e-01 -1.409947e-03 -1.159244e+00 -4.024557e-03 1.420779e-03 9.999909e-01 7.265410e+01
9.999941e-01 3.075696e-03 -1.497457e-03 -8.779047e+00 -3.075142e-03 9.999952e-01 3.721271e-04 -1.164490e+00 1.498594e-03 -3.675207e-04 9.999988e-01 7.375526e+01
9.999336e-01 -7.650774e-04 1.149589e-02 -9.283374e+00 7.948845e-04 9.999963e-01 -2.588499e-03 -1.160664e+00 -1.149387e-02 2.597465e-03 9.999306e-01 7.573253e+01
9.999995e-01 -3.487726e-05 -9.569649e-04 -9.567357e+00 3.564592e-05 9.999997e-01 8.032755e-04 -1.172287e+00 9.569363e-04 -8.033099e-04 9.999992e-01 7.712228e+01
9.999990e-01 2.442210e-05 -1.379596e-03 -9.659185e+00 -2.599388e-05 9.999994e-01 -1.139335e-03 -1.182124e+00 1.379568e-03 1.139370e-03 9.999984e-01 7.772357e+01
9.999996e-01 -1.717675e-04 -9.316583e-04 -9.738810e+00 1.724850e-04 9.999997e-01 7.701201e-04 -1.192581e+00 9.315254e-04 -7.702812e-04 9.999993e-01 7.825931e+01
9.999969e-01 3.069772e-05 -2.490445e-03 -9.795410e+00 -3.292711e-05 9.999996e-01 -8.951614e-04 -1.203183e+00 2.490416e-03 8.952413e-04 9.999965e-01 7.866061e+01
9.999933e-01 -7.671344e-05 -3.650751e-03 -9.795996e+00 8.039722e-05 9.999995e-01 1.008928e-03 -1.213845e+00 3.650671e-03 -1.009215e-03 9.999928e-01 7.890328e+01
9.999995e-01 7.356653e-05 -9.846800e-04 -9.831485e+00 -7.443573e-05 9.999996e-01 -8.827801e-04 -1.224718e+00 9.846150e-04 8.828536e-04 9.999991e-01 7.928906e+01
9.999915e-01 -3.425977e-04 -4.117353e-03 -9.740629e+00 3.459409e-04 9.999996e-01 8.113014e-04 -1.233728e+00 4.117073e-03 -8.127195e-04 9.999912e-01 7.934325e+01
9.999967e-01 -2.576420e-04 -2.570983e-03 -9.401095e+00 2.552427e-04 9.999995e-01 -9.335266e-04 -1.243613e+00 2.571222e-03 9.328679e-04 9.999963e-01 7.906200e+01
9.999923e-01 -2.432191e-04 -3.914439e-03 -9.184662e+00 2.472159e-04 9.999994e-01 1.020587e-03 -1.254296e+00 3.914188e-03 -1.021547e-03 9.999918e-01 7.893716e+01
9.999967e-01 -2.561277e-04 -2.557375e-03 -8.955200e+00 2.534210e-04 9.999994e-01 -1.058701e-03 -1.263787e+00 2.557645e-03 1.058050e-03 9.999962e-01 7.877362e+01
9.999899e-01 -2.756813e-04 -4.482216e-03 -8.701208e+00 2.805356e-04 9.999994e-01 1.082432e-03 -1.273637e+00 4.481915e-03 -1.083680e-03 9.999894e-01 7.857110e+01
9.999986e-01 -2.145404e-04 -1.677697e-03 -8.587666e+00 2.128718e-04 9.999995e-01 -9.947358e-04 -1.283005e+00 1.677910e-03 9.943780e-04 9.999981e-01 7.851007e+01
9.999877e-01 -2.197148e-04 -4.962923e-03 -8.436491e+00 2.251269e-04 9.999994e-01 1.089984e-03 -1.292271e+00 4.962680e-03 -1.091089e-03 9.999871e-01 7.840230e+01
9.999978e-01 -2.580202e-04 -2.078682e-03 -8.221463e+00 2.557150e-04 9.999994e-01 -1.109184e-03 -1.301317e+00 2.078967e-03 1.108650e-03 9.999972e-01 7.822954e+01
9.999875e-01 -2.404623e-04 -4.997259e-03 -7.935876e+00 2.453642e-04 9.999995e-01 9.803275e-04 -1.310668e+00 4.997020e-03 -9.815420e-04 9.999870e-01 7.799452e+01
9.999985e-01 -2.283755e-04 -1.734401e-03 -7.714458e+00 2.264918e-04 9.999994e-01 -1.086242e-03 -1.319046e+00 1.734648e-03 1.085848e-03 9.999979e-01 7.780447e+01
9.999847e-01 -6.190716e-05 -5.530945e-03 -7.426853e+00 6.652006e-05 9.999997e-01 8.338518e-04 -1.328560e+00 5.530891e-03 -8.342077e-04 9.999844e-01 7.757415e+01
9.999989e-01 -3.797541e-04 -1.403185e-03 -7.023426e+00 3.779519e-04 9.999991e-01 -1.284472e-03 -1.338144e+00 1.403672e-03 1.283941e-03 9.999982e-01 7.722622e+01
9.999846e-01 -2.151598e-05 -5.547236e-03 -6.502768e+00 2.582380e-05 9.999997e-01 7.765156e-04 -1.348550e+00 5.547217e-03 -7.766477e-04 9.999843e-01 7.678381e+01
9.999986e-01 -3.951364e-04 -1.603568e-03 -5.961565e+00 3.931525e-04 9.999992e-01 -1.237405e-03 -1.358770e+00 1.604056e-03 1.236773e-03 9.999979e-01 7.632546e+01
9.999849e-01 -2.377561e-04 -5.496948e-03 -5.411757e+00 2.422942e-04 9.999996e-01 8.249421e-04 -1.369294e+00 5.496750e-03 -8.262622e-04 9.999846e-01 7.585060e+01
9.999987e-01 -3.352155e-04 -1.596783e-03 -4.956420e+00 3.333020e-04 9.999992e-01 -1.198552e-03 -1.379164e+00 1.597184e-03 1.198019e-03 9.999980e-01 7.545323e+01
9.999855e-01 -1.585706e-04 -5.379178e-03 -4.503191e+00 1.630572e-04 9.999996e-01 8.336627e-04 -1.388764e+00 5.379044e-03 -8.345284e-04 9.999852e-01 7.505322e+01
9.999989e-01 -4.754310e-04 -1.415695e-03 -3.963268e+00 4.735680e-04 9.999990e-01 -1.316042e-03 -1.398792e+00 1.416319e-03 1.315371e-03 9.999981e-01 7.457393e+01
9.999855e-01 -1.678445e-04 -5.385854e-03 -3.504002e+00 1.733536e-04 9.999995e-01 1.022463e-03 -1.407890e+00 5.385679e-03 -1.023382e-03 9.999850e-01 7.414275e+01
9.999999e-01 -3.208547e-04 -2.486095e-05 -3.360435e+00 3.208287e-04 9.999994e-01 -1.040480e-03 -1.417437e+00 2.519511e-05 1.040472e-03 9.999995e-01 7.404503e+01
9.999862e-01 -5.978043e-05 -5.260379e-03 -3.188659e+00 6.366227e-05 9.999997e-01 7.377959e-04 -1.426702e+00 5.260333e-03 -7.381213e-04 9.999859e-01 7.395366e+01
9.999989e-01 -5.843492e-04 -1.332355e-03 -2.848795e+00 5.831740e-04 9.999994e-01 -8.823537e-04 -1.435598e+00 1.332871e-03 8.815765e-04 9.999987e-01 7.363977e+01
9.999850e-01 -2.230379e-04 -5.470184e-03 -2.575641e+00 2.277519e-04 9.999996e-01 8.611818e-04 -1.445077e+00 5.469990e-03 -8.624154e-04 9.999847e-01 7.340750e+01
9.999992e-01 -5.038281e-04 -1.193376e-03 -2.156625e+00 5.021983e-04 9.999989e-01 -1.365712e-03 -1.454716e+00 1.194063e-03 1.365112e-03 9.999984e-01 7.302927e+01
9.999832e-01 -1.422794e-05 -5.792698e-03 -1.352666e+00 1.822648e-05 9.999998e-01 6.902411e-04 -1.467938e+00 5.792686e-03 -6.903358e-04 9.999830e-01 7.238942e+01
9.999985e-01 -7.835110e-04 -1.537044e-03 -7.594036e-01 7.817137e-04 9.999990e-01 -1.169643e-03 -1.478071e+00 1.537959e-03 1.168440e-03 9.999981e-01 7.184721e+01
9.999864e-01 1.709982e-04 -5.221206e-03 -2.390462e-01 -1.676270e-04 9.999998e-01 6.461234e-04 -1.488045e+00 5.221315e-03 -6.452401e-04 9.999862e-01 7.137498e+01
9.999977e-01 -7.667266e-04 -2.022349e-03 2.757831e-01 7.651244e-04 9.999994e-01 -7.929698e-04 -1.498297e+00 2.022956e-03 7.914213e-04 9.999976e-01 7.092238e+01
9.999913e-01 2.120739e-04 -4.170133e-03 6.899935e-01 -2.091160e-04 9.999997e-01 7.097726e-04 -1.509785e+00 4.170282e-03 -7.088951e-04 9.999911e-01 7.061658e+01
9.999966e-01 -8.343468e-04 -2.485581e-03 1.202688e+00 8.308618e-04 9.999987e-01 -1.402842e-03 -1.519419e+00 2.486749e-03 1.400773e-03 9.999959e-01 7.015411e+01
9.999903e-01 1.993082e-04 -4.389343e-03 1.836968e+00 -1.958026e-04 9.999997e-01 7.991079e-04 -1.530123e+00 4.389500e-03 -7.982415e-04 9.999900e-01 6.959901e+01
9.999956e-01 -1.002090e-03 -2.809717e-03 2.504966e+00 9.980987e-04 9.999985e-01 -1.421762e-03 -1.540775e+00 2.811137e-03 1.418952e-03 9.999950e-01 6.899864e+01
9.999915e-01 3.692599e-04 -4.112919e-03 3.062747e+00 -3.654362e-04 9.999995e-01 9.304418e-04 -1.550985e+00 4.113260e-03 -9.289315e-04 9.999911e-01 6.850752e+01
9.999935e-01 -1.399914e-03 -3.328743e-03 3.817175e+00 1.394494e-03 9.999977e-01 -1.630034e-03 -1.562865e+00 3.331018e-03 1.625382e-03 9.999931e-01 6.783994e+01
9.999933e-01 6.665563e-04 -3.587766e-03 4.463466e+00 -6.631712e-04 9.999993e-01 9.446632e-04 -1.573492e+00 3.588393e-03 -9.422783e-04 9.999931e-01 6.726666e+01
9.999934e-01 -1.424524e-03 -3.356990e-03 5.017924e+00 1.420213e-03 9.999982e-01 -1.286169e-03 -1.583505e+00 3.358816e-03 1.281393e-03 9.999935e-01 6.678018e+01
9.999920e-01 8.992475e-04 -3.907236e-03 5.479440e+00 -8.957123e-04 9.999992e-01 9.064570e-04 -1.593526e+00 3.908048e-03 -9.029506e-04 9.999920e-01 6.638229e+01
9.999898e-01 -1.619465e-03 -4.205223e-03 6.139251e+00 1.612026e-03 9.999971e-01 -1.771650e-03 -1.604668e+00 4.208081e-03 1.764853e-03 9.999896e-01 6.581572e+01
9.999940e-01 8.346230e-04 -3.360108e-03 6.819755e+00 -8.306326e-04 9.999989e-01 1.188849e-03 -1.616023e+00 3.361096e-03 -1.186051e-03 9.999936e-01 6.522386e+01
9.999903e-01 -1.539004e-03 -4.134861e-03 7.472501e+00 1.531498e-03 9.999972e-01 -1.817803e-03 -1.627142e+00 4.137648e-03 1.811453e-03 9.999898e-01 6.465407e+01
9.999951e-01 7.641065e-04 -3.019291e-03 7.996238e+00 -7.596828e-04 9.999986e-01 1.466052e-03 -1.637336e+00 3.020406e-03 -1.463752e-03 9.999944e-01 6.418968e+01
9.999891e-01 -1.204771e-03 -4.518143e-03 8.504526e+00 1.195452e-03 9.999972e-01 -2.064636e-03 -1.647207e+00 4.520618e-03 2.059213e-03 9.999877e-01 6.374970e+01
9.999955e-01 6.087748e-04 -2.930999e-03 8.966562e+00 -6.039129e-04 9.999984e-01 1.659439e-03 -1.657061e+00 2.932004e-03 -1.657663e-03 9.999943e-01 6.334348e+01
9.999876e-01 -1.178221e-03 -4.847724e-03 9.488809e+00 1.167225e-03 9.999967e-01 -2.270474e-03 -1.667490e+00 4.850384e-03 2.264788e-03 9.999857e-01 6.289197e+01
9.999964e-01 3.532705e-04 -2.651601e-03 1.008722e+01 -3.491604e-04 9.999987e-01 1.550386e-03 -1.678060e+00 2.652145e-03 -1.549455e-03 9.999953e-01 6.235017e+01
9.999911e-01 -8.922949e-04 -4.127448e-03 1.058016e+01 8.848190e-04 9.999980e-01 -1.812799e-03 -1.687918e+00 4.129057e-03 1.809131e-03 9.999898e-01 6.189703e+01
9.999913e-01 4.586516e-04 -4.150451e-03 1.100184e+01 -4.534338e-04 9.999991e-01 1.258072e-03 -1.697528e+00 4.151024e-03 -1.256180e-03 9.999906e-01 6.154117e+01
9.999919e-01 -1.243206e-03 -3.828590e-03 1.172941e+01 1.234618e-03 9.999967e-01 -2.244660e-03 -1.710167e+00 3.831369e-03 2.239916e-03 9.999902e-01 6.091406e+01
9.999924e-01 4.348904e-05 -3.894518e-03 1.257969e+01 -3.919148e-05 9.999994e-01 1.103606e-03 -1.722685e+00 3.894563e-03 -1.103446e-03 9.999918e-01 6.014891e+01
9.999948e-01 -1.029944e-03 -3.070977e-03 1.331782e+01 1.024751e-03 9.999980e-01 -1.692158e-03 -1.734095e+00 3.072714e-03 1.689003e-03 9.999939e-01 5.949042e+01
9.999910e-01 1.999520e-04 -4.242901e-03 1.394828e+01 -1.947029e-04 9.999992e-01 1.237563e-03 -1.744925e+00 4.243144e-03 -1.236726e-03 9.999902e-01 5.894064e+01
9.999946e-01 -8.127320e-04 -3.180526e-03 1.444426e+01 8.075454e-04 9.999983e-01 -1.631754e-03 -1.755216e+00 3.181847e-03 1.629178e-03 9.999936e-01 5.851575e+01
9.999903e-01 2.813276e-04 -4.391749e-03 1.493854e+01 -2.760172e-04 9.999992e-01 1.209784e-03 -1.765748e+00 4.392085e-03 -1.208561e-03 9.999896e-01 5.809645e+01
9.999956e-01 -7.692092e-04 -2.880482e-03 1.541061e+01 7.646146e-04 9.999984e-01 -1.595923e-03 -1.776128e+00 2.881706e-03 1.593714e-03 9.999946e-01 5.770271e+01
9.999909e-01 2.359758e-04 -4.270781e-03 1.581401e+01 -2.304523e-04 9.999991e-01 1.293816e-03 -1.786073e+00 4.271083e-03 -1.292820e-03 9.999900e-01 5.736060e+01
9.999954e-01 -7.248232e-04 -2.961003e-03 1.616210e+01 7.204925e-04 9.999987e-01 -1.463444e-03 -1.795432e+00 2.962060e-03 1.461305e-03 9.999945e-01 5.705892e+01
9.999896e-01 1.515218e-04 -4.564250e-03 1.655259e+01 -1.469125e-04 9.999995e-01 1.010233e-03 -1.804944e+00 4.564400e-03 -1.009553e-03 9.999891e-01 5.672033e+01
9.999969e-01 -6.471932e-04 -2.389585e-03 1.704420e+01 6.435662e-04 9.999986e-01 -1.518373e-03 -1.815120e+00 2.390565e-03 1.516831e-03 9.999960e-01 5.629688e+01
9.999861e-01 7.644576e-05 -5.264347e-03 1.766334e+01 -7.133698e-05 9.999995e-01 9.706681e-04 -1.826199e+00 5.264418e-03 -9.702797e-04 9.999857e-01 5.577330e+01
9.999967e-01 -8.404525e-04 -2.412408e-03 1.820127e+01 8.373416e-04 9.999988e-01 -1.290361e-03 -1.837050e+00 2.413490e-03 1.288338e-03 9.999963e-01 5.531996e+01
9.999844e-01 3.949964e-04 -5.570806e-03 1.877076e+01 -3.911324e-04 9.999997e-01 6.947302e-04 -1.847526e+00 5.571078e-03 -6.925411e-04 9.999842e-01 5.482730e+01
9.999981e-01 -7.807337e-04 -1.807970e-03 1.936807e+01 7.784255e-04 9.999989e-01 -1.277174e-03 -1.857914e+00 1.808965e-03 1.275765e-03 9.999975e-01 5.429744e+01
9.999827e-01 4.094496e-04 -5.861048e-03 1.977954e+01 -4.056417e-04 9.999997e-01 6.509043e-04 -1.867333e+00 5.861313e-03 -6.485162e-04 9.999826e-01 5.394255e+01
9.999988e-01 -9.134420e-04 -1.287608e-03 2.017894e+01 9.121825e-04 9.999991e-01 -9.785919e-04 -1.876952e+00 1.288501e-03 9.774168e-04 9.999987e-01 5.357753e+01
9.999824e-01 1.306699e-04 -5.933022e-03 2.067282e+01 -1.303342e-04 1.000000e+00 5.700306e-05 -1.886767e+00 5.933029e-03 -5.622945e-05 9.999824e-01 5.313541e+01
9.999991e-01 -8.690463e-04 -1.051252e-03 2.132896e+01 8.683525e-04 9.999994e-01 -6.604962e-04 -1.897238e+00 1.051825e-03 6.595834e-04 9.999992e-01 5.255067e+01
9.999796e-01 4.327613e-04 -6.374273e-03 2.183850e+01 -4.304689e-04 9.999998e-01 3.610394e-04 -1.906782e+00 6.374428e-03 -3.582888e-04 9.999796e-01 5.208472e+01
9.999993e-01 -7.265063e-04 -8.860393e-04 2.244997e+01 7.260012e-04 9.999996e-01 -5.705118e-04 -1.918295e+00 8.864536e-04 5.698688e-04 9.999994e-01 5.157255e+01
9.999760e-01 3.847336e-05 -6.922282e-03 2.306726e+01 -3.693943e-05 1.000000e+00 2.217533e-04 -1.929671e+00 6.922290e-03 -2.214929e-04 9.999760e-01 5.104936e+01
9.999996e-01 -4.731950e-04 -6.957593e-04 2.358403e+01 4.726288e-04 9.999996e-01 -8.140902e-04 -1.940240e+00 6.961445e-04 8.137617e-04 9.999994e-01 5.060612e+01
9.999786e-01 5.117493e-05 -6.534340e-03 2.409019e+01 -4.813580e-05 9.999999e-01 4.652932e-04 -1.949608e+00 6.534362e-03 -4.649694e-04 9.999785e-01 5.014139e+01
9.999996e-01 -6.481697e-04 -6.832584e-04 2.462448e+01 6.474861e-04 9.999993e-01 -1.000642e-03 -1.960429e+00 6.839068e-04 1.000200e-03 9.999993e-01 4.965405e+01
9.999788e-01 1.445098e-04 -6.505083e-03 2.497177e+01 -1.389962e-04 9.999996e-01 8.480602e-04 -1.969533e+00 6.505203e-03 -8.471387e-04 9.999785e-01 4.934282e+01
9.999996e-01 -7.991230e-04 -2.909477e-04 2.530670e+01 7.988257e-04 9.999992e-01 -1.021333e-03 -1.978317e+00 2.917639e-04 1.021101e-03 9.999994e-01 4.902577e+01
9.999847e-01 -1.241327e-05 -5.538555e-03 2.572188e+01 1.356953e-05 1.000000e+00 2.087726e-04 -1.989061e+00 5.538552e-03 -2.088452e-04 9.999846e-01 4.867769e+01
9.999989e-01 -6.850518e-04 -1.286434e-03 2.631146e+01 6.840834e-04 9.999995e-01 -7.532558e-04 -1.998987e+00 1.286950e-03 7.523757e-04 9.999989e-01 4.814267e+01
9.999845e-01 9.798427e-05 -5.564671e-03 2.677481e+01 -9.537258e-05 9.999999e-01 4.696432e-04 -2.008295e+00 5.564716e-03 -4.691059e-04 9.999844e-01 4.771564e+01
9.999988e-01 -6.643200e-04 -1.404098e-03 2.715800e+01 6.630157e-04 9.999993e-01 -9.293982e-04 -2.017431e+00 1.404714e-03 9.284668e-04 9.999986e-01 4.737937e+01
9.999857e-01 1.930473e-04 -5.343185e-03 2.752269e+01 -1.890227e-04 9.999997e-01 7.537525e-04 -2.026173e+00 5.343328e-03 -7.527324e-04 9.999854e-01 4.704422e+01
9.999987e-01 -4.675439e-04 -1.514450e-03 2.773756e+01 4.662710e-04 9.999995e-01 -8.409727e-04 -2.034592e+00 1.514843e-03 8.402662e-04 9.999985e-01 4.686848e+01
9.999800e-01 -3.577921e-05 -6.317331e-03 2.817453e+01 3.670476e-05 1.000000e+00 1.464346e-04 -2.044293e+00 6.317325e-03 -1.466642e-04 9.999800e-01 4.649890e+01
9.999962e-01 -1.233868e-03 -2.445880e-03 2.884802e+01 1.230170e-03 9.999981e-01 -1.513208e-03 -2.054634e+00 2.447743e-03 1.510195e-03 9.999959e-01 4.591747e+01
9.999636e-01 9.879750e-04 -8.477747e-03 2.956386e+01 -9.797552e-04 9.999990e-01 9.737086e-04 -2.076013e+00 8.478701e-03 -9.653677e-04 9.999636e-01 4.592035e+01
9.999910e-01 -3.266704e-03 -2.695752e-03 3.020881e+01 3.266529e-03 9.999947e-01 -6.951140e-05 -2.098404e+00 2.695965e-03 6.070568e-05 9.999964e-01 4.606259e+01
9.999849e-01 2.745272e-03 -4.754552e-03 3.071937e+01 -2.746960e-03 9.999962e-01 -3.484493e-04 -2.108642e+00 4.753577e-03 3.615040e-04 9.999886e-01 4.560933e+01
9.999929e-01 -3.479034e-03 -1.473919e-03 3.117309e+01 3.479209e-03 9.999939e-01 1.160480e-04 -2.118293e+00 1.473507e-03 -1.211746e-04 9.999989e-01 4.518932e+01
9.999804e-01 3.009931e-03 -5.493303e-03 3.175279e+01 -3.013718e-03 9.999952e-01 -6.811721e-04 -2.128394e+00 5.491227e-03 6.977134e-04 9.999847e-01 4.467606e+01
9.999920e-01 -3.692331e-03 -1.548074e-03 3.247332e+01 3.692315e-03 9.999932e-01 -1.327128e-05 -2.139442e+00 1.548113e-03 7.555846e-06 9.999988e-01 4.403652e+01
9.999801e-01 3.023158e-03 -5.541057e-03 3.318862e+01 -3.027231e-03 9.999952e-01 -7.268365e-04 -2.150341e+00 5.538832e-03 7.435954e-04 9.999844e-01 4.338905e+01
9.999911e-01 -3.672751e-03 -2.074504e-03 3.395595e+01 3.672717e-03 9.999933e-01 -2.057426e-05 -2.161190e+00 2.074566e-03 1.295565e-05 9.999978e-01 4.270470e+01
9.999828e-01 2.823123e-03 -5.139074e-03 3.462197e+01 -2.826203e-03 9.999958e-01 -5.921759e-04 -2.171869e+00 5.137380e-03 6.066891e-04 9.999866e-01 4.210518e+01
9.999909e-01 -3.518124e-03 -2.400036e-03 3.522366e+01 3.517920e-03 9.999938e-01 -8.933443e-05 -2.181895e+00 2.400336e-03 8.089112e-05 9.999971e-01 4.155886e+01
9.999848e-01 2.882371e-03 -4.701164e-03 3.586469e+01 -2.885694e-03 9.999956e-01 -7.002345e-04 -2.193009e+00 4.699125e-03 7.137893e-04 9.999887e-01 4.099130e+01
9.999912e-01 -1.953808e-03 -3.719963e-03 3.711837e+01 1.952540e-03 9.999980e-01 -3.446868e-04 -2.229571e+00 3.720629e-03 3.374210e-04 9.999930e-01 4.163671e+01
9.997007e-01 -2.291714e-03 -2.435684e-02 3.883287e+01 2.400350e-03 9.999873e-01 4.431881e-03 -2.270263e+00 2.434638e-02 -4.489020e-03 9.996935e-01 4.204720e+01
9.998626e-01 1.743905e-03 1.648699e-02 3.936646e+01 -1.658243e-03 9.999851e-01 -5.207938e-03 -2.279978e+00 -1.649583e-02 5.179884e-03 9.998505e-01 4.157468e+01
9.997220e-01 -2.441000e-03 -2.345315e-02 3.999221e+01 2.548647e-03 9.999864e-01 4.561097e-03 -2.289926e+00 2.344170e-02 -4.619603e-03 9.997145e-01 4.099098e+01
9.998656e-01 1.946396e-03 1.628047e-02 4.069148e+01 -1.864712e-03 9.999856e-01 -5.030942e-03 -2.300430e+00 -1.629003e-02 4.999908e-03 9.998548e-01 4.035556e+01
9.997104e-01 -2.543914e-03 -2.392853e-02 4.126258e+01 2.651038e-03 9.999866e-01 4.446185e-03 -2.311455e+00 2.391690e-02 -4.508334e-03 9.997038e-01 3.984005e+01
9.998673e-01 2.067875e-03 1.615940e-02 4.172545e+01 -1.992400e-03 9.999870e-01 -4.685327e-03 -2.321293e+00 -1.616888e-02 4.652510e-03 9.998585e-01 3.941891e+01
9.997694e-01 -2.452935e-03 -2.133238e-02 4.218148e+01 2.542786e-03 9.999880e-01 4.185844e-03 -2.333079e+00 2.132186e-02 -4.239123e-03 9.997637e-01 3.902575e+01
9.999306e-01 2.562349e-03 1.149701e-02 4.300838e+01 -2.513466e-03 9.999877e-01 -4.264272e-03 -2.347530e+00 -1.150779e-02 4.235079e-03 9.999248e-01 3.842931e+01
9.998092e-01 -3.651103e-03 -1.918826e-02 4.377535e+01 3.729557e-03 9.999848e-01 4.054444e-03 -2.360663e+00 1.917317e-02 -4.125234e-03 9.998077e-01 3.777645e+01
9.999353e-01 2.908883e-03 1.099888e-02 4.442857e+01 -2.853279e-03 9.999831e-01 -5.067712e-03 -2.371959e+00 -1.101343e-02 5.036001e-03 9.999267e-01 3.722223e+01
9.998224e-01 -3.623953e-03 -1.849193e-02 4.501710e+01 3.707959e-03 9.999830e-01 4.510606e-03 -2.381740e+00 1.847527e-02 -4.578373e-03 9.998188e-01 3.668502e+01
9.999313e-01 2.824947e-03 1.137973e-02 4.552474e+01 -2.770008e-03 9.999844e-01 -4.840670e-03 -2.392233e+00 -1.139323e-02 4.808816e-03 9.999235e-01 3.621917e+01
9.998282e-01 -3.659460e-03 -1.816808e-02 4.614205e+01 3.733269e-03 9.999849e-01 4.030337e-03 -2.403172e+00 1.815306e-02 -4.097472e-03 9.998268e-01 3.566282e+01
9.999533e-01 3.266518e-03 9.099812e-03 4.769191e+01 -3.216447e-03 9.999796e-01 -5.511643e-03 -2.423012e+00 -9.117630e-03 5.482117e-03 9.999434e-01 3.451905e+01
9.998582e-01 -4.107272e-03 -1.632995e-02 4.846421e+01 4.184756e-03 9.999801e-01 4.713612e-03 -2.434410e+00 1.631026e-02 -4.781281e-03 9.998555e-01 3.382872e+01
9.999542e-01 3.354204e-03 8.967577e-03 4.919299e+01 -3.305730e-03 9.999799e-01 -5.414900e-03 -2.445521e+00 -8.985559e-03 5.385008e-03 9.999451e-01 3.316657e+01
9.998615e-01 -3.973005e-03 -1.616071e-02 4.983410e+01 4.050212e-03 9.999805e-01 4.747536e-03 -2.455988e+00 1.614153e-02 -4.812333e-03 9.998581e-01 3.258585e+01
9.999536e-01 3.228177e-03 9.074912e-03 5.039749e+01 -3.180926e-03 9.999813e-01 -5.216285e-03 -2.466062e+00 -9.091581e-03 5.187177e-03 9.999452e-01 3.205584e+01
9.998729e-01 -3.781650e-03 -1.548509e-02 5.085470e+01 3.855876e-03 9.999812e-01 4.766340e-03 -2.475185e+00 1.546678e-02 -4.825444e-03 9.998687e-01 3.162758e+01
9.999486e-01 3.873133e-03 9.367345e-03 5.098100e+01 -3.829343e-03 9.999817e-01 -4.688198e-03 -2.483633e+00 -9.385331e-03 4.652087e-03 9.999451e-01 3.160848e+01
9.998295e-01 -4.927339e-03 -1.779782e-02 5.126944e+01 4.986740e-03 9.999821e-01 3.294679e-03 -2.493014e+00 1.778126e-02 -3.382870e-03 9.998362e-01 3.140017e+01
9.999227e-01 4.895839e-03 1.142663e-02 5.164816e+01 -4.851308e-03 9.999805e-01 -3.921600e-03 -2.502072e+00 -1.144560e-02 3.865864e-03 9.999270e-01 3.108413e+01
9.998371e-01 -4.731633e-03 -1.742045e-02 5.204505e+01 4.785671e-03 9.999839e-01 3.061615e-03 -2.511590e+00 1.740569e-02 -3.144485e-03 9.998436e-01 3.077592e+01
9.999296e-01 5.039228e-03 1.073881e-02 5.282595e+01 -4.994165e-03 9.999786e-01 -4.218907e-03 -2.526196e+00 -1.075985e-02 4.164979e-03 9.999334e-01 3.017435e+01
9.998180e-01 -5.301568e-03 -1.832518e-02 5.345136e+01 5.361862e-03 9.999804e-01 3.242644e-03 -2.538878e+00 1.830763e-02 -3.340312e-03 9.998268e-01 2.963634e+01
9.999326e-01 4.869476e-03 1.053634e-02 5.398786e+01 -4.828035e-03 9.999805e-01 -3.955002e-03 -2.549660e+00 -1.055540e-02 3.903866e-03 9.999367e-01 2.917074e+01
9.998228e-01 -5.542743e-03 -1.799187e-02 5.455045e+01 5.600759e-03 9.999793e-01 3.175761e-03 -2.560604e+00 1.797389e-02 -3.275966e-03 9.998331e-01 2.865879e+01
9.999346e-01 4.625774e-03 1.045547e-02 5.524522e+01 -4.585934e-03 9.999821e-01 -3.831185e-03 -2.572708e+00 -1.047300e-02 3.782987e-03 9.999380e-01 2.804731e+01
9.998275e-01 -5.397407e-03 -1.777204e-02 5.589284e+01 5.455882e-03 9.999799e-01 3.243477e-03 -2.583900e+00 1.775418e-02 -3.339880e-03 9.998368e-01 2.747299e+01
9.999376e-01 4.761531e-03 1.010780e-02 5.652782e+01 -4.722309e-03 9.999812e-01 -3.900740e-03 -2.594596e+00 -1.012618e-02 3.852765e-03 9.999413e-01 2.690699e+01
9.998245e-01 -5.613311e-03 -1.787199e-02 5.729065e+01 5.666134e-03 9.999797e-01 2.906352e-03 -2.606550e+00 1.785532e-02 -3.007108e-03 9.998361e-01 2.624168e+01
9.999366e-01 4.909956e-03 1.013378e-02 5.833615e+01 -4.865856e-03 9.999786e-01 -4.371829e-03 -2.620496e+00 -1.015503e-02 4.322243e-03 9.999391e-01 2.534922e+01
9.998272e-01 -6.291511e-03 -1.749041e-02 5.940431e+01 6.348129e-03 9.999748e-01 3.183470e-03 -2.634926e+00 1.746994e-02 -3.293952e-03 9.998420e-01 2.441969e+01
9.999365e-01 5.455515e-03 9.859401e-03 6.017376e+01 -5.416134e-03 9.999773e-01 -4.016541e-03 -2.646879e+00 -9.881089e-03 3.962887e-03 9.999433e-01 2.373655e+01
9.998304e-01 -6.271520e-03 -1.731847e-02 6.093864e+01 6.326781e-03 9.999751e-01 3.137926e-03 -2.658931e+00 1.729836e-02 -3.246965e-03 9.998451e-01 2.306836e+01
9.999365e-01 5.457249e-03 9.860165e-03 6.170201e+01 -5.418796e-03 9.999776e-01 -3.922346e-03 -2.670998e+00 -9.881349e-03 3.868668e-03 9.999437e-01 2.239960e+01
9.998283e-01 -6.142233e-03 -1.748135e-02 6.236943e+01 6.199424e-03 9.999756e-01 3.219269e-03 -2.682090e+00 1.746115e-02 -3.327091e-03 9.998420e-01 2.181289e+01
9.999343e-01 5.547116e-03 1.002925e-02 6.298253e+01 -5.508721e-03 9.999774e-01 -3.851826e-03 -2.693087e+00 -1.005039e-02 3.796326e-03 9.999423e-01 2.127839e+01
9.998284e-01 -6.241758e-03 -1.744141e-02 6.355572e+01 6.301132e-03 9.999745e-01 3.351325e-03 -2.703733e+00 1.742004e-02 -3.460651e-03 9.998423e-01 2.077702e+01
9.999340e-01 5.543926e-03 1.006632e-02 6.410833e+01 -5.505708e-03 9.999775e-01 -3.820300e-03 -2.714320e+00 -1.008728e-02 3.764626e-03 9.999420e-01 2.028901e+01
9.998267e-01 -5.820430e-03 -1.768526e-02 6.473118e+01 5.877647e-03 9.999777e-01 3.185093e-03 -2.725048e+00 1.766633e-02 -3.288489e-03 9.998385e-01 1.973645e+01
9.999426e-01 5.305009e-03 9.312901e-03 6.551642e+01 -5.264730e-03 9.999767e-01 -4.344220e-03 -2.736145e+00 -9.335730e-03 4.294941e-03 9.999472e-01 1.902019e+01
9.998201e-01 -5.795908e-03 -1.806298e-02 6.639151e+01 5.844537e-03 9.999794e-01 2.640584e-03 -2.748361e+00 1.804730e-02 -2.745679e-03 9.998334e-01 1.823273e+01
9.999327e-01 5.284016e-03 1.033221e-02 6.741088e+01 -5.238164e-03 9.999763e-01 -4.459734e-03 -2.761904e+00 -1.035553e-02 4.405313e-03 9.999367e-01 1.730357e+01
9.997979e-01 -5.721425e-03 -1.927032e-02 6.846597e+01 5.771974e-03 9.999800e-01 2.568598e-03 -2.774582e+00 1.925524e-02 -2.679307e-03 9.998110e-01 1.635011e+01
9.999365e-01 5.128675e-03 1.003656e-02 6.951668e+01 -5.083723e-03 9.999770e-01 -4.499207e-03 -2.787232e+00 -1.005941e-02 4.447899e-03 9.999395e-01 1.538778e+01
9.998094e-01 -5.664732e-03 -1.868514e-02 7.049848e+01 5.714338e-03 9.999803e-01 2.602549e-03 -2.800739e+00 1.867003e-02 -2.708827e-03 9.998220e-01 1.449394e+01
9.999189e-01 4.809595e-03 1.179588e-02 7.119134e+01 -4.768772e-03 9.999826e-01 -3.486385e-03 -2.812988e+00 -1.181244e-02 3.429851e-03 9.999243e-01 1.386255e+01
9.998096e-01 -5.270124e-03 -1.878572e-02 7.170307e+01 5.323811e-03 9.999819e-01 2.809044e-03 -2.822474e+00 1.877057e-02 -2.908521e-03 9.998196e-01 1.339067e+01
9.999225e-01 5.145837e-03 1.133747e-02 7.242693e+01 -5.104317e-03 9.999802e-01 -3.688098e-03 -2.833041e+00 -1.135622e-02 3.629943e-03 9.999289e-01 1.276596e+01
9.997964e-01 -5.648857e-03 -1.937152e-02 7.323894e+01 5.707318e-03 9.999793e-01 2.963953e-03 -2.843086e+00 1.935438e-02 -3.073910e-03 9.998080e-01 1.202215e+01
9.999045e-01 5.290760e-03 1.276335e-02 7.397003e+01 -5.238495e-03 9.999778e-01 -4.124804e-03 -2.855069e+00 -1.278489e-02 4.057551e-03 9.999100e-01 1.135277e+01
9.997704e-01 -5.986485e-03 -2.057350e-02 7.458931e+01 6.053629e-03 9.999765e-01 3.202908e-03 -2.865689e+00 2.055384e-02 -3.326718e-03 9.997832e-01 1.081929e+01
9.998977e-01 5.324539e-03 1.327700e-02 7.529241e+01 -5.271506e-03 9.999780e-01 -4.026175e-03 -2.876760e+00 -1.329815e-02 3.955774e-03 9.999038e-01 1.019392e+01
9.997635e-01 -5.841581e-03 -2.095020e-02 7.609082e+01 5.903550e-03 9.999784e-01 2.897311e-03 -2.888475e+00 2.093283e-02 -3.020307e-03 9.997763e-01 9.525063e+00
9.998999e-01 5.087845e-03 1.320212e-02 7.697281e+01 -5.036497e-03 9.999796e-01 -3.919643e-03 -2.900682e+00 -1.322179e-02 3.852758e-03 9.999052e-01 8.744902e+00
9.997042e-01 -6.626575e-03 -2.340129e-02 7.823205e+01 6.693893e-03 9.999737e-01 2.799542e-03 -2.917681e+00 2.338212e-02 -2.955360e-03 9.997222e-01 7.693541e+00
9.998825e-01 5.404046e-03 1.434379e-02 7.928895e+01 -5.350103e-03 9.999785e-01 -3.796410e-03 -2.932546e+00 -1.436399e-02 3.719224e-03 9.998899e-01 6.797842e+00
9.997398e-01 -6.279826e-03 -2.193093e-02 8.016458e+01 6.344373e-03 9.999757e-01 2.874889e-03 -2.945095e+00 2.191234e-02 -3.013280e-03 9.997554e-01 6.035963e+00
