9.999731e-01 -1.144334e-04 -7.333877e-03 3.634991e-02 1.166579e-04 9.999999e-01 3.028968e-04 -9.034322e-03 7.333842e-03 -3.037450e-04 9.999731e-01 6.546432e-02
9.999971e-01 -2.063970e-04 2.409379e-03 7.051434e-02 2.075630e-04 9.999999e-01 -4.836690e-04 -1.627588e-02 -2.409278e-03 4.841684e-04 9.999970e-01 1.482083e-01
9.999649e-01 -1.268026e-04 -8.376086e-03 2.129239e-01 1.303205e-04 9.999999e-01 4.194581e-04 -2.456425e-02 8.376031e-03 -4.205356e-04 9.999648e-01 4.993242e-02
9.999988e-01 -1.703436e-04 1.519897e-03 2.765794e-01 1.706596e-04 1.000000e+00 -2.077599e-04 -3.327750e-02 -1.519861e-03 2.080198e-04 9.999988e-01 4.679534e-02
9.999768e-01 -1.558804e-04 -6.811012e-03 2.526372e-01 1.574292e-04 1.000000e+00 2.268721e-04 -4.064995e-02 6.810976e-03 -2.279398e-04 9.999768e-01 1.912557e-01
9.999998e-01 -1.623308e-04 5.266539e-04 2.402141e-01 1.624206e-04 1.000000e+00 -1.704040e-04 -4.809588e-02 -5.266259e-04 1.704903e-04 9.999998e-01 2.944380e-01
9.999729e-01 -9.242634e-05 -7.363823e-03 2.878538e-01 9.464119e-05 1.000000e+00 3.004322e-04 -5.575153e-02 7.363795e-03 -3.011217e-04 9.999728e-01 3.112887e-01
1.000000e+00 -2.251742e-04 -7.800441e-05 3.199770e-01 2.251580e-04 1.000000e+00 -2.082195e-04 -6.400886e-02 7.805164e-05 2.082027e-04 1.000000e+00 3.303524e-01
9.999752e-01 6.602807e-05 -7.042869e-03 3.132905e-01 -6.328588e-05 9.999999e-01 3.895843e-04 -7.145271e-02 7.042893e-03 -3.891296e-04 9.999751e-01 4.171962e-01
9.999997e-01 -3.910590e-04 6.656717e-04 3.114881e-01 3.911956e-04 9.999999e-01 -2.049985e-04 -7.842138e-02 -6.655911e-04 2.052596e-04 9.999998e-01 4.876855e-01
9.999685e-01 7.645194e-05 -7.936805e-03 3.843209e-01 -7.376221e-05 9.999999e-01 3.391912e-04 -8.630845e-02 7.936831e-03 -3.385958e-04 9.999684e-01 4.519163e-01
9.999989e-01 -4.163924e-04 1.414370e-03 4.428898e-01 4.169713e-04 9.999998e-01 -4.089943e-04 -9.428104e-02 -1.414199e-03 4.095843e-04 9.999989e-01 4.567039e-01
9.999617e-01 1.223364e-04 -8.748820e-03 4.781198e-01 -1.168478e-04 9.999998e-01 6.278652e-04 -1.026325e-01 8.748894e-03 -6.268196e-04 9.999615e-01 4.794296e-01
9.999976e-01 -4.510589e-04 2.146982e-03 4.816095e-01 4.519970e-04 9.999998e-01 -4.364564e-04 -1.104270e-01 -2.146784e-03 4.374265e-04 9.999976e-01 5.436669e-01
9.999662e-01 2.040401e-04 -8.223044e-03 4.833613e-01 -1.985882e-04 9.999998e-01 6.638188e-04 -1.183894e-01 8.223177e-03 -6.621640e-04 9.999660e-01 6.368475e-01
9.999957e-01 -5.838407e-04 2.885118e-03 5.135061e-01 5.859287e-04 9.999996e-01 -7.228832e-04 -1.257028e-01 -2.884695e-03 7.245713e-04 9.999956e-01 6.767949e-01
9.999546e-01 2.145744e-04 -9.529327e-03 5.574491e-01 -2.071686e-04 9.999997e-01 7.781423e-04 -1.331254e-01 9.529491e-03 -7.761335e-04 9.999543e-01 6.695791e-01
9.999961e-01 -5.040380e-04 2.762332e-03 6.807715e-01 5.063450e-04 9.999995e-01 -8.344997e-04 -1.411437e-01 -2.761910e-03 8.358958e-04 9.999958e-01 5.801511e-01
9.999452e-01 1.265358e-04 -1.046490e-02 7.184255e-01 -1.162970e-04 9.999995e-01 9.790038e-04 -1.491402e-01 1.046502e-02 -9.777338e-04 9.999448e-01 5.858658e-01
9.999910e-01 -4.469770e-04 4.226291e-03 7.332140e-01 4.508602e-04 9.999995e-01 -9.178937e-04 -1.559298e-01 -4.225878e-03 9.197916e-04 9.999906e-01 6.376132e-01
9.999370e-01 1.843041e-04 -1.122511e-02 9.136112e-01 -1.749280e-04 9.999996e-01 8.362568e-04 -1.644465e-01 1.122526e-02 -8.342412e-04 9.999366e-01 4.975032e-01
9.999923e-01 -5.040782e-04 3.885963e-03 9.485160e-01 5.063501e-04 9.999997e-01 -5.836498e-04 -1.727470e-01 -3.885667e-03 5.856137e-04 9.999923e-01 5.231961e-01
9.999477e-01 2.617594e-04 -1.022272e-02 9.317481e-01 -2.534955e-04 9.999996e-01 8.096784e-04 -1.805374e-01 1.022293e-02 -8.070454e-04 9.999474e-01 6.452959e-01
9.999928e-01 -5.507394e-04 3.747507e-03 9.701337e-01 5.530037e-04 9.999997e-01 -6.031792e-04 -1.890928e-01 -3.747173e-03 6.052479e-04 9.999928e-01 6.805838e-01
9.999542e-01 1.100883e-04 -9.569732e-03 9.867250e-01 -1.032583e-04 9.999997e-01 7.142110e-04 -1.969128e-01 9.569808e-03 -7.131909e-04 9.999540e-01 7.255714e-01
9.999968e-01 -4.114973e-04 2.478313e-03 1.004862e+00 4.130618e-04 9.999997e-01 -6.307834e-04 -2.039237e-01 -2.478052e-03 6.318058e-04 9.999967e-01 7.493836e-01
9.999558e-01 1.871590e-04 -9.403941e-03 1.068099e+00 -1.806281e-04 9.999997e-01 6.953414e-04 -2.114897e-01 9.404068e-03 -6.936127e-04 9.999555e-01 7.276542e-01
9.999981e-01 -4.010276e-04 1.886504e-03 1.241486e+00 4.022940e-04 9.999997e-01 -6.709194e-04 -2.206198e-01 -1.886234e-03 6.716778e-04 9.999980e-01 6.230941e-01
9.999619e-01 -1.555720e-04 -8.726109e-03 1.503587e+00 1.606458e-04 9.999998e-01 5.807660e-04 -2.303780e-01 8.726017e-03 -5.821464e-04 9.999618e-01 4.102678e-01
9.999964e-01 -4.856254e-04 2.653550e-03 1.708908e+00 4.873840e-04 9.999997e-01 -6.620982e-04 -2.393508e-01 -2.653227e-03 6.633898e-04 9.999963e-01 2.347721e-01
9.999534e-01 2.258950e-04 -9.654010e-03 1.836006e+00 -2.191523e-04 9.999997e-01 6.995022e-04 -2.479603e-01 9.654165e-03 -6.973546e-04 9.999532e-01 1.517370e-01
9.999960e-01 -5.969207e-04 2.759065e-03 2.014504e+00 5.989100e-04 9.999996e-01 -7.202066e-04 -2.566492e-01 -2.758633e-03 7.218569e-04 9.999959e-01 1.821780e-02
9.999521e-01 2.754298e-04 -9.781548e-03 2.245551e+00 -2.697408e-04 9.999998e-01 5.829308e-04 -2.653931e-01 9.781706e-03 -5.802651e-04 9.999520e-01 -1.726651e-01
9.999960e-01 -5.423231e-04 2.774564e-03 2.469571e+00 5.442616e-04 9.999996e-01 -6.979160e-04 -2.739393e-01 -2.774185e-03 6.994240e-04 9.999959e-01 -3.556541e-01
9.999493e-01 2.093466e-04 -1.006641e-02 2.709448e+00 -2.032440e-04 9.999998e-01 6.072573e-04 -2.828291e-01 1.006654e-02 -6.051813e-04 9.999491e-01 -5.526609e-01
9.999949e-01 -6.453782e-04 3.136673e-03 2.978536e+00 6.481160e-04 9.999994e-01 -8.718927e-04 -2.916493e-01 -3.136108e-03 8.739218e-04 9.999947e-01 -7.855636e-01
9.999475e-01 2.842608e-04 -1.024600e-02 3.259596e+00 -2.780536e-04 9.999998e-01 6.072385e-04 -3.002305e-01 1.024617e-02 -6.043584e-04 9.999473e-01 -1.029843e+00
9.999953e-01 -5.249260e-04 3.031423e-03 3.489786e+00 5.272592e-04 9.999996e-01 -7.688655e-04 -3.084403e-01 -3.031018e-03 7.704609e-04 9.999951e-01 -1.230467e+00
9.999503e-01 2.982145e-04 -9.963069e-03 3.674175e+00 -2.924100e-04 9.999998e-01 5.840686e-04 -3.167155e-01 9.963241e-03 -5.811270e-04 9.999502e-01 -1.375804e+00
9.999949e-01 -6.360696e-04 3.124308e-03 3.879643e+00 6.386498e-04 9.999995e-01 -8.248980e-04 -3.247784e-01 -3.123781e-03 8.268898e-04 9.999948e-01 -1.556227e+00
9.999494e-01 3.131616e-04 -1.005237e-02 4.156185e+00 -3.091341e-04 9.999999e-01 4.022149e-04 -3.330419e-01 1.005249e-02 -3.990877e-04 9.999494e-01 -1.796195e+00
9.999962e-01 -6.202376e-04 2.669431e-03 4.401534e+00 6.218289e-04 9.999996e-01 -5.952963e-04 -3.408187e-01 -2.669061e-03 5.969547e-04 9.999963e-01 -2.019889e+00
9.999535e-01 3.021339e-04 -9.635794e-03 4.667224e+00 -2.987570e-04 9.999999e-01 3.519027e-04 -3.490617e-01 9.635899e-03 -3.490083e-04 9.999535e-01 -2.252823e+00
9.999963e-01 -6.176484e-04 2.634605e-03 4.908350e+00 6.191364e-04 9.999996e-01 -5.639675e-04 -3.571982e-01 -2.634255e-03 5.655973e-04 9.999964e-01 -2.462125e+00
9.999534e-01 2.797067e-04 -9.651710e-03 5.104257e+00 -2.751790e-04 9.999999e-01 4.704495e-04 -3.652985e-01 9.651839e-03 -4.677723e-04 9.999533e-01 -2.629103e+00
9.999961e-01 -7.748583e-04 2.680489e-03 5.397058e+00 7.774948e-04 9.999992e-01 -9.826387e-04 -3.736486e-01 -2.679725e-03 9.847196e-04 9.999959e-01 -2.890398e+00
9.999525e-01 3.872878e-04 -9.741640e-03 5.734154e+00 -3.812230e-04 9.999997e-01 6.244190e-04 -3.818522e-01 9.741879e-03 -6.206763e-04 9.999524e-01 -3.197657e+00
9.999952e-01 -7.427927e-04 3.001170e-03 6.086609e+00 7.460303e-04 9.999991e-01 -1.077752e-03 -3.904958e-01 -3.000367e-03 1.079987e-03 9.999949e-01 -3.516028e+00
9.999527e-01 5.055102e-04 -9.715409e-03 6.440774e+00 -4.984999e-04 9.999996e-01 7.239889e-04 -3.995939e-01 9.715771e-03 -7.191122e-04 9.999525e-01 -3.822990e+00
9.999959e-01 -9.406211e-04 2.706580e-03 6.803972e+00 9.437221e-04 9.999989e-01 -1.144615e-03 -4.078302e-01 -2.705500e-03 1.147165e-03 9.999957e-01 -4.157192e+00
9.999548e-01 6.226730e-04 -9.486303e-03 7.147436e+00 -6.163445e-04 9.999996e-01 6.700398e-04 -4.168002e-01 9.486716e-03 -6.641634e-04 9.999548e-01 -4.457978e+00
9.999961e-01 -7.618130e-04 2.702827e-03 7.557357e+00 7.647678e-04 9.999991e-01 -1.092316e-03 -4.258364e-01 -2.701992e-03 1.094379e-03 9.999958e-01 -4.806881e+00
9.999486e-01 1.089779e-04 -1.013669e-02 8.009965e+00 -1.021985e-04 9.999998e-01 6.693229e-04 -4.351676e-01 1.013676e-02 -6.682532e-04 9.999484e-01 -5.216832e+00
9.999931e-01 -4.486792e-04 3.674701e-03 8.348608e+00 4.523157e-04 9.999994e-01 -9.887906e-04 -4.435227e-01 -3.674255e-03 9.904466e-04 9.999928e-01 -5.529443e+00
9.999441e-01 2.187559e-04 -1.056912e-02 8.725327e+00 -2.118898e-04 9.999998e-01 6.507659e-04 -4.524804e-01 1.056926e-02 -6.484908e-04 9.999439e-01 -5.852592e+00
9.999943e-01 -7.563766e-04 3.294296e-03 9.123352e+00 7.595284e-04 9.999993e-01 -9.555437e-04 -4.619917e-01 -3.293571e-03 9.580411e-04 9.999941e-01 -6.199997e+00
9.999462e-01 2.825386e-04 -1.036547e-02 9.457966e+00 -2.742839e-04 9.999996e-01 7.977932e-04 -4.713624e-01 1.036569e-02 -7.949079e-04 9.999460e-01 -6.484004e+00
9.999940e-01 -8.258175e-04 3.353581e-03 9.837524e+00 8.294764e-04 9.999991e-01 -1.089759e-03 -4.808804e-01 -3.352677e-03 1.092535e-03 9.999938e-01 -6.820481e+00
9.999492e-01 3.866100e-04 -1.007468e-02 1.012777e+01 -3.774035e-04 9.999995e-01 9.157200e-04 -4.894477e-01 1.007503e-02 -9.118719e-04 9.999488e-01 -7.083099e+00
9.999951e-01 -6.984124e-04 3.061403e-03 1.047006e+01 7.023642e-04 9.999989e-01 -1.289901e-03 -4.981966e-01 -3.060498e-03 1.292045e-03 9.999945e-01 -7.378124e+00
9.999496e-01 2.314406e-04 -1.003335e-02 1.081388e+01 -2.215085e-04 9.999995e-01 9.910257e-04 -5.071276e-01 1.003357e-02 -9.887540e-04 9.999492e-01 -7.687193e+00
9.999949e-01 -4.693421e-04 3.148154e-03 1.123109e+01 4.741516e-04 9.999987e-01 -1.527087e-03 -5.162509e-01 -3.147433e-03 1.528572e-03 9.999939e-01 -8.061792e+00
9.999414e-01 2.202637e-04 -1.082004e-02 1.168034e+01 -2.068432e-04 9.999992e-01 1.241460e-03 -5.251180e-01 1.082030e-02 -1.239150e-03 9.999407e-01 -8.458243e+00
9.999936e-01 -6.190875e-04 3.526511e-03 1.206566e+01 6.245178e-04 9.999986e-01 -1.538916e-03 -5.347651e-01 -3.525553e-03 1.541109e-03 9.999926e-01 -8.788617e+00
9.999436e-01 9.751118e-05 -1.062387e-02 1.239314e+01 -8.396561e-05 9.999992e-01 1.275468e-03 -5.440352e-01 1.062399e-02 -1.274504e-03 9.999428e-01 -9.079219e+00
9.999927e-01 -4.708484e-04 3.789398e-03 1.261516e+01 4.757692e-04 9.999990e-01 -1.297712e-03 -5.525809e-01 -3.788783e-03 1.299506e-03 9.999920e-01 -9.275047e+00
9.999435e-01 1.944241e-04 -1.062863e-02 1.284911e+01 -1.823919e-04 9.999993e-01 1.133037e-03 -5.612605e-01 1.062884e-02 -1.131035e-03 9.999429e-01 -9.466495e+00
9.999939e-01 -6.189949e-04 3.425287e-03 1.317136e+01 6.236832e-04 9.999989e-01 -1.367801e-03 -5.701841e-01 -3.424437e-03 1.369929e-03 9.999932e-01 -9.747974e+00
9.999449e-01 1.212240e-04 -1.050062e-02 1.350796e+01 -1.099835e-04 9.999994e-01 1.071055e-03 -5.791099e-01 1.050074e-02 -1.069842e-03 9.999443e-01 -1.004869e+01
9.999941e-01 -4.754658e-04 3.413023e-03 1.380940e+01 4.798230e-04 9.999991e-01 -1.275874e-03 -5.878147e-01 -3.412413e-03 1.277505e-03 9.999934e-01 -1.031274e+01
9.999456e-01 8.374540e-05 -1.042973e-02 1.408074e+01 -7.248258e-05 9.999994e-01 1.080268e-03 -5.962259e-01 1.042981e-02 -1.079454e-03 9.999450e-01 -1.055327e+01
9.999938e-01 -3.152460e-04 3.500464e-03 1.431603e+01 3.196249e-04 9.999992e-01 -1.250404e-03 -6.047909e-01 -3.500067e-03 1.251516e-03 9.999931e-01 -1.074389e+01
9.999442e-01 -1.951434e-05 -1.056807e-02 1.458892e+01 3.006192e-05 9.999995e-01 9.979213e-04 -6.131805e-01 1.056805e-02 -9.981840e-04 9.999437e-01 -1.098272e+01
9.999936e-01 -2.889789e-04 3.567334e-03 1.486495e+01 2.933877e-04 9.999992e-01 -1.235359e-03 -6.217395e-01 -3.566973e-03 1.236399e-03 9.999929e-01 -1.122005e+01
9.999429e-01 2.130114e-04 -1.068015e-02 1.534049e+01 -2.017566e-04 9.999994e-01 1.054887e-03 -6.320532e-01 1.068037e-02 -1.052673e-03 9.999424e-01 -1.161279e+01
9.999957e-01 -6.697052e-04 2.867824e-03 1.584810e+01 6.731124e-04 9.999991e-01 -1.187208e-03 -6.418704e-01 -2.867026e-03 1.189134e-03 9.999952e-01 -1.204646e+01
9.999521e-01 3.169005e-04 -9.782741e-03 1.614159e+01 -3.076831e-04 9.999995e-01 9.437240e-04 -6.503794e-01 9.783035e-03 -9.406695e-04 9.999517e-01 -1.230304e+01
9.999961e-01 -6.354936e-04 2.706029e-03 1.643407e+01 6.385693e-04 9.999992e-01 -1.135821e-03 -6.588702e-01 -2.705305e-03 1.137545e-03 9.999957e-01 -1.255797e+01
9.999512e-01 1.575707e-04 -9.875867e-03 1.677601e+01 -1.501393e-04 9.999997e-01 7.532367e-04 -6.676400e-01 9.875982e-03 -7.517178e-04 9.999509e-01 -1.285889e+01
9.999963e-01 -5.887490e-04 2.658124e-03 1.721493e+01 5.918200e-04 9.999992e-01 -1.154627e-03 -6.767258e-01 -2.657441e-03 1.156196e-03 9.999958e-01 -1.325180e+01
9.999551e-01 8.307132e-05 -9.471620e-03 1.759492e+01 -7.405068e-05 9.999995e-01 9.527559e-04 -6.862273e-01 9.471694e-03 -9.520124e-04 9.999547e-01 -1.358904e+01
9.999968e-01 -3.945454e-04 2.494797e-03 1.779693e+01 3.972294e-04 9.999993e-01 -1.075358e-03 -6.945481e-01 -2.494371e-03 1.076346e-03 9.999963e-01 -1.375639e+01
9.999562e-01 1.364315e-04 -9.353254e-03 1.802585e+01 -1.279076e-04 9.999996e-01 9.119454e-04 -7.029979e-01 9.353374e-03 -9.107098e-04 9.999558e-01 -1.394439e+01
9.999968e-01 -4.581662e-04 2.483285e-03 1.829026e+01 4.611738e-04 9.999992e-01 -1.210600e-03 -7.114271e-01 -2.482728e-03 1.211742e-03 9.999962e-01 -1.416883e+01
9.999569e-01 1.649570e-04 -9.281736e-03 1.860054e+01 -1.569160e-04 9.999996e-01 8.670646e-04 -7.195862e-01 9.281875e-03 -8.655715e-04 9.999565e-01 -1.444509e+01
9.999965e-01 -5.469372e-04 2.571190e-03 1.884257e+01 5.497529e-04 9.999992e-01 -1.094455e-03 -7.278229e-01 -2.570589e-03 1.095866e-03 9.999961e-01 -1.466504e+01
9.999614e-01 1.994101e-04 -8.783992e-03 1.907073e+01 -1.909737e-04 9.999995e-01 9.612792e-04 -7.361148e-01 8.784179e-03 -9.595653e-04 9.999610e-01 -1.486503e+01
9.999979e-01 -4.591793e-04 1.981243e-03 1.924484e+01 4.613306e-04 9.999993e-01 -1.085386e-03 -7.440553e-01 -1.980743e-03 1.086299e-03 9.999974e-01 -1.501030e+01
9.999609e-01 2.155551e-04 -8.841309e-03 1.948614e+01 -2.084003e-04 9.999997e-01 8.101820e-04 -7.524963e-01 8.841480e-03 -8.083085e-04 9.999606e-01 -1.521114e+01
9.999976e-01 -5.195988e-04 2.112992e-03 1.979764e+01 5.221193e-04 9.999992e-01 -1.192412e-03 -7.608603e-01 -2.112370e-03 1.193513e-03 9.999971e-01 -1.548792e+01
9.999596e-01 2.264989e-04 -8.986180e-03 2.009730e+01 -2.192623e-04 9.999997e-01 8.063151e-04 -7.691351e-01 8.986359e-03 -8.043129e-04 9.999593e-01 -1.574937e+01
9.999982e-01 -5.416853e-04 1.791425e-03 2.051779e+01 5.442292e-04 9.999988e-01 -1.419729e-03 -7.778078e-01 -1.790654e-03 1.420702e-03 9.999974e-01 -1.612553e+01
9.999606e-01 1.224295e-04 -8.880337e-03 2.103550e+01 -1.155632e-04 9.999997e-01 7.737290e-04 -7.866008e-01 8.880429e-03 -7.726729e-04 9.999603e-01 -1.660377e+01
9.999977e-01 -4.809210e-04 2.107797e-03 2.141379e+01 4.833188e-04 9.999992e-01 -1.137059e-03 -7.945598e-01 -2.107249e-03 1.138076e-03 9.999971e-01 -1.696584e+01
9.999611e-01 2.939013e-05 -8.819256e-03 2.166337e+01 -2.139704e-05 9.999996e-01 9.064436e-04 -8.025188e-01 8.819278e-03 -9.062203e-04 9.999607e-01 -1.720689e+01
9.999956e-01 -3.715351e-04 2.951172e-03 2.184169e+01 3.744860e-04 9.999994e-01 -9.993260e-04 -8.112326e-01 -2.950799e-03 1.000427e-03 9.999951e-01 -1.735392e+01
9.999548e-01 7.612448e-05 -9.506256e-03 2.213511e+01 -6.909851e-05 9.999997e-01 7.394416e-04 -8.198380e-01 9.506309e-03 -7.387519e-04 9.999545e-01 -1.760635e+01
9.999968e-01 -5.496749e-04 2.467791e-03 2.239320e+01 5.518299e-04 9.999995e-01 -8.725458e-04 -8.281505e-01 -2.467310e-03 8.739055e-04 9.999966e-01 -1.783837e+01
9.999616e-01 2.221332e-04 -8.758779e-03 2.255606e+01 -2.144392e-04 9.999996e-01 8.793946e-04 -8.364270e-01 8.758971e-03 -8.774832e-04 9.999613e-01 -1.797270e+01
9.999977e-01 -4.520113e-04 2.110042e-03 2.277269e+01 4.542245e-04 9.999993e-01 -1.048414e-03 -8.448822e-01 -2.109566e-03 1.049371e-03 9.999972e-01 -1.815093e+01
9.999581e-01 2.021583e-04 -9.154891e-03 2.306684e+01 -1.944483e-04 9.999996e-01 8.430780e-04 -8.538086e-01 9.155057e-03 -8.412631e-04 9.999577e-01 -1.839259e+01
9.999977e-01 -6.199032e-04 2.052166e-03 2.332585e+01 6.220905e-04 9.999992e-01 -1.065270e-03 -8.622400e-01 -2.051504e-03 1.066545e-03 9.999973e-01 -1.861528e+01
9.999587e-01 4.183184e-04 -9.075399e-03 2.357291e+01 -4.104409e-04 9.999995e-01 8.698759e-04 -8.710368e-01 9.075758e-03 -8.661158e-04 9.999584e-01 -1.881242e+01
9.999978e-01 -8.525891e-04 1.934482e-03 2.387836e+01 8.547233e-04 9.999990e-01 -1.102535e-03 -8.801404e-01 -1.933540e-03 1.104187e-03 9.999975e-01 -1.907539e+01
9.999606e-01 4.689636e-04 -8.861575e-03 2.418011e+01 -4.616293e-04 9.999995e-01 8.297168e-04 -8.889722e-01 8.861960e-03 -8.255940e-04 9.999604e-01 -1.933618e+01
9.999981e-01 -8.983372e-04 1.742394e-03 2.455559e+01 9.004454e-04 9.999989e-01 -1.209406e-03 -8.977488e-01 -1.741306e-03 1.210973e-03 9.999978e-01 -1.967000e+01
9.999621e-01 3.989241e-04 -8.691746e-03 2.491143e+01 -3.918918e-04 9.999996e-01 8.108042e-04 -9.060651e-01 8.692066e-03 -8.073679e-04 9.999619e-01 -2.000292e+01
9.999989e-01 -7.517076e-04 1.240541e-03 2.510573e+01 7.528281e-04 9.999993e-01 -9.027790e-04 -9.140104e-01 -1.239861e-03 9.037126e-04 9.999988e-01 -2.017640e+01
9.999695e-01 4.261866e-04 -7.796114e-03 2.516607e+01 -4.189867e-04 9.999995e-01 9.251687e-04 -9.218439e-01 7.796504e-03 -9.218747e-04 9.999692e-01 -2.019664e+01
9.999994e-01 -6.534232e-04 8.870666e-04 2.533714e+01 6.543394e-04 9.999993e-01 -1.032589e-03 -9.303649e-01 -8.863909e-04 1.033169e-03 9.999991e-01 -2.032254e+01
9.999683e-01 3.656387e-04 -7.957832e-03 2.554189e+01 -3.583293e-04 9.999995e-01 9.199678e-04 -9.387658e-01 7.958164e-03 -9.170877e-04 9.999679e-01 -2.048650e+01
9.999996e-01 -6.208975e-04 6.501737e-04 2.567902e+01 6.215397e-04 9.999993e-01 -9.875141e-04 -9.466729e-01 -6.495598e-04 9.879185e-04 9.999993e-01 -2.058937e+01
9.999697e-01 2.986213e-04 -7.776346e-03 2.574940e+01 -2.915625e-04 9.999995e-01 9.088795e-04 -9.541571e-01 7.776613e-03 -9.065854e-04 9.999694e-01 -2.062441e+01
9.999998e-01 -5.816781e-04 2.762636e-04 2.575393e+01 5.819008e-04 9.999995e-01 -8.056780e-04 -9.619479e-01 -2.757946e-04 8.058393e-04 9.999996e-01 -2.057303e+01
9.999785e-01 3.224495e-04 -6.553338e-03 2.575634e+01 -3.164900e-04 9.999995e-01 9.104428e-04 -9.689228e-01 6.553628e-03 -9.083498e-04 9.999781e-01 -2.050573e+01
9.999991e-01 -2.731389e-05 1.370380e-03 2.562210e+01 2.895741e-05 9.999993e-01 -1.199098e-03 -9.718177e-01 -1.370346e-03 1.199137e-03 9.999983e-01 -2.010131e+01
9.999937e-01 1.497443e-04 -3.539854e-03 2.546749e+01 -1.477064e-04 9.999998e-01 5.760524e-04 -9.750648e-01 3.539940e-03 -5.755265e-04 9.999936e-01 -1.957848e+01
9.999992e-01 -3.064474e-04 -1.252997e-03 2.540568e+01 3.055157e-04 9.999997e-01 -7.439600e-04 -9.822120e-01 1.253225e-03 7.435772e-04 9.999989e-01 -1.927013e+01
9.999932e-01 1.199843e-04 -3.694098e-03 2.539583e+01 -1.180293e-04 9.999999e-01 5.295109e-04 -9.901780e-01 3.694161e-03 -5.290719e-04 9.999930e-01 -1.908101e+01
9.999961e-01 -4.835047e-04 -2.758235e-03 2.547922e+01 4.823019e-04 9.999998e-01 -4.368368e-04 -9.991340e-01 2.758446e-03 4.355054e-04 9.999961e-01 -1.909993e+01
9.999910e-01 1.808146e-04 -4.250188e-03 2.551588e+01 -1.784598e-04 9.999998e-01 5.544930e-04 -1.007242e+00 4.250288e-03 -5.537301e-04 9.999908e-01 -1.907415e+01
9.999951e-01 -2.742843e-04 -3.113833e-03 2.548578e+01 2.729496e-04 9.999999e-01 -4.291435e-04 -1.014885e+00 3.113950e-03 4.282921e-04 9.999951e-01 -1.886927e+01
9.999998e-01 -6.953133e-05 -5.881206e-04 2.544157e+01 6.962622e-05 1.000000e+00 1.618470e-04 -1.021090e+00 5.881091e-04 -1.618885e-04 9.999998e-01 -1.867498e+01
9.999792e-01 -1.818505e-04 -6.445756e-03 2.556405e+01 1.804808e-04 1.000000e+00 -2.131299e-04 -1.029344e+00 6.445794e-03 2.119628e-04 9.999792e-01 -1.875349e+01
9.999998e-01 -5.833033e-05 -6.774822e-04 2.565120e+01 5.859005e-05 9.999999e-01 3.838154e-04 -1.038012e+00 6.774595e-04 -3.838556e-04 9.999997e-01 -1.879644e+01
9.999897e-01 -2.202822e-05 -4.546260e-03 2.560261e+01 2.041235e-05 9.999999e-01 -3.555428e-04 -1.046286e+00 4.546268e-03 3.554470e-04 9.999896e-01 -1.848770e+01
9.999989e-01 1.116805e-05 1.506648e-03 2.549472e+01 -1.100802e-05 1.000000e+00 -1.064354e-04 -1.051431e+00 -1.506650e-03 1.064180e-04 9.999989e-01 -1.807834e+01
9.999947e-01 5.755187e-04 -3.205651e-03 2.526969e+01 -5.771092e-04 9.999997e-01 -4.953304e-04 -1.052350e+00 3.205365e-03 4.971784e-04 9.999947e-01 -1.743785e+01
9.999924e-01 -2.372818e-04 3.891174e-03 2.505226e+01 2.397658e-04 9.999998e-01 -6.379877e-04 -1.051720e+00 -3.891022e-03 6.389152e-04 9.999922e-01 -1.683493e+01
9.999790e-01 1.467881e-04 -6.479891e-03 2.493570e+01 -1.457145e-04 1.000000e+00 1.661161e-04 -1.057164e+00 6.479916e-03 -1.651678e-04 9.999790e-01 -1.641286e+01
9.999969e-01 -2.349032e-04 2.472452e-03 2.485622e+01 2.358647e-04 9.999999e-01 -3.887276e-04 -1.063522e+00 -2.472361e-03 3.893089e-04 9.999969e-01 -1.607815e+01
9.999735e-01 -1.141054e-04 -7.281128e-03 2.485109e+01 1.155757e-04 1.000000e+00 2.014582e-04 -1.070729e+00 7.281105e-03 -2.022938e-04 9.999735e-01 -1.595569e+01
9.999999e-01 -1.008669e-04 -3.836609e-04 2.485566e+01 1.008640e-04 1.000000e+00 -6.583663e-06 -1.079921e+00 3.836614e-04 6.544338e-06 9.999999e-01 -1.583453e+01
9.999914e-01 -8.513036e-05 -4.153296e-03 2.478307e+01 8.459765e-05 1.000000e+00 -1.285155e-04 -1.086611e+00 4.153307e-03 1.281637e-04 9.999914e-01 -1.553179e+01
9.999999e-01 3.612896e-04 6.331101e-05 2.464298e+01 -3.612848e-04 9.999999e-01 -8.117431e-05 -1.090560e+00 -6.334056e-05 8.115081e-05 1.000000e+00 -1.509276e+01
9.999977e-01 -4.245734e-04 -2.084260e-03 2.452946e+01 4.233447e-04 9.999997e-01 -5.900913e-04 -1.094416e+00 2.084510e-03 5.892082e-04 9.999977e-01 -1.471362e+01
9.999981e-01 4.496626e-04 -1.921685e-03 2.439668e+01 -4.487955e-04 9.999998e-01 4.517542e-04 -1.099446e+00 1.921888e-03 -4.508915e-04 9.999981e-01 -1.429421e+01
9.999916e-01 -7.234869e-04 -4.032584e-03 2.437965e+01 7.220920e-04 9.999997e-01 -3.474402e-04 -1.107688e+00 4.032834e-03 3.445260e-04 9.999918e-01 -1.413069e+01
9.999987e-01 1.496977e-03 -5.606658e-04 2.425361e+01 -1.496799e-03 9.999988e-01 3.182065e-04 -1.111854e+00 5.611413e-04 -3.173675e-04 9.999998e-01 -1.368884e+01
9.999975e-01 -1.705843e-03 -1.448671e-03 2.416647e+01 1.704365e-03 9.999980e-01 -1.021225e-03 -1.118640e+00 1.450410e-03 1.018754e-03 9.999984e-01 -1.333681e+01
9.999943e-01 1.346279e-03 -3.099480e-03 2.414995e+01 -1.343719e-03 9.999988e-01 8.277606e-04 -1.127887e+00 3.100590e-03 -8.235916e-04 9.999949e-01 -1.310306e+01
9.999886e-01 -1.636181e-03 -4.475573e-03 2.415809e+01 1.633276e-03 9.999985e-01 -6.528559e-04 -1.135965e+00 4.476635e-03 6.455392e-04 9.999898e-01 -1.304495e+01
9.999979e-01 1.316763e-03 -1.557156e-03 2.414285e+01 -1.315780e-03 9.999989e-01 6.318423e-04 -1.143621e+00 1.557986e-03 -6.297927e-04 9.999986e-01 -1.291934e+01
9.999867e-01 -1.465960e-03 -4.949357e-03 2.413308e+01 1.463551e-03 9.999988e-01 -4.902164e-04 -1.152078e+00 4.950070e-03 4.829668e-04 9.999876e-01 -1.276180e+01
9.999987e-01 1.220953e-03 -1.073491e-03 2.413246e+01 -1.220326e-03 9.999991e-01 5.854119e-04 -1.160809e+00 1.074205e-03 -5.841017e-04 9.999993e-01 -1.261522e+01
9.999831e-01 -1.424116e-03 -5.634971e-03 2.411464e+01 1.420995e-03 9.999988e-01 -5.578249e-04 -1.169016e+00 5.635759e-03 5.498088e-04 9.999840e-01 -1.244335e+01
9.999988e-01 1.280802e-03 8.837021e-04 2.406187e+01 -1.281187e-03 9.999991e-01 4.344217e-04 -1.175950e+00 -8.831451e-04 -4.355540e-04 9.999995e-01 -1.219421e+01
9.999862e-01 -1.528393e-03 -5.032694e-03 2.401357e+01 1.525672e-03 9.999987e-01 -5.444970e-04 -1.183819e+00 5.033519e-03 5.368118e-04 9.999872e-01 -1.194053e+01
9.999974e-01 1.321203e-03 -1.853105e-03 2.407731e+01 -1.320167e-03 9.999990e-01 5.604602e-04 -1.192104e+00 1.853843e-03 -5.580130e-04 9.999981e-01 -1.192509e+01
9.999821e-01 -1.427962e-03 -5.803684e-03 2.407849e+01 1.426149e-03 9.999989e-01 -3.166259e-04 -1.200985e+00 5.804130e-03 3.083439e-04 9.999831e-01 -1.178883e+01
9.999962e-01 1.183977e-03 2.474253e-03 2.401405e+01 -1.183921e-03 9.999993e-01 -2.404224e-05 -1.207719e+00 -2.474280e-03 2.111222e-05 9.999969e-01 -1.150090e+01
9.999600e-01 -1.493765e-03 -8.821785e-03 2.406683e+01 1.493727e-03 9.999989e-01 -1.092024e-05 -1.215708e+00 8.821792e-03 -2.256925e-06 9.999611e-01 -1.147108e+01
9.999984e-01 1.262214e-03 1.253517e-03 2.409577e+01 -1.262588e-03 9.999992e-01 2.973307e-04 -1.224997e+00 -1.253141e-03 -2.989135e-04 9.999992e-01 -1.140542e+01
9.999875e-01 -1.381719e-03 -4.802891e-03 2.402149e+01 1.378616e-03 9.999988e-01 -6.493480e-04 -1.231858e+00 4.803783e-03 6.427192e-04 9.999883e-01 -1.103268e+01
9.999994e-01 1.038270e-03 -2.579655e-04 2.399417e+01 -1.038113e-03 9.999993e-01 6.089050e-04 -1.239410e+00 2.585974e-04 -6.086375e-04 9.999998e-01 -1.085880e+01
9.999728e-01 -1.346555e-03 -7.255645e-03 2.400171e+01 1.343724e-03 9.999990e-01 -3.951108e-04 -1.247752e+00 7.256171e-03 3.853511e-04 9.999736e-01 -1.077387e+01
9.999993e-01 1.099211e-03 -5.104732e-04 2.400595e+01 -1.098870e-03 9.999992e-01 6.686299e-04 -1.256504e+00 5.112076e-04 -6.680691e-04 9.999996e-01 -1.067264e+01
9.999843e-01 -9.666405e-04 -5.525922e-03 2.396526e+01 9.628467e-04 9.999993e-01 -6.892151e-04 -1.265405e+00 5.526584e-03 6.838842e-04 9.999845e-01 -1.031971e+01
9.999987e-01 6.151103e-04 1.509327e-03 2.392512e+01 -6.159097e-04 9.999997e-01 5.290212e-04 -1.275555e+00 -1.509001e-03 -5.299508e-04 9.999987e-01 -1.000564e+01
9.999702e-01 -8.808079e-04 -7.673135e-03 2.391022e+01 8.772599e-04 9.999995e-01 -4.658035e-04 -1.285618e+00 7.673542e-03 4.590588e-04 9.999705e-01 -9.771449e+00
9.999984e-01 5.386587e-04 1.714884e-03 2.392179e+01 -5.396193e-04 9.999997e-01 5.595281e-04 -1.293946e+00 -1.714582e-03 -5.604532e-04 9.999984e-01 -9.659304e+00
9.999586e-01 -7.878071e-04 -9.066140e-03 2.401772e+01 7.844665e-04 9.999996e-01 -3.720568e-04 -1.303015e+00 9.066430e-03 3.649299e-04 9.999588e-01 -9.688895e+00
9.999967e-01 6.358000e-04 2.504482e-03 2.407685e+01 -6.370847e-04 9.999997e-01 5.120479e-04 -1.311711e+00 -2.504156e-03 -5.136423e-04 9.999967e-01 -9.661691e+00
9.999518e-01 -7.975736e-04 -9.781375e-03 2.423700e+01 7.926885e-04 9.999996e-01 -5.033286e-04 -1.320491e+00 9.781772e-03 4.955514e-04 9.999520e-01 -9.761186e+00
9.999958e-01 4.131029e-04 2.878128e-03 2.450283e+01 -4.143483e-04 9.999998e-01 4.319961e-04 -1.329670e+00 -2.877949e-03 -4.331874e-04 9.999958e-01 -9.971883e+00
9.999566e-01 -8.124524e-04 -9.278556e-03 2.481836e+01 8.054061e-04 9.999994e-01 -7.631658e-04 -1.338657e+00 9.279170e-03 7.556603e-04 9.999567e-01 -1.024463e+01
9.999954e-01 4.000614e-04 3.007959e-03 2.517100e+01 -4.014293e-04 9.999998e-01 4.540608e-04 -1.347661e+00 -3.007777e-03 -4.552668e-04 9.999954e-01 -1.054779e+01
9.999545e-01 -8.067650e-04 -9.504676e-03 2.552531e+01 7.999957e-04 9.999994e-01 -7.160200e-04 -1.357258e+00 9.505248e-03 7.083843e-04 9.999546e-01 -1.083434e+01
9.999966e-01 5.627909e-04 2.563092e-03 2.603179e+01 -5.644201e-04 9.999996e-01 6.347926e-04 -1.368216e+00 -2.562734e-03 -6.362377e-04 9.999965e-01 -1.123692e+01
9.999429e-01 -5.938962e-04 -1.066770e-02 2.614099e+01 5.941708e-04 9.999998e-01 2.253553e-05 -1.377388e+00 1.066769e-02 -2.887209e-05 9.999431e-01 -1.115087e+01
9.999632e-01 6.512555e-04 8.558056e-03 2.611787e+01 -6.409013e-04 9.999991e-01 -1.212615e-03 -1.379386e+00 -8.558837e-03 1.207085e-03 9.999626e-01 -1.085021e+01
9.998586e-01 -1.100085e-03 -1.678025e-02 2.647690e+01 1.119562e-03 9.999987e-01 1.151355e-03 -1.393415e+00 1.677896e-02 -1.169978e-03 9.998585e-01 -1.104344e+01
9.999556e-01 5.282991e-04 9.411310e-03 2.699166e+01 -5.034417e-04 9.999964e-01 -2.643437e-03 -1.402531e+00 -9.412673e-03 2.638581e-03 9.999522e-01 -1.145927e+01
9.998553e-01 -4.986169e-04 -1.700132e-02 2.767639e+01 5.247255e-04 9.999987e-01 1.531231e-03 -1.412182e+00 1.700053e-02 -1.539930e-03 9.998543e-01 -1.209060e+01
9.999508e-01 8.896140e-04 9.883947e-03 2.825014e+01 -8.674661e-04 9.999971e-01 -2.244899e-03 -1.422315e+00 -9.885916e-03 2.236214e-03 9.999486e-01 -1.260755e+01
9.998358e-01 -1.127096e-03 -1.808472e-02 2.882407e+01 1.145270e-03 9.999988e-01 9.946068e-04 -1.431713e+00 1.808358e-02 -1.015155e-03 9.998360e-01 -1.310385e+01
9.999464e-01 8.953232e-04 1.031545e-02 2.949873e+01 -8.718685e-04 9.999970e-01 -2.278056e-03 -1.441574e+00 -1.031746e-02 2.268940e-03 9.999442e-01 -1.372832e+01
9.998556e-01 -1.081395e-03 -1.695957e-02 3.015827e+01 1.099518e-03 9.999988e-01 1.059250e-03 -1.451471e+00 1.695840e-02 -1.077743e-03 9.998556e-01 -1.432840e+01
9.999690e-01 3.502415e-04 7.868388e-03 3.086187e+01 -3.343943e-04 9.999979e-01 -2.015314e-03 -1.463231e+00 -7.869078e-03 2.012620e-03 9.999670e-01 -1.493858e+01
9.999143e-01 -5.301837e-04 -1.308069e-02 3.095723e+01 5.561190e-04 9.999979e-01 1.979127e-03 -1.473513e+00 1.307962e-02 -1.986231e-03 9.999125e-01 -1.491216e+01
9.999797e-01 6.650171e-05 6.370009e-03 3.118747e+01 -5.232210e-05 9.999975e-01 -2.226201e-03 -1.481811e+00 -6.370141e-03 2.225822e-03 9.999772e-01 -1.511787e+01
9.999046e-01 -2.498393e-04 -1.380788e-02 3.156542e+01 2.754173e-04 9.999982e-01 1.850522e-03 -1.491924e+00 1.380739e-02 -1.854148e-03 9.999030e-01 -1.542060e+01
9.999739e-01 -6.127531e-04 7.193440e-03 3.203808e+01 6.295629e-04 9.999971e-01 -2.334849e-03 -1.502221e+00 -7.191989e-03 2.339317e-03 9.999714e-01 -1.585139e+01
9.998970e-01 3.881081e-04 -1.434873e-02 3.231302e+01 -3.566336e-04 9.999975e-01 2.196006e-03 -1.511364e+00 1.434954e-02 -2.190662e-03 9.998946e-01 -1.605947e+01
9.999798e-01 -6.386095e-04 6.326947e-03 3.257902e+01 6.535092e-04 9.999970e-01 -2.353248e-03 -1.520490e+00 -6.325425e-03 2.357335e-03 9.999772e-01 -1.627256e+01
9.999163e-01 2.651578e-04 -1.293167e-02 3.290165e+01 -2.405504e-04 9.999982e-01 1.904367e-03 -1.529760e+00 1.293215e-02 -1.901096e-03 9.999146e-01 -1.655422e+01
9.999804e-01 -6.842968e-04 6.223042e-03 3.338520e+01 6.994541e-04 9.999968e-01 -2.433878e-03 -1.539216e+00 -6.221357e-03 2.438182e-03 9.999777e-01 -1.698332e+01
9.999130e-01 5.327480e-05 -1.318767e-02 3.381757e+01 -2.623407e-05 9.999979e-01 2.050588e-03 -1.548199e+00 1.318775e-02 -2.050063e-03 9.999109e-01 -1.738223e+01
9.999777e-01 -2.975387e-04 6.674912e-03 3.419187e+01 3.139682e-04 9.999969e-01 -2.460530e-03 -1.557069e+00 -6.674159e-03 2.462570e-03 9.999747e-01 -1.770887e+01
9.999064e-01 -1.004499e-04 -1.368086e-02 3.457467e+01 1.292947e-04 9.999978e-01 2.107509e-03 -1.566378e+00 1.368062e-02 -2.109080e-03 9.999042e-01 -1.803403e+01
9.999776e-01 -3.027473e-04 6.682953e-03 3.500843e+01 3.207667e-04 9.999963e-01 -2.695477e-03 -1.575389e+00 -6.682112e-03 2.697560e-03 9.999740e-01 -1.842335e+01
9.999120e-01 -8.286253e-05 -1.326966e-02 3.545688e+01 1.106238e-04 9.999978e-01 2.091331e-03 -1.584054e+00 1.326946e-02 -2.092614e-03 9.999098e-01 -1.883761e+01
9.999821e-01 -3.558069e-04 5.975623e-03 3.598514e+01 3.713172e-04 9.999966e-01 -2.594750e-03 -1.594575e+00 -5.974679e-03 2.596922e-03 9.999788e-01 -1.928078e+01
9.999206e-01 -4.772978e-04 -1.258920e-02 3.651981e+01 5.043877e-04 9.999976e-01 2.148719e-03 -1.604231e+00 1.258814e-02 -2.154898e-03 9.999184e-01 -1.975582e+01
9.999870e-01 -5.367822e-05 5.101139e-03 3.696031e+01 6.705446e-05 9.999966e-01 -2.622156e-03 -1.613054e+00 -5.100981e-03 2.622463e-03 9.999836e-01 -2.015576e+01
9.999249e-01 -3.733954e-04 -1.224735e-02 3.736901e+01 4.034561e-04 9.999969e-01 2.452051e-03 -1.623226e+00 1.224640e-02 -2.456807e-03 9.999220e-01 -2.050585e+01
9.999864e-01 -3.328051e-04 5.199490e-03 3.780911e+01 3.484922e-04 9.999954e-01 -3.016506e-03 -1.632299e+00 -5.198462e-03 3.018277e-03 9.999819e-01 -2.091064e+01
9.999270e-01 1.827180e-03 -1.194094e-02 3.778656e+01 -1.795717e-03 9.999949e-01 2.645044e-03 -1.642397e+00 1.194571e-02 -2.623408e-03 9.999252e-01 -2.023671e+01
9.999068e-01 -2.435345e-03 1.343508e-02 3.778931e+01 2.488832e-03 9.999890e-01 -3.965902e-03 -1.656497e+00 -1.342528e-02 3.998970e-03 9.999019e-01 -1.963184e+01
9.997911e-01 1.993058e-03 -2.034097e-02 3.818368e+01 -1.919564e-03 9.999916e-01 3.631933e-03 -1.665745e+00 2.034804e-02 -3.592128e-03 9.997865e-01 -1.997986e+01
9.999080e-01 -2.397560e-03 1.334886e-02 3.863766e+01 2.452144e-03 9.999887e-01 -4.074211e-03 -1.675384e+00 -1.333894e-02 4.106569e-03 9.999026e-01 -2.036926e+01
9.997922e-01 1.936680e-03 -2.029344e-02 3.910515e+01 -1.863210e-03 9.999916e-01 3.638640e-03 -1.684975e+00 2.030031e-02 -3.600072e-03 9.997874e-01 -2.077481e+01
9.999137e-01 -2.440924e-03 1.290935e-02 3.957632e+01 2.493456e-03 9.999887e-01 -4.054801e-03 -1.694757e+00 -1.289931e-02 4.086640e-03 9.999084e-01 -2.118106e+01
9.997956e-01 2.125432e-03 -2.010717e-02 4.010522e+01 -2.055034e-03 9.999917e-01 3.521170e-03 -1.705201e+00 2.011449e-02 -3.479129e-03 9.997916e-01 -2.163071e+01
9.999169e-01 -2.379805e-03 1.266643e-02 4.066685e+01 2.430339e-03 9.999891e-01 -3.975777e-03 -1.716028e+00 -1.265683e-02 4.006230e-03 9.999119e-01 -2.208813e+01
9.997920e-01 1.970576e-03 -2.029743e-02 4.122218e+01 -1.897308e-03 9.999916e-01 3.628314e-03 -1.726933e+00 2.030441e-02 -3.589048e-03 9.997874e-01 -2.253836e+01
9.999265e-01 -2.449012e-03 1.187633e-02 4.178050e+01 2.499715e-03 9.999878e-01 -4.256321e-03 -1.736349e+00 -1.186576e-02 4.285695e-03 9.999204e-01 -2.302864e+01
9.998182e-01 2.013104e-03 -1.896005e-02 4.235712e+01 -1.945183e-03 9.999916e-01 3.600027e-03 -1.747442e+00 1.896714e-02 -3.562492e-03 9.998138e-01 -2.353640e+01
9.999242e-01 -2.541605e-03 1.205026e-02 4.285581e+01 2.587802e-03 9.999894e-01 -3.819650e-03 -1.758389e+00 -1.204043e-02 3.850544e-03 9.999201e-01 -2.396782e+01
9.998151e-01 1.919993e-03 -1.913505e-02 4.337489e+01 -1.852278e-03 9.999920e-01 3.555821e-03 -1.768718e+00 1.914173e-02 -3.519719e-03 9.998106e-01 -2.442212e+01
9.999246e-01 -2.278210e-03 1.206860e-02 4.384486e+01 2.325380e-03 9.999897e-01 -3.895974e-03 -1.779162e+00 -1.205960e-02 3.923744e-03 9.999196e-01 -2.481363e+01
9.998086e-01 1.515822e-03 -1.950686e-02 4.434767e+01 -1.439199e-03 9.999912e-01 3.941421e-03 -1.790700e+00 1.951266e-02 -3.912591e-03 9.998020e-01 -2.524169e+01
9.999092e-01 -1.865730e-03 1.334718e-02 4.506148e+01 1.923740e-03 9.999888e-01 -4.334776e-03 -1.803340e+00 -1.333894e-02 4.360059e-03 9.999015e-01 -2.585732e+01
9.997564e-01 9.120414e-04 -2.205171e-02 4.586798e+01 -8.288654e-04 9.999925e-01 3.780687e-03 -1.815857e+00 2.205499e-02 -3.761487e-03 9.997497e-01 -2.654909e+01
9.998851e-01 -1.644380e-03 1.507141e-02 4.649493e+01 1.710709e-03 9.999889e-01 -4.389181e-03 -1.826017e+00 -1.506402e-02 4.414459e-03 9.998768e-01 -2.711543e+01
9.997620e-01 1.205687e-03 -2.178370e-02 4.715678e+01 -1.126834e-03 9.999928e-01 3.631708e-03 -1.835722e+00 2.178792e-02 -3.606296e-03 9.997561e-01 -2.771255e+01
9.998921e-01 -1.810044e-03 1.457797e-02 4.783452e+01 1.873652e-03 9.999888e-01 -4.350850e-03 -1.846244e+00 -1.456993e-02 4.377694e-03 9.998843e-01 -2.831905e+01
9.997581e-01 1.212608e-03 -2.196012e-02 4.856996e+01 -1.130579e-03 9.999923e-01 3.747337e-03 -1.857440e+00 2.196450e-02 -3.721603e-03 9.997518e-01 -2.895412e+01
9.998931e-01 -1.626012e-03 1.453274e-02 4.917705e+01 1.689390e-03 9.999891e-01 -4.349889e-03 -1.867939e+00 -1.452550e-02 4.373975e-03 9.998849e-01 -2.948059e+01
9.997719e-01 1.241791e-03 -2.132378e-02 4.973033e+01 -1.158424e-03 9.999916e-01 3.921457e-03 -1.878161e+00 2.132847e-02 -3.895860e-03 9.997649e-01 -2.995432e+01
9.999021e-01 -1.779187e-03 1.388087e-02 5.031162e+01 1.838779e-03 9.999891e-01 -4.281580e-03 -1.888971e+00 -1.387311e-02 4.306684e-03 9.998945e-01 -3.044572e+01
9.997783e-01 1.342010e-03 -2.101304e-02 5.089030e+01 -1.261550e-03 9.999918e-01 3.841830e-03 -1.899683e+00 2.101802e-02 -3.814469e-03 9.997718e-01 -3.094097e+01
9.999017e-01 -1.945137e-03 1.388660e-02 5.135747e+01 2.002898e-03 9.999894e-01 -4.146827e-03 -1.909150e+00 -1.387839e-02 4.174232e-03 9.998950e-01 -3.135743e+01
9.997871e-01 1.593076e-03 -2.057257e-02 5.179418e+01 -1.516733e-03 9.999919e-01 3.725958e-03 -1.918194e+00 2.057834e-02 -3.693962e-03 9.997814e-01 -3.175026e+01
9.999088e-01 -2.069178e-03 1.334747e-02 5.221356e+01 2.123357e-03 9.999896e-01 -4.046285e-03 -1.926999e+00 -1.333896e-02 4.074257e-03 9.999027e-01 -3.213203e+01
9.997983e-01 1.711498e-03 -2.001076e-02 5.262779e+01 -1.637615e-03 9.999918e-01 3.707920e-03 -1.936124e+00 2.001695e-02 -3.674402e-03 9.997929e-01 -3.250378e+01
9.999162e-01 -2.260454e-03 1.275032e-02 5.300253e+01 2.307374e-03 9.999906e-01 -3.666418e-03 -1.946580e+00 -1.274191e-02 3.695530e-03 9.999120e-01 -3.279506e+01
9.998200e-01 1.713909e-03 -1.889267e-02 5.333458e+01 -1.644653e-03 9.999919e-01 3.680623e-03 -1.958424e+00 1.889883e-02 -3.648888e-03 9.998147e-01 -3.299232e+01
9.999109e-01 -2.371782e-03 1.313863e-02 5.372056e+01 2.426929e-03 9.999883e-01 -4.183034e-03 -1.967788e+00 -1.312856e-02 4.214547e-03 9.999049e-01 -3.333905e+01
9.998040e-01 1.763137e-03 -1.971773e-02 5.417343e+01 -1.694031e-03 9.999924e-01 3.520923e-03 -1.976309e+00 1.972379e-02 -3.486830e-03 9.997994e-01 -3.377328e+01
9.999197e-01 -2.103692e-03 1.250001e-02 5.460484e+01 2.150683e-03 9.999907e-01 -3.747060e-03 -1.985259e+00 -1.249201e-02 3.773642e-03 9.999149e-01 -3.417116e+01
9.998166e-01 1.426880e-03 -1.910043e-02 5.502103e+01 -1.370542e-03 9.999947e-01 2.962293e-03 -1.994112e+00 1.910455e-02 -2.935571e-03 9.998132e-01 -3.456275e+01
9.999281e-01 -1.769416e-03 1.186195e-02 5.546025e+01 1.808013e-03 9.999931e-01 -3.244014e-03 -2.003012e+00 -1.185612e-02 3.265227e-03 9.999244e-01 -3.496941e+01
9.998329e-01 1.233970e-03 -1.823812e-02 5.588884e+01 -1.183896e-03 9.999955e-01 2.756086e-03 -2.012171e+00 1.824144e-02 -2.734033e-03 9.998299e-01 -3.536625e+01
9.999320e-01 -1.740901e-03 1.152876e-02 5.623094e+01 1.775272e-03 9.999940e-01 -2.971812e-03 -2.021268e+00 -1.152352e-02 2.992077e-03 9.999291e-01 -3.567333e+01
9.998332e-01 1.135895e-03 -1.823003e-02 5.657339e+01 -1.087714e-03 9.999959e-01 2.652604e-03 -2.029878e+00 1.823297e-02 -2.632332e-03 9.998303e-01 -3.599277e+01
9.999318e-01 -1.552715e-03 1.157490e-02 5.694397e+01 1.588818e-03 9.999939e-01 -3.110577e-03 -2.038320e+00 -1.157000e-02 3.128755e-03 9.999282e-01 -3.633654e+01
9.998287e-01 1.060403e-03 -1.847684e-02 5.736273e+01 -1.012005e-03 9.999960e-01 2.628524e-03 -2.047063e+00 1.847956e-02 -2.609375e-03 9.998258e-01 -3.672676e+01
9.999291e-01 -1.464445e-03 1.181764e-02 5.777508e+01 1.502495e-03 9.999937e-01 -3.211613e-03 -2.055768e+00 -1.181286e-02 3.229141e-03 9.999250e-01 -3.711044e+01
9.998262e-01 9.957629e-04 -1.861629e-02 5.813349e+01 -9.428037e-04 9.999955e-01 2.853306e-03 -2.064354e+00 1.861905e-02 -2.835259e-03 9.998226e-01 -3.744322e+01
9.999287e-01 -1.415332e-03 1.185515e-02 5.846473e+01 1.453008e-03 9.999939e-01 -3.170092e-03 -2.072988e+00 -1.185059e-02 3.187092e-03 9.999247e-01 -3.774518e+01
9.998207e-01 1.051121e-03 -1.890481e-02 5.879167e+01 -9.975388e-04 9.999955e-01 2.843510e-03 -2.081689e+00 1.890771e-02 -2.824142e-03 9.998172e-01 -3.803806e+01
9.999273e-01 -1.367268e-03 1.198387e-02 5.909292e+01 1.403674e-03 9.999944e-01 -3.030009e-03 -2.090365e+00 -1.197966e-02 3.046609e-03 9.999236e-01 -3.830592e+01
9.998264e-01 9.653226e-04 -1.860952e-02 5.943436e+01 -9.176480e-04 9.999963e-01 2.570181e-03 -2.098921e+00 1.861194e-02 -2.552657e-03 9.998235e-01 -3.861851e+01
9.999331e-01 -1.256737e-03 1.149581e-02 5.975337e+01 1.288935e-03 9.999953e-01 -2.793926e-03 -2.107300e+00 -1.149225e-02 2.808556e-03 9.999300e-01 -3.890470e+01
9.998299e-01 9.131997e-04 -1.842067e-02 6.005967e+01 -8.673838e-04 9.999965e-01 2.495008e-03 -2.115980e+00 1.842288e-02 -2.478606e-03 9.998272e-01 -3.917576e+01
9.999320e-01 -1.362242e-03 1.157855e-02 6.044117e+01 1.395308e-03 9.999950e-01 -2.848234e-03 -2.125053e+00 -1.157461e-02 2.864195e-03 9.999289e-01 -3.952064e+01
9.998247e-01 9.158255e-04 -1.870299e-02 6.079402e+01 -8.652079e-04 9.999959e-01 2.714273e-03 -2.133900e+00 1.870540e-02 -2.697614e-03 9.998214e-01 -3.983753e+01
