9.999435e-01 4.020254e-04 -1.061897e-02 2.717367e-01 -3.918675e-04 9.999995e-01 9.586515e-04 -1.477753e-02 1.061935e-02 -9.544368e-04 9.999432e-01 2.296475e-02
9.999977e-01 2.209160e-04 2.156138e-03 3.586532e-01 -2.207860e-04 1.000000e+00 -6.048575e-05 -2.861456e-02 -2.156151e-03 6.001027e-05 9.999977e-01 2.941343e-01
9.998925e-01 5.934465e-04 -1.465352e-02 6.143710e-01 -5.777783e-04 9.999993e-01 1.073458e-03 -4.014666e-02 1.465415e-02 -1.064876e-03 9.998921e-01 4.302470e-01
9.999848e-01 -7.528853e-05 5.509999e-03 7.248539e-01 7.647788e-05 1.000000e+00 -2.156364e-04 -5.486387e-02 -5.509982e-03 2.160552e-04 9.999848e-01 6.711110e-01
9.998183e-01 1.025202e-03 -1.903649e-02 9.758433e-01 -1.005706e-03 9.999990e-01 1.033675e-03 -6.897983e-02 1.903753e-02 -1.014343e-03 9.998183e-01 8.642793e-01
9.999888e-01 -5.140369e-04 4.698925e-03 1.401024e+00 5.115920e-04 9.999997e-01 5.215036e-04 -8.363166e-02 -4.699192e-03 -5.190932e-04 9.999888e-01 7.577498e-01
9.997811e-01 -5.655335e-03 -2.014368e-02 2.417478e+00 5.609226e-03 9.999815e-01 -2.344785e-03 -1.072971e-01 2.015657e-02 2.231281e-03 9.997943e-01 9.189855e-02
9.999838e-01 5.641482e-03 -7.867892e-04 3.481408e+00 -5.638117e-03 9.999752e-01 4.215586e-03 -1.261494e-01 8.105522e-04 -4.211081e-03 9.999908e-01 -6.073247e-01
9.999267e-01 -5.895150e-03 -1.057248e-02 3.990621e+00 5.863088e-03 9.999781e-01 -3.061047e-03 -1.432167e-01 1.059029e-02 2.998835e-03 9.999394e-01 -9.106947e-01
9.999797e-01 6.158488e-03 1.614166e-03 4.224911e+00 -6.165326e-03 9.999719e-01 4.266289e-03 -1.581824e-01 -1.587846e-03 -4.276154e-03 9.999896e-01 -9.844461e-01
9.997139e-01 -8.743447e-03 -2.226567e-02 5.355180e+00 8.650805e-03 9.999535e-01 -4.253652e-03 -1.810907e-01 2.230183e-02 4.059819e-03 9.997430e-01 -1.704933e+00
9.998111e-01 6.114718e-03 -1.845044e-02 7.713602e+00 -5.971657e-03 9.999518e-01 7.798943e-03 -2.106932e-01 1.849724e-02 -7.687289e-03 9.997994e-01 -3.385102e+00
9.998148e-01 -5.532102e-03 -1.843165e-02 9.653113e+00 5.452003e-03 9.999755e-01 -4.393128e-03 -2.324461e-01 1.845550e-02 4.291824e-03 9.998205e-01 -4.744604e+00
9.999190e-01 6.454636e-03 1.096914e-02 9.649331e+00 -6.531990e-03 9.999539e-01 7.030807e-03 -2.437441e-01 -1.092326e-02 -7.101887e-03 9.999151e-01 -4.493854e+00
9.998577e-01 -5.622558e-03 -1.590205e-02 9.519048e+00 5.543255e-03 9.999720e-01 -5.026635e-03 -2.502726e-01 1.592987e-02 4.937770e-03 9.998609e-01 -3.963986e+00
9.999131e-01 6.973429e-03 1.118348e-02 9.447303e+00 -7.046143e-03 9.999542e-01 6.475706e-03 -2.582816e-01 -1.113781e-02 -6.553943e-03 9.999165e-01 -3.441768e+00
9.994656e-01 -8.660628e-03 -3.151845e-02 1.012198e+01 8.412778e-03 9.999327e-01 -7.987769e-03 -2.796993e-01 3.158551e-02 7.718343e-03 9.994713e-01 -3.520746e+00
9.998544e-01 1.015829e-02 1.370851e-02 1.076499e+01 -1.029698e-02 9.998961e-01 1.008495e-02 -2.998926e-01 -1.360464e-02 -1.022464e-02 9.998552e-01 -3.592208e+00
9.992908e-01 -1.106649e-02 -3.599266e-02 1.170778e+01 1.074400e-02 9.999005e-01 -9.140982e-03 -3.203574e-01 3.609024e-02 8.747793e-03 9.993102e-01 -4.024259e+00
9.999202e-01 1.013615e-02 -7.538901e-03 1.388153e+01 -1.003853e-02 9.998667e-01 1.287643e-02 -3.465736e-01 7.668414e-03 -1.279972e-02 9.998887e-01 -5.522369e+00
9.993249e-01 -1.044431e-02 -3.522274e-02 1.605112e+01 1.011505e-02 9.999036e-01 -9.513162e-03 -3.723769e-01 3.531870e-02 9.150459e-03 9.993342e-01 -6.986427e+00
9.999492e-01 9.564007e-03 -3.194219e-03 1.781060e+01 -9.522283e-03 9.998723e-01 1.283162e-02 -3.982160e-01 3.316533e-03 -1.280055e-02 9.999126e-01 -8.053319e+00
9.999433e-01 -9.302472e-03 -5.179709e-03 1.788397e+01 9.241083e-03 9.998882e-01 -1.175209e-02 -4.125023e-01 5.288454e-03 1.170356e-02 9.999175e-01 -7.606258e+00
9.994250e-01 8.828608e-03 -3.273627e-02 1.959635e+01 -8.348927e-03 9.998562e-01 1.476076e-02 -4.400094e-01 3.286188e-02 -1.447896e-02 9.993550e-01 -8.655237e+00
9.999568e-01 -9.272993e-03 6.905203e-04 2.139287e+01 9.280464e-03 9.998880e-01 -1.174260e-02 -4.624836e-01 -5.815542e-04 1.174850e-02 9.999308e-01 -9.869555e+00
9.983345e-01 8.406523e-03 -5.707474e-02 2.392409e+01 -7.454272e-03 9.998298e-01 1.687674e-02 -4.944489e-01 5.720690e-02 -1.642319e-02 9.982273e-01 -1.156802e+01
9.998430e-01 -8.819537e-03 1.536672e-02 2.587127e+01 9.028454e-03 9.998670e-01 -1.357954e-02 -5.250667e-01 -1.524491e-02 1.371615e-02 9.997897e-01 -1.248378e+01
9.984671e-01 6.637402e-03 -5.494854e-02 2.844671e+01 -5.645451e-03 9.998186e-01 1.818794e-02 -5.523204e-01 5.505930e-02 -1.784985e-02 9.983235e-01 -1.419672e+01
9.999750e-01 -6.943538e-03 -1.314748e-03 3.150597e+01 6.925508e-03 9.998882e-01 -1.325433e-02 -5.833519e-01 1.406633e-03 1.324489e-02 9.999113e-01 -1.635589e+01
9.987858e-01 6.025735e-03 -4.889418e-02 3.328984e+01 -5.175627e-03 9.998336e-01 1.749470e-02 -6.212222e-01 4.899146e-02 -1.722040e-02 9.986507e-01 -1.702182e+01
9.998330e-01 -4.816953e-03 1.762581e-02 3.453806e+01 5.074301e-03 9.998808e-01 -1.458520e-02 -6.517879e-01 -1.755345e-02 1.467221e-02 9.997383e-01 -1.684299e+01
9.989069e-01 5.602865e-03 -4.640801e-02 3.560773e+01 -4.785132e-03 9.998317e-01 1.771291e-02 -6.800553e-01 4.649944e-02 -1.747147e-02 9.987655e-01 -1.688578e+01
9.995815e-01 -4.461821e-03 2.858093e-02 3.621453e+01 4.896691e-03 9.998730e-01 -1.516353e-02 -7.024888e-01 -2.850965e-02 1.529713e-02 9.994765e-01 -1.646928e+01
9.988809e-01 8.193475e-03 -4.658168e-02 3.644709e+01 -7.229638e-03 9.997571e-01 2.082230e-02 -7.270485e-01 4.674097e-02 -2.046223e-02 9.986974e-01 -1.483256e+01
9.994777e-01 -3.564991e-03 3.211831e-02 3.624535e+01 3.992193e-03 9.999043e-01 -1.324661e-02 -7.409534e-01 -3.206802e-02 1.336792e-02 9.993963e-01 -1.290512e+01
9.990869e-01 6.638679e-03 -4.220495e-02 3.597865e+01 -5.775451e-03 9.997723e-01 2.054236e-02 -7.535310e-01 4.233172e-02 -2.027985e-02 9.988978e-01 -1.041862e+01
9.994415e-01 -1.548676e-03 3.338208e-02 3.557629e+01 1.981467e-03 9.999144e-01 -1.293561e-02 -7.580938e-01 -3.335919e-02 1.299452e-02 9.993589e-01 -8.452527e+00
9.992718e-01 5.564065e-03 -3.774727e-02 3.503213e+01 -4.683145e-03 9.997155e-01 2.338573e-02 -7.572719e-01 3.786665e-02 -2.319192e-02 9.990136e-01 -5.810889e+00
9.995836e-01 1.997308e-03 2.878695e-02 3.414755e+01 -1.791925e-03 9.999728e-01 -7.158631e-03 -7.508857e-01 -2.880046e-02 7.104065e-03 9.995599e-01 -1.327023e+00
9.992233e-01 3.461599e-03 -3.925308e-02 3.353101e+01 -2.721499e-03 9.998178e-01 1.889233e-02 -7.547826e-01 3.931133e-02 -1.877083e-02 9.990507e-01 2.679483e+00
9.997701e-01 9.641887e-04 2.141950e-02 3.333659e+01 -7.070116e-04 9.999276e-01 -1.201102e-02 -7.761598e-01 -2.142953e-02 1.199312e-02 9.996984e-01 5.253646e+00
9.994288e-01 4.030654e-03 -3.355442e-02 3.308809e+01 -3.347164e-03 9.997863e-01 2.040091e-02 -7.892175e-01 3.362948e-02 -2.027694e-02 9.992287e-01 8.057110e+00
9.997576e-01 1.480874e-03 2.196736e-02 3.264114e+01 -1.279451e-03 9.999570e-01 -9.180427e-03 -7.951038e-01 -2.198001e-02 9.150095e-03 9.997165e-01 1.144614e+01
9.995172e-01 -1.681975e-04 -3.107034e-02 3.277166e+01 5.788251e-04 9.999126e-01 1.320753e-02 -8.087789e-01 3.106541e-02 -1.321914e-02 9.994299e-01 1.261052e+01
9.998943e-01 1.433224e-03 1.446929e-02 3.336226e+01 -1.290829e-03 9.999507e-01 -9.845763e-03 -8.250159e-01 -1.448269e-02 9.826044e-03 9.998468e-01 1.264123e+01
9.998425e-01 1.388092e-04 -1.774859e-02 3.318972e+01 9.799648e-05 9.999110e-01 1.334064e-02 -8.303366e-01 1.774887e-02 -1.334028e-02 9.997535e-01 1.340479e+01
9.998546e-01 2.251675e-03 1.690165e-02 3.289786e+01 -2.103788e-03 9.999594e-01 -8.762547e-03 -8.288813e-01 -1.692069e-02 8.725715e-03 9.998188e-01 1.437039e+01
9.997631e-01 -1.101398e-03 -2.173720e-02 3.270445e+01 1.408746e-03 9.998992e-01 1.412901e-02 -8.343092e-01 2.171945e-02 -1.415628e-02 9.996639e-01 1.544569e+01
9.998079e-01 2.634793e-03 1.942162e-02 3.252594e+01 -2.429736e-03 9.999411e-01 -1.057426e-02 -8.375496e-01 -1.944834e-02 1.052504e-02 9.997555e-01 1.617012e+01
9.997517e-01 -8.295070e-04 -2.226887e-02 3.234943e+01 1.147965e-03 9.998972e-01 1.429161e-02 -8.419394e-01 2.225473e-02 -1.431362e-02 9.996499e-01 1.690074e+01
9.998559e-01 1.804153e-03 1.687795e-02 3.228134e+01 -1.611271e-03 9.999333e-01 -1.143470e-02 -8.507613e-01 -1.689745e-02 1.140586e-02 9.997922e-01 1.735580e+01
9.998018e-01 -9.610249e-04 -1.988651e-02 3.223212e+01 1.217092e-03 9.999165e-01 1.286829e-02 -8.594443e-01 1.987249e-02 -1.288994e-02 9.997194e-01 1.768973e+01
9.998800e-01 1.840389e-03 1.538304e-02 3.220859e+01 -1.671707e-03 9.999384e-01 -1.097115e-02 -8.692882e-01 -1.540228e-02 1.094412e-02 9.998215e-01 1.796780e+01
9.998110e-01 -1.210849e-03 -1.940177e-02 3.222057e+01 1.445729e-03 9.999258e-01 1.209666e-02 -8.799581e-01 1.938568e-02 -1.212243e-02 9.997386e-01 1.814438e+01
9.998800e-01 1.705203e-03 1.539725e-02 3.225557e+01 -1.532270e-03 9.999357e-01 -1.123626e-02 -8.910386e-01 -1.541542e-02 1.121132e-02 9.998183e-01 1.822593e+01
9.997651e-01 -1.124277e-03 -2.164564e-02 3.233081e+01 1.390522e-03 9.999235e-01 1.228903e-02 -9.041786e-01 2.163017e-02 -1.231624e-02 9.996902e-01 1.830966e+01
9.998893e-01 1.963738e-03 1.475174e-02 3.239358e+01 -1.799824e-03 9.999366e-01 -1.111664e-02 -9.171607e-01 -1.477264e-02 1.108885e-02 9.998294e-01 1.840011e+01
9.997295e-01 -2.166701e-03 -2.315775e-02 3.262662e+01 2.440193e-03 9.999275e-01 1.178821e-02 -9.321773e-01 2.313053e-02 -1.184153e-02 9.996623e-01 1.829935e+01
9.998921e-01 2.630052e-03 1.445087e-02 3.286383e+01 -2.478447e-03 9.999418e-01 -1.049903e-02 -9.459632e-01 -1.447764e-02 1.046208e-02 9.998405e-01 1.819487e+01
9.997988e-01 -2.303516e-03 -1.992812e-02 3.294678e+01 2.530456e-03 9.999322e-01 1.137020e-02 -9.584025e-01 1.990058e-02 -1.141833e-02 9.997368e-01 1.818448e+01
9.999013e-01 2.587976e-03 1.380764e-02 3.307211e+01 -2.444900e-03 9.999433e-01 -1.036900e-02 -9.713943e-01 -1.383369e-02 1.033421e-02 9.998509e-01 1.814314e+01
9.998158e-01 -2.404012e-03 -1.903989e-02 3.315786e+01 2.618942e-03 9.999330e-01 1.127151e-02 -9.841676e-01 1.901152e-02 -1.131929e-02 9.997552e-01 1.813041e+01
9.999038e-01 2.763663e-03 1.359180e-02 3.324852e+01 -2.623729e-03 9.999435e-01 -1.030258e-02 -9.966280e-01 -1.361951e-02 1.026593e-02 9.998545e-01 1.811874e+01
9.998169e-01 -2.369229e-03 -1.899016e-02 3.332427e+01 2.583234e-03 9.999333e-01 1.125266e-02 -1.008751e+00 1.896224e-02 -1.129966e-02 9.997563e-01 1.811446e+01
9.999031e-01 2.844597e-03 1.363031e-02 3.337532e+01 -2.705208e-03 9.999440e-01 -1.023394e-02 -1.020313e+00 -1.365866e-02 1.019608e-02 9.998547e-01 1.814304e+01
9.998115e-01 -1.805301e-03 -1.933011e-02 3.338003e+01 2.039366e-03 9.999248e-01 1.209594e-02 -1.029942e+00 1.930682e-02 -1.213309e-02 9.997400e-01 1.829263e+01
9.999030e-01 2.198509e-03 1.374995e-02 3.344225e+01 -2.043127e-03 9.999340e-01 -1.130443e-02 -1.042598e+00 -1.377390e-02 1.127524e-02 9.998416e-01 1.833446e+01
9.997974e-01 -1.889588e-03 -2.003823e-02 3.357969e+01 2.135837e-03 9.999224e-01 1.227471e-02 -1.055598e+00 2.001349e-02 -1.231502e-02 9.997239e-01 1.827435e+01
9.998932e-01 2.244542e-03 1.444288e-02 3.367768e+01 -2.080852e-03 9.999335e-01 -1.133872e-02 -1.068532e+00 -1.446737e-02 1.130745e-02 9.998314e-01 1.825017e+01
9.997865e-01 -1.946502e-03 -2.056961e-02 3.379709e+01 2.199693e-03 9.999220e-01 1.229350e-02 -1.081397e+00 2.054408e-02 -1.233612e-02 9.997128e-01 1.820647e+01
9.998777e-01 -1.110627e-04 1.563956e-02 3.409965e+01 3.204319e-04 9.999104e-01 -1.338531e-02 -1.097309e+00 -1.563667e-02 1.338868e-02 9.997881e-01 1.803794e+01
9.995911e-01 3.317493e-04 -2.859269e-02 3.462931e+01 7.560447e-05 9.998985e-01 1.424451e-02 -1.114868e+00 2.859451e-02 -1.424085e-02 9.994896e-01 1.772396e+01
9.998583e-01 7.760538e-04 1.681686e-02 3.499612e+01 -5.565447e-04 9.999146e-01 -1.305369e-02 -1.128733e+00 -1.682556e-02 1.304248e-02 9.997734e-01 1.751249e+01
9.997558e-01 -2.941681e-03 -2.190094e-02 3.532421e+01 3.201727e-03 9.999247e-01 1.184813e-02 -1.144709e+00 2.186443e-02 -1.191536e-02 9.996899e-01 1.732924e+01
9.999413e-01 4.016851e-03 1.006483e-02 3.568145e+01 -3.909558e-03 9.999356e-01 -1.065730e-02 -1.158866e+00 -1.010699e-02 1.061732e-02 9.998926e-01 1.713989e+01
9.998622e-01 -3.879589e-03 -1.613901e-02 3.583259e+01 4.065004e-03 9.999259e-01 1.147173e-02 -1.172131e+00 1.609331e-02 -1.153576e-02 9.998039e-01 1.708085e+01
9.999523e-01 4.259058e-03 8.788117e-03 3.602240e+01 -4.166081e-03 9.999354e-01 -1.057125e-02 -1.185063e+00 -8.832573e-03 1.053414e-02 9.999055e-01 1.698862e+01
9.998683e-01 -5.912187e-03 -1.511187e-02 3.633613e+01 6.065652e-03 9.999303e-01 1.012962e-02 -1.200999e+00 1.505093e-02 -1.021995e-02 9.998345e-01 1.681507e+01
9.999712e-01 6.438436e-03 4.009559e-03 3.670414e+01 -6.401669e-03 9.999380e-01 -9.116299e-03 -1.215366e+00 -4.068005e-03 9.090368e-03 9.999504e-01 1.659542e+01
9.999121e-01 -6.333808e-03 -1.164400e-02 3.691775e+01 6.450818e-03 9.999288e-01 1.003900e-02 -1.228923e+00 1.157959e-02 -1.011323e-02 9.998818e-01 1.647969e+01
9.999674e-01 6.576142e-03 4.685570e-03 3.710306e+01 -6.533370e-03 9.999374e-01 -9.086175e-03 -1.241911e+00 -4.745029e-03 9.055266e-03 9.999477e-01 1.638463e+01
9.999165e-01 -6.425045e-03 -1.121632e-02 3.725365e+01 6.537281e-03 9.999286e-01 9.998703e-03 -1.255173e+00 1.115128e-02 -1.007119e-02 9.998871e-01 1.631518e+01
9.999669e-01 6.581155e-03 4.791090e-03 3.741055e+01 -6.537756e-03 9.999380e-01 -9.018216e-03 -1.268557e+00 -4.850143e-03 8.986594e-03 9.999479e-01 1.624281e+01
9.999015e-01 -6.740178e-03 -1.231270e-02 3.766735e+01 6.860043e-03 9.999292e-01 9.718882e-03 -1.283392e+00 1.224632e-02 -9.802390e-03 9.998770e-01 1.610273e+01
9.999652e-01 7.197801e-03 4.221867e-03 3.787637e+01 -7.160802e-03 9.999364e-01 -8.714541e-03 -1.297009e+00 -4.284324e-03 8.684005e-03 9.999531e-01 1.599491e+01
9.999184e-01 -7.144346e-03 -1.059408e-02 3.802061e+01 7.246584e-03 9.999272e-01 9.643705e-03 -1.310317e+00 1.052441e-02 -9.719688e-03 9.998974e-01 1.592988e+01
9.999666e-01 7.419826e-03 3.422880e-03 3.820954e+01 -7.389841e-03 9.999349e-01 -8.691210e-03 -1.323723e+00 -3.487144e-03 8.665625e-03 9.999564e-01 1.583056e+01
9.999204e-01 -7.330659e-03 -1.027224e-02 3.838533e+01 7.429313e-03 9.999263e-01 9.598873e-03 -1.337060e+00 1.020112e-02 -9.674424e-03 9.999012e-01 1.574155e+01
9.999671e-01 7.523900e-03 3.028105e-03 3.858182e+01 -7.497608e-03 9.999349e-01 -8.602364e-03 -1.350280e+00 -3.092631e-03 8.579376e-03 9.999584e-01 1.563584e+01
9.999236e-01 -7.396452e-03 -9.906979e-03 3.876752e+01 7.491333e-03 9.999261e-01 9.574472e-03 -1.363353e+00 9.835430e-03 -9.647956e-03 9.999051e-01 1.555217e+01
9.999631e-01 7.578370e-03 4.044289e-03 3.889845e+01 -7.543234e-03 9.999343e-01 -8.633349e-03 -1.375845e+00 -4.109450e-03 8.602523e-03 9.999546e-01 1.550234e+01
9.999236e-01 -7.487602e-03 -9.831442e-03 3.901879e+01 7.581609e-03 9.999256e-01 9.559595e-03 -1.388594e+00 9.759132e-03 -9.633403e-03 9.999060e-01 1.546129e+01
9.999604e-01 7.443847e-03 4.886253e-03 3.913808e+01 -7.400656e-03 9.999339e-01 -8.798863e-03 -1.401963e+00 -4.951428e-03 8.762352e-03 9.999494e-01 1.542453e+01
9.999061e-01 -7.247581e-03 -1.162951e-02 3.929378e+01 7.360600e-03 9.999258e-01 9.705103e-03 -1.415193e+00 1.155831e-02 -9.789791e-03 9.998853e-01 1.536744e+01
9.999574e-01 7.306560e-03 5.637333e-03 3.943087e+01 -7.256586e-03 9.999346e-01 -8.835066e-03 -1.429260e+00 -5.701519e-03 8.793782e-03 9.999451e-01 1.531437e+01
9.999005e-01 -7.031100e-03 -1.222990e-02 3.952528e+01 7.150269e-03 9.999271e-01 9.727691e-03 -1.443000e+00 1.216061e-02 -9.814170e-03 9.998779e-01 1.532552e+01
9.999515e-01 7.420518e-03 6.480608e-03 3.959921e+01 -7.362707e-03 9.999333e-01 -8.899547e-03 -1.456370e+00 -6.546215e-03 8.851400e-03 9.999394e-01 1.536341e+01
9.999014e-01 -7.173718e-03 -1.207416e-02 3.970603e+01 7.290812e-03 9.999265e-01 9.681939e-03 -1.468906e+00 1.200382e-02 -9.769014e-03 9.998802e-01 1.534562e+01
9.999533e-01 7.237638e-03 6.396581e-03 3.983129e+01 -7.181350e-03 9.999357e-01 -8.779369e-03 -1.483237e+00 -6.459712e-03 8.733023e-03 9.999410e-01 1.531821e+01
9.998987e-01 -6.886043e-03 -1.245313e-02 3.990351e+01 7.005197e-03 9.999299e-01 9.549982e-03 -1.496694e+00 1.238650e-02 -9.636251e-03 9.998769e-01 1.535017e+01
9.999555e-01 7.154290e-03 6.145387e-03 4.000848e+01 -7.100389e-03 9.999365e-01 -8.748529e-03 -1.510956e+00 -6.207587e-03 8.704505e-03 9.999428e-01 1.534789e+01
9.999030e-01 -6.973007e-03 -1.205292e-02 4.012269e+01 7.088244e-03 9.999293e-01 9.544794e-03 -1.525052e+00 1.198551e-02 -9.629302e-03 9.998818e-01 1.534033e+01
9.999533e-01 7.265926e-03 6.369683e-03 4.020625e+01 -7.209906e-03 9.999355e-01 -8.774163e-03 -1.538639e+00 -6.433025e-03 8.727828e-03 9.999412e-01 1.535573e+01
9.998985e-01 -7.109251e-03 -1.234704e-02 4.030286e+01 7.228511e-03 9.999274e-01 9.641335e-03 -1.552390e+00 1.227760e-02 -9.729606e-03 9.998773e-01 1.534036e+01
9.999702e-01 6.995300e-03 3.257470e-03 4.057390e+01 -6.967094e-03 9.999388e-01 -8.591288e-03 -1.568559e+00 -3.317370e-03 8.568337e-03 9.999578e-01 1.519698e+01
9.999134e-01 -6.844610e-03 -1.123599e-02 4.081121e+01 6.953036e-03 9.999294e-01 9.639319e-03 -1.582633e+00 1.116922e-02 -9.716608e-03 9.998904e-01 1.507593e+01
9.999664e-01 7.042223e-03 4.191386e-03 4.100688e+01 -7.005754e-03 9.999380e-01 -8.652978e-03 -1.595759e+00 -4.252062e-03 8.623323e-03 9.999538e-01 1.498071e+01
9.999146e-01 -6.780519e-03 -1.117209e-02 4.116190e+01 6.887873e-03 9.999302e-01 9.598781e-03 -1.608230e+00 1.110622e-02 -9.674913e-03 9.998915e-01 1.490009e+01
9.999703e-01 6.821474e-03 3.575496e-03 4.138853e+01 -6.790938e-03 9.999410e-01 -8.484000e-03 -1.621751e+00 -3.633158e-03 8.459467e-03 9.999576e-01 1.477235e+01
9.999054e-01 -6.870645e-03 -1.191188e-02 4.167336e+01 6.984186e-03 9.999303e-01 9.516468e-03 -1.635478e+00 1.184567e-02 -9.598763e-03 9.998838e-01 1.461090e+01
9.999710e-01 6.930891e-03 3.149932e-03 4.197860e+01 -6.904086e-03 9.999405e-01 -8.442340e-03 -1.649472e+00 -3.208258e-03 8.420347e-03 9.999594e-01 1.444496e+01
9.998955e-01 -7.016097e-03 -1.264152e-02 4.235123e+01 7.136433e-03 9.999294e-01 9.499202e-03 -1.663680e+00 1.257398e-02 -9.588424e-03 9.998750e-01 1.423541e+01
9.999719e-01 7.114111e-03 2.384474e-03 4.273480e+01 -7.093860e-03 9.999396e-01 -8.396726e-03 -1.678136e+00 -2.444066e-03 8.379574e-03 9.999619e-01 1.401869e+01
9.999127e-01 -7.021595e-03 -1.119652e-02 4.300579e+01 7.127169e-03 9.999303e-01 9.417279e-03 -1.691755e+00 1.112961e-02 -9.496256e-03 9.998930e-01 1.387107e+01
9.999716e-01 7.098578e-03 2.515855e-03 4.331088e+01 -7.077513e-03 9.999406e-01 -8.285157e-03 -1.705529e+00 -2.574518e-03 8.267116e-03 9.999625e-01 1.370216e+01
9.999162e-01 -7.074364e-03 -1.084474e-02 4.358979e+01 7.175870e-03 9.999305e-01 9.349738e-03 -1.718694e+00 1.077785e-02 -9.426774e-03 9.998975e-01 1.354978e+01
9.999685e-01 7.120155e-03 3.506645e-03 4.382058e+01 -7.090747e-03 9.999402e-01 -8.328780e-03 -1.731643e+00 -3.565737e-03 8.303652e-03 9.999592e-01 1.343288e+01
9.998980e-01 -7.210347e-03 -1.232852e-02 4.413268e+01 7.326070e-03 9.999293e-01 9.367329e-03 -1.745908e+00 1.226011e-02 -9.456693e-03 9.998801e-01 1.324288e+01
9.999636e-01 7.287411e-03 4.434130e-03 4.435923e+01 -7.250489e-03 9.999394e-01 -8.286734e-03 -1.759267e+00 -4.494250e-03 8.254282e-03 9.999558e-01 1.311892e+01
9.998792e-01 -7.332085e-03 -1.370425e-02 4.469469e+01 7.460325e-03 9.999286e-01 9.330071e-03 -1.773117e+00 1.363486e-02 -9.431182e-03 9.998626e-01 1.292604e+01
9.999634e-01 7.362698e-03 4.361764e-03 4.504863e+01 -7.326691e-03 9.999394e-01 -8.214556e-03 -1.786880e+00 -4.421981e-03 8.182297e-03 9.999567e-01 1.272194e+01
9.998902e-01 -7.413632e-03 -1.283414e-02 4.535131e+01 7.533063e-03 9.999285e-01 9.282511e-03 -1.800040e+00 1.276440e-02 -9.378171e-03 9.998746e-01 1.255267e+01
9.999489e-01 7.511203e-03 6.764248e-03 4.547818e+01 -7.454581e-03 9.999373e-01 -8.357408e-03 -1.812598e+00 -6.826598e-03 8.306556e-03 9.999422e-01 1.252021e+01
9.998919e-01 -7.304244e-03 -1.276132e-02 4.559576e+01 7.422810e-03 9.999295e-01 9.268485e-03 -1.824719e+00 1.269272e-02 -9.362207e-03 9.998756e-01 1.250886e+01
9.999357e-01 7.994602e-03 8.044974e-03 4.560382e+01 -7.931255e-03 9.999375e-01 -7.875496e-03 -1.834597e+00 -8.107433e-03 7.811183e-03 9.999366e-01 1.270533e+01
9.999101e-01 -7.182997e-03 -1.132567e-02 4.555721e+01 7.291295e-03 9.999278e-01 9.550067e-03 -1.841874e+00 1.125625e-02 -9.631786e-03 9.998903e-01 1.298634e+01
9.999283e-01 8.120827e-03 8.800635e-03 4.547326e+01 -8.055431e-03 9.999399e-01 -7.441000e-03 -1.847253e+00 -8.860532e-03 7.369573e-03 9.999336e-01 1.336739e+01
9.998999e-01 -7.491846e-03 -1.200441e-02 4.543314e+01 7.598894e-03 9.999316e-01 8.896660e-03 -1.855403e+00 1.193693e-02 -8.986988e-03 9.998884e-01 1.367081e+01
9.999303e-01 8.370834e-03 8.325545e-03 4.539424e+01 -8.311944e-03 9.999404e-01 -7.083162e-03 -1.863362e+00 -8.384341e-03 7.013466e-03 9.999403e-01 1.393716e+01
9.999152e-01 -7.556938e-03 -1.061022e-02 4.530948e+01 7.653379e-03 9.999295e-01 9.078440e-03 -1.869099e+00 1.054086e-02 -9.158873e-03 9.999025e-01 1.431947e+01
9.999332e-01 8.339646e-03 7.997094e-03 4.523825e+01 -8.283283e-03 9.999408e-01 -7.055438e-03 -1.875241e+00 -8.055461e-03 6.988724e-03 9.999431e-01 1.466659e+01
9.999134e-01 -7.694761e-03 -1.067508e-02 4.517737e+01 7.787183e-03 9.999323e-01 8.643248e-03 -1.881539e+00 1.060785e-02 -8.725628e-03 9.999057e-01 1.495091e+01
9.999324e-01 8.737974e-03 7.670874e-03 4.509715e+01 -8.687761e-03 9.999408e-01 -6.555106e-03 -1.886860e+00 -7.727698e-03 6.488020e-03 9.999491e-01 1.530422e+01
9.999209e-01 -7.682573e-03 -9.958034e-03 4.499548e+01 7.768885e-03 9.999323e-01 8.658025e-03 -1.891989e+00 9.890845e-03 -8.734703e-03 9.999129e-01 1.572392e+01
9.999482e-01 7.830257e-03 6.497551e-03 4.503911e+01 -7.778300e-03 9.999379e-01 -7.983674e-03 -1.903032e+00 -6.559662e-03 7.932721e-03 9.999470e-01 1.580857e+01
9.998953e-01 -7.229974e-03 -1.253354e-02 4.511983e+01 7.345184e-03 9.999310e-01 9.170636e-03 -1.914505e+00 1.246637e-02 -9.261737e-03 9.998794e-01 1.585699e+01
9.999139e-01 8.304810e-03 1.015846e-02 4.502000e+01 -8.234239e-03 9.999418e-01 -6.969278e-03 -1.919500e+00 -1.021575e-02 6.885030e-03 9.999241e-01 1.627519e+01
9.999001e-01 -7.230485e-03 -1.214595e-02 4.490240e+01 7.343032e-03 9.999303e-01 9.247233e-03 -1.923861e+00 1.207824e-02 -9.335497e-03 9.998835e-01 1.673170e+01
9.999159e-01 8.392810e-03 9.891767e-03 4.479645e+01 -8.322198e-03 9.999397e-01 -7.158185e-03 -1.928211e+00 -9.951248e-03 7.075260e-03 9.999255e-01 1.711921e+01
9.998884e-01 -7.921520e-03 -1.266461e-02 4.477639e+01 8.024301e-03 9.999351e-01 8.085469e-03 -1.936794e+00 1.259974e-02 -8.186191e-03 9.998871e-01 1.729892e+01
9.999431e-01 8.217283e-03 6.800188e-03 4.488447e+01 -8.168348e-03 9.999408e-01 -7.192891e-03 -1.949237e+00 -6.858892e-03 7.136935e-03 9.999510e-01 1.726394e+01
9.998874e-01 -7.890891e-03 -1.276276e-02 4.498941e+01 7.994218e-03 9.999355e-01 8.065301e-03 -1.961574e+00 1.269830e-02 -8.166421e-03 9.998860e-01 1.722858e+01
9.999244e-01 8.858531e-03 8.521797e-03 4.496056e+01 -8.804677e-03 9.999412e-01 -6.336493e-03 -1.969285e+00 -8.577428e-03 6.260982e-03 9.999436e-01 1.744040e+01
9.999029e-01 -7.903317e-03 -1.147721e-02 4.487570e+01 7.996782e-03 9.999351e-01 8.120547e-03 -1.975172e+00 1.141229e-02 -8.211539e-03 9.999012e-01 1.779614e+01
9.999460e-01 6.781991e-03 7.877570e-03 4.502506e+01 -6.714359e-03 9.999406e-01 -8.580462e-03 -1.988270e+00 -7.935295e-03 8.527105e-03 9.999322e-01 1.772798e+01
9.998790e-01 -5.458167e-03 -1.456740e-02 4.504366e+01 5.611752e-03 9.999289e-01 1.052305e-02 -1.998411e+00 1.450892e-02 -1.060352e-02 9.998385e-01 1.788531e+01
9.999151e-01 6.439396e-03 1.132589e-02 4.498554e+01 -6.340143e-03 9.999414e-01 -8.777571e-03 -2.005052e+00 -1.138174e-02 8.705018e-03 9.998973e-01 1.816119e+01
9.998882e-01 -5.092406e-03 -1.405654e-02 4.487154e+01 5.251149e-03 9.999226e-01 1.127940e-02 -2.009716e+00 1.399801e-02 -1.135195e-02 9.998376e-01 1.864587e+01
9.999400e-01 6.011964e-03 9.153015e-03 4.484075e+01 -5.923348e-03 9.999356e-01 -9.678187e-03 -2.019980e+00 -9.210610e-03 9.623390e-03 9.999113e-01 1.911900e+01
9.998783e-01 -5.504263e-03 -1.459627e-02 4.501214e+01 5.663250e-03 9.999248e-01 1.087343e-02 -2.030576e+00 1.453532e-02 -1.095477e-02 9.998343e-01 1.916909e+01
9.999260e-01 6.269040e-03 1.042856e-02 4.500536e+01 -6.169653e-03 9.999355e-01 -9.535382e-03 -2.039549e+00 -1.048767e-02 9.470335e-03 9.999002e-01 1.934306e+01
9.998868e-01 -5.147496e-03 -1.414151e-02 4.495367e+01 5.308812e-03 9.999210e-01 1.139349e-02 -2.046849e+00 1.408175e-02 -1.146727e-02 9.998351e-01 1.965954e+01
9.999213e-01 6.031319e-03 1.099922e-02 4.490795e+01 -5.921598e-03 9.999327e-01 -9.980771e-03 -2.055012e+00 -1.105867e-02 9.914852e-03 9.998897e-01 1.995766e+01
9.998773e-01 -5.426154e-03 -1.469197e-02 4.490253e+01 5.587158e-03 9.999245e-01 1.093984e-02 -2.064692e+00 1.463150e-02 -1.102058e-02 9.998322e-01 2.011656e+01
9.999308e-01 4.563855e-03 1.084170e-02 4.506051e+01 -4.441315e-03 9.999263e-01 -1.130005e-02 -2.077823e+00 -1.089248e-02 1.125111e-02 9.998774e-01 2.005374e+01
9.997729e-01 -4.376481e-03 -2.085628e-02 4.540360e+01 4.630930e-03 9.999152e-01 1.216747e-02 -2.093155e+00 2.080127e-02 -1.226129e-02 9.997084e-01 1.986633e+01
9.998955e-01 5.613674e-03 1.331999e-02 4.548972e+01 -5.468735e-03 9.999257e-01 -1.089296e-02 -2.105249e+00 -1.338015e-02 1.081898e-02 9.998519e-01 1.993969e+01
9.998590e-01 -4.159693e-03 -1.626957e-02 4.539004e+01 4.377637e-03 9.999009e-01 1.338318e-02 -2.111073e+00 1.621229e-02 -1.345251e-02 9.997781e-01 2.041796e+01
9.998807e-01 5.661701e-03 1.437188e-02 4.523507e+01 -5.510971e-03 9.999296e-01 -1.050588e-02 -2.114485e+00 -1.443035e-02 1.042543e-02 9.998415e-01 2.104451e+01
9.998280e-01 -4.445895e-03 -1.800533e-02 4.513058e+01 4.670864e-03 9.999113e-01 1.247180e-02 -2.121472e+00 1.794829e-02 -1.255376e-02 9.997601e-01 2.150735e+01
9.999224e-01 5.021252e-03 1.140336e-02 4.519299e+01 -4.889309e-03 9.999211e-01 -1.156909e-02 -2.134689e+00 -1.146056e-02 1.151244e-02 9.998681e-01 2.154344e+01
9.998171e-01 -5.133329e-03 -1.842365e-02 4.540421e+01 5.357046e-03 9.999123e-01 1.211413e-02 -2.150482e+00 1.835985e-02 -1.221061e-02 9.997569e-01 2.143419e+01
9.999353e-01 6.815628e-03 9.106812e-03 4.545739e+01 -6.723356e-03 9.999261e-01 -1.012473e-02 -2.163265e+00 -9.175145e-03 1.006284e-02 9.999073e-01 2.156779e+01
9.999084e-01 -5.862811e-03 -1.219559e-02 4.537835e+01 6.013839e-03 9.999052e-01 1.238413e-02 -2.170940e+00 1.212183e-02 -1.245634e-02 9.998489e-01 2.199606e+01
9.999305e-01 6.886233e-03 9.566919e-03 4.530018e+01 -6.789024e-03 9.999254e-01 -1.015660e-02 -2.177791e+00 -9.636146e-03 1.009095e-02 9.999027e-01 2.243445e+01
9.999133e-01 -5.767566e-03 -1.184165e-02 4.521923e+01 5.911806e-03 9.999083e-01 1.218197e-02 -2.184554e+00 1.177030e-02 -1.225091e-02 9.998557e-01 2.290299e+01
9.999327e-01 6.991713e-03 9.261351e-03 4.512647e+01 -6.899564e-03 9.999267e-01 -9.944749e-03 -2.190337e+00 -9.330203e-03 9.880179e-03 9.999077e-01 2.335408e+01
9.998983e-01 -6.521533e-03 -1.267971e-02 4.512592e+01 6.657436e-03 9.999205e-01 1.070563e-02 -2.200237e+00 1.260889e-02 -1.078895e-02 9.998623e-01 2.352080e+01
9.999513e-01 7.057324e-03 6.894387e-03 4.520560e+01 -6.989489e-03 9.999274e-01 -9.814320e-03 -2.211984e+00 -6.963149e-03 9.765653e-03 9.999281e-01 2.354383e+01
9.999303e-01 -6.012165e-03 -1.015649e-02 4.516180e+01 6.131694e-03 9.999118e-01 1.177885e-02 -2.219550e+00 1.008478e-02 -1.184031e-02 9.998790e-01 2.385643e+01
9.999546e-01 7.181554e-03 6.257615e-03 4.508390e+01 -7.118859e-03 9.999248e-01 -9.984291e-03 -2.226702e+00 -6.328847e-03 9.939290e-03 9.999306e-01 2.424863e+01
9.999305e-01 -6.315583e-03 -9.955399e-03 4.505557e+01 6.428861e-03 9.999145e-01 1.138793e-02 -2.235677e+00 9.882627e-03 -1.145114e-02 9.998856e-01 2.455109e+01
9.999568e-01 7.410150e-03 5.619387e-03 4.502950e+01 -7.355940e-03 9.999268e-01 -9.607121e-03 -2.244692e+00 -5.690166e-03 9.565369e-03 9.999381e-01 2.485115e+01
9.999339e-01 -6.537132e-03 -9.454117e-03 4.499683e+01 6.642725e-03 9.999154e-01 1.118101e-02 -2.253114e+00 9.380226e-03 -1.124307e-02 9.998928e-01 2.512403e+01
9.999489e-01 7.665727e-03 6.591252e-03 4.491657e+01 -7.606506e-03 9.999309e-01 -8.963519e-03 -2.259294e+00 -6.659508e-03 8.912924e-03 9.999381e-01 2.552468e+01
9.999317e-01 -6.878756e-03 -9.448654e-03 4.484959e+01 6.977365e-03 9.999211e-01 1.044322e-02 -2.266562e+00 9.376073e-03 -1.050843e-02 9.999008e-01 2.586381e+01
9.999544e-01 7.606226e-03 5.777649e-03 4.482989e+01 -7.553172e-03 9.999296e-01 -9.149749e-03 -2.275744e+00 -5.846838e-03 9.105691e-03 9.999414e-01 2.608294e+01
9.999293e-01 -6.754849e-03 -9.786010e-03 4.481381e+01 6.858671e-03 9.999201e-01 1.061475e-02 -2.284823e+00 9.713528e-03 -1.068112e-02 9.998958e-01 2.631370e+01
9.999463e-01 8.034102e-03 6.546515e-03 4.473158e+01 -7.979924e-03 9.999340e-01 -8.260371e-03 -2.291466e+00 -6.612448e-03 8.207686e-03 9.999445e-01 2.675202e+01
9.999204e-01 -6.873075e-03 -1.058456e-02 4.464038e+01 6.982541e-03 9.999222e-01 1.033997e-02 -2.298719e+00 1.051266e-02 -1.041305e-02 9.998905e-01 2.720110e+01
9.999462e-01 7.753041e-03 6.886736e-03 4.459023e+01 -7.693495e-03 9.999332e-01 -8.631380e-03 -2.306623e+00 -6.953195e-03 8.577932e-03 9.999390e-01 2.748741e+01
9.999196e-01 -7.320411e-03 -1.035557e-02 4.458085e+01 7.419535e-03 9.999267e-01 9.566170e-03 -2.316290e+00 1.028479e-02 -9.642234e-03 9.999006e-01 2.766787e+01
9.999699e-01 7.120685e-03 3.092040e-03 4.480343e+01 -7.093160e-03 9.999359e-01 -8.823440e-03 -2.331963e+00 -3.154671e-03 8.801241e-03 9.999563e-01 2.756054e+01
9.998796e-01 -7.194554e-03 -1.374565e-02 4.528825e+01 7.325299e-03 9.999282e-01 9.485118e-03 -2.349629e+00 1.367642e-02 -9.584667e-03 9.998605e-01 2.730129e+01
9.999674e-01 7.697011e-03 2.425081e-03 4.558187e+01 -7.676691e-03 9.999363e-01 -8.280251e-03 -2.365851e+00 -2.488660e-03 8.261364e-03 9.999628e-01 2.715283e+01
9.999417e-01 -6.942599e-03 -8.270777e-03 4.557935e+01 7.024285e-03 9.999264e-01 9.888653e-03 -2.377416e+00 8.201515e-03 -9.946172e-03 9.999169e-01 2.734166e+01
9.999685e-01 7.111613e-03 3.536516e-03 4.565776e+01 -7.079669e-03 9.999348e-01 -8.964500e-03 -2.389116e+00 -3.600037e-03 8.939180e-03 9.999536e-01 2.746628e+01
9.994916e-01 -8.222274e-03 -3.080533e-02 4.675729e+01 8.544017e-03 9.999102e-01 1.032732e-02 -2.414713e+00 3.071765e-02 -1.058527e-02 9.994720e-01 2.679624e+01
9.998930e-01 9.584009e-03 1.105562e-02 4.759293e+01 -9.497319e-03 9.999240e-01 -7.867342e-03 -2.432846e+00 -1.113018e-02 7.761501e-03 9.999079e-01 2.644483e+01
9.996990e-01 -1.049044e-02 -2.217635e-02 4.822037e+01 1.068929e-02 9.999036e-01 8.867308e-03 -2.451441e+00 2.208119e-02 -9.101689e-03 9.997147e-01 2.610291e+01
9.999367e-01 1.060866e-02 3.754060e-03 4.908647e+01 -1.058215e-02 9.999194e-01 -7.010948e-03 -2.470085e+00 -3.828134e-03 6.970777e-03 9.999684e-01 2.561709e+01
9.999255e-01 -9.722808e-03 -7.377567e-03 4.902917e+01 9.789465e-03 9.999111e-01 9.053353e-03 -2.478361e+00 7.288887e-03 -9.124901e-03 9.999318e-01 2.596790e+01
9.999055e-01 1.197372e-02 6.752256e-03 4.871365e+01 -1.194572e-02 9.999199e-01 -4.172657e-03 -2.473585e+00 -6.801677e-03 4.091602e-03 9.999685e-01 2.687751e+01
9.999421e-01 -9.516735e-03 -5.029488e-03 4.823828e+01 9.564731e-03 9.999081e-01 9.606499e-03 -2.462078e+00 4.937603e-03 -9.654048e-03 9.999412e-01 2.810172e+01
9.998883e-01 1.257350e-02 8.078743e-03 4.766716e+01 -1.255384e-02 9.999181e-01 -2.479654e-03 -2.446362e+00 -8.109259e-03 2.377958e-03 9.999643e-01 2.959741e+01
9.999277e-01 -1.025537e-02 -6.272599e-03 4.720909e+01 1.030459e-02 9.999160e-01 7.866404e-03 -2.434708e+00 6.191399e-03 -7.930472e-03 9.999494e-01 3.074426e+01
9.998789e-01 1.276779e-02 8.892189e-03 4.669965e+01 -1.275134e-02 9.999169e-01 -1.904200e-03 -2.420502e+00 -8.915762e-03 1.790582e-03 9.999587e-01 3.200073e+01
9.999268e-01 -1.031951e-02 -6.311957e-03 4.620364e+01 1.036707e-02 9.999178e-01 7.549029e-03 -2.407260e+00 6.233535e-03 -7.613913e-03 9.999516e-01 3.324885e+01
9.997887e-01 1.477322e-02 1.429325e-02 4.533309e+01 -1.482123e-02 9.998849e-01 3.258197e-03 -2.376614e+00 -1.424347e-02 -3.469353e-03 9.998925e-01 3.545506e+01
9.999057e-01 -1.142797e-02 -7.618309e-03 4.457827e+01 1.145689e-02 9.999273e-01 3.763048e-03 -2.351441e+00 7.574751e-03 -3.849975e-03 9.999639e-01 3.729502e+01
9.997503e-01 1.521853e-02 1.636398e-02 4.377201e+01 -1.532008e-02 9.998640e-01 6.098034e-03 -2.325304e+00 -1.626895e-02 -6.347209e-03 9.998475e-01 3.939233e+01
9.998858e-01 -1.191634e-02 -9.289504e-03 4.299576e+01 1.192763e-02 9.999282e-01 1.161481e-03 -2.299222e+00 9.274996e-03 -1.272150e-03 9.999562e-01 4.130318e+01
9.998394e-01 1.418472e-02 1.095145e-02 4.255559e+01 -1.422782e-02 9.998913e-01 3.867375e-03 -2.288559e+00 -1.089540e-02 -4.022570e-03 9.999326e-01 4.244076e+01
9.999026e-01 -1.111305e-02 -8.437868e-03 4.200325e+01 1.113821e-02 9.999336e-01 2.940436e-03 -2.272655e+00 8.404631e-03 -3.034132e-03 9.999601e-01 4.383341e+01
9.998223e-01 1.392140e-02 1.270862e-02 4.138025e+01 -1.396624e-02 9.998965e-01 3.446051e-03 -2.254231e+00 -1.265933e-02 -3.622931e-03 9.999133e-01 4.538216e+01
9.999030e-01 -1.101019e-02 -8.531914e-03 4.076657e+01 1.103819e-02 9.999338e-01 3.242714e-03 -2.236908e+00 8.495646e-03 -3.336576e-03 9.999583e-01 4.689019e+01
9.997048e-01 1.609502e-02 1.820101e-02 3.965327e+01 -1.626486e-02 9.998252e-01 9.222054e-03 -2.197747e+00 -1.804939e-02 -9.515369e-03 9.997918e-01 4.950624e+01
9.999032e-01 -1.235773e-02 -6.390476e-03 3.865014e+01 1.235063e-02 9.999231e-01 -1.148839e-03 -2.161237e+00 6.404182e-03 1.069802e-03 9.999789e-01 5.188333e+01
9.998055e-01 1.610892e-02 1.138240e-02 3.806940e+01 -1.619920e-02 9.998377e-01 7.884315e-03 -2.144038e+00 -1.125354e-02 -8.067167e-03 9.999041e-01 5.357695e+01
9.998692e-01 -1.350089e-02 -8.909208e-03 3.755636e+01 1.348130e-02 9.999066e-01 -2.254773e-03 -2.131310e+00 8.938817e-03 2.134371e-03 9.999578e-01 5.495900e+01
9.997962e-01 1.559104e-02 1.282436e-02 3.716536e+01 -1.569747e-02 9.998428e-01 8.240076e-03 -2.122338e+00 -1.269387e-02 -8.439707e-03 9.998838e-01 5.622788e+01
9.998128e-01 -1.453208e-02 -1.277440e-02 3.695425e+01 1.446171e-02 9.998798e-01 -5.583767e-03 -2.121703e+00 1.285401e-02 5.397982e-03 9.999028e-01 5.693289e+01
9.998521e-01 1.526524e-02 7.924742e-03 3.692922e+01 -1.532426e-02 9.998549e-01 7.440762e-03 -2.132125e+00 -7.810007e-03 -7.561103e-03 9.999409e-01 5.717771e+01
9.998493e-01 -1.409240e-02 -1.014104e-02 3.678893e+01 1.404861e-02 9.998917e-01 -4.376867e-03 -2.137032e+00 1.020162e-02 4.233741e-03 9.999390e-01 5.777676e+01
9.998668e-01 1.582282e-02 4.006697e-03 3.672459e+01 -1.585397e-02 9.998434e-01 7.867162e-03 -2.145999e+00 -3.881589e-03 -7.929637e-03 9.999610e-01 5.823140e+01
9.998590e-01 -1.498678e-02 -7.569576e-03 3.668712e+01 1.494525e-02 9.998731e-01 -5.513532e-03 -2.157241e+00 7.651246e-03 5.399626e-03 9.999562e-01 5.874511e+01
9.998790e-01 1.555550e-02 -2.955977e-04 3.694790e+01 -1.555265e-02 9.998473e-01 7.968805e-03 -2.171662e+00 4.195112e-04 -7.963244e-03 9.999682e-01 5.910169e+01
9.999022e-01 -1.395693e-02 8.976953e-04 3.667027e+01 1.396056e-02 9.998939e-01 -4.166409e-03 -2.168457e+00 -8.394496e-04 4.178534e-03 9.999909e-01 5.995223e+01
9.998308e-01 1.493668e-02 -1.073605e-02 3.680568e+01 -1.486202e-02 9.998650e-01 7.000562e-03 -2.182738e+00 1.083917e-02 -6.839819e-03 9.999179e-01 6.022330e+01
9.998906e-01 -1.475139e-02 -1.093506e-03 3.736779e+01 1.474798e-02 9.998866e-01 -3.060617e-03 -2.197135e+00 1.138530e-03 3.044156e-03 9.999947e-01 6.046541e+01
9.998850e-01 1.506917e-02 -1.687335e-03 3.737644e+01 -1.506178e-02 9.998773e-01 4.305021e-03 -2.207416e+00 1.752001e-03 -4.279112e-03 9.999893e-01 6.070438e+01
9.998938e-01 -1.442945e-02 -2.021823e-03 3.737136e+01 1.442371e-02 9.998920e-01 -2.828472e-03 -2.216848e+00 2.062418e-03 2.799010e-03 9.999940e-01 6.091530e+01
9.998770e-01 1.562628e-02 -1.360982e-03 3.730050e+01 -1.561853e-02 9.998627e-01 5.527933e-03 -2.223865e+00 1.447176e-03 -5.505997e-03 9.999838e-01 6.138281e+01
9.998849e-01 -1.513131e-02 -1.088956e-03 3.726988e+01 1.512661e-02 9.998768e-01 -4.201611e-03 -2.233037e+00 1.152398e-03 4.184656e-03 9.999906e-01 6.170954e+01
9.998638e-01 1.610350e-02 -3.611176e-03 3.725796e+01 -1.607948e-02 9.998490e-01 6.585059e-03 -2.242972e+00 3.716673e-03 -6.526097e-03 9.999718e-01 6.204210e+01
9.998829e-01 -1.526914e-02 9.896002e-04 3.721925e+01 1.527356e-02 9.998726e-01 -4.629143e-03 -2.252026e+00 -9.187910e-04 4.643716e-03 9.999888e-01 6.249055e+01
9.998594e-01 1.616352e-02 -4.453983e-03 3.720421e+01 -1.613372e-02 9.998477e-01 6.647298e-03 -2.261984e+00 4.560748e-03 -6.574505e-03 9.999680e-01 6.288399e+01
9.998804e-01 -1.538744e-02 1.544830e-03 3.718250e+01 1.539503e-02 9.998689e-01 -5.022275e-03 -2.271567e+00 -1.467347e-03 5.045457e-03 9.999862e-01 6.323776e+01
9.998532e-01 1.634202e-02 -5.150244e-03 3.713702e+01 -1.630538e-02 9.998420e-01 7.078018e-03 -2.279734e+00 5.265099e-03 -6.993003e-03 9.999617e-01 6.355888e+01
9.998820e-01 -1.514690e-02 2.577417e-03 3.703650e+01 1.515741e-02 9.998767e-01 -4.106094e-03 -2.285458e+00 -2.514904e-03 4.144676e-03 9.999882e-01 6.407210e+01
9.998550e-01 1.638174e-02 -4.657898e-03 3.689916e+01 -1.634965e-02 9.998429e-01 6.846594e-03 -2.290352e+00 4.769325e-03 -6.769447e-03 9.999657e-01 6.464870e+01
9.998825e-01 -1.491236e-02 3.549831e-03 3.668172e+01 1.492289e-02 9.998843e-01 -2.960843e-03 -2.290427e+00 -3.505267e-03 3.013469e-03 9.999893e-01 6.534435e+01
9.998565e-01 1.632696e-02 -4.519290e-03 3.645588e+01 -1.629995e-02 9.998494e-01 5.950800e-03 -2.290827e+00 4.615768e-03 -5.876283e-03 9.999721e-01 6.602251e+01
9.998796e-01 -1.540854e-02 1.819370e-03 3.636160e+01 1.541490e-02 9.998749e-01 -3.537649e-03 -2.296848e+00 -1.764632e-03 3.565269e-03 9.999921e-01 6.641822e+01
9.998579e-01 1.639128e-02 -3.928274e-03 3.623991e+01 -1.636836e-02 9.998492e-01 5.798230e-03 -2.301048e+00 4.022723e-03 -5.733108e-03 9.999755e-01 6.683121e+01
9.998771e-01 -1.567300e-02 3.439542e-04 3.618835e+01 1.567425e-02 9.998691e-01 -4.009702e-03 -2.309008e+00 -2.810651e-04 4.014600e-03 9.999919e-01 6.709986e+01
9.998646e-01 1.582634e-02 -4.498054e-03 3.620472e+01 -1.580352e-02 9.998623e-01 5.066086e-03 -2.320518e+00 4.577612e-03 -4.994315e-03 9.999771e-01 6.720333e+01
9.998828e-01 -1.526785e-02 -1.138863e-03 3.623984e+01 1.526352e-02 9.998766e-01 -3.719208e-03 -2.331865e+00 1.195507e-03 3.701389e-03 9.999924e-01 6.728752e+01
9.998675e-01 1.621704e-02 -1.390726e-03 3.615290e+01 -1.620838e-02 9.998505e-01 6.028510e-03 -2.337146e+00 1.488282e-03 -6.005170e-03 9.999809e-01 6.765084e+01
9.998609e-01 -1.641616e-02 -2.954500e-03 3.623350e+01 1.640124e-02 9.998530e-01 -5.003517e-03 -2.349853e+00 3.036204e-03 4.954363e-03 9.999831e-01 6.773268e+01
9.998275e-01 1.793810e-02 -4.810848e-03 3.623095e+01 -1.790098e-02 9.998105e-01 7.650714e-03 -2.360930e+00 4.947175e-03 -7.563276e-03 9.999592e-01 6.797070e+01
9.998530e-01 -1.668647e-02 3.948349e-03 3.606164e+01 1.670424e-02 9.998503e-01 -4.512216e-03 -2.363294e+00 -3.872465e-03 4.577507e-03 9.999820e-01 6.864026e+01
9.998244e-01 1.801136e-02 -5.169385e-03 3.590017e+01 -1.797109e-02 9.998086e-01 7.733829e-03 -2.366169e+00 5.307692e-03 -7.639572e-03 9.999567e-01 6.930887e+01
9.998492e-01 -1.688062e-02 4.081648e-03 3.575273e+01 1.690081e-02 9.998448e-01 -4.964600e-03 -2.369600e+00 -3.997209e-03 5.032835e-03 9.999793e-01 6.993025e+01
9.998194e-01 1.788735e-02 -6.423239e-03 3.565519e+01 -1.783936e-02 9.998131e-01 7.453373e-03 -2.375953e+00 6.555360e-03 -7.337441e-03 9.999516e-01 7.042730e+01
9.998522e-01 -1.682148e-02 3.554381e-03 3.558320e+01 1.684001e-02 9.998444e-01 -5.248685e-03 -2.383313e+00 -3.465538e-03 5.307765e-03 9.999799e-01 7.085660e+01
9.997971e-01 1.893282e-02 -6.885238e-03 3.543212e+01 -1.886780e-02 9.997779e-01 9.388301e-03 -2.385733e+00 7.061455e-03 -9.256487e-03 9.999322e-01 7.180082e+01
9.998360e-01 -1.696546e-02 6.343570e-03 3.522986e+01 1.699685e-02 9.998434e-01 -4.928107e-03 -2.384821e+00 -6.258969e-03 5.035120e-03 9.999677e-01 7.306794e+01
9.997183e-01 1.731607e-02 -1.622988e-02 3.524353e+01 -1.719630e-02 9.998241e-01 7.489809e-03 -2.395283e+00 1.635672e-02 -7.208606e-03 9.998402e-01 7.396153e+01
