9.999821e-01 -1.917685e-04 -5.974609e-03 3.488817e-01 1.887057e-04 9.999999e-01 -5.131988e-04 -1.050072e-02 5.974706e-03 5.120615e-04 9.999820e-01 -2.659560e-01
9.999989e-01 -3.349226e-04 -1.445535e-03 8.382200e-01 3.348791e-04 9.999999e-01 -3.031126e-05 -2.050671e-02 1.445545e-03 2.982785e-05 9.999990e-01 -6.930827e-01
9.999803e-01 -8.709690e-05 -6.283868e-03 1.410604e+00 8.280530e-05 9.999998e-01 -6.832064e-04 -3.041457e-02 6.283926e-03 6.826719e-04 9.999800e-01 -1.200783e+00
9.999993e-01 -4.672182e-04 -1.120349e-03 2.030605e+00 4.671147e-04 9.999999e-01 -9.267776e-05 -4.117224e-02 1.120393e-03 9.215507e-05 9.999994e-01 -1.759709e+00
9.999784e-01 -8.211848e-05 -6.577347e-03 2.631740e+00 7.774815e-05 9.999998e-01 -6.646999e-04 -5.139869e-02 6.577400e-03 6.641734e-04 9.999781e-01 -2.299324e+00
9.999997e-01 -4.290552e-04 -5.660970e-04 3.276616e+00 4.289571e-04 9.999999e-01 -1.735833e-04 -6.240872e-02 5.661717e-04 1.733411e-04 9.999998e-01 -2.877832e+00
9.999761e-01 -7.548583e-06 -6.918381e-03 3.965559e+00 1.157977e-06 9.999996e-01 -9.237118e-04 -7.330817e-02 6.918385e-03 9.236810e-04 9.999756e-01 -3.484338e+00
9.999996e-01 -6.433659e-04 -6.222326e-04 4.674323e+00 6.435483e-04 9.999998e-01 2.929631e-04 -8.433849e-02 6.220443e-04 -2.933627e-04 9.999998e-01 -4.110797e+00
9.999807e-01 2.802618e-04 -6.204173e-03 5.270508e+00 -2.859381e-04 9.999995e-01 -9.140404e-04 -9.538495e-02 6.203914e-03 9.157961e-04 9.999803e-01 -4.618360e+00
9.999988e-01 -9.104628e-04 -1.277605e-03 5.775036e+00 9.109977e-04 9.999995e-01 4.180782e-04 -1.051785e-01 1.277224e-03 -4.192409e-04 9.999991e-01 -5.059804e+00
9.999837e-01 6.219239e-04 -5.676009e-03 6.217352e+00 -6.269403e-04 9.999994e-01 -8.820471e-04 -1.150663e-01 5.675456e-03 8.855906e-04 9.999835e-01 -5.427626e+00
9.999962e-01 -1.142027e-03 -2.492206e-03 6.719983e+00 1.143014e-03 9.999993e-01 3.948120e-04 -1.261951e-01 2.491754e-03 -3.976584e-04 9.999968e-01 -5.842462e+00
9.999902e-01 7.377293e-04 -4.374033e-03 7.225307e+00 -7.421020e-04 9.999992e-01 -9.981418e-04 -1.359554e-01 4.373293e-03 1.001377e-03 9.999899e-01 -6.290794e+00
9.999961e-01 -1.293262e-03 -2.456273e-03 7.729142e+00 1.294149e-03 9.999991e-01 3.598728e-04 -1.452843e-01 2.455806e-03 -3.630495e-04 9.999969e-01 -6.750387e+00
9.999900e-01 5.728283e-04 -4.433412e-03 8.195544e+00 -5.763115e-04 9.999995e-01 -7.844329e-04 -1.543241e-01 4.432960e-03 7.869793e-04 9.999899e-01 -7.193049e+00
9.999874e-01 -8.369606e-04 -4.945760e-03 8.549179e+00 8.376987e-04 9.999996e-01 1.471619e-04 -1.582861e-01 4.945636e-03 -1.513024e-04 9.999878e-01 -7.479710e+00
9.999845e-01 4.149859e-03 3.723871e-03 7.956239e+00 -4.142161e-03 9.999893e-01 -2.072650e-03 -1.532542e-01 -3.732432e-03 2.057192e-03 9.999909e-01 -5.118322e+00
9.993118e-01 -4.867955e-03 3.677269e-02 7.166415e+00 5.044745e-03 9.999762e-01 -4.716388e-03 -1.399635e-01 -3.674885e-02 4.898652e-03 9.993125e-01 -2.421508e+00
9.992398e-01 7.018799e-03 -3.834868e-02 6.745356e+00 -6.877891e-03 9.999691e-01 3.805092e-03 -1.434704e-01 3.837420e-02 -3.538442e-03 9.992572e-01 -5.497831e-01
9.973482e-01 -4.268394e-03 7.265241e-02 5.522811e+00 4.945030e-03 9.999460e-01 -9.136011e-03 -1.213672e-01 -7.260949e-02 9.471053e-03 9.973155e-01 3.521804e+00
9.994215e-01 5.496079e-03 -3.356144e-02 4.384546e+00 -5.401238e-03 9.999812e-01 2.915886e-03 -1.084253e-01 3.357683e-02 -2.732926e-03 9.994324e-01 7.516848e+00
9.985042e-01 -5.203583e-03 5.442607e-02 3.679965e+00 5.559300e-03 9.999642e-01 -6.386433e-03 -1.012461e-01 -5.439089e-02 6.679452e-03 9.984974e-01 9.900889e+00
9.987489e-01 7.794738e-03 -4.939464e-02 3.259899e+00 -7.530177e-03 9.999563e-01 5.539882e-03 -1.005024e-01 4.943566e-02 -5.161001e-03 9.987640e-01 1.172008e+01
9.962719e-01 -6.527859e-03 8.602199e-02 2.231459e+00 7.494904e-03 9.999122e-01 -1.092368e-02 -9.258676e-02 -8.594313e-02 1.152768e-02 9.962334e-01 1.557450e+01
9.960484e-01 1.079624e-02 -8.815362e-02 1.823511e+00 -9.945901e-03 9.998997e-01 1.007963e-02 -8.975073e-02 8.825361e-02 -9.163034e-03 9.960559e-01 1.742920e+01
9.911796e-01 -6.258832e-03 1.323779e-01 4.549811e-01 8.480111e-03 9.998324e-01 -1.622273e-02 -6.274910e-02 -1.322542e-01 1.720221e-02 9.910666e-01 2.189197e+01
9.961631e-01 1.018383e-02 -8.692158e-02 -9.575517e-01 -9.431062e-03 9.999144e-01 9.066598e-03 -3.525678e-02 8.700647e-02 -8.212048e-03 9.961739e-01 2.653755e+01
9.920680e-01 -8.553461e-03 1.254109e-01 -1.869075e+00 1.045197e-02 9.998404e-01 -1.448811e-02 -2.605360e-02 -1.252670e-01 1.568398e-02 9.919991e-01 2.990540e+01
9.935919e-01 1.219766e-02 -1.123675e-01 -2.527460e+00 -1.072674e-02 9.998488e-01 1.368551e-02 -2.765341e-02 1.125174e-01 -1.239248e-02 9.935725e-01 3.267679e+01
9.901814e-01 -9.493898e-03 1.394656e-01 -3.392914e+00 1.203448e-02 9.997764e-01 -1.738452e-02 -1.900061e-02 -1.392694e-01 1.889223e-02 9.900743e-01 3.562165e+01
9.927659e-01 1.165705e-02 -1.194986e-01 -4.023648e+00 -1.012439e-02 9.998586e-01 1.342482e-02 -9.857496e-03 1.196382e-01 -1.211786e-02 9.927436e-01 3.792293e+01
9.909037e-01 -9.380211e-03 1.342456e-01 -4.424353e+00 1.164657e-02 9.998024e-01 -1.610681e-02 -1.160340e-02 -1.340680e-01 1.752380e-02 9.908172e-01 3.986053e+01
9.915045e-01 1.067711e-02 -1.296333e-01 -4.316742e+00 -8.730487e-03 9.998406e-01 1.557538e-02 -2.105403e-02 1.297790e-01 -1.431130e-02 9.914397e-01 4.038383e+01
9.910800e-01 -6.001975e-03 1.331333e-01 -4.755788e+00 8.263351e-03 9.998307e-01 -1.643978e-02 -2.059160e-02 -1.330121e-01 1.739327e-02 9.909618e-01 4.237743e+01
9.945845e-01 6.596570e-03 -1.037216e-01 -5.098372e+00 -5.531399e-03 9.999290e-01 1.055381e-02 -8.386317e-03 1.037839e-01 -9.922929e-03 9.945504e-01 4.402959e+01
9.945802e-01 -4.222389e-03 1.038860e-01 -5.459013e+00 5.426359e-03 9.999213e-01 -1.130945e-02 -1.073995e-02 -1.038301e-01 1.181188e-02 9.945249e-01 4.546770e+01
9.965321e-01 5.967648e-03 -8.299516e-02 -6.059887e+00 -5.461107e-03 9.999651e-01 6.328938e-03 -3.062644e-03 8.303003e-02 -5.853745e-03 9.965299e-01 4.765158e+01
9.943633e-01 -9.408817e-04 1.060220e-01 -6.992937e+00 2.163648e-03 9.999325e-01 -1.141871e-02 1.590840e-02 -1.060041e-01 1.158374e-02 9.942982e-01 5.114322e+01
9.970588e-01 7.071235e-03 -7.631393e-02 -8.132690e+00 -6.722695e-03 9.999658e-01 4.823119e-03 4.264966e-02 7.634542e-02 -4.295899e-03 9.970722e-01 5.546366e+01
9.913877e-01 -1.984036e-03 1.309443e-01 -9.705594e+00 3.689722e-03 9.999115e-01 -1.278471e-02 5.922151e-02 -1.309074e-01 1.315775e-02 9.913073e-01 6.135054e+01
9.946164e-01 2.309535e-03 -1.035994e-01 -1.018921e+01 -1.463484e-03 9.999650e-01 8.241835e-03 3.535372e-02 1.036148e-01 -8.045849e-03 9.945850e-01 6.449516e+01
9.938931e-01 2.821045e-04 1.103465e-01 -1.039885e+01 8.172989e-04 9.999505e-01 -9.917839e-03 1.413357e-02 -1.103438e-01 9.947458e-03 9.938437e-01 6.674584e+01
9.958073e-01 2.320481e-03 -9.144650e-02 -1.096131e+01 -1.781375e-03 9.999806e-01 5.976496e-03 -3.905215e-03 9.145859e-02 -5.788538e-03 9.957921e-01 7.014842e+01
9.935145e-01 -2.605758e-03 1.136757e-01 -1.136980e+01 3.685287e-03 9.999501e-01 -9.287454e-03 -3.231841e-02 -1.136458e-01 9.646149e-03 9.934745e-01 7.287919e+01
9.939835e-01 4.424206e-03 -1.094405e-01 -1.159704e+01 -3.565365e-03 9.999613e-01 8.042002e-03 -5.112468e-02 1.094718e-01 -7.603423e-03 9.939608e-01 7.464114e+01
9.930384e-01 -4.370274e-03 1.177097e-01 -1.165401e+01 5.555423e-03 9.999371e-01 -9.742182e-03 -6.180735e-02 -1.176598e-01 1.032829e-02 9.930003e-01 7.539089e+01
9.919572e-01 5.877624e-03 -1.264368e-01 -1.156924e+01 -4.639131e-03 9.999384e-01 1.008758e-02 -7.037674e-02 1.264883e-01 -9.419893e-03 9.919234e-01 7.551147e+01
9.917340e-01 -5.398201e-03 1.281974e-01 -1.159697e+01 6.836742e-03 9.999185e-01 -1.078391e-02 -7.621457e-02 -1.281287e-01 1.157123e-02 9.916900e-01 7.579503e+01
9.908069e-01 6.336276e-03 -1.351351e-01 -1.127129e+01 -4.839188e-03 9.999233e-01 1.140406e-02 -8.591772e-02 1.351970e-01 -1.064528e-02 9.907615e-01 7.552865e+01
9.919337e-01 -5.312897e-03 1.266462e-01 -1.088351e+01 6.756260e-03 9.999170e-01 -1.096998e-02 -9.538166e-02 -1.265774e-01 1.173715e-02 9.918873e-01 7.520731e+01
9.909569e-01 6.180953e-03 -1.340385e-01 -1.049609e+01 -4.711907e-03 9.999253e-01 1.127434e-02 -1.047608e-01 1.340982e-01 -1.054081e-02 9.909120e-01 7.486453e+01
9.919087e-01 -5.113453e-03 1.268501e-01 -1.007566e+01 6.563923e-03 9.999177e-01 -1.101915e-02 -1.150027e-01 -1.267833e-01 1.176263e-02 9.918607e-01 7.449700e+01
9.909732e-01 6.071711e-03 -1.339224e-01 -9.720858e+00 -4.553328e-03 9.999219e-01 1.164115e-02 -1.247345e-01 1.339826e-01 -1.092627e-02 9.909234e-01 7.419027e+01
9.918767e-01 -4.940655e-03 1.271069e-01 -9.346665e+00 6.435285e-03 9.999149e-01 -1.135088e-02 -1.343994e-01 -1.270400e-01 1.207664e-02 9.918241e-01 7.385865e+01
9.908834e-01 5.784759e-03 -1.345980e-01 -8.927240e+00 -4.273267e-03 9.999246e-01 1.151587e-02 -1.429955e-01 1.346545e-01 -1.083571e-02 9.908334e-01 7.349560e+01
9.918803e-01 -4.352283e-03 1.271003e-01 -8.538404e+00 5.794954e-03 9.999229e-01 -1.098309e-02 -1.535392e-01 -1.270427e-01 1.163045e-02 9.918291e-01 7.315186e+01
9.910018e-01 5.012449e-03 -1.337548e-01 -8.260409e+00 -3.546830e-03 9.999311e-01 1.119353e-02 -1.627606e-01 1.338016e-01 -1.061841e-02 9.909512e-01 7.294965e+01
9.919266e-01 -3.900880e-03 1.267536e-01 -7.952213e+00 5.336724e-03 9.999254e-01 -1.099021e-02 -1.722253e-01 -1.267013e-01 1.157793e-02 9.918733e-01 7.267884e+01
9.909984e-01 4.871818e-03 -1.337850e-01 -7.626032e+00 -3.388646e-03 9.999303e-01 1.131170e-02 -1.809272e-01 1.338307e-01 -1.075653e-02 9.909458e-01 7.238679e+01
9.919213e-01 -3.738810e-03 1.267998e-01 -7.209253e+00 5.209529e-03 9.999229e-01 -1.126911e-02 -1.903216e-01 -1.267479e-01 1.183864e-02 9.918643e-01 7.201960e+01
9.909555e-01 4.646045e-03 -1.341103e-01 -6.692524e+00 -3.160949e-03 9.999313e-01 1.128448e-02 -2.009187e-01 1.341535e-01 -1.075850e-02 9.909022e-01 7.156668e+01
9.919595e-01 -3.822267e-03 1.264981e-01 -6.087520e+00 5.302016e-03 9.999214e-01 -1.136316e-02 -2.122605e-01 -1.264448e-01 1.194249e-02 9.919018e-01 7.103042e+01
9.910224e-01 4.571958e-03 -1.336178e-01 -5.486757e+00 -3.094924e-03 9.999318e-01 1.125978e-02 -2.232378e-01 1.336602e-01 -1.074516e-02 9.909690e-01 7.048557e+01
9.920161e-01 -3.524162e-03 1.260622e-01 -4.987360e+00 4.970478e-03 9.999254e-01 -1.116033e-02 -2.328412e-01 -1.260134e-01 1.169781e-02 9.919596e-01 7.003248e+01
9.910829e-01 4.374591e-03 -1.331752e-01 -4.583308e+00 -2.882880e-03 9.999310e-01 1.139188e-02 -2.425612e-01 1.332158e-01 -1.090637e-02 9.910270e-01 6.967231e+01
9.919928e-01 -3.226708e-03 1.262531e-01 -4.131509e+00 4.728830e-03 9.999215e-01 -1.159979e-02 -2.522915e-01 -1.262058e-01 1.210394e-02 9.919302e-01 6.926911e+01
9.909786e-01 4.448835e-03 -1.339464e-01 -3.702831e+00 -2.886791e-03 9.999256e-01 1.185366e-02 -2.608699e-01 1.339892e-01 -1.136005e-02 9.909177e-01 6.887665e+01
9.919375e-01 -3.246188e-03 1.266865e-01 -3.365610e+00 4.774791e-03 9.999194e-01 -1.176421e-02 -2.698232e-01 -1.266381e-01 1.227427e-02 9.918730e-01 6.858319e+01
9.909903e-01 4.255900e-03 -1.338659e-01 -2.933475e+00 -2.716355e-03 9.999281e-01 1.168119e-02 -2.800963e-01 1.339060e-01 -1.121232e-02 9.909306e-01 6.820231e+01
9.919320e-01 -3.182047e-03 1.267308e-01 -2.518553e+00 4.697610e-03 9.999210e-01 -1.166184e-02 -2.895546e-01 -1.266837e-01 1.216309e-02 9.918686e-01 6.783261e+01
9.910149e-01 4.208339e-03 -1.336852e-01 -2.098768e+00 -2.669446e-03 9.999281e-01 1.168847e-02 -2.992994e-01 1.337248e-01 -1.122659e-02 9.909549e-01 6.745891e+01
9.919496e-01 -2.989835e-03 1.265982e-01 -1.666270e+00 4.516819e-03 9.999205e-01 -1.177631e-02 -3.084432e-01 -1.265529e-01 1.225333e-02 9.918842e-01 6.706991e+01
9.909879e-01 4.189067e-03 -1.338863e-01 -1.290037e+00 -2.607430e-03 9.999248e-01 1.198645e-02 -3.172144e-01 1.339264e-01 -1.152932e-02 9.909242e-01 6.672892e+01
9.919120e-01 -2.955288e-03 1.268931e-01 -8.939536e-01 4.525245e-03 9.999167e-01 -1.208579e-02 -3.264728e-01 -1.268468e-01 1.256226e-02 9.918428e-01 6.637745e+01
9.909688e-01 4.171123e-03 -1.340275e-01 -4.919117e-01 -2.553017e-03 9.999218e-01 1.224254e-02 -3.349298e-01 1.340681e-01 -1.178980e-02 9.909020e-01 6.600549e+01
9.918709e-01 -2.760332e-03 1.272185e-01 -1.889111e-01 4.336903e-03 9.999172e-01 -1.211730e-02 -3.438799e-01 -1.271745e-01 1.257053e-02 9.918007e-01 6.574810e+01
9.909333e-01 3.884238e-03 -1.342986e-01 1.799465e-01 -2.279197e-03 9.999242e-01 1.210297e-02 -3.527616e-01 1.343354e-01 -1.168714e-02 9.908670e-01 6.542686e+01
9.919357e-01 -2.766315e-03 1.267121e-01 8.505912e-01 4.465657e-03 9.999038e-01 -1.312894e-02 -3.632789e-01 -1.266636e-01 1.358892e-02 9.918527e-01 6.482810e+01
9.909606e-01 3.481123e-03 -1.341082e-01 1.641671e+00 -1.809812e-03 9.999192e-01 1.258229e-02 -3.737478e-01 1.341412e-01 -1.222585e-02 9.908868e-01 6.407047e+01
9.918762e-01 -2.306598e-03 1.271860e-01 2.216620e+00 3.974482e-03 9.999094e-01 -1.286152e-02 -3.833122e-01 -1.271448e-01 1.326254e-02 9.917955e-01 6.354407e+01
9.909010e-01 3.242202e-03 -1.345539e-01 2.751103e+00 -1.534926e-03 9.999170e-01 1.279022e-02 -3.931777e-01 1.345842e-01 -1.246731e-02 9.908237e-01 6.305967e+01
9.918422e-01 -2.071702e-03 1.274548e-01 3.232122e+00 3.757580e-03 9.999086e-01 -1.298824e-02 -4.031013e-01 -1.274162e-01 1.336121e-02 9.917593e-01 6.262583e+01
9.908890e-01 3.122352e-03 -1.346452e-01 3.777419e+00 -1.420677e-03 9.999179e-01 1.273245e-02 -4.134125e-01 1.346739e-01 -1.242516e-02 9.908121e-01 6.213883e+01
9.920333e-01 -2.382869e-03 1.259532e-01 4.728123e+00 4.277726e-03 9.998817e-01 -1.477580e-02 -4.234120e-01 -1.259031e-01 1.519688e-02 9.919261e-01 6.131298e+01
9.909074e-01 3.811176e-03 -1.344916e-01 5.706702e+00 -1.890641e-03 9.998945e-01 1.440479e-02 -4.346488e-01 1.345323e-01 -1.401954e-02 9.908100e-01 6.043053e+01
9.918088e-01 -2.280510e-03 1.277113e-01 6.179502e+00 4.182603e-03 9.998843e-01 -1.462750e-02 -4.439773e-01 -1.276631e-01 1.504185e-02 9.917035e-01 5.999726e+01
9.908923e-01 3.646622e-03 -1.346075e-01 6.605037e+00 -1.693329e-03 9.998916e-01 1.462267e-02 -4.533021e-01 1.346462e-01 -1.426155e-02 9.907911e-01 5.961018e+01
9.918490e-01 -2.187081e-03 1.273997e-01 7.101567e+00 4.121299e-03 9.998802e-01 -1.492065e-02 -4.631620e-01 -1.273518e-01 1.532409e-02 9.917392e-01 5.916836e+01
9.909138e-01 3.403253e-03 -1.344551e-01 7.631468e+00 -1.430288e-03 9.998899e-01 1.476765e-02 -4.728561e-01 1.344906e-01 -1.444116e-02 9.908096e-01 5.868432e+01
9.918545e-01 -1.849647e-03 1.273627e-01 8.205414e+00 3.800300e-03 9.998792e-01 -1.507445e-02 -4.837234e-01 -1.273194e-01 1.543568e-02 9.917417e-01 5.818054e+01
9.909157e-01 2.986200e-03 -1.344516e-01 8.774976e+00 -9.777526e-04 9.998870e-01 1.500163e-02 -4.943288e-01 1.344812e-01 -1.473389e-02 9.908066e-01 5.766523e+01
9.918588e-01 -1.626465e-03 1.273324e-01 9.345229e+00 3.616173e-03 9.998749e-01 -1.539649e-02 -5.042203e-01 -1.272914e-01 1.573160e-02 9.917406e-01 5.713861e+01
9.909506e-01 2.792517e-03 -1.341984e-01 9.958972e+00 -7.841649e-04 9.998869e-01 1.501607e-02 -5.150470e-01 1.342251e-01 -1.477495e-02 9.908407e-01 5.657635e+01
9.918390e-01 -1.343591e-03 1.274898e-01 1.049217e+01 3.315364e-03 9.998781e-01 -1.525519e-02 -5.259904e-01 -1.274537e-01 1.555336e-02 9.917226e-01 5.610548e+01
9.907946e-01 2.807197e-03 -1.353445e-01 1.105564e+01 -7.693771e-04 9.998856e-01 1.510649e-02 -5.368430e-01 1.353715e-01 -1.486330e-02 9.906834e-01 5.562772e+01
9.918263e-01 -1.333273e-03 1.275883e-01 1.185657e+01 3.391689e-03 9.998676e-01 -1.591736e-02 -5.501669e-01 -1.275502e-01 1.622000e-02 9.916995e-01 5.494573e+01
9.908147e-01 1.884587e-03 -1.352132e-01 1.266436e+01 2.346998e-04 9.998774e-01 1.565602e-02 -5.630523e-01 1.352261e-01 -1.554395e-02 9.906928e-01 5.423336e+01
9.917562e-01 -3.911678e-04 1.281385e-01 1.330997e+01 2.495646e-03 9.998646e-01 -1.626331e-02 -5.743475e-01 -1.281148e-01 1.644903e-02 9.916229e-01 5.365225e+01
9.906064e-01 1.638734e-03 -1.367346e-01 1.408284e+01 4.785181e-04 9.998805e-01 1.545008e-02 -5.849907e-01 1.367436e-01 -1.537038e-02 9.904872e-01 5.295272e+01
9.916027e-01 -1.911246e-04 1.293211e-01 1.492798e+01 2.376597e-03 9.998570e-01 -1.674546e-02 -5.978123e-01 -1.292994e-01 1.691219e-02 9.914614e-01 5.217122e+01
9.907222e-01 1.556956e-03 -1.358937e-01 1.569864e+01 6.622877e-04 9.998672e-01 1.628400e-02 -6.102604e-01 1.359010e-01 -1.622292e-02 9.905896e-01 5.150441e+01
9.917606e-01 -3.097487e-04 1.281048e-01 1.645115e+01 2.474995e-03 9.998568e-01 -1.674331e-02 -6.232125e-01 -1.280812e-01 1.692242e-02 9.916193e-01 5.086636e+01
9.907032e-01 1.578973e-03 -1.360317e-01 1.718895e+01 6.241445e-04 9.998694e-01 1.615145e-02 -6.351440e-01 1.360394e-01 -1.608620e-02 9.905728e-01 5.022600e+01
9.917552e-01 6.980329e-05 1.281471e-01 1.796483e+01 2.126787e-03 9.998532e-01 -1.700425e-02 -6.468537e-01 -1.281295e-01 1.713660e-02 9.916094e-01 4.954816e+01
9.907623e-01 1.231910e-03 -1.356045e-01 1.872445e+01 9.921989e-04 9.998661e-01 1.633263e-02 -6.584878e-01 1.356065e-01 -1.631630e-02 9.906284e-01 4.887211e+01
9.917877e-01 4.347168e-04 1.278940e-01 1.944305e+01 1.749114e-03 9.998546e-01 -1.696251e-02 -6.696882e-01 -1.278828e-01 1.704691e-02 9.916428e-01 4.824875e+01
9.907880e-01 8.919595e-04 -1.354192e-01 2.010748e+01 1.312120e-03 9.998681e-01 1.618585e-02 -6.821688e-01 1.354158e-01 -1.621443e-02 9.906562e-01 4.764572e+01
9.917028e-01 7.044000e-04 1.285498e-01 2.064301e+01 1.441370e-03 9.998612e-01 -1.659833e-02 -6.924601e-01 -1.285437e-01 1.664590e-02 9.915641e-01 4.716512e+01
9.907970e-01 8.340055e-04 -1.353536e-01 2.109218e+01 1.405015e-03 9.998638e-01 1.644563e-02 -7.023162e-01 1.353489e-01 -1.648446e-02 9.906609e-01 4.677531e+01
9.917284e-01 9.543404e-04 1.283504e-01 2.140767e+01 1.185120e-03 9.998616e-01 -1.659150e-02 -7.114814e-01 -1.283485e-01 1.660637e-02 9.915901e-01 4.650473e+01
9.907030e-01 6.072168e-04 -1.360412e-01 2.186213e+01 1.622878e-03 9.998661e-01 1.628129e-02 -7.207144e-01 1.360328e-01 -1.635070e-02 9.905694e-01 4.612101e+01
9.916758e-01 1.190044e-03 1.287543e-01 2.239100e+01 1.001387e-03 9.998558e-01 -1.695418e-02 -7.322624e-01 -1.287559e-01 1.694199e-02 9.915316e-01 4.565993e+01
9.907179e-01 3.788816e-04 -1.359332e-01 2.281818e+01 1.899900e-03 9.998598e-01 1.663385e-02 -7.425853e-01 1.359205e-01 -1.673771e-02 9.905784e-01 4.529367e+01
9.916952e-01 1.398510e-03 1.286027e-01 2.315712e+01 7.779475e-04 9.998574e-01 -1.687210e-02 -7.520919e-01 -1.286079e-01 1.683202e-02 9.915527e-01 4.500312e+01
9.907571e-01 2.951114e-04 -1.356473e-01 2.342638e+01 2.001480e-03 9.998570e-01 1.679391e-02 -7.614108e-01 1.356329e-01 -1.691019e-02 9.906148e-01 4.477065e+01
9.916438e-01 1.710116e-03 1.289951e-01 2.368928e+01 4.911925e-04 9.998548e-01 -1.703132e-02 -7.712116e-01 -1.290055e-01 1.695236e-02 9.914990e-01 4.455779e+01
9.907124e-01 7.636945e-05 -1.359737e-01 2.399413e+01 2.227841e-03 9.998565e-01 1.679375e-02 -7.803400e-01 1.359555e-01 -1.694070e-02 9.905701e-01 4.429581e+01
9.916279e-01 1.937653e-03 1.291139e-01 2.425072e+01 2.701985e-04 9.998541e-01 -1.708032e-02 -7.887350e-01 -1.291282e-01 1.697221e-02 9.914827e-01 4.407154e+01
9.908246e-01 -5.841045e-05 -1.351540e-01 2.441697e+01 2.323570e-03 9.998595e-01 1.660215e-02 -7.979901e-01 1.351341e-01 -1.676386e-02 9.906855e-01 4.400491e+01
9.917422e-01 2.021793e-03 1.282314e-01 2.469744e+01 1.552571e-04 9.998561e-01 -1.696524e-02 -8.072972e-01 -1.282473e-01 1.684506e-02 9.915992e-01 4.377280e+01
9.908160e-01 -1.749993e-04 -1.352172e-01 2.496830e+01 2.468683e-03 9.998559e-01 1.679547e-02 -8.163839e-01 1.351948e-01 -1.697503e-02 9.906736e-01 4.354514e+01
9.917531e-01 2.104466e-03 1.281461e-01 2.521055e+01 7.003354e-05 9.998561e-01 -1.696203e-02 -8.250497e-01 -1.281634e-01 1.683112e-02 9.916102e-01 4.333865e+01
9.908451e-01 -3.448485e-04 -1.350030e-01 2.552915e+01 2.618052e-03 9.998578e-01 1.666099e-02 -8.343345e-01 1.349781e-01 -1.686191e-02 9.907051e-01 4.307033e+01
9.917048e-01 2.222478e-03 1.285169e-01 2.569391e+01 -8.199729e-05 9.998612e-01 -1.665814e-02 -8.437166e-01 -1.285361e-01 1.650942e-02 9.915674e-01 4.297219e+01
9.910795e-01 -1.821463e-04 -1.332716e-01 2.565689e+01 2.415487e-03 9.998594e-01 1.659633e-02 -8.521779e-01 1.332498e-01 -1.677020e-02 9.909406e-01 4.322173e+01
9.915565e-01 2.463973e-03 1.296517e-01 2.556942e+01 -2.789593e-04 9.998577e-01 -1.686841e-02 -8.593114e-01 -1.296748e-01 1.668981e-02 9.914161e-01 4.362709e+01
9.911881e-01 -2.329560e-04 -1.324614e-01 2.542803e+01 2.427007e-03 9.998625e-01 1.640250e-02 -8.643871e-01 1.324393e-01 -1.657945e-02 9.910524e-01 4.415970e+01
9.911721e-01 2.804592e-03 1.325515e-01 2.528340e+01 -4.942434e-04 9.998474e-01 -1.745951e-02 -8.693471e-01 -1.325803e-01 1.723987e-02 9.910223e-01 4.472236e+01
9.907112e-01 -5.750059e-04 -1.359816e-01 2.518921e+01 2.907962e-03 9.998520e-01 1.695840e-02 -8.779430e-01 1.359517e-01 -1.719631e-02 9.905662e-01 4.522202e+01
9.908256e-01 3.165568e-03 1.351099e-01 2.503021e+01 -7.729048e-04 9.998420e-01 -1.775779e-02 -8.826969e-01 -1.351448e-01 1.749045e-02 9.906715e-01 4.585739e+01
9.904903e-01 -9.930785e-04 -1.375788e-01 2.493922e+01 3.392209e-03 9.998462e-01 1.720486e-02 -8.893420e-01 1.375405e-01 -1.750795e-02 9.903414e-01 4.624306e+01
9.911971e-01 3.048376e-03 1.323592e-01 2.495656e+01 -7.492597e-04 9.998480e-01 -1.741661e-02 -8.971636e-01 -1.323922e-01 1.716412e-02 9.910488e-01 4.632558e+01
9.903498e-01 -1.127402e-03 -1.385856e-01 2.511888e+01 3.527403e-03 9.998480e-01 1.707344e-02 -9.053305e-01 1.385453e-01 -1.739752e-02 9.902033e-01 4.619869e+01
9.912954e-01 3.193703e-03 1.316175e-01 2.532425e+01 -8.950784e-04 9.998461e-01 -1.751988e-02 -9.136356e-01 -1.316532e-01 1.724957e-02 9.911457e-01 4.602452e+01
9.904218e-01 -1.169923e-03 -1.380699e-01 2.555632e+01 3.556202e-03 9.998485e-01 1.703771e-02 -9.224451e-01 1.380290e-01 -1.736553e-02 9.902759e-01 4.583259e+01
9.913838e-01 3.177276e-03 1.309508e-01 2.594035e+01 -8.308248e-04 9.998382e-01 -1.796931e-02 -9.314198e-01 -1.309867e-01 1.770568e-02 9.912260e-01 4.550074e+01
9.903266e-01 -1.207005e-03 -1.387508e-01 2.639707e+01 3.661389e-03 9.998413e-01 1.743527e-02 -9.406012e-01 1.387078e-01 -1.777463e-02 9.901738e-01 4.509235e+01
9.912105e-01 3.329309e-03 1.322521e-01 2.658987e+01 -9.755239e-04 9.998400e-01 -1.785852e-02 -9.487597e-01 -1.322904e-01 1.757254e-02 9.910552e-01 4.491605e+01
9.903782e-01 -1.298174e-03 -1.383810e-01 2.665156e+01 3.765691e-03 9.998385e-01 1.757101e-02 -9.558957e-01 1.383359e-01 -1.792304e-02 9.902232e-01 4.492189e+01
9.913356e-01 3.539869e-03 1.313058e-01 2.691902e+01 -1.145360e-03 9.998318e-01 -1.830716e-02 -9.650460e-01 -1.313486e-01 1.799814e-02 9.911729e-01 4.470124e+01
9.903204e-01 -1.632819e-03 -1.387903e-01 2.731491e+01 4.091898e-03 9.998396e-01 1.743445e-02 -9.730103e-01 1.387396e-01 -1.783361e-02 9.901683e-01 4.436642e+01
9.912879e-01 3.873874e-03 1.316561e-01 2.779756e+01 -1.437520e-03 9.998261e-01 -1.859545e-02 -9.832121e-01 -1.317052e-01 1.824419e-02 9.911210e-01 4.393132e+01
9.902314e-01 -1.586416e-03 -1.394250e-01 2.809512e+01 4.143877e-03 9.998284e-01 1.805453e-02 -9.919589e-01 1.393724e-01 -1.845592e-02 9.900680e-01 4.368801e+01
9.912466e-01 3.821829e-03 1.319679e-01 2.830811e+01 -1.378632e-03 9.998261e-01 -1.859998e-02 -1.000999e+00 -1.320160e-01 1.825523e-02 9.910795e-01 4.351516e+01
9.902963e-01 -1.671773e-03 -1.389621e-01 2.854330e+01 4.225781e-03 9.998275e-01 1.808617e-02 -1.009937e+00 1.389078e-01 -1.849789e-02 9.901325e-01 4.332663e+01
9.913004e-01 3.913589e-03 1.315605e-01 2.864232e+01 -1.499721e-03 9.998288e-01 -1.844204e-02 -1.018713e+00 -1.316102e-01 1.808430e-02 9.911366e-01 4.327401e+01
9.904975e-01 -1.699483e-03 -1.375199e-01 2.879244e+01 4.245584e-03 9.998249e-01 1.822322e-02 -1.024754e+00 1.374648e-01 -1.863391e-02 9.903314e-01 4.318775e+01
9.914821e-01 4.020431e-03 1.301809e-01 2.906530e+01 -1.556315e-03 9.998178e-01 -1.902461e-02 -1.033756e+00 -1.302336e-01 1.865996e-02 9.913077e-01 4.295924e+01
9.905050e-01 -2.147552e-03 -1.374599e-01 2.936554e+01 4.679990e-03 9.998252e-01 1.810257e-02 -1.042584e+00 1.373970e-01 -1.857400e-02 9.903419e-01 4.270038e+01
9.914547e-01 4.352212e-03 1.303786e-01 2.961605e+01 -1.925646e-03 9.998227e-01 -1.873199e-02 -1.050373e+00 -1.304370e-01 1.832085e-02 9.912873e-01 4.246451e+01
9.905790e-01 -2.163712e-03 -1.369252e-01 2.984504e+01 4.691589e-03 9.998244e-01 1.814171e-02 -1.059565e+00 1.368619e-01 -1.861319e-02 9.904152e-01 4.228646e+01
9.916062e-01 4.370407e-03 1.292208e-01 2.990936e+01 -1.995455e-03 9.998268e-01 -1.850278e-02 -1.068278e+00 -1.292793e-01 1.808962e-02 9.914432e-01 4.229125e+01
9.909868e-01 -2.216727e-03 -1.339415e-01 2.983208e+01 4.651478e-03 9.998295e-01 1.786754e-02 -1.073456e+00 1.338791e-01 -1.832952e-02 9.908282e-01 4.254825e+01
9.917771e-01 4.280368e-03 1.279054e-01 2.996455e+01 -1.943513e-03 9.998290e-01 -1.838941e-02 -1.082216e+00 -1.279622e-01 1.798961e-02 9.916159e-01 4.251495e+01
9.908164e-01 -2.293364e-03 -1.351945e-01 3.044989e+01 4.662660e-03 9.998410e-01 1.721106e-02 -1.092373e+00 1.351336e-01 -1.768337e-02 9.906696e-01 4.209815e+01
9.917781e-01 4.643594e-03 1.278849e-01 3.082807e+01 -2.347744e-03 9.998335e-01 -1.809736e-02 -1.101881e+00 -1.279477e-01 1.764832e-02 9.916239e-01 4.177492e+01
9.906559e-01 -2.488590e-03 -1.363621e-01 3.084371e+01 4.946936e-03 9.998312e-01 1.769217e-02 -1.110886e+00 1.362951e-01 -1.820143e-02 9.905011e-01 4.191652e+01
9.909622e-01 4.725156e-03 1.340584e-01 3.073177e+01 -2.238479e-03 9.998227e-01 -1.869386e-02 -1.116580e+00 -1.341230e-01 1.822483e-02 9.907971e-01 4.232317e+01
9.904841e-01 -2.038483e-03 -1.376119e-01 3.060450e+01 4.547769e-03 9.998290e-01 1.792257e-02 -1.121284e+00 1.375519e-01 -1.837785e-02 9.903241e-01 4.284763e+01
9.909854e-01 4.331352e-03 1.338997e-01 3.053765e+01 -1.848633e-03 9.998242e-01 -1.866040e-02 -1.128900e+00 -1.339570e-01 1.824465e-02 9.908192e-01 4.316781e+01
9.907025e-01 6.889454e-04 -1.360442e-01 3.036464e+01 1.629111e-03 9.998554e-01 1.692692e-02 -1.137446e+00 1.360362e-01 -1.699117e-02 9.905581e-01 4.455276e+01
9.897601e-01 6.239147e-04 1.427395e-01 3.026610e+01 2.199567e-03 9.998051e-01 -1.962202e-02 -1.157920e+00 -1.427239e-01 1.973506e-02 9.895658e-01 4.587223e+01
9.888067e-01 2.187709e-03 -1.491865e-01 3.036932e+01 8.102439e-04 9.997990e-01 2.003160e-02 -1.169333e+00 1.492003e-01 -1.992826e-02 9.886062e-01 4.595022e+01
9.895431e-01 3.423488e-04 1.442370e-01 3.033628e+01 2.566041e-03 9.997971e-01 -1.997745e-02 -1.177538e+00 -1.442146e-01 2.013867e-02 9.893415e-01 4.613881e+01
9.886783e-01 2.391304e-03 -1.500314e-01 3.031559e+01 6.283814e-04 9.997983e-01 2.007639e-02 -1.185280e+00 1.500491e-01 -1.994337e-02 9.884774e-01 4.629552e+01
9.896090e-01 5.775306e-04 1.437833e-01 3.025594e+01 2.324286e-03 9.997970e-01 -2.001308e-02 -1.193944e+00 -1.437657e-01 2.013932e-02 9.894068e-01 4.664173e+01
9.888408e-01 1.994542e-03 -1.489625e-01 3.017212e+01 9.676846e-04 9.998033e-01 1.981059e-02 -1.198848e+00 1.489727e-01 -1.973367e-02 9.886444e-01 4.696458e+01
9.898371e-01 1.005067e-03 1.422023e-01 3.047151e+01 1.915858e-03 9.997900e-01 -2.040222e-02 -1.207913e+00 -1.421930e-01 2.046731e-02 9.896273e-01 4.676222e+01
9.884418e-01 1.681188e-03 -1.515916e-01 3.083119e+01 1.351361e-03 9.998011e-01 1.989949e-02 -1.217157e+00 1.515949e-01 -1.987434e-02 9.882429e-01 4.647603e+01
9.893339e-01 1.092601e-03 1.456613e-01 3.081517e+01 1.813946e-03 9.998019e-01 -1.981984e-02 -1.226819e+00 -1.456541e-01 1.987266e-02 9.891360e-01 4.667773e+01
9.885157e-01 1.627102e-03 -1.511093e-01 3.078425e+01 1.377520e-03 9.998035e-01 1.977696e-02 -1.235904e+00 1.511117e-01 -1.975799e-02 9.883192e-01 4.695533e+01
9.894579e-01 1.153883e-03 1.448162e-01 3.077342e+01 1.708341e-03 9.998057e-01 -1.963862e-02 -1.246301e+00 -1.448107e-01 1.967898e-02 9.892637e-01 4.720306e+01
9.885345e-01 1.598481e-03 -1.509865e-01 3.076563e+01 1.395408e-03 9.998046e-01 1.972082e-02 -1.255596e+00 1.509885e-01 -1.970540e-02 9.883391e-01 4.743238e+01
9.894769e-01 1.159610e-03 1.446860e-01 3.075317e+01 1.699800e-03 9.998057e-01 -1.963768e-02 -1.265941e+00 -1.446807e-01 1.967697e-02 9.892827e-01 4.767609e+01
9.891238e-01 2.496969e-03 -1.470645e-01 3.051924e+01 2.673973e-04 9.998237e-01 1.877420e-02 -1.267841e+00 1.470854e-01 -1.860933e-02 9.889487e-01 4.862949e+01
9.876972e-01 1.559637e-03 1.563710e-01 3.014117e+01 1.687009e-03 9.997858e-01 -2.062758e-02 -1.267347e+00 -1.563697e-01 2.063760e-02 9.874830e-01 4.989678e+01
9.881870e-01 1.233924e-03 -1.532482e-01 2.996297e+01 1.739295e-03 9.998129e-01 1.926575e-02 -1.272469e+00 1.532433e-01 -1.930470e-02 9.879999e-01 5.054535e+01
9.892762e-01 1.389480e-03 1.460505e-01 2.996331e+01 1.432828e-03 9.998143e-01 -1.921722e-02 -1.282555e+00 -1.460500e-01 1.922040e-02 9.890905e-01 5.072543e+01
9.885531e-01 1.293570e-03 -1.508679e-01 2.990225e+01 1.579238e-03 9.998197e-01 1.892051e-02 -1.290380e+00 1.508651e-01 -1.894219e-02 9.883729e-01 5.112417e+01
9.889514e-01 1.198909e-03 1.482354e-01 2.984700e+01 1.684704e-03 9.998118e-01 -1.932584e-02 -1.294260e+00 -1.482307e-01 1.936205e-02 9.887633e-01 5.129063e+01
9.877603e-01 1.416570e-03 -1.559731e-01 3.010376e+01 1.578874e-03 9.998167e-01 1.907932e-02 -1.302773e+00 1.559715e-01 -1.909205e-02 9.875770e-01 5.108878e+01
9.888507e-01 1.318238e-03 1.489046e-01 3.039935e+01 1.632622e-03 9.998047e-01 -1.969314e-02 -1.312126e+00 -1.489015e-01 1.971668e-02 9.886554e-01 5.086008e+01
9.875273e-01 7.519190e-04 -1.574460e-01 3.112510e+01 2.068224e-03 9.998404e-01 1.774721e-02 -1.323181e+00 1.574342e-01 -1.785149e-02 9.873681e-01 5.025449e+01
9.888147e-01 1.618988e-03 1.491406e-01 3.203280e+01 1.172074e-03 9.998259e-01 -1.862450e-02 -1.334416e+00 -1.491448e-01 1.859098e-02 9.886406e-01 4.944440e+01
9.876542e-01 2.838134e-04 -1.566495e-01 3.286344e+01 2.420348e-03 9.998513e-01 1.707147e-02 -1.345635e+00 1.566311e-01 -1.723986e-02 9.875067e-01 4.873645e+01
9.888959e-01 2.021475e-03 1.485958e-01 3.350245e+01 5.964336e-04 9.998454e-01 -1.757097e-02 -1.355171e+00 -1.486084e-01 1.746449e-02 9.887419e-01 4.816612e+01
9.877629e-01 5.206308e-04 -1.559621e-01 3.410204e+01 2.070509e-03 9.998625e-01 1.645100e-02 -1.365680e+00 1.559492e-01 -1.657261e-02 9.876260e-01 4.766791e+01
9.889168e-01 1.698605e-03 1.484611e-01 3.481867e+01 8.550158e-04 9.998528e-01 -1.713509e-02 -1.376184e+00 -1.484683e-01 1.707212e-02 9.887698e-01 4.704821e+01
9.877168e-01 2.992924e-04 -1.562545e-01 3.545525e+01 2.323848e-03 9.998594e-01 1.660467e-02 -1.386382e+00 1.562375e-01 -1.676382e-02 9.875772e-01 4.648692e+01
9.897884e-01 -5.870608e-04 1.425434e-01 3.731291e+01 3.761526e-03 9.997509e-01 -2.200172e-02 -1.399238e+00 -1.424949e-01 2.231323e-02 9.895440e-01 4.509552e+01
9.876926e-01 2.149697e-03 -1.563931e-01 3.926383e+01 1.118691e-03 9.997829e-01 2.080753e-02 -1.416669e+00 1.564038e-01 -2.072640e-02 9.874757e-01 4.348699e+01
9.887713e-01 6.547278e-04 1.494355e-01 3.965026e+01 2.533322e-03 9.997733e-01 -2.114261e-02 -1.425900e+00 -1.494154e-01 2.128377e-02 9.885454e-01 4.315207e+01
9.875590e-01 2.925423e-03 -1.572220e-01 3.956506e+01 4.056147e-04 9.997762e-01 2.115059e-02 -1.432493e+00 1.572487e-01 -2.095123e-02 9.873368e-01 4.367408e+01
9.867310e-01 5.563966e-04 1.623627e-01 3.929876e+01 3.117585e-03 9.997448e-01 -2.237258e-02 -1.433438e+00 -1.623337e-01 2.258190e-02 9.864775e-01 4.444962e+01
9.865638e-01 3.219579e-03 -1.633446e-01 3.910281e+01 3.525040e-04 9.997615e-01 2.183469e-02 -1.435166e+00 1.633760e-01 -2.159890e-02 9.863274e-01 4.506686e+01
9.864398e-01 8.302534e-04 1.641211e-01 3.886845e+01 2.913867e-03 9.997410e-01 -2.257109e-02 -1.434937e+00 -1.640973e-01 2.274325e-02 9.861819e-01 4.573141e+01
9.867031e-01 3.424515e-03 -1.624972e-01 3.856626e+01 7.734350e-05 9.997680e-01 2.153906e-02 -1.431956e+00 1.625332e-01 -2.126522e-02 9.864739e-01 4.657859e+01
9.860489e-01 5.990014e-04 1.664548e-01 3.828069e+01 3.224026e-03 9.997372e-01 -2.269620e-02 -1.430114e+00 -1.664246e-01 2.291622e-02 9.857879e-01 4.735840e+01
9.860494e-01 3.447640e-03 -1.664174e-01 3.804241e+01 2.104533e-04 9.997589e-01 2.195880e-02 -1.429306e+00 1.664530e-01 -2.168748e-02 9.858109e-01 4.804969e+01
9.855209e-01 1.320204e-03 1.695486e-01 3.770035e+01 2.647612e-03 9.997279e-01 -2.317400e-02 -1.423984e+00 -1.695331e-01 2.328737e-02 9.852493e-01 4.896549e+01
9.863142e-01 3.219214e-03 -1.648449e-01 3.733310e+01 3.509375e-04 9.997661e-01 2.162394e-02 -1.418283e+00 1.648760e-01 -2.138585e-02 9.860824e-01 4.994244e+01
9.854712e-01 1.312604e-03 1.698373e-01 3.695378e+01 2.637229e-03 9.997313e-01 -2.302889e-02 -1.411009e+00 -1.698219e-01 2.314221e-02 9.852030e-01 5.086814e+01
9.863448e-01 2.990456e-03 -1.646663e-01 3.656999e+01 5.431541e-04 9.997706e-01 2.141001e-02 -1.403527e+00 1.646925e-01 -2.120710e-02 9.861169e-01 5.180457e+01
9.856037e-01 1.964294e-03 1.690606e-01 3.616469e+01 1.948464e-03 9.997341e-01 -2.297511e-02 -1.395032e+00 -1.690607e-01 2.297376e-02 9.853378e-01 5.283911e+01
9.869339e-01 2.664162e-03 -1.611034e-01 3.569327e+01 6.960011e-04 9.997835e-01 2.079716e-02 -1.384160e+00 1.611239e-01 -2.063755e-02 9.867184e-01 5.399913e+01
9.860361e-01 1.881105e-03 1.665213e-01 3.528020e+01 1.882234e-03 9.997464e-01 -2.243904e-02 -1.375218e+00 -1.665213e-01 2.243914e-02 9.857825e-01 5.502904e+01
9.864414e-01 2.750358e-03 -1.640910e-01 3.490202e+01 6.947222e-04 9.997806e-01 2.093385e-02 -1.368226e+00 1.641126e-01 -2.076402e-02 9.862230e-01 5.608952e+01
9.846935e-01 2.135351e-03 1.742819e-01 3.431847e+01 1.908864e-03 9.997329e-01 -2.303410e-02 -1.353573e+00 -1.742845e-01 2.301421e-02 9.844264e-01 5.758126e+01
9.856162e-01 1.527954e-03 -1.689925e-01 3.405622e+01 2.151087e-03 9.997647e-01 2.158523e-02 -1.349765e+00 1.689857e-01 -2.163827e-02 9.853810e-01 5.831752e+01
9.866734e-01 2.046259e-03 1.627003e-01 3.404966e+01 1.477167e-03 9.997671e-01 -2.153199e-02 -1.358377e+00 -1.627065e-01 2.148538e-02 9.864406e-01 5.848423e+01
9.858211e-01 1.242675e-03 -1.677949e-01 3.404490e+01 2.398704e-03 9.997660e-01 2.149695e-02 -1.366680e+00 1.677823e-01 -2.159463e-02 9.855875e-01 5.864784e+01
9.868217e-01 2.188541e-03 1.617966e-01 3.417038e+01 1.311214e-03 9.997675e-01 -2.152064e-02 -1.375174e+00 -1.618061e-01 2.144919e-02 9.865894e-01 5.859881e+01
9.858748e-01 9.919126e-04 -1.674811e-01 3.442704e+01 2.569898e-03 9.997751e-01 2.104886e-02 -1.383036e+00 1.674643e-01 -2.118195e-02 9.856506e-01 5.842269e+01
9.870545e-01 2.280219e-03 1.603689e-01 3.451268e+01 1.121604e-03 9.997763e-01 -2.111877e-02 -1.393193e+00 -1.603811e-01 2.102525e-02 9.868312e-01 5.842150e+01
9.863039e-01 6.048534e-04 -1.649372e-01 3.462883e+01 2.849770e-03 9.997815e-01 2.070764e-02 -1.398913e+00 1.649137e-01 -2.089406e-02 9.860867e-01 5.840851e+01
9.883436e-01 4.280104e-03 1.521793e-01 3.481637e+01 -6.853326e-04 9.997197e-01 -2.366655e-02 -1.408814e+00 -1.522380e-01 2.328639e-02 9.880695e-01 5.835194e+01
9.872891e-01 -9.944497e-04 -1.589314e-01 3.485536e+01 4.731512e-03 9.997211e-01 2.313701e-02 -1.418305e+00 1.588641e-01 -2.359490e-02 9.870185e-01 5.844317e+01
9.881056e-01 4.471334e-03 1.537121e-01 3.510398e+01 -8.872346e-04 9.997263e-01 -2.337765e-02 -1.425487e+00 -1.537746e-01 2.296320e-02 9.878391e-01 5.829597e+01
9.866728e-01 -1.343264e-03 -1.627113e-01 3.589445e+01 4.889890e-03 9.997591e-01 2.139852e-02 -1.436303e+00 1.626434e-01 -2.190897e-02 9.864417e-01 5.758047e+01
9.879716e-01 4.829393e-03 1.545598e-01 3.646560e+01 -1.331904e-03 9.997409e-01 -2.272426e-02 -1.446995e+00 -1.546295e-01 2.224506e-02 9.877221e-01 5.705509e+01
9.868287e-01 -1.741795e-03 -1.617593e-01 3.667265e+01 5.391911e-03 9.997406e-01 2.212886e-02 -1.456141e+00 1.616788e-01 -2.270959e-02 9.865821e-01 5.688025e+01
9.879777e-01 5.129336e-03 1.545116e-01 3.688977e+01 -1.618352e-03 9.997378e-01 -2.284032e-02 -1.464595e+00 -1.545883e-01 2.231567e-02 9.877269e-01 5.671659e+01
9.868256e-01 -1.964627e-03 -1.617755e-01 3.714076e+01 5.632729e-03 9.997373e-01 2.221851e-02 -1.474774e+00 1.616894e-01 -2.283703e-02 9.865774e-01 5.652485e+01
9.878089e-01 5.076623e-03 1.555886e-01 3.728081e+01 -1.564560e-03 9.997414e-01 -2.268690e-02 -1.485273e+00 -1.556635e-01 2.216690e-02 9.875614e-01 5.647151e+01
9.867540e-01 -1.755014e-03 -1.622141e-01 3.738662e+01 5.443876e-03 9.997365e-01 2.229901e-02 -1.495422e+00 1.621323e-01 -2.288671e-02 9.865036e-01 5.646345e+01
9.878553e-01 4.443829e-03 1.553130e-01 3.773046e+01 -8.366211e-04 9.997286e-01 -2.328306e-02 -1.503292e+00 -1.553743e-01 2.287036e-02 9.875909e-01 5.617498e+01
9.866175e-01 1.540597e-04 -1.630520e-01 3.779295e+01 3.653626e-03 9.997276e-01 2.305246e-02 -1.512649e+00 1.630111e-01 -2.333969e-02 9.863481e-01 5.646530e+01
9.857416e-01 3.873205e-03 1.682217e-01 3.757382e+01 2.558931e-04 9.996994e-01 -2.451697e-02 -1.524363e+00 -1.682661e-01 2.421044e-02 9.854443e-01 5.754764e+01
9.853807e-01 5.412767e-05 -1.703669e-01 3.756692e+01 4.038217e-03 9.997116e-01 2.367416e-02 -1.533658e+00 1.703190e-01 -2.401604e-02 9.850963e-01 5.779725e+01
9.865580e-01 3.725762e-03 1.633687e-01 3.775040e+01 1.812744e-04 9.997145e-01 -2.389402e-02 -1.542194e+00 -1.634111e-01 2.360245e-02 9.862757e-01 5.767842e+01
9.850994e-01 1.755598e-04 -1.719860e-01 3.773843e+01 3.940176e-03 9.997140e-01 2.358898e-02 -1.549951e+00 1.719410e-01 -2.391514e-02 9.848169e-01 5.787976e+01
9.855672e-01 3.493878e-03 1.692487e-01 3.767056e+01 6.310996e-04 9.997042e-01 -2.431236e-02 -1.554768e+00 -1.692836e-01 2.406828e-02 9.852735e-01 5.808934e+01
9.842905e-01 5.103152e-04 -1.765558e-01 3.789510e+01 3.771698e-03 9.997068e-01 2.391658e-02 -1.563327e+00 1.765163e-01 -2.420678e-02 9.840000e-01 5.793190e+01
9.856261e-01 3.666808e-03 1.689016e-01 3.811573e+01 4.448040e-04 9.997046e-01 -2.429897e-02 -1.572016e+00 -1.689408e-01 2.402483e-02 9.853333e-01 5.777007e+01
9.844286e-01 2.453324e-04 -1.757847e-01 3.836675e+01 3.982495e-03 9.997112e-01 2.369799e-02 -1.580067e+00 1.757397e-01 -2.402904e-02 9.841434e-01 5.757539e+01
9.856340e-01 3.947967e-03 1.688492e-01 3.860388e+01 1.446110e-04 9.997067e-01 -2.421890e-02 -1.588840e+00 -1.688953e-01 2.389539e-02 9.853443e-01 5.738135e+01
9.844483e-01 3.056973e-04 -1.756743e-01 3.860849e+01 3.999377e-03 9.997003e-01 2.415142e-02 -1.597543e+00 1.756291e-01 -2.447841e-02 9.841520e-01 5.752627e+01
9.850826e-01 4.167317e-03 1.720318e-01 3.851528e+01 1.011809e-04 9.996925e-01 -2.479604e-02 -1.605964e+00 -1.720822e-01 2.444355e-02 9.847793e-01 5.807806e+01
9.850864e-01 1.236646e-04 -1.720606e-01 3.831727e+01 4.027349e-03 9.997092e-01 2.377602e-02 -1.609674e+00 1.720135e-01 -2.411438e-02 9.847994e-01 5.873039e+01
9.855192e-01 4.191473e-03 1.695122e-01 3.825252e+01 -8.807115e-06 9.996957e-01 -2.466794e-02 -1.615630e+00 -1.695640e-01 2.430924e-02 9.852193e-01 5.915678e+01
9.845593e-01 -2.649457e-04 -1.750509e-01 3.825704e+01 4.667364e-03 9.996831e-01 2.473814e-02 -1.628158e+00 1.749889e-01 -2.517320e-02 9.842485e-01 5.944286e+01
9.852474e-01 4.609055e-03 1.710738e-01 3.820724e+01 -2.942437e-04 9.996814e-01 -2.523872e-02 -1.636281e+00 -1.711356e-01 2.481605e-02 9.849349e-01 5.975514e+01
9.842185e-01 -7.035350e-04 -1.769560e-01 3.829464e+01 5.161191e-03 9.996808e-01 2.473174e-02 -1.644271e+00 1.768821e-01 -2.525474e-02 9.839080e-01 5.974451e+01
9.852903e-01 4.959732e-03 1.708168e-01 3.855906e+01 -6.201908e-04 9.996759e-01 -2.544864e-02 -1.652670e+00 -1.708877e-01 2.496836e-02 9.849741e-01 5.951542e+01
9.841659e-01 -1.036378e-03 -1.772467e-01 3.882894e+01 5.506980e-03 9.996789e-01 2.473240e-02 -1.661151e+00 1.771642e-01 -2.531688e-02 9.838556e-01 5.928717e+01
9.853672e-01 5.524775e-03 1.703554e-01 3.885640e+01 -1.207005e-03 9.996757e-01 -2.543881e-02 -1.669439e+00 -1.704407e-01 2.486095e-02 9.850543e-01 5.942682e+01
9.841951e-01 -1.248864e-03 -1.770830e-01 3.911281e+01 5.805267e-03 9.996652e-01 2.521457e-02 -1.683931e+00 1.769922e-01 -2.584407e-02 9.838729e-01 5.950072e+01
9.856785e-01 5.453495e-03 1.685473e-01 3.950989e+01 -1.212063e-03 9.996802e-01 -2.525728e-02 -1.704378e+00 -1.686312e-01 2.469127e-02 9.853699e-01 5.960480e+01
9.850988e-01 1.672250e-03 -1.719810e-01 3.929005e+01 2.528302e-03 9.997039e-01 2.420257e-02 -1.712682e+00 1.719706e-01 -2.427674e-02 9.848029e-01 6.112583e+01
9.820796e-01 4.989456e-03 1.884007e-01 3.880096e+01 1.911817e-04 9.996226e-01 -2.746978e-02 -1.720115e+00 -1.884667e-01 2.701353e-02 9.817080e-01 6.359494e+01
