1.000000e+00 1.197625e-11 1.704638e-10 1.665335e-16 1.197625e-11 1.000000e+00 3.562503e-10 -1.110223e-16 1.704638e-10 3.562503e-10 1.000000e+00 2.220446e-16 0.000000e+00 0.000000e+00 0.000000e+00 1.000000e+00
9.766878e-01 -1.078470e-01 -1.856069e-01 3.124415e-01 1.134503e-01 9.933463e-01 1.980566e-02 -1.408998e-03 1.822360e-01 -4.040110e-02 9.824244e-01 -9.154315e-02
9.997162e-01 1.890955e-02 1.449236e-02 6.444048e-01 -1.884776e-02 9.998127e-01 -4.388325e-03 -2.585845e-03 -1.457263e-02 4.113931e-03 9.998854e-01 -1.844635e-01
9.697175e-01 -1.203333e-01 -2.125272e-01 9.959522e-01 1.263206e-01 9.918795e-01 1.477058e-02 -3.061140e-03 2.090239e-01 -4.116984e-02 9.770435e-01 -3.201774e-01
9.932271e-01 -3.050031e-02 -1.121147e-01 1.638186e+00 2.734335e-02 9.991881e-01 -2.958923e-02 -2.155321e-03 1.129262e-01 2.632323e-02 9.932546e-01 -6.895101e-01
9.607233e-01 -1.281971e-01 -2.461224e-01 2.479825e+00 1.232646e-01 9.917419e-01 -3.541027e-02 1.502745e-03 2.486294e-01 3.681309e-03 9.685917e-01 -1.223520e+00
9.986833e-01 -3.051706e-02 -4.123608e-02 3.274052e+00 2.939382e-02 9.991874e-01 -2.757634e-02 4.882842e-03 4.204412e-02 2.632795e-02 9.987688e-01 -1.751541e+00
9.719137e-01 -1.374197e-01 -1.910485e-01 4.002277e+00 1.336048e-01 9.904927e-01 -3.277119e-02 7.934385e-03 1.937355e-01 6.325771e-03 9.810334e-01 -2.250384e+00
9.988996e-01 -2.406451e-02 -4.025644e-02 4.720306e+00 2.343603e-02 9.995971e-01 -1.601171e-02 1.063223e-02 4.062553e-02 1.505064e-02 9.990611e-01 -2.739516e+00
9.784668e-01 -1.200807e-01 -1.678790e-01 5.401742e+00 1.143193e-01 9.924865e-01 -4.360754e-02 1.387064e-02 1.718540e-01 2.347672e-02 9.848426e-01 -3.223272e+00
9.996165e-01 -2.590354e-02 -9.789465e-03 6.138127e+00 2.590629e-02 9.996644e-01 1.542971e-04 1.639187e-02 9.782182e-03 -4.078463e-04 9.999521e-01 -3.729125e+00
9.866454e-01 -1.427678e-01 -7.841075e-02 6.635199e+00 1.442235e-01 9.894571e-01 1.319771e-02 1.786446e-02 7.569987e-02 -2.433013e-02 9.968338e-01 -4.077954e+00
9.942397e-01 4.524692e-02 -9.716063e-02 7.434049e+00 -5.075370e-02 9.971971e-01 -5.497334e-02 1.796183e-02 9.440092e-02 5.958794e-02 9.937493e-01 -4.560513e+00
8.719969e-01 -1.151532e-01 4.757742e-01 8.074909e+00 7.807180e-02 9.922119e-01 9.705859e-02 1.389258e-02 -4.832454e-01 -4.749024e-02 8.741959e-01 -5.047030e+00
9.338963e-01 1.837481e-02 -3.570716e-01 8.224958e+00 -2.732387e-02 9.994259e-01 -2.003352e-02 1.133973e-02 3.564984e-01 2.846580e-02 9.338622e-01 -5.134141e+00
9.342184e-01 -1.505273e-01 3.233846e-01 8.478289e+00 1.516999e-01 9.881876e-01 2.173368e-02 1.100238e-02 -3.228362e-01 2.875342e-02 9.460180e-01 -5.305380e+00
9.617793e-01 7.500238e-02 -2.633538e-01 8.673031e+00 -6.723835e-02 9.969983e-01 3.838481e-02 1.003634e-02 2.654423e-01 -1.921023e-02 9.639354e-01 -5.424701e+00
9.764039e-01 -1.807198e-01 1.182189e-01 8.832831e+00 1.812166e-01 9.834209e-01 6.623299e-03 5.836801e-03 -1.174559e-01 1.495622e-02 9.929655e-01 -5.252712e+00
9.781146e-01 8.662761e-02 -1.891760e-01 9.032770e+00 -7.787919e-02 9.955417e-01 5.321302e-02 1.647894e-03 1.929423e-01 -3.731555e-02 9.805003e-01 -5.196132e+00
9.715954e-01 -2.176072e-01 9.300263e-02 9.270174e+00 2.212970e-01 9.747049e-01 -3.127258e-02 1.508335e-03 -8.384499e-02 5.096550e-02 9.951746e-01 -5.273372e+00
9.593826e-01 1.104572e-01 -2.595848e-01 9.415077e+00 -7.560020e-02 9.871689e-01 1.406492e-01 -4.223090e-03 2.717898e-01 -1.153117e-01 9.554232e-01 -4.996374e+00
9.747190e-01 -1.679554e-01 1.473562e-01 9.547339e+00 1.883884e-01 9.723747e-01 -1.378302e-01 -1.398106e-02 -1.201361e-01 1.621059e-01 9.794330e-01 -4.632656e+00
9.733558e-01 7.697092e-02 -2.159951e-01 9.746745e+00 -3.436334e-02 9.803040e-01 1.944819e-01 -1.716672e-02 2.267103e-01 -1.818778e-01 9.568296e-01 -4.542771e+00
9.882893e-01 -1.397430e-01 6.128762e-02 9.869820e+00 1.476913e-01 9.769759e-01 -1.539658e-01 -2.426880e-02 -3.836088e-02 1.612144e-01 9.861736e-01 -4.225727e+00
9.920467e-01 6.824809e-02 -1.057617e-01 1.002645e+01 -4.746433e-02 9.810492e-01 1.878553e-01 -3.011103e-02 1.165782e-01 -1.813413e-01 9.764860e-01 -4.014185e+00
9.875775e-01 -5.038322e-02 -1.488364e-01 1.015663e+01 3.996077e-02 9.965888e-01 -7.220677e-02 -4.823434e-02 1.519667e-01 6.536216e-02 9.862220e-01 -3.145658e+00
9.655360e-01 5.223325e-02 -2.549745e-01 1.014573e+01 2.948576e-03 9.773969e-01 2.113920e-01 -7.989169e-02 2.602530e-01 -2.048584e-01 9.435579e-01 -1.639396e+00
8.942928e-01 1.390171e-01 -4.253407e-01 9.896428e+00 -1.694890e-01 9.849300e-01 -3.444477e-02 -1.227251e-01 4.141424e-01 1.028943e-01 9.043776e-01 6.378461e-01
7.954069e-01 8.508174e-02 -6.000741e-01 9.249478e+00 -6.322264e-02 9.963437e-01 5.746445e-02 -1.780612e-01 6.027692e-01 -7.769357e-03 7.978778e-01 3.737723e+00
8.693020e-01 1.607960e-01 -4.673957e-01 8.580270e+00 -1.572366e-01 9.864457e-01 4.692050e-02 -2.378724e-01 4.686051e-01 3.270361e-02 8.828022e-01 6.798919e+00
9.443739e-01 -3.091042e-02 -3.274180e-01 8.239094e+00 1.651020e-02 9.987739e-01 -4.667038e-02 -2.842017e-01 3.284592e-01 3.866855e-02 9.437263e-01 9.084794e+00
9.614323e-01 5.493256e-02 -2.695000e-01 8.142953e+00 8.764525e-04 9.792352e-01 2.027256e-01 -3.232981e-01 2.750401e-01 -1.951431e-01 9.414202e-01 1.099427e+01
9.580377e-01 -5.943203e-02 -2.804131e-01 8.090451e+00 3.979762e-02 9.963735e-01 -7.520644e-02 -3.573425e-01 2.838659e-01 6.089084e-02 9.569287e-01 1.268586e+01
8.230169e-01 1.986242e-01 -5.321575e-01 7.749141e+00 -7.376944e-02 9.663108e-01 2.465796e-01 -3.970684e-01 5.632062e-01 -1.636823e-01 8.099425e-01 1.497690e+01
7.364616e-01 2.291803e-01 -6.364752e-01 6.875324e+00 -3.540419e-01 9.323006e-01 -7.395945e-02 -4.515249e-01 5.764361e-01 2.798072e-01 7.677430e-01 1.836351e+01
7.167202e-01 -9.423395e-02 -6.909646e-01 5.796593e+00 5.527303e-02 9.953871e-01 -7.841786e-02 -5.120998e-01 6.951669e-01 1.801196e-02 7.186227e-01 2.202810e+01
6.318728e-01 3.826699e-01 -6.740182e-01 4.534387e+00 -2.890902e-01 9.232258e-01 2.531423e-01 -5.767759e-01 7.191409e-01 3.489830e-02 6.939874e-01 2.614565e+01
8.431553e-01 -7.590539e-02 -5.322851e-01 3.509536e+00 -9.540621e-02 9.531531e-01 -2.870486e-01 -6.400254e-01 5.291377e-01 2.928099e-01 7.964142e-01 2.973977e+01
5.770285e-01 2.244263e-01 -7.852840e-01 2.404029e+00 -3.197636e-03 9.621181e-01 2.726141e-01 -7.016040e-01 8.167177e-01 -1.547951e-01 5.558873e-01 3.366674e+01
5.875234e-01 4.107105e-01 -6.972325e-01 7.072085e-01 -5.417214e-01 8.396921e-01 3.814570e-02 -7.828423e-01 6.011275e-01 3.552942e-01 7.158294e-01 3.902703e+01
5.501758e-01 -2.764247e-01 -7.879695e-01 -1.053903e+00 -2.063453e-02 9.388324e-01 -3.437557e-01 -8.757288e-01 8.347939e-01 2.053855e-01 5.108190e-01 4.467734e+01
6.537077e-01 3.501627e-01 -6.708594e-01 -2.699749e+00 -5.134210e-02 9.049836e-01 4.223371e-01 -9.615431e-01 7.550034e-01 -2.416417e-01 6.095729e-01 5.015557e+01
5.149092e-01 2.734926e-01 -8.124471e-01 -4.516832e+00 -5.992552e-01 7.925427e-01 -1.130011e-01 -1.052336e+00 6.129941e-01 5.450485e-01 5.719794e-01 5.590817e+01
6.152581e-01 -3.086599e-01 -7.253872e-01 -6.253362e+00 2.028894e-01 9.511639e-01 -2.326438e-01 -1.140586e+00 7.617699e-01 -4.037350e-03 6.478351e-01 6.147619e+01
7.390996e-01 3.608411e-01 -5.687931e-01 -7.463131e+00 -1.747592e-01 9.182198e-01 3.554316e-01 -1.213362e+00 6.505314e-01 -1.632975e-01 7.417162e-01 6.564586e+01
8.885133e-01 3.826591e-03 -4.588350e-01 -8.068781e+00 -1.475617e-01 9.492291e-01 -2.778302e-01 -1.265078e+00 4.344764e-01 3.145623e-01 8.439673e-01 6.859352e+01
9.728022e-01 -1.838655e-01 -1.408880e-01 -8.339390e+00 2.113115e-01 9.535663e-01 2.146130e-01 -1.292835e+00 9.488611e-02 -2.385472e-01 9.664843e-01 6.998820e+01
9.588111e-01 9.708842e-02 -2.669364e-01 -7.968942e+00 -1.290771e-01 9.860610e-01 -1.049894e-01 -1.310283e+00 2.530223e-01 1.351203e-01 9.579782e-01 7.082424e+01
9.709675e-01 -2.389710e-01 -1.072086e-02 -7.726091e+00 2.392096e-01 9.698140e-01 4.732412e-02 -1.326403e+00 -9.118551e-04 -4.851472e-02 9.988221e-01 7.148567e+01
8.778025e-01 3.254824e-02 -4.779156e-01 -7.047281e+00 -5.632914e-02 9.977806e-01 -3.550807e-02 -1.326243e+00 4.756992e-01 5.808964e-02 8.776878e-01 7.124041e+01
9.369138e-01 -3.015713e-01 1.767692e-01 -6.212026e+00 3.050793e-01 9.522962e-01 7.649946e-03 -1.330478e+00 -1.706436e-01 4.676127e-02 9.842226e-01 7.115392e+01
8.870996e-01 1.847857e-01 -4.229758e-01 -5.819797e+00 -1.784993e-01 9.824115e-01 5.482337e-02 -1.345127e+00 4.256669e-01 2.686708e-02 9.044810e-01 7.176317e+01
9.138645e-01 -2.050791e-01 3.504202e-01 -5.544333e+00 2.569595e-01 9.603585e-01 -1.080895e-01 -1.349638e+00 -3.143621e-01 1.888230e-01 9.303345e-01 7.183660e+01
9.500007e-01 2.671470e-01 -1.616512e-01 -5.473074e+00 -2.325521e-01 9.508098e-01 2.046464e-01 -1.351726e+00 2.083702e-01 -1.568219e-01 9.653957e-01 7.181210e+01
9.037710e-01 -2.584351e-01 3.411882e-01 -5.439052e+00 2.944240e-01 9.539544e-01 -5.731897e-02 -1.354462e+00 -3.106647e-01 1.522572e-01 9.382458e-01 7.181730e+01
9.446572e-01 3.009409e-01 -1.306035e-01 -5.397120e+00 -2.785270e-01 9.460795e-01 1.653974e-01 -1.357213e+00 1.733361e-01 -1.198672e-01 9.775410e-01 7.181650e+01
8.977974e-01 -3.259097e-01 2.962138e-01 -5.358921e+00 3.433078e-01 9.391955e-01 -7.183926e-03 -1.359756e+00 -2.758614e-01 1.081422e-01 9.550946e-01 7.184798e+01
9.315733e-01 3.488183e-01 -1.024548e-01 -5.305105e+00 -3.371318e-01 9.343285e-01 1.156394e-01 -1.362435e+00 1.360636e-01 -7.318577e-02 9.879932e-01 7.188046e+01
8.854411e-01 -3.504170e-01 3.052901e-01 -5.261379e+00 3.489974e-01 9.351266e-01 6.114721e-02 -1.365495e+00 -3.069120e-01 5.240320e-02 9.502941e-01 7.187884e+01
9.292014e-01 3.567016e-01 -9.668853e-02 -5.222383e+00 -3.536731e-01 9.341663e-01 4.742114e-02 -1.367919e+00 1.072384e-01 -9.867659e-03 9.941844e-01 7.187100e+01
8.872880e-01 -3.638521e-01 2.834284e-01 -5.181642e+00 3.405170e-01 9.312748e-01 1.295202e-01 -1.370773e+00 -3.110759e-01 -1.840950e-02 9.502067e-01 7.186175e+01
9.277834e-01 3.670318e-01 -6.712369e-02 -5.141450e+00 -3.702676e-01 9.278707e-01 -4.424726e-02 -1.373881e+00 4.604195e-02 6.590560e-02 9.967631e-01 7.184753e+01
8.918014e-01 -3.733699e-01 2.555097e-01 -5.099261e+00 3.222339e-01 9.206054e-01 2.205697e-01 -1.376963e+00 -3.175777e-01 -1.143705e-01 9.413096e-01 7.182162e+01
9.376827e-01 3.359895e-01 -8.866919e-02 -5.058798e+00 -3.452238e-01 9.298340e-01 -1.273940e-01 -1.379424e+00 3.964460e-02 1.500658e-01 9.878808e-01 7.180786e+01
9.131997e-01 -3.560875e-01 1.981614e-01 -5.022422e+00 2.957326e-01 9.136411e-01 2.789303e-01 -1.381832e+00 -2.803720e-01 -1.961162e-01 9.396435e-01 7.180721e+01
9.497178e-01 3.060507e-01 -6.609892e-02 -4.986185e+00 -3.131065e-01 9.287359e-01 -1.985297e-01 -1.384390e+00 6.282977e-04 2.092432e-01 9.778634e-01 7.180311e+01
9.302357e-01 -3.266114e-01 1.672917e-01 -4.951027e+00 2.588523e-01 9.071643e-01 3.317354e-01 -1.386801e+00 -2.601096e-01 -2.652883e-01 9.284208e-01 7.180082e+01
9.606233e-01 2.676731e-01 -7.452564e-02 -4.914395e+00 -2.778541e-01 9.256677e-01 -2.567808e-01 -1.389250e+00 2.526810e-04 2.673768e-01 9.635920e-01 7.180221e+01
9.439526e-01 -2.867387e-01 1.635067e-01 -4.876458e+00 2.093180e-01 9.030137e-01 3.751697e-01 -1.391836e+00 -2.552245e-01 -3.199175e-01 9.124216e-01 7.179961e+01
9.741138e-01 2.208009e-01 -4.846900e-02 -4.842253e+00 -2.248989e-01 9.248941e-01 -3.065803e-01 -1.394276e+00 -2.286453e-02 3.095447e-01 9.506099e-01 7.179383e+01
9.618189e-01 -2.275731e-01 1.520358e-01 -4.806899e+00 1.482478e-01 9.001641e-01 4.095451e-01 -1.396832e+00 -2.300586e-01 -3.713692e-01 8.995321e-01 7.178976e+01
9.877031e-01 1.547059e-01 -2.255472e-02 -4.767764e+00 -1.528642e-01 9.253758e-01 -3.468605e-01 -1.399476e+00 -3.278976e-02 3.460430e-01 9.376455e-01 7.178502e+01
9.786363e-01 -1.620534e-01 1.265290e-01 -4.724672e+00 9.384634e-02 8.996568e-01 4.263924e-01 -1.402042e+00 -1.829311e-01 -4.054088e-01 8.956450e-01 7.178133e+01
9.950951e-01 9.791164e-02 -1.410909e-02 -4.683176e+00 -9.596106e-02 9.207915e-01 -3.780667e-01 -1.405014e+00 -2.402560e-02 3.775663e-01 9.256708e-01 7.178880e+01
9.777232e-01 -9.302408e-02 1.881592e-01 -4.644516e+00 -2.883522e-03 8.903923e-01 4.551848e-01 -1.407658e+00 -2.098787e-01 -4.455873e-01 8.702890e-01 7.177314e+01
9.998787e-01 1.493942e-02 4.408739e-03 -4.603582e+00 -1.196451e-02 9.178528e-01 -3.967406e-01 -1.410457e+00 -9.973647e-03 3.966397e-01 9.179202e-01 7.175980e+01
9.796808e-01 -1.398150e-02 2.000751e-01 -4.567616e+00 -7.971116e-02 8.882542e-01 4.523833e-01 -1.413018e+00 -1.840425e-01 -4.591395e-01 8.690911e-01 7.174915e+01
9.979800e-01 -5.797260e-02 2.598116e-02 -4.523691e+00 6.352335e-02 9.157334e-01 -3.967330e-01 -1.416075e+00 -7.921735e-04 3.975820e-01 9.175663e-01 7.173599e+01
9.683509e-01 6.823345e-02 2.400847e-01 -4.480013e+00 -1.695763e-01 8.856640e-01 4.322535e-01 -1.419011e+00 -1.831402e-01 -4.592858e-01 8.692044e-01 7.170968e+01
9.857006e-01 -1.506653e-01 7.546017e-02 -4.408733e+00 1.680071e-01 9.131623e-01 -3.713600e-01 -1.422506e+00 -1.295633e-02 3.787276e-01 9.254175e-01 7.166417e+01
9.504507e-01 1.747963e-01 2.570792e-01 -4.363835e+00 -2.659139e-01 8.854942e-01 3.810378e-01 -1.425770e+00 -1.610382e-01 -4.305186e-01 8.880993e-01 7.163681e+01
9.672878e-01 -2.477689e-01 5.445141e-02 -4.323396e+00 2.519391e-01 9.131379e-01 -3.204774e-01 -1.428744e+00 2.968269e-02 3.237123e-01 9.456898e-01 7.161598e+01
9.362645e-01 2.461299e-01 2.506570e-01 -4.287364e+00 -3.210102e-01 8.892510e-01 3.258606e-01 -1.431288e+00 -1.426929e-01 -3.855551e-01 9.115843e-01 7.160739e+01
9.508714e-01 -3.077153e-01 3.398461e-02 -4.244329e+00 3.050307e-01 9.124547e-01 -2.727319e-01 -1.434150e+00 5.291437e-02 2.696993e-01 9.614896e-01 7.160032e+01
8.950115e-01 3.068648e-01 3.237104e-01 -4.193696e+00 -3.904706e-01 8.898349e-01 2.360648e-01 -1.437358e+00 -2.156089e-01 -3.376801e-01 9.162341e-01 7.157038e+01
9.296404e-01 -3.684412e-01 -4.462934e-03 -4.145357e+00 3.605502e-01 9.120941e-01 -1.951614e-01 -1.440573e+00 7.597611e-02 1.798208e-01 9.807610e-01 7.155029e+01
8.679274e-01 3.662008e-01 3.355577e-01 -4.103243e+00 -4.290419e-01 8.931348e-01 1.350304e-01 -1.443654e+00 -2.502500e-01 -2.611649e-01 9.322917e-01 7.153179e+01
9.144343e-01 -4.037136e-01 -2.872646e-02 -4.056542e+00 3.995288e-01 9.117435e-01 -9.539655e-02 -1.446882e+00 6.470404e-02 7.575683e-02 9.950248e-01 7.150820e+01
8.548777e-01 4.018341e-01 3.281972e-01 -4.011892e+00 -4.337383e-01 9.006318e-01 2.708337e-02 -1.449728e+00 -2.847018e-01 -1.655047e-01 9.442209e-01 7.148284e+01
9.083532e-01 -4.045597e-01 -1.059524e-01 -3.955157e+00 4.049931e-01 9.141353e-01 -1.836234e-02 -1.452776e+00 1.042835e-01 -2.623051e-02 9.942016e-01 7.145513e+01
8.639077e-01 3.861974e-01 3.232878e-01 -3.904449e+00 -3.902720e-01 9.190559e-01 -5.499115e-02 -1.455650e+00 -3.183570e-01 -7.866293e-02 9.447015e-01 7.143997e+01
9.000630e-01 -3.882499e-01 -1.978601e-01 -3.854791e+00 4.012219e-01 9.155326e-01 2.865459e-02 -1.458575e+00 1.700222e-01 -1.051767e-01 9.798114e-01 7.145040e+01
8.633120e-01 3.815940e-01 3.302701e-01 -3.813573e+00 -3.644227e-01 9.240919e-01 -1.151100e-01 -1.461306e+00 -3.491252e-01 -2.098206e-02 9.368412e-01 7.146346e+01
9.149152e-01 -3.483737e-01 -2.038772e-01 -3.773230e+00 3.732366e-01 9.224758e-01 9.865504e-02 -1.464407e+00 1.537030e-01 -1.663554e-01 9.740130e-01 7.147278e+01
8.584235e-01 3.504909e-01 3.745200e-01 -3.691245e+00 -2.937327e-01 9.344616e-01 -2.012528e-01 -1.468672e+00 -4.205118e-01 6.275133e-02 9.051144e-01 7.146635e+01
9.255951e-01 -2.772965e-01 -2.576440e-01 -3.634143e+00 3.267616e-01 9.289297e-01 1.741161e-01 -1.472253e+00 1.910514e-01 -2.453492e-01 9.504226e-01 7.146016e+01
8.517485e-01 3.154326e-01 4.183620e-01 -3.578036e+00 -2.237824e-01 9.409925e-01 -2.538791e-01 -1.476001e+00 -4.737572e-01 1.226191e-01 8.720772e-01 7.144422e+01
9.411676e-01 -2.209303e-01 -2.557211e-01 -3.465416e+00 2.814012e-01 9.313638e-01 2.310298e-01 -1.479752e+00 1.871279e-01 -2.893980e-01 9.387396e-01 7.142217e+01
8.795458e-01 2.707549e-01 3.912685e-01 -3.402741e+00 -1.624987e-01 9.437989e-01 -2.878155e-01 -1.483504e+00 -4.472062e-01 1.895663e-01 8.741117e-01 7.141420e+01
9.704877e-01 -1.395468e-01 -1.966729e-01 -3.338936e+00 1.945352e-01 9.350043e-01 2.965183e-01 -1.488048e+00 1.425118e-01 -3.260272e-01 9.345569e-01 7.138768e+01
8.996047e-01 1.728406e-01 4.010454e-01 -3.241474e+00 -4.617362e-02 9.508420e-01 -3.062149e-01 -1.491397e+00 -4.342572e-01 2.569546e-01 8.633626e-01 7.134157e+01
9.565627e-01 -3.861215e-02 -2.889583e-01 -3.153373e+00 1.317635e-01 9.414338e-01 3.103881e-01 -1.495054e+00 2.600503e-01 -3.349799e-01 9.056281e-01 7.133197e+01
8.837721e-01 1.165713e-01 4.531644e-01 -3.053589e+00 2.924278e-02 9.528177e-01 -3.021312e-01 -1.499191e+00 -4.670029e-01 2.802669e-01 8.386649e-01 7.130252e+01
9.758915e-01 4.424819e-02 -2.137240e-01 -2.972123e+00 3.135746e-02 9.406492e-01 3.379288e-01 -1.503645e+00 2.159920e-01 -3.364837e-01 9.165840e-01 7.125601e+01
8.827179e-01 2.250731e-02 4.693640e-01 -2.871183e+00 1.229143e-01 9.530163e-01 -2.768608e-01 -1.507798e+00 -4.535430e-01 3.020815e-01 8.384781e-01 7.120104e+01
9.687415e-01 1.399954e-01 -2.047957e-01 -2.764406e+00 -6.490433e-02 9.398249e-01 3.354349e-01 -1.511972e+00 2.394314e-01 -3.116575e-01 9.195337e-01 7.114174e+01
8.609571e-01 -7.342014e-02 5.033511e-01 -2.706687e+00 2.023688e-01 9.572883e-01 -2.065092e-01 -1.515945e+00 -4.666902e-01 2.796581e-01 8.390421e-01 7.110584e+01
9.484405e-01 2.328683e-01 -2.150185e-01 -2.656597e+00 -1.614588e-01 9.387363e-01 3.044753e-01 -1.519693e+00 2.727484e-01 -2.540601e-01 9.279342e-01 7.108603e+01
8.585245e-01 -1.865864e-01 4.776204e-01 -2.602790e+00 2.835752e-01 9.488128e-01 -1.390659e-01 -1.523107e+00 -4.272246e-01 2.548328e-01 8.674903e-01 7.106804e+01
9.241000e-01 2.950521e-01 -2.428651e-01 -2.521007e+00 -2.362652e-01 9.406187e-01 2.437522e-01 -1.526674e+00 3.003631e-01 -1.678708e-01 9.389363e-01 7.104016e+01
8.301240e-01 -2.610282e-01 4.927052e-01 -2.450881e+00 3.263554e-01 9.439360e-01 -4.976917e-02 -1.529657e+00 -4.520910e-01 2.021116e-01 8.687719e-01 7.099895e+01
9.020717e-01 3.545313e-01 -2.461183e-01 -2.408017e+00 -3.123720e-01 9.298327e-01 1.945118e-01 -1.532955e+00 2.978093e-01 -9.858309e-02 9.495214e-01 7.098410e+01
8.283509e-01 -3.374018e-01 4.472078e-01 -2.340147e+00 3.710587e-01 9.285152e-01 1.322854e-02 -1.536081e+00 -4.197026e-01 1.549825e-01 8.943323e-01 7.096009e+01
8.871822e-01 3.803246e-01 -2.612679e-01 -2.266148e+00 -3.562318e-01 9.244403e-01 1.360477e-01 -1.539577e+00 2.932689e-01 -2.762717e-02 9.556307e-01 7.094629e+01
8.193402e-01 -3.857464e-01 4.241243e-01 -2.220985e+00 3.860383e-01 9.181498e-01 8.930459e-02 -1.542321e+00 -4.238586e-01 9.055741e-02 9.011899e-01 7.094269e+01
8.690946e-01 3.845384e-01 -3.111345e-01 -2.185607e+00 -3.748869e-01 9.224090e-01 9.285206e-02 -1.544798e+00 3.226985e-01 3.594304e-02 9.458191e-01 7.096734e+01
8.316234e-01 -4.223297e-01 3.606108e-01 -2.039750e+00 4.241706e-01 9.021830e-01 7.839070e-02 -1.547408e+00 -3.584437e-01 8.776896e-02 9.294163e-01 7.091361e+01
8.350473e-01 3.129100e-01 -4.525300e-01 -1.520583e+00 -3.060436e-01 9.476999e-01 9.056605e-02 -1.546931e+00 4.572016e-01 6.286698e-02 8.871383e-01 7.056220e+01
8.297947e-01 -3.809298e-01 4.078397e-01 -9.998574e-01 4.185632e-01 9.081815e-01 -3.354795e-03 -1.546093e+00 -3.691145e-01 1.734905e-01 9.130474e-01 7.021686e+01
8.596822e-01 3.726396e-01 -3.494085e-01 -7.132298e-01 -3.395264e-01 9.278717e-01 1.541946e-01 -1.545627e+00 3.816653e-01 -1.392489e-02 9.241957e-01 7.004954e+01
8.469033e-01 -4.290936e-01 3.140597e-01 -2.434505e-01 4.713703e-01 8.791582e-01 -6.993551e-02 -1.546008e+00 -2.460993e-01 2.072670e-01 9.468239e-01 6.972634e+01
8.167483e-01 3.571729e-01 -4.531552e-01 5.155173e-01 -2.749151e-01 9.313882e-01 2.386163e-01 -1.542232e+00 5.072907e-01 -7.031024e-02 8.589020e-01 6.916753e+01
8.641643e-01 -3.406361e-01 3.703877e-01 1.276189e+00 4.338785e-01 8.772112e-01 -2.055480e-01 -1.538388e+00 -2.548912e-01 3.383305e-01 9.058493e-01 6.859849e+01
8.741052e-01 3.152907e-01 -3.695022e-01 1.938824e+00 -2.004713e-01 9.270622e-01 3.168074e-01 -1.536216e+00 4.424380e-01 -2.028484e-01 8.735566e-01 6.811128e+01
8.450905e-01 -2.610745e-01 4.665427e-01 2.455515e+00 3.962268e-01 8.917209e-01 -2.187192e-01 -1.536571e+00 -3.589239e-01 3.696943e-01 8.570296e-01 6.773814e+01
8.718469e-01 2.292195e-01 -4.328295e-01 3.177839e+00 -9.549959e-02 9.463228e-01 3.087928e-01 -1.535574e+00 4.803777e-01 -2.278850e-01 8.469390e-01 6.720238e+01
8.792181e-01 -1.808312e-01 4.407672e-01 3.813757e+00 3.308123e-01 8.974893e-01 -2.916781e-01 -1.534246e+00 -3.428393e-01 4.022598e-01 8.489100e-01 6.673958e+01
9.004792e-01 2.201954e-01 -3.750349e-01 4.357615e+00 -7.470349e-02 9.278471e-01 3.654027e-01 -1.533534e+00 4.284350e-01 -3.010212e-01 8.519564e-01 6.634444e+01
9.345146e-01 -1.845244e-01 3.043571e-01 4.947649e+00 2.945559e-01 8.809695e-01 -3.703101e-01 -1.532254e+00 -1.997981e-01 4.357103e-01 8.776316e-01 6.593468e+01
9.343265e-01 1.679243e-01 -3.143809e-01 5.595203e+00 -2.342930e-02 9.090853e-01 4.159506e-01 -1.530196e+00 3.556473e-01 -3.812680e-01 8.533169e-01 6.546975e+01
9.564380e-01 -1.434393e-01 2.542665e-01 6.244615e+00 2.466600e-01 8.629390e-01 -4.410161e-01 -1.528378e+00 -1.561575e-01 4.845219e-01 8.607284e-01 6.499935e+01
9.455173e-01 9.057216e-02 -3.127199e-01 6.956073e+00 5.968192e-02 8.960297e-01 4.399645e-01 -1.525550e+00 3.200548e-01 -4.346578e-01 8.418061e-01 6.448072e+01
9.553557e-01 -6.813052e-03 2.953795e-01 7.533001e+00 1.602871e-01 8.517814e-01 -4.987750e-01 -1.523081e+00 -2.482006e-01 5.238531e-01 8.148462e-01 6.405065e+01
9.870758e-01 1.160523e-01 -1.105133e-01 7.780848e+00 -4.509051e-02 8.628806e-01 5.033923e-01 -1.523387e+00 1.537796e-01 -4.919033e-01 8.569615e-01 6.386558e+01
9.605766e-01 -9.805089e-02 2.601510e-01 8.002602e+00 2.156706e-01 8.532979e-01 -4.747303e-01 -1.526265e+00 -1.754386e-01 5.121217e-01 8.408048e-01 6.372870e+01
9.825253e-01 1.791691e-01 -5.042256e-02 8.173409e+00 -1.291709e-01 8.514079e-01 5.083498e-01 -1.527082e+00 1.340107e-01 -4.929534e-01 8.596732e-01 6.361883e+01
9.697503e-01 -1.812803e-01 1.634680e-01 8.294175e+00 2.377598e-01 8.531106e-01 -4.644056e-01 -1.529103e+00 -5.526870e-02 4.892236e-01 8.704055e-01 6.356965e+01
9.701442e-01 2.228149e-01 9.577934e-02 8.471688e+00 -2.414557e-01 8.502367e-01 4.677571e-01 -1.531710e+00 2.278813e-02 -4.769183e-01 8.786522e-01 6.347097e+01
9.518079e-01 -2.562577e-01 1.685044e-01 8.650658e+00 3.047068e-01 8.525808e-01 -4.245700e-01 -1.534666e+00 -3.486425e-02 4.554535e-01 8.895766e-01 6.337660e+01
9.321365e-01 2.975558e-01 2.063545e-01 8.727830e+00 -3.593197e-01 8.306451e-01 4.253446e-01 -1.538423e+00 -4.484361e-02 -4.706264e-01 8.811923e-01 6.334021e+01
9.175115e-01 -3.529624e-01 1.832763e-01 8.785250e+00 3.958177e-01 8.552999e-01 -3.343509e-01 -1.542485e+00 -3.874291e-02 3.793148e-01 9.244562e-01 6.330825e+01
8.915234e-01 3.941441e-01 2.232408e-01 8.849001e+00 -4.490218e-01 8.339319e-01 3.208380e-01 -1.546009e+00 -5.971125e-02 -3.862746e-01 9.204491e-01 6.326134e+01
8.877719e-01 -4.512635e-01 9.067689e-02 8.917405e+00 4.586043e-01 8.503858e-01 -2.579266e-01 -1.549303e+00 3.928251e-02 2.705648e-01 9.619000e-01 6.322655e+01
8.793604e-01 4.375628e-01 1.877873e-01 8.993994e+00 -4.728634e-01 8.488014e-01 2.365090e-01 -1.552238e+00 -5.590657e-02 -2.967744e-01 9.533097e-01 6.319514e+01
8.691147e-01 -4.925519e-01 -4.508134e-02 9.007632e+00 4.689435e-01 8.495633e-01 -2.415247e-01 -1.555417e+00 1.572629e-01 1.887721e-01 9.693469e-01 6.326897e+01
8.798673e-01 4.404854e-01 1.783428e-01 9.014221e+00 -4.716646e-01 8.552733e-01 2.145696e-01 -1.559618e+00 -5.801703e-02 -2.729108e-01 9.602884e-01 6.338462e+01
8.783934e-01 -4.779381e-01 3.209128e-04 9.048069e+00 4.680767e-01 8.601333e-01 -2.026694e-01 -1.562583e+00 9.658741e-02 1.781737e-01 9.792472e-01 6.341309e+01
8.498247e-01 5.270620e-01 -1.894959e-03 8.965910e+00 -5.129627e-01 8.279066e-01 2.268036e-01 -1.568677e+00 1.211084e-01 -1.917713e-01 9.739387e-01 6.377291e+01
8.737291e-01 -4.815594e-01 -6.854186e-02 8.830984e+00 4.384222e-01 8.406989e-01 -3.178228e-01 -1.581521e+00 2.106736e-01 2.476408e-01 9.456694e-01 6.427422e+01
9.325117e-01 3.452283e-01 1.060156e-01 9.170353e+00 -3.610815e-01 8.860152e-01 2.908560e-01 -1.584023e+00 6.480233e-03 -3.095069e-01 9.508751e-01 6.411684e+01
9.142371e-01 -4.035154e-01 3.668546e-02 9.496119e+00 3.892171e-01 8.494492e-01 -3.562948e-01 -1.583720e+00 1.126080e-01 3.400166e-01 9.336531e-01 6.394065e+01
9.097382e-01 3.635882e-01 2.004496e-01 9.514736e+00 -4.131448e-01 8.405498e-01 3.504105e-01 -1.586790e+00 -4.108274e-02 -4.015965e-01 9.148948e-01 6.399158e+01
8.824186e-01 -3.586674e-01 -3.044589e-01 9.369309e+00 1.930648e-01 8.662103e-01 -4.608749e-01 -1.593755e+00 4.290262e-01 3.479042e-01 8.336061e-01 6.451200e+01
9.143191e-01 1.626733e-01 3.708880e-01 9.317372e+00 -3.188485e-01 8.537911e-01 4.115536e-01 -1.598420e+00 -2.497121e-01 -4.945484e-01 8.325057e-01 6.471614e+01
9.408164e-01 -3.371815e-01 -3.425197e-02 9.363284e+00 2.882846e-01 8.493061e-01 -4.422343e-01 -1.605456e+00 1.782036e-01 4.061870e-01 8.962453e-01 6.479227e+01
9.308678e-01 1.379434e-01 -3.383146e-01 1.203890e+01 6.040830e-02 8.551306e-01 5.148810e-01 -1.614372e+00 3.603276e-01 -4.997232e-01 7.876807e-01 6.323808e+01
9.728949e-01 -1.134540e-01 -2.015035e-01 1.408098e+01 -1.349726e-01 4.289511e-01 -8.931872e-01 -1.606279e+00 1.877708e-01 8.961747e-01 4.020112e-01 6.189063e+01
9.771580e-01 -1.580899e-01 1.420203e-01 1.407198e+01 -7.177606e-02 3.835038e-01 9.207459e-01 -1.611122e+00 -2.000260e-01 -9.099079e-01 3.633967e-01 6.204405e+01
9.975049e-01 -6.857305e-02 1.678668e-02 1.416510e+01 4.163354e-02 3.793544e-01 -9.243143e-01 -1.617292e+00 5.701495e-02 9.227069e-01 3.812628e-01 6.210631e+01
9.748718e-01 1.757939e-02 2.220721e-01 1.419893e+01 -2.145459e-01 3.424089e-01 9.147274e-01 -1.621557e+00 -5.995911e-02 -9.393866e-01 3.375763e-01 6.214724e+01
9.706485e-01 -2.309544e-01 -6.709322e-02 1.418496e+01 2.620376e-02 3.788680e-01 -9.250797e-01 -1.625716e+00 2.390707e-01 8.961691e-01 3.737995e-01 6.227908e+01
9.858058e-01 3.248826e-03 1.678583e-01 1.414304e+01 -1.589264e-01 3.403738e-01 9.267622e-01 -1.630840e+00 -5.412367e-02 -9.402846e-01 3.360587e-01 6.249242e+01
9.853707e-01 -1.698893e-01 -1.349874e-02 1.415848e+01 5.038549e-02 3.660719e-01 -9.292215e-01 -1.635831e+00 1.628063e-01 9.149475e-01 3.692765e-01 6.264381e+01
9.735270e-01 2.254954e-02 2.274571e-01 1.419734e+01 -2.226669e-01 3.182980e-01 9.214694e-01 -1.638989e+00 -5.162042e-02 -9.477225e-01 3.148928e-01 6.273215e+01
9.669126e-01 -2.325747e-01 -1.048284e-01 1.416686e+01 -1.582236e-02 3.554539e-01 -9.345599e-01 -1.643453e+00 2.546166e-01 9.052964e-01 3.400130e-01 6.289018e+01
9.691849e-01 -4.901255e-02 2.414091e-01 1.416008e+01 -2.122296e-01 3.313818e-01 9.193175e-01 -1.647539e+00 -1.250567e-01 -9.422228e-01 3.107684e-01 6.299489e+01
9.670097e-01 -2.138076e-01 -1.384869e-01 1.415767e+01 -5.465354e-02 3.568494e-01 -9.325618e-01 -1.650761e+00 2.488078e-01 9.093651e-01 3.333915e-01 6.307732e+01
9.655618e-01 -6.811002e-02 2.511004e-01 1.414971e+01 -2.148844e-01 3.353457e-01 9.172611e-01 -1.655401e+00 -1.466801e-01 -9.396299e-01 3.091612e-01 6.318361e+01
9.753265e-01 -2.197688e-01 -2.097234e-02 1.418740e+01 6.481446e-02 3.758597e-01 -9.244071e-01 -1.658773e+00 2.110385e-01 9.002395e-01 3.808301e-01 6.319516e+01
9.756519e-01 6.086701e-02 2.107099e-01 1.416946e+01 -2.186877e-01 3.431596e-01 9.134644e-01 -1.662121e+00 -1.670729e-02 -9.373029e-01 3.481152e-01 6.331184e+01
9.652730e-01 -2.381478e-01 -1.073947e-01 1.411855e+01 -7.512336e-03 3.856173e-01 -9.226282e-01 -1.666969e+00 2.611351e-01 8.913949e-01 3.704369e-01 6.350887e+01
9.845419e-01 -3.944950e-02 1.706487e-01 1.407206e+01 -1.470257e-01 3.433560e-01 9.276260e-01 -1.671536e+00 -9.518765e-02 -9.383765e-01 3.322483e-01 6.371064e+01
9.686193e-01 -1.576004e-01 -1.921948e-01 1.402257e+01 -1.180332e-01 3.888415e-01 -9.137125e-01 -1.676870e+00 2.187347e-01 9.077249e-01 3.580373e-01 6.392944e+01
9.869207e-01 -1.229012e-01 1.043211e-01 1.396224e+01 -5.418667e-02 3.565642e-01 9.326981e-01 -1.681422e+00 -1.518269e-01 -9.261519e-01 3.452410e-01 6.414836e+01
9.750730e-01 -6.475470e-02 -2.122249e-01 1.392819e+01 -1.704223e-01 3.939247e-01 -9.032052e-01 -1.686084e+00 1.420874e-01 9.168589e-01 3.730697e-01 6.431752e+01
9.687925e-01 -2.009014e-01 1.451885e-01 1.393138e+01 -6.499693e-02 3.593457e-01 9.309383e-01 -1.689432e+00 -2.391996e-01 -9.113229e-01 3.350734e-01 6.438986e+01
9.564577e-01 -8.222805e-02 -2.800487e-01 1.390376e+01 -2.240766e-01 4.079535e-01 -8.850783e-01 -1.692631e+00 1.870251e-01 9.092923e-01 3.717649e-01 6.451499e+01
9.627350e-01 -2.552621e-01 8.934520e-02 1.384505e+01 1.041977e-02 3.651263e-01 9.308997e-01 -1.696903e+00 -2.702457e-01 -8.952788e-01 3.541796e-01 6.470672e+01
9.460878e-01 -4.761458e-03 -3.238752e-01 1.380518e+01 -2.929844e-01 4.137979e-01 -8.619347e-01 -1.700833e+00 1.381230e-01 9.103563e-01 3.900942e-01 6.486183e+01
9.365449e-01 -3.229904e-01 1.362380e-01 1.380596e+01 -5.526945e-03 3.749897e-01 9.270125e-01 -1.704254e+00 -3.505040e-01 -8.689419e-01 3.494095e-01 6.494470e+01
9.511638e-01 -1.633419e-02 -3.082543e-01 1.382965e+01 -2.745301e-01 4.118275e-01 -8.689254e-01 -1.707488e+00 1.411408e-01 9.111154e-01 3.872312e-01 6.499519e+01
9.256218e-01 -2.969998e-01 2.345537e-01 1.387219e+01 -1.155905e-01 3.682900e-01 9.224973e-01 -1.709878e+00 -3.603653e-01 -8.809958e-01 3.065669e-01 6.499938e+01
9.518228e-01 -1.173318e-01 -2.833135e-01 1.390134e+01 -2.123780e-01 4.142192e-01 -8.850526e-01 -1.712955e+00 2.211987e-01 9.025828e-01 3.693446e-01 6.503168e+01
9.518996e-01 -2.403036e-01 1.901086e-01 1.413836e+01 -7.716254e-02 4.124456e-01 9.077084e-01 -1.715139e+00 -2.965350e-01 -8.787166e-01 3.740644e-01 6.492808e+01
8.711138e-01 -1.550227e-01 -4.659707e-01 1.468685e+01 -3.645489e-01 4.316279e-01 -8.251070e-01 -1.713622e+00 3.290363e-01 8.886312e-01 3.194836e-01 6.453511e+01
8.557767e-01 -5.151048e-01 4.809561e-02 1.564737e+01 2.213075e-01 4.485254e-01 8.659376e-01 -1.711419e+00 -4.676208e-01 -7.304053e-01 4.978342e-01 6.392687e+01
5.635081e-01 -3.049913e-02 -8.255473e-01 1.678227e+01 -7.001682e-01 5.127246e-01 -4.968681e-01 -1.704384e+00 4.384325e-01 8.580112e-01 2.675700e-01 6.311346e+01
6.662708e-01 -7.157461e-01 2.092623e-01 1.788252e+01 3.522352e-01 5.494098e-01 7.576802e-01 -1.699451e+00 -6.572774e-01 -4.311106e-01 6.181666e-01 6.239514e+01
3.070853e-01 2.859523e-01 -9.077058e-01 1.944459e+01 -7.770637e-01 6.259852e-01 -6.568526e-02 -1.689366e+00 5.494276e-01 7.255162e-01 4.144340e-01 6.121920e+01
2.868774e-01 -7.151800e-01 6.373530e-01 2.076391e+01 6.915991e-01 6.149873e-01 3.787893e-01 -1.679748e+00 -6.628666e-01 3.321267e-01 6.710438e-01 6.018624e+01
2.835099e-01 6.259895e-01 -7.264705e-01 2.136484e+01 -6.467606e-01 6.841447e-01 3.371153e-01 -1.677370e+00 7.080416e-01 3.742769e-01 5.988271e-01 5.975313e+01
2.106586e-01 -6.476651e-01 7.322246e-01 2.163044e+01 6.027505e-01 6.757599e-01 4.243117e-01 -1.678290e+00 -7.696199e-01 3.519638e-01 5.327351e-01 5.958598e+01
2.525235e-01 5.927939e-01 -7.647400e-01 2.187462e+01 -6.157135e-01 7.081354e-01 3.456026e-01 -1.680271e+00 7.464105e-01 3.835880e-01 5.438121e-01 5.943665e+01
4.044040e-01 -5.848617e-01 7.031318e-01 2.184516e+01 6.117943e-01 7.444610e-01 2.673676e-01 -1.683724e+00 -6.798273e-01 3.220475e-01 6.588781e-01 5.967019e+01
2.214080e-01 6.361870e-01 -7.390836e-01 2.169254e+01 -4.860294e-01 7.290437e-01 4.819446e-01 -1.693106e+00 8.454312e-01 2.525100e-01 4.706217e-01 6.010731e+01
3.060724e-01 -5.307580e-01 7.903263e-01 2.162217e+01 6.801068e-01 7.028100e-01 2.085975e-01 -1.697325e+00 -6.661640e-01 4.736603e-01 5.760828e-01 6.031628e+01
2.441591e-01 7.068295e-01 -6.639115e-01 2.155025e+01 -4.623286e-01 6.866612e-01 5.610246e-01 -1.701685e+00 8.524310e-01 1.699660e-01 4.944420e-01 6.052740e+01
3.663560e-01 -4.955988e-01 7.875056e-01 2.144897e+01 7.286583e-01 6.791451e-01 8.842496e-02 -1.706155e+00 -5.786539e-01 5.414275e-01 6.099311e-01 6.077481e+01
1.751736e-01 7.433654e-01 -6.455402e-01 2.129141e+01 -3.538852e-01 6.593987e-01 6.632938e-01 -1.711542e+00 9.187380e-01 1.122556e-01 3.785753e-01 6.116469e+01
5.375805e-01 -3.147398e-01 7.822698e-01 2.106155e+01 6.733502e-01 7.186571e-01 -1.735845e-01 -1.718504e+00 -5.075498e-01 6.200571e-01 5.982661e-01 6.170771e+01
1.238013e-01 6.849246e-01 -7.180192e-01 2.075131e+01 -2.781675e-02 7.256968e-01 6.874521e-01 -1.729395e+00 9.919171e-01 -6.513451e-02 1.088946e-01 6.249768e+01
8.734876e-01 5.827426e-02 4.833462e-01 2.030527e+01 2.590955e-01 7.848943e-01 -5.628592e-01 -1.749148e+00 -4.121759e-01 6.168833e-01 6.704969e-01 6.401469e+01
7.888731e-02 3.514669e-01 -9.328707e-01 1.968877e+01 5.157671e-01 7.864156e-01 3.399041e-01 -1.777507e+00 8.530892e-01 -5.079581e-01 -1.192369e-01 6.578124e+01
3.235323e-01 5.221564e-01 7.891004e-01 1.945588e+01 1.866373e-01 7.823535e-01 -5.942134e-01 -1.789084e+00 -9.276278e-01 3.395228e-01 1.556628e-01 6.635965e+01
-1.120962e-02 1.786824e-01 -9.838430e-01 1.928282e+01 5.184055e-01 8.423904e-01 1.470856e-01 -1.794925e+00 8.550614e-01 -5.083809e-01 -1.020728e-01 6.685406e+01
5.036007e-01 5.047504e-01 7.011515e-01 1.904293e+01 -1.734805e-01 8.541284e-01 -4.902746e-01 -1.811304e+00 -8.463397e-01 1.252665e-01 5.177040e-01 6.790284e+01
1.462148e-01 -1.154878e-01 -9.824886e-01 1.894308e+01 5.894228e-01 8.077923e-01 -7.234532e-03 -1.826365e+00 7.944822e-01 -5.780434e-01 1.861823e-01 6.857383e+01
2.915640e-01 5.563700e-01 7.781020e-01 1.882629e+01 -2.033706e-01 8.309031e-01 -5.179193e-01 -1.831150e+00 -9.346822e-01 -7.236416e-03 3.554107e-01 6.885528e+01
1.231798e-01 -1.825249e-01 -9.754544e-01 1.871509e+01 5.521983e-01 8.293223e-01 -8.544969e-02 -1.836278e+00 8.245628e-01 -5.281186e-01 2.029457e-01 6.913873e+01
1.640330e-01 5.424092e-01 8.239451e-01 1.873244e+01 -1.907605e-01 8.369342e-01 -5.129829e-01 -1.842071e+00 -9.678345e-01 -7.303010e-02 2.407551e-01 6.931419e+01
5.051797e-03 -1.758035e-01 -9.844123e-01 1.869461e+01 5.087341e-01 8.479627e-01 -1.488246e-01 -1.846897e+00 8.609088e-01 -5.000523e-01 9.372097e-02 6.957596e+01
2.424677e-01 4.674732e-01 8.501048e-01 1.856305e+01 -2.966998e-01 8.699999e-01 -3.937885e-01 -1.855323e+00 -9.236767e-01 -1.567449e-01 3.496460e-01 7.003029e+01
-3.572797e-02 -2.699373e-01 -9.622148e-01 1.842907e+01 3.874859e-01 8.837671e-01 -2.623175e-01 -1.863602e+00 9.211830e-01 -3.822168e-01 7.302169e-02 7.050637e+01
-4.408032e-02 4.238131e-01 9.046764e-01 1.854052e+01 -2.432432e-01 8.737517e-01 -4.211778e-01 -1.868688e+00 -9.689632e-01 -2.386221e-01 6.457441e-02 7.055019e+01
-1.458123e-01 -2.990286e-01 -9.430380e-01 1.858799e+01 3.449382e-01 8.780418e-01 -3.317532e-01 -1.870678e+00 9.272305e-01 -3.736635e-01 -2.488295e-02 7.064740e+01
-1.839689e-01 2.167717e-01 9.587312e-01 1.834222e+01 -4.346074e-01 8.569165e-01 -2.771470e-01 -1.877150e+00 -8.816302e-01 -4.676581e-01 -6.343540e-02 7.121871e+01
-5.578180e-02 -5.961375e-01 -8.009422e-01 1.802165e+01 9.142890e-02 7.957710e-01 -5.986562e-01 -1.894660e+00 9.942480e-01 -1.066234e-01 1.011466e-02 7.186406e+01
-7.683482e-03 7.842137e-02 9.968907e-01 1.793524e+01 -6.152078e-01 7.855521e-01 -6.653789e-02 -1.900093e+00 -7.883276e-01 -6.138062e-01 4.220966e-02 7.207442e+01
-5.953171e-02 -6.154029e-01 -7.859613e-01 1.787049e+01 2.346943e-02 7.862772e-01 -6.174280e-01 -1.907141e+00 9.979505e-01 -5.520261e-02 -3.236527e-02 7.237587e+01
-1.004405e-02 -8.152407e-03 9.999163e-01 1.788294e+01 -6.023181e-01 7.982561e-01 4.580331e-04 -1.913837e+00 -7.981930e-01 -6.022631e-01 -1.292807e-02 7.256944e+01
-3.969420e-02 -5.791524e-01 -8.142523e-01 1.788645e+01 -3.538738e-02 8.151982e-01 -5.781001e-01 -1.920105e+00 9.985851e-01 5.867043e-03 -5.285332e-02 7.280594e+01
-4.991107e-02 -4.592355e-02 9.976973e-01 1.792498e+01 -5.587871e-01 8.292482e-01 1.021589e-02 -1.925155e+00 -8.278079e-01 -5.569905e-01 -6.705015e-02 7.292912e+01
5.661805e-02 -5.618986e-01 -8.252662e-01 1.818810e+01 4.480960e-02 8.271893e-01 -5.601338e-01 -1.927081e+00 9.973898e-01 -5.266161e-03 7.201230e-02 7.274628e+01
-9.408342e-02 4.794857e-02 9.944090e-01 1.836437e+01 -5.162354e-01 8.517142e-01 -8.991036e-02 -1.930739e+00 -8.512634e-01 -5.218082e-01 -5.537944e-02 7.268594e+01
-1.162130e-01 -4.880778e-01 -8.650287e-01 1.845389e+01 7.988972e-02 8.635145e-01 -4.979562e-01 -1.933728e+00 9.900062e-01 -1.269759e-01 -6.135918e-02 7.276126e+01
-7.151551e-02 4.102303e-02 9.965955e-01 1.846615e+01 -4.802435e-01 8.743013e-01 -7.045120e-02 -1.939394e+00 -8.742149e-01 -4.836469e-01 -4.282506e-02 7.296382e+01
8.183735e-02 -4.868608e-01 -8.696374e-01 1.862799e+01 1.770036e-01 8.657929e-01 -4.680516e-01 -1.944935e+00 9.808019e-01 -1.156248e-01 1.570303e-01 7.290013e+01
-1.066766e-02 2.269695e-01 9.738434e-01 1.888672e+01 -3.971780e-01 8.928162e-01 -2.124356e-01 -1.947414e+00 -9.176796e-01 -3.890554e-01 8.062304e-02 7.276070e+01
-5.122225e-02 -3.602060e-01 -9.314655e-01 1.894717e+01 2.427053e-01 9.002382e-01 -3.614767e-01 -1.950428e+00 9.687468e-01 -2.445872e-01 4.131166e-02 7.287799e+01
-4.007486e-02 2.009315e-01 9.787852e-01 1.892776e+01 -3.329104e-01 9.209182e-01 -2.026827e-01 -1.954062e+00 -9.421065e-01 -3.339702e-01 2.998652e-02 7.299424e+01
3.635220e-02 -3.051553e-01 -9.516085e-01 1.896106e+01 2.474363e-01 9.253359e-01 -2.872782e-01 -1.958038e+00 9.682220e-01 -2.250193e-01 1.091445e-01 7.304882e+01
7.351947e-02 2.077169e-01 9.754223e-01 1.895905e+01 -2.984262e-01 9.378353e-01 -1.772197e-01 -1.961999e+00 -9.515969e-01 -2.780624e-01 1.309373e-01 7.320564e+01
-5.134558e-02 -2.633589e-01 -9.633305e-01 1.887952e+01 1.877478e-01 9.448584e-01 -2.683158e-01 -1.967397e+00 9.808743e-01 -1.946400e-01 9.307383e-04 7.344263e+01
-2.134958e-02 1.556022e-01 9.875891e-01 1.885264e+01 -2.587853e-01 9.532885e-01 -1.557923e-01 -1.971496e+00 -9.656989e-01 -2.588996e-01 1.991527e-02 7.356361e+01
8.622955e-02 -2.297650e-01 -9.694186e-01 1.886504e+01 1.813121e-01 9.604127e-01 -2.115028e-01 -1.975569e+00 9.796379e-01 -1.575295e-01 1.244751e-01 7.359826e+01
-1.133131e-01 1.346205e-01 9.843970e-01 1.891264e+01 -1.966455e-01 9.681401e-01 -1.550330e-01 -1.979403e+00 -9.739049e-01 -2.111445e-01 -8.323043e-02 7.357932e+01
-1.083394e-01 -1.700165e-01 -9.794677e-01 1.890173e+01 1.338805e-01 9.737960e-01 -1.838406e-01 -1.983288e+00 9.850577e-01 -1.510488e-01 -8.273856e-02 7.370296e+01
8.355964e-01 6.898750e-02 5.449948e-01 2.139211e+01 -1.209140e-01 9.908503e-01 5.996215e-02 -1.981070e+00 -5.358717e-01 -1.160017e-01 8.362925e-01 7.215645e+01
2.834131e-01 -6.425663e-01 -7.118888e-01 2.362726e+01 4.371681e-02 7.502106e-01 -6.597521e-01 -1.968032e+00 9.580010e-01 1.558609e-01 2.407105e-01 7.053084e+01
2.549711e-01 3.959733e-03 9.669406e-01 2.371578e+01 -6.250462e-01 7.636580e-01 1.616902e-01 -1.970481e+00 -7.377716e-01 -6.456089e-01 1.971857e-01 7.053828e+01
2.481961e-01 -6.185221e-01 -7.455395e-01 2.375085e+01 -1.136036e-02 7.677097e-01 -6.406971e-01 -1.976558e+00 9.686432e-01 1.674881e-01 1.835159e-01 7.075758e+01
3.690564e-01 -7.518010e-02 9.263613e-01 2.377382e+01 -5.393371e-01 7.944085e-01 2.793397e-01 -1.983915e+00 -7.569101e-01 -6.027131e-01 2.526341e-01 7.101191e+01
2.655890e-01 -5.527387e-01 -7.899002e-01 2.402772e+01 -5.221937e-02 8.098748e-01 -5.842738e-01 -1.985780e+00 9.626711e-01 1.964248e-01 1.862302e-01 7.089220e+01
4.134917e-01 -7.537760e-02 9.073824e-01 2.454112e+01 -4.271572e-01 8.640320e-01 2.664308e-01 -1.983827e+00 -8.040904e-01 -4.977619e-01 3.250720e-01 7.055414e+01
3.514127e-01 -4.505062e-01 -8.207029e-01 2.488087e+01 -4.935681e-02 8.664789e-01 -4.967677e-01 -1.982864e+00 9.349187e-01 2.150778e-01 2.822561e-01 7.034513e+01
2.306924e-01 -7.378013e-02 9.702255e-01 2.504246e+01 -4.622368e-01 8.691155e-01 1.759982e-01 -1.985568e+00 -8.562232e-01 -4.890754e-01 1.663945e-01 7.026585e+01
3.009327e-01 -4.675061e-01 -8.311905e-01 2.526718e+01 1.093896e-02 8.732277e-01 -4.871897e-01 -1.987996e+00 9.535827e-01 1.375189e-01 2.678968e-01 7.012747e+01
5.109620e-01 1.446284e-01 8.473491e-01 2.519189e+01 -5.808425e-01 7.847491e-01 2.163116e-01 -1.998091e+00 -6.336716e-01 -6.027034e-01 4.849834e-01 7.073136e+01
