9.999920e-01 -3.796178e-04 -3.988614e-03 5.965039e-01 3.824308e-04 9.999997e-01 7.045378e-04 1.869841e-02 3.988345e-03 -7.060582e-04 9.999918e-01 -8.446994e-01
9.999999e-01 4.538367e-04 -1.991241e-04 1.111987e+00 -4.538942e-04 9.999999e-01 -2.892279e-04 3.731038e-02 1.989932e-04 2.893190e-04 9.999999e-01 -1.104982e+00
9.999944e-01 -1.920700e-04 -3.335493e-03 1.578823e+00 1.939812e-04 9.999998e-01 5.727043e-04 2.755785e-02 3.335382e-03 -5.733488e-04 9.999943e-01 -4.819445e-01
9.999997e-01 4.562586e-04 -6.069279e-04 1.221311e+00 -4.564335e-04 9.999999e-01 -2.880698e-04 4.154305e-02 6.067967e-04 2.883475e-04 9.999998e-01 4.411665e-02
9.999958e-01 -1.785941e-04 -2.876307e-03 1.058400e+00 1.801336e-04 9.999998e-01 5.349781e-04 3.938082e-02 2.876210e-03 -5.354947e-04 9.999957e-01 5.847463e-01
9.999999e-01 4.505874e-04 -2.268822e-04 1.043865e+00 -4.506552e-04 9.999999e-01 -2.989615e-04 2.382713e-02 2.267478e-04 2.990644e-04 9.999999e-01 1.279942e+00
9.999965e-01 -7.006544e-05 -2.630374e-03 1.091489e+00 7.132973e-05 9.999999e-01 4.805734e-04 -1.152409e-04 2.630339e-03 -4.807601e-04 9.999964e-01 2.216359e+00
9.999998e-01 5.135054e-04 -3.549159e-04 1.269181e+00 -5.135815e-04 9.999998e-01 -2.144819e-04 -2.847912e-02 3.548061e-04 2.146648e-04 9.999999e-01 3.139218e+00
9.999963e-01 -7.361566e-05 -2.711513e-03 1.204970e+00 7.479378e-05 9.999999e-01 4.344034e-04 -4.225748e-02 2.711480e-03 -4.346053e-04 9.999962e-01 4.259808e+00
9.999996e-01 5.544720e-04 -7.305176e-04 9.389166e-01 -5.546456e-04 9.999998e-01 -2.375097e-04 -4.078208e-02 7.303861e-04 2.379155e-04 9.999997e-01 5.495701e+00
9.999954e-01 -1.270009e-05 -3.045955e-03 5.963579e-01 1.428925e-05 9.999999e-01 5.217174e-04 -2.805356e-02 3.045948e-03 -5.217592e-04 9.999952e-01 6.703802e+00
9.999998e-01 3.254126e-04 -6.140363e-04 1.110578e+00 -3.254949e-04 9.999999e-01 -1.340295e-04 -4.559128e-02 6.139930e-04 1.342300e-04 9.999998e-01 7.375054e+00
9.999947e-01 -4.923358e-04 -3.208761e-03 2.125397e+00 4.947838e-04 9.999996e-01 7.621743e-04 -4.473869e-02 3.208384e-03 -7.637587e-04 9.999946e-01 7.013001e+00
9.999996e-01 6.184034e-04 -7.010227e-04 2.441825e+00 -6.186474e-04 9.999997e-01 -3.478454e-04 -3.798631e-02 7.008077e-04 3.482797e-04 9.999997e-01 6.996287e+00
9.999964e-01 -2.552308e-04 -2.676681e-03 2.734277e+00 2.572486e-04 9.999997e-01 7.535434e-04 -5.313714e-02 2.676487e-03 -7.542299e-04 9.999961e-01 7.842499e+00
9.999995e-01 8.843617e-04 -4.630267e-04 2.841062e+00 -8.845757e-04 9.999995e-01 -4.623668e-04 -6.917661e-02 4.626179e-04 4.627769e-04 9.999998e-01 9.135906e+00
9.999963e-01 -4.087210e-04 -2.682833e-03 2.608468e+00 4.104039e-04 9.999997e-01 6.267735e-04 -7.244449e-02 2.682576e-03 -6.278730e-04 9.999962e-01 1.044592e+01
9.999996e-01 8.890762e-04 -2.665479e-04 2.552854e+00 -8.892077e-04 9.999995e-01 -4.938752e-04 -9.074933e-02 2.661090e-04 4.941127e-04 9.999998e-01 1.171917e+01
9.999949e-01 -5.638301e-04 -3.133071e-03 2.407487e+00 5.660668e-04 9.999996e-01 7.130797e-04 -9.588372e-02 3.132667e-03 -7.148503e-04 9.999948e-01 1.254717e+01
9.999996e-01 9.243390e-04 -1.462146e-04 2.262079e+00 -9.244137e-04 9.999994e-01 -5.118186e-04 -1.008418e-01 1.457417e-04 5.119542e-04 9.999999e-01 1.346862e+01
9.999962e-01 -3.251038e-04 -2.751893e-03 2.320479e+00 3.270193e-04 9.999997e-01 6.956572e-04 -1.258288e-01 2.751665e-03 -6.965552e-04 9.999960e-01 1.485545e+01
9.999994e-01 1.093256e-03 -3.172056e-04 2.459360e+00 -1.093397e-03 9.999993e-01 -4.426215e-04 -1.505782e-01 3.167218e-04 4.429687e-04 9.999999e-01 1.645345e+01
9.999941e-01 -5.492311e-04 -3.382783e-03 2.806976e+00 5.517608e-04 9.999996e-01 7.469391e-04 -1.570348e-01 3.382371e-03 -7.488019e-04 9.999940e-01 1.780185e+01
9.999994e-01 1.018822e-03 -3.016229e-04 3.665353e+00 -1.018914e-03 9.999994e-01 -3.063211e-04 -1.746680e-01 3.013110e-04 3.066289e-04 9.999999e-01 1.883454e+01
9.999963e-01 -2.318580e-04 -2.709885e-03 3.778505e+00 2.332435e-04 9.999998e-01 5.109969e-04 -2.007803e-01 2.709766e-03 -5.116278e-04 9.999962e-01 2.046494e+01
9.999993e-01 1.026146e-03 -5.735865e-04 3.777531e+00 -1.026319e-03 9.999994e-01 -3.008541e-04 -2.152905e-01 5.732778e-04 3.014433e-04 9.999998e-01 2.212549e+01
9.999966e-01 -3.301807e-04 -2.576640e-03 4.291255e+00 3.316831e-04 9.999998e-01 5.827245e-04 -2.517669e-01 2.576447e-03 -5.835779e-04 9.999965e-01 2.357822e+01
9.999994e-01 1.025249e-03 -4.042184e-04 4.634324e+00 -1.025403e-03 9.999994e-01 -3.804340e-04 -2.894797e-01 4.038285e-04 3.808489e-04 9.999998e-01 2.499995e+01
9.999965e-01 -3.045014e-04 -2.611344e-03 4.905169e+00 3.062169e-04 9.999997e-01 6.565774e-04 -3.226509e-01 2.611143e-03 -6.573755e-04 9.999964e-01 2.647927e+01
9.999995e-01 9.495430e-04 -3.700265e-04 4.921700e+00 -9.497224e-04 9.999994e-01 -4.851236e-04 -3.421084e-01 3.695660e-04 4.854755e-04 9.999998e-01 2.787581e+01
9.999967e-01 -4.319811e-04 -2.550386e-03 4.995075e+00 4.337113e-04 9.999997e-01 6.779528e-04 -3.663650e-01 2.550092e-03 -6.790574e-04 9.999965e-01 2.903510e+01
9.999994e-01 9.604956e-04 -5.193597e-04 5.284951e+00 -9.607025e-04 9.999995e-01 -3.985467e-04 -3.972192e-01 5.189770e-04 3.990461e-04 9.999998e-01 3.013516e+01
9.999966e-01 -5.355446e-04 -2.535606e-03 5.460792e+00 5.372278e-04 9.999996e-01 6.632299e-04 -4.210173e-01 2.535249e-03 -6.645906e-04 9.999966e-01 3.103490e+01
9.999994e-01 9.739436e-04 -4.728132e-04 5.484790e+00 -9.741500e-04 9.999994e-01 -4.365831e-04 -4.398106e-01 4.723881e-04 4.370442e-04 9.999998e-01 3.201894e+01
9.999961e-01 -6.156924e-04 -2.741857e-03 5.397001e+00 6.174741e-04 9.999996e-01 6.490243e-04 -4.488927e-01 2.741456e-03 -6.507155e-04 9.999960e-01 3.285883e+01
9.999993e-01 8.675646e-04 -8.202470e-04 5.173649e+00 -8.678396e-04 9.999996e-01 -3.350775e-04 -4.484720e-01 8.199563e-04 3.357899e-04 9.999996e-01 3.329305e+01
9.999965e-01 -5.716971e-04 -2.582541e-03 5.041047e+00 5.733125e-04 9.999996e-01 6.248427e-04 -4.536638e-01 2.582183e-03 -6.263218e-04 9.999965e-01 3.384275e+01
9.999992e-01 9.236510e-04 -8.808382e-04 4.880282e+00 -9.239785e-04 9.999995e-01 -3.714635e-04 -4.563924e-01 8.804950e-04 3.722778e-04 9.999995e-01 3.456575e+01
9.999950e-01 -6.407896e-04 -3.083064e-03 4.373961e+00 6.430653e-04 9.999995e-01 7.372202e-04 -4.419730e-01 3.082590e-03 -7.391999e-04 9.999950e-01 3.478153e+01
9.999994e-01 8.925295e-04 -6.955559e-04 3.956091e+00 -8.927898e-04 9.999995e-01 -3.741391e-04 -4.335418e-01 6.952219e-04 3.747605e-04 9.999997e-01 3.492185e+01
9.999953e-01 -6.531429e-04 -3.003638e-03 3.591020e+00 6.552810e-04 9.999995e-01 7.109391e-04 -4.272167e-01 3.003172e-03 -7.129047e-04 9.999952e-01 3.519642e+01
9.999993e-01 9.038691e-04 -7.691661e-04 3.176916e+00 -9.041490e-04 9.999995e-01 -3.637653e-04 -4.183653e-01 7.688373e-04 3.644612e-04 9.999996e-01 3.541530e+01
9.999971e-01 -6.129017e-04 -2.327859e-03 3.239265e+00 6.143616e-04 9.999996e-01 6.265229e-04 -4.369446e-01 2.327474e-03 -6.279519e-04 9.999971e-01 3.607152e+01
9.999992e-01 8.620258e-04 -9.159901e-04 3.235157e+00 -8.623503e-04 9.999996e-01 -3.539803e-04 -4.499732e-01 9.156849e-04 3.547706e-04 9.999995e-01 3.662796e+01
9.999962e-01 -6.498748e-04 -2.665569e-03 2.991086e+00 6.516282e-04 9.999996e-01 6.570129e-04 -4.486170e-01 2.665141e-03 -6.587481e-04 9.999962e-01 3.696568e+01
9.999993e-01 8.374268e-04 -7.864872e-04 3.062227e+00 -8.377019e-04 9.999996e-01 -3.495121e-04 -4.584338e-01 7.861945e-04 3.501714e-04 9.999996e-01 3.736360e+01
9.999966e-01 -5.585673e-04 -2.563540e-03 2.993851e+00 5.601214e-04 9.999997e-01 6.055864e-04 -4.671091e-01 2.563201e-03 -6.070210e-04 9.999965e-01 3.796547e+01
9.999990e-01 8.047139e-04 -1.190314e-03 2.607865e+00 -8.050250e-04 9.999996e-01 -2.610163e-04 -4.593824e-01 1.190104e-03 2.619749e-04 9.999993e-01 3.821901e+01
9.999979e-01 -5.806366e-04 -1.947116e-03 2.552354e+00 5.816392e-04 9.999997e-01 5.144075e-04 -4.706974e-01 1.946817e-03 -5.155397e-04 9.999980e-01 3.886668e+01
9.999990e-01 8.697387e-04 -1.109084e-03 2.647796e+00 -8.700275e-04 9.999996e-01 -2.600013e-04 -4.926251e-01 1.108857e-03 2.609667e-04 9.999994e-01 3.947234e+01
9.999974e-01 -7.477982e-04 -2.161374e-03 3.106361e+00 7.492037e-04 9.999995e-01 6.496038e-04 -5.108586e-01 2.160886e-03 -6.512221e-04 9.999975e-01 3.972157e+01
9.999992e-01 1.018418e-03 -7.164037e-04 3.170680e+00 -1.018688e-03 9.999994e-01 -3.769062e-04 -5.334172e-01 7.160197e-04 3.776364e-04 9.999997e-01 4.045282e+01
9.999969e-01 -7.272895e-04 -2.361927e-03 3.100572e+00 7.286992e-04 9.999996e-01 5.960759e-04 -5.483502e-01 2.361492e-03 -5.977959e-04 9.999970e-01 4.141756e+01
9.999990e-01 9.204312e-04 -1.055048e-03 2.964058e+00 -9.207522e-04 9.999995e-01 -3.038883e-04 -5.599584e-01 1.054768e-03 3.048602e-04 9.999994e-01 4.163492e+01
9.999978e-01 -8.084436e-04 -1.957280e-03 3.138387e+00 8.097012e-04 9.999995e-01 6.418829e-04 -5.717731e-01 1.956760e-03 -6.434670e-04 9.999979e-01 4.167325e+01
9.999990e-01 9.246285e-04 -1.097725e-03 3.341905e+00 -9.250175e-04 9.999995e-01 -3.539572e-04 -5.868405e-01 1.097398e-03 3.549730e-04 9.999993e-01 4.190301e+01
9.999976e-01 -6.451518e-04 -2.080454e-03 3.935111e+00 6.467189e-04 9.999995e-01 7.527412e-04 -6.161023e-01 2.079967e-03 -7.540856e-04 9.999976e-01 4.252411e+01
9.999990e-01 9.596376e-04 -1.004262e-03 3.904906e+00 -9.601849e-04 9.999994e-01 -5.447249e-04 -6.304456e-01 1.003739e-03 5.456894e-04 9.999993e-01 4.328574e+01
9.999969e-01 -8.492816e-04 -2.338426e-03 3.989550e+00 8.513748e-04 9.999992e-01 8.943442e-04 -6.429862e-01 2.337664e-03 -8.963330e-04 9.999969e-01 4.338190e+01
9.999992e-01 1.023948e-03 -7.167508e-04 4.167397e+00 -1.024350e-03 9.999993e-01 -5.610718e-04 -6.620437e-01 7.161761e-04 5.618062e-04 9.999996e-01 4.360869e+01
9.999972e-01 -7.626937e-04 -2.253700e-03 4.270974e+00 7.645396e-04 9.999994e-01 8.183630e-04 -6.841885e-01 2.253074e-03 -8.200844e-04 9.999971e-01 4.422696e+01
9.999991e-01 9.869764e-04 -9.224049e-04 4.217506e+00 -9.874660e-04 9.999994e-01 -5.305410e-04 -6.978616e-01 9.218811e-04 5.314520e-04 9.999994e-01 4.470255e+01
9.999978e-01 -6.758326e-04 -1.987333e-03 4.251820e+00 6.773081e-04 9.999995e-01 7.419138e-04 -7.201593e-01 1.986830e-03 -7.432589e-04 9.999978e-01 4.555515e+01
9.999990e-01 9.516473e-04 -1.052283e-03 4.491369e+00 -9.521263e-04 9.999994e-01 -4.548961e-04 -7.479986e-01 1.051850e-03 4.558983e-04 9.999993e-01 4.618886e+01
9.999981e-01 -6.991068e-04 -1.804400e-03 4.678841e+00 7.004283e-04 9.999995e-01 7.319483e-04 -7.748727e-01 1.803887e-03 -7.332115e-04 9.999981e-01 4.676443e+01
9.999985e-01 9.470985e-04 -1.478546e-03 4.616810e+00 -9.478138e-04 9.999994e-01 -4.832336e-04 -7.855467e-01 1.478088e-03 4.846349e-04 9.999988e-01 4.741884e+01
9.999981e-01 -8.175832e-04 -1.790144e-03 4.627247e+00 8.190165e-04 9.999993e-01 8.001317e-04 -7.984125e-01 1.789488e-03 -8.015970e-04 9.999981e-01 4.755254e+01
9.999983e-01 1.052375e-03 -1.495739e-03 4.567046e+00 -1.053136e-03 9.999993e-01 -5.078574e-04 -8.109728e-01 1.495204e-03 5.094324e-04 9.999988e-01 4.796601e+01
9.999978e-01 -7.975575e-04 -1.931783e-03 4.410395e+00 7.990957e-04 9.999994e-01 7.956646e-04 -8.180789e-01 1.931147e-03 -7.972073e-04 9.999978e-01 4.843479e+01
9.999976e-01 1.054639e-03 -1.901687e-03 4.002709e+00 -1.055430e-03 9.999994e-01 -4.146380e-04 -8.118102e-01 1.901249e-03 4.166448e-04 9.999981e-01 4.860152e+01
9.999982e-01 -8.248825e-04 -1.727677e-03 3.703771e+00 8.262150e-04 9.999994e-01 7.707070e-04 -8.116096e-01 1.727039e-03 -7.721337e-04 9.999982e-01 4.876084e+01
9.999982e-01 1.111854e-03 -1.540674e-03 3.674358e+00 -1.112632e-03 9.999993e-01 -5.044009e-04 -8.241967e-01 1.540113e-03 5.061149e-04 9.999987e-01 4.938947e+01
9.999984e-01 -8.358633e-04 -1.554087e-03 3.675723e+00 8.370135e-04 9.999994e-01 7.396825e-04 -8.403418e-01 1.553468e-03 -7.409829e-04 9.999985e-01 5.005114e+01
9.999980e-01 1.132481e-03 -1.648336e-03 3.675139e+00 -1.133251e-03 9.999992e-01 -4.666704e-04 -8.556236e-01 1.647807e-03 4.685382e-04 9.999985e-01 5.074841e+01
9.999979e-01 -8.323954e-04 -1.881152e-03 3.450828e+00 8.337739e-04 9.999994e-01 7.322199e-04 -8.564270e-01 1.880541e-03 -7.337875e-04 9.999980e-01 5.141435e+01
9.999981e-01 1.180896e-03 -1.521187e-03 3.336924e+00 -1.181607e-03 9.999992e-01 -4.665274e-04 -8.626940e-01 1.520635e-03 4.683247e-04 9.999987e-01 5.221119e+01
9.999980e-01 -9.044036e-04 -1.797473e-03 3.600088e+00 9.058814e-04 9.999993e-01 8.215706e-04 -8.814915e-01 1.796729e-03 -8.231979e-04 9.999980e-01 5.279277e+01
9.999984e-01 1.086740e-03 -1.445617e-03 3.999891e+00 -1.087290e-03 9.999993e-01 -3.803320e-04 -9.031674e-01 1.445203e-03 3.819039e-04 9.999989e-01 5.322134e+01
9.999983e-01 -8.050194e-04 -1.683860e-03 4.185570e+00 8.061694e-04 9.999994e-01 6.824698e-04 -9.244854e-01 1.683309e-03 -6.838268e-04 9.999983e-01 5.384681e+01
9.999985e-01 9.946217e-04 -1.447709e-03 4.288241e+00 -9.951537e-04 9.999994e-01 -3.668745e-04 -9.402233e-01 1.447344e-03 3.683153e-04 9.999989e-01 5.420582e+01
9.999981e-01 -7.182173e-04 -1.835862e-03 4.225980e+00 7.193966e-04 9.999995e-01 6.418617e-04 -9.501773e-01 1.835400e-03 -6.431818e-04 9.999981e-01 5.483439e+01
9.999983e-01 1.025610e-03 -1.519983e-03 4.122597e+00 -1.026226e-03 9.999994e-01 -4.048476e-04 -9.565121e-01 1.519568e-03 4.064074e-04 9.999988e-01 5.554037e+01
9.999982e-01 -8.105994e-04 -1.728143e-03 4.268074e+00 8.118586e-04 9.999994e-01 7.281253e-04 -9.732749e-01 1.727552e-03 -7.295277e-04 9.999982e-01 5.598846e+01
9.999979e-01 1.004803e-03 -1.808279e-03 4.045981e+00 -1.005471e-03 9.999994e-01 -3.682033e-04 -9.741787e-01 1.807908e-03 3.700214e-04 9.999983e-01 5.610537e+01
9.999986e-01 -8.026992e-04 -1.478343e-03 4.119529e+00 8.036963e-04 9.999994e-01 6.740689e-04 -9.875110e-01 1.477800e-03 -6.752568e-04 9.999987e-01 5.650824e+01
9.999977e-01 1.173632e-03 -1.802724e-03 4.825595e+00 -1.173838e-03 9.999993e-01 -1.135101e-04 -1.019726e+00 1.802590e-03 1.156266e-04 9.999984e-01 5.732053e+01
9.999999e-01 -1.811456e-04 -4.946334e-04 5.120688e+00 1.812828e-04 9.999999e-01 2.775547e-04 -1.067285e+00 4.945828e-04 -2.776450e-04 9.999998e-01 5.936475e+01
9.999977e-01 1.186436e-03 -1.789555e-03 5.432671e+00 -1.186792e-03 9.999993e-01 -1.981238e-04 -1.117479e+00 1.789319e-03 2.002479e-04 9.999984e-01 6.138599e+01
9.999998e-01 -1.101590e-04 -5.995929e-04 5.785778e+00 1.103723e-04 9.999999e-01 3.560250e-04 -1.168200e+00 5.995534e-04 -3.560918e-04 9.999998e-01 6.354994e+01
9.999971e-01 1.302136e-03 -2.008131e-03 6.377719e+00 -1.302366e-03 9.999991e-01 -1.133666e-04 -1.224636e+00 2.007982e-03 1.159823e-04 9.999980e-01 6.574758e+01
9.999997e-01 -2.442722e-04 -7.327068e-04 6.733682e+00 2.445042e-04 9.999999e-01 3.167634e-04 -1.264830e+00 7.326291e-04 -3.169432e-04 9.999997e-01 6.794380e+01
9.999975e-01 1.295856e-03 -1.831473e-03 7.070821e+00 -1.296119e-03 9.999991e-01 -1.422754e-04 -1.311689e+00 1.831287e-03 1.446495e-04 9.999983e-01 7.001782e+01
9.999992e-01 -4.378440e-04 -1.227902e-03 7.051812e+00 4.382193e-04 9.999999e-01 3.054856e-04 -1.329503e+00 1.227767e-03 -3.060241e-04 9.999992e-01 7.186032e+01
9.999977e-01 1.061358e-03 -1.852216e-03 7.488457e+00 -1.061560e-03 9.999994e-01 -1.077887e-04 -1.369213e+00 1.852101e-03 1.097554e-04 9.999983e-01 7.315657e+01
9.999984e-01 -8.275596e-04 -1.564295e-03 8.267140e+00 8.284441e-04 9.999995e-01 5.650011e-04 -1.402057e+00 1.563826e-03 -5.662969e-04 9.999986e-01 7.377897e+01
9.999980e-01 8.079682e-04 -1.820276e-03 8.706227e+00 -8.083333e-04 9.999997e-01 -1.999329e-04 -1.412816e+00 1.820114e-03 2.014046e-04 9.999983e-01 7.370266e+01
9.999980e-01 -9.058025e-04 -1.803116e-03 9.301968e+00 9.069975e-04 9.999994e-01 6.621173e-04 -1.419677e+00 1.802515e-03 -6.637520e-04 9.999982e-01 7.349469e+01
9.999977e-01 8.427940e-04 -1.971921e-03 1.035535e+01 -8.430389e-04 9.999996e-01 -1.234366e-04 -1.430810e+00 1.971817e-03 1.250994e-04 9.999980e-01 7.340616e+01
9.999983e-01 -9.015008e-04 -1.623660e-03 1.156422e+01 9.026707e-04 9.999993e-01 7.199939e-04 -1.445768e+00 1.623010e-03 -7.214590e-04 9.999984e-01 7.339871e+01
9.999980e-01 9.898321e-04 -1.725491e-03 1.216152e+01 -9.904984e-04 9.999994e-01 -3.854180e-04 -1.464014e+00 1.725109e-03 3.871271e-04 9.999984e-01 7.367197e+01
9.999978e-01 -1.042851e-03 -1.826524e-03 1.285964e+01 1.044294e-03 9.999991e-01 7.893180e-04 -1.476422e+00 1.825698e-03 -7.912244e-04 9.999980e-01 7.358348e+01
9.999979e-01 9.144091e-04 -1.851322e-03 1.359113e+01 -9.149534e-04 9.999995e-01 -2.932798e-04 -1.482076e+00 1.851054e-03 2.949738e-04 9.999982e-01 7.332761e+01
9.999983e-01 -9.395818e-04 -1.593854e-03 1.418326e+01 9.407448e-04 9.999993e-01 7.291605e-04 -1.495015e+00 1.593167e-03 -7.306594e-04 9.999985e-01 7.328034e+01
9.999978e-01 9.710451e-04 -1.849190e-03 1.483232e+01 -9.716342e-04 9.999995e-01 -3.177595e-04 -1.513449e+00 1.848881e-03 3.195563e-04 9.999982e-01 7.339900e+01
9.999982e-01 -9.498388e-04 -1.667458e-03 1.544412e+01 9.510991e-04 9.999993e-01 7.552904e-04 -1.531734e+00 1.666739e-03 -7.568757e-04 9.999983e-01 7.352822e+01
9.999983e-01 1.189511e-03 -1.420218e-03 1.570511e+01 -1.190154e-03 9.999992e-01 -4.521001e-04 -1.556735e+00 1.419679e-03 4.537903e-04 9.999989e-01 7.408293e+01
9.999978e-01 -1.046424e-03 -1.810179e-03 1.603437e+01 1.047844e-03 9.999991e-01 7.836877e-04 -1.580734e+00 1.809357e-03 -7.855834e-04 9.999981e-01 7.449325e+01
9.999973e-01 9.379644e-04 -2.145146e-03 1.743482e+01 -9.381221e-04 9.999996e-01 -7.257032e-05 -1.592880e+00 2.145077e-03 7.458324e-05 9.999977e-01 7.430239e+01
9.999983e-01 -9.301925e-04 -1.568562e-03 1.857088e+01 9.313193e-04 9.999993e-01 7.178861e-04 -1.609689e+00 1.567892e-03 -7.193465e-04 9.999985e-01 7.426248e+01
9.999978e-01 9.489319e-04 -1.853969e-03 1.975948e+01 -9.490647e-04 9.999995e-01 -7.082106e-05 -1.632696e+00 1.853901e-03 7.258114e-05 9.999983e-01 7.434750e+01
9.999983e-01 -9.881792e-04 -1.579393e-03 2.059076e+01 9.891194e-04 9.999993e-01 5.946958e-04 -1.646451e+00 1.578804e-03 -5.962577e-04 9.999986e-01 7.425632e+01
9.999974e-01 8.769919e-04 -2.106373e-03 2.154886e+01 -8.770167e-04 9.999996e-01 -1.095620e-05 -1.654461e+00 2.106363e-03 1.280420e-05 9.999978e-01 7.402227e+01
9.999985e-01 -9.683769e-04 -1.416114e-03 2.230287e+01 9.690765e-04 9.999994e-01 4.935873e-04 -1.661668e+00 1.415635e-03 -4.949596e-04 9.999989e-01 7.376610e+01
9.999976e-01 8.262821e-04 -2.030745e-03 2.305978e+01 -8.262060e-04 9.999997e-01 3.820065e-05 -1.665222e+00 2.030776e-03 -3.652204e-05 9.999979e-01 7.340390e+01
9.999984e-01 -9.381768e-04 -1.520073e-03 2.406033e+01 9.389347e-04 9.999994e-01 4.980201e-04 -1.675639e+00 1.519605e-03 -4.994473e-04 9.999987e-01 7.318186e+01
9.999977e-01 7.587666e-04 -2.021442e-03 2.494140e+01 -7.587508e-04 9.999997e-01 8.489055e-06 -1.677348e+00 2.021448e-03 -6.954563e-06 9.999980e-01 7.275195e+01
9.999984e-01 -9.387176e-04 -1.495427e-03 2.543332e+01 9.394376e-04 9.999994e-01 4.809476e-04 -1.671700e+00 1.494975e-03 -4.823524e-04 9.999988e-01 7.202215e+01
9.999974e-01 7.362676e-04 -2.139800e-03 2.642077e+01 -7.360508e-04 9.999997e-01 1.020378e-04 -1.673441e+00 2.139875e-03 -1.004619e-04 9.999977e-01 7.159780e+01
9.999984e-01 -9.105664e-04 -1.511403e-03 2.706372e+01 9.111685e-04 9.999995e-01 3.978262e-04 -1.666938e+00 1.511039e-03 -3.992034e-04 9.999988e-01 7.093291e+01
9.999972e-01 6.566743e-04 -2.259247e-03 2.781549e+01 -6.563306e-04 9.999998e-01 1.528100e-04 -1.658277e+00 2.259347e-03 -1.513261e-04 9.999974e-01 7.022351e+01
9.999980e-01 -9.955438e-04 -1.751205e-03 2.877043e+01 9.963253e-04 9.999994e-01 4.454999e-04 -1.643550e+00 1.750760e-03 -4.472445e-04 9.999984e-01 6.940433e+01
9.999970e-01 6.924197e-04 -2.356934e-03 3.015012e+01 -6.917120e-04 9.999997e-01 3.010305e-04 -1.637387e+00 2.357142e-03 -2.993986e-04 9.999972e-01 6.879810e+01
9.999987e-01 -9.523688e-04 -1.331939e-03 3.098796e+01 9.527019e-04 9.999995e-01 2.495562e-04 -1.627513e+00 1.331700e-03 -2.508255e-04 9.999991e-01 6.806053e+01
9.999965e-01 8.897876e-04 -2.472431e-03 3.235394e+01 -8.885580e-04 9.999995e-01 4.982877e-04 -1.638804e+00 2.472873e-03 -4.960883e-04 9.999968e-01 6.783621e+01
9.999991e-01 -1.092177e-03 -7.310287e-04 3.328905e+01 1.092143e-03 9.999994e-01 -4.615655e-05 -1.641898e+00 7.310783e-04 4.535742e-05 9.999997e-01 6.737422e+01
9.999961e-01 1.009556e-03 -2.620236e-03 3.347276e+01 -1.008104e-03 9.999993e-01 5.555425e-04 -1.630996e+00 2.620796e-03 -5.528982e-04 9.999964e-01 6.619047e+01
9.999987e-01 -1.222696e-03 -1.006206e-03 3.443619e+01 1.222706e-03 9.999993e-01 9.387456e-06 -1.631868e+00 1.006193e-03 -1.061844e-05 9.999995e-01 6.572445e+01
9.999958e-01 1.078380e-03 -2.694697e-03 3.573201e+01 -1.076523e-03 9.999992e-01 6.905116e-04 -1.640319e+00 2.695439e-03 -6.876071e-04 9.999961e-01 6.540964e+01
9.999982e-01 -1.269813e-03 -1.380155e-03 3.751491e+01 1.270086e-03 9.999992e-01 1.965808e-04 -1.647140e+00 1.379904e-03 -1.983340e-04 9.999990e-01 6.502654e+01
9.999966e-01 1.253971e-03 -2.279670e-03 3.911636e+01 -1.252620e-03 9.999990e-01 5.938644e-04 -1.663899e+00 2.280413e-03 -5.910061e-04 9.999972e-01 6.490433e+01
9.999983e-01 -1.471346e-03 -1.103479e-03 4.020415e+01 1.471338e-03 9.999989e-01 -7.897915e-06 -1.664436e+00 1.103489e-03 6.273615e-06 9.999994e-01 6.439649e+01
9.999966e-01 1.405893e-03 -2.206363e-03 4.035801e+01 -1.404797e-03 9.999989e-01 4.981519e-04 -1.656193e+00 2.207061e-03 -4.950500e-04 9.999974e-01 6.333551e+01
9.999969e-01 -1.811284e-03 -1.721995e-03 4.143630e+01 1.811503e-03 9.999984e-01 1.257605e-04 -1.645610e+00 1.721764e-03 -1.288802e-04 9.999985e-01 6.265544e+01
9.999966e-01 1.636341e-03 -2.041205e-03 4.303840e+01 -1.634978e-03 9.999984e-01 6.692085e-04 -1.651464e+00 2.042297e-03 -6.658682e-04 9.999977e-01 6.227083e+01
9.999969e-01 -1.792382e-03 -1.713495e-03 4.418773e+01 1.792269e-03 9.999984e-01 -6.731312e-05 -1.656160e+00 1.713612e-03 6.424117e-05 9.999985e-01 6.190677e+01
9.999965e-01 1.509779e-03 -2.194164e-03 4.606188e+01 -1.507984e-03 9.999985e-01 8.194783e-04 -1.657412e+00 2.195398e-03 -8.161659e-04 9.999973e-01 6.136943e+01
9.999981e-01 -1.620279e-03 -1.065046e-03 4.695906e+01 1.619940e-03 9.999986e-01 -3.188511e-04 -1.664896e+00 1.065561e-03 3.171245e-04 9.999994e-01 6.105750e+01
9.999968e-01 1.438741e-03 -2.057490e-03 4.741311e+01 -1.437161e-03 9.999987e-01 7.691019e-04 -1.663270e+00 2.058594e-03 -7.661418e-04 9.999976e-01 6.042736e+01
9.999981e-01 -1.507758e-03 -1.228173e-03 4.759315e+01 1.507386e-03 9.999988e-01 -3.032100e-04 -1.656222e+00 1.228629e-03 3.013574e-04 9.999992e-01 5.945301e+01
9.999925e-01 8.368029e-04 -3.780765e-03 4.989386e+01 -8.317626e-04 9.999988e-01 1.334473e-03 -1.626908e+00 3.781878e-03 -1.331318e-03 9.999920e-01 5.826082e+01
9.999992e-01 -1.206111e-03 -4.164433e-04 5.158178e+01 1.205860e-03 9.999991e-01 -6.023421e-04 -1.612673e+00 4.171691e-04 6.018388e-04 9.999997e-01 5.740853e+01
9.999950e-01 1.087294e-03 -2.966556e-03 5.192639e+01 -1.084144e-03 9.999988e-01 1.063075e-03 -1.612861e+00 2.967709e-03 -1.059853e-03 9.999950e-01 5.685692e+01
9.999991e-01 -8.919980e-04 -9.534535e-04 5.163741e+01 8.912930e-04 9.999993e-01 -7.394092e-04 -1.602884e+00 9.541121e-04 7.385580e-04 9.999993e-01 5.733308e+01
9.999945e-01 1.036395e-03 -3.140829e-03 5.149047e+01 -1.032947e-03 9.999989e-01 1.099126e-03 -1.596304e+00 3.141965e-03 -1.095875e-03 9.999945e-01 5.766796e+01
9.999989e-01 -1.277847e-03 -7.845704e-04 5.251730e+01 1.277460e-03 9.999991e-01 -4.930051e-04 -1.590560e+00 7.851994e-04 4.920016e-04 9.999996e-01 5.710059e+01
9.999954e-01 1.042268e-03 -2.861105e-03 5.327283e+01 -1.039331e-03 9.999989e-01 1.027556e-03 -1.583000e+00 2.862173e-03 -1.024577e-03 9.999954e-01 5.639282e+01
9.999991e-01 -1.258721e-03 -5.486880e-04 5.423472e+01 1.258428e-03 9.999991e-01 -5.347872e-04 -1.585972e+00 5.493603e-04 5.340955e-04 9.999997e-01 5.594249e+01
9.999963e-01 1.109131e-03 -2.489319e-03 5.491252e+01 -1.106660e-03 9.999989e-01 9.937789e-04 -1.590786e+00 2.490419e-03 -9.910197e-04 9.999964e-01 5.548310e+01
9.999989e-01 -1.282528e-03 -7.465602e-04 5.528085e+01 1.282132e-03 9.999990e-01 -5.301591e-04 -1.584173e+00 7.472391e-04 5.292007e-04 9.999996e-01 5.459231e+01
9.999959e-01 1.031017e-03 -2.672583e-03 5.572031e+01 -1.028196e-03 9.999989e-01 1.056797e-03 -1.570003e+00 2.673670e-03 -1.054044e-03 9.999959e-01 5.346732e+01
9.999991e-01 -1.124349e-03 -7.588016e-04 5.589696e+01 1.123940e-03 9.999992e-01 -5.392895e-04 -1.557989e+00 7.594070e-04 5.384355e-04 9.999996e-01 5.221848e+01
9.999954e-01 1.124663e-03 -2.823433e-03 5.589136e+01 -1.121494e-03 9.999987e-01 1.123431e-03 -1.543859e+00 2.824693e-03 -1.120259e-03 9.999954e-01 5.074277e+01
9.999991e-01 -1.254973e-03 -5.211998e-04 5.610778e+01 1.254665e-03 9.999990e-01 -5.889113e-04 -1.530160e+00 5.219381e-04 5.882561e-04 9.999997e-01 4.943343e+01
9.999938e-01 9.414896e-04 -3.396179e-03 5.733517e+01 -9.371781e-04 9.999988e-01 1.270827e-03 -1.523136e+00 3.397372e-03 -1.267636e-03 9.999934e-01 4.876502e+01
9.999994e-01 -1.060578e-03 3.398816e-05 5.754159e+01 1.060602e-03 9.999992e-01 -7.288875e-04 -1.507251e+00 -3.321539e-05 7.289224e-04 9.999997e-01 4.733201e+01
9.999933e-01 1.044932e-03 -3.519340e-03 5.758588e+01 -1.040259e-03 9.999986e-01 1.329338e-03 -1.491662e+00 3.520725e-03 -1.325667e-03 9.999929e-01 4.577557e+01
9.999993e-01 -1.183032e-03 7.540066e-05 5.782082e+01 1.183089e-03 9.999990e-01 -7.722104e-04 -1.476601e+00 -7.448733e-05 7.722984e-04 9.999997e-01 4.442425e+01
9.999931e-01 1.085226e-03 -3.545447e-03 5.807426e+01 -1.080802e-03 9.999986e-01 1.249523e-03 -1.467926e+00 3.546799e-03 -1.245682e-03 9.999929e-01 4.341784e+01
9.999995e-01 -1.030518e-03 1.002778e-04 5.808940e+01 1.030593e-03 9.999992e-01 -7.583788e-04 -1.464129e+00 -9.949648e-05 7.584811e-04 9.999997e-01 4.247833e+01
9.999932e-01 1.045857e-03 -3.526368e-03 5.814790e+01 -1.041465e-03 9.999987e-01 1.246816e-03 -1.456966e+00 3.527668e-03 -1.243134e-03 9.999930e-01 4.137459e+01
9.999994e-01 -1.076880e-03 1.377766e-04 5.825739e+01 1.076975e-03 9.999992e-01 -6.881135e-04 -1.442926e+00 -1.370358e-04 6.882607e-04 9.999998e-01 3.995687e+01
9.999928e-01 1.075843e-03 -3.649608e-03 5.830487e+01 -1.071165e-03 9.999986e-01 1.283531e-03 -1.423969e+00 3.650984e-03 -1.279612e-03 9.999925e-01 3.822294e+01
9.999993e-01 -1.150094e-03 3.041995e-04 5.848550e+01 1.150335e-03 9.999990e-01 -7.911916e-04 -1.413180e+00 -3.032895e-04 7.915403e-04 9.999996e-01 3.705506e+01
9.999928e-01 1.075942e-03 -3.645927e-03 5.865232e+01 -1.071023e-03 9.999985e-01 1.350769e-03 -1.400116e+00 3.647375e-03 -1.346854e-03 9.999924e-01 3.573769e+01
9.999995e-01 -9.604302e-04 -1.237456e-04 5.849298e+01 9.603315e-04 9.999992e-01 -7.931548e-04 -1.388431e+00 1.245070e-04 7.930349e-04 9.999997e-01 3.434922e+01
9.999930e-01 1.082937e-03 -3.586902e-03 5.830981e+01 -1.078079e-03 9.999985e-01 1.356129e-03 -1.378235e+00 3.588365e-03 -1.352251e-03 9.999926e-01 3.303462e+01
9.999992e-01 -1.173719e-03 3.902904e-04 5.865621e+01 1.174062e-03 9.999989e-01 -8.798295e-04 -1.374532e+00 -3.892576e-04 8.802864e-04 9.999995e-01 3.222247e+01
9.999912e-01 1.265534e-03 -4.005836e-03 5.852266e+01 -1.259857e-03 9.999982e-01 1.419191e-03 -1.366603e+00 4.007625e-03 -1.414131e-03 9.999910e-01 3.107414e+01
9.999993e-01 -1.163280e-03 3.599013e-04 5.837889e+01 1.163595e-03 9.999989e-01 -8.759426e-04 -1.357880e+00 -3.588822e-04 8.763600e-04 9.999996e-01 2.986843e+01
9.999923e-01 1.074254e-03 -3.766435e-03 5.858046e+01 -1.069044e-03 9.999985e-01 1.384881e-03 -1.349196e+00 3.767918e-03 -1.380843e-03 9.999919e-01 2.883745e+01
9.999996e-01 -9.382603e-04 9.659503e-05 5.838805e+01 9.383538e-04 9.999991e-01 -9.746318e-04 -1.341299e+00 -9.568077e-05 9.747213e-04 9.999995e-01 2.861645e+01
9.999933e-01 8.261849e-04 -3.570621e-03 5.868248e+01 -8.211291e-04 9.999987e-01 1.417138e-03 -1.341110e+00 3.571787e-03 -1.414196e-03 9.999926e-01 2.813123e+01
9.999994e-01 -1.071857e-03 -1.126378e-04 5.944192e+01 1.071759e-03 9.999991e-01 -8.624498e-04 -1.331402e+00 1.135618e-04 8.623279e-04 9.999996e-01 2.735626e+01
9.999936e-01 8.744994e-04 -3.476928e-03 6.010222e+01 -8.696491e-04 9.999986e-01 1.396206e-03 -1.320251e+00 3.478144e-03 -1.393172e-03 9.999930e-01 2.650138e+01
9.999995e-01 -9.490197e-04 9.471080e-05 6.036616e+01 9.491060e-04 9.999991e-01 -9.180383e-04 -1.310567e+00 -9.383976e-05 9.181271e-04 9.999996e-01 2.546593e+01
9.999934e-01 8.364914e-04 -3.545960e-03 6.065102e+01 -8.314975e-04 9.999987e-01 1.409518e-03 -1.303884e+00 3.547135e-03 -1.406560e-03 9.999927e-01 2.460089e+01
9.999995e-01 -9.434545e-04 4.091341e-04 6.111735e+01 9.438397e-04 9.999991e-01 -9.429143e-04 -1.304777e+00 -4.082444e-04 9.432993e-04 9.999995e-01 2.400908e+01
9.999933e-01 8.906537e-04 -3.557895e-03 6.185947e+01 -8.857905e-04 9.999987e-01 1.368167e-03 -1.318267e+00 3.559109e-03 -1.365006e-03 9.999927e-01 2.389954e+01
9.999996e-01 -7.135198e-04 6.126552e-04 6.249963e+01 7.141031e-04 9.999993e-01 -9.528517e-04 -1.345866e+00 -6.119752e-04 9.532881e-04 9.999994e-01 2.433444e+01
9.999929e-01 8.105579e-04 -3.673494e-03 6.260435e+01 -8.059017e-04 9.999989e-01 1.268745e-03 -1.355673e+00 3.674519e-03 -1.265775e-03 9.999924e-01 2.425161e+01
9.999997e-01 -6.998918e-04 1.072758e-04 6.250533e+01 6.999804e-04 9.999994e-01 -8.310583e-04 -1.353746e+00 -1.066944e-04 8.311325e-04 9.999996e-01 2.371525e+01
9.999924e-01 8.113100e-04 -3.810909e-03 6.233161e+01 -8.062004e-04 9.999988e-01 1.342076e-03 -1.348154e+00 3.811994e-03 -1.338992e-03 9.999918e-01 2.273530e+01
9.999997e-01 -7.729817e-04 2.687140e-04 6.237608e+01 7.732168e-04 9.999993e-01 -8.767181e-04 -1.350452e+00 -2.680364e-04 8.769249e-04 9.999996e-01 2.241045e+01
9.999920e-01 8.062436e-04 -3.928062e-03 6.259128e+01 -8.011280e-04 9.999988e-01 1.303673e-03 -1.355751e+00 3.929109e-03 -1.300515e-03 9.999914e-01 2.255435e+01
9.999996e-01 -8.466682e-04 3.750611e-04 6.306401e+01 8.469915e-04 9.999993e-01 -8.632085e-04 -1.362425e+00 -3.743303e-04 8.635251e-04 9.999996e-01 2.246465e+01
9.999905e-01 3.692654e-03 -2.323113e-03 6.449293e+01 -3.689260e-03 9.999921e-01 1.463408e-03 -1.487715e+00 2.328499e-03 -1.454823e-03 9.999962e-01 2.709790e+01
9.999934e-01 -1.637211e-03 3.239345e-03 6.556220e+01 1.644282e-03 9.999963e-01 -2.181389e-03 -1.618071e+00 -3.235762e-03 2.186700e-03 9.999924e-01 3.171736e+01
9.999776e-01 1.584227e-03 -6.497097e-03 6.575428e+01 -1.567069e-03 9.999953e-01 2.645138e-03 -1.614938e+00 6.501257e-03 -2.634897e-03 9.999754e-01 3.095465e+01
9.999940e-01 -1.762183e-03 2.989275e-03 6.613556e+01 1.768469e-03 9.999962e-01 -2.101409e-03 -1.609775e+00 -2.985561e-03 2.106682e-03 9.999933e-01 3.022535e+01
9.999785e-01 1.640102e-03 -6.343727e-03 6.668921e+01 -1.623888e-03 9.999954e-01 2.560167e-03 -1.614927e+00 6.347897e-03 -2.549810e-03 9.999766e-01 2.989850e+01
9.999941e-01 -1.685442e-03 3.007350e-03 6.690566e+01 1.691716e-03 9.999964e-01 -2.085046e-03 -1.611238e+00 -3.003825e-03 2.090121e-03 9.999933e-01 2.912955e+01
9.999769e-01 1.423730e-03 -6.648471e-03 6.742848e+01 -1.406122e-03 9.999955e-01 2.652296e-03 -1.598915e+00 6.652218e-03 -2.642885e-03 9.999744e-01 2.817711e+01
9.999950e-01 -1.679926e-03 2.686654e-03 6.854202e+01 1.685355e-03 9.999965e-01 -2.019818e-03 -1.588485e+00 -2.683252e-03 2.024335e-03 9.999944e-01 2.749913e+01
9.999800e-01 1.482344e-03 -6.145140e-03 6.933173e+01 -1.466448e-03 9.999956e-01 2.590498e-03 -1.586152e+00 6.148953e-03 -2.581434e-03 9.999778e-01 2.693092e+01
9.999953e-01 -1.673032e-03 2.576109e-03 7.017939e+01 1.678283e-03 9.999965e-01 -2.037446e-03 -1.585164e+00 -2.572692e-03 2.041759e-03 9.999946e-01 2.641884e+01
9.999795e-01 1.630502e-03 -6.193460e-03 7.120818e+01 -1.613721e-03 9.999950e-01 2.713578e-03 -1.595845e+00 6.197854e-03 -2.703527e-03 9.999771e-01 2.620869e+01
9.999948e-01 -1.629325e-03 2.798304e-03 7.255884e+01 1.634833e-03 9.999967e-01 -1.967147e-03 -1.618200e+00 -2.795090e-03 1.971711e-03 9.999941e-01 2.627706e+01
9.999800e-01 2.571142e-03 -5.784592e-03 7.320718e+01 -2.556831e-03 9.999937e-01 2.479908e-03 -1.671611e+00 5.790932e-03 -2.465068e-03 9.999802e-01 2.769825e+01
9.999921e-01 -1.759674e-03 3.551328e-03 7.389889e+01 1.768045e-03 9.999957e-01 -2.355494e-03 -1.733976e+00 -3.547168e-03 2.361753e-03 9.999909e-01 2.931965e+01
9.999754e-01 1.640741e-03 -6.821079e-03 7.419395e+01 -1.621366e-03 9.999946e-01 2.844898e-03 -1.727729e+00 6.825711e-03 -2.833768e-03 9.999727e-01 2.849646e+01
9.999932e-01 -1.587188e-03 3.341655e-03 7.414285e+01 1.594840e-03 9.999961e-01 -2.288566e-03 -1.715989e+00 -3.338010e-03 2.293880e-03 9.999918e-01 2.719148e+01
9.999748e-01 1.311139e-03 -6.974203e-03 7.479885e+01 -1.291041e-03 9.999950e-01 2.885419e-03 -1.702340e+00 6.977952e-03 -2.876342e-03 9.999715e-01 2.622496e+01
9.999945e-01 -1.442821e-03 2.995603e-03 7.617166e+01 1.449284e-03 9.999966e-01 -2.156332e-03 -1.707484e+00 -2.992482e-03 2.160661e-03 9.999932e-01 2.587695e+01
9.999787e-01 1.445404e-03 -6.361027e-03 7.733015e+01 -1.427683e-03 9.999951e-01 2.789397e-03 -1.730110e+00 6.365028e-03 -2.780255e-03 9.999759e-01 2.594761e+01
9.999943e-01 -1.599399e-03 2.963514e-03 7.851733e+01 1.605720e-03 9.999964e-01 -2.131910e-03 -1.737777e+00 -2.960093e-03 2.136656e-03 9.999933e-01 2.561698e+01
9.999775e-01 1.370244e-03 -6.570337e-03 7.905081e+01 -1.352258e-03 9.999953e-01 2.741073e-03 -1.720481e+00 6.574063e-03 -2.732126e-03 9.999747e-01 2.440374e+01
9.999941e-01 -1.550706e-03 3.080759e-03 7.943493e+01 1.557494e-03 9.999964e-01 -2.202124e-03 -1.709042e+00 -3.077333e-03 2.206908e-03 9.999928e-01 2.338136e+01
9.999750e-01 1.321827e-03 -6.950762e-03 8.051864e+01 -1.302053e-03 9.999951e-01 2.848639e-03 -1.706942e+00 6.954494e-03 -2.839517e-03 9.999718e-01 2.287455e+01
9.999940e-01 -1.343058e-03 3.207109e-03 8.212933e+01 1.349507e-03 9.999971e-01 -2.009633e-03 -1.727170e+00 -3.204400e-03 2.013949e-03 9.999928e-01 2.283887e+01
9.999775e-01 1.531046e-03 -6.525685e-03 8.350574e+01 -1.513487e-03 9.999952e-01 2.694891e-03 -1.757322e+00 6.529780e-03 -2.684953e-03 9.999751e-01 2.334098e+01
9.999938e-01 -1.303413e-03 3.278257e-03 8.414929e+01 1.311233e-03 9.999963e-01 -2.384486e-03 -1.762839e+00 -3.275137e-03 2.388769e-03 9.999918e-01 2.408306e+01
9.999858e-01 2.702429e-03 -4.595655e-03 8.437048e+01 -2.690355e-03 9.999929e-01 2.631322e-03 -1.819693e+00 4.602734e-03 -2.618920e-03 9.999860e-01 2.732733e+01
9.999934e-01 -1.388135e-03 3.352962e-03 8.433512e+01 1.398149e-03 9.999946e-01 -2.986142e-03 -1.863840e+00 -3.348799e-03 2.990809e-03 9.999899e-01 3.063103e+01
9.999691e-01 1.789626e-03 -7.653886e-03 8.352394e+01 -1.760028e-03 9.999910e-01 3.871986e-03 -1.798415e+00 7.660747e-03 -3.858395e-03 9.999632e-01 2.934912e+01
9.999910e-01 -1.627996e-03 3.907164e-03 8.337726e+01 1.640672e-03 9.999934e-01 -3.243368e-03 -1.762048e+00 -3.901858e-03 3.249748e-03 9.999871e-01 2.808965e+01
9.999704e-01 1.698370e-03 -7.504851e-03 8.459727e+01 -1.669038e-03 9.999910e-01 3.913003e-03 -1.783074e+00 7.511429e-03 -3.900361e-03 9.999642e-01 2.812603e+01
9.999911e-01 -1.497412e-03 3.956484e-03 8.649352e+01 1.509629e-03 9.999941e-01 -3.086708e-03 -1.829025e+00 -3.951839e-03 3.092652e-03 9.999874e-01 2.867694e+01
9.999730e-01 1.723539e-03 -7.147750e-03 8.856084e+01 -1.694740e-03 9.999904e-01 4.033173e-03 -1.876205e+00 7.154633e-03 -4.020950e-03 9.999663e-01 2.924619e+01
9.999867e-01 2.561066e-04 5.150161e-03 8.962652e+01 -2.380356e-04 9.999938e-01 -3.509181e-03 -1.976572e+00 -5.151028e-03 3.507907e-03 9.999806e-01 3.252944e+01
9.999811e-01 1.218064e-03 -6.034112e-03 9.079307e+01 -1.198113e-03 9.999938e-01 3.308869e-03 -2.083317e+00 6.038105e-03 -3.301576e-03 9.999763e-01 3.560175e+01
9.999966e-01 -1.286865e-03 2.288765e-03 9.337103e+01 1.291865e-03 9.999968e-01 -2.184398e-03 -2.107333e+00 -2.285947e-03 2.187346e-03 9.999950e-01 3.555864e+01
9.999809e-01 1.111555e-03 -6.081675e-03 9.525017e+01 -1.092902e-03 9.999947e-01 3.069463e-03 -2.116586e+00 6.085055e-03 -3.062757e-03 9.999768e-01 3.522466e+01
9.999966e-01 -1.157243e-03 2.317163e-03 9.659618e+01 1.162682e-03 9.999966e-01 -2.347219e-03 -2.131245e+00 -2.314439e-03 2.349905e-03 9.999946e-01 3.515397e+01
9.999835e-01 1.115042e-03 -5.640618e-03 9.767502e+01 -1.098944e-03 9.999953e-01 2.856233e-03 -2.150570e+00 5.643776e-03 -2.849987e-03 9.999800e-01 3.524295e+01
9.999973e-01 -1.002866e-03 2.078089e-03 9.940211e+01 1.007287e-03 9.999972e-01 -2.127964e-03 -2.183675e+00 -2.075949e-03 2.130051e-03 9.999956e-01 3.558245e+01
9.999846e-01 1.065628e-03 -5.438019e-03 1.014518e+02 -1.049200e-03 9.999949e-01 3.022769e-03 -2.216436e+00 5.441213e-03 -3.017017e-03 9.999806e-01 3.583537e+01
9.999967e-01 -1.153918e-03 2.290097e-03 1.026843e+02 1.159443e-03 9.999964e-01 -2.412905e-03 -2.227932e+00 -2.287305e-03 2.415551e-03 9.999945e-01 3.560899e+01
9.999824e-01 1.244848e-03 -5.797628e-03 1.037049e+02 -1.227201e-03 9.999946e-01 3.046311e-03 -2.251022e+00 5.801389e-03 -3.039142e-03 9.999786e-01 3.575160e+01
9.999965e-01 -1.235781e-03 2.327684e-03 1.051189e+02 1.241178e-03 9.999965e-01 -2.318512e-03 -2.271835e+00 -2.324811e-03 2.321392e-03 9.999946e-01 3.579216e+01
9.999824e-01 1.337137e-03 -5.774561e-03 1.064509e+02 -1.319617e-03 9.999945e-01 3.036751e-03 -2.299807e+00 5.778591e-03 -3.029077e-03 9.999787e-01 3.602675e+01
9.999966e-01 -1.196008e-03 2.296319e-03 1.077871e+02 1.201300e-03 9.999966e-01 -2.304590e-03 -2.329723e+00 -2.293555e-03 2.307340e-03 9.999947e-01 3.631360e+01
9.999824e-01 1.629557e-03 -5.707671e-03 1.095618e+02 -1.611630e-03 9.999938e-01 3.144000e-03 -2.381410e+00 5.712759e-03 -3.134745e-03 9.999788e-01 3.724270e+01
9.999981e-01 -1.514446e-03 1.198574e-03 1.123849e+02 1.516775e-03 9.999970e-01 -1.945368e-03 -2.422729e+00 -1.195624e-03 1.947181e-03 9.999974e-01 3.777311e+01
9.999832e-01 1.522090e-03 -5.598866e-03 1.150832e+02 -1.504656e-03 9.999940e-01 3.116812e-03 -2.446033e+00 5.603577e-03 -3.108334e-03 9.999795e-01 3.786475e+01
9.999968e-01 -8.928431e-04 2.385453e-03 1.170088e+02 8.982721e-04 9.999970e-01 -2.275857e-03 -2.512601e+00 -2.383414e-03 2.277992e-03 9.999946e-01 3.921021e+01
9.999835e-01 1.124692e-03 -5.628836e-03 1.189176e+02 -1.107863e-03 9.999949e-01 2.991997e-03 -2.564417e+00 5.632173e-03 -2.985711e-03 9.999797e-01 3.998986e+01
9.999980e-01 -1.676232e-03 -1.044155e-03 1.232431e+02 1.674942e-03 9.999978e-01 -1.234660e-03 -2.559905e+00 1.046222e-03 1.232909e-03 9.999987e-01 3.918106e+01
9.999938e-01 1.464940e-03 -3.203860e-03 1.268779e+02 -1.456070e-03 9.999951e-01 2.769135e-03 -2.583708e+00 3.207901e-03 -2.764452e-03 9.999910e-01 3.904876e+01
9.999980e-01 -1.780093e-03 -9.351960e-04 1.290201e+02 1.778364e-03 9.999967e-01 -1.846115e-03 -2.588332e+00 9.384789e-04 1.844447e-03 9.999979e-01 3.857396e+01
9.999954e-01 1.561223e-03 -2.614908e-03 1.301015e+02 -1.554977e-03 9.999959e-01 2.388846e-03 -2.592841e+00 2.618627e-03 -2.384768e-03 9.999937e-01 3.816155e+01
9.999978e-01 -1.769960e-03 -1.097747e-03 1.312618e+02 1.767887e-03 9.999967e-01 -1.886612e-03 -2.593933e+00 1.101082e-03 1.884667e-03 9.999976e-01 3.774561e+01
9.999942e-01 1.704119e-03 -2.932274e-03 1.327580e+02 -1.696455e-03 9.999951e-01 2.613847e-03 -2.612364e+00 2.936715e-03 -2.608856e-03 9.999923e-01 3.773479e+01
9.999982e-01 -1.833195e-03 -3.793277e-04 1.338806e+02 1.832446e-03 9.999964e-01 -1.966985e-03 -2.622840e+00 3.829319e-04 1.966286e-03 9.999980e-01 3.751915e+01
9.999938e-01 1.790154e-03 -3.029541e-03 1.339968e+02 -1.782794e-03 9.999955e-01 2.430278e-03 -2.619996e+00 3.033878e-03 -2.424862e-03 9.999925e-01 3.680910e+01
9.999986e-01 -1.642098e-03 -2.394145e-04 1.344222e+02 1.641604e-03 9.999966e-01 -2.045898e-03 -2.635826e+00 2.427730e-04 2.045502e-03 9.999979e-01 3.714148e+01
9.999941e-01 1.803047e-03 -2.931365e-03 1.349942e+02 -1.795832e-03 9.999954e-01 2.461957e-03 -2.657836e+00 2.935790e-03 -2.456677e-03 9.999927e-01 3.762070e+01
9.999986e-01 -1.587547e-03 -5.102906e-04 1.360832e+02 1.586574e-03 9.999969e-01 -1.899616e-03 -2.694726e+00 5.133046e-04 1.898803e-03 9.999981e-01 3.822621e+01
9.999956e-01 1.773858e-03 -2.394359e-03 1.373156e+02 -1.767982e-03 9.999954e-01 2.453624e-03 -2.736654e+00 2.398700e-03 -2.449379e-03 9.999941e-01 3.886786e+01
9.999983e-01 -1.672947e-03 -7.793170e-04 1.382882e+02 1.671414e-03 9.999967e-01 -1.962976e-03 -2.763913e+00 7.825981e-04 1.961669e-03 9.999978e-01 3.919916e+01
9.999948e-01 1.703731e-03 -2.740535e-03 1.396147e+02 -1.696615e-03 9.999952e-01 2.596999e-03 -2.787017e+00 2.744947e-03 -2.592335e-03 9.999929e-01 3.932763e+01
