9.999950e-01 2.363823e-04 -3.147842e-03 -3.732726e-03 -2.355499e-04 9.999999e-01 2.648052e-04 -1.476727e-02 3.147904e-03 -2.640631e-04 9.999950e-01 5.285324e-01
1.000000e+00 5.201531e-05 1.693111e-04 5.674671e-03 -5.201526e-05 1.000000e+00 -1.881188e-07 -3.372603e-02 -1.693108e-04 1.800246e-07 1.000000e+00 1.270200e+00
9.999943e-01 1.902329e-04 -3.373796e-03 -8.162906e-02 -1.893768e-04 9.999999e-01 2.540840e-04 -4.383979e-02 3.373844e-03 -2.534443e-04 9.999943e-01 1.902237e+00
9.999999e-01 1.051026e-04 3.644490e-04 -6.035457e-02 -1.051045e-04 1.000000e+00 5.372990e-06 -6.231913e-02 -3.644481e-04 -5.410583e-06 9.999999e-01 2.612905e+00
9.999942e-01 1.530691e-04 -3.409174e-03 -3.515158e-02 -1.522028e-04 1.000000e+00 2.543784e-04 -8.075193e-02 3.409212e-03 -2.538587e-04 9.999942e-01 3.189658e+00
9.999999e-01 6.786982e-05 4.706969e-04 5.867649e-02 -6.788935e-05 1.000000e+00 4.155398e-05 -1.033516e-01 -4.706937e-04 -4.158522e-05 9.999999e-01 3.705480e+00
9.999937e-01 2.084836e-04 -3.534157e-03 9.556868e-02 -2.076120e-04 9.999999e-01 2.469970e-04 -1.195389e-01 3.534208e-03 -2.462625e-04 9.999937e-01 4.320997e+00
9.999998e-01 6.749394e-05 6.102266e-04 1.636570e-01 -6.751210e-05 1.000000e+00 2.979415e-05 -1.411110e-01 -6.102243e-04 -2.983463e-05 9.999998e-01 4.981095e+00
9.999921e-01 2.062026e-04 -3.963979e-03 -1.204308e-03 -2.052041e-04 9.999999e-01 2.523119e-04 -1.462278e-01 3.964030e-03 -2.514972e-04 9.999921e-01 5.610774e+00
9.999996e-01 7.209090e-05 8.456566e-04 -1.040736e-01 -7.206383e-05 1.000000e+00 -3.199843e-05 -1.552671e-01 -8.456586e-04 3.193819e-05 9.999996e-01 6.306696e+00
9.999919e-01 2.011573e-04 -4.015950e-03 -8.160726e-02 -1.997683e-04 9.999999e-01 3.462856e-04 -1.704701e-01 4.016019e-03 -3.454813e-04 9.999919e-01 6.899998e+00
9.999998e-01 1.148149e-04 5.710337e-04 -2.600291e-01 -1.147924e-04 1.000000e+00 -3.926366e-05 -1.739383e-01 -5.710379e-04 3.919881e-05 9.999998e-01 7.547793e+00
9.999910e-01 1.594043e-04 -4.239415e-03 -4.868722e-01 -1.575469e-04 9.999999e-01 4.384531e-04 -1.713406e-01 4.239485e-03 -4.377819e-04 9.999909e-01 7.846035e+00
9.999994e-01 1.977403e-04 1.084614e-03 -3.796266e-01 -1.976477e-04 1.000000e+00 -8.545009e-05 -1.868400e-01 -1.084630e-03 8.523637e-05 9.999994e-01 8.596128e+00
9.999893e-01 7.768609e-05 -4.634830e-03 -6.547836e-01 -7.581032e-05 9.999999e-01 4.048954e-04 -1.852655e-01 4.634861e-03 -4.045404e-04 9.999892e-01 9.105346e+00
9.999993e-01 2.012924e-04 1.154988e-03 -7.573473e-01 -2.012344e-04 1.000000e+00 -5.028780e-05 -1.913248e-01 -1.154998e-03 5.005605e-05 9.999993e-01 9.585080e+00
9.999874e-01 9.577147e-05 -5.010749e-03 -1.291234e+00 -9.351397e-05 9.999999e-01 4.507702e-04 -1.807654e-01 5.010791e-03 -4.502967e-04 9.999873e-01 9.695735e+00
9.999987e-01 1.289374e-04 1.621728e-03 -1.528971e+00 -1.288728e-04 1.000000e+00 -3.987420e-05 -1.826062e-01 -1.621733e-03 3.966587e-05 9.999987e-01 9.719718e+00
9.999858e-01 1.538283e-04 -5.328610e-03 -1.859078e+00 -1.512547e-04 9.999999e-01 4.833819e-04 -1.787383e-01 5.328683e-03 -4.825698e-04 9.999857e-01 9.963049e+00
9.999983e-01 1.258028e-04 1.830462e-03 -2.112264e+00 -1.256214e-04 1.000000e+00 -9.916081e-05 -1.765721e-01 -1.830475e-03 9.893141e-05 9.999983e-01 1.027344e+01
9.999873e-01 4.063389e-05 -5.040781e-03 -1.727068e+00 -3.842534e-05 9.999999e-01 4.382419e-04 -1.924855e-01 5.040798e-03 -4.380434e-04 9.999872e-01 1.070386e+01
9.999988e-01 8.422993e-05 1.556629e-03 -1.586019e+00 -8.432788e-05 1.000000e+00 6.289175e-05 -1.988942e-01 -1.556623e-03 -6.302223e-05 9.999988e-01 1.059706e+01
9.999879e-01 2.592774e-05 -4.916446e-03 -1.544580e+00 -2.386168e-05 9.999999e-01 4.203031e-04 -2.015068e-01 4.916456e-03 -4.201814e-04 9.999878e-01 1.032913e+01
9.999985e-01 -1.484300e-04 1.701960e-03 -9.792009e-01 1.483267e-04 1.000000e+00 6.088178e-05 -2.043061e-01 -1.701969e-03 -6.062853e-05 9.999985e-01 9.804169e+00
9.999886e-01 3.090075e-04 -4.769581e-03 -7.988571e-01 -3.072277e-04 9.999999e-01 3.739002e-04 -2.180672e-01 4.769696e-03 -3.724313e-04 9.999886e-01 9.963829e+00
9.999986e-01 -9.719560e-05 1.691057e-03 -6.956519e-01 9.718755e-05 1.000000e+00 4.870719e-06 -2.317057e-01 -1.691057e-03 -4.705651e-06 9.999986e-01 1.034605e+01
9.999891e-01 1.201029e-04 -4.662293e-03 -5.900821e-02 -1.179442e-04 9.999999e-01 4.632859e-04 -2.507000e-01 4.662348e-03 -4.627317e-04 9.999890e-01 1.042545e+01
9.999986e-01 -1.336506e-04 1.689552e-03 6.692568e-01 1.336718e-04 1.000000e+00 -1.239565e-05 -2.647655e-01 -1.689550e-03 1.262219e-05 9.999986e-01 1.040511e+01
9.999869e-01 3.272997e-04 -5.115243e-03 4.732207e-01 -3.250248e-04 9.999998e-01 4.455692e-04 -2.600887e-01 5.115387e-03 -4.439015e-04 9.999868e-01 1.035449e+01
9.999991e-01 9.819247e-06 1.316674e-03 -3.515985e-02 -9.608483e-06 1.000000e+00 -1.600354e-04 -2.460706e-01 -1.316676e-03 1.600234e-04 9.999991e-01 1.078162e+01
9.999897e-01 1.329573e-04 -4.529169e-03 1.293918e-01 -1.304966e-04 9.999998e-01 5.436058e-04 -2.544180e-01 4.529240e-03 -5.430099e-04 9.999896e-01 1.103408e+01
9.999989e-01 -1.108153e-04 1.468056e-03 5.350781e-01 1.109950e-04 1.000000e+00 -1.222632e-04 -2.650948e-01 -1.468042e-03 1.224268e-04 9.999989e-01 1.087224e+01
9.999898e-01 3.092543e-05 -4.523681e-03 1.064869e+00 -2.852617e-05 9.999999e-01 5.304550e-04 -2.736936e-01 4.523697e-03 -5.303213e-04 9.999896e-01 1.061781e+01
9.999991e-01 -1.496935e-04 1.342560e-03 1.408296e+00 1.497890e-04 1.000000e+00 -7.098871e-05 -2.727985e-01 -1.342549e-03 7.119045e-05 9.999991e-01 1.001537e+01
9.999891e-01 1.532860e-04 -4.663043e-03 1.490513e+00 -1.507538e-04 9.999998e-01 5.433996e-04 -2.698995e-01 4.663126e-03 -5.426915e-04 9.999890e-01 9.157525e+00
9.999993e-01 -6.719043e-05 1.190036e-03 1.395914e+00 6.727119e-05 1.000000e+00 -6.776533e-05 -2.701506e-01 -1.190031e-03 6.784605e-05 9.999993e-01 8.521214e+00
9.999879e-01 3.053588e-04 -4.913848e-03 9.732618e-01 -3.029162e-04 9.999998e-01 4.978324e-04 -2.636623e-01 4.913999e-03 -4.963386e-04 9.999878e-01 8.387570e+00
9.999988e-01 -6.886981e-05 1.533221e-03 8.228482e-01 6.921353e-05 1.000000e+00 -2.240864e-04 -2.695416e-01 -1.533205e-03 2.241929e-04 9.999988e-01 8.911559e+00
9.999892e-01 2.905903e-04 -4.637033e-03 8.649781e-01 -2.883343e-04 9.999998e-01 4.871952e-04 -2.871055e-01 4.637174e-03 -4.858537e-04 9.999891e-01 9.475584e+00
9.999992e-01 -1.241411e-04 1.291095e-03 8.320098e-01 1.243094e-04 1.000000e+00 -1.302029e-04 -2.965149e-01 -1.291078e-03 1.303640e-04 9.999992e-01 9.773625e+00
9.999901e-01 2.539405e-04 -4.443971e-03 9.437333e-01 -2.517955e-04 9.999999e-01 4.832486e-04 -3.112408e-01 4.444093e-03 -4.821255e-04 9.999900e-01 1.006869e+01
9.999994e-01 -7.775919e-05 1.107381e-03 8.515849e-01 7.793526e-05 1.000000e+00 -1.588915e-04 -3.199278e-01 -1.107368e-03 1.589784e-04 9.999994e-01 1.036071e+01
9.999881e-01 2.871813e-04 -4.863440e-03 4.732849e-01 -2.845138e-04 9.999998e-01 5.491843e-04 -3.136999e-01 4.863597e-03 -5.477948e-04 9.999880e-01 1.046638e+01
9.999993e-01 -6.533607e-05 1.149077e-03 7.541932e-02 6.552173e-05 1.000000e+00 -1.614702e-04 -3.075058e-01 -1.149067e-03 1.615461e-04 9.999993e-01 1.052712e+01
9.999878e-01 3.065378e-04 -4.938962e-03 -3.691941e-01 -3.035243e-04 9.999998e-01 6.108836e-04 -3.003917e-01 4.939147e-03 -6.093777e-04 9.999876e-01 1.042291e+01
9.999992e-01 -1.011354e-04 1.246421e-03 -6.809322e-01 1.014322e-04 1.000000e+00 -2.379986e-04 -2.949684e-01 -1.246396e-03 2.381255e-04 9.999992e-01 1.051103e+01
9.999888e-01 3.028757e-04 -4.727475e-03 -9.453401e-01 -2.998814e-04 9.999998e-01 6.340846e-04 -2.931665e-01 4.727665e-03 -6.326605e-04 9.999886e-01 1.053873e+01
9.999994e-01 -1.054677e-04 1.081385e-03 -1.220076e+00 1.057433e-04 1.000000e+00 -2.547117e-04 -2.903460e-01 -1.081357e-03 2.548266e-04 9.999994e-01 1.070238e+01
9.999893e-01 3.264135e-04 -4.605129e-03 -1.511758e+00 -3.236597e-04 9.999998e-01 5.987362e-04 -2.874135e-01 4.605323e-03 -5.972400e-04 9.999892e-01 1.109529e+01
9.999998e-01 -7.164924e-05 6.607868e-04 -2.020741e+00 7.178644e-05 1.000000e+00 -2.074913e-04 -2.731052e-01 -6.607715e-04 2.075394e-04 9.999998e-01 1.125636e+01
9.999919e-01 2.211152e-04 -4.030042e-03 -2.111775e+00 -2.190192e-04 9.999998e-01 5.205353e-04 -2.814690e-01 4.030157e-03 -5.196491e-04 9.999917e-01 1.160808e+01
1.000000e+00 4.372615e-05 -8.403677e-05 -2.601944e+00 -4.373616e-05 1.000000e+00 -1.201205e-04 -2.670585e-01 8.403185e-05 1.201249e-04 1.000000e+00 1.189889e+01
9.999919e-01 2.658740e-04 -4.012564e-03 -3.256379e+00 -2.634634e-04 9.999998e-01 6.013022e-04 -2.530016e-01 4.012722e-03 -6.002409e-04 9.999918e-01 1.156110e+01
9.999998e-01 -1.422010e-04 6.275773e-04 -3.289236e+00 1.423450e-04 1.000000e+00 -2.292176e-04 -2.592007e-01 -6.275444e-04 2.293076e-04 9.999998e-01 1.135141e+01
9.999935e-01 1.960139e-04 -3.608151e-03 -2.954260e+00 -1.938936e-04 9.999998e-01 5.879987e-04 -2.787922e-01 3.608265e-03 -5.872960e-04 9.999933e-01 1.155288e+01
1.000000e+00 -1.541389e-04 1.573870e-04 -2.970893e+00 1.541629e-04 1.000000e+00 -1.516311e-04 -2.807118e-01 -1.573633e-04 1.516561e-04 1.000000e+00 1.119429e+01
9.999919e-01 3.355618e-04 -4.022942e-03 -3.296501e+00 -3.331052e-04 9.999998e-01 6.113350e-04 -2.758692e-01 4.023146e-03 -6.099907e-04 9.999917e-01 1.078290e+01
1.000000e+00 -6.251525e-05 -8.113717e-05 -3.853233e+00 6.249864e-05 1.000000e+00 -2.058698e-04 -2.561114e-01 8.115037e-05 2.058654e-04 1.000000e+00 1.100560e+01
9.999933e-01 2.874494e-04 -3.647960e-03 -4.137253e+00 -2.855530e-04 9.999998e-01 5.203701e-04 -2.527882e-01 3.648109e-03 -5.193257e-04 9.999932e-01 1.130700e+01
1.000000e+00 -2.226517e-04 1.484347e-04 -4.152432e+00 2.226674e-04 1.000000e+00 -1.051263e-04 -2.574590e-01 -1.484109e-04 1.051601e-04 1.000000e+00 1.091048e+01
9.999943e-01 1.985870e-04 -3.362665e-03 -4.022824e+00 -1.967463e-04 9.999998e-01 5.477504e-04 -2.572258e-01 3.362773e-03 -5.470864e-04 9.999942e-01 1.024787e+01
1.000000e+00 -1.061225e-04 2.598027e-04 -3.988199e+00 1.061600e-04 1.000000e+00 -1.439813e-04 -2.686120e-01 -2.597871e-04 1.440096e-04 1.000000e+00 9.996857e+00
9.999933e-01 1.209481e-04 -3.646454e-03 -3.924431e+00 -1.190439e-04 9.999999e-01 5.224320e-04 -2.746449e-01 3.646516e-03 -5.219952e-04 9.999932e-01 9.727225e+00
1.000000e+00 1.913602e-05 -5.981806e-05 -4.186900e+00 -1.913792e-05 1.000000e+00 -3.331812e-05 -2.697906e-01 5.981776e-05 3.331997e-05 1.000000e+00 9.034888e+00
9.999929e-01 1.688879e-04 -3.763892e-03 -4.541730e+00 -1.669405e-04 9.999999e-01 5.177445e-04 -2.637262e-01 3.763978e-03 -5.171131e-04 9.999928e-01 8.600642e+00
1.000000e+00 -7.500330e-06 -4.670641e-05 -4.870835e+00 7.497650e-06 1.000000e+00 -5.952840e-05 -2.598979e-01 4.670719e-05 5.952876e-05 1.000000e+00 8.130191e+00
9.999942e-01 7.150723e-05 -3.415419e-03 -4.929089e+00 -6.970445e-05 9.999999e-01 5.279825e-04 -2.599156e-01 3.415456e-03 -5.277421e-04 9.999940e-01 7.388253e+00
1.000000e+00 -4.642855e-05 5.325492e-07 -4.923146e+00 4.642869e-05 1.000000e+00 -6.869282e-05 -2.603825e-01 -5.290303e-07 6.869356e-05 1.000000e+00 6.704070e+00
9.999942e-01 1.208029e-04 -3.393210e-03 -4.948946e+00 -1.190678e-04 9.999999e-01 5.115535e-04 -2.629628e-01 3.393271e-03 -5.111472e-04 9.999941e-01 6.188042e+00
9.999998e-01 7.764750e-05 -5.633610e-04 -5.362435e+00 -7.767683e-05 1.000000e+00 -5.221381e-05 -2.501241e-01 5.633573e-04 5.225827e-05 9.999998e-01 5.837038e+00
9.999946e-01 -1.931424e-05 -3.275974e-03 -5.561702e+00 2.106967e-05 9.999999e-01 5.358497e-04 -2.366958e-01 3.275963e-03 -5.359166e-04 9.999945e-01 5.328071e+00
9.999999e-01 1.384680e-04 -4.678095e-04 -5.815568e+00 -1.384845e-04 1.000000e+00 -3.546922e-05 -2.268595e-01 4.678049e-04 3.553471e-05 9.999999e-01 4.553052e+00
9.999945e-01 1.187991e-05 -3.330977e-03 -6.091629e+00 -9.995574e-06 9.999998e-01 5.657477e-04 -2.172192e-01 3.330983e-03 -5.657119e-04 9.999943e-01 3.547101e+00
9.999998e-01 1.955596e-04 -6.677910e-04 -6.534575e+00 -1.955821e-04 1.000000e+00 -3.367708e-05 -2.035942e-01 6.677847e-04 3.380839e-05 9.999998e-01 2.758751e+00
9.999953e-01 -9.475154e-05 -3.065317e-03 -6.770224e+00 9.641496e-05 9.999998e-01 5.425509e-04 -1.930734e-01 3.065265e-03 -5.428446e-04 9.999952e-01 1.954761e+00
9.999997e-01 2.353446e-04 -7.838291e-04 -7.084604e+00 -2.353532e-04 1.000000e+00 -1.107109e-05 -1.797852e-01 7.838268e-04 1.125627e-05 9.999997e-01 1.065971e+00
9.999929e-01 1.608202e-04 -3.764962e-03 -8.040189e+00 -1.586200e-04 9.999998e-01 5.846987e-04 -1.516344e-01 3.765055e-03 -5.840981e-04 9.999927e-01 5.011682e-01
9.999997e-01 1.999981e-04 -6.901105e-04 -8.910498e+00 -2.000336e-04 1.000000e+00 -5.165666e-05 -1.239672e-01 6.901005e-04 5.179540e-05 9.999998e-01 1.663982e-01
9.999947e-01 5.634279e-06 -3.248124e-03 -9.326816e+00 -4.017690e-06 9.999999e-01 4.977413e-04 -1.122060e-01 3.248126e-03 -4.977263e-04 9.999946e-01 -1.933841e-01
9.999998e-01 1.217731e-04 -6.095884e-04 -9.562275e+00 -1.217887e-04 1.000000e+00 -2.560257e-05 -1.037393e-01 6.095856e-04 2.567751e-05 9.999998e-01 -7.025247e-01
9.999951e-01 1.301662e-04 -3.140443e-03 -9.885976e+00 -1.289532e-04 9.999999e-01 3.864930e-04 -9.690513e-02 3.140493e-03 -3.860868e-04 9.999950e-01 -6.087591e-01
1.000000e+00 1.819436e-04 1.725606e-04 -9.883264e+00 -1.819131e-04 1.000000e+00 -1.757473e-04 -1.157754e-01 -1.725923e-04 1.757166e-04 1.000000e+00 2.472777e-01
9.999921e-01 1.003949e-04 -3.980757e-03 -1.029036e+01 -9.831632e-05 9.999999e-01 5.223695e-04 -1.082958e-01 3.980808e-03 -5.219746e-04 9.999919e-01 5.971226e-01
9.999999e-01 1.106694e-04 3.396623e-04 -1.047126e+01 -1.106059e-04 1.000000e+00 -1.866549e-04 -1.062302e-01 -3.396826e-04 1.866181e-04 9.999999e-01 7.402595e-01
9.999931e-01 2.840809e-05 -3.723681e-03 -1.041066e+01 -2.664515e-05 9.999999e-01 4.735217e-04 -1.125231e-01 3.723694e-03 -4.734199e-04 9.999930e-01 8.277573e-01
1.000000e+00 1.969009e-04 -2.421094e-04 -1.070134e+01 -1.969206e-04 1.000000e+00 -8.196617e-05 -9.865750e-02 2.420936e-04 8.201455e-05 1.000000e+00 7.918647e-01
9.999942e-01 2.226116e-05 -3.419640e-03 -1.099248e+01 -2.072923e-05 9.999999e-01 4.480517e-04 -9.301422e-02 3.419649e-03 -4.479789e-04 9.999941e-01 8.303186e-01
1.000000e+00 1.288249e-04 8.122681e-05 -1.088824e+01 -1.288148e-04 1.000000e+00 -1.228219e-04 -9.840542e-02 -8.124231e-05 1.228121e-04 1.000000e+00 1.350101e+00
9.999932e-01 -1.165230e-04 -3.677735e-03 -1.089110e+01 1.186244e-04 9.999998e-01 5.712095e-04 -8.435727e-02 3.677668e-03 -5.716426e-04 9.999931e-01 9.200415e-01
9.999999e-01 1.807675e-04 2.849947e-04 -1.062454e+01 -1.807171e-04 1.000000e+00 -1.762305e-04 -8.178436e-02 -2.850262e-04 1.761796e-04 9.999999e-01 8.974351e-01
9.999937e-01 5.903437e-06 -3.541545e-03 -1.032455e+01 -3.861077e-06 9.999998e-01 5.767294e-04 -8.485099e-02 3.541548e-03 -5.767129e-04 9.999936e-01 1.409953e+00
9.999996e-01 -8.955767e-05 -8.812176e-04 -9.920632e+00 8.945908e-05 1.000000e+00 -1.120728e-04 -4.899891e-02 8.812279e-04 1.119946e-04 9.999996e-01 1.693792e+00
9.999966e-01 1.187671e-04 -2.619064e-03 -9.707104e+00 -1.172177e-04 9.999998e-01 5.917768e-04 -3.622053e-02 2.619134e-03 -5.914684e-04 9.999964e-01 1.009113e+00
9.999991e-01 -7.453314e-05 -1.353213e-03 -8.941947e+00 7.445395e-05 1.000000e+00 -5.867143e-05 -3.164186e-02 1.353218e-03 5.857133e-05 9.999991e-01 1.514180e+00
9.999977e-01 2.915768e-04 -2.114475e-03 -9.002791e+00 -2.907693e-04 9.999999e-01 3.822660e-04 -3.751465e-02 2.114586e-03 -3.816510e-04 9.999977e-01 2.103355e+00
9.999919e-01 2.756328e-04 -4.022730e-03 -1.026610e+01 -2.764687e-04 9.999999e-01 -2.072677e-04 5.181445e-02 4.022673e-03 2.083789e-04 9.999919e-01 3.332310e+00
9.999998e-01 1.104693e-04 -6.602656e-04 -1.085173e+01 -1.101632e-04 9.999999e-01 4.639070e-04 8.193429e-02 6.603164e-04 -4.638348e-04 9.999997e-01 3.864888e+00
9.999951e-01 -2.081398e-04 -3.134649e-03 -1.061864e+01 2.080273e-04 1.000000e+00 -3.624948e-05 9.290702e-02 3.134657e-03 3.559791e-05 9.999951e-01 3.922475e+00
9.999991e-01 4.820506e-04 -1.272421e-03 -1.100437e+01 -4.816350e-04 9.999998e-01 3.270571e-04 1.249693e-01 1.272578e-03 -3.264446e-04 9.999991e-01 4.421669e+00
9.999975e-01 -4.207889e-04 -2.214567e-03 -1.101999e+01 4.211530e-04 9.999999e-01 1.639129e-04 1.312433e-01 2.214498e-03 -1.648444e-04 9.999975e-01 4.013530e+00
9.999980e-01 5.160550e-04 -1.922441e-03 -1.129897e+01 -5.154785e-04 9.999998e-01 3.004463e-04 1.587982e-01 1.922595e-03 -2.994554e-04 9.999981e-01 3.530487e+00
9.999981e-01 -5.070429e-04 -1.866119e-03 -1.122209e+01 5.074449e-04 9.999998e-01 2.148583e-04 1.715163e-01 1.866010e-03 -2.158042e-04 9.999982e-01 2.937158e+00
9.999986e-01 5.178061e-04 -1.605855e-03 -1.127559e+01 -5.173568e-04 9.999998e-01 2.802992e-04 1.749016e-01 1.605999e-03 -2.794687e-04 9.999987e-01 2.184200e+00
9.999981e-01 -4.657411e-04 -1.882255e-03 -1.135296e+01 4.662071e-04 9.999999e-01 2.470858e-04 1.821264e-01 1.882140e-03 -2.479621e-04 9.999982e-01 1.073847e+00
9.999991e-01 3.759235e-04 -1.282160e-03 -1.109209e+01 -3.755879e-04 9.999999e-01 2.620293e-04 1.839133e-01 1.282258e-03 -2.615482e-04 9.999991e-01 3.306501e-01
9.999977e-01 -4.877873e-04 -2.090602e-03 -1.078188e+01 4.883268e-04 9.999998e-01 2.574939e-04 1.922649e-01 2.090476e-03 -2.585135e-04 9.999978e-01 -6.156850e-01
9.999990e-01 4.909614e-04 -1.300115e-03 -1.071565e+01 -4.906782e-04 9.999999e-01 2.182962e-04 1.926963e-01 1.300222e-03 -2.176587e-04 9.999991e-01 -1.269860e+00
9.999978e-01 -3.240727e-04 -2.054083e-03 -1.057327e+01 3.244975e-04 9.999999e-01 2.063975e-04 1.827505e-01 2.054016e-03 -2.070629e-04 9.999979e-01 -8.188254e-01
9.999988e-01 4.671128e-04 -1.505108e-03 -1.062593e+01 -4.667568e-04 9.999999e-01 2.369845e-04 1.855037e-01 1.505219e-03 -2.362824e-04 9.999988e-01 -7.514334e-01
9.999961e-01 -1.331249e-04 -2.776875e-03 -1.134248e+01 1.338804e-04 1.000000e+00 2.718136e-04 2.104479e-01 2.776839e-03 -2.721836e-04 9.999961e-01 -1.230302e+00
9.999995e-01 2.614192e-04 -9.508203e-04 -1.153862e+01 -2.612715e-04 1.000000e+00 1.556199e-04 2.190836e-01 9.508606e-04 -1.553721e-04 9.999995e-01 -1.488414e+00
9.999969e-01 -1.734403e-04 -2.500993e-03 -1.091377e+01 1.744312e-04 9.999999e-01 3.959268e-04 2.000570e-01 2.500924e-03 -3.963612e-04 9.999968e-01 -1.289549e+00
9.999991e-01 2.726621e-04 -1.277591e-03 -1.099675e+01 -2.726523e-04 1.000000e+00 7.960895e-06 2.100016e-01 1.277593e-03 -7.613248e-06 9.999992e-01 -8.399990e-01
9.999946e-01 -3.479542e-04 -3.280533e-03 -1.086207e+01 3.495130e-04 9.999998e-01 4.745646e-04 2.345682e-01 3.280367e-03 -4.757079e-04 9.999945e-01 -4.038732e-01
9.999998e-01 8.440792e-05 -5.512993e-04 -9.853483e+00 -8.435131e-05 1.000000e+00 1.030036e-04 2.418003e-01 5.513076e-04 -1.029577e-04 9.999998e-01 -8.887334e-01
9.999910e-01 -5.773472e-04 -4.208231e-03 -8.957665e+00 5.790905e-04 9.999997e-01 4.129999e-04 2.888843e-01 4.207991e-03 -4.154324e-04 9.999911e-01 -1.341835e+00
9.999992e-01 3.245229e-04 -1.196381e-03 -8.266117e+00 -3.245319e-04 9.999999e-01 -7.138463e-06 3.586686e-01 1.196378e-03 7.526024e-06 9.999993e-01 -1.114934e+00
9.999901e-01 -7.208225e-04 -4.397210e-03 -7.334705e+00 7.228517e-04 9.999996e-01 4.598560e-04 4.346736e-01 4.396877e-03 -4.630293e-04 9.999902e-01 -1.154178e+00
9.999999e-01 4.342491e-04 3.311861e-04 -6.237063e+00 -4.342833e-04 9.999999e-01 1.027468e-04 4.449256e-01 -3.311417e-04 -1.028913e-04 9.999999e-01 -1.740555e+00
9.999920e-01 -5.476943e-04 -3.956317e-03 -5.302556e+00 5.496882e-04 9.999997e-01 5.028640e-04 4.423747e-01 3.956041e-03 -5.050340e-04 9.999920e-01 -2.177649e+00
9.999995e-01 5.987867e-04 7.681966e-04 -4.885269e+00 -5.987895e-04 9.999998e-01 3.150450e-06 4.321511e-01 -7.681948e-04 -3.611131e-06 9.999997e-01 -2.277082e+00
9.999921e-01 -6.205715e-04 -3.936500e-03 -4.082163e+00 6.228022e-04 9.999996e-01 5.654342e-04 4.154576e-01 3.936148e-03 -5.678807e-04 9.999921e-01 -2.251367e+00
9.999995e-01 6.796805e-04 7.468102e-04 -3.373312e+00 -6.796489e-04 9.999998e-01 -4.276918e-05 3.977159e-01 -7.468394e-04 4.226089e-05 9.999997e-01 -2.157125e+00
9.999920e-01 -6.801686e-04 -3.929785e-03 -2.940241e+00 6.822785e-04 9.999996e-01 5.355474e-04 3.922259e-01 3.929420e-03 -5.382237e-04 9.999921e-01 -2.542716e+00
9.999996e-01 7.042931e-04 5.399721e-04 -2.832137e+00 -7.042848e-04 9.999998e-01 -1.575357e-05 3.949932e-01 -5.399834e-04 1.537258e-05 9.999999e-01 -3.307774e+00
9.999921e-01 -6.456622e-04 -3.914715e-03 -2.780120e+00 6.476669e-04 9.999997e-01 5.107959e-04 3.949196e-01 3.914384e-03 -5.133267e-04 9.999922e-01 -3.826785e+00
9.999993e-01 6.781536e-04 9.656530e-04 -2.083607e+00 -6.781801e-04 9.999998e-01 2.693726e-05 3.766976e-01 -9.656348e-04 -2.759282e-05 9.999995e-01 -3.773472e+00
9.999914e-01 -7.191503e-04 -4.074209e-03 -1.371577e+00 7.210779e-04 9.999996e-01 4.716309e-04 3.674382e-01 4.073868e-03 -4.745640e-04 9.999916e-01 -3.946224e+00
9.999996e-01 6.162543e-04 6.732979e-04 -5.646403e-01 -6.163058e-04 9.999998e-01 7.603414e-05 3.580904e-01 -6.732512e-04 -7.644976e-05 9.999998e-01 -4.006392e+00
9.999910e-01 -6.476498e-04 -4.196563e-03 3.889246e-01 6.496961e-04 9.999997e-01 4.862347e-04 3.497724e-01 4.196247e-03 -4.889561e-04 9.999911e-01 -4.165920e+00
9.999999e-01 5.181399e-04 9.981677e-05 8.191132e-01 -5.181446e-04 9.999999e-01 4.526315e-05 3.681618e-01 -9.979361e-05 -4.531555e-05 1.000000e+00 -3.924907e+00
9.999906e-01 -4.404857e-04 -4.304720e-03 1.526040e+00 4.427419e-04 9.999998e-01 5.231371e-04 3.651387e-01 4.304489e-03 -5.250374e-04 9.999906e-01 -3.532742e+00
9.999993e-01 6.563240e-04 1.021427e-03 2.368478e+00 -6.563993e-04 9.999998e-01 7.318973e-05 3.338978e-01 -1.021379e-03 -7.386083e-05 9.999995e-01 -3.068165e+00
9.999907e-01 -4.192892e-04 -4.285768e-03 3.226975e+00 4.214814e-04 9.999998e-01 5.105562e-04 3.009698e-01 4.285553e-03 -5.123571e-04 9.999907e-01 -2.625528e+00
9.999994e-01 5.846961e-04 9.018025e-04 4.038689e+00 -5.847596e-04 9.999998e-01 6.993395e-05 2.736949e-01 -9.017617e-04 -7.046194e-05 9.999996e-01 -2.205360e+00
9.999898e-01 -4.174087e-04 -4.486518e-03 4.847883e+00 4.196649e-04 9.999998e-01 5.019133e-04 2.500952e-01 4.486308e-03 -5.037904e-04 9.999898e-01 -1.831786e+00
9.999991e-01 5.693112e-04 1.227404e-03 5.588116e+00 -5.693571e-04 9.999998e-01 3.687234e-05 2.213564e-01 -1.227383e-03 -3.757183e-05 9.999992e-01 -1.519670e+00
9.999893e-01 -4.456515e-04 -4.602141e-03 6.517879e+00 4.484036e-04 9.999997e-01 5.969609e-04 1.936303e-01 4.601874e-03 -5.990174e-04 9.999892e-01 -1.199348e+00
9.999987e-01 8.454282e-04 1.344443e-03 7.345818e+00 -8.453971e-04 9.999996e-01 -2.385684e-05 1.515992e-01 -1.344463e-03 2.271953e-05 9.999991e-01 -5.590162e-01
9.999904e-01 -5.317494e-04 -4.355520e-03 8.473860e+00 5.346090e-04 9.999996e-01 6.553857e-04 1.073378e-01 4.355170e-03 -6.577072e-04 9.999903e-01 2.900707e-02
9.999993e-01 6.958707e-04 9.800750e-04 9.564665e+00 -6.959172e-04 9.999998e-01 4.696895e-05 8.434528e-02 -9.800424e-04 -4.765165e-05 9.999995e-01 1.610422e-01
9.999924e-01 -6.253581e-04 -3.858363e-03 1.012271e+01 6.270324e-04 9.999997e-01 4.326934e-04 6.601379e-02 3.858091e-03 -4.351088e-04 9.999925e-01 2.455113e-01
9.999991e-01 7.760005e-04 1.088778e-03 1.068164e+01 -7.760335e-04 9.999997e-01 2.970386e-05 4.329406e-02 -1.088755e-03 -3.054945e-05 9.999994e-01 5.350048e-01
9.999921e-01 -5.461106e-04 -3.935287e-03 1.092400e+01 5.475617e-04 9.999998e-01 3.676282e-04 2.470763e-02 3.935086e-03 -3.697794e-04 9.999922e-01 1.030304e+00
9.999993e-01 7.050644e-04 9.641771e-04 1.132204e+01 -7.051377e-04 9.999997e-01 7.544303e-05 7.872760e-03 -9.641240e-04 -7.612354e-05 9.999995e-01 1.366692e+00
9.999921e-01 -5.368952e-04 -3.937078e-03 1.169354e+01 5.382998e-04 9.999998e-01 3.556668e-04 -8.118635e-03 3.936887e-03 -3.577826e-04 9.999922e-01 1.703336e+00
9.999994e-01 7.700478e-04 7.751727e-04 1.176094e+01 -7.701046e-04 9.999997e-01 7.266381e-05 -1.640276e-02 -7.751169e-04 -7.326142e-05 9.999997e-01 1.992140e+00
9.999928e-01 -5.139172e-04 -3.768230e-03 1.186372e+01 5.149986e-04 9.999998e-01 2.859427e-04 -3.113493e-02 3.768083e-03 -2.878805e-04 9.999929e-01 2.592988e+00
9.999996e-01 7.282352e-04 5.070196e-04 1.187813e+01 -7.283015e-04 9.999997e-01 1.301109e-04 -3.961712e-02 -5.069250e-04 -1.304808e-04 9.999999e-01 2.935478e+00
9.999920e-01 -5.016308e-04 -3.980075e-03 1.161586e+01 5.027934e-04 9.999998e-01 2.910630e-04 -3.885302e-02 3.979929e-03 -2.930611e-04 9.999920e-01 3.119336e+00
9.999996e-01 6.822578e-04 6.343404e-04 1.166858e+01 -6.823433e-04 9.999998e-01 1.342577e-04 -4.426082e-02 -6.342490e-04 -1.346912e-04 9.999998e-01 3.298790e+00
9.999920e-01 -4.795147e-04 -3.962719e-03 1.173514e+01 4.808366e-04 9.999998e-01 3.325858e-04 -5.274569e-02 3.962559e-03 -3.344879e-04 9.999921e-01 3.544625e+00
9.999996e-01 7.098114e-04 5.631527e-04 1.155902e+01 -7.098290e-04 9.999997e-01 3.082469e-05 -5.655211e-02 -5.631310e-04 -3.122511e-05 9.999998e-01 3.839413e+00
9.999931e-01 -5.472436e-04 -3.660769e-03 1.169597e+01 5.485430e-04 9.999998e-01 3.538949e-04 -7.084066e-02 3.660575e-03 -3.558999e-04 9.999932e-01 4.159475e+00
9.999995e-01 7.072497e-04 6.480559e-04 1.187366e+01 -7.072724e-04 9.999997e-01 3.438812e-05 -8.683416e-02 -6.480317e-04 -3.484715e-05 9.999998e-01 4.503341e+00
9.999938e-01 -5.544428e-04 -3.480812e-03 1.229595e+01 5.559575e-04 9.999998e-01 4.341424e-04 -1.128733e-01 3.480570e-03 -4.360742e-04 9.999938e-01 4.897184e+00
9.999996e-01 7.220969e-04 5.860601e-04 1.300380e+01 -7.221656e-04 9.999997e-01 1.165948e-04 -1.465567e-01 -5.859761e-04 -1.170186e-04 9.999998e-01 5.306277e+00
9.999930e-01 -5.002605e-04 -3.700945e-03 1.358870e+01 5.016479e-04 9.999998e-01 3.739152e-04 -1.772730e-01 3.700757e-03 -3.757685e-04 9.999931e-01 5.716234e+00
9.999998e-01 5.583257e-04 2.086804e-04 1.400490e+01 -5.583454e-04 9.999998e-01 9.350557e-05 -1.896835e-01 -2.086285e-04 -9.362276e-05 1.000000e+00 6.065120e+00
9.999943e-01 -4.358646e-04 -3.333682e-03 1.455419e+01 4.371059e-04 9.999998e-01 3.715587e-04 -2.145484e-01 3.333520e-03 -3.730131e-04 9.999944e-01 6.381076e+00
9.999999e-01 5.412702e-04 6.160593e-05 1.513098e+01 -5.412764e-04 9.999998e-01 9.709693e-05 -2.335001e-01 -6.155365e-05 -9.713094e-05 1.000000e+00 6.552685e+00
9.999948e-01 -4.613558e-04 -3.195745e-03 1.583064e+01 4.626821e-04 9.999998e-01 4.142445e-04 -2.572345e-01 3.195554e-03 -4.157203e-04 9.999948e-01 6.747121e+00
9.999998e-01 6.331078e-04 2.149947e-04 1.645676e+01 -6.331206e-04 9.999998e-01 5.811232e-05 -2.844741e-01 -2.149582e-04 -5.824911e-05 1.000000e+00 7.089343e+00
9.999925e-01 -5.914981e-04 -3.832562e-03 1.695253e+01 5.931699e-04 9.999997e-01 4.350470e-04 -2.841392e-01 3.832303e-03 -4.373164e-04 9.999926e-01 7.598671e+00
9.999996e-01 6.384921e-04 -6.083062e-04 1.758001e+01 -6.384270e-04 9.999998e-01 1.076549e-04 -2.555701e-01 6.083745e-04 -1.072672e-04 9.999998e-01 8.041275e+00
9.999965e-01 -5.262422e-04 -2.601004e-03 1.813798e+01 5.272592e-04 9.999998e-01 3.902543e-04 -2.742261e-01 2.600799e-03 -3.916237e-04 9.999965e-01 8.414873e+00
9.999995e-01 5.996309e-04 -8.104541e-04 1.897841e+01 -5.994915e-04 9.999998e-01 1.726100e-04 -2.968200e-01 8.105571e-04 -1.721248e-04 9.999997e-01 8.664811e+00
9.999971e-01 -5.069887e-04 -2.360324e-03 1.966220e+01 5.077869e-04 9.999998e-01 3.374743e-04 -3.173642e-01 2.360153e-03 -3.386711e-04 9.999972e-01 8.888883e+00
9.999989e-01 3.807875e-04 -1.436449e-03 2.043513e+01 -3.804329e-04 9.999999e-01 2.473009e-04 -3.124246e-01 1.436543e-03 -2.467548e-04 9.999989e-01 8.803261e+00
9.999938e-01 -1.295251e-04 -3.509427e-03 1.979704e+01 1.309293e-04 9.999999e-01 3.998370e-04 -2.484334e-01 3.509375e-03 -4.002933e-04 9.999938e-01 8.711503e+00
9.999996e-01 4.634414e-04 -7.908517e-04 1.944239e+01 -4.633358e-04 9.999999e-01 1.340058e-04 -2.220247e-01 7.909134e-04 -1.336400e-04 9.999997e-01 8.944826e+00
9.999935e-01 -6.739876e-04 -3.533621e-03 2.106378e+01 6.765506e-04 9.999995e-01 7.240929e-04 -2.239657e-01 3.533131e-03 -7.264783e-04 9.999935e-01 8.591957e+00
9.999997e-01 6.990484e-04 -1.610074e-04 2.182468e+01 -6.990684e-04 9.999997e-01 -1.222757e-04 -2.324181e-01 1.609216e-04 1.223876e-04 1.000000e+00 8.508140e+00
9.999910e-01 -3.389145e-04 -4.235616e-03 2.102920e+01 3.411634e-04 9.999998e-01 5.301816e-04 -2.025142e-01 4.235435e-03 -5.316212e-04 9.999909e-01 8.656396e+00
9.999998e-01 5.329793e-04 4.543148e-04 2.071932e+01 -5.329410e-04 9.999999e-01 -8.494821e-05 -1.970974e-01 -4.543603e-04 8.470539e-05 9.999999e-01 8.144759e+00
9.999923e-01 -4.773865e-04 -3.900349e-03 2.066627e+01 4.795645e-04 9.999997e-01 5.574246e-04 -1.962150e-01 3.900083e-03 -5.592900e-04 9.999922e-01 7.366205e+00
9.999998e-01 5.159675e-04 3.883064e-04 2.075774e+01 -5.159403e-04 9.999999e-01 -7.074308e-05 -1.934392e-01 -3.883431e-04 7.054204e-05 9.999999e-01 6.582160e+00
9.999921e-01 -1.544557e-04 -3.979048e-03 2.015740e+01 1.578162e-04 9.999996e-01 8.442005e-04 -1.656869e-01 3.978916e-03 -8.448211e-04 9.999917e-01 6.157175e+00
9.999993e-01 8.497621e-04 8.693765e-04 1.947239e+01 -8.494503e-04 9.999996e-01 -3.592290e-04 -1.451881e-01 -8.696816e-04 3.584895e-04 9.999996e-01 6.429976e+00
9.999940e-01 -2.227163e-04 -3.467099e-03 1.918326e+01 2.256607e-04 9.999996e-01 8.488111e-04 -1.516681e-01 3.466909e-03 -8.495876e-04 9.999936e-01 7.084449e+00
9.999997e-01 5.855195e-04 5.160480e-04 1.914400e+01 -5.853156e-04 9.999998e-01 -3.956436e-04 -1.482856e-01 -5.162798e-04 3.953408e-04 9.999998e-01 6.981427e+00
9.999904e-01 -4.309408e-04 -4.353139e-03 1.898544e+01 4.346906e-04 9.999995e-01 8.604467e-04 -1.492859e-01 4.352766e-03 -8.623300e-04 9.999902e-01 6.701692e+00
9.999997e-01 5.898396e-04 4.559284e-04 1.869411e+01 -5.896824e-04 9.999998e-01 -3.453023e-04 -1.443608e-01 -4.561322e-04 3.450326e-04 9.999998e-01 6.406414e+00
9.999894e-01 -3.687187e-04 -4.592734e-03 1.818375e+01 3.726923e-04 9.999996e-01 8.643044e-04 -1.314702e-01 4.592413e-03 -8.660063e-04 9.999891e-01 5.901004e+00
9.999997e-01 5.155901e-04 6.345522e-04 1.778260e+01 -5.153642e-04 9.999998e-01 -3.566053e-04 -1.246325e-01 -6.347362e-04 3.562775e-04 9.999997e-01 5.444572e+00
9.999892e-01 -5.201237e-04 -4.622209e-03 1.793524e+01 5.243574e-04 9.999994e-01 9.147283e-04 -1.218579e-01 4.621730e-03 -9.171414e-04 9.999889e-01 5.166196e+00
9.999994e-01 6.317278e-04 9.399608e-04 1.819391e+01 -6.313194e-04 9.999997e-01 -4.349265e-04 -1.256182e-01 -9.402356e-04 4.343321e-04 9.999995e-01 5.421733e+00
9.999880e-01 -4.131257e-04 -4.887285e-03 1.781382e+01 4.174023e-04 9.999995e-01 8.740110e-04 -1.168322e-01 4.886922e-03 -8.760398e-04 9.999877e-01 5.392393e+00
9.999993e-01 6.255741e-04 1.042791e-03 1.749465e+01 -6.250503e-04 9.999997e-01 -5.027282e-04 -1.134344e-01 -1.043106e-03 5.020753e-04 9.999993e-01 5.389220e+00
9.999912e-01 -3.736444e-04 -4.189876e-03 1.766065e+01 3.772964e-04 9.999995e-01 8.708108e-04 -1.349488e-01 4.189549e-03 -8.723832e-04 9.999908e-01 5.909561e+00
9.999990e-01 7.413012e-04 1.206418e-03 1.785261e+01 -7.405957e-04 9.999996e-01 -5.853596e-04 -1.656996e-01 -1.206851e-03 5.844649e-04 9.999991e-01 6.725530e+00
9.999916e-01 -2.929791e-04 -4.089197e-03 1.825526e+01 2.967709e-04 9.999995e-01 9.266474e-04 -2.056569e-01 4.088924e-03 -9.278525e-04 9.999912e-01 7.649858e+00
9.999994e-01 4.146664e-04 9.916846e-04 1.895303e+01 -4.141943e-04 9.999998e-01 -4.764446e-04 -2.348936e-01 -9.918822e-04 4.760329e-04 9.999994e-01 8.016136e+00
9.999914e-01 -2.581246e-04 -4.142342e-03 1.931231e+01 2.618008e-04 9.999996e-01 8.869024e-04 -2.564771e-01 4.142111e-03 -8.879786e-04 9.999910e-01 8.360496e+00
9.999992e-01 5.415368e-04 1.152220e-03 1.943949e+01 -5.408574e-04 9.999997e-01 -5.900902e-04 -2.815324e-01 -1.152539e-03 5.894659e-04 9.999992e-01 9.025038e+00
9.999911e-01 -3.016939e-04 -4.216105e-03 1.963789e+01 3.056358e-04 9.999995e-01 9.342906e-04 -3.064795e-01 4.215822e-03 -9.355702e-04 9.999907e-01 9.540255e+00
9.999999e-01 1.468213e-04 4.358668e-04 2.027505e+01 -1.466253e-04 9.999999e-01 -4.504052e-04 -3.083266e-01 -4.359331e-04 4.503406e-04 9.999998e-01 9.211060e+00
9.999926e-01 -1.130945e-04 -3.846713e-03 2.080713e+01 1.166418e-04 9.999996e-01 9.218641e-04 -3.229664e-01 3.846608e-03 -9.223053e-04 9.999922e-01 9.210636e+00
9.999995e-01 4.154007e-04 8.578969e-04 2.085618e+01 -4.148160e-04 9.999997e-01 -6.819698e-04 -3.458869e-01 -8.581802e-04 6.816129e-04 9.999994e-01 9.992618e+00
9.999921e-01 -1.367680e-04 -3.961106e-03 2.080979e+01 1.404269e-04 9.999996e-01 9.233871e-04 -3.607316e-01 3.960978e-03 -9.239354e-04 9.999917e-01 1.078707e+01
9.999995e-01 5.224184e-04 8.525995e-04 2.073609e+01 -5.217953e-04 9.999996e-01 -7.311988e-04 -3.760062e-01 -8.529814e-04 7.307529e-04 9.999994e-01 1.188091e+01
9.999913e-01 -1.625422e-04 -4.170706e-03 2.062122e+01 1.665520e-04 9.999995e-01 9.610390e-04 -3.845262e-01 4.170548e-03 -9.617246e-04 9.999908e-01 1.281409e+01
9.999999e-01 2.873081e-04 1.755942e-04 2.046978e+01 -2.872142e-04 9.999998e-01 -5.361526e-04 -3.792453e-01 -1.757485e-04 5.361014e-04 9.999998e-01 1.291320e+01
9.999916e-01 -3.438545e-04 -4.080564e-03 2.082915e+01 3.477869e-04 9.999995e-01 9.629658e-04 -3.725071e-01 4.080231e-03 -9.643762e-04 9.999912e-01 1.263431e+01
1.000000e+00 -2.055090e-05 2.627346e-04 2.130161e+01 2.066071e-05 9.999999e-01 -4.189851e-04 -3.511176e-01 -2.627263e-04 4.189899e-04 9.999999e-01 1.131545e+01
9.999897e-01 -5.877259e-04 -4.508616e-03 2.214364e+01 5.928434e-04 9.999992e-01 1.133748e-03 -3.067395e-01 4.507946e-03 -1.136408e-03 9.999892e-01 9.093951e+00
1.000000e+00 -1.955697e-04 -2.102545e-04 2.332792e+01 1.954911e-04 9.999999e-01 -3.728372e-04 -2.510497e-01 2.103271e-04 3.727954e-04 9.999999e-01 6.599321e+00
9.999906e-01 -4.848979e-04 -4.313551e-03 2.425913e+01 4.891563e-04 9.999994e-01 9.861454e-04 -2.020506e-01 4.313070e-03 -9.882455e-04 9.999902e-01 4.264843e+00
9.999998e-01 3.113662e-04 5.377739e-04 2.463408e+01 -3.111184e-04 9.999998e-01 -4.612085e-04 -1.864230e-01 -5.379177e-04 4.610404e-04 9.999997e-01 3.037760e+00
9.999858e-01 -6.335918e-04 -5.300303e-03 2.580925e+01 6.399799e-04 9.999991e-01 1.203579e-03 -1.840434e-01 5.299536e-03 -1.206953e-03 9.999852e-01 2.568366e+00
9.999989e-01 3.883438e-04 1.442118e-03 2.668151e+01 -3.875384e-04 9.999998e-01 -5.589049e-04 -1.740918e-01 -1.442335e-03 5.583448e-04 9.999988e-01 1.881885e+00
9.999896e-01 -3.881890e-05 -4.556097e-03 2.685362e+01 4.294500e-05 9.999996e-01 9.054677e-04 -2.012363e-01 4.556060e-03 -9.056533e-04 9.999892e-01 2.694432e+00
9.999987e-01 3.825173e-04 1.539124e-03 2.686087e+01 -3.815754e-04 9.999997e-01 -6.124020e-04 -2.197239e-01 -1.539358e-03 6.118132e-04 9.999986e-01 3.590779e+00
9.999907e-01 6.030474e-06 -4.314065e-03 2.691476e+01 -2.400317e-06 9.999996e-01 8.414115e-04 -2.455343e-01 4.314069e-03 -8.413926e-04 9.999903e-01 4.616421e+00
9.999987e-01 4.091858e-04 1.576073e-03 2.693269e+01 -4.081545e-04 9.999997e-01 -6.547723e-04 -2.712008e-01 -1.576341e-03 6.541275e-04 9.999985e-01 5.799513e+00
9.999890e-01 -2.718172e-06 -4.698634e-03 2.695016e+01 6.770165e-06 9.999996e-01 8.623026e-04 -2.921086e-01 4.698630e-03 -8.623242e-04 9.999886e-01 6.825907e+00
9.999987e-01 2.077101e-04 1.590379e-03 2.704778e+01 -2.068037e-04 9.999998e-01 -5.702501e-04 -3.151203e-01 -1.590498e-03 5.699198e-04 9.999986e-01 7.438382e+00
9.999892e-01 2.467105e-05 -4.657467e-03 2.749824e+01 -2.005605e-05 9.999995e-01 9.908674e-04 -3.422854e-01 4.657490e-03 -9.907625e-04 9.999887e-01 7.908056e+00
9.999991e-01 1.203758e-04 1.359029e-03 2.768317e+01 -1.195160e-04 9.999998e-01 -6.329543e-04 -3.617531e-01 -1.359105e-03 6.327906e-04 9.999989e-01 8.458917e+00
9.999856e-01 -2.888763e-04 -5.362313e-03 2.795100e+01 2.952584e-04 9.999992e-01 1.189362e-03 -3.495877e-01 5.361966e-03 -1.190928e-03 9.999849e-01 7.564696e+00
9.999992e-01 -1.460860e-05 1.283822e-03 2.833741e+01 1.535437e-05 9.999998e-01 -5.811100e-04 -3.304106e-01 -1.283814e-03 5.811286e-04 9.999990e-01 6.422636e+00
9.999899e-01 4.769622e-04 -4.458963e-03 2.866034e+01 -4.732547e-04 9.999995e-01 8.324188e-04 -3.621515e-01 4.459358e-03 -8.302995e-04 9.999897e-01 7.380698e+00
9.999990e-01 -4.954407e-05 1.437805e-03 2.906324e+01 5.024265e-05 9.999999e-01 -4.860360e-04 -3.977963e-01 -1.437781e-03 4.861071e-04 9.999988e-01 8.333125e+00
9.999897e-01 3.533866e-04 -4.524696e-03 2.927531e+01 -3.497720e-04 9.999996e-01 7.995519e-04 -4.226238e-01 4.524977e-03 -7.979604e-04 9.999894e-01 9.003660e+00
9.999990e-01 -5.018600e-05 1.401775e-03 2.953603e+01 5.089523e-05 9.999999e-01 -5.061233e-04 -4.482630e-01 -1.401750e-03 5.061935e-04 9.999989e-01 9.703476e+00
9.999898e-01 4.305751e-04 -4.487938e-03 2.972095e+01 -4.270000e-04 9.999996e-01 7.974614e-04 -4.726854e-01 4.488280e-03 -7.955362e-04 9.999896e-01 1.054082e+01
9.999988e-01 -3.971039e-05 1.540429e-03 2.981707e+01 4.056407e-05 9.999998e-01 -5.543414e-04 -4.976937e-01 -1.540407e-03 5.544026e-04 9.999987e-01 1.147235e+01
9.999894e-01 3.515850e-04 -4.580490e-03 2.982810e+01 -3.481323e-04 9.999997e-01 7.544960e-04 -5.165675e-01 4.580754e-03 -7.528928e-04 9.999892e-01 1.226040e+01
9.999992e-01 -2.682490e-04 1.234984e-03 3.027739e+01 2.686670e-04 9.999999e-01 -3.385353e-04 -5.339846e-01 -1.234893e-03 3.388662e-04 9.999992e-01 1.250167e+01
9.999897e-01 2.742465e-04 -4.531664e-03 3.080655e+01 -2.710012e-04 9.999997e-01 7.166714e-04 -5.487731e-01 4.531860e-03 -7.154353e-04 9.999895e-01 1.254357e+01
9.999994e-01 -3.170186e-04 1.032403e-03 3.111537e+01 3.172846e-04 9.999999e-01 -2.577818e-04 -5.538004e-01 -1.032321e-03 2.581086e-04 9.999994e-01 1.214486e+01
9.999903e-01 2.384922e-04 -4.398838e-03 3.128042e+01 -2.352885e-04 9.999997e-01 7.287277e-04 -5.452183e-01 4.399011e-03 -7.276850e-04 9.999901e-01 1.110962e+01
9.999997e-01 -2.533027e-04 7.249460e-04 3.132512e+01 2.534396e-04 1.000000e+00 -1.892467e-04 -5.285884e-01 -7.248983e-04 1.894297e-04 9.999997e-01 9.552404e+00
9.999906e-01 3.223596e-04 -4.316016e-03 3.121429e+01 -3.191972e-04 9.999997e-01 7.333134e-04 -5.205234e-01 4.316251e-03 -7.319282e-04 9.999904e-01 8.388263e+00
9.999997e-01 -3.313725e-04 6.854060e-04 3.120040e+01 3.314819e-04 9.999999e-01 -1.598895e-04 -5.078968e-01 -6.853532e-04 1.601160e-04 9.999998e-01 7.043302e+00
9.999895e-01 2.772613e-04 -4.578623e-03 3.118446e+01 -2.732432e-04 9.999996e-01 8.781071e-04 -4.748658e-01 4.578865e-03 -8.768461e-04 9.999891e-01 4.635484e+00
9.999997e-01 -3.507788e-04 7.356171e-04 3.125721e+01 3.509988e-04 9.999999e-01 -2.994128e-04 -4.531573e-01 -7.355123e-04 2.996703e-04 9.999997e-01 2.880870e+00
9.999904e-01 2.840875e-04 -4.365699e-03 3.131019e+01 -2.801416e-04 9.999996e-01 9.043509e-04 -4.328756e-01 4.365954e-03 -9.031186e-04 9.999901e-01 1.181804e+00
9.999997e-01 -4.937360e-04 6.604032e-04 3.155541e+01 4.939276e-04 9.999998e-01 -2.904001e-04 -4.057816e-01 -6.602599e-04 2.907255e-04 9.999997e-01 -7.067934e-01
9.999903e-01 2.945069e-04 -4.400707e-03 3.202987e+01 -2.906392e-04 9.999996e-01 8.794259e-04 -3.977260e-01 4.400964e-03 -8.781377e-04 9.999899e-01 -1.511973e+00
9.999995e-01 -3.152051e-04 9.306007e-04 3.216537e+01 3.155930e-04 9.999999e-01 -4.170187e-04 -4.002068e-01 -9.304693e-04 4.173115e-04 9.999995e-01 -1.852957e+00
9.999896e-01 2.544018e-04 -4.555796e-03 3.220272e+01 -2.499456e-04 9.999995e-01 9.785993e-04 -3.870503e-01 4.556043e-03 -9.774497e-04 9.999891e-01 -3.224760e+00
9.999996e-01 -2.594993e-04 8.747047e-04 3.224474e+01 2.598843e-04 9.999999e-01 -4.403569e-04 -3.669838e-01 -8.745906e-04 4.405834e-04 9.999995e-01 -4.942730e+00
9.999908e-01 1.019746e-04 -4.295106e-03 3.252236e+01 -9.814355e-05 9.999996e-01 8.920926e-04 -3.653994e-01 4.295195e-03 -8.916622e-04 9.999904e-01 -5.543313e+00
9.999995e-01 -1.297894e-05 1.041419e-03 3.262969e+01 1.353290e-05 9.999999e-01 -5.322203e-04 -3.769159e-01 -1.041412e-03 5.322334e-04 9.999993e-01 -5.616475e+00
9.999910e-01 2.332795e-04 -4.240313e-03 3.264335e+01 -2.298863e-04 9.999997e-01 8.006034e-04 -3.916572e-01 4.240499e-03 -7.996207e-04 9.999907e-01 -5.091362e+00
9.999997e-01 -2.158287e-04 8.073185e-04 3.269545e+01 2.161407e-04 9.999999e-01 -3.868205e-04 -3.942839e-01 -8.072352e-04 3.869943e-04 9.999996e-01 -5.608153e+00
9.999910e-01 2.525371e-04 -4.224457e-03 3.270987e+01 -2.491251e-04 9.999996e-01 8.081056e-04 -3.979558e-01 4.224660e-03 -8.070453e-04 9.999908e-01 -6.061371e+00
9.999995e-01 -2.114797e-04 9.552294e-04 3.291689e+01 2.119067e-04 9.999999e-01 -4.472609e-04 -4.101065e-01 -9.551349e-04 4.474625e-04 9.999994e-01 -6.100064e+00
