9.999931e-01 1.704168e-04 -3.711561e-03 -2.746908e-01 -1.690734e-04 9.999999e-01 3.622561e-04 3.909505e-03 3.711622e-03 -3.616268e-04 9.999930e-01 1.095967e-01
1.000000e+00 5.290770e-06 -1.504591e-04 -6.586369e-01 -5.282571e-06 1.000000e+00 5.432102e-05 1.201562e-02 1.504598e-04 -5.431952e-05 1.000000e+00 1.287023e-01
9.999936e-01 1.539306e-04 -3.586228e-03 -9.501226e-01 -1.528782e-04 9.999999e-01 2.937238e-04 1.801982e-02 3.586272e-03 -2.931744e-04 9.999935e-01 1.458694e-01
9.999996e-01 3.926804e-04 7.667584e-04 -8.744791e-01 -3.927437e-04 9.999999e-01 8.252562e-05 -7.478348e-03 -7.667256e-04 -8.282602e-05 9.999997e-01 1.403074e+00
9.999927e-01 1.792561e-04 -3.824765e-03 -1.194798e+00 -1.797804e-04 1.000000e+00 -1.367143e-04 -7.908991e-03 3.824740e-03 1.374002e-04 9.999927e-01 2.984242e+00
9.999998e-01 1.682975e-04 -5.451195e-04 -1.940222e+00 -1.680301e-04 9.999999e-01 4.905397e-04 2.386287e-02 5.452024e-04 -4.904473e-04 9.999997e-01 3.462137e+00
9.999917e-01 2.333269e-04 -4.072326e-03 -2.929463e+00 -2.334945e-04 1.000000e+00 -4.067264e-05 6.444390e-02 4.072316e-03 4.162245e-05 9.999917e-01 3.624290e+00
1.000000e+00 3.890972e-05 2.840387e-04 -3.367530e+00 -3.901187e-05 9.999999e-01 3.597476e-04 7.442062e-02 -2.840244e-04 -3.597580e-04 9.999999e-01 3.944170e+00
9.999940e-01 1.128392e-04 -3.461648e-03 -3.307846e+00 -1.127692e-04 1.000000e+00 2.041418e-05 6.500482e-02 3.461650e-03 -2.002440e-05 9.999940e-01 4.148074e+00
9.999999e-01 1.178645e-04 4.819209e-04 -3.283448e+00 -1.180003e-04 1.000000e+00 2.818550e-04 4.650599e-02 -4.818874e-04 -2.819111e-04 9.999998e-01 4.759882e+00
9.999916e-01 1.100084e-04 -4.100717e-03 -3.406455e+00 -1.097882e-04 1.000000e+00 5.393210e-05 4.947061e-02 4.100723e-03 -5.348214e-05 9.999916e-01 5.304362e+00
9.999999e-01 1.355059e-04 3.018335e-04 -3.522558e+00 -1.355989e-04 9.999999e-01 3.084184e-04 5.346384e-02 -3.017913e-04 -3.084586e-04 9.999999e-01 5.828402e+00
9.999938e-01 1.679037e-04 -3.507797e-03 -3.630352e+00 -1.678731e-04 1.000000e+00 9.024842e-06 4.872794e-02 3.507799e-03 -8.436634e-06 9.999938e-01 6.569589e+00
1.000000e+00 9.851581e-06 -2.167297e-04 -3.404367e+00 -9.755899e-06 9.999999e-01 4.412890e-04 4.455693e-02 2.167343e-04 -4.412862e-04 9.999999e-01 6.972319e+00
9.999932e-01 5.841829e-05 -3.684837e-03 -2.623762e+00 -5.764364e-05 1.000000e+00 2.103441e-04 3.049547e-02 3.684849e-03 -2.101310e-04 9.999932e-01 7.110965e+00
9.999999e-01 1.083124e-04 -3.905360e-04 -2.021941e+00 -1.081695e-04 9.999999e-01 3.657381e-04 1.924092e-02 3.905759e-04 -3.656951e-04 9.999999e-01 7.523288e+00
9.999948e-01 2.669096e-04 -3.206511e-03 -1.574743e+00 -2.664673e-04 1.000000e+00 1.383948e-04 -1.329671e-03 3.206547e-03 -1.375403e-04 9.999948e-01 8.194281e+00
9.999999e-01 2.770203e-04 3.958628e-04 -1.240527e+00 -2.771254e-04 9.999999e-01 2.656272e-04 -3.707014e-02 -3.957889e-04 -2.657362e-04 9.999999e-01 9.199540e+00
9.999942e-01 2.363419e-04 -3.403906e-03 -1.045206e+00 -2.363258e-04 1.000000e+00 5.150419e-06 -6.470037e-02 3.403907e-03 -4.346670e-06 9.999942e-01 1.014958e+01
1.000000e+00 1.277398e-04 -2.219492e-04 -6.269329e-01 -1.276375e-04 9.999999e-01 4.606695e-04 -8.920463e-02 2.220084e-04 -4.606405e-04 9.999999e-01 1.074107e+01
9.999956e-01 8.512620e-05 -2.968085e-03 -5.328143e-02 -8.508435e-05 1.000000e+00 1.424366e-05 -1.171939e-01 2.968086e-03 -1.399178e-05 9.999956e-01 1.116793e+01
1.000000e+00 1.486155e-04 -7.819945e-05 4.925095e-01 -1.485823e-04 9.999999e-01 4.239704e-04 -1.520324e-01 7.826279e-05 -4.239580e-04 9.999999e-01 1.167257e+01
9.999956e-01 -1.351649e-05 -2.951508e-03 1.070348e+00 1.366525e-05 1.000000e+00 5.040089e-05 -1.770138e-01 2.951507e-03 -5.044172e-05 9.999956e-01 1.190550e+01
9.999999e-01 1.926874e-04 -3.694993e-04 1.632642e+00 -1.925330e-04 9.999999e-01 4.175912e-04 -2.046096e-01 3.695801e-04 -4.175193e-04 9.999998e-01 1.227243e+01
9.999955e-01 -7.413445e-05 -2.993845e-03 2.203617e+00 7.438424e-05 1.000000e+00 8.334053e-05 -2.283492e-01 2.993838e-03 -8.356356e-05 9.999955e-01 1.255355e+01
9.999997e-01 3.942327e-04 -6.638349e-04 2.295158e+00 -3.940190e-04 9.999999e-01 3.218937e-04 -2.336075e-01 6.639621e-04 -3.216314e-04 9.999997e-01 1.316042e+01
9.999964e-01 -3.858398e-04 -2.669194e-03 2.660920e+00 3.863401e-04 9.999999e-01 1.869455e-04 -2.373712e-01 2.669121e-03 -1.879767e-04 9.999964e-01 1.273642e+01
9.999998e-01 3.935996e-04 -4.579930e-04 2.960130e+00 -3.934512e-04 9.999999e-01 3.239349e-04 -2.496539e-01 4.581208e-04 -3.237539e-04 9.999998e-01 1.261390e+01
9.999949e-01 -2.299396e-04 -3.193626e-03 3.051512e+00 2.302201e-04 1.000000e+00 8.750002e-05 -2.556793e-01 3.193606e-03 -8.823552e-05 9.999949e-01 1.294995e+01
9.999992e-01 4.196995e-04 -1.186803e-03 2.541028e+00 -4.193653e-04 9.999999e-01 2.818026e-04 -2.268328e-01 1.186922e-03 -2.813040e-04 9.999993e-01 1.352166e+01
9.999946e-01 -1.706200e-04 -3.280655e-03 1.905709e+00 1.709065e-04 1.000000e+00 8.705767e-05 -1.957307e-01 3.280640e-03 -8.761860e-05 9.999946e-01 1.381787e+01
9.999993e-01 3.797827e-04 -1.110805e-03 1.323655e+00 -3.794116e-04 9.999999e-01 3.342219e-04 -1.676278e-01 1.110932e-03 -3.337995e-04 9.999993e-01 1.415967e+01
9.999960e-01 -1.448723e-04 -2.833929e-03 1.077302e+00 1.447864e-04 1.000000e+00 -3.050677e-05 -1.587048e-01 2.833933e-03 3.009562e-05 9.999960e-01 1.464534e+01
9.999999e-01 3.026279e-04 -2.793389e-04 1.189395e+00 -3.025214e-04 9.999999e-01 3.807998e-04 -1.758234e-01 2.794544e-04 -3.807145e-04 9.999999e-01 1.498018e+01
9.999963e-01 -1.121013e-04 -2.733851e-03 1.271417e+00 1.119382e-04 1.000000e+00 -5.979223e-05 -1.955089e-01 2.733858e-03 5.948527e-05 9.999963e-01 1.543427e+01
9.999999e-01 2.605276e-04 -4.332848e-04 1.271143e+00 -2.603602e-04 9.999999e-01 3.863797e-04 -2.090398e-01 4.333857e-04 -3.862661e-04 9.999998e-01 1.582983e+01
9.999952e-01 -8.347589e-05 -3.110472e-03 1.164737e+00 8.344135e-05 1.000000e+00 -1.121242e-05 -2.178954e-01 3.110473e-03 1.095211e-05 9.999952e-01 1.601715e+01
9.999985e-01 4.084286e-04 -1.694264e-03 3.213849e-01 -4.076870e-04 9.999998e-01 4.379955e-04 -1.741937e-01 1.694443e-03 -4.373034e-04 9.999985e-01 1.648909e+01
9.999945e-01 -5.738939e-05 -3.321090e-03 -4.325717e-01 5.667957e-05 1.000000e+00 -2.138006e-04 -1.276751e-01 3.321102e-03 2.136105e-04 9.999945e-01 1.717637e+01
9.999999e-01 1.823092e-04 -2.763534e-04 2.046141e-01 -1.820962e-04 9.999997e-01 7.703444e-04 -1.513959e-01 2.764941e-04 -7.702934e-04 9.999997e-01 1.740466e+01
9.999958e-01 -1.543246e-04 -2.895362e-03 1.112577e+00 1.540076e-04 1.000000e+00 -1.096876e-04 -1.705318e-01 2.895379e-03 1.092405e-04 9.999958e-01 1.746594e+01
9.999999e-01 2.125363e-04 -3.112615e-04 1.572018e+00 -2.123393e-04 9.999998e-01 6.326057e-04 -1.869445e-01 3.113962e-04 -6.325388e-04 9.999998e-01 1.753301e+01
9.999951e-01 -1.180859e-04 -3.138817e-03 1.505816e+00 1.173513e-04 1.000000e+00 -2.341884e-04 -1.923864e-01 3.138844e-03 2.338182e-04 9.999950e-01 1.781629e+01
9.999997e-01 3.301887e-04 -6.931338e-04 1.278236e+00 -3.298275e-04 9.999998e-01 5.210403e-04 -1.858040e-01 6.933060e-04 -5.208109e-04 9.999996e-01 1.822434e+01
9.999958e-01 -1.602824e-04 -2.899258e-03 1.018892e+00 1.599849e-04 1.000000e+00 -1.028500e-04 -1.853679e-01 2.899274e-03 1.023850e-04 9.999958e-01 1.832624e+01
9.999997e-01 3.748979e-04 -5.997247e-04 8.961865e-01 -3.746489e-04 9.999998e-01 4.150947e-04 -1.886950e-01 5.998806e-04 -4.148692e-04 9.999997e-01 1.890753e+01
9.999952e-01 -5.002153e-05 -3.086634e-03 5.934126e-01 5.013003e-05 1.000000e+00 3.510054e-05 -1.821236e-01 3.086632e-03 -3.525581e-05 9.999952e-01 1.976368e+01
9.999982e-01 5.277424e-04 -1.822182e-03 -4.502167e-01 -5.270473e-04 9.999998e-01 3.818494e-04 -1.351893e-01 1.822383e-03 -3.808876e-04 9.999983e-01 2.022234e+01
9.999967e-01 -3.015001e-04 -2.542521e-03 -9.471693e-01 3.013960e-04 1.000000e+00 -4.131374e-05 -1.097300e-01 2.542533e-03 4.054659e-05 9.999968e-01 2.064353e+01
9.999983e-01 5.778798e-04 -1.747502e-03 -1.598791e+00 -5.771088e-04 9.999997e-01 4.416121e-04 -8.468849e-02 1.747757e-03 -4.406022e-04 9.999984e-01 2.078312e+01
9.999959e-01 -3.147882e-04 -2.835778e-03 -2.295664e+00 3.146306e-04 9.999999e-01 -5.601884e-05 -4.639381e-02 2.835795e-03 5.512568e-05 9.999960e-01 2.123739e+01
9.999986e-01 5.313423e-04 -1.574914e-03 -2.796355e+00 -5.308025e-04 9.999998e-01 3.430680e-04 -1.758095e-02 1.575096e-03 -3.422308e-04 9.999987e-01 2.178379e+01
9.999973e-01 -3.401115e-04 -2.281712e-03 -3.059699e+00 3.400997e-04 9.999999e-01 -5.496630e-06 -9.729354e-03 2.281713e-03 4.719897e-06 9.999974e-01 2.212675e+01
9.999993e-01 5.554067e-04 -1.020343e-03 -2.905074e+00 -5.550341e-04 9.999998e-01 3.653669e-04 -2.922538e-02 1.020546e-03 -3.647996e-04 9.999994e-01 2.255939e+01
9.999979e-01 -2.060175e-04 -2.056240e-03 -2.488437e+00 2.061488e-04 1.000000e+00 6.372802e-05 -6.396939e-02 2.056227e-03 -6.415248e-05 9.999979e-01 2.318612e+01
9.999994e-01 4.359291e-04 -9.993895e-04 -2.224324e+00 -4.355450e-04 9.999998e-01 3.843560e-04 -8.621892e-02 9.995572e-04 -3.839198e-04 9.999994e-01 2.369614e+01
9.999957e-01 -2.232951e-04 -2.916629e-03 -2.661017e+00 2.234080e-04 1.000000e+00 3.841211e-05 -7.355341e-02 2.916620e-03 -3.906426e-05 9.999957e-01 2.386902e+01
9.999990e-01 4.852916e-04 -1.290358e-03 -3.272168e+00 -4.848470e-04 9.999998e-01 3.447770e-04 -4.814883e-02 1.290525e-03 -3.441504e-04 9.999991e-01 2.410799e+01
9.999980e-01 -1.705195e-04 -2.009677e-03 -3.349339e+00 1.704368e-04 1.000000e+00 -4.123371e-05 -5.594816e-02 2.009684e-03 4.089039e-05 9.999980e-01 2.490592e+01
9.999994e-01 4.883682e-04 -9.617274e-04 -3.030943e+00 -4.879163e-04 9.999998e-01 4.699141e-04 -7.779481e-02 9.619570e-04 -4.694438e-04 9.999994e-01 2.572760e+01
9.999970e-01 -1.573751e-04 -2.444953e-03 -2.466051e+00 1.574583e-04 1.000000e+00 3.387405e-05 -1.059382e-01 2.444948e-03 -3.425963e-05 9.999970e-01 2.640860e+01
9.999996e-01 4.761831e-04 -7.133448e-04 -2.180774e+00 -4.759059e-04 9.999998e-01 3.885877e-04 -1.335427e-01 7.135300e-04 -3.882473e-04 9.999997e-01 2.705698e+01
9.999947e-01 -3.163769e-04 -3.241331e-03 -2.464715e+00 3.163333e-04 9.999999e-01 -1.393200e-05 -1.227556e-01 3.241335e-03 1.290588e-05 9.999947e-01 2.767044e+01
9.999997e-01 5.576257e-04 -6.142296e-04 -2.739859e+00 -5.574614e-04 9.999998e-01 2.674062e-04 -1.133759e-01 6.143789e-04 -2.670630e-04 9.999998e-01 2.842009e+01
9.999967e-01 -2.928360e-04 -2.549154e-03 -2.707920e+00 2.929212e-04 1.000000e+00 3.310867e-05 -1.291864e-01 2.549144e-03 -3.385597e-05 9.999968e-01 2.901021e+01
9.999990e-01 5.489862e-04 -1.267498e-03 -2.997049e+00 -5.484571e-04 9.999998e-01 4.176706e-04 -1.224725e-01 1.267727e-03 -4.169744e-04 9.999991e-01 2.941063e+01
9.999954e-01 -3.196569e-04 -3.023608e-03 -3.583448e+00 3.197878e-04 9.999999e-01 4.284820e-05 -9.601860e-02 3.023594e-03 -4.381562e-05 9.999954e-01 2.994249e+01
9.999994e-01 7.245370e-04 -7.803900e-04 -3.631605e+00 -7.242596e-04 9.999997e-01 3.554985e-04 -9.659805e-02 7.806476e-04 -3.549324e-04 9.999996e-01 3.063365e+01
9.999970e-01 -2.878576e-04 -2.450526e-03 -3.550486e+00 2.882109e-04 9.999999e-01 1.438431e-04 -1.194093e-01 2.450485e-03 -1.445497e-04 9.999970e-01 3.177265e+01
9.999989e-01 7.012650e-04 -1.287882e-03 -3.739746e+00 -7.011887e-04 9.999998e-01 5.962024e-05 -1.217406e-01 1.287924e-03 -5.871642e-05 9.999992e-01 3.291440e+01
9.999953e-01 -5.000754e-04 -3.031723e-03 -4.210919e+00 5.011209e-04 9.999998e-01 3.441404e-04 -9.881784e-02 3.031550e-03 -3.456588e-04 9.999953e-01 3.354906e+01
9.999974e-01 8.905964e-04 -2.118992e-03 -5.170598e+00 -8.905915e-04 9.999996e-01 3.193434e-06 -4.524803e-02 2.118994e-03 -1.305562e-06 9.999978e-01 3.406795e+01
9.999989e-01 -6.595093e-04 -1.346936e-03 -5.269033e+00 6.598524e-04 9.999997e-01 2.543430e-04 -5.163086e-02 1.346767e-03 -2.552322e-04 9.999991e-01 3.472758e+01
9.999976e-01 8.242214e-04 -2.047322e-03 -5.367444e+00 -8.240254e-04 9.999997e-01 9.652266e-05 -5.702307e-02 2.047401e-03 -9.483468e-05 9.999979e-01 3.520634e+01
9.999978e-01 -6.073513e-04 -2.027974e-03 -5.830032e+00 6.079157e-04 9.999998e-01 2.777381e-04 -3.945345e-02 2.027805e-03 -2.789711e-04 9.999979e-01 3.552359e+01
9.999974e-01 8.002561e-04 -2.157713e-03 -6.289742e+00 -8.000936e-04 9.999997e-01 7.610170e-05 -1.684544e-02 2.157774e-03 -7.437442e-05 9.999977e-01 3.598662e+01
9.999972e-01 -4.765408e-04 -2.297688e-03 -7.026551e+00 4.772384e-04 9.999998e-01 3.031048e-04 1.826004e-02 2.297543e-03 -3.042012e-04 9.999973e-01 3.636197e+01
9.999986e-01 7.853194e-04 -1.444780e-03 -7.479641e+00 -7.852915e-04 9.999997e-01 1.975661e-05 3.168371e-02 1.444796e-03 -1.862131e-05 9.999990e-01 3.679344e+01
9.999985e-01 -3.531939e-04 -1.713518e-03 -7.324853e+00 3.537339e-04 9.999999e-01 3.149533e-04 1.198692e-02 1.713406e-03 -3.155597e-04 9.999985e-01 3.775110e+01
9.999985e-01 7.977234e-04 -1.550720e-03 -7.480798e+00 -7.977551e-04 9.999997e-01 -1.990894e-05 4.442796e-03 1.550704e-03 2.114671e-05 9.999988e-01 3.900248e+01
9.999971e-01 -4.483331e-04 -2.365668e-03 -7.730168e+00 4.490317e-04 9.999999e-01 2.948407e-04 1.385585e-02 2.365536e-03 -2.959028e-04 9.999972e-01 3.987733e+01
9.999992e-01 7.824941e-04 -9.509985e-04 -7.540283e+00 -7.823945e-04 9.999997e-01 1.049862e-04 -1.044176e-02 9.510807e-04 -1.042414e-04 9.999995e-01 4.053624e+01
9.999943e-01 -5.324243e-04 -3.337779e-03 -8.021800e+00 5.332909e-04 9.999998e-01 2.587866e-04 1.489246e-02 3.337640e-03 -2.605659e-04 9.999944e-01 4.142542e+01
9.999984e-01 8.578952e-04 -1.584386e-03 -8.765865e+00 -8.579134e-04 9.999996e-01 -1.093636e-05 6.323481e-02 1.584376e-03 1.229631e-05 9.999987e-01 4.230452e+01
9.999975e-01 -6.509919e-04 -2.134347e-03 -8.946208e+00 6.516939e-04 9.999997e-01 3.282992e-04 6.509968e-02 2.134133e-03 -3.296901e-04 9.999977e-01 4.291457e+01
9.999975e-01 9.041985e-04 -2.056063e-03 -9.542639e+00 -9.040035e-04 9.999996e-01 9.573422e-05 8.784055e-02 2.056149e-03 -9.387458e-05 9.999979e-01 4.316932e+01
9.999964e-01 -6.120200e-04 -2.612202e-03 -1.026119e+01 6.126512e-04 9.999998e-01 2.408966e-04 1.269306e-01 2.612054e-03 -2.424968e-04 9.999966e-01 4.362063e+01
9.999972e-01 9.323987e-04 -2.179943e-03 -1.112403e+01 -9.319463e-04 9.999995e-01 2.084697e-04 1.670389e-01 2.180137e-03 -2.064369e-04 9.999976e-01 4.388330e+01
9.999977e-01 -6.273778e-04 -2.042543e-03 -1.185653e+01 6.278864e-04 9.999998e-01 2.484598e-04 1.908293e-01 2.042387e-03 -2.497425e-04 9.999979e-01 4.386663e+01
9.999970e-01 9.371286e-04 -2.250539e-03 -1.258290e+01 -9.367126e-04 9.999995e-01 1.858157e-04 2.170155e-01 2.250712e-03 -1.837063e-04 9.999975e-01 4.395521e+01
9.999990e-01 -7.106532e-04 -1.258942e-03 -1.264574e+01 7.108544e-04 9.999997e-01 1.594942e-04 2.115024e-01 1.258828e-03 -1.603897e-04 9.999992e-01 4.449021e+01
9.999977e-01 1.024391e-03 -1.877994e-03 -1.243236e+01 -1.023926e-03 9.999994e-01 2.484045e-04 1.855566e-01 1.878248e-03 -2.464803e-04 9.999982e-01 4.511718e+01
9.999989e-01 -8.045828e-04 -1.207312e-03 -1.232794e+01 8.046783e-04 9.999997e-01 7.869411e-05 1.636070e-01 1.207248e-03 -7.966623e-05 9.999993e-01 4.562598e+01
9.999974e-01 9.755578e-04 -2.078713e-03 -1.238409e+01 -9.751444e-04 9.999995e-01 1.998176e-04 1.544207e-01 2.078907e-03 -1.977893e-04 9.999978e-01 4.610416e+01
9.999990e-01 -7.868341e-04 -1.209311e-03 -1.242069e+01 7.869404e-04 9.999997e-01 8.757306e-05 1.421116e-01 1.209242e-03 -8.852532e-05 9.999993e-01 4.669018e+01
9.999962e-01 9.867218e-04 -2.568474e-03 -1.272970e+01 -9.859498e-04 9.999995e-01 3.017861e-04 1.452633e-01 2.568771e-03 -2.992519e-04 9.999967e-01 4.686412e+01
9.999988e-01 -7.596353e-04 -1.331097e-03 -1.318242e+01 7.597757e-04 9.999997e-01 1.051125e-04 1.548414e-01 1.331016e-03 -1.061244e-04 9.999991e-01 4.691707e+01
9.999973e-01 1.269841e-03 -1.933395e-03 -1.385119e+01 -1.269113e-03 9.999991e-01 3.778802e-04 1.711372e-01 1.933874e-03 -3.754247e-04 9.999981e-01 4.808614e+01
9.999995e-01 -5.582468e-04 -8.363902e-04 -1.411990e+01 5.578861e-04 9.999998e-01 -4.311786e-04 1.649960e-01 8.366304e-04 4.307110e-04 9.999996e-01 4.969412e+01
9.999970e-01 7.787081e-04 -2.334251e-03 -1.390483e+01 -7.768053e-04 9.999994e-01 8.159005e-04 1.425243e-01 2.334885e-03 -8.140841e-04 9.999969e-01 5.008863e+01
9.999996e-01 -5.433367e-04 -7.704982e-04 -1.377194e+01 5.429711e-04 9.999997e-01 -4.744002e-04 1.207034e-01 7.707555e-04 4.739809e-04 9.999996e-01 5.057342e+01
9.999969e-01 8.073812e-04 -2.355248e-03 -1.363832e+01 -8.053844e-04 9.999993e-01 8.485700e-04 1.000905e-01 2.355932e-03 -8.466698e-04 9.999969e-01 5.105582e+01
9.999996e-01 -4.778300e-04 -7.639048e-04 -1.341535e+01 4.774522e-04 9.999998e-01 -4.944180e-04 7.656396e-02 7.641406e-04 4.940524e-04 9.999996e-01 5.165140e+01
9.999970e-01 8.301824e-04 -2.312921e-03 -1.335246e+01 -8.282116e-04 9.999993e-01 8.528283e-04 5.818618e-02 2.313627e-03 -8.509095e-04 9.999970e-01 5.243333e+01
9.999987e-01 -5.182049e-04 -1.514804e-03 -1.383462e+01 5.173050e-04 9.999997e-01 -5.943142e-04 7.801247e-02 1.515111e-03 5.935291e-04 9.999987e-01 5.312241e+01
9.999958e-01 8.595457e-04 -2.767666e-03 -1.439565e+01 -8.573393e-04 9.999993e-01 7.982455e-04 1.063846e-01 2.768351e-03 -7.958686e-04 9.999959e-01 5.387742e+01
9.999991e-01 -5.605810e-04 -1.255679e-03 -1.494578e+01 5.601872e-04 9.999998e-01 -3.137845e-04 1.165468e-01 1.255855e-03 3.130800e-04 9.999992e-01 5.350117e+01
9.999956e-01 8.498083e-04 -2.832811e-03 -1.553210e+01 -8.472793e-04 9.999992e-01 8.937790e-04 1.303249e-01 2.833569e-03 -8.913742e-04 9.999956e-01 5.276099e+01
9.999998e-01 -5.679265e-04 -2.695969e-05 -1.554843e+01 5.679086e-04 9.999996e-01 -6.533286e-04 1.116095e-01 2.733041e-05 6.533125e-04 9.999998e-01 5.355564e+01
9.999959e-01 8.390922e-04 -2.723776e-03 -1.544025e+01 -8.369394e-04 9.999993e-01 7.913706e-04 8.298700e-02 2.724439e-03 -7.890870e-04 9.999960e-01 5.423417e+01
9.999993e-01 -7.248657e-04 -8.870237e-04 -1.557363e+01 7.246030e-04 9.999997e-01 -2.962853e-04 8.549272e-02 8.872379e-04 2.956416e-04 9.999996e-01 5.335238e+01
9.999954e-01 9.373290e-04 -2.894668e-03 -1.587710e+01 -9.350813e-04 9.999993e-01 7.777059e-04 8.860708e-02 2.895395e-03 -7.749949e-04 9.999955e-01 5.262737e+01
9.999994e-01 -6.961167e-04 -8.576736e-04 -1.630407e+01 6.958584e-04 9.999997e-01 -3.012958e-04 9.386338e-02 8.578828e-04 3.006981e-04 9.999996e-01 5.235708e+01
9.999962e-01 1.191534e-03 -2.497802e-03 -1.699620e+01 -1.189619e-03 9.999990e-01 7.680159e-04 1.092376e-01 2.498715e-03 -7.650409e-04 9.999966e-01 5.343641e+01
9.999985e-01 -4.971699e-04 -1.685975e-03 -1.792407e+01 4.961742e-04 9.999997e-01 -5.908341e-04 1.428189e-01 1.686268e-03 5.899959e-04 9.999984e-01 5.442311e+01
9.999974e-01 7.072697e-04 -2.162580e-03 -1.826512e+01 -7.052389e-04 9.999993e-01 9.396078e-04 1.523751e-01 2.163243e-03 -9.380795e-04 9.999972e-01 5.449625e+01
9.999991e-01 -6.696711e-04 -1.123212e-03 -1.795075e+01 6.691871e-04 9.999997e-01 -4.310451e-04 1.428342e-01 1.123500e-03 4.302924e-04 9.999993e-01 5.433293e+01
9.999964e-01 8.703084e-04 -2.542806e-03 -1.804834e+01 -8.681909e-04 9.999993e-01 8.336451e-04 1.425465e-01 2.543530e-03 -8.314338e-04 9.999964e-01 5.461267e+01
9.999992e-01 -6.744142e-04 -1.092987e-03 -1.807410e+01 6.739394e-04 9.999997e-01 -4.345394e-04 1.397040e-01 1.093279e-03 4.338017e-04 9.999993e-01 5.481926e+01
9.999981e-01 8.888476e-04 -1.737495e-03 -1.730574e+01 -8.871715e-04 9.999991e-01 9.651076e-04 1.053650e-01 1.738352e-03 -9.635636e-04 9.999980e-01 5.527025e+01
9.999993e-01 -7.264194e-04 -9.743387e-04 -1.665501e+01 7.259552e-04 9.999996e-01 -4.764732e-04 7.704337e-02 9.746841e-04 4.757648e-04 9.999994e-01 5.558316e+01
9.999972e-01 7.014909e-04 -2.243763e-03 -1.639556e+01 -6.992532e-04 9.999993e-01 9.978129e-04 7.773836e-02 2.244462e-03 -9.962405e-04 9.999970e-01 5.494408e+01
9.999986e-01 -4.631249e-04 -1.633856e-03 -1.693581e+01 4.622859e-04 9.999998e-01 -5.137346e-04 9.143113e-02 1.634093e-03 5.129779e-04 9.999985e-01 5.476660e+01
9.999966e-01 7.714792e-04 -2.475702e-03 -1.756197e+01 -7.692573e-04 9.999993e-01 8.982262e-04 1.106310e-01 2.476394e-03 -8.963180e-04 9.999965e-01 5.480992e+01
9.999995e-01 -6.501856e-04 -7.220067e-04 -1.757663e+01 6.498471e-04 9.999997e-01 -4.686819e-04 1.040035e-01 7.223109e-04 4.682118e-04 9.999996e-01 5.474173e+01
9.999957e-01 7.312549e-04 -2.827762e-03 -1.767106e+01 -7.286033e-04 9.999993e-01 9.385347e-04 1.089398e-01 2.828446e-03 -9.364697e-04 9.999956e-01 5.422668e+01
9.999995e-01 -6.035778e-04 -7.715976e-04 -1.790367e+01 6.032049e-04 9.999997e-01 -4.832481e-04 1.111032e-01 7.718887e-04 4.827817e-04 9.999996e-01 5.373986e+01
9.999965e-01 6.413666e-04 -2.557374e-03 -1.783764e+01 -6.389540e-04 9.999994e-01 9.440446e-04 1.102934e-01 2.557978e-03 -9.424066e-04 9.999963e-01 5.324380e+01
9.999996e-01 -6.447829e-04 -6.695483e-04 -1.770239e+01 6.444542e-04 9.999997e-01 -4.908029e-04 1.068532e-01 6.698643e-04 4.903705e-04 9.999997e-01 5.275130e+01
9.999970e-01 6.557748e-04 -2.366718e-03 -1.739786e+01 -6.536183e-04 9.999994e-01 9.117572e-04 9.390307e-02 2.367315e-03 -9.102068e-04 9.999968e-01 5.267068e+01
9.999995e-01 -6.116016e-04 -7.271883e-04 -1.713137e+01 6.112425e-04 9.999997e-01 -4.937048e-04 8.111284e-02 7.274897e-04 4.932594e-04 9.999996e-01 5.253770e+01
9.999970e-01 5.739619e-04 -2.387132e-03 -1.683561e+01 -5.716247e-04 9.999994e-01 9.795495e-04 7.861366e-02 2.387693e-03 -9.781813e-04 9.999967e-01 5.197882e+01
9.999996e-01 -4.508921e-04 -7.946954e-04 -1.665852e+01 4.504118e-04 9.999997e-01 -6.042191e-04 6.202334e-02 7.949673e-04 6.038602e-04 9.999995e-01 5.213688e+01
9.999978e-01 5.954454e-04 -2.035190e-03 -1.625142e+01 -5.933915e-04 9.999993e-01 1.009567e-03 3.439003e-02 2.035791e-03 -1.008356e-03 9.999974e-01 5.249015e+01
9.999996e-01 -4.202352e-04 -7.731628e-04 -1.592727e+01 4.197567e-04 9.999997e-01 -6.186879e-04 7.047172e-03 7.734223e-04 6.183624e-04 9.999995e-01 5.286710e+01
9.999975e-01 5.192876e-04 -2.154352e-03 -1.568810e+01 -5.171783e-04 9.999994e-01 9.794341e-04 -1.223748e-02 2.154860e-03 -9.783168e-04 9.999972e-01 5.315908e+01
9.999996e-01 -4.508475e-04 -7.370073e-04 -1.531908e+01 4.504459e-04 9.999998e-01 -5.446819e-04 -3.246332e-02 7.372523e-04 5.443490e-04 9.999996e-01 5.331008e+01
9.999972e-01 6.990821e-04 -2.279641e-03 -1.497973e+01 -6.969892e-04 9.999993e-01 9.186545e-04 -5.994080e-02 2.280282e-03 -9.170623e-04 9.999970e-01 5.377763e+01
9.999997e-01 -4.307981e-04 -6.965689e-04 -1.468109e+01 4.303986e-04 9.999997e-01 -5.732640e-04 -8.818047e-02 6.968154e-04 5.729633e-04 9.999996e-01 5.425548e+01
9.999970e-01 6.318740e-04 -2.383487e-03 -1.463212e+01 -6.297469e-04 9.999994e-01 8.929729e-04 -1.045944e-01 2.384050e-03 -8.914685e-04 9.999968e-01 5.468863e+01
9.999998e-01 -3.490521e-04 -5.066018e-04 -1.451482e+01 3.487359e-04 9.999997e-01 -6.238354e-04 -1.305372e-01 5.068191e-04 6.236579e-04 9.999997e-01 5.535370e+01
9.999967e-01 7.227983e-04 -2.452832e-03 -1.433994e+01 -7.205093e-04 9.999993e-01 9.338823e-04 -1.587849e-01 2.453505e-03 -9.321113e-04 9.999966e-01 5.616430e+01
9.999995e-01 -4.855896e-04 -8.937022e-04 -1.436582e+01 4.850556e-04 9.999997e-01 -5.973237e-04 -1.654197e-01 8.939917e-04 5.968892e-04 9.999994e-01 5.664120e+01
9.999943e-01 7.293968e-04 -3.290551e-03 -1.492795e+01 -7.261782e-04 9.999993e-01 9.791710e-04 -1.395754e-01 3.291263e-03 -9.767753e-04 9.999941e-01 5.713696e+01
9.999995e-01 -4.668332e-04 -9.001700e-04 -1.543569e+01 4.661823e-04 9.999996e-01 -7.228641e-04 -1.114787e-01 9.005068e-04 7.224433e-04 9.999993e-01 5.792639e+01
9.999964e-01 6.857914e-04 -2.605122e-03 -1.558057e+01 -6.831690e-04 9.999993e-01 1.007321e-03 -1.111424e-01 2.605812e-03 -1.005536e-03 9.999961e-01 5.849465e+01
9.999998e-01 -3.629924e-04 -4.248430e-04 -1.584647e+01 3.626746e-04 9.999997e-01 -7.472279e-04 -1.092612e-01 4.251138e-04 7.470730e-04 9.999996e-01 5.959501e+01
9.999956e-01 7.863151e-04 -2.869850e-03 -1.601448e+01 -7.838481e-04 9.999993e-01 8.605943e-04 -1.196989e-01 2.870525e-03 -8.583403e-04 9.999955e-01 6.029458e+01
9.999996e-01 -8.223472e-04 -4.728274e-04 -1.573203e+01 8.221756e-04 9.999996e-01 -3.625981e-04 -1.240961e-01 4.731251e-04 3.622085e-04 9.999998e-01 5.995472e+01
9.999955e-01 1.020193e-03 -2.805882e-03 -1.568046e+01 -1.018026e-03 9.999992e-01 7.734051e-04 -1.359152e-01 2.806669e-03 -7.705445e-04 9.999958e-01 6.033947e+01
9.999983e-01 -7.430696e-04 -1.662594e-03 -1.649554e+01 7.424710e-04 9.999997e-01 -3.604767e-04 -8.766902e-02 1.662861e-03 3.592409e-04 9.999986e-01 6.136320e+01
9.999967e-01 1.351344e-03 -2.170586e-03 -1.737237e+01 -1.350254e-03 9.999990e-01 5.038161e-04 -5.060871e-02 2.171264e-03 -5.008829e-04 9.999975e-01 6.302381e+01
9.999995e-01 -6.800272e-04 -7.239108e-04 -1.796044e+01 6.797864e-04 9.999997e-01 -3.324998e-04 -4.073856e-02 7.241364e-04 3.320069e-04 9.999997e-01 6.478338e+01
9.999978e-01 1.534248e-03 -1.413799e-03 -1.839505e+01 -1.533791e-03 9.999988e-01 3.241126e-04 -4.302352e-02 1.414295e-03 -3.219427e-04 9.999989e-01 6.728898e+01
9.999993e-01 -7.350359e-04 -8.947660e-04 -1.875259e+01 7.347092e-04 9.999997e-01 -3.652401e-04 -4.760895e-02 8.950339e-04 3.645818e-04 9.999995e-01 6.941217e+01
9.999969e-01 1.193722e-03 -2.172800e-03 -1.916823e+01 -1.192599e-03 9.999992e-01 5.179448e-04 -3.952795e-02 2.173417e-03 -5.153513e-04 9.999975e-01 7.089956e+01
9.999991e-01 -7.075037e-04 -1.160265e-03 -1.949638e+01 7.070842e-04 9.999997e-01 -3.617073e-04 -3.137550e-02 1.160520e-03 3.608858e-04 9.999993e-01 7.210706e+01
9.999975e-01 1.233359e-03 -1.845624e-03 -1.948061e+01 -1.232013e-03 9.999990e-01 7.299732e-04 -4.365171e-02 1.846523e-03 -7.276969e-04 9.999980e-01 7.306548e+01
9.999984e-01 -8.967492e-04 -1.556341e-03 -1.959343e+01 8.960862e-04 9.999995e-01 -4.264911e-04 -4.393290e-02 1.556723e-03 4.250951e-04 9.999987e-01 7.358761e+01
9.999973e-01 1.140752e-03 -2.001898e-03 -1.978946e+01 -1.139149e-03 9.999990e-01 8.015241e-04 -3.766432e-02 2.002810e-03 -7.992408e-04 9.999977e-01 7.412800e+01
9.999992e-01 -7.399260e-04 -1.044600e-03 -1.972380e+01 7.395197e-04 9.999997e-01 -3.891303e-04 -4.559040e-02 1.044887e-03 3.883568e-04 9.999994e-01 7.480139e+01
9.999974e-01 1.251378e-03 -1.914460e-03 -1.967971e+01 -1.250201e-03 9.999990e-01 6.161474e-04 -6.116989e-02 1.915230e-03 -6.137517e-04 9.999980e-01 7.574308e+01
9.999991e-01 -8.993167e-04 -1.010713e-03 -1.979965e+01 8.990426e-04 9.999996e-01 -2.714040e-04 -7.011484e-02 1.010956e-03 2.704944e-04 9.999995e-01 7.684310e+01
9.999960e-01 1.438945e-03 -2.436133e-03 -2.047130e+01 -1.437872e-03 9.999989e-01 4.420556e-04 -4.919795e-02 2.436767e-03 -4.385503e-04 9.999969e-01 7.801845e+01
9.999991e-01 -9.816685e-04 -9.490145e-04 -2.095643e+01 9.814544e-04 9.999995e-01 -2.257729e-04 -4.036031e-02 9.492354e-04 2.248406e-04 9.999995e-01 7.876285e+01
9.999948e-01 1.256715e-03 -2.964448e-03 -2.147005e+01 -1.255036e-03 9.999991e-01 5.682011e-04 -2.109200e-02 2.965160e-03 -5.644770e-04 9.999954e-01 7.917933e+01
9.999986e-01 -1.046976e-03 -1.302109e-03 -2.199040e+01 1.046597e-03 9.999994e-01 -2.912789e-04 8.832372e-03 1.302413e-03 2.899150e-04 9.999991e-01 7.971797e+01
9.999952e-01 1.300384e-03 -2.821878e-03 -2.239719e+01 -1.298811e-03 9.999990e-01 5.592050e-04 3.248156e-02 2.822603e-03 -5.555365e-04 9.999959e-01 8.026477e+01
9.999995e-01 -1.000649e-03 -2.921655e-04 -2.248892e+01 1.000578e-03 9.999995e-01 -2.435817e-04 2.779127e-02 2.924088e-04 2.432885e-04 9.999999e-01 8.095747e+01
9.999932e-01 1.378723e-03 -3.410462e-03 -2.311848e+01 -1.376435e-03 9.999988e-01 6.729227e-04 4.290082e-02 3.411386e-03 -6.682232e-04 9.999940e-01 8.119518e+01
9.999987e-01 -9.379840e-04 -1.335992e-03 -2.424489e+01 9.376815e-04 9.999995e-01 -2.269069e-04 9.587269e-02 1.336204e-03 2.256532e-04 9.999991e-01 8.150984e+01
9.999935e-01 1.381973e-03 -3.321744e-03 -2.495835e+01 -1.380264e-03 9.999989e-01 5.166486e-04 1.368674e-01 3.322454e-03 -5.120597e-04 9.999943e-01 8.209388e+01
9.999993e-01 -1.172098e-03 3.175939e-04 -2.493523e+01 1.172111e-03 9.999993e-01 -4.127818e-05 1.380397e-01 -3.175455e-04 4.164972e-05 9.999999e-01 8.218647e+01
9.999925e-01 1.107567e-03 -3.721989e-03 -2.426249e+01 -1.105319e-03 9.999992e-01 6.058971e-04 1.323030e-01 3.722657e-03 -6.017779e-04 9.999929e-01 8.199427e+01
9.999996e-01 -8.078905e-04 3.176936e-04 -2.378853e+01 8.079119e-04 9.999997e-01 -6.792765e-05 1.065224e-01 -3.176389e-04 6.818361e-05 9.999999e-01 8.250555e+01
9.999932e-01 1.224899e-03 -3.491394e-03 -2.359597e+01 -1.223393e-03 9.999992e-01 4.334735e-04 8.372087e-02 3.491922e-03 -4.291985e-04 9.999938e-01 8.326514e+01
9.999995e-01 -8.185402e-04 5.729243e-04 -2.320239e+01 8.185675e-04 9.999997e-01 -4.794853e-05 5.332123e-02 -5.728852e-04 4.841680e-05 9.999998e-01 8.392656e+01
9.999937e-01 1.163192e-03 -3.366441e-03 -2.268605e+01 -1.161287e-03 9.999992e-01 5.675775e-04 2.614536e-02 3.367099e-03 -5.636638e-04 9.999942e-01 8.455284e+01
9.999994e-01 -1.026325e-03 2.537213e-04 -2.209286e+01 1.026345e-03 9.999995e-01 -7.815063e-05 9.260440e-03 -2.536413e-04 7.841031e-05 1.000000e+00 8.469129e+01
9.999930e-01 1.008280e-03 -3.614156e-03 -2.149025e+01 -1.006016e-03 9.999993e-01 6.281780e-04 1.052664e-03 3.614787e-03 -6.245370e-04 9.999933e-01 8.447388e+01
9.999994e-01 -1.119892e-03 4.628285e-05 -2.087145e+01 1.119895e-03 9.999994e-01 -6.621460e-05 3.734272e-03 -4.620894e-05 6.626571e-05 1.000000e+00 8.394083e+01
9.999942e-01 1.050348e-03 -3.234934e-03 -2.021002e+01 -1.048351e-03 9.999993e-01 6.186744e-04 -3.828859e-03 3.235582e-03 -6.152788e-04 9.999946e-01 8.371862e+01
9.999996e-01 -8.528260e-04 1.196404e-04 -1.964012e+01 8.528449e-04 9.999996e-01 -1.602873e-04 -3.458522e-02 -1.195039e-04 1.603886e-04 1.000000e+00 8.414644e+01
9.999953e-01 1.326243e-03 -2.750848e-03 -1.928325e+01 -1.324704e-03 9.999990e-01 5.611439e-04 -7.291223e-02 2.751590e-03 -5.574966e-04 9.999961e-01 8.512115e+01
9.999994e-01 -1.031825e-03 -2.585686e-04 -1.878001e+01 1.031782e-03 9.999995e-01 -1.649860e-04 -1.009579e-01 2.587384e-04 1.647185e-04 1.000000e+00 8.566676e+01
9.999943e-01 1.063817e-03 -3.219130e-03 -1.816532e+01 -1.061592e-03 9.999992e-01 6.926523e-04 -1.164680e-01 3.219865e-03 -6.892303e-04 9.999946e-01 8.568835e+01
9.999995e-01 -9.685487e-04 -1.888400e-04 -1.805023e+01 9.685151e-04 9.999995e-01 -1.766053e-04 -1.177452e-01 1.890107e-04 1.764217e-04 1.000000e+00 8.554028e+01
9.999940e-01 9.910722e-04 -3.331022e-03 -1.756258e+01 -9.887582e-04 9.999993e-01 6.961967e-04 -1.277857e-01 3.331710e-03 -6.928982e-04 9.999942e-01 8.539809e+01
9.999995e-01 -1.032828e-03 -1.459242e-04 -1.676447e+01 1.032813e-03 9.999995e-01 -9.761347e-05 -1.382087e-01 1.460247e-04 9.746202e-05 1.000000e+00 8.525903e+01
9.999939e-01 9.884445e-04 -3.346639e-03 -1.593967e+01 -9.861036e-04 9.999993e-01 7.009727e-04 -1.496552e-01 3.347330e-03 -6.976677e-04 9.999942e-01 8.514336e+01
9.999995e-01 -9.825755e-04 -9.978749e-06 -1.522109e+01 9.825736e-04 9.999995e-01 -1.598653e-04 -1.646487e-01 1.013556e-05 1.598547e-04 1.000000e+00 8.512820e+01
9.999946e-01 1.021081e-03 -3.125998e-03 -1.458618e+01 -1.018919e-03 9.999992e-01 6.929165e-04 -1.834208e-01 3.126704e-03 -6.897270e-04 9.999949e-01 8.520321e+01
9.999996e-01 -8.921390e-04 1.591126e-04 -1.412735e+01 8.921805e-04 9.999996e-01 -2.624013e-04 -2.079208e-01 -1.588787e-04 2.625425e-04 1.000000e+00 8.548712e+01
9.999939e-01 9.304985e-04 -3.358744e-03 -1.352943e+01 -9.279588e-04 9.999993e-01 7.575483e-04 -2.291913e-01 3.359446e-03 -7.544263e-04 9.999941e-01 8.564074e+01
9.999996e-01 -8.444788e-04 -4.953096e-05 -1.285957e+01 8.444667e-04 9.999996e-01 -2.378726e-04 -2.513764e-01 4.973156e-05 2.378300e-04 1.000000e+00 8.581126e+01
9.999946e-01 1.031297e-03 -3.126225e-03 -1.229709e+01 -1.029004e-03 9.999992e-01 7.351127e-04 -2.806698e-01 3.126981e-03 -7.318911e-04 9.999948e-01 8.615589e+01
9.999996e-01 -9.189703e-04 -4.392445e-05 -1.169579e+01 9.189595e-04 9.999995e-01 -2.390977e-04 -3.063681e-01 4.414389e-05 2.390565e-04 1.000000e+00 8.638596e+01
9.999936e-01 8.939122e-04 -3.451171e-03 -1.083328e+01 -8.909650e-04 9.999992e-01 8.553425e-04 -3.223990e-01 3.451934e-03 -8.522615e-04 9.999937e-01 8.637538e+01
9.999997e-01 -7.848634e-04 5.309800e-06 -1.019118e+01 7.848648e-04 9.999996e-01 -3.128060e-04 -3.442655e-01 -5.064547e-06 3.128094e-04 1.000000e+00 8.654270e+01
9.999940e-01 9.414560e-04 -3.320033e-03 -9.687615e+00 -9.387576e-04 9.999992e-01 8.141393e-04 -3.670396e-01 3.320797e-03 -8.110170e-04 9.999942e-01 8.684572e+01
9.999996e-01 -9.027280e-04 1.349703e-05 -9.117101e+00 9.027317e-04 9.999995e-01 -2.969745e-04 -3.838127e-01 -1.322920e-05 2.969859e-04 1.000000e+00 8.693651e+01
9.999938e-01 9.865447e-04 -3.376368e-03 -8.515086e+00 -9.837817e-04 9.999992e-01 8.198356e-04 -4.041833e-01 3.377174e-03 -8.165082e-04 9.999940e-01 8.709689e+01
9.999995e-01 -8.810726e-04 5.537331e-04 -7.979037e+00 8.812140e-04 9.999996e-01 -2.556579e-04 -4.215584e-01 -5.535079e-04 2.561450e-04 9.999998e-01 8.733663e+01
9.999927e-01 9.825523e-04 -3.681687e-03 -7.615395e+00 -9.796825e-04 9.999992e-01 7.811264e-04 -4.264768e-01 3.682452e-03 -7.775132e-04 9.999929e-01 8.705158e+01
9.999993e-01 -1.016388e-03 5.877330e-04 -7.110165e+00 1.016518e-03 9.999995e-01 -2.213618e-04 -4.343217e-01 -5.875079e-04 2.219584e-04 9.999998e-01 8.677849e+01
9.999941e-01 1.547639e-03 -3.079060e-03 -6.755506e+00 -1.545338e-03 9.999985e-01 7.492770e-04 -4.693598e-01 3.080216e-03 -7.445137e-04 9.999950e-01 8.786317e+01
9.999994e-01 -1.075212e-03 2.999440e-04 -6.322551e+00 1.075314e-03 9.999994e-01 -3.415206e-04 -4.933255e-01 -2.995768e-04 3.418423e-04 9.999999e-01 8.874216e+01
9.999929e-01 1.122944e-03 -3.608136e-03 -5.593595e+00 -1.119579e-03 9.999989e-01 9.346534e-04 -5.095096e-01 3.609182e-03 -9.306064e-04 9.999931e-01 8.874316e+01
9.999994e-01 -1.004084e-03 3.530216e-04 -4.928866e+00 1.004214e-03 9.999994e-01 -3.677463e-04 -5.342851e-01 -3.526524e-04 3.681000e-04 9.999999e-01 8.895673e+01
9.999928e-01 1.291762e-03 -3.558252e-03 -4.266843e+00 -1.288442e-03 9.999987e-01 9.351516e-04 -5.659374e-01 3.559456e-03 -9.305597e-04 9.999932e-01 8.943848e+01
9.999994e-01 -9.829964e-04 3.921243e-04 -3.587506e+00 9.831589e-04 9.999994e-01 -4.151244e-04 -5.972040e-01 -3.917163e-04 4.155090e-04 9.999998e-01 8.995688e+01
9.999930e-01 1.121312e-03 -3.572418e-03 -2.919245e+00 -1.118031e-03 9.999990e-01 9.201829e-04 -6.208538e-01 3.573447e-03 -9.161817e-04 9.999932e-01 9.022663e+01
9.999994e-01 -8.049189e-04 7.291259e-04 -2.334366e+00 8.051828e-04 9.999996e-01 -3.621409e-04 -6.471235e-01 -7.288344e-04 3.627271e-04 9.999997e-01 9.086672e+01
9.999926e-01 1.202934e-03 -3.658289e-03 -1.796237e+00 -1.200163e-03 9.999990e-01 7.596264e-04 -6.746880e-01 3.659199e-03 -7.552296e-04 9.999930e-01 9.155669e+01
9.999993e-01 -9.659806e-04 6.403608e-04 -1.355072e+00 9.661742e-04 9.999995e-01 -3.024826e-04 -6.995742e-01 -6.400685e-04 3.031005e-04 9.999997e-01 9.198817e+01
9.999922e-01 1.190582e-03 -3.773608e-03 -8.459162e-01 -1.187649e-03 9.999990e-01 7.794417e-04 -7.289556e-01 3.774532e-03 -7.749532e-04 9.999926e-01 9.234990e+01
9.999993e-01 -1.104701e-03 4.545219e-04 -7.811033e-02 1.104797e-03 9.999994e-01 -2.105330e-04 -7.502661e-01 -4.542893e-04 2.110344e-04 9.999999e-01 9.251212e+01
9.999904e-01 1.330899e-03 -4.186326e-03 4.486126e-01 -1.327367e-03 9.999988e-01 8.462898e-04 -7.700890e-01 4.187448e-03 -8.407241e-04 9.999909e-01 9.283251e+01
9.999993e-01 -1.149839e-03 3.111750e-04 8.788747e-01 1.149933e-03 9.999993e-01 -3.020047e-04 -7.855157e-01 -3.108278e-04 3.023616e-04 9.999999e-01 9.318780e+01
9.999904e-01 9.475484e-04 -4.273088e-03 1.903773e+00 -9.430758e-04 9.999990e-01 1.048510e-03 -7.860220e-01 4.274078e-03 -1.044469e-03 9.999903e-01 9.284311e+01
9.999993e-01 -9.953258e-04 5.750518e-04 2.783036e+00 9.955415e-04 9.999994e-01 -3.754544e-04 -7.935783e-01 -5.746780e-04 3.760260e-04 9.999998e-01 9.266637e+01
9.999912e-01 1.025563e-03 -4.070135e-03 3.388937e+00 -1.021887e-03 9.999991e-01 9.049025e-04 -8.089239e-01 4.071060e-03 -9.007347e-04 9.999913e-01 9.270935e+01
9.999994e-01 -1.026200e-03 3.916713e-04 3.927694e+00 1.026355e-03 9.999994e-01 -3.967825e-04 -8.219362e-01 -3.912642e-04 3.971836e-04 9.999998e-01 9.280232e+01
9.999914e-01 1.177124e-03 -3.987648e-03 4.605099e+00 -1.173343e-03 9.999989e-01 9.503142e-04 -8.458603e-01 3.988762e-03 -9.456264e-04 9.999916e-01 9.311580e+01
9.999993e-01 -9.554174e-04 7.335478e-04 5.375849e+00 9.557173e-04 9.999995e-01 -4.089573e-04 -8.768999e-01 -7.331569e-04 4.096574e-04 9.999996e-01 9.357792e+01
9.999917e-01 1.192467e-03 -3.900601e-03 5.706874e+00 -1.189270e-03 9.999990e-01 8.215542e-04 -9.002861e-01 3.901577e-03 -8.169078e-04 9.999921e-01 9.407605e+01
9.999992e-01 -9.454783e-04 8.884664e-04 5.912220e+00 9.458646e-04 9.999995e-01 -4.348383e-04 -9.211643e-01 -8.880551e-04 4.356777e-04 9.999995e-01 9.456992e+01
9.999897e-01 1.100303e-03 -4.393225e-03 5.973587e+00 -1.096708e-03 9.999991e-01 8.206376e-04 -9.298530e-01 4.394124e-03 -8.158105e-04 9.999900e-01 9.478878e+01
9.999984e-01 -9.823990e-04 1.502175e-03 6.275168e+00 9.830136e-04 9.999994e-01 -4.086457e-04 -9.502076e-01 -1.501773e-03 4.101210e-04 9.999988e-01 9.504533e+01
9.999840e-01 1.062916e-03 -5.547356e-03 7.465797e+00 -1.057032e-03 9.999989e-01 1.063507e-03 -9.723569e-01 5.548480e-03 -1.057625e-03 9.999840e-01 9.532097e+01
9.999973e-01 -1.095420e-03 2.071948e-03 8.638913e+00 1.096312e-03 9.999993e-01 -4.292766e-04 -9.857770e-01 -2.071476e-03 4.315463e-04 9.999978e-01 9.530614e+01
9.999821e-01 1.266251e-03 -5.850695e-03 8.324957e+00 -1.261468e-03 9.999989e-01 8.211017e-04 -9.782347e-01 5.851729e-03 -8.137058e-04 9.999825e-01 9.554895e+01
9.999984e-01 -9.544208e-04 1.521210e-03 7.678823e+00 9.551139e-04 9.999994e-01 -4.551614e-04 -9.540083e-01 -1.520775e-03 4.566129e-04 9.999987e-01 9.572306e+01
9.999882e-01 9.068254e-04 -4.770828e-03 7.918348e+00 -9.021151e-04 9.999991e-01 9.893198e-04 -9.536744e-01 4.771722e-03 -9.850036e-04 9.999881e-01 9.512931e+01
9.999983e-01 -8.593935e-04 1.607405e-03 8.355680e+00 8.602037e-04 9.999995e-01 -5.035967e-04 -9.646959e-01 -1.606972e-03 5.049779e-04 9.999986e-01 9.499084e+01
9.999889e-01 1.013425e-03 -4.599451e-03 8.909650e+00 -1.009012e-03 9.999990e-01 9.616485e-04 -9.908333e-01 4.600421e-03 -9.569962e-04 9.999890e-01 9.540273e+01
9.999989e-01 -8.305719e-04 1.268144e-03 9.653162e+00 8.311249e-04 9.999996e-01 -4.358800e-04 -1.022259e+00 -1.267782e-03 4.369328e-04 9.999991e-01 9.581267e+01
9.999898e-01 9.648148e-04 -4.413073e-03 1.038950e+01 -9.603790e-04 9.999990e-01 1.007094e-03 -1.047725e+00 4.414041e-03 -1.002845e-03 9.999898e-01 9.605165e+01
9.999984e-01 -9.466354e-04 1.542725e-03 1.086007e+01 9.475177e-04 9.999994e-01 -5.714700e-04 -1.060994e+00 -1.542183e-03 5.729302e-04 9.999986e-01 9.598892e+01
9.999888e-01 9.041893e-04 -4.648767e-03 1.142698e+01 -8.993148e-04 9.999990e-01 1.050472e-03 -1.071393e+00 4.649712e-03 -1.046279e-03 9.999886e-01 9.574304e+01
9.999984e-01 -9.138558e-04 1.562132e-03 1.211802e+01 9.146828e-04 9.999994e-01 -5.290130e-04 -1.084757e+00 -1.561648e-03 5.304403e-04 9.999986e-01 9.567454e+01
9.999884e-01 9.064062e-04 -4.723299e-03 1.281242e+01 -9.013341e-04 9.999990e-01 1.075792e-03 -1.095939e+00 4.724270e-03 -1.071522e-03 9.999883e-01 9.554913e+01
9.999983e-01 -9.331159e-04 1.578386e-03 1.359609e+01 9.338780e-04 9.999994e-01 -4.823999e-04 -1.111709e+00 -1.577935e-03 4.838725e-04 9.999986e-01 9.551354e+01
9.999871e-01 1.169087e-03 -4.944237e-03 1.414542e+01 -1.164137e-03 9.999988e-01 1.003740e-03 -1.140978e+00 4.945405e-03 -9.979706e-04 9.999873e-01 9.594918e+01
9.999986e-01 -8.708010e-04 1.449913e-03 1.458663e+01 8.715391e-04 9.999995e-01 -5.087344e-04 -1.168845e+00 -1.449469e-03 5.099966e-04 9.999988e-01 9.646404e+01
9.999872e-01 1.080872e-03 -4.944529e-03 1.456036e+01 -1.076390e-03 9.999990e-01 9.090943e-04 -1.176872e+00 4.945507e-03 -9.037598e-04 9.999874e-01 9.695245e+01
9.999994e-01 -7.908791e-04 7.946383e-04 1.401715e+01 7.913038e-04 9.999995e-01 -5.346356e-04 -1.160973e+00 -7.942153e-04 5.352634e-04 9.999995e-01 9.708946e+01
9.999905e-01 1.124168e-03 -4.208022e-03 1.388885e+01 -1.120713e-03 9.999990e-01 8.232513e-04 -1.166987e+00 4.208944e-03 -8.185269e-04 9.999908e-01 9.776154e+01
9.999997e-01 -5.250231e-04 6.295045e-04 1.458399e+01 5.251260e-04 9.999998e-01 -1.637071e-04 -1.203553e+00 -6.294187e-04 1.640369e-04 9.999998e-01 9.876361e+01
