9.999956e-01 5.471267e-04 -2.908337e-03 3.259810e-01 -5.464023e-04 9.999998e-01 2.498929e-04 -3.883466e-02 2.908473e-03 -2.483034e-04 9.999957e-01 1.157145e+00
1.000000e+00 -6.884874e-05 -1.561733e-04 7.875763e-01 6.885619e-05 1.000000e+00 4.752371e-05 -8.356204e-02 1.561704e-04 -4.753375e-05 1.000000e+00 2.229820e+00
9.999963e-01 4.311310e-04 -2.687212e-03 1.049208e+00 -4.304858e-04 9.999999e-01 2.406877e-04 -1.194891e-01 2.687316e-03 -2.395307e-04 9.999964e-01 3.066852e+00
9.999999e-01 -1.486545e-04 -3.596940e-04 1.397128e+00 1.486850e-04 1.000000e+00 8.472183e-05 -1.530796e-01 3.596817e-04 -8.477459e-05 9.999999e-01 3.718660e+00
9.999967e-01 6.009836e-04 -2.491953e-03 1.789998e+00 -6.004526e-04 9.999998e-01 2.138198e-04 -1.961426e-01 2.492080e-03 -2.123235e-04 9.999969e-01 4.728848e+00
9.999999e-01 -1.825019e-04 -3.553073e-04 2.122290e+00 1.825308e-04 1.000000e+00 8.111670e-05 -2.359925e-01 3.552928e-04 -8.118084e-05 9.999999e-01 5.677305e+00
9.999964e-01 3.322377e-04 -2.677200e-03 2.480642e+00 -3.314855e-04 9.999999e-01 2.814162e-04 -2.600234e-01 2.677293e-03 -2.805285e-04 9.999964e-01 6.077119e+00
9.999999e-01 -2.420150e-04 -3.066715e-04 2.883596e+00 2.420419e-04 1.000000e+00 8.749092e-05 -2.798934e-01 3.066506e-04 -8.756442e-05 9.999999e-01 6.286682e+00
9.999963e-01 3.514613e-04 -2.686293e-03 3.259865e+00 -3.507679e-04 9.999999e-01 2.585941e-04 -2.988094e-01 2.686383e-03 -2.576516e-04 9.999964e-01 6.572285e+00
9.999999e-01 -1.795395e-04 -4.194818e-04 3.498452e+00 1.795681e-04 1.000000e+00 6.789584e-05 -3.158708e-01 4.194700e-04 -6.797045e-05 9.999999e-01 7.043070e+00
9.999959e-01 4.317790e-05 -2.876714e-03 4.050320e+00 -4.234786e-05 1.000000e+00 2.886087e-04 -3.258235e-01 2.876726e-03 -2.884864e-04 9.999958e-01 6.942013e+00
9.999994e-01 -4.040341e-04 -9.760906e-04 4.702675e+00 4.043470e-04 9.999999e-01 3.202807e-04 -3.094815e-01 9.759614e-04 -3.206745e-04 9.999995e-01 5.875583e+00
9.999974e-01 3.319115e-04 -2.247170e-03 5.057294e+00 -3.315266e-04 9.999999e-01 1.716794e-04 -3.123567e-01 2.247227e-03 -1.709347e-04 9.999975e-01 5.446121e+00
9.999998e-01 5.986318e-05 -6.542614e-04 5.138068e+00 -5.980238e-05 1.000000e+00 9.289243e-05 -3.381772e-01 6.542673e-04 -9.285257e-05 9.999998e-01 6.461277e+00
9.999976e-01 5.260411e-04 -2.117749e-03 5.149101e+00 -5.259417e-04 9.999999e-01 4.748845e-05 -3.629439e-01 2.117773e-03 -4.637523e-05 9.999978e-01 7.896334e+00
9.999983e-01 -5.986155e-04 -1.744916e-03 5.925515e+00 5.993731e-04 9.999997e-01 4.337056e-04 -3.588432e-01 1.744656e-03 -4.347500e-04 9.999984e-01 7.839874e+00
9.999910e-01 -4.363061e-04 -4.230312e-03 8.018961e+00 4.386233e-04 9.999998e-01 5.468561e-04 -2.836594e-01 4.230072e-03 -5.487074e-04 9.999909e-01 4.943167e+00
9.999965e-01 -1.097999e-03 -2.411190e-03 1.061634e+01 1.099809e-03 9.999991e-01 7.495121e-04 -1.591611e-01 2.410365e-03 -7.521606e-04 9.999968e-01 1.414737e-01
9.999918e-01 -2.942851e-04 -4.036519e-03 1.319570e+01 2.960575e-04 9.999999e-01 4.385189e-04 -5.696926e-02 4.036389e-03 -4.397111e-04 9.999918e-01 -3.593569e+00
9.999949e-01 -1.422456e-03 -2.875170e-03 1.620240e+01 1.425150e-03 9.999985e-01 9.351376e-04 7.303001e-02 2.873836e-03 -9.392296e-04 9.999954e-01 -8.403706e+00
9.999932e-01 9.895962e-05 -3.679193e-03 1.876795e+01 -9.782925e-05 9.999999e-01 3.074272e-04 1.841910e-01 3.679222e-03 -3.070659e-04 9.999932e-01 -1.263996e+01
9.999970e-01 -1.137093e-03 -2.161130e-03 2.091439e+01 1.138677e-03 9.999991e-01 7.319303e-04 2.690770e-01 2.160296e-03 -7.343883e-04 9.999974e-01 -1.590469e+01
9.999850e-01 -3.548036e-04 -5.470640e-03 2.441516e+01 3.588005e-04 9.999997e-01 7.296498e-04 4.034437e-01 5.470379e-03 -7.316025e-04 9.999848e-01 -2.063639e+01
9.999999e-01 -2.858936e-04 -1.386651e-04 2.656671e+01 2.859275e-04 9.999999e-01 2.439921e-04 4.612258e-01 1.385957e-04 -2.440310e-04 1.000000e+00 -2.308290e+01
9.999781e-01 -1.287025e-03 -6.485279e-03 2.929980e+01 1.293775e-03 9.999986e-01 1.036751e-03 5.740226e-01 6.483936e-03 -1.045120e-03 9.999784e-01 -2.726729e+01
9.999991e-01 -8.040634e-04 -1.031827e-03 3.289595e+01 8.046720e-04 9.999995e-01 5.895054e-04 7.364347e-01 1.031353e-03 -5.903345e-04 9.999993e-01 -3.326512e+01
9.999709e-01 -1.601754e-03 -7.459127e-03 3.733869e+01 1.611271e-03 9.999979e-01 1.270111e-03 9.236587e-01 7.457076e-03 -1.282093e-03 9.999714e-01 -3.988236e+01
9.999996e-01 -5.243637e-04 -7.717233e-04 4.142148e+01 5.247251e-04 9.999998e-01 4.680929e-04 1.091335e+00 7.714780e-04 -4.684970e-04 9.999996e-01 -4.582954e+01
9.999783e-01 -1.274487e-03 -6.466364e-03 4.469861e+01 1.281252e-03 9.999986e-01 1.042176e-03 1.233170e+00 6.465027e-03 -1.050439e-03 9.999785e-01 -5.114247e+01
9.999987e-01 -6.660116e-04 -1.461708e-03 4.845271e+01 6.669623e-04 9.999996e-01 6.499194e-04 1.390989e+00 1.461275e-03 -6.508928e-04 9.999987e-01 -5.681446e+01
9.999833e-01 -4.135461e-04 -5.766397e-03 5.136863e+01 4.178375e-04 9.999996e-01 7.430374e-04 1.493450e+00 5.766087e-03 -7.454351e-04 9.999831e-01 -6.073667e+01
9.999981e-01 -1.242528e-03 -1.515661e-03 5.441276e+01 1.243685e-03 9.999989e-01 7.626115e-04 1.630965e+00 1.514712e-03 -7.644943e-04 9.999986e-01 -6.594614e+01
9.999845e-01 -2.244147e-04 -5.568678e-03 5.746936e+01 2.282223e-04 9.999997e-01 6.831403e-04 1.750825e+00 5.568523e-03 -6.844013e-04 9.999843e-01 -7.031776e+01
9.999955e-01 -1.815422e-03 -2.368628e-03 6.144598e+01 1.817827e-03 9.999978e-01 1.013784e-03 1.909643e+00 2.366783e-03 -1.018084e-03 9.999967e-01 -7.590879e+01
9.999910e-01 1.355257e-03 -4.010544e-03 6.314552e+01 -1.354582e-03 9.999991e-01 1.711832e-04 1.978489e+00 4.010772e-03 -1.657498e-04 9.999919e-01 -7.884022e+01
9.999843e-01 -3.353068e-03 -4.480662e-03 6.750509e+01 3.360274e-03 9.999931e-01 1.601555e-03 2.144020e+00 4.475261e-03 -1.616585e-03 9.999887e-01 -8.453187e+01
9.999923e-01 1.586027e-03 -3.600441e-03 7.144923e+01 -1.585629e-03 9.999987e-01 1.136234e-04 2.290911e+00 3.600616e-03 -1.079143e-04 9.999935e-01 -8.959322e+01
9.999913e-01 -2.751578e-03 -3.150544e-03 7.389456e+01 2.755343e-03 9.999955e-01 1.191458e-03 2.380518e+00 3.147252e-03 -1.200128e-03 9.999943e-01 -9.277410e+01
9.999811e-01 9.296809e-04 -6.082084e-03 7.861155e+01 -9.255232e-04 9.999993e-01 6.864024e-04 2.538800e+00 6.082718e-03 -6.807610e-04 9.999813e-01 -9.798788e+01
9.999933e-01 -2.380526e-03 -2.766882e-03 8.262807e+01 2.383335e-03 9.999966e-01 1.012550e-03 2.671465e+00 2.764463e-03 -1.019137e-03 9.999957e-01 -1.026197e+02
9.999845e-01 1.280957e-03 -5.415897e-03 8.694108e+01 -1.276710e-03 9.999989e-01 7.875415e-04 2.776749e+00 5.416900e-03 -7.806155e-04 9.999850e-01 -1.062426e+02
9.999924e-01 -2.265818e-03 -3.166378e-03 9.179395e+01 2.269236e-03 9.999968e-01 1.076416e-03 2.877936e+00 3.163929e-03 -1.083592e-03 9.999944e-01 -1.097712e+02
9.999936e-01 2.179739e-03 -2.850410e-03 9.664489e+01 -2.178633e-03 9.999976e-01 3.911584e-04 2.881913e+00 2.851255e-03 -3.849466e-04 9.999959e-01 -1.102827e+02
9.999954e-01 -1.791528e-03 -2.437988e-03 1.001802e+02 1.793459e-03 9.999981e-01 7.899843e-04 2.879107e+00 2.436569e-03 -7.943524e-04 9.999967e-01 -1.096641e+02
9.999940e-01 3.117418e-03 -1.499564e-03 1.023803e+02 -3.117770e-03 9.999951e-01 -2.327243e-04 2.817936e+00 1.498831e-03 2.373975e-04 9.999988e-01 -1.069733e+02
9.999984e-01 -1.274829e-03 -1.235434e-03 1.037595e+02 1.275156e-03 9.999992e-01 2.637425e-04 2.741051e+00 1.235097e-03 -2.653167e-04 9.999992e-01 -1.036198e+02
9.999950e-01 2.783860e-03 -1.520400e-03 1.054275e+02 -2.784092e-03 9.999961e-01 -1.504108e-04 2.652609e+00 1.519975e-03 1.546423e-04 9.999988e-01 -1.007561e+02
9.999956e-01 -1.313284e-03 -2.659312e-03 1.038207e+02 1.313969e-03 9.999991e-01 2.558303e-04 2.715141e+00 2.658974e-03 -2.593228e-04 9.999964e-01 -9.852838e+01
9.999973e-01 2.173744e-03 8.552658e-04 1.042223e+02 -2.173480e-03 9.999976e-01 -3.087789e-04 2.654201e+00 -8.559353e-04 3.069185e-04 9.999996e-01 -9.664424e+01
9.999862e-01 -2.262108e-03 -4.746798e-03 1.049857e+02 2.266074e-03 9.999971e-01 8.301661e-04 2.648292e+00 4.744907e-03 -8.409106e-04 9.999884e-01 -9.717556e+01
9.999947e-01 3.171835e-03 6.968652e-04 1.051837e+02 -3.171573e-03 9.999949e-01 -3.772524e-04 2.639019e+00 -6.980585e-04 3.750395e-04 9.999997e-01 -9.635279e+01
9.999947e-01 -2.108098e-03 -2.480252e-03 1.058020e+02 2.108663e-03 9.999978e-01 2.251904e-04 2.568878e+00 2.479772e-03 -2.304185e-04 9.999969e-01 -9.420681e+01
9.999973e-01 2.050294e-03 -1.075059e-03 1.065174e+02 -2.049995e-03 9.999979e-01 2.797758e-04 2.562706e+00 1.075630e-03 -2.775719e-04 9.999994e-01 -9.444288e+01
9.999960e-01 -1.901516e-03 -2.075279e-03 1.065626e+02 1.901855e-03 9.999982e-01 1.614024e-04 2.551863e+00 2.074968e-03 -1.653480e-04 9.999978e-01 -9.446854e+01
9.999970e-01 2.128384e-03 -1.186849e-03 1.064533e+02 -2.128236e-03 9.999977e-01 1.258317e-04 2.543837e+00 1.187114e-03 -1.233062e-04 9.999993e-01 -9.402698e+01
9.999969e-01 -1.773450e-03 -1.731181e-03 1.064771e+02 1.773641e-03 9.999984e-01 1.091451e-04 2.524812e+00 1.730985e-03 -1.122145e-04 9.999985e-01 -9.317747e+01
9.999971e-01 2.160656e-03 -1.046287e-03 1.066568e+02 -2.160510e-03 9.999977e-01 1.411161e-04 2.495991e+00 1.046589e-03 -1.388559e-04 9.999994e-01 -9.231202e+01
9.999963e-01 -1.927500e-03 -1.909512e-03 1.066565e+02 1.927863e-03 9.999981e-01 1.886283e-04 2.480721e+00 1.909145e-03 -1.923082e-04 9.999982e-01 -9.172662e+01
9.999961e-01 2.250382e-03 -1.636421e-03 1.064969e+02 -2.250112e-03 9.999975e-01 1.668038e-04 2.477624e+00 1.636792e-03 -1.631217e-04 9.999986e-01 -9.134890e+01
9.999959e-01 -2.237474e-03 -1.772350e-03 1.068704e+02 2.238095e-03 9.999974e-01 3.485864e-04 2.472361e+00 1.771566e-03 -3.525510e-04 9.999984e-01 -9.160937e+01
9.999957e-01 2.532083e-03 -1.455064e-03 1.064967e+02 -2.531905e-03 9.999968e-01 1.245306e-04 2.477851e+00 1.455375e-03 -1.208467e-04 9.999989e-01 -9.122562e+01
9.999952e-01 -2.084107e-03 -2.309406e-03 1.058802e+02 2.084557e-03 9.999978e-01 1.926855e-04 2.496221e+00 2.309000e-03 -1.974979e-04 9.999973e-01 -9.083337e+01
9.999970e-01 2.149586e-03 -1.198067e-03 1.060212e+02 -2.149285e-03 9.999977e-01 2.521784e-04 2.494510e+00 1.198606e-03 -2.496034e-04 9.999993e-01 -9.086076e+01
9.999958e-01 -2.114632e-03 -1.997204e-03 1.063520e+02 2.114997e-03 9.999977e-01 1.808638e-04 2.485492e+00 1.996818e-03 -1.850864e-04 9.999980e-01 -9.088112e+01
9.999969e-01 2.182118e-03 -1.198683e-03 1.066025e+02 -2.181806e-03 9.999976e-01 2.616828e-04 2.477315e+00 1.199251e-03 -2.590674e-04 9.999992e-01 -9.089302e+01
9.999962e-01 -2.050399e-03 -1.816740e-03 1.072043e+02 2.050783e-03 9.999979e-01 2.096690e-04 2.448785e+00 1.816306e-03 -2.133932e-04 9.999983e-01 -9.046293e+01
9.999971e-01 2.096874e-03 -1.145698e-03 1.078557e+02 -2.096572e-03 9.999978e-01 2.647346e-04 2.426164e+00 1.146250e-03 -2.623325e-04 9.999993e-01 -9.030891e+01
9.999949e-01 -2.128136e-03 -2.380895e-03 1.083649e+02 2.128691e-03 9.999977e-01 2.307924e-04 2.421982e+00 2.380399e-03 -2.358588e-04 9.999971e-01 -9.069999e+01
9.999975e-01 1.926723e-03 -1.106150e-03 1.090114e+02 -1.926389e-03 9.999981e-01 3.036894e-04 2.426076e+00 1.106732e-03 -3.015585e-04 9.999993e-01 -9.131889e+01
9.999950e-01 -2.048165e-03 -2.419378e-03 1.099343e+02 2.048828e-03 9.999979e-01 2.715156e-04 2.420862e+00 2.418817e-03 -2.764704e-04 9.999970e-01 -9.165339e+01
9.999975e-01 1.949019e-03 -1.084662e-03 1.105194e+02 -1.948773e-03 9.999981e-01 2.284346e-04 2.422029e+00 1.085104e-03 -2.263210e-04 9.999994e-01 -9.221408e+01
9.999961e-01 -1.994952e-03 -1.953257e-03 1.107338e+02 1.995419e-03 9.999980e-01 2.368073e-04 2.421562e+00 1.952781e-03 -2.407032e-04 9.999981e-01 -9.291803e+01
9.999971e-01 2.008467e-03 -1.318190e-03 1.108227e+02 -2.008180e-03 9.999980e-01 2.188069e-04 2.421078e+00 1.318627e-03 -2.161598e-04 9.999991e-01 -9.358953e+01
9.999958e-01 -2.080796e-03 -2.004662e-03 1.110217e+02 2.081270e-03 9.999978e-01 2.339767e-04 2.424337e+00 2.004171e-03 -2.381473e-04 9.999980e-01 -9.436051e+01
9.999972e-01 2.004089e-03 -1.254263e-03 1.112800e+02 -2.003739e-03 9.999980e-01 2.797703e-04 2.429148e+00 1.254821e-03 -2.772570e-04 9.999992e-01 -9.515632e+01
9.999957e-01 -2.088585e-03 -2.065751e-03 1.116060e+02 2.089060e-03 9.999978e-01 2.274192e-04 2.433367e+00 2.065272e-03 -2.317330e-04 9.999978e-01 -9.589274e+01
9.999973e-01 2.015685e-03 -1.112227e-03 1.118244e+02 -2.015379e-03 9.999979e-01 2.764964e-04 2.437620e+00 1.112782e-03 -2.742548e-04 9.999993e-01 -9.668424e+01
9.999956e-01 -2.021910e-03 -2.179965e-03 1.119748e+02 2.022362e-03 9.999979e-01 2.052462e-04 2.439238e+00 2.179546e-03 -2.096533e-04 9.999976e-01 -9.739594e+01
9.999975e-01 1.919646e-03 -1.160057e-03 1.122312e+02 -1.919263e-03 9.999981e-01 3.312849e-04 2.448270e+00 1.160690e-03 -3.290583e-04 9.999993e-01 -9.840810e+01
9.999956e-01 -2.000727e-03 -2.208459e-03 1.125379e+02 2.001208e-03 9.999980e-01 2.154497e-04 2.453614e+00 2.208023e-03 -2.198676e-04 9.999975e-01 -9.918912e+01
9.999975e-01 2.002049e-03 -9.717846e-04 1.128508e+02 -2.001734e-03 9.999979e-01 3.248605e-04 2.452730e+00 9.724327e-04 -3.229151e-04 9.999995e-01 -9.950101e+01
9.999958e-01 -1.902822e-03 -2.175249e-03 1.129398e+02 1.903280e-03 9.999982e-01 2.083495e-04 2.453501e+00 2.174849e-03 -2.124881e-04 9.999976e-01 -9.976232e+01
9.999970e-01 2.121796e-03 -1.244631e-03 1.127040e+02 -2.121624e-03 9.999977e-01 1.394407e-04 2.455866e+00 1.244924e-03 -1.368004e-04 9.999992e-01 -9.951156e+01
9.999963e-01 -1.987811e-03 -1.856406e-03 1.127863e+02 1.988146e-03 9.999980e-01 1.783093e-04 2.443256e+00 1.856049e-03 -1.819988e-04 9.999983e-01 -9.910535e+01
9.999958e-01 2.216986e-03 -1.870295e-03 1.123979e+02 -2.216603e-03 9.999975e-01 2.068568e-04 2.454107e+00 1.870749e-03 -2.027109e-04 9.999982e-01 -9.882778e+01
9.999968e-01 -2.013216e-03 -1.516567e-03 1.127574e+02 2.013561e-03 9.999979e-01 2.261143e-04 2.437829e+00 1.516109e-03 -2.291665e-04 9.999988e-01 -9.834049e+01
9.999963e-01 2.212129e-03 -1.588151e-03 1.131890e+02 -2.211802e-03 9.999975e-01 2.079500e-04 2.416447e+00 1.588607e-03 -2.044372e-04 9.999987e-01 -9.787067e+01
9.999961e-01 -2.087991e-03 -1.875873e-03 1.130194e+02 2.088417e-03 9.999978e-01 2.249676e-04 2.419607e+00 1.875400e-03 -2.288836e-04 9.999982e-01 -9.774752e+01
9.999953e-01 2.344309e-03 -1.966751e-03 1.125671e+02 -2.343989e-03 9.999972e-01 1.650911e-04 2.434371e+00 1.967132e-03 -1.604810e-04 9.999981e-01 -9.745745e+01
9.999964e-01 -2.085964e-03 -1.715809e-03 1.123465e+02 2.086384e-03 9.999978e-01 2.433924e-04 2.442206e+00 1.715298e-03 -2.469707e-04 9.999985e-01 -9.710675e+01
9.999958e-01 2.117809e-03 -1.973832e-03 1.127030e+02 -2.117331e-03 9.999977e-01 2.443179e-04 2.442688e+00 1.974344e-03 -2.401383e-04 9.999980e-01 -9.699910e+01
9.999964e-01 -2.152400e-03 -1.622109e-03 1.134074e+02 2.152955e-03 9.999976e-01 3.398035e-04 2.437716e+00 1.621374e-03 -3.432939e-04 9.999986e-01 -9.706913e+01
9.999958e-01 2.419964e-03 -1.606762e-03 1.137100e+02 -2.419898e-03 9.999971e-01 4.314054e-05 2.417563e+00 1.606862e-03 -3.925285e-05 9.999987e-01 -9.654228e+01
9.999967e-01 -2.101442e-03 -1.494761e-03 1.138675e+02 2.101820e-03 9.999978e-01 2.513896e-04 2.395407e+00 1.494229e-03 -2.545298e-04 9.999989e-01 -9.587556e+01
9.999947e-01 2.208842e-03 -2.401442e-03 1.139549e+02 -2.208253e-03 9.999975e-01 2.480674e-04 2.397686e+00 2.401984e-03 -2.427638e-04 9.999971e-01 -9.561109e+01
9.999967e-01 -1.970624e-03 -1.625014e-03 1.136350e+02 1.970844e-03 9.999980e-01 1.332452e-04 2.411938e+00 1.624749e-03 -1.364467e-04 9.999987e-01 -9.531512e+01
9.999963e-01 1.970258e-03 -1.869042e-03 1.140314e+02 -1.969591e-03 9.999980e-01 3.584977e-04 2.402144e+00 1.869744e-03 -3.548158e-04 9.999982e-01 -9.525892e+01
9.999959e-01 -1.956567e-03 -2.073167e-03 1.141452e+02 1.956778e-03 9.999981e-01 9.993230e-05 2.409365e+00 2.072968e-03 -1.039879e-04 9.999978e-01 -9.502068e+01
9.999962e-01 1.785882e-03 -2.116032e-03 1.147224e+02 -1.784829e-03 9.999983e-01 4.991122e-04 2.413569e+00 2.116920e-03 -4.953342e-04 9.999976e-01 -9.508540e+01
9.999977e-01 -1.772854e-03 -1.196220e-03 1.156116e+02 1.772958e-03 9.999984e-01 8.626366e-05 2.399964e+00 1.196066e-03 -8.838362e-05 9.999993e-01 -9.505738e+01
9.999960e-01 2.042519e-03 -1.963211e-03 1.159367e+02 -2.041913e-03 9.999979e-01 3.105223e-04 2.376425e+00 1.963841e-03 -3.065131e-04 9.999980e-01 -9.444404e+01
9.999965e-01 -1.970903e-03 -1.753684e-03 1.161526e+02 1.971109e-03 9.999981e-01 1.155728e-04 2.374757e+00 1.753453e-03 -1.190284e-04 9.999985e-01 -9.422520e+01
9.999956e-01 1.927021e-03 -2.247618e-03 1.169458e+02 -1.925960e-03 9.999980e-01 4.743503e-04 2.366725e+00 2.248527e-03 -4.700201e-04 9.999974e-01 -9.431039e+01
9.999965e-01 -2.021234e-03 -1.727520e-03 1.178638e+02 2.021423e-03 9.999980e-01 1.077883e-04 2.359322e+00 1.727299e-03 -1.112793e-04 9.999985e-01 -9.442058e+01
9.999956e-01 1.940862e-03 -2.223958e-03 1.184434e+02 -1.939962e-03 9.999980e-01 4.067095e-04 2.357428e+00 2.224743e-03 -4.023940e-04 9.999974e-01 -9.432338e+01
9.999959e-01 -2.097702e-03 -1.928595e-03 1.189157e+02 2.097896e-03 9.999978e-01 9.858724e-05 2.367057e+00 1.928384e-03 -1.026321e-04 9.999981e-01 -9.433815e+01
9.999957e-01 2.041746e-03 -2.104980e-03 1.191806e+02 -2.041068e-03 9.999979e-01 3.241836e-04 2.381914e+00 2.105637e-03 -3.198865e-04 9.999977e-01 -9.421021e+01
9.999961e-01 -1.952991e-03 -2.004368e-03 1.192912e+02 1.953122e-03 9.999981e-01 6.366013e-05 2.384854e+00 2.004240e-03 -6.757398e-05 9.999980e-01 -9.391789e+01
9.999966e-01 1.810854e-03 -1.899051e-03 1.202469e+02 -1.809879e-03 9.999982e-01 5.154927e-04 2.378936e+00 1.899981e-03 -5.120545e-04 9.999981e-01 -9.410664e+01
9.999960e-01 -1.974608e-03 -2.034756e-03 1.211797e+02 1.974685e-03 9.999980e-01 3.558712e-05 2.375557e+00 2.034682e-03 -3.960429e-05 9.999979e-01 -9.434808e+01
9.999965e-01 1.867586e-03 -1.891104e-03 1.219993e+02 -1.866669e-03 9.999981e-01 4.868479e-04 2.371086e+00 1.892009e-03 -4.833168e-04 9.999981e-01 -9.445623e+01
9.999961e-01 -1.875080e-03 -2.061615e-03 1.227006e+02 1.875174e-03 9.999982e-01 4.366757e-05 2.369537e+00 2.061530e-03 -4.753260e-05 9.999979e-01 -9.433197e+01
9.999962e-01 1.958155e-03 -1.923189e-03 1.232030e+02 -1.957425e-03 9.999980e-01 3.818571e-04 2.361992e+00 1.923933e-03 -3.780918e-04 9.999981e-01 -9.404444e+01
9.999960e-01 -2.049428e-03 -1.947466e-03 1.241797e+02 2.049859e-03 9.999979e-01 2.187557e-04 2.353392e+00 1.947014e-03 -2.227461e-04 9.999981e-01 -9.414640e+01
9.999963e-01 1.935604e-03 -1.904370e-03 1.251453e+02 -1.934945e-03 9.999981e-01 3.482166e-04 2.346400e+00 1.905040e-03 -3.445312e-04 9.999981e-01 -9.431204e+01
9.999958e-01 -2.094248e-03 -2.027986e-03 1.259203e+02 2.094623e-03 9.999978e-01 1.827738e-04 2.343908e+00 2.027600e-03 -1.870202e-04 9.999979e-01 -9.455378e+01
9.999963e-01 1.908823e-03 -1.923166e-03 1.268657e+02 -1.907996e-03 9.999981e-01 4.315276e-04 2.343847e+00 1.923986e-03 -4.278573e-04 9.999981e-01 -9.492290e+01
9.999956e-01 -2.090515e-03 -2.084361e-03 1.277953e+02 2.090903e-03 9.999978e-01 1.840249e-04 2.344701e+00 2.083972e-03 -1.883816e-04 9.999978e-01 -9.530838e+01
9.999966e-01 1.987619e-03 -1.660338e-03 1.284302e+02 -1.987035e-03 9.999980e-01 3.531144e-04 2.340817e+00 1.661036e-03 -3.498147e-04 9.999986e-01 -9.552079e+01
9.999952e-01 -2.135958e-03 -2.227716e-03 1.293528e+02 2.136537e-03 9.999977e-01 2.574910e-04 2.338442e+00 2.227161e-03 -2.622487e-04 9.999975e-01 -9.582829e+01
9.999967e-01 2.013683e-03 -1.605060e-03 1.301509e+02 -2.013221e-03 9.999979e-01 2.891993e-04 2.333781e+00 1.605639e-03 -2.859677e-04 9.999987e-01 -9.606543e+01
9.999953e-01 -2.137045e-03 -2.212828e-03 1.310060e+02 2.137660e-03 9.999977e-01 2.753237e-04 2.329515e+00 2.212235e-03 -2.800520e-04 9.999975e-01 -9.633650e+01
9.999967e-01 2.008242e-03 -1.598788e-03 1.318430e+02 -2.007773e-03 9.999979e-01 2.950944e-04 2.325281e+00 1.599377e-03 -2.918841e-04 9.999987e-01 -9.660431e+01
9.999975e-01 -1.761202e-03 -1.364057e-03 1.320853e+02 1.761649e-03 9.999984e-01 3.266748e-04 2.313179e+00 1.363479e-03 -3.290763e-04 9.999990e-01 -9.616273e+01
9.999958e-01 2.255349e-03 -1.818233e-03 1.318055e+02 -2.255336e-03 9.999975e-01 9.688608e-06 2.314996e+00 1.818250e-03 -5.588523e-06 9.999983e-01 -9.530981e+01
9.999968e-01 -1.979461e-03 -1.584679e-03 1.317421e+02 1.980017e-03 9.999980e-01 3.494839e-04 2.317495e+00 1.583984e-03 -3.526198e-04 9.999987e-01 -9.495992e+01
9.999959e-01 2.158442e-03 -1.879810e-03 1.316741e+02 -2.158429e-03 9.999977e-01 8.943891e-06 2.316579e+00 1.879824e-03 -4.887098e-06 9.999982e-01 -9.480506e+01
9.999974e-01 -1.930324e-03 -1.242139e-03 1.316690e+02 1.930643e-03 9.999981e-01 2.551162e-04 2.302247e+00 1.241645e-03 -2.575130e-04 9.999992e-01 -9.425191e+01
9.999955e-01 2.143357e-03 -2.083906e-03 1.315682e+02 -2.143441e-03 9.999977e-01 -3.836932e-05 2.296410e+00 2.083819e-03 4.283520e-05 9.999978e-01 -9.373739e+01
9.999976e-01 -1.939771e-03 -1.063733e-03 1.315260e+02 1.940058e-03 9.999981e-01 2.690519e-04 2.285088e+00 1.063210e-03 -2.711142e-04 9.999994e-01 -9.323260e+01
9.999950e-01 2.158412e-03 -2.295057e-03 1.313686e+02 -2.158407e-03 9.999977e-01 4.623668e-06 2.281558e+00 2.295061e-03 3.293431e-07 9.999974e-01 -9.277634e+01
9.999976e-01 -1.864934e-03 -1.154843e-03 1.310628e+02 1.865313e-03 9.999982e-01 3.266224e-04 2.286210e+00 1.154232e-03 -3.287751e-04 9.999993e-01 -9.234925e+01
9.999951e-01 2.065588e-03 -2.333360e-03 1.309302e+02 -2.065415e-03 9.999979e-01 7.664394e-05 2.297472e+00 2.333513e-03 -7.182489e-05 9.999973e-01 -9.223193e+01
9.999981e-01 -1.729136e-03 -9.349667e-04 1.307871e+02 1.729290e-03 9.999985e-01 1.630485e-04 2.297621e+00 9.346837e-04 -1.646643e-04 9.999995e-01 -9.154869e+01
9.999956e-01 2.006625e-03 -2.177724e-03 1.306230e+02 -2.006359e-03 9.999980e-01 1.242578e-04 2.294830e+00 2.177968e-03 -1.198887e-04 9.999976e-01 -9.071625e+01
9.999972e-01 -1.676286e-03 -1.651580e-03 1.301409e+02 1.676519e-03 9.999986e-01 1.395424e-04 2.311013e+00 1.651344e-03 -1.423102e-04 9.999986e-01 -9.023928e+01
9.999965e-01 1.835408e-03 -1.930892e-03 1.300184e+02 -1.834995e-03 9.999983e-01 2.156398e-04 2.312658e+00 1.931285e-03 -2.120965e-04 9.999981e-01 -8.998215e+01
9.999970e-01 -1.915081e-03 -1.494457e-03 1.304736e+02 1.915435e-03 9.999981e-01 2.347996e-04 2.308038e+00 1.494004e-03 -2.376608e-04 9.999989e-01 -9.023951e+01
9.999961e-01 1.933254e-03 -2.036954e-03 1.307367e+02 -1.932789e-03 9.999981e-01 2.300819e-04 2.305468e+00 2.037395e-03 -2.261447e-04 9.999979e-01 -9.020729e+01
9.999967e-01 -1.978914e-03 -1.653305e-03 1.308555e+02 1.979239e-03 9.999980e-01 1.952153e-04 2.313348e+00 1.652915e-03 -1.984862e-04 9.999986e-01 -9.038513e+01
9.999958e-01 1.741751e-03 -2.332371e-03 1.316945e+02 -1.740941e-03 9.999984e-01 3.495784e-04 2.319204e+00 2.332976e-03 -3.455171e-04 9.999972e-01 -9.087657e+01
9.999964e-01 -2.009915e-03 -1.784949e-03 1.327855e+02 2.010419e-03 9.999979e-01 2.805586e-04 2.328012e+00 1.784382e-03 -2.841454e-04 9.999984e-01 -9.146060e+01
9.999958e-01 1.801872e-03 -2.281069e-03 1.336064e+02 -1.801230e-03 9.999983e-01 2.834860e-04 2.339866e+00 2.281576e-03 -2.793767e-04 9.999974e-01 -9.215688e+01
9.999972e-01 -1.876910e-03 -1.447840e-03 1.338891e+02 1.877208e-03 9.999982e-01 2.043794e-04 2.345522e+00 1.447454e-03 -2.070960e-04 9.999989e-01 -9.264387e+01
9.999959e-01 1.803908e-03 -2.206323e-03 1.341363e+02 -1.803266e-03 9.999983e-01 2.932810e-04 2.349007e+00 2.206848e-03 -2.893019e-04 9.999975e-01 -9.321290e+01
9.999973e-01 -1.960919e-03 -1.254229e-03 1.347564e+02 1.961210e-03 9.999981e-01 2.309362e-04 2.350601e+00 1.253774e-03 -2.333947e-04 9.999992e-01 -9.379860e+01
9.999957e-01 1.837077e-03 -2.302220e-03 1.354272e+02 -1.836471e-03 9.999983e-01 2.653817e-04 2.346538e+00 2.302703e-03 -2.611533e-04 9.999973e-01 -9.403200e+01
9.999968e-01 -1.968141e-03 -1.618362e-03 1.360714e+02 1.968570e-03 9.999980e-01 2.632626e-04 2.350933e+00 1.617841e-03 -2.664470e-04 9.999987e-01 -9.452878e+01
9.999966e-01 1.584234e-03 -2.052976e-03 1.365391e+02 -1.583451e-03 9.999987e-01 3.828795e-04 2.376481e+00 2.053580e-03 -3.796281e-04 9.999978e-01 -9.618050e+01
9.999963e-01 -2.077684e-03 -1.773930e-03 1.373795e+02 2.078257e-03 9.999978e-01 3.211668e-04 2.409915e+00 1.773259e-03 -3.248516e-04 9.999984e-01 -9.791245e+01
9.999962e-01 1.906920e-03 -1.968385e-03 1.380736e+02 -1.906393e-03 9.999981e-01 2.697853e-04 2.416028e+00 1.968896e-03 -2.660324e-04 9.999980e-01 -9.856737e+01
9.999972e-01 -1.866084e-03 -1.472556e-03 1.381281e+02 1.866423e-03 9.999982e-01 2.287463e-04 2.416033e+00 1.472127e-03 -2.314934e-04 9.999989e-01 -9.913651e+01
9.999965e-01 1.974462e-03 -1.745004e-03 1.382895e+02 -1.974081e-03 9.999980e-01 2.201046e-04 2.405458e+00 1.745435e-03 -2.166597e-04 9.999985e-01 -9.906193e+01
9.999969e-01 -1.897409e-03 -1.635633e-03 1.385900e+02 1.897857e-03 9.999982e-01 2.720208e-04 2.396296e+00 1.635114e-03 -2.751235e-04 9.999986e-01 -9.899811e+01
9.999972e-01 1.916302e-03 -1.400229e-03 1.391451e+02 -1.916023e-03 9.999981e-01 2.005650e-04 2.382884e+00 1.400610e-03 -1.978822e-04 9.999990e-01 -9.897967e+01
9.999963e-01 -1.843857e-03 -1.999869e-03 1.396886e+02 1.844406e-03 9.999983e-01 2.724141e-04 2.369080e+00 1.999364e-03 -2.761010e-04 9.999980e-01 -9.893772e+01
9.999966e-01 2.201861e-03 -1.372102e-03 1.399137e+02 -2.201541e-03 9.999975e-01 2.348374e-04 2.346022e+00 1.372616e-03 -2.318165e-04 9.999990e-01 -9.828999e+01
9.999954e-01 -1.834328e-03 -2.425222e-03 1.397971e+02 1.834689e-03 9.999983e-01 1.467389e-04 2.347608e+00 2.424949e-03 -1.511871e-04 9.999970e-01 -9.750791e+01
9.999965e-01 2.356467e-03 -1.243656e-03 1.402221e+02 -2.356013e-03 9.999972e-01 3.667737e-04 2.325003e+00 1.244516e-03 -3.638430e-04 9.999992e-01 -9.663131e+01
9.999924e-01 -1.598306e-03 -3.545881e-03 1.395959e+02 1.598480e-03 9.999987e-01 4.632760e-05 2.360364e+00 3.545803e-03 -5.199460e-05 9.999937e-01 -9.456361e+01
9.999953e-01 2.554699e-03 -1.700574e-03 1.389877e+02 -2.554354e-03 9.999967e-01 2.049744e-04 2.402637e+00 1.701092e-03 -2.006302e-04 9.999985e-01 -9.236907e+01
9.999953e-01 -1.770236e-03 -2.517351e-03 1.395993e+02 1.771242e-03 9.999984e-01 3.973479e-04 2.381581e+00 2.516644e-03 -4.018042e-04 9.999968e-01 -9.088682e+01
9.999950e-01 2.494582e-03 -1.939309e-03 1.393771e+02 -2.494381e-03 9.999969e-01 1.059195e-04 2.393172e+00 1.939567e-03 -1.010822e-04 9.999981e-01 -8.924827e+01
9.999940e-01 -1.877915e-03 -2.902630e-03 1.387054e+02 1.878494e-03 9.999982e-01 1.965745e-04 2.432785e+00 2.902256e-03 -2.020252e-04 9.999958e-01 -8.751385e+01
9.999954e-01 2.566650e-03 -1.600342e-03 1.383276e+02 -2.566479e-03 9.999967e-01 1.090509e-04 2.452865e+00 1.600616e-03 -1.049439e-04 9.999987e-01 -8.580725e+01
9.999961e-01 -1.826735e-03 -2.104820e-03 1.381819e+02 1.827441e-03 9.999983e-01 3.330639e-04 2.451117e+00 2.104208e-03 -3.369084e-04 9.999977e-01 -8.395038e+01
9.999928e-01 2.556051e-03 -2.797611e-03 1.371075e+02 -2.556644e-03 9.999967e-01 -2.083419e-04 2.520948e+00 2.797069e-03 2.154922e-04 9.999961e-01 -8.187864e+01
9.999965e-01 -1.784978e-03 -1.937723e-03 1.367020e+02 1.785880e-03 9.999983e-01 4.640367e-04 2.549511e+00 1.936892e-03 -4.674950e-04 9.999980e-01 -8.035306e+01
9.999966e-01 2.241181e-03 -1.352682e-03 1.377195e+02 -2.241029e-03 9.999975e-01 1.138761e-04 2.505138e+00 1.352933e-03 -1.108450e-04 9.999991e-01 -7.957807e+01
9.999953e-01 -1.731011e-03 -2.529855e-03 1.378558e+02 1.731962e-03 9.999984e-01 3.734575e-04 2.495123e+00 2.529205e-03 -3.778367e-04 9.999967e-01 -7.851054e+01
9.999950e-01 2.439933e-03 -1.995501e-03 1.375493e+02 -2.439937e-03 9.999970e-01 9.058204e-07 2.511681e+00 1.995497e-03 3.962417e-06 9.999980e-01 -7.692286e+01
9.999953e-01 -1.894795e-03 -2.393283e-03 1.382445e+02 1.896380e-03 9.999980e-01 6.599928e-04 2.497632e+00 2.392028e-03 -6.645277e-04 9.999969e-01 -7.565701e+01
9.999961e-01 2.442802e-03 -1.339119e-03 1.398989e+02 -2.442517e-03 9.999970e-01 2.151444e-04 2.444375e+00 1.339640e-03 -2.118735e-04 9.999991e-01 -7.477273e+01
9.999963e-01 -1.715154e-03 -2.090017e-03 1.400212e+02 1.716047e-03 9.999984e-01 4.251064e-04 2.427717e+00 2.089285e-03 -4.286907e-04 9.999977e-01 -7.314311e+01
9.999945e-01 2.356618e-03 -2.320012e-03 1.395264e+02 -2.356812e-03 9.999972e-01 -8.079738e-05 2.458255e+00 2.319815e-03 8.626410e-05 9.999973e-01 -7.151587e+01
9.999977e-01 -1.499030e-03 -1.560422e-03 1.398197e+02 1.499978e-03 9.999987e-01 6.066429e-04 2.441598e+00 1.559511e-03 -6.089814e-04 9.999986e-01 -6.993870e+01
9.999945e-01 2.319272e-03 -2.350791e-03 1.398300e+02 -2.319523e-03 9.999973e-01 -1.041458e-04 2.435896e+00 2.350543e-03 1.095973e-04 9.999972e-01 -6.824476e+01
9.999974e-01 -1.493832e-03 -1.707526e-03 1.398549e+02 1.494796e-03 9.999987e-01 5.635645e-04 2.430957e+00 1.706682e-03 -5.661148e-04 9.999984e-01 -6.664117e+01
9.999929e-01 2.365189e-03 -2.941135e-03 1.394028e+02 -2.365591e-03 9.999972e-01 -1.330222e-04 2.457760e+00 2.940812e-03 1.399781e-04 9.999957e-01 -6.454085e+01
9.999959e-01 -1.400610e-03 -2.483636e-03 1.386871e+02 1.401924e-03 9.999989e-01 5.272779e-04 2.509120e+00 2.482895e-03 -5.307569e-04 9.999968e-01 -6.222320e+01
9.999925e-01 1.986354e-03 -3.327556e-03 1.374623e+02 -1.986897e-03 9.999980e-01 -1.598339e-04 2.597315e+00 3.327231e-03 1.664435e-04 9.999945e-01 -6.041509e+01
9.999972e-01 -8.015105e-04 -2.217176e-03 1.381387e+02 8.038395e-04 9.999991e-01 1.049620e-03 2.589435e+00 2.216333e-03 -1.051399e-03 9.999970e-01 -5.855269e+01
9.999982e-01 1.638936e-03 -9.735100e-04 1.408852e+02 -1.638840e-03 9.999987e-01 9.929584e-05 2.504459e+00 9.736712e-04 -9.770089e-05 9.999995e-01 -5.691475e+01
9.999942e-01 -8.749285e-04 -3.302508e-03 1.405904e+02 8.767105e-04 9.999995e-01 5.381095e-04 2.512850e+00 3.302036e-03 -5.410010e-04 9.999944e-01 -5.481840e+01
9.999957e-01 1.105509e-03 -2.709544e-03 1.398008e+02 -1.105768e-03 9.999994e-01 -9.426498e-05 2.561654e+00 2.709438e-03 9.726005e-05 9.999963e-01 -5.415984e+01
9.999981e-01 -1.562579e-03 -1.170023e-03 1.407554e+02 1.563447e-03 9.999985e-01 7.412634e-04 2.585966e+00 1.168863e-03 -7.430906e-04 9.999990e-01 -5.534284e+01
9.999948e-01 1.560704e-03 -2.832472e-03 1.423454e+02 -1.560137e-03 9.999988e-01 2.024434e-04 2.558616e+00 2.832785e-03 -1.980239e-04 9.999960e-01 -5.521334e+01
9.999976e-01 -1.283193e-03 -1.767858e-03 1.449392e+02 1.285224e-03 9.999985e-01 1.148247e-03 2.521139e+00 1.766382e-03 -1.150516e-03 9.999978e-01 -5.493028e+01
9.999948e-01 2.100703e-03 -2.434693e-03 1.474193e+02 -2.100270e-03 9.999978e-01 1.804568e-04 2.450750e+00 2.435066e-03 -1.753430e-04 9.999970e-01 -5.334995e+01
9.999971e-01 -7.299879e-04 -2.307180e-03 1.502265e+02 7.330624e-04 9.999988e-01 1.331885e-03 2.366206e+00 2.306205e-03 -1.333571e-03 9.999965e-01 -5.106771e+01
9.999967e-01 1.301052e-03 -2.223351e-03 1.519931e+02 -1.301813e-03 9.999991e-01 -3.406770e-04 2.332183e+00 2.222905e-03 3.435696e-04 9.999975e-01 -4.968430e+01
9.999941e-01 -1.046098e-03 -3.283091e-03 1.517878e+02 1.048855e-03 9.999991e-01 8.382622e-04 2.371977e+00 3.282211e-03 -8.417001e-04 9.999943e-01 -4.876446e+01
9.999833e-01 1.893011e-03 -5.468527e-03 1.490442e+02 -1.895934e-03 9.999981e-01 -5.292669e-04 2.582471e+00 5.467514e-03 5.396253e-04 9.999849e-01 -4.575858e+01
9.999827e-01 -3.691500e-04 -5.871573e-03 1.452337e+02 3.714497e-04 9.999999e-01 3.905318e-04 2.864192e+00 5.871429e-03 -3.927054e-04 9.999827e-01 -4.249442e+01
9.999963e-01 1.354506e-03 -2.358039e-03 1.428014e+02 -1.355069e-03 9.999991e-01 -2.367129e-04 3.037103e+00 2.357716e-03 2.399067e-04 9.999972e-01 -4.033302e+01
9.999864e-01 -5.139049e-04 -5.185136e-03 1.405474e+02 5.167652e-04 9.999997e-01 5.502654e-04 3.189812e+00 5.184852e-03 -5.529368e-04 9.999864e-01 -3.870342e+01
9.999962e-01 1.306831e-03 -2.440971e-03 1.384108e+02 -1.308003e-03 9.999990e-01 -4.785781e-04 3.349067e+00 2.440343e-03 4.817685e-04 9.999969e-01 -3.649380e+01
9.999688e-01 1.120876e-05 -7.901232e-03 1.349160e+02 -7.318715e-06 9.999999e-01 4.923250e-04 3.614586e+00 7.901237e-03 -4.922511e-04 9.999687e-01 -3.288990e+01
9.999886e-01 1.655695e-03 -4.475494e-03 1.303540e+02 -1.658609e-03 9.999984e-01 -6.474068e-04 3.962135e+00 4.474415e-03 6.548219e-04 9.999898e-01 -2.846784e+01
9.999836e-01 -2.672858e-04 -5.716813e-03 1.272673e+02 2.693593e-04 9.999999e-01 3.618786e-04 4.200433e+00 5.716716e-03 -3.634119e-04 9.999836e-01 -2.530397e+01
9.999992e-01 5.494175e-04 -1.105222e-03 1.259210e+02 -5.496794e-04 9.999998e-01 -2.364183e-04 4.328909e+00 1.105092e-03 2.370250e-04 9.999994e-01 -2.355309e+01
9.999720e-01 1.889328e-05 -7.489814e-03 1.238254e+02 -1.670778e-05 1.000000e+00 2.918176e-04 4.526777e+00 7.489820e-03 -2.916837e-04 9.999719e-01 -2.113864e+01
9.999980e-01 1.015572e-03 -1.698879e-03 1.210140e+02 -1.016119e-03 9.999994e-01 -3.209401e-04 4.748188e+00 1.698551e-03 3.226651e-04 9.999985e-01 -1.817929e+01
9.999728e-01 8.420761e-05 -7.369013e-03 1.181941e+02 -8.186105e-05 9.999999e-01 3.186937e-04 4.962657e+00 7.369039e-03 -3.180812e-04 9.999728e-01 -1.532449e+01
9.999998e-01 6.938388e-04 1.800435e-05 1.162601e+02 -6.938336e-04 9.999997e-01 -3.009768e-04 5.106442e+00 -1.821340e-05 3.009636e-04 1.000000e+00 -1.333282e+01
9.999846e-01 -1.901055e-04 -5.555427e-03 1.152363e+02 1.923445e-04 9.999999e-01 4.024506e-04 5.177312e+00 5.555351e-03 -4.035123e-04 9.999845e-01 -1.214000e+01
9.999998e-01 4.282962e-04 5.380848e-04 1.144948e+02 -4.281990e-04 9.999999e-01 -1.813766e-04 5.238159e+00 -5.381627e-04 1.811455e-04 9.999998e-01 -1.102144e+01
9.999796e-01 -1.689343e-04 -6.385294e-03 1.135826e+02 1.712418e-04 9.999999e-01 3.607903e-04 5.324808e+00 6.385233e-03 -3.618757e-04 9.999795e-01 -9.635038e+00
9.999997e-01 6.662856e-04 4.264630e-04 1.126208e+02 -6.662429e-04 9.999998e-01 -1.011040e-04 5.409068e+00 -4.265305e-04 1.008192e-04 9.999999e-01 -8.077544e+00
9.999868e-01 -2.002045e-04 -5.142618e-03 1.120563e+02 2.015636e-04 9.999999e-01 2.637155e-04 5.444481e+00 5.142565e-03 -2.647480e-04 9.999867e-01 -6.901434e+00
9.999998e-01 5.689636e-04 3.605728e-04 1.113682e+02 -5.689667e-04 9.999998e-01 7.419242e-06 5.489980e+00 -3.605688e-04 -7.625026e-06 9.999999e-01 -5.769528e+00
9.999885e-01 -1.892477e-04 -4.800234e-03 1.109477e+02 1.905438e-04 9.999999e-01 2.694867e-04 5.517430e+00 4.800183e-03 -2.703976e-04 9.999884e-01 -4.850014e+00
9.999997e-01 6.719643e-04 -4.559850e-04 1.096090e+02 -6.718574e-04 9.999997e-01 2.351807e-04 5.586822e+00 4.561427e-04 -2.348749e-04 9.999999e-01 -4.334639e+00
9.999905e-01 -5.272119e-05 -4.355392e-03 1.088733e+02 5.312053e-05 1.000000e+00 9.149398e-05 5.630751e+00 4.355387e-03 -9.172384e-05 9.999905e-01 -2.973680e+00
1.000000e+00 2.439541e-04 -1.987084e-04 1.105961e+02 -2.437722e-04 9.999996e-01 9.168063e-04 5.602808e+00 1.989317e-04 -9.167585e-04 9.999996e-01 -2.269513e+00
9.999920e-01 -7.647943e-05 -3.994239e-03 1.130688e+02 7.720552e-05 1.000000e+00 1.815444e-04 5.566711e+00 3.994225e-03 -1.818507e-04 9.999920e-01 -1.704557e+00
9.999999e-01 2.509644e-04 3.782740e-04 1.142439e+02 -2.511030e-04 9.999999e-01 3.655727e-04 5.538703e+00 -3.781825e-04 -3.656683e-04 9.999999e-01 -9.382809e-01
9.999918e-01 -3.454438e-04 -4.043450e-03 1.151907e+02 3.462866e-04 9.999999e-01 2.076419e-04 5.530198e+00 4.043378e-03 -2.090398e-04 9.999918e-01 -1.081473e+00
9.999996e-01 4.693578e-04 8.187898e-04 1.157297e+02 -4.695832e-04 9.999999e-01 2.746364e-04 5.504776e+00 -8.186610e-04 -2.750214e-04 9.999996e-01 -8.258639e-01
9.999920e-01 -3.229936e-04 -3.977982e-03 1.161075e+02 3.237503e-04 9.999999e-01 1.894911e-04 5.482669e+00 3.977921e-03 -1.907768e-04 9.999921e-01 -5.553044e-01
9.999997e-01 4.667624e-04 6.755742e-04 1.164801e+02 -4.669157e-04 9.999999e-01 2.263520e-04 5.463498e+00 -6.754687e-04 -2.266679e-04 9.999997e-01 -2.589498e-01
9.999920e-01 -3.073650e-04 -3.976938e-03 1.171543e+02 3.083267e-04 9.999999e-01 2.411253e-04 5.434066e+00 3.976864e-03 -2.423489e-04 9.999921e-01 1.268984e-01
9.999987e-01 6.841560e-04 -1.490926e-03 1.159894e+02 -6.838390e-04 9.999997e-01 2.133931e-04 5.514265e+00 1.491072e-03 -2.123739e-04 9.999989e-01 1.890628e+00
9.999866e-01 1.517584e-04 -5.184053e-03 1.144697e+02 -1.535760e-04 9.999999e-01 -3.502999e-04 5.626526e+00 5.184000e-03 3.510919e-04 9.999865e-01 3.996371e+00
9.999986e-01 -1.885352e-04 1.667487e-03 1.155423e+02 1.870494e-04 9.999996e-01 8.909022e-04 5.605870e+00 -1.667655e-03 -8.905897e-04 9.999982e-01 4.262427e+00
9.999812e-01 2.564365e-04 -6.125150e-03 1.160057e+02 -2.585811e-04 9.999999e-01 -3.493995e-04 5.613980e+00 6.125060e-03 3.509774e-04 9.999812e-01 4.723150e+00
9.999966e-01 1.959061e-05 2.595964e-03 1.165741e+02 -2.175281e-05 9.999997e-01 8.327450e-04 5.588533e+00 -2.595947e-03 -8.327993e-04 9.999963e-01 5.335766e+00
9.999803e-01 8.311137e-05 -6.280046e-03 1.176627e+02 -8.430586e-05 1.000000e+00 -1.899949e-04 5.563935e+00 6.280030e-03 1.905212e-04 9.999803e-01 5.647756e+00
9.999951e-01 2.840811e-04 3.122728e-03 1.179518e+02 -2.861026e-04 9.999997e-01 6.468003e-04 5.536334e+00 -3.122543e-03 -6.476912e-04 9.999949e-01 6.459294e+00
9.999777e-01 2.842751e-04 -6.675222e-03 1.182467e+02 -2.856903e-04 9.999999e-01 -2.111184e-04 5.513495e+00 6.675162e-03 2.130214e-04 9.999777e-01 7.519044e+00
9.999959e-01 3.070418e-04 2.862797e-03 1.183900e+02 -3.090175e-04 9.999997e-01 6.896124e-04 5.502322e+00 -2.862585e-03 -6.904948e-04 9.999957e-01 8.651831e+00
9.999762e-01 2.308486e-04 -6.894911e-03 1.184184e+02 -2.324383e-04 9.999999e-01 -2.298069e-04 5.502888e+00 6.894857e-03 2.314047e-04 9.999762e-01 9.813144e+00
9.999962e-01 3.155984e-04 2.745528e-03 1.181498e+02 -3.173890e-04 9.999997e-01 6.516258e-04 5.517801e+00 -2.745322e-03 -6.524953e-04 9.999960e-01 1.105458e+01
9.999771e-01 2.592117e-04 -6.757754e-03 1.181194e+02 -2.606519e-04 9.999999e-01 -2.122908e-04 5.520135e+00 6.757699e-03 2.140480e-04 9.999771e-01 1.225315e+01
9.999962e-01 2.685970e-04 2.757737e-03 1.179000e+02 -2.703732e-04 9.999998e-01 6.436028e-04 5.530131e+00 -2.757564e-03 -6.443466e-04 9.999960e-01 1.347261e+01
9.999767e-01 8.565799e-05 -6.829273e-03 1.177424e+02 -8.748472e-05 1.000000e+00 -2.672404e-04 5.541955e+00 6.829250e-03 2.678322e-04 9.999766e-01 1.422122e+01
9.999954e-01 -4.720693e-04 3.004605e-03 1.185419e+02 4.695988e-04 9.999996e-01 8.227543e-04 5.550961e+00 -3.004992e-03 -8.213402e-04 9.999951e-01 1.370980e+01
9.999780e-01 4.351317e-04 -6.623447e-03 1.191669e+02 -4.372392e-04 9.999999e-01 -3.167992e-04 5.541293e+00 6.623308e-03 3.196888e-04 9.999780e-01 1.367217e+01
9.999949e-01 -3.087319e-04 3.191710e-03 1.197332e+02 3.060768e-04 9.999996e-01 8.322042e-04 5.520824e+00 -3.191966e-03 -8.312236e-04 9.999946e-01 1.398979e+01
9.999764e-01 7.188070e-04 -6.835965e-03 1.199174e+02 -7.212241e-04 9.999997e-01 -3.511707e-04 5.509228e+00 6.835710e-03 3.560933e-04 9.999766e-01 1.482293e+01
9.999968e-01 -1.550447e-04 2.522888e-03 1.194960e+02 1.531919e-04 9.999997e-01 7.344408e-04 5.533649e+00 -2.523001e-03 -7.340526e-04 9.999965e-01 1.626765e+01
9.999750e-01 6.465666e-04 -7.037136e-03 1.188793e+02 -6.497082e-04 9.999997e-01 -4.442112e-04 5.569862e+00 7.036847e-03 4.487728e-04 9.999751e-01 1.776111e+01
9.999970e-01 -1.440629e-04 2.435036e-03 1.182002e+02 1.422869e-04 9.999997e-01 7.293568e-04 5.610471e+00 -2.435140e-03 -7.290088e-04 9.999968e-01 1.933019e+01
9.999729e-01 7.241569e-04 -7.320562e-03 1.173769e+02 -7.281091e-04 9.999996e-01 -5.372807e-04 5.661442e+00 7.320170e-03 5.425969e-04 9.999731e-01 2.106523e+01
9.999957e-01 -8.368375e-06 2.946706e-03 1.170538e+02 5.837005e-06 9.999996e-01 8.589295e-04 5.676934e+00 -2.946713e-03 -8.589091e-04 9.999953e-01 2.281016e+01
9.999771e-01 6.549996e-04 -6.737413e-03 1.173828e+02 -6.577559e-04 9.999997e-01 -4.069585e-04 5.655023e+00 6.737145e-03 4.113814e-04 9.999772e-01 2.405680e+01
9.999958e-01 -2.219251e-03 1.843501e-03 1.196592e+02 2.216099e-03 9.999961e-01 1.709857e-03 5.746291e+00 -1.847288e-03 -1.705766e-03 9.999968e-01 2.059112e+01
9.999687e-01 7.528559e-05 -7.913605e-03 1.224917e+02 -7.502121e-05 1.000000e+00 3.365630e-05 5.913418e+00 7.913607e-03 -3.306095e-05 9.999687e-01 1.403133e+01
9.999975e-01 -1.782153e-03 1.363097e-03 1.253480e+02 1.780214e-03 9.999974e-01 1.422484e-03 6.025831e+00 -1.365629e-03 -1.420055e-03 9.999981e-01 1.020534e+01
9.999693e-01 -1.419513e-05 -7.830929e-03 1.279391e+02 1.411472e-05 1.000000e+00 -1.037129e-05 6.140835e+00 7.830929e-03 1.026104e-05 9.999693e-01 6.002978e+00
