9.999952e-01 2.670346e-04 -3.071290e-03 1.458063e-01 -2.668357e-04 1.000000e+00 6.516708e-05 -2.517493e-02 3.071307e-03 -6.434796e-05 9.999953e-01 7.254622e-01
1.000000e+00 -1.688543e-04 -1.559365e-04 2.740223e-01 1.688803e-04 1.000000e+00 1.660640e-04 -3.399952e-02 1.559088e-04 -1.660896e-04 1.000000e+00 8.059072e-01
9.999953e-01 1.972389e-04 -3.045871e-03 7.390111e-01 -1.972761e-04 1.000000e+00 -1.191100e-05 -5.003012e-02 3.045868e-03 1.251111e-05 9.999954e-01 8.760342e-01
1.000000e+00 8.218337e-05 1.275419e-04 9.022380e-01 -8.220048e-05 1.000000e+00 1.343919e-04 -7.619156e-02 -1.275305e-04 -1.344016e-04 1.000000e+00 1.586995e+00
9.999940e-01 5.953978e-04 -3.400159e-03 4.330559e-01 -5.955482e-04 9.999998e-01 -4.320573e-05 -5.858458e-02 3.400133e-03 4.522972e-05 9.999942e-01 2.541182e+00
1.000000e+00 4.246853e-05 -3.290320e-05 -3.016004e-01 -4.246234e-05 1.000000e+00 1.871512e-04 -2.745929e-02 3.291149e-05 -1.871491e-04 1.000000e+00 3.151490e+00
9.999941e-01 6.469771e-04 -3.366776e-03 -1.092990e+00 -6.471418e-04 9.999998e-01 -4.782901e-05 5.469478e-03 3.366744e-03 5.000680e-05 9.999943e-01 3.740227e+00
1.000000e+00 -1.374670e-04 1.089127e-04 -1.715255e+00 1.374392e-04 1.000000e+00 2.557806e-04 2.644001e-02 -1.089475e-04 -2.557649e-04 1.000000e+00 3.985921e+00
9.999945e-01 4.357661e-04 -3.286393e-03 -1.904019e+00 -4.359477e-04 9.999999e-01 -5.451740e-05 2.546084e-02 3.286369e-03 5.594909e-05 9.999946e-01 4.281764e+00
1.000000e+00 -1.276401e-04 1.236886e-04 -1.984169e+00 1.276119e-04 1.000000e+00 2.278486e-04 1.594066e-02 -1.237174e-04 -2.278321e-04 1.000000e+00 4.880269e+00
9.999940e-01 4.967845e-04 -3.415684e-03 -2.165666e+00 -4.970283e-04 9.999999e-01 -7.050421e-05 1.816021e-02 3.415648e-03 7.220077e-05 9.999942e-01 5.458253e+00
9.999999e-01 -3.363071e-04 2.864106e-04 -2.088537e+00 3.362328e-04 9.999999e-01 2.597901e-04 6.827874e-03 -2.864976e-04 -2.596930e-04 9.999999e-01 5.872366e+00
9.999938e-01 6.104062e-04 -3.482278e-03 -2.097288e+00 -6.108078e-04 9.999998e-01 -1.142547e-04 -5.462804e-03 3.482207e-03 1.163803e-04 9.999939e-01 6.439747e+00
9.999998e-01 -5.903809e-04 2.302517e-04 -1.515877e+00 5.903430e-04 9.999998e-01 1.648749e-04 -1.887754e-02 -2.303486e-04 -1.647383e-04 1.000000e+00 6.510580e+00
9.999951e-01 5.473430e-04 -3.069817e-03 -6.323594e-01 -5.474187e-04 9.999998e-01 -2.378738e-05 -3.432403e-02 3.069803e-03 2.546703e-05 9.999953e-01 6.598477e+00
9.999999e-01 -3.835561e-04 -1.271698e-04 -4.709576e-02 3.835641e-04 9.999999e-01 6.279803e-05 -5.207272e-02 1.271461e-04 -6.284609e-05 1.000000e+00 7.076685e+00
9.999963e-01 5.052043e-04 -2.668947e-03 6.327994e-01 -5.051890e-04 9.999999e-01 6.432983e-06 -7.642722e-02 2.668950e-03 -5.085349e-06 9.999964e-01 7.520732e+00
9.999999e-01 -3.654644e-04 1.754529e-05 1.169239e+00 3.654625e-04 9.999999e-01 1.074180e-04 -1.072299e-01 -1.758420e-05 -1.074109e-04 1.000000e+00 7.961139e+00
9.999952e-01 5.929867e-04 -3.036120e-03 1.553237e+00 -5.931332e-04 9.999998e-01 -4.735654e-05 -1.347229e-01 3.036091e-03 4.915643e-05 9.999954e-01 8.519899e+00
9.999998e-01 -5.339112e-04 1.323798e-04 2.295583e+00 5.338900e-04 9.999998e-01 1.607723e-04 -1.571900e-01 -1.324653e-04 -1.607009e-04 1.000000e+00 8.720128e+00
9.999963e-01 5.739371e-04 -2.643387e-03 3.022763e+00 -5.739382e-04 9.999998e-01 3.673690e-07 -1.864790e-01 2.643386e-03 1.149061e-06 9.999965e-01 9.114406e+00
9.999999e-01 -4.530869e-04 -3.466351e-05 3.762744e+00 4.530884e-04 9.999999e-01 4.458171e-05 -2.168314e-01 3.464365e-05 -4.459670e-05 1.000000e+00 9.469511e+00
9.999966e-01 4.924484e-04 -2.554914e-03 4.499446e+00 -4.920940e-04 9.999999e-01 1.393614e-04 -2.431650e-01 2.554982e-03 -1.381044e-04 9.999967e-01 9.739076e+00
9.999999e-01 -5.164355e-04 -1.476875e-04 5.095996e+00 5.164357e-04 9.999999e-01 5.756513e-07 -2.596618e-01 1.476875e-04 -6.512103e-07 1.000000e+00 9.725555e+00
9.999959e-01 6.132782e-04 -2.793298e-03 5.619864e+00 -6.129870e-04 9.999998e-01 1.051075e-04 -2.816236e-01 2.793361e-03 -1.033955e-04 9.999961e-01 9.963667e+00
9.999998e-01 -5.768901e-04 -9.669585e-05 6.071859e+00 5.768951e-04 9.999998e-01 5.028535e-05 -3.017742e-01 9.666716e-05 -5.034041e-05 1.000000e+00 1.020457e+01
9.999956e-01 5.165954e-04 -2.905820e-03 6.521417e+00 -5.164121e-04 9.999999e-01 6.384462e-05 -3.107211e-01 2.905852e-03 -6.234446e-05 9.999958e-01 9.962567e+00
9.999999e-01 -4.964600e-04 1.632646e-04 7.051520e+00 4.964511e-04 9.999999e-01 5.475815e-05 -3.307038e-01 -1.632915e-04 -5.467638e-05 1.000000e+00 1.003828e+01
9.999944e-01 6.198517e-04 -3.292183e-03 7.467536e+00 -6.195912e-04 9.999998e-01 8.014686e-05 -3.537632e-01 3.292232e-03 -7.810731e-05 9.999946e-01 1.035693e+01
9.999999e-01 -3.943955e-04 -3.196045e-05 7.707352e+00 3.943982e-04 9.999999e-01 8.148903e-05 -3.689767e-01 3.192865e-05 -8.150092e-05 1.000000e+00 1.083342e+01
9.999932e-01 7.124367e-04 -3.609282e-03 7.353558e+00 -7.117453e-04 9.999997e-01 1.928596e-04 -3.551263e-01 3.609419e-03 -1.902901e-04 9.999935e-01 1.105652e+01
9.999998e-01 -5.762137e-04 2.706715e-04 7.375765e+00 5.762046e-04 9.999998e-01 3.412972e-05 -3.650122e-01 -2.706908e-04 -3.397304e-05 1.000000e+00 1.130162e+01
9.999938e-01 6.516515e-04 -3.447039e-03 7.590553e+00 -6.511154e-04 9.999998e-01 1.566638e-04 -3.835014e-01 3.447140e-03 -1.544191e-04 9.999940e-01 1.148912e+01
9.999996e-01 -6.755639e-04 5.977475e-04 7.899049e+00 6.755693e-04 9.999998e-01 -8.613449e-06 -3.974503e-01 -5.977412e-04 9.017977e-06 9.999998e-01 1.140493e+01
9.999929e-01 8.382027e-04 -3.685112e-03 8.055199e+00 -8.376394e-04 9.999996e-01 1.543947e-04 -4.189667e-01 3.685239e-03 -1.513075e-04 9.999932e-01 1.186305e+01
9.999997e-01 -6.870210e-04 4.610506e-04 8.133255e+00 6.870204e-04 9.999998e-01 1.688389e-06 -4.388039e-01 -4.610513e-04 -1.370926e-06 9.999999e-01 1.235557e+01
9.999924e-01 8.709759e-04 -3.787022e-03 8.013457e+00 -8.700801e-04 9.999996e-01 2.381967e-04 -4.464015e-01 3.787227e-03 -2.349006e-04 9.999928e-01 1.243751e+01
9.999997e-01 -6.793934e-04 4.391362e-04 7.763587e+00 6.793853e-04 9.999998e-01 1.867035e-05 -4.452431e-01 -4.391484e-04 -1.837129e-05 9.999999e-01 1.244051e+01
9.999915e-01 1.049494e-03 -3.986355e-03 7.508022e+00 -1.049001e-03 9.999994e-01 1.259025e-04 -4.365011e-01 3.986485e-03 -1.217204e-04 9.999920e-01 1.308811e+01
9.999992e-01 -9.096924e-04 9.016244e-04 8.229759e+00 9.097684e-04 9.999996e-01 -8.376719e-05 -4.677068e-01 -9.015475e-04 8.458810e-05 9.999996e-01 1.355410e+01
9.999942e-01 1.003206e-03 -3.243624e-03 9.395286e+00 -1.002657e-03 9.999995e-01 1.709440e-04 -4.982396e-01 3.243793e-03 -1.676915e-04 9.999947e-01 1.383877e+01
9.999994e-01 -9.885255e-04 5.134496e-04 1.009525e+01 9.885278e-04 9.999995e-01 -4.245722e-06 -5.213356e-01 -5.134448e-04 4.753989e-06 9.999999e-01 1.403668e+01
9.999920e-01 1.096949e-03 -3.854544e-03 1.004313e+01 -1.095937e-03 9.999994e-01 2.645670e-04 -5.239598e-01 3.854832e-03 -2.603413e-04 9.999925e-01 1.419148e+01
9.999995e-01 -8.357186e-04 4.839988e-04 9.742402e+00 8.357272e-04 9.999997e-01 -1.745225e-05 -5.160333e-01 -4.839837e-04 1.785744e-05 9.999999e-01 1.431723e+01
9.999924e-01 1.155120e-03 -3.712577e-03 9.395763e+00 -1.154132e-03 9.999993e-01 2.683411e-04 -5.122236e-01 3.712884e-03 -2.640550e-04 9.999931e-01 1.450397e+01
9.999996e-01 -7.892314e-04 3.378256e-04 9.315752e+00 7.892906e-04 9.999997e-01 -1.750945e-04 -5.177744e-01 -3.376869e-04 1.753618e-04 9.999999e-01 1.516132e+01
9.999922e-01 1.242757e-03 -3.761605e-03 9.053161e+00 -1.241382e-03 9.999992e-01 3.677156e-04 -5.107760e-01 3.762058e-03 -3.630439e-04 9.999929e-01 1.565773e+01
9.999997e-01 -6.684497e-04 3.045793e-04 8.308901e+00 6.684813e-04 9.999998e-01 -1.034570e-04 -4.815620e-01 -3.045097e-04 1.036613e-04 9.999999e-01 1.575032e+01
9.999924e-01 1.061727e-03 -3.759281e-03 7.800456e+00 -1.060372e-03 9.999994e-01 3.623435e-04 -4.637721e-01 3.759663e-03 -3.583552e-04 9.999929e-01 1.588912e+01
9.999998e-01 -5.459372e-04 2.223781e-04 7.150521e+00 5.459596e-04 9.999998e-01 -9.998678e-05 -4.354830e-01 -2.223231e-04 1.001089e-04 1.000000e+00 1.610203e+01
9.999919e-01 1.023753e-03 -3.903211e-03 6.540519e+00 -1.022417e-03 9.999994e-01 3.442011e-04 -4.065450e-01 3.903560e-03 -3.402083e-04 9.999923e-01 1.640937e+01
9.999997e-01 -7.088377e-04 2.344859e-04 6.189549e+00 7.088591e-04 9.999997e-01 -9.086080e-05 -3.906910e-01 -2.344211e-04 9.102771e-05 1.000000e+00 1.671605e+01
9.999924e-01 9.487000e-04 -3.775159e-03 5.975424e+00 -9.474469e-04 9.999995e-01 3.337237e-04 -3.861368e-01 3.775473e-03 -3.301451e-04 9.999928e-01 1.695668e+01
9.999996e-01 -7.892184e-04 4.278684e-04 6.107040e+00 7.893111e-04 9.999997e-01 -2.163272e-04 -4.035566e-01 -4.276972e-04 2.166656e-04 9.999999e-01 1.741391e+01
9.999944e-01 1.013777e-03 -3.199352e-03 6.593311e+00 -1.013052e-03 9.999995e-01 2.282891e-04 -4.380454e-01 3.199581e-03 -2.250474e-04 9.999949e-01 1.802934e+01
9.999996e-01 -8.713733e-04 3.149667e-04 6.825463e+00 8.714188e-04 9.999996e-01 -1.440495e-04 -4.598980e-01 -3.148407e-04 1.443246e-04 9.999999e-01 1.850929e+01
9.999921e-01 1.213266e-03 -3.784747e-03 6.414810e+00 -1.211863e-03 9.999992e-01 3.729957e-04 -4.484766e-01 3.785196e-03 -3.684069e-04 9.999928e-01 1.873556e+01
9.999997e-01 -7.421032e-04 1.165805e-04 5.814288e+00 7.421191e-04 9.999997e-01 -1.357747e-04 -4.216239e-01 -1.164794e-04 1.358619e-04 1.000000e+00 1.905199e+01
9.999941e-01 8.790473e-04 -3.317551e-03 6.095826e+00 -8.782768e-04 9.999996e-01 2.337329e-04 -4.390182e-01 3.317754e-03 -2.308185e-04 9.999945e-01 1.944295e+01
9.999995e-01 -9.468567e-04 4.441190e-04 7.115326e+00 9.469227e-04 9.999995e-01 -1.481792e-04 -4.520795e-01 -4.439782e-04 1.486003e-04 9.999999e-01 1.937311e+01
9.999950e-01 1.000154e-03 -2.988041e-03 8.037834e+00 -9.994509e-04 9.999995e-01 2.366779e-04 -4.803745e-01 2.988276e-03 -2.336910e-04 9.999955e-01 1.966518e+01
9.999997e-01 -7.940525e-04 1.308737e-04 8.375232e+00 7.940770e-04 9.999997e-01 -1.862468e-04 -5.106751e-01 -1.307255e-04 1.863513e-04 1.000000e+00 2.028314e+01
9.999932e-01 1.006647e-03 -3.555758e-03 8.358806e+00 -1.005401e-03 9.999994e-01 3.520434e-04 -5.213180e-01 3.556110e-03 -3.484667e-04 9.999936e-01 2.074196e+01
9.999997e-01 -7.601313e-04 -2.356339e-05 8.186419e+00 7.601262e-04 9.999997e-01 -2.198606e-04 -5.192209e-01 2.373083e-05 2.198433e-04 1.000000e+00 2.128796e+01
9.999948e-01 8.888990e-04 -3.099115e-03 8.530207e+00 -8.878570e-04 9.999995e-01 3.376099e-04 -5.393381e-01 3.099414e-03 -3.348573e-04 9.999951e-01 2.164086e+01
9.999998e-01 -6.487210e-04 -2.086472e-05 8.479293e+00 6.487207e-04 9.999998e-01 -1.819956e-05 -5.286207e-01 2.087685e-05 1.818673e-05 1.000000e+00 2.154279e+01
9.999945e-01 1.203812e-03 -3.075402e-03 7.744622e+00 -1.202911e-03 9.999992e-01 2.947496e-04 -5.040661e-01 3.075754e-03 -2.910493e-04 9.999952e-01 2.151558e+01
9.999995e-01 -9.668774e-04 -1.659460e-04 7.952950e+00 9.668432e-04 9.999995e-01 -2.070930e-04 -5.012756e-01 1.661465e-04 2.069331e-04 1.000000e+00 2.164712e+01
9.999955e-01 1.124062e-03 -2.797136e-03 8.388767e+00 -1.123136e-03 9.999993e-01 3.326472e-04 -5.266333e-01 2.797508e-03 -3.295049e-04 9.999960e-01 2.220293e+01
9.999995e-01 -8.697137e-04 -4.285591e-04 8.571262e+00 8.695900e-04 9.999996e-01 -2.890015e-04 -5.523421e-01 4.288106e-04 2.886294e-04 9.999999e-01 2.292913e+01
9.999940e-01 1.417695e-03 -3.146966e-03 8.212248e+00 -1.416235e-03 9.999989e-01 4.660048e-04 -5.382157e-01 3.147623e-03 -4.615459e-04 9.999949e-01 2.360330e+01
9.999993e-01 -8.846193e-04 -7.318272e-04 7.584431e+00 8.844223e-04 9.999996e-01 -2.695889e-04 -5.047025e-01 7.320657e-04 2.689422e-04 9.999997e-01 2.408515e+01
9.999964e-01 1.132837e-03 -2.429064e-03 7.686119e+00 -1.132021e-03 9.999993e-01 3.370566e-04 -5.259890e-01 2.429443e-03 -3.343063e-04 9.999970e-01 2.479808e+01
9.999995e-01 -7.101067e-04 -7.487043e-04 7.660305e+00 7.099085e-04 9.999997e-01 -2.650735e-04 -5.386284e-01 7.488927e-04 2.645426e-04 9.999997e-01 2.558099e+01
9.999955e-01 1.043690e-03 -2.799051e-03 7.392820e+00 -1.042311e-03 9.999993e-01 4.941011e-04 -5.290267e-01 2.799565e-03 -4.911821e-04 9.999960e-01 2.597840e+01
9.999995e-01 -6.629985e-04 -7.188801e-04 7.174105e+00 6.628000e-04 9.999997e-01 -2.765282e-04 -5.209352e-01 7.190636e-04 2.760523e-04 9.999997e-01 2.640847e+01
9.999960e-01 1.072469e-03 -2.610757e-03 6.814468e+00 -1.071193e-03 9.999993e-01 4.901559e-04 -5.093682e-01 2.611281e-03 -4.873580e-04 9.999965e-01 2.681716e+01
9.999996e-01 -7.389374e-04 -5.550779e-04 6.636710e+00 7.387877e-04 9.999997e-01 -2.701718e-04 -5.073130e-01 5.552777e-04 2.697623e-04 9.999998e-01 2.714516e+01
9.999963e-01 9.380756e-04 -2.536307e-03 6.769974e+00 -9.371938e-04 9.999995e-01 3.488858e-04 -5.200633e-01 2.536633e-03 -3.465082e-04 9.999967e-01 2.771136e+01
9.999996e-01 -6.120009e-04 -7.035952e-04 6.756617e+00 6.118269e-04 9.999998e-01 -2.476913e-04 -5.330578e-01 7.037469e-04 2.472614e-04 9.999997e-01 2.846771e+01
9.999960e-01 9.211996e-04 -2.668620e-03 6.706540e+00 -9.203162e-04 9.999995e-01 3.323121e-04 -5.404880e-01 2.668924e-03 -3.298555e-04 9.999964e-01 2.914524e+01
9.999997e-01 -6.376122e-04 -4.733506e-04 6.990911e+00 6.374595e-04 9.999997e-01 -3.229657e-04 -5.700761e-01 4.735567e-04 3.226646e-04 9.999998e-01 2.988293e+01
9.999948e-01 1.066939e-03 -3.049497e-03 7.095467e+00 -1.066121e-03 9.999994e-01 2.698769e-04 -5.848410e-01 3.049783e-03 -2.666250e-04 9.999953e-01 3.082210e+01
9.999996e-01 -5.640850e-04 -7.095029e-04 6.851527e+00 5.638849e-04 9.999998e-01 -2.823021e-04 -5.780088e-01 7.096624e-04 2.819026e-04 9.999997e-01 3.178874e+01
9.999957e-01 9.143587e-04 -2.784578e-03 6.740635e+00 -9.132215e-04 9.999995e-01 4.096687e-04 -5.807980e-01 2.784951e-03 -4.071247e-04 9.999960e-01 3.238563e+01
9.999997e-01 -4.495665e-04 -6.899687e-04 6.210055e+00 4.494549e-04 9.999999e-01 -1.621356e-04 -5.601393e-01 6.900418e-04 1.618261e-04 9.999997e-01 3.269009e+01
9.999947e-01 9.997985e-04 -3.108205e-03 5.665919e+00 -9.986245e-04 9.999994e-01 3.792673e-04 -5.300011e-01 3.108582e-03 -3.761621e-04 9.999951e-01 3.327261e+01
9.999996e-01 -4.275196e-04 -7.917077e-04 4.955388e+00 4.274069e-04 9.999999e-01 -1.426553e-04 -4.931916e-01 7.917689e-04 1.423176e-04 9.999997e-01 3.367591e+01
9.999964e-01 9.741600e-04 -2.484164e-03 4.229583e+00 -9.731632e-04 9.999994e-01 4.025001e-04 -4.663336e-01 2.484554e-03 -4.000819e-04 9.999968e-01 3.374342e+01
9.999994e-01 -5.004253e-04 -9.246693e-04 3.630792e+00 5.002866e-04 9.999999e-01 -1.503301e-04 -4.453167e-01 9.247447e-04 1.498681e-04 9.999996e-01 3.387127e+01
9.999967e-01 8.401793e-04 -2.442653e-03 3.600316e+00 -8.394917e-04 9.999996e-01 2.825289e-04 -4.515979e-01 2.442889e-03 -2.804781e-04 9.999970e-01 3.438483e+01
9.999995e-01 -6.264665e-04 -7.485960e-04 3.748841e+00 6.263275e-04 9.999998e-01 -1.861184e-04 -4.702951e-01 7.487128e-04 1.856502e-04 9.999997e-01 3.495138e+01
9.999963e-01 8.701086e-04 -2.562062e-03 3.623788e+00 -8.689989e-04 9.999995e-01 4.342594e-04 -4.747667e-01 2.562438e-03 -4.320321e-04 9.999966e-01 3.519453e+01
9.999996e-01 -5.984828e-04 -6.615342e-04 3.302719e+00 5.983517e-04 9.999998e-01 -1.986143e-04 -4.695347e-01 6.616532e-04 1.982191e-04 9.999998e-01 3.521466e+01
9.999965e-01 7.144891e-04 -2.542054e-03 3.340037e+00 -7.134719e-04 9.999997e-01 4.010947e-04 -4.829735e-01 2.542339e-03 -3.992804e-04 9.999967e-01 3.546401e+01
9.999995e-01 -5.016594e-04 -8.321164e-04 3.202921e+00 5.015199e-04 9.999999e-01 -1.680362e-04 -4.878603e-01 8.322009e-04 1.676195e-04 9.999996e-01 3.568984e+01
9.999968e-01 7.851954e-04 -2.424318e-03 2.819776e+00 -7.841844e-04 9.999996e-01 4.180238e-04 -4.834086e-01 2.424645e-03 -4.161220e-04 9.999970e-01 3.574603e+01
9.999996e-01 -4.471405e-04 -7.379378e-04 2.552209e+00 4.469961e-04 9.999999e-01 -1.961257e-04 -4.818479e-01 7.380257e-04 1.957965e-04 9.999997e-01 3.595864e+01
9.999971e-01 7.138462e-04 -2.296799e-03 2.714816e+00 -7.129916e-04 9.999997e-01 3.729431e-04 -4.939524e-01 2.297064e-03 -3.713051e-04 9.999973e-01 3.633362e+01
9.999995e-01 -5.275934e-04 -8.561045e-04 2.779650e+00 5.274687e-04 9.999999e-01 -1.460962e-04 -5.013034e-01 8.561817e-04 1.456453e-04 9.999996e-01 3.649407e+01
9.999971e-01 7.525675e-04 -2.274787e-03 2.853020e+00 -7.518592e-04 9.999997e-01 3.122791e-04 -5.157998e-01 2.275021e-03 -3.105685e-04 9.999974e-01 3.691212e+01
9.999995e-01 -4.094456e-04 -9.458467e-04 2.740536e+00 4.093433e-04 9.999999e-01 -1.084690e-04 -5.200138e-01 9.458914e-04 1.080824e-04 9.999995e-01 3.737715e+01
9.999975e-01 6.028837e-04 -2.160917e-03 3.038226e+00 -6.026095e-04 9.999998e-01 1.275817e-04 -5.414446e-01 2.160993e-03 -1.262799e-04 9.999977e-01 3.804005e+01
9.999996e-01 -2.271072e-04 -8.158919e-04 3.049129e+00 2.271027e-04 1.000000e+00 -5.811232e-06 -5.559357e-01 8.158935e-04 5.626642e-06 9.999997e-01 3.875155e+01
9.999971e-01 5.460952e-04 -2.333109e-03 2.691182e+00 -5.455747e-04 9.999998e-01 2.237529e-04 -5.509970e-01 2.333230e-03 -2.224800e-04 9.999973e-01 3.895986e+01
9.999994e-01 -2.452583e-04 -1.049933e-03 2.399466e+00 2.452807e-04 1.000000e+00 2.101927e-05 -5.459216e-01 1.049928e-03 -2.127608e-05 9.999994e-01 3.926345e+01
9.999976e-01 5.047703e-04 -2.140945e-03 1.960068e+00 -5.042544e-04 9.999998e-01 2.415611e-04 -5.409268e-01 2.141066e-03 -2.404816e-04 9.999977e-01 3.889567e+01
9.999996e-01 -1.164891e-04 -9.089038e-04 1.350947e+00 1.165294e-04 1.000000e+00 4.419412e-05 -5.288450e-01 9.088989e-04 -4.429931e-05 9.999996e-01 3.836470e+01
9.999974e-01 5.900469e-04 -2.198819e-03 1.152266e+00 -5.900826e-04 9.999998e-01 -1.550614e-05 -5.334723e-01 2.198809e-03 1.680288e-05 9.999976e-01 3.936133e+01
9.999998e-01 -3.618664e-04 -5.144198e-04 1.244125e+00 3.619737e-04 9.999999e-01 2.082720e-04 -5.623829e-01 5.143447e-04 -2.084575e-04 9.999998e-01 3.978286e+01
9.999969e-01 3.445849e-04 -2.453105e-03 1.137982e+00 -3.446543e-04 9.999999e-01 -2.781936e-05 -5.612273e-01 2.453095e-03 2.866404e-05 9.999970e-01 3.901882e+01
9.999998e-01 -3.614684e-04 -5.951764e-04 1.042764e+00 3.615750e-04 9.999999e-01 1.788100e-04 -5.592883e-01 5.951120e-04 -1.790245e-04 9.999998e-01 3.817028e+01
9.999962e-01 5.878093e-04 -2.709836e-03 7.424242e-01 -5.876242e-04 9.999998e-01 6.914158e-05 -5.591095e-01 2.709876e-03 -6.754966e-05 9.999963e-01 3.830685e+01
9.999999e-01 -2.237823e-05 -3.904624e-04 2.454197e-01 2.240694e-05 1.000000e+00 7.313125e-05 -5.467570e-01 3.904610e-04 -7.313930e-05 9.999999e-01 3.901606e+01
9.999956e-01 6.473727e-04 -2.909326e-03 -3.713537e-01 -6.472081e-04 9.999998e-01 5.757919e-05 -5.258109e-01 2.909362e-03 -5.569670e-05 9.999958e-01 3.958003e+01
9.999998e-01 -4.320415e-04 -4.075921e-04 -4.396423e-01 4.321103e-04 9.999999e-01 1.681825e-04 -5.294744e-01 4.075197e-04 -1.683579e-04 9.999999e-01 3.979095e+01
9.999964e-01 4.894441e-04 -2.654582e-03 -2.657453e-02 -4.894993e-04 9.999999e-01 -2.005673e-05 -5.483014e-01 2.654571e-03 2.135537e-05 9.999965e-01 3.993983e+01
9.999999e-01 -2.776601e-04 -4.320216e-04 2.455025e-01 2.777293e-04 9.999999e-01 1.596782e-04 -5.652327e-01 4.319776e-04 -1.597975e-04 9.999999e-01 4.028791e+01
9.999968e-01 4.369656e-04 -2.477378e-03 5.435032e-01 -4.372851e-04 9.999999e-01 -1.283747e-04 -5.863391e-01 2.477321e-03 1.294569e-04 9.999969e-01 4.087757e+01
1.000000e+00 -1.523881e-04 1.412577e-04 1.228534e+00 1.523857e-04 1.000000e+00 1.807185e-05 -6.251015e-01 -1.412601e-04 -1.804963e-05 1.000000e+00 4.162035e+01
9.999971e-01 3.399513e-04 -2.377281e-03 1.956686e+00 -3.399769e-04 9.999999e-01 -1.029302e-05 -6.627284e-01 2.377277e-03 1.110051e-05 9.999972e-01 4.217450e+01
9.999998e-01 -2.930333e-04 -6.105830e-04 2.316716e+00 2.931038e-04 1.000000e+00 1.151725e-04 -6.788942e-01 6.105495e-04 -1.153508e-04 9.999998e-01 4.227453e+01
9.999969e-01 4.046023e-04 -2.448326e-03 2.165719e+00 -4.043809e-04 9.999999e-01 9.099183e-05 -6.783414e-01 2.448362e-03 -9.000220e-05 9.999970e-01 4.204796e+01
9.999996e-01 -1.117338e-04 -8.903796e-04 1.834900e+00 1.118595e-04 1.000000e+00 1.409000e-04 -6.698418e-01 8.903641e-04 -1.409989e-04 9.999996e-01 4.215280e+01
9.999976e-01 1.427059e-04 -2.163869e-03 2.034630e+00 -1.426168e-04 1.000000e+00 4.141853e-05 -6.839159e-01 2.163875e-03 -4.111053e-05 9.999977e-01 4.216996e+01
9.999997e-01 -2.110138e-04 -7.784334e-04 2.171085e+00 2.110941e-04 1.000000e+00 1.029289e-04 -6.876783e-01 7.784120e-04 -1.030924e-04 9.999997e-01 4.174130e+01
9.999976e-01 1.619572e-04 -2.194402e-03 2.355442e+00 -1.618311e-04 1.000000e+00 5.771784e-05 -6.944692e-01 2.194411e-03 -5.736328e-05 9.999976e-01 4.142675e+01
9.999996e-01 -2.242597e-04 -8.596714e-04 2.525717e+00 2.243424e-04 1.000000e+00 9.584727e-05 -6.980171e-01 8.596502e-04 -9.603939e-05 9.999996e-01 4.100270e+01
9.999978e-01 1.897036e-04 -2.107074e-03 2.895933e+00 -1.896565e-04 1.000000e+00 2.266206e-05 -7.119149e-01 2.107078e-03 -2.226309e-05 9.999978e-01 4.094439e+01
9.999998e-01 -1.605924e-04 -5.694242e-04 3.287083e+00 1.606600e-04 1.000000e+00 1.182759e-04 -7.344098e-01 5.694055e-04 -1.183666e-04 9.999998e-01 4.112280e+01
9.999970e-01 1.256374e-04 -2.427639e-03 3.596286e+00 -1.255683e-04 1.000000e+00 2.868347e-05 -7.448047e-01 2.427643e-03 -2.837924e-05 9.999971e-01 4.091569e+01
9.999999e-01 -1.874476e-04 -4.146225e-04 3.840183e+00 1.874883e-04 1.000000e+00 9.771564e-05 -7.513503e-01 4.146045e-04 -9.779266e-05 9.999999e-01 4.051292e+01
9.999976e-01 3.588491e-04 -2.158387e-03 4.209237e+00 -3.589772e-04 9.999999e-01 -5.886464e-05 -7.866029e-01 2.158365e-03 5.963861e-05 9.999977e-01 4.116272e+01
1.000000e+00 2.172517e-05 -1.799824e-04 4.748051e+00 -2.173011e-05 1.000000e+00 -2.838008e-05 -8.361364e-01 1.799820e-04 2.838469e-05 1.000000e+00 4.214949e+01
9.999971e-01 1.645804e-04 -2.413070e-03 5.122631e+00 -1.642845e-04 1.000000e+00 1.228675e-04 -8.700612e-01 2.413090e-03 -1.224714e-04 9.999971e-01 4.266725e+01
9.999999e-01 -1.310542e-04 -4.379652e-04 5.367568e+00 1.310623e-04 1.000000e+00 1.809729e-05 -8.823889e-01 4.379631e-04 -1.815400e-05 9.999999e-01 4.265327e+01
9.999969e-01 1.960650e-04 -2.480393e-03 5.663390e+00 -1.957071e-04 1.000000e+00 1.445803e-04 -9.014380e-01 2.480421e-03 -1.440951e-04 9.999969e-01 4.281269e+01
1.000000e+00 3.481461e-05 -2.122835e-04 5.956824e+00 -3.484132e-05 1.000000e+00 -1.266338e-04 -9.382983e-01 2.122794e-04 1.266419e-04 1.000000e+00 4.364859e+01
9.999967e-01 2.704576e-04 -2.570206e-03 6.073547e+00 -2.699961e-04 9.999999e-01 1.799932e-04 -9.696566e-01 2.570254e-03 -1.792994e-04 9.999967e-01 4.460437e+01
9.999999e-01 -4.065372e-05 -4.737468e-04 6.083638e+00 4.063778e-05 1.000000e+00 -3.402114e-05 -9.856139e-01 4.737485e-04 3.400258e-05 9.999999e-01 4.525338e+01
9.999966e-01 2.771266e-04 -2.578304e-03 6.110411e+00 -2.767721e-04 1.000000e+00 1.379303e-04 -1.006465e+00 2.578342e-03 -1.372169e-04 9.999967e-01 4.599640e+01
9.999998e-01 -3.741053e-05 -6.282218e-04 6.117009e+00 3.741187e-05 1.000000e+00 1.829903e-06 -1.022000e+00 6.282220e-04 -1.852710e-06 9.999998e-01 4.660982e+01
9.999968e-01 2.707608e-04 -2.516535e-03 6.078045e+00 -2.702563e-04 9.999999e-01 2.008862e-04 -1.031918e+00 2.516589e-03 -2.002062e-04 9.999968e-01 4.706230e+01
9.999993e-01 3.370363e-04 -1.093712e-03 5.372581e+00 -3.369748e-04 9.999999e-01 5.623882e-05 -9.984977e-01 1.093731e-03 -5.586954e-05 9.999994e-01 4.745002e+01
9.999968e-01 1.102634e-04 -2.533720e-03 4.836862e+00 -1.098003e-04 1.000000e+00 1.830054e-04 -9.738348e-01 2.533740e-03 -1.827273e-04 9.999968e-01 4.778444e+01
9.999997e-01 1.187168e-04 -8.035969e-04 4.828405e+00 -1.187085e-04 1.000000e+00 1.007709e-05 -9.803241e-01 8.035983e-04 -9.981000e-06 9.999997e-01 4.816843e+01
9.999970e-01 1.544737e-04 -2.444003e-03 4.680738e+00 -1.540994e-04 1.000000e+00 1.534066e-04 -9.834101e-01 2.444026e-03 -1.530302e-04 9.999970e-01 4.876137e+01
9.999997e-01 7.828986e-05 -7.654240e-04 4.684543e+00 -7.825264e-05 1.000000e+00 4.842487e-05 -9.970713e-01 7.654281e-04 -4.836427e-05 9.999997e-01 4.907827e+01
9.999974e-01 -1.719050e-04 -2.271607e-03 5.091697e+00 1.721985e-04 1.000000e+00 1.290759e-04 -1.006949e+00 2.271584e-03 -1.294674e-04 9.999974e-01 4.891405e+01
9.999996e-01 1.890017e-04 -8.493834e-04 5.420907e+00 -1.889380e-04 1.000000e+00 7.487472e-05 -1.023662e+00 8.493979e-04 -7.471351e-05 9.999996e-01 4.903259e+01
9.999966e-01 1.679006e-04 -2.598645e-03 5.150893e+00 -1.675581e-04 1.000000e+00 1.320880e-04 -1.013752e+00 2.598667e-03 -1.316529e-04 9.999966e-01 4.951060e+01
9.999997e-01 3.701360e-04 -7.166683e-04 4.566988e+00 -3.701020e-04 9.999999e-01 4.732316e-05 -9.917879e-01 7.166861e-04 -4.705721e-05 9.999997e-01 5.004917e+01
9.999973e-01 2.024283e-04 -2.319390e-03 4.066246e+00 -2.021487e-04 1.000000e+00 1.208678e-04 -9.804555e-01 2.319414e-03 -1.203993e-04 9.999973e-01 5.066525e+01
9.999997e-01 3.848860e-04 -7.166443e-04 3.684305e+00 -3.848997e-04 9.999999e-01 -1.931361e-05 -9.739763e-01 7.166371e-04 1.959013e-05 9.999997e-01 5.164652e+01
9.999973e-01 1.475982e-04 -2.307935e-03 3.431947e+00 -1.473119e-04 1.000000e+00 1.243339e-04 -9.741005e-01 2.307953e-03 -1.239943e-04 9.999973e-01 5.259145e+01
9.999993e-01 4.196530e-04 -1.134794e-03 3.008243e+00 -4.196545e-04 9.999999e-01 -1.252888e-06 -9.558202e-01 1.134793e-03 1.729801e-06 9.999994e-01 5.343553e+01
9.999976e-01 6.523752e-06 -2.186616e-03 2.873423e+00 -6.312829e-06 1.000000e+00 9.655736e-05 -9.566977e-01 2.186617e-03 -9.654402e-05 9.999976e-01 5.419339e+01
9.999997e-01 2.136068e-04 -7.471239e-04 3.250774e+00 -2.136022e-04 1.000000e+00 5.951042e-06 -9.802261e-01 7.471255e-04 -5.790761e-06 9.999997e-01 5.463924e+01
9.999972e-01 8.989961e-05 -2.385358e-03 3.330207e+00 -8.945973e-05 1.000000e+00 1.845958e-04 -9.886485e-01 2.385374e-03 -1.843826e-04 9.999971e-01 5.504262e+01
9.999995e-01 1.882417e-04 -9.329849e-04 3.273969e+00 -1.882194e-04 1.000000e+00 2.377767e-05 -9.916947e-01 9.329897e-04 -2.360136e-05 9.999996e-01 5.545232e+01
9.999969e-01 1.576485e-04 -2.498066e-03 3.048180e+00 -1.570914e-04 1.000000e+00 2.232725e-04 -9.812805e-01 2.498101e-03 -2.228800e-04 9.999969e-01 5.574236e+01
9.999999e-01 6.679526e-05 -4.369478e-04 3.395737e+00 -6.684696e-05 1.000000e+00 -1.187813e-04 -1.004453e+00 4.369402e-04 1.188111e-04 9.999999e-01 5.620012e+01
9.999967e-01 2.667473e-04 -2.539610e-03 3.543764e+00 -2.663383e-04 1.000000e+00 1.614693e-04 -1.030851e+00 2.539653e-03 -1.607931e-04 9.999968e-01 5.702843e+01
9.999996e-01 3.485778e-04 -8.707855e-04 2.910410e+00 -3.485498e-04 9.999999e-01 3.209255e-05 -1.003612e+00 8.707969e-04 -3.178833e-05 9.999996e-01 5.756913e+01
9.999972e-01 8.446780e-06 -2.377320e-03 2.620744e+00 -7.977486e-06 1.000000e+00 1.975000e-04 -9.985893e-01 2.377322e-03 -1.974811e-04 9.999972e-01 5.779246e+01
9.999994e-01 3.208333e-04 -1.009873e-03 2.486380e+00 -3.208168e-04 9.999999e-01 1.630047e-05 -9.965700e-01 1.009879e-03 -1.597579e-05 9.999995e-01 5.816990e+01
9.999966e-01 5.775325e-05 -2.616321e-03 2.264460e+00 -5.723537e-05 1.000000e+00 1.980959e-04 -9.828622e-01 2.616332e-03 -1.979462e-04 9.999966e-01 5.861159e+01
9.999995e-01 3.606355e-04 -9.331705e-04 2.015891e+00 -3.606304e-04 9.999999e-01 5.420826e-06 -9.689983e-01 9.331727e-04 -5.083604e-06 9.999996e-01 5.907302e+01
9.999970e-01 -1.227683e-04 -2.435907e-03 1.892077e+00 1.233519e-04 1.000000e+00 2.395318e-04 -9.649288e-01 2.435877e-03 -2.398322e-04 9.999970e-01 5.931634e+01
9.999995e-01 4.697313e-04 -8.297549e-04 1.531331e+00 -4.697026e-04 9.999999e-01 3.454838e-05 -9.555253e-01 8.297713e-04 -3.415793e-05 9.999997e-01 5.934755e+01
9.999966e-01 9.110228e-05 -2.598709e-03 8.215639e-01 -9.061698e-05 1.000000e+00 1.869462e-04 -9.204616e-01 2.598726e-03 -1.867108e-04 9.999966e-01 5.960328e+01
9.999995e-01 2.409735e-04 -9.271510e-04 6.080461e-01 -2.409477e-04 1.000000e+00 2.774919e-05 -8.985117e-01 9.271580e-04 -2.752509e-05 9.999996e-01 5.995721e+01
9.999972e-01 -3.234571e-04 -2.338378e-03 1.052765e+00 3.238751e-04 9.999999e-01 1.784554e-04 -8.995617e-01 2.338320e-03 -1.792129e-04 9.999973e-01 5.966464e+01
9.999997e-01 1.932682e-04 -7.711917e-04 1.935023e+00 -1.932769e-04 1.000000e+00 -1.141571e-05 -9.044899e-01 7.711898e-04 1.156544e-05 9.999997e-01 5.941897e+01
9.999981e-01 -9.295067e-05 -1.947932e-03 2.641520e+00 9.327845e-05 1.000000e+00 1.682898e-04 -9.285679e-01 1.947916e-03 -1.684719e-04 9.999981e-01 5.968444e+01
9.999993e-01 3.103776e-04 -1.151312e-03 2.912846e+00 -3.104660e-04 9.999999e-01 -7.680660e-05 -9.533467e-01 1.151289e-03 7.716468e-05 9.999993e-01 6.025457e+01
9.999987e-01 -1.353795e-04 -1.612463e-03 3.484303e+00 1.356626e-04 1.000000e+00 1.755756e-04 -9.853362e-01 1.612439e-03 -1.757948e-04 9.999987e-01 6.074293e+01
9.999993e-01 2.446330e-04 -1.122449e-03 4.201684e+00 -2.447178e-04 1.000000e+00 -7.553697e-05 -1.012143e+00 1.122431e-03 7.581229e-05 9.999994e-01 6.111662e+01
9.999985e-01 -1.293458e-04 -1.749890e-03 4.737612e+00 1.297165e-04 1.000000e+00 2.118200e-04 -1.035934e+00 1.749862e-03 -2.120474e-04 9.999984e-01 6.142098e+01
9.999991e-01 6.949224e-05 -1.310112e-03 5.121709e+00 -6.959423e-05 1.000000e+00 -7.797101e-05 -1.043736e+00 1.310107e-03 7.806281e-05 9.999991e-01 6.113780e+01
9.999985e-01 -1.736013e-04 -1.728506e-03 5.736827e+00 1.739510e-04 1.000000e+00 2.022969e-04 -1.051927e+00 1.728470e-03 -2.025979e-04 9.999985e-01 6.094702e+01
9.999995e-01 1.371289e-04 -9.926780e-04 6.425227e+00 -1.372561e-04 1.000000e+00 -1.283196e-04 -1.069934e+00 9.926607e-04 1.284565e-04 9.999995e-01 6.099270e+01
9.999984e-01 -1.206227e-04 -1.781404e-03 7.107900e+00 1.210726e-04 1.000000e+00 2.525378e-04 -1.090231e+00 1.781373e-03 -2.527538e-04 9.999984e-01 6.108334e+01
9.999997e-01 2.287474e-04 -7.310056e-04 7.668552e+00 -2.288813e-04 1.000000e+00 -1.834143e-04 -1.120893e+00 7.309639e-04 1.835822e-04 9.999997e-01 6.149681e+01
9.999973e-01 -1.455062e-04 -2.313964e-03 8.188552e+00 1.462325e-04 9.999999e-01 3.137969e-04 -1.145613e+00 2.313918e-03 -3.141351e-04 9.999973e-01 6.180024e+01
9.999996e-01 2.080915e-04 -8.410990e-04 8.352481e+00 -2.081525e-04 1.000000e+00 -7.278462e-05 -1.149418e+00 8.410841e-04 7.296036e-05 9.999996e-01 6.181802e+01
9.999975e-01 -4.804248e-05 -2.220880e-03 8.379840e+00 4.860489e-05 1.000000e+00 2.532894e-04 -1.151019e+00 2.220867e-03 -2.533974e-04 9.999975e-01 6.179790e+01
9.999996e-01 1.508437e-04 -8.563648e-04 8.504741e+00 -1.509263e-04 1.000000e+00 -9.658250e-05 -1.152947e+00 8.563505e-04 9.671239e-05 9.999996e-01 6.164627e+01
9.999978e-01 -2.215039e-04 -2.092382e-03 9.226216e+00 2.220599e-04 9.999999e-01 2.656040e-04 -1.164030e+00 2.092323e-03 -2.660687e-04 9.999978e-01 6.154009e+01
9.999998e-01 1.213604e-04 -6.732653e-04 1.001063e+01 -1.214375e-04 1.000000e+00 -1.148694e-04 -1.177430e+00 6.732516e-04 1.149518e-04 9.999998e-01 6.147195e+01
9.999979e-01 -1.439556e-04 -2.051355e-03 1.076668e+01 1.444716e-04 1.000000e+00 2.514855e-04 -1.195318e+00 2.051318e-03 -2.517820e-04 9.999979e-01 6.151605e+01
9.999998e-01 1.369291e-04 -6.286593e-04 1.139123e+01 -1.369981e-04 1.000000e+00 -1.102276e-04 -1.213292e+00 6.286445e-04 1.103144e-04 9.999998e-01 6.156610e+01
9.999979e-01 -1.671805e-04 -2.054725e-03 1.207815e+01 1.676307e-04 1.000000e+00 2.190620e-04 -1.231919e+00 2.054689e-03 -2.194067e-04 9.999979e-01 6.162978e+01
9.999996e-01 1.259502e-04 -9.009329e-04 1.288102e+01 -1.260104e-04 1.000000e+00 -6.702791e-05 -1.246914e+00 9.009247e-04 6.714209e-05 9.999996e-01 6.161158e+01
9.999982e-01 -1.920075e-04 -1.863955e-03 1.371498e+01 1.924761e-04 9.999999e-01 2.513293e-04 -1.262550e+00 1.863906e-03 -2.516883e-04 9.999982e-01 6.161105e+01
9.999997e-01 3.173374e-04 -7.487242e-04 1.429658e+01 -3.174239e-04 9.999999e-01 -1.156455e-04 -1.291754e+00 7.486877e-04 1.158838e-04 9.999997e-01 6.195769e+01
9.999974e-01 -3.208209e-04 -2.253564e-03 1.486527e+01 3.214027e-04 9.999999e-01 2.579263e-04 -1.310081e+00 2.253481e-03 -2.586506e-04 9.999974e-01 6.202058e+01
9.999998e-01 2.733999e-04 -5.330457e-04 1.570649e+01 -2.734230e-04 1.000000e+00 -4.376327e-05 -1.326040e+00 5.330340e-04 4.390969e-05 9.999999e-01 6.202074e+01
9.999970e-01 -1.850559e-04 -2.447918e-03 1.612464e+01 1.855937e-04 1.000000e+00 2.195563e-04 -1.348054e+00 2.447877e-03 -2.200107e-04 9.999970e-01 6.230446e+01
9.999997e-01 4.034641e-04 -6.879271e-04 1.643955e+01 -4.035359e-04 9.999999e-01 -1.045815e-04 -1.367835e+00 6.878851e-04 1.048597e-04 9.999998e-01 6.274966e+01
9.999967e-01 -2.122288e-04 -2.555058e-03 1.671335e+01 2.130177e-04 9.999999e-01 3.085851e-04 -1.378825e+00 2.554992e-03 -3.091290e-04 9.999967e-01 6.305087e+01
9.999998e-01 2.450329e-04 -5.649761e-04 1.724178e+01 -2.451387e-04 1.000000e+00 -1.877288e-04 -1.399737e+00 5.649303e-04 1.878680e-04 9.999998e-01 6.328657e+01
9.999977e-01 -3.023060e-04 -2.128540e-03 1.789256e+01 3.029361e-04 9.999999e-01 2.958212e-04 -1.413939e+00 2.128450e-03 -2.964660e-04 9.999977e-01 6.328835e+01
9.999997e-01 2.002398e-04 -7.280288e-04 1.845292e+01 -2.004028e-04 1.000000e+00 -2.242173e-04 -1.416849e+00 7.279841e-04 2.243638e-04 9.999997e-01 6.287744e+01
9.999982e-01 -2.018290e-04 -1.911810e-03 1.907405e+01 2.024656e-04 9.999999e-01 3.329011e-04 -1.434802e+00 1.911742e-03 -3.332883e-04 9.999981e-01 6.290817e+01
9.999997e-01 3.261250e-04 -6.894731e-04 1.963479e+01 -3.263313e-04 9.999999e-01 -2.995288e-04 -1.462988e+00 6.893756e-04 2.997544e-04 9.999997e-01 6.333516e+01
9.999977e-01 -2.418515e-04 -2.144992e-03 2.023638e+01 2.427633e-04 9.999999e-01 4.249349e-04 -1.483052e+00 2.144888e-03 -4.254553e-04 9.999976e-01 6.347335e+01
9.999998e-01 2.685668e-04 -5.961288e-04 2.095254e+01 -2.687532e-04 9.999999e-01 -3.130497e-04 -1.503713e+00 5.960449e-04 3.132105e-04 9.999998e-01 6.357395e+01
9.999973e-01 -1.186043e-04 -2.337479e-03 2.142339e+01 1.196899e-04 9.999999e-01 4.644194e-04 -1.529529e+00 2.337423e-03 -4.646986e-04 9.999972e-01 6.392463e+01
9.999998e-01 3.272785e-04 -5.759617e-04 2.194860e+01 -3.275016e-04 9.999999e-01 -3.877648e-04 -1.558824e+00 5.758350e-04 3.879540e-04 9.999998e-01 6.436803e+01
9.999977e-01 -1.969647e-04 -2.114168e-03 2.266437e+01 1.979818e-04 9.999999e-01 4.809977e-04 -1.588111e+00 2.114072e-03 -4.814159e-04 9.999976e-01 6.474462e+01
9.999997e-01 3.194840e-04 -7.193381e-04 2.322483e+01 -3.197489e-04 9.999999e-01 -3.684112e-04 -1.612821e+00 7.192206e-04 3.686417e-04 9.999997e-01 6.512626e+01
9.999980e-01 -2.428879e-04 -1.988252e-03 2.384941e+01 2.438319e-04 9.999999e-01 4.747141e-04 -1.635283e+00 1.988136e-03 -4.751986e-04 9.999979e-01 6.538762e+01
9.999996e-01 2.870801e-04 -8.153916e-04 2.452647e+01 -2.873393e-04 9.999999e-01 -3.181204e-04 -1.655721e+00 8.153005e-04 3.183553e-04 9.999996e-01 6.554467e+01
9.999981e-01 -2.001766e-04 -1.919624e-03 2.503925e+01 2.010632e-04 9.999999e-01 4.618187e-04 -1.678426e+00 1.919531e-03 -4.622045e-04 9.999981e-01 6.577362e+01
9.999995e-01 3.100435e-04 -9.175386e-04 2.554828e+01 -3.103286e-04 9.999999e-01 -3.109551e-04 -1.704415e+00 9.174423e-04 3.112404e-04 9.999995e-01 6.603494e+01
9.999975e-01 -3.689295e-04 -2.201007e-03 2.621971e+01 3.699962e-04 9.999998e-01 4.843974e-04 -1.716136e+00 2.200827e-03 -4.852112e-04 9.999975e-01 6.594829e+01
9.999993e-01 5.960398e-04 -9.750061e-04 2.674132e+01 -5.964548e-04 9.999997e-01 -4.256701e-04 -1.740096e+00 9.747524e-04 4.262521e-04 9.999994e-01 6.656020e+01
9.999959e-01 -3.491923e-04 -2.826109e-03 2.679268e+01 3.508306e-04 9.999998e-01 5.793320e-04 -1.741570e+00 2.825906e-03 -5.803218e-04 9.999958e-01 6.690701e+01
9.999998e-01 1.485773e-04 -6.091185e-04 2.774156e+01 -1.488864e-04 9.999999e-01 -5.078093e-04 -1.743240e+00 6.090432e-04 5.079005e-04 9.999997e-01 6.659631e+01
9.999973e-01 -3.584145e-04 -2.290353e-03 2.875937e+01 3.599053e-04 9.999997e-01 6.506480e-04 -1.746560e+00 2.290119e-03 -6.514712e-04 9.999972e-01 6.631240e+01
9.999997e-01 3.326429e-04 -7.532201e-04 2.948135e+01 -3.329640e-04 9.999999e-01 -4.266013e-04 -1.763542e+00 7.530783e-04 4.268526e-04 9.999996e-01 6.641258e+01
9.999972e-01 -3.700895e-04 -2.348624e-03 3.006987e+01 3.715971e-04 9.999997e-01 6.416341e-04 -1.779433e+00 2.348385e-03 -6.425057e-04 9.999970e-01 6.654052e+01
9.999998e-01 6.325064e-04 -3.023309e-04 3.101349e+01 -6.327282e-04 9.999995e-01 -7.351738e-04 -1.817652e+00 3.018660e-04 7.353656e-04 9.999997e-01 6.725834e+01
9.999972e-01 -3.526399e-04 -2.348077e-03 3.184833e+01 3.543589e-04 9.999997e-01 7.318207e-04 -1.858278e+00 2.347818e-03 -7.326514e-04 9.999970e-01 6.806779e+01
9.999998e-01 4.787648e-04 -4.829753e-04 3.227826e+01 -4.790797e-04 9.999997e-01 -6.525308e-04 -1.883793e+00 4.826630e-04 6.527627e-04 9.999997e-01 6.853201e+01
9.999969e-01 -1.961109e-04 -2.495651e-03 3.240578e+01 1.980165e-04 9.999997e-01 7.634348e-04 -1.902335e+00 2.495501e-03 -7.639272e-04 9.999966e-01 6.913738e+01
9.999998e-01 2.643667e-04 -6.352145e-04 3.272305e+01 -2.647742e-04 9.999998e-01 -6.420631e-04 -1.918245e+00 6.350448e-04 6.422318e-04 9.999996e-01 6.933146e+01
9.999969e-01 -1.235489e-04 -2.477838e-03 3.298931e+01 1.253227e-04 9.999997e-01 7.158463e-04 -1.939757e+00 2.477749e-03 -7.161553e-04 9.999967e-01 6.978994e+01
9.999997e-01 3.002491e-04 -6.743464e-04 3.371688e+01 -3.006992e-04 9.999997e-01 -6.677255e-04 -1.970424e+00 6.741460e-04 6.679288e-04 9.999995e-01 7.035470e+01
9.999989e-01 -3.018348e-04 -1.419049e-03 3.509983e+01 3.029908e-04 9.999996e-01 8.146793e-04 -1.992007e+00 1.418802e-03 -8.151090e-04 9.999987e-01 7.043450e+01
9.999983e-01 5.038457e-04 -1.775906e-03 3.494549e+01 -5.048370e-04 9.999997e-01 -5.579406e-04 -1.992278e+00 1.775624e-03 5.588368e-04 9.999983e-01 7.054911e+01
9.999987e-01 -1.958850e-04 -1.590933e-03 3.456717e+01 1.971400e-04 9.999997e-01 7.889099e-04 -1.984784e+00 1.590778e-03 -7.892232e-04 9.999984e-01 7.055860e+01
9.999988e-01 1.133933e-04 -1.541512e-03 3.470114e+01 -1.144460e-04 9.999998e-01 -6.830053e-04 -1.985069e+00 1.541434e-03 6.831816e-04 9.999986e-01 6.995067e+01
9.999992e-01 -1.991764e-04 -1.255587e-03 3.499838e+01 2.002379e-04 9.999996e-01 8.455406e-04 -1.999335e+00 1.255418e-03 -8.457920e-04 9.999989e-01 6.986396e+01
9.999988e-01 3.336995e-04 -1.501532e-03 3.541090e+01 -3.349103e-04 9.999996e-01 -8.064095e-04 -2.025210e+00 1.501263e-03 8.069121e-04 9.999985e-01 7.035200e+01
9.999992e-01 -2.052058e-04 -1.239804e-03 3.629390e+01 2.062103e-04 9.999997e-01 8.103369e-04 -2.054193e+00 1.239637e-03 -8.105926e-04 9.999989e-01 7.067781e+01
9.999992e-01 2.331154e-04 -1.225398e-03 3.705241e+01 -2.339952e-04 9.999997e-01 -7.180991e-04 -2.079975e+00 1.225230e-03 7.183859e-04 9.999990e-01 7.094181e+01
9.999988e-01 -2.245707e-04 -1.519159e-03 3.742502e+01 2.257906e-04 9.999997e-01 8.030704e-04 -2.093945e+00 1.518978e-03 -8.034132e-04 9.999985e-01 7.089301e+01
9.999994e-01 2.797898e-04 -1.051537e-03 3.797757e+01 -2.806026e-04 9.999997e-01 -7.732174e-04 -2.117338e+00 1.051320e-03 7.735127e-04 9.999991e-01 7.115031e+01
9.999991e-01 -1.912256e-04 -1.299792e-03 3.872231e+01 1.922847e-04 9.999996e-01 8.149711e-04 -2.145552e+00 1.299635e-03 -8.152210e-04 9.999988e-01 7.154749e+01
9.999986e-01 6.160321e-05 -1.675378e-03 3.929340e+01 -6.283486e-05 9.999997e-01 -7.352685e-04 -2.148839e+00 1.675333e-03 7.353734e-04 9.999983e-01 7.114153e+01
9.999994e-01 -1.142464e-04 -1.076049e-03 4.001535e+01 1.151481e-04 9.999996e-01 8.381277e-04 -2.163815e+00 1.075952e-03 -8.382518e-04 9.999991e-01 7.110352e+01
9.999982e-01 2.990659e-04 -1.876208e-03 4.057521e+01 -3.005053e-04 9.999997e-01 -7.670676e-04 -2.193121e+00 1.875978e-03 7.676307e-04 9.999979e-01 7.159460e+01
9.999994e-01 -5.926480e-05 -1.110352e-03 4.108053e+01 6.016646e-05 9.999997e-01 8.122868e-04 -2.224626e+00 1.110303e-03 -8.123538e-04 9.999991e-01 7.219098e+01
9.999986e-01 1.691434e-04 -1.662937e-03 4.158810e+01 -1.702127e-04 9.999998e-01 -6.430336e-04 -2.252463e+00 1.662828e-03 6.433164e-04 9.999984e-01 7.256185e+01
9.999987e-01 2.261830e-05 -1.626789e-03 4.168917e+01 -2.132619e-05 9.999997e-01 7.944616e-04 -2.263323e+00 1.626806e-03 -7.944265e-04 9.999984e-01 7.277823e+01
9.999990e-01 3.111334e-04 -1.356964e-03 4.182635e+01 -3.122037e-04 9.999996e-01 -7.887997e-04 -2.289441e+00 1.356718e-03 7.892232e-04 9.999988e-01 7.369803e+01
9.999990e-01 1.393240e-04 -1.398491e-03 4.305981e+01 -1.387301e-04 9.999999e-01 4.249148e-04 -2.337826e+00 1.398549e-03 -4.247210e-04 9.999989e-01 7.479594e+01
