9.999953e-01 2.708689e-04 -3.047353e-03 1.339076e-01 -2.707063e-04 1.000000e+00 5.378515e-05 -1.999160e-02 3.047367e-03 -5.296067e-05 9.999954e-01 6.828657e-01
1.000000e+00 -2.795946e-06 1.419016e-04 3.449519e-01 2.790603e-06 1.000000e+00 3.783243e-05 -4.411712e-02 -1.419014e-04 -3.783132e-05 1.000000e+00 1.377233e+00
9.999948e-01 3.504765e-04 -3.209613e-03 3.002403e-01 -3.503589e-04 9.999999e-01 3.719283e-05 -5.708471e-02 3.209626e-03 -3.606883e-05 9.999948e-01 2.167625e+00
1.000000e+00 -5.549804e-05 1.638514e-04 3.586471e-01 5.549258e-05 1.000000e+00 3.345271e-05 -7.388718e-02 -1.638529e-04 -3.344290e-05 1.000000e+00 2.867127e+00
9.999952e-01 2.131717e-04 -3.078049e-03 6.185147e-01 -2.131126e-04 1.000000e+00 1.953297e-05 -9.834791e-02 3.078053e-03 -1.887762e-05 9.999953e-01 3.379186e+00
1.000000e+00 2.470511e-05 9.636370e-05 6.640783e-01 -2.471653e-05 1.000000e+00 1.187481e-04 -1.155418e-01 -9.636043e-05 -1.187498e-04 1.000000e+00 3.862707e+00
9.999950e-01 2.198754e-04 -3.145412e-03 7.870343e-01 -2.199281e-04 1.000000e+00 -1.639681e-05 -1.342450e-01 3.145408e-03 1.708778e-05 9.999951e-01 4.404159e+00
1.000000e+00 4.570780e-05 1.844699e-04 8.301695e-01 -4.572952e-05 1.000000e+00 1.179270e-04 -1.543351e-01 -1.844642e-04 -1.179347e-04 1.000000e+00 5.112413e+00
9.999944e-01 3.875725e-04 -3.323945e-03 6.146535e-01 -3.874675e-04 9.999999e-01 3.222777e-05 -1.562868e-01 3.323957e-03 -3.094039e-05 9.999945e-01 5.770698e+00
1.000000e+00 -5.771132e-05 2.706966e-04 6.009110e-01 5.769141e-05 1.000000e+00 7.368977e-05 -1.694574e-01 -2.707005e-04 -7.367344e-05 1.000000e+00 6.431642e+00
9.999949e-01 2.055190e-04 -3.201172e-03 9.119210e-01 -2.053867e-04 1.000000e+00 4.164867e-05 -1.881953e-01 3.201180e-03 -4.099169e-05 9.999949e-01 6.806402e+00
1.000000e+00 1.745715e-04 1.322354e-04 8.817699e-01 -1.745812e-04 1.000000e+00 7.398127e-05 -1.969382e-01 -1.322222e-04 -7.400364e-05 1.000000e+00 7.453153e+00
9.999946e-01 2.445214e-04 -3.263726e-03 5.475544e-01 -2.442696e-04 1.000000e+00 7.755621e-05 -1.935059e-01 3.263745e-03 -7.675928e-05 9.999947e-01 7.912224e+00
1.000000e+00 -9.473796e-05 2.068498e-04 8.167296e-01 9.472355e-05 1.000000e+00 6.987725e-05 -2.067775e-01 -2.068560e-04 -6.985694e-05 1.000000e+00 8.248955e+00
9.999943e-01 4.727210e-04 -3.335358e-03 6.895787e-01 -4.724504e-04 9.999999e-01 8.191886e-05 -2.114945e-01 3.335396e-03 -8.034331e-05 9.999944e-01 8.790708e+00
9.999999e-01 -1.860363e-04 2.771004e-04 7.807518e-01 1.860420e-04 1.000000e+00 -2.022691e-05 -2.276551e-01 -2.770963e-04 2.027917e-05 1.000000e+00 9.435672e+00
9.999943e-01 6.076613e-04 -3.315547e-03 4.149482e-01 -6.069258e-04 9.999998e-01 2.228221e-04 -2.268610e-01 3.315682e-03 -2.208092e-04 9.999945e-01 9.729568e+00
9.999999e-01 -3.221324e-04 2.699675e-04 2.359338e-01 3.221420e-04 9.999999e-01 -3.535930e-05 -2.303409e-01 -2.699558e-04 3.544698e-05 1.000000e+00 9.857907e+00
9.999940e-01 6.745465e-04 -3.412324e-03 2.595060e-02 -6.737797e-04 9.999997e-01 2.258809e-04 -2.286103e-01 3.412475e-03 -2.235811e-04 9.999942e-01 1.007040e+01
9.999999e-01 -4.044443e-04 3.198284e-04 5.573245e-02 4.044658e-04 9.999999e-01 -6.712830e-05 -2.315649e-01 -3.198009e-04 6.725837e-05 9.999999e-01 1.031282e+01
9.999946e-01 5.454644e-04 -3.227166e-03 2.405352e-01 -5.448889e-04 9.999998e-01 1.792134e-04 -2.427515e-01 3.227263e-03 -1.774548e-04 9.999948e-01 1.052048e+01
9.999999e-01 -3.968017e-04 2.106319e-04 4.447463e-01 3.968187e-04 9.999999e-01 -8.011725e-05 -2.541028e-01 -2.105998e-04 8.020154e-05 1.000000e+00 1.062892e+01
9.999952e-01 3.567483e-04 -3.080183e-03 7.267823e-01 -3.560913e-04 9.999999e-01 2.138660e-04 -2.607517e-01 3.080259e-03 -2.127688e-04 9.999952e-01 1.030720e+01
9.999999e-01 -3.929561e-04 3.567391e-04 1.415492e+00 3.929960e-04 9.999999e-01 -1.115999e-04 -2.758462e-01 -3.566949e-04 1.117408e-04 9.999999e-01 1.024102e+01
9.999953e-01 5.473539e-04 -3.024037e-03 1.797968e+00 -5.467654e-04 9.999998e-01 1.954655e-04 -2.962850e-01 3.024143e-03 -1.938119e-04 9.999954e-01 1.065601e+01
1.000000e+00 -2.888569e-04 1.076137e-04 1.900013e+00 2.888684e-04 1.000000e+00 -1.065174e-04 -3.114962e-01 -1.075826e-04 1.065492e-04 1.000000e+00 1.118426e+01
9.999960e-01 2.794904e-04 -2.797394e-03 2.576293e+00 -2.789399e-04 9.999999e-01 1.971955e-04 -3.305121e-01 2.797448e-03 -1.964151e-04 9.999961e-01 1.123830e+01
9.999999e-01 -3.033616e-04 2.397820e-04 3.465973e+00 3.033827e-04 1.000000e+00 -8.787371e-05 -3.504952e-01 -2.397550e-04 8.794717e-05 1.000000e+00 1.134144e+01
9.999949e-01 4.323620e-04 -3.162599e-03 3.572006e+00 -4.313817e-04 9.999999e-01 3.106629e-04 -3.497337e-01 3.162733e-03 -3.092977e-04 9.999950e-01 1.135703e+01
1.000000e+00 1.463620e-05 1.674763e-06 3.018390e+00 -1.463603e-05 1.000000e+00 -7.013443e-05 -3.336667e-01 -1.675452e-06 7.013512e-05 1.000000e+00 1.149274e+01
9.999949e-01 3.755924e-04 -3.170047e-03 2.652874e+00 -3.747217e-04 9.999999e-01 2.752795e-04 -3.249482e-01 3.170150e-03 -2.740910e-04 9.999949e-01 1.174430e+01
9.999999e-01 -3.409892e-04 2.253319e-04 2.933382e+00 3.410225e-04 9.999999e-01 -1.474522e-04 -3.318019e-01 -2.252813e-04 1.475297e-04 1.000000e+00 1.166862e+01
9.999951e-01 2.145273e-04 -3.108138e-03 3.539336e+00 -2.135964e-04 9.999999e-01 2.998584e-04 -3.380748e-01 3.108202e-03 -2.991937e-04 9.999951e-01 1.136196e+01
9.999999e-01 -3.626074e-04 6.612960e-05 3.841561e+00 3.626195e-04 9.999999e-01 -1.834117e-04 -3.360869e-01 -6.606276e-05 1.834364e-04 1.000000e+00 1.073510e+01
9.999953e-01 2.484349e-04 -3.046826e-03 3.971190e+00 -2.475576e-04 9.999999e-01 2.883305e-04 -3.341615e-01 3.046897e-03 -2.875756e-04 9.999953e-01 9.993501e+00
1.000000e+00 -2.383708e-04 -2.732015e-06 3.861822e+00 2.383707e-04 1.000000e+00 -7.988469e-05 -3.351116e-01 2.751394e-06 7.988475e-05 1.000000e+00 9.501613e+00
9.999948e-01 5.727480e-04 -3.178172e-03 3.378299e+00 -5.716292e-04 9.999998e-01 3.529724e-04 -3.273032e-01 3.178373e-03 -3.511546e-04 9.999949e-01 9.419582e+00
1.000000e+00 -2.673193e-04 -5.740231e-05 3.119056e+00 2.673092e-04 9.999999e-01 -1.762842e-04 -3.272547e-01 5.744976e-05 1.762695e-04 1.000000e+00 9.825295e+00
9.999947e-01 4.652885e-04 -3.224556e-03 3.098093e+00 -4.641831e-04 9.999998e-01 3.435683e-04 -3.396139e-01 3.224715e-03 -3.420704e-04 9.999947e-01 1.027183e+01
1.000000e+00 -1.891707e-04 -7.413412e-05 2.860663e+00 1.891616e-04 1.000000e+00 -1.234629e-04 -3.396519e-01 7.415781e-05 1.234496e-04 1.000000e+00 1.049993e+01
9.999946e-01 4.668024e-04 -3.264590e-03 2.654967e+00 -4.657356e-04 9.999998e-01 3.275494e-04 -3.407398e-01 3.264742e-03 -3.260279e-04 9.999946e-01 1.077706e+01
1.000000e+00 -1.576448e-04 -8.272968e-06 2.345418e+00 1.576442e-04 1.000000e+00 -7.544833e-05 -3.380272e-01 8.285197e-06 7.544773e-05 1.000000e+00 1.094172e+01
9.999944e-01 5.760458e-04 -3.287520e-03 1.801322e+00 -5.749346e-04 9.999998e-01 3.389781e-04 -3.228876e-01 3.287714e-03 -3.370868e-04 9.999945e-01 1.097973e+01
1.000000e+00 -2.478925e-04 5.889734e-05 1.360896e+00 2.478959e-04 1.000000e+00 -5.578961e-05 -3.144252e-01 -5.888317e-05 5.580492e-05 1.000000e+00 1.096557e+01
9.999939e-01 7.080950e-04 -3.431484e-03 7.376422e-01 -7.070607e-04 9.999997e-01 3.026348e-04 -2.922293e-01 3.431697e-03 -3.002074e-04 9.999941e-01 1.111547e+01
9.999999e-01 -3.021984e-04 1.159188e-04 1.509216e-01 3.022041e-04 1.000000e+00 -4.864191e-05 -2.760703e-01 -1.159037e-04 4.867765e-05 1.000000e+00 1.112978e+01
9.999943e-01 8.349938e-04 -3.284986e-03 -5.615088e-01 -8.339745e-04 9.999996e-01 3.116736e-04 -2.540521e-01 3.285245e-03 -3.089330e-04 9.999946e-01 1.111778e+01
9.999999e-01 -3.607663e-04 8.003936e-05 -1.197521e+00 3.607692e-04 9.999999e-01 -3.606684e-05 -2.358059e-01 -8.002600e-05 3.609642e-05 1.000000e+00 1.108005e+01
9.999942e-01 8.372433e-04 -3.301006e-03 -1.749731e+00 -8.363359e-04 9.999996e-01 2.762766e-04 -2.181096e-01 3.301236e-03 -2.735150e-04 9.999945e-01 1.130008e+01
1.000000e+00 -2.634559e-04 -5.367795e-05 -2.477513e+00 2.634536e-04 1.000000e+00 -4.458825e-05 -1.910451e-01 5.369002e-05 4.457482e-05 1.000000e+00 1.144259e+01
9.999943e-01 5.977861e-04 -3.308215e-03 -2.697717e+00 -5.969805e-04 9.999998e-01 2.445287e-04 -1.907462e-01 3.308360e-03 -2.425531e-04 9.999945e-01 1.190817e+01
1.000000e+00 -1.672698e-04 -1.333079e-04 -3.144229e+00 1.672655e-04 1.000000e+00 -3.307872e-05 -1.779982e-01 1.333138e-04 3.305714e-05 1.000000e+00 1.221637e+01
9.999952e-01 7.036886e-04 -3.004173e-03 -3.925485e+00 -7.027996e-04 9.999997e-01 2.969916e-04 -1.568927e-01 3.004380e-03 -2.948796e-04 9.999954e-01 1.204774e+01
9.999998e-01 -6.857773e-04 -1.161216e-04 -4.042905e+00 6.857641e-04 9.999998e-01 -1.145396e-04 -1.568515e-01 1.162005e-04 1.144606e-04 1.000000e+00 1.142749e+01
9.999955e-01 6.833357e-04 -2.931481e-03 -3.794496e+00 -6.825663e-04 9.999997e-01 2.634711e-04 -1.678928e-01 2.931660e-03 -2.614697e-04 9.999957e-01 1.127013e+01
9.999997e-01 -5.921434e-04 -4.004647e-04 -3.896800e+00 5.921491e-04 9.999998e-01 1.388689e-05 -1.672703e-01 4.004568e-04 -1.412331e-05 9.999999e-01 1.102304e+01
9.999955e-01 1.047326e-03 -2.826361e-03 -4.508219e+00 -1.046614e-03 9.999994e-01 2.533406e-04 -1.520133e-01 2.826625e-03 -2.503820e-04 9.999960e-01 1.079457e+01
9.999998e-01 -5.626351e-04 -2.959493e-04 -5.214531e+00 5.626463e-04 9.999998e-01 3.730576e-05 -1.350684e-01 2.959286e-04 -3.747156e-05 1.000000e+00 1.060891e+01
9.999950e-01 7.372426e-04 -3.068180e-03 -5.430409e+00 -7.367586e-04 9.999997e-01 1.589042e-04 -1.379625e-01 3.068296e-03 -1.566436e-04 9.999953e-01 1.077590e+01
9.999997e-01 -7.779843e-04 -1.810684e-04 -5.300804e+00 7.779917e-04 9.999997e-01 4.028088e-05 -1.424232e-01 1.810373e-04 -4.042103e-05 1.000000e+00 1.039437e+01
9.999957e-01 8.942132e-04 -2.797649e-03 -5.636220e+00 -8.937675e-04 9.999996e-01 1.605615e-04 -1.346529e-01 2.797791e-03 -1.580611e-04 9.999961e-01 9.418846e+00
9.999996e-01 -8.394534e-04 -1.522506e-04 -5.522463e+00 8.394625e-04 9.999996e-01 5.955178e-05 -1.570836e-01 1.522009e-04 -5.967886e-05 1.000000e+00 9.691944e+00
9.999953e-01 1.065805e-03 -2.869983e-03 -5.492369e+00 -1.065429e-03 9.999994e-01 1.323763e-04 -1.736701e-01 2.870122e-03 -1.293186e-04 9.999959e-01 1.005918e+01
9.999995e-01 -9.743895e-04 -1.659289e-04 -5.752756e+00 9.744059e-04 9.999995e-01 9.841855e-05 -1.686093e-01 1.658332e-04 -9.857947e-05 1.000000e+00 9.306947e+00
9.999946e-01 1.381929e-03 -2.997742e-03 -6.375299e+00 -1.381313e-03 9.999990e-01 2.075251e-04 -1.568108e-01 2.998026e-03 -2.033838e-04 9.999955e-01 9.061777e+00
9.999994e-01 -1.056528e-03 -1.390854e-04 -6.867501e+00 1.056536e-03 9.999994e-01 5.576472e-05 -1.504341e-01 1.390268e-04 -5.591093e-05 1.000000e+00 8.710779e+00
9.999951e-01 1.030205e-03 -2.958669e-03 -6.929260e+00 -1.029787e-03 9.999995e-01 1.426831e-04 -1.518177e-01 2.958814e-03 -1.396363e-04 9.999956e-01 8.090908e+00
9.999994e-01 -1.072965e-03 -2.571191e-04 -6.946168e+00 1.072969e-03 9.999994e-01 1.742034e-05 -1.523924e-01 2.571006e-04 -1.769550e-05 1.000000e+00 7.406946e+00
9.999955e-01 9.919047e-04 -2.823865e-03 -6.858981e+00 -9.912579e-04 9.999995e-01 2.304524e-04 -1.574059e-01 2.824092e-03 -2.276529e-04 9.999960e-01 7.030241e+00
9.999996e-01 -8.281146e-04 -3.625287e-04 -7.122775e+00 8.281140e-04 9.999997e-01 -1.971498e-06 -1.499915e-01 3.625306e-04 1.671990e-06 9.999999e-01 6.420713e+00
9.999957e-01 7.899383e-04 -2.817057e-03 -6.906383e+00 -7.894661e-04 9.999997e-01 1.687828e-04 -1.492655e-01 2.817189e-03 -1.665588e-04 9.999960e-01 5.972976e+00
9.999998e-01 -5.826112e-04 -3.173833e-04 -7.232413e+00 5.826226e-04 9.999998e-01 3.554048e-05 -1.391109e-01 3.173629e-04 -3.572468e-05 9.999999e-01 5.434782e+00
9.999965e-01 5.048417e-04 -2.598010e-03 -7.274764e+00 -5.045859e-04 9.999999e-01 9.915477e-05 -1.333568e-01 2.598060e-03 -9.784421e-05 9.999966e-01 4.444435e+00
9.999998e-01 -1.934545e-04 -5.278077e-04 -7.755659e+00 1.935291e-04 1.000000e+00 1.412117e-04 -1.182045e-01 5.277807e-04 -1.413131e-04 9.999999e-01 3.679677e+00
9.999964e-01 3.145001e-04 -2.673899e-03 -7.929978e+00 -3.143584e-04 9.999999e-01 5.346778e-05 -1.078053e-01 2.673916e-03 -5.262773e-05 9.999964e-01 3.285780e+00
9.999998e-01 7.070865e-05 -6.043869e-04 -8.392944e+00 -7.060226e-05 1.000000e+00 1.758832e-04 -9.320973e-02 6.043997e-04 -1.758398e-04 9.999998e-01 3.126705e+00
9.999966e-01 2.957764e-04 -2.575053e-03 -8.954346e+00 -2.955798e-04 1.000000e+00 7.674537e-05 -7.678002e-02 2.575076e-03 -7.598468e-05 9.999967e-01 2.673084e+00
9.999998e-01 1.855539e-04 -6.372259e-04 -9.633628e+00 -1.854265e-04 1.000000e+00 1.998401e-04 -5.594324e-02 6.372633e-04 -1.997212e-04 9.999998e-01 2.099636e+00
9.999965e-01 5.403085e-05 -2.653142e-03 -1.003598e+01 -5.396711e-05 1.000000e+00 2.413926e-05 -4.567324e-02 2.653143e-03 -2.399670e-05 9.999965e-01 1.624249e+00
9.999998e-01 1.103929e-04 -6.702162e-04 -1.015876e+01 -1.102605e-04 1.000000e+00 1.974190e-04 -4.356712e-02 6.702383e-04 -1.973444e-04 9.999998e-01 1.458351e+00
9.999967e-01 8.137410e-05 -2.565223e-03 -1.042193e+01 -8.145069e-05 1.000000e+00 -2.971167e-05 -4.037655e-02 2.565221e-03 2.991981e-05 9.999967e-01 1.553347e+00
9.999999e-01 1.615849e-04 -4.669304e-04 -1.035311e+01 -1.615537e-04 1.000000e+00 6.650597e-05 -6.178952e-02 4.669414e-04 -6.642982e-05 9.999999e-01 2.393424e+00
9.999958e-01 2.688500e-05 -2.889047e-03 -1.048273e+01 -2.656753e-05 1.000000e+00 1.099629e-04 -6.956648e-02 2.889049e-03 -1.098864e-04 9.999958e-01 2.626452e+00
9.999999e-01 2.244800e-04 -3.124043e-04 -1.089154e+01 -2.244532e-04 1.000000e+00 8.550337e-05 -5.326162e-02 3.124238e-04 -8.543254e-05 9.999999e-01 2.031096e+00
9.999957e-01 -1.608517e-04 -2.931843e-03 -1.083219e+01 1.608393e-04 1.000000e+00 -4.452107e-06 -5.877647e-02 2.931843e-03 3.979825e-06 9.999957e-01 2.042692e+00
1.000000e+00 1.923676e-04 1.863672e-05 -1.049217e+01 -1.923695e-04 1.000000e+00 1.083977e-04 -5.765774e-02 -1.861555e-05 -1.084006e-04 1.000000e+00 1.680075e+00
9.999952e-01 3.974353e-06 -3.105829e-03 -1.062578e+01 -3.924701e-06 1.000000e+00 1.603047e-05 -6.298098e-02 3.105829e-03 -1.601891e-05 9.999952e-01 1.987109e+00
1.000000e+00 1.013862e-05 2.369580e-04 -1.031487e+01 -1.015856e-05 1.000000e+00 8.467414e-05 -6.623825e-02 -2.369568e-04 -8.467584e-05 1.000000e+00 1.735236e+00
9.999946e-01 -1.068971e-04 -3.273416e-03 -1.015388e+01 1.069226e-04 1.000000e+00 7.656043e-06 -6.364858e-02 3.273414e-03 -8.006711e-06 9.999946e-01 9.734858e-01
9.999999e-01 -1.218050e-04 3.642378e-04 -9.316664e+00 1.217892e-04 1.000000e+00 4.366686e-05 -5.889634e-02 -3.642428e-04 -4.362179e-05 9.999999e-01 3.003401e-01
9.999953e-01 2.176053e-04 -3.056310e-03 -8.575023e+00 -2.177531e-04 1.000000e+00 -4.798885e-05 -5.587568e-02 3.056299e-03 4.865344e-05 9.999953e-01 7.171385e-01
1.000000e+00 -2.890569e-04 -1.173200e-04 -8.146085e+00 2.890658e-04 1.000000e+00 7.461480e-05 -5.447184e-02 1.172987e-04 -7.464800e-05 1.000000e+00 3.191908e-01
9.999965e-01 8.681287e-05 -2.639103e-03 -7.822772e+00 -8.693887e-05 1.000000e+00 -4.758293e-05 -4.347854e-02 2.639099e-03 4.781150e-05 9.999965e-01 -7.496754e-01
9.999999e-01 -2.537277e-04 -2.010018e-04 -6.983712e+00 2.537157e-04 1.000000e+00 -6.022194e-05 -5.066769e-02 2.010174e-04 6.017164e-05 1.000000e+00 -8.653966e-01
9.999939e-01 4.917175e-04 -3.459979e-03 -6.905483e+00 -4.911142e-04 9.999999e-01 1.752445e-04 -4.729579e-02 3.460065e-03 -1.735449e-04 9.999940e-01 -4.031757e-01
1.000000e+00 -8.140902e-05 -1.759468e-04 -7.066024e+00 8.139577e-05 1.000000e+00 -7.605499e-05 -2.432118e-02 1.759533e-04 7.604138e-05 1.000000e+00 3.307663e-01
9.999945e-01 3.233385e-04 -3.300775e-03 -6.876920e+00 -3.230568e-04 9.999999e-01 8.590636e-05 -2.666372e-02 3.300802e-03 -8.484025e-05 9.999945e-01 9.247276e-01
1.000000e+00 -1.284944e-04 -2.501437e-04 -6.870931e+00 1.285114e-04 1.000000e+00 6.762126e-05 -6.833171e-03 2.501354e-04 -6.765270e-05 1.000000e+00 1.261746e+00
9.999962e-01 1.188644e-04 -2.764895e-03 -6.343356e+00 -1.185941e-04 1.000000e+00 9.796377e-05 5.011573e-03 2.764906e-03 -9.763620e-05 9.999962e-01 1.095027e+00
9.999999e-01 -2.577666e-04 -2.618138e-04 -6.086814e+00 2.577708e-04 1.000000e+00 1.531911e-05 7.943778e-03 2.618102e-04 -1.538590e-05 1.000000e+00 3.800182e-01
9.999961e-01 4.873311e-04 -2.736388e-03 -6.523907e+00 -4.868652e-04 9.999999e-01 1.709679e-04 2.413922e-02 2.736471e-03 -1.696357e-04 9.999962e-01 -5.829616e-01
9.999999e-01 -3.732791e-04 -2.757319e-04 -6.779830e+00 3.732851e-04 9.999999e-01 2.096797e-05 3.248563e-02 2.757244e-04 -2.107019e-05 1.000000e+00 -1.272341e+00
9.999953e-01 5.670012e-04 -3.020038e-03 -7.093567e+00 -5.666822e-04 9.999998e-01 1.065241e-04 4.839475e-02 3.020098e-03 -1.048129e-04 9.999954e-01 -1.992264e+00
9.999997e-01 -7.139640e-04 1.415522e-04 -6.959446e+00 7.139651e-04 9.999997e-01 -6.181435e-06 5.412190e-02 -1.415474e-04 6.283200e-06 1.000000e+00 -2.910910e+00
9.999949e-01 5.040602e-04 -3.141139e-03 -6.672981e+00 -5.039332e-04 9.999999e-01 4.127121e-05 6.554759e-02 3.141159e-03 -3.968878e-05 9.999951e-01 -4.020061e+00
9.999998e-01 -6.189842e-04 3.870362e-05 -6.425713e+00 6.189800e-04 9.999998e-01 1.118844e-04 6.385211e-02 -3.877255e-05 -1.118597e-04 1.000000e+00 -4.570523e+00
9.999951e-01 5.893839e-04 -3.069871e-03 -6.293300e+00 -5.892312e-04 9.999998e-01 5.070908e-05 5.517469e-02 3.069900e-03 -4.890067e-05 9.999953e-01 -4.752252e+00
9.999999e-01 -4.740990e-04 -6.401221e-05 -6.022439e+00 4.741016e-04 9.999999e-01 3.821331e-05 4.009538e-02 6.399440e-05 -3.824296e-05 1.000000e+00 -4.379342e+00
9.999942e-01 7.745711e-04 -3.326178e-03 -6.375945e+00 -7.739430e-04 9.999997e-01 1.901494e-04 5.120051e-02 3.326323e-03 -1.875747e-04 9.999945e-01 -4.304865e+00
1.000000e+00 -1.694559e-04 1.548654e-04 -7.234950e+00 1.694468e-04 1.000000e+00 5.970373e-05 8.026093e-02 -1.548752e-04 -5.967679e-05 1.000000e+00 -4.672934e+00
9.999936e-01 4.563038e-04 -3.546167e-03 -7.663124e+00 -4.557535e-04 9.999999e-01 1.560395e-04 9.134783e-02 3.546238e-03 -1.544230e-04 9.999937e-01 -4.772396e+00
9.999996e-01 -5.125109e-04 7.106496e-04 -7.416923e+00 5.125293e-04 9.999999e-01 -2.542101e-05 8.735347e-02 -7.106362e-04 2.578593e-05 9.999997e-01 -4.917077e+00
9.999909e-01 7.851757e-04 -4.197259e-03 -7.418976e+00 -7.846648e-04 9.999997e-01 1.234018e-04 9.276827e-02 4.197355e-03 -1.201079e-04 9.999912e-01 -4.470005e+00
9.999993e-01 -7.504599e-04 9.036791e-04 -6.895496e+00 7.505088e-04 9.999997e-01 -5.359575e-05 8.466987e-02 -9.036383e-04 5.427463e-05 9.999996e-01 -4.248092e+00
9.999919e-01 4.652755e-04 -4.009651e-03 -5.777240e+00 -4.645720e-04 9.999999e-01 1.764173e-04 9.435425e-02 4.009733e-03 -1.745538e-04 9.999919e-01 -4.534744e+00
9.999990e-01 -7.791127e-04 1.149956e-03 -4.252647e+00 7.792617e-04 9.999997e-01 -1.289876e-04 1.218176e-01 -1.149855e-03 1.298843e-04 9.999993e-01 -4.976335e+00
9.999915e-01 4.696223e-04 -4.105425e-03 -2.611433e+00 -4.688478e-04 9.999999e-01 1.896492e-04 1.657913e-01 4.105513e-03 -1.877235e-04 9.999916e-01 -5.542625e+00
9.999985e-01 -6.846810e-04 1.572079e-03 -1.108331e+00 6.848338e-04 9.999998e-01 -9.656421e-05 1.820479e-01 -1.572013e-03 9.764138e-05 9.999988e-01 -5.937074e+00
9.999905e-01 3.906362e-04 -4.351666e-03 1.027400e-01 -3.894131e-04 9.999999e-01 2.819428e-04 1.925483e-01 4.351775e-03 -2.802463e-04 9.999905e-01 -6.526647e+00
9.999988e-01 -3.918954e-04 1.529654e-03 4.405295e-01 3.921982e-04 9.999999e-01 -1.975296e-04 1.818355e-01 -1.529576e-03 1.981300e-04 9.999988e-01 -6.766655e+00
9.999895e-01 5.438924e-04 -4.555202e-03 3.068449e-01 -5.423879e-04 9.999998e-01 3.315521e-04 1.877586e-01 4.555381e-03 -3.290786e-04 9.999896e-01 -7.136158e+00
9.999982e-01 -4.619184e-04 1.818820e-03 9.145497e-01 4.623880e-04 9.999999e-01 -2.576611e-04 1.663006e-01 -1.818700e-03 2.585024e-04 9.999983e-01 -6.918459e+00
9.999890e-01 4.853403e-04 -4.668156e-03 1.413019e+00 -4.835894e-04 9.999998e-01 3.762197e-04 1.492805e-01 4.668338e-03 -3.739588e-04 9.999890e-01 -6.750006e+00
9.999983e-01 -5.593026e-04 1.743238e-03 1.797939e+00 5.597477e-04 9.999998e-01 -2.547813e-04 1.444743e-01 -1.743095e-03 2.557573e-04 9.999984e-01 -7.123828e+00
9.999885e-01 6.092772e-04 -4.752411e-03 1.745453e+00 -6.073851e-04 9.999997e-01 3.996127e-04 1.494516e-01 4.752653e-03 -3.967223e-04 9.999886e-01 -7.685042e+00
9.999982e-01 -5.258741e-04 1.818686e-03 1.690113e+00 5.263727e-04 9.999998e-01 -2.736028e-04 1.522317e-01 -1.818542e-03 2.745604e-04 9.999983e-01 -8.138145e+00
9.999895e-01 6.311955e-04 -4.530293e-03 1.955977e+00 -6.295909e-04 9.999997e-01 3.556474e-04 1.424910e-01 4.530516e-03 -3.527921e-04 9.999897e-01 -8.107080e+00
9.999980e-01 -6.223844e-04 1.897512e-03 2.557541e+00 6.229713e-04 9.999998e-01 -3.086790e-04 1.258311e-01 -1.897319e-03 3.098612e-04 9.999982e-01 -7.915377e+00
9.999890e-01 6.059024e-04 -4.653176e-03 3.404134e+00 -6.040939e-04 9.999997e-01 3.900956e-04 1.089209e-01 4.653411e-03 -3.872810e-04 9.999891e-01 -7.911350e+00
9.999981e-01 -8.083213e-04 1.753396e-03 4.429333e+00 8.088122e-04 9.999996e-01 -2.791957e-04 1.063475e-01 -1.753170e-03 2.806140e-04 9.999984e-01 -8.175008e+00
9.999878e-01 9.722070e-04 -4.852068e-03 5.102403e+00 -9.705681e-04 9.999995e-01 3.401428e-04 1.351269e-01 4.852396e-03 -3.354301e-04 9.999882e-01 -7.964173e+00
9.999971e-01 -8.837386e-04 2.251143e-03 5.920590e+00 8.842372e-04 9.999996e-01 -2.204596e-04 1.081132e-01 -2.250947e-03 2.224502e-04 9.999974e-01 -7.649663e+00
9.999878e-01 9.955517e-04 -4.833355e-03 6.814075e+00 -9.941890e-04 9.999995e-01 2.843692e-04 7.833020e-02 4.833636e-03 -2.795612e-04 9.999883e-01 -7.312484e+00
9.999968e-01 -9.483407e-04 2.335918e-03 7.692730e+00 9.486461e-04 9.999995e-01 -1.295460e-04 5.093950e-02 -2.335794e-03 1.317622e-04 9.999973e-01 -7.015564e+00
9.999868e-01 1.089874e-03 -5.016122e-03 8.576455e+00 -1.089097e-03 9.999994e-01 1.575306e-04 2.305601e-02 5.016290e-03 -1.520662e-04 9.999874e-01 -6.648914e+00
9.999962e-01 -1.027890e-03 2.552414e-03 9.612399e+00 1.028063e-03 9.999995e-01 -6.626922e-05 -6.251379e-03 -2.552344e-03 6.889371e-05 9.999967e-01 -6.353834e+00
9.999862e-01 1.120955e-03 -5.138930e-03 1.044783e+01 -1.120020e-03 9.999994e-01 1.849758e-04 -3.704264e-02 5.139134e-03 -1.792182e-04 9.999868e-01 -6.026830e+00
9.999962e-01 -1.015848e-03 2.579552e-03 1.135181e+01 1.016214e-03 9.999995e-01 -1.407468e-04 -6.746977e-02 -2.579407e-03 1.433683e-04 9.999967e-01 -5.715870e+00
9.999869e-01 1.192039e-03 -4.980215e-03 1.226524e+01 -1.190914e-03 9.999993e-01 2.289809e-04 -1.047999e-01 4.980484e-03 -2.230476e-04 9.999876e-01 -5.240126e+00
9.999960e-01 -1.066825e-03 2.633930e-03 1.338862e+01 1.067597e-03 9.999994e-01 -2.915645e-04 -1.369032e-01 -2.633617e-03 2.943759e-04 9.999965e-01 -4.943453e+00
9.999871e-01 1.101599e-03 -4.958609e-03 1.425055e+01 -1.099395e-03 9.999993e-01 4.473025e-04 -1.665176e-01 4.959098e-03 -4.418459e-04 9.999876e-01 -4.622359e+00
9.999973e-01 -9.763207e-04 2.117399e-03 1.455151e+01 9.771191e-04 9.999995e-01 -3.759443e-04 -1.798097e-01 -2.117030e-03 3.780130e-04 9.999977e-01 -4.548755e+00
9.999882e-01 1.053150e-03 -4.734661e-03 1.499422e+01 -1.051003e-03 9.999993e-01 4.560063e-04 -1.994271e-01 4.735138e-03 -4.510255e-04 9.999887e-01 -4.363250e+00
9.999976e-01 -8.306895e-04 2.027445e-03 1.527876e+01 8.315589e-04 9.999996e-01 -4.279276e-04 -2.191958e-01 -2.027088e-03 4.296132e-04 9.999979e-01 -3.872986e+00
9.999877e-01 1.043312e-03 -4.849276e-03 1.560149e+01 -1.040967e-03 9.999993e-01 4.860443e-04 -2.353183e-01 4.849780e-03 -4.809910e-04 9.999881e-01 -3.428390e+00
9.999975e-01 -8.742770e-04 2.057815e-03 1.597946e+01 8.751647e-04 9.999995e-01 -4.304314e-04 -2.533840e-01 -2.057437e-03 4.322320e-04 9.999978e-01 -3.004861e+00
9.999872e-01 1.223885e-03 -4.912049e-03 1.579849e+01 -1.221141e-03 9.999991e-01 5.615341e-04 -2.538839e-01 4.912732e-03 -5.555293e-04 9.999878e-01 -2.777678e+00
9.999979e-01 -8.407145e-04 1.886176e-03 1.571809e+01 8.416053e-04 9.999995e-01 -4.714793e-04 -2.620425e-01 -1.885779e-03 4.730664e-04 9.999981e-01 -2.164814e+00
9.999867e-01 1.264626e-03 -5.005227e-03 1.554330e+01 -1.261584e-03 9.999990e-01 6.110460e-04 -2.645053e-01 5.005994e-03 -6.047240e-04 9.999873e-01 -1.686840e+00
9.999980e-01 -7.665797e-04 1.823837e-03 1.502497e+01 7.672768e-04 9.999996e-01 -3.814668e-04 -2.535299e-01 -1.823544e-03 3.828662e-04 9.999983e-01 -1.514484e+00
9.999876e-01 1.053202e-03 -4.870909e-03 1.477962e+01 -1.050555e-03 9.999993e-01 5.459740e-04 -2.481100e-01 4.871480e-03 -5.408508e-04 9.999880e-01 -1.592429e+00
9.999978e-01 -7.939366e-04 1.953735e-03 1.471766e+01 7.947484e-04 9.999996e-01 -4.146755e-04 -2.522216e-01 -1.953405e-03 4.162280e-04 9.999980e-01 -1.458952e+00
9.999860e-01 1.222219e-03 -5.144298e-03 1.432878e+01 -1.219073e-03 9.999991e-01 6.145152e-04 -2.466965e-01 5.145044e-03 -6.082360e-04 9.999866e-01 -1.216992e+00
9.999977e-01 -8.117723e-04 1.979067e-03 1.396593e+01 8.125893e-04 9.999996e-01 -4.119155e-04 -2.430082e-01 -1.978731e-03 4.135234e-04 9.999980e-01 -9.233178e-01
9.999869e-01 1.154619e-03 -4.983469e-03 1.377686e+01 -1.151836e-03 9.999992e-01 5.612233e-04 -2.466450e-01 4.984113e-03 -5.554765e-04 9.999874e-01 -6.048227e-01
9.999969e-01 -9.366424e-04 2.311043e-03 1.420179e+01 9.378521e-04 9.999994e-01 -5.223223e-04 -2.758938e-01 -2.310552e-03 5.244887e-04 9.999972e-01 -1.248268e-01
9.999878e-01 1.169556e-03 -4.801417e-03 1.498089e+01 -1.166946e-03 9.999992e-01 5.464092e-04 -3.146867e-01 4.802052e-03 -5.408002e-04 9.999883e-01 3.950201e-01
9.999972e-01 -1.015232e-03 2.140158e-03 1.567427e+01 1.016218e-03 9.999994e-01 -4.592658e-04 -3.482667e-01 -2.139690e-03 4.614401e-04 9.999976e-01 8.335141e-01
9.999871e-01 1.145634e-03 -4.956597e-03 1.617079e+01 -1.142952e-03 9.999992e-01 5.439220e-04 -3.771228e-01 4.957216e-03 -5.382505e-04 9.999876e-01 1.245442e+00
9.999973e-01 -1.032800e-03 2.083066e-03 1.673370e+01 1.033739e-03 9.999994e-01 -4.499524e-04 -4.035059e-01 -2.082600e-03 4.521052e-04 9.999977e-01 1.654093e+00
9.999875e-01 1.082624e-03 -4.874513e-03 1.729699e+01 -1.079818e-03 9.999992e-01 5.782061e-04 -4.282777e-01 4.875135e-03 -5.729360e-04 9.999880e-01 1.984905e+00
9.999972e-01 -9.936263e-04 2.156344e-03 1.790236e+01 9.946953e-04 9.999994e-01 -4.946434e-04 -4.547499e-01 -2.155851e-03 4.967876e-04 9.999976e-01 2.333460e+00
9.999881e-01 1.126820e-03 -4.742945e-03 1.853908e+01 -1.124177e-03 9.999992e-01 5.598394e-04 -4.875884e-01 4.743572e-03 -5.545016e-04 9.999886e-01 2.817605e+00
9.999978e-01 -1.042082e-03 1.795920e-03 1.921518e+01 1.043171e-03 9.999993e-01 -6.054907e-04 -4.903881e-01 -1.795287e-03 6.073635e-04 9.999982e-01 3.255544e+00
9.999865e-01 1.315314e-03 -5.032843e-03 1.933745e+01 -1.311903e-03 9.999989e-01 6.808944e-04 -4.748213e-01 5.033733e-03 -6.742833e-04 9.999871e-01 3.623306e+00
9.999971e-01 -1.209237e-03 2.067154e-03 1.965286e+01 1.210470e-03 9.999991e-01 -5.953360e-04 -4.898627e-01 -2.066432e-03 5.978372e-04 9.999977e-01 3.828071e+00
9.999876e-01 1.339647e-03 -4.787162e-03 2.031410e+01 -1.336491e-03 9.999989e-01 6.623154e-04 -5.166327e-01 4.788043e-03 -6.559099e-04 9.999883e-01 4.257470e+00
9.999969e-01 -1.248230e-03 2.166566e-03 2.084234e+01 1.249541e-03 9.999990e-01 -6.040906e-04 -5.414014e-01 -2.165809e-03 6.067966e-04 9.999975e-01 4.653507e+00
9.999859e-01 1.258881e-03 -5.166391e-03 2.167444e+01 -1.256105e-03 9.999991e-01 5.406503e-04 -5.452104e-01 5.167066e-03 -5.341538e-04 9.999865e-01 4.819102e+00
9.999954e-01 -1.386680e-03 2.702441e-03 2.311094e+01 1.387812e-03 9.999990e-01 -4.168446e-04 -5.507510e-01 -2.701859e-03 4.205939e-04 9.999963e-01 4.585833e+00
9.999835e-01 1.508531e-03 -5.537846e-03 2.373539e+01 -1.505587e-03 9.999987e-01 5.357962e-04 -5.684352e-01 5.538647e-03 -5.274504e-04 9.999845e-01 4.858998e+00
9.999951e-01 -1.323545e-03 2.837365e-03 2.439354e+01 1.324968e-03 9.999990e-01 -4.996692e-04 -6.008084e-01 -2.836700e-03 5.034268e-04 9.999958e-01 5.406843e+00
9.999813e-01 1.538156e-03 -5.914652e-03 2.460952e+01 -1.534174e-03 9.999986e-01 6.778407e-04 -6.163079e-01 5.915686e-03 -6.687547e-04 9.999823e-01 5.852764e+00
9.999964e-01 -8.890102e-04 2.550071e-03 2.377785e+01 8.901019e-04 9.999995e-01 -4.269142e-04 -5.839038e-01 -2.549690e-03 4.291831e-04 9.999967e-01 6.000671e+00
9.999826e-01 1.186236e-03 -5.779336e-03 2.332678e+01 -1.182407e-03 9.999991e-01 6.659565e-04 -5.745514e-01 5.780121e-03 -6.591120e-04 9.999831e-01 5.794297e+00
9.999959e-01 -1.364283e-03 2.504581e-03 2.379856e+01 1.365721e-03 9.999989e-01 -5.726030e-04 -5.694159e-01 -2.503796e-03 5.760219e-04 9.999967e-01 5.141060e+00
9.999833e-01 1.312152e-03 -5.629303e-03 2.385095e+01 -1.308035e-03 9.999989e-01 7.350018e-04 -5.731944e-01 5.630261e-03 -7.276269e-04 9.999839e-01 4.623420e+00
9.999953e-01 -1.013582e-03 2.877178e-03 2.360503e+01 1.015656e-03 9.999992e-01 -7.192238e-04 -5.587759e-01 -2.876447e-03 7.221434e-04 9.999956e-01 4.090112e+00
9.999832e-01 1.225005e-03 -5.669868e-03 2.358796e+01 -1.220692e-03 9.999990e-01 7.640800e-04 -5.468881e-01 5.670797e-03 -7.571466e-04 9.999836e-01 3.312016e+00
9.999949e-01 -1.111669e-03 2.978970e-03 2.423992e+01 1.114119e-03 9.999990e-01 -8.208735e-04 -5.676216e-01 -2.978054e-03 8.241890e-04 9.999952e-01 3.541610e+00
9.999813e-01 1.604974e-03 -5.902153e-03 2.510162e+01 -1.600669e-03 9.999984e-01 7.340045e-04 -5.747068e-01 5.903322e-03 -7.245440e-04 9.999823e-01 4.328616e+00
9.999953e-01 -1.091090e-03 2.848136e-03 2.581605e+01 1.093519e-03 9.999990e-01 -8.511597e-04 -5.845877e-01 -2.847204e-03 8.542709e-04 9.999956e-01 5.168137e+00
9.999795e-01 1.704216e-03 -6.174625e-03 2.612960e+01 -1.699674e-03 9.999983e-01 7.407918e-04 -5.851193e-01 6.175877e-03 -7.302824e-04 9.999807e-01 5.972726e+00
9.999959e-01 -1.041633e-03 2.656912e-03 2.615642e+01 1.043594e-03 9.999992e-01 -7.366795e-04 -5.724508e-01 -2.656142e-03 7.394499e-04 9.999962e-01 6.781770e+00
9.999799e-01 1.549197e-03 -6.151000e-03 2.673149e+01 -1.545579e-03 9.999986e-01 5.928363e-04 -5.698811e-01 6.151910e-03 -5.833182e-04 9.999809e-01 7.527237e+00
9.999946e-01 -1.750240e-03 2.794066e-03 2.800440e+01 1.752028e-03 9.999983e-01 -6.375568e-04 -5.666807e-01 -2.792945e-03 6.424493e-04 9.999959e-01 7.302576e+00
9.999810e-01 1.826778e-03 -5.890755e-03 2.914684e+01 -1.822888e-03 9.999981e-01 6.657040e-04 -5.648045e-01 5.891960e-03 -6.549538e-04 9.999824e-01 7.319441e+00
9.999968e-01 -1.342146e-03 2.153157e-03 2.947750e+01 1.343627e-03 9.999989e-01 -6.864880e-04 -5.547302e-01 -2.152233e-03 6.893795e-04 9.999974e-01 8.034474e+00
9.999822e-01 1.757770e-03 -5.702778e-03 2.924350e+01 -1.752954e-03 9.999981e-01 8.494005e-04 -5.441894e-01 5.704260e-03 -8.393894e-04 9.999834e-01 8.449004e+00
9.999956e-01 -1.677795e-03 2.439628e-03 2.963266e+01 1.679848e-03 9.999982e-01 -8.397301e-04 -5.648251e-01 -2.438215e-03 8.438253e-04 9.999967e-01 8.879070e+00
9.999834e-01 2.010225e-03 -5.401842e-03 2.991388e+01 -2.005299e-03 9.999976e-01 9.171798e-04 -5.948533e-01 5.403672e-03 -9.063330e-04 9.999850e-01 9.873615e+00
9.999954e-01 -1.750060e-03 2.478766e-03 3.008529e+01 1.752267e-03 9.999981e-01 -8.884111e-04 -6.244792e-01 -2.477206e-03 8.927512e-04 9.999965e-01 1.069802e+01
9.999841e-01 1.667259e-03 -5.387260e-03 3.123478e+01 -1.661558e-03 9.999981e-01 1.062545e-03 -6.367069e-01 5.389021e-03 -1.053578e-03 9.999849e-01 1.061002e+01
9.999953e-01 -1.723658e-03 2.553035e-03 3.218685e+01 1.726077e-03 9.999981e-01 -9.455433e-04 -6.496860e-01 -2.551400e-03 9.499463e-04 9.999963e-01 1.052711e+01
9.999813e-01 2.080061e-03 -5.746791e-03 3.200689e+01 -2.073812e-03 9.999973e-01 1.093056e-03 -6.535165e-01 5.749049e-03 -1.081118e-03 9.999829e-01 1.119762e+01
9.999950e-01 -2.071859e-03 2.404438e-03 3.255161e+01 2.074197e-03 9.999974e-01 -9.702212e-04 -6.680502e-01 -2.402421e-03 9.752043e-04 9.999966e-01 1.121794e+01
9.999808e-01 1.702038e-03 -5.955701e-03 3.366044e+01 -1.695811e-03 9.999980e-01 1.050540e-03 -6.431731e-01 5.957477e-03 -1.040421e-03 9.999817e-01 1.013818e+01
9.999938e-01 -1.841264e-03 3.012716e-03 3.438855e+01 1.843871e-03 9.999979e-01 -8.626307e-04 -6.461115e-01 -3.011121e-03 8.681810e-04 9.999951e-01 9.839557e+00
9.999776e-01 2.271081e-03 -6.291147e-03 3.423790e+01 -2.265104e-03 9.999970e-01 9.570424e-04 -6.474631e-01 6.293301e-03 -9.427716e-04 9.999798e-01 1.057803e+01
9.999940e-01 -1.820300e-03 2.948488e-03 3.391578e+01 1.822661e-03 9.999980e-01 -7.982442e-04 -6.405952e-01 -2.947028e-03 8.036142e-04 9.999953e-01 1.122779e+01
9.999762e-01 2.114216e-03 -6.573094e-03 3.353108e+01 -2.108347e-03 9.999974e-01 8.997846e-04 -6.264267e-01 6.574979e-03 -8.859055e-04 9.999780e-01 1.107818e+01
9.999938e-01 -2.060633e-03 2.858222e-03 3.358398e+01 2.062768e-03 9.999976e-01 -7.443678e-04 -6.098670e-01 -2.856681e-03 7.502597e-04 9.999956e-01 1.033759e+01
9.999759e-01 1.950434e-03 -6.663044e-03 3.407860e+01 -1.945403e-03 9.999978e-01 7.614392e-04 -5.926280e-01 6.664514e-03 -7.484592e-04 9.999775e-01 1.007029e+01
9.999937e-01 -2.108667e-03 2.848381e-03 3.487678e+01 2.110657e-03 9.999975e-01 -6.955381e-04 -5.552024e-01 -2.846907e-03 7.015464e-04 9.999957e-01 9.453090e+00
9.999784e-01 1.448936e-03 -6.409055e-03 3.635477e+01 -1.444743e-03 9.999987e-01 6.587889e-04 -4.886127e-01 6.410001e-03 -6.495159e-04 9.999792e-01 7.282910e+00
9.999915e-01 -2.730583e-03 3.091317e-03 3.945005e+01 2.733736e-03 9.999957e-01 -1.016066e-03 -3.630060e-01 -3.088529e-03 1.024509e-03 9.999947e-01 3.119992e+00
9.999792e-01 1.482822e-03 -6.278249e-03 4.284986e+01 -1.477124e-03 9.999985e-01 9.121823e-04 -2.420408e-01 6.279592e-03 -9.028903e-04 9.999799e-01 -6.231142e-01
9.999923e-01 -2.485063e-03 3.041403e-03 4.574117e+01 2.487629e-03 9.999966e-01 -8.401219e-04 -1.447473e-01 -3.039305e-03 8.476819e-04 9.999950e-01 -3.619637e+00
9.999747e-01 2.487788e-03 -6.670309e-03 4.661117e+01 -2.481249e-03 9.999964e-01 9.884603e-04 -9.271516e-02 6.672744e-03 -9.718852e-04 9.999773e-01 -4.962137e+00
9.999940e-01 -2.462939e-03 2.417403e-03 4.765097e+01 2.465739e-03 9.999963e-01 -1.155902e-03 -5.769372e-02 -2.414547e-03 1.161857e-03 9.999964e-01 -5.346227e+00
9.999787e-01 2.739329e-03 -5.929419e-03 4.824239e+01 -2.732485e-03 9.999956e-01 1.162187e-03 -2.388365e-02 5.932576e-03 -1.145961e-03 9.999817e-01 -5.428275e+00
9.999954e-01 -2.418663e-03 1.808699e-03 4.793244e+01 2.420600e-03 9.999965e-01 -1.069377e-03 6.853894e-03 -1.806106e-03 1.073751e-03 9.999978e-01 -5.935923e+00
9.999828e-01 2.384297e-03 -5.353355e-03 4.859070e+01 -2.378097e-03 9.999965e-01 1.164311e-03 2.856025e-02 5.356112e-03 -1.151561e-03 9.999850e-01 -6.645221e+00
9.999948e-01 -2.482448e-03 2.053732e-03 4.933094e+01 2.484538e-03 9.999964e-01 -1.015622e-03 2.577568e-02 -2.051203e-03 1.020720e-03 9.999974e-01 -7.038249e+00
9.999817e-01 2.893645e-03 -5.321964e-03 4.913684e+01 -2.887319e-03 9.999951e-01 1.195999e-03 3.002582e-02 5.325398e-03 -1.180612e-03 9.999851e-01 -6.554803e+00
9.999953e-01 -2.522965e-03 1.755108e-03 4.897901e+01 2.525100e-03 9.999961e-01 -1.215215e-03 3.532909e-02 -1.752035e-03 1.219642e-03 9.999977e-01 -5.744238e+00
9.999806e-01 2.651102e-03 -5.643770e-03 4.950073e+01 -2.644654e-03 9.999958e-01 1.149636e-03 4.383811e-02 5.646794e-03 -1.134688e-03 9.999834e-01 -5.446543e+00
9.999948e-01 -2.528282e-03 2.006554e-03 5.014982e+01 2.530611e-03 9.999961e-01 -1.159084e-03 6.471040e-02 -2.003615e-03 1.164156e-03 9.999973e-01 -5.038487e+00
9.999821e-01 2.923185e-03 -5.230029e-03 5.106929e+01 -2.918749e-03 9.999954e-01 8.556420e-04 7.301891e-02 5.232506e-03 -8.403622e-04 9.999860e-01 -3.696234e+00
9.999956e-01 -2.542238e-03 1.544787e-03 5.191825e+01 2.543669e-03 9.999963e-01 -9.247324e-04 1.098017e-01 -1.542431e-03 9.286584e-04 9.999984e-01 -3.180058e+00
9.999860e-01 2.721507e-03 -4.546591e-03 5.294457e+01 -2.718174e-03 9.999960e-01 7.391258e-04 1.232973e-01 4.548584e-03 -7.267576e-04 9.999894e-01 -2.349045e+00
9.999962e-01 -2.423060e-03 1.335977e-03 5.424312e+01 2.424031e-03 9.999968e-01 -7.255279e-04 1.483022e-01 -1.334215e-03 7.287642e-04 9.999988e-01 -2.306191e+00
9.999865e-01 2.828986e-03 -4.360791e-03 5.465907e+01 -2.825848e-03 9.999957e-01 7.256720e-04 1.387013e-01 4.362825e-03 -7.133399e-04 9.999902e-01 -1.361749e+00
9.999957e-01 -2.542751e-03 1.442966e-03 5.495126e+01 2.543875e-03 9.999965e-01 -7.775541e-04 1.103443e-01 -1.440984e-03 7.812222e-04 9.999987e-01 -3.582599e-01
9.999863e-01 2.920145e-03 -4.346315e-03 5.508323e+01 -2.916528e-03 9.999954e-01 8.383933e-04 8.691469e-02 4.348743e-03 -8.257063e-04 9.999902e-01 6.727059e-01
9.999958e-01 -2.635232e-03 1.178262e-03 5.530683e+01 2.636326e-03 9.999961e-01 -9.283423e-04 6.499126e-02 -1.175810e-03 9.314454e-04 9.999989e-01 1.802185e+00
9.999859e-01 3.033904e-03 -4.359243e-03 5.566690e+01 -3.029550e-03 9.999949e-01 1.004900e-03 4.977482e-02 4.362270e-03 -9.916800e-04 9.999900e-01 2.716880e+00
9.999955e-01 -2.764406e-03 1.132480e-03 5.562059e+01 2.765445e-03 9.999958e-01 -9.165282e-04 3.955167e-02 -1.129941e-03 9.196566e-04 9.999989e-01 3.465404e+00
9.999850e-01 2.745349e-03 -4.747761e-03 5.614514e+01 -2.740858e-03 9.999958e-01 9.522575e-04 3.302232e-02 4.750355e-03 -9.392309e-04 9.999883e-01 3.427716e+00
9.999956e-01 -2.755996e-03 1.090791e-03 5.642464e+01 2.756878e-03 9.999959e-01 -8.081066e-04 4.033811e-02 -1.088559e-03 8.111108e-04 9.999991e-01 2.996485e+00
9.999861e-01 2.653537e-03 -4.556110e-03 5.664732e+01 -2.649525e-03 9.999961e-01 8.864784e-04 4.906006e-02 4.558444e-03 -8.743952e-04 9.999892e-01 2.113975e+00
9.999953e-01 -2.863037e-03 1.122616e-03 5.681807e+01 2.864020e-03 9.999955e-01 -8.740806e-04 7.182127e-02 -1.120108e-03 8.772923e-04 9.999990e-01 5.682188e-01
9.999875e-01 2.777945e-03 -4.161253e-03 5.673590e+01 -2.774098e-03 9.999957e-01 9.301993e-04 9.665092e-02 4.163819e-03 -9.186446e-04 9.999909e-01 -1.332020e+00
9.999959e-01 -2.742705e-03 8.435099e-04 5.643968e+01 2.743377e-03 9.999959e-01 -7.962657e-04 1.092473e-01 -8.413223e-04 7.985771e-04 9.999993e-01 -2.452812e+00
9.999875e-01 2.766665e-03 -4.153715e-03 5.607769e+01 -2.763144e-03 9.999958e-01 8.531967e-04 1.384343e-01 4.156058e-03 -8.417094e-04 9.999910e-01 -4.360408e+00
9.999953e-01 -2.979835e-03 7.493297e-04 5.595683e+01 2.980636e-03 9.999950e-01 -1.069261e-03 1.886592e-01 -7.461395e-04 1.071490e-03 9.999991e-01 -7.336326e+00
9.999885e-01 2.903478e-03 -3.820535e-03 5.596191e+01 -2.899050e-03 9.999951e-01 1.164274e-03 2.247714e-01 3.823896e-03 -1.153186e-03 9.999920e-01 -9.423220e+00
9.999949e-01 -3.174304e-03 1.951196e-04 5.606075e+01 3.174546e-03 9.999942e-01 -1.251792e-03 2.615440e-01 -1.911446e-04 1.252406e-03 9.999992e-01 -1.156588e+01
9.999902e-01 2.936177e-03 -3.304407e-03 5.621431e+01 -2.932457e-03 9.999951e-01 1.130108e-03 3.086231e-01 3.307709e-03 -1.120407e-03 9.999939e-01 -1.431334e+01
9.999962e-01 -2.692346e-03 -6.152557e-04 5.684719e+01 2.691610e-03 9.999957e-01 -1.194144e-03 3.284743e-01 6.184683e-04 1.192484e-03 9.999991e-01 -1.399383e+01
9.999913e-01 2.926198e-03 -2.988851e-03 5.733206e+01 -2.922482e-03 9.999950e-01 1.246891e-03 3.289073e-01 2.992484e-03 -1.238146e-03 9.999948e-01 -1.344407e+01
9.999948e-01 -3.111780e-03 -8.777131e-04 5.744344e+01 3.110665e-03 9.999944e-01 -1.268768e-03 3.480926e-01 8.816566e-04 1.266032e-03 9.999988e-01 -1.468452e+01
9.999939e-01 2.925043e-03 -1.914114e-03 5.737475e+01 -2.922601e-03 9.999949e-01 1.277464e-03 3.889029e-01 1.917840e-03 -1.271863e-03 9.999974e-01 -1.723979e+01
9.999945e-01 -2.981041e-03 -1.431388e-03 5.747917e+01 2.979450e-03 9.999949e-01 -1.112326e-03 3.923589e-01 1.434697e-03 1.108055e-03 9.999984e-01 -1.782029e+01
9.999933e-01 3.091013e-03 -1.938655e-03 5.755538e+01 -3.088436e-03 9.999943e-01 1.331384e-03 3.857680e-01 1.942759e-03 -1.325389e-03 9.999972e-01 -1.758112e+01
9.999949e-01 -2.906100e-03 -1.342859e-03 5.731025e+01 2.904621e-03 9.999952e-01 -1.102020e-03 3.844505e-01 1.346055e-03 1.098114e-03 9.999985e-01 -1.757020e+01
9.999935e-01 3.038980e-03 -1.915436e-03 5.714839e+01 -3.036428e-03 9.999945e-01 1.334360e-03 3.816871e-01 1.919480e-03 -1.328536e-03 9.999973e-01 -1.766759e+01
9.999949e-01 -2.905436e-03 -1.350916e-03 5.704151e+01 2.903965e-03 9.999952e-01 -1.089494e-03 3.808771e-01 1.354075e-03 1.085566e-03 9.999985e-01 -1.779322e+01
9.999939e-01 2.941632e-03 -1.900509e-03 5.729467e+01 -2.939208e-03 9.999949e-01 1.277378e-03 3.738925e-01 1.904256e-03 -1.271784e-03 9.999974e-01 -1.768570e+01
