9.999949e-01 1.401054e-04 -3.184337e-03 1.545855e+00 -1.416297e-04 9.999999e-01 -4.784755e-04 4.712271e-02 3.184269e-03 4.789234e-04 9.999948e-01 9.821972e-01
9.999993e-01 -2.102162e-04 1.200967e-03 4.705906e+00 2.098357e-04 9.999999e-01 3.169851e-04 9.403781e-02 -1.201033e-03 -3.167322e-04 9.999992e-01 1.210382e+00
9.999932e-01 6.157078e-04 -3.629621e-03 6.799202e+00 -6.170275e-04 9.999997e-01 -3.624890e-04 1.040721e-01 3.629396e-03 3.647254e-04 9.999933e-01 2.197389e+00
9.999999e-01 -9.051105e-05 3.741641e-04 7.137870e+00 9.042408e-05 1.000000e+00 2.325274e-04 1.045616e-01 -3.741848e-04 -2.324929e-04 9.999999e-01 3.442128e+00
9.999934e-01 5.887526e-04 -3.578621e-03 7.274241e+00 -5.898315e-04 9.999998e-01 -3.004357e-04 9.863817e-02 3.578443e-03 3.025438e-04 9.999936e-01 4.488105e+00
9.999999e-01 -2.748041e-04 2.809873e-04 7.782481e+00 2.747429e-04 9.999999e-01 2.181383e-04 8.539377e-02 -2.810469e-04 -2.180604e-04 9.999999e-01 5.452895e+00
9.999934e-01 6.047235e-04 -3.579868e-03 8.214577e+00 -6.057406e-04 9.999998e-01 -2.830246e-04 7.547601e-02 3.579696e-03 2.851904e-04 9.999936e-01 6.293866e+00
9.999998e-01 2.471651e-05 6.136230e-04 8.614521e+00 -2.481029e-05 1.000000e+00 1.528724e-04 6.161229e-02 -6.136189e-04 -1.528869e-04 9.999998e-01 7.761912e+00
9.999931e-01 9.678562e-04 -3.591155e-03 8.639341e+00 -9.697795e-04 9.999994e-01 -5.338379e-04 6.004899e-02 3.590636e-03 5.373161e-04 9.999934e-01 9.832416e+00
9.999999e-01 3.272798e-04 3.488076e-04 8.302089e+00 -3.273398e-04 9.999999e-01 1.722219e-04 8.562461e-02 -3.487509e-04 -1.723353e-04 9.999999e-01 1.224439e+01
9.999928e-01 1.256085e-03 -3.581403e-03 8.010172e+00 -1.258915e-03 9.999989e-01 -7.881729e-04 1.146073e-01 3.580409e-03 7.926752e-04 9.999933e-01 1.513547e+01
9.999999e-01 -1.918511e-04 3.376513e-04 8.272975e+00 1.917215e-04 9.999999e-01 3.840256e-04 1.245776e-01 -3.377246e-04 -3.839602e-04 9.999999e-01 1.693356e+01
9.999955e-01 3.053278e-04 -2.980468e-03 9.888780e+00 -3.073270e-04 9.999997e-01 -6.703085e-04 1.425269e-01 2.980263e-03 6.712208e-04 9.999953e-01 1.784343e+01
9.999999e-01 8.073827e-05 4.340825e-04 1.174863e+01 -8.101434e-05 9.999998e-01 6.360943e-04 1.598597e-01 -4.340307e-04 -6.361287e-04 9.999997e-01 1.837923e+01
9.999933e-01 8.280645e-04 -3.566219e-03 1.206350e+01 -8.312599e-04 9.999993e-01 -8.946096e-04 1.676773e-01 3.565475e-03 8.975673e-04 9.999932e-01 2.023116e+01
9.999996e-01 3.564312e-04 7.610133e-04 1.250643e+01 -3.567749e-04 9.999998e-01 4.515727e-04 1.751419e-01 -7.608518e-04 -4.518434e-04 9.999996e-01 2.247242e+01
9.999928e-01 8.055302e-04 -3.698714e-03 1.269504e+01 -8.087891e-04 9.999993e-01 -8.796808e-04 1.869068e-01 3.698002e-03 8.826653e-04 9.999928e-01 2.457611e+01
1.000000e+00 -1.531638e-04 1.980660e-04 1.275732e+01 1.530368e-04 9.999998e-01 6.412792e-04 1.932301e-01 -1.981638e-04 -6.412482e-04 9.999998e-01 2.582336e+01
9.999935e-01 8.438968e-04 -3.498329e-03 1.305553e+01 -8.467812e-04 9.999993e-01 -8.230975e-04 1.945589e-01 3.497632e-03 8.260538e-04 9.999935e-01 2.733594e+01
9.999998e-01 -3.248368e-04 6.157204e-04 1.405022e+01 3.244602e-04 9.999998e-01 6.117042e-04 1.769638e-01 -6.159186e-04 -6.115036e-04 9.999996e-01 2.873634e+01
9.999920e-01 1.395200e-03 -3.755862e-03 1.409769e+01 -1.398907e-03 9.999985e-01 -9.845463e-04 1.841713e-01 3.754482e-03 9.897917e-04 9.999925e-01 3.097069e+01
9.999997e-01 -1.700793e-04 7.653838e-04 1.446474e+01 1.696923e-04 9.999999e-01 5.056707e-04 1.925501e-01 -7.654694e-04 -5.055399e-04 9.999996e-01 3.381170e+01
9.999934e-01 1.304182e-03 -3.400649e-03 1.573362e+01 -1.307677e-03 9.999986e-01 -1.025524e-03 2.079221e-01 3.399307e-03 1.029963e-03 9.999937e-01 3.657816e+01
9.999996e-01 -7.252926e-05 8.923591e-04 1.682725e+01 7.189936e-05 9.999997e-01 7.059531e-04 2.316258e-01 -8.924097e-04 -7.058880e-04 9.999994e-01 3.897210e+01
9.999942e-01 1.285133e-03 -3.151908e-03 1.766955e+01 -1.289385e-03 9.999983e-01 -1.347418e-03 1.899678e-01 3.150171e-03 1.351474e-03 9.999941e-01 4.226218e+01
9.999997e-01 -1.723531e-04 7.469495e-04 1.906061e+01 1.718781e-04 9.999998e-01 6.359745e-04 1.618947e-01 -7.470586e-04 -6.358452e-04 9.999995e-01 4.533126e+01
9.999942e-01 1.195353e-03 -3.180565e-03 2.048917e+01 -1.199364e-03 9.999985e-01 -1.259559e-03 1.346322e-01 3.179054e-03 1.263365e-03 9.999941e-01 4.801725e+01
9.999996e-01 -5.378628e-04 7.350508e-04 2.196505e+01 5.373216e-04 9.999996e-01 7.363251e-04 8.452249e-02 -7.354462e-04 -7.359291e-04 9.999995e-01 5.029992e+01
9.999945e-01 1.172493e-03 -3.100672e-03 2.323728e+01 -1.176034e-03 9.999987e-01 -1.140324e-03 7.223328e-02 3.099330e-03 1.143964e-03 9.999945e-01 5.250299e+01
9.999999e-01 -3.668814e-05 3.696020e-04 2.378228e+01 3.640996e-05 9.999997e-01 7.527923e-04 7.769132e-02 -3.696292e-04 -7.527781e-04 9.999996e-01 5.478861e+01
9.999940e-01 9.970118e-04 -3.306050e-03 2.408381e+01 -1.000997e-03 9.999988e-01 -1.204110e-03 6.881714e-02 3.304845e-03 1.207411e-03 9.999938e-01 5.706381e+01
9.999999e-01 -1.182010e-04 3.824931e-04 2.432201e+01 1.178608e-04 9.999996e-01 8.894614e-04 6.176489e-02 -3.825978e-04 -8.894155e-04 9.999995e-01 5.910284e+01
9.999948e-01 8.820203e-04 -3.089185e-03 2.471675e+01 -8.855552e-04 9.999990e-01 -1.143094e-03 4.160957e-02 3.088174e-03 1.145823e-03 9.999946e-01 6.097333e+01
1.000000e+00 1.050497e-04 1.085579e-04 2.467975e+01 -1.051506e-04 9.999996e-01 9.306082e-04 5.492306e-02 -1.084597e-04 -9.306189e-04 9.999996e-01 6.275476e+01
9.999943e-01 7.734372e-04 -3.278589e-03 2.459886e+01 -7.772690e-04 9.999990e-01 -1.167606e-03 6.789422e-02 3.277683e-03 1.170147e-03 9.999939e-01 6.407142e+01
9.999999e-01 -3.291795e-04 -8.588192e-05 2.451848e+01 3.292821e-04 9.999992e-01 1.196674e-03 7.150903e-02 8.548827e-05 -1.196701e-03 9.999993e-01 6.478667e+01
9.999948e-01 8.331840e-04 -3.099594e-03 2.459109e+01 -8.371360e-04 9.999988e-01 -1.273907e-03 6.824559e-02 3.098528e-03 1.276495e-03 9.999944e-01 6.598128e+01
1.000000e+00 -1.425278e-04 8.516753e-06 2.481765e+01 1.425181e-04 9.999994e-01 1.129776e-03 6.866009e-02 -8.677444e-06 -1.129774e-03 9.999994e-01 6.715404e+01
9.999938e-01 7.607127e-04 -3.437409e-03 2.472419e+01 -7.647135e-04 9.999990e-01 -1.162740e-03 8.175173e-02 3.436521e-03 1.165361e-03 9.999934e-01 6.796208e+01
9.999998e-01 -5.060479e-04 2.241092e-04 2.474972e+01 5.057556e-04 9.999990e-01 1.302605e-03 8.069098e-02 -2.247679e-04 -1.302491e-03 9.999991e-01 6.812739e+01
9.999936e-01 7.846628e-04 -3.482165e-03 2.456502e+01 -7.886196e-04 9.999990e-01 -1.135073e-03 8.117064e-02 3.481271e-03 1.137811e-03 9.999933e-01 6.837584e+01
9.999998e-01 -5.167777e-04 2.776057e-04 2.439554e+01 5.164193e-04 9.999990e-01 1.289793e-03 8.215225e-02 -2.782717e-04 -1.289649e-03 9.999991e-01 6.859086e+01
9.999939e-01 6.094724e-04 -3.430286e-03 2.481290e+01 -6.134433e-04 9.999991e-01 -1.156651e-03 6.226321e-02 3.429578e-03 1.158747e-03 9.999934e-01 6.899387e+01
9.999998e-01 -6.133517e-04 2.598912e-04 2.526078e+01 6.129986e-04 9.999989e-01 1.356599e-03 4.745761e-02 -2.607227e-04 -1.356439e-03 9.999990e-01 6.917245e+01
9.999935e-01 6.970736e-04 -3.534362e-03 2.534532e+01 -7.010907e-04 9.999991e-01 -1.135471e-03 4.649488e-02 3.533567e-03 1.137941e-03 9.999931e-01 6.913603e+01
9.999997e-01 -7.292753e-04 3.972982e-04 2.583039e+01 7.287404e-04 9.999988e-01 1.345191e-03 3.399799e-02 -3.982784e-04 -1.344900e-03 9.999990e-01 6.914888e+01
9.999930e-01 1.072493e-03 -3.595638e-03 2.605701e+01 -1.077099e-03 9.999986e-01 -1.279408e-03 2.733336e-02 3.594260e-03 1.283271e-03 9.999927e-01 6.998647e+01
9.999998e-01 -6.115852e-04 2.635178e-04 2.611989e+01 6.112318e-04 9.999989e-01 1.339469e-03 2.577351e-02 -2.643364e-04 -1.339307e-03 9.999991e-01 7.078760e+01
9.999938e-01 7.480512e-04 -3.453151e-03 2.612789e+01 -7.519665e-04 9.999991e-01 -1.132665e-03 1.211438e-02 3.452301e-03 1.135254e-03 9.999934e-01 7.120545e+01
9.999999e-01 -5.004325e-04 1.797762e-04 2.593721e+01 5.001903e-04 9.999990e-01 1.345148e-03 1.024444e-02 -1.804488e-04 -1.345057e-03 9.999991e-01 7.159806e+01
9.999946e-01 4.390657e-04 -3.247004e-03 2.639227e+01 -4.425930e-04 9.999993e-01 -1.085667e-03 -3.402609e-03 3.246525e-03 1.087098e-03 9.999941e-01 7.168355e+01
9.999999e-01 -3.216064e-04 7.314862e-05 2.645445e+01 3.215084e-04 9.999991e-01 1.336205e-03 -1.502907e-02 -7.357795e-05 -1.336180e-03 9.999991e-01 7.192399e+01
9.999946e-01 5.373278e-04 -3.240443e-03 2.620044e+01 -5.408834e-04 9.999993e-01 -1.096445e-03 -1.458082e-02 3.239852e-03 1.098191e-03 9.999941e-01 7.191278e+01
9.999998e-01 -5.581451e-04 -4.208641e-05 2.633075e+01 5.581999e-04 9.999990e-01 1.309574e-03 -2.236281e-02 4.135576e-05 -1.309597e-03 9.999991e-01 7.166108e+01
9.999954e-01 4.488558e-04 -2.988122e-03 2.694713e+01 -4.521372e-04 9.999993e-01 -1.097554e-03 -3.194836e-02 2.987627e-03 1.098899e-03 9.999949e-01 7.150453e+01
9.999999e-01 -4.484194e-04 -6.814374e-05 2.791264e+01 4.484960e-04 9.999993e-01 1.127708e-03 -5.197526e-02 6.763833e-05 -1.127737e-03 9.999994e-01 7.159102e+01
9.999968e-01 3.988753e-04 -2.484477e-03 2.897030e+01 -4.014276e-04 9.999994e-01 -1.026858e-03 -7.417438e-02 2.484065e-03 1.027851e-03 9.999964e-01 7.178179e+01
9.999999e-01 -3.889923e-04 -3.489213e-04 2.962578e+01 3.893989e-04 9.999992e-01 1.165497e-03 -9.511244e-02 3.484680e-04 -1.165632e-03 9.999993e-01 7.205148e+01
9.999945e-01 5.383572e-04 -3.267426e-03 2.972881e+01 -5.419037e-04 9.999993e-01 -1.084593e-03 -1.001870e-01 3.266839e-03 1.086357e-03 9.999941e-01 7.228639e+01
9.999996e-01 -7.070419e-04 4.589931e-04 3.149423e+01 7.066340e-04 9.999994e-01 8.885496e-04 -1.059685e-01 -4.596207e-04 -8.882242e-04 9.999995e-01 7.238222e+01
9.999924e-01 9.606113e-04 -3.780510e-03 3.176753e+01 -9.638260e-04 9.999992e-01 -8.485916e-04 -1.181357e-01 3.779692e-03 8.522282e-04 9.999925e-01 7.305403e+01
9.999996e-01 -7.973785e-04 4.457343e-04 3.182189e+01 7.969367e-04 9.999992e-01 9.907070e-04 -1.225183e-01 -4.465236e-04 -9.903506e-04 9.999994e-01 7.315981e+01
9.999928e-01 7.851263e-04 -3.703233e-03 3.232117e+01 -7.884571e-04 9.999993e-01 -8.980560e-04 -1.397679e-01 3.702525e-03 9.009687e-04 9.999927e-01 7.332984e+01
9.999996e-01 -7.641900e-04 4.244546e-04 3.262193e+01 7.637859e-04 9.999993e-01 9.516334e-04 -1.545411e-01 -4.251812e-04 -9.513082e-04 9.999995e-01 7.355070e+01
9.999959e-01 8.578096e-04 -2.742906e-03 3.384060e+01 -8.603601e-04 9.999992e-01 -9.287794e-04 -1.856220e-01 2.742107e-03 9.311348e-04 9.999958e-01 7.404567e+01
9.999997e-01 -7.363736e-04 -3.802177e-04 3.401329e+01 7.367643e-04 9.999992e-01 1.028331e-03 -2.040981e-01 3.794605e-04 -1.028610e-03 9.999994e-01 7.463611e+01
9.999954e-01 1.001188e-03 -2.848097e-03 3.410747e+01 -1.004053e-03 9.999990e-01 -1.004790e-03 -2.199684e-01 2.847088e-03 1.007645e-03 9.999954e-01 7.541943e+01
9.999997e-01 -6.819091e-04 -3.243009e-04 3.412319e+01 6.822402e-04 9.999992e-01 1.021451e-03 -2.328020e-01 3.236044e-04 -1.021671e-03 9.999994e-01 7.628697e+01
9.999952e-01 1.112804e-03 -2.882371e-03 3.413206e+01 -1.115812e-03 9.999988e-01 -1.042187e-03 -2.446788e-01 2.881208e-03 1.045397e-03 9.999953e-01 7.729257e+01
9.999996e-01 -7.189008e-04 -4.860951e-04 3.404812e+01 7.194393e-04 9.999991e-01 1.108311e-03 -2.466440e-01 4.852983e-04 -1.108659e-03 9.999993e-01 7.807482e+01
9.999957e-01 1.070397e-03 -2.742002e-03 3.406324e+01 -1.073448e-03 9.999988e-01 -1.111410e-03 -2.566543e-01 2.740809e-03 1.114348e-03 9.999956e-01 7.896945e+01
9.999997e-01 -7.354254e-04 -3.896701e-04 3.426808e+01 7.358537e-04 9.999991e-01 1.099946e-03 -2.766961e-01 3.888612e-04 -1.100232e-03 9.999993e-01 7.986311e+01
9.999961e-01 1.006193e-03 -2.610196e-03 3.467918e+01 -1.009171e-03 9.999988e-01 -1.140011e-03 -3.048129e-01 2.609046e-03 1.142640e-03 9.999959e-01 8.077323e+01
9.999997e-01 -6.470886e-04 -5.212092e-04 3.491680e+01 6.476674e-04 9.999992e-01 1.110880e-03 -3.217166e-01 5.204902e-04 -1.111216e-03 9.999992e-01 8.170954e+01
9.999954e-01 1.211626e-03 -2.770014e-03 3.495251e+01 -1.214946e-03 9.999985e-01 -1.196900e-03 -3.273765e-01 2.768559e-03 1.200259e-03 9.999954e-01 8.283966e+01
9.999998e-01 -5.828951e-04 -3.584985e-04 3.505435e+01 5.832774e-04 9.999993e-01 1.066928e-03 -3.350244e-01 3.578766e-04 -1.067136e-03 9.999994e-01 8.420175e+01
9.999960e-01 1.032641e-03 -2.619405e-03 3.562216e+01 -1.035873e-03 9.999987e-01 -1.232909e-03 -3.583716e-01 2.618128e-03 1.235617e-03 9.999958e-01 8.526205e+01
9.999998e-01 -4.445009e-04 -3.914751e-04 3.591521e+01 4.449313e-04 9.999993e-01 1.099729e-03 -3.688796e-01 3.909863e-04 -1.099902e-03 9.999993e-01 8.659717e+01
9.999959e-01 8.721125e-04 -2.709403e-03 3.619741e+01 -8.751898e-04 9.999990e-01 -1.134769e-03 -3.867069e-01 2.708411e-03 1.137135e-03 9.999957e-01 8.754546e+01
9.999996e-01 -8.295911e-04 -2.662462e-04 3.650786e+01 8.299396e-04 9.999988e-01 1.311017e-03 -4.044814e-01 2.651586e-04 -1.311237e-03 9.999991e-01 8.791335e+01
9.999950e-01 1.298074e-03 -2.874078e-03 3.642949e+01 -1.302018e-03 9.999982e-01 -1.370585e-03 -4.046867e-01 2.872293e-03 1.374320e-03 9.999949e-01 8.910590e+01
9.999997e-01 -6.437390e-04 -4.206061e-04 3.650734e+01 6.442640e-04 9.999990e-01 1.248923e-03 -4.064604e-01 4.198020e-04 -1.249193e-03 9.999991e-01 9.039974e+01
9.999963e-01 6.277361e-04 -2.662323e-03 3.737922e+01 -6.311594e-04 9.999990e-01 -1.285127e-03 -4.253894e-01 2.661514e-03 1.286802e-03 9.999956e-01 9.066563e+01
9.999998e-01 -3.448178e-04 -5.798442e-04 3.738672e+01 3.456410e-04 9.999989e-01 1.420025e-03 -4.336299e-01 5.793543e-04 -1.420224e-03 9.999988e-01 9.129537e+01
9.999965e-01 7.754859e-04 -2.515731e-03 3.753037e+01 -7.791867e-04 9.999986e-01 -1.470397e-03 -4.354328e-01 2.514586e-03 1.472351e-03 9.999958e-01 9.263692e+01
1.000000e+00 -9.065223e-05 -2.170360e-04 3.878970e+01 9.088839e-05 9.999994e-01 1.087820e-03 -4.401717e-01 2.169376e-04 -1.087839e-03 9.999994e-01 9.465887e+01
9.999975e-01 1.185617e-03 -1.914650e-03 4.002306e+01 -1.188318e-03 9.999983e-01 -1.410323e-03 -4.542872e-01 1.912974e-03 1.412594e-03 9.999972e-01 9.761114e+01
9.999997e-01 3.812429e-04 -6.709122e-04 4.029074e+01 -3.807712e-04 9.999997e-01 7.028659e-04 -4.548400e-01 6.711803e-04 -7.026095e-04 9.999995e-01 1.011536e+02
9.999978e-01 1.188711e-03 -1.743690e-03 4.041063e+01 -1.190988e-03 9.999984e-01 -1.305470e-03 -4.546514e-01 1.742135e-03 1.307543e-03 9.999976e-01 1.045742e+02
9.999992e-01 2.577156e-06 -1.231769e-03 4.176905e+01 -1.643353e-06 9.999997e-01 7.580001e-04 -4.347716e-01 1.231771e-03 -7.579968e-04 9.999990e-01 1.072459e+02
9.999983e-01 1.353707e-03 -1.277218e-03 4.287757e+01 -1.355236e-03 9.999984e-01 -1.196870e-03 -4.157217e-01 1.275595e-03 1.198598e-03 9.999985e-01 1.096800e+02
9.999985e-01 2.731150e-05 -1.707935e-03 4.369741e+01 -2.639248e-05 9.999999e-01 5.380360e-04 -4.111882e-01 1.707949e-03 -5.379894e-04 9.999984e-01 1.125411e+02
9.999987e-01 1.348734e-03 -8.940720e-04 4.427745e+01 -1.349813e-03 9.999984e-01 -1.207984e-03 -4.321481e-01 8.924410e-04 1.209188e-03 9.999989e-01 1.157208e+02
9.999977e-01 -5.318401e-04 -2.076191e-03 4.464189e+01 5.334066e-04 9.999996e-01 7.539657e-04 -4.564470e-01 2.075789e-03 -7.550707e-04 9.999976e-01 1.177592e+02
9.999991e-01 7.036139e-04 -1.129940e-03 4.544863e+01 -7.044910e-04 9.999995e-01 -7.759406e-04 -4.797310e-01 1.129394e-03 7.767353e-04 9.999991e-01 1.184807e+02
9.999981e-01 -7.389739e-04 -1.826194e-03 4.627395e+01 7.407091e-04 9.999993e-01 9.495879e-04 -4.903504e-01 1.825491e-03 -9.509380e-04 9.999979e-01 1.185681e+02
9.999985e-01 6.689266e-04 -1.576323e-03 4.680754e+01 -6.702272e-04 9.999994e-01 -8.246583e-04 -4.973103e-01 1.575771e-03 8.257129e-04 9.999984e-01 1.184865e+02
9.999990e-01 -6.252480e-04 -1.305966e-03 4.774379e+01 6.263162e-04 9.999995e-01 8.175892e-04 -5.183857e-01 1.305455e-03 -8.184056e-04 9.999988e-01 1.190640e+02
9.999990e-01 6.738751e-04 -1.233172e-03 4.883839e+01 -6.748144e-04 9.999995e-01 -7.613020e-04 -5.426881e-01 1.232658e-03 7.621327e-04 9.999989e-01 1.195562e+02
9.999980e-01 -7.407430e-04 -1.830852e-03 4.999351e+01 7.421907e-04 9.999994e-01 7.901189e-04 -5.566384e-01 1.830266e-03 -7.914755e-04 9.999980e-01 1.195582e+02
9.999990e-01 6.238084e-04 -1.278376e-03 5.110741e+01 -6.246238e-04 9.999996e-01 -6.374475e-04 -5.643896e-01 1.277977e-03 6.382447e-04 9.999990e-01 1.193698e+02
9.999978e-01 -6.996120e-04 -1.988957e-03 5.189293e+01 7.012532e-04 9.999994e-01 8.245194e-04 -5.712964e-01 1.988380e-03 -8.259116e-04 9.999977e-01 1.192105e+02
9.999992e-01 6.184427e-04 -1.132428e-03 5.267402e+01 -6.192663e-04 9.999995e-01 -7.269777e-04 -5.854035e-01 1.131978e-03 7.276776e-04 9.999991e-01 1.192735e+02
9.999983e-01 -6.597691e-04 -1.747960e-03 5.361839e+01 6.612405e-04 9.999994e-01 8.412341e-04 -6.054789e-01 1.747404e-03 -8.423878e-04 9.999981e-01 1.194722e+02
9.999989e-01 6.012430e-04 -1.321360e-03 5.449087e+01 -6.021209e-04 9.999996e-01 -6.639838e-04 -6.204982e-01 1.320960e-03 6.647781e-04 9.999989e-01 1.194692e+02
9.999987e-01 -5.953332e-04 -1.490733e-03 5.495105e+01 5.965758e-04 9.999995e-01 8.332026e-04 -6.453960e-01 1.490236e-03 -8.340901e-04 9.999985e-01 1.198308e+02
9.999983e-01 6.547571e-04 -1.717623e-03 5.540055e+01 -6.558958e-04 9.999996e-01 -6.623951e-04 -6.706232e-01 1.717188e-03 6.635199e-04 9.999983e-01 1.202255e+02
9.999989e-01 -8.055885e-04 -1.265007e-03 5.653270e+01 8.066463e-04 9.999993e-01 8.357770e-04 -6.757811e-01 1.264334e-03 -8.367957e-04 9.999989e-01 1.199137e+02
9.999987e-01 7.427091e-04 -1.417897e-03 5.784263e+01 -7.437515e-04 9.999995e-01 -7.346501e-04 -6.935722e-01 1.417350e-03 7.357031e-04 9.999987e-01 1.198875e+02
9.999990e-01 -7.678939e-04 -1.154901e-03 5.916578e+01 7.688141e-04 9.999994e-01 7.964279e-04 -7.184550e-01 1.154289e-03 -7.973143e-04 9.999990e-01 1.200235e+02
9.999980e-01 6.042638e-04 -1.885023e-03 5.995294e+01 -6.054026e-04 9.999996e-01 -6.035144e-04 -7.229234e-01 1.884658e-03 6.046537e-04 9.999980e-01 1.197062e+02
9.999993e-01 -7.305345e-04 -9.250774e-04 6.098738e+01 7.312767e-04 9.999994e-01 8.020637e-04 -7.322656e-01 9.244913e-04 -8.027389e-04 9.999993e-01 1.194832e+02
9.999977e-01 5.822917e-04 -2.070691e-03 6.189254e+01 -5.835582e-04 9.999996e-01 -6.109897e-04 -7.373901e-01 2.070334e-03 6.121959e-04 9.999977e-01 1.191866e+02
9.999995e-01 -6.516248e-04 -7.608014e-04 6.293511e+01 6.521834e-04 9.999995e-01 7.340156e-04 -7.528475e-01 7.603230e-04 -7.345107e-04 9.999994e-01 1.191205e+02
9.999982e-01 5.495897e-04 -1.831259e-03 6.425596e+01 -5.506577e-04 9.999997e-01 -5.826630e-04 -7.666721e-01 1.830938e-03 5.836696e-04 9.999982e-01 1.189503e+02
9.999993e-01 -6.977985e-04 -9.856788e-04 6.535852e+01 6.985156e-04 9.999995e-01 7.271763e-04 -7.748682e-01 9.851712e-04 -7.278635e-04 9.999992e-01 1.186501e+02
9.999974e-01 4.770326e-04 -2.245394e-03 6.584416e+01 -4.783426e-04 9.999997e-01 -5.828629e-04 -7.644418e-01 2.245115e-03 5.839347e-04 9.999973e-01 1.177490e+02
9.999995e-01 -6.382413e-04 -7.635401e-04 6.610938e+01 6.387427e-04 9.999996e-01 6.563684e-04 -7.563931e-01 7.631211e-04 -6.568551e-04 9.999995e-01 1.168105e+02
9.999974e-01 4.619814e-04 -2.238029e-03 6.716416e+01 -4.631011e-04 9.999998e-01 -4.997430e-04 -7.590937e-01 2.237797e-03 5.007774e-04 9.999974e-01 1.164296e+02
9.999992e-01 -7.105341e-04 -1.042153e-03 6.782040e+01 7.111322e-04 9.999996e-01 5.735398e-04 -7.478657e-01 1.041745e-03 -5.742797e-04 9.999993e-01 1.156259e+02
9.999972e-01 4.179930e-04 -2.309024e-03 6.903495e+01 -4.192395e-04 9.999998e-01 -5.393340e-04 -7.380431e-01 2.308797e-03 5.402998e-04 9.999972e-01 1.149581e+02
9.999997e-01 -5.893884e-04 -4.078641e-04 7.066602e+01 5.896287e-04 9.999997e-01 5.889666e-04 -7.405991e-01 4.075171e-04 -5.892063e-04 9.999997e-01 1.145339e+02
9.999965e-01 2.443063e-04 -2.638180e-03 7.176158e+01 -2.455092e-04 9.999999e-01 -4.555956e-04 -7.293088e-01 2.638068e-03 4.562410e-04 9.999964e-01 1.137928e+02
9.999998e-01 -4.068256e-04 -3.738031e-04 7.252878e+01 4.070222e-04 9.999998e-01 5.255505e-04 -7.328326e-01 3.735895e-04 -5.257019e-04 9.999998e-01 1.134020e+02
9.999975e-01 2.479540e-04 -2.234579e-03 7.334476e+01 -2.487193e-04 9.999999e-01 -3.421388e-04 -7.413026e-01 2.234494e-03 3.426930e-04 9.999974e-01 1.130879e+02
9.999994e-01 -4.202604e-04 -9.841591e-04 7.380970e+01 4.206720e-04 9.999998e-01 4.178677e-04 -7.331232e-01 9.839836e-04 -4.182808e-04 9.999994e-01 1.122623e+02
9.999974e-01 1.969011e-04 -2.292573e-03 7.469037e+01 -1.977278e-04 9.999999e-01 -3.603026e-04 -7.269679e-01 2.292502e-03 3.607543e-04 9.999973e-01 1.116304e+02
9.999998e-01 -3.554615e-04 -4.630600e-04 7.620446e+01 3.556472e-04 9.999999e-01 4.006705e-04 -7.337918e-01 4.629178e-04 -4.008345e-04 9.999998e-01 1.112785e+02
9.999974e-01 1.839976e-04 -2.257853e-03 7.810437e+01 -1.851002e-04 9.999999e-01 -4.880457e-04 -7.391310e-01 2.257763e-03 4.884617e-04 9.999973e-01 1.108669e+02
1.000000e+00 -2.960508e-04 -4.889523e-05 7.998781e+01 2.960758e-04 9.999998e-01 5.092929e-04 -7.518016e-01 4.874474e-05 -5.093066e-04 9.999999e-01 1.106297e+02
9.999966e-01 3.225475e-06 -2.625690e-03 8.116278e+01 -4.217466e-06 9.999999e-01 -3.777339e-04 -7.471542e-01 2.625689e-03 3.777429e-04 9.999965e-01 1.100098e+02
9.999998e-01 -2.546978e-04 -5.677360e-04 8.178392e+01 2.549664e-04 9.999999e-01 4.727635e-04 -7.380546e-01 5.676158e-04 -4.729074e-04 9.999997e-01 1.092462e+02
9.999960e-01 -3.452491e-06 -2.845881e-03 8.275904e+01 2.273608e-06 9.999999e-01 -4.141863e-04 -7.297155e-01 2.845882e-03 4.141775e-04 9.999959e-01 1.086447e+02
9.999999e-01 -2.930542e-04 -2.985939e-04 8.424580e+01 2.932022e-04 9.999998e-01 4.951716e-04 -7.198670e-01 2.984490e-04 -4.952584e-04 9.999998e-01 1.079906e+02
9.999971e-01 1.385163e-04 -2.405457e-03 8.589272e+01 -1.396835e-04 9.999999e-01 -4.850016e-04 -7.264910e-01 2.405389e-03 4.853355e-04 9.999970e-01 1.076332e+02
9.999999e-01 -3.009852e-04 2.395720e-04 8.831024e+01 3.008996e-04 9.999999e-01 3.579824e-04 -7.394215e-01 -2.396794e-04 -3.579096e-04 9.999999e-01 1.073825e+02
9.999961e-01 1.058036e-04 -2.785754e-03 8.948924e+01 -1.063436e-04 1.000000e+00 -1.936454e-04 -7.446849e-01 2.785733e-03 1.939401e-04 9.999961e-01 1.070074e+02
9.999999e-01 -3.017321e-04 -2.203927e-04 9.017211e+01 3.018017e-04 9.999999e-01 3.148515e-04 -7.428539e-01 2.202979e-04 -3.149173e-04 9.999999e-01 1.064541e+02
9.999956e-01 5.991292e-05 -2.971506e-03 9.065895e+01 -6.087608e-05 9.999999e-01 -3.239851e-04 -7.285507e-01 2.971486e-03 3.241639e-04 9.999955e-01 1.054028e+02
9.999998e-01 -4.602003e-04 -2.992893e-04 9.257294e+01 4.602704e-04 9.999999e-01 2.334678e-04 -7.078207e-01 2.991822e-04 -2.336048e-04 9.999999e-01 1.044422e+02
9.999964e-01 1.153369e-04 -2.672878e-03 9.386414e+01 -1.154368e-04 1.000000e+00 -3.713771e-05 -6.924301e-01 2.672873e-03 3.744543e-05 9.999964e-01 1.036118e+02
9.999997e-01 -3.021192e-04 -6.563068e-04 9.435664e+01 3.022288e-04 9.999999e-01 1.665504e-04 -6.922063e-01 6.562567e-04 -1.667481e-04 9.999998e-01 1.031432e+02
9.999965e-01 5.212359e-04 -2.597602e-03 9.477571e+01 -5.214126e-04 9.999999e-01 -6.726852e-05 -7.116411e-01 2.597566e-03 6.862201e-05 9.999966e-01 1.038506e+02
9.999996e-01 -6.454413e-04 -5.930905e-04 9.635769e+01 6.454975e-04 9.999998e-01 9.417237e-05 -7.220185e-01 5.930299e-04 -9.455448e-05 9.999998e-01 1.037289e+02
9.999958e-01 3.823482e-04 -2.889251e-03 9.713955e+01 -3.821033e-04 9.999999e-01 8.536209e-05 -7.153413e-01 2.889283e-03 -8.425843e-05 9.999958e-01 1.031394e+02
9.999998e-01 -6.476424e-04 -2.689498e-04 9.808999e+01 6.476528e-04 9.999998e-01 3.807477e-05 -7.129386e-01 2.689254e-04 -3.824825e-05 1.000000e+00 1.026137e+02
9.999963e-01 4.553188e-04 -2.673717e-03 9.917266e+01 -4.552136e-04 9.999999e-01 3.999554e-05 -7.164480e-01 2.673735e-03 -3.877898e-05 9.999964e-01 1.021885e+02
9.999997e-01 -6.866076e-04 -2.854409e-04 1.000617e+02 6.866280e-04 9.999998e-01 7.062669e-05 -7.135329e-01 2.853926e-04 -7.082196e-05 1.000000e+00 1.016079e+02
9.999958e-01 4.945567e-04 -2.852623e-03 1.008822e+02 -4.944612e-04 9.999999e-01 3.426752e-05 -7.125483e-01 2.852640e-03 -3.285757e-05 9.999959e-01 1.010580e+02
9.999997e-01 -7.074233e-04 -2.911659e-04 1.013536e+02 7.074103e-04 9.999997e-01 -4.537331e-05 -6.964411e-01 2.911983e-04 4.516802e-05 1.000000e+00 9.988920e+01
9.999962e-01 5.706281e-04 -2.686068e-03 1.014842e+02 -5.703906e-04 9.999998e-01 8.926140e-05 -6.843611e-01 2.686118e-03 -8.772965e-05 9.999964e-01 9.862351e+01
9.999997e-01 -7.002923e-04 -2.798373e-04 1.015405e+02 7.002719e-04 9.999998e-01 -7.361313e-05 -6.710994e-01 2.798891e-04 7.341784e-05 1.000000e+00 9.725522e+01
9.999964e-01 5.317028e-04 -2.622730e-03 1.016659e+02 -5.315830e-04 9.999999e-01 4.646007e-05 -6.562538e-01 2.622754e-03 -4.506640e-05 9.999966e-01 9.583304e+01
9.999996e-01 -7.840866e-04 -3.584920e-04 1.020322e+02 7.840730e-04 9.999997e-01 -3.862173e-05 -6.407298e-01 3.585224e-04 3.834133e-05 9.999999e-01 9.458855e+01
9.999965e-01 5.977948e-04 -2.567394e-03 1.022445e+02 -5.976823e-04 9.999998e-01 4.463774e-05 -6.261547e-01 2.567420e-03 -4.310379e-05 9.999967e-01 9.324958e+01
9.999997e-01 -7.571870e-04 -2.638737e-04 1.023609e+02 7.571700e-04 9.999997e-01 -6.533176e-05 -6.117183e-01 2.639234e-04 6.513264e-05 1.000000e+00 9.183181e+01
9.999961e-01 5.463405e-04 -2.745741e-03 1.027082e+02 -5.461509e-04 9.999998e-01 6.986862e-05 -5.962545e-01 2.745778e-03 -6.836945e-05 9.999962e-01 9.057664e+01
9.999996e-01 -7.165291e-04 -5.373763e-04 1.031242e+02 7.165534e-04 9.999997e-01 4.465478e-05 -5.898466e-01 5.373445e-04 -4.503913e-05 9.999999e-01 8.980257e+01
9.999967e-01 5.814165e-04 -2.485113e-03 1.032618e+02 -5.813337e-04 9.999998e-01 3.413604e-05 -5.823140e-01 2.485132e-03 -3.269194e-05 9.999969e-01 8.876047e+01
9.999996e-01 -6.575147e-04 -6.333910e-04 1.032798e+02 6.575645e-04 9.999998e-01 7.813050e-05 -5.780936e-01 6.333398e-04 -7.854627e-05 9.999998e-01 8.780993e+01
9.999975e-01 5.038402e-04 -2.167873e-03 1.033195e+02 -5.042105e-04 9.999999e-01 -1.701624e-04 -5.573525e-01 2.167786e-03 1.712544e-04 9.999976e-01 8.599537e+01
9.999995e-01 -7.306688e-04 -6.182288e-04 1.035623e+02 7.307415e-04 9.999997e-01 1.170446e-04 -5.399236e-01 6.181434e-04 -1.174956e-04 9.999998e-01 8.452822e+01
9.999972e-01 5.615209e-04 -2.310081e-03 1.037238e+02 -5.616839e-04 9.999998e-01 -6.981086e-05 -5.295476e-01 2.310041e-03 7.110750e-05 9.999973e-01 8.338469e+01
9.999992e-01 -8.476062e-04 -9.355623e-04 1.042921e+02 8.476216e-04 9.999996e-01 1.585686e-05 -5.141835e-01 9.355488e-04 -1.664916e-05 9.999996e-01 8.229601e+01
9.999977e-01 7.437795e-04 -2.006309e-03 1.044181e+02 -7.435896e-04 9.999997e-01 9.549315e-05 -5.046275e-01 2.006379e-03 -9.400175e-05 9.999980e-01 8.117032e+01
9.999993e-01 -6.317773e-04 -9.758669e-04 1.042099e+02 6.318817e-04 9.999998e-01 1.064020e-04 -4.937715e-01 9.757997e-04 -1.070178e-04 9.999995e-01 8.056812e+01
9.999980e-01 5.581258e-04 -1.924787e-03 1.043120e+02 -5.579955e-04 9.999998e-01 6.829719e-05 -4.879055e-01 1.924825e-03 -6.722372e-05 9.999981e-01 7.981436e+01
9.999992e-01 -6.065611e-04 -1.087472e-03 1.042982e+02 6.066517e-04 9.999998e-01 8.287808e-05 -4.817330e-01 1.087421e-03 -8.353704e-05 9.999994e-01 7.887473e+01
9.999982e-01 5.732849e-04 -1.819804e-03 1.041408e+02 -5.732487e-04 9.999998e-01 2.052551e-05 -4.716355e-01 1.819816e-03 -1.948296e-05 9.999983e-01 7.757941e+01
9.999990e-01 -7.568513e-04 -1.186920e-03 1.044405e+02 7.569400e-04 9.999997e-01 7.414815e-05 -4.645214e-01 1.186863e-03 -7.504581e-05 9.999993e-01 7.670837e+01
9.999982e-01 5.769302e-04 -1.797005e-03 1.047605e+02 -5.767550e-04 9.999998e-01 9.817362e-05 -4.591580e-01 1.797061e-03 -9.713770e-05 9.999984e-01 7.596614e+01
9.999988e-01 -7.251701e-04 -1.353221e-03 1.051588e+02 7.252119e-04 9.999997e-01 3.026532e-05 -4.517633e-01 1.353199e-03 -3.124597e-05 9.999991e-01 7.517908e+01
9.999983e-01 4.986172e-04 -1.788298e-03 1.056425e+02 -4.985819e-04 9.999999e-01 2.027404e-05 -4.387221e-01 1.788307e-03 -1.938308e-05 9.999984e-01 7.415594e+01
9.999989e-01 -7.524209e-04 -1.263494e-03 1.064093e+02 7.525391e-04 9.999997e-01 9.289754e-05 -4.314433e-01 1.263424e-03 -9.384758e-05 9.999992e-01 7.345352e+01
9.999985e-01 6.022554e-04 -1.602647e-03 1.067414e+02 -6.021894e-04 9.999998e-01 4.175498e-05 -4.237827e-01 1.602672e-03 -4.079051e-05 9.999987e-01 7.258490e+01
9.999983e-01 -7.787463e-04 -1.698156e-03 1.075031e+02 7.788193e-04 9.999997e-01 4.217315e-05 -4.183465e-01 1.698123e-03 -4.349494e-05 9.999986e-01 7.194104e+01
9.999993e-01 7.011687e-04 -9.405794e-04 1.087540e+02 -7.011227e-04 9.999998e-01 4.937249e-05 -4.321152e-01 9.406135e-04 -4.871369e-05 9.999996e-01 7.177179e+01
9.999976e-01 -9.084716e-04 -1.999850e-03 1.094322e+02 9.086008e-04 9.999996e-01 6.359536e-05 -4.295729e-01 1.999792e-03 -6.541159e-05 9.999980e-01 7.113905e+01
9.999994e-01 7.532070e-04 -7.324256e-04 1.101326e+02 -7.531335e-04 9.999997e-01 1.009256e-04 -4.384275e-01 7.325011e-04 -1.003746e-04 9.999997e-01 7.089244e+01
9.999972e-01 -8.150804e-04 -2.205600e-03 1.104936e+02 8.151875e-04 9.999997e-01 4.758126e-05 -4.460959e-01 2.205560e-03 -4.937842e-05 9.999976e-01 7.054975e+01
9.999992e-01 8.186836e-04 -9.786793e-04 1.104663e+02 -8.185362e-04 9.999997e-01 1.512009e-04 -4.462396e-01 9.788025e-04 -1.504004e-04 9.999995e-01 7.000471e+01
9.999974e-01 -8.078964e-04 -2.125786e-03 1.103095e+02 8.079171e-04 9.999997e-01 8.786291e-06 -4.404781e-01 2.125779e-03 -1.050304e-05 9.999977e-01 6.901747e+01
9.999992e-01 7.053440e-04 -1.005051e-03 1.105158e+02 -7.051957e-04 9.999997e-01 1.481055e-04 -4.429909e-01 1.005155e-03 -1.473973e-04 9.999995e-01 6.863849e+01
9.999966e-01 -6.313044e-04 -2.534963e-03 1.106709e+02 6.313400e-04 9.999998e-01 1.312642e-05 -4.445097e-01 2.534954e-03 -1.472612e-05 9.999968e-01 6.854252e+01
9.999997e-01 4.486912e-04 -6.788436e-04 1.114065e+02 -4.485637e-04 9.999999e-01 1.883625e-04 -4.452267e-01 6.789278e-04 -1.880586e-04 9.999998e-01 6.817839e+01
9.999994e-01 1.305676e-04 -1.130929e-03 1.122336e+02 -1.311311e-04 9.999999e-01 -4.983886e-04 -5.124718e-01 1.130864e-03 4.985373e-04 9.999992e-01 7.028515e+01
9.999995e-01 9.942757e-04 2.949687e-04 1.131563e+02 -9.942911e-04 9.999995e-01 5.143490e-05 -5.910634e-01 -2.949176e-04 -5.172884e-05 1.000000e+00 7.264880e+01
9.999936e-01 -1.125824e-03 -3.403047e-03 1.134783e+02 1.126198e-03 9.999994e-01 1.079229e-04 -5.921078e-01 3.402924e-03 -1.117540e-04 9.999942e-01 7.214247e+01
9.999996e-01 9.248798e-04 8.255893e-05 1.141721e+02 -9.248753e-04 9.999996e-01 -5.724651e-05 -5.872135e-01 -8.261212e-05 5.716945e-05 1.000000e+00 7.152900e+01
9.999934e-01 -1.136222e-03 -3.464489e-03 1.147303e+02 1.136868e-03 9.999993e-01 1.844115e-04 -5.846532e-01 3.464277e-03 -1.883482e-04 9.999940e-01 7.100242e+01
9.999996e-01 8.947377e-04 3.004972e-04 1.153821e+02 -8.947380e-04 9.999996e-01 2.047013e-07 -5.807694e-01 -3.004972e-04 -4.742508e-07 1.000000e+00 7.042303e+01
9.999941e-01 -1.068490e-03 -3.267761e-03 1.155932e+02 1.068641e-03 9.999994e-01 4.413284e-05 -5.705579e-01 3.267712e-03 -4.762395e-05 9.999947e-01 6.934140e+01
9.999996e-01 8.354773e-04 8.915603e-05 1.161624e+02 -8.354811e-04 9.999997e-01 3.940384e-05 -5.593862e-01 -8.912335e-05 -3.947899e-05 1.000000e+00 6.849435e+01
9.999962e-01 -9.141921e-04 -2.609385e-03 1.171379e+02 9.142628e-04 9.999996e-01 2.582286e-05 -5.756918e-01 2.609360e-03 -2.820775e-05 9.999966e-01 6.846314e+01
9.999997e-01 7.957360e-04 -9.317223e-05 1.182280e+02 -7.957231e-04 9.999997e-01 1.407970e-04 -5.851282e-01 9.328397e-05 -1.407235e-04 1.000000e+00 6.821586e+01
9.999969e-01 -7.347200e-04 -2.374677e-03 1.195615e+02 7.344567e-04 9.999997e-01 -1.118514e-04 -6.109083e-01 2.374758e-03 1.101077e-04 9.999972e-01 6.838221e+01
9.999995e-01 8.205764e-04 4.927047e-04 1.211338e+02 -8.206191e-04 9.999997e-01 8.592855e-05 -6.505419e-01 -4.926343e-04 -8.633351e-05 9.999999e-01 6.882574e+01
9.999961e-01 -5.527766e-04 -2.736006e-03 1.219158e+02 5.526067e-04 9.999998e-01 -6.292880e-05 -7.005366e-01 2.736041e-03 6.141730e-05 9.999963e-01 6.974522e+01
9.999995e-01 9.766610e-04 2.626538e-04 1.224819e+02 -9.766451e-04 9.999995e-01 -6.152295e-05 -7.466142e-01 -2.627140e-04 6.126572e-05 1.000000e+00 7.097596e+01
9.999947e-01 -1.093592e-03 -3.058459e-03 1.230832e+02 1.094317e-03 9.999994e-01 2.351134e-04 -7.551070e-01 3.058201e-03 -2.384584e-04 9.999953e-01 7.076283e+01
9.999995e-01 1.000059e-03 2.074213e-04 1.230266e+02 -1.000025e-03 9.999995e-01 -1.619755e-04 -7.446238e-01 -2.075835e-04 1.617673e-04 1.000000e+00 6.951299e+01
9.999932e-01 -1.225088e-03 -3.464239e-03 1.238881e+02 1.225766e-03 9.999992e-01 1.934434e-04 -7.364040e-01 3.464000e-03 -1.976877e-04 9.999940e-01 6.881439e+01
9.999986e-01 1.182657e-03 1.213848e-03 1.254704e+02 -1.182474e-03 9.999993e-01 -1.514489e-04 -7.561201e-01 -1.214026e-03 1.500127e-04 9.999993e-01 6.877673e+01
9.999913e-01 -1.261768e-03 -3.965326e-03 1.266290e+02 1.262507e-03 9.999992e-01 1.837433e-04 -7.694221e-01 3.965092e-03 -1.887473e-04 9.999921e-01 6.862403e+01
9.999995e-01 9.357069e-04 4.284474e-04 1.273683e+02 -9.356356e-04 9.999995e-01 -1.672558e-04 -7.565521e-01 -4.286040e-04 1.668542e-04 9.999999e-01 6.775922e+01
9.999929e-01 -1.203740e-03 -3.569933e-03 1.281778e+02 1.204843e-03 9.999992e-01 3.067757e-04 -7.473876e-01 3.569561e-03 -3.110741e-04 9.999936e-01 6.701765e+01
9.999993e-01 1.036448e-03 5.035080e-04 1.285110e+02 -1.036321e-03 9.999994e-01 -2.532540e-04 -7.373076e-01 -5.037705e-04 2.527314e-04 9.999998e-01 6.603567e+01
9.999923e-01 -1.271342e-03 -3.699812e-03 1.294500e+02 1.272709e-03 9.999991e-01 3.668831e-04 -7.343021e-01 3.699342e-03 -3.715884e-04 9.999931e-01 6.552652e+01
9.999987e-01 1.221809e-03 1.032651e-03 1.305740e+02 -1.221569e-03 9.999992e-01 -2.336610e-04 -7.502969e-01 -1.032936e-03 2.323985e-04 9.999994e-01 6.542911e+01
9.999936e-01 -1.455217e-03 -3.256777e-03 1.324513e+02 1.455959e-03 9.999989e-01 2.254079e-04 -7.620696e-01 3.256446e-03 -2.301475e-04 9.999947e-01 6.522050e+01
9.999985e-01 1.333561e-03 1.065169e-03 1.339783e+02 -1.333481e-03 9.999991e-01 -7.598649e-05 -7.761414e-01 -1.065269e-03 7.456532e-05 9.999994e-01 6.526948e+01
9.999940e-01 -8.230722e-04 -3.362792e-03 1.342877e+02 8.230646e-04 9.999997e-01 -3.717981e-06 -8.147751e-01 3.362794e-03 9.508403e-07 9.999943e-01 6.678272e+01
9.999972e-01 1.759702e-03 1.598544e-03 1.344308e+02 -1.759188e-03 9.999984e-01 -3.229715e-04 -8.509532e-01 -1.599110e-03 3.201577e-04 9.999987e-01 6.886883e+01
9.999901e-01 -1.032143e-03 -4.328366e-03 1.336062e+02 1.034008e-03 9.999994e-01 4.285562e-04 -8.286368e-01 4.327921e-03 -4.330268e-04 9.999905e-01 6.889044e+01
9.999986e-01 1.134812e-03 1.262500e-03 1.336537e+02 -1.134421e-03 9.999993e-01 -3.106803e-04 -8.156505e-01 -1.262852e-03 3.092470e-04 9.999992e-01 6.805067e+01
9.999925e-01 -1.094415e-03 -3.705549e-03 1.350319e+02 1.095698e-03 9.999993e-01 3.442704e-04 -8.427789e-01 3.705170e-03 -3.483274e-04 9.999931e-01 6.824989e+01
9.999969e-01 1.280645e-03 2.135682e-03 1.374828e+02 -1.279331e-03 9.999990e-01 -6.165649e-04 -8.972885e-01 -2.136469e-03 6.138301e-04 9.999975e-01 6.894215e+01
9.999929e-01 -1.174186e-03 -3.568797e-03 1.397618e+02 1.175923e-03 9.999992e-01 4.845274e-04 -9.359536e-01 3.568225e-03 -4.887199e-04 9.999935e-01 6.929299e+01
9.999966e-01 1.743120e-03 1.920652e-03 1.407208e+02 -1.741617e-03 9.999982e-01 -7.840728e-04 -1.012105e+00 -1.922016e-03 7.807245e-04 9.999978e-01 7.122083e+01
9.999939e-01 -9.100165e-04 -3.361153e-03 1.420546e+02 9.111682e-04 9.999995e-01 3.410596e-04 -1.094504e+00 3.360842e-03 -3.441194e-04 9.999943e-01 7.313058e+01
9.999989e-01 8.411732e-04 1.203013e-03 1.437781e+02 -8.407985e-04 9.999996e-01 -3.121477e-04 -1.113901e+00 -1.203276e-03 3.111352e-04 9.999992e-01 7.306647e+01
9.999922e-01 -1.000881e-03 -3.824354e-03 1.451332e+02 1.002485e-03 9.999994e-01 4.173566e-04 -1.118677e+00 3.823934e-03 -4.211865e-04 9.999926e-01 7.267831e+01
9.999993e-01 8.153977e-04 8.426587e-04 1.461392e+02 -8.151896e-04 9.999996e-01 -2.476060e-04 -1.122027e+00 -8.428606e-04 2.469183e-04 9.999996e-01 7.234633e+01
9.999933e-01 -9.613274e-04 -3.543325e-03 1.474736e+02 9.625968e-04 9.999995e-01 3.565067e-04 -1.133984e+00 3.542981e-03 -3.599145e-04 9.999937e-01 7.221190e+01
9.999993e-01 9.477835e-04 7.618874e-04 1.487978e+02 -9.474980e-04 9.999995e-01 -3.752450e-04 -1.153026e+00 -7.622429e-04 3.745221e-04 9.999996e-01 7.226141e+01
9.999958e-01 -8.761357e-04 -2.777916e-03 1.503014e+02 8.770766e-04 9.999996e-01 3.374075e-04 -1.188193e+00 2.777620e-03 -3.398419e-04 9.999961e-01 7.264093e+01
9.999997e-01 7.960500e-04 1.882165e-04 1.511023e+02 -7.960132e-04 9.999997e-01 -1.968208e-04 -1.202132e+00 -1.883734e-04 1.966702e-04 1.000000e+00 7.256008e+01
9.999945e-01 -8.194795e-04 -3.223147e-03 1.520444e+02 8.200522e-04 9.999996e-01 1.763012e-04 -1.217327e+00 3.223001e-03 -1.789427e-04 9.999948e-01 7.250033e+01
9.999990e-01 8.797784e-04 1.077315e-03 1.533943e+02 -8.796024e-04 9.999996e-01 -1.640586e-04 -1.250472e+00 -1.077459e-03 1.631101e-04 9.999994e-01 7.285925e+01
9.999929e-01 -8.837252e-04 -3.666753e-03 1.547084e+02 8.844773e-04 9.999996e-01 2.034139e-04 -1.272964e+00 3.666572e-03 -2.066549e-04 9.999933e-01 7.297010e+01
9.999983e-01 9.893741e-04 1.587251e-03 1.562680e+02 -9.889716e-04 9.999995e-01 -2.545083e-04 -1.312512e+00 -1.587502e-03 2.529375e-04 9.999987e-01 7.347159e+01
9.999952e-01 -5.885838e-04 -3.056151e-03 1.582089e+02 5.880612e-04 9.999998e-01 -1.719664e-04 -1.381086e+00 3.056252e-03 1.701690e-04 9.999953e-01 7.482715e+01
9.999997e-01 5.342665e-04 6.282269e-04 1.609003e+02 -5.341720e-04 9.999998e-01 -1.509716e-04 -1.401340e+00 -6.283077e-04 1.506353e-04 9.999998e-01 7.497718e+01
9.999976e-01 -3.566351e-04 -2.180264e-03 1.635109e+02 3.561186e-04 9.999999e-01 -2.374148e-04 -1.450339e+00 2.180349e-03 2.366385e-04 9.999976e-01 7.589247e+01
9.999995e-01 8.887242e-04 5.014575e-04 1.652304e+02 -8.885347e-04 9.999995e-01 -3.786037e-04 -1.528632e+00 -5.017940e-04 3.781573e-04 9.999998e-01 7.796844e+01
9.999966e-01 -4.935508e-04 -2.574862e-03 1.667421e+02 4.936534e-04 9.999999e-01 3.911454e-05 -1.592341e+00 2.574843e-03 -4.038483e-05 9.999967e-01 7.953355e+01
9.999998e-01 3.682821e-04 -4.372052e-04 1.696460e+02 -3.684872e-04 9.999998e-01 -4.685689e-04 -1.601801e+00 4.370323e-04 4.687292e-04 9.999998e-01 7.922292e+01
9.999993e-01 -5.527050e-04 -1.002180e-03 1.732526e+02 5.528263e-04 9.999998e-01 1.204885e-04 -1.623244e+00 1.002114e-03 -1.210418e-04 9.999995e-01 7.916614e+01
9.999984e-01 3.323365e-04 -1.752283e-03 1.750359e+02 -3.325481e-04 9.999999e-01 -1.203654e-04 -1.629380e+00 1.752242e-03 1.209473e-04 9.999985e-01 7.889560e+01
9.999984e-01 -6.660684e-04 -1.688333e-03 1.765948e+02 6.662112e-04 9.999998e-01 8.385198e-05 -1.622896e+00 1.688277e-03 -8.497595e-05 9.999986e-01 7.826174e+01
9.999987e-01 6.515587e-04 -1.489340e-03 1.772010e+02 -6.513248e-04 9.999998e-01 1.577175e-04 -1.628501e+00 1.489442e-03 -1.567479e-04 9.999989e-01 7.823061e+01
9.999989e-01 -6.127982e-04 -1.371141e-03 1.783731e+02 6.125394e-04 9.999998e-01 -1.893472e-04 -1.657034e+00 1.371257e-03 1.885078e-04 9.999990e-01 7.852492e+01
9.999987e-01 5.277096e-04 -1.492281e-03 1.795855e+02 -5.274205e-04 9.999998e-01 1.942600e-04 -1.667371e+00 1.492383e-03 -1.934733e-04 9.999989e-01 7.839402e+01
9.999983e-01 -6.354208e-04 -1.722996e-03 1.798339e+02 6.354507e-04 9.999998e-01 1.665586e-05 -1.661166e+00 1.722986e-03 -1.775004e-05 9.999985e-01 7.781871e+01
9.999990e-01 4.772382e-04 -1.337856e-03 1.802562e+02 -4.771174e-04 9.999999e-01 9.081260e-05 -1.662306e+00 1.337899e-03 -9.017486e-05 9.999991e-01 7.737080e+01
9.999986e-01 -4.960562e-04 -1.610231e-03 1.807684e+02 4.960065e-04 9.999999e-01 -3.144441e-05 -1.678560e+00 1.610246e-03 3.064634e-05 9.999987e-01 7.771613e+01
9.999991e-01 5.590025e-04 -1.228832e-03 1.813238e+02 -5.589542e-04 9.999998e-01 3.988848e-05 -1.705206e+00 1.228854e-03 -3.920225e-05 9.999992e-01 7.838884e+01
9.999991e-01 -6.009496e-04 -1.224092e-03 1.822226e+02 6.009596e-04 9.999998e-01 7.552566e-06 -1.731293e+00 1.224087e-03 -8.287523e-06 9.999993e-01 7.870835e+01
9.999978e-01 3.451720e-04 -2.053407e-03 1.832867e+02 -3.450879e-04 9.999999e-01 4.143457e-05 -1.729899e+00 2.053421e-03 -4.072654e-05 9.999979e-01 7.824928e+01
9.999994e-01 -7.095423e-04 -8.792029e-04 1.844934e+02 7.096277e-04 9.999997e-01 9.653789e-05 -1.717574e+00 8.791344e-04 -9.716107e-05 9.999996e-01 7.752896e+01
