9.999956e-01 1.836296e-04 -2.944726e-03 5.235353e-01 -1.842664e-04 1.000000e+00 -2.159858e-04 -3.796992e-02 2.944686e-03 2.165268e-04 9.999956e-01 1.244778e+00
1.000000e+00 4.952888e-05 2.203206e-04 1.153851e+00 -4.957183e-05 1.000000e+00 1.951017e-04 -7.829736e-02 -2.203105e-04 -1.951119e-04 1.000000e+00 2.240232e+00
9.999949e-01 -9.215291e-05 -3.191815e-03 1.699094e+00 9.202572e-05 1.000000e+00 -3.998703e-05 -9.783241e-02 3.191819e-03 3.969239e-05 9.999949e-01 2.344500e+00
1.000000e+00 -6.226364e-06 1.504626e-04 2.141963e+00 6.197075e-06 1.000000e+00 1.948457e-04 -1.127708e-01 -1.504635e-04 -1.948441e-04 1.000000e+00 2.322558e+00
9.999958e-01 7.390853e-06 -2.881662e-03 2.636663e+00 -7.750226e-06 1.000000e+00 -1.246895e-04 -1.381304e-01 2.881660e-03 1.247106e-04 9.999958e-01 2.673137e+00
1.000000e+00 -1.703678e-05 -6.809298e-06 3.088454e+00 1.703842e-05 1.000000e+00 2.370546e-04 -1.583608e-01 6.805600e-06 -2.370540e-04 1.000000e+00 2.884651e+00
9.999945e-01 -1.182017e-04 -3.324951e-03 3.417427e+00 1.177313e-04 1.000000e+00 -1.416555e-04 -1.580591e-01 3.324967e-03 1.412625e-04 9.999945e-01 2.363077e+00
1.000000e+00 -9.577448e-05 2.708419e-04 3.784364e+00 9.572723e-05 1.000000e+00 1.745703e-04 -1.448643e-01 -2.708582e-04 -1.745436e-04 9.999999e-01 1.286464e+00
9.999939e-01 -1.456864e-04 -3.497930e-03 4.147175e+00 1.452321e-04 1.000000e+00 -1.301212e-04 -1.338771e-01 3.497948e-03 1.296117e-04 9.999939e-01 3.035633e-01
1.000000e+00 1.140956e-04 6.234914e-05 4.366211e+00 -1.141107e-04 1.000000e+00 2.415383e-04 -1.206422e-01 -6.232124e-05 -2.415447e-04 1.000000e+00 -4.514298e-01
9.999915e-01 -4.373675e-04 -4.100549e-03 4.886138e+00 4.360705e-04 9.999999e-01 -3.171810e-04 -9.690430e-02 4.100687e-03 3.153895e-04 9.999915e-01 -1.593289e+00
1.000000e+00 1.252374e-04 5.591705e-05 5.375626e+00 -1.252487e-04 1.000000e+00 2.039984e-04 -5.225666e-02 -5.589116e-05 -2.040047e-04 1.000000e+00 -3.759272e+00
9.999963e-01 -3.860330e-04 -2.693935e-03 5.540305e+00 3.859640e-04 9.999999e-01 -2.609730e-05 -3.297309e-02 2.693944e-03 2.505673e-05 9.999964e-01 -5.084466e+00
9.999997e-01 3.486744e-04 -7.120292e-04 5.630292e+00 -3.485531e-04 9.999999e-01 1.705090e-04 -3.070112e-02 7.120889e-04 -1.702600e-04 9.999997e-01 -5.689433e+00
9.999967e-01 -2.737280e-04 -2.547244e-03 6.643394e+00 2.733107e-04 9.999999e-01 -1.641601e-04 -4.560445e-04 2.547288e-03 1.634627e-04 9.999967e-01 -5.221267e+00
9.999993e-01 -5.895036e-04 -1.044377e-03 9.809714e+00 5.894332e-04 9.999998e-01 -6.775436e-05 7.962370e-02 1.044417e-03 6.713943e-05 9.999995e-01 -7.201321e+00
9.999958e-01 -1.224813e-03 -2.631475e-03 1.528747e+01 1.224286e-03 9.999992e-01 -2.020137e-04 2.561846e-01 2.631720e-03 1.987905e-04 9.999965e-01 -1.236331e+01
9.999999e-01 -6.281161e-05 -4.650203e-04 1.987826e+01 6.294493e-05 1.000000e+00 2.865894e-04 4.176828e-01 4.650027e-04 -2.866180e-04 9.999999e-01 -1.683025e+01
9.999945e-01 -9.632511e-04 -3.177908e-03 2.378808e+01 9.617053e-04 9.999994e-01 -4.878990e-04 5.975309e-01 3.178376e-03 4.848394e-04 9.999948e-01 -2.131003e+01
9.999993e-01 -1.070639e-03 -4.496707e-04 2.979026e+01 1.070754e-03 9.999994e-01 2.550498e-04 8.054538e-01 4.493977e-04 -2.555304e-04 9.999999e-01 -2.733775e+01
9.999950e-01 -1.023877e-03 -3.003121e-03 3.605833e+01 1.022444e-03 9.999994e-01 -4.787556e-04 1.015203e+00 3.003609e-03 4.756820e-04 9.999954e-01 -3.339730e+01
9.999992e-01 -1.047527e-03 -7.401959e-04 4.212361e+01 1.047635e-03 9.999994e-01 1.444227e-04 1.233035e+00 7.400445e-04 -1.451974e-04 9.999997e-01 -3.981996e+01
9.999965e-01 -7.993885e-04 -2.502963e-03 4.843045e+01 7.987449e-04 9.999996e-01 -2.581080e-04 1.410828e+00 2.503168e-03 2.561072e-04 9.999968e-01 -4.476981e+01
9.999998e-01 -3.056056e-04 5.020462e-04 5.312354e+01 3.054329e-04 9.999999e-01 3.442506e-04 1.518813e+00 -5.021510e-04 -3.440965e-04 9.999998e-01 -4.753637e+01
9.999895e-01 -1.691480e-03 -4.263180e-03 5.898006e+01 1.688771e-03 9.999984e-01 -6.391483e-04 1.731104e+00 4.264254e-03 6.319414e-04 9.999907e-01 -5.387061e+01
9.999996e-01 -3.359769e-04 8.761812e-04 6.499580e+01 3.356628e-04 9.999999e-01 3.586268e-04 1.943755e+00 -8.763012e-04 -3.583318e-04 9.999996e-01 -6.018537e+01
9.999882e-01 -1.714595e-03 -4.546162e-03 7.133932e+01 1.711483e-03 9.999983e-01 -6.882799e-04 2.165727e+00 4.547334e-03 6.804904e-04 9.999894e-01 -6.672839e+01
9.999995e-01 -3.506692e-05 1.030108e-03 7.730637e+01 3.462208e-05 9.999999e-01 4.319073e-04 2.368307e+00 -1.030123e-03 -4.318707e-04 9.999994e-01 -7.261819e+01
9.999860e-01 -1.894437e-03 -4.933864e-03 8.303395e+01 1.890921e-03 9.999980e-01 -7.171253e-04 2.567165e+00 4.935212e-03 7.077850e-04 9.999876e-01 -7.854258e+01
9.999988e-01 2.503353e-05 1.551611e-03 8.892204e+01 -2.567586e-05 9.999999e-01 4.139942e-04 2.761864e+00 -1.551600e-03 -4.140328e-04 9.999987e-01 -8.414187e+01
9.999880e-01 -1.510514e-03 -4.655057e-03 9.483620e+01 1.507764e-03 9.999987e-01 -5.942202e-04 2.947798e+00 4.655949e-03 5.871937e-04 9.999890e-01 -8.915826e+01
9.999991e-01 7.060595e-04 1.106129e-03 9.877373e+01 -7.064021e-04 9.999997e-01 3.094442e-04 3.078881e+00 -1.105910e-03 -3.102246e-04 9.999993e-01 -9.217102e+01
9.999897e-01 -1.286043e-03 -4.342072e-03 1.026073e+02 1.284527e-03 9.999991e-01 -3.517701e-04 3.233864e+00 4.342520e-03 3.461882e-04 9.999905e-01 -9.565210e+01
9.999993e-01 2.973162e-04 1.181092e-03 1.073841e+02 -2.975244e-04 9.999999e-01 1.761491e-04 3.410751e+00 -1.181039e-03 -1.764997e-04 9.999993e-01 -9.980520e+01
9.999893e-01 -1.424775e-03 -4.390505e-03 1.124611e+02 1.423127e-03 9.999989e-01 -3.784077e-04 3.586677e+00 4.391039e-03 3.721548e-04 9.999903e-01 -1.040735e+02
9.999968e-01 2.389850e-03 8.335552e-04 1.133909e+02 -2.389964e-03 9.999971e-01 1.357007e-04 3.770683e+00 -8.332282e-04 -1.376917e-04 9.999996e-01 -1.051747e+02
9.999899e-01 -2.107460e-03 -3.961762e-03 1.163204e+02 2.106692e-03 9.999978e-01 -1.979903e-04 3.962036e+00 3.962170e-03 1.896413e-04 9.999921e-01 -1.076596e+02
9.999977e-01 2.010492e-03 7.137044e-04 1.198403e+02 -2.010545e-03 9.999980e-01 7.363637e-05 4.156154e+00 -7.135546e-04 -7.507044e-05 9.999997e-01 -1.104908e+02
9.999884e-01 -3.617663e-03 -3.185737e-03 1.272428e+02 3.616411e-03 9.999934e-01 -3.986010e-04 4.310550e+00 3.187157e-03 3.870747e-04 9.999948e-01 -1.144899e+02
9.999958e-01 2.880442e-03 1.054320e-04 1.327058e+02 -2.880464e-03 9.999958e-01 2.170567e-04 4.457726e+00 -1.048060e-04 -2.173588e-04 1.000000e+00 -1.177771e+02
9.999919e-01 -3.370316e-03 -2.215336e-03 1.371862e+02 3.369417e-03 9.999942e-01 -4.092889e-04 4.579747e+00 2.216703e-03 4.018205e-04 9.999975e-01 -1.198595e+02
9.999920e-01 3.662662e-03 1.620127e-03 1.419474e+02 -3.663065e-03 9.999933e-01 2.453988e-04 4.643611e+00 -1.619217e-03 -2.513307e-04 9.999987e-01 -1.200001e+02
9.999907e-01 -2.474270e-03 -3.527530e-03 1.445407e+02 2.473205e-03 9.999969e-01 -3.064728e-04 4.745089e+00 3.528277e-03 2.977450e-04 9.999937e-01 -1.196276e+02
9.999924e-01 3.162387e-03 2.283482e-03 1.475073e+02 -3.162731e-03 9.999950e-01 1.470564e-04 4.867504e+00 -2.283005e-03 -1.542766e-04 9.999974e-01 -1.203196e+02
9.999907e-01 -2.241033e-03 -3.695168e-03 1.495754e+02 2.241376e-03 9.999975e-01 8.891265e-05 4.919316e+00 3.694959e-03 -9.719479e-05 9.999932e-01 -1.200286e+02
9.999932e-01 3.192766e-03 1.818350e-03 1.509236e+02 -3.192243e-03 9.999949e-01 -2.903576e-04 4.904665e+00 -1.819267e-03 2.845517e-04 9.999983e-01 -1.180335e+02
9.999923e-01 -1.755570e-03 -3.518058e-03 1.509589e+02 1.757163e-03 9.999984e-01 4.497841e-04 5.013730e+00 3.517262e-03 -4.559632e-04 9.999937e-01 -1.184880e+02
9.999900e-01 4.291159e-03 1.286060e-03 1.479133e+02 -4.290805e-03 9.999908e-01 -2.775802e-04 5.169979e+00 -1.287239e-03 2.720599e-04 9.999991e-01 -1.184199e+02
9.999888e-01 -3.115062e-03 -3.556587e-03 1.472019e+02 3.116694e-03 9.999950e-01 4.535099e-04 5.209745e+00 3.555156e-03 -4.645903e-04 9.999936e-01 -1.176546e+02
9.999907e-01 4.204529e-03 9.631557e-04 1.463807e+02 -4.204148e-03 9.999911e-01 -3.973053e-04 5.235634e+00 -9.648172e-04 3.932531e-04 9.999995e-01 -1.168575e+02
9.999894e-01 -3.072421e-03 -3.433483e-03 1.467095e+02 3.074400e-03 9.999951e-01 5.714304e-04 5.299515e+00 3.431710e-03 -5.819809e-04 9.999939e-01 -1.165626e+02
9.999924e-01 3.642118e-03 1.364803e-03 1.475244e+02 -3.641305e-03 9.999932e-01 -5.976101e-04 5.258190e+00 -1.366970e-03 5.926366e-04 9.999989e-01 -1.152218e+02
9.999828e-01 -3.712560e-03 -4.548722e-03 1.479298e+02 3.716311e-03 9.999928e-01 8.164805e-04 5.249386e+00 4.545657e-03 -8.333716e-04 9.999893e-01 -1.153896e+02
9.999913e-01 3.782414e-03 1.733363e-03 1.481832e+02 -3.781353e-03 9.999927e-01 -6.151307e-04 5.235519e+00 -1.735677e-03 6.085716e-04 9.999983e-01 -1.152987e+02
9.999824e-01 -3.497080e-03 -4.791446e-03 1.481339e+02 3.500890e-03 9.999936e-01 7.870814e-04 5.226850e+00 4.788662e-03 -8.038426e-04 9.999882e-01 -1.148740e+02
9.999905e-01 3.836058e-03 2.082104e-03 1.483336e+02 -3.834250e-03 9.999923e-01 -8.717139e-04 5.194146e+00 -2.085432e-03 8.637230e-04 9.999975e-01 -1.136924e+02
9.999834e-01 -3.403689e-03 -4.647962e-03 1.485559e+02 3.407416e-03 9.999939e-01 7.941449e-04 5.158414e+00 4.645230e-03 -8.099700e-04 9.999889e-01 -1.124748e+02
9.999914e-01 3.816589e-03 1.594136e-03 1.483808e+02 -3.815600e-03 9.999925e-01 -6.230936e-04 5.153323e+00 -1.596501e-03 6.170064e-04 9.999985e-01 -1.118694e+02
9.999828e-01 -3.390911e-03 -4.776769e-03 1.482241e+02 3.394658e-03 9.999939e-01 7.765395e-04 5.151032e+00 4.774107e-03 -7.927424e-04 9.999883e-01 -1.114321e+02
9.999918e-01 3.701614e-03 1.644154e-03 1.480552e+02 -3.700660e-03 9.999930e-01 -5.826884e-04 5.153217e+00 -1.646299e-03 5.765999e-04 9.999985e-01 -1.112907e+02
9.999837e-01 -3.370998e-03 -4.614307e-03 1.475805e+02 3.374465e-03 9.999940e-01 7.436768e-04 5.170828e+00 4.611772e-03 -7.592361e-04 9.999891e-01 -1.115791e+02
9.999922e-01 3.692288e-03 1.425363e-03 1.472229e+02 -3.691508e-03 9.999930e-01 -5.491681e-04 5.183718e+00 -1.427380e-03 5.439027e-04 9.999988e-01 -1.116988e+02
9.999831e-01 -3.633067e-03 -4.544338e-03 1.474101e+02 3.636213e-03 9.999932e-01 6.843699e-04 5.182852e+00 4.541820e-03 -7.008832e-04 9.999894e-01 -1.118333e+02
9.999921e-01 3.675207e-03 1.490321e-03 1.475834e+02 -3.674420e-03 9.999931e-01 -5.305888e-04 5.180724e+00 -1.492260e-03 5.251093e-04 9.999987e-01 -1.120251e+02
9.999837e-01 -3.535048e-03 -4.475382e-03 1.477038e+02 3.537925e-03 9.999935e-01 6.352242e-04 5.174431e+00 4.473107e-03 -6.510481e-04 9.999898e-01 -1.119226e+02
9.999916e-01 3.706130e-03 1.723886e-03 1.484415e+02 -3.705067e-03 9.999929e-01 -6.193894e-04 5.140840e+00 -1.726169e-03 6.129978e-04 9.999983e-01 -1.114031e+02
9.999839e-01 -3.635304e-03 -4.364929e-03 1.493866e+02 3.638384e-03 9.999931e-01 6.978711e-04 5.110787e+00 4.362362e-03 -7.137419e-04 9.999902e-01 -1.110663e+02
9.999927e-01 3.533866e-03 1.455832e-03 1.499372e+02 -3.533149e-03 9.999936e-01 -4.944743e-04 5.097062e+00 -1.457570e-03 4.893277e-04 9.999988e-01 -1.110977e+02
9.999832e-01 -3.636619e-03 -4.514229e-03 1.505369e+02 3.639359e-03 9.999932e-01 5.991121e-04 5.085966e+00 4.512019e-03 -6.155316e-04 9.999896e-01 -1.112543e+02
9.999923e-01 3.490493e-03 1.814856e-03 1.516841e+02 -3.489635e-03 9.999938e-01 -4.755604e-04 5.074313e+00 -1.816504e-03 4.692243e-04 9.999982e-01 -1.114358e+02
9.999830e-01 -3.625675e-03 -4.573184e-03 1.525306e+02 3.628589e-03 9.999932e-01 6.291000e-04 5.065266e+00 4.570872e-03 -6.456842e-04 9.999893e-01 -1.116530e+02
9.999923e-01 3.466283e-03 1.828419e-03 1.526417e+02 -3.465198e-03 9.999938e-01 -5.964246e-04 5.073508e+00 -1.830475e-03 5.900849e-04 9.999982e-01 -1.127335e+02
9.999836e-01 -3.532778e-03 -4.512123e-03 1.530041e+02 3.535937e-03 9.999935e-01 6.923012e-04 5.061624e+00 4.509648e-03 -7.082452e-04 9.999896e-01 -1.129578e+02
9.999934e-01 3.400560e-03 1.314068e-03 1.532842e+02 -3.399737e-03 9.999940e-01 -6.283354e-04 5.066146e+00 -1.316196e-03 6.238644e-04 9.999989e-01 -1.137206e+02
9.999849e-01 -3.581466e-03 -4.177387e-03 1.535486e+02 3.584366e-03 9.999933e-01 6.870413e-04 5.072372e+00 4.174898e-03 -7.020049e-04 9.999910e-01 -1.145658e+02
9.999934e-01 3.477170e-03 1.036805e-03 1.539882e+02 -3.476549e-03 9.999938e-01 -5.992720e-04 5.066760e+00 -1.038882e-03 5.956642e-04 9.999993e-01 -1.149675e+02
9.999850e-01 -3.662748e-03 -4.073849e-03 1.542765e+02 3.665657e-03 9.999930e-01 7.068620e-04 5.070583e+00 4.071231e-03 -7.217854e-04 9.999915e-01 -1.157006e+02
9.999932e-01 3.520722e-03 1.132987e-03 1.544713e+02 -3.519961e-03 9.999936e-01 -6.723771e-04 5.079972e+00 -1.135347e-03 6.683851e-04 9.999991e-01 -1.167693e+02
9.999838e-01 -3.686156e-03 -4.330672e-03 1.547196e+02 3.689302e-03 9.999929e-01 7.185305e-04 5.087202e+00 4.327992e-03 -7.344967e-04 9.999904e-01 -1.176999e+02
9.999928e-01 3.495492e-03 1.454857e-03 1.550128e+02 -3.494600e-03 9.999937e-01 -6.149063e-04 5.094385e+00 -1.456997e-03 6.098185e-04 9.999988e-01 -1.185739e+02
9.999827e-01 -3.658592e-03 -4.599650e-03 1.554092e+02 3.662050e-03 9.999930e-01 7.436543e-04 5.100738e+00 4.596897e-03 -7.604863e-04 9.999891e-01 -1.193244e+02
9.999925e-01 3.519944e-03 1.598246e-03 1.555968e+02 -3.518916e-03 9.999936e-01 -6.450631e-04 5.106443e+00 -1.600506e-03 6.394349e-04 9.999985e-01 -1.201879e+02
9.999832e-01 -3.432780e-03 -4.667450e-03 1.556195e+02 3.436649e-03 9.999938e-01 8.211568e-04 5.101293e+00 4.664601e-03 -8.371841e-04 9.999888e-01 -1.201768e+02
9.999928e-01 3.453612e-03 1.568193e-03 1.557387e+02 -3.452538e-03 9.999938e-01 -6.869568e-04 5.098063e+00 -1.570556e-03 6.815383e-04 9.999985e-01 -1.205266e+02
9.999846e-01 -3.035512e-03 -4.642436e-03 1.551235e+02 3.039689e-03 9.999950e-01 8.929399e-04 5.119014e+00 4.639702e-03 -9.070384e-04 9.999888e-01 -1.206849e+02
9.999935e-01 3.383025e-03 1.250649e-03 1.548789e+02 -3.382093e-03 9.999940e-01 -7.468879e-04 5.123910e+00 -1.253168e-03 7.426540e-04 9.999989e-01 -1.202671e+02
9.999869e-01 -3.257973e-03 -3.935230e-03 1.555767e+02 3.261336e-03 9.999943e-01 8.486337e-04 5.104861e+00 3.932442e-03 -8.614574e-04 9.999919e-01 -1.198122e+02
9.999937e-01 3.477290e-03 7.336699e-04 1.553519e+02 -3.476804e-03 9.999937e-01 -6.618913e-04 5.112996e+00 -7.359666e-04 6.593370e-04 9.999995e-01 -1.200302e+02
9.999858e-01 -3.359728e-03 -4.127247e-03 1.556651e+02 3.362804e-03 9.999941e-01 7.386065e-04 5.100609e+00 4.124740e-03 -7.524758e-04 9.999912e-01 -1.197217e+02
9.999939e-01 3.369085e-03 9.719177e-04 1.561265e+02 -3.368534e-03 9.999942e-01 -5.671295e-04 5.088055e+00 -9.738224e-04 5.638528e-04 9.999994e-01 -1.194969e+02
9.999855e-01 -3.425248e-03 -4.152876e-03 1.567198e+02 3.428320e-03 9.999939e-01 7.330075e-04 5.079826e+00 4.150339e-03 -7.472350e-04 9.999911e-01 -1.195668e+02
9.999939e-01 3.303983e-03 1.134837e-03 1.575731e+02 -3.303417e-03 9.999944e-01 -5.000808e-04 5.070150e+00 -1.136483e-03 4.963296e-04 9.999992e-01 -1.196161e+02
9.999879e-01 -3.240995e-03 -3.711066e-03 1.582059e+02 3.243705e-03 9.999945e-01 7.243881e-04 5.047069e+00 3.708697e-03 -7.364177e-04 9.999929e-01 -1.193715e+02
9.999941e-01 3.393310e-03 4.835853e-04 1.585182e+02 -3.393007e-03 9.999940e-01 -6.266343e-04 5.024909e+00 -4.857084e-04 6.249905e-04 9.999997e-01 -1.189976e+02
9.999869e-01 -3.488354e-03 -3.747185e-03 1.590819e+02 3.491590e-03 9.999935e-01 8.574502e-04 5.013473e+00 3.744169e-03 -8.705233e-04 9.999926e-01 -1.189350e+02
9.999936e-01 3.557889e-03 4.304025e-04 1.595052e+02 -3.557597e-03 9.999934e-01 -6.782250e-04 5.006784e+00 -4.328124e-04 6.766901e-04 9.999997e-01 -1.188256e+02
9.999867e-01 -3.607950e-03 -3.690451e-03 1.600732e+02 3.611076e-03 9.999931e-01 8.409177e-04 4.996309e+00 3.687391e-03 -8.542337e-04 9.999928e-01 -1.188490e+02
9.999939e-01 3.456667e-03 4.316911e-04 1.606627e+02 -3.456401e-03 9.999938e-01 -6.164346e-04 4.992394e+00 -4.338189e-04 6.149395e-04 9.999997e-01 -1.189010e+02
9.999857e-01 -3.607973e-03 -3.950539e-03 1.615739e+02 3.610872e-03 9.999932e-01 7.270276e-04 4.994239e+00 3.947889e-03 -7.412828e-04 9.999919e-01 -1.190471e+02
9.999920e-01 3.584898e-03 1.770437e-03 1.628114e+02 -3.583965e-03 9.999934e-01 -5.299606e-04 4.974250e+00 -1.772325e-03 5.236119e-04 9.999983e-01 -1.189769e+02
9.999827e-01 -3.474781e-03 -4.743683e-03 1.632719e+02 3.477906e-03 9.999937e-01 6.505523e-04 4.950708e+00 4.741392e-03 -6.670398e-04 9.999885e-01 -1.186103e+02
9.999931e-01 3.446180e-03 1.405277e-03 1.637652e+02 -3.445563e-03 9.999940e-01 -4.414138e-04 4.946886e+00 -1.406789e-03 4.365695e-04 9.999989e-01 -1.186797e+02
9.999831e-01 -3.589850e-03 -4.564227e-03 1.647181e+02 3.592858e-03 9.999933e-01 6.510267e-04 4.936071e+00 4.561859e-03 -6.674151e-04 9.999894e-01 -1.187166e+02
9.999923e-01 3.508313e-03 1.745481e-03 1.660863e+02 -3.507477e-03 9.999937e-01 -4.812060e-04 4.921434e+00 -1.747157e-03 4.750808e-04 9.999984e-01 -1.187453e+02
9.999824e-01 -3.670396e-03 -4.657165e-03 1.670152e+02 3.673510e-03 9.999930e-01 6.603494e-04 4.913061e+00 4.654708e-03 -6.774466e-04 9.999889e-01 -1.187797e+02
9.999929e-01 3.551372e-03 1.263951e-03 1.677990e+02 -3.550767e-03 9.999936e-01 -4.803530e-04 4.912441e+00 -1.265648e-03 4.758623e-04 9.999991e-01 -1.188210e+02
9.999840e-01 -3.438876e-03 -4.495245e-03 1.680628e+02 3.442173e-03 9.999938e-01 7.258489e-04 4.922604e+00 4.492721e-03 -7.413114e-04 9.999896e-01 -1.185179e+02
9.999934e-01 3.524612e-03 8.932175e-04 1.683223e+02 -3.524192e-03 9.999937e-01 -4.714631e-04 4.931263e+00 -8.948732e-04 4.683128e-04 9.999995e-01 -1.184529e+02
9.999860e-01 -3.679212e-03 -3.802418e-03 1.692375e+02 3.681965e-03 9.999930e-01 7.174202e-04 4.923757e+00 3.799751e-03 -7.314112e-04 9.999925e-01 -1.186014e+02
9.999938e-01 3.479572e-03 6.175605e-04 1.701708e+02 -3.479272e-03 9.999938e-01 -4.849483e-04 4.922768e+00 -6.192438e-04 4.827973e-04 9.999997e-01 -1.189219e+02
9.999860e-01 -3.690316e-03 -3.794449e-03 1.710003e+02 3.693042e-03 9.999929e-01 7.116431e-04 4.923893e+00 3.791796e-03 -7.256469e-04 9.999925e-01 -1.192651e+02
9.999935e-01 3.552694e-03 6.851914e-04 1.718210e+02 -3.552357e-03 9.999936e-01 -4.918855e-04 4.919711e+00 -6.869342e-04 4.894489e-04 9.999996e-01 -1.194688e+02
9.999860e-01 -3.608417e-03 -3.864044e-03 1.725919e+02 3.611186e-03 9.999932e-01 7.099780e-04 4.908684e+00 3.861456e-03 -7.239225e-04 9.999923e-01 -1.194995e+02
9.999936e-01 3.477773e-03 8.487529e-04 1.736658e+02 -3.477314e-03 9.999938e-01 -5.416185e-04 4.900065e+00 -8.506310e-04 5.386643e-04 9.999995e-01 -1.196584e+02
9.999863e-01 -3.666911e-03 -3.735612e-03 1.747583e+02 3.669777e-03 9.999930e-01 7.608649e-04 4.894959e+00 3.732796e-03 -7.745640e-04 9.999927e-01 -1.199189e+02
9.999939e-01 3.467221e-03 4.993463e-04 1.756972e+02 -3.466939e-03 9.999938e-01 -5.623401e-04 4.895954e+00 -5.012926e-04 5.606062e-04 9.999997e-01 -1.203021e+02
9.999855e-01 -3.716342e-03 -3.892017e-03 1.766460e+02 3.719260e-03 9.999928e-01 7.426226e-04 4.901718e+00 3.889229e-03 -7.570880e-04 9.999922e-01 -1.207932e+02
9.999936e-01 3.523891e-03 6.003391e-04 1.776180e+02 -3.523548e-03 9.999936e-01 -5.702734e-04 4.901729e+00 -6.023445e-04 5.681551e-04 9.999997e-01 -1.211622e+02
9.999862e-01 -3.714114e-03 -3.714013e-03 1.786085e+02 3.716950e-03 9.999928e-01 7.570320e-04 4.899174e+00 3.711175e-03 -7.708270e-04 9.999928e-01 -1.214720e+02
9.999937e-01 3.519924e-03 4.080634e-04 1.794419e+02 -3.519690e-03 9.999936e-01 -5.716524e-04 4.898900e+00 -4.100727e-04 5.702133e-04 9.999998e-01 -1.218266e+02
9.999868e-01 -3.715458e-03 -3.558178e-03 1.804254e+02 3.718157e-03 9.999928e-01 7.522548e-04 4.897614e+00 3.555357e-03 -7.654754e-04 9.999934e-01 -1.221597e+02
9.999936e-01 3.545327e-03 4.080129e-04 1.813306e+02 -3.545109e-03 9.999936e-01 -5.325937e-04 4.894134e+00 -4.098982e-04 5.311445e-04 9.999998e-01 -1.224459e+02
9.999866e-01 -3.698818e-03 -3.621535e-03 1.822411e+02 3.701462e-03 9.999929e-01 7.237599e-04 4.890255e+00 3.618832e-03 -7.371558e-04 9.999932e-01 -1.227257e+02
9.999937e-01 3.488519e-03 6.437361e-04 1.829954e+02 -3.488183e-03 9.999938e-01 -5.218269e-04 4.890698e+00 -6.455522e-04 5.195788e-04 9.999997e-01 -1.231380e+02
9.999874e-01 -3.445001e-03 -3.641209e-03 1.832982e+02 3.447692e-03 9.999938e-01 7.328517e-04 4.900563e+00 3.638661e-03 -7.453970e-04 9.999931e-01 -1.235277e+02
9.999940e-01 3.425625e-03 5.646700e-04 1.836434e+02 -3.425369e-03 9.999940e-01 -4.533538e-04 4.902723e+00 -5.662193e-04 4.514176e-04 9.999997e-01 -1.238430e+02
9.999873e-01 -3.409090e-03 -3.713035e-03 1.839356e+02 3.411677e-03 9.999939e-01 6.905721e-04 4.896874e+00 3.710658e-03 -7.032317e-04 9.999929e-01 -1.237389e+02
9.999938e-01 3.463520e-03 5.762695e-04 1.843021e+02 -3.463230e-03 9.999939e-01 -5.023223e-04 4.878459e+00 -5.780055e-04 5.003242e-04 9.999997e-01 -1.235116e+02
9.999879e-01 -3.404223e-03 -3.560049e-03 1.846715e+02 3.406708e-03 9.999940e-01 6.923534e-04 4.854518e+00 3.557670e-03 -7.044737e-04 9.999934e-01 -1.231863e+02
9.999939e-01 3.449535e-03 4.939487e-04 1.849710e+02 -3.449308e-03 9.999939e-01 -4.581634e-04 4.835210e+00 -4.955258e-04 4.564575e-04 9.999998e-01 -1.229148e+02
9.999877e-01 -3.358546e-03 -3.648924e-03 1.851824e+02 3.361074e-03 9.999941e-01 6.869969e-04 4.820591e+00 3.646595e-03 -6.992534e-04 9.999931e-01 -1.226486e+02
9.999939e-01 3.472943e-03 3.858836e-04 1.852629e+02 -3.472771e-03 9.999939e-01 -4.451246e-04 4.821107e+00 -3.874268e-04 4.437825e-04 9.999998e-01 -1.225768e+02
9.999881e-01 -3.140650e-03 -3.724382e-03 1.848008e+02 3.142961e-03 9.999949e-01 6.149439e-04 4.841931e+00 3.722431e-03 -6.266428e-04 9.999929e-01 -1.224651e+02
9.999943e-01 3.305992e-03 6.506897e-04 1.848532e+02 -3.305701e-03 9.999944e-01 -4.467680e-04 4.843727e+00 -6.521628e-04 4.446152e-04 9.999997e-01 -1.223002e+02
9.999873e-01 -3.000844e-03 -4.043272e-03 1.845512e+02 3.003569e-03 9.999953e-01 6.680845e-04 4.851546e+00 4.041247e-03 -6.802210e-04 9.999916e-01 -1.220379e+02
9.999937e-01 3.472058e-03 7.248172e-04 1.839349e+02 -3.471763e-03 9.999939e-01 -4.082473e-04 4.873771e+00 -7.262299e-04 4.057290e-04 9.999997e-01 -1.219097e+02
9.999864e-01 -3.310023e-03 -4.020790e-03 1.838627e+02 3.312469e-03 9.999943e-01 6.017894e-04 4.876674e+00 4.018775e-03 -6.151007e-04 9.999917e-01 -1.218559e+02
9.999946e-01 3.183427e-03 8.441662e-04 1.843946e+02 -3.183057e-03 9.999948e-01 -4.388981e-04 4.872178e+00 -8.455588e-04 4.362094e-04 9.999995e-01 -1.220231e+02
9.999868e-01 -3.142761e-03 -4.063987e-03 1.847287e+02 3.145459e-03 9.999948e-01 6.576103e-04 4.875498e+00 4.061899e-03 -6.703855e-04 9.999915e-01 -1.220588e+02
9.999943e-01 3.269715e-03 8.629472e-04 1.846967e+02 -3.269314e-03 9.999945e-01 -4.652662e-04 4.889366e+00 -8.644634e-04 4.624429e-04 9.999995e-01 -1.223899e+02
9.999851e-01 -3.511865e-03 -4.185533e-03 1.855400e+02 3.514741e-03 9.999936e-01 6.801441e-04 4.900355e+00 4.183118e-03 -6.948457e-04 9.999910e-01 -1.230371e+02
9.999945e-01 3.206536e-03 8.617424e-04 1.866032e+02 -3.206109e-03 9.999947e-01 -4.958487e-04 4.911219e+00 -8.633275e-04 4.930839e-04 9.999995e-01 -1.236538e+02
9.999866e-01 -3.403226e-03 -3.890963e-03 1.875080e+02 3.405940e-03 9.999940e-01 6.910171e-04 4.913325e+00 3.888587e-03 -7.042609e-04 9.999922e-01 -1.239834e+02
9.999938e-01 3.476774e-03 5.785859e-04 1.876627e+02 -3.476535e-03 9.999939e-01 -4.140144e-04 4.925695e+00 -5.800215e-04 4.120011e-04 9.999997e-01 -1.241063e+02
9.999870e-01 -3.607756e-03 -3.612269e-03 1.878913e+02 3.609869e-03 9.999933e-01 5.785430e-04 4.930552e+00 3.610158e-03 -5.915759e-04 9.999933e-01 -1.248298e+02
9.999936e-01 3.503273e-03 6.565225e-04 1.883463e+02 -3.502995e-03 9.999938e-01 -4.239724e-04 4.923910e+00 -6.580034e-04 4.216706e-04 9.999997e-01 -1.250777e+02
9.999861e-01 -3.566767e-03 -3.893665e-03 1.886941e+02 3.569324e-03 9.999934e-01 6.498421e-04 4.926758e+00 3.891321e-03 -6.637315e-04 9.999922e-01 -1.253896e+02
9.999942e-01 3.370705e-03 4.959193e-04 1.894503e+02 -3.370475e-03 9.999942e-01 -4.637933e-04 4.928824e+00 -4.974794e-04 4.621198e-04 9.999998e-01 -1.257795e+02
9.999839e-01 -3.742773e-03 -4.261014e-03 1.899005e+02 3.744164e-03 9.999929e-01 3.186837e-04 4.952677e+00 4.259791e-03 -3.346332e-04 9.999909e-01 -1.273107e+02
9.999930e-01 3.389357e-03 1.604769e-03 1.905655e+02 -3.388984e-03 9.999942e-01 -2.344517e-04 4.984972e+00 -1.605554e-03 2.290122e-04 9.999987e-01 -1.290205e+02
9.999825e-01 -3.592702e-03 -4.701065e-03 1.910382e+02 3.594320e-03 9.999935e-01 3.358149e-04 4.990699e+00 4.699828e-03 -3.527068e-04 9.999889e-01 -1.297286e+02
9.999923e-01 3.505754e-03 1.769366e-03 1.914709e+02 -3.505456e-03 9.999938e-01 -1.711621e-04 4.981011e+00 -1.769955e-03 1.649590e-04 9.999984e-01 -1.298926e+02
9.999827e-01 -3.341901e-03 -4.840601e-03 1.916301e+02 3.343456e-03 9.999944e-01 3.132011e-04 4.972705e+00 4.839527e-03 -3.293807e-04 9.999882e-01 -1.296677e+02
9.999924e-01 3.498876e-03 1.716542e-03 1.917531e+02 -3.498581e-03 9.999939e-01 -1.742409e-04 4.966708e+00 -1.717141e-03 1.682348e-04 9.999985e-01 -1.295011e+02
9.999824e-01 -3.575935e-03 -4.728573e-03 1.922853e+02 3.577553e-03 9.999935e-01 3.337948e-04 4.955921e+00 4.727348e-03 -3.507063e-04 9.999888e-01 -1.295945e+02
9.999921e-01 3.546094e-03 1.816141e-03 1.929419e+02 -3.545758e-03 9.999937e-01 -1.883841e-04 4.942615e+00 -1.816797e-03 1.819437e-04 9.999983e-01 -1.296445e+02
9.999835e-01 -3.342407e-03 -4.677034e-03 1.934904e+02 3.343673e-03 9.999944e-01 2.627498e-04 4.910677e+00 4.676129e-03 -2.783846e-04 9.999890e-01 -1.291605e+02
9.999925e-01 3.498503e-03 1.648326e-03 1.938955e+02 -3.498225e-03 9.999939e-01 -1.716938e-04 4.890299e+00 -1.648916e-03 1.659270e-04 9.999986e-01 -1.287639e+02
9.999841e-01 -3.299976e-03 -4.562334e-03 1.946445e+02 3.300823e-03 9.999945e-01 1.782943e-04 4.864295e+00 4.561720e-03 -1.933516e-04 9.999896e-01 -1.283809e+02
9.999914e-01 4.051981e-03 8.366636e-04 1.946659e+02 -4.051653e-03 9.999917e-01 -3.920501e-04 4.870980e+00 -8.382449e-04 3.886576e-04 9.999996e-01 -1.268662e+02
9.999835e-01 -3.107595e-03 -4.822186e-03 1.947144e+02 3.107293e-03 9.999952e-01 -7.001614e-05 4.885658e+00 4.822380e-03 5.503036e-05 9.999884e-01 -1.252303e+02
9.999920e-01 3.348157e-03 2.205519e-03 1.961410e+02 -3.348151e-03 9.999944e-01 -6.070736e-06 4.849215e+00 -2.205527e-03 -1.313040e-06 9.999976e-01 -1.245898e+02
9.999836e-01 -3.153299e-03 -4.783281e-03 1.973705e+02 3.153632e-03 9.999950e-01 6.226560e-05 4.813799e+00 4.783061e-03 -7.734997e-05 9.999886e-01 -1.238900e+02
9.999924e-01 3.785806e-03 9.621269e-04 1.972486e+02 -3.785604e-03 9.999928e-01 -2.116216e-04 4.817328e+00 -9.629209e-04 2.079785e-04 9.999995e-01 -1.226440e+02
9.999848e-01 -3.233066e-03 -4.460254e-03 1.976312e+02 3.232893e-03 9.999948e-01 -4.600074e-05 4.793614e+00 4.460379e-03 3.157984e-05 9.999901e-01 -1.214007e+02
9.999921e-01 3.742554e-03 1.312029e-03 1.979708e+02 -3.742376e-03 9.999930e-01 -1.376622e-04 4.761518e+00 -1.312534e-03 1.327517e-04 9.999991e-01 -1.201181e+02
9.999829e-01 -2.783456e-03 -5.142844e-03 1.973854e+02 2.783456e-03 9.999961e-01 -7.112226e-06 4.794760e+00 5.142844e-03 -7.203457e-06 9.999868e-01 -1.185623e+02
9.999929e-01 3.395215e-03 1.615921e-03 1.976212e+02 -3.395042e-03 9.999942e-01 -1.094558e-04 4.782378e+00 -1.616283e-03 1.039696e-04 9.999987e-01 -1.173751e+02
9.999862e-01 -3.176329e-03 -4.190557e-03 1.985767e+02 3.176782e-03 9.999949e-01 1.015343e-04 4.745818e+00 4.190213e-03 -1.148461e-04 9.999912e-01 -1.168117e+02
9.999935e-01 3.441784e-03 1.032878e-03 1.992600e+02 -3.441673e-03 9.999941e-01 -1.090442e-04 4.720188e+00 -1.033247e-03 1.054893e-04 9.999995e-01 -1.161384e+02
9.999858e-01 -2.968745e-03 -4.427186e-03 1.997660e+02 2.968373e-03 9.999956e-01 -9.070226e-05 4.698480e+00 4.427436e-03 7.755875e-05 9.999902e-01 -1.150618e+02
9.999936e-01 3.186618e-03 1.643578e-03 2.010882e+02 -3.186418e-03 9.999949e-01 -1.239030e-04 4.671732e+00 -1.643964e-03 1.186657e-04 9.999986e-01 -1.144686e+02
9.999896e-01 -3.077483e-03 -3.380039e-03 2.030621e+02 3.077648e-03 9.999953e-01 4.364269e-05 4.634853e+00 3.379888e-03 -5.404548e-05 9.999943e-01 -1.140660e+02
9.999939e-01 3.407711e-03 7.633677e-04 2.038843e+02 -3.407631e-03 9.999942e-01 -1.054746e-04 4.591968e+00 -7.637224e-04 1.028733e-04 9.999997e-01 -1.130999e+02
9.999874e-01 -2.969970e-03 -4.058488e-03 2.040710e+02 2.970083e-03 9.999956e-01 2.165411e-05 4.580190e+00 4.058406e-03 -3.370856e-05 9.999918e-01 -1.122164e+02
9.999938e-01 3.381063e-03 1.006835e-03 2.047175e+02 -3.380842e-03 9.999943e-01 -2.214199e-04 4.549322e+00 -1.007577e-03 2.180153e-04 9.999995e-01 -1.112862e+02
9.999880e-01 -2.945492e-03 -3.923480e-03 2.054444e+02 2.945605e-03 9.999957e-01 2.310469e-05 4.514253e+00 3.923394e-03 -3.466211e-05 9.999923e-01 -1.101988e+02
9.999938e-01 3.416914e-03 8.407532e-04 2.060736e+02 -3.416709e-03 9.999941e-01 -2.452903e-04 4.481559e+00 -8.415861e-04 2.424168e-04 9.999996e-01 -1.090889e+02
9.999874e-01 -2.864518e-03 -4.123110e-03 2.067563e+02 2.864224e-03 9.999959e-01 -7.722133e-05 4.455284e+00 4.123314e-03 6.541017e-05 9.999915e-01 -1.078341e+02
9.999939e-01 3.437167e-03 6.512406e-04 2.073401e+02 -3.437083e-03 9.999941e-01 -1.304065e-04 4.436571e+00 -6.516847e-04 1.281680e-04 9.999998e-01 -1.064390e+02
9.999859e-01 -2.384016e-03 -4.753953e-03 2.064454e+02 2.384759e-03 9.999971e-01 1.505853e-04 4.497055e+00 4.753580e-03 -1.619209e-04 9.999887e-01 -1.052542e+02
9.999915e-01 2.957882e-03 2.874118e-03 2.089524e+02 -2.955589e-03 9.999953e-01 -8.017579e-04 4.425626e+00 -2.876476e-03 7.932571e-04 9.999955e-01 -1.038823e+02
9.999923e-01 -2.464663e-03 -3.052458e-03 2.125964e+02 2.466153e-03 9.999968e-01 4.846484e-04 4.333927e+00 3.051253e-03 -4.921732e-04 9.999952e-01 -1.022901e+02
9.999940e-01 3.465470e-03 -1.430188e-04 2.129007e+02 -3.465595e-03 9.999936e-01 -8.808058e-04 4.313818e+00 1.399658e-04 8.812968e-04 9.999996e-01 -1.003090e+02
9.999859e-01 -3.232308e-03 -4.204052e-03 2.124778e+02 3.236554e-03 9.999943e-01 1.003500e-03 4.332720e+00 4.200784e-03 -1.017093e-03 9.999907e-01 -1.003707e+02
9.999954e-01 2.803080e-03 1.191548e-03 2.134939e+02 -2.801859e-03 9.999955e-01 -1.024827e-03 4.363193e+00 -1.194415e-03 1.021485e-03 9.999988e-01 -1.017837e+02
9.999848e-01 -3.052847e-03 -4.582545e-03 2.154746e+02 3.056401e-03 9.999950e-01 7.688344e-04 4.350460e+00 4.580175e-03 -7.828295e-04 9.999892e-01 -1.020152e+02
9.999936e-01 2.787154e-03 2.251017e-03 2.184507e+02 -2.784578e-03 9.999955e-01 -1.146648e-03 4.346235e+00 -2.254202e-03 1.140373e-03 9.999968e-01 -1.024196e+02
9.999905e-01 -2.249407e-03 -3.742555e-03 2.220655e+02 2.251347e-03 9.999973e-01 5.142317e-04 4.276782e+00 3.741388e-03 -5.226533e-04 9.999929e-01 -1.011434e+02
9.999913e-01 2.981204e-03 2.934093e-03 2.267588e+02 -2.977313e-03 9.999947e-01 -1.329537e-03 4.176301e+00 -2.938041e-03 1.320791e-03 9.999948e-01 -9.928369e+01
9.999891e-01 -2.881814e-03 -3.665275e-03 2.297702e+02 2.886719e-03 9.999949e-01 1.333866e-03 4.123368e+00 3.661412e-03 -1.344433e-03 9.999924e-01 -9.838920e+01
9.999954e-01 3.031270e-03 6.906543e-05 2.306180e+02 -3.031173e-03 9.999945e-01 -1.369757e-03 4.116223e+00 -7.321687e-05 1.369542e-03 9.999991e-01 -9.802300e+01
9.999863e-01 -1.549209e-03 -4.992033e-03 2.293193e+02 1.556057e-03 9.999979e-01 1.368351e-03 4.223538e+00 4.989902e-03 -1.376101e-03 9.999866e-01 -9.593253e+01
9.999950e-01 3.159455e-03 -1.385425e-04 2.276591e+02 -3.159648e-03 9.999940e-01 -1.420113e-03 4.358739e+00 1.340552e-04 1.420545e-03 9.999990e-01 -9.392854e+01
9.999887e-01 -2.181436e-03 -4.234787e-03 2.265144e+02 2.187924e-03 9.999964e-01 1.528277e-03 4.436338e+00 4.231438e-03 -1.537526e-03 9.999899e-01 -9.276839e+01
9.999941e-01 3.428849e-03 -8.183018e-05 2.249272e+02 -3.428959e-03 9.999932e-01 -1.385873e-03 4.533409e+00 7.707796e-05 1.386146e-03 9.999990e-01 -9.185435e+01
9.999879e-01 -2.250800e-03 -4.376609e-03 2.238406e+02 2.257358e-03 9.999963e-01 1.494209e-03 4.621718e+00 4.373229e-03 -1.504072e-03 9.999893e-01 -9.052312e+01
9.999914e-01 4.066419e-03 -7.935183e-04 2.217675e+02 -4.067610e-03 9.999906e-01 -1.505267e-03 4.788377e+00 7.873901e-04 1.508483e-03 9.999986e-01 -8.814983e+01
9.999795e-01 -9.588178e-04 -6.323606e-03 2.180590e+02 9.669366e-04 9.999987e-01 1.280985e-03 5.072784e+00 6.322369e-03 -1.287074e-03 9.999792e-01 -8.449818e+01
9.999957e-01 2.863153e-03 7.073756e-04 2.160227e+02 -2.862119e-03 9.999948e-01 -1.458174e-03 5.240819e+00 -7.115467e-04 1.456143e-03 9.999987e-01 -8.205366e+01
9.999871e-01 -2.004614e-03 -4.657719e-03 2.153136e+02 2.012156e-03 9.999967e-01 1.615108e-03 5.339065e+00 4.654466e-03 -1.624460e-03 9.999878e-01 -8.084861e+01
9.999939e-01 3.440283e-03 5.752146e-04 2.139366e+02 -3.439469e-03 9.999931e-01 -1.410334e-03 5.511214e+00 -5.800623e-04 1.408348e-03 9.999988e-01 -7.898548e+01
9.999862e-01 -1.726664e-03 -4.951926e-03 2.122542e+02 1.734424e-03 9.999973e-01 1.563407e-03 5.679981e+00 4.949213e-03 -1.571975e-03 9.999865e-01 -7.687483e+01
9.999932e-01 3.625012e-03 -6.755097e-04 2.101509e+02 -3.626107e-03 9.999921e-01 -1.627711e-03 5.841570e+00 6.696042e-04 1.630150e-03 9.999984e-01 -7.451162e+01
9.999884e-01 -2.415215e-03 -4.170871e-03 2.088308e+02 2.422136e-03 9.999957e-01 1.655266e-03 5.937453e+00 4.166855e-03 -1.665350e-03 9.999899e-01 -7.299441e+01
9.999948e-01 3.222235e-03 -1.295143e-04 2.080402e+02 -3.222437e-03 9.999935e-01 -1.590653e-03 5.990711e+00 1.243882e-04 1.591063e-03 9.999987e-01 -7.192546e+01
9.999911e-01 -2.883869e-03 -3.068778e-03 2.081456e+02 2.888874e-03 9.999945e-01 1.627928e-03 5.999687e+00 3.064066e-03 -1.636780e-03 9.999940e-01 -7.101556e+01
9.999939e-01 3.412934e-03 -7.249903e-04 2.079742e+02 -3.414086e-03 9.999929e-01 -1.592857e-03 6.061570e+00 7.195492e-04 1.595323e-03 9.999985e-01 -7.002759e+01
9.999927e-01 -3.093559e-03 -2.226965e-03 2.085150e+02 3.097234e-03 9.999938e-01 1.648827e-03 6.080616e+00 2.221850e-03 -1.655713e-03 9.999962e-01 -6.935827e+01
9.999929e-01 3.529994e-03 -1.321400e-03 2.085310e+02 -3.532272e-03 9.999923e-01 -1.725586e-03 6.073356e+00 1.315299e-03 1.730242e-03 9.999976e-01 -6.834133e+01
9.999932e-01 -3.183883e-03 -1.880747e-03 2.087919e+02 3.187081e-03 9.999935e-01 1.700207e-03 6.046204e+00 1.875322e-03 -1.706190e-03 9.999968e-01 -6.741368e+01
9.999921e-01 3.727475e-03 -1.379584e-03 2.087894e+02 -3.729795e-03 9.999916e-01 -1.682957e-03 6.041647e+00 1.373300e-03 1.688090e-03 9.999976e-01 -6.650240e+01
9.999949e-01 -2.275668e-03 -2.224966e-03 2.072632e+02 2.279765e-03 9.999957e-01 1.840811e-03 6.125551e+00 2.220767e-03 -1.845875e-03 9.999958e-01 -6.538516e+01
9.999927e-01 3.379113e-03 -1.789000e-03 2.064551e+02 -3.382329e-03 9.999927e-01 -1.798063e-03 6.182463e+00 1.782911e-03 1.804102e-03 9.999968e-01 -6.419711e+01
9.999938e-01 -3.429644e-03 -8.568988e-04 2.079781e+02 3.431156e-03 9.999925e-01 1.769617e-03 6.160822e+00 8.508230e-04 -1.772547e-03 9.999981e-01 -6.382774e+01
9.999944e-01 3.071437e-03 -1.353166e-03 2.101324e+02 -3.073578e-03 9.999940e-01 -1.582993e-03 6.166266e+00 1.348296e-03 1.587144e-03 9.999978e-01 -6.431922e+01
9.999932e-01 -3.413401e-03 -1.361346e-03 2.119165e+02 3.415705e-03 9.999927e-01 1.694072e-03 6.169720e+00 1.355554e-03 -1.698712e-03 9.999976e-01 -6.474018e+01
9.999940e-01 3.274027e-03 -1.165075e-03 2.131858e+02 -3.275771e-03 9.999935e-01 -1.498921e-03 6.163844e+00 1.160160e-03 1.502729e-03 9.999982e-01 -6.494322e+01
9.999936e-01 -3.201357e-03 -1.571845e-03 2.137876e+02 3.203965e-03 9.999935e-01 1.659390e-03 6.138243e+00 1.566523e-03 -1.664417e-03 9.999974e-01 -6.469532e+01
9.999936e-01 3.285716e-03 -1.391333e-03 2.141721e+02 -3.287783e-03 9.999935e-01 -1.486227e-03 6.113819e+00 1.386441e-03 1.490793e-03 9.999979e-01 -6.439396e+01
9.999939e-01 -3.159660e-03 -1.459693e-03 2.147249e+02 3.161996e-03 9.999937e-01 1.600988e-03 6.086737e+00 1.454625e-03 -1.605594e-03 9.999977e-01 -6.391043e+01
9.999939e-01 3.239615e-03 -1.301037e-03 2.155825e+02 -3.241621e-03 9.999936e-01 -1.542349e-03 6.057556e+00 1.296032e-03 1.546557e-03 9.999980e-01 -6.352556e+01
9.999942e-01 -2.412457e-03 -2.397537e-03 2.151109e+02 2.415919e-03 9.999960e-01 1.442007e-03 6.083295e+00 2.394049e-03 -1.447791e-03 9.999961e-01 -6.213478e+01
9.999927e-01 3.259486e-03 -2.002709e-03 2.146633e+02 -3.262674e-03 9.999934e-01 -1.590599e-03 6.115993e+00 1.997511e-03 1.597123e-03 9.999967e-01 -6.067384e+01
9.999940e-01 -3.424082e-03 -5.305774e-04 2.162793e+02 3.424980e-03 9.999927e-01 1.701788e-03 6.105210e+00 5.247462e-04 -1.703596e-03 9.999984e-01 -6.071971e+01
9.999926e-01 3.222773e-03 -2.077128e-03 2.175093e+02 -3.225917e-03 9.999937e-01 -1.512128e-03 6.098861e+00 2.072242e-03 1.518818e-03 9.999967e-01 -6.076854e+01
9.999948e-01 -3.202843e-03 -4.518528e-04 2.185367e+02 3.203569e-03 9.999936e-01 1.615248e-03 6.077354e+00 4.466763e-04 -1.616688e-03 9.999986e-01 -6.055849e+01
9.999929e-01 3.223416e-03 -1.968227e-03 2.196306e+02 -3.226474e-03 9.999936e-01 -1.552573e-03 6.052319e+00 1.963210e-03 1.558914e-03 9.999969e-01 -6.024809e+01
9.999954e-01 -3.010941e-03 -2.693665e-04 2.208141e+02 3.011345e-03 9.999943e-01 1.513947e-03 6.012601e+00 2.648063e-04 -1.514752e-03 9.999988e-01 -5.962926e+01
9.999919e-01 3.350449e-03 -2.222808e-03 2.217163e+02 -3.354112e-03 9.999930e-01 -1.646122e-03 5.974407e+00 2.217277e-03 1.653565e-03 9.999962e-01 -5.875091e+01
9.999948e-01 -3.160804e-03 -5.657246e-04 2.225495e+02 3.161715e-03 9.999937e-01 1.616906e-03 5.944551e+00 5.606100e-04 -1.618687e-03 9.999985e-01 -5.813351e+01
9.999921e-01 3.315020e-03 -2.175013e-03 2.235032e+02 -3.318584e-03 9.999932e-01 -1.637419e-03 5.917727e+00 2.169571e-03 1.644625e-03 9.999963e-01 -5.762180e+01
9.999946e-01 -3.084555e-03 -1.098094e-03 2.240441e+02 3.086358e-03 9.999939e-01 1.645036e-03 5.898510e+00 1.093012e-03 -1.648417e-03 9.999980e-01 -5.697374e+01
9.999924e-01 3.307386e-03 -2.055594e-03 2.245787e+02 -3.310805e-03 9.999931e-01 -1.662651e-03 5.879642e+00 2.050081e-03 1.669445e-03 9.999965e-01 -5.634096e+01
9.999949e-01 -3.053273e-03 -9.263317e-04 2.251363e+02 3.054786e-03 9.999940e-01 1.636032e-03 5.852648e+00 9.213306e-04 -1.638854e-03 9.999982e-01 -5.561253e+01
9.999929e-01 3.094348e-03 -2.150898e-03 2.256850e+02 -3.097666e-03 9.999940e-01 -1.541291e-03 5.833419e+00 2.146116e-03 1.547944e-03 9.999965e-01 -5.537553e+01
9.999923e-01 -3.493164e-03 -1.767166e-03 2.269092e+02 3.495843e-03 9.999927e-01 1.515159e-03 5.858519e+00 1.761860e-03 -1.521326e-03 9.999973e-01 -5.629812e+01
9.999943e-01 3.095025e-03 -1.339731e-03 2.284076e+02 -3.096989e-03 9.999941e-01 -1.467021e-03 5.881343e+00 1.335183e-03 1.471162e-03 9.999980e-01 -5.722589e+01
9.999943e-01 -3.089367e-03 -1.343399e-03 2.291978e+02 3.091522e-03 9.999939e-01 1.605061e-03 5.858838e+00 1.338432e-03 -1.609206e-03 9.999978e-01 -5.704504e+01
9.999938e-01 3.268639e-03 -1.329910e-03 2.300855e+02 -3.270668e-03 9.999935e-01 -1.526246e-03 5.826746e+00 1.324913e-03 1.530587e-03 9.999980e-01 -5.662230e+01
9.999942e-01 -3.016016e-03 -1.613378e-03 2.307482e+02 3.018363e-03 9.999944e-01 1.454410e-03 5.796774e+00 1.608982e-03 -1.459272e-03 9.999976e-01 -5.576783e+01
9.999921e-01 3.482707e-03 -1.905874e-03 2.307344e+02 -3.485586e-03 9.999928e-01 -1.509655e-03 5.791622e+00 1.900603e-03 1.516287e-03 9.999970e-01 -5.477841e+01
9.999942e-01 -2.988634e-03 -1.638308e-03 2.305364e+02 2.991130e-03 9.999944e-01 1.523874e-03 5.798268e+00 1.633744e-03 -1.528766e-03 9.999975e-01 -5.387924e+01
9.999916e-01 3.562776e-03 -2.046048e-03 2.303280e+02 -3.566032e-03 9.999924e-01 -1.590324e-03 5.803985e+00 2.040366e-03 1.597607e-03 9.999966e-01 -5.269603e+01
9.999945e-01 -3.142415e-03 -1.037424e-03 2.308919e+02 3.143871e-03 9.999941e-01 1.405216e-03 5.774661e+00 1.033002e-03 -1.408470e-03 9.999985e-01 -5.166267e+01
9.999936e-01 3.341508e-03 -1.289097e-03 2.319253e+02 -3.343262e-03 9.999935e-01 -1.361392e-03 5.735454e+00 1.284540e-03 1.365694e-03 9.999982e-01 -5.098598e+01
9.999809e-01 -4.860497e-03 -3.805498e-03 2.358317e+02 4.862056e-03 9.999881e-01 4.004297e-04 5.862467e+00 3.803506e-03 -4.189252e-04 9.999927e-01 -5.474615e+01
9.999953e-01 2.846116e-03 1.154676e-03 2.418532e+02 -2.844539e-03 9.999950e-01 -1.364912e-03 6.095538e+00 -1.158554e-03 1.361622e-03 9.999984e-01 -6.205691e+01
9.999792e-01 -4.577928e-03 -4.540447e-03 2.469969e+02 4.582220e-03 9.999891e-01 9.356071e-04 6.261055e+00 4.536114e-03 -9.563936e-04 9.999893e-01 -6.677260e+01
