9.999924e-01 2.349975e-04 -3.900550e-03 4.894952e-01 -2.336544e-04 9.999999e-01 3.447957e-04 1.550499e-02 3.900630e-03 -3.438824e-04 9.999923e-01 1.546388e-01
9.999999e-01 1.409594e-04 -4.094994e-04 2.124750e+00 -1.412443e-04 9.999997e-01 -6.958659e-04 5.839133e-02 4.094015e-04 6.959244e-04 9.999997e-01 -1.318869e+00
9.999948e-01 3.900051e-05 -3.226748e-03 3.608476e+00 -3.639887e-05 9.999997e-01 8.063375e-04 5.217322e-02 3.226779e-03 -8.062166e-04 9.999945e-01 -1.450057e+00
1.000000e+00 7.801817e-05 -2.887061e-04 3.645613e+00 -7.817951e-05 9.999998e-01 -5.589498e-04 4.670507e-02 2.886628e-04 5.589731e-04 9.999998e-01 -7.541674e-01
9.999952e-01 3.453844e-05 -3.106333e-03 3.663769e+00 -3.209646e-05 9.999997e-01 7.861851e-04 3.679478e-02 3.106359e-03 -7.860823e-04 9.999949e-01 2.324666e-02
1.000000e+00 4.320093e-05 -2.573626e-04 4.080472e+00 -4.334097e-05 9.999999e-01 -5.442737e-04 2.027837e-02 2.573394e-04 5.442855e-04 9.999998e-01 4.766785e-01
9.999958e-01 4.289813e-05 -2.901884e-03 4.659521e+00 -4.038936e-05 9.999996e-01 8.645971e-04 -5.048758e-03 2.901919e-03 -8.644770e-04 9.999954e-01 1.085329e+00
1.000000e+00 8.794565e-05 -2.929754e-04 5.020168e+00 -8.809864e-05 9.999999e-01 -5.223316e-04 -2.702653e-02 2.929298e-04 5.223581e-04 9.999998e-01 1.883480e+00
9.999958e-01 1.663387e-04 -2.900000e-03 4.993017e+00 -1.643921e-04 9.999998e-01 6.714778e-04 -4.356697e-02 2.900110e-03 -6.709990e-04 9.999956e-01 3.121853e+00
9.999998e-01 2.026784e-05 -6.546811e-04 4.765662e+00 -2.051573e-05 9.999999e-01 -3.786825e-04 -3.942904e-02 6.546738e-04 3.786966e-04 9.999997e-01 4.227815e+00
9.999957e-01 1.961097e-04 -2.913908e-03 4.421524e+00 -1.935350e-04 9.999996e-01 8.838326e-04 -2.503304e-02 2.914080e-03 -8.832656e-04 9.999954e-01 4.830080e+00
9.999997e-01 -9.059900e-05 -8.278306e-04 4.332823e+00 9.023828e-05 9.999999e-01 -4.358206e-04 -1.503503e-02 8.278704e-04 4.357464e-04 9.999996e-01 5.391437e+00
9.999956e-01 1.935653e-04 -2.965047e-03 5.617650e+00 -1.919316e-04 9.999998e-01 5.512569e-04 -1.529851e-02 2.965153e-03 -5.506861e-04 9.999955e-01 5.028845e+00
9.999997e-01 -8.122509e-05 -7.041159e-04 6.816174e+00 8.084559e-05 9.999999e-01 -5.390416e-04 -1.221636e-02 7.041599e-04 5.389852e-04 9.999996e-01 4.538673e+00
9.999966e-01 2.315173e-04 -2.596149e-03 7.323436e+00 -2.292498e-04 9.999996e-01 8.737103e-04 -2.914944e-02 2.596349e-03 -8.731128e-04 9.999962e-01 5.199189e+00
9.999997e-01 -5.036811e-05 -7.207034e-04 7.811910e+00 5.004244e-05 9.999999e-01 -4.519607e-04 -4.691584e-02 7.207264e-04 4.519252e-04 9.999996e-01 6.095272e+00
9.999971e-01 2.694401e-04 -2.384758e-03 8.376185e+00 -2.674617e-04 9.999996e-01 8.299044e-04 -6.974220e-02 2.384981e-03 -8.292649e-04 9.999968e-01 6.875581e+00
9.999996e-01 -1.109597e-04 -9.008162e-04 8.436752e+00 1.104214e-04 9.999998e-01 -5.976130e-04 -8.515043e-02 9.008827e-04 5.975140e-04 9.999994e-01 7.878599e+00
9.999967e-01 2.576850e-04 -2.558441e-03 8.342956e+00 -2.556156e-04 9.999996e-01 8.091780e-04 -9.060385e-02 2.558648e-03 -8.085220e-04 9.999964e-01 8.772240e+00
9.999998e-01 -9.148725e-05 -6.660162e-04 8.977244e+00 9.121031e-05 9.999999e-01 -4.159007e-04 -1.164356e-01 6.660545e-04 4.158406e-04 9.999997e-01 9.523542e+00
9.999969e-01 3.353157e-04 -2.449268e-03 9.174948e+00 -3.335186e-04 9.999997e-01 7.341408e-04 -1.395451e-01 2.449513e-03 -7.333224e-04 9.999967e-01 1.080173e+01
1.000000e+00 -6.620314e-05 -1.915384e-04 9.905558e+00 6.615929e-05 1.000000e+00 -2.291704e-04 -1.844891e-01 1.915539e-04 2.291584e-04 1.000000e+00 1.223228e+01
9.999947e-01 3.136968e-04 -3.237974e-03 1.068632e+01 -3.113602e-04 9.999997e-01 7.221131e-04 -1.998909e-01 3.238199e-03 -7.211018e-04 9.999945e-01 1.311776e+01
1.000000e+00 6.228676e-06 -6.426626e-05 1.139750e+01 -6.242193e-06 1.000000e+00 -2.111454e-04 -2.180858e-01 6.426528e-05 2.111465e-04 1.000000e+00 1.414054e+01
9.999968e-01 2.765493e-04 -2.521532e-03 1.239266e+01 -2.745257e-04 9.999996e-01 8.028584e-04 -2.687997e-01 2.521753e-03 -8.021643e-04 9.999965e-01 1.552575e+01
9.999999e-01 -2.653306e-05 -4.420103e-04 1.311466e+01 2.640169e-05 1.000000e+00 -2.973315e-04 -3.044977e-01 4.420185e-04 2.973206e-04 9.999999e-01 1.677820e+01
9.999964e-01 3.306893e-04 -2.679989e-03 1.373812e+01 -3.289728e-04 9.999997e-01 6.409345e-04 -3.341411e-01 2.680200e-03 -6.400512e-04 9.999962e-01 1.798990e+01
1.000000e+00 -1.529195e-04 -1.454212e-04 1.446882e+01 1.528819e-04 1.000000e+00 -2.589511e-04 -3.806709e-01 1.454611e-04 2.589296e-04 1.000000e+00 1.944747e+01
9.999955e-01 3.289157e-04 -2.988603e-03 1.514848e+01 -3.269183e-04 9.999997e-01 6.688213e-04 -4.117032e-01 2.988822e-03 -6.678419e-04 9.999953e-01 2.046410e+01
9.999999e-01 -1.150555e-04 -3.101932e-04 1.544855e+01 1.149147e-04 9.999999e-01 -4.539930e-04 -4.312982e-01 3.102458e-04 4.539580e-04 9.999998e-01 2.154110e+01
9.999961e-01 2.787681e-04 -2.791688e-03 1.573907e+01 -2.767459e-04 9.999997e-01 7.247405e-04 -4.598063e-01 2.791889e-03 -7.239657e-04 9.999958e-01 2.263868e+01
9.999999e-01 -1.326740e-04 -3.602149e-04 1.615425e+01 1.325077e-04 9.999999e-01 -4.619486e-04 -4.871518e-01 3.602765e-04 4.619016e-04 9.999998e-01 2.356373e+01
9.999960e-01 2.730840e-04 -2.813092e-03 1.641293e+01 -2.710975e-04 9.999997e-01 7.065247e-04 -5.114683e-01 2.813284e-03 -7.057599e-04 9.999958e-01 2.448608e+01
9.999999e-01 -1.325009e-04 -4.577749e-04 1.644530e+01 1.322906e-04 9.999999e-01 -4.595279e-04 -5.258780e-01 4.578361e-04 4.594680e-04 9.999998e-01 2.544407e+01
9.999962e-01 2.417954e-04 -2.736626e-03 1.667707e+01 -2.398316e-04 9.999997e-01 7.179073e-04 -5.497986e-01 2.736798e-03 -7.172490e-04 9.999960e-01 2.630906e+01
9.999997e-01 -1.742504e-04 -7.092853e-04 1.663256e+01 1.739218e-04 9.999999e-01 -4.634886e-04 -5.564121e-01 7.093663e-04 4.633659e-04 9.999996e-01 2.695744e+01
9.999962e-01 2.274595e-04 -2.734981e-03 1.661678e+01 -2.254240e-04 9.999997e-01 7.445577e-04 -5.634453e-01 2.735150e-03 -7.439391e-04 9.999960e-01 2.757890e+01
9.999997e-01 -1.516779e-04 -7.504884e-04 1.661521e+01 1.513417e-04 9.999999e-01 -4.482062e-04 -5.687928e-01 7.505566e-04 4.480932e-04 9.999996e-01 2.824181e+01
9.999963e-01 2.216058e-04 -2.719223e-03 1.629392e+01 -2.194201e-04 9.999997e-01 8.041043e-04 -5.635454e-01 2.719400e-03 -8.035054e-04 9.999960e-01 2.850527e+01
9.999997e-01 -1.317792e-04 -7.080847e-04 1.596414e+01 1.314280e-04 9.999999e-01 -4.960986e-04 -5.594972e-01 7.081503e-04 4.960061e-04 9.999996e-01 2.883888e+01
9.999963e-01 2.391784e-04 -2.701423e-03 1.555735e+01 -2.368850e-04 9.999996e-01 8.492778e-04 -5.518163e-01 2.701625e-03 -8.486355e-04 9.999960e-01 2.907407e+01
9.999998e-01 -1.774187e-04 -6.767488e-04 1.530156e+01 1.770809e-04 9.999999e-01 -4.992652e-04 -5.507450e-01 6.768376e-04 4.991460e-04 9.999996e-01 2.927903e+01
9.999965e-01 2.172403e-04 -2.651502e-03 1.536149e+01 -2.152642e-04 9.999997e-01 7.455780e-04 -5.658505e-01 2.651663e-03 -7.450053e-04 9.999962e-01 2.984010e+01
9.999997e-01 -2.013762e-04 -6.870113e-04 1.547772e+01 2.010501e-04 9.999999e-01 -4.747622e-04 -5.821649e-01 6.871071e-04 4.746246e-04 9.999997e-01 3.034795e+01
9.999962e-01 2.258071e-04 -2.751514e-03 1.530454e+01 -2.235957e-04 9.999997e-01 8.040263e-04 -5.831121e-01 2.751694e-03 -8.034087e-04 9.999959e-01 3.053950e+01
9.999998e-01 -2.392542e-04 -6.605136e-04 1.540092e+01 2.389452e-04 9.999999e-01 -4.679703e-04 -5.891344e-01 6.606258e-04 4.678131e-04 9.999997e-01 3.056645e+01
9.999964e-01 2.931198e-04 -2.667495e-03 1.557566e+01 -2.911545e-04 9.999997e-01 7.371440e-04 -6.058889e-01 2.667709e-03 -7.363654e-04 9.999962e-01 3.117913e+01
9.999997e-01 -2.609202e-04 -7.613660e-04 1.571474e+01 2.605967e-04 9.999999e-01 -4.250969e-04 -6.180635e-01 7.614772e-04 4.248991e-04 9.999996e-01 3.172087e+01
9.999964e-01 3.307762e-04 -2.659229e-03 1.557803e+01 -3.290788e-04 9.999997e-01 6.387197e-04 -6.241752e-01 2.659439e-03 -6.378430e-04 9.999963e-01 3.225089e+01
9.999997e-01 -3.180784e-04 -6.845528e-04 1.556050e+01 3.177948e-04 9.999999e-01 -4.143377e-04 -6.365433e-01 6.846848e-04 4.141207e-04 9.999997e-01 3.273227e+01
9.999964e-01 3.099245e-04 -2.669039e-03 1.591716e+01 -3.082091e-04 9.999997e-01 6.431348e-04 -6.516633e-01 2.669237e-03 -6.423106e-04 9.999962e-01 3.293219e+01
9.999998e-01 -2.955945e-04 -6.174803e-04 1.611338e+01 2.953493e-04 9.999999e-01 -3.972752e-04 -6.634680e-01 6.175980e-04 3.970934e-04 9.999997e-01 3.310113e+01
9.999964e-01 3.673563e-04 -2.650183e-03 1.592239e+01 -3.654727e-04 9.999997e-01 7.112017e-04 -6.657071e-01 2.650443e-03 -7.102313e-04 9.999962e-01 3.324628e+01
9.999997e-01 -3.392439e-04 -6.839060e-04 1.591330e+01 3.389323e-04 9.999998e-01 -4.558897e-04 -6.702926e-01 6.840609e-04 4.556585e-04 9.999997e-01 3.319115e+01
9.999967e-01 3.368806e-04 -2.546902e-03 1.637769e+01 -3.355263e-04 9.999998e-01 5.321784e-04 -6.806357e-01 2.547081e-03 -5.313228e-04 9.999966e-01 3.306018e+01
9.999996e-01 -3.669390e-04 -7.841643e-04 1.697408e+01 3.666921e-04 9.999999e-01 -3.150428e-04 -7.001380e-01 7.842801e-04 3.147558e-04 9.999996e-01 3.325249e+01
9.999974e-01 4.332822e-04 -2.235865e-03 1.794775e+01 -4.319770e-04 9.999997e-01 5.842872e-04 -7.255750e-01 2.236117e-03 -5.833205e-04 9.999973e-01 3.353551e+01
9.999994e-01 -3.580972e-04 -1.064706e-03 1.793902e+01 3.576859e-04 9.999999e-01 -3.865682e-04 -7.392955e-01 1.064845e-03 3.861879e-04 9.999994e-01 3.418059e+01
9.999968e-01 3.074267e-04 -2.529161e-03 1.792753e+01 -3.057202e-04 9.999997e-01 6.751325e-04 -7.418551e-01 2.529367e-03 -6.743578e-04 9.999966e-01 3.403222e+01
9.999996e-01 -3.469822e-04 -7.691282e-04 1.838710e+01 3.464905e-04 9.999997e-01 -6.394294e-04 -7.538003e-01 7.693502e-04 6.391634e-04 9.999995e-01 3.387449e+01
9.999963e-01 3.885724e-04 -2.706726e-03 1.847904e+01 -3.862706e-04 9.999996e-01 8.509117e-04 -7.625590e-01 2.707055e-03 -8.498637e-04 9.999960e-01 3.425013e+01
9.999997e-01 -3.251620e-04 -7.316601e-04 1.857442e+01 3.246955e-04 9.999997e-01 -6.377938e-04 -7.717755e-01 7.318676e-04 6.375567e-04 9.999995e-01 3.474021e+01
9.999965e-01 3.358187e-04 -2.630189e-03 1.895818e+01 -3.335968e-04 9.999996e-01 8.451693e-04 -7.925341e-01 2.630472e-03 -8.442896e-04 9.999962e-01 3.515213e+01
9.999997e-01 -3.464514e-04 -6.690939e-04 1.912615e+01 3.459155e-04 9.999996e-01 -8.010516e-04 -8.049233e-01 6.693716e-04 8.008206e-04 9.999995e-01 3.521194e+01
9.999963e-01 3.409669e-04 -2.691187e-03 1.977765e+01 -3.387159e-04 9.999996e-01 8.368703e-04 -8.213244e-01 2.691471e-03 -8.359564e-04 9.999960e-01 3.535075e+01
9.999998e-01 -2.690201e-04 -6.412599e-04 1.977302e+01 2.686292e-04 9.999998e-01 -6.097003e-04 -8.339561e-01 6.414242e-04 6.095286e-04 9.999996e-01 3.598705e+01
9.999962e-01 3.023293e-04 -2.747832e-03 1.993112e+01 -3.000812e-04 9.999996e-01 8.185457e-04 -8.492422e-01 2.748078e-03 -8.177187e-04 9.999959e-01 3.650088e+01
9.999998e-01 -2.487114e-04 -6.339205e-04 2.000863e+01 2.483421e-04 9.999998e-01 -5.826279e-04 -8.623192e-01 6.340656e-04 5.824710e-04 9.999996e-01 3.708637e+01
9.999961e-01 3.358848e-04 -2.766440e-03 1.984618e+01 -3.335362e-04 9.999996e-01 8.493951e-04 -8.669332e-01 2.766724e-03 -8.484698e-04 9.999958e-01 3.761693e+01
9.999997e-01 -2.195676e-04 -7.077788e-04 1.947502e+01 2.191758e-04 9.999998e-01 -5.538032e-04 -8.617407e-01 7.079006e-04 5.536486e-04 9.999996e-01 3.800123e+01
9.999965e-01 3.108058e-04 -2.633915e-03 1.930024e+01 -3.086318e-04 9.999996e-01 8.257922e-04 -8.675860e-01 2.634170e-03 -8.249771e-04 9.999962e-01 3.843100e+01
9.999997e-01 -2.270664e-04 -7.379765e-04 1.930298e+01 2.266289e-04 9.999998e-01 -5.928858e-04 -8.787808e-01 7.381113e-04 5.927191e-04 9.999996e-01 3.913485e+01
9.999964e-01 3.156522e-04 -2.666033e-03 1.935636e+01 -3.134494e-04 9.999996e-01 8.266695e-04 -8.904251e-01 2.666293e-03 -8.258316e-04 9.999961e-01 3.984447e+01
9.999998e-01 -2.393905e-04 -6.064389e-04 1.946219e+01 2.390383e-04 9.999998e-01 -5.809377e-04 -9.073280e-01 6.065782e-04 5.807933e-04 9.999996e-01 4.057012e+01
9.999957e-01 3.671578e-04 -2.904914e-03 1.927060e+01 -3.648665e-04 9.999996e-01 7.892931e-04 -9.089043e-01 2.905203e-03 -7.882305e-04 9.999955e-01 4.138036e+01
9.999999e-01 -2.074885e-04 -4.527430e-04 1.917468e+01 2.072467e-04 9.999998e-01 -5.343798e-04 -9.151566e-01 4.528542e-04 5.342866e-04 9.999998e-01 4.229965e+01
9.999958e-01 3.422760e-04 -2.877107e-03 1.928226e+01 -3.399237e-04 9.999996e-01 8.180825e-04 -9.288579e-01 2.877385e-03 -8.171017e-04 9.999955e-01 4.317383e+01
9.999999e-01 -2.223175e-04 -4.338381e-04 1.946536e+01 2.220978e-04 9.999998e-01 -5.067316e-04 -9.427614e-01 4.339510e-04 5.066359e-04 9.999998e-01 4.393088e+01
9.999958e-01 3.135402e-04 -2.896148e-03 1.980435e+01 -3.111841e-04 9.999996e-01 8.139810e-04 -9.637568e-01 2.896401e-03 -8.130770e-04 9.999955e-01 4.462007e+01
9.999999e-01 -2.789146e-04 -3.060752e-04 2.007876e+01 2.787324e-04 9.999998e-01 -5.955439e-04 -9.820921e-01 3.062416e-04 5.954592e-04 9.999998e-01 4.503367e+01
9.999957e-01 4.141631e-04 -2.916112e-03 2.012295e+01 -4.118312e-04 9.999996e-01 8.002488e-04 -1.000373e+00 2.916442e-03 -7.990451e-04 9.999954e-01 4.585366e+01
9.999998e-01 -3.194494e-04 -5.366204e-04 2.014822e+01 3.191279e-04 9.999998e-01 -5.993215e-04 -1.012903e+00 5.368121e-04 5.991509e-04 9.999997e-01 4.665899e+01
9.999961e-01 3.497304e-04 -2.764222e-03 2.047720e+01 -3.472672e-04 9.999995e-01 8.915651e-04 -1.035298e+00 2.764532e-03 -8.906024e-04 9.999958e-01 4.723024e+01
9.999999e-01 -2.965433e-04 -4.235472e-04 2.094221e+01 2.962624e-04 9.999997e-01 -6.634070e-04 -1.055356e+00 4.237442e-04 6.632821e-04 9.999997e-01 4.762589e+01
9.999955e-01 3.941080e-04 -2.981677e-03 2.096189e+01 -3.914214e-04 9.999995e-01 9.016195e-04 -1.065692e+00 2.982031e-03 -9.004490e-04 9.999951e-01 4.835006e+01
1.000000e+00 -2.072435e-04 -1.739405e-04 2.157972e+01 2.071586e-04 9.999999e-01 -4.883692e-04 -1.092602e+00 1.740420e-04 4.883339e-04 9.999999e-01 4.921052e+01
9.999960e-01 5.808691e-04 -2.769429e-03 2.227930e+01 -5.778698e-04 9.999992e-01 1.083749e-03 -1.117726e+00 2.770056e-03 -1.082145e-03 9.999956e-01 5.031196e+01
1.000000e+00 -2.622388e-04 -1.646900e-04 2.234158e+01 2.621072e-04 9.999996e-01 -7.996864e-04 -1.136981e+00 1.648999e-04 7.996439e-04 9.999997e-01 5.184115e+01
9.999954e-01 5.685323e-04 -2.963991e-03 2.241869e+01 -5.649532e-04 9.999991e-01 1.208259e-03 -1.148647e+00 2.964675e-03 -1.206580e-03 9.999949e-01 5.317658e+01
9.999998e-01 -1.982086e-04 -6.177101e-04 2.275106e+01 1.978430e-04 9.999998e-01 -5.921336e-04 -1.144877e+00 6.178276e-04 5.920119e-04 9.999996e-01 5.434971e+01
9.999948e-01 6.002563e-04 -3.156099e-03 2.296483e+01 -5.964810e-04 9.999991e-01 1.197033e-03 -1.125505e+00 3.156814e-03 -1.195145e-03 9.999943e-01 5.534038e+01
1.000000e+00 -3.106872e-04 -1.388410e-05 2.361799e+01 3.106797e-04 9.999998e-01 -5.431580e-04 -1.145629e+00 1.405317e-05 5.431543e-04 9.999999e-01 5.642296e+01
9.999953e-01 6.747869e-04 -2.983424e-03 2.407293e+01 -6.717588e-04 9.999993e-01 1.015920e-03 -1.171122e+00 2.984107e-03 -1.013912e-03 9.999950e-01 5.780144e+01
9.999999e-01 -4.470432e-04 -4.876266e-05 2.424251e+01 4.470023e-04 9.999995e-01 -8.376710e-04 -1.201356e+00 4.913744e-05 8.376498e-04 9.999996e-01 5.916095e+01
9.999948e-01 5.079885e-04 -3.183857e-03 2.482476e+01 -5.045015e-04 9.999993e-01 1.095960e-03 -1.229597e+00 3.184411e-03 -1.094349e-03 9.999943e-01 5.986407e+01
9.999999e-01 -4.998961e-04 -1.977168e-04 2.554235e+01 4.997090e-04 9.999994e-01 -9.458185e-04 -1.244098e+00 1.981898e-04 9.457202e-04 9.999995e-01 5.991441e+01
9.999937e-01 4.787669e-04 -3.509834e-03 2.647711e+01 -4.750092e-04 9.999993e-01 1.071399e-03 -1.250195e+00 3.510344e-03 -1.069726e-03 9.999933e-01 5.968596e+01
9.999999e-01 -4.158158e-04 1.379518e-04 2.753086e+01 4.159370e-04 9.999995e-01 -8.790867e-04 -1.266675e+00 -1.375859e-04 8.791447e-04 9.999996e-01 5.974130e+01
9.999948e-01 5.551828e-04 -3.185733e-03 2.844072e+01 -5.514953e-04 9.999992e-01 1.158292e-03 -1.294719e+00 3.186373e-03 -1.156529e-03 9.999943e-01 6.029628e+01
9.999998e-01 -5.350067e-04 -3.059982e-04 2.932465e+01 5.347096e-04 9.999994e-01 -9.707128e-04 -1.308262e+00 3.065177e-04 9.705497e-04 9.999995e-01 6.028162e+01
9.999946e-01 5.133692e-04 -3.255656e-03 3.012410e+01 -5.097403e-04 9.999992e-01 1.115414e-03 -1.318242e+00 3.256226e-03 -1.113749e-03 9.999941e-01 6.015722e+01
9.999998e-01 -4.925694e-04 -4.159023e-04 3.111266e+01 4.921488e-04 9.999994e-01 -1.011176e-03 -1.323463e+00 4.164005e-04 1.010972e-03 9.999994e-01 5.990753e+01
9.999951e-01 4.839085e-04 -3.087639e-03 3.185388e+01 -4.803562e-04 9.999992e-01 1.151176e-03 -1.335064e+00 3.088194e-03 -1.149688e-03 9.999946e-01 5.984703e+01
9.999999e-01 -4.523984e-04 -1.085590e-04 3.265059e+01 4.523003e-04 9.999995e-01 -9.028477e-04 -1.358105e+00 1.089677e-04 9.027992e-04 9.999996e-01 6.015882e+01
9.999948e-01 4.577600e-04 -3.192002e-03 3.330375e+01 -4.539017e-04 9.999992e-01 1.209401e-03 -1.380612e+00 3.192552e-03 -1.207947e-03 9.999942e-01 6.044435e+01
9.999999e-01 -4.262351e-04 6.735195e-05 3.366526e+01 4.262984e-04 9.999995e-01 -9.397627e-04 -1.404531e+00 -6.695103e-05 9.397920e-04 9.999996e-01 6.091720e+01
9.999941e-01 4.103362e-04 -3.408798e-03 3.429489e+01 -4.059757e-04 9.999991e-01 1.279826e-03 -1.431063e+00 3.409319e-03 -1.278436e-03 9.999934e-01 6.129108e+01
1.000000e+00 -2.802502e-04 3.959287e-05 3.576383e+01 2.802943e-04 9.999993e-01 -1.115499e-03 -1.443489e+00 -3.927990e-05 1.115511e-03 9.999994e-01 6.112885e+01
9.999943e-01 3.102679e-04 -3.347714e-03 3.669703e+01 -3.057960e-04 9.999991e-01 1.336257e-03 -1.459475e+00 3.348125e-03 -1.335226e-03 9.999935e-01 6.109843e+01
9.999999e-01 -1.980002e-04 4.072850e-04 3.794431e+01 1.984210e-04 9.999994e-01 -1.033145e-03 -1.485754e+00 -4.070798e-04 1.033226e-03 9.999994e-01 6.127290e+01
9.999935e-01 2.454402e-04 -3.593515e-03 3.889949e+01 -2.413397e-04 9.999993e-01 1.141513e-03 -1.498851e+00 3.593792e-03 -1.140639e-03 9.999929e-01 6.113840e+01
1.000000e+00 -2.440264e-04 8.931011e-05 3.983450e+01 2.441102e-04 9.999995e-01 -9.385039e-04 -1.510938e+00 -8.908073e-05 9.385263e-04 9.999996e-01 6.103209e+01
9.999932e-01 2.363708e-04 -3.672643e-03 4.061477e+01 -2.327464e-04 9.999995e-01 9.873084e-04 -1.514146e+00 3.672874e-03 -9.864476e-04 9.999928e-01 6.070448e+01
9.999999e-01 -1.105613e-04 4.765789e-04 4.201805e+01 1.108950e-04 9.999997e-01 -6.998733e-04 -1.534851e+00 -4.765010e-04 6.999268e-04 9.999996e-01 6.074820e+01
9.999927e-01 2.271210e-04 -3.818622e-03 4.349292e+01 -2.239198e-04 9.999996e-01 8.387610e-04 -1.545993e+00 3.818811e-03 -8.379005e-04 9.999924e-01 6.051753e+01
9.999999e-01 -2.270838e-04 2.800920e-04 4.448122e+01 2.273360e-04 9.999996e-01 -9.002281e-04 -1.548930e+00 -2.798871e-04 9.002924e-04 9.999996e-01 6.011197e+01
9.999925e-01 2.562736e-04 -3.867254e-03 4.495013e+01 -2.533624e-04 9.999997e-01 7.533118e-04 -1.540872e+00 3.867445e-03 -7.523270e-04 9.999922e-01 5.930919e+01
9.999999e-01 -2.148998e-04 3.167179e-04 4.612976e+01 2.151093e-04 9.999998e-01 -6.609707e-04 -1.547229e+00 -3.165755e-04 6.610395e-04 9.999997e-01 5.900244e+01
9.999921e-01 2.219201e-04 -3.961573e-03 4.685007e+01 -2.196692e-04 9.999998e-01 5.686551e-04 -1.542669e+00 3.961698e-03 -5.677811e-04 9.999920e-01 5.840505e+01
9.999999e-01 -1.211479e-04 3.183655e-04 4.836993e+01 1.213019e-04 9.999999e-01 -4.833023e-04 -1.546181e+00 -3.183066e-04 4.833416e-04 9.999998e-01 5.801737e+01
9.999905e-01 1.049754e-04 -4.364922e-03 4.930087e+01 -1.035930e-04 9.999999e-01 3.169696e-04 -1.533238e+00 4.364955e-03 -3.165151e-04 9.999904e-01 5.724129e+01
9.999998e-01 -4.441579e-05 6.912176e-04 5.066855e+01 4.458551e-05 1.000000e+00 -2.452783e-04 -1.536333e+00 -6.912063e-04 2.453097e-04 9.999997e-01 5.684446e+01
9.999908e-01 1.394164e-04 -4.288000e-03 5.195572e+01 -1.385997e-04 1.000000e+00 1.907998e-04 -1.535116e+00 4.288026e-03 -1.902045e-04 9.999908e-01 5.633354e+01
9.999996e-01 -1.906643e-04 9.147186e-04 5.270168e+01 1.908487e-04 1.000000e+00 -2.013164e-04 -1.546503e+00 -9.146798e-04 2.014916e-04 9.999996e-01 5.617829e+01
9.999912e-01 2.181001e-04 -4.182348e-03 5.350772e+01 -2.179837e-04 1.000000e+00 2.831631e-05 -1.548642e+00 4.182354e-03 -2.740507e-05 9.999913e-01 5.569515e+01
9.999997e-01 -1.491818e-04 8.197158e-04 5.375488e+01 1.493706e-04 1.000000e+00 -2.300187e-04 -1.538534e+00 -8.196811e-04 2.301418e-04 9.999996e-01 5.464618e+01
9.999895e-01 1.201860e-04 -4.571379e-03 5.477874e+01 -1.193025e-04 1.000000e+00 1.935935e-04 -1.539113e+00 4.571402e-03 -1.930468e-04 9.999895e-01 5.420041e+01
9.999990e-01 7.913478e-06 1.410772e-03 5.644521e+01 -7.938172e-06 1.000000e+00 1.762007e-05 -1.558856e+00 -1.410771e-03 -1.763055e-05 9.999990e-01 5.414597e+01
9.999896e-01 2.004567e-04 -4.551956e-03 5.844161e+01 -1.994364e-04 1.000000e+00 2.246319e-04 -1.576736e+00 4.552001e-03 -2.237225e-04 9.999896e-01 5.402550e+01
9.999987e-01 9.182337e-05 1.582487e-03 6.063785e+01 -9.188185e-05 1.000000e+00 3.699121e-05 -1.599028e+00 -1.582483e-03 -3.713587e-05 9.999987e-01 5.401927e+01
9.999890e-01 5.597382e-05 -4.680152e-03 6.209141e+01 -5.641668e-05 1.000000e+00 -9.445540e-05 -1.609146e+00 4.680146e-03 9.471771e-05 9.999890e-01 5.371516e+01
9.999993e-01 -5.650357e-05 1.184017e-03 6.283375e+01 5.658169e-05 1.000000e+00 -6.579322e-05 -1.608953e+00 -1.184013e-03 6.586086e-05 9.999993e-01 5.321329e+01
9.999866e-01 3.187561e-05 -5.182489e-03 6.387093e+01 -3.209418e-05 1.000000e+00 -4.205683e-05 -1.600733e+00 5.182487e-03 4.222190e-05 9.999866e-01 5.261961e+01
9.999993e-01 2.564316e-05 1.161106e-03 6.523655e+01 -2.567620e-05 1.000000e+00 2.858736e-05 -1.592484e+00 -1.161105e-03 -2.861646e-05 9.999993e-01 5.200091e+01
9.999888e-01 3.064726e-05 -4.741491e-03 6.653618e+01 -3.056645e-05 1.000000e+00 1.715317e-05 -1.596856e+00 4.741491e-03 -1.700874e-05 9.999888e-01 5.162566e+01
9.999989e-01 9.051041e-05 1.456274e-03 6.799044e+01 -9.047662e-05 1.000000e+00 -2.314564e-05 -1.604995e+00 -1.456276e-03 2.301455e-05 9.999989e-01 5.128639e+01
9.999879e-01 1.196194e-04 -4.927655e-03 6.971391e+01 -1.204234e-04 1.000000e+00 -1.628167e-04 -1.602754e+00 4.927635e-03 1.634074e-04 9.999878e-01 5.070007e+01
9.999982e-01 2.379873e-05 1.896383e-03 6.980403e+01 -2.377920e-05 1.000000e+00 -1.022561e-05 -1.593060e+00 -1.896383e-03 1.018119e-05 9.999982e-01 4.952306e+01
9.999866e-01 2.911336e-05 -5.172178e-03 7.000712e+01 -2.988317e-05 1.000000e+00 -1.487247e-04 -1.586848e+00 5.172173e-03 1.488766e-04 9.999866e-01 4.863576e+01
9.999999e-01 1.263841e-05 5.323810e-04 7.208559e+01 -1.255532e-05 1.000000e+00 -1.557205e-04 -1.562610e+00 -5.323826e-04 1.557145e-04 9.999998e-01 4.758329e+01
9.999940e-01 1.682088e-04 -3.471851e-03 7.345315e+01 -1.674375e-04 1.000000e+00 2.224840e-04 -1.577253e+00 3.471888e-03 -2.219020e-04 9.999939e-01 4.746746e+01
1.000000e+00 -2.053809e-04 1.026061e-05 7.392772e+01 2.053827e-04 1.000000e+00 -1.597038e-04 -1.581726e+00 -1.022751e-05 1.597066e-04 1.000000e+00 4.711330e+01
9.999934e-01 2.310251e-04 -3.629178e-03 7.395330e+01 -2.294953e-04 9.999999e-01 4.219829e-04 -1.587852e+00 3.629275e-03 -4.211479e-04 9.999933e-01 4.756033e+01
1.000000e+00 -2.500396e-04 1.320555e-04 7.478528e+01 2.500586e-04 1.000000e+00 -1.427870e-04 -1.602044e+00 -1.320195e-04 1.428207e-04 1.000000e+00 4.754861e+01
9.999926e-01 3.463646e-04 -3.836620e-03 7.615185e+01 -3.458510e-04 9.999999e-01 1.346048e-04 -1.600010e+00 3.836666e-03 -1.332776e-04 9.999926e-01 4.704598e+01
1.000000e+00 -2.960919e-04 -1.020068e-05 7.707640e+01 2.960886e-04 9.999999e-01 -3.364710e-04 -1.587947e+00 1.030061e-05 3.364687e-04 9.999999e-01 4.625030e+01
9.999935e-01 2.698761e-04 -3.592466e-03 7.826800e+01 -2.686409e-04 9.999999e-01 3.443482e-04 -1.594483e+00 3.592558e-03 -3.433816e-04 9.999935e-01 4.591452e+01
9.999996e-01 -1.654806e-04 8.848717e-04 7.923326e+01 1.657314e-04 9.999999e-01 -2.832181e-04 -1.625263e+00 -8.848245e-04 2.833654e-04 9.999996e-01 4.629596e+01
9.999901e-01 1.432224e-04 -4.444879e-03 8.020885e+01 -1.423069e-04 1.000000e+00 2.063190e-04 -1.628994e+00 4.444908e-03 -2.056851e-04 9.999901e-01 4.590279e+01
9.999991e-01 -3.863647e-06 1.318066e-03 8.035597e+01 4.417771e-06 9.999999e-01 -4.202538e-04 -1.616614e+00 -1.318064e-03 4.202599e-04 9.999990e-01 4.463521e+01
9.999901e-01 1.576121e-04 -4.440229e-03 8.045155e+01 -1.564512e-04 1.000000e+00 2.618518e-04 -1.604701e+00 4.440270e-03 -2.611552e-04 9.999901e-01 4.338147e+01
9.999990e-01 2.640080e-05 1.380770e-03 8.045630e+01 -2.583847e-05 9.999999e-01 -4.071281e-04 -1.591149e+00 -1.380780e-03 4.070927e-04 9.999990e-01 4.198657e+01
9.999896e-01 1.152905e-04 -4.565315e-03 8.066043e+01 -1.147037e-04 1.000000e+00 1.288263e-04 -1.576000e+00 4.565329e-03 -1.283020e-04 9.999896e-01 4.063058e+01
9.999999e-01 -1.098088e-04 5.201645e-04 8.183913e+01 1.099792e-04 9.999999e-01 -3.270814e-04 -1.564813e+00 -5.201283e-04 3.271392e-04 9.999998e-01 3.989792e+01
9.999920e-01 2.138333e-04 -3.982972e-03 8.219600e+01 -2.137765e-04 1.000000e+00 1.472842e-05 -1.548744e+00 3.982974e-03 -1.387752e-05 9.999921e-01 3.863858e+01
9.999996e-01 -5.520061e-05 8.477532e-04 8.235965e+01 5.542383e-05 1.000000e+00 -2.630420e-04 -1.534313e+00 -8.477384e-04 2.630896e-04 9.999996e-01 3.727491e+01
9.999914e-01 2.180053e-04 -4.142803e-03 8.260542e+01 -2.177722e-04 1.000000e+00 5.676586e-05 -1.520024e+00 4.142815e-03 -5.586387e-05 9.999914e-01 3.601435e+01
9.999996e-01 -9.539951e-05 9.332753e-04 8.279959e+01 9.559173e-05 1.000000e+00 -2.057036e-04 -1.509708e+00 -9.332553e-04 2.057934e-04 9.999995e-01 3.491041e+01
9.999912e-01 1.746935e-04 -4.196265e-03 8.295902e+01 -1.742278e-04 1.000000e+00 1.113900e-04 -1.503713e+00 4.196284e-03 -1.106586e-04 9.999912e-01 3.397505e+01
9.999993e-01 -1.542045e-05 1.152453e-03 8.303547e+01 1.576105e-05 1.000000e+00 -2.953567e-04 -1.491183e+00 -1.152448e-03 2.953753e-04 9.999993e-01 3.263652e+01
9.999920e-01 3.275974e-04 -3.975516e-03 8.304776e+01 -3.277401e-04 9.999999e-01 -3.517845e-05 -1.468204e+00 3.975504e-03 3.648042e-05 9.999921e-01 3.071601e+01
9.999994e-01 -8.282659e-05 1.093655e-03 8.316561e+01 8.322436e-05 9.999999e-01 -3.634696e-04 -1.445933e+00 -1.093624e-03 3.635611e-04 9.999993e-01 2.892504e+01
9.999905e-01 1.665046e-04 -4.351942e-03 8.341025e+01 -1.660671e-04 1.000000e+00 1.009347e-04 -1.436284e+00 4.351958e-03 -1.002117e-04 9.999905e-01 2.790794e+01
9.999995e-01 -8.027315e-05 9.763359e-04 8.381810e+01 8.065438e-05 9.999999e-01 -3.902251e-04 -1.424012e+00 -9.763042e-04 3.903043e-04 9.999994e-01 2.686998e+01
9.999918e-01 2.250448e-04 -4.042613e-03 8.388549e+01 -2.240691e-04 9.999999e-01 2.418535e-04 -1.414090e+00 4.042667e-03 -2.409464e-04 9.999918e-01 2.566879e+01
9.999995e-01 -1.116984e-04 9.529551e-04 8.391365e+01 1.119212e-04 1.000000e+00 -2.334875e-04 -1.410413e+00 -9.529287e-04 2.335947e-04 9.999995e-01 2.486408e+01
9.999909e-01 1.250452e-04 -4.253372e-03 8.443674e+01 -1.242081e-04 1.000000e+00 1.971388e-04 -1.415998e+00 4.253396e-03 -1.966094e-04 9.999909e-01 2.451565e+01
9.999994e-01 -3.150863e-05 1.128232e-03 8.446537e+01 3.177589e-05 1.000000e+00 -2.366762e-04 -1.410089e+00 -1.128224e-03 2.367126e-04 9.999993e-01 2.357946e+01
9.999914e-01 1.978226e-04 -4.152370e-03 8.437436e+01 -1.969923e-04 1.000000e+00 2.004376e-04 -1.400432e+00 4.152409e-03 -1.996186e-04 9.999914e-01 2.233443e+01
9.999996e-01 -1.341794e-04 8.470456e-04 8.457915e+01 1.344589e-04 9.999999e-01 -3.295857e-04 -1.393107e+00 -8.470010e-04 3.297001e-04 9.999996e-01 2.139323e+01
9.999903e-01 1.240771e-04 -4.392624e-03 8.511648e+01 -1.229347e-04 1.000000e+00 2.603993e-04 -1.391312e+00 4.392656e-03 -2.598574e-04 9.999903e-01 2.081794e+01
9.999997e-01 -1.810336e-04 7.178178e-04 8.567235e+01 1.812402e-04 9.999999e-01 -2.874970e-04 -1.390312e+00 -7.177654e-04 2.876277e-04 9.999997e-01 2.031464e+01
9.999890e-01 1.266165e-04 -4.691862e-03 8.651771e+01 -1.258882e-04 1.000000e+00 1.555663e-04 -1.383836e+00 4.691881e-03 -1.549746e-04 9.999890e-01 1.970167e+01
9.999995e-01 -8.246726e-05 9.610851e-04 8.752279e+01 8.279288e-05 9.999999e-01 -3.385326e-04 -1.378759e+00 -9.610569e-04 3.386127e-04 9.999995e-01 1.910574e+01
9.999912e-01 1.947462e-04 -4.201194e-03 8.777668e+01 -1.941614e-04 1.000000e+00 1.396477e-04 -1.369204e+00 4.201221e-03 -1.388314e-04 9.999912e-01 1.808909e+01
9.999998e-01 -1.598749e-04 5.430454e-04 8.821102e+01 1.600141e-04 1.000000e+00 -2.558123e-04 -1.359482e+00 -5.430042e-04 2.558999e-04 9.999998e-01 1.720435e+01
9.999919e-01 1.822955e-04 -4.019218e-03 8.928878e+01 -1.812601e-04 1.000000e+00 2.580346e-04 -1.365628e+00 4.019265e-03 -2.573047e-04 9.999919e-01 1.686986e+01
9.999997e-01 -1.842767e-04 8.070765e-04 9.023772e+01 1.843828e-04 1.000000e+00 -1.310768e-04 -1.385800e+00 -8.070520e-04 1.312262e-04 9.999997e-01 1.692400e+01
9.999925e-01 2.097257e-04 -3.857640e-03 9.105650e+01 -2.085977e-04 9.999999e-01 2.928606e-04 -1.409249e+00 3.857701e-03 -2.920544e-04 9.999925e-01 1.715473e+01
9.999998e-01 -2.346189e-04 6.160835e-04 9.161706e+01 2.347559e-04 9.999999e-01 -2.219659e-04 -1.425833e+00 -6.160311e-04 2.221112e-04 9.999998e-01 1.724235e+01
9.999929e-01 2.912211e-04 -3.761713e-03 9.168472e+01 -2.904652e-04 9.999999e-01 2.015523e-04 -1.423957e+00 3.761772e-03 -2.004589e-04 9.999929e-01 1.649832e+01
9.999999e-01 -2.918255e-04 3.650074e-04 9.190870e+01 2.919034e-04 9.999999e-01 -2.128553e-04 -1.421709e+00 -3.649450e-04 2.129625e-04 9.999999e-01 1.582781e+01
9.999926e-01 2.625016e-04 -3.847201e-03 9.210399e+01 -2.611113e-04 9.999999e-01 3.619217e-04 -1.424996e+00 3.847296e-03 -3.609151e-04 9.999925e-01 1.549852e+01
1.000000e+00 -2.467936e-04 1.002536e-04 9.225015e+01 2.468071e-04 1.000000e+00 -1.318331e-04 -1.424933e+00 -1.002207e-04 1.318585e-04 1.000000e+00 1.579249e+01
9.999940e-01 2.637635e-04 -3.448714e-03 9.274435e+01 -2.628214e-04 9.999999e-01 2.737025e-04 -1.439506e+00 3.448786e-03 -2.727951e-04 9.999940e-01 1.596860e+01
9.999975e-01 2.473864e-04 2.218133e-03 9.366963e+01 -2.486981e-04 9.999998e-01 5.912233e-04 -1.519241e+00 -2.217986e-03 -5.917728e-04 9.999974e-01 1.848513e+01
9.999951e-01 1.376132e-04 -3.136945e-03 9.454674e+01 -1.379878e-04 1.000000e+00 -1.191056e-04 -1.605311e+00 3.136928e-03 1.195372e-04 9.999951e-01 2.094863e+01
1.000000e+00 -6.664581e-05 -1.004527e-04 9.472984e+01 6.665227e-05 1.000000e+00 6.191585e-05 -1.601137e+00 1.004489e-04 -6.192187e-05 1.000000e+00 2.013881e+01
9.999939e-01 5.822503e-05 -3.503714e-03 9.513230e+01 -5.879832e-05 1.000000e+00 -1.634535e-04 -1.594757e+00 3.503704e-03 1.636579e-04 9.999938e-01 1.938774e+01
1.000000e+00 -1.195996e-04 -1.171039e-04 9.571025e+01 1.196145e-04 1.000000e+00 1.246066e-04 -1.596856e+00 1.170893e-04 -1.246200e-04 1.000000e+00 1.897273e+01
9.999944e-01 1.495501e-04 -3.346228e-03 9.617095e+01 -1.502408e-04 1.000000e+00 -2.061040e-04 -1.594801e+00 3.346197e-03 2.066049e-04 9.999944e-01 1.837308e+01
9.999998e-01 -1.463181e-04 -5.308686e-04 9.678427e+01 1.463689e-04 1.000000e+00 9.516845e-05 -1.584669e+00 5.308549e-04 -9.524546e-05 9.999999e-01 1.756850e+01
9.999943e-01 1.736980e-04 -3.377666e-03 9.787061e+01 -1.742427e-04 1.000000e+00 -1.608910e-04 -1.577917e+00 3.377637e-03 1.614779e-04 9.999943e-01 1.699893e+01
1.000000e+00 -1.615427e-04 -1.008985e-04 9.876464e+01 1.615515e-04 1.000000e+00 8.438470e-05 -1.580580e+00 1.008851e-04 -8.440032e-05 1.000000e+00 1.665103e+01
9.999940e-01 2.316422e-04 -3.470134e-03 9.925602e+01 -2.323016e-04 1.000000e+00 -1.895649e-04 -1.571708e+00 3.470089e-03 1.903692e-04 9.999940e-01 1.583152e+01
1.000000e+00 -1.941850e-04 1.036338e-04 1.004925e+02 1.941402e-04 9.999999e-01 4.353118e-04 -1.592704e+00 -1.037181e-04 -4.352910e-04 9.999999e-01 1.588823e+01
9.999962e-01 3.653807e-04 -2.723504e-03 1.018333e+02 -3.658408e-04 9.999999e-01 -1.683682e-04 -1.628474e+00 2.723441e-03 1.693632e-04 9.999963e-01 1.626830e+01
9.999999e-01 -1.813891e-04 4.617026e-04 1.025356e+02 1.809896e-04 9.999996e-01 8.658190e-04 -1.680070e+00 -4.618592e-04 -8.657347e-04 9.999995e-01 1.740589e+01
9.999967e-01 3.402239e-04 -2.532854e-03 1.031540e+02 -3.412115e-04 9.999999e-01 -3.893996e-04 -1.738733e+00 2.532720e-03 3.902619e-04 9.999967e-01 1.895292e+01
9.999996e-01 -3.142930e-04 -8.578148e-04 1.035112e+02 3.145771e-04 9.999999e-01 3.308538e-04 -1.737561e+00 8.577110e-04 -3.311228e-04 9.999996e-01 1.840688e+01
9.999977e-01 5.094630e-04 -2.101833e-03 1.034376e+02 -5.103021e-04 9.999998e-01 -3.985726e-04 -1.725949e+00 2.101629e-03 3.996435e-04 9.999977e-01 1.711660e+01
9.999985e-01 -4.867792e-04 -1.685968e-03 1.042000e+02 4.872077e-04 9.999998e-01 2.535979e-04 -1.717500e+00 1.685845e-03 -2.544182e-04 9.999985e-01 1.639744e+01
9.999988e-01 5.956678e-04 -1.458695e-03 1.054905e+02 -5.959358e-04 9.999998e-01 -1.831680e-04 -1.733093e+00 1.458585e-03 1.840364e-04 9.999989e-01 1.629983e+01
9.999989e-01 -4.536594e-04 -1.385541e-03 1.068909e+02 4.542435e-04 9.999998e-01 4.210781e-04 -1.760194e+00 1.385350e-03 -4.217064e-04 9.999990e-01 1.648883e+01
9.999978e-01 5.034711e-04 -2.058028e-03 1.080875e+02 -5.046238e-04 9.999997e-01 -5.595099e-04 -1.762631e+00 2.057745e-03 5.605465e-04 9.999977e-01 1.605230e+01
9.999986e-01 -4.521108e-04 -1.640254e-03 1.087523e+02 4.525524e-04 9.999999e-01 2.687170e-04 -1.751394e+00 1.640133e-03 -2.694583e-04 9.999986e-01 1.518055e+01
9.999975e-01 4.729642e-04 -2.176955e-03 1.093524e+02 -4.740127e-04 9.999998e-01 -4.810228e-04 -1.738056e+00 2.176727e-03 4.820528e-04 9.999975e-01 1.422975e+01
9.999990e-01 -4.788027e-04 -1.342262e-03 1.103270e+02 4.794976e-04 9.999998e-01 5.172689e-04 -1.744508e+00 1.342014e-03 -5.179114e-04 9.999990e-01 1.392834e+01
9.999984e-01 5.878840e-04 -1.681624e-03 1.116540e+02 -5.883306e-04 9.999998e-01 -2.649538e-04 -1.770847e+00 1.681467e-03 2.659420e-04 9.999986e-01 1.410671e+01
9.999964e-01 -3.954831e-04 -2.654083e-03 1.135657e+02 3.950337e-04 9.999999e-01 -1.699281e-04 -1.738712e+00 2.654151e-03 1.688797e-04 9.999965e-01 1.269554e+01
9.999989e-01 9.254117e-04 -1.174528e-03 1.153000e+02 -9.258757e-04 9.999995e-01 -3.943142e-04 -1.695184e+00 1.174162e-03 3.954006e-04 9.999992e-01 1.087481e+01
9.999989e-01 -3.923004e-04 -1.455426e-03 1.152285e+02 3.935381e-04 9.999996e-01 8.499982e-04 -1.705733e+00 1.455092e-03 -8.505693e-04 9.999986e-01 1.218895e+01
9.999987e-01 8.951140e-04 -1.356816e-03 1.146590e+02 -8.961063e-04 9.999993e-01 -7.306951e-04 -1.703690e+00 1.356161e-03 7.319093e-04 9.999988e-01 1.398818e+01
9.999986e-01 -1.769776e-04 -1.680463e-03 1.133465e+02 1.788011e-04 9.999994e-01 1.084884e-03 -1.629228e+00 1.680270e-03 -1.085182e-03 9.999980e-01 1.235209e+01
9.999990e-01 6.628850e-04 -1.274394e-03 1.131257e+02 -6.646681e-04 9.999988e-01 -1.399010e-03 -1.592281e+00 1.273465e-03 1.399855e-03 9.999982e-01 1.037524e+01
9.999981e-01 -5.364884e-04 -1.863616e-03 1.147118e+02 5.397225e-04 9.999983e-01 1.735156e-03 -1.620601e+00 1.862683e-03 -1.736158e-03 9.999968e-01 1.058802e+01
9.999994e-01 7.273602e-04 -8.515541e-04 1.166223e+02 -7.284609e-04 9.999989e-01 -1.292660e-03 -1.662604e+00 8.506127e-04 1.293279e-03 9.999988e-01 1.107435e+01
9.999991e-01 -4.096771e-04 -1.313649e-03 1.186314e+02 4.118744e-04 9.999985e-01 1.672600e-03 -1.711062e+00 1.312962e-03 -1.673138e-03 9.999977e-01 1.171445e+01
9.999996e-01 8.632271e-04 3.558303e-04 1.199125e+02 -8.629721e-04 9.999994e-01 -7.170173e-04 -1.805630e+00 -3.564493e-04 7.167093e-04 9.999997e-01 1.401159e+01
9.999989e-01 -5.675901e-04 -1.335867e-03 1.213243e+02 5.696667e-04 9.999986e-01 1.554385e-03 -1.900082e+00 1.334983e-03 -1.555144e-03 9.999979e-01 1.615622e+01
9.999985e-01 8.039098e-04 -1.549307e-03 1.232162e+02 -8.058938e-04 9.999989e-01 -1.280177e-03 -1.929095e+00 1.548276e-03 1.281423e-03 9.999980e-01 1.634979e+01
9.999981e-01 -7.071900e-04 -1.830342e-03 1.243938e+02 7.097608e-04 9.999988e-01 1.404130e-03 -1.937368e+00 1.829347e-03 -1.405426e-03 9.999973e-01 1.610973e+01
9.999982e-01 6.794999e-04 -1.745104e-03 1.252545e+02 -6.818621e-04 9.999989e-01 -1.353225e-03 -1.942003e+00 1.744182e-03 1.354411e-03 9.999976e-01 1.581857e+01
9.999982e-01 -7.011999e-04 -1.752747e-03 1.260085e+02 7.035347e-04 9.999989e-01 1.331661e-03 -1.947021e+00 1.751812e-03 -1.332891e-03 9.999976e-01 1.554498e+01
9.999986e-01 7.171754e-04 -1.523761e-03 1.270103e+02 -7.188437e-04 9.999991e-01 -1.094393e-03 -1.970015e+00 1.522974e-03 1.095486e-03 9.999982e-01 1.574151e+01
9.999993e-01 -5.746242e-04 -1.045396e-03 1.283962e+02 5.762008e-04 9.999987e-01 1.508208e-03 -2.013951e+00 1.044528e-03 -1.508808e-03 9.999983e-01 1.639191e+01
9.999985e-01 7.037104e-04 -1.570484e-03 1.293741e+02 -7.060000e-04 9.999987e-01 -1.457591e-03 -2.043747e+00 1.569456e-03 1.458697e-03 9.999977e-01 1.672566e+01
9.999979e-01 -7.749845e-04 -1.917278e-03 1.300908e+02 7.779354e-04 9.999985e-01 1.538703e-03 -2.058170e+00 1.916083e-03 -1.540191e-03 9.999970e-01 1.667624e+01
9.999990e-01 8.502226e-04 -1.173230e-03 1.312929e+02 -8.516799e-04 9.999989e-01 -1.241895e-03 -2.086032e+00 1.172172e-03 1.242892e-03 9.999985e-01 1.694558e+01
9.999979e-01 -7.552435e-04 -1.905721e-03 1.324715e+02 7.581344e-04 9.999986e-01 1.516549e-03 -2.111430e+00 1.904573e-03 -1.517990e-03 9.999970e-01 1.716778e+01
9.999994e-01 1.017465e-03 -2.719883e-04 1.338400e+02 -1.017697e-03 9.999991e-01 -8.539703e-04 -2.167089e+00 2.711189e-04 8.542460e-04 9.999996e-01 1.819905e+01
9.999973e-01 -7.892805e-04 -2.191612e-03 1.358916e+02 7.926472e-04 9.999985e-01 1.535595e-03 -2.217107e+00 2.190397e-03 -1.537327e-03 9.999964e-01 1.898524e+01
9.999966e-01 1.219433e-03 -2.285992e-03 1.393216e+02 -1.222818e-03 9.999982e-01 -1.479707e-03 -2.201691e+00 2.284183e-03 1.482497e-03 9.999963e-01 1.816221e+01
9.999987e-01 -7.642013e-04 -1.439476e-03 1.420557e+02 7.662066e-04 9.999987e-01 1.392828e-03 -2.196823e+00 1.438410e-03 -1.393929e-03 9.999980e-01 1.759858e+01
9.999986e-01 1.186643e-03 -1.159116e-03 1.442907e+02 -1.187677e-03 9.999989e-01 -8.910163e-04 -2.242162e+00 1.158057e-03 8.923911e-04 9.999989e-01 1.834942e+01
9.999986e-01 -9.340087e-04 -1.373641e-03 1.460844e+02 9.358620e-04 9.999987e-01 1.348937e-03 -2.290941e+00 1.372379e-03 -1.350220e-03 9.999981e-01 1.923143e+01
9.999957e-01 1.246352e-03 -2.645945e-03 1.494652e+02 -1.249069e-03 9.999987e-01 -1.025430e-03 -2.303585e+00 2.644664e-03 1.028730e-03 9.999960e-01 1.897874e+01
9.999999e-01 -4.664069e-04 1.371358e-05 1.531667e+02 4.663885e-04 9.999990e-01 1.333561e-03 -2.330612e+00 -1.433530e-05 -1.333554e-03 9.999991e-01 1.904913e+01
9.999952e-01 8.061557e-04 -2.988800e-03 1.552262e+02 -8.096684e-04 9.999990e-01 -1.174145e-03 -2.350443e+00 2.987850e-03 1.176559e-03 9.999948e-01 1.904808e+01
9.999995e-01 -7.998197e-04 -5.932549e-04 1.564094e+02 8.004738e-04 9.999991e-01 1.102661e-03 -2.354917e+00 5.923727e-04 -1.103134e-03 9.999992e-01 1.868136e+01
9.999951e-01 7.988814e-04 -3.041413e-03 1.571489e+02 -8.026310e-04 9.999989e-01 -1.231748e-03 -2.352734e+00 3.040426e-03 1.234183e-03 9.999946e-01 1.812633e+01
9.999997e-01 -7.935410e-04 -2.618203e-04 1.583397e+02 7.939452e-04 9.999985e-01 1.545986e-03 -2.378009e+00 2.605933e-04 -1.546193e-03 9.999988e-01 1.834737e+01
9.999952e-01 8.181972e-04 -2.991423e-03 1.592103e+02 -8.226904e-04 9.999985e-01 -1.500993e-03 -2.391458e+00 2.990190e-03 1.503446e-03 9.999944e-01 1.828603e+01
9.999996e-01 -7.956801e-04 -2.811121e-04 1.592910e+02 7.960844e-04 9.999986e-01 1.440011e-03 -2.389018e+00 2.799662e-04 -1.440234e-03 9.999989e-01 1.765429e+01
9.999944e-01 7.550865e-04 -3.263720e-03 1.597390e+02 -7.600024e-04 9.999986e-01 -1.505166e-03 -2.398433e+00 3.262579e-03 1.507637e-03 9.999935e-01 1.768319e+01
9.999997e-01 -7.047891e-04 1.344092e-04 1.606330e+02 7.045565e-04 9.999983e-01 1.725127e-03 -2.427775e+00 -1.356246e-04 -1.725031e-03 9.999985e-01 1.815293e+01
9.999952e-01 7.828090e-04 -2.984588e-03 1.615711e+02 -7.866987e-04 9.999988e-01 -1.302219e-03 -2.469584e+00 2.983564e-03 1.304560e-03 9.999947e-01 1.901863e+01
9.999997e-01 -6.561689e-04 4.659836e-04 1.625683e+02 6.554370e-04 9.999986e-01 1.569719e-03 -2.508938e+00 -4.670127e-04 -1.569412e-03 9.999987e-01 1.969954e+01
9.999923e-01 6.867781e-04 -3.864520e-03 1.636860e+02 -6.928654e-04 9.999985e-01 -1.573981e-03 -2.517769e+00 3.863433e-03 1.576646e-03 9.999913e-01 1.950986e+01
9.999997e-01 -7.261817e-04 1.950184e-04 1.644333e+02 7.258961e-04 9.999987e-01 1.462179e-03 -2.519862e+00 -1.960797e-04 -1.462037e-03 9.999989e-01 1.920469e+01
