9.999939e-01 -5.092607e-06 -3.484748e-03 -6.605595e-02 5.925865e-06 1.000000e+00 2.391123e-04 -6.597122e-03 3.484746e-03 -2.391322e-04 9.999939e-01 4.290217e-01
1.000000e+00 -4.528529e-05 7.419099e-05 2.060957e-03 4.527997e-05 1.000000e+00 7.206508e-05 -1.470172e-02 -7.419391e-05 -7.206101e-05 1.000000e+00 5.044236e-01
9.999938e-01 2.007019e-05 -3.534155e-03 4.790935e-02 -1.911169e-05 1.000000e+00 2.712514e-04 -2.172846e-02 3.534160e-03 -2.711828e-04 9.999937e-01 6.352318e-01
9.999999e-01 9.482883e-05 4.607890e-04 8.235479e-02 -9.483265e-05 1.000000e+00 8.327631e-06 -3.982606e-02 -4.607879e-04 -8.370616e-06 9.999999e-01 1.351298e+00
9.999901e-01 1.636590e-04 -4.456949e-03 -6.933271e-01 -1.625860e-04 1.000000e+00 2.411133e-04 -5.463941e-03 4.456988e-03 -2.403870e-04 9.999900e-01 2.207866e+00
9.999999e-01 4.150994e-04 1.043294e-04 -2.231262e+00 -4.151282e-04 9.999999e-01 2.764201e-04 7.131539e-02 -1.042143e-04 -2.764627e-04 1.000000e+00 2.752398e+00
9.999912e-01 1.431640e-04 -4.195559e-03 -3.673847e+00 -1.422151e-04 1.000000e+00 2.264786e-04 1.400844e-01 4.195591e-03 -2.258806e-04 9.999912e-01 3.246122e+00
9.999999e-01 1.420201e-04 5.156412e-04 -4.581885e+00 -1.421399e-04 1.000000e+00 2.323133e-04 1.774693e-01 -5.156078e-04 -2.323858e-04 9.999998e-01 3.458558e+00
9.999925e-01 -8.935702e-05 -3.877943e-03 -4.741323e+00 8.965740e-05 1.000000e+00 7.729456e-05 1.744822e-01 3.877936e-03 -7.764238e-05 9.999925e-01 3.803975e+00
9.999998e-01 1.715598e-04 5.224799e-04 -4.864658e+00 -1.716294e-04 1.000000e+00 1.332028e-04 1.671223e-01 -5.224567e-04 -1.332918e-04 9.999999e-01 4.441145e+00
9.999898e-01 -5.903277e-05 -4.516481e-03 -5.274746e+00 5.933695e-05 1.000000e+00 6.722374e-05 1.848720e-01 4.516477e-03 -6.749176e-05 9.999898e-01 5.030286e+00
9.999994e-01 1.085054e-04 1.045718e-03 -5.099011e+00 -1.086935e-04 1.000000e+00 1.798449e-04 1.737369e-01 -1.045698e-03 -1.799578e-04 9.999994e-01 5.530182e+00
9.999912e-01 1.495264e-05 -4.202386e-03 -5.103831e+00 -1.492000e-05 1.000000e+00 7.809145e-06 1.561778e-01 4.202386e-03 -7.747089e-06 9.999912e-01 6.321561e+00
9.999999e-01 -2.544143e-05 5.322199e-04 -4.700620e+00 2.527932e-05 1.000000e+00 3.046845e-04 1.441193e-01 -5.322273e-04 -3.046703e-04 9.999998e-01 6.479419e+00
9.999915e-01 1.298328e-04 -4.115218e-03 -3.785067e+00 -1.296824e-04 1.000000e+00 3.682794e-05 1.322511e-01 4.115222e-03 -3.629467e-05 9.999915e-01 6.481387e+00
9.999997e-01 -2.439884e-05 8.030846e-04 -3.044258e+00 2.415585e-05 1.000000e+00 3.026303e-04 1.103035e-01 -8.030916e-04 -3.026101e-04 9.999996e-01 6.896545e+00
9.999919e-01 1.034613e-04 -4.030872e-03 -2.422983e+00 -1.031370e-04 1.000000e+00 8.067456e-05 8.431382e-02 4.030880e-03 -8.025889e-05 9.999919e-01 7.501960e+00
9.999994e-01 -5.601054e-05 1.136090e-03 -2.105507e+00 5.572471e-05 1.000000e+00 2.516593e-04 4.983102e-02 -1.136104e-03 -2.515951e-04 9.999993e-01 8.288264e+00
9.999911e-01 7.740099e-05 -4.210601e-03 -1.839427e+00 -7.715431e-05 1.000000e+00 5.875735e-05 2.120921e-02 4.210605e-03 -5.843267e-05 9.999911e-01 9.019057e+00
9.999995e-01 -1.011214e-04 1.036607e-03 -1.202803e+00 1.007911e-04 9.999999e-01 3.186962e-04 -3.837162e-03 -1.036639e-03 -3.185908e-04 9.999994e-01 9.311684e+00
9.999923e-01 1.113754e-04 -3.921549e-03 -6.092705e-01 -1.113987e-04 1.000000e+00 -5.690923e-06 -3.155328e-02 3.921548e-03 6.127023e-06 9.999923e-01 9.646201e+00
9.999994e-01 -2.255320e-05 1.133601e-03 1.634009e-01 2.218580e-05 9.999999e-01 3.241594e-04 -6.610319e-02 -1.133608e-03 -3.241333e-04 9.999993e-01 1.032665e+01
9.999918e-01 5.490878e-05 -4.041583e-03 9.456674e-01 -5.520377e-05 1.000000e+00 -7.286419e-05 -8.955350e-02 4.041578e-03 7.308600e-05 9.999918e-01 1.055275e+01
9.999995e-01 -5.115678e-05 9.959190e-04 1.556202e+00 5.087269e-05 1.000000e+00 2.853292e-04 -1.117790e-01 -9.959332e-04 -2.852777e-04 9.999995e-01 1.077508e+01
9.999911e-01 8.562849e-05 -4.208056e-03 2.184486e+00 -8.514697e-05 1.000000e+00 1.146194e-04 -1.386597e-01 4.208065e-03 -1.142608e-04 9.999911e-01 1.124100e+01
9.999994e-01 -6.606572e-05 1.121161e-03 2.673984e+00 6.586848e-05 1.000000e+00 1.760122e-04 -1.619715e-01 -1.121172e-03 -1.759376e-04 9.999994e-01 1.158780e+01
9.999898e-01 1.417385e-05 -4.526294e-03 3.234645e+00 -1.470135e-05 1.000000e+00 -1.164967e-04 -1.716713e-01 4.526292e-03 1.165614e-04 9.999897e-01 1.138650e+01
9.999990e-01 -2.432382e-05 1.438941e-03 3.679604e+00 2.384432e-05 9.999999e-01 3.332816e-04 -1.927311e-01 -1.438948e-03 -3.332462e-04 9.999989e-01 1.154806e+01
9.999890e-01 1.664226e-05 -4.694435e-03 4.101680e+00 -1.668119e-05 1.000000e+00 -8.242128e-06 -2.172393e-01 4.694435e-03 8.319635e-06 9.999890e-01 1.195994e+01
9.999993e-01 -2.203334e-05 1.211183e-03 4.324857e+00 2.164547e-05 9.999999e-01 3.202972e-04 -2.332678e-01 -1.211190e-03 -3.202700e-04 9.999992e-01 1.237713e+01
9.999881e-01 -2.162348e-05 -4.877814e-03 4.303668e+00 2.133517e-05 1.000000e+00 -5.914716e-05 -2.378485e-01 4.877815e-03 5.904167e-05 9.999881e-01 1.276399e+01
9.999985e-01 -3.308461e-05 1.746781e-03 4.485921e+00 3.239937e-05 9.999999e-01 3.923490e-04 -2.619045e-01 -1.746793e-03 -3.922911e-04 9.999984e-01 1.311222e+01
9.999861e-01 6.522718e-06 -5.268950e-03 4.576735e+00 -7.087903e-06 1.000000e+00 -1.072370e-04 -2.753492e-01 5.268949e-03 1.072722e-04 9.999861e-01 1.346761e+01
9.999979e-01 -3.002818e-06 2.058056e-03 4.755476e+00 2.127878e-06 9.999999e-01 4.251621e-04 -2.971152e-01 -2.058057e-03 -4.251561e-04 9.999978e-01 1.395453e+01
9.999864e-01 1.617955e-05 -5.210973e-03 4.912582e+00 -1.709155e-05 1.000000e+00 -1.749579e-04 -3.211847e-01 5.210969e-03 1.750438e-04 9.999864e-01 1.449825e+01
9.999981e-01 3.733280e-05 1.969963e-03 4.958907e+00 -3.807575e-05 9.999999e-01 3.771393e-04 -3.412141e-01 -1.969948e-03 -3.772129e-04 9.999980e-01 1.512809e+01
9.999855e-01 -4.024598e-05 -5.390872e-03 4.778468e+00 4.018598e-05 1.000000e+00 -1.122575e-05 -3.452789e-01 5.390872e-03 1.100824e-05 9.999855e-01 1.519859e+01
9.999987e-01 7.206770e-05 1.588957e-03 4.479167e+00 -7.257759e-05 9.999999e-01 3.208847e-04 -3.368556e-01 -1.588933e-03 -3.209989e-04 9.999987e-01 1.547817e+01
9.999838e-01 4.801456e-07 -5.696528e-03 4.059334e+00 -1.204144e-06 1.000000e+00 -1.270796e-04 -3.159234e-01 5.696527e-03 1.270837e-04 9.999838e-01 1.612290e+01
9.999974e-01 -4.356167e-05 2.287863e-03 4.785059e+00 4.233511e-05 9.999999e-01 5.361953e-04 -3.425472e-01 -2.287886e-03 -5.360963e-04 9.999972e-01 1.640357e+01
9.999860e-01 1.344821e-04 -5.288308e-03 6.210500e+00 -1.353122e-04 1.000000e+00 -1.566065e-04 -3.721983e-01 5.288287e-03 1.573192e-04 9.999860e-01 1.664809e+01
9.999978e-01 -1.431284e-04 2.106775e-03 6.837811e+00 1.422630e-04 9.999999e-01 4.109853e-04 -3.899373e-01 -2.106834e-03 -4.106840e-04 9.999977e-01 1.672671e+01
9.999847e-01 1.007697e-04 -5.534337e-03 6.902612e+00 -1.016644e-04 1.000000e+00 -1.613774e-04 -3.979940e-01 5.534320e-03 1.619369e-04 9.999847e-01 1.683200e+01
9.999978e-01 -1.323254e-04 2.106102e-03 7.061370e+00 1.313346e-04 9.999999e-01 4.706057e-04 -4.114915e-01 -2.106164e-03 -4.703273e-04 9.999977e-01 1.710704e+01
9.999847e-01 2.109596e-04 -5.518752e-03 6.759088e+00 -2.117841e-04 1.000000e+00 -1.488049e-04 -4.091410e-01 5.518720e-03 1.499707e-04 9.999848e-01 1.737494e+01
9.999980e-01 -1.442856e-04 1.987023e-03 6.654732e+00 1.435781e-04 9.999999e-01 3.562335e-04 -4.163271e-01 -1.987074e-03 -3.559468e-04 9.999980e-01 1.809649e+01
9.999836e-01 3.953301e-04 -5.717691e-03 5.725568e+00 -3.943626e-04 9.999999e-01 1.703584e-04 -3.787749e-01 5.717758e-03 -1.681015e-04 9.999836e-01 1.834742e+01
9.999979e-01 2.975541e-05 2.043991e-03 4.546475e+00 -3.051784e-05 9.999999e-01 3.730232e-04 -3.304378e-01 -2.043979e-03 -3.730841e-04 9.999978e-01 1.835903e+01
9.999829e-01 -3.165939e-07 -5.848061e-03 4.238094e+00 -4.040483e-08 1.000000e+00 -6.103209e-05 -3.206192e-01 5.848061e-03 6.103058e-05 9.999829e-01 1.858994e+01
9.999979e-01 3.261219e-05 2.035416e-03 3.897408e+00 -3.339595e-05 9.999999e-01 3.850672e-04 -3.082528e-01 -2.035403e-03 -3.851336e-04 9.999979e-01 1.884697e+01
9.999817e-01 1.352844e-05 -6.056742e-03 3.535870e+00 -1.432881e-05 1.000000e+00 -1.320888e-04 -2.913031e-01 6.056740e-03 1.321725e-04 9.999816e-01 1.923592e+01
9.999982e-01 6.554931e-05 1.910535e-03 3.112253e+00 -6.627152e-05 9.999999e-01 3.780000e-04 -2.693541e-01 -1.910510e-03 -3.781252e-04 9.999981e-01 1.970492e+01
9.999852e-01 -5.509372e-05 -5.432498e-03 3.111254e+00 5.435911e-05 1.000000e+00 -1.353583e-04 -2.795875e-01 5.432505e-03 1.350603e-04 9.999852e-01 2.013354e+01
9.999977e-01 5.054614e-05 2.133803e-03 3.384233e+00 -5.157144e-05 9.999999e-01 4.804922e-04 -3.015738e-01 -2.133778e-03 -4.806004e-04 9.999976e-01 2.061142e+01
9.999879e-01 -3.436989e-05 -4.923276e-03 3.969876e+00 3.407236e-05 1.000000e+00 -6.049990e-05 -3.390081e-01 4.923278e-03 6.033071e-05 9.999879e-01 2.126891e+01
9.999980e-01 5.633843e-05 1.995872e-03 4.324673e+00 -5.693942e-05 1.000000e+00 3.011025e-04 -3.649590e-01 -1.995855e-03 -3.012149e-04 9.999980e-01 2.178907e+01
9.999840e-01 1.114543e-05 -5.656437e-03 4.086881e+00 -1.161576e-05 1.000000e+00 -8.310075e-05 -3.625707e-01 5.656435e-03 8.316442e-05 9.999840e-01 2.218836e+01
9.999983e-01 8.925033e-05 1.821824e-03 3.584032e+00 -9.001602e-05 9.999999e-01 4.202642e-04 -3.423804e-01 -1.821786e-03 -4.204267e-04 9.999983e-01 2.246285e+01
9.999850e-01 -1.716315e-05 -5.473092e-03 3.970435e+00 1.537492e-05 9.999999e-01 -3.267559e-04 -3.320308e-01 5.473097e-03 3.266661e-04 9.999850e-01 2.196373e+01
9.999990e-01 3.727805e-04 1.377680e-03 5.082388e+00 -3.727026e-04 9.999999e-01 -5.674094e-05 -2.998020e-01 -1.377701e-03 5.622812e-05 9.999990e-01 2.055256e+01
9.999878e-01 -2.812606e-04 -4.923090e-03 6.018018e+00 2.828087e-04 9.999999e-01 3.138015e-04 -3.127920e-01 4.923001e-03 -3.151907e-04 9.999878e-01 2.053333e+01
9.999979e-01 3.345310e-04 2.024779e-03 6.467628e+00 -3.345997e-04 9.999999e-01 3.364053e-05 -3.451640e-01 -2.024767e-03 -3.431724e-05 9.999979e-01 2.119758e+01
9.999848e-01 -3.182196e-04 -5.504555e-03 6.473057e+00 3.191532e-04 9.999999e-01 1.687386e-04 -3.599886e-01 5.504501e-03 -1.704935e-04 9.999848e-01 2.177969e+01
9.999980e-01 4.041107e-04 1.983522e-03 6.502091e+00 -4.040325e-04 9.999999e-01 -3.982000e-05 -3.771666e-01 -1.983538e-03 3.901922e-05 9.999980e-01 2.262002e+01
9.999854e-01 -3.122236e-04 -5.385650e-03 6.955710e+00 3.126174e-04 9.999999e-01 7.228986e-05 -3.845309e-01 5.385627e-03 -7.397317e-05 9.999855e-01 2.286179e+01
9.999977e-01 7.567686e-04 1.987056e-03 6.640717e+00 -7.570725e-04 9.999997e-01 1.522610e-04 -3.363776e-01 -1.986940e-03 -1.537642e-04 9.999980e-01 2.196629e+01
9.999857e-01 -2.903435e-04 -5.348096e-03 5.227207e+00 2.932106e-04 9.999998e-01 5.353367e-04 -2.779242e-01 5.347940e-03 -5.368979e-04 9.999856e-01 2.177919e+01
9.999986e-01 6.362689e-04 1.545771e-03 4.785320e+00 -6.358064e-04 9.999998e-01 -2.995760e-04 -2.307991e-01 -1.545961e-03 2.985934e-04 9.999988e-01 2.131990e+01
9.999868e-01 -3.733409e-04 -5.127961e-03 4.860324e+00 3.771602e-04 9.999997e-01 7.438742e-04 -2.253094e-01 5.127682e-03 -7.457992e-04 9.999866e-01 2.165781e+01
9.999986e-01 4.601376e-04 1.581624e-03 4.894106e+00 -4.592809e-04 9.999997e-01 -5.418925e-04 -2.423568e-01 -1.581873e-03 5.411661e-04 9.999986e-01 2.251728e+01
9.999867e-01 -4.656085e-04 -5.144028e-03 4.841031e+00 4.694738e-04 9.999996e-01 7.502531e-04 -2.532161e-01 5.143677e-03 -7.526588e-04 9.999865e-01 2.321573e+01
9.999993e-01 5.006994e-04 1.042935e-03 4.475026e+00 -5.001140e-04 9.999997e-01 -5.614058e-04 -2.365189e-01 -1.043215e-03 5.608846e-04 9.999993e-01 2.378465e+01
9.999906e-01 -4.466572e-04 -4.307713e-03 4.548034e+00 4.500137e-04 9.999996e-01 7.782620e-04 -2.583710e-01 4.307363e-03 -7.801939e-04 9.999904e-01 2.449469e+01
9.999994e-01 4.480153e-04 1.043546e-03 4.616547e+00 -4.474357e-04 9.999997e-01 -5.554629e-04 -2.791005e-01 -1.043795e-03 5.549963e-04 9.999993e-01 2.511991e+01
9.999884e-01 -3.879558e-04 -4.792104e-03 4.390659e+00 3.918823e-04 9.999996e-01 8.184832e-04 -2.734074e-01 4.791785e-03 -8.203524e-04 9.999882e-01 2.566632e+01
9.999993e-01 4.185993e-04 1.122968e-03 4.231695e+00 -4.179946e-04 9.999998e-01 -5.385544e-04 -2.708112e-01 -1.123193e-03 5.380853e-04 9.999992e-01 2.615679e+01
9.999882e-01 -3.542547e-04 -4.837167e-03 3.835982e+00 3.583826e-04 9.999996e-01 8.525643e-04 -2.574667e-01 4.836862e-03 -8.542886e-04 9.999879e-01 2.651817e+01
9.999988e-01 4.892077e-04 1.483132e-03 3.599671e+00 -4.885040e-04 9.999998e-01 -4.747599e-04 -2.503656e-01 -1.483364e-03 4.740355e-04 9.999988e-01 2.642120e+01
9.999895e-01 -3.441415e-04 -4.563581e-03 4.040668e+00 3.473355e-04 9.999997e-01 6.991561e-04 -2.733313e-01 4.563339e-03 -7.007346e-04 9.999893e-01 2.706259e+01
9.999987e-01 4.910303e-04 1.542561e-03 4.155322e+00 -4.902384e-04 9.999997e-01 -5.136277e-04 -3.019215e-01 -1.542812e-03 5.128715e-04 9.999987e-01 2.815569e+01
9.999881e-01 -3.853100e-04 -4.868770e-03 4.247046e+00 3.888178e-04 9.999997e-01 7.195737e-04 -3.241883e-01 4.868491e-03 -7.214589e-04 9.999879e-01 2.906128e+01
9.999986e-01 4.662012e-04 1.621253e-03 4.400241e+00 -4.654479e-04 9.999998e-01 -4.649403e-04 -3.507770e-01 -1.621469e-03 4.641857e-04 9.999986e-01 2.996082e+01
9.999874e-01 -3.628892e-04 -5.005127e-03 4.726494e+00 3.669066e-04 9.999996e-01 8.017838e-04 -3.774144e-01 5.004834e-03 -8.036108e-04 9.999872e-01 3.086473e+01
9.999987e-01 4.565866e-04 1.561322e-03 4.875946e+00 -4.557612e-04 9.999998e-01 -5.289215e-04 -3.992955e-01 -1.561563e-03 5.282099e-04 9.999986e-01 3.183037e+01
9.999884e-01 -4.282819e-04 -4.800197e-03 5.059937e+00 4.323813e-04 9.999995e-01 8.530362e-04 -4.240610e-01 4.799829e-03 -8.551025e-04 9.999881e-01 3.246831e+01
9.999991e-01 5.579409e-04 1.247470e-03 4.513926e+00 -5.573708e-04 9.999997e-01 -4.571897e-04 -4.077584e-01 -1.247724e-03 4.564947e-04 9.999991e-01 3.262978e+01
9.999866e-01 -4.967580e-04 -5.143763e-03 4.221395e+00 5.002896e-04 9.999996e-01 6.853386e-04 -3.957148e-01 5.143421e-03 -6.879035e-04 9.999865e-01 3.322023e+01
9.999993e-01 5.118504e-04 1.062898e-03 3.867317e+00 -5.114414e-04 9.999998e-01 -3.849540e-04 -3.792091e-01 -1.063095e-03 3.844108e-04 9.999994e-01 3.367571e+01
9.999896e-01 -3.494087e-04 -4.553453e-03 3.278030e+00 3.531124e-04 9.999996e-01 8.126493e-04 -3.589838e-01 4.553167e-03 -8.142495e-04 9.999893e-01 3.374308e+01
9.999995e-01 4.606210e-04 9.279868e-04 2.743471e+00 -4.602278e-04 9.999998e-01 -4.237051e-04 -3.411609e-01 -9.281814e-04 4.232785e-04 9.999995e-01 3.392264e+01
9.999910e-01 -4.035240e-04 -4.233966e-03 2.908295e+00 4.066951e-04 9.999996e-01 7.481553e-04 -3.602117e-01 4.233662e-03 -7.498712e-04 9.999908e-01 3.454557e+01
9.999991e-01 4.275463e-04 1.267001e-03 3.251224e+00 -4.270384e-04 9.999998e-01 -4.010304e-04 -3.901035e-01 -1.267172e-03 4.004897e-04 9.999991e-01 3.512987e+01
9.999901e-01 -4.353027e-04 -4.436714e-03 3.383882e+00 4.383821e-04 9.999997e-01 6.931651e-04 -4.130349e-01 4.436411e-03 -6.951038e-04 9.999899e-01 3.559474e+01
9.999995e-01 4.334704e-04 8.946417e-04 3.264507e+00 -4.330671e-04 9.999998e-01 -4.507959e-04 -4.178709e-01 -8.948366e-04 4.504089e-04 9.999995e-01 3.598234e+01
9.999904e-01 -4.282852e-04 -4.355401e-03 3.220199e+00 4.311871e-04 9.999997e-01 6.653894e-04 -4.294220e-01 4.355114e-03 -6.672617e-04 9.999903e-01 3.640937e+01
9.999995e-01 4.359550e-04 8.774710e-04 3.032691e+00 -4.356297e-04 9.999998e-01 -3.708081e-04 -4.331691e-01 -8.776322e-04 3.704264e-04 9.999995e-01 3.662584e+01
9.999907e-01 -3.576867e-04 -4.305586e-03 2.672645e+00 3.608697e-04 9.999997e-01 7.385617e-04 -4.296403e-01 4.305320e-03 -7.401093e-04 9.999905e-01 3.671219e+01
9.999995e-01 4.357004e-04 9.320024e-04 2.507600e+00 -4.353176e-04 9.999998e-01 -4.107967e-04 -4.331811e-01 -9.321809e-04 4.103915e-04 9.999995e-01 3.717988e+01
9.999910e-01 -3.460257e-04 -4.218868e-03 2.323017e+00 3.490342e-04 9.999997e-01 7.124284e-04 -4.371105e-01 4.218620e-03 -7.138953e-04 9.999908e-01 3.768358e+01
9.999991e-01 3.617049e-04 1.274232e-03 2.640702e+00 -3.612873e-04 9.999999e-01 -3.278681e-04 -4.662025e-01 -1.274351e-03 3.274082e-04 9.999991e-01 3.816878e+01
9.999905e-01 -3.374343e-04 -4.347516e-03 2.805292e+00 3.401990e-04 9.999997e-01 6.352227e-04 -4.921023e-01 4.347300e-03 -6.366964e-04 9.999903e-01 3.878103e+01
9.999991e-01 3.626820e-04 1.295778e-03 2.988877e+00 -3.622779e-04 9.999999e-01 -3.119271e-04 -5.179166e-01 -1.295891e-03 3.114580e-04 9.999991e-01 3.936435e+01
9.999904e-01 -3.180980e-04 -4.359869e-03 3.314171e+00 3.209806e-04 9.999997e-01 6.605153e-04 -5.444138e-01 4.359657e-03 -6.619091e-04 9.999903e-01 3.997696e+01
9.999990e-01 4.280989e-04 1.365175e-03 3.398886e+00 -4.275412e-04 9.999998e-01 -4.086985e-04 -5.677200e-01 -1.365350e-03 4.081151e-04 9.999990e-01 4.095139e+01
9.999869e-01 -1.472513e-04 -5.121098e-03 2.991654e+00 1.502365e-04 9.999998e-01 5.825583e-04 -5.514204e-01 5.121011e-03 -5.833207e-04 9.999867e-01 4.198857e+01
9.999987e-01 2.559178e-04 1.561043e-03 2.864264e+00 -2.552362e-04 9.999999e-01 -4.367234e-04 -5.545757e-01 -1.561155e-03 4.363252e-04 9.999987e-01 4.284020e+01
9.999890e-01 -2.160468e-04 -4.680841e-03 2.768987e+00 2.189344e-04 9.999998e-01 6.164194e-04 -5.554152e-01 4.680706e-03 -6.174382e-04 9.999889e-01 4.222898e+01
9.999980e-01 4.774019e-04 1.932826e-03 2.076732e+00 -4.769608e-04 9.999999e-01 -2.285960e-04 -5.337824e-01 -1.932934e-03 2.276743e-04 9.999981e-01 4.110194e+01
9.999857e-01 -2.537646e-04 -5.337202e-03 1.723210e+00 2.564110e-04 9.999998e-01 4.951955e-04 -5.316419e-01 5.337075e-03 -4.965577e-04 9.999856e-01 4.176797e+01
9.999964e-01 1.872837e-04 2.667941e-03 1.760535e+00 -1.867746e-04 1.000000e+00 -1.910141e-04 -5.588118e-01 -2.667976e-03 1.905158e-04 9.999964e-01 4.192219e+01
9.999848e-01 2.797489e-05 -5.520833e-03 1.663369e+00 -2.705091e-05 1.000000e+00 1.674645e-04 -5.493749e-01 5.520838e-03 -1.673133e-04 9.999847e-01 4.064482e+01
9.999968e-01 1.183825e-04 2.532692e-03 1.390997e+00 -1.185017e-04 1.000000e+00 4.695819e-05 -5.446106e-01 -2.532686e-03 -4.725747e-05 9.999968e-01 3.968184e+01
9.999846e-01 -2.977144e-05 -5.545663e-03 1.230444e+00 3.092082e-05 1.000000e+00 2.071987e-04 -5.499751e-01 5.545656e-03 -2.073677e-04 9.999846e-01 3.928243e+01
9.999973e-01 3.884168e-04 2.275977e-03 2.943447e-01 -3.891537e-04 9.999999e-01 3.234011e-04 -5.186926e-01 -2.275851e-03 -3.242853e-04 9.999974e-01 3.949764e+01
9.999845e-01 3.724540e-05 -5.570954e-03 -8.789885e-01 -3.567078e-05 1.000000e+00 2.827753e-04 -4.756556e-01 5.570964e-03 -2.825728e-04 9.999844e-01 3.944897e+01
9.999979e-01 -2.079435e-05 2.055384e-03 -1.058397e+00 2.066677e-05 1.000000e+00 6.217149e-05 -4.757878e-01 -2.055385e-03 -6.212818e-05 9.999979e-01 3.963299e+01
9.999872e-01 4.389403e-05 -5.065644e-03 -4.140945e-01 -4.200390e-05 9.999999e-01 3.732643e-04 -5.077355e-01 5.065659e-03 -3.730474e-04 9.999871e-01 4.006221e+01
9.999976e-01 -2.412292e-05 2.190621e-03 1.755395e-01 2.417908e-05 1.000000e+00 -2.553578e-05 -5.429209e-01 -2.190621e-03 2.558938e-05 9.999976e-01 4.060694e+01
9.999859e-01 7.106727e-05 -5.305723e-03 6.676949e-01 -6.943634e-05 1.000000e+00 3.076046e-04 -5.683394e-01 5.305744e-03 -3.072326e-04 9.999859e-01 4.109652e+01
9.999968e-01 -4.934035e-05 2.536425e-03 1.456721e+00 4.932018e-05 1.000000e+00 8.078966e-06 -6.017409e-01 -2.536425e-03 -7.953147e-06 9.999968e-01 4.150655e+01
9.999871e-01 1.141193e-04 -5.083699e-03 2.246941e+00 -1.127553e-04 1.000000e+00 2.686345e-04 -6.361066e-01 5.083729e-03 -2.680585e-04 9.999870e-01 4.193178e+01
9.999983e-01 -1.899409e-05 1.822856e-03 2.379352e+00 1.940094e-05 1.000000e+00 -2.230848e-04 -6.346754e-01 -1.822851e-03 2.231204e-04 9.999983e-01 4.126605e+01
9.999870e-01 8.478034e-05 -5.094546e-03 2.071615e+00 -8.191367e-05 9.999998e-01 5.629316e-04 -6.312918e-01 5.094593e-03 -5.625077e-04 9.999869e-01 4.121107e+01
9.999991e-01 -7.182861e-05 1.323345e-03 1.814554e+00 7.220384e-05 1.000000e+00 -2.833711e-04 -6.242513e-01 -1.323325e-03 2.834671e-04 9.999991e-01 4.149107e+01
9.999894e-01 9.291963e-05 -4.607729e-03 1.670781e+00 -9.020750e-05 9.999998e-01 5.888469e-04 -6.309287e-01 4.607783e-03 -5.884257e-04 9.999892e-01 4.150819e+01
9.999990e-01 -4.810833e-05 1.390905e-03 1.301716e+00 4.835890e-05 1.000000e+00 -1.799982e-04 -6.288689e-01 -1.390896e-03 1.800659e-04 9.999990e-01 4.136918e+01
9.999888e-01 8.359084e-05 -4.723453e-03 1.293830e+00 -8.176433e-05 9.999999e-01 3.869173e-04 -6.304664e-01 4.723485e-03 -3.865275e-04 9.999888e-01 4.115796e+01
9.999990e-01 -6.141323e-05 1.432451e-03 1.173945e+00 6.157988e-05 1.000000e+00 -1.161810e-04 -6.321390e-01 -1.432444e-03 1.162698e-04 9.999990e-01 4.086576e+01
9.999888e-01 2.145229e-05 -4.727945e-03 1.838743e+00 -1.942041e-05 9.999999e-01 4.298395e-04 -6.617188e-01 4.727954e-03 -4.297436e-04 9.999887e-01 4.113280e+01
9.999976e-01 1.113231e-04 2.187627e-03 2.648184e+00 -1.104777e-04 9.999999e-01 -3.864751e-04 -6.988127e-01 -2.187669e-03 3.862331e-04 9.999975e-01 4.159241e+01
9.999854e-01 -2.036649e-04 -5.404544e-03 2.937849e+00 2.065101e-04 9.999998e-01 5.259302e-04 -7.142760e-01 5.404436e-03 -5.270393e-04 9.999853e-01 4.157305e+01
9.999973e-01 2.293748e-04 2.331973e-03 3.289400e+00 -2.281433e-04 9.999998e-01 -5.282848e-04 -7.223114e-01 -2.332094e-03 5.277520e-04 9.999971e-01 4.123269e+01
9.999863e-01 -2.272609e-04 -5.237287e-03 3.601547e+00 2.316496e-04 9.999996e-01 8.374107e-04 -7.513587e-01 5.237095e-03 -8.386131e-04 9.999859e-01 4.170898e+01
9.999961e-01 3.184251e-04 2.759214e-03 4.822067e+00 -3.176222e-04 9.999999e-01 -2.913808e-04 -8.125107e-01 -2.759306e-03 2.905040e-04 9.999962e-01 4.279692e+01
9.999885e-01 -7.473853e-05 -4.791138e-03 5.934999e+00 7.617216e-05 1.000000e+00 2.990798e-04 -8.673256e-01 4.791115e-03 -2.994420e-04 9.999885e-01 4.364755e+01
9.999987e-01 5.689894e-05 1.582118e-03 6.056812e+00 -5.674602e-05 1.000000e+00 -9.658836e-05 -8.847795e-01 -1.582124e-03 9.649915e-05 9.999987e-01 4.395119e+01
9.999892e-01 -8.081115e-05 -4.646917e-03 6.253850e+00 8.256744e-05 9.999999e-01 3.777945e-04 -9.081042e-01 4.646886e-03 -3.781748e-04 9.999891e-01 4.432076e+01
9.999985e-01 1.102837e-04 1.727021e-03 6.456004e+00 -1.100934e-04 1.000000e+00 -1.101996e-04 -9.393215e-01 -1.727032e-03 1.100100e-04 9.999985e-01 4.501865e+01
9.999888e-01 -3.241383e-05 -4.736725e-03 6.568482e+00 3.389490e-05 1.000000e+00 3.126360e-04 -9.673786e-01 4.736714e-03 -3.127937e-04 9.999887e-01 4.585982e+01
9.999986e-01 1.624585e-04 1.648075e-03 6.921559e+00 -1.625104e-04 1.000000e+00 3.147748e-05 -9.997222e-01 -1.648070e-03 -3.174457e-05 9.999986e-01 4.687505e+01
9.999905e-01 -6.668298e-05 -4.365215e-03 7.214524e+00 6.751593e-05 1.000000e+00 1.907088e-04 -1.039664e+00 4.365202e-03 -1.910024e-04 9.999905e-01 4.800763e+01
9.999993e-01 1.038543e-04 1.184694e-03 7.291768e+00 -1.038824e-04 1.000000e+00 2.374823e-05 -1.061512e+00 -1.184691e-03 -2.387059e-05 9.999993e-01 4.869445e+01
9.999897e-01 -7.791152e-05 -4.530341e-03 7.215303e+00 7.898711e-05 1.000000e+00 2.372808e-04 -1.068820e+00 4.530322e-03 -2.376369e-04 9.999897e-01 4.917100e+01
9.999997e-01 1.841113e-04 7.379327e-04 6.814694e+00 -1.841289e-04 1.000000e+00 2.398563e-05 -1.053994e+00 -7.379279e-04 -2.412081e-05 9.999997e-01 4.970321e+01
9.999899e-01 -1.248119e-04 -4.487645e-03 6.600754e+00 1.258084e-04 1.000000e+00 2.218237e-04 -1.048056e+00 4.487617e-03 -2.223867e-04 9.999899e-01 5.028957e+01
9.999994e-01 1.367245e-04 1.086884e-03 6.635389e+00 -1.367628e-04 1.000000e+00 3.533036e-05 -1.061192e+00 -1.086878e-03 -3.547829e-05 9.999994e-01 5.079116e+01
9.999905e-01 7.703879e-06 -4.349144e-03 6.557562e+00 -7.096975e-06 1.000000e+00 1.396045e-04 -1.072878e+00 4.349145e-03 -1.395730e-04 9.999905e-01 5.160635e+01
9.999990e-01 -2.388562e-05 1.384030e-03 6.816015e+00 2.363022e-05 1.000000e+00 1.846872e-04 -1.106278e+00 -1.384034e-03 -1.846537e-04 9.999990e-01 5.235517e+01
9.999909e-01 6.950184e-05 -4.271331e-03 7.464072e+00 -6.927395e-05 1.000000e+00 5.354605e-05 -1.134767e+00 4.271335e-03 -5.325036e-05 9.999909e-01 5.264353e+01
9.999994e-01 -9.673056e-05 1.045969e-03 7.819442e+00 9.638898e-05 9.999999e-01 3.268052e-04 -1.153856e+00 -1.046000e-03 -3.267035e-04 9.999994e-01 5.281246e+01
9.999901e-01 1.687556e-04 -4.444625e-03 7.700105e+00 -1.691323e-04 1.000000e+00 -8.433298e-05 -1.158111e+00 4.444610e-03 8.508319e-05 9.999901e-01 5.332827e+01
9.999996e-01 6.259269e-05 8.798625e-04 7.176944e+00 -6.289229e-05 9.999999e-01 3.407041e-04 -1.141161e+00 -8.798408e-04 -3.407586e-04 9.999996e-01 5.409378e+01
9.999907e-01 2.745476e-04 -4.307875e-03 6.673667e+00 -2.751445e-04 1.000000e+00 -1.379240e-04 -1.128262e+00 4.307837e-03 1.391074e-04 9.999907e-01 5.512929e+01
9.999995e-01 2.797927e-05 1.040823e-03 6.277494e+00 -2.831001e-05 9.999999e-01 3.179433e-04 -1.122475e+00 -1.040814e-03 -3.179719e-04 9.999994e-01 5.622950e+01
9.999908e-01 2.539588e-04 -4.292495e-03 6.005938e+00 -2.547206e-04 1.000000e+00 -1.768899e-04 -1.122756e+00 4.292450e-03 1.779809e-04 9.999908e-01 5.735543e+01
9.999999e-01 -2.407591e-05 4.928498e-04 5.559117e+00 2.389934e-05 9.999999e-01 3.586824e-04 -1.103862e+00 -4.928581e-04 -3.586699e-04 9.999998e-01 5.826876e+01
9.999925e-01 1.534221e-04 -3.865165e-03 5.516012e+00 -1.538467e-04 1.000000e+00 -1.095086e-04 -1.114207e+00 3.865148e-03 1.101017e-04 9.999925e-01 5.918565e+01
9.999990e-01 -9.022175e-05 1.386795e-03 6.436245e+00 8.928792e-05 9.999998e-01 6.735673e-04 -1.165181e+00 -1.386855e-03 -6.734422e-04 9.999988e-01 6.005974e+01
9.999916e-01 1.837592e-04 -4.094967e-03 7.118590e+00 -1.851257e-04 9.999999e-01 -3.332970e-04 -1.202096e+00 4.094905e-03 3.340516e-04 9.999916e-01 6.059377e+01
9.999994e-01 -1.299176e-04 1.097136e-03 7.405832e+00 1.290684e-04 9.999997e-01 7.742150e-04 -1.230030e+00 -1.097235e-03 -7.740723e-04 9.999991e-01 6.124688e+01
9.999917e-01 2.032428e-04 -4.076882e-03 7.706220e+00 -2.048035e-04 9.999999e-01 -3.823555e-04 -1.254099e+00 4.076804e-03 3.831866e-04 9.999916e-01 6.176375e+01
9.999993e-01 -1.518352e-04 1.177546e-03 8.216979e+00 1.508257e-04 9.999996e-01 8.575367e-04 -1.288615e+00 -1.177676e-03 -8.573578e-04 9.999989e-01 6.264018e+01
9.999926e-01 2.919855e-04 -3.843634e-03 8.540042e+00 -2.939530e-04 9.999998e-01 -5.112591e-04 -1.331482e+00 3.843484e-03 5.123844e-04 9.999925e-01 6.368306e+01
1.000000e+00 1.047147e-04 -1.667165e-04 7.288602e+00 -1.045458e-04 9.999995e-01 1.011588e-03 -1.270853e+00 1.668226e-04 -1.011570e-03 9.999995e-01 6.415205e+01
9.999939e-01 2.366540e-04 -3.479210e-03 6.214255e+00 -2.382861e-04 9.999999e-01 -4.686159e-04 -1.224934e+00 3.479098e-03 4.694415e-04 9.999938e-01 6.429993e+01
9.999999e-01 -1.823527e-04 -2.855633e-04 5.848290e+00 1.825684e-04 9.999997e-01 7.548889e-04 -1.210681e+00 2.854258e-04 -7.549403e-04 9.999997e-01 6.472346e+01
9.999929e-01 2.681680e-04 -3.750458e-03 5.375678e+00 -2.698729e-04 9.999999e-01 -4.540425e-04 -1.184934e+00 3.750335e-03 4.550508e-04 9.999929e-01 6.520729e+01
1.000000e+00 -2.641282e-04 -8.304811e-05 5.088067e+00 2.641896e-04 9.999997e-01 7.375822e-04 -1.171934e+00 8.285356e-05 -7.376034e-04 9.999997e-01 6.563443e+01
9.999935e-01 3.050297e-04 -3.595098e-03 4.769339e+00 -3.066160e-04 9.999999e-01 -4.406325e-04 -1.160510e+00 3.594963e-03 4.417313e-04 9.999934e-01 6.599382e+01
9.999999e-01 -1.116553e-04 3.046681e-04 4.031425e+00 1.113633e-04 9.999995e-01 9.588783e-04 -1.138832e+00 -3.047747e-04 -9.588437e-04 9.999995e-01 6.596045e+01
9.999924e-01 4.641464e-04 -3.865147e-03 2.974656e+00 -4.656892e-04 9.999998e-01 -3.982095e-04 -1.095232e+00 3.864961e-03 4.000057e-04 9.999925e-01 6.598677e+01
9.999999e-01 -3.065924e-04 -1.167482e-04 2.694331e+00 3.066478e-04 9.999998e-01 4.725412e-04 -1.071238e+00 1.166036e-04 -4.725763e-04 9.999999e-01 6.635638e+01
9.999942e-01 2.862136e-04 -3.383252e-03 3.315572e+00 -2.873576e-04 9.999999e-01 -3.375774e-04 -1.079742e+00 3.383154e-03 3.385470e-04 9.999942e-01 6.630629e+01
9.999999e-01 -3.191806e-04 -2.013070e-04 3.978572e+00 3.192838e-04 9.999998e-01 5.114357e-04 -1.086003e+00 2.011440e-04 -5.114992e-04 9.999998e-01 6.612156e+01
9.999958e-01 3.243757e-04 -2.871389e-03 4.649649e+00 -3.245020e-04 9.999999e-01 -4.346552e-05 -1.112360e+00 2.871375e-03 4.439643e-05 9.999959e-01 6.645000e+01
1.000000e+00 -2.697056e-04 -7.491550e-05 5.064207e+00 2.697436e-04 9.999998e-01 5.049164e-04 -1.143368e+00 7.477960e-05 -5.049359e-04 9.999999e-01 6.701448e+01
9.999952e-01 2.559182e-04 -3.079577e-03 5.498288e+00 -2.561026e-04 1.000000e+00 -5.941690e-05 -1.165398e+00 3.079561e-03 6.020462e-05 9.999953e-01 6.732269e+01
1.000000e+00 -2.248458e-04 -2.300513e-05 6.054720e+00 2.248567e-04 9.999999e-01 4.663751e-04 -1.189410e+00 2.290055e-05 -4.663796e-04 9.999999e-01 6.769964e+01
9.999950e-01 2.416806e-04 -3.167907e-03 6.800416e+00 -2.423086e-04 1.000000e+00 -1.977916e-04 -1.207279e+00 3.167859e-03 1.985576e-04 9.999950e-01 6.774737e+01
9.999999e-01 -2.441873e-04 -3.096091e-04 7.471393e+00 2.443005e-04 9.999999e-01 3.649748e-04 -1.216524e+00 3.095202e-04 -3.650497e-04 9.999999e-01 6.758070e+01
9.999950e-01 2.274535e-04 -3.154306e-03 8.203340e+00 -2.281305e-04 1.000000e+00 -2.142180e-04 -1.225619e+00 3.154257e-03 2.149359e-04 9.999950e-01 6.741504e+01
1.000000e+00 -2.277316e-04 -7.175595e-06 8.921556e+00 2.277343e-04 9.999999e-01 3.469619e-04 -1.239997e+00 7.096864e-06 -3.469628e-04 9.999999e-01 6.737192e+01
9.999957e-01 1.997890e-04 -2.925655e-03 9.482547e+00 -1.997400e-04 1.000000e+00 1.710580e-05 -1.274494e+00 2.925658e-03 -1.652203e-05 9.999957e-01 6.787266e+01
9.999999e-01 -1.912030e-04 2.950596e-04 1.001595e+01 1.911193e-04 9.999999e-01 2.844750e-04 -1.316268e+00 -2.951137e-04 -2.844179e-04 9.999999e-01 6.862098e+01
9.999946e-01 1.400276e-04 -3.274205e-03 1.055015e+01 -1.399107e-04 1.000000e+00 3.601233e-05 -1.345509e+00 3.274209e-03 -3.555472e-05 9.999946e-01 6.897428e+01
1.000000e+00 -1.595667e-04 -3.212477e-05 1.113433e+01 1.595756e-04 1.000000e+00 2.685142e-04 -1.360361e+00 3.208220e-05 -2.685186e-04 1.000000e+00 6.898846e+01
9.999946e-01 1.543344e-04 -3.296300e-03 1.151513e+01 -1.542734e-04 1.000000e+00 1.885740e-05 -1.372444e+00 3.296302e-03 -1.834944e-05 9.999946e-01 6.916747e+01
1.000000e+00 -1.865612e-04 -1.669872e-04 1.210031e+01 1.866007e-04 1.000000e+00 2.351783e-04 -1.384180e+00 1.669436e-04 -2.352087e-04 1.000000e+00 6.911059e+01
9.999950e-01 2.001093e-04 -3.161739e-03 1.284875e+01 -2.000203e-04 1.000000e+00 2.853186e-05 -1.399026e+00 3.161744e-03 -2.789998e-05 9.999950e-01 6.909807e+01
1.000000e+00 -1.887707e-04 -9.056046e-05 1.365957e+01 1.887894e-04 1.000000e+00 2.030521e-04 -1.413821e+00 9.052241e-05 -2.030685e-04 1.000000e+00 6.907351e+01
9.999950e-01 1.854851e-04 -3.165079e-03 1.440606e+01 -1.853359e-04 1.000000e+00 4.750415e-05 -1.431074e+00 3.165088e-03 -4.691798e-05 9.999950e-01 6.911529e+01
1.000000e+00 -1.973714e-04 1.566319e-04 1.498843e+01 1.973497e-04 1.000000e+00 1.400295e-04 -1.452559e+00 -1.566592e-04 -1.399979e-04 1.000000e+00 6.926542e+01
9.999950e-01 1.764766e-04 -3.141946e-03 1.553758e+01 -1.762736e-04 1.000000e+00 6.494073e-05 -1.476190e+00 3.141957e-03 -6.438724e-05 9.999951e-01 6.951261e+01
1.000000e+00 -1.970547e-04 -1.037771e-04 1.619981e+01 1.970758e-04 1.000000e+00 2.013445e-04 -1.496197e+00 1.037377e-04 -2.013643e-04 1.000000e+00 6.963824e+01
9.999956e-01 1.956908e-04 -2.958554e-03 1.694766e+01 -1.950566e-04 1.000000e+00 2.147418e-04 -1.522309e+00 2.958596e-03 -2.141644e-04 9.999956e-01 6.988997e+01
1.000000e+00 -1.878655e-04 2.097422e-04 1.750690e+01 1.878242e-04 1.000000e+00 1.979421e-04 -1.556551e+00 -2.097791e-04 -1.979020e-04 1.000000e+00 7.038403e+01
9.999948e-01 1.521088e-04 -3.216968e-03 1.804844e+01 -1.514183e-04 1.000000e+00 2.149551e-04 -1.585317e+00 3.217001e-03 -2.144676e-04 9.999948e-01 7.070709e+01
1.000000e+00 -1.377223e-04 -1.400143e-04 1.886911e+01 1.377274e-04 1.000000e+00 3.446539e-05 -1.599252e+00 1.400098e-04 -3.448400e-05 1.000000e+00 7.066314e+01
9.999957e-01 1.264419e-04 -2.936338e-03 1.944014e+01 -1.253432e-04 9.999999e-01 3.744547e-04 -1.624306e+00 2.936385e-03 -3.740857e-04 9.999956e-01 7.092211e+01
1.000000e+00 -1.128018e-04 -2.267810e-04 1.976110e+01 1.128013e-04 1.000000e+00 -3.320751e-06 -1.646496e+00 2.267817e-04 3.295842e-06 1.000000e+00 7.136272e+01
9.999949e-01 1.054149e-04 -3.197753e-03 1.994913e+01 -1.042995e-04 9.999999e-01 3.490601e-04 -1.656946e+00 3.197789e-03 -3.487254e-04 9.999948e-01 7.168770e+01
1.000000e+00 -1.401827e-04 -2.385024e-06 2.049241e+01 1.401831e-04 1.000000e+00 4.974453e-05 -1.682251e+00 2.378324e-06 -4.974419e-05 1.000000e+00 7.200241e+01
9.999952e-01 1.423964e-04 -3.083546e-03 2.105134e+01 -1.421765e-04 1.000000e+00 7.162565e-05 -1.699073e+00 3.083556e-03 -7.118757e-05 9.999952e-01 7.209155e+01
1.000000e+00 -1.340756e-04 -1.653994e-04 2.160144e+01 1.340769e-04 1.000000e+00 6.245587e-06 -1.708250e+00 1.653988e-04 -6.267093e-06 1.000000e+00 7.187640e+01
9.999957e-01 1.455075e-04 -2.915566e-03 2.223949e+01 -1.451651e-04 1.000000e+00 1.177480e-04 -1.723668e+00 2.915583e-03 -1.173250e-04 9.999957e-01 7.185730e+01
1.000000e+00 -6.702652e-05 -2.228872e-06 2.287021e+01 6.702736e-05 1.000000e+00 2.627560e-04 -1.752671e+00 2.211531e-06 -2.627555e-04 1.000000e+00 7.235302e+01
9.999956e-01 9.360021e-05 -2.961587e-03 2.355965e+01 -9.340732e-05 1.000000e+00 6.535442e-05 -1.782430e+00 2.961592e-03 -6.507817e-05 9.999956e-01 7.278390e+01
1.000000e+00 -7.096971e-05 -1.850824e-04 2.434739e+01 7.100399e-05 1.000000e+00 1.838590e-04 -1.800966e+00 1.850697e-04 -1.838715e-04 1.000000e+00 7.283433e+01
9.999961e-01 7.073499e-05 -2.797129e-03 2.502277e+01 -7.021858e-05 1.000000e+00 1.848113e-04 -1.828949e+00 2.797142e-03 -1.846148e-04 9.999961e-01 7.315955e+01
1.000000e+00 -9.428367e-05 -1.372036e-04 2.563930e+01 9.431951e-05 1.000000e+00 2.594206e-04 -1.861791e+00 1.371794e-04 -2.594329e-04 1.000000e+00 7.365132e+01
9.999961e-01 1.222124e-04 -2.796621e-03 2.635276e+01 -1.218637e-04 1.000000e+00 1.249375e-04 -1.892828e+00 2.796636e-03 -1.245969e-04 9.999961e-01 7.408441e+01
1.000000e+00 -1.041818e-04 -2.922772e-04 2.713111e+01 1.042223e-04 1.000000e+00 1.375886e-04 -1.915666e+00 2.922631e-04 -1.376184e-04 9.999999e-01 7.426693e+01
9.999961e-01 1.421105e-04 -2.779426e-03 2.795061e+01 -1.416259e-04 1.000000e+00 1.746272e-04 -1.939290e+00 2.779451e-03 -1.742336e-04 9.999961e-01 7.452255e+01
1.000000e+00 -1.120024e-04 -2.513667e-04 2.874006e+01 1.120307e-04 1.000000e+00 1.114909e-04 -1.964533e+00 2.513545e-04 -1.115184e-04 1.000000e+00 7.479731e+01
9.999965e-01 1.164286e-04 -2.643892e-03 2.934415e+01 -1.158509e-04 1.000000e+00 2.187765e-04 -1.992494e+00 2.643917e-03 -2.184701e-04 9.999965e-01 7.512711e+01
9.999999e-01 -1.475590e-04 -3.271131e-04 2.983098e+01 1.476095e-04 1.000000e+00 1.536680e-04 -2.021879e+00 3.270907e-04 -1.537156e-04 9.999999e-01 7.548339e+01
9.999957e-01 1.366475e-04 -2.944112e-03 3.052434e+01 -1.361025e-04 1.000000e+00 1.853826e-04 -2.044380e+00 2.944137e-03 -1.849817e-04 9.999956e-01 7.567060e+01
9.999997e-01 -6.241443e-05 -7.132578e-04 3.044126e+01 6.247112e-05 1.000000e+00 7.909165e-05 -2.045647e+00 7.132531e-04 -7.913553e-05 9.999997e-01 7.624118e+01
9.999958e-01 7.111971e-05 -2.892478e-03 3.091696e+01 -7.044171e-05 1.000000e+00 2.345936e-04 -2.063559e+00 2.892494e-03 -2.343896e-04 9.999958e-01 7.667861e+01
9.999987e-01 -1.066744e-06 -1.585625e-03 3.218867e+01 9.936471e-07 1.000000e+00 -4.626922e-05 -2.058206e+00 1.585625e-03 4.626825e-05 9.999987e-01 7.619483e+01
9.999981e-01 1.178914e-04 -1.944065e-03 3.329012e+01 -1.174992e-04 1.000000e+00 2.019889e-04 -2.067342e+00 1.944089e-03 -2.017608e-04 9.999981e-01 7.600068e+01
9.999991e-01 -1.068553e-04 -1.325132e-03 3.393689e+01 1.070173e-04 1.000000e+00 1.219959e-04 -2.088010e+00 1.325119e-03 -1.221369e-04 9.999991e-01 7.619460e+01
9.999977e-01 7.705780e-05 -2.127943e-03 3.450986e+01 -7.670027e-05 1.000000e+00 1.682225e-04 -2.103340e+00 2.127956e-03 -1.680596e-04 9.999977e-01 7.628579e+01
9.999996e-01 -8.300827e-05 -9.044145e-04 3.516650e+01 8.319524e-05 1.000000e+00 2.063937e-04 -2.131968e+00 9.043976e-04 -2.064682e-04 9.999996e-01 7.669533e+01
9.999980e-01 1.337577e-04 -1.971069e-03 3.594289e+01 -1.335072e-04 1.000000e+00 1.273335e-04 -2.168173e+00 1.971086e-03 -1.270708e-04 9.999980e-01 7.724965e+01
9.999995e-01 -1.145126e-04 -1.002561e-03 3.648270e+01 1.146794e-04 1.000000e+00 1.660619e-04 -2.196107e+00 1.002543e-03 -1.661761e-04 9.999995e-01 7.764521e+01
9.999980e-01 1.257806e-04 -2.019411e-03 3.702917e+01 -1.255746e-04 1.000000e+00 1.022916e-04 -2.221851e+00 2.019423e-03 -1.020385e-04 9.999980e-01 7.800760e+01
9.999993e-01 -1.487669e-04 -1.172033e-03 3.754402e+01 1.488635e-04 1.000000e+00 8.208423e-05 -2.239954e+00 1.172021e-03 -8.225799e-05 9.999993e-01 7.812638e+01
9.999982e-01 1.626833e-04 -1.881577e-03 3.798389e+01 -1.624251e-04 1.000000e+00 1.375142e-04 -2.262345e+00 1.881599e-03 -1.372090e-04 9.999982e-01 7.839761e+01
9.999988e-01 -1.972661e-04 -1.506760e-03 3.888596e+01 1.977091e-04 9.999999e-01 2.936738e-04 -2.287092e+00 1.506702e-03 -2.939707e-04 9.999988e-01 7.863451e+01
9.999988e-01 2.713815e-04 -1.521346e-03 4.000224e+01 -2.715324e-04 1.000000e+00 -9.883885e-05 -2.306564e+00 1.521319e-03 9.925116e-05 9.999988e-01 7.870024e+01
9.999984e-01 -2.681018e-04 -1.762416e-03 4.041396e+01 2.685784e-04 9.999999e-01 2.700339e-04 -2.320075e+00 1.762344e-03 -2.705061e-04 9.999984e-01 7.876651e+01
9.999983e-01 2.731472e-04 -1.810371e-03 4.019945e+01 -2.730939e-04 1.000000e+00 2.981774e-05 -2.316870e+00 1.810379e-03 -2.932395e-05 9.999984e-01 7.899157e+01
9.999990e-01 -1.684830e-04 -1.421561e-03 4.021705e+01 1.686610e-04 1.000000e+00 1.249109e-04 -2.318043e+00 1.421540e-03 -1.251499e-04 9.999990e-01 7.835106e+01
9.999984e-01 1.155555e-04 -1.758482e-03 4.046440e+01 -1.154503e-04 1.000000e+00 6.004255e-05 -2.329091e+00 1.758488e-03 -5.984010e-05 9.999985e-01 7.815333e+01
9.999992e-01 -9.130149e-05 -1.294571e-03 4.090400e+01 9.160278e-05 1.000000e+00 2.324555e-04 -2.357598e+00 1.294550e-03 -2.325733e-04 9.999991e-01 7.868700e+01
9.999985e-01 1.007886e-04 -1.703304e-03 4.174449e+01 -1.005647e-04 1.000000e+00 1.316961e-04 -2.390877e+00 1.703317e-03 -1.315252e-04 9.999985e-01 7.912142e+01
9.999994e-01 -8.074011e-05 -1.091127e-03 4.245886e+01 8.091848e-05 1.000000e+00 1.631698e-04 -2.421053e+00 1.091114e-03 -1.632573e-04 9.999994e-01 7.948676e+01
9.999982e-01 7.861834e-05 -1.885624e-03 4.295542e+01 -7.880147e-05 1.000000e+00 -9.689561e-05 -2.440987e+00 1.885617e-03 9.704337e-05 9.999982e-01 7.961507e+01
9.999992e-01 -7.548135e-05 -1.289371e-03 4.366897e+01 7.567169e-05 1.000000e+00 1.473511e-04 -2.457645e+00 1.289361e-03 -1.474478e-04 9.999992e-01 7.960221e+01
9.999986e-01 9.139802e-05 -1.686278e-03 4.446053e+01 -9.138439e-05 1.000000e+00 8.331531e-06 -2.478919e+00 1.686278e-03 -8.178076e-06 9.999986e-01 7.977084e+01
9.999986e-01 -9.960884e-05 -1.647387e-03 4.520050e+01 9.976847e-05 1.000000e+00 9.664457e-05 -2.490939e+00 1.647378e-03 -9.680814e-05 9.999986e-01 7.966812e+01
9.999988e-01 1.396785e-04 -1.557131e-03 4.625110e+01 -1.395282e-04 1.000000e+00 9.680994e-05 -2.507508e+00 1.557144e-03 -9.659322e-05 9.999988e-01 7.964775e+01
9.999990e-01 -9.577600e-05 -1.427848e-03 4.704548e+01 9.625614e-05 9.999999e-01 3.359929e-04 -2.539442e+00 1.427816e-03 -3.361293e-04 9.999989e-01 8.007167e+01
9.999987e-01 9.444916e-05 -1.589196e-03 4.765575e+01 -9.436888e-05 1.000000e+00 5.077119e-05 -2.572056e+00 1.589200e-03 -5.062181e-05 9.999987e-01 8.058421e+01
9.999992e-01 -9.161239e-05 -1.292957e-03 4.823411e+01 9.202378e-05 9.999999e-01 3.178922e-04 -2.602099e+00 1.292928e-03 -3.180102e-04 9.999991e-01 8.099792e+01
9.999977e-01 4.081350e-05 -2.127417e-03 4.840328e+01 -4.089406e-05 1.000000e+00 -3.768497e-05 -2.614071e+00 2.127415e-03 3.777123e-05 9.999977e-01 8.123586e+01
9.999996e-01 -1.352019e-05 -8.466991e-04 4.890462e+01 1.387556e-05 9.999999e-01 4.193528e-04 -2.644499e+00 8.466936e-04 -4.193638e-04 9.999996e-01 8.175384e+01
9.999988e-01 1.810269e-04 -1.551729e-03 5.040409e+01 -1.804607e-04 9.999999e-01 3.652075e-04 -2.705024e+00 1.551794e-03 -3.649276e-04 9.999987e-01 8.282154e+01
