9.999943e-01 7.269008e-06 -3.380876e-03 -1.275673e-01 -6.327542e-06 1.000000e+00 2.784860e-04 -7.473526e-03 3.380878e-03 -2.784638e-04 9.999942e-01 4.132719e-01
1.000000e+00 4.762652e-05 -3.328588e-07 -2.785526e-01 -4.762652e-05 1.000000e+00 -7.006843e-05 -1.352258e-02 3.298626e-07 7.006915e-05 1.000000e+00 1.084793e+00
9.999939e-01 2.491118e-05 -3.488151e-03 -5.126615e-01 -2.393700e-05 1.000000e+00 2.793319e-04 -1.427313e-02 3.488157e-03 -2.792474e-04 9.999939e-01 1.770907e+00
1.000000e+00 4.824987e-05 6.334106e-05 -7.144618e-01 -4.824575e-05 1.000000e+00 -6.457267e-05 -1.705844e-02 -6.334384e-05 6.457033e-05 1.000000e+00 2.449135e+00
9.999942e-01 2.260512e-05 -3.397584e-03 -8.580222e-01 -2.172048e-05 1.000000e+00 2.604169e-04 -2.652254e-02 3.397589e-03 -2.603423e-04 9.999942e-01 3.111376e+00
1.000000e+00 1.646606e-05 2.133222e-04 -8.822753e-01 -1.645872e-05 1.000000e+00 -3.426071e-05 -4.252641e-02 -2.133224e-04 3.425791e-05 1.000000e+00 3.744959e+00
9.999942e-01 3.714139e-05 -3.412330e-03 -8.440430e-01 -3.626128e-05 1.000000e+00 2.579902e-04 -6.058946e-02 3.412339e-03 -2.578656e-04 9.999941e-01 4.444199e+00
1.000000e+00 2.279649e-05 2.382635e-04 -8.357334e-01 -2.278400e-05 1.000000e+00 -5.228568e-05 -7.782408e-02 -2.382644e-04 5.228097e-05 1.000000e+00 5.120543e+00
9.999934e-01 7.400253e-05 -3.640205e-03 -1.011963e+00 -7.316962e-05 1.000000e+00 2.289494e-04 -8.326623e-02 3.640222e-03 -2.286822e-04 9.999933e-01 5.931358e+00
1.000000e+00 -3.996297e-05 2.339114e-04 -1.192358e+00 3.996348e-05 1.000000e+00 -1.997061e-06 -8.817882e-02 -2.339110e-04 2.007121e-06 1.000000e+00 6.489505e+00
9.999942e-01 1.072673e-04 -3.398164e-03 -8.507417e-01 -1.064586e-04 1.000000e+00 2.381788e-04 -1.135897e-01 3.398189e-03 -2.378164e-04 9.999942e-01 7.124271e+00
1.000000e+00 -1.752365e-05 1.414689e-04 -9.221821e-01 1.752613e-05 1.000000e+00 -1.731268e-05 -1.243481e-01 -1.414683e-04 1.731587e-05 1.000000e+00 7.925406e+00
9.999937e-01 6.017719e-05 -3.554528e-03 -1.002084e+00 -5.918893e-05 1.000000e+00 2.781455e-04 -1.300914e-01 3.554545e-03 -2.779340e-04 9.999936e-01 8.490885e+00
1.000000e+00 -3.353095e-06 2.298000e-04 -1.295378e+00 3.340647e-06 1.000000e+00 5.434766e-05 -1.294998e-01 -2.297998e-04 -5.434618e-05 1.000000e+00 8.864547e+00
9.999937e-01 7.183142e-05 -3.557928e-03 -1.374296e+00 -7.123983e-05 1.000000e+00 1.664121e-04 -1.397509e-01 3.557940e-03 -1.661583e-04 9.999937e-01 9.576577e+00
1.000000e+00 -6.617853e-05 1.733310e-04 -1.493186e+00 6.616359e-05 1.000000e+00 8.644731e-05 -1.472077e-01 -1.733364e-04 -8.643513e-05 1.000000e+00 1.006572e+01
9.999940e-01 1.623731e-04 -3.464829e-03 -1.980440e+00 -1.612082e-04 9.999999e-01 3.364917e-04 -1.391908e-01 3.464883e-03 -3.359319e-04 9.999939e-01 1.015168e+01
9.999999e-01 -1.058292e-04 3.025524e-04 -2.194237e+00 1.058333e-04 1.000000e+00 -1.350748e-05 -1.448167e-01 -3.025506e-04 1.354021e-05 1.000000e+00 1.036597e+01
9.999936e-01 1.617052e-04 -3.569919e-03 -2.221020e+00 -1.607230e-04 9.999999e-01 2.754493e-04 -1.510379e-01 3.569963e-03 -2.748745e-04 9.999936e-01 1.061952e+01
1.000000e+00 -4.289815e-05 1.719853e-04 -2.291469e+00 4.289924e-05 1.000000e+00 -6.058075e-06 -1.515740e-01 -1.719847e-04 6.066165e-06 1.000000e+00 1.102107e+01
9.999940e-01 1.274571e-04 -3.464366e-03 -1.962050e+00 -1.268146e-04 1.000000e+00 1.856987e-04 -1.663186e-01 3.464390e-03 -1.852590e-04 9.999940e-01 1.152801e+01
1.000000e+00 -1.213867e-04 2.644978e-04 -1.822123e+00 1.213769e-04 1.000000e+00 3.728634e-05 -1.784050e-01 -2.645020e-04 -3.725353e-05 1.000000e+00 1.165099e+01
9.999942e-01 1.520487e-04 -3.414074e-03 -1.476350e+00 -1.518671e-04 1.000000e+00 5.346668e-05 -1.913438e-01 3.414081e-03 -5.294859e-05 9.999942e-01 1.164752e+01
1.000000e+00 -1.658137e-04 2.336462e-04 -8.628616e-01 1.658113e-04 1.000000e+00 1.018712e-05 -2.101195e-01 -2.336476e-04 -1.014767e-05 1.000000e+00 1.179956e+01
9.999945e-01 2.117793e-04 -3.319043e-03 -6.409458e-01 -2.111056e-04 1.000000e+00 2.033543e-04 -2.249821e-01 3.319085e-03 -2.026532e-04 9.999945e-01 1.208564e+01
1.000000e+00 -1.787576e-04 1.221374e-04 -5.434225e-01 1.787513e-04 1.000000e+00 5.252082e-05 -2.395909e-01 -1.221465e-04 -5.249828e-05 1.000000e+00 1.258741e+01
9.999942e-01 1.581970e-04 -3.387723e-03 9.539163e-02 -1.580828e-04 1.000000e+00 3.399662e-05 -2.546081e-01 3.387728e-03 -3.346159e-05 9.999943e-01 1.254150e+01
1.000000e+00 -1.510089e-04 5.162387e-06 9.196576e-01 1.510091e-04 1.000000e+00 -4.299518e-05 -2.612381e-01 -5.155555e-06 4.299667e-05 1.000000e+00 1.227113e+01
9.999947e-01 2.921899e-04 -3.238880e-03 7.183679e-01 -2.913797e-04 9.999999e-01 2.506445e-04 -2.533953e-01 3.238952e-03 -2.497002e-04 9.999947e-01 1.221682e+01
1.000000e+00 -1.019774e-04 -2.516795e-04 1.899769e-01 1.019985e-04 1.000000e+00 8.335738e-05 -2.377797e-01 2.516713e-04 -8.338233e-05 1.000000e+00 1.261967e+01
9.999951e-01 1.681946e-04 -3.110143e-03 6.344852e-02 -1.676680e-04 1.000000e+00 1.696028e-04 -2.397330e-01 3.110171e-03 -1.690812e-04 9.999951e-01 1.293137e+01
1.000000e+00 -1.631763e-04 -1.249896e-04 3.668302e-01 1.631594e-04 1.000000e+00 -1.356850e-04 -2.497083e-01 1.250121e-04 1.356653e-04 1.000000e+00 1.287937e+01
9.999954e-01 1.419224e-04 -3.013958e-03 8.401958e-01 -1.412886e-04 1.000000e+00 2.105433e-04 -2.695599e-01 3.013987e-03 -2.101172e-04 9.999954e-01 1.304464e+01
9.999999e-01 -1.535861e-04 -3.515901e-04 1.241356e+00 1.534865e-04 9.999999e-01 -2.835955e-04 -2.715895e-01 3.516340e-04 2.835423e-04 9.999999e-01 1.257184e+01
9.999955e-01 1.532846e-04 -2.989594e-03 1.422490e+00 -1.524750e-04 1.000000e+00 2.710695e-04 -2.710548e-01 2.989635e-03 -2.706131e-04 9.999955e-01 1.194605e+01
1.000000e+00 -1.198354e-04 -9.335500e-05 1.276011e+00 1.198261e-04 1.000000e+00 -1.011955e-04 -2.700885e-01 9.336746e-05 1.011850e-04 1.000000e+00 1.135477e+01
9.999948e-01 2.442467e-04 -3.205855e-03 8.065929e-01 -2.426226e-04 9.999998e-01 5.069956e-04 -2.623638e-01 3.205978e-03 -5.062159e-04 9.999947e-01 1.134262e+01
9.999999e-01 -1.516217e-04 -3.022462e-04 6.385716e-01 1.515297e-04 9.999999e-01 -3.046481e-04 -2.678329e-01 3.022928e-04 3.046030e-04 9.999999e-01 1.194214e+01
9.999948e-01 1.946444e-04 -3.204928e-03 5.741207e-01 -1.931235e-04 9.999999e-01 4.748689e-04 -2.788137e-01 3.205019e-03 -4.742483e-04 9.999948e-01 1.255018e+01
9.999999e-01 -1.256721e-04 -3.788269e-04 3.245961e-01 1.255852e-04 1.000000e+00 -2.296931e-04 -2.786384e-01 3.788560e-04 2.296463e-04 9.999999e-01 1.299491e+01
9.999951e-01 1.621735e-04 -3.135960e-03 4.660056e-02 -1.605302e-04 9.999998e-01 5.242783e-04 -2.772054e-01 3.136045e-03 -5.237731e-04 9.999949e-01 1.328446e+01
9.999999e-01 -1.448642e-04 -3.239942e-04 -1.404267e-01 1.447800e-04 1.000000e+00 -2.600073e-04 -2.812990e-01 3.240322e-04 2.599611e-04 9.999999e-01 1.365836e+01
9.999949e-01 1.800972e-04 -3.187113e-03 -3.785826e-01 -1.783825e-04 9.999998e-01 5.382961e-04 -2.824122e-01 3.187209e-03 -5.377255e-04 9.999948e-01 1.397390e+01
1.000000e+00 -1.042628e-04 -2.949410e-04 -7.962025e-01 1.042121e-04 1.000000e+00 -1.721540e-04 -2.735709e-01 2.949593e-04 1.721240e-04 9.999999e-01 1.409019e+01
9.999945e-01 2.525425e-04 -3.302113e-03 -1.225329e+00 -2.510119e-04 9.999999e-01 4.639453e-04 -2.628507e-01 3.302230e-03 -4.631146e-04 9.999944e-01 1.444284e+01
1.000000e+00 -1.037649e-04 -1.772107e-04 -1.700490e+00 1.037502e-04 1.000000e+00 -8.348857e-05 -2.523829e-01 1.772197e-04 8.347089e-05 1.000000e+00 1.452680e+01
9.999949e-01 2.489144e-04 -3.193595e-03 -2.297758e+00 -2.472036e-04 9.999998e-01 5.361063e-04 -2.366664e-01 3.193728e-03 -5.353148e-04 9.999948e-01 1.452516e+01
9.999999e-01 -1.765933e-04 -2.784614e-04 -2.710453e+00 1.765503e-04 1.000000e+00 -1.545775e-04 -2.273252e-01 2.784891e-04 1.545290e-04 9.999999e-01 1.469092e+01
9.999947e-01 2.846348e-04 -3.238562e-03 -3.111334e+00 -2.831950e-04 9.999999e-01 4.450378e-04 -2.178370e-01 3.238688e-03 -4.441191e-04 9.999947e-01 1.509950e+01
9.999999e-01 -1.125525e-04 -4.222285e-04 -3.754263e+00 1.125302e-04 1.000000e+00 -5.308354e-05 -1.953772e-01 4.222348e-04 5.303673e-05 9.999999e-01 1.533640e+01
9.999950e-01 1.755845e-04 -3.157336e-03 -3.979846e+00 -1.746557e-04 9.999999e-01 2.944867e-04 -1.949487e-01 3.157387e-03 -2.939345e-04 9.999950e-01 1.578339e+01
9.999998e-01 -1.215605e-04 -5.382083e-04 -4.338239e+00 1.215415e-04 1.000000e+00 -3.550159e-05 -1.869528e-01 5.382129e-04 3.543688e-05 9.999999e-01 1.619250e+01
9.999964e-01 2.930172e-04 -2.684113e-03 -5.075025e+00 -2.915148e-04 9.999998e-01 5.601286e-04 -1.679280e-01 2.684276e-03 -5.593448e-04 9.999962e-01 1.602142e+01
9.999997e-01 -1.810398e-04 -6.923083e-04 -5.313700e+00 1.808234e-04 9.999999e-01 -3.127713e-04 -1.712593e-01 6.923652e-04 3.126468e-04 9.999997e-01 1.628224e+01
9.999967e-01 1.527289e-04 -2.556974e-03 -5.063995e+00 -1.519105e-04 9.999999e-01 3.203012e-04 -1.845348e-01 2.557022e-03 -3.199124e-04 9.999967e-01 1.627785e+01
9.999997e-01 -1.204313e-04 -7.648656e-04 -4.976682e+00 1.203233e-04 1.000000e+00 -1.412899e-04 -1.980225e-01 7.648829e-04 1.411986e-04 9.999997e-01 1.667455e+01
9.999957e-01 1.755494e-04 -2.916775e-03 -5.129541e+00 -1.746687e-04 9.999999e-01 3.022062e-04 -1.999215e-01 2.916827e-03 -3.016962e-04 9.999957e-01 1.727773e+01
9.999997e-01 1.826055e-05 -8.181061e-04 -5.798535e+00 -1.818596e-05 1.000000e+00 9.106631e-05 -1.742795e-01 8.181081e-04 -9.105069e-05 9.999997e-01 1.747939e+01
9.999961e-01 2.322103e-05 -2.790982e-03 -6.106258e+00 -2.259649e-05 1.000000e+00 2.238345e-04 -1.711409e-01 2.790986e-03 -2.237713e-04 9.999961e-01 1.760452e+01
9.999998e-01 -8.124791e-05 -5.761017e-04 -6.069613e+00 8.122632e-05 1.000000e+00 -3.765845e-05 -1.842694e-01 5.761051e-04 3.761236e-05 9.999998e-01 1.769959e+01
9.999965e-01 9.782065e-05 -2.635437e-03 -5.977832e+00 -9.768099e-05 1.000000e+00 5.315700e-05 -1.855550e-01 2.635442e-03 -5.290009e-05 9.999965e-01 1.711051e+01
9.999999e-01 -1.122335e-04 -3.246441e-04 -5.941071e+00 1.123251e-04 1.000000e+00 2.816569e-04 -2.052819e-01 3.246128e-04 -2.816927e-04 9.999999e-01 1.733148e+01
9.999960e-01 6.434488e-05 -2.813940e-03 -5.824067e+00 -6.438117e-05 1.000000e+00 -1.277264e-05 -2.260552e-01 2.813939e-03 1.295305e-05 9.999960e-01 1.776995e+01
1.000000e+00 -6.208617e-06 -2.664528e-04 -6.041869e+00 6.262041e-06 1.000000e+00 2.001326e-04 -2.215257e-01 2.664519e-04 -2.001336e-04 9.999999e-01 1.701278e+01
9.999953e-01 8.699982e-05 -3.079878e-03 -6.384854e+00 -8.660911e-05 1.000000e+00 1.270226e-04 -2.148406e-01 3.079889e-03 -1.267559e-04 9.999952e-01 1.685876e+01
1.000000e+00 1.274380e-05 -3.997091e-05 -6.847337e+00 -1.273277e-05 1.000000e+00 2.732541e-04 -2.049294e-01 3.997472e-05 -2.732529e-04 1.000000e+00 1.636264e+01
9.999952e-01 4.436500e-05 -3.102062e-03 -6.939835e+00 -4.481324e-05 1.000000e+00 -1.443968e-04 -2.040446e-01 3.102055e-03 1.445344e-04 9.999952e-01 1.566195e+01
1.000000e+00 -4.026048e-05 -2.130959e-04 -6.841433e+00 4.030423e-05 1.000000e+00 2.048044e-04 -2.054207e-01 2.130880e-04 -2.048123e-04 1.000000e+00 1.508368e+01
9.999957e-01 6.278575e-05 -2.917147e-03 -6.990455e+00 -6.280607e-05 1.000000e+00 -6.837372e-06 -2.048815e-01 2.917147e-03 7.019851e-06 9.999957e-01 1.452934e+01
9.999998e-01 7.945141e-05 -5.729254e-04 -7.492080e+00 -7.924309e-05 9.999999e-01 3.634527e-04 -1.904664e-01 5.729546e-04 -3.634066e-04 9.999998e-01 1.445268e+01
9.999953e-01 -4.944261e-05 -3.052399e-03 -7.543567e+00 4.875341e-05 1.000000e+00 -2.258318e-04 -1.823991e-01 3.052410e-03 2.256812e-04 9.999953e-01 1.424637e+01
1.000000e+00 7.608111e-05 -2.956539e-04 -7.669416e+00 -7.597621e-05 9.999999e-01 3.544574e-04 -1.765621e-01 2.956812e-04 -3.544343e-04 9.999999e-01 1.373981e+01
9.999961e-01 1.812790e-07 -2.795342e-03 -7.800834e+00 -9.115425e-07 1.000000e+00 -2.612035e-04 -1.709432e-01 2.795342e-03 2.612043e-04 9.999961e-01 1.290536e+01
9.999999e-01 1.285097e-04 -4.171330e-04 -8.234091e+00 -1.282715e-04 9.999998e-01 5.708337e-04 -1.576231e-01 4.172066e-04 -5.707794e-04 9.999998e-01 1.245892e+01
9.999961e-01 6.180822e-05 -2.781120e-03 -8.752430e+00 -6.251057e-05 1.000000e+00 -2.524172e-04 -1.393644e-01 2.781104e-03 2.525894e-04 9.999961e-01 1.193353e+01
9.999999e-01 1.386088e-04 -4.367739e-04 -9.444857e+00 -1.383107e-04 9.999998e-01 6.821563e-04 -1.163197e-01 4.368687e-04 -6.820951e-04 9.999997e-01 1.147087e+01
9.999965e-01 5.800657e-05 -2.628729e-03 -1.023270e+01 -5.850119e-05 1.000000e+00 -1.880434e-04 -9.290076e-02 2.628718e-03 1.881959e-04 9.999965e-01 1.090581e+01
9.999998e-01 1.860423e-04 -6.711255e-04 -1.105177e+01 -1.855761e-04 9.999997e-01 6.944638e-04 -6.701557e-02 6.712548e-04 -6.943384e-04 9.999995e-01 1.076384e+01
9.999964e-01 -1.033946e-04 -2.699517e-03 -1.139096e+01 1.022251e-04 9.999999e-01 -4.332854e-04 -5.794824e-02 2.699562e-03 4.330071e-04 9.999963e-01 1.033742e+01
9.999998e-01 1.691200e-04 -5.546808e-04 -1.164775e+01 -1.687834e-04 9.999998e-01 6.067147e-04 -4.789437e-02 5.547836e-04 -6.066203e-04 9.999997e-01 9.700792e+00
9.999957e-01 -7.576604e-05 -2.914858e-03 -1.177125e+01 7.442235e-05 9.999999e-01 -4.610443e-04 -5.453252e-02 2.914893e-03 4.608247e-04 9.999956e-01 1.024752e+01
9.999999e-01 2.327183e-04 -3.045130e-04 -1.174947e+01 -2.325583e-04 9.999998e-01 5.250368e-04 -7.780857e-02 3.046354e-04 -5.249653e-04 9.999998e-01 1.133280e+01
9.999949e-01 -8.238500e-05 -3.178808e-03 -1.182050e+01 8.090699e-05 9.999999e-01 -4.650468e-04 -9.067398e-02 3.178845e-03 4.647865e-04 9.999948e-01 1.226886e+01
9.999999e-01 3.499505e-04 -2.080564e-04 -1.115861e+01 -3.498528e-04 9.999998e-01 4.687600e-04 -1.030724e-01 2.082207e-04 -4.686864e-04 9.999999e-01 1.297158e+01
9.999955e-01 -1.690331e-04 -2.987556e-03 -1.105133e+01 1.679537e-04 9.999999e-01 -3.615163e-04 -1.267308e-01 2.987616e-03 3.610122e-04 9.999955e-01 1.408611e+01
9.999991e-01 4.652790e-04 -1.235551e-03 -1.103641e+01 -4.651256e-04 9.999999e-01 1.243809e-04 -9.133281e-02 1.235609e-03 -1.238054e-04 9.999992e-01 1.473746e+01
9.999975e-01 -3.921686e-04 -2.222672e-03 -1.078928e+01 3.920478e-04 9.999999e-01 -5.475307e-05 -1.026735e-01 2.222693e-03 5.388083e-05 9.999975e-01 1.521988e+01
9.999994e-01 5.006173e-04 -1.005603e-03 -1.022757e+01 -5.005927e-04 9.999999e-01 2.462461e-05 -1.199701e-01 1.005616e-03 -2.412049e-05 9.999995e-01 1.562529e+01
9.999972e-01 -3.832901e-04 -2.323997e-03 -1.047231e+01 3.835556e-04 9.999999e-01 1.138200e-04 -1.091517e-01 2.323953e-03 -1.147118e-04 9.999973e-01 1.503315e+01
9.999963e-01 7.718633e-04 -2.620097e-03 -1.064352e+01 -7.726106e-04 9.999997e-01 -2.842742e-04 -4.499401e-02 2.619877e-03 2.862982e-04 9.999965e-01 1.574790e+01
9.999996e-01 -5.859095e-04 -6.699080e-04 -1.023364e+01 5.861012e-04 9.999998e-01 2.861988e-04 -5.711921e-02 6.697398e-04 -2.865920e-04 9.999997e-01 1.638426e+01
9.999942e-01 7.827431e-04 -3.322578e-03 -1.038475e+01 -7.831747e-04 9.999997e-01 -1.286490e-04 -4.815943e-02 3.322477e-03 1.312512e-04 9.999945e-01 1.705001e+01
9.999996e-01 -5.610479e-04 -6.447467e-04 -1.051856e+01 5.609336e-04 9.999998e-01 -1.772091e-04 -1.860337e-02 6.448457e-04 1.768467e-04 9.999998e-01 1.709581e+01
9.999959e-01 6.208128e-04 -2.793143e-03 -9.659224e+00 -6.207604e-04 9.999998e-01 1.955638e-05 -2.666786e-02 2.793155e-03 -1.782173e-05 9.999961e-01 1.717626e+01
9.999985e-01 -3.163942e-04 -1.706449e-03 -9.628757e+00 3.161873e-04 9.999999e-01 -1.214580e-04 7.417486e-03 1.706487e-03 1.209176e-04 9.999985e-01 1.781099e+01
9.999943e-01 6.573925e-04 -3.322408e-03 -1.041802e+01 -6.571587e-04 9.999998e-01 7.142180e-05 7.448282e-02 3.322454e-03 -6.923734e-05 9.999945e-01 1.895672e+01
9.999994e-01 -5.576151e-04 -9.940124e-04 -1.070015e+01 5.575322e-04 9.999998e-01 -8.353617e-05 9.363125e-02 9.940585e-04 8.298122e-05 9.999995e-01 1.984921e+01
9.999945e-01 7.369430e-04 -3.226559e-03 -1.049201e+01 -7.365737e-04 9.999997e-01 1.155945e-04 1.082653e-01 3.226643e-03 -1.132166e-04 9.999948e-01 2.031988e+01
9.999998e-01 -6.756700e-04 -1.846471e-04 -9.900383e+00 6.756452e-04 9.999998e-01 -1.334262e-04 1.039112e-01 1.847369e-04 1.333007e-04 1.000000e+00 2.025462e+01
9.999940e-01 7.590900e-04 -3.386068e-03 -9.439046e+00 -7.590031e-04 9.999997e-01 2.691570e-05 1.130685e-01 3.386088e-03 -2.434481e-05 9.999943e-01 1.985189e+01
9.999996e-01 -6.827713e-04 -5.444936e-04 -9.208610e+00 6.827332e-04 9.999998e-01 -6.977379e-05 1.359158e-01 5.445408e-04 6.940132e-05 9.999998e-01 1.940309e+01
9.999932e-01 1.118445e-03 -3.505304e-03 -1.033828e+01 -1.116594e-03 9.999992e-01 5.300804e-04 1.901597e-01 3.505894e-03 -5.261621e-04 9.999937e-01 1.981082e+01
9.999994e-01 -1.081146e-03 3.908182e-05 -1.061827e+01 1.081156e-03 9.999994e-01 -2.529740e-04 1.969102e-01 -3.880862e-05 2.530154e-04 1.000000e+00 1.940757e+01
9.999929e-01 1.095230e-03 -3.599241e-03 -1.027140e+01 -1.094371e-03 9.999994e-01 2.407134e-04 2.011628e-01 3.599503e-03 -2.367721e-04 9.999935e-01 1.872984e+01
9.999993e-01 -1.146310e-03 1.789895e-04 -9.932294e+00 1.146346e-03 9.999993e-01 -1.995289e-04 1.951015e-01 -1.787610e-04 1.997332e-04 1.000000e+00 1.842789e+01
9.999926e-01 1.152492e-03 -3.668908e-03 -9.596357e+00 -1.152141e-03 9.999993e-01 9.792443e-05 1.994302e-01 3.669018e-03 -9.369591e-05 9.999933e-01 1.772122e+01
9.999993e-01 -1.171427e-03 3.062040e-04 -9.351758e+00 1.171400e-03 9.999993e-01 8.716269e-05 1.836803e-01 -3.063062e-04 -8.680463e-05 9.999999e-01 1.802150e+01
9.999917e-01 1.199073e-03 -3.899644e-03 -9.024563e+00 -1.198741e-03 9.999993e-01 8.731137e-05 1.705669e-01 3.899746e-03 -8.263528e-05 9.999924e-01 1.850153e+01
9.999992e-01 -1.196552e-03 3.076723e-04 -9.166925e+00 1.196529e-03 9.999993e-01 7.282335e-05 1.758063e-01 -3.077595e-04 -7.245585e-05 1.000000e+00 1.869508e+01
9.999919e-01 1.494980e-03 -3.737600e-03 -1.006605e+01 -1.493384e-03 9.999988e-01 4.297615e-04 2.078766e-01 3.738238e-03 -4.241756e-04 9.999929e-01 1.870692e+01
9.999989e-01 -1.503127e-03 1.248105e-04 -1.020118e+01 1.503153e-03 9.999988e-01 -2.051636e-04 2.094740e-01 -1.245023e-04 2.053503e-04 1.000000e+00 1.874340e+01
9.999930e-01 1.544557e-03 -3.396264e-03 -9.700569e+00 -1.543424e-03 9.999988e-01 3.359717e-04 1.941631e-01 3.396779e-03 -3.307268e-04 9.999942e-01 1.895794e+01
9.999989e-01 -1.415528e-03 -3.481479e-04 -9.664607e+00 1.415472e-03 9.999990e-01 -1.612025e-04 1.926966e-01 3.483754e-04 1.607088e-04 9.999999e-01 1.958279e+01
9.999913e-01 1.533703e-03 -3.878396e-03 -8.771603e+00 -1.532521e-03 9.999988e-01 3.076835e-04 1.998599e-01 3.878864e-03 -3.017364e-04 9.999924e-01 1.958194e+01
9.999992e-01 -1.272915e-03 1.602660e-04 -7.214238e+00 1.272980e-03 9.999991e-01 -4.073017e-04 2.109622e-01 -1.597478e-04 4.075047e-04 9.999999e-01 1.912519e+01
9.999863e-01 1.677665e-03 -4.963283e-03 -5.543572e+00 -1.678017e-03 9.999986e-01 -6.675891e-05 2.610516e-01 4.963164e-03 7.508717e-05 9.999877e-01 1.859822e+01
9.999995e-01 -1.021278e-03 -1.559722e-04 -3.501556e+00 1.021164e-03 9.999992e-01 -7.267181e-04 3.378398e-01 1.567140e-04 7.265577e-04 9.999997e-01 1.812244e+01
9.999923e-01 1.265847e-03 -3.717243e-03 -1.674531e+00 -1.263521e-03 9.999990e-01 6.278796e-04 3.475321e-01 3.718034e-03 -6.231773e-04 9.999929e-01 1.768874e+01
9.999993e-01 -1.083306e-03 3.655335e-04 -2.705439e-01 1.083494e-03 9.999993e-01 -5.170742e-04 3.396651e-01 -3.649734e-04 5.174693e-04 9.999998e-01 1.754287e+01
9.999907e-01 1.145687e-03 -4.167837e-03 6.487469e-01 -1.143223e-03 9.999992e-01 5.935669e-04 3.439026e-01 4.168514e-03 -5.887959e-04 9.999911e-01 1.723597e+01
9.999993e-01 -1.046149e-03 5.611016e-04 1.091074e+00 1.046480e-03 9.999993e-01 -5.906285e-04 3.566530e-01 -5.604836e-04 5.912146e-04 9.999997e-01 1.709004e+01
9.999926e-01 1.077037e-03 -3.706095e-03 1.709117e+00 -1.074290e-03 9.999991e-01 7.433122e-04 3.387907e-01 3.706893e-03 -7.393246e-04 9.999929e-01 1.721622e+01
9.999992e-01 -1.050873e-03 6.909953e-04 2.309189e+00 1.051266e-03 9.999993e-01 -5.701488e-04 3.178441e-01 -6.903959e-04 5.708741e-04 9.999996e-01 1.741596e+01
9.999917e-01 1.084394e-03 -3.938728e-03 2.669091e+00 -1.082035e-03 9.999992e-01 6.008725e-04 3.118269e-01 3.939377e-03 -5.966050e-04 9.999921e-01 1.713676e+01
9.999992e-01 -1.022110e-03 7.139111e-04 2.597289e+00 1.022497e-03 9.999993e-01 -5.418323e-04 3.188208e-01 -7.133572e-04 5.425611e-04 9.999996e-01 1.637318e+01
9.999915e-01 1.058622e-03 -3.985081e-03 2.780886e+00 -1.055812e-03 9.999992e-01 7.072970e-04 3.133537e-01 3.985827e-03 -7.030828e-04 9.999918e-01 1.629558e+01
9.999991e-01 -1.028514e-03 8.028685e-04 3.299699e+00 1.029002e-03 9.999993e-01 -6.083730e-04 2.974993e-01 -8.022425e-04 6.091980e-04 9.999995e-01 1.646541e+01
9.999919e-01 1.088202e-03 -3.883195e-03 3.962433e+00 -1.085524e-03 9.999992e-01 6.914910e-04 2.790494e-01 3.883945e-03 -6.872694e-04 9.999922e-01 1.665546e+01
9.999992e-01 -1.064947e-03 6.190482e-04 4.724013e+00 1.065338e-03 9.999992e-01 -6.326575e-04 2.638775e-01 -6.183743e-04 6.333159e-04 9.999996e-01 1.664646e+01
9.999910e-01 1.175242e-03 -4.084653e-03 5.918247e+00 -1.172418e-03 9.999991e-01 6.937462e-04 2.603542e-01 4.085465e-03 -6.889504e-04 9.999914e-01 1.638666e+01
9.999990e-01 -1.107064e-03 8.946256e-04 6.918998e+00 1.107571e-03 9.999992e-01 -5.665162e-04 2.421647e-01 -8.939981e-04 5.675058e-04 9.999994e-01 1.643028e+01
9.999919e-01 1.200237e-03 -3.846926e-03 7.803214e+00 -1.196441e-03 9.999988e-01 9.886922e-04 2.128749e-01 3.848108e-03 -9.840808e-04 9.999921e-01 1.683868e+01
9.999991e-01 -1.104422e-03 8.019612e-04 8.868744e+00 1.104951e-03 9.999992e-01 -6.606283e-04 1.847781e-01 -8.012312e-04 6.615131e-04 9.999995e-01 1.721675e+01
9.999926e-01 1.226952e-03 -3.652146e-03 9.862780e+00 -1.223070e-03 9.999987e-01 1.064761e-03 1.567903e-01 3.653448e-03 -1.060285e-03 9.999928e-01 1.753537e+01
9.999991e-01 -1.149599e-03 7.176540e-04 1.070851e+01 1.150069e-03 9.999991e-01 -6.554833e-04 1.243036e-01 -7.169001e-04 6.563073e-04 9.999995e-01 1.802832e+01
9.999930e-01 1.246024e-03 -3.530897e-03 1.170652e+01 -1.242189e-03 9.999986e-01 1.087912e-03 9.113785e-02 3.532248e-03 -1.083517e-03 9.999932e-01 1.843371e+01
9.999991e-01 -1.168098e-03 6.821320e-04 1.263329e+01 1.168561e-03 9.999991e-01 -6.786659e-04 5.784835e-02 -6.813390e-04 6.794617e-04 9.999995e-01 1.881277e+01
9.999926e-01 1.228470e-03 -3.641758e-03 1.364299e+01 -1.224758e-03 9.999987e-01 1.021211e-03 2.893776e-02 3.643008e-03 -1.016743e-03 9.999928e-01 1.908485e+01
9.999988e-01 -1.117432e-03 1.054737e-03 1.467726e+01 1.117912e-03 9.999993e-01 -4.547949e-04 -1.240417e-02 -1.054228e-03 4.559728e-04 9.999993e-01 1.965723e+01
9.999925e-01 1.255175e-03 -3.672757e-03 1.593412e+01 -1.251912e-03 9.999988e-01 8.905048e-04 -5.187658e-02 3.673871e-03 -8.858994e-04 9.999929e-01 2.013612e+01
9.999990e-01 -1.097688e-03 9.251062e-04 1.691536e+01 1.098159e-03 9.999993e-01 -5.088409e-04 -7.885973e-02 -9.245473e-04 5.098556e-04 9.999994e-01 2.040507e+01
9.999910e-01 1.111750e-03 -4.084038e-03 1.746223e+01 -1.109174e-03 9.999992e-01 6.329149e-04 -9.886323e-02 4.084739e-03 -6.283787e-04 9.999915e-01 2.058710e+01
9.999988e-01 -1.091950e-03 1.059426e-03 1.797460e+01 1.092526e-03 9.999993e-01 -5.435582e-04 -1.186652e-01 -1.058832e-03 5.447144e-04 9.999993e-01 2.075767e+01
9.999904e-01 1.177153e-03 -4.223201e-03 1.807103e+01 -1.173942e-03 9.999990e-01 7.626772e-04 -1.343609e-01 4.224095e-03 -7.577114e-04 9.999908e-01 2.141550e+01
9.999988e-01 -1.086033e-03 1.085955e-03 1.830423e+01 1.086607e-03 9.999993e-01 -5.283019e-04 -1.540365e-01 -1.085380e-03 5.294806e-04 9.999993e-01 2.204606e+01
9.999910e-01 1.161332e-03 -4.070651e-03 1.881024e+01 -1.158058e-03 9.999990e-01 8.066439e-04 -1.812289e-01 4.071585e-03 -8.019220e-04 9.999914e-01 2.257850e+01
9.999990e-01 -1.093321e-03 8.909411e-04 1.891075e+01 1.093828e-03 9.999992e-01 -5.689681e-04 -1.957681e-01 -8.903187e-04 5.699414e-04 9.999994e-01 2.317980e+01
9.999904e-01 1.160032e-03 -4.233487e-03 1.883558e+01 -1.156536e-03 9.999990e-01 8.280778e-04 -2.030664e-01 4.234443e-03 -8.231730e-04 9.999907e-01 2.381221e+01
9.999990e-01 -1.103366e-03 8.658375e-04 1.872104e+01 1.103858e-03 9.999992e-01 -5.682148e-04 -2.103827e-01 -8.652102e-04 5.691693e-04 9.999995e-01 2.449042e+01
9.999908e-01 1.182436e-03 -4.121996e-03 1.846693e+01 -1.178684e-03 9.999989e-01 9.123794e-04 -2.098269e-01 4.123071e-03 -9.075118e-04 9.999911e-01 2.469142e+01
9.999990e-01 -1.132445e-03 7.952619e-04 1.860016e+01 1.132989e-03 9.999991e-01 -6.841115e-04 -2.154605e-01 -7.944868e-04 6.850111e-04 9.999994e-01 2.480090e+01
9.999912e-01 1.167603e-03 -4.023034e-03 1.856568e+01 -1.163812e-03 9.999989e-01 9.445128e-04 -2.216822e-01 4.024133e-03 -9.398217e-04 9.999915e-01 2.513476e+01
9.999991e-01 -1.120620e-03 6.693586e-04 1.838817e+01 1.121066e-03 9.999991e-01 -6.678523e-04 -2.257832e-01 -6.686099e-04 6.686014e-04 9.999996e-01 2.547297e+01
9.999913e-01 1.150221e-03 -4.012848e-03 1.823794e+01 -1.146350e-03 9.999989e-01 9.667654e-04 -2.323389e-01 4.013955e-03 -9.621562e-04 9.999915e-01 2.586942e+01
9.999991e-01 -1.120019e-03 7.865515e-04 1.832186e+01 1.120592e-03 9.999991e-01 -7.292328e-04 -2.460125e-01 -7.857343e-04 7.301128e-04 9.999994e-01 2.629119e+01
9.999927e-01 1.128551e-03 -3.637207e-03 1.884913e+01 -1.124683e-03 9.999988e-01 1.065189e-03 -2.802376e-01 3.638405e-03 -1.061090e-03 9.999928e-01 2.680317e+01
9.999990e-01 -1.076980e-03 8.860098e-04 1.971828e+01 1.077651e-03 9.999991e-01 -7.575018e-04 -3.146490e-01 -8.851935e-04 7.584552e-04 9.999993e-01 2.721217e+01
9.999921e-01 1.151631e-03 -3.810290e-03 2.054930e+01 -1.147333e-03 9.999987e-01 1.129959e-03 -3.454925e-01 3.811586e-03 -1.125578e-03 9.999921e-01 2.756677e+01
9.999992e-01 -1.137141e-03 4.601705e-04 2.118463e+01 1.137537e-03 9.999990e-01 -8.599363e-04 -3.664797e-01 -4.591925e-04 8.604584e-04 9.999995e-01 2.789118e+01
9.999930e-01 1.145057e-03 -3.554011e-03 2.183051e+01 -1.140966e-03 9.999987e-01 1.153000e-03 -3.942658e-01 3.555326e-03 -1.148936e-03 9.999930e-01 2.820936e+01
9.999993e-01 -1.122550e-03 4.304630e-04 2.246676e+01 1.122969e-03 9.999989e-01 -9.747783e-04 -4.143584e-01 -4.293686e-04 9.752603e-04 9.999994e-01 2.833302e+01
9.999933e-01 1.134820e-03 -3.483355e-03 2.321297e+01 -1.130444e-03 9.999986e-01 1.258110e-03 -4.420514e-01 3.484778e-03 -1.254163e-03 9.999931e-01 2.863546e+01
9.999992e-01 -1.068903e-03 6.454169e-04 2.403510e+01 1.069501e-03 9.999990e-01 -9.274170e-04 -4.723754e-01 -6.444252e-04 9.281058e-04 9.999994e-01 2.902197e+01
9.999889e-01 1.355045e-03 -4.519332e-03 2.436744e+01 -1.350093e-03 9.999985e-01 1.098557e-03 -4.671097e-01 4.520814e-03 -1.092442e-03 9.999892e-01 2.977634e+01
9.999994e-01 -1.092571e-03 2.797962e-04 2.462179e+01 1.092897e-03 9.999987e-01 -1.168007e-03 -4.448599e-01 -2.785200e-04 1.168311e-03 9.999993e-01 3.056449e+01
9.999935e-01 1.156628e-03 -3.405055e-03 2.513567e+01 -1.151982e-03 9.999984e-01 1.366130e-03 -4.710494e-01 3.406630e-03 -1.362198e-03 9.999933e-01 3.115348e+01
9.999993e-01 -1.110320e-03 5.059957e-04 2.594608e+01 1.110821e-03 9.999989e-01 -9.910111e-04 -5.050800e-01 -5.048950e-04 9.915718e-04 9.999994e-01 3.164872e+01
9.999935e-01 1.145165e-03 -3.414585e-03 2.646246e+01 -1.141232e-03 9.999987e-01 1.153350e-03 -5.336663e-01 3.415902e-03 -1.149445e-03 9.999935e-01 3.207803e+01
9.999992e-01 -9.182468e-04 -8.372731e-04 2.788321e+01 9.171472e-04 9.999987e-01 -1.312476e-03 -5.221046e-01 8.384769e-04 1.311707e-03 9.999988e-01 3.189765e+01
9.999933e-01 1.238205e-03 -3.436362e-03 2.865897e+01 -1.235016e-03 9.999988e-01 9.301045e-04 -4.668935e-01 3.437510e-03 -9.258536e-04 9.999937e-01 3.079910e+01
9.999994e-01 -9.505744e-04 -5.682890e-04 2.877195e+01 9.500606e-04 9.999991e-01 -9.032689e-04 -4.342314e-01 5.691469e-04 9.027278e-04 9.999994e-01 3.004613e+01
9.999961e-01 1.066846e-03 -2.589836e-03 2.981209e+01 -1.063763e-03 9.999987e-01 1.191358e-03 -4.587478e-01 2.591104e-03 -1.188598e-03 9.999959e-01 3.033572e+01
9.999994e-01 -1.007750e-03 -3.586671e-04 3.051730e+01 1.007459e-03 9.999992e-01 -8.106099e-04 -4.897986e-01 3.594834e-04 8.102474e-04 9.999996e-01 3.073524e+01
9.999954e-01 9.924757e-04 -2.871789e-03 3.076906e+01 -9.897506e-04 9.999991e-01 9.500850e-04 -5.076748e-01 2.872730e-03 -9.472376e-04 9.999954e-01 3.087362e+01
9.999995e-01 -9.612325e-04 -3.605124e-04 3.070551e+01 9.609499e-04 9.999992e-01 -7.827940e-04 -5.113280e-01 3.612643e-04 7.824465e-04 9.999996e-01 3.054666e+01
9.999940e-01 1.006550e-03 -3.305334e-03 3.119278e+01 -1.004319e-03 9.999993e-01 6.766808e-04 -5.025924e-01 3.306013e-03 -6.733564e-04 9.999943e-01 2.977484e+01
9.999995e-01 -1.036764e-03 1.169725e-04 3.141161e+01 1.036833e-03 9.999993e-01 -5.921582e-04 -5.164900e-01 -1.163588e-04 5.922785e-04 9.999998e-01 2.968392e+01
9.999937e-01 1.442435e-03 -3.252170e-03 3.068750e+01 -1.439535e-03 9.999986e-01 8.936431e-04 -4.765000e-01 3.253455e-03 -8.889551e-04 9.999943e-01 2.850856e+01
9.999996e-01 -8.075950e-04 4.588603e-04 2.979886e+01 8.079211e-04 9.999994e-01 -7.114434e-04 -4.278618e-01 -4.582857e-04 7.118132e-04 9.999996e-01 2.678636e+01
9.999933e-01 1.018422e-03 -3.507404e-03 3.005350e+01 -1.016002e-03 9.999992e-01 6.917952e-04 -4.239615e-01 3.508106e-03 -6.882264e-04 9.999936e-01 2.586874e+01
9.999995e-01 -8.790920e-04 4.011382e-04 3.064130e+01 8.793928e-04 9.999993e-01 -7.507654e-04 -4.260139e-01 -4.004782e-04 7.511171e-04 9.999996e-01 2.540060e+01
9.999922e-01 8.808135e-04 -3.854751e-03 3.094841e+01 -8.771347e-04 9.999992e-01 9.558812e-04 -4.334312e-01 3.855590e-03 -9.524919e-04 9.999921e-01 2.546520e+01
9.999995e-01 -8.608186e-04 4.616916e-04 3.095843e+01 8.611928e-04 9.999993e-01 -8.114561e-04 -4.295051e-01 -4.609931e-04 8.118527e-04 9.999996e-01 2.502799e+01
9.999917e-01 8.701273e-04 -3.989727e-03 3.078122e+01 -8.657314e-04 9.999990e-01 1.103344e-03 -4.272001e-01 3.990684e-03 -1.099880e-03 9.999914e-01 2.508171e+01
9.999996e-01 -8.687705e-04 2.568352e-04 3.082144e+01 8.689746e-04 9.999993e-01 -7.966759e-04 -4.259655e-01 -2.561431e-04 7.968981e-04 9.999996e-01 2.522762e+01
9.999925e-01 8.539535e-04 -3.771639e-03 3.150315e+01 -8.503607e-04 9.999992e-01 9.540220e-04 -4.374266e-01 3.772450e-03 -9.508070e-04 9.999924e-01 2.518396e+01
9.999996e-01 -8.623103e-04 2.730296e-04 3.198430e+01 8.625406e-04 9.999993e-01 -8.456289e-04 -4.492126e-01 -2.723005e-04 8.458633e-04 9.999996e-01 2.529311e+01
9.999925e-01 9.137080e-04 -3.760007e-03 3.173729e+01 -9.095819e-04 9.999990e-01 1.098858e-03 -4.451418e-01 3.761007e-03 -1.095430e-03 9.999923e-01 2.541637e+01
9.999996e-01 -8.508154e-04 1.724874e-04 3.131493e+01 8.509424e-04 9.999994e-01 -7.394483e-04 -4.342581e-01 -1.718585e-04 7.395941e-04 9.999997e-01 2.556338e+01
9.999936e-01 9.274663e-04 -3.447281e-03 3.144707e+01 -9.240680e-04 9.999991e-01 9.871703e-04 -4.540865e-01 3.448194e-03 -9.839778e-04 9.999936e-01 2.619655e+01
9.999996e-01 -7.889778e-04 4.105009e-04 3.155539e+01 7.893065e-04 9.999994e-01 -8.019075e-04 -4.807203e-01 -4.098682e-04 8.022305e-04 9.999996e-01 2.715808e+01
9.999939e-01 8.774306e-04 -3.366221e-03 3.184927e+01 -8.738268e-04 9.999990e-01 1.071841e-03 -5.152249e-01 3.367159e-03 -1.068892e-03 9.999938e-01 2.814428e+01
9.999996e-01 -8.314294e-04 2.966826e-04 3.278680e+01 8.316540e-04 9.999994e-01 -7.584122e-04 -5.403560e-01 -2.960522e-04 7.586580e-04 9.999997e-01 2.839198e+01
9.999942e-01 8.201857e-04 -3.318217e-03 3.331831e+01 -8.168054e-04 9.999991e-01 1.019887e-03 -5.613674e-01 3.319051e-03 -1.017170e-03 9.999940e-01 2.855777e+01
9.999997e-01 -7.094475e-04 1.665964e-04 3.336909e+01 7.095879e-04 9.999994e-01 -8.461271e-04 -5.834505e-01 -1.659963e-04 8.462444e-04 9.999996e-01 2.942493e+01
9.999936e-01 6.500279e-04 -3.513874e-03 3.374861e+01 -6.459957e-04 9.999991e-01 1.148454e-03 -6.045404e-01 3.514618e-03 -1.146176e-03 9.999932e-01 2.963821e+01
9.999994e-01 -6.142687e-04 -9.193616e-04 3.498663e+01 6.131099e-04 9.999990e-01 -1.259906e-03 -5.862274e-01 9.201343e-04 1.259341e-03 9.999988e-01 2.885953e+01
9.999972e-01 5.577248e-04 -2.285181e-03 3.524891e+01 -5.542625e-04 9.999987e-01 1.515338e-03 -6.069794e-01 2.286024e-03 -1.514066e-03 9.999962e-01 2.913410e+01
9.999990e-01 -4.541956e-04 -1.316965e-03 3.501066e+01 4.524136e-04 9.999990e-01 -1.352926e-03 -6.062875e-01 1.317578e-03 1.352328e-03 9.999982e-01 2.993766e+01
9.999969e-01 6.730938e-04 -2.391110e-03 3.450711e+01 -6.693184e-04 9.999985e-01 1.579269e-03 -5.919302e-01 2.392170e-03 -1.577663e-03 9.999959e-01 3.072551e+01
9.999991e-01 -4.952922e-04 -1.280437e-03 3.421948e+01 4.934638e-04 9.999989e-01 -1.427666e-03 -5.893057e-01 1.281143e-03 1.427032e-03 9.999982e-01 3.168944e+01
9.999972e-01 6.210189e-04 -2.276704e-03 3.408573e+01 -6.174144e-04 9.999986e-01 1.583442e-03 -5.952981e-01 2.277685e-03 -1.582031e-03 9.999962e-01 3.258041e+01
9.999988e-01 -5.629508e-04 -1.415955e-03 3.405847e+01 5.608781e-04 9.999988e-01 -1.463625e-03 -5.933578e-01 1.416777e-03 1.462828e-03 9.999979e-01 3.275651e+01
9.999971e-01 6.853102e-04 -2.291276e-03 3.412356e+01 -6.817152e-04 9.999985e-01 1.569303e-03 -5.960458e-01 2.292348e-03 -1.567735e-03 9.999961e-01 3.346883e+01
9.999985e-01 -5.547133e-04 -1.660454e-03 3.422725e+01 5.521570e-04 9.999987e-01 -1.539425e-03 -5.797883e-01 1.661305e-03 1.538505e-03 9.999974e-01 3.316998e+01
9.999964e-01 8.234031e-04 -2.546398e-03 3.513997e+01 -8.203855e-04 9.999990e-01 1.185760e-03 -5.479993e-01 2.547372e-03 -1.183666e-03 9.999961e-01 3.172623e+01
9.999981e-01 -4.456114e-04 -1.897108e-03 3.652506e+01 4.425532e-04 9.999986e-01 -1.612001e-03 -5.116595e-01 1.897824e-03 1.611158e-03 9.999969e-01 3.021561e+01
9.999977e-01 6.468739e-04 -2.062919e-03 3.728175e+01 -6.439226e-04 9.999988e-01 1.430849e-03 -4.977255e-01 2.063842e-03 -1.429517e-03 9.999968e-01 2.950765e+01
9.999987e-01 -6.270207e-04 -1.501691e-03 3.763485e+01 6.247599e-04 9.999987e-01 -1.505272e-03 -5.024431e-01 1.502633e-03 1.504331e-03 9.999977e-01 2.937540e+01
9.999974e-01 6.826269e-04 -2.160566e-03 3.783458e+01 -6.793002e-04 9.999986e-01 1.539959e-03 -5.136341e-01 2.161615e-03 -1.538487e-03 9.999965e-01 2.989481e+01
9.999988e-01 -3.669057e-04 -1.531715e-03 3.841547e+01 3.642251e-04 9.999984e-01 -1.749853e-03 -4.808084e-01 1.532354e-03 1.749293e-03 9.999973e-01 2.872528e+01
9.999980e-01 4.054496e-04 -1.972042e-03 3.839833e+01 -4.016352e-04 9.999980e-01 1.934078e-03 -4.927322e-01 1.972822e-03 -1.933282e-03 9.999962e-01 2.926496e+01
9.999988e-01 -2.942138e-04 -1.523964e-03 3.852265e+01 2.914644e-04 9.999983e-01 -1.803825e-03 -5.003152e-01 1.524491e-03 1.803378e-03 9.999972e-01 2.953405e+01
9.999985e-01 3.404661e-04 -1.708806e-03 3.872159e+01 -3.369386e-04 9.999978e-01 2.063980e-03 -5.171228e-01 1.709505e-03 -2.063401e-03 9.999964e-01 2.986444e+01
9.999991e-01 -2.319997e-04 -1.350815e-03 3.908924e+01 2.296157e-04 9.999984e-01 -1.764520e-03 -5.402578e-01 1.351222e-03 1.764207e-03 9.999975e-01 3.052064e+01
9.999978e-01 5.016477e-04 -2.055069e-03 3.902302e+01 -4.978822e-04 9.999982e-01 1.832242e-03 -5.549969e-01 2.055985e-03 -1.831214e-03 9.999962e-01 3.171404e+01
9.999994e-01 -4.481540e-04 -9.487276e-04 3.930629e+01 4.465883e-04 9.999985e-01 -1.649560e-03 -5.899200e-01 9.494652e-04 1.649134e-03 9.999982e-01 3.264738e+01
9.999970e-01 4.417501e-04 -2.428901e-03 3.950984e+01 -4.375631e-04 9.999984e-01 1.723976e-03 -6.078173e-01 2.429659e-03 -1.722907e-03 9.999956e-01 3.312288e+01
9.999991e-01 -2.708811e-04 -1.293489e-03 3.966005e+01 2.688011e-04 9.999987e-01 -1.607794e-03 -6.198606e-01 1.293923e-03 1.607444e-03 9.999979e-01 3.409690e+01
9.999972e-01 3.290265e-04 -2.358739e-03 3.973501e+01 -3.248497e-04 9.999984e-01 1.770842e-03 -6.161515e-01 2.359318e-03 -1.770070e-03 9.999957e-01 3.413820e+01
9.999990e-01 -2.671233e-04 -1.359833e-03 4.019811e+01 2.647670e-04 9.999985e-01 -1.732498e-03 -6.172692e-01 1.360293e-03 1.732135e-03 9.999976e-01 3.406094e+01
9.999983e-01 4.525191e-04 -1.807718e-03 4.027479e+01 -4.490743e-04 9.999981e-01 1.905379e-03 -6.378665e-01 1.808577e-03 -1.904563e-03 9.999966e-01 3.512810e+01
9.999994e-01 -2.329731e-04 -1.063117e-03 4.042562e+01 2.310881e-04 9.999984e-01 -1.772552e-03 -6.726966e-01 1.063528e-03 1.772305e-03 9.999979e-01 3.649194e+01
9.999980e-01 4.371037e-04 -1.928444e-03 4.050307e+01 -4.333805e-04 9.999980e-01 1.930535e-03 -6.993337e-01 1.929285e-03 -1.929694e-03 9.999963e-01 3.766104e+01
9.999993e-01 -2.742425e-04 -1.180560e-03 4.059541e+01 2.721425e-04 9.999984e-01 -1.778297e-03 -7.227589e-01 1.181045e-03 1.777973e-03 9.999977e-01 3.864983e+01
9.999975e-01 4.734748e-04 -2.180513e-03 4.050636e+01 -4.692784e-04 9.999980e-01 1.924489e-03 -7.337524e-01 2.181420e-03 -1.923461e-03 9.999958e-01 3.968469e+01
9.999994e-01 -2.890365e-04 -1.052083e-03 4.047328e+01 2.871625e-04 9.999984e-01 -1.780676e-03 -7.494023e-01 1.052596e-03 1.780372e-03 9.999979e-01 4.068431e+01
9.999974e-01 4.013684e-04 -2.236971e-03 4.060036e+01 -3.968938e-04 9.999979e-01 2.000224e-03 -7.668135e-01 2.237770e-03 -1.999331e-03 9.999955e-01 4.142319e+01
9.999993e-01 -3.633447e-04 -1.162738e-03 4.090332e+01 3.611684e-04 9.999982e-01 -1.871166e-03 -7.850126e-01 1.163415e-03 1.870744e-03 9.999976e-01 4.194963e+01
9.999972e-01 3.104647e-04 -2.351058e-03 4.149373e+01 -3.061839e-04 9.999983e-01 1.820825e-03 -7.949720e-01 2.351620e-03 -1.820100e-03 9.999956e-01 4.187013e+01
9.999995e-01 -2.855587e-04 -9.914938e-04 4.168065e+01 2.837458e-04 9.999983e-01 -1.827756e-03 -7.949553e-01 9.920138e-04 1.827474e-03 9.999978e-01 4.127122e+01
9.999966e-01 3.383650e-04 -2.566713e-03 4.202079e+01 -3.341684e-04 9.999986e-01 1.635141e-03 -7.844535e-01 2.567263e-03 -1.634277e-03 9.999954e-01 4.028650e+01
9.999998e-01 -2.121261e-04 -6.428951e-04 4.216793e+01 2.109199e-04 9.999982e-01 -1.875240e-03 -7.724477e-01 6.432915e-04 1.875104e-03 9.999980e-01 3.905993e+01
9.999971e-01 3.209603e-04 -2.389763e-03 4.193738e+01 -3.162031e-04 9.999980e-01 1.990647e-03 -7.636348e-01 2.390397e-03 -1.989885e-03 9.999952e-01 3.807880e+01
9.999997e-01 -1.906128e-04 -7.617557e-04 4.184188e+01 1.890861e-04 9.999980e-01 -2.003377e-03 -7.532085e-01 7.621358e-04 2.003231e-03 9.999977e-01 3.690510e+01
9.999969e-01 3.833192e-04 -2.453839e-03 4.187389e+01 -3.790014e-04 9.999984e-01 1.759695e-03 -7.346891e-01 2.454510e-03 -1.758759e-03 9.999954e-01 3.531012e+01
9.999997e-01 -2.781126e-04 -7.653191e-04 4.193310e+01 2.766345e-04 9.999981e-01 -1.930416e-03 -7.239416e-01 7.658543e-04 1.930203e-03 9.999978e-01 3.410805e+01
9.999960e-01 3.195608e-04 -2.817205e-03 4.223407e+01 -3.147319e-04 9.999985e-01 1.714237e-03 -7.125655e-01 2.817748e-03 -1.713343e-03 9.999946e-01 3.303502e+01
9.999999e-01 -1.243637e-04 -4.503765e-04 4.241952e+01 1.234116e-04 9.999978e-01 -2.112558e-03 -6.904498e-01 4.506380e-04 2.112502e-03 9.999977e-01 3.136061e+01
9.999943e-01 1.476867e-04 -3.368718e-03 4.304283e+01 -1.413541e-04 9.999982e-01 1.879918e-03 -6.762983e-01 3.368990e-03 -1.879430e-03 9.999926e-01 3.038492e+01
1.000000e+00 -2.013057e-04 -1.610395e-04 4.350988e+01 2.010192e-04 9.999984e-01 -1.775632e-03 -6.862947e-01 1.613965e-04 1.775599e-03 9.999984e-01 3.032958e+01
9.999940e-01 2.636257e-04 -3.446747e-03 4.378327e+01 -2.579090e-04 9.999986e-01 1.658835e-03 -6.753337e-01 3.447179e-03 -1.657936e-03 9.999927e-01 2.925151e+01
9.999999e-01 -1.075924e-04 3.438329e-04 4.386590e+01 1.082403e-04 9.999982e-01 -1.885827e-03 -6.621973e-01 -3.436296e-04 1.885864e-03 9.999982e-01 2.795214e+01
9.999930e-01 7.690479e-05 -3.731536e-03 4.400816e+01 -6.951369e-05 9.999980e-01 1.980720e-03 -6.704493e-01 3.731681e-03 -1.980446e-03 9.999911e-01 2.779295e+01
9.999999e-01 -2.281374e-06 4.827933e-04 4.405411e+01 3.152038e-06 9.999984e-01 -1.804032e-03 -6.902342e-01 -4.827886e-04 1.804032e-03 9.999983e-01 2.848830e+01
9.999922e-01 6.699027e-05 -3.939205e-03 4.401638e+01 -5.928037e-05 9.999981e-01 1.957229e-03 -7.026316e-01 3.939329e-03 -1.956979e-03 9.999903e-01 2.913083e+01
9.999999e-01 -5.483054e-05 5.398627e-04 4.402761e+01 5.580324e-05 9.999984e-01 -1.802491e-03 -7.095428e-01 -5.397632e-04 1.802520e-03 9.999982e-01 2.900126e+01
9.999926e-01 9.884000e-05 -3.833426e-03 4.389333e+01 -9.100636e-05 9.999979e-01 2.043549e-03 -7.100478e-01 3.833620e-03 -2.043184e-03 9.999906e-01 2.881677e+01
9.999999e-01 -2.104026e-05 4.030121e-04 4.376545e+01 2.177340e-05 9.999983e-01 -1.819985e-03 -7.187171e-01 -4.029734e-04 1.819993e-03 9.999983e-01 2.927906e+01
