9.999958e-01 2.182652e-04 -2.899494e-03 4.615107e-01 -2.178655e-04 1.000000e+00 1.381776e-04 -4.406542e-02 2.899523e-03 -1.375460e-04 9.999958e-01 1.515417e+00
1.000000e+00 -1.347257e-04 -2.664192e-05 9.144279e-01 1.347288e-04 1.000000e+00 1.174955e-04 -8.268920e-02 2.662643e-05 -1.174984e-04 1.000000e+00 2.599485e+00
9.999956e-01 1.485519e-04 -2.959847e-03 1.186066e+00 -1.482096e-04 1.000000e+00 1.158884e-04 -1.173370e-01 2.959864e-03 -1.154499e-04 9.999956e-01 3.463659e+00
1.000000e+00 -1.637393e-04 -6.537207e-05 1.543165e+00 1.637496e-04 1.000000e+00 1.559985e-04 -1.509254e-01 6.534686e-05 -1.560085e-04 1.000000e+00 4.217417e+00
9.999956e-01 1.834602e-04 -2.955507e-03 1.941557e+00 -1.832019e-04 1.000000e+00 8.768795e-05 -1.863618e-01 2.955523e-03 -8.714683e-05 9.999956e-01 5.101756e+00
1.000000e+00 -1.696845e-04 -1.667448e-06 2.290645e+00 1.696847e-04 1.000000e+00 1.032144e-04 -2.204620e-01 1.650275e-06 -1.032140e-04 1.000000e+00 5.923666e+00
9.999944e-01 9.770911e-05 -3.345575e-03 2.798560e+00 -9.781621e-05 1.000000e+00 -3.184199e-05 -2.365345e-01 3.345571e-03 3.216835e-05 9.999944e-01 5.996686e+00
1.000000e+00 -1.744484e-04 -1.197769e-04 3.364316e+00 1.744379e-04 1.000000e+00 -8.758796e-05 -2.446845e-01 1.197926e-04 8.756778e-05 1.000000e+00 5.801419e+00
9.999944e-01 1.185709e-04 -3.341045e-03 3.852243e+00 -1.186017e-04 1.000000e+00 -9.008211e-06 -2.551149e-01 3.341044e-03 9.403702e-06 9.999944e-01 5.791566e+00
1.000000e+00 -9.904247e-05 -1.386825e-04 4.161064e+00 9.904132e-05 1.000000e+00 -8.506673e-06 -2.690211e-01 1.386837e-04 8.493650e-06 1.000000e+00 6.185927e+00
9.999935e-01 -1.198545e-05 -3.599912e-03 4.601032e+00 1.196134e-05 1.000000e+00 -6.708468e-06 -2.807693e-01 3.599912e-03 6.664653e-06 9.999935e-01 6.311952e+00
9.999995e-01 1.656649e-05 -1.013986e-03 5.742215e+00 -1.682106e-05 1.000000e+00 -2.510946e-04 -2.573038e-01 1.013982e-03 2.511122e-04 9.999995e-01 5.203598e+00
9.999971e-01 2.949599e-05 -2.408777e-03 6.287175e+00 -2.957199e-05 1.000000e+00 -3.149854e-05 -2.506726e-01 2.408776e-03 3.156897e-05 9.999971e-01 4.423742e+00
9.999996e-01 2.938780e-05 -8.449876e-04 7.028243e+00 -2.922048e-05 1.000000e+00 1.979736e-04 -2.776143e-01 8.449938e-04 -1.979481e-04 9.999996e-01 4.946883e+00
9.999966e-01 1.183739e-05 -2.610978e-03 7.392767e+00 -1.215018e-05 1.000000e+00 -1.197680e-04 -2.929114e-01 2.610976e-03 1.197986e-04 9.999966e-01 5.313037e+00
9.999979e-01 1.996816e-04 -2.019518e-03 8.902363e+00 -1.993750e-04 1.000000e+00 1.519934e-04 -2.637470e-01 2.019549e-03 -1.515897e-04 9.999979e-01 3.973799e+00
9.999934e-01 5.643418e-04 -3.581355e-03 1.167360e+01 -5.673480e-04 9.999995e-01 -8.384527e-04 -1.652981e-01 3.580880e-03 8.404783e-04 9.999932e-01 6.449120e-01
9.999986e-01 3.327169e-04 -1.651294e-03 1.413022e+01 -3.325470e-04 9.999999e-01 1.031036e-04 -5.761163e-02 1.651328e-03 -1.025536e-04 9.999986e-01 -3.163009e+00
9.999917e-01 6.950610e-04 -4.004689e-03 1.711580e+01 -7.000413e-04 9.999990e-01 -1.242324e-03 6.899379e-02 4.003821e-03 1.245116e-03 9.999912e-01 -7.562134e+00
9.999989e-01 3.002696e-04 -1.467724e-03 1.985929e+01 -3.000572e-04 9.999999e-01 1.448956e-04 1.894923e-01 1.467768e-03 -1.444543e-04 9.999989e-01 -1.187228e+01
9.999927e-01 6.516657e-04 -3.763062e-03 2.238230e+01 -6.558222e-04 9.999992e-01 -1.103419e-03 3.024773e-01 3.762340e-03 1.105878e-03 9.999923e-01 -1.595188e+01
9.999969e-01 3.672672e-04 -2.469022e-03 2.583834e+01 -3.676693e-04 9.999999e-01 -1.624263e-04 4.420248e-01 2.468962e-03 1.633343e-04 9.999969e-01 -2.067061e+01
9.999932e-01 6.172148e-04 -3.634103e-03 2.920623e+01 -6.207016e-04 9.999993e-01 -9.583990e-04 5.763343e-01 3.633509e-03 9.606475e-04 9.999929e-01 -2.520760e+01
9.999975e-01 4.641839e-04 -2.197198e-03 3.244047e+01 -4.644122e-04 9.999999e-01 -1.033950e-04 7.023674e-01 2.197150e-03 1.044158e-04 9.999976e-01 -2.947010e+01
9.999945e-01 3.216190e-04 -3.293484e-03 3.482997e+01 -3.238631e-04 9.999997e-01 -6.808358e-04 7.992096e-01 3.293264e-03 6.818980e-04 9.999943e-01 -3.292392e+01
9.999960e-01 7.926203e-04 -2.731819e-03 3.829513e+01 -7.945802e-04 9.999994e-01 -7.164450e-04 9.394823e-01 2.731250e-03 7.186134e-04 9.999960e-01 -3.767473e+01
9.999937e-01 5.857411e-04 -3.493020e-03 4.184199e+01 -5.878126e-04 9.999997e-01 -5.920219e-04 1.098733e+00 3.492672e-03 5.940707e-04 9.999937e-01 -4.310512e+01
9.999966e-01 8.307160e-04 -2.453714e-03 4.527707e+01 -8.327273e-04 9.999993e-01 -8.188266e-04 1.250048e+00 2.453032e-03 8.208678e-04 9.999967e-01 -4.837772e+01
9.999942e-01 2.495963e-04 -3.398850e-03 4.816737e+01 -2.511251e-04 9.999999e-01 -4.493603e-04 1.379719e+00 3.398738e-03 4.502105e-04 9.999941e-01 -5.307394e+01
9.999955e-01 8.069273e-04 -2.887462e-03 5.147278e+01 -8.092966e-04 9.999993e-01 -8.194991e-04 1.518870e+00 2.886799e-03 8.218330e-04 9.999955e-01 -5.794971e+01
9.999909e-01 4.723555e-04 -4.233357e-03 5.569236e+01 -4.757851e-04 9.999996e-01 -8.091568e-04 1.680716e+00 4.232973e-03 8.111629e-04 9.999907e-01 -6.346045e+01
9.999973e-01 6.947111e-04 -2.235238e-03 5.954896e+01 -6.967089e-04 9.999994e-01 -8.931203e-04 1.835229e+00 2.234616e-03 8.946758e-04 9.999971e-01 -6.877285e+01
9.999905e-01 4.457381e-04 -4.331475e-03 6.346524e+01 -4.482280e-04 9.999997e-01 -5.738539e-04 1.982652e+00 4.331218e-03 5.757892e-04 9.999905e-01 -7.374864e+01
9.999988e-01 8.032759e-04 -1.360820e-03 6.651887e+01 -8.039841e-04 9.999995e-01 -5.200360e-04 2.119631e+00 1.360402e-03 5.211301e-04 9.999989e-01 -7.847615e+01
9.999881e-01 3.911290e-04 -4.856915e-03 6.962417e+01 -3.937429e-04 9.999998e-01 -5.372330e-04 2.265855e+00 4.856704e-03 5.391383e-04 9.999881e-01 -8.357261e+01
9.999991e-01 9.180609e-04 -9.614525e-04 7.237926e+01 -9.183662e-04 9.999995e-01 -3.172103e-04 2.422269e+00 9.611612e-04 3.180937e-04 9.999995e-01 -8.857207e+01
9.999940e-01 -7.716736e-05 -3.453157e-03 7.240071e+01 7.926151e-05 9.999998e-01 6.063388e-04 2.537177e+00 3.453109e-03 -6.066096e-04 9.999939e-01 -9.129515e+01
9.999981e-01 1.037595e-03 -1.668556e-03 7.348357e+01 -1.038897e-03 9.999992e-01 -7.797843e-04 2.681181e+00 1.667746e-03 7.815169e-04 9.999983e-01 -9.512643e+01
9.999889e-01 3.830542e-05 -4.709937e-03 7.649779e+01 -3.717347e-05 1.000000e+00 2.404393e-04 2.827222e+00 4.709946e-03 -2.402623e-04 9.999889e-01 -9.917378e+01
9.999988e-01 1.016160e-03 -1.163615e-03 7.904113e+01 -1.017106e-03 9.999992e-01 -8.126988e-04 2.957981e+00 1.162789e-03 8.138821e-04 9.999990e-01 -1.033237e+02
9.999901e-01 -3.039280e-06 -4.443937e-03 8.182354e+01 3.488086e-06 1.000000e+00 1.010071e-04 3.074425e+00 4.443937e-03 -1.010224e-04 9.999901e-01 -1.071338e+02
9.999990e-01 9.743190e-04 -9.921332e-04 8.404575e+01 -9.745352e-04 9.999995e-01 -2.175266e-04 3.193740e+00 9.919211e-04 2.184940e-04 9.999995e-01 -1.103203e+02
9.999936e-01 4.868918e-05 -3.567841e-03 8.596734e+01 -4.464605e-05 9.999994e-01 1.133313e-03 3.282977e+00 3.567894e-03 -1.133147e-03 9.999930e-01 -1.115986e+02
9.999991e-01 1.003934e-03 -9.069231e-04 8.620302e+01 -1.004680e-03 9.999992e-01 -8.220885e-04 3.419797e+00 9.060973e-04 8.229997e-04 9.999993e-01 -1.148401e+02
9.999965e-01 1.907541e-04 -2.632001e-03 8.489918e+01 -1.848823e-04 9.999975e-01 2.231050e-03 3.530732e+00 2.632420e-03 -2.230556e-03 9.999940e-01 -1.151711e+02
9.999996e-01 6.931018e-04 -5.782181e-04 8.453623e+01 -6.936700e-04 9.999993e-01 -9.831229e-04 3.586649e+00 5.775366e-04 9.835243e-04 9.999993e-01 -1.145409e+02
9.999963e-01 1.652496e-04 -2.697924e-03 8.446427e+01 -1.597809e-04 9.999979e-01 2.027133e-03 3.648310e+00 2.698253e-03 -2.026695e-03 9.999943e-01 -1.146530e+02
9.999997e-01 6.651464e-04 -2.802672e-04 8.263774e+01 -6.654312e-04 9.999993e-01 -1.017831e-03 3.733088e+00 2.795903e-04 1.018018e-03 9.999994e-01 -1.147835e+02
9.999951e-01 -2.061647e-04 -3.116533e-03 8.129851e+01 2.113312e-04 9.999986e-01 1.657583e-03 3.789532e+00 3.116186e-03 -1.658235e-03 9.999938e-01 -1.151390e+02
9.999998e-01 5.034288e-04 -3.565093e-04 8.180995e+01 -5.040400e-04 9.999984e-01 -1.716870e-03 3.801190e+00 3.556448e-04 1.717050e-03 9.999985e-01 -1.162124e+02
9.999965e-01 -4.920282e-05 -2.655033e-03 8.162907e+01 5.550385e-05 9.999972e-01 2.373259e-03 3.806714e+00 2.654908e-03 -2.373398e-03 9.999937e-01 -1.155735e+02
9.999999e-01 2.703220e-04 1.935840e-04 8.242641e+01 -2.699623e-04 9.999982e-01 -1.855087e-03 3.763613e+00 -1.940848e-04 1.855036e-03 9.999983e-01 -1.142947e+02
9.999939e-01 -3.342927e-04 -3.476142e-03 8.287774e+01 3.417014e-04 9.999977e-01 2.130948e-03 3.746384e+00 3.475421e-03 -2.132124e-03 9.999917e-01 -1.141848e+02
9.999999e-01 3.590931e-04 3.893143e-04 8.293708e+01 -3.583729e-04 9.999982e-01 -1.848148e-03 3.735150e+00 -3.899770e-04 1.848009e-03 9.999982e-01 -1.141043e+02
9.999930e-01 -3.054151e-04 -3.720370e-03 8.279481e+01 3.131505e-04 9.999978e-01 2.078824e-03 3.728939e+00 3.719726e-03 -2.079976e-03 9.999909e-01 -1.134842e+02
9.999993e-01 5.397262e-04 1.030234e-03 8.292899e+01 -5.378506e-04 9.999982e-01 -1.819807e-03 3.698678e+00 -1.031214e-03 1.819252e-03 9.999978e-01 -1.123829e+02
9.999937e-01 -4.088897e-04 -3.528658e-03 8.320325e+01 4.162093e-04 9.999978e-01 2.073861e-03 3.658670e+00 3.527802e-03 -2.075317e-03 9.999916e-01 -1.112261e+02
9.999999e-01 4.599800e-04 2.961984e-04 8.311884e+01 -4.594405e-04 9.999982e-01 -1.818620e-03 3.648983e+00 -2.970341e-04 1.818484e-03 9.999983e-01 -1.106568e+02
9.999933e-01 -3.963162e-04 -3.639586e-03 8.286040e+01 4.043632e-04 9.999975e-01 2.210531e-03 3.651392e+00 3.638700e-03 -2.211989e-03 9.999909e-01 -1.102785e+02
9.999999e-01 4.298913e-04 2.566473e-04 8.272877e+01 -4.294071e-04 9.999981e-01 -1.883249e-03 3.650876e+00 -2.574561e-04 1.883139e-03 9.999982e-01 -1.100507e+02
9.999937e-01 -2.975270e-04 -3.528533e-03 8.248218e+01 3.049677e-04 9.999977e-01 2.108420e-03 3.661203e+00 3.527897e-03 -2.109484e-03 9.999916e-01 -1.102490e+02
9.999999e-01 4.330269e-04 1.509719e-04 8.210341e+01 -4.327575e-04 9.999983e-01 -1.779577e-03 3.672517e+00 -1.517419e-04 1.779512e-03 9.999984e-01 -1.102780e+02
9.999930e-01 -4.569323e-04 -3.721991e-03 8.221166e+01 4.643816e-04 9.999979e-01 2.000851e-03 3.671104e+00 3.721068e-03 -2.002566e-03 9.999911e-01 -1.101886e+02
9.999998e-01 4.492410e-04 3.225128e-04 8.247033e+01 -4.486404e-04 9.999982e-01 -1.859397e-03 3.665998e+00 -3.233472e-04 1.859253e-03 9.999982e-01 -1.102330e+02
9.999933e-01 -4.453027e-04 -3.627615e-03 8.284415e+01 4.529741e-04 9.999977e-01 2.114222e-03 3.650558e+00 3.626664e-03 -2.115852e-03 9.999912e-01 -1.100099e+02
9.999998e-01 4.582482e-04 4.839408e-04 8.332262e+01 -4.573688e-04 9.999982e-01 -1.815446e-03 3.625672e+00 -4.847716e-04 1.815225e-03 9.999982e-01 -1.095591e+02
9.999936e-01 -4.788531e-04 -3.546985e-03 8.388539e+01 4.857577e-04 9.999980e-01 1.946044e-03 3.605527e+00 3.546045e-03 -1.947755e-03 9.999918e-01 -1.094361e+02
9.999999e-01 4.570599e-04 2.299744e-04 8.423220e+01 -4.566357e-04 9.999982e-01 -1.840376e-03 3.596614e+00 -2.308149e-04 1.840271e-03 9.999983e-01 -1.096290e+02
9.999933e-01 -4.868117e-04 -3.620673e-03 8.470691e+01 4.934917e-04 9.999982e-01 1.844345e-03 3.591234e+00 3.619768e-03 -1.846120e-03 9.999917e-01 -1.099440e+02
9.999998e-01 4.570812e-04 4.053059e-04 8.544353e+01 -4.563820e-04 9.999984e-01 -1.723265e-03 3.576919e+00 -4.060926e-04 1.723081e-03 9.999984e-01 -1.100161e+02
9.999933e-01 -4.961050e-04 -3.628773e-03 8.600428e+01 5.024083e-04 9.999984e-01 1.736375e-03 3.564659e+00 3.627906e-03 -1.738187e-03 9.999919e-01 -1.101045e+02
9.999997e-01 5.033042e-04 5.500987e-04 8.630394e+01 -5.023001e-04 9.999982e-01 -1.823718e-03 3.558002e+00 -5.510153e-04 1.823442e-03 9.999982e-01 -1.105095e+02
9.999934e-01 -4.648675e-04 -3.616430e-03 8.644589e+01 4.712728e-04 9.999983e-01 1.770538e-03 3.555296e+00 3.615600e-03 -1.772231e-03 9.999919e-01 -1.110866e+02
9.999999e-01 4.562781e-04 2.129960e-04 8.677214e+01 -4.558909e-04 9.999983e-01 -1.813684e-03 3.554019e+00 -2.138228e-04 1.813587e-03 9.999983e-01 -1.116495e+02
9.999933e-01 -4.132321e-04 -3.626368e-03 8.709628e+01 4.195537e-04 9.999984e-01 1.742694e-03 3.558958e+00 3.625642e-03 -1.744204e-03 9.999919e-01 -1.123992e+02
9.999999e-01 4.533718e-04 2.131604e-04 8.742539e+01 -4.529923e-04 9.999983e-01 -1.776796e-03 3.560945e+00 -2.139653e-04 1.776699e-03 9.999984e-01 -1.130514e+02
9.999944e-01 -3.629683e-04 -3.329935e-03 8.757262e+01 3.684056e-04 9.999986e-01 1.632419e-03 3.566777e+00 3.329337e-03 -1.633638e-03 9.999931e-01 -1.139735e+02
9.999999e-01 4.429787e-04 6.227926e-05 8.776087e+01 -4.428713e-04 9.999984e-01 -1.711759e-03 3.572800e+00 -6.303713e-05 1.711732e-03 9.999985e-01 -1.148678e+02
9.999944e-01 -3.479787e-04 -3.328869e-03 8.799874e+01 3.530847e-04 9.999988e-01 1.533442e-03 3.582160e+00 3.328331e-03 -1.534609e-03 9.999933e-01 -1.158941e+02
9.999999e-01 4.024429e-04 -5.638093e-05 8.830894e+01 -4.025324e-04 9.999986e-01 -1.599953e-03 3.588156e+00 5.573727e-05 1.599976e-03 9.999987e-01 -1.166818e+02
9.999941e-01 -3.956189e-04 -3.413668e-03 8.882666e+01 4.013414e-04 9.999985e-01 1.675859e-03 3.587108e+00 3.413000e-03 -1.677220e-03 9.999928e-01 -1.171219e+02
9.999998e-01 5.298781e-04 3.608005e-04 8.857918e+01 -5.293405e-04 9.999988e-01 -1.488166e-03 3.596265e+00 -3.615883e-04 1.487975e-03 9.999988e-01 -1.177376e+02
9.999937e-01 -5.025555e-04 -3.524359e-03 8.850545e+01 5.084269e-04 9.999985e-01 1.665298e-03 3.591964e+00 3.523516e-03 -1.667080e-03 9.999924e-01 -1.177360e+02
9.999998e-01 5.368435e-04 1.219698e-04 8.843006e+01 -5.366654e-04 9.999988e-01 -1.454426e-03 3.585582e+00 -1.227502e-04 1.454361e-03 9.999989e-01 -1.172920e+02
9.999934e-01 -3.756051e-04 -3.615776e-03 8.792279e+01 3.821439e-04 9.999983e-01 1.807943e-03 3.600800e+00 3.615091e-03 -1.809313e-03 9.999918e-01 -1.171346e+02
9.999999e-01 4.340569e-04 -5.259752e-05 8.768634e+01 -4.341363e-04 9.999987e-01 -1.522543e-03 3.605716e+00 5.193689e-05 1.522566e-03 9.999988e-01 -1.167686e+02
9.999942e-01 -3.726306e-04 -3.383646e-03 8.732771e+01 3.788653e-04 9.999982e-01 1.842180e-03 3.612844e+00 3.382953e-03 -1.843452e-03 9.999926e-01 -1.166212e+02
9.999999e-01 4.565359e-04 -9.056683e-05 8.698571e+01 -4.566704e-04 9.999988e-01 -1.492873e-03 3.620757e+00 8.988548e-05 1.492915e-03 9.999989e-01 -1.165609e+02
9.999935e-01 -5.095136e-04 -3.576767e-03 8.714305e+01 5.157469e-04 9.999983e-01 1.742076e-03 3.616415e+00 3.575873e-03 -1.743910e-03 9.999921e-01 -1.164562e+02
9.999999e-01 5.159339e-04 -1.151834e-05 8.729320e+01 -5.159505e-04 9.999987e-01 -1.503807e-03 3.615625e+00 1.074276e-05 1.503814e-03 9.999989e-01 -1.162661e+02
9.999931e-01 -5.343324e-04 -3.675518e-03 8.774015e+01 5.403155e-04 9.999985e-01 1.627069e-03 3.611594e+00 3.674643e-03 -1.629045e-03 9.999919e-01 -1.162849e+02
9.999998e-01 5.448197e-04 8.728222e-05 8.837817e+01 -5.446997e-04 9.999989e-01 -1.367587e-03 3.603807e+00 -8.802691e-05 1.367540e-03 9.999991e-01 -1.162973e+02
9.999951e-01 -4.833588e-04 -3.078471e-03 8.882195e+01 4.884133e-04 9.999985e-01 1.641406e-03 3.580570e+00 3.077673e-03 -1.642902e-03 9.999939e-01 -1.158643e+02
9.999999e-01 4.686473e-04 -2.515096e-04 8.909477e+01 -4.689833e-04 9.999990e-01 -1.338156e-03 3.559782e+00 2.508825e-04 1.338274e-03 9.999991e-01 -1.154748e+02
9.999942e-01 -4.762242e-04 -3.359285e-03 8.949860e+01 4.818085e-04 9.999985e-01 1.661795e-03 3.550617e+00 3.358488e-03 -1.663404e-03 9.999930e-01 -1.153862e+02
9.999999e-01 4.831938e-04 -2.185493e-04 9.004884e+01 -4.834766e-04 9.999990e-01 -1.296508e-03 3.532818e+00 2.179229e-04 1.296615e-03 9.999991e-01 -1.151205e+02
9.999949e-01 -4.275812e-04 -3.162107e-03 9.081762e+01 4.321574e-04 9.999989e-01 1.446732e-03 3.514495e+00 3.161484e-03 -1.448092e-03 9.999940e-01 -1.150309e+02
9.999996e-01 4.610932e-04 -7.033237e-04 9.120153e+01 -4.619672e-04 9.999991e-01 -1.243333e-03 3.515128e+00 7.027501e-04 1.243658e-03 9.999990e-01 -1.149440e+02
9.999944e-01 -4.073217e-04 -3.330539e-03 9.237957e+01 4.121133e-04 9.999989e-01 1.438170e-03 3.515978e+00 3.329950e-03 -1.439535e-03 9.999934e-01 -1.152301e+02
9.999997e-01 5.279465e-04 4.875132e-04 9.355488e+01 -5.274460e-04 9.999993e-01 -1.025865e-03 3.490083e+00 -4.880541e-04 1.025608e-03 9.999994e-01 -1.150201e+02
9.999945e-01 -5.045397e-04 -3.273683e-03 9.416748e+01 5.091336e-04 9.999989e-01 1.402666e-03 3.450932e+00 3.272972e-03 -1.404326e-03 9.999937e-01 -1.143390e+02
9.999998e-01 5.109829e-04 -4.353694e-04 9.444607e+01 -5.115199e-04 9.999991e-01 -1.234509e-03 3.449887e+00 4.347385e-04 1.234732e-03 9.999991e-01 -1.142199e+02
9.999947e-01 -5.057478e-04 -3.214999e-03 9.513445e+01 5.105228e-04 9.999988e-01 1.484615e-03 3.444883e+00 3.214243e-03 -1.486249e-03 9.999937e-01 -1.143245e+02
9.999998e-01 5.558582e-04 -4.076898e-04 9.603432e+01 -5.563566e-04 9.999991e-01 -1.223698e-03 3.435787e+00 4.070096e-04 1.223926e-03 9.999992e-01 -1.143907e+02
9.999944e-01 -5.183038e-04 -3.310272e-03 9.648233e+01 5.228952e-04 9.999989e-01 1.386360e-03 3.438402e+00 3.309550e-03 -1.388084e-03 9.999936e-01 -1.143522e+02
9.999997e-01 5.746100e-04 -5.723659e-04 9.702786e+01 -5.752963e-04 9.999991e-01 -1.199941e-03 3.434877e+00 5.716761e-04 1.200271e-03 9.999991e-01 -1.142248e+02
9.999947e-01 -5.111274e-04 -3.226606e-03 9.725467e+01 5.153051e-04 9.999990e-01 1.294098e-03 3.448080e+00 3.225941e-03 -1.295754e-03 9.999940e-01 -1.142006e+02
9.999997e-01 4.789099e-04 -6.716992e-04 9.755762e+01 -4.796050e-04 9.999993e-01 -1.035337e-03 3.444861e+00 6.712032e-04 1.035660e-03 9.999992e-01 -1.140428e+02
9.999960e-01 -4.384029e-04 -2.795225e-03 9.849329e+01 4.419153e-04 9.999991e-01 1.256120e-03 3.434388e+00 2.794672e-03 -1.257351e-03 9.999953e-01 -1.141104e+02
9.999996e-01 4.564260e-04 -7.306616e-04 9.937533e+01 -4.571890e-04 9.999993e-01 -1.044713e-03 3.425517e+00 7.301846e-04 1.045047e-03 9.999992e-01 -1.142215e+02
9.999957e-01 -4.450620e-04 -2.890385e-03 1.002738e+02 4.484645e-04 9.999992e-01 1.176711e-03 3.421074e+00 2.889859e-03 -1.178002e-03 9.999951e-01 -1.144175e+02
9.999995e-01 6.126389e-04 -8.483867e-04 1.006313e+02 -6.134950e-04 9.999993e-01 -1.009406e-03 3.426233e+00 8.477680e-04 1.009927e-03 9.999991e-01 -1.139187e+02
9.999958e-01 -5.886380e-04 -2.825758e-03 1.011261e+02 5.922865e-04 9.999990e-01 1.290564e-03 3.415265e+00 2.824995e-03 -1.292233e-03 9.999952e-01 -1.135315e+02
9.999995e-01 6.168986e-04 -8.078177e-04 1.021851e+02 -6.177787e-04 9.999992e-01 -1.089903e-03 3.408353e+00 8.071450e-04 1.090402e-03 9.999991e-01 -1.136788e+02
9.999960e-01 -5.630349e-04 -2.773796e-03 1.031186e+02 5.665097e-04 9.999991e-01 1.252159e-03 3.401792e+00 2.773088e-03 -1.253726e-03 9.999954e-01 -1.137440e+02
9.999995e-01 5.566119e-04 -8.727797e-04 1.039484e+02 -5.575907e-04 9.999992e-01 -1.121844e-03 3.397569e+00 8.721549e-04 1.122331e-03 9.999990e-01 -1.139673e+02
9.999955e-01 -5.333486e-04 -2.959741e-03 1.049415e+02 5.369985e-04 9.999991e-01 1.232581e-03 3.398736e+00 2.959081e-03 -1.234165e-03 9.999949e-01 -1.143564e+02
9.999994e-01 5.532689e-04 -9.006126e-04 1.059171e+02 -5.542670e-04 9.999992e-01 -1.108637e-03 3.400073e+00 8.999988e-04 1.109136e-03 9.999990e-01 -1.147396e+02
9.999963e-01 -5.675713e-04 -2.644853e-03 1.065917e+02 5.710534e-04 9.999990e-01 1.316054e-03 3.392444e+00 2.644103e-03 -1.317560e-03 9.999956e-01 -1.148764e+02
9.999992e-01 5.893140e-04 -1.079333e-03 1.075491e+02 -5.905826e-04 9.999991e-01 -1.175564e-03 3.390774e+00 1.078640e-03 1.176201e-03 9.999987e-01 -1.151995e+02
9.999969e-01 -5.736254e-04 -2.425423e-03 1.084799e+02 5.770841e-04 9.999988e-01 1.425631e-03 3.380993e+00 2.424602e-03 -1.427027e-03 9.999960e-01 -1.153259e+02
9.999990e-01 5.908988e-04 -1.272838e-03 1.094352e+02 -5.924836e-04 9.999990e-01 -1.245226e-03 3.376505e+00 1.272101e-03 1.245979e-03 9.999984e-01 -1.155894e+02
9.999968e-01 -5.755847e-04 -2.462129e-03 1.103946e+02 5.790171e-04 9.999989e-01 1.393636e-03 3.374513e+00 2.461324e-03 -1.395057e-03 9.999960e-01 -1.159061e+02
9.999994e-01 6.010794e-04 -8.741283e-04 1.110676e+02 -6.021374e-04 9.999991e-01 -1.210814e-03 3.364630e+00 8.734000e-04 1.211340e-03 9.999989e-01 -1.159520e+02
9.999967e-01 -4.514361e-04 -2.536958e-03 1.113337e+02 4.547452e-04 9.999990e-01 1.304045e-03 3.365874e+00 2.536366e-03 -1.305195e-03 9.999959e-01 -1.158752e+02
9.999995e-01 5.581910e-04 -8.819959e-04 1.114861e+02 -5.592734e-04 9.999991e-01 -1.227662e-03 3.367775e+00 8.813101e-04 1.228155e-03 9.999989e-01 -1.158414e+02
9.999966e-01 -5.417057e-04 -2.562298e-03 1.115754e+02 5.454544e-04 9.999988e-01 1.462599e-03 3.359223e+00 2.561503e-03 -1.463993e-03 9.999956e-01 -1.154983e+02
9.999996e-01 5.253587e-04 -7.362983e-04 1.117044e+02 -5.262381e-04 9.999991e-01 -1.194922e-03 3.343644e+00 7.356702e-04 1.195310e-03 9.999990e-01 -1.151639e+02
9.999965e-01 -5.395506e-04 -2.574975e-03 1.117171e+02 5.432157e-04 9.999988e-01 1.422935e-03 3.329632e+00 2.574204e-03 -1.424329e-03 9.999957e-01 -1.147243e+02
9.999996e-01 5.357774e-04 -6.899440e-04 1.117186e+02 -5.365958e-04 9.999992e-01 -1.186825e-03 3.315897e+00 6.893079e-04 1.187196e-03 9.999991e-01 -1.143402e+02
9.999964e-01 -5.521766e-04 -2.637833e-03 1.117276e+02 5.560530e-04 9.999988e-01 1.469110e-03 3.305883e+00 2.637019e-03 -1.470572e-03 9.999954e-01 -1.140263e+02
9.999995e-01 6.371234e-04 -8.277415e-04 1.117999e+02 -6.382216e-04 9.999989e-01 -1.327427e-03 3.306304e+00 8.268951e-04 1.327955e-03 9.999988e-01 -1.139391e+02
9.999960e-01 -5.621315e-04 -2.756798e-03 1.120661e+02 5.661018e-04 9.999988e-01 1.439696e-03 3.308883e+00 2.755986e-03 -1.441252e-03 9.999952e-01 -1.140570e+02
9.999996e-01 6.910988e-04 -5.157434e-04 1.120601e+02 -6.917772e-04 9.999989e-01 -1.316868e-03 3.306277e+00 5.148330e-04 1.317225e-03 9.999990e-01 -1.138092e+02
9.999954e-01 -5.980473e-04 -2.989394e-03 1.118981e+02 6.025335e-04 9.999987e-01 1.500099e-03 3.303514e+00 2.988492e-03 -1.501894e-03 9.999944e-01 -1.131487e+02
9.999995e-01 6.924880e-04 -6.751687e-04 1.115240e+02 -6.933087e-04 9.999990e-01 -1.216390e-03 3.314222e+00 6.743259e-04 1.216858e-03 9.999990e-01 -1.127978e+02
9.999960e-01 -6.656762e-04 -2.750845e-03 1.114458e+02 6.697159e-04 9.999987e-01 1.467934e-03 3.315059e+00 2.749864e-03 -1.469772e-03 9.999951e-01 -1.128031e+02
9.999995e-01 6.212278e-04 -7.356461e-04 1.120941e+02 -6.222579e-04 9.999988e-01 -1.401205e-03 3.308222e+00 7.347751e-04 1.401663e-03 9.999987e-01 -1.129736e+02
9.999960e-01 -6.357331e-04 -2.760571e-03 1.124538e+02 6.400923e-04 9.999985e-01 1.578575e-03 3.300858e+00 2.759563e-03 -1.580336e-03 9.999949e-01 -1.129178e+02
9.999993e-01 6.695349e-04 -9.757261e-04 1.125842e+02 -6.708650e-04 9.999988e-01 -1.363657e-03 3.308452e+00 9.748123e-04 1.364312e-03 9.999986e-01 -1.130507e+02
9.999953e-01 -6.948358e-04 -3.001884e-03 1.134224e+02 6.989575e-04 9.999988e-01 1.372262e-03 3.313634e+00 3.000926e-03 -1.374354e-03 9.999946e-01 -1.135143e+02
9.999991e-01 6.893604e-04 -1.114498e-03 1.143057e+02 -6.908842e-04 9.999988e-01 -1.367587e-03 3.322388e+00 1.113554e-03 1.368356e-03 9.999984e-01 -1.140487e+02
9.999957e-01 -6.749568e-04 -2.850821e-03 1.151273e+02 6.789099e-04 9.999988e-01 1.385982e-03 3.330352e+00 2.849882e-03 -1.387913e-03 9.999950e-01 -1.145817e+02
9.999995e-01 6.903329e-04 -7.563263e-04 1.156024e+02 -6.913649e-04 9.999988e-01 -1.365349e-03 3.335708e+00 7.553832e-04 1.365872e-03 9.999988e-01 -1.151871e+02
9.999956e-01 -6.788296e-04 -2.892392e-03 1.159533e+02 6.829621e-04 9.999987e-01 1.428056e-03 3.339794e+00 2.891419e-03 -1.430026e-03 9.999948e-01 -1.158116e+02
9.999995e-01 6.698404e-04 -7.187163e-04 1.167707e+02 -6.709065e-04 9.999987e-01 -1.484355e-03 3.339556e+00 7.177213e-04 1.484837e-03 9.999986e-01 -1.162549e+02
9.999957e-01 -6.622531e-04 -2.855027e-03 1.174671e+02 6.668347e-04 9.999985e-01 1.604149e-03 3.331942e+00 2.853960e-03 -1.606047e-03 9.999946e-01 -1.163972e+02
9.999992e-01 6.133687e-04 -1.087335e-03 1.181686e+02 -6.149081e-04 9.999988e-01 -1.416155e-03 3.328656e+00 1.086465e-03 1.416823e-03 9.999984e-01 -1.166643e+02
9.999937e-01 -6.035275e-04 -3.508190e-03 1.193112e+02 6.077633e-04 9.999991e-01 1.206544e-03 3.350459e+00 3.507458e-03 -1.208669e-03 9.999931e-01 -1.176509e+02
9.999996e-01 6.962571e-04 -5.255669e-04 1.201518e+02 -6.970777e-04 9.999985e-01 -1.563234e-03 3.371889e+00 5.244780e-04 1.563600e-03 9.999986e-01 -1.187681e+02
9.999950e-01 -6.942221e-04 -3.092036e-03 1.208327e+02 6.988130e-04 9.999987e-01 1.483964e-03 3.376052e+00 3.091001e-03 -1.486118e-03 9.999941e-01 -1.193809e+02
9.999997e-01 7.047891e-04 -1.709764e-04 1.211212e+02 -7.050224e-04 9.999988e-01 -1.370119e-03 3.369711e+00 1.700108e-04 1.370240e-03 9.999990e-01 -1.197229e+02
9.999948e-01 -7.115266e-04 -3.160770e-03 1.212981e+02 7.166194e-04 9.999984e-01 1.610482e-03 3.360722e+00 3.159619e-03 -1.612739e-03 9.999937e-01 -1.196388e+02
9.999997e-01 7.244094e-04 8.266347e-05 1.218064e+02 -7.242961e-04 9.999988e-01 -1.359289e-03 3.340008e+00 -8.364778e-05 1.359229e-03 9.999991e-01 -1.194090e+02
9.999942e-01 -6.972020e-04 -3.336446e-03 1.224403e+02 7.024601e-04 9.999985e-01 1.575122e-03 3.323396e+00 3.335342e-03 -1.577458e-03 9.999932e-01 -1.193478e+02
9.999998e-01 6.749592e-04 5.618758e-05 1.231296e+02 -6.748875e-04 9.999990e-01 -1.262367e-03 3.303809e+00 -5.703930e-05 1.262330e-03 9.999992e-01 -1.192235e+02
9.999950e-01 -6.608007e-04 -3.083012e-03 1.236682e+02 6.659928e-04 9.999984e-01 1.683451e-03 3.273120e+00 3.081895e-03 -1.685496e-03 9.999938e-01 -1.187433e+02
9.999997e-01 7.141846e-04 -1.831309e-04 1.239932e+02 -7.144142e-04 9.999990e-01 -1.257691e-03 3.251750e+00 1.822327e-04 1.257822e-03 9.999992e-01 -1.182059e+02
9.999955e-01 -6.292445e-04 -2.920564e-03 1.249280e+02 6.344018e-04 9.999982e-01 1.765338e-03 3.220324e+00 2.919448e-03 -1.767184e-03 9.999942e-01 -1.177177e+02
9.999987e-01 1.115067e-03 -1.162919e-03 1.253103e+02 -1.116564e-03 9.999985e-01 -1.287826e-03 3.221603e+00 1.161482e-03 1.289123e-03 9.999985e-01 -1.161265e+02
9.999944e-01 -6.937359e-04 -3.266161e-03 1.256071e+02 6.986966e-04 9.999986e-01 1.518009e-03 3.231989e+00 3.265103e-03 -1.520284e-03 9.999935e-01 -1.144460e+02
9.999995e-01 9.981399e-04 6.423325e-05 1.270310e+02 -9.980824e-04 9.999991e-01 -8.846827e-04 3.201184e+00 -6.511596e-05 8.846188e-04 9.999996e-01 -1.137705e+02
9.999933e-01 -7.595447e-04 -3.594127e-03 1.280534e+02 7.650351e-04 9.999985e-01 1.526546e-03 3.175966e+00 3.592962e-03 -1.529286e-03 9.999924e-01 -1.129867e+02
9.999992e-01 9.716798e-04 -8.184607e-04 1.277012e+02 -9.728000e-04 9.999986e-01 -1.369700e-03 3.194221e+00 8.171289e-04 1.370496e-03 9.999987e-01 -1.116608e+02
9.999949e-01 -8.253955e-04 -3.088178e-03 1.278115e+02 8.305971e-04 9.999982e-01 1.683532e-03 3.185173e+00 3.086783e-03 -1.686089e-03 9.999938e-01 -1.104077e+02
9.999994e-01 9.965953e-04 -3.647295e-04 1.280164e+02 -9.970871e-04 9.999986e-01 -1.351479e-03 3.164412e+00 3.633823e-04 1.351843e-03 9.999990e-01 -1.091160e+02
9.999926e-01 -6.849674e-04 -3.796356e-03 1.277307e+02 6.909122e-04 9.999985e-01 1.564897e-03 3.179269e+00 3.795278e-03 -1.567509e-03 9.999916e-01 -1.075563e+02
9.999996e-01 8.416509e-04 4.242756e-06 1.279349e+02 -8.416448e-04 9.999989e-01 -1.227303e-03 3.168895e+00 -5.275452e-06 1.227300e-03 9.999992e-01 -1.063513e+02
9.999959e-01 -6.608114e-04 -2.788460e-03 1.292033e+02 6.659375e-04 9.999981e-01 1.837903e-03 3.131310e+00 2.787240e-03 -1.839753e-03 9.999944e-01 -1.057735e+02
9.999994e-01 7.961263e-04 -7.735230e-04 1.295706e+02 -7.972841e-04 9.999986e-01 -1.497956e-03 3.113031e+00 7.723296e-04 1.498573e-03 9.999986e-01 -1.049733e+02
9.999953e-01 -6.648272e-04 -3.004876e-03 1.299217e+02 6.702436e-04 9.999982e-01 1.801984e-03 3.098821e+00 3.003673e-03 -1.803990e-03 9.999939e-01 -1.039435e+02
9.999996e-01 8.640695e-04 -3.280724e-04 1.318108e+02 -8.644328e-04 9.999990e-01 -1.109608e-03 3.061682e+00 3.271136e-04 1.109892e-03 9.999993e-01 -1.035284e+02
9.999977e-01 -3.288688e-04 -2.122994e-03 1.345245e+02 3.323295e-04 9.999986e-01 1.630089e-03 3.015822e+00 2.122455e-03 -1.630792e-03 9.999964e-01 -1.031254e+02
9.999997e-01 6.226688e-04 -3.587792e-04 1.356410e+02 -6.230247e-04 9.999993e-01 -9.934189e-04 2.965019e+00 3.581607e-04 9.936428e-04 9.999994e-01 -1.021863e+02
9.999951e-01 -4.466097e-04 -3.103882e-03 1.358189e+02 4.511264e-04 9.999988e-01 1.454712e-03 2.953122e+00 3.103228e-03 -1.456106e-03 9.999941e-01 -1.012236e+02
9.999998e-01 6.359121e-04 -1.569873e-04 1.364587e+02 -6.360716e-04 9.999993e-01 -1.019541e-03 2.921443e+00 1.563391e-04 1.019641e-03 9.999995e-01 -1.002098e+02
9.999950e-01 -4.161556e-04 -3.136847e-03 1.370349e+02 4.206194e-04 9.999989e-01 1.422603e-03 2.890018e+00 3.136251e-03 -1.423916e-03 9.999941e-01 -9.907657e+01
9.999998e-01 6.407368e-04 -2.219870e-04 1.376599e+02 -6.409639e-04 9.999993e-01 -1.025538e-03 2.860920e+00 2.213299e-04 1.025680e-03 9.999994e-01 -9.798723e+01
9.999936e-01 -3.631341e-04 -3.546546e-03 1.382938e+02 3.680810e-04 9.999990e-01 1.394381e-03 2.840365e+00 3.546035e-03 -1.395679e-03 9.999927e-01 -9.670210e+01
9.999997e-01 7.278819e-04 1.027455e-04 1.392723e+02 -7.277967e-04 9.999994e-01 -8.235148e-04 2.808744e+00 -1.033446e-04 8.234405e-04 9.999997e-01 -9.519854e+01
9.999947e-01 -4.516754e-04 -3.236256e-03 1.400727e+02 4.562799e-04 9.999989e-01 1.422273e-03 2.773459e+00 3.235610e-03 -1.423742e-03 9.999938e-01 -9.411338e+01
9.999992e-01 7.849987e-04 9.601576e-04 1.427435e+02 -7.849059e-04 9.999997e-01 -9.671699e-05 2.699719e+00 -9.602330e-04 9.596395e-05 9.999995e-01 -9.279577e+01
9.999977e-01 -2.862549e-05 -2.161558e-03 1.459152e+02 3.140777e-05 9.999992e-01 1.287266e-03 2.617785e+00 2.161520e-03 -1.287331e-03 9.999968e-01 -9.143791e+01
9.999971e-01 4.612393e-04 -2.361152e-03 1.452183e+02 -4.639635e-04 9.999992e-01 -1.153449e-03 2.656350e+00 2.360618e-03 1.154542e-03 9.999965e-01 -8.970582e+01
9.999982e-01 -4.583230e-04 -1.832004e-03 1.452313e+02 4.610284e-04 9.999988e-01 1.476750e-03 2.652307e+00 1.831325e-03 -1.477593e-03 9.999972e-01 -8.916306e+01
9.999975e-01 4.899212e-04 -2.184375e-03 1.467985e+02 -4.933521e-04 9.999986e-01 -1.570514e-03 2.648201e+00 2.183603e-03 1.571589e-03 9.999964e-01 -8.959745e+01
9.999989e-01 -2.973579e-04 -1.482681e-03 1.488531e+02 3.001727e-04 9.999982e-01 1.898775e-03 2.627230e+00 1.482113e-03 -1.899219e-03 9.999971e-01 -8.966889e+01
9.999980e-01 6.769230e-04 -1.896089e-03 1.517014e+02 -6.800228e-04 9.999984e-01 -1.634821e-03 2.609267e+00 1.894980e-03 1.636107e-03 9.999969e-01 -8.981880e+01
9.999996e-01 -7.129858e-05 -8.954723e-04 1.549474e+02 7.376134e-05 9.999962e-01 2.750809e-03 2.551608e+00 8.952725e-04 -2.750874e-03 9.999958e-01 -8.891188e+01
9.999995e-01 9.061569e-04 -5.066590e-04 1.594982e+02 -9.065526e-04 9.999993e-01 -7.817191e-04 2.441402e+00 5.059505e-04 7.821786e-04 9.999996e-01 -8.695025e+01
9.999987e-01 4.636242e-05 -1.606206e-03 1.634551e+02 -4.384548e-05 9.999988e-01 1.567180e-03 2.386151e+00 1.606277e-03 -1.567109e-03 9.999975e-01 -8.629953e+01
9.999982e-01 3.000028e-04 -1.864288e-03 1.651663e+02 -3.023644e-04 9.999992e-01 -1.266732e-03 2.370456e+00 1.863906e-03 1.267294e-03 9.999975e-01 -8.626209e+01
9.999898e-01 5.822465e-04 -4.471129e-03 1.639266e+02 -5.767108e-04 9.999991e-01 1.239346e-03 2.484199e+00 4.471846e-03 -1.236756e-03 9.999892e-01 -8.411142e+01
9.999939e-01 5.341231e-04 -3.461900e-03 1.615300e+02 -5.394938e-04 9.999987e-01 -1.550694e-03 2.693239e+00 3.461067e-03 1.552553e-03 9.999928e-01 -8.128346e+01
9.999954e-01 2.194723e-04 -3.016739e-03 1.597504e+02 -2.148561e-04 9.999988e-01 1.530539e-03 2.830435e+00 3.017071e-03 -1.529884e-03 9.999943e-01 -7.935865e+01
9.999937e-01 6.946918e-04 -3.482764e-03 1.575361e+02 -6.993525e-04 9.999989e-01 -1.337269e-03 2.983622e+00 3.481831e-03 1.339697e-03 9.999930e-01 -7.760384e+01
9.999962e-01 6.886435e-05 -2.767633e-03 1.559097e+02 -6.492765e-05 9.999990e-01 1.422574e-03 3.108950e+00 2.767728e-03 -1.422390e-03 9.999952e-01 -7.568035e+01
9.999871e-01 1.170000e-03 -4.937757e-03 1.533423e+02 -1.177217e-03 9.999982e-01 -1.459010e-03 3.313072e+00 4.936042e-03 1.464804e-03 9.999867e-01 -7.282649e+01
9.999899e-01 5.181926e-04 -4.454165e-03 1.498126e+02 -5.123520e-04 9.999990e-01 1.312385e-03 3.590221e+00 4.454840e-03 -1.310090e-03 9.999892e-01 -6.901102e+01
9.999957e-01 5.888142e-04 -2.863203e-03 1.480528e+02 -5.938439e-04 9.999983e-01 -1.756234e-03 3.785931e+00 2.862165e-03 1.757928e-03 9.999944e-01 -6.648890e+01
9.999945e-01 2.949568e-04 -3.305209e-03 1.475440e+02 -2.907780e-04 9.999992e-01 1.264808e-03 3.925338e+00 3.305579e-03 -1.263841e-03 9.999937e-01 -6.518629e+01
9.999921e-01 1.004637e-03 -3.839506e-03 1.467336e+02 -1.013079e-03 9.999971e-01 -2.197479e-03 4.126008e+00 3.837288e-03 2.201352e-03 9.999902e-01 -6.351271e+01
9.999948e-01 4.144753e-04 -3.190587e-03 1.453597e+02 -4.094231e-04 9.999987e-01 1.584071e-03 4.332086e+00 3.191239e-03 -1.582757e-03 9.999937e-01 -6.123680e+01
9.999935e-01 5.306779e-04 -3.561235e-03 1.435260e+02 -5.363696e-04 9.999986e-01 -1.597550e-03 4.491417e+00 3.560382e-03 1.599451e-03 9.999924e-01 -5.881053e+01
9.999960e-01 1.684517e-04 -2.831311e-03 1.418366e+02 -1.638088e-04 9.999986e-01 1.640096e-03 4.617696e+00 2.831583e-03 -1.639626e-03 9.999946e-01 -5.679509e+01
9.999975e-01 2.534901e-04 -2.234520e-03 1.416405e+02 -2.572078e-04 9.999986e-01 -1.663746e-03 4.682232e+00 2.234095e-03 1.664317e-03 9.999961e-01 -5.569393e+01
9.999970e-01 2.736431e-04 -2.418429e-03 1.418696e+02 -2.698735e-04 9.999987e-01 1.559015e-03 4.739139e+00 2.418853e-03 -1.558359e-03 9.999959e-01 -5.482751e+01
9.999959e-01 2.193029e-04 -2.842507e-03 1.420496e+02 -2.238570e-04 9.999987e-01 -1.602016e-03 4.803786e+00 2.842152e-03 1.602647e-03 9.999947e-01 -5.403746e+01
9.999982e-01 2.747772e-04 -1.878554e-03 1.420720e+02 -2.719926e-04 9.999989e-01 1.482543e-03 4.863771e+00 1.878959e-03 -1.482030e-03 9.999971e-01 -5.298092e+01
9.999975e-01 -1.451291e-04 -2.246853e-03 1.420884e+02 1.421373e-04 9.999991e-01 -1.331769e-03 4.868736e+00 2.247044e-03 1.331446e-03 9.999966e-01 -5.203926e+01
9.999983e-01 3.524152e-04 -1.810336e-03 1.422060e+02 -3.495875e-04 9.999987e-01 1.562227e-03 4.877795e+00 1.810884e-03 -1.561592e-03 9.999971e-01 -5.123988e+01
9.999990e-01 -2.285895e-04 -1.421148e-03 1.429318e+02 2.269153e-04 9.999993e-01 -1.178355e-03 4.852682e+00 1.421416e-03 1.178032e-03 9.999983e-01 -5.055369e+01
9.999979e-01 5.451650e-04 -1.971833e-03 1.424177e+02 -5.421400e-04 9.999987e-01 1.534450e-03 4.876799e+00 1.972667e-03 -1.533379e-03 9.999969e-01 -4.907049e+01
9.999978e-01 -1.429138e-04 -2.070604e-03 1.419868e+02 1.403266e-04 9.999992e-01 -1.249743e-03 4.907986e+00 2.070782e-03 1.249451e-03 9.999971e-01 -4.744884e+01
9.999990e-01 6.803785e-04 -1.272596e-03 1.442028e+02 -6.781478e-04 9.999982e-01 1.752758e-03 4.890845e+00 1.273786e-03 -1.751893e-03 9.999977e-01 -4.731453e+01
9.999965e-01 -2.143453e-04 -2.619904e-03 1.462977e+02 2.099292e-04 9.999986e-01 -1.685870e-03 4.897728e+00 2.620262e-03 1.685315e-03 9.999951e-01 -4.723724e+01
9.999996e-01 5.715869e-04 -6.389732e-04 1.486053e+02 -5.703575e-04 9.999980e-01 1.923019e-03 4.890355e+00 6.400709e-04 -1.922654e-03 9.999979e-01 -4.733319e+01
9.999962e-01 -3.703878e-04 -2.745289e-03 1.500886e+02 3.654993e-04 9.999983e-01 -1.781122e-03 4.888995e+00 2.745944e-03 1.780113e-03 9.999946e-01 -4.761113e+01
9.999999e-01 3.450152e-04 -2.893825e-04 1.506603e+02 -3.443984e-04 9.999977e-01 2.129955e-03 4.861543e+00 2.901165e-04 -2.129856e-03 9.999977e-01 -4.732029e+01
9.999960e-01 -3.759301e-04 -2.814135e-03 1.511084e+02 3.708815e-04 9.999983e-01 -1.794447e-03 4.835722e+00 2.814806e-03 1.793397e-03 9.999944e-01 -4.696427e+01
9.999999e-01 3.445901e-04 -4.073453e-04 1.515135e+02 -3.437225e-04 9.999977e-01 2.128809e-03 4.813136e+00 4.080777e-04 -2.128670e-03 9.999977e-01 -4.655441e+01
9.999966e-01 -2.686989e-04 -2.602916e-03 1.526153e+02 2.642449e-04 9.999985e-01 -1.711474e-03 4.784807e+00 2.603372e-03 1.710781e-03 9.999951e-01 -4.623876e+01
9.999983e-01 6.744573e-04 -1.733217e-03 1.520926e+02 -6.711597e-04 9.999980e-01 1.902681e-03 4.814616e+00 1.734496e-03 -1.901515e-03 9.999967e-01 -4.474805e+01
9.999941e-01 -3.406199e-04 -3.429852e-03 1.517606e+02 3.348835e-04 9.999985e-01 -1.673018e-03 4.849312e+00 3.430417e-03 1.671860e-03 9.999927e-01 -4.317113e+01
9.999998e-01 5.832805e-04 -9.260362e-05 1.537198e+02 -5.830901e-04 9.999977e-01 2.046507e-03 4.842950e+00 9.379690e-05 -2.046453e-03 9.999979e-01 -4.330470e+01
9.999920e-01 -2.490453e-04 -3.990273e-03 1.554571e+02 2.407814e-04 9.999978e-01 -2.071443e-03 4.861742e+00 3.990780e-03 2.070466e-03 9.999899e-01 -4.368890e+01
9.999997e-01 3.528031e-04 6.431206e-04 1.565262e+02 -3.543045e-04 9.999972e-01 2.335472e-03 4.845654e+00 -6.422950e-04 -2.335700e-03 9.999971e-01 -4.342318e+01
9.999939e-01 -2.130897e-04 -3.474138e-03 1.580052e+02 2.065243e-04 9.999982e-01 -1.890125e-03 4.817029e+00 3.474534e-03 1.889396e-03 9.999922e-01 -4.315537e+01
9.999997e-01 2.439758e-04 7.697516e-04 1.586090e+02 -2.457135e-04 9.999974e-01 2.257671e-03 4.777094e+00 -7.691990e-04 -2.257860e-03 9.999972e-01 -4.239067e+01
9.999933e-01 -1.439436e-04 -3.663005e-03 1.593263e+02 1.373183e-04 9.999984e-01 -1.809000e-03 4.737477e+00 3.663260e-03 1.808485e-03 9.999917e-01 -4.146533e+01
9.999997e-01 2.751488e-04 7.771346e-04 1.601808e+02 -2.768658e-04 9.999975e-01 2.209728e-03 4.699406e+00 -7.765249e-04 -2.209943e-03 9.999973e-01 -4.067490e+01
9.999924e-01 -1.346043e-04 -3.904204e-03 1.610988e+02 1.277419e-04 9.999984e-01 -1.757964e-03 4.667174e+00 3.904435e-03 1.757453e-03 9.999908e-01 -3.999973e+01
9.999995e-01 2.664394e-04 9.642244e-04 1.619409e+02 -2.686349e-04 9.999974e-01 2.277199e-03 4.630595e+00 -9.636153e-04 -2.277458e-03 9.999969e-01 -3.923421e+01
9.999921e-01 -1.678277e-04 -3.963957e-03 1.627614e+02 1.608363e-04 9.999984e-01 -1.764095e-03 4.594893e+00 3.964247e-03 1.763444e-03 9.999906e-01 -3.851094e+01
9.999994e-01 2.673126e-04 1.040622e-03 1.635782e+02 -2.696576e-04 9.999974e-01 2.253677e-03 4.558516e+00 -1.040017e-03 -2.253957e-03 9.999969e-01 -3.777835e+01
9.999920e-01 -1.854848e-04 -3.991521e-03 1.644142e+02 1.782477e-04 9.999983e-01 -1.813488e-03 4.528264e+00 3.991851e-03 1.812763e-03 9.999904e-01 -3.739461e+01
9.999998e-01 1.985878e-04 5.869167e-04 1.652245e+02 -1.997729e-04 9.999979e-01 2.019258e-03 4.516721e+00 -5.865147e-04 -2.019375e-03 9.999978e-01 -3.751141e+01
9.999920e-01 -2.171724e-04 -3.999167e-03 1.660674e+02 2.099473e-04 9.999983e-01 -1.807061e-03 4.501793e+00 3.999553e-03 1.806208e-03 9.999904e-01 -3.755732e+01
9.999994e-01 2.527410e-04 1.047215e-03 1.669424e+02 -2.549996e-04 9.999976e-01 2.156912e-03 4.474656e+00 -1.046668e-03 -2.157178e-03 9.999971e-01 -3.730767e+01
9.999922e-01 -1.967083e-04 -3.942520e-03 1.678070e+02 1.901032e-04 9.999986e-01 -1.675744e-03 4.439612e+00 3.942844e-03 1.674982e-03 9.999908e-01 -3.678979e+01
9.999996e-01 3.361928e-04 8.640204e-04 1.683551e+02 -3.380727e-04 9.999976e-01 2.176145e-03 4.407227e+00 -8.632869e-04 -2.176436e-03 9.999973e-01 -3.589796e+01
9.999916e-01 -1.961574e-04 -4.105322e-03 1.686650e+02 1.887881e-04 9.999984e-01 -1.795456e-03 4.378842e+00 4.105668e-03 1.794666e-03 9.999900e-01 -3.490911e+01
9.999998e-01 3.025126e-04 5.627742e-04 1.687469e+02 -3.036934e-04 9.999978e-01 2.098604e-03 4.363927e+00 -5.621383e-04 -2.098775e-03 9.999976e-01 -3.395766e+01
9.999896e-01 -8.441339e-05 -4.568794e-03 1.684763e+02 7.564334e-05 9.999982e-01 -1.919770e-03 4.372794e+00 4.568948e-03 1.919405e-03 9.999877e-01 -3.272296e+01
9.999994e-01 2.887342e-04 1.017529e-03 1.688562e+02 -2.910057e-04 9.999975e-01 2.232597e-03 4.350057e+00 -1.016882e-03 -2.232892e-03 9.999970e-01 -3.149743e+01
9.999920e-01 -1.672907e-04 -3.987612e-03 1.696681e+02 1.603488e-04 9.999985e-01 -1.741230e-03 4.313993e+00 3.987898e-03 1.740577e-03 9.999905e-01 -3.070086e+01
9.999974e-01 3.251440e-04 -2.254821e-03 1.722222e+02 -3.229714e-04 9.999995e-01 9.639933e-04 4.383561e+00 2.255133e-03 -9.632632e-04 9.999970e-01 -3.266982e+01
9.999914e-01 4.488481e-04 -4.131043e-03 1.758017e+02 -4.606020e-04 9.999958e-01 -2.844834e-03 4.510877e+00 4.129749e-03 2.846712e-03 9.999874e-01 -3.666094e+01
9.999982e-01 -4.244106e-05 -1.874206e-03 1.785758e+02 4.627164e-05 9.999979e-01 2.044037e-03 4.583337e+00 1.874115e-03 -2.044121e-03 9.999962e-01 -3.873756e+01
