9.999949e-01 5.451504e-05 -3.181652e-03 -2.495082e-01 -5.400188e-05 1.000000e+00 1.613806e-04 -1.123751e-03 3.181661e-03 -1.612086e-04 9.999949e-01 4.985512e-01
1.000000e+00 4.025903e-06 1.044980e-04 -4.658179e-01 -4.026472e-06 1.000000e+00 5.687919e-06 -6.645377e-03 -1.044977e-04 -5.687627e-06 1.000000e+00 9.849593e-01
9.999942e-01 5.257332e-05 -3.407189e-03 -8.199653e-01 -5.194242e-05 1.000000e+00 1.852650e-04 -1.651888e-03 3.407198e-03 -1.850877e-04 9.999942e-01 1.501936e+00
1.000000e+00 1.799134e-05 3.096238e-04 -1.023150e+00 -1.797347e-05 1.000000e+00 -5.760629e-05 -7.290763e-03 -3.096245e-04 5.760143e-05 1.000000e+00 2.120370e+00
9.999941e-01 2.217179e-06 -3.446701e-03 -1.274994e+00 -9.053909e-07 9.999999e-01 3.806020e-04 -1.318798e-02 3.446701e-03 -3.805974e-04 9.999940e-01 2.130911e+00
9.999998e-01 6.022763e-05 6.064135e-04 -1.222352e+00 -6.004230e-05 1.000000e+00 -3.055689e-04 -3.572720e-02 -6.064315e-04 3.055331e-04 9.999998e-01 2.676540e+00
9.999938e-01 1.689341e-05 -3.513676e-03 -1.204471e+00 -1.572553e-05 9.999999e-01 3.324150e-04 -5.444699e-02 3.513681e-03 -3.323585e-04 9.999938e-01 3.436317e+00
9.999998e-01 7.071721e-05 6.205885e-04 -1.192338e+00 -7.051565e-05 9.999999e-01 -3.247632e-04 -7.421294e-02 -6.206111e-04 3.247200e-04 9.999998e-01 4.253490e+00
9.999928e-01 2.694072e-06 -3.785695e-03 -1.519011e+00 -9.873849e-07 9.999999e-01 4.508357e-04 -7.022567e-02 3.785695e-03 -4.508295e-04 9.999927e-01 4.876404e+00
9.999998e-01 4.439223e-05 6.049088e-04 -1.786580e+00 -4.419399e-05 9.999999e-01 -3.276749e-04 -7.017499e-02 -6.049230e-04 3.276488e-04 9.999998e-01 5.463568e+00
9.999936e-01 3.399753e-05 -3.570445e-03 -1.895311e+00 -3.246848e-05 9.999999e-01 4.283214e-04 -7.987569e-02 3.570459e-03 -4.282034e-04 9.999935e-01 6.091522e+00
9.999999e-01 6.654533e-05 4.178731e-04 -2.271717e+00 -6.643854e-05 1.000000e+00 -2.554662e-04 -7.344968e-02 -4.178897e-04 2.554391e-04 9.999999e-01 6.748581e+00
9.999937e-01 -9.859787e-06 -3.548029e-03 -2.530461e+00 1.155525e-05 9.999999e-01 4.778512e-04 -7.565454e-02 3.548024e-03 -4.778899e-04 9.999936e-01 7.147022e+00
9.999999e-01 8.257900e-05 5.080426e-04 -2.824994e+00 -8.248053e-05 1.000000e+00 -1.937668e-04 -7.968476e-02 -5.080582e-04 1.937256e-04 9.999999e-01 7.482910e+00
9.999931e-01 -4.488276e-06 -3.706641e-03 -3.169350e+00 5.997020e-06 9.999999e-01 4.070374e-04 -7.454010e-02 3.706639e-03 -4.070575e-04 9.999930e-01 7.933146e+00
9.999999e-01 5.387649e-05 5.417636e-04 -3.532855e+00 -5.381116e-05 1.000000e+00 -1.205125e-04 -6.917059e-02 -5.417697e-04 1.204841e-04 9.999998e-01 8.226941e+00
9.999930e-01 -9.856674e-06 -3.745049e-03 -4.114255e+00 1.211904e-05 9.999998e-01 6.040842e-04 -5.745987e-02 3.745042e-03 -6.041260e-04 9.999928e-01 8.270720e+00
9.999997e-01 4.339640e-05 7.082693e-04 -4.383236e+00 -4.319134e-05 1.000000e+00 -2.894737e-04 -5.878126e-02 -7.082815e-04 2.894438e-04 9.999997e-01 8.222607e+00
9.999931e-01 4.682666e-05 -3.715948e-03 -4.766721e+00 -4.443362e-05 9.999998e-01 6.440827e-04 -5.621469e-02 3.715977e-03 -6.439138e-04 9.999929e-01 8.427706e+00
9.999999e-01 5.433116e-05 5.423003e-04 -5.006753e+00 -5.409143e-05 9.999999e-01 -4.419865e-04 -4.751165e-02 -5.423239e-04 4.419578e-04 9.999998e-01 8.928736e+00
9.999935e-01 1.218635e-05 -3.600246e-03 -5.252063e+00 -9.632380e-06 9.999997e-01 7.094161e-04 -4.380469e-02 3.600253e-03 -7.093776e-04 9.999933e-01 8.848195e+00
9.999997e-01 8.726018e-05 7.808353e-04 -5.163527e+00 -8.689863e-05 9.999999e-01 -4.629843e-04 -5.137849e-02 -7.808753e-04 4.629170e-04 9.999996e-01 8.689236e+00
9.999935e-01 -7.381753e-05 -3.616073e-03 -5.000768e+00 7.622929e-05 9.999998e-01 6.668345e-04 -5.574734e-02 3.616023e-03 -6.671065e-04 9.999932e-01 8.162975e+00
9.999994e-01 1.758113e-04 1.083927e-03 -4.362144e+00 -1.750106e-04 9.999997e-01 -7.387040e-04 -7.040016e-02 -1.084056e-03 7.385145e-04 9.999991e-01 8.105760e+00
9.999939e-01 -3.600124e-05 -3.500504e-03 -3.947104e+00 3.876933e-05 9.999997e-01 7.907177e-04 -9.373230e-02 3.500474e-03 -7.908493e-04 9.999936e-01 8.574725e+00
9.999998e-01 1.314159e-04 6.867606e-04 -3.944355e+00 -1.309309e-04 9.999997e-01 -7.061267e-04 -1.068818e-01 -6.868529e-04 7.060373e-04 9.999995e-01 9.143715e+00
9.999954e-01 3.553093e-05 -3.040109e-03 -3.222490e+00 -3.346007e-05 9.999998e-01 6.812444e-04 -1.263902e-01 3.040132e-03 -6.811402e-04 9.999951e-01 9.242299e+00
9.999997e-01 1.739832e-04 7.857599e-04 -2.497569e+00 -1.734971e-04 9.999998e-01 -6.186334e-04 -1.478218e-01 -7.858670e-04 6.184976e-04 9.999995e-01 9.460565e+00
9.999935e-01 -6.803562e-05 -3.598144e-03 -2.314210e+00 7.050964e-05 9.999998e-01 6.874757e-04 -1.558867e-01 3.598096e-03 -6.877257e-04 9.999933e-01 9.728778e+00
9.999999e-01 1.043871e-04 3.580293e-04 -2.900054e+00 -1.042763e-04 9.999999e-01 -3.094262e-04 -1.396066e-01 -3.580612e-04 3.093896e-04 9.999999e-01 9.976549e+00
9.999943e-01 -7.165232e-05 -3.371560e-03 -3.003764e+00 7.332822e-05 9.999999e-01 4.969649e-04 -1.406416e-01 3.371523e-03 -4.972100e-04 9.999942e-01 1.010725e+01
9.999998e-01 1.692830e-04 5.923783e-04 -2.518761e+00 -1.690200e-04 9.999999e-01 -4.437992e-04 -1.554166e-01 -5.924530e-04 4.436997e-04 9.999997e-01 1.021833e+01
9.999937e-01 -1.631063e-04 -3.546831e-03 -2.103003e+00 1.648261e-04 9.999999e-01 4.846153e-04 -1.584025e-01 3.546751e-03 -4.851975e-04 9.999936e-01 9.750531e+00
9.999999e-01 1.593296e-04 4.950037e-04 -1.766577e+00 -1.591272e-04 9.999999e-01 -4.087037e-04 -1.599503e-01 -4.950685e-04 4.086256e-04 9.999998e-01 9.235333e+00
9.999934e-01 -1.714871e-04 -3.636379e-03 -1.544710e+00 1.735587e-04 9.999998e-01 5.693928e-04 -1.586937e-01 3.636280e-03 -5.700208e-04 9.999932e-01 8.587911e+00
9.999998e-01 1.412517e-04 5.521382e-04 -1.533726e+00 -1.411124e-04 1.000000e+00 -2.521965e-04 -1.588436e-01 -5.521735e-04 2.521193e-04 9.999998e-01 7.908351e+00
9.999932e-01 -1.489264e-04 -3.696934e-03 -1.975891e+00 1.515892e-04 9.999997e-01 7.199976e-04 -1.516462e-01 3.696825e-03 -7.205538e-04 9.999929e-01 7.697738e+00
9.999999e-01 1.486377e-04 3.672839e-04 -2.188254e+00 -1.484531e-04 9.999999e-01 -5.024539e-04 -1.558354e-01 -3.673582e-04 5.024000e-04 9.999998e-01 8.039899e+00
9.999936e-01 -1.319261e-04 -3.585168e-03 -2.142546e+00 1.339917e-04 9.999998e-01 5.759184e-04 -1.745246e-01 3.585091e-03 -5.763958e-04 9.999934e-01 8.597543e+00
9.999999e-01 1.375145e-04 3.339849e-04 -2.238966e+00 -1.373802e-04 9.999999e-01 -4.018875e-04 -1.819512e-01 -3.340398e-04 4.018423e-04 9.999999e-01 8.926525e+00
9.999941e-01 -1.306431e-04 -3.441535e-03 -2.257779e+00 1.326203e-04 9.999998e-01 5.743033e-04 -1.922204e-01 3.441459e-03 -5.747570e-04 9.999939e-01 9.135428e+00
1.000000e+00 1.485365e-04 2.646829e-04 -2.423205e+00 -1.484494e-04 9.999999e-01 -3.287293e-04 -1.980146e-01 -2.647314e-04 3.286907e-04 9.999999e-01 9.339387e+00
9.999937e-01 -1.514511e-04 -3.538960e-03 -2.789098e+00 1.541771e-04 9.999997e-01 7.700424e-04 -1.956400e-01 3.538842e-03 -7.705839e-04 9.999934e-01 9.244826e+00
9.999999e-01 1.636289e-04 3.754454e-04 -3.098277e+00 -1.635134e-04 9.999999e-01 -3.073081e-04 -1.942493e-01 -3.754954e-04 3.072474e-04 9.999999e-01 8.943828e+00
9.999928e-01 -1.594630e-04 -3.779109e-03 -3.452218e+00 1.616287e-04 9.999998e-01 5.728071e-04 -1.873464e-01 3.779017e-03 -5.734145e-04 9.999927e-01 9.218748e+00
9.999999e-01 1.663211e-04 3.099339e-04 -3.907125e+00 -1.662433e-04 1.000000e+00 -2.508639e-04 -1.764100e-01 -3.099753e-04 2.508130e-04 9.999999e-01 9.491601e+00
9.999939e-01 -1.418062e-04 -3.491853e-03 -4.437219e+00 1.443884e-04 9.999997e-01 7.392892e-04 -1.648647e-01 3.491747e-03 -7.397896e-04 9.999936e-01 9.412333e+00
1.000000e+00 1.716106e-04 1.524813e-04 -4.915772e+00 -1.715536e-04 9.999999e-01 -3.736887e-04 -1.511814e-01 -1.525451e-04 3.736633e-04 9.999999e-01 9.533115e+00
9.999934e-01 -1.443246e-04 -3.639881e-03 -5.558613e+00 1.470108e-04 9.999997e-01 7.377541e-04 -1.268529e-01 3.639773e-03 -7.382850e-04 9.999931e-01 9.787140e+00
1.000000e+00 1.906433e-04 2.046851e-04 -6.322712e+00 -1.905962e-04 1.000000e+00 -2.300538e-04 -1.000194e-01 -2.047286e-04 2.300155e-04 1.000000e+00 9.868798e+00
9.999940e-01 -1.572535e-04 -3.447124e-03 -6.474484e+00 1.583865e-04 9.999999e-01 3.284447e-04 -1.036582e-01 3.447071e-03 -3.289894e-04 9.999940e-01 1.035196e+01
1.000000e+00 1.906583e-04 3.540235e-05 -6.788014e+00 -1.906530e-04 1.000000e+00 -1.470253e-04 -9.864198e-02 -3.543005e-05 1.470193e-04 1.000000e+00 1.077121e+01
9.999948e-01 -1.394039e-04 -3.237217e-03 -7.513119e+00 1.421156e-04 9.999996e-01 8.374871e-04 -8.134313e-02 3.237099e-03 -8.379434e-04 9.999944e-01 1.044815e+01
1.000000e+00 1.747923e-04 -1.018063e-04 -7.877718e+00 -1.748195e-04 9.999999e-01 -2.685497e-04 -7.582160e-02 1.017597e-04 2.685682e-04 1.000000e+00 9.792903e+00
9.999963e-01 -1.111326e-04 -2.716819e-03 -7.274728e+00 1.118217e-04 1.000000e+00 2.535056e-04 -7.627537e-02 2.716790e-03 -2.538092e-04 9.999963e-01 9.297532e+00
1.000000e+00 2.363504e-04 -2.045106e-04 -6.753457e+00 -2.363855e-04 1.000000e+00 -1.721036e-04 -8.641030e-02 2.044703e-04 1.721527e-04 1.000000e+00 9.268319e+00
9.999960e-01 -1.761888e-04 -2.806827e-03 -6.392376e+00 1.770203e-04 9.999999e-01 2.960527e-04 -9.048897e-02 2.806774e-03 -2.965491e-04 9.999960e-01 9.023338e+00
9.999999e-01 1.820098e-04 -5.130117e-04 -6.610722e+00 -1.819912e-04 1.000000e+00 3.609664e-05 -8.828441e-02 5.130186e-04 -3.600256e-05 9.999999e-01 8.905787e+00
9.999988e-01 1.958906e-04 -1.529662e-03 -5.141365e+00 -1.960441e-04 1.000000e+00 -1.001519e-04 -9.694381e-02 1.529642e-03 1.004510e-04 9.999988e-01 8.736949e+00
9.999986e-01 -1.997570e-04 -1.660563e-03 -5.002914e+00 2.002683e-04 9.999999e-01 3.077401e-04 -1.042014e-01 1.660501e-03 -3.080716e-04 9.999986e-01 8.413564e+00
9.999989e-01 2.211210e-04 -1.482175e-03 -5.146214e+00 -2.208525e-04 1.000000e+00 1.813929e-04 -9.854144e-02 1.482215e-03 -1.810661e-04 9.999989e-01 7.414003e+00
9.999990e-01 -2.292345e-04 -1.362923e-03 -5.181635e+00 2.294284e-04 1.000000e+00 1.420074e-04 -1.147634e-01 1.362890e-03 -1.423192e-04 9.999991e-01 7.371032e+00
9.999988e-01 2.302914e-04 -1.545186e-03 -5.114211e+00 -2.302594e-04 1.000000e+00 2.092915e-05 -1.343901e-01 1.545190e-03 -2.057404e-05 9.999988e-01 7.747496e+00
9.999988e-01 -2.230349e-04 -1.557140e-03 -5.244588e+00 2.236570e-04 9.999999e-01 3.993252e-04 -1.324734e-01 1.557051e-03 -3.996723e-04 9.999987e-01 7.067202e+00
9.999994e-01 6.000082e-04 -8.855253e-04 -3.423560e+00 -6.005848e-04 9.999996e-01 -6.509903e-04 -1.077740e-01 8.851340e-04 6.515210e-04 9.999994e-01 6.055498e+00
9.999991e-01 -1.871485e-04 -1.344352e-03 -1.449485e+00 1.876480e-04 9.999999e-01 3.713437e-04 -8.952462e-02 1.344282e-03 -3.715949e-04 9.999990e-01 5.148608e+00
9.999984e-01 1.615754e-04 -1.796861e-03 -1.339120e+00 -1.618403e-04 1.000000e+00 -1.472513e-04 -9.013553e-02 1.796836e-03 1.475411e-04 9.999984e-01 4.530048e+00
9.999991e-01 -1.768577e-04 -1.366929e-03 -1.198824e+00 1.773506e-04 9.999999e-01 3.604441e-04 -9.096529e-02 1.366865e-03 -3.606854e-04 9.999990e-01 3.937140e+00
9.999989e-01 3.208603e-04 -1.444466e-03 -3.832883e-01 -3.214418e-04 9.999999e-01 -4.022823e-04 -9.220700e-02 1.444337e-03 4.027454e-04 9.999989e-01 3.583644e+00
9.999991e-01 -1.975621e-04 -1.312500e-03 2.830219e-01 1.980886e-04 9.999999e-01 4.009250e-04 -9.901301e-02 1.312421e-03 -4.011839e-04 9.999991e-01 3.453034e+00
9.999983e-01 2.045728e-04 -1.806353e-03 2.022568e-01 -2.047254e-04 1.000000e+00 -8.423863e-05 -9.242047e-02 1.806335e-03 8.460759e-05 9.999984e-01 2.882130e+00
9.999990e-01 -1.754417e-04 -1.405408e-03 -8.500453e-02 1.762090e-04 9.999998e-01 5.457702e-04 -8.463200e-02 1.405313e-03 -5.460165e-04 9.999989e-01 2.324636e+00
9.999986e-01 1.647393e-04 -1.689266e-03 -7.991517e-02 -1.651034e-04 1.000000e+00 -2.153543e-04 -8.093260e-02 1.689230e-03 2.156322e-04 9.999986e-01 1.466363e+00
9.999990e-01 -1.179454e-04 -1.442072e-03 -3.928005e-01 1.190394e-04 9.999997e-01 7.585565e-04 -7.063583e-02 1.441982e-03 -7.587267e-04 9.999987e-01 6.542797e-01
9.999986e-01 1.749580e-04 -1.691765e-03 -6.763731e-01 -1.754564e-04 9.999999e-01 -2.944175e-04 -5.860871e-02 1.691713e-03 2.947132e-04 9.999985e-01 -5.374556e-02
9.999989e-01 -9.463128e-05 -1.468330e-03 -1.077619e+00 9.586026e-05 9.999996e-01 8.368758e-04 -4.296529e-02 1.468250e-03 -8.370149e-04 9.999986e-01 -7.651190e-01
9.999986e-01 1.436310e-04 -1.687843e-03 -1.536183e+00 -1.440676e-04 1.000000e+00 -2.585269e-04 -2.979461e-02 1.687806e-03 2.587690e-04 9.999985e-01 -1.505254e+00
9.999985e-01 -1.237756e-04 -1.703728e-03 -2.181488e+00 1.250750e-04 9.999997e-01 7.625129e-04 -9.819571e-03 1.703633e-03 -7.627241e-04 9.999983e-01 -1.595750e+00
9.999987e-01 1.877425e-04 -1.626496e-03 -2.675160e+00 -1.880849e-04 1.000000e+00 -2.102806e-04 7.381740e-03 1.626456e-03 2.105855e-04 9.999987e-01 -2.221805e+00
9.999989e-01 -2.045080e-04 -1.462544e-03 -2.632308e+00 2.051191e-04 9.999999e-01 4.175976e-04 6.391350e-03 1.462459e-03 -4.178964e-04 9.999988e-01 -2.713353e+00
9.999982e-01 1.450098e-04 -1.899919e-03 -2.724001e+00 -1.455577e-04 9.999999e-01 -2.881498e-04 1.684125e-03 1.899877e-03 2.884251e-04 9.999982e-01 -2.512920e+00
9.999993e-01 -1.091163e-04 -1.173704e-03 -2.674356e+00 1.094079e-04 1.000000e+00 2.482517e-04 -2.201568e-02 1.173677e-03 -2.483793e-04 9.999993e-01 -1.573085e+00
9.999980e-01 1.271606e-04 -2.009096e-03 -2.574884e+00 -1.277044e-04 1.000000e+00 -2.705148e-04 -3.544779e-02 2.009061e-03 2.707701e-04 9.999979e-01 -1.049931e+00
9.999991e-01 -1.677518e-04 -1.357401e-03 -2.574472e+00 1.681857e-04 9.999999e-01 3.194766e-04 -4.658849e-02 1.357348e-03 -3.197038e-04 9.999990e-01 -6.322762e-01
9.999996e-01 5.157514e-04 -7.210817e-04 -1.262983e+00 -5.159917e-04 9.999998e-01 -3.329760e-04 -6.510731e-02 7.209095e-04 3.333473e-04 9.999997e-01 -3.465226e-01
9.999990e-01 -1.883307e-04 -1.406170e-03 1.733245e-01 1.884134e-04 1.000000e+00 5.862819e-05 -6.841520e-02 1.406160e-03 -5.889237e-05 9.999990e-01 -6.684931e-01
9.999986e-01 1.623469e-04 -1.688872e-03 1.864769e-01 -1.621127e-04 1.000000e+00 1.388701e-04 -6.937483e-02 1.688895e-03 -1.385968e-04 9.999986e-01 -1.026623e+00
9.999991e-01 -1.642589e-04 -1.320531e-03 4.025942e-01 1.641653e-04 1.000000e+00 -7.107752e-05 -7.751157e-02 1.320543e-03 7.086138e-05 9.999991e-01 -1.305505e+00
9.999985e-01 1.582852e-04 -1.745429e-03 6.436761e-01 -1.578954e-04 1.000000e+00 2.234928e-04 -7.334255e-02 1.745464e-03 -2.232175e-04 9.999985e-01 -2.147251e+00
9.999991e-01 -1.418924e-04 -1.304796e-03 1.324559e+00 1.413167e-04 9.999999e-01 -4.413897e-04 -6.111405e-02 1.304859e-03 4.412057e-04 9.999991e-01 -2.452850e+00
9.999994e-01 3.509007e-04 -1.009350e-03 2.218160e+00 -3.505206e-04 9.999999e-01 3.769041e-04 -7.892738e-02 1.009482e-03 -3.765508e-04 9.999994e-01 -2.256804e+00
9.999975e-01 -3.321882e-04 -2.224235e-03 2.518149e+00 3.314615e-04 9.999999e-01 -3.271208e-04 -7.963901e-02 2.224344e-03 3.263834e-04 9.999975e-01 -2.711032e+00
9.999995e-01 3.768952e-04 -9.647220e-04 3.123010e+00 -3.767158e-04 9.999999e-01 1.861952e-04 -6.963891e-02 9.647918e-04 -1.858324e-04 9.999995e-01 -3.107382e+00
9.999974e-01 -3.381210e-04 -2.248369e-03 3.492222e+00 3.378792e-04 9.999999e-01 -1.079731e-04 -5.789973e-02 2.248405e-03 1.072139e-04 9.999975e-01 -4.199306e+00
9.999994e-01 4.998736e-04 -9.274820e-04 3.647406e+00 -4.998302e-04 9.999999e-01 4.717303e-05 -6.358023e-02 9.275051e-04 -4.671012e-05 9.999996e-01 -3.490646e+00
9.999962e-01 -4.089096e-04 -2.717431e-03 3.445434e+00 4.086366e-04 9.999999e-01 -1.010444e-04 -5.457449e-02 2.717473e-03 9.993426e-05 9.999963e-01 -2.583290e+00
9.999992e-01 3.821098e-04 -1.227462e-03 3.167176e+00 -3.821254e-04 9.999999e-01 -1.236889e-05 -4.063997e-02 1.227457e-03 1.283722e-05 9.999992e-01 -1.674032e+00
9.999972e-01 -2.467541e-04 -2.374523e-03 2.937865e+00 2.467757e-04 1.000000e+00 8.732780e-06 -1.798110e-02 2.374521e-03 -9.318027e-06 9.999972e-01 -1.048714e+00
9.999993e-01 2.304312e-04 -1.129363e-03 3.109061e+00 -2.305435e-04 1.000000e+00 -9.924447e-05 -3.015009e-03 1.129340e-03 9.950407e-05 9.999994e-01 -6.635362e-01
9.999980e-01 -2.226073e-04 -1.973196e-03 3.074442e+00 2.235048e-04 9.999999e-01 4.545738e-04 1.415126e-03 1.973095e-03 -4.550132e-04 9.999979e-01 -1.394402e+00
9.999992e-01 2.244594e-04 -1.237105e-03 2.893419e+00 -2.245850e-04 1.000000e+00 -1.013236e-04 7.866750e-03 1.237082e-03 1.016007e-04 9.999992e-01 -1.988250e+00
9.999983e-01 -2.028591e-04 -1.852345e-03 2.815266e+00 2.036005e-04 9.999999e-01 4.000159e-04 1.304751e-02 1.852264e-03 -4.003917e-04 9.999982e-01 -2.415700e+00
9.999990e-01 2.062513e-04 -1.418054e-03 2.750959e+00 -2.063584e-04 1.000000e+00 -7.524822e-05 1.481302e-02 1.418038e-03 7.554007e-05 9.999990e-01 -2.995338e+00
9.999986e-01 -1.933963e-04 -1.659706e-03 2.992232e+00 1.937983e-04 1.000000e+00 2.419968e-04 1.221453e-02 1.659660e-03 -2.423174e-04 9.999986e-01 -3.433633e+00
9.999990e-01 2.662426e-04 -1.359954e-03 3.445907e+00 -2.665126e-04 9.999999e-01 -1.982330e-04 1.064785e-02 1.359901e-03 1.985946e-04 9.999991e-01 -3.911575e+00
9.999988e-01 -2.008446e-04 -1.527663e-03 3.985129e+00 2.011743e-04 1.000000e+00 2.155457e-04 9.925651e-03 1.527620e-03 -2.158521e-04 9.999988e-01 -4.405557e+00
9.999991e-01 2.824062e-04 -1.307206e-03 4.356744e+00 -2.825923e-04 9.999999e-01 -1.420206e-04 -8.394600e-03 1.307165e-03 1.423892e-04 9.999991e-01 -4.038469e+00
9.999985e-01 -1.697898e-04 -1.704699e-03 4.721266e+00 1.701417e-04 1.000000e+00 2.062121e-04 -2.360270e-02 1.704664e-03 -2.065012e-04 9.999985e-01 -3.557958e+00
9.999987e-01 1.980846e-04 -1.590621e-03 4.596148e+00 -1.980315e-04 1.000000e+00 3.363605e-05 -1.754989e-02 1.590627e-03 -3.332172e-05 9.999987e-01 -3.547508e+00
9.999985e-01 -1.031150e-04 -1.723470e-03 3.922551e+00 1.041363e-04 9.999998e-01 5.924582e-04 5.137270e-03 1.723408e-03 -5.926361e-04 9.999983e-01 -4.046469e+00
9.999985e-01 9.089667e-05 -1.708369e-03 3.778350e+00 -9.165812e-05 9.999999e-01 -4.455657e-04 5.876363e-03 1.708328e-03 4.457210e-04 9.999984e-01 -3.948677e+00
9.999994e-01 1.764281e-05 -1.082045e-03 4.141656e+00 -1.709377e-05 9.999999e-01 5.072859e-04 -1.147199e-02 1.082054e-03 -5.072664e-04 9.999993e-01 -3.472438e+00
9.999969e-01 7.524725e-05 -2.499013e-03 3.836380e+00 -7.647793e-05 9.999999e-01 -4.923167e-04 5.862149e-03 2.498976e-03 4.925056e-04 9.999968e-01 -2.784123e+00
9.999995e-01 -2.925726e-06 -9.957713e-04 4.270986e+00 3.442417e-06 9.999999e-01 5.187382e-04 1.544499e-02 9.957699e-04 -5.187406e-04 9.999994e-01 -2.522449e+00
9.999983e-01 1.193323e-04 -1.833838e-03 5.331595e+00 -1.204681e-04 9.999998e-01 -6.191716e-04 2.610295e-02 1.833764e-03 6.193907e-04 9.999981e-01 -2.906678e+00
9.999994e-01 1.638476e-04 -1.065416e-03 6.633021e+00 -1.633896e-04 9.999999e-01 4.298012e-04 6.113233e-02 1.065487e-03 -4.296262e-04 9.999993e-01 -3.385971e+00
9.999996e-01 1.451029e-04 -9.366534e-04 8.295866e+00 -1.456941e-04 9.999998e-01 -6.309547e-04 7.088798e-02 9.365613e-04 6.310902e-04 9.999994e-01 -3.878660e+00
9.999994e-01 1.818341e-04 -1.070719e-03 9.826820e+00 -1.812406e-04 9.999998e-01 5.542048e-04 7.163209e-02 1.070819e-03 -5.540097e-04 9.999993e-01 -4.164420e+00
9.999989e-01 1.194249e-04 -1.460924e-03 1.111715e+01 -1.202879e-04 9.999998e-01 -5.905642e-04 7.861345e-02 1.460852e-03 5.907386e-04 9.999988e-01 -4.708301e+00
9.999989e-01 -6.068519e-05 -1.471921e-03 1.127975e+01 6.206755e-05 9.999996e-01 9.390238e-04 9.126842e-02 1.471864e-03 -9.391134e-04 9.999985e-01 -5.676756e+00
9.999991e-01 9.376107e-05 -1.360067e-03 1.151791e+01 -9.479715e-05 9.999997e-01 -7.616355e-04 8.825557e-02 1.359994e-03 7.617631e-04 9.999988e-01 -6.054836e+00
9.999994e-01 3.464546e-05 -1.111114e-03 1.218850e+01 -3.378010e-05 9.999997e-01 7.786973e-04 7.137218e-02 1.111141e-03 -7.786586e-04 9.999991e-01 -5.997503e+00
9.999990e-01 1.317744e-04 -1.380437e-03 1.283498e+01 -1.326790e-04 9.999998e-01 -6.550953e-04 5.476425e-02 1.380350e-03 6.552771e-04 9.999988e-01 -5.904692e+00
9.999990e-01 -3.302437e-05 -1.391361e-03 1.338598e+01 3.411156e-05 9.999997e-01 7.812587e-04 5.248100e-02 1.391335e-03 -7.813047e-04 9.999987e-01 -6.389755e+00
9.999987e-01 9.976127e-05 -1.599355e-03 1.388244e+01 -1.007075e-04 9.999998e-01 -5.914534e-04 6.118965e-02 1.599296e-03 5.916130e-04 9.999985e-01 -7.243422e+00
9.999993e-01 -6.853984e-05 -1.200843e-03 1.386462e+01 6.945828e-05 9.999997e-01 7.646760e-04 5.867257e-02 1.200790e-03 -7.647582e-04 9.999990e-01 -7.356337e+00
9.999994e-01 2.131506e-04 -1.115805e-03 1.459831e+01 -2.140475e-04 9.999997e-01 -8.036854e-04 4.257478e-02 1.115633e-03 8.039231e-04 9.999991e-01 -7.373322e+00
9.999992e-01 -2.085014e-05 -1.251135e-03 1.532859e+01 2.193631e-05 9.999996e-01 8.680125e-04 2.390462e-02 1.251117e-03 -8.680386e-04 9.999988e-01 -7.213351e+00
9.999994e-01 2.406488e-04 -1.090407e-03 1.618519e+01 -2.415278e-04 9.999996e-01 -8.059315e-04 6.444434e-03 1.090212e-03 8.061937e-04 9.999991e-01 -7.087791e+00
9.999990e-01 2.633091e-05 -1.390514e-03 1.717079e+01 -2.509437e-05 9.999996e-01 8.891670e-04 -3.297547e-03 1.390538e-03 -8.891305e-04 9.999986e-01 -7.234173e+00
9.999994e-01 2.112503e-04 -1.032755e-03 1.824591e+01 -2.121302e-04 9.999996e-01 -8.517688e-04 -9.812421e-03 1.032574e-03 8.519867e-04 9.999991e-01 -7.302706e+00
9.999991e-01 -2.129843e-07 -1.334067e-03 1.908301e+01 1.400789e-06 9.999996e-01 8.902424e-04 -2.806995e-02 1.334067e-03 -8.902428e-04 9.999987e-01 -6.915245e+00
9.999997e-01 2.966004e-04 -7.534564e-04 2.002613e+01 -2.971711e-04 9.999997e-01 -7.572834e-04 -5.236780e-02 7.532312e-04 7.575064e-04 9.999994e-01 -6.598137e+00
9.999994e-01 -5.686636e-06 -1.124746e-03 2.102331e+01 6.686957e-06 9.999996e-01 8.892293e-04 -7.869332e-02 1.124741e-03 -8.892356e-04 9.999990e-01 -6.307252e+00
9.999995e-01 2.981484e-04 -9.423813e-04 2.199378e+01 -2.988310e-04 9.999997e-01 -7.241478e-04 -1.018883e-01 9.421648e-04 7.244283e-04 9.999993e-01 -6.029763e+00
9.999996e-01 1.650406e-05 -9.047361e-04 2.302613e+01 -1.572236e-05 9.999996e-01 8.638323e-04 -1.289186e-01 9.047504e-04 -8.638171e-04 9.999992e-01 -5.709058e+00
9.999994e-01 2.908178e-04 -1.098276e-03 2.401258e+01 -2.916109e-04 9.999997e-01 -7.218782e-04 -1.539055e-01 1.098065e-03 7.221973e-04 9.999991e-01 -5.483447e+00
9.999997e-01 3.488302e-05 -7.776894e-04 2.507910e+01 -3.420920e-05 9.999996e-01 8.662256e-04 -1.776734e-01 7.777197e-04 -8.661980e-04 9.999993e-01 -5.283604e+00
9.999996e-01 3.508668e-04 -8.335296e-04 2.612544e+01 -3.514976e-04 9.999997e-01 -7.565874e-04 -2.162399e-01 8.332636e-04 7.568794e-04 9.999994e-01 -4.744219e+00
9.999999e-01 1.340206e-04 -3.498066e-04 2.743900e+01 -1.336710e-04 9.999995e-01 9.989094e-04 -2.528573e-01 3.499406e-04 -9.988618e-04 9.999994e-01 -4.284817e+00
9.999987e-01 1.292914e-04 -1.590911e-03 2.837886e+01 -1.307472e-04 9.999996e-01 -9.149146e-04 -2.754167e-01 1.590792e-03 9.151207e-04 9.999983e-01 -4.106119e+00
9.999996e-01 8.468769e-06 -8.797991e-04 2.890892e+01 -7.638091e-06 9.999996e-01 9.439767e-04 -2.953788e-01 8.798070e-04 -9.439689e-04 9.999992e-01 -3.931958e+00
9.999990e-01 1.585732e-04 -1.376007e-03 2.954826e+01 -1.599302e-04 9.999995e-01 -9.860477e-04 -3.163534e-01 1.375850e-03 9.862661e-04 9.999986e-01 -3.798236e+00
9.999994e-01 -1.540408e-05 -1.093074e-03 2.982771e+01 1.646739e-05 9.999995e-01 9.726052e-04 -3.387137e-01 1.093059e-03 -9.726219e-04 9.999989e-01 -3.194235e+00
9.999991e-01 1.884930e-04 -1.294614e-03 3.035248e+01 -1.897098e-04 9.999995e-01 -9.397324e-04 -3.618705e-01 1.294436e-03 9.399765e-04 9.999987e-01 -2.767614e+00
9.999997e-01 3.868248e-05 -8.103908e-04 3.097020e+01 -3.787455e-05 9.999995e-01 9.967450e-04 -3.940715e-01 8.104293e-04 -9.967132e-04 9.999992e-01 -2.145014e+00
9.999985e-01 1.157141e-04 -1.709562e-03 3.136015e+01 -1.173008e-04 9.999996e-01 -9.279907e-04 -4.150871e-01 1.709453e-03 9.281892e-04 9.999981e-01 -1.722729e+00
9.999996e-01 -1.209135e-05 -8.563445e-04 3.149371e+01 1.290377e-05 9.999996e-01 9.485040e-04 -4.309429e-01 8.563329e-04 -9.485140e-04 9.999992e-01 -1.225745e+00
9.999980e-01 1.141847e-04 -2.015326e-03 3.143586e+01 -1.158172e-04 9.999997e-01 -8.098673e-04 -4.380864e-01 2.015232e-03 8.100984e-04 9.999976e-01 -7.763585e-01
9.999996e-01 -6.681793e-05 -9.066459e-04 3.145355e+01 6.775960e-05 9.999995e-01 1.038442e-03 -4.466238e-01 9.065763e-04 -1.038503e-03 9.999990e-01 -7.057712e-01
9.999982e-01 1.391087e-04 -1.895926e-03 3.167256e+01 -1.407043e-04 9.999996e-01 -8.413788e-04 -4.531979e-01 1.895808e-03 8.416434e-04 9.999978e-01 -9.377321e-01
9.999997e-01 -5.453943e-05 -8.081137e-04 3.177599e+01 5.539075e-05 9.999994e-01 1.053262e-03 -4.610694e-01 8.080561e-04 -1.053305e-03 9.999991e-01 -8.875889e-01
9.999975e-01 9.995703e-05 -2.213325e-03 3.166049e+01 -1.019163e-04 9.999996e-01 -8.850574e-04 -4.678712e-01 2.213236e-03 8.852801e-04 9.999972e-01 -5.408541e-01
9.999997e-01 -5.874092e-05 -7.413623e-04 3.167781e+01 5.947623e-05 9.999995e-01 9.916134e-04 -4.809133e-01 7.413040e-04 -9.916566e-04 9.999992e-01 -7.778399e-02
9.999981e-01 1.038915e-04 -1.936115e-03 3.190314e+01 -1.057624e-04 9.999995e-01 -9.661485e-04 -5.006322e-01 1.936014e-03 9.663507e-04 9.999977e-01 3.738132e-01
9.999999e-01 1.456052e-05 -3.312769e-04 3.236364e+01 -1.422151e-05 9.999995e-01 1.022805e-03 -5.286844e-01 3.312919e-04 -1.022799e-03 9.999994e-01 8.170490e-01
9.999989e-01 2.755529e-04 -1.433017e-03 3.324498e+01 -2.768905e-04 9.999995e-01 -9.331852e-04 -5.608777e-01 1.432759e-03 9.335803e-04 9.999985e-01 1.168145e+00
9.999999e-01 1.355140e-06 -5.049921e-04 3.408996e+01 -8.150139e-07 9.999994e-01 1.069214e-03 -5.902757e-01 5.049935e-04 -1.069213e-03 9.999993e-01 1.483686e+00
9.999984e-01 2.198229e-04 -1.793161e-03 3.472047e+01 -2.215138e-04 9.999995e-01 -9.427176e-04 -6.196300e-01 1.792953e-03 9.431126e-04 9.999979e-01 1.865244e+00
9.999998e-01 1.365356e-05 -5.591118e-04 3.541952e+01 -1.306260e-05 9.999994e-01 1.056629e-03 -6.442662e-01 5.591262e-04 -1.056621e-03 9.999993e-01 2.128293e+00
9.999982e-01 1.531557e-04 -1.898356e-03 3.602135e+01 -1.549886e-04 9.999995e-01 -9.653408e-04 -6.661334e-01 1.898207e-03 9.656326e-04 9.999977e-01 2.380200e+00
9.999999e-01 1.072538e-04 -3.209478e-04 3.685867e+01 -1.069158e-04 9.999994e-01 1.052371e-03 -6.889336e-01 3.210608e-04 -1.052336e-03 9.999994e-01 2.574169e+00
9.999987e-01 1.712303e-04 -1.629523e-03 3.769716e+01 -1.727596e-04 9.999995e-01 -9.383416e-04 -7.189829e-01 1.629361e-03 9.386212e-04 9.999982e-01 2.951816e+00
9.999995e-01 7.611355e-05 -9.702944e-04 3.837445e+01 -7.516765e-05 9.999995e-01 9.746675e-04 -7.340380e-01 9.703684e-04 -9.745935e-04 9.999991e-01 3.504134e+00
9.999983e-01 2.728600e-05 -1.869776e-03 3.898640e+01 -2.938634e-05 9.999994e-01 -1.123197e-03 -7.394136e-01 1.869744e-03 1.123250e-03 9.999976e-01 3.997624e+00
9.999998e-01 2.118946e-04 -5.148298e-04 3.975064e+01 -2.112760e-04 9.999993e-01 1.201010e-03 -7.620605e-01 5.150842e-04 -1.200901e-03 9.999991e-01 4.337312e+00
9.999986e-01 5.890283e-05 -1.686278e-03 4.063260e+01 -6.075641e-05 9.999994e-01 -1.099072e-03 -7.857003e-01 1.686212e-03 1.099172e-03 9.999980e-01 4.672328e+00
9.999998e-01 2.300246e-04 -6.276643e-04 4.157470e+01 -2.292414e-04 9.999992e-01 1.247319e-03 -8.026730e-01 6.279510e-04 -1.247174e-03 9.999990e-01 4.866368e+00
9.999980e-01 9.967413e-05 -2.019533e-03 4.262878e+01 -1.020133e-04 9.999993e-01 -1.158126e-03 -8.098609e-01 2.019416e-03 1.158329e-03 9.999973e-01 4.928381e+00
9.999999e-01 1.872409e-04 -3.583271e-04 4.362837e+01 -1.867874e-04 9.999992e-01 1.264504e-03 -8.189336e-01 3.585638e-04 -1.264436e-03 9.999991e-01 4.770432e+00
9.999979e-01 2.497543e-04 -2.021730e-03 4.480304e+01 -2.521592e-04 9.999993e-01 -1.189287e-03 -8.354696e-01 2.021431e-03 1.189793e-03 9.999972e-01 4.743558e+00
9.999996e-01 7.864682e-04 3.606497e-04 4.725124e+01 -7.869203e-04 9.999989e-01 1.255438e-03 -8.393693e-01 -3.596616e-04 -1.255721e-03 9.999991e-01 4.131480e+00
9.999969e-01 -1.932463e-04 -2.488958e-03 4.850917e+01 1.904704e-04 9.999994e-01 -1.115373e-03 -8.468738e-01 2.489172e-03 1.114895e-03 9.999963e-01 3.582604e+00
9.999999e-01 3.573201e-04 -2.748312e-04 4.845176e+01 -3.569039e-04 9.999988e-01 1.512157e-03 -8.484518e-01 2.753715e-04 -1.512058e-03 9.999988e-01 3.266859e+00
9.999950e-01 -3.653119e-04 -3.151118e-03 4.818042e+01 3.612160e-04 9.999991e-01 -1.300223e-03 -8.445192e-01 3.151590e-03 1.299078e-03 9.999942e-01 3.552934e+00
9.999996e-01 7.091016e-04 5.048123e-04 4.980310e+01 -7.096944e-04 9.999991e-01 1.175512e-03 -8.251414e-01 -5.039780e-04 -1.175869e-03 9.999992e-01 2.684399e+00
9.999967e-01 -3.006333e-04 -2.567457e-03 5.144689e+01 2.971657e-04 9.999990e-01 -1.350796e-03 -8.248739e-01 2.567861e-03 1.350028e-03 9.999958e-01 2.179038e+00
9.999999e-01 4.267560e-04 -3.320162e-04 5.109507e+01 -4.261115e-04 9.999980e-01 1.938146e-03 -8.062110e-01 3.328429e-04 -1.938003e-03 9.999981e-01 1.405201e+00
9.999962e-01 -2.469327e-04 -2.741787e-03 5.078304e+01 2.429609e-04 9.999989e-01 -1.448783e-03 -7.918039e-01 2.742141e-03 1.448110e-03 9.999952e-01 7.756809e-01
9.999996e-01 4.877594e-04 7.705787e-04 5.107255e+01 -4.888993e-04 9.999988e-01 1.479980e-03 -8.190504e-01 -7.698556e-04 -1.480356e-03 9.999986e-01 1.327674e+00
9.999972e-01 -6.738798e-06 -2.383361e-03 5.220047e+01 3.182540e-06 9.999989e-01 -1.492036e-03 -8.509953e-01 2.383368e-03 1.492023e-03 9.999960e-01 1.960776e+00
9.999999e-01 4.725405e-04 1.201317e-04 5.293311e+01 -4.727173e-04 9.999988e-01 1.477289e-03 -8.770659e-01 -1.194332e-04 -1.477345e-03 9.999989e-01 3.148010e+00
9.999961e-01 -9.014037e-05 -2.800657e-03 5.346858e+01 8.598314e-05 9.999989e-01 -1.484390e-03 -8.885377e-01 2.800787e-03 1.484142e-03 9.999950e-01 3.723895e+00
9.999999e-01 4.138409e-04 -2.072394e-04 5.345537e+01 -4.135188e-04 9.999987e-01 1.550914e-03 -8.849415e-01 2.078813e-04 -1.550827e-03 9.999988e-01 4.654402e+00
9.999968e-01 1.547928e-05 -2.543061e-03 5.399733e+01 -1.925023e-05 9.999989e-01 -1.482744e-03 -8.936626e-01 2.543035e-03 1.482788e-03 9.999957e-01 5.538440e+00
9.999999e-01 3.956203e-04 2.539442e-04 5.523201e+01 -3.960101e-04 9.999987e-01 1.537389e-03 -9.040658e-01 -2.533353e-04 -1.537489e-03 9.999988e-01 5.689357e+00
9.999962e-01 4.100169e-06 -2.766003e-03 5.630046e+01 -8.375632e-06 9.999988e-01 -1.545635e-03 -9.208210e-01 2.765993e-03 1.545652e-03 9.999950e-01 6.067393e+00
9.999998e-01 1.518484e-04 -6.804189e-04 5.643630e+01 -1.508018e-04 9.999988e-01 1.537673e-03 -9.166275e-01 6.806518e-04 -1.537570e-03 9.999986e-01 6.560217e+00
9.999956e-01 -1.233287e-04 -2.947285e-03 5.598941e+01 1.196997e-04 9.999992e-01 -1.231368e-03 -9.026576e-01 2.947434e-03 1.231009e-03 9.999949e-01 6.796243e+00
1.000000e+00 3.070582e-04 5.979076e-05 5.637989e+01 -3.071391e-04 9.999990e-01 1.362199e-03 -9.235743e-01 -5.937214e-05 -1.362216e-03 9.999991e-01 7.208192e+00
9.999959e-01 -1.187297e-04 -2.852565e-03 5.669738e+01 1.149193e-04 9.999991e-01 -1.335813e-03 -9.542689e-01 2.852720e-03 1.335479e-03 9.999950e-01 8.113590e+00
1.000000e+00 2.185176e-04 -1.838151e-05 5.685974e+01 -2.184911e-04 9.999990e-01 1.417530e-03 -9.808616e-01 1.869153e-05 -1.417525e-03 9.999990e-01 8.859378e+00
9.999974e-01 1.710009e-04 -2.277221e-03 5.812229e+01 -1.739822e-04 9.999991e-01 -1.308942e-03 -9.909325e-01 2.276995e-03 1.309335e-03 9.999966e-01 8.708601e+00
1.000000e+00 -5.092342e-05 -2.583115e-04 5.872242e+01 5.127037e-05 9.999991e-01 1.342504e-03 -1.006467e+00 2.582432e-04 -1.342517e-03 9.999991e-01 8.705099e+00
9.999962e-01 1.370068e-04 -2.747826e-03 5.876995e+01 -1.406049e-04 9.999991e-01 -1.309219e-03 -1.020890e+00 2.747644e-03 1.309600e-03 9.999954e-01 9.344978e+00
1.000000e+00 5.416719e-05 -2.774321e-04 5.953951e+01 -5.376363e-05 9.999989e-01 1.453672e-03 -1.027051e+00 2.775108e-04 -1.453656e-03 9.999989e-01 9.136090e+00
9.999948e-01 2.227480e-04 -3.202772e-03 6.107625e+01 -2.278690e-04 9.999987e-01 -1.598576e-03 -9.921936e-01 3.202411e-03 1.599297e-03 9.999936e-01 7.957352e+00
9.999999e-01 -6.192880e-05 4.244810e-04 6.207380e+01 6.129610e-05 9.999989e-01 1.490881e-03 -9.809428e-01 -4.245726e-04 -1.490854e-03 9.999988e-01 7.292545e+00
9.999923e-01 1.454345e-04 -3.931479e-03 6.172700e+01 -1.506970e-04 9.999991e-01 -1.338225e-03 -9.720490e-01 3.931280e-03 1.338806e-03 9.999914e-01 7.928154e+00
9.999999e-01 -8.594021e-05 4.204389e-04 6.122597e+01 8.528995e-05 9.999988e-01 1.546909e-03 -9.560939e-01 -4.205711e-04 -1.546872e-03 9.999987e-01 8.502464e+00
9.999911e-01 8.531797e-05 -4.208270e-03 6.079418e+01 -9.022572e-05 9.999993e-01 -1.165987e-03 -9.451666e-01 4.208167e-03 1.166356e-03 9.999905e-01 8.443904e+00
9.999997e-01 8.257406e-05 7.489849e-04 6.094212e+01 -8.366290e-05 9.999989e-01 1.454145e-03 -9.258548e-01 -7.488638e-04 -1.454206e-03 9.999987e-01 7.228748e+00
9.999920e-01 1.275906e-04 -3.998029e-03 6.149741e+01 -1.328623e-04 9.999991e-01 -1.318281e-03 -9.023437e-01 3.997857e-03 1.318801e-03 9.999911e-01 5.852658e+00
9.999996e-01 1.120017e-04 8.606173e-04 6.228797e+01 -1.132140e-04 9.999990e-01 1.408991e-03 -8.718280e-01 -8.604583e-04 -1.409088e-03 9.999986e-01 4.318325e+00
9.999906e-01 3.110424e-04 -4.316650e-03 6.350977e+01 -3.161708e-04 9.999992e-01 -1.187370e-03 -7.958515e-01 4.316277e-03 1.188723e-03 9.999900e-01 1.102327e+00
9.999993e-01 1.838772e-04 1.149602e-03 6.570888e+01 -1.851596e-04 9.999994e-01 1.115710e-03 -6.854958e-01 -1.149396e-03 -1.115921e-03 9.999987e-01 -2.938327e+00
9.999905e-01 5.696707e-04 -4.317392e-03 6.880685e+01 -5.754939e-04 9.999989e-01 -1.347586e-03 -5.617276e-01 4.316619e-03 1.350057e-03 9.999898e-01 -7.053151e+00
9.999993e-01 -2.172956e-06 1.161905e-03 7.126284e+01 8.371170e-07 9.999993e-01 1.149894e-03 -4.598188e-01 -1.161906e-03 -1.149892e-03 9.999987e-01 -1.064752e+01
9.999907e-01 2.561729e-04 -4.305160e-03 7.225038e+01 -2.608133e-04 9.999994e-01 -1.077294e-03 -4.033058e-01 4.304881e-03 1.078406e-03 9.999902e-01 -1.325069e+01
9.999990e-01 1.121201e-04 1.395939e-03 7.328579e+01 -1.135713e-04 9.999995e-01 1.039747e-03 -3.822783e-01 -1.395821e-03 -1.039904e-03 9.999985e-01 -1.427409e+01
9.999916e-01 1.524143e-04 -4.099645e-03 7.450369e+01 -1.577479e-04 9.999991e-01 -1.300625e-03 -3.412506e-01 4.099443e-03 1.301260e-03 9.999908e-01 -1.609807e+01
9.999998e-01 8.024287e-06 6.815634e-04 7.458733e+01 -9.223373e-06 9.999985e-01 1.759675e-03 -3.177323e-01 -6.815480e-04 -1.759680e-03 9.999982e-01 -1.775688e+01
9.999921e-01 2.170393e-04 -3.968111e-03 7.483061e+01 -2.224152e-04 9.999991e-01 -1.354333e-03 -2.892849e-01 3.967813e-03 1.355205e-03 9.999912e-01 -1.950886e+01
9.999992e-01 9.706045e-05 1.265025e-03 7.581806e+01 -9.866521e-05 9.999992e-01 1.268745e-03 -2.980705e-01 -1.264900e-03 -1.268868e-03 9.999984e-01 -1.974108e+01
9.999907e-01 -1.721587e-05 -4.316896e-03 7.580355e+01 1.262336e-05 9.999994e-01 -1.063815e-03 -3.083913e-01 4.316912e-03 1.063750e-03 9.999901e-01 -1.960085e+01
9.999998e-01 9.724363e-05 6.843639e-04 7.556604e+01 -9.799495e-05 9.999994e-01 1.098241e-03 -3.058112e-01 -6.842564e-04 -1.098307e-03 9.999992e-01 -1.861752e+01
9.999923e-01 1.702976e-04 -3.917402e-03 7.624711e+01 -1.748242e-04 9.999993e-01 -1.155122e-03 -3.205620e-01 3.917202e-03 1.155797e-03 9.999917e-01 -1.831982e+01
9.999995e-01 1.121712e-04 9.679401e-04 7.714186e+01 -1.132972e-04 9.999993e-01 1.163659e-03 -2.906015e-01 -9.678086e-04 -1.163768e-03 9.999989e-01 -1.987611e+01
9.999897e-01 2.647615e-04 -4.524509e-03 7.764141e+01 -2.696948e-04 9.999994e-01 -1.089708e-03 -2.639074e-01 4.524218e-03 1.090917e-03 9.999892e-01 -2.032634e+01
9.999990e-01 2.981180e-05 1.401569e-03 7.851918e+01 -3.125361e-05 9.999995e-01 1.028876e-03 -2.442701e-01 -1.401538e-03 -1.028918e-03 9.999985e-01 -2.105245e+01
9.999916e-01 4.571637e-04 -4.081234e-03 8.004871e+01 -4.623244e-04 9.999991e-01 -1.263590e-03 -2.180023e-01 4.080653e-03 1.265466e-03 9.999909e-01 -2.172710e+01
9.999990e-01 -1.117733e-04 1.412756e-03 8.124956e+01 1.104670e-04 9.999996e-01 9.249008e-04 -2.102104e-01 -1.412858e-03 -9.247432e-04 9.999986e-01 -2.206088e+01
9.999895e-01 3.231957e-04 -4.577107e-03 8.143923e+01 -3.280151e-04 9.999994e-01 -1.052182e-03 -2.227177e-01 4.576764e-03 1.053672e-03 9.999890e-01 -2.090289e+01
9.999980e-01 -8.253647e-05 2.021559e-03 8.196788e+01 8.027992e-05 9.999994e-01 1.116419e-03 -2.533575e-01 -2.021650e-03 -1.116254e-03 9.999973e-01 -2.010118e+01
9.999885e-01 2.549008e-04 -4.784963e-03 8.229632e+01 -2.599995e-04 9.999994e-01 -1.064922e-03 -2.803547e-01 4.784689e-03 1.066153e-03 9.999880e-01 -1.923991e+01
9.999984e-01 -6.971612e-05 1.796768e-03 8.270735e+01 6.777036e-05 9.999994e-01 1.083101e-03 -2.999424e-01 -1.796842e-03 -1.082977e-03 9.999978e-01 -1.867071e+01
9.999891e-01 1.785860e-04 -4.654926e-03 8.299999e+01 -1.835442e-04 9.999994e-01 -1.064684e-03 -3.208445e-01 4.654733e-03 1.065526e-03 9.999886e-01 -1.808570e+01
9.999987e-01 -8.886551e-05 1.580834e-03 8.310651e+01 8.704496e-05 9.999993e-01 1.151832e-03 -3.377699e-01 -1.580935e-03 -1.151692e-03 9.999981e-01 -1.742494e+01
9.999876e-01 2.040079e-04 -4.980617e-03 8.326395e+01 -2.084505e-04 9.999996e-01 -8.914276e-04 -3.364380e-01 4.980433e-03 8.924541e-04 9.999872e-01 -1.807797e+01
9.999984e-01 -8.507774e-05 1.774530e-03 8.360093e+01 8.318540e-05 9.999994e-01 1.066578e-03 -3.210661e-01 -1.774619e-03 -1.066428e-03 9.999979e-01 -1.930279e+01
9.999881e-01 1.556301e-04 -4.880156e-03 8.386697e+01 -1.599203e-04 9.999996e-01 -8.786904e-04 -3.019399e-01 4.880017e-03 8.794597e-04 9.999877e-01 -2.078115e+01
9.999988e-01 1.312476e-04 1.516471e-03 8.426011e+01 -1.331605e-04 9.999992e-01 1.261538e-03 -2.608676e-01 -1.516304e-03 -1.261738e-03 9.999981e-01 -2.316230e+01
9.999897e-01 -3.537681e-05 -4.542115e-03 8.434756e+01 3.182239e-05 9.999997e-01 -7.825617e-04 -2.239987e-01 4.542141e-03 7.824085e-04 9.999894e-01 -2.562156e+01
9.999993e-01 1.628411e-04 1.193165e-03 8.407396e+01 -1.646595e-04 9.999988e-01 1.524272e-03 -1.978788e-01 -1.192915e-03 -1.524466e-03 9.999981e-01 -2.770668e+01
9.999892e-01 5.897101e-05 -4.637769e-03 8.407465e+01 -6.314757e-05 9.999996e-01 -9.003570e-04 -1.553516e-01 4.637714e-03 9.006395e-04 9.999888e-01 -3.046368e+01
9.999994e-01 2.859946e-04 1.053649e-03 8.426568e+01 -2.876085e-04 9.999988e-01 1.532129e-03 -8.884357e-02 -1.053209e-03 -1.532430e-03 9.999983e-01 -3.426915e+01
9.999915e-01 -1.571342e-04 -4.108113e-03 8.434581e+01 1.529336e-04 9.999995e-01 -1.022746e-03 -4.098696e-02 4.108271e-03 1.022109e-03 9.999910e-01 -3.721298e+01
9.999998e-01 5.130497e-04 3.570791e-04 8.461171e+01 -5.136091e-04 9.999986e-01 1.568920e-03 1.000757e-02 -3.562734e-04 -1.569103e-03 9.999987e-01 -4.019793e+01
9.999937e-01 -2.695803e-04 -3.551483e-03 8.486813e+01 2.658307e-04 9.999994e-01 -1.056141e-03 7.766465e-02 3.551765e-03 1.055189e-03 9.999931e-01 -4.398970e+01
9.999997e-01 4.302002e-04 6.907411e-04 8.555454e+01 -4.309364e-04 9.999993e-01 1.066385e-03 1.067984e-01 -6.902816e-04 -1.066682e-03 9.999992e-01 -4.554482e+01
9.999934e-01 -2.419126e-04 -3.633943e-03 8.646106e+01 2.375437e-04 9.999992e-01 -1.202566e-03 1.205173e-01 3.634231e-03 1.201694e-03 9.999927e-01 -4.627790e+01
9.999999e-01 5.325075e-04 -1.143345e-04 8.661770e+01 -5.323126e-04 9.999984e-01 1.695773e-03 1.492430e-01 1.152376e-04 -1.695712e-03 9.999986e-01 -4.825277e+01
9.999960e-01 -4.181592e-04 -2.806324e-03 8.668698e+01 4.150496e-04 9.999993e-01 -1.108464e-03 2.017498e-01 2.806785e-03 1.107294e-03 9.999954e-01 -5.143468e+01
9.999999e-01 4.435571e-04 -2.504382e-04 8.695477e+01 -4.432479e-04 9.999991e-01 1.232497e-03 2.136882e-01 2.509849e-04 -1.232385e-03 9.999992e-01 -5.249424e+01
9.999966e-01 -3.576891e-04 -2.598701e-03 8.737297e+01 3.545965e-04 9.999992e-01 -1.190341e-03 1.966352e-01 2.599124e-03 1.189415e-03 9.999959e-01 -5.228038e+01
9.999997e-01 3.375466e-04 -7.109877e-04 8.740525e+01 -3.365609e-04 9.999990e-01 1.385679e-03 1.873008e-01 7.114550e-04 -1.385439e-03 9.999988e-01 -5.241625e+01
9.999970e-01 -3.480604e-04 -2.427587e-03 8.751532e+01 3.453146e-04 9.999993e-01 -1.131298e-03 1.882094e-01 2.427979e-03 1.130456e-03 9.999964e-01 -5.310972e+01
9.999997e-01 4.018674e-04 -6.036064e-04 8.777574e+01 -4.010821e-04 9.999991e-01 1.300071e-03 1.848028e-01 6.041285e-04 -1.299828e-03 9.999990e-01 -5.357047e+01
