9.999963e-01 7.277899e-04 -2.639803e-03 9.762409e-01 -7.272445e-04 9.999997e-01 2.075594e-04 9.598713e-03 2.639953e-03 -2.056396e-04 9.999965e-01 1.462020e+00
1.000000e+00 6.558800e-05 2.230371e-04 3.215839e+00 -6.543131e-05 9.999998e-01 -7.023386e-04 5.516540e-02 -2.230828e-04 7.023247e-04 9.999997e-01 1.217456e+00
9.999961e-01 4.317905e-04 -2.759294e-03 4.166471e+00 -4.307982e-04 9.999998e-01 3.602065e-04 5.545361e-02 2.759449e-03 -3.590171e-04 9.999961e-01 2.457804e+00
9.999998e-01 -1.289825e-04 -6.276270e-04 4.002772e+00 1.286780e-04 9.999999e-01 -4.851947e-04 6.412843e-02 6.276898e-04 4.851146e-04 9.999997e-01 4.143938e+00
9.999965e-01 3.720743e-04 -2.619439e-03 3.923060e+00 -3.708436e-04 9.999998e-01 4.703098e-04 6.196403e-02 2.619613e-03 -4.693375e-04 9.999965e-01 5.457714e+00
9.999999e-01 -1.412685e-04 -3.653103e-04 4.239974e+00 1.410923e-04 9.999999e-01 -4.822860e-04 4.083115e-02 3.653787e-04 4.822351e-04 9.999998e-01 6.614978e+00
9.999973e-01 5.477339e-04 -2.258036e-03 4.891267e+00 -5.465590e-04 9.999997e-01 5.209327e-04 9.958538e-03 2.258320e-03 -5.196979e-04 9.999973e-01 7.787855e+00
1.000000e+00 -7.574316e-05 -1.627665e-04 5.191523e+00 7.565293e-05 9.999998e-01 -5.544444e-04 -1.282239e-02 1.628088e-04 5.544328e-04 9.999998e-01 9.426571e+00
9.999968e-01 5.062022e-04 -2.471958e-03 4.917390e+00 -5.054088e-04 9.999998e-01 3.215820e-04 -1.286841e-02 2.472120e-03 -3.203324e-04 9.999969e-01 1.168235e+01
1.000000e+00 -3.738701e-05 -2.584675e-04 4.735410e+00 3.724978e-05 9.999999e-01 -5.310552e-04 -1.551663e-02 2.584877e-04 5.310462e-04 9.999998e-01 1.401021e+01
9.999966e-01 6.681268e-04 -2.520883e-03 4.715598e+00 -6.671954e-04 9.999997e-01 3.703091e-04 -1.048071e-02 2.521130e-03 -3.686266e-04 9.999968e-01 1.650163e+01
1.000000e+00 -4.358690e-05 9.404042e-05 5.055198e+00 4.363104e-05 9.999999e-01 -4.690630e-04 -2.048838e-02 -9.401962e-05 4.690678e-04 9.999999e-01 1.845509e+01
9.999971e-01 8.689555e-04 -2.229196e-03 6.779977e+00 -8.676123e-04 9.999994e-01 6.034841e-04 -1.495277e-02 2.229719e-03 -6.015490e-04 9.999973e-01 1.900271e+01
9.999999e-01 -2.620862e-04 2.556227e-04 8.397637e+00 2.623477e-04 9.999994e-01 -1.023287e-03 -1.068826e-02 -2.553541e-04 1.023354e-03 9.999994e-01 1.935867e+01
9.999958e-01 8.448846e-04 -2.788166e-03 8.879952e+00 -8.421459e-04 9.999992e-01 9.833062e-04 -2.415366e-02 2.788994e-03 -9.809547e-04 9.999956e-01 2.105381e+01
9.999998e-01 -7.508492e-05 5.890484e-04 9.771500e+00 7.574122e-05 9.999994e-01 -1.114157e-03 -2.633114e-02 -5.889640e-04 1.114202e-03 9.999992e-01 2.270214e+01
9.999959e-01 5.604839e-04 -2.800595e-03 1.026692e+01 -5.578585e-04 9.999994e-01 9.381643e-04 -4.091140e-02 2.801119e-03 -9.365988e-04 9.999956e-01 2.433712e+01
1.000000e+00 -1.786064e-04 6.686635e-05 1.037735e+01 1.786727e-04 9.999995e-01 -9.923116e-04 -5.571691e-02 -6.668875e-05 9.923243e-04 9.999995e-01 2.592357e+01
9.999974e-01 7.281892e-04 -2.170341e-03 1.125296e+01 -7.260845e-04 9.999993e-01 9.703959e-04 -1.006046e-01 2.171045e-03 -9.688182e-04 9.999972e-01 2.759228e+01
9.999999e-01 -3.098739e-04 -4.131570e-04 1.165625e+01 3.094597e-04 9.999994e-01 -1.002375e-03 -1.210760e-01 4.134677e-04 1.002248e-03 9.999994e-01 2.906320e+01
9.999972e-01 8.090889e-04 -2.209179e-03 1.162670e+01 -8.072930e-04 9.999993e-01 8.136848e-04 -1.315960e-01 2.209835e-03 -8.118998e-04 9.999972e-01 3.143425e+01
1.000000e+00 -4.482547e-05 -1.697193e-04 1.230312e+01 4.467481e-05 9.999996e-01 -8.879026e-04 -1.552637e-01 1.697594e-04 8.878957e-04 9.999996e-01 3.385760e+01
9.999983e-01 9.421214e-04 -1.577825e-03 1.376852e+01 -9.410297e-04 9.999993e-01 6.925243e-04 -1.726212e-01 1.578476e-03 -6.910391e-04 9.999985e-01 3.614804e+01
1.000000e+00 -4.499693e-05 1.600582e-04 1.542368e+01 4.516493e-05 9.999994e-01 -1.049506e-03 -1.979719e-01 -1.600106e-04 1.049514e-03 9.999994e-01 3.824731e+01
9.999980e-01 8.585640e-04 -1.801451e-03 1.642898e+01 -8.571178e-04 9.999993e-01 8.034251e-04 -2.493343e-01 1.802139e-03 -8.018801e-04 9.999981e-01 4.097503e+01
1.000000e+00 3.289922e-05 1.926696e-04 1.793143e+01 -3.273312e-05 9.999996e-01 -8.617667e-04 -2.964281e-01 -1.926975e-04 8.617611e-04 9.999996e-01 4.331463e+01
9.999967e-01 6.095875e-04 -2.507351e-03 1.873101e+01 -6.083254e-04 9.999997e-01 5.040904e-04 -3.185127e-01 2.507658e-03 -5.025641e-04 9.999967e-01 4.564746e+01
9.999997e-01 8.817760e-05 7.126773e-04 1.984818e+01 -8.774685e-05 9.999998e-01 -6.043496e-04 -3.755026e-01 -7.127302e-04 6.042877e-04 9.999996e-01 4.799505e+01
9.999943e-01 5.363644e-04 -3.324949e-03 2.049697e+01 -5.346508e-04 9.999997e-01 5.162444e-04 -3.892817e-01 3.325225e-03 -5.144645e-04 9.999943e-01 5.000821e+01
9.999992e-01 9.115420e-06 1.269785e-03 2.138628e+01 -8.011403e-06 9.999996e-01 -8.694144e-04 -4.114881e-01 -1.269792e-03 8.694042e-04 9.999988e-01 5.190220e+01
9.999931e-01 3.812540e-04 -3.704852e-03 2.154009e+01 -3.786137e-04 9.999997e-01 7.133390e-04 -4.399492e-01 3.705122e-03 -7.119321e-04 9.999929e-01 5.391490e+01
9.999993e-01 8.279006e-05 1.171436e-03 2.175341e+01 -8.179806e-05 9.999996e-01 -8.468053e-04 -4.659325e-01 -1.171506e-03 8.467096e-04 9.999990e-01 5.594131e+01
9.999927e-01 3.655009e-04 -3.793881e-03 2.189412e+01 -3.629147e-04 9.999997e-01 6.823375e-04 -4.868566e-01 3.794129e-03 -6.809564e-04 9.999926e-01 5.801465e+01
9.999996e-01 1.015472e-05 9.477810e-04 2.174202e+01 -9.438180e-06 9.999997e-01 -7.559591e-04 -4.866258e-01 -9.477881e-04 7.559506e-04 9.999993e-01 5.975201e+01
9.999919e-01 2.777418e-04 -4.027092e-03 2.166228e+01 -2.745836e-04 9.999997e-01 7.847857e-04 -4.855454e-01 4.027308e-03 -7.836743e-04 9.999916e-01 6.097981e+01
9.999997e-01 -9.055469e-05 7.428989e-04 2.149206e+01 9.111124e-05 9.999997e-01 -7.490759e-04 -4.819788e-01 -7.428305e-04 7.491441e-04 9.999994e-01 6.206999e+01
9.999926e-01 4.023689e-04 -3.818013e-03 2.148937e+01 -3.995698e-04 9.999997e-01 7.338840e-04 -4.867929e-01 3.818307e-03 -7.323538e-04 9.999924e-01 6.344165e+01
9.999998e-01 -5.532099e-05 6.482526e-04 2.130033e+01 5.583956e-05 9.999997e-01 -7.998743e-04 -4.796008e-01 -6.482078e-04 7.999111e-04 9.999995e-01 6.508125e+01
9.999920e-01 2.654663e-04 -4.002919e-03 2.101105e+01 -2.618176e-04 9.999995e-01 9.120276e-04 -4.650033e-01 4.003159e-03 -9.109729e-04 9.999916e-01 6.599289e+01
9.999999e-01 -1.262020e-04 4.759942e-04 2.071376e+01 1.265833e-04 9.999997e-01 -8.010200e-04 -4.527512e-01 -4.758926e-04 8.010809e-04 9.999996e-01 6.678168e+01
9.999930e-01 1.836287e-04 -3.729384e-03 2.041291e+01 -1.798034e-04 9.999995e-01 1.026045e-03 -4.490655e-01 3.729570e-03 -1.025368e-03 9.999925e-01 6.722712e+01
9.999999e-01 -1.113824e-04 4.413319e-04 2.022629e+01 1.117893e-04 9.999996e-01 -9.218132e-04 -4.496670e-01 -4.412287e-04 9.218631e-04 9.999995e-01 6.792102e+01
9.999948e-01 2.942661e-04 -3.217599e-03 2.074025e+01 -2.910819e-04 9.999995e-01 9.900565e-04 -4.741436e-01 3.217888e-03 -9.891154e-04 9.999943e-01 6.840294e+01
1.000000e+00 -9.543629e-05 2.859890e-04 2.112361e+01 9.568319e-05 9.999996e-01 -8.631984e-04 -4.961483e-01 -2.859062e-04 8.632265e-04 9.999996e-01 6.896646e+01
9.999935e-01 1.825616e-04 -3.591396e-03 2.108451e+01 -1.787107e-04 9.999994e-01 1.072570e-03 -4.953792e-01 3.591589e-03 -1.071922e-03 9.999930e-01 6.929892e+01
9.999998e-01 -8.244197e-05 5.588254e-04 2.124209e+01 8.300023e-05 9.999995e-01 -9.989309e-04 -5.097350e-01 -5.587424e-04 9.989779e-04 9.999993e-01 6.985364e+01
9.999938e-01 3.162552e-04 -3.512746e-03 2.137900e+01 -3.124530e-04 9.999994e-01 1.082939e-03 -5.208134e-01 3.513086e-03 -1.081835e-03 9.999932e-01 7.080437e+01
1.000000e+00 -2.232405e-04 -9.520064e-06 2.108530e+01 2.232303e-04 9.999994e-01 -1.063677e-03 -5.118372e-01 9.757844e-06 1.063675e-03 9.999994e-01 7.169913e+01
9.999953e-01 2.469283e-04 -3.050328e-03 2.112687e+01 -2.435110e-04 9.999993e-01 1.120666e-03 -5.304375e-01 3.050602e-03 -1.119918e-03 9.999947e-01 7.228220e+01
1.000000e+00 -2.207712e-04 -3.609164e-05 2.119374e+01 2.207334e-04 9.999994e-01 -1.045602e-03 -5.495453e-01 3.632278e-05 1.045595e-03 9.999995e-01 7.285182e+01
9.999959e-01 3.169790e-04 -2.850010e-03 2.177038e+01 -3.138709e-04 9.999994e-01 1.090959e-03 -5.595277e-01 2.850354e-03 -1.090061e-03 9.999953e-01 7.276265e+01
9.999999e-01 -2.833663e-04 -1.969419e-04 2.184331e+01 2.831773e-04 9.999995e-01 -9.591436e-04 -5.740853e-01 1.972139e-04 9.590885e-04 9.999995e-01 7.314378e+01
9.999953e-01 2.862443e-04 -3.049051e-03 2.166933e+01 -2.828442e-04 9.999993e-01 1.115524e-03 -5.796368e-01 3.049368e-03 -1.114657e-03 9.999947e-01 7.355954e+01
1.000000e+00 -2.165768e-04 4.270512e-05 2.184530e+01 2.166190e-04 9.999995e-01 -9.901659e-04 -5.980040e-01 -4.249032e-05 9.901758e-04 9.999995e-01 7.392137e+01
9.999954e-01 2.232886e-04 -3.010016e-03 2.192365e+01 -2.198611e-04 9.999993e-01 1.139014e-03 -6.094507e-01 3.010268e-03 -1.138348e-03 9.999948e-01 7.394612e+01
1.000000e+00 -1.758233e-04 -1.499038e-04 2.213768e+01 1.756668e-04 9.999994e-01 -1.043818e-03 -6.252714e-01 1.500875e-04 1.043793e-03 9.999994e-01 7.416249e+01
9.999964e-01 2.884446e-04 -2.658159e-03 2.256055e+01 -2.856476e-04 9.999994e-01 1.052598e-03 -6.430931e-01 2.658461e-03 -1.051836e-03 9.999959e-01 7.446102e+01
1.000000e+00 -1.421641e-04 -4.483645e-05 2.299552e+01 1.421201e-04 9.999995e-01 -9.814211e-04 -6.668551e-01 4.497628e-05 9.814154e-04 9.999995e-01 7.497411e+01
9.999949e-01 3.781044e-04 -3.175656e-03 2.319568e+01 -3.747098e-04 9.999994e-01 1.069487e-03 -6.701443e-01 3.176058e-03 -1.068293e-03 9.999944e-01 7.569774e+01
9.999989e-01 2.906517e-04 1.464771e-03 2.530809e+01 -2.891432e-04 9.999994e-01 -1.029874e-03 -6.815693e-01 -1.465069e-03 1.029450e-03 9.999984e-01 7.578159e+01
9.999939e-01 1.653264e-04 -3.475369e-03 2.652188e+01 -1.619467e-04 9.999995e-01 9.727473e-04 -7.124259e-01 3.475528e-03 -9.721793e-04 9.999935e-01 7.665703e+01
9.999996e-01 2.608408e-05 9.302318e-04 2.701547e+01 -2.522911e-05 9.999996e-01 -9.190036e-04 -7.399701e-01 -9.302551e-04 9.189804e-04 9.999991e-01 7.727592e+01
9.999922e-01 3.811765e-05 -3.959492e-03 2.720167e+01 -3.434654e-05 9.999995e-01 9.525092e-04 -7.611206e-01 3.959526e-03 -9.523665e-04 9.999917e-01 7.771609e+01
9.999994e-01 1.684013e-04 1.112186e-03 2.762439e+01 -1.673873e-04 9.999996e-01 -9.116935e-04 -7.877825e-01 -1.112339e-03 9.115075e-04 9.999990e-01 7.848380e+01
9.999926e-01 -3.105781e-05 -3.857228e-03 2.792293e+01 3.453697e-05 9.999996e-01 9.019418e-04 -8.141502e-01 3.857198e-03 -9.020690e-04 9.999922e-01 7.918731e+01
9.999995e-01 1.865101e-04 9.637153e-04 2.808847e+01 -1.856618e-04 9.999996e-01 -8.801421e-04 -8.385120e-01 -9.638788e-04 8.799634e-04 9.999991e-01 8.022848e+01
9.999918e-01 -3.101361e-05 -4.057055e-03 2.825141e+01 3.461122e-05 9.999996e-01 8.867078e-04 -8.590476e-01 4.057026e-03 -8.868416e-04 9.999914e-01 8.121141e+01
9.999992e-01 2.843400e-04 1.243327e-03 2.854044e+01 -2.832851e-04 9.999996e-01 -8.485118e-04 -8.843838e-01 -1.243568e-03 8.481596e-04 9.999989e-01 8.230535e+01
9.999903e-01 -6.515528e-05 -4.408889e-03 2.858216e+01 6.908996e-05 9.999996e-01 8.923155e-04 -8.927285e-01 4.408829e-03 -8.926121e-04 9.999899e-01 8.339389e+01
9.999993e-01 1.843248e-04 1.136913e-03 2.848437e+01 -1.833692e-04 9.999996e-01 -8.405214e-04 -8.971981e-01 -1.137067e-03 8.403130e-04 9.999990e-01 8.421972e+01
9.999911e-01 -4.565705e-05 -4.219321e-03 2.851975e+01 4.930871e-05 9.999996e-01 8.653830e-04 -9.111992e-01 4.219279e-03 -8.655840e-04 9.999907e-01 8.511561e+01
9.999991e-01 2.659956e-04 1.278430e-03 2.870154e+01 -2.649275e-04 9.999996e-01 -8.354871e-04 -9.300020e-01 -1.278652e-03 8.351485e-04 9.999988e-01 8.614965e+01
9.999914e-01 -2.276471e-05 -4.152741e-03 2.905245e+01 2.634554e-05 9.999996e-01 8.622526e-04 -9.562705e-01 4.152719e-03 -8.623553e-04 9.999910e-01 8.720812e+01
9.999990e-01 3.272887e-04 1.368077e-03 2.921892e+01 -3.261424e-04 9.999996e-01 -8.379307e-04 -9.730763e-01 -1.368350e-03 8.374844e-04 9.999987e-01 8.842551e+01
9.999896e-01 -7.176435e-05 -4.556891e-03 2.914630e+01 7.543387e-05 9.999997e-01 8.051222e-04 -9.792149e-01 4.556831e-03 -8.054583e-04 9.999893e-01 8.981022e+01
9.999984e-01 3.960822e-04 1.734233e-03 2.919047e+01 -3.946380e-04 9.999996e-01 -8.329633e-04 -9.947068e-01 -1.734562e-03 8.322783e-04 9.999981e-01 9.134268e+01
9.999902e-01 -2.826638e-05 -4.432291e-03 2.946444e+01 3.194237e-05 9.999997e-01 8.293183e-04 -1.015935e+00 4.432266e-03 -8.294524e-04 9.999898e-01 9.289208e+01
9.999982e-01 3.967245e-04 1.832618e-03 2.960509e+01 -3.951123e-04 9.999995e-01 -8.799328e-04 -1.037547e+00 -1.832966e-03 8.792078e-04 9.999979e-01 9.454684e+01
9.999883e-01 -2.023637e-04 -4.837656e-03 2.979835e+01 2.065556e-04 9.999996e-01 8.660478e-04 -1.059793e+00 4.837479e-03 -8.670376e-04 9.999879e-01 9.578170e+01
9.999981e-01 2.974257e-04 1.940866e-03 3.008687e+01 -2.958659e-04 9.999996e-01 -8.038331e-04 -1.078737e+00 -1.941104e-03 8.032581e-04 9.999978e-01 9.624568e+01
9.999881e-01 -1.940116e-04 -4.871045e-03 3.011996e+01 1.980162e-04 9.999996e-01 8.216687e-04 -1.096936e+00 4.870883e-03 -8.226242e-04 9.999878e-01 9.715002e+01
9.999986e-01 3.546494e-04 1.625563e-03 3.008615e+01 -3.531441e-04 9.999995e-01 -9.262019e-04 -1.110030e+00 -1.625891e-03 9.256273e-04 9.999982e-01 9.849351e+01
9.999879e-01 -2.803121e-04 -4.908929e-03 3.009474e+01 2.853455e-04 9.999994e-01 1.024697e-03 -1.118945e+00 4.908639e-03 -1.026086e-03 9.999874e-01 9.915782e+01
9.999984e-01 3.448629e-04 1.749761e-03 3.006094e+01 -3.431933e-04 9.999995e-01 -9.543637e-04 -1.129377e+00 -1.750089e-03 9.537624e-04 9.999980e-01 9.979807e+01
9.999884e-01 -1.859399e-04 -4.805305e-03 2.997042e+01 1.905462e-04 9.999995e-01 9.581620e-04 -1.136659e+00 4.805124e-03 -9.590672e-04 9.999880e-01 1.009138e+02
9.999956e-01 8.798529e-04 2.823341e-03 3.125262e+01 -8.773935e-04 9.999992e-01 -8.721599e-04 -1.173823e+00 -2.824106e-03 8.696796e-04 9.999956e-01 1.025359e+02
9.999929e-01 5.736382e-05 -3.764081e-03 3.328192e+01 -5.518245e-05 9.999998e-01 5.796522e-04 -1.221495e+00 3.764113e-03 -5.794411e-04 9.999927e-01 1.046973e+02
9.999974e-01 8.330933e-04 2.143025e-03 3.444509e+01 -8.315175e-04 9.999994e-01 -7.360599e-04 -1.272628e+00 -2.143636e-03 7.342767e-04 9.999974e-01 1.076837e+02
9.999930e-01 -1.908389e-05 -3.740493e-03 3.585452e+01 2.144775e-05 9.999998e-01 6.319558e-04 -1.312464e+00 3.740480e-03 -6.320323e-04 9.999928e-01 1.100378e+02
9.999962e-01 1.146034e-03 2.494695e-03 3.859003e+01 -1.143994e-03 9.999990e-01 -8.189625e-04 -1.315398e+00 -2.495631e-03 8.161062e-04 9.999966e-01 1.111187e+02
9.999937e-01 -3.117423e-04 -3.547145e-03 4.044942e+01 3.132227e-04 9.999999e-01 4.168104e-04 -1.345851e+00 3.547015e-03 -4.179195e-04 9.999936e-01 1.132425e+02
9.999969e-01 1.352567e-03 2.088725e-03 4.172970e+01 -1.351771e-03 9.999990e-01 -3.824219e-04 -1.393303e+00 -2.089240e-03 3.795979e-04 9.999977e-01 1.159734e+02
9.999907e-01 -6.336162e-04 -4.256252e-03 4.227924e+01 6.340923e-04 9.999998e-01 1.105217e-04 -1.420624e+00 4.256181e-03 -1.132202e-04 9.999909e-01 1.187288e+02
9.999986e-01 1.009294e-03 1.311672e-03 4.238526e+01 -1.008921e-03 9.999995e-01 -2.844656e-04 -1.444209e+00 -1.311958e-03 2.831425e-04 9.999991e-01 1.209662e+02
9.999918e-01 -6.257073e-04 -4.011593e-03 4.315917e+01 6.270888e-04 9.999997e-01 3.431529e-04 -1.468726e+00 4.011377e-03 -3.456664e-04 9.999919e-01 1.218545e+02
9.999989e-01 7.942697e-04 1.236076e-03 4.374833e+01 -7.939266e-04 9.999996e-01 -2.779513e-04 -1.485655e+00 -1.236296e-03 2.769703e-04 9.999992e-01 1.222528e+02
9.999912e-01 -6.391472e-04 -4.157952e-03 4.424032e+01 6.406174e-04 9.999997e-01 3.522907e-04 -1.494043e+00 4.157725e-03 -3.549519e-04 9.999913e-01 1.224118e+02
9.999970e-01 1.050721e-03 2.192330e-03 4.542453e+01 -1.050074e-03 9.999994e-01 -2.961674e-04 -1.521261e+00 -2.192639e-03 2.938652e-04 9.999976e-01 1.228307e+02
9.999890e-01 -7.502061e-04 -4.627383e-03 4.610581e+01 7.520368e-04 9.999996e-01 3.939075e-04 -1.547833e+00 4.627085e-03 -3.973838e-04 9.999892e-01 1.236391e+02
9.999943e-01 1.412225e-03 3.053358e-03 4.866863e+01 -1.410143e-03 9.999988e-01 -6.839041e-04 -1.531290e+00 -3.054320e-03 6.795952e-04 9.999951e-01 1.227395e+02
9.999845e-01 -1.082370e-03 -5.466353e-03 4.996129e+01 1.086041e-03 9.999992e-01 6.687875e-04 -1.533045e+00 5.465625e-03 -6.747145e-04 9.999848e-01 1.223798e+02
9.999950e-01 1.330165e-03 2.853305e-03 5.087866e+01 -1.328365e-03 9.999989e-01 -6.325752e-04 -1.542214e+00 -2.854143e-03 6.287825e-04 9.999957e-01 1.222756e+02
9.999840e-01 -1.149831e-03 -5.537360e-03 5.151157e+01 1.153701e-03 9.999991e-01 6.956880e-04 -1.561168e+00 5.536555e-03 -7.020660e-04 9.999844e-01 1.225197e+02
9.999951e-01 1.321295e-03 2.848939e-03 5.211749e+01 -1.319492e-03 9.999989e-01 -6.346490e-04 -1.584257e+00 -2.849774e-03 6.308874e-04 9.999957e-01 1.229696e+02
9.999838e-01 -1.112180e-03 -5.586862e-03 5.281489e+01 1.116120e-03 9.999991e-01 7.020839e-04 -1.605026e+00 5.586076e-03 -7.083089e-04 9.999841e-01 1.232110e+02
9.999950e-01 1.237643e-03 2.905349e-03 5.321079e+01 -1.235830e-03 9.999990e-01 -6.257042e-04 -1.634009e+00 -2.906120e-03 6.221113e-04 9.999956e-01 1.238183e+02
9.999847e-01 -8.932602e-04 -5.452633e-03 5.408776e+01 8.975519e-04 9.999993e-01 7.847055e-04 -1.666249e+00 5.451928e-03 -7.895882e-04 9.999848e-01 1.243045e+02
9.999934e-01 1.303149e-03 3.387925e-03 5.546255e+01 -1.300587e-03 9.999989e-01 -7.584326e-04 -1.680742e+00 -3.388910e-03 7.540220e-04 9.999940e-01 1.242194e+02
9.999861e-01 -8.187782e-04 -5.209726e-03 5.696927e+01 8.229777e-04 9.999993e-01 8.040180e-04 -1.701075e+00 5.209064e-03 -8.082950e-04 9.999861e-01 1.242551e+02
9.999928e-01 1.282423e-03 3.572090e-03 5.838592e+01 -1.279687e-03 9.999989e-01 -7.680249e-04 -1.727071e+00 -3.573071e-03 7.634489e-04 9.999933e-01 1.244182e+02
9.999843e-01 -8.702461e-04 -5.535069e-03 5.961313e+01 8.748471e-04 9.999993e-01 8.288931e-04 -1.748188e+00 5.534343e-03 -8.337231e-04 9.999843e-01 1.245263e+02
9.999936e-01 1.276625e-03 3.339446e-03 6.091592e+01 -1.273958e-03 9.999989e-01 -8.003737e-04 -1.760127e+00 -3.340464e-03 7.961150e-04 9.999941e-01 1.243705e+02
9.999833e-01 -9.846951e-04 -5.690014e-03 6.195039e+01 9.896258e-04 9.999991e-01 8.638332e-04 -1.775776e+00 5.689158e-03 -8.694505e-04 9.999834e-01 1.243317e+02
9.999910e-01 1.441365e-03 3.986552e-03 6.334863e+01 -1.438110e-03 9.999986e-01 -8.191629e-04 -1.800016e+00 -3.987727e-03 8.134231e-04 9.999917e-01 1.244607e+02
9.999821e-01 -1.063939e-03 -5.882348e-03 6.457739e+01 1.068861e-03 9.999991e-01 8.336892e-04 -1.825119e+00 5.881455e-03 -8.399625e-04 9.999824e-01 1.246206e+02
9.999939e-01 1.288196e-03 3.258880e-03 6.551917e+01 -1.285283e-03 9.999988e-01 -8.955896e-04 -1.831186e+00 -3.260029e-03 8.913962e-04 9.999943e-01 1.243026e+02
9.999801e-01 -1.082212e-03 -6.221537e-03 6.632328e+01 1.087801e-03 9.999990e-01 8.949294e-04 -1.834389e+00 6.220562e-03 -9.016801e-04 9.999802e-01 1.239565e+02
9.999940e-01 1.244257e-03 3.219440e-03 6.710376e+01 -1.241219e-03 9.999988e-01 -9.456084e-04 -1.832396e+00 -3.220613e-03 9.416075e-04 9.999944e-01 1.234170e+02
9.999807e-01 -1.036179e-03 -6.131153e-03 6.814969e+01 1.041464e-03 9.999991e-01 8.589601e-04 -1.826118e+00 6.130257e-03 -8.653296e-04 9.999808e-01 1.228410e+02
9.999942e-01 1.262806e-03 3.149291e-03 6.925684e+01 -1.259676e-03 9.999987e-01 -9.955773e-04 -1.817798e+00 -3.150544e-03 9.916052e-04 9.999945e-01 1.222244e+02
9.999807e-01 -1.027369e-03 -6.134621e-03 7.049665e+01 1.032407e-03 9.999991e-01 8.180645e-04 -1.804351e+00 6.133775e-03 -8.243828e-04 9.999808e-01 1.214802e+02
9.999917e-01 1.439691e-03 3.819136e-03 7.197228e+01 -1.436266e-03 9.999986e-01 -8.993619e-04 -1.804964e+00 -3.820425e-03 8.938698e-04 9.999923e-01 1.210408e+02
9.999742e-01 -1.370480e-03 -7.046158e-03 7.263367e+01 1.376937e-03 9.999986e-01 9.116884e-04 -1.788336e+00 7.044898e-03 -9.213677e-04 9.999748e-01 1.200114e+02
9.999902e-01 1.996154e-03 3.950712e-03 7.432137e+01 -1.991949e-03 9.999974e-01 -1.068014e-03 -1.769869e+00 -3.952833e-03 1.060135e-03 9.999916e-01 1.187745e+02
9.999811e-01 -1.641026e-03 -5.925981e-03 7.576486e+01 1.645818e-03 9.999983e-01 8.038574e-04 -1.756508e+00 5.924651e-03 -8.135960e-04 9.999821e-01 1.175227e+02
9.999945e-01 1.644774e-03 2.867009e-03 7.589759e+01 -1.643203e-03 9.999985e-01 -5.501456e-04 -1.744823e+00 -2.867910e-03 5.454322e-04 9.999957e-01 1.162865e+02
9.999839e-01 -1.382361e-03 -5.501773e-03 7.695493e+01 1.384905e-03 9.999989e-01 4.586996e-04 -1.747511e+00 5.501133e-03 -4.663123e-04 9.999848e-01 1.158785e+02
9.999934e-01 1.778660e-03 3.154189e-03 7.833038e+01 -1.776907e-03 9.999983e-01 -5.583900e-04 -1.751665e+00 -3.155176e-03 5.527823e-04 9.999949e-01 1.154817e+02
9.999882e-01 -1.138607e-03 -4.721814e-03 8.028250e+01 1.141094e-03 9.999992e-01 5.240573e-04 -1.765710e+00 4.721213e-03 -5.294399e-04 9.999887e-01 1.152897e+02
9.999911e-01 1.769332e-03 3.822364e-03 8.230798e+01 -1.767005e-03 9.999983e-01 -6.121521e-04 -1.792550e+00 -3.823440e-03 6.053932e-04 9.999925e-01 1.154124e+02
9.999767e-01 -1.580767e-03 -6.640438e-03 8.337014e+01 1.583615e-03 9.999987e-01 4.237838e-04 -1.785973e+00 6.639759e-03 -4.342905e-04 9.999779e-01 1.147774e+02
9.999927e-01 1.567058e-03 3.483606e-03 8.374161e+01 -1.565714e-03 9.999987e-01 -3.884227e-04 -1.777055e+00 -3.484209e-03 3.829662e-04 9.999939e-01 1.138939e+02
9.999786e-01 -1.351790e-03 -6.403836e-03 8.478417e+01 1.353366e-03 9.999991e-01 2.418225e-04 -1.771472e+00 6.403503e-03 -2.504848e-04 9.999795e-01 1.133295e+02
9.999915e-01 1.653460e-03 3.771065e-03 8.611485e+01 -1.652073e-03 9.999986e-01 -3.708268e-04 -1.765723e+00 -3.771673e-03 3.645943e-04 9.999928e-01 1.127587e+02
9.999832e-01 -1.153368e-03 -5.678404e-03 8.779038e+01 1.154944e-03 9.999993e-01 2.741991e-04 -1.773913e+00 5.678083e-03 -2.807534e-04 9.999838e-01 1.124449e+02
9.999913e-01 1.668744e-03 3.811664e-03 8.948457e+01 -1.667293e-03 9.999985e-01 -3.836656e-04 -1.784890e+00 -3.812298e-03 3.773079e-04 9.999927e-01 1.121941e+02
9.999861e-01 -1.177516e-03 -5.141659e-03 9.109173e+01 1.179221e-03 9.999993e-01 3.285412e-04 -1.812401e+00 5.141268e-03 -3.346005e-04 9.999867e-01 1.123637e+02
9.999969e-01 1.317346e-03 2.127597e-03 9.191862e+01 -1.316448e-03 9.999990e-01 -4.233380e-04 -1.808131e+00 -2.128153e-03 4.205365e-04 9.999976e-01 1.117874e+02
9.999852e-01 -1.267912e-03 -5.283346e-03 9.252234e+01 1.269913e-03 9.999991e-01 3.754366e-04 -1.801929e+00 5.282865e-03 -3.821411e-04 9.999860e-01 1.110992e+02
9.999962e-01 1.810880e-03 2.090013e-03 9.509469e+01 -1.809212e-03 9.999980e-01 -7.996559e-04 -1.743587e+00 -2.091457e-03 7.958723e-04 9.999975e-01 1.092868e+02
9.999925e-01 -1.082712e-03 -3.713274e-03 9.862479e+01 1.082350e-03 9.999994e-01 -9.942810e-05 -1.685655e+00 3.713379e-03 9.540759e-05 9.999931e-01 1.072760e+02
9.999982e-01 1.381788e-03 1.314867e-03 9.957448e+01 -1.381911e-03 9.999990e-01 9.234828e-05 -1.698495e+00 -1.314738e-03 -9.416444e-05 9.999991e-01 1.071840e+02
9.999866e-01 -1.327107e-03 -5.011171e-03 9.933609e+01 1.326647e-03 9.999991e-01 -9.512008e-05 -1.690473e+00 5.011293e-03 8.847004e-05 9.999874e-01 1.081659e+02
9.999986e-01 1.415599e-03 8.864595e-04 9.919822e+01 -1.415747e-03 9.999990e-01 1.672383e-04 -1.679311e+00 -8.862216e-04 -1.684924e-04 9.999996e-01 1.088753e+02
9.999921e-01 -1.183947e-03 -3.794826e-03 1.000894e+02 1.183115e-03 9.999993e-01 -2.213540e-04 -1.678397e+00 3.795085e-03 2.168618e-04 9.999928e-01 1.084618e+02
9.999987e-01 1.401806e-03 7.786674e-04 1.010958e+02 -1.401884e-03 9.999990e-01 9.934310e-05 -1.672094e+00 -7.785271e-04 -1.004339e-04 9.999997e-01 1.078528e+02
9.999938e-01 -1.078045e-03 -3.338253e-03 1.023911e+02 1.077047e-03 9.999994e-01 -3.008504e-04 -1.671801e+00 3.338575e-03 2.972524e-04 9.999944e-01 1.073379e+02
9.999985e-01 1.349681e-03 1.066077e-03 1.035546e+02 -1.349814e-03 9.999991e-01 1.240126e-04 -1.676363e+00 -1.065908e-03 -1.254508e-04 9.999994e-01 1.069213e+02
9.999903e-01 -1.320739e-03 -4.202105e-03 1.039160e+02 1.320583e-03 9.999991e-01 -3.998794e-05 -1.666743e+00 4.202154e-03 3.443763e-05 9.999912e-01 1.059417e+02
9.999985e-01 1.338927e-03 1.121286e-03 1.041317e+02 -1.339200e-03 9.999991e-01 2.433319e-04 -1.651459e+00 -1.120958e-03 -2.448325e-04 9.999993e-01 1.045988e+02
9.999900e-01 -1.294528e-03 -4.280795e-03 1.041387e+02 1.295167e-03 9.999992e-01 1.464596e-04 -1.638220e+00 4.280601e-03 -1.520031e-04 9.999908e-01 1.032031e+02
9.999985e-01 1.353957e-03 1.118814e-03 1.040829e+02 -1.354300e-03 9.999990e-01 3.061495e-04 -1.624312e+00 -1.118398e-03 -3.076636e-04 9.999993e-01 1.017465e+02
9.999895e-01 -1.287763e-03 -4.387171e-03 1.047367e+02 1.286298e-03 9.999991e-01 -3.367728e-04 -1.606612e+00 4.387601e-03 3.311253e-04 9.999903e-01 1.006554e+02
9.999983e-01 1.301848e-03 1.315065e-03 1.050247e+02 -1.302473e-03 9.999990e-01 4.747448e-04 -1.588595e+00 -1.314445e-03 -4.764561e-04 9.999990e-01 9.923533e+01
9.999892e-01 -1.271081e-03 -4.463021e-03 1.053001e+02 1.269687e-03 9.999991e-01 -3.151857e-04 -1.571412e+00 4.463417e-03 3.095150e-04 9.999900e-01 9.784957e+01
9.999982e-01 1.301211e-03 1.369206e-03 1.054169e+02 -1.302075e-03 9.999990e-01 6.302789e-04 -1.553796e+00 -1.368384e-03 -6.320598e-04 9.999989e-01 9.628954e+01
9.999894e-01 -1.274263e-03 -4.424200e-03 1.055671e+02 1.272758e-03 9.999991e-01 -3.428839e-04 -1.539019e+00 4.424633e-03 3.372487e-04 9.999902e-01 9.493154e+01
9.999982e-01 1.335761e-03 1.334998e-03 1.058268e+02 -1.336446e-03 9.999990e-01 5.122923e-04 -1.534685e+00 -1.334312e-03 -5.140748e-04 9.999990e-01 9.416985e+01
9.999892e-01 -1.289759e-03 -4.463903e-03 1.059872e+02 1.288505e-03 9.999991e-01 -2.838001e-04 -1.529441e+00 4.464264e-03 2.780446e-04 9.999900e-01 9.327483e+01
9.999982e-01 1.321068e-03 1.339400e-03 1.060712e+02 -1.321857e-03 9.999990e-01 5.880759e-04 -1.518402e+00 -1.338621e-03 -5.898447e-04 9.999989e-01 9.201743e+01
9.999888e-01 -1.229536e-03 -4.568882e-03 1.060567e+02 1.228765e-03 9.999992e-01 -1.716087e-04 -1.504502e+00 4.569089e-03 1.659920e-04 9.999895e-01 9.055529e+01
9.999981e-01 1.248105e-03 1.488456e-03 1.061504e+02 -1.248829e-03 9.999991e-01 4.856435e-04 -1.480864e+00 -1.487848e-03 -4.875007e-04 9.999988e-01 8.866728e+01
9.999887e-01 -1.252450e-03 -4.595520e-03 1.063351e+02 1.251107e-03 9.999992e-01 -2.951082e-04 -1.467373e+00 4.595886e-03 2.893547e-04 9.999894e-01 8.738869e+01
9.999983e-01 1.561274e-03 9.401735e-04 1.071511e+02 -1.561623e-03 9.999987e-01 3.713771e-04 -1.436470e+00 -9.395921e-04 -3.728440e-04 9.999995e-01 8.567920e+01
9.999915e-01 -1.510506e-03 -3.825529e-03 1.072518e+02 1.510448e-03 9.999989e-01 -1.801013e-05 -1.406689e+00 3.825551e-03 1.223102e-05 9.999927e-01 8.357090e+01
9.999986e-01 1.544453e-03 6.661685e-04 1.070391e+02 -1.544767e-03 9.999987e-01 4.708591e-04 -1.396677e+00 -6.654401e-04 -4.718868e-04 9.999997e-01 8.286233e+01
9.999914e-01 -1.532213e-03 -3.847865e-03 1.069637e+02 1.531397e-03 9.999988e-01 -2.149989e-04 -1.391049e+00 3.848190e-03 2.091037e-04 9.999926e-01 8.247821e+01
9.999985e-01 1.557572e-03 7.340501e-04 1.069142e+02 -1.557925e-03 9.999987e-01 4.802102e-04 -1.389172e+00 -7.333008e-04 -4.813524e-04 9.999996e-01 8.197311e+01
9.999913e-01 -1.514755e-03 -3.880035e-03 1.067861e+02 1.514846e-03 9.999989e-01 2.043589e-05 -1.377359e+00 3.880000e-03 -2.631406e-05 9.999925e-01 8.059031e+01
9.999985e-01 1.473347e-03 8.857891e-04 1.068034e+02 -1.473568e-03 9.999989e-01 2.487060e-04 -1.376321e+00 -8.854214e-04 -2.500102e-04 9.999996e-01 7.986868e+01
9.999921e-01 -1.353719e-03 -3.725663e-03 1.074388e+02 1.352756e-03 9.999991e-01 -2.608488e-04 -1.384692e+00 3.726012e-03 2.558061e-04 9.999930e-01 7.976533e+01
9.999984e-01 1.569857e-03 8.749549e-04 1.083233e+02 -1.570142e-03 9.999987e-01 3.257144e-04 -1.391828e+00 -8.744421e-04 -3.270870e-04 9.999996e-01 7.957908e+01
9.999918e-01 -1.383998e-03 -3.794783e-03 1.091304e+02 1.382729e-03 9.999990e-01 -3.370365e-04 -1.395351e+00 3.795245e-03 3.317859e-04 9.999927e-01 7.924549e+01
9.999988e-01 1.412622e-03 6.666583e-04 1.096204e+02 -1.412894e-03 9.999989e-01 4.078974e-04 -1.381130e+00 -6.660810e-04 -4.088381e-04 9.999997e-01 7.818673e+01
9.999918e-01 -1.414112e-03 -3.804142e-03 1.099224e+02 1.413385e-03 9.999990e-01 -1.937502e-04 -1.371346e+00 3.804412e-03 1.883712e-04 9.999927e-01 7.721213e+01
9.999979e-01 1.742100e-03 1.044152e-03 1.111039e+02 -1.742232e-03 9.999985e-01 1.256844e-04 -1.370307e+00 -1.043931e-03 -1.275026e-04 9.999994e-01 7.673747e+01
9.999935e-01 -1.386944e-03 -3.338527e-03 1.123685e+02 1.386243e-03 9.999990e-01 -2.123040e-04 -1.377396e+00 3.338818e-03 2.076739e-04 9.999944e-01 7.641717e+01
9.999977e-01 1.720614e-03 1.258948e-03 1.135085e+02 -1.720805e-03 9.999985e-01 1.503850e-04 -1.396854e+00 -1.258687e-03 -1.525504e-04 9.999992e-01 7.643027e+01
9.999928e-01 -1.526972e-03 -3.479286e-03 1.143267e+02 1.526369e-03 9.999988e-01 -1.758097e-04 -1.419152e+00 3.479550e-03 1.704970e-04 9.999939e-01 7.661327e+01
9.999986e-01 1.567217e-03 6.256610e-04 1.146599e+02 -1.567368e-03 9.999987e-01 2.407009e-04 -1.431709e+00 -6.252827e-04 -2.416805e-04 9.999998e-01 7.645941e+01
9.999920e-01 -1.581857e-03 -3.686705e-03 1.147537e+02 1.581906e-03 9.999987e-01 1.037254e-05 -1.428831e+00 3.686684e-03 -1.620517e-05 9.999932e-01 7.566791e+01
9.999986e-01 1.584899e-03 5.982751e-04 1.148917e+02 -1.585037e-03 9.999987e-01 2.302167e-04 -1.423161e+00 -5.979092e-04 -2.311640e-04 9.999998e-01 7.478120e+01
9.999922e-01 -1.582870e-03 -3.619413e-03 1.151066e+02 1.582597e-03 9.999987e-01 -7.833764e-05 -1.424943e+00 3.619532e-03 7.260827e-05 9.999934e-01 7.433380e+01
9.999984e-01 1.711061e-03 4.299521e-04 1.153836e+02 -1.711183e-03 9.999985e-01 2.839705e-04 -1.423932e+00 -4.294653e-04 -2.847051e-04 9.999999e-01 7.424048e+01
9.999992e-01 -6.043014e-04 -1.149078e-03 1.194766e+02 6.034859e-04 9.999996e-01 -7.097426e-04 -1.381746e+00 1.149507e-03 7.090478e-04 9.999991e-01 7.267615e+01
9.999897e-01 2.182932e-03 3.974560e-03 1.235150e+02 -2.185290e-03 9.999974e-01 5.890782e-04 -1.473220e+00 -3.973263e-03 -5.977570e-04 9.999919e-01 7.426801e+01
9.999861e-01 -1.857557e-03 -4.924717e-03 1.242473e+02 1.853240e-03 9.999979e-01 -8.809870e-04 -1.542439e+00 4.926343e-03 8.718474e-04 9.999875e-01 7.662049e+01
9.999968e-01 1.878266e-03 1.701478e-03 1.245474e+02 -1.880178e-03 9.999976e-01 1.122394e-03 -1.535273e+00 -1.699365e-03 -1.125589e-03 9.999979e-01 7.576890e+01
9.999868e-01 -1.894946e-03 -4.779771e-03 1.247230e+02 1.890599e-03 9.999978e-01 -9.138183e-04 -1.525310e+00 4.781491e-03 9.047689e-04 9.999882e-01 7.466327e+01
9.999944e-01 2.186279e-03 2.526976e-03 1.258503e+02 -2.188427e-03 9.999972e-01 8.478274e-04 -1.535577e+00 -2.525115e-03 -8.533521e-04 9.999964e-01 7.446641e+01
9.999817e-01 -2.161168e-03 -5.652305e-03 1.260415e+02 2.157816e-03 9.999975e-01 -5.990596e-04 -1.531491e+00 5.653585e-03 5.868513e-04 9.999838e-01 7.368616e+01
9.999947e-01 2.171441e-03 2.422216e-03 1.265470e+02 -2.172949e-03 9.999974e-01 6.203412e-04 -1.518360e+00 -2.420862e-03 -6.256006e-04 9.999969e-01 7.271456e+01
9.999837e-01 -1.963429e-03 -5.354440e-03 1.276617e+02 1.959626e-03 9.999978e-01 -7.151929e-04 -1.508555e+00 5.355833e-03 7.046878e-04 9.999854e-01 7.206012e+01
9.999879e-01 2.860657e-03 3.996784e-03 1.300472e+02 -2.863131e-03 9.999957e-01 6.134323e-04 -1.530256e+00 -3.995011e-03 -6.248675e-04 9.999918e-01 7.199819e+01
9.999866e-01 -2.171204e-03 -4.694444e-03 1.321376e+02 2.166890e-03 9.999972e-01 -9.237806e-04 -1.554823e+00 4.696436e-03 9.135952e-04 9.999886e-01 7.194260e+01
9.999918e-01 2.678044e-03 3.034334e-03 1.337312e+02 -2.680816e-03 9.999960e-01 9.096854e-04 -1.576910e+00 -3.031886e-03 -9.178118e-04 9.999950e-01 7.201703e+01
9.999867e-01 -1.863621e-03 -4.806185e-03 1.357244e+02 1.858866e-03 9.999978e-01 -9.936504e-04 -1.596874e+00 4.808026e-03 9.847025e-04 9.999880e-01 7.187399e+01
9.999806e-01 3.039101e-03 5.428982e-03 1.395440e+02 -3.042132e-03 9.999952e-01 5.501456e-04 -1.601093e+00 -5.427284e-03 -5.666499e-04 9.999851e-01 7.117724e+01
9.999880e-01 -1.602543e-03 -4.625933e-03 1.434669e+02 1.597920e-03 9.999982e-01 -1.002746e-03 -1.641146e+00 4.627532e-03 9.953417e-04 9.999888e-01 7.146687e+01
9.999951e-01 1.925542e-03 2.453839e-03 1.447164e+02 -1.927704e-03 9.999978e-01 8.791964e-04 -1.640012e+00 -2.452140e-03 -8.839217e-04 9.999966e-01 7.077532e+01
9.999828e-01 -1.887241e-03 -5.553302e-03 1.446256e+02 1.885095e-03 9.999981e-01 -3.917585e-04 -1.628025e+00 5.554031e-03 3.812826e-04 9.999845e-01 6.950895e+01
9.999947e-01 2.072917e-03 2.529269e-03 1.456585e+02 -2.073625e-03 9.999978e-01 2.774841e-04 -1.620376e+00 -2.528688e-03 -2.827267e-04 9.999968e-01 6.892980e+01
9.999848e-01 -1.778993e-03 -5.221899e-03 1.468024e+02 1.777339e-03 9.999984e-01 -3.211769e-04 -1.620730e+00 5.222461e-03 3.118903e-04 9.999863e-01 6.851107e+01
9.999903e-01 2.293989e-03 3.762322e-03 1.484283e+02 -2.294985e-03 9.999973e-01 2.602788e-04 -1.644069e+00 -3.761715e-03 -2.689100e-04 9.999929e-01 6.861050e+01
9.999813e-01 -1.880295e-03 -5.821634e-03 1.497255e+02 1.878498e-03 9.999982e-01 -3.141016e-04 -1.656206e+00 5.822214e-03 3.031591e-04 9.999830e-01 6.842179e+01
9.999947e-01 1.963181e-03 2.614464e-03 1.503980e+02 -1.964074e-03 9.999980e-01 3.389091e-04 -1.640137e+00 -2.613793e-03 -3.440416e-04 9.999965e-01 6.740123e+01
9.999814e-01 -1.924216e-03 -5.795206e-03 1.508986e+02 1.922858e-03 9.999981e-01 -2.398545e-04 -1.625811e+00 5.795656e-03 2.287060e-04 9.999832e-01 6.635953e+01
9.999935e-01 2.124523e-03 2.905351e-03 1.519400e+02 -2.124865e-03 9.999977e-01 1.146113e-04 -1.620427e+00 -2.905101e-03 -1.207833e-04 9.999958e-01 6.580501e+01
9.999861e-01 -1.708181e-03 -4.988787e-03 1.533588e+02 1.707200e-03 9.999985e-01 -2.008731e-04 -1.630302e+00 4.989123e-03 1.923528e-04 9.999875e-01 6.555096e+01
9.999930e-01 2.176168e-03 3.049228e-03 1.548884e+02 -2.176790e-03 9.999976e-01 2.007019e-04 -1.636476e+00 -3.048783e-03 -2.073373e-04 9.999953e-01 6.526262e+01
9.999837e-01 -1.840307e-03 -5.408900e-03 1.559604e+02 1.838013e-03 9.999982e-01 -4.290206e-04 -1.645103e+00 5.409679e-03 4.190713e-04 9.999853e-01 6.559574e+01
9.999895e-01 2.261744e-03 3.975324e-03 1.564122e+02 -2.262976e-03 9.999974e-01 3.054250e-04 -1.692496e+00 -3.974622e-03 -3.144171e-04 9.999921e-01 6.738004e+01
9.999781e-01 -2.047368e-03 -6.285790e-03 1.562077e+02 2.043315e-03 9.999977e-01 -6.511065e-04 -1.707522e+00 6.287109e-03 6.382477e-04 9.999800e-01 6.937933e+01
9.999930e-01 2.182561e-03 3.054866e-03 1.556445e+02 -2.186061e-03 9.999970e-01 1.142819e-03 -1.689275e+00 -3.052362e-03 -1.149488e-03 9.999947e-01 6.912705e+01
9.999794e-01 -2.043463e-03 -6.078908e-03 1.558701e+02 2.038211e-03 9.999975e-01 -8.700065e-04 -1.671069e+00 6.080671e-03 8.575979e-04 9.999811e-01 6.803363e+01
9.999879e-01 2.509132e-03 4.234937e-03 1.572044e+02 -2.513050e-03 9.999964e-01 9.203707e-04 -1.697935e+00 -4.232613e-03 -9.310015e-04 9.999906e-01 6.831412e+01
9.999880e-01 -1.651507e-03 -4.612246e-03 1.595655e+02 1.646941e-03 9.999982e-01 -9.934611e-04 -1.742454e+00 4.613878e-03 9.858524e-04 9.999889e-01 6.883000e+01
9.999879e-01 2.419429e-03 4.277897e-03 1.618227e+02 -2.423397e-03 9.999966e-01 9.226482e-04 -1.779585e+00 -4.275650e-03 -9.330034e-04 9.999904e-01 6.920707e+01
9.999867e-01 -1.704612e-03 -4.858189e-03 1.628650e+02 1.700065e-03 9.999981e-01 -9.399746e-04 -1.861873e+00 4.859782e-03 9.317022e-04 9.999878e-01 7.132620e+01
9.999883e-01 2.254665e-03 4.279864e-03 1.641135e+02 -2.258687e-03 9.999970e-01 9.351708e-04 -1.943038e+00 -4.277742e-03 -9.448261e-04 9.999904e-01 7.322845e+01
9.999813e-01 -1.701346e-03 -5.879048e-03 1.658506e+02 1.695438e-03 9.999981e-01 -1.009709e-03 -1.959655e+00 5.880754e-03 9.997220e-04 9.999822e-01 7.313197e+01
9.999932e-01 1.899645e-03 3.159666e-03 1.668644e+02 -1.902675e-03 9.999977e-01 9.560265e-04 -1.958303e+00 -3.157842e-03 -9.620311e-04 9.999946e-01 7.266988e+01
9.999789e-01 -1.896726e-03 -6.205162e-03 1.672674e+02 1.891410e-03 9.999978e-01 -8.624774e-04 -1.954632e+00 6.206784e-03 8.507221e-04 9.999804e-01 7.205424e+01
9.999912e-01 2.091484e-03 3.642439e-03 1.681663e+02 -2.094549e-03 9.999975e-01 8.380214e-04 -1.963972e+00 -3.640677e-03 -8.456426e-04 9.999930e-01 7.189679e+01
9.999813e-01 -1.768574e-03 -5.860423e-03 1.692794e+02 1.763479e-03 9.999981e-01 -8.743103e-04 -1.984002e+00 5.861958e-03 8.639585e-04 9.999824e-01 7.199308e+01
9.999862e-01 2.283894e-03 4.723303e-03 1.708753e+02 -2.287884e-03 9.999970e-01 8.396128e-04 -2.020539e+00 -4.721371e-03 -8.504070e-04 9.999885e-01 7.242603e+01
9.999722e-01 -2.084067e-03 -7.166159e-03 1.717015e+02 2.077414e-03 9.999974e-01 -9.357769e-04 -2.032083e+00 7.168090e-03 9.208631e-04 9.999739e-01 7.226313e+01
9.999877e-01 2.261354e-03 4.406528e-03 1.724981e+02 -2.265159e-03 9.999971e-01 8.587346e-04 -2.040302e+00 -4.404573e-03 -8.687049e-04 9.999899e-01 7.203135e+01
9.999823e-01 -1.739945e-03 -5.680895e-03 1.740968e+02 1.735041e-03 9.999981e-01 -8.681595e-04 -2.072343e+00 5.682394e-03 8.582869e-04 9.999835e-01 7.236059e+01
9.999906e-01 2.105319e-03 3.797672e-03 1.753125e+02 -2.108655e-03 9.999974e-01 8.747388e-04 -2.096760e+00 -3.795821e-03 -8.827378e-04 9.999924e-01 7.254507e+01
9.999824e-01 -1.599990e-03 -5.719667e-03 1.769300e+02 1.594878e-03 9.999983e-01 -8.980975e-04 -2.113195e+00 5.721094e-03 8.889588e-04 9.999832e-01 7.250336e+01
9.999841e-01 2.318448e-03 5.136154e-03 1.790783e+02 -2.322822e-03 9.999969e-01 8.457826e-04 -2.144656e+00 -5.134177e-03 -8.576989e-04 9.999865e-01 7.278906e+01
9.999848e-01 -1.226523e-03 -5.374054e-03 1.820544e+02 1.222714e-03 9.999990e-01 -7.120585e-04 -2.181515e+00 5.374922e-03 7.054761e-04 9.999853e-01 7.323261e+01
9.999842e-01 2.289493e-03 5.130171e-03 1.853142e+02 -2.291987e-03 9.999973e-01 4.803387e-04 -2.198880e+00 -5.129057e-03 -4.920887e-04 9.999867e-01 7.318087e+01
9.999841e-01 -1.464151e-03 -5.438440e-03 1.872222e+02 1.461801e-03 9.999988e-01 -4.359495e-04 -2.273992e+00 5.439071e-03 4.279919e-04 9.999851e-01 7.493521e+01
9.999872e-01 2.124042e-03 4.593396e-03 1.890421e+02 -2.126171e-03 9.999976e-01 4.587355e-04 -2.324088e+00 -4.592411e-03 -4.684953e-04 9.999893e-01 7.582850e+01
9.999865e-01 -7.894774e-04 -5.134078e-03 1.926523e+02 7.873647e-04 9.999996e-01 -4.134721e-04 -2.344831e+00 5.134402e-03 4.094234e-04 9.999867e-01 7.581387e+01
9.999751e-01 2.416178e-03 6.626519e-03 1.974439e+02 -2.416061e-03 9.999971e-01 -2.564848e-05 -2.355706e+00 -6.626561e-03 9.638458e-06 9.999780e-01 7.541605e+01
9.999593e-01 -1.854365e-03 -8.832339e-03 1.991102e+02 1.852993e-03 9.999983e-01 -1.633924e-04 -2.352768e+00 8.832626e-03 1.470188e-04 9.999610e-01 7.489362e+01
9.999771e-01 2.572481e-03 6.254139e-03 2.013776e+02 -2.572248e-03 9.999967e-01 -4.518631e-05 -2.322903e+00 -6.254234e-03 2.909876e-05 9.999804e-01 7.369409e+01
9.999662e-01 -2.014698e-03 -7.966949e-03 2.032839e+02 2.013748e-03 9.999980e-01 -1.272576e-04 -2.325877e+00 7.967189e-03 1.112092e-04 9.999683e-01 7.328538e+01
9.999765e-01 2.511775e-03 6.381146e-03 2.047539e+02 -2.513015e-03 9.999968e-01 1.863578e-04 -2.365096e+00 -6.380657e-03 -2.023886e-04 9.999796e-01 7.382615e+01
9.999593e-01 -2.188081e-03 -8.753002e-03 2.057695e+02 2.186260e-03 9.999976e-01 -2.176699e-04 -2.378826e+00 8.753457e-03 1.985240e-04 9.999617e-01 7.384814e+01
9.999806e-01 2.242366e-03 5.810743e-03 2.061479e+02 -2.243792e-03 9.999975e-01 2.389243e-04 -2.378000e+00 -5.810192e-03 -2.519571e-04 9.999831e-01 7.337026e+01
9.999620e-01 -2.069761e-03 -8.470739e-03 2.069549e+02 2.067341e-03 9.999978e-01 -2.944160e-04 -2.387434e+00 8.471330e-03 2.768922e-04 9.999641e-01 7.318485e+01
9.999747e-01 2.486466e-03 6.665415e-03 2.082636e+02 -2.488610e-03 9.999969e-01 3.134131e-04 -2.415426e+00 -6.664615e-03 -3.299921e-04 9.999777e-01 7.349750e+01
9.999631e-01 -2.056677e-03 -8.336701e-03 2.093588e+02 2.054646e-03 9.999979e-01 -2.520770e-04 -2.464030e+00 8.337201e-03 2.349380e-04 9.999652e-01 7.452849e+01
9.999737e-01 2.445391e-03 6.826108e-03 2.105739e+02 -2.447269e-03 9.999970e-01 2.669071e-04 -2.505663e+00 -6.825435e-03 -2.836048e-04 9.999767e-01 7.519160e+01
9.999532e-01 -2.188432e-03 -9.426740e-03 2.117747e+02 2.185331e-03 9.999976e-01 -3.391442e-04 -2.505812e+00 9.427459e-03 3.185271e-04 9.999555e-01 7.478945e+01
9.999778e-01 2.359082e-03 6.226883e-03 2.129658e+02 -2.360385e-03 9.999972e-01 2.020325e-04 -2.483123e+00 -6.226389e-03 -2.167252e-04 9.999806e-01 7.381211e+01
