9.999962e-01 2.121592e-04 -2.736908e-03 4.161648e-01 -2.120377e-04 1.000000e+00 4.469284e-05 -3.466510e-02 2.736917e-03 -4.411306e-05 9.999963e-01 9.748682e-01
1.000000e+00 -7.174077e-05 -3.702944e-05 8.759936e-01 7.174107e-05 1.000000e+00 7.482295e-06 -6.474529e-02 3.702924e-05 -7.484239e-06 1.000000e+00 1.583050e+00
9.999963e-01 1.991188e-04 -2.699264e-03 1.377382e+00 -1.989723e-04 1.000000e+00 5.455739e-05 -8.230561e-02 2.699274e-03 -5.402082e-05 9.999964e-01 1.634502e+00
1.000000e+00 -8.481265e-05 -1.034943e-04 1.929524e+00 8.481079e-05 1.000000e+00 -1.819925e-05 -9.675604e-02 1.034961e-04 1.819119e-05 1.000000e+00 1.601752e+00
9.999971e-01 2.307898e-04 -2.398463e-03 2.549148e+00 -2.307094e-04 1.000000e+00 3.382109e-05 -1.173045e-01 2.398471e-03 -3.326835e-05 9.999971e-01 1.698894e+00
9.999997e-01 -2.171117e-04 -6.837416e-04 2.992600e+00 2.170832e-04 1.000000e+00 -4.186298e-05 -1.154893e-01 6.837510e-04 4.171526e-05 9.999998e-01 1.112866e+00
9.999964e-01 2.763523e-04 -2.678901e-03 3.427370e+00 -2.759878e-04 1.000000e+00 1.364757e-04 -1.048147e-01 2.678939e-03 -1.357366e-04 9.999964e-01 2.268016e-01
9.999999e-01 -2.269333e-04 -4.581079e-04 3.786837e+00 2.269347e-04 1.000000e+00 3.001410e-06 -8.203680e-02 4.581075e-04 -3.104658e-06 9.999999e-01 -1.349936e+00
9.999961e-01 3.094981e-04 -2.792948e-03 4.107271e+00 -3.090338e-04 9.999999e-01 1.666676e-04 -6.842761e-02 2.792999e-03 -1.658045e-04 9.999961e-01 -2.487652e+00
9.999999e-01 -2.286364e-04 -2.758520e-04 4.420126e+00 2.286195e-04 1.000000e+00 -6.133335e-05 -6.140690e-02 2.758663e-04 6.127099e-05 1.000000e+00 -3.174775e+00
9.999944e-01 4.533244e-04 -3.323916e-03 4.885694e+00 -4.524119e-04 9.999999e-01 2.752733e-04 -3.155586e-02 3.324040e-03 -2.737687e-04 9.999944e-01 -4.947346e+00
1.000000e+00 -7.983801e-05 -2.455295e-04 5.813689e+00 7.976928e-05 1.000000e+00 -2.800520e-04 1.951245e-02 2.455522e-04 2.800331e-04 9.999999e-01 -7.435903e+00
9.999969e-01 6.739202e-05 -2.491274e-03 6.119981e+00 -6.631667e-05 9.999999e-01 4.317442e-04 4.629970e-02 2.491302e-03 -4.315783e-04 9.999968e-01 -9.195475e+00
9.999998e-01 1.654550e-04 -5.246749e-04 6.882075e+00 -1.656639e-04 9.999999e-01 -3.980783e-04 5.051265e-02 5.246093e-04 3.981659e-04 9.999998e-01 -9.789342e+00
9.999967e-01 2.615974e-04 -2.550061e-03 8.500136e+00 -2.606214e-04 9.999999e-01 3.830941e-04 8.984691e-02 2.550160e-03 -3.824290e-04 9.999967e-01 -1.122063e+01
9.999999e-01 5.232516e-04 -1.451663e-04 1.144777e+01 -5.233485e-04 9.999996e-01 -6.682782e-04 1.436189e-01 1.448169e-04 6.683547e-04 9.999998e-01 -1.294440e+01
9.999953e-01 4.686878e-04 -3.036073e-03 1.636770e+01 -4.685714e-04 9.999999e-01 3.905456e-05 3.176862e-01 3.036091e-03 -3.763247e-05 9.999954e-01 -1.812326e+01
9.999998e-01 5.841341e-04 1.224321e-04 2.126069e+01 -5.840609e-04 9.999997e-01 -5.968443e-04 4.992009e-01 -1.227803e-04 5.967734e-04 9.999998e-01 -2.359383e+01
9.999956e-01 3.395418e-04 -2.933460e-03 2.531910e+01 -3.387371e-04 9.999999e-01 2.748371e-04 6.425519e-01 2.933553e-03 -2.738430e-04 9.999957e-01 -2.791058e+01
9.999997e-01 7.086592e-04 -1.210926e-04 3.028181e+01 -7.087658e-04 9.999994e-01 -8.822940e-04 8.301374e-01 1.204676e-04 8.823803e-04 9.999996e-01 -3.360707e+01
9.999961e-01 3.733160e-04 -2.761960e-03 3.549595e+01 -3.726900e-04 9.999999e-01 2.271588e-04 1.024262e+00 2.762044e-03 -2.261293e-04 9.999962e-01 -3.947463e+01
9.999997e-01 7.657916e-04 -2.037144e-04 4.048234e+01 -7.659434e-04 9.999994e-01 -7.465771e-04 1.205895e+00 2.031429e-04 7.467336e-04 9.999997e-01 -4.494655e+01
9.999960e-01 4.121121e-04 -2.801864e-03 4.610326e+01 -4.123488e-04 9.999999e-01 -8.390950e-05 1.400859e+00 2.801829e-03 8.506380e-05 9.999961e-01 -5.062871e+01
9.999996e-01 7.368401e-04 4.548126e-04 5.125125e+01 -7.365411e-04 9.999995e-01 -6.571077e-04 1.550452e+00 -4.552962e-04 6.567732e-04 9.999997e-01 -5.501208e+01
9.999935e-01 3.773566e-04 -3.576962e-03 5.585341e+01 -3.765769e-04 9.999999e-01 2.186612e-04 1.713298e+00 3.577044e-03 -2.173135e-04 9.999936e-01 -5.991464e+01
9.999994e-01 8.192604e-04 6.736293e-04 6.119769e+01 -8.186716e-04 9.999993e-01 -8.737496e-04 1.911872e+00 -6.743443e-04 8.731983e-04 9.999994e-01 -6.592601e+01
9.999933e-01 5.779196e-04 -3.614283e-03 6.742128e+01 -5.781014e-04 9.999998e-01 -4.923884e-05 2.127274e+00 3.614254e-03 5.132722e-05 9.999935e-01 -7.226042e+01
9.999996e-01 7.347543e-04 5.809365e-04 7.287151e+01 -7.343665e-04 9.999995e-01 -6.674635e-04 2.327105e+00 -5.814263e-04 6.670373e-04 9.999996e-01 -7.824770e+01
9.999934e-01 3.628154e-04 -3.615737e-03 7.803154e+01 -3.630838e-04 9.999999e-01 -7.358014e-05 2.520127e+00 3.615709e-03 7.489176e-05 9.999935e-01 -8.415450e+01
9.999992e-01 8.898950e-04 8.699744e-04 8.330918e+01 -8.894197e-04 9.999995e-01 -5.464335e-04 2.702657e+00 -8.704599e-04 5.456600e-04 9.999995e-01 -8.959494e+01
9.999961e-01 6.123619e-04 -2.733637e-03 8.873128e+01 -6.132737e-04 9.999998e-01 -3.327018e-04 2.837278e+00 2.733432e-03 3.343763e-04 9.999962e-01 -9.372398e+01
9.999998e-01 6.833950e-04 -8.347539e-05 9.356725e+01 -6.834134e-04 9.999997e-01 -2.212420e-04 2.986607e+00 8.332450e-05 2.212998e-04 1.000000e+00 -9.828715e+01
9.999978e-01 6.214681e-04 -1.987988e-03 9.836116e+01 -6.222322e-04 9.999997e-01 -3.837509e-04 3.115496e+00 1.987749e-03 3.849863e-04 9.999980e-01 -1.022116e+02
9.999997e-01 8.106970e-04 7.970462e-05 1.027275e+02 -8.107008e-04 9.999997e-01 4.874890e-05 3.222473e+00 -7.966474e-05 -4.881279e-05 1.000000e+00 -1.053035e+02
9.999970e-01 5.278470e-04 -2.373012e-03 1.067377e+02 -5.285749e-04 9.999998e-01 -3.061155e-04 3.348675e+00 2.372850e-03 3.073682e-04 9.999971e-01 -1.087913e+02
9.999993e-01 9.142989e-04 8.135134e-04 1.112684e+02 -9.141379e-04 9.999996e-01 -1.981505e-04 3.458565e+00 -8.136939e-04 1.974074e-04 9.999996e-01 -1.119349e+02
9.999958e-01 4.159857e-04 -2.885086e-03 1.142467e+02 -4.154387e-04 9.999999e-01 1.902013e-04 3.573658e+00 2.885165e-03 -1.890026e-04 9.999958e-01 -1.140341e+02
9.999986e-01 1.151761e-03 1.247662e-03 1.191245e+02 -1.151010e-03 9.999992e-01 -6.026501e-04 3.694315e+00 -1.248355e-03 6.012139e-04 9.999990e-01 -1.173734e+02
9.999976e-01 5.608037e-04 -2.105646e-03 1.247727e+02 -5.610090e-04 9.999998e-01 -9.688141e-05 3.800885e+00 2.105591e-03 9.806175e-05 9.999978e-01 -1.204535e+02
9.999961e-01 1.590811e-03 2.278842e-03 1.321390e+02 -1.588477e-03 9.999982e-01 -1.025327e-03 3.902835e+00 -2.280469e-03 1.021704e-03 9.999969e-01 -1.236616e+02
9.999983e-01 7.873402e-04 -1.659811e-03 1.411203e+02 -7.875673e-04 9.999997e-01 -1.361710e-04 4.065570e+00 1.659703e-03 1.374773e-04 9.999986e-01 -1.283843e+02
9.999959e-01 1.594154e-03 2.392102e-03 1.506466e+02 -1.590878e-03 9.999978e-01 -1.370637e-03 4.238992e+00 -2.394281e-03 1.366826e-03 9.999962e-01 -1.333962e+02
9.999949e-01 8.317549e-04 -3.081833e-03 1.603113e+02 -8.318709e-04 9.999997e-01 -3.633726e-05 4.457606e+00 3.081801e-03 3.890004e-05 9.999953e-01 -1.392501e+02
9.999969e-01 1.226331e-03 2.163475e-03 1.691006e+02 -1.223348e-03 9.999983e-01 -1.379441e-03 4.657451e+00 -2.165162e-03 1.376791e-03 9.999967e-01 -1.446778e+02
9.999979e-01 3.959452e-04 -2.005868e-03 1.747884e+02 -3.945983e-04 9.999997e-01 6.718452e-04 4.731337e+00 2.006133e-03 -6.710530e-04 9.999978e-01 -1.471379e+02
9.999986e-01 1.210082e-03 1.176291e-03 1.802148e+02 -1.209213e-03 9.999990e-01 -7.389564e-04 4.834767e+00 -1.177183e-03 7.375336e-04 9.999990e-01 -1.504563e+02
9.999941e-01 1.600861e-04 -3.430014e-03 1.852943e+02 -1.574430e-04 9.999997e-01 7.708563e-04 5.017831e+00 3.430136e-03 -7.703124e-04 9.999938e-01 -1.560885e+02
9.999989e-01 7.005030e-04 1.297939e-03 1.874745e+02 -7.005217e-04 9.999998e-01 1.405543e-05 5.186216e+00 -1.297928e-03 -1.496393e-05 9.999992e-01 -1.609659e+02
9.999961e-01 8.065931e-06 -2.791643e-03 1.906674e+02 -9.629442e-06 9.999998e-01 -5.600314e-04 5.254335e+00 2.791638e-03 5.600554e-04 9.999959e-01 -1.634891e+02
9.999998e-01 4.559252e-04 5.372070e-04 1.913587e+02 -4.564775e-04 9.999994e-01 1.028677e-03 5.267884e+00 -5.367374e-04 -1.028921e-03 9.999993e-01 -1.641718e+02
9.999980e-01 -8.664926e-05 -1.993911e-03 1.924713e+02 8.474444e-05 9.999995e-01 -9.553476e-04 5.263261e+00 1.993993e-03 9.551760e-04 9.999976e-01 -1.648868e+02
9.999999e-01 3.972088e-04 3.603800e-04 1.933228e+02 -3.975872e-04 9.999994e-01 1.050758e-03 5.210709e+00 -3.599621e-04 -1.050900e-03 9.999994e-01 -1.635930e+02
9.999948e-01 -2.499065e-04 -3.229702e-03 1.939892e+02 2.468309e-04 9.999995e-01 -9.526247e-04 5.205466e+00 3.229938e-03 9.518218e-04 9.999943e-01 -1.638557e+02
9.999999e-01 2.922810e-04 3.533930e-04 1.943734e+02 -2.926727e-04 9.999993e-01 1.109257e-03 5.199274e+00 -3.530682e-04 -1.109360e-03 9.999993e-01 -1.642042e+02
9.999939e-01 -2.532967e-04 -3.471677e-03 1.940482e+02 2.503214e-04 9.999996e-01 -8.574122e-04 5.201723e+00 3.471893e-03 8.565372e-04 9.999936e-01 -1.638796e+02
9.999994e-01 4.468500e-04 1.008596e-03 1.942871e+02 -4.477284e-04 9.999995e-01 8.709626e-04 5.170219e+00 -1.008206e-03 -8.714129e-04 9.999991e-01 -1.627489e+02
9.999950e-01 -2.178317e-04 -3.165855e-03 1.946686e+02 2.148699e-04 9.999995e-01 -9.358120e-04 5.130426e+00 3.166057e-03 9.351264e-04 9.999946e-01 -1.615654e+02
9.999986e-01 6.096250e-04 1.530744e-03 1.960293e+02 -6.111596e-04 9.999993e-01 1.002295e-03 5.104026e+00 -1.530132e-03 -1.003228e-03 9.999983e-01 -1.612809e+02
9.999964e-01 -1.067262e-04 -2.678762e-03 1.977838e+02 1.039706e-04 9.999995e-01 -1.028783e-03 5.082808e+00 2.678870e-03 1.028500e-03 9.999959e-01 -1.611933e+02
9.999999e-01 1.179360e-04 -4.284682e-04 1.975707e+02 -1.173611e-04 9.999991e-01 1.341193e-03 5.085286e+00 4.286263e-04 -1.341142e-03 9.999990e-01 -1.611056e+02
9.999963e-01 -1.154353e-04 -2.705294e-03 1.971353e+02 1.130085e-04 9.999996e-01 -8.971548e-04 5.104694e+00 2.705396e-03 8.968451e-04 9.999959e-01 -1.613973e+02
9.999999e-01 1.018895e-04 -4.210854e-04 1.968087e+02 -1.013516e-04 9.999992e-01 1.277160e-03 5.118765e+00 4.212155e-04 -1.277116e-03 9.999991e-01 -1.616545e+02
9.999963e-01 -9.900455e-05 -2.703786e-03 1.969076e+02 9.621322e-05 9.999995e-01 -1.032461e-03 5.119689e+00 2.703886e-03 1.032196e-03 9.999958e-01 -1.618418e+02
9.999999e-01 1.007183e-04 -3.211975e-04 1.970056e+02 -1.003135e-04 9.999992e-01 1.259587e-03 5.119128e+00 3.213244e-04 -1.259554e-03 9.999992e-01 -1.619854e+02
9.999966e-01 -1.025075e-04 -2.623743e-03 1.969865e+02 9.974853e-05 9.999994e-01 -1.051631e-03 5.115918e+00 2.623849e-03 1.051365e-03 9.999960e-01 -1.619782e+02
9.999992e-01 6.343120e-04 1.127851e-03 1.988469e+02 -6.354981e-04 9.999992e-01 1.051701e-03 5.096123e+00 -1.127183e-03 -1.052416e-03 9.999988e-01 -1.619385e+02
9.999982e-01 -3.233136e-05 -1.874388e-03 2.007890e+02 3.024823e-05 9.999994e-01 -1.111339e-03 5.071383e+00 1.874423e-03 1.111280e-03 9.999976e-01 -1.618221e+02
9.999995e-01 1.299743e-04 -9.451004e-04 2.012523e+02 -1.288045e-04 9.999992e-01 1.237648e-03 5.063624e+00 9.452608e-04 -1.237525e-03 9.999988e-01 -1.620389e+02
9.999986e-01 1.920628e-05 -1.664939e-03 2.019290e+02 -2.119744e-05 9.999993e-01 -1.195877e-03 5.051625e+00 1.664915e-03 1.195909e-03 9.999979e-01 -1.621498e+02
9.999999e-01 2.759940e-04 -4.322099e-04 2.029011e+02 -2.754647e-04 9.999992e-01 1.224021e-03 5.029317e+00 4.325477e-04 -1.223901e-03 9.999992e-01 -1.620269e+02
9.999978e-01 -4.275927e-05 -2.102879e-03 2.036404e+02 4.044306e-05 9.999994e-01 -1.101436e-03 5.013082e+00 2.102924e-03 1.101348e-03 9.999972e-01 -1.620235e+02
9.999996e-01 1.869674e-06 -9.428252e-04 2.038131e+02 -6.486420e-07 9.999992e-01 1.294984e-03 5.018655e+00 9.428271e-04 -1.294982e-03 9.999987e-01 -1.629172e+02
9.999984e-01 1.235257e-05 -1.803159e-03 2.043255e+02 -1.479252e-05 9.999991e-01 -1.353100e-03 5.012378e+00 1.803141e-03 1.353123e-03 9.999975e-01 -1.632411e+02
9.999991e-01 1.465225e-05 -1.340578e-03 2.046105e+02 -1.259589e-05 9.999988e-01 1.533865e-03 5.013630e+00 1.340599e-03 -1.533846e-03 9.999979e-01 -1.638953e+02
9.999987e-01 -2.745838e-05 -1.604571e-03 2.049984e+02 2.512342e-05 9.999989e-01 -1.455138e-03 5.014879e+00 1.604608e-03 1.455095e-03 9.999977e-01 -1.645059e+02
9.999991e-01 9.551048e-05 -1.337346e-03 2.053859e+02 -9.341381e-05 9.999988e-01 1.567689e-03 5.008772e+00 1.337494e-03 -1.567562e-03 9.999979e-01 -1.648790e+02
9.999987e-01 -8.398750e-05 -1.619860e-03 2.056819e+02 8.170387e-05 9.999990e-01 -1.409725e-03 5.008738e+00 1.619976e-03 1.409590e-03 9.999977e-01 -1.654880e+02
9.999988e-01 8.005412e-05 -1.524174e-03 2.058991e+02 -7.752346e-05 9.999986e-01 1.660271e-03 5.018500e+00 1.524305e-03 -1.660150e-03 9.999975e-01 -1.665423e+02
9.999987e-01 -5.133080e-05 -1.640120e-03 2.060451e+02 4.907632e-05 9.999991e-01 -1.374536e-03 5.024926e+00 1.640189e-03 1.374453e-03 9.999977e-01 -1.675059e+02
9.999990e-01 2.858975e-05 -1.387057e-03 2.064376e+02 -2.651181e-05 9.999989e-01 1.498018e-03 5.033615e+00 1.387099e-03 -1.497979e-03 9.999979e-01 -1.683586e+02
9.999991e-01 1.412944e-04 -1.332400e-03 2.070845e+02 -1.431995e-04 9.999990e-01 -1.429789e-03 5.020165e+00 1.332197e-03 1.429978e-03 9.999981e-01 -1.683708e+02
9.999990e-01 7.668994e-06 -1.435273e-03 2.074817e+02 -5.395137e-06 9.999987e-01 1.584197e-03 5.006032e+00 1.435284e-03 -1.584187e-03 9.999977e-01 -1.683204e+02
9.999990e-01 -2.376862e-05 -1.439096e-03 2.075271e+02 2.181160e-05 9.999991e-01 -1.359828e-03 5.005543e+00 1.439127e-03 1.359794e-03 9.999980e-01 -1.686967e+02
9.999988e-01 4.886720e-05 -1.539883e-03 2.076785e+02 -4.647051e-05 9.999988e-01 1.556345e-03 5.000629e+00 1.539958e-03 -1.556271e-03 9.999976e-01 -1.688510e+02
9.999989e-01 -3.872907e-05 -1.461453e-03 2.075237e+02 3.675771e-05 9.999991e-01 -1.348841e-03 5.002742e+00 1.461504e-03 1.348785e-03 9.999980e-01 -1.687127e+02
9.999989e-01 2.679541e-04 -1.481630e-03 2.076954e+02 -2.659757e-04 9.999991e-01 1.335261e-03 4.991274e+00 1.481987e-03 -1.334865e-03 9.999980e-01 -1.678296e+02
9.999989e-01 -1.608613e-04 -1.478426e-03 2.077443e+02 1.589351e-04 9.999991e-01 -1.302842e-03 4.984285e+00 1.478634e-03 1.302604e-03 9.999981e-01 -1.671877e+02
9.999984e-01 1.404139e-04 -1.766068e-03 2.075363e+02 -1.375573e-04 9.999987e-01 1.617441e-03 4.990709e+00 1.766293e-03 -1.617195e-03 9.999971e-01 -1.672586e+02
9.999993e-01 -4.082357e-05 -1.185054e-03 2.078755e+02 3.900900e-05 9.999988e-01 -1.531113e-03 4.973849e+00 1.185115e-03 1.531065e-03 9.999981e-01 -1.669589e+02
9.999983e-01 1.142585e-04 -1.866005e-03 2.082247e+02 -1.110793e-04 9.999985e-01 1.703685e-03 4.962001e+00 1.866197e-03 -1.703474e-03 9.999968e-01 -1.666710e+02
9.999993e-01 -3.164858e-05 -1.192580e-03 2.087339e+02 2.968657e-05 9.999986e-01 -1.645070e-03 4.955626e+00 1.192631e-03 1.645032e-03 9.999979e-01 -1.666321e+02
9.999983e-01 1.696267e-04 -1.818614e-03 2.093141e+02 -1.663303e-04 9.999983e-01 1.812505e-03 4.942997e+00 1.818919e-03 -1.812198e-03 9.999967e-01 -1.664007e+02
1.000000e+00 2.881742e-04 8.687595e-05 2.110197e+02 -2.880178e-04 9.999983e-01 -1.796610e-03 4.929950e+00 -8.739385e-05 1.796584e-03 9.999984e-01 -1.664567e+02
9.999982e-01 1.326574e-04 -1.880651e-03 2.125827e+02 -1.293185e-04 9.999984e-01 1.775327e-03 4.917015e+00 1.880884e-03 -1.775080e-03 9.999967e-01 -1.664998e+02
9.999996e-01 -6.063406e-06 -8.642589e-04 2.132931e+02 4.658549e-06 9.999987e-01 -1.625370e-03 4.906506e+00 8.642673e-04 1.625365e-03 9.999983e-01 -1.664886e+02
9.999994e-01 5.741785e-04 -9.512348e-04 2.152622e+02 -5.726279e-04 9.999985e-01 1.629524e-03 4.905173e+00 9.521693e-04 -1.628978e-03 9.999982e-01 -1.668694e+02
9.999987e-01 -3.172524e-04 -1.606359e-03 2.163073e+02 3.147186e-04 9.999987e-01 -1.577285e-03 4.897522e+00 1.606857e-03 1.576776e-03 9.999975e-01 -1.670003e+02
9.999983e-01 4.211460e-04 -1.810492e-03 2.165739e+02 -4.180537e-04 9.999985e-01 1.707971e-03 4.905497e+00 1.811208e-03 -1.707211e-03 9.999969e-01 -1.668564e+02
9.999993e-01 -1.636699e-04 -1.170670e-03 2.177251e+02 1.618286e-04 9.999988e-01 -1.572665e-03 4.903136e+00 1.170926e-03 1.572474e-03 9.999981e-01 -1.669650e+02
9.999998e-01 6.483423e-04 -1.607382e-04 2.193618e+02 -6.480774e-04 9.999984e-01 1.641649e-03 4.878749e+00 1.618026e-04 -1.641544e-03 9.999986e-01 -1.668042e+02
9.999989e-01 -6.147456e-05 -1.486051e-03 2.212953e+02 5.897688e-05 9.999986e-01 -1.680653e-03 4.871781e+00 1.486151e-03 1.680563e-03 9.999975e-01 -1.670682e+02
9.999997e-01 6.567182e-04 -5.059404e-04 2.236717e+02 -6.559281e-04 9.999986e-01 1.560063e-03 4.895497e+00 5.069645e-04 -1.559730e-03 9.999987e-01 -1.680186e+02
9.999996e-01 2.763559e-04 -8.250923e-04 2.271287e+02 -2.778085e-04 9.999984e-01 -1.760780e-03 4.925118e+00 8.246041e-04 1.761007e-03 9.999981e-01 -1.691762e+02
9.999998e-01 5.547827e-04 -3.910887e-04 2.300766e+02 -5.541490e-04 9.999985e-01 1.618394e-03 4.935777e+00 3.919863e-04 -1.618176e-03 9.999986e-01 -1.699008e+02
9.999980e-01 -3.072503e-04 -1.951329e-03 2.313618e+02 3.041732e-04 9.999987e-01 -1.576974e-03 4.932760e+00 1.951811e-03 1.576376e-03 9.999969e-01 -1.700670e+02
9.999988e-01 4.033302e-04 -1.528585e-03 2.318543e+02 -4.008806e-04 9.999986e-01 1.602445e-03 4.938900e+00 1.529229e-03 -1.601829e-03 9.999975e-01 -1.698241e+02
9.999987e-01 -3.362905e-04 -1.589811e-03 2.323884e+02 3.338644e-04 9.999988e-01 -1.525935e-03 4.942802e+00 1.590322e-03 1.525401e-03 9.999976e-01 -1.697707e+02
9.999982e-01 3.417347e-04 -1.849002e-03 2.327037e+02 -3.387346e-04 9.999986e-01 1.622544e-03 4.943403e+00 1.849554e-03 -1.621915e-03 9.999970e-01 -1.696871e+02
9.999997e-01 -8.291617e-05 -8.110468e-04 2.337124e+02 8.169451e-05 9.999989e-01 -1.506035e-03 4.939082e+00 8.111705e-04 1.505968e-03 9.999985e-01 -1.699321e+02
9.999981e-01 3.018738e-04 -1.934038e-03 2.346547e+02 -2.987780e-04 9.999987e-01 1.600739e-03 4.937029e+00 1.934519e-03 -1.600158e-03 9.999968e-01 -1.702304e+02
9.999995e-01 -1.771845e-04 -1.014884e-03 2.353307e+02 1.756328e-04 9.999988e-01 -1.528655e-03 4.934414e+00 1.015153e-03 1.528475e-03 9.999983e-01 -1.703065e+02
9.999979e-01 2.863942e-04 -2.036266e-03 2.357971e+02 -2.832219e-04 9.999987e-01 1.557947e-03 4.937396e+00 2.036710e-03 -1.557366e-03 9.999967e-01 -1.698652e+02
9.999999e-01 -5.742586e-05 -5.355987e-04 2.369102e+02 5.659187e-05 9.999988e-01 -1.556758e-03 4.921791e+00 5.356871e-04 1.556727e-03 9.999986e-01 -1.697289e+02
9.999977e-01 3.043464e-04 -2.101915e-03 2.379053e+02 -3.008349e-04 9.999986e-01 1.670652e-03 4.916070e+00 2.102420e-03 -1.670015e-03 9.999964e-01 -1.698927e+02
9.999998e-01 -1.886707e-05 -5.846788e-04 2.390293e+02 1.792748e-05 9.999987e-01 -1.606764e-03 4.915589e+00 5.847080e-04 1.606752e-03 9.999985e-01 -1.702422e+02
9.999972e-01 2.073527e-04 -2.345357e-03 2.399275e+02 -2.034031e-04 9.999986e-01 1.684059e-03 4.916851e+00 2.345703e-03 -1.683576e-03 9.999958e-01 -1.706182e+02
9.999998e-01 1.005802e-05 -6.018023e-04 2.408558e+02 -1.102885e-05 9.999987e-01 -1.613014e-03 4.918160e+00 6.017850e-04 1.613020e-03 9.999985e-01 -1.710110e+02
9.999970e-01 2.166984e-04 -2.435489e-03 2.418905e+02 -2.126629e-04 9.999986e-01 1.657052e-03 4.924028e+00 2.435845e-03 -1.656529e-03 9.999957e-01 -1.715059e+02
9.999998e-01 1.165238e-05 -5.484181e-04 2.428839e+02 -1.251684e-05 9.999988e-01 -1.576073e-03 4.927197e+00 5.483988e-04 1.576079e-03 9.999986e-01 -1.719382e+02
9.999969e-01 1.972698e-04 -2.466262e-03 2.438439e+02 -1.932407e-04 9.999986e-01 1.633791e-03 4.930992e+00 2.466582e-03 -1.633308e-03 9.999956e-01 -1.723847e+02
9.999999e-01 3.210895e-05 -3.587667e-04 2.448047e+02 -3.266766e-05 9.999988e-01 -1.557030e-03 4.930376e+00 3.587160e-04 1.557041e-03 9.999987e-01 -1.727345e+02
9.999970e-01 2.171702e-04 -2.427486e-03 2.457888e+02 -2.131904e-04 9.999986e-01 1.639589e-03 4.929224e+00 2.427839e-03 -1.639066e-03 9.999957e-01 -1.730742e+02
9.999998e-01 2.037953e-05 -5.633383e-04 2.467921e+02 -2.127495e-05 9.999987e-01 -1.589287e-03 4.933194e+00 5.633049e-04 1.589298e-03 9.999986e-01 -1.735366e+02
9.999973e-01 1.348623e-04 -2.329423e-03 2.476301e+02 -1.309781e-04 9.999986e-01 1.667431e-03 4.937559e+00 2.329645e-03 -1.667121e-03 9.999959e-01 -1.740642e+02
9.999999e-01 -2.536129e-05 -5.442046e-04 2.480095e+02 2.451375e-05 9.999988e-01 -1.557105e-03 4.946059e+00 5.442431e-04 1.557091e-03 9.999986e-01 -1.745272e+02
9.999973e-01 1.186119e-04 -2.304830e-03 2.482850e+02 -1.147179e-04 9.999986e-01 1.689506e-03 4.946308e+00 2.305028e-03 -1.689237e-03 9.999959e-01 -1.747182e+02
9.999997e-01 -7.087685e-05 -7.942981e-04 2.483470e+02 6.966212e-05 9.999988e-01 -1.529059e-03 4.941723e+00 7.944052e-04 1.529002e-03 9.999985e-01 -1.745933e+02
9.999975e-01 9.755297e-05 -2.250135e-03 2.484768e+02 -9.386586e-05 9.999987e-01 1.638603e-03 4.924430e+00 2.250292e-03 -1.638387e-03 9.999961e-01 -1.742318e+02
9.999995e-01 -9.535924e-05 -9.685801e-04 2.484469e+02 9.388344e-05 9.999988e-01 -1.523457e-03 4.915261e+00 9.687240e-04 1.523365e-03 9.999984e-01 -1.738399e+02
9.999976e-01 9.872598e-05 -2.175065e-03 2.484151e+02 -9.514623e-05 9.999986e-01 1.645788e-03 4.905324e+00 2.175225e-03 -1.645577e-03 9.999963e-01 -1.734829e+02
9.999995e-01 -1.039657e-04 -1.020268e-03 2.483126e+02 1.024541e-04 9.999989e-01 -1.481437e-03 4.898250e+00 1.020421e-03 1.481331e-03 9.999984e-01 -1.731627e+02
9.999969e-01 1.059702e-04 -2.507065e-03 2.478944e+02 -1.016008e-04 9.999985e-01 1.742829e-03 4.912961e+00 2.507246e-03 -1.742568e-03 9.999953e-01 -1.728403e+02
9.999993e-01 -1.090851e-04 -1.211375e-03 2.474127e+02 1.073255e-04 9.999989e-01 -1.452417e-03 4.933216e+00 1.211532e-03 1.452285e-03 9.999982e-01 -1.725247e+02
9.999973e-01 1.091238e-04 -2.342293e-03 2.470946e+02 -1.054704e-04 9.999988e-01 1.559745e-03 4.945454e+00 2.342461e-03 -1.559493e-03 9.999960e-01 -1.720244e+02
9.999993e-01 -8.788386e-05 -1.149978e-03 2.468659e+02 8.618889e-05 9.999989e-01 -1.473749e-03 4.951098e+00 1.150106e-03 1.473648e-03 9.999983e-01 -1.714852e+02
9.999971e-01 9.173877e-05 -2.417419e-03 2.465510e+02 -8.788546e-05 9.999987e-01 1.593975e-03 4.962940e+00 2.417563e-03 -1.593758e-03 9.999958e-01 -1.710246e+02
9.999997e-01 -6.921113e-05 -7.432339e-04 2.466471e+02 6.813328e-05 9.999989e-01 -1.449939e-03 4.958753e+00 7.433332e-04 1.449887e-03 9.999987e-01 -1.707975e+02
9.999976e-01 1.918254e-04 -2.185154e-03 2.473518e+02 -1.885048e-04 9.999988e-01 1.519635e-03 4.955636e+00 2.185443e-03 -1.519219e-03 9.999965e-01 -1.710908e+02
9.999996e-01 -1.382892e-04 -9.054542e-04 2.475270e+02 1.370837e-04 9.999991e-01 -1.331133e-03 4.956570e+00 9.056372e-04 1.331008e-03 9.999987e-01 -1.711760e+02
9.999970e-01 1.611657e-04 -2.456732e-03 2.474421e+02 -1.572084e-04 9.999987e-01 1.610858e-03 4.969854e+00 2.456989e-03 -1.610466e-03 9.999957e-01 -1.712829e+02
9.999998e-01 -5.336597e-05 -6.953663e-04 2.482043e+02 5.227941e-05 9.999988e-01 -1.562273e-03 4.975650e+00 6.954485e-04 1.562236e-03 9.999985e-01 -1.717647e+02
9.999971e-01 2.950062e-04 -2.406657e-03 2.493465e+02 -2.912360e-04 9.999987e-01 1.566705e-03 4.985656e+00 2.407116e-03 -1.565999e-03 9.999959e-01 -1.723592e+02
9.999998e-01 -7.482997e-05 -5.638237e-04 2.504167e+02 7.397280e-05 9.999988e-01 -1.519866e-03 4.992177e+00 5.639365e-04 1.519823e-03 9.999987e-01 -1.728669e+02
9.999965e-01 1.488455e-04 -2.656013e-03 2.509243e+02 -1.445390e-04 9.999987e-01 1.621490e-03 4.995269e+00 2.656251e-03 -1.621099e-03 9.999952e-01 -1.729998e+02
9.999998e-01 -1.322926e-04 -6.046232e-04 2.512118e+02 1.314399e-04 9.999990e-01 -1.409774e-03 4.998858e+00 6.048088e-04 1.409693e-03 9.999988e-01 -1.736013e+02
9.999973e-01 2.455335e-04 -2.316354e-03 2.519039e+02 -2.420973e-04 9.999989e-01 1.483574e-03 5.003568e+00 2.316716e-03 -1.483009e-03 9.999962e-01 -1.742582e+02
9.999998e-01 -1.373559e-04 -6.551765e-04 2.525883e+02 1.364181e-04 9.999990e-01 -1.430909e-03 4.999501e+00 6.553720e-04 1.430819e-03 9.999988e-01 -1.744581e+02
9.999968e-01 3.583591e-04 -2.496084e-03 2.534397e+02 -3.545900e-04 9.999988e-01 1.510239e-03 4.999077e+00 2.496623e-03 -1.509348e-03 9.999957e-01 -1.748097e+02
9.999991e-01 -8.702443e-05 -1.366285e-03 2.540984e+02 8.532952e-05 9.999992e-01 -1.240408e-03 5.035112e+00 1.366392e-03 1.240289e-03 9.999983e-01 -1.767852e+02
9.999989e-01 4.361593e-05 -1.476849e-03 2.546172e+02 -4.169394e-05 9.999992e-01 1.301303e-03 5.074576e+00 1.476905e-03 -1.301239e-03 9.999981e-01 -1.790064e+02
9.999989e-01 1.032454e-04 -1.457192e-03 2.553290e+02 -1.049582e-04 9.999993e-01 -1.175255e-03 5.070007e+00 1.457069e-03 1.175406e-03 9.999982e-01 -1.792480e+02
9.999992e-01 -6.765991e-05 -1.276188e-03 2.557163e+02 6.934016e-05 9.999991e-01 1.316488e-03 5.058197e+00 1.276098e-03 -1.316575e-03 9.999983e-01 -1.793645e+02
9.999989e-01 1.213471e-04 -1.505803e-03 2.560864e+02 -1.231066e-04 9.999993e-01 -1.168341e-03 5.044323e+00 1.505660e-03 1.168525e-03 9.999982e-01 -1.792380e+02
9.999996e-01 9.005375e-06 -8.670387e-04 2.567196e+02 -7.894334e-06 9.999992e-01 1.281219e-03 5.023947e+00 8.670498e-04 -1.281211e-03 9.999988e-01 -1.791015e+02
9.999982e-01 1.496394e-04 -1.882391e-03 2.573998e+02 -1.518667e-04 9.999993e-01 -1.183062e-03 5.012246e+00 1.882212e-03 1.183345e-03 9.999975e-01 -1.791697e+02
9.999997e-01 -1.055422e-05 -7.919827e-04 2.580648e+02 1.154835e-05 9.999992e-01 1.255027e-03 4.997877e+00 7.919691e-04 -1.255035e-03 9.999989e-01 -1.791250e+02
9.999982e-01 2.547472e-04 -1.887112e-03 2.584458e+02 -2.568996e-04 9.999993e-01 -1.140366e-03 4.970430e+00 1.886820e-03 1.140848e-03 9.999976e-01 -1.784625e+02
9.999988e-01 -1.224979e-04 -1.563119e-03 2.584594e+02 1.243655e-04 9.999993e-01 1.194685e-03 4.965691e+00 1.562972e-03 -1.194877e-03 9.999981e-01 -1.776027e+02
9.999998e-01 4.967882e-04 -4.897611e-04 2.594033e+02 -4.972736e-04 9.999994e-01 -9.910411e-04 4.935262e+00 4.892682e-04 9.912837e-04 9.999994e-01 -1.770007e+02
9.999967e-01 4.892759e-05 -2.561687e-03 2.596719e+02 -4.644957e-05 9.999995e-01 9.673210e-04 4.933499e+00 2.561734e-03 -9.671981e-04 9.999963e-01 -1.751206e+02
9.999990e-01 3.110663e-04 -1.392529e-03 2.597409e+02 -3.127030e-04 9.999993e-01 -1.175210e-03 4.949936e+00 1.392162e-03 1.175644e-03 9.999983e-01 -1.729467e+02
9.999993e-01 1.951706e-04 -1.204806e-03 2.607540e+02 -1.936465e-04 9.999992e-01 1.264847e-03 4.922657e+00 1.205052e-03 -1.264612e-03 9.999985e-01 -1.716229e+02
9.999981e-01 2.618407e-04 -1.942976e-03 2.612356e+02 -2.643150e-04 9.999992e-01 -1.273219e-03 4.913783e+00 1.942641e-03 1.273729e-03 9.999973e-01 -1.700510e+02
9.999961e-01 -8.554840e-05 -2.795806e-03 2.605556e+02 8.843522e-05 9.999995e-01 1.032380e-03 4.955304e+00 2.795717e-03 -1.032622e-03 9.999956e-01 -1.681933e+02
9.999989e-01 3.007075e-04 -1.443807e-03 2.602334e+02 -3.024868e-04 9.999992e-01 -1.232243e-03 4.972668e+00 1.443435e-03 1.232678e-03 9.999982e-01 -1.664257e+02
9.999976e-01 -1.812526e-05 -2.177021e-03 2.600834e+02 2.043400e-05 9.999994e-01 1.060405e-03 4.972917e+00 2.177000e-03 -1.060446e-03 9.999971e-01 -1.646526e+02
9.999972e-01 2.494309e-04 -2.348929e-03 2.592750e+02 -2.526454e-04 9.999990e-01 -1.368190e-03 5.022160e+00 2.348585e-03 1.368779e-03 9.999963e-01 -1.625607e+02
9.999968e-01 -1.192872e-04 -2.524014e-03 2.586150e+02 1.222594e-04 9.999993e-01 1.177376e-03 5.068374e+00 2.523872e-03 -1.177681e-03 9.999961e-01 -1.608755e+02
9.999995e-01 6.297339e-04 7.649919e-04 2.597665e+02 -6.289311e-04 9.999993e-01 -1.049492e-03 5.027254e+00 -7.656525e-04 1.049010e-03 9.999992e-01 -1.599353e+02
9.999909e-01 -3.521073e-04 -4.248486e-03 2.597196e+02 3.565447e-04 9.999994e-01 1.043716e-03 5.024826e+00 4.248117e-03 -1.045220e-03 9.999904e-01 -1.586577e+02
9.999998e-01 6.187291e-04 2.374600e-04 2.594472e+02 -6.184393e-04 9.999991e-01 -1.219258e-03 5.039388e+00 -2.382145e-04 1.219110e-03 9.999992e-01 -1.568963e+02
9.999983e-01 -1.250470e-06 -1.837591e-03 2.609983e+02 3.825678e-06 9.999990e-01 1.401297e-03 5.000653e+00 1.837588e-03 -1.401301e-03 9.999973e-01 -1.559055e+02
9.999973e-01 9.715819e-04 2.112529e-03 2.633670e+02 -9.689923e-04 9.999988e-01 -1.226591e-03 4.944809e+00 -2.113718e-03 1.224540e-03 9.999970e-01 -1.550787e+02
9.999881e-01 -4.234319e-04 -4.863689e-03 2.637530e+02 4.292813e-04 9.999992e-01 1.201647e-03 4.915072e+00 4.863177e-03 -1.203720e-03 9.999875e-01 -1.532990e+02
9.999995e-01 6.248868e-04 7.458045e-04 2.632019e+02 -6.238681e-04 9.999989e-01 -1.365639e-03 4.950799e+00 -7.466573e-04 1.365172e-03 9.999988e-01 -1.516149e+02
9.999905e-01 -2.969557e-04 -4.346203e-03 2.630122e+02 3.023188e-04 9.999992e-01 1.233341e-03 4.959267e+00 4.345833e-03 -1.234642e-03 9.999898e-01 -1.499145e+02
9.999991e-01 7.243971e-04 1.084116e-03 2.632343e+02 -7.229523e-04 9.999989e-01 -1.332695e-03 4.943121e+00 -1.085080e-03 1.331910e-03 9.999985e-01 -1.481305e+02
9.999901e-01 -3.068528e-04 -4.439619e-03 2.633461e+02 3.123115e-04 9.999992e-01 1.228864e-03 4.933989e+00 4.439239e-03 -1.230238e-03 9.999894e-01 -1.463163e+02
9.999996e-01 7.433040e-04 5.372539e-04 2.629796e+02 -7.425304e-04 9.999987e-01 -1.439215e-03 4.956470e+00 -5.383233e-04 1.438814e-03 9.999988e-01 -1.440733e+02
9.999893e-01 -2.952524e-04 -4.626965e-03 2.628680e+02 3.008250e-04 9.999992e-01 1.203673e-03 4.970816e+00 4.626606e-03 -1.205051e-03 9.999886e-01 -1.417466e+02
9.999995e-01 6.200371e-04 8.374277e-04 2.627942e+02 -6.188990e-04 9.999989e-01 -1.358809e-03 4.983904e+00 -8.382695e-04 1.358289e-03 9.999987e-01 -1.398664e+02
9.999968e-01 2.957313e-04 -2.530213e-03 2.643666e+02 -2.916666e-04 9.999987e-01 1.606625e-03 4.941747e+00 2.530685e-03 -1.605881e-03 9.999955e-01 -1.379523e+02
9.999873e-01 1.374252e-03 4.845773e-03 2.679270e+02 -1.367603e-03 9.999981e-01 -1.375241e-03 4.838064e+00 -4.847655e-03 1.368596e-03 9.999873e-01 -1.359811e+02
9.999667e-01 -7.386682e-04 -8.128179e-03 2.676655e+02 7.485693e-04 9.999990e-01 1.215119e-03 4.840896e+00 8.127274e-03 -1.221162e-03 9.999662e-01 -1.335116e+02
9.999921e-01 8.539793e-04 3.871554e-03 2.669166e+02 -8.517044e-04 9.999995e-01 -5.892670e-04 4.868314e+00 -3.872055e-03 5.859643e-04 9.999923e-01 -1.335007e+02
9.999770e-01 -8.413665e-04 -6.732763e-03 2.682137e+02 8.416579e-04 9.999996e-01 4.041103e-05 4.908507e+00 6.732727e-03 -4.607609e-05 9.999773e-01 -1.351406e+02
9.999901e-01 1.684617e-03 4.121048e-03 2.702598e+02 -1.685260e-03 9.999986e-01 1.525285e-04 4.909381e+00 -4.120785e-03 -1.594728e-04 9.999915e-01 -1.356609e+02
9.999884e-01 -8.006751e-04 -4.740008e-03 2.730512e+02 7.992457e-04 9.999996e-01 -3.034801e-04 4.906933e+00 4.740250e-03 2.996888e-04 9.999887e-01 -1.361825e+02
9.999805e-01 2.370077e-03 5.777408e-03 2.761080e+02 -2.373059e-03 9.999971e-01 5.093188e-04 4.822613e+00 -5.776184e-03 -5.230197e-04 9.999832e-01 -1.343467e+02
9.999716e-01 -1.313817e-03 -7.427552e-03 2.779463e+02 1.312232e-03 9.999991e-01 -2.182707e-04 4.773362e+00 7.427832e-03 2.085185e-04 9.999724e-01 -1.325362e+02
9.999307e-01 3.562652e-03 1.122488e-02 2.840567e+02 -3.570176e-03 9.999934e-01 6.503087e-04 4.740068e+00 -1.122249e-02 -6.903391e-04 9.999368e-01 -1.325404e+02
9.999300e-01 -2.745925e-03 -1.150579e-02 2.874448e+02 2.732498e-03 9.999956e-01 -1.182567e-03 4.736879e+00 1.150898e-02 1.151045e-03 9.999331e-01 -1.328957e+02
9.999795e-01 3.026944e-03 5.647608e-03 2.855528e+02 -3.031674e-03 9.999951e-01 8.291924e-04 4.877232e+00 -5.645071e-03 -8.462978e-04 9.999837e-01 -1.303334e+02
9.999127e-01 -2.814381e-03 -1.291151e-02 2.829555e+02 2.798501e-03 9.999953e-01 -1.247791e-03 5.073989e+00 1.291496e-02 1.211549e-03 9.999159e-01 -1.275233e+02
9.999623e-01 2.892857e-03 8.181885e-03 2.818214e+02 -2.903026e-03 9.999950e-01 1.231149e-03 5.151410e+00 -8.178283e-03 -1.254855e-03 9.999658e-01 -1.262178e+02
9.999124e-01 -2.764244e-03 -1.294278e-02 2.803000e+02 2.750863e-03 9.999957e-01 -1.051559e-03 5.249303e+00 1.294563e-02 1.015864e-03 9.999157e-01 -1.251064e+02
9.999632e-01 2.945827e-03 8.051875e-03 2.792044e+02 -2.953317e-03 9.999952e-01 9.184400e-04 5.329915e+00 -8.049131e-03 -9.421866e-04 9.999672e-01 -1.234907e+02
9.998937e-01 -2.771574e-03 -1.431324e-02 2.772640e+02 2.752021e-03 9.999953e-01 -1.385600e-03 5.481922e+00 1.431701e-02 1.346063e-03 9.998966e-01 -1.208097e+02
9.999720e-01 3.182971e-03 6.768763e-03 2.739879e+02 -3.189513e-03 9.999945e-01 9.558874e-04 5.731826e+00 -6.765683e-03 -9.774505e-04 9.999766e-01 -1.173324e+02
9.999086e-01 -3.136515e-03 -1.314989e-02 2.723756e+02 3.116520e-03 9.999940e-01 -1.540811e-03 5.885211e+00 1.315465e-02 1.499689e-03 9.999123e-01 -1.148910e+02
9.999546e-01 3.274272e-03 8.951829e-03 2.722959e+02 -3.285310e-03 9.999939e-01 1.218615e-03 5.973779e+00 -8.947785e-03 -1.247969e-03 9.999592e-01 -1.140180e+02
9.999090e-01 -3.051559e-03 -1.313834e-02 2.723955e+02 3.028901e-03 9.999939e-01 -1.744126e-03 6.094384e+00 1.314358e-02 1.704173e-03 9.999122e-01 -1.133742e+02
9.999579e-01 3.248670e-03 8.580650e-03 2.715134e+02 -3.259177e-03 9.999940e-01 1.210678e-03 6.239715e+00 -8.576666e-03 -1.238593e-03 9.999625e-01 -1.118369e+02
9.998880e-01 -3.087359e-03 -1.464534e-02 2.695211e+02 3.063392e-03 9.999939e-01 -1.658684e-03 6.394137e+00 1.465037e-02 1.613635e-03 9.998914e-01 -1.094282e+02
9.999584e-01 3.198917e-03 8.546840e-03 2.676262e+02 -3.210547e-03 9.999939e-01 1.347291e-03 6.534617e+00 -8.542479e-03 -1.374676e-03 9.999626e-01 -1.072173e+02
9.999219e-01 -3.183111e-03 -1.208905e-02 2.677567e+02 3.164110e-03 9.999937e-01 -1.590565e-03 6.565012e+00 1.209404e-02 1.552190e-03 9.999257e-01 -1.064293e+02
9.999532e-01 3.282025e-03 9.097708e-03 2.681426e+02 -3.296132e-03 9.999934e-01 1.536006e-03 6.565809e+00 -9.092607e-03 -1.565922e-03 9.999574e-01 -1.057616e+02
9.999228e-01 -3.006411e-03 -1.205415e-02 2.694909e+02 2.987049e-03 9.999942e-01 -1.623922e-03 6.576680e+00 1.205896e-02 1.587791e-03 9.999260e-01 -1.057562e+02
9.999518e-01 3.077081e-03 9.328706e-03 2.701142e+02 -3.089967e-03 9.999943e-01 1.367241e-03 6.591967e+00 -9.324446e-03 -1.396001e-03 9.999556e-01 -1.051509e+02
9.999152e-01 -2.906655e-03 -1.269686e-02 2.702704e+02 2.888724e-03 9.999948e-01 -1.430380e-03 6.575608e+00 1.270095e-02 1.393581e-03 9.999184e-01 -1.039192e+02
9.999471e-01 3.165021e-03 9.782111e-03 2.706940e+02 -3.179402e-03 9.999939e-01 1.454928e-03 6.550176e+00 -9.777446e-03 -1.485953e-03 9.999511e-01 -1.029017e+02
9.999455e-01 -2.421706e-03 -1.015630e-02 2.731712e+02 2.408827e-03 9.999963e-01 -1.280132e-03 6.535791e+00 1.015936e-02 1.255598e-03 9.999476e-01 -1.028663e+02
9.999374e-01 3.714555e-03 1.055062e-02 2.751110e+02 -3.724657e-03 9.999926e-01 9.380286e-04 6.530854e+00 -1.054705e-02 -9.772680e-04 9.999439e-01 -1.017195e+02
9.998978e-01 -2.890493e-03 -1.400035e-02 2.738868e+02 2.875608e-03 9.999953e-01 -1.083223e-03 6.606500e+00 1.400341e-02 1.042853e-03 9.999014e-01 -9.946421e+01
9.998701e-01 4.645335e-03 1.543097e-02 2.786258e+02 -4.666950e-03 9.999882e-01 1.365060e-03 6.586398e+00 -1.542444e-02 -1.436899e-03 9.998800e-01 -9.950056e+01
9.998950e-01 -3.143871e-03 -1.414783e-02 2.835641e+02 3.116546e-03 9.999932e-01 -1.953032e-03 6.588579e+00 1.415387e-02 1.908735e-03 9.998980e-01 -1.002693e+02
9.999161e-01 3.713249e-03 1.241047e-02 2.857330e+02 -3.737029e-03 9.999912e-01 1.893533e-03 6.598357e+00 -1.240333e-02 -1.939753e-03 9.999212e-01 -1.008600e+02
9.998910e-01 -3.387908e-03 -1.436817e-02 2.872798e+02 3.359535e-03 9.999924e-01 -1.998411e-03 6.594508e+00 1.437483e-02 1.949924e-03 9.998948e-01 -1.011246e+02
9.999186e-01 3.598375e-03 1.223712e-02 2.880546e+02 -3.624140e-03 9.999913e-01 2.083932e-03 6.567900e+00 -1.222952e-02 -2.128112e-03 9.999230e-01 -1.008682e+02
9.998850e-01 -3.456231e-03 -1.476662e-02 2.885786e+02 3.427396e-03 9.999922e-01 -1.977577e-03 6.542097e+00 1.477334e-02 1.926739e-03 9.998890e-01 -1.005479e+02
9.999172e-01 3.652595e-03 1.233498e-02 2.892450e+02 -3.678408e-03 9.999911e-01 2.070619e-03 6.517948e+00 -1.232730e-02 -2.115821e-03 9.999218e-01 -1.000966e+02
9.998923e-01 -3.276233e-03 -1.430343e-02 2.904330e+02 3.248989e-03 9.999929e-01 -1.927560e-03 6.495145e+00 1.430964e-02 1.880881e-03 9.998958e-01 -9.990784e+01
9.999429e-01 3.482537e-03 1.010557e-02 2.895883e+02 -3.500057e-03 9.999924e-01 1.716483e-03 6.548992e+00 -1.009952e-02 -1.751755e-03 9.999475e-01 -9.827775e+01
9.998809e-01 -3.284600e-03 -1.507778e-02 2.893633e+02 3.256988e-03 9.999930e-01 -1.855529e-03 6.581979e+00 1.508377e-02 1.806201e-03 9.998846e-01 -9.667287e+01
9.998960e-01 3.848264e-03 1.389721e-02 2.915318e+02 -3.873517e-03 9.999909e-01 1.790616e-03 6.575588e+00 -1.389019e-02 -1.844262e-03 9.999018e-01 -9.677699e+01
9.998666e-01 -3.702057e-03 -1.590734e-02 2.925775e+02 3.674047e-03 9.999916e-01 -1.789700e-03 6.562950e+00 1.591383e-02 1.731018e-03 9.998719e-01 -9.664927e+01
9.998996e-01 3.893902e-03 1.362228e-02 2.936513e+02 -3.918240e-03 9.999908e-01 1.760359e-03 6.550206e+00 -1.361530e-02 -1.813558e-03 9.999057e-01 -9.628269e+01
9.998736e-01 -3.722797e-03 -1.545801e-02 2.945464e+02 3.696975e-03 9.999917e-01 -1.698714e-03 6.525742e+00 1.546420e-02 1.641353e-03 9.998791e-01 -9.601639e+01
9.998966e-01 4.187958e-03 1.375878e-02 2.955950e+02 -4.212322e-03 9.999896e-01 1.742308e-03 6.482789e+00 -1.375134e-02 -1.800085e-03 9.999038e-01 -9.513990e+01
9.998550e-01 -3.859489e-03 -1.658748e-02 2.960751e+02 3.829407e-03 9.999910e-01 -1.844907e-03 6.457782e+00 1.659445e-02 1.781120e-03 9.998607e-01 -9.373484e+01
9.998762e-01 4.360141e-03 1.511740e-02 2.974575e+02 -4.390642e-03 9.999884e-01 1.984958e-03 6.423583e+00 -1.510857e-02 -2.051088e-03 9.998838e-01 -9.306139e+01
9.998479e-01 -3.971797e-03 -1.698490e-02 2.987039e+02 3.938578e-03 9.999903e-01 -1.988797e-03 6.394974e+00 1.699264e-02 1.921599e-03 9.998538e-01 -9.248419e+01
9.998739e-01 4.449948e-03 1.524394e-02 3.005755e+02 -4.482595e-03 9.999877e-01 2.108127e-03 6.387115e+00 -1.523437e-02 -2.176194e-03 9.998816e-01 -9.252887e+01
9.998504e-01 -4.090507e-03 -1.680660e-02 3.021937e+02 4.054245e-03 9.999894e-01 -2.191094e-03 6.368565e+00 1.681539e-02 2.122628e-03 9.998564e-01 -9.226873e+01
9.999003e-01 4.269362e-03 1.346266e-02 3.022112e+02 -4.298501e-03 9.999885e-01 2.136241e-03 6.365867e+00 -1.345338e-02 -2.193898e-03 9.999071e-01 -9.114746e+01
9.998597e-01 -4.111223e-03 -1.623736e-02 3.029007e+02 4.079451e-03 9.999897e-01 -1.989366e-03 6.353686e+00 1.624537e-02 1.922849e-03 9.998662e-01 -9.096886e+01
9.999035e-01 4.362364e-03 1.319289e-02 3.044096e+02 -4.387081e-03 9.999887e-01 1.845142e-03 6.378352e+00 -1.318470e-02 -1.902843e-03 9.999113e-01 -9.186566e+01
9.998640e-01 -4.087142e-03 -1.598005e-02 3.064890e+02 4.051538e-03 9.999892e-01 -2.259767e-03 6.420871e+00 1.598912e-02 2.194716e-03 9.998698e-01 -9.325473e+01
9.998978e-01 4.274741e-03 1.364561e-02 3.073776e+02 -4.306852e-03 9.999880e-01 2.324657e-03 6.406087e+00 -1.363551e-02 -2.383190e-03 9.999042e-01 -9.325044e+01
9.998617e-01 -4.006716e-03 -1.614132e-02 3.080405e+02 3.970101e-03 9.999895e-01 -2.299824e-03 6.380271e+00 1.615036e-02 2.235424e-03 9.998671e-01 -9.259005e+01
9.999092e-01 4.230337e-03 1.279077e-02 3.080347e+02 -4.259310e-03 9.999884e-01 2.238729e-03 6.384549e+00 -1.278115e-02 -2.293006e-03 9.999157e-01 -9.133974e+01
9.998509e-01 -4.084500e-03 -1.677712e-02 3.076031e+02 4.044448e-03 9.999889e-01 -2.420567e-03 6.409315e+00 1.678682e-02 2.352353e-03 9.998563e-01 -8.985623e+01
9.999114e-01 4.214401e-03 1.262975e-02 3.071533e+02 -4.242661e-03 9.999886e-01 2.211623e-03 6.433938e+00 -1.262029e-02 -2.265011e-03 9.999178e-01 -8.826648e+01
9.998486e-01 -4.099760e-03 -1.691226e-02 3.065575e+02 4.057977e-03 9.999886e-01 -2.504132e-03 6.468030e+00 1.692234e-02 2.435124e-03 9.998538e-01 -8.656172e+01
9.999012e-01 4.384332e-03 1.335705e-02 3.066541e+02 -4.416186e-03 9.999875e-01 2.356207e-03 6.460792e+00 -1.334655e-02 -2.414962e-03 9.999080e-01 -8.490978e+01
9.998664e-01 -4.148964e-03 -1.580766e-02 3.073281e+02 4.111956e-03 9.999887e-01 -2.372937e-03 6.425549e+00 1.581732e-02 2.307620e-03 9.998722e-01 -8.392536e+01
9.999223e-01 4.981027e-03 1.143087e-02 3.109264e+02 -5.004967e-03 9.999853e-01 2.066688e-03 6.553237e+00 -1.142041e-02 -2.123739e-03 9.999325e-01 -8.787835e+01
9.998859e-01 -4.069859e-03 -1.454809e-02 3.165310e+02 4.022405e-03 9.999865e-01 -3.289609e-03 6.790695e+00 1.456128e-02 3.230716e-03 9.998888e-01 -9.556236e+01
9.999210e-01 4.819389e-03 1.161068e-02 3.210681e+02 -4.846332e-03 9.999856e-01 2.293460e-03 6.935565e+00 -1.159946e-02 -2.349549e-03 9.999300e-01 -9.968985e+01
