9.999959e-01 1.672254e-04 -2.842330e-03 1.461478e-01 -1.668462e-04 1.000000e+00 1.336528e-04 -2.576019e-02 2.842352e-03 -1.331788e-04 9.999960e-01 7.225085e-01
1.000000e+00 -1.433043e-05 -1.791423e-04 1.256603e-01 1.431610e-05 1.000000e+00 -8.012996e-05 -4.251967e-02 1.791438e-04 8.012811e-05 1.000000e+00 1.511040e+00
9.999953e-01 1.643016e-04 -3.070456e-03 3.311273e-03 -1.639555e-04 1.000000e+00 1.129628e-04 -5.054928e-02 3.070474e-03 -1.124596e-04 9.999953e-01 2.248208e+00
1.000000e+00 2.323753e-05 7.155005e-05 2.223872e-02 -2.323118e-05 1.000000e+00 -8.835947e-05 -7.084970e-02 -7.155176e-05 8.835852e-05 1.000000e+00 3.140362e+00
9.999952e-01 1.433690e-04 -3.101696e-03 5.273591e-02 -1.430287e-04 1.000000e+00 1.099382e-04 -9.359224e-02 3.101711e-03 -1.094947e-04 9.999952e-01 4.052826e+00
1.000000e+00 -1.550335e-07 2.062721e-04 1.244976e-01 1.647164e-07 1.000000e+00 -4.679481e-05 -1.194372e-01 -2.062718e-04 4.679556e-05 1.000000e+00 4.884172e+00
9.999957e-01 1.930119e-04 -2.937586e-03 3.058714e-01 -1.925579e-04 1.000000e+00 1.548395e-04 -1.489629e-01 2.937615e-03 -1.542739e-04 9.999957e-01 5.719880e+00
1.000000e+00 3.650784e-06 6.949690e-05 3.789050e-01 -3.640418e-06 1.000000e+00 -1.486927e-04 -1.759752e-01 -6.949710e-05 1.486931e-04 1.000000e+00 6.727542e+00
9.999948e-01 1.389640e-04 -3.227356e-03 2.728669e-01 -1.383295e-04 1.000000e+00 1.968222e-04 -1.856794e-01 3.227383e-03 -1.963754e-04 9.999948e-01 7.451296e+00
1.000000e+00 -3.931594e-05 1.277870e-04 2.112793e-01 3.932972e-05 1.000000e+00 -1.076239e-04 -1.975214e-01 -1.277824e-04 1.076296e-04 1.000000e+00 8.082131e+00
9.999956e-01 2.311083e-04 -2.941813e-03 3.358698e-01 -2.305150e-04 1.000000e+00 2.020320e-04 -2.243660e-01 2.941859e-03 -2.013537e-04 9.999957e-01 8.905792e+00
1.000000e+00 -6.040276e-05 -1.335299e-05 3.763507e-01 6.040147e-05 1.000000e+00 -9.884468e-05 -2.409705e-01 1.335930e-05 9.884458e-05 1.000000e+00 9.612155e+00
9.999951e-01 1.983157e-04 -3.129174e-03 2.887354e-01 -1.978333e-04 1.000000e+00 1.544925e-04 -2.501153e-01 3.129205e-03 -1.538734e-04 9.999951e-01 1.033490e+01
1.000000e+00 -5.413548e-05 1.046368e-04 2.886988e-01 5.413945e-05 1.000000e+00 -3.758195e-05 -2.642616e-01 -1.046344e-04 3.758833e-05 1.000000e+00 1.101554e+01
9.999952e-01 1.828264e-04 -3.097587e-03 2.882109e-01 -1.822756e-04 1.000000e+00 1.780839e-04 -2.786965e-01 3.097620e-03 -1.775192e-04 9.999952e-01 1.166032e+01
1.000000e+00 -1.575163e-06 -1.186516e-04 7.731807e-02 1.563196e-06 1.000000e+00 -1.012016e-04 -2.807322e-01 1.186521e-04 1.012021e-04 1.000000e+00 1.227652e+01
9.999954e-01 1.961652e-04 -3.013989e-03 -2.355181e-01 -1.951809e-04 9.999999e-01 3.269078e-04 -2.813667e-01 3.014053e-03 -3.263188e-04 9.999954e-01 1.262194e+01
1.000000e+00 3.815417e-07 -8.606520e-05 -5.212784e-01 -3.947941e-07 1.000000e+00 -1.544795e-04 -2.838439e-01 8.606548e-05 1.544803e-04 1.000000e+00 1.309351e+01
9.999952e-01 2.073724e-04 -3.098693e-03 -7.522584e-01 -2.066539e-04 1.000000e+00 2.322063e-04 -2.855074e-01 3.098741e-03 -2.315655e-04 9.999952e-01 1.374263e+01
1.000000e+00 -4.977718e-05 2.457233e-04 -6.417566e-01 4.979933e-05 1.000000e+00 -8.997469e-05 -2.898958e-01 -2.457185e-04 8.998764e-05 1.000000e+00 1.413917e+01
9.999948e-01 1.893929e-04 -3.206413e-03 -6.279964e-01 -1.888956e-04 1.000000e+00 1.554250e-04 -3.018296e-01 3.206442e-03 -1.548192e-04 9.999948e-01 1.482180e+01
9.999999e-01 -2.785653e-05 4.035627e-04 -5.948814e-01 2.780526e-05 1.000000e+00 1.271682e-04 -3.084065e-01 -4.035659e-04 -1.271563e-04 9.999999e-01 1.487899e+01
9.999957e-01 1.542880e-04 -2.940799e-03 -2.878949e-01 -1.538578e-04 1.000000e+00 1.465229e-04 -3.212616e-01 2.940821e-03 -1.460705e-04 9.999957e-01 1.485213e+01
9.999999e-01 -4.162143e-05 5.256879e-04 3.771786e-01 4.158666e-05 1.000000e+00 6.624155e-05 -3.384993e-01 -5.256903e-04 -6.621897e-05 9.999999e-01 1.487448e+01
9.999953e-01 1.780186e-04 -3.075160e-03 6.466562e-01 -1.778346e-04 1.000000e+00 6.011399e-05 -3.626423e-01 3.075170e-03 -5.956754e-05 9.999953e-01 1.546605e+01
1.000000e+00 -5.373885e-05 1.911022e-04 6.104346e-01 5.373068e-05 1.000000e+00 4.303925e-05 -3.737685e-01 -1.911041e-04 -4.302827e-05 1.000000e+00 1.603837e+01
9.999968e-01 1.710703e-04 -2.534205e-03 1.162712e+00 -1.706013e-04 1.000000e+00 1.853287e-04 -3.985975e-01 2.534236e-03 -1.848965e-04 9.999968e-01 1.634692e+01
1.000000e+00 -2.355445e-05 2.687581e-05 1.805979e+00 2.355414e-05 1.000000e+00 1.338592e-05 -4.132135e-01 -2.687579e-05 -1.338457e-05 1.000000e+00 1.641388e+01
9.999953e-01 2.494994e-04 -3.042772e-03 1.398742e+00 -2.488685e-04 9.999999e-01 2.077488e-04 -4.051721e-01 3.042824e-03 -2.069913e-04 9.999953e-01 1.669785e+01
1.000000e+00 -1.484932e-05 -2.406457e-04 8.730643e-01 1.484232e-05 1.000000e+00 -2.933693e-05 -3.907194e-01 2.406464e-04 2.933407e-05 1.000000e+00 1.704966e+01
9.999959e-01 1.799619e-04 -2.872840e-03 6.238688e-01 -1.793500e-04 1.000000e+00 2.132607e-04 -3.886788e-01 2.872878e-03 -2.127453e-04 9.999959e-01 1.733696e+01
1.000000e+00 -6.100028e-05 2.651635e-05 7.408304e-01 6.100036e-05 1.000000e+00 -1.034360e-06 -3.952993e-01 -2.651595e-05 1.036689e-06 1.000000e+00 1.740270e+01
9.999965e-01 1.002388e-04 -2.630920e-03 1.223182e+00 -9.969064e-05 1.000000e+00 2.085119e-04 -4.123093e-01 2.630941e-03 -2.082496e-04 9.999965e-01 1.747054e+01
1.000000e+00 -1.421655e-04 -2.385176e-04 1.667019e+00 1.421767e-04 1.000000e+00 4.677202e-05 -4.208417e-01 2.385113e-04 -4.680522e-05 1.000000e+00 1.722462e+01
9.999960e-01 2.394891e-04 -2.826464e-03 1.798762e+00 -2.383357e-04 9.999999e-01 4.084202e-04 -4.186270e-01 2.826562e-03 -4.077456e-04 9.999959e-01 1.647335e+01
1.000000e+00 -1.008722e-04 -2.065690e-04 1.729087e+00 1.009019e-04 1.000000e+00 1.437563e-04 -4.185320e-01 2.065549e-04 -1.437764e-04 1.000000e+00 1.577428e+01
9.999950e-01 3.516475e-04 -3.128032e-03 1.153936e+00 -3.510225e-04 9.999999e-01 2.003948e-04 -4.047118e-01 3.128102e-03 -1.992965e-04 9.999951e-01 1.584139e+01
9.999999e-01 -2.022109e-04 -3.457336e-04 1.046284e+00 2.021390e-04 1.000000e+00 -2.082223e-04 -4.126839e-01 3.457760e-04 2.081531e-04 9.999999e-01 1.661012e+01
9.999959e-01 3.199823e-04 -2.850660e-03 1.094272e+00 -3.191741e-04 9.999999e-01 2.840018e-04 -4.346107e-01 2.850750e-03 -2.830915e-04 9.999959e-01 1.737997e+01
9.999998e-01 -2.218849e-04 -5.130267e-04 1.062063e+00 2.217810e-04 1.000000e+00 -2.027606e-04 -4.474642e-01 5.130720e-04 2.026475e-04 9.999998e-01 1.798616e+01
9.999966e-01 2.765759e-04 -2.609466e-03 1.143135e+00 -2.756643e-04 9.999999e-01 3.497172e-04 -4.666647e-01 2.609562e-03 -3.489974e-04 9.999965e-01 1.847179e+01
9.999997e-01 -2.087800e-04 -6.798431e-04 1.145643e+00 2.086320e-04 1.000000e+00 -2.179445e-04 -4.814845e-01 6.798889e-04 2.178034e-04 9.999997e-01 1.895195e+01
9.999963e-01 3.334529e-04 -2.683919e-03 8.435001e-01 -3.321850e-04 9.999998e-01 4.728531e-04 -4.799120e-01 2.684076e-03 -4.719606e-04 9.999963e-01 1.915155e+01
9.999997e-01 -1.728699e-04 -7.132608e-04 4.997353e-01 1.726603e-04 9.999999e-01 -2.939573e-04 -4.750133e-01 7.133120e-04 2.938347e-04 9.999997e-01 1.945966e+01
9.999956e-01 3.587878e-04 -2.943176e-03 1.562473e-01 -3.578311e-04 9.999999e-01 3.255906e-04 -4.677591e-01 2.943292e-03 -3.245367e-04 9.999956e-01 2.005328e+01
9.999998e-01 -1.388900e-04 -5.697471e-04 -3.565532e-01 1.388143e-04 1.000000e+00 -1.330374e-04 -4.535181e-01 5.697659e-04 1.329590e-04 9.999998e-01 2.035708e+01
9.999960e-01 3.407258e-04 -2.821492e-03 -8.304418e-01 -3.395398e-04 9.999999e-01 4.208499e-04 -4.426493e-01 2.821635e-03 -4.198909e-04 9.999959e-01 2.051743e+01
9.999998e-01 -7.687789e-05 -5.638606e-04 -1.605533e+00 7.680868e-05 1.000000e+00 -1.228858e-04 -4.133457e-01 5.638704e-04 1.228431e-04 9.999998e-01 2.058565e+01
9.999960e-01 2.766212e-04 -2.811871e-03 -2.047047e+00 -2.759783e-04 9.999999e-01 2.290668e-04 -4.012104e-01 2.811934e-03 -2.282906e-04 9.999960e-01 2.100734e+01
9.999998e-01 -5.046565e-05 -6.918434e-04 -2.594798e+00 5.041127e-05 1.000000e+00 -7.873905e-05 -3.836222e-01 6.918477e-04 7.870486e-05 9.999998e-01 2.137593e+01
9.999969e-01 1.616352e-04 -2.475578e-03 -2.644970e+00 -1.612365e-04 1.000000e+00 1.613090e-04 -3.960341e-01 2.475604e-03 -1.609100e-04 9.999969e-01 2.202297e+01
9.999994e-01 -1.761609e-05 -1.081598e-03 -2.945963e+00 1.743714e-05 1.000000e+00 -1.655301e-04 -3.895614e-01 1.081601e-03 1.655118e-04 9.999994e-01 2.264852e+01
9.999974e-01 3.525045e-04 -2.271396e-03 -3.777709e+00 -3.512208e-04 9.999998e-01 5.655672e-04 -3.622087e-01 2.271594e-03 -5.647686e-04 9.999973e-01 2.263261e+01
9.999994e-01 -2.189060e-04 -1.058740e-03 -3.928804e+00 2.184164e-04 9.999999e-01 -4.626267e-04 -3.697879e-01 1.058841e-03 4.623959e-04 9.999993e-01 2.311038e+01
9.999981e-01 2.280115e-04 -1.958454e-03 -3.583781e+00 -2.266600e-04 9.999997e-01 6.903413e-04 -3.827337e-01 1.958611e-03 -6.898968e-04 9.999978e-01 2.313765e+01
9.999993e-01 -2.217537e-04 -1.174498e-03 -3.390368e+00 2.211752e-04 9.999999e-01 -4.927260e-04 -3.953463e-01 1.174607e-03 4.924666e-04 9.999992e-01 2.340134e+01
9.999977e-01 2.976497e-04 -2.109877e-03 -3.446942e+00 -2.963907e-04 9.999998e-01 5.970768e-04 -4.028203e-01 2.110054e-03 -5.964508e-04 9.999976e-01 2.378462e+01
9.999990e-01 -1.783151e-04 -1.392391e-03 -3.612974e+00 1.775295e-04 9.999998e-01 -5.644316e-04 -4.058118e-01 1.392492e-03 5.641846e-04 9.999989e-01 2.449912e+01
9.999983e-01 2.425196e-04 -1.848664e-03 -3.596799e+00 -2.412671e-04 9.999997e-01 6.777373e-04 -4.204180e-01 1.848828e-03 -6.772908e-04 9.999981e-01 2.495091e+01
9.999988e-01 -1.938045e-04 -1.510906e-03 -3.577147e+00 1.932802e-04 9.999999e-01 -3.471909e-04 -4.290660e-01 1.510973e-03 3.468992e-04 9.999988e-01 2.482290e+01
9.999988e-01 4.620230e-04 -1.508380e-03 -3.835481e+00 -4.603831e-04 9.999993e-01 1.087424e-03 -4.221665e-01 1.508881e-03 -1.086729e-03 9.999983e-01 2.383168e+01
1.000000e+00 1.664764e-04 -4.791943e-05 -3.599135e+00 -1.665337e-04 9.999993e-01 -1.200796e-03 -4.609819e-01 4.771982e-05 1.200805e-03 9.999993e-01 2.542924e+01
9.999993e-01 1.543270e-04 -1.135269e-03 -3.311238e+00 -1.529217e-04 9.999992e-01 1.237906e-03 -5.072012e-01 1.135459e-03 -1.237732e-03 9.999986e-01 2.715246e+01
9.999979e-01 4.916180e-05 -2.040125e-03 -3.783282e+00 -5.065673e-05 9.999997e-01 -7.327642e-04 -4.952117e-01 2.040089e-03 7.328667e-04 9.999977e-01 2.676986e+01
9.999994e-01 -9.906414e-05 -1.060751e-03 -3.289118e+00 1.000900e-04 9.999995e-01 9.671778e-04 -5.011885e-01 1.060655e-03 -9.672842e-04 9.999990e-01 2.676329e+01
9.999988e-01 1.638913e-04 -1.532460e-03 -2.858308e+00 -1.649472e-04 9.999997e-01 -6.890074e-04 -5.106350e-01 1.532347e-03 6.892600e-04 9.999986e-01 2.669754e+01
9.999988e-01 -2.114632e-05 -1.570282e-03 -3.082377e+00 2.307135e-05 9.999992e-01 1.225968e-03 -5.067613e-01 1.570255e-03 -1.226004e-03 9.999980e-01 2.612990e+01
9.999988e-01 1.285896e-04 -1.527549e-03 -3.163251e+00 -1.296565e-04 9.999997e-01 -6.984636e-04 -5.070983e-01 1.527459e-03 6.986615e-04 9.999986e-01 2.549990e+01
9.999988e-01 -5.079257e-05 -1.538203e-03 -3.262014e+00 5.249630e-05 9.999994e-01 1.107655e-03 -5.111081e-01 1.538145e-03 -1.107735e-03 9.999982e-01 2.517577e+01
9.999983e-01 2.393913e-04 -1.809473e-03 -3.624285e+00 -2.406566e-04 9.999997e-01 -6.991504e-04 -5.008525e-01 1.809306e-03 6.995854e-04 9.999981e-01 2.492465e+01
9.999989e-01 -2.341624e-05 -1.466299e-03 -4.096755e+00 2.502656e-05 9.999994e-01 1.098281e-03 -4.848436e-01 1.466272e-03 -1.098317e-03 9.999983e-01 2.469410e+01
9.999986e-01 1.428739e-04 -1.684618e-03 -4.201642e+00 -1.439509e-04 9.999998e-01 -6.392498e-04 -4.793055e-01 1.684527e-03 6.394921e-04 9.999984e-01 2.414846e+01
9.999990e-01 5.217271e-05 -1.436049e-03 -4.449445e+00 -5.046181e-05 9.999993e-01 1.191474e-03 -4.706291e-01 1.436110e-03 -1.191401e-03 9.999983e-01 2.347705e+01
9.999984e-01 2.197185e-04 -1.766658e-03 -4.988458e+00 -2.208481e-04 9.999998e-01 -6.392967e-04 -4.539169e-01 1.766517e-03 6.396865e-04 9.999982e-01 2.296617e+01
9.999988e-01 -4.338037e-05 -1.518528e-03 -5.054312e+00 4.434400e-05 9.999998e-01 6.346236e-04 -4.604438e-01 1.518499e-03 -6.346909e-04 9.999986e-01 2.374873e+01
9.999987e-01 1.435901e-04 -1.587561e-03 -5.200202e+00 -1.444081e-04 9.999999e-01 -5.152535e-04 -4.626700e-01 1.587487e-03 5.154828e-04 9.999986e-01 2.425728e+01
9.999987e-01 2.072200e-04 -1.608119e-03 -6.119802e+00 -2.054914e-04 9.999994e-01 1.075076e-03 -4.340563e-01 1.608341e-03 -1.074745e-03 9.999981e-01 2.395498e+01
9.999983e-01 1.277408e-04 -1.831676e-03 -6.911374e+00 -1.290669e-04 9.999997e-01 -7.239455e-04 -4.076872e-01 1.831583e-03 7.241814e-04 9.999981e-01 2.400122e+01
9.999987e-01 1.062030e-04 -1.596791e-03 -7.462063e+00 -1.043365e-04 9.999993e-01 1.169017e-03 -3.905108e-01 1.596913e-03 -1.168849e-03 9.999980e-01 2.379470e+01
9.999984e-01 1.358148e-04 -1.759698e-03 -7.882603e+00 -1.369373e-04 9.999998e-01 -6.378642e-04 -3.753711e-01 1.759611e-03 6.381048e-04 9.999982e-01 2.325517e+01
9.999986e-01 4.575027e-05 -1.647704e-03 -8.079139e+00 -4.464919e-05 9.999998e-01 6.683469e-04 -3.796243e-01 1.647733e-03 -6.682731e-04 9.999984e-01 2.388210e+01
9.999989e-01 1.511340e-04 -1.496647e-03 -8.062789e+00 -1.522253e-04 9.999997e-01 -7.291715e-04 -4.033012e-01 1.496537e-03 7.293992e-04 9.999986e-01 2.501277e+01
9.999981e-01 -6.946690e-07 -1.966291e-03 -8.133905e+00 2.036828e-06 9.999998e-01 6.826387e-04 -4.156608e-01 1.966290e-03 -6.826421e-04 9.999978e-01 2.588454e+01
9.999985e-01 1.841894e-04 -1.717932e-03 -8.309393e+00 -1.855135e-04 9.999997e-01 -7.706825e-04 -4.176092e-01 1.717790e-03 7.710007e-04 9.999982e-01 2.677024e+01
9.999991e-01 -1.908605e-05 -1.368782e-03 -8.240029e+00 2.012823e-05 9.999997e-01 7.614624e-04 -4.426455e-01 1.368767e-03 -7.614899e-04 9.999988e-01 2.775649e+01
9.999978e-01 2.905383e-04 -2.096064e-03 -8.591542e+00 -2.915649e-04 9.999998e-01 -4.895517e-04 -4.326263e-01 2.095921e-03 4.901625e-04 9.999977e-01 2.780711e+01
9.999992e-01 -1.370353e-04 -1.222615e-03 -8.706372e+00 1.376456e-04 9.999999e-01 4.991407e-04 -4.396084e-01 1.222546e-03 -4.993093e-04 9.999991e-01 2.849379e+01
9.999983e-01 2.708852e-04 -1.830008e-03 -8.647472e+00 -2.717636e-04 9.999998e-01 -4.797944e-04 -4.630864e-01 1.829878e-03 4.802916e-04 9.999982e-01 2.935130e+01
9.999995e-01 -1.275819e-04 -9.743559e-04 -8.163341e+00 1.281450e-04 9.999998e-01 5.779871e-04 -4.736951e-01 9.742816e-04 -5.781124e-04 9.999994e-01 2.952421e+01
9.999983e-01 4.538167e-04 -1.812235e-03 -7.313942e+00 -4.546763e-04 9.999998e-01 -4.739991e-04 -4.769929e-01 1.812020e-03 4.748229e-04 9.999982e-01 2.964412e+01
9.999997e-01 -2.504475e-04 -7.016383e-04 -6.855085e+00 2.508342e-04 9.999998e-01 5.512563e-04 -4.961432e-01 7.014997e-04 -5.514328e-04 9.999996e-01 3.018669e+01
9.999949e-01 5.555284e-04 -3.148158e-03 -7.052749e+00 -5.577683e-04 9.999996e-01 -7.107018e-04 -4.849767e-01 3.147762e-03 7.124549e-04 9.999948e-01 3.114714e+01
9.999999e-01 -3.522901e-04 -2.583593e-04 -6.921491e+00 3.524788e-04 9.999997e-01 7.312793e-04 -4.740963e-01 2.581013e-04 -7.313710e-04 9.999997e-01 3.132326e+01
9.999963e-01 5.597959e-04 -2.676737e-03 -6.641680e+00 -5.615425e-04 9.999996e-01 -6.518312e-04 -4.984406e-01 2.676371e-03 6.533326e-04 9.999962e-01 3.198867e+01
9.999993e-01 -4.027382e-04 -1.089920e-03 -6.545802e+00 4.034253e-04 9.999997e-01 6.304182e-04 -4.865223e-01 1.089666e-03 -6.308582e-04 9.999992e-01 3.272015e+01
9.999947e-01 5.632601e-04 -3.191856e-03 -6.887865e+00 -5.653127e-04 9.999996e-01 -6.422522e-04 -4.695428e-01 3.191494e-03 6.440539e-04 9.999947e-01 3.363902e+01
9.999999e-01 -3.061134e-04 8.846193e-05 -6.701705e+00 3.060461e-04 9.999997e-01 7.577172e-04 -4.927549e-01 -8.869417e-05 -7.576907e-04 9.999997e-01 3.450709e+01
9.999911e-01 5.421340e-04 -4.176318e-03 -6.581145e+00 -5.456531e-04 9.999995e-01 -8.415610e-04 -4.736944e-01 4.175860e-03 8.438330e-04 9.999909e-01 3.519024e+01
9.999997e-01 -3.748643e-04 6.320238e-04 -6.489383e+00 3.742736e-04 9.999995e-01 9.343036e-04 -4.735476e-01 -6.323740e-04 -9.340675e-04 9.999994e-01 3.571863e+01
9.999930e-01 5.843200e-04 -3.693257e-03 -6.613644e+00 -5.865263e-04 9.999997e-01 -5.963806e-04 -4.660063e-01 3.692908e-03 5.985434e-04 9.999930e-01 3.549241e+01
9.999998e-01 -4.413663e-04 4.009591e-04 -6.625498e+00 4.409914e-04 9.999995e-01 9.342689e-04 -4.455845e-01 -4.013715e-04 -9.340926e-04 9.999995e-01 3.503307e+01
9.999941e-01 6.026893e-04 -3.377193e-03 -6.421022e+00 -6.049960e-04 9.999996e-01 -6.820731e-04 -4.479133e-01 3.376781e-03 6.841130e-04 9.999941e-01 3.487581e+01
9.999998e-01 -5.041492e-04 -3.593600e-04 -6.688889e+00 5.044345e-04 9.999996e-01 7.948814e-04 -4.396677e-01 3.589588e-04 -7.950632e-04 9.999996e-01 3.530561e+01
9.999959e-01 6.069595e-04 -2.784832e-03 -6.675832e+00 -6.081231e-04 9.999997e-01 -4.170686e-04 -4.420471e-01 2.784579e-03 4.187611e-04 9.999960e-01 3.490341e+01
9.999999e-01 -4.947263e-04 -1.885900e-04 -6.648083e+00 4.948916e-04 9.999995e-01 8.781595e-04 -4.428861e-01 1.881551e-04 -8.782535e-04 9.999996e-01 3.424439e+01
9.999964e-01 5.356758e-04 -2.628050e-03 -6.201457e+00 -5.373850e-04 9.999996e-01 -6.497565e-04 -4.534323e-01 2.627701e-03 6.511672e-04 9.999963e-01 3.412729e+01
9.999999e-01 -4.031372e-04 -2.307893e-04 -5.890544e+00 4.033316e-04 9.999996e-01 8.438306e-04 -4.773990e-01 2.304487e-04 -8.439243e-04 9.999996e-01 3.469100e+01
9.999955e-01 5.588485e-04 -2.935201e-03 -5.660870e+00 -5.608540e-04 9.999996e-01 -6.825531e-04 -4.964419e-01 2.934818e-03 6.841970e-04 9.999955e-01 3.531835e+01
9.999998e-01 -4.331104e-04 -5.065096e-04 -5.752543e+00 4.335330e-04 9.999996e-01 8.348449e-04 -4.939666e-01 5.061475e-04 -8.350650e-04 9.999995e-01 3.555319e+01
9.999955e-01 8.716752e-04 -2.870776e-03 -6.760994e+00 -8.729634e-04 9.999995e-01 -4.475787e-04 -4.565100e-01 2.870384e-03 4.500834e-04 9.999958e-01 3.556684e+01
9.999995e-01 -7.924185e-04 -6.862869e-04 -7.011081e+00 7.928135e-04 9.999995e-01 5.757321e-04 -4.493102e-01 6.858301e-04 -5.762766e-04 9.999996e-01 3.588969e+01
9.999979e-01 8.864874e-04 -1.847468e-03 -6.337543e+00 -8.870309e-04 9.999996e-01 -2.934883e-04 -4.717025e-01 1.847207e-03 2.951272e-04 9.999983e-01 3.616078e+01
9.999981e-01 -7.915977e-04 -1.799934e-03 -6.531931e+00 7.921375e-04 9.999996e-01 2.992764e-04 -4.633630e-01 1.799696e-03 -3.007023e-04 9.999983e-01 3.687851e+01
9.999982e-01 7.744497e-04 -1.754762e-03 -6.248706e+00 -7.745383e-04 9.999997e-01 -4.990899e-05 -4.639415e-01 1.754723e-03 5.126873e-05 9.999985e-01 3.734299e+01
9.999993e-01 -6.482931e-04 -9.499739e-04 -4.879398e+00 6.485807e-04 9.999997e-01 3.027101e-04 -4.534017e-01 9.497771e-04 -3.033267e-04 9.999995e-01 3.693692e+01
9.999964e-01 8.011122e-04 -2.550837e-03 -3.346366e+00 -8.017402e-04 9.999996e-01 -2.452555e-04 -4.057234e-01 2.550640e-03 2.473004e-04 9.999967e-01 3.658264e+01
9.999993e-01 -6.757688e-04 -9.340576e-04 -1.522176e+00 6.760264e-04 9.999997e-01 2.756122e-04 -3.453881e-01 9.338708e-04 -2.762441e-04 9.999995e-01 3.624108e+01
9.999986e-01 7.949748e-04 -1.457124e-03 3.628922e-01 -7.950702e-04 9.999997e-01 -6.499629e-05 -3.281377e-01 1.457072e-03 6.615542e-05 9.999989e-01 3.580923e+01
9.999995e-01 -6.418794e-04 -8.267831e-04 1.311541e+00 6.421284e-04 9.999997e-01 3.011146e-04 -3.422330e-01 8.265893e-04 -3.016460e-04 9.999996e-01 3.589088e+01
9.999984e-01 8.281986e-04 -1.602935e-03 1.876983e+00 -8.282721e-04 9.999997e-01 -4.527868e-05 -3.639431e-01 1.602897e-03 4.660697e-05 9.999987e-01 3.607926e+01
9.999997e-01 -5.998758e-04 -4.321955e-04 2.728471e+00 6.000137e-04 9.999998e-01 3.192914e-04 -3.861839e-01 4.320036e-04 -3.195513e-04 9.999999e-01 3.626048e+01
9.999978e-01 6.697367e-04 -1.991664e-03 3.342641e+00 -6.697848e-04 9.999998e-01 -2.356616e-05 -4.065363e-01 1.991648e-03 2.490080e-05 9.999980e-01 3.641111e+01
9.999997e-01 -5.288956e-04 -5.069006e-04 3.886424e+00 5.290206e-04 9.999998e-01 2.466949e-04 -4.283835e-01 5.067698e-04 -2.469637e-04 9.999998e-01 3.668705e+01
9.999976e-01 6.548794e-04 -2.098342e-03 4.444560e+00 -6.548486e-04 9.999998e-01 1.527828e-05 -4.368406e-01 2.098352e-03 -1.390344e-05 9.999978e-01 3.647461e+01
9.999996e-01 -4.628210e-04 -7.218869e-04 4.495082e+00 4.630579e-04 9.999998e-01 3.282551e-04 -4.377545e-01 7.217346e-04 -3.285900e-04 9.999997e-01 3.614252e+01
9.999982e-01 6.518129e-04 -1.784717e-03 5.030548e+00 -6.518202e-04 9.999998e-01 -3.577168e-06 -4.461201e-01 1.784715e-03 4.741175e-06 9.999984e-01 3.584036e+01
9.999996e-01 -4.894441e-04 -7.684293e-04 5.352128e+00 4.896018e-04 9.999999e-01 2.052696e-04 -4.581439e-01 7.683284e-04 -2.056464e-04 9.999997e-01 3.594515e+01
9.999984e-01 6.232565e-04 -1.659618e-03 5.868696e+00 -6.232512e-04 9.999998e-01 3.621529e-06 -4.801535e-01 1.659620e-03 -2.586466e-06 9.999986e-01 3.632418e+01
9.999996e-01 -5.040290e-04 -6.763043e-04 6.579748e+00 5.042003e-04 9.999998e-01 2.533329e-04 -5.023264e-01 6.761762e-04 -2.536745e-04 9.999997e-01 3.653176e+01
9.999979e-01 8.222528e-04 -1.888192e-03 7.508837e+00 -8.222830e-04 9.999997e-01 -1.528237e-05 -5.132364e-01 1.888180e-03 1.683567e-05 9.999982e-01 3.664203e+01
9.999997e-01 -6.677804e-04 -3.097638e-04 8.467741e+00 6.678778e-04 9.999997e-01 3.147843e-04 -5.352897e-01 3.095532e-04 -3.149918e-04 9.999999e-01 3.681938e+01
9.999968e-01 8.668001e-04 -2.356816e-03 9.179752e+00 -8.668160e-04 9.999996e-01 -5.781285e-06 -5.599703e-01 2.356810e-03 7.824891e-06 9.999972e-01 3.738214e+01
9.999996e-01 -6.936586e-04 6.058868e-04 1.018994e+01 6.934398e-04 9.999997e-01 3.609758e-04 -5.970104e-01 -6.061373e-04 -3.605562e-04 9.999998e-01 3.796345e+01
9.999963e-01 9.800458e-04 -2.549718e-03 1.113506e+01 -9.800018e-04 9.999995e-01 1.841401e-05 -6.275186e-01 2.549735e-03 -1.591451e-05 9.999967e-01 3.831866e+01
9.999995e-01 -8.181695e-04 5.615355e-04 1.194209e+01 8.180047e-04 9.999996e-01 2.934125e-04 -6.616271e-01 -5.617756e-04 -2.929538e-04 9.999998e-01 3.889158e+01
9.999956e-01 1.048578e-03 -2.790728e-03 1.266132e+01 -1.048458e-03 9.999994e-01 4.445442e-05 -6.959316e-01 2.790773e-03 -4.152757e-05 9.999961e-01 3.959628e+01
9.999993e-01 -8.967597e-04 7.045669e-04 1.344075e+01 8.965652e-04 9.999996e-01 2.760578e-04 -7.289685e-01 -7.048145e-04 -2.754267e-04 9.999997e-01 4.000101e+01
9.999958e-01 1.005425e-03 -2.710708e-03 1.433228e+01 -1.005268e-03 9.999995e-01 5.921194e-05 -7.603484e-01 2.710767e-03 -5.648601e-05 9.999963e-01 4.036953e+01
9.999991e-01 -6.343802e-04 1.158912e-03 1.520916e+01 6.340428e-04 9.999998e-01 2.913593e-04 -8.062306e-01 -1.159097e-03 -2.906250e-04 9.999993e-01 4.115115e+01
9.999973e-01 8.538694e-04 -2.168064e-03 1.639027e+01 -8.536210e-04 9.999996e-01 1.154479e-04 -8.544384e-01 2.168163e-03 -1.135962e-04 9.999976e-01 4.191369e+01
9.999998e-01 -4.834998e-04 4.412475e-04 1.742245e+01 4.833866e-04 9.999999e-01 2.562174e-04 -8.902877e-01 -4.413717e-04 -2.560048e-04 9.999999e-01 4.241731e+01
9.999956e-01 6.461746e-04 -2.909812e-03 1.783902e+01 -6.464113e-04 9.999998e-01 -8.046019e-05 -9.135361e-01 2.909759e-03 8.234146e-05 9.999958e-01 4.287099e+01
9.999998e-01 -4.767265e-04 5.164254e-04 1.833569e+01 4.765965e-04 9.999999e-01 2.513220e-04 -9.356160e-01 -5.165454e-04 -2.510765e-04 9.999998e-01 4.320694e+01
9.999945e-01 6.650419e-04 -3.253916e-03 1.845231e+01 -6.656222e-04 9.999998e-01 -1.772942e-04 -9.540255e-01 3.253797e-03 1.794598e-04 9.999947e-01 4.400650e+01
9.999997e-01 -4.952312e-04 5.734749e-04 1.868780e+01 4.950505e-04 9.999998e-01 3.150215e-04 -9.738143e-01 -5.736311e-04 -3.147382e-04 9.999998e-01 4.464756e+01
9.999952e-01 6.732298e-04 -3.040038e-03 1.910310e+01 -6.736606e-04 9.999998e-01 -1.407497e-04 -9.989038e-01 3.039943e-03 1.427976e-04 9.999954e-01 4.523008e+01
9.999999e-01 -4.846082e-04 1.824567e-04 1.912028e+01 4.845694e-04 9.999999e-01 2.113440e-04 -1.010070e+00 -1.825594e-04 -2.112562e-04 1.000000e+00 4.591371e+01
9.999954e-01 6.204595e-04 -2.965540e-03 1.916703e+01 -6.208348e-04 9.999998e-01 -1.257020e-04 -1.022579e+00 2.965462e-03 1.275432e-04 9.999956e-01 4.657009e+01
9.999999e-01 -4.610372e-04 -1.113167e-04 1.898068e+01 4.610608e-04 9.999999e-01 2.136175e-04 -1.026432e+00 1.112179e-04 -2.136695e-04 1.000000e+00 4.717621e+01
9.999952e-01 6.615463e-04 -3.024198e-03 1.864935e+01 -6.615973e-04 9.999998e-01 -1.593259e-05 -1.024518e+00 3.024187e-03 1.793401e-05 9.999954e-01 4.755241e+01
9.999999e-01 -5.057256e-04 1.501927e-04 1.861854e+01 5.056892e-04 9.999998e-01 2.409421e-04 -1.028086e+00 -1.503148e-04 -2.408668e-04 1.000000e+00 4.776359e+01
9.999956e-01 6.568285e-04 -2.878327e-03 1.874540e+01 -6.571028e-04 9.999998e-01 -9.440556e-05 -1.038866e+00 2.878265e-03 9.629720e-05 9.999959e-01 4.817570e+01
9.999998e-01 -5.075757e-04 -2.631286e-04 1.850356e+01 5.076406e-04 9.999998e-01 2.473262e-04 -1.041640e+00 2.630027e-04 -2.474604e-04 9.999999e-01 4.865058e+01
9.999960e-01 6.321768e-04 -2.773246e-03 1.838010e+01 -6.324642e-04 9.999998e-01 -1.027990e-04 -1.049646e+00 2.773181e-03 1.045533e-04 9.999961e-01 4.906537e+01
9.999999e-01 -5.467478e-04 -2.692349e-05 1.852174e+01 5.467536e-04 9.999998e-01 2.235094e-04 -1.069227e+00 2.680098e-05 -2.235248e-04 1.000000e+00 4.959405e+01
9.999973e-01 6.378661e-04 -2.223872e-03 1.900371e+01 -6.377811e-04 9.999998e-01 3.884534e-05 -1.103562e+00 2.223897e-03 -3.742620e-05 9.999975e-01 5.014869e+01
9.999998e-01 -5.095678e-04 3.849650e-04 1.983589e+01 5.094630e-04 9.999998e-01 2.717515e-04 -1.143197e+00 -3.851037e-04 -2.715560e-04 9.999999e-01 5.069755e+01
9.999965e-01 6.775787e-04 -2.545191e-03 2.051881e+01 -6.775084e-04 9.999998e-01 2.840471e-05 -1.180229e+00 2.545210e-03 -2.667953e-05 9.999968e-01 5.124923e+01
9.999998e-01 -5.467605e-04 1.058457e-04 2.115147e+01 5.467324e-04 9.999998e-01 2.641126e-04 -1.211652e+00 -1.059904e-04 -2.640554e-04 1.000000e+00 5.175278e+01
9.999963e-01 6.088629e-04 -2.635737e-03 2.209138e+01 -6.087468e-04 9.999998e-01 4.476890e-05 -1.231602e+00 2.635764e-03 -4.316355e-05 9.999965e-01 5.197632e+01
9.999999e-01 -4.410223e-04 2.110207e-04 2.275693e+01 4.409734e-04 9.999999e-01 2.310781e-04 -1.259395e+00 -2.111228e-04 -2.309858e-04 1.000000e+00 5.234936e+01
9.999970e-01 5.230515e-04 -2.409420e-03 2.345941e+01 -5.229263e-04 9.999999e-01 5.250486e-05 -1.290278e+00 2.409448e-03 -5.124406e-05 9.999971e-01 5.278439e+01
9.999999e-01 -3.346472e-04 2.638488e-04 2.417252e+01 3.345839e-04 9.999999e-01 2.394498e-04 -1.326385e+00 -2.639292e-04 -2.393622e-04 9.999999e-01 5.332584e+01
9.999944e-01 6.135766e-04 -3.283780e-03 2.466077e+01 -6.141706e-04 9.999998e-01 -1.799558e-04 -1.338719e+00 3.283669e-03 1.819722e-04 9.999946e-01 5.409460e+01
9.999999e-01 -4.423809e-04 -8.606357e-05 2.502114e+01 4.424019e-04 9.999999e-01 2.467356e-04 -1.338718e+00 8.595411e-05 -2.467744e-04 1.000000e+00 5.487412e+01
9.999965e-01 6.117735e-04 -2.580889e-03 2.545510e+01 -6.119004e-04 9.999998e-01 -4.847192e-05 -1.366797e+00 2.580859e-03 5.005169e-05 9.999967e-01 5.553478e+01
9.999998e-01 -4.627968e-04 3.489427e-04 2.624241e+01 4.626747e-04 9.999998e-01 3.494463e-04 -1.399750e+00 -3.491047e-04 -3.492855e-04 9.999999e-01 5.605464e+01
9.999966e-01 6.968382e-04 -2.521260e-03 2.691878e+01 -6.971884e-04 9.999997e-01 -1.381204e-04 -1.431072e+00 2.521164e-03 1.398784e-04 9.999968e-01 5.661670e+01
9.999995e-01 -4.203199e-04 9.119159e-04 2.891333e+01 4.199418e-04 9.999998e-01 4.145913e-04 -1.444175e+00 -9.120903e-04 -4.142089e-04 9.999995e-01 5.643873e+01
9.999968e-01 7.310237e-04 -2.402061e-03 3.079114e+01 -7.311298e-04 9.999997e-01 -4.338699e-05 -1.450762e+00 2.402029e-03 4.514376e-05 9.999971e-01 5.611680e+01
9.999999e-01 -4.920966e-04 3.269359e-05 3.206434e+01 4.920827e-04 9.999998e-01 4.167407e-04 -1.464753e+00 -3.289895e-05 -4.167252e-04 9.999999e-01 5.606305e+01
9.999958e-01 1.060935e-03 -2.687618e-03 3.628591e+01 -1.061103e-03 9.999994e-01 -6.112207e-05 -1.383202e+00 2.687552e-03 6.397435e-05 9.999964e-01 5.354103e+01
9.999996e-01 -5.920999e-04 7.386188e-04 3.841733e+01 5.915858e-04 9.999996e-01 6.957755e-04 -1.339990e+00 -7.390308e-04 -6.953389e-04 9.999995e-01 5.153197e+01
9.999918e-01 8.402825e-04 -3.965442e-03 3.771604e+01 -8.407210e-04 9.999996e-01 -1.089817e-04 -1.322921e+00 3.965350e-03 1.123154e-04 9.999921e-01 5.133901e+01
9.999996e-01 -6.248841e-04 6.035195e-04 3.712665e+01 6.245968e-04 9.999997e-01 4.757221e-04 -1.307320e+00 -6.038169e-04 -4.753456e-04 9.999997e-01 5.135295e+01
9.999934e-01 5.577226e-04 -3.599736e-03 3.774984e+01 -5.585467e-04 9.999998e-01 -2.279783e-04 -1.311230e+00 3.599609e-03 2.299881e-04 9.999935e-01 5.104802e+01
9.999997e-01 -4.432857e-04 6.470506e-04 3.790964e+01 4.429534e-04 9.999998e-01 5.133488e-04 -1.320430e+00 -6.472783e-04 -5.130627e-04 9.999997e-01 5.095534e+01
9.999938e-01 1.127392e-03 -3.325008e-03 3.759819e+01 -1.128307e-03 9.999993e-01 -2.735434e-04 -1.316541e+00 3.324698e-03 2.772940e-04 9.999944e-01 5.136614e+01
9.999996e-01 -6.290267e-04 5.592453e-04 3.714252e+01 6.284724e-04 9.999993e-01 9.904499e-04 -1.286018e+00 -5.598682e-04 -9.900988e-04 9.999994e-01 5.050973e+01
9.999960e-01 1.240288e-03 -2.529457e-03 3.788281e+01 -1.242070e-03 9.999990e-01 -7.028311e-04 -1.299049e+00 2.528583e-03 7.059707e-04 9.999966e-01 5.052234e+01
9.999995e-01 -8.409482e-04 5.488990e-04 3.893166e+01 8.404324e-04 9.999992e-01 9.388081e-04 -1.322852e+00 -5.496883e-04 -9.383470e-04 9.999994e-01 5.111904e+01
9.999938e-01 1.326438e-03 -3.270705e-03 3.951647e+01 -1.328934e-03 9.999988e-01 -7.612961e-04 -1.339545e+00 3.269692e-03 7.656386e-04 9.999944e-01 5.230075e+01
9.999995e-01 -9.886554e-04 6.035654e-05 3.962763e+01 9.886014e-04 9.999991e-01 8.858093e-04 -1.340407e+00 -6.123254e-05 -8.857499e-04 9.999996e-01 5.342961e+01
9.999939e-01 1.431341e-03 -3.200415e-03 3.971595e+01 -1.433815e-03 9.999987e-01 -7.708790e-04 -1.342924e+00 3.199307e-03 7.754638e-04 9.999946e-01 5.458857e+01
9.999991e-01 -1.341633e-03 -1.101358e-04 4.017174e+01 1.341747e-03 9.999986e-01 1.043567e-03 -1.347465e+00 1.087353e-04 -1.043715e-03 9.999994e-01 5.490251e+01
9.999947e-01 1.647985e-03 -2.798886e-03 4.120594e+01 -1.650200e-03 9.999983e-01 -7.891706e-04 -1.356378e+00 2.797581e-03 7.937858e-04 9.999958e-01 5.538502e+01
9.999993e-01 -1.184144e-03 -2.727836e-04 4.200666e+01 1.184401e-03 9.999989e-01 9.440020e-04 -1.367662e+00 2.716652e-04 -9.443251e-04 9.999995e-01 5.655919e+01
9.999926e-01 1.333368e-03 -3.616689e-03 4.189283e+01 -1.336348e-03 9.999988e-01 -8.216961e-04 -1.353020e+00 3.615590e-03 8.265238e-04 9.999931e-01 5.734194e+01
9.999992e-01 -1.253721e-03 4.326837e-05 4.165816e+01 1.253678e-03 9.999987e-01 9.774863e-04 -1.343822e+00 -4.449410e-05 -9.774319e-04 9.999995e-01 5.782215e+01
9.999943e-01 1.538923e-03 -2.996340e-03 4.200242e+01 -1.541392e-03 9.999985e-01 -8.218419e-04 -1.366364e+00 2.995071e-03 8.264565e-04 9.999952e-01 5.849775e+01
9.999993e-01 -1.169990e-03 2.285050e-04 4.229026e+01 1.169774e-03 9.999989e-01 9.446991e-04 -1.400286e+00 -2.296103e-04 -9.444318e-04 9.999995e-01 5.975270e+01
9.999952e-01 1.560266e-03 -2.685877e-03 4.275616e+01 -1.562341e-03 9.999985e-01 -7.706275e-04 -1.435970e+00 2.684670e-03 7.748208e-04 9.999961e-01 6.080230e+01
9.999989e-01 -1.382556e-03 5.235850e-04 4.410569e+01 1.381943e-03 9.999984e-01 1.168648e-03 -1.451616e+00 -5.252001e-04 -1.167924e-03 9.999992e-01 6.081509e+01
9.999954e-01 1.587732e-03 -2.592146e-03 4.522599e+01 -1.589924e-03 9.999984e-01 -8.439584e-04 -1.465420e+00 2.590802e-03 8.480765e-04 9.999963e-01 6.074933e+01
9.999991e-01 -1.335341e-03 -3.009930e-04 4.544155e+01 1.335636e-03 9.999986e-01 9.815206e-04 -1.492505e+00 2.996817e-04 -9.819223e-04 9.999995e-01 6.170977e+01
9.999964e-01 1.350426e-03 -2.300299e-03 4.618623e+01 -1.351981e-03 9.999989e-01 -6.749575e-04 -1.510923e+00 2.299385e-03 6.780658e-04 9.999971e-01 6.179309e+01
9.999987e-01 -1.326424e-03 -9.248574e-04 4.795182e+01 1.327320e-03 9.999987e-01 9.683328e-04 -1.478220e+00 9.235714e-04 -9.695598e-04 9.999991e-01 6.068329e+01
9.999983e-01 1.430742e-03 -1.203395e-03 4.881160e+01 -1.431560e-03 9.999987e-01 -6.788910e-04 -1.490878e+00 1.202423e-03 6.806132e-04 9.999990e-01 6.060600e+01
9.999967e-01 -1.234819e-03 -2.250215e-03 4.858458e+01 1.236271e-03 9.999990e-01 6.440985e-04 -1.491506e+00 2.249417e-03 -6.468790e-04 9.999973e-01 6.161961e+01
9.999982e-01 1.446221e-03 -1.254061e-03 4.828533e+01 -1.447140e-03 9.999987e-01 -7.326072e-04 -1.487875e+00 1.253000e-03 7.344213e-04 9.999989e-01 6.260998e+01
9.999965e-01 -1.062174e-03 -2.441689e-03 4.804502e+01 1.063668e-03 9.999992e-01 6.109784e-04 -1.485965e+00 2.441038e-03 -6.135741e-04 9.999968e-01 6.392364e+01
9.999981e-01 1.236267e-03 -1.517520e-03 4.808237e+01 -1.237067e-03 9.999991e-01 -5.265480e-04 -1.479167e+00 1.516868e-03 5.284250e-04 9.999987e-01 6.454697e+01
9.999959e-01 -1.022602e-03 -2.670566e-03 4.807559e+01 1.024379e-03 9.999993e-01 6.642132e-04 -1.458596e+00 2.669884e-03 -6.669468e-04 9.999962e-01 6.472921e+01
9.999979e-01 1.222466e-03 -1.653359e-03 4.836214e+01 -1.223422e-03 9.999991e-01 -5.776437e-04 -1.430814e+00 1.652652e-03 5.796659e-04 9.999985e-01 6.494668e+01
9.999957e-01 -1.337261e-03 -2.625931e-03 4.947597e+01 1.340365e-03 9.999984e-01 1.180933e-03 -1.380347e+00 2.624348e-03 -1.184448e-03 9.999959e-01 6.314211e+01
9.999984e-01 1.242179e-03 -1.260845e-03 5.179570e+01 -1.242945e-03 9.999990e-01 -6.074807e-04 -1.293193e+00 1.260090e-03 6.090476e-04 9.999990e-01 6.026976e+01
9.999955e-01 -1.276236e-03 -2.719062e-03 5.487489e+01 1.279699e-03 9.999984e-01 1.272367e-03 -1.184979e+00 2.717434e-03 -1.275841e-03 9.999955e-01 5.682655e+01
9.999986e-01 1.223926e-03 -1.140429e-03 5.683720e+01 -1.224639e-03 9.999991e-01 -6.241846e-04 -1.109750e+00 1.139664e-03 6.255810e-04 9.999992e-01 5.415495e+01
9.999948e-01 -1.146642e-03 -3.024221e-03 5.726778e+01 1.149730e-03 9.999988e-01 1.019671e-03 -1.078810e+00 3.023048e-03 -1.023143e-03 9.999949e-01 5.342609e+01
9.999986e-01 1.186117e-03 -1.199658e-03 5.865895e+01 -1.187114e-03 9.999989e-01 -8.312055e-04 -1.055978e+00 1.198671e-03 8.326291e-04 9.999989e-01 5.305783e+01
9.999955e-01 -1.118353e-03 -2.786009e-03 5.901389e+01 1.121125e-03 9.999989e-01 9.935751e-04 -1.034317e+00 2.784894e-03 -9.966947e-04 9.999956e-01 5.335968e+01
9.999979e-01 1.385011e-03 -1.501821e-03 5.889327e+01 -1.386120e-03 9.999988e-01 -7.375976e-04 -1.017975e+00 1.500798e-03 7.396785e-04 9.999986e-01 5.331770e+01
9.999973e-01 -1.420289e-03 -1.853685e-03 5.997424e+01 1.422150e-03 9.999985e-01 1.002969e-03 -1.026347e+00 1.852258e-03 -1.005603e-03 9.999978e-01 5.346575e+01
9.999988e-01 1.555045e-03 -1.140084e-04 6.145582e+01 -1.555121e-03 9.999986e-01 -6.731962e-04 -1.046847e+00 1.129616e-04 6.733733e-04 9.999998e-01 5.364634e+01
9.999948e-01 -1.305654e-03 -2.936693e-03 6.170952e+01 1.308052e-03 9.999988e-01 8.149328e-04 -1.060422e+00 2.935626e-03 -8.187707e-04 9.999954e-01 5.442995e+01
9.999986e-01 1.692387e-03 -1.742524e-04 6.175334e+01 -1.692551e-03 9.999981e-01 -9.466436e-04 -1.079987e+00 1.726503e-04 9.469378e-04 9.999995e-01 5.580852e+01
9.999922e-01 -1.392304e-03 -3.686619e-03 6.193217e+01 1.395936e-03 9.999985e-01 9.827674e-04 -1.093038e+00 3.685245e-03 -9.879067e-04 9.999927e-01 5.699887e+01
9.999986e-01 1.664253e-03 -2.670489e-05 6.212237e+01 -1.664279e-03 9.999981e-01 -1.003354e-03 -1.089957e+00 2.503527e-05 1.003397e-03 9.999995e-01 5.794596e+01
9.999937e-01 -8.570310e-04 -3.439261e-03 6.253884e+01 8.598590e-04 9.999993e-01 8.209687e-04 -1.095914e+00 3.438554e-03 -8.239215e-04 9.999937e-01 5.987287e+01
9.999990e-01 1.355752e-03 -3.490397e-04 6.300824e+01 -1.356024e-03 9.999988e-01 -7.791195e-04 -1.066893e+00 3.479832e-04 7.795928e-04 9.999996e-01 6.113594e+01
9.999948e-01 -7.949478e-04 -3.120938e-03 6.405445e+01 7.978508e-04 9.999993e-01 9.291122e-04 -1.042224e+00 3.120197e-03 -9.315981e-04 9.999947e-01 6.211114e+01
9.999990e-01 1.343793e-03 -3.235954e-04 6.441647e+01 -1.344079e-03 9.999987e-01 -8.863043e-04 -1.037725e+00 3.224042e-04 8.867391e-04 9.999996e-01 6.380677e+01
9.999959e-01 -9.595147e-04 -2.691361e-03 6.463545e+01 9.620536e-04 9.999991e-01 9.423305e-04 -1.055779e+00 2.690454e-03 -9.449165e-04 9.999959e-01 6.511967e+01
9.999991e-01 1.308685e-03 8.017800e-07 6.488284e+01 -1.308683e-03 9.999987e-01 -9.009793e-04 -1.086400e+00 -1.980614e-06 9.009781e-04 9.999996e-01 6.632725e+01
9.999956e-01 -9.378249e-04 -2.819881e-03 6.506484e+01 9.403794e-04 9.999991e-01 9.048080e-04 -1.117143e+00 2.819030e-03 -9.074564e-04 9.999956e-01 6.768711e+01
9.999990e-01 1.365335e-03 -3.812602e-04 6.503703e+01 -1.365706e-03 9.999986e-01 -9.738822e-04 -1.131821e+00 3.799302e-04 9.744026e-04 9.999995e-01 6.905042e+01
9.999957e-01 -1.091624e-03 -2.732721e-03 6.509596e+01 1.094414e-03 9.999989e-01 1.019887e-03 -1.146527e+00 2.731604e-03 -1.022874e-03 9.999957e-01 7.019439e+01
9.999991e-01 1.294899e-03 -2.602409e-04 6.526907e+01 -1.295133e-03 9.999988e-01 -9.005467e-04 -1.166892e+00 2.590747e-04 9.008836e-04 9.999996e-01 7.094357e+01
9.999951e-01 -1.180594e-03 -2.907107e-03 6.565805e+01 1.183712e-03 9.999987e-01 1.071205e-03 -1.188032e+00 2.905838e-03 -1.074642e-03 9.999952e-01 7.151379e+01
9.999992e-01 1.220274e-03 -3.841046e-04 6.626105e+01 -1.220614e-03 9.999989e-01 -8.892416e-04 -1.197856e+00 3.830193e-04 8.897104e-04 9.999995e-01 7.172595e+01
9.999940e-01 -1.141254e-03 -3.256469e-03 6.630335e+01 1.145471e-03 9.999985e-01 1.293477e-03 -1.192692e+00 3.254987e-03 -1.297200e-03 9.999939e-01 7.121119e+01
9.999993e-01 1.170960e-03 -3.394143e-04 6.661154e+01 -1.171173e-03 9.999991e-01 -6.302715e-04 -1.167571e+00 3.386762e-04 6.306692e-04 9.999997e-01 6.957749e+01
9.999959e-01 -9.006333e-04 -2.719289e-03 6.675064e+01 9.043161e-04 9.999987e-01 1.353480e-03 -1.141587e+00 2.718066e-03 -1.355934e-03 9.999954e-01 6.773703e+01
9.999992e-01 1.140826e-03 -5.253794e-04 6.648023e+01 -1.141134e-03 9.999992e-01 -5.871079e-04 -1.126912e+00 5.247094e-04 5.877076e-04 9.999997e-01 6.651141e+01
9.999952e-01 -8.772845e-04 -2.976732e-03 6.634855e+01 8.817523e-04 9.999985e-01 1.500018e-03 -1.100907e+00 2.975411e-03 -1.502637e-03 9.999944e-01 6.466419e+01
9.999989e-01 1.230904e-03 -8.100985e-04 6.646326e+01 -1.231207e-03 9.999992e-01 -3.734866e-04 -1.049961e+00 8.096384e-04 3.744842e-04 9.999996e-01 6.163519e+01
9.999969e-01 -9.042982e-04 -2.327885e-03 6.659354e+01 9.068673e-04 9.999990e-01 1.102908e-03 -1.020953e+00 2.326885e-03 -1.105016e-03 9.999967e-01 5.967739e+01
9.999981e-01 1.092104e-03 -1.630653e-03 6.673149e+01 -1.092493e-03 9.999994e-01 -2.377711e-04 -9.873613e-01 1.630392e-03 2.395528e-04 9.999986e-01 5.757305e+01
9.999983e-01 -7.666206e-04 -1.684391e-03 6.699658e+01 7.685080e-04 9.999991e-01 1.120320e-03 -9.430292e-01 1.683530e-03 -1.121613e-03 9.999980e-01 5.497787e+01
9.999985e-01 7.663263e-04 -1.567714e-03 6.772268e+01 -7.675993e-04 9.999994e-01 -8.117258e-04 -9.241942e-01 1.567091e-03 8.129286e-04 9.999984e-01 5.392227e+01
9.999987e-01 -6.930349e-04 -1.473256e-03 6.848157e+01 6.946134e-04 9.999992e-01 1.071351e-03 -9.301930e-01 1.472512e-03 -1.072374e-03 9.999983e-01 5.387788e+01
9.999967e-01 7.508774e-04 -2.440714e-03 6.858769e+01 -7.517540e-04 9.999997e-01 -3.583890e-04 -9.103321e-01 2.440445e-03 3.602233e-04 9.999970e-01 5.233515e+01
9.999998e-01 -3.318926e-04 -5.498980e-04 6.867167e+01 3.325498e-04 9.999992e-01 1.195991e-03 -8.788123e-01 5.495003e-04 -1.196174e-03 9.999991e-01 5.023547e+01
9.999960e-01 3.372245e-04 -2.818760e-03 6.890384e+01 -3.397520e-04 9.999995e-01 -8.963424e-04 -8.815935e-01 2.818457e-03 8.972972e-04 9.999956e-01 4.993185e+01
1.000000e+00 -1.596248e-04 -2.695057e-04 6.902156e+01 1.598899e-04 9.999995e-01 9.851492e-04 -9.023603e-01 2.693481e-04 -9.851929e-04 9.999995e-01 5.065642e+01
9.999958e-01 2.929957e-04 -2.896678e-03 6.905305e+01 -2.957263e-04 9.999995e-01 -9.423709e-04 -9.226629e-01 2.896401e-03 9.432242e-04 9.999954e-01 5.144788e+01
9.999999e-01 -3.205049e-04 -4.008479e-04 6.914338e+01 3.209855e-04 9.999992e-01 1.200241e-03 -9.359174e-01 4.004626e-04 -1.200371e-03 9.999992e-01 5.154866e+01
9.999964e-01 4.346133e-04 -2.660101e-03 6.932434e+01 -4.374482e-04 9.999993e-01 -1.065350e-03 -9.531834e-01 2.659637e-03 1.066511e-03 9.999959e-01 5.207490e+01
9.999997e-01 -3.608395e-04 -6.198462e-04 6.952601e+01 3.615988e-04 9.999992e-01 1.225809e-03 -9.674442e-01 6.194031e-04 -1.226034e-03 9.999991e-01 5.259460e+01
