9.999958e-01 9.320353e-04 -2.747518e-03 8.771818e-01 -9.320070e-04 9.999996e-01 1.160992e-05 2.048608e-02 2.747527e-03 -9.049878e-06 9.999962e-01 1.748115e+00
9.999995e-01 -2.226310e-04 9.751294e-04 2.614624e+00 2.224113e-04 9.999999e-01 2.254491e-04 1.811228e-02 -9.751792e-04 -2.252314e-04 9.999995e-01 3.060616e+00
9.999941e-01 8.136882e-04 -3.331232e-03 3.744784e+00 -8.139945e-04 9.999997e-01 -9.058304e-05 2.645853e-02 3.331156e-03 9.329340e-05 9.999944e-01 4.472273e+00
9.999999e-01 -3.256373e-04 -1.159939e-04 3.630259e+00 3.256413e-04 9.999999e-01 3.398918e-05 2.642278e-02 1.159832e-04 -3.402624e-05 1.000000e+00 6.042460e+00
9.999951e-01 7.266551e-04 -3.049142e-03 3.806789e+00 -7.264573e-04 9.999997e-01 6.598803e-05 1.978990e-02 3.049189e-03 -6.377335e-05 9.999953e-01 7.314216e+00
9.999999e-01 -3.883484e-04 1.950675e-04 4.267151e+00 3.883307e-04 9.999999e-01 9.096717e-05 -9.313300e-04 -1.951025e-04 -9.089070e-05 1.000000e+00 8.145808e+00
9.999944e-01 9.048991e-04 -3.210590e-03 4.680241e+00 -9.048372e-04 9.999996e-01 2.074104e-05 -1.651728e-02 3.210607e-03 -1.783658e-05 9.999948e-01 9.360247e+00
9.999998e-01 -2.557998e-04 5.963946e-04 5.244473e+00 2.557454e-04 1.000000e+00 9.138214e-05 -3.667914e-02 -5.964176e-04 -9.122888e-05 9.999998e-01 1.088761e+01
9.999928e-01 1.032208e-03 -3.645912e-03 5.044843e+00 -1.033140e-03 9.999994e-01 -2.537523e-04 -3.698594e-02 3.645647e-03 2.575165e-04 9.999933e-01 1.324888e+01
9.999997e-01 -8.342213e-05 7.488218e-04 4.897139e+00 8.338680e-05 1.000000e+00 4.725853e-05 -3.809129e-02 -7.488254e-04 -4.719536e-05 9.999997e-01 1.588772e+01
9.999908e-01 8.917775e-04 -4.184436e-03 4.351720e+00 -8.932691e-04 9.999995e-01 -3.546104e-04 -1.349952e-02 4.184118e-03 3.583442e-04 9.999912e-01 1.854449e+01
9.999995e-01 -1.841988e-04 1.024133e-03 4.262389e+00 1.838563e-04 9.999999e-01 3.345335e-04 -5.811200e-03 -1.024194e-03 -3.343443e-04 9.999994e-01 2.069446e+01
9.999934e-01 8.104760e-04 -3.546030e-03 5.682342e+00 -8.109609e-04 9.999997e-01 -1.352800e-04 6.479690e-03 3.545919e-03 1.381540e-04 9.999937e-01 2.156431e+01
9.999991e-01 -3.180530e-04 1.284090e-03 7.022384e+00 3.175440e-04 9.999999e-01 3.966565e-04 1.273910e-02 -1.284216e-03 -3.962477e-04 9.999991e-01 2.250527e+01
9.999901e-01 1.180082e-03 -4.298176e-03 7.225156e+00 -1.181824e-03 9.999992e-01 -4.026679e-04 8.589195e-03 4.297697e-03 4.077428e-04 9.999907e-01 2.453759e+01
9.999976e-01 -1.439469e-04 2.199765e-03 7.615845e+00 1.430909e-04 9.999999e-01 3.892955e-04 -1.674663e-02 -2.199821e-03 -3.889791e-04 9.999975e-01 2.736021e+01
9.999882e-01 8.648314e-04 -4.771133e-03 7.668967e+00 -8.668936e-04 9.999995e-01 -4.301737e-04 -1.798512e-02 4.770759e-03 4.343040e-04 9.999885e-01 2.965864e+01
9.999989e-01 -3.337595e-04 1.463897e-03 7.717194e+00 3.330909e-04 9.999998e-01 4.569941e-04 -2.121853e-02 -1.464049e-03 -4.565052e-04 9.999988e-01 3.124835e+01
9.999928e-01 8.548454e-04 -3.701774e-03 8.588178e+00 -8.557958e-04 9.999996e-01 -2.551426e-04 -5.293980e-02 3.701554e-03 2.583080e-04 9.999931e-01 3.254080e+01
9.999999e-01 -1.841967e-04 3.719181e-04 8.573568e+00 1.841145e-04 1.000000e+00 2.210171e-04 -5.293447e-02 -3.719584e-04 -2.209479e-04 9.999999e-01 3.433069e+01
9.999933e-01 1.092064e-03 -3.500599e-03 8.425237e+00 -1.093526e-03 9.999993e-01 -4.157243e-04 -5.241601e-02 3.500142e-03 4.195488e-04 9.999938e-01 3.688499e+01
9.999997e-01 1.321992e-04 8.235974e-04 8.660190e+00 -1.324119e-04 1.000000e+00 2.582443e-04 -6.284168e-02 -8.235629e-04 -2.583526e-04 9.999996e-01 4.000678e+01
9.999962e-01 9.911783e-04 -2.584242e-03 9.982649e+00 -9.917663e-04 9.999995e-01 -2.262449e-04 -7.549092e-02 2.584016e-03 2.288063e-04 9.999966e-01 4.276651e+01
1.000000e+00 1.201241e-04 1.127438e-04 1.042117e+01 -1.201406e-04 1.000000e+00 1.471471e-04 -6.912903e-02 -1.127258e-04 -1.471600e-04 1.000000e+00 4.567695e+01
9.999972e-01 1.054150e-03 -2.111206e-03 1.065506e+01 -1.054924e-03 9.999994e-01 -3.655993e-04 -9.746145e-02 2.110819e-03 3.678248e-04 9.999977e-01 4.899402e+01
9.999999e-01 2.232350e-04 -3.532285e-04 1.086732e+01 -2.231686e-04 1.000000e+00 1.877654e-04 -1.043816e-01 3.532708e-04 -1.876858e-04 9.999999e-01 5.228646e+01
9.999980e-01 7.912422e-04 -1.835907e-03 1.145389e+01 -7.916770e-04 9.999997e-01 -2.360936e-04 -1.275827e-01 1.835719e-03 2.375459e-04 9.999983e-01 5.514093e+01
9.999993e-01 -1.458767e-05 -1.203478e-03 1.153340e+01 1.469817e-05 1.000000e+00 9.177136e-05 -1.436858e-01 1.203477e-03 -9.178827e-05 9.999993e-01 5.760829e+01
9.999985e-01 1.084676e-03 -1.322760e-03 1.216491e+01 -1.084900e-03 9.999994e-01 -1.687134e-04 -1.677046e-01 1.322576e-03 1.701475e-04 9.999991e-01 6.012337e+01
9.999986e-01 -3.369029e-04 -1.638656e-03 1.237415e+01 3.370768e-04 9.999999e-01 1.058167e-04 -1.657764e-01 1.638620e-03 -1.063682e-04 9.999987e-01 6.251729e+01
9.999985e-01 1.007913e-03 -1.381261e-03 1.236354e+01 -1.008164e-03 9.999995e-01 -1.811552e-04 -1.770279e-01 1.381078e-03 1.825468e-04 9.999990e-01 6.456774e+01
9.999989e-01 -2.310634e-04 -1.490016e-03 1.248540e+01 2.312119e-04 1.000000e+00 9.946997e-05 -1.943175e-01 1.489993e-03 -9.981365e-05 9.999989e-01 6.676715e+01
9.999986e-01 9.317862e-04 -1.359068e-03 1.252207e+01 -9.320752e-04 9.999995e-01 -2.119826e-04 -2.084228e-01 1.358869e-03 2.132484e-04 9.999991e-01 6.903989e+01
9.999985e-01 -3.055660e-04 -1.722038e-03 1.235769e+01 3.056826e-04 1.000000e+00 6.740338e-05 -2.120199e-01 1.722017e-03 -6.792896e-05 9.999985e-01 7.093522e+01
9.999989e-01 7.136160e-04 -1.269232e-03 1.236721e+01 -7.136838e-04 9.999997e-01 -5.293317e-05 -2.225806e-01 1.269194e-03 5.383823e-05 9.999992e-01 7.245101e+01
9.999980e-01 -4.501304e-04 -1.952541e-03 1.246034e+01 4.504143e-04 9.999999e-01 1.449183e-04 -2.338043e-01 1.952476e-03 -1.457968e-04 9.999981e-01 7.336349e+01
9.999987e-01 9.033063e-04 -1.318681e-03 1.234214e+01 -9.035109e-04 9.999996e-01 -1.545109e-04 -2.335144e-01 1.318541e-03 1.557015e-04 9.999991e-01 7.458470e+01
9.999979e-01 -5.690781e-04 -1.984470e-03 1.223366e+01 5.695091e-04 9.999998e-01 2.165714e-04 -2.308080e-01 1.984347e-03 -2.177004e-04 9.999980e-01 7.585187e+01
9.999987e-01 8.578514e-04 -1.374714e-03 1.207898e+01 -8.580424e-04 9.999996e-01 -1.383302e-04 -2.227281e-01 1.374595e-03 1.395089e-04 9.999990e-01 7.668390e+01
9.999976e-01 -6.529491e-04 -2.093867e-03 1.173289e+01 6.535058e-04 9.999998e-01 2.651574e-04 -2.107813e-01 2.093694e-03 -2.665244e-04 9.999978e-01 7.729452e+01
9.999988e-01 8.743606e-04 -1.248603e-03 1.151412e+01 -8.746011e-04 9.999996e-01 -1.920255e-04 -2.083017e-01 1.248435e-03 1.931165e-04 9.999992e-01 7.795369e+01
9.999979e-01 -7.136693e-04 -1.934475e-03 1.151097e+01 7.143035e-04 9.999997e-01 3.271395e-04 -2.142947e-01 1.934242e-03 -3.285199e-04 9.999981e-01 7.851687e+01
9.999990e-01 9.539898e-04 -1.085540e-03 1.169358e+01 -9.541983e-04 9.999995e-01 -1.915197e-04 -2.321338e-01 1.085356e-03 1.925547e-04 9.999994e-01 7.926228e+01
9.999976e-01 -7.513854e-04 -2.054041e-03 1.179332e+01 7.520751e-04 9.999997e-01 3.349826e-04 -2.449944e-01 2.053789e-03 -3.365259e-04 9.999978e-01 7.990650e+01
9.999991e-01 8.434140e-04 -1.038852e-03 1.214829e+01 -8.435090e-04 9.999996e-01 -9.096313e-05 -2.544247e-01 1.038775e-03 9.183861e-05 9.999995e-01 8.014446e+01
9.999975e-01 -6.847624e-04 -2.109220e-03 1.196451e+01 6.854043e-04 9.999997e-01 3.036220e-04 -2.525547e-01 2.109011e-03 -3.050663e-04 9.999977e-01 8.039088e+01
9.999988e-01 1.004453e-03 -1.146612e-03 1.194568e+01 -1.004687e-03 9.999995e-01 -2.037770e-04 -2.500962e-01 1.146406e-03 2.049280e-04 9.999993e-01 8.113826e+01
9.999972e-01 -7.941309e-04 -2.229086e-03 1.183901e+01 7.947630e-04 9.999996e-01 2.827005e-04 -2.530752e-01 2.228862e-03 -2.844706e-04 9.999975e-01 8.216887e+01
9.999991e-01 9.236617e-04 -9.520823e-04 1.180536e+01 -9.238844e-04 9.999995e-01 -2.334043e-04 -2.657695e-01 9.518660e-04 2.342830e-04 9.999995e-01 8.285664e+01
9.999971e-01 -8.091677e-04 -2.257176e-03 1.174349e+01 8.097856e-04 9.999996e-01 2.728357e-04 -2.763279e-01 2.256954e-03 -2.746621e-04 9.999974e-01 8.349581e+01
9.999993e-01 9.270845e-04 -7.138434e-04 1.199313e+01 -9.271365e-04 9.999996e-01 -7.228982e-05 -2.938610e-01 7.137757e-04 7.295089e-05 9.999997e-01 8.389143e+01
9.999970e-01 -8.092293e-04 -2.327054e-03 1.209082e+01 8.097071e-04 9.999997e-01 2.043594e-04 -3.117132e-01 2.326889e-03 -2.062423e-04 9.999973e-01 8.440956e+01
9.999992e-01 9.343508e-04 -8.280860e-04 1.196288e+01 -9.344291e-04 9.999996e-01 -9.399265e-05 -3.186247e-01 8.279975e-04 9.476565e-05 9.999997e-01 8.489314e+01
9.999971e-01 -8.164070e-04 -2.252259e-03 1.197097e+01 8.170684e-04 9.999996e-01 2.927052e-04 -3.281089e-01 2.252019e-03 -2.945439e-04 9.999974e-01 8.518575e+01
9.999993e-01 1.003057e-03 -6.788873e-04 1.215725e+01 -1.003168e-03 9.999995e-01 -1.630750e-04 -3.486250e-01 6.787230e-04 1.637552e-04 9.999998e-01 8.582282e+01
9.999971e-01 -8.622711e-04 -2.244691e-03 1.254435e+01 8.630474e-04 9.999996e-01 3.448798e-04 -3.690995e-01 2.244393e-03 -3.468154e-04 9.999974e-01 8.628754e+01
9.999992e-01 1.063259e-03 -6.792620e-04 1.279568e+01 -1.063423e-03 9.999994e-01 -2.404643e-04 -3.892664e-01 6.790056e-04 2.411857e-04 9.999997e-01 8.693092e+01
9.999967e-01 -7.888366e-04 -2.454563e-03 1.280752e+01 7.893940e-04 9.999997e-01 2.261014e-04 -4.066317e-01 2.454384e-03 -2.280376e-04 9.999970e-01 8.798428e+01
9.999991e-01 9.047273e-04 -9.591908e-04 1.335442e+01 -9.047453e-04 9.999996e-01 -1.827496e-05 -4.130123e-01 9.591735e-04 1.914205e-05 9.999995e-01 8.814972e+01
9.999970e-01 -5.535184e-04 -2.382920e-03 1.362156e+01 5.537912e-04 9.999998e-01 1.137939e-04 -4.206336e-01 2.382857e-03 -1.151124e-04 9.999972e-01 8.906481e+01
9.999992e-01 8.881055e-04 -8.562082e-04 1.395591e+01 -8.881020e-04 9.999996e-01 4.641091e-06 -4.263766e-01 8.562117e-04 -3.881401e-06 9.999996e-01 9.015425e+01
9.999964e-01 -6.144329e-04 -2.608097e-03 1.391819e+01 6.145844e-04 9.999998e-01 5.727369e-05 -4.284415e-01 2.608062e-03 -5.887567e-05 9.999966e-01 9.109741e+01
9.999995e-01 7.472914e-04 -6.559973e-04 1.390106e+01 -7.472121e-04 9.999997e-01 1.212621e-04 -4.385768e-01 6.560874e-04 -1.207725e-04 9.999998e-01 9.149228e+01
9.999963e-01 -6.241490e-04 -2.638380e-03 1.402510e+01 6.240694e-04 9.999998e-01 -3.103754e-05 -4.527714e-01 2.638399e-03 2.939161e-05 9.999965e-01 9.198668e+01
9.999996e-01 8.264818e-04 -3.733414e-04 1.428129e+01 -8.264258e-04 9.999996e-01 1.501502e-04 -4.735431e-01 3.734650e-04 -1.498423e-04 9.999999e-01 9.263999e+01
9.999952e-01 -5.602314e-04 -3.053790e-03 1.416516e+01 5.597776e-04 9.999998e-01 -1.495012e-04 -4.778581e-01 3.053873e-03 1.477917e-04 9.999953e-01 9.360760e+01
9.999995e-01 8.096573e-04 -5.059301e-04 1.397436e+01 -8.095799e-04 9.999997e-01 1.534628e-04 -4.776621e-01 5.060538e-04 -1.530539e-04 9.999999e-01 9.450947e+01
9.999958e-01 -4.880016e-04 -2.853039e-03 1.392740e+01 4.875847e-04 9.999999e-01 -1.468555e-04 -4.861283e-01 2.853111e-03 1.454645e-04 9.999959e-01 9.560227e+01
9.999995e-01 7.218171e-04 -6.718011e-04 1.368422e+01 -7.217106e-04 9.999997e-01 1.589256e-04 -4.830066e-01 6.719153e-04 -1.584414e-04 9.999998e-01 9.652414e+01
9.999955e-01 -4.803150e-04 -2.963474e-03 1.329389e+01 4.799713e-04 9.999999e-01 -1.167193e-04 -4.750315e-01 2.963530e-03 1.152971e-04 9.999956e-01 9.729971e+01
9.999996e-01 7.404205e-04 -4.870255e-04 1.315587e+01 -7.403622e-04 9.999997e-01 1.201511e-04 -4.774860e-01 4.871141e-04 -1.197912e-04 9.999999e-01 9.820632e+01
9.999961e-01 -4.050125e-04 -2.778249e-03 1.312162e+01 4.046558e-04 9.999999e-01 -1.289856e-04 -4.887623e-01 2.778302e-03 1.278616e-04 9.999961e-01 9.941291e+01
9.999997e-01 7.029239e-04 -3.035774e-04 1.322295e+01 -7.028651e-04 9.999997e-01 1.938502e-04 -5.053524e-01 3.037133e-04 -1.936375e-04 9.999999e-01 1.004458e+02
9.999961e-01 -2.975447e-04 -2.769704e-03 1.337735e+01 2.971127e-04 9.999999e-01 -1.564058e-04 -5.220602e-01 2.769751e-03 1.555830e-04 9.999962e-01 1.016194e+02
9.999996e-01 6.297061e-04 -6.815169e-04 1.328045e+01 -6.295892e-04 9.999998e-01 1.717877e-04 -5.242999e-01 6.816246e-04 -1.713592e-04 9.999998e-01 1.027409e+02
9.999970e-01 -6.736178e-08 -2.448623e-03 1.318934e+01 -5.952581e-07 1.000000e+00 -2.706512e-04 -5.311242e-01 2.448623e-03 2.706525e-04 9.999970e-01 1.045184e+02
9.999999e-01 4.814087e-04 -1.773194e-04 1.353496e+01 -4.813421e-04 9.999998e-01 3.762132e-04 -5.540669e-01 1.775002e-04 -3.761285e-04 9.999999e-01 1.060000e+02
9.999971e-01 -2.122840e-06 -2.406689e-03 1.395068e+01 1.440545e-06 1.000000e+00 -2.835453e-04 -5.824450e-01 2.406690e-03 2.835417e-04 9.999971e-01 1.072947e+02
9.999998e-01 2.999287e-04 -5.857453e-04 1.407116e+01 -2.997129e-04 9.999999e-01 3.686215e-04 -5.979100e-01 5.858555e-04 -3.684466e-04 9.999998e-01 1.085025e+02
9.999971e-01 -1.215252e-04 -2.423918e-03 1.419071e+01 1.209055e-04 1.000000e+00 -2.558569e-04 -6.162010e-01 2.423949e-03 2.555638e-04 9.999970e-01 1.091824e+02
9.999995e-01 6.108497e-04 -7.737122e-04 1.409331e+01 -6.107516e-04 9.999998e-01 1.272227e-04 -6.238964e-01 7.737894e-04 -1.267508e-04 9.999997e-01 1.105868e+02
9.999964e-01 -2.458653e-04 -2.656683e-03 1.395754e+01 2.454971e-04 1.000000e+00 -1.389785e-04 -6.268214e-01 2.656717e-03 1.383265e-04 9.999965e-01 1.120911e+02
9.999996e-01 4.630614e-04 -8.119596e-04 1.378593e+01 -4.629343e-04 9.999999e-01 1.569400e-04 -6.279324e-01 8.120319e-04 -1.565648e-04 9.999997e-01 1.129443e+02
9.999960e-01 -2.637781e-04 -2.825028e-03 1.342458e+01 2.634656e-04 1.000000e+00 -1.110191e-04 -6.193972e-01 2.825058e-03 1.102751e-04 9.999960e-01 1.136322e+02
9.999995e-01 6.070756e-04 -8.508491e-04 1.317244e+01 -6.070239e-04 9.999998e-01 6.110621e-05 -6.119529e-01 8.508857e-04 -6.059040e-05 9.999996e-01 1.146639e+02
9.999992e-01 3.975359e-04 -1.187652e-03 1.397390e+01 -3.975656e-04 9.999999e-01 -2.489139e-05 -6.492835e-01 1.187643e-03 2.536425e-05 9.999993e-01 1.167943e+02
9.999995e-01 1.024834e-03 1.341062e-05 1.488670e+01 -1.024834e-03 9.999995e-01 -1.513796e-05 -6.896859e-01 -1.342644e-05 1.512350e-05 1.000000e+00 1.202635e+02
9.999985e-01 2.618126e-04 -1.687582e-03 1.481351e+01 -2.625382e-04 9.999999e-01 -4.298351e-04 -7.084628e-01 1.687470e-03 4.302782e-04 9.999985e-01 1.242509e+02
9.999993e-01 1.100024e-03 3.659343e-04 1.506949e+01 -1.100055e-03 9.999994e-01 8.489968e-05 -7.437248e-01 -3.658410e-04 -8.530289e-05 9.999999e-01 1.281725e+02
9.999989e-01 2.931558e-04 -1.434498e-03 1.612624e+01 -2.932298e-04 1.000000e+00 -5.142027e-05 -7.688791e-01 1.434483e-03 5.184157e-05 9.999990e-01 1.315694e+02
9.999991e-01 9.900434e-04 9.298279e-04 1.767066e+01 -9.902408e-04 9.999995e-01 2.117309e-04 -8.049952e-01 -9.296181e-04 -2.126522e-04 9.999995e-01 1.348156e+02
9.999988e-01 4.569895e-04 -1.501917e-03 1.900575e+01 -4.571623e-04 9.999999e-01 -1.147961e-04 -8.640907e-01 1.501865e-03 1.154833e-04 9.999989e-01 1.382500e+02
9.999998e-01 6.250828e-04 2.106874e-04 1.962519e+01 -6.250920e-04 9.999998e-01 4.309736e-05 -9.043369e-01 -2.106608e-04 -4.322976e-05 1.000000e+00 1.415446e+02
9.999968e-01 1.321688e-04 -2.511918e-03 1.996695e+01 -1.323765e-04 1.000000e+00 -8.255988e-05 -9.410355e-01 2.511907e-03 8.289285e-05 9.999968e-01 1.438423e+02
9.999999e-01 2.927024e-04 -3.966855e-04 2.061399e+01 -2.925983e-04 9.999999e-01 2.628961e-04 -9.650209e-01 3.967621e-04 -2.627807e-04 9.999999e-01 1.449145e+02
9.999971e-01 -1.199823e-04 -2.403202e-03 2.137215e+01 1.200158e-04 1.000000e+00 1.373178e-05 -9.788751e-01 2.403201e-03 -1.401945e-05 9.999971e-01 1.451528e+02
9.999995e-01 3.218125e-04 -9.695785e-04 2.162163e+01 -3.216787e-04 9.999999e-01 1.383682e-04 -9.774415e-01 9.696227e-04 -1.380570e-04 9.999995e-01 1.454901e+02
9.999973e-01 -4.549542e-05 -2.328684e-03 2.188733e+01 4.548218e-05 1.000000e+00 -5.793241e-06 -9.823732e-01 2.328685e-03 5.688022e-06 9.999973e-01 1.460944e+02
9.999997e-01 2.787422e-04 -7.030770e-04 2.231867e+01 -2.786091e-04 9.999999e-01 1.896983e-04 -9.900601e-01 7.031295e-04 -1.895031e-04 9.999997e-01 1.466139e+02
9.999985e-01 -1.003935e-04 -1.709285e-03 2.371832e+01 1.006668e-04 1.000000e+00 1.597260e-04 -1.001523e+00 1.709269e-03 -1.598971e-04 9.999985e-01 1.466262e+02
9.999996e-01 2.842587e-04 -8.134749e-04 2.489650e+01 -2.841326e-04 9.999999e-01 1.552431e-04 -1.008015e+00 8.135186e-04 -1.550127e-04 9.999997e-01 1.464366e+02
9.999975e-01 -1.686491e-04 -2.209091e-03 2.564808e+01 1.689094e-04 1.000000e+00 1.175774e-04 -1.016152e+00 2.209072e-03 -1.179496e-04 9.999976e-01 1.463744e+02
9.999998e-01 3.477571e-04 -5.391017e-04 2.646595e+01 -3.476873e-04 9.999999e-01 1.298436e-04 -1.031130e+00 5.391465e-04 -1.296569e-04 9.999998e-01 1.465244e+02
9.999977e-01 -1.478104e-04 -2.155066e-03 2.703149e+01 1.480389e-04 1.000000e+00 1.057773e-04 -1.054088e+00 2.155051e-03 -1.060954e-04 9.999977e-01 1.470283e+02
9.999998e-01 2.905021e-04 -5.704859e-04 2.777193e+01 -2.903980e-04 9.999999e-01 1.828514e-04 -1.075060e+00 5.705386e-04 -1.826864e-04 9.999998e-01 1.473526e+02
9.999977e-01 -1.260040e-04 -2.138852e-03 2.814005e+01 1.260496e-04 1.000000e+00 2.113490e-05 -1.101230e+00 2.138850e-03 -2.140374e-05 9.999977e-01 1.479319e+02
9.999998e-01 1.788819e-04 -6.030627e-04 2.863416e+01 -1.787207e-04 9.999999e-01 2.674893e-04 -1.129126e+00 6.031103e-04 -2.673822e-04 9.999998e-01 1.483797e+02
9.999976e-01 -1.258879e-04 -2.166645e-03 2.956351e+01 1.260318e-04 1.000000e+00 6.626073e-05 -1.137043e+00 2.166637e-03 -6.653293e-05 9.999977e-01 1.481723e+02
1.000000e+00 2.648873e-04 -6.411447e-07 3.064694e+01 -2.648873e-04 9.999999e-01 2.889103e-04 -1.155893e+00 7.173668e-07 -2.889108e-04 1.000000e+00 1.482302e+02
9.999971e-01 -1.664230e-04 -2.397139e-03 3.156636e+01 1.665336e-04 1.000000e+00 4.588272e-05 -1.174540e+00 2.397132e-03 -4.628108e-05 9.999971e-01 1.482776e+02
1.000000e+00 2.956032e-04 6.121585e-05 3.242937e+01 -2.956202e-04 9.999999e-01 2.754045e-04 -1.192845e+00 -6.113474e-05 -2.754233e-04 1.000000e+00 1.483515e+02
9.999955e-01 -2.709850e-04 -2.997013e-03 3.316992e+01 2.710488e-04 1.000000e+00 2.085012e-05 -1.198377e+00 2.997008e-03 -2.166165e-05 9.999955e-01 1.481048e+02
9.999999e-01 3.132497e-04 -2.083555e-04 3.364297e+01 -3.131807e-04 9.999999e-01 3.319742e-04 -1.197339e+00 2.084592e-04 -3.319096e-04 9.999999e-01 1.475889e+02
9.999973e-01 -1.937984e-04 -2.336816e-03 3.452166e+01 1.937592e-04 1.000000e+00 -1.704885e-05 -1.210270e+00 2.336819e-03 1.659673e-05 9.999973e-01 1.475003e+02
9.999999e-01 3.549293e-04 1.252315e-04 3.561746e+01 -3.549756e-04 9.999999e-01 3.685417e-04 -1.228590e+00 -1.251010e-04 -3.685868e-04 9.999999e-01 1.475220e+02
9.999963e-01 -3.329156e-04 -2.710316e-03 3.644324e+01 3.327130e-04 9.999999e-01 -7.525963e-05 -1.235337e+00 2.710341e-03 7.435830e-05 9.999963e-01 1.472301e+02
9.999998e-01 4.929106e-04 -3.162760e-04 3.656203e+01 -4.926956e-04 9.999996e-01 6.800713e-04 -1.225553e+00 3.166108e-04 -6.799161e-04 9.999997e-01 1.460766e+02
9.999962e-01 -4.468115e-04 -2.719129e-03 3.746876e+01 4.457922e-04 9.999998e-01 -3.755132e-04 -1.219085e+00 2.719296e-03 3.743003e-04 9.999962e-01 1.454498e+02
9.999998e-01 6.118085e-04 2.205309e-04 3.860804e+01 -6.119612e-04 9.999996e-01 6.920508e-04 -1.220959e+00 -2.201077e-04 -6.921863e-04 9.999997e-01 1.450690e+02
9.999953e-01 -5.358280e-04 -3.014071e-03 3.951926e+01 5.346614e-04 9.999998e-01 -3.878775e-04 -1.217117e+00 3.014278e-03 3.862649e-04 9.999954e-01 1.445597e+02
9.999998e-01 5.616372e-04 -1.742604e-04 4.044365e+01 -5.615169e-04 9.999996e-01 6.902424e-04 -1.205566e+00 1.746477e-04 -6.901452e-04 9.999997e-01 1.438623e+02
9.999955e-01 -4.846174e-04 -2.975128e-03 4.120944e+01 4.835955e-04 9.999998e-01 -3.442114e-04 -1.195094e+00 2.975295e-03 3.427718e-04 9.999955e-01 1.431325e+02
9.999999e-01 5.130506e-04 1.442745e-05 4.209080e+01 -5.130605e-04 9.999996e-01 6.820387e-04 -1.184841e+00 -1.407782e-05 -6.820467e-04 9.999998e-01 1.424136e+02
9.999967e-01 -2.498371e-04 -2.546959e-03 4.458843e+01 2.488853e-04 9.999999e-01 -3.740949e-04 -1.185091e+00 2.547053e-03 3.734604e-04 9.999967e-01 1.417528e+02
9.999984e-01 1.478250e-04 1.760724e-03 4.712164e+01 -1.491598e-04 9.999997e-01 7.578931e-04 -1.192372e+00 -1.760612e-03 -7.581552e-04 9.999982e-01 1.411024e+02
9.999882e-01 -5.012595e-05 -4.859571e-03 4.739730e+01 4.891341e-05 1.000000e+00 -2.496653e-04 -1.181914e+00 4.859583e-03 2.494253e-04 9.999882e-01 1.400631e+02
9.999983e-01 8.501425e-05 1.815270e-03 4.812956e+01 -8.604136e-05 9.999998e-01 5.656573e-04 -1.178997e+00 -1.815222e-03 -5.658132e-04 9.999982e-01 1.394847e+02
9.999919e-01 6.099260e-05 -4.020290e-03 4.931501e+01 -6.192178e-05 1.000000e+00 -2.310358e-04 -1.190493e+00 4.020277e-03 2.312836e-04 9.999919e-01 1.392857e+02
9.999976e-01 1.619643e-04 2.183097e-03 5.083365e+01 -1.632985e-04 9.999998e-01 6.109444e-04 -1.203172e+00 -2.182998e-03 -6.113002e-04 9.999974e-01 1.390902e+02
9.999916e-01 1.384634e-04 -4.090288e-03 5.224454e+01 -1.395219e-04 1.000000e+00 -2.585536e-04 -1.214905e+00 4.090252e-03 2.591229e-04 9.999916e-01 1.389037e+02
9.999985e-01 -5.703122e-05 1.745257e-03 5.327140e+01 5.603440e-05 9.999998e-01 5.711166e-04 -1.221891e+00 -1.745289e-03 -5.710187e-04 9.999983e-01 1.385686e+02
9.999882e-01 1.413137e-04 -4.864026e-03 5.344156e+01 -1.417046e-04 1.000000e+00 -8.003992e-05 -1.215811e+00 4.864014e-03 8.072893e-05 9.999882e-01 1.376651e+02
9.999982e-01 -1.632620e-04 1.893198e-03 5.426459e+01 1.626453e-04 9.999999e-01 3.257870e-04 -1.216227e+00 -1.893251e-03 -3.254792e-04 9.999982e-01 1.372721e+02
9.999903e-01 3.438971e-04 -4.388725e-03 5.547931e+01 -3.438173e-04 9.999999e-01 1.891241e-05 -1.211302e+00 4.388731e-03 -1.740260e-05 9.999904e-01 1.367474e+02
9.999983e-01 -2.241627e-04 1.830510e-03 5.653786e+01 2.236222e-04 9.999999e-01 2.953707e-04 -1.210033e+00 -1.830577e-03 -2.949615e-04 9.999983e-01 1.362656e+02
9.999905e-01 2.868364e-04 -4.352705e-03 5.750361e+01 -2.868086e-04 1.000000e+00 6.958037e-06 -1.214670e+00 4.352707e-03 -5.708872e-06 9.999905e-01 1.359122e+02
9.999987e-01 -2.068675e-04 1.591570e-03 5.825819e+01 2.063602e-04 9.999999e-01 3.188144e-04 -1.208885e+00 -1.591636e-03 -3.184862e-04 9.999987e-01 1.352636e+02
9.999895e-01 2.293564e-04 -4.586042e-03 5.864884e+01 -2.291609e-04 1.000000e+00 4.310711e-05 -1.207749e+00 4.586052e-03 -4.205501e-05 9.999895e-01 1.346517e+02
9.999990e-01 -2.745731e-04 1.356308e-03 5.924762e+01 2.741754e-04 9.999999e-01 2.932766e-04 -1.199245e+00 -1.356389e-03 -2.929051e-04 9.999990e-01 1.339127e+02
9.999915e-01 6.281431e-04 -4.077534e-03 6.157716e+01 -6.283072e-04 9.999998e-01 -3.899305e-05 -1.160607e+00 4.077509e-03 4.155537e-05 9.999917e-01 1.325475e+02
9.999987e-01 -6.617020e-04 1.490672e-03 6.276320e+01 6.611492e-04 9.999997e-01 3.712049e-04 -1.147594e+00 -1.490917e-03 -3.702195e-04 9.999988e-01 1.316914e+02
9.999903e-01 6.598687e-04 -4.345726e-03 6.351202e+01 -6.603887e-04 9.999998e-01 -1.182594e-04 -1.151850e+00 4.345647e-03 1.211288e-04 9.999906e-01 1.313764e+02
9.999996e-01 -3.316849e-04 8.121385e-04 6.345379e+01 3.315809e-04 9.999999e-01 1.280489e-04 -1.158129e+00 -8.121812e-04 -1.277803e-04 9.999997e-01 1.325072e+02
9.999913e-01 4.043907e-04 -4.150617e-03 6.374340e+01 -4.037085e-04 9.999999e-01 1.651758e-04 -1.167849e+00 4.150684e-03 -1.634980e-04 9.999914e-01 1.328879e+02
9.999990e-01 -3.714004e-04 1.361976e-03 6.472488e+01 3.712054e-04 9.999999e-01 1.432761e-04 -1.165894e+00 -1.362030e-03 -1.427711e-04 9.999991e-01 1.324422e+02
9.999899e-01 3.998034e-04 -4.480887e-03 6.506942e+01 -3.983358e-04 9.999999e-01 3.283608e-04 -1.156684e+00 4.481018e-03 -3.265719e-04 9.999899e-01 1.315211e+02
9.999987e-01 -4.350428e-04 1.578987e-03 6.569372e+01 4.350807e-04 9.999999e-01 -2.375529e-05 -1.154102e+00 -1.578977e-03 2.444154e-05 9.999988e-01 1.308793e+02
9.999922e-01 4.667489e-04 -3.913146e-03 6.654259e+01 -4.658206e-04 9.999999e-01 2.380882e-04 -1.168011e+00 3.913257e-03 -2.362628e-04 9.999923e-01 1.307594e+02
9.999995e-01 -4.270806e-04 8.691953e-04 6.674187e+01 4.268607e-04 9.999999e-01 2.529706e-04 -1.166594e+00 -8.693035e-04 -2.526001e-04 9.999996e-01 1.299692e+02
9.999919e-01 5.628394e-04 -3.982194e-03 6.689440e+01 -5.613253e-04 9.999998e-01 3.812757e-04 -1.153127e+00 3.982408e-03 -3.790366e-04 9.999920e-01 1.286625e+02
9.999995e-01 -4.311555e-04 9.167280e-04 6.700572e+01 4.309330e-04 9.999999e-01 2.426826e-04 -1.141576e+00 -9.168328e-04 -2.422881e-04 9.999996e-01 1.274529e+02
9.999918e-01 6.082575e-04 -4.003332e-03 6.703299e+01 -6.063759e-04 9.999997e-01 4.711622e-04 -1.128781e+00 4.003618e-03 -4.687301e-04 9.999919e-01 1.261096e+02
9.999995e-01 -4.446219e-04 9.351225e-04 6.716309e+01 4.444383e-04 9.999999e-01 1.963003e-04 -1.113529e+00 -9.352100e-04 -1.958853e-04 9.999995e-01 1.246895e+02
9.999916e-01 4.878633e-04 -4.058968e-03 6.752305e+01 -4.864003e-04 9.999998e-01 3.613838e-04 -1.095578e+00 4.059144e-03 -3.594058e-04 9.999917e-01 1.233481e+02
9.999995e-01 -4.451421e-04 8.979246e-04 6.787669e+01 4.449712e-04 9.999999e-01 1.903004e-04 -1.078028e+00 -8.980095e-04 -1.899015e-04 9.999996e-01 1.220204e+02
9.999921e-01 6.090046e-04 -3.925444e-03 6.804607e+01 -6.071827e-04 9.999997e-01 4.652582e-04 -1.062712e+00 3.925726e-03 -4.628704e-04 9.999922e-01 1.206261e+02
9.999996e-01 -5.294715e-04 7.484453e-04 6.827069e+01 5.293370e-04 9.999998e-01 1.796992e-04 -1.045779e+00 -7.485407e-04 -1.793036e-04 9.999997e-01 1.192254e+02
9.999926e-01 5.803468e-04 -3.810572e-03 6.852877e+01 -5.790682e-04 9.999998e-01 3.365745e-04 -1.036614e+00 3.810767e-03 -3.343648e-04 9.999927e-01 1.182497e+02
9.999995e-01 -5.513960e-04 8.899208e-04 6.882454e+01 5.513425e-04 9.999998e-01 6.014647e-05 -1.038516e+00 -8.899541e-04 -5.965649e-05 9.999996e-01 1.176352e+02
9.999919e-01 6.303992e-04 -3.966536e-03 6.885211e+01 -6.286351e-04 9.999997e-01 4.459236e-04 -1.043457e+00 3.966816e-03 -4.434258e-04 9.999920e-01 1.170088e+02
9.999995e-01 -3.097707e-04 9.547389e-04 6.884385e+01 3.093731e-04 9.999999e-01 4.164632e-04 -1.024365e+00 -9.548681e-04 -4.161684e-04 9.999995e-01 1.152880e+02
9.999919e-01 5.852855e-04 -3.975679e-03 6.892166e+01 -5.837259e-04 9.999998e-01 3.933897e-04 -1.004833e+00 3.975909e-03 -3.910651e-04 9.999920e-01 1.136021e+02
9.999995e-01 -4.306278e-04 9.271766e-04 6.912160e+01 4.304957e-04 9.999999e-01 1.424955e-04 -9.942313e-01 -9.272381e-04 -1.420970e-04 9.999996e-01 1.125052e+02
9.999901e-01 2.336503e-04 -4.442966e-03 7.109164e+01 -2.327994e-04 1.000000e+00 1.919812e-04 -9.691399e-01 4.443011e-03 -1.909442e-04 9.999901e-01 1.111938e+02
9.999972e-01 -3.152200e-04 2.334809e-03 7.255523e+01 3.145503e-04 9.999999e-01 2.870946e-04 -9.471378e-01 -2.334900e-03 -2.863600e-04 9.999972e-01 1.097574e+02
9.999861e-01 4.675931e-04 -5.258780e-03 7.240195e+01 -4.675757e-04 9.999999e-01 4.507646e-06 -9.580990e-01 5.258781e-03 -2.048007e-06 9.999862e-01 1.099200e+02
9.999969e-01 -2.942323e-04 2.459254e-03 7.236183e+01 2.942428e-04 1.000000e+00 -3.986721e-06 -9.755642e-01 -2.459253e-03 4.709629e-06 9.999970e-01 1.108075e+02
9.999832e-01 5.539671e-04 -5.771551e-03 7.197819e+01 -5.507639e-04 9.999997e-01 5.565412e-04 -9.636525e-01 5.771858e-03 -5.533524e-04 9.999832e-01 1.102282e+02
9.999961e-01 -2.745012e-04 2.778856e-03 7.179769e+01 2.738423e-04 9.999999e-01 2.374207e-04 -9.535647e-01 -2.778922e-03 -2.366595e-04 9.999961e-01 1.089887e+02
9.999834e-01 5.502017e-04 -5.736860e-03 7.169618e+01 -5.472303e-04 9.999997e-01 5.194681e-04 -9.429449e-01 5.737144e-03 -5.163194e-04 9.999834e-01 1.077157e+02
9.999968e-01 -2.387946e-04 2.517384e-03 7.125644e+01 2.386214e-04 1.000000e+00 6.902598e-05 -9.273224e-01 -2.517401e-03 -6.842576e-05 9.999968e-01 1.070600e+02
9.999834e-01 2.648202e-04 -5.755263e-03 7.144485e+01 -2.628851e-04 9.999999e-01 3.369401e-04 -9.261392e-01 5.755352e-03 -3.354208e-04 9.999834e-01 1.064175e+02
9.999955e-01 -1.865974e-04 2.985342e-03 7.225800e+01 1.867661e-04 1.000000e+00 -5.628115e-05 -9.304840e-01 -2.985332e-03 5.683776e-05 9.999955e-01 1.060948e+02
9.999817e-01 2.957367e-04 -6.046318e-03 7.267809e+01 -2.925811e-04 9.999998e-01 5.227504e-04 -9.180518e-01 6.046471e-03 -5.209711e-04 9.999816e-01 1.050773e+02
9.999955e-01 -1.190974e-04 2.993424e-03 7.288660e+01 1.190558e-04 1.000000e+00 1.399955e-05 -9.087093e-01 -2.993426e-03 -1.364379e-05 9.999955e-01 1.040364e+02
9.999802e-01 1.913779e-04 -6.294090e-03 7.323137e+01 -1.884961e-04 9.999999e-01 4.584228e-04 -8.985391e-01 6.294177e-03 -4.572266e-04 9.999801e-01 1.030831e+02
9.999947e-01 -1.280214e-04 3.253643e-03 7.349261e+01 1.279617e-04 1.000000e+00 1.848330e-05 -8.899844e-01 -3.253646e-03 -1.806756e-05 9.999947e-01 1.021252e+02
9.999818e-01 1.102541e-04 -6.030018e-03 7.406740e+01 -1.089799e-04 1.000000e+00 2.116037e-04 -8.993507e-01 6.030042e-03 -2.109421e-04 9.999818e-01 1.019075e+02
9.999932e-01 -2.528742e-05 3.676826e-03 7.470257e+01 2.530953e-05 1.000000e+00 -6.022506e-06 -9.218461e-01 -3.676827e-03 6.114830e-06 9.999932e-01 1.021582e+02
9.999816e-01 1.327961e-04 -6.067540e-03 7.539212e+01 -1.315016e-04 1.000000e+00 2.137140e-04 -9.451277e-01 6.067568e-03 -2.129115e-04 9.999816e-01 1.024467e+02
9.999954e-01 -8.221637e-05 3.024974e-03 7.558836e+01 8.159379e-05 1.000000e+00 2.058690e-04 -9.426040e-01 -3.024991e-03 -2.056219e-04 9.999954e-01 1.017366e+02
9.999807e-01 2.673911e-04 -6.200366e-03 7.551346e+01 -2.649187e-04 9.999999e-01 3.995440e-04 -9.393397e-01 6.200472e-03 -3.978930e-04 9.999807e-01 1.008635e+02
9.999950e-01 -1.266581e-04 3.158023e-03 7.559831e+01 1.272335e-04 1.000000e+00 -1.820643e-04 -9.482186e-01 -3.158000e-03 1.824645e-04 9.999950e-01 1.009248e+02
9.999793e-01 1.602677e-04 -6.438113e-03 7.595589e+01 -1.577345e-04 9.999999e-01 3.939505e-04 -9.512860e-01 6.438176e-03 -3.929261e-04 9.999792e-01 1.011589e+02
9.999931e-01 -1.788083e-04 3.723375e-03 7.730956e+01 1.792372e-04 1.000000e+00 -1.149053e-04 -9.458420e-01 -3.723355e-03 1.155712e-04 9.999931e-01 1.006673e+02
9.999856e-01 4.357765e-03 3.145058e-03 8.008368e+01 -4.357647e-03 9.999905e-01 -4.407537e-05 -1.149584e+00 -3.145220e-03 3.037038e-05 9.999951e-01 1.082530e+02
9.999833e-01 -2.618220e-03 5.155303e-03 8.186905e+01 2.620111e-03 9.999965e-01 -3.599980e-04 -1.362183e+00 -5.154342e-03 3.734987e-04 9.999866e-01 1.168345e+02
9.999663e-01 2.622960e-03 -7.775384e-03 8.217860e+01 -2.618238e-03 9.999964e-01 6.173410e-04 -1.386803e+00 7.776975e-03 -5.969617e-04 9.999696e-01 1.171553e+02
9.999867e-01 -2.644734e-03 4.419076e-03 8.260821e+01 2.645844e-03 9.999965e-01 -2.453924e-04 -1.381080e+00 -4.418412e-03 2.570806e-04 9.999902e-01 1.164553e+02
9.999711e-01 2.686539e-03 -7.113744e-03 8.334950e+01 -2.682920e-03 9.999963e-01 5.181149e-04 -1.391682e+00 7.115110e-03 -4.990136e-04 9.999746e-01 1.163336e+02
9.999883e-01 -2.630040e-03 4.067450e-03 8.368403e+01 2.630648e-03 9.999965e-01 -1.440590e-04 -1.390540e+00 -4.067058e-03 1.547566e-04 9.999917e-01 1.157509e+02
9.999702e-01 2.673459e-03 -7.239909e-03 8.405980e+01 -2.669098e-03 9.999963e-01 6.119222e-04 -1.380794e+00 7.241518e-03 -5.925793e-04 9.999736e-01 1.148490e+02
9.999863e-01 -2.591673e-03 4.536917e-03 8.496608e+01 2.593141e-03 9.999966e-01 -3.178060e-04 -1.381827e+00 -4.536078e-03 3.295658e-04 9.999897e-01 1.144708e+02
9.999742e-01 2.859626e-03 -6.586801e-03 8.767209e+01 -2.855471e-03 9.999957e-01 6.400486e-04 -1.382753e+00 6.588603e-03 -6.212229e-04 9.999781e-01 1.138521e+02
9.999801e-01 -2.869336e-03 5.618561e-03 9.018734e+01 2.870833e-03 9.999958e-01 -2.583538e-04 -1.385470e+00 -5.617797e-03 2.744779e-04 9.999842e-01 1.131348e+02
9.999625e-01 3.041778e-03 -8.108389e-03 9.100161e+01 -3.037280e-03 9.999952e-01 5.669080e-04 -1.398841e+00 8.110075e-03 -5.422586e-04 9.999670e-01 1.130459e+02
9.999767e-01 -2.817923e-03 6.220749e-03 9.330954e+01 2.819459e-03 9.999960e-01 -2.381858e-04 -1.418406e+00 -6.220053e-03 2.557187e-04 9.999806e-01 1.128985e+02
9.999724e-01 3.944991e-03 -6.302300e-03 9.418011e+01 -3.943291e-03 9.999922e-01 2.820664e-04 -1.493445e+00 6.303364e-03 -2.572061e-04 9.999801e-01 1.155163e+02
9.999642e-01 -3.547016e-03 7.684194e-03 9.604034e+01 3.547318e-03 9.999937e-01 -2.575832e-05 -1.592365e+00 -7.684055e-03 5.301499e-05 9.999705e-01 1.182920e+02
9.999540e-01 3.484853e-03 -8.933990e-03 9.811826e+01 -3.481079e-03 9.999938e-01 4.379876e-04 -1.609630e+00 8.935461e-03 -4.068668e-04 9.999600e-01 1.180854e+02
9.999765e-01 -3.288155e-03 6.011673e-03 9.817619e+01 3.287156e-03 9.999946e-01 1.760263e-04 -1.600712e+00 -6.012219e-03 -1.562615e-04 9.999819e-01 1.169975e+02
9.999523e-01 3.396966e-03 -9.161397e-03 9.863980e+01 -3.394287e-03 9.999942e-01 3.079098e-04 -1.587730e+00 9.162390e-03 -2.767980e-04 9.999580e-01 1.159980e+02
9.999715e-01 -3.203390e-03 6.843319e-03 9.970071e+01 3.203405e-03 9.999949e-01 8.742962e-06 -1.599403e+00 -6.843312e-03 1.317852e-05 9.999766e-01 1.158780e+02
9.999588e-01 3.453005e-03 -8.400766e-03 1.010296e+02 -3.450191e-03 9.999940e-01 3.493834e-04 -1.628948e+00 8.401922e-03 -3.203840e-04 9.999647e-01 1.161556e+02
9.999782e-01 -3.447439e-03 5.626155e-03 1.019031e+02 3.447858e-03 9.999941e-01 -6.476692e-05 -1.635074e+00 -5.625899e-03 8.416301e-05 9.999842e-01 1.158490e+02
9.999562e-01 3.596768e-03 -8.634999e-03 1.021707e+02 -3.591502e-03 9.999934e-01 6.253366e-04 -1.621655e+00 8.637191e-03 -5.942960e-04 9.999625e-01 1.146421e+02
9.999784e-01 -3.499390e-03 5.570441e-03 1.024294e+02 3.499941e-03 9.999939e-01 -8.911821e-05 -1.610159e+00 -5.570095e-03 1.086118e-04 9.999845e-01 1.135360e+02
9.999565e-01 3.569823e-03 -8.622133e-03 1.030882e+02 -3.566015e-03 9.999935e-01 4.569222e-04 -1.604001e+00 8.623709e-03 -4.261550e-04 9.999627e-01 1.128732e+02
9.999739e-01 -3.420843e-03 6.356712e-03 1.040174e+02 3.421947e-03 9.999941e-01 -1.627669e-04 -1.622151e+00 -6.356118e-03 1.845143e-04 9.999798e-01 1.128781e+02
9.999641e-01 4.295343e-03 -7.302521e-03 1.050055e+02 -4.292232e-03 9.999907e-01 4.415988e-04 -1.678847e+00 7.304350e-03 -4.102381e-04 9.999732e-01 1.144504e+02
9.999761e-01 -3.785652e-03 5.783807e-03 1.054533e+02 3.788972e-03 9.999927e-01 -5.630925e-04 -1.724729e+00 -5.781633e-03 5.849931e-04 9.999831e-01 1.167124e+02
9.999743e-01 6.349968e-03 -3.318635e-03 1.063782e+02 -6.351376e-03 9.999797e-01 -4.139992e-04 -1.835286e+00 3.315939e-03 4.350671e-04 9.999944e-01 1.224242e+02
9.999605e-01 -4.460297e-03 7.686930e-03 1.071000e+02 4.464909e-03 9.999899e-01 -5.829251e-04 -1.984674e+00 -7.684253e-03 6.172228e-04 9.999703e-01 1.299025e+02
9.999377e-01 5.032633e-03 -9.960611e-03 1.067463e+02 -5.029483e-03 9.999873e-01 3.412433e-04 -1.999706e+00 9.962202e-03 -2.911247e-04 9.999503e-01 1.318511e+02
9.999617e-01 -4.625139e-03 7.435280e-03 1.065619e+02 4.625279e-03 9.999893e-01 -1.748574e-06 -2.003157e+00 -7.435193e-03 3.613807e-05 9.999724e-01 1.323771e+02
9.999480e-01 4.945225e-03 -8.916201e-03 1.074461e+02 -4.942245e-03 9.999877e-01 3.562692e-04 -2.049368e+00 8.917854e-03 -3.121839e-04 9.999602e-01 1.334725e+02
9.999594e-01 -4.619925e-03 7.737534e-03 1.090720e+02 4.619671e-03 9.999893e-01 5.068517e-05 -2.091782e+00 -7.737686e-03 -1.493894e-05 9.999701e-01 1.340383e+02
9.999537e-01 4.970636e-03 -8.244830e-03 1.108970e+02 -4.967979e-03 9.999876e-01 3.426142e-04 -2.134310e+00 8.246431e-03 -3.016375e-04 9.999660e-01 1.345823e+02
9.999249e-01 -2.064553e-03 1.208176e-02 1.124521e+02 2.074592e-03 9.999975e-01 -8.184308e-04 -2.278050e+00 -1.208004e-02 8.434333e-04 9.999267e-01 1.405395e+02
9.999681e-01 3.219527e-03 -7.312545e-03 1.137800e+02 -3.214921e-03 9.999946e-01 6.415656e-04 -2.431309e+00 7.314571e-03 -6.180352e-04 9.999731e-01 1.464583e+02
9.999809e-01 -3.077514e-03 5.358022e-03 1.148118e+02 3.079272e-03 9.999952e-01 -3.199423e-04 -2.451544e+00 -5.357012e-03 3.364343e-04 9.999856e-01 1.465230e+02
9.999618e-01 3.120666e-03 -8.168685e-03 1.156435e+02 -3.115452e-03 9.999949e-01 6.509199e-04 -2.454433e+00 8.170676e-03 -6.254452e-04 9.999664e-01 1.461715e+02
9.999816e-01 -3.012215e-03 5.269883e-03 1.160896e+02 3.013801e-03 9.999954e-01 -2.930926e-04 -2.454547e+00 -5.268976e-03 3.089689e-04 9.999861e-01 1.456739e+02
9.999629e-01 3.102071e-03 -8.042001e-03 1.167820e+02 -3.098226e-03 9.999951e-01 4.905961e-04 -2.465096e+00 8.043483e-03 -4.656612e-04 9.999675e-01 1.457928e+02
9.999780e-01 -2.902912e-03 5.959979e-03 1.178104e+02 2.904353e-03 9.999958e-01 -2.330438e-04 -2.493223e+00 -5.959277e-03 2.503478e-04 9.999822e-01 1.462240e+02
9.999685e-01 3.231325e-03 -7.246911e-03 1.190197e+02 -3.227419e-03 9.999946e-01 5.506351e-04 -2.537778e+00 7.248652e-03 -5.272283e-04 9.999736e-01 1.470201e+02
9.999841e-01 -3.198245e-03 4.644786e-03 1.196915e+02 3.199695e-03 9.999948e-01 -3.048927e-04 -2.552142e+00 -4.643788e-03 3.197491e-04 9.999892e-01 1.470136e+02
9.999671e-01 3.239935e-03 -7.434452e-03 1.202556e+02 -3.236107e-03 9.999946e-01 5.268974e-04 -2.567718e+00 7.436120e-03 -5.028207e-04 9.999722e-01 1.470362e+02
9.999809e-01 -3.019197e-03 5.386518e-03 1.212012e+02 3.020401e-03 9.999954e-01 -2.155931e-04 -2.592277e+00 -5.385843e-03 2.318578e-04 9.999855e-01 1.472979e+02
9.999651e-01 3.186654e-03 -7.716881e-03 1.221295e+02 -3.182621e-03 9.999948e-01 5.348758e-04 -2.609957e+00 7.718545e-03 -5.102966e-04 9.999701e-01 1.473451e+02
9.999755e-01 -2.635251e-03 6.487296e-03 1.236330e+02 2.636684e-03 9.999965e-01 -2.123108e-04 -2.656636e+00 -6.486714e-03 2.294099e-04 9.999789e-01 1.482465e+02
9.999730e-01 3.157532e-03 -6.639478e-03 1.258618e+02 -3.153291e-03 9.999948e-01 6.491172e-04 -2.717206e+00 6.641493e-03 -6.281627e-04 9.999777e-01 1.494147e+02
9.999815e-01 -2.632644e-03 5.476939e-03 1.284118e+02 2.634164e-03 9.999965e-01 -2.703658e-04 -2.728910e+00 -5.476208e-03 2.847873e-04 9.999850e-01 1.494526e+02
9.999737e-01 3.067894e-03 -6.577797e-03 1.312283e+02 -3.063442e-03 9.999951e-01 6.868375e-04 -2.731368e+00 6.579872e-03 -6.666681e-04 9.999781e-01 1.491381e+02
9.999812e-01 -2.446628e-03 5.619923e-03 1.329792e+02 2.448893e-03 9.999969e-01 -3.961851e-04 -2.788709e+00 -5.618936e-03 4.099395e-04 9.999841e-01 1.505503e+02
9.999699e-01 2.889046e-03 -7.197949e-03 1.344965e+02 -2.883316e-03 9.999955e-01 8.061800e-04 -2.842065e+00 7.200246e-03 -7.854011e-04 9.999738e-01 1.517870e+02
9.999804e-01 -2.338735e-03 5.807568e-03 1.374417e+02 2.340412e-03 9.999972e-01 -2.820309e-04 -2.843115e+00 -5.806893e-03 2.956168e-04 9.999831e-01 1.513446e+02
9.999753e-01 2.733544e-03 -6.470670e-03 1.405823e+02 -2.728939e-03 9.999960e-01 7.203910e-04 -2.849872e+00 6.472614e-03 -7.027144e-04 9.999788e-01 1.510359e+02
9.999893e-01 -2.650273e-03 3.794140e-03 1.418892e+02 2.651796e-03 9.999964e-01 -3.963980e-04 -2.864079e+00 -3.793076e-03 4.064543e-04 9.999927e-01 1.511659e+02
9.999730e-01 2.559126e-03 -6.888955e-03 1.427643e+02 -2.554803e-03 9.999965e-01 6.362517e-04 -2.865023e+00 6.890560e-03 -6.186340e-04 9.999761e-01 1.506930e+02
9.999882e-01 -2.488437e-03 4.172837e-03 1.433248e+02 2.490033e-03 9.999968e-01 -3.773167e-04 -2.892157e+00 -4.171885e-03 3.877020e-04 9.999912e-01 1.513098e+02
9.999770e-01 2.844623e-03 -6.149347e-03 1.441474e+02 -2.840461e-03 9.999957e-01 6.854099e-04 -2.936564e+00 6.151271e-03 -6.679265e-04 9.999809e-01 1.522333e+02
9.999908e-01 -2.788113e-03 3.272045e-03 1.450050e+02 2.789545e-03 9.999960e-01 -4.333605e-04 -2.951564e+00 -3.270824e-03 4.424833e-04 9.999946e-01 1.523835e+02
9.999756e-01 2.747984e-03 -6.426659e-03 1.453256e+02 -2.743434e-03 9.999960e-01 7.166004e-04 -2.950017e+00 6.428603e-03 -6.989511e-04 9.999791e-01 1.519840e+02
9.999911e-01 -2.688743e-03 3.239070e-03 1.456972e+02 2.690633e-03 9.999962e-01 -5.791026e-04 -2.960061e+00 -3.237501e-03 5.878119e-04 9.999946e-01 1.521099e+02
9.999765e-01 2.869400e-03 -6.232006e-03 1.460136e+02 -2.865167e-03 9.999957e-01 6.881191e-04 -2.979813e+00 6.233954e-03 -6.702465e-04 9.999803e-01 1.527164e+02
9.999903e-01 -2.546956e-03 3.601769e-03 1.465274e+02 2.548861e-03 9.999966e-01 -5.245634e-04 -3.011547e+00 -3.600421e-03 5.337380e-04 9.999934e-01 1.536821e+02
9.999813e-01 2.769202e-03 -5.460559e-03 1.474430e+02 -2.764897e-03 9.999959e-01 7.956545e-04 -3.049801e+00 5.462740e-03 -7.805410e-04 9.999848e-01 1.543686e+02
9.999933e-01 -2.757073e-03 2.420363e-03 1.482767e+02 2.758475e-03 9.999960e-01 -5.762570e-04 -3.053598e+00 -2.418765e-03 5.829289e-04 9.999969e-01 1.541481e+02
9.999801e-01 2.826888e-03 -5.643554e-03 1.490463e+02 -2.822455e-03 9.999957e-01 7.932988e-04 -3.054429e+00 5.645773e-03 -7.773537e-04 9.999838e-01 1.539209e+02
