9.999969e-01 1.456371e-04 -2.500717e-03 4.006353e-01 -1.452127e-04 1.000000e+00 1.699197e-04 -3.251962e-02 2.500741e-03 -1.695568e-04 9.999969e-01 1.003595e+00
9.999997e-01 -6.770539e-05 -7.113460e-04 4.002221e-01 6.775967e-05 1.000000e+00 7.623678e-05 -3.906355e-02 7.113412e-04 -7.628424e-05 9.999997e-01 1.156321e+00
9.999979e-01 1.405071e-04 -2.041898e-03 8.836107e-01 -1.401015e-04 1.000000e+00 1.987678e-04 -5.635052e-02 2.041926e-03 -1.984820e-04 9.999979e-01 1.353450e+00
9.999990e-01 7.551604e-04 1.162382e-03 1.434008e+00 -7.549097e-04 9.999997e-01 -2.160744e-04 -1.138090e-01 -1.162544e-03 2.151974e-04 9.999993e-01 3.366030e+00
9.999952e-01 -2.100203e-04 -3.102482e-03 1.137577e+00 2.092101e-04 9.999999e-01 -2.614725e-04 -1.266852e-01 3.102537e-03 2.608215e-04 9.999952e-01 5.882053e+00
9.999996e-01 5.245008e-04 -7.273263e-04 4.279961e-01 -5.243674e-04 9.999998e-01 1.834973e-04 -9.516891e-02 7.274228e-04 -1.831151e-04 9.999997e-01 6.571105e+00
9.999956e-01 -1.711312e-04 -2.963728e-03 -3.496088e-01 1.704369e-04 1.000000e+00 -2.344806e-04 -6.337254e-02 2.963767e-03 2.339737e-04 9.999956e-01 7.266282e+00
9.999998e-01 4.748892e-04 -4.631420e-04 -1.088049e+00 -4.746904e-04 9.999998e-01 4.291731e-04 -3.584670e-02 4.633460e-04 -4.289524e-04 9.999998e-01 7.546961e+00
9.999966e-01 -3.517547e-04 -2.567950e-03 -1.231512e+00 3.509332e-04 9.999999e-01 -3.203382e-04 -3.940667e-02 2.568062e-03 3.194353e-04 9.999967e-01 7.993298e+00
9.999998e-01 4.892102e-04 -4.594933e-04 -1.280004e+00 -4.890347e-04 9.999998e-01 3.819792e-04 -5.264220e-02 4.596805e-04 -3.817537e-04 9.999998e-01 8.660196e+00
9.999958e-01 -3.967958e-04 -2.881274e-03 -1.256766e+00 3.961199e-04 9.999999e-01 -2.351442e-04 -5.820340e-02 2.881367e-03 2.340012e-04 9.999958e-01 9.209385e+00
9.999998e-01 6.107400e-04 -1.528858e-04 -1.025122e+00 -6.106680e-04 9.999997e-01 4.701599e-04 -7.690288e-02 1.531732e-04 -4.700658e-04 9.999999e-01 9.737891e+00
9.999959e-01 -4.246701e-04 -2.846262e-03 -1.126443e+00 4.232697e-04 9.999998e-01 -4.926067e-04 -8.663591e-02 2.846470e-03 4.913992e-04 9.999958e-01 1.054698e+01
9.999999e-01 4.128618e-04 -4.065331e-05 -7.582992e-01 -4.128292e-04 9.999996e-01 7.976609e-04 -1.038159e-01 4.098296e-05 -7.976434e-04 9.999997e-01 1.091173e+01
9.999967e-01 -1.911607e-04 -2.545205e-03 7.610017e-02 1.900590e-04 9.999999e-01 -4.330894e-04 -1.207637e-01 2.545288e-03 4.326036e-04 9.999967e-01 1.115953e+01
9.999994e-01 4.641557e-04 -1.007321e-03 3.222320e-01 -4.634973e-04 9.999997e-01 6.536204e-04 -1.303448e-01 1.007625e-03 -6.531524e-04 9.999993e-01 1.204211e+01
9.999982e-01 -1.470062e-04 -1.865048e-03 8.404905e-01 1.463156e-04 9.999999e-01 -3.704073e-04 -1.544800e-01 1.865102e-03 3.701330e-04 9.999982e-01 1.291708e+01
9.999998e-01 4.574100e-04 -5.389330e-04 1.221197e+00 -4.570769e-04 9.999997e-01 6.179886e-04 -1.921817e-01 5.392159e-04 -6.177414e-04 9.999997e-01 1.376632e+01
9.999975e-01 -2.368655e-04 -2.226989e-03 1.442415e+00 2.359306e-04 9.999999e-01 -4.200544e-04 -2.212057e-01 2.227088e-03 4.195272e-04 9.999974e-01 1.464348e+01
9.999999e-01 3.622328e-04 -2.844450e-04 2.220852e+00 -3.620033e-04 9.999996e-01 8.065280e-04 -2.464663e-01 2.847374e-04 -8.064242e-04 9.999996e-01 1.495306e+01
9.999979e-01 -1.317734e-04 -2.056064e-03 2.757903e+00 1.306471e-04 9.999998e-01 -5.479090e-04 -2.800901e-01 2.056135e-03 5.476385e-04 9.999977e-01 1.553476e+01
9.999999e-01 3.253460e-04 -5.935018e-05 3.411906e+00 -3.253000e-04 9.999996e-01 7.724854e-04 -3.175880e-01 5.960182e-05 -7.724653e-04 9.999997e-01 1.632193e+01
9.999979e-01 -1.977637e-04 -2.017546e-03 4.228684e+00 1.966980e-04 9.999998e-01 -5.284020e-04 -3.414680e-01 2.017650e-03 5.280034e-04 9.999978e-01 1.659091e+01
9.999998e-01 2.488180e-04 -5.380683e-04 4.656994e+00 -2.484029e-04 9.999997e-01 7.712929e-04 -3.685240e-01 5.382604e-04 -7.711584e-04 9.999996e-01 1.699125e+01
9.999979e-01 -2.984652e-05 -2.043915e-03 5.095276e+00 2.873485e-05 9.999999e-01 -5.438934e-04 -3.957286e-01 2.043931e-03 5.438329e-04 9.999978e-01 1.768307e+01
9.999998e-01 1.919772e-04 -6.288840e-04 5.534142e+00 -1.914544e-04 9.999996e-01 8.311918e-04 -4.191299e-01 6.290437e-04 -8.310705e-04 9.999995e-01 1.819065e+01
9.999983e-01 -3.076669e-05 -1.825338e-03 6.140683e+00 2.974426e-05 9.999998e-01 -5.601258e-04 -4.351216e-01 1.825354e-03 5.600698e-04 9.999982e-01 1.818544e+01
9.999997e-01 9.680435e-05 -7.251831e-04 6.585507e+00 -9.619039e-05 9.999996e-01 8.465470e-04 -4.559687e-01 7.252651e-04 -8.464763e-04 9.999994e-01 1.830797e+01
9.999970e-01 -2.245791e-06 -2.431083e-03 6.857533e+00 7.868908e-07 9.999998e-01 -6.000829e-04 -4.709875e-01 2.431083e-03 6.000785e-04 9.999969e-01 1.878971e+01
9.999990e-01 1.233723e-04 -1.441605e-03 6.599674e+00 -1.223368e-04 9.999997e-01 7.183850e-04 -4.600461e-01 1.441694e-03 -7.182072e-04 9.999987e-01 1.938425e+01
9.999982e-01 -8.245514e-05 -1.921125e-03 6.574159e+00 8.147716e-05 9.999999e-01 -5.091084e-04 -4.634813e-01 1.921167e-03 5.089502e-04 9.999980e-01 1.974472e+01
9.999988e-01 1.410216e-04 -1.518402e-03 6.408569e+00 -1.400917e-04 9.999998e-01 6.124285e-04 -4.619180e-01 1.518489e-03 -6.122143e-04 9.999987e-01 2.016898e+01
9.999980e-01 8.994600e-05 -1.988507e-03 6.259015e+00 -9.098161e-05 9.999999e-01 -5.206857e-04 -4.576030e-01 1.988459e-03 5.208649e-04 9.999979e-01 2.079584e+01
9.999997e-01 -5.847575e-05 -7.633209e-04 6.445855e+00 5.902827e-05 9.999997e-01 7.237519e-04 -4.790917e-01 7.632787e-04 -7.237961e-04 9.999994e-01 2.110563e+01
9.999978e-01 1.598765e-04 -2.075082e-03 6.537408e+00 -1.611820e-04 9.999998e-01 -6.289858e-04 -5.026399e-01 2.074980e-03 6.293182e-04 9.999976e-01 2.174790e+01
9.999998e-01 -4.355849e-05 -5.947927e-04 6.674865e+00 4.399496e-05 9.999997e-01 7.337133e-04 -5.296477e-01 5.947609e-04 -7.337387e-04 9.999996e-01 2.244096e+01
9.999968e-01 1.308602e-04 -2.514793e-03 6.647890e+00 -1.323577e-04 9.999998e-01 -5.953049e-04 -5.399583e-01 2.514714e-03 5.956351e-04 9.999967e-01 2.277829e+01
9.999987e-01 9.250598e-05 -1.630744e-03 6.034678e+00 -9.161725e-05 9.999998e-01 5.450089e-04 -5.069560e-01 1.630794e-03 -5.448580e-04 9.999985e-01 2.334414e+01
9.999961e-01 1.207130e-04 -2.777863e-03 5.416342e+00 -1.224712e-04 9.999998e-01 -6.327644e-04 -4.697910e-01 2.777786e-03 6.331014e-04 9.999959e-01 2.417979e+01
9.999999e-01 8.523738e-05 5.310150e-04 6.044596e+00 -8.574116e-05 9.999995e-01 9.488885e-04 -5.005295e-01 -5.309336e-04 -9.489332e-04 9.999994e-01 2.466824e+01
9.999974e-01 1.700648e-04 -2.272606e-03 7.053124e+00 -1.713784e-04 9.999998e-01 -5.778093e-04 -5.339995e-01 2.272507e-03 5.781966e-04 9.999973e-01 2.507496e+01
1.000000e+00 2.589627e-05 -1.262637e-04 7.674170e+00 -2.578064e-05 9.999996e-01 9.151740e-04 -5.584707e-01 1.262877e-04 -9.151701e-04 9.999996e-01 2.530695e+01
9.999951e-01 5.602196e-05 -3.128501e-03 7.644601e+00 -5.842074e-05 9.999997e-01 -7.666430e-04 -5.674063e-01 3.128457e-03 7.668214e-04 9.999948e-01 2.571911e+01
9.999999e-01 1.148188e-04 -3.528551e-04 7.451281e+00 -1.145287e-04 9.999997e-01 8.218084e-04 -5.618044e-01 3.529497e-04 -8.217672e-04 9.999996e-01 2.623555e+01
9.999960e-01 -2.706081e-05 -2.836328e-03 7.312981e+00 2.516838e-05 9.999998e-01 -6.672199e-04 -5.667309e-01 2.836345e-03 6.671451e-04 9.999958e-01 2.651962e+01
9.999998e-01 1.682605e-04 -6.842003e-04 7.068340e+00 -1.678080e-04 9.999998e-01 6.611932e-04 -5.623181e-01 6.843118e-04 -6.610775e-04 9.999995e-01 2.729537e+01
9.999957e-01 1.650864e-04 -2.927156e-03 6.744616e+00 -1.673691e-04 9.999997e-01 -7.795779e-04 -5.533758e-01 2.927026e-03 7.800638e-04 9.999954e-01 2.828867e+01
9.999997e-01 6.227895e-05 -7.639146e-04 6.181807e+00 -6.161024e-05 9.999996e-01 8.752664e-04 -5.326785e-01 7.639691e-04 -8.752183e-04 9.999993e-01 2.879359e+01
9.999949e-01 1.217235e-04 -3.201601e-03 5.799453e+00 -1.246553e-04 9.999996e-01 -9.155355e-04 -5.137901e-01 3.201488e-03 9.159292e-04 9.999945e-01 2.954245e+01
9.999998e-01 3.765973e-05 -6.467846e-04 5.354709e+00 -3.708363e-05 9.999996e-01 8.905966e-04 -4.905070e-01 6.468182e-04 -8.905717e-04 9.999994e-01 3.010380e+01
9.999939e-01 1.880729e-04 -3.500646e-03 4.724081e+00 -1.914732e-04 9.999995e-01 -9.710036e-04 -4.532573e-01 3.500462e-03 9.716672e-04 9.999934e-01 3.067816e+01
9.999999e-01 -4.744789e-05 -3.138696e-04 4.341800e+00 4.774825e-05 9.999995e-01 9.567816e-04 -4.341143e-01 3.138244e-04 -9.567958e-04 9.999995e-01 3.124540e+01
9.999953e-01 1.678566e-04 -3.050387e-03 4.215059e+00 -1.705605e-04 9.999996e-01 -8.861535e-04 -4.353716e-01 3.050236e-03 8.866689e-04 9.999950e-01 3.181104e+01
1.000000e+00 -4.592380e-05 1.145207e-05 4.317248e+00 4.591197e-05 9.999995e-01 1.038354e-03 -4.555550e-01 -1.149942e-05 -1.038352e-03 9.999995e-01 3.243520e+01
9.999975e-01 2.669395e-04 -2.198240e-03 4.858694e+00 -2.686158e-04 9.999997e-01 -7.622397e-04 -4.940308e-01 2.198036e-03 7.628276e-04 9.999973e-01 3.315674e+01
9.999997e-01 -8.359199e-05 -8.236304e-04 5.010916e+00 8.432253e-05 9.999996e-01 8.868842e-04 -5.179698e-01 8.235563e-04 -8.869526e-04 9.999993e-01 3.387508e+01
9.999962e-01 2.774881e-04 -2.753251e-03 4.519513e+00 -2.797219e-04 9.999996e-01 -8.109550e-04 -4.998264e-01 2.753024e-03 8.117213e-04 9.999959e-01 3.426662e+01
9.999995e-01 -1.114139e-04 -9.612143e-04 4.012052e+00 1.121963e-04 9.999997e-01 8.138069e-04 -4.764098e-01 9.611236e-04 -8.139137e-04 9.999992e-01 3.470785e+01
9.999977e-01 2.875288e-04 -2.121734e-03 4.029840e+00 -2.890362e-04 9.999997e-01 -7.101650e-04 -4.926296e-01 2.121529e-03 7.107759e-04 9.999975e-01 3.543894e+01
9.999998e-01 -1.730626e-05 -5.955723e-04 4.323173e+00 1.783363e-05 9.999996e-01 8.853380e-04 -5.288591e-01 5.955571e-04 -8.853478e-04 9.999994e-01 3.651801e+01
9.999986e-01 2.751079e-04 -1.659089e-03 5.058490e+00 -2.760217e-04 9.999998e-01 -5.505431e-04 -5.607991e-01 1.658937e-03 5.509996e-04 9.999985e-01 3.708358e+01
9.999997e-01 -7.933401e-05 -8.069920e-04 5.521234e+00 8.000556e-05 9.999997e-01 8.320619e-04 -5.949965e-01 8.069261e-04 -8.321255e-04 9.999993e-01 3.778332e+01
9.999959e-01 2.300966e-04 -2.844523e-03 5.295329e+00 -2.326159e-04 9.999996e-01 -8.853567e-04 -5.920300e-01 2.844318e-03 8.860140e-04 9.999956e-01 3.855497e+01
9.999999e-01 -1.565943e-05 -5.129978e-04 5.245794e+00 1.607402e-05 9.999997e-01 8.079913e-04 -6.058900e-01 5.129854e-04 -8.079987e-04 9.999995e-01 3.959890e+01
9.999972e-01 1.431103e-04 -2.368624e-03 5.320367e+00 -1.448609e-04 9.999997e-01 -7.389025e-04 -6.297596e-01 2.368518e-03 7.392428e-04 9.999969e-01 4.039504e+01
9.999995e-01 6.059897e-05 -9.675708e-04 4.880048e+00 -5.988731e-05 9.999997e-01 7.354250e-04 -6.142171e-01 9.676155e-04 -7.353660e-04 9.999993e-01 4.092375e+01
9.999962e-01 2.348048e-04 -2.741333e-03 4.148355e+00 -2.367047e-04 9.999997e-01 -6.927216e-04 -5.811333e-01 2.741169e-03 6.933672e-04 9.999960e-01 4.130327e+01
1.000000e+00 1.272646e-04 -1.993266e-04 4.125834e+00 -1.270970e-04 9.999996e-01 8.400036e-04 -5.854997e-01 1.994338e-04 -8.399776e-04 9.999996e-01 4.213064e+01
9.999972e-01 2.382966e-04 -2.361466e-03 4.277766e+00 -2.402966e-04 9.999996e-01 -8.466107e-04 -6.137044e-01 2.361263e-03 8.471751e-04 9.999969e-01 4.338950e+01
9.999997e-01 5.536155e-05 -7.983901e-04 4.239210e+00 -5.471984e-05 9.999997e-01 8.036403e-04 -6.278251e-01 7.984346e-04 -8.035957e-04 9.999994e-01 4.463532e+01
9.999951e-01 1.053766e-04 -3.127543e-03 3.841493e+00 -1.078540e-04 9.999997e-01 -7.919564e-04 -6.110962e-01 3.127458e-03 7.922891e-04 9.999948e-01 4.539049e+01
9.999993e-01 1.592619e-04 -1.190066e-03 3.078081e+00 -1.584292e-04 9.999997e-01 6.997634e-04 -5.670021e-01 1.190178e-03 -6.995737e-04 9.999990e-01 4.607924e+01
9.999979e-01 1.878762e-05 -2.035361e-03 3.003588e+00 -2.023709e-05 9.999997e-01 -7.120776e-04 -5.783676e-01 2.035347e-03 7.121166e-04 9.999977e-01 4.700288e+01
9.999995e-01 1.143793e-04 -1.025591e-03 2.976425e+00 -1.136039e-04 9.999997e-01 7.559065e-04 -5.939701e-01 1.025678e-03 -7.557888e-04 9.999992e-01 4.791148e+01
9.999969e-01 5.024959e-05 -2.477667e-03 2.671694e+00 -5.204198e-05 9.999997e-01 -7.233181e-04 -5.824473e-01 2.477629e-03 7.234441e-04 9.999967e-01 4.848963e+01
9.999994e-01 1.012157e-04 -1.112097e-03 2.382951e+00 -1.003786e-04 9.999997e-01 7.526922e-04 -5.703571e-01 1.112173e-03 -7.525794e-04 9.999991e-01 4.917644e+01
9.999972e-01 1.072256e-04 -2.343654e-03 2.103737e+00 -1.088963e-04 9.999997e-01 -7.127178e-04 -5.606804e-01 2.343577e-03 7.129704e-04 9.999970e-01 4.983698e+01
9.999998e-01 4.936861e-05 -6.148153e-04 2.027470e+00 -4.885663e-05 9.999997e-01 8.325602e-04 -5.673598e-01 6.148565e-04 -8.325293e-04 9.999995e-01 5.045636e+01
9.999972e-01 2.066612e-04 -2.355555e-03 2.060200e+00 -2.085477e-04 9.999997e-01 -8.006108e-04 -5.831953e-01 2.355388e-03 8.010991e-04 9.999969e-01 5.131438e+01
9.999997e-01 1.417266e-05 -7.210712e-04 2.000797e+00 -1.364182e-05 9.999997e-01 7.360268e-04 -5.974963e-01 7.210817e-04 -7.360160e-04 9.999995e-01 5.242712e+01
9.999966e-01 2.634247e-04 -2.606055e-03 1.814172e+00 -2.655736e-04 9.999996e-01 -8.242548e-04 -5.976915e-01 2.605836e-03 8.249433e-04 9.999963e-01 5.360356e+01
9.999998e-01 -5.424353e-05 -5.786466e-04 1.745820e+00 5.468569e-05 9.999997e-01 7.639473e-04 -6.106844e-01 5.786053e-04 -7.639781e-04 9.999995e-01 5.475322e+01
9.999955e-01 2.951601e-04 -2.977718e-03 1.731352e+00 -2.971341e-04 9.999997e-01 -6.624639e-04 -6.196847e-01 2.977521e-03 6.633450e-04 9.999953e-01 5.579645e+01
9.999997e-01 -1.007199e-04 -7.994949e-04 1.562092e+00 1.013203e-04 9.999997e-01 7.508385e-04 -6.188966e-01 7.994194e-04 -7.509186e-04 9.999994e-01 5.683229e+01
9.999970e-01 2.460070e-04 -2.456261e-03 1.520314e+00 -2.476056e-04 9.999998e-01 -6.504828e-04 -6.293345e-01 2.456100e-03 6.510883e-04 9.999968e-01 5.753094e+01
9.999995e-01 -6.244422e-05 -1.006925e-03 1.031649e+00 6.316377e-05 9.999997e-01 7.144676e-04 -6.112917e-01 1.006880e-03 -7.145301e-04 9.999992e-01 5.793229e+01
9.999957e-01 2.047370e-04 -2.937460e-03 5.500350e-01 -2.068726e-04 9.999997e-01 -7.266669e-04 -5.861151e-01 2.937310e-03 7.272707e-04 9.999954e-01 5.855047e+01
9.999995e-01 4.017652e-06 -9.745662e-04 1.456544e-02 -3.292364e-06 9.999997e-01 7.440936e-04 -5.582330e-01 9.745692e-04 -7.440893e-04 9.999992e-01 5.906012e+01
9.999970e-01 2.944226e-04 -2.451673e-03 -7.834715e-01 -2.957717e-04 9.999998e-01 -5.499069e-04 -5.252801e-01 2.451510e-03 5.506297e-04 9.999968e-01 5.924292e+01
9.999995e-01 -8.944693e-05 -9.674174e-04 -1.373356e+00 9.008464e-05 9.999998e-01 6.590373e-04 -5.027154e-01 9.673585e-04 -6.591234e-04 9.999993e-01 5.953767e+01
9.999977e-01 2.282112e-04 -2.148773e-03 -1.369161e+00 -2.293479e-04 9.999998e-01 -5.287103e-04 -5.149333e-01 2.148652e-03 5.292011e-04 9.999976e-01 6.022471e+01
9.999999e-01 -3.372488e-05 -4.611425e-04 -1.096930e+00 3.406573e-05 9.999997e-01 7.388930e-04 -5.466349e-01 4.611177e-04 -7.389080e-04 9.999996e-01 6.096977e+01
9.999968e-01 1.087684e-04 -2.540974e-03 -1.054643e+00 -1.102453e-04 9.999998e-01 -5.810395e-04 -5.628798e-01 2.540910e-03 5.813170e-04 9.999966e-01 6.140443e+01
9.999998e-01 -3.738605e-05 -6.559867e-04 -1.076678e+00 3.781340e-05 9.999998e-01 6.512613e-04 -5.755978e-01 6.559625e-04 -6.512852e-04 9.999996e-01 6.192530e+01
9.999965e-01 1.114386e-04 -2.649244e-03 -1.079832e+00 -1.129836e-04 9.999998e-01 -5.829805e-04 -5.917332e-01 2.649178e-03 5.832770e-04 9.999963e-01 6.254176e+01
9.999997e-01 -1.188206e-05 -7.310002e-04 -1.224721e+00 1.235590e-05 9.999998e-01 6.480236e-04 -5.972293e-01 7.309927e-04 -6.480318e-04 9.999995e-01 6.304348e+01
9.999965e-01 1.841652e-04 -2.652721e-03 -1.644203e+00 -1.851428e-04 9.999999e-01 -3.682572e-04 -5.895129e-01 2.652653e-03 3.687463e-04 9.999964e-01 6.317389e+01
9.999999e-01 1.154980e-04 -3.828009e-04 -2.038285e+00 -1.153466e-04 9.999999e-01 3.950427e-04 -5.831697e-01 3.828468e-04 -3.949978e-04 9.999998e-01 6.375441e+01
9.999970e-01 7.753630e-05 -2.454162e-03 -2.259866e+00 -7.832898e-05 9.999999e-01 -3.228456e-04 -5.853648e-01 2.454136e-03 3.230361e-04 9.999969e-01 6.450302e+01
1.000000e+00 8.314542e-05 -1.438261e-05 -2.006229e+00 -8.313751e-05 9.999999e-01 5.402870e-04 -6.154224e-01 1.442785e-05 -5.402851e-04 9.999999e-01 6.508476e+01
9.999973e-01 1.058437e-04 -2.334096e-03 -1.739834e+00 -1.066316e-04 9.999999e-01 -3.373481e-04 -6.478910e-01 2.334060e-03 3.375954e-04 9.999972e-01 6.577622e+01
9.999999e-01 8.932130e-05 -3.558625e-04 -1.631834e+00 -8.915362e-05 9.999999e-01 4.707992e-04 -6.697946e-01 3.559048e-04 -4.707667e-04 9.999998e-01 6.649057e+01
9.999974e-01 1.659699e-04 -2.253640e-03 -1.371489e+00 -1.666928e-04 9.999999e-01 -3.205341e-04 -6.965596e-01 2.253586e-03 3.209082e-04 9.999974e-01 6.732149e+01
9.999999e-01 4.703925e-05 -4.537975e-04 -1.250319e+00 -4.685891e-05 9.999999e-01 3.971183e-04 -7.253152e-01 4.538165e-04 -3.970963e-04 9.999998e-01 6.831231e+01
9.999960e-01 7.756798e-05 -2.836799e-03 -1.408478e+00 -7.857274e-05 9.999999e-01 -3.540304e-04 -7.285600e-01 2.836771e-03 3.542512e-04 9.999959e-01 6.893073e+01
9.999999e-01 -2.576272e-05 -4.499538e-04 -1.442095e+00 2.598735e-05 9.999999e-01 4.989284e-04 -7.374089e-01 4.499412e-04 -4.989394e-04 9.999998e-01 6.943528e+01
9.999960e-01 1.249626e-04 -2.840075e-03 -1.620479e+00 -1.252678e-04 1.000000e+00 -1.072256e-04 -7.377557e-01 2.840061e-03 1.075802e-04 9.999960e-01 6.924365e+01
9.999999e-01 2.170102e-04 -2.700680e-04 -2.388639e+00 -2.168307e-04 9.999998e-01 6.639901e-04 -7.212119e-01 2.702124e-04 -6.639308e-04 9.999997e-01 6.896837e+01
9.999985e-01 2.835088e-04 -1.697090e-03 -2.363905e+00 -2.851547e-04 9.999995e-01 -9.695803e-04 -7.532826e-01 1.696814e-03 9.700621e-04 9.999981e-01 7.075659e+01
1.000000e+00 -3.766749e-05 -1.726946e-04 -2.160424e+00 3.783979e-05 9.999995e-01 9.969997e-04 -8.022824e-01 1.726573e-04 -9.970055e-04 9.999995e-01 7.231780e+01
9.999955e-01 1.984339e-04 -2.987820e-03 -2.347438e+00 -1.998775e-04 9.999999e-01 -4.828154e-04 -8.023049e-01 2.987724e-03 4.834098e-04 9.999954e-01 7.180045e+01
1.000000e+00 -3.838576e-05 -1.405095e-04 -2.694780e+00 3.852277e-05 9.999995e-01 9.741813e-04 -8.002844e-01 1.404724e-04 -9.741860e-04 9.999995e-01 7.145141e+01
9.999955e-01 1.648894e-04 -2.990760e-03 -2.819108e+00 -1.669478e-04 9.999997e-01 -6.879710e-04 -8.102485e-01 2.990646e-03 6.884665e-04 9.999953e-01 7.156900e+01
1.000000e+00 2.648626e-04 -7.402377e-05 -3.316308e+00 -2.648288e-04 9.999999e-01 4.537190e-04 -8.017534e-01 7.414425e-05 -4.536987e-04 9.999999e-01 7.266009e+01
9.999948e-01 7.395171e-05 -3.235509e-03 -3.975509e+00 -7.555944e-05 9.999999e-01 -4.967364e-04 -7.804035e-01 3.235471e-03 4.969775e-04 9.999946e-01 7.357531e+01
1.000000e+00 6.288012e-05 -7.603296e-05 -4.382900e+00 -6.282100e-05 9.999997e-01 7.753787e-04 -7.705593e-01 7.608201e-05 -7.753732e-04 9.999997e-01 7.365196e+01
9.999968e-01 3.468339e-05 -2.549010e-03 -4.013348e+00 -3.595834e-05 9.999999e-01 -5.000694e-04 -7.935432e-01 2.548992e-03 5.001587e-04 9.999966e-01 7.395385e+01
1.000000e+00 1.108981e-04 1.885615e-05 -3.572715e+00 -1.109124e-04 9.999997e-01 7.697666e-04 -8.238078e-01 -1.877046e-05 -7.697680e-04 9.999997e-01 7.452736e+01
9.999975e-01 1.959366e-04 -2.206629e-03 -2.836265e+00 -1.972406e-04 9.999998e-01 -5.906528e-04 -8.607775e-01 2.206513e-03 5.910859e-04 9.999974e-01 7.546048e+01
9.999998e-01 6.608607e-05 6.933445e-04 -1.826004e+00 -6.667092e-05 9.999996e-01 8.437603e-04 -9.081052e-01 -6.932881e-04 -8.438057e-04 9.999994e-01 7.649883e+01
9.999963e-01 8.487052e-05 -2.711214e-03 -1.199163e+00 -8.656497e-05 9.999998e-01 -6.248126e-04 -9.384084e-01 2.711161e-03 6.250443e-04 9.999961e-01 7.695674e+01
1.000000e+00 8.172628e-05 -1.714730e-04 -1.055564e+00 -8.155036e-05 9.999995e-01 1.024790e-03 -9.400618e-01 1.715569e-04 -1.024775e-03 9.999995e-01 7.647154e+01
9.999954e-01 5.784330e-05 -3.030025e-03 -1.452324e+00 -5.995115e-05 9.999998e-01 -6.955147e-04 -9.337527e-01 3.029984e-03 6.956925e-04 9.999952e-01 7.649223e+01
9.999999e-01 2.435871e-05 -4.981121e-04 -1.639540e+00 -2.396101e-05 9.999997e-01 7.980916e-04 -9.324665e-01 4.981317e-04 -7.980789e-04 9.999996e-01 7.687933e+01
9.999966e-01 1.395950e-05 -2.602550e-03 -1.528994e+00 -1.549070e-05 9.999998e-01 -5.882653e-04 -9.497815e-01 2.602541e-03 5.883029e-04 9.999964e-01 7.713082e+01
9.999999e-01 8.467503e-05 -5.258747e-04 -1.701823e+00 -8.416143e-05 9.999995e-01 9.763033e-04 -9.518826e-01 5.259575e-04 -9.762582e-04 9.999994e-01 7.694343e+01
9.999964e-01 3.936634e-05 -2.679368e-03 -1.784284e+00 -4.092230e-05 9.999998e-01 -5.806092e-04 -9.518395e-01 2.679344e-03 5.807160e-04 9.999962e-01 7.670109e+01
9.999999e-01 6.915298e-05 -4.849335e-04 -1.871087e+00 -6.864576e-05 9.999995e-01 1.045571e-03 -9.511899e-01 4.850058e-04 -1.045537e-03 9.999993e-01 7.624254e+01
9.999974e-01 -3.033799e-05 -2.267862e-03 -1.493535e+00 2.850036e-05 9.999997e-01 -8.102509e-04 -9.708714e-01 2.267886e-03 8.101835e-04 9.999971e-01 7.633124e+01
9.999999e-01 1.126454e-04 -3.284504e-04 -1.123006e+00 -1.122994e-04 9.999994e-01 1.052570e-03 -9.986063e-01 3.285691e-04 -1.052532e-03 9.999994e-01 7.667783e+01
9.999968e-01 -8.857807e-05 -2.517890e-03 -8.482639e-01 8.657468e-05 9.999997e-01 -7.956960e-04 -1.013801e+00 2.517959e-03 7.954748e-04 9.999965e-01 7.667446e+01
1.000000e+00 1.545291e-04 -1.070304e-04 -4.881400e-01 -1.544123e-04 9.999994e-01 1.089672e-03 -1.026978e+00 1.071990e-04 -1.089654e-03 9.999994e-01 7.651741e+01
9.999991e-01 3.111342e-04 -1.280404e-03 9.007306e-01 -3.122796e-04 9.999996e-01 -8.943291e-04 -1.079504e+00 1.280125e-03 8.947274e-04 9.999988e-01 7.751944e+01
9.999997e-01 1.050282e-05 7.845256e-04 2.430454e+00 -1.150447e-05 9.999992e-01 1.276980e-03 -1.157542e+00 -7.845113e-04 -1.276988e-03 9.999989e-01 7.912071e+01
9.999954e-01 1.578416e-04 -3.044085e-03 2.909587e+00 -1.610113e-04 9.999994e-01 -1.040989e-03 -1.199787e+00 3.043918e-03 1.041474e-03 9.999948e-01 7.985524e+01
1.000000e+00 -1.227427e-04 1.566562e-04 3.091573e+00 1.225472e-04 9.999992e-01 1.248699e-03 -1.214436e+00 -1.568090e-04 -1.248679e-03 9.999992e-01 7.999035e+01
9.999957e-01 1.324924e-04 -2.932906e-03 3.281167e+00 -1.355372e-04 9.999995e-01 -1.037892e-03 -1.236410e+00 2.932767e-03 1.038284e-03 9.999952e-01 8.033444e+01
9.999996e-01 3.266650e-04 8.277437e-04 3.597359e+00 -3.275181e-04 9.999994e-01 1.030841e-03 -1.279121e+00 -8.274061e-04 -1.031111e-03 9.999991e-01 8.173057e+01
9.999954e-01 -9.202809e-05 -3.045631e-03 3.814978e+00 8.897387e-05 9.999995e-01 -1.002887e-03 -1.325116e+00 3.045721e-03 1.002611e-03 9.999949e-01 8.324023e+01
9.999998e-01 5.114120e-04 4.547424e-04 4.088479e+00 -5.119193e-04 9.999992e-01 1.116537e-03 -1.357297e+00 -4.541708e-04 -1.116769e-03 9.999993e-01 8.433164e+01
9.999952e-01 -2.438578e-04 -3.098966e-03 4.271697e+00 2.404855e-04 9.999994e-01 -1.088464e-03 -1.394182e+00 3.099230e-03 1.087713e-03 9.999946e-01 8.569666e+01
9.999999e-01 3.822656e-04 -2.719946e-05 4.224011e+00 -3.822356e-04 9.999993e-01 1.088893e-03 -1.408140e+00 2.761599e-05 -1.088882e-03 9.999994e-01 8.651061e+01
9.999949e-01 -2.520305e-04 -3.196472e-03 4.015557e+00 2.486896e-04 9.999994e-01 -1.045464e-03 -1.405588e+00 3.196734e-03 1.044663e-03 9.999943e-01 8.704797e+01
9.999995e-01 5.540318e-04 -7.779551e-04 3.165357e+00 -5.532950e-04 9.999994e-01 9.468532e-04 -1.359582e+00 7.784795e-04 -9.464216e-04 9.999992e-01 8.763596e+01
9.999955e-01 -4.085631e-04 -2.985787e-03 2.723624e+00 4.056099e-04 9.999994e-01 -9.895781e-04 -1.337294e+00 2.986189e-03 9.883618e-04 9.999951e-01 8.826796e+01
9.999998e-01 5.421039e-04 -2.859938e-04 2.656041e+00 -5.418021e-04 9.999993e-01 1.053796e-03 -1.345255e+00 2.865651e-04 -1.053641e-03 9.999994e-01 8.889296e+01
9.999958e-01 -3.551082e-04 -2.875532e-03 2.478572e+00 3.518732e-04 9.999993e-01 -1.125386e-03 -1.348749e+00 2.875930e-03 1.124369e-03 9.999952e-01 8.971021e+01
9.999998e-01 5.138000e-04 2.034622e-04 2.538045e+00 -5.140495e-04 9.999991e-01 1.228935e-03 -1.371686e+00 -2.028303e-04 -1.229038e-03 9.999992e-01 9.057455e+01
9.999959e-01 -4.083091e-04 -2.819922e-03 2.952261e+00 4.056285e-04 9.999995e-01 -9.510086e-04 -1.392308e+00 2.820308e-03 9.498602e-04 9.999956e-01 9.070650e+01
9.999999e-01 4.970658e-04 1.298660e-04 3.256214e+00 -4.972246e-04 9.999991e-01 1.226991e-03 -1.410582e+00 -1.292557e-04 -1.227055e-03 9.999992e-01 9.089974e+01
9.999912e-01 -2.159646e-04 -4.196205e-03 2.588943e+00 2.097887e-04 9.999989e-01 -1.472136e-03 -1.371551e+00 4.196518e-03 1.471242e-03 9.999901e-01 9.182397e+01
9.999990e-01 6.020291e-04 1.280901e-03 2.046657e+00 -6.036335e-04 9.999990e-01 1.252609e-03 -1.356731e+00 -1.280145e-03 -1.253381e-03 9.999984e-01 9.287253e+01
9.999919e-01 -1.349568e-04 -4.017208e-03 1.450292e+00 1.284975e-04 9.999987e-01 -1.608063e-03 -1.343725e+00 4.017420e-03 1.607533e-03 9.999906e-01 9.439952e+01
9.999989e-01 6.289426e-04 1.350768e-03 9.937575e-01 -6.305822e-04 9.999991e-01 1.213847e-03 -1.338717e+00 -1.350003e-03 -1.214697e-03 9.999984e-01 9.610329e+01
9.999914e-01 -2.872913e-04 -4.128894e-03 6.685683e-01 2.812545e-04 9.999989e-01 -1.462546e-03 -1.339517e+00 4.129309e-03 1.461372e-03 9.999904e-01 9.763656e+01
9.999995e-01 5.557768e-04 8.178369e-04 2.707456e-01 -5.567726e-04 9.999991e-01 1.218038e-03 -1.328791e+00 -8.171589e-04 -1.218492e-03 9.999989e-01 9.886921e+01
9.999927e-01 -2.653585e-04 -3.820866e-03 8.026405e-02 2.603093e-04 9.999991e-01 -1.321857e-03 -1.331080e+00 3.821213e-03 1.320852e-03 9.999918e-01 9.996907e+01
9.999981e-01 5.895182e-04 1.839234e-03 4.891805e-01 -5.924049e-04 9.999986e-01 1.569447e-03 -1.364849e+00 -1.838306e-03 -1.570533e-03 9.999971e-01 1.007708e+02
9.999903e-01 -4.242406e-04 -4.390759e-03 6.603952e-01 4.182925e-04 9.999990e-01 -1.355467e-03 -1.387002e+00 4.391329e-03 1.353616e-03 9.999894e-01 1.013775e+02
9.999988e-01 5.900778e-04 1.434233e-03 6.145763e-01 -5.921883e-04 9.999987e-01 1.471622e-03 -1.394411e+00 -1.433363e-03 -1.472469e-03 9.999979e-01 1.019415e+02
9.999916e-01 -2.765641e-04 -4.078612e-03 7.173530e-01 2.712882e-04 9.999991e-01 -1.294002e-03 -1.409375e+00 4.078966e-03 1.292884e-03 9.999908e-01 1.025865e+02
9.999982e-01 5.382669e-04 1.809220e-03 1.009044e+00 -5.410404e-04 9.999987e-01 1.532956e-03 -1.437010e+00 -1.808393e-03 -1.533931e-03 9.999972e-01 1.033354e+02
9.999917e-01 -2.233944e-04 -4.056045e-03 1.183480e+00 2.171710e-04 9.999988e-01 -1.534682e-03 -1.469448e+00 4.056382e-03 1.533788e-03 9.999906e-01 1.044730e+02
9.999993e-01 5.462765e-04 1.092638e-03 5.565573e-01 -5.478883e-04 9.999988e-01 1.475515e-03 -1.450017e+00 -1.091831e-03 -1.476112e-03 9.999983e-01 1.051868e+02
9.999915e-01 -3.035841e-04 -4.104086e-03 4.276498e-02 2.982978e-04 9.999991e-01 -1.288553e-03 -1.437637e+00 4.104474e-03 1.287317e-03 9.999907e-01 1.055247e+02
9.999996e-01 4.515426e-04 7.583406e-04 -2.589297e-01 -4.525284e-04 9.999991e-01 1.300526e-03 -1.427312e+00 -7.577524e-04 -1.300868e-03 9.999989e-01 1.061366e+02
9.999896e-01 -3.203679e-04 -4.560271e-03 -6.676815e-01 3.145883e-04 9.999991e-01 -1.268003e-03 -1.405499e+00 4.560673e-03 1.266554e-03 9.999888e-01 1.066730e+02
9.999995e-01 4.583741e-04 9.162436e-04 -9.676497e-01 -4.596106e-04 9.999990e-01 1.350025e-03 -1.391481e+00 -9.156236e-04 -1.350444e-03 9.999987e-01 1.073048e+02
9.999906e-01 -3.503990e-04 -4.313742e-03 -1.214623e+00 3.447079e-04 9.999991e-01 -1.319937e-03 -1.385237e+00 4.314200e-03 1.318437e-03 9.999898e-01 1.078238e+02
9.999990e-01 6.021106e-04 1.264382e-03 -1.658619e+00 -6.041489e-04 9.999985e-01 1.612531e-03 -1.376338e+00 -1.263409e-03 -1.613293e-03 9.999979e-01 1.079424e+02
9.999891e-01 -2.886484e-04 -4.670677e-03 -2.387803e+00 2.822685e-04 9.999990e-01 -1.366502e-03 -1.345791e+00 4.671066e-03 1.365168e-03 9.999882e-01 1.080309e+02
9.999994e-01 4.930964e-04 9.953677e-04 -2.559453e+00 -4.945254e-04 9.999988e-01 1.436165e-03 -1.327249e+00 -9.946581e-04 -1.436656e-03 9.999985e-01 1.084322e+02
9.999922e-01 -2.834444e-04 -3.932623e-03 -2.236941e+00 2.792247e-04 9.999994e-01 -1.073455e-03 -1.324501e+00 3.932925e-03 1.072348e-03 9.999917e-01 1.079866e+02
9.999994e-01 4.870954e-04 9.924077e-04 -1.537150e+00 -4.884839e-04 9.999989e-01 1.399596e-03 -1.326298e+00 -9.917246e-04 -1.400079e-03 9.999985e-01 1.076570e+02
9.999942e-01 -2.072659e-04 -3.393676e-03 -1.017209e+00 2.035420e-04 9.999994e-01 -1.097544e-03 -1.354143e+00 3.393901e-03 1.096847e-03 9.999936e-01 1.081996e+02
9.999998e-01 4.325890e-04 5.391541e-04 -9.488094e-01 -4.332539e-04 9.999991e-01 1.234028e-03 -1.370465e+00 -5.386195e-04 -1.234260e-03 9.999991e-01 1.090020e+02
9.999958e-01 -2.160529e-04 -2.884026e-03 -6.164858e-01 2.131932e-04 9.999995e-01 -9.917589e-04 -1.398848e+00 2.884238e-03 9.911392e-04 9.999953e-01 1.096141e+02
9.999996e-01 4.254343e-04 7.626730e-04 -5.809342e-02 -4.263737e-04 9.999991e-01 1.232246e-03 -1.426140e+00 -7.621478e-04 -1.232570e-03 9.999989e-01 1.101080e+02
9.999951e-01 -2.687342e-04 -3.126307e-03 4.764426e-01 2.657851e-04 9.999995e-01 -9.436196e-04 -1.449146e+00 3.126559e-03 9.427833e-04 9.999947e-01 1.104094e+02
9.999999e-01 4.382694e-04 2.223214e-04 9.065482e-01 -4.385611e-04 9.999990e-01 1.314457e-03 -1.454703e+00 -2.217448e-04 -1.314553e-03 9.999991e-01 1.100779e+02
9.999949e-01 -2.977794e-04 -3.172743e-03 1.539369e+00 2.945509e-04 9.999994e-01 -1.017935e-03 -1.458620e+00 3.173044e-03 1.016995e-03 9.999944e-01 1.097849e+02
9.999997e-01 4.184223e-04 6.593505e-04 2.152906e+00 -4.192693e-04 9.999991e-01 1.285418e-03 -1.475173e+00 -6.588117e-04 -1.285694e-03 9.999990e-01 1.098082e+02
9.999954e-01 -1.982221e-04 -3.026599e-03 2.748986e+00 1.951121e-04 9.999995e-01 -1.027756e-03 -1.512874e+00 3.026801e-03 1.027160e-03 9.999949e-01 1.105651e+02
9.999996e-01 4.779460e-04 7.966344e-04 3.147496e+00 -4.789172e-04 9.999991e-01 1.219650e-03 -1.556071e+00 -7.960505e-04 -1.220030e-03 9.999989e-01 1.115232e+02
9.999944e-01 -2.323879e-04 -3.329155e-03 3.565491e+00 2.290558e-04 9.999995e-01 -1.001173e-03 -1.591335e+00 3.329386e-03 1.000404e-03 9.999940e-01 1.124123e+02
9.999997e-01 3.727670e-04 7.168550e-04 4.082851e+00 -3.736861e-04 9.999991e-01 1.282635e-03 -1.610034e+00 -7.163760e-04 -1.282902e-03 9.999989e-01 1.126555e+02
9.999937e-01 -2.456873e-04 -3.536282e-03 4.207621e+00 2.420160e-04 9.999994e-01 -1.038527e-03 -1.616531e+00 3.536535e-03 1.037664e-03 9.999932e-01 1.127815e+02
9.999997e-01 3.891034e-04 7.072290e-04 4.635668e+00 -3.900592e-04 9.999990e-01 1.352066e-03 -1.625531e+00 -7.067019e-04 -1.352341e-03 9.999988e-01 1.126397e+02
9.999948e-01 -1.868477e-04 -3.223530e-03 5.442464e+00 1.835803e-04 9.999995e-01 -1.013818e-03 -1.638586e+00 3.223718e-03 1.013221e-03 9.999943e-01 1.125807e+02
9.999996e-01 3.541821e-04 7.639238e-04 6.188965e+00 -3.552028e-04 9.999990e-01 1.336769e-03 -1.655386e+00 -7.634494e-04 -1.337039e-03 9.999988e-01 1.126148e+02
9.999949e-01 -2.311009e-04 -3.173464e-03 6.853113e+00 2.277940e-04 9.999994e-01 -1.042278e-03 -1.674777e+00 3.173703e-03 1.041549e-03 9.999944e-01 1.127113e+02
9.999997e-01 3.190431e-04 7.343686e-04 7.426320e+00 -3.200036e-04 9.999991e-01 1.308550e-03 -1.695661e+00 -7.339502e-04 -1.308784e-03 9.999989e-01 1.128463e+02
9.999946e-01 -2.285064e-04 -3.291024e-03 7.879003e+00 2.249501e-04 9.999994e-01 -1.080887e-03 -1.721148e+00 3.291268e-03 1.080141e-03 9.999940e-01 1.132072e+02
9.999997e-01 3.000491e-04 7.403029e-04 8.505189e+00 -3.010537e-04 9.999990e-01 1.357554e-03 -1.744061e+00 -7.398946e-04 -1.357776e-03 9.999988e-01 1.134242e+02
9.999959e-01 -1.122445e-04 -2.871365e-03 9.347495e+00 1.093310e-04 9.999995e-01 -1.014740e-03 -1.770823e+00 2.871477e-03 1.014421e-03 9.999954e-01 1.137013e+02
9.999998e-01 2.628859e-04 5.726853e-04 9.883043e+00 -2.636345e-04 9.999991e-01 1.307842e-03 -1.802709e+00 -5.723407e-04 -1.307992e-03 9.999990e-01 1.141251e+02
9.999957e-01 -1.675180e-04 -2.918553e-03 1.052520e+01 1.645596e-04 9.999995e-01 -1.013781e-03 -1.830439e+00 2.918721e-03 1.013296e-03 9.999952e-01 1.144337e+02
9.999998e-01 2.247674e-04 6.043444e-04 1.137531e+01 -2.255800e-04 9.999991e-01 1.345250e-03 -1.849466e+00 -6.040412e-04 -1.345385e-03 9.999989e-01 1.145259e+02
9.999952e-01 -7.663951e-05 -3.100771e-03 1.188142e+01 7.350981e-05 9.999995e-01 -1.009360e-03 -1.876861e+00 3.100846e-03 1.009126e-03 9.999947e-01 1.148455e+02
9.999999e-01 2.434654e-04 2.142307e-04 1.206130e+01 -2.437315e-04 9.999992e-01 1.244144e-03 -1.892689e+00 -2.139274e-04 -1.244196e-03 9.999992e-01 1.153568e+02
9.999950e-01 -1.454815e-04 -3.171711e-03 1.220874e+01 1.422814e-04 9.999995e-01 -1.009058e-03 -1.904462e+00 3.171856e-03 1.008601e-03 9.999945e-01 1.157898e+02
9.999998e-01 3.436425e-04 5.811850e-04 1.277543e+01 -3.443877e-04 9.999991e-01 1.282898e-03 -1.932881e+00 -5.807433e-04 -1.283097e-03 9.999990e-01 1.162638e+02
9.999951e-01 -1.544134e-04 -3.121460e-03 1.329324e+01 1.510123e-04 9.999994e-01 -1.089725e-03 -1.953007e+00 3.121626e-03 1.089248e-03 9.999945e-01 1.165845e+02
9.999998e-01 3.325327e-04 5.058845e-04 1.367894e+01 -3.332489e-04 9.999989e-01 1.416721e-03 -1.963135e+00 -5.054126e-04 -1.416889e-03 9.999989e-01 1.164376e+02
9.999962e-01 -2.388090e-04 -2.760417e-03 1.428165e+01 2.356916e-04 9.999993e-01 -1.129504e-03 -1.989031e+00 2.760684e-03 1.128849e-03 9.999956e-01 1.166675e+02
9.999996e-01 6.291301e-04 6.491081e-04 1.470307e+01 -6.299694e-04 9.999990e-01 1.293872e-03 -2.025101e+00 -6.482931e-04 -1.294279e-03 9.999990e-01 1.175543e+02
9.999962e-01 -3.234939e-04 -2.736976e-03 1.520731e+01 3.204793e-04 9.999993e-01 -1.101709e-03 -2.050150e+00 2.737330e-03 1.100827e-03 9.999956e-01 1.182411e+02
9.999997e-01 5.437794e-04 5.205509e-04 1.589311e+01 -5.445216e-04 9.999988e-01 1.427054e-03 -2.074757e+00 -5.197740e-04 -1.427337e-03 9.999988e-01 1.185403e+02
9.999959e-01 -3.711808e-04 -2.842251e-03 1.651888e+01 3.680133e-04 9.999993e-01 -1.114816e-03 -2.106593e+00 2.842663e-03 1.113765e-03 9.999953e-01 1.190221e+02
9.999997e-01 6.031027e-04 5.615446e-04 1.714344e+01 -6.039102e-04 9.999988e-01 1.439350e-03 -2.142393e+00 -5.606756e-04 -1.439688e-03 9.999988e-01 1.196183e+02
9.999959e-01 -3.649362e-04 -2.835036e-03 1.787290e+01 3.617511e-04 9.999993e-01 -1.123833e-03 -2.174566e+00 2.835443e-03 1.122802e-03 9.999953e-01 1.200806e+02
9.999997e-01 5.411595e-04 4.934583e-04 1.853626e+01 -5.418501e-04 9.999989e-01 1.400862e-03 -2.200671e+00 -4.926994e-04 -1.401128e-03 9.999989e-01 1.204268e+02
9.999963e-01 -2.149842e-04 -2.710970e-03 1.917594e+01 2.118581e-04 9.999993e-01 -1.153285e-03 -2.231184e+00 2.711216e-03 1.152706e-03 9.999957e-01 1.210436e+02
9.999998e-01 4.248057e-04 4.936081e-04 1.977293e+01 -4.255196e-04 9.999989e-01 1.447647e-03 -2.261985e+00 -4.929923e-04 -1.447856e-03 9.999988e-01 1.216285e+02
9.999954e-01 -2.769542e-04 -3.021809e-03 2.016392e+01 2.734206e-04 9.999993e-01 -1.169626e-03 -2.291082e+00 3.022130e-03 1.168794e-03 9.999948e-01 1.221191e+02
9.999997e-01 3.919162e-04 6.476600e-04 2.070302e+01 -3.928725e-04 9.999988e-01 1.477366e-03 -2.323455e+00 -6.470799e-04 -1.477619e-03 9.999987e-01 1.225443e+02
9.999949e-01 -1.824933e-04 -3.173118e-03 2.146172e+01 1.788111e-04 9.999993e-01 -1.160599e-03 -2.344288e+00 3.173327e-03 1.160025e-03 9.999943e-01 1.226880e+02
9.999999e-01 3.532598e-04 3.245464e-04 2.191980e+01 -3.537481e-04 9.999988e-01 1.506553e-03 -2.364310e+00 -3.240135e-04 -1.506667e-03 9.999988e-01 1.230116e+02
9.999936e-01 -2.015592e-04 -3.580661e-03 2.220632e+01 1.972459e-04 9.999993e-01 -1.204872e-03 -2.380881e+00 3.580901e-03 1.204158e-03 9.999929e-01 1.236896e+02
9.999997e-01 2.660052e-04 7.622456e-04 2.321040e+01 -2.671919e-04 9.999988e-01 1.557468e-03 -2.386789e+00 -7.618301e-04 -1.557670e-03 9.999985e-01 1.234805e+02
9.999946e-01 -1.908463e-05 -3.283570e-03 2.423632e+01 1.515540e-05 9.999993e-01 -1.196579e-03 -2.394353e+00 3.283591e-03 1.196522e-03 9.999939e-01 1.233003e+02
9.999997e-01 1.634500e-04 6.948793e-04 2.490556e+01 -1.645031e-04 9.999988e-01 1.516072e-03 -2.412089e+00 -6.946305e-04 -1.516185e-03 9.999986e-01 1.234387e+02
9.999938e-01 -6.566949e-05 -3.534800e-03 2.555599e+01 6.145717e-05 9.999993e-01 -1.191698e-03 -2.430733e+00 3.534876e-03 1.191473e-03 9.999930e-01 1.236535e+02
9.999996e-01 3.773527e-04 7.779948e-04 2.600860e+01 -3.784382e-04 9.999990e-01 1.395950e-03 -2.458647e+00 -7.774669e-04 -1.396243e-03 9.999987e-01 1.244199e+02
9.999952e-01 -1.285444e-04 -3.098245e-03 2.667886e+01 1.250649e-04 9.999994e-01 -1.123162e-03 -2.496100e+00 3.098387e-03 1.122769e-03 9.999946e-01 1.252305e+02
9.999998e-01 2.933283e-04 6.299205e-04 2.722395e+01 -2.942053e-04 9.999990e-01 1.393064e-03 -2.526073e+00 -6.295110e-04 -1.393248e-03 9.999988e-01 1.257110e+02
9.999949e-01 -1.638462e-04 -3.194913e-03 2.758936e+01 1.600562e-04 9.999993e-01 -1.186403e-03 -2.552160e+00 3.195105e-03 1.185885e-03 9.999942e-01 1.262162e+02
9.999998e-01 2.583649e-04 6.109824e-04 2.810242e+01 -2.592397e-04 9.999989e-01 1.432625e-03 -2.572541e+00 -6.106114e-04 -1.432782e-03 9.999988e-01 1.264024e+02
9.999947e-01 -6.381841e-05 -3.264743e-03 2.849650e+01 5.979861e-05 9.999992e-01 -1.231283e-03 -2.598391e+00 3.264819e-03 1.231081e-03 9.999939e-01 1.269456e+02
9.999991e-01 4.264041e-04 1.250760e-03 2.956653e+01 -4.284017e-04 9.999986e-01 1.597511e-03 -2.633870e+00 -1.250077e-03 -1.598045e-03 9.999979e-01 1.274808e+02
9.999963e-01 -1.433451e-04 -2.733729e-03 3.083594e+01 1.399577e-04 9.999992e-01 -1.239152e-03 -2.660420e+00 2.733904e-03 1.238764e-03 9.999955e-01 1.277027e+02
9.999999e-01 2.106436e-04 -3.305445e-04 3.105397e+01 -2.101481e-04 9.999989e-01 1.497648e-03 -2.678744e+00 3.308599e-04 -1.497577e-03 9.999988e-01 1.280628e+02
9.999952e-01 -9.485396e-05 -3.111890e-03 3.087207e+01 9.062999e-05 9.999991e-01 -1.357393e-03 -2.676374e+00 3.112016e-03 1.357104e-03 9.999942e-01 1.283897e+02
1.000000e+00 1.421846e-04 -1.523923e-05 3.102022e+01 -1.421574e-04 9.999984e-01 1.755176e-03 -2.680247e+00 1.548902e-05 -1.755173e-03 9.999985e-01 1.279549e+02
9.999962e-01 -7.787638e-05 -2.754882e-03 3.140660e+01 7.379279e-05 9.999989e-01 -1.482288e-03 -2.696221e+00 2.754994e-03 1.482079e-03 9.999951e-01 1.279701e+02
9.999999e-01 2.472877e-04 4.327977e-04 3.190787e+01 -2.480230e-04 9.999985e-01 1.700290e-03 -2.726885e+00 -4.323764e-04 -1.700396e-03 9.999985e-01 1.285520e+02
9.999968e-01 -1.086879e-04 -2.509826e-03 3.278751e+01 1.052508e-04 9.999991e-01 -1.369436e-03 -2.761087e+00 2.509973e-03 1.369167e-03 9.999959e-01 1.289865e+02
9.999999e-01 2.904212e-04 4.158963e-04 3.351083e+01 -2.911138e-04 9.999986e-01 1.666859e-03 -2.794388e+00 -4.154113e-04 -1.666979e-03 9.999985e-01 1.294350e+02
9.999955e-01 -2.119225e-04 -3.002438e-03 3.394701e+01 2.075554e-04 9.999989e-01 -1.454667e-03 -2.816509e+00 3.002742e-03 1.454036e-03 9.999944e-01 1.296481e+02
9.999996e-01 4.008742e-04 7.585499e-04 3.613441e+01 -4.021966e-04 9.999984e-01 1.744346e-03 -2.828108e+00 -7.578492e-04 -1.744650e-03 9.999982e-01 1.293004e+02
9.999986e-01 -3.065348e-04 -1.614786e-03 3.839151e+01 3.043405e-04 9.999990e-01 -1.358815e-03 -2.840280e+00 1.615201e-03 1.358321e-03 9.999978e-01 1.289068e+02
9.999994e-01 4.780495e-04 -9.528085e-04 3.907964e+01 -4.764972e-04 9.999986e-01 1.628476e-03 -2.851695e+00 9.535859e-04 -1.628020e-03 9.999982e-01 1.287836e+02
9.999988e-01 -3.983782e-04 -1.507959e-03 3.987385e+01 3.963801e-04 9.999990e-01 -1.324944e-03 -2.868493e+00 1.508485e-03 1.324344e-03 9.999980e-01 1.287987e+02
9.999995e-01 5.447733e-04 -8.398336e-04 4.049455e+01 -5.434049e-04 9.999985e-01 1.628413e-03 -2.899095e+00 8.407197e-04 -1.627955e-03 9.999983e-01 1.292746e+02
9.999986e-01 -3.395357e-04 -1.665315e-03 4.102631e+01 3.373505e-04 9.999991e-01 -1.312133e-03 -2.933092e+00 1.665759e-03 1.311569e-03 9.999978e-01 1.299303e+02
9.999989e-01 4.426894e-04 -1.411846e-03 4.124862e+01 -4.405048e-04 9.999987e-01 1.547051e-03 -2.954968e+00 1.412529e-03 -1.546426e-03 9.999978e-01 1.305116e+02
9.999976e-01 -3.178333e-04 -2.170144e-03 4.090689e+01 3.148243e-04 9.999990e-01 -1.386613e-03 -2.945843e+00 2.170582e-03 1.385926e-03 9.999967e-01 1.308960e+02
9.999996e-01 5.258456e-04 -6.586236e-04 4.104145e+01 -5.247960e-04 9.999986e-01 1.592387e-03 -2.966658e+00 6.594603e-04 -1.592040e-03 9.999985e-01 1.316611e+02
9.999992e-01 2.061931e-06 -1.263514e-03 4.188333e+01 -3.697202e-06 9.999992e-01 -1.294012e-03 -3.011961e+00 1.263510e-03 1.294015e-03 9.999984e-01 1.329455e+02
