9.999968e-01 4.539872e-04 -2.479793e-03 5.029418e-01 -4.537181e-04 9.999999e-01 1.091105e-04 -4.576690e-02 2.479842e-03 -1.079857e-04 9.999969e-01 1.554670e+00
1.000000e+00 -1.180307e-04 -2.376551e-04 9.461730e-01 1.180510e-04 1.000000e+00 8.510246e-05 -8.718614e-02 2.376454e-04 -8.512980e-05 1.000000e+00 2.791161e+00
9.999966e-01 1.735448e-04 -2.606221e-03 1.291472e+00 -1.732112e-04 1.000000e+00 1.282407e-04 -1.160277e-01 2.606243e-03 -1.277896e-04 9.999966e-01 3.310640e+00
1.000000e+00 -1.817078e-05 -7.230689e-05 1.695236e+00 1.817555e-05 1.000000e+00 6.559255e-05 -1.463346e-01 7.230603e-05 -6.559315e-05 1.000000e+00 3.985737e+00
9.999966e-01 1.178608e-04 -2.589501e-03 2.156909e+00 -1.175659e-04 1.000000e+00 1.140686e-04 -1.741069e-01 2.589514e-03 -1.137645e-04 9.999966e-01 4.575363e+00
1.000000e+00 8.829126e-05 -5.280731e-05 2.564442e+00 -8.828839e-05 1.000000e+00 5.380566e-05 -2.054918e-01 5.281240e-05 -5.380029e-05 1.000000e+00 5.394067e+00
9.999947e-01 -1.339100e-04 -3.250134e-03 2.963951e+00 1.343722e-04 1.000000e+00 1.419890e-04 -2.193114e-01 3.250114e-03 -1.424256e-04 9.999947e-01 5.564558e+00
1.000000e+00 8.421754e-05 8.894589e-05 3.542148e+00 -8.422230e-05 1.000000e+00 5.387888e-05 -2.280655e-01 -8.894101e-05 -5.388566e-05 1.000000e+00 5.438722e+00
9.999940e-01 -9.647942e-05 -3.472900e-03 4.122377e+00 9.732154e-05 1.000000e+00 2.423249e-04 -2.187630e-01 3.472876e-03 -2.426622e-04 9.999939e-01 4.697746e+00
1.000000e+00 2.696251e-04 6.795316e-05 4.508025e+00 -2.696124e-04 9.999999e-01 -1.867651e-04 -2.261639e-01 -6.800317e-05 1.867475e-04 1.000000e+00 5.010244e+00
9.999909e-01 -2.187151e-04 -4.251557e-03 5.206970e+00 2.200832e-04 9.999999e-01 3.213222e-04 -2.144736e-01 4.251486e-03 -3.222557e-04 9.999909e-01 4.861731e+00
9.999999e-01 1.996839e-04 3.527561e-04 5.742808e+00 -1.997938e-04 9.999999e-01 3.117340e-04 -1.731533e-01 -3.526935e-04 -3.118037e-04 9.999999e-01 2.694930e+00
9.999953e-01 -7.991231e-05 -3.077000e-03 6.039170e+00 8.015872e-05 1.000000e+00 7.996904e-05 -1.601804e-01 3.076993e-03 -8.021602e-05 9.999953e-01 1.654028e+00
9.999999e-01 4.846635e-04 -5.802184e-05 6.087675e+00 -4.846731e-04 9.999999e-01 -1.666143e-04 -1.781973e-01 5.794142e-05 1.666432e-04 1.000000e+00 2.881372e+00
9.999951e-01 2.394083e-04 -3.129298e-03 6.307053e+00 -2.390714e-04 1.000000e+00 1.080446e-04 -1.911463e-01 3.129323e-03 -1.072967e-04 9.999951e-01 4.803229e+00
1.000000e+00 2.871473e-04 4.749479e-05 8.830793e+00 -2.871573e-04 9.999999e-01 2.129046e-04 -1.598496e-01 -4.743331e-05 -2.129176e-04 1.000000e+00 4.499581e+00
9.999952e-01 1.939205e-04 -3.099009e-03 1.365248e+01 -1.924579e-04 9.999999e-01 4.722681e-04 -3.151101e-02 3.099100e-03 -4.716701e-04 9.999951e-01 7.354737e-01
9.999996e-01 4.813422e-04 7.653304e-04 1.735679e+01 -4.814855e-04 9.999999e-01 1.872296e-04 6.720557e-02 -7.652398e-04 -1.875973e-04 9.999997e-01 -2.066188e+00
9.999915e-01 6.058019e-05 -4.114828e-03 2.015598e+01 -5.749259e-05 9.999997e-01 7.504841e-04 2.034088e-01 4.114872e-03 -7.502418e-04 9.999913e-01 -5.216597e+00
9.999994e-01 3.796532e-04 1.048358e-03 2.483098e+01 -3.797884e-04 9.999999e-01 1.288027e-04 3.614466e-01 -1.048309e-03 -1.292000e-04 9.999994e-01 -9.864710e+00
9.999918e-01 2.008923e-04 -4.046451e-03 2.923854e+01 -1.977411e-04 9.999997e-01 7.791371e-04 5.127909e-01 4.046606e-03 -7.783313e-04 9.999915e-01 -1.434114e+01
9.999982e-01 5.324239e-04 1.825160e-03 3.318848e+01 -5.324704e-04 9.999999e-01 2.501030e-05 6.317078e-01 -1.825146e-03 -2.598138e-05 9.999983e-01 -1.770989e+01
9.999891e-01 1.563436e-04 -4.661884e-03 3.771880e+01 -1.525481e-04 9.999997e-01 8.145135e-04 7.612102e-01 4.662010e-03 -8.137942e-04 9.999888e-01 -2.132819e+01
9.999972e-01 5.056973e-04 2.305935e-03 4.295810e+01 -5.057117e-04 9.999999e-01 5.691998e-06 9.131758e-01 -2.305932e-03 -6.857408e-06 9.999973e-01 -2.584006e+01
9.999845e-01 -1.714466e-04 -5.566967e-03 4.700179e+01 1.768561e-04 9.999995e-01 9.712322e-04 1.060711e+00 5.566798e-03 -9.722024e-04 9.999840e-01 -2.999449e+01
9.999960e-01 9.091467e-04 2.667493e-03 5.225703e+01 -9.090994e-04 9.999996e-01 -1.894570e-05 1.243282e+00 -2.667509e-03 1.652132e-05 9.999964e-01 -3.550235e+01
9.999884e-01 -7.104977e-05 -4.806387e-03 5.764230e+01 7.608804e-05 9.999994e-01 1.048080e-03 1.415438e+00 4.806309e-03 -1.048435e-03 9.999879e-01 -4.059399e+01
9.999961e-01 6.391899e-04 2.721916e-03 6.410334e+01 -6.388088e-04 9.999998e-01 -1.408394e-04 1.589980e+00 -2.722006e-03 1.391008e-04 9.999963e-01 -4.581348e+01
9.999865e-01 -4.708662e-05 -5.195027e-03 7.033093e+01 5.219375e-05 9.999995e-01 9.829594e-04 1.761603e+00 5.194978e-03 -9.832180e-04 9.999860e-01 -5.092348e+01
9.999946e-01 9.471782e-04 3.161853e-03 7.520850e+01 -9.470750e-04 9.999996e-01 -3.411319e-05 1.910657e+00 -3.161883e-03 3.111921e-05 9.999950e-01 -5.524905e+01
9.999855e-01 -1.604026e-04 -5.391888e-03 7.948455e+01 1.664104e-04 9.999994e-01 1.113801e-03 2.063557e+00 5.391705e-03 -1.114683e-03 9.999848e-01 -5.889843e+01
9.999961e-01 8.642484e-04 2.666434e-03 8.397502e+01 -8.639814e-04 9.999996e-01 -1.012591e-04 2.224722e+00 -2.666520e-03 9.895566e-05 9.999964e-01 -6.342070e+01
9.999872e-01 -2.467932e-05 -5.058305e-03 8.798633e+01 3.049846e-05 9.999993e-01 1.150351e-03 2.390590e+00 5.058273e-03 -1.150492e-03 9.999865e-01 -6.769372e+01
9.999962e-01 8.956626e-04 2.602554e-03 9.115591e+01 -8.952660e-04 9.999996e-01 -1.535564e-04 2.555431e+00 -2.602690e-03 1.512266e-04 9.999966e-01 -7.077124e+01
9.999864e-01 3.801350e-05 -5.206381e-03 9.392696e+01 -3.194604e-05 9.999993e-01 1.165479e-03 2.726143e+00 5.206421e-03 -1.165298e-03 9.999858e-01 -7.378102e+01
9.999954e-01 1.380286e-03 2.715256e-03 9.388274e+01 -1.377996e-03 9.999987e-01 -8.448696e-04 2.854931e+00 -2.716418e-03 8.411248e-04 9.999960e-01 -7.310023e+01
9.999842e-01 -2.853096e-04 -5.610180e-03 9.383453e+01 2.912544e-04 9.999994e-01 1.058861e-03 2.962152e+00 5.609874e-03 -1.060479e-03 9.999837e-01 -7.255943e+01
9.999949e-01 1.215393e-03 2.956693e-03 9.622742e+01 -1.215087e-03 9.999993e-01 -1.054985e-04 3.134294e+00 -2.956818e-03 1.019060e-04 9.999956e-01 -7.500407e+01
9.999941e-01 -6.736970e-06 -3.422459e-03 1.016732e+02 9.506802e-06 9.999997e-01 8.093115e-04 3.259679e+00 3.422452e-03 -8.093400e-04 9.999938e-01 -7.746470e+01
9.999962e-01 9.213608e-04 2.598327e-03 1.081557e+02 -9.213754e-04 9.999996e-01 4.433810e-06 3.362983e+00 -2.598322e-03 -6.827114e-06 9.999966e-01 -8.028357e+01
9.999995e-01 9.392475e-04 -4.018711e-04 1.151517e+02 -9.388334e-04 9.999990e-01 1.029495e-03 3.407828e+00 4.028373e-04 -1.029118e-03 9.999994e-01 -8.219711e+01
9.999960e-01 5.510674e-04 2.787846e-03 1.220541e+02 -5.510288e-04 9.999998e-01 -1.461214e-05 3.418497e+00 -2.787853e-03 1.307661e-05 9.999961e-01 -8.307676e+01
9.999915e-01 2.125481e-03 3.534925e-03 1.273142e+02 -2.129521e-03 9.999971e-01 1.139301e-03 3.267025e+00 -3.532494e-03 -1.146820e-03 9.999931e-01 -7.846626e+01
9.999992e-01 -4.063187e-06 -1.265750e-03 1.324164e+02 4.069010e-06 1.000000e+00 4.555840e-06 3.319806e+00 1.265750e-03 -4.560271e-06 9.999992e-01 -7.955752e+01
9.999866e-01 2.683643e-03 4.418072e-03 1.337399e+02 -2.683714e-03 9.999964e-01 1.021930e-05 3.290278e+00 -4.418029e-03 -2.207672e-05 9.999902e-01 -7.363530e+01
9.999990e-01 -2.848336e-04 -1.355220e-03 1.341013e+02 2.839779e-04 9.999998e-01 -6.315972e-04 3.237060e+00 1.355400e-03 6.312124e-04 9.999989e-01 -6.697538e+01
9.999936e-01 2.749161e-03 2.271344e-03 1.315045e+02 -2.749117e-03 9.999962e-01 -2.226555e-05 3.357507e+00 -2.271397e-03 1.602050e-05 9.999974e-01 -6.237114e+01
9.999995e-01 -6.349757e-04 7.725084e-04 1.329936e+02 6.350515e-04 9.999998e-01 -9.787192e-05 3.234104e+00 -7.724458e-04 9.836317e-05 9.999997e-01 -5.671547e+01
9.999953e-01 1.756682e-03 -2.523473e-03 1.305508e+02 -1.756684e-03 9.999985e-01 1.418711e-06 3.333432e+00 2.523471e-03 3.013522e-06 9.999968e-01 -5.444582e+01
9.999989e-01 -1.177568e-03 -8.463149e-04 1.294571e+02 1.178815e-03 9.999982e-01 1.474158e-03 3.417718e+00 8.445778e-04 -1.475154e-03 9.999986e-01 -5.693437e+01
9.999949e-01 2.671110e-03 1.769962e-03 1.299786e+02 -2.669737e-03 9.999961e-01 -7.778005e-04 3.419343e+00 -1.772034e-03 7.730704e-04 9.999981e-01 -5.546945e+01
9.999980e-01 -1.984650e-03 -2.689940e-04 1.309715e+02 1.984893e-03 9.999976e-01 9.053763e-04 3.313903e+00 2.671968e-04 -9.059077e-04 9.999996e-01 -5.164939e+01
9.999953e-01 2.186084e-03 -2.168056e-03 1.316946e+02 -2.187355e-03 9.999974e-01 -5.840155e-04 3.301212e+00 2.166773e-03 5.887543e-04 9.999975e-01 -5.170187e+01
9.999976e-01 -2.095547e-03 -5.684288e-04 1.317099e+02 2.096033e-03 9.999974e-01 8.550833e-04 3.289666e+00 5.666358e-04 -8.562721e-04 9.999995e-01 -5.155046e+01
9.999947e-01 2.200309e-03 -2.387760e-03 1.316529e+02 -2.202116e-03 9.999973e-01 -7.540172e-04 3.278150e+00 2.386094e-03 7.592706e-04 9.999969e-01 -5.094441e+01
9.999983e-01 -1.589057e-03 9.695036e-04 1.326552e+02 1.588201e-03 9.999983e-01 8.833963e-04 3.228282e+00 -9.709054e-04 -8.818543e-04 9.999991e-01 -4.953170e+01
9.999961e-01 1.910989e-03 -2.050472e-03 1.337769e+02 -1.912237e-03 9.999980e-01 -6.070478e-04 3.167258e+00 2.049308e-03 6.109657e-04 9.999977e-01 -4.808229e+01
9.999987e-01 -1.616050e-03 8.254872e-05 1.342811e+02 1.615977e-03 9.999983e-01 8.816916e-04 3.128427e+00 -8.397311e-05 -8.815563e-04 9.999996e-01 -4.726945e+01
9.999966e-01 1.738300e-03 -1.942471e-03 1.347522e+02 -1.739500e-03 9.999983e-01 -6.162647e-04 3.092373e+00 1.941396e-03 6.196408e-04 9.999979e-01 -4.653524e+01
9.999983e-01 -1.622234e-03 -9.116225e-04 1.348474e+02 1.623019e-03 9.999983e-01 8.601953e-04 3.085103e+00 9.102258e-04 -8.616727e-04 9.999992e-01 -4.637762e+01
9.999959e-01 1.910720e-03 -2.138987e-03 1.345530e+02 -1.911831e-03 9.999980e-01 -5.171233e-04 3.098005e+00 2.137995e-03 5.212098e-04 9.999976e-01 -4.661295e+01
9.999981e-01 -1.651866e-03 -1.046467e-03 1.340310e+02 1.652729e-03 9.999983e-01 8.242123e-04 3.111949e+00 1.045104e-03 -8.259395e-04 9.999991e-01 -4.643690e+01
9.999958e-01 1.800891e-03 -2.255048e-03 1.337463e+02 -1.802354e-03 9.999982e-01 -6.465761e-04 3.119600e+00 2.253880e-03 6.506371e-04 9.999972e-01 -4.618569e+01
9.999984e-01 -1.679404e-03 -6.516028e-04 1.338337e+02 1.679945e-03 9.999982e-01 8.308950e-04 3.114988e+00 6.502066e-04 -8.319875e-04 9.999994e-01 -4.604419e+01
9.999960e-01 1.820288e-03 -2.181173e-03 1.338527e+02 -1.821661e-03 9.999981e-01 -6.275590e-04 3.110498e+00 2.180027e-03 6.315291e-04 9.999974e-01 -4.586546e+01
9.999986e-01 -1.669986e-03 1.420923e-04 1.349134e+02 1.669849e-03 9.999981e-01 9.613229e-04 3.081399e+00 -1.436971e-04 -9.610835e-04 9.999995e-01 -4.550058e+01
9.999972e-01 1.861147e-03 -1.486628e-03 1.361850e+02 -1.862092e-03 9.999981e-01 -6.347355e-04 3.051852e+00 1.485443e-03 6.375012e-04 9.999987e-01 -4.519212e+01
9.999973e-01 -1.745582e-03 -1.508610e-03 1.362543e+02 1.746828e-03 9.999981e-01 8.251297e-04 3.048771e+00 1.507167e-03 -8.277620e-04 9.999985e-01 -4.511973e+01
9.999974e-01 1.831978e-03 -1.334749e-03 1.369610e+02 -1.832719e-03 9.999982e-01 -5.544327e-04 3.048708e+00 1.333730e-03 5.568768e-04 9.999990e-01 -4.552784e+01
9.999987e-01 -1.560062e-03 -4.801928e-04 1.379985e+02 1.560497e-03 9.999984e-01 9.074781e-04 3.026104e+00 4.787767e-04 -9.082255e-04 9.999995e-01 -4.540564e+01
9.999971e-01 1.729733e-03 -1.702296e-03 1.388155e+02 -1.730822e-03 9.999983e-01 -6.386209e-04 3.009598e+00 1.701188e-03 6.415647e-04 9.999983e-01 -4.540164e+01
9.999980e-01 -1.583973e-03 -1.214861e-03 1.388980e+02 1.585227e-03 9.999982e-01 1.032448e-03 3.006673e+00 1.213224e-03 -1.034371e-03 9.999987e-01 -4.586207e+01
9.999969e-01 1.686096e-03 -1.810622e-03 1.390109e+02 -1.687278e-03 9.999984e-01 -6.516599e-04 3.001739e+00 1.809520e-03 6.547122e-04 9.999981e-01 -4.621109e+01
9.999980e-01 -1.645623e-03 -1.165995e-03 1.393981e+02 1.646760e-03 9.999982e-01 9.747990e-04 2.997489e+00 1.164389e-03 -9.767164e-04 9.999988e-01 -4.666095e+01
9.999970e-01 1.802230e-03 -1.670639e-03 1.397401e+02 -1.803215e-03 9.999982e-01 -5.882272e-04 2.997266e+00 1.669576e-03 5.912373e-04 9.999984e-01 -4.724249e+01
9.999978e-01 -1.709290e-03 -1.204663e-03 1.400823e+02 1.710349e-03 9.999982e-01 8.785577e-04 2.986990e+00 1.203160e-03 -8.806155e-04 9.999989e-01 -4.748267e+01
9.999972e-01 1.836250e-03 -1.489924e-03 1.403733e+02 -1.837111e-03 9.999981e-01 -5.769551e-04 2.978537e+00 1.488862e-03 5.796899e-04 9.999987e-01 -4.774816e+01
9.999974e-01 -1.702538e-03 -1.529767e-03 1.404788e+02 1.703956e-03 9.999981e-01 9.261011e-04 2.975573e+00 1.528188e-03 -9.287046e-04 9.999984e-01 -4.812430e+01
9.999970e-01 1.832988e-03 -1.594152e-03 1.407054e+02 -1.833770e-03 9.999982e-01 -4.889690e-04 2.978292e+00 1.593252e-03 4.918901e-04 9.999986e-01 -4.885251e+01
9.999977e-01 -1.678856e-03 -1.353531e-03 1.410540e+02 1.680060e-03 9.999982e-01 8.889250e-04 2.982852e+00 1.352037e-03 -8.911962e-04 9.999987e-01 -4.954365e+01
9.999971e-01 1.905634e-03 -1.489598e-03 1.414804e+02 -1.906423e-03 9.999980e-01 -5.282742e-04 2.982197e+00 1.488588e-03 5.311117e-04 9.999988e-01 -4.998355e+01
9.999977e-01 -1.637986e-03 -1.386583e-03 1.414948e+02 1.639311e-03 9.999982e-01 9.544820e-04 2.990576e+00 1.385017e-03 -9.567521e-04 9.999986e-01 -5.055730e+01
9.999969e-01 1.793241e-03 -1.712069e-03 1.412142e+02 -1.794545e-03 9.999981e-01 -7.603122e-04 2.995100e+00 1.710702e-03 7.633815e-04 9.999982e-01 -5.031709e+01
9.999974e-01 -1.723031e-03 -1.470988e-03 1.411651e+02 1.724261e-03 9.999982e-01 8.352576e-04 2.987409e+00 1.469546e-03 -8.377911e-04 9.999986e-01 -4.984719e+01
9.999958e-01 1.989122e-03 -2.087606e-03 1.405754e+02 -1.990478e-03 9.999978e-01 -6.476183e-04 3.008123e+00 2.086313e-03 6.517703e-04 9.999976e-01 -4.957057e+01
9.999978e-01 -1.729569e-03 -1.208376e-03 1.405903e+02 1.730365e-03 9.999983e-01 6.585569e-04 3.002418e+00 1.207235e-03 -6.606457e-04 9.999991e-01 -4.863576e+01
9.999970e-01 1.909921e-03 -1.536936e-03 1.407876e+02 -1.910763e-03 9.999980e-01 -5.466139e-04 2.988299e+00 1.535889e-03 5.495483e-04 9.999987e-01 -4.796808e+01
9.999973e-01 -1.772482e-03 -1.485276e-03 1.409508e+02 1.773711e-03 9.999981e-01 8.261260e-04 2.983190e+00 1.483809e-03 -8.287575e-04 9.999986e-01 -4.808625e+01
9.999965e-01 1.927992e-03 -1.789710e-03 1.409959e+02 -1.929185e-03 9.999979e-01 -6.653189e-04 2.977458e+00 1.788423e-03 6.687686e-04 9.999982e-01 -4.762672e+01
9.999979e-01 -1.724702e-03 -1.089369e-03 1.411700e+02 1.725611e-03 9.999982e-01 8.342904e-04 2.971065e+00 1.087929e-03 -8.361677e-04 9.999991e-01 -4.722296e+01
9.999963e-01 1.808461e-03 -2.021223e-03 1.415586e+02 -1.809672e-03 9.999982e-01 -5.973803e-04 2.969618e+00 2.020138e-03 6.010351e-04 9.999978e-01 -4.726057e+01
9.999983e-01 -1.596954e-03 -9.191303e-04 1.422556e+02 1.597808e-03 9.999983e-01 9.294730e-04 2.959526e+00 9.176447e-04 -9.309393e-04 9.999991e-01 -4.726153e+01
9.999973e-01 1.928106e-03 -1.263995e-03 1.429485e+02 -1.928864e-03 9.999980e-01 -5.986332e-04 2.929549e+00 1.262838e-03 6.010690e-04 9.999990e-01 -4.667717e+01
9.999980e-01 -1.809201e-03 -8.206048e-04 1.436676e+02 1.809943e-03 9.999980e-01 9.040603e-04 2.895232e+00 8.189678e-04 -9.055430e-04 9.999993e-01 -4.612181e+01
9.999951e-01 1.907359e-03 -2.470873e-03 1.438315e+02 -1.908913e-03 9.999980e-01 -6.266324e-04 2.889287e+00 2.469673e-03 6.313453e-04 9.999968e-01 -4.593873e+01
9.999983e-01 -1.821046e-03 -3.678196e-04 1.442499e+02 1.821389e-03 9.999979e-01 9.355556e-04 2.874669e+00 3.661154e-04 -9.362232e-04 9.999995e-01 -4.575476e+01
9.999954e-01 1.892437e-03 -2.385759e-03 1.448692e+02 -1.893951e-03 9.999980e-01 -6.326408e-04 2.861077e+00 2.384557e-03 6.371557e-04 9.999970e-01 -4.574466e+01
9.999976e-01 -1.847120e-03 -1.160130e-03 1.452050e+02 1.848144e-03 9.999979e-01 8.818567e-04 2.860394e+00 1.158499e-03 -8.839980e-04 9.999989e-01 -4.563886e+01
9.999964e-01 2.236613e-03 -1.500106e-03 1.463705e+02 -2.237284e-03 9.999974e-01 -4.457639e-04 2.841532e+00 1.499105e-03 4.491177e-04 9.999988e-01 -4.519564e+01
9.999981e-01 -1.952026e-03 1.929094e-04 1.477753e+02 1.951853e-03 9.999977e-01 8.931922e-04 2.807746e+00 -1.946521e-04 -8.928133e-04 9.999996e-01 -4.479490e+01
9.999940e-01 2.117929e-03 -2.751499e-03 1.482029e+02 -2.119660e-03 9.999976e-01 -6.265524e-04 2.782383e+00 2.750165e-03 6.323802e-04 9.999960e-01 -4.440059e+01
9.999979e-01 -2.049284e-03 1.329829e-04 1.491905e+02 2.049156e-03 9.999974e-01 9.537440e-04 2.777631e+00 -1.349368e-04 -9.534687e-04 9.999995e-01 -4.463016e+01
9.999939e-01 2.384312e-03 -2.550130e-03 1.505269e+02 -2.385640e-03 9.999970e-01 -5.178015e-04 2.778004e+00 2.548887e-03 5.238813e-04 9.999966e-01 -4.498037e+01
9.999977e-01 -2.114316e-03 4.553041e-04 1.519884e+02 2.113871e-03 9.999973e-01 9.765348e-04 2.773448e+00 -4.573672e-04 -9.755693e-04 9.999994e-01 -4.522524e+01
9.999931e-01 2.284102e-03 -2.933108e-03 1.528559e+02 -2.286017e-03 9.999972e-01 -6.497344e-04 2.762938e+00 2.931615e-03 6.564343e-04 9.999955e-01 -4.523426e+01
9.999974e-01 -2.157695e-03 -7.678168e-04 1.530598e+02 2.158300e-03 9.999974e-01 7.889453e-04 2.778053e+00 7.661127e-04 -7.905997e-04 9.999994e-01 -4.510698e+01
9.999939e-01 2.293598e-03 -2.623577e-03 1.532144e+02 -2.295234e-03 9.999972e-01 -6.207537e-04 2.788090e+00 2.622145e-03 6.267710e-04 9.999964e-01 -4.486299e+01
9.999970e-01 -2.259364e-03 -9.039050e-04 1.533357e+02 2.260129e-03 9.999971e-01 8.461276e-04 2.787231e+00 9.019909e-04 -8.481674e-04 9.999992e-01 -4.461136e+01
9.999958e-01 2.401148e-03 -1.642880e-03 1.542303e+02 -2.402020e-03 9.999970e-01 -5.290776e-04 2.777151e+00 1.641604e-03 5.330209e-04 9.999985e-01 -4.469074e+01
9.999968e-01 -2.281186e-03 -1.048274e-03 1.551823e+02 2.282094e-03 9.999970e-01 8.652948e-04 2.772517e+00 1.046297e-03 -8.676837e-04 9.999991e-01 -4.493150e+01
9.999954e-01 2.380304e-03 -1.868207e-03 1.558502e+02 -2.381403e-03 9.999970e-01 -5.862374e-04 2.766331e+00 1.866805e-03 5.906830e-04 9.999981e-01 -4.500639e+01
9.999970e-01 -2.194704e-03 -1.045023e-03 1.564184e+02 2.195560e-03 9.999973e-01 8.187580e-04 2.758003e+00 1.043224e-03 -8.210493e-04 9.999991e-01 -4.482086e+01
9.999957e-01 2.336713e-03 -1.762208e-03 1.571143e+02 -2.337588e-03 9.999971e-01 -4.945545e-04 2.741715e+00 1.761047e-03 4.986710e-04 9.999983e-01 -4.467956e+01
9.999975e-01 -2.153306e-03 -6.770498e-04 1.581361e+02 2.153882e-03 9.999973e-01 8.510290e-04 2.729533e+00 6.752158e-04 -8.524844e-04 9.999994e-01 -4.474401e+01
9.999956e-01 2.344187e-03 -1.801786e-03 1.591106e+02 -2.345137e-03 9.999971e-01 -5.251770e-04 2.722321e+00 1.800550e-03 5.293994e-04 9.999982e-01 -4.490068e+01
9.999973e-01 -2.185769e-03 -8.131878e-04 1.601111e+02 2.186460e-03 9.999972e-01 8.490527e-04 2.718590e+00 8.113301e-04 -8.508277e-04 9.999993e-01 -4.516088e+01
9.999952e-01 2.330542e-03 -2.043157e-03 1.610515e+02 -2.331581e-03 9.999972e-01 -5.060053e-04 2.718021e+00 2.041971e-03 5.107660e-04 9.999978e-01 -4.550360e+01
9.999972e-01 -2.182340e-03 -8.828454e-04 1.619315e+02 2.183079e-03 9.999973e-01 8.371357e-04 2.718126e+00 8.810164e-04 -8.390600e-04 9.999993e-01 -4.586068e+01
9.999954e-01 2.368809e-03 -1.914279e-03 1.627770e+02 -2.369748e-03 9.999971e-01 -4.885621e-04 2.712527e+00 1.913116e-03 4.930955e-04 9.999980e-01 -4.606932e+01
9.999973e-01 -2.180826e-03 -7.742334e-04 1.636985e+02 2.181474e-03 9.999973e-01 8.358705e-04 2.706940e+00 7.724087e-04 -8.375565e-04 9.999994e-01 -4.629601e+01
9.999953e-01 2.330539e-03 -2.002225e-03 1.645701e+02 -2.331533e-03 9.999972e-01 -4.940121e-04 2.702148e+00 2.001068e-03 4.986773e-04 9.999979e-01 -4.653644e+01
9.999975e-01 -2.159850e-03 -6.448008e-04 1.655509e+02 2.160395e-03 9.999973e-01 8.461380e-04 2.696429e+00 6.429719e-04 -8.475282e-04 9.999994e-01 -4.676571e+01
9.999952e-01 2.362688e-03 -1.997493e-03 1.665514e+02 -2.363666e-03 9.999971e-01 -4.870500e-04 2.692579e+00 1.996336e-03 4.917684e-04 9.999979e-01 -4.704045e+01
9.999977e-01 -2.057047e-03 -5.219865e-04 1.671687e+02 2.057422e-03 9.999976e-01 7.176923e-04 2.683342e+00 5.205092e-04 -7.187639e-04 9.999996e-01 -4.708337e+01
9.999946e-01 2.359216e-03 -2.294855e-03 1.671895e+02 -2.360451e-03 9.999971e-01 -5.359642e-04 2.684774e+00 2.293584e-03 5.413775e-04 9.999972e-01 -4.679492e+01
9.999972e-01 -2.217256e-03 -8.103345e-04 1.671966e+02 2.217833e-03 9.999973e-01 7.121492e-04 2.684213e+00 8.087536e-04 -7.139437e-04 9.999994e-01 -4.649808e+01
9.999942e-01 2.353128e-03 -2.478770e-03 1.671829e+02 -2.354637e-03 9.999970e-01 -6.058251e-04 2.673589e+00 2.477337e-03 6.116575e-04 9.999967e-01 -4.591376e+01
9.999973e-01 -2.226846e-03 -6.701267e-04 1.672198e+02 2.227319e-03 9.999973e-01 7.059840e-04 2.654792e+00 6.685531e-04 -7.074740e-04 9.999995e-01 -4.523022e+01
9.999945e-01 2.336466e-03 -2.334542e-03 1.673291e+02 -2.337714e-03 9.999971e-01 -5.317598e-04 2.631796e+00 2.333292e-03 5.372136e-04 9.999971e-01 -4.467658e+01
9.999972e-01 -2.259964e-03 -6.630696e-04 1.674023e+02 2.260417e-03 9.999972e-01 6.825763e-04 2.611931e+00 6.615254e-04 -6.840725e-04 9.999995e-01 -4.419020e+01
9.999944e-01 2.352774e-03 -2.394279e-03 1.674266e+02 -2.354073e-03 9.999971e-01 -5.397364e-04 2.596230e+00 2.393002e-03 5.453690e-04 9.999970e-01 -4.370212e+01
9.999971e-01 -2.167968e-03 -1.072047e-03 1.670838e+02 2.168717e-03 9.999974e-01 6.973732e-04 2.604919e+00 1.070533e-03 -6.996954e-04 9.999992e-01 -4.338147e+01
9.999947e-01 2.427395e-03 -2.187163e-03 1.668040e+02 -2.428663e-03 9.999969e-01 -5.773223e-04 2.610291e+00 2.185754e-03 5.826304e-04 9.999974e-01 -4.297935e+01
9.999969e-01 -2.292875e-03 -9.927181e-04 1.666796e+02 2.293541e-03 9.999971e-01 6.694548e-04 2.607170e+00 9.911806e-04 -6.717289e-04 9.999993e-01 -4.245890e+01
9.999942e-01 2.447636e-03 -2.383952e-03 1.664933e+02 -2.449262e-03 9.999968e-01 -6.797102e-04 2.605819e+00 2.382280e-03 6.855444e-04 9.999969e-01 -4.173881e+01
9.999969e-01 -2.274639e-03 -1.026467e-03 1.661175e+02 2.275374e-03 9.999972e-01 7.151891e-04 2.615404e+00 1.024838e-03 -7.175218e-04 9.999992e-01 -4.116433e+01
9.999947e-01 2.403329e-03 -2.188964e-03 1.660710e+02 -2.404587e-03 9.999969e-01 -5.721585e-04 2.613282e+00 2.187582e-03 5.774183e-04 9.999974e-01 -4.088743e+01
9.999971e-01 -2.289920e-03 -7.902455e-04 1.665383e+02 2.290535e-03 9.999971e-01 7.779575e-04 2.605862e+00 7.884620e-04 -7.797646e-04 9.999994e-01 -4.089651e+01
9.999946e-01 2.412230e-03 -2.241875e-03 1.667545e+02 -2.413547e-03 9.999969e-01 -5.850421e-04 2.602625e+00 2.240456e-03 5.904491e-04 9.999973e-01 -4.084255e+01
9.999968e-01 -2.279755e-03 -1.127941e-03 1.665721e+02 2.280655e-03 9.999971e-01 7.968874e-04 2.614173e+00 1.126122e-03 -7.994565e-04 9.999990e-01 -4.081825e+01
9.999952e-01 2.376942e-03 -2.010827e-03 1.672722e+02 -2.377974e-03 9.999970e-01 -5.110621e-04 2.615127e+00 2.009606e-03 5.158406e-04 9.999978e-01 -4.116699e+01
9.999971e-01 -2.222226e-03 -9.280017e-04 1.682498e+02 2.223000e-03 9.999972e-01 8.339660e-04 2.618055e+00 9.261461e-04 -8.360258e-04 9.999992e-01 -4.159068e+01
9.999946e-01 2.430542e-03 -2.222984e-03 1.687118e+02 -2.431568e-03 9.999969e-01 -4.590106e-04 2.626149e+00 2.221861e-03 4.644128e-04 9.999974e-01 -4.221693e+01
9.999971e-01 -2.214502e-03 -9.073907e-04 1.688624e+02 2.215267e-03 9.999972e-01 8.433805e-04 2.633400e+00 9.055208e-04 -8.453875e-04 9.999992e-01 -4.268660e+01
9.999949e-01 2.330371e-03 -2.174205e-03 1.690916e+02 -2.331294e-03 9.999972e-01 -4.222623e-04 2.635499e+00 2.173215e-03 4.273281e-04 9.999975e-01 -4.327111e+01
9.999975e-01 -2.170834e-03 -5.879021e-04 1.697977e+02 2.171261e-03 9.999974e-01 7.262400e-04 2.632016e+00 5.863244e-04 -7.275139e-04 9.999996e-01 -4.364918e+01
9.999947e-01 2.216213e-03 -2.404968e-03 1.704361e+02 -2.217290e-03 9.999974e-01 -4.451236e-04 2.625053e+00 2.403975e-03 4.504530e-04 9.999970e-01 -4.383336e+01
9.999974e-01 -2.129367e-03 -8.504453e-04 1.709913e+02 2.129993e-03 9.999975e-01 7.362750e-04 2.623046e+00 8.488756e-04 -7.380838e-04 9.999994e-01 -4.410335e+01
9.999926e-01 2.130920e-03 -3.204089e-03 1.717092e+02 -2.131655e-03 9.999977e-01 -2.259945e-04 2.652670e+00 3.203600e-03 2.328221e-04 9.999948e-01 -4.570901e+01
9.999982e-01 -1.873940e-03 4.251139e-04 1.720881e+02 1.873616e-03 9.999980e-01 7.612714e-04 2.680155e+00 -4.265393e-04 -7.604728e-04 9.999996e-01 -4.737447e+01
9.999927e-01 2.040990e-03 -3.238233e-03 1.727749e+02 -2.042413e-03 9.999978e-01 -4.361525e-04 2.678264e+00 3.237335e-03 4.427624e-04 9.999947e-01 -4.776928e+01
9.999982e-01 -1.880738e-03 3.765396e-04 1.729171e+02 1.880424e-03 9.999979e-01 8.311387e-04 2.674570e+00 -3.781017e-04 -8.304284e-04 9.999996e-01 -4.817375e+01
9.999928e-01 1.988018e-03 -3.223069e-03 1.729326e+02 -1.990002e-03 9.999978e-01 -6.123307e-04 2.667081e+00 3.221845e-03 6.187395e-04 9.999946e-01 -4.799343e+01
9.999982e-01 -1.871836e-03 4.316514e-04 1.730929e+02 1.871505e-03 9.999980e-01 7.659485e-04 2.654023e+00 -4.330839e-04 -7.651385e-04 9.999996e-01 -4.758427e+01
9.999928e-01 2.025225e-03 -3.197784e-03 1.734103e+02 -2.026867e-03 9.999978e-01 -5.101666e-04 2.645410e+00 3.196743e-03 5.166437e-04 9.999948e-01 -4.755046e+01
9.999980e-01 -1.898136e-03 5.667200e-04 1.740853e+02 1.897668e-03 9.999979e-01 8.254654e-04 2.627429e+00 -5.682853e-04 -8.243877e-04 9.999995e-01 -4.745786e+01
9.999929e-01 2.151624e-03 -3.101170e-03 1.744245e+02 -2.153450e-03 9.999975e-01 -5.856887e-04 2.596351e+00 3.099902e-03 5.923621e-04 9.999950e-01 -4.670631e+01
9.999983e-01 -1.862960e-03 1.141829e-04 1.745298e+02 1.862871e-03 9.999980e-01 7.722385e-04 2.583911e+00 -1.156211e-04 -7.720238e-04 9.999997e-01 -4.581641e+01
9.999948e-01 2.271101e-03 -2.302903e-03 1.751498e+02 -2.272228e-03 9.999973e-01 -4.865111e-04 2.552916e+00 2.301792e-03 4.917406e-04 9.999972e-01 -4.492244e+01
9.999984e-01 -1.426167e-03 -1.076566e-03 1.753651e+02 1.426697e-03 9.999989e-01 4.922279e-04 2.552085e+00 1.075863e-03 -4.937623e-04 9.999993e-01 -4.275569e+01
9.999925e-01 2.142078e-03 -3.234938e-03 1.751654e+02 -2.143765e-03 9.999976e-01 -5.182439e-04 2.583726e+00 3.233820e-03 5.251742e-04 9.999946e-01 -4.014511e+01
9.999970e-01 -1.459859e-03 1.978878e-03 1.768914e+02 1.457827e-03 9.999984e-01 1.027737e-03 2.536178e+00 -1.980375e-03 -1.024849e-03 9.999975e-01 -3.868976e+01
9.999908e-01 2.113970e-03 -3.726574e-03 1.781823e+02 -2.116319e-03 9.999976e-01 -6.263944e-04 2.493012e+00 3.725240e-03 6.342745e-04 9.999929e-01 -3.704729e+01
9.999989e-01 -1.465507e-03 -3.245299e-04 1.778184e+02 1.465670e-03 9.999988e-01 5.011987e-04 2.512124e+00 3.237953e-04 -5.016731e-04 9.999998e-01 -3.493864e+01
9.999910e-01 2.081975e-03 -3.695811e-03 1.774457e+02 -2.084257e-03 9.999976e-01 -6.138798e-04 2.531438e+00 3.694524e-03 6.215766e-04 9.999930e-01 -3.284142e+01
9.999989e-01 -1.387172e-03 5.889968e-04 1.774479e+02 1.386857e-03 9.999989e-01 5.353279e-04 2.520016e+00 -5.897385e-04 -5.345097e-04 9.999997e-01 -3.067665e+01
9.999847e-01 2.020403e-03 -5.158671e-03 1.765189e+02 -2.025407e-03 9.999975e-01 -9.649822e-04 2.577295e+00 5.156708e-03 9.754151e-04 9.999862e-01 -2.828461e+01
9.999987e-01 -1.411976e-03 7.787823e-04 1.760940e+02 1.411241e-03 9.999986e-01 9.438277e-04 2.608276e+00 -7.801136e-04 -9.427267e-04 9.999993e-01 -2.633671e+01
9.999951e-01 1.792103e-03 -2.585463e-03 1.769891e+02 -1.793646e-03 9.999982e-01 -5.943985e-04 2.571809e+00 2.584393e-03 5.990323e-04 9.999965e-01 -2.540834e+01
9.999985e-01 -1.468858e-03 -8.898656e-04 1.770587e+02 1.469481e-03 9.999987e-01 6.997367e-04 2.562012e+00 8.888369e-04 -7.010426e-04 9.999994e-01 -2.416660e+01
9.999931e-01 2.115657e-03 -3.038611e-03 1.768352e+02 -2.118098e-03 9.999974e-01 -8.001376e-04 2.572048e+00 3.036910e-03 8.065675e-04 9.999951e-01 -2.215686e+01
9.999977e-01 -1.634675e-03 1.386863e-03 1.780172e+02 1.632986e-03 9.999979e-01 1.218056e-03 2.529019e+00 -1.388851e-03 -1.215788e-03 9.999983e-01 -2.073258e+01
9.999962e-01 2.401052e-03 -1.368841e-03 1.802813e+02 -2.401932e-03 9.999969e-01 -6.411707e-04 2.467993e+00 1.367297e-03 6.444554e-04 9.999989e-01 -1.977418e+01
9.999983e-01 -1.646398e-03 -8.722035e-04 1.807950e+02 1.647035e-03 9.999984e-01 7.296576e-04 2.427218e+00 8.710010e-04 -7.310922e-04 9.999994e-01 -1.765747e+01
9.999935e-01 2.297901e-03 -2.767107e-03 1.803308e+02 -2.300707e-03 9.999968e-01 -1.011133e-03 2.452244e+00 2.764775e-03 1.017493e-03 9.999957e-01 -1.564305e+01
9.999987e-01 -1.591247e-03 -2.822447e-04 1.803540e+02 1.591517e-03 9.999983e-01 9.582685e-04 2.446793e+00 2.807197e-04 -9.587158e-04 9.999995e-01 -1.367919e+01
9.999920e-01 2.207385e-03 -3.321364e-03 1.802382e+02 -2.210728e-03 9.999971e-01 -1.003211e-03 2.448316e+00 3.319139e-03 1.010545e-03 9.999940e-01 -1.163561e+01
9.999989e-01 -1.496310e-03 -5.442304e-05 1.801514e+02 1.496361e-03 9.999984e-01 9.554025e-04 2.449707e+00 5.299367e-05 -9.554821e-04 9.999995e-01 -9.593259e+00
9.999875e-01 2.298319e-03 -4.435915e-03 1.796138e+02 -2.303735e-03 9.999966e-01 -1.216146e-03 2.485218e+00 4.433105e-03 1.226350e-03 9.999894e-01 -6.977271e+00
9.999990e-01 -1.360959e-03 2.282025e-04 1.792992e+02 1.360715e-03 9.999985e-01 1.064736e-03 2.508123e+00 -2.296509e-04 -1.064424e-03 9.999994e-01 -4.214823e+00
9.999907e-01 2.120650e-03 -3.763558e-03 1.790673e+02 -2.125017e-03 9.999971e-01 -1.156608e-03 2.526429e+00 3.761094e-03 1.164594e-03 9.999922e-01 -1.977287e+00
9.999920e-01 -7.804932e-04 3.926985e-03 1.810202e+02 7.739510e-04 9.999983e-01 1.667231e-03 2.455557e+00 -3.928280e-03 -1.664178e-03 9.999909e-01 2.657791e-01
9.999969e-01 1.985914e-03 -1.531597e-03 1.840058e+02 -1.987448e-03 9.999975e-01 -1.000478e-03 2.346671e+00 1.529606e-03 1.003518e-03 9.999983e-01 2.742253e+00
9.999964e-01 -1.289551e-03 -2.339329e-03 1.833531e+02 1.290587e-03 9.999991e-01 4.410091e-04 2.376836e+00 2.338759e-03 -4.440260e-04 9.999972e-01 5.442666e+00
9.999942e-01 1.661410e-03 -2.968961e-03 1.822321e+02 -1.663042e-03 9.999985e-01 -5.472323e-04 2.442171e+00 2.968047e-03 5.521659e-04 9.999954e-01 6.190955e+00
9.999987e-01 -1.611165e-03 -1.457821e-04 1.832736e+02 1.611268e-03 9.999985e-01 7.093774e-04 2.469644e+00 1.446392e-04 -7.096106e-04 9.999997e-01 4.964813e+00
9.999963e-01 1.706511e-03 -2.132272e-03 1.852459e+02 -1.707034e-03 9.999985e-01 -2.436983e-04 2.460190e+00 2.131853e-03 2.473365e-04 9.999977e-01 4.693323e+00
9.999970e-01 -9.552938e-04 2.237357e-03 1.881216e+02 9.535760e-04 9.999992e-01 7.687915e-04 2.435676e+00 -2.238090e-03 -7.666550e-04 9.999972e-01 4.697025e+00
9.999969e-01 2.098231e-03 -1.343919e-03 1.913406e+02 -2.098186e-03 9.999978e-01 3.511057e-05 2.349580e+00 1.343990e-03 -3.229137e-05 9.999991e-01 6.606259e+00
9.999923e-01 -4.633452e-04 3.901983e-03 1.951551e+02 4.598017e-04 9.999995e-01 9.090321e-04 2.239865e+00 -3.902401e-03 -9.072303e-04 9.999920e-01 9.234671e+00
9.999978e-01 1.418229e-03 -1.513304e-03 1.991014e+02 -1.418509e-03 9.999990e-01 -1.841403e-04 2.172090e+00 1.513041e-03 1.862858e-04 9.999988e-01 1.050764e+01
9.999994e-01 -1.040296e-03 -4.180001e-04 2.008056e+02 1.040555e-03 9.999993e-01 6.205914e-04 2.149646e+00 4.173545e-04 -6.210252e-04 9.999997e-01 1.120591e+01
9.999679e-01 2.015994e-03 -7.758959e-03 1.986208e+02 -2.029176e-03 9.999965e-01 -1.691410e-03 2.313048e+00 7.755522e-03 1.707099e-03 9.999685e-01 1.437760e+01
9.999987e-01 -8.260881e-04 -1.417322e-03 1.956110e+02 8.269167e-04 9.999995e-01 5.840235e-04 2.543244e+00 1.416839e-03 -5.851940e-04 9.999988e-01 1.757173e+01
9.999901e-01 1.415899e-03 -4.206861e-03 1.942314e+02 -1.420470e-03 9.999984e-01 -1.083559e-03 2.639856e+00 4.205320e-03 1.089523e-03 9.999906e-01 1.902992e+01
9.999988e-01 -7.132590e-04 -1.342486e-03 1.925067e+02 7.139637e-04 9.999996e-01 5.243482e-04 2.756396e+00 1.342111e-03 -5.253054e-04 9.999990e-01 2.044784e+01
9.999850e-01 1.393634e-03 -5.291911e-03 1.908732e+02 -1.399853e-03 9.999983e-01 -1.171565e-03 2.877654e+00 5.290269e-03 1.178955e-03 9.999853e-01 2.255373e+01
9.999927e-01 -1.785642e-04 -3.806301e-03 1.881661e+02 1.784655e-04 1.000000e+00 -2.629919e-05 3.087250e+00 3.806305e-03 2.562041e-05 9.999928e-01 2.591768e+01
9.999742e-01 1.847284e-03 -6.935650e-03 1.841831e+02 -1.859952e-03 9.999966e-01 -1.820446e-03 3.394422e+00 6.932263e-03 1.833299e-03 9.999743e-01 3.024101e+01
9.999989e-01 -1.077742e-03 -1.029685e-03 1.822008e+02 1.078948e-03 9.999987e-01 1.171119e-03 3.562333e+00 1.028422e-03 -1.172228e-03 9.999988e-01 3.299091e+01
9.999880e-01 1.401686e-03 -4.700952e-03 1.819347e+02 -1.409197e-03 9.999977e-01 -1.594711e-03 3.656491e+00 4.698706e-03 1.601316e-03 9.999877e-01 3.406936e+01
9.999976e-01 -7.948530e-04 -2.017945e-03 1.812663e+02 7.965170e-04 9.999993e-01 8.238365e-04 3.819122e+00 2.017289e-03 -8.254412e-04 9.999976e-01 3.555037e+01
9.999826e-01 1.646435e-03 -5.663692e-03 1.795246e+02 -1.656851e-03 9.999969e-01 -1.834769e-03 4.008780e+00 5.660653e-03 1.844121e-03 9.999823e-01 3.813919e+01
9.999971e-01 -6.825315e-04 -2.315461e-03 1.773794e+02 6.848612e-04 9.999993e-01 1.005397e-03 4.175578e+00 2.314773e-03 -1.006979e-03 9.999968e-01 4.105164e+01
9.999905e-01 1.309620e-03 -4.149242e-03 1.758418e+02 -1.315860e-03 9.999980e-01 -1.501405e-03 4.288548e+00 4.147267e-03 1.506850e-03 9.999903e-01 4.320571e+01
9.999993e-01 -1.094684e-03 -4.029024e-04 1.754783e+02 1.095261e-03 9.999984e-01 1.433864e-03 4.328264e+00 4.013324e-04 -1.434304e-03 9.999989e-01 4.433962e+01
9.999937e-01 1.325136e-03 -3.296148e-03 1.756624e+02 -1.330000e-03 9.999980e-01 -1.473695e-03 4.348394e+00 3.294189e-03 1.478068e-03 9.999935e-01 4.523465e+01
9.999988e-01 -1.060117e-03 -1.168448e-03 1.761217e+02 1.061761e-03 9.999984e-01 1.407485e-03 4.395811e+00 1.166954e-03 -1.408723e-03 9.999983e-01 4.580207e+01
9.999968e-01 1.327699e-03 -2.173380e-03 1.768301e+02 -1.330744e-03 9.999981e-01 -1.400027e-03 4.423739e+00 2.171517e-03 1.402914e-03 9.999967e-01 4.666015e+01
9.999981e-01 -1.067507e-03 -1.601512e-03 1.768864e+02 1.069955e-03 9.999983e-01 1.528262e-03 4.422431e+00 1.599878e-03 -1.529972e-03 9.999975e-01 4.782706e+01
9.999978e-01 1.438278e-03 -1.517596e-03 1.772707e+02 -1.440314e-03 9.999981e-01 -1.341007e-03 4.402542e+00 1.515664e-03 1.343189e-03 9.999979e-01 4.891091e+01
9.999984e-01 -1.260562e-03 -1.264781e-03 1.781274e+02 1.262501e-03 9.999980e-01 1.533131e-03 4.408622e+00 1.262847e-03 -1.534725e-03 9.999980e-01 4.950384e+01
9.999956e-01 2.367124e-03 -1.767184e-03 1.766929e+02 -2.369794e-03 9.999961e-01 -1.510386e-03 4.497139e+00 1.763602e-03 1.514566e-03 9.999973e-01 5.062920e+01
9.999962e-01 -1.943047e-03 -1.938200e-03 1.756786e+02 1.945637e-03 9.999972e-01 1.335292e-03 4.567813e+00 1.935601e-03 -1.339057e-03 9.999972e-01 5.256294e+01
9.999937e-01 2.911576e-03 2.046683e-03 1.805141e+02 -2.910123e-03 9.999955e-01 -7.126543e-04 4.587801e+00 -2.048750e-03 7.066930e-04 9.999977e-01 5.162930e+01
9.999983e-01 -1.744047e-03 -6.724025e-04 1.860527e+02 1.745131e-03 9.999972e-01 1.614749e-03 4.634238e+00 6.695847e-04 -1.615919e-03 9.999985e-01 4.980495e+01
9.999973e-01 1.885795e-03 -1.368877e-03 1.883664e+02 -1.887435e-03 9.999975e-01 -1.198079e-03 4.655799e+00 1.366614e-03 1.200659e-03 9.999983e-01 4.897267e+01
9.999975e-01 -1.898914e-03 -1.192186e-03 1.898583e+02 1.900732e-03 9.999970e-01 1.525556e-03 4.664660e+00 1.189286e-03 -1.527818e-03 9.999981e-01 4.834471e+01
9.999973e-01 1.963098e-03 -1.250865e-03 1.905369e+02 -1.964683e-03 9.999973e-01 -1.266622e-03 4.648674e+00 1.248375e-03 1.269076e-03 9.999984e-01 4.827617e+01
9.999969e-01 -1.869712e-03 -1.670307e-03 1.908447e+02 1.872238e-03 9.999971e-01 1.511866e-03 4.625690e+00 1.667476e-03 -1.514987e-03 9.999975e-01 4.863343e+01
9.999974e-01 2.018646e-03 -1.014602e-03 1.912214e+02 -2.019913e-03 9.999972e-01 -1.249361e-03 4.597300e+00 1.012076e-03 1.251407e-03 9.999987e-01 4.916133e+01
9.999979e-01 -1.823678e-03 -9.269176e-04 1.924144e+02 1.825146e-03 9.999971e-01 1.585649e-03 4.568609e+00 9.240235e-04 -1.587336e-03 9.999983e-01 4.950038e+01
9.999919e-01 2.299997e-03 -3.309286e-03 1.918726e+02 -2.306500e-03 9.999954e-01 -1.962451e-03 4.595477e+00 3.304757e-03 1.970068e-03 9.999926e-01 5.135841e+01
9.999975e-01 -1.712030e-03 -1.458652e-03 1.913658e+02 1.714885e-03 9.999966e-01 1.958286e-03 4.632841e+00 1.455295e-03 -1.960781e-03 9.999970e-01 5.339993e+01
9.999983e-01 1.827162e-03 -2.876225e-04 1.934234e+02 -1.827587e-03 9.999972e-01 -1.484394e-03 4.623967e+00 2.849092e-04 1.484916e-03 9.999989e-01 5.337787e+01
9.999976e-01 -1.574223e-03 -1.539949e-03 1.945577e+02 1.577079e-03 9.999970e-01 1.855033e-03 4.606823e+00 1.537024e-03 -1.857457e-03 9.999971e-01 5.360205e+01
9.999982e-01 1.710847e-03 -8.411801e-04 1.952853e+02 -1.712100e-03 9.999974e-01 -1.490286e-03 4.576736e+00 8.386280e-04 1.491723e-03 9.999985e-01 5.424148e+01
9.999984e-01 -1.493954e-03 -9.483558e-04 1.964812e+02 1.495736e-03 9.999971e-01 1.881169e-03 4.546948e+00 9.455430e-04 -1.882584e-03 9.999978e-01 5.459270e+01
9.999976e-01 1.929043e-03 -1.016780e-03 1.972149e+02 -1.930659e-03 9.999969e-01 -1.590738e-03 4.503663e+00 1.013708e-03 1.592697e-03 9.999982e-01 5.571152e+01
9.999971e-01 -1.422701e-03 -1.927686e-03 1.974690e+02 1.425976e-03 9.999975e-01 1.698656e-03 4.480123e+00 1.925265e-03 -1.701399e-03 9.999967e-01 5.737360e+01
9.999981e-01 1.874317e-03 -5.386407e-04 1.980434e+02 -1.875111e-03 9.999972e-01 -1.477586e-03 4.448502e+00 5.358695e-04 1.478592e-03 9.999988e-01 5.860653e+01
9.999967e-01 -1.475908e-03 -2.082933e-03 1.985303e+02 1.479365e-03 9.999975e-01 1.658796e-03 4.425667e+00 2.080480e-03 -1.661871e-03 9.999965e-01 5.981043e+01
9.999976e-01 1.952086e-03 -1.025277e-03 1.987035e+02 -1.953686e-03 9.999969e-01 -1.561741e-03 4.415462e+00 1.022225e-03 1.563740e-03 9.999983e-01 6.117707e+01
9.999970e-01 -1.554703e-03 -1.866557e-03 1.989930e+02 1.557870e-03 9.999973e-01 1.696469e-03 4.400261e+00 1.863915e-03 -1.699371e-03 9.999968e-01 6.241951e+01
9.999974e-01 2.020608e-03 -1.041326e-03 1.992220e+02 -2.022247e-03 9.999967e-01 -1.574955e-03 4.380078e+00 1.038140e-03 1.577056e-03 9.999982e-01 6.384452e+01
9.999959e-01 -1.841451e-03 -2.213559e-03 1.992557e+02 1.845317e-03 9.999968e-01 1.745470e-03 4.373349e+00 2.210338e-03 -1.749546e-03 9.999960e-01 6.464970e+01
9.999980e-01 1.706388e-03 -1.016898e-03 1.998236e+02 -1.707895e-03 9.999974e-01 -1.482516e-03 4.373198e+00 1.014365e-03 1.484249e-03 9.999984e-01 6.438054e+01
9.999978e-01 -1.533663e-03 -1.444545e-03 2.006007e+02 1.536240e-03 9.999972e-01 1.784278e-03 4.354200e+00 1.441805e-03 -1.786492e-03 9.999974e-01 6.450004e+01
9.999982e-01 1.768833e-03 -6.394441e-04 2.014977e+02 -1.769753e-03 9.999974e-01 -1.441143e-03 4.325885e+00 6.368930e-04 1.442272e-03 9.999988e-01 6.480543e+01
9.999993e-01 -1.167637e-03 -2.368007e-04 2.032434e+02 1.168087e-03 9.999975e-01 1.910958e-03 4.270587e+00 2.345690e-04 -1.911233e-03 9.999981e-01 6.567041e+01
9.999980e-01 1.727533e-03 -9.714847e-04 2.043902e+02 -1.729047e-03 9.999973e-01 -1.559654e-03 4.212276e+00 9.687875e-04 1.561330e-03 9.999983e-01 6.728302e+01
9.999948e-01 -1.261193e-03 -2.956045e-03 2.039951e+02 1.265154e-03 9.999983e-01 1.338473e-03 4.228534e+00 2.954352e-03 -1.342205e-03 9.999947e-01 6.905194e+01
9.999979e-01 1.733409e-03 -1.053290e-03 2.035427e+02 -1.735075e-03 9.999972e-01 -1.582373e-03 4.248640e+00 1.050544e-03 1.584197e-03 9.999982e-01 7.081888e+01
9.999939e-01 -1.245085e-03 -3.264406e-03 2.029789e+02 1.249170e-03 9.999984e-01 1.249661e-03 4.276716e+00 3.262846e-03 -1.253731e-03 9.999939e-01 7.275931e+01
9.999980e-01 1.860616e-03 -7.476981e-04 2.027333e+02 -1.861613e-03 9.999974e-01 -1.334954e-03 4.286088e+00 7.452121e-04 1.336342e-03 9.999988e-01 7.480197e+01
9.999973e-01 -1.425518e-03 -1.846472e-03 2.033095e+02 1.428494e-03 9.999977e-01 1.611426e-03 4.248526e+00 1.844171e-03 -1.614059e-03 9.999970e-01 7.614164e+01
9.999940e-01 9.627908e-04 -3.321982e-03 2.065006e+02 -9.667466e-04 9.999988e-01 -1.189327e-03 4.352358e+00 3.320833e-03 1.192531e-03 9.999938e-01 7.307348e+01
9.999996e-01 -9.211194e-04 -2.003881e-04 2.115094e+02 9.215275e-04 9.999975e-01 2.044846e-03 4.548621e+00 1.985043e-04 -2.045029e-03 9.999979e-01 6.701335e+01
9.999977e-01 1.498690e-03 -1.564162e-03 2.160812e+02 -1.501314e-03 9.999975e-01 -1.677695e-03 4.645205e+00 1.561643e-03 1.680039e-03 9.999974e-01 6.425897e+01
9.999970e-01 -1.575426e-03 -1.863778e-03 2.198865e+02 1.579287e-03 9.999966e-01 2.071741e-03 4.717730e+00 1.860508e-03 -2.074678e-03 9.999961e-01 6.210595e+01
