9.999949e-01 3.077825e-05 -3.184924e-03 -4.030843e-02 -3.008793e-05 1.000000e+00 2.168001e-04 -3.871693e-03 3.184930e-03 -2.167039e-04 9.999949e-01 2.420267e-01
1.000000e+00 1.077434e-05 -1.241389e-04 -1.252761e-01 -1.077322e-05 1.000000e+00 8.785102e-06 -3.657917e-03 1.241394e-04 -8.783052e-06 1.000000e+00 3.591661e-01
9.999947e-01 3.118525e-05 -3.258634e-03 1.622706e-02 -3.011933e-05 9.999999e-01 3.271639e-04 -8.935716e-03 3.258644e-03 -3.270647e-04 9.999946e-01 4.318388e-01
9.999996e-01 3.031693e-04 8.421469e-04 2.595563e-01 -3.032483e-04 9.999999e-01 9.379533e-05 -4.398622e-02 -8.421181e-04 -9.404996e-05 9.999996e-01 2.041730e+00
9.999932e-01 -2.419404e-04 -3.692564e-03 -1.592338e-01 2.416135e-04 1.000000e+00 -8.894878e-05 -3.792446e-02 3.692585e-03 8.805528e-05 9.999932e-01 3.895777e+00
9.999998e-01 3.055838e-04 4.767516e-04 -1.236642e+00 -3.056228e-04 9.999999e-01 8.166606e-05 1.169411e-02 -4.767263e-04 -8.181104e-05 9.999999e-01 4.197394e+00
9.999940e-01 -2.151605e-04 -3.446105e-03 -2.246830e+00 2.149430e-04 1.000000e+00 -6.349023e-05 5.286607e-02 3.446118e-03 6.274842e-05 9.999941e-01 4.337925e+00
9.999998e-01 2.825368e-04 5.048317e-04 -2.876721e+00 -2.826039e-04 1.000000e+00 1.328613e-04 7.303826e-02 -5.047938e-04 -1.330032e-04 9.999999e-01 4.465465e+00
9.999944e-01 -2.191822e-04 -3.326248e-03 -3.047870e+00 2.193131e-04 1.000000e+00 3.900669e-05 7.117320e-02 3.326239e-03 -3.973668e-05 9.999945e-01 4.661651e+00
9.999999e-01 2.356017e-04 3.014987e-04 -3.142474e+00 -2.356422e-04 1.000000e+00 1.344186e-04 6.545094e-02 -3.014667e-04 -1.344889e-04 9.999999e-01 5.012521e+00
9.999921e-01 -2.126587e-04 -3.980559e-03 -3.283904e+00 2.127229e-04 1.000000e+00 1.572286e-05 7.212640e-02 3.980555e-03 -1.657021e-05 9.999921e-01 5.491325e+00
9.999998e-01 3.485702e-04 5.775249e-04 -3.111526e+00 -3.487421e-04 9.999999e-01 2.976266e-04 6.652154e-02 -5.774207e-04 -2.978273e-04 9.999998e-01 5.784647e+00
9.999923e-01 -3.335293e-04 -3.899628e-03 -3.267339e+00 3.328290e-04 9.999999e-01 -1.802184e-04 6.821243e-02 3.899688e-03 1.789184e-04 9.999924e-01 6.292189e+00
9.999998e-01 4.606667e-04 3.288735e-04 -2.942619e+00 -4.608695e-04 9.999997e-01 6.168105e-04 5.927373e-02 -3.285889e-04 -6.169612e-04 9.999998e-01 6.504495e+00
9.999911e-01 -1.238853e-04 -4.214498e-03 -2.187360e+00 1.243080e-04 1.000000e+00 1.000401e-04 4.692506e-02 4.214485e-03 -1.005638e-04 9.999911e-01 6.687122e+00
9.999998e-01 4.903973e-04 2.895039e-04 -1.753877e+00 -4.905176e-04 9.999998e-01 4.159230e-04 3.491017e-02 -2.892995e-04 -4.160643e-04 9.999999e-01 7.398422e+00
9.999924e-01 -1.640894e-04 -3.893482e-03 -1.468065e+00 1.638953e-04 1.000000e+00 -5.014254e-05 2.268484e-02 3.893490e-03 4.950333e-05 9.999924e-01 8.202079e+00
9.999994e-01 4.442737e-04 1.019514e-03 -1.141817e+00 -4.447172e-04 9.999998e-01 4.348529e-04 -9.132666e-03 -1.019320e-03 -4.353053e-04 9.999994e-01 8.988130e+00
9.999922e-01 -2.198913e-04 -3.945050e-03 -9.390309e-01 2.192315e-04 1.000000e+00 -1.676539e-04 -3.700075e-02 3.945086e-03 1.667870e-04 9.999922e-01 9.841769e+00
9.999997e-01 4.597049e-04 6.563174e-04 -3.478305e-01 -4.601922e-04 9.999996e-01 7.426812e-04 -6.155668e-02 -6.559754e-04 -7.429822e-04 9.999995e-01 1.018275e+01
9.999934e-01 -1.306551e-04 -3.641616e-03 4.200575e-01 1.304955e-04 1.000000e+00 -4.405133e-05 -9.259184e-02 3.641621e-03 4.357511e-05 9.999934e-01 1.059389e+01
9.999996e-01 4.065016e-04 7.934853e-04 1.240192e+00 -4.071011e-04 9.999996e-01 7.556270e-04 -1.259670e-01 -7.931775e-04 -7.559490e-04 9.999994e-01 1.109955e+01
9.999927e-01 -1.760779e-04 -3.817075e-03 2.117136e+00 1.759118e-04 1.000000e+00 -4.383641e-05 -1.516382e-01 3.817082e-03 4.316391e-05 9.999927e-01 1.135520e+01
9.999995e-01 4.042702e-04 8.902135e-04 2.843531e+00 -4.048645e-04 9.999997e-01 6.675260e-04 -1.788592e-01 -8.899430e-04 -6.678853e-04 9.999994e-01 1.167158e+01
9.999914e-01 -1.136920e-04 -4.147465e-03 3.313484e+00 1.129323e-04 1.000000e+00 -1.833849e-04 -2.017503e-01 4.147486e-03 1.829143e-04 9.999914e-01 1.223565e+01
9.999996e-01 3.727236e-04 7.912409e-04 3.582208e+00 -3.731532e-04 9.999998e-01 5.429180e-04 -2.181055e-01 -7.910380e-04 -5.432124e-04 9.999995e-01 1.298263e+01
9.999924e-01 -2.598012e-04 -3.878638e-03 4.137923e+00 2.591283e-04 1.000000e+00 -1.739766e-04 -2.361569e-01 3.878682e-03 1.729695e-04 9.999925e-01 1.306690e+01
9.999996e-01 3.721928e-04 8.621159e-04 4.379935e+00 -3.725811e-04 9.999998e-01 4.502612e-04 -2.552478e-01 -8.619479e-04 -4.505815e-04 9.999995e-01 1.326969e+01
9.999906e-01 -1.661308e-04 -4.343342e-03 4.609434e+00 1.655622e-04 1.000000e+00 -1.312543e-04 -2.692336e-01 4.343363e-03 1.305333e-04 9.999906e-01 1.380351e+01
9.999998e-01 1.978714e-04 5.367603e-04 4.356653e+00 -1.979932e-04 1.000000e+00 2.269650e-04 -2.575365e-01 -5.367151e-04 -2.270706e-04 9.999998e-01 1.438083e+01
9.999922e-01 -1.929986e-04 -3.937505e-03 3.654037e+00 1.922496e-04 1.000000e+00 -1.905705e-04 -2.231213e-01 3.937541e-03 1.898113e-04 9.999922e-01 1.467577e+01
9.999999e-01 2.401558e-04 4.135941e-04 3.434965e+00 -2.402732e-04 9.999999e-01 2.839653e-04 -2.171014e-01 -4.135256e-04 -2.840639e-04 9.999999e-01 1.531190e+01
9.999935e-01 -9.847244e-05 -3.611166e-03 3.603277e+00 9.829302e-05 1.000000e+00 -4.984654e-05 -2.342253e-01 3.611170e-03 4.949056e-05 9.999935e-01 1.578589e+01
9.999997e-01 1.731000e-04 8.014130e-04 3.816915e+00 -1.733073e-04 1.000000e+00 2.586536e-04 -2.527983e-01 -8.013678e-04 -2.587917e-04 9.999996e-01 1.589749e+01
9.999928e-01 -6.626213e-05 -3.783129e-03 4.042014e+00 6.623861e-05 1.000000e+00 -6.324873e-06 -2.743930e-01 3.783129e-03 6.073527e-06 9.999928e-01 1.625443e+01
9.999996e-01 1.382582e-04 8.278077e-04 4.112172e+00 -1.384155e-04 1.000000e+00 1.900058e-04 -2.926459e-01 -8.277811e-04 -1.901196e-04 9.999996e-01 1.665900e+01
9.999928e-01 -6.291853e-05 -3.798596e-03 4.060988e+00 6.289926e-05 1.000000e+00 -5.175024e-06 -3.034998e-01 3.798596e-03 4.935347e-06 9.999928e-01 1.675127e+01
9.999999e-01 1.045851e-04 4.772365e-04 3.804787e+00 -1.046382e-04 1.000000e+00 1.113996e-04 -2.986323e-01 -4.772245e-04 -1.114488e-04 9.999999e-01 1.696983e+01
9.999913e-01 -8.415299e-05 -4.177321e-03 3.418553e+00 8.406675e-05 1.000000e+00 -2.080543e-05 -2.797440e-01 4.177323e-03 2.045337e-05 9.999913e-01 1.740539e+01
9.999996e-01 2.911491e-04 8.475180e-04 4.068099e+00 -2.917196e-04 9.999997e-01 6.732275e-04 -3.004399e-01 -8.473214e-04 -6.734737e-04 9.999994e-01 1.756816e+01
9.999920e-01 1.165696e-04 -3.997588e-03 5.344074e+00 -1.149390e-04 9.999999e-01 4.081401e-04 -3.304218e-01 3.997634e-03 -4.076780e-04 9.999919e-01 1.784623e+01
9.999997e-01 8.875495e-06 7.169147e-04 5.816920e+00 -8.833380e-06 1.000000e+00 -5.865023e-05 -3.449489e-01 -7.169148e-04 5.864460e-05 9.999997e-01 1.786952e+01
9.999921e-01 -1.045949e-05 -3.968533e-03 5.578165e+00 1.116609e-05 1.000000e+00 1.780443e-04 -3.407764e-01 3.968531e-03 -1.780879e-04 9.999921e-01 1.811148e+01
9.999999e-01 7.236953e-05 4.592243e-04 5.465875e+00 -7.234133e-05 1.000000e+00 -6.126027e-05 -3.406634e-01 -4.592284e-04 6.122775e-05 9.999999e-01 1.861633e+01
9.999940e-01 -4.361545e-05 -3.454677e-03 5.220850e+00 4.424143e-05 1.000000e+00 1.811437e-04 -3.401819e-01 3.454669e-03 -1.812962e-04 9.999940e-01 1.880919e+01
1.000000e+00 1.141274e-04 1.476335e-04 5.046712e+00 -1.141151e-04 1.000000e+00 -8.272629e-05 -3.395756e-01 -1.476426e-04 8.271015e-05 1.000000e+00 1.947189e+01
9.999926e-01 -6.414947e-05 -3.852584e-03 4.517590e+00 6.464616e-05 1.000000e+00 1.288175e-04 -3.148688e-01 3.852576e-03 -1.290663e-04 9.999926e-01 2.045146e+01
1.000000e+00 8.311134e-05 2.559149e-04 3.581213e+00 -8.307200e-05 1.000000e+00 -1.534317e-04 -2.697856e-01 -2.559274e-04 1.534112e-04 1.000000e+00 2.100295e+01
9.999914e-01 -1.073081e-04 -4.134980e-03 3.123298e+00 1.081238e-04 1.000000e+00 1.970576e-04 -2.453149e-01 4.134958e-03 -1.975037e-04 9.999914e-01 2.157891e+01
1.000000e+00 6.399844e-05 2.628909e-04 2.518617e+00 -6.394441e-05 1.000000e+00 -2.052354e-04 -2.108405e-01 -2.629037e-04 2.052193e-04 9.999999e-01 2.210616e+01
9.999914e-01 -8.691175e-05 -4.142659e-03 2.074273e+00 8.786688e-05 1.000000e+00 2.303979e-04 -1.857946e-01 4.142639e-03 -2.307607e-04 9.999914e-01 2.264203e+01
9.999999e-01 6.742421e-05 4.372784e-04 1.726967e+00 -6.734589e-05 1.000000e+00 -1.789121e-04 -1.678663e-01 -4.372902e-04 1.788833e-04 9.999999e-01 2.309804e+01
9.999929e-01 -7.802865e-05 -3.770388e-03 1.416021e+00 7.902319e-05 1.000000e+00 2.636505e-04 -1.571438e-01 3.770367e-03 -2.639473e-04 9.999929e-01 2.340323e+01
9.999998e-01 2.375473e-04 6.453894e-04 1.551518e+00 -2.375347e-04 1.000000e+00 -1.952148e-05 -1.745422e-01 -6.453937e-04 1.936889e-05 9.999998e-01 2.386153e+01
9.999935e-01 2.664082e-05 -3.592207e-03 1.993913e+00 -2.492091e-05 9.999999e-01 4.788576e-04 -2.071060e-01 3.592219e-03 -4.787657e-04 9.999934e-01 2.453668e+01
9.999998e-01 1.462736e-04 5.378408e-04 2.240182e+00 -1.461659e-04 1.000000e+00 -2.001757e-04 -2.279998e-01 -5.378698e-04 2.000978e-04 9.999998e-01 2.498180e+01
9.999936e-01 -8.819573e-05 -3.569539e-03 1.585936e+00 8.903363e-05 1.000000e+00 2.346034e-04 -2.040485e-01 3.569518e-03 -2.349204e-04 9.999936e-01 2.514883e+01
1.000000e+00 1.007596e-04 2.079660e-04 8.143161e-01 -1.007118e-04 1.000000e+00 -2.294702e-04 -1.669759e-01 -2.079888e-04 2.294499e-04 1.000000e+00 2.547010e+01
9.999939e-01 6.736432e-05 -3.496414e-03 9.312796e-01 -6.567296e-05 9.999999e-01 4.838813e-04 -1.851242e-01 3.496445e-03 -4.836495e-04 9.999938e-01 2.610153e+01
9.999999e-01 1.279267e-04 3.893628e-04 1.499309e+00 -1.279666e-04 1.000000e+00 1.026063e-04 -2.148962e-01 -3.893493e-04 -1.026554e-04 9.999999e-01 2.665208e+01
9.999935e-01 2.036419e-04 -3.595482e-03 2.253186e+00 -2.014429e-04 9.999998e-01 6.119942e-04 -2.451673e-01 3.595605e-03 -6.112667e-04 9.999933e-01 2.718833e+01
9.999998e-01 1.764419e-05 6.176143e-04 2.617347e+00 -1.751860e-05 1.000000e+00 -2.032114e-04 -2.753980e-01 -6.176176e-04 2.032013e-04 9.999998e-01 2.783195e+01
9.999911e-01 3.144636e-05 -4.213033e-03 2.419818e+00 -3.029775e-05 1.000000e+00 2.727171e-04 -2.736649e-01 4.213041e-03 -2.725877e-04 9.999911e-01 2.849118e+01
9.999999e-01 4.931380e-05 3.292802e-04 2.166365e+00 -4.924928e-05 1.000000e+00 -1.956743e-04 -2.644378e-01 -3.292895e-04 1.956588e-04 9.999999e-01 2.920225e+01
9.999944e-01 2.590323e-05 -3.359290e-03 2.184013e+00 -2.449202e-05 9.999999e-01 4.201617e-04 -2.797812e-01 3.359300e-03 -4.200778e-04 9.999943e-01 2.976763e+01
1.000000e+00 -1.793814e-05 8.980061e-05 1.918861e+00 1.796207e-05 1.000000e+00 -2.653456e-04 -2.727507e-01 -8.979552e-05 2.653480e-04 1.000000e+00 3.023765e+01
9.999930e-01 -3.633224e-05 -3.728819e-03 1.091635e+00 3.738302e-05 1.000000e+00 2.817556e-04 -2.305045e-01 3.728809e-03 -2.818938e-04 9.999930e-01 3.072558e+01
1.000000e+00 1.237642e-04 1.631701e-04 9.089955e-01 -1.237449e-04 1.000000e+00 -1.181292e-04 -2.220003e-01 -1.631844e-04 1.181097e-04 1.000000e+00 3.146049e+01
9.999935e-01 4.973330e-05 -3.604023e-03 8.041003e-01 -4.856602e-05 9.999999e-01 3.239963e-04 -2.271402e-01 3.604039e-03 -3.238198e-04 9.999935e-01 3.264202e+01
1.000000e+00 1.667577e-04 4.027346e-05 6.518123e-01 -1.667486e-04 1.000000e+00 -2.228545e-04 -2.284527e-01 -4.031029e-05 2.228485e-04 1.000000e+00 3.384494e+01
9.999911e-01 -2.557767e-04 -4.220305e-03 -9.095117e-03 2.565879e-04 9.999999e-01 1.916951e-04 -1.895059e-01 4.220255e-03 -1.927769e-04 9.999911e-01 3.469547e+01
9.999999e-01 2.892292e-04 4.145427e-04 -9.770678e-01 -2.891489e-04 9.999999e-01 -1.933785e-04 -1.347091e-01 -4.145983e-04 1.932594e-04 9.999999e-01 3.520596e+01
9.999932e-01 -1.575981e-04 -3.675642e-03 -9.509582e-01 1.590449e-04 9.999999e-01 3.933533e-04 -1.451469e-01 3.675580e-03 -3.939360e-04 9.999932e-01 3.568152e+01
1.000000e+00 1.224794e-04 2.298774e-04 -1.226877e+00 -1.224057e-04 9.999999e-01 -3.204135e-04 -1.369780e-01 -2.299163e-04 3.203860e-04 9.999999e-01 3.617766e+01
9.999931e-01 -1.424025e-04 -3.724428e-03 -1.694187e+00 1.437775e-04 9.999999e-01 3.689498e-04 -1.153394e-01 3.724375e-03 -3.694835e-04 9.999930e-01 3.657650e+01
9.999999e-01 9.046565e-05 3.085666e-04 -2.253596e+00 -9.035962e-05 9.999999e-01 -3.432362e-04 -8.955164e-02 -3.085973e-04 3.432090e-04 9.999999e-01 3.697252e+01
9.999942e-01 -3.668956e-05 -3.411604e-03 -3.058875e+00 3.795277e-05 9.999999e-01 3.702356e-04 -5.561948e-02 3.411590e-03 -3.703637e-04 9.999941e-01 3.719104e+01
1.000000e+00 1.510717e-05 2.121482e-04 -3.487833e+00 -1.503518e-05 9.999999e-01 -3.388391e-04 -4.127463e-02 -2.121529e-04 3.388366e-04 9.999999e-01 3.766091e+01
9.999938e-01 2.082505e-04 -3.508192e-03 -3.414561e+00 -2.062788e-04 9.999998e-01 5.624176e-04 -5.497703e-02 3.508308e-03 -5.616912e-04 9.999937e-01 3.862370e+01
1.000000e+00 -1.304997e-04 -1.085567e-04 -3.763263e+00 1.304409e-04 9.999998e-01 -5.428434e-04 -4.657827e-02 1.086279e-04 5.428299e-04 9.999998e-01 3.995571e+01
9.999929e-01 1.980061e-04 -3.752660e-03 -4.155829e+00 -1.960161e-04 9.999998e-01 5.306752e-04 -2.649159e-02 3.752765e-03 -5.299366e-04 9.999928e-01 4.100556e+01
9.999997e-01 8.104708e-05 8.075103e-04 -3.831468e+00 -8.090837e-05 1.000000e+00 -1.716503e-04 -5.724865e-02 -8.075239e-04 1.715856e-04 9.999997e-01 4.179150e+01
9.999872e-01 -7.977620e-05 -5.067659e-03 -4.426701e+00 8.011900e-05 1.000000e+00 6.746565e-05 -2.403075e-02 5.067654e-03 -6.787150e-05 9.999872e-01 4.289161e+01
9.999997e-01 6.463590e-05 7.412418e-04 -5.171630e+00 -6.447398e-05 1.000000e+00 -2.183075e-04 2.401968e-02 -7.412555e-04 2.182604e-04 9.999997e-01 4.388344e+01
9.999910e-01 -7.092231e-05 -4.246549e-03 -5.513262e+00 7.198922e-05 1.000000e+00 2.511173e-04 3.797198e-02 4.246530e-03 -2.514214e-04 9.999910e-01 4.439170e+01
9.999991e-01 1.234961e-04 1.303024e-03 -6.196567e+00 -1.232266e-04 1.000000e+00 -2.067487e-04 6.141662e-02 -1.303050e-03 2.065886e-04 9.999991e-01 4.449764e+01
9.999873e-01 -1.634240e-04 -5.033322e-03 -6.967869e+00 1.642290e-04 1.000000e+00 1.595294e-04 1.042674e-01 5.033295e-03 -1.603547e-04 9.999873e-01 4.498947e+01
9.999988e-01 1.794485e-04 1.508325e-03 -7.951445e+00 -1.791636e-04 1.000000e+00 -1.889386e-04 1.565201e-01 -1.508358e-03 1.886688e-04 9.999988e-01 4.542908e+01
9.999914e-01 -1.035245e-04 -4.137873e-03 -8.980487e+00 1.044388e-04 1.000000e+00 2.207792e-04 1.967052e-01 4.137850e-03 -2.212101e-04 9.999914e-01 4.543919e+01
9.999992e-01 1.580167e-04 1.259948e-03 -9.613445e+00 -1.578416e-04 1.000000e+00 -1.390119e-04 2.181992e-01 -1.259969e-03 1.388136e-04 9.999992e-01 4.550985e+01
9.999893e-01 -8.118498e-05 -4.620831e-03 -9.745008e+00 8.229649e-05 1.000000e+00 2.403818e-04 2.181151e-01 4.620811e-03 -2.407602e-04 9.999893e-01 4.606397e+01
9.999988e-01 2.772763e-04 1.508805e-03 -9.530998e+00 -2.773424e-04 1.000000e+00 4.366799e-05 1.951881e-01 -1.508792e-03 -4.408569e-05 9.999989e-01 4.662647e+01
9.999891e-01 -2.757357e-04 -4.660689e-03 -9.616069e+00 2.762507e-04 1.000000e+00 1.098780e-04 1.893147e-01 4.660658e-03 -1.111650e-04 9.999891e-01 4.696211e+01
9.999988e-01 3.081599e-04 1.544589e-03 -9.800153e+00 -3.081867e-04 1.000000e+00 1.721104e-05 1.871009e-01 -1.544584e-03 -1.768634e-05 9.999988e-01 4.727252e+01
9.999892e-01 -2.373752e-04 -4.631973e-03 -9.775924e+00 2.380909e-04 1.000000e+00 1.539790e-04 1.703127e-01 4.631936e-03 -1.550809e-04 9.999893e-01 4.773940e+01
9.999989e-01 2.971258e-04 1.459695e-03 -9.933797e+00 -2.971458e-04 1.000000e+00 1.356919e-05 1.659533e-01 -1.459691e-03 -1.400221e-05 9.999989e-01 4.806061e+01
9.999900e-01 -2.337920e-04 -4.467152e-03 -1.017020e+01 2.343753e-04 1.000000e+00 1.300783e-04 1.638023e-01 4.467121e-03 -1.311247e-04 9.999900e-01 4.830408e+01
9.999983e-01 3.308773e-04 1.792232e-03 -1.075822e+01 -3.307190e-04 9.999999e-01 -8.854053e-05 1.785720e-01 -1.792260e-03 8.794836e-05 9.999984e-01 4.905454e+01
9.999892e-01 -2.914080e-04 -4.636442e-03 -1.101546e+01 2.918075e-04 1.000000e+00 8.552021e-05 1.771334e-01 4.636417e-03 -8.687294e-05 9.999892e-01 5.012742e+01
9.999988e-01 3.279314e-04 1.496930e-03 -1.102755e+01 -3.280887e-04 9.999999e-01 1.049107e-04 1.683173e-01 -1.496895e-03 -1.054010e-04 9.999989e-01 5.054899e+01
9.999899e-01 -2.300205e-04 -4.485886e-03 -1.096322e+01 2.306055e-04 1.000000e+00 1.299058e-04 1.543858e-01 4.485856e-03 -1.309396e-04 9.999899e-01 5.099540e+01
9.999989e-01 2.909408e-04 1.440539e-03 -1.098807e+01 -2.910331e-04 1.000000e+00 6.398396e-05 1.437091e-01 -1.440520e-03 -6.440243e-05 9.999990e-01 5.164972e+01
9.999894e-01 -7.955437e-05 -4.605370e-03 -1.089949e+01 8.046748e-05 1.000000e+00 1.981167e-04 1.292832e-01 4.605354e-03 -1.984859e-04 9.999894e-01 5.243043e+01
9.999988e-01 2.301160e-04 1.540085e-03 -1.072859e+01 -2.302453e-04 1.000000e+00 8.386508e-05 1.081284e-01 -1.540066e-03 -8.421887e-05 9.999988e-01 5.311074e+01
9.999888e-01 -1.608386e-04 -4.723347e-03 -1.077044e+01 1.612970e-04 1.000000e+00 9.670115e-05 9.930613e-02 4.723331e-03 -9.746263e-05 9.999888e-01 5.360465e+01
9.999993e-01 1.272636e-04 1.214487e-03 -1.144965e+01 -1.270839e-04 1.000000e+00 -1.478913e-04 1.300794e-01 -1.214506e-03 1.477376e-04 9.999993e-01 5.410766e+01
9.999928e-01 4.163951e-05 -3.796523e-03 -1.192740e+01 -4.042356e-05 9.999999e-01 3.203942e-04 1.381671e-01 3.796536e-03 -3.202392e-04 9.999927e-01 5.368385e+01
9.999983e-01 1.411151e-04 1.814400e-03 -1.233349e+01 -1.406295e-04 1.000000e+00 -2.676874e-04 1.542562e-01 -1.814438e-03 2.674325e-04 9.999983e-01 5.224258e+01
9.999924e-01 -1.275057e-05 -3.895447e-03 -1.227756e+01 1.451185e-05 9.999999e-01 4.521474e-04 1.260727e-01 3.895441e-03 -4.522012e-04 9.999923e-01 5.334100e+01
9.999976e-01 1.989846e-04 2.178025e-03 -1.195553e+01 -1.986642e-04 1.000000e+00 -1.472603e-04 7.344197e-02 -2.178054e-03 1.468279e-04 9.999976e-01 5.450712e+01
9.999900e-01 -5.543170e-05 -4.477549e-03 -1.217283e+01 5.648322e-05 1.000000e+00 2.347492e-04 8.037109e-02 4.477536e-03 -2.350005e-04 9.999899e-01 5.339546e+01
9.999975e-01 2.401760e-04 2.204248e-03 -1.264593e+01 -2.400410e-04 1.000000e+00 -6.147029e-05 8.683926e-02 -2.204263e-03 6.094173e-05 9.999976e-01 5.248409e+01
9.999890e-01 -1.312771e-04 -4.690498e-03 -1.285819e+01 1.321647e-04 1.000000e+00 1.889598e-04 8.569251e-02 4.690473e-03 -1.895783e-04 9.999890e-01 5.187357e+01
9.999975e-01 2.910066e-04 2.201827e-03 -1.371433e+01 -2.906342e-04 9.999999e-01 -1.693812e-04 1.107938e-01 -2.201876e-03 1.687415e-04 9.999976e-01 5.211500e+01
9.999878e-01 -1.978332e-04 -4.936116e-03 -1.468411e+01 1.981106e-04 1.000000e+00 5.574490e-05 1.456734e-01 4.936104e-03 -5.672282e-05 9.999878e-01 5.231828e+01
9.999983e-01 2.623151e-04 1.806115e-03 -1.510260e+01 -2.624545e-04 1.000000e+00 7.702717e-05 1.577899e-01 -1.806094e-03 -7.750037e-05 9.999984e-01 5.244687e+01
9.999880e-01 -1.584066e-04 -4.903083e-03 -1.502129e+01 1.594916e-04 1.000000e+00 2.209147e-04 1.487879e-01 4.903047e-03 -2.216948e-04 9.999880e-01 5.257775e+01
9.999988e-01 2.121217e-04 1.536454e-03 -1.498602e+01 -2.121373e-04 1.000000e+00 1.008853e-05 1.436584e-01 -1.536452e-03 -1.041376e-05 9.999988e-01 5.298761e+01
9.999882e-01 -9.417046e-05 -4.853472e-03 -1.508148e+01 9.493051e-05 1.000000e+00 1.564004e-04 1.430187e-01 4.853457e-03 -1.568600e-04 9.999882e-01 5.334261e+01
9.999970e-01 4.597942e-04 2.421283e-03 -1.423477e+01 -4.611682e-04 9.999997e-01 5.669896e-04 1.032504e-01 -2.421021e-03 -5.681038e-04 9.999969e-01 5.393154e+01
9.999880e-01 -1.900297e-04 -4.893124e-03 -1.344427e+01 1.897628e-04 1.000000e+00 -5.497856e-05 6.850104e-02 4.893134e-03 5.404867e-05 9.999880e-01 5.437591e+01
9.999979e-01 2.740053e-04 2.016896e-03 -1.312638e+01 -2.744599e-04 9.999999e-01 2.252276e-04 6.488894e-02 -2.016834e-03 -2.257800e-04 9.999979e-01 5.389058e+01
9.999890e-01 -2.219021e-04 -4.676565e-03 -1.387249e+01 2.212063e-04 1.000000e+00 -1.492518e-04 8.779999e-02 4.676598e-03 1.482150e-04 9.999891e-01 5.384398e+01
9.999988e-01 2.983419e-04 1.507426e-03 -1.452136e+01 -2.986727e-04 9.999999e-01 2.193360e-04 1.128801e-01 -1.507360e-03 -2.197853e-04 9.999988e-01 5.404369e+01
9.999904e-01 -1.865988e-04 -4.369138e-03 -1.476586e+01 1.862937e-04 1.000000e+00 -7.020088e-05 1.083510e-01 4.369150e-03 6.938557e-05 9.999905e-01 5.405243e+01
9.999984e-01 2.749918e-04 1.757568e-03 -1.511189e+01 -2.753584e-04 9.999999e-01 2.084340e-04 1.146860e-01 -1.757510e-03 -2.089169e-04 9.999984e-01 5.367902e+01
9.999893e-01 -1.951651e-04 -4.630755e-03 -1.516565e+01 1.949911e-04 1.000000e+00 -3.799176e-05 1.156890e-01 4.630762e-03 3.708770e-05 9.999893e-01 5.335750e+01
9.999984e-01 3.051714e-04 1.749907e-03 -1.537103e+01 -3.055945e-04 9.999999e-01 2.416282e-04 1.143069e-01 -1.749833e-03 -2.421619e-04 9.999984e-01 5.311741e+01
9.999893e-01 -2.030359e-04 -4.625353e-03 -1.532881e+01 2.028670e-04 1.000000e+00 -3.693573e-05 9.853282e-02 4.625360e-03 3.599630e-05 9.999893e-01 5.309724e+01
9.999986e-01 2.355000e-04 1.641604e-03 -1.499887e+01 -2.359002e-04 9.999999e-01 2.436615e-04 8.058349e-02 -1.641547e-03 -2.440477e-04 9.999986e-01 5.315165e+01
9.999891e-01 -1.626864e-04 -4.671022e-03 -1.475256e+01 1.626784e-04 1.000000e+00 -2.048101e-06 6.850304e-02 4.671022e-03 1.287508e-06 9.999891e-01 5.299756e+01
9.999985e-01 2.135195e-04 1.708257e-03 -1.446505e+01 -2.138685e-04 1.000000e+00 2.042201e-04 6.198863e-02 -1.708213e-03 -2.045844e-04 9.999985e-01 5.261145e+01
9.999893e-01 -7.546696e-05 -4.621098e-03 -1.422342e+01 7.607176e-05 1.000000e+00 1.307404e-04 3.742889e-02 4.621088e-03 -1.310912e-04 9.999893e-01 5.310178e+01
9.999980e-01 2.572603e-04 1.999081e-03 -1.380354e+01 -2.578693e-04 9.999999e-01 3.044794e-04 9.599775e-04 -1.999002e-03 -3.049936e-04 9.999980e-01 5.374775e+01
9.999882e-01 -1.569754e-04 -4.862556e-03 -1.343768e+01 1.569774e-04 1.000000e+00 6.455910e-08 -2.442149e-02 4.862555e-03 -8.285646e-07 9.999882e-01 5.402943e+01
9.999983e-01 2.049111e-04 1.859377e-03 -1.318281e+01 -2.052926e-04 1.000000e+00 2.050559e-04 -3.858095e-02 -1.859335e-03 -2.054366e-04 9.999983e-01 5.407169e+01
9.999886e-01 -1.348778e-04 -4.780739e-03 -1.293499e+01 1.351461e-04 1.000000e+00 5.583329e-05 -5.587213e-02 4.780731e-03 -5.647945e-05 9.999886e-01 5.418096e+01
9.999978e-01 2.820901e-04 2.063897e-03 -1.268985e+01 -2.826896e-04 9.999999e-01 2.902641e-04 -8.523717e-02 -2.063814e-03 -2.908462e-04 9.999978e-01 5.472527e+01
9.999884e-01 -9.821839e-05 -4.806927e-03 -1.236514e+01 9.879368e-05 1.000000e+00 1.194789e-04 -1.179406e-01 4.806915e-03 -1.199531e-04 9.999884e-01 5.538340e+01
9.999983e-01 3.366912e-04 1.788736e-03 -1.196100e+01 -3.373546e-04 9.999999e-01 3.707043e-04 -1.496238e-01 -1.788611e-03 -3.713064e-04 9.999983e-01 5.619818e+01
9.999901e-01 -1.084779e-04 -4.455770e-03 -1.170714e+01 1.085956e-04 1.000000e+00 2.622625e-05 -1.876420e-01 4.455767e-03 -2.671056e-05 9.999901e-01 5.735509e+01
9.999989e-01 2.510982e-04 1.456796e-03 -1.163368e+01 -2.514284e-04 9.999999e-01 2.266071e-04 -2.080448e-01 -1.456739e-03 -2.269724e-04 9.999989e-01 5.805683e+01
9.999889e-01 -2.480472e-04 -4.697887e-03 -1.177881e+01 2.475390e-04 1.000000e+00 -1.087292e-04 -2.069652e-01 4.697913e-03 1.075644e-04 9.999890e-01 5.850275e+01
9.999993e-01 1.701359e-04 1.131173e-03 -1.265053e+01 -1.701847e-04 1.000000e+00 4.320685e-05 -1.608370e-01 -1.131165e-03 -4.339863e-05 9.999994e-01 5.897878e+01
9.999861e-01 -2.174726e-04 -5.258874e-03 -1.343570e+01 2.166842e-04 1.000000e+00 -1.504433e-04 -1.116488e-01 5.258906e-03 1.493010e-04 9.999862e-01 5.983945e+01
9.999984e-01 2.964735e-04 1.750297e-03 -1.353572e+01 -2.969559e-04 9.999999e-01 2.755005e-04 -1.124695e-01 -1.750215e-03 -2.760191e-04 9.999984e-01 6.052147e+01
9.999883e-01 -2.538410e-04 -4.823281e-03 -1.373100e+01 2.526773e-04 9.999999e-01 -2.418536e-04 -1.150382e-01 4.823341e-03 2.406313e-04 9.999883e-01 6.133764e+01
9.999981e-01 3.366403e-04 1.931328e-03 -1.378051e+01 -3.372946e-04 9.999999e-01 3.385574e-04 -1.286837e-01 -1.931214e-03 -3.392075e-04 9.999981e-01 6.196417e+01
9.999866e-01 -2.801455e-04 -5.171515e-03 -1.341282e+01 2.800653e-04 1.000000e+00 -1.618484e-05 -1.363315e-01 5.171519e-03 1.473557e-05 9.999866e-01 6.174351e+01
9.999979e-01 4.182384e-04 2.023898e-03 -1.303153e+01 -4.191191e-04 9.999998e-01 4.348166e-04 -1.532414e-01 -2.023716e-03 -4.356633e-04 9.999979e-01 6.185262e+01
9.999854e-01 -4.843009e-04 -5.381373e-03 -1.341191e+01 4.818247e-04 9.999998e-01 -4.613973e-04 -1.383013e-01 5.381595e-03 4.587970e-04 9.999854e-01 6.258323e+01
9.999968e-01 5.277501e-04 2.490631e-03 -1.392736e+01 -5.286982e-04 9.999998e-01 3.801150e-04 -1.238625e-01 -2.490429e-03 -3.814299e-04 9.999968e-01 6.367714e+01
9.999858e-01 -4.828937e-04 -5.309806e-03 -1.448755e+01 4.799550e-04 9.999997e-01 -5.546634e-04 -1.083674e-01 5.310073e-03 5.521064e-04 9.999857e-01 6.502442e+01
9.999965e-01 5.642963e-04 2.599369e-03 -1.492047e+01 -5.652573e-04 9.999998e-01 3.690911e-04 -1.041362e-01 -2.599160e-03 -3.705585e-04 9.999966e-01 6.671797e+01
9.999851e-01 -4.938827e-04 -5.443460e-03 -1.529332e+01 4.908765e-04 9.999997e-01 -5.535319e-04 -1.021731e-01 5.443731e-03 5.508509e-04 9.999850e-01 6.836378e+01
9.999979e-01 4.788995e-04 2.005806e-03 -1.581253e+01 -4.796702e-04 9.999998e-01 3.838947e-04 -8.110869e-02 -2.005622e-03 -3.848553e-04 9.999979e-01 6.960546e+01
9.999851e-01 -4.471502e-04 -5.438263e-03 -1.619979e+01 4.447575e-04 9.999998e-01 -4.411424e-04 -6.626218e-02 5.438459e-03 4.387164e-04 9.999851e-01 7.070793e+01
9.999965e-01 5.707078e-04 2.598105e-03 -1.613977e+01 -5.723350e-04 9.999996e-01 6.256736e-04 -8.054748e-02 -2.597746e-03 -6.271577e-04 9.999964e-01 7.145659e+01
9.999840e-01 -5.189898e-04 -5.630498e-03 -1.607181e+01 5.164373e-04 9.999998e-01 -4.547439e-04 -9.115349e-02 5.630733e-03 4.518281e-04 9.999840e-01 7.190494e+01
9.999974e-01 4.551869e-04 2.245830e-03 -1.638748e+01 -4.562018e-04 9.999998e-01 4.514785e-04 -7.816166e-02 -2.245623e-03 -4.525012e-04 9.999974e-01 7.233176e+01
9.999853e-01 -3.704215e-04 -5.407934e-03 -1.642840e+01 3.687721e-04 9.999999e-01 -3.059439e-04 -8.231263e-02 5.408046e-03 3.039444e-04 9.999853e-01 7.292199e+01
9.999967e-01 5.313390e-04 2.511565e-03 -1.632277e+01 -5.325542e-04 9.999997e-01 4.832919e-04 -9.760282e-02 -2.511307e-03 -4.846272e-04 9.999967e-01 7.360832e+01
9.999860e-01 -3.917288e-04 -5.283570e-03 -1.636048e+01 3.897728e-04 9.999999e-01 -3.711933e-04 -1.132394e-01 5.283714e-03 3.691280e-04 9.999860e-01 7.463523e+01
9.999972e-01 3.804806e-04 2.329880e-03 -1.707760e+01 -3.810705e-04 9.999999e-01 2.528375e-04 -8.484657e-02 -2.329783e-03 -2.537240e-04 9.999973e-01 7.557906e+01
9.999866e-01 -3.386422e-04 -5.163330e-03 -1.773200e+01 3.370046e-04 9.999999e-01 -3.179702e-04 -6.296282e-02 5.163436e-03 3.162252e-04 9.999866e-01 7.592878e+01
9.999981e-01 2.901881e-04 1.925277e-03 -1.824355e+01 -2.907694e-04 9.999999e-01 3.017652e-04 -4.176821e-02 -1.925189e-03 -3.023238e-04 9.999981e-01 7.624772e+01
9.999843e-01 -3.350815e-04 -5.596647e-03 -1.864530e+01 3.333183e-04 9.999999e-01 -3.159360e-04 -1.983892e-02 5.596752e-03 3.140649e-04 9.999843e-01 7.679337e+01
9.999981e-01 2.803358e-04 1.928703e-03 -1.906479e+01 -2.809270e-04 9.999999e-01 3.063844e-04 2.519580e-03 -1.928616e-03 -3.069249e-04 9.999981e-01 7.744755e+01
9.999852e-01 -3.408614e-04 -5.426005e-03 -1.953241e+01 3.388684e-04 9.999999e-01 -3.681923e-04 2.472539e-02 5.426130e-03 3.663475e-04 9.999852e-01 7.807378e+01
9.999966e-01 4.014543e-04 2.584848e-03 -2.012451e+01 -4.025103e-04 9.999998e-01 4.080866e-04 4.163312e-02 -2.584684e-03 -4.091250e-04 9.999966e-01 7.822684e+01
9.999843e-01 -3.699622e-04 -5.584653e-03 -2.096213e+01 3.678356e-04 9.999999e-01 -3.817816e-04 7.589318e-02 5.584793e-03 3.797207e-04 9.999843e-01 7.835135e+01
9.999976e-01 4.524783e-04 2.145989e-03 -2.137740e+01 -4.535105e-04 9.999998e-01 4.806280e-04 9.805957e-02 -2.145770e-03 -4.815994e-04 9.999976e-01 7.857442e+01
9.999847e-01 -3.810754e-04 -5.514640e-03 -2.081518e+01 3.803792e-04 9.999999e-01 -1.272578e-04 9.228309e-02 5.514688e-03 1.251575e-04 9.999848e-01 7.844185e+01
9.999978e-01 4.300275e-04 2.072033e-03 -2.029925e+01 -4.310119e-04 9.999998e-01 4.747682e-04 8.454526e-02 -2.071829e-03 -4.756595e-04 9.999977e-01 7.829627e+01
9.999874e-01 -1.419948e-04 -5.012555e-03 -1.977346e+01 1.425004e-04 1.000000e+00 1.005561e-04 5.650446e-02 5.012540e-03 -1.012698e-04 9.999874e-01 7.875627e+01
9.999984e-01 3.203046e-04 1.769055e-03 -1.974985e+01 -3.204680e-04 9.999999e-01 9.221169e-05 4.568998e-02 -1.769025e-03 -9.277779e-05 9.999984e-01 7.958592e+01
9.999897e-01 -3.680604e-05 -4.538160e-03 -1.923493e+01 3.873928e-05 9.999999e-01 4.259563e-04 1.573144e-02 4.538144e-03 -4.261284e-04 9.999896e-01 8.010310e+01
9.999987e-01 2.387171e-04 1.569578e-03 -1.863465e+01 -2.387835e-04 1.000000e+00 4.223537e-05 -3.751150e-03 -1.569568e-03 -4.260942e-05 9.999988e-01 8.032977e+01
9.999883e-01 -1.325980e-04 -4.840611e-03 -1.804855e+01 1.342420e-04 9.999999e-01 3.393340e-04 -1.206767e-02 4.840565e-03 -3.399805e-04 9.999882e-01 8.009172e+01
9.999988e-01 2.259668e-04 1.503603e-03 -1.760819e+01 -2.259861e-04 1.000000e+00 1.281489e-05 -1.290806e-02 -1.503600e-03 -1.315399e-05 9.999989e-01 7.961325e+01
9.999868e-01 -1.585256e-04 -5.131250e-03 -1.693260e+01 1.605730e-04 9.999999e-01 3.986418e-04 -1.415382e-02 5.131186e-03 -3.994612e-04 9.999868e-01 7.923005e+01
9.999984e-01 2.666874e-04 1.782632e-03 -1.621150e+01 -2.667982e-04 1.000000e+00 6.205188e-05 -2.405785e-02 -1.782615e-03 -6.252670e-05 9.999984e-01 7.907261e+01
9.999890e-01 -8.717424e-05 -4.696886e-03 -1.559112e+01 8.941932e-05 9.999999e-01 4.778338e-04 -5.193319e-02 4.696844e-03 -4.782492e-04 9.999889e-01 7.937052e+01
9.999983e-01 3.278328e-04 1.832397e-03 -1.506146e+01 -3.278826e-04 9.999999e-01 2.701841e-05 -8.486698e-02 -1.832388e-03 -2.761849e-05 9.999983e-01 7.990984e+01
9.999881e-01 -2.264460e-04 -4.875597e-03 -1.444078e+01 2.286643e-04 9.999999e-01 4.544643e-04 -1.078552e-01 4.875494e-03 -4.555744e-04 9.999880e-01 8.010225e+01
9.999987e-01 3.243637e-04 1.574245e-03 -1.396180e+01 -3.242702e-04 9.999999e-01 -5.950761e-05 -1.132833e-01 -1.574264e-03 5.899774e-05 9.999988e-01 7.983391e+01
9.999889e-01 -2.106295e-04 -4.716158e-03 -1.356815e+01 2.127475e-04 9.999999e-01 4.486304e-04 -1.258860e-01 4.716062e-03 -4.496295e-04 9.999888e-01 8.002689e+01
9.999990e-01 3.335905e-04 1.359380e-03 -1.301468e+01 -3.335996e-04 9.999999e-01 6.670580e-06 -1.374892e-01 -1.359377e-03 -7.123383e-06 9.999991e-01 7.996375e+01
9.999887e-01 -1.810222e-04 -4.746177e-03 -1.224552e+01 1.838626e-04 9.999998e-01 5.980752e-04 -1.492921e-01 4.746068e-03 -5.989418e-04 9.999886e-01 7.987908e+01
9.999991e-01 3.461266e-04 1.327516e-03 -1.143391e+01 -3.461615e-04 9.999999e-01 2.625326e-05 -1.601371e-01 -1.327506e-03 -2.671210e-05 9.999991e-01 7.976639e+01
9.999890e-01 -1.770913e-04 -4.691237e-03 -1.062399e+01 1.798086e-04 9.999998e-01 5.788746e-04 -1.722655e-01 4.691133e-03 -5.797125e-04 9.999888e-01 7.968199e+01
9.999987e-01 2.996982e-04 1.573662e-03 -9.974934e+00 -2.995099e-04 9.999999e-01 -1.197614e-04 -1.885649e-01 -1.573698e-03 1.192906e-04 9.999988e-01 7.969649e+01
9.999894e-01 -1.675620e-04 -4.603626e-03 -9.438476e+00 1.700260e-04 9.999998e-01 5.348982e-04 -2.089492e-01 4.603535e-03 -5.356759e-04 9.999893e-01 7.985911e+01
9.999990e-01 3.242243e-04 1.371028e-03 -8.761637e+00 -3.242623e-04 9.999999e-01 2.767545e-05 -2.250735e-01 -1.371018e-03 -2.811932e-05 9.999991e-01 7.988979e+01
9.999898e-01 -5.182732e-05 -4.505453e-03 -7.915673e+00 5.512885e-05 9.999997e-01 7.327144e-04 -2.484248e-01 4.505414e-03 -7.329561e-04 9.999896e-01 8.007439e+01
9.999985e-01 2.973466e-04 1.697195e-03 -7.301730e+00 -2.970407e-04 9.999999e-01 -1.803578e-04 -2.807970e-01 -1.697249e-03 1.798541e-04 9.999985e-01 8.048977e+01
9.999889e-01 -6.833116e-05 -4.720144e-03 -6.649391e+00 7.213490e-05 9.999997e-01 8.057367e-04 -3.076561e-01 4.720087e-03 -8.060688e-04 9.999885e-01 8.076023e+01
9.999993e-01 2.378922e-04 1.169795e-03 -5.714767e+00 -2.378077e-04 1.000000e+00 -7.216785e-05 -3.176536e-01 -1.169812e-03 7.189029e-05 9.999993e-01 8.062037e+01
9.999910e-01 3.662874e-05 -4.232907e-03 -5.001226e+00 -3.343557e-05 9.999997e-01 7.544924e-04 -3.435469e-01 4.232933e-03 -7.543448e-04 9.999908e-01 8.087065e+01
9.999993e-01 1.983227e-04 1.197512e-03 -4.474049e+00 -1.980547e-04 1.000000e+00 -2.236427e-04 -3.680132e-01 -1.197556e-03 2.234061e-04 9.999993e-01 8.116722e+01
9.999904e-01 -1.320504e-05 -4.383632e-03 -3.868247e+00 1.671418e-05 9.999997e-01 8.005297e-04 -3.907028e-01 4.383620e-03 -8.005959e-04 9.999901e-01 8.138152e+01
9.999992e-01 2.358226e-04 1.206840e-03 -3.284319e+00 -2.355293e-04 9.999999e-01 -2.429422e-04 -4.157265e-01 -1.206897e-03 2.426584e-04 9.999992e-01 8.165288e+01
9.999906e-01 -8.836345e-05 -4.340272e-03 -2.708694e+00 9.083734e-05 9.999998e-01 5.698473e-04 -4.315169e-01 4.340221e-03 -5.702369e-04 9.999904e-01 8.171074e+01
9.999992e-01 1.739334e-04 1.258378e-03 -2.173941e+00 -1.735384e-04 9.999999e-01 -3.138342e-04 -4.402590e-01 -1.258432e-03 3.136162e-04 9.999992e-01 8.148184e+01
9.999907e-01 -6.380903e-05 -4.317229e-03 -1.577807e+00 6.696839e-05 9.999997e-01 7.317180e-04 -4.578091e-01 4.317181e-03 -7.320010e-04 9.999904e-01 8.151421e+01
9.999987e-01 4.057991e-04 1.580425e-03 -1.072982e+00 -4.054085e-04 9.999999e-01 -2.473288e-04 -4.924306e-01 -1.580525e-03 2.466884e-04 9.999987e-01 8.228577e+01
9.999900e-01 -2.269113e-04 -4.472811e-03 -4.708159e-01 2.297986e-04 9.999998e-01 6.450616e-04 -5.183581e-01 4.472663e-03 -6.460836e-04 9.999898e-01 8.277596e+01
9.999990e-01 4.536721e-04 1.373906e-03 3.586552e-01 -4.537137e-04 9.999999e-01 3.015011e-05 -5.419322e-01 -1.373892e-03 -3.077277e-05 9.999991e-01 8.294352e+01
9.999905e-01 -2.123924e-04 -4.346866e-03 1.012362e+00 2.147373e-04 9.999998e-01 5.390360e-04 -5.706319e-01 4.346751e-03 -5.399650e-04 9.999904e-01 8.327685e+01
9.999989e-01 5.277797e-04 1.401361e-03 1.673159e+00 -5.278625e-04 9.999999e-01 5.892494e-05 -6.047281e-01 -1.401329e-03 -5.966392e-05 9.999990e-01 8.382738e+01
9.999903e-01 -2.261481e-04 -4.402968e-03 2.392024e+00 2.284121e-04 9.999998e-01 5.137592e-04 -6.367794e-01 4.402851e-03 -5.147606e-04 9.999902e-01 8.429990e+01
9.999990e-01 4.077525e-04 1.369464e-03 3.140491e+00 -4.077654e-04 9.999999e-01 9.313610e-06 -6.591486e-01 -1.369460e-03 -9.871349e-06 9.999991e-01 8.449313e+01
9.999899e-01 -2.160488e-04 -4.478982e-03 3.854881e+00 2.185277e-04 9.999998e-01 5.530292e-04 -6.816459e-01 4.478861e-03 -5.540031e-04 9.999898e-01 8.469566e+01
9.999986e-01 4.105049e-04 1.599994e-03 4.559019e+00 -4.104075e-04 9.999999e-01 -6.104000e-05 -7.095397e-01 -1.600018e-03 6.038394e-05 9.999987e-01 8.512857e+01
9.999902e-01 -2.071750e-04 -4.430528e-03 5.089310e+00 2.095042e-04 9.999998e-01 5.253245e-04 -7.390432e-01 4.430419e-03 -5.262482e-04 9.999900e-01 8.552520e+01
9.999987e-01 4.062974e-04 1.534090e-03 5.392435e+00 -4.059726e-04 9.999999e-01 -2.119015e-04 -7.687808e-01 -1.534176e-03 2.112791e-04 9.999988e-01 8.604499e+01
9.999888e-01 -3.233909e-05 -4.729353e-03 6.320024e+00 3.740772e-05 9.999994e-01 1.071708e-03 -7.998731e-01 4.729315e-03 -1.071873e-03 9.999882e-01 8.643491e+01
9.999995e-01 1.981479e-04 1.011314e-03 6.444753e+00 -1.972910e-04 9.999996e-01 -8.470816e-04 -8.044040e-01 -1.011481e-03 8.468823e-04 9.999991e-01 8.700991e+01
9.999886e-01 -2.740397e-06 -4.783825e-03 6.641490e+00 8.370512e-06 9.999993e-01 1.176941e-03 -8.119134e-01 4.783819e-03 -1.176968e-03 9.999879e-01 8.752224e+01
9.999998e-01 2.399500e-04 6.634291e-04 7.743266e+00 -2.397365e-04 9.999999e-01 -3.214078e-04 -8.121113e-01 -6.635059e-04 3.212493e-04 9.999997e-01 8.720552e+01
9.999899e-01 -5.063082e-05 -4.494911e-03 8.655831e+00 5.529005e-05 9.999995e-01 1.036496e-03 -8.155013e-01 4.494856e-03 -1.036735e-03 9.999894e-01 8.695570e+01
9.999995e-01 2.223967e-04 9.727537e-04 9.338076e+00 -2.219689e-04 9.999999e-01 -4.396030e-04 -8.282211e-01 -9.728511e-04 4.393875e-04 9.999994e-01 8.695632e+01
9.999893e-01 -6.560793e-05 -4.622394e-03 9.824048e+00 6.985019e-05 9.999996e-01 9.176648e-04 -8.393198e-01 4.622332e-03 -9.179786e-04 9.999889e-01 8.706632e+01
9.999989e-01 3.742685e-04 1.405773e-03 1.048516e+01 -3.738824e-04 9.999999e-01 -2.746961e-04 -8.658268e-01 -1.405876e-03 2.741709e-04 9.999990e-01 8.746091e+01
9.999905e-01 -1.093170e-04 -4.350923e-03 1.125480e+01 1.129633e-04 9.999996e-01 8.378797e-04 -8.976939e-01 4.350830e-03 -8.383639e-04 9.999902e-01 8.791649e+01
9.999991e-01 3.573320e-04 1.259807e-03 1.175688e+01 -3.568752e-04 9.999999e-01 -3.625695e-04 -9.238400e-01 -1.259936e-03 3.621203e-04 9.999991e-01 8.838539e+01
9.999906e-01 -2.003110e-04 -4.320149e-03 1.198103e+01 2.031572e-04 9.999998e-01 6.584542e-04 -9.424477e-01 4.320016e-03 -6.593264e-04 9.999905e-01 8.894548e+01
9.999993e-01 2.775863e-04 1.155072e-03 1.189589e+01 -2.770065e-04 9.999998e-01 -5.017877e-04 -9.454170e-01 -1.155211e-03 5.014680e-04 9.999992e-01 8.920809e+01
9.999913e-01 -1.550741e-04 -4.177702e-03 1.233002e+01 1.585437e-04 9.999996e-01 8.302502e-04 -9.644705e-01 4.177572e-03 -8.309060e-04 9.999909e-01 8.935929e+01
9.999996e-01 4.071535e-04 7.669932e-04 1.316170e+01 -4.070867e-04 9.999999e-01 -8.683253e-05 -9.842038e-01 -7.670283e-04 8.652093e-05 9.999997e-01 8.951364e+01
9.999927e-01 -1.717141e-04 -3.806023e-03 1.420106e+01 1.750463e-04 9.999996e-01 8.752739e-04 -1.006812e+00 3.805871e-03 -8.759344e-04 9.999924e-01 8.964766e+01
9.999998e-01 1.637476e-04 6.214905e-04 1.365980e+01 -1.632299e-04 9.999996e-01 -8.324969e-04 -9.872143e-01 -6.216263e-04 8.323960e-04 9.999995e-01 8.989180e+01
9.999927e-01 -7.384014e-05 -3.832624e-03 1.275250e+01 7.710650e-05 9.999996e-01 8.521807e-04 -9.471501e-01 3.832559e-03 -8.524706e-04 9.999923e-01 9.012245e+01
9.999994e-01 1.541353e-04 1.056858e-03 1.272144e+01 -1.534117e-04 9.999998e-01 -6.844907e-04 -9.486537e-01 -1.056963e-03 6.843288e-04 9.999992e-01 8.949335e+01
9.999917e-01 -5.547136e-05 -4.083990e-03 1.300049e+01 5.925284e-05 9.999996e-01 9.258800e-04 -9.598314e-01 4.083937e-03 -9.261149e-04 9.999912e-01 8.931616e+01
9.999993e-01 2.810773e-04 1.191631e-03 1.348306e+01 -2.805165e-04 9.999998e-01 -4.705245e-04 -9.870536e-01 -1.191762e-03 4.701905e-04 9.999992e-01 8.978120e+01
9.999907e-01 2.260139e-06 -4.316796e-03 1.435220e+01 3.121599e-06 9.999992e-01 1.246754e-03 -1.015245e+00 4.316795e-03 -1.246756e-03 9.999899e-01 9.006817e+01
9.999990e-01 2.835885e-04 1.349274e-03 1.513808e+01 -2.827613e-04 9.999998e-01 -6.130268e-04 -1.044436e+00 -1.349447e-03 6.126453e-04 9.999989e-01 9.040265e+01
9.999901e-01 -2.528847e-04 -4.449949e-03 1.561024e+01 2.564824e-04 9.999996e-01 8.079887e-04 -1.059833e+00 4.449742e-03 -8.091227e-04 9.999898e-01 9.038744e+01
9.999993e-01 3.473663e-04 1.151417e-03 1.634736e+01 -3.468961e-04 9.999999e-01 -4.082755e-04 -1.066298e+00 -1.151558e-03 4.078765e-04 9.999993e-01 9.002676e+01
9.999905e-01 -2.259432e-04 -4.342005e-03 1.719661e+01 2.295462e-04 9.999996e-01 8.293744e-04 -1.077767e+00 4.341816e-03 -8.303639e-04 9.999902e-01 8.987274e+01
9.999995e-01 2.928997e-04 9.056732e-04 1.789898e+01 -2.924944e-04 9.999999e-01 -4.473603e-04 -1.083951e+00 -9.058039e-04 4.470959e-04 9.999995e-01 8.961351e+01
9.999901e-01 -8.612180e-05 -4.446529e-03 1.915697e+01 9.195783e-05 9.999991e-01 1.312368e-03 -1.091773e+00 4.446412e-03 -1.312764e-03 9.999893e-01 8.943947e+01
9.999992e-01 3.017518e-04 1.231899e-03 1.951247e+01 -3.006087e-04 9.999995e-01 -9.277908e-04 -1.115545e+00 -1.232178e-03 9.274204e-04 9.999988e-01 8.988723e+01
9.999902e-01 -3.545244e-05 -4.438017e-03 2.007851e+01 4.195763e-05 9.999989e-01 1.465767e-03 -1.144466e+00 4.437960e-03 -1.465940e-03 9.999891e-01 9.039082e+01
9.999993e-01 1.421572e-04 1.171942e-03 2.014723e+01 -1.407171e-04 9.999992e-01 -1.228538e-03 -1.157811e+00 -1.172116e-03 1.228373e-03 9.999986e-01 9.085791e+01
9.999910e-01 -8.074003e-05 -4.237006e-03 1.946483e+01 8.622504e-05 9.999992e-01 1.294448e-03 -1.132457e+00 4.236898e-03 -1.294803e-03 9.999902e-01 9.106835e+01
9.999994e-01 1.968961e-04 1.063628e-03 1.931308e+01 -1.956691e-04 9.999993e-01 -1.153228e-03 -1.134655e+00 -1.063854e-03 1.153020e-03 9.999988e-01 9.189506e+01
9.999907e-01 4.650403e-04 -4.276524e-03 2.024785e+01 -4.567652e-04 9.999980e-01 1.935836e-03 -1.175200e+00 4.277415e-03 -1.933866e-03 9.999890e-01 9.307586e+01
