9.999955e-01 3.569860e-05 -2.985122e-03 -9.726308e-02 -3.530220e-05 1.000000e+00 1.328532e-04 -9.229565e-03 2.985127e-03 -1.327479e-04 9.999955e-01 4.455221e-01
1.000000e+00 -2.247540e-05 -2.898586e-05 -1.957778e-01 2.247471e-05 1.000000e+00 -2.459896e-05 -1.862672e-02 2.898675e-05 2.459902e-05 1.000000e+00 9.712729e-01
9.999955e-01 5.938387e-05 -3.002523e-03 -4.841553e-01 -5.903263e-05 1.000000e+00 1.170806e-04 -1.699138e-02 3.002530e-03 -1.169036e-04 9.999955e-01 1.371363e+00
1.000000e+00 -1.289393e-05 -6.257910e-05 -6.351078e-01 1.289374e-05 1.000000e+00 -3.560922e-06 -2.340189e-02 6.257949e-05 3.560828e-06 1.000000e+00 1.969280e+00
9.999963e-01 8.973829e-05 -2.735619e-03 -9.120062e-01 -8.939869e-05 1.000000e+00 1.242723e-04 -2.707789e-02 2.735630e-03 -1.240280e-04 9.999963e-01 2.197428e+00
1.000000e+00 -2.588765e-05 -1.756075e-04 -9.239734e-01 2.589267e-05 1.000000e+00 2.840261e-05 -4.330385e-02 1.756071e-04 -2.840645e-05 1.000000e+00 2.778380e+00
9.999962e-01 1.321877e-04 -2.756034e-03 -8.196847e-01 -1.315928e-04 1.000000e+00 2.160558e-04 -6.377887e-02 2.756063e-03 -2.156930e-04 9.999962e-01 3.228565e+00
1.000000e+00 -6.639283e-05 -9.540340e-05 -8.352480e-01 6.638985e-05 1.000000e+00 -3.155258e-05 -7.897376e-02 9.540583e-05 3.154696e-05 1.000000e+00 3.735498e+00
9.999959e-01 8.717624e-05 -2.853617e-03 -1.102642e+00 -8.680974e-05 1.000000e+00 1.285671e-04 -7.851645e-02 2.853628e-03 -1.283195e-04 9.999959e-01 4.216083e+00
1.000000e+00 -5.509199e-05 -9.781940e-05 -1.406340e+00 5.509030e-05 1.000000e+00 -1.762935e-05 -7.679894e-02 9.782072e-05 1.762467e-05 1.000000e+00 4.533203e+00
9.999956e-01 1.724629e-04 -2.952249e-03 -1.319615e+00 -1.717389e-04 1.000000e+00 2.455046e-04 -9.414459e-02 2.952291e-03 -2.449972e-04 9.999956e-01 5.037051e+00
1.000000e+00 -8.193930e-05 -4.101187e-05 -1.437462e+00 8.193812e-05 1.000000e+00 -2.942383e-05 -9.990545e-02 4.101462e-05 2.942118e-05 1.000000e+00 5.573575e+00
9.999958e-01 1.554554e-04 -2.900678e-03 -1.734052e+00 -1.548068e-04 1.000000e+00 2.238229e-04 -9.504513e-02 2.900712e-03 -2.233736e-04 9.999958e-01 5.784385e+00
1.000000e+00 -1.081988e-04 6.309186e-05 -2.067024e+00 1.082038e-04 1.000000e+00 -7.813592e-05 -9.238575e-02 -6.308306e-05 7.814345e-05 1.000000e+00 5.932886e+00
9.999955e-01 1.438735e-04 -2.990151e-03 -2.317366e+00 -1.432444e-04 1.000000e+00 2.106261e-04 -9.304396e-02 2.990181e-03 -2.101976e-04 9.999955e-01 6.300848e+00
1.000000e+00 -9.444933e-05 2.543651e-05 -2.549946e+00 9.444985e-05 1.000000e+00 -1.894701e-05 -9.335874e-02 -2.543438e-05 1.895013e-05 1.000000e+00 6.541845e+00
9.999962e-01 2.010734e-04 -2.759317e-03 -2.877712e+00 -2.006442e-04 1.000000e+00 1.558301e-04 -8.945389e-02 2.759348e-03 -1.552766e-04 9.999962e-01 6.298086e+00
1.000000e+00 -9.113369e-05 -2.689566e-05 -2.906490e+00 9.113381e-05 1.000000e+00 2.789895e-06 -1.013037e-01 2.689574e-05 -2.791635e-06 1.000000e+00 6.629403e+00
9.999958e-01 1.890802e-04 -2.881912e-03 -3.014844e+00 -1.883634e-04 1.000000e+00 2.490107e-04 -1.027613e-01 2.881959e-03 -2.484675e-04 9.999958e-01 6.680736e+00
9.999999e-01 -9.753488e-05 -3.639737e-04 -2.890314e+00 9.755488e-05 1.000000e+00 5.481295e-05 -1.067497e-01 3.639687e-04 -5.484774e-05 9.999999e-01 6.986148e+00
9.999969e-01 2.037155e-04 -2.468896e-03 -2.688337e+00 -2.032730e-04 1.000000e+00 1.795107e-04 -1.135726e-01 2.468932e-03 -1.790090e-04 9.999969e-01 6.908849e+00
1.000000e+00 -9.291820e-05 -2.683703e-04 -2.607409e+00 9.292529e-05 1.000000e+00 2.625119e-05 -1.149646e-01 2.683682e-04 -2.627541e-05 1.000000e+00 6.448002e+00
9.999965e-01 1.561647e-04 -2.636328e-03 -2.267026e+00 -1.555834e-04 1.000000e+00 2.206943e-04 -1.198354e-01 2.636362e-03 -2.202840e-04 9.999965e-01 5.977462e+00
9.999999e-01 -1.074572e-04 -4.752919e-04 -1.696077e+00 1.074879e-04 1.000000e+00 6.440307e-05 -1.181298e-01 4.752853e-04 -6.445344e-05 9.999999e-01 5.325602e+00
9.999971e-01 2.822535e-04 -2.384957e-03 -1.295806e+00 -2.815904e-04 9.999999e-01 2.783651e-04 -1.386771e-01 2.385035e-03 -2.776934e-04 9.999971e-01 5.661573e+00
9.999999e-01 -1.415944e-04 -3.890250e-04 -1.215914e+00 1.415795e-04 1.000000e+00 -3.839359e-05 -1.510538e-01 3.890308e-04 3.833922e-05 9.999999e-01 5.914512e+00
9.999966e-01 2.919149e-04 -2.609253e-03 -4.639242e-01 -2.905689e-04 9.999998e-01 5.162560e-04 -1.690435e-01 2.609402e-03 -5.154968e-04 9.999965e-01 5.925815e+00
9.999999e-01 -1.425664e-04 -5.007209e-04 3.644759e-01 1.425611e-04 1.000000e+00 -1.065709e-05 -1.833889e-01 5.007228e-04 1.058642e-05 9.999999e-01 5.889266e+00
9.999974e-01 1.653803e-04 -2.273985e-03 3.152183e-01 -1.650448e-04 1.000000e+00 1.477700e-04 -1.730876e-01 2.274009e-03 -1.473950e-04 9.999974e-01 5.435078e+00
9.999999e-01 -1.109284e-04 -4.751212e-04 -3.257694e-02 1.109041e-04 1.000000e+00 -5.121487e-05 -1.637705e-01 4.751272e-04 5.116288e-05 9.999999e-01 5.367062e+00
9.999970e-01 1.867486e-04 -2.443182e-03 -2.024710e-01 -1.862706e-04 1.000000e+00 1.958822e-04 -1.627644e-01 2.443218e-03 -1.954272e-04 9.999970e-01 5.531319e+00
9.999998e-01 -1.218228e-04 -6.393607e-04 1.918156e-01 1.218435e-04 1.000000e+00 3.228078e-05 -1.730113e-01 6.393571e-04 -3.235797e-05 9.999998e-01 5.548019e+00
9.999972e-01 1.591233e-04 -2.367059e-03 7.648043e-01 -1.585377e-04 1.000000e+00 2.476134e-04 -1.879639e-01 2.367098e-03 -2.472381e-04 9.999972e-01 5.508021e+00
9.999997e-01 -1.907099e-04 -7.965115e-04 1.131813e+00 1.906588e-04 1.000000e+00 -6.433213e-05 -1.919529e-01 7.965241e-04 6.418096e-05 9.999997e-01 5.100333e+00
9.999976e-01 2.294733e-04 -2.161603e-03 1.307263e+00 -2.291057e-04 1.000000e+00 1.703368e-04 -1.889995e-01 2.161642e-03 -1.698419e-04 9.999976e-01 4.360265e+00
9.999999e-01 -1.671914e-04 -4.858811e-04 1.242617e+00 1.671551e-04 1.000000e+00 -7.487775e-05 -1.893562e-01 4.858940e-04 7.479724e-05 9.999999e-01 3.688334e+00
9.999977e-01 2.527036e-04 -2.142707e-03 7.394557e-01 -2.522783e-04 9.999999e-01 1.987739e-04 -1.794437e-01 2.142757e-03 -1.982336e-04 9.999977e-01 3.481742e+00
9.999994e-01 -1.732858e-04 -1.082664e-03 6.470709e-01 1.732351e-04 1.000000e+00 -4.693410e-05 -1.894810e-01 1.082672e-03 4.674723e-05 9.999994e-01 4.014822e+00
9.999979e-01 2.805801e-04 -2.040967e-03 7.072860e-01 -2.800587e-04 9.999999e-01 2.557877e-04 -2.094037e-01 2.041039e-03 -2.552163e-04 9.999979e-01 4.618345e+00
9.999994e-01 -2.079940e-04 -1.114934e-03 6.767388e-01 2.079280e-04 1.000000e+00 -5.940007e-05 -2.206587e-01 1.114946e-03 5.916891e-05 9.999994e-01 4.988339e+00
9.999982e-01 2.782184e-04 -1.901320e-03 5.684780e-01 -2.777895e-04 9.999999e-01 2.258824e-04 -2.279640e-01 1.901382e-03 -2.253545e-04 9.999982e-01 5.197425e+00
9.999994e-01 -2.311178e-04 -1.116179e-03 4.558686e-01 2.310526e-04 1.000000e+00 -5.861451e-05 -2.363595e-01 1.116193e-03 5.835729e-05 9.999994e-01 5.493288e+00
9.999980e-01 2.790006e-04 -1.983308e-03 1.022833e-01 -2.786089e-04 9.999999e-01 1.978110e-04 -2.306571e-01 1.983363e-03 -1.972587e-04 9.999980e-01 5.646026e+00
9.999995e-01 -2.071204e-04 -9.558709e-04 -2.319158e-01 2.070761e-04 1.000000e+00 -4.644985e-05 -2.281687e-01 9.558808e-04 4.625260e-05 9.999995e-01 5.607164e+00
9.999982e-01 2.991195e-04 -1.851971e-03 -7.003892e-01 -2.987671e-04 9.999999e-01 1.905758e-04 -2.198653e-01 1.852028e-03 -1.900229e-04 9.999983e-01 5.501754e+00
9.999994e-01 -2.029581e-04 -1.058506e-03 -1.168251e+00 2.028707e-04 1.000000e+00 -8.274619e-05 -2.095545e-01 1.058523e-03 8.253212e-05 9.999994e-01 5.396483e+00
9.999986e-01 2.621939e-04 -1.672922e-03 -1.876917e+00 -2.619198e-04 1.000000e+00 1.640874e-04 -1.877598e-01 1.672965e-03 -1.636497e-04 9.999986e-01 5.384408e+00
9.999990e-01 -2.605574e-04 -1.389637e-03 -2.317612e+00 2.604589e-04 1.000000e+00 -7.110072e-05 -1.742669e-01 1.389656e-03 7.073942e-05 9.999990e-01 5.585138e+00
9.999985e-01 2.693206e-04 -1.727496e-03 -2.503676e+00 -2.690012e-04 9.999999e-01 1.851776e-04 -1.755515e-01 1.727545e-03 -1.847133e-04 9.999985e-01 6.105309e+00
9.999993e-01 -2.137783e-04 -1.125942e-03 -3.182895e+00 2.136654e-04 1.000000e+00 -1.005163e-04 -1.534535e-01 1.125964e-03 1.002764e-04 9.999994e-01 6.144127e+00
9.999982e-01 2.336212e-04 -1.898042e-03 -3.306097e+00 -2.331587e-04 9.999999e-01 2.439471e-04 -1.590555e-01 1.898098e-03 -2.435048e-04 9.999982e-01 6.512140e+00
9.999993e-01 -1.827289e-04 -1.176073e-03 -3.639122e+00 1.825855e-04 1.000000e+00 -1.220415e-04 -1.547527e-01 1.176096e-03 1.218274e-04 9.999993e-01 6.700354e+00
9.999990e-01 3.021617e-04 -1.384794e-03 -4.197385e+00 -3.017692e-04 9.999999e-01 2.836586e-04 -1.451678e-01 1.384879e-03 -2.832411e-04 9.999990e-01 6.387119e+00
9.999990e-01 -2.145106e-04 -1.427981e-03 -4.243846e+00 2.142829e-04 1.000000e+00 -1.595992e-04 -1.481578e-01 1.428016e-03 1.592937e-04 9.999990e-01 5.899013e+00
9.999988e-01 2.338053e-04 -1.504609e-03 -4.049855e+00 -2.333958e-04 9.999999e-01 2.723592e-04 -1.542997e-01 1.504672e-03 -2.720085e-04 9.999988e-01 5.486178e+00
9.999992e-01 -2.014764e-04 -1.283391e-03 -4.166365e+00 2.012913e-04 1.000000e+00 -1.444072e-04 -1.546037e-01 1.283420e-03 1.441494e-04 9.999992e-01 5.112859e+00
9.999989e-01 2.721207e-04 -1.451663e-03 -4.546756e+00 -2.716980e-04 9.999999e-01 2.914064e-04 -1.479823e-01 1.451742e-03 -2.910124e-04 9.999989e-01 4.806770e+00
9.999995e-01 -1.729106e-04 -1.014257e-03 -5.239607e+00 1.727462e-04 1.000000e+00 -1.623011e-04 -1.319925e-01 1.014286e-03 1.621266e-04 9.999995e-01 4.622361e+00
9.999974e-01 2.501011e-04 -2.257472e-03 -5.219308e+00 -2.492726e-04 9.999999e-01 3.672902e-04 -1.408341e-01 2.257563e-03 -3.667273e-04 9.999974e-01 4.990788e+00
9.999997e-01 -2.308007e-04 -7.775901e-04 -5.093797e+00 2.306294e-04 9.999999e-01 -2.205393e-04 -1.437342e-01 7.776413e-04 2.203606e-04 9.999997e-01 4.498020e+00
9.999989e-01 3.654811e-04 -1.439285e-03 -5.392773e+00 -3.650315e-04 9.999999e-01 3.127119e-04 -1.353604e-01 1.439399e-03 -3.121868e-04 9.999989e-01 3.329629e+00
9.999994e-01 -2.663872e-04 -1.058370e-03 -5.305543e+00 2.663428e-04 1.000000e+00 -4.224969e-05 -1.587711e-01 1.058382e-03 4.196848e-05 9.999994e-01 3.707196e+00
9.999990e-01 3.789339e-04 -1.396440e-03 -5.086849e+00 -3.784846e-04 9.999999e-01 3.220709e-04 -1.896775e-01 1.396561e-03 -3.215427e-04 9.999990e-01 4.421868e+00
9.999993e-01 -3.066899e-04 -1.106928e-03 -5.273699e+00 3.064492e-04 9.999999e-01 -2.176935e-04 -1.863967e-01 1.106995e-03 2.173548e-04 9.999994e-01 3.640823e+00
9.999989e-01 3.575499e-04 -1.469144e-03 -5.469640e+00 -3.570663e-04 9.999999e-01 3.294821e-04 -1.831079e-01 1.469261e-03 -3.289579e-04 9.999989e-01 3.039989e+00
9.999994e-01 -3.000496e-04 -1.030816e-03 -5.757471e+00 2.998337e-04 9.999999e-01 -2.096591e-04 -1.773958e-01 1.030879e-03 2.093507e-04 9.999994e-01 2.330790e+00
9.999987e-01 3.535572e-04 -1.590560e-03 -5.838083e+00 -3.530616e-04 9.999999e-01 3.119399e-04 -1.764514e-01 1.590669e-03 -3.113787e-04 9.999987e-01 1.623701e+00
9.999990e-01 -3.113824e-04 -1.353322e-03 -5.722219e+00 3.111558e-04 9.999999e-01 -1.677087e-04 -1.749162e-01 1.353374e-03 1.672881e-04 9.999991e-01 9.119494e-01
9.999992e-01 3.613580e-04 -1.232727e-03 -5.815346e+00 -3.610374e-04 9.999999e-01 2.603711e-04 -1.749788e-01 1.232821e-03 -2.599266e-04 9.999992e-01 2.885590e-01
9.999990e-01 -2.995670e-04 -1.405348e-03 -6.088029e+00 2.993453e-04 9.999999e-01 -1.580556e-04 -1.679994e-01 1.405395e-03 1.576355e-04 9.999990e-01 -2.815089e-01
9.999990e-01 3.343528e-04 -1.337699e-03 -6.106654e+00 -3.340107e-04 9.999999e-01 2.560355e-04 -1.643629e-01 1.337784e-03 -2.555892e-04 9.999991e-01 -8.931528e-01
9.999994e-01 -2.395361e-04 -1.062816e-03 -6.415523e+00 2.393789e-04 1.000000e+00 -1.481895e-04 -1.538263e-01 1.062852e-03 1.479357e-04 9.999994e-01 -1.802380e+00
9.999988e-01 2.832024e-04 -1.547487e-03 -6.425770e+00 -2.828676e-04 9.999999e-01 2.166304e-04 -1.503831e-01 1.547548e-03 -2.161931e-04 9.999988e-01 -2.624514e+00
9.999997e-01 -1.881101e-04 -7.828448e-04 -6.791396e+00 1.880149e-04 1.000000e+00 -1.218514e-04 -1.390637e-01 7.828680e-04 1.217049e-04 9.999997e-01 -3.491975e+00
9.999985e-01 2.373201e-04 -1.725841e-03 -7.033812e+00 -2.369322e-04 9.999999e-01 2.249956e-04 -1.301550e-01 1.725894e-03 -2.245871e-04 9.999985e-01 -4.267989e+00
9.999998e-01 -1.727731e-04 -6.166236e-04 -7.420892e+00 1.726796e-04 1.000000e+00 -1.518990e-04 -1.155353e-01 6.166501e-04 1.517932e-04 9.999998e-01 -5.153983e+00
9.999987e-01 2.775361e-04 -1.561977e-03 -8.148386e+00 -2.770770e-04 9.999999e-01 2.941730e-04 -9.483742e-02 1.562059e-03 -2.937405e-04 9.999987e-01 -5.899386e+00
9.999996e-01 -1.844058e-04 -8.713925e-04 -8.832861e+00 1.842365e-04 1.000000e+00 -1.944335e-04 -7.461727e-02 8.714286e-04 1.942736e-04 9.999996e-01 -6.332273e+00
9.999987e-01 2.775059e-04 -1.614709e-03 -9.420447e+00 -2.769948e-04 9.999999e-01 3.168152e-04 -5.608880e-02 1.614796e-03 -3.163682e-04 9.999986e-01 -7.009466e+00
9.999995e-01 -2.242562e-04 -1.007684e-03 -9.547817e+00 2.240164e-04 9.999999e-01 -2.381572e-04 -5.130510e-02 1.007738e-03 2.379321e-04 9.999995e-01 -7.736739e+00
9.999980e-01 3.130343e-04 -1.950328e-03 -9.611623e+00 -3.123439e-04 9.999999e-01 3.543234e-04 -5.602648e-02 1.950438e-03 -3.537142e-04 9.999980e-01 -7.749902e+00
9.999995e-01 -1.427315e-04 -9.705076e-04 -9.398853e+00 1.426470e-04 1.000000e+00 -8.725196e-05 -8.243779e-02 9.705203e-04 8.711419e-05 9.999995e-01 -6.983459e+00
9.999971e-01 2.892802e-04 -2.374374e-03 -9.274984e+00 -2.883506e-04 9.999999e-01 3.919121e-04 -9.367710e-02 2.374487e-03 -3.912271e-04 9.999971e-01 -6.295883e+00
9.999999e-01 -1.835120e-04 -3.817293e-04 -9.527158e+00 1.833995e-04 9.999999e-01 -2.949462e-04 -8.671307e-02 3.817837e-04 2.948769e-04 9.999999e-01 -6.775329e+00
9.999960e-01 2.165519e-04 -2.802993e-03 -9.713293e+00 -2.156600e-04 9.999999e-01 3.185283e-04 -6.542302e-02 2.803062e-03 -3.179232e-04 9.999960e-01 -7.080223e+00
9.999998e-01 -1.792162e-04 -5.620160e-04 -9.195517e+00 1.791267e-04 1.000000e+00 -1.593519e-04 -5.678689e-02 5.620448e-04 1.592520e-04 9.999998e-01 -7.263384e+00
9.999973e-01 2.908161e-04 -2.308508e-03 -9.176571e+00 -2.902062e-04 9.999999e-01 2.645682e-04 -6.874397e-02 2.308585e-03 -2.638983e-04 9.999973e-01 -6.967915e+00
9.999995e-01 -2.250866e-04 -9.674790e-04 -8.931411e+00 2.249765e-04 1.000000e+00 -1.140189e-04 -6.381239e-02 9.675049e-04 1.138019e-04 9.999995e-01 -7.008187e+00
9.999976e-01 3.325326e-04 -2.159319e-03 -8.561397e+00 -3.317431e-04 9.999999e-01 3.660346e-04 -5.996178e-02 2.159440e-03 -3.653181e-04 9.999976e-01 -7.464884e+00
9.999992e-01 -2.176038e-04 -1.256816e-03 -7.855702e+00 2.176135e-04 1.000000e+00 7.464922e-06 -6.187916e-02 1.256814e-03 -7.737711e-06 9.999992e-01 -7.607653e+00
9.999981e-01 3.703514e-04 -1.925415e-03 -7.380517e+00 -3.697999e-04 9.999999e-01 2.868521e-04 -7.071541e-02 1.925521e-03 -2.861402e-04 9.999981e-01 -7.213368e+00
9.999981e-01 -1.624765e-04 -1.921532e-03 -7.128491e+00 1.626510e-04 1.000000e+00 9.062739e-05 -7.257179e-02 1.921517e-03 -9.093905e-05 9.999981e-01 -6.540452e+00
9.999985e-01 2.341207e-04 -1.743140e-03 -7.358317e+00 -2.344325e-04 1.000000e+00 -1.785864e-04 -3.611137e-02 1.743097e-03 1.789940e-04 9.999985e-01 -6.349064e+00
9.999991e-01 -2.357654e-04 -1.285553e-03 -7.008188e+00 2.361030e-04 9.999999e-01 2.623544e-04 -3.758791e-02 1.285492e-03 -2.626570e-04 9.999991e-01 -6.865130e+00
9.999953e-01 1.916507e-04 -3.054867e-03 -7.270870e+00 -1.924898e-04 9.999999e-01 -2.743551e-04 3.091171e-04 3.054814e-03 2.749412e-04 9.999953e-01 -6.188167e+00
9.999976e-01 -2.430404e-04 -2.177447e-03 -8.482559e+00 2.431685e-04 1.000000e+00 5.849534e-05 8.487816e-02 2.177433e-03 -5.902398e-05 9.999976e-01 -4.897183e+00
9.999978e-01 3.534783e-04 -2.083763e-03 -8.956481e+00 -3.536246e-04 9.999999e-01 -6.977829e-05 1.142821e-01 2.083737e-03 7.051430e-05 9.999978e-01 -4.013992e+00
9.999979e-01 -2.913852e-04 -2.044062e-03 -9.004381e+00 2.918187e-04 9.999999e-01 2.117088e-04 1.236225e-01 2.044001e-03 -2.123042e-04 9.999979e-01 -3.496266e+00
9.999987e-01 4.396792e-04 -1.531742e-03 -9.328244e+00 -4.399150e-04 9.999999e-01 -1.535260e-04 1.440014e-01 1.531674e-03 1.541989e-04 9.999988e-01 -3.196260e+00
9.999990e-01 -3.773080e-04 -1.364931e-03 -9.163448e+00 3.776873e-04 9.999999e-01 2.775487e-04 1.464847e-01 1.364827e-03 -2.780632e-04 9.999990e-01 -3.885088e+00
9.999990e-01 4.236943e-04 -1.336995e-03 -9.404516e+00 -4.239204e-04 9.999999e-01 -1.687744e-04 1.554622e-01 1.336923e-03 1.693403e-04 9.999991e-01 -4.385817e+00
9.999965e-01 -3.956405e-04 -2.616494e-03 -1.035225e+01 3.960033e-04 9.999999e-01 1.380685e-04 2.101366e-01 2.616439e-03 -1.391034e-04 9.999966e-01 -3.682355e+00
9.999997e-01 4.922981e-04 -5.364558e-04 -1.106044e+01 -4.923214e-04 9.999999e-01 -4.306975e-05 2.408006e-01 5.364342e-04 4.333315e-05 9.999999e-01 -3.571054e+00
9.999957e-01 -3.578966e-04 -2.912075e-03 -1.047910e+01 3.594754e-04 9.999998e-01 5.416197e-04 2.282244e-01 2.911881e-03 -5.426635e-04 9.999956e-01 -3.572986e+00
9.999999e-01 3.952837e-04 -9.476703e-05 -1.027014e+01 -3.953266e-04 9.999998e-01 -4.514857e-04 2.345818e-01 9.458823e-05 4.515224e-04 9.999999e-01 -4.464293e+00
9.999958e-01 -3.418490e-04 -2.882668e-03 -1.013642e+01 3.434857e-04 9.999998e-01 5.672517e-04 2.327105e-01 2.882474e-03 -5.682388e-04 9.999957e-01 -5.013103e+00
9.999998e-01 3.989060e-04 -4.099414e-04 -1.017783e+01 -3.990863e-04 9.999998e-01 -4.395984e-04 2.299386e-01 4.097657e-04 4.397612e-04 9.999998e-01 -4.808663e+00
9.999952e-01 -1.922112e-04 -3.094148e-03 -9.936056e+00 1.945523e-04 9.999997e-01 7.562819e-04 2.171914e-01 3.094002e-03 -7.568795e-04 9.999949e-01 -4.293891e+00
1.000000e+00 2.760966e-04 -1.159918e-04 -1.011956e+01 -2.761702e-04 9.999998e-01 -6.343162e-04 2.237921e-01 1.158163e-04 6.343475e-04 9.999998e-01 -4.241643e+00
9.999974e-01 -1.666243e-04 -2.273432e-03 -1.087364e+01 1.682410e-04 9.999997e-01 7.109076e-04 2.488692e-01 2.273313e-03 -7.112875e-04 9.999972e-01 -4.747864e+00
9.999995e-01 2.326572e-04 -9.858489e-04 -1.125779e+01 -2.332887e-04 9.999998e-01 -6.403944e-04 2.614696e-01 9.856994e-04 6.406234e-04 9.999993e-01 -4.579849e+00
9.999971e-01 -1.648346e-04 -2.408137e-03 -1.058651e+01 1.671462e-04 9.999995e-01 9.596748e-04 2.529874e-01 2.407978e-03 -9.600739e-04 9.999966e-01 -4.714739e+00
9.999989e-01 2.143557e-04 -1.491982e-03 -1.075765e+01 -2.156970e-04 9.999996e-01 -8.988148e-04 2.655898e-01 1.491788e-03 8.991349e-04 9.999985e-01 -4.071701e+00
9.999949e-01 2.310514e-05 -3.182025e-03 -1.048553e+01 -1.863768e-05 9.999990e-01 1.403945e-03 2.928507e-01 3.182055e-03 -1.403878e-03 9.999940e-01 -3.621584e+00
9.999996e-01 1.129305e-04 -9.301945e-04 -8.999954e+00 -1.135114e-04 9.999998e-01 -6.242921e-04 3.238786e-01 9.301235e-04 6.243967e-04 9.999994e-01 -4.191057e+00
9.999928e-01 7.547989e-07 -3.806537e-03 -7.564082e+00 4.843091e-06 9.999989e-01 1.470552e-03 3.590052e-01 3.806534e-03 -1.470559e-03 9.999917e-01 -4.655139e+00
9.999997e-01 2.163010e-04 -7.408583e-04 -5.360881e+00 -2.166269e-04 9.999999e-01 -4.395658e-04 4.064672e-01 7.407628e-04 4.397255e-04 9.999996e-01 -5.281444e+00
9.999950e-01 1.191348e-05 -3.177311e-03 -3.645103e+00 -7.225105e-06 9.999989e-01 1.475539e-03 4.148191e-01 3.177325e-03 -1.475508e-03 9.999939e-01 -5.738160e+00
9.999998e-01 9.383943e-05 -5.395906e-04 -2.344266e+00 -9.427561e-05 9.999997e-01 -8.081081e-04 4.250193e-01 5.395143e-04 8.081582e-04 9.999995e-01 -6.273744e+00
9.999976e-01 -8.623864e-06 -2.201118e-03 -2.079116e+00 1.072614e-05 9.999995e-01 9.550157e-04 4.262412e-01 2.201109e-03 -9.550363e-04 9.999971e-01 -7.001677e+00
9.999997e-01 1.435695e-04 -7.610761e-04 -1.739005e+00 -1.440416e-04 9.999998e-01 -6.201883e-04 4.196516e-01 7.609866e-04 6.202971e-04 9.999995e-01 -7.122542e+00
9.999969e-01 4.320403e-05 -2.505318e-03 -9.713980e-01 -4.014743e-05 9.999993e-01 1.220020e-03 4.035800e-01 2.505369e-03 -1.219915e-03 9.999961e-01 -7.019609e+00
9.999998e-01 8.084649e-05 -6.367084e-04 -2.675666e-01 -8.137586e-05 9.999997e-01 -8.312098e-04 3.896994e-01 6.366406e-04 8.312608e-04 9.999995e-01 -7.037530e+00
9.999968e-01 -6.571450e-06 -2.512150e-03 2.058013e-01 9.358879e-06 9.999994e-01 1.109508e-03 3.881789e-01 2.512141e-03 -1.109527e-03 9.999962e-01 -7.542154e+00
1.000000e+00 1.131747e-04 -1.474723e-04 1.850949e-01 -1.133188e-04 9.999995e-01 -9.764035e-04 3.903521e-01 1.473615e-04 9.764195e-04 9.999995e-01 -8.020348e+00
9.999966e-01 1.419425e-05 -2.607483e-03 4.091967e-01 -1.099807e-05 9.999992e-01 1.225725e-03 3.842751e-01 2.607499e-03 -1.225692e-03 9.999958e-01 -8.237488e+00
9.999999e-01 1.633811e-04 -4.955955e-04 1.070624e+00 -1.637729e-04 9.999997e-01 -7.903651e-04 3.716703e-01 4.954659e-04 7.904455e-04 9.999996e-01 -8.202600e+00
9.999967e-01 1.111168e-04 -2.568200e-03 1.843070e+00 -1.075224e-04 9.999990e-01 1.399621e-03 3.495210e-01 2.568353e-03 -1.399339e-03 9.999957e-01 -7.897364e+00
9.999996e-01 6.055002e-05 -8.924717e-04 2.563638e+00 -6.129002e-05 9.999997e-01 -8.289745e-04 3.376203e-01 8.924209e-04 8.290282e-04 9.999993e-01 -7.840698e+00
9.999971e-01 1.789934e-04 -2.415361e-03 3.496203e+00 -1.753694e-04 9.999989e-01 1.500454e-03 3.222846e-01 2.415627e-03 -1.500025e-03 9.999960e-01 -7.837109e+00
9.999970e-01 -1.561402e-05 -2.453862e-03 4.007371e+00 1.308774e-05 9.999995e-01 -1.029461e-03 3.700421e-01 2.453876e-03 1.029425e-03 9.999965e-01 -7.303274e+00
9.999986e-01 3.869036e-04 -1.634365e-03 4.378148e+00 -3.843556e-04 9.999987e-01 1.558965e-03 3.734229e-01 1.634966e-03 -1.558334e-03 9.999974e-01 -6.587965e+00
9.999989e-01 -3.646201e-05 -1.482359e-03 5.356135e+00 3.535510e-05 9.999997e-01 -7.466302e-04 3.440497e-01 1.482385e-03 7.465763e-04 9.999986e-01 -6.214226e+00
9.999983e-01 3.818357e-04 -1.816325e-03 6.383539e+00 -3.789462e-04 9.999987e-01 1.590851e-03 3.205948e-01 1.816930e-03 -1.590159e-03 9.999971e-01 -5.924250e+00
9.999990e-01 -8.884527e-06 -1.403620e-03 7.184609e+00 7.658715e-06 9.999996e-01 -8.732066e-04 2.919884e-01 1.403627e-03 8.731943e-04 9.999986e-01 -5.395399e+00
9.999986e-01 3.654889e-04 -1.655079e-03 8.363520e+00 -3.625060e-04 9.999983e-01 1.802123e-03 2.659569e-01 1.655735e-03 -1.801520e-03 9.999970e-01 -5.075695e+00
9.999991e-01 -3.667857e-05 -1.331601e-03 9.281919e+00 3.534519e-05 9.999995e-01 -1.001215e-03 2.349921e-01 1.331637e-03 1.001166e-03 9.999986e-01 -4.725459e+00
9.999980e-01 3.714547e-04 -1.957357e-03 1.035285e+01 -3.677055e-04 9.999981e-01 1.915410e-03 2.112286e-01 1.958065e-03 -1.914685e-03 9.999962e-01 -4.530078e+00
9.999997e-01 1.049218e-04 -7.947242e-04 1.122963e+01 -1.057762e-04 9.999994e-01 -1.074980e-03 1.687192e-01 7.946107e-04 1.075063e-03 9.999991e-01 -3.695677e+00
9.999982e-01 2.630523e-04 -1.863448e-03 1.230306e+01 -2.593967e-04 9.999980e-01 1.961628e-03 1.261187e-01 1.863961e-03 -1.961141e-03 9.999963e-01 -3.059983e+00
9.999993e-01 1.227745e-04 -1.152649e-03 1.336379e+01 -1.240881e-04 9.999993e-01 -1.139498e-03 9.917953e-02 1.152508e-03 1.139640e-03 9.999987e-01 -2.813311e+00
9.999985e-01 6.373373e-05 -1.713878e-03 1.386407e+01 -6.119951e-05 9.999989e-01 1.478558e-03 7.833556e-02 1.713971e-03 -1.478450e-03 9.999974e-01 -2.582379e+00
9.999994e-01 8.703865e-05 -1.112257e-03 1.444809e+01 -8.831697e-05 9.999993e-01 -1.149153e-03 5.772156e-02 1.112156e-03 1.149250e-03 9.999987e-01 -2.440589e+00
9.999989e-01 6.733735e-05 -1.507572e-03 1.454706e+01 -6.530079e-05 9.999991e-01 1.350778e-03 4.478350e-02 1.507662e-03 -1.350677e-03 9.999980e-01 -2.179901e+00
9.999990e-01 1.562281e-04 -1.411202e-03 1.497154e+01 -1.575863e-04 9.999995e-01 -9.623060e-04 2.276812e-02 1.411051e-03 9.625267e-04 9.999985e-01 -1.682088e+00
9.999989e-01 7.129664e-05 -1.509216e-03 1.556591e+01 -6.914877e-05 9.999990e-01 1.423060e-03 -1.802016e-04 1.509316e-03 -1.422953e-03 9.999978e-01 -1.307151e+00
9.999990e-01 9.042811e-05 -1.424955e-03 1.572236e+01 -9.209040e-05 9.999993e-01 -1.166408e-03 -1.278462e-02 1.424849e-03 1.166538e-03 9.999983e-01 -8.464020e-01
9.999990e-01 5.960539e-05 -1.396088e-03 1.579810e+01 -5.765376e-05 9.999990e-01 1.397798e-03 -2.315614e-02 1.396170e-03 -1.397716e-03 9.999980e-01 -3.878975e-01
9.999991e-01 5.178399e-05 -1.373675e-03 1.579453e+01 -5.342930e-05 9.999993e-01 -1.197602e-03 -3.449418e-02 1.373612e-03 1.197674e-03 9.999983e-01 8.724395e-02
9.999991e-01 6.818075e-05 -1.350792e-03 1.548795e+01 -6.634513e-05 9.999991e-01 1.358787e-03 -3.180827e-02 1.350884e-03 -1.358695e-03 9.999982e-01 1.222332e-01
9.999989e-01 5.529349e-05 -1.488812e-03 1.561627e+01 -5.695159e-05 9.999994e-01 -1.113567e-03 -3.739966e-02 1.488749e-03 1.113650e-03 9.999983e-01 5.699383e-02
9.999991e-01 7.869279e-05 -1.334501e-03 1.554222e+01 -7.692421e-05 9.999991e-01 1.325136e-03 -4.128726e-02 1.334605e-03 -1.325032e-03 9.999982e-01 3.108089e-01
9.999990e-01 6.878254e-06 -1.426898e-03 1.521085e+01 -8.580227e-06 9.999993e-01 -1.192648e-03 -3.976119e-02 1.426888e-03 1.192659e-03 9.999983e-01 5.709095e-01
9.999991e-01 9.718732e-05 -1.300873e-03 1.490063e+01 -9.545040e-05 9.999991e-01 1.335047e-03 -3.823220e-02 1.301002e-03 -1.334921e-03 9.999983e-01 7.306917e-01
9.999990e-01 3.756368e-05 -1.398948e-03 1.483828e+01 -3.917360e-05 9.999993e-01 -1.150668e-03 -4.659310e-02 1.398903e-03 1.150721e-03 9.999984e-01 1.022820e+00
9.999991e-01 1.664602e-04 -1.317219e-03 1.530524e+01 -1.643732e-04 9.999987e-01 1.584149e-03 -7.664079e-02 1.317482e-03 -1.583931e-03 9.999979e-01 1.452085e+00
9.999990e-01 1.808448e-04 -1.431573e-03 1.622400e+01 -1.819686e-04 9.999997e-01 -7.848013e-04 -1.152383e-01 1.431430e-03 7.850603e-04 9.999987e-01 1.946407e+00
9.999989e-01 1.321575e-04 -1.488291e-03 1.700772e+01 -1.300034e-04 9.999989e-01 1.447216e-03 -1.495931e-01 1.488481e-03 -1.447020e-03 9.999978e-01 2.411726e+00
9.999988e-01 1.430583e-04 -1.528382e-03 1.765179e+01 -1.443865e-04 9.999996e-01 -8.687850e-04 -1.805250e-01 1.528256e-03 8.690040e-04 9.999985e-01 2.851754e+00
9.999986e-01 1.233300e-04 -1.654880e-03 1.833604e+01 -1.208963e-04 9.999989e-01 1.470547e-03 -2.069442e-01 1.655060e-03 -1.470344e-03 9.999975e-01 3.205759e+00
9.999989e-01 1.141889e-04 -1.454436e-03 1.900789e+01 -1.155128e-04 9.999996e-01 -9.101095e-04 -2.321893e-01 1.454331e-03 9.102759e-04 9.999985e-01 3.521033e+00
9.999986e-01 1.357894e-04 -1.642367e-03 1.978196e+01 -1.332056e-04 9.999988e-01 1.573105e-03 -2.591771e-01 1.642579e-03 -1.572884e-03 9.999974e-01 3.823898e+00
9.999991e-01 1.082364e-04 -1.345437e-03 2.044568e+01 -1.096508e-04 9.999994e-01 -1.051100e-03 -2.874946e-01 1.345323e-03 1.051246e-03 9.999985e-01 4.207535e+00
9.999951e-01 1.519632e-04 -3.140118e-03 2.102614e+01 -1.468305e-04 9.999987e-01 1.634640e-03 -2.668876e-01 3.140363e-03 -1.634170e-03 9.999937e-01 4.860459e+00
9.999994e-01 6.634804e-06 -1.095052e-03 2.107267e+01 -8.187083e-06 9.999990e-01 -1.417362e-03 -2.396157e-01 1.095041e-03 1.417370e-03 9.999984e-01 5.765598e+00
9.999974e-01 2.300394e-04 -2.265705e-03 2.166041e+01 -2.256866e-04 9.999981e-01 1.921147e-03 -2.577468e-01 2.266143e-03 -1.920630e-03 9.999956e-01 6.154089e+00
9.999996e-01 8.308041e-05 -8.819104e-04 2.262374e+01 -8.407046e-05 9.999994e-01 -1.122424e-03 -2.843874e-01 8.818163e-04 1.122497e-03 9.999990e-01 6.470237e+00
9.999974e-01 2.212145e-04 -2.270247e-03 2.341952e+01 -2.171003e-04 9.999983e-01 1.812232e-03 -3.089961e-01 2.270645e-03 -1.811734e-03 9.999958e-01 6.873920e+00
9.999979e-01 -3.134990e-05 -2.065572e-03 2.409374e+01 2.878255e-05 9.999992e-01 -1.242847e-03 -2.954821e-01 2.065609e-03 1.242785e-03 9.999971e-01 7.203461e+00
9.999982e-01 1.123770e-04 -1.919116e-03 2.419857e+01 -1.094125e-04 9.999988e-01 1.544627e-03 -2.633717e-01 1.919288e-03 -1.544413e-03 9.999970e-01 7.614206e+00
9.999982e-01 1.580849e-04 -1.902840e-03 2.522408e+01 -1.592105e-04 9.999998e-01 -5.913063e-04 -2.703812e-01 1.902746e-03 5.916075e-04 9.999980e-01 7.542905e+00
9.999885e-01 4.487098e-04 -4.766849e-03 2.891744e+01 -4.359774e-04 9.999963e-01 2.671672e-03 -2.038284e-01 4.768030e-03 -2.669563e-03 9.999851e-01 5.572319e+00
9.999995e-01 -2.582013e-04 9.482538e-04 3.079788e+01 2.598477e-04 9.999985e-01 -1.736725e-03 -1.881060e-01 -9.478042e-04 1.736970e-03 9.999980e-01 4.759345e+00
9.999913e-01 2.660756e-04 -4.155543e-03 2.987401e+01 -2.589478e-04 9.999985e-01 1.715644e-03 -1.469831e-01 4.155993e-03 -1.714552e-03 9.999899e-01 5.066990e+00
9.999993e-01 -1.826425e-04 1.162782e-03 2.958022e+01 1.844687e-04 9.999987e-01 -1.570835e-03 -1.444328e-01 -1.162494e-03 1.571048e-03 9.999981e-01 5.055356e+00
9.999907e-01 2.041422e-04 -4.307312e-03 2.983215e+01 -1.965890e-04 9.999984e-01 1.753873e-03 -1.460626e-01 4.307663e-03 -1.753009e-03 9.999892e-01 4.574540e+00
9.999992e-01 -8.024823e-05 1.296898e-03 2.991955e+01 8.218420e-05 9.999989e-01 -1.492942e-03 -1.640314e-01 -1.296777e-03 1.493046e-03 9.999980e-01 4.851443e+00
9.999914e-01 3.159219e-04 -4.146963e-03 2.943628e+01 -3.092832e-04 9.999987e-01 1.601348e-03 -1.371073e-01 4.147464e-03 -1.600050e-03 9.999901e-01 4.154941e+00
9.999980e-01 -1.224163e-04 1.976324e-03 2.879765e+01 1.259414e-04 9.999984e-01 -1.783759e-03 -9.826702e-02 -1.976102e-03 1.784004e-03 9.999965e-01 2.840348e+00
9.999903e-01 3.470758e-04 -4.399457e-03 2.894114e+01 -3.385497e-04 9.999981e-01 1.938547e-03 -1.128982e-01 4.400122e-03 -1.937038e-03 9.999884e-01 2.996878e+00
9.999983e-01 -2.622405e-04 1.802665e-03 2.932939e+01 2.655787e-04 9.999982e-01 -1.851964e-03 -1.260748e-01 -1.802176e-03 1.852439e-03 9.999967e-01 3.054601e+00
9.999888e-01 3.584941e-04 -4.718948e-03 2.953086e+01 -3.486349e-04 9.999978e-01 2.089894e-03 -1.396479e-01 4.719687e-03 -2.088224e-03 9.999867e-01 2.900056e+00
9.999978e-01 -2.748433e-04 2.064027e-03 2.949072e+01 2.789560e-04 9.999980e-01 -1.992661e-03 -1.389876e-01 -2.063475e-03 1.993232e-03 9.999959e-01 2.211386e+00
9.999877e-01 3.697043e-04 -4.943766e-03 2.943313e+01 -3.590310e-04 9.999976e-01 2.159611e-03 -1.414991e-01 4.944552e-03 -2.157808e-03 9.999854e-01 2.005796e+00
9.999981e-01 -3.070738e-04 1.943952e-03 2.942792e+01 3.108353e-04 9.999981e-01 -1.935051e-03 -1.430166e-01 -1.943354e-03 1.935650e-03 9.999962e-01 1.627649e+00
9.999858e-01 3.760995e-04 -5.320490e-03 2.988273e+01 -3.637143e-04 9.999972e-01 2.328575e-03 -1.503067e-01 5.321351e-03 -2.326606e-03 9.999831e-01 1.420823e+00
9.999979e-01 -3.382189e-04 2.041467e-03 3.030282e+01 3.423470e-04 9.999979e-01 -2.022243e-03 -1.530691e-01 -2.040779e-03 2.022937e-03 9.999959e-01 1.034767e+00
9.999870e-01 3.644651e-04 -5.090071e-03 3.027685e+01 -3.531517e-04 9.999975e-01 2.223336e-03 -1.528231e-01 5.090869e-03 -2.221509e-03 9.999846e-01 8.014611e-01
9.999976e-01 -3.131352e-04 2.186078e-03 3.016489e+01 3.176763e-04 9.999978e-01 -2.077372e-03 -1.575379e-01 -2.185423e-03 2.078060e-03 9.999955e-01 6.313889e-01
9.999856e-01 4.819114e-04 -5.341449e-03 3.037526e+01 -4.689935e-04 9.999970e-01 2.419361e-03 -1.813431e-01 5.342599e-03 -2.416820e-03 9.999828e-01 1.205253e+00
9.999970e-01 -3.093627e-04 2.440426e-03 3.054398e+01 3.145065e-04 9.999977e-01 -2.107707e-03 -2.091235e-01 -2.439768e-03 2.108468e-03 9.999948e-01 1.930991e+00
9.999862e-01 5.322346e-04 -5.217116e-03 3.089889e+01 -5.188465e-04 9.999966e-01 2.567154e-03 -2.461567e-01 5.218465e-03 -2.564411e-03 9.999831e-01 2.772176e+00
9.999978e-01 -3.514601e-04 2.051501e-03 3.175639e+01 3.552048e-04 9.999983e-01 -1.825379e-03 -2.671118e-01 -2.050856e-03 1.826103e-03 9.999962e-01 2.900640e+00
9.999868e-01 4.568450e-04 -5.112223e-03 3.243309e+01 -4.449781e-04 9.999972e-01 2.322134e-03 -2.833716e-01 5.113270e-03 -2.319828e-03 9.999842e-01 2.932907e+00
9.999975e-01 -2.998081e-04 2.195041e-03 3.255013e+01 3.043536e-04 9.999978e-01 -2.070867e-03 -3.087291e-01 -2.194415e-03 2.071529e-03 9.999954e-01 3.626899e+00
9.999844e-01 4.039850e-04 -5.573640e-03 3.312675e+01 -3.893332e-04 9.999965e-01 2.629573e-03 -3.239747e-01 5.574683e-03 -2.627362e-03 9.999810e-01 3.644615e+00
9.999994e-01 -3.323616e-04 1.069630e-03 3.443451e+01 3.343785e-04 9.999982e-01 -1.886245e-03 -3.021116e-01 -1.069001e-03 1.886601e-03 9.999976e-01 2.803210e+00
9.999907e-01 3.756076e-04 -4.284862e-03 3.516418e+01 -3.656310e-04 9.999972e-01 2.328823e-03 -3.082028e-01 4.285726e-03 -2.327234e-03 9.999881e-01 2.568219e+00
9.999991e-01 -2.512196e-04 1.286963e-03 3.516767e+01 2.539871e-04 9.999977e-01 -2.150935e-03 -3.268058e-01 -1.286420e-03 2.151259e-03 9.999969e-01 3.311962e+00
9.999899e-01 2.930588e-04 -4.491773e-03 3.497853e+01 -2.828891e-04 9.999974e-01 2.264481e-03 -3.304126e-01 4.492426e-03 -2.263187e-03 9.999873e-01 4.075238e+00
9.999991e-01 -2.091875e-04 1.305708e-03 3.483993e+01 2.119224e-04 9.999978e-01 -2.094948e-03 -3.373233e-01 -1.305267e-03 2.095222e-03 9.999970e-01 4.767584e+00
9.999903e-01 3.607644e-04 -4.386401e-03 3.487382e+01 -3.506033e-04 9.999973e-01 2.316991e-03 -3.575884e-01 4.387225e-03 -2.315430e-03 9.999877e-01 5.562797e+00
9.999993e-01 -2.407663e-04 1.117008e-03 3.490624e+01 2.430875e-04 9.999978e-01 -2.078630e-03 -3.662684e-01 -1.116505e-03 2.078900e-03 9.999972e-01 5.661529e+00
9.999902e-01 3.123498e-04 -4.412757e-03 3.519588e+01 -3.021737e-04 9.999973e-01 2.306486e-03 -3.755760e-01 4.413465e-03 -2.305130e-03 9.999876e-01 5.843969e+00
9.999993e-01 -2.718068e-04 1.182119e-03 3.562549e+01 2.742752e-04 9.999978e-01 -2.088660e-03 -3.508863e-01 -1.181549e-03 2.088982e-03 9.999971e-01 4.321878e+00
9.999887e-01 3.474189e-04 -4.737902e-03 3.668414e+01 -3.361725e-04 9.999971e-01 2.374253e-03 -2.813233e-01 4.738713e-03 -2.372633e-03 9.999860e-01 1.166462e+00
9.999994e-01 -3.042929e-04 1.090878e-03 3.793939e+01 3.064947e-04 9.999979e-01 -2.018991e-03 -2.156011e-01 -1.090261e-03 2.019323e-03 9.999974e-01 -1.682911e+00
9.999909e-01 3.239518e-04 -4.247258e-03 3.876636e+01 -3.145816e-04 9.999975e-01 2.206610e-03 -1.648895e-01 4.247962e-03 -2.205253e-03 9.999885e-01 -4.175613e+00
9.999993e-01 -3.406774e-04 1.121347e-03 3.929001e+01 3.429252e-04 9.999979e-01 -2.005179e-03 -1.670773e-01 -1.120662e-03 2.005561e-03 9.999974e-01 -4.719920e+00
9.999884e-01 4.983589e-04 -4.783503e-03 3.989414e+01 -4.861389e-04 9.999966e-01 2.555397e-03 -1.685228e-01 4.784760e-03 -2.553042e-03 9.999853e-01 -5.166154e+00
9.999980e-01 -5.362775e-04 1.930949e-03 4.054674e+01 5.405684e-04 9.999974e-01 -2.222463e-03 -1.435734e-01 -1.929753e-03 2.223502e-03 9.999957e-01 -6.534091e+00
9.999876e-01 6.212700e-04 -4.933633e-03 4.069390e+01 -6.094515e-04 9.999969e-01 2.396592e-03 -1.550089e-01 4.935107e-03 -2.393555e-03 9.999850e-01 -6.709162e+00
9.999977e-01 -5.390356e-04 2.075320e-03 4.085582e+01 5.436459e-04 9.999974e-01 -2.221679e-03 -1.714538e-01 -2.074118e-03 2.222801e-03 9.999954e-01 -6.686195e+00
9.999868e-01 6.542271e-04 -5.097883e-03 4.093155e+01 -6.416001e-04 9.999967e-01 2.478105e-03 -1.926780e-01 5.099487e-03 -2.474801e-03 9.999839e-01 -6.049779e+00
9.999977e-01 -4.808981e-04 2.083697e-03 4.117996e+01 4.853112e-04 9.999976e-01 -2.118033e-03 -2.172443e-01 -2.082674e-03 2.119039e-03 9.999956e-01 -5.447016e+00
9.999864e-01 5.875370e-04 -5.175188e-03 4.114870e+01 -5.755498e-04 9.999971e-01 2.317417e-03 -2.307997e-01 5.176535e-03 -2.314406e-03 9.999839e-01 -4.907745e+00
9.999976e-01 -5.240036e-04 2.140215e-03 4.117651e+01 5.286548e-04 9.999975e-01 -2.173352e-03 -2.362119e-01 -2.139071e-03 2.174478e-03 9.999953e-01 -5.246917e+00
9.999866e-01 5.860997e-04 -5.134615e-03 4.133183e+01 -5.744357e-04 9.999973e-01 2.272767e-03 -2.351672e-01 5.135934e-03 -2.269787e-03 9.999842e-01 -5.945017e+00
9.999976e-01 -4.563712e-04 2.122263e-03 4.145223e+01 4.607003e-04 9.999978e-01 -2.039900e-03 -2.430877e-01 -2.121327e-03 2.040872e-03 9.999957e-01 -6.254704e+00
9.999870e-01 4.789083e-04 -5.080787e-03 4.195423e+01 -4.670460e-04 9.999972e-01 2.335618e-03 -2.297266e-01 5.081891e-03 -2.333214e-03 9.999844e-01 -7.298457e+00
9.999980e-01 -4.562133e-04 1.971482e-03 4.244871e+01 4.602381e-04 9.999978e-01 -2.041667e-03 -2.290217e-01 -1.970547e-03 2.042570e-03 9.999960e-01 -7.909439e+00
9.999883e-01 6.088240e-04 -4.794502e-03 4.284534e+01 -5.972575e-04 9.999969e-01 2.413465e-03 -2.543381e-01 4.795957e-03 -2.410573e-03 9.999856e-01 -7.514912e+00
9.999981e-01 -4.068303e-04 1.915050e-03 4.307576e+01 4.108646e-04 9.999977e-01 -2.106835e-03 -2.844006e-01 -1.914189e-03 2.107617e-03 9.999959e-01 -6.752798e+00
9.999877e-01 5.931599e-04 -4.919053e-03 4.339075e+01 -5.806407e-04 9.999966e-01 2.546036e-03 -3.134190e-01 4.920546e-03 -2.543148e-03 9.999847e-01 -6.045621e+00
9.999980e-01 -4.398075e-04 1.970604e-03 4.353981e+01 4.442828e-04 9.999973e-01 -2.271269e-03 -3.384929e-01 -1.969600e-03 2.272139e-03 9.999955e-01 -5.321927e+00
9.999864e-01 5.665366e-04 -5.179214e-03 4.360297e+01 -5.533609e-04 9.999966e-01 2.544982e-03 -3.542212e-01 5.180638e-03 -2.542080e-03 9.999833e-01 -4.698701e+00
9.999978e-01 -4.493095e-04 2.072098e-03 4.369423e+01 4.540589e-04 9.999973e-01 -2.292297e-03 -3.725381e-01 -2.071063e-03 2.293232e-03 9.999952e-01 -4.057313e+00
9.999868e-01 5.461722e-04 -5.107372e-03 4.355633e+01 -5.335752e-04 9.999968e-01 2.467402e-03 -3.825719e-01 5.108704e-03 -2.464644e-03 9.999839e-01 -3.598861e+00
9.999979e-01 -5.174320e-04 1.960926e-03 4.389995e+01 5.217618e-04 9.999974e-01 -2.208269e-03 -3.948590e-01 -1.959778e-03 2.209287e-03 9.999956e-01 -3.724889e+00
9.999873e-01 4.736043e-04 -5.016692e-03 4.420273e+01 -4.620276e-04 9.999972e-01 2.308490e-03 -3.915150e-01 5.017771e-03 -2.306142e-03 9.999848e-01 -4.445930e+00
9.999976e-01 -4.482532e-04 2.159603e-03 4.430359e+01 4.529812e-04 9.999975e-01 -2.189430e-03 -3.918117e-01 -2.158617e-03 2.190402e-03 9.999953e-01 -5.064070e+00
9.999872e-01 4.930084e-04 -5.041013e-03 4.451677e+01 -4.816832e-04 9.999974e-01 2.247529e-03 -3.737906e-01 5.042108e-03 -2.245071e-03 9.999848e-01 -6.509084e+00
9.999972e-01 -4.855734e-04 2.315330e-03 4.476773e+01 4.907938e-04 9.999973e-01 -2.254800e-03 -3.599726e-01 -2.314229e-03 2.255929e-03 9.999948e-01 -7.727373e+00
9.999883e-01 6.054135e-04 -4.804332e-03 4.463138e+01 -5.941278e-04 9.999971e-01 2.350098e-03 -3.523933e-01 4.805741e-03 -2.347216e-03 9.999857e-01 -8.819936e+00
9.999973e-01 -5.038656e-04 2.247966e-03 4.459782e+01 5.090329e-04 9.999972e-01 -2.298768e-03 -3.386072e-01 -2.246802e-03 2.299906e-03 9.999948e-01 -1.019886e+01
9.999892e-01 6.386472e-04 -4.596242e-03 4.453544e+01 -6.281934e-04 9.999972e-01 2.275446e-03 -3.111901e-01 4.597683e-03 -2.272533e-03 9.999868e-01 -1.229650e+01
9.999972e-01 -5.574088e-04 2.297490e-03 4.454107e+01 5.626872e-04 9.999972e-01 -2.297576e-03 -2.939520e-01 -2.296203e-03 2.298862e-03 9.999947e-01 -1.381112e+01
9.999858e-01 6.608216e-04 -5.296118e-03 4.468945e+01 -6.480326e-04 9.999969e-01 2.416090e-03 -2.776031e-01 5.297699e-03 -2.412623e-03 9.999831e-01 -1.522124e+01
9.999959e-01 -6.119378e-04 2.779843e-03 4.484089e+01 6.188047e-04 9.999968e-01 -2.470154e-03 -2.548282e-01 -2.778322e-03 2.471863e-03 9.999931e-01 -1.692937e+01
9.999811e-01 6.307777e-04 -6.113419e-03 4.538686e+01 -6.141208e-04 9.999961e-01 2.726091e-03 -2.417857e-01 6.115115e-03 -2.722284e-03 9.999776e-01 -1.786322e+01
9.999948e-01 -6.176620e-04 3.159164e-03 4.559185e+01 6.257625e-04 9.999965e-01 -2.563848e-03 -2.407175e-01 -3.157569e-03 2.565811e-03 9.999917e-01 -1.846945e+01
9.999785e-01 6.456661e-04 -6.521641e-03 4.589139e+01 -6.277926e-04 9.999960e-01 2.742281e-03 -2.263064e-01 6.523386e-03 -2.738127e-03 9.999750e-01 -1.969194e+01
9.999905e-01 -5.824195e-04 4.316346e-03 4.592022e+01 5.946012e-04 9.999958e-01 -2.821531e-03 -2.061152e-01 -4.314685e-03 2.824070e-03 9.999867e-01 -2.135081e+01
9.999727e-01 5.709987e-04 -7.373392e-03 4.617243e+01 -5.488608e-04 9.999953e-01 3.004044e-03 -2.117977e-01 7.375073e-03 -2.999915e-03 9.999683e-01 -2.171273e+01
9.999903e-01 -5.360482e-04 4.365570e-03 4.626894e+01 5.486030e-04 9.999957e-01 -2.875238e-03 -2.237752e-01 -4.364010e-03 2.877604e-03 9.999863e-01 -2.176873e+01
9.999720e-01 5.969761e-04 -7.457561e-03 4.632524e+01 -5.742618e-04 9.999952e-01 3.047543e-03 -2.340021e-01 7.459345e-03 -3.043175e-03 9.999675e-01 -2.179808e+01
9.999899e-01 -5.577461e-04 4.469123e-03 4.646999e+01 5.706912e-04 9.999956e-01 -2.895885e-03 -2.362648e-01 -4.467489e-03 2.898405e-03 9.999858e-01 -2.230194e+01
9.999730e-01 5.953355e-04 -7.322377e-03 4.651605e+01 -5.730784e-04 9.999952e-01 3.041288e-03 -2.391934e-01 7.324153e-03 -3.037009e-03 9.999686e-01 -2.271831e+01
