9.999958e-01 3.071213e-04 -2.896124e-03 3.409531e-01 -3.057544e-04 9.999998e-01 4.724127e-04 -4.526466e-02 2.896269e-03 -4.715259e-04 9.999957e-01 1.517649e+00
1.000000e+00 -2.415867e-05 1.431083e-04 7.831713e-01 2.414573e-05 1.000000e+00 9.059916e-05 -9.307831e-02 -1.431101e-04 -9.059499e-05 1.000000e+00 2.806848e+00
9.999952e-01 1.747061e-04 -3.103031e-03 1.068036e+00 -1.737162e-04 9.999999e-01 3.193018e-04 -1.257438e-01 3.103086e-03 -3.187619e-04 9.999951e-01 3.508732e+00
1.000000e+00 -6.339789e-05 1.548062e-04 1.429720e+00 6.338254e-05 1.000000e+00 9.927519e-05 -1.549377e-01 -1.548122e-04 -9.926466e-05 1.000000e+00 3.960615e+00
9.999954e-01 2.196100e-04 -3.018751e-03 1.799667e+00 -2.186200e-04 9.999999e-01 3.282818e-04 -1.882406e-01 3.018822e-03 -3.276210e-04 9.999954e-01 4.612558e+00
1.000000e+00 -7.375414e-05 1.407339e-04 2.143730e+00 7.374167e-05 1.000000e+00 8.880130e-05 -2.218840e-01 -1.407401e-04 -8.879020e-05 1.000000e+00 5.290670e+00
9.999946e-01 1.176125e-04 -3.275031e-03 2.516059e+00 -1.168928e-04 1.000000e+00 2.199504e-04 -2.412183e-01 3.275056e-03 -2.195671e-04 9.999946e-01 5.473750e+00
1.000000e+00 -1.490910e-04 5.209942e-05 2.975702e+00 1.490919e-04 1.000000e+00 -1.662035e-05 -2.499148e-01 -5.209660e-05 1.662883e-05 1.000000e+00 5.277848e+00
9.999946e-01 1.254474e-04 -3.272449e-03 3.477665e+00 -1.246906e-04 1.000000e+00 2.314727e-04 -2.611596e-01 3.272478e-03 -2.310641e-04 9.999946e-01 5.186608e+00
1.000000e+00 -4.211518e-05 2.598817e-04 3.691214e+00 4.213249e-05 1.000000e+00 -6.648167e-05 -2.745159e-01 -2.598786e-04 6.649333e-05 1.000000e+00 5.401886e+00
9.999936e-01 1.436588e-04 -3.581278e-03 3.847114e+00 -1.425955e-04 9.999999e-01 2.971736e-04 -2.778039e-01 3.581320e-03 -2.966617e-04 9.999935e-01 5.090652e+00
9.999997e-01 -1.047133e-04 7.760792e-04 4.099198e+00 1.048952e-04 1.000000e+00 -2.343478e-04 -2.590813e-01 -7.760543e-04 2.344299e-04 9.999997e-01 3.689994e+00
9.999942e-01 9.349887e-05 -3.404541e-03 4.236219e+00 -9.248251e-05 1.000000e+00 2.986951e-04 -2.545075e-01 3.404568e-03 -2.983793e-04 9.999942e-01 2.885619e+00
9.999999e-01 8.729681e-05 3.514053e-04 4.627033e+00 -8.732920e-05 1.000000e+00 9.228104e-05 -2.807477e-01 -3.513969e-04 -9.231101e-05 9.999999e-01 3.457627e+00
9.999941e-01 6.486855e-05 -3.435889e-03 4.839143e+00 -6.430115e-05 1.000000e+00 1.652596e-04 -3.075965e-01 3.435900e-03 -1.650384e-04 9.999941e-01 4.299048e+00
9.999999e-01 7.956035e-05 -3.756545e-04 5.903242e+00 -7.936632e-05 9.999999e-01 5.163974e-04 -2.968043e-01 3.756959e-04 -5.163668e-04 9.999998e-01 3.403593e+00
9.999919e-01 3.525627e-05 -4.017673e-03 7.931002e+00 -3.428275e-05 1.000000e+00 2.423882e-04 -2.014244e-01 4.017681e-03 -2.422492e-04 9.999919e-01 -2.419580e-01
9.999998e-01 1.002763e-04 5.874113e-04 9.748737e+00 -1.005079e-04 9.999999e-01 3.943694e-04 -1.095050e-01 -5.873714e-04 -3.944277e-04 9.999997e-01 -3.833427e+00
9.999900e-01 7.887366e-06 -4.470164e-03 1.161161e+01 -6.558554e-06 1.000000e+00 2.972865e-04 -1.344288e-02 4.470166e-03 -2.972549e-04 9.999900e-01 -7.590862e+00
1.000000e+00 1.162373e-04 2.000965e-04 1.411991e+01 -1.163305e-04 9.999999e-01 4.661625e-04 1.096350e-01 -2.000419e-04 -4.661850e-04 9.999999e-01 -1.219309e+01
9.999912e-01 1.312697e-05 -4.200998e-03 1.620136e+01 -1.226758e-05 1.000000e+00 2.046053e-04 2.195197e-01 4.201000e-03 -2.045527e-04 9.999912e-01 -1.646841e+01
9.999999e-01 1.435155e-04 -4.107802e-04 1.886367e+01 -1.432577e-04 9.999998e-01 6.274825e-04 3.532251e-01 4.108706e-04 -6.274229e-04 9.999997e-01 -2.144485e+01
9.999912e-01 6.934014e-06 -4.198439e-03 2.187762e+01 -5.519790e-06 9.999999e-01 3.368682e-04 4.999997e-01 4.198441e-03 -3.368428e-04 9.999911e-01 -2.677853e+01
9.999999e-01 1.171640e-04 -3.082291e-04 2.460621e+01 -1.170069e-04 9.999999e-01 5.095537e-04 6.253314e-01 3.082891e-04 -5.095169e-04 9.999998e-01 -3.133759e+01
9.999894e-01 -1.449907e-05 -4.597788e-03 2.717020e+01 1.633380e-05 9.999999e-01 3.990206e-04 7.404967e-01 4.597782e-03 -3.990922e-04 9.999894e-01 -3.553839e+01
9.999998e-01 1.646478e-04 -6.593332e-04 3.035704e+01 -1.642497e-04 9.999998e-01 6.037612e-04 8.835641e-01 6.594328e-04 -6.036521e-04 9.999996e-01 -4.062171e+01
9.999949e-01 -2.166597e-07 -3.188751e-03 3.272357e+01 8.666511e-07 1.000000e+00 2.038547e-04 1.000719e+00 3.188751e-03 -2.038571e-04 9.999949e-01 -4.507687e+01
9.999984e-01 1.609497e-04 -1.807359e-03 3.608987e+01 -1.590823e-04 9.999995e-01 1.033302e-03 1.146554e+00 1.807524e-03 -1.033012e-03 9.999978e-01 -5.016593e+01
9.999956e-01 -2.199326e-05 -2.967364e-03 3.893187e+01 2.170921e-05 1.000000e+00 -9.573805e-05 1.275472e+00 2.967366e-03 9.567250e-05 9.999956e-01 -5.488362e+01
9.999972e-01 3.018732e-04 -2.329931e-03 4.208093e+01 -2.990141e-04 9.999992e-01 1.227339e-03 1.412151e+00 2.330300e-03 -1.226639e-03 9.999965e-01 -5.966933e+01
9.999959e-01 -1.320591e-04 -2.864407e-03 4.548853e+01 1.321398e-04 1.000000e+00 2.799894e-05 1.554418e+00 2.864403e-03 -2.837804e-05 9.999959e-01 -6.461997e+01
9.999987e-01 3.324041e-04 -1.586784e-03 4.794672e+01 -3.310211e-04 9.999996e-01 8.716858e-04 1.674695e+00 1.587073e-03 -8.711587e-04 9.999984e-01 -6.915415e+01
9.999956e-01 -4.380836e-05 -2.952794e-03 5.072380e+01 4.394408e-05 1.000000e+00 4.592096e-05 1.810702e+00 2.952791e-03 -4.605123e-05 9.999956e-01 -7.418532e+01
9.999981e-01 2.999733e-04 -1.900114e-03 5.319024e+01 -2.979199e-04 9.999994e-01 1.080834e-03 1.922962e+00 1.900437e-03 -1.080265e-03 9.999976e-01 -7.826638e+01
9.999960e-01 1.101879e-06 -2.845158e-03 5.618984e+01 -1.127202e-06 1.000000e+00 -8.875409e-06 2.063997e+00 2.845158e-03 8.877870e-06 9.999960e-01 -8.336076e+01
9.999979e-01 3.118477e-04 -2.046223e-03 5.941987e+01 -3.094888e-04 9.999993e-01 1.152956e-03 2.207343e+00 2.046581e-03 -1.152320e-03 9.999972e-01 -8.842621e+01
9.999995e-01 -1.356374e-04 -9.738243e-04 6.113164e+01 1.354230e-04 1.000000e+00 -2.200900e-04 2.299788e+00 9.738538e-04 2.199573e-04 9.999995e-01 -9.150167e+01
9.999866e-01 4.369115e-04 -5.168014e-03 6.500354e+01 -4.274571e-04 9.999982e-01 1.830349e-03 2.449599e+00 5.168805e-03 -1.828115e-03 9.999850e-01 -9.638133e+01
9.999980e-01 -6.202128e-05 -2.000882e-03 7.023162e+01 6.248622e-05 1.000000e+00 2.323401e-04 2.605648e+00 2.000868e-03 -2.324654e-04 9.999980e-01 -1.011828e+02
9.999935e-01 3.419804e-04 -3.585294e-03 7.403782e+01 -3.371732e-04 9.999990e-01 1.341324e-03 2.735413e+00 3.585749e-03 -1.340106e-03 9.999927e-01 -1.055239e+02
9.999995e-01 1.084734e-04 -9.616642e-04 7.717671e+01 -1.082229e-04 1.000000e+00 2.606388e-04 2.813766e+00 9.616921e-04 -2.605353e-04 9.999995e-01 -1.083925e+02
9.999978e-01 1.251039e-03 -1.687151e-03 8.236410e+01 -1.245320e-03 9.999935e-01 3.386278e-03 2.760514e+00 1.691377e-03 -3.384169e-03 9.999928e-01 -1.075913e+02
9.999998e-01 3.531870e-04 4.491251e-04 8.676488e+01 -3.533987e-04 9.999998e-01 4.711853e-04 2.654865e+00 -4.489590e-04 -4.713446e-04 9.999998e-01 -1.050315e+02
9.999978e-01 1.024185e-03 -1.839234e-03 8.977799e+01 -1.019620e-03 9.999964e-01 2.481075e-03 2.566196e+00 1.841769e-03 -2.479194e-03 9.999952e-01 -1.017540e+02
9.999989e-01 2.124907e-04 1.498649e-03 9.145361e+01 -2.116978e-04 9.999998e-01 -5.292750e-04 2.464180e+00 -1.498761e-03 5.289564e-04 9.999987e-01 -9.676202e+01
9.999985e-01 1.045496e-03 -1.373443e-03 9.279421e+01 -1.043025e-03 9.999978e-01 1.798496e-03 2.334762e+00 1.375321e-03 -1.797060e-03 9.999974e-01 -9.109531e+01
9.999996e-01 -1.981528e-04 8.922283e-04 9.375117e+01 1.987855e-04 9.999997e-01 -7.092642e-04 2.242466e+00 -8.920879e-04 7.094405e-04 9.999994e-01 -8.652569e+01
9.999970e-01 6.591540e-04 -2.356589e-03 9.378356e+01 -6.562374e-04 9.999990e-01 1.238177e-03 2.212894e+00 2.357403e-03 -1.236626e-03 9.999965e-01 -8.235922e+01
9.999998e-01 -4.640719e-04 3.114353e-04 9.374154e+01 4.643722e-04 9.999994e-01 -9.651070e-04 2.187209e+00 -3.109876e-04 9.652507e-04 9.999995e-01 -7.984998e+01
9.999959e-01 5.924426e-04 -2.801181e-03 9.333855e+01 -5.891187e-04 9.999991e-01 1.187246e-03 2.185912e+00 2.801882e-03 -1.185590e-03 9.999954e-01 -8.014240e+01
9.999996e-01 1.466776e-04 9.359346e-04 9.397280e+01 -1.462607e-04 9.999999e-01 -4.456547e-04 2.115884e+00 -9.360002e-04 4.455169e-04 9.999995e-01 -7.699274e+01
9.999987e-01 4.505126e-04 -1.526907e-03 9.514997e+01 -4.481266e-04 9.999987e-01 1.562588e-03 2.020381e+00 1.527610e-03 -1.561901e-03 9.999976e-01 -7.426741e+01
9.999984e-01 -3.773489e-04 -1.772470e-03 9.568053e+01 3.753845e-04 9.999993e-01 -1.108421e-03 2.008439e+00 1.772887e-03 1.107753e-03 9.999978e-01 -7.435960e+01
9.999994e-01 4.581853e-04 -9.752760e-04 9.575401e+01 -4.568957e-04 9.999990e-01 1.321982e-03 1.999305e+00 9.758811e-04 -1.321535e-03 9.999987e-01 -7.458932e+01
9.999981e-01 -4.354810e-04 -1.917127e-03 9.546337e+01 4.331166e-04 9.999991e-01 -1.233524e-03 2.000145e+00 1.917662e-03 1.232690e-03 9.999974e-01 -7.432956e+01
9.999994e-01 5.991584e-04 -8.667102e-04 9.554642e+01 -5.979168e-04 9.999988e-01 1.432089e-03 1.975260e+00 8.675675e-04 -1.431569e-03 9.999986e-01 -7.344410e+01
9.999984e-01 -4.069782e-04 -1.751416e-03 9.572363e+01 4.049274e-04 9.999992e-01 -1.171095e-03 1.943000e+00 1.751891e-03 1.170383e-03 9.999978e-01 -7.250435e+01
9.999992e-01 4.432678e-04 -1.152165e-03 9.571335e+01 -4.417251e-04 9.999990e-01 1.338843e-03 1.929401e+00 1.152758e-03 -1.338333e-03 9.999984e-01 -7.201943e+01
9.999983e-01 -3.778802e-04 -1.778291e-03 9.549912e+01 3.758003e-04 9.999992e-01 -1.169758e-03 1.930513e+00 1.778732e-03 1.169087e-03 9.999977e-01 -7.172292e+01
9.999991e-01 4.521518e-04 -1.234147e-03 9.552564e+01 -4.504037e-04 9.999989e-01 1.416270e-03 1.928606e+00 1.234786e-03 -1.415713e-03 9.999982e-01 -7.173698e+01
9.999988e-01 -3.476467e-04 -1.517045e-03 9.519782e+01 3.456614e-04 9.999991e-01 -1.308714e-03 1.939319e+00 1.517498e-03 1.308187e-03 9.999980e-01 -7.191499e+01
9.999991e-01 4.531721e-04 -1.247084e-03 9.456000e+01 -4.514809e-04 9.999990e-01 1.355947e-03 1.958131e+00 1.247697e-03 -1.355382e-03 9.999983e-01 -7.194745e+01
9.999982e-01 -3.724639e-04 -1.870489e-03 9.461525e+01 3.703250e-04 9.999993e-01 -1.143635e-03 1.956317e+00 1.870913e-03 1.142939e-03 9.999976e-01 -7.181493e+01
9.999992e-01 4.613597e-04 -1.148010e-03 9.480055e+01 -4.597894e-04 9.999990e-01 1.367679e-03 1.952292e+00 1.148640e-03 -1.367150e-03 9.999984e-01 -7.179693e+01
9.999984e-01 -3.495776e-04 -1.757957e-03 9.497256e+01 3.475910e-04 9.999993e-01 -1.130166e-03 1.941591e+00 1.758350e-03 1.129553e-03 9.999978e-01 -7.157477e+01
9.999991e-01 5.339727e-04 -1.219254e-03 9.534528e+01 -5.320980e-04 9.999987e-01 1.537311e-03 1.919481e+00 1.220073e-03 -1.536660e-03 9.999981e-01 -7.116879e+01
9.999982e-01 -4.811256e-04 -1.824068e-03 9.580116e+01 4.788340e-04 9.999991e-01 -1.256488e-03 1.903445e+00 1.824671e-03 1.255612e-03 9.999975e-01 -7.115799e+01
9.999993e-01 5.614209e-04 -1.001476e-03 9.599273e+01 -5.600149e-04 9.999989e-01 1.403551e-03 1.900259e+00 1.002264e-03 -1.402989e-03 9.999985e-01 -7.155386e+01
9.999975e-01 -5.319398e-04 -2.176815e-03 9.647681e+01 5.294622e-04 9.999992e-01 -1.138583e-03 1.898160e+00 2.177418e-03 1.137427e-03 9.999970e-01 -7.198890e+01
9.999992e-01 6.384374e-04 -1.108521e-03 9.723510e+01 -6.366561e-04 9.999985e-01 1.606503e-03 1.889896e+00 1.109545e-03 -1.605795e-03 9.999981e-01 -7.220461e+01
9.999977e-01 -6.069400e-04 -2.051248e-03 9.775780e+01 6.041012e-04 9.999989e-01 -1.384246e-03 1.883499e+00 2.052085e-03 1.383003e-03 9.999969e-01 -7.250359e+01
9.999996e-01 6.269053e-04 -6.785003e-04 9.801073e+01 -6.258975e-04 9.999987e-01 1.484379e-03 1.878823e+00 6.794303e-04 -1.483953e-03 9.999987e-01 -7.303614e+01
9.999976e-01 -6.134633e-04 -2.101864e-03 9.817510e+01 6.104474e-04 9.999988e-01 -1.435157e-03 1.872151e+00 2.102742e-03 1.433870e-03 9.999968e-01 -7.340980e+01
9.999993e-01 6.109113e-04 -1.004332e-03 9.859951e+01 -6.092073e-04 9.999984e-01 1.695950e-03 1.862734e+00 1.005366e-03 -1.695336e-03 9.999981e-01 -7.367769e+01
9.999976e-01 -5.742012e-04 -2.092330e-03 9.893828e+01 5.709987e-04 9.999987e-01 -1.530826e-03 1.866130e+00 2.093206e-03 1.529627e-03 9.999966e-01 -7.437357e+01
9.999992e-01 6.261633e-04 -1.101232e-03 9.934348e+01 -6.242426e-04 9.999983e-01 1.743531e-03 1.867025e+00 1.102322e-03 -1.742842e-03 9.999979e-01 -7.496894e+01
9.999980e-01 -6.055293e-04 -1.892724e-03 9.961190e+01 6.024042e-04 9.999985e-01 -1.651176e-03 1.873079e+00 1.893720e-03 1.650032e-03 9.999968e-01 -7.578901e+01
9.999993e-01 6.517878e-04 -1.020786e-03 9.980795e+01 -6.500151e-04 9.999983e-01 1.735896e-03 1.880068e+00 1.021916e-03 -1.735231e-03 9.999980e-01 -7.671165e+01
9.999980e-01 -6.036038e-04 -1.913191e-03 1.000405e+02 6.004890e-04 9.999985e-01 -1.628138e-03 1.891281e+00 1.914171e-03 1.626985e-03 9.999968e-01 -7.780905e+01
9.999994e-01 6.636889e-04 -8.904881e-04 1.002662e+02 -6.621401e-04 9.999983e-01 1.738310e-03 1.899588e+00 8.916406e-04 -1.737719e-03 9.999981e-01 -7.875919e+01
9.999977e-01 -5.800410e-04 -2.061694e-03 1.004131e+02 5.767818e-04 9.999986e-01 -1.581019e-03 1.905496e+00 2.062608e-03 1.579826e-03 9.999966e-01 -7.938406e+01
9.999996e-01 6.593148e-04 -6.357609e-04 1.001600e+02 -6.582806e-04 9.999985e-01 1.625298e-03 1.914670e+00 6.368318e-04 -1.624878e-03 9.999985e-01 -7.975867e+01
9.999975e-01 -5.872569e-04 -2.151753e-03 9.990691e+01 5.839638e-04 9.999987e-01 -1.530655e-03 1.914292e+00 2.152649e-03 1.529394e-03 9.999965e-01 -7.958168e+01
9.999994e-01 6.289716e-04 -9.088034e-04 9.947227e+01 -6.275177e-04 9.999985e-01 1.599002e-03 1.925432e+00 9.098081e-04 -1.598430e-03 9.999983e-01 -7.940048e+01
9.999977e-01 -5.478235e-04 -2.082842e-03 9.881825e+01 5.445742e-04 9.999986e-01 -1.560249e-03 1.947219e+00 2.083693e-03 1.559111e-03 9.999966e-01 -7.926967e+01
9.999993e-01 6.071009e-04 -1.040791e-03 9.841631e+01 -6.053957e-04 9.999985e-01 1.637795e-03 1.958429e+00 1.041784e-03 -1.637163e-03 9.999981e-01 -7.896626e+01
9.999981e-01 -5.561736e-04 -1.863204e-03 9.810786e+01 5.533030e-04 9.999987e-01 -1.540793e-03 1.961387e+00 1.864058e-03 1.539758e-03 9.999971e-01 -7.885509e+01
9.999992e-01 6.179430e-04 -1.109088e-03 9.764636e+01 -6.161378e-04 9.999985e-01 1.627132e-03 1.973230e+00 1.110092e-03 -1.626447e-03 9.999981e-01 -7.879579e+01
9.999980e-01 -5.834158e-04 -1.938356e-03 9.721709e+01 5.804293e-04 9.999986e-01 -1.540897e-03 1.985737e+00 1.939252e-03 1.539768e-03 9.999969e-01 -7.867788e+01
9.999991e-01 6.513302e-04 -1.169928e-03 9.691044e+01 -6.494346e-04 9.999985e-01 1.619776e-03 1.999631e+00 1.170981e-03 -1.619014e-03 9.999980e-01 -7.867075e+01
9.999968e-01 -5.929687e-04 -2.442452e-03 9.716796e+01 5.896680e-04 9.999989e-01 -1.351840e-03 1.999401e+00 2.443250e-03 1.350394e-03 9.999961e-01 -7.851568e+01
9.999990e-01 8.137547e-04 -1.175045e-03 9.791603e+01 -8.113779e-04 9.999976e-01 2.021697e-03 1.983460e+00 1.176687e-03 -2.020740e-03 9.999973e-01 -7.838599e+01
9.999981e-01 -6.535788e-04 -1.855214e-03 9.827628e+01 6.505633e-04 9.999985e-01 -1.625476e-03 1.962861e+00 1.856273e-03 1.624265e-03 9.999970e-01 -7.797894e+01
9.999988e-01 7.732448e-04 -1.358481e-03 9.843242e+01 -7.706650e-04 9.999979e-01 1.898508e-03 1.945267e+00 1.359947e-03 -1.897458e-03 9.999973e-01 -7.753627e+01
9.999972e-01 -7.142295e-04 -2.271040e-03 9.844698e+01 7.104720e-04 9.999984e-01 -1.654879e-03 1.943458e+00 2.272218e-03 1.653260e-03 9.999961e-01 -7.723051e+01
9.999990e-01 7.919156e-04 -1.184560e-03 9.850598e+01 -7.896388e-04 9.999978e-01 1.921126e-03 1.943338e+00 1.186079e-03 -1.920188e-03 9.999975e-01 -7.691686e+01
9.999970e-01 -7.424219e-04 -2.336247e-03 9.882685e+01 7.387013e-04 9.999985e-01 -1.592971e-03 1.939897e+00 2.337426e-03 1.591240e-03 9.999960e-01 -7.693191e+01
9.999983e-01 8.151485e-04 -1.654182e-03 9.904676e+01 -8.119627e-04 9.999978e-01 1.925616e-03 1.942561e+00 1.655749e-03 -1.924269e-03 9.999968e-01 -7.674667e+01
9.999968e-01 -6.200115e-04 -2.451749e-03 9.935106e+01 6.164496e-04 9.999988e-01 -1.453255e-03 1.945779e+00 2.452647e-03 1.451738e-03 9.999959e-01 -7.647704e+01
9.999995e-01 8.975368e-04 -4.412482e-04 1.001041e+02 -8.965920e-04 9.999973e-01 2.136433e-03 1.917444e+00 4.431648e-04 -2.136036e-03 9.999976e-01 -7.609273e+01
9.999960e-01 -7.326436e-04 -2.745650e-03 1.002987e+02 7.276558e-04 9.999981e-01 -1.817145e-03 1.902402e+00 2.746975e-03 1.815140e-03 9.999946e-01 -7.551615e+01
9.999991e-01 8.172212e-04 -1.077291e-03 1.008686e+02 -8.146737e-04 9.999969e-01 2.362952e-03 1.900409e+00 1.079219e-03 -2.362071e-03 9.999966e-01 -7.558754e+01
9.999963e-01 -5.957869e-04 -2.640232e-03 1.018342e+02 5.916618e-04 9.999986e-01 -1.562848e-03 1.892915e+00 2.641160e-03 1.561279e-03 9.999953e-01 -7.568967e+01
9.999993e-01 8.527213e-04 -8.278306e-04 1.030399e+02 -8.506479e-04 9.999965e-01 2.501655e-03 1.879425e+00 8.299613e-04 -2.500948e-03 9.999965e-01 -7.573643e+01
9.999959e-01 -7.563313e-04 -2.753191e-03 1.034545e+02 7.506583e-04 9.999976e-01 -2.060914e-03 1.876680e+00 2.754743e-03 2.058838e-03 9.999941e-01 -7.561668e+01
9.999990e-01 7.834920e-04 -1.188206e-03 1.035935e+02 -7.805709e-04 9.999967e-01 2.456772e-03 1.889149e+00 1.190127e-03 -2.455842e-03 9.999963e-01 -7.545629e+01
9.999967e-01 -8.366513e-04 -2.411020e-03 1.035384e+02 8.312241e-04 9.999971e-01 -2.251100e-03 1.905345e+00 2.412896e-03 2.249088e-03 9.999946e-01 -7.531048e+01
9.999986e-01 9.462029e-04 -1.345391e-03 1.039687e+02 -9.424942e-04 9.999958e-01 2.754494e-03 1.900420e+00 1.347992e-03 -2.753222e-03 9.999953e-01 -7.523306e+01
9.999974e-01 -7.696065e-04 -2.161785e-03 1.049302e+02 7.652745e-04 9.999977e-01 -2.003952e-03 1.891921e+00 2.163322e-03 2.002292e-03 9.999957e-01 -7.533538e+01
9.999986e-01 9.350942e-04 -1.399543e-03 1.059805e+02 -9.312008e-04 9.999957e-01 2.779855e-03 1.886578e+00 1.402137e-03 -2.778547e-03 9.999952e-01 -7.556080e+01
9.999973e-01 -7.939940e-04 -2.176698e-03 1.069110e+02 7.893652e-04 9.999974e-01 -2.126494e-03 1.882323e+00 2.178380e-03 2.124769e-03 9.999954e-01 -7.575156e+01
9.999984e-01 9.303047e-04 -1.513053e-03 1.074485e+02 -9.263715e-04 9.999962e-01 2.598048e-03 1.880123e+00 1.515465e-03 -2.596642e-03 9.999955e-01 -7.549708e+01
9.999978e-01 -7.541957e-04 -1.981566e-03 1.081587e+02 7.503583e-04 9.999978e-01 -1.936491e-03 1.864680e+00 1.983022e-03 1.934999e-03 9.999962e-01 -7.535734e+01
9.999983e-01 9.882868e-04 -1.554371e-03 1.092508e+02 -9.838927e-04 9.999955e-01 2.825068e-03 1.853560e+00 1.557157e-03 -2.823533e-03 9.999948e-01 -7.543300e+01
9.999976e-01 -8.354917e-04 -2.014323e-03 1.103634e+02 8.313157e-04 9.999975e-01 -2.073015e-03 1.849675e+00 2.016050e-03 2.071335e-03 9.999958e-01 -7.569043e+01
9.999983e-01 9.607111e-04 -1.600797e-03 1.111764e+02 -9.565140e-04 9.999961e-01 2.620437e-03 1.845365e+00 1.603309e-03 -2.618900e-03 9.999953e-01 -7.575251e+01
9.999970e-01 -8.808688e-04 -2.279723e-03 1.121470e+02 8.762665e-04 9.999976e-01 -2.018943e-03 1.849759e+00 2.281495e-03 2.016939e-03 9.999954e-01 -7.620514e+01
9.999983e-01 9.818059e-04 -1.572625e-03 1.130967e+02 -9.776182e-04 9.999960e-01 2.661316e-03 1.852073e+00 1.575232e-03 -2.659773e-03 9.999952e-01 -7.660175e+01
9.999980e-01 -8.345197e-04 -1.807393e-03 1.138955e+02 8.308290e-04 9.999976e-01 -2.041733e-03 1.840641e+00 1.809092e-03 2.040227e-03 9.999963e-01 -7.665114e+01
9.999977e-01 9.293780e-04 -1.920176e-03 1.145940e+02 -9.244477e-04 9.999963e-01 2.566826e-03 1.837422e+00 1.922555e-03 -2.565045e-03 9.999949e-01 -7.689805e+01
9.999982e-01 -7.683294e-04 -1.708811e-03 1.155559e+02 7.651669e-04 9.999980e-01 -1.850476e-03 1.832293e+00 1.710229e-03 1.849165e-03 9.999968e-01 -7.712044e+01
9.999977e-01 9.209015e-04 -1.930113e-03 1.165686e+02 -9.158624e-04 9.999962e-01 2.609975e-03 1.827083e+00 1.932510e-03 -2.608200e-03 9.999947e-01 -7.733905e+01
9.999982e-01 -7.701026e-04 -1.715692e-03 1.175773e+02 7.668486e-04 9.999979e-01 -1.896336e-03 1.823666e+00 1.717149e-03 1.895016e-03 9.999967e-01 -7.761653e+01
9.999985e-01 9.086825e-04 -1.500686e-03 1.181754e+02 -9.052515e-04 9.999970e-01 2.285288e-03 1.815374e+00 1.502758e-03 -2.283926e-03 9.999963e-01 -7.767492e+01
9.999986e-01 -8.326003e-04 -1.440263e-03 1.180766e+02 8.293508e-04 9.999971e-01 -2.255209e-03 1.827472e+00 1.442136e-03 2.254011e-03 9.999964e-01 -7.769453e+01
9.999983e-01 8.514825e-04 -1.637643e-03 1.177200e+02 -8.478105e-04 9.999971e-01 2.241516e-03 1.838977e+00 1.639547e-03 -2.240123e-03 9.999961e-01 -7.745777e+01
9.999985e-01 -8.110834e-04 -1.548705e-03 1.177236e+02 8.078422e-04 9.999975e-01 -2.092203e-03 1.833576e+00 1.550398e-03 2.090948e-03 9.999966e-01 -7.732849e+01
9.999983e-01 8.287254e-04 -1.654898e-03 1.176674e+02 -8.250710e-04 9.999972e-01 2.207619e-03 1.824279e+00 1.656723e-03 -2.206250e-03 9.999962e-01 -7.686649e+01
9.999982e-01 -8.455829e-04 -1.683649e-03 1.174914e+02 8.419780e-04 9.999974e-01 -2.140591e-03 1.825387e+00 1.685455e-03 2.139169e-03 9.999963e-01 -7.646512e+01
9.999985e-01 8.402357e-04 -1.515928e-03 1.173605e+02 -8.369032e-04 9.999972e-01 2.197461e-03 1.821042e+00 1.517770e-03 -2.196189e-03 9.999964e-01 -7.596474e+01
9.999983e-01 -8.210367e-04 -1.622216e-03 1.170601e+02 8.175758e-04 9.999974e-01 -2.132839e-03 1.826083e+00 1.623963e-03 2.131509e-03 9.999964e-01 -7.566919e+01
9.999985e-01 8.615650e-04 -1.494766e-03 1.166310e+02 -8.582667e-04 9.999972e-01 2.205643e-03 1.838796e+00 1.496663e-03 -2.204356e-03 9.999965e-01 -7.552834e+01
9.999986e-01 -7.394632e-04 -1.483223e-03 1.163067e+02 7.362742e-04 9.999974e-01 -2.149322e-03 1.845478e+00 1.484808e-03 2.148226e-03 9.999966e-01 -7.516291e+01
9.999983e-01 7.932547e-04 -1.653510e-03 1.158488e+02 -7.896810e-04 9.999974e-01 2.160749e-03 1.858314e+00 1.655220e-03 -2.159439e-03 9.999963e-01 -7.473003e+01
9.999985e-01 -7.504496e-04 -1.571707e-03 1.155373e+02 7.471380e-04 9.999975e-01 -2.106443e-03 1.863779e+00 1.573283e-03 2.105265e-03 9.999965e-01 -7.415354e+01
9.999984e-01 7.849148e-04 -1.588249e-03 1.149027e+02 -7.816009e-04 9.999975e-01 2.085955e-03 1.887574e+00 1.589883e-03 -2.084710e-03 9.999966e-01 -7.379624e+01
9.999989e-01 -7.032917e-04 -1.332288e-03 1.146779e+02 7.007036e-04 9.999979e-01 -1.941931e-03 1.890498e+00 1.333651e-03 1.940995e-03 9.999972e-01 -7.400073e+01
9.999973e-01 7.526569e-04 -2.200393e-03 1.153297e+02 -7.474590e-04 9.999969e-01 2.362053e-03 1.888108e+00 2.202165e-03 -2.360402e-03 9.999948e-01 -7.429375e+01
9.999991e-01 -6.741993e-04 -1.134499e-03 1.155071e+02 6.718120e-04 9.999976e-01 -2.103160e-03 1.890130e+00 1.135914e-03 2.102395e-03 9.999971e-01 -7.434008e+01
9.999973e-01 6.990811e-04 -2.206679e-03 1.153948e+02 -6.939647e-04 9.999971e-01 2.318446e-03 1.900894e+00 2.208294e-03 -2.316908e-03 9.999949e-01 -7.434905e+01
9.999988e-01 -6.159551e-04 -1.437764e-03 1.161126e+02 6.133948e-04 9.999982e-01 -1.780398e-03 1.898330e+00 1.438858e-03 1.779513e-03 9.999974e-01 -7.458248e+01
9.999969e-01 7.451624e-04 -2.362505e-03 1.170743e+02 -7.393395e-04 9.999967e-01 2.464546e-03 1.898715e+00 2.364334e-03 -2.462791e-03 9.999942e-01 -7.494217e+01
9.999986e-01 -6.863757e-04 -1.507548e-03 1.178182e+02 6.833266e-04 9.999977e-01 -2.022024e-03 1.905788e+00 1.508932e-03 2.020990e-03 9.999968e-01 -7.548315e+01
9.999983e-01 7.202943e-04 -1.707081e-03 1.180180e+02 -7.163446e-04 9.999971e-01 2.313079e-03 1.912255e+00 1.708742e-03 -2.311851e-03 9.999959e-01 -7.597678e+01
9.999986e-01 -6.898823e-04 -1.504403e-03 1.180605e+02 6.867183e-04 9.999976e-01 -2.102552e-03 1.920639e+00 1.505849e-03 2.101516e-03 9.999967e-01 -7.633061e+01
9.999981e-01 7.499943e-04 -1.818450e-03 1.186562e+02 -7.455567e-04 9.999967e-01 2.439632e-03 1.920641e+00 1.820275e-03 -2.438271e-03 9.999954e-01 -7.681014e+01
9.999984e-01 -7.018977e-04 -1.659192e-03 1.192184e+02 6.984621e-04 9.999976e-01 -2.070250e-03 1.918518e+00 1.660641e-03 2.069087e-03 9.999965e-01 -7.711374e+01
9.999976e-01 7.533239e-04 -2.055749e-03 1.198098e+02 -7.481850e-04 9.999966e-01 2.499304e-03 1.918850e+00 2.057625e-03 -2.497759e-03 9.999948e-01 -7.742751e+01
9.999976e-01 -6.024241e-04 -2.094743e-03 1.204201e+02 5.982036e-04 9.999978e-01 -2.014771e-03 1.943241e+00 2.095952e-03 2.013512e-03 9.999958e-01 -7.885434e+01
9.999993e-01 6.330444e-04 -9.666204e-04 1.209998e+02 -6.309562e-04 9.999975e-01 2.158879e-03 1.966441e+00 9.679850e-04 -2.158267e-03 9.999972e-01 -8.022747e+01
9.999963e-01 -5.562549e-04 -2.672063e-03 1.216987e+02 5.516570e-04 9.999984e-01 -1.721099e-03 1.963105e+00 2.673016e-03 1.719618e-03 9.999949e-01 -8.054284e+01
9.999998e-01 6.195156e-04 -1.021262e-04 1.216783e+02 -6.193241e-04 9.999981e-01 1.862718e-03 1.963702e+00 1.032803e-04 -1.862654e-03 9.999983e-01 -8.099762e+01
9.999958e-01 -5.283517e-04 -2.833158e-03 1.217496e+02 5.237497e-04 9.999985e-01 -1.624762e-03 1.956387e+00 2.834012e-03 1.623270e-03 9.999947e-01 -8.087008e+01
9.999998e-01 6.484648e-04 -2.443349e-04 1.219872e+02 -6.479951e-04 9.999980e-01 1.916641e-03 1.943494e+00 2.455776e-04 -1.916482e-03 9.999981e-01 -8.059205e+01
9.999953e-01 -5.567999e-04 -3.020103e-03 1.222646e+02 5.517920e-04 9.999985e-01 -1.658725e-03 1.937519e+00 3.021022e-03 1.657050e-03 9.999941e-01 -8.055023e+01
9.999997e-01 6.763901e-04 -2.780491e-04 1.228074e+02 -6.758039e-04 9.999976e-01 2.102434e-03 1.921754e+00 2.794707e-04 -2.102244e-03 9.999978e-01 -8.049043e+01
9.999957e-01 -4.360320e-04 -2.901133e-03 1.229547e+02 4.307089e-04 9.999982e-01 -1.835131e-03 1.901349e+00 2.901928e-03 1.833873e-03 9.999941e-01 -7.967428e+01
9.999996e-01 5.851777e-04 -7.243080e-04 1.227829e+02 -5.837669e-04 9.999979e-01 1.946095e-03 1.906445e+00 7.254457e-04 -1.945671e-03 9.999978e-01 -7.871331e+01
9.999961e-01 -2.521770e-04 -2.764907e-03 1.229030e+02 2.475071e-04 9.999985e-01 -1.689148e-03 1.897215e+00 2.765328e-03 1.688457e-03 9.999948e-01 -7.771367e+01
9.999975e-01 6.696461e-04 -2.129850e-03 1.223219e+02 -6.659478e-04 9.999983e-01 1.736540e-03 1.935615e+00 2.131010e-03 -1.735117e-03 9.999962e-01 -7.523733e+01
9.999958e-01 -7.375856e-05 -2.904772e-03 1.216753e+02 6.862317e-05 9.999984e-01 -1.767905e-03 1.983109e+00 2.904898e-03 1.767697e-03 9.999942e-01 -7.250846e+01
9.999990e-01 8.171909e-04 -1.124206e-03 1.222075e+02 -8.144233e-04 9.999966e-01 2.459934e-03 1.968632e+00 1.126212e-03 -2.459015e-03 9.999963e-01 -7.060808e+01
9.999951e-01 -2.456684e-04 -3.114069e-03 1.221944e+02 2.391250e-04 9.999978e-01 -2.101390e-03 1.977368e+00 3.114578e-03 2.100634e-03 9.999929e-01 -6.863144e+01
9.999982e-01 4.668480e-04 -1.860660e-03 1.213228e+02 -4.633019e-04 9.999981e-01 1.905742e-03 2.030717e+00 1.861547e-03 -1.904876e-03 9.999965e-01 -6.639871e+01
9.999966e-01 -9.590482e-05 -2.612267e-03 1.207428e+02 9.074861e-05 9.999980e-01 -1.973812e-03 2.065130e+00 2.612451e-03 1.973568e-03 9.999946e-01 -6.432492e+01
9.999990e-01 5.110627e-04 -1.322638e-03 1.203482e+02 -5.083814e-04 9.999978e-01 2.026639e-03 2.080131e+00 1.323671e-03 -2.025964e-03 9.999971e-01 -6.213444e+01
9.999939e-01 -3.239392e-04 -3.481119e-03 1.193357e+02 3.156277e-04 9.999971e-01 -2.387822e-03 2.143512e+00 3.481882e-03 2.386708e-03 9.999911e-01 -5.954939e+01
9.999985e-01 4.666112e-04 -1.687867e-03 1.183242e+02 -4.630442e-04 9.999977e-01 2.112973e-03 2.214767e+00 1.688849e-03 -2.112187e-03 9.999963e-01 -5.763056e+01
9.999986e-01 5.400950e-05 -1.659659e-03 1.189168e+02 -5.649126e-05 9.999989e-01 -1.495203e-03 2.190083e+00 1.659576e-03 1.495294e-03 9.999975e-01 -5.654554e+01
9.999976e-01 2.343715e-04 -2.169843e-03 1.188766e+02 -2.307346e-04 9.999986e-01 1.676103e-03 2.188519e+00 2.170233e-03 -1.675598e-03 9.999962e-01 -5.533990e+01
9.999973e-01 1.429576e-04 -2.333327e-03 1.184154e+02 -1.468415e-04 9.999986e-01 -1.664349e-03 2.214923e+00 2.333085e-03 1.664687e-03 9.999959e-01 -5.339007e+01
9.999984e-01 4.793736e-04 -1.749586e-03 1.190119e+02 -4.753194e-04 9.999972e-01 2.316774e-03 2.198999e+00 1.750692e-03 -2.315938e-03 9.999958e-01 -5.179256e+01
9.999986e-01 4.820989e-04 -1.585707e-03 1.210966e+02 -4.830218e-04 9.999997e-01 -5.816011e-04 2.152726e+00 1.585426e-03 5.823656e-04 9.999986e-01 -5.079092e+01
9.999973e-01 5.778588e-05 -2.314230e-03 1.209352e+02 -5.590557e-05 9.999997e-01 8.124614e-04 2.153299e+00 2.314276e-03 -8.123291e-04 9.999970e-01 -4.846575e+01
9.999972e-01 1.363784e-04 -2.371387e-03 1.200953e+02 -1.388197e-04 9.999995e-01 -1.029276e-03 2.208215e+00 2.371245e-03 1.029601e-03 9.999967e-01 -4.625567e+01
9.999987e-01 3.628838e-04 -1.578289e-03 1.199467e+02 -3.610987e-04 9.999993e-01 1.131036e-03 2.215922e+00 1.578699e-03 -1.130464e-03 9.999981e-01 -4.411647e+01
9.999964e-01 6.020469e-05 -2.697631e-03 1.194835e+02 -6.321211e-05 9.999994e-01 -1.114684e-03 2.238569e+00 2.697562e-03 1.114850e-03 9.999957e-01 -4.183912e+01
9.999987e-01 3.528914e-04 -1.601985e-03 1.190856e+02 -3.510769e-04 9.999993e-01 1.132676e-03 2.261500e+00 1.602384e-03 -1.132111e-03 9.999981e-01 -3.968328e+01
9.999943e-01 2.823128e-05 -3.389641e-03 1.183224e+02 -3.249775e-05 9.999992e-01 -1.258564e-03 2.311719e+00 3.389603e-03 1.258666e-03 9.999935e-01 -3.709219e+01
9.999978e-01 4.050882e-04 -2.062314e-03 1.173267e+02 -4.028623e-04 9.999993e-01 1.079537e-03 2.380685e+00 2.062750e-03 -1.078704e-03 9.999973e-01 -3.417364e+01
9.999956e-01 -1.031755e-04 -2.971777e-03 1.165039e+02 9.954700e-05 9.999992e-01 -1.221034e-03 2.440325e+00 2.971900e-03 1.220732e-03 9.999948e-01 -3.185930e+01
9.999990e-01 1.433050e-03 1.052531e-04 1.183370e+02 -1.433339e-03 9.999951e-01 2.796713e-03 2.376779e+00 -1.012445e-04 -2.796861e-03 9.999961e-01 -2.970413e+01
9.999930e-01 -6.286331e-04 -3.693808e-03 1.187207e+02 6.200920e-04 9.999971e-01 -2.312887e-03 2.364903e+00 3.695251e-03 2.310579e-03 9.999905e-01 -2.755339e+01
9.999994e-01 1.096570e-03 -1.125809e-04 1.185499e+02 -1.096290e-03 9.999964e-01 2.457207e-03 2.365829e+00 1.152753e-04 -2.457081e-03 9.999970e-01 -2.526581e+01
9.999898e-01 -9.284340e-04 -4.419624e-03 1.179555e+02 9.177248e-04 9.999966e-01 -2.424456e-03 2.403985e+00 4.421860e-03 2.420375e-03 9.999873e-01 -2.443819e+01
9.999994e-01 9.013984e-04 5.934586e-04 1.189297e+02 -9.030060e-04 9.999959e-01 2.714705e-03 2.422912e+00 -5.910089e-04 -2.715239e-03 9.999961e-01 -2.534980e+01
9.999895e-01 -4.984216e-04 -4.563519e-03 1.204724e+02 4.915792e-04 9.999988e-01 -1.500315e-03 2.410196e+00 4.564261e-03 1.498056e-03 9.999885e-01 -2.551249e+01
9.999984e-01 1.441454e-03 1.057015e-03 1.232518e+02 -1.445265e-03 9.999924e-01 3.614183e-03 2.369482e+00 -1.051797e-03 -3.615704e-03 9.999929e-01 -2.513418e+01
9.999926e-01 -1.079221e-05 -3.834972e-03 1.260131e+02 5.487921e-06 9.999990e-01 -1.383082e-03 2.287352e+00 3.834983e-03 1.383050e-03 9.999917e-01 -2.328238e+01
9.999989e-01 1.201939e-03 -8.674897e-04 1.267456e+02 -1.199947e-03 9.999967e-01 2.293230e-03 2.285756e+00 8.702434e-04 -2.292186e-03 9.999970e-01 -2.078509e+01
9.999966e-01 -2.269804e-04 -2.610544e-03 1.286718e+02 2.245110e-04 9.999995e-01 -9.460959e-04 2.237139e+00 2.610757e-03 9.455059e-04 9.999961e-01 -1.914174e+01
9.999977e-01 5.322950e-04 -2.076511e-03 1.284291e+02 -5.300526e-04 9.999993e-01 1.080175e-03 2.262864e+00 2.077085e-03 -1.079072e-03 9.999973e-01 -1.786801e+01
9.999833e-01 -7.063104e-04 -5.727537e-03 1.260155e+02 6.961148e-04 9.999982e-01 -1.781862e-03 2.447540e+00 5.728785e-03 1.777845e-03 9.999820e-01 -1.504672e+01
9.999970e-01 7.761140e-04 -2.308201e-03 1.230612e+02 -7.736084e-04 9.999991e-01 1.086111e-03 2.673726e+00 2.309042e-03 -1.084322e-03 9.999967e-01 -1.200175e+01
9.999929e-01 -8.322829e-04 -3.671832e-03 1.214236e+02 8.271714e-04 9.999987e-01 -1.393293e-03 2.792688e+00 3.672986e-03 1.390245e-03 9.999923e-01 -1.018604e+01
9.999980e-01 7.903758e-04 -1.826695e-03 1.195003e+02 -7.885453e-04 9.999992e-01 1.002485e-03 2.925732e+00 1.827486e-03 -1.001042e-03 9.999978e-01 -8.576992e+00
9.999873e-01 -8.894190e-04 -4.951028e-03 1.176810e+02 8.821111e-04 9.999985e-01 -1.477980e-03 3.062768e+00 4.952335e-03 1.473593e-03 9.999867e-01 -6.324136e+00
9.999913e-01 8.525965e-04 -4.086531e-03 1.146048e+02 -8.494605e-04 9.999993e-01 7.690158e-04 3.302311e+00 4.087184e-03 -7.655370e-04 9.999914e-01 -2.687860e+00
9.999786e-01 -1.060616e-03 -6.463076e-03 1.103386e+02 1.047660e-03 9.999974e-01 -2.007683e-03 3.632124e+00 6.465189e-03 2.000868e-03 9.999771e-01 1.910198e+00
9.999977e-01 1.175115e-03 -1.779736e-03 1.078629e+02 -1.172503e-03 9.999982e-01 1.468062e-03 3.831723e+00 1.781458e-03 -1.465971e-03 9.999973e-01 5.075479e+00
9.999877e-01 -1.148096e-03 -4.816575e-03 1.075693e+02 1.142956e-03 9.999988e-01 -1.069709e-03 3.952930e+00 4.817797e-03 1.064190e-03 9.999878e-01 6.204469e+00
9.999965e-01 9.867596e-04 -2.456050e-03 1.070140e+02 -9.835865e-04 9.999987e-01 1.292724e-03 4.129142e+00 2.457323e-03 -1.290303e-03 9.999961e-01 7.576898e+00
9.999872e-01 -1.106533e-03 -4.945950e-03 1.054051e+02 1.098909e-03 9.999982e-01 -1.543846e-03 4.307072e+00 4.947649e-03 1.538391e-03 9.999866e-01 9.959923e+00
9.999954e-01 1.028445e-03 -2.866015e-03 1.027860e+02 -1.026002e-03 9.999991e-01 8.533123e-04 4.507685e+00 2.866890e-03 -8.503671e-04 9.999955e-01 1.298408e+01
9.999915e-01 -1.042364e-03 -3.976830e-03 1.008378e+02 1.037005e-03 9.999986e-01 -1.349253e-03 4.654039e+00 3.978231e-03 1.345116e-03 9.999912e-01 1.552449e+01
9.999991e-01 1.170496e-03 -7.238777e-04 1.003676e+02 -1.169447e-03 9.999983e-01 1.447496e-03 4.699765e+00 7.255710e-04 -1.446648e-03 9.999987e-01 1.674983e+01
9.999927e-01 -1.095776e-03 -3.664725e-03 1.001375e+02 1.091070e-03 9.999986e-01 -1.285841e-03 4.738253e+00 3.666129e-03 1.281833e-03 9.999925e-01 1.775574e+01
9.999973e-01 1.278342e-03 -1.949464e-03 1.007057e+02 -1.274476e-03 9.999972e-01 1.982574e-03 4.800983e+00 1.951994e-03 -1.980084e-03 9.999961e-01 1.826633e+01
9.999965e-01 -9.667374e-04 -2.471975e-03 1.010374e+02 9.631799e-04 9.999985e-01 -1.439800e-03 4.837991e+00 2.473363e-03 1.437413e-03 9.999959e-01 1.928040e+01
9.999981e-01 1.374339e-03 -1.371663e-03 1.011630e+02 -1.371870e-03 9.999974e-01 1.799464e-03 4.836403e+00 1.374132e-03 -1.797578e-03 9.999974e-01 2.049567e+01
9.999970e-01 -9.473820e-04 -2.241283e-03 1.016296e+02 9.447059e-04 9.999988e-01 -1.194601e-03 4.819189e+00 2.242412e-03 1.192480e-03 9.999968e-01 2.141802e+01
9.999982e-01 1.344672e-03 -1.315425e-03 1.023612e+02 -1.342133e-03 9.999972e-01 1.928835e-03 4.801247e+00 1.318016e-03 -1.927065e-03 9.999973e-01 2.210385e+01
9.999966e-01 -1.381088e-03 -2.229958e-03 1.016907e+02 1.376752e-03 9.999972e-01 -1.944533e-03 4.835573e+00 2.232637e-03 1.941456e-03 9.999956e-01 2.290465e+01
9.999976e-01 1.572930e-03 -1.526538e-03 1.015006e+02 -1.569637e-03 9.999964e-01 2.155376e-03 4.853421e+00 1.529923e-03 -2.152974e-03 9.999965e-01 2.417898e+01
9.999923e-01 -3.692541e-04 -3.910024e-03 1.059951e+02 3.743510e-04 9.999991e-01 1.302981e-03 4.856434e+00 3.909539e-03 -1.304435e-03 9.999915e-01 2.369302e+01
9.999993e-01 1.148229e-03 -4.829223e-05 1.110214e+02 -1.148156e-03 9.999983e-01 1.464408e-03 4.880399e+00 4.997387e-05 -1.464351e-03 9.999989e-01 2.254160e+01
9.999910e-01 -6.908788e-04 -4.185144e-03 1.134692e+02 6.914814e-04 9.999998e-01 1.426153e-04 4.884541e+00 4.185044e-03 -1.455086e-04 9.999912e-01 2.230751e+01
9.999992e-01 9.102463e-04 8.722811e-04 1.150404e+02 -9.109622e-04 9.999992e-01 8.210342e-04 4.884510e+00 -8.715328e-04 -8.218275e-04 9.999993e-01 2.196591e+01
9.999914e-01 -7.031598e-04 -4.079523e-03 1.157586e+02 7.024302e-04 9.999997e-01 -1.802081e-04 4.864330e+00 4.079648e-03 1.773403e-04 9.999917e-01 2.207272e+01
9.999993e-01 8.777005e-04 8.431824e-04 1.161283e+02 -8.781740e-04 9.999995e-01 5.616429e-04 4.842733e+00 -8.426887e-04 -5.623823e-04 9.999995e-01 2.240070e+01
9.999921e-01 -6.257874e-04 -3.928246e-03 1.165852e+02 6.255964e-04 9.999998e-01 -4.977739e-05 4.817438e+00 3.928276e-03 4.731884e-05 9.999923e-01 2.294306e+01
9.999993e-01 9.747712e-04 6.618744e-04 1.177678e+02 -9.754625e-04 9.999990e-01 1.045255e-03 4.792026e+00 -6.608546e-04 -1.045900e-03 9.999992e-01 2.321491e+01
9.999829e-01 -9.450738e-04 -5.779192e-03 1.167591e+02 9.375017e-04 9.999987e-01 -1.312758e-03 4.858355e+00 5.780425e-03 1.307317e-03 9.999824e-01 2.510979e+01
9.999990e-01 1.285848e-03 4.993453e-04 1.158656e+02 -1.286433e-03 9.999985e-01 1.174758e-03 4.926405e+00 -4.978338e-04 -1.175399e-03 9.999992e-01 2.732257e+01
9.999893e-01 -8.124609e-04 -4.543680e-03 1.177662e+02 8.139797e-04 9.999996e-01 3.324916e-04 4.922400e+00 4.543407e-03 -3.361871e-04 9.999896e-01 2.731887e+01
9.999987e-01 1.208121e-03 1.050227e-03 1.187862e+02 -1.208649e-03 9.999991e-01 5.028355e-04 4.911879e+00 -1.049619e-03 -5.041036e-04 9.999993e-01 2.779903e+01
9.999886e-01 -7.715547e-04 -4.706895e-03 1.196667e+02 7.734057e-04 9.999996e-01 3.915096e-04 4.896598e+00 4.706591e-03 -3.951462e-04 9.999888e-01 2.834109e+01
9.999982e-01 1.153830e-03 1.481669e-03 1.208464e+02 -1.154728e-03 9.999991e-01 6.055804e-04 4.872432e+00 -1.480969e-03 -6.072896e-04 9.999987e-01 2.857027e+01
9.999889e-01 -6.420961e-04 -4.670799e-03 1.214143e+02 6.421561e-04 9.999998e-01 1.140441e-05 4.839908e+00 4.670790e-03 -1.440432e-05 9.999891e-01 2.963364e+01
9.999987e-01 1.092584e-03 1.149490e-03 1.214789e+02 -1.092816e-03 9.999994e-01 2.010321e-04 4.832200e+00 -1.149269e-03 -2.022874e-04 9.999993e-01 3.107449e+01
9.999878e-01 -6.491454e-04 -4.898728e-03 1.214858e+02 6.492185e-04 9.999998e-01 1.338535e-05 4.826804e+00 4.898718e-03 -1.656618e-05 9.999880e-01 3.258629e+01
9.999991e-01 9.977115e-04 9.328417e-04 1.213200e+02 -9.978054e-04 9.999995e-01 1.006066e-04 4.836924e+00 -9.327406e-04 -1.015367e-04 9.999996e-01 3.410001e+01
9.999852e-01 -7.835587e-04 -5.382150e-03 1.207880e+02 7.827758e-04 9.999997e-01 -1.475137e-04 4.871394e+00 5.382264e-03 1.432978e-04 9.999855e-01 3.572079e+01
9.999988e-01 1.070769e-03 1.115790e-03 1.204014e+02 -1.070944e-03 9.999994e-01 1.560881e-04 4.895995e+00 -1.115622e-03 -1.572822e-04 9.999994e-01 3.730721e+01
9.999857e-01 -8.269358e-04 -5.278140e-03 1.199804e+02 8.262017e-04 9.999996e-01 -1.412057e-04 4.920166e+00 5.278255e-03 1.368422e-04 9.999861e-01 3.885973e+01
9.999990e-01 9.164459e-04 1.107465e-03 1.195872e+02 -9.165624e-04 9.999996e-01 1.049154e-04 4.946715e+00 -1.107368e-03 -1.059297e-04 9.999994e-01 3.994609e+01
9.999880e-01 -7.981485e-04 -4.829940e-03 1.197387e+02 7.991014e-04 9.999997e-01 1.954225e-04 4.948032e+00 4.829782e-03 -1.992805e-04 9.999883e-01 4.035006e+01
9.999985e-01 9.984407e-04 1.398995e-03 1.204330e+02 -9.990301e-04 9.999994e-01 4.209433e-04 4.930836e+00 -1.398574e-03 -4.223397e-04 9.999989e-01 4.047801e+01
9.999884e-01 -6.926833e-04 -4.775747e-03 1.211977e+02 6.939666e-04 9.999997e-01 2.671115e-04 4.907940e+00 4.775560e-03 -2.704233e-04 9.999886e-01 4.083295e+01
9.999990e-01 9.822301e-04 1.063447e-03 1.211048e+02 -9.821475e-04 9.999995e-01 -7.786751e-05 4.910052e+00 -1.063523e-03 7.682361e-05 9.999994e-01 4.207454e+01
9.999835e-01 -8.433339e-04 -5.679131e-03 1.203943e+02 8.430582e-04 9.999996e-01 -5.089278e-05 4.955585e+00 5.679172e-03 4.610345e-05 9.999839e-01 4.384173e+01
9.999991e-01 9.947637e-04 8.495212e-04 1.195382e+02 -9.946405e-04 9.999995e-01 -1.450922e-04 5.011574e+00 -8.496649e-04 1.442478e-04 9.999996e-01 4.567316e+01
9.999847e-01 -8.088728e-04 -5.465949e-03 1.187893e+02 8.090098e-04 9.999997e-01 2.291460e-05 5.056458e+00 5.465928e-03 -2.733690e-05 9.999851e-01 4.754252e+01
9.999994e-01 9.727972e-04 5.336006e-04 1.178895e+02 -9.726727e-04 9.999995e-01 -2.329361e-04 5.112757e+00 -5.338267e-04 2.324176e-04 9.999998e-01 4.957848e+01
9.999863e-01 -6.186715e-04 -5.207029e-03 1.172931e+02 6.195087e-04 9.999998e-01 1.592468e-04 5.148751e+00 5.206929e-03 -1.624710e-04 9.999864e-01 5.169769e+01
9.999978e-01 1.114130e-03 1.759950e-03 1.176621e+02 -1.114666e-03 9.999993e-01 3.034962e-04 5.124224e+00 -1.759611e-03 -3.054567e-04 9.999984e-01 5.306801e+01
9.999587e-01 -9.719331e-04 -9.036468e-03 1.202632e+02 9.797021e-04 9.999992e-01 8.553935e-04 5.209832e+00 9.035628e-03 -8.642119e-04 9.999588e-01 5.040355e+01
9.999958e-01 9.333310e-04 2.737340e-03 1.239112e+02 -9.339305e-04 9.999995e-01 2.178790e-04 5.363550e+00 -2.737135e-03 -2.204339e-04 9.999962e-01 4.535577e+01
9.999558e-01 -6.573969e-04 -9.378252e-03 1.275833e+02 6.719240e-04 9.999986e-01 1.545992e-03 5.447121e+00 9.377222e-03 -1.552226e-03 9.999548e-01 4.293918e+01
9.999971e-01 7.776862e-04 2.297867e-03 1.305129e+02 -7.773462e-04 9.999997e-01 -1.487097e-04 5.526275e+00 -2.297982e-03 1.469237e-04 9.999973e-01 4.063177e+01
