9.999951e-01 1.088900e-04 -3.112996e-03 -1.231820e-01 -1.079392e-04 9.999999e-01 3.056160e-04 -3.336006e-03 3.113029e-03 -3.052792e-04 9.999951e-01 3.199319e-01
1.000000e+00 -3.549787e-05 -2.493552e-05 -4.829967e-02 3.549852e-05 1.000000e+00 2.492776e-05 -1.044081e-02 2.493498e-05 -2.492794e-05 1.000000e+00 4.273440e-01
9.999953e-01 1.010614e-04 -3.070585e-03 3.398739e-02 -1.003154e-04 1.000000e+00 2.431113e-04 -1.707081e-02 3.070609e-03 -2.428029e-04 9.999953e-01 5.472764e-01
1.000000e+00 2.368990e-04 -1.073900e-04 8.165873e-02 -2.368892e-04 1.000000e+00 9.039498e-05 -3.572988e-02 1.074117e-04 -9.036882e-05 1.000000e+00 1.468958e+00
9.999953e-01 4.265018e-04 -3.044587e-03 -2.707140e-01 -4.255587e-04 9.999999e-01 3.104290e-04 -3.548437e-02 3.044718e-03 -3.091326e-04 9.999953e-01 3.489555e+00
9.999999e-01 1.006474e-04 -4.089039e-04 -1.107576e+00 -1.006311e-04 1.000000e+00 3.963310e-05 3.409327e-03 4.089082e-04 -3.959123e-05 9.999999e-01 4.096598e+00
9.999956e-01 3.145603e-04 -2.946659e-03 -1.723875e+00 -3.136666e-04 9.999999e-01 3.037520e-04 2.707054e-02 2.946754e-03 -3.028272e-04 9.999956e-01 4.779395e+00
1.000000e+00 -6.523662e-06 1.002654e-05 -2.195449e+00 6.523171e-06 1.000000e+00 5.224756e-05 3.945199e-02 -1.002654e-05 -5.224678e-05 1.000000e+00 5.154315e+00
9.999951e-01 1.303448e-04 -3.132610e-03 -2.109390e+00 -1.295288e-04 1.000000e+00 2.606772e-04 2.780091e-02 3.132644e-03 -2.602709e-04 9.999951e-01 5.581486e+00
1.000000e+00 4.931686e-05 -1.222752e-04 -2.203979e+00 -4.931389e-05 1.000000e+00 2.399235e-05 1.934500e-02 1.222768e-04 -2.398560e-05 1.000000e+00 6.189627e+00
9.999930e-01 2.298425e-04 -3.729266e-03 -2.705886e+00 -2.289374e-04 9.999999e-01 2.431136e-04 4.508926e-02 3.729322e-03 -2.422589e-04 9.999930e-01 6.843042e+00
1.000000e+00 -3.868438e-05 8.726380e-05 -2.681126e+00 3.867764e-05 1.000000e+00 7.772285e-05 4.095862e-02 -8.726646e-05 -7.771876e-05 1.000000e+00 7.487703e+00
9.999939e-01 2.092611e-04 -3.486699e-03 -2.775460e+00 -2.085717e-04 1.000000e+00 1.980961e-04 3.386982e-02 3.486740e-03 -1.973683e-04 9.999939e-01 8.203468e+00
1.000000e+00 -2.131036e-04 1.259161e-04 -2.486314e+00 2.130983e-04 1.000000e+00 4.246812e-05 2.524074e-02 -1.259248e-04 -4.244057e-05 1.000000e+00 8.431236e+00
9.999941e-01 3.723474e-04 -3.414120e-03 -1.476360e+00 -3.713079e-04 9.999999e-01 3.051089e-04 1.397141e-02 3.414232e-03 -3.038401e-04 9.999941e-01 8.451159e+00
1.000000e+00 -7.969876e-05 6.968880e-05 -7.935393e-01 7.969213e-05 1.000000e+00 9.586861e-05 -9.453175e-03 -6.969610e-05 -9.586234e-05 1.000000e+00 9.102847e+00
9.999945e-01 3.723183e-04 -3.306235e-03 -1.808474e-01 -3.713984e-04 9.999999e-01 2.788607e-04 -3.500148e-02 3.306338e-03 -2.776320e-04 9.999945e-01 9.841740e+00
9.999999e-01 -6.570992e-05 3.306257e-04 4.102413e-01 6.566605e-05 1.000000e+00 1.328285e-04 -7.106200e-02 -3.306341e-04 -1.328061e-04 9.999999e-01 1.055296e+01
9.999950e-01 2.192935e-04 -3.157474e-03 9.427205e-01 -2.185922e-04 1.000000e+00 2.224687e-04 -1.009706e-01 3.157522e-03 -2.217781e-04 9.999950e-01 1.107521e+01
1.000000e+00 -1.399745e-04 1.839576e-04 1.734751e+00 1.399466e-04 1.000000e+00 1.521819e-04 -1.217914e-01 -1.839786e-04 -1.521555e-04 1.000000e+00 1.128329e+01
9.999953e-01 3.755854e-04 -3.044888e-03 2.562749e+00 -3.748709e-04 9.999999e-01 2.352436e-04 -1.492500e-01 3.044975e-03 -2.341018e-04 9.999953e-01 1.161579e+01
9.999999e-01 -3.132447e-04 2.833003e-04 3.782260e+00 3.131830e-04 9.999999e-01 2.177740e-04 -1.700796e-01 -2.833681e-04 -2.176845e-04 9.999999e-01 1.171775e+01
9.999948e-01 4.700134e-04 -3.183412e-03 4.814227e+00 -4.694254e-04 9.999999e-01 1.854601e-04 -1.846128e-01 3.183498e-03 -1.839655e-04 9.999949e-01 1.171392e+01
9.999998e-01 -3.457133e-04 4.351853e-04 5.613776e+00 3.456303e-04 9.999999e-01 1.909327e-04 -2.094172e-01 -4.352510e-04 -1.907815e-04 9.999999e-01 1.193752e+01
9.999939e-01 5.235621e-04 -3.447550e-03 6.282219e+00 -5.229624e-04 9.999998e-01 1.748839e-04 -2.341688e-01 3.447640e-03 -1.730806e-04 9.999940e-01 1.237178e+01
9.999999e-01 -4.138791e-04 2.044759e-04 6.757903e+00 4.138492e-04 9.999999e-01 1.461536e-04 -2.517370e-01 -2.045360e-04 -1.460682e-04 1.000000e+00 1.268616e+01
9.999953e-01 5.691852e-04 -3.024797e-03 7.713720e+00 -5.684693e-04 9.999998e-01 2.375378e-04 -2.729746e-01 3.024931e-03 -2.358179e-04 9.999954e-01 1.284105e+01
9.999999e-01 -4.995504e-04 7.499936e-05 8.212404e+00 4.995443e-04 9.999999e-01 8.185270e-05 -2.949551e-01 -7.503990e-05 -8.181452e-05 1.000000e+00 1.304319e+01
9.999924e-01 6.616643e-04 -3.829512e-03 7.960478e+00 -6.608241e-04 9.999998e-01 2.206834e-04 -2.838309e-01 3.829657e-03 -2.181519e-04 9.999926e-01 1.365533e+01
9.999998e-01 -4.891268e-04 2.808366e-04 8.099804e+00 4.890900e-04 9.999999e-01 1.313278e-04 -2.895041e-01 -2.809005e-04 -1.311897e-04 1.000000e+00 1.416008e+01
9.999929e-01 5.776146e-04 -3.724327e-03 8.075538e+00 -5.769525e-04 9.999998e-01 1.788792e-04 -2.916153e-01 3.724429e-03 -1.767299e-04 9.999930e-01 1.450533e+01
9.999997e-01 -4.633004e-04 6.717849e-04 8.287254e+00 4.632113e-04 9.999999e-01 1.329474e-04 -3.146965e-01 -6.718461e-04 -1.326355e-04 9.999998e-01 1.489831e+01
9.999916e-01 5.317599e-04 -4.070561e-03 8.347227e+00 -5.311453e-04 9.999998e-01 1.520804e-04 -3.241148e-01 4.070641e-03 -1.499178e-04 9.999917e-01 1.524775e+01
9.999991e-01 -5.083762e-04 1.205916e-03 8.634419e+00 5.082098e-04 9.999999e-01 1.383231e-04 -3.399129e-01 -1.205985e-03 -1.377094e-04 9.999993e-01 1.523596e+01
9.999902e-01 6.940569e-04 -4.363740e-03 8.760518e+00 -6.934136e-04 9.999997e-01 1.489404e-04 -3.640691e-01 4.363842e-03 -1.459137e-04 9.999905e-01 1.592148e+01
9.999990e-01 -5.369134e-04 1.315498e-03 8.845812e+00 5.367367e-04 9.999998e-01 1.347009e-04 -3.872174e-01 -1.315570e-03 -1.339940e-04 9.999991e-01 1.658294e+01
9.999898e-01 6.250738e-04 -4.463604e-03 8.854457e+00 -6.244890e-04 9.999998e-01 1.324326e-04 -4.001117e-01 4.463685e-03 -1.296445e-04 9.999900e-01 1.689641e+01
9.999990e-01 -5.848905e-04 1.292005e-03 9.000464e+00 5.847505e-04 9.999998e-01 1.087847e-04 -4.126409e-01 -1.292069e-03 -1.080284e-04 9.999992e-01 1.707705e+01
9.999879e-01 8.068159e-04 -4.849838e-03 8.954956e+00 -8.056127e-04 9.999996e-01 2.500471e-04 -4.171618e-01 4.850038e-03 -2.461377e-04 9.999882e-01 1.773428e+01
9.999977e-01 -6.193931e-04 2.062538e-03 9.728987e+00 6.190675e-04 9.999998e-01 1.585557e-04 -4.483915e-01 -2.062636e-03 -1.572777e-04 9.999979e-01 1.817039e+01
9.999892e-01 8.668819e-04 -4.566609e-03 1.100375e+01 -8.653742e-04 9.999996e-01 3.321384e-04 -4.824032e-01 4.566895e-03 -3.281837e-04 9.999895e-01 1.854982e+01
9.999979e-01 -6.878464e-04 1.929177e-03 1.195426e+01 6.875965e-04 9.999998e-01 1.302361e-04 -5.117490e-01 -1.929266e-03 -1.289086e-04 9.999981e-01 1.885981e+01
9.999869e-01 7.540922e-04 -5.053915e-03 1.220521e+01 -7.531874e-04 9.999997e-01 1.809495e-04 -5.280107e-01 5.054050e-03 -1.771413e-04 9.999872e-01 1.914442e+01
9.999985e-01 -6.416165e-04 1.631801e-03 1.221924e+01 6.414013e-04 9.999998e-01 1.324214e-04 -5.354700e-01 -1.631886e-03 -1.313739e-04 9.999987e-01 1.964236e+01
9.999879e-01 8.084269e-04 -4.859905e-03 1.209329e+01 -8.074976e-04 9.999997e-01 1.931930e-04 -5.385051e-01 4.860059e-03 -1.892670e-04 9.999882e-01 2.003823e+01
9.999992e-01 -5.072453e-04 1.182411e-03 1.172059e+01 5.071182e-04 9.999999e-01 1.078338e-04 -5.242538e-01 -1.182465e-03 -1.072334e-04 9.999993e-01 2.090896e+01
9.999883e-01 1.057986e-03 -4.719415e-03 1.093786e+01 -1.056542e-03 9.999994e-01 3.085234e-04 -4.864883e-01 4.719739e-03 -3.035342e-04 9.999888e-01 2.161079e+01
9.999986e-01 -4.735265e-04 1.617913e-03 9.899392e+00 4.732545e-04 9.999999e-01 1.685619e-04 -4.348057e-01 -1.617993e-03 -1.677953e-04 9.999987e-01 2.202340e+01
9.999858e-01 7.536565e-04 -5.282847e-03 9.381568e+00 -7.528644e-04 9.999997e-01 1.519407e-04 -4.079665e-01 5.282960e-03 -1.479620e-04 9.999860e-01 2.246786e+01
9.999988e-01 -5.370915e-04 1.473284e-03 8.985298e+00 5.368965e-04 9.999998e-01 1.328524e-04 -3.879500e-01 -1.473355e-03 -1.320605e-04 9.999989e-01 2.304271e+01
9.999857e-01 7.613414e-04 -5.292888e-03 8.557760e+00 -7.603603e-04 9.999997e-01 1.873816e-04 -3.647672e-01 5.293029e-03 -1.833551e-04 9.999860e-01 2.356419e+01
9.999986e-01 -5.185322e-04 1.609565e-03 8.105698e+00 5.183483e-04 9.999999e-01 1.146777e-04 -3.407808e-01 -1.609623e-03 -1.138425e-04 9.999987e-01 2.403922e+01
9.999867e-01 6.137849e-04 -5.122726e-03 8.030357e+00 -6.127688e-04 9.999998e-01 1.999332e-04 -3.422503e-01 5.122847e-03 -1.967922e-04 9.999869e-01 2.444657e+01
9.999977e-01 -4.355415e-04 2.104746e-03 8.347721e+00 4.352879e-04 9.999999e-01 1.210037e-04 -3.689320e-01 -2.104798e-03 -1.200866e-04 9.999978e-01 2.502681e+01
9.999878e-01 7.272782e-04 -4.876317e-03 8.809498e+00 -7.259603e-04 9.999997e-01 2.720587e-04 -4.084590e-01 4.876514e-03 -2.685161e-04 9.999881e-01 2.589857e+01
9.999987e-01 -5.602744e-04 1.509271e-03 8.909159e+00 5.602025e-04 9.999998e-01 4.811719e-05 -4.279304e-01 -1.509297e-03 -4.727092e-05 9.999989e-01 2.654862e+01
9.999889e-01 8.501537e-04 -4.631174e-03 8.397695e+00 -8.485516e-04 9.999996e-01 3.478937e-04 -4.094778e-01 4.631468e-03 -3.439608e-04 9.999892e-01 2.687453e+01
9.999991e-01 -6.447752e-04 1.201410e-03 8.034984e+00 6.448420e-04 9.999998e-01 -5.513598e-05 -3.952387e-01 -1.201374e-03 5.591136e-05 9.999993e-01 2.734009e+01
9.999889e-01 8.512244e-04 -4.628204e-03 8.108318e+00 -8.492636e-04 9.999995e-01 4.256458e-04 -4.065993e-01 4.628564e-03 -4.217113e-04 9.999892e-01 2.800863e+01
9.999984e-01 -6.080533e-04 1.662555e-03 8.596209e+00 6.081508e-04 9.999998e-01 -5.809869e-05 -4.353181e-01 -1.662519e-03 5.911039e-05 9.999986e-01 2.873609e+01
9.999905e-01 9.445378e-04 -4.256605e-03 9.388215e+00 -9.424365e-04 9.999994e-01 4.956605e-04 -4.748242e-01 4.257071e-03 -4.916449e-04 9.999908e-01 2.950136e+01
9.999987e-01 -6.434949e-04 1.444625e-03 9.800712e+00 6.436252e-04 9.999998e-01 -8.968605e-05 -5.145107e-01 -1.444567e-03 9.061644e-05 9.999990e-01 3.038161e+01
9.999886e-01 8.271434e-04 -4.694844e-03 9.952588e+00 -8.251899e-04 9.999996e-01 4.180371e-04 -5.379658e-01 4.695188e-03 -4.141589e-04 9.999889e-01 3.105102e+01
9.999990e-01 -6.540186e-04 1.276430e-03 1.006958e+01 6.541975e-04 9.999998e-01 -1.397071e-04 -5.586525e-01 -1.276338e-03 1.405427e-04 9.999992e-01 3.177104e+01
9.999905e-01 7.767344e-04 -4.294452e-03 1.032090e+01 -7.747433e-04 9.999996e-01 4.653119e-04 -5.830394e-01 4.294811e-03 -4.619811e-04 9.999907e-01 3.227667e+01
9.999991e-01 -4.989351e-04 1.234549e-03 1.014561e+01 4.990964e-04 9.999999e-01 -1.302353e-04 -5.772099e-01 -1.234484e-03 1.308520e-04 9.999992e-01 3.263143e+01
9.999898e-01 8.142878e-04 -4.447844e-03 9.879404e+00 -8.121394e-04 9.999996e-01 4.848313e-04 -5.684819e-01 4.448236e-03 -4.812147e-04 9.999900e-01 3.301506e+01
9.999990e-01 -5.857799e-04 1.262952e-03 1.025794e+01 5.859717e-04 9.999998e-01 -1.514775e-04 -5.781650e-01 -1.262863e-03 1.522181e-04 9.999992e-01 3.349180e+01
9.999896e-01 9.165634e-04 -4.460213e-03 1.057235e+01 -9.141371e-04 9.999994e-01 5.460249e-04 -6.046295e-01 4.460710e-03 -5.419427e-04 9.999899e-01 3.437914e+01
9.999993e-01 -6.420782e-04 1.025008e-03 1.071862e+01 6.423156e-04 9.999998e-01 -2.312101e-04 -6.279705e-01 -1.024859e-03 2.318690e-04 9.999994e-01 3.536280e+01
9.999874e-01 9.047805e-04 -4.936598e-03 1.032821e+01 -9.018876e-04 9.999994e-01 5.882167e-04 -6.113905e-01 4.937127e-03 -5.837578e-04 9.999876e-01 3.614159e+01
9.999993e-01 -5.552753e-04 1.023273e-03 9.768714e+00 5.555850e-04 9.999998e-01 -3.023714e-04 -5.804280e-01 -1.023105e-03 3.029405e-04 9.999994e-01 3.680004e+01
9.999906e-01 8.015455e-04 -4.266522e-03 9.757253e+00 -7.988892e-04 9.999995e-01 6.242868e-04 -5.956919e-01 4.267020e-03 -6.208732e-04 9.999907e-01 3.768522e+01
9.999996e-01 -5.387037e-04 7.417837e-04 9.546472e+00 5.389331e-04 9.999998e-01 -3.089429e-04 -5.947980e-01 -7.416168e-04 3.093433e-04 9.999997e-01 3.852308e+01
9.999905e-01 7.962062e-04 -4.289543e-03 9.331517e+00 -7.934649e-04 9.999995e-01 6.407501e-04 -5.885855e-01 4.290051e-03 -6.373411e-04 9.999906e-01 3.914818e+01
9.999996e-01 -5.431817e-04 6.515298e-04 9.096227e+00 5.433816e-04 9.999998e-01 -3.064773e-04 -5.782207e-01 -6.513629e-04 3.068320e-04 9.999997e-01 3.980947e+01
9.999914e-01 7.429730e-04 -4.087671e-03 9.056849e+00 -7.402026e-04 9.999995e-01 6.792528e-04 -5.834791e-01 4.088173e-03 -6.762219e-04 9.999914e-01 4.043097e+01
9.999992e-01 -5.254238e-04 1.121962e-03 9.032203e+00 5.258027e-04 9.999998e-01 -3.372991e-04 -5.859668e-01 -1.121784e-03 3.378895e-04 9.999993e-01 4.061141e+01
9.999898e-01 6.777275e-04 -4.462911e-03 9.464644e+00 -6.747502e-04 9.999995e-01 6.685949e-04 -5.987808e-01 4.463362e-03 -6.655774e-04 9.999898e-01 4.103830e+01
9.999994e-01 -4.462721e-04 9.744411e-04 9.331926e+00 4.466448e-04 9.999998e-01 -3.820808e-04 -6.016847e-01 -9.742701e-04 3.825165e-04 9.999995e-01 4.186359e+01
9.999887e-01 6.991983e-04 -4.696244e-03 9.189260e+00 -6.958612e-04 9.999995e-01 7.122013e-04 -6.023679e-01 4.696739e-03 -7.089260e-04 9.999887e-01 4.281327e+01
9.999983e-01 -4.407528e-04 1.805859e-03 9.551476e+00 4.413787e-04 9.999998e-01 -3.461367e-04 -6.371579e-01 -1.805706e-03 3.469338e-04 9.999983e-01 4.369242e+01
9.999806e-01 8.239949e-04 -6.172789e-03 9.015223e+00 -8.198084e-04 9.999994e-01 6.807422e-04 -6.069927e-01 6.173346e-03 -6.756692e-04 9.999807e-01 4.491417e+01
9.999974e-01 -4.978490e-04 2.215664e-03 8.777539e+00 4.984750e-04 9.999998e-01 -2.819289e-04 -5.990525e-01 -2.215523e-03 2.830333e-04 9.999975e-01 4.603900e+01
9.999844e-01 7.043000e-04 -5.546237e-03 8.845679e+00 -7.005993e-04 9.999995e-01 6.691923e-04 -6.154158e-01 5.546705e-03 -6.652969e-04 9.999844e-01 4.675953e+01
9.999972e-01 -5.025393e-04 2.328273e-03 8.694970e+00 5.033662e-04 9.999998e-01 -3.545310e-04 -6.163227e-01 -2.328094e-03 3.557027e-04 9.999972e-01 4.724617e+01
9.999821e-01 6.931275e-04 -5.935890e-03 8.373044e+00 -6.893436e-04 9.999996e-01 6.395051e-04 -6.020942e-01 5.936330e-03 -6.354025e-04 9.999822e-01 4.781655e+01
9.999972e-01 -3.898226e-04 2.351045e-03 7.900613e+00 3.904590e-04 9.999999e-01 -2.701670e-04 -5.778791e-01 -2.350939e-03 2.710850e-04 9.999972e-01 4.827778e+01
9.999871e-01 7.247403e-04 -5.024190e-03 7.318954e+00 -7.214366e-04 9.999995e-01 6.593497e-04 -5.568882e-01 5.024665e-03 -6.557173e-04 9.999872e-01 4.837551e+01
9.999977e-01 -5.259292e-04 2.063303e-03 7.128730e+00 5.265512e-04 9.999998e-01 -3.008543e-04 -5.545159e-01 -2.063144e-03 3.019407e-04 9.999978e-01 4.861810e+01
9.999870e-01 7.160562e-04 -5.044342e-03 7.469484e+00 -7.127966e-04 9.999995e-01 6.479875e-04 -5.789545e-01 5.044803e-03 -6.443842e-04 9.999871e-01 4.920740e+01
9.999976e-01 -4.688372e-04 2.117401e-03 7.960235e+00 4.693870e-04 9.999999e-01 -2.591076e-04 -6.113727e-01 -2.117279e-03 2.601016e-04 9.999977e-01 4.987905e+01
9.999872e-01 5.780617e-04 -5.017541e-03 8.258231e+00 -5.750467e-04 9.999997e-01 6.023353e-04 -6.369850e-01 5.017887e-03 -5.994430e-04 9.999872e-01 5.023644e+01
9.999978e-01 -4.271638e-04 2.061474e-03 8.034185e+00 4.277658e-04 9.999999e-01 -2.915481e-04 -6.360519e-01 -2.061349e-03 2.924300e-04 9.999978e-01 5.036119e+01
9.999871e-01 5.116017e-04 -5.058124e-03 7.976036e+00 -5.087023e-04 9.999997e-01 5.745224e-04 -6.464518e-01 5.058416e-03 -5.719426e-04 9.999870e-01 5.062189e+01
9.999975e-01 -3.219612e-04 2.226158e-03 7.659408e+00 3.225049e-04 9.999999e-01 -2.438155e-04 -6.450824e-01 -2.226079e-03 2.445336e-04 9.999975e-01 5.070840e+01
9.999865e-01 4.576017e-04 -5.173716e-03 7.514119e+00 -4.548296e-04 9.999998e-01 5.370010e-04 -6.522863e-01 5.173960e-03 -5.346413e-04 9.999865e-01 5.094514e+01
9.999976e-01 -1.805501e-04 2.176608e-03 7.237587e+00 1.809484e-04 1.000000e+00 -1.827208e-04 -6.490649e-01 -2.176575e-03 1.831149e-04 9.999976e-01 5.131817e+01
9.999873e-01 4.687632e-04 -5.020388e-03 6.900644e+00 -4.659785e-04 9.999997e-01 5.558610e-04 -6.452553e-01 5.020647e-03 -5.535153e-04 9.999872e-01 5.190771e+01
9.999981e-01 -3.489754e-04 1.939233e-03 6.984002e+00 3.494477e-04 9.999999e-01 -2.431350e-04 -6.586425e-01 -1.939148e-03 2.438129e-04 9.999981e-01 5.228786e+01
9.999885e-01 5.346081e-04 -4.758286e-03 7.270770e+00 -5.318625e-04 9.999997e-01 5.782895e-04 -6.896973e-01 4.758594e-03 -5.757528e-04 9.999885e-01 5.288162e+01
9.999983e-01 -3.728483e-04 1.826551e-03 7.542552e+00 3.732757e-04 9.999999e-01 -2.336217e-04 -7.159249e-01 -1.826463e-03 2.343038e-04 9.999983e-01 5.339514e+01
9.999875e-01 7.762448e-04 -4.930435e-03 8.053724e+00 -7.731829e-04 9.999995e-01 6.229292e-04 -7.479404e-01 4.930916e-03 -6.191101e-04 9.999877e-01 5.444089e+01
9.999985e-01 -4.680889e-04 1.642433e-03 8.079613e+00 4.685119e-04 9.999999e-01 -2.570888e-04 -7.686988e-01 -1.642312e-03 2.578586e-04 9.999986e-01 5.558638e+01
9.999848e-01 9.475929e-04 -5.436647e-03 7.430082e+00 -9.442643e-04 9.999994e-01 6.148146e-04 -7.372856e-01 5.437226e-03 -6.096724e-04 9.999850e-01 5.646062e+01
9.999985e-01 -6.497448e-04 1.621140e-03 7.091080e+00 6.501141e-04 9.999998e-01 -2.272165e-04 -7.240374e-01 -1.620992e-03 2.282708e-04 9.999987e-01 5.756490e+01
9.999913e-01 8.555085e-04 -4.093728e-03 6.894012e+00 -8.533616e-04 9.999995e-01 5.261780e-04 -7.222411e-01 4.094176e-03 -5.226806e-04 9.999915e-01 5.706988e+01
9.999968e-01 -4.380025e-04 2.475997e-03 6.509296e+00 4.385317e-04 9.999999e-01 -2.131526e-04 -7.121283e-01 -2.475903e-03 2.142385e-04 9.999969e-01 5.601078e+01
9.999860e-01 1.090252e-03 -5.174625e-03 6.590464e+00 -1.087407e-03 9.999993e-01 5.526892e-04 -7.455152e-01 5.175224e-03 -5.470553e-04 9.999865e-01 5.769195e+01
9.999949e-01 -7.730355e-04 3.099672e-03 6.968846e+00 7.738308e-04 9.999997e-01 -2.553287e-04 -8.018147e-01 -3.099473e-03 2.577267e-04 9.999952e-01 5.887064e+01
9.999883e-01 1.122477e-03 -4.697288e-03 6.839593e+00 -1.120219e-03 9.999993e-01 4.833335e-04 -7.891408e-01 4.697826e-03 -4.780666e-04 9.999889e-01 5.744657e+01
9.999959e-01 -8.231927e-04 2.735310e-03 6.621515e+00 8.237467e-04 9.999996e-01 -2.013563e-04 -7.847496e-01 -2.735142e-03 2.036094e-04 9.999962e-01 5.655319e+01
9.999864e-01 9.458277e-04 -5.124328e-03 6.574739e+00 -9.432973e-04 9.999994e-01 4.962278e-04 -7.866279e-01 5.124794e-03 -4.913880e-04 9.999867e-01 5.594826e+01
9.999977e-01 -5.927357e-04 2.066349e-03 6.297234e+00 5.931016e-04 9.999998e-01 -1.763995e-04 -7.888860e-01 -2.066244e-03 1.776254e-04 9.999978e-01 5.663015e+01
9.999881e-01 9.836032e-04 -4.772659e-03 5.681047e+00 -9.807343e-04 9.999993e-01 6.034491e-04 -7.707300e-01 4.773249e-03 -5.987619e-04 9.999884e-01 5.693465e+01
9.999987e-01 -8.721020e-04 1.331970e-03 5.637730e+00 8.725295e-04 9.999996e-01 -3.202996e-04 -7.777486e-01 -1.331690e-03 3.214621e-04 9.999991e-01 5.740457e+01
9.999905e-01 1.028056e-03 -4.236788e-03 6.165868e+00 -1.025366e-03 9.999993e-01 6.369814e-04 -8.053012e-01 4.237439e-03 -6.326318e-04 9.999908e-01 5.777590e+01
9.999989e-01 -8.772884e-04 1.181571e-03 6.470792e+00 8.775994e-04 9.999996e-01 -2.625496e-04 -8.310344e-01 -1.181340e-03 2.635870e-04 9.999993e-01 5.835640e+01
9.999903e-01 1.102048e-03 -4.270338e-03 6.267901e+00 -1.099642e-03 9.999992e-01 5.657620e-04 -8.321192e-01 4.270958e-03 -5.610614e-04 9.999907e-01 5.865998e+01
9.999980e-01 -8.170586e-04 1.852690e-03 7.012953e+00 8.174575e-04 9.999996e-01 -2.144624e-04 -8.706385e-01 -1.852514e-03 2.159772e-04 9.999983e-01 5.926784e+01
9.999898e-01 1.013995e-03 -4.398622e-03 7.652583e+00 -1.011035e-03 9.999993e-01 6.751771e-04 -9.061886e-01 4.399303e-03 -6.707237e-04 9.999901e-01 5.983764e+01
9.999982e-01 -8.694157e-04 1.681712e-03 7.787036e+00 8.699710e-04 9.999996e-01 -3.294171e-04 -9.152339e-01 -1.681424e-03 3.308802e-04 9.999985e-01 5.974060e+01
9.999895e-01 1.023334e-03 -4.465450e-03 7.572316e+00 -1.020374e-03 9.999993e-01 6.651620e-04 -9.145204e-01 4.466127e-03 -6.605993e-04 9.999898e-01 5.980327e+01
9.999988e-01 -8.039999e-04 1.292136e-03 7.255218e+00 8.044662e-04 9.999996e-01 -3.603207e-04 -9.053839e-01 -1.291845e-03 3.613604e-04 9.999991e-01 6.006183e+01
9.999896e-01 8.400067e-04 -4.490475e-03 7.820215e+00 -8.368885e-04 9.999994e-01 6.962659e-04 -9.163026e-01 4.491057e-03 -6.925013e-04 9.999897e-01 5.995893e+01
9.999986e-01 -8.226752e-04 1.462669e-03 8.249503e+00 8.233201e-04 9.999996e-01 -4.402443e-04 -9.208479e-01 -1.462306e-03 4.414486e-04 9.999988e-01 5.968357e+01
9.999905e-01 8.877994e-04 -4.266433e-03 8.292006e+00 -8.846478e-04 9.999993e-01 7.405546e-04 -9.288857e-01 4.267087e-03 -7.367740e-04 9.999906e-01 5.953066e+01
9.999985e-01 -7.484967e-04 1.569633e-03 8.261366e+00 7.492766e-04 9.999996e-01 -4.962288e-04 -9.312266e-01 -1.569261e-03 4.974048e-04 9.999986e-01 5.910668e+01
9.999878e-01 8.112068e-04 -4.863272e-03 8.849245e+00 -8.076660e-04 9.999994e-01 7.300281e-04 -9.495856e-01 4.863861e-03 -7.260920e-04 9.999879e-01 5.910667e+01
9.999974e-01 -6.464524e-04 2.173416e-03 9.540994e+00 6.470411e-04 9.999998e-01 -2.701352e-04 -9.830241e-01 -2.173241e-03 2.715414e-04 9.999976e-01 5.952741e+01
9.999867e-01 6.693085e-04 -5.108455e-03 9.769719e+00 -6.668350e-04 9.999997e-01 4.859175e-04 -9.911106e-01 5.108779e-03 -4.825053e-04 9.999868e-01 5.923502e+01
9.999967e-01 -5.953073e-04 2.487921e-03 9.993370e+00 5.959534e-04 9.999998e-01 -2.589079e-04 -9.939633e-01 -2.487766e-03 2.603905e-04 9.999969e-01 5.868430e+01
9.999855e-01 7.412996e-04 -5.330012e-03 1.039231e+01 -7.384833e-04 9.999996e-01 5.303793e-04 -1.022343e+00 5.330403e-03 -5.264361e-04 9.999857e-01 5.910793e+01
9.999956e-01 -2.910560e-04 2.960840e-03 1.136743e+01 2.915656e-04 9.999999e-01 -1.716434e-04 -1.076716e+00 -2.960790e-03 1.725066e-04 9.999956e-01 6.011830e+01
9.999860e-01 5.816954e-04 -5.268463e-03 1.217985e+01 -5.778540e-04 9.999996e-01 7.306446e-04 -1.126743e+00 5.268885e-03 -7.275906e-04 9.999859e-01 6.094673e+01
9.999972e-01 -5.471710e-04 2.281330e-03 1.238130e+01 5.481720e-04 9.999998e-01 -4.380950e-04 -1.142863e+00 -2.281089e-03 4.393451e-04 9.999973e-01 6.111565e+01
9.999863e-01 6.023077e-04 -5.202371e-03 1.269831e+01 -5.986216e-04 9.999996e-01 7.101131e-04 -1.163375e+00 5.202797e-03 -7.069898e-04 9.999862e-01 6.130838e+01
9.999973e-01 -3.774107e-04 2.283907e-03 1.292724e+01 3.783564e-04 9.999998e-01 -4.135897e-04 -1.194972e+00 -2.283751e-03 4.144534e-04 9.999973e-01 6.200699e+01
9.999861e-01 5.759694e-04 -5.236713e-03 1.306668e+01 -5.722906e-04 9.999996e-01 7.040075e-04 -1.224143e+00 5.237116e-03 -7.010015e-04 9.999860e-01 6.280001e+01
9.999981e-01 -3.303714e-04 1.943742e-03 1.318973e+01 3.311633e-04 9.999999e-01 -4.069954e-04 -1.247342e+00 -1.943607e-03 4.076390e-04 9.999980e-01 6.365209e+01
9.999869e-01 5.658629e-04 -5.093774e-03 1.322903e+01 -5.623215e-04 9.999996e-01 6.966851e-04 -1.271981e+00 5.094166e-03 -6.938123e-04 9.999868e-01 6.463389e+01
9.999981e-01 -4.140352e-04 1.924141e-03 1.334200e+01 4.147874e-04 9.999998e-01 -3.904435e-04 -1.291667e+00 -1.923979e-03 3.912415e-04 9.999981e-01 6.521305e+01
9.999870e-01 5.553281e-04 -5.061319e-03 1.324262e+01 -5.519217e-04 9.999996e-01 6.744224e-04 -1.297763e+00 5.061692e-03 -6.716209e-04 9.999870e-01 6.562502e+01
9.999988e-01 -1.737768e-04 1.542885e-03 1.260137e+01 1.743095e-04 9.999999e-01 -3.449927e-04 -1.266141e+00 -1.542824e-03 3.452620e-04 9.999988e-01 6.617657e+01
9.999865e-01 4.769738e-04 -5.176698e-03 1.205906e+01 -4.736870e-04 9.999997e-01 6.361720e-04 -1.236892e+00 5.176999e-03 -6.337120e-04 9.999864e-01 6.672036e+01
9.999987e-01 -3.479801e-04 1.605156e-03 1.193029e+01 3.485259e-04 9.999999e-01 -3.396502e-04 -1.237356e+00 -1.605038e-03 3.402098e-04 9.999987e-01 6.731284e+01
9.999865e-01 5.746546e-04 -5.166747e-03 1.171680e+01 -5.714895e-04 9.999996e-01 6.140797e-04 -1.236933e+00 5.167098e-03 -6.111194e-04 9.999865e-01 6.812280e+01
9.999973e-01 -3.340143e-04 2.312701e-03 1.195526e+01 3.346734e-04 9.999999e-01 -2.845348e-04 -1.268923e+00 -2.312606e-03 2.853087e-04 9.999973e-01 6.896398e+01
9.999869e-01 4.398004e-04 -5.108317e-03 1.247145e+01 -4.361787e-04 9.999997e-01 7.101013e-04 -1.297021e+00 5.108628e-03 -7.078645e-04 9.999867e-01 6.926932e+01
9.999979e-01 -4.087945e-04 1.990492e-03 1.285424e+01 4.096179e-04 9.999998e-01 -4.132048e-04 -1.309188e+00 -1.990323e-03 4.140200e-04 9.999979e-01 6.929625e+01
9.999842e-01 6.100374e-04 -5.589113e-03 1.260991e+01 -6.061988e-04 9.999996e-01 6.885028e-04 -1.303223e+00 5.589530e-03 -6.851045e-04 9.999841e-01 6.992557e+01
9.999976e-01 -2.223301e-04 2.160936e-03 1.218582e+01 2.231290e-04 9.999999e-01 -3.693960e-04 -1.290735e+00 -2.160853e-03 3.698780e-04 9.999976e-01 7.091688e+01
9.999855e-01 6.791005e-04 -5.333220e-03 1.168649e+01 -6.751948e-04 9.999995e-01 7.341276e-04 -1.278897e+00 5.333716e-03 -7.305167e-04 9.999855e-01 7.197646e+01
9.999981e-01 -2.149389e-04 1.911675e-03 1.127743e+01 2.157302e-04 9.999999e-01 -4.136250e-04 -1.271446e+00 -1.911585e-03 4.140373e-04 9.999981e-01 7.325143e+01
9.999846e-01 6.169990e-04 -5.516707e-03 1.094053e+01 -6.129588e-04 9.999995e-01 7.340447e-04 -1.267812e+00 5.517157e-03 -7.306526e-04 9.999845e-01 7.468981e+01
9.999988e-01 -2.166843e-04 1.555501e-03 1.041449e+01 2.174070e-04 9.999999e-01 -4.643334e-04 -1.242910e+00 -1.555400e-03 4.646716e-04 9.999987e-01 7.580615e+01
9.999870e-01 4.808272e-04 -5.078090e-03 1.033413e+01 -4.767770e-04 9.999996e-01 7.988113e-04 -1.248257e+00 5.078472e-03 -7.963805e-04 9.999868e-01 7.678817e+01
9.999968e-01 -1.613000e-04 2.530790e-03 1.111462e+01 1.622297e-04 9.999999e-01 -3.670842e-04 -1.289792e+00 -2.530731e-03 3.674942e-04 9.999967e-01 7.749664e+01
9.999863e-01 3.743220e-04 -5.224921e-03 1.181557e+01 -3.700646e-04 9.999996e-01 8.158152e-04 -1.320068e+00 5.225224e-03 -8.138711e-04 9.999860e-01 7.788863e+01
9.999988e-01 -1.398039e-04 1.521538e-03 1.145431e+01 1.406037e-04 9.999999e-01 -5.254552e-04 -1.303944e+00 -1.521464e-03 5.256692e-04 9.999987e-01 7.859207e+01
9.999852e-01 4.953040e-04 -5.413887e-03 1.107158e+01 -4.905820e-04 9.999995e-01 8.735353e-04 -1.287093e+00 5.414317e-03 -8.708671e-04 9.999850e-01 7.966771e+01
9.999976e-01 -1.661723e-04 2.190778e-03 1.130020e+01 1.672341e-04 9.999999e-01 -4.844281e-04 -1.312246e+00 -2.190697e-03 4.847940e-04 9.999975e-01 8.070896e+01
9.999858e-01 5.267357e-04 -5.306898e-03 1.145222e+01 -5.220458e-04 9.999995e-01 8.851330e-04 -1.340351e+00 5.307361e-03 -8.823507e-04 9.999855e-01 8.182103e+01
9.999978e-01 -7.418445e-05 2.077020e-03 1.079272e+01 7.527156e-05 9.999999e-01 -5.232287e-04 -1.310600e+00 -2.076980e-03 5.233846e-04 9.999977e-01 8.253880e+01
9.999884e-01 3.553303e-04 -4.797602e-03 1.035054e+01 -3.511511e-04 9.999996e-01 8.719659e-04 -1.298737e+00 4.797909e-03 -8.702718e-04 9.999881e-01 8.276629e+01
9.999988e-01 -2.151829e-04 1.556055e-03 1.014802e+01 2.160501e-04 9.999998e-01 -5.570631e-04 -1.294965e+00 -1.555935e-03 5.573993e-04 9.999986e-01 8.312487e+01
9.999851e-01 5.019559e-04 -5.429119e-03 9.672974e+00 -4.973000e-04 9.999995e-01 8.589412e-04 -1.267095e+00 5.429547e-03 -8.562292e-04 9.999849e-01 8.376901e+01
9.999980e-01 -2.794835e-04 1.991550e-03 9.646894e+00 2.803686e-04 9.999999e-01 -4.440598e-04 -1.264084e+00 -1.991425e-03 4.446179e-04 9.999979e-01 8.438079e+01
9.999854e-01 4.382753e-04 -5.389591e-03 9.388797e+00 -4.342369e-04 9.999996e-01 7.504944e-04 -1.255722e+00 5.389918e-03 -7.481438e-04 9.999852e-01 8.483951e+01
9.999957e-01 -8.804772e-05 2.916611e-03 8.804243e+00 8.905319e-05 9.999999e-01 -3.445397e-04 -1.239285e+00 -2.916580e-03 3.447987e-04 9.999957e-01 8.483937e+01
9.999833e-01 5.758276e-04 -5.754601e-03 8.007860e+00 -5.718119e-04 9.999996e-01 6.994756e-04 -1.201963e+00 5.755001e-03 -6.961741e-04 9.999832e-01 8.491090e+01
9.999980e-01 -3.518197e-04 1.970573e-03 7.698697e+00 3.524491e-04 9.999999e-01 -3.189279e-04 -1.178464e+00 -1.970461e-03 3.196225e-04 9.999980e-01 8.542374e+01
9.999860e-01 3.451839e-04 -5.278038e-03 8.238550e+00 -3.418089e-04 9.999997e-01 6.403668e-04 -1.185188e+00 5.278257e-03 -6.385544e-04 9.999859e-01 8.531928e+01
9.999983e-01 -3.129513e-04 1.842271e-03 9.129858e+00 3.135742e-04 9.999999e-01 -3.377088e-04 -1.189188e+00 -1.842165e-03 3.382866e-04 9.999982e-01 8.505792e+01
9.999882e-01 4.920705e-04 -4.837260e-03 9.784195e+00 -4.887032e-04 9.999996e-01 6.973162e-04 -1.212512e+00 4.837601e-03 -6.949447e-04 9.999881e-01 8.535256e+01
9.999985e-01 -2.164991e-04 1.716133e-03 1.010830e+01 2.170438e-04 9.999999e-01 -3.170586e-04 -1.239354e+00 -1.716064e-03 3.174313e-04 9.999985e-01 8.614257e+01
9.999904e-01 4.890379e-04 -4.347232e-03 1.086586e+01 -4.859091e-04 9.999996e-01 7.208112e-04 -1.273032e+00 4.347583e-03 -7.186926e-04 9.999903e-01 8.666670e+01
9.999982e-01 -1.857249e-04 1.883673e-03 1.189268e+01 1.860879e-04 1.000000e+00 -1.923950e-04 -1.310106e+00 -1.883636e-03 1.927458e-04 9.999982e-01 8.718109e+01
9.999887e-01 3.391206e-04 -4.750085e-03 1.267591e+01 -3.361982e-04 9.999998e-01 6.160477e-04 -1.334160e+00 4.750293e-03 -6.144445e-04 9.999885e-01 8.738279e+01
9.999988e-01 -3.216246e-04 1.506016e-03 1.325814e+01 3.221023e-04 9.999999e-01 -3.168342e-04 -1.343610e+00 -1.505914e-03 3.173196e-04 9.999988e-01 8.721823e+01
9.999879e-01 2.880378e-04 -4.911117e-03 1.397347e+01 -2.853111e-04 9.999998e-01 5.559255e-04 -1.346246e+00 4.911276e-03 -5.545182e-04 9.999878e-01 8.688349e+01
9.999980e-01 -2.172360e-04 1.971007e-03 1.469090e+01 2.176554e-04 1.000000e+00 -2.124622e-04 -1.366118e+00 -1.970960e-03 2.128914e-04 9.999980e-01 8.698135e+01
9.999889e-01 4.160206e-04 -4.695183e-03 1.535249e+01 -4.133507e-04 9.999998e-01 5.696333e-04 -1.401236e+00 4.695418e-03 -5.676869e-04 9.999888e-01 8.752928e+01
9.999980e-01 -1.857696e-04 1.981097e-03 1.598054e+01 1.861648e-04 1.000000e+00 -1.991829e-04 -1.439732e+00 -1.981059e-03 1.995520e-04 9.999980e-01 8.818209e+01
9.999883e-01 3.553884e-04 -4.832825e-03 1.661313e+01 -3.524998e-04 9.999998e-01 5.985830e-04 -1.469758e+00 4.833036e-03 -5.968731e-04 9.999881e-01 8.865202e+01
9.999984e-01 -2.923014e-04 1.772602e-03 1.717139e+01 2.927751e-04 9.999999e-01 -2.668492e-04 -1.486129e+00 -1.772524e-03 2.673685e-04 9.999984e-01 8.873164e+01
9.999881e-01 4.409785e-04 -4.864772e-03 1.745624e+01 -4.379024e-04 9.999997e-01 6.334027e-04 -1.496020e+00 4.865049e-03 -6.312656e-04 9.999880e-01 8.907450e+01
9.999982e-01 -3.975614e-04 1.835624e-03 1.786149e+01 3.981718e-04 9.999999e-01 -3.320509e-04 -1.504715e+00 -1.835491e-03 3.327819e-04 9.999983e-01 8.891409e+01
9.999874e-01 4.331019e-04 -5.004670e-03 1.859517e+01 -4.298379e-04 9.999997e-01 6.532964e-04 -1.516868e+00 5.004951e-03 -6.511376e-04 9.999873e-01 8.884897e+01
9.999980e-01 -4.028155e-04 1.943345e-03 1.936379e+01 4.034356e-04 9.999999e-01 -3.185581e-04 -1.531579e+00 -1.943216e-03 3.193421e-04 9.999981e-01 8.882848e+01
9.999871e-01 3.972542e-04 -5.071697e-03 2.015467e+01 -3.940510e-04 9.999997e-01 6.326123e-04 -1.542630e+00 5.071946e-03 -6.306063e-04 9.999869e-01 8.870651e+01
9.999979e-01 -3.540784e-04 2.032409e-03 2.090245e+01 3.547660e-04 9.999999e-01 -3.378284e-04 -1.556528e+00 -2.032289e-03 3.385494e-04 9.999979e-01 8.864914e+01
9.999877e-01 3.991215e-04 -4.948655e-03 2.155510e+01 -3.958164e-04 9.999997e-01 6.688793e-04 -1.575662e+00 4.948920e-03 -6.669130e-04 9.999875e-01 8.874158e+01
9.999979e-01 -3.021211e-04 2.025916e-03 2.233297e+01 3.027219e-04 9.999999e-01 -2.961456e-04 -1.596202e+00 -2.025826e-03 2.967590e-04 9.999979e-01 8.887224e+01
9.999879e-01 4.644363e-04 -4.901414e-03 2.320875e+01 -4.611666e-04 9.999997e-01 6.682527e-04 -1.618774e+00 4.901723e-03 -6.659849e-04 9.999878e-01 8.904731e+01
9.999975e-01 -2.784568e-04 2.225895e-03 2.397837e+01 2.790860e-04 9.999999e-01 -2.822460e-04 -1.649293e+00 -2.225816e-03 2.828672e-04 9.999975e-01 8.940272e+01
9.999876e-01 4.560488e-04 -4.968380e-03 2.470873e+01 -4.526298e-04 9.999997e-01 6.893134e-04 -1.679838e+00 4.968692e-03 -6.870566e-04 9.999874e-01 8.978203e+01
9.999978e-01 -3.629063e-04 2.064176e-03 2.556467e+01 3.636025e-04 9.999999e-01 -3.368147e-04 -1.698809e+00 -2.064053e-03 3.375652e-04 9.999978e-01 8.985588e+01
9.999879e-01 5.525876e-04 -4.892395e-03 2.622406e+01 -5.491937e-04 9.999996e-01 6.950783e-04 -1.727962e+00 4.892777e-03 -6.923837e-04 9.999878e-01 9.022128e+01
9.999978e-01 -3.569457e-04 2.074715e-03 2.666705e+01 3.575724e-04 9.999999e-01 -3.015789e-04 -1.759325e+00 -2.074607e-03 3.023207e-04 9.999978e-01 9.079031e+01
9.999874e-01 4.705321e-04 -4.999779e-03 2.721776e+01 -4.671541e-04 9.999997e-01 6.768183e-04 -1.783940e+00 5.000095e-03 -6.744748e-04 9.999873e-01 9.113087e+01
9.999976e-01 -2.984769e-04 2.165840e-03 2.796878e+01 2.990394e-04 9.999999e-01 -2.592559e-04 -1.813500e+00 -2.165762e-03 2.599036e-04 9.999976e-01 9.152354e+01
9.999867e-01 3.559432e-04 -5.153215e-03 2.866011e+01 -3.525740e-04 9.999997e-01 6.547402e-04 -1.832918e+00 5.153446e-03 -6.529153e-04 9.999865e-01 9.168520e+01
9.999980e-01 -3.430746e-04 1.963598e-03 2.946830e+01 3.438036e-04 9.999999e-01 -3.708176e-04 -1.841590e+00 -1.963471e-03 3.714926e-04 9.999980e-01 9.149183e+01
9.999881e-01 4.365027e-04 -4.862882e-03 3.025808e+01 -4.331815e-04 9.999997e-01 6.840415e-04 -1.860655e+00 4.863179e-03 -6.819276e-04 9.999879e-01 9.154112e+01
9.999980e-01 -2.087445e-04 1.987909e-03 3.096602e+01 2.091743e-04 1.000000e+00 -2.158716e-04 -1.893011e+00 -1.987864e-03 2.162876e-04 9.999980e-01 9.205814e+01
9.999879e-01 4.092521e-04 -4.901694e-03 3.173111e+01 -4.063207e-04 9.999997e-01 5.990645e-04 -1.919275e+00 4.901938e-03 -5.970662e-04 9.999878e-01 9.237169e+01
9.999978e-01 -2.297307e-04 2.106579e-03 3.255549e+01 2.301721e-04 1.000000e+00 -2.092071e-04 -1.947483e+00 -2.106531e-03 2.096922e-04 9.999978e-01 9.266588e+01
9.999883e-01 4.318167e-04 -4.811654e-03 3.323531e+01 -4.287749e-04 9.999997e-01 6.332404e-04 -1.981477e+00 4.811926e-03 -6.311705e-04 9.999882e-01 9.320980e+01
9.999979e-01 -1.817008e-04 2.037656e-03 3.389964e+01 1.821557e-04 1.000000e+00 -2.229706e-04 -2.016243e+00 -2.037615e-03 2.233419e-04 9.999979e-01 9.381920e+01
9.999878e-01 3.963371e-04 -4.916329e-03 3.456296e+01 -3.930048e-04 9.999997e-01 6.788158e-04 -2.048128e+00 4.916596e-03 -6.768761e-04 9.999877e-01 9.435619e+01
9.999981e-01 -2.112900e-04 1.963071e-03 3.541574e+01 2.118069e-04 9.999999e-01 -2.629690e-04 -2.071719e+00 -1.963015e-03 2.633850e-04 9.999980e-01 9.457513e+01
9.999875e-01 4.028499e-04 -4.984116e-03 3.625014e+01 -3.994628e-04 9.999997e-01 6.806051e-04 -2.096213e+00 4.984388e-03 -6.786063e-04 9.999873e-01 9.488651e+01
9.999978e-01 -1.324478e-04 2.104299e-03 3.688788e+01 1.330117e-04 1.000000e+00 -2.677110e-04 -2.126213e+00 -2.104264e-03 2.679910e-04 9.999978e-01 9.548517e+01
9.999880e-01 2.998606e-04 -4.886892e-03 3.750914e+01 -2.968154e-04 9.999998e-01 6.238938e-04 -2.155651e+00 4.887078e-03 -6.224365e-04 9.999879e-01 9.589947e+01
9.999976e-01 -1.144208e-04 2.203975e-03 3.809527e+01 1.149589e-04 1.000000e+00 -2.439387e-04 -2.189226e+00 -2.203947e-03 2.441922e-04 9.999975e-01 9.638585e+01
9.999859e-01 1.174043e-04 -5.315369e-03 3.894115e+01 -1.139025e-04 9.999998e-01 6.591533e-04 -2.206510e+00 5.315445e-03 -6.585393e-04 9.999857e-01 9.644901e+01
9.999983e-01 4.377678e-05 1.847324e-03 3.919028e+01 -4.309768e-05 9.999999e-01 -3.675161e-04 -2.220218e+00 -1.847339e-03 3.674365e-04 9.999982e-01 9.686773e+01
9.999844e-01 1.671865e-04 -5.586337e-03 3.939769e+01 -1.629124e-04 9.999997e-01 7.655842e-04 -2.227398e+00 5.586463e-03 -7.646628e-04 9.999841e-01 9.766835e+01
9.999986e-01 -2.422256e-04 1.631886e-03 4.064536e+01 2.429000e-04 9.999999e-01 -4.129099e-04 -2.221541e+00 -1.631786e-03 4.133064e-04 9.999986e-01 9.719404e+01
9.999884e-01 4.622564e-04 -4.796279e-03 4.185878e+01 -4.585259e-04 9.999996e-01 7.789144e-04 -2.235298e+00 4.796637e-03 -7.767069e-04 9.999882e-01 9.712046e+01
9.999982e-01 -2.912355e-04 1.884277e-03 4.263321e+01 2.918409e-04 9.999999e-01 -3.209098e-04 -2.264175e+00 -1.884184e-03 3.214598e-04 9.999982e-01 9.754817e+01
9.999869e-01 3.782071e-04 -5.104488e-03 4.330355e+01 -3.746018e-04 9.999997e-01 7.072911e-04 -2.280503e+00 5.104754e-03 -7.053704e-04 9.999867e-01 9.777434e+01
9.999977e-01 -6.417717e-05 2.149114e-03 4.404623e+01 6.481536e-05 1.000000e+00 -2.967703e-04 -2.313558e+00 -2.149095e-03 2.969096e-04 9.999976e-01 9.850778e+01
9.999878e-01 3.766177e-04 -4.918430e-03 4.472276e+01 -3.723279e-04 9.999995e-01 8.731470e-04 -2.355542e+00 4.918756e-03 -8.713058e-04 9.999875e-01 9.946476e+01
9.999982e-01 -2.438593e-04 1.902542e-03 4.529503e+01 2.447797e-04 9.999999e-01 -4.833991e-04 -2.380004e+00 -1.902423e-03 4.838646e-04 9.999981e-01 9.983954e+01
9.999873e-01 3.837908e-04 -5.021846e-03 4.549812e+01 -3.796121e-04 9.999996e-01 8.330752e-04 -2.398165e+00 5.022164e-03 -8.311589e-04 9.999870e-01 1.003245e+02
9.999981e-01 -3.604518e-04 1.920718e-03 4.602638e+01 3.614446e-04 9.999998e-01 -5.164289e-04 -2.414103e+00 -1.920531e-03 5.171228e-04 9.999980e-01 1.003814e+02
9.999866e-01 5.393637e-04 -5.143561e-03 4.651197e+01 -5.346157e-04 9.999994e-01 9.244796e-04 -2.434716e+00 5.144057e-03 -9.217181e-04 9.999863e-01 1.008348e+02
9.999976e-01 -2.703934e-04 2.155410e-03 4.778128e+01 2.712837e-04 9.999999e-01 -4.126502e-04 -2.466996e+00 -2.155298e-03 4.132347e-04 9.999976e-01 1.012938e+02
9.999882e-01 5.550212e-04 -4.822209e-03 4.907078e+01 -5.508738e-04 9.999995e-01 8.613937e-04 -2.492100e+00 4.822685e-03 -8.587278e-04 9.999880e-01 1.014819e+02
9.999986e-01 -3.398599e-04 1.661901e-03 4.872308e+01 3.407651e-04 9.999998e-01 -5.442691e-04 -2.483284e+00 -1.661715e-03 5.448353e-04 9.999985e-01 1.017849e+02
9.999900e-01 7.096436e-04 -4.418534e-03 4.807931e+01 -7.055561e-04 9.999993e-01 9.266354e-04 -2.461069e+00 4.419188e-03 -9.235093e-04 9.999898e-01 1.019094e+02
9.999983e-01 -5.728710e-04 1.777033e-03 4.814564e+01 5.740848e-04 9.999996e-01 -6.824520e-04 -2.461038e+00 -1.776641e-03 6.834717e-04 9.999982e-01 1.012471e+02
9.999897e-01 5.941455e-04 -4.500398e-03 4.834986e+01 -5.899434e-04 9.999994e-01 9.350463e-04 -2.470245e+00 4.500950e-03 -9.323823e-04 9.999894e-01 1.009487e+02
9.999986e-01 -4.149115e-04 1.597531e-03 4.883284e+01 4.158193e-04 9.999998e-01 -5.677532e-04 -2.498004e+00 -1.597295e-03 5.684174e-04 9.999986e-01 1.014452e+02
9.999908e-01 6.227262e-04 -4.249802e-03 4.962261e+01 -6.186835e-04 9.999994e-01 9.525796e-04 -2.532493e+00 4.250393e-03 -9.499422e-04 9.999905e-01 1.019531e+02
9.999988e-01 -4.450180e-04 1.514422e-03 5.037589e+01 4.458145e-04 9.999998e-01 -5.254978e-04 -2.564609e+00 -1.514188e-03 5.261730e-04 9.999987e-01 1.024175e+02
9.999894e-01 5.324287e-04 -4.565563e-03 5.072199e+01 -5.286942e-04 9.999995e-01 8.191972e-04 -2.580724e+00 4.565997e-03 -8.167754e-04 9.999892e-01 1.025276e+02
9.999985e-01 -4.687325e-04 1.682963e-03 5.121548e+01 4.696288e-04 9.999997e-01 -5.320477e-04 -2.588492e+00 -1.682713e-03 5.328380e-04 9.999984e-01 1.021215e+02
9.999886e-01 4.897016e-04 -4.757439e-03 5.209496e+01 -4.858199e-04 9.999995e-01 8.171031e-04 -2.595193e+00 4.757837e-03 -8.147832e-04 9.999883e-01 1.018325e+02
9.999990e-01 -4.311931e-04 1.343304e-03 5.320079e+01 4.317967e-04 9.999998e-01 -4.488395e-04 -2.597986e+00 -1.343110e-03 4.494198e-04 9.999990e-01 1.015797e+02
9.999901e-01 4.746068e-04 -4.431535e-03 5.398345e+01 -4.711694e-04 9.999996e-01 7.767360e-04 -2.612791e+00 4.431902e-03 -7.746410e-04 9.999899e-01 1.015598e+02
9.999992e-01 -2.968268e-04 1.269672e-03 5.429083e+01 2.973550e-04 9.999999e-01 -4.156503e-04 -2.638456e+00 -1.269549e-03 4.160281e-04 9.999991e-01 1.022356e+02
9.999899e-01 4.956366e-04 -4.458912e-03 5.464333e+01 -4.919291e-04 9.999995e-01 8.326075e-04 -2.665467e+00 4.459322e-03 -8.304063e-04 9.999897e-01 1.029686e+02
9.999991e-01 -3.408541e-04 1.271384e-03 5.498133e+01 3.414246e-04 9.999998e-01 -4.483125e-04 -2.689816e+00 -1.271231e-03 4.487468e-04 9.999991e-01 1.035040e+02
9.999890e-01 5.624142e-04 -4.665607e-03 5.477412e+01 -5.587310e-04 9.999995e-01 7.907636e-04 -2.685733e+00 4.666049e-03 -7.881487e-04 9.999888e-01 1.039321e+02
9.999990e-01 -1.806120e-04 1.412653e-03 5.473186e+01 1.812067e-04 9.999999e-01 -4.206696e-04 -2.700952e+00 -1.412577e-03 4.209259e-04 9.999989e-01 1.050342e+02
9.999915e-01 7.669191e-04 -4.048333e-03 5.578991e+01 -7.626831e-04 9.999992e-01 1.047873e-03 -2.752354e+00 4.049132e-03 -1.044777e-03 9.999913e-01 1.064108e+02
