9.999951e-01 1.429039e-04 -3.131035e-03 1.628657e-01 -1.419515e-04 9.999999e-01 3.044200e-04 -1.636858e-02 3.131078e-03 -3.039747e-04 9.999951e-01 4.862789e-01
1.000000e+00 7.542358e-05 2.153234e-06 1.691382e-01 -7.542359e-05 1.000000e+00 1.364849e-05 -3.260499e-02 -2.151864e-06 -1.364794e-05 1.000000e+00 1.201987e+00
9.999946e-01 1.831558e-04 -3.269723e-03 6.047081e-03 -1.821562e-04 9.999999e-01 3.060062e-04 -3.689347e-02 3.269778e-03 -3.054097e-04 9.999946e-01 1.948594e+00
1.000000e+00 6.395373e-05 2.526839e-05 -8.627120e-02 -6.395379e-05 1.000000e+00 3.489601e-06 -4.631138e-02 -2.526783e-05 -3.490505e-06 1.000000e+00 2.695745e+00
9.999952e-01 1.466142e-04 -3.102694e-03 -1.408170e-01 -1.457141e-04 9.999999e-01 2.903197e-04 -6.048850e-02 3.102736e-03 -2.898669e-04 9.999951e-01 3.364338e+00
1.000000e+00 -3.717174e-07 1.405228e-04 -2.460610e-02 3.710400e-07 1.000000e+00 5.037530e-06 -8.516260e-02 -1.405225e-04 -5.036765e-06 1.000000e+00 3.941539e+00
9.999948e-01 1.792410e-04 -3.205773e-03 1.837796e-01 -1.783085e-04 9.999999e-01 2.911841e-04 -1.104612e-01 3.205824e-03 -2.906117e-04 9.999948e-01 4.590849e+00
1.000000e+00 1.207959e-05 1.151264e-04 2.021767e-01 -1.207998e-05 1.000000e+00 3.680282e-06 -1.286547e-01 -1.151260e-04 -3.680960e-06 1.000000e+00 5.238524e+00
9.999947e-01 2.790547e-04 -3.256518e-03 -6.358996e-02 -2.779484e-04 9.999999e-01 3.401844e-04 -1.278849e-01 3.256612e-03 -3.392781e-04 9.999946e-01 5.929303e+00
1.000000e+00 -5.654622e-05 6.354089e-05 -1.811286e-01 5.654868e-05 1.000000e+00 -3.813418e-05 -1.353802e-01 -6.353839e-05 3.813849e-05 1.000000e+00 6.607179e+00
9.999949e-01 2.367468e-04 -3.184153e-03 -6.463826e-02 -2.356649e-04 9.999999e-01 3.401576e-04 -1.566705e-01 3.184233e-03 -3.394062e-04 9.999949e-01 7.277866e+00
1.000000e+00 2.724591e-05 -6.434254e-05 -1.524462e-01 -2.724674e-05 1.000000e+00 -1.352912e-05 -1.659304e-01 6.434252e-05 1.353158e-05 1.000000e+00 8.065825e+00
9.999957e-01 1.876838e-04 -2.937950e-03 -1.991142e-01 -1.867067e-04 9.999999e-01 3.328659e-04 -1.702553e-01 2.938012e-03 -3.323167e-04 9.999956e-01 8.463827e+00
1.000000e+00 7.825627e-06 -2.111970e-04 9.383705e-02 -7.827009e-06 1.000000e+00 -6.726533e-06 -1.892355e-01 2.111973e-04 6.728898e-06 1.000000e+00 9.020934e+00
9.999960e-01 2.795507e-04 -2.798616e-03 -1.959623e-01 -2.785651e-04 9.999999e-01 3.526013e-04 -1.858221e-01 2.798714e-03 -3.518210e-04 9.999960e-01 9.541564e+00
9.999999e-01 -7.826785e-05 -3.871077e-04 -2.039901e-01 7.825183e-05 1.000000e+00 -4.150108e-05 -1.969120e-01 3.871113e-04 4.147150e-05 9.999999e-01 1.012524e+01
9.999973e-01 3.638272e-04 -2.303764e-03 -5.121750e-01 -3.629724e-04 9.999999e-01 3.714527e-04 -1.987540e-01 2.303898e-03 -3.706162e-04 9.999973e-01 1.042296e+01
9.999998e-01 -1.678419e-04 -6.319944e-04 -4.427247e-01 1.677917e-04 1.000000e+00 -7.957011e-05 -2.155355e-01 6.320080e-04 7.946476e-05 9.999998e-01 1.096085e+01
9.999978e-01 4.215406e-04 -2.048390e-03 -5.715192e-01 -4.206551e-04 9.999998e-01 4.327149e-04 -2.219128e-01 2.048572e-03 -4.318530e-04 9.999978e-01 1.124543e+01
9.999991e-01 -1.511738e-04 -1.363458e-03 -3.962451e-01 1.510520e-04 1.000000e+00 -8.947064e-05 -2.298441e-01 1.363472e-03 8.926532e-05 9.999991e-01 1.196926e+01
9.999984e-01 2.785477e-04 -1.792453e-03 1.954506e-01 -2.779167e-04 9.999999e-01 3.523123e-04 -2.467179e-01 1.792551e-03 -3.518143e-04 9.999983e-01 1.221246e+01
9.999997e-01 -1.654517e-04 -7.254141e-04 5.380492e-01 1.653761e-04 1.000000e+00 -1.042266e-04 -2.509530e-01 7.254317e-04 1.041074e-04 9.999997e-01 1.170285e+01
9.999982e-01 2.940811e-04 -1.892795e-03 7.646772e-01 -2.933451e-04 9.999999e-01 3.890943e-04 -2.596929e-01 1.892909e-03 -3.885391e-04 9.999981e-01 1.145731e+01
9.999995e-01 -2.204441e-04 -9.546949e-04 1.415448e+00 2.203440e-04 1.000000e+00 -1.049903e-04 -2.801582e-01 9.547184e-04 1.047806e-04 9.999995e-01 1.157171e+01
9.999980e-01 3.561188e-04 -1.976424e-03 1.948265e+00 -3.552092e-04 9.999998e-01 4.605673e-04 -3.033323e-01 1.976588e-03 -4.598650e-04 9.999979e-01 1.191304e+01
9.999995e-01 -1.948912e-04 -9.372182e-04 2.052192e+00 1.947690e-04 1.000000e+00 -1.305997e-04 -3.174302e-01 9.372440e-04 1.304178e-04 9.999996e-01 1.233432e+01
9.999981e-01 2.556910e-04 -1.940963e-03 2.681494e+00 -2.548244e-04 9.999999e-01 4.467029e-04 -3.387070e-01 1.941077e-03 -4.462081e-04 9.999980e-01 1.245159e+01
9.999992e-01 -6.346691e-05 -1.236573e-03 3.346159e+00 6.335867e-05 1.000000e+00 -8.761092e-05 -3.532755e-01 1.236579e-03 8.753322e-05 9.999992e-01 1.276641e+01
9.999984e-01 2.041499e-04 -1.790295e-03 3.727057e+00 -2.034248e-04 9.999999e-01 4.052336e-04 -3.647662e-01 1.790378e-03 -4.048695e-04 9.999983e-01 1.296540e+01
9.999993e-01 1.449604e-04 -1.180450e-03 3.202978e+00 -1.450145e-04 1.000000e+00 -4.579996e-05 -3.485470e-01 1.180443e-03 4.597182e-05 9.999993e-01 1.340313e+01
9.999985e-01 1.702644e-05 -1.739906e-03 3.256693e+00 -1.636858e-05 9.999999e-01 3.781423e-04 -3.533275e-01 1.739912e-03 -3.781140e-04 9.999984e-01 1.355035e+01
9.999992e-01 9.990606e-05 -1.254354e-03 3.844884e+00 -9.996616e-05 1.000000e+00 -4.789246e-05 -3.716670e-01 1.254350e-03 4.801853e-05 9.999992e-01 1.382356e+01
9.999983e-01 -1.189207e-04 -1.853440e-03 4.403802e+00 1.193508e-04 1.000000e+00 2.319906e-04 -3.779587e-01 1.853412e-03 -2.322121e-04 9.999983e-01 1.352200e+01
9.999993e-01 9.495219e-05 -1.207598e-03 4.829058e+00 -9.501018e-05 1.000000e+00 -4.801475e-05 -3.783343e-01 1.207594e-03 4.813016e-05 9.999993e-01 1.301998e+01
9.999983e-01 -7.060842e-05 -1.831429e-03 5.208036e+00 7.109378e-05 1.000000e+00 2.649843e-04 -3.760634e-01 1.831410e-03 -2.651147e-04 9.999983e-01 1.241431e+01
9.999999e-01 2.891093e-04 -3.396895e-04 5.123882e+00 -2.891178e-04 1.000000e+00 -2.523149e-05 -3.744134e-01 3.396825e-04 2.533041e-05 9.999999e-01 1.162830e+01
9.999977e-01 3.498389e-05 -2.134470e-03 4.558141e+00 -3.409363e-05 9.999999e-01 4.171484e-04 -3.615788e-01 2.134484e-03 -4.170753e-04 9.999976e-01 1.159517e+01
9.999996e-01 1.496369e-04 -8.975836e-04 4.302157e+00 -1.497410e-04 1.000000e+00 -1.160168e-04 -3.629816e-01 8.975666e-04 1.161519e-04 9.999996e-01 1.188736e+01
9.999971e-01 -1.627698e-05 -2.400349e-03 4.366589e+00 1.722008e-05 9.999999e-01 3.929066e-04 -3.837489e-01 2.400342e-03 -3.929475e-04 9.999970e-01 1.252974e+01
9.999996e-01 1.257797e-04 -9.385145e-04 4.416578e+00 -1.259043e-04 1.000000e+00 -1.327677e-04 -4.015320e-01 9.384982e-04 1.328865e-04 9.999996e-01 1.309356e+01
9.999976e-01 3.975028e-05 -2.198872e-03 4.199166e+00 -3.876937e-05 9.999999e-01 4.461681e-04 -4.022241e-01 2.198889e-03 -4.460824e-04 9.999975e-01 1.343747e+01
9.999996e-01 1.544766e-04 -8.274626e-04 3.914666e+00 -1.545763e-04 1.000000e+00 -1.204999e-04 -4.006865e-01 8.274443e-04 1.206284e-04 9.999997e-01 1.369958e+01
9.999982e-01 6.325018e-05 -1.908791e-03 3.544865e+00 -6.236611e-05 9.999999e-01 4.632457e-04 -3.967117e-01 1.908819e-03 -4.631266e-04 9.999981e-01 1.374126e+01
9.999997e-01 1.151198e-04 -8.138406e-04 3.237876e+00 -1.152428e-04 1.000000e+00 -1.511111e-04 -3.948515e-01 8.138235e-04 1.512056e-04 9.999997e-01 1.365964e+01
9.999981e-01 2.399107e-04 -1.934762e-03 2.626569e+00 -2.388891e-04 9.999998e-01 5.282317e-04 -3.767562e-01 1.934888e-03 -5.277692e-04 9.999980e-01 1.377616e+01
9.999996e-01 9.649844e-05 -8.723209e-04 2.019798e+00 -9.663131e-05 1.000000e+00 -1.523563e-04 -3.579321e-01 8.723065e-04 1.524412e-04 9.999996e-01 1.395219e+01
9.999989e-01 2.284961e-04 -1.480097e-03 1.451424e+00 -2.276835e-04 9.999998e-01 5.492447e-04 -3.452674e-01 1.480222e-03 -5.489078e-04 9.999988e-01 1.382523e+01
9.999991e-01 2.167541e-05 -1.372850e-03 1.004605e+00 -2.197148e-05 1.000000e+00 -2.156941e-04 -3.326158e-01 1.372846e-03 2.157248e-04 9.999990e-01 1.397975e+01
9.999986e-01 2.102031e-04 -1.646441e-03 6.810135e-01 -2.093355e-04 9.999998e-01 5.271349e-04 -3.279146e-01 1.646552e-03 -5.267902e-04 9.999985e-01 1.432995e+01
9.999992e-01 1.096016e-04 -1.290282e-03 1.603426e-01 -1.097945e-04 1.000000e+00 -1.495160e-04 -3.124076e-01 1.290266e-03 1.496583e-04 9.999992e-01 1.463889e+01
9.999976e-01 9.245521e-05 -2.199265e-03 -2.552114e-02 -9.151015e-05 9.999999e-01 4.298446e-04 -3.137707e-01 2.199304e-03 -4.296431e-04 9.999975e-01 1.531969e+01
9.999993e-01 9.804589e-05 -1.196559e-03 -2.503730e-01 -9.824535e-05 1.000000e+00 -1.666996e-04 -3.124688e-01 1.196543e-03 1.668177e-04 9.999993e-01 1.584779e+01
9.999992e-01 1.495796e-04 -1.280453e-03 -5.945314e-01 -1.489461e-04 9.999999e-01 4.948513e-04 -3.085185e-01 1.280526e-03 -4.946609e-04 9.999991e-01 1.554591e+01
9.999988e-01 -8.411098e-05 -1.532419e-03 -3.065928e-01 8.361195e-05 9.999999e-01 -3.257618e-04 -3.036030e-01 1.532447e-03 3.256340e-04 9.999988e-01 1.480304e+01
9.999989e-01 7.484952e-05 -1.461883e-03 2.439883e-01 -7.402699e-05 9.999998e-01 5.627517e-04 -3.141487e-01 1.461924e-03 -5.626436e-04 9.999988e-01 1.465236e+01
9.999986e-01 9.205236e-05 -1.677967e-03 6.921351e-01 -9.250235e-05 1.000000e+00 -2.681425e-04 -3.320067e-01 1.677943e-03 2.682981e-04 9.999986e-01 1.500068e+01
9.999983e-01 2.445759e-04 -1.853706e-03 7.793906e-01 -2.435111e-04 9.999998e-01 5.746740e-04 -3.524174e-01 1.853846e-03 -5.742223e-04 9.999981e-01 1.616638e+01
9.999996e-01 7.106034e-05 -8.916175e-04 2.113859e-01 -7.123314e-05 1.000000e+00 -1.938634e-04 -3.350897e-01 8.916040e-04 1.939275e-04 9.999996e-01 1.624642e+01
9.999971e-01 6.747612e-06 -2.412541e-03 1.714132e-01 -5.771265e-06 9.999999e-01 4.047375e-04 -3.456504e-01 2.412543e-03 -4.047231e-04 9.999970e-01 1.661544e+01
9.999997e-01 -4.968802e-05 -7.203166e-04 6.234190e-01 4.954767e-05 1.000000e+00 -1.949892e-04 -3.567898e-01 7.203266e-04 1.949542e-04 9.999997e-01 1.649381e+01
9.999987e-01 2.413006e-04 -1.564665e-03 7.163392e-01 -2.407085e-04 9.999999e-01 3.786216e-04 -3.486343e-01 1.564756e-03 -3.782452e-04 9.999987e-01 1.547778e+01
9.999993e-01 2.705901e-04 -1.112668e-03 9.030595e-01 -2.706312e-04 1.000000e+00 -3.686707e-05 -3.821284e-01 1.112658e-03 3.716888e-05 9.999994e-01 1.676645e+01
9.999994e-01 1.748396e-04 -1.035531e-03 1.223329e+00 -1.743406e-04 9.999999e-01 4.820159e-04 -4.279763e-01 1.035614e-03 -4.818358e-04 9.999993e-01 1.833868e+01
9.999991e-01 -1.135983e-05 -1.332150e-03 1.219281e+00 1.098395e-05 1.000000e+00 -2.822348e-04 -4.260769e-01 1.332153e-03 2.822206e-04 9.999991e-01 1.759550e+01
9.999994e-01 1.783940e-04 -1.058290e-03 1.107649e+00 -1.778281e-04 9.999998e-01 5.349266e-04 -4.270063e-01 1.058385e-03 -5.347389e-04 9.999993e-01 1.712760e+01
9.999990e-01 1.061403e-05 -1.413859e-03 8.713692e-01 -1.098440e-05 1.000000e+00 -2.620120e-04 -4.308312e-01 1.413856e-03 2.620279e-04 9.999990e-01 1.680349e+01
9.999990e-01 1.063788e-05 -1.438641e-03 1.065715e+00 -1.000108e-05 9.999999e-01 4.427121e-04 -4.301304e-01 1.438645e-03 -4.426979e-04 9.999989e-01 1.619558e+01
9.999987e-01 -1.429371e-05 -1.583779e-03 1.361871e+00 1.391476e-05 1.000000e+00 -2.393389e-04 -4.289375e-01 1.583783e-03 2.393172e-04 9.999987e-01 1.564096e+01
9.999990e-01 2.960786e-05 -1.389895e-03 1.679546e+00 -2.894401e-05 9.999999e-01 4.777094e-04 -4.330066e-01 1.389908e-03 -4.776694e-04 9.999989e-01 1.529777e+01
9.999994e-01 1.538314e-04 -1.071350e-03 1.596964e+00 -1.541145e-04 1.000000e+00 -2.642881e-04 -4.291908e-01 1.071309e-03 2.644538e-04 9.999994e-01 1.472531e+01
9.999988e-01 -3.759340e-05 -1.567096e-03 1.601403e+00 3.834692e-05 9.999999e-01 4.808745e-04 -4.296557e-01 1.567077e-03 -4.809347e-04 9.999987e-01 1.427437e+01
9.999995e-01 1.935478e-04 -9.738764e-04 1.490993e+00 -1.937798e-04 1.000000e+00 -2.381897e-04 -4.265640e-01 9.738306e-04 2.383790e-04 9.999995e-01 1.378447e+01
9.999985e-01 -4.963280e-05 -1.711658e-03 1.843833e+00 5.043738e-05 9.999999e-01 4.700773e-04 -4.251595e-01 1.711634e-03 -4.701637e-04 9.999984e-01 1.318855e+01
9.999999e-01 3.811518e-04 -3.627941e-04 1.524244e+00 -3.812152e-04 9.999999e-01 -1.750644e-04 -4.149293e-01 3.627277e-04 1.752034e-04 9.999999e-01 1.247014e+01
9.999987e-01 2.708904e-06 -1.583911e-03 1.235144e+00 -1.994357e-06 9.999999e-01 4.511913e-04 -4.039592e-01 1.583911e-03 -4.511883e-04 9.999986e-01 1.150966e+01
9.999999e-01 5.389468e-04 6.502673e-06 5.503642e-01 -5.389463e-04 9.999999e-01 -6.454351e-05 -3.823609e-01 -6.537128e-06 6.454070e-05 1.000000e+00 1.075652e+01
9.999982e-01 -8.657777e-05 -1.880251e-03 -4.763278e-02 8.742003e-05 9.999999e-01 4.479287e-04 -3.659681e-01 1.880212e-03 -4.480930e-04 9.999981e-01 1.017317e+01
9.999999e-01 4.522644e-04 -2.365520e-04 -4.958564e-01 -4.522903e-04 9.999999e-01 -1.097880e-04 -3.524419e-01 2.365026e-04 1.098957e-04 1.000000e+00 9.642076e+00
9.999975e-01 -2.595574e-04 -2.237510e-03 -6.526444e-01 2.603630e-04 9.999999e-01 3.597994e-04 -3.483578e-01 2.237416e-03 -3.603818e-04 9.999974e-01 9.072960e+00
9.999999e-01 4.033447e-04 -3.684132e-04 -6.158195e-01 -4.033992e-04 9.999999e-01 -1.481862e-04 -3.502233e-01 3.683538e-04 1.483355e-04 9.999999e-01 8.585947e+00
9.999955e-01 -2.255660e-04 -2.986258e-03 -7.671138e-01 2.267637e-04 9.999999e-01 4.007490e-04 -3.550646e-01 2.986167e-03 -4.014251e-04 9.999955e-01 9.152240e+00
9.999998e-01 4.956864e-04 -2.524236e-04 -6.929910e-01 -4.957145e-04 9.999999e-01 -1.117911e-04 -3.832678e-01 2.523685e-04 1.119169e-04 1.000000e+00 1.022925e+01
9.999962e-01 -2.324093e-04 -2.728735e-03 -1.040230e+00 2.335607e-04 9.999999e-01 4.216794e-04 -3.758778e-01 2.728636e-03 -4.223159e-04 9.999962e-01 1.035645e+01
9.999998e-01 4.664417e-04 -3.993203e-04 -1.332286e+00 -4.664884e-04 9.999999e-01 -1.171525e-04 -3.693890e-01 3.992659e-04 1.173395e-04 9.999999e-01 1.052727e+01
9.999943e-01 -2.440531e-04 -3.367177e-03 -7.974914e-01 2.455498e-04 9.999999e-01 4.440966e-04 -3.723229e-01 3.367067e-03 -4.449216e-04 9.999942e-01 1.122954e+01
9.999995e-01 6.818441e-04 -7.537618e-04 -1.378151e+00 -6.818764e-04 9.999998e-01 -4.280825e-05 -3.421150e-01 7.537328e-04 4.332290e-05 9.999997e-01 1.243609e+01
9.999969e-01 -5.387373e-04 -2.448181e-03 -1.348696e+00 5.394643e-04 9.999998e-01 2.963870e-04 -3.491951e-01 2.448021e-03 -2.977075e-04 9.999970e-01 1.282409e+01
9.999996e-01 6.235540e-04 -7.135297e-04 -1.051461e+00 -6.236049e-04 9.999998e-01 -7.131953e-05 -3.684510e-01 7.134854e-04 7.176516e-05 9.999997e-01 1.315710e+01
9.999962e-01 -3.904760e-04 -2.716440e-03 -8.305427e-01 3.913486e-04 9.999999e-01 3.207577e-04 -3.593994e-01 2.716314e-03 -3.218203e-04 9.999963e-01 1.312582e+01
9.999998e-01 4.973345e-04 -3.487482e-04 -5.336606e-01 -4.973800e-04 9.999999e-01 -1.306133e-04 -3.482910e-01 3.486835e-04 1.307874e-04 9.999999e-01 1.260122e+01
9.999962e-01 -3.264220e-04 -2.723254e-03 -1.433231e-01 3.275742e-04 9.999999e-01 4.226974e-04 -3.719920e-01 2.723115e-03 -4.235886e-04 9.999962e-01 1.319711e+01
9.999995e-01 5.567363e-04 -7.747377e-04 6.834681e-01 -5.568475e-04 9.999998e-01 -1.435131e-04 -3.819958e-01 7.746580e-04 1.439451e-04 9.999997e-01 1.333964e+01
9.999940e-01 -3.549400e-04 -3.433582e-03 1.106526e+00 3.561789e-04 9.999999e-01 3.602521e-04 -3.604476e-01 3.433453e-03 -3.614737e-04 9.999940e-01 1.348768e+01
9.999998e-01 4.401577e-04 4.001748e-04 1.454494e+00 -4.401098e-04 9.999999e-01 -1.195427e-04 -3.755121e-01 -4.002271e-04 1.193673e-04 9.999999e-01 1.358230e+01
9.999909e-01 -2.641770e-04 -4.269312e-03 1.356607e+00 2.660089e-04 9.999999e-01 4.285497e-04 -3.767486e-01 4.269198e-03 -4.296821e-04 9.999908e-01 1.448457e+01
9.999997e-01 6.541053e-04 -4.870254e-04 6.305467e-01 -6.541325e-04 9.999998e-01 -5.597781e-05 -3.265248e-01 4.869890e-04 5.629708e-05 9.999999e-01 1.560300e+01
9.999962e-01 -4.300037e-04 -2.708469e-03 9.923762e-01 4.311745e-04 9.999998e-01 4.317496e-04 -3.529868e-01 2.708283e-03 -4.329165e-04 9.999962e-01 1.630577e+01
9.999998e-01 5.338842e-04 -4.494031e-04 1.496271e+00 -5.338968e-04 9.999999e-01 -2.826544e-05 -3.750970e-01 4.493883e-04 2.850608e-05 9.999999e-01 1.675976e+01
9.999947e-01 -4.875131e-04 -3.207539e-03 1.833406e+00 4.885722e-04 9.999998e-01 3.294674e-04 -3.818587e-01 3.207377e-03 -3.310335e-04 9.999948e-01 1.707833e+01
9.999998e-01 6.243008e-04 3.191530e-04 2.217141e+00 -6.242813e-04 9.999998e-01 -6.053963e-05 -3.830252e-01 -3.191904e-04 6.034108e-05 9.999999e-01 1.675412e+01
9.999971e-01 -3.004516e-04 -2.386437e-03 1.995135e+00 3.012220e-04 9.999999e-01 3.225037e-04 -3.736096e-01 2.386340e-03 -3.232223e-04 9.999971e-01 1.591144e+01
9.999998e-01 4.284793e-04 -4.491614e-04 2.154729e+00 -4.285177e-04 9.999999e-01 -8.561986e-05 -3.758013e-01 4.491250e-04 8.581303e-05 9.999999e-01 1.550361e+01
9.999968e-01 -4.406286e-04 -2.509880e-03 2.387063e+00 4.413435e-04 9.999999e-01 2.843485e-04 -3.748874e-01 2.509754e-03 -2.854560e-04 9.999968e-01 1.493610e+01
9.999994e-01 4.347203e-04 -1.029465e-03 3.125212e+00 -4.348271e-04 9.999999e-01 -1.036931e-04 -3.671974e-01 1.029420e-03 1.041414e-04 9.999995e-01 1.438302e+01
9.999968e-01 -4.937708e-04 -2.473258e-03 4.044380e+00 4.946374e-04 9.999998e-01 3.498492e-04 -3.660725e-01 2.473084e-03 -3.510721e-04 9.999969e-01 1.396437e+01
9.999996e-01 5.362780e-04 -7.789261e-04 4.815322e+00 -5.363506e-04 9.999999e-01 -9.313868e-05 -3.726798e-01 7.788764e-04 9.355712e-05 9.999997e-01 1.376298e+01
9.999970e-01 -5.329881e-04 -2.402680e-03 5.224316e+00 5.337636e-04 9.999998e-01 3.221997e-04 -3.852659e-01 2.402508e-03 -3.234819e-04 9.999971e-01 1.373809e+01
9.999995e-01 6.419274e-04 -7.903215e-04 5.694969e+00 -6.418862e-04 9.999998e-01 5.215222e-05 -4.056690e-01 7.903551e-04 -5.164420e-05 9.999997e-01 1.418455e+01
9.999974e-01 -4.629034e-04 -2.215133e-03 5.600353e+00 4.635602e-04 9.999998e-01 2.960436e-04 -4.009571e-01 2.214995e-03 -2.970703e-04 9.999975e-01 1.410948e+01
9.999994e-01 9.891515e-04 4.027728e-04 4.855675e+00 -9.891994e-04 9.999995e-01 1.191044e-04 -3.757865e-01 -4.026545e-04 -1.195020e-04 9.999999e-01 1.352997e+01
9.999934e-01 -9.596639e-04 -3.500641e-03 4.952549e+00 9.600352e-04 9.999995e-01 1.044446e-04 -3.823897e-01 3.500539e-03 -1.078054e-04 9.999939e-01 1.351033e+01
9.999994e-01 1.078582e-03 1.491404e-04 5.367028e+00 -1.078622e-03 9.999994e-01 2.670258e-04 -3.975968e-01 -1.488519e-04 -2.671858e-04 1.000000e+00 1.385952e+01
9.999922e-01 -9.281651e-04 -3.836954e-03 5.384730e+00 9.281768e-04 9.999996e-01 1.297254e-06 -3.980237e-01 3.836951e-03 -4.859319e-06 9.999926e-01 1.449915e+01
9.999996e-01 8.255457e-04 -1.850156e-04 6.257867e+00 -8.254651e-04 9.999996e-01 4.344166e-04 -3.833175e-01 1.853745e-04 -4.342630e-04 9.999999e-01 1.449202e+01
9.999939e-01 -7.003383e-04 -3.418121e-03 7.875280e+00 7.001097e-04 9.999998e-01 -6.803652e-05 -3.699160e-01 3.418168e-03 6.564234e-05 9.999942e-01 1.396694e+01
9.999997e-01 7.410735e-04 -3.687997e-04 9.686424e+00 -7.409136e-04 9.999996e-01 4.331655e-04 -3.481094e-01 3.691209e-04 -4.328914e-04 9.999998e-01 1.329065e+01
9.999933e-01 -5.581764e-04 -3.606033e-03 1.193953e+01 5.577725e-04 9.999998e-01 -1.129627e-04 -3.118293e-01 3.606096e-03 1.109499e-04 9.999935e-01 1.244922e+01
9.999996e-01 8.536305e-04 1.355882e-04 1.398989e+01 -8.536885e-04 9.999995e-01 4.289180e-04 -2.913641e-01 -1.352216e-04 -4.290329e-04 9.999999e-01 1.182781e+01
9.999931e-01 -8.040968e-04 -3.614516e-03 1.523596e+01 8.032729e-04 9.999997e-01 -2.293524e-04 -2.785507e-01 3.614699e-03 2.264467e-04 9.999934e-01 1.115874e+01
9.999995e-01 8.585738e-04 4.530992e-04 1.583831e+01 -8.588129e-04 9.999995e-01 5.280740e-04 -2.860621e-01 -4.526453e-04 -5.284622e-04 9.999998e-01 1.096539e+01
9.999956e-01 -6.596979e-04 -2.895644e-03 1.589720e+01 6.589481e-04 9.999997e-01 -2.598462e-04 -2.808070e-01 2.895815e-03 2.579362e-04 9.999958e-01 1.033250e+01
9.999996e-01 8.518860e-04 1.976907e-04 1.689001e+01 -8.520247e-04 9.999994e-01 7.029241e-04 -3.084910e-01 -1.970915e-04 -7.030916e-04 9.999997e-01 1.065793e+01
9.999938e-01 -8.056548e-04 -3.424224e-03 1.745156e+01 8.044743e-04 9.999996e-01 -3.460683e-04 -3.221449e-01 3.424501e-03 3.433107e-04 9.999941e-01 1.072629e+01
9.999995e-01 8.490558e-04 5.935816e-04 1.792078e+01 -8.494223e-04 9.999994e-01 6.176319e-04 -3.241726e-01 -5.930566e-04 -6.181350e-04 9.999996e-01 1.022595e+01
9.999936e-01 -7.577650e-04 -3.487488e-03 1.849775e+01 7.562589e-04 9.999996e-01 -4.331115e-04 -3.134407e-01 3.487815e-03 4.304706e-04 9.999938e-01 9.343511e+00
9.999994e-01 8.421224e-04 6.430895e-04 1.909221e+01 -8.425590e-04 9.999994e-01 6.792846e-04 -3.249189e-01 -6.425168e-04 -6.798254e-04 9.999996e-01 9.198983e+00
9.999931e-01 -7.875215e-04 -3.618777e-03 1.980586e+01 7.860285e-04 9.999996e-01 -4.139273e-04 -3.381078e-01 3.619101e-03 4.110793e-04 9.999934e-01 9.104821e+00
9.999993e-01 8.946202e-04 7.269967e-04 2.047586e+01 -8.951843e-04 9.999993e-01 7.761922e-04 -3.604956e-01 -7.263014e-04 -7.768418e-04 9.999994e-01 9.404366e+00
9.999923e-01 -8.564463e-04 -3.821289e-03 2.131256e+01 8.549071e-04 9.999996e-01 -4.043714e-04 -3.768815e-01 3.821634e-03 4.011008e-04 9.999926e-01 9.461964e+00
9.999994e-01 9.031473e-04 5.889543e-04 2.229145e+01 -9.035703e-04 9.999993e-01 7.185532e-04 -3.840506e-01 -5.883046e-04 -7.190842e-04 9.999996e-01 9.232641e+00
9.999923e-01 -8.951918e-04 -3.815796e-03 2.345611e+01 8.937819e-04 9.999995e-01 -3.711428e-04 -3.913072e-01 3.816127e-03 3.677287e-04 9.999927e-01 9.051077e+00
9.999990e-01 1.122484e-03 8.121068e-04 2.430521e+01 -1.123105e-03 9.999991e-01 7.653779e-04 -4.173848e-01 -8.112466e-04 -7.662886e-04 9.999994e-01 9.518630e+00
9.999932e-01 -9.825174e-04 -3.547685e-03 2.538917e+01 9.814096e-04 9.999995e-01 -3.139193e-04 -4.437870e-01 3.547991e-03 3.104348e-04 9.999937e-01 9.857254e+00
9.999990e-01 1.236899e-03 6.782892e-04 2.646013e+01 -1.237383e-03 9.999990e-01 7.147831e-04 -4.668358e-01 -6.774040e-04 -7.156210e-04 9.999995e-01 1.005509e+01
9.999928e-01 -1.033074e-03 -3.654096e-03 2.724485e+01 1.031944e-03 9.999994e-01 -3.109257e-04 -4.924850e-01 3.654415e-03 3.071519e-04 9.999933e-01 1.050124e+01
9.999988e-01 1.244052e-03 9.164979e-04 2.823937e+01 -1.244712e-03 9.999990e-01 7.210438e-04 -5.200664e-01 -9.155996e-04 -7.221830e-04 9.999993e-01 1.081698e+01
9.999927e-01 -1.056315e-03 -3.668856e-03 2.904798e+01 1.055168e-03 9.999994e-01 -3.146664e-04 -5.498330e-01 3.669186e-03 3.107922e-04 9.999932e-01 1.119226e+01
9.999988e-01 1.216610e-03 9.098754e-04 3.011426e+01 -1.217283e-03 9.999990e-01 7.398042e-04 -5.763375e-01 -9.089741e-04 -7.409102e-04 9.999993e-01 1.148476e+01
9.999939e-01 -8.118998e-04 -3.388304e-03 3.114145e+01 8.108056e-04 9.999996e-01 -3.242285e-04 -6.194638e-01 3.388566e-03 3.214786e-04 9.999942e-01 1.214988e+01
9.999990e-01 9.825666e-04 1.052206e-03 3.228727e+01 -9.833849e-04 9.999992e-01 7.776453e-04 -6.534593e-01 -1.051441e-03 -7.786785e-04 9.999991e-01 1.253358e+01
9.999921e-01 -6.650380e-04 -3.907491e-03 3.333143e+01 6.636410e-04 9.999997e-01 -3.587553e-04 -6.817862e-01 3.907728e-03 3.561586e-04 9.999923e-01 1.285612e+01
9.999992e-01 7.906550e-04 9.906305e-04 3.387358e+01 -7.913532e-04 9.999994e-01 7.047340e-04 -7.066956e-01 -9.900724e-04 -7.055167e-04 9.999993e-01 1.321094e+01
9.999924e-01 -6.922898e-04 -3.832437e-03 3.446002e+01 6.907918e-04 9.999997e-01 -3.921616e-04 -7.260146e-01 3.832707e-03 3.895105e-04 9.999926e-01 1.327212e+01
9.999992e-01 8.798544e-04 8.926232e-04 3.472420e+01 -8.805113e-04 9.999993e-01 7.359886e-04 -7.468349e-01 -8.919748e-04 -7.367733e-04 9.999993e-01 1.379744e+01
9.999920e-01 -7.049307e-04 -3.927878e-03 3.503844e+01 7.034415e-04 9.999997e-01 -3.804669e-04 -7.680914e-01 3.928145e-03 3.777001e-04 9.999922e-01 1.437729e+01
9.999992e-01 8.876544e-04 9.241709e-04 3.549008e+01 -8.883341e-04 9.999993e-01 7.354874e-04 -7.918095e-01 -9.235172e-04 -7.363071e-04 9.999993e-01 1.489484e+01
9.999918e-01 -7.551937e-04 -3.978068e-03 3.583012e+01 7.536138e-04 9.999996e-01 -3.986049e-04 -8.097678e-01 3.978367e-03 3.956030e-04 9.999920e-01 1.528940e+01
9.999990e-01 9.329222e-04 1.062988e-03 3.603408e+01 -9.337221e-04 9.999993e-01 7.524105e-04 -8.277618e-01 -1.062285e-03 -7.534016e-04 9.999992e-01 1.582700e+01
9.999913e-01 -7.558330e-04 -4.092851e-03 3.619858e+01 7.542480e-04 9.999996e-01 -3.887338e-04 -8.463613e-01 4.093143e-03 3.856427e-04 9.999915e-01 1.640248e+01
9.999985e-01 9.929048e-04 1.430278e-03 3.605761e+01 -9.939536e-04 9.999992e-01 7.328575e-04 -8.468814e-01 -1.429548e-03 -7.342773e-04 9.999987e-01 1.635040e+01
9.999913e-01 -8.314052e-04 -4.081953e-03 3.621289e+01 8.296989e-04 9.999996e-01 -4.196428e-04 -8.511528e-01 4.082300e-03 4.162516e-04 9.999916e-01 1.615028e+01
9.999983e-01 1.068571e-03 1.498336e-03 3.606132e+01 -1.069774e-03 9.999991e-01 8.026062e-04 -8.528132e-01 -1.497477e-03 -8.042070e-04 9.999986e-01 1.622323e+01
9.999910e-01 -7.438961e-04 -4.174487e-03 3.556689e+01 7.422777e-04 9.999996e-01 -3.891813e-04 -8.423737e-01 4.174774e-03 3.860785e-04 9.999912e-01 1.643986e+01
9.999984e-01 1.058730e-03 1.449611e-03 3.508657e+01 -1.059837e-03 9.999991e-01 7.635501e-04 -8.334293e-01 -1.448801e-03 -7.650845e-04 9.999987e-01 1.666250e+01
9.999906e-01 -8.572617e-04 -4.261970e-03 3.492524e+01 8.554336e-04 9.999995e-01 -4.306994e-04 -8.392877e-01 4.262337e-03 4.270488e-04 9.999908e-01 1.701721e+01
9.999983e-01 1.026143e-03 1.536204e-03 3.534306e+01 -1.027346e-03 9.999992e-01 7.824524e-04 -8.705664e-01 -1.535399e-03 -7.840286e-04 9.999985e-01 1.757120e+01
9.999918e-01 -7.952779e-04 -3.970421e-03 3.622457e+01 7.939265e-04 9.999996e-01 -3.418864e-04 -9.092694e-01 3.970691e-03 3.387307e-04 9.999921e-01 1.811456e+01
9.999987e-01 1.015881e-03 1.225002e-03 3.692824e+01 -1.016815e-03 9.999992e-01 7.629382e-04 -9.432986e-01 -1.224226e-03 -7.641821e-04 9.999990e-01 1.861738e+01
9.999903e-01 -8.638703e-04 -4.310905e-03 3.735583e+01 8.620773e-04 9.999995e-01 -4.177176e-04 -9.686922e-01 4.311264e-03 4.139966e-04 9.999906e-01 1.913363e+01
9.999989e-01 1.035091e-03 1.069138e-03 3.783577e+01 -1.035952e-03 9.999991e-01 8.052292e-04 -9.922125e-01 -1.068303e-03 -8.063352e-04 9.999991e-01 1.964709e+01
9.999905e-01 -9.479555e-04 -4.259008e-03 3.839301e+01 9.460657e-04 9.999995e-01 -4.456707e-04 -1.011344e+00 4.259427e-03 4.416365e-04 9.999908e-01 1.988291e+01
9.999985e-01 1.044452e-03 1.373922e-03 3.902527e+01 -1.045532e-03 9.999991e-01 7.854099e-04 -1.037368e+00 -1.373100e-03 -7.868445e-04 9.999987e-01 2.021375e+01
9.999913e-01 -8.270447e-04 -4.077748e-03 3.979416e+01 8.255067e-04 9.999996e-01 -3.787839e-04 -1.070367e+00 4.078060e-03 3.754137e-04 9.999916e-01 2.070254e+01
9.999993e-01 1.093002e-03 4.159341e-04 4.008324e+01 -1.093328e-03 9.999991e-01 7.843226e-04 -1.071188e+00 -4.150762e-04 -7.847761e-04 9.999996e-01 2.143597e+01
9.999900e-01 -7.907172e-04 -4.405613e-03 4.000673e+01 7.888381e-04 9.999996e-01 -4.282088e-04 -1.051622e+00 4.405949e-03 4.247285e-04 9.999902e-01 2.226189e+01
9.999987e-01 9.169058e-04 1.333357e-03 4.049525e+01 -9.179598e-04 9.999993e-01 7.902260e-04 -1.075676e+00 -1.332631e-03 -7.914483e-04 9.999988e-01 2.276745e+01
9.999908e-01 -7.486338e-04 -4.212524e-03 4.123816e+01 7.470633e-04 9.999997e-01 -3.743335e-04 -1.102998e+00 4.212802e-03 3.711824e-04 9.999911e-01 2.321301e+01
9.999986e-01 9.195197e-04 1.368973e-03 4.187382e+01 -9.205746e-04 9.999993e-01 7.702961e-04 -1.132808e+00 -1.368264e-03 -7.715546e-04 9.999988e-01 2.365261e+01
9.999894e-01 -8.500287e-04 -4.521638e-03 4.262728e+01 8.480111e-04 9.999995e-01 -4.480778e-04 -1.148764e+00 4.522017e-03 4.442380e-04 9.999897e-01 2.382408e+01
9.999985e-01 1.065489e-03 1.348268e-03 4.318259e+01 -1.066758e-03 9.999990e-01 9.410084e-04 -1.161120e+00 -1.347264e-03 -9.424446e-04 9.999986e-01 2.420746e+01
9.999900e-01 -7.322480e-04 -4.410090e-03 4.313472e+01 7.295988e-04 9.999996e-01 -6.022417e-04 -1.161268e+00 4.410529e-03 5.990174e-04 9.999901e-01 2.476625e+01
9.999982e-01 1.004959e-03 1.615086e-03 4.422640e+01 -1.006711e-03 9.999989e-01 1.084009e-03 -1.194175e+00 -1.613994e-03 -1.085633e-03 9.999981e-01 2.520940e+01
9.999891e-01 -8.050171e-04 -4.591937e-03 4.475623e+01 8.019175e-04 9.999994e-01 -6.767668e-04 -1.223742e+00 4.592479e-03 6.730764e-04 9.999892e-01 2.571511e+01
9.999968e-01 1.175835e-03 2.259218e-03 4.416736e+01 -1.178373e-03 9.999987e-01 1.122173e-03 -1.211548e+00 -2.257895e-03 -1.124831e-03 9.999968e-01 2.555410e+01
9.999868e-01 -9.681406e-04 -5.039004e-03 4.382476e+01 9.641001e-04 9.999992e-01 -8.041612e-04 -1.207664e+00 5.039778e-03 7.992918e-04 9.999870e-01 2.552076e+01
9.999973e-01 9.518707e-04 2.107428e-03 4.410716e+01 -9.539903e-04 9.999990e-01 1.005095e-03 -1.206918e+00 -2.106469e-03 -1.007102e-03 9.999973e-01 2.497038e+01
9.999878e-01 -8.610961e-04 -4.859549e-03 4.420742e+01 8.570893e-04 9.999993e-01 -8.264941e-04 -1.210750e+00 4.860257e-03 8.223183e-04 9.999879e-01 2.445424e+01
9.999957e-01 1.213014e-03 2.658294e-03 4.409901e+01 -1.216227e-03 9.999985e-01 1.207369e-03 -1.195727e+00 -2.656825e-03 -1.210596e-03 9.999957e-01 2.368033e+01
9.999893e-01 -7.564396e-04 -4.561911e-03 4.403212e+01 7.527295e-04 9.999994e-01 -8.148857e-04 -1.179896e+00 4.562525e-03 8.114424e-04 9.999893e-01 2.286743e+01
9.999969e-01 1.015410e-03 2.253859e-03 4.424526e+01 -1.018091e-03 9.999988e-01 1.188841e-03 -1.188296e+00 -2.252649e-03 -1.191132e-03 9.999968e-01 2.256747e+01
9.999859e-01 -7.507678e-04 -5.256826e-03 4.502685e+01 7.468808e-04 9.999994e-01 -7.412946e-04 -1.205568e+00 5.257379e-03 7.373572e-04 9.999859e-01 2.295100e+01
9.999979e-01 9.494609e-04 1.822599e-03 4.596059e+01 -9.515224e-04 9.999989e-01 1.130667e-03 -1.219097e+00 -1.821523e-03 -1.132398e-03 9.999977e-01 2.317407e+01
9.999887e-01 -7.742042e-04 -4.687380e-03 4.647595e+01 7.702050e-04 9.999993e-01 -8.548760e-04 -1.221101e+00 4.688039e-03 8.512554e-04 9.999886e-01 2.292269e+01
9.999975e-01 1.119392e-03 1.957210e-03 4.649300e+01 -1.121809e-03 9.999986e-01 1.234144e-03 -1.212608e+00 -1.955825e-03 -1.236335e-03 9.999973e-01 2.286825e+01
9.999856e-01 -9.064902e-04 -5.297682e-03 4.689475e+01 9.020206e-04 9.999992e-01 -8.459826e-04 -1.208467e+00 5.298445e-03 8.411911e-04 9.999856e-01 2.295966e+01
9.999977e-01 9.769507e-04 1.914477e-03 4.809503e+01 -9.792378e-04 9.999988e-01 1.194196e-03 -1.211794e+00 -1.913307e-03 -1.196068e-03 9.999975e-01 2.266998e+01
9.999843e-01 -9.070822e-04 -5.527786e-03 4.921983e+01 9.015457e-04 9.999991e-01 -1.003946e-03 -1.203129e+00 5.528691e-03 9.989457e-04 9.999842e-01 2.203764e+01
9.999959e-01 1.106389e-03 2.636362e-03 4.965733e+01 -1.109559e-03 9.999987e-01 1.201243e-03 -1.188426e+00 -2.635029e-03 -1.204163e-03 9.999958e-01 2.107850e+01
9.999847e-01 -8.989002e-04 -5.457275e-03 4.971972e+01 8.936722e-04 9.999991e-01 -9.603003e-04 -1.182578e+00 5.458133e-03 9.554079e-04 9.999846e-01 2.064357e+01
9.999970e-01 9.942818e-04 2.217512e-03 5.013218e+01 -9.970923e-04 9.999987e-01 1.266773e-03 -1.200736e+00 -2.216249e-03 -1.268980e-03 9.999967e-01 2.090201e+01
9.999853e-01 -7.490122e-04 -5.370135e-03 5.044110e+01 7.441117e-04 9.999993e-01 -9.144491e-04 -1.228979e+00 5.370816e-03 9.104390e-04 9.999852e-01 2.174425e+01
9.999968e-01 9.253590e-04 2.342013e-03 5.084375e+01 -9.282946e-04 9.999988e-01 1.252785e-03 -1.259041e+00 -2.340851e-03 -1.254955e-03 9.999965e-01 2.247082e+01
9.999825e-01 -9.236596e-04 -5.845598e-03 5.234841e+01 9.182503e-04 9.999991e-01 -9.279346e-04 -1.253745e+00 5.846449e-03 9.225499e-04 9.999825e-01 2.194996e+01
9.999952e-01 1.167450e-03 2.877705e-03 5.345433e+01 -1.170818e-03 9.999986e-01 1.169109e-03 -1.260891e+00 -2.876336e-03 -1.172471e-03 9.999952e-01 2.169923e+01
9.999815e-01 -1.023992e-03 -5.996635e-03 5.377197e+01 1.018554e-03 9.999991e-01 -9.098867e-04 -1.273576e+00 5.997561e-03 9.037613e-04 9.999816e-01 2.197410e+01
9.999973e-01 8.458235e-04 2.181275e-03 5.488094e+01 -8.484770e-04 9.999989e-01 1.215940e-03 -1.266920e+00 -2.180243e-03 -1.217786e-03 9.999969e-01 2.148821e+01
9.999757e-01 -8.541268e-04 -6.921671e-03 5.745806e+01 8.468355e-04 9.999991e-01 -1.056238e-03 -1.207362e+00 6.922566e-03 1.050350e-03 9.999755e-01 1.978669e+01
9.999935e-01 1.141411e-03 3.430216e-03 5.885864e+01 -1.145624e-03 9.999986e-01 1.226439e-03 -1.193533e+00 -3.428811e-03 -1.230360e-03 9.999934e-01 1.909933e+01
9.999768e-01 -8.146641e-04 -6.760015e-03 5.847988e+01 8.087100e-04 9.999993e-01 -8.834323e-04 -1.181861e+00 6.760730e-03 8.779443e-04 9.999768e-01 1.971760e+01
9.999933e-01 1.207604e-03 3.451554e-03 5.807721e+01 -1.211742e-03 9.999985e-01 1.197101e-03 -1.170017e+00 -3.450103e-03 -1.201274e-03 9.999933e-01 2.043701e+01
9.999774e-01 -9.702985e-04 -6.657054e-03 5.792370e+01 9.643635e-04 9.999991e-01 -8.946516e-04 -1.168197e+00 6.657916e-03 8.882108e-04 9.999774e-01 2.057108e+01
9.999911e-01 1.193926e-03 4.040834e-03 5.846625e+01 -1.198026e-03 9.999988e-01 1.012630e-03 -1.138829e+00 -4.039620e-03 -1.017461e-03 9.999913e-01 1.895897e+01
9.999783e-01 -1.070488e-03 -6.497942e-03 5.909101e+01 1.064509e-03 9.999990e-01 -9.233990e-04 -1.100538e+00 6.498923e-03 9.164612e-04 9.999785e-01 1.700134e+01
9.999902e-01 1.383676e-03 4.203359e-03 6.017300e+01 -1.387837e-03 9.999985e-01 9.871701e-04 -1.038877e+00 -4.201986e-03 -9.929933e-04 9.999907e-01 1.429732e+01
9.999723e-01 -1.170886e-03 -7.356981e-03 6.212835e+01 1.164231e-03 9.999989e-01 -9.087071e-04 -9.407364e-01 7.358037e-03 9.001160e-04 9.999725e-01 1.065451e+01
9.999896e-01 1.640941e-03 4.260417e-03 6.462893e+01 -1.644760e-03 9.999982e-01 8.931921e-04 -8.223850e-01 -4.258943e-03 -9.001895e-04 9.999905e-01 6.496077e+00
9.999680e-01 -1.196819e-03 -7.908679e-03 6.738151e+01 1.189899e-03 9.999989e-01 -8.796578e-04 -7.028917e-01 7.909723e-03 8.702184e-04 9.999683e-01 2.447628e+00
9.999864e-01 1.547979e-03 4.988798e-03 6.931643e+01 -1.552464e-03 9.999984e-01 8.952954e-04 -6.044984e-01 -4.987404e-03 -9.030274e-04 9.999872e-01 -1.249030e+00
9.999712e-01 -1.059157e-03 -7.509897e-03 7.081106e+01 1.051901e-03 9.999990e-01 -9.700387e-04 -5.324369e-01 7.510917e-03 9.621104e-04 9.999713e-01 -4.135653e+00
9.999878e-01 1.248331e-03 4.778314e-03 7.197090e+01 -1.253459e-03 9.999986e-01 1.070359e-03 -4.712305e-01 -4.776971e-03 -1.076335e-03 9.999880e-01 -6.746579e+00
9.999704e-01 -9.643507e-04 -7.636574e-03 7.238118e+01 9.574627e-04 9.999991e-01 -9.055395e-04 -4.452703e-01 7.637441e-03 8.982002e-04 9.999704e-01 -8.054809e+00
9.999829e-01 1.354165e-03 5.689860e-03 7.228240e+01 -1.360451e-03 9.999985e-01 1.100949e-03 -4.177634e-01 -5.688360e-03 -1.108671e-03 9.999832e-01 -9.668960e+00
9.999621e-01 -1.169274e-03 -8.628995e-03 7.296686e+01 1.161127e-03 9.999989e-01 -9.490390e-04 -3.824999e-01 8.630095e-03 9.389829e-04 9.999623e-01 -1.140095e+01
9.999825e-01 1.386193e-03 5.747353e-03 7.373678e+01 -1.392166e-03 9.999985e-01 1.035373e-03 -3.613216e-01 -5.745909e-03 -1.043355e-03 9.999829e-01 -1.253481e+01
9.999565e-01 -1.289270e-03 -9.238407e-03 7.486216e+01 1.282083e-03 9.999989e-01 -7.837974e-04 -3.560449e-01 9.239407e-03 7.719182e-04 9.999570e-01 -1.304250e+01
9.999799e-01 1.422622e-03 6.181892e-03 7.558134e+01 -1.428838e-03 9.999985e-01 1.001257e-03 -3.741742e-01 -6.180458e-03 -1.010069e-03 9.999804e-01 -1.278674e+01
9.999499e-01 -1.515843e-03 -9.893962e-03 7.684539e+01 1.508656e-03 9.999986e-01 -7.337500e-04 -3.705756e-01 9.895060e-03 7.187860e-04 9.999508e-01 -1.335442e+01
9.999749e-01 1.603323e-03 6.898054e-03 7.792325e+01 -1.609277e-03 9.999983e-01 8.577563e-04 -3.496968e-01 -6.896667e-03 -8.688350e-04 9.999758e-01 -1.452973e+01
9.999464e-01 -1.451740e-03 -1.025355e-02 7.917106e+01 1.444772e-03 9.999987e-01 -6.868964e-04 -3.117039e-01 1.025454e-02 6.720448e-04 9.999472e-01 -1.616438e+01
9.999797e-01 1.485664e-03 6.188768e-03 8.139459e+01 -1.490331e-03 9.999986e-01 7.495703e-04 -2.459821e-01 -6.187646e-03 -7.587778e-04 9.999806e-01 -1.834652e+01
9.999500e-01 -1.324346e-03 -9.913735e-03 8.349828e+01 1.319890e-03 9.999990e-01 -4.559169e-04 -2.257847e-01 9.914329e-03 4.428083e-04 9.999508e-01 -1.925940e+01
9.999801e-01 1.567750e-03 6.118822e-03 8.561967e+01 -1.571762e-03 9.999986e-01 6.510524e-04 -1.972633e-01 -6.117792e-03 -6.606560e-04 9.999811e-01 -2.031557e+01
9.999539e-01 -1.365015e-03 -9.502144e-03 8.740322e+01 1.362318e-03 9.999990e-01 -2.903335e-04 -1.923286e-01 9.502531e-03 2.773745e-04 9.999548e-01 -2.076659e+01
9.999795e-01 1.534106e-03 6.218733e-03 8.882062e+01 -1.538117e-03 9.999986e-01 6.401441e-04 -1.952563e-01 -6.217742e-03 -6.496954e-04 9.999805e-01 -2.102523e+01
9.999555e-01 -1.253680e-03 -9.350673e-03 8.921464e+01 1.250821e-03 9.999992e-01 -3.115584e-04 -2.100817e-01 9.351055e-03 2.998478e-04 9.999562e-01 -2.045776e+01
9.999802e-01 1.454070e-03 6.118868e-03 8.965272e+01 -1.457923e-03 9.999987e-01 6.251929e-04 -2.297269e-01 -6.117951e-03 -6.341007e-04 9.999811e-01 -1.981852e+01
9.999554e-01 -1.291170e-03 -9.356894e-03 9.022261e+01 1.288169e-03 9.999991e-01 -3.267472e-04 -2.463063e-01 9.357307e-03 3.146787e-04 9.999562e-01 -1.937302e+01
9.999808e-01 1.427305e-03 6.032298e-03 9.056129e+01 -1.431015e-03 9.999988e-01 6.109005e-04 -2.637085e-01 -6.031418e-03 -6.195204e-04 9.999816e-01 -1.890193e+01
9.999567e-01 -1.353657e-03 -9.204923e-03 9.100261e+01 1.349987e-03 9.999990e-01 -4.047954e-04 -2.572032e-01 9.205461e-03 3.923507e-04 9.999576e-01 -1.964581e+01
9.999731e-01 1.619950e-03 7.153959e-03 9.136052e+01 -1.623750e-03 9.999985e-01 5.254792e-04 -2.251116e-01 -7.153097e-03 -5.370806e-04 9.999743e-01 -2.161289e+01
9.999583e-01 -1.324700e-03 -9.038419e-03 9.160927e+01 1.320897e-03 9.999990e-01 -4.266820e-04 -1.980819e-01 9.038975e-03 4.147247e-04 9.999591e-01 -2.341305e+01
9.999740e-01 1.542849e-03 7.049022e-03 9.206546e+01 -1.546720e-03 9.999987e-01 5.437010e-04 -1.540657e-01 -7.048173e-03 -5.545891e-04 9.999750e-01 -2.583893e+01
9.999680e-01 -9.073822e-04 -7.945555e-03 9.221067e+01 9.034096e-04 9.999995e-01 -5.035282e-04 -1.071766e-01 7.946007e-03 4.963334e-04 9.999683e-01 -2.863996e+01
9.999772e-01 1.393741e-03 6.611569e-03 9.199083e+01 -1.398468e-03 9.999988e-01 7.105249e-04 -8.047086e-02 -6.610570e-03 -7.197541e-04 9.999779e-01 -3.059424e+01
9.999721e-01 -7.495908e-04 -7.438400e-03 9.191442e+01 7.451792e-04 9.999995e-01 -5.957997e-04 -3.133744e-02 7.438843e-03 5.902395e-04 9.999722e-01 -3.362256e+01
9.999756e-01 1.412562e-03 6.834113e-03 9.201582e+01 -1.417225e-03 9.999988e-01 6.776141e-04 3.749070e-02 -6.833147e-03 -6.872824e-04 9.999764e-01 -3.745982e+01
9.999728e-01 -6.356501e-04 -7.353542e-03 9.201064e+01 6.310043e-04 9.999996e-01 -6.340431e-04 8.984256e-02 7.353942e-03 6.293850e-04 9.999728e-01 -4.055396e+01
9.999831e-01 9.701311e-04 5.740575e-03 9.234817e+01 -9.747131e-04 9.999992e-01 7.954932e-04 1.458205e-01 -5.739798e-03 -8.010744e-04 9.999832e-01 -4.361195e+01
9.999782e-01 -3.015513e-04 -6.589653e-03 9.298571e+01 2.961713e-04 9.999996e-01 -8.173505e-04 2.229869e-01 6.589897e-03 8.153804e-04 9.999780e-01 -4.741891e+01
9.999902e-01 5.143124e-04 4.404844e-03 9.377966e+01 -5.181461e-04 9.999995e-01 8.692894e-04 2.719790e-01 -4.404394e-03 -8.715626e-04 9.999899e-01 -4.980629e+01
9.999719e-01 -3.509556e-04 -7.486751e-03 9.483874e+01 3.449770e-04 9.999996e-01 -7.997977e-04 3.076247e-01 7.487029e-03 7.971918e-04 9.999717e-01 -5.136442e+01
9.999834e-01 6.872624e-04 5.714746e-03 9.515742e+01 -6.927569e-04 9.999993e-01 9.595838e-04 3.553503e-01 -5.714082e-03 -9.635261e-04 9.999832e-01 -5.409236e+01
9.999810e-01 6.812882e-05 -6.164717e-03 9.525846e+01 -7.398207e-05 9.999995e-01 -9.492110e-04 4.125365e-01 6.164649e-03 9.496484e-04 9.999805e-01 -5.734928e+01
9.999944e-01 3.585134e-07 3.336037e-03 9.575314e+01 -3.815617e-06 9.999995e-01 1.036364e-03 4.268051e-01 -3.336035e-03 -1.036371e-03 9.999939e-01 -5.835150e+01
9.999815e-01 1.351833e-04 -6.085284e-03 9.622536e+01 -1.407609e-04 9.999996e-01 -9.161154e-04 4.374736e-01 6.085157e-03 9.169543e-04 9.999811e-01 -5.922220e+01
9.999954e-01 -1.406470e-05 3.023722e-03 9.624227e+01 1.048774e-05 9.999993e-01 1.183068e-03 4.312310e-01 -3.023736e-03 -1.183030e-03 9.999947e-01 -5.907474e+01
9.999802e-01 -2.619009e-05 -6.299582e-03 9.681202e+01 2.002490e-05 9.999995e-01 -9.786858e-04 4.332855e-01 6.299605e-03 9.785396e-04 9.999797e-01 -5.953446e+01
9.999937e-01 8.494204e-05 3.537138e-03 9.707656e+01 -8.918980e-05 9.999993e-01 1.200838e-03 4.333431e-01 -3.537033e-03 -1.201145e-03 9.999930e-01 -6.005608e+01
9.999793e-01 -1.096411e-05 -6.438809e-03 9.712179e+01 4.655338e-06 9.999995e-01 -9.797774e-04 4.258715e-01 6.438816e-03 9.797265e-04 9.999788e-01 -6.023593e+01
