9.999947e-01 3.909832e-04 -3.243775e-03 6.525363e-01 -3.896068e-04 9.999998e-01 4.249343e-04 -3.819791e-02 3.243941e-03 -4.236690e-04 9.999946e-01 1.304120e+00
9.999999e-01 -5.865654e-05 3.712514e-04 1.371020e+00 5.866737e-05 1.000000e+00 -2.907120e-05 -7.501456e-02 -3.712493e-04 2.909369e-05 9.999999e-01 2.296614e+00
9.999935e-01 1.703700e-05 -3.616509e-03 1.952435e+00 -1.598410e-05 1.000000e+00 2.911721e-04 -8.226385e-02 3.616514e-03 -2.911131e-04 9.999934e-01 2.095411e+00
9.999998e-01 -3.661377e-05 5.565794e-04 2.625323e+00 3.664747e-05 1.000000e+00 -6.048246e-05 -9.232722e-02 -5.565768e-04 6.050356e-05 9.999998e-01 1.956124e+00
9.999920e-01 -6.565684e-05 -4.011381e-03 3.391030e+00 6.655236e-05 1.000000e+00 2.231185e-04 -8.196736e-02 4.011366e-03 -2.233844e-04 9.999919e-01 1.227598e+00
9.999997e-01 6.814013e-05 8.219598e-04 4.154222e+00 -6.807053e-05 1.000000e+00 -8.466221e-05 -8.261376e-02 -8.219652e-04 8.460694e-05 9.999997e-01 8.058720e-01
9.999918e-01 -1.397927e-04 -4.037829e-03 4.759248e+00 1.407669e-04 1.000000e+00 2.409849e-04 -6.592609e-02 4.037795e-03 -2.415520e-04 9.999918e-01 -2.040449e-01
9.999991e-01 2.173068e-04 1.306226e-03 5.407422e+00 -2.171143e-04 1.000000e+00 -1.474908e-04 -3.627196e-02 -1.306258e-03 1.472078e-04 9.999991e-01 -1.817100e+00
9.999913e-01 -1.179874e-04 -4.178810e-03 5.996722e+00 1.190929e-04 1.000000e+00 2.643052e-04 -1.470223e-02 4.178778e-03 -2.648012e-04 9.999912e-01 -3.098224e+00
9.999990e-01 2.207196e-04 1.386952e-03 6.586387e+00 -2.205160e-04 1.000000e+00 -1.469051e-04 4.634788e-03 -1.386984e-03 1.465998e-04 9.999990e-01 -4.259394e+00
9.999922e-01 -7.137864e-05 -3.943246e-03 7.341181e+00 7.235694e-05 1.000000e+00 2.479618e-04 4.644117e-02 3.943228e-03 -2.482459e-04 9.999922e-01 -6.317033e+00
9.999992e-01 2.914213e-04 1.200089e-03 8.554227e+00 -2.912697e-04 9.999999e-01 -1.264421e-04 1.081044e-01 -1.200125e-03 1.260932e-04 9.999993e-01 -8.995408e+00
9.999953e-01 1.440354e-04 -3.073108e-03 9.004036e+00 -1.433980e-04 1.000000e+00 2.076255e-04 1.413696e-01 3.073138e-03 -2.071846e-04 9.999953e-01 -1.087292e+01
1.000000e+00 -9.594714e-05 2.717471e-04 9.593445e+00 9.595619e-05 1.000000e+00 -3.313169e-05 1.669896e-01 -2.717436e-04 3.315848e-05 1.000000e+00 -1.226200e+01
9.999911e-01 1.919482e-04 -4.213196e-03 1.176155e+01 -1.914675e-04 1.000000e+00 1.145137e-04 2.378594e-01 4.213218e-03 -1.137067e-04 9.999911e-01 -1.460607e+01
9.999991e-01 -3.631093e-04 -1.281069e-03 1.577721e+01 3.630674e-04 9.999999e-01 -3.295768e-05 3.697685e-01 1.281081e-03 3.249325e-05 9.999992e-01 -1.834318e+01
9.999895e-01 6.740340e-04 -4.541187e-03 2.125918e+01 -6.743563e-04 9.999998e-01 -6.944082e-05 5.602812e-01 4.541138e-03 7.250176e-05 9.999897e-01 -2.370819e+01
9.999999e-01 -1.333538e-04 -5.312298e-04 2.619240e+01 1.333622e-04 1.000000e+00 1.554082e-05 7.298810e-01 5.312281e-04 -1.561095e-05 9.999999e-01 -2.860466e+01
9.999900e-01 6.128645e-04 -4.429600e-03 3.104120e+01 -6.127658e-04 9.999998e-01 2.363863e-05 9.020277e-01 4.429613e-03 -2.092480e-05 9.999902e-01 -3.364978e+01
9.999995e-01 -1.348747e-04 -9.468121e-04 3.647482e+01 1.348493e-04 1.000000e+00 -2.698720e-05 1.093052e+00 9.468160e-04 2.686022e-05 9.999996e-01 -3.916036e+01
9.999900e-01 6.564053e-04 -4.413339e-03 4.195688e+01 -6.566953e-04 9.999998e-01 -6.423166e-05 1.285217e+00 4.413295e-03 6.712852e-05 9.999903e-01 -4.468307e+01
1.000000e+00 -2.583239e-05 -2.765414e-04 4.659192e+01 2.583423e-05 1.000000e+00 6.466180e-06 1.449606e+00 2.765416e-04 -6.472612e-06 1.000000e+00 -4.955042e+01
9.999881e-01 5.856067e-04 -4.847998e-03 5.186892e+01 -5.862016e-04 9.999998e-01 -1.212856e-04 1.626481e+00 4.847926e-03 1.241253e-04 9.999882e-01 -5.462034e+01
1.000000e+00 -6.226034e-05 -2.941887e-05 5.644989e+01 6.226601e-05 1.000000e+00 1.906572e-04 1.780572e+00 2.940734e-05 -1.906583e-04 1.000000e+00 -5.912756e+01
9.999891e-01 6.420878e-04 -4.630185e-03 6.130949e+01 -6.427856e-04 9.999998e-01 -1.492189e-04 1.961009e+00 4.630088e-03 1.521928e-04 9.999893e-01 -6.452578e+01
1.000000e+00 -6.942073e-05 -2.624096e-04 6.641723e+01 6.945940e-05 1.000000e+00 1.471271e-04 2.145697e+00 2.623997e-04 -1.471446e-04 1.000000e+00 -6.994500e+01
9.999882e-01 8.664458e-04 -4.774975e-03 7.188982e+01 -8.664315e-04 9.999996e-01 5.084510e-06 2.315798e+00 4.774977e-03 -9.479734e-07 9.999886e-01 -7.492230e+01
9.999999e-01 -1.671041e-04 -4.402771e-04 7.743409e+01 1.671703e-04 1.000000e+00 1.501461e-04 2.495489e+00 4.402524e-04 -1.502190e-04 9.999999e-01 -8.014963e+01
9.999882e-01 7.172012e-04 -4.809824e-03 8.289363e+01 -7.180799e-04 9.999997e-01 -1.809474e-04 2.689971e+00 4.809693e-03 1.843984e-04 9.999884e-01 -8.581370e+01
9.999994e-01 -8.210581e-05 -1.082589e-03 8.893351e+01 8.232430e-05 1.000000e+00 2.017251e-04 2.880165e+00 1.082573e-03 -2.018134e-04 9.999994e-01 -9.126375e+01
9.999929e-01 9.860372e-04 -3.645897e-03 9.393634e+01 -9.864103e-04 9.999995e-01 -1.005359e-04 3.030516e+00 3.645796e-03 1.041308e-04 9.999933e-01 -9.585588e+01
9.999997e-01 -2.408474e-04 -7.362475e-04 9.834690e+01 2.409799e-04 1.000000e+00 1.797537e-04 3.182292e+00 7.362046e-04 -1.799303e-04 9.999997e-01 -1.005494e+02
9.999926e-01 1.057538e-03 -3.690945e-03 1.029568e+02 -1.057582e-03 9.999994e-01 -9.985597e-06 3.305187e+00 3.690933e-03 1.388829e-05 9.999932e-01 -1.042628e+02
9.999998e-01 -9.976153e-05 -6.306903e-04 1.076482e+02 9.988824e-05 1.000000e+00 2.007485e-04 3.447871e+00 6.306706e-04 -2.008108e-04 9.999998e-01 -1.085108e+02
9.999946e-01 1.086059e-03 -3.115133e-03 1.114435e+02 -1.085503e-03 9.999994e-01 1.801112e-04 3.587725e+00 3.115326e-03 -1.767295e-04 9.999951e-01 -1.122038e+02
9.999991e-01 -1.252199e-04 -1.350794e-03 1.165688e+02 1.252887e-04 1.000000e+00 5.074177e-05 3.725176e+00 1.350788e-03 -5.091025e-05 9.999991e-01 -1.161493e+02
9.999965e-01 1.264769e-03 -2.335648e-03 1.200646e+02 -1.263927e-03 9.999991e-01 3.619964e-04 3.816147e+00 2.336103e-03 -3.590438e-04 9.999972e-01 -1.181248e+02
9.999970e-01 -5.672865e-04 -2.396807e-03 1.250873e+02 5.672491e-04 9.999998e-01 -1.632920e-05 3.952175e+00 2.396816e-03 1.497027e-05 9.999971e-01 -1.217862e+02
9.999968e-01 1.463376e-03 -2.063461e-03 1.303809e+02 -1.462494e-03 9.999988e-01 4.290741e-04 4.030807e+00 2.064086e-03 -4.260557e-04 9.999978e-01 -1.240916e+02
9.999961e-01 -7.378196e-04 -2.700913e-03 1.363854e+02 7.374548e-04 9.999997e-01 -1.360822e-04 4.129533e+00 2.701013e-03 1.340905e-04 9.999963e-01 -1.270315e+02
9.999963e-01 1.747003e-03 -2.086544e-03 1.426482e+02 -1.745628e-03 9.999983e-01 6.606298e-04 4.243300e+00 2.087694e-03 -6.569857e-04 9.999976e-01 -1.300982e+02
9.999970e-01 -9.703152e-04 -2.249582e-03 1.487620e+02 9.701053e-04 9.999995e-01 -9.444933e-05 4.321685e+00 2.249673e-03 9.226743e-05 9.999975e-01 -1.326252e+02
9.999964e-01 2.428267e-03 -1.170272e-03 1.536630e+02 -2.427247e-03 9.999967e-01 8.722300e-04 4.403697e+00 1.172386e-03 -8.693870e-04 9.999989e-01 -1.344676e+02
9.999999e-01 4.838514e-05 -5.143006e-04 1.574203e+02 -4.797286e-05 9.999997e-01 8.014626e-04 4.400915e+00 5.143395e-04 -8.014372e-04 9.999995e-01 -1.315354e+02
9.999954e-01 2.878998e-03 -1.000001e-03 1.585407e+02 -2.878161e-03 9.999955e-01 8.379308e-04 4.440179e+00 1.002408e-03 -8.350495e-04 9.999991e-01 -1.270684e+02
9.999997e-01 2.376742e-04 -7.962616e-04 1.568752e+02 -2.370967e-04 9.999997e-01 7.251856e-04 4.534124e+00 7.964341e-04 -7.249959e-04 9.999994e-01 -1.215545e+02
9.999894e-01 4.152736e-03 1.989374e-03 1.516958e+02 -4.155192e-03 9.999906e-01 1.231972e-03 4.823850e+00 -1.984239e-03 -1.240225e-03 9.999973e-01 -1.190481e+02
9.999973e-01 -5.695171e-04 -2.260587e-03 1.474874e+02 5.701900e-04 9.999998e-01 2.969536e-04 5.047537e+00 2.260418e-03 -2.982411e-04 9.999974e-01 -1.157739e+02
9.999896e-01 3.518882e-03 2.899759e-03 1.428573e+02 -3.522384e-03 9.999931e-01 1.203472e-03 5.287108e+00 -2.895504e-03 -1.213674e-03 9.999951e-01 -1.147465e+02
9.999960e-01 -1.868750e-03 -2.122743e-03 1.408011e+02 1.867996e-03 9.999982e-01 -3.570072e-04 5.389444e+00 2.123407e-03 3.530412e-04 9.999977e-01 -1.166051e+02
9.999939e-01 3.430173e-03 6.268459e-04 1.404714e+02 -3.430768e-03 9.999937e-01 9.500996e-04 5.398944e+00 -6.235832e-04 -9.522451e-04 9.999994e-01 -1.150834e+02
9.999958e-01 -2.548160e-03 -1.401557e-03 1.417464e+02 2.547882e-03 9.999967e-01 -1.999308e-04 5.311717e+00 1.402062e-03 1.963597e-04 9.999990e-01 -1.122204e+02
9.999946e-01 2.634916e-03 -1.950829e-03 1.430399e+02 -2.633916e-03 9.999964e-01 5.150452e-04 5.313271e+00 1.952178e-03 -5.099048e-04 9.999980e-01 -1.126413e+02
9.999960e-01 -2.596671e-03 -1.150972e-03 1.437895e+02 2.596370e-03 9.999966e-01 -2.625770e-04 5.304361e+00 1.151651e-03 2.595883e-04 9.999993e-01 -1.128342e+02
9.999948e-01 2.677726e-03 -1.793680e-03 1.440352e+02 -2.676729e-03 9.999963e-01 5.582336e-04 5.286138e+00 1.795167e-03 -5.534302e-04 9.999982e-01 -1.125725e+02
9.999963e-01 -2.361257e-03 -1.383093e-03 1.441642e+02 2.360900e-03 9.999972e-01 -2.603491e-04 5.259850e+00 1.383704e-03 2.570835e-04 9.999990e-01 -1.115622e+02
9.999955e-01 2.642705e-03 -1.434402e-03 1.444252e+02 -2.641850e-03 9.999963e-01 5.980190e-04 5.227033e+00 1.435977e-03 -5.942276e-04 9.999988e-01 -1.105719e+02
9.999959e-01 -2.415511e-03 -1.509477e-03 1.442585e+02 2.415115e-03 9.999970e-01 -2.644594e-04 5.220743e+00 1.510112e-03 2.608135e-04 9.999988e-01 -1.100040e+02
9.999955e-01 2.650182e-03 -1.438619e-03 1.441620e+02 -2.649327e-03 9.999963e-01 5.957161e-04 5.212665e+00 1.440192e-03 -5.919027e-04 9.999988e-01 -1.093961e+02
9.999958e-01 -2.383954e-03 -1.665859e-03 1.438315e+02 2.383527e-03 9.999971e-01 -2.581324e-04 5.218132e+00 1.666470e-03 2.541614e-04 9.999986e-01 -1.088965e+02
9.999958e-01 2.736247e-03 -9.173528e-04 1.432376e+02 -2.735644e-03 9.999960e-01 6.580696e-04 5.235965e+00 9.191495e-04 -6.555581e-04 9.999994e-01 -1.088673e+02
9.999958e-01 -2.408801e-03 -1.613475e-03 1.426831e+02 2.408367e-03 9.999971e-01 -2.712280e-04 5.253990e+00 1.614124e-03 2.673418e-04 9.999987e-01 -1.089227e+02
9.999959e-01 2.518829e-03 -1.352425e-03 1.426499e+02 -2.518054e-03 9.999967e-01 5.740916e-04 5.256487e+00 1.353866e-03 -5.706845e-04 9.999989e-01 -1.089109e+02
9.999958e-01 -2.432945e-03 -1.601330e-03 1.428602e+02 2.432531e-03 9.999970e-01 -2.601248e-04 5.249785e+00 1.601959e-03 2.562291e-04 9.999987e-01 -1.088830e+02
9.999959e-01 2.560468e-03 -1.303608e-03 1.429334e+02 -2.559685e-03 9.999965e-01 6.023729e-04 5.243246e+00 1.305145e-03 -5.990343e-04 9.999990e-01 -1.087152e+02
9.999963e-01 -2.356068e-03 -1.371183e-03 1.440012e+02 2.355779e-03 9.999972e-01 -2.128314e-04 5.214845e+00 1.371681e-03 2.096011e-04 9.999990e-01 -1.083588e+02
9.999959e-01 2.544080e-03 -1.319161e-03 1.449976e+02 -2.543249e-03 9.999966e-01 6.313639e-04 5.191190e+00 1.320762e-03 -6.280071e-04 9.999989e-01 -1.082045e+02
9.999957e-01 -2.469688e-03 -1.565182e-03 1.454948e+02 2.469148e-03 9.999969e-01 -3.470661e-04 5.181185e+00 1.566035e-03 3.432006e-04 9.999987e-01 -1.083963e+02
9.999958e-01 2.441878e-03 -1.540220e-03 1.462529e+02 -2.440961e-03 9.999968e-01 5.967997e-04 5.173115e+00 1.541672e-03 -5.930384e-04 9.999986e-01 -1.085938e+02
9.999961e-01 -2.338322e-03 -1.538762e-03 1.474597e+02 2.337874e-03 9.999972e-01 -2.928856e-04 5.165713e+00 1.539443e-03 2.892878e-04 9.999988e-01 -1.088456e+02
9.999959e-01 2.395864e-03 -1.584255e-03 1.481502e+02 -2.394909e-03 9.999969e-01 6.041502e-04 5.153249e+00 1.585697e-03 -6.003542e-04 9.999986e-01 -1.089252e+02
9.999967e-01 -2.315116e-03 -1.127198e-03 1.485702e+02 2.314662e-03 9.999972e-01 -4.044931e-04 5.148600e+00 1.128132e-03 4.018834e-04 9.999993e-01 -1.094070e+02
9.999958e-01 2.368532e-03 -1.667954e-03 1.488677e+02 -2.367509e-03 9.999970e-01 6.149255e-04 5.137618e+00 1.669405e-03 -6.109747e-04 9.999984e-01 -1.095346e+02
9.999969e-01 -2.283607e-03 -9.742089e-04 1.491302e+02 2.283155e-03 9.999973e-01 -4.650417e-04 5.145926e+00 9.752685e-04 4.628167e-04 9.999994e-01 -1.104568e+02
9.999952e-01 2.296163e-03 -2.101741e-03 1.497233e+02 -2.294703e-03 9.999971e-01 6.965855e-04 5.141040e+00 2.103334e-03 -6.917600e-04 9.999975e-01 -1.108047e+02
9.999974e-01 -2.180516e-03 -6.653249e-04 1.500011e+02 2.180223e-03 9.999975e-01 -4.418381e-04 5.129816e+00 6.662870e-04 4.403871e-04 9.999997e-01 -1.110442e+02
9.999955e-01 2.267832e-03 -1.976349e-03 1.502542e+02 -2.266509e-03 9.999972e-01 6.712915e-04 5.130619e+00 1.977865e-03 -6.668098e-04 9.999978e-01 -1.117167e+02
9.999975e-01 -2.148175e-03 -6.790278e-04 1.504681e+02 2.147849e-03 9.999976e-01 -4.819449e-04 5.136177e+00 6.800618e-04 4.804859e-04 9.999997e-01 -1.125596e+02
9.999958e-01 2.269547e-03 -1.815246e-03 1.506819e+02 -2.268346e-03 9.999972e-01 6.635791e-04 5.146569e+00 1.816747e-03 -6.594594e-04 9.999981e-01 -1.136295e+02
9.999973e-01 -2.150786e-03 -8.227749e-04 1.509769e+02 2.150410e-03 9.999976e-01 -4.572377e-04 5.149967e+00 8.237567e-04 4.554679e-04 9.999996e-01 -1.143165e+02
9.999953e-01 2.242225e-03 -2.071479e-03 1.514572e+02 -2.240635e-03 9.999972e-01 7.697459e-04 5.149215e+00 2.073199e-03 -7.651016e-04 9.999976e-01 -1.147989e+02
9.999980e-01 -1.970400e-03 -4.218653e-04 1.513807e+02 1.970240e-03 9.999980e-01 -3.775014e-04 5.153497e+00 4.226086e-04 3.766701e-04 9.999998e-01 -1.150892e+02
9.999946e-01 2.306623e-03 -2.325472e-03 1.508466e+02 -2.304813e-03 9.999970e-01 7.810072e-04 5.169518e+00 2.327266e-03 -7.756440e-04 9.999970e-01 -1.148692e+02
9.999977e-01 -2.075533e-03 -5.517730e-04 1.504866e+02 2.075299e-03 9.999978e-01 -4.241617e-04 5.175741e+00 5.526525e-04 4.230163e-04 9.999998e-01 -1.146610e+02
9.999939e-01 2.460577e-03 -2.494864e-03 1.498881e+02 -2.458543e-03 9.999966e-01 8.178181e-04 5.195692e+00 2.496868e-03 -8.116801e-04 9.999966e-01 -1.142140e+02
9.999971e-01 -2.268104e-03 -7.689209e-04 1.502327e+02 2.267774e-03 9.999973e-01 -4.288754e-04 5.179270e+00 7.698919e-04 4.271311e-04 9.999996e-01 -1.136186e+02
9.999944e-01 2.432935e-03 -2.306679e-03 1.504511e+02 -2.431042e-03 9.999967e-01 8.232061e-04 5.165278e+00 2.308674e-03 -8.175945e-04 9.999970e-01 -1.130594e+02
9.999971e-01 -2.287342e-03 -7.292197e-04 1.503970e+02 2.286961e-03 9.999972e-01 -5.230454e-04 5.165762e+00 7.304144e-04 5.213769e-04 9.999996e-01 -1.130062e+02
9.999936e-01 2.359310e-03 -2.686772e-03 1.504316e+02 -2.357137e-03 9.999969e-01 8.117330e-04 5.160742e+00 2.688679e-03 -8.053954e-04 9.999961e-01 -1.126290e+02
9.999971e-01 -2.233437e-03 -8.796405e-04 1.504974e+02 2.233051e-03 9.999974e-01 -4.396957e-04 5.160234e+00 8.806206e-04 4.377308e-04 9.999995e-01 -1.122145e+02
9.999942e-01 2.240389e-03 -2.570352e-03 1.509855e+02 -2.238543e-03 9.999972e-01 7.208341e-04 5.158597e+00 2.571959e-03 -7.150768e-04 9.999964e-01 -1.122742e+02
9.999973e-01 -2.153721e-03 -8.737869e-04 1.515496e+02 2.153390e-03 9.999976e-01 -3.791315e-04 5.147141e+00 8.746017e-04 3.772496e-04 9.999995e-01 -1.120895e+02
9.999944e-01 2.263102e-03 -2.484319e-03 1.515384e+02 -2.261432e-03 9.999972e-01 6.748250e-04 5.138375e+00 2.485839e-03 -6.692038e-04 9.999967e-01 -1.115974e+02
9.999972e-01 -2.221974e-03 -8.034380e-04 1.517158e+02 2.221624e-03 9.999974e-01 -4.359237e-04 5.125795e+00 8.044049e-04 4.341382e-04 9.999996e-01 -1.113217e+02
9.999936e-01 2.337903e-03 -2.691192e-03 1.515228e+02 -2.335832e-03 9.999970e-01 7.724840e-04 5.136712e+00 2.692990e-03 -7.661936e-04 9.999961e-01 -1.110291e+02
9.999973e-01 -2.224821e-03 -7.190912e-04 1.516060e+02 2.224478e-03 9.999974e-01 -4.776802e-04 5.136515e+00 7.201524e-04 4.760800e-04 9.999996e-01 -1.107547e+02
9.999942e-01 2.226207e-03 -2.592634e-03 1.521507e+02 -2.224002e-03 9.999972e-01 8.532626e-04 5.123694e+00 2.594526e-03 -8.474923e-04 9.999963e-01 -1.107431e+02
9.999968e-01 -2.222684e-03 -1.231804e-03 1.524129e+02 2.222004e-03 9.999974e-01 -5.534664e-04 5.133293e+00 1.233031e-03 5.507282e-04 9.999991e-01 -1.106494e+02
9.999946e-01 2.488668e-03 -2.166295e-03 1.539902e+02 -2.486438e-03 9.999964e-01 1.031565e-03 5.120307e+00 2.168854e-03 -1.026174e-03 9.999971e-01 -1.105807e+02
9.999982e-01 -1.878516e-03 -1.062005e-04 1.557121e+02 1.878464e-03 9.999981e-01 -4.914646e-04 5.076860e+00 1.071239e-04 4.912649e-04 9.999999e-01 -1.099487e+02
9.999930e-01 2.065608e-03 -3.127536e-03 1.557482e+02 -2.062951e-03 9.999975e-01 8.523118e-04 5.064467e+00 3.129288e-03 -8.458545e-04 9.999947e-01 -1.093558e+02
9.999978e-01 -2.093873e-03 -1.646987e-04 1.563339e+02 2.093777e-03 9.999976e-01 -5.823600e-04 5.060829e+00 1.659180e-04 5.820146e-04 9.999998e-01 -1.094711e+02
9.999924e-01 2.171719e-03 -3.243729e-03 1.572212e+02 -2.168687e-03 9.999972e-01 9.380469e-04 5.054485e+00 3.245757e-03 -9.310058e-04 9.999943e-01 -1.095945e+02
9.999979e-01 -2.056077e-03 -8.993086e-05 1.582166e+02 2.056028e-03 9.999977e-01 -5.420160e-04 5.044435e+00 9.104539e-05 5.418307e-04 9.999998e-01 -1.096372e+02
9.999912e-01 2.124699e-03 -3.627319e-03 1.584214e+02 -2.121627e-03 9.999974e-01 8.508015e-04 5.056905e+00 3.629117e-03 -8.430989e-04 9.999931e-01 -1.095170e+02
9.999979e-01 -2.033326e-03 -3.334864e-04 1.586975e+02 2.033151e-03 9.999978e-01 -5.240819e-04 5.068669e+00 3.345516e-04 5.234035e-04 9.999998e-01 -1.093140e+02
9.999914e-01 2.239220e-03 -3.490797e-03 1.585646e+02 -2.236264e-03 9.999971e-01 8.505575e-04 5.092949e+00 3.492691e-03 -8.427445e-04 9.999935e-01 -1.089223e+02
9.999976e-01 -2.202342e-03 -1.357461e-04 1.587764e+02 2.202269e-03 9.999974e-01 -5.412170e-04 5.093688e+00 1.369380e-04 5.409174e-04 9.999998e-01 -1.087403e+02
9.999922e-01 2.308544e-03 -3.196096e-03 1.596866e+02 -2.305581e-03 9.999969e-01 9.306912e-04 5.084699e+00 3.198234e-03 -9.233158e-04 9.999945e-01 -1.086611e+02
9.999975e-01 -2.215147e-03 -9.309102e-05 1.605293e+02 2.215089e-03 9.999974e-01 -6.144397e-04 5.076688e+00 9.445215e-05 6.142326e-04 9.999998e-01 -1.087078e+02
9.999897e-01 2.489891e-03 -3.791020e-03 1.605493e+02 -2.486124e-03 9.999964e-01 9.980762e-04 5.085523e+00 3.793492e-03 -9.886417e-04 9.999923e-01 -1.078933e+02
9.999974e-01 -2.167947e-03 -6.787679e-04 1.601520e+02 2.167533e-03 9.999975e-01 -6.099534e-04 5.112660e+00 6.800889e-04 6.084812e-04 9.999996e-01 -1.067703e+02
9.999929e-01 2.382349e-03 -2.929700e-03 1.604601e+02 -2.379450e-03 9.999967e-01 9.924841e-04 5.106478e+00 2.932054e-03 -9.855066e-04 9.999952e-01 -1.061227e+02
9.999974e-01 -2.229293e-03 -3.925007e-04 1.614771e+02 2.229059e-03 9.999973e-01 -5.964341e-04 5.094701e+00 3.938296e-04 5.955583e-04 9.999997e-01 -1.059915e+02
9.999923e-01 2.489159e-03 -3.021655e-03 1.622451e+02 -2.486209e-03 9.999964e-01 9.796878e-04 5.089390e+00 3.024083e-03 -9.721686e-04 9.999950e-01 -1.057264e+02
9.999970e-01 -2.449264e-03 -1.764027e-04 1.631753e+02 2.449144e-03 9.999968e-01 -6.782186e-04 5.083552e+00 1.780636e-04 6.777852e-04 9.999998e-01 -1.059326e+02
9.999916e-01 2.502150e-03 -3.251717e-03 1.641244e+02 -2.499026e-03 9.999964e-01 9.642823e-04 5.083067e+00 3.254118e-03 -9.561487e-04 9.999942e-01 -1.062259e+02
9.999969e-01 -2.470994e-03 -1.878553e-04 1.650973e+02 2.470865e-03 9.999967e-01 -6.843041e-04 5.083754e+00 1.895459e-04 6.838385e-04 9.999997e-01 -1.065834e+02
9.999919e-01 2.543056e-03 -3.126821e-03 1.660354e+02 -2.539934e-03 9.999963e-01 1.001929e-03 5.079299e+00 3.129357e-03 -9.939798e-04 9.999946e-01 -1.068180e+02
9.999967e-01 -2.536420e-03 -2.992547e-04 1.668505e+02 2.536200e-03 9.999965e-01 -7.331243e-04 5.077868e+00 3.011135e-04 7.323637e-04 9.999997e-01 -1.071332e+02
9.999920e-01 2.573687e-03 -3.066444e-03 1.677898e+02 -2.570507e-03 9.999962e-01 1.040733e-03 5.075677e+00 3.069111e-03 -1.032843e-03 9.999948e-01 -1.074263e+02
9.999969e-01 -2.482519e-03 -2.009295e-04 1.686616e+02 2.482369e-03 9.999966e-01 -7.416037e-04 5.070411e+00 2.027702e-04 7.411034e-04 9.999997e-01 -1.076320e+02
9.999919e-01 2.533629e-03 -3.134684e-03 1.696002e+02 -2.530373e-03 9.999963e-01 1.042189e-03 5.068074e+00 3.137313e-03 -1.034250e-03 9.999945e-01 -1.079309e+02
9.999970e-01 -2.427170e-03 -2.720549e-04 1.704323e+02 2.426962e-03 9.999968e-01 -7.643528e-04 5.068871e+00 2.739096e-04 7.636909e-04 9.999997e-01 -1.083204e+02
9.999923e-01 2.650813e-03 -2.898455e-03 1.708556e+02 -2.647581e-03 9.999959e-01 1.118397e-03 5.069278e+00 2.901407e-03 -1.110715e-03 9.999952e-01 -1.084066e+02
9.999969e-01 -2.476150e-03 -2.522684e-04 1.710316e+02 2.475951e-03 9.999966e-01 -7.835228e-04 5.068259e+00 2.542079e-04 7.828965e-04 9.999997e-01 -1.083020e+02
9.999924e-01 2.511314e-03 -2.970370e-03 1.714759e+02 -2.508218e-03 9.999963e-01 1.045829e-03 5.057187e+00 2.972986e-03 -1.038371e-03 9.999950e-01 -1.083071e+02
9.999970e-01 -2.437128e-03 -9.757441e-05 1.718398e+02 2.437055e-03 9.999968e-01 -7.432103e-04 5.036952e+00 9.938569e-05 7.429710e-04 9.999997e-01 -1.080215e+02
9.999925e-01 2.493832e-03 -2.954458e-03 1.721049e+02 -2.490711e-03 9.999963e-01 1.059763e-03 5.015486e+00 2.957090e-03 -1.052397e-03 9.999951e-01 -1.076971e+02
9.999970e-01 -2.443429e-03 -5.920892e-05 1.724007e+02 2.443382e-03 9.999967e-01 -7.710657e-04 4.994517e+00 6.109307e-05 7.709194e-04 9.999997e-01 -1.074558e+02
9.999921e-01 2.541569e-03 -3.062905e-03 1.725064e+02 -2.538253e-03 9.999962e-01 1.086196e-03 4.976021e+00 3.065654e-03 -1.078413e-03 9.999947e-01 -1.069891e+02
9.999973e-01 -2.325291e-03 -1.637269e-04 1.722884e+02 2.325166e-03 9.999970e-01 -7.580843e-04 4.981556e+00 1.654895e-04 7.577023e-04 9.999997e-01 -1.066936e+02
9.999925e-01 2.522020e-03 -2.931812e-03 1.723664e+02 -2.518930e-03 9.999963e-01 1.057352e-03 4.991663e+00 2.934467e-03 -1.049960e-03 9.999951e-01 -1.068869e+02
9.999971e-01 -2.414317e-03 -8.762628e-05 1.724560e+02 2.414249e-03 9.999968e-01 -7.724798e-04 4.992687e+00 8.949131e-05 7.722667e-04 9.999997e-01 -1.069234e+02
9.999907e-01 2.630222e-03 -3.429077e-03 1.720982e+02 -2.626516e-03 9.999960e-01 1.084866e-03 5.006048e+00 3.431916e-03 -1.075850e-03 9.999935e-01 -1.064367e+02
9.999972e-01 -2.381710e-03 5.790751e-05 1.716705e+02 2.381754e-03 9.999969e-01 -7.722195e-04 5.022718e+00 -5.606783e-05 7.723559e-04 9.999997e-01 -1.059489e+02
9.999913e-01 2.492248e-03 -3.336633e-03 1.717699e+02 -2.488549e-03 9.999963e-01 1.112115e-03 5.015880e+00 3.339392e-03 -1.103802e-03 9.999938e-01 -1.055733e+02
9.999969e-01 -2.488274e-03 2.197758e-04 1.725094e+02 2.488442e-03 9.999966e-01 -7.679380e-04 5.003350e+00 -2.178639e-04 7.684832e-04 9.999997e-01 -1.056126e+02
9.999908e-01 2.508893e-03 -3.487391e-03 1.729715e+02 -2.505119e-03 9.999963e-01 1.086264e-03 4.995645e+00 3.490103e-03 -1.077518e-03 9.999933e-01 -1.056658e+02
9.999972e-01 -2.339796e-03 4.593399e-04 1.729477e+02 2.340166e-03 9.999969e-01 -8.046871e-04 5.008541e+00 -4.574554e-04 8.057604e-04 9.999996e-01 -1.059212e+02
9.999895e-01 2.310986e-03 -3.964879e-03 1.736901e+02 -2.306885e-03 9.999968e-01 1.038510e-03 5.013489e+00 3.967266e-03 -1.029353e-03 9.999916e-01 -1.063875e+02
9.999973e-01 -2.330860e-03 4.261729e-06 1.748522e+02 2.330863e-03 9.999970e-01 -8.125932e-04 5.029554e+00 -2.367382e-06 8.126017e-04 9.999997e-01 -1.071153e+02
9.999903e-01 2.394753e-03 -3.684445e-03 1.757780e+02 -2.390965e-03 9.999966e-01 1.032149e-03 5.040898e+00 3.686904e-03 -1.023330e-03 9.999927e-01 -1.077642e+02
9.999973e-01 -2.289022e-03 3.705406e-04 1.759447e+02 2.289289e-03 9.999971e-01 -7.212501e-04 5.052715e+00 -3.688883e-04 7.220972e-04 9.999997e-01 -1.079995e+02
9.999911e-01 2.356860e-03 -3.489259e-03 1.764040e+02 -2.353551e-03 9.999968e-01 9.521426e-04 5.060119e+00 3.491491e-03 -9.439227e-04 9.999935e-01 -1.087142e+02
9.999973e-01 -2.326498e-03 2.728623e-04 1.770790e+02 2.326687e-03 9.999971e-01 -6.944079e-04 5.062304e+00 -2.712457e-04 6.950416e-04 9.999997e-01 -1.092394e+02
9.999910e-01 2.325970e-03 -3.537946e-03 1.777748e+02 -2.322531e-03 9.999968e-01 9.760519e-04 5.055223e+00 3.540205e-03 -9.678269e-04 9.999933e-01 -1.094038e+02
9.999973e-01 -2.305587e-03 4.184581e-05 1.784559e+02 2.305616e-03 9.999971e-01 -7.099459e-04 5.048607e+00 -4.020856e-05 7.100412e-04 9.999997e-01 -1.095660e+02
9.999934e-01 2.394166e-03 -2.750019e-03 1.788745e+02 -2.391619e-03 9.999967e-01 9.291211e-04 5.080183e+00 2.752234e-03 -9.225387e-04 9.999958e-01 -1.114765e+02
9.999978e-01 -2.021287e-03 6.160568e-04 1.794686e+02 2.021843e-03 9.999975e-01 -9.038492e-04 5.117514e+00 -6.142281e-04 9.050934e-04 9.999994e-01 -1.133966e+02
9.999903e-01 2.032896e-03 -3.918643e-03 1.802172e+02 -2.028308e-03 9.999973e-01 1.174431e-03 5.118959e+00 3.921020e-03 -1.166472e-03 9.999916e-01 -1.138765e+02
9.999975e-01 -1.936168e-03 1.109948e-03 1.805148e+02 1.937125e-03 9.999978e-01 -8.614439e-04 5.111272e+00 -1.108278e-03 8.635926e-04 9.999990e-01 -1.141113e+02
9.999904e-01 2.109624e-03 -3.842688e-03 1.804143e+02 -2.104966e-03 9.999970e-01 1.215862e-03 5.108014e+00 3.845241e-03 -1.207762e-03 9.999919e-01 -1.140015e+02
9.999978e-01 -1.997215e-03 7.063611e-04 1.806184e+02 1.997826e-03 9.999976e-01 -8.639697e-04 5.096596e+00 -7.046336e-04 8.653796e-04 9.999994e-01 -1.136456e+02
9.999907e-01 2.179991e-03 -3.723643e-03 1.806379e+02 -2.175432e-03 9.999969e-01 1.228128e-03 5.098074e+00 3.726309e-03 -1.220017e-03 9.999923e-01 -1.136234e+02
9.999976e-01 -2.109882e-03 5.127832e-04 1.812329e+02 2.110355e-03 9.999973e-01 -9.231779e-04 5.082559e+00 -5.108338e-04 9.242586e-04 9.999994e-01 -1.134837e+02
9.999912e-01 2.338823e-03 -3.472799e-03 1.817998e+02 -2.334173e-03 9.999964e-01 1.342502e-03 5.052351e+00 3.475926e-03 -1.334384e-03 9.999931e-01 -1.129229e+02
9.999978e-01 -2.078170e-03 1.083648e-04 1.819720e+02 2.078268e-03 9.999974e-01 -9.145975e-04 5.038964e+00 -1.064636e-04 9.148215e-04 9.999996e-01 -1.121915e+02
9.999923e-01 2.368572e-03 -3.137408e-03 1.827413e+02 -2.364372e-03 9.999963e-01 1.341604e-03 5.011584e+00 3.140574e-03 -1.334177e-03 9.999942e-01 -1.115447e+02
9.999983e-01 -1.711133e-03 -7.515571e-04 1.835231e+02 1.710539e-03 9.999982e-01 -7.909701e-04 4.993453e+00 7.529095e-04 7.896838e-04 9.999994e-01 -1.099212e+02
9.999915e-01 2.455689e-03 -3.313897e-03 1.842520e+02 -2.451280e-03 9.999961e-01 1.333969e-03 4.985520e+00 3.317159e-03 -1.325835e-03 9.999936e-01 -1.080113e+02
9.999982e-01 -1.888962e-03 -4.197822e-05 1.855682e+02 1.888929e-03 9.999979e-01 -7.707150e-04 4.953504e+00 4.343427e-05 7.706350e-04 9.999997e-01 -1.069233e+02
9.999905e-01 2.481814e-03 -3.589433e-03 1.864292e+02 -2.477296e-03 9.999961e-01 1.262818e-03 4.928352e+00 3.592553e-03 -1.253915e-03 9.999928e-01 -1.055689e+02
9.999979e-01 -1.898880e-03 -8.332558e-04 1.861251e+02 1.898242e-03 9.999979e-01 -7.659920e-04 4.942669e+00 8.347089e-04 7.644093e-04 9.999994e-01 -1.037689e+02
9.999914e-01 2.478616e-03 -3.321174e-03 1.860761e+02 -2.474374e-03 9.999961e-01 1.280700e-03 4.941248e+00 3.324335e-03 -1.272472e-03 9.999937e-01 -1.019268e+02
9.999982e-01 -1.832121e-03 -5.649145e-04 1.860874e+02 1.831695e-03 9.999980e-01 -7.539607e-04 4.930626e+00 5.662950e-04 7.529253e-04 9.999996e-01 -1.000626e+02
9.999885e-01 2.443615e-03 -4.117030e-03 1.854708e+02 -2.438873e-03 9.999964e-01 1.156446e-03 4.965308e+00 4.119841e-03 -1.146392e-03 9.999909e-01 -9.803574e+01
9.999982e-01 -1.867153e-03 1.505464e-04 1.857699e+02 1.867233e-03 9.999981e-01 -5.263137e-04 4.952408e+00 -1.495631e-04 5.265946e-04 9.999999e-01 -9.637132e+01
9.999924e-01 2.322079e-03 -3.138051e-03 1.867029e+02 -2.318806e-03 9.999968e-01 1.046158e-03 4.917462e+00 3.140469e-03 -1.038874e-03 9.999945e-01 -9.543723e+01
9.999979e-01 -1.956101e-03 -5.599974e-04 1.869172e+02 1.955750e-03 9.999979e-01 -6.261338e-04 4.902907e+00 5.612213e-04 6.250380e-04 9.999996e-01 -9.430271e+01
9.999902e-01 2.511572e-03 -3.657199e-03 1.869106e+02 -2.507556e-03 9.999962e-01 1.102462e-03 4.902410e+00 3.659954e-03 -1.093281e-03 9.999927e-01 -9.263096e+01
9.999972e-01 -2.056290e-03 1.205744e-03 1.885582e+02 2.056972e-03 9.999977e-01 -5.645976e-04 4.856187e+00 -1.204580e-03 5.670769e-04 9.999991e-01 -9.171277e+01
9.999910e-01 2.822786e-03 -3.161718e-03 1.912099e+02 -2.818694e-03 9.999952e-01 1.297822e-03 4.798771e+00 3.165366e-03 -1.288900e-03 9.999942e-01 -9.095114e+01
9.999976e-01 -2.166820e-03 1.633223e-04 1.919204e+02 2.166927e-03 9.999974e-01 -6.524448e-04 4.748024e+00 -1.619079e-04 6.527978e-04 9.999998e-01 -8.928265e+01
9.999865e-01 2.737293e-03 -4.424839e-03 1.915599e+02 -2.732413e-03 9.999957e-01 1.108643e-03 4.769954e+00 4.427854e-03 -1.096538e-03 9.999896e-01 -8.767707e+01
9.999973e-01 -2.214465e-03 7.531193e-04 1.918381e+02 2.214946e-03 9.999973e-01 -6.388089e-04 4.755784e+00 -7.517024e-04 6.404759e-04 9.999995e-01 -8.616485e+01
9.999863e-01 2.795627e-03 -4.434983e-03 1.922900e+02 -2.790539e-03 9.999954e-01 1.152929e-03 4.731379e+00 4.438185e-03 -1.140538e-03 9.999895e-01 -8.452974e+01
9.999972e-01 -2.193137e-03 8.833643e-04 1.929606e+02 2.193680e-03 9.999974e-01 -6.137562e-04 4.702345e+00 -8.820157e-04 6.156930e-04 9.999994e-01 -8.298698e+01
9.999825e-01 2.857081e-03 -5.186882e-03 1.930457e+02 -2.851280e-03 9.999953e-01 1.125488e-03 4.700550e+00 5.190073e-03 -1.110679e-03 9.999859e-01 -8.097311e+01
9.999976e-01 -1.990289e-03 9.151804e-04 1.935252e+02 1.990765e-03 9.999979e-01 -5.187112e-04 4.684848e+00 -9.141458e-04 5.205325e-04 9.999994e-01 -7.868952e+01
9.999862e-01 2.734173e-03 -4.486886e-03 1.940924e+02 -2.728873e-03 9.999956e-01 1.186949e-03 4.655704e+00 4.490111e-03 -1.174689e-03 9.999892e-01 -7.678747e+01
9.999969e-01 -1.552684e-03 1.966021e-03 1.962746e+02 1.553611e-03 9.999987e-01 -4.699960e-04 4.588418e+00 -1.965289e-03 4.730496e-04 9.999980e-01 -7.476409e+01
9.999924e-01 2.962525e-03 -2.545685e-03 2.001177e+02 -2.957522e-03 9.999937e-01 1.966826e-03 4.483586e+00 2.551495e-03 -1.959283e-03 9.999948e-01 -7.278505e+01
9.999971e-01 -2.228899e-03 -8.652221e-04 2.003760e+02 2.227811e-03 9.999967e-01 -1.256390e-03 4.458365e+00 8.680199e-04 1.254460e-03 9.999988e-01 -7.065229e+01
9.999928e-01 2.616113e-03 -2.736007e-03 1.999793e+02 -2.612000e-03 9.999955e-01 1.505997e-03 4.479032e+00 2.739934e-03 -1.498841e-03 9.999951e-01 -7.060150e+01
9.999959e-01 -2.596123e-03 -1.218330e-03 2.016861e+02 2.594284e-03 9.999955e-01 -1.508490e-03 4.511999e+00 1.222241e-03 1.505324e-03 9.999981e-01 -7.188148e+01
9.999939e-01 2.557108e-03 -2.365595e-03 2.037398e+02 -2.552043e-03 9.999945e-01 2.141666e-03 4.503903e+00 2.371058e-03 -2.135617e-03 9.999949e-01 -7.220315e+01
9.999972e-01 -2.121969e-03 -1.029780e-03 2.067192e+02 2.120263e-03 9.999964e-01 -1.655990e-03 4.512082e+00 1.033290e-03 1.653802e-03 9.999981e-01 -7.297738e+01
9.999940e-01 3.396133e-03 -6.567454e-04 2.104588e+02 -3.394369e-03 9.999907e-01 2.669328e-03 4.435420e+00 6.658044e-04 -2.667083e-03 9.999962e-01 -7.156728e+01
9.999963e-01 -2.119173e-03 -1.717713e-03 2.133221e+02 2.115959e-03 9.999960e-01 -1.870957e-03 4.360668e+00 1.721671e-03 1.867317e-03 9.999968e-01 -6.936097e+01
9.999942e-01 3.320069e-03 7.404672e-04 2.177273e+02 -3.322550e-03 9.999888e-01 3.373879e-03 4.284738e+00 -7.292576e-04 -3.376321e-03 9.999940e-01 -6.812604e+01
9.999883e-01 -2.839915e-03 -3.923162e-03 2.193180e+02 2.828817e-03 9.999920e-01 -2.831544e-03 4.259261e+00 3.931172e-03 2.820413e-03 9.999883e-01 -6.753947e+01
9.999954e-01 2.864277e-03 -9.899996e-04 2.203677e+02 -2.860819e-03 9.999899e-01 3.477442e-03 4.304403e+00 9.999496e-04 -3.474595e-03 9.999935e-01 -6.693932e+01
9.999835e-01 -1.854263e-03 -5.439687e-03 2.186573e+02 1.838786e-03 9.999943e-01 -2.848864e-03 4.445350e+00 5.444939e-03 2.838815e-03 9.999811e-01 -6.463847e+01
9.999970e-01 2.322537e-03 7.183723e-04 2.178645e+02 -2.324876e-03 9.999919e-01 3.272852e-03 4.512833e+00 -7.107655e-04 -3.274513e-03 9.999944e-01 -6.349087e+01
9.999839e-01 -1.548753e-03 -5.459194e-03 2.164573e+02 1.533360e-03 9.999948e-01 -2.822633e-03 4.609406e+00 5.463537e-03 2.814217e-03 9.999811e-01 -6.215058e+01
9.999976e-01 2.155341e-03 -4.446253e-04 2.152647e+02 -2.153893e-03 9.999925e-01 3.232219e-03 4.712719e+00 4.515882e-04 -3.231254e-03 9.999947e-01 -6.034979e+01
9.999735e-01 -8.314243e-04 -7.239205e-03 2.129883e+02 8.123437e-04 9.999962e-01 -2.638312e-03 4.893124e+00 7.241371e-03 2.632362e-03 9.999703e-01 -5.739651e+01
9.999952e-01 2.565801e-03 -1.754986e-03 2.097436e+02 -2.560129e-03 9.999915e-01 3.227164e-03 5.146467e+00 1.763251e-03 -3.222656e-03 9.999933e-01 -5.363689e+01
9.999890e-01 -1.622737e-03 -4.404243e-03 2.086731e+02 1.611220e-03 9.999953e-01 -2.617366e-03 5.286656e+00 4.408470e-03 2.610242e-03 9.999869e-01 -5.166791e+01
9.999964e-01 2.203577e-03 -1.503736e-03 2.081188e+02 -2.198918e-03 9.999928e-01 3.093517e-03 5.417978e+00 1.510542e-03 -3.090200e-03 9.999941e-01 -5.038064e+01
9.999868e-01 -1.314499e-03 -4.967225e-03 2.077503e+02 1.301405e-03 9.999957e-01 -2.638445e-03 5.589603e+00 4.970672e-03 2.631946e-03 9.999842e-01 -4.916742e+01
9.999964e-01 2.288775e-03 -1.394116e-03 2.070428e+02 -2.284309e-03 9.999923e-01 3.196934e-03 5.759941e+00 1.401422e-03 -3.193739e-03 9.999939e-01 -4.751594e+01
9.999852e-01 -1.152679e-03 -5.316355e-03 2.051966e+02 1.138110e-03 9.999956e-01 -2.742751e-03 5.911265e+00 5.319494e-03 2.736660e-03 9.999821e-01 -4.508579e+01
9.999976e-01 2.047724e-03 -8.112335e-04 2.035229e+02 -2.045108e-03 9.999927e-01 3.212227e-03 6.036219e+00 8.178051e-04 -3.210561e-03 9.999945e-01 -4.297428e+01
9.999938e-01 -1.738942e-03 -3.074791e-03 2.034454e+02 1.730386e-03 9.999946e-01 -2.783139e-03 6.052100e+00 3.079614e-03 2.777802e-03 9.999914e-01 -4.200003e+01
9.999977e-01 2.054015e-03 -5.366076e-04 2.041294e+02 -2.052267e-03 9.999927e-01 3.238251e-03 6.055280e+00 5.432548e-04 -3.237144e-03 9.999946e-01 -4.130596e+01
9.999896e-01 -1.822378e-03 -4.187612e-03 2.048806e+02 1.810662e-03 9.999944e-01 -2.799904e-03 6.099124e+00 4.192691e-03 2.792293e-03 9.999873e-01 -4.071922e+01
9.999972e-01 2.308989e-03 5.325500e-04 2.057583e+02 -2.310687e-03 9.999922e-01 3.209697e-03 6.106838e+00 -5.251349e-04 -3.210920e-03 9.999947e-01 -3.994129e+01
9.999902e-01 -1.950639e-03 -3.971647e-03 2.061153e+02 1.939420e-03 9.999941e-01 -2.826611e-03 6.082852e+00 3.977138e-03 2.818881e-03 9.999881e-01 -3.882566e+01
9.999972e-01 2.295356e-03 5.530407e-04 2.064535e+02 -2.297143e-03 9.999921e-01 3.252329e-03 6.054032e+00 -5.455713e-04 -3.253591e-03 9.999946e-01 -3.770913e+01
9.999883e-01 -1.523789e-03 -4.589890e-03 2.061041e+02 1.510862e-03 9.999949e-01 -2.818573e-03 6.080024e+00 4.594162e-03 2.811606e-03 9.999855e-01 -3.603506e+01
9.999922e-01 3.840673e-03 9.585564e-04 2.028860e+02 -3.844223e-03 9.999857e-01 3.729716e-03 6.263949e+00 -9.442183e-04 -3.733372e-03 9.999926e-01 -3.350134e+01
9.999880e-01 -2.123864e-03 -4.403833e-03 2.004104e+02 2.111370e-03 9.999937e-01 -2.839948e-03 6.410729e+00 4.409837e-03 2.830616e-03 9.999863e-01 -3.133878e+01
9.999958e-01 2.504654e-03 1.479414e-03 2.029471e+02 -2.509944e-03 9.999904e-01 3.584298e-03 6.392550e+00 -1.470422e-03 -3.587997e-03 9.999925e-01 -3.122103e+01
9.999876e-01 -1.972543e-03 -4.577472e-03 2.056982e+02 1.958516e-03 9.999934e-01 -3.066887e-03 6.389919e+00 4.583491e-03 3.057884e-03 9.999848e-01 -3.152798e+01
9.999971e-01 2.073674e-03 1.217869e-03 2.079823e+02 -2.078078e-03 9.999913e-01 3.626266e-03 6.396110e+00 -1.210339e-03 -3.628787e-03 9.999927e-01 -3.203066e+01
9.999879e-01 -1.901721e-03 -4.547902e-03 2.094357e+02 1.886433e-03 9.999926e-01 -3.363541e-03 6.404541e+00 4.554265e-03 3.354922e-03 9.999840e-01 -3.251445e+01
9.999964e-01 2.012879e-03 1.779603e-03 2.101450e+02 -2.019505e-03 9.999910e-01 3.729028e-03 6.377431e+00 -1.772081e-03 -3.732609e-03 9.999915e-01 -3.223870e+01
9.999866e-01 -1.926434e-03 -4.803483e-03 2.106959e+02 1.910229e-03 9.999925e-01 -3.375922e-03 6.356585e+00 4.809951e-03 3.366701e-03 9.999828e-01 -3.203699e+01
9.999960e-01 2.108259e-03 1.904933e-03 2.113720e+02 -2.115416e-03 9.999907e-01 3.762813e-03 6.328333e+00 -1.896983e-03 -3.766828e-03 9.999911e-01 -3.157211e+01
9.999870e-01 -1.953481e-03 -4.714371e-03 2.125719e+02 1.937913e-03 9.999927e-01 -3.304819e-03 6.301732e+00 4.720792e-03 3.295641e-03 9.999834e-01 -3.128524e+01
9.999969e-01 2.422096e-03 5.396867e-04 2.124365e+02 -2.424024e-03 9.999906e-01 3.599969e-03 6.313121e+00 -5.309624e-04 -3.601267e-03 9.999934e-01 -2.992532e+01
9.999826e-01 -1.792573e-03 -5.616270e-03 2.119600e+02 1.775418e-03 9.999937e-01 -3.057953e-03 6.352113e+00 5.621716e-03 3.047929e-03 9.999796e-01 -2.816885e+01
9.999946e-01 1.982172e-03 2.622083e-03 2.139645e+02 -1.991602e-03 9.999915e-01 3.598385e-03 6.343071e+00 -2.614928e-03 -3.603589e-03 9.999901e-01 -2.824320e+01
9.999819e-01 -1.728977e-03 -5.754885e-03 2.157016e+02 1.711182e-03 9.999937e-01 -3.095548e-03 6.333361e+00 5.760202e-03 3.085645e-03 9.999786e-01 -2.828449e+01
9.999939e-01 1.902462e-03 2.919116e-03 2.170386e+02 -1.912695e-03 9.999920e-01 3.506646e-03 6.315771e+00 -2.912422e-03 -3.512209e-03 9.999896e-01 -2.816815e+01
9.999842e-01 -1.661921e-03 -5.369450e-03 2.183578e+02 1.645393e-03 9.999939e-01 -3.081274e-03 6.284495e+00 5.374538e-03 3.072391e-03 9.999808e-01 -2.777521e+01
9.999949e-01 1.981645e-03 2.484733e-03 2.189019e+02 -1.990332e-03 9.999919e-01 3.498367e-03 6.248503e+00 -2.477781e-03 -3.503296e-03 9.999908e-01 -2.682816e+01
9.999829e-01 -1.503511e-03 -5.656494e-03 2.196800e+02 1.486321e-03 9.999943e-01 -3.042080e-03 6.214681e+00 5.661035e-03 3.033622e-03 9.999794e-01 -2.565677e+01
9.999951e-01 1.874861e-03 2.500108e-03 2.203798e+02 -1.883660e-03 9.999920e-01 3.521749e-03 6.182515e+00 -2.493485e-03 -3.526441e-03 9.999907e-01 -2.472401e+01
9.999820e-01 -1.543533e-03 -5.805098e-03 2.211692e+02 1.525401e-03 9.999939e-01 -3.126749e-03 6.158306e+00 5.809889e-03 3.117838e-03 9.999783e-01 -2.397870e+01
9.999958e-01 1.826281e-03 2.253742e-03 2.218728e+02 -1.834332e-03 9.999919e-01 3.575406e-03 6.139748e+00 -2.247194e-03 -3.579526e-03 9.999911e-01 -2.321672e+01
9.999822e-01 -1.510302e-03 -5.766851e-03 2.222177e+02 1.491621e-03 9.999936e-01 -3.242352e-03 6.127268e+00 5.771711e-03 3.233693e-03 9.999781e-01 -2.231332e+01
9.999947e-01 1.883625e-03 2.658801e-03 2.227958e+02 -1.893360e-03 9.999915e-01 3.663759e-03 6.096481e+00 -2.651877e-03 -3.668774e-03 9.999898e-01 -2.135805e+01
9.999824e-01 -1.715366e-03 -5.676116e-03 2.232743e+02 1.696693e-03 9.999931e-01 -3.292927e-03 6.071909e+00 5.681726e-03 3.283239e-03 9.999785e-01 -2.087813e+01
9.999960e-01 1.657098e-03 2.272038e-03 2.240762e+02 -1.665234e-03 9.999922e-01 3.583541e-03 6.069205e+00 -2.266082e-03 -3.587311e-03 9.999910e-01 -2.117154e+01
9.999809e-01 -1.423989e-03 -6.015433e-03 2.258253e+02 1.403332e-03 9.999931e-01 -3.436913e-03 6.094518e+00 6.020286e-03 3.428406e-03 9.999760e-01 -2.214701e+01
9.999943e-01 1.495113e-03 3.016520e-03 2.267510e+02 -1.506671e-03 9.999915e-01 3.832595e-03 6.077258e+00 -3.010764e-03 -3.837119e-03 9.999881e-01 -2.211831e+01
9.999803e-01 -1.217614e-03 -6.158696e-03 2.274736e+02 1.196367e-03 9.999933e-01 -3.452559e-03 6.050054e+00 6.162859e-03 3.445124e-03 9.999751e-01 -2.153241e+01
9.999954e-01 1.615138e-03 2.565672e-03 2.276488e+02 -1.625089e-03 9.999911e-01 3.880745e-03 6.035463e+00 -2.559381e-03 -3.884897e-03 9.999892e-01 -2.029514e+01
9.999792e-01 -1.129089e-03 -6.355053e-03 2.277564e+02 1.107368e-03 9.999935e-01 -3.420307e-03 6.021151e+00 6.358874e-03 3.413199e-03 9.999740e-01 -1.887608e+01
9.999959e-01 1.612412e-03 2.369763e-03 2.276406e+02 -1.621519e-03 9.999913e-01 3.845775e-03 6.021657e+00 -2.363542e-03 -3.849603e-03 9.999898e-01 -1.742838e+01
9.999784e-01 -1.066067e-03 -6.479275e-03 2.274811e+02 1.043888e-03 9.999936e-01 -3.425576e-03 6.023306e+00 6.482885e-03 3.418739e-03 9.999731e-01 -1.574048e+01
9.999949e-01 1.547363e-03 2.781079e-03 2.277474e+02 -1.558184e-03 9.999912e-01 3.892967e-03 5.998333e+00 -2.775031e-03 -3.897282e-03 9.999886e-01 -1.419445e+01
9.999832e-01 -1.142604e-03 -5.682036e-03 2.284921e+02 1.122809e-03 9.999933e-01 -3.485929e-03 5.959655e+00 5.685982e-03 3.479491e-03 9.999778e-01 -1.322310e+01
9.999993e-01 1.258782e-04 -1.147133e-03 2.328553e+02 -1.212300e-04 9.999918e-01 4.051445e-03 6.099976e+00 1.147633e-03 -4.051304e-03 9.999911e-01 -1.703784e+01
9.999833e-01 2.950521e-04 -5.764831e-03 2.399820e+02 -3.191461e-04 9.999912e-01 -4.179058e-03 6.365765e+00 5.763548e-03 4.180829e-03 9.999747e-01 -2.463352e+01
9.999998e-01 3.497145e-04 -5.066110e-04 2.458267e+02 -3.476575e-04 9.999917e-01 4.055315e-03 6.525022e+00 5.080248e-04 -4.055139e-03 9.999916e-01 -2.887133e+01
