9.999951e-01 -8.522616e-05 -3.125231e-03 -1.206880e-01 8.521171e-05 1.000000e+00 -4.749964e-06 -2.263836e-03 3.125231e-03 4.482922e-06 9.999951e-01 4.707775e-01
1.000000e+00 2.917833e-05 4.363745e-05 -2.659344e-01 -2.918438e-05 1.000000e+00 1.390639e-04 -1.876594e-03 -4.363305e-05 -1.390645e-04 1.000000e+00 5.101179e-01
9.999949e-01 -3.956352e-05 -3.202168e-03 -9.788227e-02 3.965189e-05 1.000000e+00 2.754103e-05 -7.828656e-03 3.202166e-03 -2.766858e-05 9.999949e-01 4.975420e-01
1.000000e+00 -3.115616e-05 1.160343e-04 -1.586226e-01 3.116147e-05 1.000000e+00 -4.555856e-05 -1.715810e-02 -1.160326e-04 4.556289e-05 1.000000e+00 1.111322e+00
9.999927e-01 -2.102985e-04 -3.812402e-03 -9.886243e-01 2.110377e-04 1.000000e+00 1.934986e-04 2.220874e-02 3.812361e-03 -1.943025e-04 9.999927e-01 1.484775e+00
1.000000e+00 -4.505544e-05 1.467358e-04 -1.778672e+00 4.507217e-05 1.000000e+00 -1.137799e-04 5.648021e-02 -1.467304e-04 1.137872e-04 1.000000e+00 2.005652e+00
9.999935e-01 -1.910447e-04 -3.613420e-03 -2.453767e+00 1.913773e-04 1.000000e+00 9.171670e-05 8.284901e-02 3.613402e-03 -9.240833e-05 9.999935e-01 2.724709e+00
9.999998e-01 -3.128691e-05 6.106657e-04 -3.111820e+00 3.124242e-05 1.000000e+00 7.290788e-05 1.054873e-01 -6.106677e-04 -7.288807e-05 9.999998e-01 2.968275e+00
9.999942e-01 -8.114396e-06 -3.398560e-03 -3.088327e+00 7.925169e-06 1.000000e+00 -5.568237e-05 9.456013e-02 3.398560e-03 5.565440e-05 9.999942e-01 3.449981e+00
9.999999e-01 -5.357175e-05 4.929747e-04 -3.151090e+00 5.356443e-05 1.000000e+00 1.492886e-05 8.325018e-02 -4.929752e-04 -1.490174e-05 9.999999e-01 4.085001e+00
9.999932e-01 -6.942640e-05 -3.674300e-03 -3.440436e+00 6.934310e-05 1.000000e+00 -2.279024e-05 9.235722e-02 3.674301e-03 2.253459e-05 9.999932e-01 4.656652e+00
9.999997e-01 1.177643e-04 7.025919e-04 -3.245854e+00 -1.177976e-04 1.000000e+00 4.739753e-05 7.641579e-02 -7.025860e-04 -4.747957e-05 9.999998e-01 5.120656e+00
9.999932e-01 -1.622405e-04 -3.672822e-03 -3.254614e+00 1.619670e-04 1.000000e+00 -7.473765e-05 6.366673e-02 3.672833e-03 7.414156e-05 9.999933e-01 5.749130e+00
9.999996e-01 2.671898e-04 8.952898e-04 -2.764615e+00 -2.673527e-04 9.999999e-01 1.819484e-04 4.907114e-02 -8.952408e-04 -1.821870e-04 9.999996e-01 5.909456e+00
9.999945e-01 8.466156e-06 -3.329476e-03 -1.735799e+00 -8.760962e-06 1.000000e+00 -8.851808e-05 3.829137e-02 3.329475e-03 8.854605e-05 9.999945e-01 5.900834e+00
9.999999e-01 2.193921e-04 4.910459e-04 -1.132859e+00 -2.193984e-04 1.000000e+00 1.283617e-05 2.353133e-02 -4.910427e-04 -1.294319e-05 9.999999e-01 6.434082e+00
9.999963e-01 6.937946e-05 -2.737505e-03 -4.108878e-01 -6.947128e-05 1.000000e+00 -3.343213e-05 -2.423821e-03 2.737503e-03 3.362147e-05 9.999963e-01 6.887262e+00
9.999998e-01 1.069124e-04 6.934478e-04 -1.172890e-01 -1.068668e-04 1.000000e+00 -6.569456e-05 -3.839173e-02 -6.934545e-04 6.562115e-05 9.999998e-01 7.748558e+00
9.999948e-01 -7.975846e-05 -3.226451e-03 -1.201815e-02 7.964438e-05 1.000000e+00 -3.547323e-05 -6.218125e-02 3.226454e-03 3.521537e-05 9.999948e-01 8.514813e+00
9.999995e-01 3.723355e-04 8.981182e-04 7.654322e-01 -3.724694e-04 9.999999e-01 1.489132e-04 -8.215864e-02 -8.980623e-04 -1.492470e-04 9.999996e-01 8.683686e+00
9.999958e-01 -1.007526e-04 -2.901746e-03 1.414381e+00 1.003485e-04 1.000000e+00 -1.393818e-04 -1.129119e-01 2.901760e-03 1.390893e-04 9.999958e-01 9.128793e+00
9.999987e-01 4.686558e-04 1.538399e-03 2.514359e+00 -4.689215e-04 9.999999e-01 1.723914e-04 -1.460004e-01 -1.538317e-03 -1.731119e-04 9.999988e-01 9.548588e+00
9.999942e-01 -2.247127e-04 -3.395961e-03 3.347674e+00 2.240395e-04 1.000000e+00 -1.985979e-04 -1.728402e-01 3.396005e-03 1.978352e-04 9.999942e-01 9.898991e+00
9.999991e-01 4.510779e-04 1.297868e-03 4.000316e+00 -4.513989e-04 9.999999e-01 2.471067e-04 -1.989628e-01 -1.297756e-03 -2.476916e-04 9.999991e-01 1.017234e+01
9.999939e-01 -2.485982e-04 -3.480797e-03 4.594144e+00 2.479082e-04 9.999999e-01 -1.986362e-04 -2.263389e-01 3.480845e-03 1.977714e-04 9.999939e-01 1.055583e+01
9.999993e-01 4.366228e-04 1.126021e-03 5.128820e+00 -4.368543e-04 9.999999e-01 2.053725e-04 -2.483785e-01 -1.125931e-03 -2.058636e-04 9.999993e-01 1.090419e+01
9.999937e-01 -3.330826e-04 -3.532105e-03 5.816823e+00 3.322817e-04 9.999999e-01 -2.273133e-04 -2.589986e-01 3.532180e-03 2.261375e-04 9.999937e-01 1.079020e+01
9.999994e-01 3.770518e-04 1.011055e-03 6.312211e+00 -3.773990e-04 9.999999e-01 3.432701e-04 -2.715644e-01 -1.010925e-03 -3.436508e-04 9.999994e-01 1.067167e+01
9.999946e-01 -1.655925e-04 -3.281706e-03 6.887953e+00 1.646605e-04 9.999999e-01 -2.842463e-04 -2.961919e-01 3.281753e-03 2.837037e-04 9.999946e-01 1.095537e+01
1.000000e+00 1.884829e-04 -4.377048e-05 6.923142e+00 -1.884689e-04 9.999999e-01 3.200681e-04 -2.998019e-01 4.383114e-05 -3.200592e-04 9.999999e-01 1.132995e+01
9.999951e-01 -3.088307e-04 -3.123431e-03 6.540051e+00 3.083227e-04 9.999999e-01 -1.631070e-04 -2.864578e-01 3.123481e-03 1.621425e-04 9.999951e-01 1.145333e+01
9.999999e-01 2.941935e-04 1.360369e-04 6.493521e+00 -2.942284e-04 9.999999e-01 2.566940e-04 -2.924818e-01 -1.359610e-04 -2.567333e-04 1.000000e+00 1.168478e+01
9.999952e-01 -2.699894e-04 -3.101492e-03 6.670015e+00 2.694924e-04 1.000000e+00 -1.606740e-04 -3.072819e-01 3.101535e-03 1.598367e-04 9.999952e-01 1.190606e+01
1.000000e+00 1.884152e-04 2.258300e-04 6.545597e+00 -1.884732e-04 9.999999e-01 2.569983e-04 -3.153229e-01 -2.257813e-04 -2.570402e-04 9.999999e-01 1.221141e+01
9.999946e-01 -2.786299e-04 -3.265586e-03 6.478814e+00 2.778024e-04 9.999999e-01 -2.538535e-04 -3.257558e-01 3.265657e-03 2.529442e-04 9.999946e-01 1.272256e+01
1.000000e+00 1.614403e-04 1.278901e-04 6.305054e+00 -1.614701e-04 1.000000e+00 2.329600e-04 -3.286266e-01 -1.278522e-04 -2.329800e-04 1.000000e+00 1.332212e+01
9.999953e-01 -2.162890e-04 -3.059207e-03 6.165118e+00 2.159370e-04 1.000000e+00 -1.153954e-04 -3.338491e-01 3.059231e-03 1.147335e-04 9.999953e-01 1.354120e+01
9.999994e-01 2.390191e-06 -1.052831e-03 5.578378e+00 -2.224983e-06 1.000000e+00 1.568615e-04 -3.021116e-01 1.052832e-03 -1.568583e-04 9.999994e-01 1.411652e+01
9.999954e-01 -1.887136e-04 -3.018609e-03 5.030203e+00 1.880411e-04 1.000000e+00 -2.230368e-04 -2.708659e-01 3.018651e-03 2.224674e-04 9.999954e-01 1.490927e+01
9.999989e-01 6.003282e-04 1.376160e-03 5.975204e+00 -6.007624e-04 9.999998e-01 3.151854e-04 -3.057239e-01 -1.375970e-03 -3.160110e-04 9.999990e-01 1.544375e+01
9.999969e-01 -1.055036e-05 -2.484216e-03 7.367750e+00 9.842421e-06 1.000000e+00 -2.849623e-04 -3.420339e-01 2.484218e-03 2.849362e-04 9.999969e-01 1.586343e+01
9.999997e-01 3.417706e-04 6.574167e-04 8.132411e+00 -3.419718e-04 9.999999e-01 3.061601e-04 -3.727820e-01 -6.573117e-04 -3.063842e-04 9.999997e-01 1.625325e+01
9.999935e-01 -2.827077e-04 -3.595521e-03 8.285373e+00 2.816331e-04 9.999999e-01 -2.993557e-04 -3.871681e-01 3.595605e-03 2.983404e-04 9.999935e-01 1.657326e+01
9.999999e-01 1.339979e-04 3.227802e-04 7.911812e+00 -1.341401e-04 9.999999e-01 4.408708e-04 -3.747292e-01 -3.227208e-04 -4.409133e-04 9.999999e-01 1.680087e+01
9.999943e-01 -3.360855e-04 -3.368758e-03 7.398745e+00 3.352857e-04 9.999999e-01 -2.379670e-04 -3.611180e-01 3.368838e-03 2.368355e-04 9.999943e-01 1.689869e+01
1.000000e+00 2.003993e-04 1.571233e-04 7.142282e+00 -2.004400e-04 9.999999e-01 2.590804e-04 -3.550098e-01 -1.570710e-04 -2.591112e-04 1.000000e+00 1.742613e+01
9.999934e-01 -3.265914e-04 -3.629749e-03 6.776875e+00 3.255699e-04 9.999999e-01 -2.819971e-04 -3.419903e-01 3.629840e-03 2.808128e-04 9.999934e-01 1.809144e+01
9.999999e-01 6.318393e-05 3.969319e-04 6.138175e+00 -6.334465e-05 9.999999e-01 4.050887e-04 -3.235680e-01 -3.969059e-04 -4.051131e-04 9.999998e-01 1.824883e+01
9.999916e-01 -2.434861e-04 -4.100597e-03 5.589863e+00 2.421412e-04 9.999999e-01 -3.284342e-04 -2.966735e-01 4.100676e-03 3.274378e-04 9.999915e-01 1.863847e+01
9.999995e-01 -1.585244e-05 1.003289e-03 4.796649e+00 1.529260e-05 9.999998e-01 5.580812e-04 -2.652647e-01 -1.003297e-03 -5.580648e-04 9.999993e-01 1.873316e+01
9.999894e-01 -2.193093e-04 -4.602227e-03 4.106384e+00 2.174445e-04 9.999999e-01 -4.056802e-04 -2.325260e-01 4.602315e-03 4.046744e-04 9.999893e-01 1.903014e+01
9.999994e-01 4.000226e-05 1.089178e-03 3.610869e+00 -4.058973e-05 9.999999e-01 5.394207e-04 -2.098710e-01 -1.089156e-03 -5.394638e-04 9.999993e-01 1.930497e+01
9.999912e-01 -2.759556e-04 -4.191269e-03 2.996140e+00 2.745286e-04 9.999999e-01 -3.410141e-04 -1.874609e-01 4.191362e-03 3.398597e-04 9.999912e-01 1.943540e+01
9.999991e-01 2.693983e-04 1.281226e-03 3.108941e+00 -2.698675e-04 9.999999e-01 3.660758e-04 -2.037585e-01 -1.281127e-03 -3.664205e-04 9.999991e-01 1.986523e+01
9.999968e-01 4.903659e-06 -2.527084e-03 3.754173e+00 -6.004161e-06 9.999999e-01 -4.354449e-04 -2.487952e-01 2.527081e-03 4.354580e-04 9.999967e-01 2.066993e+01
9.999993e-01 2.282332e-04 1.192899e-03 4.413158e+00 -2.286443e-04 9.999999e-01 3.445577e-04 -2.879363e-01 -1.192820e-03 -3.448295e-04 9.999992e-01 2.136570e+01
9.999899e-01 -3.543953e-04 -4.471899e-03 4.211839e+00 3.529528e-04 9.999999e-01 -3.233416e-04 -2.851241e-01 4.472012e-03 3.217592e-04 9.999899e-01 2.180333e+01
9.999988e-01 4.610409e-05 1.547726e-03 3.309470e+00 -4.703925e-05 9.999998e-01 6.042334e-04 -2.514116e-01 -1.547698e-03 -6.043048e-04 9.999986e-01 2.184162e+01
9.999892e-01 -1.275049e-04 -4.644746e-03 3.228801e+00 1.244998e-04 9.999998e-01 -6.472426e-04 -2.592707e-01 4.644827e-03 6.466566e-04 9.999890e-01 2.247093e+01
9.999963e-01 2.802874e-04 2.707823e-03 3.589766e+00 -2.816222e-04 9.999998e-01 4.925785e-04 -2.982996e-01 -2.707685e-03 -4.933385e-04 9.999962e-01 2.334676e+01
9.999898e-01 -3.296720e-05 -4.524262e-03 4.349224e+00 3.077345e-05 9.999999e-01 -4.849379e-04 -3.301040e-01 4.524277e-03 4.847930e-04 9.999896e-01 2.383740e+01
9.999968e-01 2.176001e-04 2.518686e-03 4.786102e+00 -2.186320e-04 9.999999e-01 4.094756e-04 -3.632212e-01 -2.518597e-03 -4.100243e-04 9.999967e-01 2.446363e+01
9.999837e-01 -3.053446e-04 -5.700305e-03 4.763376e+00 3.031657e-04 9.999999e-01 -3.830732e-04 -3.722316e-01 5.700421e-03 3.813382e-04 9.999837e-01 2.483835e+01
9.999968e-01 3.042222e-04 2.524330e-03 4.829626e+00 -3.051051e-04 9.999999e-01 3.494213e-04 -3.863235e-01 -2.524224e-03 -3.501897e-04 9.999968e-01 2.540565e+01
9.999845e-01 -3.599598e-04 -5.564072e-03 4.820045e+00 3.576810e-04 9.999999e-01 -4.105395e-04 -4.015904e-01 5.564219e-03 4.085422e-04 9.999844e-01 2.595323e+01
9.999972e-01 7.897605e-05 2.363137e-03 3.965053e+00 -8.045630e-05 9.999998e-01 6.263414e-04 -3.682684e-01 -2.363086e-03 -6.265291e-04 9.999970e-01 2.606496e+01
9.999851e-01 -3.801613e-04 -5.444601e-03 2.899935e+00 3.784148e-04 9.999999e-01 -3.217897e-04 -3.255458e-01 5.444722e-03 3.197239e-04 9.999851e-01 2.609025e+01
9.999971e-01 2.926940e-04 2.389240e-03 2.584239e+00 -2.937694e-04 9.999999e-01 4.498046e-04 -3.146711e-01 -2.389108e-03 -4.505045e-04 9.999970e-01 2.642678e+01
9.999854e-01 -3.159306e-04 -5.390897e-03 2.583054e+00 3.130036e-04 9.999998e-01 -5.437607e-04 -3.298051e-01 5.391068e-03 5.420647e-04 9.999853e-01 2.724085e+01
9.999967e-01 3.805842e-04 2.553125e-03 2.697482e+00 -3.816730e-04 9.999998e-01 4.260148e-04 -3.507411e-01 -2.552962e-03 -4.269872e-04 9.999966e-01 2.806155e+01
9.999809e-01 -5.198105e-04 -6.155311e-03 2.330419e+00 5.169372e-04 9.999998e-01 -4.683567e-04 -3.356431e-01 6.155552e-03 4.651652e-04 9.999809e-01 2.867774e+01
9.999969e-01 3.076993e-04 2.477067e-03 1.519206e+00 -3.092265e-04 9.999998e-01 6.162071e-04 -2.949165e-01 -2.476877e-03 -6.169705e-04 9.999967e-01 2.903049e+01
9.999839e-01 -3.281768e-04 -5.659783e-03 1.441882e+00 3.243402e-04 9.999997e-01 -6.787621e-04 -3.029823e-01 5.660004e-03 6.769147e-04 9.999838e-01 2.978699e+01
9.999964e-01 2.679556e-04 2.668857e-03 1.311433e+00 -2.695014e-04 9.999998e-01 5.789002e-04 -3.091130e-01 -2.668701e-03 -5.796167e-04 9.999963e-01 3.059721e+01
9.999828e-01 -3.586844e-04 -5.849144e-03 9.571399e-01 3.560326e-04 9.999998e-01 -4.543888e-04 -2.965244e-01 5.849306e-03 4.522978e-04 9.999828e-01 3.094975e+01
9.999966e-01 1.605275e-04 2.593588e-03 3.454808e-01 -1.620718e-04 9.999998e-01 5.952805e-04 -2.722664e-01 -2.593491e-03 -5.956981e-04 9.999965e-01 3.121312e+01
9.999860e-01 -4.101773e-04 -5.277744e-03 -4.368187e-01 4.085525e-04 9.999999e-01 -3.089171e-04 -2.470938e-01 5.277870e-03 3.067558e-04 9.999860e-01 3.115132e+01
9.999970e-01 2.579191e-04 2.448643e-03 -7.233856e-01 -2.591542e-04 9.999998e-01 5.041370e-04 -2.352860e-01 -2.448513e-03 -5.047693e-04 9.999969e-01 3.116104e+01
9.999876e-01 -3.218637e-04 -4.978516e-03 -5.485391e-01 3.200187e-04 9.999999e-01 -3.713721e-04 -2.380380e-01 4.978634e-03 3.697736e-04 9.999875e-01 3.103053e+01
9.999985e-01 2.208136e-04 1.715143e-03 -7.640586e-01 -2.213614e-04 9.999999e-01 3.192170e-04 -2.336748e-01 -1.715072e-03 -3.195955e-04 9.999985e-01 3.177898e+01
9.999867e-01 -3.094071e-04 -5.138689e-03 -1.028284e+00 3.075577e-04 9.999999e-01 -3.606520e-04 -2.226242e-01 5.138799e-03 3.590661e-04 9.999867e-01 3.250153e+01
9.999970e-01 3.688094e-04 2.417716e-03 -8.547496e-01 -3.695904e-04 9.999999e-01 3.226445e-04 -2.438244e-01 -2.417596e-03 -3.235363e-04 9.999970e-01 3.310994e+01
9.999834e-01 -2.641377e-04 -5.759611e-03 -7.704709e-01 2.615928e-04 9.999999e-01 -4.425774e-04 -2.541077e-01 5.759727e-03 4.410627e-04 9.999833e-01 3.399093e+01
9.999968e-01 2.928088e-04 2.518359e-03 -8.226693e-01 -2.936558e-04 9.999999e-01 3.360145e-04 -2.596419e-01 -2.518260e-03 -3.367522e-04 9.999968e-01 3.481141e+01
9.999837e-01 -2.983210e-04 -5.707844e-03 -9.009462e-01 2.965830e-04 9.999999e-01 -3.053195e-04 -2.636182e-01 5.707935e-03 3.036209e-04 9.999837e-01 3.527586e+01
9.999959e-01 -9.791540e-06 2.868681e-03 -1.882464e+00 8.014896e-06 9.999998e-01 6.193741e-04 -2.268434e-01 -2.868686e-03 -6.193478e-04 9.999957e-01 3.527110e+01
9.999787e-01 -2.358200e-04 -6.519523e-03 -2.614143e+00 2.325152e-04 9.999998e-01 -5.076420e-04 -1.893488e-01 6.519641e-03 5.061146e-04 9.999786e-01 3.565387e+01
9.999953e-01 -1.466123e-05 3.070927e-03 -3.491846e+00 1.248197e-05 9.999997e-01 7.097001e-04 -1.482182e-01 -3.070936e-03 -7.096577e-04 9.999950e-01 3.591862e+01
9.999844e-01 -3.435542e-04 -5.566958e-03 -4.645938e+00 3.415535e-04 9.999999e-01 -3.603058e-04 -1.052125e-01 5.567081e-03 3.583981e-04 9.999844e-01 3.582267e+01
9.999963e-01 6.591810e-05 2.717331e-03 -5.527319e+00 -6.766152e-05 9.999998e-01 6.415492e-04 -7.245990e-02 -2.717288e-03 -6.417300e-04 9.999961e-01 3.583342e+01
9.999830e-01 -1.255931e-04 -5.827343e-03 -5.684232e+00 1.219573e-04 9.999998e-01 -6.242404e-04 -7.002746e-02 5.827420e-03 6.235184e-04 9.999828e-01 3.630750e+01
9.999959e-01 1.867008e-04 2.845624e-03 -5.620139e+00 -1.885132e-04 9.999998e-01 6.367050e-04 -8.216855e-02 -2.845505e-03 -6.372381e-04 9.999957e-01 3.681513e+01
9.999833e-01 -3.864798e-04 -5.771617e-03 -6.191615e+00 3.840641e-04 9.999998e-01 -4.196354e-04 -6.432501e-02 5.771778e-03 4.174110e-04 9.999833e-01 3.688439e+01
9.999968e-01 2.303274e-04 2.527976e-03 -6.516701e+00 -2.316495e-04 9.999998e-01 5.227304e-04 -5.814585e-02 -2.527855e-03 -5.233136e-04 9.999967e-01 3.714538e+01
9.999840e-01 -3.022765e-04 -5.650503e-03 -6.528966e+00 2.992443e-04 9.999998e-01 -5.374456e-04 -7.142768e-02 5.650664e-03 5.357455e-04 9.999839e-01 3.759570e+01
9.999963e-01 1.195850e-04 2.715678e-03 -7.058408e+00 -1.216874e-04 9.999997e-01 7.740536e-04 -5.967028e-02 -2.715584e-03 -7.743805e-04 9.999960e-01 3.756809e+01
9.999832e-01 -3.381170e-04 -5.786078e-03 -7.715599e+00 3.350106e-04 9.999998e-01 -5.378110e-04 -3.929356e-02 5.786259e-03 5.358628e-04 9.999831e-01 3.760957e+01
9.999965e-01 9.261500e-05 2.657984e-03 -8.335113e+00 -9.437565e-05 9.999998e-01 6.623270e-04 -2.217276e-02 -2.657922e-03 -6.625748e-04 9.999962e-01 3.821345e+01
9.999869e-01 -3.766433e-04 -5.099219e-03 -8.886475e+00 3.729595e-04 9.999997e-01 -7.233313e-04 -8.887606e-03 5.099490e-03 7.214193e-04 9.999867e-01 3.907173e+01
9.999976e-01 2.975256e-04 2.158469e-03 -9.105564e+00 -2.993049e-04 9.999996e-01 8.241282e-04 -8.658813e-03 -2.158222e-03 -8.247716e-04 9.999973e-01 3.937643e+01
9.999876e-01 -3.460862e-04 -4.976161e-03 -9.197956e+00 3.422535e-04 9.999996e-01 -7.710293e-04 -1.373767e-02 4.976425e-03 7.693159e-04 9.999873e-01 3.979014e+01
9.999974e-01 3.308391e-04 2.234492e-03 -9.219661e+00 -3.326008e-04 9.999996e-01 7.881485e-04 -2.298974e-02 -2.234230e-03 -7.888889e-04 9.999972e-01 4.025855e+01
9.999898e-01 -1.673744e-04 -4.513317e-03 -8.736990e+00 1.638561e-04 9.999997e-01 -7.798752e-04 -4.931900e-02 4.513446e-03 7.791270e-04 9.999895e-01 4.084763e+01
9.999984e-01 1.893810e-04 1.790025e-03 -8.724823e+00 -1.908105e-04 9.999997e-01 7.985156e-04 -5.736437e-02 -1.789872e-03 -7.988552e-04 9.999981e-01 4.133910e+01
9.999894e-01 -4.391396e-04 -4.578074e-03 -9.453323e+00 4.368184e-04 9.999998e-01 -5.079856e-04 -3.597932e-02 4.578296e-03 5.059798e-04 9.999894e-01 4.131639e+01
9.999989e-01 3.096229e-04 1.427386e-03 -9.681318e+00 -3.104183e-04 9.999998e-01 5.571633e-04 -3.385221e-02 -1.427213e-03 -5.576051e-04 9.999988e-01 4.168620e+01
9.999921e-01 -3.989508e-04 -3.944530e-03 -9.898465e+00 3.975105e-04 9.999999e-01 -3.658851e-04 -3.158244e-02 3.944675e-03 3.643136e-04 9.999922e-01 4.103393e+01
9.999979e-01 2.693582e-04 2.027113e-03 -1.046460e+01 -2.706400e-04 9.999998e-01 6.321709e-04 -1.642922e-02 -2.026942e-03 -6.327175e-04 9.999977e-01 4.006082e+01
9.999895e-01 -3.358723e-04 -4.575340e-03 -1.044522e+01 3.329728e-04 9.999997e-01 -6.344549e-04 -3.613650e-02 4.575552e-03 6.329241e-04 9.999893e-01 4.059042e+01
9.999976e-01 2.953322e-04 2.154009e-03 -1.033794e+01 -2.968771e-04 9.999997e-01 7.170182e-04 -5.990668e-02 -2.153796e-03 -7.176553e-04 9.999974e-01 4.066318e+01
9.999908e-01 -4.044763e-04 -4.273790e-03 -1.073212e+01 4.026250e-04 9.999998e-01 -4.340018e-04 -5.545164e-02 4.273965e-03 4.322764e-04 9.999908e-01 3.980976e+01
9.999986e-01 2.044428e-04 1.648660e-03 -1.132677e+01 -2.056361e-04 9.999997e-01 7.237417e-04 -4.564682e-02 -1.648511e-03 -7.240791e-04 9.999984e-01 3.965815e+01
9.999900e-01 -3.854589e-04 -4.457652e-03 -1.179026e+01 3.834054e-04 9.999998e-01 -4.614705e-04 -4.136445e-02 4.457828e-03 4.597561e-04 9.999900e-01 3.940682e+01
9.999991e-01 1.745569e-04 1.326532e-03 -1.216772e+01 -1.750443e-04 9.999999e-01 3.674465e-04 -3.614747e-02 -1.326468e-03 -3.676777e-04 9.999991e-01 4.054174e+01
9.999911e-01 -5.307518e-04 -4.184861e-03 -1.285839e+01 5.288500e-04 9.999998e-01 -4.555013e-04 -1.173438e-02 4.185102e-03 4.532834e-04 9.999911e-01 4.145469e+01
9.999992e-01 3.784933e-04 1.201315e-03 -1.316962e+01 -3.792805e-04 9.999997e-01 6.552455e-04 -4.959000e-03 -1.201067e-03 -6.556999e-04 9.999991e-01 4.146060e+01
9.999922e-01 -4.054969e-04 -3.922243e-03 -1.297114e+01 4.034603e-04 9.999998e-01 -5.199838e-04 -1.031185e-02 3.922453e-03 5.183966e-04 9.999922e-01 4.121089e+01
9.999996e-01 3.117003e-04 8.387292e-04 -1.322863e+01 -3.122375e-04 9.999997e-01 6.406031e-04 -4.935176e-03 -8.385290e-04 -6.408640e-04 9.999994e-01 4.146488e+01
9.999937e-01 -1.766845e-04 -3.549367e-03 -1.284828e+01 1.745150e-04 9.999998e-01 -6.114744e-04 -2.268559e-02 3.549474e-03 6.108504e-04 9.999935e-01 4.184633e+01
9.999980e-01 3.651291e-04 1.960027e-03 -1.199404e+01 -3.663635e-04 9.999997e-01 6.295219e-04 -4.961209e-02 -1.959797e-03 -6.302381e-04 9.999979e-01 4.209216e+01
9.999932e-01 -1.459389e-04 -3.697741e-03 -1.132391e+01 1.434661e-04 9.999998e-01 -6.689632e-04 -8.003745e-02 3.697837e-03 6.684274e-04 9.999929e-01 4.250887e+01
9.999992e-01 5.049624e-05 1.257879e-03 -1.127261e+01 -5.149901e-05 9.999997e-01 7.972875e-04 -7.546785e-02 -1.257838e-03 -7.973510e-04 9.999989e-01 4.177087e+01
9.999920e-01 -2.588783e-04 -3.984081e-03 -1.190404e+01 2.568248e-04 9.999998e-01 -5.158905e-04 -6.037065e-02 3.984214e-03 5.148625e-04 9.999919e-01 4.164617e+01
9.999994e-01 3.659385e-05 1.137885e-03 -1.255280e+01 -3.746526e-05 9.999997e-01 7.659301e-04 -4.256775e-02 -1.137856e-03 -7.659715e-04 9.999991e-01 4.161164e+01
9.999934e-01 -1.977136e-04 -3.634246e-03 -1.310576e+01 1.961785e-04 9.999999e-01 -4.227170e-04 -3.695514e-02 3.634329e-03 4.220006e-04 9.999933e-01 4.130294e+01
9.999993e-01 7.029450e-05 1.196352e-03 -1.337847e+01 -7.110728e-05 9.999998e-01 6.794722e-04 -3.350330e-02 -1.196304e-03 -6.795560e-04 9.999991e-01 4.080223e+01
9.999931e-01 -1.984123e-04 -3.710567e-03 -1.357846e+01 1.966412e-04 9.999999e-01 -4.776162e-04 -2.593635e-02 3.710661e-03 4.768826e-04 9.999930e-01 4.028461e+01
9.999994e-01 7.883801e-05 1.082735e-03 -1.387411e+01 -7.964980e-05 9.999997e-01 7.498739e-04 -2.466335e-02 -1.082675e-03 -7.499591e-04 9.999991e-01 3.985220e+01
9.999924e-01 -1.698164e-04 -3.897059e-03 -1.389795e+01 1.675985e-04 9.999998e-01 -5.694110e-04 -3.305510e-02 3.897155e-03 5.687529e-04 9.999922e-01 3.953275e+01
9.999991e-01 1.560793e-04 1.355414e-03 -1.357293e+01 -1.569103e-04 9.999998e-01 6.131193e-04 -4.770123e-02 -1.355317e-03 -6.133307e-04 9.999989e-01 3.948983e+01
9.999917e-01 -2.101616e-04 -4.061199e-03 -1.337918e+01 2.079937e-04 9.999998e-01 -5.341878e-04 -5.179195e-02 4.061311e-03 5.333380e-04 9.999916e-01 3.904513e+01
9.999987e-01 1.306911e-04 1.635686e-03 -1.328238e+01 -1.317154e-04 9.999998e-01 6.261876e-04 -5.221062e-02 -1.635604e-03 -6.264015e-04 9.999985e-01 3.840180e+01
9.999927e-01 -5.219914e-06 -3.830466e-03 -1.280555e+01 2.853471e-06 9.999998e-01 -6.177606e-04 -7.995853e-02 3.830468e-03 6.177444e-04 9.999925e-01 3.891702e+01
9.999975e-01 1.791610e-04 2.245582e-03 -1.224288e+01 -1.804168e-04 9.999998e-01 5.590985e-04 -1.194371e-01 -2.245481e-03 -5.595016e-04 9.999973e-01 3.966495e+01
9.999901e-01 -7.973312e-05 -4.458331e-03 -1.189087e+01 7.727453e-05 9.999998e-01 -5.515954e-04 -1.470223e-01 4.458374e-03 5.512447e-04 9.999899e-01 4.003009e+01
9.999983e-01 3.693792e-05 1.824907e-03 -1.166587e+01 -3.810183e-05 9.999998e-01 6.378421e-04 -1.615288e-01 -1.824883e-03 -6.379098e-04 9.999981e-01 4.010056e+01
9.999903e-01 -6.367484e-05 -4.414940e-03 -1.144911e+01 6.123574e-05 9.999998e-01 -5.525639e-04 -1.778806e-01 4.414974e-03 5.522875e-04 9.999901e-01 4.024184e+01
9.999977e-01 1.479378e-04 2.118241e-03 -1.120765e+01 -1.490160e-04 9.999999e-01 5.089573e-04 -2.078605e-01 -2.118165e-03 -5.092711e-04 9.999976e-01 4.094571e+01
9.999895e-01 -1.159094e-04 -4.571622e-03 -1.107124e+01 1.131774e-04 9.999998e-01 -5.978121e-04 -2.329608e-01 4.571690e-03 5.972878e-04 9.999894e-01 4.168506e+01
9.999987e-01 -4.386667e-06 1.611153e-03 -1.129134e+01 3.341263e-06 9.999998e-01 6.489564e-04 -2.345711e-01 -1.611156e-03 -6.489494e-04 9.999985e-01 4.210965e+01
9.999890e-01 -9.585118e-05 -4.678864e-03 -1.141882e+01 9.256418e-05 9.999997e-01 -7.026970e-04 -2.420631e-01 4.678929e-03 7.022555e-04 9.999888e-01 4.278524e+01
9.999986e-01 3.599419e-05 1.687956e-03 -1.150638e+01 -3.713844e-05 9.999998e-01 6.779618e-04 -2.490820e-01 -1.687931e-03 -6.780228e-04 9.999983e-01 4.330592e+01
9.999891e-01 -1.557456e-04 -4.673777e-03 -1.180673e+01 1.529986e-04 9.999998e-01 -5.880820e-04 -2.436920e-01 4.673867e-03 5.873598e-04 9.999889e-01 4.363656e+01
9.999994e-01 -9.855613e-05 1.064891e-03 -1.256074e+01 9.779056e-05 9.999997e-01 7.190931e-04 -2.072621e-01 -1.064961e-03 -7.189878e-04 9.999992e-01 4.403005e+01
9.999898e-01 -9.853082e-05 -4.524874e-03 -1.312973e+01 9.573753e-05 9.999998e-01 -6.174970e-04 -1.798304e-01 4.524934e-03 6.170568e-04 9.999896e-01 4.443718e+01
9.999990e-01 6.704181e-05 1.437483e-03 -1.314645e+01 -6.792114e-05 9.999998e-01 6.117880e-04 -1.872479e-01 -1.437441e-03 -6.118843e-04 9.999988e-01 4.494575e+01
9.999879e-01 -2.480098e-04 -4.915096e-03 -1.342348e+01 2.447579e-04 9.999998e-01 -6.621708e-04 -1.821655e-01 4.915259e-03 6.609591e-04 9.999877e-01 4.572023e+01
9.999974e-01 1.117892e-04 2.266250e-03 -1.362786e+01 -1.132619e-04 9.999998e-01 6.498061e-04 -1.892110e-01 -2.266177e-03 -6.500604e-04 9.999972e-01 4.621679e+01
9.999877e-01 -1.185804e-04 -4.966346e-03 -1.338253e+01 1.160125e-04 9.999999e-01 -5.173256e-04 -1.949819e-01 4.966407e-03 5.167424e-04 9.999875e-01 4.588321e+01
9.999974e-01 1.989514e-04 2.269235e-03 -1.306259e+01 -2.003457e-04 9.999998e-01 6.143283e-04 -2.139736e-01 -2.269112e-03 -6.147807e-04 9.999972e-01 4.606749e+01
9.999840e-01 -3.718621e-04 -5.646974e-03 -1.331776e+01 3.684653e-04 9.999998e-01 -6.025157e-04 -2.088770e-01 5.647196e-03 6.004247e-04 9.999839e-01 4.663836e+01
9.999983e-01 -2.828691e-05 1.839838e-03 -1.430107e+01 2.721566e-05 9.999998e-01 5.823668e-04 -1.584515e-01 -1.839854e-03 -5.823150e-04 9.999981e-01 4.763832e+01
9.999877e-01 -4.380392e-04 -4.935454e-03 -1.533079e+01 4.353446e-04 9.999998e-01 -5.469945e-04 -1.160377e-01 4.935692e-03 5.448385e-04 9.999877e-01 4.862008e+01
9.999983e-01 7.125501e-05 1.837134e-03 -1.597135e+01 -7.184195e-05 9.999999e-01 3.195194e-04 -9.456256e-02 -1.837111e-03 -3.196501e-04 9.999983e-01 5.013109e+01
9.999883e-01 -4.004536e-04 -4.826865e-03 -1.644905e+01 3.976660e-04 9.999998e-01 -5.784473e-04 -8.151818e-02 4.827095e-03 5.765203e-04 9.999882e-01 5.155006e+01
9.999992e-01 1.222658e-04 1.278646e-03 -1.692397e+01 -1.228235e-04 9.999999e-01 4.362902e-04 -6.241522e-02 -1.278592e-03 -4.364462e-04 9.999991e-01 5.259247e+01
9.999894e-01 -3.565637e-04 -4.580192e-03 -1.745898e+01 3.545442e-04 9.999998e-01 -4.416774e-04 -3.869411e-02 4.580348e-03 4.400482e-04 9.999894e-01 5.334306e+01
9.999980e-01 3.051794e-04 1.972812e-03 -1.758515e+01 -3.061545e-04 9.999998e-01 4.940878e-04 -4.052583e-02 -1.972661e-03 -4.946901e-04 9.999979e-01 5.396768e+01
9.999894e-01 -3.782136e-04 -4.581033e-03 -1.773696e+01 3.764089e-04 9.999999e-01 -3.947668e-04 -3.753624e-02 4.581182e-03 3.930376e-04 9.999894e-01 5.440816e+01
9.999991e-01 1.796586e-04 1.353685e-03 -1.818390e+01 -1.803347e-04 9.999999e-01 4.994872e-04 -1.830506e-02 -1.353594e-03 -4.997301e-04 9.999990e-01 5.484124e+01
9.999906e-01 -3.538084e-04 -4.314093e-03 -1.872150e+01 3.527327e-04 9.999999e-01 -2.500630e-04 1.981141e-03 4.314181e-03 2.485382e-04 9.999907e-01 5.498220e+01
9.999985e-01 3.604627e-04 1.714597e-03 -1.861458e+01 -3.609585e-04 9.999999e-01 2.889735e-04 -1.022526e-02 -1.714492e-03 -2.895912e-04 9.999985e-01 5.548926e+01
9.999896e-01 -4.374715e-04 -4.533947e-03 -1.866542e+01 4.359196e-04 9.999998e-01 -3.432204e-04 -2.318685e-02 4.534096e-03 3.412397e-04 9.999897e-01 5.632000e+01
9.999992e-01 7.755286e-05 1.264324e-03 -1.950198e+01 -7.809995e-05 9.999999e-01 4.328191e-04 1.407699e-02 -1.264290e-03 -4.329168e-04 9.999991e-01 5.692220e+01
9.999913e-01 -3.713586e-04 -4.163914e-03 -2.016554e+01 3.703706e-04 9.999999e-01 -2.380013e-04 3.626216e-02 4.164001e-03 2.364564e-04 9.999913e-01 5.711719e+01
9.999997e-01 1.248596e-04 7.299232e-04 -2.077151e+01 -1.251364e-04 9.999999e-01 3.794661e-04 6.378885e-02 -7.298754e-04 -3.795567e-04 9.999997e-01 5.745775e+01
9.999901e-01 -2.917103e-04 -4.445568e-03 -2.125138e+01 2.902531e-04 9.999999e-01 -3.284063e-04 9.099661e-02 4.445663e-03 3.271120e-04 9.999901e-01 5.798662e+01
9.999995e-01 1.029196e-04 9.846965e-04 -2.170165e+01 -1.033242e-04 9.999999e-01 4.110437e-04 1.136729e-01 -9.846538e-04 -4.111446e-04 9.999994e-01 5.838413e+01
9.999897e-01 -3.265866e-04 -4.533289e-03 -2.214152e+01 3.249877e-04 9.999999e-01 -3.533781e-04 1.336756e-01 4.533404e-03 3.519005e-04 9.999897e-01 5.889761e+01
9.999988e-01 8.546087e-05 1.528592e-03 -2.276553e+01 -8.631769e-05 9.999998e-01 5.605950e-04 1.534035e-01 -1.528543e-03 -5.607256e-04 9.999987e-01 5.900488e+01
9.999886e-01 -3.881624e-04 -4.757078e-03 -2.366288e+01 3.867785e-04 9.999999e-01 -2.917763e-04 1.902537e-01 4.757190e-03 2.899323e-04 9.999886e-01 5.905325e+01
9.999992e-01 1.829016e-04 1.245432e-03 -2.412437e+01 -1.833077e-04 9.999999e-01 3.261591e-04 2.204864e-01 -1.245372e-03 -3.263865e-04 9.999992e-01 5.943053e+01
9.999912e-01 -2.821651e-04 -4.183858e-03 -2.408888e+01 2.813569e-04 9.999999e-01 -1.936992e-04 2.206655e-01 4.183912e-03 1.925197e-04 9.999912e-01 5.921466e+01
9.999989e-01 4.250640e-04 1.398662e-03 -2.340921e+01 -4.254464e-04 9.999999e-01 2.732573e-04 2.130813e-01 -1.398546e-03 -2.738513e-04 9.999990e-01 5.908174e+01
9.999932e-01 -1.417742e-04 -3.682619e-03 -2.266249e+01 1.411633e-04 1.000000e+00 -1.660898e-04 1.906411e-01 3.682642e-03 1.655681e-04 9.999932e-01 5.928533e+01
9.999993e-01 2.225154e-04 1.146231e-03 -2.245656e+01 -2.227017e-04 1.000000e+00 1.626072e-04 1.697443e-01 -1.146194e-03 -1.628617e-04 9.999993e-01 5.983786e+01
9.999956e-01 7.010411e-05 -2.954648e-03 -2.171776e+01 -7.039240e-05 1.000000e+00 -9.739981e-05 1.380961e-01 2.954641e-03 9.760669e-05 9.999956e-01 6.037435e+01
9.999991e-01 2.798805e-04 1.342432e-03 -2.081229e+01 -2.800751e-04 1.000000e+00 1.449053e-04 1.046071e-01 -1.342391e-03 -1.452805e-04 9.999991e-01 6.085123e+01
9.999933e-01 -7.520946e-05 -3.673317e-03 -2.025713e+01 7.453018e-05 1.000000e+00 -1.850065e-04 8.098452e-02 3.673330e-03 1.847307e-04 9.999932e-01 6.121722e+01
9.999993e-01 5.497277e-06 1.143402e-03 -2.012753e+01 -5.873200e-06 9.999999e-01 3.289477e-04 8.290431e-02 -1.143400e-03 -3.289536e-04 9.999993e-01 6.051548e+01
9.999924e-01 6.153786e-06 -3.894127e-03 -1.972936e+01 -7.029483e-06 1.000000e+00 -2.248115e-04 8.301379e-02 3.894125e-03 2.248365e-04 9.999924e-01 5.999992e+01
9.999987e-01 1.280310e-04 1.611522e-03 -1.909401e+01 -1.284429e-04 1.000000e+00 2.556369e-04 6.668512e-02 -1.611489e-03 -2.558429e-04 9.999987e-01 5.999267e+01
9.999942e-01 1.414990e-04 -3.417010e-03 -1.840219e+01 -1.424313e-04 1.000000e+00 -2.725173e-04 3.274985e-02 3.416971e-03 2.730017e-04 9.999941e-01 6.051120e+01
9.999985e-01 9.441342e-05 1.703409e-03 -1.781526e+01 -9.476714e-05 1.000000e+00 2.076981e-04 -4.062578e-03 -1.703389e-03 -2.078585e-04 9.999985e-01 6.114948e+01
9.999921e-01 9.807707e-05 -3.961167e-03 -1.721373e+01 -9.886624e-05 1.000000e+00 -1.989794e-04 -3.007394e-02 3.961147e-03 1.993687e-04 9.999921e-01 6.151117e+01
9.999992e-01 7.186021e-05 1.279998e-03 -1.666477e+01 -7.217292e-05 1.000000e+00 2.444274e-04 -4.501733e-02 -1.279980e-03 -2.445189e-04 9.999992e-01 6.158306e+01
9.999919e-01 -7.359490e-05 -4.032302e-03 -1.646058e+01 7.310290e-05 1.000000e+00 -1.221095e-04 -4.866474e-02 4.032311e-03 1.218130e-04 9.999919e-01 6.139811e+01
9.999990e-01 1.135703e-04 1.402772e-03 -1.606093e+01 -1.139221e-04 1.000000e+00 2.508449e-04 -5.186601e-02 -1.402743e-03 -2.510038e-04 9.999990e-01 6.099618e+01
9.999914e-01 4.654833e-05 -4.137001e-03 -1.526977e+01 -4.716476e-05 1.000000e+00 -1.488586e-04 -5.756928e-02 4.136994e-03 1.490518e-04 9.999914e-01 6.077373e+01
9.999985e-01 1.730490e-04 1.701648e-03 -1.440925e+01 -1.734611e-04 1.000000e+00 2.421210e-04 -6.869436e-02 -1.701606e-03 -2.424151e-04 9.999985e-01 6.066439e+01
9.999920e-01 9.910059e-06 -4.009945e-03 -1.362651e+01 -1.057744e-05 1.000000e+00 -1.663593e-04 -8.338316e-02 4.009942e-03 1.663997e-04 9.999919e-01 6.064246e+01
9.999984e-01 1.273722e-04 1.757296e-03 -1.302788e+01 -1.277608e-04 1.000000e+00 2.211024e-04 -1.041513e-01 -1.757268e-03 -2.213259e-04 9.999984e-01 6.078472e+01
9.999927e-01 4.564352e-05 -3.831347e-03 -1.241228e+01 -4.649601e-05 1.000000e+00 -2.223603e-04 -1.299996e-01 3.831337e-03 2.225362e-04 9.999926e-01 6.110500e+01
9.999984e-01 1.432245e-04 1.769474e-03 -1.175203e+01 -1.436379e-04 1.000000e+00 2.336271e-04 -1.562658e-01 -1.769440e-03 -2.338802e-04 9.999984e-01 6.142014e+01
9.999930e-01 1.581870e-04 -3.742539e-03 -1.093873e+01 -1.588184e-04 1.000000e+00 -1.683662e-04 -1.838614e-01 3.742512e-03 1.689587e-04 9.999930e-01 6.171655e+01
9.999982e-01 9.412508e-05 1.872402e-03 -1.030280e+01 -9.450252e-05 1.000000e+00 2.016073e-04 -2.162026e-01 -1.872382e-03 -2.017832e-04 9.999982e-01 6.214756e+01
9.999917e-01 8.917456e-05 -4.069827e-03 -9.703681e+00 -8.963046e-05 1.000000e+00 -1.117851e-04 -2.418562e-01 4.069816e-03 1.121483e-04 9.999917e-01 6.240587e+01
9.999988e-01 8.928161e-05 1.547827e-03 -8.970892e+00 -8.960415e-05 1.000000e+00 2.084527e-04 -2.553386e-01 -1.547808e-03 -2.085905e-04 9.999988e-01 6.237501e+01
9.999926e-01 1.823657e-04 -3.831497e-03 -8.314487e+00 -1.827680e-04 1.000000e+00 -1.045941e-04 -2.797976e-01 3.831477e-03 1.052929e-04 9.999927e-01 6.262273e+01
9.999991e-01 -1.021639e-05 1.328798e-03 -7.966253e+00 9.975924e-06 1.000000e+00 1.811358e-04 -2.951560e-01 -1.328800e-03 -1.811217e-04 9.999991e-01 6.303568e+01
9.999926e-01 2.378780e-04 -3.851841e-03 -7.299105e+00 -2.383022e-04 1.000000e+00 -1.096073e-04 -3.121806e-01 3.851815e-03 1.105237e-04 9.999926e-01 6.316943e+01
9.999989e-01 -3.415079e-05 1.509786e-03 -6.790365e+00 3.388878e-05 1.000000e+00 1.737121e-04 -3.380660e-01 -1.509791e-03 -1.736600e-04 9.999988e-01 6.358101e+01
9.999932e-01 1.910936e-04 -3.689459e-03 -6.127716e+00 -1.918940e-04 1.000000e+00 -2.165338e-04 -3.549659e-01 3.689417e-03 2.172397e-04 9.999932e-01 6.364777e+01
9.999992e-01 -1.630135e-04 1.287297e-03 -5.531887e+00 1.627137e-04 1.000000e+00 2.331405e-04 -3.516646e-01 -1.287335e-03 -2.329302e-04 9.999991e-01 6.300107e+01
9.999929e-01 2.455933e-04 -3.753212e-03 -4.871735e+00 -2.461843e-04 1.000000e+00 -1.569530e-04 -3.587873e-01 3.753173e-03 1.578752e-04 9.999929e-01 6.276789e+01
9.999986e-01 -2.873393e-05 1.647731e-03 -4.391689e+00 2.847434e-05 1.000000e+00 1.576959e-04 -3.886525e-01 -1.647736e-03 -1.576481e-04 9.999986e-01 6.343611e+01
9.999928e-01 6.903885e-05 -3.806029e-03 -4.018412e+00 -6.973145e-05 1.000000e+00 -1.817850e-04 -4.105116e-01 3.806016e-03 1.820484e-04 9.999927e-01 6.384545e+01
9.999991e-01 1.105647e-04 1.325588e-03 -3.280531e+00 -1.109623e-04 9.999999e-01 3.000039e-04 -4.240568e-01 -1.325554e-03 -3.001500e-04 9.999991e-01 6.378706e+01
9.999943e-01 1.469788e-04 -3.377014e-03 -2.594609e+00 -1.478254e-04 1.000000e+00 -2.503926e-04 -4.504438e-01 3.376977e-03 2.508897e-04 9.999943e-01 6.405184e+01
9.999991e-01 8.729541e-05 1.360880e-03 -1.990261e+00 -8.768782e-05 1.000000e+00 2.884609e-04 -4.808280e-01 -1.360854e-03 -2.885793e-04 9.999990e-01 6.449196e+01
9.999948e-01 1.922801e-04 -3.232385e-03 -1.325180e+00 -1.931300e-04 9.999999e-01 -2.625511e-04 -5.131663e-01 3.232334e-03 2.631733e-04 9.999947e-01 6.498129e+01
9.999995e-01 1.716249e-05 9.886879e-04 -5.601333e-01 -1.745322e-05 1.000000e+00 2.942717e-04 -5.338097e-01 -9.886826e-04 -2.942881e-04 9.999995e-01 6.513298e+01
9.999953e-01 2.433880e-04 -3.062114e-03 2.311879e-01 -2.441649e-04 9.999999e-01 -2.532564e-04 -5.578565e-01 3.062052e-03 2.540022e-04 9.999953e-01 6.545994e+01
9.999995e-01 -4.032973e-05 1.000103e-03 8.575136e-01 4.008604e-05 1.000000e+00 2.439104e-04 -5.849456e-01 -1.000113e-03 -2.438695e-04 9.999995e-01 6.593496e+01
9.999936e-01 1.032121e-04 -3.588729e-03 1.052311e+00 -1.039823e-04 1.000000e+00 -2.143811e-04 -6.087460e-01 3.588707e-03 2.147522e-04 9.999935e-01 6.635799e+01
9.999993e-01 3.827191e-06 1.182591e-03 1.315951e+00 -4.112769e-06 1.000000e+00 2.416761e-04 -6.358001e-01 -1.182589e-03 -2.416801e-04 9.999993e-01 6.676069e+01
9.999923e-01 1.295508e-04 -3.928416e-03 1.886644e+00 -1.301241e-04 1.000000e+00 -1.456011e-04 -6.504483e-01 3.928396e-03 1.461105e-04 9.999923e-01 6.678039e+01
9.999995e-01 7.083200e-06 1.005613e-03 2.139962e+00 -7.245830e-06 1.000000e+00 1.619482e-04 -6.681975e-01 -1.005611e-03 -1.619547e-04 9.999995e-01 6.726130e+01
9.999918e-01 1.443271e-04 -4.047666e-03 2.416012e+00 -1.448900e-04 1.000000e+00 -1.386983e-04 -6.820228e-01 4.047646e-03 1.392830e-04 9.999918e-01 6.769202e+01
9.999989e-01 1.566364e-04 1.471306e-03 3.523511e+00 -1.570916e-04 9.999999e-01 3.094442e-04 -6.917567e-01 -1.471257e-03 -3.096743e-04 9.999989e-01 6.757008e+01
9.999924e-01 1.460948e-04 -3.889428e-03 4.652202e+00 -1.471491e-04 1.000000e+00 -2.707172e-04 -6.981274e-01 3.889388e-03 2.712868e-04 9.999924e-01 6.736055e+01
9.999992e-01 4.761218e-05 1.239162e-03 5.319993e+00 -4.800438e-05 9.999999e-01 3.166625e-04 -7.125583e-01 -1.239147e-03 -3.167211e-04 9.999992e-01 6.743105e+01
9.999924e-01 1.290747e-04 -3.901055e-03 5.997516e+00 -1.299030e-04 1.000000e+00 -2.120136e-04 -7.260237e-01 3.901027e-03 2.125181e-04 9.999924e-01 6.745794e+01
9.999977e-01 3.092636e-04 2.099827e-03 6.911997e+00 -3.097619e-04 9.999999e-01 2.370764e-04 -7.611722e-01 -2.099754e-03 -2.377257e-04 9.999978e-01 6.812693e+01
9.999922e-01 3.242489e-05 -3.950529e-03 7.614694e+00 -3.389374e-05 9.999999e-01 -3.716852e-04 -7.970399e-01 3.950516e-03 3.718155e-04 9.999921e-01 6.891864e+01
9.999985e-01 1.616331e-04 1.739470e-03 8.109479e+00 -1.623122e-04 9.999999e-01 3.903768e-04 -8.244288e-01 -1.739407e-03 -3.906578e-04 9.999984e-01 6.931813e+01
9.999906e-01 -8.226833e-05 -4.336083e-03 8.442206e+00 8.069018e-05 9.999999e-01 -3.640784e-04 -8.448811e-01 4.336112e-03 3.637244e-04 9.999905e-01 6.969247e+01
9.999985e-01 1.168689e-04 1.709111e-03 8.854820e+00 -1.175596e-04 9.999999e-01 4.042038e-04 -8.535045e-01 -1.709064e-03 -4.044035e-04 9.999985e-01 6.947115e+01
9.999901e-01 -7.209986e-05 -4.453524e-03 9.062003e+00 7.062586e-05 9.999999e-01 -3.310779e-04 -8.725472e-01 4.453548e-03 3.307594e-04 9.999900e-01 6.982726e+01
9.999963e-01 4.780169e-04 2.692504e-03 1.009708e+01 -4.791271e-04 9.999998e-01 4.118035e-04 -9.040303e-01 -2.692306e-03 -4.130914e-04 9.999963e-01 7.026411e+01
9.999890e-01 -1.129986e-04 -4.687825e-03 1.134729e+01 1.112133e-04 9.999999e-01 -3.810574e-04 -9.184366e-01 4.687868e-03 3.805312e-04 9.999889e-01 7.021346e+01
9.999987e-01 1.042048e-04 1.612489e-03 1.138516e+01 -1.049300e-04 9.999999e-01 4.498374e-04 -9.226233e-01 -1.612442e-03 -4.500053e-04 9.999986e-01 7.042710e+01
9.999905e-01 -3.423670e-04 -4.338857e-03 1.060330e+01 3.417440e-04 9.999999e-01 -1.442785e-04 -8.997705e-01 4.338906e-03 1.427937e-04 9.999906e-01 7.025105e+01
9.999984e-01 1.980343e-04 1.779629e-03 1.033042e+01 -1.986674e-04 9.999999e-01 3.556659e-04 -8.959009e-01 -1.779558e-03 -3.560182e-04 9.999984e-01 6.966571e+01
9.999904e-01 -2.366305e-04 -4.376917e-03 1.047570e+01 2.357343e-04 1.000000e+00 -2.052317e-04 -9.100203e-01 4.376965e-03 2.041973e-04 9.999904e-01 6.962205e+01
9.999976e-01 3.939645e-04 2.176015e-03 1.101319e+01 -3.943968e-04 9.999999e-01 1.983650e-04 -9.355576e-01 -2.175936e-03 -1.992221e-04 9.999976e-01 7.005865e+01
9.999920e-01 -1.058196e-04 -3.987350e-03 1.179442e+01 1.052478e-04 1.000000e+00 -1.435535e-04 -9.675323e-01 3.987365e-03 1.431320e-04 9.999920e-01 7.048649e+01
9.999973e-01 3.823976e-04 2.281095e-03 1.251364e+01 -3.827673e-04 9.999999e-01 1.617273e-04 -9.991894e-01 -2.281033e-03 -1.625994e-04 9.999974e-01 7.089440e+01
9.999889e-01 -3.989285e-04 -4.698362e-03 1.283748e+01 3.983066e-04 9.999999e-01 -1.332293e-04 -1.004935e+00 4.698415e-03 1.313557e-04 9.999890e-01 7.046421e+01
9.999968e-01 4.971777e-04 2.487748e-03 1.365499e+01 -4.974548e-04 9.999999e-01 1.108599e-04 -1.001453e+00 -2.487692e-03 -1.120964e-04 9.999969e-01 6.963249e+01
9.999907e-01 -3.196755e-04 -4.311187e-03 1.478794e+01 3.183795e-04 9.999999e-01 -3.012350e-04 -1.000368e+00 4.311282e-03 2.998589e-04 9.999907e-01 6.905619e+01
9.999986e-01 3.650766e-04 1.655145e-03 1.536970e+01 -3.657115e-04 9.999999e-01 3.834648e-04 -1.003512e+00 -1.655004e-03 -3.840689e-04 9.999986e-01 6.868096e+01
9.999913e-01 -1.825204e-04 -4.156689e-03 1.624080e+01 1.811982e-04 9.999999e-01 -3.183883e-04 -1.012279e+00 4.156746e-03 3.176317e-04 9.999913e-01 6.850099e+01
9.999979e-01 3.897209e-04 2.012014e-03 1.682156e+01 -3.904555e-04 9.999999e-01 3.648384e-04 -1.040175e+00 -2.011871e-03 -3.656226e-04 9.999979e-01 6.885535e+01
9.999919e-01 -1.180211e-04 -4.029620e-03 1.735583e+01 1.164085e-04 9.999999e-01 -4.003724e-04 -1.073722e+00 4.029667e-03 3.998994e-04 9.999918e-01 6.945775e+01
9.999980e-01 3.590154e-04 1.956294e-03 1.790605e+01 -3.597814e-04 9.999999e-01 3.913471e-04 -1.103995e+00 -1.956153e-03 -3.920495e-04 9.999980e-01 6.991421e+01
9.999878e-01 -2.870780e-04 -4.927653e-03 1.809040e+01 2.853904e-04 9.999999e-01 -3.431301e-04 -1.118506e+00 4.927751e-03 3.417189e-04 9.999878e-01 7.024657e+01
9.999968e-01 3.864783e-04 2.495134e-03 1.832806e+01 -3.871288e-04 9.999999e-01 2.603592e-04 -1.143920e+00 -2.495033e-03 -2.613237e-04 9.999969e-01 7.098514e+01
9.999929e-01 1.453051e-04 -3.763328e-03 1.945763e+01 -1.465115e-04 9.999999e-01 -3.202162e-04 -1.185822e+00 3.763281e-03 3.207647e-04 9.999929e-01 7.199805e+01
