9.999963e-01 8.554988e-06 -2.715560e-03 2.335970e-02 -8.578868e-06 1.000000e+00 -8.773080e-06 -1.793209e-02 2.715559e-03 8.795632e-06 9.999963e-01 4.745398e-01
1.000000e+00 1.629640e-05 1.553205e-04 1.008914e-01 -1.629376e-05 1.000000e+00 -1.683903e-05 -3.971071e-02 -1.553204e-04 1.683721e-05 1.000000e+00 9.955657e-01
9.999958e-01 -3.894853e-05 -2.897798e-03 8.067697e-02 3.882897e-05 1.000000e+00 -4.130679e-05 -5.480846e-02 2.897799e-03 4.119339e-05 9.999958e-01 1.667570e+00
1.000000e+00 3.654397e-05 2.238341e-04 1.127035e-01 -3.654726e-05 1.000000e+00 1.480696e-05 -7.439139e-02 -2.238333e-04 -1.481443e-05 1.000000e+00 2.220826e+00
9.999958e-01 -1.972027e-05 -2.891384e-03 2.287739e-01 1.975641e-05 1.000000e+00 1.247986e-05 -9.808575e-02 2.891384e-03 -1.253765e-05 9.999958e-01 2.565696e+00
9.999999e-01 -7.186741e-06 3.937689e-04 2.665300e-01 7.158959e-06 1.000000e+00 7.062977e-05 -1.186566e-01 -3.937691e-04 -7.062623e-05 9.999999e-01 2.791516e+00
9.999952e-01 1.417114e-05 -3.104888e-03 3.486948e-01 -1.455041e-05 1.000000e+00 -1.221185e-04 -1.392763e-01 3.104886e-03 1.221624e-04 9.999952e-01 3.409445e+00
1.000000e+00 -6.876392e-05 2.427650e-04 3.121943e-01 6.875003e-05 1.000000e+00 5.732755e-05 -1.542116e-01 -2.427686e-04 -5.731015e-05 1.000000e+00 4.079783e+00
9.999953e-01 -5.837523e-05 -3.060873e-03 -6.524793e-02 5.841467e-05 1.000000e+00 1.280560e-05 -1.472485e-01 3.060872e-03 -1.298505e-05 9.999953e-01 4.534490e+00
1.000000e+00 -7.094918e-05 2.332022e-04 -4.367993e-01 7.093723e-05 1.000000e+00 5.142989e-05 -1.406839e-01 -2.332055e-04 -5.141264e-05 1.000000e+00 4.960158e+00
9.999956e-01 7.511499e-05 -2.979557e-03 -3.711107e-01 -7.541480e-05 1.000000e+00 -1.004981e-04 -1.616083e-01 2.979549e-03 1.007216e-04 9.999956e-01 5.593307e+00
1.000000e+00 -1.413284e-04 2.042813e-04 -6.685991e-01 1.413018e-04 1.000000e+00 1.304325e-04 -1.577960e-01 -2.042994e-04 -1.304030e-04 1.000000e+00 6.157377e+00
9.999955e-01 7.781152e-05 -2.991879e-03 -9.015643e-01 -7.814723e-05 1.000000e+00 -1.120755e-04 -1.568476e-01 2.991870e-03 1.123081e-04 9.999955e-01 6.690259e+00
1.000000e+00 -1.231928e-04 2.696460e-04 -1.125185e+00 1.231402e-04 1.000000e+00 1.952395e-04 -1.558373e-01 -2.696697e-04 -1.952056e-04 9.999999e-01 7.037763e+00
9.999957e-01 5.569582e-05 -2.934397e-03 -1.440018e+00 -5.603899e-05 1.000000e+00 -1.168502e-04 -1.517679e-01 2.934390e-03 1.170134e-04 9.999957e-01 7.397109e+00
1.000000e+00 -8.237286e-05 2.333816e-04 -1.634201e+00 8.232520e-05 1.000000e+00 2.044233e-04 -1.515332e-01 -2.333981e-04 -2.044034e-04 1.000000e+00 7.771256e+00
9.999956e-01 -3.663153e-05 -2.970668e-03 -2.090278e+00 3.645454e-05 1.000000e+00 -5.962085e-05 -1.427396e-01 2.970670e-03 5.951158e-05 9.999956e-01 8.013334e+00
9.999999e-01 -1.158197e-04 4.256150e-04 -2.564130e+00 1.157109e-04 1.000000e+00 2.559056e-04 -1.352559e-01 -4.256443e-04 -2.558556e-04 9.999999e-01 8.106578e+00
9.999952e-01 -4.503861e-06 -3.108990e-03 -3.038479e+00 4.136090e-06 1.000000e+00 -1.182862e-04 -1.239139e-01 3.108990e-03 1.182720e-04 9.999952e-01 8.402322e+00
9.999999e-01 -6.253487e-05 3.857036e-04 -3.235833e+00 6.244681e-05 1.000000e+00 2.284519e-04 -1.207853e-01 -3.857175e-04 -2.284271e-04 9.999999e-01 8.707989e+00
9.999958e-01 8.430417e-05 -2.881674e-03 -3.019352e+00 -8.478972e-05 1.000000e+00 -1.683593e-04 -1.272543e-01 2.881659e-03 1.686022e-04 9.999958e-01 8.844577e+00
9.999999e-01 -1.038054e-04 4.430611e-04 -2.917579e+00 1.036740e-04 1.000000e+00 2.965261e-04 -1.327675e-01 -4.430915e-04 -2.964795e-04 9.999999e-01 8.809840e+00
9.999960e-01 1.569590e-04 -2.825225e-03 -2.507060e+00 -1.576350e-04 1.000000e+00 -2.390576e-04 -1.435864e-01 2.825187e-03 2.395013e-04 9.999960e-01 8.659485e+00
9.999998e-01 -3.946148e-05 6.267218e-04 -1.839582e+00 3.930932e-05 1.000000e+00 2.428665e-04 -1.608718e-01 -6.267310e-04 -2.428411e-04 9.999998e-01 8.712295e+00
9.999952e-01 8.469917e-05 -3.107666e-03 -1.579667e+00 -8.542186e-05 1.000000e+00 -2.324030e-04 -1.758159e-01 3.107646e-03 2.326666e-04 9.999951e-01 9.171635e+00
9.999999e-01 -1.310923e-04 4.956791e-04 -1.654234e+00 1.309673e-04 1.000000e+00 2.523566e-04 -1.845211e-01 -4.957118e-04 -2.522910e-04 9.999998e-01 9.636144e+00
9.999958e-01 2.270698e-04 -2.878523e-03 -1.073620e+00 -2.277052e-04 9.999999e-01 -2.203799e-04 -2.017687e-01 2.878472e-03 2.210337e-04 9.999958e-01 9.732232e+00
9.999998e-01 -1.233764e-04 6.033262e-04 -4.278742e-01 1.232475e-04 1.000000e+00 2.137096e-04 -2.072510e-01 -6.033522e-04 -2.136345e-04 9.999998e-01 9.387217e+00
9.999941e-01 -5.473277e-05 -3.433601e-03 -8.665287e-01 5.433055e-05 1.000000e+00 -1.172204e-04 -1.883887e-01 3.433608e-03 1.170325e-04 9.999941e-01 9.344310e+00
9.999998e-01 -1.544356e-04 6.196181e-04 -1.362879e+00 1.542489e-04 9.999999e-01 3.013649e-04 -1.706931e-01 -6.196643e-04 -3.012685e-04 9.999998e-01 9.292933e+00
9.999939e-01 6.629993e-05 -3.496515e-03 -1.550216e+00 -6.713669e-05 1.000000e+00 -2.391816e-04 -1.666920e-01 3.496498e-03 2.394142e-04 9.999939e-01 9.671159e+00
9.999995e-01 -9.522943e-06 1.002224e-03 -1.087818e+00 9.259131e-06 1.000000e+00 2.632852e-04 -1.779087e-01 -1.002226e-03 -2.632751e-04 9.999995e-01 9.642971e+00
9.999943e-01 9.869765e-05 -3.374456e-03 -5.290861e-01 -9.961783e-05 1.000000e+00 -2.725084e-04 -1.932981e-01 3.374429e-03 2.728423e-04 9.999943e-01 9.641351e+00
9.999998e-01 -8.857077e-05 6.707145e-04 -9.544809e-02 8.839635e-05 1.000000e+00 2.601594e-04 -1.923710e-01 -6.707372e-04 -2.600993e-04 9.999997e-01 9.103685e+00
9.999949e-01 1.179046e-05 -3.194556e-03 5.306436e-02 -1.249729e-05 1.000000e+00 -2.212239e-04 -1.886909e-01 3.194553e-03 2.212619e-04 9.999949e-01 8.306025e+00
9.999997e-01 -6.349901e-05 8.207520e-04 -3.723046e-02 6.322514e-05 9.999999e-01 3.337757e-04 -1.873669e-01 -8.207728e-04 -3.337229e-04 9.999996e-01 7.549934e+00
9.999929e-01 -1.328498e-04 -3.760942e-03 -6.277934e-01 1.324970e-04 1.000000e+00 -9.403426e-05 -1.742576e-01 3.760954e-03 9.353457e-05 9.999929e-01 7.499832e+00
9.999999e-01 2.182470e-05 4.455236e-04 -8.390756e-01 -2.184851e-05 1.000000e+00 5.358188e-05 -1.766036e-01 -4.455221e-04 -5.359090e-05 9.999999e-01 8.119531e+00
9.999937e-01 -7.649316e-05 -3.543766e-03 -8.696541e-01 7.603082e-05 1.000000e+00 -1.305827e-04 -1.905253e-01 3.543776e-03 1.303118e-04 9.999937e-01 8.769199e+00
9.999998e-01 7.303319e-05 6.656324e-04 -7.308887e-01 -7.312644e-05 1.000000e+00 1.401556e-04 -2.082823e-01 -6.656218e-04 -1.402035e-04 9.999998e-01 9.166191e+00
9.999935e-01 -8.455140e-05 -3.606584e-03 -6.543678e-01 8.404767e-05 1.000000e+00 -1.398047e-04 -2.243712e-01 3.606596e-03 1.395000e-04 9.999935e-01 9.556850e+00
9.999999e-01 -1.851965e-05 4.541199e-04 -9.000401e-01 1.842847e-05 1.000000e+00 2.009252e-04 -2.250956e-01 -4.541233e-04 -2.009161e-04 9.999999e-01 9.935156e+00
9.999939e-01 -1.304300e-04 -3.479346e-03 -1.355878e+00 1.304591e-04 1.000000e+00 8.160494e-06 -2.168261e-01 3.479345e-03 -8.615067e-06 9.999939e-01 9.924776e+00
9.999998e-01 -4.168495e-05 6.482715e-04 -1.907910e+00 4.152817e-05 1.000000e+00 2.419564e-04 -2.056116e-01 -6.482812e-04 -2.419288e-04 9.999998e-01 9.823589e+00
9.999915e-01 -1.243713e-04 -4.125443e-03 -2.393151e+00 1.237157e-04 1.000000e+00 -1.591455e-04 -1.915836e-01 4.125462e-03 1.586331e-04 9.999915e-01 1.020833e+01
9.999994e-01 -1.079014e-04 1.048193e-03 -3.026670e+00 1.075041e-04 9.999999e-01 3.790901e-04 -1.732168e-01 -1.048234e-03 -3.789765e-04 9.999994e-01 1.024659e+01
9.999923e-01 -9.531546e-05 -3.915922e-03 -3.641431e+00 9.484976e-05 1.000000e+00 -1.190928e-04 -1.577224e-01 3.915933e-03 1.187198e-04 9.999923e-01 1.019267e+01
9.999994e-01 -7.543875e-05 1.047652e-03 -4.137694e+00 7.508348e-05 9.999999e-01 3.392078e-04 -1.463203e-01 -1.047677e-03 -3.391283e-04 9.999994e-01 1.020299e+01
9.999912e-01 -1.447580e-04 -4.200267e-03 -4.805795e+00 1.441268e-04 1.000000e+00 -1.505480e-04 -1.224734e-01 4.200288e-03 1.499406e-04 9.999912e-01 1.037315e+01
9.999994e-01 -5.733745e-05 1.052913e-03 -5.433020e+00 5.700727e-05 9.999999e-01 3.136838e-04 -1.016231e-01 -1.052930e-03 -3.136229e-04 9.999994e-01 1.058418e+01
9.999916e-01 5.485630e-06 -4.098545e-03 -5.483224e+00 -6.947204e-06 9.999999e-01 -3.565764e-04 -1.135510e-01 4.098543e-03 3.566011e-04 9.999915e-01 1.119996e+01
9.999998e-01 -1.060966e-04 6.814674e-04 -5.722627e+00 1.058914e-04 9.999999e-01 3.011718e-04 -1.106681e-01 -6.814990e-04 -3.010989e-04 9.999997e-01 1.185369e+01
9.999941e-01 -6.574049e-05 -3.420934e-03 -6.343855e+00 6.560003e-05 1.000000e+00 -4.114867e-05 -9.619296e-02 3.420937e-03 4.092331e-05 9.999941e-01 1.162263e+01
9.999998e-01 6.798900e-06 6.944333e-04 -6.315380e+00 -6.902600e-06 1.000000e+00 1.494395e-04 -1.014595e-01 -6.944319e-04 -1.494436e-04 9.999997e-01 1.124281e+01
9.999954e-01 4.327880e-05 -3.046082e-03 -5.952629e+00 -4.373379e-05 1.000000e+00 -1.492765e-04 -1.231122e-01 3.046075e-03 1.494083e-04 9.999953e-01 1.144851e+01
1.000000e+00 -9.021432e-05 -1.110409e-04 -6.130317e+00 9.024889e-05 9.999999e-01 3.107296e-04 -1.214221e-01 1.110132e-04 -3.107389e-04 9.999999e-01 1.140753e+01
9.999959e-01 -5.423881e-05 -2.854897e-03 -6.562632e+00 5.392959e-05 1.000000e+00 -1.083586e-04 -1.131076e-01 2.854903e-03 1.082035e-04 9.999959e-01 1.133270e+01
9.999999e-01 -8.448421e-05 -3.655762e-04 -6.926010e+00 8.454548e-05 1.000000e+00 1.673644e-04 -1.048230e-01 3.655624e-04 -1.673946e-04 9.999999e-01 1.167060e+01
9.999960e-01 -2.738247e-07 -2.828950e-03 -7.085467e+00 -1.420882e-08 1.000000e+00 -1.017880e-04 -1.100045e-01 2.828950e-03 1.017869e-04 9.999960e-01 1.196883e+01
1.000000e+00 -5.256528e-05 7.261715e-05 -6.871637e+00 5.255467e-05 1.000000e+00 1.472579e-04 -1.153613e-01 -7.262455e-05 -1.472534e-04 1.000000e+00 1.160868e+01
9.999979e-01 -4.038169e-05 -2.064088e-03 -7.055283e+00 4.024532e-05 1.000000e+00 -6.606672e-05 -1.051831e-01 2.064091e-03 6.598280e-05 9.999979e-01 1.036905e+01
9.999999e-01 -5.309568e-05 -5.008230e-04 -7.205685e+00 5.321559e-05 1.000000e+00 2.392354e-04 -1.179623e-01 5.008106e-04 -2.392613e-04 9.999998e-01 1.029141e+01
9.999980e-01 8.430102e-07 -1.989769e-03 -7.195832e+00 -1.077994e-06 1.000000e+00 -1.180529e-04 -1.351919e-01 1.989768e-03 1.180541e-04 9.999980e-01 1.040649e+01
9.999999e-01 -5.918535e-05 -3.139574e-04 -7.408572e+00 5.926668e-05 1.000000e+00 2.587626e-04 -1.305093e-01 3.139424e-04 -2.587805e-04 9.999999e-01 9.625970e+00
9.999974e-01 -2.666272e-05 -2.258221e-03 -7.684833e+00 2.646575e-05 1.000000e+00 -8.721383e-05 -1.272804e-01 2.258223e-03 8.715313e-05 9.999974e-01 9.182642e+00
1.000000e+00 -7.526068e-05 -1.231670e-04 -8.044983e+00 7.529574e-05 1.000000e+00 2.839474e-04 -1.212855e-01 1.231460e-04 -2.839560e-04 1.000000e+00 8.591659e+00
9.999972e-01 2.278412e-05 -2.347513e-03 -8.060664e+00 -2.324129e-05 1.000000e+00 -1.946836e-04 -1.202392e-01 2.347508e-03 1.947369e-04 9.999972e-01 7.860313e+00
1.000000e+00 -8.292830e-05 -1.400690e-04 -8.086014e+00 8.296942e-05 1.000000e+00 2.929499e-04 -1.197721e-01 1.400451e-04 -2.929608e-04 9.999999e-01 7.157451e+00
9.999974e-01 3.882911e-05 -2.274194e-03 -8.222753e+00 -3.922078e-05 1.000000e+00 -1.721408e-04 -1.173611e-01 2.274187e-03 1.722289e-04 9.999974e-01 6.530275e+00
9.999999e-01 -1.286811e-04 -3.442630e-04 -8.505478e+00 1.287933e-04 9.999999e-01 3.254924e-04 -1.080495e-01 3.442215e-04 -3.255360e-04 9.999999e-01 6.006780e+00
9.999980e-01 5.405562e-05 -1.985017e-03 -8.556358e+00 -5.453220e-05 1.000000e+00 -2.399894e-04 -9.547040e-02 1.985004e-03 2.400964e-04 9.999980e-01 5.188839e+00
9.999999e-01 -1.353065e-04 -4.024603e-04 -8.647309e+00 1.354583e-04 9.999999e-01 3.769844e-04 -8.981079e-02 4.024096e-04 -3.770381e-04 9.999998e-01 4.370166e+00
9.999986e-01 5.984239e-05 -1.665945e-03 -8.893665e+00 -6.024851e-05 1.000000e+00 -2.436749e-04 -8.059107e-02 1.665930e-03 2.437742e-04 9.999986e-01 3.367876e+00
9.999998e-01 -1.895968e-04 -5.834221e-04 -9.362895e+00 1.898498e-04 9.999999e-01 4.334068e-04 -6.439746e-02 5.833402e-04 -4.335167e-04 9.999997e-01 2.652532e+00
9.999986e-01 1.147141e-04 -1.643730e-03 -9.626715e+00 -1.151981e-04 1.000000e+00 -2.942699e-04 -5.077443e-02 1.643696e-03 2.944582e-04 9.999986e-01 1.689200e+00
9.999999e-01 -2.785358e-04 -4.467175e-04 -1.028562e+01 2.787460e-04 9.999999e-01 4.702621e-04 -2.595301e-02 4.465868e-04 -4.703858e-04 9.999998e-01 8.622997e-01
9.999985e-01 8.520910e-05 -1.711383e-03 -1.104937e+01 -8.554080e-05 1.000000e+00 -1.936939e-04 -2.549628e-03 1.711366e-03 1.938393e-04 9.999985e-01 1.965195e-01
9.999997e-01 -3.002931e-04 -6.647499e-04 -1.186568e+01 3.006036e-04 9.999998e-01 4.668879e-04 2.374206e-02 6.646100e-04 -4.670869e-04 9.999997e-01 -2.973939e-01
9.999989e-01 1.885228e-04 -1.465695e-03 -1.234677e+01 -1.889283e-04 9.999999e-01 -2.764051e-04 4.173560e-02 1.465643e-03 2.766810e-04 9.999989e-01 -1.257970e+00
9.999995e-01 -2.321061e-04 -9.834764e-04 -1.249134e+01 2.324688e-04 9.999999e-01 3.686162e-04 4.964754e-02 9.833911e-04 -3.688439e-04 9.999994e-01 -1.971120e+00
9.999981e-01 1.302428e-04 -1.966529e-03 -1.268421e+01 -1.308226e-04 9.999999e-01 -2.946172e-04 5.263190e-02 1.966490e-03 2.948732e-04 9.999980e-01 -2.089768e+00
9.999998e-01 -1.410730e-04 -6.908832e-04 -1.254744e+01 1.411900e-04 1.000000e+00 1.691730e-04 2.950789e-02 6.908597e-04 -1.692698e-04 9.999997e-01 -1.270574e+00
9.999973e-01 -1.481013e-05 -2.313880e-03 -1.308173e+01 1.481483e-05 1.000000e+00 2.059406e-06 4.715537e-02 2.313880e-03 -2.094385e-06 9.999973e-01 -1.526090e+00
9.999997e-01 -3.937252e-05 -7.770418e-04 -1.299993e+01 3.934051e-05 1.000000e+00 -4.133445e-05 3.915353e-02 7.770437e-04 4.130457e-05 9.999997e-01 -1.276992e+00
9.999981e-01 4.759708e-06 -1.939397e-03 -1.294242e+01 -4.655213e-06 1.000000e+00 5.393767e-05 4.169365e-02 1.939397e-03 -5.392925e-05 9.999981e-01 -1.836046e+00
9.999999e-01 -2.402611e-04 -3.925979e-04 -1.359919e+01 2.402873e-04 1.000000e+00 6.627298e-05 7.804975e-02 3.925823e-04 -6.636660e-05 9.999999e-01 -2.495340e+00
9.999972e-01 9.106155e-05 -2.362847e-03 -1.389389e+01 -9.093949e-05 1.000000e+00 5.180769e-05 8.702389e-02 2.362851e-03 -5.159338e-05 9.999972e-01 -2.663002e+00
9.999997e-01 -1.163134e-04 -7.712551e-04 -1.354346e+01 1.161826e-04 1.000000e+00 -1.697012e-04 9.275153e-02 7.712752e-04 1.696123e-04 9.999997e-01 -2.339536e+00
9.999985e-01 1.527782e-05 -1.712537e-03 -1.373779e+01 -1.477667e-05 1.000000e+00 2.927144e-04 1.063080e-01 1.712541e-03 -2.926894e-04 9.999985e-01 -3.135140e+00
9.999998e-01 -9.765388e-05 -6.108164e-04 -1.384740e+01 9.754852e-05 1.000000e+00 -1.726935e-04 1.154538e-01 6.108336e-04 1.726346e-04 9.999998e-01 -3.969771e+00
9.999961e-01 -4.313773e-05 -2.800474e-03 -1.390624e+01 4.322843e-05 1.000000e+00 3.236628e-05 1.384885e-01 2.800473e-03 -3.248792e-05 9.999961e-01 -3.448239e+00
1.000000e+00 -9.838928e-05 -1.936203e-04 -1.406348e+01 9.839012e-05 1.000000e+00 3.751762e-06 1.642361e-01 1.936203e-04 -3.770109e-06 1.000000e+00 -3.991509e+00
9.999984e-01 -1.110737e-06 -1.774971e-03 -1.402412e+01 1.147762e-06 1.000000e+00 2.092060e-05 1.763003e-01 1.774971e-03 -2.092330e-05 9.999984e-01 -5.305092e+00
1.000000e+00 1.112545e-04 -1.467123e-04 -1.315173e+01 -1.112764e-04 1.000000e+00 -1.495548e-04 1.681409e-01 1.466960e-04 1.495718e-04 1.000000e+00 -5.518453e+00
9.999947e-01 -9.912452e-05 -3.256559e-03 -1.263424e+01 9.917120e-05 1.000000e+00 1.420597e-05 1.800833e-01 3.256557e-03 -1.452955e-05 9.999947e-01 -5.354700e+00
9.999979e-01 -2.182851e-04 -2.050930e-03 -1.363815e+01 2.178372e-04 1.000000e+00 -2.186585e-04 2.573286e-01 2.050978e-03 2.182120e-04 9.999979e-01 -4.161171e+00
9.999968e-01 1.990337e-05 -2.527259e-03 -1.414511e+01 -1.996262e-05 1.000000e+00 -2.337172e-05 3.017069e-01 2.527258e-03 2.342140e-05 9.999968e-01 -3.028567e+00
9.999990e-01 -7.961046e-05 -1.391233e-03 -1.399166e+01 7.940087e-05 1.000000e+00 -1.507924e-04 3.193164e-01 1.391245e-03 1.506825e-04 9.999990e-01 -2.432985e+00
9.999983e-01 1.424784e-04 -1.861861e-03 -1.359389e+01 -1.423938e-04 1.000000e+00 4.562545e-05 3.280073e-01 1.861867e-03 -4.536096e-05 9.999983e-01 -2.439158e+00
9.999997e-01 -1.471627e-04 -7.659191e-04 -1.319372e+01 1.471474e-04 1.000000e+00 -2.020049e-05 3.436523e-01 7.659224e-04 2.008849e-05 9.999997e-01 -3.066486e+00
9.999988e-01 -1.265495e-05 -1.529018e-03 -1.348055e+01 1.283108e-05 1.000000e+00 1.152604e-04 3.693059e-01 1.529016e-03 -1.152805e-04 9.999988e-01 -3.899993e+00
9.999981e-01 -2.595449e-04 -1.925480e-03 -1.438623e+01 2.597323e-04 1.000000e+00 9.704443e-05 4.103984e-01 1.925455e-03 -9.754366e-05 9.999981e-01 -3.666746e+00
9.999996e-01 1.655777e-04 -9.107694e-04 -1.429200e+01 -1.655431e-04 1.000000e+00 3.815546e-05 4.110431e-01 9.107754e-04 -3.800537e-05 9.999996e-01 -4.185726e+00
9.999985e-01 -1.885464e-04 -1.744455e-03 -1.430066e+01 1.887112e-04 1.000000e+00 9.421107e-05 4.096086e-01 1.744438e-03 -9.453942e-05 9.999985e-01 -4.712855e+00
9.999996e-01 2.763338e-04 -8.502452e-04 -1.375965e+01 -2.764481e-04 1.000000e+00 -1.341929e-04 4.130707e-01 8.502078e-04 1.344272e-04 9.999996e-01 -5.374174e+00
9.999985e-01 -2.531929e-04 -1.723476e-03 -1.336867e+01 2.533997e-04 1.000000e+00 1.196608e-04 4.170888e-01 1.723446e-03 -1.200966e-04 9.999985e-01 -6.073630e+00
9.999997e-01 2.130829e-04 -6.864292e-04 -1.319325e+01 -2.131456e-04 1.000000e+00 -9.103665e-05 4.121207e-01 6.864094e-04 9.118223e-05 9.999998e-01 -6.493593e+00
9.999979e-01 -1.164211e-04 -2.051408e-03 -1.279177e+01 1.166162e-04 1.000000e+00 9.493586e-05 3.946150e-01 2.051397e-03 -9.517419e-05 9.999979e-01 -6.106793e+00
9.999994e-01 4.256380e-05 -1.120162e-03 -1.304789e+01 -4.255282e-05 1.000000e+00 9.944193e-06 4.024361e-01 1.120162e-03 -9.897220e-06 9.999994e-01 -5.970162e+00
9.999990e-01 -2.986954e-04 -1.392898e-03 -1.393309e+01 2.990900e-04 9.999999e-01 2.830553e-04 4.326480e-01 1.392814e-03 -2.834710e-04 9.999990e-01 -6.362007e+00
9.999984e-01 1.748343e-04 -1.759581e-03 -1.415346e+01 -1.751641e-04 1.000000e+00 -1.872139e-04 4.366070e-01 1.759548e-03 1.875211e-04 9.999984e-01 -6.196299e+00
9.999997e-01 1.242275e-05 -8.025986e-04 -1.350937e+01 -1.231533e-05 1.000000e+00 1.336819e-04 4.260103e-01 8.026006e-04 -1.336713e-04 9.999997e-01 -6.219051e+00
9.999974e-01 9.151624e-05 -2.264826e-03 -1.311229e+01 -9.177781e-05 1.000000e+00 -1.153289e-04 4.155682e-01 2.264816e-03 1.155357e-04 9.999974e-01 -5.814034e+00
9.999994e-01 4.444429e-05 -1.095023e-03 -1.244661e+01 -4.421988e-05 1.000000e+00 2.048401e-04 4.205053e-01 1.095032e-03 -2.047908e-04 9.999994e-01 -5.791420e+00
9.999989e-01 1.993660e-04 -1.463620e-03 -1.122016e+01 -1.998557e-04 9.999999e-01 -3.344049e-04 4.248597e-01 1.463553e-03 3.346963e-04 9.999989e-01 -6.172402e+00
9.999990e-01 8.073859e-05 -1.435696e-03 -9.352785e+00 -8.078486e-05 1.000000e+00 -3.226803e-05 4.672550e-01 1.435694e-03 3.238468e-05 9.999990e-01 -7.027284e+00
9.999999e-01 2.828055e-04 -4.645438e-04 -7.470100e+00 -2.829275e-04 9.999999e-01 -2.622283e-04 4.784407e-01 4.644693e-04 2.623590e-04 9.999999e-01 -7.595846e+00
9.999986e-01 9.192516e-05 -1.673018e-03 -5.273624e+00 -9.218970e-05 1.000000e+00 -1.581225e-04 5.051786e-01 1.673004e-03 1.582773e-04 9.999986e-01 -8.342257e+00
9.999998e-01 1.658339e-04 -6.618110e-04 -3.728486e+00 -1.658620e-04 1.000000e+00 -4.218781e-05 5.198863e-01 6.618037e-04 4.229688e-05 9.999998e-01 -9.051274e+00
9.999984e-01 5.626747e-05 -1.766417e-03 -2.744375e+00 -5.632446e-05 1.000000e+00 -3.228695e-05 5.140847e-01 1.766415e-03 3.238709e-05 9.999984e-01 -9.250491e+00
9.999998e-01 -8.605324e-05 -6.119631e-04 -2.543551e+00 8.613025e-05 1.000000e+00 1.260424e-04 5.152638e-01 6.119519e-04 -1.260957e-04 9.999998e-01 -9.700230e+00
9.999987e-01 2.909826e-04 -1.563964e-03 -1.744255e+00 -2.910786e-04 1.000000e+00 -6.128171e-05 4.955507e-01 1.563946e-03 6.173757e-05 9.999988e-01 -9.580328e+00
9.999998e-01 -1.242988e-04 -6.765501e-04 -9.339245e-01 1.243510e-04 1.000000e+00 7.730355e-05 4.806397e-01 6.765401e-04 -7.738836e-05 9.999998e-01 -9.585868e+00
9.999985e-01 1.838219e-04 -1.697537e-03 -3.765441e-01 -1.839175e-04 1.000000e+00 -5.619065e-05 4.736124e-01 1.697527e-03 5.650347e-05 9.999986e-01 -9.851935e+00
9.999998e-01 -1.833555e-04 -6.520890e-04 -1.733743e-01 1.834320e-04 1.000000e+00 1.173717e-04 4.701018e-01 6.520672e-04 -1.174920e-04 9.999998e-01 -1.023190e+01
9.999986e-01 1.270573e-04 -1.665967e-03 -1.127159e-01 -1.271182e-04 1.000000e+00 -3.653679e-05 4.705893e-01 1.665963e-03 3.674921e-05 9.999986e-01 -1.051374e+01
9.999999e-01 8.073822e-05 -3.456373e-04 6.779427e-01 -8.070489e-05 1.000000e+00 9.686360e-05 4.476892e-01 3.456448e-04 -9.683640e-05 9.999999e-01 -1.035618e+01
9.999978e-01 1.088599e-05 -2.096612e-03 1.222347e+00 -1.117227e-05 1.000000e+00 -1.365992e-04 4.324447e-01 2.096611e-03 1.366230e-04 9.999978e-01 -1.005238e+01
9.999999e-01 1.278807e-04 -3.026885e-04 1.956932e+00 -1.278281e-04 1.000000e+00 1.741964e-04 4.172705e-01 3.027105e-04 -1.741584e-04 9.999999e-01 -9.991508e+00
9.999982e-01 1.098018e-04 -1.878663e-03 2.911270e+00 -1.100799e-04 1.000000e+00 -1.479819e-04 4.024027e-01 1.878647e-03 1.481892e-04 9.999982e-01 -1.001844e+01
9.999996e-01 8.275464e-05 -9.288889e-04 4.170575e+00 -8.274213e-05 1.000000e+00 1.366337e-05 4.110185e-01 9.288897e-04 -1.358720e-05 9.999996e-01 -1.006711e+01
9.999996e-01 2.365220e-04 -9.106413e-04 5.243377e+00 -2.365454e-04 1.000000e+00 -2.568416e-05 3.878075e-01 9.106355e-04 2.590026e-05 9.999996e-01 -9.809626e+00
9.999997e-01 1.305069e-04 -8.229802e-04 6.398312e+00 -1.304432e-04 1.000000e+00 7.761641e-05 3.649531e-01 8.229900e-04 -7.750972e-05 9.999997e-01 -9.591122e+00
9.999996e-01 2.320876e-04 -8.989969e-04 7.452366e+00 -2.321473e-04 1.000000e+00 -6.649884e-05 3.375254e-01 8.989818e-04 6.670821e-05 9.999996e-01 -9.303872e+00
9.999992e-01 -3.256968e-05 -1.274809e-03 8.214359e+00 3.274062e-05 1.000000e+00 1.341936e-04 3.164005e-01 1.274804e-03 -1.342359e-04 9.999992e-01 -9.067874e+00
9.999998e-01 3.723429e-04 -4.696702e-04 9.113432e+00 -3.723989e-04 9.999999e-01 -1.195110e-04 2.866831e-01 4.696260e-04 1.196866e-04 9.999999e-01 -8.688379e+00
9.999993e-01 -6.134868e-05 -1.182186e-03 9.987006e+00 6.153346e-05 1.000000e+00 1.563927e-04 2.540624e-01 1.182176e-03 -1.564660e-04 9.999993e-01 -8.297639e+00
9.999998e-01 3.890667e-04 -5.143417e-04 1.092309e+01 -3.891179e-04 9.999999e-01 -9.980492e-05 2.252455e-01 5.143032e-04 1.000057e-04 9.999999e-01 -7.982760e+00
9.999997e-01 3.121843e-05 -7.367105e-04 1.194144e+01 -3.114543e-05 1.000000e+00 9.931036e-05 1.832434e-01 7.367132e-04 -9.928808e-05 9.999997e-01 -7.361717e+00
9.999998e-01 3.921073e-04 -3.838210e-04 1.313394e+01 -3.921206e-04 9.999999e-01 -3.486369e-05 1.481979e-01 3.838076e-04 3.501489e-05 9.999999e-01 -6.974544e+00
9.999991e-01 -4.895173e-05 -1.351453e-03 1.416119e+01 4.897253e-05 1.000000e+00 1.546995e-05 1.215977e-01 1.351452e-03 -1.553682e-05 9.999991e-01 -6.722705e+00
9.999995e-01 1.619379e-04 -9.614240e-04 1.465616e+01 -1.619495e-04 1.000000e+00 -1.220446e-05 9.982493e-02 9.614224e-04 1.236085e-05 9.999995e-01 -6.336167e+00
9.999992e-01 -4.778274e-05 -1.227482e-03 1.522433e+01 4.779558e-05 1.000000e+00 1.055498e-05 7.964497e-02 1.227481e-03 -1.061433e-05 9.999992e-01 -6.153976e+00
9.999992e-01 8.525763e-05 -1.228309e-03 1.539682e+01 -8.531939e-05 1.000000e+00 -5.035421e-05 6.356300e-02 1.228306e-03 5.045967e-05 9.999992e-01 -5.535452e+00
9.999993e-01 4.694665e-06 -1.206983e-03 1.583527e+01 -4.631386e-06 1.000000e+00 5.255966e-05 4.581792e-02 1.206983e-03 -5.255473e-05 9.999993e-01 -5.117863e+00
9.999993e-01 1.259972e-04 -1.185688e-03 1.637759e+01 -1.260469e-04 1.000000e+00 -4.195032e-05 2.491319e-02 1.185683e-03 4.210044e-05 9.999993e-01 -4.734700e+00
9.999990e-01 -1.695730e-04 -1.425172e-03 1.629052e+01 1.697083e-04 1.000000e+00 9.492106e-05 2.054857e-02 1.425155e-03 -9.516352e-05 9.999990e-01 -4.296157e+00
9.999994e-01 1.047398e-04 -1.080884e-03 1.613375e+01 -1.047931e-04 1.000000e+00 -4.934057e-05 1.841676e-02 1.080879e-03 4.945451e-05 9.999994e-01 -3.866708e+00
9.999989e-01 -1.203012e-04 -1.473075e-03 1.613926e+01 1.203880e-04 1.000000e+00 5.893712e-05 8.679870e-03 1.473068e-03 -5.911509e-05 9.999989e-01 -3.388498e+00
9.999992e-01 -4.459579e-05 -1.271715e-03 1.559957e+01 4.475813e-05 1.000000e+00 1.274996e-04 2.062109e-02 1.271710e-03 -1.275557e-04 9.999992e-01 -3.214746e+00
9.999991e-01 -3.994581e-07 -1.317890e-03 1.559403e+01 3.977173e-07 1.000000e+00 -1.198466e-06 1.953633e-02 1.317890e-03 1.197246e-06 9.999991e-01 -3.101343e+00
9.999993e-01 1.019348e-05 -1.212408e-03 1.561925e+01 -1.008316e-05 1.000000e+00 9.086716e-05 1.289085e-02 1.212410e-03 -9.085417e-05 9.999993e-01 -2.842514e+00
9.999989e-01 -1.255358e-04 -1.488565e-03 1.531046e+01 1.255520e-04 1.000000e+00 1.087326e-05 1.550578e-02 1.488563e-03 -1.106083e-05 9.999989e-01 -2.527715e+00
9.999991e-01 1.569350e-05 -1.353256e-03 1.505438e+01 -1.556225e-05 1.000000e+00 9.688076e-05 1.502786e-02 1.353258e-03 -9.685892e-05 9.999991e-01 -2.214639e+00
9.999991e-01 -1.115932e-04 -1.309715e-03 1.488798e+01 1.115922e-04 1.000000e+00 -7.022827e-07 1.126431e-02 1.309715e-03 5.554349e-07 9.999991e-01 -1.892397e+00
9.999998e-01 2.706967e-04 -5.873319e-04 1.539877e+01 -2.707037e-04 1.000000e+00 -1.209156e-05 -2.192063e-02 5.873290e-04 1.225125e-05 9.999998e-01 -1.349758e+00
9.999995e-01 -2.048958e-05 -9.967454e-04 1.611871e+01 2.050920e-05 1.000000e+00 1.984998e-05 -5.798282e-02 9.967447e-04 -1.987111e-05 9.999995e-01 -8.462060e-01
9.999997e-01 3.490295e-04 -6.994457e-04 1.698163e+01 -3.490435e-04 9.999999e-01 -2.013140e-05 -9.001462e-02 6.994390e-04 2.037622e-05 9.999998e-01 -4.595131e-01
9.999989e-01 -1.370235e-04 -1.446483e-03 1.751654e+01 1.370636e-04 1.000000e+00 2.772939e-05 -1.189613e-01 1.446479e-03 -2.792832e-05 9.999990e-01 -3.581983e-02
9.999997e-01 3.333309e-04 -7.526115e-04 1.813852e+01 -3.333354e-04 9.999999e-01 -6.055512e-06 -1.445560e-01 7.526097e-04 6.307074e-06 9.999997e-01 2.625677e-01
9.999988e-01 -1.564686e-04 -1.521127e-03 1.875396e+01 1.564868e-04 1.000000e+00 1.195216e-05 -1.659223e-01 1.521125e-03 -1.219087e-05 9.999988e-01 5.031535e-01
9.999997e-01 3.275467e-04 -7.228294e-04 1.935397e+01 -3.275476e-04 9.999999e-01 -1.347708e-06 -1.896940e-01 7.228292e-04 1.585161e-06 9.999997e-01 8.718849e-01
9.999995e-01 -2.153872e-05 -1.010654e-03 2.022436e+01 2.154003e-05 1.000000e+00 1.457151e-06 -2.199759e-01 1.010653e-03 -1.479612e-06 9.999995e-01 1.295256e+00
9.999981e-01 1.110870e-04 -1.970480e-03 2.099699e+01 -1.113168e-04 1.000000e+00 -1.165912e-04 -2.132537e-01 1.970467e-03 1.168110e-04 9.999981e-01 1.712546e+00
9.999990e-01 -1.312028e-04 -1.405973e-03 2.128622e+01 1.310578e-04 1.000000e+00 -1.030852e-04 -1.971022e-01 1.405986e-03 1.029002e-04 9.999990e-01 2.478742e+00
9.999996e-01 3.210957e-04 -8.170430e-04 2.187726e+01 -3.210181e-04 9.999999e-01 9.488481e-05 -2.228206e-01 8.170737e-04 -9.462179e-05 9.999997e-01 2.995253e+00
9.999993e-01 -2.334900e-05 -1.186146e-03 2.274568e+01 2.322650e-05 1.000000e+00 -1.031483e-04 -2.484736e-01 1.186148e-03 1.031200e-04 9.999993e-01 3.417761e+00
9.999993e-01 2.596400e-04 -1.136354e-03 2.360843e+01 -2.595683e-04 1.000000e+00 6.305043e-05 -2.635469e-01 1.136370e-03 -6.275473e-05 9.999994e-01 3.754727e+00
9.999979e-01 -1.309560e-04 -2.050120e-03 2.491387e+01 1.305274e-04 1.000000e+00 -2.091250e-04 -2.422196e-01 2.050147e-03 2.088563e-04 9.999979e-01 3.530956e+00
9.999999e-01 3.215718e-04 -4.399403e-04 2.591088e+01 -3.215371e-04 9.999999e-01 7.838265e-05 -2.366269e-01 4.399658e-04 -7.824049e-05 9.999999e-01 3.209932e+00
9.999976e-01 -3.456839e-05 -2.196568e-03 2.761745e+01 3.450247e-05 1.000000e+00 -2.997007e-05 -2.137934e-01 2.196569e-03 2.989352e-05 9.999976e-01 2.230544e+00
9.999995e-01 7.347533e-04 -6.993457e-04 3.145952e+01 -7.350203e-04 9.999997e-01 -3.818004e-04 -1.193434e-01 6.990652e-04 3.823149e-04 9.999997e-01 -5.676897e-01
9.999987e-01 -2.088087e-04 -1.572857e-03 3.387683e+01 2.087661e-04 1.000000e+00 -2.716562e-05 -6.085892e-02 1.572862e-03 2.683654e-05 9.999988e-01 -2.668239e+00
9.999998e-01 9.287371e-05 -6.570291e-04 3.345519e+01 -9.271715e-05 1.000000e+00 2.380439e-04 -5.060264e-02 6.570515e-04 -2.379822e-04 9.999998e-01 -3.284417e+00
9.999980e-01 -2.190941e-04 -1.997570e-03 3.310295e+01 2.190067e-04 1.000000e+00 -4.386161e-05 -4.384616e-02 1.997580e-03 4.342335e-05 9.999980e-01 -3.690511e+00
9.999998e-01 1.641064e-04 -6.209036e-04 3.315937e+01 -1.640262e-04 1.000000e+00 1.288679e-04 -4.550364e-02 6.209251e-04 -1.287654e-04 9.999998e-01 -4.270123e+00
9.999981e-01 -1.725180e-04 -1.934389e-03 3.328963e+01 1.724429e-04 1.000000e+00 -3.892146e-05 -5.260811e-02 1.934395e-03 3.858713e-05 9.999981e-01 -4.667419e+00
1.000000e+00 8.361984e-05 -2.544790e-06 3.296818e+01 -8.361881e-05 9.999999e-01 3.283669e-04 -2.984304e-02 2.572553e-06 -3.283660e-04 9.999999e-01 -5.473924e+00
9.999985e-01 -3.262550e-04 -1.696113e-03 3.221438e+01 3.264048e-04 9.999999e-01 8.811397e-05 2.799697e-03 1.696083e-03 -8.866815e-05 9.999986e-01 -7.090102e+00
9.999999e-01 2.984445e-04 1.225368e-04 3.241058e+01 -2.984594e-04 9.999999e-01 1.236263e-04 -8.813266e-03 -1.224996e-04 -1.236622e-04 1.000000e+00 -7.534819e+00
9.999987e-01 1.110244e-04 -1.595282e-03 3.345442e+01 -1.115198e-04 9.999999e-01 -3.103507e-04 -3.517436e-02 1.595247e-03 3.105276e-04 9.999987e-01 -6.619215e+00
9.999999e-01 2.971814e-04 -1.432009e-04 3.454698e+01 -2.971718e-04 1.000000e+00 6.628707e-05 -6.036222e-02 1.432209e-04 -6.624382e-05 1.000000e+00 -5.639844e+00
9.999982e-01 -9.549879e-05 -1.901150e-03 3.504643e+01 9.504759e-05 1.000000e+00 -2.373183e-04 -6.187103e-02 1.901172e-03 2.371365e-04 9.999982e-01 -4.844627e+00
9.999999e-01 4.219462e-04 -3.323275e-04 3.564189e+01 -4.219389e-04 9.999999e-01 2.148412e-05 -6.603583e-02 3.323369e-04 -2.134320e-05 9.999999e-01 -3.726425e+00
9.999978e-01 -1.687249e-05 -2.092342e-03 3.644185e+01 1.634294e-05 1.000000e+00 -2.530164e-04 -6.284088e-02 2.092345e-03 2.529810e-04 9.999978e-01 -2.539352e+00
9.999998e-01 5.567243e-04 -2.675311e-04 3.774691e+01 -5.567292e-04 9.999998e-01 -1.902325e-05 -6.214476e-02 2.675208e-04 1.917288e-05 1.000000e+00 -1.353157e+00
9.999977e-01 -9.637127e-05 -2.147527e-03 3.885544e+01 9.544588e-05 9.999999e-01 -4.309167e-04 -6.927515e-02 2.147568e-03 4.307100e-04 9.999976e-01 -7.375428e-02
9.999991e-01 2.332785e-04 -1.320721e-03 3.887595e+01 -2.332083e-04 1.000000e+00 5.318201e-05 -4.239504e-02 1.320733e-03 -5.287327e-05 9.999991e-01 1.274885e+00
9.999982e-01 -2.644831e-04 -1.875937e-03 3.855093e+01 2.643511e-04 1.000000e+00 -7.052716e-05 -2.417085e-02 1.875955e-03 7.003044e-05 9.999982e-01 1.641754e+00
9.999992e-01 4.174445e-04 -1.164215e-03 3.889772e+01 -4.173632e-04 9.999999e-01 6.993683e-05 -4.035919e-02 1.164244e-03 -6.945019e-05 9.999993e-01 2.167194e+00
9.999994e-01 -2.200735e-04 -1.108732e-03 3.934136e+01 2.197324e-04 9.999999e-01 -3.075382e-04 -7.202847e-02 1.108799e-03 3.072937e-04 9.999993e-01 3.179852e+00
9.999996e-01 5.526300e-04 -6.773558e-04 4.007204e+01 -5.524883e-04 9.999998e-01 2.090996e-04 -1.100905e-01 6.774715e-04 -2.087246e-04 9.999997e-01 4.176309e+00
9.999998e-01 -1.541908e-04 -6.042429e-04 4.140592e+01 1.539854e-04 9.999999e-01 -3.395622e-04 -1.401918e-01 6.042949e-04 3.394684e-04 9.999998e-01 4.557905e+00
9.999991e-01 4.099207e-04 -1.301081e-03 4.226756e+01 -4.094641e-04 9.999999e-01 3.510483e-04 -1.653020e-01 1.301225e-03 -3.505146e-04 9.999991e-01 4.779805e+00
9.999995e-01 -1.899509e-04 -1.018951e-03 4.278512e+01 1.893284e-04 9.999998e-01 -6.107790e-04 -1.880255e-01 1.019066e-03 6.105851e-04 9.999993e-01 5.631238e+00
9.999991e-01 3.437029e-04 -1.329556e-03 4.349657e+01 -3.427810e-04 9.999997e-01 6.933711e-04 -2.066486e-01 1.329794e-03 -6.929140e-04 9.999989e-01 5.723653e+00
9.999991e-01 -7.220430e-05 -1.347563e-03 4.475344e+01 7.126156e-05 9.999998e-01 -6.994769e-04 -2.001799e-01 1.347613e-03 6.993795e-04 9.999988e-01 5.193414e+00
9.999994e-01 2.713496e-04 -1.016529e-03 4.561343e+01 -2.706131e-04 9.999997e-01 7.243899e-04 -2.146127e-01 1.016726e-03 -7.241137e-04 9.999992e-01 5.228858e+00
9.999982e-01 -2.652122e-04 -1.857252e-03 4.557612e+01 2.636326e-04 9.999996e-01 -8.505960e-04 -2.227300e-01 1.857476e-03 8.501042e-04 9.999979e-01 6.061204e+00
9.999993e-01 2.354439e-04 -1.178601e-03 4.542582e+01 -2.345425e-04 9.999997e-01 7.647678e-04 -2.257475e-01 1.178781e-03 -7.644901e-04 9.999990e-01 6.851784e+00
9.999980e-01 -2.254266e-04 -2.007147e-03 4.521623e+01 2.238946e-04 9.999997e-01 -7.633844e-04 -2.173061e-01 2.007318e-03 7.629328e-04 9.999977e-01 7.654517e+00
9.999992e-01 2.989667e-04 -1.203966e-03 4.524321e+01 -2.982914e-04 9.999998e-01 5.608908e-04 -2.102423e-01 1.204134e-03 -5.605306e-04 9.999991e-01 8.465042e+00
9.999974e-01 -1.582068e-04 -2.284541e-03 4.566576e+01 1.561051e-04 9.999996e-01 -9.200480e-04 -1.984296e-01 2.284685e-03 9.196882e-04 9.999970e-01 9.373623e+00
9.999993e-01 4.107300e-04 -1.091017e-03 4.630027e+01 -4.103722e-04 9.999999e-01 3.279758e-04 -1.747447e-01 1.091152e-03 -3.275272e-04 9.999994e-01 1.066455e+01
9.999973e-01 -1.485186e-04 -2.301807e-03 4.704056e+01 1.463891e-04 9.999996e-01 -9.251810e-04 -1.138097e-01 2.301943e-03 9.248409e-04 9.999969e-01 1.060969e+01
9.999998e-01 6.426395e-04 1.229867e-04 4.883855e+01 -6.426482e-04 9.999998e-01 7.256655e-05 -1.695610e-02 -1.229397e-04 -7.264489e-05 1.000000e+00 9.151589e+00
9.999980e-01 4.713553e-05 -1.990768e-03 5.231728e+01 -4.993799e-05 9.999990e-01 -1.407599e-03 9.532611e-02 1.990699e-03 1.407695e-03 9.999970e-01 7.496352e+00
9.999998e-01 4.730413e-04 -3.232299e-04 5.465182e+01 -4.729831e-04 9.999999e-01 1.796467e-04 1.497757e-01 3.233152e-04 -1.794931e-04 9.999999e-01 7.623598e+00
9.999967e-01 -2.106910e-04 -2.565554e-03 5.537168e+01 2.079861e-04 9.999994e-01 -1.054473e-03 1.694246e-01 2.565774e-03 1.053935e-03 9.999962e-01 8.829185e+00
9.999994e-01 6.096093e-04 8.580716e-04 5.709425e+01 -6.101487e-04 9.999996e-01 6.287501e-04 2.036465e-01 -8.576877e-04 -6.292726e-04 9.999994e-01 8.875759e+00
9.999966e-01 -3.456078e-04 -2.567144e-03 5.841932e+01 3.419194e-04 9.999989e-01 -1.436975e-03 2.476489e-01 2.567637e-03 1.436092e-03 9.999957e-01 8.938202e+00
9.999999e-01 4.839646e-04 6.249172e-05 5.879451e+01 -4.840192e-04 9.999995e-01 8.808496e-04 2.543927e-01 -6.206510e-05 -8.808791e-04 9.999996e-01 1.007630e+01
9.999967e-01 -2.276530e-04 -2.560642e-03 5.935617e+01 2.242302e-04 9.999991e-01 -1.336811e-03 2.672640e-01 2.560943e-03 1.336232e-03 9.999958e-01 1.055887e+01
9.999997e-01 4.698294e-04 5.515356e-04 6.040664e+01 -4.704358e-04 9.999993e-01 1.100217e-03 2.681730e-01 -5.510180e-04 -1.100475e-03 9.999992e-01 1.052399e+01
9.999961e-01 -1.440924e-04 -2.804544e-03 6.131383e+01 1.404659e-04 9.999992e-01 -1.293182e-03 2.464675e-01 2.804728e-03 1.292782e-03 9.999952e-01 1.119724e+01
1.000000e+00 2.749882e-04 5.609728e-05 6.178440e+01 -2.750513e-04 9.999993e-01 1.130800e-03 2.288528e-01 -5.578599e-05 -1.130815e-03 9.999994e-01 1.205980e+01
9.999960e-01 -3.159883e-05 -2.830076e-03 6.256930e+01 2.724592e-05 9.999988e-01 -1.538038e-03 2.183368e-01 2.830121e-03 1.537954e-03 9.999948e-01 1.301829e+01
9.999994e-01 4.222132e-04 9.833894e-04 6.369956e+01 -4.230717e-04 9.999995e-01 8.732481e-04 2.211430e-01 -9.830200e-04 -8.736629e-04 9.999991e-01 1.429313e+01
9.999949e-01 1.154575e-04 -3.201816e-03 6.473261e+01 -1.200098e-04 9.999990e-01 -1.421544e-03 2.097406e-01 3.201648e-03 1.421921e-03 9.999939e-01 1.629460e+01
9.999996e-01 4.539459e-04 7.803580e-04 6.607343e+01 -4.546448e-04 9.999995e-01 8.958750e-04 2.227249e-01 -7.799507e-04 -8.962288e-04 9.999993e-01 1.816969e+01
9.999978e-01 3.957509e-04 -2.049290e-03 6.828615e+01 -3.988178e-04 9.999988e-01 -1.496278e-03 2.123014e-01 2.048695e-03 1.497091e-03 9.999968e-01 1.995273e+01
1.000000e+00 1.617186e-04 2.197711e-04 6.971700e+01 -1.619209e-04 9.999996e-01 9.216937e-04 2.140341e-01 -2.196217e-04 -9.217286e-04 9.999996e-01 2.164100e+01
9.999974e-01 1.517756e-04 -2.285703e-03 7.043833e+01 -1.550485e-04 9.999990e-01 -1.431717e-03 1.973235e-01 2.285483e-03 1.432067e-03 9.999964e-01 2.300250e+01
1.000000e+00 1.162247e-04 2.638815e-04 7.100896e+01 -1.165555e-04 9.999992e-01 1.254640e-03 1.632342e-01 -2.637352e-04 -1.254670e-03 9.999992e-01 2.421472e+01
9.999976e-01 1.353662e-04 -2.181542e-03 7.158707e+01 -1.389039e-04 9.999987e-01 -1.621455e-03 1.299362e-01 2.181320e-03 1.621753e-03 9.999963e-01 2.540422e+01
9.999999e-01 1.522502e-05 -5.261118e-04 7.194775e+01 -1.441147e-05 9.999988e-01 1.545880e-03 1.082598e-01 5.261350e-04 -1.545871e-03 9.999987e-01 2.625300e+01
9.999973e-01 1.382816e-04 -2.298697e-03 7.239396e+01 -1.422726e-04 9.999985e-01 -1.736047e-03 9.938378e-02 2.298453e-03 1.736369e-03 9.999959e-01 2.685015e+01
9.999997e-01 3.307053e-06 -7.432178e-04 7.270529e+01 -1.985640e-06 9.999984e-01 1.777648e-03 8.737456e-02 7.432228e-04 -1.777646e-03 9.999981e-01 2.728194e+01
9.999976e-01 1.669129e-04 -2.162703e-03 7.328429e+01 -1.711193e-04 9.999981e-01 -1.944814e-03 8.208182e-02 2.162374e-03 1.945179e-03 9.999958e-01 2.751125e+01
1.000000e+00 3.899160e-05 -1.843127e-04 7.407651e+01 -3.870846e-05 9.999988e-01 1.534697e-03 6.118796e-02 1.843726e-04 -1.534689e-03 9.999988e-01 2.837113e+01
9.999970e-01 6.985309e-05 -2.458511e-03 7.446539e+01 -7.408396e-05 9.999985e-01 -1.720763e-03 6.222531e-02 2.458387e-03 1.720940e-03 9.999955e-01 2.826723e+01
9.999998e-01 -1.334016e-04 -6.213716e-04 7.423034e+01 1.344504e-04 9.999986e-01 1.687617e-03 1.002543e-01 6.211459e-04 -1.687699e-03 9.999984e-01 2.734540e+01
9.999988e-01 8.829337e-05 -1.551978e-03 7.413832e+01 -9.102633e-05 9.999984e-01 -1.760821e-03 1.323184e-01 1.551820e-03 1.760960e-03 9.999972e-01 2.607274e+01
9.999995e-01 -9.726892e-05 -9.831697e-04 7.417915e+01 9.903097e-05 9.999984e-01 1.792086e-03 1.398651e-01 9.829941e-04 -1.792182e-03 9.999979e-01 2.563748e+01
9.999975e-01 6.691470e-05 -2.248339e-03 7.377805e+01 -7.089710e-05 9.999984e-01 -1.771124e-03 1.755514e-01 2.248216e-03 1.771278e-03 9.999959e-01 2.520704e+01
1.000000e+00 -1.177126e-04 -2.457307e-04 7.333914e+01 1.181355e-04 9.999985e-01 1.720425e-03 2.399407e-01 2.455281e-04 -1.720454e-03 9.999985e-01 2.346416e+01
9.999985e-01 7.401359e-05 -1.740767e-03 7.295829e+01 -7.730752e-05 9.999982e-01 -1.892101e-03 2.957053e-01 1.740623e-03 1.892233e-03 9.999967e-01 2.226104e+01
9.999987e-01 -1.186755e-04 -1.581451e-03 7.264860e+01 1.215394e-04 9.999984e-01 1.810769e-03 3.464275e-01 1.581233e-03 -1.810958e-03 9.999971e-01 2.123253e+01
1.000000e+00 9.045631e-05 -1.354889e-04 7.263763e+01 -9.073242e-05 9.999979e-01 -2.037546e-03 4.023867e-01 1.353040e-04 2.037557e-03 9.999979e-01 1.932609e+01
9.999937e-01 1.710894e-04 -3.543319e-03 7.320546e+01 -1.654906e-04 9.999987e-01 1.580283e-03 4.219525e-01 3.543586e-03 -1.579686e-03 9.999925e-01 2.051478e+01
9.999999e-01 -9.172769e-05 3.050826e-04 7.340937e+01 9.230195e-05 9.999982e-01 -1.883625e-03 4.326642e-01 -3.049096e-04 1.883652e-03 9.999982e-01 2.095238e+01
9.999920e-01 8.118253e-05 -4.010910e-03 7.296998e+01 -7.364671e-05 9.999982e-01 1.878881e-03 4.791905e-01 4.011056e-03 -1.878569e-03 9.999902e-01 2.021169e+01
9.999976e-01 -1.517620e-04 2.187264e-03 7.237151e+01 1.562839e-04 9.999979e-01 -2.067474e-03 5.400190e-01 -2.186945e-03 2.067810e-03 9.999955e-01 1.888427e+01
9.999865e-01 1.736943e-04 -5.198370e-03 7.256327e+01 -1.638674e-04 9.999982e-01 1.890692e-03 5.337338e-01 5.198689e-03 -1.889814e-03 9.999847e-01 1.899761e+01
9.999964e-01 -5.830122e-05 2.670126e-03 7.306504e+01 6.382826e-05 9.999979e-01 -2.070008e-03 5.187365e-01 -2.670000e-03 2.070171e-03 9.999943e-01 1.913358e+01
9.999834e-01 1.626909e-05 -5.768400e-03 7.302332e+01 -4.629891e-06 9.999980e-01 2.017717e-03 5.080225e-01 5.768421e-03 -2.017656e-03 9.999813e-01 1.954898e+01
9.999956e-01 4.448977e-05 2.956297e-03 7.332912e+01 -3.847599e-05 9.999979e-01 -2.034337e-03 5.069537e-01 -2.956381e-03 2.034213e-03 9.999936e-01 1.914562e+01
9.999846e-01 -6.246996e-05 -5.542460e-03 7.330044e+01 7.417629e-05 9.999978e-01 2.111893e-03 5.053021e-01 5.542316e-03 -2.112271e-03 9.999824e-01 1.855147e+01
9.999969e-01 1.991089e-04 2.488961e-03 7.368740e+01 -1.936989e-04 9.999976e-01 -2.173770e-03 4.883951e-01 -2.489388e-03 2.173281e-03 9.999945e-01 1.889471e+01
