9.999952e-01 6.052137e-04 -3.032004e-03 1.271582e+00 -6.067111e-04 9.999997e-01 -4.929503e-04 8.168370e-02 3.031705e-03 4.947868e-04 9.999953e-01 1.826198e+00
9.999990e-01 2.675698e-04 1.396619e-03 4.634172e+00 -2.670330e-04 9.999999e-01 -3.844989e-04 1.599857e-01 -1.396722e-03 3.841263e-04 9.999990e-01 3.250767e+00
9.999951e-01 3.060016e-04 -3.123228e-03 6.754667e+00 -3.068415e-04 9.999999e-01 -2.684540e-04 1.887378e-01 3.123145e-03 2.694103e-04 9.999951e-01 4.820438e+00
1.000000e+00 -1.519121e-04 -2.167950e-04 6.835006e+00 1.518839e-04 1.000000e+00 -1.301583e-04 2.113048e-01 2.168151e-04 1.301261e-04 1.000000e+00 6.590143e+00
9.999967e-01 4.064173e-04 -2.549090e-03 7.306597e+00 -4.068304e-04 9.999999e-01 -1.615622e-04 2.185655e-01 2.549024e-03 1.625980e-04 9.999967e-01 7.994691e+00
9.999998e-01 -1.349887e-04 -5.559742e-04 7.703863e+00 1.348552e-04 1.000000e+00 -2.403344e-04 2.362407e-01 5.560070e-04 2.402601e-04 9.999998e-01 9.494623e+00
9.999968e-01 3.282995e-04 -2.514346e-03 7.991668e+00 -3.281160e-04 9.999999e-01 7.341270e-05 2.450461e-01 2.514369e-03 -7.258818e-05 9.999968e-01 1.048476e+01
9.999999e-01 1.034628e-04 3.816417e-04 8.882323e+00 -1.033109e-04 9.999999e-01 -3.979348e-04 2.368662e-01 -3.816825e-04 3.978960e-04 9.999998e-01 1.194857e+01
9.999952e-01 1.407173e-04 -3.098747e-03 9.043371e+00 -1.411443e-04 1.000000e+00 -1.375705e-04 2.468629e-01 3.098728e-03 1.380065e-04 9.999952e-01 1.398347e+01
9.999998e-01 3.224472e-04 5.861035e-04 9.443715e+00 -3.221285e-04 9.999998e-01 -5.436311e-04 2.703435e-01 -5.862784e-04 5.434429e-04 9.999997e-01 1.679456e+01
9.999943e-01 1.333349e-04 -3.383524e-03 9.852615e+00 -1.339776e-04 1.000000e+00 -1.897160e-04 3.081902e-01 3.383498e-03 1.901675e-04 9.999943e-01 1.987077e+01
9.999992e-01 3.344823e-04 1.178717e-03 1.050633e+01 -3.339068e-04 9.999998e-01 -4.883540e-04 3.454613e-01 -1.178880e-03 4.879607e-04 9.999992e-01 2.258493e+01
9.999958e-01 4.733318e-04 -2.868341e-03 1.228249e+01 -4.734006e-04 9.999999e-01 -2.329578e-05 3.626705e-01 2.868329e-03 2.465284e-05 9.999959e-01 2.453581e+01
9.999995e-01 1.247000e-04 9.863874e-04 1.379336e+01 -1.241296e-04 9.999998e-01 -5.783045e-04 3.845142e-01 -9.864590e-04 5.781825e-04 9.999993e-01 2.654834e+01
9.999951e-01 4.875885e-04 -3.080843e-03 1.479193e+01 -4.875156e-04 9.999999e-01 2.442775e-05 3.887982e-01 3.080854e-03 -2.292638e-05 9.999953e-01 2.885487e+01
9.999988e-01 1.971735e-04 1.541097e-03 1.608158e+01 -1.961119e-04 9.999997e-01 -6.889834e-04 4.050946e-01 -1.541232e-03 6.886810e-04 9.999986e-01 3.162865e+01
9.999917e-01 1.179234e-04 -4.061027e-03 1.653505e+01 -1.176799e-04 1.000000e+00 6.021029e-05 4.303780e-01 4.061034e-03 -5.973261e-05 9.999918e-01 3.393110e+01
9.999987e-01 3.180957e-04 1.595235e-03 1.741490e+01 -3.173617e-04 9.999998e-01 -4.603195e-04 4.359263e-01 -1.595381e-03 4.598133e-04 9.999986e-01 3.548788e+01
9.999893e-01 -2.889639e-05 -4.629552e-03 1.781129e+01 2.925774e-05 1.000000e+00 7.799490e-05 4.502069e-01 4.629549e-03 -7.813022e-05 9.999893e-01 3.710413e+01
9.999980e-01 4.493021e-04 1.930439e-03 1.838524e+01 -4.482478e-04 9.999998e-01 -5.465216e-04 4.573225e-01 -1.930684e-03 5.456559e-04 9.999980e-01 3.908477e+01
9.999903e-01 8.553403e-05 -4.412913e-03 1.913424e+01 -8.580536e-05 1.000000e+00 -6.128718e-05 4.709846e-01 4.412907e-03 6.166452e-05 9.999903e-01 4.169617e+01
9.999975e-01 6.095154e-04 2.135979e-03 2.019184e+01 -6.078951e-04 9.999995e-01 -7.590949e-04 4.967037e-01 -2.136441e-03 7.577953e-04 9.999974e-01 4.523467e+01
9.999943e-01 3.460402e-04 -3.369313e-03 2.230659e+01 -3.462895e-04 9.999999e-01 -7.339674e-05 5.139830e-01 3.369287e-03 7.456236e-05 9.999943e-01 4.874237e+01
9.999981e-01 3.457389e-04 1.943257e-03 2.394536e+01 -3.443443e-04 9.999997e-01 -7.179235e-04 5.474074e-01 -1.943504e-03 7.172536e-04 9.999979e-01 5.232593e+01
9.999922e-01 2.769993e-04 -3.945007e-03 2.486676e+01 -2.776948e-04 9.999999e-01 -1.757322e-04 5.758766e-01 3.944958e-03 1.768257e-04 9.999922e-01 5.605778e+01
9.999979e-01 3.716594e-04 1.993552e-03 2.596597e+01 -3.703468e-04 9.999997e-01 -6.587395e-04 6.107203e-01 -1.993796e-03 6.580005e-04 9.999978e-01 5.974369e+01
9.999938e-01 3.134667e-04 -3.499282e-03 2.728914e+01 -3.142527e-04 9.999999e-01 -2.240500e-04 6.241017e-01 3.499211e-03 2.251476e-04 9.999939e-01 6.323457e+01
9.999991e-01 2.359402e-04 1.349130e-03 2.833350e+01 -2.352301e-04 9.999998e-01 -5.264410e-04 6.268596e-01 -1.349254e-03 5.261239e-04 9.999990e-01 6.604467e+01
9.999949e-01 5.305834e-04 -3.147948e-03 2.982107e+01 -5.312184e-04 9.999998e-01 -2.008558e-04 6.240353e-01 3.147841e-03 2.025263e-04 9.999950e-01 6.900418e+01
9.999987e-01 1.440920e-05 1.633102e-03 3.109992e+01 -1.357976e-05 9.999999e-01 -5.078736e-04 6.381164e-01 -1.633109e-03 5.078514e-04 9.999985e-01 7.197474e+01
9.999927e-01 4.221048e-04 -3.808203e-03 3.198361e+01 -4.219363e-04 9.999999e-01 4.508914e-05 6.367835e-01 3.808221e-03 -4.348270e-05 9.999927e-01 7.381981e+01
9.999975e-01 2.064526e-04 2.231063e-03 3.337360e+01 -2.053843e-04 9.999999e-01 -4.790082e-04 6.197819e-01 -2.231161e-03 4.785495e-04 9.999974e-01 7.571211e+01
9.999915e-01 2.500905e-04 -4.118266e-03 3.434919e+01 -2.503888e-04 1.000000e+00 -7.189892e-05 6.161914e-01 4.118248e-03 7.292876e-05 9.999915e-01 7.782465e+01
9.999980e-01 1.517524e-04 1.997325e-03 3.505600e+01 -1.510294e-04 9.999999e-01 -3.620688e-04 6.138226e-01 -1.997379e-03 3.617672e-04 9.999979e-01 7.969066e+01
9.999909e-01 1.179630e-04 -4.269474e-03 3.560181e+01 -1.183121e-04 1.000000e+00 -8.151779e-05 6.179762e-01 4.269464e-03 8.202146e-05 9.999909e-01 8.135539e+01
9.999993e-01 -3.148243e-05 1.178443e-03 3.563592e+01 3.180837e-05 1.000000e+00 -2.765181e-04 6.225639e-01 -1.178433e-03 2.765561e-04 9.999993e-01 8.286060e+01
9.999926e-01 3.087581e-04 -3.845023e-03 3.601768e+01 -3.092543e-04 9.999999e-01 -1.284570e-04 6.231394e-01 3.844982e-03 1.296444e-04 9.999926e-01 8.454709e+01
9.999987e-01 -1.994341e-06 1.581417e-03 3.662431e+01 2.454911e-06 1.000000e+00 -2.911995e-04 6.229212e-01 -1.581416e-03 2.912038e-04 9.999987e-01 8.610196e+01
9.999899e-01 1.827800e-04 -4.486713e-03 3.680855e+01 -1.828512e-04 1.000000e+00 -1.544826e-05 6.319388e-01 4.486710e-03 1.626779e-05 9.999899e-01 8.737361e+01
9.999985e-01 -1.546293e-04 1.718131e-03 3.672741e+01 1.550074e-04 1.000000e+00 -2.198917e-04 6.369841e-01 -1.718097e-03 2.201584e-04 9.999985e-01 8.818543e+01
9.999893e-01 2.002318e-04 -4.615391e-03 3.680850e+01 -1.993416e-04 1.000000e+00 1.933482e-04 6.379105e-01 4.615429e-03 -1.924268e-04 9.999893e-01 8.875198e+01
9.999981e-01 -5.168623e-05 1.923806e-03 3.720655e+01 5.224531e-05 1.000000e+00 -2.905304e-04 6.316961e-01 -1.923791e-03 2.906311e-04 9.999981e-01 8.941656e+01
9.999913e-01 3.108488e-04 -4.157530e-03 3.803902e+01 -3.099449e-04 9.999999e-01 2.180657e-04 6.123740e-01 4.157597e-03 -2.167759e-04 9.999913e-01 8.984751e+01
9.999989e-01 -1.601351e-04 1.506674e-03 3.846750e+01 1.606048e-04 9.999999e-01 -3.116234e-04 5.993269e-01 -1.506624e-03 3.118658e-04 9.999988e-01 9.042766e+01
9.999904e-01 2.965052e-04 -4.366548e-03 3.881950e+01 -2.953639e-04 9.999999e-01 2.620198e-04 5.942912e-01 4.366625e-03 -2.607283e-04 9.999904e-01 9.094838e+01
9.999985e-01 -1.455248e-04 1.709689e-03 3.927750e+01 1.460036e-04 1.000000e+00 -2.798925e-04 5.826938e-01 -1.709648e-03 2.801424e-04 9.999985e-01 9.139427e+01
9.999897e-01 4.290900e-04 -4.519795e-03 3.986185e+01 -4.282772e-04 9.999999e-01 1.808192e-04 5.780750e-01 4.519872e-03 -1.788823e-04 9.999898e-01 9.227010e+01
9.999987e-01 -4.057144e-04 1.568470e-03 3.973575e+01 4.064213e-04 9.999998e-01 -4.503464e-04 5.924378e-01 -1.568287e-03 4.509840e-04 9.999987e-01 9.310044e+01
9.999884e-01 3.616560e-04 -4.806199e-03 3.958887e+01 -3.597349e-04 9.999999e-01 4.005897e-04 5.912155e-01 4.806343e-03 -3.988568e-04 9.999884e-01 9.374478e+01
9.999981e-01 -3.256833e-04 1.904400e-03 3.970344e+01 3.264311e-04 9.999999e-01 -3.923146e-04 5.777241e-01 -1.904272e-03 3.929363e-04 9.999981e-01 9.427566e+01
9.999889e-01 4.575997e-04 -4.681560e-03 4.023376e+01 -4.555724e-04 9.999998e-01 4.340963e-04 5.643612e-01 4.681757e-03 -4.319594e-04 9.999889e-01 9.438580e+01
9.999984e-01 -4.667117e-04 1.724492e-03 4.011522e+01 4.673366e-04 9.999998e-01 -3.619162e-04 5.633704e-01 -1.724323e-03 3.627223e-04 9.999984e-01 9.473813e+01
9.999895e-01 3.397410e-04 -4.564401e-03 3.978437e+01 -3.373702e-04 9.999998e-01 5.201696e-04 5.670952e-01 4.564577e-03 -5.186249e-04 9.999894e-01 9.485703e+01
9.999984e-01 -3.337719e-04 1.738186e-03 3.997678e+01 3.344511e-04 9.999999e-01 -3.904442e-04 5.619581e-01 -1.738055e-03 3.910257e-04 9.999984e-01 9.453361e+01
9.999902e-01 3.629504e-04 -4.421219e-03 4.023611e+01 -3.612566e-04 9.999999e-01 3.839299e-04 5.492868e-01 4.421357e-03 -3.823296e-04 9.999902e-01 9.455170e+01
9.999984e-01 -2.480708e-04 1.752472e-03 4.074493e+01 2.487928e-04 9.999999e-01 -4.117366e-04 5.340203e-01 -1.752369e-03 4.121727e-04 9.999984e-01 9.483621e+01
9.999913e-01 4.508842e-04 -4.148484e-03 4.142864e+01 -4.496292e-04 9.999999e-01 3.034497e-04 5.131905e-01 4.148620e-03 -3.015825e-04 9.999913e-01 9.531012e+01
9.999991e-01 -3.663294e-04 1.284029e-03 4.166945e+01 3.668765e-04 9.999998e-01 -4.258181e-04 5.017250e-01 -1.283872e-03 4.262896e-04 9.999991e-01 9.612633e+01
9.999905e-01 5.635551e-04 -4.329132e-03 4.203020e+01 -5.624755e-04 9.999998e-01 2.506133e-04 4.877791e-01 4.329272e-03 -2.481766e-04 9.999906e-01 9.717956e+01
9.999989e-01 -4.610541e-04 1.406611e-03 4.217839e+01 4.618538e-04 9.999997e-01 -5.681490e-04 4.780596e-01 -1.406348e-03 5.687988e-04 9.999988e-01 9.824789e+01
9.999905e-01 6.199569e-04 -4.314343e-03 4.239515e+01 -6.190293e-04 9.999998e-01 2.163491e-04 4.723430e-01 4.314476e-03 -2.136771e-04 9.999907e-01 9.970184e+01
9.999986e-01 -5.412941e-04 1.565284e-03 4.255589e+01 5.420371e-04 9.999997e-01 -4.742084e-04 4.602663e-01 -1.565027e-03 4.750569e-04 9.999987e-01 1.007747e+02
9.999911e-01 7.408720e-04 -4.163546e-03 4.302689e+01 -7.396603e-04 9.999997e-01 2.925835e-04 4.381400e-01 4.163762e-03 -2.895020e-04 9.999913e-01 1.016622e+02
9.999989e-01 -6.438166e-04 1.345122e-03 4.334885e+01 6.445310e-04 9.999997e-01 -5.306821e-04 4.195699e-01 -1.344780e-03 5.315492e-04 9.999990e-01 1.026938e+02
9.999919e-01 7.449150e-04 -3.945203e-03 4.363368e+01 -7.438811e-04 9.999997e-01 2.635483e-04 4.024815e-01 3.945398e-03 -2.606122e-04 9.999922e-01 1.036106e+02
9.999995e-01 -7.067385e-04 7.109399e-04 4.359990e+01 7.070860e-04 9.999996e-01 -4.884636e-04 3.996899e-01 -7.105941e-04 4.889668e-04 9.999996e-01 1.047200e+02
9.999905e-01 6.200833e-04 -4.303052e-03 4.329487e+01 -6.193778e-04 9.999998e-01 1.652924e-04 4.083752e-01 4.303153e-03 -1.626264e-04 9.999907e-01 1.061483e+02
9.999995e-01 -6.509506e-04 8.188660e-04 4.303735e+01 6.514055e-04 9.999996e-01 -5.552639e-04 4.169323e-01 -8.185039e-04 5.557977e-04 9.999995e-01 1.077449e+02
9.999918e-01 6.343820e-04 -3.992224e-03 4.284484e+01 -6.341192e-04 9.999998e-01 6.711209e-05 4.212482e-01 3.992266e-03 -6.458071e-05 9.999920e-01 1.096221e+02
9.999996e-01 -6.996935e-04 4.720050e-04 4.249459e+01 6.999181e-04 9.999996e-01 -4.755599e-04 4.385231e-01 -4.716717e-04 4.758908e-04 9.999998e-01 1.112398e+02
9.999921e-01 6.830000e-04 -3.916969e-03 4.226488e+01 -6.828065e-04 9.999998e-01 5.075561e-05 4.491833e-01 3.917003e-03 -4.808139e-05 9.999923e-01 1.129514e+02
9.999992e-01 -5.762406e-04 1.103547e-03 4.234575e+01 5.767568e-04 9.999997e-01 -4.674293e-04 4.423171e-01 -1.103277e-03 4.680661e-04 9.999993e-01 1.145988e+02
9.999930e-01 6.858802e-04 -3.681211e-03 4.252030e+01 -6.856914e-04 9.999998e-01 5.256925e-05 4.242856e-01 3.681246e-03 -5.004542e-05 9.999932e-01 1.163816e+02
9.999993e-01 -5.575904e-04 1.013569e-03 4.274019e+01 5.580820e-04 9.999997e-01 -4.847442e-04 4.052044e-01 -1.013298e-03 4.853102e-04 9.999994e-01 1.182577e+02
9.999917e-01 6.152819e-04 -4.037663e-03 4.268412e+01 -6.152031e-04 9.999998e-01 2.078068e-05 4.073917e-01 4.037675e-03 -1.829724e-05 9.999918e-01 1.200189e+02
9.999991e-01 -4.343609e-04 1.276759e-03 4.284064e+01 4.349890e-04 9.999998e-01 -4.916382e-04 4.071015e-01 -1.276544e-03 4.921938e-04 9.999991e-01 1.221131e+02
9.999945e-01 9.136630e-04 -3.203074e-03 4.401605e+01 -9.133739e-04 9.999996e-01 9.175293e-05 3.909063e-01 3.203156e-03 -8.882753e-05 9.999949e-01 1.236566e+02
9.999995e-01 -5.971558e-04 8.264368e-04 4.455259e+01 5.975916e-04 9.999997e-01 -5.270400e-04 3.776850e-01 -8.261215e-04 5.275343e-04 9.999995e-01 1.255314e+02
9.999939e-01 7.552269e-04 -3.400088e-03 4.479592e+01 -7.549089e-04 9.999997e-01 9.481910e-05 3.707171e-01 3.400158e-03 -9.225247e-05 9.999942e-01 1.271054e+02
9.999997e-01 -7.860544e-04 2.248398e-04 4.471872e+01 7.861019e-04 9.999997e-01 -2.107587e-04 3.640254e-01 -2.246737e-04 2.109361e-04 1.000000e+00 1.279209e+02
9.999922e-01 6.871425e-04 -3.884198e-03 4.442368e+01 -6.873403e-04 9.999998e-01 -4.955600e-05 3.736729e-01 3.884163e-03 5.222467e-05 9.999925e-01 1.293960e+02
9.999994e-01 -6.038253e-04 8.839195e-04 4.448130e+01 6.043201e-04 9.999997e-01 -5.595148e-04 3.873006e-01 -8.835811e-04 5.600494e-04 9.999995e-01 1.314899e+02
9.999894e-01 4.901601e-04 -4.569113e-03 4.409604e+01 -4.885753e-04 9.999998e-01 3.479846e-04 4.067113e-01 4.569282e-03 -3.457493e-04 9.999895e-01 1.327030e+02
9.999993e-01 -6.133103e-04 9.647796e-04 4.368391e+01 6.139330e-04 9.999996e-01 -6.451726e-04 4.267889e-01 -9.643832e-04 6.457652e-04 9.999993e-01 1.339023e+02
9.999924e-01 9.847564e-04 -3.778905e-03 4.450721e+01 -9.834551e-04 9.999995e-01 3.462192e-04 4.269097e-01 3.779244e-03 -3.425009e-04 9.999928e-01 1.355522e+02
9.999977e-01 -7.542813e-05 2.149287e-03 4.642215e+01 7.754277e-05 9.999995e-01 -9.837622e-04 4.310176e-01 -2.149211e-03 9.839273e-04 9.999972e-01 1.382966e+02
9.999919e-01 6.069098e-04 -3.970204e-03 4.731015e+01 -6.070137e-04 9.999998e-01 -2.493923e-05 4.606696e-01 3.970187e-03 2.734829e-05 9.999921e-01 1.428241e+02
9.999976e-01 -1.715897e-04 2.184115e-03 4.809391e+01 1.736314e-04 9.999995e-01 -9.345795e-04 4.934278e-01 -2.183953e-03 9.349572e-04 9.999972e-01 1.471096e+02
9.999916e-01 6.077011e-04 -4.045096e-03 4.878815e+01 -6.074858e-04 9.999998e-01 5.448929e-05 5.283874e-01 4.045128e-03 -5.203220e-05 9.999918e-01 1.510829e+02
9.999976e-01 -9.922837e-07 2.170528e-03 4.975724e+01 2.969230e-06 9.999996e-01 -9.107586e-04 5.743347e-01 -2.170526e-03 9.107636e-04 9.999972e-01 1.550056e+02
9.999925e-01 6.052220e-04 -3.816666e-03 5.123169e+01 -6.043454e-04 9.999998e-01 2.308342e-04 6.285092e-01 3.816805e-03 -2.285266e-04 9.999927e-01 1.584617e+02
9.999980e-01 1.263072e-05 2.017435e-03 5.188454e+01 -1.040774e-05 9.999994e-01 -1.101832e-03 6.522385e-01 -2.017448e-03 1.101810e-03 9.999974e-01 1.622087e+02
9.999923e-01 4.014221e-04 -3.916203e-03 5.235008e+01 -4.001410e-04 9.999999e-01 3.279373e-04 6.656468e-01 3.916334e-03 -3.263685e-04 9.999923e-01 1.654110e+02
9.999991e-01 -4.536372e-05 1.303991e-03 5.292842e+01 4.637368e-05 9.999997e-01 -7.744090e-04 6.694552e-01 -1.303955e-03 7.744696e-04 9.999988e-01 1.675233e+02
9.999916e-01 2.930389e-04 -4.080942e-03 5.359238e+01 -2.909494e-04 9.999998e-01 5.126070e-04 6.609270e-01 4.081091e-03 -5.114161e-04 9.999915e-01 1.685338e+02
9.999991e-01 -1.159234e-04 1.351339e-03 5.419877e+01 1.168707e-04 9.999997e-01 -7.008323e-04 6.582237e-01 -1.351257e-03 7.009903e-04 9.999988e-01 1.688993e+02
9.999888e-01 1.780140e-04 -4.723157e-03 5.445004e+01 -1.750153e-04 9.999998e-01 6.353172e-04 6.634246e-01 4.723268e-03 -6.344842e-04 9.999886e-01 1.693960e+02
9.999977e-01 1.039823e-04 2.158011e-03 5.520976e+01 -1.022386e-04 9.999997e-01 -8.080767e-04 6.559317e-01 -2.158094e-03 8.078549e-04 9.999973e-01 1.702526e+02
9.999902e-01 2.698982e-04 -4.417796e-03 5.614369e+01 -2.674778e-04 9.999998e-01 5.484783e-04 6.445392e-01 4.417943e-03 -5.472920e-04 9.999901e-01 1.713341e+02
9.999981e-01 4.277497e-05 1.931469e-03 5.718468e+01 -4.120032e-05 9.999997e-01 -8.152303e-04 6.461940e-01 -1.931503e-03 8.151499e-04 9.999978e-01 1.718005e+02
9.999906e-01 2.945201e-04 -4.319342e-03 5.847313e+01 -2.916362e-04 9.999997e-01 6.683201e-04 6.405022e-01 4.319538e-03 -6.670548e-04 9.999904e-01 1.719776e+02
9.999984e-01 -2.432939e-06 1.815049e-03 5.942009e+01 3.961362e-06 9.999996e-01 -8.420123e-04 6.267315e-01 -1.815046e-03 8.420188e-04 9.999980e-01 1.724892e+02
9.999906e-01 2.516672e-04 -4.338916e-03 6.048080e+01 -2.483678e-04 9.999997e-01 7.609682e-04 6.231225e-01 4.339106e-03 -7.598840e-04 9.999903e-01 1.722748e+02
9.999980e-01 2.356194e-05 1.986152e-03 6.151708e+01 -2.180968e-05 9.999996e-01 -8.821920e-04 6.114030e-01 -1.986171e-03 8.821477e-04 9.999976e-01 1.724705e+02
9.999918e-01 2.861101e-04 -4.039509e-03 6.263979e+01 -2.828199e-04 9.999996e-01 8.150680e-04 5.937617e-01 4.039740e-03 -8.139196e-04 9.999915e-01 1.726115e+02
9.999988e-01 -1.174986e-04 1.541193e-03 6.313117e+01 1.188558e-04 9.999996e-01 -8.804505e-04 5.694278e-01 -1.541089e-03 8.806333e-04 9.999984e-01 1.730624e+02
9.999917e-01 3.308704e-04 -4.060682e-03 6.380967e+01 -3.273562e-04 9.999996e-01 8.660963e-04 5.476237e-01 4.060967e-03 -8.647605e-04 9.999914e-01 1.734475e+02
9.999988e-01 -1.396944e-04 1.565681e-03 6.468605e+01 1.410814e-04 9.999996e-01 -8.856676e-04 5.393908e-01 -1.565557e-03 8.858881e-04 9.999984e-01 1.732716e+02
9.999924e-01 3.196982e-04 -3.885267e-03 6.550719e+01 -3.162736e-04 9.999996e-01 8.820269e-04 5.244252e-01 3.885547e-03 -8.807921e-04 9.999921e-01 1.732449e+02
9.999980e-01 -2.158936e-05 1.992267e-03 6.661657e+01 2.331160e-05 9.999996e-01 -8.643736e-04 5.038982e-01 -1.992247e-03 8.644191e-04 9.999976e-01 1.733158e+02
9.999891e-01 1.795398e-04 -4.661515e-03 6.731806e+01 -1.756533e-04 9.999996e-01 8.341634e-04 4.935898e-01 4.661663e-03 -8.333363e-04 9.999888e-01 1.731936e+02
9.999981e-01 -2.162098e-04 1.952379e-03 6.755081e+01 2.178346e-04 9.999996e-01 -8.319967e-04 4.975196e-01 -1.952198e-03 8.324211e-04 9.999977e-01 1.724491e+02
9.999879e-01 3.357937e-04 -4.908943e-03 6.827957e+01 -3.320704e-04 9.999997e-01 7.592898e-04 5.012966e-01 4.909196e-03 -7.576512e-04 9.999877e-01 1.719679e+02
9.999970e-01 -1.902418e-04 2.424936e-03 6.908659e+01 1.920912e-04 9.999997e-01 -7.624096e-04 4.940095e-01 -2.424790e-03 7.628739e-04 9.999968e-01 1.717194e+02
9.999886e-01 4.172917e-04 -4.764183e-03 7.011254e+01 -4.139185e-04 9.999997e-01 7.090206e-04 4.864077e-01 4.764477e-03 -7.070412e-04 9.999884e-01 1.714630e+02
9.999982e-01 -2.647390e-04 1.863057e-03 7.108235e+01 2.662584e-04 9.999996e-01 -8.152655e-04 4.961783e-01 -1.862840e-03 8.157608e-04 9.999979e-01 1.707780e+02
9.999889e-01 3.227581e-04 -4.701018e-03 7.166258e+01 -3.192687e-04 9.999997e-01 7.430356e-04 5.084819e-01 4.701256e-03 -7.415272e-04 9.999887e-01 1.699049e+02
9.999979e-01 -3.305319e-04 2.021289e-03 7.212270e+01 3.321032e-04 9.999996e-01 -7.769920e-04 5.208825e-01 -2.021031e-03 7.776623e-04 9.999977e-01 1.689425e+02
9.999875e-01 5.243528e-04 -4.976957e-03 7.314145e+01 -5.207400e-04 9.999996e-01 7.272058e-04 5.309802e-01 4.977336e-03 -7.246057e-04 9.999874e-01 1.683078e+02
9.999978e-01 -4.602295e-04 2.028757e-03 7.381646e+01 4.617888e-04 9.999996e-01 -7.681295e-04 5.456824e-01 -2.028402e-03 7.690654e-04 9.999976e-01 1.674167e+02
9.999878e-01 4.995931e-04 -4.906544e-03 7.451350e+01 -4.961826e-04 9.999996e-01 6.963018e-04 5.636156e-01 4.906889e-03 -6.938595e-04 9.999877e-01 1.664038e+02
9.999973e-01 -1.727230e-04 2.333472e-03 7.592624e+01 1.745222e-04 9.999997e-01 -7.708160e-04 5.726402e-01 -2.333338e-03 7.712218e-04 9.999970e-01 1.657667e+02
9.999864e-01 2.760174e-04 -5.211227e-03 7.675014e+01 -2.728200e-04 9.999998e-01 6.142885e-04 5.852131e-01 5.211395e-03 -6.128591e-04 9.999862e-01 1.649773e+02
9.999967e-01 -2.007817e-04 2.568746e-03 7.762188e+01 2.026540e-04 9.999997e-01 -7.285841e-04 6.095223e-01 -2.568599e-03 7.291030e-04 9.999964e-01 1.635292e+02
9.999906e-01 3.024471e-04 -4.328752e-03 7.868569e+01 -3.009983e-04 9.999999e-01 3.353570e-04 6.258628e-01 4.328852e-03 -3.340516e-04 9.999906e-01 1.623120e+02
9.999975e-01 -3.957055e-04 2.201955e-03 7.881044e+01 3.965836e-04 9.999998e-01 -3.982931e-04 6.395616e-01 -2.201797e-03 3.991661e-04 9.999975e-01 1.609942e+02
9.999880e-01 4.056882e-04 -4.878783e-03 7.938792e+01 -4.041484e-04 9.999999e-01 3.166071e-04 6.523651e-01 4.878911e-03 -3.146323e-04 9.999880e-01 1.600660e+02
9.999962e-01 -1.126441e-04 2.739311e-03 8.080857e+01 1.136292e-04 9.999999e-01 -3.593967e-04 6.506268e-01 -2.739270e-03 3.597074e-04 9.999962e-01 1.596276e+02
9.999872e-01 4.283557e-04 -5.047310e-03 8.234681e+01 -4.270371e-04 9.999999e-01 2.623611e-04 6.578894e-01 5.047421e-03 -2.602031e-04 9.999872e-01 1.589741e+02
9.999963e-01 -1.023039e-04 2.713933e-03 8.380345e+01 1.034609e-04 9.999999e-01 -4.261361e-04 6.638194e-01 -2.713888e-03 4.264160e-04 9.999962e-01 1.583212e+02
9.999870e-01 3.396561e-04 -5.084088e-03 8.492003e+01 -3.384500e-04 9.999999e-01 2.381213e-04 6.664195e-01 5.084168e-03 -2.363982e-04 9.999870e-01 1.577535e+02
9.999966e-01 -4.036121e-04 2.559425e-03 8.523601e+01 4.044660e-04 9.999999e-01 -3.330553e-04 6.768223e-01 -2.559290e-03 3.340900e-04 9.999967e-01 1.567834e+02
9.999852e-01 5.119906e-04 -5.415956e-03 8.615803e+01 -5.103413e-04 9.999998e-01 3.059229e-04 6.836124e-01 5.416111e-03 -3.031551e-04 9.999853e-01 1.562375e+02
9.999965e-01 -1.866800e-04 2.640366e-03 8.765048e+01 1.875715e-04 9.999999e-01 -3.373603e-04 6.982504e-01 -2.640303e-03 3.378551e-04 9.999965e-01 1.555093e+02
9.999861e-01 4.431329e-04 -5.245093e-03 8.889491e+01 -4.418307e-04 9.999999e-01 2.494424e-04 7.050510e-01 5.245203e-03 -2.471222e-04 9.999862e-01 1.549050e+02
9.999963e-01 -1.766689e-04 2.703439e-03 9.020597e+01 1.776099e-04 9.999999e-01 -3.477899e-04 7.120358e-01 -2.703377e-03 3.482695e-04 9.999963e-01 1.542928e+02
9.999854e-01 2.759097e-04 -5.396700e-03 9.100065e+01 -2.748034e-04 9.999999e-01 2.057516e-04 7.164023e-01 5.396756e-03 -2.042663e-04 9.999854e-01 1.537188e+02
9.999962e-01 -2.645268e-04 2.738330e-03 9.155912e+01 2.652842e-04 9.999999e-01 -2.761916e-04 7.241848e-01 -2.738257e-03 2.769177e-04 9.999962e-01 1.529475e+02
9.999850e-01 2.143987e-04 -5.468766e-03 9.209029e+01 -2.132266e-04 1.000000e+00 2.149219e-04 7.420310e-01 5.468811e-03 -2.137533e-04 9.999850e-01 1.518152e+02
9.999967e-01 3.622916e-05 2.580568e-03 9.344704e+01 -3.544685e-05 1.000000e+00 -3.031405e-04 7.609549e-01 -2.580579e-03 3.030487e-04 9.999966e-01 1.510070e+02
9.999855e-01 2.635079e-04 -5.371204e-03 9.480610e+01 -2.629069e-04 1.000000e+00 1.126125e-04 7.787650e-01 5.371233e-03 -1.111995e-04 9.999856e-01 1.501516e+02
9.999963e-01 -7.276636e-05 2.724210e-03 9.551899e+01 7.309388e-05 1.000000e+00 -1.200691e-04 7.726301e-01 -2.724201e-03 1.202685e-04 9.999963e-01 1.498941e+02
9.999825e-01 7.427874e-05 -5.922683e-03 9.556543e+01 -7.423040e-05 1.000000e+00 8.408561e-06 7.650496e-01 5.922683e-03 -7.969471e-06 9.999825e-01 1.508594e+02
9.999972e-01 -7.427857e-05 2.355776e-03 9.546752e+01 7.406623e-05 1.000000e+00 9.029157e-05 7.729693e-01 -2.355783e-03 -9.011614e-05 9.999972e-01 1.511951e+02
9.999857e-01 2.849632e-04 -5.346444e-03 9.639671e+01 -2.857229e-04 9.999999e-01 -1.413126e-04 7.786762e-01 5.346403e-03 1.428375e-04 9.999857e-01 1.506877e+02
9.999967e-01 -2.600850e-04 2.565296e-03 9.696739e+01 2.599863e-04 1.000000e+00 3.889164e-05 7.925326e-01 -2.565306e-03 -3.822387e-05 9.999967e-01 1.497447e+02
9.999873e-01 4.448478e-04 -5.019810e-03 9.804153e+01 -4.458210e-04 9.999999e-01 -1.927389e-04 7.960142e-01 5.019724e-03 1.949737e-04 9.999874e-01 1.491891e+02
9.999969e-01 -2.357507e-04 2.458905e-03 9.908235e+01 2.357666e-04 1.000000e+00 -6.096426e-06 8.030087e-01 -2.458903e-03 6.676833e-06 9.999970e-01 1.485368e+02
9.999882e-01 1.656400e-04 -4.861295e-03 9.934584e+01 -1.660653e-04 1.000000e+00 -8.703982e-05 8.148619e-01 4.861280e-03 8.784538e-05 9.999882e-01 1.474377e+02
9.999961e-01 -2.622960e-04 2.790255e-03 9.949897e+01 2.622511e-04 1.000000e+00 1.652036e-05 8.310147e-01 -2.790259e-03 -1.578785e-05 9.999961e-01 1.460198e+02
9.999878e-01 1.728473e-04 -4.940381e-03 9.967611e+01 -1.732960e-04 1.000000e+00 -9.036258e-05 8.459517e-01 4.940365e-03 9.121692e-05 9.999878e-01 1.446923e+02
9.999955e-01 -2.789197e-04 2.988885e-03 9.973726e+01 2.788171e-04 1.000000e+00 3.479760e-05 8.631863e-01 -2.988894e-03 -3.396340e-05 9.999955e-01 1.431967e+02
9.999862e-01 1.964086e-04 -5.242231e-03 1.000147e+02 -1.971315e-04 1.000000e+00 -1.373479e-04 8.805872e-01 5.242204e-03 1.383787e-04 9.999863e-01 1.418367e+02
9.999964e-01 -1.857047e-04 2.664611e-03 1.005704e+02 1.858059e-04 1.000000e+00 -3.769950e-05 9.000116e-01 -2.664604e-03 3.819516e-05 9.999964e-01 1.406096e+02
9.999871e-01 1.244148e-04 -5.083713e-03 1.009853e+02 -1.249980e-04 1.000000e+00 -1.143688e-04 9.184579e-01 5.083698e-03 1.150020e-04 9.999871e-01 1.393203e+02
9.999951e-01 -2.503939e-04 3.117258e-03 1.011145e+02 2.502624e-04 1.000000e+00 4.263630e-05 9.371193e-01 -3.117268e-03 -4.185526e-05 9.999951e-01 1.377551e+02
9.999856e-01 1.913276e-04 -5.369348e-03 1.013496e+02 -1.918613e-04 1.000000e+00 -9.884928e-05 9.539496e-01 5.369329e-03 9.987732e-05 9.999856e-01 1.364226e+02
9.999959e-01 -2.106514e-04 2.838285e-03 1.016901e+02 2.105132e-04 1.000000e+00 4.903087e-05 9.641976e-01 -2.838295e-03 -4.843248e-05 9.999960e-01 1.354722e+02
9.999852e-01 2.171127e-04 -5.429117e-03 1.018318e+02 -2.172844e-04 1.000000e+00 -3.100958e-05 9.649654e-01 5.429110e-03 3.218809e-05 9.999853e-01 1.347932e+02
9.999952e-01 -2.798252e-04 3.092498e-03 1.019580e+02 2.797652e-04 1.000000e+00 1.987632e-05 9.718769e-01 -3.092503e-03 -1.901035e-05 9.999952e-01 1.338080e+02
9.999869e-01 1.853287e-04 -5.123013e-03 1.019222e+02 -1.854958e-04 1.000000e+00 -3.210442e-05 9.872576e-01 5.123007e-03 3.305360e-05 9.999869e-01 1.322937e+02
9.999941e-01 -3.031313e-04 3.413234e-03 1.020525e+02 3.034408e-04 9.999999e-01 -9.010714e-05 1.011517e+00 -3.413206e-03 9.114302e-05 9.999942e-01 1.304549e+02
9.999829e-01 3.158163e-04 -5.837425e-03 1.027207e+02 -3.161212e-04 9.999999e-01 -5.128308e-05 1.021314e+00 5.837408e-03 5.312685e-05 9.999830e-01 1.296224e+02
9.999949e-01 -3.368081e-04 3.177118e-03 1.033960e+02 3.370871e-04 9.999999e-01 -8.724446e-05 1.054140e+00 -3.177088e-03 8.831568e-05 9.999949e-01 1.278409e+02
9.999896e-01 2.359743e-04 -4.549244e-03 1.034951e+02 -2.365338e-04 1.000000e+00 -1.224077e-04 1.080691e+00 4.549215e-03 1.234818e-04 9.999896e-01 1.259095e+02
9.999972e-01 -3.146712e-04 2.348480e-03 1.033701e+02 3.142075e-04 9.999999e-01 1.978625e-04 1.089771e+00 -2.348542e-03 -1.971233e-04 9.999972e-01 1.249695e+02
9.999906e-01 2.407808e-04 -4.336917e-03 1.033724e+02 -2.416456e-04 1.000000e+00 -1.988318e-04 1.100796e+00 4.336869e-03 1.998772e-04 9.999906e-01 1.237461e+02
9.999975e-01 -3.158463e-04 2.231153e-03 1.033269e+02 3.153216e-04 9.999999e-01 2.355967e-04 1.109943e+00 -2.231227e-03 -2.348919e-04 9.999975e-01 1.226002e+02
9.999910e-01 2.277636e-04 -4.233786e-03 1.032788e+02 -2.287061e-04 9.999999e-01 -2.220849e-04 1.122448e+00 4.233735e-03 2.230505e-04 9.999910e-01 1.212663e+02
9.999968e-01 -3.295410e-04 2.496101e-03 1.031320e+02 3.289299e-04 9.999999e-01 2.453137e-04 1.137388e+00 -2.496181e-03 -2.444912e-04 9.999969e-01 1.197653e+02
9.999906e-01 2.213602e-04 -4.338727e-03 1.031936e+02 -2.226096e-04 9.999999e-01 -2.874605e-04 1.153121e+00 4.338663e-03 2.884230e-04 9.999905e-01 1.183092e+02
9.999989e-01 1.496141e-05 1.462775e-03 1.042085e+02 -1.535391e-05 1.000000e+00 2.684442e-04 1.159595e+00 -1.462771e-03 -2.684657e-04 9.999989e-01 1.177369e+02
9.999913e-01 -1.859760e-05 -4.160366e-03 1.047099e+02 1.697846e-05 9.999999e-01 -3.891719e-04 1.175238e+00 4.160372e-03 3.890972e-04 9.999913e-01 1.166487e+02
9.999989e-01 5.756440e-05 1.450783e-03 1.053576e+02 -5.796121e-05 1.000000e+00 2.736021e-04 1.190381e+00 -1.450767e-03 -2.736852e-04 9.999989e-01 1.156709e+02
9.999926e-01 -1.143613e-04 -3.842952e-03 1.056554e+02 1.130835e-04 9.999999e-01 -3.326963e-04 1.201867e+00 3.842989e-03 3.322586e-04 9.999926e-01 1.146127e+02
9.999991e-01 3.242058e-05 1.352058e-03 1.058937e+02 -3.288045e-05 9.999999e-01 3.402465e-04 1.212216e+00 -1.352047e-03 -3.402900e-04 9.999990e-01 1.135608e+02
9.999917e-01 7.425138e-05 -4.061740e-03 1.066497e+02 -7.604086e-05 9.999999e-01 -4.403715e-04 1.219400e+00 4.061707e-03 4.406761e-04 9.999917e-01 1.128516e+02
9.999989e-01 -1.354193e-05 1.497928e-03 1.073295e+02 1.309461e-05 1.000000e+00 2.987637e-04 1.224018e+00 -1.497931e-03 -2.987431e-04 9.999988e-01 1.122062e+02
9.999914e-01 1.678728e-04 -4.155788e-03 1.082079e+02 -1.697400e-04 9.999999e-01 -4.489269e-04 1.230240e+00 4.155712e-03 4.496277e-04 9.999913e-01 1.116027e+02
9.999983e-01 -2.931679e-05 1.816572e-03 1.089187e+02 2.868814e-05 9.999999e-01 3.461926e-04 1.220157e+00 -1.816582e-03 -3.461393e-04 9.999983e-01 1.114494e+02
9.999895e-01 1.088045e-05 -4.573532e-03 1.091730e+02 -1.237965e-05 9.999999e-01 -3.277276e-04 1.217684e+00 4.573528e-03 3.277801e-04 9.999895e-01 1.110094e+02
9.999976e-01 -7.182487e-05 2.199435e-03 1.091725e+02 7.094593e-05 9.999999e-01 3.997839e-04 1.221364e+00 -2.199463e-03 -3.996262e-04 9.999975e-01 1.101515e+02
9.999896e-01 1.611923e-04 -4.550737e-03 1.097442e+02 -1.631854e-04 9.999999e-01 -4.375541e-04 1.211466e+00 4.550666e-03 4.382915e-04 9.999895e-01 1.100417e+02
9.999985e-01 -8.114914e-05 1.725565e-03 1.102169e+02 8.048811e-05 9.999999e-01 3.832589e-04 1.200782e+00 -1.725596e-03 -3.831187e-04 9.999984e-01 1.102706e+02
9.999899e-01 2.271508e-04 -4.498722e-03 1.110466e+02 -2.293375e-04 9.999999e-01 -4.855120e-04 1.202618e+00 4.498610e-03 4.865381e-04 9.999898e-01 1.098752e+02
9.999901e-01 3.518533e-04 4.441202e-03 1.121953e+02 -3.534947e-04 9.999999e-01 3.688500e-04 1.137800e+00 -4.441071e-03 -3.704156e-04 9.999901e-01 1.114795e+02
9.999914e-01 -2.971563e-05 -4.155020e-03 1.130248e+02 2.666080e-05 9.999997e-01 -7.352203e-04 1.077079e+00 4.155040e-03 7.351024e-04 9.999911e-01 1.132496e+02
9.999989e-01 5.615871e-06 1.466045e-03 1.133738e+02 -6.741328e-06 9.999997e-01 7.678146e-04 1.078653e+00 -1.466040e-03 -7.678230e-04 9.999986e-01 1.126609e+02
9.999916e-01 -4.627344e-05 -4.109365e-03 1.136124e+02 4.323571e-05 9.999997e-01 -7.392592e-04 1.084061e+00 4.109397e-03 7.390745e-04 9.999913e-01 1.118646e+02
9.999986e-01 2.162664e-04 1.635643e-03 1.143859e+02 -2.174554e-04 9.999997e-01 7.268945e-04 1.071969e+00 -1.635485e-03 -7.272485e-04 9.999984e-01 1.118099e+02
9.999908e-01 -1.132660e-04 -4.276652e-03 1.150183e+02 1.097556e-04 9.999997e-01 -8.210154e-04 1.075324e+00 4.276743e-03 8.205378e-04 9.999905e-01 1.112551e+02
9.999991e-01 1.764644e-04 1.347406e-03 1.157638e+02 -1.775520e-04 9.999997e-01 8.072592e-04 1.089342e+00 -1.347262e-03 -8.074970e-04 9.999988e-01 1.104005e+02
9.999929e-01 1.105812e-04 -3.777641e-03 1.169792e+02 -1.137306e-04 9.999996e-01 -8.334227e-04 1.091298e+00 3.777548e-03 8.338457e-04 9.999925e-01 1.099363e+02
9.999988e-01 2.150623e-04 1.519166e-03 1.184637e+02 -2.160482e-04 9.999998e-01 6.489829e-04 1.096377e+00 -1.519026e-03 -6.493097e-04 9.999986e-01 1.092458e+02
9.999950e-01 -3.702999e-05 -3.173301e-03 1.197584e+02 3.388827e-05 9.999995e-01 -9.900341e-04 1.108375e+00 3.173336e-03 9.899209e-04 9.999945e-01 1.082534e+02
9.999993e-01 3.288131e-04 1.118884e-03 1.209255e+02 -3.299827e-04 9.999994e-01 1.045471e-03 1.096290e+00 -1.118540e-03 -1.045839e-03 9.999988e-01 1.081110e+02
9.999954e-01 1.512701e-04 -3.026103e-03 1.227118e+02 -1.548752e-04 9.999993e-01 -1.191072e-03 1.090288e+00 3.025921e-03 1.191534e-03 9.999947e-01 1.076773e+02
9.999989e-01 -1.095834e-04 1.464791e-03 1.230605e+02 1.078581e-04 9.999993e-01 1.177995e-03 1.075401e+00 -1.464919e-03 -1.177835e-03 9.999982e-01 1.083877e+02
9.999938e-01 2.217960e-04 -3.517695e-03 1.233583e+02 -2.269429e-04 9.999989e-01 -1.462746e-03 1.059380e+00 3.517367e-03 1.463534e-03 9.999927e-01 1.099714e+02
9.999988e-01 -1.847491e-04 1.532534e-03 1.242391e+02 1.828979e-04 9.999993e-01 1.208143e-03 1.069311e+00 -1.532756e-03 -1.207861e-03 9.999981e-01 1.090753e+02
9.999935e-01 6.770561e-05 -3.611717e-03 1.242834e+02 -7.199571e-05 9.999993e-01 -1.187656e-03 1.081556e+00 3.611633e-03 1.187908e-03 9.999928e-01 1.078412e+02
9.999997e-01 -3.684555e-05 8.030928e-04 1.249480e+02 3.593013e-05 9.999993e-01 1.140109e-03 1.097504e+00 -8.031340e-04 -1.140079e-03 9.999990e-01 1.068548e+02
9.999942e-01 2.823226e-04 -3.397001e-03 1.260861e+02 -2.864431e-04 9.999992e-01 -1.212484e-03 1.102055e+00 3.396656e-03 1.213449e-03 9.999935e-01 1.063252e+02
9.999984e-01 1.141018e-04 1.771064e-03 1.274018e+02 -1.162925e-04 9.999992e-01 1.236985e-03 1.079649e+00 -1.770921e-03 -1.237189e-03 9.999977e-01 1.064423e+02
9.999918e-01 2.002288e-04 -4.048485e-03 1.285128e+02 -2.055627e-04 9.999991e-01 -1.317089e-03 1.071423e+00 4.048218e-03 1.317910e-03 9.999909e-01 1.061782e+02
9.999982e-01 -2.630114e-04 1.860501e-03 1.288047e+02 2.608229e-04 9.999993e-01 1.176574e-03 1.087011e+00 -1.860809e-03 -1.176086e-03 9.999976e-01 1.049074e+02
9.999921e-01 1.677807e-04 -3.959127e-03 1.288918e+02 -1.725093e-04 9.999993e-01 -1.193980e-03 1.098542e+00 3.958923e-03 1.194653e-03 9.999914e-01 1.036789e+02
9.999990e-01 5.492023e-05 1.415749e-03 1.299214e+02 -5.653711e-05 9.999993e-01 1.142200e-03 1.100158e+00 -1.415685e-03 -1.142278e-03 9.999983e-01 1.032136e+02
9.999929e-01 2.181583e-04 -3.766128e-03 1.310808e+02 -2.225737e-04 9.999993e-01 -1.171967e-03 1.098648e+00 3.765869e-03 1.172796e-03 9.999922e-01 1.028110e+02
9.999984e-01 4.737477e-05 1.767528e-03 1.319719e+02 -4.930404e-05 9.999994e-01 1.091602e-03 1.076909e+00 -1.767475e-03 -1.091687e-03 9.999978e-01 1.030707e+02
9.999903e-01 -2.789928e-05 -4.410435e-03 1.322841e+02 2.165498e-05 9.999990e-01 -1.415795e-03 1.060125e+00 4.410470e-03 1.415685e-03 9.999893e-01 1.040497e+02
9.999966e-01 1.351479e-05 2.621813e-03 1.324481e+02 -1.648524e-05 9.999994e-01 1.133041e-03 1.024541e+00 -2.621796e-03 -1.133079e-03 9.999959e-01 1.056038e+02
9.999916e-01 2.421216e-07 -4.091404e-03 1.325470e+02 -6.571697e-06 9.999988e-01 -1.546976e-03 9.895834e-01 4.091399e-03 1.546990e-03 9.999904e-01 1.073524e+02
9.999985e-01 -2.033778e-04 1.710884e-03 1.320414e+02 2.005711e-04 9.999986e-01 1.640641e-03 1.003975e+00 -1.711215e-03 -1.640295e-03 9.999972e-01 1.071738e+02
9.999933e-01 1.351099e-04 -3.658410e-03 1.321238e+02 -1.410269e-04 9.999987e-01 -1.617091e-03 1.015463e+00 3.658187e-03 1.617596e-03 9.999920e-01 1.061307e+02
9.999983e-01 2.083654e-04 1.812357e-03 1.334653e+02 -2.112888e-04 9.999987e-01 1.613125e-03 1.001213e+00 -1.812018e-03 -1.613504e-03 9.999971e-01 1.060419e+02
9.999970e-01 4.340549e-04 -2.420091e-03 1.352869e+02 -4.378753e-04 9.999987e-01 -1.578211e-03 9.612361e-01 2.419403e-03 1.579266e-03 9.999958e-01 1.065287e+02
9.999985e-01 1.548671e-04 1.735099e-03 1.371155e+02 -1.574280e-04 9.999989e-01 1.476002e-03 9.282950e-01 -1.734868e-03 -1.476273e-03 9.999974e-01 1.068667e+02
9.999970e-01 2.856433e-04 -2.438234e-03 1.379207e+02 -2.895881e-04 9.999986e-01 -1.617569e-03 8.729253e-01 2.437768e-03 1.618269e-03 9.999957e-01 1.082047e+02
9.999983e-01 -2.318457e-05 1.836618e-03 1.387407e+02 2.045498e-05 9.999989e-01 1.486332e-03 8.223148e-01 -1.836650e-03 -1.486291e-03 9.999972e-01 1.094168e+02
9.999929e-01 3.609636e-04 -3.746910e-03 1.400507e+02 -3.666168e-04 9.999988e-01 -1.508141e-03 8.109994e-01 3.746361e-03 1.509504e-03 9.999918e-01 1.092378e+02
9.999997e-01 -2.386593e-04 6.691614e-04 1.408954e+02 2.376993e-04 9.999989e-01 1.434692e-03 8.198690e-01 -6.695028e-04 -1.434532e-03 9.999987e-01 1.086258e+02
9.999947e-01 2.296496e-04 -3.248597e-03 1.412517e+02 -2.343899e-04 9.999989e-01 -1.458810e-03 8.273035e-01 3.248258e-03 1.459563e-03 9.999937e-01 1.078283e+02
9.999998e-01 -1.120728e-04 5.796707e-04 1.419142e+02 1.112775e-04 9.999991e-01 1.372088e-03 8.248426e-01 -5.798236e-04 -1.372022e-03 9.999989e-01 1.075147e+02
9.999959e-01 2.657131e-04 -2.859954e-03 1.427858e+02 -2.697030e-04 9.999990e-01 -1.394734e-03 8.135766e-01 2.859580e-03 1.395499e-03 9.999949e-01 1.074345e+02
9.999995e-01 3.108149e-05 1.023339e-03 1.439570e+02 -3.243501e-05 9.999991e-01 1.322881e-03 7.977138e-01 -1.023297e-03 -1.322913e-03 9.999986e-01 1.073862e+02
9.999939e-01 1.154609e-04 -3.485485e-03 1.446451e+02 -1.205802e-04 9.999989e-01 -1.468496e-03 7.899405e-01 3.485312e-03 1.468906e-03 9.999928e-01 1.071519e+02
9.999994e-01 -1.816359e-05 1.132557e-03 1.452866e+02 1.654041e-05 9.999990e-01 1.433400e-03 7.772082e-01 -1.132582e-03 -1.433379e-03 9.999983e-01 1.070622e+02
9.999960e-01 3.357209e-04 -2.797073e-03 1.464377e+02 -3.396967e-04 9.999989e-01 -1.420984e-03 7.531485e-01 2.796593e-03 1.421928e-03 9.999951e-01 1.072640e+02
9.999996e-01 -5.449061e-06 9.246533e-04 1.477306e+02 4.146073e-06 9.999990e-01 1.409407e-03 7.390915e-01 -9.246598e-04 -1.409401e-03 9.999986e-01 1.071964e+02
9.999945e-01 3.581654e-04 -3.289411e-03 1.491909e+02 -3.630193e-04 9.999988e-01 -1.475066e-03 7.424124e-01 3.288878e-03 1.476252e-03 9.999935e-01 1.066678e+02
9.999973e-01 2.524740e-04 2.330624e-03 1.515449e+02 -2.557404e-04 9.999990e-01 1.401421e-03 7.372540e-01 -2.330267e-03 -1.402013e-03 9.999963e-01 1.063916e+02
9.999960e-01 4.898053e-04 -2.802939e-03 1.541232e+02 -4.936072e-04 9.999990e-01 -1.355762e-03 7.138715e-01 2.802272e-03 1.357140e-03 9.999952e-01 1.067621e+02
9.999987e-01 2.721895e-04 1.563072e-03 1.570826e+02 -2.740295e-04 9.999993e-01 1.177245e-03 7.232113e-01 -1.562751e-03 -1.177671e-03 9.999981e-01 1.062404e+02
9.999979e-01 3.290860e-04 -2.003550e-03 1.592235e+02 -3.317898e-04 9.999990e-01 -1.349225e-03 6.917596e-01 2.003103e-03 1.349887e-03 9.999971e-01 1.067993e+02
9.999995e-01 1.491483e-04 1.024222e-03 1.609178e+02 -1.504004e-04 9.999992e-01 1.222830e-03 6.633764e-01 -1.024039e-03 -1.222983e-03 9.999987e-01 1.072818e+02
9.999975e-01 6.064512e-04 -2.157742e-03 1.637787e+02 -6.092009e-04 9.999990e-01 -1.273801e-03 6.635320e-01 2.156968e-03 1.275111e-03 9.999969e-01 1.068766e+02
9.999960e-01 4.988294e-04 2.797991e-03 1.674197e+02 -5.016700e-04 9.999994e-01 1.014731e-03 6.320433e-01 -2.797483e-03 -1.016130e-03 9.999956e-01 1.072085e+02
9.999901e-01 -9.682932e-05 -4.439608e-03 1.691060e+02 9.048038e-05 9.999990e-01 -1.430195e-03 6.190803e-01 4.439741e-03 1.429778e-03 9.999891e-01 1.072244e+02
9.999970e-01 3.357344e-04 2.428678e-03 1.703538e+02 -3.383376e-04 9.999994e-01 1.071619e-03 6.253842e-01 -2.428316e-03 -1.072437e-03 9.999965e-01 1.065766e+02
9.999911e-01 -9.069821e-05 -4.228341e-03 1.717048e+02 8.434452e-05 9.999989e-01 -1.502742e-03 6.188711e-01 4.228472e-03 1.502371e-03 9.999899e-01 1.063490e+02
9.999975e-01 3.803072e-04 2.189848e-03 1.726113e+02 -3.835588e-04 9.999988e-01 1.484741e-03 5.929616e-01 -2.189280e-03 -1.485577e-03 9.999965e-01 1.067782e+02
9.999880e-01 -2.317948e-04 -4.903161e-03 1.733301e+02 2.238606e-04 9.999987e-01 -1.618631e-03 5.821610e-01 4.903529e-03 1.617514e-03 9.999867e-01 1.068719e+02
9.999972e-01 2.970685e-04 2.351317e-03 1.736146e+02 -3.004078e-04 9.999989e-01 1.420066e-03 5.814432e-01 -2.350892e-03 -1.420768e-03 9.999962e-01 1.065908e+02
9.999895e-01 -1.780506e-04 -4.573417e-03 1.742659e+02 1.710546e-04 9.999988e-01 -1.530006e-03 5.647152e-01 4.573684e-03 1.529207e-03 9.999884e-01 1.067128e+02
9.999981e-01 2.570956e-04 1.906621e-03 1.745977e+02 -2.594635e-04 9.999992e-01 1.241930e-03 5.427436e-01 -1.906300e-03 -1.242422e-03 9.999974e-01 1.077362e+02
9.999950e-01 1.716616e-04 -3.151149e-03 1.757057e+02 -1.762279e-04 9.999989e-01 -1.448787e-03 5.000000e-01 3.150897e-03 1.449334e-03 9.999940e-01 1.088268e+02
9.999989e-01 1.126847e-04 1.498052e-03 1.766592e+02 -1.146363e-04 9.999991e-01 1.302888e-03 4.697350e-01 -1.497904e-03 -1.303058e-03 9.999980e-01 1.094279e+02
9.999960e-01 1.952733e-04 -2.814805e-03 1.781829e+02 -1.992892e-04 9.999990e-01 -1.426419e-03 4.534753e-01 2.814523e-03 1.426973e-03 9.999950e-01 1.095023e+02
1.000000e+00 -1.021417e-04 1.714300e-04 1.789100e+02 1.019452e-04 9.999993e-01 1.146881e-03 4.472314e-01 -1.715467e-04 -1.146863e-03 9.999993e-01 1.097388e+02
9.999965e-01 2.192311e-04 -2.637149e-03 1.796427e+02 -2.228469e-04 9.999990e-01 -1.370812e-03 4.355675e-01 2.636846e-03 1.371395e-03 9.999956e-01 1.099956e+02
