9.999985e-01 3.710784e-04 -1.688228e-03 1.015253e+00 -3.713118e-04 9.999999e-01 -1.379056e-04 -3.527755e-02 1.688176e-03 1.385316e-04 9.999986e-01 8.259423e-01
9.999999e-01 -4.252213e-06 3.898679e-04 1.954913e+00 4.266754e-06 1.000000e+00 -3.723075e-05 -7.822359e-02 -3.898674e-04 3.723312e-05 9.999999e-01 1.758857e+00
9.999980e-01 2.436230e-04 -1.987977e-03 2.713457e+00 -2.436912e-04 1.000000e+00 -3.406010e-05 -1.132957e-01 1.987968e-03 3.454377e-05 9.999980e-01 2.284150e+00
9.999999e-01 3.421999e-05 5.150010e-04 3.598234e+00 -3.420910e-05 1.000000e+00 -2.108934e-05 -1.477523e-01 -5.150013e-04 2.107243e-05 9.999999e-01 2.795175e+00
9.999983e-01 2.931629e-04 -1.815972e-03 4.599393e+00 -2.932895e-04 1.000000e+00 -6.945653e-05 -1.830062e-01 1.815951e-03 6.998831e-05 9.999983e-01 3.339257e+00
9.999999e-01 -1.897483e-05 3.776865e-04 5.489954e+00 1.898541e-05 1.000000e+00 -2.794064e-05 -2.166899e-01 -3.776856e-04 2.794852e-05 9.999999e-01 3.829531e+00
9.999968e-01 2.124759e-04 -2.523055e-03 6.257330e+00 -2.126843e-04 1.000000e+00 -8.228996e-05 -2.384860e-01 2.523038e-03 8.282559e-05 9.999968e-01 4.288588e+00
1.000000e+00 -7.084873e-05 1.357647e-04 6.918440e+00 7.087605e-05 1.000000e+00 -2.010226e-04 -2.480604e-01 -1.357502e-04 2.010329e-04 1.000000e+00 4.369071e+00
9.999950e-01 9.060374e-05 -3.147989e-03 7.370454e+00 -9.066775e-05 1.000000e+00 -2.018171e-05 -2.519052e-01 3.147987e-03 2.046632e-05 9.999950e-01 4.674859e+00
1.000000e+00 -9.379856e-05 -1.060019e-04 7.365996e+00 9.375876e-05 9.999999e-01 -3.757009e-04 -2.469948e-01 1.060375e-04 3.756916e-04 9.999999e-01 5.662407e+00
9.999916e-01 1.213802e-04 -4.087801e-03 7.480705e+00 -1.214721e-04 1.000000e+00 -2.220802e-05 -2.179883e-01 4.087798e-03 2.270367e-05 9.999916e-01 6.849450e+00
9.999990e-01 -6.160438e-06 1.426813e-03 7.664889e+00 6.756067e-06 9.999999e-01 -4.174261e-04 -1.770725e-01 -1.426810e-03 4.174360e-04 9.999989e-01 6.859269e+00
9.999946e-01 1.337939e-04 -3.288483e-03 7.937987e+00 -1.335458e-04 1.000000e+00 7.568967e-05 -1.572530e-01 3.288493e-03 -7.525081e-05 9.999946e-01 6.234679e+00
1.000000e+00 -1.049256e-04 -7.972104e-05 7.931887e+00 1.048998e-04 9.999999e-01 -3.235572e-04 -1.407870e-01 7.975533e-05 3.235495e-04 9.999999e-01 7.383855e+00
9.999929e-01 2.671971e-04 -3.748801e-03 7.806092e+00 -2.680930e-04 9.999999e-01 -2.384568e-04 -8.239109e-02 3.748736e-03 2.394594e-04 9.999929e-01 9.795554e+00
9.999997e-01 2.220287e-04 7.941730e-04 9.307203e+00 -2.216219e-04 9.999998e-01 -5.122149e-04 2.636444e-04 -7.942863e-04 5.120395e-04 9.999996e-01 1.147814e+01
9.999960e-01 5.872344e-04 -2.760769e-03 1.259628e+01 -5.883425e-04 9.999997e-01 -4.005816e-04 1.647051e-01 2.760533e-03 4.022035e-04 9.999961e-01 1.009173e+01
9.999984e-01 2.549711e-04 1.749978e-03 1.665238e+01 -2.538580e-04 9.999998e-01 -6.362523e-04 3.747277e-01 -1.750139e-03 6.358078e-04 9.999983e-01 6.685038e+00
9.999940e-01 2.802140e-04 -3.458926e-03 1.885157e+01 -2.801459e-04 1.000000e+00 2.018766e-05 5.708628e-01 3.458931e-03 -1.921925e-05 9.999940e-01 5.184487e+00
9.999955e-01 5.602811e-04 2.941948e-03 2.299547e+01 -5.572192e-04 9.999993e-01 -1.041491e-03 7.752181e-01 -2.942529e-03 1.039848e-03 9.999951e-01 1.655808e+00
9.999935e-01 2.097069e-04 -3.594381e-03 2.670440e+01 -2.093110e-04 1.000000e+00 1.105309e-04 9.814994e-01 3.594403e-03 -1.097785e-04 9.999935e-01 -1.858595e+00
9.999948e-01 7.628065e-04 3.146804e-03 3.144481e+01 -7.591118e-04 9.999990e-01 -1.175107e-03 1.211768e+00 -3.147697e-03 1.172713e-03 9.999944e-01 -6.325003e+00
9.999939e-01 2.940009e-04 -3.478179e-03 3.702165e+01 -2.943930e-04 1.000000e+00 -1.122237e-04 1.434841e+00 3.478146e-03 1.132463e-04 9.999939e-01 -1.097701e+01
9.999959e-01 5.584956e-04 2.799662e-03 4.093141e+01 -5.557639e-04 9.999994e-01 -9.763690e-04 1.604939e+00 -2.800205e-03 9.748098e-04 9.999956e-01 -1.283702e+01
9.999942e-01 2.756283e-04 -3.392730e-03 4.534297e+01 -2.762383e-04 9.999999e-01 -1.793199e-04 1.820828e+00 3.392680e-03 1.802554e-04 9.999942e-01 -1.676832e+01
9.999936e-01 8.015407e-04 3.494924e-03 5.061002e+01 -7.978945e-04 9.999991e-01 -1.044536e-03 2.045719e+00 -3.495758e-03 1.041742e-03 9.999933e-01 -2.198537e+01
9.999955e-01 5.021362e-05 -3.013738e-03 5.467885e+01 -5.023548e-05 1.000000e+00 -7.163651e-06 2.301594e+00 3.013737e-03 7.314302e-06 9.999955e-01 -2.692561e+01
9.999949e-01 7.311367e-04 3.118437e-03 5.872231e+01 -7.284769e-04 9.999994e-01 -8.539522e-04 2.554134e+00 -3.119059e-03 8.516768e-04 9.999948e-01 -3.177609e+01
9.999945e-01 7.970646e-05 -3.312098e-03 6.283356e+01 -7.984943e-05 1.000000e+00 -4.302145e-05 2.779000e+00 3.312094e-03 4.328496e-05 9.999945e-01 -3.654428e+01
9.999943e-01 9.308955e-04 3.247870e-03 6.698647e+01 -9.280767e-04 9.999992e-01 -8.692738e-04 3.011239e+00 -3.248676e-03 8.662553e-04 9.999943e-01 -4.047999e+01
9.999946e-01 -3.427424e-04 -3.278652e-03 6.996260e+01 3.426995e-04 9.999999e-01 -1.362955e-05 3.263615e+00 3.278656e-03 1.250516e-05 9.999946e-01 -4.309234e+01
9.999956e-01 8.845008e-04 2.838014e-03 7.266334e+01 -8.827171e-04 9.999994e-01 -6.296986e-04 3.495814e+00 -2.838569e-03 6.271913e-04 9.999958e-01 -4.589689e+01
9.999948e-01 -3.529232e-04 -3.213766e-03 7.503563e+01 3.528825e-04 9.999999e-01 -1.321669e-05 3.735151e+00 3.213770e-03 1.208182e-05 9.999948e-01 -4.815616e+01
9.999952e-01 1.047182e-03 2.899906e-03 7.825605e+01 -1.045200e-03 9.999992e-01 -6.849484e-04 3.972199e+00 -2.900621e-03 6.819149e-04 9.999956e-01 -5.046667e+01
9.999962e-01 8.058140e-05 -2.752572e-03 8.323115e+01 -8.149551e-05 9.999999e-01 -3.319664e-04 4.193815e+00 2.752545e-03 3.321888e-04 9.999962e-01 -5.372126e+01
9.999995e-01 5.561181e-05 9.822388e-04 8.323979e+01 -5.589195e-05 1.000000e+00 2.852311e-04 4.397351e+00 -9.822226e-04 -2.852852e-04 9.999995e-01 -5.259079e+01
9.999993e-01 7.852546e-04 -8.389019e-04 8.722054e+01 -7.861751e-04 9.999991e-01 -1.097486e-03 4.619447e+00 8.380390e-04 1.098145e-03 9.999990e-01 -5.436398e+01
9.999992e-01 -4.807359e-04 -1.145182e-03 8.798762e+01 4.819066e-04 9.999994e-01 1.022196e-03 4.808765e+00 1.144691e-03 -1.022746e-03 9.999988e-01 -5.339367e+01
9.999956e-01 1.953949e-03 2.217032e-03 9.435191e+01 -1.949070e-03 9.999957e-01 -2.200645e-03 5.035339e+00 -2.221322e-03 2.196314e-03 9.999951e-01 -5.632530e+01
9.999982e-01 -9.022521e-04 -1.672782e-03 9.923354e+01 9.046570e-04 9.999986e-01 1.437483e-03 5.228883e+00 1.671483e-03 -1.438993e-03 9.999976e-01 -5.859392e+01
9.999936e-01 2.334992e-03 2.713405e-03 1.051564e+02 -2.328587e-03 9.999945e-01 -2.361437e-03 5.395348e+00 -2.718905e-03 2.355103e-03 9.999935e-01 -6.087413e+01
9.999975e-01 -1.104586e-03 -1.939021e-03 1.108892e+02 1.107358e-03 9.999984e-01 1.429249e-03 5.584624e+00 1.937439e-03 -1.431392e-03 9.999971e-01 -6.364459e+01
9.999951e-01 1.836852e-03 2.531590e-03 1.144398e+02 -1.832563e-03 9.999969e-01 -1.695515e-03 5.760964e+00 -2.534697e-03 1.690867e-03 9.999954e-01 -6.557919e+01
9.999982e-01 -1.161660e-03 -1.521713e-03 1.166551e+02 1.163927e-03 9.999982e-01 1.489892e-03 5.927769e+00 1.519980e-03 -1.491660e-03 9.999977e-01 -6.597694e+01
9.999962e-01 1.684288e-03 2.194051e-03 1.184450e+02 -1.680830e-03 9.999973e-01 -1.577065e-03 6.019707e+00 -2.196702e-03 1.573371e-03 9.999963e-01 -6.578834e+01
9.999964e-01 -1.638350e-03 -2.136775e-03 1.190563e+02 1.642268e-03 9.999970e-01 1.833481e-03 6.109811e+00 2.133765e-03 -1.836983e-03 9.999960e-01 -6.558081e+01
9.999954e-01 2.084756e-03 2.204695e-03 1.204579e+02 -2.080666e-03 9.999961e-01 -1.855655e-03 6.166414e+00 -2.208556e-03 1.851058e-03 9.999958e-01 -6.482690e+01
9.999931e-01 -2.669673e-03 -2.578031e-03 1.185196e+02 2.676279e-03 9.999931e-01 2.562418e-03 6.318509e+00 2.571173e-03 -2.569299e-03 9.999934e-01 -6.596002e+01
9.999959e-01 2.397204e-03 1.583970e-03 1.175610e+02 -2.393687e-03 9.999947e-01 -2.218445e-03 6.403450e+00 -1.589280e-03 2.214644e-03 9.999963e-01 -6.657983e+01
9.999921e-01 -2.708167e-03 -2.921795e-03 1.160194e+02 2.716367e-03 9.999924e-01 2.806061e-03 6.492555e+00 2.914173e-03 -2.813975e-03 9.999918e-01 -6.796627e+01
9.999944e-01 2.902617e-03 1.653687e-03 1.162052e+02 -2.898015e-03 9.999919e-01 -2.778754e-03 6.517893e+00 -1.661739e-03 2.773945e-03 9.999948e-01 -6.737812e+01
9.999938e-01 -2.664816e-03 -2.303586e-03 1.170693e+02 2.670589e-03 9.999933e-01 2.506460e-03 6.481617e+00 2.296891e-03 -2.512596e-03 9.999942e-01 -6.598676e+01
9.999960e-01 2.818040e-03 -3.517241e-04 1.177809e+02 -2.818902e-03 9.999930e-01 -2.475240e-03 6.472866e+00 3.447460e-04 2.476221e-03 9.999969e-01 -6.614231e+01
9.999935e-01 -2.872417e-03 -2.165428e-03 1.177449e+02 2.878097e-03 9.999924e-01 2.624374e-03 6.467953e+00 2.157874e-03 -2.630588e-03 9.999942e-01 -6.626373e+01
9.999958e-01 2.845400e-03 -4.915107e-04 1.177484e+02 -2.846670e-03 9.999926e-01 -2.602196e-03 6.452572e+00 4.841025e-04 2.603583e-03 9.999965e-01 -6.585661e+01
9.999945e-01 -2.763135e-03 -1.820342e-03 1.179768e+02 2.767643e-03 9.999931e-01 2.478212e-03 6.423700e+00 1.813483e-03 -2.483235e-03 9.999953e-01 -6.489417e+01
9.999958e-01 2.889341e-03 -1.745838e-05 1.184287e+02 -2.889377e-03 9.999924e-01 -2.623815e-03 6.388231e+00 9.876817e-06 2.623854e-03 9.999966e-01 -6.397253e+01
9.999922e-01 -2.938808e-03 -2.635218e-03 1.184140e+02 2.945663e-03 9.999923e-01 2.601319e-03 6.373490e+00 2.627553e-03 -2.609060e-03 9.999931e-01 -6.337688e+01
9.999958e-01 2.895671e-03 8.448026e-05 1.183043e+02 -2.895451e-03 9.999927e-01 -2.491758e-03 6.368937e+00 -9.169528e-05 2.491502e-03 9.999969e-01 -6.303482e+01
9.999916e-01 -3.006846e-03 -2.797381e-03 1.180600e+02 3.014404e-03 9.999918e-01 2.701411e-03 6.377762e+00 2.789236e-03 -2.709820e-03 9.999924e-01 -6.327176e+01
9.999960e-01 2.819208e-03 1.943529e-04 1.175516e+02 -2.818723e-03 9.999930e-01 -2.449318e-03 6.394414e+00 -2.012570e-04 2.448760e-03 9.999970e-01 -6.361657e+01
9.999911e-01 -3.005595e-03 -2.945367e-03 1.173130e+02 3.013100e-03 9.999922e-01 2.546851e-03 6.400304e+00 2.937689e-03 -2.555702e-03 9.999924e-01 -6.353576e+01
9.999956e-01 2.965116e-03 1.223206e-04 1.173532e+02 -2.964809e-03 9.999926e-01 -2.441627e-03 6.400574e+00 -1.295598e-04 2.441253e-03 9.999970e-01 -6.347150e+01
9.999922e-01 -2.909152e-03 -2.674222e-03 1.178213e+02 2.915785e-03 9.999927e-01 2.480049e-03 6.391119e+00 2.666988e-03 -2.487826e-03 9.999933e-01 -6.360135e+01
9.999957e-01 2.934133e-03 4.876036e-05 1.180634e+02 -2.934008e-03 9.999928e-01 -2.401663e-03 6.382357e+00 -5.580714e-05 2.401509e-03 9.999971e-01 -6.345712e+01
9.999948e-01 -2.670262e-03 -1.832963e-03 1.187895e+02 2.674725e-03 9.999935e-01 2.436932e-03 6.349806e+00 1.826444e-03 -2.441821e-03 9.999954e-01 -6.295800e+01
9.999956e-01 2.964264e-03 2.283707e-06 1.195308e+02 -2.964249e-03 9.999925e-01 -2.489572e-03 6.316928e+00 -9.663767e-06 2.489554e-03 9.999969e-01 -6.243888e+01
9.999921e-01 -2.959123e-03 -2.672591e-03 1.196962e+02 2.965766e-03 9.999925e-01 2.484890e-03 6.310673e+00 2.665218e-03 -2.492796e-03 9.999933e-01 -6.237019e+01
9.999951e-01 3.119177e-03 -7.237375e-05 1.205199e+02 -3.119346e-03 9.999921e-01 -2.459258e-03 6.310452e+00 6.470199e-05 2.459471e-03 9.999970e-01 -6.276774e+01
9.999937e-01 -2.771576e-03 -2.230903e-03 1.218670e+02 2.777110e-03 9.999931e-01 2.481570e-03 6.308606e+00 2.224010e-03 -2.487749e-03 9.999944e-01 -6.314976e+01
9.999954e-01 3.026418e-03 -3.807136e-05 1.227703e+02 -3.026504e-03 9.999922e-01 -2.527662e-03 6.295176e+00 3.042098e-05 2.527765e-03 9.999968e-01 -6.326332e+01
9.999930e-01 -3.034129e-03 -2.192966e-03 1.230182e+02 3.039675e-03 9.999922e-01 2.529985e-03 6.294678e+00 2.185273e-03 -2.536633e-03 9.999944e-01 -6.398019e+01
9.999955e-01 3.002412e-03 -1.947040e-05 1.231755e+02 -3.002452e-03 9.999923e-01 -2.542118e-03 6.294089e+00 1.183744e-05 2.542164e-03 9.999968e-01 -6.469215e+01
9.999922e-01 -3.053059e-03 -2.494654e-03 1.233715e+02 3.059436e-03 9.999921e-01 2.556261e-03 6.293544e+00 2.486830e-03 -2.563872e-03 9.999936e-01 -6.535294e+01
9.999955e-01 3.004137e-03 3.401444e-05 1.235732e+02 -3.004041e-03 9.999923e-01 -2.533621e-03 6.298702e+00 -4.162585e-05 2.533507e-03 9.999968e-01 -6.618885e+01
9.999919e-01 -3.009246e-03 -2.671992e-03 1.238888e+02 3.016225e-03 9.999920e-01 2.611718e-03 6.296488e+00 2.664112e-03 -2.619755e-03 9.999930e-01 -6.672778e+01
9.999956e-01 2.962867e-03 2.393848e-04 1.240173e+02 -2.962237e-03 9.999923e-01 -2.590087e-03 6.299188e+00 -2.470574e-04 2.589366e-03 9.999966e-01 -6.749681e+01
9.999928e-01 -3.070215e-03 -2.226931e-03 1.239665e+02 3.076071e-03 9.999918e-01 2.631123e-03 6.311159e+00 2.218835e-03 -2.637953e-03 9.999941e-01 -6.883761e+01
9.999956e-01 2.964374e-03 3.113166e-05 1.240592e+02 -2.964283e-03 9.999923e-01 -2.588291e-03 6.323765e+00 -3.880441e-05 2.588186e-03 9.999966e-01 -7.010833e+01
9.999922e-01 -2.922898e-03 -2.674977e-03 1.243994e+02 2.929962e-03 9.999922e-01 2.640932e-03 6.323431e+00 2.667238e-03 -2.648748e-03 9.999929e-01 -7.064060e+01
9.999957e-01 2.922153e-03 -1.815127e-05 1.246481e+02 -2.922189e-03 9.999926e-01 -2.491400e-03 6.321422e+00 1.087056e-05 2.491442e-03 9.999969e-01 -7.099806e+01
9.999916e-01 -2.965313e-03 -2.831805e-03 1.245433e+02 2.972695e-03 9.999922e-01 2.606071e-03 6.320538e+00 2.824056e-03 -2.614467e-03 9.999926e-01 -7.100741e+01
9.999961e-01 2.806937e-03 -6.746649e-05 1.241518e+02 -2.807093e-03 9.999931e-01 -2.436720e-03 6.327712e+00 6.062598e-05 2.436899e-03 9.999970e-01 -7.090643e+01
9.999919e-01 -2.866298e-03 -2.820607e-03 1.241898e+02 2.873253e-03 9.999928e-01 2.464985e-03 6.317846e+00 2.813522e-03 -2.473069e-03 9.999930e-01 -7.069212e+01
9.999964e-01 2.650204e-03 -3.983779e-04 1.235353e+02 -2.651097e-03 9.999939e-01 -2.256036e-03 6.339716e+00 3.923962e-04 2.257083e-03 9.999974e-01 -7.051767e+01
9.999924e-01 -2.666419e-03 -2.827128e-03 1.234597e+02 2.672557e-03 9.999941e-01 2.169529e-03 6.339593e+00 2.821327e-03 -2.177067e-03 9.999937e-01 -6.959339e+01
9.999960e-01 2.809949e-03 3.717990e-04 1.238204e+02 -2.809092e-03 9.999934e-01 -2.286489e-03 6.322481e+00 -3.782218e-04 2.285435e-03 9.999973e-01 -6.896470e+01
9.999895e-01 -2.963166e-03 -3.482992e-03 1.234356e+02 2.971802e-03 9.999925e-01 2.477131e-03 6.330719e+00 3.475626e-03 -2.487455e-03 9.999909e-01 -6.890255e+01
9.999954e-01 3.013362e-03 2.113284e-04 1.235404e+02 -3.012834e-03 9.999924e-01 -2.454581e-03 6.325030e+00 -2.187237e-04 2.453933e-03 9.999970e-01 -6.833137e+01
9.999907e-01 -2.913035e-03 -3.184352e-03 1.238331e+02 2.920706e-03 9.999928e-01 2.407064e-03 6.315911e+00 3.177317e-03 -2.416341e-03 9.999920e-01 -6.796833e+01
9.999952e-01 3.073265e-03 4.803818e-04 1.245750e+02 -3.072128e-03 9.999925e-01 -2.350518e-03 6.309124e+00 -4.876023e-04 2.349030e-03 9.999971e-01 -6.813643e+01
9.999913e-01 -2.801988e-03 -3.095679e-03 1.255257e+02 2.809505e-03 9.999931e-01 2.426303e-03 6.301053e+00 3.088860e-03 -2.434979e-03 9.999923e-01 -6.826358e+01
9.999948e-01 3.070992e-03 9.985624e-04 1.261922e+02 -3.068615e-03 9.999925e-01 -2.373671e-03 6.273672e+00 -1.005845e-03 2.370594e-03 9.999967e-01 -6.796725e+01
9.999903e-01 -2.926870e-03 -3.283263e-03 1.266656e+02 2.934794e-03 9.999928e-01 2.411319e-03 6.247459e+00 3.276182e-03 -2.420930e-03 9.999917e-01 -6.756457e+01
9.999953e-01 3.035827e-03 3.815989e-04 1.271644e+02 -3.034925e-03 9.999927e-01 -2.341501e-03 6.242338e+00 -3.887048e-04 2.340331e-03 9.999972e-01 -6.759093e+01
9.999904e-01 -2.968412e-03 -3.221823e-03 1.274307e+02 2.976288e-03 9.999926e-01 2.442455e-03 6.236443e+00 3.214550e-03 -2.452019e-03 9.999918e-01 -6.744521e+01
9.999952e-01 3.086250e-03 2.766507e-04 1.279560e+02 -3.085593e-03 9.999925e-01 -2.342886e-03 6.228383e+00 -2.838797e-04 2.342020e-03 9.999972e-01 -6.754798e+01
9.999890e-01 -3.012009e-03 -3.602007e-03 1.284428e+02 3.020560e-03 9.999926e-01 2.370891e-03 6.229625e+00 3.594840e-03 -2.381744e-03 9.999907e-01 -6.759606e+01
9.999932e-01 3.448171e-03 1.281927e-03 1.300421e+02 -3.445226e-03 9.999914e-01 -2.292959e-03 6.229135e+00 -1.289823e-03 2.288527e-03 9.999965e-01 -6.779033e+01
9.999904e-01 -3.039431e-03 -3.150333e-03 1.314297e+02 3.046473e-03 9.999929e-01 2.232896e-03 6.213578e+00 3.143524e-03 -2.242472e-03 9.999925e-01 -6.779760e+01
9.999949e-01 3.144128e-03 4.652242e-04 1.317801e+02 -3.143104e-03 9.999927e-01 -2.186469e-03 6.198413e+00 -4.720956e-04 2.184995e-03 9.999975e-01 -6.744249e+01
9.999907e-01 -2.948570e-03 -3.139789e-03 1.325917e+02 2.955462e-03 9.999932e-01 2.192525e-03 6.192888e+00 3.133303e-03 -2.201783e-03 9.999927e-01 -6.763702e+01
9.999947e-01 3.219852e-03 4.777755e-04 1.335555e+02 -3.218862e-03 9.999927e-01 -2.058466e-03 6.185977e+00 -4.844003e-04 2.056917e-03 9.999978e-01 -6.778282e+01
9.999927e-01 -2.800327e-03 -2.602301e-03 1.349199e+02 2.805812e-03 9.999938e-01 2.106213e-03 6.175245e+00 2.596387e-03 -2.113498e-03 9.999944e-01 -6.788637e+01
9.999955e-01 2.992886e-03 -2.393955e-04 1.356602e+02 -2.993378e-03 9.999934e-01 -2.081810e-03 6.169030e+00 2.331630e-04 2.082517e-03 9.999978e-01 -6.786538e+01
9.999919e-01 -2.826057e-03 -2.877698e-03 1.365259e+02 2.832424e-03 9.999935e-01 2.210889e-03 6.168566e+00 2.871431e-03 -2.219021e-03 9.999934e-01 -6.800529e+01
9.999956e-01 2.968366e-03 -1.621540e-04 1.372278e+02 -2.968724e-03 9.999931e-01 -2.248350e-03 6.171205e+00 1.554786e-04 2.248820e-03 9.999975e-01 -6.808897e+01
9.999910e-01 -2.896869e-03 -3.110462e-03 1.376663e+02 2.904160e-03 9.999930e-01 2.342037e-03 6.172741e+00 3.103656e-03 -2.351048e-03 9.999924e-01 -6.806262e+01
9.999946e-01 3.211009e-03 6.718417e-04 1.387950e+02 -3.209475e-03 9.999923e-01 -2.273095e-03 6.166979e+00 -6.791357e-04 2.270925e-03 9.999972e-01 -6.827339e+01
9.999906e-01 -2.911360e-03 -3.220670e-03 1.399614e+02 2.918821e-03 9.999931e-01 2.314185e-03 6.164668e+00 3.213911e-03 -2.323563e-03 9.999921e-01 -6.856558e+01
9.999950e-01 3.136959e-03 3.171061e-04 1.409509e+02 -3.136217e-03 9.999924e-01 -2.314618e-03 6.169719e+00 -3.243649e-04 2.313611e-03 9.999973e-01 -6.901676e+01
9.999915e-01 -2.906287e-03 -2.921702e-03 1.419280e+02 2.912947e-03 9.999932e-01 2.277840e-03 6.167565e+00 2.915062e-03 -2.286331e-03 9.999931e-01 -6.925734e+01
9.999949e-01 3.159404e-03 3.561133e-04 1.427951e+02 -3.158621e-03 9.999926e-01 -2.177399e-03 6.155440e+00 -3.629903e-04 2.176263e-03 9.999976e-01 -6.925596e+01
9.999924e-01 -2.845515e-03 -2.656071e-03 1.439245e+02 2.851494e-03 9.999934e-01 2.250108e-03 6.144810e+00 2.649651e-03 -2.257664e-03 9.999939e-01 -6.934571e+01
9.999950e-01 3.166039e-03 1.024254e-04 1.451213e+02 -3.165803e-03 9.999925e-01 -2.224907e-03 6.144364e+00 -1.094691e-04 2.224571e-03 9.999975e-01 -6.968606e+01
9.999912e-01 -2.944061e-03 -2.978891e-03 1.461280e+02 2.950738e-03 9.999931e-01 2.239712e-03 6.148391e+00 2.972278e-03 -2.248482e-03 9.999931e-01 -7.012458e+01
9.999948e-01 3.206724e-03 1.944147e-04 1.472081e+02 -3.206286e-03 9.999924e-01 -2.213905e-03 6.151143e+00 -2.015129e-04 2.213270e-03 9.999975e-01 -7.054300e+01
9.999909e-01 -2.974204e-03 -3.046433e-03 1.482187e+02 2.981111e-03 9.999930e-01 2.265195e-03 6.153697e+00 3.039675e-03 -2.274255e-03 9.999928e-01 -7.094819e+01
9.999946e-01 3.260828e-03 3.484643e-04 1.493283e+02 -3.260051e-03 9.999922e-01 -2.207483e-03 6.153592e+00 -3.556601e-04 2.206334e-03 9.999975e-01 -7.129696e+01
9.999905e-01 -3.045375e-03 -3.118375e-03 1.501658e+02 3.052623e-03 9.999926e-01 2.322097e-03 6.147292e+00 3.111281e-03 -2.331593e-03 9.999924e-01 -7.148646e+01
9.999945e-01 3.291258e-03 3.215043e-04 1.511715e+02 -3.290516e-03 9.999920e-01 -2.281111e-03 6.148565e+00 -3.290097e-04 2.280040e-03 9.999973e-01 -7.186197e+01
9.999906e-01 -3.062908e-03 -3.068019e-03 1.521021e+02 3.069964e-03 9.999926e-01 2.297668e-03 6.147139e+00 3.060959e-03 -2.307064e-03 9.999927e-01 -7.218135e+01
9.999944e-01 3.317682e-03 3.929693e-04 1.531306e+02 -3.316786e-03 9.999919e-01 -2.258769e-03 6.146150e+00 -4.004603e-04 2.257452e-03 9.999974e-01 -7.251093e+01
9.999906e-01 -3.150754e-03 -2.979871e-03 1.537693e+02 3.157517e-03 9.999924e-01 2.267743e-03 6.142060e+00 2.972704e-03 -2.277130e-03 9.999930e-01 -7.276683e+01
9.999957e-01 2.934984e-03 -1.416463e-04 1.532090e+02 -2.935287e-03 9.999933e-01 -2.186583e-03 6.161697e+00 1.352275e-04 2.186988e-03 9.999976e-01 -7.236732e+01
9.999911e-01 -3.055181e-03 -2.901839e-03 1.530178e+02 3.061706e-03 9.999928e-01 2.246833e-03 6.171985e+00 2.894954e-03 -2.255697e-03 9.999933e-01 -7.235411e+01
9.999954e-01 3.016059e-03 -2.395223e-04 1.530410e+02 -3.016577e-03 9.999930e-01 -2.192197e-03 6.166944e+00 2.329085e-04 2.192909e-03 9.999976e-01 -7.210512e+01
9.999916e-01 -3.052629e-03 -2.731284e-03 1.530831e+02 3.058598e-03 9.999929e-01 2.183680e-03 6.151080e+00 2.724599e-03 -2.192015e-03 9.999939e-01 -7.164330e+01
9.999954e-01 3.005558e-03 -3.652517e-04 1.530486e+02 -3.006360e-03 9.999930e-01 -2.216057e-03 6.138831e+00 3.585883e-04 2.217145e-03 9.999975e-01 -7.113285e+01
9.999910e-01 -3.116624e-03 -2.875728e-03 1.529116e+02 3.122987e-03 9.999927e-01 2.210877e-03 6.135160e+00 2.868817e-03 -2.219837e-03 9.999934e-01 -7.064871e+01
9.999954e-01 3.007082e-03 -3.481913e-04 1.526486e+02 -3.007822e-03 9.999932e-01 -2.144893e-03 6.138876e+00 3.417388e-04 2.145929e-03 9.999976e-01 -7.029127e+01
9.999910e-01 -3.148186e-03 -2.828055e-03 1.522972e+02 3.154563e-03 9.999925e-01 2.253456e-03 6.149524e+00 2.820940e-03 -2.262356e-03 9.999935e-01 -7.006342e+01
9.999954e-01 3.012711e-03 -2.904718e-04 1.519377e+02 -3.013324e-03 9.999932e-01 -2.131855e-03 6.169161e+00 2.840468e-04 2.132720e-03 9.999977e-01 -7.015759e+01
9.999916e-01 -3.151516e-03 -2.623250e-03 1.517894e+02 3.157276e-03 9.999926e-01 2.194236e-03 6.170106e+00 2.616315e-03 -2.202499e-03 9.999942e-01 -6.999728e+01
9.999953e-01 2.966091e-03 -7.602050e-04 1.513548e+02 -2.967671e-03 9.999934e-01 -2.085153e-03 6.182515e+00 7.540149e-04 2.087398e-03 9.999975e-01 -6.956819e+01
9.999921e-01 -3.197090e-03 -2.358877e-03 1.507178e+02 3.202338e-03 9.999924e-01 2.224418e-03 6.205176e+00 2.351748e-03 -2.231953e-03 9.999947e-01 -6.927033e+01
9.999948e-01 3.147546e-03 -6.496142e-04 1.506910e+02 -3.148947e-03 9.999927e-01 -2.165967e-03 6.206081e+00 6.427916e-04 2.168001e-03 9.999974e-01 -6.907641e+01
9.999938e-01 -2.991306e-03 -1.865010e-03 1.515024e+02 2.995434e-03 9.999931e-01 2.214122e-03 6.198224e+00 1.858374e-03 -2.219694e-03 9.999958e-01 -6.925585e+01
9.999947e-01 3.043958e-03 -1.114928e-03 1.519268e+02 -3.046362e-03 9.999930e-01 -2.160795e-03 6.200062e+00 1.108342e-03 2.164180e-03 9.999970e-01 -6.938249e+01
9.999932e-01 -3.132967e-03 -1.944060e-03 1.519534e+02 3.137396e-03 9.999925e-01 2.279416e-03 6.211645e+00 1.936905e-03 -2.285499e-03 9.999955e-01 -6.958617e+01
9.999940e-01 3.335664e-03 -8.881614e-04 1.529329e+02 -3.337645e-03 9.999919e-01 -2.238629e-03 6.215041e+00 8.806866e-04 2.241579e-03 9.999971e-01 -6.999008e+01
9.999935e-01 -3.074148e-03 -1.875991e-03 1.541173e+02 3.078446e-03 9.999926e-01 2.292590e-03 6.218518e+00 1.868930e-03 -2.298350e-03 9.999956e-01 -7.043591e+01
9.999941e-01 3.223407e-03 -1.180502e-03 1.550509e+02 -3.226154e-03 9.999921e-01 -2.332156e-03 6.233578e+00 1.172975e-03 2.335950e-03 9.999966e-01 -7.116215e+01
9.999935e-01 -3.171746e-03 -1.687695e-03 1.555268e+02 3.175802e-03 9.999921e-01 2.405704e-03 6.237250e+00 1.680051e-03 -2.411047e-03 9.999957e-01 -7.164440e+01
9.999945e-01 3.148854e-03 -1.014310e-03 1.556913e+02 -3.151185e-03 9.999924e-01 -2.304883e-03 6.244302e+00 1.007044e-03 2.308066e-03 9.999968e-01 -7.234283e+01
9.999938e-01 -3.139960e-03 -1.583696e-03 1.561570e+02 3.143625e-03 9.999924e-01 2.317379e-03 6.250875e+00 1.576408e-03 -2.322342e-03 9.999961e-01 -7.307884e+01
9.999938e-01 3.294989e-03 -1.230605e-03 1.569540e+02 -3.297789e-03 9.999920e-01 -2.280161e-03 6.249506e+00 1.223082e-03 2.284204e-03 9.999966e-01 -7.337612e+01
9.999937e-01 -3.123207e-03 -1.675064e-03 1.577671e+02 3.127129e-03 9.999924e-01 2.343897e-03 6.248758e+00 1.667731e-03 -2.349119e-03 9.999959e-01 -7.370143e+01
9.999945e-01 3.104807e-03 -1.141907e-03 1.581742e+02 -3.107364e-03 9.999927e-01 -2.244493e-03 6.265230e+00 1.134930e-03 2.248028e-03 9.999968e-01 -7.476418e+01
9.999950e-01 -3.041811e-03 -8.119946e-04 1.585573e+02 3.043438e-03 9.999934e-01 2.009084e-03 6.285013e+00 8.058783e-04 -2.011545e-03 9.999977e-01 -7.581292e+01
9.999928e-01 3.231956e-03 -1.995203e-03 1.594619e+02 -3.235948e-03 9.999928e-01 -2.000487e-03 6.288005e+00 1.988723e-03 2.006929e-03 9.999960e-01 -7.627712e+01
9.999949e-01 -3.145683e-03 -5.973965e-04 1.600167e+02 3.146898e-03 9.999930e-01 2.043108e-03 6.286720e+00 5.909657e-04 -2.044977e-03 9.999977e-01 -7.669866e+01
9.999928e-01 3.141376e-03 -2.113816e-03 1.600937e+02 -3.145443e-03 9.999932e-01 -1.923195e-03 6.279620e+00 2.107760e-03 1.929829e-03 9.999959e-01 -7.650964e+01
9.999952e-01 -3.060019e-03 -5.132044e-04 1.605185e+02 3.061051e-03 9.999933e-01 2.022602e-03 6.266421e+00 5.070120e-04 -2.024163e-03 9.999978e-01 -7.637694e+01
9.999929e-01 3.104078e-03 -2.140222e-03 1.609593e+02 -3.108220e-03 9.999933e-01 -1.934426e-03 6.259303e+00 2.134203e-03 1.941063e-03 9.999958e-01 -7.662238e+01
9.999954e-01 -2.994499e-03 -5.369084e-04 1.615759e+02 2.995570e-03 9.999935e-01 2.005114e-03 6.246406e+00 5.309009e-04 -2.006712e-03 9.999978e-01 -7.667664e+01
9.999936e-01 3.170961e-03 -1.648965e-03 1.620243e+02 -3.174180e-03 9.999931e-01 -1.953319e-03 6.215627e+00 1.642760e-03 1.958540e-03 9.999967e-01 -7.622707e+01
9.999951e-01 -3.018996e-03 -8.332079e-04 1.623598e+02 3.020620e-03 9.999935e-01 1.954331e-03 6.193467e+00 8.273027e-04 -1.956837e-03 9.999977e-01 -7.567254e+01
9.999938e-01 3.338183e-03 -1.140490e-03 1.632127e+02 -3.340362e-03 9.999926e-01 -1.913563e-03 6.165399e+00 1.134093e-03 1.917360e-03 9.999975e-01 -7.518320e+01
9.999933e-01 -3.090895e-03 -1.952486e-03 1.636063e+02 3.094024e-03 9.999939e-01 1.601626e-03 6.159401e+00 1.947524e-03 -1.607655e-03 9.999968e-01 -7.350456e+01
9.999937e-01 3.472368e-03 -6.923813e-04 1.644641e+02 -3.473742e-03 9.999920e-01 -1.992742e-03 6.149065e+00 6.854559e-04 1.995134e-03 9.999978e-01 -7.192120e+01
9.999956e-01 -2.865502e-03 -7.125083e-04 1.659735e+02 2.866895e-03 9.999940e-01 1.961890e-03 6.117422e+00 7.068825e-04 -1.963923e-03 9.999978e-01 -7.120347e+01
9.999933e-01 3.295336e-03 -1.601935e-03 1.669887e+02 -3.298703e-03 9.999923e-01 -2.103223e-03 6.091162e+00 1.594992e-03 2.108492e-03 9.999965e-01 -7.017180e+01
9.999904e-01 -3.472580e-03 -2.683714e-03 1.664420e+02 3.477381e-03 9.999924e-01 1.786577e-03 6.121504e+00 2.677490e-03 -1.795891e-03 9.999948e-01 -6.862831e+01
9.999932e-01 3.543867e-03 -1.039625e-03 1.662749e+02 -3.546028e-03 9.999915e-01 -2.083692e-03 6.130202e+00 1.032231e-03 2.087364e-03 9.999973e-01 -6.711048e+01
9.999930e-01 -3.338383e-03 -1.689266e-03 1.664130e+02 3.341433e-03 9.999928e-01 1.805826e-03 6.109976e+00 1.683226e-03 -1.811457e-03 9.999969e-01 -6.559005e+01
9.999927e-01 3.212827e-03 -2.086222e-03 1.659773e+02 -3.217317e-03 9.999925e-01 -2.152298e-03 6.133148e+00 2.079291e-03 2.158994e-03 9.999955e-01 -6.378287e+01
9.999961e-01 -2.785671e-03 -2.597770e-04 1.664987e+02 2.786176e-03 9.999942e-01 1.966520e-03 6.108852e+00 2.542978e-04 -1.967235e-03 9.999980e-01 -6.245778e+01
9.999945e-01 3.252031e-03 -6.534243e-04 1.677520e+02 -3.253314e-03 9.999928e-01 -1.971158e-03 6.067602e+00 6.470090e-04 1.973272e-03 9.999978e-01 -6.181651e+01
9.999943e-01 -2.941578e-03 -1.642285e-03 1.684673e+02 2.944621e-03 9.999939e-01 1.853102e-03 6.040113e+00 1.636824e-03 -1.857926e-03 9.999969e-01 -6.105546e+01
9.999941e-01 3.271100e-03 -1.085670e-03 1.689354e+02 -3.273351e-03 9.999925e-01 -2.078136e-03 6.018605e+00 1.078863e-03 2.081677e-03 9.999973e-01 -5.974966e+01
9.999964e-01 -2.689186e-03 1.238607e-04 1.702669e+02 2.688933e-03 9.999944e-01 2.001529e-03 5.976069e+00 -1.292422e-04 -2.001188e-03 9.999980e-01 -5.889434e+01
9.999938e-01 3.466307e-03 -6.346424e-04 1.725018e+02 -3.467578e-03 9.999920e-01 -2.012598e-03 5.945728e+00 6.276607e-04 2.014785e-03 9.999978e-01 -5.859484e+01
9.999934e-01 -3.197992e-03 -1.712496e-03 1.728340e+02 3.200906e-03 9.999934e-01 1.701783e-03 5.910704e+00 1.707042e-03 -1.707253e-03 9.999971e-01 -5.716829e+01
9.999937e-01 3.299101e-03 -1.326960e-03 1.727881e+02 -3.301553e-03 9.999928e-01 -1.849566e-03 5.910898e+00 1.320848e-03 1.853934e-03 9.999974e-01 -5.589410e+01
9.999952e-01 -2.965332e-03 -9.095795e-04 1.733070e+02 2.966856e-03 9.999942e-01 1.678242e-03 5.882794e+00 9.045980e-04 -1.680932e-03 9.999982e-01 -5.463059e+01
9.999933e-01 3.251173e-03 -1.689410e-03 1.736653e+02 -3.254496e-03 9.999928e-01 -1.967806e-03 5.856757e+00 1.683000e-03 1.973290e-03 9.999966e-01 -5.317410e+01
9.999952e-01 -2.953669e-03 -9.441431e-04 1.739890e+02 2.955326e-03 9.999941e-01 1.758236e-03 5.835041e+00 9.389446e-04 -1.761018e-03 9.999980e-01 -5.179428e+01
9.999920e-01 3.138151e-03 -2.463794e-03 1.742054e+02 -3.143257e-03 9.999929e-01 -2.071385e-03 5.835705e+00 2.457276e-03 2.079112e-03 9.999948e-01 -5.012179e+01
9.999948e-01 -2.935452e-03 -1.307710e-03 1.741793e+02 2.937689e-03 9.999942e-01 1.712082e-03 5.846078e+00 1.302677e-03 -1.715914e-03 9.999977e-01 -4.819230e+01
9.999890e-01 2.540091e-03 -3.933644e-03 1.729773e+02 -2.547739e-03 9.999949e-01 -1.940409e-03 5.931244e+00 3.928695e-03 1.950409e-03 9.999904e-01 -4.658819e+01
9.999861e-01 -1.347461e-03 5.099199e-03 1.755623e+02 1.337657e-03 9.999973e-01 1.925468e-03 5.861220e+00 -5.101779e-03 -1.918620e-03 9.999851e-01 -4.498651e+01
9.999950e-01 2.960587e-03 -1.107428e-03 1.793912e+02 -2.963109e-03 9.999930e-01 -2.283040e-03 5.754351e+00 1.100661e-03 2.286310e-03 9.999968e-01 -4.284939e+01
9.999967e-01 -2.528310e-03 -3.787618e-04 1.800042e+02 2.528997e-03 9.999951e-01 1.824778e-03 5.708574e+00 3.741467e-04 -1.825729e-03 9.999983e-01 -4.049113e+01
9.999836e-01 2.450726e-03 -5.175347e-03 1.789923e+02 -2.460664e-03 9.999951e-01 -1.914574e-03 5.769519e+00 5.170630e-03 1.927277e-03 9.999848e-01 -3.912497e+01
9.999920e-01 -2.285716e-03 3.291369e-03 1.800093e+02 2.280713e-03 9.999962e-01 1.522998e-03 5.779891e+00 -3.294838e-03 -1.515478e-03 9.999934e-01 -3.980518e+01
9.999837e-01 2.873410e-03 -4.940776e-03 1.818875e+02 -2.880146e-03 9.999949e-01 -1.356801e-03 5.761338e+00 4.936852e-03 1.371008e-03 9.999869e-01 -3.985182e+01
9.999859e-01 -1.906362e-03 4.964349e-03 1.853644e+02 1.900295e-03 9.999974e-01 1.226768e-03 5.752077e+00 -4.966675e-03 -1.217316e-03 9.999869e-01 -4.002125e+01
9.999902e-01 3.263052e-03 -2.982835e-03 1.890547e+02 -3.267062e-03 9.999938e-01 -1.340376e-03 5.679582e+00 2.978443e-03 1.350107e-03 9.999947e-01 -3.834983e+01
9.999722e-01 -1.315732e-03 7.340222e-03 1.938262e+02 1.306995e-03 9.999984e-01 1.194886e-03 5.573557e+00 -7.341783e-03 -1.185259e-03 9.999723e-01 -3.607497e+01
9.999814e-01 2.730008e-03 -5.449495e-03 1.973666e+02 -2.738725e-03 9.999950e-01 -1.592823e-03 5.512245e+00 5.445119e-03 1.607717e-03 9.999839e-01 -3.498083e+01
9.999930e-01 -2.404523e-03 2.871364e-03 1.984394e+02 2.399908e-03 9.999958e-01 1.609702e-03 5.496424e+00 -2.875222e-03 -1.602799e-03 9.999946e-01 -3.439018e+01
9.999423e-01 1.864334e-03 -1.057573e-02 1.968494e+02 -1.887690e-03 9.999958e-01 -2.198818e-03 5.622830e+00 1.057159e-02 2.218654e-03 9.999417e-01 -3.190926e+01
9.999914e-01 -2.431213e-03 3.355332e-03 1.947443e+02 2.425699e-03 9.999957e-01 1.646529e-03 5.791611e+00 -3.359321e-03 -1.638375e-03 9.999930e-01 -2.946086e+01
9.999597e-01 2.040970e-03 -8.745613e-03 1.933995e+02 -2.056535e-03 9.999963e-01 -1.771052e-03 5.886282e+00 8.741966e-03 1.788965e-03 9.999602e-01 -2.811465e+01
9.999920e-01 -2.721369e-03 2.918074e-03 1.911684e+02 2.716473e-03 9.999949e-01 1.680293e-03 6.035965e+00 -2.922631e-03 -1.672352e-03 9.999943e-01 -2.654936e+01
9.999551e-01 2.194054e-03 -9.219153e-03 1.897211e+02 -2.212601e-03 9.999955e-01 -2.002020e-03 6.148790e+00 9.214719e-03 2.022328e-03 9.999555e-01 -2.478281e+01
9.999950e-01 -2.828061e-03 1.399295e-03 1.874873e+02 2.826135e-03 9.999951e-01 1.377110e-03 6.331668e+00 -1.403183e-03 -1.373148e-03 9.999981e-01 -2.211824e+01
9.999331e-01 1.717222e-03 -1.143900e-02 1.838116e+02 -1.741484e-03 9.999963e-01 -2.111403e-03 6.615670e+00 1.143533e-02 2.131182e-03 9.999323e-01 -1.830692e+01
9.999883e-01 -2.251754e-03 4.291846e-03 1.824055e+02 2.245710e-03 9.999965e-01 1.412760e-03 6.788630e+00 -4.295012e-03 -1.403104e-03 9.999898e-01 -1.615267e+01
9.999507e-01 2.030564e-03 -9.718804e-03 1.825419e+02 -2.048935e-03 9.999961e-01 -1.880709e-03 6.883939e+00 9.714947e-03 1.900529e-03 9.999510e-01 -1.542038e+01
9.999930e-01 -2.634051e-03 2.664264e-03 1.813058e+02 2.631149e-03 9.999959e-01 1.092434e-03 7.065575e+00 -2.667131e-03 -1.085416e-03 9.999959e-01 -1.360946e+01
9.999456e-01 1.957255e-03 -1.024560e-02 1.796298e+02 -1.976671e-03 9.999963e-01 -1.885223e-03 7.262342e+00 1.024187e-02 1.905372e-03 9.999457e-01 -1.124612e+01
9.999923e-01 -2.525344e-03 2.993106e-03 1.776676e+02 2.521085e-03 9.999958e-01 1.426036e-03 7.416567e+00 -2.996694e-03 -1.418479e-03 9.999945e-01 -8.885790e+00
9.999563e-01 2.088258e-03 -9.116011e-03 1.762373e+02 -2.104395e-03 9.999962e-01 -1.760919e-03 7.523474e+00 9.112299e-03 1.780025e-03 9.999569e-01 -7.045559e+00
9.999840e-01 -2.166515e-03 5.221627e-03 1.761925e+02 2.158439e-03 9.999965e-01 1.551704e-03 7.550958e+00 -5.224970e-03 -1.540408e-03 9.999852e-01 -5.910166e+00
9.999610e-01 2.245891e-03 -8.542038e-03 1.767025e+02 -2.261779e-03 9.999957e-01 -1.850750e-03 7.559722e+00 8.537844e-03 1.869997e-03 9.999618e-01 -4.868319e+00
9.999870e-01 -2.139114e-03 4.619949e-03 1.778848e+02 2.132210e-03 9.999966e-01 1.498904e-03 7.599276e+00 -4.623140e-03 -1.489033e-03 9.999882e-01 -4.137221e+00
9.999651e-01 2.240267e-03 -8.052396e-03 1.785726e+02 -2.255439e-03 9.999957e-01 -1.875576e-03 7.621850e+00 8.048159e-03 1.893672e-03 9.999658e-01 -3.178375e+00
9.999878e-01 -2.282606e-03 4.386185e-03 1.785512e+02 2.275261e-03 9.999960e-01 1.678928e-03 7.630390e+00 -4.389999e-03 -1.668927e-03 9.999890e-01 -2.216840e+00
9.999669e-01 2.391447e-03 -7.778432e-03 1.789063e+02 -2.405431e-03 9.999955e-01 -1.788853e-03 7.630599e+00 7.774119e-03 1.807504e-03 9.999681e-01 -1.545393e+00
9.999860e-01 -2.261092e-03 4.787535e-03 1.790136e+02 2.252931e-03 9.999960e-01 1.709197e-03 7.639874e+00 -4.791380e-03 -1.698386e-03 9.999871e-01 -4.293528e-01
9.999632e-01 1.624281e-03 -8.418005e-03 1.761597e+02 -1.635182e-03 9.999978e-01 -1.288227e-03 7.788800e+00 8.415895e-03 1.301944e-03 9.999637e-01 4.353853e-01
9.999820e-01 -2.036586e-03 5.649449e-03 1.743517e+02 2.030045e-03 9.999973e-01 1.163442e-03 7.887647e+00 -5.651803e-03 -1.151952e-03 9.999834e-01 1.990198e+00
9.999703e-01 3.384366e-03 -6.930236e-03 1.808828e+02 -3.393865e-03 9.999933e-01 -1.359376e-03 7.985780e+00 6.925589e-03 1.382856e-03 9.999751e-01 -7.838630e-01
9.999827e-01 -1.880353e-03 5.570033e-03 1.868839e+02 1.877288e-03 9.999981e-01 5.553955e-04 8.089742e+00 -5.571066e-03 -5.449287e-04 9.999843e-01 -3.811203e+00
9.999633e-01 2.260419e-03 -8.263963e-03 1.889278e+02 -2.268021e-03 9.999970e-01 -9.105462e-04 8.118361e+00 8.261880e-03 9.292549e-04 9.999654e-01 -3.897636e+00
9.999798e-01 -2.061832e-03 6.018320e-03 1.902951e+02 2.057020e-03 9.999976e-01 8.055580e-04 8.121325e+00 -6.019966e-03 -7.931612e-04 9.999816e-01 -4.334453e+00
9.999638e-01 2.211719e-03 -8.214270e-03 1.909703e+02 -2.218037e-03 9.999973e-01 -7.601135e-04 8.102906e+00 8.212566e-03 7.783049e-04 9.999660e-01 -4.302697e+00
9.999797e-01 -2.019975e-03 6.047304e-03 1.915180e+02 2.015074e-03 9.999976e-01 8.164277e-04 8.074576e+00 -6.048938e-03 -8.042247e-04 9.999814e-01 -3.919094e+00
9.999673e-01 2.350206e-03 -7.737200e-03 1.923648e+02 -2.356969e-03 9.999968e-01 -8.649853e-04 8.039180e+00 7.735143e-03 8.831926e-04 9.999697e-01 -3.248468e+00
9.999766e-01 -1.912632e-03 6.572394e-03 1.935916e+02 1.907293e-03 9.999978e-01 8.185465e-04 7.999785e+00 -6.573945e-03 -8.059911e-04 9.999781e-01 -2.511107e+00
9.999471e-01 1.898970e-03 -1.010638e-02 1.934759e+02 -1.910290e-03 9.999976e-01 -1.110514e-03 7.999192e+00 1.010424e-02 1.129760e-03 9.999483e-01 -8.842676e-01
9.999748e-01 -1.685547e-03 6.893527e-03 1.936206e+02 1.680376e-03 9.999983e-01 7.558337e-04 7.993513e+00 -6.894789e-03 -7.442303e-04 9.999760e-01 7.945773e-01
9.999660e-01 2.193360e-03 -7.951729e-03 1.956153e+02 -2.199390e-03 9.999973e-01 -7.496526e-04 7.973614e+00 7.950063e-03 7.671154e-04 9.999681e-01 9.829002e-01
9.999755e-01 -1.744914e-03 6.773264e-03 1.971026e+02 1.740610e-03 9.999983e-01 6.414173e-04 7.945245e+00 -6.774371e-03 -6.296113e-04 9.999769e-01 1.398742e+00
9.999658e-01 2.128434e-03 -7.996973e-03 1.981379e+02 -2.133554e-03 9.999975e-01 -6.317704e-04 7.906292e+00 7.995608e-03 6.488100e-04 9.999678e-01 1.983260e+00
9.999743e-01 -1.617731e-03 6.987751e-03 1.995943e+02 1.613481e-03 9.999985e-01 6.138231e-04 7.874915e+00 -6.988733e-03 -6.025320e-04 9.999754e-01 2.351981e+00
9.999593e-01 2.007198e-03 -8.792493e-03 2.004350e+02 -2.013572e-03 9.999977e-01 -7.160476e-04 7.839296e+00 8.791035e-03 7.337221e-04 9.999611e-01 3.159993e+00
9.999735e-01 -1.650094e-03 7.094184e-03 2.011944e+02 1.646287e-03 9.999985e-01 5.424934e-04 7.801041e+00 -7.095068e-03 -5.307992e-04 9.999747e-01 4.157874e+00
9.999584e-01 2.042901e-03 -8.891014e-03 2.020550e+02 -2.048726e-03 9.999977e-01 -6.461299e-04 7.766855e+00 8.889673e-03 6.643176e-04 9.999603e-01 4.942265e+00
9.999784e-01 -1.800327e-03 6.317403e-03 2.027647e+02 1.796779e-03 9.999982e-01 5.672917e-04 7.746800e+00 -6.318412e-03 -5.559278e-04 9.999799e-01 5.699160e+00
9.999575e-01 2.028904e-03 -8.995146e-03 2.032895e+02 -2.035302e-03 9.999977e-01 -7.021728e-04 7.725340e+00 8.993701e-03 7.204501e-04 9.999593e-01 6.642971e+00
9.999800e-01 -1.894987e-03 6.040158e-03 2.035351e+02 1.891433e-03 9.999980e-01 5.940903e-04 7.715133e+00 -6.041272e-03 -5.826532e-04 9.999816e-01 7.665535e+00
9.999643e-01 2.219991e-03 -8.148546e-03 2.042770e+02 -2.225841e-03 9.999973e-01 -7.088938e-04 7.684461e+00 8.146950e-03 7.270052e-04 9.999665e-01 8.533397e+00
9.999805e-01 -2.011194e-03 5.914517e-03 2.049391e+02 2.006874e-03 9.999977e-01 7.364387e-04 7.661603e+00 -5.915984e-03 -7.245540e-04 9.999822e-01 8.880713e+00
9.999572e-01 2.104360e-03 -9.003936e-03 2.057068e+02 -2.110602e-03 9.999975e-01 -6.836971e-04 7.664916e+00 9.002475e-03 7.026709e-04 9.999592e-01 8.490357e+00
9.999756e-01 -1.914063e-03 6.720155e-03 2.066491e+02 1.908876e-03 9.999979e-01 7.782323e-04 7.652123e+00 -6.721630e-03 -7.653847e-04 9.999771e-01 8.421291e+00
9.999613e-01 2.238307e-03 -8.507281e-03 2.075988e+02 -2.244773e-03 9.999972e-01 -7.505655e-04 7.624375e+00 8.505577e-03 7.696327e-04 9.999635e-01 8.752460e+00
9.999754e-01 -1.865466e-03 6.764651e-03 2.085329e+02 1.860265e-03 9.999980e-01 7.751025e-04 7.590046e+00 -6.766083e-03 -7.624987e-04 9.999768e-01 9.297014e+00
9.999557e-01 2.105659e-03 -9.176963e-03 2.090861e+02 -2.114275e-03 9.999973e-01 -9.292451e-04 7.563323e+00 9.174982e-03 9.486058e-04 9.999575e-01 1.031364e+01
9.999795e-01 -1.969107e-03 6.085339e-03 2.091642e+02 1.964943e-03 9.999978e-01 6.902975e-04 7.547104e+00 -6.086685e-03 -6.783253e-04 9.999812e-01 1.169887e+01
9.999558e-01 2.061950e-03 -9.178528e-03 2.091816e+02 -2.071169e-03 9.999974e-01 -9.949745e-04 7.532100e+00 9.176451e-03 1.013940e-03 9.999574e-01 1.323221e+01
9.999800e-01 -1.955967e-03 6.015266e-03 2.092038e+02 1.952132e-03 9.999979e-01 6.432659e-04 7.516610e+00 -6.016512e-03 -6.315097e-04 9.999817e-01 1.488833e+01
9.999607e-01 2.262544e-03 -8.569081e-03 2.096682e+02 -2.271073e-03 9.999969e-01 -9.856996e-04 7.488395e+00 8.566824e-03 1.005121e-03 9.999628e-01 1.634630e+01
9.999688e-01 -1.779290e-03 7.702372e-03 2.108104e+02 1.772609e-03 9.999980e-01 8.742279e-04 7.439938e+00 -7.703912e-03 -8.605466e-04 9.999700e-01 1.731785e+01
9.999257e-01 2.229921e-03 -1.198147e-02 2.142505e+02 -2.242969e-03 9.999969e-01 -1.075608e-03 7.542879e+00 1.197903e-02 1.102402e-03 9.999276e-01 1.458671e+01
9.999509e-01 -1.867045e-03 9.735657e-03 2.192460e+02 1.869531e-03 9.999982e-01 -2.463068e-04 7.744601e+00 -9.735179e-03 2.644965e-04 9.999526e-01 8.510103e+00
9.999200e-01 2.566926e-03 -1.238873e-02 2.243257e+02 -2.574470e-03 9.999965e-01 -5.930455e-04 7.905523e+00 1.238716e-02 6.248917e-04 9.999231e-01 4.277303e+00
9.999451e-01 -1.742045e-03 1.033500e-02 2.288044e+02 1.742746e-03 9.999985e-01 -5.879185e-05 8.034545e+00 -1.033489e-02 7.680058e-05 9.999466e-01 1.388588e+00
