9.999878e-01 1.004983e-03 -4.839652e-03 5.836493e-01 -1.005981e-03 9.999995e-01 -2.038237e-04 2.989566e-02 4.839445e-03 2.086891e-04 9.999883e-01 2.282676e+00
9.999984e-01 6.551116e-04 1.680923e-03 4.419292e+00 -6.539814e-04 9.999996e-01 -6.728339e-04 7.445699e-02 -1.681362e-03 6.717342e-04 9.999984e-01 2.085820e+00
9.999873e-01 4.001882e-04 -5.019020e-03 6.108617e+00 -3.986571e-04 9.999999e-01 3.060738e-04 5.785946e-02 5.019141e-03 -3.040698e-04 9.999874e-01 3.966073e+00
9.999998e-01 2.474413e-05 6.130884e-04 5.855745e+00 -2.442831e-05 9.999999e-01 -5.150862e-04 6.568188e-02 -6.131007e-04 5.150719e-04 9.999997e-01 5.967995e+00
9.999888e-01 3.401701e-04 -4.728807e-03 5.592562e+00 -3.386651e-04 9.999999e-01 3.190558e-04 7.139064e-02 4.728915e-03 -3.174515e-04 9.999888e-01 7.909804e+00
9.999992e-01 2.135982e-05 1.275519e-03 5.942860e+00 -2.093819e-05 9.999999e-01 -3.305464e-04 5.586788e-02 -1.275525e-03 3.305201e-04 9.999991e-01 8.995176e+00
9.999879e-01 3.791088e-04 -4.914792e-03 6.297787e+00 -3.777645e-04 9.999999e-01 2.744542e-04 5.293883e-02 4.914895e-03 -2.725950e-04 9.999879e-01 1.017768e+01
9.999994e-01 7.848954e-06 1.132890e-03 6.147150e+00 -7.376769e-06 9.999999e-01 -4.167689e-04 5.506749e-02 -1.132893e-03 4.167610e-04 9.999993e-01 1.210426e+01
9.999851e-01 4.695579e-04 -5.438556e-03 5.608725e+00 -4.693339e-04 9.999999e-01 4.247949e-05 7.087547e-02 5.438575e-03 -3.992708e-05 9.999852e-01 1.482211e+01
9.999999e-01 7.148377e-05 4.675536e-04 4.625034e+00 -7.125199e-05 9.999999e-01 -4.956388e-04 1.221185e-01 -4.675886e-04 4.956061e-04 9.999998e-01 1.810085e+01
9.999829e-01 5.270681e-04 -5.830360e-03 3.537258e+00 -5.275190e-04 9.999999e-01 -7.579001e-05 1.820745e-01 5.830319e-03 7.886362e-05 9.999830e-01 2.182172e+01
9.999992e-01 -1.829617e-04 1.248512e-03 2.764009e+00 1.832452e-04 1.000000e+00 -2.269209e-04 2.221286e-01 -1.248470e-03 2.271502e-04 9.999992e-01 2.422845e+01
9.999890e-01 1.061526e-03 -4.565949e-03 4.400579e+00 -1.061346e-03 9.999994e-01 4.186672e-05 2.345477e-01 4.565991e-03 -3.702091e-05 9.999896e-01 2.527583e+01
9.999984e-01 -1.431429e-04 1.809751e-03 6.393989e+00 1.438872e-04 9.999999e-01 -4.111345e-04 2.322073e-01 -1.809692e-03 4.113949e-04 9.999983e-01 2.605443e+01
9.999834e-01 7.076168e-04 -5.719577e-03 6.311145e+00 -7.066188e-04 9.999997e-01 1.765109e-04 2.341627e-01 5.719700e-03 -1.724672e-04 9.999836e-01 2.850643e+01
9.999990e-01 -1.213603e-06 1.419198e-03 6.139871e+00 1.884575e-06 9.999999e-01 -4.727474e-04 2.490046e-01 -1.419197e-03 4.727503e-04 9.999989e-01 3.153704e+01
9.999853e-01 5.024890e-04 -5.396508e-03 5.833365e+00 -5.016709e-04 9.999999e-01 1.529643e-04 2.667713e-01 5.396584e-03 -1.502555e-04 9.999854e-01 3.429200e+01
9.999982e-01 3.743919e-05 1.910387e-03 6.052523e+00 -3.679570e-05 9.999999e-01 -3.368447e-04 2.460864e-01 -1.910399e-03 3.367745e-04 9.999981e-01 3.639928e+01
9.999856e-01 4.687494e-04 -5.352401e-03 6.431392e+00 -4.676441e-04 9.999999e-01 2.077746e-04 2.179264e-01 5.352497e-03 -2.052693e-04 9.999857e-01 3.817295e+01
9.999983e-01 1.096132e-04 1.832682e-03 6.687787e+00 -1.089369e-04 9.999999e-01 -3.690856e-04 1.924741e-01 -1.832722e-03 3.688860e-04 9.999983e-01 4.026207e+01
9.999777e-01 5.165181e-04 -6.654989e-03 6.113546e+00 -5.169023e-04 9.999999e-01 -5.600365e-05 2.163664e-01 6.654959e-03 5.944167e-05 9.999779e-01 4.339439e+01
9.999962e-01 5.105975e-04 2.714450e-03 6.108053e+00 -5.094171e-04 9.999998e-01 -4.355214e-04 1.996613e-01 -2.714671e-03 4.341377e-04 9.999962e-01 4.744346e+01
9.999740e-01 7.505321e-04 -7.165913e-03 6.774234e+00 -7.504167e-04 9.999997e-01 1.880072e-05 1.965124e-01 7.165924e-03 -1.342352e-05 9.999743e-01 5.111366e+01
9.999962e-01 1.825840e-04 2.734019e-03 6.801091e+00 -1.814080e-04 9.999999e-01 -4.303848e-04 2.099055e-01 -2.734097e-03 4.298879e-04 9.999962e-01 5.476549e+01
9.999742e-01 7.030706e-04 -7.144824e-03 6.312363e+00 -7.045645e-04 9.999997e-01 -2.065770e-04 2.200577e-01 7.144677e-03 2.116050e-04 9.999745e-01 5.904560e+01
9.999941e-01 4.868293e-04 3.409318e-03 6.710581e+00 -4.859198e-04 9.999998e-01 -2.675730e-04 1.895625e-01 -3.409447e-03 2.659155e-04 9.999942e-01 6.320248e+01
9.999741e-01 6.161974e-04 -7.164032e-03 7.369729e+00 -6.172124e-04 9.999998e-01 -1.394575e-04 1.546294e-01 7.163945e-03 1.438749e-04 9.999743e-01 6.684904e+01
9.999949e-01 2.884851e-04 3.169162e-03 7.489619e+00 -2.875446e-04 9.999999e-01 -2.971900e-04 1.222246e-01 -3.169247e-03 2.962779e-04 9.999949e-01 7.028185e+01
9.999748e-01 7.876366e-04 -7.062478e-03 8.241374e+00 -7.877722e-04 9.999997e-01 -1.641191e-05 9.028402e-02 7.062462e-03 2.197440e-05 9.999751e-01 7.322474e+01
9.999957e-01 2.098651e-05 2.936342e-03 8.511524e+00 -2.011932e-05 1.000000e+00 -2.953351e-04 8.238021e-02 -2.936347e-03 2.952755e-04 9.999956e-01 7.620681e+01
9.999756e-01 5.797329e-04 -6.962652e-03 8.321325e+00 -5.801384e-04 9.999998e-01 -5.621757e-05 7.426790e-02 6.962618e-03 6.025478e-05 9.999758e-01 7.894829e+01
9.999942e-01 5.598693e-05 3.393788e-03 8.353646e+00 -5.516086e-05 1.000000e+00 -2.434780e-04 5.239386e-02 -3.393802e-03 2.432901e-04 9.999942e-01 8.163101e+01
9.999691e-01 5.167482e-04 -7.841753e-03 7.917474e+00 -5.179286e-04 9.999999e-01 -1.484946e-04 6.045684e-02 7.841675e-03 1.525508e-04 9.999692e-01 8.453952e+01
9.999942e-01 -6.270304e-05 3.419835e-03 7.341569e+00 6.321059e-05 1.000000e+00 -1.482832e-04 8.332195e-02 -3.419826e-03 1.484992e-04 9.999941e-01 8.707840e+01
9.999731e-01 3.489565e-04 -7.321855e-03 7.050372e+00 -3.491301e-04 9.999999e-01 -2.242118e-05 9.052791e-02 7.321846e-03 2.497614e-05 9.999732e-01 8.883007e+01
9.999946e-01 -9.366137e-05 3.299156e-03 6.943142e+00 9.367701e-05 1.000000e+00 -4.562603e-06 9.615268e-02 -3.299155e-03 4.872346e-06 9.999946e-01 8.994371e+01
9.999731e-01 3.391550e-04 -7.331508e-03 6.649398e+00 -3.399049e-04 9.999999e-01 -1.010266e-04 1.058312e-01 7.331473e-03 1.035152e-04 9.999731e-01 9.138180e+01
9.999960e-01 2.208158e-05 2.815847e-03 6.135148e+00 -2.167491e-05 1.000000e+00 -1.444230e-04 1.278909e-01 -2.815850e-03 1.443621e-04 9.999960e-01 9.353945e+01
9.999749e-01 1.915902e-04 -7.086112e-03 5.655045e+00 -1.914081e-04 1.000000e+00 2.638342e-05 1.521944e-01 7.086117e-03 -2.502714e-05 9.999749e-01 9.504060e+01
9.999941e-01 -1.066493e-04 3.434703e-03 5.285267e+00 1.065461e-04 1.000000e+00 3.027126e-05 1.686801e-01 -3.434706e-03 -2.990442e-05 9.999941e-01 9.561634e+01
9.999767e-01 1.786359e-04 -6.831088e-03 4.976782e+00 -1.784137e-04 1.000000e+00 3.315077e-05 1.757962e-01 6.831094e-03 -3.193195e-05 9.999767e-01 9.607397e+01
9.999945e-01 -9.126001e-05 3.317654e-03 4.797912e+00 9.122730e-05 1.000000e+00 1.003850e-05 1.790598e-01 -3.317655e-03 -9.735075e-06 9.999945e-01 9.666778e+01
9.999792e-01 2.940489e-04 -6.436044e-03 5.202207e+00 -2.938435e-04 1.000000e+00 3.287613e-05 1.583260e-01 6.436053e-03 -3.098497e-05 9.999793e-01 9.720749e+01
9.999953e-01 -1.728564e-04 3.054620e-03 5.391500e+00 1.727620e-04 1.000000e+00 3.117830e-05 1.471762e-01 -3.054625e-03 -3.064972e-05 9.999953e-01 9.770292e+01
9.999800e-01 2.825747e-04 -6.314494e-03 5.754799e+00 -2.823784e-04 1.000000e+00 3.198515e-05 1.378708e-01 6.314502e-03 -3.020215e-05 9.999801e-01 9.794991e+01
9.999947e-01 -6.392559e-05 3.266332e-03 6.258642e+00 6.394353e-05 1.000000e+00 -5.357616e-06 1.151183e-01 -3.266332e-03 5.567159e-06 9.999947e-01 9.852137e+01
9.999765e-01 2.930353e-04 -6.851663e-03 6.321519e+00 -2.930939e-04 1.000000e+00 -7.536219e-06 1.063158e-01 6.851660e-03 9.543511e-06 9.999765e-01 9.955473e+01
9.999956e-01 -1.817971e-04 2.969071e-03 6.041592e+00 1.819219e-04 1.000000e+00 -4.172477e-05 1.149194e-01 -2.969064e-03 4.226544e-05 9.999956e-01 1.006158e+02
9.999810e-01 2.875184e-04 -6.152688e-03 6.120738e+00 -2.871499e-04 1.000000e+00 6.079066e-05 9.517112e-02 6.152705e-03 -5.902348e-05 9.999811e-01 1.013296e+02
9.999954e-01 -2.155223e-04 3.026307e-03 6.287411e+00 2.155890e-04 1.000000e+00 -2.169923e-05 7.823289e-02 -3.026301e-03 2.235228e-05 9.999954e-01 1.017877e+02
9.999816e-01 3.482488e-04 -6.063843e-03 6.719177e+00 -3.478725e-04 9.999999e-01 6.312640e-05 6.067771e-02 6.063865e-03 -6.101650e-05 9.999816e-01 1.020705e+02
9.999957e-01 -2.902541e-04 2.924667e-03 6.830496e+00 2.901452e-04 1.000000e+00 3.770955e-05 5.100012e-02 -2.924678e-03 -3.686010e-05 9.999957e-01 1.023460e+02
9.999820e-01 3.123303e-04 -5.996374e-03 6.552613e+00 -3.119976e-04 9.999999e-01 5.643519e-05 5.112819e-02 5.996391e-03 -5.456403e-05 9.999820e-01 1.026098e+02
9.999957e-01 -2.433633e-04 2.908699e-03 6.644482e+00 2.433929e-04 1.000000e+00 -9.775124e-06 3.932223e-02 -2.908696e-03 1.048375e-05 9.999958e-01 1.029066e+02
9.999818e-01 3.641376e-04 -6.023783e-03 6.934295e+00 -3.640409e-04 9.999999e-01 1.716276e-05 2.336986e-02 6.023788e-03 -1.497026e-05 9.999819e-01 1.032850e+02
9.999941e-01 -1.392061e-04 3.438097e-03 7.636316e+00 1.392331e-04 1.000000e+00 -7.570721e-06 -1.844674e-03 -3.438096e-03 8.050083e-06 9.999941e-01 1.036974e+02
9.999804e-01 2.743392e-04 -6.256619e-03 8.141800e+00 -2.744627e-04 1.000000e+00 -1.885660e-05 -1.926005e-02 6.256613e-03 2.057273e-05 9.999804e-01 1.039075e+02
9.999948e-01 -1.800992e-05 3.228549e-03 8.614035e+00 1.785269e-05 1.000000e+00 4.876259e-05 -4.365514e-02 -3.228550e-03 -4.870399e-05 9.999948e-01 1.045883e+02
9.999764e-01 2.083163e-04 -6.862917e-03 8.764260e+00 -2.085946e-04 1.000000e+00 -3.981530e-05 -4.528256e-02 6.862908e-03 4.124522e-05 9.999764e-01 1.051022e+02
9.999910e-01 4.043730e-04 4.229091e-03 1.042257e+01 -4.039158e-04 9.999999e-01 -1.089353e-04 -5.584636e-02 -4.229134e-03 1.072268e-04 9.999911e-01 1.053050e+02
9.999661e-01 -8.339360e-05 -8.234445e-03 1.038798e+01 8.378289e-05 1.000000e+00 4.694286e-05 -5.578310e-02 8.234441e-03 -4.763188e-05 9.999661e-01 1.065787e+02
9.999894e-01 2.468454e-04 4.591925e-03 1.043130e+01 -2.467205e-04 1.000000e+00 -2.773865e-05 -5.792813e-02 -4.591931e-03 2.660615e-05 9.999895e-01 1.072919e+02
9.999726e-01 5.747108e-06 -7.399025e-03 1.115224e+01 -5.482069e-06 1.000000e+00 3.585555e-05 -7.909862e-02 7.399025e-03 -3.581472e-05 9.999726e-01 1.076221e+02
9.999912e-01 2.499402e-04 4.192460e-03 1.163087e+01 -2.496022e-04 1.000000e+00 -8.112429e-05 -9.689120e-02 -4.192479e-03 8.007783e-05 9.999912e-01 1.082019e+02
9.999731e-01 -1.008540e-04 -7.334646e-03 1.190509e+01 1.011925e-04 1.000000e+00 4.580794e-05 -1.142030e-01 7.334641e-03 -4.654963e-05 9.999731e-01 1.086695e+02
9.999928e-01 3.417793e-04 3.775791e-03 1.200518e+01 -3.415314e-04 9.999999e-01 -6.627783e-05 -1.291376e-01 -3.775813e-03 6.498851e-05 9.999929e-01 1.095940e+02
9.999724e-01 -6.591851e-05 -7.434125e-03 1.219681e+01 6.625331e-05 1.000000e+00 4.480359e-05 -1.429403e-01 7.434121e-03 -4.529560e-05 9.999724e-01 1.105835e+02
9.999930e-01 2.610167e-04 3.732160e-03 1.213291e+01 -2.607152e-04 1.000000e+00 -8.122111e-05 -1.462994e-01 -3.732181e-03 8.024822e-05 9.999930e-01 1.115308e+02
9.999717e-01 5.733361e-06 -7.529122e-03 1.219023e+01 -5.400954e-06 1.000000e+00 4.418516e-05 -1.502244e-01 7.529122e-03 -4.414395e-05 9.999717e-01 1.125881e+02
9.999934e-01 1.832922e-04 3.633328e-03 1.208948e+01 -1.830911e-04 1.000000e+00 -5.562722e-05 -1.471817e-01 -3.633338e-03 5.496233e-05 9.999934e-01 1.134926e+02
9.999735e-01 -2.186035e-05 -7.284529e-03 1.194604e+01 2.201021e-05 1.000000e+00 2.050886e-05 -1.479152e-01 7.284528e-03 -2.066935e-05 9.999735e-01 1.143668e+02
9.999932e-01 2.883623e-04 3.687509e-03 1.206612e+01 -2.881740e-04 1.000000e+00 -5.158123e-05 -1.575069e-01 -3.687523e-03 5.051894e-05 9.999932e-01 1.153738e+02
9.999732e-01 -5.218095e-06 -7.326009e-03 1.211978e+01 5.163576e-06 1.000000e+00 -7.444419e-06 -1.705376e-01 7.326009e-03 7.405682e-06 9.999732e-01 1.165556e+02
9.999930e-01 2.290349e-04 3.723678e-03 1.209956e+01 -2.288939e-04 1.000000e+00 -3.825896e-05 -1.768238e-01 -3.723686e-03 3.740708e-05 9.999931e-01 1.175593e+02
9.999712e-01 -2.268548e-05 -7.592375e-03 1.189477e+01 2.247374e-05 1.000000e+00 -2.795829e-05 -1.717115e-01 7.592375e-03 2.778615e-05 9.999712e-01 1.186991e+02
9.999931e-01 3.117529e-04 3.689413e-03 1.173388e+01 -3.114908e-04 9.999999e-01 -7.158749e-05 -1.707415e-01 -3.689435e-03 7.043849e-05 9.999932e-01 1.201399e+02
9.999711e-01 8.432931e-05 -7.604473e-03 1.155305e+01 -8.521095e-05 1.000000e+00 -1.155964e-04 -1.723741e-01 7.604463e-03 1.162404e-04 9.999711e-01 1.221220e+02
9.999922e-01 2.686352e-04 3.937225e-03 1.145543e+01 -2.685786e-04 1.000000e+00 -1.487784e-05 -1.778620e-01 -3.937229e-03 1.382097e-05 9.999922e-01 1.238566e+02
9.999708e-01 -3.989201e-05 -7.640871e-03 1.134853e+01 3.941184e-05 1.000000e+00 -6.297599e-05 -1.808962e-01 7.640873e-03 6.267230e-05 9.999708e-01 1.251745e+02
9.999902e-01 2.832239e-04 4.428417e-03 1.169726e+01 -2.835308e-04 1.000000e+00 6.869588e-05 -2.025641e-01 -4.428397e-03 -6.995009e-05 9.999902e-01 1.259036e+02
9.999662e-01 1.042999e-04 -8.220095e-03 1.156975e+01 -1.064581e-04 1.000000e+00 -2.621031e-04 -2.098536e-01 8.220067e-03 2.629686e-04 9.999662e-01 1.276748e+02
9.999898e-01 2.380500e-04 4.502084e-03 1.147854e+01 -2.384813e-04 1.000000e+00 9.529116e-05 -2.186215e-01 -4.502061e-03 -9.636315e-05 9.999899e-01 1.294462e+02
9.999700e-01 3.995787e-05 -7.743053e-03 1.188644e+01 -4.065745e-05 1.000000e+00 -9.017459e-05 -2.390954e-01 7.743049e-03 9.048599e-05 9.999700e-01 1.301870e+02
9.999924e-01 1.326410e-04 3.908357e-03 1.176969e+01 -1.329725e-04 1.000000e+00 8.458053e-05 -2.348579e-01 -3.908345e-03 -8.509888e-05 9.999924e-01 1.310670e+02
9.999686e-01 6.346387e-05 -7.929234e-03 1.153157e+01 -6.460722e-05 1.000000e+00 -1.439205e-04 -2.266067e-01 7.929224e-03 1.444276e-04 9.999686e-01 1.321378e+02
9.999905e-01 8.444193e-04 4.282120e-03 1.236824e+01 -8.442671e-04 9.999996e-01 -3.732328e-05 -2.442373e-01 -4.282149e-03 3.370837e-05 9.999908e-01 1.344770e+02
9.999686e-01 3.770012e-04 -7.912479e-03 1.314310e+01 -3.802746e-04 9.999998e-01 -4.121842e-04 -2.640957e-01 7.912322e-03 4.151795e-04 9.999686e-01 1.384780e+02
9.999937e-01 6.306049e-04 3.503454e-03 1.271159e+01 -6.298233e-04 9.999998e-01 -2.241378e-04 -2.541155e-01 -3.503595e-03 2.219305e-04 9.999938e-01 1.432533e+02
9.999684e-01 3.164499e-04 -7.940932e-03 1.223708e+01 -3.198293e-04 9.999999e-01 -4.242880e-04 -2.446212e-01 7.940796e-03 4.268136e-04 9.999684e-01 1.478674e+02
9.999946e-01 7.553073e-04 3.190802e-03 1.225735e+01 -7.553929e-04 9.999997e-01 2.566694e-05 -2.182523e-01 -3.190781e-03 -2.807640e-05 9.999949e-01 1.518167e+02
9.999691e-01 2.784718e-04 -7.858737e-03 1.261433e+01 -2.817917e-04 9.999999e-01 -4.213237e-04 -1.776926e-01 7.858618e-03 4.235245e-04 9.999690e-01 1.553919e+02
9.999936e-01 6.202592e-04 3.533079e-03 1.223055e+01 -6.198364e-04 9.999998e-01 -1.207066e-04 -1.659354e-01 -3.533153e-03 1.185166e-04 9.999938e-01 1.596464e+02
9.999679e-01 1.005213e-04 -8.013605e-03 1.186074e+01 -1.033129e-04 9.999999e-01 -3.479197e-04 -1.467451e-01 8.013569e-03 3.487358e-04 9.999678e-01 1.633050e+02
9.999939e-01 4.733273e-04 3.456799e-03 1.147766e+01 -4.734147e-04 9.999999e-01 2.451239e-05 -1.397692e-01 -3.456787e-03 -2.614803e-05 9.999940e-01 1.661038e+02
9.999774e-01 -2.366915e-05 -6.727591e-03 1.205920e+01 2.335679e-05 1.000000e+00 -4.648583e-05 -1.689928e-01 6.727591e-03 4.632694e-05 9.999774e-01 1.673200e+02
9.999950e-01 2.599956e-04 3.161895e-03 1.239873e+01 -2.601319e-04 1.000000e+00 4.272861e-05 -1.742047e-01 -3.161884e-03 -4.355020e-05 9.999950e-01 1.679524e+02
9.999804e-01 -9.634829e-05 -6.261785e-03 1.291327e+01 9.569510e-05 1.000000e+00 -1.045889e-04 -1.767969e-01 6.261794e-03 1.039869e-04 9.999804e-01 1.678520e+02
9.999946e-01 5.122736e-04 3.241537e-03 1.369104e+01 -5.125914e-04 9.999999e-01 9.727070e-05 -1.985812e-01 -3.241487e-03 -9.893106e-05 9.999947e-01 1.687398e+02
9.999786e-01 -2.278518e-04 -6.538534e-03 1.401890e+01 2.270240e-04 1.000000e+00 -1.273222e-04 -2.080917e-01 6.538562e-03 1.258343e-04 9.999786e-01 1.696385e+02
9.999934e-01 5.878549e-04 3.593296e-03 1.482223e+01 -5.882819e-04 9.999998e-01 1.178205e-04 -2.296435e-01 -3.593225e-03 -1.199329e-04 9.999935e-01 1.702504e+02
9.999802e-01 -2.495433e-04 -6.288494e-03 1.595316e+01 2.484023e-04 1.000000e+00 -1.821925e-04 -2.389423e-01 6.288539e-03 1.806261e-04 9.999802e-01 1.701708e+02
9.999940e-01 4.955273e-04 3.436559e-03 1.688631e+01 -4.960516e-04 9.999999e-01 1.517649e-04 -2.474872e-01 -3.436483e-03 -1.534680e-04 9.999941e-01 1.700829e+02
9.999801e-01 -2.627717e-04 -6.310108e-03 1.776166e+01 2.616164e-04 9.999999e-01 -1.838820e-04 -2.588568e-01 6.310156e-03 1.822268e-04 9.999801e-01 1.700898e+02
9.999922e-01 6.463566e-04 3.891039e-03 1.880725e+01 -6.469590e-04 9.999998e-01 1.536044e-04 -2.863118e-01 -3.890938e-03 -1.561198e-04 9.999924e-01 1.705561e+02
9.999780e-01 -3.773369e-04 -6.618268e-03 1.966084e+01 3.762843e-04 9.999999e-01 -1.602700e-04 -3.066590e-01 6.618328e-03 1.577754e-04 9.999781e-01 1.708257e+02
9.999930e-01 6.238868e-04 3.689143e-03 2.019799e+01 -6.245518e-04 9.999998e-01 1.791490e-04 -3.338216e-01 -3.689030e-03 -1.814512e-04 9.999932e-01 1.714531e+02
9.999786e-01 -4.202018e-04 -6.532372e-03 2.062028e+01 4.192782e-04 9.999999e-01 -1.427343e-04 -3.643730e-01 6.532431e-03 1.399917e-04 9.999787e-01 1.722233e+02
9.999918e-01 7.575460e-04 3.966949e-03 2.189782e+01 -7.577993e-04 9.999997e-01 6.239990e-05 -3.668387e-01 -3.966900e-03 -6.540484e-05 9.999921e-01 1.718769e+02
9.999805e-01 -4.084168e-04 -6.229087e-03 2.314061e+01 4.079779e-04 9.999999e-01 -7.170050e-05 -3.818802e-01 6.229116e-03 6.915707e-05 9.999806e-01 1.718304e+02
9.999900e-01 8.303036e-04 4.398015e-03 2.458380e+01 -8.306867e-04 9.999997e-01 8.531335e-05 -4.054222e-01 -4.397943e-03 -8.896517e-05 9.999903e-01 1.719645e+02
9.999783e-01 -4.782349e-04 -6.569812e-03 2.582209e+01 4.777774e-04 9.999999e-01 -7.117372e-05 -4.241604e-01 6.569845e-03 6.803256e-05 9.999784e-01 1.720337e+02
9.999919e-01 7.235365e-04 3.950001e-03 2.683492e+01 -7.237610e-04 9.999997e-01 5.546524e-05 -4.315535e-01 -3.949959e-03 -5.832295e-05 9.999922e-01 1.718163e+02
9.999782e-01 -5.262215e-04 -6.583552e-03 2.766749e+01 5.257349e-04 9.999999e-01 -7.560957e-05 -4.410901e-01 6.583590e-03 7.214602e-05 9.999783e-01 1.716512e+02
9.999895e-01 8.882068e-04 4.487072e-03 2.893447e+01 -8.885857e-04 9.999996e-01 8.250244e-05 -4.591331e-01 -4.486996e-03 -8.648802e-05 9.999899e-01 1.716638e+02
9.999767e-01 -6.061709e-04 -6.793646e-03 3.002694e+01 6.052995e-04 9.999998e-01 -1.302956e-04 -4.726886e-01 6.793723e-03 1.261797e-04 9.999769e-01 1.715615e+02
9.999914e-01 7.621951e-04 4.078832e-03 3.075203e+01 -7.618045e-04 9.999997e-01 -9.726262e-05 -4.649016e-01 -4.078904e-03 9.415521e-05 9.999917e-01 1.708600e+02
9.999765e-01 -5.776415e-04 -6.835561e-03 3.136806e+01 5.769849e-04 9.999998e-01 -9.800165e-05 -4.548450e-01 6.835616e-03 9.405463e-05 9.999766e-01 1.700843e+02
9.999910e-01 7.746205e-04 4.161381e-03 3.207505e+01 -7.741518e-04 9.999997e-01 -1.142023e-04 -4.446183e-01 -4.161467e-03 1.109804e-04 9.999913e-01 1.692981e+02
9.999775e-01 -4.866211e-04 -6.692108e-03 3.320711e+01 4.866762e-04 9.999999e-01 6.637502e-06 -4.476205e-01 6.692104e-03 -9.894942e-06 9.999776e-01 1.689493e+02
9.999931e-01 6.909923e-04 3.652772e-03 3.413542e+01 -6.902940e-04 9.999997e-01 -1.923717e-04 -4.367571e-01 -3.652904e-03 1.898496e-04 9.999933e-01 1.682828e+02
9.999775e-01 -3.870717e-04 -6.697334e-03 3.538361e+01 3.868004e-04 9.999999e-01 -4.177169e-05 -4.196331e-01 6.697350e-03 3.917952e-05 9.999776e-01 1.675136e+02
9.999912e-01 8.318295e-04 4.107763e-03 3.696392e+01 -8.312588e-04 9.999996e-01 -1.405852e-04 -4.117476e-01 -4.107878e-03 1.371701e-04 9.999916e-01 1.668967e+02
9.999748e-01 -6.151327e-04 -7.068495e-03 3.789321e+01 6.144832e-04 9.999998e-01 -9.403544e-05 -3.997319e-01 7.068551e-03 8.968890e-05 9.999750e-01 1.661584e+02
9.999899e-01 9.168456e-04 4.398269e-03 3.915663e+01 -9.161457e-04 9.999996e-01 -1.610973e-04 -3.907646e-01 -4.398414e-03 1.570669e-04 9.999903e-01 1.654946e+02
9.999752e-01 -6.609095e-04 -7.018242e-03 4.020480e+01 6.597462e-04 9.999998e-01 -1.680463e-04 -3.765590e-01 7.018351e-03 1.634111e-04 9.999754e-01 1.646329e+02
9.999863e-01 8.574197e-04 5.157535e-03 4.032221e+01 -8.571578e-04 9.999996e-01 -5.295029e-05 -3.669101e-01 -5.157578e-03 4.852944e-05 9.999867e-01 1.635080e+02
9.999694e-01 -6.614497e-04 -7.795679e-03 4.130217e+01 6.599546e-04 9.999998e-01 -1.943241e-04 -3.597990e-01 7.795806e-03 1.891726e-04 9.999696e-01 1.628850e+02
9.999850e-01 9.769788e-04 5.380702e-03 4.261214e+01 -9.770175e-04 9.999995e-01 4.598086e-06 -3.568680e-01 -5.380694e-03 -9.854360e-06 9.999855e-01 1.623576e+02
9.999717e-01 -5.245872e-04 -7.506043e-03 4.423635e+01 5.229118e-04 9.999998e-01 -2.251486e-04 -3.540702e-01 7.506160e-03 2.212165e-04 9.999718e-01 1.618239e+02
9.999833e-01 1.061811e-03 5.678913e-03 4.592113e+01 -1.062527e-03 9.999994e-01 1.230836e-04 -3.687416e-01 -5.678779e-03 -1.291149e-04 9.999839e-01 1.617064e+02
9.999661e-01 -7.544800e-04 -8.194091e-03 4.713450e+01 7.515974e-04 9.999997e-01 -3.548442e-04 -3.677955e-01 8.194356e-03 3.486728e-04 9.999664e-01 1.611865e+02
9.999838e-01 8.458648e-04 5.634474e-03 4.766817e+01 -8.468445e-04 9.999996e-01 1.715301e-04 -3.659232e-01 -5.634327e-03 -1.762981e-04 9.999841e-01 1.606027e+02
9.999634e-01 -5.849670e-04 -8.536863e-03 4.883571e+01 5.820815e-04 9.999998e-01 -3.404651e-04 -3.544479e-01 8.537060e-03 3.354828e-04 9.999635e-01 1.599652e+02
9.999833e-01 1.117770e-03 5.675546e-03 5.064682e+01 -1.118126e-03 9.999994e-01 5.947659e-05 -3.335617e-01 -5.675475e-03 -6.582087e-05 9.999839e-01 1.590745e+02
9.999665e-01 -7.106635e-04 -8.159984e-03 5.212351e+01 7.087251e-04 9.999997e-01 -2.404123e-04 -3.299862e-01 8.160152e-03 2.346204e-04 9.999667e-01 1.585518e+02
9.999821e-01 1.134117e-03 5.870317e-03 5.366786e+01 -1.134527e-03 9.999994e-01 6.654214e-05 -3.309608e-01 -5.870237e-03 -7.320029e-05 9.999828e-01 1.581059e+02
9.999647e-01 -9.620563e-04 -8.351812e-03 5.454072e+01 9.601437e-04 9.999995e-01 -2.329898e-04 -3.358324e-01 8.352032e-03 2.249620e-04 9.999651e-01 1.577586e+02
9.999828e-01 1.077606e-03 5.757060e-03 5.496956e+01 -1.078030e-03 9.999994e-01 7.056445e-05 -3.312283e-01 -5.756980e-03 -7.676883e-05 9.999834e-01 1.570717e+02
9.999663e-01 -8.503353e-04 -8.162383e-03 5.548876e+01 8.478103e-04 9.999996e-01 -3.127778e-04 -3.138723e-01 8.162645e-03 3.058465e-04 9.999666e-01 1.559531e+02
9.999851e-01 1.607366e-03 5.218885e-03 5.803891e+01 -1.606328e-03 9.999987e-01 -2.030671e-04 -2.699281e-01 -5.219205e-03 1.946815e-04 9.999864e-01 1.545355e+02
9.999702e-01 -1.125718e-03 -7.643419e-03 5.980355e+01 1.125500e-03 9.999994e-01 -3.291084e-05 -2.632927e-01 7.643451e-03 2.430650e-05 9.999708e-01 1.538879e+02
9.999869e-01 1.231381e-03 4.976215e-03 6.037114e+01 -1.231165e-03 9.999992e-01 -4.649328e-05 -2.693056e-01 -4.976268e-03 4.036682e-05 9.999876e-01 1.536137e+02
9.999568e-01 -1.098165e-03 -9.232694e-03 6.006327e+01 1.098009e-03 9.999994e-01 -2.203997e-05 -2.581834e-01 9.232712e-03 1.190075e-05 9.999574e-01 1.545590e+02
9.999802e-01 1.303864e-03 6.161025e-03 6.068048e+01 -1.304354e-03 9.999991e-01 7.552063e-05 -2.766307e-01 -6.160921e-03 -8.355459e-05 9.999810e-01 1.548427e+02
9.999591e-01 -1.084984e-03 -8.982948e-03 6.166980e+01 1.084063e-03 9.999994e-01 -1.074142e-04 -2.807648e-01 8.983059e-03 9.767102e-05 9.999596e-01 1.545559e+02
9.999802e-01 1.301699e-03 6.159275e-03 6.271241e+01 -1.300841e-03 9.999991e-01 -1.432661e-04 -2.710760e-01 -6.159456e-03 1.352517e-04 9.999810e-01 1.538886e+02
9.999619e-01 -1.128034e-03 -8.656055e-03 6.364991e+01 1.127013e-03 9.999994e-01 -1.227655e-04 -2.676940e-01 8.656188e-03 1.130046e-04 9.999625e-01 1.533156e+02
9.999805e-01 1.318779e-03 6.096875e-03 6.455121e+01 -1.318270e-03 9.999991e-01 -8.739494e-05 -2.703921e-01 -6.096984e-03 7.935660e-05 9.999814e-01 1.528954e+02
9.999675e-01 -1.118067e-03 -7.990041e-03 6.472793e+01 1.116758e-03 9.999994e-01 -1.683056e-04 -2.590335e-01 7.990224e-03 1.593764e-04 9.999681e-01 1.517292e+02
9.999783e-01 1.378714e-03 6.438054e-03 6.484835e+01 -1.377815e-03 9.999990e-01 -1.440370e-04 -2.437873e-01 -6.438246e-03 1.351642e-04 9.999793e-01 1.503378e+02
9.999659e-01 -1.147933e-03 -8.173710e-03 6.494862e+01 1.147184e-03 9.999993e-01 -9.628937e-05 -2.319564e-01 8.173815e-03 8.690865e-05 9.999666e-01 1.491278e+02
9.999831e-01 1.423288e-03 5.630304e-03 6.563335e+01 -1.422254e-03 9.999990e-01 -1.876353e-04 -2.132923e-01 -5.630565e-03 1.796251e-04 9.999841e-01 1.480388e+02
9.999727e-01 -1.184313e-03 -7.299621e-03 6.577795e+01 1.183541e-03 9.999993e-01 -1.099793e-04 -1.989643e-01 7.299746e-03 1.013362e-04 9.999734e-01 1.467267e+02
9.999882e-01 1.402823e-03 4.644264e-03 6.646555e+01 -1.402043e-03 9.999990e-01 -1.711339e-04 -1.826656e-01 -4.644499e-03 1.646211e-04 9.999892e-01 1.457332e+02
9.999724e-01 -1.181319e-03 -7.336027e-03 6.729577e+01 1.180286e-03 9.999993e-01 -1.450440e-04 -1.675362e-01 7.336192e-03 1.363806e-04 9.999731e-01 1.447986e+02
9.999821e-01 1.438200e-03 5.800408e-03 6.740766e+01 -1.437382e-03 9.999990e-01 -1.452060e-04 -1.528817e-01 -5.800611e-03 1.368667e-04 9.999832e-01 1.434115e+02
9.999702e-01 -1.192646e-03 -7.628562e-03 6.762333e+01 1.191754e-03 9.999993e-01 -1.215050e-04 -1.376593e-01 7.628701e-03 1.124093e-04 9.999709e-01 1.421211e+02
9.999856e-01 1.371853e-03 5.188538e-03 6.800890e+01 -1.371603e-03 9.999991e-01 -5.172910e-05 -1.330323e-01 -5.188603e-03 4.461243e-05 9.999865e-01 1.414075e+02
9.999698e-01 -1.285626e-03 -7.670354e-03 6.823559e+01 1.285560e-03 9.999992e-01 -1.355081e-05 -1.380042e-01 7.670365e-03 3.689008e-06 9.999706e-01 1.409491e+02
9.999822e-01 1.459177e-03 5.786591e-03 6.824266e+01 -1.458389e-03 9.999989e-01 -1.401887e-04 -1.338021e-01 -5.786789e-03 1.317478e-04 9.999832e-01 1.400025e+02
9.999734e-01 -1.185082e-03 -7.190007e-03 6.823993e+01 1.184306e-03 9.999993e-01 -1.120642e-04 -1.189237e-01 7.190134e-03 1.035454e-04 9.999741e-01 1.385374e+02
9.999800e-01 1.539409e-03 6.133867e-03 6.833027e+01 -1.537497e-03 9.999988e-01 -3.164604e-04 -9.615656e-02 -6.134346e-03 3.070240e-04 9.999811e-01 1.367266e+02
9.999655e-01 -1.358195e-03 -8.200346e-03 6.863101e+01 1.358187e-03 9.999991e-01 -6.478274e-06 -8.329990e-02 8.200347e-03 -4.660245e-06 9.999664e-01 1.356137e+02
9.999822e-01 1.552178e-03 5.753533e-03 6.910341e+01 -1.550790e-03 9.999988e-01 -2.455928e-04 -6.792692e-02 -5.753907e-03 2.366666e-04 9.999834e-01 1.345085e+02
9.999749e-01 -1.238421e-03 -6.970421e-03 6.905750e+01 1.238078e-03 9.999992e-01 -5.350642e-05 -5.213745e-02 6.970482e-03 4.487447e-05 9.999757e-01 1.330001e+02
9.999897e-01 1.234487e-03 4.371031e-03 6.869361e+01 -1.234992e-03 9.999992e-01 1.129363e-04 -5.304020e-02 -4.370888e-03 -1.183326e-04 9.999904e-01 1.333855e+02
9.999740e-01 -1.084109e-03 -7.131568e-03 6.894348e+01 1.083256e-03 9.999994e-01 -1.234543e-04 -7.919901e-02 7.131697e-03 1.157250e-04 9.999746e-01 1.342156e+02
9.999876e-01 1.229862e-03 4.826035e-03 6.917013e+01 -1.229881e-03 9.999992e-01 1.018745e-06 -7.682646e-02 -4.826030e-03 -6.953495e-06 9.999884e-01 1.334891e+02
9.999793e-01 -1.040665e-03 -6.342949e-03 6.890695e+01 1.040055e-03 9.999995e-01 -9.945283e-05 -6.806522e-02 6.343048e-03 9.285307e-05 9.999799e-01 1.324102e+02
9.999900e-01 1.167605e-03 4.310511e-03 6.877768e+01 -1.167733e-03 9.999993e-01 2.715391e-05 -6.403956e-02 -4.310476e-03 -3.218648e-05 9.999907e-01 1.316894e+02
9.999803e-01 -9.789948e-04 -6.204546e-03 6.863581e+01 9.780597e-04 9.999995e-01 -1.537126e-04 -5.408699e-02 6.204693e-03 1.476404e-04 9.999807e-01 1.307818e+02
9.999939e-01 1.163535e-03 3.287491e-03 6.948534e+01 -1.163808e-03 9.999993e-01 8.115018e-05 -5.253447e-02 -3.287394e-03 -8.497500e-05 9.999946e-01 1.303510e+02
9.999800e-01 -1.014687e-03 -6.234854e-03 7.032044e+01 1.013096e-03 9.999995e-01 -2.583464e-04 -4.704701e-02 6.235113e-03 2.520241e-04 9.999805e-01 1.297849e+02
9.999926e-01 1.239986e-03 3.636595e-03 7.092608e+01 -1.239992e-03 9.999992e-01 -4.511042e-07 -3.393450e-02 -3.636592e-03 -4.057562e-06 9.999934e-01 1.288692e+02
9.999821e-01 -1.043421e-03 -5.883094e-03 7.121324e+01 1.042445e-03 9.999994e-01 -1.689324e-04 -2.470172e-02 5.883267e-03 1.627959e-04 9.999827e-01 1.279204e+02
9.999940e-01 1.231807e-03 3.246577e-03 7.174648e+01 -1.231877e-03 9.999992e-01 1.957643e-05 -1.579481e-02 -3.246551e-03 -2.357502e-05 9.999947e-01 1.271279e+02
9.999826e-01 -1.072790e-03 -5.807964e-03 7.231740e+01 1.071515e-03 9.999994e-01 -2.225847e-04 -8.551529e-03 5.808199e-03 2.163568e-04 9.999831e-01 1.263745e+02
9.999940e-01 1.216018e-03 3.233985e-03 7.312294e+01 -1.216171e-03 9.999993e-01 4.540231e-05 -1.036203e-02 -3.233927e-03 -4.933443e-05 9.999948e-01 1.259546e+02
9.999829e-01 -1.101104e-03 -5.744626e-03 7.361798e+01 1.100010e-03 9.999994e-01 -1.935011e-04 -1.175682e-02 5.744836e-03 1.871780e-04 9.999835e-01 1.254386e+02
9.999938e-01 1.200388e-03 3.309345e-03 7.387431e+01 -1.200615e-03 9.999993e-01 6.678838e-05 -1.848174e-02 -3.309262e-03 -7.076053e-05 9.999945e-01 1.251413e+02
9.999820e-01 -1.125919e-03 -5.886334e-03 7.405295e+01 1.125246e-03 9.999994e-01 -1.176187e-04 -2.247213e-02 5.886463e-03 1.109923e-04 9.999827e-01 1.246902e+02
9.999910e-01 1.274329e-03 4.043458e-03 7.390354e+01 -1.274544e-03 9.999992e-01 5.073433e-05 -1.768824e-02 -4.043390e-03 -5.588676e-05 9.999918e-01 1.237774e+02
9.999780e-01 -1.192324e-03 -6.517692e-03 7.374361e+01 1.191625e-03 9.999993e-01 -1.111536e-04 -1.284187e-02 6.517819e-03 1.033839e-04 9.999788e-01 1.233803e+02
9.999939e-01 1.313210e-03 3.224584e-03 7.384542e+01 -1.313677e-03 9.999991e-01 1.427086e-04 -1.492003e-02 -3.224393e-03 -1.469431e-04 9.999948e-01 1.236118e+02
9.999797e-01 -1.191657e-03 -6.265381e-03 7.452721e+01 1.190100e-03 9.999993e-01 -2.521699e-04 -1.028923e-02 6.265677e-03 2.447076e-04 9.999803e-01 1.231218e+02
9.999737e-01 2.109468e-03 6.937416e-03 7.581042e+01 -2.108541e-03 9.999978e-01 -1.409298e-04 -1.175569e-01 -6.937698e-03 1.262989e-04 9.999759e-01 1.276652e+02
9.999830e-01 -1.228651e-03 -5.698600e-03 7.692531e+01 1.227407e-03 9.999992e-01 -2.217462e-04 -2.375098e-01 5.698868e-03 2.147473e-04 9.999837e-01 1.325691e+02
9.999941e-01 1.333862e-03 3.151011e-03 7.715929e+01 -1.334593e-03 9.999991e-01 2.300372e-04 -2.415631e-01 -3.150701e-03 -2.342405e-04 9.999950e-01 1.321184e+02
9.999837e-01 -1.184688e-03 -5.588214e-03 7.750015e+01 1.182557e-03 9.999992e-01 -3.846482e-04 -2.345046e-01 5.588665e-03 3.780328e-04 9.999843e-01 1.313413e+02
9.999942e-01 1.421065e-03 3.104803e-03 7.840998e+01 -1.422053e-03 9.999989e-01 3.160760e-04 -2.455295e-01 -3.104350e-03 -3.204887e-04 9.999951e-01 1.312299e+02
9.999820e-01 -1.297524e-03 -5.858200e-03 7.909205e+01 1.295336e-03 9.999991e-01 -3.772714e-04 -2.518328e-01 5.858684e-03 3.696756e-04 9.999828e-01 1.309924e+02
9.999935e-01 1.506002e-03 3.281333e-03 7.957452e+01 -1.506641e-03 9.999988e-01 1.924681e-04 -2.402917e-01 -3.281039e-03 -1.974100e-04 9.999946e-01 1.300998e+02
9.999799e-01 -1.305751e-03 -6.211409e-03 8.043556e+01 1.303505e-03 9.999991e-01 -3.656225e-04 -2.332160e-01 6.211880e-03 3.575178e-04 9.999806e-01 1.295301e+02
9.999918e-01 1.543085e-03 3.740314e-03 8.111704e+01 -1.543706e-03 9.999988e-01 1.631708e-04 -2.212178e-01 -3.740058e-03 -1.689427e-04 9.999930e-01 1.286318e+02
9.999788e-01 -1.266820e-03 -6.382484e-03 8.215375e+01 1.263846e-03 9.999991e-01 -4.699008e-04 -2.073576e-01 6.383073e-03 4.618237e-04 9.999795e-01 1.278176e+02
9.999893e-01 1.639216e-03 4.328414e-03 8.340366e+01 -1.641070e-03 9.999986e-01 4.248865e-04 -2.244727e-01 -4.327711e-03 -4.319845e-04 9.999905e-01 1.277961e+02
9.999815e-01 -1.166519e-03 -5.970504e-03 8.497560e+01 1.163872e-03 9.999992e-01 -4.467734e-04 -2.524205e-01 5.971020e-03 4.398156e-04 9.999821e-01 1.280142e+02
9.999921e-01 1.271203e-03 3.767891e-03 8.520244e+01 -1.272840e-03 9.999991e-01 4.322260e-04 -2.817004e-01 -3.767338e-03 -4.370179e-04 9.999928e-01 1.291069e+02
9.999814e-01 -9.965027e-04 -6.012921e-03 8.559256e+01 9.936325e-04 9.999994e-01 -4.802660e-04 -3.199330e-01 6.013396e-03 4.742817e-04 9.999818e-01 1.305767e+02
9.999938e-01 1.176686e-03 3.332823e-03 8.642378e+01 -1.177866e-03 9.999992e-01 3.521452e-04 -3.269151e-01 -3.332406e-03 -3.560679e-04 9.999944e-01 1.303536e+02
9.999876e-01 -9.469057e-04 -4.897378e-03 8.630192e+01 9.446164e-04 9.999994e-01 -4.696937e-04 -3.154906e-01 4.897820e-03 4.650611e-04 9.999879e-01 1.292169e+02
9.999954e-01 1.176360e-03 2.779884e-03 8.665701e+01 -1.177036e-03 9.999993e-01 2.414265e-04 -3.013868e-01 -2.779597e-03 -2.446967e-04 9.999961e-01 1.280861e+02
9.999862e-01 -8.635202e-04 -5.189592e-03 8.789196e+01 8.615134e-04 9.999996e-01 -3.888685e-04 -3.012272e-01 5.189925e-03 3.843916e-04 9.999865e-01 1.276490e+02
9.999923e-01 1.378241e-03 3.680573e-03 8.953250e+01 -1.379517e-03 9.999990e-01 3.441482e-04 -3.307840e-01 -3.680095e-03 -3.492223e-04 9.999932e-01 1.279294e+02
9.999823e-01 -1.066162e-03 -5.856694e-03 9.070058e+01 1.063931e-03 9.999994e-01 -3.839327e-04 -3.470851e-01 5.857099e-03 3.776941e-04 9.999828e-01 1.278723e+02
9.999932e-01 1.303649e-03 3.462783e-03 9.119700e+01 -1.304005e-03 9.999991e-01 1.008344e-04 -3.323232e-01 -3.462648e-03 -1.053486e-04 9.999940e-01 1.268052e+02
9.999829e-01 -1.107249e-03 -5.744767e-03 9.152615e+01 1.105540e-03 9.999993e-01 -3.006388e-04 -3.221457e-01 5.745096e-03 2.942819e-04 9.999835e-01 1.258505e+02
9.999941e-01 1.297018e-03 3.170995e-03 9.242738e+01 -1.297489e-03 9.999991e-01 1.466208e-04 -3.238953e-01 -3.170802e-03 -1.507336e-04 9.999950e-01 1.254571e+02
9.999840e-01 -8.939500e-04 -5.577831e-03 9.388587e+01 8.920861e-04 9.999995e-01 -3.366019e-04 -3.214070e-01 5.578130e-03 3.316200e-04 9.999844e-01 1.249341e+02
9.999925e-01 1.442499e-03 3.604300e-03 9.558672e+01 -1.443225e-03 9.999989e-01 1.990011e-04 -3.376899e-01 -3.604009e-03 -2.042008e-04 9.999935e-01 1.250100e+02
9.999802e-01 -8.536355e-04 -6.239010e-03 9.690029e+01 8.502753e-04 9.999995e-01 -5.411818e-04 -3.355271e-01 6.239468e-03 5.358655e-04 9.999804e-01 1.252432e+02
9.999879e-01 1.341296e-03 4.736717e-03 9.733142e+01 -1.342653e-03 9.999991e-01 2.835218e-04 -3.858187e-01 -4.736333e-03 -2.898774e-04 9.999887e-01 1.280970e+02
9.999817e-01 -7.285464e-04 -6.010940e-03 9.746544e+01 7.240395e-04 9.999995e-01 -7.518785e-04 -4.438062e-01 6.011484e-03 7.475119e-04 9.999817e-01 1.321275e+02
9.999913e-01 1.051432e-03 4.036151e-03 9.692800e+01 -1.054553e-03 9.999991e-01 7.713235e-04 -4.469635e-01 -4.035336e-03 -7.755724e-04 9.999916e-01 1.330034e+02
9.999817e-01 -7.569733e-04 -6.004835e-03 9.758204e+01 7.512898e-04 9.999993e-01 -9.486500e-04 -4.562879e-01 6.005548e-03 9.441206e-04 9.999815e-01 1.331063e+02
9.999887e-01 1.245133e-03 4.587570e-03 9.912392e+01 -1.249712e-03 9.999987e-01 9.956374e-04 -4.987020e-01 -4.586324e-03 -1.001359e-03 9.999890e-01 1.338011e+02
9.999833e-01 -7.018443e-04 -5.732091e-03 1.008881e+02 6.960342e-04 9.999992e-01 -1.015502e-03 -5.399851e-01 5.732799e-03 1.011494e-03 9.999831e-01 1.343317e+02
9.999893e-01 1.236904e-03 4.466190e-03 1.026747e+02 -1.241377e-03 9.999987e-01 9.988590e-04 -5.763185e-01 -4.464948e-03 -1.004392e-03 9.999895e-01 1.347368e+02
9.999903e-01 -5.495286e-04 -4.365829e-03 1.038086e+02 5.443844e-04 9.999992e-01 -1.179318e-03 -6.736526e-01 4.366473e-03 1.176929e-03 9.999898e-01 1.381126e+02
9.999896e-01 1.165539e-03 4.409418e-03 1.048646e+02 -1.170081e-03 9.999988e-01 1.027633e-03 -7.674816e-01 -4.408215e-03 -1.032781e-03 9.999898e-01 1.412292e+02
9.999817e-01 -6.514985e-04 -6.019926e-03 1.065928e+02 6.451112e-04 9.999992e-01 -1.062870e-03 -7.893347e-01 6.020614e-03 1.058966e-03 9.999813e-01 1.413005e+02
9.999943e-01 8.776568e-04 3.248192e-03 1.076202e+02 -8.806782e-04 9.999992e-01 9.289325e-04 -7.874933e-01 -3.247373e-03 -9.317872e-04 9.999943e-01 1.408413e+02
9.999822e-01 -7.414697e-04 -5.920087e-03 1.082206e+02 7.351169e-04 9.999992e-01 -1.075152e-03 -7.846437e-01 5.920879e-03 1.070780e-03 9.999819e-01 1.403142e+02
9.999929e-01 1.114768e-03 3.609592e-03 1.096803e+02 -1.118479e-03 9.999988e-01 1.026567e-03 -7.945738e-01 -3.608443e-03 -1.030596e-03 9.999930e-01 1.402056e+02
9.999826e-01 -8.024678e-04 -5.842173e-03 1.108370e+02 7.959854e-04 9.999991e-01 -1.111781e-03 -8.081923e-01 5.843060e-03 1.107111e-03 9.999823e-01 1.401654e+02
9.999887e-01 1.278793e-03 4.569541e-03 1.124102e+02 -1.283753e-03 9.999986e-01 1.082870e-03 -8.476295e-01 -4.568149e-03 -1.088723e-03 9.999890e-01 1.407195e+02
9.999743e-01 -1.102420e-03 -7.081869e-03 1.131708e+02 1.094299e-03 9.999987e-01 -1.150486e-03 -8.644249e-01 7.083128e-03 1.142706e-03 9.999743e-01 1.407340e+02
9.999888e-01 1.219252e-03 4.564630e-03 1.138337e+02 -1.224041e-03 9.999987e-01 1.046582e-03 -8.753988e-01 -4.563348e-03 -1.052157e-03 9.999890e-01 1.406070e+02
9.999781e-01 -8.642001e-04 -6.564681e-03 1.150857e+02 8.572473e-04 9.999991e-01 -1.061824e-03 -8.968113e-01 6.565593e-03 1.056172e-03 9.999779e-01 1.407217e+02
9.999903e-01 1.171189e-03 4.236343e-03 1.162389e+02 -1.175513e-03 9.999988e-01 1.018442e-03 -9.098221e-01 -4.235145e-03 -1.023412e-03 9.999905e-01 1.406495e+02
9.999803e-01 -7.976847e-04 -6.225899e-03 1.175368e+02 7.912301e-04 9.999991e-01 -1.039083e-03 -9.330575e-01 6.226723e-03 1.034136e-03 9.999801e-01 1.408352e+02
9.999876e-01 1.467365e-03 4.767172e-03 1.192333e+02 -1.471963e-03 9.999985e-01 9.612786e-04 -9.735218e-01 -4.765754e-03 -9.682831e-04 9.999882e-01 1.416392e+02
9.999795e-01 -6.166837e-04 -6.368169e-03 1.216740e+02 6.092740e-04 9.999991e-01 -1.165383e-03 -9.923026e-01 6.368882e-03 1.161479e-03 9.999790e-01 1.418584e+02
9.999884e-01 1.490672e-03 4.590266e-03 1.244780e+02 -1.494877e-03 9.999985e-01 9.128471e-04 -9.907670e-01 -4.588898e-03 -9.196976e-04 9.999890e-01 1.414450e+02
9.999820e-01 -7.290554e-04 -5.958855e-03 1.261808e+02 7.227510e-04 9.999992e-01 -1.060028e-03 -1.040968e+00 5.959623e-03 1.055701e-03 9.999817e-01 1.426243e+02
9.999909e-01 1.347337e-03 4.035756e-03 1.275000e+02 -1.351468e-03 9.999986e-01 1.021152e-03 -1.091721e+00 -4.034374e-03 -1.026596e-03 9.999913e-01 1.438621e+02
9.999846e-01 -4.770273e-04 -5.528485e-03 1.301563e+02 4.701177e-04 9.999991e-01 -1.250993e-03 -1.100007e+00 5.529077e-03 1.248374e-03 9.999839e-01 1.436884e+02
9.999880e-01 1.726644e-03 4.581745e-03 1.339740e+02 -1.731062e-03 9.999980e-01 9.605613e-04 -1.106591e+00 -4.580077e-03 -9.684804e-04 9.999890e-01 1.433599e+02
9.999733e-01 -1.260004e-03 -7.191754e-03 1.358220e+02 1.250459e-03 9.999983e-01 -1.331476e-03 -1.090838e+00 7.193420e-03 1.322446e-03 9.999733e-01 1.424895e+02
9.999855e-01 1.663193e-03 5.120193e-03 1.367647e+02 -1.667033e-03 9.999983e-01 7.457002e-04 -1.053612e+00 -5.118944e-03 -7.542243e-04 9.999866e-01 1.406918e+02
9.999691e-01 -1.419223e-03 -7.731850e-03 1.379230e+02 1.411222e-03 9.999985e-01 -1.040184e-03 -1.049097e+00 7.733314e-03 1.029240e-03 9.999696e-01 1.401430e+02
9.999819e-01 1.833791e-03 5.733721e-03 1.393676e+02 -1.839569e-03 9.999978e-01 1.002535e-03 -1.072062e+00 -5.731869e-03 -1.013064e-03 9.999831e-01 1.403372e+02
9.999623e-01 -1.550105e-03 -8.541837e-03 1.405156e+02 1.540232e-03 9.999981e-01 -1.162222e-03 -1.072876e+00 8.543622e-03 1.149022e-03 9.999628e-01 1.399992e+02
9.999799e-01 1.635877e-03 6.121827e-03 1.406786e+02 -1.642131e-03 9.999981e-01 1.016758e-03 -1.064601e+00 -6.120152e-03 -1.026790e-03 9.999807e-01 1.393147e+02
9.999594e-01 -1.548881e-03 -8.873051e-03 1.412893e+02 1.538509e-03 9.999981e-01 -1.175615e-03 -1.068870e+00 8.874855e-03 1.161916e-03 9.999599e-01 1.390339e+02
9.999756e-01 1.891538e-03 6.726847e-03 1.424313e+02 -1.899024e-03 9.999976e-01 1.106646e-03 -1.093018e+00 -6.724737e-03 -1.119393e-03 9.999768e-01 1.393119e+02
9.999593e-01 -1.530320e-03 -8.886417e-03 1.434154e+02 1.520052e-03 9.999982e-01 -1.162087e-03 -1.126628e+00 8.888179e-03 1.148531e-03 9.999598e-01 1.399768e+02
9.999755e-01 1.869623e-03 6.746891e-03 1.444875e+02 -1.877396e-03 9.999976e-01 1.146018e-03 -1.157962e+00 -6.744732e-03 -1.158656e-03 9.999766e-01 1.404673e+02
9.999518e-01 -1.667380e-03 -9.671171e-03 1.454996e+02 1.653680e-03 9.999976e-01 -1.424354e-03 -1.146230e+00 9.673523e-03 1.408291e-03 9.999522e-01 1.397637e+02
9.999754e-01 1.935860e-03 6.738620e-03 1.466160e+02 -1.943016e-03 9.999976e-01 1.055663e-03 -1.130029e+00 -6.736559e-03 -1.068730e-03 9.999767e-01 1.389779e+02
