9.999949e-01 2.471853e-05 -3.186525e-03 -1.519033e-01 -2.465160e-05 1.000000e+00 2.105120e-05 -4.635247e-03 3.186525e-03 -2.097326e-05 9.999949e-01 6.249328e-01
1.000000e+00 -2.942023e-05 1.991563e-04 -3.433210e-01 2.941304e-05 1.000000e+00 3.627013e-05 -8.535162e-03 -1.991570e-04 -3.626355e-05 1.000000e+00 1.118497e+00
9.999941e-01 5.776765e-05 -3.440161e-03 -6.189372e-01 -5.778080e-05 1.000000e+00 -3.715251e-06 -6.505248e-03 3.440160e-03 3.913292e-06 9.999941e-01 1.744804e+00
1.000000e+00 7.278872e-06 9.761579e-05 -8.111614e-01 -7.277856e-06 1.000000e+00 -1.012394e-05 -9.515525e-03 -9.761552e-05 1.012394e-05 1.000000e+00 2.563962e+00
9.999948e-01 6.351153e-05 -3.216022e-03 -9.609456e-01 -6.343067e-05 1.000000e+00 2.525615e-05 -1.845599e-02 3.216023e-03 -2.505273e-05 9.999948e-01 3.245013e+00
9.999999e-01 -4.703060e-05 4.013572e-04 -9.901122e-01 4.702630e-05 1.000000e+00 1.077849e-05 -3.468351e-02 -4.013574e-04 -1.075890e-05 9.999999e-01 3.811930e+00
9.999937e-01 1.188118e-04 -3.539717e-03 -1.042054e+00 -1.188767e-04 1.000000e+00 -1.812974e-05 -4.744436e-02 3.539715e-03 1.854971e-05 9.999937e-01 4.595802e+00
9.999999e-01 -5.493221e-05 4.892099e-04 -1.033991e+00 5.491932e-05 1.000000e+00 2.642265e-05 -6.544544e-02 -4.892111e-04 -2.639507e-05 9.999999e-01 5.308426e+00
9.999932e-01 6.554866e-05 -3.679309e-03 -1.356385e+00 -6.549635e-05 1.000000e+00 1.434645e-05 -6.130148e-02 3.679310e-03 -1.410608e-05 9.999932e-01 5.924114e+00
9.999998e-01 -5.656466e-05 5.879717e-04 -1.526276e+00 5.654605e-05 1.000000e+00 3.172604e-05 -6.613927e-02 -5.879731e-04 -3.169207e-05 9.999998e-01 6.473861e+00
9.999941e-01 1.195557e-04 -3.443133e-03 -1.396807e+00 -1.195519e-04 1.000000e+00 1.313908e-06 -8.486042e-02 3.443133e-03 -9.029789e-07 9.999941e-01 7.008023e+00
1.000000e+00 -6.715980e-05 2.866749e-04 -1.690273e+00 6.715033e-05 1.000000e+00 3.316128e-05 -8.196545e-02 -2.866767e-04 -3.314131e-05 1.000000e+00 7.659814e+00
9.999944e-01 1.034939e-04 -3.345714e-03 -2.014578e+00 -1.033554e-04 1.000000e+00 4.158901e-05 -7.650199e-02 3.345718e-03 -4.124369e-05 9.999944e-01 8.122654e+00
9.999999e-01 -7.845064e-05 3.633897e-04 -2.287176e+00 7.843785e-05 1.000000e+00 3.533150e-05 -7.570178e-02 -3.633922e-04 -3.530228e-05 9.999999e-01 8.575795e+00
9.999943e-01 7.650806e-05 -3.381373e-03 -2.551484e+00 -7.640137e-05 1.000000e+00 3.169394e-05 -7.409441e-02 3.381375e-03 -3.143613e-05 9.999943e-01 9.052947e+00
9.999999e-01 -5.690646e-05 3.689994e-04 -2.738864e+00 5.688193e-05 1.000000e+00 6.659435e-05 -7.475753e-02 -3.690029e-04 -6.657265e-05 9.999999e-01 9.427122e+00
9.999949e-01 1.315861e-04 -3.191533e-03 -3.082529e+00 -1.314732e-04 1.000000e+00 3.560625e-05 -7.642569e-02 3.191537e-03 -3.518718e-05 9.999949e-01 9.733760e+00
9.999998e-01 -9.283771e-05 6.497954e-04 -3.401997e+00 9.280517e-05 1.000000e+00 5.017114e-05 -7.828701e-02 -6.497997e-04 -5.011012e-05 9.999998e-01 9.891573e+00
9.999944e-01 1.300170e-04 -3.338019e-03 -3.537904e+00 -1.299322e-04 1.000000e+00 2.561334e-05 -8.202245e-02 3.338022e-03 -2.518019e-05 9.999944e-01 1.018406e+01
9.999998e-01 -6.332276e-05 5.506830e-04 -3.704958e+00 6.328369e-05 1.000000e+00 7.104670e-05 -7.977338e-02 -5.506871e-04 -7.101113e-05 9.999998e-01 1.038488e+01
9.999938e-01 2.544373e-04 -3.525231e-03 -3.290405e+00 -2.547816e-04 1.000000e+00 -9.721137e-05 -9.442472e-02 3.525206e-03 9.810822e-05 9.999938e-01 1.082947e+01
9.999992e-01 -1.337628e-04 1.275743e-03 -2.982831e+00 1.337072e-04 1.000000e+00 4.365593e-05 -1.061855e-01 -1.275749e-03 -4.348461e-05 9.999992e-01 1.068058e+01
9.999933e-01 2.440126e-04 -3.663769e-03 -2.815667e+00 -2.441977e-04 1.000000e+00 -5.005533e-05 -1.162553e-01 3.663756e-03 5.094896e-05 9.999933e-01 1.056793e+01
9.999992e-01 -8.981053e-05 1.249127e-03 -2.213751e+00 8.984874e-05 1.000000e+00 -3.049380e-05 -1.347030e-01 -1.249123e-03 3.060672e-05 9.999992e-01 1.068539e+01
9.999924e-01 2.165118e-04 -3.895414e-03 -1.814495e+00 -2.162615e-04 1.000000e+00 6.469958e-05 -1.539864e-01 3.895428e-03 -6.385737e-05 9.999924e-01 1.109579e+01
9.999993e-01 -1.428138e-04 1.191633e-03 -1.717431e+00 1.428367e-04 1.000000e+00 -1.910726e-05 -1.664172e-01 -1.191630e-03 1.927816e-05 9.999993e-01 1.149846e+01
9.999938e-01 2.820059e-04 -3.504567e-03 -1.137494e+00 -2.817975e-04 1.000000e+00 5.997503e-05 -1.930076e-01 3.504583e-03 -5.898779e-05 9.999939e-01 1.184191e+01
9.999996e-01 -6.814598e-05 9.287317e-04 -4.697198e-01 6.818281e-05 1.000000e+00 -3.956550e-05 -2.141299e-01 -9.287287e-04 3.962952e-05 9.999996e-01 1.211747e+01
9.999935e-01 2.093664e-04 -3.595868e-03 -2.284521e-01 -2.093410e-04 1.000000e+00 7.453825e-06 -2.138389e-01 3.595869e-03 -6.701725e-06 9.999935e-01 1.200933e+01
9.999998e-01 -1.680445e-04 6.001369e-04 -7.315233e-01 1.679942e-04 1.000000e+00 8.404267e-05 -2.012611e-01 -6.001507e-04 -8.394112e-05 9.999998e-01 1.227691e+01
9.999938e-01 2.142901e-04 -3.525943e-03 -8.064884e-01 -2.144542e-04 1.000000e+00 -4.613450e-05 -2.044009e-01 3.525932e-03 4.688965e-05 9.999938e-01 1.265924e+01
9.999997e-01 -1.140554e-04 7.177451e-04 -6.556618e-01 1.140021e-04 1.000000e+00 7.436913e-05 -2.112466e-01 -7.177533e-04 -7.428658e-05 9.999997e-01 1.283535e+01
9.999949e-01 2.052957e-04 -3.202467e-03 -1.050897e-01 -2.055622e-04 1.000000e+00 -8.289270e-05 -2.283824e-01 3.202449e-03 8.354987e-05 9.999949e-01 1.287200e+01
9.999999e-01 -1.209213e-04 4.837394e-04 3.793300e-01 1.209069e-04 1.000000e+00 2.998265e-05 -2.304601e-01 -4.837427e-04 -2.992345e-05 9.999999e-01 1.246259e+01
9.999952e-01 2.281004e-04 -3.087004e-03 8.396838e-01 -2.283708e-04 1.000000e+00 -8.721916e-05 -2.332802e-01 3.086984e-03 8.792302e-05 9.999952e-01 1.204286e+01
9.999996e-01 -1.700930e-04 8.418885e-04 6.961191e-01 1.699772e-04 1.000000e+00 1.376880e-04 -2.336188e-01 -8.419116e-04 -1.375441e-04 9.999996e-01 1.152438e+01
9.999939e-01 1.859635e-04 -3.475749e-03 1.030535e-01 -1.858491e-04 1.000000e+00 3.325541e-05 -2.209159e-01 3.475755e-03 -3.260995e-05 9.999940e-01 1.144532e+01
1.000000e+00 -1.291128e-04 1.481968e-04 -2.642072e-01 1.291041e-04 1.000000e+00 5.933659e-05 -2.149438e-01 -1.482042e-04 -5.931674e-05 1.000000e+00 1.174883e+01
9.999934e-01 2.125566e-04 -3.616406e-03 -4.592769e-01 -2.126301e-04 1.000000e+00 -1.990156e-05 -2.189433e-01 3.616401e-03 2.066967e-05 9.999935e-01 1.227975e+01
1.000000e+00 -1.757425e-04 2.180136e-04 -5.492685e-01 1.757291e-04 1.000000e+00 6.167270e-05 -2.270304e-01 -2.180241e-04 -6.163367e-05 1.000000e+00 1.277648e+01
9.999940e-01 1.832115e-04 -3.459063e-03 -8.827040e-01 -1.830686e-04 1.000000e+00 4.164862e-05 -2.217564e-01 3.459070e-03 -4.101583e-05 9.999940e-01 1.302643e+01
1.000000e+00 -1.560111e-04 1.703587e-04 -1.221678e+00 1.560025e-04 1.000000e+00 5.112700e-05 -2.167884e-01 -1.703663e-04 -5.109971e-05 1.000000e+00 1.334237e+01
9.999943e-01 1.779671e-04 -3.357286e-03 -1.710062e+00 -1.777177e-04 1.000000e+00 7.460320e-05 -2.041779e-01 3.357299e-03 -7.400684e-05 9.999944e-01 1.352053e+01
1.000000e+00 -1.395459e-04 1.753274e-04 -2.273754e+00 1.395348e-04 1.000000e+00 6.396317e-05 -1.872329e-01 -1.753360e-04 -6.393799e-05 1.000000e+00 1.359926e+01
9.999926e-01 2.388930e-04 -3.845387e-03 -2.730978e+00 -2.388833e-04 1.000000e+00 2.988863e-06 -1.743316e-01 3.845387e-03 -2.070953e-06 9.999926e-01 1.401029e+01
9.999999e-01 -1.946284e-04 4.652146e-04 -3.290974e+00 1.945947e-04 1.000000e+00 7.253492e-05 -1.557073e-01 -4.652284e-04 -7.244367e-05 9.999999e-01 1.430926e+01
9.999937e-01 2.321172e-04 -3.541477e-03 -3.873642e+00 -2.319057e-04 1.000000e+00 6.014249e-05 -1.386095e-01 3.541491e-03 -5.932153e-05 9.999937e-01 1.439605e+01
9.999996e-01 -2.352820e-04 8.524302e-04 -4.483374e+00 2.351870e-04 1.000000e+00 1.115518e-04 -1.227072e-01 -8.524561e-04 -1.113506e-04 9.999996e-01 1.434870e+01
9.999928e-01 2.517580e-04 -3.792447e-03 -5.259038e+00 -2.515965e-04 1.000000e+00 4.307844e-05 -9.489473e-02 3.792457e-03 -4.212467e-05 9.999928e-01 1.439663e+01
9.999997e-01 -2.339676e-04 7.375170e-04 -5.987037e+00 2.338970e-04 1.000000e+00 9.595787e-05 -6.890117e-02 -7.375391e-04 -9.578463e-05 9.999997e-01 1.448546e+01
9.999909e-01 2.486474e-04 -4.248958e-03 -6.339698e+00 -2.488276e-04 1.000000e+00 -4.188033e-05 -5.989096e-02 4.248947e-03 4.293650e-05 9.999910e-01 1.499627e+01
9.999998e-01 -1.953375e-04 6.696459e-04 -6.885310e+00 1.952576e-04 1.000000e+00 1.194769e-04 -4.098545e-02 -6.696688e-04 -1.193454e-04 9.999998e-01 1.540447e+01
9.999948e-01 2.351598e-04 -3.211625e-03 -7.530861e+00 -2.349358e-04 1.000000e+00 7.016784e-05 -2.659489e-02 3.211641e-03 -6.941366e-05 9.999948e-01 1.524036e+01
9.999998e-01 -1.662546e-04 5.676884e-04 -7.699474e+00 1.662733e-04 1.000000e+00 -3.279906e-05 -2.788450e-02 -5.676826e-04 3.289415e-05 9.999998e-01 1.497701e+01
9.999944e-01 1.969375e-04 -3.332834e-03 -7.584728e+00 -1.968949e-04 1.000000e+00 1.313975e-05 -4.328800e-02 3.332837e-03 -1.248416e-05 9.999944e-01 1.513536e+01
1.000000e+00 -1.190746e-04 7.959973e-05 -7.553391e+00 1.190721e-04 1.000000e+00 3.261012e-05 -4.610775e-02 -7.960328e-05 -3.259994e-05 1.000000e+00 1.517688e+01
9.999933e-01 1.781319e-04 -3.652739e-03 -7.739413e+00 -1.780522e-04 1.000000e+00 2.218479e-05 -4.780369e-02 3.652742e-03 -2.153497e-05 9.999933e-01 1.568199e+01
9.999995e-01 -1.770202e-04 9.588321e-04 -8.324863e+00 1.768844e-04 1.000000e+00 1.418007e-04 -3.423382e-02 -9.588568e-04 -1.416303e-04 9.999995e-01 1.561800e+01
9.999915e-01 2.152669e-04 -4.117883e-03 -8.211083e+00 -2.156055e-04 1.000000e+00 -8.176155e-05 -5.213618e-02 4.117865e-03 8.264798e-05 9.999915e-01 1.602104e+01
9.999992e-01 -1.925934e-04 1.271979e-03 -8.179771e+00 1.924385e-04 1.000000e+00 1.219652e-04 -6.099170e-02 -1.272002e-03 -1.217197e-04 9.999992e-01 1.580735e+01
9.999958e-01 3.751659e-04 -2.881005e-03 -8.438820e+00 -3.756129e-04 9.999999e-01 -1.545859e-04 -5.398392e-02 2.880947e-03 1.556667e-04 9.999958e-01 1.478823e+01
9.999998e-01 -3.532119e-04 4.283838e-04 -8.370936e+00 3.531785e-04 9.999999e-01 7.808400e-05 -7.788220e-02 -4.284110e-04 -7.793198e-05 9.999999e-01 1.575474e+01
9.999965e-01 4.647205e-04 -2.609414e-03 -8.152921e+00 -4.649866e-04 9.999999e-01 -1.013511e-04 -1.129435e-01 2.609366e-03 1.025634e-04 9.999966e-01 1.696247e+01
9.999997e-01 -3.994417e-04 6.199669e-04 -8.507510e+00 3.993468e-04 9.999999e-01 1.533046e-04 -1.052463e-01 -6.200277e-04 -1.530562e-04 9.999998e-01 1.634270e+01
9.999957e-01 4.098212e-04 -2.892575e-03 -8.874750e+00 -4.098816e-04 9.999999e-01 -2.025426e-05 -1.007193e-01 2.892567e-03 2.143908e-05 9.999958e-01 1.597006e+01
9.999999e-01 -3.751000e-04 3.983287e-04 -9.332201e+00 3.750457e-04 9.999999e-01 1.366375e-04 -9.428704e-02 -3.983796e-04 -1.364874e-04 9.999999e-01 1.571733e+01
9.999953e-01 4.121787e-04 -3.034702e-03 -9.405139e+00 -4.125024e-04 9.999999e-01 -1.060262e-04 -9.953655e-02 3.034657e-03 1.072768e-04 9.999954e-01 1.539234e+01
9.999997e-01 -3.500291e-04 6.318571e-04 -9.384361e+00 3.499762e-04 9.999999e-01 8.412003e-05 -1.022742e-01 -6.318862e-04 -8.389817e-05 9.999998e-01 1.487161e+01
9.999951e-01 3.650506e-04 -3.120045e-03 -9.522474e+00 -3.651430e-04 9.999999e-01 -2.899621e-05 -1.020566e-01 3.120034e-03 3.013462e-05 9.999951e-01 1.451289e+01
9.999996e-01 -2.812160e-04 8.098732e-04 -9.841237e+00 2.811838e-04 1.000000e+00 3.994670e-05 -9.129211e-02 -8.098841e-04 -3.971826e-05 9.999997e-01 1.398686e+01
9.999948e-01 3.368071e-04 -3.216401e-03 -1.029217e+01 -3.368051e-04 9.999999e-01 1.187860e-06 -7.657458e-02 3.216401e-03 -1.052607e-07 9.999948e-01 1.361204e+01
9.999997e-01 -2.652668e-04 7.413260e-04 -1.030823e+01 2.652858e-04 1.000000e+00 -2.546046e-05 -7.456464e-02 -7.413189e-04 2.565782e-05 9.999997e-01 1.314483e+01
9.999947e-01 3.848299e-04 -3.244910e-03 -1.006199e+01 -3.849527e-04 9.999999e-01 -3.717879e-05 -6.950186e-02 3.244895e-03 3.842702e-05 9.999947e-01 1.253899e+01
9.999989e-01 -2.816631e-04 1.442696e-03 -1.063976e+01 2.815137e-04 1.000000e+00 1.037863e-04 -5.193206e-02 -1.442725e-03 -1.033793e-04 9.999990e-01 1.182902e+01
9.999937e-01 3.702507e-04 -3.533411e-03 -1.085238e+01 -3.707521e-04 9.999999e-01 -1.412183e-04 -4.132787e-02 3.533358e-03 1.425267e-04 9.999937e-01 1.110015e+01
9.999987e-01 -2.722927e-04 1.598211e-03 -1.144942e+01 2.719971e-04 9.999999e-01 1.852197e-04 -2.009537e-02 -1.598261e-03 -1.847841e-04 9.999987e-01 1.043475e+01
9.999934e-01 3.429968e-04 -3.604739e-03 -1.211443e+01 -3.433384e-04 9.999999e-01 -9.412809e-05 -1.701212e-03 3.604706e-03 9.536441e-05 9.999935e-01 9.931684e+00
9.999996e-01 -2.730596e-04 8.108182e-04 -1.280659e+01 2.728915e-04 9.999999e-01 2.076171e-04 1.922844e-02 -8.108745e-04 -2.073950e-04 9.999996e-01 9.831218e+00
9.999946e-01 3.468846e-04 -3.265062e-03 -1.317618e+01 -3.475371e-04 9.999999e-01 -1.992504e-04 3.088905e-02 3.264992e-03 2.003834e-04 9.999946e-01 9.402950e+00
9.999990e-01 -2.328290e-04 1.410477e-03 -1.345532e+01 2.326170e-04 1.000000e+00 1.505467e-04 4.191032e-02 -1.410512e-03 -1.502178e-04 9.999990e-01 8.566649e+00
9.999887e-01 3.193737e-04 -4.733651e-03 -1.363979e+01 -3.199550e-04 9.999999e-01 -1.220190e-04 3.904998e-02 4.733611e-03 1.235315e-04 9.999888e-01 8.959767e+00
9.999989e-01 -1.492563e-04 1.462265e-03 -1.358011e+01 1.491498e-04 1.000000e+00 7.302173e-05 1.500313e-02 -1.462275e-03 -7.280285e-05 9.999989e-01 9.940279e+00
9.999873e-01 2.775631e-04 -5.030413e-03 -1.406778e+01 -2.776247e-04 1.000000e+00 -1.152852e-05 2.734483e-02 5.030409e-03 1.292423e-05 9.999873e-01 1.034966e+01
9.999987e-01 -8.344432e-05 1.585471e-03 -1.381320e+01 8.361388e-05 1.000000e+00 -1.068112e-04 2.142744e-02 -1.585462e-03 1.069443e-04 9.999987e-01 1.077906e+01
9.999894e-01 2.975518e-04 -4.598451e-03 -1.336239e+01 -2.977518e-04 1.000000e+00 -4.279565e-05 7.090808e-03 4.598438e-03 4.416368e-05 9.999894e-01 1.114437e+01
9.999993e-01 -1.394803e-04 1.139584e-03 -1.377433e+01 1.394781e-04 1.000000e+00 2.092937e-06 2.603112e-02 -1.139584e-03 -1.933283e-06 9.999994e-01 1.155628e+01
9.999901e-01 2.317936e-04 -4.450144e-03 -1.393891e+01 -2.317151e-04 1.000000e+00 1.818972e-05 2.017668e-02 4.450148e-03 -1.715908e-05 9.999901e-01 1.205134e+01
9.999991e-01 -1.336824e-04 1.317482e-03 -1.381914e+01 1.337297e-04 1.000000e+00 -3.578968e-05 -6.374745e-04 -1.317477e-03 3.596654e-05 9.999991e-01 1.266552e+01
9.999890e-01 3.743539e-04 -4.681264e-03 -1.381020e+01 -3.747281e-04 9.999999e-01 -7.903200e-05 5.412731e-03 4.681234e-03 8.078463e-05 9.999890e-01 1.283248e+01
9.999993e-01 -3.559780e-05 1.205281e-03 -1.356776e+01 3.584523e-05 1.000000e+00 -2.051702e-04 3.704788e-02 -1.205273e-03 2.052140e-04 9.999993e-01 1.261336e+01
9.999920e-01 1.730252e-04 -4.002130e-03 -1.329968e+01 -1.724557e-04 1.000000e+00 1.426690e-04 1.456079e-02 4.002154e-03 -1.419784e-04 9.999920e-01 1.316810e+01
1.000000e+00 1.359387e-04 7.690787e-05 -1.309648e+01 -1.359145e-04 9.999999e-01 -3.138692e-04 9.981552e-03 -7.695020e-05 3.138595e-04 9.999999e-01 1.375672e+01
9.999960e-01 1.751730e-04 -2.837590e-03 -1.286599e+01 -1.749870e-04 1.000000e+00 6.584323e-05 2.685664e-02 2.837601e-03 -6.534712e-05 9.999960e-01 1.311841e+01
9.999998e-01 -9.031610e-05 5.602208e-04 -1.235130e+01 9.047616e-05 1.000000e+00 -2.854788e-04 1.441237e-02 -5.601946e-04 2.855302e-04 9.999998e-01 1.294384e+01
9.999861e-01 3.216526e-04 -5.265130e-03 -1.254986e+01 -3.207327e-04 9.999999e-01 1.755722e-04 4.445142e-02 5.265186e-03 -1.738818e-04 9.999861e-01 1.362354e+01
1.000000e+00 -1.494789e-04 -1.659180e-04 -1.317490e+01 1.494417e-04 1.000000e+00 -2.250239e-04 9.202878e-02 1.659519e-04 2.249998e-04 1.000000e+00 1.454274e+01
9.999926e-01 2.760652e-04 -3.836245e-03 -1.327561e+01 -2.750329e-04 9.999999e-01 2.696484e-04 8.931773e-02 3.836319e-03 -2.685920e-04 9.999926e-01 1.529211e+01
9.999998e-01 -1.196721e-04 6.870026e-04 -1.291042e+01 1.199053e-04 9.999999e-01 -3.392801e-04 7.568020e-02 -6.869617e-04 3.393631e-04 9.999997e-01 1.558612e+01
9.999867e-01 3.320368e-04 -5.138792e-03 -1.292514e+01 -3.304948e-04 9.999999e-01 3.009393e-04 1.109625e-01 5.138891e-03 -2.992377e-04 9.999868e-01 1.586738e+01
9.999951e-01 -1.675488e-04 3.127595e-03 -1.278809e+01 1.688994e-04 9.999999e-01 -4.315195e-04 1.181863e-01 -3.127522e-03 4.320463e-04 9.999950e-01 1.497214e+01
9.999884e-01 3.134734e-04 -4.816491e-03 -1.323939e+01 -3.114389e-04 9.999999e-01 4.231641e-04 1.339213e-01 4.816623e-03 -4.216599e-04 9.999883e-01 1.412431e+01
9.999977e-01 -2.244318e-04 2.150632e-03 -1.357920e+01 2.253158e-04 9.999999e-01 -4.107346e-04 1.426610e-01 -2.150539e-03 4.112189e-04 9.999976e-01 1.386074e+01
9.999879e-01 2.578727e-04 -4.920202e-03 -1.344043e+01 -2.557937e-04 9.999999e-01 4.232007e-04 1.372865e-01 4.920310e-03 -4.219378e-04 9.999878e-01 1.358727e+01
9.999961e-01 -9.304587e-05 2.789215e-03 -1.333254e+01 9.456095e-05 9.999998e-01 -5.430184e-04 1.402401e-01 -2.789164e-03 5.432807e-04 9.999960e-01 1.281282e+01
9.999867e-01 2.217803e-04 -5.158361e-03 -1.281202e+01 -2.195829e-04 9.999999e-01 4.265592e-04 1.354082e-01 5.158455e-03 -4.254215e-04 9.999866e-01 1.237776e+01
9.999970e-01 -3.076823e-05 2.431489e-03 -1.208432e+01 3.213477e-05 9.999998e-01 -5.619258e-04 1.370326e-01 -2.431471e-03 5.620030e-04 9.999969e-01 1.188342e+01
9.999888e-01 1.002338e-04 -4.726840e-03 -1.182093e+01 -9.782379e-05 9.999999e-01 5.101227e-04 1.271290e-01 4.726890e-03 -5.096553e-04 9.999887e-01 1.162767e+01
9.999991e-01 2.383163e-05 1.336634e-03 -1.160845e+01 -2.320297e-05 9.999999e-01 -4.702479e-04 1.170328e-01 -1.336644e-03 4.702172e-04 9.999990e-01 1.201056e+01
9.999901e-01 4.429386e-05 -4.450255e-03 -1.175895e+01 -4.173977e-05 9.999998e-01 5.740416e-04 1.226904e-01 4.450280e-03 -5.738508e-04 9.999899e-01 1.194136e+01
9.999986e-01 4.371033e-05 1.643091e-03 -1.260399e+01 -4.301222e-05 9.999999e-01 -4.248261e-04 1.510711e-01 -1.643109e-03 4.247556e-04 9.999986e-01 1.189891e+01
9.999874e-01 1.220396e-05 -5.027540e-03 -1.287367e+01 -9.766800e-06 9.999999e-01 4.848126e-04 1.556299e-01 5.027545e-03 -4.847581e-04 9.999872e-01 1.221204e+01
9.999975e-01 1.669970e-04 2.227628e-03 -1.227027e+01 -1.660228e-04 9.999999e-01 -4.374361e-04 1.371913e-01 -2.227700e-03 4.370659e-04 9.999974e-01 1.244813e+01
9.999781e-01 -3.381732e-05 -6.617723e-03 -1.262535e+01 3.651671e-05 9.999999e-01 4.078044e-04 1.555607e-01 6.617708e-03 -4.080378e-04 9.999780e-01 1.316915e+01
9.999973e-01 2.501251e-04 2.319662e-03 -1.235079e+01 -2.494426e-04 9.999999e-01 -2.944741e-04 1.663882e-01 -2.319735e-03 2.938954e-04 9.999973e-01 1.347457e+01
9.999837e-01 7.820461e-05 -5.716302e-03 -1.121463e+01 -7.716686e-05 1.000000e+00 1.817874e-04 1.784483e-01 5.716316e-03 -1.813440e-04 9.999836e-01 1.302165e+01
9.999957e-01 5.319320e-04 2.868296e-03 -9.067445e+00 -5.304826e-04 9.999997e-01 -5.059996e-04 1.998021e-01 -2.868564e-03 5.044766e-04 9.999958e-01 1.234539e+01
9.999799e-01 2.374590e-04 -6.332414e-03 -6.828663e+00 -2.367399e-04 1.000000e+00 1.143280e-04 2.320106e-01 6.332440e-03 -1.128273e-04 9.999799e-01 1.166951e+01
9.999932e-01 2.599661e-04 3.685718e-03 -4.995030e+00 -2.588282e-04 9.999999e-01 -3.091625e-04 2.423291e-01 -3.685798e-03 3.082072e-04 9.999932e-01 1.111833e+01
9.999814e-01 1.009996e-04 -6.094093e-03 -3.623637e+00 -1.000189e-04 1.000000e+00 1.612516e-04 2.429343e-01 6.094109e-03 -1.606398e-04 9.999814e-01 1.069726e+01
9.999919e-01 4.509598e-05 4.015578e-03 -3.454053e+00 -4.419301e-05 1.000000e+00 -2.249170e-04 2.412469e-01 -4.015588e-03 2.247384e-04 9.999919e-01 1.020313e+01
9.999805e-01 1.934837e-04 -6.235142e-03 -2.587988e+00 -1.919531e-04 1.000000e+00 2.460934e-04 2.197117e-01 6.235189e-03 -2.448925e-04 9.999805e-01 1.034360e+01
9.999932e-01 -3.104057e-05 3.685917e-03 -1.922377e+00 3.197329e-05 1.000000e+00 -2.529505e-04 2.052277e-01 -3.685909e-03 2.530674e-04 9.999932e-01 1.032738e+01
9.999805e-01 2.272112e-04 -6.241833e-03 -1.154155e+00 -2.257626e-04 9.999999e-01 2.328127e-04 1.924519e-01 6.241885e-03 -2.313997e-04 9.999805e-01 1.029203e+01
9.999932e-01 -5.461575e-05 3.690904e-03 -5.169446e-01 5.565546e-05 1.000000e+00 -2.815516e-04 1.833972e-01 -3.690888e-03 2.817558e-04 9.999931e-01 1.010998e+01
9.999808e-01 2.727096e-04 -6.189527e-03 3.368697e-01 -2.719217e-04 1.000000e+00 1.281715e-04 1.840847e-01 6.189561e-03 -1.264867e-04 9.999808e-01 9.612738e+00
9.999925e-01 -1.718063e-04 3.864443e-03 2.706782e-01 1.723126e-04 1.000000e+00 -1.306443e-04 1.848692e-01 -3.864420e-03 1.313099e-04 9.999925e-01 9.446323e+00
9.999786e-01 3.135914e-04 -6.528688e-03 7.573894e-01 -3.124914e-04 9.999999e-01 1.695201e-04 1.676208e-01 6.528741e-03 -1.674770e-04 9.999787e-01 9.752955e+00
9.999919e-01 -1.027407e-04 4.026031e-03 1.479448e+00 1.031779e-04 1.000000e+00 -1.083576e-04 1.472864e-01 -4.026020e-03 1.087728e-04 9.999919e-01 9.974688e+00
9.999789e-01 3.752526e-04 -6.489652e-03 2.467837e+00 -3.746212e-04 9.999999e-01 9.852005e-05 1.335380e-01 6.489688e-03 -9.608750e-05 9.999789e-01 9.952418e+00
9.999924e-01 -9.189726e-05 3.907250e-03 3.590650e+00 9.275486e-05 1.000000e+00 -2.192677e-04 1.343215e-01 -3.907229e-03 2.196292e-04 9.999923e-01 9.498925e+00
9.999801e-01 3.772386e-04 -6.297070e-03 4.619835e+00 -3.758429e-04 9.999999e-01 2.228440e-04 1.239993e-01 6.297153e-03 -2.204736e-04 9.999801e-01 9.385610e+00
9.999928e-01 -7.632197e-05 3.790404e-03 5.547691e+00 7.663674e-05 1.000000e+00 -8.285652e-05 9.923423e-02 -3.790397e-03 8.314711e-05 9.999928e-01 9.733358e+00
9.999821e-01 3.832362e-04 -5.975570e-03 6.509284e+00 -3.819631e-04 9.999999e-01 2.142087e-04 6.935643e-02 5.975651e-03 -2.119231e-04 9.999821e-01 1.013507e+01
9.999933e-01 -9.605116e-05 3.653644e-03 7.548309e+00 9.636251e-05 1.000000e+00 -8.499451e-05 4.570148e-02 -3.653636e-03 8.534672e-05 9.999933e-01 1.037672e+01
9.999808e-01 3.635654e-04 -6.185890e-03 8.346315e+00 -3.624709e-04 9.999999e-01 1.780852e-04 2.226480e-02 6.185954e-03 -1.758403e-04 9.999809e-01 1.072615e+01
9.999934e-01 -1.050398e-04 3.638829e-03 9.106828e+00 1.051034e-04 1.000000e+00 -1.724442e-05 -5.563758e-03 -3.638827e-03 1.762746e-05 9.999934e-01 1.118426e+01
9.999835e-01 3.617700e-04 -5.725751e-03 1.003839e+01 -3.608671e-04 9.999999e-01 1.587586e-04 -3.649024e-02 5.725808e-03 -1.566904e-04 9.999836e-01 1.154824e+01
9.999933e-01 -6.434927e-05 3.654647e-03 1.107631e+01 6.440785e-05 1.000000e+00 -1.586539e-05 -6.468189e-02 -3.654646e-03 1.610137e-05 9.999933e-01 1.183637e+01
9.999845e-01 3.541134e-04 -5.549152e-03 1.200809e+01 -3.533416e-04 9.999999e-01 1.400893e-04 -1.036441e-01 5.549201e-03 -1.381271e-04 9.999846e-01 1.242449e+01
9.999924e-01 1.667251e-05 3.891228e-03 1.319556e+01 -1.670949e-05 1.000000e+00 9.512544e-06 -1.399477e-01 -3.891228e-03 -9.576796e-06 9.999924e-01 1.286747e+01
9.999815e-01 2.633209e-04 -6.080263e-03 1.417784e+01 -2.626686e-04 1.000000e+00 1.080964e-04 -1.656900e-01 6.080291e-03 -1.064980e-04 9.999815e-01 1.311976e+01
9.999938e-01 -9.383508e-05 3.521902e-03 1.466044e+01 9.415325e-05 1.000000e+00 -9.012692e-05 -1.866503e-01 -3.521894e-03 9.045865e-05 9.999938e-01 1.342628e+01
9.999816e-01 2.208699e-04 -6.067553e-03 1.504072e+01 -2.201544e-04 1.000000e+00 1.186260e-04 -2.070915e-01 6.067579e-03 -1.172887e-04 9.999816e-01 1.384137e+01
9.999945e-01 -1.135234e-04 3.303347e-03 1.519114e+01 1.139261e-04 1.000000e+00 -1.216720e-04 -2.258235e-01 -3.303332e-03 1.220484e-04 9.999945e-01 1.453840e+01
9.999818e-01 2.393960e-04 -6.027959e-03 1.543870e+01 -2.386235e-04 1.000000e+00 1.289102e-04 -2.447388e-01 6.027990e-03 -1.274701e-04 9.999818e-01 1.516690e+01
9.999945e-01 -6.919193e-05 3.326310e-03 1.586963e+01 6.947218e-05 1.000000e+00 -8.408505e-05 -2.654571e-01 -3.326304e-03 8.431637e-05 9.999945e-01 1.564976e+01
9.999809e-01 1.620957e-04 -6.183160e-03 1.588710e+01 -1.614440e-04 1.000000e+00 1.059182e-04 -2.738895e-01 6.183176e-03 -1.049186e-04 9.999809e-01 1.622227e+01
9.999943e-01 -1.198377e-04 3.374110e-03 1.574839e+01 1.200954e-04 1.000000e+00 -7.610631e-05 -2.772613e-01 -3.374100e-03 7.651178e-05 9.999943e-01 1.676645e+01
9.999807e-01 1.497964e-04 -6.216188e-03 1.569512e+01 -1.489185e-04 1.000000e+00 1.417094e-04 -2.838455e-01 6.216209e-03 -1.407817e-04 9.999807e-01 1.724748e+01
9.999944e-01 -9.128684e-05 3.333723e-03 1.528805e+01 9.144277e-05 1.000000e+00 -4.656700e-05 -2.785037e-01 -3.333718e-03 4.687228e-05 9.999944e-01 1.751992e+01
9.999818e-01 1.633666e-04 -6.026445e-03 1.523145e+01 -1.626299e-04 1.000000e+00 1.227708e-04 -2.811079e-01 6.026465e-03 -1.217892e-04 9.999818e-01 1.770376e+01
9.999947e-01 -1.234822e-04 3.243590e-03 1.497952e+01 1.235810e-04 1.000000e+00 -3.021894e-05 -2.798809e-01 -3.243586e-03 3.062032e-05 9.999947e-01 1.804785e+01
9.999806e-01 1.263160e-04 -6.223226e-03 1.468850e+01 -1.257084e-04 1.000000e+00 9.805343e-05 -2.790389e-01 6.223238e-03 -9.726992e-05 9.999806e-01 1.846683e+01
9.999947e-01 -7.956021e-05 3.243405e-03 1.438172e+01 7.959481e-05 1.000000e+00 -1.048210e-05 -2.782801e-01 -3.243404e-03 1.074090e-05 9.999947e-01 1.878760e+01
9.999813e-01 1.128304e-04 -6.109504e-03 1.429388e+01 -1.124845e-04 1.000000e+00 5.698532e-05 -2.873248e-01 6.109510e-03 -5.629773e-05 9.999813e-01 1.925780e+01
9.999932e-01 -4.757868e-06 3.694233e-03 1.466070e+01 4.733976e-06 1.000000e+00 6.524915e-06 -3.159991e-01 -3.694233e-03 -6.506689e-06 9.999932e-01 1.975478e+01
9.999837e-01 2.082630e-04 -5.699690e-03 1.538182e+01 -2.078454e-04 1.000000e+00 7.389576e-05 -3.494233e-01 5.699705e-03 -7.271059e-05 9.999838e-01 2.019168e+01
9.999940e-01 6.723812e-08 3.466520e-03 1.604533e+01 -1.958033e-07 1.000000e+00 3.713985e-05 -3.838118e-01 -3.466520e-03 -3.713961e-05 9.999940e-01 2.072163e+01
9.999815e-01 1.699159e-04 -6.082265e-03 1.649123e+01 -1.696192e-04 1.000000e+00 4.933219e-05 -4.115974e-01 6.082273e-03 -4.830030e-05 9.999815e-01 2.122436e+01
9.999943e-01 5.342784e-05 3.364689e-03 1.708272e+01 -5.354408e-05 1.000000e+00 3.451082e-05 -4.379621e-01 -3.364687e-03 -3.469009e-05 9.999943e-01 2.170074e+01
9.999811e-01 1.060119e-04 -6.146973e-03 1.748853e+01 -1.060876e-04 1.000000e+00 -1.194528e-05 -4.534977e-01 6.146971e-03 1.259648e-05 9.999811e-01 2.189757e+01
9.999935e-01 4.499202e-05 3.616661e-03 1.798139e+01 -4.517929e-05 1.000000e+00 5.175064e-05 -4.780867e-01 -3.616658e-03 -5.191301e-05 9.999935e-01 2.227711e+01
9.999812e-01 1.597315e-04 -6.130442e-03 1.850412e+01 -1.596335e-04 1.000000e+00 1.649980e-05 -5.062125e-01 6.130445e-03 -1.552156e-05 9.999812e-01 2.283203e+01
9.999973e-01 1.383474e-04 2.313975e-03 1.873215e+01 -1.381497e-04 1.000000e+00 -8.552780e-05 -4.999602e-01 -2.313986e-03 8.520859e-05 9.999973e-01 2.347920e+01
9.999855e-01 1.107258e-04 -5.392145e-03 1.920278e+01 -1.103726e-04 1.000000e+00 6.583798e-05 -5.056068e-01 5.392152e-03 -6.524257e-05 9.999855e-01 2.376367e+01
9.999964e-01 9.519663e-06 2.666161e-03 1.949365e+01 -9.277580e-06 1.000000e+00 -9.073938e-05 -5.203939e-01 -2.666162e-03 9.071501e-05 9.999964e-01 2.409896e+01
9.999858e-01 2.532969e-04 -5.319506e-03 2.034089e+01 -2.524407e-04 1.000000e+00 1.616464e-04 -5.402153e-01 5.319546e-03 -1.603020e-04 9.999858e-01 2.435822e+01
9.999959e-01 -4.639372e-05 2.853194e-03 2.105995e+01 4.659182e-05 1.000000e+00 -6.929596e-05 -5.641190e-01 -2.853190e-03 6.942931e-05 9.999959e-01 2.464224e+01
9.999855e-01 3.147758e-04 -5.370234e-03 2.198538e+01 -3.144488e-04 9.999999e-01 6.177543e-05 -5.786607e-01 5.370253e-03 -6.008657e-05 9.999856e-01 2.464224e+01
9.999964e-01 1.086130e-04 2.691303e-03 2.322407e+01 -1.080505e-04 1.000000e+00 -2.090756e-04 -5.522656e-01 -2.691325e-03 2.087847e-04 9.999964e-01 2.381047e+01
9.999854e-01 1.577571e-04 -5.393105e-03 2.374374e+01 -1.568799e-04 1.000000e+00 1.631103e-04 -5.468440e-01 5.393130e-03 -1.622625e-04 9.999854e-01 2.384214e+01
9.999948e-01 2.265731e-04 3.208606e-03 2.509296e+01 -2.262184e-04 1.000000e+00 -1.108449e-04 -5.628416e-01 -3.208631e-03 1.101192e-04 9.999948e-01 2.385558e+01
9.999826e-01 3.339463e-05 -5.903303e-03 2.593993e+01 -3.244331e-05 1.000000e+00 1.612797e-04 -5.720726e-01 5.903308e-03 -1.610861e-04 9.999826e-01 2.380226e+01
9.999949e-01 2.345611e-05 3.179820e-03 2.503111e+01 -2.349198e-05 1.000000e+00 1.130530e-05 -5.407500e-01 -3.179819e-03 -1.137926e-05 9.999949e-01 2.380025e+01
9.999806e-01 6.345537e-06 -6.222344e-03 2.462100e+01 -5.637617e-06 1.000000e+00 1.138195e-04 -5.335352e-01 6.222345e-03 -1.137829e-04 9.999806e-01 2.388697e+01
9.999950e-01 1.695456e-04 3.164968e-03 2.526226e+01 -1.689813e-04 1.000000e+00 -1.785016e-04 -5.223000e-01 -3.164997e-03 1.779665e-04 9.999950e-01 2.316857e+01
9.999858e-01 -3.467399e-05 -5.328332e-03 2.525400e+01 3.520195e-05 1.000000e+00 9.902836e-05 -5.212313e-01 5.328328e-03 -9.921522e-05 9.999858e-01 2.241192e+01
9.999950e-01 3.132719e-04 3.154352e-03 2.441215e+01 -3.134160e-04 9.999999e-01 4.526489e-05 -5.002385e-01 -3.154337e-03 -4.625260e-05 9.999950e-01 2.265427e+01
9.999874e-01 -1.214466e-04 -5.021470e-03 2.318345e+01 1.220100e-04 1.000000e+00 1.119383e-04 -4.584084e-01 5.021456e-03 -1.125502e-04 9.999874e-01 2.267639e+01
9.999964e-01 2.729373e-04 2.687053e-03 2.322430e+01 -2.726294e-04 1.000000e+00 -1.148642e-04 -4.780369e-01 -2.687084e-03 1.141319e-04 9.999964e-01 2.338839e+01
9.999832e-01 7.307101e-05 -5.787498e-03 2.337099e+01 -7.317503e-05 1.000000e+00 -1.772693e-05 -4.941232e-01 5.787496e-03 1.814944e-05 9.999833e-01 2.487357e+01
9.999975e-01 2.834156e-04 2.210972e-03 2.344859e+01 -2.832813e-04 1.000000e+00 -6.097748e-05 -4.973244e-01 -2.210989e-03 6.035169e-05 9.999976e-01 2.635308e+01
9.999815e-01 -7.839401e-05 -6.088513e-03 2.305535e+01 7.811238e-05 1.000000e+00 -4.646124e-05 -4.785109e-01 6.088516e-03 4.598410e-05 9.999815e-01 2.771003e+01
9.999974e-01 2.527853e-04 2.263417e-03 2.265796e+01 -2.527517e-04 1.000000e+00 -1.501187e-05 -4.576914e-01 -2.263421e-03 1.444043e-05 9.999974e-01 2.891044e+01
9.999790e-01 5.055437e-07 -6.473236e-03 2.225801e+01 -1.181791e-06 1.000000e+00 -1.044327e-04 -4.348721e-01 6.473236e-03 1.044375e-04 9.999790e-01 3.045937e+01
9.999969e-01 3.920998e-04 2.443352e-03 2.247819e+01 -3.922057e-04 9.999999e-01 4.295271e-05 -4.284425e-01 -2.443335e-03 -4.391019e-05 9.999970e-01 3.160866e+01
9.999776e-01 6.683947e-05 -6.694846e-03 2.280467e+01 -6.806292e-05 1.000000e+00 -1.824869e-04 -4.165585e-01 6.694834e-03 1.829378e-04 9.999776e-01 3.285189e+01
9.999973e-01 1.793184e-04 2.303706e-03 2.259970e+01 -1.796176e-04 1.000000e+00 1.297597e-04 -4.043663e-01 -2.303683e-03 -1.301724e-04 9.999973e-01 3.402132e+01
9.999849e-01 -1.480307e-04 -5.493725e-03 2.235219e+01 1.478752e-04 1.000000e+00 -2.867087e-05 -3.959487e-01 5.493729e-03 2.785736e-05 9.999849e-01 3.403942e+01
9.999974e-01 2.526177e-04 2.277727e-03 2.256791e+01 -2.527243e-04 1.000000e+00 4.663075e-05 -4.113167e-01 -2.277715e-03 -4.720558e-05 9.999974e-01 3.443327e+01
9.999845e-01 -2.893541e-05 -5.566861e-03 2.270305e+01 2.857125e-05 1.000000e+00 -6.545676e-05 -4.342074e-01 5.566862e-03 6.529601e-05 9.999845e-01 3.547471e+01
9.999961e-01 3.092506e-04 2.789050e-03 2.314677e+01 -3.094760e-04 9.999999e-01 8.044916e-05 -4.655032e-01 -2.789024e-03 -8.131130e-05 9.999961e-01 3.631559e+01
9.999866e-01 3.407714e-05 -5.176791e-03 2.433919e+01 -3.425629e-05 1.000000e+00 -3.447693e-05 -4.839337e-01 5.176789e-03 3.465312e-05 9.999866e-01 3.640144e+01
9.999964e-01 2.374402e-04 2.663579e-03 2.529705e+01 -2.374420e-04 1.000000e+00 4.127398e-07 -4.988483e-01 -2.663578e-03 -1.044500e-06 9.999965e-01 3.642745e+01
9.999812e-01 -1.366287e-04 -6.125287e-03 2.516493e+01 1.364881e-04 1.000000e+00 -2.334131e-05 -5.068041e-01 6.125290e-03 2.250416e-05 9.999812e-01 3.728046e+01
9.999950e-01 2.537617e-04 3.166339e-03 2.574740e+01 -2.539691e-04 1.000000e+00 6.518905e-05 -5.170546e-01 -3.166322e-03 -6.599219e-05 9.999950e-01 3.722381e+01
9.999780e-01 2.607990e-04 -6.635330e-03 2.742240e+01 -2.637052e-04 9.999999e-01 -4.370846e-04 -4.714877e-01 6.635215e-03 4.388241e-04 9.999779e-01 3.571378e+01
9.999925e-01 -2.495611e-05 3.882955e-03 2.824545e+01 2.381937e-05 1.000000e+00 2.928536e-04 -4.714392e-01 -3.882962e-03 -2.927582e-04 9.999924e-01 3.535907e+01
9.999713e-01 1.005121e-04 -7.578714e-03 2.783916e+01 -1.026050e-04 1.000000e+00 -2.757335e-04 -4.592231e-01 7.578686e-03 2.765025e-04 9.999712e-01 3.607618e+01
9.999924e-01 5.684367e-06 3.898897e-03 2.713170e+01 -6.979847e-06 9.999999e-01 3.323129e-04 -4.321531e-01 -3.898894e-03 -3.323370e-04 9.999923e-01 3.665723e+01
9.999716e-01 1.896023e-04 -7.539287e-03 2.656575e+01 -1.913774e-04 1.000000e+00 -2.346885e-04 -4.157377e-01 7.539242e-03 2.361240e-04 9.999716e-01 3.709743e+01
9.999922e-01 7.137553e-05 3.958896e-03 2.660391e+01 -7.163667e-05 1.000000e+00 6.588004e-05 -3.897046e-01 -3.958891e-03 -6.616244e-05 9.999922e-01 3.690675e+01
9.999711e-01 2.848557e-04 -7.591512e-03 2.717504e+01 -2.875189e-04 9.999999e-01 -3.496884e-04 -3.671392e-01 7.591411e-03 3.518604e-04 9.999711e-01 3.679910e+01
9.999938e-01 1.765542e-04 3.527847e-03 2.783089e+01 -1.766418e-04 1.000000e+00 2.460100e-05 -3.295142e-01 -3.527843e-03 -2.522334e-05 9.999938e-01 3.686667e+01
9.999801e-01 5.409918e-04 -6.287742e-03 2.985652e+01 -5.453273e-04 9.999996e-01 -6.877930e-04 -2.487977e-01 6.287367e-03 6.912075e-04 9.999800e-01 3.411523e+01
9.999899e-01 6.932423e-04 4.440669e-03 3.275469e+01 -6.905325e-04 9.999996e-01 -6.116790e-04 -1.249943e-01 -4.441090e-03 6.086071e-04 9.999900e-01 3.004887e+01
9.999745e-01 1.041328e-03 -7.063324e-03 3.730873e+01 -1.049724e-03 9.999987e-01 -1.185037e-03 4.770996e-02 7.062081e-03 1.192420e-03 9.999744e-01 2.487445e+01
9.999888e-01 2.628472e-04 4.729209e-03 4.060831e+01 -2.618626e-04 9.999999e-01 -2.087723e-04 1.706089e-01 -4.729263e-03 2.075322e-04 9.999888e-01 2.102646e+01
9.999760e-01 3.956530e-04 -6.921075e-03 4.210617e+01 -3.997270e-04 9.999997e-01 -5.872335e-04 2.252806e-01 6.920841e-03 5.899852e-04 9.999759e-01 1.893552e+01
9.999841e-01 4.025732e-04 5.616629e-03 4.367525e+01 -4.020728e-04 9.999999e-01 -9.018236e-05 3.110063e-01 -5.616664e-03 8.792332e-05 9.999842e-01 1.618703e+01
9.999703e-01 2.261036e-04 -7.703549e-03 4.497837e+01 -2.306685e-04 9.999998e-01 -5.916488e-04 3.769408e-01 7.703414e-03 5.934075e-04 9.999702e-01 1.420547e+01
9.999817e-01 1.398638e-05 6.045822e-03 4.487381e+01 -1.580980e-05 1.000000e+00 3.015915e-04 4.046898e-01 -6.045817e-03 -3.016809e-04 9.999817e-01 1.306329e+01
9.999574e-01 2.209488e-04 -9.222324e-03 4.482016e+01 -2.246876e-04 9.999999e-01 -4.043460e-04 4.399385e-01 9.222233e-03 4.064002e-04 9.999574e-01 1.273025e+01
9.999792e-01 -7.511247e-05 6.452132e-03 4.489154e+01 7.267664e-05 9.999999e-01 3.777939e-04 4.393862e-01 -6.452160e-03 -3.773164e-04 9.999791e-01 1.289609e+01
9.999499e-01 2.305481e-04 -1.000703e-02 4.479249e+01 -2.339086e-04 9.999999e-01 -3.346273e-04 4.446051e-01 1.000695e-02 3.369506e-04 9.999499e-01 1.354705e+01
9.999810e-01 -4.312751e-05 6.156946e-03 4.446280e+01 4.104529e-05 9.999999e-01 3.383569e-04 4.521860e-01 -6.156960e-03 -3.380971e-04 9.999810e-01 1.421434e+01
9.999545e-01 3.899158e-04 -9.530390e-03 4.558228e+01 -3.953308e-04 9.999998e-01 -5.662739e-04 4.563654e-01 9.530167e-03 5.700151e-04 9.999544e-01 1.417417e+01
9.999788e-01 6.427797e-05 6.515179e-03 4.636573e+01 -6.462709e-05 1.000000e+00 5.341278e-05 4.726717e-01 -6.515176e-03 -5.383203e-05 9.999788e-01 1.401756e+01
9.999417e-01 6.063165e-04 -1.077986e-02 4.680665e+01 -6.094872e-04 9.999998e-01 -2.908254e-04 4.823340e-01 1.077968e-02 2.973780e-04 9.999419e-01 1.567072e+01
9.999748e-01 3.565320e-06 7.092522e-03 4.738717e+01 -3.289254e-06 1.000000e+00 -3.889989e-05 5.263727e-01 -7.092522e-03 3.887625e-05 9.999748e-01 1.609142e+01
9.999406e-01 7.192372e-04 -1.087937e-02 4.876695e+01 -7.223508e-04 9.999997e-01 -2.822428e-04 5.404562e-01 1.087916e-02 2.900841e-04 9.999408e-01 1.680037e+01
9.999735e-01 -9.452439e-05 7.279706e-03 4.956169e+01 9.415790e-05 1.000000e+00 5.072143e-05 5.287414e-01 -7.279710e-03 -5.003397e-05 9.999735e-01 1.820068e+01
9.999400e-01 4.667754e-04 -1.094644e-02 4.952495e+01 -4.689900e-04 9.999999e-01 -1.997189e-04 5.234507e-01 1.094634e-02 2.048400e-04 9.999401e-01 2.005299e+01
9.999704e-01 -1.967071e-04 7.688750e-03 4.964350e+01 1.957161e-04 1.000000e+00 1.296814e-04 5.002291e-01 -7.688775e-03 -1.281720e-04 9.999704e-01 2.116612e+01
9.999393e-01 3.632723e-04 -1.100770e-02 4.960689e+01 -3.654253e-04 9.999999e-01 -1.935523e-04 4.867045e-01 1.100763e-02 1.975623e-04 9.999394e-01 2.227615e+01
9.999748e-01 -6.345495e-05 7.097610e-03 4.945468e+01 6.300637e-05 1.000000e+00 6.346215e-05 4.818546e-01 -7.097613e-03 -6.301269e-05 9.999748e-01 2.360618e+01
9.999412e-01 2.451292e-04 -1.084470e-02 4.936069e+01 -2.461123e-04 1.000000e+00 -8.928993e-05 4.815805e-01 1.084468e-02 9.195301e-05 9.999412e-01 2.456528e+01
9.999731e-01 -4.475515e-05 7.336473e-03 4.939803e+01 4.423842e-05 1.000000e+00 7.063105e-05 4.679624e-01 -7.336476e-03 -7.030392e-05 9.999731e-01 2.547197e+01
9.999428e-01 2.423960e-04 -1.069453e-02 4.984324e+01 -2.433311e-04 1.000000e+00 -8.611377e-05 4.558603e-01 1.069450e-02 8.871048e-05 9.999428e-01 2.571343e+01
9.999663e-01 -6.462546e-05 8.215137e-03 5.018900e+01 6.554960e-05 1.000000e+00 -1.121921e-04 4.668536e-01 -8.215130e-03 1.127275e-04 9.999662e-01 2.479925e+01
9.999462e-01 2.293551e-04 -1.037320e-02 5.028679e+01 -2.303035e-04 1.000000e+00 -9.020556e-05 4.756076e-01 1.037318e-02 9.258901e-05 9.999462e-01 2.390411e+01
9.999622e-01 9.102192e-05 8.695982e-03 5.058954e+01 -8.884504e-05 1.000000e+00 -2.506872e-04 5.037932e-01 -8.696004e-03 2.499058e-04 9.999622e-01 2.214575e+01
9.999583e-01 4.281042e-04 -9.121612e-03 5.064499e+01 -4.314082e-04 9.999998e-01 -3.602209e-04 5.391738e-01 9.121456e-03 3.641403e-04 9.999583e-01 1.984712e+01
9.999680e-01 -1.756861e-04 7.996254e-03 5.045679e+01 1.747658e-04 1.000000e+00 1.158201e-04 5.592810e-01 -7.996274e-03 -1.144183e-04 9.999680e-01 1.826592e+01
9.999612e-01 6.041315e-04 -8.787745e-03 5.058027e+01 -6.096230e-04 9.999996e-01 -6.222089e-04 5.961977e-01 8.787366e-03 6.275413e-04 9.999612e-01 1.598534e+01
9.999557e-01 1.609594e-04 9.415359e-03 5.081336e+01 -1.575831e-04 9.999999e-01 -3.593135e-04 6.635908e-01 -9.415416e-03 3.578145e-04 9.999556e-01 1.228446e+01
9.999532e-01 3.817840e-04 -9.670593e-03 5.089354e+01 -3.852499e-04 9.999999e-01 -3.565062e-04 7.036734e-01 9.670455e-03 3.602145e-04 9.999532e-01 9.842409e+00
9.999604e-01 1.198608e-04 8.897937e-03 5.118603e+01 -1.176376e-04 1.000000e+00 -2.503522e-04 7.512150e-01 -8.897966e-03 2.492962e-04 9.999604e-01 7.156481e+00
9.999547e-01 4.535660e-04 -9.502773e-03 5.158526e+01 -4.580662e-04 9.999998e-01 -4.713706e-04 7.946863e-01 9.502556e-03 4.757015e-04 9.999547e-01 4.906427e+00
9.999715e-01 -1.575643e-04 7.544658e-03 5.207543e+01 1.570722e-04 1.000000e+00 6.585136e-05 8.209815e-01 -7.544668e-03 -6.466376e-05 9.999715e-01 3.408929e+00
9.999326e-01 4.664482e-04 -1.159891e-02 5.254401e+01 -4.677541e-04 9.999999e-01 -1.098547e-04 8.223106e-01 1.159885e-02 1.152720e-04 9.999327e-01 3.952513e+00
9.999469e-01 -1.527345e-04 1.030387e-02 5.262413e+01 1.544819e-04 1.000000e+00 -1.687654e-04 8.510480e-01 -1.030384e-02 1.703489e-04 9.999469e-01 2.035577e+00
9.999464e-01 7.410103e-04 -1.032332e-02 5.271595e+01 -7.471188e-04 9.999995e-01 -5.878572e-04 8.955605e-01 1.032288e-02 5.955378e-04 9.999465e-01 -6.198920e-01
9.999696e-01 -6.033100e-04 7.775193e-03 5.306535e+01 6.002410e-04 9.999997e-01 3.970883e-04 9.012894e-01 -7.775430e-03 -3.924086e-04 9.999697e-01 -1.348985e+00
9.999425e-01 7.870720e-04 -1.069351e-02 5.362765e+01 -7.909644e-04 9.999996e-01 -3.597418e-04 8.796760e-01 1.069322e-02 3.681787e-04 9.999428e-01 -9.953304e-01
9.999739e-01 -7.068373e-04 7.183549e-03 5.354873e+01 7.040598e-04 9.999997e-01 3.892188e-04 8.734813e-01 -7.183822e-03 -3.841504e-04 9.999741e-01 -4.340652e-01
9.999506e-01 7.780051e-04 -9.910637e-03 5.360912e+01 -7.820204e-04 9.999996e-01 -4.012544e-04 8.696167e-01 9.910321e-03 4.089842e-04 9.999508e-01 -7.642161e-01
9.999734e-01 -7.351409e-04 7.250871e-03 5.331587e+01 7.317555e-04 9.999996e-01 4.695686e-04 8.736427e-01 -7.251213e-03 -4.642496e-04 9.999736e-01 -9.976322e-01
9.999446e-01 8.167698e-04 -1.049650e-02 5.320161e+01 -8.210435e-04 9.999996e-01 -4.028232e-04 8.704677e-01 1.049617e-02 4.114183e-04 9.999448e-01 -7.381935e-01
