9.999942e-01 -9.864471e-08 -3.406045e-03 -1.816833e-01 3.216042e-07 1.000000e+00 6.546643e-05 2.007897e-03 3.406044e-03 -6.546786e-05 9.999942e-01 4.082018e-01
9.999999e-01 -1.998689e-05 3.207276e-04 -4.951421e-01 1.996057e-05 1.000000e+00 8.214187e-05 8.815935e-03 -3.207289e-04 -8.213476e-05 9.999999e-01 4.728402e-01
9.999931e-01 5.530813e-05 -3.713844e-03 -4.372891e-01 -5.516310e-05 1.000000e+00 3.916104e-05 9.021250e-03 3.713846e-03 -3.895662e-05 9.999931e-01 6.303227e-01
1.000000e+00 -5.669187e-05 2.285610e-04 -6.061492e-01 5.669260e-05 1.000000e+00 -3.070137e-06 8.080197e-03 -2.285605e-04 3.083807e-06 1.000000e+00 1.364073e+00
9.999915e-01 1.472690e-04 -4.116990e-03 -1.124121e+00 -1.480543e-04 1.000000e+00 -1.904147e-04 2.372659e-02 4.116961e-03 1.910219e-04 9.999915e-01 3.057464e+00
1.000000e+00 -2.952018e-05 2.941778e-05 -2.056143e+00 2.951311e-05 1.000000e+00 2.414329e-04 6.726293e-02 -2.942457e-05 -2.414313e-04 1.000000e+00 3.690583e+00
9.999935e-01 1.302942e-04 -3.611636e-03 -2.771915e+00 -1.309893e-04 1.000000e+00 -1.922355e-04 9.395621e-02 3.611611e-03 1.927066e-04 9.999935e-01 4.291899e+00
9.999999e-01 -9.125723e-05 4.292493e-04 -3.532425e+00 9.112548e-05 9.999999e-01 3.070243e-04 1.226066e-01 -4.292769e-04 -3.069845e-04 9.999999e-01 4.558781e+00
9.999937e-01 8.245612e-05 -3.542014e-03 -3.828018e+00 -8.332878e-05 1.000000e+00 -2.462177e-04 1.256404e-01 3.541994e-03 2.465106e-04 9.999937e-01 4.985621e+00
1.000000e+00 -7.527062e-05 2.925854e-04 -4.046609e+00 7.519559e-05 1.000000e+00 2.565359e-04 1.242833e-01 -2.926043e-04 -2.565132e-04 9.999999e-01 5.632662e+00
9.999907e-01 1.504222e-04 -4.313325e-03 -4.497369e+00 -1.513413e-04 1.000000e+00 -2.127642e-04 1.450852e-01 4.313293e-03 2.134142e-04 9.999907e-01 6.144913e+00
9.999998e-01 -1.277039e-04 6.372848e-04 -4.637975e+00 1.275316e-04 1.000000e+00 2.704298e-04 1.487903e-01 -6.373190e-04 -2.703478e-04 9.999998e-01 6.743511e+00
9.999916e-01 1.286542e-04 -4.090506e-03 -4.897232e+00 -1.296412e-04 1.000000e+00 -2.410321e-04 1.548303e-01 4.090475e-03 2.415597e-04 9.999916e-01 7.310390e+00
9.999999e-01 -2.878392e-05 4.244433e-04 -4.737724e+00 2.863591e-05 9.999999e-01 3.488113e-04 1.589201e-01 -4.244530e-04 -3.487984e-04 9.999998e-01 7.467516e+00
9.999940e-01 3.125660e-04 -3.458276e-03 -3.877977e+00 -3.132366e-04 9.999999e-01 -1.933536e-04 1.477290e-01 3.458215e-03 1.944349e-04 9.999940e-01 7.525148e+00
1.000000e+00 7.417985e-06 -2.707251e-04 -3.421602e+00 -7.332838e-06 1.000000e+00 3.143557e-04 1.359178e-01 2.707278e-04 -3.143529e-04 9.999999e-01 8.098079e+00
9.999948e-01 3.132182e-04 -3.219164e-03 -2.999555e+00 -3.137759e-04 9.999999e-01 -1.727024e-04 1.171547e-01 3.219109e-03 1.737109e-04 9.999948e-01 8.846194e+00
9.999999e-01 -1.514505e-04 5.085951e-04 -2.638245e+00 1.512980e-04 9.999999e-01 2.998745e-04 8.567449e-02 -5.086401e-04 -2.997968e-04 9.999998e-01 9.559936e+00
9.999948e-01 3.404064e-04 -3.208939e-03 -2.306480e+00 -3.411251e-04 9.999999e-01 -2.234067e-04 5.304726e-02 3.208862e-03 2.244994e-04 9.999948e-01 1.038792e+01
9.999999e-01 -1.654709e-04 4.725415e-04 -1.757205e+00 1.652875e-04 9.999999e-01 3.882616e-04 2.700279e-02 -4.726054e-04 -3.881828e-04 9.999998e-01 1.078555e+01
9.999958e-01 3.268108e-04 -2.885629e-03 -1.132432e+00 -3.276057e-04 9.999999e-01 -2.749991e-04 -2.206162e-03 2.885538e-03 2.759426e-04 9.999958e-01 1.119612e+01
9.999998e-01 -1.041352e-04 5.942888e-04 -3.841722e-01 1.039538e-04 9.999999e-01 3.052811e-04 -3.357015e-02 -5.943202e-04 -3.052186e-04 9.999998e-01 1.170588e+01
9.999956e-01 2.886430e-04 -2.943902e-03 4.253060e-01 -2.892359e-04 9.999999e-01 -2.009623e-04 -5.635026e-02 2.943843e-03 2.018122e-04 9.999956e-01 1.190072e+01
9.999999e-01 -1.615714e-04 3.790643e-04 1.041396e+00 1.614989e-04 1.000000e+00 1.913212e-04 -6.846195e-02 -3.790949e-04 -1.912592e-04 9.999999e-01 1.179853e+01
9.999954e-01 2.781917e-04 -3.009105e-03 1.520484e+00 -2.785494e-04 1.000000e+00 -1.184304e-04 -9.013460e-02 3.009072e-03 1.192674e-04 9.999955e-01 1.204369e+01
1.000000e+00 -1.428856e-04 1.015617e-04 1.929789e+00 1.428589e-04 1.000000e+00 2.635478e-04 -1.104530e-01 -1.015991e-04 -2.635325e-04 1.000000e+00 1.237013e+01
9.999967e-01 2.651067e-04 -2.568057e-03 2.327984e+00 -2.658135e-04 9.999999e-01 -2.748494e-04 -1.165643e-01 2.567984e-03 2.755304e-04 9.999967e-01 1.199906e+01
1.000000e+00 -2.220590e-04 1.986601e-05 2.627758e+00 2.220524e-04 9.999999e-01 3.314111e-04 -1.298559e-01 -1.993927e-05 -3.314060e-04 9.999999e-01 1.190756e+01
9.999934e-01 3.170056e-04 -3.630663e-03 2.685061e+00 -3.178803e-04 9.999999e-01 -2.403262e-04 -1.357891e-01 3.630586e-03 2.414780e-04 9.999934e-01 1.231060e+01
9.999999e-01 -3.269106e-04 -3.590086e-04 2.294456e+00 3.270215e-04 9.999999e-01 3.089626e-04 -1.158731e-01 3.589079e-04 -3.090793e-04 9.999999e-01 1.274341e+01
9.999953e-01 3.031118e-04 -3.055803e-03 1.774603e+00 -3.037231e-04 9.999999e-01 -1.995448e-04 -9.519161e-02 3.055742e-03 2.004713e-04 9.999953e-01 1.293045e+01
9.999999e-01 -3.402794e-04 -2.772012e-04 1.639810e+00 3.403573e-04 9.999999e-01 2.808348e-04 -9.622953e-02 2.771060e-04 -2.809284e-04 9.999999e-01 1.323930e+01
9.999956e-01 3.961672e-04 -2.955348e-03 1.738774e+00 -3.967842e-04 9.999999e-01 -2.081404e-04 -1.144835e-01 2.955265e-03 2.093114e-04 9.999956e-01 1.377367e+01
9.999999e-01 -3.888982e-04 3.384226e-04 1.703965e+00 3.887919e-04 9.999999e-01 3.142804e-04 -1.275886e-01 -3.385445e-04 -3.141481e-04 9.999999e-01 1.377576e+01
9.999940e-01 4.590226e-04 -3.447813e-03 1.766018e+00 -4.601119e-04 9.999998e-01 -3.151255e-04 -1.487099e-01 3.447667e-03 3.167093e-04 9.999940e-01 1.443111e+01
9.999999e-01 -3.860019e-04 1.674485e-04 1.767832e+00 3.859567e-04 9.999999e-01 2.702688e-04 -1.668970e-01 -1.675525e-04 -2.702034e-04 9.999999e-01 1.520928e+01
9.999939e-01 4.186370e-04 -3.472719e-03 1.426930e+00 -4.192621e-04 9.999999e-01 -1.792556e-04 -1.626191e-01 3.472643e-03 1.807098e-04 9.999940e-01 1.549454e+01
9.999999e-01 -4.161678e-04 8.033785e-05 1.054097e+00 4.161458e-04 9.999999e-01 2.745486e-04 -1.524311e-01 -8.045176e-05 -2.745144e-04 1.000000e+00 1.568818e+01
9.999900e-01 4.848633e-04 -4.453623e-03 6.871567e-01 -4.860790e-04 9.999998e-01 -2.718865e-04 -1.357854e-01 4.453491e-03 2.740479e-04 9.999900e-01 1.645666e+01
9.999978e-01 -2.473373e-04 2.070199e-03 1.415592e+00 2.465949e-04 9.999999e-01 3.588532e-04 -1.662189e-01 -2.070287e-03 -3.583412e-04 9.999978e-01 1.693273e+01
9.999922e-01 6.190353e-04 -3.906704e-03 2.664088e+00 -6.198816e-04 9.999998e-01 -2.154168e-04 -2.004211e-01 3.906569e-03 2.178361e-04 9.999923e-01 1.735425e+01
9.999989e-01 -4.833747e-04 1.387765e-03 3.246604e+00 4.828782e-04 9.999998e-01 3.581451e-04 -2.263304e-01 -1.387938e-03 -3.574739e-04 9.999990e-01 1.765760e+01
9.999881e-01 4.712958e-04 -4.862996e-03 3.155529e+00 -4.726995e-04 9.999998e-01 -2.874706e-04 -2.301892e-01 4.862859e-03 2.897652e-04 9.999881e-01 1.809463e+01
9.999990e-01 -4.670665e-04 1.309008e-03 2.924678e+00 4.665675e-04 9.999998e-01 3.815125e-04 -2.245405e-01 -1.309185e-03 -3.809006e-04 9.999991e-01 1.843841e+01
9.999904e-01 4.526534e-04 -4.366332e-03 2.518825e+00 -4.537913e-04 9.999999e-01 -2.595834e-04 -2.159927e-01 4.366213e-03 2.615616e-04 9.999904e-01 1.857931e+01
9.999999e-01 -4.445292e-04 2.440557e-04 2.084293e+00 4.444745e-04 9.999999e-01 2.245747e-04 -1.958092e-01 -2.441551e-04 -2.244655e-04 9.999999e-01 1.937845e+01
9.999929e-01 5.361836e-04 -3.729435e-03 1.584631e+00 -5.367626e-04 9.999998e-01 -1.542379e-04 -1.752887e-01 3.729351e-03 1.562379e-04 9.999930e-01 1.995633e+01
9.999986e-01 -4.815992e-04 1.584390e-03 2.436830e-01 4.810543e-04 9.999998e-01 3.443722e-04 -1.256538e-01 -1.584555e-03 -3.436088e-04 9.999987e-01 1.978804e+01
9.999862e-01 5.230529e-04 -5.221979e-03 -3.901866e-01 -5.244247e-04 9.999998e-01 -2.613152e-04 -9.874342e-02 5.221841e-03 2.640495e-04 9.999863e-01 2.004699e+01
9.999989e-01 -4.879344e-04 1.364678e-03 -1.128440e+00 4.874966e-04 9.999998e-01 3.212200e-04 -6.254779e-02 -1.364834e-03 -3.205536e-04 9.999990e-01 2.040964e+01
9.999857e-01 4.913672e-04 -5.329656e-03 -1.850387e+00 -4.927943e-04 9.999998e-01 -2.664412e-04 -2.474313e-02 5.329524e-03 2.690631e-04 9.999858e-01 2.080764e+01
9.999990e-01 -5.061893e-04 1.323880e-03 -2.213260e+00 5.057503e-04 9.999998e-01 3.319382e-04 -6.345081e-03 -1.324047e-03 -3.312676e-04 9.999991e-01 2.124537e+01
9.999884e-01 4.601901e-04 -4.785760e-03 -2.302731e+00 -4.613250e-04 9.999999e-01 -2.360194e-04 -6.922008e-03 4.785651e-03 2.382238e-04 9.999885e-01 2.158452e+01
9.999987e-01 -3.754217e-04 1.599112e-03 -2.167354e+00 3.749519e-04 9.999999e-01 2.941309e-04 -2.680464e-02 -1.599222e-03 -2.935302e-04 9.999987e-01 2.215449e+01
9.999912e-01 5.384437e-04 -4.154578e-03 -1.805207e+00 -5.392797e-04 9.999998e-01 -2.000861e-04 -6.241607e-02 4.154470e-03 2.023241e-04 9.999913e-01 2.291997e+01
9.999995e-01 -3.805518e-04 9.662528e-04 -1.617984e+00 3.802941e-04 9.999999e-01 2.669961e-04 -8.735885e-02 -9.663540e-04 -2.666278e-04 9.999995e-01 2.370002e+01
9.999881e-01 4.074447e-04 -4.855552e-03 -2.158487e+00 -4.086309e-04 9.999999e-01 -2.432801e-04 -6.323085e-02 4.855452e-03 2.452606e-04 9.999882e-01 2.419013e+01
9.999989e-01 -3.699642e-04 1.457663e-03 -2.958527e+00 3.694862e-04 9.999999e-01 3.282481e-04 -2.952054e-02 -1.457784e-03 -3.277084e-04 9.999989e-01 2.442397e+01
9.999884e-01 5.456073e-04 -4.781981e-03 -2.950247e+00 -5.470906e-04 9.999998e-01 -3.088614e-04 -2.413968e-02 4.781811e-03 3.114733e-04 9.999885e-01 2.478324e+01
9.999973e-01 -1.746622e-04 2.315285e-03 -1.762379e+00 1.741788e-04 1.000000e+00 2.090237e-04 -3.701921e-02 -2.315321e-03 -2.086191e-04 9.999973e-01 2.474791e+01
9.999890e-01 4.639983e-04 -4.665277e-03 -9.732224e-01 -4.647927e-04 9.999999e-01 -1.691761e-04 -6.777393e-02 4.665198e-03 1.713419e-04 9.999891e-01 2.528147e+01
9.999981e-01 -3.159836e-04 1.907921e-03 -6.949067e-01 3.154771e-04 9.999999e-01 2.658422e-04 -1.015346e-01 -1.908004e-03 -2.652391e-04 9.999981e-01 2.608425e+01
9.999815e-01 3.543883e-04 -6.078728e-03 -9.898625e-01 -3.560907e-04 9.999999e-01 -2.789629e-04 -9.090954e-02 6.078628e-03 2.811216e-04 9.999815e-01 2.673497e+01
9.999982e-01 -2.819187e-04 1.871752e-03 -1.198908e+00 2.813997e-04 9.999999e-01 2.776106e-04 -8.708513e-02 -1.871830e-03 -2.770827e-04 9.999982e-01 2.749416e+01
9.999865e-01 4.245782e-04 -5.179789e-03 -9.792030e-01 -4.257909e-04 9.999999e-01 -2.330037e-04 -1.007039e-01 5.179689e-03 2.352054e-04 9.999866e-01 2.803448e+01
9.999965e-01 -2.413869e-04 2.650721e-03 -1.153792e+00 2.406496e-04 9.999999e-01 2.784786e-04 -7.442648e-02 -2.650788e-03 -2.778390e-04 9.999964e-01 2.778821e+01
9.999852e-01 3.085679e-04 -5.432556e-03 -2.123907e+00 -3.091232e-04 9.999999e-01 -1.013426e-04 -3.673825e-02 5.432524e-03 1.030197e-04 9.999852e-01 2.779284e+01
9.999964e-01 -6.141870e-05 2.678921e-03 -1.815103e+00 6.088808e-05 1.000000e+00 1.981930e-04 -2.475251e-02 -2.678933e-03 -1.980284e-04 9.999964e-01 2.777691e+01
9.999842e-01 2.224761e-04 -5.623109e-03 -1.484955e+00 -2.235089e-04 1.000000e+00 -1.830283e-04 -4.067230e-02 5.623068e-03 1.842815e-04 9.999842e-01 2.844686e+01
9.999977e-01 -6.812842e-05 2.123123e-03 -1.428512e+00 6.774959e-05 1.000000e+00 1.785534e-04 -5.948981e-02 -2.123135e-03 -1.784084e-04 9.999977e-01 2.938936e+01
9.999794e-01 8.324297e-05 -6.424365e-03 -1.869244e+00 -8.440804e-05 1.000000e+00 -1.810647e-04 -3.846697e-02 6.424350e-03 1.816026e-04 9.999793e-01 3.015329e+01
9.999969e-01 -5.118409e-05 2.492108e-03 -2.669240e+00 5.055452e-05 1.000000e+00 2.527337e-04 1.344362e-03 -2.492120e-03 -2.526062e-04 9.999969e-01 3.053134e+01
9.999834e-01 1.989789e-04 -5.766260e-03 -2.619971e+00 -2.007099e-04 9.999999e-01 -2.995845e-04 -1.938225e-02 5.766200e-03 3.007362e-04 9.999833e-01 3.149959e+01
9.999980e-01 -1.873357e-04 2.011817e-03 -2.884854e+00 1.867808e-04 9.999999e-01 2.760391e-04 -1.425794e-02 -2.011868e-03 -2.756620e-04 9.999979e-01 3.232020e+01
9.999844e-01 1.395776e-04 -5.590055e-03 -3.203989e+00 -1.409281e-04 1.000000e+00 -2.411851e-04 -2.789356e-03 5.590021e-03 2.419684e-04 9.999843e-01 3.289325e+01
9.999979e-01 -1.341643e-04 2.057675e-03 -3.437386e+00 1.335359e-04 9.999999e-01 3.056221e-04 6.410777e-03 -2.057716e-03 -3.053460e-04 9.999978e-01 3.346425e+01
9.999864e-01 1.554136e-04 -5.207173e-03 -4.220586e+00 -1.562956e-04 1.000000e+00 -1.689547e-04 3.691329e-02 5.207146e-03 1.697656e-04 9.999864e-01 3.359478e+01
9.999979e-01 -1.384501e-04 2.036717e-03 -4.574879e+00 1.379385e-04 1.000000e+00 2.513909e-04 4.599006e-02 -2.036751e-03 -2.511087e-04 9.999979e-01 3.399513e+01
9.999861e-01 3.796751e-04 -5.250264e-03 -4.286161e+00 -3.809518e-04 9.999999e-01 -2.421563e-04 2.479632e-02 5.250172e-03 2.441524e-04 9.999862e-01 3.487253e+01
9.999988e-01 -1.446905e-04 1.528552e-03 -4.365047e+00 1.444851e-04 1.000000e+00 1.345097e-04 1.065399e-02 -1.528571e-03 -1.342880e-04 9.999988e-01 3.616277e+01
9.999824e-01 2.079156e-04 -5.922467e-03 -4.703094e+00 -2.089050e-04 1.000000e+00 -1.664331e-04 2.488922e-02 5.922432e-03 1.676667e-04 9.999824e-01 3.713030e+01
9.999979e-01 -5.089263e-05 2.045109e-03 -4.859522e+00 5.069041e-05 1.000000e+00 9.898540e-05 2.018383e-02 -2.045114e-03 -9.888082e-05 9.999979e-01 3.810065e+01
9.999752e-01 2.398977e-04 -7.045278e-03 -5.330194e+00 -2.408322e-04 1.000000e+00 -1.317804e-04 4.495018e-02 7.045246e-03 1.334732e-04 9.999752e-01 3.915592e+01
9.999972e-01 -1.534460e-04 2.376472e-03 -5.761346e+00 1.531939e-04 1.000000e+00 1.062794e-04 6.645142e-02 -2.376488e-03 -1.059144e-04 9.999972e-01 4.017811e+01
9.999829e-01 1.938506e-04 -5.848413e-03 -5.783651e+00 -1.941722e-04 1.000000e+00 -5.438845e-05 5.627298e-02 5.848402e-03 5.552241e-05 9.999829e-01 4.086778e+01
9.999968e-01 -1.680038e-04 2.526030e-03 -6.481515e+00 1.676196e-04 1.000000e+00 1.523684e-04 8.300695e-02 -2.526055e-03 -1.519438e-04 9.999968e-01 4.109531e+01
9.999807e-01 1.911303e-04 -6.207329e-03 -7.273847e+00 -1.916665e-04 1.000000e+00 -8.575480e-05 1.206001e-01 6.207312e-03 8.694217e-05 9.999807e-01 4.140953e+01
9.999971e-01 -1.654967e-04 2.418031e-03 -8.265540e+00 1.650880e-04 1.000000e+00 1.692872e-04 1.706773e-01 -2.418059e-03 -1.688868e-04 9.999971e-01 4.177471e+01
9.999858e-01 1.896344e-04 -5.326158e-03 -9.254074e+00 -1.898236e-04 1.000000e+00 -3.498080e-05 2.112146e-01 5.326151e-03 3.599063e-05 9.999858e-01 4.186162e+01
9.999975e-01 -2.088078e-04 2.209659e-03 -9.933805e+00 2.084684e-04 1.000000e+00 1.538861e-04 2.364106e-01 -2.209690e-03 -1.534244e-04 9.999975e-01 4.202823e+01
9.999838e-01 2.603352e-04 -5.687753e-03 -9.992789e+00 -2.610978e-04 1.000000e+00 -1.333247e-04 2.307465e-01 5.687718e-03 1.348069e-04 9.999838e-01 4.265639e+01
9.999968e-01 -1.379181e-04 2.527039e-03 -9.779504e+00 1.372738e-04 1.000000e+00 2.551752e-04 2.080624e-01 -2.527074e-03 -2.548268e-04 9.999968e-01 4.328106e+01
9.999842e-01 9.339398e-05 -5.623936e-03 -9.832049e+00 -9.441913e-05 1.000000e+00 -1.819949e-04 1.994116e-01 5.623918e-03 1.825223e-04 9.999842e-01 4.365661e+01
9.999970e-01 -1.126814e-04 2.449777e-03 -1.004601e+01 1.119954e-04 1.000000e+00 2.802164e-04 1.986676e-01 -2.449808e-03 -2.799405e-04 9.999970e-01 4.392708e+01
9.999844e-01 1.226051e-04 -5.576636e-03 -1.037913e+01 -1.235618e-04 1.000000e+00 -1.711754e-04 2.021815e-01 5.576615e-03 1.718611e-04 9.999844e-01 4.407968e+01
9.999960e-01 -1.039238e-04 2.817805e-03 -1.085804e+01 1.029714e-04 9.999999e-01 3.381916e-04 2.102259e-01 -2.817839e-03 -3.378994e-04 9.999960e-01 4.401443e+01
9.999826e-01 1.048435e-04 -5.896247e-03 -1.123521e+01 -1.060782e-04 1.000000e+00 -2.090617e-04 2.156549e-01 5.896225e-03 2.096828e-04 9.999826e-01 4.411926e+01
9.999958e-01 -1.399388e-05 2.881936e-03 -1.174529e+01 1.325150e-05 1.000000e+00 2.576658e-04 2.269085e-01 -2.881939e-03 -2.576258e-04 9.999958e-01 4.473221e+01
9.999837e-01 4.516700e-05 -5.705272e-03 -1.226411e+01 -4.678247e-05 1.000000e+00 -2.829971e-04 2.387002e-01 5.705259e-03 2.832587e-04 9.999837e-01 4.544252e+01
9.999966e-01 -7.529446e-05 2.612001e-03 -1.246234e+01 7.437887e-05 9.999999e-01 3.506821e-04 2.370905e-01 -2.612027e-03 -3.504859e-04 9.999965e-01 4.585119e+01
9.999848e-01 9.030363e-05 -5.508260e-03 -1.236188e+01 -9.186190e-05 1.000000e+00 -2.826204e-04 2.182303e-01 5.508233e-03 2.831214e-04 9.999848e-01 4.636331e+01
9.999966e-01 -4.490274e-05 2.615150e-03 -1.225348e+01 4.399459e-05 9.999999e-01 3.473769e-04 1.981651e-01 -2.615165e-03 -3.472600e-04 9.999965e-01 4.698126e+01
9.999856e-01 2.963863e-04 -5.367178e-03 -1.180929e+01 -2.980543e-04 9.999999e-01 -3.099365e-04 1.709156e-01 5.367085e-03 3.115310e-04 9.999855e-01 4.776452e+01
9.999973e-01 -1.830054e-04 2.312155e-03 -1.179896e+01 1.822794e-04 9.999999e-01 3.142659e-04 1.539700e-01 -2.312212e-03 -3.138429e-04 9.999973e-01 4.863774e+01
9.999764e-01 3.838469e-04 -6.855358e-03 -1.229124e+01 -3.866372e-04 9.999998e-01 -4.056834e-04 1.763868e-01 6.855201e-03 4.083236e-04 9.999764e-01 4.985534e+01
9.999962e-01 -3.392147e-04 2.732395e-03 -1.288578e+01 3.381442e-04 9.999999e-01 3.923035e-04 2.066030e-01 -2.732528e-03 -3.913774e-04 9.999962e-01 5.074138e+01
9.999877e-01 3.974362e-04 -4.952772e-03 -1.346332e+01 -3.983360e-04 9.999999e-01 -1.806583e-04 2.172048e-01 4.952700e-03 1.826283e-04 9.999877e-01 5.038275e+01
9.999956e-01 -2.995313e-04 2.961710e-03 -1.427062e+01 2.983798e-04 9.999999e-01 3.892542e-04 2.355120e-01 -2.961826e-03 -3.883680e-04 9.999955e-01 4.999627e+01
9.999801e-01 4.046522e-04 -6.300435e-03 -1.448389e+01 -4.078880e-04 9.999998e-01 -5.122893e-04 2.271821e-01 6.300226e-03 5.148483e-04 9.999800e-01 5.142335e+01
9.999926e-01 -2.744424e-04 3.844467e-03 -1.427426e+01 2.724944e-04 9.999998e-01 5.072485e-04 1.853951e-01 -3.844606e-03 -5.061965e-04 9.999925e-01 5.243002e+01
9.999826e-01 3.805019e-04 -5.893889e-03 -1.444021e+01 -3.832670e-04 9.999998e-01 -4.679982e-04 1.849813e-01 5.893709e-03 4.702482e-04 9.999825e-01 5.174135e+01
9.999925e-01 -2.670441e-04 3.861976e-03 -1.472897e+01 2.649273e-04 9.999998e-01 5.486436e-04 1.854959e-01 -3.862121e-03 -5.476157e-04 9.999924e-01 5.107439e+01
9.999777e-01 3.239835e-04 -6.665360e-03 -1.495604e+01 -3.270624e-04 9.999998e-01 -4.608280e-04 1.841095e-01 6.665209e-03 4.629970e-04 9.999777e-01 5.093751e+01
9.999950e-01 -1.735864e-04 3.159521e-03 -1.534244e+01 1.723404e-04 9.999999e-01 3.947009e-04 1.893516e-01 -3.159589e-03 -3.941537e-04 9.999949e-01 5.198313e+01
9.999811e-01 2.446834e-04 -6.146199e-03 -1.614156e+01 -2.470658e-04 9.999999e-01 -3.868379e-04 2.174818e-01 6.146104e-03 3.883484e-04 9.999810e-01 5.253002e+01
9.999957e-01 -2.512080e-04 2.922488e-03 -1.637007e+01 2.497445e-04 9.999998e-01 5.011832e-04 2.204208e-01 -2.922614e-03 -5.004505e-04 9.999956e-01 5.271310e+01
9.999838e-01 3.304652e-04 -5.676998e-03 -1.598277e+01 -3.326842e-04 9.999999e-01 -3.899210e-04 2.003263e-01 5.676868e-03 3.918026e-04 9.999838e-01 5.293627e+01
9.999968e-01 -2.853221e-04 2.520677e-03 -1.595554e+01 2.841362e-04 9.999998e-01 4.708849e-04 1.906896e-01 -2.520811e-03 -4.701665e-04 9.999967e-01 5.340982e+01
9.999835e-01 3.725750e-04 -5.728536e-03 -1.607845e+01 -3.748545e-04 9.999999e-01 -3.968265e-04 1.891502e-01 5.728387e-03 3.989667e-04 9.999835e-01 5.384380e+01
9.999924e-01 -1.989539e-04 3.886832e-03 -1.537024e+01 1.974100e-04 9.999999e-01 3.976208e-04 1.591691e-01 -3.886911e-03 -3.968498e-04 9.999924e-01 5.421190e+01
9.999816e-01 3.774656e-04 -6.053289e-03 -1.480051e+01 -3.793305e-04 9.999999e-01 -3.069063e-04 1.249202e-01 6.053173e-03 3.091962e-04 9.999816e-01 5.476877e+01
9.999925e-01 -2.647223e-04 3.851955e-03 -1.489959e+01 2.634334e-04 9.999999e-01 3.351670e-04 1.276908e-01 -3.852043e-03 -3.341490e-04 9.999925e-01 5.416842e+01
9.999792e-01 2.701327e-04 -6.446502e-03 -1.532696e+01 -2.713851e-04 9.999999e-01 -1.933724e-04 1.349271e-01 6.446450e-03 1.951172e-04 9.999792e-01 5.406198e+01
9.999953e-01 -2.513347e-04 3.048877e-03 -1.556386e+01 2.503608e-04 9.999999e-01 3.198924e-04 1.400703e-01 -3.048956e-03 -3.191269e-04 9.999953e-01 5.428379e+01
9.999830e-01 2.692097e-04 -5.830858e-03 -1.568359e+01 -2.703715e-04 9.999999e-01 -1.984404e-04 1.344024e-01 5.830804e-03 2.000128e-04 9.999830e-01 5.418542e+01
9.999945e-01 -2.417469e-04 3.293317e-03 -1.579774e+01 2.407115e-04 9.999999e-01 3.148430e-04 1.336981e-01 -3.293393e-03 -3.140479e-04 9.999945e-01 5.389317e+01
9.999814e-01 2.950189e-04 -6.097972e-03 -1.576203e+01 -2.965950e-04 9.999999e-01 -2.575354e-04 1.300132e-01 6.097895e-03 2.593386e-04 9.999814e-01 5.370152e+01
9.999941e-01 -2.599996e-04 3.414882e-03 -1.580258e+01 2.588114e-04 9.999999e-01 3.484222e-04 1.269469e-01 -3.414972e-03 -3.475357e-04 9.999941e-01 5.339011e+01
9.999817e-01 2.891919e-04 -6.040037e-03 -1.550733e+01 -2.908469e-04 9.999999e-01 -2.730920e-04 1.084290e-01 6.039957e-03 2.748430e-04 9.999817e-01 5.345494e+01
9.999933e-01 -2.470178e-04 3.646984e-03 -1.508772e+01 2.455918e-04 9.999999e-01 3.915062e-04 8.391816e-02 -3.647080e-03 -3.906073e-04 9.999933e-01 5.366737e+01
9.999803e-01 2.845117e-04 -6.275371e-03 -1.484785e+01 -2.868044e-04 9.999999e-01 -3.644308e-04 7.077279e-02 6.275267e-03 3.662228e-04 9.999802e-01 5.355423e+01
9.999923e-01 -1.843184e-04 3.930275e-03 -1.462080e+01 1.826714e-04 9.999999e-01 4.194407e-04 6.542544e-02 -3.930351e-03 -4.187189e-04 9.999922e-01 5.314765e+01
9.999794e-01 2.664768e-04 -6.413409e-03 -1.428136e+01 -2.687625e-04 9.999999e-01 -3.555048e-04 3.787022e-02 6.413314e-03 3.572205e-04 9.999794e-01 5.364419e+01
9.999898e-01 -1.800563e-05 4.524925e-03 -1.365447e+01 1.606263e-05 9.999999e-01 4.294730e-04 -7.572672e-03 -4.524932e-03 -4.293952e-04 9.999897e-01 5.450526e+01
9.999782e-01 1.480517e-04 -6.596298e-03 -1.312495e+01 -1.502345e-04 9.999999e-01 -3.303994e-04 -4.455148e-02 6.596248e-03 3.313825e-04 9.999782e-01 5.506175e+01
9.999930e-01 -1.478364e-04 3.742222e-03 -1.293879e+01 1.462999e-04 9.999999e-01 4.108954e-04 -6.183310e-02 -3.742283e-03 -4.103444e-04 9.999929e-01 5.530038e+01
9.999802e-01 1.673848e-04 -6.295716e-03 -1.263507e+01 -1.693105e-04 9.999999e-01 -3.053051e-04 -8.516246e-02 6.295664e-03 3.063643e-04 9.999801e-01 5.556340e+01
9.999930e-01 -6.035700e-05 3.737650e-03 -1.235257e+01 5.897011e-05 9.999999e-01 3.712160e-04 -1.173870e-01 -3.737671e-03 -3.709923e-04 9.999929e-01 5.626265e+01
9.999772e-01 1.794980e-04 -6.753529e-03 -1.228664e+01 -1.821735e-04 9.999999e-01 -3.955303e-04 -1.414541e-01 6.753457e-03 3.967509e-04 9.999771e-01 5.711773e+01
9.999940e-01 -5.601232e-05 3.465975e-03 -1.228130e+01 5.472511e-05 9.999999e-01 3.715294e-04 -1.597602e-01 -3.465995e-03 -3.713368e-04 9.999939e-01 5.797479e+01
9.999775e-01 2.115170e-04 -6.711835e-03 -1.225640e+01 -2.144008e-04 9.999999e-01 -4.289079e-04 -1.827353e-01 6.711743e-03 4.303365e-04 9.999774e-01 5.896709e+01
9.999945e-01 -1.876197e-04 3.297941e-03 -1.232239e+01 1.861329e-04 9.999999e-01 4.511891e-04 -1.924779e-01 -3.298025e-03 -4.505720e-04 9.999945e-01 5.953794e+01
9.999793e-01 1.330659e-04 -6.425806e-03 -1.252835e+01 -1.353779e-04 9.999999e-01 -3.593373e-04 -1.931528e-01 6.425757e-03 3.601991e-04 9.999793e-01 5.983898e+01
9.999969e-01 -1.269744e-04 2.499804e-03 -1.316909e+01 1.259639e-04 9.999999e-01 4.044593e-04 -1.622716e-01 -2.499855e-03 -4.041425e-04 9.999968e-01 6.035147e+01
9.999803e-01 8.887775e-05 -6.275766e-03 -1.342655e+01 -9.108621e-05 9.999999e-01 -3.515884e-04 -1.529381e-01 6.275734e-03 3.521524e-04 9.999802e-01 6.084798e+01
9.999948e-01 -4.527807e-05 3.229209e-03 -1.329413e+01 4.390385e-05 9.999999e-01 4.256887e-04 -1.719804e-01 -3.229228e-03 -4.255440e-04 9.999947e-01 6.132820e+01
9.999769e-01 8.534560e-05 -6.798115e-03 -1.345597e+01 -8.834357e-05 9.999999e-01 -4.406746e-04 -1.760416e-01 6.798077e-03 4.412643e-04 9.999768e-01 6.210225e+01
9.999921e-01 -5.589642e-05 3.968856e-03 -1.332825e+01 5.397449e-05 9.999999e-01 4.844073e-04 -1.992565e-01 -3.968882e-03 -4.841886e-04 9.999920e-01 6.266662e+01
9.999782e-01 1.341116e-04 -6.599119e-03 -1.283797e+01 -1.367653e-04 9.999999e-01 -4.016392e-04 -2.149099e-01 6.599064e-03 4.025323e-04 9.999781e-01 6.266797e+01
9.999928e-01 -8.400037e-05 3.788053e-03 -1.245417e+01 8.193793e-05 9.999998e-01 5.446633e-04 -2.325677e-01 -3.788097e-03 -5.443483e-04 9.999927e-01 6.280753e+01
9.999761e-01 1.044082e-04 -6.906124e-03 -1.245607e+01 -1.078794e-04 9.999999e-01 -5.022302e-04 -2.442102e-01 6.906070e-03 5.029626e-04 9.999760e-01 6.342188e+01
9.999948e-01 -5.696992e-05 3.235024e-03 -1.317235e+01 5.542825e-05 9.999999e-01 4.767010e-04 -2.147121e-01 -3.235050e-03 -4.765185e-04 9.999947e-01 6.429808e+01
9.999793e-01 1.192747e-04 -6.436596e-03 -1.369855e+01 -1.230571e-04 9.999998e-01 -5.872193e-04 -2.023902e-01 6.436524e-03 5.879985e-04 9.999791e-01 6.543703e+01
9.999952e-01 -9.213311e-06 3.107443e-03 -1.408369e+01 7.920603e-06 9.999999e-01 4.160785e-04 -1.991061e-01 -3.107447e-03 -4.160512e-04 9.999951e-01 6.685475e+01
9.999799e-01 1.107410e-04 -6.340076e-03 -1.434368e+01 -1.146206e-04 9.999998e-01 -6.115280e-04 -2.035060e-01 6.340006e-03 6.122417e-04 9.999797e-01 6.826646e+01
9.999970e-01 -8.367967e-05 2.449361e-03 -1.474347e+01 8.239757e-05 9.999999e-01 5.236189e-04 -1.906914e-01 -2.449404e-03 -5.234148e-04 9.999969e-01 6.933051e+01
9.999807e-01 9.865391e-05 -6.218972e-03 -1.498877e+01 -1.018850e-04 9.999999e-01 -5.192057e-04 -1.835951e-01 6.218919e-03 5.198286e-04 9.999805e-01 7.020438e+01
9.999928e-01 4.188471e-05 3.805463e-03 -1.459104e+01 -4.410367e-05 9.999998e-01 5.830688e-04 -2.109220e-01 -3.805437e-03 -5.832318e-04 9.999926e-01 7.081899e+01
9.999789e-01 8.469383e-06 -6.497292e-03 -1.424043e+01 -1.146516e-05 9.999999e-01 -4.610134e-04 -2.291473e-01 6.497287e-03 4.610774e-04 9.999788e-01 7.113091e+01
9.999947e-01 -3.224763e-05 3.261273e-03 -1.428391e+01 3.044462e-05 9.999998e-01 5.529649e-04 -2.333662e-01 -3.261290e-03 -5.528620e-04 9.999945e-01 7.156947e+01
9.999759e-01 5.743976e-05 -6.939080e-03 -1.467852e+01 -6.108220e-05 9.999999e-01 -5.246775e-04 -2.155365e-01 6.939048e-03 5.250881e-04 9.999758e-01 7.222096e+01
9.999914e-01 6.680515e-05 4.151116e-03 -1.446993e+01 -6.918120e-05 9.999998e-01 5.722961e-04 -2.392201e-01 -4.151076e-03 -5.725777e-04 9.999912e-01 7.303244e+01
9.999762e-01 4.463124e-05 -6.905949e-03 -1.432059e+01 -4.864726e-05 9.999998e-01 -5.813353e-04 -2.672284e-01 6.905921e-03 5.816567e-04 9.999760e-01 7.402858e+01
9.999933e-01 -6.935463e-05 3.653824e-03 -1.494732e+01 6.716519e-05 9.999998e-01 5.993937e-04 -2.430498e-01 -3.653865e-03 -5.991436e-04 9.999931e-01 7.471448e+01
9.999790e-01 6.885730e-05 -6.483833e-03 -1.551139e+01 -7.226722e-05 9.999999e-01 -5.256480e-04 -2.274447e-01 6.483795e-03 5.261048e-04 9.999788e-01 7.491821e+01
9.999948e-01 -1.281312e-04 3.210508e-03 -1.583134e+01 1.261914e-04 9.999998e-01 6.044664e-04 -2.182327e-01 -3.210585e-03 -6.040575e-04 9.999947e-01 7.523665e+01
9.999730e-01 1.057564e-04 -7.348626e-03 -1.622937e+01 -1.099074e-04 9.999998e-01 -5.644307e-04 -1.969492e-01 7.348565e-03 5.652224e-04 9.999728e-01 7.580286e+01
9.999922e-01 -9.489465e-05 3.947999e-03 -1.622851e+01 9.216217e-05 9.999998e-01 6.923475e-04 -1.996168e-01 -3.948064e-03 -6.919776e-04 9.999920e-01 7.628212e+01
9.999725e-01 4.768839e-05 -7.414569e-03 -1.645813e+01 -5.222469e-05 9.999998e-01 -6.115877e-04 -1.936050e-01 7.414539e-03 6.119575e-04 9.999723e-01 7.667156e+01
9.999903e-01 -6.059106e-05 4.408086e-03 -1.681659e+01 5.732317e-05 9.999997e-01 7.415090e-04 -1.865380e-01 -4.408129e-03 -7.412484e-04 9.999900e-01 7.684058e+01
9.999701e-01 1.752384e-04 -7.727405e-03 -1.753868e+01 -1.800403e-04 9.999998e-01 -6.206939e-04 -1.554565e-01 7.727294e-03 6.220659e-04 9.999700e-01 7.690932e+01
9.999916e-01 -2.340329e-05 4.093197e-03 -1.778825e+01 2.062216e-05 9.999998e-01 6.795440e-04 -1.309473e-01 -4.093211e-03 -6.794532e-04 9.999914e-01 7.697582e+01
9.999753e-01 1.733382e-04 -7.024611e-03 -1.716391e+01 -1.779586e-04 9.999998e-01 -6.570950e-04 -1.403694e-01 7.024495e-03 6.583281e-04 9.999751e-01 7.696876e+01
9.999908e-01 2.440156e-05 4.280965e-03 -1.636247e+01 -2.746466e-05 9.999997e-01 7.155093e-04 -1.503898e-01 -4.280946e-03 -7.156197e-04 9.999906e-01 7.685191e+01
9.999770e-01 1.822961e-04 -6.772920e-03 -1.562825e+01 -1.862054e-04 9.999998e-01 -5.765286e-04 -1.753137e-01 6.772813e-03 5.777759e-04 9.999769e-01 7.715804e+01
9.999918e-01 -5.037698e-05 4.051089e-03 -1.525598e+01 4.758061e-05 9.999998e-01 6.904221e-04 -2.028636e-01 -4.051123e-03 -6.902230e-04 9.999916e-01 7.774821e+01
9.999806e-01 2.584992e-04 -6.231024e-03 -1.465032e+01 -2.622928e-04 9.999998e-01 -6.079790e-04 -2.378465e-01 6.230865e-03 6.096008e-04 9.999804e-01 7.838749e+01
9.999918e-01 -5.420509e-05 4.040147e-03 -1.389236e+01 5.141128e-05 9.999998e-01 6.916657e-04 -2.689477e-01 -4.040183e-03 -6.914517e-04 9.999916e-01 7.884775e+01
9.999790e-01 2.123530e-04 -6.472168e-03 -1.327723e+01 -2.160943e-04 9.999998e-01 -5.773405e-04 -2.967282e-01 6.472044e-03 5.787263e-04 9.999789e-01 7.922327e+01
9.999924e-01 -6.316513e-05 3.891156e-03 -1.274206e+01 6.064704e-05 9.999998e-01 6.473018e-04 -3.052549e-01 -3.891196e-03 -6.470602e-04 9.999922e-01 7.899744e+01
9.999786e-01 2.186326e-04 -6.537215e-03 -1.208432e+01 -2.225956e-04 9.999998e-01 -6.054671e-04 -3.169146e-01 6.537081e-03 6.069086e-04 9.999784e-01 7.890130e+01
9.999913e-01 -2.653766e-05 4.173586e-03 -1.138853e+01 2.381526e-05 9.999998e-01 6.523937e-04 -3.421059e-01 -4.173602e-03 -6.522879e-04 9.999911e-01 7.919836e+01
9.999783e-01 2.069064e-04 -6.591578e-03 -1.079175e+01 -2.105738e-04 9.999998e-01 -5.556550e-04 -3.757262e-01 6.591462e-03 5.570303e-04 9.999781e-01 7.977074e+01
9.999907e-01 1.822121e-05 4.324252e-03 -1.022717e+01 -2.092355e-05 9.999998e-01 6.249337e-04 -4.154499e-01 -4.324240e-03 -6.250177e-04 9.999905e-01 8.053254e+01
9.999759e-01 1.632671e-04 -6.939938e-03 -9.773725e+00 -1.671206e-04 9.999998e-01 -5.546457e-04 -4.463715e-01 6.939846e-03 5.557914e-04 9.999758e-01 8.116201e+01
9.999923e-01 -7.195743e-05 3.936356e-03 -9.361605e+00 6.936935e-05 9.999998e-01 6.576723e-04 -4.600826e-01 -3.936403e-03 -6.573934e-04 9.999920e-01 8.142798e+01
9.999773e-01 1.868968e-04 -6.738287e-03 -8.821268e+00 -1.907130e-04 9.999998e-01 -5.656783e-04 -4.718528e-01 6.738180e-03 5.669499e-04 9.999771e-01 8.148416e+01
9.999921e-01 -3.831802e-05 3.985965e-03 -8.210989e+00 3.583967e-05 9.999998e-01 6.218965e-04 -4.825502e-01 -3.985987e-03 -6.217480e-04 9.999919e-01 8.139747e+01
9.999782e-01 2.488419e-04 -6.602136e-03 -7.407933e+00 -2.524680e-04 9.999998e-01 -5.483700e-04 -4.957451e-01 6.601998e-03 5.500242e-04 9.999781e-01 8.134890e+01
9.999917e-01 -4.612698e-05 4.064400e-03 -6.598984e+00 4.357558e-05 9.999998e-01 6.278872e-04 -5.103322e-01 -4.064428e-03 -6.277042e-04 9.999915e-01 8.132564e+01
9.999780e-01 2.598291e-04 -6.627832e-03 -5.789654e+00 -2.636291e-04 9.999998e-01 -5.724371e-04 -5.238498e-01 6.627682e-03 5.741712e-04 9.999779e-01 8.127969e+01
9.999913e-01 -1.093488e-04 4.174506e-03 -5.092579e+00 1.065637e-04 9.999998e-01 6.674293e-04 -5.431212e-01 -4.174577e-03 -6.669780e-04 9.999911e-01 8.136397e+01
9.999774e-01 2.176748e-04 -6.722341e-03 -4.526719e+00 -2.216770e-04 9.999998e-01 -5.945932e-04 -5.628212e-01 6.722210e-03 5.960692e-04 9.999772e-01 8.149160e+01
9.999913e-01 -4.367652e-05 4.167511e-03 -3.776790e+00 4.097047e-05 9.999998e-01 6.494596e-04 -5.801857e-01 -4.167538e-03 -6.492826e-04 9.999911e-01 8.154738e+01
9.999789e-01 2.609757e-04 -6.487513e-03 -2.913339e+00 -2.645166e-04 9.999998e-01 -5.449170e-04 -6.062511e-01 6.487370e-03 5.466209e-04 9.999788e-01 8.181818e+01
9.999907e-01 -1.109621e-04 4.319617e-03 -2.324236e+00 1.080988e-04 9.999998e-01 6.631420e-04 -6.424269e-01 -4.319689e-03 -6.626681e-04 9.999905e-01 8.238541e+01
9.999784e-01 2.885883e-04 -6.565158e-03 -1.615798e+00 -2.923376e-04 9.999998e-01 -5.700987e-04 -6.721572e-01 6.564992e-03 5.720049e-04 9.999783e-01 8.271932e+01
9.999922e-01 -1.076653e-04 3.952489e-03 -8.158721e-01 1.050456e-04 9.999998e-01 6.630722e-04 -6.886366e-01 -3.952559e-03 -6.626512e-04 9.999920e-01 8.277065e+01
9.999777e-01 2.445417e-04 -6.675045e-03 -3.182248e-01 -2.483294e-04 9.999998e-01 -5.665892e-04 -7.121237e-01 6.674905e-03 5.682335e-04 9.999776e-01 8.316351e+01
9.999928e-01 -1.424010e-04 3.784065e-03 -5.612166e-02 1.399983e-04 9.999998e-01 6.352828e-04 -7.278420e-01 -3.784154e-03 -6.347478e-04 9.999926e-01 8.372366e+01
9.999767e-01 2.179192e-04 -6.822970e-03 2.375594e-01 -2.216416e-04 9.999998e-01 -5.447745e-04 -7.409218e-01 6.822850e-03 5.462734e-04 9.999766e-01 8.407697e+01
9.999921e-01 -7.523977e-05 3.974730e-03 7.082244e-01 7.276683e-05 9.999998e-01 6.223667e-04 -7.621047e-01 -3.974775e-03 -6.220719e-04 9.999919e-01 8.440373e+01
9.999775e-01 2.504830e-04 -6.707613e-03 1.355953e+00 -2.541888e-04 9.999998e-01 -5.515916e-04 -7.786474e-01 6.707473e-03 5.532835e-04 9.999774e-01 8.454185e+01
9.999903e-01 -6.923404e-05 4.408689e-03 1.735797e+00 6.674315e-05 9.999998e-01 5.651968e-04 -7.816140e-01 -4.408727e-03 -5.648964e-04 9.999901e-01 8.407535e+01
9.999761e-01 1.911625e-04 -6.906094e-03 2.308196e+00 -1.946883e-04 9.999999e-01 -5.098422e-04 -7.949525e-01 6.905995e-03 5.111739e-04 9.999760e-01 8.402579e+01
9.999905e-01 -1.086695e-05 4.368003e-03 2.786907e+00 8.304085e-06 9.999998e-01 5.868101e-04 -8.195827e-01 -4.368008e-03 -5.867675e-04 9.999903e-01 8.462598e+01
9.999767e-01 2.024421e-04 -6.828880e-03 3.446564e+00 -2.063275e-04 9.999998e-01 -5.682381e-04 -8.445388e-01 6.828763e-03 5.696331e-04 9.999765e-01 8.496840e+01
9.999903e-01 -5.144311e-05 4.397708e-03 4.056106e+00 4.859651e-05 9.999998e-01 6.474515e-04 -8.668276e-01 -4.397741e-03 -6.472309e-04 9.999901e-01 8.514850e+01
9.999761e-01 1.968751e-04 -6.906606e-03 4.579886e+00 -2.006069e-04 9.999998e-01 -5.395956e-04 -8.962029e-01 6.906499e-03 5.409676e-04 9.999760e-01 8.562587e+01
9.999897e-01 -1.501636e-05 4.541293e-03 5.153057e+00 1.200467e-05 9.999998e-01 6.632588e-04 -9.280004e-01 -4.541301e-03 -6.631968e-04 9.999895e-01 8.614813e+01
9.999772e-01 2.355392e-04 -6.744687e-03 5.936812e+00 -2.391670e-04 9.999998e-01 -5.370380e-04 -9.594724e-01 6.744559e-03 5.386382e-04 9.999771e-01 8.658868e+01
9.999908e-01 -6.326264e-05 4.292254e-03 6.625950e+00 6.064345e-05 9.999998e-01 6.104007e-04 -9.855177e-01 -4.292291e-03 -6.101341e-04 9.999906e-01 8.693158e+01
9.999774e-01 2.266807e-04 -6.724609e-03 7.221836e+00 -2.300131e-04 9.999999e-01 -4.947498e-04 -1.012472e+00 6.724496e-03 4.962847e-04 9.999773e-01 8.737133e+01
9.999906e-01 -1.053352e-05 4.334975e-03 8.008448e+00 8.117893e-06 9.999998e-01 5.573174e-04 -1.038543e+00 -4.334980e-03 -5.572763e-04 9.999904e-01 8.773471e+01
9.999769e-01 1.191744e-04 -6.797854e-03 8.546638e+00 -1.220555e-04 9.999999e-01 -4.233750e-04 -1.063998e+00 6.797803e-03 4.241943e-04 9.999768e-01 8.805661e+01
9.999903e-01 -6.634615e-06 4.394211e-03 9.107448e+00 4.209089e-06 9.999998e-01 5.520489e-04 -1.089772e+00 -4.394213e-03 -5.520244e-04 9.999902e-01 8.831671e+01
9.999746e-01 2.295295e-04 -7.118681e-03 9.980605e+00 -2.325200e-04 9.999999e-01 -4.192284e-04 -1.103345e+00 7.118584e-03 4.208723e-04 9.999746e-01 8.827472e+01
9.999922e-01 -6.913349e-05 3.957458e-03 1.036456e+01 6.701099e-05 9.999999e-01 5.365251e-04 -1.122776e+00 -3.957494e-03 -5.362550e-04 9.999920e-01 8.867905e+01
9.999721e-01 3.154788e-04 -7.459054e-03 1.076961e+01 -3.183229e-04 9.999999e-01 -3.800730e-04 -1.140625e+00 7.458933e-03 3.824361e-04 9.999721e-01 8.923920e+01
9.999890e-01 2.812465e-05 4.692283e-03 1.192273e+01 -3.024395e-05 9.999999e-01 4.516398e-04 -1.147661e+00 -4.692270e-03 -4.517761e-04 9.999889e-01 8.904680e+01
9.999745e-01 2.840409e-04 -7.140224e-03 1.300966e+01 -2.867970e-04 9.999999e-01 -3.849402e-04 -1.157999e+00 7.140114e-03 3.869775e-04 9.999744e-01 8.892384e+01
9.999909e-01 -1.012612e-04 4.267608e-03 1.365581e+01 9.922059e-05 9.999999e-01 4.784198e-04 -1.178769e+00 -4.267656e-03 -4.779913e-04 9.999908e-01 8.921192e+01
9.999734e-01 2.884659e-04 -7.289017e-03 1.430324e+01 -2.911369e-04 9.999999e-01 -3.653532e-04 -1.195539e+00 7.288911e-03 3.674649e-04 9.999734e-01 8.942748e+01
9.999880e-01 8.146216e-05 4.907189e-03 1.510615e+01 -8.368871e-05 9.999999e-01 4.535820e-04 -1.231607e+00 -4.907151e-03 -4.539866e-04 9.999879e-01 9.024994e+01
9.999752e-01 2.496972e-04 -7.034688e-03 1.589491e+01 -2.523504e-04 9.999999e-01 -3.762280e-04 -1.276462e+00 7.034593e-03 3.779932e-04 9.999752e-01 9.122324e+01
9.999900e-01 -1.005354e-04 4.468012e-03 1.635081e+01 9.844256e-05 9.999999e-01 4.686779e-04 -1.305035e+00 -4.468058e-03 -4.682327e-04 9.999899e-01 9.175838e+01
9.999745e-01 2.417375e-04 -7.132658e-03 1.672505e+01 -2.446351e-04 9.999999e-01 -4.053408e-04 -1.330893e+00 7.132559e-03 4.070747e-04 9.999745e-01 9.226660e+01
9.999898e-01 -1.101501e-04 4.522090e-03 1.728923e+01 1.080247e-04 9.999999e-01 4.702906e-04 -1.348842e+00 -4.522141e-03 -4.697966e-04 9.999897e-01 9.236705e+01
9.999719e-01 2.781623e-04 -7.486829e-03 1.758095e+01 -2.814374e-04 9.999999e-01 -4.363588e-04 -1.371334e+00 7.486706e-03 4.384530e-04 9.999719e-01 9.297602e+01
9.999849e-01 1.908130e-04 5.491967e-03 1.894684e+01 -1.934687e-04 9.999999e-01 4.830904e-04 -1.409143e+00 -5.491874e-03 -4.841450e-04 9.999848e-01 9.360909e+01
9.999723e-01 1.411836e-04 -7.444691e-03 2.020238e+01 -1.438669e-04 9.999999e-01 -3.598521e-04 -1.438983e+00 7.444640e-03 3.609125e-04 9.999722e-01 9.391477e+01
9.999913e-01 -1.188294e-04 4.180208e-03 2.018506e+01 1.168644e-04 9.999999e-01 4.703848e-04 -1.440926e+00 -4.180263e-03 -4.698915e-04 9.999912e-01 9.419746e+01
9.999740e-01 1.659670e-04 -7.202429e-03 1.942413e+01 -1.683440e-04 9.999999e-01 -3.293941e-04 -1.414435e+00 7.202373e-03 3.305973e-04 9.999740e-01 9.425008e+01
9.999886e-01 -9.243151e-05 4.781547e-03 1.937510e+01 9.054674e-05 9.999999e-01 3.944462e-04 -1.416838e+00 -4.781583e-03 -3.940081e-04 9.999885e-01 9.375942e+01
9.999736e-01 1.315273e-04 -7.263607e-03 1.970825e+01 -1.337247e-04 9.999999e-01 -3.020053e-04 -1.435956e+00 7.263566e-03 3.029680e-04 9.999736e-01 9.385454e+01
9.999885e-01 3.541217e-05 4.798467e-03 2.027222e+01 -3.713973e-05 9.999999e-01 3.599896e-04 -1.463357e+00 -4.798454e-03 -3.601630e-04 9.999884e-01 9.428814e+01
9.999754e-01 1.908508e-04 -7.010180e-03 2.104150e+01 -1.927169e-04 9.999999e-01 -2.654848e-04 -1.495904e+00 7.010128e-03 2.668286e-04 9.999754e-01 9.474412e+01
9.999884e-01 -1.464286e-05 4.817855e-03 2.174309e+01 1.262479e-05 9.999999e-01 4.189596e-04 -1.527530e+00 -4.817860e-03 -4.188932e-04 9.999883e-01 9.518131e+01
9.999725e-01 1.098325e-04 -7.416296e-03 2.208610e+01 -1.128085e-04 9.999999e-01 -4.008197e-04 -1.542079e+00 7.416251e-03 4.016446e-04 9.999724e-01 9.514569e+01
9.999871e-01 4.295150e-05 5.081927e-03 2.268048e+01 -4.455859e-05 9.999999e-01 3.161773e-04 -1.551078e+00 -5.081913e-03 -3.163990e-04 9.999870e-01 9.484943e+01
9.999717e-01 2.008626e-04 -7.524680e-03 2.360400e+01 -2.039516e-04 9.999999e-01 -4.097146e-04 -1.557696e+00 7.524596e-03 4.112370e-04 9.999716e-01 9.459727e+01
9.999879e-01 -4.802637e-05 4.921423e-03 2.427461e+01 4.612625e-05 9.999999e-01 3.862612e-04 -1.564862e+00 -4.921440e-03 -3.860288e-04 9.999878e-01 9.435242e+01
9.999720e-01 2.327228e-04 -7.476154e-03 2.511122e+01 -2.353920e-04 9.999999e-01 -3.561079e-04 -1.575329e+00 7.476070e-03 3.578571e-04 9.999720e-01 9.421587e+01
9.999892e-01 -4.497281e-05 4.651909e-03 2.553989e+01 4.291407e-05 9.999999e-01 4.427165e-04 -1.601687e+00 -4.651928e-03 -4.425114e-04 9.999891e-01 9.478319e+01
9.999721e-01 2.668811e-04 -7.466106e-03 2.600519e+01 -2.691500e-04 9.999999e-01 -3.028544e-04 -1.631836e+00 7.466025e-03 3.048548e-04 9.999721e-01 9.546263e+01
9.999890e-01 -1.550586e-04 4.697243e-03 2.639644e+01 1.530391e-04 9.999999e-01 4.303594e-04 -1.656697e+00 -4.697309e-03 -4.296351e-04 9.999889e-01 9.587178e+01
9.999667e-01 2.088310e-04 -8.155946e-03 2.610940e+01 -2.117800e-04 9.999999e-01 -3.606848e-04 -1.648493e+00 8.155870e-03 3.623994e-04 9.999667e-01 9.637440e+01
9.999854e-01 -8.658290e-05 5.409434e-03 2.627487e+01 8.467310e-05 9.999999e-01 3.533308e-04 -1.673706e+00 -5.409464e-03 -3.528669e-04 9.999853e-01 9.713369e+01
9.999714e-01 6.270799e-04 -7.531941e-03 2.719975e+01 -6.295338e-04 9.999997e-01 -3.233892e-04 -1.720118e+00 7.531736e-03 3.281209e-04 9.999716e-01 9.848745e+01
