9.999960e-01 4.466763e-04 -2.808425e-03 4.766675e-01 -4.468743e-04 9.999999e-01 -6.984453e-05 -4.356946e-02 2.808393e-03 7.109855e-05 9.999961e-01 1.460230e+00
1.000000e+00 -1.812606e-04 1.762524e-04 9.673192e-01 1.812497e-04 1.000000e+00 6.177685e-05 -8.063803e-02 -1.762632e-04 -6.174419e-05 1.000000e+00 2.394053e+00
9.999951e-01 3.337172e-04 -3.105839e-03 1.320975e+00 -3.337954e-04 9.999999e-01 -2.465351e-05 -1.096527e-01 3.105830e-03 2.568939e-05 9.999952e-01 2.993116e+00
9.999999e-01 -1.803599e-04 4.776871e-04 1.834381e+00 1.803447e-04 1.000000e+00 3.206250e-05 -1.362021e-01 -4.776926e-04 -3.197564e-05 9.999999e-01 3.397068e+00
9.999955e-01 3.716842e-04 -2.960374e-03 2.495904e+00 -3.717794e-04 9.999999e-01 -3.159870e-05 -1.631373e-01 2.960362e-03 3.269846e-05 9.999956e-01 3.768184e+00
9.999999e-01 -2.504642e-04 3.830412e-04 3.122486e+00 2.504940e-04 1.000000e+00 -7.747588e-05 -1.787574e-01 -3.830214e-04 7.757254e-05 9.999999e-01 3.778793e+00
9.999949e-01 4.065295e-04 -3.183413e-03 3.692200e+00 -4.068612e-04 9.999999e-01 -1.035346e-04 -1.700489e-01 3.183370e-03 1.048285e-04 9.999949e-01 3.028263e+00
9.999995e-01 -1.131648e-04 1.003528e-03 4.256059e+00 1.134758e-04 9.999999e-01 -3.098181e-04 -1.461594e-01 -1.003492e-03 3.099326e-04 9.999994e-01 1.624692e+00
9.999939e-01 3.770522e-04 -3.462443e-03 4.887913e+00 -3.772424e-04 9.999999e-01 -5.427674e-05 -1.235267e-01 3.462422e-03 5.558188e-05 9.999940e-01 3.544727e-01
9.999997e-01 -1.483602e-04 7.808466e-04 5.293999e+00 1.485667e-04 1.000000e+00 -2.644260e-04 -1.162261e-01 -7.808070e-04 2.645426e-04 9.999997e-01 -1.857852e-01
9.999928e-01 4.909263e-04 -3.766425e-03 6.274999e+00 -4.911631e-04 9.999999e-01 -6.193486e-05 -9.728784e-02 3.766393e-03 6.378363e-05 9.999929e-01 -8.860569e-01
9.999963e-01 1.180120e-04 2.706950e-03 6.976618e+00 -1.161652e-04 9.999998e-01 -6.823814e-04 -4.242899e-02 -2.707030e-03 6.820651e-04 9.999961e-01 -3.555762e+00
9.999934e-01 2.537292e-04 -3.632936e-03 7.002694e+00 -2.527963e-04 9.999999e-01 2.572607e-04 -1.954941e-02 3.633001e-03 -2.563413e-04 9.999934e-01 -5.221530e+00
1.000000e+00 2.185799e-05 -6.433712e-05 6.772028e+00 -2.187839e-05 9.999999e-01 -3.175545e-04 -2.005383e-02 6.433052e-05 3.175566e-04 9.999999e-01 -4.226242e+00
9.999917e-01 7.566047e-04 -4.001334e-03 7.917155e+00 -7.563376e-04 9.999997e-01 6.827813e-05 -1.563495e-02 4.001384e-03 -6.525192e-05 9.999920e-01 -3.146096e+00
9.999991e-01 4.897438e-04 1.230021e-03 1.214753e+01 -4.886819e-04 9.999995e-01 -8.634449e-04 4.748346e-02 -1.230443e-03 8.628437e-04 9.999989e-01 -4.950467e+00
9.999913e-01 8.588697e-04 -4.085822e-03 1.570167e+01 -8.583098e-04 9.999996e-01 1.387899e-04 1.616305e-01 4.085939e-03 -1.352825e-04 9.999916e-01 -8.086135e+00
9.999980e-01 1.651041e-03 1.143262e-03 2.245309e+01 -1.648311e-03 9.999958e-01 -2.384297e-03 3.858134e-01 -1.147193e-03 2.382409e-03 9.999965e-01 -1.441066e+01
9.999916e-01 4.079832e-04 -4.067645e-03 2.796149e+01 -4.050171e-04 9.999997e-01 7.299988e-04 5.653011e-01 4.067941e-03 -7.283459e-04 9.999915e-01 -1.951395e+01
9.999974e-01 2.090841e-03 9.483919e-04 3.470516e+01 -2.088094e-03 9.999936e-01 -2.888143e-03 7.949425e-01 -9.544242e-04 2.886156e-03 9.999954e-01 -2.598779e+01
9.999930e-01 4.430715e-04 -3.725631e-03 4.138276e+01 -4.409326e-04 9.999997e-01 5.749173e-04 1.023048e+00 3.725884e-03 -5.732712e-04 9.999929e-01 -3.246870e+01
9.999973e-01 2.187523e-03 7.672860e-04 4.843701e+01 -2.185302e-03 9.999935e-01 -2.882973e-03 1.261618e+00 -7.735872e-04 2.881289e-03 9.999955e-01 -3.920184e+01
9.999929e-01 -3.052214e-05 -3.760785e-03 5.486618e+01 3.448337e-05 9.999994e-01 1.053250e-03 1.439839e+00 3.760751e-03 -1.053373e-03 9.999924e-01 -4.417297e+01
9.999968e-01 2.467267e-03 5.869393e-04 6.185144e+01 -2.465419e-03 9.999921e-01 -3.129376e-03 1.653437e+00 -5.946553e-04 3.127919e-03 9.999949e-01 -5.013845e+01
9.999937e-01 1.011531e-04 -3.554692e-03 6.864194e+01 -9.807496e-05 9.999996e-01 8.661167e-04 1.893006e+00 3.554778e-03 -8.657633e-04 9.999933e-01 -5.701181e+01
9.999965e-01 2.524158e-03 8.135527e-04 7.554069e+01 -2.521515e-03 9.999916e-01 -3.233646e-03 2.129778e+00 -8.217077e-04 3.231584e-03 9.999944e-01 -6.377030e+01
9.999961e-01 1.285970e-04 -2.794205e-03 8.185746e+01 -1.255535e-04 9.999994e-01 1.089383e-03 2.357691e+00 2.794343e-03 -1.089029e-03 9.999955e-01 -7.044491e+01
9.999967e-01 2.486424e-03 6.290290e-04 8.790299e+01 -2.484472e-03 9.999922e-01 -3.084200e-03 2.582224e+00 -6.366924e-04 3.082628e-03 9.999950e-01 -7.701833e+01
9.999959e-01 -4.821483e-05 -2.871260e-03 9.370881e+01 5.106368e-05 9.999995e-01 9.921497e-04 2.794161e+00 2.871211e-03 -9.922929e-04 9.999954e-01 -8.323392e+01
9.999964e-01 2.574497e-03 7.683393e-04 9.988114e+01 -2.572157e-03 9.999921e-01 -3.032008e-03 3.005355e+00 -7.761388e-04 3.030022e-03 9.999951e-01 -8.934866e+01
9.999971e-01 -1.049520e-04 -2.413365e-03 1.055264e+02 1.080875e-04 9.999992e-01 1.299124e-03 3.205608e+00 2.413226e-03 -1.299382e-03 9.999962e-01 -9.501248e+01
9.999971e-01 2.406494e-03 2.780348e-04 1.107890e+02 -2.405666e-03 9.999928e-01 -2.940131e-03 3.402799e+00 -2.851079e-04 2.939454e-03 9.999956e-01 -1.007022e+02
9.999982e-01 -1.041317e-05 -1.923439e-03 1.158742e+02 1.275527e-05 9.999993e-01 1.217688e-03 3.611853e+00 1.923425e-03 -1.217711e-03 9.999974e-01 -1.066707e+02
9.999980e-01 1.985772e-03 2.258911e-04 1.200418e+02 -1.985235e-03 9.999953e-01 -2.349914e-03 3.785102e+00 -2.305561e-04 2.349462e-03 9.999972e-01 -1.110742e+02
9.999994e-01 -4.469930e-04 -9.844199e-04 1.215790e+02 4.484664e-04 9.999988e-01 1.497042e-03 3.957143e+00 9.837492e-04 -1.497483e-03 9.999984e-01 -1.140322e+02
9.999961e-01 2.772108e-03 -2.584733e-04 1.261630e+02 -2.772856e-03 9.999918e-01 -2.940708e-03 4.164431e+00 2.503195e-04 2.941414e-03 9.999956e-01 -1.192564e+02
9.999953e-01 -1.705649e-03 -2.555911e-03 1.252034e+02 1.713347e-03 9.999940e-01 3.012634e-03 4.331241e+00 2.550757e-03 -3.016999e-03 9.999922e-01 -1.194813e+02
9.999950e-01 3.156161e-03 3.091490e-04 1.269462e+02 -3.155147e-03 9.999898e-01 -3.225618e-03 4.519750e+00 -3.193261e-04 3.224627e-03 9.999947e-01 -1.223151e+02
9.999968e-01 -4.942823e-04 -2.494027e-03 1.337214e+02 4.979177e-04 9.999988e-01 1.457269e-03 4.718028e+00 2.493304e-03 -1.458507e-03 9.999958e-01 -1.275036e+02
9.999947e-01 3.223937e-03 4.405353e-04 1.412381e+02 -3.222441e-03 9.999892e-01 -3.355723e-03 4.916055e+00 -4.513488e-04 3.354286e-03 9.999943e-01 -1.330117e+02
9.999980e-01 -6.454978e-04 -1.895549e-03 1.479627e+02 6.483279e-04 9.999987e-01 1.492848e-03 5.091110e+00 1.894583e-03 -1.494075e-03 9.999971e-01 -1.379742e+02
9.999951e-01 2.966981e-03 9.742494e-04 1.536911e+02 -2.964174e-03 9.999915e-01 -2.870604e-03 5.257532e+00 -9.827578e-04 2.867702e-03 9.999954e-01 -1.425688e+02
9.999993e-01 -9.205364e-04 -7.442673e-04 1.578332e+02 9.218312e-04 9.999981e-01 1.741328e-03 5.399340e+00 7.426626e-04 -1.742013e-03 9.999982e-01 -1.460265e+02
9.999952e-01 2.620419e-03 1.626643e-03 1.599382e+02 -2.616582e-03 9.999938e-01 -2.356985e-03 5.562084e+00 -1.632809e-03 2.352718e-03 9.999959e-01 -1.490783e+02
9.999955e-01 -1.303286e-03 -2.690397e-03 1.621088e+02 1.309128e-03 9.999968e-01 2.170922e-03 5.602372e+00 2.687559e-03 -2.174435e-03 9.999940e-01 -1.469961e+02
9.999965e-01 2.406206e-03 1.105266e-03 1.638970e+02 -2.403752e-03 9.999947e-01 -2.216616e-03 5.607676e+00 -1.110594e-03 2.213952e-03 9.999969e-01 -1.442608e+02
9.999940e-01 -1.713678e-03 -2.999163e-03 1.634710e+02 1.720206e-03 9.999962e-01 2.175226e-03 5.673749e+00 2.995423e-03 -2.180373e-03 9.999931e-01 -1.413478e+02
9.999950e-01 2.161337e-03 2.289406e-03 1.575997e+02 -2.157268e-03 9.999961e-01 -1.778114e-03 5.961589e+00 -2.293240e-03 1.773167e-03 9.999958e-01 -1.413047e+02
9.999919e-01 -1.827008e-03 -3.574845e-03 1.537398e+02 1.834316e-03 9.999962e-01 2.042086e-03 6.142816e+00 3.571101e-03 -2.048628e-03 9.999915e-01 -1.412051e+02
9.999926e-01 2.079615e-03 3.232462e-03 1.521334e+02 -2.073719e-03 9.999962e-01 -1.826136e-03 6.206516e+00 -3.236247e-03 1.819420e-03 9.999931e-01 -1.424408e+02
9.999880e-01 -1.749521e-03 -4.575185e-03 1.517649e+02 1.757918e-03 9.999968e-01 1.831884e-03 6.223637e+00 4.571965e-03 -1.839906e-03 9.999879e-01 -1.415072e+02
9.999909e-01 2.291954e-03 3.607951e-03 1.528421e+02 -2.285234e-03 9.999956e-01 -1.865352e-03 6.156618e+00 -3.612210e-03 1.857090e-03 9.999918e-01 -1.392688e+02
9.999783e-01 -2.048771e-03 -6.265132e-03 1.537508e+02 2.060507e-03 9.999961e-01 1.867221e-03 6.147654e+00 6.261282e-03 -1.880090e-03 9.999786e-01 -1.394250e+02
9.999908e-01 2.053620e-03 3.768399e-03 1.537684e+02 -2.046996e-03 9.999964e-01 -1.760716e-03 6.136957e+00 -3.772001e-03 1.752987e-03 9.999913e-01 -1.393513e+02
9.999761e-01 -2.078203e-03 -6.588303e-03 1.536895e+02 2.090364e-03 9.999961e-01 1.839592e-03 6.128533e+00 6.584454e-03 -1.853321e-03 9.999766e-01 -1.390395e+02
9.999905e-01 2.271985e-03 3.708884e-03 1.538279e+02 -2.264988e-03 9.999956e-01 -1.889671e-03 6.101111e+00 -3.713160e-03 1.881254e-03 9.999913e-01 -1.380244e+02
9.999785e-01 -2.055622e-03 -6.229950e-03 1.540906e+02 2.067104e-03 9.999962e-01 1.837076e-03 6.065857e+00 6.226149e-03 -1.849915e-03 9.999789e-01 -1.369281e+02
9.999928e-01 2.022242e-03 3.197235e-03 1.538493e+02 -2.016334e-03 9.999963e-01 -1.849701e-03 6.063953e+00 -3.200963e-03 1.843241e-03 9.999932e-01 -1.361676e+02
9.999791e-01 -2.035581e-03 -6.142119e-03 1.534500e+02 2.047271e-03 9.999961e-01 1.897548e-03 6.071966e+00 6.138232e-03 -1.910084e-03 9.999793e-01 -1.356397e+02
9.999924e-01 2.036926e-03 3.336034e-03 1.531216e+02 -2.031063e-03 9.999964e-01 -1.759854e-03 6.078642e+00 -3.339606e-03 1.753066e-03 9.999929e-01 -1.355386e+02
9.999793e-01 -1.973643e-03 -6.116481e-03 1.528163e+02 1.984993e-03 9.999963e-01 1.850071e-03 6.087588e+00 6.112807e-03 -1.862175e-03 9.999796e-01 -1.355717e+02
9.999924e-01 2.038165e-03 3.337656e-03 1.526200e+02 -2.032185e-03 9.999963e-01 -1.793869e-03 6.092930e+00 -3.341299e-03 1.787074e-03 9.999928e-01 -1.354694e+02
9.999785e-01 -1.997130e-03 -6.252568e-03 1.527565e+02 2.008834e-03 9.999962e-01 1.866098e-03 6.088497e+00 6.248818e-03 -1.878619e-03 9.999787e-01 -1.353531e+02
9.999916e-01 2.073730e-03 3.523500e-03 1.531168e+02 -2.067412e-03 9.999963e-01 -1.795942e-03 6.076559e+00 -3.527211e-03 1.788643e-03 9.999922e-01 -1.352695e+02
9.999791e-01 -1.882097e-03 -6.183059e-03 1.537047e+02 1.893273e-03 9.999966e-01 1.802157e-03 6.056763e+00 6.179646e-03 -1.813826e-03 9.999793e-01 -1.349304e+02
9.999895e-01 2.124061e-03 4.055157e-03 1.544945e+02 -2.116932e-03 9.999962e-01 -1.761472e-03 6.024513e+00 -4.058883e-03 1.752870e-03 9.999902e-01 -1.344413e+02
9.999796e-01 -1.830886e-03 -6.115991e-03 1.554203e+02 1.842053e-03 9.999966e-01 1.820707e-03 5.988691e+00 6.112637e-03 -1.831936e-03 9.999796e-01 -1.339008e+02
9.999923e-01 1.930671e-03 3.423639e-03 1.559051e+02 -1.924507e-03 9.999965e-01 -1.802789e-03 5.973051e+00 -3.427108e-03 1.796187e-03 9.999925e-01 -1.338161e+02
9.999803e-01 -1.726086e-03 -6.038409e-03 1.567887e+02 1.736562e-03 9.999970e-01 1.730169e-03 5.969512e+00 6.035404e-03 -1.740622e-03 9.999803e-01 -1.341384e+02
9.999904e-01 2.086646e-03 3.841912e-03 1.579636e+02 -2.079956e-03 9.999963e-01 -1.744326e-03 5.952695e+00 -3.845537e-03 1.736320e-03 9.999911e-01 -1.341592e+02
9.999788e-01 -1.824873e-03 -6.249048e-03 1.588846e+02 1.835697e-03 9.999968e-01 1.726867e-03 5.936458e+00 6.245876e-03 -1.738303e-03 9.999790e-01 -1.341783e+02
9.999892e-01 1.977448e-03 4.194510e-03 1.590356e+02 -1.969820e-03 9.999964e-01 -1.821930e-03 5.936789e+00 -4.198097e-03 1.813649e-03 9.999895e-01 -1.349255e+02
9.999781e-01 -1.873283e-03 -6.353706e-03 1.592512e+02 1.884104e-03 9.999968e-01 1.697551e-03 5.931406e+00 6.350505e-03 -1.709486e-03 9.999784e-01 -1.354118e+02
9.999902e-01 2.015704e-03 3.933583e-03 1.596175e+02 -2.008618e-03 9.999964e-01 -1.804300e-03 5.929250e+00 -3.937205e-03 1.796382e-03 9.999906e-01 -1.359262e+02
9.999787e-01 -1.888104e-03 -6.240913e-03 1.600397e+02 1.898924e-03 9.999967e-01 1.728281e-03 5.923260e+00 6.237629e-03 -1.740096e-03 9.999790e-01 -1.363067e+02
9.999909e-01 2.008756e-03 3.768577e-03 1.605477e+02 -2.002136e-03 9.999964e-01 -1.759463e-03 5.906416e+00 -3.772098e-03 1.751903e-03 9.999914e-01 -1.363091e+02
9.999799e-01 -1.877320e-03 -6.052544e-03 1.607699e+02 1.887472e-03 9.999968e-01 1.672036e-03 5.906075e+00 6.049385e-03 -1.683427e-03 9.999803e-01 -1.369416e+02
9.999891e-01 2.099116e-03 4.176877e-03 1.608239e+02 -2.091507e-03 9.999961e-01 -1.825309e-03 5.912932e+00 -4.180692e-03 1.816554e-03 9.999896e-01 -1.379612e+02
9.999777e-01 -1.922975e-03 -6.398882e-03 1.609945e+02 1.933990e-03 9.999967e-01 1.715672e-03 5.917006e+00 6.395562e-03 -1.728010e-03 9.999781e-01 -1.387740e+02
9.999902e-01 2.067899e-03 3.925748e-03 1.612610e+02 -2.060958e-03 9.999963e-01 -1.771302e-03 5.916472e+00 -3.929396e-03 1.763195e-03 9.999907e-01 -1.393002e+02
9.999762e-01 -1.894605e-03 -6.637881e-03 1.616887e+02 1.906609e-03 9.999966e-01 1.802573e-03 5.908944e+00 6.634443e-03 -1.815186e-03 9.999763e-01 -1.394474e+02
9.999892e-01 2.026947e-03 4.170536e-03 1.618620e+02 -2.019651e-03 9.999964e-01 -1.752823e-03 5.904355e+00 -4.174074e-03 1.744382e-03 9.999898e-01 -1.396797e+02
9.999736e-01 -2.001292e-03 -6.981929e-03 1.616950e+02 2.014004e-03 9.999963e-01 1.814087e-03 5.903735e+00 6.978272e-03 -1.828102e-03 9.999740e-01 -1.395208e+02
9.999902e-01 2.063763e-03 3.915409e-03 1.617421e+02 -2.056859e-03 9.999963e-01 -1.766555e-03 5.893029e+00 -3.919040e-03 1.758485e-03 9.999908e-01 -1.392194e+02
9.999736e-01 -1.988127e-03 -6.987824e-03 1.612566e+02 2.001145e-03 9.999963e-01 1.856470e-03 5.904896e+00 6.984107e-03 -1.870405e-03 9.999739e-01 -1.390205e+02
9.999909e-01 2.165738e-03 3.681070e-03 1.613826e+02 -2.158716e-03 9.999958e-01 -1.910672e-03 5.895827e+00 -3.685192e-03 1.902709e-03 9.999914e-01 -1.382933e+02
9.999716e-01 -2.141018e-03 -7.227988e-03 1.610903e+02 2.154869e-03 9.999959e-01 1.909176e-03 5.905126e+00 7.223870e-03 -1.924698e-03 9.999721e-01 -1.375624e+02
9.999885e-01 2.198903e-03 4.268263e-03 1.611375e+02 -2.191070e-03 9.999959e-01 -1.839007e-03 5.898384e+00 -4.272289e-03 1.829635e-03 9.999892e-01 -1.374049e+02
9.999698e-01 -2.027287e-03 -7.508016e-03 1.614237e+02 2.041243e-03 9.999962e-01 1.851603e-03 5.884523e+00 7.504234e-03 -1.866873e-03 9.999701e-01 -1.369444e+02
9.999882e-01 2.191049e-03 4.339814e-03 1.618990e+02 -2.183371e-03 9.999960e-01 -1.773261e-03 5.871487e+00 -4.343682e-03 1.763765e-03 9.999890e-01 -1.366475e+02
9.999713e-01 -2.003956e-03 -7.305218e-03 1.626182e+02 2.016958e-03 9.999964e-01 1.772985e-03 5.864854e+00 7.301639e-03 -1.787669e-03 9.999717e-01 -1.367959e+02
9.999874e-01 2.312855e-03 4.444660e-03 1.635997e+02 -2.305312e-03 9.999959e-01 -1.701432e-03 5.854332e+00 -4.448577e-03 1.691165e-03 9.999887e-01 -1.368424e+02
9.999718e-01 -2.197335e-03 -7.180372e-03 1.641124e+02 2.210388e-03 9.999959e-01 1.810465e-03 5.832157e+00 7.176364e-03 -1.826287e-03 9.999726e-01 -1.365331e+02
9.999887e-01 2.319248e-03 4.160353e-03 1.644077e+02 -2.312057e-03 9.999958e-01 -1.732448e-03 5.813479e+00 -4.164354e-03 1.722811e-03 9.999898e-01 -1.361704e+02
9.999698e-01 -2.185957e-03 -7.458733e-03 1.648746e+02 2.199695e-03 9.999959e-01 1.834115e-03 5.803586e+00 7.454693e-03 -1.850467e-03 9.999705e-01 -1.360328e+02
9.999882e-01 2.257481e-03 4.291481e-03 1.651456e+02 -2.250119e-03 9.999960e-01 -1.719440e-03 5.798133e+00 -4.295345e-03 1.709765e-03 9.999893e-01 -1.358507e+02
9.999704e-01 -2.171353e-03 -7.387574e-03 1.655402e+02 2.184679e-03 9.999960e-01 1.796278e-03 5.786648e+00 7.383644e-03 -1.812365e-03 9.999711e-01 -1.357399e+02
9.999907e-01 2.382825e-03 3.593642e-03 1.659611e+02 -2.376672e-03 9.999957e-01 -1.715399e-03 5.788359e+00 -3.597713e-03 1.706843e-03 9.999921e-01 -1.356463e+02
9.999773e-01 -2.025010e-03 -6.424621e-03 1.670398e+02 2.036921e-03 9.999962e-01 1.847900e-03 5.770880e+00 6.420855e-03 -1.860946e-03 9.999777e-01 -1.354529e+02
9.999872e-01 2.417355e-03 4.454987e-03 1.684450e+02 -2.409642e-03 9.999956e-01 -1.735832e-03 5.744621e+00 -4.459163e-03 1.725076e-03 9.999886e-01 -1.352127e+02
9.999724e-01 -2.251615e-03 -7.084117e-03 1.689935e+02 2.264310e-03 9.999958e-01 1.784528e-03 5.719656e+00 7.080069e-03 -1.800520e-03 9.999733e-01 -1.348291e+02
9.999899e-01 2.398078e-03 3.796587e-03 1.695384e+02 -2.391475e-03 9.999956e-01 -1.742812e-03 5.716216e+00 -3.800750e-03 1.733716e-03 9.999913e-01 -1.349370e+02
9.999747e-01 -2.139852e-03 -6.777674e-03 1.704425e+02 2.151970e-03 9.999961e-01 1.781120e-03 5.707896e+00 6.773836e-03 -1.795661e-03 9.999754e-01 -1.350040e+02
9.999891e-01 2.450176e-03 3.966780e-03 1.715294e+02 -2.443337e-03 9.999955e-01 -1.727975e-03 5.698376e+00 -3.970996e-03 1.718264e-03 9.999906e-01 -1.350638e+02
9.999708e-01 -2.217204e-03 -7.318176e-03 1.722081e+02 2.230170e-03 9.999960e-01 1.764037e-03 5.694421e+00 7.314235e-03 -1.780307e-03 9.999717e-01 -1.349643e+02
9.999905e-01 2.437281e-03 3.625125e-03 1.728089e+02 -2.430976e-03 9.999955e-01 -1.742593e-03 5.694148e+00 -3.629356e-03 1.733765e-03 9.999919e-01 -1.348600e+02
9.999707e-01 -2.243242e-03 -7.324044e-03 1.733328e+02 2.256690e-03 9.999958e-01 1.828456e-03 5.697203e+00 7.319911e-03 -1.844931e-03 9.999715e-01 -1.347253e+02
9.999898e-01 2.403787e-03 3.821453e-03 1.738533e+02 -2.397080e-03 9.999956e-01 -1.758692e-03 5.694424e+00 -3.825663e-03 1.749515e-03 9.999912e-01 -1.347127e+02
9.999749e-01 -2.173864e-03 -6.736323e-03 1.747418e+02 2.185931e-03 9.999960e-01 1.784563e-03 5.687798e+00 6.732416e-03 -1.799244e-03 9.999757e-01 -1.348607e+02
9.999895e-01 2.423897e-03 3.891640e-03 1.757067e+02 -2.416960e-03 9.999955e-01 -1.786170e-03 5.682719e+00 -3.895951e-03 1.776746e-03 9.999908e-01 -1.350554e+02
9.999730e-01 -2.231388e-03 -7.007904e-03 1.764198e+02 2.243598e-03 9.999960e-01 1.735097e-03 5.680536e+00 7.004004e-03 -1.750774e-03 9.999739e-01 -1.352064e+02
9.999916e-01 2.458360e-03 3.274622e-03 1.768179e+02 -2.452574e-03 9.999954e-01 -1.769726e-03 5.684956e+00 -3.278958e-03 1.761680e-03 9.999931e-01 -1.349456e+02
9.999747e-01 -2.311661e-03 -6.722518e-03 1.773073e+02 2.324139e-03 9.999956e-01 1.848992e-03 5.675611e+00 6.718214e-03 -1.864570e-03 9.999757e-01 -1.346567e+02
9.999883e-01 2.654469e-03 4.049178e-03 1.784817e+02 -2.647043e-03 9.999948e-01 -1.838292e-03 5.668789e+00 -4.054036e-03 1.827553e-03 9.999901e-01 -1.348200e+02
9.999715e-01 -2.375176e-03 -7.169430e-03 1.794968e+02 2.388323e-03 9.999955e-01 1.825694e-03 5.668411e+00 7.165061e-03 -1.842765e-03 9.999726e-01 -1.350721e+02
9.999881e-01 2.611487e-03 4.129182e-03 1.804273e+02 -2.603865e-03 9.999949e-01 -1.850074e-03 5.669541e+00 -4.133992e-03 1.839300e-03 9.999898e-01 -1.354185e+02
9.999712e-01 -2.349369e-03 -7.220395e-03 1.814833e+02 2.362128e-03 9.999957e-01 1.759175e-03 5.676222e+00 7.216231e-03 -1.776181e-03 9.999724e-01 -1.359161e+02
9.999869e-01 2.630616e-03 4.381825e-03 1.825008e+02 -2.622777e-03 9.999950e-01 -1.793593e-03 5.674421e+00 -4.386520e-03 1.782078e-03 9.999888e-01 -1.362203e+02
9.999712e-01 -2.360166e-03 -7.217618e-03 1.835070e+02 2.373133e-03 9.999956e-01 1.788643e-03 5.671112e+00 7.213365e-03 -1.805721e-03 9.999724e-01 -1.364940e+02
9.999874e-01 2.590608e-03 4.303197e-03 1.843877e+02 -2.582846e-03 9.999950e-01 -1.808386e-03 5.667940e+00 -4.307860e-03 1.797249e-03 9.999891e-01 -1.367607e+02
9.999727e-01 -2.300547e-03 -7.015350e-03 1.854454e+02 2.313229e-03 9.999957e-01 1.800189e-03 5.660576e+00 7.011178e-03 -1.816369e-03 9.999738e-01 -1.369283e+02
9.999883e-01 2.537058e-03 4.122897e-03 1.863693e+02 -2.529512e-03 9.999951e-01 -1.834275e-03 5.658864e+00 -4.127530e-03 1.823825e-03 9.999898e-01 -1.372377e+02
9.999728e-01 -2.296607e-03 -7.002158e-03 1.873043e+02 2.309292e-03 9.999957e-01 1.804127e-03 5.656640e+00 6.997985e-03 -1.820249e-03 9.999739e-01 -1.375381e+02
9.999880e-01 2.507521e-03 4.216765e-03 1.880622e+02 -2.499776e-03 9.999952e-01 -1.840921e-03 5.649139e+00 -4.221361e-03 1.830359e-03 9.999894e-01 -1.376546e+02
9.999729e-01 -2.269197e-03 -6.998363e-03 1.883415e+02 2.281415e-03 9.999959e-01 1.738343e-03 5.659757e+00 6.994390e-03 -1.754263e-03 9.999740e-01 -1.379397e+02
9.999892e-01 2.399646e-03 3.968721e-03 1.884965e+02 -2.392794e-03 9.999956e-01 -1.730284e-03 5.663029e+00 -3.972855e-03 1.720769e-03 9.999906e-01 -1.379748e+02
9.999712e-01 -2.335851e-03 -7.221569e-03 1.885165e+02 2.348725e-03 9.999957e-01 1.774767e-03 5.658801e+00 7.217392e-03 -1.791678e-03 9.999723e-01 -1.377144e+02
9.999874e-01 2.437018e-03 4.388185e-03 1.888163e+02 -2.429587e-03 9.999956e-01 -1.698043e-03 5.635514e+00 -4.392304e-03 1.687361e-03 9.999889e-01 -1.372884e+02
9.999683e-01 -2.396586e-03 -7.589695e-03 1.888710e+02 2.410009e-03 9.999955e-01 1.759980e-03 5.619607e+00 7.585443e-03 -1.778216e-03 9.999696e-01 -1.368616e+02
9.999868e-01 2.420451e-03 4.528858e-03 1.889249e+02 -2.412750e-03 9.999956e-01 -1.705034e-03 5.601865e+00 -4.532965e-03 1.694085e-03 9.999883e-01 -1.364391e+02
9.999674e-01 -2.424367e-03 -7.699870e-03 1.887891e+02 2.438007e-03 9.999955e-01 1.762474e-03 5.597195e+00 7.695562e-03 -1.781189e-03 9.999688e-01 -1.360877e+02
9.999868e-01 2.530623e-03 4.463540e-03 1.887319e+02 -2.522812e-03 9.999953e-01 -1.754747e-03 5.597065e+00 -4.467959e-03 1.743464e-03 9.999885e-01 -1.357629e+02
9.999686e-01 -2.337877e-03 -7.571317e-03 1.888866e+02 2.351065e-03 9.999957e-01 1.733504e-03 5.599340e+00 7.567232e-03 -1.751251e-03 9.999698e-01 -1.356370e+02
9.999873e-01 2.462217e-03 4.387373e-03 1.888629e+02 -2.454715e-03 9.999955e-01 -1.714563e-03 5.605419e+00 -4.391574e-03 1.703772e-03 9.999889e-01 -1.355019e+02
9.999667e-01 -2.435408e-03 -7.791088e-03 1.886176e+02 2.449186e-03 9.999955e-01 1.759454e-03 5.608515e+00 7.786768e-03 -1.778478e-03 9.999681e-01 -1.350658e+02
9.999867e-01 2.485274e-03 4.526523e-03 1.882735e+02 -2.477445e-03 9.999954e-01 -1.734212e-03 5.615726e+00 -4.530812e-03 1.722976e-03 9.999883e-01 -1.346029e+02
9.999676e-01 -2.426812e-03 -7.668836e-03 1.883400e+02 2.440550e-03 9.999954e-01 1.782570e-03 5.613870e+00 7.664475e-03 -1.801229e-03 9.999690e-01 -1.343934e+02
9.999845e-01 2.619753e-03 4.907785e-03 1.890861e+02 -2.611213e-03 9.999951e-01 -1.745793e-03 5.603393e+00 -4.912334e-03 1.732951e-03 9.999864e-01 -1.344786e+02
9.999642e-01 -2.566028e-03 -8.058481e-03 1.892908e+02 2.580772e-03 9.999950e-01 1.819775e-03 5.603934e+00 8.053771e-03 -1.840507e-03 9.999659e-01 -1.344325e+02
9.999844e-01 2.675471e-03 4.912476e-03 1.892264e+02 -2.666723e-03 9.999948e-01 -1.786252e-03 5.616752e+00 -4.917229e-03 1.773124e-03 9.999863e-01 -1.345872e+02
9.999655e-01 -2.426682e-03 -7.948898e-03 1.901645e+02 2.440608e-03 9.999955e-01 1.742807e-03 5.618578e+00 7.944633e-03 -1.762148e-03 9.999669e-01 -1.349633e+02
9.999845e-01 2.745217e-03 4.838682e-03 1.913254e+02 -2.736340e-03 9.999946e-01 -1.840303e-03 5.629143e+00 -4.843707e-03 1.827035e-03 9.999866e-01 -1.355560e+02
9.999663e-01 -2.401654e-03 -7.851904e-03 1.924530e+02 2.414915e-03 9.999957e-01 1.679820e-03 5.639342e+00 7.847836e-03 -1.698726e-03 9.999678e-01 -1.361519e+02
9.999853e-01 2.513908e-03 4.798485e-03 1.925860e+02 -2.506203e-03 9.999956e-01 -1.610818e-03 5.648420e+00 -4.802513e-03 1.598769e-03 9.999872e-01 -1.363546e+02
9.999695e-01 -2.326910e-03 -7.449847e-03 1.929060e+02 2.338867e-03 9.999960e-01 1.596688e-03 5.653994e+00 7.446102e-03 -1.614065e-03 9.999710e-01 -1.370466e+02
9.999844e-01 2.526281e-03 4.981364e-03 1.935706e+02 -2.517767e-03 9.999954e-01 -1.714645e-03 5.656574e+00 -4.985672e-03 1.702077e-03 9.999861e-01 -1.376096e+02
9.999639e-01 -2.358597e-03 -8.160171e-03 1.942827e+02 2.372571e-03 9.999957e-01 1.703183e-03 5.657765e+00 8.156119e-03 -1.722482e-03 9.999653e-01 -1.379291e+02
9.999842e-01 2.565308e-03 5.002668e-03 1.950044e+02 -2.556855e-03 9.999953e-01 -1.695469e-03 5.657532e+00 -5.006993e-03 1.682652e-03 9.999860e-01 -1.382395e+02
9.999728e-01 -2.111259e-03 -7.063006e-03 1.958687e+02 2.120032e-03 9.999970e-01 1.234762e-03 5.701011e+00 7.060377e-03 -1.249703e-03 9.999743e-01 -1.403575e+02
9.999801e-01 2.686074e-03 5.716859e-03 1.966098e+02 -2.675052e-03 9.999946e-01 -1.934783e-03 5.742547e+00 -5.722025e-03 1.919452e-03 9.999818e-01 -1.424168e+02
9.999624e-01 -2.477000e-03 -8.307575e-03 1.974029e+02 2.492428e-03 9.999952e-01 1.847232e-03 5.742357e+00 8.302959e-03 -1.867869e-03 9.999638e-01 -1.428572e+02
9.999798e-01 2.587104e-03 5.802340e-03 1.975905e+02 -2.576690e-03 9.999951e-01 -1.801565e-03 5.737826e+00 -5.806972e-03 1.786578e-03 9.999815e-01 -1.431183e+02
9.999594e-01 -2.573591e-03 -8.633557e-03 1.975395e+02 2.590063e-03 9.999948e-01 1.897287e-03 5.735846e+00 8.628629e-03 -1.919572e-03 9.999609e-01 -1.429656e+02
9.999781e-01 2.704973e-03 6.033792e-03 1.979468e+02 -2.694001e-03 9.999947e-01 -1.825758e-03 5.711759e+00 -6.038698e-03 1.809463e-03 9.999801e-01 -1.424980e+02
9.999588e-01 -2.547095e-03 -8.713939e-03 1.986001e+02 2.563479e-03 9.999950e-01 1.869558e-03 5.695799e+00 8.709133e-03 -1.891820e-03 9.999603e-01 -1.424558e+02
9.999774e-01 2.752529e-03 6.129076e-03 1.993174e+02 -2.741582e-03 9.999946e-01 -1.793721e-03 5.679731e+00 -6.133980e-03 1.776878e-03 9.999796e-01 -1.424334e+02
9.999595e-01 -2.560432e-03 -8.624855e-03 1.998273e+02 2.576683e-03 9.999949e-01 1.873595e-03 5.648035e+00 8.620013e-03 -1.895743e-03 9.999611e-01 -1.418508e+02
9.999814e-01 2.722971e-03 5.463989e-03 2.000603e+02 -2.713357e-03 9.999948e-01 -1.766175e-03 5.632815e+00 -5.468770e-03 1.751317e-03 9.999835e-01 -1.412044e+02
9.999655e-01 -2.396370e-03 -7.956757e-03 2.008312e+02 2.411301e-03 9.999953e-01 1.867493e-03 5.604860e+00 7.952244e-03 -1.886616e-03 9.999666e-01 -1.405920e+02
9.999893e-01 3.051167e-03 3.488049e-03 2.010279e+02 -3.044556e-03 9.999936e-01 -1.898992e-03 5.602448e+00 -3.493820e-03 1.888353e-03 9.999921e-01 -1.387789e+02
9.999610e-01 -2.294112e-03 -8.524512e-03 2.012799e+02 2.310637e-03 9.999955e-01 1.929230e-03 5.606469e+00 8.520047e-03 -1.948852e-03 9.999618e-01 -1.368001e+02
9.999801e-01 2.998941e-03 5.554585e-03 2.026053e+02 -2.989107e-03 9.999940e-01 -1.777844e-03 5.574990e+00 -5.559883e-03 1.761206e-03 9.999830e-01 -1.357578e+02
9.999546e-01 -2.388369e-03 -9.227147e-03 2.034082e+02 2.405032e-03 9.999955e-01 1.795294e-03 5.553418e+00 9.222817e-03 -1.817404e-03 9.999558e-01 -1.345811e+02
9.999870e-01 2.865688e-03 4.226387e-03 2.032036e+02 -2.857980e-03 9.999942e-01 -1.828693e-03 5.564605e+00 -4.231603e-03 1.816591e-03 9.999894e-01 -1.328852e+02
9.999567e-01 -2.490108e-03 -8.966786e-03 2.030194e+02 2.506245e-03 9.999953e-01 1.788886e-03 5.571289e+00 8.962289e-03 -1.811282e-03 9.999582e-01 -1.313563e+02
9.999828e-01 2.898148e-03 5.102343e-03 2.031003e+02 -2.888848e-03 9.999942e-01 -1.829210e-03 5.556389e+00 -5.107614e-03 1.814439e-03 9.999853e-01 -1.297387e+02
9.999436e-01 -2.492839e-03 -1.032548e-02 2.026171e+02 2.510020e-03 9.999955e-01 1.651310e-03 5.584008e+00 1.032131e-02 -1.677135e-03 9.999453e-01 -1.278589e+02
9.999840e-01 2.813019e-03 4.905499e-03 2.021672e+02 -2.804800e-03 9.999947e-01 -1.681558e-03 5.616375e+00 -4.910202e-03 1.667773e-03 9.999866e-01 -1.262739e+02
9.999760e-01 -2.336663e-03 -6.514849e-03 2.033476e+02 2.348384e-03 9.999956e-01 1.791962e-03 5.569217e+00 6.510633e-03 -1.807219e-03 9.999772e-01 -1.253884e+02
9.999928e-01 2.730729e-03 2.646007e-03 2.035091e+02 -2.726090e-03 9.999947e-01 -1.755193e-03 5.554035e+00 -2.650785e-03 1.747968e-03 9.999950e-01 -1.241668e+02
9.999715e-01 -2.226779e-03 -7.220447e-03 2.035572e+02 2.239418e-03 9.999960e-01 1.742808e-03 5.550696e+00 7.216537e-03 -1.758928e-03 9.999724e-01 -1.225769e+02
9.999827e-01 2.841988e-03 5.145970e-03 2.049349e+02 -2.834136e-03 9.999948e-01 -1.532462e-03 5.508775e+00 -5.150299e-03 1.517852e-03 9.999856e-01 -1.217313e+02
9.999803e-01 -2.002034e-03 -5.946276e-03 2.073050e+02 2.012243e-03 9.999965e-01 1.711415e-03 5.463104e+00 5.942829e-03 -1.723347e-03 9.999809e-01 -1.210822e+02
9.999931e-01 2.516455e-03 2.733269e-03 2.077838e+02 -2.511802e-03 9.999954e-01 -1.704282e-03 5.429348e+00 -2.737545e-03 1.697406e-03 9.999948e-01 -1.195017e+02
9.999673e-01 -2.289851e-03 -7.752206e-03 2.072786e+02 2.302467e-03 9.999960e-01 1.618944e-03 5.463075e+00 7.748468e-03 -1.636741e-03 9.999686e-01 -1.180142e+02
9.999883e-01 2.751000e-03 3.984635e-03 2.074994e+02 -2.744563e-03 9.999949e-01 -1.620014e-03 5.450655e+00 -3.989071e-03 1.609060e-03 9.999907e-01 -1.165656e+02
9.999676e-01 -2.214848e-03 -7.739793e-03 2.078752e+02 2.227654e-03 9.999962e-01 1.646302e-03 5.428678e+00 7.736117e-03 -1.663491e-03 9.999687e-01 -1.150185e+02
9.999887e-01 2.703614e-03 3.910314e-03 2.081048e+02 -2.697227e-03 9.999950e-01 -1.637656e-03 5.412112e+00 -3.914722e-03 1.627091e-03 9.999910e-01 -1.134534e+02
9.999627e-01 -1.961412e-03 -8.416288e-03 2.084134e+02 1.974929e-03 9.999968e-01 1.598047e-03 5.404965e+00 8.413127e-03 -1.614609e-03 9.999633e-01 -1.116055e+02
9.999926e-01 2.620929e-03 2.818922e-03 2.082167e+02 -2.616309e-03 9.999952e-01 -1.641384e-03 5.424153e+00 -2.823210e-03 1.633998e-03 9.999947e-01 -1.094628e+02
9.999647e-01 -2.282747e-03 -8.086667e-03 2.078029e+02 2.295684e-03 9.999961e-01 1.590882e-03 5.456664e+00 8.083003e-03 -1.609391e-03 9.999660e-01 -1.077659e+02
9.999877e-01 2.884824e-03 4.029058e-03 2.081128e+02 -2.878326e-03 9.999945e-01 -1.617466e-03 5.448269e+00 -4.033702e-03 1.605850e-03 9.999906e-01 -1.059424e+02
9.999935e-01 -1.635576e-03 -3.218197e-03 2.113303e+02 1.641198e-03 9.999971e-01 1.745081e-03 5.360339e+00 3.215333e-03 -1.750352e-03 9.999933e-01 -1.042299e+02
9.999946e-01 1.971846e-03 -2.624458e-03 2.103355e+02 -1.977060e-03 9.999961e-01 -1.985852e-03 5.419394e+00 2.620532e-03 1.991031e-03 9.999946e-01 -1.018958e+02
9.999983e-01 -1.780090e-03 -5.291907e-04 2.099083e+02 1.781197e-03 9.999962e-01 2.099853e-03 5.430555e+00 5.254505e-04 -2.100792e-03 9.999977e-01 -1.020681e+02
9.999963e-01 2.335882e-03 -1.400721e-03 2.110161e+02 -2.339990e-03 9.999929e-01 -2.938393e-03 5.473525e+00 1.393848e-03 2.941660e-03 9.999947e-01 -1.039323e+02
9.999979e-01 -1.790425e-03 -9.644455e-04 2.129225e+02 1.793195e-03 9.999942e-01 2.879057e-03 5.476074e+00 9.592850e-04 -2.880781e-03 9.999954e-01 -1.044362e+02
9.999957e-01 2.853778e-03 -6.892135e-04 2.160176e+02 -2.856104e-03 9.999901e-01 -3.397934e-03 5.495828e+00 6.795100e-04 3.399889e-03 9.999940e-01 -1.053588e+02
9.999987e-01 -1.607568e-03 5.985357e-05 2.191614e+02 1.607358e-03 9.999931e-01 3.355284e-03 5.449329e+00 -6.524726e-05 -3.355184e-03 9.999944e-01 -1.046125e+02
9.999926e-01 3.544146e-03 1.491053e-03 2.238877e+02 -3.539311e-03 9.999885e-01 -3.232799e-03 5.358958e+00 -1.502494e-03 3.227499e-03 9.999937e-01 -1.027965e+02
9.999959e-01 -2.304356e-03 -1.675262e-03 2.275283e+02 2.310267e-03 9.999911e-01 3.535187e-03 5.306749e+00 1.667100e-03 -3.539044e-03 9.999923e-01 -1.019474e+02
9.999941e-01 2.752045e-03 -2.031823e-03 2.283139e+02 -2.759105e-03 9.999901e-01 -3.480180e-03 5.298993e+00 2.022225e-03 3.485766e-03 9.999919e-01 -1.014438e+02
9.999720e-01 -2.082295e-03 -7.192962e-03 2.266677e+02 2.104745e-03 9.999929e-01 3.114957e-03 5.425080e+00 7.186425e-03 -3.130010e-03 9.999693e-01 -9.906921e+01
9.999959e-01 2.489533e-03 -1.410994e-03 2.245938e+02 -2.494395e-03 9.999909e-01 -3.454656e-03 5.579745e+00 1.402381e-03 3.458162e-03 9.999930e-01 -9.692161e+01
9.999864e-01 -2.189938e-03 -4.739736e-03 2.236938e+02 2.205671e-03 9.999921e-01 3.316766e-03 5.650189e+00 4.732434e-03 -3.327176e-03 9.999833e-01 -9.567344e+01
9.999971e-01 2.353104e-03 -4.156207e-04 2.225623e+02 -2.354487e-03 9.999916e-01 -3.360990e-03 5.721279e+00 4.077087e-04 3.361960e-03 9.999943e-01 -9.476670e+01
9.999779e-01 -2.012761e-03 -6.328916e-03 2.214533e+02 2.032784e-03 9.999929e-01 3.158978e-03 5.801201e+00 6.322513e-03 -3.171775e-03 9.999750e-01 -9.332667e+01
9.999890e-01 2.719045e-03 -3.833407e-03 2.192407e+02 -2.732520e-03 9.999901e-01 -3.514486e-03 5.975516e+00 3.823814e-03 3.524923e-03 9.999865e-01 -9.059186e+01
9.999657e-01 -1.823640e-03 -8.077492e-03 2.159940e+02 1.846743e-03 9.999942e-01 2.853639e-03 6.225163e+00 8.072241e-03 -2.868459e-03 9.999633e-01 -8.723435e+01
9.999958e-01 2.454991e-03 -1.540835e-03 2.143438e+02 -2.459884e-03 9.999919e-01 -3.182028e-03 6.386487e+00 1.533011e-03 3.185806e-03 9.999938e-01 -8.490421e+01
9.999834e-01 -1.797743e-03 -5.469224e-03 2.144911e+02 1.813648e-03 9.999941e-01 2.904510e-03 6.482561e+00 5.463970e-03 -2.914382e-03 9.999808e-01 -8.411437e+01
9.999924e-01 2.639944e-03 -2.863406e-03 2.145413e+02 -2.649710e-03 9.999907e-01 -3.412042e-03 6.635297e+00 2.854372e-03 3.419604e-03 9.999901e-01 -8.319355e+01
9.999790e-01 -1.953182e-03 -6.184374e-03 2.135252e+02 1.972238e-03 9.999933e-01 3.076822e-03 6.789910e+00 6.178322e-03 -3.088955e-03 9.999761e-01 -8.134297e+01
9.999920e-01 2.505192e-03 -3.129716e-03 2.116064e+02 -2.515733e-03 9.999912e-01 -3.368789e-03 6.941230e+00 3.121249e-03 3.376636e-03 9.999894e-01 -7.895703e+01
9.999888e-01 -2.178449e-03 -4.190803e-03 2.103080e+02 2.191696e-03 9.999926e-01 3.159033e-03 7.034976e+00 4.183890e-03 -3.168183e-03 9.999862e-01 -7.716507e+01
9.999967e-01 2.506677e-03 -5.856487e-04 2.102502e+02 -2.508517e-03 9.999919e-01 -3.162932e-03 7.055970e+00 5.777157e-04 3.164391e-03 9.999948e-01 -7.609202e+01
9.999922e-01 -2.179088e-03 -3.300054e-03 2.107404e+02 2.189433e-03 9.999927e-01 3.134652e-03 7.061565e+00 3.293199e-03 -3.141853e-03 9.999896e-01 -7.547567e+01
9.999944e-01 2.771289e-03 -1.871210e-03 2.114345e+02 -2.777485e-03 9.999906e-01 -3.317066e-03 7.101444e+00 1.862000e-03 3.322245e-03 9.999927e-01 -7.490328e+01
9.999951e-01 -2.273858e-03 -2.164239e-03 2.123537e+02 2.281079e-03 9.999918e-01 3.340309e-03 7.105408e+00 2.156626e-03 -3.345230e-03 9.999921e-01 -7.424523e+01
9.999961e-01 2.612733e-03 -1.012407e-03 2.127342e+02 -2.616029e-03 9.999912e-01 -3.268160e-03 7.078094e+00 1.003859e-03 3.270796e-03 9.999941e-01 -7.319855e+01
9.999937e-01 -2.298448e-03 -2.688585e-03 2.130688e+02 2.307425e-03 9.999918e-01 3.340877e-03 7.062005e+00 2.680884e-03 -3.347061e-03 9.999908e-01 -7.231969e+01
9.999954e-01 2.605891e-03 -1.583986e-03 2.129122e+02 -2.611074e-03 9.999912e-01 -3.279096e-03 7.074926e+00 1.575428e-03 3.283217e-03 9.999934e-01 -7.117883e+01
9.999932e-01 -2.312657e-03 -2.872920e-03 2.111103e+02 2.321893e-03 9.999921e-01 3.215608e-03 7.173380e+00 2.865461e-03 -3.222257e-03 9.999907e-01 -6.964254e+01
9.999960e-01 2.486731e-03 -1.381452e-03 2.100316e+02 -2.491431e-03 9.999911e-01 -3.411397e-03 7.238383e+00 1.372957e-03 3.414826e-03 9.999932e-01 -6.779046e+01
9.999992e-01 -1.246590e-03 -4.340847e-05 2.139181e+02 1.246731e-03 9.999934e-01 3.418097e-03 7.246120e+00 3.914700e-05 -3.418149e-03 9.999942e-01 -6.834493e+01
9.999963e-01 2.572879e-03 -9.095557e-04 2.179235e+02 -2.576029e-03 9.999906e-01 -3.480197e-03 7.246064e+00 9.005933e-04 3.482528e-03 9.999935e-01 -6.881979e+01
9.999977e-01 -1.902995e-03 -9.604287e-04 2.201682e+02 1.906406e-03 9.999918e-01 3.563112e-03 7.228564e+00 9.536400e-04 -3.564936e-03 9.999932e-01 -6.870481e+01
9.999960e-01 2.385862e-03 -1.495957e-03 2.217561e+02 -2.391248e-03 9.999906e-01 -3.609112e-03 7.227956e+00 1.487333e-03 3.612675e-03 9.999924e-01 -6.902551e+01
9.999972e-01 -2.213115e-03 -8.776319e-04 2.225141e+02 2.216368e-03 9.999906e-01 3.722474e-03 7.203765e+00 8.693851e-04 -3.724409e-03 9.999927e-01 -6.882134e+01
9.999957e-01 2.318935e-03 -1.806232e-03 2.229091e+02 -2.325434e-03 9.999908e-01 -3.604519e-03 7.177526e+00 1.797857e-03 3.608704e-03 9.999919e-01 -6.843839e+01
9.999973e-01 -2.169380e-03 -7.775632e-04 2.233562e+02 2.172248e-03 9.999908e-01 3.706673e-03 7.147572e+00 7.695146e-04 -3.708353e-03 9.999928e-01 -6.789890e+01
9.999958e-01 2.612706e-03 -1.291147e-03 2.246637e+02 -2.617413e-03 9.999899e-01 -3.658088e-03 7.115463e+00 1.281577e-03 3.661453e-03 9.999925e-01 -6.734169e+01
9.999877e-01 -2.166171e-03 -4.458610e-03 2.240359e+02 2.181774e-03 9.999915e-01 3.497842e-03 7.151290e+00 4.450995e-03 -3.507528e-03 9.999839e-01 -6.555999e+01
9.999951e-01 2.589137e-03 -1.736461e-03 2.235201e+02 -2.595280e-03 9.999903e-01 -3.544890e-03 7.191240e+00 1.727266e-03 3.549380e-03 9.999922e-01 -6.371950e+01
9.999976e-01 -2.109077e-03 -5.855046e-04 2.251641e+02 2.111192e-03 9.999912e-01 3.636912e-03 7.177236e+00 5.778287e-04 -3.638140e-03 9.999932e-01 -6.369979e+01
9.999950e-01 2.483027e-03 -1.936968e-03 2.263809e+02 -2.489856e-03 9.999907e-01 -3.531652e-03 7.159987e+00 1.928181e-03 3.536458e-03 9.999919e-01 -6.354250e+01
9.999975e-01 -2.167763e-03 -4.923863e-04 2.272729e+02 2.169542e-03 9.999910e-01 3.641768e-03 7.132069e+00 4.844872e-04 -3.642827e-03 9.999932e-01 -6.310062e+01
9.999954e-01 2.508603e-03 -1.720812e-03 2.282614e+02 -2.514689e-03 9.999906e-01 -3.544000e-03 7.100558e+00 1.711905e-03 3.548311e-03 9.999922e-01 -6.255770e+01
9.999970e-01 -2.244695e-03 -1.027128e-03 2.286725e+02 2.248339e-03 9.999911e-01 3.560368e-03 7.069304e+00 1.019127e-03 -3.562667e-03 9.999931e-01 -6.167376e+01
9.999945e-01 2.654143e-03 -1.987677e-03 2.292139e+02 -2.661056e-03 9.999904e-01 -3.483727e-03 7.039575e+00 1.978412e-03 3.488997e-03 9.999920e-01 -6.061084e+01
9.999972e-01 -2.299108e-03 -4.951978e-04 2.300412e+02 2.300877e-03 9.999909e-01 3.603216e-03 7.005946e+00 4.869089e-04 -3.604346e-03 9.999934e-01 -5.989970e+01
9.999918e-01 2.717857e-03 -3.002854e-03 2.306591e+02 -2.728438e-03 9.999901e-01 -3.525507e-03 6.989765e+00 2.993243e-03 3.533672e-03 9.999893e-01 -5.911329e+01
9.999971e-01 -2.380730e-03 -1.964969e-04 2.311511e+02 2.381422e-03 9.999907e-01 3.600929e-03 6.967433e+00 1.879220e-04 -3.601387e-03 9.999935e-01 -5.823448e+01
9.999895e-01 2.655335e-03 -3.730472e-03 2.311887e+02 -2.668553e-03 9.999902e-01 -3.543002e-03 6.965794e+00 3.721027e-03 3.552921e-03 9.999868e-01 -5.722273e+01
9.999972e-01 -2.360712e-03 3.450078e-04 2.315282e+02 2.359450e-03 9.999907e-01 3.612421e-03 6.947815e+00 -3.535326e-04 -3.611597e-03 9.999934e-01 -5.630719e+01
9.999893e-01 2.440380e-03 -3.937605e-03 2.315544e+02 -2.454198e-03 9.999908e-01 -3.508325e-03 6.944648e+00 3.929007e-03 3.517951e-03 9.999861e-01 -5.572945e+01
9.999975e-01 -2.215185e-03 3.704597e-04 2.326105e+02 2.213883e-03 9.999915e-01 3.478464e-03 6.964371e+00 -3.781622e-04 -3.477636e-03 9.999939e-01 -5.647925e+01
9.999922e-01 2.461951e-03 -3.075231e-03 2.335401e+02 -2.472665e-03 9.999909e-01 -3.485040e-03 6.959909e+00 3.066623e-03 3.492617e-03 9.999892e-01 -5.675139e+01
9.999973e-01 -2.270913e-03 5.005913e-04 2.343363e+02 2.269105e-03 9.999910e-01 3.582477e-03 6.942531e+00 -5.087225e-04 -3.581332e-03 9.999935e-01 -5.666386e+01
9.999911e-01 2.529438e-03 -3.368035e-03 2.349755e+02 -2.541144e-03 9.999907e-01 -3.476136e-03 6.918218e+00 3.359211e-03 3.484664e-03 9.999883e-01 -5.613284e+01
9.999972e-01 -2.270202e-03 -6.276248e-04 2.349774e+02 2.272384e-03 9.999913e-01 3.498174e-03 6.918120e+00 6.196776e-04 -3.499591e-03 9.999937e-01 -5.511003e+01
9.999863e-01 2.514625e-03 -4.599507e-03 2.344484e+02 -2.530973e-03 9.999905e-01 -3.552112e-03 6.949058e+00 4.590531e-03 3.563705e-03 9.999831e-01 -5.376517e+01
9.999971e-01 -2.306238e-03 -7.181959e-04 2.338545e+02 2.308704e-03 9.999914e-01 3.452382e-03 6.983955e+00 7.102275e-04 -3.454031e-03 9.999938e-01 -5.239227e+01
9.999886e-01 2.616054e-03 -3.996620e-03 2.335724e+02 -2.630171e-03 9.999903e-01 -3.531143e-03 6.992993e+00 3.987343e-03 3.541615e-03 9.999858e-01 -5.090901e+01
9.999976e-01 -2.187905e-03 1.771582e-05 2.337603e+02 2.187828e-03 9.999914e-01 3.533095e-03 6.973843e+00 -2.544593e-05 -3.533049e-03 9.999938e-01 -4.941624e+01
9.999926e-01 2.575684e-03 -2.854490e-03 2.345129e+02 -2.585341e-03 9.999909e-01 -3.384816e-03 6.942859e+00 2.845746e-03 3.392172e-03 9.999902e-01 -4.863310e+01
9.999976e-01 -1.610909e-03 -1.480146e-03 2.380229e+02 1.615010e-03 9.999948e-01 2.774148e-03 7.057583e+00 1.475670e-03 -2.776532e-03 9.999951e-01 -5.189506e+01
9.999923e-01 3.839406e-03 -7.925039e-04 2.433731e+02 -3.843074e-03 9.999817e-01 -4.680228e-03 7.272181e+00 7.745202e-04 4.683238e-03 9.999887e-01 -5.841470e+01
9.999940e-01 -2.062428e-03 -2.800303e-03 2.484663e+02 2.070967e-03 9.999932e-01 3.049868e-03 7.440461e+00 2.793994e-03 -3.055650e-03 9.999914e-01 -6.300596e+01
