9.999956e-01 6.650320e-05 -2.972236e-03 -7.578598e-02 -6.602674e-05 1.000000e+00 1.604087e-04 -2.904070e-03 2.972246e-03 -1.602124e-04 9.999956e-01 2.246046e-01
1.000000e+00 -3.810567e-05 -6.029447e-05 -8.964651e-02 3.811069e-05 1.000000e+00 8.280809e-05 -6.508971e-03 6.029165e-05 -8.280968e-05 1.000000e+00 2.729498e-01
9.999949e-01 1.300410e-04 -3.200639e-03 -1.962263e-01 -1.296209e-04 1.000000e+00 1.314793e-04 -2.520534e-03 3.200655e-03 -1.310645e-04 9.999949e-01 4.200669e-01
9.999964e-01 5.703886e-04 2.637265e-03 2.042143e-01 -5.688102e-04 9.999997e-01 -5.991998e-04 -5.443554e-02 -2.637606e-03 5.976982e-04 9.999963e-01 3.328796e+00
9.999876e-01 -4.594779e-05 -4.983546e-03 -1.883471e-01 4.726358e-05 1.000000e+00 2.639138e-04 -5.553830e-02 4.983533e-03 -2.641467e-04 9.999875e-01 5.477524e+00
9.999991e-01 5.942425e-04 1.195506e-03 -1.287653e+00 -5.940365e-04 9.999998e-01 -1.725980e-04 -1.143733e-03 -1.195608e-03 1.718884e-04 9.999993e-01 6.563708e+00
9.999896e-01 -9.496276e-05 -4.570616e-03 -2.534065e+00 9.654900e-05 9.999999e-01 3.468391e-04 5.834234e-02 4.570582e-03 -3.472775e-04 9.999895e-01 7.276354e+00
9.999985e-01 3.462380e-04 1.708809e-03 -3.321396e+00 -3.460198e-04 9.999999e-01 -1.280008e-04 8.900241e-02 -1.708853e-03 1.274101e-04 9.999985e-01 7.519857e+00
9.999902e-01 -2.419387e-04 -4.426183e-03 -3.595640e+00 2.432570e-04 9.999999e-01 2.973182e-04 9.040927e-02 4.426110e-03 -2.983927e-04 9.999902e-01 7.769884e+00
9.999988e-01 3.909047e-04 1.529013e-03 -3.837539e+00 -3.906546e-04 9.999999e-01 -1.638078e-04 9.069955e-02 -1.529077e-03 1.632110e-04 9.999988e-01 8.259287e+00
9.999867e-01 -1.571814e-04 -5.156441e-03 -4.244838e+00 1.584530e-04 1.000000e+00 2.462024e-04 1.085450e-01 5.156402e-03 -2.470169e-04 9.999867e-01 8.912368e+00
9.999986e-01 3.248121e-04 1.657375e-03 -4.392887e+00 -3.244794e-04 9.999999e-01 -2.009479e-04 1.096707e-01 -1.657440e-03 2.004106e-04 9.999986e-01 9.534808e+00
9.999890e-01 -1.595997e-04 -4.696866e-03 -4.539542e+00 1.608097e-04 1.000000e+00 2.572486e-04 1.055249e-01 4.696825e-03 -2.580018e-04 9.999889e-01 1.021299e+01
9.999986e-01 2.876412e-04 1.652317e-03 -4.304360e+00 -2.874907e-04 1.000000e+00 -9.132730e-05 9.662600e-02 -1.652343e-03 9.085286e-05 9.999986e-01 1.056162e+01
9.999896e-01 -1.262694e-04 -4.569376e-03 -3.557820e+00 1.276421e-04 9.999999e-01 3.001450e-04 8.619918e-02 4.569337e-03 -3.007258e-04 9.999895e-01 1.067681e+01
9.999997e-01 4.771668e-04 6.417681e-04 -3.497630e+00 -4.770162e-04 9.999999e-01 -2.347394e-04 8.830819e-02 -6.418797e-04 2.344339e-04 9.999998e-01 1.162977e+01
9.999931e-01 -2.723457e-04 -3.691840e-03 -3.135934e+00 2.735250e-04 9.999999e-01 3.189675e-04 6.883010e-02 3.691752e-03 -3.199758e-04 9.999931e-01 1.237258e+01
9.999988e-01 3.874254e-04 1.483322e-03 -2.817124e+00 -3.870018e-04 9.999999e-01 -2.858242e-04 3.317714e-02 -1.483433e-03 2.852505e-04 9.999989e-01 1.318969e+01
9.999919e-01 -2.617719e-04 -4.018046e-03 -2.581966e+00 2.633170e-04 9.999999e-01 3.840154e-04 4.653287e-03 4.017945e-03 -3.850710e-04 9.999919e-01 1.390414e+01
9.999987e-01 4.115789e-04 1.576631e-03 -1.838987e+00 -4.113141e-04 9.999999e-01 -1.682324e-04 -1.586519e-02 -1.576700e-03 1.675844e-04 9.999987e-01 1.411338e+01
9.999927e-01 -3.177149e-04 -3.819112e-03 -1.215732e+00 3.189432e-04 9.999999e-01 3.210244e-04 -4.191497e-02 3.819009e-03 -3.222408e-04 9.999927e-01 1.444435e+01
9.999987e-01 3.578420e-04 1.599880e-03 -8.078728e-01 -3.574721e-04 9.999999e-01 -2.314756e-04 -6.993613e-02 -1.599962e-03 2.309041e-04 9.999987e-01 1.487137e+01
9.999920e-01 -3.587709e-04 -3.991622e-03 -3.158581e-01 3.599394e-04 9.999999e-01 2.920255e-04 -8.993548e-02 3.991516e-03 -2.934606e-04 9.999920e-01 1.506650e+01
9.999988e-01 3.345020e-04 1.514781e-03 1.294646e-01 -3.341315e-04 9.999999e-01 -2.447986e-04 -9.918648e-02 -1.514862e-03 2.442929e-04 9.999988e-01 1.482478e+01
9.999914e-01 -2.337858e-04 -4.132586e-03 5.119732e-01 2.352259e-04 9.999999e-01 3.480208e-04 -1.179449e-01 4.132504e-03 -3.489906e-04 9.999914e-01 1.508136e+01
9.999992e-01 3.153187e-04 1.208288e-03 8.419218e-01 -3.151015e-04 9.999999e-01 -1.798809e-04 -1.367499e-01 -1.208344e-03 1.795008e-04 9.999993e-01 1.547016e+01
9.999929e-01 -3.722216e-04 -3.746415e-03 1.141418e+00 3.730093e-04 9.999999e-01 2.095509e-04 -1.388250e-01 3.746336e-03 -2.109476e-04 9.999930e-01 1.495435e+01
9.999991e-01 3.635523e-04 1.257329e-03 1.525194e+00 -3.634207e-04 9.999999e-01 -1.048259e-04 -1.557758e-01 -1.257367e-03 1.043696e-04 9.999992e-01 1.499089e+01
9.999926e-01 -2.694223e-04 -3.833685e-03 2.001997e+00 2.705766e-04 9.999999e-01 3.005957e-04 -1.775051e-01 3.833603e-03 -3.016315e-04 9.999926e-01 1.532112e+01
9.999998e-01 3.672339e-04 5.141395e-04 2.113895e+00 -3.671796e-04 9.999999e-01 -1.055859e-04 -1.849582e-01 -5.141779e-04 1.053978e-04 9.999999e-01 1.559393e+01
9.999930e-01 -2.666410e-04 -3.729136e-03 1.801088e+00 2.678079e-04 9.999999e-01 3.124242e-04 -1.755777e-01 3.729052e-03 -3.134214e-04 9.999930e-01 1.575711e+01
9.999998e-01 3.949153e-04 5.612302e-04 1.560049e+00 -3.948221e-04 9.999999e-01 -1.660097e-04 -1.703684e-01 -5.612954e-04 1.657888e-04 9.999998e-01 1.605675e+01
9.999933e-01 -3.375504e-04 -3.647545e-03 1.662820e+00 3.385735e-04 9.999999e-01 2.798800e-04 -1.857666e-01 3.647450e-03 -2.811138e-04 9.999933e-01 1.639868e+01
9.999994e-01 3.630329e-04 1.009493e-03 1.577802e+00 -3.629419e-04 9.999999e-01 -9.031408e-05 -1.913478e-01 -1.009525e-03 8.994835e-05 9.999995e-01 1.630347e+01
9.999918e-01 -2.708717e-04 -4.050361e-03 1.582280e+00 2.715375e-04 9.999999e-01 1.638623e-04 -2.067880e-01 4.050316e-03 -1.649615e-04 9.999918e-01 1.685590e+01
9.999995e-01 3.893154e-04 9.457145e-04 1.448491e+00 -3.892682e-04 9.999999e-01 -5.005287e-05 -2.128544e-01 -9.457336e-04 4.968542e-05 9.999996e-01 1.735442e+01
9.999930e-01 -3.424364e-04 -3.733929e-03 1.185700e+00 3.435320e-04 9.999999e-01 2.927790e-04 -2.154864e-01 3.733828e-03 -2.940603e-04 9.999930e-01 1.728105e+01
9.999997e-01 5.916396e-04 4.206447e-04 5.481409e-01 -5.916033e-04 9.999998e-01 -8.615066e-05 -1.892884e-01 -4.206952e-04 8.590249e-05 9.999999e-01 1.755957e+01
9.999911e-01 -2.749790e-04 -4.208988e-03 -2.383664e-01 2.760840e-04 9.999999e-01 2.619656e-04 -1.453772e-01 4.208915e-03 -2.631261e-04 9.999911e-01 1.809177e+01
9.999989e-01 3.709885e-04 1.435684e-03 1.929179e-01 -3.707695e-04 9.999999e-01 -1.527752e-04 -1.630672e-01 -1.435740e-03 1.522434e-04 9.999990e-01 1.822747e+01
9.999940e-01 -2.399275e-04 -3.443164e-03 1.010258e+00 2.409080e-04 9.999999e-01 2.843702e-04 -1.851516e-01 3.443095e-03 -2.851987e-04 9.999940e-01 1.837440e+01
9.999999e-01 2.362275e-04 4.723224e-04 1.329568e+00 -2.361934e-04 1.000000e+00 -7.207030e-05 -1.974879e-01 -4.723391e-04 7.195944e-05 9.999999e-01 1.842149e+01
9.999931e-01 -1.037540e-04 -3.722759e-03 1.047993e+00 1.048002e-04 1.000000e+00 2.808386e-04 -1.909388e-01 3.722729e-03 -2.812275e-04 9.999930e-01 1.865116e+01
9.999999e-01 2.576787e-04 2.885778e-04 7.071227e-01 -2.576452e-04 1.000000e+00 -1.160192e-04 -1.789321e-01 -2.886073e-04 1.159455e-04 1.000000e+00 1.899459e+01
9.999950e-01 -5.924490e-05 -3.151870e-03 1.354384e-01 6.037651e-05 9.999999e-01 3.589555e-04 -1.615341e-01 3.151849e-03 -3.591447e-04 9.999950e-01 1.921742e+01
9.999997e-01 4.192200e-04 -6.198279e-04 -3.760425e-01 -4.194348e-04 9.999999e-01 -3.466132e-04 -1.349143e-01 6.196829e-04 3.468738e-04 9.999997e-01 2.012052e+01
9.999969e-01 5.617774e-05 -2.500545e-03 -1.750614e+00 -5.449487e-05 9.999998e-01 6.730938e-04 -6.751238e-02 2.500582e-03 -6.729561e-04 9.999966e-01 2.061268e+01
9.999999e-01 4.084849e-04 3.444543e-04 -3.542150e+00 -4.083729e-04 9.999999e-01 -3.247550e-04 1.389279e-02 -3.445866e-04 3.246150e-04 9.999999e-01 2.072504e+01
9.999918e-01 -1.213004e-04 -4.040101e-03 -4.261853e+00 1.233033e-04 9.999999e-01 4.955295e-04 5.215261e-02 4.040040e-03 -4.960244e-04 9.999917e-01 2.118816e+01
9.999997e-01 3.763810e-04 6.667412e-04 -4.990621e+00 -3.761828e-04 9.999999e-01 -2.973370e-04 8.715222e-02 -6.668527e-04 2.970868e-04 9.999997e-01 2.153572e+01
9.999914e-01 -6.040091e-05 -4.145038e-03 -5.826559e+00 6.240679e-05 9.999999e-01 4.838131e-04 1.307828e-01 4.145008e-03 -4.840683e-04 9.999913e-01 2.195512e+01
9.999999e-01 4.005297e-04 3.726232e-04 -6.679665e+00 -4.004114e-04 9.999999e-01 -3.172422e-04 1.790285e-01 -3.727499e-04 3.170937e-04 9.999999e-01 2.250641e+01
9.999935e-01 -2.498511e-04 -3.587741e-03 -7.096629e+00 2.517110e-04 9.999998e-01 5.179906e-04 1.934070e-01 3.587610e-03 -5.188911e-04 9.999934e-01 2.277628e+01
9.999999e-01 3.939256e-04 1.440570e-04 -7.155205e+00 -3.938619e-04 9.999998e-01 -4.417485e-04 1.847820e-01 -1.442307e-04 4.416924e-04 9.999999e-01 2.334680e+01
9.999951e-01 -2.705915e-04 -3.125122e-03 -7.033515e+00 2.722144e-04 9.999998e-01 5.189185e-04 1.610609e-01 3.124980e-03 -5.197673e-04 9.999950e-01 2.405151e+01
9.999999e-01 3.908151e-04 -2.706663e-04 -7.076475e+00 -3.909169e-04 9.999999e-01 -3.764703e-04 1.527167e-01 2.705195e-04 3.765768e-04 9.999999e-01 2.463958e+01
9.999955e-01 -1.020301e-04 -2.987181e-03 -7.908142e+00 1.038096e-04 9.999998e-01 5.955719e-04 1.916504e-01 2.987120e-03 -5.958801e-04 9.999954e-01 2.500710e+01
9.999999e-01 4.080904e-04 -1.307529e-04 -8.817958e+00 -4.081382e-04 9.999998e-01 -3.665367e-04 2.352092e-01 1.306037e-04 3.665907e-04 9.999999e-01 2.533419e+01
9.999954e-01 -1.552459e-04 -3.037403e-03 -9.512744e+00 1.570823e-04 9.999998e-01 6.043963e-04 2.631077e-01 3.037308e-03 -6.048714e-04 9.999952e-01 2.570878e+01
9.999998e-01 3.421477e-04 6.002755e-04 -9.793133e+00 -3.418883e-04 9.999998e-01 -4.320861e-04 2.788220e-01 -6.004229e-04 4.318815e-04 9.999997e-01 2.590012e+01
9.999942e-01 -1.384620e-04 -3.416533e-03 -9.623547e+00 1.399723e-04 9.999999e-01 4.418478e-04 2.630741e-01 3.416471e-03 -4.423241e-04 9.999941e-01 2.660221e+01
9.999999e-01 2.583508e-04 3.260962e-04 -9.533408e+00 -2.582350e-04 9.999999e-01 -3.548976e-04 2.414806e-01 -3.261875e-04 3.548141e-04 9.999999e-01 2.734558e+01
9.999915e-01 -3.845162e-05 -4.134118e-03 -9.930983e+00 4.050351e-05 9.999999e-01 4.962698e-04 2.602170e-01 4.134098e-03 -4.964337e-04 9.999913e-01 2.793564e+01
9.999999e-01 2.414135e-04 2.744314e-04 -1.011588e+01 -2.412872e-04 9.999999e-01 -4.597616e-04 2.606279e-01 -2.745420e-04 4.596961e-04 9.999999e-01 2.872489e+01
9.999948e-01 -9.974582e-06 -3.225241e-03 -1.070829e+01 1.226643e-05 9.999997e-01 7.106059e-04 2.770213e-01 3.225233e-03 -7.106425e-04 9.999945e-01 2.910064e+01
9.999993e-01 3.029025e-04 1.141929e-03 -1.191514e+01 -3.024500e-04 9.999999e-01 -3.963375e-04 3.269317e-01 -1.142048e-03 3.959926e-04 9.999993e-01 2.909878e+01
9.999936e-01 7.019417e-05 -3.584329e-03 -1.321416e+01 -6.772194e-05 9.999998e-01 6.898765e-04 3.842260e-01 3.584376e-03 -6.896300e-04 9.999933e-01 2.920684e+01
9.999996e-01 2.787952e-04 8.897423e-04 -1.406255e+01 -2.783420e-04 9.999998e-01 -5.093696e-04 4.260690e-01 -8.898838e-04 5.091224e-04 9.999995e-01 2.961287e+01
9.999914e-01 5.872364e-05 -4.143725e-03 -1.444063e+01 -5.707406e-05 9.999999e-01 3.982302e-04 4.444017e-01 4.143747e-03 -3.979910e-04 9.999913e-01 3.071112e+01
9.999998e-01 3.158693e-04 5.406432e-04 -1.461706e+01 -3.155882e-04 9.999998e-01 -5.196510e-04 4.407642e-01 -5.408069e-04 5.194810e-04 9.999997e-01 3.205063e+01
9.999905e-01 -6.946800e-05 -4.353213e-03 -1.501851e+01 7.225881e-05 9.999998e-01 6.409584e-04 4.586359e-01 4.353167e-03 -6.412676e-04 9.999903e-01 3.286245e+01
9.999999e-01 3.961595e-04 3.650976e-04 -1.575950e+01 -3.959749e-04 9.999998e-01 -5.052372e-04 5.006998e-01 -3.652973e-04 5.050933e-04 9.999998e-01 3.345103e+01
9.999929e-01 -1.981371e-04 -3.768454e-03 -1.586912e+01 2.001525e-04 9.999998e-01 5.344588e-04 4.960535e-01 3.768347e-03 -5.352099e-04 9.999928e-01 3.420565e+01
9.999998e-01 3.538560e-04 5.778967e-04 -1.614129e+01 -3.536226e-04 9.999999e-01 -4.037098e-04 5.031514e-01 -5.780391e-04 4.035061e-04 9.999998e-01 3.474048e+01
9.999924e-01 -1.831736e-04 -3.899742e-03 -1.646523e+01 1.851883e-04 9.999998e-01 5.162922e-04 5.148296e-01 3.899647e-03 -5.170111e-04 9.999923e-01 3.522383e+01
9.999995e-01 4.191304e-04 9.478595e-04 -1.719968e+01 -4.188760e-04 9.999999e-01 -2.684162e-04 5.462622e-01 -9.479716e-04 2.680197e-04 9.999995e-01 3.543443e+01
9.999887e-01 -1.530624e-04 -4.746379e-03 -1.774527e+01 1.547792e-04 9.999999e-01 3.613535e-04 5.760426e-01 4.746323e-03 -3.620848e-04 9.999887e-01 3.611709e+01
9.999979e-01 2.998029e-04 2.024007e-03 -1.789410e+01 -2.993676e-04 9.999999e-01 -2.152747e-04 5.769963e-01 -2.024071e-03 2.146690e-04 9.999979e-01 3.645420e+01
9.999871e-01 -1.349413e-04 -5.078846e-03 -1.746397e+01 1.358647e-04 1.000000e+00 1.814948e-04 5.659817e-01 5.078821e-03 -1.821832e-04 9.999871e-01 3.697397e+01
9.999983e-01 4.923635e-04 1.800589e-03 -1.766339e+01 -4.919255e-04 9.999998e-01 -2.436135e-04 5.632619e-01 -1.800708e-03 2.427280e-04 9.999983e-01 3.821779e+01
9.999839e-01 -1.660434e-04 -5.669389e-03 -1.802152e+01 1.670445e-04 1.000000e+00 1.761174e-04 5.787828e-01 5.669359e-03 -1.770623e-04 9.999839e-01 3.932729e+01
9.999960e-01 3.838519e-04 2.802061e-03 -1.785508e+01 -3.834288e-04 9.999999e-01 -1.515135e-04 5.540573e-01 -2.802118e-03 1.504392e-04 9.999961e-01 4.020630e+01
9.999783e-01 -7.808943e-05 -6.581989e-03 -1.800039e+01 7.916782e-05 1.000000e+00 1.635961e-04 5.529402e-01 6.581976e-03 -1.641143e-04 9.999783e-01 4.121806e+01
9.999970e-01 4.134815e-04 2.429997e-03 -1.836310e+01 -4.131223e-04 9.999999e-01 -1.482664e-04 5.682438e-01 -2.430058e-03 1.472628e-04 9.999970e-01 4.231427e+01
9.999823e-01 -2.250280e-04 -5.951125e-03 -1.863149e+01 2.266118e-04 9.999999e-01 2.654855e-04 5.771217e-01 5.951064e-03 -2.668301e-04 9.999823e-01 4.296164e+01
9.999949e-01 4.781801e-04 3.157908e-03 -1.945724e+01 -4.782217e-04 9.999999e-01 1.244908e-05 6.098404e-01 -3.157901e-03 -1.395849e-05 9.999950e-01 4.312047e+01
9.999769e-01 -1.235925e-04 -6.800605e-03 -2.028980e+01 1.247542e-04 1.000000e+00 1.704110e-04 6.564927e-01 6.800583e-03 -1.712562e-04 9.999769e-01 4.363057e+01
9.999944e-01 4.705597e-04 3.325961e-03 -2.120934e+01 -4.707606e-04 9.999999e-01 5.964181e-05 7.045188e-01 -3.325933e-03 -6.120650e-05 9.999945e-01 4.407732e+01
9.999838e-01 -1.495644e-04 -5.689054e-03 -2.235366e+01 1.509859e-04 1.000000e+00 2.494542e-04 7.530012e-01 5.689016e-03 -2.503099e-04 9.999838e-01 4.417069e+01
9.999952e-01 4.071027e-04 3.077373e-03 -2.325639e+01 -4.072468e-04 9.999999e-01 4.622864e-05 7.894598e-01 -3.077354e-03 -4.748096e-05 9.999953e-01 4.430374e+01
9.999776e-01 -1.477824e-04 -6.689773e-03 -2.367531e+01 1.481049e-04 1.000000e+00 4.773674e-05 8.092780e-01 6.689766e-03 -4.872716e-05 9.999776e-01 4.496685e+01
9.999937e-01 2.816470e-04 3.544475e-03 -2.348543e+01 -2.818016e-04 1.000000e+00 4.315007e-05 7.889154e-01 -3.544463e-03 -4.414793e-05 9.999937e-01 4.564324e+01
9.999783e-01 -1.989271e-04 -6.585314e-03 -2.351800e+01 1.994066e-04 1.000000e+00 7.217864e-05 7.773432e-01 6.585299e-03 -7.349094e-05 9.999783e-01 4.611412e+01
9.999950e-01 3.214803e-04 3.145773e-03 -2.367608e+01 -3.216098e-04 9.999999e-01 4.068722e-05 7.760120e-01 -3.145759e-03 -4.169802e-05 9.999951e-01 4.661447e+01
9.999788e-01 -2.094433e-04 -6.511761e-03 -2.380646e+01 2.100087e-04 1.000000e+00 8.616161e-05 7.719362e-01 6.511743e-03 -8.752802e-05 9.999788e-01 4.711241e+01
9.999941e-01 3.208086e-04 3.412786e-03 -2.417621e+01 -3.213194e-04 9.999999e-01 1.491863e-04 7.770723e-01 -3.412738e-03 -1.502813e-04 9.999942e-01 4.722669e+01
9.999799e-01 -2.007071e-04 -6.338928e-03 -2.453688e+01 2.011004e-04 1.000000e+00 6.141743e-05 7.804710e-01 6.338915e-03 -6.269166e-05 9.999799e-01 4.737055e+01
9.999924e-01 6.425432e-04 3.832628e-03 -2.498742e+01 -6.421901e-04 9.999998e-01 -9.333924e-05 7.875261e-01 -3.832687e-03 9.087796e-05 9.999927e-01 4.862107e+01
9.999816e-01 -4.376339e-04 -6.050322e-03 -2.529514e+01 4.381510e-04 9.999999e-01 8.415376e-05 7.933060e-01 6.050285e-03 -8.680387e-05 9.999817e-01 4.932438e+01
9.999946e-01 5.396931e-04 3.229142e-03 -2.531532e+01 -5.398638e-04 9.999999e-01 5.200719e-05 7.868845e-01 -3.229113e-03 -5.374950e-05 9.999948e-01 4.973458e+01
9.999814e-01 -3.939723e-04 -6.090331e-03 -2.532077e+01 3.938291e-04 9.999999e-01 -2.468673e-05 7.741163e-01 6.090340e-03 2.228702e-05 9.999815e-01 5.031666e+01
9.999937e-01 4.933010e-04 3.520750e-03 -2.506266e+01 -4.937045e-04 9.999999e-01 1.137938e-04 7.492265e-01 -3.520693e-03 -1.155306e-04 9.999938e-01 5.086238e+01
9.999812e-01 -3.687408e-04 -6.113726e-03 -2.472375e+01 3.684545e-04 9.999999e-01 -4.793719e-05 7.293574e-01 6.113743e-03 4.568295e-05 9.999813e-01 5.129276e+01
9.999948e-01 5.084708e-04 3.181933e-03 -2.490836e+01 -5.090249e-04 9.999999e-01 1.733501e-04 7.285203e-01 -3.181844e-03 -1.749682e-04 9.999949e-01 5.182071e+01
9.999762e-01 -2.125676e-04 -6.896620e-03 -2.536327e+01 2.115952e-04 1.000000e+00 -1.417031e-04 7.485453e-01 6.896650e-03 1.402397e-04 9.999762e-01 5.264475e+01
9.999944e-01 4.518398e-04 3.325908e-03 -2.587679e+01 -4.527857e-04 9.999999e-01 2.837085e-04 7.729015e-01 -3.325779e-03 -2.852121e-04 9.999944e-01 5.330363e+01
9.999851e-01 -4.329637e-04 -5.439171e-03 -2.629587e+01 4.322388e-04 9.999999e-01 -1.344328e-04 7.786432e-01 5.439228e-03 1.320790e-04 9.999852e-01 5.269966e+01
9.999905e-01 4.873403e-04 4.328226e-03 -2.700295e+01 -4.887052e-04 9.999998e-01 3.143462e-04 7.982969e-01 -4.328072e-03 -3.164578e-04 9.999906e-01 5.166773e+01
9.999854e-01 7.594953e-05 -5.395021e-03 -2.700063e+01 -7.987236e-05 9.999997e-01 -7.268832e-04 7.657621e-01 5.394964e-03 7.273028e-04 9.999852e-01 5.401073e+01
9.999891e-01 1.515897e-04 4.662775e-03 -2.665675e+01 -1.536058e-04 9.999999e-01 4.320495e-04 7.063748e-01 -4.662709e-03 -4.327604e-04 9.999890e-01 5.574334e+01
9.999789e-01 -2.167317e-04 -6.500155e-03 -2.679705e+01 2.143251e-04 9.999999e-01 -3.709082e-04 7.091513e-01 6.500235e-03 3.695065e-04 9.999788e-01 5.478644e+01
9.999901e-01 2.805863e-04 4.434009e-03 -2.733504e+01 -2.833248e-04 9.999998e-01 6.170231e-04 7.158737e-01 -4.433835e-03 -6.182726e-04 9.999900e-01 5.426836e+01
9.999731e-01 -1.800982e-04 -7.328837e-03 -2.765523e+01 1.772645e-04 9.999999e-01 -3.872781e-04 7.135940e-01 7.328905e-03 3.859679e-04 9.999731e-01 5.436595e+01
9.999882e-01 6.055752e-04 4.816323e-03 -2.833842e+01 -6.078772e-04 9.999997e-01 4.765344e-04 7.283219e-01 -4.816033e-03 -4.794558e-04 9.999883e-01 5.526610e+01
9.999762e-01 -2.729433e-04 -6.896896e-03 -2.928930e+01 2.705486e-04 9.999999e-01 -3.481323e-04 7.598871e-01 6.896990e-03 3.462574e-04 9.999762e-01 5.588646e+01
9.999927e-01 3.634948e-04 3.807717e-03 -2.933554e+01 -3.652814e-04 9.999998e-01 4.685531e-04 7.500383e-01 -3.807545e-03 -4.699399e-04 9.999926e-01 5.630618e+01
9.999826e-01 -2.466559e-04 -5.895635e-03 -2.878386e+01 2.444448e-04 9.999999e-01 -3.757346e-04 7.211520e-01 5.895727e-03 3.742862e-04 9.999826e-01 5.672901e+01
9.999941e-01 3.401213e-04 3.429576e-03 -2.843007e+01 -3.418293e-04 9.999998e-01 4.974723e-04 6.916060e-01 -3.429406e-03 -4.986409e-04 9.999940e-01 5.735716e+01
9.999796e-01 -2.415600e-04 -6.381019e-03 -2.831757e+01 2.392429e-04 9.999999e-01 -3.638690e-04 6.795011e-01 6.381106e-03 3.623343e-04 9.999796e-01 5.773503e+01
9.999885e-01 3.874306e-04 4.783368e-03 -2.759359e+01 -3.891594e-04 9.999999e-01 3.605259e-04 6.473327e-01 -4.783228e-03 -3.623825e-04 9.999885e-01 5.824252e+01
9.999755e-01 -3.209836e-04 -6.998989e-03 -2.711819e+01 3.191600e-04 9.999999e-01 -2.616532e-04 6.212340e-01 6.999072e-03 2.594123e-04 9.999755e-01 5.860429e+01
9.999892e-01 3.039482e-04 4.644718e-03 -2.713216e+01 -3.058162e-04 9.999999e-01 4.014894e-04 6.236141e-01 -4.644595e-03 -4.029048e-04 9.999891e-01 5.809109e+01
9.999747e-01 -1.733144e-04 -7.109429e-03 -2.771042e+01 1.724838e-04 1.000000e+00 -1.174199e-04 6.377451e-01 7.109449e-03 1.161899e-04 9.999747e-01 5.805492e+01
9.999932e-01 3.187017e-04 3.660474e-03 -2.804003e+01 -3.198215e-04 9.999999e-01 3.053784e-04 6.467066e-01 -3.660376e-03 -3.065463e-04 9.999933e-01 5.843634e+01
9.999786e-01 -2.537699e-04 -6.530024e-03 -2.820395e+01 2.531452e-04 1.000000e+00 -9.647875e-05 6.386866e-01 6.530048e-03 9.482294e-05 9.999787e-01 5.861346e+01
9.999928e-01 2.810863e-04 3.776633e-03 -2.838969e+01 -2.823646e-04 9.999999e-01 3.380057e-04 6.367568e-01 -3.776537e-03 -3.390689e-04 9.999928e-01 5.847107e+01
9.999820e-01 -2.209946e-04 -5.997591e-03 -2.890561e+01 2.207358e-04 1.000000e+00 -4.380267e-05 6.425408e-01 5.997600e-03 4.247730e-05 9.999820e-01 5.816356e+01
9.999936e-01 2.411877e-04 3.559674e-03 -2.926433e+01 -2.422793e-04 9.999999e-01 3.062683e-04 6.419621e-01 -3.559600e-03 -3.071281e-04 9.999936e-01 5.790746e+01
9.999836e-01 -1.351375e-04 -5.729521e-03 -2.868103e+01 1.337694e-04 1.000000e+00 -2.391310e-04 6.098832e-01 5.729553e-03 2.383599e-04 9.999836e-01 5.827998e+01
9.999917e-01 9.319015e-05 4.080197e-03 -2.786022e+01 -9.444529e-05 9.999999e-01 3.074650e-04 5.749796e-01 -4.080168e-03 -3.078471e-04 9.999916e-01 5.868971e+01
9.999775e-01 -1.398221e-04 -6.707174e-03 -2.764337e+01 1.384327e-04 1.000000e+00 -2.076013e-04 5.670399e-01 6.707202e-03 2.066674e-04 9.999775e-01 5.840614e+01
9.999906e-01 7.729710e-05 4.341734e-03 -2.743338e+01 -7.845946e-05 1.000000e+00 2.675829e-04 5.657473e-01 -4.341713e-03 -2.679203e-04 9.999905e-01 5.784910e+01
9.999781e-01 -2.083259e-05 -6.616039e-03 -2.702104e+01 1.940037e-05 1.000000e+00 -2.165184e-04 5.393961e-01 6.616043e-03 2.163846e-04 9.999781e-01 5.828453e+01
9.999799e-01 4.063910e-04 6.333798e-03 -2.551282e+01 -4.066307e-04 9.999999e-01 3.658280e-05 4.750610e-01 -6.333782e-03 -3.915688e-05 9.999799e-01 5.950302e+01
9.999780e-01 -3.829686e-04 -6.626300e-03 -2.420546e+01 3.824316e-04 9.999999e-01 -8.228761e-05 4.163175e-01 6.626331e-03 7.975099e-05 9.999780e-01 6.044085e+01
9.999919e-01 3.874735e-04 4.008521e-03 -2.399101e+01 -3.883062e-04 9.999999e-01 2.069869e-04 3.993169e-01 -4.008440e-03 -2.085411e-04 9.999919e-01 6.066590e+01
9.999787e-01 -3.719966e-04 -6.521457e-03 -2.373216e+01 3.715718e-04 9.999999e-01 -6.633012e-05 3.796574e-01 6.521480e-03 6.390481e-05 9.999787e-01 6.089105e+01
9.999915e-01 4.585600e-04 4.097351e-03 -2.349702e+01 -4.590514e-04 9.999999e-01 1.190222e-04 3.527691e-01 -4.097296e-03 -1.209014e-04 9.999916e-01 6.145507e+01
9.999765e-01 -2.634235e-04 -6.844986e-03 -2.345747e+01 2.622330e-04 1.000000e+00 -1.748084e-04 3.288138e-01 6.845032e-03 1.730086e-04 9.999766e-01 6.245324e+01
9.999928e-01 3.922180e-04 3.781313e-03 -2.351284e+01 -3.930626e-04 9.999999e-01 2.226466e-04 3.168371e-01 -3.781225e-03 -2.241306e-04 9.999928e-01 6.311475e+01
9.999769e-01 -2.013891e-04 -6.797885e-03 -2.352885e+01 1.996155e-04 9.999999e-01 -2.615647e-04 2.973441e-01 6.797937e-03 2.602010e-04 9.999769e-01 6.409572e+01
9.999940e-01 3.853392e-04 3.447432e-03 -2.368099e+01 -3.863808e-04 9.999999e-01 3.015052e-04 2.938243e-01 -3.447315e-03 -3.028347e-04 9.999940e-01 6.484657e+01
9.999758e-01 -1.694361e-04 -6.949790e-03 -2.403528e+01 1.679540e-04 1.000000e+00 -2.138291e-04 3.071200e-01 6.949826e-03 2.126559e-04 9.999758e-01 6.549662e+01
9.999946e-01 5.120271e-04 3.246305e-03 -2.475082e+01 -5.131970e-04 9.999998e-01 3.595936e-04 3.459668e-01 -3.246119e-03 -3.612569e-04 9.999947e-01 6.618513e+01
9.999770e-01 -3.061474e-04 -6.777043e-03 -2.520139e+01 3.046456e-04 9.999999e-01 -2.226077e-04 3.670276e-01 6.777111e-03 2.205373e-04 9.999770e-01 6.665896e+01
9.999945e-01 4.900669e-04 3.284673e-03 -2.537932e+01 -4.909264e-04 9.999998e-01 2.609315e-04 3.702048e-01 -3.284544e-03 -2.625419e-04 9.999946e-01 6.737796e+01
9.999784e-01 -2.007011e-04 -6.575140e-03 -2.564518e+01 1.987702e-04 9.999999e-01 -2.943028e-04 3.727530e-01 6.575198e-03 2.929888e-04 9.999783e-01 6.838393e+01
9.999897e-01 4.490240e-04 4.511223e-03 -2.541950e+01 -4.500334e-04 9.999999e-01 2.227907e-04 3.368365e-01 -4.511122e-03 -2.248179e-04 9.999898e-01 6.953086e+01
9.999774e-01 -4.455924e-04 -6.706589e-03 -2.481110e+01 4.450060e-04 9.999999e-01 -8.890299e-05 3.117489e-01 6.706628e-03 8.591581e-05 9.999775e-01 6.974154e+01
9.999932e-01 5.171053e-04 3.653851e-03 -2.479810e+01 -5.179554e-04 9.999998e-01 2.317697e-04 3.031297e-01 -3.653730e-03 -2.336600e-04 9.999933e-01 7.004520e+01
9.999779e-01 -2.973668e-04 -6.635669e-03 -2.502668e+01 2.959454e-04 9.999999e-01 -2.151613e-04 3.042895e-01 6.635733e-03 2.131921e-04 9.999780e-01 7.083449e+01
9.999927e-01 8.196696e-04 3.725160e-03 -2.566423e+01 -8.200338e-04 9.999997e-01 9.627345e-05 3.252025e-01 -3.725080e-03 -9.932681e-05 9.999931e-01 7.242652e+01
9.999815e-01 -2.008046e-04 -6.074931e-03 -2.634873e+01 1.987838e-04 9.999999e-01 -3.332236e-04 3.432566e-01 6.074997e-03 3.320091e-04 9.999815e-01 7.444352e+01
9.999923e-01 8.486786e-04 3.843400e-03 -2.692347e+01 -8.486411e-04 9.999996e-01 -1.133987e-05 3.523401e-01 -3.843408e-03 8.078807e-06 9.999926e-01 7.678197e+01
9.999810e-01 -3.219101e-04 -6.150394e-03 -2.734796e+01 3.201375e-04 9.999999e-01 -2.891664e-04 3.546892e-01 6.150486e-03 2.871912e-04 9.999810e-01 7.880754e+01
9.999956e-01 8.329204e-04 2.833983e-03 -2.795466e+01 -8.334196e-04 9.999996e-01 1.750598e-04 3.807815e-01 -2.833836e-03 -1.774202e-04 9.999960e-01 8.029184e+01
9.999840e-01 -4.781901e-04 -5.630694e-03 -2.795228e+01 4.765616e-04 9.999998e-01 -2.905261e-04 3.665057e-01 5.630832e-03 2.878374e-04 9.999841e-01 8.158807e+01
9.999873e-01 7.587911e-04 4.982819e-03 -2.680188e+01 -7.598648e-04 9.999997e-01 2.136243e-04 3.136495e-01 -4.982655e-03 -2.174072e-04 9.999876e-01 8.258320e+01
9.999756e-01 -6.768347e-04 -6.958028e-03 -2.628792e+01 6.758195e-04 9.999998e-01 -1.482246e-04 2.798794e-01 6.958126e-03 1.435179e-04 9.999758e-01 8.329576e+01
9.999900e-01 8.642348e-04 4.386135e-03 -2.618225e+01 -8.650830e-04 9.999996e-01 1.915148e-04 2.601810e-01 -4.385967e-03 -1.953066e-04 9.999904e-01 8.399085e+01
9.999785e-01 -6.980508e-04 -6.514221e-03 -2.588231e+01 6.970612e-04 9.999997e-01 -1.541596e-04 2.269215e-01 6.514327e-03 1.496148e-04 9.999788e-01 8.485618e+01
9.999861e-01 9.925819e-04 5.186341e-03 -2.528266e+01 -9.930356e-04 9.999995e-01 8.493171e-05 1.856206e-01 -5.186254e-03 -9.008005e-05 9.999865e-01 8.589846e+01
9.999784e-01 -7.523962e-04 -6.522089e-03 -2.492459e+01 7.513060e-04 9.999997e-01 -1.695628e-04 1.366478e-01 6.522215e-03 1.646583e-04 9.999787e-01 8.728776e+01
9.999922e-01 1.302660e-03 3.719781e-03 -2.614281e+01 -1.303851e-03 9.999991e-01 3.177614e-04 1.940618e-01 -3.719363e-03 -3.226083e-04 9.999930e-01 8.828329e+01
9.999796e-01 -9.192025e-04 -6.320830e-03 -2.719724e+01 9.182634e-04 9.999996e-01 -1.514494e-04 2.392040e-01 6.320966e-03 1.456414e-04 9.999800e-01 8.872373e+01
9.999939e-01 1.123473e-03 3.313845e-03 -2.773281e+01 -1.124704e-03 9.999993e-01 3.695124e-04 2.613613e-01 -3.313427e-03 -3.732365e-04 9.999944e-01 8.905436e+01
9.999740e-01 -8.638177e-04 -7.157087e-03 -2.823556e+01 8.620577e-04 9.999996e-01 -2.489672e-04 2.904525e-01 7.157299e-03 2.427903e-04 9.999744e-01 8.961726e+01
9.999934e-01 1.071499e-03 3.466614e-03 -2.863137e+01 -1.072840e-03 9.999994e-01 3.851741e-04 3.104913e-01 -3.466198e-03 -3.888900e-04 9.999939e-01 9.021040e+01
9.999770e-01 -8.440596e-04 -6.729160e-03 -2.898080e+01 8.420054e-04 9.999996e-01 -3.080581e-04 3.217123e-01 6.729417e-03 3.023843e-04 9.999773e-01 9.087594e+01
9.999910e-01 1.046824e-03 4.103418e-03 -2.964921e+01 -1.049184e-03 9.999993e-01 5.730533e-04 3.418420e-01 -4.102815e-03 -5.773527e-04 9.999914e-01 9.110188e+01
9.999747e-01 -6.142668e-04 -7.086891e-03 -3.089422e+01 6.116753e-04 9.999997e-01 -3.678061e-04 4.003360e-01 7.087115e-03 3.634612e-04 9.999748e-01 9.135328e+01
9.999940e-01 8.498533e-04 3.354471e-03 -3.154513e+01 -8.514096e-04 9.999995e-01 4.626059e-04 4.406553e-01 -3.354076e-03 -4.654585e-04 9.999943e-01 9.170352e+01
9.999813e-01 -8.886087e-04 -6.045713e-03 -3.112203e+01 8.859377e-04 9.999995e-01 -4.444320e-04 4.417570e-01 6.046104e-03 4.390669e-04 9.999816e-01 9.122607e+01
9.999948e-01 9.218829e-04 3.087775e-03 -3.057319e+01 -9.234798e-04 9.999994e-01 5.158436e-04 4.322572e-01 -3.087298e-03 -5.186918e-04 9.999951e-01 9.114698e+01
9.999804e-01 -7.418250e-04 -6.213145e-03 -3.049376e+01 7.392637e-04 9.999996e-01 -4.144933e-04 4.215500e-01 6.213450e-03 4.098914e-04 9.999806e-01 9.173153e+01
9.999943e-01 9.247485e-04 3.248881e-03 -3.039045e+01 -9.261517e-04 9.999995e-01 4.304853e-04 4.059154e-01 -3.248481e-03 -4.334911e-04 9.999946e-01 9.252321e+01
9.999840e-01 -8.044211e-04 -5.604312e-03 -3.001650e+01 8.025499e-04 9.999996e-01 -3.360877e-04 3.805691e-01 5.604580e-03 3.315838e-04 9.999842e-01 9.297821e+01
9.999944e-01 8.946260e-04 3.225296e-03 -2.949386e+01 -8.960316e-04 9.999995e-01 4.344516e-04 3.627834e-01 -3.224905e-03 -4.373385e-04 9.999947e-01 9.320305e+01
9.999821e-01 -8.806597e-04 -5.923198e-03 -2.904552e+01 8.788889e-04 9.999996e-01 -3.015262e-04 3.480593e-01 5.923461e-03 2.963142e-04 9.999824e-01 9.325873e+01
9.999942e-01 8.723637e-04 3.305125e-03 -2.854980e+01 -8.737079e-04 9.999995e-01 4.053479e-04 3.357991e-01 -3.304769e-03 -4.082326e-04 9.999945e-01 9.317869e+01
9.999820e-01 -8.844999e-04 -5.934929e-03 -2.792458e+01 8.824884e-04 9.999996e-01 -3.415072e-04 3.246188e-01 5.935228e-03 3.362628e-04 9.999823e-01 9.307307e+01
9.999934e-01 8.705761e-04 3.540081e-03 -2.729826e+01 -8.720682e-04 9.999995e-01 4.200295e-04 3.109380e-01 -3.539714e-03 -4.231132e-04 9.999936e-01 9.302967e+01
9.999862e-01 -7.082858e-04 -5.202984e-03 -2.661186e+01 7.063147e-04 9.999997e-01 -3.806372e-04 2.720014e-01 5.203252e-03 3.769563e-04 9.999864e-01 9.366402e+01
9.999933e-01 8.547696e-04 3.570673e-03 -2.610390e+01 -8.560427e-04 9.999996e-01 3.550985e-04 2.230015e-01 -3.570368e-03 -3.581521e-04 9.999936e-01 9.480354e+01
9.999831e-01 -7.497284e-04 -5.766778e-03 -2.567398e+01 7.481504e-04 9.999997e-01 -2.757502e-04 1.926956e-01 5.766982e-03 2.714304e-04 9.999833e-01 9.540928e+01
9.999953e-01 7.854763e-04 2.963194e-03 -2.526900e+01 -7.867247e-04 9.999996e-01 4.202391e-04 1.839075e-01 -2.962863e-03 -4.225676e-04 9.999955e-01 9.533153e+01
9.999841e-01 -7.607125e-04 -5.587644e-03 -2.528309e+01 7.595523e-04 9.999997e-01 -2.097185e-04 1.837927e-01 5.587802e-03 2.054703e-04 9.999844e-01 9.522847e+01
9.999951e-01 7.731871e-04 3.034032e-03 -2.493881e+01 -7.741834e-04 9.999996e-01 3.272835e-04 1.800664e-01 -3.033777e-03 -3.296301e-04 9.999953e-01 9.491695e+01
9.999838e-01 -7.428692e-04 -5.635384e-03 -2.423487e+01 7.413142e-04 9.999997e-01 -2.779761e-04 1.712076e-01 5.635589e-03 2.737934e-04 9.999841e-01 9.477059e+01
9.999947e-01 7.899503e-04 3.171751e-03 -2.345212e+01 -7.910289e-04 9.999996e-01 3.388962e-04 1.622643e-01 -3.171482e-03 -3.414027e-04 9.999949e-01 9.461828e+01
9.999837e-01 -7.631044e-04 -5.658045e-03 -2.276328e+01 7.614884e-04 9.999997e-01 -2.877274e-04 1.514308e-01 5.658262e-03 2.834135e-04 9.999840e-01 9.451463e+01
9.999945e-01 7.819997e-04 3.220227e-03 -2.211350e+01 -7.831829e-04 9.999996e-01 3.662395e-04 1.367199e-01 -3.219939e-03 -3.687589e-04 9.999947e-01 9.450036e+01
9.999835e-01 -7.448449e-04 -5.689065e-03 -2.164838e+01 7.433534e-04 9.999997e-01 -2.642398e-04 1.134995e-01 5.689260e-03 2.600058e-04 9.999838e-01 9.478939e+01
9.999950e-01 8.128911e-04 3.052801e-03 -2.087511e+01 -8.138682e-04 9.999996e-01 3.189036e-04 1.052853e-01 -3.052541e-03 -3.213859e-04 9.999953e-01 9.463900e+01
9.999853e-01 -6.800386e-04 -5.380095e-03 -2.004880e+01 6.787639e-04 9.999997e-01 -2.387030e-04 8.851487e-02 5.380255e-03 2.350470e-04 9.999855e-01 9.468886e+01
9.999942e-01 7.793023e-04 3.323865e-03 -1.944177e+01 -7.805860e-04 9.999996e-01 3.849695e-04 6.059660e-02 -3.323563e-03 -3.875611e-04 9.999944e-01 9.500569e+01
9.999835e-01 -7.263707e-04 -5.706077e-03 -1.883560e+01 7.248478e-04 9.999997e-01 -2.689074e-04 4.133904e-02 5.706270e-03 2.647663e-04 9.999837e-01 9.511110e+01
9.999942e-01 7.982887e-04 3.305370e-03 -1.811936e+01 -7.995296e-04 9.999996e-01 3.741864e-04 2.728825e-02 -3.305069e-03 -3.768263e-04 9.999945e-01 9.508734e+01
9.999820e-01 -7.085756e-04 -5.956473e-03 -1.783255e+01 7.071400e-04 9.999997e-01 -2.430777e-04 6.774917e-03 5.956643e-03 2.388606e-04 9.999822e-01 9.544511e+01
9.999942e-01 8.128978e-04 3.297567e-03 -1.762086e+01 -8.141432e-04 9.999996e-01 3.764150e-04 -8.351618e-03 -3.297259e-03 -3.790968e-04 9.999945e-01 9.585822e+01
9.999812e-01 -7.220347e-04 -6.088467e-03 -1.732785e+01 7.205344e-04 9.999997e-01 -2.485601e-04 -2.207140e-02 6.088644e-03 2.441678e-04 9.999814e-01 9.616412e+01
9.999952e-01 7.997272e-04 2.996481e-03 -1.718932e+01 -8.007967e-04 9.999996e-01 3.558152e-04 -3.413744e-02 -2.996195e-03 -3.582124e-04 9.999954e-01 9.652615e+01
9.999840e-01 -8.073111e-04 -5.596905e-03 -1.667850e+01 8.058484e-04 9.999996e-01 -2.635574e-04 -4.881609e-02 5.597115e-03 2.590422e-04 9.999843e-01 9.663695e+01
9.999942e-01 7.777598e-04 3.324126e-03 -1.626616e+01 -7.787154e-04 9.999997e-01 2.862528e-04 -5.479208e-02 -3.323902e-03 -2.888390e-04 9.999944e-01 9.636030e+01
9.999841e-01 -7.896843e-04 -5.578208e-03 -1.574076e+01 7.886001e-04 9.999997e-01 -1.965253e-04 -7.152998e-02 5.578361e-03 1.921225e-04 9.999844e-01 9.640897e+01
9.999939e-01 1.044615e-03 3.337742e-03 -1.547965e+01 -1.045158e-03 9.999994e-01 1.611188e-04 -1.004515e-01 -3.337572e-03 -1.646056e-04 9.999944e-01 9.753737e+01
9.999859e-01 -8.884295e-04 -5.243299e-03 -1.526357e+01 8.873318e-04 9.999996e-01 -2.116275e-04 -1.227533e-01 5.243485e-03 2.069712e-04 9.999862e-01 9.837141e+01
9.999956e-01 9.274168e-04 2.813266e-03 -1.474534e+01 -9.283067e-04 9.999995e-01 3.151417e-04 -1.371445e-01 -2.812973e-03 -3.177512e-04 9.999960e-01 9.843431e+01
9.999855e-01 -8.311288e-04 -5.321333e-03 -1.444503e+01 8.299111e-04 9.999996e-01 -2.309994e-04 -1.612791e-01 5.321523e-03 2.265792e-04 9.999858e-01 9.889188e+01
9.999947e-01 9.689257e-04 3.117430e-03 -1.395331e+01 -9.699015e-04 9.999995e-01 3.116038e-04 -1.934809e-01 -3.117126e-03 -3.146250e-04 9.999951e-01 9.955912e+01
9.999854e-01 -8.329620e-04 -5.341875e-03 -1.340757e+01 8.317101e-04 9.999996e-01 -2.365281e-04 -2.249460e-01 5.342070e-03 2.320811e-04 9.999857e-01 1.002316e+02
9.999951e-01 9.461228e-04 2.983493e-03 -1.292247e+01 -9.469080e-04 9.999995e-01 2.618499e-04 -2.486086e-01 -2.983244e-03 -2.646731e-04 9.999955e-01 1.007249e+02
9.999858e-01 -7.576825e-04 -5.281794e-03 -1.237387e+01 7.562153e-04 9.999997e-01 -2.797242e-04 -2.745779e-01 5.282004e-03 2.757253e-04 9.999860e-01 1.014246e+02
9.999955e-01 8.583491e-04 2.882640e-03 -1.187840e+01 -8.593830e-04 9.999996e-01 3.575209e-04 -2.990699e-01 -2.882331e-03 -3.599959e-04 9.999958e-01 1.018738e+02
9.999861e-01 -7.962824e-04 -5.220397e-03 -1.146435e+01 7.948190e-04 9.999996e-01 -2.823426e-04 -3.236891e-01 5.220620e-03 2.781887e-04 9.999863e-01 1.022793e+02
9.999963e-01 8.403764e-04 2.604635e-03 -1.122333e+01 -8.414993e-04 9.999996e-01 4.301513e-04 -3.496663e-01 -2.604272e-03 -4.323408e-04 9.999965e-01 1.027013e+02
9.999846e-01 -7.724496e-04 -5.497775e-03 -1.065977e+01 7.706793e-04 9.999997e-01 -3.240613e-04 -3.664658e-01 5.498023e-03 3.198186e-04 9.999848e-01 1.027951e+02
9.999974e-01 9.803224e-04 2.055476e-03 -1.058906e+01 -9.812195e-04 9.999994e-01 4.355882e-04 -3.688187e-01 -2.055048e-03 -4.376033e-04 9.999978e-01 1.033317e+02
9.999847e-01 -8.422149e-04 -5.460118e-03 -1.039048e+01 8.409305e-04 9.999996e-01 -2.374848e-04 -3.772870e-01 5.460316e-03 2.328889e-04 9.999851e-01 1.037756e+02
9.999969e-01 9.239835e-04 2.331201e-03 -9.226655e+00 -9.243471e-04 9.999996e-01 1.550003e-04 -3.682248e-01 -2.331057e-03 -1.571540e-04 9.999973e-01 1.032443e+02
9.999867e-01 -8.857359e-04 -5.080611e-03 -8.015015e+00 8.845718e-04 9.999996e-01 -2.313174e-04 -3.603203e-01 5.080813e-03 2.268194e-04 9.999871e-01 1.027030e+02
9.999971e-01 9.237628e-04 2.229758e-03 -7.253002e+00 -9.244241e-04 9.999995e-01 2.956781e-04 -3.594988e-01 -2.229484e-03 -2.977378e-04 9.999975e-01 1.023686e+02
9.999856e-01 -8.206644e-04 -5.304205e-03 -6.764113e+00 8.201568e-04 9.999997e-01 -9.781734e-05 -3.722818e-01 5.304283e-03 9.346497e-05 9.999859e-01 1.025234e+02
9.999943e-01 1.050470e-03 3.223716e-03 -5.892055e+00 -1.051128e-03 9.999994e-01 2.026514e-04 -4.036034e-01 -3.223501e-03 -2.060381e-04 9.999948e-01 1.029906e+02
9.999868e-01 -8.961153e-04 -5.051696e-03 -5.092348e+00 8.955976e-04 9.999996e-01 -1.046959e-04 -4.383000e-01 5.051787e-03 1.001696e-04 9.999872e-01 1.035252e+02
9.999965e-01 9.898559e-04 2.437542e-03 -4.715741e+00 -9.903653e-04 9.999995e-01 2.078484e-04 -4.636342e-01 -2.437334e-03 -2.102610e-04 9.999970e-01 1.040227e+02
9.999862e-01 -8.742989e-04 -5.184759e-03 -4.620932e+00 8.735514e-04 9.999996e-01 -1.463899e-04 -4.820407e-01 5.184884e-03 1.418580e-04 9.999865e-01 1.046448e+02
9.999960e-01 9.393438e-04 2.652529e-03 -4.259339e+00 -9.399443e-04 9.999995e-01 2.252255e-04 -5.022879e-01 -2.652315e-03 -2.277171e-04 9.999965e-01 1.050260e+02
9.999848e-01 -8.787135e-04 -5.446613e-03 -4.066498e+00 8.781021e-04 9.999996e-01 -1.146113e-04 -5.204406e-01 5.446711e-03 1.098262e-04 9.999852e-01 1.054117e+02
9.999942e-01 1.094381e-03 3.215190e-03 -3.229123e+00 -1.094849e-03 9.999994e-01 1.439417e-04 -5.462229e-01 -3.215030e-03 -1.474603e-04 9.999948e-01 1.057864e+02
9.999865e-01 -9.798459e-04 -5.105929e-03 -2.224015e+00 9.794076e-04 9.999995e-01 -8.829245e-05 -5.665587e-01 5.106013e-03 8.328979e-05 9.999870e-01 1.058880e+02
9.999973e-01 1.083975e-03 2.061302e-03 -2.458665e+00 -1.084642e-03 9.999994e-01 3.227596e-04 -5.627952e-01 -2.060950e-03 -3.249938e-04 9.999978e-01 1.060932e+02
9.999886e-01 -8.436424e-04 -4.697222e-03 -3.346610e+00 8.434329e-04 9.999996e-01 -4.653855e-05 -5.301819e-01 4.697259e-03 4.257555e-05 9.999890e-01 1.061443e+02
9.999968e-01 8.253526e-04 2.374489e-03 -3.580702e+00 -8.257981e-04 9.999996e-01 1.867526e-04 -5.298428e-01 -2.374334e-03 -1.887122e-04 9.999972e-01 1.055492e+02
9.999876e-01 -8.420490e-04 -4.900153e-03 -3.427365e+00 8.418544e-04 9.999996e-01 -4.172525e-05 -5.429136e-01 4.900186e-03 3.759884e-05 9.999880e-01 1.054255e+02
9.999963e-01 9.620982e-04 2.530492e-03 -3.033044e+00 -9.623015e-04 9.999995e-01 7.921890e-05 -5.704981e-01 -2.530414e-03 -8.165303e-05 9.999968e-01 1.060321e+02
9.999893e-01 -7.987072e-04 -4.561578e-03 -2.341428e+00 7.987297e-04 9.999997e-01 3.160268e-06 -6.016446e-01 4.561574e-03 -6.804377e-06 9.999896e-01 1.065540e+02
9.999965e-01 9.109376e-04 2.466314e-03 -1.597275e+00 -9.112950e-04 9.999996e-01 1.439047e-04 -6.299123e-01 -2.466181e-03 -1.461511e-04 9.999969e-01 1.069702e+02
9.999864e-01 -9.135181e-04 -5.126856e-03 -1.358494e+00 9.132776e-04 9.999996e-01 -4.920360e-05 -6.454216e-01 5.126898e-03 4.452002e-05 9.999869e-01 1.071567e+02
9.999953e-01 9.183114e-04 2.935131e-03 -8.187691e-01 -9.183327e-04 9.999996e-01 6.004982e-06 -6.548836e-01 -2.935124e-03 -8.699707e-06 9.999957e-01 1.068362e+02
9.999872e-01 -9.000640e-04 -4.976393e-03 6.183337e-03 8.997688e-04 9.999996e-01 -6.150794e-05 -6.657697e-01 4.976446e-03 5.702888e-05 9.999876e-01 1.066988e+02
9.999965e-01 8.744523e-04 2.509240e-03 6.157467e-01 -8.747086e-04 9.999996e-01 1.011498e-04 -6.780775e-01 -2.509150e-03 -1.033436e-04 9.999968e-01 1.066200e+02
9.999881e-01 -8.279437e-04 -4.817382e-03 1.279539e+00 8.280681e-04 9.999997e-01 2.387521e-05 -6.964761e-01 4.817360e-03 -2.786472e-05 9.999884e-01 1.066986e+02
9.999967e-01 9.845395e-04 2.368611e-03 1.794798e+00 -9.847354e-04 9.999995e-01 8.162546e-05 -7.249448e-01 -2.368529e-03 -8.395698e-05 9.999972e-01 1.072553e+02
9.999877e-01 -8.520184e-04 -4.891640e-03 2.203754e+00 8.522642e-04 9.999996e-01 4.821196e-05 -7.551605e-01 4.891597e-03 -5.238101e-05 9.999880e-01 1.079347e+02
9.999965e-01 9.688928e-04 2.447281e-03 2.724670e+00 -9.691314e-04 9.999995e-01 9.641657e-05 -7.823037e-01 -2.447186e-03 -9.878730e-05 9.999970e-01 1.083900e+02
9.999838e-01 -9.206404e-04 -5.611905e-03 3.006316e+00 9.210359e-04 9.999996e-01 6.793680e-05 -7.949519e-01 5.611840e-03 -7.310514e-05 9.999843e-01 1.085883e+02
9.999947e-01 1.054059e-03 3.081889e-03 3.114699e+00 -1.054021e-03 9.999994e-01 -1.371392e-05 -8.182268e-01 -3.081901e-03 1.046614e-05 9.999953e-01 1.093413e+02
9.999887e-01 -7.947431e-04 -4.694504e-03 3.883821e+00 7.950596e-04 9.999997e-01 6.559299e-05 -8.572746e-01 4.694450e-03 -6.932532e-05 9.999890e-01 1.102902e+02
