9.999958e-01 1.219024e-04 -2.906748e-03 -1.037605e-01 -1.216185e-04 1.000000e+00 9.785576e-05 -8.287596e-03 2.906759e-03 -9.750255e-05 9.999958e-01 5.582113e-01
1.000000e+00 2.181167e-05 5.573231e-05 -1.969233e-01 -2.180996e-05 1.000000e+00 -3.021128e-05 -1.842334e-02 -5.573262e-05 3.021077e-05 1.000000e+00 1.247111e+00
9.999954e-01 1.439385e-04 -3.022987e-03 -4.413157e-01 -1.435203e-04 1.000000e+00 1.385760e-04 -1.844508e-02 3.023007e-03 -1.381422e-04 9.999954e-01 1.845481e+00
1.000000e+00 7.258465e-06 1.579069e-04 -5.294149e-01 -7.248814e-06 1.000000e+00 -6.094527e-05 -2.777083e-02 -1.579070e-04 6.094484e-05 1.000000e+00 2.511224e+00
9.999957e-01 1.169614e-04 -2.935835e-03 -5.038707e-01 -1.166101e-04 1.000000e+00 1.198411e-04 -4.520388e-02 2.935849e-03 -1.194990e-04 9.999957e-01 3.194796e+00
9.999999e-01 -1.799052e-05 3.938061e-04 -6.509856e-01 1.797213e-05 1.000000e+00 4.675351e-05 -5.559566e-02 -3.938066e-04 -4.674572e-05 9.999999e-01 3.560140e+00
9.999951e-01 1.247296e-04 -3.126479e-03 -6.603652e-01 -1.245605e-04 1.000000e+00 5.429280e-05 -6.755305e-02 3.126486e-03 -5.390381e-05 9.999951e-01 4.099994e+00
9.999999e-01 -1.368440e-05 4.639940e-04 -7.894928e-01 1.364953e-05 1.000000e+00 7.521559e-05 -7.772765e-02 -4.639947e-04 -7.520854e-05 9.999999e-01 4.571161e+00
9.999948e-01 1.646592e-04 -3.230723e-03 -9.848909e-01 -1.645289e-04 1.000000e+00 4.060590e-05 -8.101853e-02 3.230730e-03 -4.007486e-05 9.999948e-01 5.141550e+00
9.999999e-01 -4.036720e-05 4.322796e-04 -1.234598e+00 4.032034e-05 1.000000e+00 1.084775e-04 -8.196088e-02 -4.322836e-04 -1.084593e-04 9.999999e-01 5.567699e+00
9.999950e-01 1.589802e-04 -3.164356e-03 -1.203795e+00 -1.590615e-04 1.000000e+00 -2.542940e-05 -9.893653e-02 3.164352e-03 2.593188e-05 9.999950e-01 6.159431e+00
9.999999e-01 3.790670e-05 3.662560e-04 -1.505269e+00 -3.796206e-05 1.000000e+00 1.512234e-04 -9.635011e-02 -3.662499e-04 -1.512366e-04 9.999999e-01 6.801795e+00
9.999951e-01 1.113581e-04 -3.113364e-03 -1.737957e+00 -1.113780e-04 1.000000e+00 -6.181111e-06 -9.464877e-02 3.113363e-03 6.527128e-06 9.999952e-01 7.227205e+00
1.000000e+00 5.698714e-05 2.664181e-04 -1.792417e+00 -5.700131e-05 1.000000e+00 5.333137e-05 -1.068306e-01 -2.664147e-04 -5.334584e-05 1.000000e+00 8.029521e+00
9.999953e-01 8.031689e-05 -3.060203e-03 -1.934319e+00 -8.017606e-05 1.000000e+00 4.615576e-05 -1.123417e-01 3.060206e-03 -4.591090e-05 9.999953e-01 8.615321e+00
1.000000e+00 6.906352e-05 2.613535e-04 -2.233562e+00 -6.909640e-05 1.000000e+00 1.259787e-04 -1.078563e-01 -2.613444e-04 -1.259961e-04 1.000000e+00 8.981482e+00
9.999961e-01 4.342005e-05 -2.798377e-03 -2.680806e+00 -4.311930e-05 1.000000e+00 1.075463e-04 -1.002757e-01 2.798381e-03 -1.074259e-04 9.999961e-01 8.934312e+00
1.000000e+00 1.056508e-04 2.368319e-04 -3.007477e+00 -1.056664e-04 1.000000e+00 6.589965e-05 -1.009575e-01 -2.368246e-04 -6.592396e-05 1.000000e+00 9.260618e+00
9.999964e-01 2.248018e-05 -2.671365e-03 -3.237520e+00 -2.214503e-05 1.000000e+00 1.255033e-04 -1.012510e-01 2.671368e-03 -1.254444e-04 9.999964e-01 9.483769e+00
1.000000e+00 1.069073e-04 9.279687e-05 -3.531229e+00 -1.069149e-04 1.000000e+00 8.247955e-05 -9.645310e-02 -9.278771e-05 -8.248876e-05 1.000000e+00 9.647361e+00
9.999967e-01 3.372143e-08 -2.577998e-03 -3.276578e+00 -7.521005e-08 1.000000e+00 -1.607658e-05 -1.088924e-01 2.577998e-03 1.607601e-05 9.999967e-01 1.001824e+01
9.999999e-01 7.751728e-05 3.495569e-04 -3.380797e+00 -7.758257e-05 1.000000e+00 1.868968e-04 -1.106576e-01 -3.495421e-04 -1.869232e-04 9.999999e-01 9.945685e+00
9.999966e-01 -6.512004e-05 -2.620999e-03 -3.354661e+00 6.500350e-05 1.000000e+00 -4.453302e-05 -1.128511e-01 2.621002e-03 4.436178e-05 9.999966e-01 9.682405e+00
9.999999e-01 7.375801e-05 3.535142e-04 -2.817312e+00 -7.376592e-05 1.000000e+00 2.250118e-05 -1.205169e-01 -3.535122e-04 -2.252655e-05 9.999999e-01 9.377717e+00
9.999966e-01 3.757000e-05 -2.615411e-03 -2.337287e+00 -3.738332e-05 1.000000e+00 7.144318e-05 -1.439055e-01 2.615413e-03 -7.134588e-05 9.999966e-01 9.775012e+00
1.000000e+00 6.098465e-05 1.973933e-04 -2.257203e+00 -6.099671e-05 1.000000e+00 6.129649e-05 -1.546958e-01 -1.973892e-04 -6.130782e-05 1.000000e+00 1.010795e+01
9.999971e-01 3.106948e-06 -2.417550e-03 -1.685702e+00 -3.081642e-06 1.000000e+00 1.049100e-05 -1.769607e-01 2.417550e-03 -1.048424e-05 9.999971e-01 1.031066e+01
1.000000e+00 5.493635e-05 3.866159e-05 -9.975529e-01 -5.493869e-05 1.000000e+00 6.177249e-05 -1.938378e-01 -3.865785e-05 -6.177390e-05 1.000000e+00 1.041578e+01
9.999968e-01 6.771816e-05 -2.535768e-03 -1.260618e+00 -6.754815e-05 1.000000e+00 6.714928e-05 -1.837208e-01 2.535772e-03 -6.697849e-05 9.999968e-01 1.044376e+01
9.999999e-01 1.391867e-04 -3.956999e-04 -1.789026e+00 -1.391464e-04 1.000000e+00 1.016326e-04 -1.665731e-01 3.957144e-04 -1.015768e-04 9.999999e-01 1.083901e+01
9.999972e-01 3.123887e-07 -2.352825e-03 -2.006077e+00 -1.731531e-07 1.000000e+00 5.920013e-05 -1.647479e-01 2.352825e-03 -5.920027e-05 9.999972e-01 1.117066e+01
1.000000e+00 -1.271459e-06 -1.656516e-04 -1.562777e+00 1.271464e-06 1.000000e+00 -2.928434e-07 -1.755061e-01 1.656519e-04 2.933443e-07 1.000000e+00 1.102924e+01
9.999974e-01 -1.197256e-05 -2.279396e-03 -9.724289e-01 1.193042e-05 1.000000e+00 -1.848024e-05 -1.839008e-01 2.279396e-03 1.845229e-05 9.999974e-01 1.081931e+01
1.000000e+00 -4.623220e-05 -2.973164e-04 -5.916549e-01 4.624124e-05 1.000000e+00 3.021812e-05 -1.817385e-01 2.973153e-04 -3.023116e-05 1.000000e+00 1.023237e+01
9.999979e-01 -6.662487e-06 -2.046033e-03 -4.304507e-01 6.621331e-06 1.000000e+00 -2.009512e-05 -1.785186e-01 2.046032e-03 2.008082e-05 9.999979e-01 9.476558e+00
1.000000e+00 -2.189146e-05 -3.071388e-04 -5.003195e-01 2.194522e-05 1.000000e+00 1.748548e-04 -1.795653e-01 3.071353e-04 -1.748608e-04 9.999999e-01 8.934872e+00
9.999974e-01 1.075290e-04 -2.263657e-03 -9.594782e-01 -1.072891e-04 1.000000e+00 1.061144e-04 -1.740031e-01 2.263668e-03 -1.058719e-04 9.999974e-01 8.864590e+00
9.999995e-01 4.446987e-05 -9.718270e-04 -1.116586e+00 -4.449639e-05 1.000000e+00 -2.732815e-05 -1.799029e-01 9.718261e-04 2.737209e-05 9.999995e-01 9.485809e+00
9.999975e-01 8.176466e-05 -2.215606e-03 -1.176835e+00 -8.157134e-05 1.000000e+00 8.737273e-05 -1.919622e-01 2.215612e-03 -8.719250e-05 9.999975e-01 1.017355e+01
9.999996e-01 5.258327e-05 -9.365652e-04 -1.417261e+00 -5.251490e-05 1.000000e+00 7.296029e-05 -1.926956e-01 9.365694e-04 -7.291037e-05 9.999996e-01 1.061455e+01
9.999974e-01 8.409609e-05 -2.286730e-03 -1.644579e+00 -8.397143e-05 1.000000e+00 5.463994e-05 -1.930629e-01 2.286734e-03 -5.444849e-05 9.999974e-01 1.110167e+01
9.999996e-01 5.873530e-05 -8.761073e-04 -1.932532e+00 -5.864768e-05 1.000000e+00 9.995906e-05 -1.907075e-01 8.761135e-04 -9.990693e-05 9.999996e-01 1.153755e+01
9.999976e-01 1.072074e-04 -2.173809e-03 -2.400543e+00 -1.070004e-04 1.000000e+00 9.537784e-05 -1.783175e-01 2.173819e-03 -9.514573e-05 9.999976e-01 1.185328e+01
9.999996e-01 6.438148e-05 -8.695909e-04 -2.957995e+00 -6.427133e-05 1.000000e+00 1.266186e-04 -1.609429e-01 8.695993e-04 -1.265620e-04 9.999996e-01 1.202903e+01
9.999969e-01 1.514385e-04 -2.471427e-03 -3.538425e+00 -1.512842e-04 1.000000e+00 6.265008e-05 -1.403315e-01 2.471436e-03 -6.227671e-05 9.999969e-01 1.235459e+01
9.999998e-01 4.995455e-05 -6.583041e-04 -4.126315e+00 -4.986593e-05 1.000000e+00 1.345270e-04 -1.212485e-01 6.583111e-04 -1.344934e-04 9.999998e-01 1.262653e+01
9.999975e-01 9.796239e-05 -2.247137e-03 -4.667992e+00 -9.773424e-05 1.000000e+00 1.016657e-04 -1.060429e-01 2.247146e-03 -1.014465e-04 9.999975e-01 1.271747e+01
9.999999e-01 3.886454e-05 -4.216666e-04 -5.230502e+00 -3.879439e-05 1.000000e+00 1.662034e-04 -9.042223e-02 4.216734e-04 -1.661863e-04 9.999999e-01 1.274146e+01
9.999967e-01 1.532267e-04 -2.565412e-03 -5.872627e+00 -1.530762e-04 1.000000e+00 5.887015e-05 -6.731744e-02 2.565420e-03 -5.847796e-05 9.999967e-01 1.292160e+01
9.999999e-01 8.133245e-05 -4.380843e-04 -6.602980e+00 -8.125697e-05 1.000000e+00 1.721619e-04 -3.904261e-02 4.380986e-04 -1.721256e-04 9.999999e-01 1.317324e+01
9.999960e-01 1.143893e-04 -2.816164e-03 -6.915427e+00 -1.145976e-04 1.000000e+00 -7.380344e-05 -3.311955e-02 2.816155e-03 7.412516e-05 9.999960e-01 1.376274e+01
9.999999e-01 9.837713e-05 -4.616007e-04 -7.401631e+00 -9.825690e-05 1.000000e+00 2.603108e-04 -1.767789e-02 4.616266e-04 -2.602647e-04 9.999999e-01 1.421976e+01
9.999979e-01 1.538372e-04 -2.055629e-03 -8.376810e+00 -1.537837e-04 1.000000e+00 2.622331e-05 1.790213e-02 2.055633e-03 -2.590784e-05 9.999979e-01 1.423088e+01
9.999995e-01 -7.657138e-05 -1.001011e-03 -8.437461e+00 7.669169e-05 1.000000e+00 1.200787e-04 7.322075e-03 1.001002e-03 -1.201547e-04 9.999995e-01 1.450735e+01
9.999982e-01 1.359569e-04 -1.911008e-03 -8.334890e+00 -1.360403e-04 1.000000e+00 -4.344500e-05 -1.214702e-02 1.911001e-03 4.370418e-05 9.999982e-01 1.504117e+01
9.999995e-01 -5.154620e-05 -1.013347e-03 -8.089105e+00 5.170699e-05 1.000000e+00 1.585718e-04 -3.033706e-02 1.013339e-03 -1.586234e-04 9.999995e-01 1.535758e+01
9.999983e-01 1.865597e-04 -1.812631e-03 -8.625204e+00 -1.863960e-04 1.000000e+00 9.051894e-05 -1.528300e-02 1.812648e-03 -9.018163e-05 9.999984e-01 1.540586e+01
9.999992e-01 -2.433326e-05 -1.268979e-03 -9.139568e+00 2.449880e-05 1.000000e+00 1.303757e-04 1.298869e-03 1.268976e-03 -1.304060e-04 9.999992e-01 1.560407e+01
9.999985e-01 4.102277e-05 -1.741812e-03 -8.923305e+00 -4.104264e-05 1.000000e+00 -1.132855e-05 -1.228678e-02 1.741811e-03 1.139931e-05 9.999985e-01 1.573501e+01
9.999993e-01 -2.996249e-05 -1.141179e-03 -8.790993e+00 3.009118e-05 1.000000e+00 1.126884e-04 -3.722940e-03 1.141176e-03 -1.127220e-04 9.999993e-01 1.536654e+01
9.999999e-01 2.298143e-05 -4.868624e-04 -9.185617e+00 -2.298387e-05 1.000000e+00 -4.839641e-06 6.230308e-03 4.868619e-04 4.850121e-06 9.999999e-01 1.437340e+01
9.999988e-01 1.620060e-04 -1.519303e-03 -9.109918e+00 -1.620308e-04 1.000000e+00 -1.623171e-05 -1.871115e-02 1.519301e-03 1.647857e-05 9.999988e-01 1.526498e+01
1.000000e+00 2.175616e-05 1.540490e-04 -8.865412e+00 -2.172635e-05 1.000000e+00 -1.940832e-04 -5.839827e-02 -1.540535e-04 1.940792e-04 1.000000e+00 1.663778e+01
9.999975e-01 -4.260048e-05 -2.233352e-03 -9.058655e+00 4.329987e-05 1.000000e+00 3.130718e-04 -5.422862e-02 2.233339e-03 -3.131671e-04 9.999975e-01 1.590533e+01
9.999997e-01 1.081084e-04 -7.041523e-04 -9.192564e+00 -1.081891e-04 1.000000e+00 -1.143946e-04 -5.381435e-02 7.041395e-04 1.144701e-04 9.999997e-01 1.588034e+01
9.999981e-01 -9.469425e-05 -1.957712e-03 -9.262619e+00 9.524727e-05 1.000000e+00 2.823492e-04 -5.711827e-02 1.957685e-03 -2.825344e-04 9.999980e-01 1.559025e+01
9.999999e-01 3.414209e-05 -3.578887e-04 -9.259425e+00 -3.422151e-05 1.000000e+00 -2.216787e-04 -5.636990e-02 3.578808e-04 2.216902e-04 9.999999e-01 1.485440e+01
9.999984e-01 -7.557112e-05 -1.811095e-03 -9.278199e+00 7.604398e-05 1.000000e+00 2.609784e-04 -5.411296e-02 1.811075e-03 -2.611150e-04 9.999983e-01 1.404372e+01
9.999999e-01 4.351289e-05 -4.468865e-04 -9.304763e+00 -4.358144e-05 1.000000e+00 -1.531924e-04 -5.407486e-02 4.468795e-04 1.532112e-04 9.999999e-01 1.342506e+01
9.999971e-01 5.221584e-05 -2.408463e-03 -9.660381e+00 -5.144538e-05 9.999999e-01 3.199222e-04 -4.606558e-02 2.408480e-03 -3.197967e-04 9.999970e-01 1.327918e+01
1.000000e+00 2.070848e-05 1.935994e-04 -1.010121e+01 -2.068600e-05 1.000000e+00 -1.165608e-04 -3.276256e-02 -1.936022e-04 1.165561e-04 1.000000e+00 1.288654e+01
9.999970e-01 1.991669e-05 -2.459966e-03 -1.041031e+01 -1.925590e-05 1.000000e+00 2.686040e-04 -2.265111e-02 2.459972e-03 -2.685551e-04 9.999969e-01 1.238196e+01
9.999998e-01 -3.036793e-05 5.951728e-04 -1.068449e+01 3.046228e-05 1.000000e+00 -1.586610e-04 -1.329722e-02 -5.951683e-04 1.586784e-04 9.999998e-01 1.150695e+01
9.999967e-01 6.034559e-05 -2.550129e-03 -1.106938e+01 -5.957844e-05 1.000000e+00 3.008657e-04 -2.630264e-04 2.550147e-03 -3.007121e-04 9.999967e-01 1.079167e+01
9.999997e-01 -6.503640e-05 7.255396e-04 -1.136576e+01 6.517692e-05 1.000000e+00 -1.937787e-04 1.153101e-02 -7.255273e-04 1.938252e-04 9.999997e-01 9.918617e+00
9.999971e-01 1.031950e-04 -2.416208e-03 -1.185484e+01 -1.023772e-04 9.999999e-01 3.385399e-04 2.990492e-02 2.416243e-03 -3.382909e-04 9.999970e-01 9.115307e+00
1.000000e+00 1.214450e-04 2.013462e-04 -1.276097e+01 -1.214357e-04 1.000000e+00 -4.634522e-05 5.890115e-02 -2.013522e-04 4.632006e-05 1.000000e+00 8.963282e+00
9.999966e-01 9.048621e-05 -2.593318e-03 -1.355811e+01 -8.963958e-05 9.999999e-01 3.265433e-04 8.438039e-02 2.593348e-03 -3.263091e-04 9.999966e-01 8.844055e+00
1.000000e+00 -3.883050e-06 -1.531058e-04 -1.384680e+01 3.854443e-06 1.000000e+00 -1.862133e-04 9.304085e-02 1.531062e-04 1.862120e-04 1.000000e+00 8.576164e+00
9.999975e-01 6.483477e-05 -2.256963e-03 -1.419971e+01 -6.400733e-05 9.999999e-01 3.666437e-04 1.049862e-01 2.256987e-03 -3.664976e-04 9.999974e-01 8.193180e+00
9.999993e-01 1.661220e-04 -1.195212e-03 -1.468398e+01 -1.664118e-04 1.000000e+00 -2.422958e-04 1.176148e-01 1.195171e-03 2.424938e-04 9.999993e-01 8.738566e+00
9.999982e-01 2.797916e-05 -1.893138e-03 -1.470468e+01 -2.759408e-05 1.000000e+00 2.033801e-04 9.866902e-02 1.893144e-03 -2.033268e-04 9.999982e-01 9.796336e+00
9.999986e-01 1.766051e-04 -1.651586e-03 -1.483433e+01 -1.768951e-04 1.000000e+00 -1.753406e-04 9.119401e-02 1.651555e-03 1.756318e-04 9.999986e-01 1.075776e+01
9.999983e-01 -1.452459e-05 -1.861164e-03 -1.501794e+01 1.500057e-05 1.000000e+00 2.556741e-04 8.908905e-02 1.861160e-03 -2.557008e-04 9.999982e-01 1.139088e+01
9.999989e-01 1.489702e-04 -1.457212e-03 -1.500863e+01 -1.492982e-04 1.000000e+00 -2.249011e-04 8.009432e-02 1.457178e-03 2.251177e-04 9.999989e-01 1.204889e+01
9.999986e-01 -2.766695e-05 -1.648014e-03 -1.505340e+01 2.814325e-05 1.000000e+00 2.889306e-04 8.047256e-02 1.648006e-03 -2.889759e-04 9.999986e-01 1.256306e+01
9.999986e-01 2.244839e-04 -1.648766e-03 -1.510672e+01 -2.249970e-04 9.999999e-01 -3.109517e-04 6.654290e-02 1.648696e-03 3.113215e-04 9.999986e-01 1.345710e+01
9.999995e-01 -5.535844e-05 -9.815536e-04 -1.498880e+01 5.562840e-05 1.000000e+00 2.748965e-04 3.619969e-02 9.815386e-04 -2.749503e-04 9.999995e-01 1.453314e+01
9.999983e-01 1.231373e-04 -1.818908e-03 -1.493809e+01 -1.234833e-04 1.000000e+00 -1.900762e-04 3.586555e-02 1.818884e-03 1.902998e-04 9.999983e-01 1.452961e+01
9.999992e-01 2.536726e-05 -1.253337e-03 -1.472287e+01 -2.513888e-05 1.000000e+00 1.821478e-04 3.784159e-02 1.253342e-03 -1.821154e-04 9.999992e-01 1.486563e+01
9.999985e-01 1.448224e-04 -1.697528e-03 -1.461091e+01 -1.451529e-04 1.000000e+00 -1.945048e-04 2.566354e-02 1.697499e-03 1.947502e-04 9.999985e-01 1.554749e+01
9.999994e-01 -5.527490e-05 -1.100995e-03 -1.442919e+01 5.552678e-05 1.000000e+00 2.286450e-04 -2.018765e-03 1.100982e-03 -2.287053e-04 9.999994e-01 1.626350e+01
9.999988e-01 1.490359e-05 -1.572646e-03 -1.435011e+01 -1.518446e-05 1.000000e+00 -1.785127e-04 2.146187e-03 1.572643e-03 1.785356e-04 9.999987e-01 1.568475e+01
9.999993e-01 1.359180e-04 -1.216326e-03 -1.410314e+01 -1.356530e-04 1.000000e+00 2.178912e-04 -2.283028e-02 1.216356e-03 -2.177253e-04 9.999992e-01 1.654263e+01
9.999968e-01 2.041168e-04 -2.529621e-03 -1.411522e+01 -2.046860e-04 1.000000e+00 -2.247115e-04 -2.082496e-02 2.529575e-03 2.252278e-04 9.999968e-01 1.759129e+01
9.999988e-01 3.575395e-05 -1.549731e-03 -1.428958e+01 -3.531404e-05 1.000000e+00 2.838180e-04 -1.481078e-02 1.549741e-03 -2.837622e-04 9.999988e-01 1.839469e+01
9.999975e-01 1.604290e-04 -2.247656e-03 -1.435404e+01 -1.609078e-04 1.000000e+00 -2.128028e-04 -1.668520e-02 2.247622e-03 2.131632e-04 9.999975e-01 1.919115e+01
9.999985e-01 1.753357e-04 -1.724265e-03 -1.451803e+01 -1.748820e-04 1.000000e+00 2.632125e-04 1.842545e-02 1.724311e-03 -2.629098e-04 9.999985e-01 1.947020e+01
9.999979e-01 -5.057956e-05 -2.042310e-03 -1.446497e+01 5.032184e-05 1.000000e+00 -1.261804e-04 2.262651e-02 2.042316e-03 1.260767e-04 9.999979e-01 1.993168e+01
1.000000e+00 2.192395e-05 -3.123520e-04 -1.445045e+01 -2.185457e-05 1.000000e+00 2.217238e-04 2.745196e-02 3.123572e-04 -2.217163e-04 9.999999e-01 1.928302e+01
9.999978e-01 9.532524e-06 -2.100736e-03 -1.463031e+01 -9.721528e-06 1.000000e+00 -8.990319e-05 3.619781e-02 2.100734e-03 8.992271e-05 9.999978e-01 1.878491e+01
1.000000e+00 1.865102e-04 -2.023518e-04 -1.535595e+01 -1.864408e-04 9.999999e-01 3.420487e-04 6.659258e-02 2.024160e-04 -3.420102e-04 9.999999e-01 1.859346e+01
9.999978e-01 -4.031244e-05 -2.100705e-03 -1.606262e+01 3.993574e-05 1.000000e+00 -1.793077e-04 9.529882e-02 2.100712e-03 1.792227e-04 9.999978e-01 1.822167e+01
1.000000e+00 1.322912e-05 -2.925089e-04 -1.591024e+01 -1.316523e-05 1.000000e+00 2.179991e-04 9.950187e-02 2.925121e-04 -2.179946e-04 9.999999e-01 1.741894e+01
9.999977e-01 -4.030198e-05 -2.129456e-03 -1.547397e+01 3.962329e-05 9.999999e-01 -3.186987e-04 1.109694e-01 2.129469e-03 3.186129e-04 9.999977e-01 1.645741e+01
9.999999e-01 -2.197781e-05 -4.046476e-04 -1.528998e+01 2.211725e-05 9.999999e-01 3.442767e-04 1.130122e-01 4.046403e-04 -3.442849e-04 9.999999e-01 1.575420e+01
9.999970e-01 5.816244e-05 -2.447846e-03 -1.512986e+01 -5.876705e-05 1.000000e+00 -2.468758e-04 9.611440e-02 2.447832e-03 2.470182e-04 9.999970e-01 1.605565e+01
9.999996e-01 1.029307e-04 -8.484812e-04 -1.491697e+01 -1.026184e-04 9.999999e-01 3.678896e-04 8.827172e-02 8.485194e-04 -3.678017e-04 9.999996e-01 1.651188e+01
9.999972e-01 -3.729284e-05 -2.382350e-03 -1.511499e+01 3.696859e-05 1.000000e+00 -1.360972e-04 9.544428e-02 2.382355e-03 1.360080e-04 9.999972e-01 1.654891e+01
9.999999e-01 2.730710e-04 4.173505e-04 -1.609629e+01 -2.732483e-04 9.999999e-01 4.250707e-04 1.281421e-01 -4.172341e-04 -4.251840e-04 9.999998e-01 1.629953e+01
9.999940e-01 -1.342548e-04 -3.459756e-03 -1.651128e+01 1.333892e-04 1.000000e+00 -2.503880e-04 1.402757e-01 3.459789e-03 2.499243e-04 9.999940e-01 1.633874e+01
9.999999e-01 1.872536e-04 4.299584e-04 -1.610383e+01 -1.874128e-04 9.999999e-01 3.704815e-04 1.269134e-01 -4.298887e-04 -3.705613e-04 9.999998e-01 1.660807e+01
9.999921e-01 7.872597e-05 -3.971477e-03 -1.621133e+01 -8.006203e-05 9.999999e-01 -3.362241e-04 1.343461e-01 3.971450e-03 3.365387e-04 9.999921e-01 1.725876e+01
1.000000e+00 2.387286e-04 9.156169e-05 -1.601048e+01 -2.387773e-04 9.999998e-01 5.338729e-04 1.485633e-01 -9.143391e-05 -5.338940e-04 9.999999e-01 1.770631e+01
9.999942e-01 -1.319366e-04 -3.416522e-03 -1.529668e+01 1.304484e-04 9.999999e-01 -4.357671e-04 1.501817e-01 3.416579e-03 4.353182e-04 9.999941e-01 1.756314e+01
9.999997e-01 6.855435e-04 -4.722075e-04 -1.411829e+01 -6.854172e-04 9.999997e-01 2.673288e-04 2.121630e-01 4.723910e-04 -2.670044e-04 9.999999e-01 1.737417e+01
9.999948e-01 -2.895914e-04 -3.217809e-03 -1.347496e+01 2.880282e-04 9.999998e-01 -4.862100e-04 2.576106e-01 3.217949e-03 4.852799e-04 9.999947e-01 1.765091e+01
9.999997e-01 4.644905e-04 6.525494e-04 -1.246155e+01 -4.647676e-04 9.999998e-01 4.247793e-04 2.570613e-01 -6.523517e-04 -4.250817e-04 9.999997e-01 1.755901e+01
9.999954e-01 -4.378674e-04 -2.999581e-03 -1.159875e+01 4.363899e-04 9.999998e-01 -4.931536e-04 2.586095e-01 2.999796e-03 4.918416e-04 9.999954e-01 1.708902e+01
9.999998e-01 4.398865e-04 4.262308e-04 -1.115588e+01 -4.401485e-04 9.999997e-01 6.150540e-04 2.488265e-01 -4.259598e-04 -6.152408e-04 9.999997e-01 1.689615e+01
9.999964e-01 -3.702033e-04 -2.663760e-03 -1.141257e+01 3.690757e-04 9.999998e-01 -4.237281e-04 2.546767e-01 2.663917e-03 4.227428e-04 9.999964e-01 1.669234e+01
9.999999e-01 4.094498e-04 3.513694e-05 -1.091408e+01 -4.094664e-04 9.999998e-01 4.769005e-04 2.429931e-01 -3.494135e-05 -4.769142e-04 9.999999e-01 1.678414e+01
9.999967e-01 -3.792391e-04 -2.543269e-03 -1.028988e+01 3.780856e-04 9.999998e-01 -4.539512e-04 2.318180e-01 2.543441e-03 4.529874e-04 9.999967e-01 1.680304e+01
9.999999e-01 3.738752e-04 8.101932e-05 -9.881716e+00 -3.739177e-04 9.999998e-01 5.272437e-04 2.257297e-01 -8.082187e-05 -5.272733e-04 9.999999e-01 1.649331e+01
9.999973e-01 -3.612465e-04 -2.277899e-03 -9.571726e+00 3.601623e-04 9.999998e-01 -4.762978e-04 2.221794e-01 2.278071e-03 4.754754e-04 9.999973e-01 1.606458e+01
9.999999e-01 3.954793e-04 1.304130e-04 -9.668443e+00 -3.955566e-04 9.999997e-01 5.942312e-04 2.247743e-01 -1.301776e-04 -5.942820e-04 9.999998e-01 1.569610e+01
9.999969e-01 -3.240558e-04 -2.455075e-03 -9.185362e+00 3.227290e-04 9.999998e-01 -5.407375e-04 2.065392e-01 2.455249e-03 5.399428e-04 9.999968e-01 1.595951e+01
9.999999e-01 3.884712e-04 -4.100533e-05 -8.666647e+00 -3.884460e-04 9.999997e-01 6.102172e-04 1.908222e-01 4.124269e-05 -6.102005e-04 9.999998e-01 1.618546e+01
9.999969e-01 -3.371923e-04 -2.478223e-03 -7.872409e+00 3.355814e-04 9.999997e-01 -6.503354e-04 1.823867e-01 2.478442e-03 6.495010e-04 9.999967e-01 1.610249e+01
9.999996e-01 4.716576e-04 -8.017812e-04 -7.083496e+00 -4.711233e-04 9.999997e-01 6.662705e-04 1.854385e-01 8.020955e-04 -6.658917e-04 9.999995e-01 1.605214e+01
9.999990e-01 -3.925625e-04 -1.361449e-03 -6.014747e+00 3.916649e-04 9.999997e-01 -6.594070e-04 1.769633e-01 1.361707e-03 6.588724e-04 9.999989e-01 1.590460e+01
9.999975e-01 6.699977e-04 -2.122526e-03 -5.632120e+00 -6.683979e-04 9.999995e-01 7.542735e-04 1.726233e-01 2.123031e-03 -7.528522e-04 9.999975e-01 1.650704e+01
9.999999e-01 -4.634722e-04 8.870837e-05 -4.809679e+00 4.635271e-04 9.999997e-01 -6.216760e-04 1.434675e-01 -8.842052e-05 6.217164e-04 9.999998e-01 1.702021e+01
9.999970e-01 6.140059e-04 -2.378361e-03 -4.107894e+00 -6.121669e-04 9.999995e-01 7.737785e-04 1.179189e-01 2.378835e-03 -7.723195e-04 9.999969e-01 1.740027e+01
9.999999e-01 -4.517918e-04 -4.561765e-05 -3.586361e+00 4.517609e-04 9.999997e-01 -6.722029e-04 9.394411e-02 4.592102e-05 6.721816e-04 9.999998e-01 1.790793e+01
9.999980e-01 6.025648e-04 -1.891571e-03 -2.679675e+00 -6.010091e-04 9.999995e-01 8.227692e-04 6.713133e-02 1.892066e-03 -8.216300e-04 9.999979e-01 1.821160e+01
9.999999e-01 -4.607684e-04 -1.134437e-05 -1.919720e+00 4.607600e-04 9.999996e-01 -7.179253e-04 3.558819e-02 1.167485e-05 7.179193e-04 9.999997e-01 1.863241e+01
9.999981e-01 6.031770e-04 -1.853616e-03 -1.038268e+00 -6.015618e-04 9.999994e-01 8.717419e-04 8.275694e-03 1.854141e-03 -8.706245e-04 9.999979e-01 1.893754e+01
9.999998e-01 -3.389250e-04 4.643138e-04 -9.482210e-02 3.393288e-04 9.999996e-01 -8.702487e-04 -3.446503e-02 -4.640190e-04 8.704054e-04 9.999995e-01 1.966858e+01
9.999989e-01 5.714392e-04 -1.391497e-03 1.008468e+00 -5.700333e-04 9.999993e-01 1.010426e-03 -7.509042e-02 1.392074e-03 -1.009631e-03 9.999985e-01 2.023752e+01
9.999997e-01 -4.270508e-04 -5.847989e-04 1.893018e+00 4.265368e-04 9.999995e-01 -8.784823e-04 -1.014564e-01 5.851735e-04 8.782320e-04 9.999994e-01 2.050660e+01
9.999985e-01 4.795968e-04 -1.685702e-03 2.453764e+00 -4.780294e-04 9.999995e-01 9.299976e-04 -1.224629e-01 1.686148e-03 -9.291897e-04 9.999981e-01 2.074290e+01
9.999998e-01 -4.099299e-04 -5.713953e-04 2.955071e+00 4.094331e-04 9.999995e-01 -8.689531e-04 -1.439366e-01 5.717509e-04 8.687183e-04 9.999995e-01 2.104869e+01
9.999979e-01 5.693672e-04 -1.967326e-03 3.034809e+00 -5.675822e-04 9.999994e-01 9.076823e-04 -1.589092e-01 1.967842e-03 -9.065631e-04 9.999977e-01 2.176856e+01
9.999998e-01 -4.743737e-04 -4.461303e-04 3.484924e+00 4.739761e-04 9.999995e-01 -8.906322e-04 -1.788433e-01 4.465523e-04 8.904199e-04 9.999995e-01 2.218563e+01
9.999976e-01 5.487425e-04 -2.103426e-03 3.746688e+00 -5.467026e-04 9.999994e-01 9.701417e-04 -1.913709e-01 2.103957e-03 -9.689887e-04 9.999973e-01 2.249220e+01
9.999998e-01 -3.537436e-04 -5.083250e-04 3.372727e+00 3.533292e-04 9.999996e-01 -8.147871e-04 -1.874505e-01 5.086127e-04 8.146066e-04 9.999995e-01 2.294853e+01
9.999978e-01 5.413937e-04 -2.038601e-03 3.129172e+00 -5.395151e-04 9.999994e-01 9.218418e-04 -1.876701e-01 2.039099e-03 -9.207392e-04 9.999975e-01 2.354808e+01
9.999997e-01 -3.879862e-04 -6.210332e-04 3.014055e+00 3.874775e-04 9.999996e-01 -8.187005e-04 -1.946423e-01 6.213502e-04 8.184590e-04 9.999995e-01 2.418645e+01
9.999978e-01 5.488362e-04 -2.003776e-03 2.547975e+00 -5.467173e-04 9.999993e-01 1.057785e-03 -1.864904e-01 2.004356e-03 -1.056686e-03 9.999974e-01 2.441548e+01
9.999998e-01 -3.742870e-04 -5.732541e-04 2.017693e+00 3.738160e-04 9.999996e-01 -8.212975e-04 -1.737589e-01 5.735609e-04 8.210823e-04 9.999995e-01 2.458265e+01
9.999980e-01 5.155576e-04 -1.920760e-03 1.764217e+00 -5.135535e-04 9.999993e-01 1.043655e-03 -1.724252e-01 1.921297e-03 -1.042666e-03 9.999976e-01 2.484534e+01
9.999997e-01 -3.799130e-04 -6.557263e-04 1.336816e+00 3.793701e-04 9.999996e-01 -8.275199e-04 -1.659055e-01 6.560401e-04 8.272702e-04 9.999994e-01 2.510145e+01
9.999978e-01 5.391114e-04 -2.032374e-03 8.885075e-01 -5.369548e-04 9.999993e-01 1.061423e-03 -1.579422e-01 2.032945e-03 -1.060328e-03 9.999974e-01 2.531333e+01
9.999997e-01 -3.889954e-04 -5.970432e-04 6.875924e-01 3.884500e-04 9.999995e-01 -9.131913e-04 -1.627826e-01 5.973978e-04 9.129585e-04 9.999994e-01 2.574948e+01
9.999981e-01 4.793097e-04 -1.874737e-03 9.116937e-01 -4.774092e-04 9.999994e-01 1.013964e-03 -1.822834e-01 1.875222e-03 -1.013066e-03 9.999977e-01 2.619674e+01
9.999999e-01 -3.481531e-04 3.121974e-04 1.620939e+00 3.484382e-04 9.999995e-01 -9.144180e-04 -2.199211e-01 -3.118792e-04 9.145260e-04 9.999995e-01 2.675018e+01
9.999972e-01 4.609971e-04 -2.319671e-03 2.253952e+00 -4.585992e-04 9.999994e-01 1.034103e-03 -2.545097e-01 2.320146e-03 -1.033036e-03 9.999968e-01 2.730510e+01
9.999999e-01 -3.612403e-04 -3.477016e-04 2.637807e+00 3.609244e-04 9.999995e-01 -9.076198e-04 -2.793233e-01 3.480290e-04 9.074935e-04 9.999995e-01 2.778891e+01
9.999978e-01 4.711031e-04 -2.046290e-03 3.268009e+00 -4.689824e-04 9.999994e-01 1.036604e-03 -3.055878e-01 2.046777e-03 -1.035641e-03 9.999974e-01 2.817432e+01
9.999998e-01 -3.900616e-04 -4.743707e-04 3.901663e+00 3.896217e-04 9.999995e-01 -9.266606e-04 -3.274871e-01 4.747316e-04 9.264749e-04 9.999995e-01 2.843947e+01
9.999982e-01 5.191129e-04 -1.848414e-03 4.473479e+00 -5.172650e-04 9.999994e-01 9.999673e-04 -3.526649e-01 1.848932e-03 -9.990086e-04 9.999978e-01 2.887595e+01
9.999998e-01 -4.140817e-04 -4.243620e-04 5.061598e+00 4.136699e-04 9.999994e-01 -9.694660e-04 -3.776724e-01 4.247629e-04 9.692896e-04 9.999994e-01 2.937597e+01
9.999962e-01 7.377024e-04 -2.647441e-03 5.385539e+00 -7.350168e-04 9.999992e-01 1.015191e-03 -3.846008e-01 2.648188e-03 -1.013241e-03 9.999960e-01 3.011555e+01
9.999995e-01 -5.365886e-04 -8.018039e-04 5.412085e+00 5.358159e-04 9.999994e-01 -9.633209e-04 -3.736882e-01 8.023201e-04 9.628901e-04 9.999992e-01 3.070169e+01
9.999984e-01 6.461063e-04 -1.689617e-03 5.474166e+00 -6.442913e-04 9.999992e-01 1.074392e-03 -3.824252e-01 1.690310e-03 -1.073300e-03 9.999980e-01 3.102668e+01
9.999996e-01 -4.814204e-04 -7.388046e-04 6.101839e+00 4.806942e-04 9.999994e-01 -9.826255e-04 -4.049447e-01 7.392769e-04 9.822692e-04 9.999992e-01 3.146605e+01
9.999984e-01 5.819946e-04 -1.710984e-03 6.667124e+00 -5.801530e-04 9.999993e-01 1.076518e-03 -4.291896e-01 1.711609e-03 -1.075523e-03 9.999980e-01 3.185345e+01
9.999994e-01 -4.839425e-04 -9.615273e-04 7.369542e+00 4.829297e-04 9.999993e-01 -1.053109e-03 -4.334380e-01 9.620360e-04 1.052643e-03 9.999990e-01 3.186236e+01
9.999985e-01 6.949439e-04 -1.572228e-03 7.414783e+00 -6.930362e-04 9.999990e-01 1.213485e-03 -3.919559e-01 1.573070e-03 -1.212393e-03 9.999980e-01 3.155079e+01
9.999999e-01 -4.426028e-04 1.876734e-04 8.153188e+00 4.428545e-04 9.999990e-01 -1.344309e-03 -3.454465e-01 -1.870785e-04 1.344391e-03 9.999991e-01 2.964212e+01
9.999978e-01 9.855685e-04 -1.829721e-03 1.196950e+01 -9.850489e-04 9.999995e-01 2.847945e-04 -2.321924e-01 1.830001e-03 -2.829909e-04 9.999983e-01 2.626846e+01
9.999996e-01 -7.083939e-04 4.503633e-04 1.450459e+01 7.088938e-04 9.999991e-01 -1.111207e-03 -1.710719e-01 -4.495760e-04 1.111526e-03 9.999993e-01 2.413558e+01
9.999968e-01 6.789256e-04 -2.424574e-03 1.425125e+01 -6.758235e-04 9.999990e-01 1.279984e-03 -1.646909e-01 2.425441e-03 -1.278340e-03 9.999962e-01 2.347102e+01
9.999998e-01 -6.200358e-04 2.628854e-04 1.378084e+01 6.203176e-04 9.999992e-01 -1.073969e-03 -1.540334e-01 -2.622196e-04 1.074131e-03 9.999994e-01 2.300174e+01
9.999961e-01 5.508455e-04 -2.725660e-03 1.384195e+01 -5.476337e-04 9.999992e-01 1.178879e-03 -1.559169e-01 2.726307e-03 -1.177381e-03 9.999956e-01 2.244695e+01
9.999998e-01 -5.523084e-04 8.535223e-05 1.389407e+01 5.523976e-04 9.999993e-01 -1.050679e-03 -1.588994e-01 -8.477217e-05 1.050725e-03 9.999994e-01 2.208674e+01
9.999986e-01 6.989025e-04 -1.511946e-03 1.325838e+01 -6.972976e-04 9.999992e-01 1.061633e-03 -1.103237e-01 1.512687e-03 -1.060577e-03 9.999983e-01 2.057407e+01
9.999997e-01 -6.357723e-04 3.199187e-04 1.246550e+01 6.361183e-04 9.999992e-01 -1.082954e-03 -6.268461e-02 -3.192302e-04 1.083156e-03 9.999994e-01 1.915842e+01
9.999974e-01 8.774310e-04 -2.116774e-03 1.220323e+01 -8.749576e-04 9.999989e-01 1.169004e-03 -7.794093e-02 2.117798e-03 -1.167148e-03 9.999971e-01 1.971725e+01
9.999996e-01 -7.980935e-04 2.556403e-04 1.206460e+01 7.983871e-04 9.999990e-01 -1.151419e-03 -8.777304e-02 -2.547214e-04 1.151622e-03 9.999993e-01 1.986481e+01
9.999969e-01 7.589636e-04 -2.377377e-03 1.198502e+01 -7.561083e-04 9.999990e-01 1.201603e-03 -8.310806e-02 2.378287e-03 -1.199801e-03 9.999965e-01 1.897391e+01
9.999996e-01 -7.773197e-04 4.193825e-04 1.182700e+01 7.777791e-04 9.999991e-01 -1.096830e-03 -7.854062e-02 -4.185298e-04 1.097155e-03 9.999993e-01 1.808957e+01
9.999955e-01 8.079758e-04 -2.891708e-03 1.163707e+01 -8.042498e-04 9.999988e-01 1.289358e-03 -7.463839e-02 2.892746e-03 -1.287025e-03 9.999950e-01 1.771282e+01
9.999997e-01 -7.763713e-04 2.289569e-04 1.164731e+01 7.766237e-04 9.999991e-01 -1.105203e-03 -7.460700e-02 -2.280989e-04 1.105380e-03 9.999994e-01 1.743273e+01
9.999952e-01 8.024252e-04 -2.980055e-03 1.205780e+01 -7.987383e-04 9.999989e-01 1.238134e-03 -8.438753e-02 2.981046e-03 -1.235747e-03 9.999948e-01 1.728512e+01
9.999997e-01 -7.771387e-04 5.621605e-05 1.235813e+01 7.772002e-04 9.999991e-01 -1.105990e-03 -9.270954e-02 -5.535679e-05 1.106033e-03 9.999994e-01 1.716429e+01
9.999951e-01 8.792996e-04 -2.994472e-03 1.195564e+01 -8.753439e-04 9.999987e-01 1.321992e-03 -8.397761e-02 2.995631e-03 -1.319364e-03 9.999946e-01 1.717265e+01
9.999996e-01 -8.263634e-04 3.840083e-04 1.163157e+01 8.267886e-04 9.999990e-01 -1.109016e-03 -8.099155e-02 -3.830918e-04 1.109332e-03 9.999993e-01 1.698830e+01
9.999940e-01 9.163491e-04 -3.332513e-03 1.170585e+01 -9.123929e-04 9.999989e-01 1.188420e-03 -1.022447e-01 3.333598e-03 -1.185372e-03 9.999937e-01 1.759753e+01
9.999995e-01 -7.185699e-04 6.879070e-04 1.178906e+01 7.194245e-04 9.999990e-01 -1.243207e-03 -1.314370e-01 -6.870133e-04 1.243700e-03 9.999990e-01 1.874163e+01
9.999951e-01 9.073830e-04 -2.992591e-03 1.202263e+01 -9.037963e-04 9.999989e-01 1.199578e-03 -1.684520e-01 2.993677e-03 -1.196867e-03 9.999948e-01 1.988448e+01
9.999992e-01 -7.769051e-04 9.556127e-04 1.260373e+01 7.779770e-04 9.999991e-01 -1.122042e-03 -2.020571e-01 -9.547404e-04 1.122783e-03 9.999989e-01 2.047139e+01
9.999934e-01 8.871411e-04 -3.528247e-03 1.299915e+01 -8.828762e-04 9.999989e-01 1.210096e-03 -2.257396e-01 3.529317e-03 -1.206972e-03 9.999930e-01 2.092249e+01
9.999993e-01 -7.241053e-04 9.719286e-04 1.312166e+01 7.253084e-04 9.999990e-01 -1.238181e-03 -2.571127e-01 -9.710314e-04 1.238884e-03 9.999988e-01 2.196183e+01
9.999917e-01 7.935425e-04 -4.008016e-03 1.319975e+01 -7.882203e-04 9.999988e-01 1.329248e-03 -2.777754e-01 4.009067e-03 -1.326077e-03 9.999911e-01 2.248192e+01
9.999989e-01 -7.350428e-04 1.274920e-03 1.406120e+01 7.367567e-04 9.999988e-01 -1.344528e-03 -2.781388e-01 -1.273931e-03 1.345465e-03 9.999983e-01 2.213916e+01
9.999916e-01 8.381927e-04 -4.005157e-03 1.419087e+01 -8.325760e-04 9.999987e-01 1.403781e-03 -3.022205e-01 4.006329e-03 -1.400434e-03 9.999910e-01 2.276735e+01
9.999993e-01 -6.499124e-04 1.011417e-03 1.418394e+01 6.513448e-04 9.999988e-01 -1.416739e-03 -3.228644e-01 -1.010495e-03 1.417396e-03 9.999985e-01 2.376840e+01
9.999903e-01 8.741396e-04 -4.310803e-03 1.399457e+01 -8.679620e-04 9.999986e-01 1.434675e-03 -3.270376e-01 4.312051e-03 -1.430919e-03 9.999897e-01 2.470020e+01
9.999994e-01 -5.872371e-04 9.022324e-04 1.375636e+01 5.885730e-04 9.999987e-01 -1.481349e-03 -3.282537e-01 -9.013617e-04 1.481879e-03 9.999985e-01 2.580431e+01
9.999904e-01 8.300158e-04 -4.292941e-03 1.359512e+01 -8.237727e-04 9.999986e-01 1.455790e-03 -3.339247e-01 4.294143e-03 -1.452239e-03 9.999897e-01 2.686144e+01
9.999994e-01 -5.870515e-04 8.765074e-04 1.353178e+01 5.883330e-04 9.999988e-01 -1.462778e-03 -3.465153e-01 -8.756479e-04 1.463292e-03 9.999985e-01 2.797594e+01
9.999902e-01 8.576887e-04 -4.337240e-03 1.341771e+01 -8.515177e-04 9.999986e-01 1.424384e-03 -3.566310e-01 4.338456e-03 -1.420677e-03 9.999896e-01 2.928977e+01
9.999989e-01 -8.082341e-04 1.267672e-03 1.363516e+01 8.100503e-04 9.999986e-01 -1.433006e-03 -3.516310e-01 -1.266513e-03 1.434030e-03 9.999982e-01 2.881383e+01
9.999947e-01 8.143496e-04 -3.157200e-03 1.442754e+01 -8.106913e-04 9.999990e-01 1.159742e-03 -3.034699e-01 3.158142e-03 -1.157175e-03 9.999943e-01 2.651556e+01
9.999993e-01 -7.665240e-04 9.077708e-04 1.572171e+01 7.679193e-04 9.999985e-01 -1.537980e-03 -2.512878e-01 -9.065909e-04 1.538675e-03 9.999984e-01 2.431685e+01
9.999950e-01 7.499396e-04 -3.070386e-03 1.649566e+01 -7.461597e-04 9.999990e-01 1.231987e-03 -2.155114e-01 3.071307e-03 -1.229689e-03 9.999945e-01 2.247907e+01
9.999996e-01 -7.615519e-04 4.574165e-04 1.677462e+01 7.621060e-04 9.999990e-01 -1.213004e-03 -2.196544e-01 -4.564926e-04 1.213352e-03 9.999992e-01 2.214558e+01
9.999941e-01 1.025856e-03 -3.274498e-03 1.738722e+01 -1.021475e-03 9.999986e-01 1.339131e-03 -2.346760e-01 3.275867e-03 -1.335778e-03 9.999937e-01 2.264727e+01
9.999992e-01 -8.735811e-04 9.158019e-04 1.808556e+01 8.747372e-04 9.999988e-01 -1.262949e-03 -2.502927e-01 -9.146978e-04 1.263748e-03 9.999988e-01 2.299267e+01
9.999911e-01 1.082638e-03 -4.065630e-03 1.782246e+01 -1.076848e-03 9.999984e-01 1.425994e-03 -2.530215e-01 4.067168e-03 -1.421602e-03 9.999907e-01 2.376036e+01
9.999989e-01 -8.719338e-04 1.199289e-03 1.787951e+01 8.736840e-04 9.999986e-01 -1.459833e-03 -2.794586e-01 -1.198015e-03 1.460879e-03 9.999982e-01 2.496638e+01
9.999919e-01 1.123003e-03 -3.861363e-03 1.795679e+01 -1.117847e-03 9.999985e-01 1.336918e-03 -3.098122e-01 3.862859e-03 -1.332590e-03 9.999917e-01 2.634601e+01
9.999995e-01 -8.597061e-04 5.647163e-04 1.786238e+01 8.604938e-04 9.999987e-01 -1.396489e-03 -3.244688e-01 -5.635152e-04 1.396973e-03 9.999989e-01 2.754558e+01
9.999907e-01 1.186092e-03 -4.148374e-03 1.772869e+01 -1.180750e-03 9.999985e-01 1.289872e-03 -3.358393e-01 4.149898e-03 -1.284961e-03 9.999906e-01 2.891438e+01
9.999986e-01 -1.001414e-03 1.345671e-03 1.783918e+01 1.003160e-03 9.999987e-01 -1.298135e-03 -3.665886e-01 -1.344370e-03 1.299482e-03 9.999983e-01 3.000964e+01
9.999911e-01 1.187616e-03 -4.049475e-03 1.797203e+01 -1.182434e-03 9.999985e-01 1.281752e-03 -3.959765e-01 4.050991e-03 -1.276952e-03 9.999910e-01 3.107785e+01
9.999992e-01 -1.004222e-03 8.218246e-04 1.778070e+01 1.005113e-03 9.999989e-01 -1.084876e-03 -4.048326e-01 -8.207345e-04 1.085701e-03 9.999991e-01 3.147847e+01
9.999937e-01 1.088721e-03 -3.383522e-03 1.834066e+01 -1.084939e-03 9.999988e-01 1.119403e-03 -4.033818e-01 3.384737e-03 -1.115725e-03 9.999936e-01 3.109390e+01
9.999995e-01 -9.708802e-04 3.009349e-04 1.843793e+01 9.711755e-04 9.999990e-01 -9.834136e-04 -4.062741e-01 -2.999801e-04 9.837046e-04 9.999995e-01 3.110026e+01
9.999942e-01 1.139173e-03 -3.212660e-03 1.851030e+01 -1.136005e-03 9.999989e-01 9.876588e-04 -4.294222e-01 3.213782e-03 -9.840028e-04 9.999944e-01 3.203340e+01
9.999995e-01 -8.850138e-04 5.257623e-04 1.857265e+01 8.855913e-04 9.999990e-01 -1.099653e-03 -4.582301e-01 -5.247888e-04 1.100117e-03 9.999993e-01 3.339967e+01
9.999936e-01 1.157321e-03 -3.393047e-03 1.858423e+01 -1.154071e-03 9.999989e-01 9.596145e-04 -4.834368e-01 3.394154e-03 -9.556918e-04 9.999938e-01 3.477687e+01
9.999992e-01 -9.203242e-04 8.128097e-04 1.868359e+01 9.211826e-04 9.999990e-01 -1.056642e-03 -5.143093e-01 -8.118367e-04 1.057390e-03 9.999991e-01 3.610717e+01
9.999929e-01 1.189913e-03 -3.569337e-03 1.874077e+01 -1.186682e-03 9.999989e-01 9.071560e-04 -5.435162e-01 3.570413e-03 -9.029132e-04 9.999932e-01 3.753594e+01
9.999993e-01 -9.326141e-04 7.114346e-04 1.874620e+01 9.333332e-04 9.999991e-01 -1.011459e-03 -5.678107e-01 -7.104909e-04 1.012122e-03 9.999992e-01 3.887446e+01
9.999917e-01 1.175406e-03 -3.897297e-03 1.870261e+01 -1.171730e-03 9.999989e-01 9.452630e-04 -5.854379e-01 3.898404e-03 -9.406879e-04 9.999920e-01 4.003280e+01
9.999992e-01 -1.002009e-03 7.780704e-04 1.880223e+01 1.002733e-03 9.999991e-01 -9.306089e-04 -6.073172e-01 -7.771374e-04 9.313877e-04 9.999993e-01 4.092245e+01
9.999926e-01 1.179066e-03 -3.662897e-03 1.894238e+01 -1.175778e-03 9.999989e-01 8.996097e-04 -6.310941e-01 3.663954e-03 -8.952956e-04 9.999929e-01 4.187393e+01
9.999994e-01 -9.756697e-04 4.822776e-04 1.892065e+01 9.761071e-04 9.999991e-01 -9.079291e-04 -6.469504e-01 -4.813917e-04 9.083987e-04 9.999995e-01 4.284548e+01
9.999923e-01 1.071667e-03 -3.774988e-03 1.918911e+01 -1.068384e-03 9.999990e-01 8.715093e-04 -6.593555e-01 3.775919e-03 -8.674688e-04 9.999925e-01 4.326223e+01
9.999976e-01 -1.165715e-03 1.843751e-03 1.931691e+01 1.167531e-03 9.999988e-01 -9.842885e-04 -6.470699e-01 -1.842601e-03 9.864381e-04 9.999978e-01 4.205503e+01
9.999924e-01 1.184487e-03 -3.705330e-03 1.894258e+01 -1.180256e-03 9.999986e-01 1.143695e-03 -6.356087e-01 3.706680e-03 -1.139312e-03 9.999925e-01 4.125846e+01
9.999975e-01 -1.222938e-03 1.858711e-03 1.875202e+01 1.225025e-03 9.999986e-01 -1.122008e-03 -6.231608e-01 -1.857337e-03 1.124281e-03 9.999976e-01 4.012944e+01
9.999938e-01 1.112876e-03 -3.330233e-03 1.870685e+01 -1.109759e-03 9.999989e-01 9.375460e-04 -6.000161e-01 3.331273e-03 -9.338438e-04 9.999940e-01 3.830329e+01
9.999975e-01 -1.152915e-03 1.922327e-03 1.849914e+01 1.154596e-03 9.999990e-01 -8.738076e-04 -5.847238e-01 -1.921318e-03 8.760243e-04 9.999978e-01 3.699837e+01
9.999904e-01 1.118563e-03 -4.241469e-03 1.854978e+01 -1.115093e-03 9.999990e-01 8.201840e-04 -5.740463e-01 4.242382e-03 -8.154458e-04 9.999907e-01 3.585552e+01
9.999947e-01 -1.220241e-03 3.027218e-03 1.854833e+01 1.223194e-03 9.999988e-01 -9.736556e-04 -5.490409e-01 -3.026027e-03 9.773526e-04 9.999949e-01 3.403099e+01
9.999838e-01 1.213357e-03 -5.561641e-03 1.869521e+01 -1.207550e-03 9.999987e-01 1.047271e-03 -5.503505e-01 5.562905e-03 -1.040538e-03 9.999840e-01 3.356776e+01
9.999964e-01 -1.002442e-03 2.475267e-03 1.885505e+01 1.005044e-03 9.999989e-01 -1.050201e-03 -5.703769e-01 -2.474211e-03 1.052684e-03 9.999964e-01 3.445935e+01
9.999856e-01 1.006519e-03 -5.273544e-03 1.877613e+01 -1.001223e-03 9.999990e-01 1.006620e-03 -5.644550e-01 5.274552e-03 -1.001325e-03 9.999856e-01 3.369947e+01
9.999941e-01 -1.087157e-03 3.247774e-03 1.886911e+01 1.090538e-03 9.999989e-01 -1.039686e-03 -5.550914e-01 -3.246641e-03 1.043221e-03 9.999942e-01 3.263674e+01
9.999787e-01 1.171363e-03 -6.424810e-03 1.892079e+01 -1.164123e-03 9.999987e-01 1.130403e-03 -5.707449e-01 6.426126e-03 -1.122899e-03 9.999787e-01 3.312735e+01
9.999939e-01 -1.036976e-03 3.329541e-03 1.893574e+01 1.040618e-03 9.999989e-01 -1.092360e-03 -5.886587e-01 -3.328404e-03 1.095817e-03 9.999939e-01 3.385248e+01
9.999774e-01 1.198071e-03 -6.613288e-03 1.882983e+01 -1.190608e-03 9.999987e-01 1.132388e-03 -5.959859e-01 6.614636e-03 -1.124488e-03 9.999775e-01 3.460552e+01
9.999937e-01 -1.041798e-03 3.379832e-03 1.859183e+01 1.045258e-03 9.999989e-01 -1.022136e-03 -5.973490e-01 -3.378764e-03 1.025661e-03 9.999938e-01 3.512092e+01
9.999788e-01 1.124540e-03 -6.419492e-03 1.850973e+01 -1.117065e-03 9.999987e-01 1.167853e-03 -6.078112e-01 6.420797e-03 -1.160657e-03 9.999787e-01 3.548612e+01
9.999946e-01 -9.817909e-04 3.128710e-03 1.842230e+01 9.853274e-04 9.999989e-01 -1.129075e-03 -6.165869e-01 -3.127598e-03 1.132151e-03 9.999945e-01 3.617355e+01
