9.999960e-01 2.180573e-04 -2.822038e-03 2.975743e-01 -2.177075e-04 1.000000e+00 1.242465e-04 1.861715e-03 2.822065e-03 -1.236323e-04 9.999960e-01 -1.152686e-01
9.999997e-01 -1.587908e-04 7.337714e-04 1.039332e+00 1.590159e-04 9.999999e-01 -3.067227e-04 3.724355e-02 -7.337223e-04 3.068400e-04 9.999997e-01 -1.545377e+00
9.999916e-01 3.350806e-04 -4.085913e-03 1.144614e+00 -3.340162e-04 9.999999e-01 2.611705e-04 4.358248e-02 4.085999e-03 -2.598042e-04 9.999916e-01 -1.125661e+00
9.999999e-01 -1.381770e-04 3.510353e-04 9.749178e-01 1.382436e-04 1.000000e+00 -1.895504e-04 5.412949e-02 -3.510088e-04 1.895996e-04 9.999999e-01 -5.076481e-01
9.999920e-01 3.266229e-04 -3.986724e-03 6.492233e-01 -3.254660e-04 9.999999e-01 2.908531e-04 6.549396e-02 3.986818e-03 -2.895540e-04 9.999920e-01 8.912891e-02
9.999998e-01 -1.479040e-04 5.548680e-04 5.062685e-01 1.480489e-04 1.000000e+00 -2.610748e-04 6.148610e-02 -5.548290e-04 2.611576e-04 9.999998e-01 8.550103e-01
9.999938e-01 2.937521e-04 -3.510561e-03 5.576271e-01 -2.928269e-04 9.999999e-01 2.640657e-04 4.076704e-02 3.510638e-03 -2.630368e-04 9.999938e-01 1.694130e+00
9.999998e-01 -8.322048e-05 5.876211e-04 5.958113e-01 8.339738e-05 1.000000e+00 -3.009723e-04 1.848907e-02 -5.875957e-04 3.010220e-04 9.999998e-01 2.789418e+00
9.999919e-01 3.450191e-04 -4.022321e-03 3.885030e-01 -3.438945e-04 9.999999e-01 2.802882e-04 1.710980e-02 4.022417e-03 -2.789034e-04 9.999919e-01 3.854127e+00
9.999998e-01 -9.019687e-05 6.790354e-04 9.840581e-02 9.036978e-05 1.000000e+00 -2.545557e-04 2.350463e-02 -6.790121e-04 2.546178e-04 9.999997e-01 4.809292e+00
9.999937e-01 3.279499e-04 -3.545715e-03 -3.512491e-01 -3.266198e-04 9.999999e-01 3.756897e-04 3.806470e-02 3.545838e-03 -3.745300e-04 9.999936e-01 5.486084e+00
9.999997e-01 -1.344478e-04 7.859546e-04 -4.954762e-01 1.346030e-04 1.000000e+00 -1.973244e-04 4.430485e-02 -7.859277e-04 1.974308e-04 9.999997e-01 5.848849e+00
9.999947e-01 2.363542e-04 -3.257491e-03 1.301440e-01 -2.353358e-04 9.999999e-01 3.130299e-04 4.508610e-02 3.257564e-03 -3.122623e-04 9.999946e-01 5.390003e+00
9.999997e-01 -1.123191e-04 8.053062e-04 7.023824e-01 1.125461e-04 1.000000e+00 -2.817821e-04 4.369655e-02 -8.052742e-04 2.818733e-04 9.999996e-01 5.330721e+00
9.999940e-01 3.752038e-04 -3.431943e-03 1.091668e+00 -3.743150e-04 9.999999e-01 2.596242e-04 1.877126e-02 3.432040e-03 -2.583388e-04 9.999941e-01 6.222669e+00
9.999994e-01 -1.228392e-04 1.041687e-03 1.363716e+00 1.231427e-04 9.999999e-01 -2.913344e-04 -9.946471e-03 -1.041651e-03 2.914632e-04 9.999994e-01 7.352788e+00
9.999927e-01 3.618312e-04 -3.806160e-03 1.350883e+00 -3.611161e-04 9.999999e-01 1.885829e-04 -3.079555e-02 3.806227e-03 -1.872078e-04 9.999927e-01 8.648609e+00
9.999998e-01 -1.482536e-04 6.509077e-04 1.321994e+00 1.484049e-04 1.000000e+00 -2.323592e-04 -4.807933e-02 -6.508729e-04 2.324565e-04 9.999998e-01 9.735487e+00
9.999927e-01 3.188467e-04 -3.795627e-03 1.321843e+00 -3.179719e-04 9.999999e-01 2.310969e-04 -6.386264e-02 3.795700e-03 -2.298890e-04 9.999928e-01 1.060265e+01
9.999999e-01 -1.044624e-04 5.067738e-04 1.247254e+00 1.045909e-04 1.000000e+00 -2.535813e-04 -7.550651e-02 -5.067469e-04 2.536349e-04 9.999998e-01 1.158985e+01
9.999944e-01 3.854200e-04 -3.313253e-03 1.338766e+00 -3.849658e-04 9.999999e-01 1.377357e-04 -1.020571e-01 3.313305e-03 -1.364602e-04 9.999945e-01 1.295285e+01
9.999999e-01 -9.710248e-05 3.454570e-04 1.355170e+00 9.718508e-05 1.000000e+00 -2.389566e-04 -1.204711e-01 -3.454334e-04 2.389909e-04 9.999999e-01 1.425152e+01
9.999964e-01 4.348753e-04 -2.638948e-03 1.758136e+00 -4.343406e-04 9.999999e-01 2.031808e-04 -1.438417e-01 2.639036e-03 -2.020346e-04 9.999965e-01 1.537578e+01
1.000000e+00 -6.331758e-05 2.509775e-04 2.103089e+00 6.338106e-05 1.000000e+00 -2.527271e-04 -1.540475e-01 -2.509611e-04 2.527437e-04 9.999999e-01 1.635520e+01
9.999962e-01 3.696306e-04 -2.717725e-03 2.270882e+00 -3.693652e-04 9.999999e-01 9.817262e-05 -1.834645e-01 2.717761e-03 -9.716913e-05 9.999963e-01 1.784148e+01
1.000000e+00 -4.610350e-05 5.952875e-05 2.450289e+00 4.611168e-05 1.000000e+00 -1.365646e-04 -2.034259e-01 -5.952211e-05 1.365680e-04 1.000000e+00 1.906613e+01
9.999961e-01 3.565543e-04 -2.781243e-03 2.619521e+00 -3.565476e-04 9.999999e-01 2.908502e-06 -2.304153e-01 2.781244e-03 -1.917557e-06 9.999961e-01 2.047285e+01
9.999999e-01 -7.702960e-05 4.013499e-04 2.949829e+00 7.708889e-05 1.000000e+00 -1.475825e-04 -2.676549e-01 -4.013382e-04 1.476142e-04 9.999999e-01 2.185408e+01
9.999964e-01 3.671421e-04 -2.640735e-03 3.290671e+00 -3.670898e-04 9.999999e-01 2.030623e-05 -3.063996e-01 2.640741e-03 -1.933748e-05 9.999965e-01 2.323316e+01
1.000000e+00 -1.175432e-04 -1.337934e-04 3.356210e+00 1.175265e-04 1.000000e+00 -1.256486e-04 -3.328886e-01 1.338085e-04 1.256336e-04 1.000000e+00 2.457968e+01
9.999958e-01 3.325445e-04 -2.874817e-03 3.396170e+00 -3.323455e-04 9.999999e-01 6.974279e-05 -3.552507e-01 2.874840e-03 -6.878778e-05 9.999959e-01 2.569213e+01
1.000000e+00 -1.192053e-04 9.334631e-05 3.513427e+00 1.192186e-04 1.000000e+00 -1.426989e-04 -3.835403e-01 -9.332896e-05 1.427107e-04 1.000000e+00 2.687321e+01
9.999952e-01 3.114116e-04 -3.092631e-03 3.530388e+00 -3.110541e-04 9.999999e-01 1.161199e-04 -4.035695e-01 3.092666e-03 -1.151581e-04 9.999952e-01 2.789990e+01
1.000000e+00 -1.425808e-04 3.231045e-05 3.538799e+00 1.425844e-04 1.000000e+00 -1.087790e-04 -4.214631e-01 -3.229460e-05 1.087843e-04 1.000000e+00 2.880337e+01
9.999956e-01 2.786552e-04 -2.949007e-03 3.631155e+00 -2.782572e-04 1.000000e+00 1.353828e-04 -4.423058e-01 2.949044e-03 -1.345623e-04 9.999956e-01 2.960243e+01
9.999999e-01 -1.151046e-04 -3.519460e-04 3.423553e+00 1.150924e-04 1.000000e+00 -3.467960e-05 -4.408490e-01 3.519503e-04 3.463981e-05 9.999999e-01 3.022429e+01
9.999955e-01 2.976393e-04 -2.968454e-03 3.305631e+00 -2.974522e-04 1.000000e+00 6.350947e-05 -4.446336e-01 2.968472e-03 -6.262693e-05 9.999956e-01 3.099715e+01
1.000000e+00 -1.303799e-04 -1.352228e-04 3.278907e+00 1.303788e-04 1.000000e+00 -8.465802e-06 -4.545461e-01 1.352243e-04 8.448883e-06 1.000000e+00 3.173206e+01
9.999959e-01 2.778795e-04 -2.848424e-03 2.840141e+00 -2.772672e-04 9.999999e-01 2.153692e-04 -4.440497e-01 2.848483e-03 -2.145792e-04 9.999959e-01 3.195799e+01
1.000000e+00 -1.436068e-04 -1.907410e-04 2.430508e+00 1.436025e-04 1.000000e+00 -2.325620e-05 -4.357810e-01 1.907447e-04 2.322952e-05 1.000000e+00 3.219020e+01
9.999956e-01 2.789854e-04 -2.939036e-03 2.214981e+00 -2.785249e-04 9.999999e-01 1.571369e-04 -4.363147e-01 2.939079e-03 -1.563183e-04 9.999957e-01 3.264105e+01
1.000000e+00 -1.489052e-04 -2.174659e-04 2.014318e+00 1.488948e-04 1.000000e+00 -4.838329e-05 -4.379709e-01 2.174734e-04 4.835162e-05 1.000000e+00 3.311873e+01
9.999967e-01 2.887944e-04 -2.559926e-03 2.298792e+00 -2.886150e-04 1.000000e+00 7.047521e-05 -4.616197e-01 2.559946e-03 -6.973686e-05 9.999967e-01 3.369445e+01
9.999998e-01 -1.709770e-04 -6.092033e-04 2.269612e+00 1.709805e-04 1.000000e+00 5.686553e-06 -4.728568e-01 6.092027e-04 -5.790003e-06 9.999998e-01 3.427912e+01
9.999969e-01 2.762748e-04 -2.475083e-03 2.385061e+00 -2.760599e-04 1.000000e+00 8.716947e-05 -4.885035e-01 2.475107e-03 -8.648664e-05 9.999969e-01 3.475765e+01
9.999998e-01 -1.836313e-04 -6.032538e-04 2.425628e+00 1.836206e-04 1.000000e+00 -1.792783e-05 -5.044858e-01 6.032574e-04 1.781776e-05 9.999998e-01 3.527524e+01
9.999968e-01 3.082048e-04 -2.515614e-03 2.319539e+00 -3.078666e-04 9.999999e-01 1.348586e-04 -5.103550e-01 2.515655e-03 -1.340844e-04 9.999968e-01 3.576602e+01
9.999998e-01 -1.881124e-04 -6.300360e-04 2.099840e+00 1.881058e-04 1.000000e+00 -1.061328e-05 -5.118457e-01 6.300383e-04 1.049547e-05 9.999998e-01 3.617794e+01
9.999977e-01 2.931872e-04 -2.146522e-03 2.201782e+00 -2.931290e-04 1.000000e+00 2.746534e-05 -5.360896e-01 2.146529e-03 -2.683678e-05 9.999977e-01 3.687666e+01
9.999996e-01 -1.848032e-04 -8.649088e-04 2.256269e+00 1.848241e-04 1.000000e+00 2.402119e-05 -5.548715e-01 8.649047e-04 -2.418033e-05 9.999996e-01 3.750783e+01
9.999987e-01 2.410974e-04 -1.586269e-03 3.089707e+00 -2.412172e-04 1.000000e+00 -7.524671e-05 -5.603652e-01 1.586250e-03 7.562854e-05 9.999987e-01 3.726539e+01
9.999991e-01 -1.679235e-04 -1.334723e-03 3.206450e+00 1.681229e-04 1.000000e+00 1.492550e-04 -5.806381e-01 1.334698e-03 -1.494786e-04 9.999991e-01 3.773281e+01
9.999983e-01 3.289203e-04 -1.788060e-03 3.179466e+00 -3.291873e-04 9.999999e-01 -1.489380e-04 -5.969416e-01 1.788011e-03 1.495257e-04 9.999984e-01 3.853904e+01
9.999992e-01 -2.587200e-04 -1.259620e-03 3.157837e+00 2.590571e-04 9.999999e-01 2.673723e-04 -6.126914e-01 1.259551e-03 -2.676977e-04 9.999992e-01 3.891249e+01
9.999987e-01 3.647834e-04 -1.595040e-03 3.311902e+00 -3.651209e-04 9.999999e-01 -2.112447e-04 -6.340297e-01 1.594962e-03 2.118261e-04 9.999987e-01 3.947930e+01
9.999992e-01 -3.007077e-04 -1.264787e-03 3.639548e+00 3.010317e-04 9.999999e-01 2.559681e-04 -6.521998e-01 1.264710e-03 -2.563479e-04 9.999992e-01 3.979772e+01
9.999987e-01 4.397960e-04 -1.554718e-03 3.738834e+00 -4.401866e-04 9.999999e-01 -2.508820e-04 -6.764034e-01 1.554608e-03 2.515653e-04 9.999988e-01 4.062718e+01
9.999993e-01 -2.687962e-04 -1.121812e-03 3.933850e+00 2.690840e-04 9.999999e-01 2.563618e-04 -7.029033e-01 1.121744e-03 -2.566628e-04 9.999993e-01 4.148977e+01
9.999979e-01 3.273540e-04 -2.008167e-03 3.947762e+00 -3.276575e-04 9.999999e-01 -1.507900e-04 -7.123474e-01 2.008117e-03 1.514469e-04 9.999980e-01 4.167735e+01
9.999995e-01 -2.700236e-04 -9.823078e-04 3.928135e+00 2.703064e-04 9.999999e-01 2.877299e-04 -7.150683e-01 9.822304e-04 -2.879946e-04 9.999995e-01 4.163529e+01
9.999983e-01 3.396216e-04 -1.817993e-03 4.167192e+00 -3.399998e-04 9.999999e-01 -2.076901e-04 -7.250632e-01 1.817922e-03 2.083072e-04 9.999983e-01 4.178046e+01
9.999991e-01 -2.489063e-04 -1.285185e-03 4.129894e+00 2.492707e-04 9.999999e-01 2.832898e-04 -7.393695e-01 1.285115e-03 -2.836092e-04 9.999991e-01 4.230838e+01
9.999982e-01 3.538028e-04 -1.841041e-03 4.152229e+00 -3.542296e-04 9.999999e-01 -2.314439e-04 -7.580976e-01 1.840959e-03 2.320949e-04 9.999983e-01 4.293947e+01
9.999996e-01 -2.636242e-04 -8.462427e-04 4.368975e+00 2.638602e-04 9.999999e-01 2.786928e-04 -7.847264e-01 8.461695e-04 -2.789152e-04 9.999996e-01 4.356486e+01
9.999976e-01 3.505244e-04 -2.145538e-03 4.301657e+00 -3.509117e-04 9.999999e-01 -1.801150e-04 -7.996282e-01 2.145474e-03 1.808668e-04 9.999977e-01 4.400328e+01
9.999995e-01 -2.280054e-04 -1.020744e-03 4.309018e+00 2.282378e-04 9.999999e-01 2.274475e-04 -8.169793e-01 1.020692e-03 -2.276796e-04 9.999995e-01 4.471346e+01
9.999971e-01 3.661211e-04 -2.376098e-03 4.063762e+00 -3.663577e-04 9.999999e-01 -9.911325e-05 -8.150033e-01 2.376061e-03 9.998275e-05 9.999972e-01 4.516138e+01
9.999998e-01 -2.627259e-04 -5.128994e-04 3.800778e+00 2.628693e-04 9.999999e-01 2.794130e-04 -8.173069e-01 5.128263e-04 -2.795471e-04 9.999998e-01 4.528930e+01
9.999966e-01 4.109899e-04 -2.566093e-03 3.411538e+00 -4.112124e-04 9.999999e-01 -8.611591e-05 -8.110745e-01 2.566057e-03 8.717012e-05 9.999967e-01 4.557654e+01
9.999999e-01 -2.510566e-04 -4.658098e-04 2.931138e+00 2.511979e-04 9.999999e-01 3.031099e-04 -8.008940e-01 4.657340e-04 -3.032261e-04 9.999998e-01 4.568777e+01
9.999972e-01 3.517392e-04 -2.360803e-03 2.632936e+00 -3.520365e-04 9.999999e-01 -1.254506e-04 -8.003500e-01 2.360758e-03 1.262807e-04 9.999972e-01 4.574232e+01
9.999997e-01 -2.077892e-04 -7.094481e-04 2.550718e+00 2.079305e-04 1.000000e+00 1.988935e-04 -8.098711e-01 7.094071e-04 -1.990403e-04 9.999997e-01 4.639004e+01
9.999973e-01 3.370009e-04 -2.289736e-03 2.594042e+00 -3.373657e-04 9.999999e-01 -1.589169e-04 -8.283387e-01 2.289682e-03 1.596882e-04 9.999974e-01 4.708125e+01
9.999997e-01 -1.810602e-04 -8.108011e-04 2.489705e+00 1.812551e-04 1.000000e+00 2.402044e-04 -8.376227e-01 8.107579e-04 -2.403506e-04 9.999996e-01 4.778707e+01
9.999970e-01 3.974038e-04 -2.428795e-03 2.114640e+00 -3.977632e-04 9.999999e-01 -1.474513e-04 -8.298944e-01 2.428736e-03 1.484162e-04 9.999970e-01 4.845544e+01
9.999997e-01 -1.812539e-04 -7.252493e-04 1.866453e+00 1.814084e-04 1.000000e+00 2.127935e-04 -8.280445e-01 7.252110e-04 -2.129243e-04 9.999997e-01 4.922824e+01
9.999975e-01 2.990600e-04 -2.210575e-03 1.950492e+00 -2.993251e-04 9.999999e-01 -1.195414e-04 -8.398265e-01 2.210538e-03 1.202021e-04 9.999975e-01 4.977052e+01
9.999996e-01 -1.570922e-04 -8.279551e-04 1.949772e+00 1.572470e-04 1.000000e+00 1.867232e-04 -8.526655e-01 8.279261e-04 -1.868527e-04 9.999996e-01 5.043136e+01
9.999976e-01 2.952280e-04 -2.193460e-03 1.976879e+00 -2.955898e-04 9.999999e-01 -1.646033e-04 -8.695268e-01 2.193411e-03 1.652505e-04 9.999976e-01 5.119906e+01
9.999996e-01 -2.043347e-04 -8.927062e-04 1.910335e+00 2.045804e-04 9.999999e-01 2.750464e-04 -8.812470e-01 8.926503e-04 -2.752282e-04 9.999996e-01 5.165033e+01
9.999975e-01 3.480348e-04 -2.192013e-03 1.894488e+00 -3.485370e-04 9.999999e-01 -2.286775e-04 -8.948362e-01 2.191932e-03 2.294402e-04 9.999976e-01 5.235125e+01
9.999994e-01 -1.850356e-04 -1.108055e-03 1.761412e+00 1.853143e-04 1.000000e+00 2.514050e-04 -9.004943e-01 1.108009e-03 -2.516095e-04 9.999994e-01 5.314487e+01
9.999978e-01 2.839416e-04 -2.069620e-03 1.629843e+00 -2.841879e-04 1.000000e+00 -1.186793e-04 -9.070153e-01 2.069585e-03 1.192665e-04 9.999979e-01 5.351073e+01
9.999995e-01 -1.683183e-04 -1.017938e-03 1.328522e+00 1.686242e-04 9.999999e-01 3.003228e-04 -9.053382e-01 1.017888e-03 -3.004936e-04 9.999994e-01 5.376683e+01
9.999976e-01 3.244517e-04 -2.151204e-03 1.226371e+00 -3.249434e-04 9.999999e-01 -2.281553e-04 -9.134385e-01 2.151130e-03 2.288530e-04 9.999977e-01 5.441862e+01
1.000000e+00 -1.991771e-05 -1.906976e-04 1.437131e+00 1.994058e-05 1.000000e+00 1.193253e-04 -9.434775e-01 1.906956e-04 -1.193284e-04 1.000000e+00 5.574538e+01
9.999993e-01 4.333506e-04 -1.056915e-03 2.046304e+00 -4.337692e-04 9.999998e-01 -3.957413e-04 -9.907993e-01 1.056743e-03 3.961988e-04 9.999994e-01 5.736124e+01
9.999997e-01 -5.024316e-05 -7.676139e-04 2.262591e+00 5.029892e-05 1.000000e+00 7.247144e-05 -1.031316e+00 7.676106e-04 -7.250932e-05 9.999997e-01 5.935880e+01
9.999993e-01 4.575000e-04 -1.096428e-03 2.432807e+00 -4.579441e-04 9.999998e-01 -4.046497e-04 -1.069537e+00 1.096243e-03 4.051508e-04 9.999993e-01 6.138794e+01
1.000000e+00 7.307853e-06 9.244986e-05 2.975587e+00 -7.308646e-06 1.000000e+00 9.833934e-06 -1.126544e+00 -9.244946e-05 -9.833904e-06 1.000000e+00 6.357097e+01
9.999994e-01 4.498682e-04 -9.841482e-04 3.401777e+00 -4.503188e-04 9.999998e-01 -4.574940e-04 -1.177522e+00 9.839418e-04 4.579362e-04 9.999994e-01 6.580052e+01
9.999999e-01 -4.516729e-05 -5.091700e-04 3.722549e+00 4.524627e-05 1.000000e+00 1.548844e-04 -1.221746e+00 5.091633e-04 -1.549067e-04 9.999999e-01 6.777984e+01
9.999990e-01 4.061092e-04 -1.359060e-03 3.986400e+00 -4.066668e-04 9.999998e-01 -4.099707e-04 -1.252254e+00 1.358893e-03 4.105222e-04 9.999990e-01 6.943612e+01
9.999988e-01 -1.895656e-04 -1.528605e-03 4.130453e+00 1.901283e-04 9.999999e-01 3.679445e-04 -1.274494e+00 1.528535e-03 -3.682340e-04 9.999988e-01 7.047516e+01
9.999991e-01 3.416817e-04 -1.284878e-03 4.557637e+00 -3.421064e-04 9.999999e-01 -3.302213e-04 -1.297343e+00 1.284765e-03 3.306598e-04 9.999991e-01 7.101416e+01
9.999987e-01 -3.174172e-04 -1.593809e-03 4.973715e+00 3.180191e-04 9.999999e-01 3.773243e-04 -1.309591e+00 1.593690e-03 -3.778300e-04 9.999987e-01 7.104324e+01
9.999990e-01 3.564009e-04 -1.335069e-03 5.376858e+00 -3.568302e-04 9.999999e-01 -3.212106e-04 -1.318954e+00 1.334954e-03 3.216860e-04 9.999991e-01 7.101182e+01
9.999987e-01 -3.131880e-04 -1.575867e-03 5.795201e+00 3.137943e-04 9.999999e-01 3.844310e-04 -1.327744e+00 1.575747e-03 -3.849243e-04 9.999987e-01 7.102019e+01
9.999993e-01 3.996257e-04 -1.098104e-03 6.451735e+00 -4.000016e-04 9.999999e-01 -3.420626e-04 -1.342662e+00 1.097966e-03 3.425009e-04 9.999993e-01 7.110655e+01
9.999989e-01 -3.280758e-04 -1.469220e-03 7.253317e+00 3.285961e-04 9.999999e-01 3.538416e-04 -1.353190e+00 1.469104e-03 -3.543233e-04 9.999989e-01 7.102791e+01
9.999991e-01 3.876651e-04 -1.255035e-03 8.019234e+00 -3.881046e-04 9.999999e-01 -3.498247e-04 -1.357631e+00 1.254899e-03 3.503108e-04 9.999992e-01 7.078057e+01
9.999985e-01 -3.886616e-04 -1.686866e-03 8.551811e+00 3.892902e-04 9.999999e-01 3.722976e-04 -1.358977e+00 1.686722e-03 -3.729531e-04 9.999985e-01 7.041881e+01
9.999993e-01 4.164173e-04 -1.143681e-03 9.111485e+00 -4.167935e-04 9.999999e-01 -3.285937e-04 -1.368691e+00 1.143544e-03 3.290694e-04 9.999993e-01 7.031360e+01
9.999989e-01 -3.289197e-04 -1.462312e-03 9.675168e+00 3.294903e-04 9.999999e-01 3.898705e-04 -1.388286e+00 1.462184e-03 -3.903512e-04 9.999989e-01 7.055618e+01
9.999996e-01 4.369561e-04 -8.127176e-04 1.044090e+01 -4.372562e-04 9.999998e-01 -3.689588e-04 -1.408091e+00 8.125559e-04 3.693133e-04 9.999996e-01 7.071282e+01
9.999982e-01 -3.489900e-04 -1.852170e-03 1.073397e+01 3.497839e-04 9.999998e-01 4.283000e-04 -1.433658e+00 1.852020e-03 -4.289463e-04 9.999982e-01 7.119961e+01
9.999997e-01 4.419538e-04 -6.536589e-04 1.114897e+01 -4.421821e-04 9.999998e-01 -3.489837e-04 -1.461110e+00 6.535043e-04 3.492719e-04 9.999997e-01 7.164510e+01
9.999991e-01 -3.098584e-04 -1.306398e-03 1.233623e+01 3.102014e-04 9.999999e-01 2.622101e-04 -1.470748e+00 1.306317e-03 -2.626144e-04 9.999991e-01 7.147949e+01
9.999997e-01 4.289327e-04 -6.834854e-04 1.339276e+01 -4.291652e-04 9.999999e-01 -3.397580e-04 -1.485307e+00 6.833392e-04 3.400505e-04 9.999997e-01 7.143064e+01
9.999994e-01 -2.998700e-04 -1.099210e-03 1.443191e+01 3.001894e-04 9.999999e-01 2.903288e-04 -1.505970e+00 1.099123e-03 -2.906579e-04 9.999994e-01 7.151438e+01
9.999987e-01 2.836391e-04 -1.594420e-03 1.493174e+01 -2.841173e-04 9.999999e-01 -2.996106e-04 -1.509746e+00 1.594335e-03 3.000625e-04 9.999987e-01 7.115247e+01
9.999996e-01 -2.141656e-04 -8.327118e-04 1.571398e+01 2.144149e-04 9.999999e-01 2.990512e-04 -1.522923e+00 8.326480e-04 -2.992289e-04 9.999996e-01 7.110040e+01
9.999986e-01 2.512589e-04 -1.683813e-03 1.652808e+01 -2.518510e-04 9.999999e-01 -3.513739e-04 -1.527616e+00 1.683724e-03 3.517967e-04 9.999985e-01 7.080282e+01
9.999999e-01 -1.592067e-04 -4.589284e-04 1.742723e+01 1.593546e-04 9.999999e-01 3.219223e-04 -1.543090e+00 4.588774e-04 -3.219947e-04 9.999998e-01 7.077500e+01
9.999991e-01 3.110977e-04 -1.302794e-03 1.864725e+01 -3.116810e-04 9.999999e-01 -4.474186e-04 -1.558027e+00 1.302654e-03 4.478235e-04 9.999991e-01 7.070700e+01
9.999993e-01 -2.731906e-04 -1.154941e-03 1.960212e+01 2.735338e-04 9.999999e-01 2.968630e-04 -1.555020e+00 1.154861e-03 -2.971780e-04 9.999993e-01 7.019666e+01
9.999993e-01 2.328123e-04 -1.178760e-03 1.993370e+01 -2.332523e-04 9.999999e-01 -3.730537e-04 -1.544648e+00 1.178673e-03 3.733277e-04 9.999992e-01 6.923283e+01
9.999990e-01 -2.221962e-04 -1.370955e-03 2.062015e+01 2.225482e-04 9.999999e-01 2.564768e-04 -1.537749e+00 1.370898e-03 -2.567810e-04 9.999990e-01 6.856124e+01
9.999993e-01 2.518447e-04 -1.145389e-03 2.147789e+01 -2.522672e-04 9.999999e-01 -3.685982e-04 -1.536333e+00 1.145296e-03 3.688862e-04 9.999993e-01 6.812075e+01
9.999995e-01 -1.153567e-04 -9.538514e-04 2.276215e+01 1.155405e-04 1.000000e+00 1.924871e-04 -1.537628e+00 9.538295e-04 -1.925966e-04 9.999995e-01 6.774325e+01
9.999984e-01 1.891311e-04 -1.782953e-03 2.386183e+01 -1.898193e-04 9.999999e-01 -3.857409e-04 -1.523264e+00 1.782880e-03 3.860780e-04 9.999983e-01 6.703473e+01
9.999998e-01 -7.041855e-05 -5.753082e-04 2.516876e+01 7.050910e-05 1.000000e+00 1.571171e-04 -1.512776e+00 5.752974e-04 -1.571569e-04 9.999998e-01 6.639274e+01
9.999976e-01 1.054765e-04 -2.173126e-03 2.612980e+01 -1.061347e-04 9.999999e-01 -3.026766e-04 -1.504296e+00 2.173094e-03 3.029058e-04 9.999976e-01 6.577831e+01
1.000000e+00 -1.124381e-04 -2.182803e-04 2.689628e+01 1.124518e-04 1.000000e+00 6.209554e-05 -1.491034e+00 2.182736e-04 -6.211938e-05 1.000000e+00 6.477317e+01
9.999986e-01 8.602966e-05 -1.652707e-03 2.767317e+01 -8.653085e-05 1.000000e+00 -3.030930e-04 -1.476918e+00 1.652680e-03 3.032349e-04 9.999986e-01 6.370442e+01
9.999998e-01 -1.555601e-04 -6.651300e-04 2.795250e+01 1.556998e-04 1.000000e+00 2.097892e-04 -1.467773e+00 6.650976e-04 -2.098921e-04 9.999998e-01 6.275801e+01
9.999983e-01 1.470596e-04 -1.832147e-03 2.872840e+01 -1.477896e-04 9.999999e-01 -3.982717e-04 -1.458637e+00 1.832088e-03 3.985411e-04 9.999982e-01 6.202827e+01
1.000000e+00 2.283790e-05 2.562047e-04 3.019468e+01 -2.289110e-05 1.000000e+00 2.082223e-04 -1.469516e+00 -2.561997e-04 -2.082275e-04 9.999999e-01 6.183938e+01
9.999982e-01 1.724761e-04 -1.901519e-03 3.189531e+01 -1.734063e-04 9.999999e-01 -4.889387e-04 -1.467225e+00 1.901434e-03 4.892669e-04 9.999981e-01 6.133205e+01
9.999996e-01 9.198478e-05 8.580256e-04 3.390057e+01 -9.213134e-05 1.000000e+00 1.709424e-04 -1.474303e+00 -8.580096e-04 -1.710207e-04 9.999996e-01 6.102079e+01
9.999939e-01 -9.538358e-05 -3.489707e-03 3.488385e+01 9.403922e-05 9.999999e-01 -3.853554e-04 -1.464633e+00 3.489743e-03 3.850241e-04 9.999938e-01 6.031614e+01
9.999995e-01 4.076939e-05 1.044870e-03 3.527231e+01 -4.105768e-05 1.000000e+00 2.760348e-04 -1.456680e+00 -1.044858e-03 -2.760769e-04 9.999994e-01 5.949985e+01
9.999940e-01 6.250749e-06 -3.475572e-03 3.635004e+01 -7.929934e-06 9.999999e-01 -4.830822e-04 -1.448134e+00 3.475568e-03 4.831061e-04 9.999938e-01 5.891288e+01
9.999996e-01 9.977492e-05 9.360835e-04 3.744434e+01 -1.001104e-04 9.999999e-01 3.584783e-04 -1.443475e+00 -9.360474e-04 -3.585712e-04 9.999995e-01 5.842359e+01
9.999952e-01 8.090716e-06 -3.094543e-03 3.863949e+01 -9.730420e-06 9.999999e-01 -5.298055e-04 -1.444110e+00 3.094538e-03 5.298323e-04 9.999951e-01 5.802431e+01
9.999994e-01 1.126774e-04 1.084647e-03 3.990568e+01 -1.129974e-04 1.000000e+00 2.950556e-04 -1.445206e+00 -1.084613e-03 -2.951773e-04 9.999994e-01 5.759967e+01
9.999937e-01 -1.233026e-04 -3.540538e-03 4.082062e+01 1.216371e-04 9.999999e-01 -4.705717e-04 -1.442368e+00 3.540596e-03 4.701374e-04 9.999936e-01 5.706252e+01
9.999996e-01 8.481466e-05 9.050471e-04 4.144860e+01 -8.516590e-05 9.999999e-01 3.882357e-04 -1.440604e+00 -9.050138e-04 -3.883119e-04 9.999995e-01 5.653135e+01
9.999941e-01 -1.344773e-04 -3.427926e-03 4.192723e+01 1.326213e-04 9.999998e-01 -5.416012e-04 -1.428144e+00 3.427998e-03 5.411427e-04 9.999940e-01 5.562147e+01
9.999993e-01 2.388443e-04 1.160409e-03 4.330301e+01 -2.391730e-04 9.999999e-01 2.832485e-04 -1.414004e+00 -1.160341e-03 -2.835251e-04 9.999993e-01 5.489807e+01
9.999943e-01 -1.110315e-04 -3.384490e-03 4.470800e+01 1.092077e-04 9.999998e-01 -5.390004e-04 -1.401489e+00 3.384549e-03 5.386270e-04 9.999941e-01 5.417197e+01
9.999997e-01 1.193852e-04 7.377215e-04 4.518478e+01 -1.198055e-04 9.999998e-01 5.698325e-04 -1.410794e+00 -7.376530e-04 -5.699200e-04 9.999996e-01 5.403555e+01
9.999904e-01 5.491260e-05 -4.392199e-03 4.485181e+01 -5.672036e-05 9.999999e-01 -4.114230e-04 -1.399008e+00 4.392176e-03 4.116675e-04 9.999903e-01 5.442532e+01
9.999995e-01 6.849545e-05 9.957570e-04 4.497056e+01 -6.905065e-05 9.999998e-01 5.577030e-04 -1.404060e+00 -9.957184e-04 -5.577708e-04 9.999993e-01 5.469955e+01
9.999937e-01 2.301600e-05 -3.542211e-03 4.604483e+01 -2.529235e-05 9.999998e-01 -6.425439e-04 -1.400885e+00 3.542195e-03 6.426288e-04 9.999935e-01 5.423824e+01
9.999993e-01 4.988081e-05 1.162226e-03 4.714995e+01 -5.041166e-05 9.999999e-01 4.568663e-04 -1.396202e+00 -1.162203e-03 -4.569239e-04 9.999992e-01 5.368077e+01
9.999968e-01 1.441253e-04 -2.532879e-03 4.843142e+01 -1.457295e-04 9.999998e-01 -6.331255e-04 -1.417889e+00 2.532787e-03 6.334919e-04 9.999966e-01 5.378843e+01
9.999999e-01 -2.403971e-04 4.387488e-04 4.877530e+01 2.401678e-04 9.999998e-01 5.227862e-04 -1.411561e+00 -4.388741e-04 -5.226800e-04 9.999998e-01 5.290702e+01
9.999967e-01 1.640909e-04 -2.570771e-03 4.894165e+01 -1.657338e-04 9.999998e-01 -6.388133e-04 -1.401871e+00 2.570665e-03 6.392365e-04 9.999965e-01 5.182922e+01
9.999997e-01 -2.503989e-04 7.207321e-04 4.907966e+01 2.500220e-04 9.999998e-01 5.232576e-04 -1.389308e+00 -7.208627e-04 -5.230766e-04 9.999996e-01 5.059164e+01
9.999968e-01 1.835079e-04 -2.528110e-03 4.922012e+01 -1.851366e-04 9.999998e-01 -6.439565e-04 -1.375057e+00 2.527991e-03 6.444218e-04 9.999966e-01 4.927740e+01
9.999996e-01 -2.572728e-04 9.119973e-04 4.927815e+01 2.568170e-04 9.999998e-01 5.000699e-04 -1.359627e+00 -9.121255e-04 -4.998348e-04 9.999995e-01 4.785207e+01
9.999962e-01 1.839420e-04 -2.740742e-03 4.945871e+01 -1.857432e-04 9.999998e-01 -6.568840e-04 -1.345135e+00 2.740620e-03 6.573899e-04 9.999960e-01 4.654577e+01
9.999998e-01 -2.397575e-04 6.348301e-04 4.986432e+01 2.394717e-04 9.999999e-01 4.505106e-04 -1.326760e+00 -6.349377e-04 -4.503577e-04 9.999997e-01 4.525835e+01
9.999952e-01 2.043083e-04 -3.076728e-03 5.041189e+01 -2.063296e-04 9.999998e-01 -6.566132e-04 -1.309539e+00 3.076593e-03 6.572442e-04 9.999951e-01 4.414149e+01
9.999992e-01 -2.898094e-04 1.214638e-03 5.060691e+01 2.891979e-04 9.999998e-01 5.037180e-04 -1.294875e+00 -1.214784e-03 -5.033656e-04 9.999991e-01 4.283178e+01
9.999959e-01 2.090205e-04 -2.849173e-03 5.063322e+01 -2.107668e-04 9.999998e-01 -6.125568e-04 -1.281173e+00 2.849044e-03 6.131542e-04 9.999958e-01 4.146251e+01
9.999997e-01 -2.665893e-04 7.319169e-04 5.082662e+01 2.661850e-04 9.999998e-01 5.526547e-04 -1.271760e+00 -7.320638e-04 -5.524590e-04 9.999996e-01 4.042865e+01
9.999959e-01 2.000422e-04 -2.853793e-03 5.084618e+01 -2.015850e-04 9.999998e-01 -5.402718e-04 -1.266382e+00 2.853684e-03 5.408442e-04 9.999958e-01 3.947438e+01
9.999995e-01 -2.719824e-04 1.004529e-03 5.081509e+01 2.714889e-04 9.999998e-01 4.916143e-04 -1.258176e+00 -1.004663e-03 -4.913407e-04 9.999994e-01 3.831820e+01
9.999978e-01 1.597324e-04 -2.108987e-03 5.069137e+01 -1.611806e-04 9.999998e-01 -6.864385e-04 -1.236463e+00 2.108877e-03 6.867762e-04 9.999975e-01 3.643151e+01
9.999992e-01 -2.800710e-04 1.255697e-03 5.070353e+01 2.795587e-04 9.999999e-01 4.082864e-04 -1.208795e+00 -1.255811e-03 -4.079343e-04 9.999991e-01 3.432175e+01
9.999940e-01 2.062446e-04 -3.454582e-03 5.086136e+01 -2.077044e-04 9.999999e-01 -4.221880e-04 -1.208838e+00 3.454494e-03 4.229023e-04 9.999939e-01 3.370070e+01
9.999989e-01 -3.017506e-04 1.475744e-03 5.103302e+01 3.013606e-04 9.999999e-01 2.645801e-04 -1.194250e+00 -1.475824e-03 -2.641344e-04 9.999989e-01 3.238109e+01
9.999970e-01 2.445481e-04 -2.444811e-03 5.083605e+01 -2.453406e-04 9.999999e-01 -3.237890e-04 -1.175018e+00 2.444731e-03 3.243871e-04 9.999970e-01 3.071073e+01
1.000000e+00 -2.324000e-04 6.145257e-05 5.065358e+01 2.323735e-04 9.999999e-01 4.340931e-04 -1.163921e+00 -6.155314e-05 -4.340781e-04 9.999999e-01 3.019515e+01
9.999969e-01 3.113619e-04 -2.481618e-03 5.021070e+01 -3.121248e-04 9.999999e-01 -3.069753e-04 -1.152166e+00 2.481521e-03 3.077482e-04 9.999969e-01 2.976907e+01
9.999996e-01 -3.466080e-04 8.356608e-04 4.992918e+01 3.463186e-04 9.999999e-01 3.466532e-04 -1.140770e+00 -8.357805e-04 -3.463630e-04 9.999996e-01 2.866221e+01
9.999972e-01 2.969512e-04 -2.333150e-03 4.969786e+01 -2.977600e-04 9.999999e-01 -3.462564e-04 -1.129059e+00 2.333047e-03 3.469495e-04 9.999972e-01 2.736341e+01
9.999997e-01 -3.596025e-04 6.664562e-04 4.965396e+01 3.594076e-04 9.999999e-01 2.928178e-04 -1.117887e+00 -6.665611e-04 -2.925775e-04 9.999997e-01 2.610636e+01
9.999962e-01 4.245425e-04 -2.731264e-03 4.926969e+01 -4.250735e-04 9.999999e-01 -1.937776e-04 -1.100779e+00 2.731181e-03 1.949372e-04 9.999963e-01 2.544805e+01
9.999999e-01 -4.791345e-04 2.353591e-04 4.944547e+01 4.790937e-04 9.999999e-01 1.742100e-04 -1.096602e+00 -2.354423e-04 -1.740965e-04 1.000000e+00 2.472585e+01
9.999956e-01 4.913800e-04 -2.909992e-03 5.037393e+01 -4.925341e-04 9.999998e-01 -3.958384e-04 -1.092649e+00 2.909796e-03 3.972692e-04 9.999957e-01 2.420020e+01
9.999998e-01 -5.142493e-04 2.029208e-04 5.124420e+01 5.141822e-04 9.999998e-01 3.315849e-04 -1.094261e+00 -2.030909e-04 -3.314798e-04 9.999999e-01 2.381652e+01
9.999963e-01 4.335490e-04 -2.698954e-03 5.167712e+01 -4.346117e-04 9.999998e-01 -3.931100e-04 -1.082374e+00 2.698783e-03 3.942809e-04 9.999963e-01 2.284034e+01
9.999999e-01 -4.739032e-04 5.518492e-05 5.208012e+01 4.738847e-04 9.999998e-01 3.381771e-04 -1.075463e+00 -5.534487e-05 -3.381502e-04 9.999999e-01 2.207714e+01
9.999969e-01 4.684271e-04 -2.436214e-03 5.281101e+01 -4.696521e-04 9.999998e-01 -5.022116e-04 -1.072747e+00 2.435978e-03 5.033536e-04 9.999969e-01 2.150198e+01
9.999999e-01 -5.166303e-04 3.786565e-05 5.332052e+01 5.166159e-04 9.999998e-01 3.832449e-04 -1.069987e+00 -3.806334e-05 -3.832246e-04 9.999999e-01 2.087666e+01
9.999967e-01 5.393921e-04 -2.498264e-03 5.421240e+01 -5.406096e-04 9.999997e-01 -4.866374e-04 -1.069573e+00 2.498000e-03 4.879857e-04 9.999968e-01 2.043138e+01
9.999999e-01 -5.346893e-04 1.522555e-05 5.474698e+01 5.346828e-04 9.999998e-01 4.339439e-04 -1.081602e+00 -1.545727e-05 -4.339350e-04 9.999999e-01 2.041803e+01
9.999964e-01 4.901772e-04 -2.631673e-03 5.475805e+01 -4.911494e-04 9.999998e-01 -3.687074e-04 -1.082331e+00 2.631491e-03 3.699979e-04 9.999965e-01 1.989086e+01
9.999997e-01 -5.314354e-04 5.435651e-04 5.461154e+01 5.312001e-04 9.999998e-01 4.333147e-04 -1.077981e+00 -5.437949e-04 -4.330252e-04 9.999998e-01 1.903111e+01
9.999958e-01 5.518281e-04 -2.842668e-03 5.442197e+01 -5.525596e-04 9.999998e-01 -2.564759e-04 -1.073211e+00 2.842526e-03 2.580449e-04 9.999959e-01 1.851179e+01
9.999999e-01 -5.339713e-04 6.344210e-05 5.428643e+01 5.339452e-04 9.999998e-01 4.139702e-04 -1.068209e+00 -6.366284e-05 -4.139356e-04 9.999999e-01 1.819739e+01
9.999958e-01 5.447808e-04 -2.856762e-03 5.502804e+01 -5.460517e-04 9.999998e-01 -4.440388e-04 -1.061290e+00 2.856519e-03 4.455961e-04 9.999958e-01 1.764002e+01
9.999338e-01 1.841128e-03 1.135828e-02 5.732264e+01 -1.819283e-03 9.999965e-01 -1.933316e-03 -1.257365e+00 -1.136180e-02 1.912525e-03 9.999336e-01 2.734659e+01
9.999996e-01 -1.939109e-04 9.125210e-04 5.903362e+01 1.949721e-04 9.999993e-01 -1.163176e-03 -1.482482e+00 -9.122951e-04 1.163353e-03 9.999989e-01 3.764750e+01
9.999934e-01 1.605027e-04 -3.627701e-03 5.924514e+01 -1.559924e-04 9.999992e-01 1.243494e-03 -1.483379e+00 3.627898e-03 -1.242919e-03 9.999926e-01 3.712770e+01
9.999990e-01 -2.094458e-04 1.378435e-03 5.941171e+01 2.111869e-04 9.999992e-01 -1.263251e-03 -1.477229e+00 -1.378170e-03 1.263540e-03 9.999983e-01 3.623201e+01
9.999937e-01 2.927505e-04 -3.537152e-03 6.029358e+01 -2.884309e-04 9.999992e-01 1.221629e-03 -1.485785e+00 3.537507e-03 -1.220600e-03 9.999930e-01 3.603600e+01
9.999990e-01 -3.559602e-04 1.382421e-03 6.039348e+01 3.576323e-04 9.999992e-01 -1.209604e-03 -1.479717e+00 -1.381989e-03 1.210096e-03 9.999983e-01 3.510600e+01
9.999927e-01 3.328523e-04 -3.808942e-03 6.074161e+01 -3.285663e-04 9.999993e-01 1.125779e-03 -1.470304e+00 3.809314e-03 -1.124519e-03 9.999921e-01 3.421067e+01
9.999994e-01 -2.788218e-04 1.041974e-03 6.179732e+01 2.801254e-04 9.999992e-01 -1.251367e-03 -1.459299e+00 -1.041625e-03 1.251657e-03 9.999987e-01 3.356864e+01
9.999946e-01 3.660532e-04 -3.270158e-03 6.299608e+01 -3.625651e-04 9.999994e-01 1.067108e-03 -1.459504e+00 3.270547e-03 -1.065916e-03 9.999941e-01 3.309863e+01
9.999988e-01 -3.404786e-04 1.485405e-03 6.414407e+01 3.424316e-04 9.999991e-01 -1.314847e-03 -1.456883e+00 -1.484956e-03 1.315353e-03 9.999980e-01 3.247450e+01
9.999942e-01 4.925434e-04 -3.356405e-03 6.521513e+01 -4.883008e-04 9.999991e-01 1.264665e-03 -1.473549e+00 3.357025e-03 -1.263018e-03 9.999936e-01 3.246931e+01
9.999985e-01 -2.731164e-04 1.696824e-03 6.651630e+01 2.753365e-04 9.999991e-01 -1.308415e-03 -1.492338e+00 -1.696466e-03 1.308879e-03 9.999977e-01 3.254870e+01
9.999994e-01 8.890959e-04 -6.197123e-04 6.755269e+01 -8.885869e-04 9.999993e-01 8.207553e-04 -1.575083e+00 6.204419e-04 -8.202035e-04 9.999995e-01 3.517533e+01
9.999959e-01 -2.666593e-04 2.853240e-03 6.873354e+01 2.714250e-04 9.999986e-01 -1.670083e-03 -1.680907e+00 -2.852791e-03 1.670850e-03 9.999945e-01 3.845176e+01
9.999869e-01 2.360444e-04 -5.112339e-03 6.935931e+01 -2.279710e-04 9.999987e-01 1.579679e-03 -1.680814e+00 5.112706e-03 -1.578492e-03 9.999857e-01 3.789557e+01
9.999938e-01 -3.010788e-04 3.519299e-03 6.927613e+01 3.067405e-04 9.999987e-01 -1.608375e-03 -1.668194e+00 -3.518810e-03 1.609444e-03 9.999925e-01 3.661023e+01
9.999843e-01 2.499660e-04 -5.594410e-03 6.958592e+01 -2.416581e-04 9.999989e-01 1.485627e-03 -1.654073e+00 5.594775e-03 -1.484251e-03 9.999832e-01 3.544330e+01
9.999942e-01 -1.265879e-04 3.406897e-03 7.081198e+01 1.322104e-04 9.999986e-01 -1.650207e-03 -1.654021e+00 -3.406683e-03 1.650647e-03 9.999928e-01 3.502903e+01
9.999892e-01 4.012986e-04 -4.632120e-03 7.214053e+01 -3.939835e-04 9.999987e-01 1.579960e-03 -1.683872e+00 4.632749e-03 -1.578117e-03 9.999880e-01 3.535510e+01
9.999965e-01 -2.884698e-04 2.615872e-03 7.331459e+01 2.929850e-04 9.999985e-01 -1.725904e-03 -1.689301e+00 -2.615370e-03 1.726664e-03 9.999951e-01 3.504112e+01
9.999868e-01 2.473818e-04 -5.137891e-03 7.390939e+01 -2.392264e-04 9.999987e-01 1.587821e-03 -1.674738e+00 5.138277e-03 -1.586570e-03 9.999855e-01 3.405487e+01
9.999959e-01 -2.815108e-04 2.838748e-03 7.437456e+01 2.864012e-04 9.999985e-01 -1.722566e-03 -1.660425e+00 -2.838259e-03 1.723371e-03 9.999945e-01 3.301762e+01
9.999861e-01 3.330537e-04 -5.260318e-03 7.520129e+01 -3.245572e-04 9.999986e-01 1.615938e-03 -1.662767e+00 5.260849e-03 -1.614208e-03 9.999849e-01 3.264831e+01
9.999932e-01 -1.435169e-04 3.688262e-03 7.652964e+01 1.499694e-04 9.999985e-01 -1.749303e-03 -1.680175e+00 -3.688006e-03 1.749843e-03 9.999917e-01 3.263460e+01
9.999856e-01 4.682538e-04 -5.349555e-03 7.744637e+01 -4.581227e-04 9.999981e-01 1.894852e-03 -1.697970e+00 5.350433e-03 -1.892374e-03 9.999839e-01 3.321179e+01
9.999926e-01 4.995409e-05 3.843426e-03 7.677116e+01 -4.259640e-05 9.999982e-01 -1.914468e-03 -1.665847e+00 -3.843515e-03 1.914289e-03 9.999908e-01 3.414314e+01
9.999986e-01 1.648757e-03 -3.485927e-04 7.726324e+01 -1.648575e-03 9.999985e-01 5.198662e-04 -1.754586e+00 3.494496e-04 -5.192901e-04 9.999998e-01 4.080079e+01
9.999850e-01 -1.264434e-04 5.482103e-03 7.741541e+01 1.406544e-04 9.999966e-01 -2.591985e-03 -1.862947e+00 -5.481757e-03 2.592717e-03 9.999816e-01 4.881237e+01
9.999782e-01 6.641698e-04 -6.575164e-03 7.587263e+01 -6.461108e-04 9.999960e-01 2.748274e-03 -1.821399e+00 6.576963e-03 -2.743965e-03 9.999746e-01 4.955652e+01
9.999860e-01 -5.863834e-04 5.254257e-03 7.525758e+01 6.008118e-04 9.999961e-01 -2.744926e-03 -1.776776e+00 -5.252627e-03 2.748044e-03 9.999824e-01 4.844792e+01
9.999758e-01 8.212310e-04 -6.914331e-03 7.648604e+01 -8.027186e-04 9.999961e-01 2.679706e-03 -1.799892e+00 6.916505e-03 -2.674090e-03 9.999725e-01 4.864715e+01
9.999766e-01 -3.729309e-04 6.836132e-03 7.831661e+01 3.922305e-04 9.999959e-01 -2.822084e-03 -1.847567e+00 -6.835052e-03 2.824698e-03 9.999727e-01 4.935105e+01
9.999745e-01 7.358232e-04 -7.098538e-03 7.994373e+01 -7.163769e-04 9.999960e-01 2.741611e-03 -1.892466e+00 7.100527e-03 -2.736456e-03 9.999710e-01 5.001529e+01
9.999224e-01 9.064687e-04 1.242513e-02 8.162364e+01 -8.526001e-04 9.999902e-01 -4.340083e-03 -2.045409e+00 -1.242894e-02 4.329151e-03 9.999134e-01 5.695802e+01
9.999898e-01 2.759044e-04 -4.503901e-03 8.321318e+01 -2.659596e-04 9.999975e-01 2.208437e-03 -2.222963e+00 4.504499e-03 -2.207216e-03 9.999874e-01 6.397935e+01
9.999949e-01 -4.809060e-05 3.188619e-03 8.464091e+01 5.550358e-05 9.999973e-01 -2.324838e-03 -2.243912e+00 -3.188499e-03 2.325002e-03 9.999922e-01 6.405300e+01
9.999836e-01 1.103206e-04 -5.721900e-03 8.554311e+01 -9.741029e-05 9.999974e-01 2.256501e-03 -2.246385e+00 5.722135e-03 -2.255906e-03 9.999811e-01 6.371043e+01
9.999954e-01 -9.864494e-05 3.042704e-03 8.597519e+01 1.054306e-04 9.999975e-01 -2.230128e-03 -2.241970e+00 -3.042477e-03 2.230438e-03 9.999929e-01 6.310311e+01
9.999856e-01 1.819714e-04 -5.354946e-03 8.685490e+01 -1.702040e-04 9.999976e-01 2.197807e-03 -2.252587e+00 5.355333e-03 -2.196863e-03 9.999832e-01 6.301368e+01
9.999920e-01 7.813906e-05 4.010855e-03 8.814659e+01 -6.896510e-05 9.999974e-01 -2.287420e-03 -2.278334e+00 -4.011023e-03 2.287125e-03 9.999893e-01 6.331612e+01
9.999849e-01 1.789988e-04 -5.488556e-03 8.912999e+01 -1.668069e-04 9.999975e-01 2.221673e-03 -2.316283e+00 5.488941e-03 -2.220723e-03 9.999825e-01 6.402151e+01
9.999955e-01 -1.344853e-04 2.988572e-03 8.976867e+01 1.411579e-04 9.999975e-01 -2.232667e-03 -2.332706e+00 -2.988264e-03 2.233078e-03 9.999930e-01 6.410350e+01
9.999857e-01 1.742172e-04 -5.337505e-03 9.047382e+01 -1.627030e-04 9.999977e-01 2.157555e-03 -2.340891e+00 5.337869e-03 -2.156655e-03 9.999834e-01 6.389878e+01
9.999934e-01 2.273439e-05 3.619333e-03 9.148517e+01 -1.488184e-05 9.999976e-01 -2.169682e-03 -2.369442e+00 -3.619374e-03 2.169613e-03 9.999911e-01 6.428624e+01
9.999835e-01 9.346781e-05 -5.744926e-03 9.240499e+01 -8.108850e-05 9.999977e-01 2.154985e-03 -2.386517e+00 5.745114e-03 -2.154482e-03 9.999812e-01 6.435122e+01
9.999893e-01 1.698218e-04 4.632465e-03 9.406064e+01 -1.591286e-04 9.999973e-01 -2.308634e-03 -2.405998e+00 -4.632845e-03 2.307872e-03 9.999866e-01 6.440209e+01
9.999903e-01 2.783343e-04 -4.395877e-03 9.589631e+01 -2.689387e-04 9.999977e-01 2.137752e-03 -2.455844e+00 4.396462e-03 -2.136548e-03 9.999881e-01 6.523868e+01
9.999917e-01 1.568140e-04 4.059614e-03 9.788512e+01 -1.476838e-04 9.999975e-01 -2.249274e-03 -2.492358e+00 -4.059957e-03 2.248655e-03 9.999892e-01 6.581670e+01
9.999919e-01 2.984080e-04 -4.005673e-03 1.003710e+02 -2.904050e-04 9.999980e-01 1.998320e-03 -2.524735e+00 4.006262e-03 -1.997140e-03 9.999900e-01 6.624306e+01
9.999920e-01 1.617760e-04 3.997173e-03 1.022754e+02 -1.530120e-04 9.999976e-01 -2.192824e-03 -2.574642e+00 -3.997518e-03 2.192194e-03 9.999896e-01 6.720818e+01
9.999862e-01 7.141239e-05 -5.254419e-03 1.033889e+02 -6.007857e-05 9.999977e-01 2.157094e-03 -2.613334e+00 5.254561e-03 -2.156748e-03 9.999839e-01 6.790477e+01
9.999909e-01 2.348406e-04 4.249067e-03 1.051860e+02 -2.248337e-04 9.999972e-01 -2.355453e-03 -2.631825e+00 -4.249608e-03 2.354476e-03 9.999882e-01 6.796278e+01
9.999917e-01 2.890730e-04 -4.075757e-03 1.078425e+02 -2.804633e-04 9.999977e-01 2.112780e-03 -2.662335e+00 4.076358e-03 -2.111619e-03 9.999895e-01 6.817065e+01
9.999976e-01 -1.165949e-04 2.178429e-03 1.091979e+02 1.215208e-04 9.999974e-01 -2.261329e-03 -2.672701e+00 -2.178160e-03 2.261588e-03 9.999951e-01 6.796149e+01
9.999871e-01 2.404645e-04 -5.066241e-03 1.104038e+02 -2.300159e-04 9.999978e-01 2.062826e-03 -2.657345e+00 5.066726e-03 -2.061633e-03 9.999850e-01 6.718109e+01
9.999962e-01 -1.929945e-04 2.767849e-03 1.109653e+02 1.986580e-04 9.999979e-01 -2.046134e-03 -2.677413e+00 -2.767449e-03 2.046675e-03 9.999941e-01 6.728208e+01
9.999904e-01 4.330276e-04 -4.368551e-03 1.118854e+02 -4.240408e-04 9.999978e-01 2.057837e-03 -2.713505e+00 4.369432e-03 -2.055964e-03 9.999883e-01 6.785782e+01
9.999980e-01 -3.559528e-04 1.973343e-03 1.126035e+02 3.599317e-04 9.999979e-01 -2.016432e-03 -2.730010e+00 -1.972622e-03 2.017137e-03 9.999960e-01 6.793796e+01
9.999893e-01 3.376214e-04 -4.613882e-03 1.125658e+02 -3.277936e-04 9.999977e-01 2.130592e-03 -2.726248e+00 4.614591e-03 -2.129056e-03 9.999871e-01 6.744963e+01
9.999989e-01 -3.133142e-04 1.473674e-03 1.129453e+02 3.164052e-04 9.999977e-01 -2.097820e-03 -2.733180e+00 -1.473014e-03 2.098283e-03 9.999967e-01 6.752317e+01
9.999898e-01 3.901411e-04 -4.492521e-03 1.131765e+02 -3.806365e-04 9.999977e-01 2.116277e-03 -2.749636e+00 4.493337e-03 -2.114544e-03 9.999877e-01 6.805442e+01
9.999983e-01 -2.643992e-04 1.846802e-03 1.135690e+02 2.682623e-04 9.999978e-01 -2.091941e-03 -2.773706e+00 -1.846245e-03 2.092432e-03 9.999961e-01 6.863124e+01
9.999931e-01 4.399831e-04 -3.684528e-03 1.144260e+02 -4.321650e-04 9.999977e-01 2.122355e-03 -2.804436e+00 3.685454e-03 -2.120747e-03 9.999910e-01 6.908283e+01
9.999996e-01 -4.028926e-04 8.253782e-04 1.149600e+02 4.046416e-04 9.999977e-01 -2.120226e-03 -2.815092e+00 -8.245223e-04 2.120558e-03 9.999974e-01 6.913430e+01
9.999949e-01 5.746202e-04 -3.147963e-03 1.156494e+02 -5.679891e-04 9.999976e-01 2.106900e-03 -2.841695e+00 3.149167e-03 -2.105100e-03 9.999928e-01 6.971674e+01
