9.999970e-01 1.989529e-04 -2.457107e-03 2.325007e-01 -1.991019e-04 1.000000e+00 -6.040756e-05 -3.725849e-02 2.457094e-03 6.089588e-05 9.999970e-01 1.260872e+00
1.000000e+00 7.279752e-06 1.810570e-04 5.253191e-01 -7.274628e-06 1.000000e+00 -2.816434e-05 -7.821251e-02 -1.810569e-04 2.816374e-05 1.000000e+00 2.560718e+00
9.999967e-01 1.601512e-04 -2.549065e-03 7.305614e-01 -1.602509e-04 1.000000e+00 -3.891439e-05 -1.169704e-01 2.549059e-03 3.932204e-05 9.999968e-01 3.781161e+00
1.000000e+00 1.213164e-05 7.683916e-05 9.192406e-01 -1.212985e-05 1.000000e+00 -2.296135e-05 -1.531600e-01 -7.683910e-05 2.296113e-05 1.000000e+00 4.959361e+00
9.999973e-01 2.049650e-04 -2.301510e-03 1.160189e+00 -2.052045e-04 1.000000e+00 -1.037954e-04 -1.958088e-01 2.301489e-03 1.042667e-04 9.999973e-01 6.392059e+00
1.000000e+00 -1.056322e-05 -7.860507e-06 1.350027e+00 1.056327e-05 1.000000e+00 3.131117e-06 -2.359650e-01 7.860814e-06 -3.130488e-06 1.000000e+00 7.754388e+00
9.999957e-01 1.725681e-04 -2.918455e-03 1.434143e+00 -1.726169e-04 1.000000e+00 -1.645612e-05 -2.626905e-01 2.918452e-03 1.695912e-05 9.999957e-01 8.781390e+00
1.000000e+00 6.913378e-06 9.941564e-05 1.559609e+00 -6.910805e-06 1.000000e+00 -2.556872e-05 -2.914622e-01 -9.941548e-05 2.556874e-05 1.000000e+00 9.869676e+00
9.999951e-01 1.674289e-04 -3.140640e-03 1.629507e+00 -1.674983e-04 1.000000e+00 -2.182222e-05 -3.174635e-01 3.140636e-03 2.234745e-05 9.999951e-01 1.097752e+01
1.000000e+00 5.978645e-05 5.191994e-05 1.652234e+00 -5.978479e-05 1.000000e+00 -3.131084e-05 -3.398391e-01 -5.192147e-05 3.130845e-05 1.000000e+00 1.214568e+01
9.999951e-01 1.191886e-04 -3.138175e-03 1.980421e+00 -1.190079e-04 1.000000e+00 5.776552e-05 -3.584891e-01 3.138182e-03 -5.739248e-05 9.999951e-01 1.280353e+01
9.999999e-01 -7.276696e-05 4.118106e-04 2.830594e+00 7.284921e-05 1.000000e+00 -1.996210e-04 -3.630210e-01 -4.117958e-04 1.996517e-04 9.999999e-01 1.252716e+01
9.999977e-01 1.629068e-04 -2.137604e-03 3.428666e+00 -1.623467e-04 1.000000e+00 2.622302e-04 -3.992510e-01 2.137646e-03 -2.618833e-04 9.999977e-01 1.307957e+01
9.999998e-01 2.369466e-05 -6.639178e-04 3.538662e+00 -2.386025e-05 1.000000e+00 -2.494634e-04 -4.265660e-01 6.639122e-04 2.494799e-04 9.999997e-01 1.413261e+01
9.999973e-01 2.186761e-04 -2.323270e-03 3.839519e+00 -2.181508e-04 1.000000e+00 2.263344e-04 -4.467255e-01 2.323319e-03 -2.258276e-04 9.999973e-01 1.504336e+01
1.000000e+00 -5.481466e-05 -1.987988e-04 5.076085e+00 5.474299e-05 9.999999e-01 -3.607168e-04 -4.450555e-01 1.988189e-04 3.607067e-04 9.999999e-01 1.475868e+01
9.999983e-01 2.527162e-04 -1.852058e-03 7.564860e+00 -2.532452e-04 9.999999e-01 -2.854004e-04 -3.680892e-01 1.851985e-03 2.858682e-04 9.999982e-01 1.200281e+01
1.000000e+00 -1.892483e-05 3.146463e-04 1.028752e+01 1.912633e-05 9.999998e-01 -6.402946e-04 -2.615740e-01 -3.146338e-04 6.403013e-04 9.999997e-01 8.334373e+00
9.999980e-01 2.050473e-04 -1.991501e-03 1.213973e+01 -2.048123e-04 1.000000e+00 1.182535e-04 -1.773013e-01 1.991525e-03 -1.178461e-04 9.999980e-01 5.151094e+00
9.999989e-01 -1.559915e-05 1.489738e-03 1.470539e+01 1.727501e-05 9.999994e-01 -1.124901e-03 -5.102932e-02 -1.489719e-03 1.124926e-03 9.999983e-01 5.060243e-01
9.999970e-01 2.248806e-04 -2.418915e-03 1.747862e+01 -2.246202e-04 1.000000e+00 1.079261e-04 7.334963e-02 2.418939e-03 -1.073831e-04 9.999971e-01 -3.918428e+00
9.999991e-01 -5.525313e-05 1.343374e-03 1.958793e+01 5.639161e-05 9.999996e-01 -8.474205e-04 1.638543e-01 -1.343326e-03 8.474962e-04 9.999987e-01 -7.262393e+00
9.999974e-01 3.690338e-04 -2.236134e-03 2.346650e+01 -3.703345e-04 9.999998e-01 -5.812869e-04 3.156349e-01 2.235918e-03 5.821128e-04 9.999973e-01 -1.218747e+01
9.999995e-01 -4.657332e-05 9.762583e-04 2.670885e+01 4.709224e-05 9.999999e-01 -5.314688e-04 4.417555e-01 -9.762331e-04 5.315153e-04 9.999994e-01 -1.643131e+01
9.999968e-01 2.342314e-04 -2.510166e-03 2.926651e+01 -2.349533e-04 9.999999e-01 -2.872920e-04 5.272876e-01 2.510098e-03 2.878801e-04 9.999968e-01 -1.945186e+01
9.999990e-01 9.209680e-05 1.432989e-03 3.339880e+01 -9.047612e-05 9.999994e-01 -1.130974e-03 6.931274e-01 -1.433091e-03 1.130844e-03 9.999983e-01 -2.483759e+01
9.999964e-01 3.192663e-04 -2.668334e-03 3.820107e+01 -3.204633e-04 9.999998e-01 -4.481445e-04 8.651343e-01 2.668190e-03 4.489973e-04 9.999963e-01 -3.024191e+01
9.999986e-01 6.519102e-05 1.651345e-03 4.291365e+01 -6.315468e-05 9.999992e-01 -1.233133e-03 1.040026e+00 -1.651424e-03 1.233028e-03 9.999979e-01 -3.580319e+01
9.999945e-01 2.025918e-04 -3.309802e-03 4.703752e+01 -2.036176e-04 9.999999e-01 -3.095889e-04 1.198755e+00 3.309738e-03 3.102604e-04 9.999945e-01 -4.085416e+01
9.999991e-01 1.232710e-04 1.370791e-03 5.215389e+01 -1.213866e-04 9.999990e-01 -1.374593e-03 1.384602e+00 -1.370959e-03 1.374426e-03 9.999981e-01 -4.651503e+01
9.999953e-01 1.982949e-04 -3.045209e-03 5.775123e+01 -2.007013e-04 9.999997e-01 -7.899072e-04 1.589501e+00 3.045051e-03 7.905140e-04 9.999951e-01 -5.279803e+01
9.999985e-01 1.815494e-05 1.708735e-03 6.223656e+01 -1.662751e-05 9.999996e-01 -8.938744e-04 1.771393e+00 -1.708750e-03 8.938454e-04 9.999981e-01 -5.863939e+01
9.999954e-01 2.927985e-04 -3.034563e-03 6.715674e+01 -2.953796e-04 9.999996e-01 -8.501331e-04 1.958709e+00 3.034312e-03 8.510248e-04 9.999950e-01 -6.449775e+01
9.999980e-01 4.479901e-05 2.013192e-03 7.168909e+01 -4.345393e-05 9.999998e-01 -6.681497e-04 2.134011e+00 -2.013221e-03 6.680616e-04 9.999978e-01 -7.007068e+01
9.999938e-01 3.379299e-04 -3.515200e-03 7.586491e+01 -3.403671e-04 9.999997e-01 -6.927447e-04 2.290958e+00 3.514965e-03 6.939361e-04 9.999936e-01 -7.511309e+01
9.999976e-01 3.449159e-05 2.206249e-03 7.961912e+01 -3.424875e-05 1.000000e+00 -1.100813e-04 2.397054e+00 -2.206253e-03 1.100062e-04 9.999976e-01 -7.865035e+01
9.999954e-01 4.054125e-04 -2.998001e-03 8.390236e+01 -4.092254e-04 9.999991e-01 -1.271304e-03 2.555366e+00 2.997483e-03 1.272524e-03 9.999947e-01 -8.376278e+01
9.999973e-01 -3.119821e-05 2.310698e-03 8.708085e+01 3.045437e-05 9.999999e-01 3.219673e-04 2.687982e+00 -2.310708e-03 -3.218953e-04 9.999973e-01 -8.827776e+01
9.999961e-01 6.203645e-04 -2.725512e-03 9.291723e+01 -6.255436e-04 9.999980e-01 -1.899767e-03 2.843745e+00 2.724328e-03 1.901463e-03 9.999945e-01 -9.298281e+01
9.999980e-01 -1.089086e-04 2.021110e-03 9.816571e+01 1.085388e-04 1.000000e+00 1.830866e-04 2.985133e+00 -2.021130e-03 -1.828661e-04 9.999979e-01 -9.732355e+01
9.999979e-01 6.017093e-04 -1.975562e-03 1.034920e+02 -6.042204e-04 9.999990e-01 -1.270693e-03 3.086217e+00 1.974795e-03 1.271883e-03 9.999972e-01 -1.004401e+02
9.999651e-01 8.770773e-04 8.305185e-03 1.092583e+02 -8.795859e-04 9.999996e-01 2.984005e-04 2.993864e+00 -8.304919e-03 -3.056945e-04 9.999655e-01 -9.861358e+01
9.999995e-01 9.945298e-04 7.911412e-05 1.135643e+02 -9.944045e-04 9.999983e-01 -1.569347e-03 2.847542e+00 -8.067508e-05 1.569267e-03 9.999988e-01 -9.402411e+01
9.999708e-01 8.579493e-04 7.595570e-03 1.162477e+02 -8.574749e-04 9.999996e-01 -6.570193e-05 2.708665e+00 -7.595623e-03 5.918771e-05 9.999712e-01 -8.791929e+01
9.999901e-01 2.904082e-04 -4.446572e-03 1.159596e+02 -2.943178e-04 9.999996e-01 -8.786082e-04 2.717725e+00 4.446314e-03 8.799075e-04 9.999897e-01 -8.349481e+01
9.999369e-01 1.383599e-03 1.114382e-02 1.171866e+02 -1.370451e-03 9.999984e-01 -1.187461e-03 2.573230e+00 -1.114544e-02 1.172115e-03 9.999372e-01 -7.547850e+01
9.999729e-01 2.653358e-04 -7.358907e-03 1.160457e+02 -2.646708e-04 1.000000e+00 9.133778e-05 2.617423e+00 7.358931e-03 -8.938833e-05 9.999729e-01 -6.935100e+01
9.999469e-01 1.805440e-03 1.014724e-02 1.115042e+02 -1.801596e-03 9.999983e-01 -3.879276e-04 2.837795e+00 -1.014793e-02 3.696265e-04 9.999484e-01 -6.497268e+01
9.999564e-01 -1.088592e-03 -9.275103e-03 1.111000e+02 1.085053e-03 9.999993e-01 -3.865901e-04 2.845579e+00 9.275518e-03 3.765086e-04 9.999569e-01 -6.149926e+01
9.999689e-01 1.201135e-03 7.793185e-03 1.110966e+02 -1.204836e-03 9.999992e-01 4.702832e-04 2.881331e+00 -7.792614e-03 -4.796574e-04 9.999695e-01 -6.297469e+01
9.999793e-01 -2.662885e-04 -6.427464e-03 1.119609e+02 2.583007e-04 9.999992e-01 -1.243557e-03 2.805583e+00 6.427789e-03 1.241870e-03 9.999786e-01 -5.934111e+01
9.999502e-01 8.733530e-04 9.942062e-03 1.128995e+02 -8.744146e-04 9.999996e-01 1.024404e-04 2.700609e+00 -9.941969e-03 -1.111281e-04 9.999506e-01 -5.524854e+01
9.999199e-01 -8.325723e-04 -1.263259e-02 1.133825e+02 8.320159e-04 9.999997e-01 -4.929284e-05 2.695469e+00 1.263262e-02 3.877766e-05 9.999202e-01 -5.554159e+01
9.999472e-01 8.266342e-04 1.024181e-02 1.134429e+02 -8.287526e-04 9.999996e-01 2.026049e-04 2.686337e+00 -1.024163e-02 -2.110815e-04 9.999475e-01 -5.563405e+01
9.999151e-01 -6.954545e-04 -1.301015e-02 1.131635e+02 6.949003e-04 9.999998e-01 -4.711551e-05 2.687465e+00 1.301018e-02 3.807004e-05 9.999154e-01 -5.527711e+01
9.999453e-01 8.675619e-04 1.042416e-02 1.132367e+02 -8.680937e-04 9.999996e-01 4.648917e-05 2.663993e+00 -1.042412e-02 -5.553506e-05 9.999457e-01 -5.438559e+01
9.999191e-01 -6.878279e-04 -1.270428e-02 1.133520e+02 6.867721e-04 9.999998e-01 -8.746871e-05 2.635864e+00 1.270434e-02 7.873597e-05 9.999193e-01 -5.337192e+01
9.999459e-01 7.844582e-04 1.036923e-02 1.134974e+02 -7.862224e-04 9.999997e-01 1.660645e-04 2.611565e+00 -1.036909e-02 -1.742074e-04 9.999462e-01 -5.277764e+01
9.999196e-01 -6.894450e-04 -1.265881e-02 1.138898e+02 6.889734e-04 9.999998e-01 -4.160872e-05 2.590035e+00 1.265883e-02 3.288308e-05 9.999199e-01 -5.243707e+01
9.999486e-01 7.065326e-04 1.011203e-02 1.140390e+02 -7.089249e-04 9.999997e-01 2.329999e-04 2.585130e+00 -1.011186e-02 -2.401559e-04 9.999488e-01 -5.248854e+01
9.999218e-01 -5.421369e-04 -1.249766e-02 1.135755e+02 5.420027e-04 9.999999e-01 -1.412452e-05 2.602267e+00 1.249767e-02 7.348931e-06 9.999219e-01 -5.258887e+01
9.999478e-01 6.857381e-04 1.019618e-02 1.132350e+02 -6.873470e-04 9.999998e-01 1.543012e-04 2.613480e+00 -1.019607e-02 -1.613008e-04 9.999480e-01 -5.247043e+01
9.999149e-01 -6.307718e-04 -1.303139e-02 1.134600e+02 6.307228e-04 9.999998e-01 -7.862229e-06 2.606871e+00 1.303139e-02 -3.583485e-07 9.999151e-01 -5.236527e+01
9.999453e-01 6.487862e-04 1.044310e-02 1.138841e+02 -6.502207e-04 9.999998e-01 1.339719e-04 2.594563e+00 -1.044301e-02 -1.407542e-04 9.999455e-01 -5.233193e+01
9.999153e-01 -6.321400e-04 -1.299775e-02 1.140679e+02 6.326638e-04 9.999998e-01 3.619235e-05 2.587047e+00 1.299772e-02 -4.441321e-05 9.999155e-01 -5.239090e+01
9.999406e-01 7.387615e-04 1.087278e-02 1.146101e+02 -7.392957e-04 9.999997e-01 4.511394e-05 2.561001e+00 -1.087274e-02 -5.314875e-05 9.999409e-01 -5.206001e+01
9.999149e-01 -6.616260e-04 -1.302579e-02 1.152213e+02 6.627971e-04 9.999998e-01 8.559277e-05 2.536238e+00 1.302573e-02 -9.421966e-05 9.999152e-01 -5.183882e+01
9.999441e-01 6.803169e-04 1.054707e-02 1.156484e+02 -6.799331e-04 9.999998e-01 -3.997460e-05 2.528342e+00 -1.054710e-02 3.280178e-05 9.999444e-01 -5.210894e+01
9.999144e-01 -7.057380e-04 -1.306510e-02 1.161604e+02 7.063843e-04 9.999997e-01 4.486085e-05 2.531470e+00 1.306507e-02 -5.408670e-05 9.999146e-01 -5.271040e+01
9.999388e-01 8.209030e-04 1.103713e-02 1.171161e+02 -8.204051e-04 9.999997e-01 -4.963554e-05 2.516763e+00 -1.103716e-02 4.057830e-05 9.999391e-01 -5.276227e+01
9.999074e-01 -8.241848e-04 -1.358564e-02 1.178348e+02 8.244129e-04 9.999997e-01 1.119516e-05 2.513247e+00 1.358563e-02 -2.239501e-05 9.999077e-01 -5.310822e+01
9.999316e-01 7.547905e-04 1.167448e-02 1.179496e+02 -7.541493e-04 9.999997e-01 -5.932404e-05 2.523416e+00 -1.167452e-02 5.051640e-05 9.999318e-01 -5.426017e+01
9.999023e-01 -7.802820e-04 -1.395642e-02 1.183958e+02 7.809636e-04 9.999997e-01 4.339700e-05 2.509605e+00 1.395639e-02 -5.429293e-05 9.999026e-01 -5.433544e+01
9.999345e-01 7.409740e-04 1.142288e-02 1.187770e+02 -7.398183e-04 9.999997e-01 -1.053920e-04 2.515794e+00 -1.142296e-02 9.693497e-05 9.999348e-01 -5.507379e+01
9.999052e-01 -7.959710e-04 -1.374928e-02 1.190604e+02 7.972675e-04 9.999997e-01 8.881872e-05 2.520882e+00 1.374920e-02 -9.977286e-05 9.999055e-01 -5.584659e+01
9.999350e-01 7.444681e-04 1.137742e-02 1.195935e+02 -7.427922e-04 9.999997e-01 -1.515170e-04 2.518906e+00 -1.137753e-02 1.430568e-04 9.999353e-01 -5.633855e+01
9.999054e-01 -7.955462e-04 -1.373071e-02 1.199081e+02 7.982680e-04 9.999997e-01 1.927513e-04 2.511011e+00 1.373055e-02 -2.036945e-04 9.999057e-01 -5.661071e+01
9.999356e-01 7.544427e-04 1.132265e-02 1.200208e+02 -7.529253e-04 9.999997e-01 -1.382692e-04 2.512183e+00 -1.132275e-02 1.297359e-04 9.999359e-01 -5.720501e+01
9.999085e-01 -8.241347e-04 -1.349926e-02 1.201075e+02 8.259787e-04 9.999997e-01 1.310295e-04 2.517344e+00 1.349915e-02 -1.421684e-04 9.999089e-01 -5.812088e+01
9.999379e-01 7.849954e-04 1.111366e-02 1.203514e+02 -7.838304e-04 9.999997e-01 -1.091679e-04 2.521213e+00 -1.111374e-02 1.004507e-04 9.999382e-01 -5.883991e+01
9.999029e-01 -8.013591e-04 -1.390879e-02 1.205757e+02 8.043350e-04 9.999997e-01 2.083706e-04 2.517976e+00 1.390862e-02 -2.195384e-04 9.999032e-01 -5.918054e+01
9.999342e-01 7.714843e-04 1.144593e-02 1.205650e+02 -7.709029e-04 9.999997e-01 -5.520251e-05 2.516297e+00 -1.144597e-02 4.637589e-05 9.999345e-01 -5.966209e+01
9.998999e-01 -6.919635e-04 -1.412882e-02 1.202764e+02 6.962117e-04 9.999997e-01 2.957605e-04 2.517704e+00 1.412861e-02 -3.055683e-04 9.999001e-01 -5.964607e+01
9.999383e-01 8.424219e-04 1.107471e-02 1.198693e+02 -8.412797e-04 9.999996e-01 -1.077878e-04 2.526507e+00 -1.107480e-02 9.846490e-05 9.999387e-01 -5.938915e+01
9.998980e-01 -5.882167e-04 -1.427139e-02 1.192797e+02 5.921080e-04 9.999998e-01 2.684417e-04 2.546778e+00 1.427123e-02 -2.768653e-04 9.998981e-01 -5.891593e+01
9.999382e-01 7.709032e-04 1.109084e-02 1.190375e+02 -7.687597e-04 9.999997e-01 -1.975189e-04 2.551213e+00 -1.109099e-02 1.889812e-04 9.999385e-01 -5.830006e+01
9.999050e-01 -7.260225e-04 -1.376160e-02 1.195021e+02 7.307416e-04 9.999997e-01 3.379013e-04 2.537190e+00 1.376135e-02 -3.479261e-04 9.999052e-01 -5.820899e+01
9.999433e-01 8.460609e-04 1.061222e-02 1.192386e+02 -8.441389e-04 9.999996e-01 -1.855803e-04 2.540808e+00 -1.061237e-02 1.766123e-04 9.999437e-01 -5.786604e+01
9.999083e-01 -7.748978e-04 -1.351701e-02 1.190922e+02 7.797489e-04 9.999996e-01 3.536217e-04 2.546601e+00 1.351673e-02 -3.641298e-04 9.999086e-01 -5.799201e+01
9.999487e-01 8.887516e-04 1.009050e-02 1.189889e+02 -8.872567e-04 9.999996e-01 -1.526143e-04 2.552195e+00 -1.009063e-02 1.436543e-04 9.999491e-01 -5.772979e+01
9.999141e-01 -8.626655e-04 -1.307654e-02 1.196623e+02 8.648972e-04 9.999996e-01 1.650156e-04 2.550656e+00 1.307639e-02 -1.763120e-04 9.999145e-01 -5.799476e+01
9.999480e-01 9.939272e-04 1.014830e-02 1.205270e+02 -9.933641e-04 9.999995e-01 -6.052085e-05 2.543274e+00 -1.014836e-02 5.043745e-05 9.999485e-01 -5.808032e+01
9.999229e-01 -8.313962e-04 -1.238571e-02 1.212399e+02 8.330326e-04 9.999996e-01 1.269699e-04 2.522578e+00 1.238560e-02 -1.372785e-04 9.999233e-01 -5.779224e+01
9.999465e-01 9.328910e-04 1.030395e-02 1.217146e+02 -9.329629e-04 9.999996e-01 2.177922e-06 2.491585e+00 -1.030394e-02 -1.179029e-05 9.999469e-01 -5.732591e+01
9.999077e-01 -8.216193e-04 -1.355992e-02 1.222100e+02 8.236477e-04 9.999997e-01 1.440126e-04 2.483561e+00 1.355979e-02 -1.551686e-04 9.999080e-01 -5.724202e+01
9.999416e-01 9.661458e-04 1.076801e-02 1.228943e+02 -9.654161e-04 9.999995e-01 -7.295342e-05 2.465894e+00 -1.076807e-02 6.255426e-05 9.999420e-01 -5.704265e+01
9.999107e-01 -8.925950e-04 -1.333574e-02 1.236506e+02 8.955348e-04 9.999996e-01 2.144813e-04 2.449717e+00 1.333554e-02 -2.264055e-04 9.999111e-01 -5.696194e+01
9.999531e-01 1.037604e-03 9.633011e-03 1.238823e+02 -1.037611e-03 9.999995e-01 -4.282859e-06 2.454104e+00 -9.633010e-03 -5.711947e-06 9.999536e-01 -5.685469e+01
9.999202e-01 -8.610590e-04 -1.260395e-02 1.251745e+02 8.617862e-04 9.999996e-01 5.227208e-05 2.452032e+00 1.260390e-02 -6.313053e-05 9.999206e-01 -5.697092e+01
9.999227e-01 1.323181e-03 1.236010e-02 1.271119e+02 -1.318624e-03 9.999991e-01 -3.768195e-04 2.412512e+00 -1.236059e-02 3.604928e-04 9.999235e-01 -5.644477e+01
9.998927e-01 -1.194610e-03 -1.459795e-02 1.277064e+02 1.201675e-03 9.999992e-01 4.751920e-04 2.381872e+00 1.459737e-02 -4.926838e-04 9.998933e-01 -5.595378e+01
9.999308e-01 1.262336e-03 1.169545e-02 1.282801e+02 -1.258199e-03 9.999991e-01 -3.610177e-04 2.375176e+00 -1.169589e-02 3.462782e-04 9.999315e-01 -5.602314e+01
9.998942e-01 -1.115778e-03 -1.449983e-02 1.291989e+02 1.121830e-03 9.999993e-01 4.092693e-04 2.371814e+00 1.449936e-02 -4.254930e-04 9.998948e-01 -5.622169e+01
9.999313e-01 1.255022e-03 1.165473e-02 1.301100e+02 -1.251082e-03 9.999992e-01 -3.453812e-04 2.366634e+00 -1.165516e-02 3.307772e-04 9.999320e-01 -5.632271e+01
9.998882e-01 -1.085122e-03 -1.491131e-02 1.307281e+02 1.091714e-03 9.999993e-01 4.339551e-04 2.365630e+00 1.491083e-02 -4.501862e-04 9.998887e-01 -5.631895e+01
9.999390e-01 1.313662e-03 1.096499e-02 1.308936e+02 -1.309820e-03 9.999991e-01 -3.575949e-04 2.385429e+00 -1.096545e-02 3.432116e-04 9.999398e-01 -5.611597e+01
9.998873e-01 -1.063357e-03 -1.497200e-02 1.309620e+02 1.070355e-03 9.999993e-01 4.594235e-04 2.411052e+00 1.497150e-02 -4.753978e-04 9.998878e-01 -5.579713e+01
9.999365e-01 1.231557e-03 1.120150e-02 1.309776e+02 -1.227997e-03 9.999992e-01 -3.247489e-04 2.422961e+00 -1.120189e-02 3.109736e-04 9.999372e-01 -5.552833e+01
9.999042e-01 -1.105389e-03 -1.379622e-02 1.318715e+02 1.111003e-03 9.999993e-01 3.992639e-04 2.415284e+00 1.379577e-02 -4.145540e-04 9.999047e-01 -5.564998e+01
9.999363e-01 1.214560e-03 1.122180e-02 1.327964e+02 -1.210615e-03 9.999992e-01 -3.583559e-04 2.409842e+00 -1.122223e-02 3.447485e-04 9.999370e-01 -5.584675e+01
9.998956e-01 -1.028372e-03 -1.441033e-02 1.331927e+02 1.034685e-03 9.999994e-01 4.306138e-04 2.409311e+00 1.440988e-02 -4.454797e-04 9.998961e-01 -5.563023e+01
9.999368e-01 1.236952e-03 1.117331e-02 1.334661e+02 -1.232904e-03 9.999992e-01 -3.691836e-04 2.407268e+00 -1.117375e-02 3.553854e-04 9.999375e-01 -5.516633e+01
9.998986e-01 -1.067730e-03 -1.420087e-02 1.340314e+02 1.074268e-03 9.999993e-01 4.527798e-04 2.396905e+00 1.420037e-02 -4.679901e-04 9.998991e-01 -5.491355e+01
9.999292e-01 1.229985e-03 1.183475e-02 1.350494e+02 -1.225607e-03 9.999992e-01 -3.771269e-04 2.385392e+00 -1.183521e-02 3.625962e-04 9.999299e-01 -5.495083e+01
9.998980e-01 -1.067219e-03 -1.424186e-02 1.361516e+02 1.072984e-03 9.999993e-01 3.971846e-04 2.379306e+00 1.424143e-02 -4.124261e-04 9.998985e-01 -5.512490e+01
9.999337e-01 1.158839e-03 1.145855e-02 1.369218e+02 -1.154923e-03 9.999993e-01 -3.483195e-04 2.373931e+00 -1.145894e-02 3.350633e-04 9.999343e-01 -5.527353e+01
9.998987e-01 -1.076591e-03 -1.419044e-02 1.378368e+02 1.081580e-03 9.999994e-01 3.439500e-04 2.373763e+00 1.419007e-02 -3.592640e-04 9.998993e-01 -5.561454e+01
9.999346e-01 1.152618e-03 1.137400e-02 1.386845e+02 -1.148889e-03 9.999993e-01 -3.343419e-04 2.374108e+00 -1.137437e-02 3.212533e-04 9.999353e-01 -5.594990e+01
9.998992e-01 -1.081834e-03 -1.416033e-02 1.393603e+02 1.088101e-03 9.999993e-01 4.348735e-04 2.365364e+00 1.415985e-02 -4.502382e-04 9.998996e-01 -5.604617e+01
9.999328e-01 1.174367e-03 1.153486e-02 1.402246e+02 -1.169923e-03 9.999992e-01 -3.920540e-04 2.359327e+00 -1.153531e-02 3.785334e-04 9.999334e-01 -5.624168e+01
9.998998e-01 -1.074270e-03 -1.411370e-02 1.410905e+02 1.080472e-03 9.999993e-01 4.318321e-04 2.352369e+00 1.411323e-02 -4.470390e-04 9.999003e-01 -5.641628e+01
9.999339e-01 1.163233e-03 1.143823e-02 1.419802e+02 -1.158522e-03 9.999992e-01 -4.185305e-04 2.348694e+00 -1.143871e-02 4.052521e-04 9.999345e-01 -5.667462e+01
9.998984e-01 -1.094202e-03 -1.421211e-02 1.427777e+02 1.100656e-03 9.999993e-01 4.462589e-04 2.345079e+00 1.421161e-02 -4.618569e-04 9.998989e-01 -5.692235e+01
9.999339e-01 1.264025e-03 1.142927e-02 1.428512e+02 -1.260507e-03 9.999992e-01 -3.149989e-04 2.337407e+00 -1.142966e-02 3.005721e-04 9.999346e-01 -5.649072e+01
9.998988e-01 -9.925682e-04 -1.419117e-02 1.422537e+02 9.978401e-04 9.999994e-01 3.644194e-04 2.355367e+00 1.419080e-02 -3.785437e-04 9.998992e-01 -5.588209e+01
9.999370e-01 1.100489e-03 1.116922e-02 1.420321e+02 -1.097857e-03 9.999994e-01 -2.417658e-04 2.361799e+00 -1.116948e-02 2.294891e-04 9.999376e-01 -5.567092e+01
9.998957e-01 -9.919465e-04 -1.440755e-02 1.418303e+02 9.969394e-04 9.999994e-01 3.393747e-04 2.362543e+00 1.440721e-02 -3.537034e-04 9.998961e-01 -5.526128e+01
9.999358e-01 1.079171e-03 1.127952e-02 1.418032e+02 -1.076516e-03 9.999994e-01 -2.414786e-04 2.351107e+00 -1.127977e-02 2.293212e-04 9.999364e-01 -5.480878e+01
9.998937e-01 -9.706621e-04 -1.454617e-02 1.417114e+02 9.755744e-04 9.999995e-01 3.306159e-04 2.344197e+00 1.454584e-02 -3.447723e-04 9.998941e-01 -5.431988e+01
9.999347e-01 1.078347e-03 1.137846e-02 1.415888e+02 -1.075908e-03 9.999994e-01 -2.204610e-04 2.339917e+00 -1.137869e-02 2.082051e-04 9.999352e-01 -5.388365e+01
9.998933e-01 -9.232260e-04 -1.458154e-02 1.412482e+02 9.291502e-04 9.999995e-01 3.995184e-04 2.348862e+00 1.458116e-02 -4.130249e-04 9.998936e-01 -5.355686e+01
9.999366e-01 1.079025e-03 1.120949e-02 1.409121e+02 -1.076291e-03 9.999994e-01 -2.499133e-04 2.361702e+00 -1.120975e-02 2.378335e-04 9.999371e-01 -5.341877e+01
9.998950e-01 -9.259110e-04 -1.445870e-02 1.405607e+02 9.307518e-04 9.999995e-01 3.280796e-04 2.381758e+00 1.445839e-02 -3.415033e-04 9.998954e-01 -5.337125e+01
9.999391e-01 1.174222e-03 1.097625e-02 1.401039e+02 -1.171370e-03 9.999993e-01 -2.663103e-04 2.399688e+00 -1.097656e-02 2.534375e-04 9.999397e-01 -5.273580e+01
9.998979e-01 -9.774434e-04 -1.425377e-02 1.398932e+02 9.821514e-04 9.999995e-01 3.233043e-04 2.399885e+00 1.425344e-02 -3.372714e-04 9.998984e-01 -5.199866e+01
9.999395e-01 1.254140e-03 1.092527e-02 1.392193e+02 -1.252437e-03 9.999992e-01 -1.626885e-04 2.428556e+00 -1.092546e-02 1.489961e-04 9.999403e-01 -5.148587e+01
9.998996e-01 -1.136326e-03 -1.412597e-02 1.389431e+02 1.141013e-03 9.999993e-01 3.237542e-04 2.435366e+00 1.412559e-02 -3.398403e-04 9.999002e-01 -5.122714e+01
9.999378e-01 1.197367e-03 1.108633e-02 1.393881e+02 -1.194911e-03 9.999993e-01 -2.281215e-04 2.431326e+00 -1.108659e-02 2.148608e-04 9.999385e-01 -5.129415e+01
9.998987e-01 -1.091621e-03 -1.419231e-02 1.393257e+02 1.097642e-03 9.999993e-01 4.164530e-04 2.435815e+00 1.419184e-02 -4.319896e-04 9.998992e-01 -5.112204e+01
9.999351e-01 1.171242e-03 1.133073e-02 1.393722e+02 -1.168205e-03 9.999993e-01 -2.746345e-04 2.447488e+00 -1.133105e-02 2.613808e-04 9.999358e-01 -5.147048e+01
9.998961e-01 -1.146898e-03 -1.437247e-02 1.401740e+02 1.150161e-03 9.999993e-01 2.187435e-04 2.459184e+00 1.437221e-02 -2.352522e-04 9.998967e-01 -5.213137e+01
9.999358e-01 1.221395e-03 1.126329e-02 1.413476e+02 -1.217002e-03 9.999992e-01 -3.968562e-04 2.477494e+00 -1.126377e-02 3.831240e-04 9.999365e-01 -5.289415e+01
9.998972e-01 -1.181559e-03 -1.429100e-02 1.422580e+02 1.186117e-03 9.999992e-01 3.104820e-04 2.492593e+00 1.429062e-02 -3.274015e-04 9.998978e-01 -5.364408e+01
9.999320e-01 1.263085e-03 1.159244e-02 1.421947e+02 -1.260865e-03 9.999992e-01 -1.988030e-04 2.510472e+00 -1.159268e-02 1.841737e-04 9.999328e-01 -5.395974e+01
9.998966e-01 -1.207974e-03 -1.433234e-02 1.420465e+02 1.212651e-03 9.999992e-01 3.176399e-04 2.522092e+00 1.433194e-02 -3.349879e-04 9.998972e-01 -5.430894e+01
9.999314e-01 1.230072e-03 1.164956e-02 1.424357e+02 -1.226765e-03 9.999992e-01 -2.909520e-04 2.525036e+00 -1.164990e-02 2.766415e-04 9.999321e-01 -5.473899e+01
9.998935e-01 -1.202112e-03 -1.454658e-02 1.430476e+02 1.207194e-03 9.999992e-01 3.405546e-04 2.522215e+00 1.454616e-02 -3.580795e-04 9.998941e-01 -5.498753e+01
9.999334e-01 1.248120e-03 1.147210e-02 1.438506e+02 -1.243866e-03 9.999992e-01 -3.779439e-04 2.524735e+00 -1.147257e-02 3.636497e-04 9.999341e-01 -5.537021e+01
9.998922e-01 -1.223729e-03 -1.463074e-02 1.448670e+02 1.225091e-03 9.999992e-01 8.414749e-05 2.560635e+00 1.463063e-02 -1.020631e-04 9.998930e-01 -5.698185e+01
9.999171e-01 1.233605e-03 1.281904e-02 1.455630e+02 -1.228760e-03 9.999992e-01 -3.857724e-04 2.592642e+00 -1.281950e-02 3.699896e-04 9.999178e-01 -5.865415e+01
9.998816e-01 -1.220846e-03 -1.533910e-02 1.460345e+02 1.227043e-03 9.999992e-01 3.945849e-04 2.598348e+00 1.533861e-02 -4.133607e-04 9.998823e-01 -5.934073e+01
9.999147e-01 1.222627e-03 1.300228e-02 1.459038e+02 -1.220081e-03 9.999992e-01 -2.037327e-04 2.600207e+00 -1.300252e-02 1.878522e-04 9.999154e-01 -5.974103e+01
9.998752e-01 -1.086538e-03 -1.575785e-02 1.454944e+02 1.093496e-03 9.999993e-01 4.329287e-04 2.609443e+00 1.575737e-02 -4.501066e-04 9.998757e-01 -5.959162e+01
9.999142e-01 1.214605e-03 1.304508e-02 1.454772e+02 -1.211100e-03 9.999992e-01 -2.765081e-04 2.605661e+00 -1.304541e-02 2.606862e-04 9.999149e-01 -5.921997e+01
9.998746e-01 -1.173836e-03 -1.579133e-02 1.457295e+02 1.180361e-03 9.999992e-01 4.038833e-04 2.597735e+00 1.579084e-02 -4.224729e-04 9.998752e-01 -5.918277e+01
9.999155e-01 1.250331e-03 1.293730e-02 1.461394e+02 -1.246822e-03 9.999992e-01 -2.792234e-04 2.583082e+00 -1.293763e-02 2.630700e-04 9.999163e-01 -5.902703e+01
9.998781e-01 -1.040490e-03 -1.557640e-02 1.463336e+02 1.045528e-03 9.999994e-01 3.152705e-04 2.559573e+00 1.557606e-02 -3.315183e-04 9.998786e-01 -5.818217e+01
9.999235e-01 1.279859e-03 1.230049e-02 1.462617e+02 -1.276347e-03 9.999991e-01 -2.933515e-04 2.558338e+00 -1.230085e-02 2.776301e-04 9.999243e-01 -5.735714e+01
9.998836e-01 -9.491381e-04 -1.522723e-02 1.463946e+02 9.540038e-04 9.999995e-01 3.122903e-04 2.547163e+00 1.522693e-02 -3.267815e-04 9.998840e-01 -5.645184e+01
9.999385e-01 1.803887e-03 1.094389e-02 1.459417e+02 -1.798434e-03 9.999983e-01 -5.081245e-04 2.574692e+00 -1.094479e-02 4.884121e-04 9.999400e-01 -5.417457e+01
9.998736e-01 -8.968796e-04 -1.587191e-02 1.454612e+02 8.992932e-04 9.999996e-01 1.449391e-04 2.611750e+00 1.587177e-02 -1.591950e-04 9.998740e-01 -5.157891e+01
9.999251e-01 1.520336e-03 1.214494e-02 1.455406e+02 -1.517058e-03 9.999988e-01 -2.791336e-04 2.611149e+00 -1.214535e-02 2.606888e-04 9.999262e-01 -4.962368e+01
9.998637e-01 -8.087716e-04 -1.648904e-02 1.450898e+02 8.095887e-04 9.999997e-01 4.289225e-05 2.637262e+00 1.648900e-02 -5.623645e-05 9.998640e-01 -4.759248e+01
9.999342e-01 1.628776e-03 1.135868e-02 1.441569e+02 -1.625439e-03 9.999986e-01 -3.029635e-04 2.696606e+00 -1.135916e-02 2.844814e-04 9.999354e-01 -4.538220e+01
9.998721e-01 -8.535984e-04 -1.597176e-02 1.435183e+02 8.537776e-04 9.999996e-01 4.407849e-06 2.733564e+00 1.597175e-02 -1.804432e-05 9.998724e-01 -4.320096e+01
9.999218e-01 1.559291e-03 1.240566e-02 1.432567e+02 -1.555229e-03 9.999987e-01 -3.370801e-04 2.739535e+00 -1.240617e-02 3.177608e-04 9.999230e-01 -4.094304e+01
9.998529e-01 -6.102984e-04 -1.714244e-02 1.421544e+02 6.089599e-04 9.999998e-01 -8.328955e-05 2.808878e+00 1.714249e-02 7.283753e-05 9.998531e-01 -3.840539e+01
9.999243e-01 1.371031e-03 1.222787e-02 1.412413e+02 -1.369489e-03 9.999991e-01 -1.344585e-04 2.870268e+00 -1.222804e-02 1.177030e-04 9.999252e-01 -3.640791e+01
9.998820e-01 -1.005263e-03 -1.532735e-02 1.414181e+02 1.006608e-03 9.999995e-01 8.004424e-05 2.856887e+00 1.532726e-02 -9.546413e-05 9.998825e-01 -3.519806e+01
9.999322e-01 1.513016e-03 1.154967e-02 1.411449e+02 -1.511131e-03 9.999988e-01 -1.719579e-04 2.868045e+00 -1.154992e-02 1.544938e-04 9.999333e-01 -3.373915e+01
9.998653e-01 -7.574573e-04 -1.639384e-02 1.404993e+02 7.569216e-04 9.999997e-01 -3.887543e-05 2.906764e+00 1.639386e-02 2.646064e-05 9.998656e-01 -3.169693e+01
9.998782e-01 1.277854e-03 1.555728e-02 1.420174e+02 -1.278381e-03 9.999992e-01 2.395139e-05 2.856734e+00 -1.555724e-02 -4.383592e-05 9.998790e-01 -3.041854e+01
9.999107e-01 -7.316312e-04 -1.334454e-02 1.445964e+02 7.296801e-04 9.999997e-01 -1.510675e-04 2.766564e+00 1.334465e-02 1.413161e-04 9.999109e-01 -2.892508e+01
9.999295e-01 1.298532e-03 1.180327e-02 1.452381e+02 -1.296179e-03 9.999991e-01 -2.069471e-04 2.704964e+00 -1.180353e-02 1.916341e-04 9.999303e-01 -2.649064e+01
9.998712e-01 -5.625355e-04 -1.604088e-02 1.445903e+02 5.599312e-04 9.999998e-01 -1.668338e-04 2.743947e+00 1.604097e-02 1.578298e-04 9.998713e-01 -2.436084e+01
9.999216e-01 1.273458e-03 1.245663e-02 1.443300e+02 -1.271658e-03 9.999992e-01 -1.523540e-04 2.757668e+00 -1.245681e-02 1.365022e-04 9.999224e-01 -2.227663e+01
9.998690e-01 -6.404290e-04 -1.617390e-02 1.440898e+02 6.388492e-04 9.999998e-01 -1.028325e-04 2.765817e+00 1.617396e-02 9.248562e-05 9.998692e-01 -2.031169e+01
9.999258e-01 1.351048e-03 1.210576e-02 1.436511e+02 -1.349283e-03 9.999991e-01 -1.539477e-04 2.789989e+00 -1.210596e-02 1.376029e-04 9.999267e-01 -1.823906e+01
9.998604e-01 -4.227663e-04 -1.670398e-02 1.430458e+02 4.201368e-04 9.999999e-01 -1.609199e-04 2.829827e+00 1.670405e-02 1.538788e-04 9.998605e-01 -1.573363e+01
9.999215e-01 1.423431e-03 1.244787e-02 1.428440e+02 -1.420444e-03 9.999990e-01 -2.487740e-04 2.846778e+00 -1.244821e-02 2.310737e-04 9.999225e-01 -1.284114e+01
9.998733e-01 -7.424047e-04 -1.589808e-02 1.428090e+02 7.406780e-04 9.999997e-01 -1.144858e-04 2.846955e+00 1.589816e-02 1.026952e-04 9.998736e-01 -1.054446e+01
9.999251e-01 1.619250e-03 1.213474e-02 1.427217e+02 -1.616487e-03 9.999987e-01 -2.374845e-04 2.860265e+00 -1.213511e-02 2.178518e-04 9.999263e-01 -8.187796e+00
9.999469e-01 -7.114775e-04 -1.028336e-02 1.453442e+02 7.097154e-04 9.999997e-01 -1.749866e-04 2.765915e+00 1.028348e-02 1.676784e-04 9.999471e-01 -5.976677e+00
9.999788e-01 1.548692e-03 6.332040e-03 1.447189e+02 -1.547727e-03 9.999988e-01 -1.573095e-04 2.798262e+00 -6.332275e-03 1.475066e-04 9.999799e-01 -3.690872e+00
9.999264e-01 -9.436973e-04 -1.209512e-02 1.436924e+02 9.457592e-04 9.999995e-01 1.647638e-04 2.869164e+00 1.209496e-02 -1.761914e-04 9.999268e-01 -2.338759e+00
9.999434e-01 1.041919e-03 1.058888e-02 1.452230e+02 -1.037135e-03 9.999994e-01 -4.572630e-04 2.860518e+00 -1.058935e-02 4.462557e-04 9.999438e-01 -2.665265e+00
9.999325e-01 -7.229263e-04 -1.159198e-02 1.471656e+02 7.268573e-04 9.999997e-01 3.349201e-04 2.833581e+00 1.159174e-02 -3.433239e-04 9.999328e-01 -2.545247e+00
9.999294e-01 1.215910e-03 1.182401e-02 1.494625e+02 -1.211612e-03 9.999992e-01 -3.706796e-04 2.790765e+00 -1.182445e-02 3.563280e-04 9.999300e-01 -2.074496e+00
9.999284e-01 -6.319136e-04 -1.195108e-02 1.511644e+02 6.351389e-04 9.999998e-01 2.660928e-04 2.730058e+00 1.195091e-02 -2.736650e-04 9.999285e-01 -6.231510e-01
9.998916e-01 1.694234e-03 1.462621e-02 1.546358e+02 -1.687305e-03 9.999985e-01 -4.860671e-04 2.632453e+00 -1.462701e-02 4.613362e-04 9.998929e-01 1.594082e+00
9.999242e-01 -9.462476e-04 -1.227384e-02 1.585532e+02 9.503967e-04 9.999995e-01 3.322364e-04 2.567004e+00 1.227352e-02 -3.438770e-04 9.999246e-01 2.551402e+00
9.999443e-01 1.399450e-03 1.045801e-02 1.599529e+02 -1.395387e-03 9.999989e-01 -3.958154e-04 2.539615e+00 -1.045856e-02 3.812010e-04 9.999452e-01 3.131641e+00
9.998420e-01 -1.460430e-04 -1.777468e-02 1.582171e+02 1.493397e-04 1.000000e+00 1.841561e-04 2.666612e+00 1.777466e-02 -1.867822e-04 9.998420e-01 5.852171e+00
9.999556e-01 1.511735e-03 9.306482e-03 1.557644e+02 -1.507932e-03 9.999988e-01 -4.156307e-04 2.854677e+00 -9.307098e-03 4.015794e-04 9.999566e-01 8.688737e+00
9.998850e-01 -5.690226e-04 -1.515420e-02 1.538157e+02 5.751269e-04 9.999998e-01 3.984665e-04 2.989129e+00 1.515397e-02 -4.071369e-04 9.998851e-01 1.039245e+01
9.999391e-01 1.151780e-03 1.097995e-02 1.524338e+02 -1.148801e-03 9.999993e-01 -2.776119e-04 3.073738e+00 -1.098026e-02 2.649819e-04 9.999397e-01 1.127313e+01
9.998560e-01 -2.979861e-04 -1.696847e-02 1.510808e+02 3.020166e-04 9.999999e-01 2.349811e-04 3.172178e+00 1.696840e-02 -2.400727e-04 9.998560e-01 1.294044e+01
9.999568e-01 1.493836e-03 9.172969e-03 1.490799e+02 -1.490378e-03 9.999988e-01 -3.838278e-04 3.326487e+00 -9.173531e-03 3.701407e-04 9.999579e-01 1.542698e+01
9.998331e-01 3.409195e-04 -1.826539e-02 1.457537e+02 -3.401247e-04 9.999999e-01 4.663190e-05 3.580452e+00 1.826540e-02 -4.041230e-05 9.998332e-01 1.891651e+01
9.999384e-01 6.549189e-04 1.108040e-02 1.441409e+02 -6.538142e-04 9.999998e-01 -1.032996e-04 3.728399e+00 -1.108046e-02 9.604940e-05 9.999386e-01 2.106288e+01
9.998595e-01 2.461824e-04 -1.675813e-02 1.436018e+02 -2.442333e-04 1.000000e+00 1.183670e-04 3.836982e+00 1.675816e-02 -1.142582e-04 9.998596e-01 2.216586e+01
9.999471e-01 8.755002e-04 1.025139e-02 1.427150e+02 -8.728911e-04 9.999996e-01 -2.589663e-04 3.989665e+00 -1.025162e-02 2.500049e-04 9.999474e-01 2.366676e+01
9.998421e-01 4.639828e-04 -1.776400e-02 1.408849e+02 -4.630879e-04 9.999999e-01 5.450454e-05 4.155077e+00 1.776403e-02 -4.627033e-05 9.998422e-01 2.605712e+01
9.999545e-01 8.367713e-04 9.499981e-03 1.387115e+02 -8.341994e-04 9.999996e-01 -2.746625e-04 4.322617e+00 -9.500207e-03 2.667259e-04 9.999548e-01 2.890088e+01
9.998740e-01 2.739890e-05 -1.587516e-02 1.372832e+02 -2.539671e-05 1.000000e+00 1.263354e-04 4.426720e+00 1.587516e-02 -1.259170e-04 9.998740e-01 3.095273e+01
9.999340e-01 3.893781e-04 1.148486e-02 1.368603e+02 -3.879596e-04 9.999999e-01 -1.257164e-04 4.457698e+00 -1.148491e-02 1.212531e-04 9.999340e-01 3.205727e+01
9.998858e-01 -1.617363e-04 -1.511360e-02 1.367612e+02 1.656820e-04 1.000000e+00 2.598278e-04 4.473387e+00 1.511356e-02 -2.623029e-04 9.998857e-01 3.265339e+01
9.999473e-01 8.158713e-04 1.023430e-02 1.367251e+02 -8.135865e-04 9.999996e-01 -2.273894e-04 4.533706e+00 -1.023449e-02 2.190516e-04 9.999476e-01 3.355531e+01
9.999045e-01 -2.790485e-04 -1.381392e-02 1.371510e+02 2.809886e-04 1.000000e+00 1.385200e-04 4.549097e+00 1.381388e-02 -1.423890e-04 9.999046e-01 3.447761e+01
9.999486e-01 6.281205e-04 1.011670e-02 1.370828e+02 -6.262535e-04 9.999998e-01 -1.876897e-04 4.544400e+00 -1.011681e-02 1.813451e-04 9.999488e-01 3.566640e+01
9.999097e-01 -3.389998e-04 -1.343139e-02 1.371466e+02 3.419046e-04 9.999999e-01 2.139862e-04 4.527300e+00 1.343131e-02 -2.185598e-04 9.999098e-01 3.677169e+01
9.999450e-01 8.096855e-04 1.045244e-02 1.374954e+02 -8.087088e-04 9.999997e-01 -9.764313e-05 4.528019e+00 -1.045251e-02 8.918548e-05 9.999454e-01 3.768682e+01
9.999134e-01 2.207419e-04 -1.315969e-02 1.356094e+02 -2.152687e-04 9.999999e-01 4.173311e-04 4.630759e+00 1.315978e-02 -4.144628e-04 9.999133e-01 3.916106e+01
9.999481e-01 7.245328e-04 1.016119e-02 1.338229e+02 -7.182474e-04 9.999995e-01 -6.221865e-04 4.737799e+00 -1.016164e-02 6.148567e-04 9.999482e-01 4.142293e+01
9.999593e-01 3.518664e-04 -9.018390e-03 1.389675e+02 -3.500508e-04 9.999999e-01 2.029287e-04 4.756769e+00 9.018461e-03 -1.997642e-04 9.999593e-01 4.057342e+01
9.999453e-01 4.971905e-04 1.044586e-02 1.439542e+02 -4.862804e-04 9.999993e-01 -1.046932e-03 4.779192e+00 -1.044638e-02 1.041796e-03 9.999449e-01 3.949662e+01
9.999161e-01 -6.474507e-05 -1.295126e-02 1.455504e+02 7.793999e-05 9.999995e-01 1.018329e-03 4.779562e+00 1.295119e-02 -1.019253e-03 9.999156e-01 3.980360e+01
9.999381e-01 2.872494e-04 1.112163e-02 1.469461e+02 -2.749288e-04 9.999993e-01 -1.109304e-03 4.773588e+00 -1.112194e-02 1.106179e-03 9.999375e-01 3.964432e+01
9.999100e-01 -1.977021e-04 -1.341687e-02 1.475891e+02 2.140325e-04 9.999992e-01 1.215749e-03 4.750808e+00 1.341661e-02 -1.218512e-03 9.999093e-01 3.985286e+01
9.999460e-01 2.467138e-04 1.038967e-02 1.478118e+02 -2.357320e-04 9.999994e-01 -1.058188e-03 4.732553e+00 -1.038993e-02 1.055682e-03 9.999455e-01 4.017379e+01
9.999130e-01 -1.342198e-04 -1.318886e-02 1.480637e+02 1.495313e-04 9.999993e-01 1.159980e-03 4.711257e+00 1.318870e-02 -1.161852e-03 9.999124e-01 4.064968e+01
9.999380e-01 3.599603e-04 1.113195e-02 1.489925e+02 -3.485029e-04 9.999994e-01 -1.031139e-03 4.687383e+00 -1.113231e-02 1.027196e-03 9.999375e-01 4.097399e+01
9.998697e-01 4.403239e-04 -1.613858e-02 1.481213e+02 -4.261867e-04 9.999995e-01 8.794295e-04 4.742959e+00 1.613896e-02 -8.724376e-04 9.998694e-01 4.282470e+01
9.999439e-01 4.089111e-04 1.058258e-02 1.473096e+02 -3.973202e-04 9.999993e-01 -1.097338e-03 4.802936e+00 -1.058302e-02 1.093072e-03 9.999434e-01 4.504046e+01
9.999158e-01 2.908065e-05 -1.297348e-02 1.487978e+02 -1.396454e-05 9.999993e-01 1.165262e-03 4.794227e+00 1.297350e-02 -1.164983e-03 9.999152e-01 4.537554e+01
9.999432e-01 2.195132e-04 1.065263e-02 1.494983e+02 -2.081579e-04 9.999994e-01 -1.067031e-03 4.772454e+00 -1.065286e-02 1.064753e-03 9.999427e-01 4.573585e+01
9.999128e-01 6.321844e-05 -1.320858e-02 1.501049e+02 -4.737004e-05 9.999993e-01 1.200184e-03 4.749495e+00 1.320864e-02 -1.199454e-03 9.999120e-01 4.644625e+01
9.999373e-01 8.147136e-05 1.119850e-02 1.508212e+02 -6.989686e-05 9.999995e-01 -1.033941e-03 4.721450e+00 -1.119858e-02 1.033094e-03 9.999368e-01 4.685613e+01
9.999044e-01 2.100499e-04 -1.382834e-02 1.509964e+02 -1.957428e-04 9.999994e-01 1.035986e-03 4.696236e+00 1.382855e-02 -1.033181e-03 9.999038e-01 4.795924e+01
9.999446e-01 2.897194e-04 1.051999e-02 1.511314e+02 -2.775354e-04 9.999993e-01 -1.159598e-03 4.684400e+00 -1.052032e-02 1.156615e-03 9.999440e-01 4.954476e+01
9.999011e-01 1.943300e-04 -1.406117e-02 1.511062e+02 -1.794045e-04 9.999994e-01 1.062745e-03 4.682383e+00 1.406137e-02 -1.060118e-03 9.999006e-01 5.104154e+01
9.999460e-01 3.745572e-04 1.038524e-02 1.509586e+02 -3.619891e-04 9.999992e-01 -1.212021e-03 4.690889e+00 -1.038568e-02 1.208197e-03 9.999453e-01 5.262253e+01
9.999006e-01 1.493720e-04 -1.409932e-02 1.508069e+02 -1.340884e-04 9.999994e-01 1.084948e-03 4.699241e+00 1.409948e-02 -1.082950e-03 9.999000e-01 5.415529e+01
9.999465e-01 3.919287e-04 1.033282e-02 1.506048e+02 -3.792680e-04 9.999992e-01 -1.227189e-03 4.711132e+00 -1.033330e-02 1.223205e-03 9.999459e-01 5.567361e+01
9.999038e-01 7.866702e-05 -1.387163e-02 1.504855e+02 -6.351205e-05 9.999994e-01 1.092970e-03 4.715149e+00 1.387171e-02 -1.091984e-03 9.999032e-01 5.709990e+01
9.999470e-01 1.866306e-04 1.029828e-02 1.504376e+02 -1.754996e-04 9.999994e-01 -1.081731e-03 4.719856e+00 -1.029847e-02 1.079867e-03 9.999464e-01 5.795529e+01
9.999100e-01 -1.412271e-04 -1.341289e-02 1.511207e+02 1.555342e-04 9.999994e-01 1.065651e-03 4.730194e+00 1.341273e-02 -1.067642e-03 9.999095e-01 5.736760e+01
9.999438e-01 2.312602e-04 1.060295e-02 1.523130e+02 -2.183084e-04 9.999992e-01 -1.222643e-03 4.750358e+00 -1.060323e-02 1.220260e-03 9.999430e-01 5.657324e+01
9.999134e-01 -1.275792e-04 -1.316058e-02 1.529955e+02 1.455794e-04 9.999991e-01 1.366798e-03 4.733297e+00 1.316040e-02 -1.368597e-03 9.999125e-01 5.667870e+01
9.999472e-01 4.286603e-04 1.026876e-02 1.533657e+02 -4.150322e-04 9.999990e-01 -1.329216e-03 4.716004e+00 -1.026932e-02 1.324885e-03 9.999464e-01 5.746767e+01
9.999003e-01 8.616531e-05 -1.412012e-02 1.531325e+02 -6.905927e-05 9.999993e-01 1.211966e-03 4.726936e+00 1.412021e-02 -1.210871e-03 9.998996e-01 5.892752e+01
9.999534e-01 5.444471e-04 9.643620e-03 1.525871e+02 -5.312189e-04 9.999989e-01 -1.374190e-03 4.758032e+00 -9.644357e-03 1.369004e-03 9.999526e-01 6.062856e+01
9.998954e-01 1.308197e-04 -1.446369e-02 1.518287e+02 -1.142146e-04 9.999993e-01 1.148885e-03 4.803746e+00 1.446383e-02 -1.147114e-03 9.998947e-01 6.247695e+01
9.999540e-01 6.391067e-04 9.568366e-03 1.510582e+02 -6.257813e-04 9.999988e-01 -1.395555e-03 4.849251e+00 -9.569247e-03 1.389503e-03 9.999532e-01 6.456585e+01
9.999058e-01 3.337377e-05 -1.372467e-02 1.508014e+02 -1.773313e-05 9.999994e-01 1.139739e-03 4.859283e+00 1.372470e-02 -1.139389e-03 9.999052e-01 6.662450e+01
9.999305e-01 3.065545e-04 1.178382e-02 1.514943e+02 -2.927409e-04 9.999993e-01 -1.173941e-03 4.818758e+00 -1.178418e-02 1.170410e-03 9.999299e-01 6.790955e+01
9.998882e-01 -2.393025e-04 -1.494947e-02 1.536082e+02 2.486091e-04 9.999998e-01 6.206944e-04 4.894952e+00 1.494932e-02 -6.243423e-04 9.998881e-01 6.534365e+01
9.998926e-01 2.800093e-04 1.465176e-02 1.563853e+02 -2.522752e-04 9.999982e-01 -1.894680e-03 5.032205e+00 -1.465226e-02 1.890781e-03 9.998909e-01 6.050502e+01
9.998454e-01 -9.535160e-05 -1.758175e-02 1.594824e+02 1.139058e-04 9.999994e-01 1.054323e-03 5.123888e+00 1.758164e-02 -1.056163e-03 9.998449e-01 5.797140e+01
9.998990e-01 3.949067e-04 1.420659e-02 1.625356e+02 -3.678667e-04 9.999981e-01 -1.905882e-03 5.217076e+00 -1.420731e-02 1.900464e-03 9.998973e-01 5.521256e+01
