9.999850e-01 9.273797e-04 5.403271e-03 -1.281209e-01 -9.270197e-04 9.999996e-01 -6.913704e-05 -2.575461e-04 -5.403334e-03 6.412659e-05 9.999855e-01 2.352374e-01
9.999967e-01 -9.531591e-04 -2.403620e-03 -2.934570e-01 9.523640e-04 9.999995e-01 -3.318990e-04 -7.103011e-04 2.403936e-03 3.296092e-04 9.999970e-01 5.690804e-01
9.999596e-01 1.912797e-03 8.787992e-03 -5.770862e-01 -1.909248e-03 9.999981e-01 -4.122924e-04 3.399702e-03 -8.788765e-03 3.954969e-04 9.999614e-01 7.681109e-01
9.999940e-01 -8.879072e-04 -3.362768e-03 -8.396810e-01 8.877677e-04 9.999996e-01 -4.297462e-05 6.956600e-03 3.362807e-03 3.998932e-05 9.999942e-01 9.797635e-01
9.999718e-01 1.927178e-03 7.262403e-03 -1.021043e+00 -1.927218e-03 9.999981e-01 -1.518697e-06 8.947400e-03 -7.262395e-03 -1.247789e-05 9.999737e-01 1.183462e+00
9.999964e-01 -8.290257e-04 -2.568893e-03 -1.266635e+00 8.276551e-04 9.999995e-01 -5.345287e-04 1.275407e-02 2.569338e-03 5.324009e-04 9.999965e-01 1.346666e+00
9.999699e-01 1.962929e-03 7.504525e-03 -1.548902e+00 -1.962789e-03 9.999981e-01 -2.604381e-05 1.743612e-02 -7.504565e-03 1.131302e-05 9.999719e-01 1.511326e+00
9.999982e-01 -9.450126e-04 -1.672241e-03 -1.821957e+00 9.442259e-04 9.999994e-01 -4.711613e-04 2.168567e-02 1.672690e-03 4.695816e-04 9.999984e-01 1.714315e+00
9.999774e-01 1.728065e-03 6.491150e-03 -2.077399e+00 -1.728226e-03 9.999985e-01 1.929819e-05 2.497212e-02 -6.491112e-03 -3.051605e-05 9.999790e-01 1.952094e+00
9.999978e-01 -7.973731e-04 -1.962272e-03 -2.326538e+00 7.964556e-04 9.999996e-01 -4.683096e-04 2.858833e-02 1.962649e-03 4.667458e-04 9.999979e-01 2.145793e+00
9.999697e-01 1.736406e-03 7.582321e-03 -2.630021e+00 -1.733953e-03 9.999984e-01 -3.301791e-04 3.321344e-02 -7.582888e-03 3.170217e-04 9.999713e-01 2.334347e+00
9.999964e-01 -6.844161e-04 -2.577378e-03 -2.909808e+00 6.836634e-04 9.999997e-01 -2.928950e-04 3.741652e-02 2.577584e-03 2.911319e-04 9.999965e-01 2.510516e+00
9.999760e-01 1.948875e-03 6.654595e-03 -3.092581e+00 -1.949571e-03 9.999981e-01 9.800169e-05 3.951739e-02 -6.654398e-03 -1.109729e-04 9.999780e-01 2.682269e+00
9.999930e-01 -9.231007e-04 -3.612599e-03 -3.244235e+00 9.227942e-04 9.999996e-01 -8.649492e-05 4.042318e-02 3.612684e-03 8.316056e-05 9.999934e-01 2.893806e+00
9.999745e-01 2.190967e-03 6.803205e-03 -3.406841e+00 -2.190814e-03 9.999976e-01 -2.994606e-05 4.223870e-02 -6.803261e-03 1.504081e-05 9.999770e-01 3.053457e+00
9.999974e-01 -8.119308e-04 -2.129632e-03 -3.567733e+00 8.117869e-04 9.999997e-01 -6.848695e-05 4.362569e-02 2.129695e-03 6.675788e-05 9.999976e-01 3.227370e+00
9.999726e-01 2.022532e-03 7.124466e-03 -3.794236e+00 -2.019477e-03 9.999979e-01 -4.359637e-04 4.675521e-02 -7.125341e-03 4.215642e-04 9.999746e-01 3.390367e+00
9.999975e-01 -8.494037e-04 -2.047303e-03 -4.068463e+00 8.488541e-04 9.999996e-01 -2.693139e-04 5.118343e-02 2.047539e-03 2.675751e-04 9.999978e-01 3.541353e+00
9.999757e-01 2.227362e-03 6.608848e-03 -4.346388e+00 -2.224368e-03 9.999974e-01 -4.602564e-04 5.607475e-02 -6.609865e-03 4.455450e-04 9.999782e-01 3.656191e+00
9.999982e-01 -8.710891e-04 -1.667647e-03 -4.618539e+00 8.707887e-04 9.999996e-01 -1.808537e-04 6.062362e-02 1.667813e-03 1.794009e-04 9.999985e-01 3.782533e+00
9.999762e-01 2.302722e-03 6.510790e-03 -4.914081e+00 -2.298997e-03 9.999972e-01 -5.796055e-04 6.576007e-02 -6.512116e-03 5.646238e-04 9.999787e-01 3.887132e+00
9.999986e-01 -8.135251e-04 -1.469178e-03 -5.236148e+00 8.131601e-04 9.999996e-01 -2.490681e-04 7.150311e-02 1.469390e-03 2.478726e-04 9.999988e-01 3.994294e+00
9.999850e-01 2.296581e-03 4.967788e-03 -5.489514e+00 -2.294734e-03 9.999973e-01 -3.776235e-04 7.585249e-02 -4.968653e-03 3.662186e-04 9.999877e-01 4.094452e+00
9.999997e-01 -6.763951e-04 -4.497318e-04 -5.679472e+00 6.764731e-04 9.999998e-01 1.731870e-04 7.830599e-02 4.496258e-04 -1.734917e-04 9.999998e-01 4.182128e+00
9.999829e-01 2.254536e-03 5.392890e-03 -5.896767e+00 -2.251542e-03 9.999973e-01 -5.613023e-04 8.136790e-02 -5.394153e-03 5.491509e-04 9.999854e-01 4.288781e+00
9.999982e-01 -7.596559e-04 -1.763651e-03 -6.133122e+00 7.596173e-04 9.999997e-01 -2.260482e-05 8.542444e-02 1.763679e-03 2.126448e-05 9.999983e-01 4.389669e+00
9.999771e-01 2.372556e-03 6.339946e-03 -6.358124e+00 -2.370379e-03 9.999971e-01 -3.507804e-04 8.871461e-02 -6.340773e-03 3.357449e-04 9.999799e-01 4.488524e+00
9.999976e-01 -8.641771e-04 -2.023420e-03 -6.602166e+00 8.639076e-04 9.999996e-01 -1.340702e-04 9.266311e-02 2.023548e-03 1.323212e-04 9.999978e-01 4.605343e+00
9.999785e-01 2.376529e-03 6.106168e-03 -6.827545e+00 -2.374747e-03 9.999971e-01 -2.989236e-04 9.618535e-02 -6.106874e-03 2.844173e-04 9.999814e-01 4.723656e+00
9.999974e-01 -8.126539e-04 -2.147821e-03 -7.031841e+00 8.125510e-04 9.999997e-01 -4.882064e-05 9.922994e-02 2.147874e-03 4.707457e-05 9.999976e-01 4.829435e+00
9.999758e-01 2.394796e-03 6.530491e-03 -7.241587e+00 -2.393005e-03 9.999971e-01 -2.820123e-04 1.022986e-01 -6.531161e-03 2.663787e-04 9.999787e-01 4.939970e+00
9.999969e-01 -8.142453e-04 -2.347715e-03 -7.446224e+00 8.143192e-04 9.999997e-01 3.046787e-05 1.051877e-01 2.347704e-03 -3.238032e-05 9.999971e-01 5.061058e+00
9.999754e-01 2.378832e-03 6.600688e-03 -7.651604e+00 -2.376458e-03 9.999971e-01 -3.675436e-04 1.082394e-01 -6.601559e-03 3.518490e-04 9.999782e-01 5.174550e+00
9.999954e-01 -8.158556e-04 -2.910345e-03 -7.809384e+00 8.162438e-04 9.999997e-01 1.321742e-04 1.103824e-01 2.910251e-03 -1.345499e-04 9.999957e-01 5.267735e+00
9.999743e-01 2.453762e-03 6.741225e-03 -7.991670e+00 -2.452024e-03 9.999970e-01 -2.661169e-04 1.127919e-01 -6.741873e-03 2.495812e-04 9.999773e-01 5.372934e+00
9.999957e-01 -9.384149e-04 -2.775289e-03 -8.181182e+00 9.381083e-04 9.999996e-01 -1.118072e-04 1.155151e-01 2.775409e-03 1.092024e-04 9.999960e-01 5.480391e+00
9.999778e-01 2.459672e-03 6.195030e-03 -8.326269e+00 -2.460047e-03 9.999970e-01 5.295913e-05 1.169374e-01 -6.194897e-03 -6.819724e-05 9.999809e-01 5.592971e+00
9.999977e-01 -1.002814e-03 -1.902297e-03 -8.499207e+00 1.002121e-03 9.999994e-01 -3.656619e-04 1.192164e-01 1.902679e-03 3.637539e-04 9.999980e-01 5.713463e+00
9.999777e-01 2.071946e-03 6.350657e-03 -8.607180e+00 -2.069223e-03 9.999978e-01 -4.352634e-04 1.200253e-01 -6.351562e-03 4.221137e-04 9.999798e-01 5.860681e+00
9.999940e-01 -1.021414e-03 -3.313824e-03 -8.736050e+00 1.020964e-03 9.999995e-01 -1.374220e-04 1.211796e-01 3.313981e-03 1.340370e-04 9.999944e-01 6.003774e+00
9.999602e-01 2.422992e-03 8.590225e-03 -9.079841e+00 -2.416114e-03 9.999968e-01 -8.109707e-04 1.269614e-01 -8.592180e-03 7.901845e-04 9.999629e-01 6.116759e+00
9.999896e-01 -1.030927e-03 -4.433523e-03 -9.334080e+00 1.031960e-03 9.999994e-01 2.306016e-04 1.309282e-01 4.433301e-03 -2.351755e-04 9.999900e-01 6.238457e+00
9.999624e-01 8.634329e-03 7.484835e-04 -9.268682e+00 -8.637704e-03 9.999520e-01 4.629789e-03 1.328662e-01 -7.084906e-04 -4.636080e-03 9.999891e-01 5.936784e+00
9.998248e-01 5.712278e-03 -1.782659e-02 -8.671245e+00 -5.591421e-03 9.999611e-01 6.822115e-03 1.325565e-01 1.786489e-02 -6.721243e-03 9.998177e-01 5.032168e+00
9.999851e-01 5.250769e-03 1.516587e-03 -8.068189e+00 -5.256852e-03 9.999780e-01 4.035502e-03 1.333025e-01 -1.495380e-03 -4.043416e-03 9.999908e-01 4.116831e+00
9.999961e-01 -1.935585e-03 -1.995056e-03 -7.891534e+00 1.932878e-03 9.999972e-01 -1.358002e-03 1.323106e-01 1.997693e-03 1.354143e-03 9.999970e-01 3.858028e+00
9.999772e-01 3.425387e-03 5.811325e-03 -8.127861e+00 -3.430671e-03 9.999937e-01 8.995166e-04 1.360095e-01 -5.808223e-03 -9.194351e-04 9.999828e-01 3.980197e+00
9.999972e-01 -2.019691e-03 -1.194927e-03 -8.367010e+00 2.017957e-03 9.999969e-01 -1.450763e-03 1.397787e-01 1.197869e-03 1.448349e-03 9.999981e-01 4.111481e+00
9.999779e-01 3.460129e-03 5.669288e-03 -8.647637e+00 -3.464382e-03 9.999937e-01 7.405507e-04 1.444575e-01 -5.666706e-03 -7.601770e-04 9.999838e-01 4.230800e+00
9.999967e-01 -1.964312e-03 -1.648339e-03 -8.900054e+00 1.962162e-03 9.999972e-01 -1.304902e-03 1.485510e-01 1.650914e-03 1.301666e-03 9.999977e-01 4.347571e+00
9.999812e-01 3.486485e-03 5.050623e-03 -9.092322e+00 -3.491972e-03 9.999933e-01 1.077936e-03 1.512500e-01 -5.046848e-03 -1.095554e-03 9.999868e-01 4.466483e+00
9.999966e-01 -2.050489e-03 -1.608217e-03 -9.270152e+00 2.048317e-03 9.999970e-01 -1.351074e-03 1.536235e-01 1.611000e-03 1.347777e-03 9.999977e-01 4.595616e+00
9.999754e-01 3.401998e-03 6.130549e-03 -9.398812e+00 -3.409962e-03 9.999934e-01 1.289215e-03 1.545639e-01 -6.126140e-03 -1.310090e-03 9.999805e-01 4.758653e+00
9.999966e-01 -2.080695e-03 -1.570134e-03 -9.566467e+00 2.078480e-03 9.999968e-01 -1.411139e-03 1.561785e-01 1.573083e-03 1.407873e-03 9.999977e-01 4.925070e+00
9.999570e-01 8.531392e-03 -3.638641e-03 -9.261368e+00 -8.512830e-03 9.999508e-01 5.086688e-03 1.528030e-01 3.681841e-03 -5.055496e-03 9.999805e-01 4.676807e+00
9.997263e-01 9.371839e-03 -2.143642e-02 -8.519354e+00 -9.138571e-03 9.998982e-01 1.095409e-02 1.562226e-01 2.153691e-02 -1.075518e-02 9.997101e-01 3.409531e+00
9.999602e-01 -1.103382e-03 8.854416e-03 -7.914326e+00 1.117975e-03 9.999980e-01 -1.643359e-03 1.550728e-01 -8.852599e-03 1.653188e-03 9.999595e-01 2.569806e+00
9.999881e-01 2.435575e-03 -4.225988e-03 -8.097769e+00 -2.430375e-03 9.999963e-01 1.235334e-03 1.571505e-01 4.228995e-03 -1.225044e-03 9.999902e-01 2.709540e+00
9.999612e-01 -1.030495e-03 8.749827e-03 -8.340739e+00 1.045710e-03 9.999979e-01 -1.734372e-03 1.609800e-01 -8.748037e-03 1.743449e-03 9.999603e-01 2.839157e+00
9.999891e-01 2.399389e-03 -4.006919e-03 -8.641466e+00 -2.395826e-03 9.999967e-01 8.938261e-04 1.661061e-01 4.009065e-03 -8.842115e-04 9.999915e-01 2.956264e+00
9.999704e-01 -1.030612e-03 7.628852e-03 -8.846911e+00 1.039529e-03 9.999988e-01 -1.164979e-03 1.688833e-01 -7.627658e-03 1.172870e-03 9.999703e-01 3.099747e+00
9.999920e-01 2.309731e-03 -3.270143e-03 -8.992517e+00 -2.306040e-03 9.999967e-01 1.131929e-03 1.699564e-01 3.272762e-03 -1.124374e-03 9.999939e-01 3.281249e+00
9.999709e-01 -9.560422e-04 7.573046e-03 -9.163670e+00 9.660244e-04 9.999987e-01 -1.314515e-03 1.719153e-01 -7.571796e-03 1.321787e-03 9.999706e-01 3.441476e+00
9.999900e-01 2.441255e-03 -3.747631e-03 -9.159834e+00 -2.437320e-03 9.999965e-01 1.054413e-03 1.703821e-01 3.750209e-03 -1.045263e-03 9.999923e-01 3.601877e+00
9.999480e-01 -2.698563e-03 9.837615e-03 -9.148213e+00 2.717812e-03 9.999944e-01 -1.943817e-03 1.673723e-01 -9.832332e-03 1.970448e-03 9.999498e-01 3.831280e+00
9.999828e-01 3.223771e-03 -4.892996e-03 -9.310073e+00 -3.216492e-03 9.999937e-01 1.494932e-03 1.673264e-01 4.897803e-03 -1.479163e-03 9.999868e-01 4.127942e+00
9.999544e-01 -2.550560e-03 9.207926e-03 -9.391346e+00 2.567540e-03 9.999950e-01 -1.832607e-03 1.665791e-01 -9.203224e-03 1.856160e-03 9.999560e-01 4.387005e+00
9.999867e-01 3.387583e-03 -3.879043e-03 -9.485997e+00 -3.381576e-03 9.999931e-01 1.554186e-03 1.660284e-01 3.884300e-03 -1.541044e-03 9.999912e-01 4.599369e+00
9.999556e-01 -2.272696e-03 9.145579e-03 -9.698628e+00 2.293164e-03 9.999949e-01 -2.228069e-03 1.684640e-01 -9.140488e-03 2.248938e-03 9.999558e-01 4.783466e+00
9.999876e-01 3.322954e-03 -3.712811e-03 -9.869543e+00 -3.316911e-03 9.999932e-01 1.632847e-03 1.697393e-01 3.718232e-03 -1.620507e-03 9.999917e-01 4.987286e+00
9.999604e-01 -2.201872e-03 8.618427e-03 -1.005222e+01 2.219391e-03 9.999955e-01 -2.023637e-03 1.714438e-01 -8.613953e-03 2.042680e-03 9.999609e-01 5.169608e+00
9.999853e-01 3.507216e-03 -4.129493e-03 -1.021038e+01 -3.499668e-03 9.999922e-01 1.833867e-03 1.726056e-01 4.135913e-03 -1.819384e-03 9.999897e-01 5.348856e+00
9.999700e-01 -2.432121e-03 7.354507e-03 -1.022728e+01 2.445268e-03 9.999954e-01 -1.779138e-03 1.709168e-01 -7.350167e-03 1.797064e-03 9.999715e-01 5.524974e+00
9.999837e-01 3.592305e-03 -4.442745e-03 -1.019643e+01 -3.584094e-03 9.999919e-01 1.854931e-03 1.684568e-01 4.449393e-03 -1.838972e-03 9.999883e-01 5.669471e+00
9.999605e-01 -2.558613e-03 8.514258e-03 -1.019384e+01 2.574719e-03 9.999949e-01 -1.881184e-03 1.662294e-01 -8.509423e-03 1.903027e-03 9.999621e-01 5.838035e+00
9.999429e-01 4.417249e-03 -9.728243e-03 -9.940550e+00 -4.393922e-03 9.999874e-01 2.417981e-03 1.610385e-01 9.738823e-03 -2.375093e-03 9.999497e-01 5.889488e+00
9.999153e-01 -4.725116e-03 1.212808e-02 -9.643976e+00 4.748941e-03 9.999868e-01 -1.936319e-03 1.540276e-01 -1.211879e-02 1.993746e-03 9.999247e-01 5.971097e+00
9.999500e-01 5.696340e-03 -8.218125e-03 -9.649704e+00 -5.680924e-03 9.999821e-01 1.898078e-03 1.520126e-01 8.228812e-03 -1.851292e-03 9.999643e-01 6.115666e+00
9.999221e-01 -4.185990e-03 1.175618e-02 -9.757657e+00 4.208237e-03 9.999894e-01 -1.868245e-03 1.525122e-01 -1.174826e-02 1.917568e-03 9.999292e-01 6.246529e+00
9.999504e-01 5.642194e-03 -8.211929e-03 -9.838359e+00 -5.626227e-03 9.999822e-01 1.966206e-03 1.522197e-01 8.222899e-03 -1.919901e-03 9.999642e-01 6.383602e+00
9.999237e-01 -4.196460e-03 1.161883e-02 -9.886024e+00 4.217611e-03 9.999895e-01 -1.796454e-03 1.513666e-01 -1.161120e-02 1.845316e-03 9.999310e-01 6.521462e+00
9.999521e-01 5.577054e-03 -8.048047e-03 -9.942025e+00 -5.562009e-03 9.999827e-01 1.890740e-03 1.509851e-01 8.058477e-03 -1.845882e-03 9.999657e-01 6.642039e+00
9.999285e-01 -4.059749e-03 1.125135e-02 -1.002542e+01 4.081613e-03 9.999898e-01 -1.920893e-03 1.515435e-01 -1.124346e-02 1.966675e-03 9.999350e-01 6.713312e+00
9.999558e-01 5.677252e-03 -7.488247e-03 -1.014044e+01 -5.663560e-03 9.999823e-01 1.848473e-03 1.527758e-01 7.498632e-03 -1.805976e-03 9.999702e-01 6.795618e+00
9.999330e-01 -4.090504e-03 1.082807e-02 -1.025354e+01 4.109335e-03 9.999901e-01 -1.717377e-03 1.535824e-01 -1.082096e-02 1.761754e-03 9.999400e-01 6.899732e+00
9.999599e-01 5.772385e-03 -6.853636e-03 -1.041134e+01 -5.762662e-03 9.999824e-01 1.437538e-03 1.558897e-01 6.861838e-03 -1.397980e-03 9.999754e-01 6.985962e+00
9.999389e-01 -4.269742e-03 1.019212e-02 -1.058701e+01 4.285803e-03 9.999896e-01 -1.554473e-03 1.579265e-01 -1.018540e-02 1.598054e-03 9.999469e-01 7.105902e+00
9.999619e-01 5.786543e-03 -6.540532e-03 -1.071195e+01 -5.777729e-03 9.999824e-01 1.365749e-03 1.592456e-01 6.548345e-03 -1.327902e-03 9.999776e-01 7.218880e+00
9.999237e-01 -4.507146e-03 1.149774e-02 -1.091833e+01 4.528676e-03 9.999880e-01 -1.847136e-03 1.619193e-01 -1.148930e-02 1.899059e-03 9.999323e-01 7.350772e+00
9.999580e-01 6.007125e-03 -6.917536e-03 -1.121245e+01 -6.000127e-03 9.999815e-01 1.031931e-03 1.670944e-01 6.923633e-03 -9.903764e-04 9.999754e-01 7.450052e+00
9.999331e-01 -4.537518e-03 1.063835e-02 -1.143191e+01 4.551959e-03 9.999888e-01 -1.333637e-03 1.701132e-01 -1.063221e-02 1.381968e-03 9.999426e-01 7.569458e+00
9.999618e-01 6.060621e-03 -6.304363e-03 -1.163504e+01 -6.055479e-03 9.999813e-01 8.346008e-04 1.733168e-01 6.309330e-03 -7.963881e-04 9.999797e-01 7.660730e+00
9.999339e-01 -4.554903e-03 1.055474e-02 -1.191424e+01 4.571420e-03 9.999884e-01 -1.541230e-03 1.781542e-01 -1.054763e-02 1.589374e-03 9.999432e-01 7.754196e+00
9.999610e-01 5.985295e-03 -6.494714e-03 -1.218987e+01 -5.979206e-03 9.999817e-01 9.567789e-04 1.826401e-01 6.500350e-03 -9.179037e-04 9.999784e-01 7.864532e+00
9.999310e-01 -4.546149e-03 1.082865e-02 -1.241754e+01 4.561919e-03 9.999886e-01 -1.431992e-03 1.861815e-01 -1.082205e-02 1.481288e-03 9.999404e-01 7.975042e+00
9.999620e-01 6.007158e-03 -6.315447e-03 -1.267427e+01 -6.002512e-03 9.999817e-01 7.545217e-04 1.904694e-01 6.319893e-03 -7.165799e-04 9.999797e-01 8.072041e+00
9.999303e-01 -4.492716e-03 1.091619e-02 -1.295995e+01 4.507311e-03 9.999890e-01 -1.312714e-03 1.951158e-01 -1.091020e-02 1.361820e-03 9.999397e-01 8.178778e+00
9.999627e-01 6.009948e-03 -6.202980e-03 -1.325003e+01 -6.006089e-03 9.999818e-01 6.406501e-04 1.999399e-01 6.206747e-03 -6.033660e-04 9.999805e-01 8.295981e+00
9.999205e-01 -4.576127e-03 1.175181e-02 -1.360237e+01 4.595835e-03 9.999881e-01 -1.650514e-03 2.061809e-01 -1.174415e-02 1.704388e-03 9.999297e-01 8.409101e+00
9.999459e-01 6.049225e-03 -8.456937e-03 -1.386992e+01 -6.039271e-03 9.999810e-01 1.202115e-03 2.103447e-01 8.464079e-03 -1.150972e-03 9.999634e-01 8.528956e+00
9.999022e-01 -5.478281e-03 1.286958e-02 -1.396657e+01 5.495019e-03 9.999841e-01 -1.265538e-03 2.087932e-01 -1.286247e-02 1.336128e-03 9.999165e-01 8.822208e+00
9.999393e-01 6.300450e-03 -9.036162e-03 -1.410260e+01 -6.288876e-03 9.999794e-01 1.308685e-03 2.088537e-01 9.044253e-03 -1.251774e-03 9.999582e-01 9.073325e+00
9.999083e-01 -5.234612e-03 1.248591e-02 -1.420499e+01 5.248539e-03 9.999856e-01 -1.082847e-03 2.084762e-01 -1.248009e-02 1.148277e-03 9.999216e-01 9.292051e+00
9.999357e-01 6.331770e-03 -9.411230e-03 -1.426383e+01 -6.319281e-03 9.999791e-01 1.356277e-03 2.074565e-01 9.419653e-03 -1.296713e-03 9.999547e-01 9.494072e+00
9.998955e-01 -5.267383e-03 1.346508e-02 -1.430356e+01 5.287944e-03 9.999849e-01 -1.491791e-03 2.063355e-01 -1.345705e-02 1.562833e-03 9.999083e-01 9.678162e+00
9.998808e-01 7.125643e-03 -1.369326e-02 -1.421202e+01 -7.092318e-03 9.999718e-01 2.480714e-03 2.033923e-01 1.371058e-02 -2.383296e-03 9.999031e-01 9.736438e+00
9.999814e-01 -1.879987e-03 5.807554e-03 -1.386312e+01 1.871656e-03 9.999972e-01 1.439785e-03 2.006934e-01 -5.810276e-03 -1.428893e-03 9.999822e-01 9.435692e+00
9.997925e-01 9.023398e-03 -1.826092e-02 -1.340506e+01 -8.949016e-03 9.999513e-01 4.150977e-03 1.983183e-01 1.829751e-02 -3.986693e-03 9.998245e-01 8.981178e+00
9.999570e-01 -4.390568e-03 8.164408e-03 -1.296624e+01 4.395770e-03 9.999901e-01 -6.191356e-04 1.945449e-01 -8.161639e-03 6.549919e-04 9.999666e-01 8.665797e+00
9.998813e-01 7.493979e-03 -1.346303e-02 -1.262727e+01 -7.454364e-03 9.999677e-01 2.990405e-03 1.906737e-01 1.348504e-02 -2.889686e-03 9.999048e-01 8.488038e+00
9.999333e-01 -5.740009e-03 1.002422e-02 -1.235009e+01 5.754516e-03 9.999824e-01 -1.418789e-03 1.852876e-01 -1.001593e-02 1.476373e-03 9.999488e-01 8.484910e+00
9.998418e-01 7.598183e-03 -1.608205e-02 -1.202199e+01 -7.546433e-03 9.999662e-01 3.276134e-03 1.791520e-01 1.610643e-02 -3.154247e-03 9.998652e-01 8.440984e+00
9.999558e-01 -3.970266e-03 8.524176e-03 -1.168446e+01 3.973821e-03 9.999920e-01 -4.000920e-04 1.752643e-01 -8.522546e-03 4.339409e-04 9.999637e-01 8.233647e+00
9.999265e-01 6.563659e-03 -1.019422e-02 -1.140017e+01 -6.541396e-03 9.999761e-01 2.215792e-03 1.711463e-01 1.020855e-02 -2.148937e-03 9.999455e-01 8.130295e+00
9.998448e-01 -6.056168e-03 1.654159e-02 -1.144941e+01 6.095287e-03 9.999787e-01 -2.315400e-03 1.686323e-01 -1.652724e-02 2.415859e-03 9.998606e-01 8.389055e+00
9.999048e-01 6.647008e-03 -1.209410e-02 -1.164724e+01 -6.624423e-03 9.999762e-01 1.906608e-03 1.698535e-01 1.210651e-02 -1.826303e-03 9.999249e-01 8.649223e+00
9.998392e-01 -5.703991e-03 1.700170e-02 -1.179468e+01 5.736322e-03 9.999818e-01 -1.853380e-03 1.701993e-01 -1.699084e-02 1.950602e-03 9.998538e-01 8.889599e+00
9.999262e-01 5.287857e-03 -1.093684e-02 -1.186955e+01 -5.269401e-03 9.999846e-01 1.715663e-03 1.656285e-01 1.094577e-02 -1.657899e-03 9.999386e-01 9.356280e+00
9.998916e-01 -6.606396e-03 1.315748e-02 -1.188093e+01 6.636192e-03 9.999755e-01 -2.222147e-03 1.590269e-01 -1.314251e-02 2.309215e-03 9.999111e-01 9.808199e+00
9.999473e-01 7.401687e-03 -7.119080e-03 -1.185912e+01 -7.384343e-03 9.999697e-01 2.459619e-03 1.549720e-01 7.137100e-03 -2.406912e-03 9.999715e-01 1.003911e+01
9.999188e-01 -7.212759e-03 1.050691e-02 -1.180546e+01 7.235490e-03 9.999716e-01 -2.126914e-03 1.499842e-01 -1.049130e-02 2.202757e-03 9.999426e-01 1.028609e+01
9.999407e-01 8.118885e-03 -7.264083e-03 -1.185087e+01 -8.103549e-03 9.999649e-01 2.138423e-03 1.482895e-01 7.281220e-03 -2.079424e-03 9.999712e-01 1.048764e+01
9.999147e-01 -6.685399e-03 1.121845e-02 -1.194353e+01 6.707161e-03 9.999757e-01 -1.903226e-03 1.483007e-01 -1.120549e-02 1.978301e-03 9.999354e-01 1.063109e+01
9.999444e-01 8.137214e-03 -6.713141e-03 -1.208356e+01 -8.125923e-03 9.999655e-01 1.707629e-03 1.497546e-01 6.726836e-03 -1.652976e-03 9.999759e-01 1.075869e+01
9.999154e-01 -6.762449e-03 1.110964e-02 -1.227724e+01 6.784298e-03 9.999751e-01 -1.930036e-03 1.522855e-01 -1.109634e-02 2.005236e-03 9.999365e-01 1.089676e+01
9.999319e-01 8.213141e-03 -8.286958e-03 -1.234700e+01 -8.194434e-03 9.999638e-01 2.288989e-03 1.520093e-01 8.305490e-03 -2.220919e-03 9.999629e-01 1.103644e+01
9.998954e-01 -6.677526e-03 1.283123e-02 -1.242109e+01 6.707422e-03 9.999749e-01 -2.288245e-03 1.522430e-01 -1.281566e-02 2.374063e-03 9.999152e-01 1.113466e+01
9.999278e-01 8.246995e-03 -8.736505e-03 -1.255868e+01 -8.227164e-03 9.999635e-01 2.303590e-03 1.532454e-01 8.755216e-03 -2.231540e-03 9.999591e-01 1.126315e+01
9.999098e-01 -6.830209e-03 1.156198e-02 -1.256660e+01 6.852041e-03 9.999748e-01 -1.849622e-03 1.517291e-01 -1.154909e-02 1.928671e-03 9.999315e-01 1.138619e+01
9.999253e-01 8.112503e-03 -9.141229e-03 -1.253454e+01 -8.092710e-03 9.999648e-01 2.200261e-03 1.494943e-01 9.158791e-03 -2.126112e-03 9.999557e-01 1.149019e+01
9.998887e-01 -6.436886e-03 1.346024e-02 -1.261749e+01 6.464279e-03 9.999771e-01 -1.992477e-03 1.496732e-01 -1.344715e-02 2.079259e-03 9.999075e-01 1.159741e+01
9.999220e-01 8.048972e-03 -9.551327e-03 -1.276227e+01 -8.030728e-03 9.999659e-01 1.947056e-03 1.512066e-01 9.566706e-03 -1.870192e-03 9.999524e-01 1.170880e+01
9.998948e-01 -6.357382e-03 1.304082e-02 -1.283418e+01 6.378746e-03 9.999784e-01 -1.597240e-03 1.511830e-01 -1.303042e-02 1.680248e-03 9.999138e-01 1.180757e+01
9.999148e-01 8.039031e-03 -1.028516e-02 -1.279247e+01 -8.016924e-03 9.999655e-01 2.188945e-03 1.492315e-01 1.030244e-02 -2.106296e-03 9.999446e-01 1.185401e+01
9.999307e-01 -5.884636e-03 1.019573e-02 -1.263099e+01 5.896359e-03 9.999820e-01 -1.120018e-03 1.458358e-01 -1.018899e-02 1.180051e-03 9.999475e-01 1.181518e+01
9.999370e-01 7.177057e-03 -8.632162e-03 -1.255933e+01 -7.165785e-03 9.999734e-01 1.336200e-03 1.433894e-01 8.641557e-03 -1.274252e-03 9.999618e-01 1.184452e+01
9.999249e-01 -5.487144e-03 1.095500e-02 -1.249652e+01 5.495266e-03 9.999846e-01 -7.113376e-04 1.409516e-01 -1.095096e-02 7.714772e-04 9.999398e-01 1.188534e+01
9.999497e-01 7.031089e-03 -7.151384e-03 -1.252335e+01 -7.023588e-03 9.999748e-01 1.073667e-03 1.399494e-01 7.158788e-03 -1.023377e-03 9.999738e-01 1.200153e+01
9.999141e-01 -5.385852e-03 1.194993e-02 -1.258226e+01 5.396922e-03 9.999850e-01 -8.941692e-04 1.399265e-01 -1.194497e-02 9.585774e-04 9.999283e-01 1.211731e+01
9.999479e-01 6.334698e-03 -8.000929e-03 -1.262857e+01 -6.329044e-03 9.999797e-01 7.320552e-04 1.386025e-01 8.005440e-03 -6.813709e-04 9.999676e-01 1.231036e+01
9.999284e-01 -5.937460e-03 1.038943e-02 -1.255548e+01 5.944863e-03 9.999821e-01 -6.817611e-04 1.348090e-01 -1.038523e-02 7.434683e-04 9.999459e-01 1.246870e+01
9.999533e-01 6.943948e-03 -6.714732e-03 -1.254577e+01 -6.938421e-03 9.999756e-01 8.463719e-04 1.324272e-01 6.720482e-03 -7.997348e-04 9.999770e-01 1.263730e+01
9.999449e-01 -5.704766e-03 8.811675e-03 -1.251842e+01 5.710339e-03 9.999835e-01 -6.071971e-04 1.302598e-01 -8.808102e-03 6.574735e-04 9.999611e-01 1.278056e+01
9.999628e-01 6.423392e-03 -5.759668e-03 -1.249317e+01 -6.421709e-03 9.999793e-01 3.109274e-04 1.282961e-01 5.761583e-03 -2.739209e-04 9.999833e-01 1.291380e+01
9.999370e-01 -5.143627e-03 9.975416e-03 -1.263231e+01 5.149107e-03 9.999866e-01 -5.236143e-04 1.291496e-01 -9.972627e-03 5.749380e-04 9.999502e-01 1.307265e+01
9.999487e-01 6.410382e-03 -7.838565e-03 -1.266014e+01 -6.404392e-03 9.999792e-01 7.892571e-04 1.280115e-01 7.843499e-03 -7.390074e-04 9.999689e-01 1.321499e+01
9.999558e-01 -5.148375e-03 7.861443e-03 -1.251784e+01 5.151681e-03 9.999867e-01 -4.000693e-04 1.241960e-01 -7.859316e-03 4.405433e-04 9.999691e-01 1.330029e+01
9.999747e-01 6.350603e-03 -3.197887e-03 -1.253020e+01 -6.349768e-03 9.999798e-01 2.716047e-04 1.221272e-01 3.199585e-03 -2.512838e-04 9.999948e-01 1.345961e+01
9.999646e-01 -5.208769e-03 6.614509e-03 -1.269033e+01 5.212715e-03 9.999862e-01 -5.791469e-04 1.236192e-01 -6.611440e-03 6.135980e-04 9.999781e-01 1.365332e+01
9.999768e-01 6.477800e-03 -2.120525e-03 -1.284779e+01 -6.477178e-03 9.999790e-01 3.008741e-04 1.247029e-01 2.122468e-03 -2.871240e-04 9.999976e-01 1.382727e+01
9.999684e-01 -5.198994e-03 6.019752e-03 -1.292846e+01 5.201285e-03 9.999864e-01 -3.647968e-04 1.242753e-01 -6.017813e-03 3.960878e-04 9.999819e-01 1.400536e+01
9.999772e-01 6.592896e-03 -1.466828e-03 -1.311895e+01 -6.593164e-03 9.999782e-01 -1.766208e-04 1.267109e-01 1.465671e-03 1.862959e-04 9.999988e-01 1.413895e+01
9.999667e-01 -5.167127e-03 6.310597e-03 -1.339716e+01 5.170607e-03 9.999865e-01 -5.350281e-04 1.311456e-01 -6.307787e-03 5.676321e-04 9.999800e-01 1.427813e+01
9.999775e-01 6.458988e-03 -1.825330e-03 -1.357936e+01 -6.458764e-03 9.999791e-01 1.292397e-04 1.330402e-01 1.826167e-03 -1.174394e-04 9.999982e-01 1.445270e+01
9.999677e-01 -5.270026e-03 6.062747e-03 -1.375668e+01 5.273107e-03 9.999860e-01 -4.921530e-04 1.348654e-01 -6.060109e-03 5.240989e-04 9.999816e-01 1.462600e+01
9.999759e-01 6.687578e-03 -1.883712e-03 -1.396677e+01 -6.687476e-03 9.999776e-01 6.145928e-05 1.376815e-01 1.884122e-03 -4.885251e-05 9.999981e-01 1.476247e+01
9.999644e-01 -5.362164e-03 6.512274e-03 -1.422789e+01 5.367347e-03 9.999853e-01 -7.785186e-04 1.416517e-01 -6.508045e-03 8.134368e-04 9.999786e-01 1.489134e+01
9.999763e-01 6.633344e-03 -1.846742e-03 -1.447364e+01 -6.632891e-03 9.999780e-01 2.522908e-04 1.449511e-01 1.848417e-03 -2.400276e-04 9.999982e-01 1.505582e+01
9.999660e-01 -5.243137e-03 6.366736e-03 -1.469319e+01 5.247673e-03 9.999860e-01 -6.957632e-04 1.479363e-01 -6.363041e-03 7.291424e-04 9.999796e-01 1.520591e+01
9.999763e-01 6.552284e-03 -2.089378e-03 -1.485115e+01 -6.551400e-03 9.999784e-01 4.307700e-04 1.492538e-01 2.092198e-03 -4.170636e-04 9.999976e-01 1.537685e+01
9.999614e-01 -5.296818e-03 7.005019e-03 -1.503303e+01 5.302955e-03 9.999856e-01 -8.574539e-04 1.511041e-01 -7.000420e-03 8.945605e-04 9.999752e-01 1.554258e+01
9.999743e-01 6.692945e-03 -2.574739e-03 -1.526639e+01 -6.691958e-03 9.999775e-01 3.921252e-04 1.542188e-01 2.577349e-03 -3.748772e-04 9.999965e-01 1.570560e+01
9.999598e-01 -5.373386e-03 7.172592e-03 -1.543944e+01 5.379024e-03 9.999852e-01 -7.666673e-04 1.558594e-01 -7.168411e-03 8.052105e-04 9.999741e-01 1.587232e+01
9.999753e-01 6.489989e-03 -2.685004e-03 -1.559295e+01 -6.489176e-03 9.999789e-01 3.122448e-04 1.568222e-01 2.687019e-03 -2.948058e-04 9.999963e-01 1.606660e+01
9.999600e-01 -5.274028e-03 7.227300e-03 -1.580335e+01 5.279741e-03 9.999858e-01 -7.712798e-04 1.591403e-01 -7.223174e-03 8.093997e-04 9.999737e-01 1.625574e+01
9.999774e-01 6.395420e-03 -2.073831e-03 -1.604594e+01 -6.395431e-03 9.999795e-01 2.464728e-06 1.622239e-01 2.073849e-03 1.080612e-05 9.999978e-01 1.642689e+01
9.999647e-01 -5.083581e-03 6.691037e-03 -1.631205e+01 5.087429e-03 9.999869e-01 -5.580031e-04 1.662832e-01 -6.688158e-03 5.920161e-04 9.999776e-01 1.658882e+01
9.999771e-01 6.463567e-03 -1.998977e-03 -1.653894e+01 -6.463517e-03 9.999791e-01 3.239774e-05 1.693643e-01 1.999191e-03 -1.946887e-05 9.999979e-01 1.674714e+01
9.999646e-01 -5.072916e-03 6.706624e-03 -1.678720e+01 5.077147e-03 9.999869e-01 -6.137394e-04 1.733380e-01 -6.703469e-03 6.477608e-04 9.999774e-01 1.688765e+01
9.999794e-01 6.293539e-03 -1.262319e-03 -1.708671e+01 -6.293847e-03 9.999802e-01 -2.394413e-04 1.782414e-01 1.260834e-03 2.473888e-04 9.999991e-01 1.705173e+01
9.999636e-01 -5.204759e-03 6.762716e-03 -1.741395e+01 5.209605e-03 9.999862e-01 -6.989628e-04 1.836250e-01 -6.759032e-03 7.341611e-04 9.999770e-01 1.722517e+01
9.999775e-01 6.425298e-03 -1.916915e-03 -1.774289e+01 -6.425671e-03 9.999793e-01 -1.876895e-04 1.891415e-01 1.915718e-03 2.000102e-04 9.999981e-01 1.739792e+01
9.999628e-01 -5.209254e-03 6.872379e-03 -1.800532e+01 5.211999e-03 9.999863e-01 -3.811684e-04 1.927592e-01 -6.870348e-03 4.169659e-04 9.999764e-01 1.758427e+01
9.999777e-01 6.428515e-03 -1.792342e-03 -1.827257e+01 -6.429185e-03 9.999793e-01 -3.670488e-04 1.964554e-01 1.789994e-03 3.785713e-04 9.999982e-01 1.777093e+01
9.999594e-01 -5.364562e-03 7.238199e-03 -1.854620e+01 5.367343e-03 9.999855e-01 -3.646134e-04 1.999994e-01 -7.236188e-03 4.034414e-04 9.999738e-01 1.798098e+01
9.999760e-01 6.545286e-03 -2.254904e-03 -1.884217e+01 -6.546171e-03 9.999785e-01 -3.843344e-04 2.043129e-01 2.252390e-03 3.990935e-04 9.999973e-01 1.816904e+01
9.999552e-01 -5.230298e-03 7.886729e-03 -1.915580e+01 5.233606e-03 9.999862e-01 -3.985999e-04 2.096881e-01 -7.884585e-03 4.398511e-04 9.999689e-01 1.831048e+01
9.999742e-01 6.551164e-03 -2.929428e-03 -1.946874e+01 -6.552226e-03 9.999785e-01 -3.523604e-04 2.150599e-01 2.927107e-03 3.715528e-04 9.999956e-01 1.845416e+01
9.999500e-01 -5.351052e-03 8.450066e-03 -1.977434e+01 5.354996e-03 9.999856e-01 -4.440008e-04 2.201525e-01 -8.447620e-03 4.892218e-04 9.999643e-01 1.862641e+01
9.999749e-01 6.255596e-03 -3.331679e-03 -2.004971e+01 -6.256312e-03 9.999804e-01 -2.038383e-04 2.238872e-01 3.330390e-03 2.246843e-04 9.999943e-01 1.884323e+01
9.999525e-01 -5.170707e-03 8.266935e-03 -2.034293e+01 5.174358e-03 9.999865e-01 -4.200491e-04 2.284220e-01 -8.264704e-03 4.627984e-04 9.999658e-01 1.902196e+01
9.999767e-01 6.280754e-03 -2.686372e-03 -2.062515e+01 -6.281459e-03 9.999802e-01 -2.534951e-04 2.323660e-01 2.684779e-03 2.703706e-04 9.999963e-01 1.922612e+01
9.999607e-01 -5.320866e-03 7.093509e-03 -2.089664e+01 5.323850e-03 9.999857e-01 -4.016130e-04 2.360260e-01 -7.091324e-03 4.393553e-04 9.999749e-01 1.943698e+01
9.999786e-01 6.445180e-03 -1.102186e-03 -2.120304e+01 -6.445669e-03 9.999791e-01 -4.386905e-04 2.404151e-01 1.099389e-03 4.457924e-04 9.999992e-01 1.963337e+01
9.999700e-01 -5.500353e-03 5.448975e-03 -2.143751e+01 5.500378e-03 9.999849e-01 1.059265e-05 2.430344e-01 -5.449005e-03 1.937246e-05 9.999852e-01 1.985125e+01
9.999771e-01 6.753290e-03 -4.984481e-04 -2.169225e+01 -6.753598e-03 9.999770e-01 -6.143833e-04 2.467727e-01 4.943416e-04 6.177425e-04 9.999996e-01 2.000562e+01
9.999706e-01 -5.453963e-03 5.400766e-03 -2.201836e+01 5.455205e-03 9.999851e-01 -2.149921e-04 2.523414e-01 -5.399567e-03 2.444415e-04 9.999855e-01 2.014877e+01
9.999780e-01 6.569595e-03 -9.570936e-04 -2.228279e+01 -6.569874e-03 9.999784e-01 -2.867666e-04 2.559649e-01 9.552438e-04 2.930551e-04 9.999994e-01 2.032340e+01
9.999715e-01 -5.183770e-03 5.493869e-03 -2.248121e+01 5.183806e-03 9.999866e-01 8.086044e-06 2.585172e-01 -5.493892e-03 2.038679e-05 9.999850e-01 2.045791e+01
9.999793e-01 6.424971e-03 -1.832100e-04 -2.266679e+01 -6.425029e-03 9.999793e-01 -3.066979e-04 2.602610e-01 1.812913e-04 3.078756e-04 9.999998e-01 2.064280e+01
9.999812e-01 -5.329471e-03 3.047840e-03 -2.283166e+01 5.329398e-03 9.999858e-01 3.276688e-05 2.622900e-01 -3.048028e-03 -1.652965e-05 9.999954e-01 2.081762e+01
9.999775e-01 6.395914e-03 2.037475e-03 -2.299444e+01 -6.395706e-03 9.999795e-01 -1.092798e-04 2.630934e-01 -2.038076e-03 9.625310e-05 9.999978e-01 2.104182e+01
9.999856e-01 -5.301214e-03 8.694890e-04 -2.307616e+01 5.301155e-03 9.999859e-01 7.333130e-05 2.629117e-01 -8.699221e-04 -6.872753e-05 9.999997e-01 2.125036e+01
9.999736e-01 6.589177e-03 3.053871e-03 -2.315466e+01 -6.588902e-03 9.999783e-01 -1.005699e-04 2.624892e-01 -3.054410e-03 8.045259e-05 9.999952e-01 2.141971e+01
9.999851e-01 -5.332370e-03 1.217208e-03 -2.321769e+01 5.332248e-03 9.999858e-01 1.054208e-04 2.611409e-01 -1.217810e-03 -9.893539e-05 9.999993e-01 2.159104e+01
9.999743e-01 6.760393e-03 2.403337e-03 -2.327785e+01 -6.760172e-03 9.999771e-01 -1.009425e-04 2.603565e-01 -2.403907e-03 8.469993e-05 9.999970e-01 2.174819e+01
9.999818e-01 -5.335056e-03 -2.820966e-03 -2.317389e+01 5.337286e-03 9.999855e-01 7.828497e-04 2.575283e-01 2.816691e-03 -7.978985e-04 9.999958e-01 2.183050e+01
9.993808e-01 2.640213e-02 -2.325585e-02 -2.252580e+01 -2.601103e-02 9.995177e-01 1.696218e-02 2.610360e-01 2.369252e-02 -1.634676e-02 9.995855e-01 2.063004e+01
9.998978e-01 -1.413887e-02 -2.118889e-03 -2.145852e+01 1.412969e-02 9.998910e-01 -4.288517e-03 2.574242e-01 2.179240e-03 4.258129e-03 9.999887e-01 1.938306e+01
9.998198e-01 1.880753e-02 -2.560515e-03 -2.118746e+01 -1.878785e-02 9.997953e-01 7.505098e-03 2.548026e-01 2.701196e-03 -7.455628e-03 9.999685e-01 1.914966e+01
9.999405e-01 -1.022152e-02 -3.801968e-03 -2.090867e+01 1.021522e-02 9.999464e-01 -1.673827e-03 2.552685e-01 3.818821e-03 1.634878e-03 9.999915e-01 1.862484e+01
9.998730e-01 1.592137e-02 6.796862e-04 -2.071799e+01 -1.592437e-02 9.998623e-01 4.661593e-03 2.553136e-01 -6.053222e-04 -4.671812e-03 9.999888e-01 1.817527e+01
9.998262e-01 1.782906e-03 -1.856051e-02 -2.028025e+01 -1.627378e-03 9.999635e-01 8.391044e-03 2.592296e-01 1.857475e-02 -8.359394e-03 9.997926e-01 1.713139e+01
9.999645e-01 8.414050e-03 4.950517e-04 -1.949791e+01 -8.414776e-03 9.999635e-01 1.475674e-03 2.567998e-01 -4.825690e-04 -1.479772e-03 9.999987e-01 1.614229e+01
9.999752e-01 -5.848791e-03 -3.924917e-03 -1.915761e+01 5.850133e-03 9.999828e-01 3.294092e-04 2.518319e-01 3.922875e-03 -3.523776e-04 9.999923e-01 1.600810e+01
9.999654e-01 8.318778e-03 5.183820e-05 -1.881583e+01 -8.318845e-03 9.999645e-01 1.359304e-03 2.464672e-01 -4.048108e-05 -1.359672e-03 9.999990e-01 1.589029e+01
9.999809e-01 -5.604848e-03 -2.608134e-03 -1.834504e+01 5.607444e-03 9.999838e-01 9.874379e-04 2.383321e-01 2.602510e-03 -1.002060e-03 9.999962e-01 1.584047e+01
9.996923e-01 7.802369e-03 -2.354472e-02 -1.721641e+01 -7.706404e-03 9.999616e-01 4.164019e-03 2.246942e-01 2.357635e-02 -3.981277e-03 9.997140e-01 1.540295e+01
9.996738e-01 5.622301e-03 -2.491289e-02 -1.518359e+01 -5.374664e-03 9.999356e-01 9.995806e-03 2.103623e-01 2.496745e-02 -9.858665e-03 9.996397e-01 1.418190e+01
9.999194e-01 1.316778e-03 -1.262951e-02 -1.373698e+01 -1.324975e-03 9.999989e-01 -6.403839e-04 2.012076e-01 1.262869e-02 6.570853e-04 9.999199e-01 1.320941e+01
9.998742e-01 8.033742e-03 -1.368019e-02 -1.255367e+01 -7.920924e-03 9.999343e-01 8.280857e-03 1.904762e-01 1.374578e-02 -8.171475e-03 9.998722e-01 1.246638e+01
9.999070e-01 -4.381249e-03 -1.291322e-02 -1.123965e+01 4.377508e-03 9.999904e-01 -3.176777e-04 1.779731e-01 1.291452e-02 2.611414e-04 9.999165e-01 1.188373e+01
9.999847e-01 4.995956e-03 -2.376215e-03 -1.043036e+01 -4.985819e-03 9.999785e-01 4.251689e-03 1.658810e-01 2.397375e-03 -4.239798e-03 9.999882e-01 1.177848e+01
9.999007e-01 -5.808527e-03 -1.284292e-02 -9.576749e+00 5.813565e-03 9.999830e-01 3.552550e-04 1.497359e-01 1.284067e-02 -4.298611e-04 9.999174e-01 1.181952e+01
9.995560e-01 7.038062e-03 -2.895342e-02 -7.228503e+00 -6.718866e-03 9.999157e-01 1.110692e-02 1.170653e-01 2.902913e-02 -1.090748e-02 9.995191e-01 1.122308e+01
9.998553e-01 -9.176941e-03 -1.432460e-02 -4.205438e+00 9.235756e-03 9.999492e-01 4.045346e-03 7.247576e-02 1.428677e-02 -4.177034e-03 9.998891e-01 1.076512e+01
9.996928e-01 5.016469e-03 -2.427214e-02 -1.647699e+00 -4.790680e-03 9.999448e-01 9.351534e-03 2.548645e-02 2.431769e-02 -9.232407e-03 9.996617e-01 1.082936e+01
9.997947e-01 -7.726576e-03 -1.872876e-02 1.216118e+00 7.850730e-03 9.999476e-01 6.564749e-03 -2.365906e-02 1.867707e-02 -6.710408e-03 9.998030e-01 1.078993e+01
9.997161e-01 4.006801e-03 -2.348950e-02 4.069536e+00 -3.804529e-03 9.999554e-01 8.649488e-03 -7.169488e-02 2.352310e-02 -8.557695e-03 9.996868e-01 1.071487e+01
9.996399e-01 -7.146615e-03 -2.586636e-02 6.988710e+00 7.312436e-03 9.999533e-01 6.321834e-03 -1.184187e-01 2.581997e-02 -6.508673e-03 9.996453e-01 1.042220e+01
9.996436e-01 9.604707e-03 -2.490865e-02 9.490708e+00 -9.462334e-03 9.999383e-01 5.827380e-03 -1.489985e-01 2.496309e-02 -5.589640e-03 9.996728e-01 9.693336e+00
9.996517e-01 -1.380138e-02 -2.249663e-02 1.247707e+01 1.398837e-02 9.998687e-01 8.175837e-03 -1.877910e-01 2.238084e-02 -8.487647e-03 9.997134e-01 9.013394e+00
9.997932e-01 1.199308e-02 -1.642377e-02 1.505695e+01 -1.189266e-02 9.999101e-01 6.198460e-03 -2.324483e-01 1.649664e-02 -6.001890e-03 9.998460e-01 8.921370e+00
9.997322e-01 -1.684779e-02 -1.586283e-02 1.750482e+01 1.696027e-02 9.998318e-01 6.982972e-03 -2.789543e-01 1.574250e-02 -7.250105e-03 9.998497e-01 9.061354e+00
9.997719e-01 1.268469e-02 -1.718005e-02 2.013905e+01 -1.256547e-02 9.998963e-01 7.030335e-03 -3.273153e-01 1.726746e-02 -6.812893e-03 9.998278e-01 9.108841e+00
9.997345e-01 -1.725991e-02 -1.526490e-02 2.262422e+01 1.734698e-02 9.998339e-01 5.589731e-03 -3.747145e-01 1.516587e-02 -5.853009e-03 9.998678e-01 9.247750e+00
9.997712e-01 1.322586e-02 -1.680865e-02 2.499186e+01 -1.309938e-02 9.998852e-01 7.612871e-03 -4.196014e-01 1.690743e-02 -7.390985e-03 9.998298e-01 9.392026e+00
9.995834e-01 -1.682780e-02 -2.344805e-02 2.768406e+01 1.699819e-02 9.998304e-01 7.086486e-03 -4.662871e-01 2.332480e-02 -7.482068e-03 9.996998e-01 9.413793e+00
9.995632e-01 1.390761e-02 -2.607571e-02 3.074614e+01 -1.364626e-02 9.998551e-01 1.017436e-02 -5.187570e-01 2.621346e-02 -9.814123e-03 9.996083e-01 9.339606e+00
9.994934e-01 -1.629352e-02 -2.734125e-02 3.399356e+01 1.647598e-02 9.998434e-01 6.461030e-03 -5.706762e-01 2.723166e-02 -6.908187e-03 9.996052e-01 9.083265e+00
9.995041e-01 1.339090e-02 -2.849866e-02 3.736724e+01 -1.306346e-02 9.998469e-01 1.164514e-02 -6.274674e-01 2.865028e-02 -1.126712e-02 9.995261e-01 8.885353e+00
9.995910e-01 -1.711843e-02 -2.290710e-02 4.040436e+01 1.719027e-02 9.998479e-01 2.942414e-03 -6.776751e-01 2.285320e-02 -3.334943e-03 9.997332e-01 8.678057e+00
9.998187e-01 1.222617e-02 -1.459873e-02 4.334829e+01 -1.204808e-02 9.998527e-01 1.222632e-02 -7.283579e-01 1.474611e-02 -1.204827e-02 9.998188e-01 8.583717e+00
9.995649e-01 -1.760340e-02 -2.366572e-02 4.608149e+01 1.763870e-02 9.998436e-01 1.283207e-03 -7.779365e-01 2.363938e-02 -1.700033e-03 9.997190e-01 8.656198e+00
9.997780e-01 1.435792e-02 -1.541894e-02 4.865326e+01 -1.417298e-02 9.998271e-01 1.203788e-02 -8.243806e-01 1.558916e-02 -1.181672e-02 9.998087e-01 8.665509e+00
9.995934e-01 -1.669835e-02 -2.311138e-02 5.111440e+01 1.672335e-02 9.998598e-01 8.880594e-04 -8.676899e-01 2.309326e-02 -1.274148e-03 9.997324e-01 8.692459e+00
9.997407e-01 1.380247e-02 -1.811058e-02 5.386416e+01 -1.354714e-02 9.998082e-01 1.414682e-02 -9.131614e-01 1.830242e-02 -1.389786e-02 9.997360e-01 8.604292e+00
9.995654e-01 -1.953449e-02 -2.207835e-02 5.695177e+01 1.956850e-02 9.998076e-01 1.324807e-03 -9.664638e-01 2.204817e-02 -1.756219e-03 9.997553e-01 8.608144e+00
9.992925e-01 1.774776e-02 -3.315834e-02 5.984038e+01 -1.729174e-02 9.997526e-01 1.398997e-02 -1.015857e+00 3.339849e-02 -1.340676e-02 9.993523e-01 8.450227e+00
9.996361e-01 -2.021647e-02 -1.786016e-02 6.283085e+01 2.020546e-02 9.997955e-01 -7.980457e-04 -1.057814e+00 1.787257e-02 4.369355e-04 9.998401e-01 7.819402e+00
9.997000e-01 1.616103e-02 -1.840312e-02 6.558686e+01 -1.590015e-02 9.997722e-01 1.423661e-02 -1.101045e+00 1.862908e-02 -1.393978e-02 9.997294e-01 7.522275e+00
9.997465e-01 -1.955866e-02 -1.114929e-02 6.773082e+01 1.952176e-02 9.998036e-01 -3.411760e-03 -1.146533e+00 1.121376e-02 3.193296e-03 9.999320e-01 7.822831e+00
9.996424e-01 1.441494e-02 -2.252210e-02 7.027640e+01 -1.401492e-02 9.997430e-01 1.782057e-02 -1.193160e+00 2.277326e-02 -1.749861e-02 9.995876e-01 7.949506e+00
9.995914e-01 -1.711150e-02 -2.289401e-02 7.325891e+01 1.704897e-02 9.998504e-01 -2.924963e-03 -1.241651e+00 2.294057e-02 2.533504e-03 9.997335e-01 7.702912e+00
9.995538e-01 1.443577e-02 -2.615011e-02 7.640200e+01 -1.393159e-02 9.997155e-01 1.936202e-02 -1.290796e+00 2.642225e-02 -1.898913e-02 9.994706e-01 7.374986e+00
9.995501e-01 -1.643812e-02 -2.508773e-02 7.962814e+01 1.635579e-02 9.998602e-01 -3.484672e-03 -1.340969e+00 2.514143e-02 3.072830e-03 9.996791e-01 6.987119e+00
9.996207e-01 1.387679e-02 -2.378956e-02 8.272326e+01 -1.341582e-02 9.997212e-01 1.942962e-02 -1.390307e+00 2.405263e-02 -1.910315e-02 9.995282e-01 6.645744e+00
9.995756e-01 -1.600942e-02 -2.433656e-02 8.580038e+01 1.592342e-02 9.998663e-01 -3.724676e-03 -1.440355e+00 2.439286e-02 3.335630e-03 9.996968e-01 6.399622e+00
9.997165e-01 1.295364e-02 -1.997732e-02 8.863183e+01 -1.257742e-02 9.997433e-01 1.884644e-02 -1.487704e+00 2.021640e-02 -1.858989e-02 9.996228e-01 6.233842e+00
9.997524e-01 -1.596280e-02 -1.550227e-02 9.129505e+01 1.588199e-02 9.998597e-01 -5.324382e-03 -1.535153e+00 1.558501e-02 5.076913e-03 9.998656e-01 6.237784e+00
