9.999904e-01 1.452133e-03 4.127180e-03 -8.968468e-02 -1.452091e-03 9.999989e-01 -1.303931e-05 1.708483e-04 -4.127195e-03 7.045665e-06 9.999916e-01 1.466086e-01
9.999997e-01 -3.876893e-04 -7.402923e-04 -1.305167e-01 3.875506e-04 9.999999e-01 -1.874196e-04 -1.061486e-03 7.403657e-04 1.871331e-04 9.999996e-01 3.190477e-01
9.999964e-01 8.722435e-04 2.550349e-03 -3.109431e-02 -8.732626e-04 9.999995e-01 3.985002e-04 -6.457668e-03 -2.550002e-03 -4.007263e-04 9.999968e-01 5.433028e-01
9.999989e-01 -2.222567e-04 -1.473186e-03 1.263373e-01 2.222998e-04 1.000000e+00 2.912231e-05 -1.279223e-02 1.473180e-03 -2.944924e-05 9.999988e-01 7.520756e-01
9.999941e-01 7.932540e-04 3.335726e-03 1.769516e-01 -7.923779e-04 9.999997e-01 -2.639560e-04 -1.603616e-02 -3.335936e-03 2.613107e-04 9.999945e-01 9.412121e-01
9.999999e-01 1.510762e-04 5.138970e-04 1.194899e-01 -1.510363e-04 1.000000e+00 -7.777448e-05 -1.697696e-02 -5.139071e-04 7.769732e-05 9.999998e-01 1.111564e+00
9.999920e-01 8.871499e-04 3.901362e-03 4.220394e-02 -8.859843e-04 9.999996e-01 -3.004826e-04 -1.779375e-02 -3.901629e-03 2.970232e-04 9.999924e-01 1.295934e+00
9.999991e-01 1.976801e-04 1.362656e-03 -1.263516e-01 -1.974413e-04 1.000000e+00 -1.753842e-04 -1.702592e-02 -1.362688e-03 1.751154e-04 9.999990e-01 1.500684e+00
9.999962e-01 8.039443e-04 2.629199e-03 -3.149912e-01 -8.027308e-04 9.999996e-01 -4.625389e-04 -1.532909e-02 -2.629573e-03 4.604263e-04 9.999965e-01 1.703261e+00
9.999981e-01 3.674465e-04 1.910767e-03 -5.214480e-01 -3.671844e-04 9.999999e-01 -1.374958e-04 -1.317530e-02 -1.910814e-03 1.367942e-04 9.999981e-01 1.873517e+00
9.999944e-01 8.242017e-04 3.229100e-03 -7.332438e-01 -8.226440e-04 9.999995e-01 -4.836959e-04 -1.097100e-02 -3.229501e-03 4.810366e-04 9.999948e-01 2.053222e+00
9.999996e-01 4.346952e-04 7.341419e-04 -9.303897e-01 -4.347250e-04 9.999999e-01 4.037143e-05 -8.832888e-03 -7.341199e-04 -4.069041e-05 9.999996e-01 2.238964e+00
9.999792e-01 1.903827e-04 6.451985e-03 -1.090457e+00 -1.856015e-04 9.999997e-01 -7.416272e-04 -9.396189e-03 -6.452129e-03 7.404141e-04 9.999790e-01 2.524782e+00
9.999962e-01 -2.852669e-04 -2.752759e-03 -1.180936e+00 2.866683e-04 9.999998e-01 5.086781e-04 -1.248431e-02 2.752619e-03 -5.094653e-04 9.999960e-01 2.893666e+00
9.999958e-01 1.577032e-03 2.425340e-03 -1.082269e+00 -1.577763e-03 9.999987e-01 2.995411e-04 -1.745225e-02 -2.424870e-03 -3.033666e-04 9.999971e-01 3.114460e+00
9.999983e-01 -1.107191e-03 1.499954e-03 -1.059524e+00 1.107906e-03 9.999993e-01 -4.757669e-04 -2.130099e-02 -1.499420e-03 4.774280e-04 9.999987e-01 3.329322e+00
9.999961e-01 2.157226e-03 1.796042e-03 -1.166983e+00 -2.157666e-03 9.999976e-01 2.431020e-04 -2.165190e-02 -1.795519e-03 -2.469764e-04 9.999985e-01 3.548097e+00
9.999981e-01 -8.682481e-04 1.758294e-03 -1.273884e+00 8.689387e-04 9.999995e-01 -3.920035e-04 -2.169808e-02 -1.757947e-03 3.935307e-04 9.999983e-01 3.726179e+00
9.999954e-01 2.227787e-03 2.037141e-03 -1.405619e+00 -2.228097e-03 9.999975e-01 1.501731e-04 -2.093558e-02 -2.036808e-03 -1.547115e-04 9.999980e-01 3.887279e+00
9.999982e-01 -7.252568e-04 1.751591e-03 -1.472591e+00 7.252728e-04 9.999997e-01 -8.494263e-06 -2.146533e-02 -1.751577e-03 9.764735e-06 9.999984e-01 4.053487e+00
9.999955e-01 1.704701e-03 2.476521e-03 -1.567112e+00 -1.703527e-03 9.999984e-01 -4.761553e-04 -2.215813e-02 -2.477337e-03 4.719343e-04 9.999969e-01 4.259488e+00
9.999986e-01 -6.166882e-04 1.554042e-03 -1.755785e+00 6.166441e-04 9.999998e-01 2.891867e-05 -2.021055e-02 -1.554051e-03 -2.796032e-05 9.999987e-01 4.465574e+00
9.999989e-01 1.460739e-03 5.942170e-05 -1.784987e+00 -1.460720e-03 9.999989e-01 -3.343534e-04 -2.065145e-02 -5.991829e-05 3.342662e-04 1.000000e+00 4.635834e+00
9.999974e-01 8.771923e-04 2.123438e-03 -1.801794e+00 -8.773534e-04 9.999996e-01 7.495128e-05 -1.990736e-02 -2.123362e-03 -7.681411e-05 9.999976e-01 4.602367e+00
9.999998e-01 5.229044e-05 6.934640e-04 -1.702685e+00 -5.208837e-05 1.000000e+00 -2.914397e-04 -2.169086e-02 -6.934880e-04 2.914035e-04 9.999998e-01 4.573187e+00
9.999743e-01 1.853525e-03 -6.920213e-03 -1.288512e+00 -1.839616e-03 9.999963e-01 2.015742e-03 -2.846215e-02 6.923932e-03 -2.002960e-03 9.999739e-01 4.483970e+00
9.999540e-01 -1.507825e-04 -9.588623e-03 -4.444215e-01 1.746565e-04 9.999969e-01 2.489037e-03 -4.030803e-02 9.588211e-03 -2.490598e-03 9.999510e-01 4.347413e+00
9.999994e-01 1.098095e-03 -2.086508e-04 1.387078e-01 -1.097996e-03 9.999993e-01 4.731982e-04 -5.071241e-02 2.091758e-04 -4.729679e-04 9.999998e-01 4.402197e+00
9.999896e-01 -7.083197e-05 4.557796e-03 1.942304e-02 7.468901e-05 9.999996e-01 -8.460856e-04 -5.041114e-02 -4.557741e-03 8.464164e-04 9.999894e-01 4.611930e+00
9.999992e-01 1.208502e-03 3.135509e-04 -1.953014e-01 -1.208537e-03 9.999993e-01 1.118217e-04 -4.780067e-02 -3.134091e-04 -1.121997e-04 9.999998e-01 4.777508e+00
9.999887e-01 -1.147491e-04 4.748100e-03 -4.058465e-01 1.192499e-04 9.999995e-01 -9.476363e-04 -4.487112e-02 -4.747996e-03 9.481911e-04 9.999884e-01 4.951693e+00
9.999990e-01 1.108976e-03 8.747830e-04 -5.930814e-01 -1.109340e-03 9.999993e-01 4.150760e-04 -4.335944e-02 -8.743146e-04 -4.160454e-04 9.999994e-01 5.185691e+00
9.999921e-01 -1.019297e-05 3.979054e-03 -7.605542e-01 1.317808e-05 9.999997e-01 -7.501777e-04 -4.238418e-02 -3.979053e-03 7.502236e-04 9.999919e-01 5.405632e+00
9.999994e-01 1.098913e-03 1.125849e-04 -8.888110e-01 -1.098956e-03 9.999993e-01 3.818088e-04 -4.228090e-02 -1.121568e-04 -3.819317e-04 9.999998e-01 5.637722e+00
9.999615e-01 1.181232e-03 -8.699558e-03 -2.144590e-01 -1.159534e-03 9.999962e-01 2.498740e-03 -4.959946e-02 8.702469e-03 -2.488557e-03 9.999591e-01 5.288326e+00
9.998917e-01 -7.917520e-05 1.471919e-02 -4.573646e-01 1.253273e-04 9.999951e-01 -3.134612e-03 -4.682638e-02 -1.471886e-02 3.136118e-03 9.998867e-01 5.503112e+00
9.999372e-01 1.081560e-03 -1.115556e-02 -6.662693e-01 -1.051564e-03 9.999958e-01 2.694417e-03 -4.454377e-02 1.115842e-02 -2.682518e-03 9.999342e-01 5.735549e+00
9.998816e-01 1.783828e-04 1.538839e-02 -8.741547e-01 -1.293589e-04 9.999949e-01 -3.186711e-03 -4.187184e-02 -1.538887e-02 3.184344e-03 9.998764e-01 5.918216e+00
9.999275e-01 1.088235e-03 -1.199349e-02 -9.965462e-01 -1.052863e-03 9.999951e-01 2.955177e-03 -4.077232e-02 1.199664e-02 -2.942336e-03 9.999238e-01 6.083731e+00
9.998781e-01 1.396251e-04 1.561121e-02 -1.105212e+00 -8.929280e-05 9.999948e-01 -3.224767e-03 -3.924414e-02 -1.561157e-02 3.222980e-03 9.998728e-01 6.222100e+00
9.999294e-01 1.135491e-03 -1.182398e-02 -1.321040e+00 -1.105453e-03 9.999961e-01 2.546651e-03 -3.614734e-02 1.182681e-02 -2.533401e-03 9.999270e-01 6.367677e+00
9.998933e-01 2.031776e-04 1.460942e-02 -1.498921e+00 -1.572188e-04 9.999950e-01 -3.146910e-03 -3.299868e-02 -1.460997e-02 3.144278e-03 9.998882e-01 6.456683e+00
9.999271e-01 9.963014e-04 -1.203441e-02 -1.600906e+00 -9.685365e-04 9.999969e-01 2.312738e-03 -3.052833e-02 1.203667e-02 -2.300914e-03 9.999250e-01 6.443782e+00
9.999408e-01 2.246476e-03 1.064602e-02 -1.556028e+00 -2.232859e-03 9.999967e-01 -1.290826e-03 -2.976457e-02 -1.064888e-02 1.266979e-03 9.999424e-01 6.249383e+00
9.999649e-01 -1.037014e-03 -8.319847e-03 -1.529582e+00 1.044817e-03 9.999990e-01 9.335283e-04 -3.021422e-02 8.318860e-03 -9.421888e-04 9.999651e-01 6.172490e+00
9.999238e-01 2.215197e-03 1.214229e-02 -1.682678e+00 -2.197389e-03 9.999965e-01 -1.479786e-03 -2.800947e-02 -1.214551e-02 1.452992e-03 9.999251e-01 6.303598e+00
9.994741e-01 9.301269e-03 -3.106410e-02 -1.050935e+00 -8.961193e-03 9.998986e-01 1.106888e-02 -2.974214e-02 3.116390e-02 -1.078469e-02 9.994562e-01 5.549276e+00
9.998526e-01 -2.953409e-03 1.691533e-02 -1.664023e-01 3.058243e-03 9.999763e-01 -6.175078e-03 -3.774748e-02 -1.689668e-02 6.225901e-03 9.998378e-01 4.947356e+00
9.997131e-01 3.692979e-03 -2.366425e-02 3.106423e-01 -3.520950e-03 9.999671e-01 7.307109e-03 -4.764797e-02 2.369044e-02 -7.221694e-03 9.996934e-01 4.944381e+00
9.998940e-01 7.613885e-03 -1.241417e-02 1.631953e+00 -7.594041e-03 9.999698e-01 1.644847e-03 -5.637103e-02 1.242632e-02 -1.550395e-03 9.999215e-01 3.912151e+00
9.992056e-01 6.231662e-03 -3.936129e-02 3.565538e+00 -5.851524e-03 9.999352e-01 9.765489e-03 -6.810892e-02 3.941960e-02 -9.527412e-03 9.991774e-01 2.449987e+00
9.999589e-01 4.778292e-03 -7.707655e-03 5.418524e+00 -4.776110e-03 9.999885e-01 3.015394e-04 -8.275903e-02 7.709001e-03 -2.647092e-04 9.999702e-01 1.237992e+00
9.994821e-01 2.990690e-03 -3.204107e-02 7.233673e+00 -2.743636e-03 9.999662e-01 7.751723e-03 -1.013251e-01 3.206318e-02 -7.659806e-03 9.994566e-01 3.451319e-01
9.999961e-01 -2.480109e-04 2.770940e-03 8.841169e+00 2.532489e-04 9.999982e-01 -1.889956e-03 -1.242421e-01 -2.770480e-03 1.890657e-03 9.999943e-01 -6.322421e-02
9.997033e-01 1.273029e-03 -2.432311e-02 1.024086e+01 -1.102118e-03 9.999746e-01 7.038849e-03 -1.499954e-01 2.433147e-02 -7.009961e-03 9.996795e-01 -6.647650e-02
9.999494e-01 -3.809591e-03 9.308934e-03 1.147131e+01 3.834095e-03 9.999892e-01 -2.615875e-03 -1.810218e-01 -9.298885e-03 2.651442e-03 9.999532e-01 3.847667e-01
9.995341e-01 -2.655013e-03 -3.040587e-02 1.279672e+01 2.849532e-03 9.999757e-01 6.355876e-03 -2.177512e-01 3.038827e-02 -6.439565e-03 9.995175e-01 1.060513e+00
9.999605e-01 -3.830562e-03 8.018770e-03 1.440397e+01 3.837656e-03 9.999923e-01 -8.693076e-04 -2.586804e-01 -8.015399e-03 9.000551e-04 9.999674e-01 1.734872e+00
9.992404e-01 -2.301635e-03 -3.890069e-02 1.651345e+01 2.680669e-03 9.999494e-01 9.694305e-03 -3.026951e-01 3.887644e-02 -9.791231e-03 9.991962e-01 2.177961e+00
9.999397e-01 -4.878208e-04 1.096978e-02 1.813433e+01 5.268193e-04 9.999936e-01 -3.552331e-03 -3.363980e-01 -1.096801e-02 3.557906e-03 9.999334e-01 2.421971e+00
9.991441e-01 2.878898e-04 -4.136406e-02 1.971593e+01 1.176925e-04 9.999519e-01 9.802447e-03 -3.664658e-01 4.136492e-02 -9.798936e-03 9.990962e-01 2.481712e+00
9.999971e-01 2.415149e-03 -2.129801e-04 2.137019e+01 -2.415998e-03 9.999887e-01 -4.089701e-03 -3.898820e-01 2.030667e-04 4.090215e-03 9.999915e-01 1.950440e+00
9.990278e-01 6.085380e-03 -4.366303e-02 2.320577e+01 -5.525038e-03 9.999010e-01 1.294258e-02 -4.075447e-01 4.373751e-02 -1.268877e-02 9.989626e-01 9.665710e-01
9.998134e-01 -3.300387e-03 1.903477e-02 2.466343e+01 3.429934e-03 9.999712e-01 -6.777005e-03 -4.293760e-01 -1.901189e-02 6.841041e-03 9.997958e-01 6.743665e-01
9.992753e-01 2.484741e-03 -3.798249e-02 2.558734e+01 -2.124892e-03 9.999525e-01 9.511558e-03 -4.533791e-01 3.800436e-02 -9.423969e-03 9.992332e-01 9.548807e-01
9.996295e-01 -4.906724e-03 2.677129e-02 2.600646e+01 5.146216e-03 9.999473e-01 -8.884163e-03 -4.698019e-01 -2.672633e-02 9.018655e-03 9.996020e-01 1.479350e+00
9.996770e-01 3.806295e-03 -2.512898e-02 2.586951e+01 -3.606087e-03 9.999614e-01 8.007838e-03 -4.733963e-01 2.515853e-02 -7.914646e-03 9.996522e-01 1.980399e+00
9.997085e-01 -5.885443e-03 2.341354e-02 2.578955e+01 6.106794e-03 9.999372e-01 -9.393606e-03 -4.794546e-01 -2.335683e-02 9.533863e-03 9.996816e-01 2.548780e+00
9.998098e-01 6.780477e-03 -1.828496e-02 2.563107e+01 -6.612746e-03 9.999356e-01 9.218223e-03 -4.791447e-01 1.834633e-02 -9.095568e-03 9.997904e-01 2.830443e+00
9.997358e-01 -5.830237e-03 2.223380e-02 2.540602e+01 6.044220e-03 9.999359e-01 -9.569053e-03 -4.763793e-01 -2.217663e-02 9.700923e-03 9.997069e-01 3.053339e+00
9.998222e-01 7.317578e-03 -1.737729e-02 2.511583e+01 -7.162074e-03 9.999339e-01 8.994274e-03 -4.716252e-01 1.744200e-02 -8.868230e-03 9.998086e-01 3.205724e+00
9.997245e-01 -5.798596e-03 2.274303e-02 2.479920e+01 6.018670e-03 9.999356e-01 -9.619920e-03 -4.661948e-01 -2.268583e-02 9.754165e-03 9.996950e-01 3.340140e+00
9.998085e-01 7.458770e-03 -1.809170e-02 2.451937e+01 -7.295219e-03 9.999321e-01 9.089439e-03 -4.614933e-01 1.815830e-02 -8.955727e-03 9.997951e-01 3.454447e+00
9.996955e-01 -5.943242e-03 2.394739e-02 2.428862e+01 6.171353e-03 9.999362e-01 -9.462785e-03 -4.587849e-01 -2.388966e-02 9.607704e-03 9.996683e-01 3.666708e+00
9.997864e-01 7.306861e-03 -1.933396e-02 2.404417e+01 -7.131185e-03 9.999328e-01 9.139930e-03 -4.559002e-01 1.939948e-02 -9.000115e-03 9.997714e-01 3.871484e+00
9.996947e-01 -5.471908e-03 2.409569e-02 2.378051e+01 5.702912e-03 9.999383e-01 -9.528540e-03 -4.516325e-01 -2.404211e-02 9.663058e-03 9.996641e-01 3.955846e+00
9.997625e-01 7.403781e-03 -2.049498e-02 2.364130e+01 -7.208264e-03 9.999280e-01 9.597317e-03 -4.501210e-01 2.056460e-02 -9.447316e-03 9.997440e-01 4.033358e+00
9.996853e-01 -5.567887e-03 2.445929e-02 2.357133e+01 5.796888e-03 9.999399e-01 -9.301526e-03 -4.499808e-01 -2.440607e-02 9.440398e-03 9.996575e-01 4.091782e+00
9.997600e-01 7.485013e-03 -2.058927e-02 2.344239e+01 -7.293216e-03 9.999295e-01 9.374815e-03 -4.486768e-01 2.065803e-02 -9.222415e-03 9.997442e-01 4.170004e+00
9.996950e-01 -5.699115e-03 2.403052e-02 2.336067e+01 5.918848e-03 9.999412e-01 -9.082644e-03 -4.483648e-01 -2.397738e-02 9.222119e-03 9.996699e-01 4.249937e+00
9.997309e-01 7.389595e-03 -2.199134e-02 2.335814e+01 -7.183701e-03 9.999298e-01 9.426898e-03 -4.494167e-01 2.205949e-02 -9.266393e-03 9.997138e-01 4.306296e+00
9.996358e-01 -5.560623e-03 2.640697e-02 2.324789e+01 5.813669e-03 9.999378e-01 -9.515341e-03 -4.480780e-01 -2.635246e-02 9.665409e-03 9.996059e-01 4.365765e+00
9.997281e-01 7.454387e-03 -2.209588e-02 2.302156e+01 -7.251514e-03 9.999309e-01 9.247519e-03 -4.446876e-01 2.216333e-02 -9.084787e-03 9.997132e-01 4.458713e+00
9.996348e-01 -5.566252e-03 2.644309e-02 2.282856e+01 5.815153e-03 9.999394e-01 -9.345042e-03 -4.419729e-01 -2.638950e-02 9.495412e-03 9.996065e-01 4.549521e+00
9.997293e-01 7.534380e-03 -2.201432e-02 2.266346e+01 -7.334236e-03 9.999312e-01 9.158264e-03 -4.396105e-01 2.208184e-02 -8.994338e-03 9.997158e-01 4.620798e+00
9.996343e-01 -5.658054e-03 2.644489e-02 2.246265e+01 5.909560e-03 9.999380e-01 -9.441989e-03 -4.364295e-01 -2.638986e-02 9.594825e-03 9.996056e-01 4.691243e+00
9.997253e-01 7.587959e-03 -2.217608e-02 2.220787e+01 -7.390092e-03 9.999323e-01 8.990983e-03 -4.322203e-01 2.224284e-02 -8.824641e-03 9.997137e-01 4.764729e+00
9.996548e-01 -5.646503e-03 2.566038e-02 2.197549e+01 5.883807e-03 9.999405e-01 -9.181719e-03 -4.285824e-01 -2.560704e-02 9.329541e-03 9.996285e-01 4.840642e+00
9.997509e-01 7.407096e-03 -2.105394e-02 2.180121e+01 -7.216404e-03 9.999324e-01 9.118961e-03 -4.267414e-01 2.112009e-02 -8.964767e-03 9.997368e-01 4.978831e+00
9.996393e-01 -5.885786e-03 2.620337e-02 2.152664e+01 6.139736e-03 9.999349e-01 -9.621509e-03 -4.224698e-01 -2.614506e-02 9.778932e-03 9.996102e-01 5.116875e+00
9.997438e-01 7.606224e-03 -2.131710e-02 2.119353e+01 -7.422232e-03 9.999346e-01 8.697134e-03 -4.164633e-01 2.138190e-02 -8.536697e-03 9.997350e-01 5.244807e+00
9.996906e-01 -6.052377e-03 2.412796e-02 2.107107e+01 6.272153e-03 9.999394e-01 -9.043421e-03 -4.150285e-01 -2.407180e-02 9.191968e-03 9.996679e-01 5.380698e+00
9.998155e-01 7.186710e-03 -1.781511e-02 2.101555e+01 -7.037083e-03 9.999396e-01 8.447498e-03 -4.157168e-01 1.787477e-02 -8.320584e-03 9.998057e-01 5.506142e+00
9.997428e-01 -5.433012e-03 2.201918e-02 2.070365e+01 5.636417e-03 9.999419e-01 -9.186054e-03 -4.100810e-01 -2.196802e-02 9.307811e-03 9.997152e-01 5.588574e+00
9.998145e-01 7.253241e-03 -1.784464e-02 2.040329e+01 -7.103231e-03 9.999390e-01 8.455586e-03 -4.047031e-01 1.790492e-02 -8.327273e-03 9.998051e-01 5.658372e+00
9.997485e-01 -5.427611e-03 2.175765e-02 2.010516e+01 5.626340e-03 9.999429e-01 -9.082864e-03 -3.994764e-01 -2.170715e-02 9.203007e-03 9.997219e-01 5.722160e+00
9.998045e-01 7.341378e-03 -1.835832e-02 1.986789e+01 -7.182624e-03 9.999364e-01 8.698661e-03 -3.956433e-01 1.842104e-02 -8.565110e-03 9.997937e-01 5.791283e+00
9.997466e-01 -5.437767e-03 2.184212e-02 1.967528e+01 5.630972e-03 9.999455e-01 -8.793676e-03 -3.928228e-01 -2.179314e-02 8.914451e-03 9.997227e-01 5.860318e+00
9.998132e-01 7.371961e-03 -1.786643e-02 1.949271e+01 -7.216529e-03 9.999357e-01 8.748644e-03 -3.904040e-01 1.792981e-02 -8.618086e-03 9.998022e-01 5.940420e+00
9.997487e-01 -5.480813e-03 2.173899e-02 1.930136e+01 5.676235e-03 9.999439e-01 -8.937888e-03 -3.874698e-01 -2.168881e-02 9.059048e-03 9.997236e-01 6.012970e+00
9.998168e-01 7.395988e-03 -1.765445e-02 1.907828e+01 -7.247148e-03 9.999378e-01 8.479925e-03 -3.837898e-01 1.771609e-02 -8.350438e-03 9.998083e-01 6.076675e+00
9.997500e-01 -5.495595e-03 2.167224e-02 1.882382e+01 5.689123e-03 9.999444e-01 -8.878178e-03 -3.796161e-01 -2.162227e-02 8.999265e-03 9.997256e-01 6.148287e+00
9.998121e-01 7.396002e-03 -1.791639e-02 1.857003e+01 -7.247161e-03 9.999388e-01 8.358338e-03 -3.752900e-01 1.797715e-02 -8.226935e-03 9.998046e-01 6.211681e+00
9.997453e-01 -5.557279e-03 2.187156e-02 1.829196e+01 5.753196e-03 9.999438e-01 -8.904805e-03 -3.705784e-01 -2.182088e-02 9.028379e-03 9.997210e-01 6.290012e+00
9.998199e-01 7.348370e-03 -1.749704e-02 1.800010e+01 -7.205275e-03 9.999402e-01 8.227378e-03 -3.655462e-01 1.755648e-02 -8.099835e-03 9.998132e-01 6.379457e+00
9.997460e-01 -5.629330e-03 2.182173e-02 1.769887e+01 5.823216e-03 9.999440e-01 -8.831565e-03 -3.604355e-01 -2.177083e-02 8.956404e-03 9.997228e-01 6.475012e+00
9.998192e-01 7.352616e-03 -1.753596e-02 1.741089e+01 -7.209027e-03 9.999401e-01 8.237575e-03 -3.555976e-01 1.759550e-02 -8.109678e-03 9.998124e-01 6.591394e+00
9.997484e-01 -5.612364e-03 2.171808e-02 1.712615e+01 5.805083e-03 9.999442e-01 -8.820706e-03 -3.506617e-01 -2.166739e-02 8.944571e-03 9.997251e-01 6.697787e+00
9.998220e-01 7.343400e-03 -1.737750e-02 1.681323e+01 -7.204198e-03 9.999416e-01 8.059634e-03 -3.451097e-01 1.743570e-02 -7.933018e-03 9.998166e-01 6.797099e+00
9.997513e-01 -5.613415e-03 2.158434e-02 1.653095e+01 5.799830e-03 9.999463e-01 -8.583617e-03 -3.404610e-01 -2.153503e-02 8.706677e-03 9.997301e-01 6.897641e+00
9.998186e-01 7.463767e-03 -1.752205e-02 1.624859e+01 -7.324080e-03 9.999410e-01 8.022783e-03 -3.357527e-01 1.758092e-02 -7.893004e-03 9.998144e-01 6.993889e+00
9.997469e-01 -5.678989e-03 2.176747e-02 1.596835e+01 5.866141e-03 9.999463e-01 -8.543523e-03 -3.310693e-01 -2.171781e-02 8.669061e-03 9.997265e-01 7.090053e+00
9.998178e-01 7.464288e-03 -1.757017e-02 1.569847e+01 -7.326328e-03 9.999419e-01 7.903301e-03 -3.264546e-01 1.762817e-02 -7.773145e-03 9.998145e-01 7.178672e+00
9.997490e-01 -5.682665e-03 2.166906e-02 1.545248e+01 5.861454e-03 9.999492e-01 -8.196249e-03 -3.226016e-01 -2.162141e-02 8.321213e-03 9.997315e-01 7.275386e+00
9.998201e-01 7.478041e-03 -1.742979e-02 1.519786e+01 -7.346091e-03 9.999440e-01 7.622219e-03 -3.181542e-01 1.748584e-02 -7.492816e-03 9.998191e-01 7.358537e+00
9.997459e-01 -5.696371e-03 2.181078e-02 1.490740e+01 5.877071e-03 9.999489e-01 -8.229728e-03 -3.130308e-01 -2.176280e-02 8.355829e-03 9.997281e-01 7.442522e+00
9.998150e-01 7.467052e-03 -1.772499e-02 1.461842e+01 -7.332303e-03 9.999438e-01 7.655078e-03 -3.081503e-01 1.778118e-02 -7.523706e-03 9.998137e-01 7.541510e+00
9.997323e-01 -5.724715e-03 2.241628e-02 1.432101e+01 5.910244e-03 9.999488e-01 -8.218992e-03 -3.030156e-01 -2.236811e-02 8.349286e-03 9.997148e-01 7.650599e+00
9.998045e-01 7.452089e-03 -1.831647e-02 1.403660e+01 -7.312427e-03 9.999438e-01 7.680186e-03 -2.982019e-01 1.837270e-02 -7.544755e-03 9.998028e-01 7.766350e+00
9.997241e-01 -5.768575e-03 2.277092e-02 1.375188e+01 5.959211e-03 9.999477e-01 -8.312927e-03 -2.931896e-01 -2.272180e-02 8.446338e-03 9.997060e-01 7.871463e+00
9.997955e-01 7.461064e-03 -1.879818e-02 1.345590e+01 -7.318847e-03 9.999442e-01 7.622988e-03 -2.880679e-01 1.885403e-02 -7.483856e-03 9.997943e-01 7.975086e+00
9.997268e-01 -5.657646e-03 2.267771e-02 1.319997e+01 5.839848e-03 9.999511e-01 -7.976205e-03 -2.839650e-01 -2.263150e-02 8.106469e-03 9.997109e-01 8.071123e+00
9.998043e-01 7.439643e-03 -1.833301e-02 1.293407e+01 -7.305164e-03 9.999460e-01 7.391463e-03 -2.794812e-01 1.838703e-02 -7.256099e-03 9.998047e-01 8.158354e+00
9.997128e-01 -5.786870e-03 2.325693e-02 1.259391e+01 5.980105e-03 9.999481e-01 -8.247714e-03 -2.734768e-01 -2.320801e-02 8.384432e-03 9.996954e-01 8.261583e+00
9.997984e-01 7.331930e-03 -1.869326e-02 1.225663e+01 -7.194022e-03 9.999465e-01 7.434074e-03 -2.677572e-01 1.874679e-02 -7.298104e-03 9.997977e-01 8.380798e+00
9.997116e-01 -5.699908e-03 2.332718e-02 1.196026e+01 5.887048e-03 9.999510e-01 -7.961564e-03 -2.629811e-01 -2.328067e-02 8.096605e-03 9.996961e-01 8.497166e+00
9.997946e-01 7.411787e-03 -1.886348e-02 1.171733e+01 -7.269752e-03 9.999448e-01 7.587152e-03 -2.594059e-01 1.891869e-02 -7.448468e-03 9.997934e-01 8.624476e+00
9.997108e-01 -5.709859e-03 2.336166e-02 1.145398e+01 5.900485e-03 9.999498e-01 -8.098953e-03 -2.550301e-01 -2.331426e-02 8.234464e-03 9.996942e-01 8.735135e+00
9.997857e-01 7.427221e-03 -1.932227e-02 1.120909e+01 -7.278847e-03 9.999436e-01 7.738001e-03 -2.512154e-01 1.937867e-02 -7.595707e-03 9.997835e-01 8.863079e+00
9.996948e-01 -5.981943e-03 2.396801e-02 1.101574e+01 6.177955e-03 9.999480e-01 -8.112324e-03 -2.488923e-01 -2.391825e-02 8.257929e-03 9.996797e-01 9.006530e+00
9.997896e-01 7.565952e-03 -1.906627e-02 1.071642e+01 -7.424086e-03 9.999443e-01 7.500557e-03 -2.441804e-01 1.912197e-02 -7.357437e-03 9.997902e-01 9.154213e+00
9.996980e-01 -6.012420e-03 2.382605e-02 1.048691e+01 6.198060e-03 9.999510e-01 -7.725267e-03 -2.413343e-01 -2.377845e-02 7.870618e-03 9.996862e-01 9.315862e+00
9.997821e-01 7.579197e-03 -1.945040e-02 1.031675e+01 -7.433608e-03 9.999439e-01 7.546586e-03 -2.397273e-01 1.950652e-02 -7.400362e-03 9.997824e-01 9.482602e+00
9.996976e-01 -5.920844e-03 2.386535e-02 1.009527e+01 6.108333e-03 9.999510e-01 -7.790840e-03 -2.368076e-01 -2.381807e-02 7.934270e-03 9.996847e-01 9.617249e+00
9.997720e-01 7.586370e-03 -1.996020e-02 9.927135e+00 -7.435288e-03 9.999432e-01 7.632544e-03 -2.349324e-01 2.001699e-02 -7.482402e-03 9.997717e-01 9.746915e+00
9.996819e-01 -6.066143e-03 2.447895e-02 9.709244e+00 6.263417e-03 9.999485e-01 -7.990267e-03 -2.320696e-01 -2.442924e-02 8.141055e-03 9.996683e-01 9.887541e+00
9.997712e-01 7.624272e-03 -1.998761e-02 9.498388e+00 -7.471844e-03 9.999425e-01 7.689785e-03 -2.296294e-01 2.004511e-02 -7.538689e-03 9.997708e-01 1.005103e+01
9.996755e-01 -6.183246e-03 2.471085e-02 9.317926e+00 6.381112e-03 9.999481e-01 -7.936390e-03 -2.278676e-01 -2.466051e-02 8.091505e-03 9.996630e-01 1.021916e+01
9.997776e-01 7.657626e-03 -1.965045e-02 9.097098e+00 -7.510967e-03 9.999435e-01 7.526385e-03 -2.252352e-01 1.970699e-02 -7.377125e-03 9.997787e-01 1.038801e+01
9.996713e-01 -6.308234e-03 2.485116e-02 8.851776e+00 6.507538e-03 9.999472e-01 -7.947186e-03 -2.221411e-01 -2.479973e-02 8.106301e-03 9.996595e-01 1.057367e+01
9.997695e-01 7.767445e-03 -2.001302e-02 8.600900e+00 -7.617970e-03 9.999426e-01 7.534307e-03 -2.188413e-01 2.007041e-02 -7.380119e-03 9.997714e-01 1.073950e+01
9.996685e-01 -6.301418e-03 2.496316e-02 8.339475e+00 6.500354e-03 9.999477e-01 -7.896049e-03 -2.154134e-01 -2.491211e-02 8.055708e-03 9.996571e-01 1.090148e+01
9.997622e-01 7.926577e-03 -2.031342e-02 8.114650e+00 -7.773821e-03 9.999410e-01 7.587937e-03 -2.126207e-01 2.037238e-02 -7.428228e-03 9.997650e-01 1.102834e+01
9.996745e-01 -6.051167e-03 2.478642e-02 7.928438e+00 6.243044e-03 9.999511e-01 -7.671131e-03 -2.100276e-01 -2.473880e-02 7.823384e-03 9.996632e-01 1.110824e+01
9.997521e-01 7.962175e-03 -2.079520e-02 7.752351e+00 -7.806012e-03 9.999408e-01 7.580012e-03 -2.077429e-01 2.085434e-02 -7.415812e-03 9.997551e-01 1.118881e+01
9.996731e-01 -6.050772e-03 2.483965e-02 7.569840e+00 6.242056e-03 9.999514e-01 -7.630405e-03 -2.052164e-01 -2.479229e-02 7.782969e-03 9.996622e-01 1.126441e+01
9.997410e-01 7.947571e-03 -2.132425e-02 7.354181e+00 -7.794587e-03 9.999434e-01 7.247742e-03 -2.016355e-01 2.138066e-02 -7.079658e-03 9.997464e-01 1.133902e+01
9.996861e-01 -6.063118e-03 2.430761e-02 7.231912e+00 6.236876e-03 9.999555e-01 -7.078831e-03 -2.005247e-01 -2.426362e-02 7.228219e-03 9.996794e-01 1.142649e+01
9.997384e-01 7.829061e-03 -2.148964e-02 7.223129e+00 -7.668615e-03 9.999422e-01 7.538489e-03 -2.016789e-01 2.154742e-02 -7.371729e-03 9.997407e-01 1.151381e+01
9.996537e-01 -6.072301e-03 2.560315e-02 7.049200e+00 6.270180e-03 9.999510e-01 -7.655488e-03 -1.991446e-01 -2.555542e-02 7.813381e-03 9.996428e-01 1.161095e+01
9.997479e-01 7.934621e-03 -2.100245e-02 6.830899e+00 -7.781147e-03 9.999425e-01 7.379113e-03 -1.957185e-01 2.105980e-02 -7.213837e-03 9.997523e-01 1.167435e+01
9.996548e-01 -6.064498e-03 2.556552e-02 6.569758e+00 6.265358e-03 9.999501e-01 -7.783874e-03 -1.915145e-01 -2.551705e-02 7.941370e-03 9.996427e-01 1.174069e+01
9.997478e-01 7.968388e-03 -2.099728e-02 6.325425e+00 -7.814752e-03 9.999422e-01 7.388906e-03 -1.876463e-01 2.105495e-02 -7.222960e-03 9.997523e-01 1.180929e+01
9.996421e-01 -6.159340e-03 2.603450e-02 6.028353e+00 6.369470e-03 9.999477e-01 -7.995988e-03 -1.824552e-01 -2.598390e-02 8.158959e-03 9.996290e-01 1.188567e+01
9.997250e-01 8.000053e-03 -2.204563e-02 5.808287e+00 -7.828374e-03 9.999384e-01 7.862811e-03 -1.794035e-01 2.210719e-02 -7.688074e-03 9.997261e-01 1.198050e+01
9.996420e-01 -6.098167e-03 2.605117e-02 5.708267e+00 6.300117e-03 9.999507e-01 -7.677011e-03 -1.786069e-01 -2.600307e-02 7.838395e-03 9.996310e-01 1.203651e+01
9.997317e-01 7.969234e-03 -2.175106e-02 5.535447e+00 -7.808009e-03 9.999415e-01 7.487177e-03 -1.762353e-01 2.180947e-02 -7.315342e-03 9.997355e-01 1.210382e+01
9.996716e-01 -6.085194e-03 2.489243e-02 5.442204e+00 6.265120e-03 9.999548e-01 -7.156539e-03 -1.757337e-01 -2.484776e-02 7.310149e-03 9.996644e-01 1.218908e+01
9.997646e-01 7.891916e-03 -2.021076e-02 5.324887e+00 -7.748494e-03 9.999443e-01 7.164803e-03 -1.746294e-01 2.026618e-02 -7.006520e-03 9.997702e-01 1.228354e+01
9.996756e-01 -6.108611e-03 2.472476e-02 5.119926e+00 6.291105e-03 9.999535e-01 -7.309988e-03 -1.715907e-01 -2.467896e-02 7.463170e-03 9.996675e-01 1.238657e+01
9.997443e-01 7.983917e-03 -2.115527e-02 4.966345e+00 -7.827385e-03 9.999415e-01 7.471665e-03 -1.700632e-01 2.121369e-02 -7.304171e-03 9.997484e-01 1.249693e+01
9.996865e-01 -6.117840e-03 2.427824e-02 4.922428e+00 6.290837e-03 9.999553e-01 -7.055649e-03 -1.705580e-01 -2.423399e-02 7.206174e-03 9.996802e-01 1.257019e+01
9.997154e-01 8.699780e-03 -2.221529e-02 4.913686e+00 -8.523723e-03 9.999316e-01 8.007491e-03 -1.710077e-01 2.228344e-02 -7.815862e-03 9.997212e-01 1.253939e+01
9.997509e-01 -5.794376e-03 2.155437e-02 5.072419e+00 5.927593e-03 9.999637e-01 -6.121774e-03 -1.738383e-01 -2.151812e-02 6.248021e-03 9.997488e-01 1.245651e+01
9.998263e-01 7.545516e-03 -1.704370e-02 4.964022e+00 -7.442867e-03 9.999538e-01 6.078150e-03 -1.724960e-01 1.708878e-02 -5.950247e-03 9.998364e-01 1.250245e+01
9.997352e-01 -5.785867e-03 2.227067e-02 4.631035e+00 5.938122e-03 9.999594e-01 -6.776497e-03 -1.665006e-01 -2.223056e-02 6.906955e-03 9.997289e-01 1.259219e+01
9.998144e-01 7.388123e-03 -1.779322e-02 4.334424e+00 -7.277376e-03 9.999538e-01 6.280857e-03 -1.617946e-01 1.783881e-02 -6.150210e-03 9.998221e-01 1.272558e+01
9.997253e-01 -5.739279e-03 2.272285e-02 4.049003e+00 5.896402e-03 9.999591e-01 -6.853808e-03 -1.567537e-01 -2.268259e-02 6.985915e-03 9.997182e-01 1.283218e+01
9.998040e-01 7.452733e-03 -1.834283e-02 3.768789e+00 -7.339844e-03 9.999538e-01 6.214047e-03 -1.519838e-01 1.838830e-02 -6.078202e-03 9.998125e-01 1.291467e+01
9.997350e-01 -5.546391e-03 2.234295e-02 3.546060e+00 5.690863e-03 9.999633e-01 -6.407727e-03 -1.485699e-01 -2.230659e-02 6.533186e-03 9.997297e-01 1.298878e+01
9.998000e-01 7.347351e-03 -1.859839e-02 3.426666e+00 -7.230184e-03 9.999536e-01 6.359266e-03 -1.472070e-01 1.864425e-02 -6.223531e-03 9.998069e-01 1.305400e+01
9.997366e-01 -5.568137e-03 2.226622e-02 3.296841e+00 5.710234e-03 9.999637e-01 -6.323256e-03 -1.459383e-01 -2.223020e-02 6.448742e-03 9.997320e-01 1.312028e+01
9.997989e-01 7.614368e-03 -1.855154e-02 3.157998e+00 -7.497401e-03 9.999516e-01 6.366432e-03 -1.441255e-01 1.859912e-02 -6.226070e-03 9.998077e-01 1.314608e+01
9.997254e-01 -5.732503e-03 2.272267e-02 2.936475e+00 5.884488e-03 9.999607e-01 -6.627490e-03 -1.405100e-01 -2.268378e-02 6.759387e-03 9.997197e-01 1.321594e+01
9.998171e-01 7.495216e-03 -1.759255e-02 2.675329e+00 -7.389436e-03 9.999543e-01 6.070106e-03 -1.362781e-01 1.763724e-02 -5.939003e-03 9.998269e-01 1.330425e+01
9.997362e-01 -5.672316e-03 2.225735e-02 2.395724e+00 5.819734e-03 9.999615e-01 -6.564185e-03 -1.316690e-01 -2.221926e-02 6.691991e-03 9.997306e-01 1.337345e+01
9.998137e-01 7.502458e-03 -1.778600e-02 2.138915e+00 -7.395202e-03 9.999541e-01 6.088457e-03 -1.275828e-01 1.783086e-02 -5.955798e-03 9.998234e-01 1.344555e+01
9.997534e-01 -5.612951e-03 2.148479e-02 1.930832e+00 5.748217e-03 9.999640e-01 -6.239298e-03 -1.243338e-01 -2.144899e-02 6.361265e-03 9.997496e-01 1.350257e+01
9.998127e-01 7.428593e-03 -1.787233e-02 1.730592e+00 -7.322131e-03 9.999551e-01 6.014868e-03 -1.213284e-01 1.791621e-02 -5.882884e-03 9.998223e-01 1.357445e+01
9.997418e-01 -5.643010e-03 2.201190e-02 1.511891e+00 5.782292e-03 9.999636e-01 -6.269094e-03 -1.180081e-01 -2.197572e-02 6.394761e-03 9.997380e-01 1.365779e+01
9.998175e-01 7.444055e-03 -1.759291e-02 1.262636e+00 -7.342108e-03 9.999559e-01 5.852313e-03 -1.139383e-01 1.763569e-02 -5.722082e-03 9.998282e-01 1.375472e+01
9.997337e-01 -5.705325e-03 2.235896e-02 1.006202e+00 5.847213e-03 9.999631e-01 -6.285676e-03 -1.100603e-01 -2.232227e-02 6.414746e-03 9.997301e-01 1.384792e+01
9.998083e-01 7.613922e-03 -1.804011e-02 7.969014e-01 -7.505968e-03 9.999536e-01 6.044294e-03 -1.068648e-01 1.808529e-02 -5.907733e-03 9.998191e-01 1.391121e+01
9.997292e-01 -5.803405e-03 2.253721e-02 5.754421e-01 5.946830e-03 9.999625e-01 -6.302105e-03 -1.034883e-01 -2.249978e-02 6.434429e-03 9.997260e-01 1.398124e+01
9.998105e-01 7.621389e-03 -1.791205e-02 3.515492e-01 -7.516238e-03 9.999542e-01 5.930406e-03 -9.991689e-02 1.795642e-02 -5.794657e-03 9.998221e-01 1.405994e+01
9.997464e-01 -5.862037e-03 2.174498e-02 1.794348e-01 5.990251e-03 9.999650e-01 -5.835812e-03 -9.785084e-02 -2.171001e-02 5.964595e-03 9.997464e-01 1.415494e+01
9.998099e-01 7.628037e-03 -1.794278e-02 1.172119e-01 -7.519827e-03 9.999532e-01 6.090625e-03 -9.802226e-02 1.798839e-02 -5.954546e-03 9.998206e-01 1.422887e+01
9.997516e-01 -5.882172e-03 2.149656e-02 4.112087e-02 6.006351e-03 9.999656e-01 -5.716726e-03 -9.801570e-02 -2.146219e-02 5.844427e-03 9.997525e-01 1.432558e+01
9.998088e-01 7.453472e-03 -1.807730e-02 3.729488e-02 -7.344162e-03 9.999544e-01 6.105711e-03 -9.931874e-02 1.812198e-02 -5.971787e-03 9.998180e-01 1.441134e+01
9.997716e-01 -5.798512e-03 2.056796e-02 7.836365e-02 5.913918e-03 9.999671e-01 -5.554563e-03 -1.012320e-01 -2.053507e-02 5.674938e-03 9.997729e-01 1.444529e+01
9.998352e-01 7.554824e-03 -1.650748e-02 2.974957e-02 -7.460559e-03 9.999556e-01 5.764532e-03 -1.016508e-01 1.655029e-02 -5.640433e-03 9.998472e-01 1.451238e+01
9.997734e-01 -5.673237e-03 2.051884e-02 -9.637739e-02 5.789023e-03 9.999676e-01 -5.587953e-03 -1.004407e-01 -2.048646e-02 5.705477e-03 9.997738e-01 1.459544e+01
9.998372e-01 7.540711e-03 -1.639475e-02 -2.140954e-01 -7.447483e-03 9.999558e-01 5.740122e-03 -9.943481e-02 1.643730e-02 -5.617094e-03 9.998492e-01 1.468991e+01
9.997764e-01 -5.713000e-03 2.035740e-02 -3.102364e-01 5.826113e-03 9.999679e-01 -5.501363e-03 -9.884822e-02 -2.032531e-02 5.618743e-03 9.997775e-01 1.477366e+01
9.998382e-01 7.562777e-03 -1.632398e-02 -4.073789e-01 -7.471705e-03 9.999562e-01 5.632787e-03 -9.815504e-02 1.636585e-02 -5.509913e-03 9.998510e-01 1.486823e+01
9.997810e-01 -5.850231e-03 2.009258e-02 -5.361808e-01 5.962407e-03 9.999669e-01 -5.527573e-03 -9.683153e-02 -2.005957e-02 5.646169e-03 9.997827e-01 1.497597e+01
9.998432e-01 7.672408e-03 -1.596013e-02 -7.202283e-01 -7.587439e-03 9.999568e-01 5.377591e-03 -9.436408e-02 1.600069e-02 -5.255658e-03 9.998583e-01 1.506410e+01
9.997955e-01 -5.816125e-03 1.936684e-02 -8.696347e-01 5.917080e-03 9.999692e-01 -5.159589e-03 -9.284439e-02 -1.933623e-02 5.273135e-03 9.997990e-01 1.516235e+01
9.998353e-01 7.639073e-03 -1.646391e-02 -9.275972e-01 -7.548801e-03 9.999562e-01 5.538189e-03 -9.311946e-02 1.650549e-02 -5.413000e-03 9.998492e-01 1.524094e+01
9.997883e-01 -5.858093e-03 1.972479e-02 -9.539717e-01 5.957357e-03 9.999699e-01 -4.977461e-03 -9.446083e-02 -1.969503e-02 5.093921e-03 9.997930e-01 1.535235e+01
9.998350e-01 7.531195e-03 -1.652870e-02 -9.731136e-01 -7.443631e-03 9.999580e-01 5.352814e-03 -9.566091e-02 1.656831e-02 -5.228904e-03 9.998492e-01 1.547171e+01
9.997740e-01 -5.824356e-03 2.044751e-02 -1.076680e+00 5.931456e-03 9.999690e-01 -5.181075e-03 -9.494861e-02 -2.041669e-02 5.301194e-03 9.997774e-01 1.557793e+01
9.998120e-01 7.442654e-03 -1.790380e-02 -1.113655e+00 -7.343720e-03 9.999574e-01 5.585266e-03 -9.579134e-02 1.794459e-02 -5.452742e-03 9.998242e-01 1.567146e+01
9.997323e-01 -5.616047e-03 2.244498e-02 -1.167733e+00 5.736794e-03 9.999694e-01 -5.318928e-03 -9.577184e-02 -2.241441e-02 5.446273e-03 9.997338e-01 1.574715e+01
9.998073e-01 7.430671e-03 -1.817268e-02 -1.323348e+00 -7.335028e-03 9.999589e-01 5.324027e-03 -9.370955e-02 1.821149e-02 -5.189710e-03 9.998208e-01 1.583477e+01
9.997310e-01 -5.703758e-03 2.247888e-02 -1.419340e+00 5.821463e-03 9.999697e-01 -5.174297e-03 -9.293911e-02 -2.244868e-02 5.303772e-03 9.997338e-01 1.591485e+01
9.998019e-01 7.490364e-03 -1.843812e-02 -1.530974e+00 -7.394475e-03 9.999588e-01 5.263262e-03 -9.187518e-02 1.847678e-02 -5.125885e-03 9.998162e-01 1.599348e+01
9.997244e-01 -5.755980e-03 2.275894e-02 -1.627773e+00 5.873876e-03 9.999697e-01 -5.116743e-03 -9.104481e-02 -2.272879e-02 5.249023e-03 9.997278e-01 1.607250e+01
9.997919e-01 7.523927e-03 -1.896327e-02 -1.725346e+00 -7.425751e-03 9.999587e-01 5.242233e-03 -9.023378e-02 1.900192e-02 -5.100332e-03 9.998065e-01 1.615859e+01
9.997176e-01 -5.704021e-03 2.306838e-02 -1.867298e+00 5.824842e-03 9.999697e-01 -5.173696e-03 -8.870058e-02 -2.303815e-02 5.306611e-03 9.997204e-01 1.625457e+01
9.997899e-01 7.537442e-03 -1.905906e-02 -1.984266e+00 -7.437574e-03 9.999583e-01 5.305381e-03 -8.747879e-02 1.909824e-02 -5.162520e-03 9.998044e-01 1.633689e+01
9.997121e-01 -5.736023e-03 2.329626e-02 -2.098762e+00 5.855875e-03 9.999700e-01 -5.079757e-03 -8.648188e-02 -2.326641e-02 5.214721e-03 9.997156e-01 1.642681e+01
9.997916e-01 7.506895e-03 -1.898493e-02 -2.220784e+00 -7.411286e-03 9.999595e-01 5.101366e-03 -8.519339e-02 1.902244e-02 -4.959606e-03 9.998069e-01 1.651333e+01
9.996926e-01 -5.797795e-03 2.410694e-02 -2.444660e+00 5.931937e-03 9.999673e-01 -5.496675e-03 -8.138814e-02 -2.407427e-02 5.637992e-03 9.996942e-01 1.659377e+01
9.997775e-01 7.620097e-03 -1.967143e-02 -2.666405e+00 -7.516383e-03 9.999575e-01 5.340875e-03 -7.823572e-02 1.971127e-02 -5.191835e-03 9.997923e-01 1.669704e+01
9.997065e-01 -5.830977e-03 2.351360e-02 -2.779405e+00 5.954034e-03 9.999689e-01 -5.166839e-03 -7.714696e-02 -2.348272e-02 5.305330e-03 9.997101e-01 1.678324e+01
9.997689e-01 7.670220e-03 -2.008127e-02 -2.833658e+00 -7.558702e-03 9.999556e-01 5.623336e-03 -7.761086e-02 2.012350e-02 -5.470255e-03 9.997826e-01 1.689212e+01
9.996900e-01 -5.983610e-03 2.416945e-02 -2.888082e+00 6.112715e-03 9.999674e-01 -5.271305e-03 -7.800841e-02 -2.413710e-02 5.417418e-03 9.996939e-01 1.700351e+01
9.997434e-01 7.690325e-03 -2.130751e-02 -2.936103e+00 -7.569689e-03 9.999549e-01 5.736512e-03 -7.854271e-02 2.135065e-02 -5.573755e-03 9.997566e-01 1.711535e+01
9.996584e-01 -6.069609e-03 2.541934e-02 -2.956257e+00 6.207935e-03 9.999663e-01 -5.366422e-03 -7.953789e-02 -2.538589e-02 5.522397e-03 9.996624e-01 1.720070e+01
9.997302e-01 7.826198e-03 -2.187156e-02 -3.032589e+00 -7.704496e-03 9.999544e-01 5.643107e-03 -7.946526e-02 2.191471e-02 -5.473082e-03 9.997450e-01 1.729259e+01
9.996896e-01 -6.222841e-03 2.412450e-02 -2.958698e+00 6.345839e-03 9.999672e-01 -5.025290e-03 -8.182730e-02 -2.409243e-02 5.176827e-03 9.996962e-01 1.731711e+01
9.997551e-01 7.927566e-03 -2.066155e-02 -2.987037e+00 -7.816003e-03 9.999545e-01 5.474696e-03 -8.274958e-02 2.070399e-02 -5.311871e-03 9.997716e-01 1.741093e+01
9.997102e-01 -6.500168e-03 2.317748e-02 -2.988052e+00 6.617568e-03 9.999656e-01 -4.992198e-03 -8.418583e-02 -2.314421e-02 5.144136e-03 9.997188e-01 1.750883e+01
9.997801e-01 8.122215e-03 -1.933207e-02 -3.021150e+00 -8.021322e-03 9.999538e-01 5.290721e-03 -8.487112e-02 1.937414e-02 -5.134496e-03 9.997992e-01 1.760601e+01
9.996919e-01 -6.360555e-03 2.399272e-02 -3.162901e+00 6.487474e-03 9.999654e-01 -5.215825e-03 -8.330015e-02 -2.395870e-02 5.369876e-03 9.996984e-01 1.770678e+01
9.997680e-01 8.124391e-03 -1.994964e-02 -3.306765e+00 -8.019785e-03 9.999537e-01 5.317858e-03 -8.169558e-02 1.999191e-02 -5.156639e-03 9.997869e-01 1.781140e+01
9.997048e-01 -6.358145e-03 2.344812e-02 -3.398383e+00 6.476901e-03 9.999666e-01 -4.992195e-03 -8.112194e-02 -2.341557e-02 5.142599e-03 9.997125e-01 1.788996e+01
9.997203e-01 8.194648e-03 -2.218669e-02 -3.349994e+00 -8.068877e-03 9.999509e-01 5.752349e-03 -8.307766e-02 2.223272e-02 -5.571725e-03 9.997374e-01 1.792751e+01
9.997295e-01 -6.398342e-03 2.235945e-02 -3.227017e+00 6.508787e-03 9.999670e-01 -4.870293e-03 -8.615683e-02 -2.232753e-02 5.014515e-03 9.997380e-01 1.793910e+01
9.997218e-01 7.858839e-03 -2.223718e-02 -3.070643e+00 -7.738214e-03 9.999549e-01 5.505329e-03 -8.939336e-02 2.227942e-02 -5.331729e-03 9.997377e-01 1.793550e+01
9.997699e-01 -6.241887e-03 2.052272e-02 -2.888222e+00 6.339484e-03 9.999689e-01 -4.693988e-03 -9.291172e-02 -2.049276e-02 4.823018e-03 9.997783e-01 1.789641e+01
9.997268e-01 8.049491e-03 -2.194576e-02 -2.695597e+00 -7.926982e-03 9.999525e-01 5.663641e-03 -9.651250e-02 2.199028e-02 -5.488137e-03 9.997432e-01 1.784997e+01
9.996480e-01 -6.498832e-03 2.572134e-02 -2.688740e+00 6.637528e-03 9.999639e-01 -5.310576e-03 -9.771105e-02 -2.568588e-02 5.479440e-03 9.996549e-01 1.793080e+01
9.997042e-01 7.844550e-03 -2.302309e-02 -2.722823e+00 -7.723053e-03 9.999558e-01 5.361341e-03 -9.843714e-02 2.306411e-02 -5.181953e-03 9.997207e-01 1.803704e+01
9.996340e-01 -6.458723e-03 2.627012e-02 -2.774563e+00 6.599068e-03 9.999644e-01 -5.259244e-03 -9.894722e-02 -2.623520e-02 5.430684e-03 9.996409e-01 1.815212e+01
9.996974e-01 8.123128e-03 -2.322082e-02 -2.850719e+00 -8.001119e-03 9.999537e-01 5.342346e-03 -9.894170e-02 2.326312e-02 -5.154944e-03 9.997162e-01 1.825990e+01
9.996335e-01 -6.473927e-03 2.628481e-02 -2.949207e+00 6.615449e-03 9.999641e-01 -5.300816e-03 -9.830620e-02 -2.624952e-02 5.472766e-03 9.996403e-01 1.833808e+01
9.997016e-01 8.162645e-03 -2.302434e-02 -3.051872e+00 -8.039903e-03 9.999530e-01 5.418462e-03 -9.785287e-02 2.306747e-02 -5.231739e-03 9.997203e-01 1.842272e+01
9.997221e-01 -6.110957e-03 2.276658e-02 -2.962679e+00 6.212353e-03 9.999711e-01 -4.385664e-03 -1.004047e-01 -2.273910e-02 4.525886e-03 9.997311e-01 1.842242e+01
9.995813e-01 9.241061e-03 -2.742056e-02 -2.594066e+00 -9.053632e-03 9.999349e-01 6.951610e-03 -1.048800e-01 2.748299e-02 -6.700451e-03 9.995999e-01 1.824448e+01
9.996797e-01 -6.823971e-03 2.436953e-02 -2.268623e+00 6.945450e-03 9.999639e-01 -4.903729e-03 -1.095885e-01 -2.433517e-02 5.071424e-03 9.996909e-01 1.813167e+01
9.995588e-01 9.652008e-03 -2.809110e-02 -1.983098e+00 -9.460733e-03 9.999312e-01 6.934032e-03 -1.137423e-01 2.815607e-02 -6.665218e-03 9.995814e-01 1.800254e+01
9.997744e-01 -5.792796e-03 2.043343e-02 -1.559654e+00 5.868715e-03 9.999761e-01 -3.657443e-03 -1.181375e-01 -2.041174e-02 3.776544e-03 9.997844e-01 1.774711e+01
9.995889e-01 9.405581e-03 -2.708426e-02 -1.135442e+00 -9.227286e-03 9.999350e-01 6.700391e-03 -1.222496e-01 2.714550e-02 -6.447730e-03 9.996108e-01 1.749578e+01
9.997996e-01 -4.729210e-03 1.945088e-02 -7.364206e-01 4.783013e-03 9.999849e-01 -2.720539e-03 -1.258890e-01 -1.943771e-02 2.813036e-03 9.998070e-01 1.720582e+01
9.996631e-01 7.994968e-03 -2.469327e-02 -3.554363e-01 -7.863428e-03 9.999544e-01 5.419428e-03 -1.299640e-01 2.473545e-02 -5.223438e-03 9.996805e-01 1.700102e+01
9.997841e-01 -4.413766e-03 2.030552e-02 -6.294231e-02 4.468604e-03 9.999865e-01 -2.656091e-03 -1.335195e-01 -2.029350e-02 2.746264e-03 9.997902e-01 1.682596e+01
9.995715e-01 9.352732e-03 -2.773735e-02 3.354645e-01 -9.168582e-03 9.999351e-01 6.758789e-03 -1.369027e-01 2.779875e-02 -6.501591e-03 9.995925e-01 1.652077e+01
