9.999719e-01 -5.256182e-04 -7.480930e-03 7.758275e-02 5.207836e-04 9.999997e-01 -6.481816e-04 -6.109795e-03 7.481268e-03 6.442667e-04 9.999718e-01 6.086484e-02
9.999997e-01 3.078978e-04 6.519490e-04 1.406559e-01 -3.077987e-04 9.999999e-01 -1.520267e-04 -1.273526e-02 -6.519955e-04 1.518267e-04 9.999998e-01 1.349987e-01
9.999787e-01 9.418846e-04 -6.452882e-03 2.550324e-01 -9.514897e-04 9.999984e-01 -1.485596e-03 -1.710411e-02 6.451473e-03 1.491704e-03 9.999781e-01 6.689178e-02
9.999985e-01 -1.072182e-03 1.395792e-03 3.659110e-01 1.071114e-03 9.999991e-01 7.654578e-04 -1.868825e-02 -1.396611e-03 -7.639608e-04 9.999987e-01 5.853795e-03
9.999876e-01 3.056802e-03 -3.944029e-03 7.083008e-01 -3.066674e-03 9.999922e-01 -2.499421e-03 -1.820987e-02 3.936358e-03 2.511484e-03 9.999891e-01 -3.395693e-01
9.999831e-01 -1.490936e-03 5.612705e-03 1.075477e+00 1.494353e-03 9.999987e-01 -6.045608e-04 -9.769527e-03 -5.611796e-03 6.129387e-04 9.999841e-01 -7.518122e-01
9.999457e-01 3.235089e-03 -9.902777e-03 1.318002e+00 -3.245341e-03 9.999942e-01 -1.019368e-03 -5.661587e-03 9.899421e-03 1.051449e-03 9.999504e-01 -1.055037e+00
9.999444e-01 -1.825391e-03 1.038164e-02 1.607632e+00 1.832450e-03 9.999981e-01 -6.704978e-04 -3.064154e-03 -1.038039e-02 6.894850e-04 9.999459e-01 -1.362370e+00
9.999189e-01 3.063800e-03 -1.236412e-02 1.834126e+00 -3.074269e-03 9.999949e-01 -8.278102e-04 -2.581924e-03 1.236152e-02 8.657529e-04 9.999232e-01 -1.605073e+00
9.999547e-01 -4.293211e-03 8.498160e-03 1.832421e+00 4.290278e-03 9.999907e-01 3.632841e-04 -1.146998e-02 -8.499641e-03 -3.268074e-04 9.999638e-01 -1.356165e+00
9.998147e-01 3.156451e-03 -1.898701e-02 1.792104e+00 -3.194937e-03 9.999929e-01 -1.996992e-03 -2.168909e-02 1.898057e-02 2.057284e-03 9.998177e-01 -9.175070e-01
9.999187e-01 -3.007435e-03 1.239336e-02 1.855971e+00 2.994398e-03 9.999949e-01 1.070400e-03 -2.703879e-02 -1.239652e-02 -1.033202e-03 9.999226e-01 -8.575570e-01
9.998007e-01 2.663409e-03 -1.978526e-02 1.898754e+00 -2.701005e-03 9.999946e-01 -1.873724e-03 -3.356651e-02 1.978016e-02 1.926790e-03 9.998025e-01 -7.170110e-01
9.998928e-01 -2.771362e-03 1.437826e-02 1.951072e+00 2.758479e-03 9.999958e-01 9.157863e-04 -3.940671e-02 -1.438074e-02 -8.760253e-04 9.998962e-01 -5.655999e-01
9.997444e-01 4.534710e-03 -2.215024e-02 2.160527e+00 -4.573861e-03 9.999881e-01 -1.717142e-03 -4.674253e-02 2.214219e-02 1.818015e-03 9.997532e-01 -6.396023e-01
9.996525e-01 -1.070749e-03 2.633727e-02 2.756009e+00 1.094520e-03 9.999990e-01 -8.881577e-04 -3.810341e-02 -2.633629e-02 9.166765e-04 9.996527e-01 -1.241388e+00
9.997176e-01 1.949969e-03 -2.368274e-02 3.085192e+00 -1.972035e-03 9.999976e-01 -9.084339e-04 -3.301184e-02 2.368091e-02 9.548799e-04 9.997191e-01 -1.575556e+00
9.998303e-01 -1.867203e-03 1.832604e-02 3.147315e+00 1.863246e-03 9.999982e-01 2.330059e-04 -3.718027e-02 -1.832644e-02 -1.988197e-04 9.998320e-01 -1.558219e+00
9.997929e-01 3.590926e-03 -2.003063e-02 3.450262e+00 -3.625834e-03 9.999920e-01 -1.706689e-03 -3.649473e-02 2.002434e-02 1.778962e-03 9.997979e-01 -1.852430e+00
9.997500e-01 -3.156367e-03 2.213375e-02 3.754225e+00 3.142242e-03 9.999948e-01 6.729264e-04 -3.281881e-02 -2.213576e-02 -6.032079e-04 9.997548e-01 -2.137170e+00
9.996926e-01 3.309954e-03 -2.457324e-02 3.824438e+00 -3.360052e-03 9.999924e-01 -1.997721e-03 -3.341075e-02 2.456644e-02 2.079673e-03 9.996960e-01 -2.105861e+00
9.998577e-01 -3.153355e-03 1.657487e-02 3.819566e+00 3.134615e-03 9.999944e-01 1.156482e-03 -4.010891e-02 -1.657842e-02 -1.104361e-03 9.998620e-01 -1.895446e+00
9.996854e-01 3.023917e-03 -2.489759e-02 3.816847e+00 -3.078330e-03 9.999930e-01 -2.147430e-03 -4.878090e-02 2.489092e-02 2.223397e-03 9.996877e-01 -1.582125e+00
9.998649e-01 -3.133077e-03 1.613611e-02 3.771548e+00 3.122178e-03 9.999949e-01 7.005388e-04 -5.539568e-02 -1.613823e-02 -6.500636e-04 9.998696e-01 -1.180161e+00
9.997269e-01 3.861727e-03 -2.304597e-02 3.835295e+00 -3.892066e-03 9.999916e-01 -1.271749e-03 -5.980921e-02 2.304086e-02 1.361097e-03 9.997336e-01 -1.142603e+00
9.998428e-01 -3.608061e-03 1.736238e-02 3.897992e+00 3.597017e-03 9.999933e-01 6.672873e-04 -6.351508e-02 -1.736467e-02 -6.047289e-04 9.998490e-01 -1.150832e+00
9.997169e-01 4.093955e-03 -2.343856e-02 3.940962e+00 -4.141148e-03 9.999895e-01 -1.965282e-03 -6.728497e-02 2.343026e-02 2.061788e-03 9.997233e-01 -1.116484e+00
9.998235e-01 -3.590614e-03 1.843873e-02 4.070360e+00 3.572182e-03 9.999931e-01 1.032458e-03 -7.042759e-02 -1.844231e-02 -9.664082e-04 9.998295e-01 -1.175726e+00
9.996424e-01 3.364959e-03 -2.653011e-02 4.107552e+00 -3.406383e-03 9.999930e-01 -1.516342e-03 -7.739891e-02 2.652482e-02 1.606171e-03 9.996469e-01 -9.996445e-01
9.998443e-01 -3.581861e-03 1.727980e-02 4.023002e+00 3.588814e-03 9.999935e-01 -3.713703e-04 -8.419772e-02 -1.727835e-02 4.333272e-04 9.998506e-01 -4.417501e-01
9.996570e-01 3.485256e-03 -2.595726e-02 3.899019e+00 -3.523227e-03 9.999928e-01 -1.417243e-03 -8.819224e-02 2.595214e-02 1.508209e-03 9.996620e-01 1.751597e-01
9.998467e-01 -3.667361e-03 1.711813e-02 3.774078e+00 3.678612e-03 9.999930e-01 -6.258064e-04 -9.323636e-02 -1.711572e-02 6.886821e-04 9.998533e-01 8.465319e-01
9.996513e-01 3.928963e-03 -2.611237e-02 3.758419e+00 -3.952296e-03 9.999918e-01 -8.419782e-04 -9.900631e-02 2.610885e-02 9.448877e-04 9.996587e-01 1.074832e+00
9.997971e-01 -4.447607e-03 1.964600e-02 3.810023e+00 4.445061e-03 9.999901e-01 1.732392e-04 -1.047729e-01 -1.964658e-02 -8.587567e-05 9.998070e-01 1.146626e+00
9.995934e-01 3.818375e-03 -2.825603e-02 3.802224e+00 -3.869678e-03 9.999910e-01 -1.761177e-03 -1.152976e-01 2.824905e-02 1.869802e-03 9.995992e-01 1.525752e+00
9.997916e-01 -4.475308e-03 1.991590e-02 3.775576e+00 4.478927e-03 9.999900e-01 -1.371031e-04 -1.259712e-01 -1.991509e-02 2.262771e-04 9.998016e-01 2.015489e+00
9.995507e-01 3.676990e-03 -2.974719e-02 3.745521e+00 -3.731785e-03 9.999914e-01 -1.786696e-03 -1.368093e-01 2.974036e-02 1.896903e-03 9.995559e-01 2.484716e+00
9.997847e-01 -3.033151e-03 2.052840e-02 3.847549e+00 3.013162e-03 9.999950e-01 1.004569e-03 -1.438923e-01 -2.053134e-02 -9.424971e-04 9.997888e-01 2.508128e+00
9.997092e-01 2.861836e-03 -2.394587e-02 3.973727e+00 -2.912731e-03 9.999936e-01 -2.090817e-03 -1.459160e-01 2.393973e-02 2.159956e-03 9.997111e-01 2.441951e+00
9.998877e-01 -2.756006e-03 1.473146e-02 4.015875e+00 2.741930e-03 9.999958e-01 9.756110e-04 -1.530551e-01 -1.473408e-02 -9.351081e-04 9.998910e-01 2.546173e+00
9.998334e-01 4.373205e-03 -1.771867e-02 4.315703e+00 -4.414599e-03 9.999876e-01 -2.297706e-03 -1.537914e-01 1.770840e-02 2.375544e-03 9.998404e-01 2.276650e+00
9.998974e-01 -3.609578e-03 1.386061e-02 4.560515e+00 3.599892e-03 9.999933e-01 7.237107e-04 -1.540779e-01 -1.386313e-02 -6.737390e-04 9.999037e-01 2.102176e+00
9.997857e-01 3.704443e-03 -2.036512e-02 4.677930e+00 -3.738176e-03 9.999917e-01 -1.618589e-03 -1.591911e-01 2.035896e-02 1.694370e-03 9.997913e-01 2.112120e+00
9.998214e-01 -4.062029e-04 1.889581e-02 5.134184e+00 4.087916e-04 9.999999e-01 -1.331282e-04 -1.582095e-01 -1.889575e-02 1.408296e-04 9.998214e-01 1.677570e+00
9.998500e-01 1.263638e-03 -1.727651e-02 5.456960e+00 -1.300715e-03 9.999969e-01 -2.135027e-03 -1.540881e-01 1.727376e-02 2.157178e-03 9.998485e-01 1.406195e+00
9.999641e-01 -1.882218e-03 8.265755e-03 5.472646e+00 1.880623e-03 9.999982e-01 2.007032e-04 -1.656118e-01 -8.266117e-03 -1.851505e-04 9.999658e-01 1.788435e+00
9.997631e-01 1.662074e-03 -2.170372e-02 5.483264e+00 -1.706547e-03 9.999965e-01 -2.030721e-03 -1.792266e-01 2.170027e-02 2.067278e-03 9.997624e-01 2.460217e+00
9.999431e-01 -1.983274e-03 1.047994e-02 5.351483e+00 1.991807e-03 9.999977e-01 -8.037979e-04 -1.842227e-01 -1.047832e-02 8.246269e-04 9.999448e-01 3.315296e+00
9.997828e-01 1.231542e-03 -2.080519e-02 5.200385e+00 -1.247013e-03 9.999990e-01 -7.306262e-04 -1.894618e-01 2.080426e-02 7.564112e-04 9.997833e-01 3.935925e+00
9.999256e-01 -1.439841e-03 1.211613e-02 5.109057e+00 1.451936e-03 9.999985e-01 -9.894913e-04 -1.948458e-01 -1.211469e-02 1.007010e-03 9.999261e-01 4.441552e+00
9.997744e-01 9.597268e-04 -2.121968e-02 5.008156e+00 -9.820930e-04 9.999990e-01 -1.043627e-03 -2.008859e-01 2.121866e-02 1.064231e-03 9.997743e-01 5.013857e+00
9.999210e-01 -1.387070e-03 1.249587e-02 4.925084e+00 1.398324e-03 9.999986e-01 -8.919102e-04 -2.077095e-01 -1.249462e-02 9.093137e-04 9.999215e-01 5.522317e+00
9.997658e-01 8.235713e-04 -2.162570e-02 4.862096e+00 -8.462337e-04 9.999991e-01 -1.038801e-03 -2.165169e-01 2.162482e-02 1.056857e-03 9.997656e-01 6.014913e+00
9.999161e-01 -1.301045e-03 1.288894e-02 4.837268e+00 1.309452e-03 9.999989e-01 -6.438645e-04 -2.264639e-01 -1.288809e-02 6.606886e-04 9.999167e-01 6.394293e+00
9.997765e-01 8.084367e-04 -2.112405e-02 4.801950e+00 -8.268765e-04 9.999993e-01 -8.642028e-04 -2.352601e-01 2.112334e-02 8.814759e-04 9.997765e-01 6.768698e+00
9.999128e-01 -1.197181e-03 1.315370e-02 4.764722e+00 1.205743e-03 9.999991e-01 -6.429671e-04 -2.434112e-01 -1.315292e-02 6.587717e-04 9.999133e-01 7.111017e+00
9.997807e-01 8.249910e-04 -2.092437e-02 4.742191e+00 -8.384324e-04 9.999994e-01 -6.336120e-04 -2.518402e-01 2.092383e-02 6.510161e-04 9.997809e-01 7.395859e+00
9.999174e-01 -1.171727e-03 1.280302e-02 4.711335e+00 1.182199e-03 9.999990e-01 -8.104366e-04 -2.602559e-01 -1.280206e-02 8.255060e-04 9.999177e-01 7.714980e+00
9.997030e-01 4.861804e-04 -2.436641e-02 4.768462e+00 -5.151521e-04 9.999992e-01 -1.182735e-03 -2.739516e-01 2.436581e-02 1.194935e-03 9.997024e-01 8.268827e+00
9.999506e-01 -8.070855e-04 9.904257e-03 4.817807e+00 8.243090e-04 9.999982e-01 -1.735027e-03 -2.900027e-01 -9.902838e-03 1.743106e-03 9.999494e-01 9.010976e+00
9.998406e-01 9.869677e-04 -1.782674e-02 4.872946e+00 -1.011783e-03 9.999985e-01 -1.383035e-03 -2.935190e-01 1.782535e-02 1.400850e-03 9.998401e-01 9.354541e+00
9.999402e-01 -1.225017e-03 1.086483e-02 4.897582e+00 1.220321e-03 9.999992e-01 4.388871e-04 -3.009501e-01 -1.086536e-02 -4.256016e-04 9.999409e-01 9.444166e+00
9.998355e-01 8.272927e-04 -1.811986e-02 4.937154e+00 -8.450481e-04 9.999992e-01 -9.722404e-04 -3.079843e-01 1.811904e-02 9.873919e-04 9.998353e-01 9.535771e+00
9.999536e-01 -1.252923e-03 9.553270e-03 4.930188e+00 1.254600e-03 9.999992e-01 -1.696067e-04 -3.171527e-01 -9.553050e-03 1.815851e-04 9.999544e-01 9.810653e+00
9.997779e-01 4.240590e-05 -2.107520e-02 4.998037e+00 -7.142502e-05 9.999991e-01 -1.376173e-03 -3.311057e-01 2.107512e-02 1.377372e-03 9.997769e-01 1.030237e+01
9.999546e-01 -1.333586e-03 9.431047e-03 5.044748e+00 1.352653e-03 9.999971e-01 -2.015659e-03 -3.472653e-01 -9.428331e-03 2.028326e-03 9.999535e-01 1.097940e+01
9.997846e-01 5.914961e-04 -2.074795e-02 5.077234e+00 -6.108445e-04 9.999994e-01 -9.262085e-04 -3.611929e-01 2.074739e-02 9.386820e-04 9.997843e-01 1.155299e+01
9.999681e-01 -1.333790e-03 7.877090e-03 5.180935e+00 1.344313e-03 9.999982e-01 -1.330805e-03 -3.744003e-01 -7.875300e-03 1.341352e-03 9.999681e-01 1.200272e+01
9.999195e-01 6.097675e-04 -1.267151e-02 5.355246e+00 -6.453011e-04 9.999959e-01 -2.800300e-03 -3.793990e-01 1.266975e-02 2.808251e-03 9.999158e-01 1.216532e+01
9.999951e-01 -7.515285e-04 3.024888e-03 5.396263e+00 7.473380e-04 9.999988e-01 1.386308e-03 -3.866995e-01 -3.025926e-03 -1.384040e-03 9.999945e-01 1.230052e+01
9.999269e-01 -2.204829e-04 -1.208882e-02 5.441660e+00 1.837375e-04 9.999954e-01 -3.040627e-03 -3.981802e-01 1.208944e-02 3.038183e-03 9.999223e-01 1.263586e+01
9.999995e-01 -5.934866e-04 8.173000e-04 5.362492e+00 5.931067e-04 9.999997e-01 4.652492e-04 -4.080797e-01 -8.175756e-04 -4.647636e-04 9.999996e-01 1.331741e+01
9.999332e-01 -1.898483e-04 -1.155320e-02 5.273300e+00 1.521297e-04 9.999947e-01 -3.265553e-03 -4.174034e-01 1.155375e-02 3.263577e-03 9.999279e-01 1.404264e+01
9.999991e-01 -7.899730e-04 -1.124692e-03 5.172971e+00 7.905875e-04 9.999995e-01 5.458225e-04 -4.277679e-01 1.124260e-03 -5.467104e-04 9.999992e-01 1.479757e+01
9.999646e-01 -2.315684e-04 -8.409603e-03 5.113202e+00 2.078675e-04 9.999960e-01 -2.819043e-03 -4.390187e-01 8.410222e-03 2.817194e-03 9.999607e-01 1.536691e+01
9.999955e-01 -3.928411e-04 -2.988750e-03 5.092744e+00 3.986333e-04 9.999980e-01 1.937585e-03 -4.482096e-01 2.987983e-03 -1.938767e-03 9.999937e-01 1.562614e+01
9.999795e-01 -6.556220e-05 -6.405347e-03 5.078482e+00 4.111577e-05 9.999927e-01 -3.816588e-03 -4.580011e-01 6.405550e-03 3.816245e-03 9.999722e-01 1.604376e+01
9.999880e-01 -9.166911e-04 -4.803281e-03 5.022412e+00 9.230027e-04 9.999987e-01 1.311912e-03 -4.699844e-01 4.802072e-03 -1.316329e-03 9.999876e-01 1.666819e+01
9.999858e-01 1.772262e-04 -5.329551e-03 4.976451e+00 -1.986025e-04 9.999919e-01 -4.010588e-03 -4.826919e-01 5.328797e-03 4.011589e-03 9.999778e-01 1.730606e+01
9.999761e-01 -1.257690e-03 -6.804475e-03 4.881255e+00 1.264561e-03 9.999987e-01 1.005620e-03 -4.953259e-01 6.803202e-03 -1.014200e-03 9.999763e-01 1.814061e+01
9.999925e-01 4.861215e-04 -3.849276e-03 4.825592e+00 -4.997715e-04 9.999936e-01 -3.545888e-03 -5.058660e-01 3.847528e-03 3.547784e-03 9.999863e-01 1.873480e+01
9.999799e-01 -1.218068e-03 -6.214347e-03 4.783695e+00 1.224424e-03 9.999987e-01 1.019200e-03 -5.176508e-01 6.213098e-03 -1.026788e-03 9.999802e-01 1.931871e+01
9.999886e-01 7.030098e-04 -4.726042e-03 4.665309e+00 -7.201924e-04 9.999931e-01 -3.634963e-03 -5.256538e-01 4.723454e-03 3.638324e-03 9.999822e-01 2.007262e+01
9.999801e-01 -1.466573e-03 -6.134297e-03 4.549025e+00 1.474570e-03 9.999981e-01 1.299257e-03 -5.335801e-01 6.132380e-03 -1.308276e-03 9.999803e-01 2.076561e+01
9.999929e-01 8.828813e-04 -3.668529e-03 4.479180e+00 -8.965880e-04 9.999926e-01 -3.736279e-03 -5.432297e-01 3.665203e-03 3.739541e-03 9.999863e-01 2.135753e+01
9.999736e-01 -1.584260e-03 -7.094322e-03 4.444820e+00 1.596336e-03 9.999973e-01 1.696739e-03 -5.533306e-01 7.091615e-03 -1.708018e-03 9.999734e-01 2.180057e+01
9.999974e-01 1.140984e-03 -1.975298e-03 4.444908e+00 -1.147492e-03 9.999939e-01 -3.297000e-03 -5.633634e-01 1.971523e-03 3.299258e-03 9.999926e-01 2.211123e+01
9.999692e-01 -1.619796e-03 -7.673133e-03 4.422902e+00 1.628489e-03 9.999980e-01 1.126812e-03 -5.736582e-01 7.671293e-03 -1.139272e-03 9.999699e-01 2.256073e+01
9.999980e-01 1.233886e-03 -1.564387e-03 4.395079e+00 -1.238690e-03 9.999945e-01 -3.073045e-03 -5.828142e-01 1.560587e-03 3.074976e-03 9.999941e-01 2.297008e+01
9.999650e-01 -1.770182e-03 -8.171685e-03 4.333273e+00 1.777740e-03 9.999980e-01 9.176646e-04 -5.922419e-01 8.170044e-03 -9.321590e-04 9.999662e-01 2.351137e+01
9.999965e-01 1.157150e-03 -2.366763e-03 4.269308e+00 -1.164729e-03 9.999942e-01 -3.203267e-03 -6.021573e-01 2.363042e-03 3.206012e-03 9.999921e-01 2.410490e+01
9.999694e-01 -1.654766e-03 -7.642854e-03 4.261223e+00 1.663995e-03 9.999979e-01 1.201320e-03 -6.112584e-01 7.640851e-03 -1.214000e-03 9.999701e-01 2.443808e+01
9.999992e-01 1.243701e-03 -3.032341e-04 4.308183e+00 -1.244426e-03 9.999963e-01 -2.401871e-03 -6.186199e-01 3.002456e-04 2.402245e-03 9.999971e-01 2.453810e+01
9.999602e-01 -1.614803e-03 -8.775907e-03 4.322351e+00 1.629066e-03 9.999974e-01 1.618262e-03 -6.263508e-01 8.773271e-03 -1.632493e-03 9.999602e-01 2.468683e+01
9.999989e-01 1.453489e-03 -3.092922e-04 4.338489e+00 -1.454270e-03 9.999957e-01 -2.538448e-03 -6.333828e-01 3.056011e-04 2.538895e-03 9.999967e-01 2.483737e+01
9.999570e-01 -1.899637e-03 -9.080470e-03 4.321567e+00 1.909402e-03 9.999976e-01 1.066846e-03 -6.428221e-01 9.078422e-03 -1.084137e-03 9.999582e-01 2.517014e+01
9.999983e-01 1.705449e-03 7.208323e-04 4.320954e+00 -1.703833e-03 9.999960e-01 -2.236266e-03 -6.515159e-01 -7.246435e-04 2.235034e-03 9.999972e-01 2.541079e+01
9.999504e-01 -1.840962e-03 -9.792656e-03 4.330042e+00 1.852371e-03 9.999976e-01 1.156080e-03 -6.598502e-01 9.790504e-03 -1.174162e-03 9.999514e-01 2.561327e+01
9.999982e-01 1.529133e-03 1.086404e-03 4.357743e+00 -1.527243e-03 9.999973e-01 -1.738386e-03 -6.686756e-01 -1.089060e-03 1.736723e-03 9.999979e-01 2.584007e+01
9.999567e-01 -1.191197e-03 -9.225690e-03 4.414729e+00 1.191034e-03 9.999993e-01 -2.318478e-05 -6.749167e-01 9.225712e-03 1.219629e-05 9.999574e-01 2.597341e+01
9.999910e-01 7.182313e-04 4.171929e-03 4.492129e+00 -7.140869e-04 9.999993e-01 -9.948722e-04 -6.792759e-01 -4.172641e-03 9.918835e-04 9.999908e-01 2.598822e+01
9.999112e-01 -5.425450e-04 -1.331648e-02 4.545677e+00 5.446964e-04 9.999998e-01 1.579127e-04 -6.861996e-01 1.331639e-02 -1.651515e-04 9.999113e-01 2.606152e+01
9.999561e-01 1.667049e-03 9.223622e-03 4.759550e+00 -1.654727e-03 9.999977e-01 -1.343500e-03 -6.874181e-01 -9.225841e-03 1.328178e-03 9.999566e-01 2.586960e+01
9.999468e-01 1.589746e-04 -1.031499e-02 4.961981e+00 -1.676322e-04 9.999996e-01 -8.384904e-04 -6.879511e-01 1.031485e-02 8.401756e-04 9.999464e-01 2.562939e+01
9.999919e-01 2.033952e-04 4.019934e-03 4.947118e+00 -2.101901e-04 9.999986e-01 1.689869e-03 -6.916246e-01 -4.019584e-03 -1.690701e-03 9.999905e-01 2.578431e+01
9.998865e-01 -1.033837e-03 -1.503263e-02 4.882211e+00 9.860157e-04 9.999944e-01 -3.188234e-03 -7.020609e-01 1.503584e-02 3.173050e-03 9.998819e-01 2.629379e+01
9.999501e-01 2.220096e-03 9.742042e-03 5.027815e+00 -2.235144e-03 9.999963e-01 1.533964e-03 -7.058304e-01 -9.738601e-03 -1.555663e-03 9.999514e-01 2.621451e+01
9.999412e-01 -1.048730e-03 -1.079394e-02 5.310121e+00 1.019651e-03 9.999958e-01 -2.699187e-03 -7.039606e-01 1.079673e-02 2.688023e-03 9.999381e-01 2.592988e+01
9.999950e-01 8.911515e-04 3.030798e-03 5.246049e+00 -8.952080e-04 9.999987e-01 1.337215e-03 -7.111233e-01 -3.029602e-03 -1.339922e-03 9.999945e-01 2.637745e+01
9.999068e-01 -1.597568e-03 -1.355624e-02 5.143996e+00 1.553607e-03 9.999935e-01 -3.252796e-03 -7.192907e-01 1.356135e-02 3.231433e-03 9.999028e-01 2.695908e+01
9.999855e-01 1.101217e-03 5.276246e-03 5.137607e+00 -1.109639e-03 9.999981e-01 1.593498e-03 -7.301931e-01 -5.274482e-03 -1.599331e-03 9.999848e-01 2.731639e+01
9.999019e-01 -1.619152e-03 -1.391353e-02 5.106111e+00 1.571297e-03 9.999928e-01 -3.449673e-03 -7.406690e-01 1.391902e-02 3.427473e-03 9.998973e-01 2.776958e+01
9.999845e-01 1.388453e-03 5.397802e-03 4.980004e+00 -1.392886e-03 9.999987e-01 8.174299e-04 -7.483144e-01 -5.396660e-03 -8.249363e-04 9.999851e-01 2.857833e+01
9.998320e-01 -1.752658e-03 -1.824543e-02 4.630733e+00 1.679319e-03 9.999905e-01 -4.034173e-03 -7.462642e-01 1.825233e-02 4.002856e-03 9.998254e-01 2.985396e+01
9.999858e-01 5.743204e-04 5.296830e-03 4.256497e+00 -5.797091e-04 9.999993e-01 1.015806e-03 -7.456687e-01 -5.296244e-03 -1.018863e-03 9.999855e-01 3.118512e+01
9.998306e-01 -1.446916e-03 -1.835001e-02 4.148125e+00 1.385058e-03 9.999933e-01 -3.383279e-03 -7.550598e-01 1.835478e-02 3.357291e-03 9.998259e-01 3.187399e+01
9.999468e-01 1.131809e-03 1.025199e-02 4.145849e+00 -1.152163e-03 9.999974e-01 1.979719e-03 -7.646105e-01 -1.024972e-02 -1.991426e-03 9.999455e-01 3.214841e+01
9.998793e-01 2.634185e-04 -1.553750e-02 4.271931e+00 -3.170626e-04 9.999940e-01 -3.450219e-03 -7.685180e-01 1.553650e-02 3.454730e-03 9.998733e-01 3.203587e+01
9.999086e-01 5.976849e-04 1.350348e-02 4.439547e+00 -6.318599e-04 9.999966e-01 2.526679e-03 -7.665595e-01 -1.350193e-02 -2.534981e-03 9.999056e-01 3.182716e+01
9.998479e-01 4.826587e-04 -1.743248e-02 4.642111e+00 -5.435737e-04 9.999938e-01 -3.489794e-03 -7.670725e-01 1.743069e-02 3.498739e-03 9.998420e-01 3.161635e+01
9.998262e-01 2.897329e-04 1.863994e-02 4.930375e+00 -3.228717e-04 9.999984e-01 1.774836e-03 -7.617775e-01 -1.863940e-02 -1.780546e-03 9.998247e-01 3.128071e+01
9.996939e-01 4.227515e-04 -2.473700e-02 5.095934e+00 -4.928119e-04 9.999959e-01 -2.826200e-03 -7.639691e-01 2.473571e-02 2.837526e-03 9.996900e-01 3.114561e+01
9.995994e-01 1.500502e-03 2.826347e-02 5.615520e+00 -1.524299e-03 9.999985e-01 8.204246e-04 -7.581855e-01 -2.826219e-02 -8.631785e-04 9.996002e-01 3.061530e+01
9.996584e-01 -5.953815e-04 -2.612723e-02 5.865223e+00 5.034011e-04 9.999937e-01 -3.526931e-03 -7.530084e-01 2.612916e-02 3.512574e-03 9.996524e-01 3.036322e+01
9.998510e-01 -6.202252e-06 1.726176e-02 5.827048e+00 -2.459563e-05 9.999984e-01 1.783934e-03 -7.634890e-01 -1.726175e-02 -1.784093e-03 9.998494e-01 3.088377e+01
9.995290e-01 -1.256169e-03 -3.066156e-02 5.796541e+00 1.108875e-03 9.999878e-01 -4.820420e-03 -7.785503e-01 3.066724e-02 4.784150e-03 9.995182e-01 3.161872e+01
9.998080e-01 2.285310e-04 1.959260e-02 5.800786e+00 -2.755781e-04 9.999971e-01 2.398579e-03 -7.921339e-01 -1.959200e-02 -2.403518e-03 9.998052e-01 3.216934e+01
9.995439e-01 -7.875641e-04 -3.018974e-02 5.805371e+00 6.462331e-04 9.999888e-01 -4.690906e-03 -8.023923e-01 3.019310e-02 4.669257e-03 9.995332e-01 3.253443e+01
9.997609e-01 4.781024e-04 2.185946e-02 5.825842e+00 -5.602220e-04 9.999928e-01 3.750718e-03 -8.117221e-01 -2.185751e-02 -3.762068e-03 9.997540e-01 3.274121e+01
9.995667e-01 -8.223794e-04 -2.942358e-02 5.851309e+00 6.643812e-04 9.999853e-01 -5.379170e-03 -8.205592e-01 2.942758e-02 5.357292e-03 9.995526e-01 3.296854e+01
9.997027e-01 1.854980e-03 2.431049e-02 5.954476e+00 -1.948595e-03 9.999908e-01 3.827690e-03 -8.255958e-01 -2.430317e-02 -3.873924e-03 9.996971e-01 3.289665e+01
9.994447e-01 -2.428137e-03 -3.323339e-02 5.997685e+00 2.285307e-03 9.999880e-01 -4.335115e-03 -8.334477e-01 3.324352e-02 4.256760e-03 9.994382e-01 3.306977e+01
9.997040e-01 1.865629e-03 2.425634e-02 6.005081e+00 -1.930219e-03 9.999947e-01 2.639644e-03 -8.455288e-01 -2.425129e-02 -2.685683e-03 9.997023e-01 3.343261e+01
9.997280e-01 2.831592e-03 -2.314873e-02 7.133320e+00 -2.931978e-03 9.999864e-01 -4.303815e-03 -8.509687e-01 2.313623e-02 4.370517e-03 9.997228e-01 3.308526e+01
9.997000e-01 -1.328986e-03 2.445697e-02 8.437594e+00 1.539741e-03 9.999618e-01 -8.600614e-03 -8.247896e-01 -2.444461e-02 8.635691e-03 9.996639e-01 3.251129e+01
9.994667e-01 9.958751e-04 -3.263856e-02 8.437511e+00 -7.668025e-04 9.999750e-01 7.030220e-03 -8.367702e-01 3.264475e-02 -7.001443e-03 9.994425e-01 3.292321e+01
9.997247e-01 -1.535633e-03 2.341249e-02 8.376257e+00 1.765470e-03 9.999504e-01 -9.799395e-03 -8.507216e-01 -2.339628e-02 9.838030e-03 9.996779e-01 3.368499e+01
9.993876e-01 5.054532e-04 -3.498727e-02 8.291118e+00 -2.637336e-04 9.999761e-01 6.913046e-03 -8.658992e-01 3.498993e-02 -6.899585e-03 9.993638e-01 3.454683e+01
9.996955e-01 -5.684436e-04 2.466957e-02 8.291542e+00 8.015134e-04 9.999551e-01 -9.438821e-03 -8.779018e-01 -2.466309e-02 9.455719e-03 9.996511e-01 3.501829e+01
9.997423e-01 2.289856e-03 -2.258593e-02 8.756845e+00 -2.148152e-03 9.999779e-01 6.296251e-03 -8.806028e-01 2.259984e-02 -6.246109e-03 9.997251e-01 3.484102e+01
9.999063e-01 -2.175211e-03 1.351658e-02 8.931353e+00 2.311174e-03 9.999468e-01 -1.005160e-02 -8.814508e-01 -1.349400e-02 1.008190e-02 9.998581e-01 3.511419e+01
9.996810e-01 1.112228e-03 -2.523082e-02 8.873464e+00 -9.283024e-04 9.999729e-01 7.300226e-03 -8.952945e-01 2.523826e-02 -7.274475e-03 9.996550e-01 3.584709e+01
9.998732e-01 -1.499839e-03 1.585229e-02 8.856517e+00 1.648278e-03 9.999549e-01 -9.354996e-03 -9.067155e-01 -1.583754e-02 9.379938e-03 9.998306e-01 3.628937e+01
9.996707e-01 1.017454e-03 -2.564266e-02 8.842400e+00 -8.316954e-04 9.999733e-01 7.253736e-03 -9.183063e-01 2.564935e-02 -7.230020e-03 9.996449e-01 3.674110e+01
9.998726e-01 -1.615129e-03 1.588304e-02 8.832088e+00 1.762386e-03 9.999556e-01 -9.261705e-03 -9.303289e-01 -1.586738e-02 9.288516e-03 9.998310e-01 3.719679e+01
9.996829e-01 1.285757e-03 -2.515003e-02 8.833260e+00 -1.100885e-03 9.999723e-01 7.363227e-03 -9.405225e-01 2.515880e-02 -7.333204e-03 9.996566e-01 3.753097e+01
9.998429e-01 -1.301884e-03 1.767480e-02 8.854524e+00 1.451920e-03 9.999630e-01 -8.478500e-03 -9.473353e-01 -1.766310e-02 8.502830e-03 9.998078e-01 3.762881e+01
9.997688e-01 2.257174e-03 -2.138225e-02 8.971651e+00 -2.106024e-03 9.999727e-01 7.088783e-03 -9.503334e-01 2.139766e-02 -7.042112e-03 9.997462e-01 3.751121e+01
9.998695e-01 -2.157114e-03 1.601224e-02 9.027874e+00 2.273310e-03 9.999712e-01 -7.242093e-03 -9.539148e-01 -1.599616e-02 7.277548e-03 9.998456e-01 3.749798e+01
9.997082e-01 1.625325e-03 -2.410087e-02 9.037868e+00 -1.471162e-03 9.999784e-01 6.412909e-03 -9.644210e-01 2.411077e-02 -6.375581e-03 9.996890e-01 3.776987e+01
9.998756e-01 -1.840066e-03 1.566623e-02 9.032447e+00 1.968831e-03 9.999644e-01 -8.207794e-03 -9.748980e-01 -1.565057e-02 8.237616e-03 9.998436e-01 3.813756e+01
9.997087e-01 1.479412e-03 -2.408968e-02 9.017018e+00 -1.321596e-03 9.999776e-01 6.565787e-03 -9.861747e-01 2.409885e-02 -6.532037e-03 9.996882e-01 3.856311e+01
9.998848e-01 -2.002819e-03 1.504447e-02 8.935611e+00 2.141784e-03 9.999551e-01 -9.226545e-03 -9.962864e-01 -1.502531e-02 9.257703e-03 9.998443e-01 3.922656e+01
9.996697e-01 1.136013e-03 -2.567304e-02 8.855847e+00 -9.454014e-04 9.999719e-01 7.435485e-03 -1.007150e+00 2.568076e-02 -7.408758e-03 9.996427e-01 3.982217e+01
9.998685e-01 -1.535354e-03 1.614298e-02 8.831946e+00 1.696400e-03 9.999489e-01 -9.967326e-03 -1.019171e+00 -1.612686e-02 9.993400e-03 9.998200e-01 4.035997e+01
9.996777e-01 9.647419e-04 -2.536842e-02 8.789761e+00 -7.609324e-04 9.999674e-01 8.042393e-03 -1.030403e+00 2.537535e-02 -8.020497e-03 9.996458e-01 4.085506e+01
9.998698e-01 -1.289804e-03 1.608753e-02 8.741422e+00 1.446972e-03 9.999513e-01 -9.761768e-03 -1.040597e+00 -1.607416e-02 9.783775e-03 9.998229e-01 4.131967e+01
9.996874e-01 1.196025e-03 -2.497426e-02 8.727724e+00 -9.844307e-04 9.999635e-01 8.483067e-03 -1.049636e+00 2.498350e-02 -8.455829e-03 9.996521e-01 4.160823e+01
9.998606e-01 -1.379948e-03 1.663805e-02 8.731071e+00 1.537088e-03 9.999543e-01 -9.435540e-03 -1.059426e+00 -1.662427e-02 9.459799e-03 9.998171e-01 4.188686e+01
9.996637e-01 1.083348e-03 -2.591058e-02 8.727448e+00 -8.854926e-04 9.999704e-01 7.646309e-03 -1.069542e+00 2.591810e-02 -7.620793e-03 9.996350e-01 4.222006e+01
9.998228e-01 -8.185441e-04 1.880811e-02 8.782369e+00 9.757249e-04 9.999647e-01 -8.349446e-03 -1.076041e+00 -1.880061e-02 8.366317e-03 9.997882e-01 4.225539e+01
9.996932e-01 7.410698e-04 -2.475890e-02 8.843167e+00 -5.429751e-04 9.999678e-01 8.006695e-03 -1.082074e+00 2.476404e-02 -7.990794e-03 9.996614e-01 4.232187e+01
9.998616e-01 -8.055803e-04 1.661851e-02 8.801649e+00 9.665628e-04 9.999527e-01 -9.681210e-03 -1.091181e+00 -1.660993e-02 9.695932e-03 9.998150e-01 4.279513e+01
9.996416e-01 2.027389e-04 -2.677028e-02 8.695164e+00 -1.528309e-06 9.999718e-01 7.515982e-03 -1.100305e+00 2.677105e-02 -7.513247e-03 9.996134e-01 4.344995e+01
9.998367e-01 -5.716958e-04 1.806000e-02 8.620507e+00 7.424444e-04 9.999551e-01 -9.449254e-03 -1.109777e+00 -1.805379e-02 9.461119e-03 9.997923e-01 4.401105e+01
9.996342e-01 3.983495e-04 -2.704384e-02 8.526492e+00 -1.939614e-04 9.999714e-01 7.559845e-03 -1.117681e+00 2.704608e-02 -7.551833e-03 9.996057e-01 4.455230e+01
9.998347e-01 -3.168603e-04 1.817670e-02 8.487522e+00 4.735411e-04 9.999628e-01 -8.616242e-03 -1.124667e+00 -1.817329e-02 8.623425e-03 9.997977e-01 4.480693e+01
9.996702e-01 3.150694e-04 -2.567904e-02 8.462161e+00 -1.177891e-04 9.999705e-01 7.683677e-03 -1.132862e+00 2.568070e-02 -7.678117e-03 9.996407e-01 4.512169e+01
9.998442e-01 -4.713233e-04 1.764319e-02 8.346947e+00 6.366571e-04 9.999559e-01 -9.366555e-03 -1.139890e+00 -1.763799e-02 9.376329e-03 9.998005e-01 4.570076e+01
9.995773e-01 -8.178913e-05 -2.907188e-02 8.253672e+00 2.981094e-04 9.999723e-01 7.436604e-03 -1.150146e+00 2.907047e-02 -7.442127e-03 9.995497e-01 4.642052e+01
9.999000e-01 -5.689548e-04 1.413062e-02 8.229357e+00 7.064019e-04 9.999525e-01 -9.723847e-03 -1.164862e+00 -1.412441e-02 9.732856e-03 9.998529e-01 4.716195e+01
9.996581e-01 1.481014e-04 -2.614663e-02 8.254184e+00 3.475410e-05 9.999755e-01 6.992852e-03 -1.177879e+00 2.614702e-02 -6.991369e-03 9.996337e-01 4.773875e+01
9.998345e-01 -9.035224e-05 1.819079e-02 8.272925e+00 2.606462e-04 9.999562e-01 -9.359421e-03 -1.185632e+00 -1.818915e-02 9.362614e-03 9.997907e-01 4.803139e+01
9.996957e-01 1.329635e-03 -2.463159e-02 8.346504e+00 -1.127615e-03 9.999656e-01 8.213752e-03 -1.191238e+00 2.464166e-02 -8.183478e-03 9.996629e-01 4.801332e+01
9.998155e-01 -1.441939e-03 1.915198e-02 8.378786e+00 1.602875e-03 9.999635e-01 -8.390426e-03 -1.195784e+00 -1.913919e-02 8.419576e-03 9.997814e-01 4.805648e+01
9.996490e-01 1.422134e-03 -2.645410e-02 8.374022e+00 -1.222486e-03 9.999707e-01 7.561584e-03 -1.204531e+00 2.646408e-02 -7.526590e-03 9.996214e-01 4.829044e+01
9.998269e-01 -1.420953e-03 1.855148e-02 8.378043e+00 1.588260e-03 9.999582e-01 -9.006950e-03 -1.213556e+00 -1.853790e-02 9.034855e-03 9.997873e-01 4.854165e+01
9.996769e-01 1.355995e-03 -2.538147e-02 8.417243e+00 -1.142353e-03 9.999638e-01 8.429839e-03 -1.220815e+00 2.539198e-02 -8.398121e-03 9.996423e-01 4.863527e+01
9.997790e-01 -3.268206e-04 2.102005e-02 8.527471e+00 5.347496e-04 9.999510e-01 -9.887098e-03 -1.224856e+00 -2.101578e-02 9.896153e-03 9.997302e-01 4.854155e+01
9.997643e-01 9.524320e-04 -2.168972e-02 8.670316e+00 -7.558738e-04 9.999586e-01 9.068646e-03 -1.224272e+00 2.169746e-02 -9.050114e-03 9.997236e-01 4.838726e+01
9.999195e-01 -1.452011e-03 1.260338e-02 8.690845e+00 1.583034e-03 9.999447e-01 -1.039218e-02 -1.235556e+00 -1.258760e-02 1.041130e-02 9.998666e-01 4.872353e+01
9.997640e-01 1.001015e-03 -2.170260e-02 8.698476e+00 -8.250507e-04 9.999667e-01 8.115393e-03 -1.246077e+00 2.171000e-02 -8.095572e-03 9.997315e-01 4.910741e+01
9.999111e-01 -1.399929e-03 1.325878e-02 8.721797e+00 1.524700e-03 9.999546e-01 -9.405045e-03 -1.255929e+00 -1.324501e-02 9.424424e-03 9.998679e-01 4.934487e+01
9.997624e-01 9.147329e-04 -2.177668e-02 8.734201e+00 -7.375290e-04 9.999666e-01 8.143944e-03 -1.266885e+00 2.178340e-02 -8.125948e-03 9.997297e-01 4.967594e+01
9.999103e-01 -1.520512e-03 1.331065e-02 8.732342e+00 1.656435e-03 9.999465e-01 -1.020660e-02 -1.278379e+00 -1.329442e-02 1.022773e-02 9.998593e-01 5.011599e+01
9.997683e-01 1.622585e-03 -2.146508e-02 8.750880e+00 -1.437395e-03 9.999616e-01 8.640077e-03 -1.286969e+00 2.147827e-02 -8.607221e-03 9.997323e-01 5.033478e+01
9.999051e-01 -1.772719e-03 1.366272e-02 8.775164e+00 1.902121e-03 9.999534e-01 -9.464058e-03 -1.295531e+00 -1.364530e-02 9.489147e-03 9.998619e-01 5.051371e+01
9.997698e-01 2.497745e-03 -2.131128e-02 8.854347e+00 -2.323461e-03 9.999637e-01 8.198827e-03 -1.302957e+00 2.133099e-02 -8.147423e-03 9.997393e-01 5.055695e+01
9.998184e-01 -1.441662e-03 1.900180e-02 9.035604e+00 1.621427e-03 9.999540e-01 -9.448460e-03 -1.303320e+00 -1.898731e-02 9.477554e-03 9.997748e-01 5.036113e+01
9.997219e-01 2.516149e-03 -2.344906e-02 9.195797e+00 -2.322449e-03 9.999630e-01 8.283994e-03 -1.306239e+00 2.346903e-02 -8.227230e-03 9.996907e-01 5.021750e+01
9.997617e-01 -5.865665e-04 2.182122e-02 9.484961e+00 7.987771e-04 9.999525e-01 -9.717543e-03 -1.305681e+00 -2.181448e-02 9.732657e-03 9.997147e-01 4.992268e+01
9.997371e-01 1.506361e-03 -2.287767e-02 9.714778e+00 -1.315147e-03 9.999641e-01 8.370812e-03 -1.304836e+00 2.288946e-02 -8.338523e-03 9.997032e-01 4.970332e+01
9.998359e-01 -1.297473e-03 1.806726e-02 9.828359e+00 1.466819e-03 9.999551e-01 -9.362993e-03 -1.308882e+00 -1.805430e-02 9.387958e-03 9.997929e-01 4.967887e+01
9.997295e-01 2.822188e-03 -2.308635e-02 1.005186e+01 -2.633614e-03 9.999630e-01 8.194492e-03 -1.311415e+00 2.310862e-02 -8.131474e-03 9.996999e-01 4.952952e+01
9.997618e-01 -5.730777e-04 2.181880e-02 1.037439e+01 7.940358e-04 9.999485e-01 -1.011967e-02 -1.308855e+00 -2.181188e-02 1.013458e-02 9.997107e-01 4.919618e+01
9.997225e-01 1.611709e-03 -2.349984e-02 1.055095e+01 -1.401896e-03 9.999590e-01 8.942015e-03 -1.308732e+00 2.351329e-02 -8.906589e-03 9.996838e-01 4.899122e+01
9.997796e-01 1.061110e-03 2.096794e-02 1.081058e+01 -8.357740e-04 9.999418e-01 -1.075258e-02 -1.307313e+00 -2.097813e-02 1.073268e-02 9.997223e-01 4.869036e+01
9.997866e-01 -3.243249e-04 -2.065759e-02 1.109050e+01 5.224010e-04 9.999539e-01 9.583840e-03 -1.302342e+00 2.065353e-02 -9.592586e-03 9.997407e-01 4.839467e+01
9.998975e-01 -3.087769e-04 1.431505e-02 1.113639e+01 4.644100e-04 9.999408e-01 -1.086997e-02 -1.310499e+00 -1.431085e-02 1.087551e-02 9.998384e-01 4.854564e+01
9.997453e-01 4.988397e-04 -2.256457e-02 1.118907e+01 -2.824906e-04 9.999540e-01 9.590148e-03 -1.318420e+00 2.256831e-02 -9.581330e-03 9.996994e-01 4.864872e+01
9.998530e-01 6.107403e-04 1.713315e-02 1.133390e+01 -4.246795e-04 9.999409e-01 -1.086126e-02 -1.321930e+00 -1.713877e-02 1.085238e-02 9.997942e-01 4.854615e+01
9.997640e-01 -2.341654e-04 -2.172483e-02 1.144869e+01 4.432297e-04 9.999536e-01 9.618947e-03 -1.325522e+00 2.172157e-02 -9.626305e-03 9.997177e-01 4.847713e+01
9.998643e-01 1.052336e-03 1.643952e-02 1.158343e+01 -8.758372e-04 9.999419e-01 -1.073982e-02 -1.329630e+00 -1.644987e-02 1.072396e-02 9.998072e-01 4.839107e+01
9.997906e-01 -5.424664e-04 -2.045623e-02 1.169246e+01 7.463958e-04 9.999501e-01 9.962716e-03 -1.332517e+00 2.044980e-02 -9.975898e-03 9.997411e-01 4.829817e+01
9.999149e-01 4.337229e-04 1.304095e-02 1.171587e+01 -2.922688e-04 9.999411e-01 -1.084691e-02 -1.340588e+00 -1.304488e-02 1.084217e-02 9.998561e-01 4.844048e+01
9.997910e-01 -3.441677e-04 -2.044165e-02 1.174220e+01 5.428388e-04 9.999527e-01 9.714159e-03 -1.349161e+00 2.043734e-02 -9.723224e-03 9.997439e-01 4.857408e+01
9.998921e-01 7.432325e-04 1.466932e-02 1.180903e+01 -5.882271e-04 9.999440e-01 -1.056816e-02 -1.354854e+00 -1.467635e-02 1.055839e-02 9.998365e-01 4.856280e+01
9.998218e-01 9.875098e-05 -1.887569e-02 1.194307e+01 7.673215e-05 9.999568e-01 9.295802e-03 -1.358793e+00 1.887579e-02 -9.295594e-03 9.997786e-01 4.845597e+01
9.998811e-01 8.360235e-04 1.539629e-02 1.215235e+01 -6.728239e-04 9.999436e-01 -1.060209e-02 -1.359204e+00 -1.540429e-02 1.059047e-02 9.998253e-01 4.826707e+01
9.998421e-01 6.074435e-04 -1.776096e-02 1.240015e+01 -4.496625e-04 9.999604e-01 8.886199e-03 -1.358657e+00 1.776565e-02 -8.876809e-03 9.998028e-01 4.802047e+01
9.998751e-01 5.354949e-04 1.579567e-02 1.260536e+01 -3.690990e-04 9.999444e-01 -1.053534e-02 -1.357059e+00 -1.580044e-02 1.052819e-02 9.998197e-01 4.779374e+01
9.997928e-01 -8.659064e-04 -2.033801e-02 1.267212e+01 1.062494e-03 9.999528e-01 9.657177e-03 -1.360927e+00 2.032869e-02 -9.676784e-03 9.997465e-01 4.780357e+01
9.999205e-01 5.900551e-04 1.259557e-02 1.268336e+01 -4.503141e-04 9.999384e-01 -1.109445e-02 -1.371212e+00 -1.260134e-02 1.108790e-02 9.998591e-01 4.807483e+01
9.997927e-01 -6.569283e-04 -2.035076e-02 1.263511e+01 8.543112e-04 9.999527e-01 9.691843e-03 -1.379682e+00 2.034343e-02 -9.707220e-03 9.997459e-01 4.852500e+01
9.999304e-01 5.032016e-04 1.179040e-02 1.255638e+01 -3.665994e-04 9.999328e-01 -1.158523e-02 -1.388011e+00 -1.179543e-02 1.158010e-02 9.998634e-01 4.903094e+01
9.998013e-01 -8.453868e-04 -1.991378e-02 1.249882e+01 1.039002e-03 9.999523e-01 9.714309e-03 -1.397895e+00 1.990462e-02 -9.733069e-03 9.997545e-01 4.953584e+01
9.999275e-01 7.439335e-04 1.202105e-02 1.243908e+01 -6.059934e-04 9.999340e-01 -1.147450e-02 -1.407275e+00 -1.202879e-02 1.146638e-02 9.998619e-01 4.999213e+01
9.997917e-01 -1.033691e-03 -2.038588e-02 1.241003e+01 1.244664e-03 9.999458e-01 1.033898e-02 -1.416941e+00 2.037408e-02 -1.036220e-02 9.997387e-01 5.028813e+01
9.999330e-01 1.018734e-03 1.152826e-02 1.242255e+01 -8.882716e-04 9.999356e-01 -1.131625e-02 -1.425029e+00 -1.153905e-02 1.130525e-02 9.998695e-01 5.048897e+01
9.998038e-01 -1.114645e-03 -1.977908e-02 1.244911e+01 1.326609e-03 9.999418e-01 1.070669e-02 -1.433853e+00 1.976600e-02 -1.073083e-02 9.997470e-01 5.074934e+01
9.998739e-01 2.968599e-03 1.559775e-02 1.269226e+01 -2.782510e-03 9.999249e-01 -1.193876e-02 -1.437895e+00 -1.563202e-02 1.189385e-02 9.998071e-01 5.060521e+01
9.999373e-01 1.739476e-03 -1.105954e-02 1.343938e+01 -1.645690e-03 9.999627e-01 8.483516e-03 -1.428304e+00 1.107388e-02 -8.464784e-03 9.999029e-01 4.986783e+01
9.998533e-01 1.163800e-03 1.709008e-02 1.400539e+01 -9.711322e-04 9.999359e-01 -1.127768e-02 -1.417696e+00 -1.710211e-02 1.125943e-02 9.997903e-01 4.927734e+01
9.998594e-01 8.996330e-04 -1.674302e-02 1.437212e+01 -7.444685e-04 9.999567e-01 9.271309e-03 -1.413530e+00 1.675064e-02 -9.257540e-03 9.998168e-01 4.889301e+01
9.998868e-01 -7.032786e-04 1.502734e-02 1.454108e+01 8.574095e-04 9.999471e-01 -1.025275e-02 -1.413395e+00 -1.501934e-02 1.026447e-02 9.998345e-01 4.872025e+01
9.997398e-01 1.529274e-03 -2.276046e-02 1.462095e+01 -1.306617e-03 9.999512e-01 9.794271e-03 -1.418681e+00 2.277432e-02 -9.761982e-03 9.996930e-01 4.870795e+01
9.997618e-01 1.697151e-04 2.182684e-02 1.490740e+01 8.440555e-05 9.999322e-01 -1.164115e-02 -1.417544e+00 -2.182733e-02 1.164022e-02 9.996940e-01 4.841400e+01
9.995950e-01 -4.771507e-04 -2.845430e-02 1.495864e+01 7.948315e-04 9.999375e-01 1.115432e-02 -1.425394e+00 2.844720e-02 -1.117241e-02 9.995329e-01 4.858246e+01
9.998121e-01 1.400854e-04 1.938621e-02 1.493233e+01 1.196417e-04 9.999103e-01 -1.339574e-02 -1.436449e+00 -1.938635e-02 1.339554e-02 9.997223e-01 4.910049e+01
9.996510e-01 2.140410e-03 -2.633188e-02 1.514712e+01 -1.821941e-03 9.999250e-01 1.211244e-02 -1.442042e+00 2.635583e-02 -1.206024e-02 9.995799e-01 4.900095e+01
9.995225e-01 -2.737506e-04 3.089927e-02 1.561704e+01 7.260285e-04 9.998928e-01 -1.462692e-02 -1.433690e+00 -3.089195e-02 1.464237e-02 9.994155e-01 4.853196e+01
9.992766e-01 2.040922e-04 -3.802985e-02 1.563043e+01 3.323095e-04 9.999006e-01 1.409789e-02 -1.440784e+00 3.802894e-02 -1.410033e-02 9.991772e-01 4.871669e+01
9.995643e-01 4.309829e-05 2.951637e-02 1.560418e+01 4.290807e-04 9.998720e-01 -1.599069e-02 -1.449903e+00 -2.951328e-02 1.599638e-02 9.994364e-01 4.910417e+01
9.993270e-01 3.112129e-04 -3.667960e-02 1.563913e+01 2.288927e-04 9.998916e-01 1.471983e-02 -1.457368e+00 3.668021e-02 -1.471832e-02 9.992187e-01 4.920298e+01
9.995481e-01 4.762541e-04 3.005675e-02 1.566549e+01 -2.829252e-05 9.998890e-01 -1.490254e-02 -1.462387e+00 -3.006051e-02 1.489496e-02 9.994371e-01 4.928472e+01
9.992695e-01 4.463492e-05 -3.821526e-02 1.568661e+01 4.855287e-04 9.999038e-01 1.386368e-02 -1.469219e+00 3.821220e-02 -1.387211e-02 9.991734e-01 4.937608e+01
9.994770e-01 7.543597e-04 3.232979e-02 1.577631e+01 -2.748165e-04 9.998899e-01 -1.483475e-02 -1.473582e+00 -3.233742e-02 1.481811e-02 9.993672e-01 4.934192e+01
9.992123e-01 -3.070995e-04 -3.968217e-02 1.585302e+01 8.565859e-04 9.999040e-01 1.383091e-02 -1.479898e+00 3.967412e-02 -1.385401e-02 9.991166e-01 4.938725e+01
9.993606e-01 2.107259e-03 3.569297e-02 1.601489e+01 -1.551058e-03 9.998771e-01 -1.560345e-02 -1.482254e+00 -3.572147e-02 1.553811e-02 9.992410e-01 4.922963e+01
9.991345e-01 -1.713709e-03 -4.156192e-02 1.608451e+01 2.334938e-03 9.998862e-01 1.490312e-02 -1.489049e+00 4.153165e-02 -1.498727e-02 9.990248e-01 4.932925e+01
9.994642e-01 2.144829e-03 3.266015e-02 1.613874e+01 -1.594809e-03 9.998566e-01 -1.685747e-02 -1.498471e+00 -3.269162e-02 1.679635e-02 9.993243e-01 4.953492e+01
9.993399e-01 -5.128916e-04 -3.632390e-02 1.633972e+01 1.074645e-03 9.998801e-01 1.544725e-02 -1.500482e+00 3.631162e-02 -1.547609e-02 9.992207e-01 4.935037e+01
9.995328e-01 7.514624e-04 3.055378e-02 1.638099e+01 -2.545038e-04 9.998677e-01 -1.626570e-02 -1.505498e+00 -3.056196e-02 1.625032e-02 9.994008e-01 4.939989e+01
9.991799e-01 -4.472345e-04 -4.048938e-02 1.639264e+01 1.051895e-03 9.998882e-01 1.491372e-02 -1.513064e+00 4.047818e-02 -1.494408e-02 9.990687e-01 4.961752e+01
9.994377e-01 1.083761e-03 3.351221e-02 1.646022e+01 -5.459691e-04 9.998710e-01 -1.605264e-02 -1.519399e+00 -3.352529e-02 1.602532e-02 9.993094e-01 4.967529e+01
9.991343e-01 -8.250002e-04 -4.159220e-02 1.649470e+01 1.444364e-03 9.998885e-01 1.486349e-02 -1.528306e+00 4.157530e-02 -1.491070e-02 9.990241e-01 4.985290e+01
9.994449e-01 1.499347e-03 3.328201e-02 1.653435e+01 -9.585888e-04 9.998674e-01 -1.625778e-02 -1.536547e+00 -3.330197e-02 1.621685e-02 9.993138e-01 4.998072e+01
9.992670e-01 -3.221287e-04 -3.827951e-02 1.669410e+01 9.007588e-04 9.998856e-01 1.509962e-02 -1.539603e+00 3.827027e-02 -1.512303e-02 9.991530e-01 4.985401e+01
9.994391e-01 4.994573e-04 3.348350e-02 1.674505e+01 2.611073e-05 9.998768e-01 -1.569407e-02 -1.544648e+00 -3.348721e-02 1.568614e-02 9.993160e-01 4.988570e+01
