9.999888e-01 1.556953e-03 -4.478682e-03 8.464990e-02 -1.553007e-03 9.999984e-01 8.845424e-04 -1.265219e-02 4.480052e-03 -8.775778e-04 9.999896e-01 3.311017e-01
9.999996e-01 -4.124917e-04 8.241924e-04 1.932871e-02 4.134666e-04 9.999992e-01 -1.183031e-03 -1.522073e-02 -8.237034e-04 1.183372e-03 9.999990e-01 4.623519e-01
9.999630e-01 8.831346e-04 -8.562498e-03 6.572379e-02 -8.757610e-04 9.999992e-01 8.648654e-04 -1.948120e-02 8.563254e-03 -8.573353e-04 9.999630e-01 4.143883e-01
9.999995e-01 -1.299430e-04 1.018973e-03 2.104430e-01 1.302486e-04 9.999999e-01 -2.998128e-04 -2.882122e-02 -1.018934e-03 2.999460e-04 9.999994e-01 5.187417e-01
9.999215e-01 3.260990e-03 -1.209447e-02 5.171646e-01 -3.234613e-03 9.999923e-01 2.199781e-03 -4.170922e-02 1.210156e-02 -2.160488e-03 9.999244e-01 1.204674e+00
9.998978e-01 -1.131500e-03 1.425119e-02 9.117637e-01 1.131057e-03 9.999994e-01 3.914798e-05 -6.120418e-02 -1.425122e-02 -2.302436e-05 9.998984e-01 2.002909e+00
9.998029e-01 1.220327e-03 -1.981757e-02 9.954392e-01 -1.235040e-03 9.999990e-01 -7.301921e-04 -6.646220e-02 1.981666e-02 7.545229e-04 9.998033e-01 1.921132e+00
9.999214e-01 -7.379448e-04 1.251842e-02 1.120467e+00 7.287329e-04 9.999995e-01 7.404145e-04 -7.421860e-02 -1.251896e-02 -7.312329e-04 9.999214e-01 1.963667e+00
9.998110e-01 1.827518e-03 -1.935594e-02 1.303070e+00 -1.816590e-03 9.999982e-01 5.821851e-04 -8.780000e-02 1.935697e-02 -5.469140e-04 9.998125e-01 2.314271e+00
9.999190e-01 9.099169e-05 1.272801e-02 1.480394e+00 -1.064096e-04 9.999993e-01 1.210666e-03 -1.027591e-01 -1.272789e-02 -1.211922e-03 9.999183e-01 2.866164e+00
9.998532e-01 1.741907e-03 -1.704269e-02 1.631124e+00 -1.734205e-03 9.999984e-01 4.667112e-04 -1.204405e-01 1.704347e-02 -4.370879e-04 9.998547e-01 3.477082e+00
9.998382e-01 6.143454e-05 1.798654e-02 1.522313e+00 -6.014123e-05 1.000000e+00 -7.244260e-05 -1.250990e-01 -1.798654e-02 7.134986e-05 9.998382e-01 4.095051e+00
9.998774e-01 1.270265e-03 -1.560682e-02 1.360535e+00 -1.270227e-03 9.999992e-01 1.232690e-05 -1.206971e-01 1.560682e-02 7.498102e-06 9.998782e-01 4.518709e+00
9.999479e-01 -1.117011e-03 1.014832e-02 1.466972e+00 1.127387e-03 9.999988e-01 -1.016788e-03 -1.242929e-01 -1.014717e-02 1.028177e-03 9.999480e-01 4.366376e+00
9.998755e-01 1.630703e-03 -1.569471e-02 1.493613e+00 -1.624221e-03 9.999986e-01 4.256967e-04 -1.296072e-01 1.569538e-02 -4.001527e-04 9.998767e-01 4.402325e+00
9.999242e-01 -7.589418e-04 1.229281e-02 1.476214e+00 7.617304e-04 9.999997e-01 -2.221630e-04 -1.362758e-01 -1.229264e-02 2.315106e-04 9.999244e-01 4.604243e+00
9.998802e-01 2.284170e-03 -1.531084e-02 1.467182e+00 -2.281064e-03 9.999974e-01 2.203119e-04 -1.432010e-01 1.531130e-02 -1.853612e-04 9.998828e-01 4.828430e+00
9.999364e-01 -1.110747e-03 1.122606e-02 1.429356e+00 1.115992e-03 9.999993e-01 -4.609184e-04 -1.475290e-01 -1.122554e-02 4.734179e-04 9.999369e-01 4.987764e+00
9.998829e-01 1.965231e-03 -1.517821e-02 1.443823e+00 -1.964937e-03 9.999981e-01 3.429886e-05 -1.520864e-01 1.517824e-02 -4.471339e-06 9.998848e-01 5.055082e+00
9.999604e-01 -1.441410e-03 8.777528e-03 1.500743e+00 1.449638e-03 9.999985e-01 -9.310578e-04 -1.553051e-01 -8.776172e-03 9.437459e-04 9.999610e-01 4.993684e+00
9.999004e-01 1.396369e-03 -1.404300e-02 1.596568e+00 -1.393390e-03 9.999990e-01 2.219187e-04 -1.589369e-01 1.404329e-02 -2.023300e-04 9.999014e-01 4.867523e+00
9.999643e-01 -1.090723e-03 8.383286e-03 1.698672e+00 1.104483e-03 9.999981e-01 -1.636861e-03 -1.609957e-01 -8.381484e-03 1.646062e-03 9.999635e-01 4.697536e+00
9.998947e-01 1.646277e-03 -1.442070e-02 1.784990e+00 -1.647025e-03 9.999986e-01 -3.997196e-05 -1.619537e-01 1.442062e-02 6.371829e-05 9.998960e-01 4.524106e+00
9.999669e-01 -1.090503e-03 8.066271e-03 1.846313e+00 1.103833e-03 9.999980e-01 -1.648340e-03 -1.622626e-01 -8.064457e-03 1.657189e-03 9.999661e-01 4.372572e+00
9.999002e-01 1.472465e-03 -1.404875e-02 1.883885e+00 -1.471954e-03 9.999989e-01 4.670897e-05 -1.629653e-01 1.404880e-02 -2.602591e-05 9.999013e-01 4.266639e+00
9.999695e-01 -5.727673e-04 7.785519e-03 1.893861e+00 5.823292e-04 9.999991e-01 -1.225938e-03 -1.653732e-01 -7.784809e-03 1.230435e-03 9.999689e-01 4.238080e+00
9.999062e-01 1.094051e-03 -1.365556e-02 1.988784e+00 -1.096629e-03 9.999994e-01 -1.813490e-04 -1.662752e-01 1.365536e-02 1.963063e-04 9.999067e-01 4.083476e+00
9.999723e-01 4.392053e-04 7.431154e-03 2.182771e+00 -4.242907e-04 9.999979e-01 -2.008479e-03 -1.649523e-01 -7.432021e-03 2.005271e-03 9.999704e-01 3.767894e+00
9.999007e-01 7.982184e-04 -1.407061e-02 2.228449e+00 -7.982680e-04 9.999997e-01 2.095540e-06 -1.664660e-01 1.407061e-02 9.136073e-06 9.999010e-01 3.666129e+00
9.999654e-01 1.900747e-04 8.319073e-03 2.228424e+00 -1.782417e-04 9.999990e-01 -1.423096e-03 -1.669737e-01 -8.319335e-03 1.421565e-03 9.999644e-01 3.596558e+00
9.998958e-01 7.701169e-04 -1.441566e-02 2.231695e+00 -7.772870e-04 9.999996e-01 -4.917817e-04 -1.673451e-01 1.441528e-02 5.029348e-04 9.998960e-01 3.514877e+00
9.999766e-01 5.605071e-04 6.818185e-03 2.212592e+00 -5.536918e-04 9.999993e-01 -1.001405e-03 -1.651512e-01 -6.818741e-03 9.976072e-04 9.999763e-01 3.425312e+00
9.999192e-01 1.950541e-04 -1.270821e-02 2.209102e+00 -1.983845e-04 9.999999e-01 -2.608008e-04 -1.668946e-01 1.270815e-02 2.633001e-04 9.999192e-01 3.400469e+00
9.999742e-01 8.480794e-04 7.135586e-03 2.194573e+00 -8.430267e-04 9.999994e-01 -7.110741e-04 -1.705040e-01 -7.136184e-03 7.050410e-04 9.999743e-01 3.450230e+00
9.999488e-01 5.420210e-04 -1.010457e-02 2.119617e+00 -5.329802e-04 9.999995e-01 8.974052e-04 -1.747384e-01 1.010505e-02 -8.919744e-04 9.999485e-01 3.691480e+00
9.999734e-01 2.176985e-03 6.955612e-03 2.025010e+00 -2.175769e-03 9.999976e-01 -1.823310e-04 -1.782369e-01 -6.955992e-03 1.671931e-04 9.999758e-01 4.109326e+00
9.999877e-01 -8.149290e-04 -4.884680e-03 1.885072e+00 8.182406e-04 9.999994e-01 6.760054e-04 -1.834634e-01 4.884126e-03 -6.799946e-04 9.999878e-01 4.633266e+00
9.999970e-01 2.220082e-03 1.079120e-03 1.825586e+00 -2.219745e-03 9.999975e-01 -3.136910e-04 -1.894461e-01 -1.079813e-03 3.112954e-04 9.999994e-01 4.928805e+00
9.999985e-01 -9.702547e-04 -1.437531e-03 1.744067e+00 9.708687e-04 9.999994e-01 4.265612e-04 -1.931499e-01 1.437116e-03 -4.279569e-04 9.999989e-01 5.199353e+00
9.999894e-01 2.709618e-03 -3.733336e-03 1.666099e+00 -2.715215e-03 9.999952e-01 -1.494752e-03 -1.921445e-01 3.729268e-03 1.504874e-03 9.999919e-01 5.302269e+00
9.999987e-01 -1.573558e-03 2.666430e-04 1.575073e+00 1.573237e-03 9.999980e-01 1.199723e-03 -1.933117e-01 -2.685306e-04 -1.199302e-03 9.999992e-01 5.475870e+00
9.999854e-01 2.089581e-03 -4.985355e-03 1.617380e+00 -2.098198e-03 9.999963e-01 -1.723830e-03 -1.971480e-01 4.981735e-03 1.734266e-03 9.999861e-01 5.452307e+00
9.999995e-01 -9.570783e-04 -2.621977e-04 1.562549e+00 9.574183e-04 9.999987e-01 1.300307e-03 -2.005200e-01 2.609526e-04 -1.300558e-03 9.999991e-01 5.563493e+00
9.999950e-01 2.333240e-03 -2.116111e-03 1.474701e+00 -2.335904e-03 9.999965e-01 -1.257046e-03 -2.042165e-01 2.113171e-03 1.261983e-03 9.999970e-01 5.817823e+00
9.999969e-01 -1.908026e-03 -1.601791e-03 1.491830e+00 1.910329e-03 9.999971e-01 1.437607e-03 -2.118889e-01 1.599043e-03 -1.440663e-03 9.999977e-01 5.979863e+00
9.999932e-01 1.895997e-03 -3.151126e-03 1.657790e+00 -1.901471e-03 9.999967e-01 -1.735077e-03 -2.180975e-01 3.147826e-03 1.741057e-03 9.999935e-01 5.826701e+00
9.999959e-01 -1.121213e-03 -2.621409e-03 1.675235e+00 1.123260e-03 9.999991e-01 7.795464e-04 -2.222877e-01 2.620532e-03 -7.824885e-04 9.999963e-01 5.857052e+00
9.999968e-01 2.500037e-03 -4.011538e-04 1.586122e+00 -2.500314e-03 9.999966e-01 -6.918225e-04 -2.254045e-01 3.994232e-04 6.928240e-04 9.999997e-01 6.095038e+00
9.999897e-01 -1.647020e-03 -4.240206e-03 1.554622e+00 1.648693e-03 9.999986e-01 3.910983e-04 -2.301501e-01 4.239555e-03 -3.980858e-04 9.999909e-01 6.191924e+00
9.999962e-01 2.770852e-03 1.429401e-04 1.505786e+00 -2.770797e-03 9.999961e-01 -3.841239e-04 -2.354647e-01 -1.440036e-04 3.837271e-04 9.999999e-01 6.369151e+00
9.999956e-01 -7.419257e-04 -2.868095e-03 1.412265e+00 7.440127e-04 9.999995e-01 7.267079e-04 -2.390617e-01 2.867554e-03 -7.288393e-04 9.999956e-01 6.730690e+00
9.999975e-01 2.043776e-03 8.775706e-04 1.320145e+00 -2.043475e-03 9.999979e-01 -3.441697e-04 -2.447047e-01 -8.782718e-04 3.423763e-04 9.999996e-01 7.079895e+00
9.999830e-01 -1.099534e-03 -5.732210e-03 1.289600e+00 1.100871e-03 9.999994e-01 2.301339e-04 -2.501621e-01 5.731953e-03 -2.364411e-04 9.999835e-01 7.196718e+00
9.999985e-01 1.665613e-03 4.737221e-04 1.301692e+00 -1.665320e-03 9.999984e-01 -6.184864e-04 -2.544088e-01 -4.747512e-04 6.176973e-04 9.999997e-01 7.198768e+00
9.999849e-01 -1.575173e-03 -5.272492e-03 1.388319e+00 1.575342e-03 9.999988e-01 2.781318e-05 -2.595928e-01 5.272442e-03 -3.611945e-05 9.999861e-01 7.108929e+00
9.999984e-01 1.792181e-03 2.663333e-04 1.473891e+00 -1.791929e-03 9.999979e-01 -9.445206e-04 -2.641020e-01 -2.680252e-04 9.440425e-04 9.999995e-01 6.997362e+00
9.999833e-01 -1.104069e-03 -5.677820e-03 1.463099e+00 1.104811e-03 9.999994e-01 1.276127e-04 -2.688918e-01 5.677675e-03 -1.338842e-04 9.999839e-01 7.047662e+00
9.999980e-01 1.848988e-03 7.149914e-04 1.451009e+00 -1.848886e-03 9.999983e-01 -1.421777e-04 -2.760328e-01 -7.152528e-04 1.408562e-04 9.999997e-01 7.186401e+00
9.999983e-01 2.374493e-04 -1.848739e-03 1.326440e+00 -2.362816e-04 9.999998e-01 6.318368e-04 -2.794124e-01 1.848888e-03 -6.313996e-04 9.999981e-01 7.648031e+00
9.999901e-01 1.608378e-03 4.141877e-03 1.135370e+00 -1.606659e-03 9.999986e-01 -4.184414e-04 -2.790183e-01 -4.142544e-03 4.117834e-04 9.999913e-01 8.122838e+00
9.999600e-01 -5.327499e-04 -8.927610e-03 1.075969e+00 5.328851e-04 9.999999e-01 1.278290e-05 -2.817024e-01 8.927601e-03 -1.754049e-05 9.999601e-01 8.228473e+00
9.999928e-01 1.059194e-03 3.643939e-03 1.090566e+00 -1.058477e-03 9.999994e-01 -1.986668e-04 -2.874960e-01 -3.644147e-03 1.948090e-04 9.999933e-01 8.265455e+00
9.999573e-01 -5.115940e-05 -9.243507e-03 1.080104e+00 5.339511e-05 1.000000e+00 2.416353e-04 -2.943899e-01 9.243494e-03 -2.421193e-04 9.999572e-01 8.429881e+00
9.999770e-01 1.267473e-03 6.661327e-03 1.008570e+00 -1.267782e-03 9.999992e-01 4.219541e-05 -3.001201e-01 -6.661268e-03 -5.063885e-05 9.999778e-01 8.725081e+00
9.999518e-01 3.654891e-04 -9.808632e-03 9.166810e-01 -3.649218e-04 9.999999e-01 5.963801e-05 -3.038721e-01 9.808653e-03 -5.605646e-05 9.999519e-01 8.995676e+00
9.999689e-01 1.797454e-03 7.677775e-03 7.792128e-01 -1.798229e-03 9.999984e-01 9.410492e-05 -3.048656e-01 -7.677593e-03 -1.079077e-04 9.999705e-01 9.290674e+00
9.999455e-01 9.748413e-05 -1.044171e-02 6.377704e-01 -9.763470e-05 1.000000e+00 -1.389806e-05 -3.055959e-01 1.044171e-02 1.491607e-05 9.999455e-01 9.535355e+00
9.999567e-01 3.255706e-03 8.712645e-03 4.437232e-01 -3.259831e-03 9.999946e-01 4.593331e-04 -3.032978e-01 -8.711102e-03 -4.877143e-04 9.999619e-01 1.003338e+01
9.999661e-01 -1.501014e-03 -8.099674e-03 2.523814e-01 1.498819e-03 9.999988e-01 -2.770030e-04 -3.029775e-01 8.100080e-03 2.648530e-04 9.999672e-01 1.047398e+01
9.999916e-01 2.352793e-03 3.350324e-03 2.242875e-01 -2.351460e-03 9.999972e-01 -4.015586e-04 -3.038030e-01 -3.351259e-03 3.936778e-04 9.999943e-01 1.051158e+01
9.999567e-01 -1.786905e-03 -9.127370e-03 2.332765e-01 1.785458e-03 9.999984e-01 -1.666586e-04 -3.065946e-01 9.127653e-03 1.503542e-04 9.999583e-01 1.050545e+01
9.999831e-01 2.440158e-03 5.284364e-03 2.169221e-01 -2.443669e-03 9.999968e-01 6.581472e-04 -3.137572e-01 -5.282740e-03 -6.710486e-04 9.999858e-01 1.076030e+01
9.999795e-01 -7.585332e-04 -6.360276e-03 1.859242e-01 7.525097e-04 9.999993e-01 -9.493772e-04 -3.175576e-01 6.360991e-03 9.445708e-04 9.999793e-01 1.105767e+01
9.999879e-01 2.565724e-03 4.206713e-03 7.805179e-02 -2.572523e-03 9.999954e-01 1.611812e-03 -3.233271e-01 -4.202558e-03 -1.622614e-03 9.999899e-01 1.154453e+01
9.999838e-01 -1.672903e-03 -5.446728e-03 5.448584e-02 1.669283e-03 9.999984e-01 -6.690692e-04 -3.332600e-01 5.447838e-03 6.599655e-04 9.999849e-01 1.192316e+01
9.999901e-01 3.305431e-03 2.978027e-03 5.808158e-03 -3.307930e-03 9.999942e-01 8.347309e-04 -3.382894e-01 -2.975250e-03 -8.445731e-04 9.999952e-01 1.224617e+01
9.999976e-01 -1.184617e-03 -1.858085e-03 -1.394125e-01 1.185344e-03 9.999992e-01 3.901779e-04 -3.447551e-01 1.857621e-03 -3.923801e-04 9.999982e-01 1.303423e+01
9.999824e-01 4.048607e-03 4.346098e-03 -2.227976e-01 -4.055780e-03 9.999904e-01 1.642910e-03 -3.578944e-01 -4.339404e-03 -1.660508e-03 9.999892e-01 1.395606e+01
9.999956e-01 -1.639256e-03 -2.470568e-03 -3.380104e-01 1.640028e-03 9.999986e-01 3.104457e-04 -3.672376e-01 2.470056e-03 -3.144968e-04 9.999969e-01 1.486922e+01
9.999763e-01 3.205627e-03 6.092036e-03 -4.900914e-01 -3.205336e-03 9.999949e-01 -5.758017e-05 -3.716194e-01 -6.092189e-03 3.805250e-05 9.999814e-01 1.540214e+01
9.999554e-01 -2.135513e-03 -9.199064e-03 -5.451580e-01 2.136994e-03 9.999977e-01 1.512038e-04 -3.755296e-01 9.198720e-03 -1.708561e-04 9.999577e-01 1.559557e+01
9.999881e-01 2.507830e-03 4.183298e-03 -4.492148e-01 -2.504568e-03 9.999966e-01 -7.848469e-04 -3.796243e-01 -4.185251e-03 7.743609e-04 9.999909e-01 1.546752e+01
9.999485e-01 -1.367838e-03 -1.005970e-02 -4.850268e-01 1.364753e-03 9.999990e-01 -3.134541e-04 -3.826793e-01 1.006012e-02 2.997083e-04 9.999494e-01 1.554597e+01
9.999735e-01 2.703281e-03 6.760721e-03 -5.416359e-01 -2.708703e-03 9.999960e-01 7.929730e-04 -3.891226e-01 -6.758550e-03 -8.112640e-04 9.999768e-01 1.585314e+01
9.999412e-01 -1.774017e-03 -1.070142e-02 -5.384896e-01 1.769265e-03 9.999983e-01 -4.534839e-04 -3.981143e-01 1.070221e-02 4.345229e-04 9.999426e-01 1.610134e+01
9.999775e-01 2.593751e-03 6.187508e-03 -5.315818e-01 -2.597422e-03 9.999965e-01 5.854272e-04 -4.059624e-01 -6.185967e-03 -6.014849e-04 9.999807e-01 1.624600e+01
9.999481e-01 -1.383443e-03 -1.009534e-02 -5.636819e-01 1.375408e-03 9.999987e-01 -8.028564e-04 -4.118102e-01 1.009644e-02 7.889288e-04 9.999487e-01 1.648386e+01
9.999734e-01 2.609410e-03 6.818219e-03 -6.086333e-01 -2.617602e-03 9.999959e-01 1.192799e-03 -4.183966e-01 -6.815078e-03 -1.210614e-03 9.999760e-01 1.674824e+01
9.999224e-01 -1.732729e-03 -1.233596e-02 -6.167418e-01 1.717243e-03 9.999977e-01 -1.265752e-03 -4.245933e-01 1.233812e-02 1.244469e-03 9.999231e-01 1.687548e+01
9.999092e-01 3.715901e-03 1.294969e-02 -7.261942e-01 -3.749032e-03 9.999898e-01 2.535137e-03 -4.320831e-01 -1.294014e-02 -2.583455e-03 9.999129e-01 1.759684e+01
9.999244e-01 -2.089717e-03 -1.211778e-02 -8.132121e-01 2.070722e-03 9.999966e-01 -1.579860e-03 -4.400555e-01 1.212104e-02 1.554648e-03 9.999253e-01 1.816740e+01
9.999528e-01 2.661528e-03 9.342878e-03 -8.204957e-01 -2.676705e-03 9.999951e-01 1.612269e-03 -4.463161e-01 -9.338541e-03 -1.637200e-03 9.999551e-01 1.830817e+01
9.998911e-01 -2.681683e-03 -1.450864e-02 -7.015138e-01 2.646944e-03 9.999936e-01 -2.413043e-03 -4.522484e-01 1.451502e-02 2.374376e-03 9.998918e-01 1.818085e+01
9.999515e-01 3.175138e-03 9.326932e-03 -6.866832e-01 -3.194342e-03 9.999928e-01 2.044843e-03 -4.579945e-01 -9.320372e-03 -2.074537e-03 9.999544e-01 1.822312e+01
9.998808e-01 -2.559968e-03 -1.522486e-02 -6.864448e-01 2.520905e-03 9.999935e-01 -2.584365e-03 -4.628663e-01 1.523137e-02 2.545676e-03 9.998808e-01 1.825998e+01
9.999252e-01 4.402073e-03 1.141551e-02 -7.421366e-01 -4.430630e-03 9.999871e-01 2.477554e-03 -4.674996e-01 -1.140446e-02 -2.527946e-03 9.999318e-01 1.851200e+01
9.998900e-01 -2.894931e-03 -1.454597e-02 -8.505802e-01 2.857449e-03 9.999925e-01 -2.596879e-03 -4.694848e-01 1.455338e-02 2.555028e-03 9.998908e-01 1.873698e+01
9.999573e-01 3.579278e-03 8.516124e-03 -8.460149e-01 -3.594845e-03 9.999919e-01 1.813301e-03 -4.709807e-01 -8.509565e-03 -1.843837e-03 9.999621e-01 1.870011e+01
9.998960e-01 -2.585978e-03 -1.418857e-02 -8.581239e-01 2.548223e-03 9.999932e-01 -2.678387e-03 -4.753848e-01 1.419540e-02 2.641952e-03 9.998957e-01 1.876198e+01
9.999461e-01 3.652906e-03 9.718544e-03 -8.975201e-01 -3.678142e-03 9.999899e-01 2.580114e-03 -4.797059e-01 -9.709021e-03 -2.615721e-03 9.999494e-01 1.888824e+01
9.998838e-01 -3.146724e-03 -1.491912e-02 -8.784298e-01 3.105027e-03 9.999912e-01 -2.817153e-03 -4.860224e-01 1.492785e-02 2.770500e-03 9.998847e-01 1.894574e+01
9.999418e-01 3.540172e-03 1.019068e-02 -8.397550e-01 -3.565302e-03 9.999906e-01 2.448889e-03 -4.910853e-01 -1.018191e-02 -2.485079e-03 9.999451e-01 1.892525e+01
9.998586e-01 -3.318302e-03 -1.648812e-02 -7.948016e-01 3.263254e-03 9.999890e-01 -3.364434e-03 -4.948265e-01 1.649910e-02 3.310153e-03 9.998584e-01 1.888913e+01
9.998770e-01 5.553810e-03 1.466698e-02 -8.863213e-01 -5.617926e-03 9.999748e-01 4.333923e-03 -5.053590e-01 -1.464255e-02 -4.415787e-03 9.998830e-01 1.975694e+01
9.999359e-01 -2.696309e-03 -1.099814e-02 -1.015199e+00 2.674088e-03 9.999944e-01 -2.034680e-03 -5.159732e-01 1.100356e-02 2.005139e-03 9.999374e-01 2.090942e+01
9.998917e-01 3.592086e-03 1.427193e-02 -1.091113e+00 -3.638308e-03 9.999882e-01 3.214066e-03 -5.207492e-01 -1.426022e-02 -3.265642e-03 9.998930e-01 2.137489e+01
9.998015e-01 -1.888581e-03 -1.983189e-02 -1.126901e+00 1.812347e-03 9.999909e-01 -3.861289e-03 -5.264520e-01 1.983900e-02 3.824580e-03 9.997959e-01 2.167451e+01
9.998645e-01 3.133329e-03 1.616291e-02 -1.125385e+00 -3.208739e-03 9.999841e-01 4.641793e-03 -5.340649e-01 -1.614810e-02 -4.693025e-03 9.998586e-01 2.200705e+01
9.997907e-01 -1.854455e-03 -2.037209e-02 -1.064496e+00 1.785234e-03 9.999926e-01 -3.415497e-03 -5.477213e-01 2.037827e-02 3.378413e-03 9.997866e-01 2.245699e+01
9.998367e-01 2.787600e-03 1.785514e-02 -1.054759e+00 -2.864248e-03 9.999868e-01 4.268666e-03 -5.589135e-01 -1.784301e-02 -4.319110e-03 9.998315e-01 2.281865e+01
9.997395e-01 -1.845384e-03 -2.275086e-02 -1.034727e+00 1.763079e-03 9.999918e-01 -3.637192e-03 -5.687661e-01 2.275739e-02 3.596132e-03 9.997345e-01 2.307983e+01
9.998259e-01 2.463235e-03 1.849500e-02 -1.028396e+00 -2.535140e-03 9.999893e-01 3.865375e-03 -5.755608e-01 -1.848528e-02 -3.911589e-03 9.998215e-01 2.320520e+01
9.996513e-01 -1.318316e-03 -2.637185e-02 -9.759774e-01 1.235042e-03 9.999942e-01 -3.173686e-03 -5.874039e-01 2.637588e-02 3.140009e-03 9.996472e-01 2.344668e+01
9.997522e-01 1.676418e-03 2.219969e-02 -9.321493e-01 -1.738509e-03 9.999946e-01 2.777952e-03 -5.908012e-01 -2.219491e-02 -2.815857e-03 9.997497e-01 2.340796e+01
9.995819e-01 -1.176428e-03 -2.888967e-02 -8.981630e-01 1.066874e-03 9.999922e-01 -3.807264e-03 -5.933038e-01 2.889393e-02 3.774849e-03 9.995754e-01 2.334489e+01
9.994532e-01 4.079651e-03 3.281381e-02 -1.078975e+00 -4.238184e-03 9.999797e-01 4.763194e-03 -5.977240e-01 -3.279371e-02 -4.899660e-03 9.994501e-01 2.425562e+01
9.993752e-01 -2.910210e-03 -3.522380e-02 -1.186480e+00 2.728262e-03 9.999827e-01 -5.212454e-03 -5.965555e-01 3.523836e-02 5.113097e-03 9.993659e-01 2.445182e+01
9.996913e-01 4.810287e-03 2.437646e-02 -1.016588e+00 -4.940811e-03 9.999738e-01 5.297094e-03 -6.062643e-01 -2.435034e-02 -5.415897e-03 9.996888e-01 2.468586e+01
9.995907e-01 -3.553038e-03 -2.838654e-02 -7.767318e-01 3.427778e-03 9.999842e-01 -4.460093e-03 -6.197425e-01 2.840194e-02 4.360964e-03 9.995871e-01 2.514017e+01
9.997602e-01 3.734790e-03 2.157789e-02 -5.867425e-01 -3.813785e-03 9.999862e-01 3.620945e-03 -6.233778e-01 -2.156406e-02 -3.702370e-03 9.997606e-01 2.496867e+01
9.996189e-01 -3.419830e-03 -2.739344e-02 -5.293747e-01 3.299026e-03 9.999846e-01 -4.453907e-03 -6.283504e-01 2.740825e-02 4.361838e-03 9.996148e-01 2.494033e+01
9.997456e-01 3.349817e-03 2.230693e-02 -3.942536e-01 -3.437079e-03 9.999866e-01 3.874694e-03 -6.314693e-01 -2.229365e-02 -3.950378e-03 9.997437e-01 2.476351e+01
9.996244e-01 -3.419907e-03 -2.719127e-02 -1.868025e-01 3.269748e-03 9.999792e-01 -5.564854e-03 -6.335550e-01 2.720974e-02 5.473855e-03 9.996148e-01 2.447431e+01
9.997633e-01 3.354528e-03 2.149678e-02 -6.416517e-02 -3.450552e-03 9.999842e-01 4.431392e-03 -6.362933e-01 -2.148157e-02 -4.504519e-03 9.997591e-01 2.431202e+01
9.995343e-01 -1.915014e-03 -3.045460e-02 -3.645502e-02 1.823213e-03 9.999937e-01 -3.041826e-03 -6.483628e-01 3.046024e-02 2.984884e-03 9.995315e-01 2.476276e+01
9.995716e-01 2.951873e-03 2.911903e-02 -1.024355e-02 -3.074402e-03 9.999866e-01 4.164006e-03 -6.604981e-01 -2.910635e-02 -4.251745e-03 9.995673e-01 2.525151e+01
9.993223e-01 -1.667402e-03 -3.677249e-02 5.469793e-02 1.566485e-03 9.999949e-01 -2.773004e-03 -6.740855e-01 3.677693e-02 2.713520e-03 9.993198e-01 2.563250e+01
9.993651e-01 2.572458e-03 3.553592e-02 7.093054e-02 -2.707875e-03 9.999893e-01 3.763093e-03 -6.861859e-01 -3.552586e-02 -3.856930e-03 9.993613e-01 2.601811e+01
9.992160e-01 -1.691195e-03 -3.955513e-02 6.610339e-02 1.570332e-03 9.999940e-01 -3.086441e-03 -6.949497e-01 3.956011e-02 3.021905e-03 9.992126e-01 2.638702e+01
9.994111e-01 2.232059e-03 3.424228e-02 1.312898e-01 -2.356430e-03 9.999908e-01 3.592151e-03 -7.020544e-01 -3.423394e-02 -3.670724e-03 9.994071e-01 2.649757e+01
9.990979e-01 -1.628987e-04 -4.246507e-02 3.219061e-01 6.552222e-05 9.999974e-01 -2.294473e-03 -7.165015e-01 4.246533e-02 2.289620e-03 9.990953e-01 2.713075e+01
9.991970e-01 1.744163e-03 4.002937e-02 4.980448e-01 -1.920488e-03 9.999886e-01 4.366887e-03 -7.351878e-01 -4.002130e-02 -4.440255e-03 9.991890e-01 2.790408e+01
9.988461e-01 -2.239933e-04 -4.802593e-02 6.137561e-01 7.828787e-05 9.999954e-01 -3.035746e-03 -7.486640e-01 4.802639e-02 3.028482e-03 9.988415e-01 2.832254e+01
9.987165e-01 2.624841e-03 5.058183e-02 5.115638e-01 -2.860593e-03 9.999854e-01 4.588967e-03 -7.587255e-01 -5.056904e-02 -4.727770e-03 9.987094e-01 2.938923e+01
9.989922e-01 -1.088876e-03 -4.487076e-02 2.990746e-01 9.054556e-04 9.999912e-01 -4.107859e-03 -7.544642e-01 4.487483e-02 4.063090e-03 9.989844e-01 3.006035e+01
9.992442e-01 1.387098e-03 3.884824e-02 3.456676e-01 -1.509555e-03 9.999940e-01 3.123035e-03 -7.571817e-01 -3.884367e-02 -3.179317e-03 9.992402e-01 2.998071e+01
9.989661e-01 -8.036298e-04 -4.545380e-02 3.685895e-01 6.304372e-04 9.999925e-01 -3.824502e-03 -7.588614e-01 4.545653e-02 3.791892e-03 9.989591e-01 2.992490e+01
9.992332e-01 1.073377e-03 3.913981e-02 4.856147e-01 -1.181838e-03 9.999955e-01 2.748108e-03 -7.610773e-01 -3.913669e-02 -2.792257e-03 9.992300e-01 2.977431e+01
9.988238e-01 1.823524e-04 -4.848633e-02 5.021955e-01 -3.698424e-04 9.999925e-01 -3.857916e-03 -7.615120e-01 4.848526e-02 3.871310e-03 9.988164e-01 2.976945e+01
9.990935e-01 1.530338e-03 4.254297e-02 4.791467e-01 -1.665236e-03 9.999937e-01 3.135615e-03 -7.600673e-01 -4.253790e-02 -3.203616e-03 9.990897e-01 2.974775e+01
9.987340e-01 4.491232e-05 -5.030325e-02 4.229975e-01 -3.139302e-04 9.999857e-01 -5.340030e-03 -7.565069e-01 5.030229e-02 5.349060e-03 9.987197e-01 2.969837e+01
9.990460e-01 1.091681e-03 4.365747e-02 3.568292e-01 -1.270604e-03 9.999909e-01 4.070816e-03 -7.556122e-01 -4.365263e-02 -4.122403e-03 9.990383e-01 2.973363e+01
9.986763e-01 -3.728684e-04 -5.143395e-02 3.791897e-01 1.479325e-04 9.999904e-01 -4.377029e-03 -7.593995e-01 5.143509e-02 4.363626e-03 9.986668e-01 2.975033e+01
9.989728e-01 6.404599e-04 4.530890e-02 4.812467e-01 -7.938619e-04 9.999940e-01 3.367786e-03 -7.611556e-01 -4.530647e-02 -3.400295e-03 9.989673e-01 2.959900e+01
9.986923e-01 2.613866e-04 -5.112449e-02 4.456519e-01 -5.069373e-04 9.999884e-01 -4.790084e-03 -7.623381e-01 5.112265e-02 4.809736e-03 9.986808e-01 2.964754e+01
9.987885e-01 2.498159e-04 4.920763e-02 3.773076e-01 -4.711253e-04 9.999898e-01 4.485920e-03 -7.643209e-01 -4.920600e-02 -4.503668e-03 9.987785e-01 2.986003e+01
9.985201e-01 2.889460e-05 -5.438397e-02 4.147045e-01 -2.994566e-04 9.999876e-01 -4.966885e-03 -7.680595e-01 5.438316e-02 4.975819e-03 9.985077e-01 2.981581e+01
9.988589e-01 1.990766e-04 4.775794e-02 4.977121e-01 -3.917991e-04 9.999918e-01 4.026080e-03 -7.690194e-01 -4.775675e-02 -4.040197e-03 9.988508e-01 2.966528e+01
9.984815e-01 1.079288e-03 -5.507709e-02 5.724626e-01 -1.440129e-03 9.999778e-01 -6.512291e-03 -7.642583e-01 5.506884e-02 6.581720e-03 9.984609e-01 2.946853e+01
9.988008e-01 5.504098e-05 4.895960e-02 5.686836e-01 -2.767894e-04 9.999897e-01 4.522449e-03 -7.612611e-01 -4.895885e-02 -4.530576e-03 9.987905e-01 2.940372e+01
9.985476e-01 1.131738e-03 -5.386459e-02 4.697573e-01 -1.450515e-03 9.999817e-01 -5.879381e-03 -7.574218e-01 5.385695e-02 5.948972e-03 9.985309e-01 2.948053e+01
9.988274e-01 -2.146581e-04 4.841283e-02 4.465946e-01 -3.217319e-05 9.999870e-01 5.097638e-03 -7.576534e-01 -4.841330e-02 -5.093217e-03 9.988144e-01 2.948627e+01
9.985549e-01 1.768444e-03 -5.371187e-02 4.054984e-01 -2.123939e-03 9.999762e-01 -6.562178e-03 -7.540123e-01 5.369899e-02 6.666775e-03 9.985349e-01 2.950396e+01
9.988509e-01 -1.049220e-03 4.791457e-02 3.712526e-01 7.788539e-04 9.999837e-01 5.660994e-03 -7.519266e-01 -4.791973e-02 -5.617170e-03 9.988354e-01 2.949888e+01
9.985887e-01 1.046066e-03 -5.309966e-02 5.024167e-01 -1.413390e-03 9.999753e-01 -6.880562e-03 -7.542103e-01 5.309115e-02 6.945901e-03 9.985655e-01 2.931284e+01
9.989057e-01 -5.640047e-04 4.676666e-02 6.188685e-01 3.109964e-04 9.999853e-01 5.417120e-03 -7.537897e-01 -4.676903e-02 -5.396647e-03 9.988912e-01 2.908962e+01
9.985496e-01 1.727146e-03 -5.381187e-02 6.401812e-01 -2.131782e-03 9.999699e-01 -7.462949e-03 -7.492190e-01 5.379736e-02 7.566839e-03 9.985232e-01 2.896229e+01
9.988784e-01 -8.781982e-04 4.734063e-02 6.868312e-01 6.202900e-04 9.999849e-01 5.462346e-03 -7.466647e-01 -4.734471e-02 -5.426854e-03 9.988639e-01 2.882904e+01
9.985649e-01 1.515547e-03 -5.353369e-02 7.542501e-01 -1.917127e-03 9.999704e-01 -7.450893e-03 -7.468950e-01 5.352081e-02 7.542830e-03 9.985382e-01 2.870080e+01
9.988476e-01 -1.652713e-03 4.796618e-02 8.724215e-01 1.331766e-03 9.999765e-01 6.722307e-03 -7.485424e-01 -4.797616e-02 -6.650680e-03 9.988263e-01 2.850808e+01
9.986770e-01 1.519056e-03 -5.139925e-02 1.164699e+00 -1.948272e-03 9.999636e-01 -8.301544e-03 -7.503770e-01 5.138477e-02 8.390700e-03 9.986437e-01 2.811330e+01
9.989992e-01 -9.115589e-04 4.471769e-02 1.323837e+00 6.202354e-04 9.999785e-01 6.528175e-03 -7.486952e-01 -4.472267e-02 -6.493906e-03 9.989783e-01 2.780547e+01
9.986666e-01 1.693278e-03 -5.159591e-02 1.358958e+00 -2.169612e-03 9.999555e-01 -9.177395e-03 -7.454613e-01 5.157808e-02 9.277101e-03 9.986259e-01 2.765426e+01
9.989922e-01 -1.371763e-03 4.486232e-02 1.375868e+00 1.018921e-03 9.999684e-01 7.886908e-03 -7.447469e-01 -4.487172e-02 -7.833248e-03 9.989620e-01 2.754026e+01
9.987196e-01 1.261264e-03 -5.057169e-02 1.463565e+00 -1.731398e-03 9.999557e-01 -9.253640e-03 -7.458581e-01 5.055778e-02 9.329351e-03 9.986776e-01 2.737933e+01
9.989848e-01 -1.374617e-03 4.502857e-02 1.618347e+00 1.021164e-03 9.999685e-01 7.871615e-03 -7.472530e-01 -4.503797e-02 -7.817641e-03 9.989547e-01 2.714237e+01
9.987266e-01 1.144690e-03 -5.043641e-02 1.767258e+00 -1.624587e-03 9.999538e-01 -9.474927e-03 -7.477272e-01 5.042323e-02 9.544799e-03 9.986823e-01 2.690366e+01
9.990053e-01 -1.141605e-03 4.457679e-02 1.880411e+00 8.028350e-04 9.999707e-01 7.616859e-03 -7.477791e-01 -4.458418e-02 -7.573494e-03 9.989769e-01 2.669384e+01
9.987078e-01 1.320540e-03 -5.080272e-02 1.944096e+00 -1.803706e-03 9.999536e-01 -9.465967e-03 -7.465884e-01 5.078786e-02 9.545368e-03 9.986638e-01 2.652212e+01
9.989884e-01 -1.382309e-03 4.494791e-02 2.025511e+00 1.025718e-03 9.999678e-01 7.955537e-03 -7.458859e-01 -4.495746e-02 -7.901385e-03 9.989577e-01 2.634070e+01
9.987429e-01 1.127077e-03 -5.011251e-02 2.125714e+00 -1.609174e-03 9.999528e-01 -9.580994e-03 -7.469466e-01 5.009935e-02 9.649589e-03 9.986976e-01 2.616771e+01
9.989953e-01 -1.439136e-03 4.479277e-02 2.235037e+00 1.068056e-03 9.999649e-01 8.307210e-03 -7.495119e-01 -4.480315e-02 -8.251021e-03 9.989618e-01 2.600508e+01
9.987497e-01 1.066149e-03 -4.997889e-02 2.350667e+00 -1.544050e-03 9.999534e-01 -9.524426e-03 -7.518570e-01 4.996641e-02 9.589687e-03 9.987049e-01 2.583246e+01
9.989374e-01 -1.516432e-03 4.606215e-02 2.552642e+00 1.144360e-03 9.999665e-01 8.102926e-03 -7.544910e-01 -4.607289e-02 -8.041604e-03 9.989057e-01 2.556959e+01
9.987168e-01 1.255283e-03 -5.062785e-02 2.774308e+00 -1.750513e-03 9.999510e-01 -9.738617e-03 -7.551724e-01 5.061315e-02 9.814744e-03 9.986701e-01 2.524050e+01
9.989702e-01 -1.394965e-03 4.535008e-02 2.894212e+00 1.015299e-03 9.999643e-01 8.393852e-03 -7.569102e-01 -4.536017e-02 -8.339163e-03 9.989359e-01 2.504708e+01
9.987267e-01 8.624786e-04 -5.044029e-02 3.022412e+00 -1.335755e-03 9.999554e-01 -9.349936e-03 -7.587879e-01 5.042998e-02 9.405406e-03 9.986833e-01 2.484823e+01
9.989157e-01 -1.117906e-03 4.654117e-02 3.222859e+00 7.616897e-04 9.999703e-01 7.670827e-03 -7.622410e-01 -4.654836e-02 -7.627059e-03 9.988869e-01 2.459494e+01
9.986770e-01 5.864659e-04 -5.141912e-02 3.402952e+00 -1.026508e-03 9.999631e-01 -8.531958e-03 -7.660295e-01 5.141221e-02 8.573452e-03 9.986407e-01 2.434974e+01
9.988335e-01 -1.002196e-03 4.827741e-02 3.664352e+00 6.750879e-04 9.999767e-01 6.791426e-03 -7.695938e-01 -4.828309e-02 -6.750911e-03 9.988109e-01 2.402294e+01
9.986232e-01 4.850632e-04 -5.245434e-02 3.881274e+00 -8.621038e-04 9.999740e-01 -7.165584e-03 -7.761872e-01 5.244949e-02 7.200939e-03 9.985976e-01 2.378570e+01
9.989323e-01 9.479570e-05 4.619726e-02 3.967692e+00 -4.196452e-04 9.999753e-01 7.022151e-03 -7.863553e-01 -4.619545e-02 -7.034039e-03 9.989077e-01 2.399354e+01
9.988271e-01 3.888362e-04 -4.841834e-02 4.001032e+00 -6.962989e-04 9.999797e-01 -6.333418e-03 -7.954306e-01 4.841489e-02 6.359703e-03 9.988071e-01 2.432048e+01
9.989885e-01 4.691603e-04 4.496381e-02 4.017221e+00 -7.963267e-04 9.999733e-01 7.258586e-03 -8.045437e-01 -4.495920e-02 -7.287050e-03 9.989622e-01 2.465914e+01
9.988408e-01 -2.028470e-04 -4.813450e-02 4.049884e+00 -1.522018e-04 9.999728e-01 -7.372395e-03 -8.097479e-01 4.813468e-02 7.371174e-03 9.988137e-01 2.473582e+01
9.990612e-01 -1.081148e-04 4.332191e-02 4.208640e+00 -1.700776e-04 9.999794e-01 6.417787e-03 -8.132847e-01 -4.332172e-02 -6.419129e-03 9.990406e-01 2.452171e+01
9.988509e-01 -2.382748e-04 -4.792563e-02 4.389911e+00 -1.024734e-04 9.999747e-01 -7.107346e-03 -8.181466e-01 4.792612e-02 7.104090e-03 9.988256e-01 2.432766e+01
9.990467e-01 -6.563613e-05 4.365447e-02 4.568608e+00 -1.926371e-04 9.999825e-01 5.912082e-03 -8.216836e-01 -4.365409e-02 -5.914855e-03 9.990292e-01 2.409595e+01
9.987561e-01 3.021774e-04 -4.986054e-02 4.849225e+00 -6.161267e-04 9.999801e-01 -6.281291e-03 -8.291472e-01 4.985764e-02 6.304198e-03 9.987364e-01 2.389674e+01
9.988700e-01 -1.051583e-03 4.751432e-02 5.219438e+00 7.550984e-04 9.999801e-01 6.257423e-03 -8.395838e-01 -4.751995e-02 -6.214474e-03 9.988510e-01 2.362608e+01
9.986039e-01 1.581724e-03 -5.279837e-02 5.344021e+00 -1.979412e-03 9.999701e-01 -7.480741e-03 -8.448774e-01 5.278496e-02 7.574807e-03 9.985772e-01 2.353330e+01
9.988056e-01 -8.103102e-04 4.885359e-02 5.367978e+00 4.556595e-04 9.999735e-01 7.270166e-03 -8.529961e-01 -4.885819e-02 -7.239222e-03 9.987795e-01 2.373731e+01
9.988092e-01 2.242190e-03 -4.873543e-02 5.286067e+00 -2.534618e-03 9.999791e-01 -5.939341e-03 -8.601880e-01 4.872110e-02 6.055793e-03 9.987941e-01 2.427729e+01
9.988865e-01 -1.711460e-03 4.714667e-02 5.248535e+00 1.411044e-03 9.999785e-01 6.404495e-03 -8.660027e-01 -4.715662e-02 -6.330837e-03 9.988674e-01 2.452282e+01
9.986077e-01 1.431019e-03 -5.273119e-02 5.344163e+00 -1.799311e-03 9.999743e-01 -6.937515e-03 -8.712042e-01 5.271991e-02 7.022736e-03 9.985846e-01 2.442230e+01
9.988697e-01 -1.621466e-03 4.750424e-02 5.487965e+00 1.326404e-03 9.999796e-01 6.242154e-03 -8.747992e-01 -4.751340e-02 -6.172088e-03 9.988515e-01 2.422867e+01
9.985850e-01 1.501686e-03 -5.315844e-02 5.619109e+00 -1.894859e-03 9.999712e-01 -7.346607e-03 -8.797202e-01 5.314588e-02 7.436938e-03 9.985591e-01 2.408513e+01
9.988779e-01 -6.577419e-04 4.735575e-02 5.632627e+00 2.976986e-04 9.999710e-01 7.609607e-03 -8.871253e-01 -4.735938e-02 -7.586969e-03 9.988491e-01 2.429950e+01
9.987830e-01 1.216151e-03 -4.930546e-02 5.591880e+00 -1.568198e-03 9.999736e-01 -7.102050e-03 -8.919902e-01 4.929552e-02 7.170727e-03 9.987585e-01 2.452760e+01
9.990287e-01 -1.186732e-03 4.404851e-02 5.815609e+00 8.924451e-04 9.999772e-01 6.700033e-03 -8.998150e-01 -4.405545e-02 -6.654214e-03 9.990069e-01 2.432141e+01
9.988390e-01 1.172013e-03 -4.815798e-02 6.020121e+00 -1.517328e-03 9.999734e-01 -7.134518e-03 -9.046120e-01 4.814833e-02 7.199306e-03 9.988143e-01 2.405318e+01
9.990820e-01 -1.343098e-03 4.281727e-02 6.174399e+00 1.083849e-03 9.999809e-01 6.077431e-03 -9.083111e-01 -4.282461e-02 -6.025444e-03 9.990644e-01 2.386622e+01
9.988470e-01 1.082963e-03 -4.799423e-02 6.353439e+00 -1.403258e-03 9.999770e-01 -6.640423e-03 -9.138376e-01 4.798593e-02 6.700114e-03 9.988255e-01 2.367893e+01
9.991575e-01 -7.732445e-04 4.103315e-02 6.406293e+00 4.947532e-04 9.999768e-01 6.796715e-03 -9.234201e-01 -4.103745e-02 -6.770687e-03 9.991347e-01 2.383144e+01
9.989040e-01 9.636989e-04 -4.679547e-02 6.483104e+00 -1.277877e-03 9.999768e-01 -6.684399e-03 -9.313524e-01 4.678794e-02 6.736871e-03 9.988821e-01 2.388094e+01
9.991466e-01 -1.088889e-03 4.129131e-02 6.591843e+00 8.231813e-04 9.999789e-01 6.451425e-03 -9.366429e-01 -4.129747e-02 -6.411929e-03 9.991263e-01 2.376740e+01
9.989531e-01 8.325099e-04 -4.573763e-02 6.744594e+00 -1.191761e-03 9.999687e-01 -7.827892e-03 -9.403859e-01 4.572968e-02 7.874205e-03 9.989228e-01 2.357525e+01
9.991564e-01 -1.127530e-03 4.105052e-02 6.928886e+00 8.479194e-04 9.999763e-01 6.828153e-03 -9.435285e-01 -4.105725e-02 -6.787585e-03 9.991337e-01 2.333528e+01
9.989442e-01 9.565462e-04 -4.593056e-02 7.149419e+00 -1.330573e-03 9.999662e-01 -8.113431e-03 -9.460827e-01 4.592124e-02 8.165978e-03 9.989117e-01 2.306459e+01
9.991604e-01 -1.227216e-03 4.095014e-02 7.344515e+00 9.473163e-04 9.999761e-01 6.853843e-03 -9.489781e-01 -4.095757e-02 -6.809296e-03 9.991377e-01 2.282586e+01
9.988978e-01 9.310062e-04 -4.692927e-02 7.525230e+00 -1.293500e-03 9.999696e-01 -7.694472e-03 -9.514364e-01 4.692068e-02 7.746694e-03 9.988686e-01 2.259077e+01
9.991684e-01 -1.082085e-03 4.076013e-02 7.673966e+00 8.058418e-04 9.999766e-01 6.793128e-03 -9.564698e-01 -4.076653e-02 -6.754632e-03 9.991459e-01 2.248544e+01
9.989071e-01 1.224044e-03 -4.672458e-02 7.722208e+00 -1.537525e-03 9.999765e-01 -6.673759e-03 -9.640813e-01 4.671531e-02 6.738305e-03 9.988855e-01 2.253726e+01
9.991483e-01 -1.402034e-03 4.124044e-02 7.814411e+00 1.143092e-03 9.999795e-01 6.301742e-03 -9.684358e-01 -4.124843e-02 -6.249232e-03 9.991294e-01 2.243137e+01
9.988966e-01 1.592989e-03 -4.693691e-02 7.837763e+00 -1.938853e-03 9.999713e-01 -7.324084e-03 -9.708280e-01 4.692389e-02 7.407005e-03 9.988710e-01 2.238302e+01
9.991865e-01 -1.350030e-03 4.030451e-02 7.840934e+00 1.079470e-03 9.999767e-01 6.733925e-03 -9.725339e-01 -4.031266e-02 -6.684939e-03 9.991648e-01 2.235101e+01
9.989477e-01 1.015814e-03 -4.585292e-02 7.980538e+00 -1.361677e-03 9.999709e-01 -7.512270e-03 -9.760019e-01 4.584396e-02 7.566801e-03 9.989200e-01 2.217057e+01
9.991504e-01 -1.222851e-03 4.119435e-02 8.162397e+00 9.672696e-04 9.999802e-01 6.223648e-03 -9.793638e-01 -4.120115e-02 -6.178514e-03 9.991318e-01 2.193723e+01
9.989697e-01 9.534918e-04 -4.537156e-02 8.359043e+00 -1.292842e-03 9.999714e-01 -7.450595e-03 -9.834960e-01 4.536315e-02 7.501576e-03 9.989424e-01 2.169447e+01
9.989209e-01 1.080215e-03 4.643172e-02 8.133935e+00 -1.428725e-03 9.999711e-01 7.473335e-03 -9.780685e-01 -4.642231e-02 -7.531607e-03 9.988935e-01 2.232723e+01
9.992465e-01 -2.716645e-04 -3.881309e-02 7.898745e+00 -4.958351e-05 9.999658e-01 -8.275583e-03 -9.655660e-01 3.881401e-02 8.271271e-03 9.992122e-01 2.287214e+01
9.994536e-01 1.038843e-03 3.303720e-02 8.170635e+00 -1.238979e-03 9.999810e-01 6.038016e-03 -9.686362e-01 -3.303030e-02 -6.075648e-03 9.994359e-01 2.256045e+01
9.992710e-01 -1.289397e-03 -3.815587e-02 8.300608e+00 1.029463e-03 9.999761e-01 -6.831277e-03 -9.720013e-01 3.816377e-02 6.787017e-03 9.992484e-01 2.236144e+01
9.994592e-01 1.234486e-03 3.285883e-02 8.399567e+00 -1.420207e-03 9.999831e-01 5.629369e-03 -9.748240e-01 -3.285133e-02 -5.672991e-03 9.994441e-01 2.222040e+01
9.992707e-01 2.031494e-04 -3.818436e-02 8.351345e+00 -4.087769e-04 9.999855e-01 -5.377384e-03 -9.797323e-01 3.818271e-02 5.389071e-03 9.992562e-01 2.250453e+01
9.992136e-01 1.118481e-03 3.963579e-02 8.226425e+00 -1.370788e-03 9.999790e-01 6.339032e-03 -9.857732e-01 -3.962787e-02 -6.388378e-03 9.991941e-01 2.308809e+01
9.990174e-01 -7.114206e-04 -4.431397e-02 8.255535e+00 4.277752e-04 9.999794e-01 -6.409956e-03 -9.906946e-01 4.431762e-02 6.384701e-03 9.989971e-01 2.313885e+01
9.990415e-01 2.718831e-03 4.368901e-02 8.098240e+00 -2.995846e-03 9.999758e-01 6.276395e-03 -9.894017e-01 -4.367089e-02 -6.401264e-03 9.990255e-01 2.367946e+01
9.992803e-01 -1.405465e-03 -3.790745e-02 7.847942e+00 1.169812e-03 9.999799e-01 -6.237985e-03 -9.836605e-01 3.791546e-02 6.189150e-03 9.992618e-01 2.431787e+01
9.994589e-01 2.079487e-03 3.282549e-02 7.849527e+00 -2.263946e-03 9.999819e-01 5.583211e-03 -9.867506e-01 -3.281329e-02 -5.654505e-03 9.994455e-01 2.434890e+01
9.992781e-01 -2.268951e-03 -3.792328e-02 7.957563e+00 2.018341e-03 9.999759e-01 -6.645307e-03 -9.902411e-01 3.793744e-02 6.563967e-03 9.992586e-01 2.420793e+01
9.995178e-01 2.513827e-03 3.094765e-02 7.988353e+00 -2.700324e-03 9.999784e-01 5.985877e-03 -9.961023e-01 -3.093193e-02 -6.066559e-03 9.995031e-01 2.424661e+01
9.993320e-01 -1.966469e-03 -3.649289e-02 8.055804e+00 1.766601e-03 9.999833e-01 -5.508342e-03 -1.005773e+00 3.650312e-02 5.440193e-03 9.993187e-01 2.441349e+01
9.995590e-01 2.362078e-03 2.960064e-02 8.136900e+00 -2.539070e-03 9.999791e-01 5.943161e-03 -1.015684e+00 -2.958599e-02 -6.015698e-03 9.995441e-01 2.454068e+01
9.994000e-01 -2.232615e-03 -3.456283e-02 8.301304e+00 2.026371e-03 9.999799e-01 -6.001075e-03 -1.023434e+00 3.457554e-02 5.927437e-03 9.993845e-01 2.448066e+01
9.995080e-01 1.953043e-03 3.130359e-02 8.498396e+00 -2.128848e-03 9.999821e-01 5.583802e-03 -1.031291e+00 -3.129213e-02 -5.647695e-03 9.994943e-01 2.432550e+01
9.993415e-01 -5.574265e-04 -3.627960e-02 8.486780e+00 3.954064e-04 9.999899e-01 -4.472883e-03 -1.041144e+00 3.628173e-02 4.455592e-03 9.993317e-01 2.488164e+01
9.993668e-01 1.969477e-03 3.552769e-02 8.536104e+00 -2.179240e-03 9.999804e-01 5.866460e-03 -1.053184e+00 -3.551544e-02 -5.940168e-03 9.993515e-01 2.539696e+01
9.990720e-01 -1.405774e-03 -4.304868e-02 8.869363e+00 1.150942e-03 9.999817e-01 -5.943822e-03 -1.063587e+00 4.305625e-02 5.888759e-03 9.990553e-01 2.550724e+01
9.995171e-01 3.757666e-03 3.084636e-02 9.219336e+00 -4.019256e-03 9.999565e-01 8.422806e-03 -1.082197e+00 -3.081337e-02 -8.542718e-03 9.994886e-01 2.592882e+01
9.993157e-01 -2.836740e-03 -3.688031e-02 9.508200e+00 2.536817e-03 9.999634e-01 -8.176586e-03 -1.091927e+00 3.690216e-02 8.077431e-03 9.992862e-01 2.594915e+01
9.994352e-01 2.359758e-03 3.352281e-02 9.736397e+00 -2.625835e-03 9.999654e-01 7.895392e-03 -1.098789e+00 -3.350302e-02 -7.978958e-03 9.994068e-01 2.567722e+01
9.993007e-01 -2.471652e-03 -3.731003e-02 9.904553e+00 2.130770e-03 9.999557e-01 -9.173457e-03 -1.103346e+00 3.733104e-02 9.087542e-03 9.992616e-01 2.549216e+01
9.994829e-01 3.375854e-03 3.197648e-02 1.022813e+01 -3.654542e-03 9.999558e-01 8.660980e-03 -1.110922e+00 -3.194583e-02 -8.773360e-03 9.994511e-01 2.528049e+01
9.994262e-01 -4.358489e-03 -3.359061e-02 1.056392e+01 4.040886e-03 9.999465e-01 -9.517186e-03 -1.118231e+00 3.363029e-02 9.375988e-03 9.993904e-01 2.493121e+01
9.995689e-01 4.092229e-03 2.907305e-02 1.073428e+01 -4.338098e-03 9.999553e-01 8.398899e-03 -1.123810e+00 -2.903738e-02 -8.521399e-03 9.995420e-01 2.475243e+01
9.994275e-01 -4.250851e-03 -3.356429e-02 1.091232e+01 3.937691e-03 9.999482e-01 -9.390720e-03 -1.128362e+00 3.360247e-02 9.253177e-03 9.993924e-01 2.454158e+01
9.995584e-01 3.878159e-03 2.946179e-02 1.117650e+01 -4.105832e-03 9.999621e-01 7.671173e-03 -1.133280e+00 -2.943092e-02 -7.788750e-03 9.995365e-01 2.423091e+01
9.993469e-01 -2.870970e-03 -3.602009e-02 1.177852e+01 2.536052e-03 9.999532e-01 -9.340337e-03 -1.148623e+00 3.604521e-02 9.242888e-03 9.993074e-01 2.384083e+01
