1.000000e+00 1.197625e-11 1.704638e-10 5.551115e-17 1.197625e-11 1.000000e+00 3.562503e-10 0.000000e+00 1.704638e-10 3.562503e-10 1.000000e+00 2.220446e-16 0.000000e+00 0.000000e+00 0.000000e+00 1.000000e+00
9.920598e-01 -2.259880e-02 1.237203e-01 8.035648e-02 3.693002e-03 9.885340e-01 1.509535e-01 -2.877632e-02 -1.257131e-01 -1.492980e-01 9.807682e-01 1.362129e+00
9.987531e-01 1.441848e-02 -4.779429e-02 -6.067550e-02 -1.543330e-02 9.996618e-01 -2.093238e-02 -4.090082e-02 4.747631e-02 2.164391e-02 9.986378e-01 2.465893e+00
9.483415e-01 1.051396e-02 3.170771e-01 -8.483134e-02 -1.827239e-02 9.996018e-01 2.150484e-02 -6.144319e-02 -3.167247e-01 -2.618769e-02 9.481559e-01 3.280115e+00
9.994644e-01 1.615441e-02 2.846101e-02 -2.123919e-02 -1.544394e-02 9.995679e-01 -2.500839e-02 -8.505018e-02 -2.885271e-02 2.455545e-02 9.992820e-01 3.901424e+00
7.817007e-01 -3.892045e-02 6.224382e-01 2.066946e-01 5.458122e-02 9.984906e-01 -6.112204e-03 -1.135380e-01 -6.212608e-01 3.875135e-02 7.826451e-01 4.177089e+00
9.326910e-01 1.323547e-01 -3.355141e-01 3.173409e-01 -1.149788e-01 9.908108e-01 7.123033e-02 -1.387395e-01 3.418587e-01 -2.785886e-02 9.393383e-01 4.948572e+00
8.522073e-01 -1.687558e-01 4.952415e-01 3.436066e-01 1.440511e-01 9.856512e-01 8.798328e-02 -1.595825e-01 -5.029831e-01 -3.639917e-03 8.642886e-01 5.903080e+00
8.984143e-01 2.134206e-01 -3.838012e-01 2.166919e-01 -1.825865e-01 9.763784e-01 1.155311e-01 -1.757032e-01 3.993920e-01 -3.371786e-02 9.161600e-01 7.277141e+00
8.822164e-01 -2.331553e-01 4.090634e-01 5.202056e-02 1.923933e-01 9.714558e-01 1.387745e-01 -1.887039e-01 -4.297430e-01 -4.372811e-02 9.018918e-01 8.762027e+00
9.061726e-01 2.535907e-01 -3.384421e-01 -1.725546e-01 -2.413667e-01 9.672540e-01 7.849706e-02 -1.975076e-01 3.472656e-01 1.055677e-02 9.377074e-01 1.007579e+01
9.312791e-01 -2.436937e-01 2.707999e-01 -4.804194e-01 2.188530e-01 9.684854e-01 1.189091e-01 -1.964107e-01 -2.912432e-01 -5.147223e-02 9.552633e-01 1.164969e+01
9.149071e-01 3.070959e-01 -2.619868e-01 -8.466668e-01 -2.886095e-01 9.514102e-01 1.073461e-01 -1.974508e-01 2.822224e-01 -2.259984e-02 9.590828e-01 1.335084e+01
9.104390e-01 -3.224922e-01 2.590361e-01 -1.049394e+00 2.946885e-01 9.451443e-01 1.409291e-01 -2.079327e-01 -2.902750e-01 -5.197238e-02 9.555309e-01 1.471157e+01
9.304180e-01 3.174953e-01 -1.830823e-01 -1.233488e+00 -3.155348e-01 9.480478e-01 4.053610e-02 -2.176133e-01 1.864408e-01 2.005334e-02 9.822615e-01 1.580524e+01
9.155548e-01 -3.495745e-01 1.988897e-01 -1.354248e+00 3.193241e-01 9.324604e-01 1.689665e-01 -2.308229e-01 -2.445231e-01 -9.118779e-02 9.653462e-01 1.693011e+01
9.278590e-01 3.479974e-01 -1.340728e-01 -1.556236e+00 -3.473980e-01 9.372814e-01 2.860473e-02 -2.420775e-01 1.356183e-01 2.003549e-02 9.905586e-01 1.826241e+01
9.165011e-01 -3.712913e-01 1.488909e-01 -1.719815e+00 3.444169e-01 9.217084e-01 1.784117e-01 -2.544718e-01 -2.034767e-01 -1.122340e-01 9.726257e-01 1.949446e+01
9.200097e-01 3.813461e-01 -9.031802e-02 -1.870492e+00 -3.833658e-01 9.235802e-01 -5.497236e-03 -2.688427e-01 8.131959e-02 3.968235e-02 9.958978e-01 2.081387e+01
9.283543e-01 -3.617018e-01 8.561608e-02 -2.092115e+00 3.446011e-01 9.238694e-01 1.664797e-01 -2.776175e-01 -1.393141e-01 -1.250488e-01 9.823209e-01 2.199830e+01
9.306322e-01 3.589726e-01 -7.115075e-02 -2.300885e+00 -3.622499e-01 9.312284e-01 -3.985852e-02 -2.816167e-01 5.194948e-02 6.286798e-02 9.966689e-01 2.293381e+01
9.447489e-01 -3.251819e-01 -4.130726e-02 -2.581410e+00 3.277292e-01 9.345049e-01 1.389035e-01 -2.797476e-01 -6.567088e-03 -1.447666e-01 9.894440e-01 2.417354e+01
9.115797e-01 4.024061e-01 -8.421264e-02 -3.020264e+00 -4.024683e-01 9.152762e-01 1.699045e-02 -2.689111e-01 8.391489e-02 1.840477e-02 9.963029e-01 2.575169e+01
9.350501e-01 -3.265513e-01 -1.380054e-01 -3.511005e+00 3.384114e-01 9.381631e-01 7.299168e-02 -2.531646e-01 1.056360e-01 -1.149535e-01 9.877382e-01 2.734694e+01
9.143487e-01 4.023414e-01 4.569305e-02 -3.918514e+00 -4.035478e-01 9.147206e-01 2.086541e-02 -2.460740e-01 -3.340136e-02 -3.751759e-02 9.987376e-01 2.886007e+01
9.154143e-01 -3.672828e-01 -1.646817e-01 -4.302786e+00 3.822954e-01 9.213727e-01 7.016135e-02 -2.388051e-01 1.259641e-01 -1.271837e-01 9.838482e-01 3.012279e+01
9.121668e-01 3.795972e-01 1.544592e-01 -4.555834e+00 -3.777439e-01 9.249416e-01 -4.233941e-02 -2.390263e-01 -1.589376e-01 -1.972541e-02 9.870916e-01 3.109541e+01
9.135235e-01 -3.744800e-01 -1.588697e-01 -4.628591e+00 3.936166e-01 9.123181e-01 1.128788e-01 -2.518443e-01 1.026688e-01 -1.656512e-01 9.808256e-01 3.198321e+01
9.041579e-01 3.393229e-01 2.595350e-01 -4.670491e+00 -3.193033e-01 9.403883e-01 -1.171123e-01 -2.687131e-01 -2.838026e-01 2.301759e-02 9.586064e-01 3.294718e+01
8.838869e-01 -2.730182e-01 -3.797434e-01 -4.914086e+00 3.320211e-01 9.381324e-01 9.833444e-02 -2.672843e-01 3.294024e-01 -2.129993e-01 9.198507e-01 3.392078e+01
8.970341e-01 3.294094e-01 2.946512e-01 -5.171902e+00 -3.134163e-01 9.441862e-01 -1.014038e-01 -2.648332e-01 -3.116089e-01 -1.385839e-03 9.502094e-01 3.494196e+01
8.438648e-01 -2.175121e-01 -4.904904e-01 -5.553300e+00 2.646393e-01 9.639458e-01 2.782923e-02 -2.523467e-01 4.667529e-01 -1.532871e-01 8.710022e-01 3.616517e+01
9.020384e-01 2.789005e-01 3.294559e-01 -5.930567e+00 -2.907457e-01 9.567002e-01 -1.384227e-02 -2.393476e-01 -3.190512e-01 -8.330163e-02 9.440695e-01 3.737990e+01
8.381369e-01 -1.942169e-01 -5.097121e-01 -6.309086e+00 1.913985e-01 9.797617e-01 -5.859807e-02 -2.259416e-01 5.107771e-01 -4.844490e-02 8.583472e-01 3.858996e+01
8.861899e-01 1.677277e-01 4.318967e-01 -6.633471e+00 -2.193134e-01 9.729838e-01 7.213993e-02 -2.183949e-01 -4.081287e-01 -1.586504e-01 8.990334e-01 3.962372e+01
8.360969e-01 -1.504591e-01 -5.275454e-01 -6.903025e+00 1.258890e-01 9.886130e-01 -8.243925e-02 -2.129432e-01 5.339420e-01 2.515066e-03 8.455174e-01 4.061611e+01
8.774108e-01 7.886332e-02 4.732133e-01 -7.176839e+00 -1.581710e-01 9.787964e-01 1.301522e-01 -2.114200e-01 -4.529153e-01 -1.890456e-01 8.712804e-01 4.171446e+01
8.764383e-01 -1.070116e-01 -4.694724e-01 -7.381900e+00 9.010302e-02 9.942180e-01 -5.841251e-02 -2.176690e-01 4.730088e-01 8.894082e-03 8.810128e-01 4.276116e+01
8.567384e-01 2.074244e-02 5.153339e-01 -7.541139e+00 -1.038003e-01 9.856799e-01 1.328931e-01 -2.276727e-01 -5.051978e-01 -1.673464e-01 8.466229e-01 4.377628e+01
8.701239e-01 -5.078933e-02 -4.902089e-01 -7.683640e+00 3.555424e-02 9.985529e-01 -4.034859e-02 -2.379626e-01 4.915488e-01 1.767927e-02 8.706706e-01 4.473862e+01
8.340785e-01 -2.804028e-02 5.509327e-01 -7.796234e+00 -4.085787e-02 9.928241e-01 1.123871e-01 -2.487910e-01 -5.501306e-01 -1.162496e-01 8.269476e-01 4.553139e+01
8.630374e-01 1.084656e-02 -5.050235e-01 -7.913457e+00 -1.554623e-02 9.998662e-01 -5.092557e-03 -2.591720e-01 5.049007e-01 1.224628e-02 8.630905e-01 4.639333e+01
8.820772e-01 -6.106438e-02 4.671305e-01 -8.128657e+00 5.182914e-03 9.927617e-01 1.199893e-01 -2.612548e-01 -4.710763e-01 -1.034187e-01 8.760090e-01 4.737404e+01
8.830097e-01 5.277563e-02 -4.663781e-01 -8.302520e+00 -4.250683e-02 9.985668e-01 3.251877e-02 -2.693278e-01 4.674259e-01 -8.890139e-03 8.839875e-01 4.832554e+01
8.612791e-01 -1.286447e-01 4.915780e-01 -8.414292e+00 8.177129e-02 9.899026e-01 1.157860e-01 -2.813957e-01 -5.015096e-01 -5.952708e-02 8.631018e-01 4.916273e+01
8.934620e-01 1.015945e-01 -4.374977e-01 -8.535513e+00 -9.202965e-02 9.948243e-01 4.307147e-02 -2.919276e-01 4.396092e-01 1.780040e-03 8.981874e-01 4.991756e+01
8.897713e-01 -1.504392e-01 4.309003e-01 -8.720235e+00 1.205420e-01 9.880509e-01 9.604716e-02 -2.959380e-01 -4.402007e-01 -3.351842e-02 8.972736e-01 5.073642e+01
8.636443e-01 2.106798e-01 -4.579656e-01 -8.928114e+00 -2.174834e-01 9.753030e-01 3.853644e-02 -3.011129e-01 4.547741e-01 6.631813e-02 8.881342e-01 5.187227e+01
8.773472e-01 -2.971203e-01 3.768043e-01 -9.186983e+00 2.265616e-01 9.486978e-01 2.205500e-01 -3.046282e-01 -4.230033e-01 -1.081296e-01 8.996534e-01 5.294276e+01
9.093571e-01 2.374349e-01 -3.416056e-01 -9.283053e+00 -2.644732e-01 9.637885e-01 -3.414324e-02 -3.158641e-01 3.211287e-01 1.213939e-01 9.392230e-01 5.358748e+01
8.751375e-01 -3.316927e-01 3.522986e-01 -9.358333e+00 2.627159e-01 9.371304e-01 2.297108e-01 -3.273386e-01 -4.063431e-01 -1.084741e-01 9.072589e-01 5.417285e+01
8.959382e-01 2.863318e-01 -3.395715e-01 -9.470937e+00 -3.069791e-01 9.516870e-01 -7.468315e-03 -3.385322e-01 3.210274e-01 1.109325e-01 9.405506e-01 5.496002e+01
8.764288e-01 -3.610624e-01 3.186008e-01 -9.592801e+00 2.981208e-01 9.264465e-01 2.298280e-01 -3.486521e-01 -3.781489e-01 -1.064463e-01 9.196046e-01 5.572977e+01
8.105085e-01 3.627220e-01 -4.599007e-01 -9.856193e+00 -3.898953e-01 9.200536e-01 3.850892e-02 -3.438578e-01 4.371014e-01 1.481013e-01 8.871349e-01 5.675514e+01
8.550270e-01 -4.318715e-01 2.870815e-01 -1.018039e+01 3.876798e-01 8.999977e-01 1.992700e-01 -3.374124e-01 -3.444317e-01 -5.908558e-02 9.369502e-01 5.780458e+01
8.469300e-01 4.023383e-01 -3.476112e-01 -1.041523e+01 -4.162792e-01 9.084728e-01 3.726616e-02 -3.365022e-01 3.307889e-01 1.131415e-01 9.368979e-01 5.864036e+01
8.488808e-01 -4.575257e-01 2.647104e-01 -1.064037e+01 4.254110e-01 8.885815e-01 1.716050e-01 -3.360511e-01 -3.137305e-01 -3.306148e-02 9.489363e-01 5.944371e+01
8.384292e-01 4.509075e-01 -3.061355e-01 -1.084078e+01 -4.539174e-01 8.886196e-01 6.568193e-02 -3.383048e-01 3.016545e-01 8.389060e-02 9.497194e-01 6.035471e+01
8.979594e-01 -4.222240e-01 1.240801e-01 -1.115216e+01 4.115222e-01 9.055350e-01 1.032267e-01 -3.317282e-01 -1.559437e-01 -4.163169e-02 9.868882e-01 6.163827e+01
8.692901e-01 4.789759e-01 -1.221342e-01 -1.146745e+01 -4.732925e-01 8.778048e-01 7.384384e-02 -3.355140e-01 1.425794e-01 -6.386538e-03 9.897628e-01 6.302089e+01
9.001385e-01 -4.355263e-01 8.216272e-03 -1.178311e+01 4.336408e-01 8.977114e-01 7.790912e-02 -3.347417e-01 -4.130731e-02 -6.656608e-02 9.969266e-01 6.428712e+01
8.795047e-01 4.541888e-01 -1.420704e-01 -1.213692e+01 -4.264227e-01 8.846791e-01 1.884319e-01 -3.249768e-01 2.112704e-01 -1.051446e-01 9.717558e-01 6.555251e+01
8.959067e-01 -4.354768e-01 8.781282e-02 -1.240959e+01 4.404361e-01 8.965248e-01 -4.753167e-02 -3.224018e-01 -5.802743e-02 8.125988e-02 9.950023e-01 6.655049e+01
8.852840e-01 4.551762e-01 -9.532524e-02 -1.264229e+01 -4.285394e-01 8.780723e-01 2.129391e-01 -3.224103e-01 1.806272e-01 -1.476609e-01 9.724043e-01 6.753214e+01
8.808360e-01 -4.580444e-01 1.196798e-01 -1.284816e+01 4.643761e-01 8.851232e-01 -3.019340e-02 -3.295661e-01 -9.210146e-02 8.217188e-02 9.923533e-01 6.860400e+01
8.509758e-01 5.249782e-01 -1.542932e-02 -1.300502e+01 -5.167705e-01 8.421922e-01 1.538199e-01 -3.414515e-01 9.374653e-02 -1.229236e-01 9.879784e-01 6.989272e+01
8.627476e-01 -4.999971e-01 7.529628e-02 -1.321256e+01 5.020760e-01 8.647603e-01 -1.045480e-02 -3.487846e-01 -5.988586e-02 4.682431e-02 9.971064e-01 7.095674e+01
8.356452e-01 5.491508e-01 -1.142810e-02 -1.349792e+01 -5.392211e-01 8.241415e-01 1.732954e-01 -3.496303e-01 1.045837e-01 -1.386512e-01 9.848036e-01 7.216446e+01
8.605443e-01 -5.061156e-01 5.753701e-02 -1.373773e+01 5.037058e-01 8.623260e-01 5.171319e-02 -3.589795e-01 -7.578851e-02 -1.551976e-02 9.970031e-01 7.373676e+01
8.204040e-01 5.717176e-01 8.731886e-03 -1.406761e+01 -5.689437e-01 8.147127e-01 1.120099e-01 -3.616812e-01 5.692404e-02 -9.686131e-02 9.936687e-01 7.523432e+01
8.194524e-01 -5.712381e-01 -4.674228e-02 -1.425803e+01 5.723482e-01 8.198890e-01 1.412779e-02 -3.680705e-01 3.025314e-02 -3.832991e-02 9.988071e-01 7.629978e+01
7.862448e-01 5.961567e-01 1.625306e-01 -1.435370e+01 -6.025235e-01 7.980058e-01 -1.233944e-02 -3.835834e-01 -1.370566e-01 -8.822671e-02 9.866263e-01 7.740242e+01
8.227610e-01 -4.888848e-01 -2.899242e-01 -1.460237e+01 5.069387e-01 8.618569e-01 -1.469119e-02 -3.876148e-01 2.570554e-01 -1.348865e-01 9.569369e-01 7.899499e+01
8.119198e-01 4.994386e-01 3.022372e-01 -1.492283e+01 -5.376984e-01 8.414023e-01 5.406073e-02 -3.897765e-01 -2.273031e-01 -2.064055e-01 9.516985e-01 8.049912e+01
8.211649e-01 -4.913290e-01 -2.903170e-01 -1.503454e+01 4.909649e-01 8.675426e-01 -7.951892e-02 -4.022463e-01 2.909323e-01 -7.723732e-02 9.536209e-01 8.164821e+01
7.210724e-01 5.124212e-01 4.663466e-01 -1.515681e+01 -5.029023e-01 8.500652e-01 -1.564556e-01 -4.164226e-01 -4.765962e-01 -1.217110e-01 8.706564e-01 8.247533e+01
7.984613e-01 -4.877148e-01 -3.529784e-01 -1.515523e+01 5.263006e-01 8.501506e-01 1.586382e-02 -4.339135e-01 2.923478e-01 -1.984394e-01 9.354970e-01 8.305044e+01
7.711620e-01 4.819277e-01 4.159986e-01 -1.523800e+01 -4.649609e-01 8.726907e-01 -1.490718e-01 -4.488369e-01 -4.348799e-01 -7.846456e-02 8.970634e-01 8.404132e+01
7.856835e-01 -3.744531e-01 -4.924290e-01 -1.540397e+01 4.570883e-01 8.877671e-01 5.422027e-02 -4.581985e-01 4.168593e-01 -2.676835e-01 8.686621e-01 8.522026e+01
7.698326e-01 4.067580e-01 4.918390e-01 -1.557292e+01 -4.055832e-01 9.067826e-01 -1.150984e-01 -4.706856e-01 -4.928083e-01 -1.108751e-01 8.630450e-01 8.665779e+01
8.062737e-01 -3.337868e-01 -4.883739e-01 -1.566871e+01 4.150019e-01 9.075033e-01 6.489401e-02 -4.898915e-01 4.215401e-01 -2.549984e-01 8.702182e-01 8.796540e+01
7.546592e-01 3.380148e-01 5.623483e-01 -1.566503e+01 -2.820183e-01 9.409806e-01 -1.871396e-01 -5.125123e-01 -5.924147e-01 -1.736593e-02 8.054460e-01 8.898569e+01
8.146940e-01 -2.303582e-01 -5.321736e-01 -1.572297e+01 3.421483e-01 9.319000e-01 1.204032e-01 -5.301374e-01 4.681967e-01 -2.801741e-01 8.380300e-01 8.998362e+01
8.241117e-01 2.958355e-01 4.830335e-01 -1.593708e+01 -2.457494e-01 9.550727e-01 -1.656604e-01 -5.331735e-01 -5.103403e-01 1.781751e-02 8.597879e-01 9.106983e+01
8.405902e-01 -1.919933e-01 -5.065044e-01 -1.610495e+01 3.017280e-01 9.425371e-01 1.434712e-01 -5.437742e-01 4.498537e-01 -2.734270e-01 8.502172e-01 9.211814e+01
7.925098e-01 2.289721e-01 5.652433e-01 -1.618482e+01 -1.418716e-01 9.706334e-01 -1.942762e-01 -5.588754e-01 -5.931279e-01 7.377382e-02 8.017211e-01 9.304532e+01
8.416665e-01 -8.627628e-02 -5.330609e-01 -1.628332e+01 2.300608e-01 9.503739e-01 2.094314e-01 -5.738066e-01 4.885382e-01 -2.989078e-01 8.197466e-01 9.410513e+01
7.925297e-01 1.601580e-01 5.884268e-01 -1.640800e+01 -7.412219e-02 9.830422e-01 -1.677320e-01 -5.886808e-01 -6.053120e-01 8.931710e-02 7.909613e-01 9.545733e+01
8.127382e-01 2.388229e-02 -5.821394e-01 -1.661314e+01 1.498746e-01 9.569660e-01 2.485030e-01 -6.008239e-01 5.630224e-01 -2.892158e-01 7.741834e-01 9.687368e+01
8.019278e-01 5.953192e-02 5.944475e-01 -1.680354e+01 2.523595e-02 9.907591e-01 -1.332653e-01 -6.111551e-01 -5.968877e-01 1.218706e-01 7.930149e-01 9.820368e+01
7.419959e-01 1.275184e-01 -6.581650e-01 -1.713778e+01 5.374185e-02 9.672698e-01 2.479938e-01 -6.080254e-01 6.682469e-01 -2.193814e-01 7.108571e-01 9.956109e+01
8.054314e-01 -5.635153e-03 5.926623e-01 -1.747303e+01 9.219613e-02 9.889737e-01 -1.158917e-01 -6.027237e-01 -5.854743e-01 1.479840e-01 7.970700e-01 1.007657e+02
8.116712e-01 1.604462e-01 -5.616466e-01 -1.765015e+01 3.517443e-03 9.601749e-01 2.793774e-01 -6.130967e-01 5.841041e-01 -2.287382e-01 7.787819e-01 1.019069e+02
7.588916e-01 -9.511922e-02 6.442327e-01 -1.773573e+01 1.888218e-01 9.789172e-01 -7.789332e-02 -6.297911e-01 -6.232414e-01 1.807578e-01 7.608527e-01 1.031262e+02
7.657765e-01 2.741903e-01 -5.817268e-01 -1.795873e+01 -9.308169e-02 9.422876e-01 3.216052e-01 -6.356701e-01 6.363350e-01 -1.921296e-01 7.471038e-01 1.043198e+02
7.618872e-01 -1.418498e-01 6.319862e-01 -1.815581e+01 2.607042e-01 9.603563e-01 -9.873768e-02 -6.416705e-01 -5.929260e-01 2.399884e-01 7.686640e-01 1.053396e+02
7.358334e-01 3.672582e-01 -5.689206e-01 -1.835032e+01 -1.773421e-01 9.153449e-01 3.615156e-01 -6.461292e-01 6.535282e-01 -1.651217e-01 7.386716e-01 1.064770e+02
8.000673e-01 -2.119485e-01 5.612221e-01 -1.867222e+01 2.954381e-01 9.534053e-01 -6.111218e-02 -6.444932e-01 -5.221194e-01 2.147002e-01 8.254060e-01 1.078026e+02
7.460336e-01 4.145367e-01 -5.211460e-01 -1.900164e+01 -2.196298e-01 8.919911e-01 3.951135e-01 -6.434587e-01 6.286467e-01 -1.803088e-01 7.564999e-01 1.091302e+02
7.890824e-01 -2.855290e-01 5.438953e-01 -1.924610e+01 3.827145e-01 9.210800e-01 -7.170180e-02 -6.457767e-01 -4.804982e-01 2.647353e-01 8.360842e-01 1.103065e+02
7.703100e-01 4.721463e-01 -4.286029e-01 -1.949031e+01 -3.250832e-01 8.690043e-01 3.730315e-01 -6.512296e-01 5.485832e-01 -1.480183e-01 8.228895e-01 1.114947e+02
7.891275e-01 -4.086743e-01 4.585446e-01 -1.971966e+01 4.700679e-01 8.823414e-01 -2.257851e-02 -6.571147e-01 -3.953656e-01 2.333644e-01 8.883845e-01 1.126592e+02
8.266194e-01 4.964051e-01 -2.651082e-01 -1.983965e+01 -4.091089e-01 8.535495e-01 3.226192e-01 -6.725250e-01 3.864328e-01 -1.582251e-01 9.086443e-01 1.138116e+02
7.898262e-01 -4.759719e-01 3.868144e-01 -1.995290e+01 5.197163e-01 8.542803e-01 -1.001048e-02 -6.872966e-01 -3.256832e-01 2.089403e-01 9.221032e-01 1.148788e+02
8.294969e-01 5.237968e-01 -1.938344e-01 -2.001429e+01 -4.784562e-01 8.454696e-01 2.371938e-01 -7.017597e-01 2.881224e-01 -1.040103e-01 9.519282e-01 1.156708e+02
7.954096e-01 -5.112985e-01 3.254187e-01 -2.008995e+01 5.265014e-01 8.488821e-01 4.685635e-02 -7.157036e-01 -3.001997e-01 1.340634e-01 9.444084e-01 1.165880e+02
8.175389e-01 5.430300e-01 -1.916993e-01 -2.023446e+01 -5.058601e-01 8.362675e-01 2.115710e-01 -7.255548e-01 2.752013e-01 -7.599456e-02 9.583784e-01 1.175315e+02
8.649269e-01 -4.520376e-01 2.180905e-01 -2.034957e+01 4.690824e-01 8.826122e-01 -3.094127e-02 -7.340427e-01 -1.785027e-01 1.290643e-01 9.754379e-01 1.186177e+02
8.378108e-01 5.290542e-01 -1.348137e-01 -2.062292e+01 -4.732256e-01 8.268497e-01 3.039360e-01 -7.359085e-01 2.722693e-01 -1.908435e-01 9.431056e-01 1.199455e+02
8.045567e-01 -5.064109e-01 3.102201e-01 -2.075742e+01 5.392731e-01 8.417753e-01 -2.447161e-02 -7.495916e-01 -2.487429e-01 1.869821e-01 9.503497e-01 1.210548e+02
8.261766e-01 5.625221e-01 -3.163989e-02 -2.077239e+01 -5.602060e-01 8.261618e-01 6.021466e-02 -7.690011e-01 6.001175e-02 -3.202309e-02 9.976839e-01 1.216641e+02
8.163633e-01 -5.496468e-01 1.773114e-01 -2.077164e+01 5.374918e-01 8.353959e-01 1.149621e-01 -7.848533e-01 -2.113138e-01 1.452624e-03 9.774172e-01 1.222902e+02
8.198021e-01 5.618892e-01 -1.104767e-01 -2.092764e+01 -5.544149e-01 8.270840e-01 9.250001e-02 -7.926872e-01 1.433482e-01 -1.458178e-02 9.895649e-01 1.232449e+02
8.118374e-01 -5.687366e-01 1.321315e-01 -2.105054e+01 5.544518e-01 8.218572e-01 1.308967e-01 -8.066629e-01 -1.830390e-01 -3.300626e-02 9.825514e-01 1.243518e+02
7.976032e-01 5.995802e-01 -6.582272e-02 -2.116887e+01 -5.981234e-01 8.002941e-01 4.216461e-02 -8.190208e-01 7.795860e-02 5.739475e-03 9.969401e-01 1.255593e+02
8.157380e-01 -5.783671e-01 -7.939796e-03 -2.133825e+01 5.735244e-01 8.069728e-01 1.409419e-01 -8.274977e-01 -7.510894e-02 -1.195253e-01 9.899860e-01 1.268750e+02
8.314139e-01 5.520610e-01 6.308415e-02 -2.152998e+01 -5.449597e-01 8.323072e-01 -1.014081e-01 -8.359640e-01 -1.084889e-01 4.993380e-02 9.928428e-01 1.280531e+02
8.221967e-01 -5.481376e-01 -1.534203e-01 -2.172668e+01 5.686693e-01 8.026992e-01 1.796919e-01 -8.388507e-01 2.465447e-02 -2.349875e-01 9.716857e-01 1.289646e+02
9.048052e-01 4.248085e-01 -2.941509e-02 -2.150594e+01 -4.252138e-01 9.050486e-01 -8.952042e-03 -8.469579e-01 2.281918e-02 2.060756e-02 9.995272e-01 1.296153e+02
8.993933e-01 -3.912962e-01 1.948820e-01 -2.120228e+01 3.924249e-01 9.191391e-01 3.443805e-02 -8.802691e-01 -1.925992e-01 4.550321e-02 9.802219e-01 1.304449e+02
9.023275e-01 4.185289e-01 -1.031442e-01 -2.132435e+01 -3.984777e-01 9.011588e-01 1.706700e-01 -8.932372e-01 1.643796e-01 -1.128995e-01 9.799148e-01 1.316243e+02
9.030796e-01 -4.185069e-01 9.643239e-02 -2.151967e+01 4.195162e-01 9.076866e-01 1.054178e-02 -8.990861e-01 -9.194220e-02 3.093489e-02 9.952837e-01 1.326488e+02
8.802596e-01 4.711685e-01 -5.606556e-02 -2.166624e+01 -4.570109e-01 8.736667e-01 1.668761e-01 -9.100921e-01 1.276094e-01 -1.212717e-01 9.843826e-01 1.339349e+02
8.800727e-01 -4.650591e-01 9.587508e-02 -2.179178e+01 4.648968e-01 8.850006e-01 2.539408e-02 -9.220759e-01 -9.665926e-02 2.222338e-02 9.950694e-01 1.351600e+02
8.887192e-01 4.539209e-01 6.429576e-02 -2.180885e+01 -4.575542e-01 8.869849e-01 6.246513e-02 -9.407545e-01 -2.867514e-02 -8.493275e-02 9.959740e-01 1.361061e+02
8.814585e-01 -4.693095e-01 5.272143e-02 -2.185373e+01 4.660516e-01 8.824747e-01 6.351611e-02 -9.587735e-01 -7.633404e-02 -3.141591e-02 9.965873e-01 1.370493e+02
8.941673e-01 4.424633e-01 6.849073e-02 -2.186230e+01 -4.437979e-01 8.961138e-01 4.849481e-03 -9.776853e-01 -5.922977e-02 -3.473229e-02 9.976400e-01 1.379228e+02
8.988454e-01 -4.348754e-01 5.440931e-02 -2.189687e+01 4.267412e-01 8.967212e-01 1.174010e-01 -9.972659e-01 -9.984477e-02 -8.230661e-02 9.915930e-01 1.388708e+02
9.039041e-01 4.275920e-01 1.106377e-02 -2.201455e+01 -4.273780e-01 9.039040e-01 -1.748173e-02 -1.009455e+00 -1.747563e-02 1.107339e-02 9.997860e-01 1.398832e+02
9.056767e-01 -4.222868e-01 -3.773031e-02 -2.215963e+01 4.227945e-01 8.929646e-01 1.544639e-01 -1.022775e+00 -3.153622e-02 -1.558465e-01 9.872777e-01 1.410956e+02
8.895249e-01 4.553719e-01 3.717194e-02 -2.234595e+01 -4.558222e-01 8.900609e-01 4.210073e-03 -1.028223e+00 -3.116814e-02 -2.068876e-02 9.993000e-01 1.422944e+02
8.878957e-01 -4.534280e-01 -7.774472e-02 -2.245597e+01 4.596281e-01 8.815235e-01 1.079737e-01 -1.041262e+00 1.957549e-02 -1.316031e-01 9.911092e-01 1.432487e+02
9.025631e-01 4.164987e-01 1.091269e-01 -2.256896e+01 -4.156699e-01 9.089758e-01 -3.132939e-02 -1.052370e+00 -1.122424e-01 -1.708404e-02 9.935340e-01 1.441466e+02
9.161539e-01 -3.736675e-01 -1.450334e-01 -2.263281e+01 3.920045e-01 9.107765e-01 1.296864e-01 -1.070091e+00 8.363340e-02 -1.756665e-01 9.808908e-01 1.453172e+02
9.323511e-01 2.677075e-01 2.430104e-01 -2.214119e+01 -2.275225e-01 9.567855e-01 -1.810941e-01 -1.085676e+00 -2.809891e-01 1.135530e-01 9.529695e-01 1.459958e+02
9.581967e-01 -2.416001e-01 -1.532592e-01 -2.183408e+01 2.657104e-01 9.500814e-01 1.635339e-01 -1.106676e+00 1.060989e-01 -1.974203e-01 9.745606e-01 1.463190e+02
9.561743e-01 2.426938e-01 1.638003e-01 -2.198448e+01 -2.327094e-01 9.694207e-01 -7.790946e-02 -1.115061e+00 -1.776995e-01 3.637715e-02 9.834122e-01 1.473000e+02
9.414707e-01 -1.463271e-01 -3.036796e-01 -2.225622e+01 1.868550e-01 9.763392e-01 1.088437e-01 -1.111066e+00 2.805675e-01 -1.592172e-01 9.465367e-01 1.484727e+02
9.428296e-01 1.809208e-01 2.798930e-01 -2.245833e+01 -1.934271e-01 9.809589e-01 1.748153e-02 -1.121383e+00 -2.714008e-01 -7.062101e-02 9.598720e-01 1.498848e+02
7.498318e-01 -3.442513e-01 -5.650162e-01 -2.192239e+01 4.361311e-01 8.993548e-01 3.083263e-02 -1.132728e+00 4.975358e-01 -2.695404e-01 8.245035e-01 1.508228e+02
9.680354e-01 2.287126e-01 1.029466e-01 -2.033561e+01 -1.814921e-01 9.220541e-01 -3.418725e-01 -1.132739e+00 -1.731128e-01 3.122607e-01 9.340906e-01 1.507981e+02
9.954340e-01 -4.258358e-02 -8.542720e-02 -2.003321e+01 5.444723e-02 9.884048e-01 1.417442e-01 -1.157816e+00 7.840068e-02 -1.457482e-01 9.862103e-01 1.520378e+02
9.202051e-01 2.400333e-01 -3.092031e-01 -2.064301e+01 -2.322508e-01 9.706570e-01 6.232652e-02 -1.130738e+00 3.150906e-01 1.445950e-02 9.489514e-01 1.541799e+02
9.904824e-01 -6.244210e-02 -1.226607e-01 -2.122847e+01 7.331465e-02 9.935748e-01 8.622142e-02 -1.104881e+00 1.164887e-01 -9.439362e-02 9.886962e-01 1.563889e+02
9.764079e-01 1.939359e-01 -9.495468e-02 -2.176505e+01 -1.764064e-01 9.700137e-01 1.671948e-01 -1.090954e+00 1.245324e-01 -1.464997e-01 9.813407e-01 1.585382e+02
9.915803e-01 -1.281798e-01 1.839614e-02 -2.210886e+01 1.275722e-01 9.913420e-01 3.108772e-02 -1.093433e+00 -2.222168e-02 -2.847914e-02 9.993474e-01 1.602267e+02
9.876189e-01 1.504772e-01 4.433373e-02 -2.232189e+01 -1.538826e-01 9.842146e-01 8.741742e-02 -1.102033e+00 -3.047957e-02 -9.315729e-02 9.951848e-01 1.614154e+02
9.905652e-01 -1.356539e-01 1.945922e-02 -2.237191e+01 1.348282e-01 9.901075e-01 3.883878e-02 -1.118841e+00 -2.453535e-02 -3.584869e-02 9.990560e-01 1.625011e+02
9.891391e-01 1.390200e-01 4.772040e-02 -2.243096e+01 -1.425257e-01 9.865314e-01 8.026291e-02 -1.131551e+00 -3.591952e-02 -8.619257e-02 9.956308e-01 1.635942e+02
9.744041e-01 -1.897786e-01 1.205019e-01 -2.243263e+01 1.872401e-01 9.817878e-01 3.215477e-02 -1.150979e+00 -1.244096e-01 -8.768954e-03 9.921922e-01 1.645257e+02
9.633230e-01 2.398731e-01 -1.202904e-01 -2.268272e+01 -2.309458e-01 9.693722e-01 8.355512e-02 -1.152753e+00 1.366488e-01 -5.270999e-02 9.892162e-01 1.656700e+02
9.755742e-01 -2.149972e-01 4.506905e-02 -2.299837e+01 2.112905e-01 9.745241e-01 7.522637e-02 -1.150084e+00 -6.009434e-02 -6.386624e-02 9.961475e-01 1.668708e+02
9.786294e-01 1.962671e-01 6.134893e-02 -2.312973e+01 -1.979119e-01 9.799743e-01 2.193599e-02 -1.161813e+00 -5.581506e-02 -3.360889e-02 9.978753e-01 1.678128e+02
9.789665e-01 -2.031427e-01 1.891298e-02 -2.322928e+01 2.004854e-01 9.750417e-01 9.539077e-02 -1.175656e+00 -3.781888e-02 -8.959259e-02 9.952602e-01 1.687964e+02
9.778420e-01 2.091687e-01 -8.571752e-03 -2.339126e+01 -2.084402e-01 9.766038e-01 5.289426e-02 -1.184456e+00 1.943503e-02 -4.993553e-02 9.985633e-01 1.698791e+02
9.741074e-01 -2.229326e-01 3.762876e-02 -2.354188e+01 2.189009e-01 9.716209e-01 8.963965e-02 -1.196052e+00 -5.654449e-02 -7.908167e-02 9.952632e-01 1.709597e+02
9.731879e-01 2.262693e-01 4.132126e-02 -2.367033e+01 -2.281534e-01 9.724097e-01 4.863516e-02 -1.209135e+00 -2.917655e-02 -5.675873e-02 9.979615e-01 1.722144e+02
9.766509e-01 -2.129651e-01 -2.826306e-02 -2.385604e+01 2.147991e-01 9.703257e-01 1.110372e-01 -1.221893e+00 3.777320e-03 -1.145155e-01 9.934143e-01 1.736190e+02
9.723540e-01 2.140583e-01 9.330989e-02 -2.403720e+01 -2.170540e-01 9.758859e-01 2.311527e-02 -1.234289e+00 -8.611179e-02 -4.272951e-02 9.953687e-01 1.749513e+02
9.809570e-01 -1.740815e-01 -8.613311e-02 -2.422718e+01 1.839006e-01 9.751465e-01 1.235717e-01 -1.244561e+00 6.248085e-02 -1.370585e-01 9.885905e-01 1.763190e+02
9.773563e-01 1.805014e-01 1.104262e-01 -2.440306e+01 -1.827871e-01 9.830926e-01 1.085388e-02 -1.256074e+00 -1.066000e-01 -3.079259e-02 9.938251e-01 1.775986e+02
9.828610e-01 -1.628739e-01 -8.635022e-02 -2.454157e+01 1.721675e-01 9.784333e-01 1.141342e-01 -1.269173e+00 6.589845e-02 -1.270448e-01 9.897055e-01 1.788335e+02
9.636646e-01 1.725946e-01 2.038666e-01 -2.467874e+01 -1.691138e-01 9.849922e-01 -3.450948e-02 -1.283695e+00 -2.067631e-01 -1.221090e-03 9.783903e-01 1.800508e+02
9.828325e-01 -1.476083e-01 -1.106890e-01 -2.477878e+01 1.631954e-01 9.753778e-01 1.483420e-01 -1.299377e+00 8.606712e-02 -1.638593e-01 9.827220e-01 1.812265e+02
9.702686e-01 1.485787e-01 1.910581e-01 -2.494787e+01 -1.425150e-01 9.887612e-01 -4.517510e-02 -1.312503e+00 -1.956229e-01 1.660334e-02 9.805386e-01 1.824421e+02
9.791259e-01 -1.298196e-01 -1.563950e-01 -2.511325e+01 1.562855e-01 9.728081e-01 1.709362e-01 -1.323046e+00 1.299515e-01 -1.918103e-01 9.727905e-01 1.835927e+02
9.601593e-01 1.130256e-01 2.555765e-01 -2.523117e+01 -8.927919e-02 9.906960e-01 -1.027159e-01 -1.336465e+00 -2.648081e-01 7.580601e-02 9.613169e-01 1.845584e+02
9.830859e-01 -9.564629e-02 -1.561852e-01 -2.529809e+01 1.238483e-01 9.754302e-01 1.822016e-01 -1.350701e+00 1.349208e-01 -1.984631e-01 9.707774e-01 1.853768e+02
9.645855e-01 8.212925e-02 2.506583e-01 -2.540769e+01 -5.711415e-02 9.927777e-01 -1.055006e-01 -1.363194e+00 -2.575127e-01 8.744824e-02 9.623097e-01 1.862667e+02
9.846022e-01 -4.558905e-02 -1.687605e-01 -2.552160e+01 8.034907e-02 9.753979e-01 2.052874e-01 -1.375093e+00 1.552498e-01 -2.156862e-01 9.640420e-01 1.872528e+02
9.533809e-01 7.397746e-02 2.925614e-01 -2.568385e+01 -3.434849e-02 9.897881e-01 -1.383464e-01 -1.385841e+00 -2.998083e-01 1.218478e-01 9.461861e-01 1.882327e+02
9.773075e-01 3.773947e-04 -2.118252e-01 -2.579794e+01 5.283640e-02 9.679561e-01 2.454982e-01 -1.398547e+00 2.051301e-01 -2.511193e-01 9.459708e-01 1.892827e+02
9.377713e-01 7.996280e-02 3.379215e-01 -2.592317e+01 -3.259286e-02 9.890986e-01 -1.436027e-01 -1.413825e+00 -3.457205e-01 1.236527e-01 9.301545e-01 1.906374e+02
9.545643e-01 4.669050e-02 -2.943245e-01 -2.614529e+01 3.647698e-02 9.619166e-01 2.708983e-01 -1.421210e+00 2.957640e-01 -2.693259e-01 9.165082e-01 1.919776e+02
9.220868e-01 4.456102e-02 3.844089e-01 -2.619890e+01 1.428315e-02 9.887524e-01 -1.488782e-01 -1.440270e+00 -3.867194e-01 1.427692e-01 9.110791e-01 1.931454e+02
9.115697e-01 1.000393e-01 -3.987891e-01 -2.640345e+01 2.573054e-02 9.541642e-01 2.981755e-01 -1.449008e+00 4.103395e-01 -2.820688e-01 8.672132e-01 1.944564e+02
8.866875e-01 9.173494e-04 4.623683e-01 -2.661362e+01 8.421641e-02 9.829501e-01 -1.634527e-01 -1.456484e+00 -4.546349e-01 1.838705e-01 8.714923e-01 1.955814e+02
8.950564e-01 1.752993e-01 -4.100538e-01 -2.679871e+01 -3.832945e-02 9.463379e-01 3.208979e-01 -1.465863e+00 4.443026e-01 -2.715046e-01 8.537449e-01 1.968151e+02
8.398578e-01 -9.179207e-02 5.349889e-01 -2.695044e+01 1.823600e-01 9.760265e-01 -1.188155e-01 -1.480610e+00 -5.112570e-01 1.973487e-01 8.364626e-01 1.982161e+02
8.883519e-01 2.518600e-01 -3.839237e-01 -2.699779e+01 -1.382401e-01 9.440474e-01 2.994396e-01 -1.496701e+00 4.378591e-01 -2.129341e-01 8.734635e-01 1.994992e+02
7.861166e-01 -1.937422e-01 5.869282e-01 -2.688670e+01 2.971245e-01 9.511371e-01 -8.399512e-02 -1.522082e+00 -5.419758e-01 2.404207e-01 8.052702e-01 2.003638e+02
8.444340e-01 3.319656e-01 -4.203927e-01 -2.696562e+01 -2.013252e-01 9.239611e-01 3.252138e-01 -1.536857e+00 4.963864e-01 -1.899859e-01 8.470572e-01 2.013128e+02
8.298645e-01 -2.619643e-01 4.926455e-01 -2.716661e+01 3.398468e-01 9.375713e-01 -7.392055e-02 -1.542193e+00 -4.425257e-01 2.287681e-01 8.670849e-01 2.024356e+02
8.417292e-01 3.873988e-01 -3.760508e-01 -2.744672e+01 -2.638030e-01 9.028228e-01 3.395865e-01 -1.542812e+00 4.710626e-01 -1.866366e-01 8.621292e-01 2.037710e+02
7.720561e-01 -3.108386e-01 5.543543e-01 -2.764967e+01 4.057523e-01 9.124169e-01 -5.348414e-02 -1.552602e+00 -4.891773e-01 2.662233e-01 8.305605e-01 2.051311e+02
8.084096e-01 4.662531e-01 -3.592796e-01 -2.779914e+01 -3.546202e-01 8.729568e-01 3.349493e-01 -1.565344e+00 4.698067e-01 -1.433684e-01 8.710494e-01 2.062805e+02
8.167081e-01 -4.170622e-01 3.988069e-01 -2.791846e+01 4.612290e-01 8.871218e-01 -1.681144e-02 -1.575248e+00 -3.467789e-01 1.976714e-01 9.168808e-01 2.073187e+02
8.297028e-01 4.854153e-01 -2.756180e-01 -2.807917e+01 -3.999759e-01 8.614085e-01 3.130409e-01 -1.584386e+00 3.893746e-01 -1.494904e-01 9.088675e-01 2.082890e+02
7.850342e-01 -4.786337e-01 3.932316e-01 -2.819767e+01 5.267216e-01 8.498661e-01 -1.708889e-02 -1.595540e+00 -3.260149e-01 2.205389e-01 9.192806e-01 2.091305e+02
8.164488e-01 5.312116e-01 -2.263306e-01 -2.837905e+01 -4.694814e-01 8.389008e-01 2.753773e-01 -1.601618e+00 3.361526e-01 -1.185735e-01 9.343135e-01 2.099885e+02
7.808963e-01 -5.333211e-01 3.252224e-01 -2.854452e+01 5.634069e-01 8.261771e-01 2.015238e-03 -1.609157e+00 -2.697661e-01 1.816588e-01 9.456354e-01 2.108634e+02
8.083947e-01 5.718121e-01 -1.397460e-01 -2.871111e+01 -5.319334e-01 8.112990e-01 2.425713e-01 -1.620324e+00 2.520810e-01 -1.217578e-01 9.600157e-01 2.119567e+02
7.847004e-01 -5.759012e-01 2.293100e-01 -2.891349e+01 5.872069e-01 8.091202e-01 2.264120e-02 -1.629601e+00 -1.985784e-01 1.168859e-01 9.730901e-01 2.131337e+02
7.951840e-01 5.978747e-01 -1.011348e-01 -2.913593e+01 -5.679200e-01 7.927773e-01 2.212941e-01 -1.636298e+00 2.124835e-01 -1.185331e-01 9.699488e-01 2.142896e+02
7.829429e-01 -6.045304e-01 1.467768e-01 -2.936155e+01 6.117175e-01 7.910611e-01 -4.900966e-03 -1.641317e+00 -1.131466e-01 9.362311e-02 9.891575e-01 2.153919e+02
8.020680e-01 5.972256e-01 2.908477e-03 -2.952177e+01 -5.899946e-01 7.915822e-01 1.590721e-01 -1.651267e+00 9.269965e-02 -1.293027e-01 9.872627e-01 2.163601e+02
7.799556e-01 -6.152072e-01 1.148450e-01 -2.965973e+01 6.174027e-01 7.864024e-01 1.962435e-02 -1.662741e+00 -1.023874e-01 5.559949e-02 9.931896e-01 2.173145e+02
7.947019e-01 6.051062e-01 4.791017e-02 -2.967185e+01 -6.068892e-01 7.905706e-01 8.175379e-02 -1.683396e+00 1.159336e-02 -9.404605e-02 9.955003e-01 2.181766e+02
7.761292e-01 -6.303584e-01 -1.648345e-02 -2.968989e+01 6.303922e-01 7.750132e-01 4.427442e-02 -1.701234e+00 -1.513386e-02 -4.475371e-02 9.988834e-01 2.191166e+02
7.768125e-01 6.251375e-01 7.593073e-02 -2.984673e+01 -6.293120e-01 7.750335e-01 5.735425e-02 -1.709579e+00 -2.299457e-02 -9.233762e-02 9.954622e-01 2.200912e+02
7.701658e-01 -6.314803e-01 -8.987344e-02 -2.997089e+01 6.356550e-01 7.715286e-01 2.619924e-02 -1.720561e+00 5.279563e-02 -7.730626e-02 9.956085e-01 2.210570e+02
7.722641e-01 6.284445e-01 9.308927e-02 -3.015292e+01 -6.341864e-01 7.712661e-01 5.437210e-02 -1.724782e+00 -3.762675e-02 -1.010256e-01 9.941720e-01 2.220116e+02
7.628523e-01 -6.434918e-01 -6.304564e-02 -3.027218e+01 6.450104e-01 7.641571e-01 5.056713e-03 -1.734771e+00 4.492282e-02 -4.452261e-02 9.979978e-01 2.227633e+02
7.706223e-01 6.201480e-01 1.468251e-01 -3.031728e+01 -6.300199e-01 7.760399e-01 2.893106e-02 -1.747874e+00 -9.600058e-02 -1.147976e-01 9.887393e-01 2.235996e+02
7.559952e-01 -6.250464e-01 -1.943920e-01 -3.050168e+01 6.346355e-01 7.726411e-01 -1.623079e-02 -1.754452e+00 1.603402e-01 -1.110976e-01 9.807896e-01 2.245566e+02
7.444159e-01 6.548733e-01 1.303304e-01 -3.075345e+01 -6.619044e-01 7.494399e-01 1.491550e-02 -1.750583e+00 -8.790705e-02 -9.736961e-02 9.913584e-01 2.256526e+02
7.370887e-01 -6.491185e-01 -1.880038e-01 -3.093077e+01 6.605714e-01 7.507597e-01 -2.299466e-03 -1.759115e+00 1.426383e-01 -1.224950e-01 9.821656e-01 2.267037e+02
7.205106e-01 6.210749e-01 3.084322e-01 -3.099015e+01 -6.127623e-01 7.784585e-01 -1.361056e-01 -1.775098e+00 -3.246334e-01 -9.093011e-02 9.414589e-01 2.275979e+02
7.425546e-01 -5.898184e-01 -3.173749e-01 -3.112238e+01 6.359442e-01 7.695747e-01 5.770456e-02 -1.786100e+00 2.102085e-01 -2.446815e-01 9.465428e-01 2.285006e+02
7.389517e-01 5.864398e-01 3.317209e-01 -3.124190e+01 -5.532989e-01 8.091334e-01 -1.978979e-01 -1.797250e+00 -3.844616e-01 -3.730377e-02 9.223869e-01 2.293823e+02
7.430347e-01 -4.975722e-01 -4.475728e-01 -3.146597e+01 5.719983e-01 8.193400e-01 3.872842e-02 -1.799246e+00 3.474441e-01 -2.847874e-01 8.934085e-01 2.304739e+02
7.480003e-01 5.176666e-01 4.153514e-01 -3.166628e+01 -4.837691e-01 8.536994e-01 -1.927818e-01 -1.804203e+00 -4.543820e-01 -5.673332e-02 8.889985e-01 2.313785e+02
7.148142e-01 -4.105995e-01 -5.660820e-01 -3.189898e+01 4.918131e-01 8.706378e-01 -1.047274e-02 -1.802833e+00 4.971524e-01 -2.709205e-01 8.242824e-01 2.324215e+02
7.359247e-01 4.088223e-01 5.397028e-01 -3.212965e+01 -4.106358e-01 9.032868e-01 -1.243031e-01 -1.806296e+00 -5.383243e-01 -1.301436e-01 8.326281e-01 2.335152e+02
7.497136e-01 -3.381811e-01 -5.688261e-01 -3.230256e+01 4.221831e-01 9.063398e-01 1.759660e-02 -1.814924e+00 5.095989e-01 -2.533412e-01 8.222696e-01 2.345787e+02
7.020278e-01 3.393675e-01 6.260884e-01 -3.239805e+01 -2.905292e-01 9.391471e-01 -1.832911e-01 -1.829295e+00 -6.501921e-01 -5.322153e-02 7.579035e-01 2.355175e+02
7.591993e-01 -2.494358e-01 -6.011641e-01 -3.248546e+01 3.700961e-01 9.252343e-01 8.348829e-02 -1.842516e+00 5.353927e-01 -2.858727e-01 7.947524e-01 2.363768e+02
6.760528e-01 3.099462e-01 6.684953e-01 -3.259936e+01 -2.066508e-01 9.505736e-01 -2.317441e-01 -1.855347e+00 -7.072822e-01 1.852618e-02 7.066885e-01 2.373405e+02
7.426979e-01 -1.228087e-01 -6.582688e-01 -3.272547e+01 3.049548e-01 9.372127e-01 1.692187e-01 -1.868087e+00 5.961564e-01 -3.264206e-01 7.335170e-01 2.384657e+02
6.787065e-01 2.202224e-01 7.006137e-01 -3.281479e+01 -8.462771e-02 9.710793e-01 -2.232557e-01 -1.883564e+00 -7.295174e-01 9.223375e-02 6.777147e-01 2.395152e+02
7.649991e-01 -2.893933e-02 -6.433808e-01 -3.290038e+01 2.146547e-01 9.533262e-01 2.123501e-01 -1.898899e+00 6.072065e-01 -3.005524e-01 7.355056e-01 2.405299e+02
6.762450e-01 1.472429e-01 7.218118e-01 -3.302213e+01 6.258613e-03 9.786378e-01 -2.054965e-01 -1.911189e+00 -7.366502e-01 1.434835e-01 6.608774e-01 2.415011e+02
7.692210e-01 3.142483e-02 -6.382096e-01 -3.311443e+01 1.478661e-01 9.629253e-01 2.256336e-01 -1.923744e+00 6.216387e-01 -2.679317e-01 7.360557e-01 2.422165e+02
6.893805e-01 7.926226e-02 7.200500e-01 -3.319194e+01 1.043221e-01 9.727715e-01 -2.069602e-01 -1.935372e+00 -7.168482e-01 2.177915e-01 6.623409e-01 2.427156e+02
7.755709e-01 1.016520e-01 -6.230221e-01 -3.327830e+01 9.419701e-02 9.572633e-01 2.734481e-01 -1.946894e+00 6.241928e-01 -2.707652e-01 7.328503e-01 2.432645e+02
6.968964e-01 2.813167e-02 7.166198e-01 -3.333206e+01 1.377174e-01 9.753847e-01 -1.722168e-01 -1.960476e+00 -7.038248e-01 2.187083e-01 6.758679e-01 2.440687e+02
7.322632e-01 2.298575e-01 -6.410586e-01 -3.347524e+01 3.853122e-04 9.411789e-01 3.379086e-01 -1.969366e+00 6.810217e-01 -2.476850e-01 6.891021e-01 2.451657e+02
7.254678e-01 -1.022245e-01 6.806222e-01 -3.364334e+01 2.478437e-01 9.613664e-01 -1.197837e-01 -1.977037e+00 -6.420825e-01 2.555871e-01 7.227761e-01 2.461615e+02
7.883602e-01 2.855097e-01 -5.449518e-01 -3.374226e+01 -1.056265e-01 9.354544e-01 3.372952e-01 -1.988406e+00 6.060786e-01 -2.083488e-01 7.676324e-01 2.469687e+02
6.874696e-01 -1.691797e-01 7.062320e-01 -3.383020e+01 3.358353e-01 9.363143e-01 -1.026166e-01 -2.000705e+00 -6.438945e-01 3.077234e-01 7.005042e-01 2.476614e+02
7.694998e-01 3.630768e-01 -5.254001e-01 -3.393539e+01 -1.940208e-01 9.166964e-01 3.493189e-01 -2.011652e+00 6.084620e-01 -1.668623e-01 7.758421e-01 2.484085e+02
7.049808e-01 -2.672013e-01 6.569670e-01 -3.409617e+01 3.786647e-01 9.250441e-01 -3.010560e-02 -2.022582e+00 -5.996792e-01 2.699941e-01 7.533180e-01 2.494896e+02
7.458628e-01 4.317016e-01 -5.072695e-01 -3.431990e+01 -2.777319e-01 8.937496e-01 3.522451e-01 -2.027572e+00 6.054367e-01 -1.218416e-01 7.865119e-01 2.506115e+02
6.788146e-01 -3.614680e-01 6.391804e-01 -3.442921e+01 4.580512e-01 8.887788e-01 1.616626e-02 -2.040931e+00 -5.739336e-01 2.818035e-01 7.688869e-01 2.515522e+02
7.428416e-01 4.991544e-01 -4.461291e-01 -3.439331e+01 -3.890675e-01 8.641872e-01 3.190719e-01 -2.061319e+00 5.448052e-01 -6.344553e-02 8.361590e-01 2.523401e+02
6.857821e-01 -4.690546e-01 5.564986e-01 -3.449160e+01 5.168827e-01 8.521854e-01 8.131661e-02 -2.073762e+00 -5.123819e-01 2.318790e-01 8.268597e-01 2.531992e+02
6.913818e-01 5.591921e-01 -4.574881e-01 -3.472168e+01 -4.645874e-01 8.290340e-01 3.112254e-01 -2.074211e+00 5.533080e-01 -2.632402e-03 8.329726e-01 2.542081e+02
7.786782e-01 -4.716545e-01 4.137660e-01 -3.509400e+01 5.244399e-01 8.512862e-01 -1.657198e-02 -2.061809e+00 -3.444170e-01 2.298996e-01 9.102324e-01 2.553655e+02
6.795189e-01 5.911282e-01 -4.345361e-01 -3.548618e+01 -4.615663e-01 8.048376e-01 3.730858e-01 -2.047383e+00 5.702725e-01 -5.295161e-02 8.197472e-01 2.565874e+02
6.691634e-01 -5.389614e-01 5.116061e-01 -3.558055e+01 5.966831e-01 8.000483e-01 6.238526e-02 -2.056515e+00 -4.429329e-01 2.635208e-01 8.569523e-01 2.576561e+02
6.781016e-01 7.037345e-01 -2.119809e-01 -3.517070e+01 -6.621454e-01 7.101242e-01 2.393473e-01 -2.101431e+00 3.189697e-01 -2.193963e-02 9.475109e-01 2.589866e+02
5.851390e-01 -7.596482e-01 2.838078e-01 -3.518303e+01 7.451549e-01 6.417465e-01 1.813989e-01 -2.127357e+00 -3.199320e-01 1.053372e-01 9.415666e-01 2.603468e+02
6.121373e-01 7.546297e-01 -2.362669e-01 -3.536561e+01 -7.435499e-01 6.509889e-01 1.527972e-01 -2.132088e+00 2.691124e-01 8.214339e-02 9.595994e-01 2.611648e+02
6.219726e-01 -7.623657e-01 1.787419e-01 -3.555118e+01 7.525816e-01 6.450425e-01 1.324427e-01 -2.135481e+00 -2.162659e-01 5.214212e-02 9.749412e-01 2.622155e+02
5.641682e-01 8.028067e-01 -1.929138e-01 -3.589022e+01 -7.757736e-01 5.953937e-01 2.090015e-01 -2.130140e+00 2.826475e-01 3.174539e-02 9.586984e-01 2.635617e+02
5.968089e-01 -7.946642e-01 1.110314e-01 -3.614461e+01 7.955295e-01 6.040664e-01 4.729154e-02 -2.130378e+00 -1.046513e-01 6.010479e-02 9.926911e-01 2.647630e+02
6.067295e-01 7.948223e-01 -1.169730e-02 -3.636472e+01 -7.803095e-01 5.983294e-01 1.819864e-01 -2.133677e+00 1.516457e-01 -1.012890e-01 9.832315e-01 2.657667e+02
5.644652e-01 -8.174367e-01 1.147877e-01 -3.647001e+01 8.234576e-01 5.672995e-01 -9.423799e-03 -2.142736e+00 -5.741564e-02 9.984220e-02 9.933453e-01 2.663193e+02
