9.999603e-01 -5.576952e-04 -8.893493e-03 1.398346e-01 5.376773e-04 9.999973e-01 -2.253082e-03 -8.162672e-03 8.894726e-03 2.248210e-03 9.999579e-01 1.467788e-01
9.999952e-01 -4.625573e-04 -3.067636e-03 2.141372e-01 4.632082e-04 9.999999e-01 2.114564e-04 -1.994510e-02 3.067538e-03 -2.128756e-04 9.999953e-01 4.550204e-01
9.999576e-01 -7.505586e-04 -9.182422e-03 2.774528e-01 7.288082e-04 9.999969e-01 -2.371804e-03 -3.154889e-02 9.184174e-03 2.365010e-03 9.999550e-01 7.901926e-01
9.999979e-01 -1.389473e-04 -2.063202e-03 2.848629e-01 1.386807e-04 1.000000e+00 -1.293507e-04 -4.240122e-02 2.063220e-03 1.290650e-04 9.999979e-01 1.257143e+00
9.999481e-01 -8.254930e-04 -1.015073e-02 2.662857e-01 7.995265e-04 9.999964e-01 -2.561885e-03 -5.355948e-02 1.015281e-02 2.553635e-03 9.999452e-01 1.803223e+00
9.999970e-01 -2.361801e-04 -2.421061e-03 2.879602e-01 2.371106e-04 9.999999e-01 3.840178e-04 -6.600478e-02 2.420970e-03 -3.845900e-04 9.999970e-01 2.225155e+00
9.999483e-01 -9.031697e-04 -1.012466e-02 3.035516e-01 8.683742e-04 9.999937e-01 -3.440568e-03 -7.890625e-02 1.012770e-02 3.431598e-03 9.999428e-01 2.757142e+00
9.999953e-01 -3.707682e-04 -3.027029e-03 2.981844e-01 3.721448e-04 9.999998e-01 4.542021e-04 -9.192438e-02 3.026860e-03 -4.553257e-04 9.999953e-01 3.353376e+00
9.999540e-01 -7.026401e-04 -9.570771e-03 2.604156e-01 6.707175e-04 9.999942e-01 -3.338218e-03 -1.039577e-01 9.573060e-03 3.331644e-03 9.999486e-01 4.015452e+00
9.999947e-01 -2.857762e-04 -3.237908e-03 2.534082e-01 2.886028e-04 9.999996e-01 8.725086e-04 -1.157848e-01 3.237658e-03 -8.734377e-04 9.999944e-01 4.512310e+00
9.999737e-01 2.164696e-05 -7.254795e-03 3.673521e-01 -4.129726e-05 9.999963e-01 -2.708445e-03 -1.242849e-01 7.254709e-03 2.708673e-03 9.999700e-01 4.654381e+00
9.999994e-01 1.094351e-03 2.691968e-05 6.575502e-01 -1.094374e-03 9.999990e-01 8.836119e-04 -1.261944e-01 -2.595233e-05 -8.836401e-04 9.999996e-01 4.498437e+00
9.999888e-01 1.367287e-03 -4.534379e-03 1.069862e+00 -1.380870e-03 9.999946e-01 -2.993761e-03 -1.258989e-01 4.530261e-03 2.999988e-03 9.999852e-01 4.160649e+00
9.999996e-01 2.459878e-04 -8.349568e-04 1.487529e+00 -2.455353e-04 9.999998e-01 5.419692e-04 -1.244506e-01 8.350903e-04 -5.417633e-04 9.999995e-01 3.876824e+00
9.999865e-01 2.203823e-03 -4.708768e-03 1.875759e+00 -2.215020e-03 9.999947e-01 -2.373983e-03 -1.245990e-01 4.703511e-03 2.384380e-03 9.999861e-01 3.554091e+00
9.999994e-01 -2.944663e-04 -1.093031e-03 2.297767e+00 2.946360e-04 9.999999e-01 1.550285e-04 -1.239448e-01 1.092986e-03 -1.553497e-04 9.999994e-01 3.272193e+00
9.999708e-01 -1.582929e-04 -7.646105e-03 2.475621e+00 1.371588e-04 9.999962e-01 -2.764466e-03 -1.309950e-01 7.646513e-03 2.763336e-03 9.999669e-01 3.397499e+00
9.999928e-01 1.969486e-04 -3.788501e-03 2.646289e+00 -1.935057e-04 9.999996e-01 9.090855e-04 -1.384035e-01 3.788679e-03 -9.083452e-04 9.999924e-01 3.485588e+00
9.999844e-01 -6.136005e-04 -5.549658e-03 2.817154e+00 5.972802e-04 9.999955e-01 -2.941934e-03 -1.437876e-01 5.551438e-03 2.938573e-03 9.999803e-01 3.549647e+00
9.999817e-01 -5.231976e-04 -6.035349e-03 2.856281e+00 5.249779e-04 9.999998e-01 2.933799e-04 -1.553958e-01 6.035195e-03 -2.965422e-04 9.999817e-01 3.976422e+00
9.999884e-01 -6.082354e-04 -4.769089e-03 2.932318e+00 5.945138e-04 9.999957e-01 -2.878060e-03 -1.658261e-01 4.770819e-03 2.875191e-03 9.999845e-01 4.289240e+00
9.999801e-01 -5.616321e-04 -6.286637e-03 2.969349e+00 5.635513e-04 9.999998e-01 3.035011e-04 -1.782715e-01 6.286466e-03 -3.070372e-04 9.999802e-01 4.705674e+00
9.999811e-01 -4.086734e-04 -6.130395e-03 2.954341e+00 3.927892e-04 9.999966e-01 -2.592025e-03 -1.894701e-01 6.131433e-03 2.589567e-03 9.999778e-01 5.192943e+00
9.999714e-01 -5.818811e-04 -7.539418e-03 2.982801e+00 5.915781e-04 9.999990e-01 1.283999e-03 -2.017269e-01 7.538664e-03 -1.288422e-03 9.999708e-01 5.518466e+00
9.999912e-01 -4.996567e-04 -4.162366e-03 3.007463e+00 4.850729e-04 9.999937e-01 -3.503977e-03 -2.137841e-01 4.164090e-03 3.501926e-03 9.999852e-01 5.947708e+00
9.999635e-01 -6.015004e-04 -8.520037e-03 2.978383e+00 6.068676e-04 9.999996e-01 6.273683e-04 -2.261291e-01 8.519656e-03 -6.325153e-04 9.999635e-01 6.606508e+00
9.999845e-01 -6.006584e-04 -5.528715e-03 2.962527e+00 5.818515e-04 9.999940e-01 -3.402641e-03 -2.400453e-01 5.530726e-03 3.399371e-03 9.999789e-01 7.254175e+00
9.999691e-01 -6.809763e-04 -7.825373e-03 2.908679e+00 6.811318e-04 9.999998e-01 1.718440e-05 -2.533879e-01 7.825360e-03 -2.251328e-05 9.999694e-01 8.074246e+00
9.999770e-01 -5.766637e-04 -6.755656e-03 2.869275e+00 5.558177e-04 9.999951e-01 -3.087153e-03 -2.668311e-01 6.757402e-03 3.083326e-03 9.999724e-01 8.771826e+00
9.999809e-01 -7.276492e-04 -6.129581e-03 2.887557e+00 7.300411e-04 9.999997e-01 3.879627e-04 -2.803956e-01 6.129297e-03 -3.924295e-04 9.999811e-01 9.300154e+00
9.999803e-01 -3.895155e-04 -6.258220e-03 2.895649e+00 3.695428e-04 9.999948e-01 -3.192238e-03 -2.934717e-01 6.259431e-03 3.189862e-03 9.999753e-01 9.820761e+00
9.999736e-01 -9.242837e-04 -7.208915e-03 2.908582e+00 9.267839e-04 9.999995e-01 3.434608e-04 -3.069754e-01 7.208595e-03 -3.501322e-04 9.999740e-01 1.035912e+01
9.999810e-01 -2.918023e-04 -6.162912e-03 2.929988e+00 2.763142e-04 9.999968e-01 -2.513793e-03 -3.198896e-01 6.163625e-03 2.512042e-03 9.999778e-01 1.079704e+01
9.999804e-01 -7.746784e-04 -6.218588e-03 2.954316e+00 7.771606e-04 9.999996e-01 3.967327e-04 -3.323592e-01 6.218278e-03 -4.015571e-04 9.999806e-01 1.119357e+01
9.999820e-01 -2.591814e-04 -5.988307e-03 2.982114e+00 2.447517e-04 9.999971e-01 -2.410216e-03 -3.441862e-01 5.988914e-03 2.408707e-03 9.999792e-01 1.156340e+01
9.999882e-01 -6.396969e-04 -4.824158e-03 2.999414e+00 6.396111e-04 9.999998e-01 -1.937911e-05 -3.553599e-01 4.824170e-03 1.629398e-05 9.999884e-01 1.199555e+01
9.999697e-01 -2.980822e-04 -7.779002e-03 2.993013e+00 2.810818e-04 9.999976e-01 -2.186405e-03 -3.670353e-01 7.779635e-03 2.184152e-03 9.999674e-01 1.244273e+01
9.999933e-01 -6.547804e-04 -3.593735e-03 3.025324e+00 6.552849e-04 9.999998e-01 1.391497e-04 -3.780445e-01 3.593644e-03 -1.415030e-04 9.999935e-01 1.277996e+01
9.999727e-01 -2.600630e-04 -7.384063e-03 3.054577e+00 2.438636e-04 9.999976e-01 -2.194626e-03 -3.892264e-01 7.384615e-03 2.192765e-03 9.999703e-01 1.313057e+01
9.999884e-01 -6.481319e-04 -4.774375e-03 3.048366e+00 6.470181e-04 9.999998e-01 -2.348810e-04 -4.008120e-01 4.774526e-03 2.317899e-04 9.999886e-01 1.361686e+01
9.999734e-01 -2.400563e-04 -7.296496e-03 3.040307e+00 2.240010e-04 9.999976e-01 -2.201118e-03 -4.123790e-01 7.297006e-03 2.199424e-03 9.999710e-01 1.409418e+01
9.999885e-01 -6.817353e-04 -4.742356e-03 3.063939e+00 6.825785e-04 9.999998e-01 1.761495e-04 -4.241092e-01 4.742235e-03 -1.793838e-04 9.999887e-01 1.446060e+01
9.999935e-01 4.781544e-04 -3.581175e-03 3.219087e+00 -4.862110e-04 9.999974e-01 -2.249095e-03 -4.292128e-01 3.580090e-03 2.250821e-03 9.999911e-01 1.449841e+01
9.999914e-01 -4.733168e-04 -4.112261e-03 3.404406e+00 4.745202e-04 9.999998e-01 2.915980e-04 -4.329782e-01 4.112123e-03 -2.935462e-04 9.999915e-01 1.447622e+01
9.999865e-01 -3.478016e-04 -5.176813e-03 3.482940e+00 3.355639e-04 9.999971e-01 -2.364596e-03 -4.417707e-01 5.177621e-03 2.362826e-03 9.999838e-01 1.467230e+01
9.999815e-01 -3.384432e-04 -6.076943e-03 3.532732e+00 3.420116e-04 9.999998e-01 5.861482e-04 -4.503256e-01 6.076743e-03 -5.882151e-04 9.999814e-01 1.489478e+01
9.999969e-01 3.667727e-04 -2.480039e-03 3.674246e+00 -3.725912e-04 9.999972e-01 -2.345985e-03 -4.556819e-01 2.479171e-03 2.346901e-03 9.999942e-01 1.491648e+01
9.999956e-01 1.054186e-03 -2.768715e-03 4.005338e+00 -1.052227e-03 9.999992e-01 7.089893e-04 -4.545194e-01 2.769460e-03 -7.060722e-04 9.999959e-01 1.464939e+01
9.999835e-01 -1.800689e-03 -5.457710e-03 4.101041e+00 1.785153e-03 9.999943e-01 -2.850074e-03 -4.637372e-01 5.462811e-03 2.840284e-03 9.999810e-01 1.489342e+01
9.999707e-01 7.941010e-04 -7.608110e-03 4.062295e+00 -7.930121e-04 9.999997e-01 1.461095e-04 -4.750719e-01 7.608223e-03 -1.400713e-04 9.999710e-01 1.549345e+01
9.999914e-01 -1.346093e-03 -3.934915e-03 4.121042e+00 1.338626e-03 9.999973e-01 -1.899557e-03 -4.841036e-01 3.937461e-03 1.894272e-03 9.999905e-01 1.570597e+01
9.999852e-01 4.591665e-04 -5.429077e-03 4.181701e+00 -4.594812e-04 9.999999e-01 -5.677476e-05 -4.940566e-01 5.429050e-03 5.926913e-05 9.999853e-01 1.600221e+01
9.999756e-01 -1.380832e-03 -6.852566e-03 4.142172e+00 1.359485e-03 9.999942e-01 -3.118881e-03 -5.060807e-01 6.856833e-03 3.109489e-03 9.999717e-01 1.668882e+01
9.999809e-01 2.151349e-04 -6.182118e-03 4.089484e+00 -2.132513e-04 9.999999e-01 3.053057e-04 -5.181755e-01 6.182184e-03 -3.039808e-04 9.999808e-01 1.737510e+01
9.999783e-01 -1.173103e-03 -6.483467e-03 4.072049e+00 1.153294e-03 9.999947e-01 -3.058066e-03 -5.299390e-01 6.487020e-03 3.050522e-03 9.999743e-01 1.791473e+01
9.999930e-01 3.789105e-04 -3.734898e-03 4.094097e+00 -3.763297e-04 9.999997e-01 6.916057e-04 -5.402468e-01 3.735159e-03 -6.901946e-04 9.999928e-01 1.831823e+01
9.999645e-01 -1.261249e-03 -8.329431e-03 4.100195e+00 1.238751e-03 9.999956e-01 -2.705505e-03 -5.514823e-01 8.332806e-03 2.695090e-03 9.999616e-01 1.871218e+01
9.999969e-01 2.387074e-03 -6.914885e-04 4.318282e+00 -2.386005e-03 9.999960e-01 1.542886e-03 -5.558735e-01 6.951690e-04 -1.541230e-03 9.999986e-01 1.862528e+01
9.999981e-01 5.587290e-04 1.880301e-03 4.811548e+00 -5.518708e-04 9.999932e-01 -3.646066e-03 -5.506260e-01 -1.882325e-03 3.645021e-03 9.999916e-01 1.813133e+01
9.999940e-01 3.353531e-03 9.000324e-04 5.435735e+00 -3.354516e-03 9.999938e-01 1.094999e-03 -5.432007e-01 -8.963544e-04 -1.098011e-03 9.999990e-01 1.752633e+01
9.999979e-01 -2.053117e-03 1.283572e-04 5.786850e+00 2.053501e-03 9.999932e-01 -3.069432e-03 -5.386167e-01 -1.220547e-04 3.069689e-03 9.999953e-01 1.716185e+01
9.999552e-01 1.381406e-03 -9.365512e-03 5.798069e+00 -1.369509e-03 9.999982e-01 1.276470e-03 -5.496365e-01 9.367259e-03 -1.263586e-03 9.999553e-01 1.753085e+01
9.999929e-01 -1.720133e-03 -3.355684e-03 5.906037e+00 1.709865e-03 9.999939e-01 -3.060426e-03 -5.589527e-01 3.360928e-03 3.054666e-03 9.999897e-01 1.770509e+01
9.999925e-01 2.419104e-03 -3.017012e-03 6.107128e+00 -2.414286e-03 9.999958e-01 1.599532e-03 -5.610003e-01 3.020869e-03 -1.592235e-03 9.999942e-01 1.756852e+01
9.999783e-01 -3.094270e-03 -5.815784e-03 6.180334e+00 3.077281e-03 9.999910e-01 -2.927789e-03 -5.688637e-01 5.824791e-03 2.909828e-03 9.999788e-01 1.771937e+01
9.999902e-01 2.274457e-03 -3.801901e-03 6.231636e+00 -2.269225e-03 9.999965e-01 1.379871e-03 -5.770012e-01 3.805026e-03 -1.371230e-03 9.999918e-01 1.787392e+01
9.999898e-01 -2.443822e-03 -3.793730e-03 6.295611e+00 2.436936e-03 9.999954e-01 -1.818629e-03 -5.820670e-01 3.798157e-03 1.809365e-03 9.999912e-01 1.788185e+01
9.999922e-01 3.538418e-03 -1.748809e-03 6.500258e+00 -3.536772e-03 9.999933e-01 9.432458e-04 -5.835618e-01 1.752135e-03 -9.370526e-04 9.999980e-01 1.770540e+01
9.999990e-01 -1.277229e-03 6.841542e-04 6.868857e+00 1.279123e-03 9.999953e-01 -2.776064e-03 -5.800786e-01 -6.806056e-04 2.776936e-03 9.999959e-01 1.732552e+01
9.999931e-01 3.658349e-03 -6.921422e-04 7.251875e+00 -3.657820e-03 9.999930e-01 7.632920e-04 -5.756435e-01 6.949300e-04 -7.607544e-04 9.999995e-01 1.692104e+01
9.999940e-01 -3.191925e-03 -1.332322e-03 7.457710e+00 3.189050e-03 9.999926e-01 -2.154485e-03 -5.747983e-01 1.339189e-03 2.150222e-03 9.999968e-01 1.671648e+01
9.999789e-01 3.268608e-03 -5.618449e-03 7.549912e+00 -3.261401e-03 9.999938e-01 1.291305e-03 -5.797129e-01 5.622635e-03 -1.272954e-03 9.999834e-01 1.669244e+01
9.999903e-01 -3.454772e-03 -2.718186e-03 7.621104e+00 3.448963e-03 9.999918e-01 -2.138555e-03 -5.865356e-01 2.725551e-03 2.129159e-03 9.999940e-01 1.674314e+01
9.999905e-01 2.704611e-03 -3.406844e-03 7.683547e+00 -2.701379e-03 9.999959e-01 9.528666e-04 -5.935861e-01 3.409408e-03 -9.436537e-04 9.999937e-01 1.682480e+01
9.999796e-01 -3.420348e-03 -5.403475e-03 7.679631e+00 3.406157e-03 9.999907e-01 -2.633244e-03 -6.048180e-01 5.412431e-03 2.614784e-03 9.999819e-01 1.718005e+01
9.999881e-01 2.701185e-03 -4.072227e-03 7.659321e+00 -2.696835e-03 9.999958e-01 1.073382e-03 -6.153158e-01 4.075110e-03 -1.062386e-03 9.999911e-01 1.755718e+01
9.999790e-01 -3.195191e-03 -5.638713e-03 7.667682e+00 3.183127e-03 9.999926e-01 -2.147145e-03 -6.245566e-01 5.645531e-03 2.129151e-03 9.999818e-01 1.775933e+01
9.999910e-01 2.457258e-03 -3.470240e-03 7.680195e+00 -2.453626e-03 9.999964e-01 1.050457e-03 -6.344772e-01 3.472809e-03 -1.041933e-03 9.999934e-01 1.799901e+01
9.999786e-01 -2.992420e-03 -5.809693e-03 7.653095e+00 2.976522e-03 9.999918e-01 -2.743164e-03 -6.434839e-01 5.817854e-03 2.725812e-03 9.999794e-01 1.838851e+01
9.999868e-01 2.381217e-03 -4.553348e-03 7.641554e+00 -2.374610e-03 9.999961e-01 1.456005e-03 -6.526166e-01 4.556797e-03 -1.445172e-03 9.999886e-01 1.868563e+01
9.999911e-01 -2.821745e-03 -3.145482e-03 7.686806e+00 2.814263e-03 9.999932e-01 -2.380695e-03 -6.600646e-01 3.152178e-03 2.371821e-03 9.999922e-01 1.877711e+01
9.999891e-01 2.745510e-03 -3.766661e-03 7.813832e+00 -2.739418e-03 9.999949e-01 1.621547e-03 -6.643581e-01 3.771094e-03 -1.611210e-03 9.999916e-01 1.873331e+01
9.999916e-01 -1.226321e-03 -3.910261e-03 8.045570e+00 1.217527e-03 9.999967e-01 -2.250507e-03 -6.680992e-01 3.913007e-03 2.245727e-03 9.999898e-01 1.855941e+01
9.999995e-01 3.631583e-04 -9.639410e-04 8.079579e+00 -3.615107e-04 9.999985e-01 1.708465e-03 -6.740673e-01 9.645602e-04 -1.708115e-03 9.999981e-01 1.869159e+01
9.999572e-01 -3.596389e-04 -9.249813e-03 8.088435e+00 3.331629e-04 9.999958e-01 -2.863670e-03 -6.819613e-01 9.250804e-03 2.860465e-03 9.999531e-01 1.886695e+01
9.999911e-01 5.663208e-04 4.168879e-03 8.221256e+00 -5.754394e-04 9.999974e-01 2.186492e-03 -6.852706e-01 -4.167630e-03 -2.188871e-03 9.999889e-01 1.880223e+01
9.999030e-01 -9.571882e-04 -1.389813e-02 8.258275e+00 9.183079e-04 9.999956e-01 -2.803608e-03 -6.948581e-01 1.390076e-02 2.790572e-03 9.998995e-01 1.896292e+01
9.999886e-01 6.496930e-04 4.730143e-03 8.320747e+00 -6.601517e-04 9.999973e-01 2.209914e-03 -7.027432e-01 -4.728695e-03 -2.213011e-03 9.999864e-01 1.904358e+01
9.998999e-01 -1.494360e-03 -1.406733e-02 8.345521e+00 1.450514e-03 9.999941e-01 -3.126477e-03 -7.114871e-01 1.407191e-02 3.105759e-03 9.998962e-01 1.923946e+01
9.999837e-01 2.567091e-03 5.106130e-03 8.480430e+00 -2.578541e-03 9.999942e-01 2.237097e-03 -7.184911e-01 -5.100357e-03 -2.250226e-03 9.999845e-01 1.920502e+01
9.999196e-01 -2.586076e-03 -1.241014e-02 8.581728e+00 2.554908e-03 9.999935e-01 -2.526687e-03 -7.266203e-01 1.241659e-02 2.494777e-03 9.999198e-01 1.925251e+01
9.999914e-01 2.129348e-03 3.550828e-03 8.643125e+00 -2.134286e-03 9.999968e-01 1.387671e-03 -7.349719e-01 -3.547861e-03 -1.395237e-03 9.999927e-01 1.935192e+01
9.999454e-01 -1.300169e-03 -1.036610e-02 8.814744e+00 1.274561e-03 9.999961e-01 -2.476547e-03 -7.387995e-01 1.036928e-02 2.463199e-03 9.999432e-01 1.922934e+01
9.999443e-01 2.370871e-03 1.028472e-02 9.098749e+00 -2.377290e-03 9.999970e-01 6.119563e-04 -7.355180e-01 -1.028324e-02 -6.363714e-04 9.999469e-01 1.892226e+01
9.998959e-01 -1.848336e-03 -1.431077e-02 9.270568e+00 1.822625e-03 9.999967e-01 -1.809405e-03 -7.384131e-01 1.431407e-02 1.783133e-03 9.998960e-01 1.878434e+01
9.999695e-01 1.476425e-03 7.667942e-03 9.371892e+00 -1.481165e-03 9.999987e-01 6.125747e-04 -7.425488e-01 -7.667027e-03 -6.239129e-04 9.999704e-01 1.875980e+01
9.998955e-01 -1.655232e-03 -1.435862e-02 9.449093e+00 1.635550e-03 9.999977e-01 -1.382318e-03 -7.488126e-01 1.436088e-02 1.358689e-03 9.998960e-01 1.878878e+01
9.999598e-01 2.433075e-03 8.635088e-03 9.596590e+00 -2.437537e-03 9.999969e-01 5.062953e-04 -7.528475e-01 -8.633829e-03 -5.273227e-04 9.999626e-01 1.869286e+01
9.999223e-01 -1.515450e-03 -1.237333e-02 9.809254e+00 1.494423e-03 9.999974e-01 -1.708390e-03 -7.553808e-01 1.237588e-02 1.689765e-03 9.999220e-01 1.852554e+01
9.999845e-01 1.257601e-03 5.420717e-03 9.894582e+00 -1.260972e-03 9.999990e-01 6.184945e-04 -7.618948e-01 -5.419934e-03 -6.253197e-04 9.999851e-01 1.854742e+01
9.999277e-01 -1.119969e-03 -1.197512e-02 1.003076e+01 1.100058e-03 9.999980e-01 -1.669089e-03 -7.672087e-01 1.197697e-02 1.655794e-03 9.999269e-01 1.848786e+01
9.999670e-01 1.612059e-03 7.963787e-03 1.021789e+01 -1.613372e-03 9.999987e-01 1.585425e-04 -7.714121e-01 -7.963521e-03 -1.713852e-04 9.999683e-01 1.838298e+01
9.999007e-01 -1.683121e-03 -1.398894e-02 1.035096e+01 1.663592e-03 9.999976e-01 -1.407568e-03 -7.752008e-01 1.399127e-02 1.384156e-03 9.999012e-01 1.830961e+01
9.999400e-01 3.135502e-03 1.050062e-02 1.065958e+01 -3.137679e-03 9.999951e-01 1.908422e-04 -7.776193e-01 -1.049997e-02 -2.237777e-04 9.999448e-01 1.804059e+01
9.999717e-01 4.556109e-04 -7.508131e-03 1.128945e+01 -4.753866e-04 9.999964e-01 -2.632290e-03 -7.737482e-01 7.506905e-03 2.635784e-03 9.999683e-01 1.746517e+01
9.999557e-01 1.587495e-03 9.274528e-03 1.177641e+01 -1.590421e-03 9.999987e-01 3.081399e-04 -7.698422e-01 -9.274027e-03 -3.228760e-04 9.999569e-01 1.702088e+01
9.999275e-01 2.835224e-04 -1.203976e-02 1.211104e+01 -3.067997e-04 9.999981e-01 -1.931542e-03 -7.723462e-01 1.203919e-02 1.935095e-03 9.999257e-01 1.672984e+01
9.999041e-01 2.215585e-03 1.367296e-02 1.258466e+01 -2.209323e-03 9.999974e-01 -4.729916e-04 -7.693239e-01 -1.367397e-02 4.427388e-04 9.999064e-01 1.627910e+01
9.999063e-01 -2.223891e-04 -1.368480e-02 1.296591e+01 2.007150e-04 9.999987e-01 -1.585139e-03 -7.680792e-01 1.368514e-02 1.582243e-03 9.999051e-01 1.591656e+01
9.999186e-01 2.130701e-03 1.257752e-02 1.331064e+01 -2.127959e-03 9.999977e-01 -2.313370e-04 -7.681677e-01 -1.257798e-02 2.045543e-04 9.999209e-01 1.559577e+01
9.999107e-01 -2.785861e-04 -1.335901e-02 1.364852e+01 2.565087e-04 9.999986e-01 -1.654281e-03 -7.676333e-01 1.335945e-02 1.650706e-03 9.999094e-01 1.527102e+01
9.999211e-01 2.068539e-03 1.238866e-02 1.396860e+01 -2.066931e-03 9.999979e-01 -1.426120e-04 -7.670598e-01 -1.238893e-02 1.169949e-04 9.999232e-01 1.496013e+01
9.999096e-01 3.596816e-04 -1.343996e-02 1.437172e+01 -3.840690e-04 9.999983e-01 -1.811981e-03 -7.665452e-01 1.343928e-02 1.816979e-03 9.999080e-01 1.457595e+01
9.998617e-01 2.513202e-03 1.644122e-02 1.492092e+01 -2.504864e-03 9.999967e-01 -5.276561e-04 -7.614278e-01 -1.644249e-02 4.864006e-04 9.998647e-01 1.403693e+01
9.998643e-01 -4.922287e-04 -1.646603e-02 1.533593e+01 4.677776e-04 9.999988e-01 -1.488744e-03 -7.586630e-01 1.646675e-02 1.480839e-03 9.998633e-01 1.365175e+01
9.999302e-01 2.153719e-03 1.161464e-02 1.564447e+01 -2.154403e-03 9.999977e-01 4.634374e-05 -7.598157e-01 -1.161451e-02 -7.136253e-05 9.999325e-01 1.339883e+01
9.999136e-01 -1.988526e-04 -1.313993e-02 1.599388e+01 1.723927e-04 9.999980e-01 -2.014780e-03 -7.585377e-01 1.314031e-02 2.012341e-03 9.999116e-01 1.305849e+01
9.999090e-01 2.455505e-03 1.326841e-02 1.639146e+01 -2.453796e-03 9.999970e-01 -1.450738e-04 -7.557863e-01 -1.326873e-02 1.125031e-04 9.999120e-01 1.265407e+01
9.999042e-01 2.183050e-04 -1.384012e-02 1.684031e+01 -2.482506e-04 9.999976e-01 -2.161972e-03 -7.521494e-01 1.383961e-02 2.165200e-03 9.999019e-01 1.220259e+01
9.998448e-01 3.810784e-03 1.720266e-02 1.752927e+01 -3.801253e-03 9.999926e-01 -5.866358e-04 -7.448932e-01 -1.720477e-02 5.211537e-04 9.998519e-01 1.151966e+01
9.999151e-01 7.414976e-04 -1.300837e-02 1.831283e+01 -7.747966e-04 9.999964e-01 -2.554933e-03 -7.362541e-01 1.300643e-02 2.564795e-03 9.999121e-01 1.076448e+01
9.998429e-01 4.103436e-03 1.724573e-02 1.913221e+01 -4.099099e-03 9.999916e-01 -2.868486e-04 -7.286897e-01 -1.724677e-02 2.161122e-04 9.998512e-01 9.989872e+00
9.999406e-01 -7.737787e-04 -1.086893e-02 1.984512e+01 7.427584e-04 9.999956e-01 -2.857744e-03 -7.174722e-01 1.087110e-02 2.849501e-03 9.999368e-01 9.279724e+00
9.999888e-01 5.704628e-04 4.689284e-03 2.000583e+01 -5.756145e-04 9.999992e-01 1.097429e-03 -7.245296e-01 -4.688654e-03 -1.100115e-03 9.999884e-01 9.362577e+00
9.999121e-01 -4.472692e-04 -1.324839e-02 2.018633e+01 4.179766e-04 9.999975e-01 -2.213693e-03 -7.336804e-01 1.324934e-02 2.207961e-03 9.999098e-01 9.387770e+00
9.998794e-01 3.063066e-03 1.522604e-02 2.069516e+01 -3.060565e-03 9.999953e-01 -1.875404e-04 -7.280533e-01 -1.522654e-02 1.409181e-04 9.998841e-01 8.881028e+00
9.998767e-01 -1.252225e-03 -1.565313e-02 2.106017e+01 1.218193e-03 9.999969e-01 -2.183455e-03 -7.251238e-01 1.565581e-02 2.164117e-03 9.998751e-01 8.523419e+00
9.999018e-01 3.003683e-03 1.369114e-02 2.139205e+01 -3.009310e-03 9.999954e-01 3.904426e-04 -7.246633e-01 -1.368991e-02 -4.316046e-04 9.999062e-01 8.207111e+00
9.998798e-01 -1.484111e-03 -1.543361e-02 2.172727e+01 1.445665e-03 9.999958e-01 -2.501861e-03 -7.227905e-01 1.543725e-02 2.479248e-03 9.998778e-01 7.894254e+00
9.999084e-01 4.345876e-03 1.281671e-02 2.221195e+01 -4.351808e-03 9.999904e-01 4.349470e-04 -7.225036e-01 -1.281470e-02 -4.906825e-04 9.999178e-01 7.467264e+00
9.999701e-01 -6.598795e-04 -7.699067e-03 2.287139e+01 6.317842e-04 9.999931e-01 -3.650985e-03 -7.126699e-01 7.701424e-03 3.646011e-03 9.999637e-01 6.796072e+00
9.999786e-01 2.331109e-04 6.542887e-03 2.300364e+01 -2.549179e-04 9.999944e-01 3.332355e-03 -7.148827e-01 -6.542074e-03 -3.333951e-03 9.999730e-01 6.706447e+00
9.999367e-01 7.273804e-04 -1.123032e-02 2.317585e+01 -7.800861e-04 9.999887e-01 -4.689463e-03 -7.173357e-01 1.122679e-02 4.697926e-03 9.999259e-01 6.540574e+00
9.999096e-01 2.946625e-03 1.311627e-02 2.376592e+01 -2.976964e-03 9.999929e-01 2.294183e-03 -7.136357e-01 -1.310942e-02 -2.333021e-03 9.999113e-01 5.972247e+00
9.999623e-01 1.239152e-03 -8.591073e-03 2.448451e+01 -1.282859e-03 9.999863e-01 -5.083813e-03 -7.066473e-01 8.584655e-03 5.094642e-03 9.999502e-01 5.274559e+00
9.999072e-01 3.321548e-03 1.321291e-02 2.525430e+01 -3.352144e-03 9.999918e-01 2.294160e-03 -6.994614e-01 -1.320518e-02 -2.338238e-03 9.999101e-01 4.527625e+00
9.999616e-01 -1.465371e-04 -8.759800e-03 2.585066e+01 1.028439e-04 9.999876e-01 -4.988126e-03 -6.920928e-01 8.760422e-03 4.987033e-03 9.999492e-01 3.922395e+00
9.999280e-01 3.072843e-03 1.159688e-02 2.638471e+01 -3.103719e-03 9.999917e-01 2.645433e-03 -6.871784e-01 -1.158866e-02 -2.681236e-03 9.999293e-01 3.388111e+00
9.998735e-01 -3.962161e-03 -1.540462e-02 2.635102e+01 3.927725e-03 9.999897e-01 -2.265052e-03 -6.933544e-01 1.541344e-02 2.204260e-03 9.998788e-01 3.639880e+00
9.999881e-01 3.003354e-03 3.842663e-03 2.626700e+01 -3.006555e-03 9.999951e-01 8.277438e-04 -6.985318e-01 -3.840158e-03 -8.392866e-04 9.999923e-01 4.051777e+00
9.998951e-01 -3.450504e-03 -1.406503e-02 2.628851e+01 3.427003e-03 9.999927e-01 -1.694590e-03 -7.062436e-01 1.407078e-02 1.646211e-03 9.998996e-01 4.163896e+00
9.998624e-01 6.106266e-03 1.542652e-02 2.673569e+01 -6.098176e-03 9.999812e-01 -5.713959e-04 -7.011465e-01 -1.542972e-02 4.772442e-04 9.998808e-01 3.690775e+00
9.998806e-01 -3.643108e-03 -1.501724e-02 2.716976e+01 3.622431e-03 9.999925e-01 -1.403857e-03 -6.975005e-01 1.502224e-02 1.349289e-03 9.998862e-01 3.245087e+00
9.998452e-01 5.239158e-03 1.679395e-02 2.755152e+01 -5.228651e-03 9.999861e-01 -6.694212e-04 -6.929968e-01 -1.679722e-02 5.815085e-04 9.998587e-01 2.870294e+00
9.998544e-01 -9.458712e-04 -1.703508e-02 2.816733e+01 9.186236e-04 9.999983e-01 -1.607232e-03 -6.905424e-01 1.703657e-02 1.591348e-03 9.998536e-01 2.287422e+00
9.997814e-01 3.674218e-03 2.058471e-02 2.866846e+01 -3.657787e-03 9.999930e-01 -8.357701e-04 -6.836960e-01 -2.058764e-02 7.602934e-04 9.997878e-01 1.767696e+00
9.998317e-01 -9.637844e-04 -1.831823e-02 2.914863e+01 9.365351e-04 9.999984e-01 -1.496049e-03 -6.792942e-01 1.831964e-02 1.478641e-03 9.998311e-01 1.275127e+00
9.997762e-01 3.230302e-03 2.090616e-02 2.958408e+01 -3.216971e-03 9.999946e-01 -6.712417e-04 -6.749704e-01 -2.090822e-02 6.038375e-04 9.997812e-01 8.268973e-01
9.998341e-01 3.756114e-04 -1.821036e-02 3.020680e+01 -4.075932e-04 9.999984e-01 -1.752544e-03 -6.712279e-01 1.820967e-02 1.759675e-03 9.998326e-01 2.274076e-01
9.997825e-01 2.195684e-03 2.074051e-02 3.068682e+01 -2.184674e-03 9.999975e-01 -5.534740e-04 -6.664397e-01 -2.074167e-02 5.080429e-04 9.997847e-01 -2.600841e-01
9.998186e-01 3.276246e-05 -1.904877e-02 3.109917e+01 -6.231271e-05 9.999988e-01 -1.550684e-03 -6.626088e-01 1.904869e-02 1.551589e-03 9.998174e-01 -6.829057e-01
9.998351e-01 2.081502e-03 1.804204e-02 3.144987e+01 -2.078156e-03 9.999978e-01 -2.041850e-04 -6.626748e-01 -1.804243e-02 1.666578e-04 9.998372e-01 -1.023348e+00
9.998419e-01 1.419924e-04 -1.778240e-02 3.186240e+01 -1.761988e-04 9.999981e-01 -1.922036e-03 -6.607603e-01 1.778209e-02 1.924864e-03 9.998400e-01 -1.429977e+00
9.998129e-01 2.460407e-03 1.918717e-02 3.233638e+01 -2.454831e-03 9.999969e-01 -3.141107e-04 -6.577500e-01 -1.918788e-02 2.669513e-04 9.998159e-01 -1.897019e+00
9.998469e-01 4.343895e-04 -1.749340e-02 3.283527e+01 -4.732900e-04 9.999974e-01 -2.219628e-03 -6.530867e-01 1.749240e-02 2.227567e-03 9.998445e-01 -2.396333e+00
9.998036e-01 1.980688e-03 1.972098e-02 3.328752e+01 -1.979443e-03 9.999980e-01 -8.262452e-05 -6.471201e-01 -1.972110e-02 4.357230e-05 9.998055e-01 -2.866481e+00
9.997661e-01 1.215971e-04 -2.162767e-02 3.356323e+01 -1.670263e-04 9.999978e-01 -2.098706e-03 -6.450326e-01 2.162737e-02 2.101827e-03 9.997639e-01 -3.183012e+00
9.997186e-01 1.436601e-03 2.367987e-02 3.394316e+01 -1.444378e-03 9.999989e-01 3.113485e-04 -6.402629e-01 -2.367940e-02 -3.454630e-04 9.997195e-01 -3.607756e+00
9.997339e-01 6.686972e-04 -2.305657e-02 3.430128e+01 -7.333018e-04 9.999958e-01 -2.793649e-03 -6.350098e-01 2.305461e-02 2.809812e-03 9.997303e-01 -4.019898e+00
9.997071e-01 1.469406e-03 2.415626e-02 3.470799e+01 -1.488971e-03 9.999986e-01 7.919935e-04 -6.303769e-01 -2.415506e-02 -8.277289e-04 9.997079e-01 -4.470638e+00
9.997989e-01 2.243519e-03 -1.992888e-02 3.536768e+01 -2.310616e-03 9.999917e-01 -3.344427e-03 -6.231591e-01 1.992122e-02 3.389802e-03 9.997958e-01 -5.127960e+00
9.996471e-01 2.002251e-03 2.648835e-02 3.613126e+01 -2.012808e-03 9.999979e-01 3.719107e-04 -6.129514e-01 -2.648755e-02 -4.250948e-04 9.996491e-01 -5.872022e+00
9.997618e-01 1.377496e-03 -2.178181e-02 3.672843e+01 -1.450770e-03 9.999933e-01 -3.348529e-03 -6.032620e-01 2.177705e-02 3.379332e-03 9.997571e-01 -6.490246e+00
9.998040e-01 -7.274285e-04 1.978285e-02 3.691644e+01 6.970559e-04 9.999986e-01 1.542174e-03 -6.031030e-01 -1.978394e-02 -1.528081e-03 9.998031e-01 -6.681351e+00
9.996406e-01 2.397205e-04 -2.680515e-02 3.703614e+01 -3.003116e-04 9.999974e-01 -2.256411e-03 -6.084258e-01 2.680454e-02 2.263649e-03 9.996381e-01 -6.666664e+00
9.997398e-01 1.743647e-03 2.274363e-02 3.725550e+01 -1.751857e-03 9.999984e-01 3.410746e-04 -6.094210e-01 -2.274300e-02 -3.808289e-04 9.997413e-01 -6.877578e+00
9.996507e-01 -1.866822e-03 -2.636294e-02 3.738451e+01 1.827314e-03 9.999972e-01 -1.522586e-03 -6.109015e-01 2.636571e-02 1.473881e-03 9.996513e-01 -6.990227e+00
9.997621e-01 2.239456e-03 2.169775e-02 3.751848e+01 -2.246280e-03 9.999974e-01 2.901807e-04 -6.135263e-01 -2.169704e-02 -3.388504e-04 9.997645e-01 -7.116101e+00
9.997444e-01 -3.419831e-04 -2.260492e-02 3.786490e+01 2.948453e-04 9.999978e-01 -2.088572e-03 -6.126993e-01 2.260558e-02 2.081373e-03 9.997423e-01 -7.466165e+00
9.997399e-01 2.490511e-03 2.266832e-02 3.824329e+01 -2.494047e-03 9.999969e-01 1.277186e-04 -6.091184e-01 -2.266793e-02 -1.842207e-04 9.997430e-01 -7.863615e+00
9.997918e-01 9.352498e-04 -2.038277e-02 3.884878e+01 -9.916538e-04 9.999957e-01 -2.757288e-03 -6.020957e-01 2.038011e-02 2.776926e-03 9.997884e-01 -8.480454e+00
9.996791e-01 2.787962e-03 2.517910e-02 3.953304e+01 -2.795571e-03 9.999961e-01 2.670007e-04 -5.931304e-01 -2.517826e-02 -3.373044e-04 9.996829e-01 -9.172856e+00
9.998054e-01 2.441053e-04 -1.972664e-02 4.011541e+01 -3.136692e-04 9.999937e-01 -3.523356e-03 -5.820213e-01 1.972565e-02 3.528858e-03 9.997992e-01 -9.790493e+00
9.997202e-01 1.580889e-03 2.360060e-02 4.056880e+01 -1.617894e-03 9.999975e-01 1.548970e-03 -5.751864e-01 -2.359809e-02 -1.586720e-03 9.997203e-01 -1.026907e+01
9.997776e-01 1.370053e-03 -2.104404e-02 4.110400e+01 -1.458087e-03 9.999902e-01 -4.168536e-03 -5.681683e-01 2.103812e-02 4.198293e-03 9.997699e-01 -1.081782e+01
9.997224e-01 9.542789e-04 2.354042e-02 4.154938e+01 -9.979454e-04 9.999978e-01 1.843295e-03 -5.624328e-01 -2.353861e-02 -1.866275e-03 9.997212e-01 -1.128955e+01
9.997784e-01 2.723071e-03 -2.087643e-02 4.217897e+01 -2.815271e-03 9.999864e-01 -4.388317e-03 -5.575358e-01 2.086419e-02 4.446117e-03 9.997724e-01 -1.191126e+01
9.996251e-01 1.504260e-03 2.734013e-02 4.294589e+01 -1.545967e-03 9.999977e-01 1.504447e-03 -5.479340e-01 -2.733781e-02 -1.546149e-03 9.996251e-01 -1.265586e+01
9.996745e-01 1.422262e-03 -2.547125e-02 4.350661e+01 -1.511582e-03 9.999928e-01 -3.487770e-03 -5.419378e-01 2.546610e-02 3.525136e-03 9.996695e-01 -1.318092e+01
9.996747e-01 5.405492e-04 2.549783e-02 4.385360e+01 -5.618580e-04 9.999995e-01 8.285682e-04 -5.371665e-01 -2.549736e-02 -8.426243e-04 9.996745e-01 -1.353678e+01
9.997271e-01 5.771511e-03 -2.263780e-02 4.467961e+01 -5.841326e-03 9.999784e-01 -3.019090e-03 -5.293557e-01 2.261988e-02 3.150500e-03 9.997392e-01 -1.437674e+01
9.994013e-01 -3.494854e-03 3.442057e-02 4.541764e+01 3.484178e-03 9.999939e-01 3.701604e-04 -5.124377e-01 -3.442165e-02 -2.500109e-04 9.994074e-01 -1.512822e+01
9.992975e-01 5.744320e-03 -3.703305e-02 4.574449e+01 -5.818614e-03 9.999813e-01 -1.898676e-03 -5.136023e-01 3.702145e-02 2.112822e-03 9.993122e-01 -1.543433e+01
9.991949e-01 -2.996489e-03 4.000829e-02 4.624133e+01 3.007179e-03 9.999955e-01 -2.070010e-04 -5.083163e-01 -4.000749e-02 3.271470e-04 9.991993e-01 -1.595132e+01
9.992121e-01 4.939777e-03 -3.938059e-02 4.664266e+01 -5.021639e-03 9.999854e-01 -1.980084e-03 -5.042713e-01 3.937023e-02 2.176279e-03 9.992223e-01 -1.635489e+01
9.993030e-01 -3.110524e-03 3.720064e-02 4.692416e+01 3.103047e-03 9.999952e-01 2.587332e-04 -5.016985e-01 -3.720126e-02 -1.431170e-04 9.993078e-01 -1.666921e+01
9.993076e-01 4.616093e-03 -3.692028e-02 4.725367e+01 -4.685294e-03 9.999874e-01 -1.788005e-03 -4.979749e-01 3.691156e-02 1.959749e-03 9.993166e-01 -1.704226e+01
9.993176e-01 -2.970370e-03 3.681622e-02 4.756501e+01 2.964102e-03 9.999956e-01 2.248512e-04 -4.950770e-01 -3.681672e-02 -1.155702e-04 9.993220e-01 -1.737616e+01
9.992490e-01 4.296457e-03 -3.850978e-02 4.780220e+01 -4.366335e-03 9.999890e-01 -1.730622e-03 -4.941937e-01 3.850192e-02 1.897468e-03 9.992567e-01 -1.763061e+01
9.994288e-01 -4.648632e-03 3.347345e-02 4.785496e+01 4.620087e-03 9.999889e-01 9.300842e-04 -4.996932e-01 -3.347741e-02 -7.749021e-04 9.994392e-01 -1.759316e+01
9.991264e-01 5.023874e-03 -4.148625e-02 4.791605e+01 -5.103867e-03 9.999853e-01 -1.822492e-03 -5.075108e-01 4.147649e-02 2.032640e-03 9.991374e-01 -1.757871e+01
9.991909e-01 -2.985590e-03 4.010847e-02 4.823491e+01 2.981913e-03 9.999955e-01 1.515040e-04 -5.051636e-01 -4.010875e-02 -3.178088e-05 9.991953e-01 -1.792746e+01
9.991686e-01 3.465457e-03 -4.062256e-02 4.845404e+01 -3.541179e-03 9.999921e-01 -1.792225e-03 -5.031337e-01 4.061603e-02 1.934586e-03 9.991730e-01 -1.816316e+01
9.994370e-01 -3.930721e-03 3.331899e-02 4.856284e+01 3.933448e-03 9.999923e-01 -1.628678e-05 -5.132727e-01 -3.331867e-02 1.473367e-04 9.994448e-01 -1.803254e+01
9.990387e-01 3.526518e-03 -4.369449e-02 4.863856e+01 -3.617174e-03 9.999915e-01 -1.995873e-03 -5.224724e-01 4.368708e-02 2.152005e-03 9.990429e-01 -1.777297e+01
9.991009e-01 -1.805069e-03 4.235719e-02 4.895599e+01 1.803609e-03 9.999984e-01 7.268561e-05 -5.196878e-01 -4.235725e-02 3.776082e-06 9.991025e-01 -1.810828e+01
9.986498e-01 1.425113e-03 -5.192861e-02 4.872676e+01 -1.480201e-03 9.999984e-01 -1.022387e-03 -5.264179e-01 5.192707e-02 1.097871e-03 9.986503e-01 -1.710079e+01
9.990649e-01 -5.027276e-04 4.323350e-02 4.890645e+01 4.952622e-04 9.999999e-01 1.833957e-04 -5.324200e-01 -4.323358e-02 -1.618118e-04 9.990650e-01 -1.717626e+01
9.988943e-01 -3.365499e-04 -4.701076e-02 4.907010e+01 2.344381e-04 9.999976e-01 -2.177583e-03 -5.360953e-01 4.701138e-02 2.164154e-03 9.988920e-01 -1.716000e+01
9.992660e-01 7.040151e-04 3.830051e-02 4.924818e+01 -7.376144e-04 9.999994e-01 8.631420e-04 -5.451431e-01 -3.829988e-02 -8.907590e-04 9.992659e-01 -1.711750e+01
9.993859e-01 1.499650e-03 -3.500820e-02 4.973628e+01 -1.622994e-03 9.999926e-01 -3.495140e-03 -5.376656e-01 3.500270e-02 3.549811e-03 9.993809e-01 -1.763440e+01
9.993320e-01 1.574947e-03 3.651199e-02 5.027006e+01 -1.609235e-03 9.999983e-01 9.097276e-04 -5.322863e-01 -3.651049e-02 -9.678757e-04 9.993328e-01 -1.819364e+01
9.995729e-01 1.769761e-03 -2.916986e-02 5.098617e+01 -1.892459e-03 9.999895e-01 -4.179243e-03 -5.206911e-01 2.916216e-02 4.232661e-03 9.995657e-01 -1.893522e+01
9.994235e-01 2.122696e-03 3.388597e-02 5.168925e+01 -2.161201e-03 9.999971e-01 1.099731e-03 -5.124190e-01 -3.388354e-02 -1.172331e-03 9.994251e-01 -1.963876e+01
9.996227e-01 2.041611e-03 -2.739242e-02 5.248422e+01 -2.164538e-03 9.999877e-01 -4.458730e-03 -5.022270e-01 2.738298e-02 4.516339e-03 9.996148e-01 -2.042329e+01
9.995090e-01 1.963557e-03 3.127254e-02 5.317321e+01 -2.015835e-03 9.999966e-01 1.640260e-03 -4.950942e-01 -3.126922e-02 -1.702494e-03 9.995095e-01 -2.110313e+01
9.995989e-01 -7.025571e-05 -2.832163e-02 5.361477e+01 -4.663796e-05 9.999915e-01 -4.126670e-03 -4.890266e-01 2.832167e-02 4.126335e-03 9.995903e-01 -2.157552e+01
9.995878e-01 2.341046e-03 2.861384e-02 5.401118e+01 -2.396034e-03 9.999953e-01 1.887576e-03 -4.842829e-01 -2.860929e-02 -1.955357e-03 9.995888e-01 -2.200796e+01
9.996566e-01 -8.672366e-04 -2.619014e-02 5.438287e+01 7.623054e-04 9.999916e-01 -4.016221e-03 -4.779088e-01 2.619340e-02 3.994876e-03 9.996489e-01 -2.243300e+01
9.995302e-01 5.075048e-03 3.022763e-02 5.518735e+01 -5.133517e-03 9.999851e-01 1.857018e-03 -4.715397e-01 -3.021776e-02 -2.011319e-03 9.995413e-01 -2.319328e+01
9.998226e-01 -3.485685e-03 -1.850742e-02 5.594160e+01 3.369979e-03 9.999746e-01 -6.279359e-03 -4.561101e-01 1.852884e-02 6.215875e-03 9.998090e-01 -2.387317e+01
9.997526e-01 5.989765e-03 2.142300e-02 5.642001e+01 -6.050282e-03 9.999779e-01 2.761147e-03 -4.522982e-01 -2.140599e-02 -2.890079e-03 9.997667e-01 -2.419206e+01
9.998678e-01 -4.373728e-03 -1.566002e-02 5.698671e+01 4.263330e-03 9.999659e-01 -7.076101e-03 -4.428390e-01 1.569043e-02 7.008401e-03 9.998523e-01 -2.460717e+01
9.999886e-01 3.400460e-03 3.350202e-03 5.698917e+01 -3.418522e-03 9.999796e-01 5.400448e-03 -4.519862e-01 -3.331770e-03 -5.411838e-03 9.999798e-01 -2.400822e+01
9.998724e-01 -2.104801e-03 -1.583210e-02 5.708381e+01 1.994424e-03 9.999736e-01 -6.984263e-03 -4.539471e-01 1.584639e-02 6.951795e-03 9.998503e-01 -2.388821e+01
9.997855e-01 3.894983e-03 2.034044e-02 5.752818e+01 -3.997600e-03 9.999795e-01 5.006748e-03 -4.459779e-01 -2.032052e-02 -5.086987e-03 9.997806e-01 -2.440107e+01
9.998500e-01 -1.060174e-03 -1.728472e-02 5.808834e+01 9.354591e-04 9.999735e-01 -7.221825e-03 -4.404892e-01 1.729192e-02 7.204572e-03 9.998245e-01 -2.496355e+01
9.997542e-01 4.553363e-03 2.169799e-02 5.868314e+01 -4.648574e-03 9.999798e-01 4.339621e-03 -4.323053e-01 -2.167779e-02 -4.439418e-03 9.997552e-01 -2.558431e+01
9.998162e-01 -2.526900e-03 -1.900665e-02 5.904205e+01 2.393434e-03 9.999723e-01 -7.041507e-03 -4.246113e-01 1.902391e-02 6.994721e-03 9.997946e-01 -2.602367e+01
9.998101e-01 4.362558e-03 1.899450e-02 5.941416e+01 -4.467376e-03 9.999750e-01 5.479427e-03 -4.215340e-01 -1.897012e-02 -5.563242e-03 9.998046e-01 -2.642582e+01
9.998817e-01 -1.419889e-03 -1.531728e-02 5.997453e+01 1.303381e-03 9.999702e-01 -7.613590e-03 -4.157563e-01 1.532764e-02 7.592724e-03 9.998537e-01 -2.698732e+01
9.997851e-01 4.922318e-03 2.013868e-02 6.054480e+01 -5.016874e-03 9.999766e-01 4.647411e-03 -4.074885e-01 -2.011534e-02 -4.747445e-03 9.997864e-01 -2.759147e+01
9.998628e-01 -3.376169e-03 -1.621560e-02 6.093451e+01 3.273150e-03 9.999743e-01 -6.375409e-03 -4.020624e-01 1.623671e-02 6.321458e-03 9.998482e-01 -2.801394e+01
9.998643e-01 5.174465e-03 1.563953e-02 6.121573e+01 -5.244769e-03 9.999763e-01 4.457642e-03 -4.000193e-01 -1.561610e-02 -4.539063e-03 9.998678e-01 -2.833136e+01
9.998613e-01 -3.037334e-03 -1.637766e-02 6.160345e+01 2.938948e-03 9.999775e-01 -6.028002e-03 -3.994691e-01 1.639560e-02 5.979032e-03 9.998477e-01 -2.871297e+01
9.997952e-01 5.817558e-03 1.938566e-02 6.210464e+01 -5.887970e-03 9.999763e-01 3.577090e-03 -3.931975e-01 -1.936439e-02 -3.690499e-03 9.998057e-01 -2.922929e+01
9.998134e-01 -4.872997e-03 -1.869188e-02 6.239314e+01 4.773724e-03 9.999743e-01 -5.351969e-03 -3.905425e-01 1.871748e-02 5.261740e-03 9.998110e-01 -2.953213e+01
9.998310e-01 7.485229e-03 1.679318e-02 6.276432e+01 -7.542800e-03 9.999659e-01 3.367551e-03 -3.899484e-01 -1.676740e-02 -3.493649e-03 9.998533e-01 -2.991212e+01
9.998878e-01 -5.046613e-03 -1.410368e-02 6.323798e+01 4.965387e-03 9.999709e-01 -5.788309e-03 -3.839946e-01 1.413248e-02 5.717629e-03 9.998838e-01 -3.041675e+01
9.998472e-01 7.205278e-03 1.592600e-02 6.365400e+01 -7.262039e-03 9.999675e-01 3.509099e-03 -3.794883e-01 -1.590019e-02 -3.624218e-03 9.998670e-01 -3.085945e+01
9.998579e-01 -5.140380e-03 -1.605567e-02 6.397698e+01 5.046188e-03 9.999699e-01 -5.901553e-03 -3.754527e-01 1.608552e-02 5.819694e-03 9.998537e-01 -3.121951e+01
9.998559e-01 8.481987e-03 1.470526e-02 6.443976e+01 -8.550174e-03 9.999530e-01 4.580257e-03 -3.679134e-01 -1.466572e-02 -4.705329e-03 9.998814e-01 -3.173754e+01
9.999945e-01 -2.882764e-03 -1.649441e-03 6.547019e+01 2.871292e-03 9.999720e-01 -6.915390e-03 -3.454330e-01 1.669330e-03 6.910615e-03 9.999747e-01 -3.283870e+01
9.999720e-01 3.179399e-03 -6.778770e-03 6.552836e+01 -3.128209e-03 9.999666e-01 7.548639e-03 -3.464673e-01 6.802544e-03 -7.527221e-03 9.999485e-01 -3.273990e+01
9.999982e-01 -1.907506e-03 -1.445643e-04 6.568423e+01 1.906246e-03 9.999640e-01 -8.266843e-03 -3.515669e-01 1.603281e-04 8.266552e-03 9.999658e-01 -3.279245e+01
9.999564e-01 4.681502e-03 8.079148e-03 6.624606e+01 -4.728369e-03 9.999720e-01 5.791616e-03 -3.401088e-01 -8.051809e-03 -5.829564e-03 9.999506e-01 -3.341567e+01
9.999953e-01 -1.207214e-03 -2.832322e-03 6.685058e+01 1.182410e-03 9.999611e-01 -8.742816e-03 -3.265428e-01 2.842767e-03 8.739425e-03 9.999578e-01 -3.409561e+01
9.999461e-01 5.568493e-03 8.757939e-03 6.758587e+01 -5.618878e-03 9.999677e-01 5.739097e-03 -3.137125e-01 -8.725699e-03 -5.787998e-03 9.999452e-01 -3.488189e+01
9.999987e-01 -2.685668e-04 -1.559644e-03 6.846034e+01 2.535023e-04 9.999534e-01 -9.650904e-03 -3.005685e-01 1.562163e-03 9.650496e-03 9.999522e-01 -3.576895e+01
9.999592e-01 4.694172e-03 7.718482e-03 6.917960e+01 -4.742922e-03 9.999688e-01 6.309915e-03 -2.882076e-01 -7.688622e-03 -6.346265e-03 9.999503e-01 -3.652954e+01
9.999926e-01 -2.884569e-03 -2.543545e-03 6.962633e+01 2.862143e-03 9.999574e-01 -8.776996e-03 -2.780271e-01 2.568755e-03 8.769651e-03 9.999582e-01 -3.705461e+01
9.999803e-01 5.875325e-03 2.216853e-03 7.011539e+01 -5.890530e-03 9.999587e-01 6.915968e-03 -2.728714e-01 -2.176128e-03 -6.928890e-03 9.999736e-01 -3.759065e+01
9.999861e-01 -1.920855e-03 4.905519e-03 7.082516e+01 1.968316e-03 9.999511e-01 -9.688854e-03 -2.615883e-01 -4.886668e-03 9.698375e-03 9.999410e-01 -3.832830e+01
9.999825e-01 5.644170e-03 1.753240e-03 7.147157e+01 -5.655555e-03 9.999625e-01 6.558146e-03 -2.512467e-01 -1.716159e-03 -6.567947e-03 9.999770e-01 -3.899946e+01
9.999931e-01 -2.340908e-03 2.883738e-03 7.206340e+01 2.367646e-03 9.999539e-01 -9.303703e-03 -2.437001e-01 -2.861826e-03 9.310466e-03 9.999526e-01 -3.961067e+01
9.999763e-01 6.130589e-03 3.140377e-03 7.273627e+01 -6.150712e-03 9.999604e-01 6.438941e-03 -2.352754e-01 -3.100778e-03 -6.458103e-03 9.999743e-01 -4.029504e+01
9.999906e-01 -2.012386e-03 3.838862e-03 7.348637e+01 2.048391e-03 9.999537e-01 -9.398253e-03 -2.261021e-01 -3.819772e-03 9.406028e-03 9.999485e-01 -4.104084e+01
9.999585e-01 7.371252e-03 5.345440e-03 7.441425e+01 -7.403400e-03 9.999545e-01 6.019445e-03 -2.142043e-01 -5.300826e-03 -6.058769e-03 9.999676e-01 -4.194468e+01
9.999884e-01 -1.357452e-03 4.619513e-03 7.542337e+01 1.402408e-03 9.999516e-01 -9.742563e-03 -2.011053e-01 -4.606064e-03 9.748928e-03 9.999419e-01 -4.293420e+01
