1.000000e+00 1.197624e-11 1.704639e-10 3.214096e-14 1.197625e-11 1.000000e+00 3.562503e-10 -1.998401e-15 1.704639e-10 3.562503e-10 1.000000e+00 -4.041212e-14 0.000000e+00 0.000000e+00 0.000000e+00 1.000000e+00
9.786617e-01 1.929215e-01 -7.072897e-02 7.021469e-01 -1.698138e-01 9.531785e-01 2.502280e-01 -4.265326e-02 1.156917e-01 -2.328778e-01 9.656000e-01 2.201680e+00
9.907734e-01 -4.907199e-02 1.263326e-01 1.399993e+00 6.130239e-02 9.936054e-01 -9.481781e-02 -8.786283e-02 -1.208719e-01 1.016875e-01 9.874460e-01 4.420208e+00
9.665144e-01 2.362845e-01 -1.000983e-01 1.684035e+00 -2.093289e-01 9.515944e-01 2.250544e-01 -1.201704e-01 1.484298e-01 -1.965649e-01 9.691908e-01 6.570663e+00
9.877748e-01 -4.934646e-02 1.478714e-01 1.831488e+00 6.071735e-02 9.954530e-01 -7.339479e-02 -1.470984e-01 -1.435772e-01 8.147588e-02 9.862795e-01 8.596945e+00
9.454398e-01 2.805646e-01 -1.656114e-01 2.051045e+00 -2.358953e-01 9.401252e-01 2.460042e-01 -1.766085e-01 2.247156e-01 -1.935152e-01 9.550156e-01 1.093299e+01
9.801198e-01 -6.001461e-02 1.891121e-01 2.323381e+00 6.985836e-02 9.965041e-01 -4.581808e-02 -2.113754e-01 -1.857012e-01 5.811827e-02 9.808860e-01 1.329224e+01
9.153640e-01 2.870514e-01 -2.823301e-01 2.686914e+00 -2.043435e-01 9.354098e-01 2.885345e-01 -2.507775e-01 3.469186e-01 -2.064218e-01 9.148975e-01 1.570709e+01
9.583197e-01 -1.918724e-01 2.116798e-01 3.351027e+00 2.119206e-01 9.743060e-01 -7.627209e-02 -2.999988e-01 -1.916064e-01 1.179524e-01 9.743584e-01 1.789792e+01
9.189405e-01 3.094109e-01 -2.445677e-01 3.895055e+00 -2.379204e-01 9.294658e-01 2.819347e-01 -3.492326e-01 3.145509e-01 -2.008935e-01 9.277389e-01 2.030813e+01
9.946721e-01 -1.001089e-01 2.460879e-02 4.392833e+00 1.009218e-01 9.943005e-01 -3.436869e-02 -3.976212e-01 -2.102792e-02 3.666914e-02 9.991062e-01 2.363344e+01
9.435251e-01 2.971193e-01 -1.465621e-01 5.040729e+00 -2.340143e-01 9.108443e-01 3.400000e-01 -4.495356e-01 2.345158e-01 -2.865010e-01 9.289346e-01 2.660083e+01
9.947124e-01 -1.000364e-01 2.323835e-02 5.636015e+00 1.020886e-01 9.877996e-01 -1.176006e-01 -4.999931e-01 -1.119048e-02 1.193512e-01 9.927890e-01 2.965948e+01
9.306187e-01 3.409681e-01 -1.330024e-01 6.227032e+00 -2.608043e-01 8.727730e-01 4.126118e-01 -5.472756e-01 2.567684e-01 -3.492966e-01 9.011448e-01 3.261747e+01
9.899509e-01 -9.347916e-02 1.061074e-01 6.790055e+00 1.085653e-01 9.832067e-01 -1.466910e-01 -5.926105e-01 -9.061300e-02 1.567365e-01 9.834749e-01 3.546617e+01
9.009914e-01 3.726932e-01 -2.220681e-01 7.337182e+00 -2.474908e-01 8.619567e-01 4.424692e-01 -6.386781e-01 3.563184e-01 -3.437011e-01 8.688537e-01 3.839017e+01
9.919455e-01 -8.230578e-02 9.627974e-02 7.964106e+00 9.072312e-02 9.921050e-01 -8.658535e-02 -6.873457e-01 -8.839313e-02 9.462275e-02 9.915812e-01 4.145879e+01
9.668100e-01 2.284972e-01 -1.143127e-01 8.383336e+00 -2.025010e-01 9.581182e-01 2.024915e-01 -7.296934e-01 1.557938e-01 -1.726224e-01 9.725892e-01 4.394419e+01
9.956311e-01 -3.025621e-02 8.833604e-02 8.631240e+00 3.193435e-02 9.993342e-01 -1.764582e-02 -7.628771e-01 -8.774332e-02 2.038968e-02 9.959344e-01 4.630424e+01
9.690949e-01 2.297104e-01 -8.993446e-02 8.969129e+00 -2.106987e-01 9.603565e-01 1.825419e-01 -8.004224e-01 1.283009e-01 -1.579514e-01 9.790762e-01 4.868220e+01
9.979272e-01 -1.767871e-02 -6.187661e-02 9.265886e+00 2.033326e-02 9.988879e-01 4.253730e-02 -8.358766e-01 6.105579e-02 -4.370728e-02 9.971769e-01 5.139408e+01
9.557330e-01 2.769279e-01 -9.942492e-02 9.620909e+00 -2.510889e-01 9.437706e-01 2.150613e-01 -8.783285e-01 1.533908e-01 -1.805767e-01 9.715263e-01 5.459701e+01
9.891257e-01 8.255527e-03 -1.468410e-01 1.007096e+01 1.897243e-03 9.976240e-01 6.886715e-02 -9.246796e-01 1.470607e-01 -6.839686e-02 9.867599e-01 5.820404e+01
9.514066e-01 2.710193e-01 -1.461986e-01 1.060053e+01 -2.259930e-01 9.370134e-01 2.663328e-01 -9.748304e-01 2.091713e-01 -2.203509e-01 9.527292e-01 6.195979e+01
9.913264e-01 1.369390e-02 -1.307076e-01 1.149440e+01 2.076858e-03 9.928001e-01 1.197647e-01 -1.044748e+00 1.314066e-01 -1.189974e-01 9.841605e-01 6.593400e+01
9.667752e-01 2.464124e-01 6.801967e-02 1.218418e+01 -2.547627e-01 9.506440e-01 1.771212e-01 -1.105476e+00 -2.101762e-02 -1.885653e-01 9.818357e-01 6.970729e+01
9.403562e-01 5.654164e-02 -3.354597e-01 1.270895e+01 -2.735229e-02 9.954650e-01 9.111178e-02 -1.157664e+00 3.390900e-01 -7.650194e-02 9.376382e-01 7.351285e+01
9.771482e-01 1.813499e-01 1.108768e-01 1.318004e+01 -2.005610e-01 9.593923e-01 1.983476e-01 -1.205298e+00 -7.040399e-02 -2.160525e-01 9.738401e-01 7.709412e+01
9.882148e-01 5.437067e-03 -1.529770e-01 1.350252e+01 -1.731199e-02 9.969269e-01 -7.640112e-02 -1.243700e+00 1.520914e-01 7.814906e-02 9.852720e-01 7.974034e+01
9.815445e-01 1.770660e-01 7.223619e-02 1.382638e+01 -1.902460e-01 9.424760e-01 2.748552e-01 -1.280749e+00 -1.941336e-02 -2.835253e-01 9.587682e-01 8.244500e+01
9.848331e-01 3.544875e-02 -1.698447e-01 1.418804e+01 -5.026576e-02 9.952184e-01 -8.374784e-02 -1.319837e+00 1.660638e-01 9.101502e-02 9.819058e-01 8.525246e+01
9.879873e-01 1.468397e-01 4.815880e-02 1.453948e+01 -1.545270e-01 9.419695e-01 2.980183e-01 -1.361042e+00 -1.603205e-03 -3.018802e-01 9.533445e-01 8.806389e+01
9.907072e-01 4.855057e-02 -1.270517e-01 1.491090e+01 -6.383980e-02 9.908184e-01 -1.191779e-01 -1.398929e+00 1.200990e-01 1.261814e-01 9.847104e-01 9.064108e+01
9.947473e-01 1.009941e-01 -1.667036e-02 1.530107e+01 -8.920446e-02 9.351941e-01 3.427164e-01 -1.438301e+00 5.020237e-02 -3.394292e-01 9.392910e-01 9.324812e+01
9.800629e-01 1.460564e-01 -1.347004e-01 1.565625e+01 -1.599074e-01 9.822104e-01 -9.844947e-02 -1.477890e+00 1.179250e-01 1.180263e-01 9.859835e-01 9.629942e+01
9.995218e-01 9.177736e-03 2.952933e-02 1.589183e+01 -1.633553e-02 9.675313e-01 2.522228e-01 -1.512064e+00 -2.625572e-02 -2.525845e-01 9.672185e-01 9.893984e+01
9.820012e-01 1.823305e-01 -4.928828e-02 1.615307e+01 -1.861558e-01 9.784485e-01 -8.935608e-02 -1.544225e+00 3.193371e-02 9.692307e-02 9.947795e-01 1.011509e+02
9.994302e-01 6.955896e-03 -3.302985e-02 1.642873e+01 1.681362e-03 9.670626e-01 2.545331e-01 -1.575797e+00 3.371244e-02 -2.544436e-01 9.664998e-01 1.034828e+02
9.803553e-01 1.956636e-01 2.488552e-02 1.667471e+01 -1.922953e-01 9.762148e-01 -1.001363e-01 -1.606830e+00 -4.388662e-02 9.338373e-02 9.946625e-01 1.057892e+02
9.954618e-01 2.131392e-02 -9.274450e-02 1.693481e+01 2.509236e-03 9.683771e-01 2.494785e-01 -1.638054e+00 9.512902e-02 -2.485791e-01 9.639289e-01 1.081399e+02
9.826870e-01 1.701743e-01 7.325930e-02 1.717478e+01 -1.621318e-01 9.812225e-01 -1.044781e-01 -1.670267e+00 -8.966316e-02 9.079160e-02 9.918253e-01 1.102746e+02
9.963846e-01 -3.880786e-03 -8.486813e-02 1.745218e+01 2.066257e-02 9.800302e-01 1.977724e-01 -1.703309e+00 8.240582e-02 -1.988110e-01 9.765672e-01 1.123192e+02
9.757180e-01 1.903164e-01 1.084164e-01 1.758050e+01 -1.838030e-01 9.806572e-01 -6.728950e-02 -1.730846e+00 -1.191256e-01 4.572832e-02 9.918256e-01 1.144032e+02
9.920735e-01 -6.174620e-02 -1.094420e-01 1.763615e+01 8.382976e-02 9.740214e-01 2.103685e-01 -1.755000e+00 9.360943e-02 -2.178755e-01 9.714770e-01 1.162508e+02
9.788546e-01 1.090041e-01 1.730949e-01 1.763194e+01 -9.929911e-02 9.930104e-01 -6.379643e-02 -1.777730e+00 -1.788391e-01 4.525926e-02 9.828368e-01 1.178609e+02
9.903297e-01 1.994531e-02 -1.372928e-01 1.766929e+01 7.716588e-03 9.801605e-01 1.980554e-01 -1.802547e+00 1.385192e-01 -1.971995e-01 9.705281e-01 1.196411e+02
9.796662e-01 1.024211e-01 1.725224e-01 1.771132e+01 -9.848390e-02 9.946478e-01 -3.125155e-02 -1.827074e+00 -1.747999e-01 1.362540e-02 9.845097e-01 1.216068e+02
9.833869e-01 7.398296e-02 -1.657613e-01 1.779061e+01 -4.911105e-02 9.875544e-01 1.494139e-01 -1.853372e+00 1.747523e-01 -1.387909e-01 9.747814e-01 1.235997e+02
9.786075e-01 4.745331e-02 2.001887e-01 1.791450e+01 -5.186321e-02 9.985122e-01 1.683921e-02 -1.879742e+00 -1.990918e-01 -2.686141e-02 9.796126e-01 1.254408e+02
9.936562e-01 6.279826e-03 -1.122852e-01 1.793361e+01 8.616936e-03 9.912531e-01 1.316930e-01 -1.903699e+00 1.121301e-01 -1.318251e-01 9.849107e-01 1.269371e+02
9.767020e-01 -1.243759e-03 2.145966e-01 1.795601e+01 1.895474e-03 9.999942e-01 -2.831179e-03 -1.927716e+00 -2.145918e-01 3.171980e-03 9.766987e-01 1.281833e+02
9.852427e-01 1.054721e-01 -1.348053e-01 1.805989e+01 -9.081532e-02 9.897057e-01 1.106128e-01 -1.954486e+00 1.450841e-01 -9.673810e-02 9.846788e-01 1.296347e+02
9.806804e-01 -3.495762e-02 1.924680e-01 1.816341e+01 2.417013e-02 9.980173e-01 5.811432e-02 -1.980240e+00 -1.941179e-01 -5.233961e-02 9.795809e-01 1.312473e+02
9.897857e-01 8.701487e-02 -1.129277e-01 1.816154e+01 -7.519390e-02 9.916229e-01 1.050237e-01 -2.004744e+00 1.211203e-01 -9.545947e-02 9.880371e-01 1.328552e+02
9.837725e-01 -2.371679e-03 1.794048e-01 1.821669e+01 -6.476990e-03 9.987914e-01 4.872054e-02 -2.031497e+00 -1.793035e-01 -4.909193e-02 9.825682e-01 1.346037e+02
9.843576e-01 1.461892e-01 -9.833028e-02 1.836017e+01 -1.395256e-01 9.876286e-01 7.157138e-02 -2.060507e+00 1.075768e-01 -5.673225e-02 9.925768e-01 1.363827e+02
9.845943e-01 -2.259955e-02 1.733876e-01 1.848708e+01 8.635585e-03 9.966871e-01 8.087160e-02 -2.089957e+00 -1.746409e-01 -7.812842e-02 9.815276e-01 1.382541e+02
9.776152e-01 1.812334e-01 -1.068786e-01 1.858302e+01 -1.754426e-01 9.825745e-01 6.137808e-02 -2.118014e+00 1.161399e-01 -4.125309e-02 9.923758e-01 1.402772e+02
9.865730e-01 -3.046198e-02 1.604549e-01 1.868961e+01 1.740186e-02 9.964656e-01 8.217953e-02 -2.146509e+00 -1.623911e-01 -7.828389e-02 9.836162e-01 1.422815e+02
9.738289e-01 1.669201e-01 -1.542560e-01 1.885217e+01 -1.623916e-01 9.858492e-01 4.159606e-02 -2.174214e+00 1.590164e-01 -1.545756e-02 9.871549e-01 1.440786e+02
9.917910e-01 -1.112997e-01 6.295193e-02 1.915840e+01 1.049112e-01 9.897378e-01 9.701907e-02 -2.206543e+00 -7.310409e-02 -8.961829e-02 9.932897e-01 1.458596e+02
9.826905e-01 1.692122e-01 -7.540941e-02 1.946163e+01 -1.697789e-01 9.854815e-01 -1.122168e-03 -2.238276e+00 7.412469e-02 1.390567e-02 9.971520e-01 1.473763e+02
9.941829e-01 -1.062255e-01 -1.778945e-02 2.008617e+01 1.077036e-01 9.797396e-01 1.688501e-01 -2.284885e+00 -5.071573e-04 -1.697838e-01 9.854812e-01 1.496130e+02
9.438079e-01 3.181366e-01 8.953031e-02 2.094079e+01 -3.262413e-01 9.401457e-01 9.845141e-02 -2.344812e+00 -5.285054e-02 -1.221277e-01 9.911063e-01 1.523229e+02
9.956390e-01 -6.604669e-02 -6.588506e-02 2.159480e+01 7.532384e-02 9.858045e-01 1.500527e-01 -2.390996e+00 5.503931e-02 -1.543610e-01 9.864803e-01 1.541626e+02
9.872121e-01 1.288562e-01 9.385321e-02 2.200682e+01 -1.287559e-01 9.916505e-01 -7.148775e-03 -2.430523e+00 -9.399075e-02 -5.026802e-03 9.955604e-01 1.560483e+02
9.960428e-01 2.893051e-02 -8.403457e-02 2.218305e+01 -9.330972e-03 9.743508e-01 2.248410e-01 -2.461135e+00 8.838392e-02 -2.231672e-01 9.707650e-01 1.582820e+02
9.888147e-01 1.488591e-01 9.296311e-03 2.240712e+01 -1.484182e-01 9.882189e-01 -3.735465e-02 -2.492834e+00 -1.474737e-02 3.555708e-02 9.992588e-01 1.603373e+02
9.978415e-01 -4.930813e-02 -4.337087e-02 2.273986e+01 5.632711e-02 9.821825e-01 1.792894e-01 -2.528114e+00 3.375768e-02 -1.813454e-01 9.828399e-01 1.623651e+02
9.717362e-01 2.357181e-01 -1.287057e-02 2.280883e+01 -2.358947e-01 9.716697e-01 -1.454781e-02 -2.551979e+00 9.076763e-03 1.717274e-02 9.998113e-01 1.644992e+02
9.916749e-01 -1.202003e-01 -4.618173e-02 2.280272e+01 1.261561e-01 9.787866e-01 1.614357e-01 -2.571455e+00 2.579745e-02 -1.659178e-01 9.858021e-01 1.662557e+02
9.776745e-01 2.090441e-01 2.128649e-02 2.276168e+01 -2.094254e-01 9.776664e-01 1.759160e-02 -2.589703e+00 -1.713367e-02 -2.165679e-02 9.996186e-01 1.680627e+02
9.887198e-01 -1.223791e-01 -8.635114e-02 2.276924e+01 1.341238e-01 9.800325e-01 1.467896e-01 -2.610651e+00 6.666295e-02 -1.567155e-01 9.853914e-01 1.697627e+02
9.596579e-01 2.776141e-01 4.457662e-02 2.284673e+01 -2.780992e-01 9.605396e-01 4.952380e-03 -2.633555e+00 -4.144276e-02 -1.714931e-02 9.989937e-01 1.717808e+02
9.868209e-01 -1.266680e-01 -1.006964e-01 2.289254e+01 1.396885e-01 9.809520e-01 1.349829e-01 -2.655644e+00 8.168034e-02 -1.472701e-01 9.857179e-01 1.737414e+02
9.544081e-01 2.979730e-01 -1.781443e-02 2.305303e+01 -2.950584e-01 9.507494e-01 9.495312e-02 -2.683714e+00 4.523052e-02 -8.536773e-02 9.953223e-01 1.760643e+02
9.889855e-01 -1.401036e-01 -4.773482e-02 2.316266e+01 1.429904e-01 9.876748e-01 6.365666e-02 -2.708426e+00 3.822795e-02 -6.978114e-02 9.968296e-01 1.780966e+02
9.751126e-01 2.209049e-01 1.888139e-02 2.318140e+01 -2.215604e-01 9.677818e-01 1.196221e-01 -2.730724e+00 8.152038e-03 -1.208284e-01 9.926399e-01 1.801071e+02
9.921322e-01 -1.227550e-01 -2.459531e-02 2.313453e+01 1.237787e-01 9.912591e-01 4.565352e-02 -2.750054e+00 1.877613e-02 -4.833871e-02 9.986545e-01 1.819320e+02
9.714335e-01 2.270713e-01 6.896062e-02 2.314330e+01 -2.327316e-01 9.683902e-01 8.975717e-02 -2.771878e+00 -4.639952e-02 -1.032424e-01 9.935734e-01 1.837384e+02
9.902109e-01 -1.310904e-01 -4.793378e-02 2.317166e+01 1.332848e-01 9.900159e-01 4.586644e-02 -2.793478e+00 4.144256e-02 -5.180630e-02 9.977969e-01 1.853827e+02
9.694017e-01 2.270981e-01 9.320271e-02 2.316318e+01 -2.349388e-01 9.683677e-01 8.407027e-02 -2.814969e+00 -7.116229e-02 -1.033948e-01 9.920914e-01 1.871771e+02
9.865839e-01 -1.411055e-01 -8.210672e-02 2.314386e+01 1.467721e-01 9.868563e-01 6.762113e-02 -2.835403e+00 7.148583e-02 -7.876489e-02 9.943268e-01 1.889051e+02
9.668113e-01 2.263223e-01 1.185503e-01 2.309870e+01 -2.346251e-01 9.701487e-01 6.134041e-02 -2.855614e+00 -1.011287e-01 -8.711947e-02 9.910516e-01 1.906767e+02
9.824376e-01 -1.046696e-01 -1.544687e-01 2.304070e+01 1.175481e-01 9.900995e-01 7.671692e-02 -2.873294e+00 1.449094e-01 -9.352709e-02 9.850147e-01 1.925668e+02
9.564472e-01 2.774286e-01 9.078622e-02 2.312692e+01 -2.854043e-01 9.540413e-01 9.137631e-02 -2.897622e+00 -6.126340e-02 -1.133074e-01 9.916694e-01 1.948850e+02
9.726549e-01 -9.269324e-02 -2.129563e-01 2.343813e+01 1.042073e-01 9.936051e-01 4.347026e-02 -2.929912e+00 2.075650e-01 -6.447316e-02 9.760942e-01 1.971924e+02
9.723760e-01 2.249000e-01 6.248911e-02 2.429632e+01 -2.334199e-01 9.366117e-01 2.612922e-01 -2.977774e+00 2.366011e-04 -2.686605e-01 9.632349e-01 1.998453e+02
9.913922e-01 -3.702711e-02 -1.255804e-01 2.506886e+01 4.018657e-02 9.989339e-01 2.271865e-02 -3.030881e+00 1.246053e-01 -2.756974e-02 9.918233e-01 2.028217e+02
9.538936e-01 2.756475e-01 -1.187661e-01 2.544315e+01 -2.282153e-01 9.231059e-01 3.095050e-01 -3.072083e+00 1.949480e-01 -2.681306e-01 9.434518e-01 2.060919e+02
9.751907e-01 1.510822e-01 -1.617941e-01 2.655338e+01 -1.119820e-01 9.671596e-01 2.281719e-01 -3.139062e+00 1.909534e-01 -2.043931e-01 9.600835e-01 2.103442e+02
9.878286e-01 1.514059e-01 3.565057e-02 2.755268e+01 -1.555407e-01 9.634711e-01 2.180149e-01 -3.202245e+00 -1.339550e-03 -2.209065e-01 9.752941e-01 2.137159e+02
9.463094e-01 1.826258e-01 -2.667327e-01 2.814572e+01 -1.584773e-01 9.812604e-01 1.096038e-01 -3.245869e+00 2.817507e-01 -6.144801e-02 9.575180e-01 2.168953e+02
9.970211e-01 9.140526e-03 7.658570e-02 2.878246e+01 -2.821464e-02 9.673537e-01 2.518547e-01 -3.289705e+00 -7.178338e-02 -2.532653e-01 9.647299e-01 2.197837e+02
9.761060e-01 1.299072e-01 -1.741875e-01 2.912650e+01 -1.501051e-01 9.827263e-01 -1.082473e-01 -3.323262e+00 1.571165e-01 1.318073e-01 9.787447e-01 2.223066e+02
9.965302e-01 3.582131e-02 7.512863e-02 2.924822e+01 -5.532203e-02 9.594677e-01 2.763352e-01 -3.347446e+00 -6.218481e-02 -2.795327e-01 9.581203e-01 2.245544e+02
9.902668e-01 1.238358e-01 -6.353224e-02 2.936955e+01 -1.318354e-01 9.809150e-01 -1.429166e-01 -3.374171e+00 4.462154e-02 1.499013e-01 9.876935e-01 2.266118e+02
9.990582e-01 4.337690e-02 1.108940e-03 2.945160e+01 -4.178543e-02 9.548867e-01 2.940160e-01 -3.399040e+00 1.169459e-02 -2.937855e-01 9.557998e-01 2.288338e+02
9.887182e-01 1.441439e-01 -4.072887e-02 2.952786e+01 -1.486272e-01 9.778746e-01 -1.472116e-01 -3.422452e+00 1.860808e-02 1.516042e-01 9.882661e-01 2.310043e+02
9.955111e-01 4.461893e-02 -8.346760e-02 2.964828e+01 -1.721269e-02 9.525469e-01 3.039048e-01 -3.447344e+00 9.306671e-02 -3.011039e-01 9.490390e-01 2.332678e+02
9.886964e-01 1.410636e-01 5.079858e-02 2.971158e+01 -1.318945e-01 9.794282e-01 -1.527226e-01 -3.469776e+00 -7.129717e-02 1.442962e-01 9.869627e-01 2.353700e+02
9.852543e-01 7.078121e-02 -1.557693e-01 2.986935e+01 -2.161594e-02 9.546164e-01 2.970528e-01 -3.495625e+00 1.697257e-01 -2.893054e-01 9.420698e-01 2.376633e+02
9.866974e-01 1.155071e-01 1.143960e-01 3.025968e+01 -1.038939e-01 9.892656e-01 -1.027598e-01 -3.528930e+00 -1.250376e-01 8.950780e-02 9.881063e-01 2.398028e+02
9.856295e-01 -3.948001e-02 -1.642434e-01 3.068654e+01 7.062819e-02 9.795529e-01 1.883818e-01 -3.562876e+00 1.534478e-01 -1.972748e-01 9.682646e-01 2.416202e+02
9.727454e-01 1.665881e-01 1.612908e-01 3.079973e+01 -1.564319e-01 9.849253e-01 -7.383185e-02 -3.587149e+00 -1.711589e-01 4.658857e-02 9.841413e-01 2.433658e+02
9.774563e-01 -2.206035e-02 -2.099820e-01 3.083114e+01 6.252828e-02 9.801589e-01 1.880924e-01 -3.607794e+00 2.016663e-01 -1.969819e-01 9.594419e-01 2.450540e+02
9.733655e-01 5.160020e-02 2.233765e-01 3.077836e+01 -4.352790e-02 9.982140e-01 -4.091516e-02 -3.624910e+00 -2.250888e-01 3.010230e-02 9.738731e-01 2.464668e+02
9.693171e-01 7.093968e-02 -2.353550e-01 3.077723e+01 -3.094920e-02 9.850535e-01 1.694453e-01 -3.643405e+00 2.438576e-01 -1.569622e-01 9.570247e-01 2.480565e+02
9.695366e-01 1.557615e-03 2.449416e-01 3.074277e+01 -5.810620e-04 9.999916e-01 -4.059092e-03 -3.660929e+00 -2.449459e-01 3.793111e-03 9.695293e-01 2.496474e+02
9.838641e-01 3.025906e-02 -1.763399e-01 3.057889e+01 -3.306919e-03 9.885020e-01 1.511716e-01 -3.674200e+00 1.788867e-01 -1.481491e-01 9.726517e-01 2.509948e+02
9.709574e-01 3.684569e-02 2.363984e-01 3.056674e+01 -3.149483e-02 9.991559e-01 -2.637263e-02 -3.696212e+00 -2.371706e-01 1.816137e-02 9.712982e-01 2.524595e+02
9.769539e-01 4.390161e-02 -2.088870e-01 3.053259e+01 -5.300152e-03 9.833078e-01 1.818725e-01 -3.715742e+00 2.133847e-01 -1.765739e-01 9.608791e-01 2.540296e+02
9.629539e-01 -7.951501e-03 2.695487e-01 3.049390e+01 1.638556e-02 9.994435e-01 -2.905398e-02 -3.736385e+00 -2.691677e-01 3.239435e-02 9.625484e-01 2.554432e+02
9.667063e-01 9.049762e-02 -2.393514e-01 3.050738e+01 -4.443028e-02 9.805283e-01 1.912855e-01 -3.756920e+00 2.520017e-01 -1.742825e-01 9.519038e-01 2.568792e+02
9.364210e-01 -9.372526e-02 3.381290e-01 3.041329e+01 1.095947e-01 9.935789e-01 -2.810577e-02 -3.775121e+00 -3.333236e-01 6.337600e-02 9.406800e-01 2.581738e+02
9.571343e-01 1.597377e-01 -2.416152e-01 3.026290e+01 -1.095108e-01 9.718321e-01 2.086859e-01 -3.790391e+00 2.681444e-01 -1.732809e-01 9.476668e-01 2.596036e+02
9.327750e-01 -1.537975e-01 3.260018e-01 3.007404e+01 1.693545e-01 9.853582e-01 -1.970547e-02 -3.804218e+00 -3.181979e-01 7.359064e-02 9.451637e-01 2.609926e+02
9.615029e-01 1.911777e-01 -1.973910e-01 2.998289e+01 -1.541224e-01 9.698820e-01 1.886138e-01 -3.822101e+00 2.275047e-01 -1.509303e-01 9.620092e-01 2.622649e+02
9.279454e-01 -2.036051e-01 3.121896e-01 2.983481e+01 2.105133e-01 9.775198e-01 1.179778e-02 -3.839631e+00 -3.075736e-01 5.477237e-02 9.499466e-01 2.636976e+02
9.622623e-01 2.307925e-01 -1.441742e-01 2.972538e+01 -2.103338e-01 9.669569e-01 1.440627e-01 -3.858460e+00 1.726588e-01 -1.083015e-01 9.790096e-01 2.649819e+02
9.296187e-01 -2.448570e-01 2.754162e-01 2.966930e+01 2.456479e-01 9.688246e-01 3.218589e-02 -3.878921e+00 -2.747110e-01 3.773482e-02 9.607861e-01 2.661077e+02
9.586728e-01 2.534363e-01 -1.292922e-01 2.964479e+01 -2.393871e-01 9.641099e-01 1.148298e-01 -3.899365e+00 1.537539e-01 -7.913329e-02 9.849354e-01 2.671695e+02
9.269161e-01 -2.773162e-01 2.528285e-01 2.958911e+01 2.701834e-01 9.607298e-01 6.323884e-02 -3.919377e+00 -2.604370e-01 9.692966e-03 9.654422e-01 2.682634e+02
9.602876e-01 2.405179e-01 1.414173e-01 2.960644e+01 -2.208021e-01 9.649534e-01 -1.418145e-01 -3.942239e+00 -1.705700e-01 1.049575e-01 9.797397e-01 2.688326e+02
9.763160e-01 -1.684800e-01 1.357261e-01 2.996728e+01 1.231265e-01 9.485350e-01 2.917553e-01 -3.981056e+00 -1.778959e-01 -2.681339e-01 9.468143e-01 2.695944e+02
9.942364e-01 9.150511e-02 5.586391e-02 3.017986e+01 -8.134896e-02 9.832947e-01 -1.628311e-01 -4.017709e+00 -6.983055e-02 1.573481e-01 9.850712e-01 2.708259e+02
9.947015e-01 -8.540638e-02 5.722436e-02 3.014179e+01 6.643336e-02 9.587978e-01 2.762125e-01 -4.038284e+00 -7.845690e-02 -2.709474e-01 9.593915e-01 2.720052e+02
9.950908e-01 6.573264e-02 7.398391e-02 3.004137e+01 -5.310662e-02 9.854786e-01 -1.612811e-01 -4.057264e+00 -8.351099e-02 1.565603e-01 9.841315e-01 2.733542e+02
9.971145e-01 -5.146776e-02 5.580173e-02 2.992947e+01 3.459409e-02 9.623842e-01 2.694808e-01 -4.074799e+00 -6.757228e-02 -2.667728e-01 9.613877e-01 2.745722e+02
9.954916e-01 2.822354e-02 9.055327e-02 2.991184e+01 -1.176252e-02 9.840680e-01 -1.774027e-01 -4.095703e+00 -9.411751e-02 1.755378e-01 9.799635e-01 2.756167e+02
9.989069e-01 1.597157e-02 4.393079e-02 2.993151e+01 -2.720255e-02 9.629065e-01 2.684607e-01 -4.118242e+00 -3.801350e-02 -2.693623e-01 9.622884e-01 2.766939e+02
9.968477e-01 -4.309908e-02 6.661224e-02 2.985092e+01 5.217139e-02 9.886213e-01 -1.410891e-01 -4.136778e+00 -5.977346e-02 1.441196e-01 9.877533e-01 2.779554e+02
9.983396e-01 3.925553e-02 4.215390e-02 2.970150e+01 -4.970488e-02 9.569281e-01 2.860384e-01 -4.152466e+00 -2.910966e-02 -2.876588e-01 9.572905e-01 2.793448e+02
9.906973e-01 -7.313577e-02 1.147605e-01 2.959540e+01 9.202759e-02 9.812967e-01 -1.690791e-01 -4.170471e+00 -1.002484e-01 1.780673e-01 9.788985e-01 2.805210e+02
9.903055e-01 9.219711e-02 1.038980e-01 2.966449e+01 -1.108038e-01 9.753985e-01 1.905786e-01 -4.192263e+00 -8.377115e-02 -2.002433e-01 9.761583e-01 2.810888e+02
9.864022e-01 -1.391813e-01 8.740302e-02 2.968930e+01 1.492038e-01 9.813574e-01 -1.211442e-01 -4.212184e+00 -6.891259e-02 1.325378e-01 9.887794e-01 2.817763e+02
9.862412e-01 1.445877e-01 8.014201e-02 2.969129e+01 -1.581333e-01 9.664521e-01 2.023964e-01 -4.232150e+00 -4.818938e-02 -2.122847e-01 9.760189e-01 2.827488e+02
9.817017e-01 -1.803316e-01 6.117438e-02 2.954299e+01 1.840402e-01 9.809849e-01 -6.162724e-02 -4.248679e+00 -4.889779e-02 7.175811e-02 9.962228e-01 2.840837e+02
9.727987e-01 1.627842e-01 1.648153e-01 2.948576e+01 -1.809671e-01 9.781854e-01 1.020013e-01 -4.268730e+00 -1.446157e-01 -1.290529e-01 9.810360e-01 2.850805e+02
8.362514e-01 -2.275639e-01 4.988971e-01 2.960836e+01 2.896986e-01 9.558316e-01 -4.960562e-02 -4.297993e+00 -4.655731e-01 1.860126e-01 8.652404e-01 2.853560e+02
9.540985e-01 2.862501e-01 -8.807315e-02 2.971777e+01 -2.772261e-01 9.553825e-01 1.019308e-01 -4.323828e+00 1.133213e-01 -7.283584e-02 9.908851e-01 2.856240e+02
9.273377e-01 -2.958063e-01 2.292236e-01 2.970233e+01 2.913480e-01 9.550996e-01 5.386227e-02 -4.342779e+00 -2.348642e-01 1.683534e-02 9.718824e-01 2.865349e+02
9.487448e-01 3.072440e-01 -7.405680e-02 2.961627e+01 -3.013019e-01 9.500397e-01 8.149734e-02 -4.361119e+00 9.539647e-02 -5.500672e-02 9.939184e-01 2.876405e+02
9.181940e-01 -3.206569e-01 2.325918e-01 2.960222e+01 3.094949e-01 9.471813e-01 8.402649e-02 -4.382064e+00 -2.472503e-01 -5.166657e-03 9.689379e-01 2.885849e+02
9.370699e-01 3.362155e-01 -9.412269e-02 2.960249e+01 -3.356009e-01 9.417292e-01 2.276236e-02 -4.402389e+00 9.629115e-02 1.025774e-02 9.953004e-01 2.895465e+02
9.336841e-01 -3.296492e-01 1.398767e-01 2.958608e+01 3.077613e-01 9.383891e-01 1.571909e-01 -4.421341e+00 -1.830766e-01 -1.037180e-01 9.776122e-01 2.907993e+02
9.409734e-01 3.328426e-01 -6.152180e-02 2.940518e+01 -3.318585e-01 9.429742e-01 2.587677e-02 -4.434970e+00 6.662636e-02 -3.932817e-03 9.977702e-01 2.923127e+02
9.296543e-01 -3.515478e-01 1.102585e-01 2.923591e+01 3.324123e-01 9.293817e-01 1.604736e-01 -4.449550e+00 -1.588864e-01 -1.125337e-01 9.808625e-01 2.936738e+02
9.472370e-01 3.205236e-01 -2.591928e-03 2.913225e+01 -3.202155e-01 9.459044e-01 -5.221951e-02 -4.466369e+00 -1.428587e-02 5.029423e-02 9.986323e-01 2.947455e+02
9.400553e-01 -3.326484e-01 7.510685e-02 2.911482e+01 3.158511e-01 9.323342e-01 1.760424e-01 -4.485308e+00 -1.285849e-01 -1.417670e-01 9.815131e-01 2.956897e+02
9.454545e-01 3.257506e-01 1.514151e-03 2.907818e+01 -3.248936e-01 9.432842e-01 -6.825806e-02 -4.504045e+00 -2.366338e-02 6.404295e-02 9.976665e-01 2.968196e+02
9.520971e-01 -3.049083e-01 -2.328239e-02 2.897393e+01 3.025585e-01 9.282332e-01 2.164289e-01 -4.519420e+00 -4.437950e-02 -2.131056e-01 9.760207e-01 2.981800e+02
9.410799e-01 3.353609e-01 4.360833e-02 2.887918e+01 -3.306840e-01 9.395327e-01 -8.903026e-02 -4.536615e+00 -7.082872e-02 6.936401e-02 9.950738e-01 2.996499e+02
9.474025e-01 -3.150253e-01 -5.645903e-02 2.875299e+01 3.193105e-01 9.184633e-01 2.333794e-01 -4.551923e+00 -2.166486e-02 -2.391322e-01 9.707453e-01 3.010865e+02
9.416984e-01 3.227782e-01 9.496511e-02 2.859386e+01 -3.100003e-01 9.420798e-01 -1.280053e-01 -4.566215e+00 -1.307820e-01 9.110320e-02 9.872164e-01 3.025214e+02
9.541024e-01 -2.912740e-01 -6.962838e-02 2.849596e+01 2.993727e-01 9.213828e-01 2.478503e-01 -4.583949e+00 -8.037942e-03 -2.573194e-01 9.662930e-01 3.038630e+02
9.389633e-01 3.271359e-01 1.064424e-01 2.847415e+01 -3.057502e-01 9.353888e-01 -1.776643e-01 -4.604317e+00 -1.576854e-01 1.342755e-01 9.783176e-01 3.051516e+02
9.481850e-01 -2.631144e-01 -1.780898e-01 2.843319e+01 3.056076e-01 9.085805e-01 2.847551e-01 -4.622217e+00 8.688577e-02 -3.244261e-01 9.419122e-01 3.064743e+02
9.401738e-01 2.949759e-01 1.704773e-01 2.829128e+01 -2.631194e-01 9.465291e-01 -1.866837e-01 -4.636580e+00 -2.164289e-01 1.306592e-01 9.675157e-01 3.078814e+02
9.540022e-01 -2.280596e-01 -1.945986e-01 2.815290e+01 2.776551e-01 9.169441e-01 2.865679e-01 -4.651981e+00 1.130814e-01 -3.274177e-01 9.380886e-01 3.092362e+02
9.371823e-01 2.780414e-01 2.106709e-01 2.805276e+01 -2.335713e-01 9.487128e-01 -2.130459e-01 -4.667903e+00 -2.591017e-01 1.504561e-01 9.540593e-01 3.105530e+02
9.567181e-01 -2.011672e-01 -2.102906e-01 2.802761e+01 2.554726e-01 9.266300e-01 2.758451e-01 -4.686091e+00 1.393706e-01 -3.176295e-01 9.379165e-01 3.115927e+02
9.402800e-01 2.280497e-01 2.527190e-01 2.799888e+01 -1.732220e-01 9.596566e-01 -2.214799e-01 -4.704028e+00 -2.930319e-01 1.644766e-01 9.418491e-01 3.126412e+02
9.701533e-01 -1.515022e-01 -1.893400e-01 2.792823e+01 2.034651e-01 9.333656e-01 2.956867e-01 -4.723365e+00 1.319263e-01 -3.253855e-01 9.363331e-01 3.137893e+02
9.188755e-01 2.431203e-01 3.107415e-01 2.806096e+01 -1.798178e-01 9.590915e-01 -2.186528e-01 -4.759029e+00 -3.511885e-01 1.450379e-01 9.250031e-01 3.152564e+02
9.596570e-01 -1.738957e-01 -2.209497e-01 2.816756e+01 2.394319e-01 9.173905e-01 3.179105e-01 -4.791375e+00 1.474139e-01 -3.579875e-01 9.220163e-01 3.166614e+02
9.315261e-01 2.228460e-01 2.874000e-01 2.817083e+01 -1.507054e-01 9.557586e-01 -2.526131e-01 -4.815437e+00 -3.309789e-01 1.920030e-01 9.238982e-01 3.178848e+02
9.649972e-01 -1.168515e-01 -2.347897e-01 2.815387e+01 1.945788e-01 9.192479e-01 3.422316e-01 -4.838472e+00 1.758397e-01 -3.759376e-01 9.098084e-01 3.191417e+02
9.325353e-01 1.399152e-01 3.328687e-01 2.809707e+01 -3.867376e-02 9.552728e-01 -2.931862e-01 -4.857992e+00 -3.590016e-01 2.605333e-01 8.962367e-01 3.201122e+02
9.803206e-01 -6.803532e-02 -1.853181e-01 2.809046e+01 1.288678e-01 9.316792e-01 3.396572e-01 -4.877290e+00 1.495483e-01 -3.568545e-01 9.221118e-01 3.207264e+02
9.438205e-01 7.268660e-02 3.223655e-01 2.809038e+01 3.362111e-02 9.493263e-01 -3.124888e-01 -4.896027e+00 -3.287438e-01 3.057716e-01 8.935498e-01 3.213028e+02
9.864241e-01 1.213463e-02 -1.637689e-01 2.810862e+01 5.015556e-02 9.273520e-01 3.708134e-01 -4.915932e+00 1.563712e-01 -3.739932e-01 9.141538e-01 3.219528e+02
9.425910e-01 8.224975e-03 3.338480e-01 2.808228e+01 9.529092e-02 9.515096e-01 -2.924879e-01 -4.935939e+00 -3.200653e-01 3.075092e-01 8.961006e-01 3.228846e+02
9.809593e-01 1.163114e-01 -1.555332e-01 2.802190e+01 -4.461142e-02 9.143682e-01 4.024184e-01 -4.955356e+00 1.890205e-01 -3.878175e-01 9.021468e-01 3.240665e+02
9.539428e-01 -8.025947e-02 2.890529e-01 2.788619e+01 1.519062e-01 9.601162e-01 -2.347369e-01 -4.971759e+00 -2.586845e-01 2.678345e-01 9.280878e-01 3.254649e+02
9.737694e-01 1.708594e-01 -1.502672e-01 2.767696e+01 -9.857688e-02 9.119983e-01 3.981730e-01 -4.985254e+00 2.050750e-01 -3.729158e-01 9.049188e-01 3.269195e+02
9.437195e-01 -1.407108e-01 2.993224e-01 2.749432e+01 2.132562e-01 9.506210e-01 -2.254807e-01 -4.999845e+00 -2.528146e-01 2.766230e-01 9.271270e-01 3.283159e+02
9.752081e-01 2.101378e-01 -6.936353e-02 2.740521e+01 -1.743388e-01 9.226315e-01 3.440308e-01 -5.018793e+00 1.362909e-01 -3.234088e-01 9.363928e-01 3.294238e+02
9.456326e-01 -1.831212e-01 2.687853e-01 2.731220e+01 2.418573e-01 9.484720e-01 -2.047094e-01 -5.033049e+00 -2.174487e-01 2.585876e-01 9.411953e-01 3.304721e+02
9.501279e-01 2.850117e-01 -1.265913e-01 2.723627e+01 -2.319659e-01 9.171880e-01 3.239723e-01 -5.045314e+00 2.084439e-01 -2.784503e-01 9.375588e-01 3.315724e+02
9.460023e-01 -2.778541e-01 1.669633e-01 2.705108e+01 2.977006e-01 9.484966e-01 -1.082981e-01 -5.055907e+00 -1.282730e-01 1.521553e-01 9.799973e-01 3.328951e+02
9.580585e-01 2.841190e-01 3.742151e-02 2.697379e+01 -2.853321e-01 9.336045e-01 2.167217e-01 -5.073483e+00 2.663787e-02 -2.183096e-01 9.755159e-01 3.339596e+02
9.317246e-01 -3.187005e-01 1.741242e-01 2.694423e+01 3.367050e-01 9.377350e-01 -8.533966e-02 -5.091590e+00 -1.360846e-01 1.381415e-01 9.810188e-01 3.348340e+02
9.545557e-01 2.955226e-01 3.859707e-02 2.690169e+01 -2.978409e-01 9.412665e-01 1.590853e-01 -5.108908e+00 1.068318e-02 -1.633516e-01 9.865101e-01 3.355811e+02
9.253366e-01 -3.454115e-01 1.563430e-01 2.689283e+01 3.578710e-01 9.318882e-01 -5.926845e-02 -5.127108e+00 -1.252222e-01 1.107939e-01 9.859230e-01 3.361851e+02
9.302900e-01 3.651716e-01 3.478705e-02 2.686255e+01 -3.662511e-01 9.193470e-01 1.437400e-01 -5.143450e+00 2.050841e-02 -1.464607e-01 9.890039e-01 3.371402e+02
9.007055e-01 -3.819828e-01 2.069270e-01 2.687847e+01 3.881522e-01 9.215226e-01 1.157390e-02 -5.168397e+00 -1.951089e-01 6.989451e-02 9.782879e-01 3.381033e+02
9.077485e-01 4.035712e-01 1.145556e-01 2.703319e+01 -4.006643e-01 9.149461e-01 -4.839147e-02 -5.198624e+00 -1.243416e-01 -1.971058e-03 9.922375e-01 3.387936e+02
8.966816e-01 -3.795591e-01 2.278093e-01 2.710021e+01 3.557226e-01 9.241168e-01 1.395336e-01 -5.221574e+00 -2.634836e-01 -4.408032e-02 9.636562e-01 3.393195e+02
9.280532e-01 3.710738e-01 3.196204e-02 2.713918e+01 -3.634410e-01 9.210280e-01 -1.400645e-01 -5.243774e+00 -8.141221e-02 1.183710e-01 9.896264e-01 3.399631e+02
9.298615e-01 -3.629936e-01 5.994333e-02 2.705724e+01 3.382215e-01 9.075245e-01 2.490090e-01 -5.259574e+00 -1.447887e-01 -2.112698e-01 9.666443e-01 3.409432e+02
9.389822e-01 3.432220e-01 -2.260589e-02 2.691559e+01 -3.427690e-01 9.282153e-01 -1.446574e-01 -5.271743e+00 -2.866647e-02 1.435794e-01 9.892235e-01 3.420033e+02
9.376528e-01 -3.426441e-01 5.832817e-02 2.683539e+01 3.137251e-01 9.065735e-01 2.823136e-01 -5.289350e+00 -1.496119e-01 -2.464131e-01 9.575473e-01 3.430688e+02
9.491810e-01 3.147303e-01 4.942277e-04 2.682123e+01 -3.092758e-01 9.330200e-01 -1.839080e-01 -5.310509e+00 -5.834253e-02 1.744091e-01 9.829433e-01 3.441824e+02
9.702028e-01 -2.250281e-01 8.982699e-02 2.704968e+01 1.827489e-01 9.230448e-01 3.385130e-01 -5.349429e+00 -1.590893e-01 -3.120105e-01 9.366643e-01 3.455760e+02
9.871532e-01 1.525337e-01 4.756138e-02 2.720095e+01 -1.397480e-01 9.685698e-01 -2.057745e-01 -5.384521e+00 -7.745407e-02 1.964843e-01 9.774430e-01 3.470612e+02
9.963048e-01 -8.574364e-02 4.972826e-03 2.722492e+01 7.848156e-02 9.323861e-01 3.528412e-01 -5.411014e+00 -3.489048e-02 -3.511471e-01 9.356700e-01 3.485996e+02
9.957726e-01 6.819258e-02 6.153554e-02 2.710911e+01 -5.543867e-02 9.803535e-01 -1.892975e-01 -5.431112e+00 -7.323527e-02 1.850858e-01 9.799897e-01 3.502337e+02
9.912287e-01 -2.036651e-02 1.305790e-01 2.718138e+01 -2.273129e-02 9.470546e-01 3.202668e-01 -5.464591e+00 -1.301881e-01 -3.204259e-01 9.382848e-01 3.517151e+02
9.895798e-01 6.416876e-02 1.288962e-01 2.745531e+01 -3.739805e-02 9.790259e-01 -2.002738e-01 -5.511376e+00 -1.390440e-01 1.933665e-01 9.712241e-01 3.533163e+02
9.967945e-01 -6.815422e-02 4.190033e-02 2.756244e+01 4.904368e-02 9.343274e-01 3.530255e-01 -5.546129e+00 -6.320881e-02 -3.498390e-01 9.346750e-01 3.548612e+02
9.925429e-01 3.249335e-02 1.174853e-01 2.751938e+01 -1.245793e-03 9.664703e-01 -2.567755e-01 -5.567737e+00 -1.218896e-01 2.547143e-01 9.593037e-01 3.559892e+02
9.984009e-01 -8.835323e-03 5.583578e-02 2.749748e+01 -1.116823e-02 9.374155e-01 3.480338e-01 -5.589874e+00 -5.541632e-02 -3.481008e-01 9.358177e-01 3.570810e+02
9.287731e-01 -1.989655e-03 3.706434e-01 2.754982e+01 1.497047e-01 9.168041e-01 -3.702144e-01 -5.614393e+00 -3.390708e-01 3.993322e-01 8.518009e-01 3.577316e+02
9.810923e-01 1.933287e-01 -9.045089e-03 2.765611e+01 -1.741346e-01 9.021542e-01 3.947087e-01 -5.640602e+00 8.446858e-02 -3.856706e-01 9.187618e-01 3.583252e+02
9.496777e-01 -2.033539e-01 2.382423e-01 2.761765e+01 2.657049e-01 9.257823e-01 -2.689387e-01 -5.660449e+00 -1.658708e-01 3.187072e-01 9.332270e-01 3.592836e+02
9.674219e-01 2.486516e-01 4.761573e-02 2.762387e+01 -2.502479e-01 9.107008e-01 3.286337e-01 -5.682480e+00 3.835161e-02 -3.298432e-01 9.432564e-01 3.601352e+02
8.847043e-01 -2.426637e-01 3.980108e-01 2.764435e+01 3.584492e-01 8.999922e-01 -2.480488e-01 -5.705106e+00 -2.980142e-01 3.621165e-01 8.832096e-01 3.607631e+02
9.154727e-01 4.022311e-01 -1.094901e-02 2.773104e+01 -3.798472e-01 8.728653e-01 3.063043e-01 -5.729388e+00 1.327621e-01 -2.762543e-01 9.518707e-01 3.614361e+02
8.916371e-01 -4.130403e-01 1.854209e-01 2.763700e+01 4.368918e-01 8.923843e-01 -1.130305e-01 -5.747527e+00 -1.187805e-01 1.817911e-01 9.761369e-01 3.627119e+02
8.764892e-01 4.696703e-01 1.057193e-01 2.750354e+01 -4.813555e-01 8.513387e-01 2.086129e-01 -5.767406e+00 7.976336e-03 -2.337356e-01 9.722675e-01 3.641620e+02
9.006084e-01 -4.272476e-01 7.977445e-02 2.728229e+01 4.323922e-01 8.993546e-01 -6.479405e-02 -5.781961e+00 -4.406241e-02 9.284792e-02 9.947049e-01 3.655807e+02
8.806168e-01 4.537391e-01 1.365096e-01 2.715748e+01 -4.692132e-01 8.751799e-01 1.178945e-01 -5.799525e+00 -6.597711e-02 -1.678720e-01 9.835985e-01 3.666887e+02
8.805612e-01 -4.738958e-01 -5.893497e-03 2.717960e+01 4.738551e-01 8.805741e-01 -7.118515e-03 -5.821030e+00 8.563095e-03 3.475625e-03 9.999573e-01 3.676671e+02
8.958552e-01 4.161369e-01 1.557999e-01 2.712007e+01 -4.381891e-01 8.855236e-01 1.543966e-01 -5.834357e+00 -7.371437e-02 -2.065868e-01 9.756475e-01 3.687913e+02
8.795996e-01 -4.727203e-01 -5.329262e-02 2.709568e+01 4.732850e-01 8.809065e-01 -2.273357e-03 -5.851529e+00 4.802047e-02 -2.322295e-02 9.985764e-01 3.698642e+02
8.665922e-01 4.303576e-01 2.526069e-01 2.705727e+01 -4.310424e-01 9.006161e-01 -5.561593e-02 -5.870622e+00 -2.514365e-01 -6.068793e-02 9.659693e-01 3.706909e+02
8.881607e-01 -4.571446e-01 -4.678980e-02 2.704014e+01 4.594068e-01 8.856872e-01 6.710778e-02 -5.889755e+00 1.076317e-02 -8.109805e-02 9.966480e-01 3.712606e+02
8.680500e-01 4.497970e-01 2.101709e-01 2.707647e+01 -4.362961e-01 8.931248e-01 -1.094254e-01 -5.909438e+00 -2.369280e-01 3.289965e-03 9.715216e-01 3.719445e+02
8.901361e-01 -4.417756e-01 -1.117675e-01 2.701401e+01 4.550086e-01 8.751024e-01 1.648120e-01 -5.928289e+00 2.499810e-02 -1.975603e-01 9.799719e-01 3.728850e+02
8.752665e-01 4.331494e-01 2.151513e-01 2.701205e+01 -3.958251e-01 8.971766e-01 -1.959507e-01 -5.949359e+00 -2.779046e-01 8.634681e-02 9.567201e-01 3.738152e+02
9.222312e-01 -3.784353e-01 7.922328e-02 2.700880e+01 3.551875e-01 9.101851e-01 2.130843e-01 -5.972171e+00 -1.527465e-01 -1.683738e-01 9.738166e-01 3.745087e+02
9.002660e-01 3.257579e-01 2.887957e-01 2.722131e+01 -2.332765e-01 9.210770e-01 -3.117678e-01 -5.999439e+00 -3.675639e-01 2.133047e-01 9.052060e-01 3.748766e+02
9.776533e-01 -1.983225e-01 -6.973007e-02 2.739188e+01 2.101954e-01 9.276437e-01 3.086991e-01 -6.028130e+00 3.462679e-03 -3.164576e-01 9.486003e-01 3.754393e+02
8.958343e-01 2.325681e-01 3.786727e-01 2.747395e+01 -7.489930e-02 9.189496e-01 -3.871973e-01 -6.053143e+00 -4.380309e-01 3.185023e-01 8.406458e-01 3.758931e+02
9.952659e-01 -6.848170e-02 -6.896459e-02 2.758492e+01 8.955396e-02 9.218849e-01 3.769725e-01 -6.078441e+00 3.776170e-02 -3.813639e-01 9.236534e-01 3.763184e+02
9.804820e-01 6.221344e-02 1.865063e-01 2.750134e+01 -6.636198e-03 9.585467e-01 -2.848581e-01 -6.094837e+00 -1.964970e-01 2.780605e-01 9.402506e-01 3.774594e+02
9.177651e-01 1.370226e-03 3.971212e-01 2.747240e+01 -8.473093e-02 9.776431e-01 1.924438e-01 -6.118980e+00 -3.879792e-01 -2.102666e-01 8.973629e-01 3.780472e+02
9.851256e-01 -7.119930e-02 1.563911e-01 2.760352e+01 9.641087e-02 9.823883e-01 -1.600568e-01 -6.148518e+00 -1.422408e-01 1.727538e-01 9.746403e-01 3.783764e+02
9.958174e-01 8.240234e-02 3.946629e-02 2.754969e+01 -8.970005e-02 9.638561e-01 2.508691e-01 -6.169074e+00 -1.736763e-02 -2.533599e-01 9.672162e-01 3.794377e+02
9.528145e-01 -8.364435e-02 2.918016e-01 2.764605e+01 1.506374e-01 9.648601e-01 -2.152982e-01 -6.193786e+00 -2.635393e-01 2.490955e-01 9.319327e-01 3.799684e+02
9.806641e-01 1.852045e-01 -6.322308e-02 2.775751e+01 -1.575756e-01 9.388646e-01 3.061097e-01 -6.222057e+00 1.160508e-01 -2.902284e-01 9.498946e-01 3.808747e+02
9.380560e-01 -1.981051e-01 2.842629e-01 2.785244e+01 2.506714e-01 9.544094e-01 -1.620697e-01 -6.249040e+00 -2.391963e-01 2.232870e-01 9.449487e-01 3.817810e+02
9.643477e-01 2.541282e-01 -7.383996e-02 2.781204e+01 -2.249976e-01 9.342239e-01 2.767704e-01 -6.268563e+00 1.393182e-01 -2.502891e-01 9.580949e-01 3.827759e+02
9.409908e-01 -2.500298e-01 2.280821e-01 2.776012e+01 2.797732e-01 9.539099e-01 -1.085492e-01 -6.288368e+00 -1.904293e-01 1.659551e-01 9.675720e-01 3.839598e+02
9.553358e-01 2.921302e-01 -4.464857e-02 2.768112e+01 -2.711205e-01 9.265072e-01 2.609178e-01 -6.308059e+00 1.175892e-01 -2.371590e-01 9.643279e-01 3.852244e+02
5.016826e-01 -3.203794e-01 8.035370e-01 2.772037e+01 5.169450e-01 8.558192e-01 1.847396e-02 -6.338578e+00 -6.936011e-01 4.061164e-01 5.949681e-01 3.853523e+02
9.038025e-01 4.272234e-01 2.492364e-02 2.799965e+01 -4.199209e-01 8.965692e-01 -1.408195e-01 -6.381850e+00 -8.250717e-02 1.168071e-01 9.897215e-01 3.848028e+02
1.353551e-01 -3.687178e-01 9.196337e-01 2.871879e+01 2.229572e-01 9.157050e-01 3.343270e-01 -6.436830e+00 -9.653855e-01 1.597861e-01 2.061536e-01 3.839231e+02
9.764767e-01 -2.072575e-01 5.947713e-02 3.002572e+01 2.103551e-01 8.550638e-01 -4.739374e-01 -6.503277e+00 4.737035e-02 4.753001e-01 8.785476e-01 3.821394e+02
4.163393e-02 3.215869e-01 9.459643e-01 3.145042e+01 -7.688074e-02 9.450093e-01 -3.178785e-01 -6.573993e+00 -9.961707e-01 -5.949190e-02 6.406829e-02 3.803518e+02
7.738668e-01 -4.048348e-01 -4.870718e-01 3.245336e+01 4.945254e-01 8.667037e-01 6.533931e-02 -6.613408e+00 3.956954e-01 -2.914333e-01 8.709143e-01 3.792995e+02
3.453732e-01 5.474874e-01 7.622171e-01 3.304445e+01 -8.392615e-02 8.269596e-01 -5.559625e-01 -6.648308e+00 -9.347052e-01 1.280446e-01 3.315582e-01 3.790875e+02
9.678791e-01 -2.182316e-01 -1.248399e-01 3.370655e+01 2.513671e-01 8.301639e-01 4.976369e-01 -6.689236e+00 -4.962455e-03 -5.130330e-01 8.583545e-01 3.788302e+02
2.908886e-01 2.794582e-01 9.150338e-01 3.510777e+01 5.461031e-01 7.367949e-01 -3.986285e-01 -6.737143e+00 -7.855923e-01 6.156593e-01 6.171228e-02 3.783243e+02
8.762361e-01 3.646506e-01 -3.150242e-01 3.587713e+01 -1.606827e-01 8.374211e-01 5.224049e-01 -6.779847e+00 4.543032e-01 -4.071311e-01 7.923717e-01 3.781175e+02
7.687195e-01 -1.712373e-01 6.162370e-01 3.597237e+01 4.229123e-01 8.588858e-01 -2.888949e-01 -6.802986e+00 -4.798077e-01 4.826934e-01 7.326607e-01 3.788418e+02
8.455747e-01 4.663048e-01 -2.599295e-01 3.598256e+01 -3.242169e-01 8.353630e-01 4.439055e-01 -6.826810e+00 4.241308e-01 -2.910817e-01 8.575456e-01 3.798023e+02
6.484429e-01 -3.131239e-01 6.938841e-01 3.612864e+01 5.410253e-01 8.307898e-01 -1.306903e-01 -6.850959e+00 -5.355496e-01 4.601541e-01 7.081277e-01 3.802831e+02
