1.000000e+00 1.197625e-11 1.704638e-10 5.551115e-17 1.197625e-11 1.000000e+00 3.562503e-10 0.000000e+00 1.704638e-10 3.562503e-10 1.000000e+00 2.220446e-16 0.000000e+00 0.000000e+00 0.000000e+00 1.000000e+00
9.920113e-01 -1.206510e-02 1.255709e-01 3.744191e-02 1.357911e-03 9.963795e-01 8.500658e-02 -2.020243e-02 -1.261419e-01 -8.415698e-02 9.884361e-01 7.844809e-01
9.997600e-01 -1.586534e-02 1.510518e-02 5.294224e-02 1.580975e-02 9.998678e-01 3.792481e-03 -3.954026e-02 -1.516335e-02 -3.552762e-03 9.998787e-01 1.566368e+00
9.900719e-01 -1.518448e-02 1.397392e-01 7.031790e-02 3.925540e-03 9.967472e-01 8.049657e-02 -6.033757e-02 -1.405069e-01 -7.914884e-02 9.869110e-01 2.331491e+00
9.996326e-01 -2.584048e-02 8.177409e-03 8.927136e-02 2.584600e-02 9.996658e-01 -5.700106e-04 -8.111960e-02 -8.159946e-03 7.811552e-04 9.999664e-01 3.019023e+00
9.926128e-01 -2.479273e-02 1.187654e-01 1.059421e-01 1.404476e-02 9.957980e-01 9.049392e-02 -1.003731e-01 -1.205099e-01 -8.815739e-02 9.887900e-01 3.665759e+00
9.997897e-01 -1.971067e-02 5.662785e-03 1.017069e-01 1.965553e-02 9.997604e-01 9.633797e-03 -1.197278e-01 -5.851317e-03 -9.520466e-03 9.999376e-01 4.426496e+00
9.911640e-01 -1.632845e-02 1.316332e-01 9.178177e-02 5.531109e-03 9.966188e-01 8.197782e-02 -1.390824e-01 -1.325267e-01 -8.052539e-02 9.879030e-01 5.206984e+00
9.989553e-01 -2.635577e-03 -4.562293e-02 6.458843e-02 4.419825e-03 9.992274e-01 3.905199e-02 -1.571716e-01 4.548475e-02 -3.921284e-02 9.981951e-01 6.150676e+00
9.859470e-01 -2.843001e-02 1.646215e-01 4.879138e-02 1.664164e-02 9.972259e-01 7.255044e-02 -1.776078e-01 -1.662275e-01 -6.879131e-02 9.836850e-01 7.085159e+00
9.994259e-01 -1.553125e-03 -3.384421e-02 5.530269e-02 2.328215e-03 9.997356e-01 2.287437e-02 -1.974525e-01 3.379973e-02 -2.294003e-02 9.991653e-01 7.891904e+00
9.925413e-01 -2.467746e-02 1.193850e-01 6.566211e-03 1.436383e-02 9.961491e-01 8.649106e-02 -2.129580e-01 -1.210596e-01 -8.413112e-02 9.890736e-01 8.745815e+00
9.998683e-01 -1.038021e-02 -1.247716e-02 -2.696031e-02 1.067732e-02 9.996553e-01 2.398684e-02 -2.305430e-01 1.222387e-02 -2.411691e-02 9.996344e-01 9.582649e+00
9.864527e-01 -3.903352e-02 1.593345e-01 -4.288674e-02 2.864812e-02 9.973440e-01 6.696492e-02 -2.497617e-01 -1.615252e-01 -6.149309e-02 9.849509e-01 1.031343e+01
9.999877e-01 -4.870747e-03 -9.425754e-04 -1.829193e-02 4.878811e-03 9.999498e-01 8.750832e-03 -2.703194e-01 8.999045e-04 -8.755323e-03 9.999613e-01 1.093381e+01
9.867915e-01 -2.966821e-02 1.592558e-01 2.984519e-02 1.818252e-02 9.971589e-01 7.309981e-02 -2.925968e-01 -1.609720e-01 -6.923859e-02 9.845273e-01 1.162831e+01
9.998240e-01 -1.297113e-02 -1.355203e-02 2.513916e-02 1.315799e-02 9.998183e-01 1.379103e-02 -3.123601e-01 1.337069e-02 -1.396692e-02 9.998131e-01 1.233831e+01
9.884809e-01 -3.837890e-02 1.463988e-01 4.368004e-02 2.739309e-02 9.967061e-01 7.633214e-02 -3.326897e-01 -1.488461e-01 -7.144255e-02 9.862762e-01 1.304598e+01
9.999882e-01 -4.127402e-03 -2.568514e-03 3.271829e-02 4.175324e-03 9.998119e-01 1.894084e-02 -3.522618e-01 2.489854e-03 -1.895134e-02 9.998173e-01 1.379607e+01
9.827508e-01 -3.795480e-02 1.809982e-01 5.752187e-02 2.838015e-02 9.980719e-01 5.519947e-02 -3.741826e-01 -1.827443e-01 -4.911057e-02 9.819331e-01 1.445899e+01
9.998832e-01 1.313745e-02 -7.809458e-03 1.114106e-01 -1.291418e-02 9.995249e-01 2.798394e-02 -3.970780e-01 8.173385e-03 -2.787982e-02 9.995779e-01 1.522069e+01
9.754614e-01 -5.226712e-02 2.138767e-01 1.158705e-01 4.444160e-02 9.981605e-01 4.123830e-02 -4.189218e-01 -2.156387e-01 -3.072135e-02 9.759898e-01 1.594810e+01
9.994340e-01 3.363872e-02 -1.443290e-04 1.719796e-01 -3.363069e-02 9.992726e-01 1.798140e-02 -4.427300e-01 7.490949e-04 -1.796637e-02 9.998383e-01 1.662905e+01
9.822332e-01 -7.964879e-02 1.699233e-01 1.974566e-01 6.807880e-02 9.950151e-01 7.287105e-02 -4.650155e-01 -1.748804e-01 -6.000819e-02 9.827593e-01 1.739351e+01
9.951513e-01 4.970950e-02 8.486931e-02 2.486489e-01 -4.623749e-02 9.980303e-01 -4.239800e-02 -4.886715e-01 -8.680973e-02 3.826828e-02 9.954896e-01 1.794558e+01
9.891614e-01 -5.114048e-02 1.376383e-01 3.507201e-01 3.477932e-02 9.923144e-01 1.187538e-01 -5.149018e-01 -1.426536e-01 -1.126797e-01 9.833378e-01 1.862373e+01
9.934001e-01 2.250348e-02 1.124715e-01 3.831667e-01 -1.327475e-02 9.965325e-01 -8.213917e-02 -5.387156e-01 -1.139299e-01 8.010403e-02 9.902542e-01 1.927554e+01
9.940468e-01 -2.921062e-02 1.049652e-01 4.697868e-01 1.383650e-02 9.894353e-01 1.443135e-01 -5.626593e-01 -1.080717e-01 -1.420020e-01 9.839492e-01 1.989557e+01
9.885157e-01 1.891869e-02 1.499295e-01 5.692035e-01 -4.347299e-03 9.952821e-01 -9.692591e-02 -5.901144e-01 -1.510559e-01 9.516099e-02 9.839342e-01 2.066194e+01
9.965974e-01 8.244278e-03 8.201030e-02 6.711878e-01 -2.110296e-02 9.873428e-01 1.571904e-01 -6.180986e-01 -7.967636e-02 -1.583862e-01 9.841573e-01 2.155413e+01
9.869117e-01 -2.822625e-02 1.587718e-01 7.332837e-01 4.387900e-02 9.944174e-01 -9.596173e-02 -6.435335e-01 -1.551768e-01 1.016725e-01 9.826408e-01 2.242151e+01
9.955557e-01 2.777290e-02 8.998569e-02 7.759896e-01 -4.013001e-02 9.895393e-01 1.385697e-01 -6.665523e-01 -8.519589e-02 -1.415650e-01 9.862561e-01 2.312885e+01
9.873413e-01 -5.433900e-02 1.490114e-01 8.360951e-01 6.768726e-02 9.939915e-01 -8.601976e-02 -6.895681e-01 -1.434418e-01 9.501704e-02 9.850869e-01 2.376931e+01
9.975345e-01 3.751541e-02 5.930785e-02 8.689796e-01 -4.518527e-02 9.899801e-01 1.337825e-01 -7.096140e-01 -5.369469e-02 -1.361325e-01 9.892345e-01 2.436613e+01
9.887741e-01 -8.216224e-02 1.248004e-01 8.639384e-01 9.135336e-02 9.933697e-01 -6.979428e-02 -7.277025e-01 -1.182385e-01 8.041171e-02 9.897240e-01 2.494631e+01
9.956612e-01 6.021418e-02 7.094400e-02 9.162279e-01 -6.823237e-02 9.908285e-01 1.166328e-01 -7.484494e-01 -6.327039e-02 -1.209674e-01 9.906380e-01 2.547930e+01
9.879371e-01 -9.760988e-02 1.202190e-01 9.657457e-01 1.051546e-01 9.927580e-01 -5.808647e-02 -7.691318e-01 -1.136785e-01 7.002735e-02 9.910466e-01 2.602498e+01
9.968763e-01 6.537905e-02 4.430821e-02 1.005004e+00 -7.016488e-02 9.906700e-01 1.168326e-01 -7.891924e-01 -3.625641e-02 -1.195765e-01 9.921628e-01 2.657116e+01
9.898353e-01 -1.159401e-01 8.236493e-02 1.026856e+00 1.188331e-01 9.924264e-01 -3.112011e-02 -8.078007e-01 -7.813306e-02 4.059146e-02 9.961162e-01 2.710045e+01
9.943760e-01 9.201433e-02 5.243851e-02 1.076381e+00 -9.714682e-02 9.896500e-01 1.056186e-01 -8.276860e-01 -4.217735e-02 -1.101188e-01 9.930231e-01 2.770093e+01
9.926067e-01 -1.060478e-01 5.904035e-02 1.116260e+00 1.078455e-01 9.937695e-01 -2.813500e-02 -8.463990e-01 -5.568885e-02 3.429422e-02 9.978590e-01 2.837665e+01
9.934964e-01 1.069012e-01 3.920455e-02 1.134693e+00 -1.105946e-01 9.878802e-01 1.089106e-01 -8.638382e-01 -2.708672e-02 -1.125381e-01 9.932781e-01 2.907467e+01
9.871641e-01 -1.381679e-01 8.010352e-02 1.125545e+00 1.420435e-01 9.888431e-01 -4.486587e-02 -8.815870e-01 -7.301079e-02 5.566816e-02 9.957763e-01 2.967095e+01
9.884578e-01 1.467044e-01 3.780131e-02 1.182618e+00 -1.495198e-01 9.848785e-01 8.751098e-02 -9.012228e-01 -2.439145e-02 -9.215296e-02 9.954461e-01 3.038084e+01
9.845672e-01 -1.563425e-01 7.864122e-02 1.209973e+00 1.586019e-01 9.870673e-01 -2.331604e-02 -9.202956e-01 -7.397889e-02 3.542885e-02 9.966303e-01 3.088804e+01
9.886416e-01 1.195158e-01 9.112543e-02 1.243767e+00 -1.261534e-01 9.894722e-01 7.092277e-02 -9.411574e-01 -8.168969e-02 -8.161298e-02 9.933107e-01 3.147610e+01
9.845779e-01 -1.589102e-01 7.317056e-02 1.296315e+00 1.583893e-01 9.872924e-01 1.290490e-02 -9.626789e-01 -7.429146e-02 -1.116446e-03 9.972359e-01 3.210105e+01
9.847080e-01 1.267855e-01 1.194803e-01 1.343538e+00 -1.316704e-01 9.907142e-01 3.388599e-02 -9.850192e-01 -1.140746e-01 -4.909982e-02 9.922581e-01 3.276780e+01
9.849879e-01 -1.673550e-01 4.232128e-02 1.384362e+00 1.649530e-01 9.847654e-01 5.502448e-02 -1.007191e+00 -5.088515e-02 -4.721743e-02 9.975877e-01 3.344168e+01
9.828298e-01 1.313355e-01 1.296013e-01 1.383090e+00 -1.318742e-01 9.912565e-01 -4.454519e-03 -1.025718e+00 -1.290532e-01 -1.271303e-02 9.915562e-01 3.416037e+01
9.858352e-01 -1.664670e-01 2.043622e-02 1.358184e+00 1.643369e-01 9.831096e-01 8.055336e-02 -1.043047e+00 -3.350052e-02 -7.605392e-02 9.965408e-01 3.481652e+01
9.823405e-01 1.273183e-01 1.371029e-01 1.379680e+00 -1.239706e-01 9.917463e-01 -3.272057e-02 -1.062590e+00 -1.401372e-01 1.514601e-02 9.900162e-01 3.546366e+01
9.854703e-01 -1.685980e-01 2.056497e-02 1.391185e+00 1.659074e-01 9.814554e-01 9.602134e-02 -1.081440e+00 -3.637261e-02 -9.121430e-02 9.951668e-01 3.598452e+01
9.863329e-01 1.136565e-01 1.192877e-01 1.433949e+00 -1.070771e-01 9.924261e-01 -6.020765e-02 -1.100312e+00 -1.252272e-01 4.661181e-02 9.910325e-01 3.636283e+01
9.884775e-01 -1.511617e-01 -7.892416e-03 1.465125e+00 1.509627e-01 9.806813e-01 1.243962e-01 -1.117752e+00 -1.106400e-02 -1.241543e-01 9.922012e-01 3.679182e+01
9.874529e-01 9.671072e-02 1.248355e-01 1.488390e+00 -8.678301e-02 9.927917e-01 -8.266449e-02 -1.135557e+00 -1.319302e-01 7.079368e-02 9.887278e-01 3.721978e+01
9.923312e-01 -1.223135e-01 -1.783779e-02 1.519760e+00 1.236074e-01 9.819344e-01 1.432691e-01 -1.152970e+00 -8.214104e-06 -1.443753e-01 9.895230e-01 3.768320e+01
9.899613e-01 7.360967e-02 1.206576e-01 1.555688e+00 -6.245866e-02 9.936363e-01 -9.373288e-02 -1.171113e+00 -1.267894e-01 8.525581e-02 9.882590e-01 3.814122e+01
9.950643e-01 -9.360677e-02 -3.293779e-02 1.630429e+00 9.770558e-02 9.822125e-01 1.603504e-01 -1.189384e+00 1.734202e-02 -1.627772e-01 9.865104e-01 3.859199e+01
9.897907e-01 4.566394e-02 1.350152e-01 1.650182e+00 -3.039631e-02 9.931238e-01 -1.130537e-01 -1.205526e+00 -1.392493e-01 1.077955e-01 9.843728e-01 3.900528e+01
9.960774e-01 -7.905364e-02 -3.975468e-02 1.654742e+00 8.472759e-02 9.816450e-01 1.708635e-01 -1.220187e+00 2.551760e-02 -1.735616e-01 9.844924e-01 3.935440e+01
9.894908e-01 2.424298e-02 1.425494e-01 1.682122e+00 -5.675901e-03 9.915972e-01 -1.292396e-01 -1.235593e+00 -1.444847e-01 1.270723e-01 9.813138e-01 3.962054e+01
9.984780e-01 -4.555419e-02 -3.108788e-02 1.733457e+00 5.062267e-02 9.807031e-01 1.888353e-01 -1.253302e+00 2.188575e-02 -1.901216e-01 9.815166e-01 3.998796e+01
9.886271e-01 3.139635e-03 1.503548e-01 1.763599e+00 1.822688e-02 9.899104e-01 -1.405179e-01 -1.270451e+00 -1.492790e-01 1.416603e-01 9.785950e-01 4.038098e+01
9.989759e-01 -3.453097e-02 -2.923566e-02 1.797227e+00 3.967140e-02 9.791936e-01 1.990127e-01 -1.286570e+00 2.175527e-02 -1.999687e-01 9.795607e-01 4.069592e+01
9.837201e-01 -9.251908e-03 1.794689e-01 1.853347e+00 3.911778e-02 9.857511e-01 -1.635987e-01 -1.303989e+00 -1.753980e-01 1.679557e-01 9.700651e-01 4.092289e+01
9.999516e-01 -5.390952e-03 -8.236139e-03 1.903756e+00 6.903860e-03 9.804962e-01 1.964169e-01 -1.320804e+00 7.016629e-03 -1.964643e-01 9.804859e-01 4.112732e+01
9.923258e-01 -3.919879e-02 1.172733e-01 1.953160e+00 5.528791e-02 9.889916e-01 -1.372550e-01 -1.337373e+00 -1.106021e-01 1.426854e-01 9.835690e-01 4.146966e+01
9.999653e-01 7.488351e-03 3.646511e-03 1.984848e+00 -8.080043e-03 9.784074e-01 2.065278e-01 -1.354477e+00 -2.021220e-03 -2.065501e-01 9.784339e-01 4.187882e+01
9.911192e-01 -5.600005e-02 1.206101e-01 2.023775e+00 7.446591e-02 9.851824e-01 -1.545006e-01 -1.371116e+00 -1.101709e-01 1.621098e-01 9.806033e-01 4.218097e+01
9.994634e-01 3.188164e-02 7.509411e-03 2.064979e+00 -3.275286e-02 9.747862e-01 2.207243e-01 -1.386991e+00 -2.830181e-04 -2.208518e-01 9.753073e-01 4.256738e+01
9.853495e-01 -8.414010e-02 1.483472e-01 2.051520e+00 1.052469e-01 9.844407e-01 -1.407107e-01 -1.404620e+00 -1.341996e-01 1.542623e-01 9.788736e-01 4.315454e+01
9.975429e-01 6.033419e-02 3.560695e-02 2.070451e+00 -6.632562e-02 9.770002e-01 2.026609e-01 -1.424010e+00 -2.256062e-02 -2.045246e-01 9.786014e-01 4.368592e+01
9.856462e-01 -1.124461e-01 1.259260e-01 2.102473e+00 1.302165e-01 9.810965e-01 -1.431546e-01 -1.442790e+00 -1.074484e-01 1.574974e-01 9.816565e-01 4.413303e+01
9.954931e-01 8.902198e-02 3.268886e-02 2.150577e+00 -9.379266e-02 9.751628e-01 2.006499e-01 -1.460947e+00 -1.401471e-02 -2.028116e-01 9.791175e-01 4.457512e+01
9.813916e-01 -9.729580e-02 1.655420e-01 2.275951e+00 1.185779e-01 9.851790e-01 -1.239420e-01 -1.487260e+00 -1.510295e-01 1.412652e-01 9.783835e-01 4.519776e+01
9.946736e-01 8.701546e-02 5.525110e-02 2.385635e+00 -9.669686e-02 9.733713e-01 2.078413e-01 -1.513079e+00 -3.569443e-02 -2.120769e-01 9.766009e-01 4.590759e+01
9.816495e-01 -1.499183e-01 1.178507e-01 2.386937e+00 1.651187e-01 9.773976e-01 -1.320218e-01 -1.531643e+00 -9.539451e-02 1.490585e-01 9.842162e-01 4.644036e+01
9.890590e-01 1.268651e-01 7.528260e-02 2.426368e+00 -1.390656e-01 9.721082e-01 1.888553e-01 -1.551771e+00 -4.922368e-02 -1.972583e-01 9.791150e-01 4.698467e+01
9.756396e-01 -1.844360e-01 1.187886e-01 2.430174e+00 1.999936e-01 9.703038e-01 -1.360630e-01 -1.568532e+00 -9.016610e-02 1.565054e-01 9.835528e-01 4.736549e+01
9.860042e-01 1.560843e-01 5.859613e-02 2.459128e+00 -1.637687e-01 9.725999e-01 1.650131e-01 -1.584557e+00 -3.123463e-02 -1.722998e-01 9.845492e-01 4.762404e+01
9.750225e-01 -2.060681e-01 8.286782e-02 2.515577e+00 2.127926e-01 9.735935e-01 -8.267434e-02 -1.603339e+00 -6.364302e-02 9.824300e-02 9.931253e-01 4.809478e+01
9.813113e-01 1.656341e-01 9.794585e-02 2.542875e+00 -1.777179e-01 9.752895e-01 1.312503e-01 -1.622879e+00 -7.378605e-02 -1.462041e-01 9.864988e-01 4.860478e+01
9.720042e-01 -2.221789e-01 7.644814e-02 2.590557e+00 2.264898e-01 9.725598e-01 -5.319545e-02 -1.643099e+00 -6.253148e-02 6.902092e-02 9.956535e-01 4.907813e+01
9.773393e-01 1.773438e-01 1.155728e-01 2.618877e+00 -1.878036e-01 9.783554e-01 8.689379e-02 -1.662393e+00 -9.766117e-02 -1.066297e-01 9.894910e-01 4.953325e+01
9.707683e-01 -2.339561e-01 5.360443e-02 2.647326e+00 2.352682e-01 9.717339e-01 -1.954758e-02 -1.681216e+00 -4.751596e-02 3.158759e-02 9.983709e-01 4.998190e+01
9.763805e-01 1.815403e-01 1.171509e-01 2.669839e+00 -1.884761e-01 9.807509e-01 5.103309e-02 -1.699855e+00 -1.056313e-01 -7.190785e-02 9.918020e-01 5.042554e+01
9.734482e-01 -2.263120e-01 3.437285e-02 2.706172e+00 2.258111e-01 9.740073e-01 1.786640e-02 -1.719129e+00 -3.752279e-02 -9.630242e-03 9.992494e-01 5.092778e+01
9.740992e-01 1.802333e-01 1.365530e-01 2.741356e+00 -1.846080e-01 9.826092e-01 1.997455e-02 -1.739787e+00 -1.305782e-01 -4.466597e-02 9.904314e-01 5.150729e+01
9.743755e-01 -2.238539e-01 2.195208e-02 2.762737e+00 2.226443e-01 9.737507e-01 4.731884e-02 -1.759492e+00 -3.196836e-02 -4.121881e-02 9.986386e-01 5.204786e+01
9.740237e-01 1.785242e-01 1.393090e-01 2.785094e+00 -1.787838e-01 9.838296e-01 -1.075102e-02 -1.779342e+00 -1.389756e-01 -1.443445e-02 9.901906e-01 5.264048e+01
9.775984e-01 -2.104135e-01 5.252792e-03 2.789756e+00 2.092536e-01 9.742932e-01 8.346077e-02 -1.799407e+00 -2.267903e-02 -8.049194e-02 9.964972e-01 5.330719e+01
9.671820e-01 1.900527e-01 1.686386e-01 2.846108e+00 -1.864186e-01 9.817630e-01 -3.727520e-02 -1.823502e+00 -1.726474e-01 4.614531e-03 9.849729e-01 5.405161e+01
9.821028e-01 -1.883186e-01 3.178660e-03 2.943034e+00 1.866006e-01 9.751580e-01 1.193615e-01 -1.850643e+00 -2.557768e-02 -1.166321e-01 9.928458e-01 5.483708e+01
9.761081e-01 1.832709e-01 1.167254e-01 3.018464e+00 -1.756953e-01 9.817883e-01 -7.226943e-02 -1.874344e+00 -1.278445e-01 5.003467e-02 9.905313e-01 5.565094e+01
9.780750e-01 -2.082359e-01 -2.656487e-03 3.042591e+00 2.065914e-01 9.685845e-01 1.384345e-01 -1.893684e+00 -2.625400e-02 -1.359481e-01 9.903680e-01 5.627812e+01
9.768464e-01 1.703020e-01 1.294929e-01 3.054550e+00 -1.583196e-01 9.825264e-01 -9.786069e-02 -1.912941e+00 -1.438961e-01 7.509358e-02 9.867395e-01 5.692337e+01
9.804405e-01 -1.966972e-01 6.826527e-03 3.062226e+00 1.932174e-01 9.685386e-01 1.568438e-01 -1.931247e+00 -3.746250e-02 -1.524570e-01 9.875998e-01 5.742841e+01
9.781135e-01 1.567686e-01 1.368120e-01 3.105513e+00 -1.409675e-01 9.829021e-01 -1.184549e-01 -1.951124e+00 -1.530428e-01 9.657632e-02 9.834892e-01 5.796038e+01
9.846569e-01 -1.739278e-01 -1.414083e-02 3.108325e+00 1.731650e-01 9.638899e-01 2.023123e-01 -1.971206e+00 -2.155752e-02 -2.016569e-01 9.792190e-01 5.868211e+01
9.787024e-01 1.327674e-01 1.565711e-01 3.107952e+00 -1.089156e-01 9.823342e-01 -1.521740e-01 -1.990839e+00 -1.740089e-01 1.318801e-01 9.758732e-01 5.941331e+01
9.905261e-01 -1.353349e-01 -2.329381e-02 3.110282e+00 1.370828e-01 9.643833e-01 2.262148e-01 -2.009893e+00 -8.150579e-03 -2.272648e-01 9.737989e-01 6.013693e+01
9.822730e-01 9.474186e-02 1.617521e-01 3.084327e+00 -6.646660e-02 9.828447e-01 -1.720422e-01 -2.028046e+00 -1.752768e-01 1.582413e-01 9.717190e-01 6.085853e+01
9.897055e-01 -9.152237e-02 1.100307e-01 3.109192e+00 7.158299e-02 9.822855e-01 1.731792e-01 -2.048193e+00 -1.239313e-01 -1.635201e-01 9.787248e-01 6.128557e+01
9.985995e-01 4.826726e-02 2.166535e-02 3.048182e+00 -4.581054e-02 9.936969e-01 -1.023131e-01 -2.060955e+00 -2.646716e-02 1.011773e-01 9.945163e-01 6.199389e+01
9.921422e-01 -7.276642e-02 1.017788e-01 2.928818e+00 5.224864e-02 9.801182e-01 1.914114e-01 -2.074062e+00 -1.136836e-01 -1.845895e-01 9.762186e-01 6.289371e+01
9.985041e-01 2.953169e-02 4.601633e-02 2.901112e+00 -2.454584e-02 9.941291e-01 -1.053797e-01 -2.093640e+00 -4.885821e-02 1.040925e-01 9.933668e-01 6.380465e+01
9.936879e-01 -5.156713e-02 9.962499e-02 2.864810e+00 3.012382e-02 9.781248e-01 2.058260e-01 -2.112997e+00 -1.080595e-01 -2.015257e-01 9.735042e-01 6.481065e+01
9.972279e-01 -3.303776e-03 7.433449e-02 2.819402e+00 1.378288e-02 9.899270e-01 -1.409060e-01 -2.130954e+00 -7.312020e-02 1.415399e-01 9.872284e-01 6.560788e+01
9.949266e-01 -3.482352e-02 9.438372e-02 2.775339e+00 1.507884e-02 9.792008e-01 2.023324e-01 -2.146410e+00 -9.946654e-02 -1.998827e-01 9.747581e-01 6.627131e+01
9.975621e-01 -1.123669e-02 6.887435e-02 2.737433e+00 2.029693e-02 9.910023e-01 -1.322969e-01 -2.163982e+00 -6.676806e-02 1.333723e-01 9.888144e-01 6.703889e+01
9.980779e-01 -1.590341e-02 5.989575e-02 2.677370e+00 1.957849e-03 9.741202e-01 2.260219e-01 -2.180796e+00 -6.194018e-02 -2.254702e-01 9.722791e-01 6.792474e+01
9.998520e-01 -1.616356e-02 5.894451e-03 2.478765e+00 1.675170e-02 9.927117e-01 -1.193434e-01 -2.187802e+00 -3.922476e-03 1.194245e-01 9.928355e-01 6.895205e+01
9.908021e-01 -2.342001e-02 1.332771e-01 2.346922e+00 -3.100147e-03 9.807220e-01 1.953835e-01 -2.199855e+00 -1.352837e-01 -1.939996e-01 9.716288e-01 6.983529e+01
9.385018e-01 -3.305313e-02 3.436885e-01 2.433925e+00 1.228470e-01 9.622374e-01 -2.429151e-01 -2.222196e+00 -3.226809e-01 2.701974e-01 9.071221e-01 7.023126e+01
9.293715e-01 6.556505e-02 3.632765e-01 2.756896e+00 -1.316156e-01 9.782787e-01 1.601503e-01 -2.253134e+00 -3.448854e-01 -1.966520e-01 9.178137e-01 7.033999e+01
8.337696e-01 -1.926518e-01 5.174104e-01 3.136622e+00 2.876425e-01 9.514875e-01 -1.092398e-01 -2.289476e+00 -4.712643e-01 2.399100e-01 8.487362e-01 7.040879e+01
9.463307e-01 1.929044e-01 2.593186e-01 3.576556e+00 -2.012079e-01 9.795325e-01 5.603562e-03 -2.321813e+00 -2.529301e-01 -5.747979e-02 9.657756e-01 7.051468e+01
9.183720e-01 -2.079120e-01 3.366978e-01 3.803552e+00 2.109103e-01 9.771018e-01 2.808762e-02 -2.349611e+00 -3.348278e-01 4.521814e-02 9.411937e-01 7.079221e+01
9.586644e-01 2.445787e-01 -1.454092e-01 3.825322e+00 -2.355991e-01 9.688482e-01 7.632995e-02 -2.370493e+00 1.595482e-01 -3.891651e-02 9.864228e-01 7.169592e+01
9.270729e-01 -2.712152e-01 2.588014e-01 3.752221e+00 2.485550e-01 9.614955e-01 1.172466e-01 -2.389864e+00 -2.806355e-01 -4.436978e-02 9.587883e-01 7.294084e+01
9.612205e-01 2.525232e-01 -1.108471e-01 3.696571e+00 -2.531674e-01 9.673855e-01 8.458477e-03 -2.408826e+00 1.093678e-01 1.993241e-02 9.938015e-01 7.397432e+01
9.354921e-01 -2.828692e-01 2.117533e-01 3.628250e+00 2.569592e-01 9.559613e-01 1.418097e-01 -2.423704e+00 -2.425416e-01 -7.824991e-02 9.669801e-01 7.491201e+01
9.543930e-01 2.720750e-01 -1.229191e-01 3.497952e+00 -2.729794e-01 9.619705e-01 9.750501e-03 -2.437128e+00 1.208974e-01 2.424857e-02 9.923688e-01 7.601377e+01
9.390281e-01 -2.911887e-01 1.828536e-01 3.442924e+00 2.598284e-01 9.492375e-01 1.773061e-01 -2.455945e+00 -2.252010e-01 -1.189848e-01 9.670197e-01 7.726805e+01
9.611071e-01 2.650177e-01 -7.770950e-02 3.330714e+00 -2.679762e-01 9.629486e-01 -3.030959e-02 -2.472341e+00 6.679768e-02 4.995506e-02 9.965152e-01 7.849491e+01
9.426611e-01 -2.967341e-01 1.527706e-01 3.206462e+00 2.668906e-01 9.450535e-01 1.887945e-01 -2.485792e+00 -2.003982e-01 -1.371962e-01 9.700607e-01 7.955637e+01
9.609825e-01 2.655701e-01 -7.736379e-02 3.044992e+00 -2.696537e-01 9.617570e-01 -4.806551e-02 -2.497040e+00 6.164040e-02 6.705154e-02 9.958436e-01 8.067891e+01
9.315615e-01 -2.735650e-01 2.394899e-01 2.948126e+00 2.371343e-01 9.564605e-01 1.701488e-01 -2.513791e+00 -2.756094e-01 -1.017128e-01 9.558734e-01 8.169984e+01
9.664651e-01 2.516122e-01 -5.134730e-02 2.925352e+00 -2.564071e-01 9.565356e-01 -1.389065e-01 -2.532177e+00 1.416495e-02 1.474141e-01 9.889734e-01 8.249661e+01
9.187892e-01 -2.439454e-01 3.103499e-01 2.996326e+00 1.859660e-01 9.609740e-01 2.048062e-01 -2.553064e+00 -3.481997e-01 -1.304592e-01 9.282981e-01 8.305087e+01
9.804092e-01 1.933432e-01 3.763204e-02 3.145940e+00 -1.798285e-01 9.565499e-01 -2.295083e-01 -2.577046e+00 -8.037080e-02 2.182448e-01 9.725789e-01 8.341763e+01
9.677357e-01 -1.892796e-01 1.663153e-01 3.176025e+00 1.376349e-01 9.499913e-01 2.803090e-01 -2.596174e+00 -2.110549e-01 -2.483742e-01 9.453920e-01 8.402171e+01
9.839669e-01 1.331881e-01 1.186171e-01 3.253594e+00 -8.784071e-02 9.407202e-01 -3.276117e-01 -2.617218e+00 -1.552194e-01 3.119397e-01 9.373369e-01 8.440687e+01
9.930315e-01 -1.142956e-01 2.872252e-02 3.251469e+00 9.433554e-02 9.170060e-01 3.875576e-01 -2.635137e+00 -7.063487e-02 -3.821473e-01 9.213979e-01 8.510148e+01
9.824396e-01 1.132897e-01 1.482492e-01 3.267022e+00 -5.331424e-02 9.318830e-01 -3.588199e-01 -2.652692e+00 -1.788015e-01 3.446151e-01 9.215587e-01 8.579409e+01
9.915570e-01 -4.512042e-02 1.215682e-01 3.301779e+00 -1.323327e-03 9.339396e-01 3.574283e-01 -2.673882e+00 -1.296646e-01 -3.545714e-01 9.259947e-01 8.636717e+01
9.796797e-01 8.192798e-03 2.004012e-01 3.354107e+00 6.560267e-02 9.311176e-01 -3.587706e-01 -2.695843e+00 -1.895364e-01 3.646271e-01 9.116595e-01 8.688369e+01
9.985810e-01 5.271819e-02 7.537763e-03 3.352513e+00 -5.096767e-02 9.050502e-01 4.222398e-01 -2.714195e+00 1.543767e-02 -4.220249e-01 9.064528e-01 8.764744e+01
9.591885e-01 -4.219235e-02 2.796018e-01 3.401220e+00 1.488796e-01 9.160074e-01 -3.725121e-01 -2.735960e+00 -2.404002e-01 3.989363e-01 8.849054e-01 8.828540e+01
9.895400e-01 1.370542e-01 -4.501959e-02 3.401678e+00 -1.027662e-01 8.887310e-01 4.467621e-01 -2.756320e+00 1.012409e-01 -4.374625e-01 8.935194e-01 8.905282e+01
9.590552e-01 -1.287372e-01 2.522696e-01 3.459670e+00 2.110806e-01 9.187801e-01 -3.335986e-01 -2.778528e+00 -1.888338e-01 3.731887e-01 9.083347e-01 8.986852e+01
9.756680e-01 2.189051e-01 -1.234841e-02 3.461710e+00 -1.906422e-01 8.748221e-01 4.453559e-01 -2.799895e+00 1.082933e-01 -4.321654e-01 8.952685e-01 9.095336e+01
9.473103e-01 -2.185941e-01 2.341362e-01 3.386742e+00 2.815189e-01 9.168706e-01 -2.830114e-01 -2.819822e+00 -1.528080e-01 3.340133e-01 9.300994e-01 9.222846e+01
9.584681e-01 2.842345e-01 2.344277e-02 3.299524e+00 -2.673019e-01 8.666196e-01 4.213313e-01 -2.839735e+00 9.944095e-02 -4.100990e-01 9.066037e-01 9.358429e+01
9.369844e-01 -2.889825e-01 1.963399e-01 3.211044e+00 3.322332e-01 9.108612e-01 -2.448531e-01 -2.859902e+00 -1.080801e-01 2.946542e-01 9.494723e-01 9.494111e+01
9.373934e-01 3.431931e-01 5.926242e-02 3.112698e+00 -3.382506e-01 8.566157e-01 3.896102e-01 -2.879389e+00 8.294642e-02 -3.852636e-01 9.190712e-01 9.643236e+01
9.284585e-01 -3.472473e-01 1.318490e-01 2.966711e+00 3.679426e-01 9.084020e-01 -1.985548e-01 -2.897444e+00 -5.082430e-02 2.328628e-01 9.711806e-01 9.804519e+01
9.294276e-01 3.559072e-01 9.743903e-02 2.833490e+00 -3.682278e-01 8.774280e-01 3.074548e-01 -2.913979e+00 2.392968e-02 -3.216368e-01 9.465607e-01 9.930202e+01
9.189303e-01 -3.937629e-01 2.275767e-02 2.770390e+00 3.913618e-01 9.031149e-01 -1.766902e-01 -2.929910e+00 4.902127e-02 1.712725e-01 9.840034e-01 1.003791e+02
9.159088e-01 3.581413e-01 1.812345e-01 2.642159e+00 -3.958461e-01 8.807104e-01 2.601057e-01 -2.945834e+00 -6.646048e-02 -3.099741e-01 9.484192e-01 1.015892e+02
9.108345e-01 -4.123565e-01 -1.850849e-02 2.562400e+00 4.049006e-01 9.012822e-01 -1.540973e-01 -2.963477e+00 8.022440e-02 1.328631e-01 9.878823e-01 1.026856e+02
9.068118e-01 3.598860e-01 2.194868e-01 2.478707e+00 -4.021494e-01 8.946729e-01 1.945154e-01 -2.979453e+00 -1.263656e-01 -2.646553e-01 9.560279e-01 1.036819e+02
9.089337e-01 -4.031635e-01 -1.062953e-01 2.368160e+00 3.908244e-01 9.126574e-01 -1.196357e-01 -2.993934e+00 1.452440e-01 6.719814e-02 9.871112e-01 1.047461e+02
8.991812e-01 3.517527e-01 2.602752e-01 2.243423e+00 -4.004079e-01 9.013234e-01 1.651958e-01 -3.008301e+00 -1.764841e-01 -2.527573e-01 9.512976e-01 1.058836e+02
9.099291e-01 -3.965720e-01 -1.214893e-01 2.166659e+00 3.873501e-01 9.172375e-01 -9.292625e-02 -3.026278e+00 1.482865e-01 3.749739e-02 9.882333e-01 1.070276e+02
8.892126e-01 3.354572e-01 3.110779e-01 2.088946e+00 -3.757610e-01 9.233993e-01 7.834183e-02 -3.043152e+00 -2.609688e-01 -1.865535e-01 9.471500e-01 1.079907e+02
9.056237e-01 -3.921077e-01 -1.615467e-01 2.046076e+00 3.892431e-01 9.197572e-01 -5.036389e-02 -3.060223e+00 1.683318e-01 -1.727019e-02 9.855791e-01 1.087920e+02
8.827399e-01 3.523349e-01 3.108544e-01 2.000689e+00 -3.831647e-01 9.227137e-01 4.224027e-02 -3.077552e+00 -2.719469e-01 -1.563956e-01 9.495185e-01 1.098138e+02
9.052152e-01 -3.504256e-01 -2.403900e-01 1.858275e+00 3.642776e-01 9.311805e-01 1.431068e-02 -3.092561e+00 2.188316e-01 -1.005229e-01 9.705709e-01 1.111763e+02
8.757443e-01 3.309341e-01 3.515032e-01 1.677264e+00 -3.533392e-01 9.354952e-01 -4.337724e-04 -3.105116e+00 -3.289731e-01 -1.238200e-01 9.361866e-01 1.125173e+02
9.137723e-01 -3.286059e-01 -2.388268e-01 1.545742e+00 3.462158e-01 9.375125e-01 3.471242e-02 -3.120171e+00 2.124964e-01 -1.144049e-01 9.704415e-01 1.137870e+02
8.610779e-01 3.192521e-01 3.957561e-01 1.432221e+00 -3.244885e-01 9.442483e-01 -5.569943e-02 -3.137192e+00 -3.914742e-01 -8.045677e-02 9.166650e-01 1.149909e+02
9.049788e-01 -2.754378e-01 -3.242644e-01 1.311976e+00 3.121856e-01 9.477074e-01 6.626370e-02 -3.150795e+00 2.890563e-01 -1.611979e-01 9.436428e-01 1.161551e+02
8.636791e-01 2.588723e-01 4.324852e-01 1.227393e+00 -2.470128e-01 9.653190e-01 -8.452214e-02 -3.167574e+00 -4.393666e-01 -3.382935e-02 8.976706e-01 1.172651e+02
9.180267e-01 -2.005070e-01 -3.420876e-01 1.185227e+00 2.535185e-01 9.601596e-01 1.175665e-01 -3.186783e+00 3.048857e-01 -1.946547e-01 9.322844e-01 1.184603e+02
8.699279e-01 1.940543e-01 4.533965e-01 1.097578e+00 -1.701806e-01 9.809825e-01 -9.333769e-02 -3.205846e+00 -4.628866e-01 4.037757e-03 8.864083e-01 1.197665e+02
9.375648e-01 -1.373100e-01 -3.195595e-01 1.023653e+00 1.915119e-01 9.707559e-01 1.447627e-01 -3.225748e+00 2.903368e-01 -1.969239e-01 9.364430e-01 1.209608e+02
8.727971e-01 1.412705e-01 4.671915e-01 9.638910e-01 -9.459545e-02 9.880077e-01 -1.220351e-01 -3.245641e+00 -4.788287e-01 6.231765e-02 8.756938e-01 1.220247e+02
9.597180e-01 -3.752274e-02 -2.784482e-01 1.101453e+00 8.510635e-02 9.833066e-01 1.608261e-01 -3.276603e+00 2.677653e-01 -1.780454e-01 9.468905e-01 1.229567e+02
8.690939e-01 5.471954e-02 4.916112e-01 1.264593e+00 -3.377067e-02 9.981073e-01 -5.139446e-02 -3.311233e+00 -4.934930e-01 2.806457e-02 8.692969e-01 1.241395e+02
8.589905e-01 1.666113e-01 -4.841240e-01 1.297463e+00 -4.515890e-02 9.665403e-01 2.525086e-01 -3.342091e+00 5.099961e-01 -1.950399e-01 8.377729e-01 1.261743e+02
8.889429e-01 -7.352937e-02 4.520774e-01 1.400440e+00 4.051500e-02 9.957841e-01 8.229533e-02 -3.383849e+00 -4.562226e-01 -5.483994e-02 8.881743e-01 1.287876e+02
9.021156e-01 1.527341e-01 -4.035589e-01 1.421112e+00 -9.960677e-02 9.837102e-01 1.496419e-01 -3.416845e+00 4.198405e-01 -9.479708e-02 9.026336e-01 1.306764e+02
8.716275e-01 -1.535546e-01 4.654959e-01 1.514966e+00 1.471809e-01 9.878315e-01 5.026711e-02 -3.443968e+00 -4.675502e-01 2.469789e-02 8.836214e-01 1.318211e+02
8.991494e-01 1.854199e-01 -3.964212e-01 1.577440e+00 -1.410004e-01 9.802478e-01 1.386832e-01 -3.466842e+00 4.143057e-01 -6.880137e-02 9.075336e-01 1.328014e+02
8.792579e-01 -2.008616e-01 4.319262e-01 1.610859e+00 1.900395e-01 9.793776e-01 6.858951e-02 -3.487087e+00 -4.367958e-01 2.177518e-02 8.992971e-01 1.338080e+02
8.920870e-01 2.801613e-01 -3.545284e-01 1.685718e+00 -2.449542e-01 9.591417e-01 1.415794e-01 -3.512180e+00 3.797080e-01 -3.945788e-02 9.242645e-01 1.350346e+02
9.035759e-01 -1.939213e-01 3.820278e-01 2.401906e+00 1.942160e-01 9.802145e-01 3.820537e-02 -3.539737e+00 -3.818780e-01 3.967447e-02 9.233608e-01 1.357766e+02
8.869520e-01 4.083703e-01 -2.157542e-01 2.744206e+00 -3.699042e-01 9.078107e-01 1.976123e-01 -3.568925e+00 2.765630e-01 -9.546426e-02 9.562424e-01 1.370146e+02
8.947224e-01 -3.293057e-01 3.017110e-01 2.930953e+00 3.370679e-01 9.410764e-01 2.757500e-02 -3.592228e+00 -2.930137e-01 7.702511e-02 9.530006e-01 1.381656e+02
8.428826e-01 4.747141e-01 -2.533681e-01 3.141492e+00 -4.269319e-01 8.765843e-01 2.221016e-01 -3.617703e+00 3.275332e-01 -7.903465e-02 9.415283e-01 1.397275e+02
9.111789e-01 -3.607725e-01 1.989881e-01 3.545500e+00 3.487140e-01 9.325137e-01 9.389725e-02 -3.648654e+00 -2.194347e-01 -1.616724e-02 9.754932e-01 1.413560e+02
8.747173e-01 4.285680e-01 -2.262720e-01 3.945221e+00 -3.962515e-01 9.012680e-01 1.752163e-01 -3.675021e+00 2.790239e-01 -6.360414e-02 9.581755e-01 1.427108e+02
9.113190e-01 -3.706309e-01 1.792494e-01 4.374157e+00 3.628106e-01 9.287713e-01 7.584468e-02 -3.701950e+00 -1.945921e-01 -4.085111e-03 9.808757e-01 1.439764e+02
8.777366e-01 4.537531e-01 -1.539042e-01 4.763171e+00 -4.302391e-01 8.877576e-01 1.636482e-01 -3.728268e+00 2.108856e-01 -7.742442e-02 9.744397e-01 1.452120e+02
8.978937e-01 -4.152355e-01 1.461725e-01 5.057197e+00 4.173454e-01 9.085814e-01 1.740036e-02 -3.751982e+00 -1.400349e-01 4.538075e-02 9.891061e-01 1.463488e+02
9.033944e-01 4.164936e-01 -1.020376e-01 5.315432e+00 -4.034965e-01 9.061945e-01 1.264998e-01 -3.772701e+00 1.451522e-01 -7.310738e-02 9.867047e-01 1.469593e+02
8.743014e-01 -4.143995e-01 2.527252e-01 5.602623e+00 4.409363e-01 8.957498e-01 -5.663425e-02 -3.799151e+00 -2.029093e-01 1.609511e-01 9.658792e-01 1.476865e+02
8.671084e-01 4.872637e-01 -1.034264e-01 5.657241e+00 -4.615050e-01 8.639974e-01 2.013000e-01 -3.818651e+00 1.874463e-01 -1.268171e-01 9.740541e-01 1.486270e+02
7.572400e-01 -5.231477e-01 3.910295e-01 5.697267e+00 5.556269e-01 8.306796e-01 3.535590e-02 -3.838278e+00 -3.433166e-01 1.904936e-01 9.196988e-01 1.488658e+02
8.660087e-01 4.775746e-01 1.481602e-01 5.777118e+00 -4.483501e-01 8.728218e-01 -1.927805e-01 -3.867217e+00 -2.213845e-01 1.005220e-01 9.699919e-01 1.486732e+02
8.426694e-01 -5.148034e-01 1.577519e-01 5.861941e+00 4.677078e-01 8.450151e-01 2.592273e-01 -3.893279e+00 -2.667539e-01 -1.446611e-01 9.528460e-01 1.486690e+02
8.651786e-01 4.568555e-01 -2.067583e-01 6.268622e+00 -4.933899e-01 8.492144e-01 -1.881526e-01 -3.919203e+00 8.962361e-02 2.647980e-01 9.601300e-01 1.491977e+02
8.583299e-01 -5.078787e-01 7.300000e-02 6.528085e+00 4.514845e-01 8.151747e-01 3.628386e-01 -3.941442e+00 -2.437858e-01 -2.784769e-01 9.289882e-01 1.496721e+02
9.001193e-01 4.196669e-01 -1.168970e-01 6.623054e+00 -4.343449e-01 8.438216e-01 -3.151342e-01 -3.962676e+00 -3.361125e-02 3.344320e-01 9.418203e-01 1.499821e+02
8.962066e-01 -4.286535e-01 1.143238e-01 6.840898e+00 3.562058e-01 8.488895e-01 3.905177e-01 -3.990249e+00 -2.644451e-01 -3.092617e-01 9.134692e-01 1.504094e+02
8.945999e-01 4.250716e-01 -1.378596e-01 7.038624e+00 -4.466279e-01 8.606209e-01 -2.446532e-01 -4.018762e+00 1.464975e-02 2.804387e-01 9.597601e-01 1.516333e+02
8.846501e-01 -4.662261e-01 -5.226459e-03 7.102894e+00 4.182638e-01 7.885900e-01 4.507564e-01 -4.040499e+00 -2.060329e-01 -4.009477e-01 8.926317e-01 1.525893e+02
9.219337e-01 3.871425e-01 1.260957e-02 7.079261e+00 -3.338996e-01 8.108001e-01 -4.807434e-01 -4.057537e+00 -1.963401e-01 4.390032e-01 8.767706e-01 1.528742e+02
9.340070e-01 -3.513693e-01 -6.457895e-02 7.093282e+00 3.319029e-01 7.865526e-01 5.207451e-01 -4.075156e+00 -1.321791e-01 -5.078135e-01 8.512662e-01 1.530753e+02
9.040337e-01 2.296524e-01 3.605314e-01 7.145160e+00 5.210908e-02 7.779272e-01 -6.261901e-01 -4.100181e+00 -4.242732e-01 5.848839e-01 6.913054e-01 1.530331e+02
9.999274e-01 -1.045991e-03 1.200337e-02 7.268326e+00 -5.777826e-03 8.325843e-01 5.538683e-01 -4.126695e+00 -1.057315e-02 -5.538974e-01 8.325178e-01 1.529102e+02
9.996819e-01 1.447555e-03 2.517767e-02 7.470685e+00 1.099272e-02 8.735067e-01 -4.866880e-01 -4.153221e+00 -2.269737e-02 4.868100e-01 8.732130e-01 1.537640e+02
9.998922e-01 1.462499e-02 -1.323709e-03 7.611441e+00 -1.130316e-02 8.240480e-01 5.664072e-01 -4.175415e+00 9.374502e-03 -5.663312e-01 8.241244e-01 1.544975e+02
9.955259e-01 -6.533479e-02 6.826078e-02 7.839208e+00 9.160449e-02 8.444836e-01 -5.276893e-01 -4.200777e+00 -2.316864e-02 5.315814e-01 8.466903e-01 1.549730e+02
9.936159e-01 1.117022e-01 -1.581372e-02 8.169647e+00 -8.075762e-02 8.021206e-01 5.916762e-01 -4.235784e+00 7.877606e-02 -5.866218e-01 8.060206e-01 1.561046e+02
9.969328e-01 -4.931492e-02 6.077022e-02 8.562698e+00 7.435619e-02 8.390856e-01 -5.388937e-01 -4.270567e+00 -2.441592e-02 5.417595e-01 8.401789e-01 1.573616e+02
9.959957e-01 8.871472e-02 1.105465e-02 8.807173e+00 -7.947469e-02 8.219872e-01 5.639333e-01 -4.297619e+00 4.094241e-02 -5.625537e-01 8.257464e-01 1.582698e+02
9.780722e-01 -1.084067e-01 1.778278e-01 8.971837e+00 1.902621e-01 8.123729e-01 -5.512264e-01 -4.322796e+00 -8.470589e-02 5.729731e-01 8.151851e-01 1.588628e+02
9.841030e-01 1.718268e-01 -4.490875e-02 9.022111e+00 -9.956089e-02 7.431507e-01 6.616757e-01 -4.341636e+00 1.470676e-01 -6.466859e-01 7.484441e-01 1.595413e+02
9.682063e-01 -1.309056e-01 2.131673e-01 9.137525e+00 2.353383e-01 7.655578e-01 -5.987797e-01 -4.373803e+00 -8.480829e-02 6.299087e-01 7.720250e-01 1.605742e+02
9.738656e-01 2.226918e-01 -4.465656e-02 9.312042e+00 -1.293513e-01 7.054202e-01 6.968864e-01 -4.395464e+00 1.866925e-01 -6.728973e-01 7.157899e-01 1.613615e+02
9.824665e-01 -1.324624e-01 1.311990e-01 9.614903e+00 1.849434e-01 7.813857e-01 -5.960137e-01 -4.427131e+00 -2.356766e-02 6.098279e-01 7.921834e-01 1.622707e+02
9.688803e-01 2.253845e-01 1.023366e-01 9.816908e+00 -2.353762e-01 7.109294e-01 6.627046e-01 -4.461924e+00 7.660925e-02 -6.661691e-01 7.418557e-01 1.636639e+02
9.616661e-01 -2.741428e-01 -6.640453e-03 1.026738e+01 2.289331e-01 8.159342e-01 -5.308871e-01 -4.497600e+00 1.509570e-01 5.090159e-01 8.474166e-01 1.648239e+02
9.488956e-01 2.144161e-01 2.315659e-01 1.051515e+01 -3.124534e-01 7.414784e-01 5.937866e-01 -4.530441e+00 -4.438373e-02 -6.357951e-01 7.705807e-01 1.658833e+02
9.423099e-01 -3.340118e-01 2.209570e-02 1.041279e+01 2.874377e-01 7.735529e-01 -5.647968e-01 -4.556982e+00 1.715566e-01 5.385648e-01 8.249341e-01 1.671790e+02
9.352293e-01 2.583934e-01 2.420310e-01 1.038390e+01 -3.536653e-01 7.133913e-01 6.049742e-01 -4.589915e+00 -1.634145e-02 -6.513875e-01 7.585692e-01 1.686970e+02
9.371772e-01 -3.456748e-01 -4.698771e-02 1.045872e+01 2.615047e-01 7.852665e-01 -5.612235e-01 -4.627570e+00 2.308987e-01 5.136783e-01 8.263295e-01 1.703532e+02
9.190805e-01 2.666427e-01 2.901598e-01 1.059382e+01 -3.921350e-01 6.917072e-01 6.064415e-01 -4.670447e+00 -3.900238e-02 -6.711504e-01 7.402945e-01 1.723284e+02
9.243461e-01 -3.492221e-01 -1.537145e-01 1.080565e+01 2.060392e-01 7.959244e-01 -5.692558e-01 -4.708768e+00 3.211419e-01 4.945182e-01 8.076631e-01 1.740846e+02
9.024612e-01 1.946745e-01 3.842728e-01 1.086313e+01 -3.942076e-01 7.328838e-01 5.545104e-01 -4.744360e+00 -1.736783e-01 -6.519073e-01 7.381413e-01 1.756191e+02
9.071130e-01 -3.727692e-01 -1.954203e-01 1.079385e+01 2.067741e-01 7.991099e-01 -5.645066e-01 -4.770927e+00 3.665930e-01 4.716635e-01 8.019621e-01 1.771941e+02
8.744214e-01 1.715142e-01 4.538393e-01 1.080190e+01 -4.122148e-01 7.559594e-01 5.085316e-01 -4.792255e+00 -2.558637e-01 -6.317502e-01 7.317277e-01 1.781037e+02
8.988976e-01 -3.722379e-01 -2.311320e-01 1.088632e+01 1.975444e-01 8.151493e-01 -5.445254e-01 -4.813890e+00 3.911000e-01 4.438137e-01 8.062693e-01 1.789910e+02
8.557434e-01 1.846947e-01 4.833126e-01 1.096686e+01 -4.291250e-01 7.752224e-01 4.635537e-01 -4.835865e+00 -2.890588e-01 -6.040846e-01 7.426485e-01 1.798102e+02
8.919577e-01 -3.785130e-01 -2.472637e-01 1.110198e+01 2.080377e-01 8.291701e-01 -5.188423e-01 -4.862868e+00 4.014122e-01 4.113452e-01 8.183296e-01 1.808163e+02
8.477831e-01 2.249778e-01 4.802591e-01 1.125952e+01 -4.661747e-01 7.479076e-01 4.725625e-01 -4.890382e+00 -2.528733e-01 -6.245151e-01 7.389424e-01 1.821128e+02
8.839688e-01 -4.205624e-01 -2.042704e-01 1.132292e+01 2.619247e-01 8.073515e-01 -5.287524e-01 -4.914484e+00 3.872913e-01 4.138972e-01 8.238292e-01 1.832599e+02
8.359427e-01 2.493570e-01 4.888976e-01 1.136043e+01 -4.864154e-01 7.491806e-01 4.495870e-01 -4.937535e+00 -2.541649e-01 -6.136364e-01 7.475631e-01 1.843656e+02
8.802794e-01 -4.081326e-01 -2.419422e-01 1.146249e+01 2.357302e-01 8.187665e-01 -5.235004e-01 -4.962272e+00 4.117518e-01 4.037935e-01 8.169524e-01 1.855250e+02
8.213575e-01 2.532675e-01 5.111041e-01 1.156482e+01 -4.950041e-01 7.617248e-01 4.180266e-01 -4.987163e+00 -2.834481e-01 -5.963479e-01 7.510168e-01 1.866716e+02
8.353751e-01 -5.003420e-01 -2.276102e-01 1.164114e+01 3.404115e-01 7.960218e-01 -5.004691e-01 -5.010598e+00 4.315884e-01 3.405983e-01 8.352989e-01 1.873306e+02
7.844032e-01 3.292745e-01 5.256329e-01 1.180037e+01 -5.501410e-01 7.607330e-01 3.444273e-01 -5.039721e+00 -2.864552e-01 -5.593421e-01 7.778688e-01 1.882082e+02
8.098854e-01 -5.468975e-01 -2.121056e-01 1.181129e+01 4.189387e-01 7.923738e-01 -4.434346e-01 -5.060525e+00 4.105801e-01 2.702719e-01 8.708485e-01 1.888714e+02
7.603108e-01 4.036411e-01 5.089218e-01 1.192746e+01 -5.843509e-01 7.671755e-01 2.645293e-01 -5.084464e+00 -2.836574e-01 -4.985134e-01 8.191598e-01 1.897436e+02
7.780383e-01 -5.538355e-01 -2.965174e-01 1.197419e+01 4.350936e-01 8.155263e-01 -3.815894e-01 -5.105340e+00 4.531555e-01 1.678783e-01 8.754810e-01 1.906784e+02
7.488842e-01 3.560802e-01 5.589091e-01 1.193195e+01 -5.437425e-01 8.122792e-01 2.110606e-01 -5.122629e+00 -3.788357e-01 -4.619626e-01 8.019190e-01 1.914439e+02
7.854659e-01 -5.312017e-01 -3.175974e-01 1.197422e+01 4.102656e-01 8.311053e-01 -3.754278e-01 -5.144230e+00 4.633848e-01 1.645864e-01 8.707387e-01 1.921193e+02
7.393737e-01 3.428438e-01 5.794693e-01 1.201876e+01 -5.205957e-01 8.368887e-01 1.691075e-01 -5.165939e+00 -4.269739e-01 -4.267029e-01 7.972565e-01 1.928881e+02
7.793153e-01 -4.843430e-01 -3.975923e-01 1.204402e+01 3.782958e-01 8.694656e-01 -3.176819e-01 -5.187651e+00 4.995598e-01 9.716686e-02 8.608128e-01 1.937209e+02
7.223670e-01 3.298356e-01 6.077782e-01 1.205129e+01 -4.794656e-01 8.722379e-01 9.650733e-02 -5.207733e+00 -4.982957e-01 -3.611225e-01 7.882208e-01 1.944005e+02
7.665407e-01 -4.322080e-01 -4.749859e-01 1.208253e+01 3.431833e-01 9.008503e-01 -2.658832e-01 -5.228370e+00 5.428081e-01 4.080304e-02 8.388650e-01 1.952821e+02
7.074715e-01 2.712685e-01 6.526082e-01 1.207988e+01 -4.100612e-01 9.096358e-01 6.642748e-02 -5.248881e+00 -5.756161e-01 -3.146049e-01 7.547780e-01 1.960316e+02
7.449259e-01 -3.188956e-01 -5.859958e-01 1.219817e+01 2.374494e-01 9.475760e-01 -2.138166e-01 -5.271890e+00 6.234607e-01 2.013320e-02 7.815954e-01 1.971766e+02
6.966926e-01 2.202491e-01 6.827223e-01 1.233925e+01 -3.563357e-01 9.322396e-01 6.288277e-02 -5.297015e+00 -6.226109e-01 -2.870883e-01 7.279670e-01 1.982372e+02
7.396471e-01 -3.481774e-01 -5.759295e-01 1.246763e+01 2.666375e-01 9.373481e-01 -2.242387e-01 -5.321547e+00 6.179212e-01 1.229310e-02 7.861439e-01 1.989161e+02
7.034292e-01 2.519518e-01 6.646109e-01 1.258738e+01 -3.987360e-01 9.139484e-01 7.555044e-02 -5.345370e+00 -5.883850e-01 -3.181487e-01 7.433603e-01 1.999768e+02
