9.999713e-01 -4.080480e-04 -7.568897e-03 -3.745570e-02 3.985748e-04 9.999991e-01 -1.253050e-03 -9.295423e-03 7.569401e-03 1.249996e-03 9.999706e-01 4.017400e-01
9.999980e-01 -2.144591e-04 -1.980007e-03 -9.973428e-02 2.138732e-04 9.999999e-01 -2.961220e-04 -1.912262e-02 1.980070e-03 2.956987e-04 9.999980e-01 8.724703e-01
9.999824e-01 -3.749134e-04 -5.925765e-03 -1.182966e-01 3.687435e-04 9.999994e-01 -1.042251e-03 -3.027067e-02 5.926152e-03 1.040047e-03 9.999819e-01 1.248383e+00
9.999971e-01 -3.495555e-04 -2.400181e-03 -2.286033e-01 3.472497e-04 9.999995e-01 -9.610044e-04 -3.929383e-02 2.400516e-03 9.601688e-04 9.999967e-01 1.898356e+00
9.999818e-01 -1.843790e-04 -6.032467e-03 -3.020091e-01 1.802807e-04 9.999998e-01 -6.799027e-04 -4.871337e-02 6.032590e-03 6.788020e-04 9.999816e-01 2.402075e+00
9.999988e-01 -4.464064e-04 -1.510147e-03 -3.618738e-01 4.446331e-04 9.999992e-01 -1.174438e-03 -5.954244e-02 1.510670e-03 1.173766e-03 9.999982e-01 2.930518e+00
9.999710e-01 -3.041255e-04 -7.608200e-03 -4.203688e-01 2.991096e-04 9.999997e-01 -6.603916e-04 -7.143686e-02 7.608399e-03 6.580961e-04 9.999708e-01 3.494263e+00
9.999998e-01 -4.226990e-04 -4.097973e-04 -5.276446e-01 4.220231e-04 9.999986e-01 -1.648252e-03 -8.155921e-02 4.104938e-04 1.648080e-03 9.999986e-01 4.220942e+00
9.999465e-01 -8.162552e-04 -1.031573e-02 -6.865078e-01 8.032095e-04 9.999989e-01 -1.268713e-03 -9.283738e-02 1.031676e-02 1.260359e-03 9.999460e-01 5.198284e+00
9.999989e-01 -3.479320e-04 -1.465783e-03 -7.980386e-01 3.460575e-04 9.999991e-01 -1.278896e-03 -1.040744e-01 1.466227e-03 1.278388e-03 9.999981e-01 5.985707e+00
9.999798e-01 -5.182318e-05 -6.348762e-03 -8.500379e-01 5.071817e-05 1.000000e+00 -1.742024e-04 -1.130971e-01 6.348771e-03 1.738762e-04 9.999798e-01 6.387056e+00
9.999986e-01 -4.529210e-04 -1.593805e-03 -8.890997e-01 4.508362e-04 9.999990e-01 -1.308259e-03 -1.228930e-01 1.594396e-03 1.307539e-03 9.999979e-01 6.792389e+00
9.999782e-01 -6.005212e-05 -6.603052e-03 -9.600376e-01 5.644913e-05 9.999998e-01 -5.458294e-04 -1.326381e-01 6.603083e-03 5.454441e-04 9.999781e-01 7.326331e+00
9.999989e-01 -4.730283e-04 -1.398600e-03 -1.029656e+00 4.713087e-04 9.999991e-01 -1.229649e-03 -1.422772e-01 1.399181e-03 1.228989e-03 9.999983e-01 7.846669e+00
9.999759e-01 -2.518519e-04 -6.933263e-03 -1.147991e+00 2.449952e-04 9.999995e-01 -9.897847e-04 -1.515505e-01 6.933509e-03 9.880616e-04 9.999755e-01 8.562157e+00
9.999990e-01 -3.813018e-04 -1.382249e-03 -1.310776e+00 3.794666e-04 9.999990e-01 -1.327766e-03 -1.585857e-01 1.382754e-03 1.327241e-03 9.999982e-01 9.368081e+00
9.999698e-01 -3.367974e-04 -7.762300e-03 -1.445982e+00 3.314680e-04 9.999997e-01 -6.878371e-04 -1.669925e-01 7.762529e-03 6.852427e-04 9.999696e-01 1.007834e+01
1.000000e+00 -1.446073e-04 -1.826915e-04 -1.510228e+00 1.443961e-04 9.999993e-01 -1.155931e-03 -1.767232e-01 1.828589e-04 1.155906e-03 9.999993e-01 1.059172e+01
9.999677e-01 -3.864184e-04 -8.027954e-03 -1.581784e+00 3.828591e-04 9.999998e-01 -4.448774e-04 -1.861040e-01 8.028124e-03 4.417887e-04 9.999677e-01 1.109038e+01
9.999998e-01 -1.980023e-04 -6.385419e-04 -1.641870e+00 1.972285e-04 9.999992e-01 -1.211705e-03 -1.960792e-01 6.387816e-04 1.211579e-03 9.999991e-01 1.155833e+01
9.999691e-01 -3.377856e-04 -7.847829e-03 -1.621563e+00 3.378289e-04 9.999999e-01 4.199915e-06 -2.055082e-01 7.847827e-03 -6.851713e-06 9.999692e-01 1.177637e+01
9.999980e-01 -2.734500e-04 1.963457e-03 -1.593396e+00 2.764294e-04 9.999988e-01 -1.517271e-03 -2.132720e-01 -1.963039e-03 1.517811e-03 9.999969e-01 1.195846e+01
9.999474e-01 -2.391167e-04 -1.024953e-02 -1.578280e+00 2.412578e-04 9.999999e-01 2.076700e-04 -2.235757e-01 1.024948e-02 -2.101326e-04 9.999475e-01 1.221634e+01
9.999987e-01 -2.945231e-04 1.574250e-03 -1.600275e+00 2.976848e-04 9.999979e-01 -2.008456e-03 -2.350170e-01 -1.573654e-03 2.008923e-03 9.999967e-01 1.265996e+01
9.999485e-01 -2.257448e-04 -1.014574e-02 -1.620570e+00 2.256632e-04 1.000000e+00 -9.178937e-06 -2.465282e-01 1.014574e-02 6.888242e-06 9.999485e-01 1.309833e+01
9.999988e-01 -5.835523e-04 1.444840e-03 -1.595746e+00 5.870593e-04 9.999969e-01 -2.427951e-03 -2.598484e-01 -1.443419e-03 2.428797e-03 9.999960e-01 1.352802e+01
9.999510e-01 -1.790125e-04 -9.895673e-03 -1.563774e+00 1.822907e-04 9.999999e-01 3.303883e-04 -2.726365e-01 9.895613e-03 -3.321767e-04 9.999510e-01 1.389598e+01
9.999997e-01 -1.292741e-04 8.055318e-04 -1.544679e+00 1.311126e-04 9.999974e-01 -2.282522e-03 -2.833292e-01 -8.052343e-04 2.282628e-03 9.999971e-01 1.417915e+01
9.999488e-01 -2.630664e-04 -1.012060e-02 -1.492420e+00 2.727519e-04 9.999995e-01 9.556502e-04 -2.905050e-01 1.012034e-02 -9.583624e-04 9.999483e-01 1.429420e+01
9.999960e-01 -2.573932e-04 2.803525e-03 -1.449301e+00 2.637371e-04 9.999974e-01 -2.262668e-03 -2.974424e-01 -2.802935e-03 2.263399e-03 9.999935e-01 1.438720e+01
9.999472e-01 4.689993e-06 -1.027795e-02 -1.418626e+00 7.083397e-06 9.999993e-01 1.145475e-03 -3.048238e-01 1.027795e-02 -1.145488e-03 9.999465e-01 1.449432e+01
9.999954e-01 6.998675e-04 2.937864e-03 -1.323232e+00 -6.939492e-04 9.999977e-01 -2.014954e-03 -3.098263e-01 -2.939267e-03 2.012907e-03 9.999937e-01 1.444380e+01
9.999854e-01 1.517781e-03 -5.184189e-03 -9.779752e-01 -1.514725e-03 9.999987e-01 5.933162e-04 -3.091677e-01 5.185082e-03 -5.854556e-04 9.999864e-01 1.409180e+01
9.999815e-01 2.966228e-04 6.074507e-03 -6.393194e-01 -2.804206e-04 9.999964e-01 -2.667894e-03 -3.050913e-01 -6.075276e-03 2.666142e-03 9.999780e-01 1.371609e+01
9.999787e-01 1.514476e-03 -6.349919e-03 -3.112374e-01 -1.509145e-03 9.999985e-01 8.442548e-04 -3.024801e-01 6.351187e-03 -8.346546e-04 9.999795e-01 1.336199e+01
9.999908e-01 -2.489149e-03 3.504806e-03 -2.577122e-01 2.493151e-03 9.999962e-01 -1.137826e-03 -3.083060e-01 -3.501961e-03 1.146554e-03 9.999932e-01 1.342511e+01
9.999783e-01 3.677147e-03 -5.461862e-03 -4.814364e-02 -3.678470e-03 9.999932e-01 -2.320230e-04 -3.080147e-01 5.460972e-03 2.521086e-04 9.999851e-01 1.318876e+01
9.999861e-01 -3.400248e-03 4.030767e-03 1.172309e-01 3.403260e-03 9.999939e-01 -7.405376e-04 -3.084141e-01 -4.028224e-03 7.542457e-04 9.999916e-01 1.301311e+01
9.999514e-01 2.904580e-03 -9.421518e-03 2.085840e-01 -2.903775e-03 9.999958e-01 9.916396e-05 -3.138571e-01 9.421766e-03 -7.180187e-05 9.999556e-01 1.301955e+01
9.999954e-01 -2.769651e-03 1.266674e-03 2.674971e-01 2.771138e-03 9.999955e-01 -1.173624e-03 -3.206820e-01 -1.263417e-03 1.177129e-03 9.999985e-01 1.305959e+01
9.999777e-01 4.234263e-03 -5.154718e-03 4.956506e-01 -4.235233e-03 9.999910e-01 -1.772071e-04 -3.216734e-01 5.153921e-03 1.990339e-04 9.999867e-01 1.283741e+01
9.999892e-01 -2.479077e-03 3.924459e-03 7.920131e-01 2.485151e-03 9.999957e-01 -1.543389e-03 -3.194260e-01 -3.920616e-03 1.553125e-03 9.999911e-01 1.252155e+01
9.999697e-01 3.732345e-03 -6.827382e-03 1.010613e+00 -3.731449e-03 9.999930e-01 1.438816e-04 -3.192229e-01 6.827871e-03 -1.184019e-04 9.999767e-01 1.229428e+01
9.999900e-01 -3.462911e-03 2.825762e-03 1.162328e+00 3.465805e-03 9.999935e-01 -1.020014e-03 -3.211167e-01 -2.822211e-03 1.029798e-03 9.999955e-01 1.217273e+01
9.999728e-01 4.011713e-03 -6.181433e-03 1.332793e+00 -4.011690e-03 9.999920e-01 1.606514e-05 -3.219566e-01 6.181447e-03 8.732598e-06 9.999809e-01 1.201193e+01
9.999957e-01 -2.820671e-03 8.039485e-04 1.505927e+00 2.821662e-03 9.999953e-01 -1.233611e-03 -3.243326e-01 -8.004647e-04 1.235875e-03 9.999989e-01 1.184953e+01
9.999876e-01 4.736032e-03 -1.563237e-03 1.806336e+00 -4.737161e-03 9.999885e-01 -7.187884e-04 -3.207346e-01 1.559814e-03 7.261841e-04 9.999985e-01 1.150376e+01
9.999929e-01 -2.891452e-03 2.410620e-03 2.121605e+00 2.894362e-03 9.999951e-01 -1.204386e-03 -3.157153e-01 -2.407125e-03 1.211356e-03 9.999964e-01 1.112939e+01
9.999855e-01 4.570336e-03 -2.851577e-03 2.376467e+00 -4.571553e-03 9.999895e-01 -4.204277e-04 -3.128189e-01 2.849625e-03 4.334570e-04 9.999958e-01 1.082112e+01
9.999911e-01 -3.691872e-03 -2.057167e-03 2.523481e+00 3.689813e-03 9.999927e-01 -1.003772e-03 -3.138453e-01 2.060858e-03 9.961730e-04 9.999974e-01 1.064844e+01
9.999788e-01 5.764627e-03 3.035212e-03 2.919201e+00 -5.762030e-03 9.999830e-01 -8.638559e-04 -3.084644e-01 -3.040140e-03 8.463479e-04 9.999950e-01 1.021568e+01
9.999940e-01 -2.756345e-03 -2.094599e-03 3.367145e+00 2.753309e-03 9.999952e-01 -1.450974e-03 -3.033843e-01 2.098589e-03 1.445199e-03 9.999968e-01 9.723510e+00
9.999796e-01 5.091342e-03 3.860698e-03 3.744970e+00 -5.089041e-03 9.999869e-01 -6.054647e-04 -2.970627e-01 -3.863730e-03 5.858044e-04 9.999924e-01 9.269230e+00
9.999962e-01 -2.693428e-03 -6.574239e-04 4.187329e+00 2.692295e-03 9.999949e-01 -1.718253e-03 -2.894234e-01 6.620489e-04 1.716477e-03 9.999983e-01 8.767279e+00
9.999762e-01 6.238437e-03 2.932104e-03 4.739027e+00 -6.235698e-03 9.999801e-01 -9.425740e-04 -2.822973e-01 -2.937926e-03 9.242672e-04 9.999953e-01 8.182854e+00
9.999902e-01 -4.422546e-03 1.254346e-04 5.172874e+00 4.422715e-03 9.999893e-01 -1.380391e-03 -2.751761e-01 -1.193281e-04 1.380933e-03 9.999990e-01 7.696815e+00
9.999750e-01 6.972492e-03 1.152778e-03 5.624376e+00 -6.971667e-03 9.999754e-01 -7.178350e-04 -2.693102e-01 -1.157755e-03 7.097795e-04 9.999991e-01 7.199655e+00
9.999911e-01 -3.671461e-03 2.097282e-03 6.167582e+00 3.675651e-03 9.999912e-01 -1.997548e-03 -2.616302e-01 -2.089930e-03 2.005240e-03 9.999958e-01 6.619386e+00
9.999848e-01 5.279974e-03 1.595891e-03 6.566323e+00 -5.279525e-03 9.999860e-01 -2.854685e-04 -2.547870e-01 -1.597376e-03 2.770379e-04 9.999987e-01 6.164608e+00
9.999975e-01 -1.874875e-03 -1.187081e-03 7.076433e+00 1.872518e-03 9.999963e-01 -1.983507e-03 -2.513072e-01 1.190796e-03 1.981280e-03 9.999973e-01 5.640242e+00
9.999804e-01 5.019107e-03 3.745343e-03 7.577316e+00 -5.016985e-03 9.999872e-01 -5.756913e-04 -2.438486e-01 -3.748185e-03 5.568890e-04 9.999928e-01 5.083417e+00
9.999963e-01 -2.268917e-03 -1.498311e-03 8.001053e+00 2.266176e-03 9.999958e-01 -1.828761e-03 -2.367884e-01 1.502454e-03 1.825359e-03 9.999972e-01 4.594978e+00
9.999755e-01 5.372996e-03 4.483442e-03 8.525570e+00 -5.370594e-03 9.999854e-01 -5.477300e-04 -2.301654e-01 -4.486320e-03 5.236371e-04 9.999898e-01 4.035397e+00
9.999981e-01 -1.926854e-03 3.716997e-04 9.120902e+00 1.927636e-03 9.999959e-01 -2.113848e-03 -2.212434e-01 -3.676248e-04 2.114561e-03 9.999977e-01 3.410586e+00
9.999964e-01 2.688433e-03 -1.317545e-04 9.457769e+00 -2.688376e-03 9.999963e-01 4.303849e-04 -2.186506e-01 1.329107e-04 -4.300298e-04 9.999999e-01 3.106263e+00
9.999781e-01 -2.987915e-03 -5.897207e-03 9.601691e+00 2.974996e-03 9.999932e-01 -2.198314e-03 -2.230746e-01 5.903735e-03 2.180722e-03 9.999802e-01 3.049717e+00
9.999772e-01 4.854866e-03 4.702071e-03 9.916048e+00 -4.857389e-03 9.999881e-01 5.253556e-04 -2.224744e-01 -4.699465e-03 -5.481841e-04 9.999888e-01 2.727849e+00
9.999840e-01 -2.504609e-03 -5.079877e-03 1.029188e+01 2.491395e-03 9.999935e-01 -2.606080e-03 -2.200062e-01 5.086372e-03 2.593383e-03 9.999837e-01 2.338751e+00
9.999750e-01 5.206734e-03 4.784487e-03 1.074762e+01 -5.210054e-03 9.999862e-01 6.817230e-04 -2.160137e-01 -4.780872e-03 -7.066341e-04 9.999883e-01 1.864889e+00
9.999976e-01 -2.148121e-03 -4.563792e-04 1.129742e+01 2.146575e-03 9.999920e-01 -3.360782e-03 -2.071011e-01 4.635952e-04 3.359795e-03 9.999942e-01 1.266606e+00
9.999957e-01 2.862793e-03 -6.435234e-04 1.156962e+01 -2.861540e-03 9.999940e-01 1.940182e-03 -2.052761e-01 6.490736e-04 -1.938333e-03 9.999979e-01 1.010481e+00
9.999882e-01 -2.136885e-03 -4.359034e-03 1.175170e+01 2.121697e-03 9.999917e-01 -3.486007e-03 -2.075207e-01 4.366447e-03 3.476718e-03 9.999844e-01 8.626448e-01
9.999914e-01 3.828358e-03 1.624463e-03 1.200169e+01 -3.831253e-03 9.999911e-01 1.782497e-03 -2.073657e-01 -1.617624e-03 -1.788706e-03 9.999971e-01 5.948979e-01
9.999988e-01 -1.131694e-03 -1.088527e-03 1.245584e+01 1.127436e-03 9.999917e-01 -3.904203e-03 -2.032783e-01 1.092937e-03 3.902972e-03 9.999918e-01 1.211139e-01
9.999871e-01 4.292651e-03 2.708377e-03 1.285642e+01 -4.295211e-03 9.999903e-01 9.400277e-04 -1.956345e-01 -2.704315e-03 -9.516493e-04 9.999959e-01 -3.438045e-01
9.999900e-01 -3.568729e-03 -2.682900e-03 1.315036e+01 3.562960e-03 9.999913e-01 -2.152211e-03 -1.916881e-01 2.690558e-03 2.142632e-03 9.999941e-01 -6.513125e-01
9.999852e-01 5.337974e-03 1.025771e-03 1.343684e+01 -5.338483e-03 9.999856e-01 4.948273e-04 -1.910805e-01 -1.023115e-03 -5.002968e-04 9.999994e-01 -9.540139e-01
9.999913e-01 -3.810186e-03 1.669184e-03 1.381370e+01 3.814259e-03 9.999897e-01 -2.443929e-03 -1.857183e-01 -1.659855e-03 2.450275e-03 9.999956e-01 -1.357213e+00
9.999729e-01 7.082782e-03 -2.031490e-03 1.427120e+01 -7.082287e-03 9.999749e-01 2.511032e-04 -1.828506e-01 2.033217e-03 -2.367095e-04 9.999979e-01 -1.831014e+00
9.999711e-01 -3.939723e-03 6.504769e-03 1.482287e+01 3.958024e-03 9.999882e-01 -2.803070e-03 -1.748376e-01 -6.493649e-03 2.828736e-03 9.999749e-01 -2.429101e+00
9.999818e-01 4.735898e-03 -3.733700e-03 1.513149e+01 -4.732728e-03 9.999884e-01 8.574550e-04 -1.701030e-01 3.737717e-03 -8.397696e-04 9.999927e-01 -2.772496e+00
9.999939e-01 -3.492443e-03 -1.476464e-04 1.532182e+01 3.492107e-03 9.999914e-01 -2.217319e-03 -1.725011e-01 1.553893e-04 2.216790e-03 9.999975e-01 -2.943685e+00
9.999847e-01 4.143402e-03 -3.666658e-03 1.547563e+01 -4.139486e-03 9.999909e-01 1.074939e-03 -1.752813e-01 3.671079e-03 -1.059745e-03 9.999927e-01 -3.083347e+00
9.999958e-01 -2.879488e-03 2.952131e-04 1.568149e+01 2.880202e-03 9.999929e-01 -2.444586e-03 -1.770447e-01 -2.881716e-04 2.445426e-03 9.999970e-01 -3.288615e+00
9.999845e-01 5.417736e-03 -1.314610e-03 1.606478e+01 -5.417021e-03 9.999852e-01 5.468957e-04 -1.751792e-01 1.317553e-03 -5.397666e-04 9.999990e-01 -3.682927e+00
9.999883e-01 -2.330436e-03 4.242768e-03 1.659600e+01 2.342966e-03 9.999929e-01 -2.950701e-03 -1.682579e-01 -4.235862e-03 2.960608e-03 9.999866e-01 -4.229343e+00
9.999835e-01 4.789155e-03 -3.157241e-03 1.700293e+01 -4.786659e-03 9.999882e-01 7.976719e-04 -1.636824e-01 3.161024e-03 -7.825469e-04 9.999947e-01 -4.662462e+00
9.999906e-01 -3.244684e-03 2.860019e-03 1.729542e+01 3.252052e-03 9.999914e-01 -2.575321e-03 -1.615000e-01 -2.851638e-03 2.584599e-03 9.999926e-01 -4.981155e+00
9.999839e-01 4.572740e-03 -3.365587e-03 1.756260e+01 -4.569610e-03 9.999891e-01 9.371973e-04 -1.595625e-01 3.369836e-03 -9.218034e-04 9.999939e-01 -5.269189e+00
9.999923e-01 -3.039166e-03 2.497905e-03 1.782180e+01 3.045650e-03 9.999920e-01 -2.596027e-03 -1.581690e-01 -2.489995e-03 2.603616e-03 9.999935e-01 -5.551756e+00
9.999847e-01 4.096525e-03 -3.726713e-03 1.803406e+01 -4.092525e-03 9.999910e-01 1.080259e-03 -1.575670e-01 3.731105e-03 -1.064991e-03 9.999925e-01 -5.789094e+00
9.999877e-01 -1.321178e-03 4.777192e-03 1.840238e+01 1.335291e-03 9.999948e-01 -2.952219e-03 -1.539214e-01 -4.773267e-03 2.958562e-03 9.999842e-01 -6.239010e+00
9.999957e-01 2.478248e-03 1.536071e-03 1.872736e+01 -2.480255e-03 9.999961e-01 1.306215e-03 -1.441477e-01 -1.532828e-03 -1.310020e-03 9.999980e-01 -6.684042e+00
9.999993e-01 5.454339e-04 1.003380e-03 1.930885e+01 -5.428917e-04 9.999966e-01 -2.531998e-03 -1.403566e-01 -1.004757e-03 2.531453e-03 9.999963e-01 -7.249887e+00
9.999749e-01 4.102269e-03 5.770159e-03 2.012175e+01 -4.099390e-03 9.999915e-01 -5.106350e-04 -1.271010e-01 -5.772205e-03 4.869674e-04 9.999832e-01 -8.043945e+00
9.999954e-01 -9.143762e-04 -2.889240e-03 2.072366e+01 9.082020e-04 9.999973e-01 -2.137605e-03 -1.170484e-01 2.891187e-03 2.134972e-03 9.999935e-01 -8.645628e+00
9.999847e-01 3.798657e-03 4.009421e-03 2.118934e+01 -3.798615e-03 9.999928e-01 -1.799913e-05 -1.123895e-01 -4.009461e-03 2.767907e-06 9.999920e-01 -9.122339e+00
9.999918e-01 -2.233529e-03 -3.379195e-03 2.155018e+01 2.227751e-03 9.999961e-01 -1.712769e-03 -1.084794e-01 3.383007e-03 1.705228e-03 9.999928e-01 -9.469693e+00
9.999918e-01 3.867206e-03 1.170648e-03 2.181666e+01 -3.867269e-03 9.999925e-01 5.190404e-05 -1.071170e-01 -1.170439e-03 -5.643152e-05 9.999993e-01 -9.718324e+00
9.999903e-01 -1.767665e-03 -4.033304e-03 2.212102e+01 1.760388e-03 9.999968e-01 -1.806987e-03 -1.071694e-01 4.036485e-03 1.799870e-03 9.999902e-01 -1.002020e+01
9.999870e-01 3.622516e-03 3.595483e-03 2.243282e+01 -3.623040e-03 9.999934e-01 1.392931e-04 -1.041849e-01 -3.594955e-03 -1.523185e-04 9.999935e-01 -1.036792e+01
9.999301e-01 -3.956154e-03 -1.113768e-02 2.245938e+01 3.942667e-03 9.999915e-01 -1.232602e-03 -1.076438e-01 1.114246e-02 1.188604e-03 9.999372e-01 -1.032901e+01
9.999756e-01 3.288218e-03 6.167993e-03 2.248549e+01 -3.291438e-03 9.999945e-01 5.119078e-04 -1.152408e-01 -6.166276e-03 -5.321976e-04 9.999808e-01 -1.018963e+01
9.999861e-01 -3.506764e-04 -5.258998e-03 2.297347e+01 3.366489e-04 9.999964e-01 -2.668014e-03 -1.096553e-01 5.259914e-03 2.666207e-03 9.999826e-01 -1.070710e+01
9.999490e-01 4.525168e-03 9.030757e-03 2.366069e+01 -4.524650e-03 9.999898e-01 -7.778790e-05 -1.010784e-01 -9.031017e-03 3.692222e-05 9.999592e-01 -1.140160e+01
9.999915e-01 -1.215686e-03 -3.949913e-03 2.428717e+01 1.205008e-03 9.999956e-01 -2.704620e-03 -9.056007e-02 3.953184e-03 2.699838e-03 9.999885e-01 -1.203810e+01
9.999850e-01 3.110504e-03 4.512362e-03 2.464442e+01 -3.113332e-03 9.999950e-01 6.196764e-04 -8.545447e-02 -4.510412e-03 -6.337163e-04 9.999896e-01 -1.241504e+01
9.999688e-01 -2.470013e-03 -7.500357e-03 2.484948e+01 2.456738e-03 9.999954e-01 -1.778601e-03 -8.530808e-02 7.504716e-03 1.760120e-03 9.999703e-01 -1.260088e+01
9.999937e-01 2.630239e-03 2.373017e-03 2.496003e+01 -2.632169e-03 9.999962e-01 8.105950e-04 -8.921507e-02 -2.370877e-03 -8.168368e-04 9.999969e-01 -1.265125e+01
9.999770e-01 -6.244222e-04 -6.757911e-03 2.522968e+01 6.098992e-04 9.999975e-01 -2.150899e-03 -9.169021e-02 6.759237e-03 2.146729e-03 9.999749e-01 -1.291742e+01
9.999608e-01 2.783217e-03 8.401258e-03 2.565745e+01 -2.784455e-03 9.999961e-01 1.356373e-04 -8.662747e-02 -8.400848e-03 -1.590256e-04 9.999647e-01 -1.336121e+01
9.999395e-01 -2.810672e-03 -1.063603e-02 2.578641e+01 2.798018e-03 9.999954e-01 -1.204453e-03 -8.751797e-02 1.063936e-02 1.174621e-03 9.999427e-01 -1.347872e+01
9.999954e-01 2.780406e-03 1.252601e-03 2.579315e+01 -2.780716e-03 9.999961e-01 2.456772e-04 -9.446637e-02 -1.251913e-03 -2.491598e-04 9.999992e-01 -1.328294e+01
9.999550e-01 -3.146931e-03 -8.944634e-03 2.579416e+01 3.137004e-03 9.999944e-01 -1.123618e-03 -1.028005e-01 8.948121e-03 1.095508e-03 9.999594e-01 -1.301634e+01
9.999955e-01 2.866420e-03 8.864651e-04 2.574724e+01 -2.865795e-03 9.999956e-01 -7.062493e-04 -1.118844e-01 -8.884859e-04 7.037050e-04 9.999994e-01 -1.253827e+01
9.999513e-01 -3.239688e-03 -9.322196e-03 2.565001e+01 3.223105e-03 9.999932e-01 -1.793337e-03 -1.202683e-01 9.327942e-03 1.763203e-03 9.999549e-01 -1.186159e+01
9.999965e-01 2.543940e-03 -7.860858e-04 2.553658e+01 -2.544681e-03 9.999963e-01 -9.423295e-04 -1.295436e-01 7.836854e-04 9.443258e-04 9.999992e-01 -1.108220e+01
9.999571e-01 -3.169790e-03 -8.707520e-03 2.546480e+01 3.154542e-03 9.999935e-01 -1.764349e-03 -1.405266e-01 8.713056e-03 1.736806e-03 9.999605e-01 -1.038468e+01
9.999960e-01 2.561311e-03 -1.214724e-03 2.541816e+01 -2.561898e-03 9.999966e-01 -4.817274e-04 -1.499549e-01 1.213486e-03 4.848367e-04 9.999991e-01 -9.912524e+00
9.999703e-01 -2.957686e-03 -7.111035e-03 2.541332e+01 2.949793e-03 9.999950e-01 -1.120234e-03 -1.601696e-01 7.114313e-03 1.099225e-03 9.999741e-01 -9.578611e+00
9.999948e-01 2.538542e-03 -2.003996e-03 2.538524e+01 -2.540363e-03 9.999964e-01 -9.064934e-04 -1.708356e-01 2.001687e-03 9.115789e-04 9.999976e-01 -9.104844e+00
9.999712e-01 -3.029362e-03 -6.963386e-03 2.536944e+01 3.022403e-03 9.999949e-01 -1.009764e-03 -1.811204e-01 6.966410e-03 9.886895e-04 9.999752e-01 -8.717381e+00
9.999950e-01 2.583191e-03 -1.815555e-03 2.537261e+01 -2.585008e-03 9.999962e-01 -9.992011e-04 -1.917077e-01 1.812966e-03 1.003889e-03 9.999979e-01 -8.366773e+00
9.999660e-01 -2.853086e-03 -7.734553e-03 2.540406e+01 2.846427e-03 9.999956e-01 -8.717733e-04 -2.014045e-01 7.737007e-03 8.497285e-04 9.999697e-01 -8.134615e+00
9.999955e-01 2.989387e-03 3.134067e-04 2.551327e+01 -2.989271e-03 9.999955e-01 -3.685976e-04 -2.069432e-01 -3.145074e-04 3.676584e-04 9.999999e-01 -8.128175e+00
9.999433e-01 -3.607793e-03 -1.002294e-02 2.554881e+01 3.594057e-03 9.999926e-01 -1.388163e-03 -2.182579e-01 1.002787e-02 1.352062e-03 9.999488e-01 -7.817786e+00
9.999949e-01 3.175801e-03 4.036790e-04 2.557372e+01 -3.175539e-03 9.999947e-01 -6.477305e-04 -2.290024e-01 -4.057342e-04 6.464446e-04 9.999997e-01 -7.507064e+00
9.999478e-01 -3.801670e-03 -9.486165e-03 2.559653e+01 3.791346e-03 9.999922e-01 -1.106039e-03 -2.407613e-01 9.490296e-03 1.070017e-03 9.999544e-01 -7.172847e+00
9.999946e-01 3.287789e-03 2.263561e-05 2.557355e+01 -3.287758e-03 9.999938e-01 -1.256981e-03 -2.531887e-01 -2.676839e-05 1.256899e-03 9.999992e-01 -6.570824e+00
9.999287e-01 -4.046648e-03 -1.123480e-02 2.555575e+01 4.031939e-03 9.999910e-01 -1.331545e-03 -2.660209e-01 1.124009e-02 1.286152e-03 9.999360e-01 -5.939230e+00
9.999919e-01 3.608158e-03 1.769679e-03 2.550662e+01 -3.606189e-03 9.999929e-01 -1.114272e-03 -2.768366e-01 -1.773687e-03 1.107881e-03 9.999978e-01 -5.304191e+00
9.999067e-01 -4.195351e-03 -1.299912e-02 2.548679e+01 4.180042e-03 9.999905e-01 -1.204682e-03 -2.874371e-01 1.300405e-02 1.150233e-03 9.999148e-01 -4.789587e+00
9.999894e-01 3.632188e-03 2.832815e-03 2.550283e+01 -3.630636e-03 9.999933e-01 -5.529757e-04 -2.995853e-01 -2.834805e-03 5.426842e-04 9.999958e-01 -4.357809e+00
9.999064e-01 -4.227713e-03 -1.300876e-02 2.547133e+01 4.203671e-03 9.999894e-01 -1.874943e-03 -3.107163e-01 1.301655e-02 1.820083e-03 9.999136e-01 -3.781912e+00
9.999874e-01 3.577909e-03 3.522634e-03 2.541883e+01 -3.575407e-03 9.999934e-01 -7.162116e-04 -3.219159e-01 -3.525174e-03 7.036070e-04 9.999935e-01 -3.114366e+00
9.998959e-01 -4.284521e-03 -1.377992e-02 2.539770e+01 4.259557e-03 9.999892e-01 -1.840536e-03 -3.337213e-01 1.378765e-02 1.781648e-03 9.999034e-01 -2.574985e+00
9.999830e-01 3.605910e-03 4.582596e-03 2.539296e+01 -3.603542e-03 9.999934e-01 -5.249023e-04 -3.468560e-01 -4.584459e-03 5.083791e-04 9.999894e-01 -2.043534e+00
9.998965e-01 -4.179951e-03 -1.376639e-02 2.538255e+01 4.152476e-03 9.999893e-01 -2.023830e-03 -3.593654e-01 1.377470e-02 1.966457e-03 9.999032e-01 -1.537848e+00
9.999867e-01 3.584902e-03 3.708211e-03 2.537905e+01 -3.581941e-03 9.999933e-01 -8.049167e-04 -3.723123e-01 -3.711071e-03 7.916227e-04 9.999928e-01 -1.002675e+00
9.998874e-01 -4.461696e-03 -1.432602e-02 2.540739e+01 4.437531e-03 9.999887e-01 -1.718130e-03 -3.861095e-01 1.433352e-02 1.654365e-03 9.998959e-01 -5.313567e-01
9.999781e-01 3.912646e-03 5.343362e-03 2.541135e+01 -3.908870e-03 9.999921e-01 -7.169357e-04 -3.984014e-01 -5.346125e-03 6.960328e-04 9.999855e-01 -9.209933e-02
9.998983e-01 -4.375541e-03 -1.357067e-02 2.540452e+01 4.358231e-03 9.999897e-01 -1.304927e-03 -4.099262e-01 1.357624e-02 1.245651e-03 9.999071e-01 2.917213e-01
9.999787e-01 3.786600e-03 5.316249e-03 2.541115e+01 -3.781933e-03 9.999925e-01 -8.876849e-04 -4.221385e-01 -5.319571e-03 8.675596e-04 9.999855e-01 7.025090e-01
9.998913e-01 -4.399058e-03 -1.407450e-02 2.542482e+01 4.380039e-03 9.999895e-01 -1.381883e-03 -4.342917e-01 1.408043e-02 1.320087e-03 9.999000e-01 1.097819e+00
9.999793e-01 3.793843e-03 5.191448e-03 2.544061e+01 -3.789707e-03 9.999925e-01 -8.063349e-04 -4.467709e-01 -5.194469e-03 7.866435e-04 9.999862e-01 1.505108e+00
9.998951e-01 -4.398228e-03 -1.379950e-02 2.544909e+01 4.379734e-03 9.999895e-01 -1.370159e-03 -4.587888e-01 1.380539e-02 1.309578e-03 9.999038e-01 1.898758e+00
9.999742e-01 4.129685e-03 5.885178e-03 2.545778e+01 -4.126159e-03 9.999913e-01 -6.112394e-04 -4.694208e-01 -5.887652e-03 5.869398e-04 9.999825e-01 2.210496e+00
9.998868e-01 -4.574895e-03 -1.433230e-02 2.547525e+01 4.559607e-03 9.999890e-01 -1.099187e-03 -4.803850e-01 1.433717e-02 1.033714e-03 9.998967e-01 2.512327e+00
9.999723e-01 4.142294e-03 6.191898e-03 2.548960e+01 -4.137369e-03 9.999911e-01 -8.080599e-04 -4.912114e-01 -6.195191e-03 7.824187e-04 9.999805e-01 2.813935e+00
9.998929e-01 -4.509770e-03 -1.391971e-02 2.550698e+01 4.501093e-03 9.999897e-01 -6.546393e-04 -5.014830e-01 1.392252e-02 5.919160e-04 9.999029e-01 3.046858e+00
9.999681e-01 4.535265e-03 6.575421e-03 2.552500e+01 -4.531649e-03 9.999896e-01 -5.647755e-04 -5.092153e-01 -6.577914e-03 5.349593e-04 9.999782e-01 3.168634e+00
9.999000e-01 -4.702757e-03 -1.333841e-02 2.555803e+01 4.699066e-03 9.999889e-01 -3.080569e-04 -5.159826e-01 1.333971e-02 2.453486e-04 9.999110e-01 3.239320e+00
9.999713e-01 4.493871e-03 6.106603e-03 2.560568e+01 -4.489496e-03 9.999897e-01 -7.299669e-04 -5.232798e-01 -6.109820e-03 7.025297e-04 9.999811e-01 3.321781e+00
9.999049e-01 -4.842998e-03 -1.291083e-02 2.564722e+01 4.836623e-03 9.999882e-01 -5.249749e-04 -5.310503e-01 1.291322e-02 4.624809e-04 9.999165e-01 3.416547e+00
9.999767e-01 4.385276e-03 5.224899e-03 2.568463e+01 -4.381852e-03 9.999902e-01 -6.666612e-04 -5.408261e-01 -5.227771e-03 6.437503e-04 9.999861e-01 3.604501e+00
9.999017e-01 -4.906516e-03 -1.313451e-02 2.568532e+01 4.890778e-03 9.999873e-01 -1.230149e-03 -5.525191e-01 1.314038e-02 1.165790e-03 9.999130e-01 3.984429e+00
9.999773e-01 4.641000e-03 4.885518e-03 2.567211e+01 -4.638942e-03 9.999891e-01 -4.324839e-04 -5.622098e-01 -4.887473e-03 4.098098e-04 9.999880e-01 4.307332e+00
9.998900e-01 -5.133309e-03 -1.391881e-02 2.568458e+01 5.118830e-03 9.999863e-01 -1.075745e-03 -5.736602e-01 1.392414e-02 1.004379e-03 9.999025e-01 4.660531e+00
9.999804e-01 4.682969e-03 4.151149e-03 2.568425e+01 -4.678887e-03 9.999886e-01 -9.925542e-04 -5.844247e-01 -4.155750e-03 9.731114e-04 9.999909e-01 5.066702e+00
9.998931e-01 -5.181374e-03 -1.366993e-02 2.568654e+01 5.169962e-03 9.999863e-01 -8.700999e-04 -5.951845e-01 1.367425e-02 7.993346e-04 9.999062e-01 5.444036e+00
9.999759e-01 4.970113e-03 4.856879e-03 2.569227e+01 -4.965514e-03 9.999872e-01 -9.586322e-04 -6.050008e-01 -4.861581e-03 9.344916e-04 9.999877e-01 5.748479e+00
9.998783e-01 -5.565131e-03 -1.457333e-02 2.571386e+01 5.552814e-03 9.999842e-01 -8.854968e-04 -6.170342e-01 1.457803e-02 8.044666e-04 9.998934e-01 6.129793e+00
9.999789e-01 4.920499e-03 4.237697e-03 2.570963e+01 -4.914344e-03 9.999869e-01 -1.461612e-03 -6.295482e-01 -4.244833e-03 1.440755e-03 9.999900e-01 6.643329e+00
9.998643e-01 -5.607978e-03 -1.548703e-02 2.572117e+01 5.592430e-03 9.999838e-01 -1.047069e-03 -6.422060e-01 1.549265e-02 9.603174e-04 9.998795e-01 7.172020e+00
9.999772e-01 5.090303e-03 4.434817e-03 2.574069e+01 -5.085598e-03 9.999865e-01 -1.071688e-03 -6.531040e-01 -4.440212e-03 1.049109e-03 9.999896e-01 7.553151e+00
9.998795e-01 -5.406867e-03 -1.454879e-02 2.575505e+01 5.402626e-03 9.999854e-01 -3.307813e-04 -6.628646e-01 1.455037e-02 2.521404e-04 9.998941e-01 7.870207e+00
9.999827e-01 5.303580e-03 2.550871e-03 2.579454e+01 -5.300638e-03 9.999853e-01 -1.158687e-03 -6.712267e-01 -2.556979e-03 1.145145e-03 9.999961e-01 8.121811e+00
9.999002e-01 -5.200222e-03 -1.313819e-02 2.588195e+01 5.202773e-03 9.999865e-01 1.599725e-04 -6.776423e-01 1.313718e-02 -2.283109e-04 9.999137e-01 8.237228e+00
9.999693e-01 6.288834e-03 4.677077e-03 2.598158e+01 -6.280850e-03 9.999788e-01 -1.719750e-03 -6.844581e-01 -4.687793e-03 1.690321e-03 9.999876e-01 8.283977e+00
9.998024e-01 -6.794022e-03 -1.868136e-02 2.604335e+01 6.805884e-03 9.999767e-01 5.714247e-04 -6.970753e-01 1.867704e-02 -6.984544e-04 9.998253e-01 8.856188e+00
9.999684e-01 5.617993e-03 5.625081e-03 2.597688e+01 -5.590621e-03 9.999725e-01 -4.870047e-03 -7.129734e-01 -5.652287e-03 4.838445e-03 9.999723e-01 9.887371e+00
9.997883e-01 -7.421161e-03 -1.919249e-02 2.588123e+01 7.439178e-03 9.999720e-01 8.674663e-04 -7.300858e-01 1.918551e-02 -1.010058e-03 9.998154e-01 1.097767e+01
9.999749e-01 5.569836e-03 4.377623e-03 2.577790e+01 -5.545242e-03 9.999689e-01 -5.610341e-03 -7.478694e-01 -4.408735e-03 5.585925e-03 9.999747e-01 1.219299e+01
9.998327e-01 -6.755215e-03 -1.699855e-02 2.570859e+01 6.796633e-03 9.999741e-01 2.379919e-03 -7.615392e-01 1.698203e-02 -2.495053e-03 9.998527e-01 1.299448e+01
9.999543e-01 6.343031e-03 7.148466e-03 2.567923e+01 -6.308718e-03 9.999685e-01 -4.812385e-03 -7.717553e-01 -7.178766e-03 4.767067e-03 9.999629e-01 1.347289e+01
9.998292e-01 -6.518847e-03 -1.729262e-02 2.570313e+01 6.574158e-03 9.999734e-01 3.143618e-03 -7.810043e-01 1.727167e-02 -3.256765e-03 9.998455e-01 1.368423e+01
9.999719e-01 5.691088e-03 4.876289e-03 2.574616e+01 -5.668968e-03 9.999736e-01 -4.538340e-03 -7.933680e-01 -4.901988e-03 4.510568e-03 9.999778e-01 1.412567e+01
9.998458e-01 -6.007677e-03 -1.650062e-02 2.545528e+01 6.018634e-03 9.999817e-01 6.144432e-04 -7.945477e-01 1.649663e-02 -7.136591e-04 9.998637e-01 1.553181e+01
9.999890e-01 4.517580e-03 -1.259747e-03 2.483075e+01 -4.524889e-03 9.999726e-01 -5.861183e-03 -7.870514e-01 1.233234e-03 5.866818e-03 9.999820e-01 1.785807e+01
9.998452e-01 -4.984730e-03 -1.687345e-02 2.464940e+01 5.012962e-03 9.999861e-01 1.631234e-03 -7.942268e-01 1.686508e-02 -1.715567e-03 9.998563e-01 1.948532e+01
9.999939e-01 3.435849e-03 5.949730e-04 2.434769e+01 -3.432488e-03 9.999786e-01 -5.561276e-03 -7.946336e-01 -6.140681e-04 5.559200e-03 9.999844e-01 2.078939e+01
9.999417e-01 -2.981327e-03 -1.038207e-02 2.440134e+01 3.020871e-03 9.999882e-01 3.795189e-03 -8.031305e-01 1.037063e-02 -3.826330e-03 9.999389e-01 2.097733e+01
9.999317e-01 4.047489e-03 1.096836e-02 2.468305e+01 -3.994892e-03 9.999804e-01 -4.813078e-03 -8.005882e-01 -1.098762e-02 4.768931e-03 9.999283e-01 2.069945e+01
9.998574e-01 -3.252043e-03 -1.657326e-02 2.489524e+01 3.308441e-03 9.999888e-01 3.376659e-03 -8.038018e-01 1.656209e-02 -3.431008e-03 9.998570e-01 2.058535e+01
9.999189e-01 4.589407e-03 1.188382e-02 2.512548e+01 -4.530653e-03 9.999774e-01 -4.966315e-03 -8.064238e-01 -1.190635e-02 4.912070e-03 9.999171e-01 2.043753e+01
9.999466e-01 -1.298266e-03 -1.025457e-02 2.564176e+01 1.326592e-03 9.999953e-01 2.755877e-03 -8.015471e-01 1.025094e-02 -2.769333e-03 9.999436e-01 1.992607e+01
9.998348e-01 6.327904e-03 1.704091e-02 2.646283e+01 -6.226698e-03 9.999627e-01 -5.985549e-03 -7.908274e-01 -1.707815e-02 5.878450e-03 9.998369e-01 1.912533e+01
9.998943e-01 -2.592154e-03 -1.430776e-02 2.702920e+01 2.639231e-03 9.999912e-01 3.272371e-03 -7.834812e-01 1.429915e-02 -3.309786e-03 9.998923e-01 1.854931e+01
9.998592e-01 4.811463e-03 1.607543e-02 2.742511e+01 -4.726428e-03 9.999747e-01 -5.323569e-03 -7.784582e-01 -1.610064e-02 5.246840e-03 9.998566e-01 1.813262e+01
9.998671e-01 -2.425723e-03 -1.612423e-02 2.778848e+01 2.478355e-03 9.999917e-01 3.244948e-03 -7.754290e-01 1.611622e-02 -3.284477e-03 9.998647e-01 1.775563e+01
9.998403e-01 5.022243e-03 1.714937e-02 2.819520e+01 -4.930226e-03 9.999732e-01 -5.403721e-03 -7.710403e-01 -1.717605e-02 5.318307e-03 9.998383e-01 1.734080e+01
9.998675e-01 -1.901664e-03 -1.616872e-02 2.866858e+01 1.954927e-03 9.999927e-01 3.279028e-03 -7.672520e-01 1.616236e-02 -3.310202e-03 9.998639e-01 1.686929e+01
9.998112e-01 5.603017e-03 1.860746e-02 2.928438e+01 -5.494466e-03 9.999676e-01 -5.879744e-03 -7.610060e-01 -1.863980e-02 5.776395e-03 9.998096e-01 1.628309e+01
9.998597e-01 -2.765703e-03 -1.652250e-02 2.976629e+01 2.817595e-03 9.999912e-01 3.118172e-03 -7.538980e-01 1.651373e-02 -3.164288e-03 9.998586e-01 1.578985e+01
9.998440e-01 5.312654e-03 1.684744e-02 3.015310e+01 -5.226724e-03 9.999731e-01 -5.140453e-03 -7.499929e-01 -1.687429e-02 5.051593e-03 9.998449e-01 1.539814e+01
9.998091e-01 -2.852425e-03 -1.932764e-02 3.055893e+01 2.913044e-03 9.999909e-01 3.108893e-03 -7.486855e-01 1.931860e-02 -3.164601e-03 9.998084e-01 1.504063e+01
9.998399e-01 5.034060e-03 1.717072e-02 3.098302e+01 -4.939031e-03 9.999723e-01 -5.572313e-03 -7.455243e-01 -1.719829e-02 5.486614e-03 9.998370e-01 1.466778e+01
9.998188e-01 -2.872748e-03 -1.881817e-02 3.134419e+01 2.935210e-03 9.999903e-01 3.292470e-03 -7.423206e-01 1.880852e-02 -3.347108e-03 9.998175e-01 1.432079e+01
9.998338e-01 5.269076e-03 1.745184e-02 3.169333e+01 -5.181179e-03 9.999737e-01 -5.077956e-03 -7.403363e-01 -1.747813e-02 4.986690e-03 9.998348e-01 1.397469e+01
9.998362e-01 -2.957115e-03 -1.785643e-02 3.206454e+01 3.011997e-03 9.999908e-01 3.047372e-03 -7.366081e-01 1.784725e-02 -3.100655e-03 9.998359e-01 1.360995e+01
9.998324e-01 6.106728e-03 1.726172e-02 3.251524e+01 -6.021143e-03 9.999693e-01 -5.005691e-03 -7.338299e-01 -1.729176e-02 4.900916e-03 9.998385e-01 1.316907e+01
9.999097e-01 -1.781721e-03 -1.331837e-02 3.320453e+01 1.811516e-03 9.999959e-01 2.225371e-03 -7.261567e-01 1.331435e-02 -2.249296e-03 9.999088e-01 1.249076e+01
9.997846e-01 6.286115e-03 1.977899e-02 3.395729e+01 -6.180908e-03 9.999664e-01 -5.375780e-03 -7.149319e-01 -1.981212e-02 5.252370e-03 9.997899e-01 1.174423e+01
9.998821e-01 -2.195106e-03 -1.519579e-02 3.461971e+01 2.233713e-03 9.999943e-01 2.524093e-03 -7.063203e-01 1.519016e-02 -2.557738e-03 9.998814e-01 1.108162e+01
9.997689e-01 7.135867e-03 2.027678e-02 3.540332e+01 -7.028105e-03 9.999608e-01 -5.380911e-03 -6.977039e-01 -2.031439e-02 5.237160e-03 9.997799e-01 1.031917e+01
9.999209e-01 -1.378780e-03 -1.250011e-02 3.631909e+01 1.401878e-03 9.999973e-01 1.839205e-03 -6.847977e-01 1.249754e-02 -1.856583e-03 9.999202e-01 9.418000e+00
9.997954e-01 6.920490e-03 1.900497e-02 3.722280e+01 -6.826185e-03 9.999641e-01 -5.022515e-03 -6.729026e-01 -1.903905e-02 4.891755e-03 9.998068e-01 8.538642e+00
9.998749e-01 -3.101056e-03 -1.551022e-02 3.780786e+01 3.135147e-03 9.999927e-01 2.174137e-03 -6.638806e-01 1.550337e-02 -2.222491e-03 9.998773e-01 7.939250e+00
9.999516e-01 4.355433e-03 8.827188e-03 3.797671e+01 -4.328229e-03 9.999858e-01 -3.098658e-03 -6.659052e-01 -8.840559e-03 3.060301e-03 9.999562e-01 7.784066e+00
9.999822e-01 -5.188275e-04 -5.938477e-03 3.856543e+01 5.218144e-04 9.999997e-01 5.013804e-04 -6.581823e-01 5.938215e-03 -5.044697e-04 9.999822e-01 7.179641e+00
9.999071e-01 4.828684e-03 1.274771e-02 3.927015e+01 -4.782583e-03 9.999819e-01 -3.644452e-03 -6.459834e-01 -1.276508e-02 3.583146e-03 9.999121e-01 6.452630e+00
9.999731e-01 -3.069796e-03 -6.654478e-03 3.972320e+01 3.078241e-03 9.999945e-01 1.259084e-03 -6.377155e-01 6.650576e-03 -1.279534e-03 9.999771e-01 5.957245e+00
9.999889e-01 4.131601e-03 2.248895e-03 3.990449e+01 -4.124933e-03 9.999871e-01 -2.961800e-03 -6.370673e-01 -2.261103e-03 2.952490e-03 9.999931e-01 5.768704e+00
9.999332e-01 -5.364914e-03 -1.023899e-02 3.998226e+01 5.383624e-03 9.999839e-01 1.800642e-03 -6.461505e-01 1.022917e-02 -1.855644e-03 9.999460e-01 5.954380e+00
9.999187e-01 8.238013e-03 9.732610e-03 4.050981e+01 -8.194513e-03 9.999563e-01 -4.501071e-03 -6.405215e-01 -9.769264e-03 4.420950e-03 9.999425e-01 5.467502e+00
9.999197e-01 -7.162043e-03 -1.045088e-02 4.082426e+01 7.189960e-03 9.999707e-01 2.636073e-03 -6.372659e-01 1.043170e-02 -2.711002e-03 9.999419e-01 5.163594e+00
9.999850e-01 5.390311e-03 -1.016153e-03 4.064906e+01 -5.393944e-03 9.999790e-01 -3.606020e-03 -6.473762e-01 9.966939e-04 3.611446e-03 9.999930e-01 5.948569e+00
9.999498e-01 -5.002926e-03 -8.680031e-03 4.072348e+01 5.025948e-03 9.999839e-01 2.632495e-03 -6.505919e-01 8.666721e-03 -2.675988e-03 9.999589e-01 5.916812e+00
9.999335e-01 4.981066e-03 1.040396e-02 4.094108e+01 -4.942981e-03 9.999810e-01 -3.683239e-03 -6.470001e-01 -1.042211e-02 3.631567e-03 9.999391e-01 5.666423e+00
9.999759e-01 -2.643607e-04 -6.942531e-03 4.165338e+01 2.734745e-04 9.999991e-01 1.311779e-03 -6.388081e-01 6.942178e-03 -1.313646e-03 9.999750e-01 4.917826e+00
9.998449e-01 6.098556e-03 1.652449e-02 4.260430e+01 -6.015488e-03 9.999690e-01 -5.072047e-03 -6.243710e-01 -1.655491e-02 4.971857e-03 9.998506e-01 3.963090e+00
9.999777e-01 -2.066035e-03 -6.343154e-03 4.336458e+01 2.074477e-03 9.999970e-01 1.324569e-03 -6.089325e-01 6.340398e-03 -1.337698e-03 9.999790e-01 3.165328e+00
9.999310e-01 5.696396e-03 1.027119e-02 4.393028e+01 -5.654241e-03 9.999755e-01 -4.128642e-03 -5.997409e-01 -1.029446e-02 4.070281e-03 9.999387e-01 2.537995e+00
9.999865e-01 -1.693027e-03 -4.920688e-03 4.462016e+01 1.700207e-03 9.999975e-01 1.455444e-03 -5.897658e-01 4.918211e-03 -1.463790e-03 9.999868e-01 1.822844e+00
9.999419e-01 4.799835e-03 9.651433e-03 4.512543e+01 -4.756590e-03 9.999786e-01 -4.498676e-03 -5.798754e-01 -9.672819e-03 4.452506e-03 9.999433e-01 1.257510e+00
9.999847e-01 -1.070966e-03 -5.425212e-03 4.573743e+01 1.082316e-03 9.999972e-01 2.089405e-03 -5.712100e-01 5.422960e-03 -2.095244e-03 9.999831e-01 5.978125e-01
9.999805e-01 3.648421e-03 5.071153e-03 4.617257e+01 -3.627257e-03 9.999847e-01 -4.176291e-03 -5.651994e-01 -5.086312e-03 4.157814e-03 9.999784e-01 1.353048e-01
9.999857e-01 -3.861998e-04 -5.332023e-03 4.671773e+01 3.944816e-04 9.999987e-01 1.552172e-03 -5.589515e-01 5.331417e-03 -1.554252e-03 9.999846e-01 -4.001750e-01
9.999580e-01 4.371334e-03 8.052555e-03 4.734247e+01 -4.337987e-03 9.999820e-01 -4.153969e-03 -5.503471e-01 -8.070569e-03 4.118862e-03 9.999589e-01 -1.055915e+00
9.999954e-01 -4.446613e-05 -3.038218e-03 4.800685e+01 4.625757e-05 9.999998e-01 5.894445e-04 -5.379282e-01 3.038191e-03 -5.895818e-04 9.999952e-01 -1.789108e+00
9.999840e-01 2.918557e-03 4.848490e-03 4.848916e+01 -2.905716e-03 9.999923e-01 -2.653628e-03 -5.287954e-01 -4.856198e-03 2.639496e-03 9.999847e-01 -2.356346e+00
9.999993e-01 4.568480e-04 -1.064521e-03 4.900770e+01 -4.572897e-04 9.999998e-01 -4.150670e-04 -5.177089e-01 1.064331e-03 4.155540e-04 9.999993e-01 -2.957458e+00
9.999793e-01 2.849071e-03 5.772882e-03 4.955405e+01 -2.835401e-03 9.999932e-01 -2.374871e-03 -5.060291e-01 -5.779608e-03 2.358452e-03 9.999805e-01 -3.596402e+00
9.999998e-01 7.735907e-05 5.630745e-04 5.012425e+01 -7.725423e-05 1.000000e+00 -1.855681e-04 -4.954789e-01 -5.630888e-04 1.855251e-04 9.999998e-01 -4.222027e+00
9.999910e-01 3.723869e-03 2.041981e-03 5.072676e+01 -3.719150e-03 9.999904e-01 -2.310091e-03 -4.883674e-01 -2.050564e-03 2.302475e-03 9.999952e-01 -4.843868e+00
9.999958e-01 1.253133e-03 2.604938e-03 5.149562e+01 -1.250922e-03 9.999989e-01 -8.500545e-04 -4.774279e-01 -2.606001e-03 8.467929e-04 9.999962e-01 -5.633864e+00
9.999877e-01 2.243539e-03 4.429532e-03 5.214777e+01 -2.233747e-03 9.999951e-01 -2.214447e-03 -4.648468e-01 -4.434478e-03 2.204525e-03 9.999877e-01 -6.327993e+00
9.999913e-01 8.200562e-04 -4.100504e-03 5.257287e+01 -8.209979e-04 9.999996e-01 -2.280611e-04 -4.580103e-01 4.100315e-03 2.314262e-04 9.999916e-01 -6.809194e+00
9.999654e-01 2.936784e-03 7.776755e-03 5.317350e+01 -2.919710e-03 9.999933e-01 -2.205995e-03 -4.480108e-01 -7.783181e-03 2.183212e-03 9.999673e-01 -7.475685e+00
9.999943e-01 1.954716e-03 -2.760925e-03 5.394276e+01 -1.957130e-03 9.999977e-01 -8.721790e-04 -4.372389e-01 2.759214e-03 8.775780e-04 9.999958e-01 -8.265580e+00
9.999382e-01 3.417119e-03 1.057806e-02 5.481393e+01 -3.390656e-03 9.999911e-01 -2.518629e-03 -4.231006e-01 -1.058657e-02 2.482606e-03 9.999409e-01 -9.161324e+00
9.999899e-01 1.795573e-03 -4.109048e-03 5.563626e+01 -1.798294e-03 9.999982e-01 -6.586533e-04 -4.103118e-01 4.107858e-03 6.660365e-04 9.999913e-01 -1.000811e+01
9.999462e-01 1.029874e-03 1.032078e-02 5.620963e+01 -1.008300e-03 9.999973e-01 -2.095335e-03 -3.992671e-01 -1.032291e-02 2.084815e-03 9.999445e-01 -1.062371e+01
9.999606e-01 2.167990e-03 -8.612375e-03 5.671198e+01 -2.170844e-03 9.999976e-01 -3.220571e-04 -3.927881e-01 8.611656e-03 3.407410e-04 9.999629e-01 -1.116140e+01
9.999336e-01 9.336470e-04 1.148414e-02 5.722789e+01 -9.080839e-04 9.999971e-01 -2.230991e-03 -3.846314e-01 -1.148619e-02 2.220414e-03 9.999316e-01 -1.172082e+01
9.999595e-01 2.246789e-03 -8.713699e-03 5.775708e+01 -2.249399e-03 9.999974e-01 -2.898861e-04 -3.766030e-01 8.713026e-03 3.094755e-04 9.999620e-01 -1.228705e+01
9.999212e-01 1.212373e-03 1.249203e-02 5.833346e+01 -1.182429e-03 9.999964e-01 -2.404118e-03 -3.677577e-01 -1.249490e-02 2.389158e-03 9.999191e-01 -1.289620e+01
9.999576e-01 2.436969e-03 -8.879945e-03 5.893624e+01 -2.439491e-03 9.999970e-01 -2.732342e-04 -3.597739e-01 8.879253e-03 2.948857e-04 9.999605e-01 -1.352592e+01
9.999149e-01 4.716030e-04 1.303550e-02 5.946729e+01 -4.418866e-04 9.999973e-01 -2.282460e-03 -3.512078e-01 -1.303654e-02 2.276505e-03 9.999124e-01 -1.409258e+01
