9.999864e-01 -3.266951e-04 -5.210945e-03 -5.790721e-02 3.270582e-04 9.999999e-01 6.883900e-05 -7.567175e-03 5.210922e-03 -7.054306e-05 9.999864e-01 4.463486e-01
9.999991e-01 -7.484366e-05 1.310855e-03 -1.245571e-01 7.475488e-05 1.000000e+00 6.779854e-05 -1.546989e-02 -1.310860e-03 -6.769977e-05 9.999991e-01 9.277276e-01
9.999852e-01 -1.238712e-04 -5.442369e-03 -1.543964e-01 1.244331e-04 1.000000e+00 1.029159e-04 -2.382555e-02 5.442356e-03 -1.035923e-04 9.999852e-01 1.235471e+00
9.999993e-01 -1.217380e-04 1.208813e-03 -1.975065e-01 1.217270e-04 1.000000e+00 9.205672e-06 -3.168381e-02 -1.208814e-03 -9.057808e-06 9.999993e-01 1.592828e+00
9.999872e-01 -2.494578e-04 -5.048383e-03 -2.429961e-01 2.510049e-04 9.999999e-01 3.058192e-04 -4.078471e-02 5.048306e-03 -3.070831e-04 9.999872e-01 2.061286e+00
1.000000e+00 -2.204053e-04 -1.620227e-04 -3.039656e-01 2.203685e-04 9.999999e-01 -2.269508e-04 -4.857518e-02 1.620730e-04 2.269158e-04 1.000000e+00 2.587810e+00
9.999934e-01 -1.188296e-04 -3.636275e-03 -3.622534e-01 1.203708e-04 9.999999e-01 4.236544e-04 -5.634790e-02 3.636224e-03 -4.240900e-04 9.999933e-01 3.001256e+00
9.999994e-01 -1.019508e-04 -1.073516e-03 -4.124007e-01 1.015749e-04 9.999999e-01 -3.502267e-04 -6.415311e-02 1.073552e-03 3.501182e-04 9.999994e-01 3.390488e+00
9.999997e-01 2.918355e-05 -8.306211e-04 -4.225557e-01 -2.886564e-05 9.999999e-01 3.827936e-04 -7.442317e-02 8.306319e-04 -3.827702e-04 9.999996e-01 3.703161e+00
9.999951e-01 -7.640900e-05 -3.134569e-03 -4.115919e-01 7.638298e-05 1.000000e+00 -8.433299e-06 -8.516713e-02 3.134570e-03 8.194541e-06 9.999951e-01 3.954482e+00
9.999990e-01 1.129287e-04 -1.376300e-03 -4.028585e-01 -1.126052e-04 1.000000e+00 2.351726e-04 -9.429765e-02 1.376326e-03 -2.350181e-04 9.999990e-01 4.128244e+00
9.999981e-01 -1.593015e-04 -1.961922e-03 -4.081299e-01 1.591282e-04 1.000000e+00 -8.849073e-05 -1.033249e-01 1.961936e-03 8.817907e-05 9.999981e-01 4.271067e+00
9.999991e-01 3.969924e-05 -1.373315e-03 -4.278068e-01 -3.941564e-05 1.000000e+00 2.065644e-04 -1.116262e-01 1.373323e-03 -2.065108e-04 9.999990e-01 4.481881e+00
9.999944e-01 -3.463023e-04 -3.330617e-03 -4.895790e-01 3.456067e-04 9.999999e-01 -2.094486e-04 -1.183666e-01 3.330690e-03 2.082971e-04 9.999944e-01 4.890275e+00
9.999999e-01 1.072530e-04 -4.972973e-04 -6.059015e-01 -1.072595e-04 1.000000e+00 -1.287850e-05 -1.218290e-01 4.972956e-04 1.293113e-05 9.999999e-01 5.281283e+00
9.999951e-01 -3.164817e-04 -3.099907e-03 -7.104815e-01 3.165099e-04 9.999999e-01 8.612397e-06 -1.266967e-01 3.099905e-03 -9.592795e-06 9.999952e-01 5.706707e+00
9.999998e-01 9.775374e-05 -6.323195e-04 -7.604868e-01 -9.771918e-05 1.000000e+00 5.477012e-05 -1.339685e-01 6.323245e-04 -5.470903e-05 9.999998e-01 6.036637e+00
9.999961e-01 -3.085050e-04 -2.765863e-03 -7.961330e-01 3.084149e-04 1.000000e+00 -3.303064e-05 -1.411554e-01 2.765873e-03 3.217819e-05 9.999962e-01 6.246651e+00
9.999998e-01 1.903840e-04 -6.233992e-04 -8.252639e-01 -1.902951e-04 1.000000e+00 1.426506e-04 -1.489006e-01 6.234260e-04 -1.425327e-04 9.999998e-01 6.456986e+00
9.999928e-01 -4.178324e-04 -3.784861e-03 -8.783097e-01 4.175417e-04 9.999999e-01 -7.760313e-05 -1.560802e-01 3.784893e-03 7.602294e-05 9.999928e-01 6.827042e+00
9.999999e-01 1.825023e-04 4.066987e-04 -9.337103e-01 -1.825391e-04 1.000000e+00 9.022533e-05 -1.626495e-01 -4.066826e-04 -9.030027e-05 9.999999e-01 7.102488e+00
9.999938e-01 -1.459006e-04 -3.508610e-03 -9.303702e-01 1.462811e-04 1.000000e+00 1.081854e-04 -1.714607e-01 3.508595e-03 -1.086973e-04 9.999938e-01 7.210770e+00
1.000000e+00 -2.848571e-06 -1.608325e-04 -9.780301e-01 2.832269e-06 1.000000e+00 -1.010139e-04 -1.778410e-01 1.608325e-04 1.010127e-04 1.000000e+00 7.418989e+00
9.999924e-01 -1.735318e-04 -3.903235e-03 -1.087626e+00 1.734359e-04 1.000000e+00 -2.492609e-05 -1.814289e-01 3.903240e-03 2.424965e-05 9.999924e-01 7.767345e+00
1.000000e+00 -6.007160e-05 4.153030e-05 -1.162751e+00 6.007205e-05 1.000000e+00 -1.229511e-05 -1.872171e-01 -4.152990e-05 1.229689e-05 1.000000e+00 8.141858e+00
9.999923e-01 -8.788637e-05 -3.927353e-03 -1.235416e+00 8.786664e-05 1.000000e+00 -5.210781e-06 -1.932778e-01 3.927354e-03 4.866367e-06 9.999923e-01 8.498191e+00
1.000000e+00 -2.330560e-05 1.548685e-04 -1.273813e+00 2.328513e-05 1.000000e+00 1.318087e-04 -2.010572e-01 -1.548719e-04 -1.318058e-04 1.000000e+00 8.799605e+00
9.999893e-01 -1.112811e-04 -4.615264e-03 -1.288627e+00 1.112259e-04 1.000000e+00 -1.224069e-05 -2.098683e-01 4.615266e-03 1.172794e-05 9.999893e-01 9.124535e+00
1.000000e+00 1.940042e-04 -9.563351e-05 -1.261719e+00 -1.939835e-04 1.000000e+00 2.178842e-04 -2.202434e-01 9.567544e-05 -2.178663e-04 1.000000e+00 9.373343e+00
9.999942e-01 -2.249158e-04 -3.391905e-03 -1.272894e+00 2.249809e-04 1.000000e+00 1.879389e-05 -2.298030e-01 3.391901e-03 -1.955619e-05 9.999942e-01 9.590149e+00
1.000000e+00 9.565326e-05 1.226377e-05 -1.319949e+00 -9.565258e-05 1.000000e+00 -6.030733e-05 -2.366138e-01 -1.226988e-05 6.030545e-05 1.000000e+00 9.863480e+00
9.999925e-01 -1.531319e-04 -3.860028e-03 -1.361863e+00 1.535873e-04 1.000000e+00 1.176581e-04 -2.434830e-01 3.860011e-03 -1.182494e-04 9.999925e-01 1.008124e+01
9.999995e-01 9.001715e-05 1.018919e-03 -1.388286e+00 -8.999180e-05 1.000000e+00 -2.500038e-05 -2.508598e-01 -1.018921e-03 2.490796e-05 9.999995e-01 1.022971e+01
9.999949e-01 2.092716e-04 -3.171928e-03 -1.347783e+00 -2.085279e-04 1.000000e+00 2.347889e-04 -2.604641e-01 3.171977e-03 -2.341256e-04 9.999949e-01 1.024714e+01
9.999998e-01 -5.131616e-05 5.522872e-04 -1.307482e+00 5.133691e-05 1.000000e+00 -3.767595e-05 -2.700934e-01 -5.522856e-04 3.770359e-05 9.999998e-01 1.030381e+01
9.999966e-01 1.755074e-04 -2.591063e-03 -1.256638e+00 -1.751055e-04 1.000000e+00 1.553077e-04 -2.803676e-01 2.591091e-03 -1.548527e-04 9.999966e-01 1.035946e+01
9.999996e-01 1.533324e-04 -8.533502e-04 -1.199308e+00 -1.533162e-04 1.000000e+00 1.918238e-05 -2.898524e-01 8.533528e-04 -1.905225e-05 9.999996e-01 1.040158e+01
9.999925e-01 -4.149711e-04 -3.861206e-03 -1.221179e+00 4.157122e-04 9.999999e-01 1.911030e-04 -2.980502e-01 3.861127e-03 -1.927060e-04 9.999925e-01 1.073145e+01
9.999995e-01 -1.840791e-04 -9.702564e-04 -1.294043e+00 1.841827e-04 1.000000e+00 1.067704e-04 -3.065692e-01 9.702364e-04 -1.069497e-04 9.999995e-01 1.135584e+01
9.999974e-01 -1.757744e-04 -2.259562e-03 -1.315678e+00 1.763868e-04 9.999999e-01 2.707973e-04 -3.172696e-01 2.259514e-03 -2.711945e-04 9.999974e-01 1.179129e+01
9.999975e-01 -2.131635e-04 -2.205417e-03 -1.345070e+00 2.130129e-04 1.000000e+00 -6.850509e-05 -3.272651e-01 2.205432e-03 6.803443e-05 9.999976e-01 1.225626e+01
9.999991e-01 -2.411941e-04 -1.306148e-03 -1.406166e+00 2.416758e-04 9.999999e-01 3.685919e-04 -3.360641e-01 1.306060e-03 -3.689065e-04 9.999991e-01 1.273916e+01
9.999959e-01 1.735181e-06 -2.871148e-03 -1.434579e+00 -2.226714e-06 1.000000e+00 -1.711663e-04 -3.451002e-01 2.871147e-03 1.711713e-04 9.999959e-01 1.310478e+01
9.999983e-01 -2.650184e-04 -1.827158e-03 -1.453170e+00 2.656526e-04 9.999999e-01 3.467804e-04 -3.546673e-01 1.827066e-03 -3.472644e-04 9.999983e-01 1.348157e+01
9.999973e-01 6.482385e-05 -2.320984e-03 -1.482733e+00 -6.512214e-05 1.000000e+00 -1.284099e-04 -3.632290e-01 2.320976e-03 1.285600e-04 9.999973e-01 1.379911e+01
9.999972e-01 -2.307456e-04 -2.342489e-03 -1.517783e+00 2.315805e-04 9.999999e-01 3.561139e-04 -3.711089e-01 2.342407e-03 -3.566547e-04 9.999972e-01 1.408548e+01
9.999994e-01 2.153103e-04 -1.082518e-03 -1.519697e+00 -2.154804e-04 1.000000e+00 -1.569754e-04 -3.795466e-01 1.082483e-03 1.572079e-04 9.999994e-01 1.423471e+01
9.999972e-01 2.145703e-04 -2.372371e-03 -1.439229e+00 -2.135632e-04 9.999999e-01 4.247246e-04 -3.902603e-01 2.372462e-03 -4.242161e-04 9.999971e-01 1.426453e+01
9.999979e-01 3.787003e-04 -1.998748e-03 -1.327813e+00 -3.789287e-04 9.999999e-01 -1.138253e-04 -4.016325e-01 1.998704e-03 1.145817e-04 9.999980e-01 1.427355e+01
9.999978e-01 2.611168e-04 -2.068628e-03 -1.208478e+00 -2.597281e-04 9.999997e-01 6.715349e-04 -4.138079e-01 2.068803e-03 -6.709955e-04 9.999976e-01 1.424907e+01
9.999999e-01 1.928956e-04 -3.998019e-04 -1.103156e+00 -1.930685e-04 9.999999e-01 -4.322331e-04 -4.259806e-01 3.997182e-04 4.323095e-04 9.999998e-01 1.420862e+01
9.999962e-01 5.332443e-04 -2.704348e-03 -9.868263e-01 -5.307736e-04 9.999994e-01 9.141909e-04 -4.375100e-01 2.704834e-03 -9.127513e-04 9.999959e-01 1.414978e+01
9.999999e-01 3.601412e-04 9.005830e-05 -7.887806e-01 -3.600917e-04 9.999998e-01 -5.502266e-04 -4.501477e-01 -9.025677e-05 5.501934e-04 9.999998e-01 1.402678e+01
9.999979e-01 7.864430e-05 -2.033064e-03 -6.245156e-01 -7.664681e-05 9.999995e-01 9.825141e-04 -4.637244e-01 2.033140e-03 -9.823555e-04 9.999975e-01 1.395242e+01
9.999967e-01 9.379614e-04 -2.390458e-03 -4.870936e-01 -9.389594e-04 9.999995e-01 -4.163951e-04 -4.753348e-01 2.390066e-03 4.186376e-04 9.999971e-01 1.387390e+01
9.999999e-01 -3.973133e-04 1.631185e-04 -2.390322e-01 3.971333e-04 9.999993e-01 1.102566e-03 -4.902588e-01 -1.635561e-04 -1.102501e-03 9.999994e-01 1.370305e+01
9.999946e-01 1.287406e-03 -3.029295e-03 -2.797740e-02 -1.289064e-03 9.999990e-01 -5.455070e-04 -5.030638e-01 3.028589e-03 5.494083e-04 9.999953e-01 1.357007e+01
9.999998e-01 -6.124552e-04 -6.191574e-05 1.133491e-01 6.125365e-04 9.999989e-01 1.319114e-03 -5.159945e-01 6.110811e-05 -1.319151e-03 9.999991e-01 1.349122e+01
9.999980e-01 9.081045e-04 -1.795363e-03 2.095429e-01 -9.103889e-04 9.999988e-01 -1.271956e-03 -5.279656e-01 1.794205e-03 1.273587e-03 9.999976e-01 1.347352e+01
9.999983e-01 8.956391e-05 -1.851290e-03 3.630684e-01 -8.641679e-05 9.999986e-01 1.699913e-03 -5.392592e-01 1.851440e-03 -1.699749e-03 9.999968e-01 1.339670e+01
1.000000e+00 -2.184246e-04 9.154687e-05 4.686971e-01 2.186217e-04 9.999976e-01 -2.160250e-03 -5.514435e-01 -9.107513e-05 2.160270e-03 9.999977e-01 1.335382e+01
9.999982e-01 6.569365e-04 -1.757648e-03 5.676784e-01 -6.524959e-04 9.999966e-01 2.525790e-03 -5.635832e-01 1.759302e-03 -2.524638e-03 9.999953e-01 1.331506e+01
9.999997e-01 1.219872e-04 -7.251327e-04 7.106094e-01 -1.234168e-04 9.999980e-01 -1.971665e-03 -5.758211e-01 7.248904e-04 1.971754e-03 9.999978e-01 1.323969e+01
9.999986e-01 5.789299e-04 -1.543906e-03 8.879539e-01 -5.751874e-04 9.999969e-01 2.423310e-03 -5.890002e-01 1.545305e-03 -2.422418e-03 9.999959e-01 1.313451e+01
9.999991e-01 -4.331834e-04 -1.267720e-03 9.415571e-01 4.304944e-04 9.999977e-01 -2.120549e-03 -6.004000e-01 1.268635e-03 2.120001e-03 9.999969e-01 1.321585e+01
9.999988e-01 3.518253e-04 -1.518934e-03 9.365650e-01 -3.483172e-04 9.999973e-01 2.309147e-03 -6.100874e-01 1.519743e-03 -2.308614e-03 9.999962e-01 1.345907e+01
9.999989e-01 -1.466779e-05 -1.464073e-03 9.846918e-01 1.158322e-05 9.999978e-01 -2.106758e-03 -6.197783e-01 1.464100e-03 2.106738e-03 9.999967e-01 1.350663e+01
9.999982e-01 7.002839e-04 -1.736268e-03 1.119795e+00 -6.955769e-04 9.999961e-01 2.710043e-03 -6.319030e-01 1.738160e-03 -2.708830e-03 9.999948e-01 1.344030e+01
9.999997e-01 -7.257506e-04 -1.150887e-04 1.193360e+00 7.254358e-04 9.999961e-01 -2.710772e-03 -6.435016e-01 1.170553e-04 2.710687e-03 9.999963e-01 1.341732e+01
9.999985e-01 1.261182e-03 -1.227566e-03 1.278420e+00 -1.257437e-03 9.999946e-01 3.046152e-03 -6.550358e-01 1.231402e-03 -3.044603e-03 9.999946e-01 1.338550e+01
9.999983e-01 -1.208149e-03 -1.407198e-03 1.301306e+00 1.204044e-03 9.999950e-01 -2.913991e-03 -6.646801e-01 1.410711e-03 2.912291e-03 9.999948e-01 1.343855e+01
9.999986e-01 1.145384e-03 -1.199016e-03 1.262413e+00 -1.141773e-03 9.999948e-01 3.007631e-03 -6.718226e-01 1.202455e-03 -3.006257e-03 9.999948e-01 1.360677e+01
9.999975e-01 -1.176108e-03 -1.886839e-03 1.240195e+00 1.170595e-03 9.999951e-01 -2.920130e-03 -6.788517e-01 1.890263e-03 2.917914e-03 9.999940e-01 1.370877e+01
9.999987e-01 1.020920e-03 -1.222732e-03 1.176204e+00 -1.017247e-03 9.999950e-01 3.000866e-03 -6.841449e-01 1.225790e-03 -2.999618e-03 9.999947e-01 1.384210e+01
9.999998e-01 -6.243691e-04 3.226257e-04 1.254758e+00 6.252444e-04 9.999961e-01 -2.720550e-03 -6.945372e-01 -3.209261e-04 2.720751e-03 9.999962e-01 1.383162e+01
9.999962e-01 9.606238e-04 -2.579102e-03 1.377716e+00 -9.534201e-04 9.999956e-01 2.792843e-03 -7.072462e-01 2.581774e-03 -2.790372e-03 9.999928e-01 1.380461e+01
9.999996e-01 -8.693431e-04 -1.282583e-04 1.379574e+00 8.690028e-04 9.999962e-01 -2.629322e-03 -7.151572e-01 1.305433e-04 2.629208e-03 9.999965e-01 1.387865e+01
9.999970e-01 1.215670e-03 -2.109833e-03 1.443360e+00 -1.209673e-03 9.999952e-01 2.840937e-03 -7.252770e-01 2.113277e-03 -2.838375e-03 9.999937e-01 1.389694e+01
9.999993e-01 -2.315289e-04 -1.163997e-03 1.617558e+00 2.288408e-04 9.999973e-01 -2.308820e-03 -7.373824e-01 1.164528e-03 2.308552e-03 9.999967e-01 1.380046e+01
9.999992e-01 9.428476e-04 -8.705461e-04 1.787013e+00 -9.403686e-04 9.999955e-01 2.843470e-03 -7.508816e-01 8.732235e-04 -2.842648e-03 9.999956e-01 1.370333e+01
9.999952e-01 -1.178726e-03 -2.875445e-03 1.795545e+00 1.171505e-03 9.999962e-01 -2.511840e-03 -7.599289e-01 2.878395e-03 2.508458e-03 9.999927e-01 1.381223e+01
9.999986e-01 1.470821e-03 8.130005e-04 1.863163e+00 -1.473043e-03 9.999952e-01 2.738480e-03 -7.716635e-01 -8.089685e-04 -2.739673e-03 9.999959e-01 1.394075e+01
9.999845e-01 -1.177818e-03 -5.435676e-03 1.892465e+00 1.163616e-03 9.999959e-01 -2.615129e-03 -7.808414e-01 5.438734e-03 2.608763e-03 9.999818e-01 1.406070e+01
9.999975e-01 1.244201e-03 1.877390e-03 1.908135e+00 -1.249306e-03 9.999955e-01 2.720757e-03 -7.896366e-01 -1.873997e-03 -2.723095e-03 9.999945e-01 1.422325e+01
9.999835e-01 -1.234810e-03 -5.611811e-03 1.925454e+00 1.221206e-03 9.999963e-01 -2.426820e-03 -7.991748e-01 5.614787e-03 2.419926e-03 9.999813e-01 1.438856e+01
9.999975e-01 1.130663e-03 1.917472e-03 1.902277e+00 -1.135466e-03 9.999962e-01 2.506028e-03 -8.070332e-01 -1.914631e-03 -2.508198e-03 9.999950e-01 1.460904e+01
9.999927e-01 5.964530e-04 -3.775917e-03 2.161740e+00 -6.053131e-04 9.999971e-01 -2.345726e-03 -8.195252e-01 3.774506e-03 2.347994e-03 9.999901e-01 1.452734e+01
1.000000e+00 -2.740468e-04 -2.432400e-05 2.276152e+00 2.741190e-04 9.999954e-01 3.016127e-03 -8.313937e-01 2.349765e-05 -3.016133e-03 9.999955e-01 1.455679e+01
9.999791e-01 3.028038e-05 -6.458811e-03 2.200728e+00 -4.902210e-05 9.999958e-01 -2.901571e-03 -8.366683e-01 6.458696e-03 2.901827e-03 9.999749e-01 1.497752e+01
9.999916e-01 -5.200906e-04 4.071043e-03 2.092571e+00 5.092549e-04 9.999963e-01 2.662269e-03 -8.404100e-01 -4.072412e-03 -2.660173e-03 9.999882e-01 1.538352e+01
9.999714e-01 4.422893e-04 -7.543503e-03 2.077711e+00 -4.615633e-04 9.999966e-01 -2.553482e-03 -8.484025e-01 7.542348e-03 2.556891e-03 9.999683e-01 1.557734e+01
9.999939e-01 -6.486400e-04 3.424898e-03 2.031612e+00 6.398667e-04 9.999965e-01 2.562142e-03 -8.545720e-01 -3.426547e-03 -2.559934e-03 9.999909e-01 1.581728e+01
9.999867e-01 9.620181e-04 -5.061695e-03 2.095080e+00 -9.740048e-04 9.999967e-01 -2.366162e-03 -8.653337e-01 5.059402e-03 2.371060e-03 9.999844e-01 1.591220e+01
9.999962e-01 -3.001685e-04 2.737371e-03 2.323617e+00 2.914023e-04 9.999948e-01 3.202317e-03 -8.794417e-01 -2.738317e-03 -3.201506e-03 9.999911e-01 1.580977e+01
9.999778e-01 4.921581e-04 -6.644422e-03 2.374895e+00 -5.108523e-04 9.999959e-01 -2.812102e-03 -8.903975e-01 6.643010e-03 2.815433e-03 9.999740e-01 1.592666e+01
9.999972e-01 -8.329400e-04 2.222677e-03 2.299728e+00 8.266034e-04 9.999956e-01 2.850369e-03 -8.956341e-01 -2.225041e-03 -2.848523e-03 9.999935e-01 1.629384e+01
9.999832e-01 1.572685e-03 -5.586443e-03 2.398791e+00 -1.587283e-03 9.999953e-01 -2.609578e-03 -9.061213e-01 5.582313e-03 2.618400e-03 9.999810e-01 1.633827e+01
9.999978e-01 -1.576252e-03 1.359297e-03 2.414011e+00 1.572184e-03 9.999943e-01 2.988727e-03 -9.160168e-01 -1.364000e-03 -2.986583e-03 9.999946e-01 1.650854e+01
9.999909e-01 1.183166e-03 -4.104386e-03 2.262131e+00 -1.197076e-03 9.999935e-01 -3.388313e-03 -9.171923e-01 4.100350e-03 3.393195e-03 9.999858e-01 1.697897e+01
9.999987e-01 -1.202043e-03 1.101005e-03 2.239934e+00 1.198217e-03 9.999933e-01 3.469514e-03 -9.248953e-01 -1.105167e-03 -3.468189e-03 9.999934e-01 1.719240e+01
9.999858e-01 2.126669e-03 -4.892364e-03 2.410061e+00 -2.142327e-03 9.999926e-01 -3.197410e-03 -9.368322e-01 4.885528e-03 3.207845e-03 9.999829e-01 1.716327e+01
9.999971e-01 -2.017385e-03 1.302559e-03 2.468852e+00 2.012842e-03 9.999919e-01 3.479375e-03 -9.475088e-01 -1.309568e-03 -3.476743e-03 9.999931e-01 1.729264e+01
9.999891e-01 2.892113e-03 -3.652115e-03 2.591072e+00 -2.904516e-03 9.999900e-01 -3.395326e-03 -9.585516e-01 3.642258e-03 3.405896e-03 9.999876e-01 1.732087e+01
9.999959e-01 -2.523432e-03 1.373616e-03 2.774758e+00 2.518727e-03 9.999910e-01 3.416215e-03 -9.718142e-01 -1.382224e-03 -3.412741e-03 9.999932e-01 1.723794e+01
9.999901e-01 2.783698e-03 -3.484241e-03 2.822386e+00 -2.794840e-03 9.999910e-01 -3.196994e-03 -9.825795e-01 3.475310e-03 3.206699e-03 9.999888e-01 1.726506e+01
9.999957e-01 -2.679950e-03 1.174205e-03 2.877003e+00 2.676132e-03 9.999912e-01 3.242050e-03 -9.935622e-01 -1.182882e-03 -3.238893e-03 9.999941e-01 1.727976e+01
9.999811e-01 2.500080e-03 -5.623323e-03 2.796203e+00 -2.518552e-03 9.999914e-01 -3.280054e-03 -9.986003e-01 5.615074e-03 3.294153e-03 9.999788e-01 1.759707e+01
9.999936e-01 -2.684262e-03 2.369616e-03 2.709587e+00 2.676667e-03 9.999913e-01 3.202184e-03 -1.003596e+00 -2.378191e-03 -3.195820e-03 9.999921e-01 1.794457e+01
9.999706e-01 2.455811e-03 -7.262995e-03 2.587213e+00 -2.480284e-03 9.999913e-01 -3.362356e-03 -1.005947e+00 7.254674e-03 3.380271e-03 9.999680e-01 1.835089e+01
9.999905e-01 -2.556040e-03 3.543672e-03 2.544724e+00 2.544097e-03 9.999911e-01 3.370710e-03 -1.012750e+00 -3.552256e-03 -3.361662e-03 9.999880e-01 1.859671e+01
9.999693e-01 2.358020e-03 -7.474382e-03 2.467835e+00 -2.383581e-03 9.999913e-01 -3.412714e-03 -1.017448e+00 7.466270e-03 3.430425e-03 9.999662e-01 1.883662e+01
9.999953e-01 -2.645132e-03 1.562915e-03 2.258008e+00 2.640233e-03 9.999916e-01 3.128527e-03 -1.015222e+00 -1.571177e-03 -3.124386e-03 9.999939e-01 1.935423e+01
9.999862e-01 2.314751e-03 -4.719157e-03 2.070096e+00 -2.331669e-03 9.999909e-01 -3.582690e-03 -1.014621e+00 4.710821e-03 3.593644e-03 9.999824e-01 1.985317e+01
9.999784e-01 -3.023383e-03 -5.833332e-03 1.489326e+00 3.036716e-03 9.999928e-01 2.278214e-03 -9.915489e-01 5.826403e-03 -2.295879e-03 9.999804e-01 2.102354e+01
9.999894e-01 1.608630e-03 4.306339e-03 6.883794e-01 -1.586919e-03 9.999860e-01 -5.040421e-03 -9.557901e-01 -4.314387e-03 5.033533e-03 9.999780e-01 2.257685e+01
9.999618e-01 -2.952606e-03 -8.221808e-03 5.806027e-02 2.978467e-03 9.999907e-01 3.135041e-03 -9.314732e-01 8.212475e-03 -3.159409e-03 9.999613e-01 2.396703e+01
9.999679e-01 1.851483e-03 7.792136e-03 -5.817098e-01 -1.812308e-03 9.999857e-01 -5.031562e-03 -9.079564e-01 -7.801341e-03 5.017278e-03 9.999570e-01 2.526176e+01
9.999256e-01 -2.542325e-03 -1.192959e-02 -9.538600e-01 2.589884e-03 9.999888e-01 3.972837e-03 -8.985549e-01 1.191936e-02 -4.003437e-03 9.999209e-01 2.621267e+01
9.999388e-01 1.891856e-03 1.090043e-02 -1.206903e+00 -1.840878e-03 9.999873e-01 -4.684864e-03 -8.950322e-01 -1.090916e-02 4.664510e-03 9.999296e-01 2.692800e+01
9.998590e-01 -2.387739e-03 -1.662171e-02 -1.343296e+00 2.463793e-03 9.999866e-01 4.556629e-03 -8.997553e-01 1.661061e-02 -4.596938e-03 9.998515e-01 2.761303e+01
9.999266e-01 1.726826e-03 1.199492e-02 -1.563110e+00 -1.666560e-03 9.999859e-01 -5.032502e-03 -9.000049e-01 -1.200344e-02 5.012141e-03 9.999154e-01 2.840492e+01
9.998642e-01 -2.374692e-03 -1.630879e-02 -1.778905e+00 2.448933e-03 9.999867e-01 4.533777e-03 -9.003156e-01 1.629781e-02 -4.573100e-03 9.998567e-01 2.918234e+01
9.999257e-01 1.798191e-03 1.205305e-02 -2.095669e+00 -1.733613e-03 9.999841e-01 -5.366189e-03 -8.936341e-01 -1.206251e-02 5.344895e-03 9.999130e-01 3.002114e+01
9.998994e-01 -2.293166e-03 -1.400036e-02 -2.263401e+00 2.361715e-03 9.999853e-01 4.881684e-03 -8.942590e-01 1.398896e-02 -4.914257e-03 9.998901e-01 3.057943e+01
9.999494e-01 2.134235e-03 9.833296e-03 -2.277471e+00 -2.087962e-03 9.999867e-01 -4.713636e-03 -9.043943e-01 -9.843225e-03 4.692865e-03 9.999405e-01 3.099808e+01
9.998993e-01 -2.443534e-03 -1.398123e-02 -2.338202e+00 2.510723e-03 9.999854e-01 4.790140e-03 -9.129093e-01 1.396932e-02 -4.824760e-03 9.998908e-01 3.153556e+01
9.999450e-01 2.102526e-03 1.027842e-02 -2.418757e+00 -2.053156e-03 9.999863e-01 -4.811425e-03 -9.199459e-01 -1.028840e-02 4.790056e-03 9.999356e-01 3.205161e+01
9.998914e-01 -2.338791e-03 -1.455048e-02 -2.484444e+00 2.408867e-03 9.999856e-01 4.800384e-03 -9.272453e-01 1.453904e-02 -4.834913e-03 9.998826e-01 3.251356e+01
9.999582e-01 1.988593e-03 8.925438e-03 -2.638170e+00 -1.942869e-03 9.999850e-01 -5.128601e-03 -9.295932e-01 -8.935503e-03 5.111045e-03 9.999470e-01 3.313588e+01
9.999201e-01 -2.563502e-03 -1.238146e-02 -2.894549e+00 2.619496e-03 9.999864e-01 4.508273e-03 -9.269725e-01 1.236973e-02 -4.540345e-03 9.999132e-01 3.391210e+01
9.999723e-01 2.213232e-03 7.111150e-03 -3.135245e+00 -2.176867e-03 9.999845e-01 -5.117474e-03 -9.247749e-01 -7.122367e-03 5.101851e-03 9.999616e-01 3.465227e+01
9.999409e-01 -2.834177e-03 -1.049245e-02 -3.341263e+00 2.882673e-03 9.999852e-01 4.609823e-03 -9.250125e-01 1.047923e-02 -4.639797e-03 9.999343e-01 3.542317e+01
9.999819e-01 2.241731e-03 5.578206e-03 -3.511306e+00 -2.214194e-03 9.999854e-01 -4.937779e-03 -9.279674e-01 -5.589194e-03 4.925337e-03 9.999723e-01 3.619451e+01
9.999478e-01 -2.936560e-03 -9.784918e-03 -3.743423e+00 2.979530e-03 9.999860e-01 4.379723e-03 -9.272767e-01 9.771919e-03 -4.408648e-03 9.999425e-01 3.702330e+01
9.999760e-01 2.352177e-03 6.518078e-03 -3.995486e+00 -2.319258e-03 9.999845e-01 -5.053357e-03 -9.247735e-01 -6.529864e-03 5.038118e-03 9.999660e-01 3.778569e+01
9.999524e-01 -2.749982e-03 -9.361957e-03 -4.158502e+00 2.793773e-03 9.999852e-01 4.667600e-03 -9.261698e-01 9.348983e-03 -4.693532e-03 9.999453e-01 3.833505e+01
9.999799e-01 2.485729e-03 5.831378e-03 -4.283100e+00 -2.457220e-03 9.999850e-01 -4.891037e-03 -9.297124e-01 -5.843449e-03 4.876609e-03 9.999710e-01 3.879606e+01
9.999469e-01 -2.679298e-03 -9.952633e-03 -4.371905e+00 2.726935e-03 9.999849e-01 4.775885e-03 -9.352294e-01 9.939687e-03 -4.802771e-03 9.999391e-01 3.921576e+01
9.999826e-01 2.497528e-03 5.341942e-03 -4.456815e+00 -2.471485e-03 9.999851e-01 -4.876199e-03 -9.411920e-01 -5.354041e-03 4.862911e-03 9.999738e-01 3.966062e+01
9.999087e-01 -2.919530e-03 -1.319198e-02 -4.779478e+00 2.975271e-03 9.999867e-01 4.207684e-03 -9.327031e-01 1.317952e-02 -4.246549e-03 9.999041e-01 4.046135e+01
9.999283e-01 2.244788e-03 1.176563e-02 -5.026198e+00 -2.185695e-03 9.999849e-01 -5.032963e-03 -9.289664e-01 -1.177675e-02 5.006885e-03 9.999181e-01 4.114703e+01
9.998839e-01 -2.547235e-03 -1.502427e-02 -5.109181e+00 2.622287e-03 9.999842e-01 4.977768e-03 -9.352302e-01 1.501135e-02 -5.016588e-03 9.998747e-01 4.158300e+01
9.999337e-01 2.482289e-03 1.124484e-02 -5.149897e+00 -2.426901e-03 9.999849e-01 -4.936623e-03 -9.430781e-01 -1.125692e-02 4.909005e-03 9.999246e-01 4.190538e+01
9.998743e-01 -2.615675e-03 -1.563718e-02 -5.200447e+00 2.693583e-03 9.999841e-01 4.963231e-03 -9.508340e-01 1.562395e-02 -5.004727e-03 9.998654e-01 4.231337e+01
9.999417e-01 2.385868e-03 1.052912e-02 -5.292821e+00 -2.332948e-03 9.999846e-01 -5.035500e-03 -9.568501e-01 -1.054098e-02 5.010642e-03 9.999319e-01 4.282515e+01
9.998982e-01 -2.617846e-03 -1.402466e-02 -5.352359e+00 2.689119e-03 9.999836e-01 5.065496e-03 -9.640658e-01 1.401117e-02 -5.102693e-03 9.998888e-01 4.320628e+01
9.999478e-01 2.490863e-03 9.907686e-03 -5.393751e+00 -2.441112e-03 9.999844e-01 -5.030455e-03 -9.719340e-01 -9.920062e-03 5.006006e-03 9.999383e-01 4.355905e+01
9.998996e-01 -2.546740e-03 -1.393874e-02 -5.413366e+00 2.618421e-03 9.999834e-01 5.126780e-03 -9.805754e-01 1.392545e-02 -5.162762e-03 9.998897e-01 4.384861e+01
9.999527e-01 2.371117e-03 9.429714e-03 -5.446750e+00 -2.323364e-03 9.999844e-01 -5.071834e-03 -9.891970e-01 -9.441593e-03 5.049685e-03 9.999427e-01 4.425248e+01
9.999028e-01 -2.555456e-03 -1.370715e-02 -5.526037e+00 2.624349e-03 9.999840e-01 5.010441e-03 -9.954880e-01 1.369413e-02 -5.045925e-03 9.998935e-01 4.463497e+01
9.999484e-01 2.516993e-03 9.841511e-03 -5.599468e+00 -2.467857e-03 9.999844e-01 -5.001720e-03 -1.001428e+00 -9.853948e-03 4.977174e-03 9.999391e-01 4.497069e+01
9.998983e-01 -2.622806e-03 -1.401568e-02 -5.659972e+00 2.692585e-03 9.999841e-01 4.962072e-03 -1.008090e+00 1.400244e-02 -4.999306e-03 9.998895e-01 4.529124e+01
9.999382e-01 2.622780e-03 1.080738e-02 -5.707870e+00 -2.569029e-03 9.999843e-01 -4.984471e-03 -1.014483e+00 -1.082029e-02 4.956397e-03 9.999292e-01 4.549979e+01
9.998795e-01 -2.723612e-03 -1.528067e-02 -5.794950e+00 2.800462e-03 9.999835e-01 5.010112e-03 -1.019639e+00 1.526678e-02 -5.052300e-03 9.998707e-01 4.588178e+01
9.999519e-01 2.438312e-03 9.502749e-03 -5.995821e+00 -2.387936e-03 9.999831e-01 -5.308941e-03 -1.019739e+00 -9.515533e-03 5.285992e-03 9.999408e-01 4.652265e+01
9.999280e-01 -3.084007e-03 -1.159436e-02 -6.335426e+00 3.133722e-03 9.999860e-01 4.272125e-03 -1.011515e+00 1.158102e-02 -4.308150e-03 9.999237e-01 4.733490e+01
9.999195e-01 2.497176e-03 1.244383e-02 -6.643239e+00 -2.429202e-03 9.999821e-01 -5.474640e-03 -1.002506e+00 -1.245728e-02 5.443970e-03 9.999076e-01 4.794468e+01
9.998607e-01 -2.467563e-03 -1.650607e-02 -6.631806e+00 2.562547e-03 9.999803e-01 5.735768e-03 -1.012995e+00 1.649160e-02 -5.777266e-03 9.998473e-01 4.826594e+01
9.999058e-01 2.083245e-03 1.356417e-02 -6.711052e+00 -2.003901e-03 9.999808e-01 -5.860480e-03 -1.019312e+00 -1.357612e-02 5.832746e-03 9.998908e-01 4.876224e+01
9.998478e-01 -2.314592e-03 -1.729045e-02 -6.749978e+00 2.418938e-03 9.999790e-01 6.016394e-03 -1.028291e+00 1.727616e-02 -6.057302e-03 9.998324e-01 4.922561e+01
9.998919e-01 2.272936e-03 1.452686e-02 -6.733700e+00 -2.189592e-03 9.999811e-01 -5.750585e-03 -1.040072e+00 -1.453966e-02 5.718155e-03 9.998779e-01 4.953936e+01
9.998578e-01 -2.132877e-03 -1.672520e-02 -6.661770e+00 2.233861e-03 9.999794e-01 6.021413e-03 -1.052690e+00 1.671202e-02 -6.057918e-03 9.998420e-01 4.973836e+01
9.999059e-01 2.335951e-03 1.351531e-02 -6.637188e+00 -2.256905e-03 9.999803e-01 -5.860914e-03 -1.063879e+00 -1.352873e-02 5.829859e-03 9.998915e-01 5.001930e+01
9.998869e-01 -2.452404e-03 -1.483937e-02 -6.650195e+00 2.540170e-03 9.999794e-01 5.898454e-03 -1.074566e+00 1.482460e-02 -5.935481e-03 9.998725e-01 5.041622e+01
9.999473e-01 2.151687e-03 1.004235e-02 -6.720294e+00 -2.090939e-03 9.999795e-01 -6.055812e-03 -1.081862e+00 -1.005517e-02 6.034494e-03 9.999312e-01 5.098349e+01
9.999449e-01 4.481058e-04 -1.048465e-02 -6.303405e+00 -3.851475e-04 9.999819e-01 6.006031e-03 -1.098788e+00 1.048715e-02 -6.001662e-03 9.999270e-01 5.097471e+01
9.999621e-01 1.893263e-03 8.493833e-03 -5.573374e+00 -1.857365e-03 9.999893e-01 -4.232204e-03 -1.121862e+00 -8.501756e-03 4.216267e-03 9.999550e-01 5.074789e+01
9.999236e-01 2.737954e-03 -1.205453e-02 -4.601123e+00 -2.683602e-03 9.999862e-01 4.522774e-03 -1.140377e+00 1.206674e-02 -4.490078e-03 9.999171e-01 5.025903e+01
9.999710e-01 5.774028e-04 7.588105e-03 -3.612082e+00 -5.513977e-04 9.999940e-01 -3.428764e-03 -1.160578e+00 -7.590040e-03 3.424480e-03 9.999653e-01 4.967310e+01
9.999417e-01 -1.729494e-04 -1.079729e-02 -3.421159e+00 2.185663e-04 9.999911e-01 4.223791e-03 -1.175447e+00 1.079646e-02 -4.225904e-03 9.999328e-01 4.966482e+01
9.999673e-01 5.620338e-04 8.069361e-03 -3.436099e+00 -5.250818e-04 9.999894e-01 -4.580712e-03 -1.183296e+00 -8.071851e-03 4.576325e-03 9.999570e-01 4.984512e+01
9.999227e-01 1.109271e-03 -1.238684e-02 -3.061135e+00 -1.044545e-03 9.999858e-01 5.230568e-03 -1.197400e+00 1.239247e-02 -5.217224e-03 9.999096e-01 4.968021e+01
9.999746e-01 6.829671e-05 7.121833e-03 -2.779037e+00 -3.626089e-05 9.999899e-01 -4.498320e-03 -1.213019e+00 -7.122068e-03 4.497947e-03 9.999645e-01 4.965242e+01
9.999136e-01 1.819157e-03 -1.302072e-02 -2.475691e+00 -1.753222e-03 9.999856e-01 5.073443e-03 -1.226653e+00 1.302976e-02 -5.050176e-03 9.999024e-01 4.956805e+01
9.999623e-01 -7.496898e-04 8.656413e-03 -2.241914e+00 7.876647e-04 9.999901e-01 -4.384359e-03 -1.241571e+00 -8.653041e-03 4.391011e-03 9.999529e-01 4.961130e+01
9.998908e-01 1.576012e-03 -1.469124e-02 -2.110103e+00 -1.509440e-03 9.999885e-01 4.541332e-03 -1.252318e+00 1.469823e-02 -4.518660e-03 9.998818e-01 4.973499e+01
9.999411e-01 -1.528622e-03 1.074278e-02 -2.071655e+00 1.575285e-03 9.999894e-01 -4.336524e-03 -1.264256e+00 -1.073604e-02 4.353191e-03 9.999329e-01 5.003909e+01
9.997832e-01 8.092577e-04 -2.080552e-02 -2.091370e+00 -7.202895e-04 9.999906e-01 4.283308e-03 -1.280430e+00 2.080879e-02 -4.267392e-03 9.997744e-01 5.109717e+01
9.999470e-01 -9.374182e-04 1.025055e-02 -2.252691e+00 9.787657e-04 9.999914e-01 -4.029436e-03 -1.289463e+00 -1.024668e-02 4.039255e-03 9.999393e-01 5.223142e+01
9.998790e-01 1.096997e-04 -1.555801e-02 -2.396383e+00 -4.711092e-05 9.999919e-01 4.023220e-03 -1.297422e+00 1.555833e-02 -4.021999e-03 9.998709e-01 5.319953e+01
9.999326e-01 -3.615451e-04 1.160054e-02 -2.411150e+00 4.031224e-04 9.999935e-01 -3.581965e-03 -1.310287e+00 -1.159917e-02 3.586400e-03 9.999263e-01 5.384358e+01
9.997192e-01 2.668023e-03 -2.354514e-02 -2.002942e+00 -2.582944e-03 9.999900e-01 3.643074e-03 -1.324983e+00 2.355463e-02 -3.581234e-03 9.997161e-01 5.383531e+01
9.998712e-01 -1.846578e-03 1.594419e-02 -1.745786e+00 1.893778e-03 9.999939e-01 -2.945697e-03 -1.342332e+00 -1.593865e-02 2.975512e-03 9.998685e-01 5.402828e+01
9.997725e-01 1.859936e-03 -2.124946e-02 -1.715116e+00 -1.788988e-03 9.999928e-01 3.357356e-03 -1.355554e+00 2.125555e-02 -3.318577e-03 9.997686e-01 5.448507e+01
9.999035e-01 -9.861679e-04 1.385985e-02 -1.556919e+00 1.030676e-03 9.999943e-01 -3.204544e-03 -1.369520e+00 -1.385661e-02 3.218519e-03 9.998988e-01 5.473013e+01
9.997061e-01 1.686428e-03 -2.418435e-02 -1.367143e+00 -1.598149e-03 9.999920e-01 3.669107e-03 -1.387140e+00 2.419034e-02 -3.629377e-03 9.997008e-01 5.528181e+01
9.998385e-01 -1.338491e-03 1.792222e-02 -1.299097e+00 1.399353e-03 9.999933e-01 -3.383775e-03 -1.400352e+00 -1.791757e-02 3.408307e-03 9.998337e-01 5.564419e+01
9.996729e-01 1.496056e-03 -2.553206e-02 -1.153713e+00 -1.391893e-03 9.999906e-01 4.096977e-03 -1.418611e+00 2.553795e-02 -4.060099e-03 9.996656e-01 5.627282e+01
9.998127e-01 -1.191288e-03 1.931695e-02 -1.097194e+00 1.266760e-03 9.999916e-01 -3.895252e-03 -1.431694e+00 -1.931214e-02 3.918992e-03 9.998058e-01 5.667000e+01
9.996782e-01 1.276044e-03 -2.533337e-02 -1.002481e+00 -1.163157e-03 9.999893e-01 4.470280e-03 -1.447406e+00 2.533880e-02 -4.439375e-03 9.996691e-01 5.721695e+01
9.997858e-01 -1.563472e-03 2.063667e-02 -9.962535e-01 1.653928e-03 9.999891e-01 -4.366942e-03 -1.460729e+00 -2.062962e-02 4.400138e-03 9.997775e-01 5.793401e+01
9.996937e-01 1.306683e-03 -2.471595e-02 -9.912331e-01 -1.197476e-03 9.999895e-01 4.432771e-03 -1.473120e+00 2.472148e-02 -4.401815e-03 9.996847e-01 5.854564e+01
9.998628e-01 -5.673264e-04 1.655494e-02 -8.381906e-01 6.381053e-04 9.999907e-01 -4.270445e-03 -1.486324e+00 -1.655236e-02 4.280422e-03 9.998538e-01 5.881874e+01
9.997336e-01 7.303425e-04 -2.306767e-02 -7.646168e-01 -6.243968e-04 9.999892e-01 4.599682e-03 -1.501416e+00 2.307078e-02 -4.584053e-03 9.997233e-01 5.943117e+01
9.998493e-01 -7.415978e-04 1.734621e-02 -7.230136e-01 8.235397e-04 9.999885e-01 -4.717257e-03 -1.515314e+00 -1.734251e-02 4.730831e-03 9.998384e-01 6.001201e+01
9.997504e-01 4.119028e-04 -2.233749e-02 -7.303441e-01 -3.003214e-04 9.999875e-01 4.998368e-03 -1.528030e+00 2.233927e-02 -4.990411e-03 9.997380e-01 6.064373e+01
9.998427e-01 -8.308348e-04 1.771885e-02 -7.651866e-01 9.142821e-04 9.999885e-01 -4.701957e-03 -1.541075e+00 -1.771474e-02 4.717417e-03 9.998320e-01 6.142115e+01
9.997383e-01 2.223265e-04 -2.287420e-02 -8.171314e-01 -1.071543e-04 9.999873e-01 5.036116e-03 -1.553097e+00 2.287503e-02 -5.032347e-03 9.997257e-01 6.230358e+01
9.998325e-01 -2.904406e-04 1.829813e-02 -7.797355e-01 3.811759e-04 9.999876e-01 -4.955440e-03 -1.568034e+00 -1.829647e-02 4.961584e-03 9.998203e-01 6.293271e+01
9.996720e-01 1.534518e-04 -2.560878e-02 -7.188628e-01 -1.619022e-05 9.999856e-01 5.360051e-03 -1.583431e+00 2.560924e-02 -5.357878e-03 9.996577e-01 6.377883e+01
9.998125e-01 -1.069867e-04 1.936196e-02 -6.475783e-01 2.082384e-04 9.999863e-01 -5.227488e-03 -1.598753e+00 -1.936114e-02 5.230540e-03 9.997989e-01 6.439807e+01
9.996541e-01 8.962120e-04 -2.628401e-02 -4.463479e-01 -7.552359e-04 9.999853e-01 5.372993e-03 -1.616133e+00 2.628844e-02 -5.351284e-03 9.996401e-01 6.480550e+01
9.998362e-01 7.382330e-04 1.808479e-02 7.805816e-02 -6.540625e-04 9.999889e-01 -4.659706e-03 -1.640564e+00 -1.808803e-02 4.647114e-03 9.998256e-01 6.528422e+01
9.995240e-01 1.486043e-03 -3.081498e-02 8.912370e-01 -1.353334e-03 9.999897e-01 4.327024e-03 -1.673450e+00 3.082109e-02 -4.283261e-03 9.995157e-01 6.599566e+01
9.999076e-01 1.187934e-03 1.354313e-02 1.720395e+00 -1.107142e-03 9.999816e-01 -5.971501e-03 -1.702441e+00 -1.354998e-02 5.955954e-03 9.998905e-01 6.664127e+01
9.994941e-01 5.778454e-04 -3.179855e-02 2.513880e+00 -3.906001e-04 9.999826e-01 5.894375e-03 -1.731388e+00 3.180140e-02 -5.878972e-03 9.994769e-01 6.732793e+01
9.999073e-01 1.089537e-03 1.356995e-02 3.225542e+00 -1.000402e-03 9.999779e-01 -6.573602e-03 -1.762101e+00 -1.357681e-02 6.559417e-03 9.998863e-01 6.822697e+01
9.994696e-01 1.189442e-03 -3.254323e-02 4.108517e+00 -1.005877e-03 9.999835e-01 5.656427e-03 -1.793123e+00 3.254942e-02 -5.620691e-03 9.994543e-01 6.883574e+01
9.998769e-01 4.331236e-04 1.568332e-02 4.749159e+00 -3.454340e-04 9.999843e-01 -5.593562e-03 -1.823359e+00 -1.568550e-02 5.587455e-03 9.998614e-01 6.950551e+01
9.993854e-01 -1.414726e-03 -3.502729e-02 5.026527e+00 1.586100e-03 9.999869e-01 4.865295e-03 -1.859036e+00 3.501995e-02 -4.917860e-03 9.993745e-01 7.204698e+01
9.996497e-01 -8.170456e-05 2.646691e-02 5.148214e+00 2.499634e-04 9.999798e-01 -6.354093e-03 -1.889605e+00 -2.646586e-02 6.358482e-03 9.996295e-01 7.424865e+01
9.992350e-01 3.849149e-04 -3.910501e-02 5.285624e+00 -1.505253e-04 9.999820e-01 5.996609e-03 -1.909764e+00 3.910661e-02 -5.986135e-03 9.992171e-01 7.527455e+01
9.997108e-01 8.458663e-04 2.403125e-02 5.557531e+00 -7.008748e-04 9.999815e-01 -6.041255e-03 -1.926468e+00 -2.403591e-02 6.022665e-03 9.996930e-01 7.580842e+01
9.990864e-01 -1.459783e-03 -4.270999e-02 5.511604e+00 1.704544e-03 9.999823e-01 5.694915e-03 -1.933433e+00 4.270092e-02 -5.762513e-03 9.990713e-01 7.724484e+01
9.992917e-01 9.459033e-04 3.762020e-02 5.520389e+00 -6.970522e-04 9.999778e-01 -6.627402e-03 -1.948992e+00 -3.762563e-02 6.596484e-03 9.992701e-01 7.836701e+01
9.987340e-01 -6.636088e-04 -5.029949e-02 5.648553e+00 1.007411e-03 9.999763e-01 6.810046e-03 -1.966873e+00 5.029378e-02 -6.852096e-03 9.987110e-01 7.944018e+01
9.992897e-01 1.058622e-04 3.768356e-02 5.717581e+00 1.789856e-04 9.999714e-01 -7.555498e-03 -1.986052e+00 -3.768329e-02 7.556876e-03 9.992612e-01 8.115681e+01
9.987378e-01 -3.697124e-04 -5.022631e-02 5.847192e+00 6.905057e-04 9.999795e-01 6.369750e-03 -2.010739e+00 5.022292e-02 -6.396391e-03 9.987175e-01 8.285296e+01
9.995204e-01 -1.274583e-06 3.096814e-02 6.064840e+00 2.320599e-04 9.999722e-01 -7.448765e-03 -2.043021e+00 -3.096728e-02 7.452379e-03 9.994926e-01 8.514645e+01
9.990513e-01 -5.588339e-04 -4.354584e-02 6.364486e+00 8.351850e-04 9.999796e-01 6.328268e-03 -2.078450e+00 4.354142e-02 -6.358632e-03 9.990314e-01 8.718365e+01
9.995659e-01 2.441423e-04 2.945982e-02 6.694399e+00 -3.540290e-05 9.999749e-01 -7.085889e-03 -2.115213e+00 -2.946081e-02 7.081769e-03 9.995408e-01 8.923864e+01
9.994011e-01 -2.473847e-03 -3.451525e-02 6.664099e+00 2.676174e-03 9.999795e-01 5.816970e-03 -2.136717e+00 3.450015e-02 -5.905854e-03 9.993872e-01 9.164540e+01
9.994569e-01 1.342672e-03 3.292534e-02 6.554496e+00 -1.118548e-03 9.999761e-01 -6.824537e-03 -2.148052e+00 -3.293371e-02 6.784002e-03 9.994345e-01 9.294896e+01
9.992691e-01 -1.304385e-03 -3.820301e-02 6.589490e+00 1.557568e-03 9.999770e-01 6.598275e-03 -2.161117e+00 3.819353e-02 -6.652955e-03 9.992482e-01 9.347752e+01
9.994712e-01 1.561356e-03 3.247944e-02 6.629199e+00 -1.354606e-03 9.999787e-01 -6.386624e-03 -2.173623e+00 -3.248872e-02 6.339249e-03 9.994520e-01 9.386958e+01
9.991453e-01 -2.031557e-03 -4.128553e-02 6.716242e+00 2.323891e-03 9.999726e-01 7.034021e-03 -2.191149e+00 4.127011e-02 -7.123952e-03 9.991226e-01 9.500460e+01
9.994314e-01 1.666625e-03 3.367732e-02 6.764706e+00 -1.411103e-03 9.999701e-01 -7.609707e-03 -2.208100e+00 -3.368899e-02 7.557857e-03 9.994038e-01 9.621474e+01
9.991197e-01 -1.612617e-03 -4.191937e-02 6.833202e+00 1.936309e-03 9.999686e-01 7.682320e-03 -2.222857e+00 4.190567e-02 -7.756726e-03 9.990915e-01 9.690287e+01
9.993251e-01 1.674416e-03 3.669504e-02 6.864761e+00 -1.409859e-03 9.999728e-01 -7.234303e-03 -2.237059e+00 -3.670615e-02 7.177685e-03 9.993003e-01 9.750294e+01
9.990688e-01 -9.042640e-04 -4.313667e-02 6.950276e+00 1.228010e-03 9.999713e-01 7.479215e-03 -2.248789e+00 4.312867e-02 -7.525221e-03 9.990412e-01 9.774623e+01
9.993453e-01 2.008895e-03 3.612492e-02 7.119021e+00 -1.758138e-03 9.999742e-01 -6.971832e-03 -2.261247e+00 -3.613799e-02 6.903754e-03 9.993230e-01 9.778750e+01
9.991191e-01 -1.649831e-03 -4.193148e-02 7.165144e+00 1.951549e-03 9.999725e-01 7.155559e-03 -2.273660e+00 4.191852e-02 -7.231087e-03 9.990949e-01 9.813033e+01
9.993944e-01 2.691429e-03 3.469283e-02 7.299761e+00 -2.445353e-03 9.999716e-01 -7.133493e-03 -2.286195e+00 -3.471104e-02 7.044336e-03 9.993726e-01 9.833364e+01
9.991029e-01 -1.457783e-03 -4.232443e-02 7.469924e+00 1.774129e-03 9.999708e-01 7.437698e-03 -2.299598e+00 4.231235e-02 -7.506113e-03 9.990762e-01 9.843006e+01
9.993839e-01 2.498825e-03 3.500777e-02 7.601447e+00 -2.245438e-03 9.999710e-01 -7.275473e-03 -2.312697e+00 -3.502493e-02 7.192383e-03 9.993606e-01 9.865376e+01
9.991951e-01 -2.081772e-03 -4.006034e-02 7.638637e+00 2.387096e-03 9.999685e-01 7.575281e-03 -2.326220e+00 4.004331e-02 -7.664811e-03 9.991685e-01 9.904787e+01
9.993603e-01 2.151612e-03 3.569945e-02 7.642352e+00 -1.893534e-03 9.999718e-01 -7.261425e-03 -2.338966e+00 -3.571407e-02 7.189180e-03 9.993362e-01 9.952648e+01
9.990823e-01 -7.928772e-04 -4.282395e-02 7.844587e+00 1.104562e-03 9.999731e-01 7.255112e-03 -2.353158e+00 4.281704e-02 -7.295755e-03 9.990563e-01 9.972000e+01
9.994530e-01 2.734391e-03 3.295801e-02 8.242518e+00 -2.516712e-03 9.999748e-01 -6.644450e-03 -2.369031e+00 -3.297535e-02 6.557869e-03 9.994347e-01 9.966545e+01
9.991374e-01 -1.712489e-03 -4.149202e-02 8.369291e+00 1.993510e-03 9.999753e-01 6.732453e-03 -2.381121e+00 4.147947e-02 -6.809359e-03 9.991162e-01 9.987606e+01
9.994113e-01 3.065089e-03 3.417016e-02 8.599214e+00 -2.855366e-03 9.999768e-01 -6.184733e-03 -2.394398e+00 -3.418833e-02 6.083524e-03 9.993969e-01 9.987191e+01
9.990376e-01 3.542008e-04 -4.386153e-02 9.300727e+00 -1.222293e-04 9.999860e-01 5.291281e-03 -2.412317e+00 4.386279e-02 -5.280827e-03 9.990236e-01 9.961744e+01
9.993830e-01 1.226863e-03 3.510171e-02 9.656779e+00 -1.058057e-03 9.999878e-01 -4.827215e-03 -2.428145e+00 -3.510721e-02 4.787097e-03 9.993721e-01 9.961862e+01
9.992257e-01 -1.319114e-03 -3.932349e-02 9.655790e+00 1.514874e-03 9.999866e-01 4.948795e-03 -2.438923e+00 3.931644e-02 -5.004532e-03 9.992143e-01 1.000033e+02
9.994164e-01 1.215741e-03 3.413653e-02 9.637452e+00 -1.051971e-03 9.999879e-01 -4.815079e-03 -2.448817e+00 -3.414197e-02 4.776358e-03 9.994056e-01 1.004219e+02
9.992180e-01 -9.845763e-04 -3.952689e-02 9.670145e+00 1.182384e-03 9.999869e-01 4.981299e-03 -2.459405e+00 3.952146e-02 -5.024139e-03 9.992061e-01 1.006940e+02
9.994588e-01 1.770357e-03 3.284857e-02 9.782334e+00 -1.614401e-03 9.999873e-01 -4.773679e-03 -2.471116e+00 -3.285660e-02 4.718064e-03 9.994489e-01 1.007792e+02
9.992426e-01 -1.340651e-03 -3.888901e-02 9.845625e+00 1.530133e-03 9.999871e-01 4.843014e-03 -2.482459e+00 3.888202e-02 -4.898851e-03 9.992318e-01 1.010065e+02
9.994578e-01 1.634836e-03 3.288548e-02 9.871917e+00 -1.475758e-03 9.999871e-01 -4.861048e-03 -2.493168e+00 -3.289300e-02 4.809880e-03 9.994473e-01 1.013350e+02
