9.999874e-01 1.922844e-03 -4.627194e-03 3.474788e-01 -1.932422e-03 9.999960e-01 -2.066347e-03 -1.389329e-03 4.623201e-03 2.075262e-03 9.999872e-01 -2.271049e-01
9.999953e-01 7.077964e-04 2.975874e-03 7.738352e-01 -7.080916e-04 9.999997e-01 9.815389e-05 1.547394e-03 -2.975804e-03 -1.002599e-04 9.999956e-01 -6.196310e-01
9.999963e-01 2.657799e-03 4.999789e-04 1.329756e+00 -2.656494e-03 9.999931e-01 -2.592944e-03 8.218132e-03 -5.068673e-04 2.591605e-03 9.999965e-01 -1.192013e+00
9.999954e-01 -9.382435e-04 2.873792e-03 1.716599e+00 9.366920e-04 9.999994e-01 5.411607e-04 1.349456e-02 -2.874298e-03 -5.384657e-04 9.999957e-01 -1.601661e+00
9.999770e-01 3.509203e-03 -5.812242e-03 2.064674e+00 -3.523143e-03 9.999909e-01 -2.389869e-03 1.470980e-02 5.803803e-03 2.410290e-03 9.999803e-01 -1.961204e+00
9.999398e-01 -1.258466e-03 1.090204e-02 2.541939e+00 1.260689e-03 9.999992e-01 -1.970714e-04 2.215969e-02 -1.090178e-02 2.108043e-04 9.999406e-01 -2.466613e+00
9.999517e-01 4.596647e-03 -8.682999e-03 3.059179e+00 -4.615949e-03 9.999869e-01 -2.204203e-03 2.843789e-02 8.672753e-03 2.244177e-03 9.999599e-01 -2.994557e+00
9.999865e-01 -3.829249e-03 3.500553e-03 3.206439e+00 3.826764e-03 9.999924e-01 7.163716e-04 2.793045e-02 -3.503269e-03 -7.029655e-04 9.999936e-01 -3.125112e+00
9.999763e-01 6.654635e-03 -1.762227e-03 3.634300e+00 -6.659864e-03 9.999734e-01 -2.978209e-03 3.353125e-02 1.742361e-03 2.989874e-03 9.999940e-01 -3.581459e+00
9.999468e-01 -7.872596e-03 -6.665976e-03 3.560235e+00 7.888942e-03 9.999659e-01 2.429448e-03 2.283809e-02 6.646623e-03 -2.481905e-03 9.999748e-01 -3.080772e+00
9.999669e-01 7.185588e-03 -3.815238e-03 3.558011e+00 -7.199035e-03 9.999679e-01 -3.522538e-03 1.400769e-02 3.789803e-03 3.549887e-03 9.999865e-01 -2.773742e+00
9.999313e-01 -8.026316e-03 -8.543493e-03 3.534721e+00 8.043179e-03 9.999658e-01 1.941274e-03 8.590108e-03 8.527619e-03 -2.009857e-03 9.999616e-01 -2.463225e+00
9.998563e-01 1.139511e-02 1.254841e-02 4.065826e+00 -1.133467e-02 9.999239e-01 -4.877349e-03 1.859525e-02 -1.260303e-02 4.734416e-03 9.999094e-01 -3.057097e+00
9.998850e-01 -8.112378e-03 -1.281358e-02 4.597315e+00 8.141582e-03 9.999644e-01 2.228594e-03 2.415430e-02 1.279504e-02 -2.332660e-03 9.999154e-01 -3.564173e+00
9.999718e-01 7.412829e-03 1.180085e-03 4.706344e+00 -7.407703e-03 9.999634e-01 -4.289891e-03 1.348535e-02 -1.211842e-03 4.281028e-03 9.999901e-01 -3.176844e+00
9.997904e-01 -8.900466e-03 -1.843714e-02 4.610249e+00 8.891967e-03 9.999603e-01 -5.429399e-04 -1.485395e-03 1.844124e-02 3.788844e-04 9.998299e-01 -1.906452e+00
9.999666e-01 6.793652e-03 -4.539443e-03 4.274144e+00 -6.817490e-03 9.999629e-01 -5.256600e-03 -5.250041e-03 4.503563e-03 5.287371e-03 9.999759e-01 2.105613e-02
9.997995e-01 -8.756391e-03 -1.800563e-02 3.975267e+00 8.743011e-03 9.999614e-01 -8.217013e-04 -1.040832e-02 1.801213e-02 6.641139e-04 9.998375e-01 1.867914e+00
9.999716e-01 7.526870e-03 4.900583e-04 3.680600e+00 -7.525310e-03 9.999668e-01 -3.109968e-03 -1.525448e-02 -5.134507e-04 3.106191e-03 9.999950e-01 3.452643e+00
9.996591e-01 -1.010023e-02 -2.407778e-02 3.225824e+00 1.003772e-02 9.999459e-01 -2.715800e-03 -1.268546e-02 2.410391e-02 2.473189e-03 9.997064e-01 5.594310e+00
9.999627e-01 8.374873e-03 2.100469e-03 3.074730e+00 -8.372384e-03 9.999642e-01 -1.190719e-03 -2.164223e-02 -2.110366e-03 1.173088e-03 9.999971e-01 6.927669e+00
9.997455e-01 -9.809056e-03 -2.031749e-02 2.909218e+00 9.722425e-03 9.999432e-01 -4.358283e-03 -3.042583e-02 2.035909e-02 4.159639e-03 9.997841e-01 8.410217e+00
9.999684e-01 7.585748e-03 -2.381005e-03 2.528765e+00 -7.587738e-03 9.999709e-01 -8.277226e-04 -3.179347e-02 2.374656e-03 8.457621e-04 9.999968e-01 1.033236e+01
9.998378e-01 -8.627128e-03 -1.580932e-02 2.256804e+00 8.570023e-03 9.999565e-01 -3.676304e-03 -3.476707e-02 1.584034e-02 3.540222e-03 9.998683e-01 1.186364e+01
9.999623e-01 7.056924e-03 -5.055866e-03 2.104308e+00 -7.057119e-03 9.999751e-01 -2.076868e-05 -4.206038e-02 5.055593e-03 5.644704e-05 9.999872e-01 1.307181e+01
9.998717e-01 -8.654849e-03 -1.347803e-02 1.885594e+00 8.587325e-03 9.999503e-01 -5.059768e-03 -5.090791e-02 1.352115e-02 4.943380e-03 9.998964e-01 1.474077e+01
9.998788e-01 4.882876e-03 -1.478289e-02 1.360119e+00 -4.925411e-03 9.999838e-01 -2.842300e-03 -5.654033e-02 1.476877e-02 2.914766e-03 9.998867e-01 1.759674e+01
9.999821e-01 -5.743154e-03 -1.680370e-03 1.400002e+00 5.744254e-03 9.999833e-01 6.507146e-04 -6.601388e-02 1.676605e-03 -6.603548e-04 9.999984e-01 1.814898e+01
9.999720e-01 7.198509e-03 -2.043082e-03 1.799007e+00 -7.200150e-03 9.999738e-01 -7.967952e-04 -6.561364e-02 2.037292e-03 8.114827e-04 9.999976e-01 1.789617e+01
9.998734e-01 -7.959568e-03 -1.377845e-02 1.831620e+00 7.924528e-03 9.999652e-01 -2.595817e-03 -7.986609e-02 1.379863e-02 2.486301e-03 9.999017e-01 1.892768e+01
9.999676e-01 7.503893e-03 -2.929004e-03 1.909236e+00 -7.501684e-03 9.999716e-01 7.646655e-04 -9.286024e-02 2.934658e-03 -7.426689e-04 9.999954e-01 1.947328e+01
9.998818e-01 -8.497174e-03 -1.281273e-02 1.922139e+00 8.450121e-03 9.999574e-01 -3.722045e-03 -1.071726e-01 1.284381e-02 3.613336e-03 9.999110e-01 2.023335e+01
9.999623e-01 8.040526e-03 -3.265602e-03 1.998827e+00 -8.036611e-03 9.999670e-01 1.210530e-03 -1.207874e-01 3.275227e-03 -1.184241e-03 9.999939e-01 2.081912e+01
9.998850e-01 -7.471888e-03 -1.319838e-02 2.259175e+00 7.423376e-03 9.999655e-01 -3.720760e-03 -1.310492e-01 1.322572e-02 3.622356e-03 9.999060e-01 2.113113e+01
9.999614e-01 6.178148e-03 -6.247189e-03 2.291819e+00 -6.172956e-03 9.999806e-01 8.500887e-04 -1.463843e-01 6.252320e-03 -8.114930e-04 9.999801e-01 2.187327e+01
9.998739e-01 -7.477001e-03 -1.401270e-02 2.188262e+00 7.428708e-03 9.999663e-01 -3.495295e-03 -1.581458e-01 1.403836e-02 3.390759e-03 9.998957e-01 2.293916e+01
9.999726e-01 5.838615e-03 -4.554722e-03 2.230616e+00 -5.836092e-03 9.999828e-01 5.670733e-04 -1.720829e-01 4.557954e-03 -5.404766e-04 9.999895e-01 2.369173e+01
9.999401e-01 -5.576081e-03 -9.421417e-03 2.399678e+00 5.560743e-03 9.999832e-01 -1.653418e-03 -1.826420e-01 9.430478e-03 1.600930e-03 9.999543e-01 2.394076e+01
9.998316e-01 3.372880e-03 -1.803897e-02 2.390586e+00 -3.405909e-03 9.999926e-01 -1.800565e-03 -2.026159e-01 1.803276e-02 1.861700e-03 9.998357e-01 2.524001e+01
9.998735e-01 -7.267392e-03 -1.414565e-02 2.376091e+00 7.200231e-03 9.999626e-01 -4.792998e-03 -2.313940e-01 1.417995e-02 4.690540e-03 9.998885e-01 2.713721e+01
9.999681e-01 4.323939e-03 -6.716286e-03 2.359045e+00 -4.321799e-03 9.999906e-01 3.332376e-04 -2.546743e-01 6.717663e-03 -3.042012e-04 9.999774e-01 2.838787e+01
9.999510e-01 -6.156005e-03 -7.755748e-03 2.396763e+00 6.128154e-03 9.999747e-01 -3.609787e-03 -2.737015e-01 7.777774e-03 3.562082e-03 9.999634e-01 2.917264e+01
9.999431e-01 3.636685e-03 -1.003297e-02 2.407865e+00 -3.643880e-03 9.999931e-01 -6.988558e-04 -2.962686e-01 1.003036e-02 7.353743e-04 9.999494e-01 3.024030e+01
9.999102e-01 -6.664024e-03 -1.162935e-02 2.270858e+00 6.615847e-03 9.999694e-01 -4.176330e-03 -3.153677e-01 1.165682e-02 4.099017e-03 9.999237e-01 3.171905e+01
9.999533e-01 4.183816e-03 -8.716253e-03 2.183660e+00 -4.178972e-03 9.999911e-01 5.738415e-04 -3.322445e-01 8.718576e-03 -5.373904e-04 9.999618e-01 3.291007e+01
9.999686e-01 -6.005929e-03 -5.173600e-03 2.193168e+00 5.987056e-03 9.999754e-01 -3.655692e-03 -3.505223e-01 5.195429e-03 3.624603e-03 9.999799e-01 3.362721e+01
9.999499e-01 4.045129e-03 -9.156499e-03 2.112278e+00 -4.053675e-03 9.999914e-01 -9.149849e-04 -3.689000e-01 9.152718e-03 9.520559e-04 9.999577e-01 3.485137e+01
9.999507e-01 -6.272537e-03 -7.703822e-03 2.048302e+00 6.252081e-03 9.999769e-01 -2.676515e-03 -3.876518e-01 7.720433e-03 2.628219e-03 9.999667e-01 3.590280e+01
9.999823e-01 4.232693e-03 -4.189846e-03 2.048544e+00 -4.236846e-03 9.999905e-01 -9.827664e-04 -4.075328e-01 4.185647e-03 1.000500e-03 9.999907e-01 3.674118e+01
9.999508e-01 -5.643177e-03 -8.161396e-03 2.023730e+00 5.626547e-03 9.999821e-01 -2.059164e-03 -4.232017e-01 8.172870e-03 2.013143e-03 9.999646e-01 3.745187e+01
9.999856e-01 4.670067e-03 -2.649618e-03 2.048651e+00 -4.669515e-03 9.999891e-01 2.145820e-04 -4.363637e-01 2.650591e-03 -2.022071e-04 9.999965e-01 3.782779e+01
9.999761e-01 -5.166099e-03 -4.590718e-03 2.112773e+00 5.157948e-03 9.999851e-01 -1.785797e-03 -4.439392e-01 4.599876e-03 1.762077e-03 9.999879e-01 3.791473e+01
9.999834e-01 5.564012e-03 -1.511879e-03 2.214137e+00 -5.563371e-03 9.999844e-01 4.281791e-04 -4.495750e-01 1.514238e-03 -4.197615e-04 9.999988e-01 3.789213e+01
9.999703e-01 -5.781363e-03 -5.095476e-03 2.263152e+00 5.774506e-03 9.999824e-01 -1.359536e-03 -4.570229e-01 5.103246e-03 1.330072e-03 9.999861e-01 3.795454e+01
9.999837e-01 5.009872e-03 -2.720643e-03 2.325591e+00 -5.008040e-03 9.999872e-01 6.798615e-04 -4.660793e-01 2.724014e-03 -6.662260e-04 9.999961e-01 3.809074e+01
9.999726e-01 -5.529427e-03 -4.931317e-03 2.303186e+00 5.519741e-03 9.999828e-01 -1.975537e-03 -4.777611e-01 4.942156e-03 1.948264e-03 9.999859e-01 3.849945e+01
9.999629e-01 4.549857e-03 -7.315957e-03 2.260421e+00 -4.554060e-03 9.999895e-01 -5.578409e-04 -4.892486e-01 7.313342e-03 5.911369e-04 9.999731e-01 3.906444e+01
9.999909e-01 -4.214669e-03 -6.741029e-04 2.309424e+00 4.214121e-03 9.999908e-01 -8.120555e-04 -4.954450e-01 6.775195e-04 8.092080e-04 9.999994e-01 3.913814e+01
9.999767e-01 4.861898e-03 -4.790403e-03 2.408915e+00 -4.863746e-03 9.999881e-01 -3.741435e-04 -4.984442e-01 4.788527e-03 3.974335e-04 9.999885e-01 3.904237e+01
9.999916e-01 -3.517933e-03 2.082000e-03 2.637320e+00 3.519299e-03 9.999936e-01 -6.528339e-04 -4.989904e-01 -2.079689e-03 6.601563e-04 9.999976e-01 3.879806e+01
9.999824e-01 5.340590e-03 -2.595758e-03 2.949137e+00 -5.342779e-03 9.999854e-01 -8.371791e-04 -4.970001e-01 2.591249e-03 8.510323e-04 9.999963e-01 3.845405e+01
9.999872e-01 -3.496788e-03 3.656544e-03 3.294700e+00 3.500789e-03 9.999933e-01 -1.088223e-03 -4.924246e-01 -3.652714e-03 1.101011e-03 9.999927e-01 3.806375e+01
9.999727e-01 4.799976e-03 -5.624942e-03 3.535569e+00 -4.801577e-03 9.999884e-01 -2.711463e-04 -4.912663e-01 5.623576e-03 2.981469e-04 9.999841e-01 3.778750e+01
9.999829e-01 -3.829411e-03 4.411178e-03 3.751234e+00 3.833757e-03 9.999922e-01 -9.769907e-04 -4.904423e-01 -4.407402e-03 9.938860e-04 9.999898e-01 3.754705e+01
9.999745e-01 4.616103e-03 -5.451694e-03 3.949493e+00 -4.617456e-03 9.999893e-01 -2.355609e-04 -4.894197e-01 5.450548e-03 2.607272e-04 9.999851e-01 3.732174e+01
9.999925e-01 -3.272546e-03 2.094033e-03 4.119981e+00 3.274632e-03 9.999941e-01 -9.931547e-04 -4.906245e-01 -2.090771e-03 1.000005e-03 9.999973e-01 3.712672e+01
9.999634e-01 3.860737e-03 -7.630300e-03 4.237200e+00 -3.861919e-03 9.999925e-01 -1.401908e-04 -4.929972e-01 7.629701e-03 1.696526e-04 9.999709e-01 3.700703e+01
9.999929e-01 -3.676558e-03 8.754174e-04 4.297224e+00 3.677319e-03 9.999929e-01 -8.680301e-04 -4.962360e-01 -8.722195e-04 8.712437e-04 9.999992e-01 3.694295e+01
9.999794e-01 6.343452e-03 -9.902499e-04 4.716778e+00 -6.344491e-03 9.999793e-01 -1.049499e-03 -4.923182e-01 9.835718e-04 1.055759e-03 9.999990e-01 3.648758e+01
9.999850e-01 -4.351358e-03 3.339413e-03 5.108415e+00 4.354626e-03 9.999900e-01 -9.720349e-04 -4.860825e-01 -3.335150e-03 9.865628e-04 9.999940e-01 3.604333e+01
9.999669e-01 7.560765e-03 -2.997861e-03 5.538724e+00 -7.565462e-03 9.999702e-01 -1.558622e-03 -4.804742e-01 2.985986e-03 1.581250e-03 9.999943e-01 3.554416e+01
9.999480e-01 -5.710172e-03 8.451502e-03 5.955201e+00 5.714510e-03 9.999836e-01 -4.891335e-04 -4.699291e-01 -8.448569e-03 5.374048e-04 9.999642e-01 3.501653e+01
9.999474e-01 6.537891e-03 -7.896700e-03 6.241091e+00 -6.540851e-03 9.999785e-01 -3.490820e-04 -4.664271e-01 7.894248e-03 4.007142e-04 9.999688e-01 3.470277e+01
9.999704e-01 -3.995479e-03 6.573022e-03 6.571822e+00 4.003804e-03 9.999912e-01 -1.253809e-03 -4.648528e-01 -6.567955e-03 1.280089e-03 9.999776e-01 3.432754e+01
9.999765e-01 5.469350e-03 -4.143665e-03 6.959446e+00 -5.469403e-03 9.999850e-01 -1.367485e-06 -4.590962e-01 4.143595e-03 2.403021e-05 9.999914e-01 3.390074e+01
9.999867e-01 -4.450953e-03 2.604896e-03 7.166665e+00 4.454289e-03 9.999893e-01 -1.275880e-03 -4.585493e-01 -2.599189e-03 1.287467e-03 9.999958e-01 3.367315e+01
9.999713e-01 6.049847e-03 -4.557841e-03 7.445596e+00 -6.050493e-03 9.999817e-01 -1.279435e-04 -4.583251e-01 4.556983e-03 1.555164e-04 9.999896e-01 3.338566e+01
9.999856e-01 -3.326448e-03 4.215623e-03 7.822263e+00 3.335080e-03 9.999924e-01 -2.042243e-03 -4.548300e-01 -4.208797e-03 2.056274e-03 9.999890e-01 3.295240e+01
9.999808e-01 6.180585e-03 -3.642552e-04 8.334549e+00 -6.180532e-03 9.999809e-01 1.488135e-04 -4.465587e-01 3.651678e-04 -1.465599e-04 9.999999e-01 3.237299e+01
9.999787e-01 -2.771288e-03 5.914491e-03 8.954577e+00 2.785818e-03 9.999931e-01 -2.449922e-03 -4.362849e-01 -5.907660e-03 2.466347e-03 9.999795e-01 3.170187e+01
9.999797e-01 6.146197e-03 -1.653145e-03 9.526690e+00 -6.146512e-03 9.999811e-01 -1.853968e-04 -4.271295e-01 1.651974e-03 1.955535e-04 9.999986e-01 3.108581e+01
9.999815e-01 -2.330790e-03 5.618892e-03 1.015269e+01 2.345407e-03 9.999939e-01 -2.596154e-03 -4.178011e-01 -5.612806e-03 2.609286e-03 9.999808e-01 3.041933e+01
9.999820e-01 5.189654e-03 -3.023221e-03 1.064936e+01 -5.188466e-03 9.999865e-01 4.006738e-04 -4.108721e-01 3.025259e-03 -3.849814e-04 9.999953e-01 2.988407e+01
9.999748e-01 -3.482543e-03 6.192413e-03 1.105874e+01 3.496228e-03 9.999915e-01 -2.200554e-03 -4.026093e-01 -6.184696e-03 2.222149e-03 9.999784e-01 2.942051e+01
9.999626e-01 5.559088e-03 -6.621739e-03 1.137633e+01 -5.556036e-03 9.999845e-01 4.793503e-04 -4.002791e-01 6.624300e-03 -4.425424e-04 9.999780e-01 2.908712e+01
9.999444e-01 -2.690221e-03 1.019908e-02 1.195479e+01 2.719935e-03 9.999921e-01 -2.900665e-03 -3.923101e-01 -1.019120e-02 2.928245e-03 9.999438e-01 2.849108e+01
9.999856e-01 3.062971e-03 -4.408823e-03 1.231974e+01 -3.058972e-03 9.999949e-01 9.137102e-04 -3.853166e-01 4.411599e-03 -9.002112e-04 9.999899e-01 2.809216e+01
9.999870e-01 3.633825e-04 5.083801e-03 1.288095e+01 -3.513544e-04 9.999971e-01 -2.366612e-03 -3.831182e-01 -5.084646e-03 2.364795e-03 9.999843e-01 2.756490e+01
9.999829e-01 4.024461e-03 4.234121e-03 1.365066e+01 -4.014559e-03 9.999892e-01 -2.344616e-03 -3.649502e-01 -4.243511e-03 2.327578e-03 9.999883e-01 2.674383e+01
9.999953e-01 -2.822695e-03 1.200864e-03 1.405048e+01 2.822806e-03 9.999960e-01 -9.029324e-05 -3.572885e-01 -1.200604e-03 9.368324e-05 9.999993e-01 2.631023e+01
9.999821e-01 4.066827e-03 -4.388289e-03 1.426816e+01 -4.072152e-03 9.999910e-01 -1.205163e-03 -3.587714e-01 4.383348e-03 1.223011e-03 9.999896e-01 2.608791e+01
9.999918e-01 -2.524594e-03 3.178882e-03 1.455197e+01 2.525741e-03 9.999967e-01 -3.566530e-04 -3.575372e-01 -3.177971e-03 3.646798e-04 9.999949e-01 2.578120e+01
9.999874e-01 4.026917e-03 -3.012038e-03 1.480672e+01 -4.031604e-03 9.999907e-01 -1.551660e-03 -3.540797e-01 3.005762e-03 1.563783e-03 9.999943e-01 2.547240e+01
9.999943e-01 -3.141852e-03 1.217213e-03 1.502056e+01 3.141439e-03 9.999950e-01 3.410963e-04 -3.530855e-01 -1.218278e-03 -3.372699e-04 9.999992e-01 2.523541e+01
9.999841e-01 3.822186e-03 -4.138094e-03 1.515806e+01 -3.826355e-03 9.999922e-01 -9.998740e-04 -3.553470e-01 4.134240e-03 1.015691e-03 9.999909e-01 2.508748e+01
9.999911e-01 -3.798579e-03 -1.858380e-03 1.521937e+01 3.798571e-03 9.999928e-01 -8.142360e-06 -3.592085e-01 1.858398e-03 1.083714e-06 9.999983e-01 2.503525e+01
9.999872e-01 5.062520e-03 -2.017205e-04 1.543415e+01 -5.062817e-03 9.999861e-01 -1.496059e-03 -3.594347e-01 1.941436e-04 1.497060e-03 9.999989e-01 2.478882e+01
9.999961e-01 -2.788254e-03 3.445075e-04 1.584162e+01 2.788402e-03 9.999960e-01 -4.283725e-04 -3.568096e-01 -3.433116e-04 4.293321e-04 9.999998e-01 2.435877e+01
9.999800e-01 6.009436e-03 1.949655e-03 1.640170e+01 -6.005840e-03 9.999803e-01 -1.845360e-03 -3.502034e-01 -1.960706e-03 1.833613e-03 9.999964e-01 2.377607e+01
9.999914e-01 -3.251100e-03 2.580024e-03 1.700159e+01 3.250563e-03 9.999947e-01 2.125973e-04 -3.436145e-01 -2.580701e-03 -2.042083e-04 9.999966e-01 2.318959e+01
9.999818e-01 5.626211e-03 -2.176239e-03 1.753306e+01 -5.633402e-03 9.999786e-01 -3.312576e-03 -3.327578e-01 2.157555e-03 3.324775e-03 9.999921e-01 2.268213e+01
9.999867e-01 -5.158778e-03 -9.183414e-05 1.769334e+01 5.158961e-03 9.999845e-01 2.114578e-03 -3.334245e-01 8.092427e-05 -2.115023e-03 9.999978e-01 2.250160e+01
9.999592e-01 7.897989e-03 -4.394954e-03 1.813128e+01 -7.913240e-03 9.999627e-01 -3.463536e-03 -3.327244e-01 4.367435e-03 3.498173e-03 9.999843e-01 2.208248e+01
9.999589e-01 -4.150572e-03 8.065017e-03 1.876093e+01 4.142950e-03 9.999910e-01 9.616240e-04 -3.218461e-01 -8.068935e-03 -9.281709e-04 9.999670e-01 2.140848e+01
9.999599e-01 6.902027e-03 -5.699780e-03 1.923315e+01 -6.920872e-03 9.999706e-01 -3.293079e-03 -3.144013e-01 5.676883e-03 3.332394e-03 9.999783e-01 2.087266e+01
9.999292e-01 -3.053822e-03 1.150097e-02 1.991761e+01 3.041964e-03 9.999948e-01 1.048388e-03 -3.052095e-01 -1.150411e-02 -1.013328e-03 9.999333e-01 2.016303e+01
9.999589e-01 5.915665e-03 -6.864153e-03 2.043581e+01 -5.943087e-03 9.999744e-01 -3.981392e-03 -2.959273e-01 6.840425e-03 4.022022e-03 9.999685e-01 1.959213e+01
9.999532e-01 -3.857903e-03 8.874559e-03 2.084304e+01 3.839090e-03 9.999903e-01 2.135924e-03 -2.911081e-01 -8.882713e-03 -2.101753e-03 9.999583e-01 1.914916e+01
9.999516e-01 7.043161e-03 -6.871094e-03 2.140580e+01 -7.072578e-03 9.999659e-01 -4.266305e-03 -2.860630e-01 6.840812e-03 4.314694e-03 9.999673e-01 1.857363e+01
9.999258e-01 -3.825873e-03 1.156199e-02 2.198661e+01 3.807974e-03 9.999915e-01 1.569752e-03 -2.768044e-01 -1.156790e-02 -1.525607e-03 9.999319e-01 1.795733e+01
9.999362e-01 6.612353e-03 -9.162446e-03 2.248195e+01 -6.647036e-03 9.999708e-01 -3.760040e-03 -2.714607e-01 9.137316e-03 3.820703e-03 9.999510e-01 1.744470e+01
9.999194e-01 -3.733266e-03 1.213563e-02 2.297328e+01 3.717415e-03 9.999922e-01 1.328439e-03 -2.651508e-01 -1.214049e-02 -1.283218e-03 9.999255e-01 1.691880e+01
9.999385e-01 6.148321e-03 -9.231567e-03 2.343071e+01 -6.179600e-03 9.999752e-01 -3.363503e-03 -2.598625e-01 9.210659e-03 3.420343e-03 9.999517e-01 1.643227e+01
9.999369e-01 -4.040804e-03 1.048550e-02 2.381274e+01 4.026865e-03 9.999910e-01 1.350160e-03 -2.562799e-01 -1.049086e-02 -1.307850e-03 9.999441e-01 1.602056e+01
9.999423e-01 6.145349e-03 -8.815237e-03 2.421049e+01 -6.174943e-03 9.999754e-01 -3.333744e-03 -2.525929e-01 8.794533e-03 3.387985e-03 9.999556e-01 1.559905e+01
9.999308e-01 -3.993250e-03 1.106489e-02 2.462864e+01 3.978229e-03 9.999911e-01 1.379239e-03 -2.482621e-01 -1.107030e-02 -1.335124e-03 9.999378e-01 1.515552e+01
9.999380e-01 6.435412e-03 -9.082872e-03 2.507475e+01 -6.467507e-03 9.999729e-01 -3.508551e-03 -2.436314e-01 9.060047e-03 3.567076e-03 9.999526e-01 1.468797e+01
9.999325e-01 -3.351627e-03 1.112906e-02 2.560541e+01 3.337488e-03 9.999936e-01 1.288801e-03 -2.389776e-01 -1.113331e-02 -1.251570e-03 9.999372e-01 1.414845e+01
9.999507e-01 5.905854e-03 -7.986460e-03 2.608417e+01 -5.935907e-03 9.999754e-01 -3.744443e-03 -2.326338e-01 7.964149e-03 3.791664e-03 9.999611e-01 1.364529e+01
9.999416e-01 -3.293843e-03 1.029177e-02 2.656286e+01 3.277570e-03 9.999934e-01 1.597695e-03 -2.279139e-01 -1.029697e-02 -1.563869e-03 9.999458e-01 1.315278e+01
9.999518e-01 6.086141e-03 -7.704702e-03 2.705983e+01 -6.116074e-03 9.999738e-01 -3.867487e-03 -2.228347e-01 7.680962e-03 3.914422e-03 9.999628e-01 1.264579e+01
9.999404e-01 -4.198603e-03 1.008016e-02 2.746271e+01 4.178673e-03 9.999893e-01 1.997390e-03 -2.182556e-01 -1.008844e-02 -1.955149e-03 9.999472e-01 1.222976e+01
9.999488e-01 6.844801e-03 -7.456483e-03 2.793533e+01 -6.876762e-03 9.999672e-01 -4.269102e-03 -2.135610e-01 7.427017e-03 4.320160e-03 9.999631e-01 1.174546e+01
9.999430e-01 -4.487319e-03 9.690897e-03 2.836743e+01 4.467470e-03 9.999879e-01 2.068946e-03 -2.089573e-01 -9.700063e-03 -2.025533e-03 9.999509e-01 1.130608e+01
9.999364e-01 4.390618e-03 -1.038912e-02 2.856329e+01 -4.421567e-03 9.999859e-01 -2.957865e-03 -2.088793e-01 1.037599e-02 3.003612e-03 9.999417e-01 1.112489e+01
9.999811e-01 -4.962501e-03 3.617907e-03 2.858333e+01 4.953991e-03 9.999850e-01 2.357282e-03 -2.158441e-01 -3.629550e-03 -2.339314e-03 9.999907e-01 1.125619e+01
9.998673e-01 4.141236e-03 -1.575464e-02 2.856309e+01 -4.196200e-03 9.999852e-01 -3.457277e-03 -2.297836e-01 1.574009e-02 3.522927e-03 9.998699e-01 1.186805e+01
9.999702e-01 -4.055467e-03 6.570592e-03 2.857781e+01 4.051663e-03 9.999916e-01 5.922094e-04 -2.360076e-01 -6.572939e-03 -5.655693e-04 9.999782e-01 1.221441e+01
9.998694e-01 3.327529e-03 -1.581410e-02 2.859442e+01 -3.353730e-03 9.999930e-01 -1.630565e-03 -2.471676e-01 1.580857e-02 1.683388e-03 9.998736e-01 1.254839e+01
9.999728e-01 -4.208534e-03 6.063240e-03 2.854006e+01 4.211890e-03 9.999910e-01 -5.407834e-04 -2.593996e-01 -6.060910e-03 5.663070e-04 9.999815e-01 1.314123e+01
9.998675e-01 3.314960e-03 -1.593958e-02 2.847992e+01 -3.338197e-03 9.999934e-01 -1.431422e-03 -2.715317e-01 1.593473e-02 1.484441e-03 9.998719e-01 1.375835e+01
9.999723e-01 -3.327837e-03 6.662325e-03 2.847317e+01 3.329111e-03 9.999944e-01 -1.801301e-04 -2.779056e-01 -6.661688e-03 2.023053e-04 9.999778e-01 1.401837e+01
9.999355e-01 2.851941e-03 -1.099118e-02 2.854431e+01 -2.857005e-03 9.999958e-01 -4.449994e-04 -2.824426e-01 1.098986e-02 4.763719e-04 9.999395e-01 1.401791e+01
9.999872e-01 -2.843691e-03 4.186104e-03 2.857575e+01 2.845398e-03 9.999959e-01 -4.019394e-04 -2.897084e-01 -4.184943e-03 4.138460e-04 9.999912e-01 1.410849e+01
9.999494e-01 3.385537e-03 -9.470996e-03 2.868067e+01 -3.390637e-03 9.999941e-01 -5.224039e-04 -2.925401e-01 9.469171e-03 5.544896e-04 9.999550e-01 1.402360e+01
9.999846e-01 -3.192036e-03 4.542030e-03 2.872933e+01 3.191844e-03 9.999949e-01 4.962765e-05 -2.962947e-01 -4.542165e-03 -3.512884e-05 9.999897e-01 1.405408e+01
9.999258e-01 3.164642e-03 -1.176464e-02 2.876409e+01 -3.175182e-03 9.999946e-01 -8.773158e-04 -3.032649e-01 1.176180e-02 9.146050e-04 9.999304e-01 1.412820e+01
9.999681e-01 -1.886925e-03 7.763844e-03 2.896384e+01 1.888039e-03 9.999982e-01 -1.360379e-04 -3.051290e-01 -7.763573e-03 1.506926e-04 9.999699e-01 1.393840e+01
9.999501e-01 3.891942e-03 -9.196164e-03 2.930818e+01 -3.904088e-03 9.999915e-01 -1.303095e-03 -3.029761e-01 9.191014e-03 1.338932e-03 9.999569e-01 1.361419e+01
9.999625e-01 -5.268024e-04 8.640566e-03 2.980263e+01 5.341722e-04 9.999995e-01 -8.506056e-04 -2.996400e-01 -8.640113e-03 8.551899e-04 9.999623e-01 1.312427e+01
9.999785e-01 3.650000e-03 -5.451198e-03 3.035689e+01 -3.658655e-03 9.999921e-01 -1.578542e-03 -2.921594e-01 5.445393e-03 1.598451e-03 9.999839e-01 1.255635e+01
9.999666e-01 -8.643709e-04 8.131357e-03 3.085641e+01 8.707650e-04 9.999993e-01 -7.828092e-04 -2.849654e-01 -8.130675e-03 7.898642e-04 9.999666e-01 1.202869e+01
9.999756e-01 8.712226e-04 -6.936914e-03 3.105649e+01 -8.760475e-04 9.999994e-01 -6.924866e-04 -2.818311e-01 6.936306e-03 6.985461e-04 9.999757e-01 1.179477e+01
1.000000e+00 1.025171e-04 2.379745e-04 3.113546e+01 -1.024714e-04 1.000000e+00 -1.906897e-04 -2.869206e-01 -2.379939e-04 1.906659e-04 1.000000e+00 1.176287e+01
9.999980e-01 1.427792e-03 -1.375722e-03 3.136737e+01 -1.430134e-03 9.999975e-01 -1.702058e-03 -2.847348e-01 1.373288e-03 1.704021e-03 9.999976e-01 1.148549e+01
9.999995e-01 -9.508278e-04 -2.821984e-04 3.158470e+01 9.510691e-04 9.999992e-01 8.550232e-04 -2.832634e-01 2.813853e-04 -8.552906e-04 9.999996e-01 1.126361e+01
9.999781e-01 6.705243e-04 -6.581284e-03 3.157759e+01 -6.797223e-04 9.999988e-01 -1.395416e-03 -2.913622e-01 6.580340e-03 1.399859e-03 9.999774e-01 1.150812e+01
9.999985e-01 -8.434968e-04 -1.533930e-03 3.156711e+01 8.437395e-04 9.999996e-01 1.573269e-04 -3.003384e-01 1.533797e-03 -1.586203e-04 9.999988e-01 1.176727e+01
9.999781e-01 3.286768e-03 -5.749149e-03 3.178533e+01 -3.293390e-03 9.999939e-01 -1.142713e-03 -3.062149e-01 5.745358e-03 1.161622e-03 9.999828e-01 1.160899e+01
9.999345e-01 -1.679203e-03 1.131914e-02 3.223246e+01 1.695166e-03 9.999976e-01 -1.400788e-03 -2.963185e-01 -1.131676e-02 1.419885e-03 9.999350e-01 1.111156e+01
9.999026e-01 2.004853e-03 -1.380895e-02 3.237423e+01 -2.000357e-03 9.999979e-01 3.394059e-04 -2.965630e-01 1.380960e-02 -3.117506e-04 9.999046e-01 1.096348e+01
9.999784e-01 -2.193214e-03 6.195262e-03 3.236794e+01 2.203793e-03 9.999961e-01 -1.701204e-03 -3.063445e-01 -6.191507e-03 1.714821e-03 9.999794e-01 1.129613e+01
9.998922e-01 1.826391e-03 -1.457141e-02 3.229598e+01 -1.833841e-03 9.999982e-01 -4.978889e-04 -3.157105e-01 1.457048e-02 5.245563e-04 9.998937e-01 1.188951e+01
9.999850e-01 -2.075909e-03 5.063066e-03 3.226504e+01 2.083394e-03 9.999967e-01 -1.473578e-03 -3.249909e-01 -5.059990e-03 1.484105e-03 9.999861e-01 1.230842e+01
9.999030e-01 3.389580e-03 -1.350588e-02 3.235286e+01 -3.388431e-03 9.999943e-01 1.080487e-04 -3.309377e-01 1.350617e-02 -6.227507e-05 9.999088e-01 1.232428e+01
9.999334e-01 -2.440217e-03 1.128075e-02 3.255750e+01 2.454331e-03 9.999962e-01 -1.237424e-03 -3.292307e-01 -1.127769e-02 1.265029e-03 9.999356e-01 1.209032e+01
9.997988e-01 2.573580e-03 -1.989116e-02 3.254822e+01 -2.552738e-03 9.999962e-01 1.073161e-03 -3.339519e-01 1.989385e-02 -1.022169e-03 9.998016e-01 1.233648e+01
9.999370e-01 -2.867856e-03 1.085226e-02 3.240594e+01 2.910560e-03 9.999881e-01 -3.921290e-03 -3.422043e-01 -1.084089e-02 3.952629e-03 9.999334e-01 1.319169e+01
9.997772e-01 2.437894e-03 -2.096606e-02 3.216607e+01 -2.424972e-03 9.999969e-01 6.417233e-04 -3.469239e-01 2.096756e-02 -5.907388e-04 9.997800e-01 1.431163e+01
9.999380e-01 -3.052357e-03 1.070890e-02 3.195737e+01 3.088174e-03 9.999897e-01 -3.329651e-03 -3.530059e-01 -1.069862e-02 3.362516e-03 9.999371e-01 1.522052e+01
9.998048e-01 3.582844e-03 -1.943038e-02 3.197804e+01 -3.531947e-03 9.999902e-01 2.653171e-03 -3.591317e-01 1.943969e-02 -2.584027e-03 9.998077e-01 1.528542e+01
9.998714e-01 -3.193240e-03 1.571312e-02 3.210514e+01 3.250174e-03 9.999882e-01 -3.599115e-03 -3.600147e-01 -1.570145e-02 3.649724e-03 9.998701e-01 1.517027e+01
9.996755e-01 2.998321e-03 -2.529495e-02 3.199732e+01 -2.985658e-03 9.999954e-01 5.383870e-04 -3.673322e-01 2.529645e-02 -4.626908e-04 9.996799e-01 1.596087e+01
9.998586e-01 -2.945512e-03 1.655532e-02 3.182343e+01 2.989100e-03 9.999921e-01 -2.608691e-03 -3.705054e-01 -1.654750e-02 2.657808e-03 9.998595e-01 1.669253e+01
9.996401e-01 1.986950e-03 -2.675202e-02 3.165767e+01 -1.958436e-03 9.999975e-01 1.092017e-03 -3.759150e-01 2.675412e-02 -1.039233e-03 9.996415e-01 1.730570e+01
9.998181e-01 -2.529938e-03 1.890483e-02 3.164251e+01 2.587900e-03 9.999920e-01 -3.042129e-03 -3.883673e-01 -1.889698e-02 3.090500e-03 9.998167e-01 1.778808e+01
9.996205e-01 2.375010e-03 -2.744347e-02 3.148949e+01 -2.374231e-03 9.999972e-01 6.098286e-05 -3.952893e-01 2.744354e-02 4.196868e-06 9.996234e-01 1.873500e+01
9.998744e-01 -3.168200e-03 1.552805e-02 3.132333e+01 3.219435e-03 9.999895e-01 -3.275600e-03 -4.023964e-01 -1.551750e-02 3.325181e-03 9.998741e-01 1.963131e+01
9.996948e-01 2.871261e-03 -2.453610e-02 3.133878e+01 -2.831315e-03 9.999946e-01 1.662666e-03 -4.132292e-01 2.454074e-02 -1.592689e-03 9.996976e-01 1.996631e+01
9.998308e-01 -2.454517e-03 1.823149e-02 3.098110e+01 2.516222e-03 9.999912e-01 -3.362326e-03 -4.081219e-01 -1.822308e-02 3.407632e-03 9.998281e-01 2.117922e+01
9.995060e-01 1.415874e-03 -3.139581e-02 3.064756e+01 -1.420163e-03 9.999990e-01 -1.143121e-04 -4.063112e-01 3.139562e-02 1.588423e-04 9.995070e-01 2.239885e+01
9.997454e-01 -1.636545e-03 2.250396e-02 3.065185e+01 1.672604e-03 9.999973e-01 -1.583603e-03 -4.171458e-01 -2.250131e-02 1.620841e-03 9.997455e-01 2.276512e+01
9.994689e-01 1.098287e-03 -3.256930e-02 3.065257e+01 -1.114919e-03 9.999993e-01 -4.924902e-04 -4.286881e-01 3.256874e-02 5.285402e-04 9.994694e-01 2.319978e+01
9.997059e-01 -1.453138e-03 2.420592e-02 3.065866e+01 1.482067e-03 9.999982e-01 -1.177205e-03 -4.392497e-01 -2.420417e-02 1.212734e-03 9.997063e-01 2.351843e+01
9.994890e-01 1.143385e-03 -3.194293e-02 3.065197e+01 -1.161486e-03 9.999992e-01 -5.480943e-04 -4.503743e-01 3.194228e-02 5.849150e-04 9.994895e-01 2.391545e+01
9.997342e-01 -1.590787e-03 2.299859e-02 3.060935e+01 1.629034e-03 9.999973e-01 -1.644355e-03 -4.617027e-01 -2.299592e-02 1.681384e-03 9.997341e-01 2.445746e+01
9.994881e-01 9.622583e-04 -3.197744e-02 3.055773e+01 -9.701224e-04 9.999995e-01 -2.304011e-04 -4.721326e-01 3.197720e-02 2.613047e-04 9.994886e-01 2.497843e+01
9.997186e-01 -1.117543e-03 2.369546e-02 3.052671e+01 1.158063e-03 9.999979e-01 -1.696377e-03 -4.819099e-01 -2.369352e-02 1.723341e-03 9.997178e-01 2.541492e+01
9.994826e-01 7.103480e-04 -3.215635e-02 3.048947e+01 -7.190079e-04 9.999997e-01 -2.577303e-04 -4.928674e-01 3.215616e-02 2.807171e-04 9.994828e-01 2.592711e+01
9.997305e-01 -6.968697e-04 2.320334e-02 3.048327e+01 7.382031e-04 9.999982e-01 -1.772820e-03 -5.017511e-01 -2.320206e-02 1.789472e-03 9.997292e-01 2.623969e+01
9.994496e-01 1.531438e-04 -3.317466e-02 3.052543e+01 -1.286598e-04 9.999997e-01 7.401792e-04 -5.125932e-01 3.317476e-02 -7.355040e-04 9.994493e-01 2.651218e+01
9.997050e-01 1.184203e-03 2.425902e-02 3.063338e+01 -1.126244e-03 9.999965e-01 -2.402661e-03 -5.203473e-01 -2.426178e-02 2.374631e-03 9.997028e-01 2.655188e+01
9.997209e-01 4.426591e-04 -2.362005e-02 3.089911e+01 -4.334564e-04 9.999998e-01 3.947477e-04 -5.160632e-01 2.362022e-02 -3.843998e-04 9.997209e-01 2.620482e+01
9.996225e-01 1.002337e-03 2.745529e-02 3.122569e+01 -9.439979e-04 9.999973e-01 -2.137756e-03 -5.090371e-01 -2.745736e-02 2.111032e-03 9.996207e-01 2.578702e+01
9.997901e-01 5.670086e-03 -1.968675e-02 3.245496e+01 -5.654882e-03 9.999837e-01 8.279165e-04 -5.035350e-01 1.969113e-02 -7.164170e-04 9.998059e-01 2.470537e+01
9.994752e-01 -2.372145e-03 3.230641e-02 3.356089e+01 2.627890e-03 9.999655e-01 -7.876069e-03 -4.747508e-01 -3.228662e-02 7.956834e-03 9.994470e-01 2.375546e+01
9.992063e-01 4.303795e-03 -3.960024e-02 3.368488e+01 -4.068817e-03 9.999736e-01 6.012464e-03 -4.820653e-01 3.962507e-02 -5.846566e-03 9.991975e-01 2.375571e+01
9.991683e-01 -2.566802e-03 4.069606e-02 3.401159e+01 2.859733e-03 9.999704e-01 -7.141415e-03 -4.769211e-01 -4.067653e-02 7.251856e-03 9.991461e-01 2.338946e+01
9.991237e-01 4.493277e-03 -4.161275e-02 3.437272e+01 -4.256912e-03 9.999743e-01 5.766990e-03 -4.746451e-01 4.163759e-02 -5.584795e-03 9.991172e-01 2.304090e+01
9.991372e-01 -1.902025e-03 4.148661e-02 3.468625e+01 2.218799e-03 9.999687e-01 -7.590858e-03 -4.707981e-01 -4.147087e-02 7.676360e-03 9.991102e-01 2.268761e+01
9.990115e-01 3.985789e-03 -4.427333e-02 3.502106e+01 -3.707814e-03 9.999729e-01 6.358967e-03 -4.698388e-01 4.429747e-02 -6.188525e-03 9.989992e-01 2.238257e+01
9.992836e-01 -4.004191e-03 3.763350e-02 3.516010e+01 4.282205e-03 9.999641e-01 -7.309707e-03 -4.728765e-01 -3.760288e-02 7.465625e-03 9.992649e-01 2.232650e+01
9.989987e-01 4.727236e-03 -4.448814e-02 3.496438e+01 -4.443973e-03 9.999692e-01 6.463925e-03 -4.725171e-01 4.451733e-02 -6.259749e-03 9.989890e-01 2.306510e+01
9.994242e-01 -5.201107e-03 3.353025e-02 3.465827e+01 5.536529e-03 9.999355e-01 -9.918476e-03 -4.751078e-01 -3.347650e-02 1.009841e-02 9.993885e-01 2.429888e+01
9.990838e-01 4.399066e-03 -4.257087e-02 3.441697e+01 -4.107641e-03 9.999675e-01 6.930709e-03 -4.818399e-01 4.259998e-02 -6.749494e-03 9.990694e-01 2.537604e+01
9.994587e-01 -4.813027e-03 3.254295e-02 3.403902e+01 5.160991e-03 9.999303e-01 -1.061692e-02 -4.801530e-01 -3.248958e-02 1.077912e-02 9.994139e-01 2.672823e+01
9.990683e-01 4.435640e-03 -4.292834e-02 3.361239e+01 -4.137044e-03 9.999666e-01 7.042042e-03 -4.754635e-01 4.295815e-02 -6.857885e-03 9.990533e-01 2.815138e+01
9.994723e-01 -5.022007e-03 3.209345e-02 3.320214e+01 5.368625e-03 9.999281e-01 -1.072324e-02 -4.724040e-01 -3.203729e-02 1.088988e-02 9.994273e-01 2.955448e+01
9.990711e-01 4.583142e-03 -4.284887e-02 3.273989e+01 -4.291751e-03 9.999671e-01 6.889966e-03 -4.666019e-01 4.287904e-02 -6.699669e-03 9.990578e-01 3.112178e+01
9.994870e-01 -4.885877e-03 3.165213e-02 3.225096e+01 5.226891e-03 9.999291e-01 -1.070003e-02 -4.590131e-01 -3.159761e-02 1.085998e-02 9.994417e-01 3.266097e+01
9.991024e-01 4.315222e-03 -4.214060e-02 3.180540e+01 -3.991773e-03 9.999619e-01 7.756628e-03 -4.536949e-01 4.217247e-02 -7.581450e-03 9.990816e-01 3.403011e+01
9.994662e-01 -4.343045e-03 3.238078e-02 3.136298e+01 4.712875e-03 9.999244e-01 -1.135370e-02 -4.485674e-01 -3.232903e-02 1.150025e-02 9.994111e-01 3.550404e+01
9.990399e-01 4.384007e-03 -4.359023e-02 3.077463e+01 -4.061415e-03 9.999637e-01 7.486364e-03 -4.361386e-01 4.362147e-02 -7.302139e-03 9.990214e-01 3.734226e+01
9.995414e-01 -4.726978e-03 2.991154e-02 3.015915e+01 5.090853e-03 9.999138e-01 -1.210058e-02 -4.234114e-01 -2.985176e-02 1.224731e-02 9.994793e-01 3.927884e+01
9.990731e-01 3.427915e-03 -4.290933e-02 2.974545e+01 -3.102043e-03 9.999659e-01 7.658719e-03 -4.239273e-01 4.293412e-02 -7.518514e-03 9.990496e-01 4.090638e+01
9.995228e-01 -4.355682e-03 3.058103e-02 2.932276e+01 4.745670e-03 9.999082e-01 -1.269163e-02 -4.257819e-01 -3.052294e-02 1.283070e-02 9.994517e-01 4.270093e+01
9.990892e-01 2.963614e-03 -4.256831e-02 2.876683e+01 -2.630882e-03 9.999656e-01 7.870327e-03 -4.218076e-01 4.259017e-02 -7.751167e-03 9.990626e-01 4.470700e+01
9.995590e-01 -4.185296e-03 2.939951e-02 2.814031e+01 4.569005e-03 9.999051e-01 -1.299649e-02 -4.120161e-01 -2.934232e-02 1.312509e-02 9.994832e-01 4.677979e+01
9.990296e-01 3.298835e-03 -4.392086e-02 2.757074e+01 -2.923875e-03 9.999588e-01 8.598678e-03 -3.997024e-01 4.394741e-02 -8.461915e-03 9.989980e-01 4.858521e+01
9.994637e-01 -3.066002e-03 3.260353e-02 2.719830e+01 3.448818e-03 9.999257e-01 -1.169178e-02 -3.944248e-01 -3.256527e-02 1.179796e-02 9.994000e-01 4.984601e+01
9.990709e-01 2.905098e-03 -4.299775e-02 2.686085e+01 -2.523867e-03 9.999570e-01 8.917957e-03 -3.914911e-01 4.302181e-02 -8.801152e-03 9.990354e-01 5.101137e+01
9.994974e-01 -3.718220e-03 3.148088e-02 2.667594e+01 4.098676e-03 9.999192e-01 -1.202941e-02 -3.995594e-01 -3.143361e-02 1.215239e-02 9.994320e-01 5.198569e+01
9.990237e-01 2.572940e-03 -4.410313e-02 2.668121e+01 -2.179967e-03 9.999575e-01 8.956104e-03 -4.149295e-01 4.412430e-02 -8.851217e-03 9.989868e-01 5.263782e+01
9.994117e-01 -1.999605e-03 3.423893e-02 2.635906e+01 2.433802e-03 9.999171e-01 -1.264438e-02 -4.155528e-01 -3.421081e-02 1.272027e-02 9.993337e-01 5.414930e+01
9.984958e-01 -2.289818e-07 -5.482794e-02 2.565896e+01 3.162001e-04 9.999834e-01 5.754290e-03 -4.072152e-01 5.482703e-02 -5.762972e-03 9.984792e-01 5.675593e+01
9.992486e-01 -8.375470e-04 3.874940e-02 2.548585e+01 1.220174e-03 9.999507e-01 -9.851788e-03 -4.141941e-01 -3.873924e-02 9.891667e-03 9.992004e-01 5.778769e+01
9.989539e-01 1.737524e-03 -4.569598e-02 2.529493e+01 -1.328871e-03 9.999589e-01 8.971723e-03 -4.132105e-01 4.570969e-02 -8.901614e-03 9.989151e-01 5.844772e+01
9.994393e-01 -2.494435e-03 3.338885e-02 2.507043e+01 2.891272e-03 9.999257e-01 -1.184228e-02 -4.186024e-01 -3.335683e-02 1.193218e-02 9.993723e-01 5.940624e+01
9.990800e-01 2.398224e-03 -4.281793e-02 2.508278e+01 -1.954543e-03 9.999440e-01 1.040090e-02 -4.283946e-01 4.284048e-02 -1.030764e-02 9.990288e-01 5.965071e+01
9.992157e-01 -9.972822e-04 3.958553e-02 2.531592e+01 1.461140e-03 9.999306e-01 -1.169065e-02 -4.286886e-01 -3.957113e-02 1.173932e-02 9.991478e-01 5.943442e+01
9.988973e-01 1.114176e-03 -4.693461e-02 2.533330e+01 -6.015445e-04 9.999400e-01 1.093497e-02 -4.335131e-01 4.694398e-02 -1.089468e-02 9.988381e-01 5.957390e+01
9.992695e-01 -8.330257e-04 3.820796e-02 2.529168e+01 1.297798e-03 9.999255e-01 -1.214107e-02 -4.405080e-01 -3.819500e-02 1.218179e-02 9.991960e-01 5.991625e+01
9.988974e-01 1.270976e-03 -4.692890e-02 2.512644e+01 -7.927444e-04 9.999476e-01 1.020777e-02 -4.424397e-01 4.693941e-02 -1.015931e-02 9.988461e-01 6.063164e+01
9.993795e-01 -1.392918e-03 3.519371e-02 2.503192e+01 1.818091e-03 9.999257e-01 -1.205182e-02 -4.485352e-01 -3.517431e-02 1.210833e-02 9.993078e-01 6.114113e+01
9.990646e-01 1.581240e-03 -4.321391e-02 2.502341e+01 -1.097570e-03 9.999365e-01 1.121391e-02 -4.563434e-01 4.322890e-02 -1.115599e-02 9.990029e-01 6.139643e+01
9.994998e-01 -1.565591e-03 3.158592e-02 2.499386e+01 1.966133e-03 9.999180e-01 -1.265393e-02 -4.654077e-01 -3.156352e-02 1.270970e-02 9.994209e-01 6.176458e+01
9.992782e-01 1.411685e-03 -3.796167e-02 2.506544e+01 -9.789253e-04 9.999344e-01 1.141610e-02 -4.715653e-01 3.797530e-02 -1.137070e-02 9.992140e-01 6.183139e+01
9.995132e-01 -1.268389e-03 3.117274e-02 2.488874e+01 1.675541e-03 9.999136e-01 -1.303849e-02 -4.749567e-01 -3.115351e-02 1.308438e-02 9.994290e-01 6.254602e+01
9.992125e-01 8.228264e-04 -3.967056e-02 2.445323e+01 -4.426720e-04 9.999539e-01 9.590628e-03 -4.675475e-01 3.967662e-02 -9.565515e-03 9.991668e-01 6.396119e+01
9.995410e-01 -7.805611e-04 3.028480e-02 2.431871e+01 1.137579e-03 9.999300e-01 -1.177324e-02 -4.727337e-01 -3.027349e-02 1.180229e-02 9.994720e-01 6.460357e+01
9.992044e-01 2.505262e-04 -3.988020e-02 2.428426e+01 1.382750e-04 9.999525e-01 9.746182e-03 -4.843309e-01 3.988075e-02 -9.743943e-03 9.991569e-01 6.509043e+01
9.995503e-01 -7.982366e-05 2.998634e-02 2.419031e+01 4.351728e-04 9.999298e-01 -1.184401e-02 -4.921392e-01 -2.998329e-02 1.185173e-02 9.994801e-01 6.573640e+01
9.991605e-01 -4.885669e-04 -4.096297e-02 2.413090e+01 8.767076e-04 9.999549e-01 9.457989e-03 -5.014331e-01 4.095650e-02 -9.485963e-03 9.991159e-01 6.629389e+01
9.995019e-01 6.453910e-04 3.155122e-02 2.408147e+01 -2.897917e-04 9.999364e-01 -1.127380e-02 -5.089756e-01 -3.155649e-02 1.125904e-02 9.994386e-01 6.677553e+01
9.991974e-01 -2.029406e-04 -4.005714e-02 2.406543e+01 6.081897e-04 9.999488e-01 1.010486e-02 -5.142533e-01 4.005304e-02 -1.012112e-02 9.991463e-01 6.697504e+01
9.994571e-01 2.212689e-04 3.294696e-02 2.412612e+01 1.538291e-04 9.999352e-01 -1.138192e-02 -5.218995e-01 -3.294734e-02 1.138081e-02 9.993923e-01 6.709331e+01
9.991004e-01 -3.764598e-04 -4.240490e-02 2.419052e+01 7.975583e-04 9.999505e-01 9.913951e-03 -5.316877e-01 4.239907e-02 -9.938854e-03 9.990513e-01 6.723637e+01
9.994004e-01 4.475889e-04 3.462270e-02 2.422448e+01 -7.408579e-05 9.999418e-01 -1.078833e-02 -5.387164e-01 -3.462551e-02 1.077929e-02 9.993422e-01 6.738370e+01
9.990540e-01 -3.772621e-05 -4.348604e-02 2.418936e+01 4.631453e-04 9.999521e-01 9.772867e-03 -5.446667e-01 4.348359e-02 -9.783763e-03 9.990062e-01 6.769420e+01
9.993728e-01 1.362809e-03 3.538706e-02 2.426526e+01 -9.690162e-04 9.999374e-01 -1.114292e-02 -5.518546e-01 -3.540003e-02 1.110164e-02 9.993116e-01 6.776444e+01
9.990274e-01 -1.144256e-03 -4.407789e-02 2.419946e+01 1.603124e-03 9.999449e-01 1.037646e-02 -5.570846e-01 4.406359e-02 -1.043703e-02 9.989742e-01 6.819838e+01
9.994201e-01 1.419880e-03 3.402202e-02 2.408923e+01 -1.009453e-03 9.999266e-01 -1.207769e-02 -5.607255e-01 -3.403667e-02 1.203634e-02 9.993481e-01 6.869411e+01
9.990797e-01 -1.223269e-03 -4.287483e-02 2.404724e+01 1.702638e-03 9.999364e-01 1.114594e-02 -5.663196e-01 4.285847e-02 -1.120869e-02 9.990183e-01 6.896869e+01
9.994333e-01 1.287279e-03 3.363715e-02 2.395495e+01 -8.495221e-04 9.999148e-01 -1.302513e-02 -5.718733e-01 -3.365105e-02 1.298917e-02 9.993492e-01 6.946251e+01
9.990765e-01 -1.469035e-03 -4.294104e-02 2.393562e+01 1.964280e-03 9.999320e-01 1.149324e-02 -5.808059e-01 4.292124e-02 -1.156697e-02 9.990115e-01 6.978077e+01
9.993491e-01 1.880302e-03 3.602537e-02 2.398703e+01 -1.424195e-03 9.999186e-01 -1.268218e-02 -5.880610e-01 -3.604628e-02 1.262262e-02 9.992704e-01 6.983675e+01
9.990352e-01 -1.963800e-03 -4.387313e-02 2.404261e+01 2.446719e-03 9.999370e-01 1.095621e-02 -5.976284e-01 4.384885e-02 -1.105299e-02 9.989770e-01 7.006181e+01
9.994786e-01 1.651197e-03 3.224640e-02 2.405301e+01 -1.229551e-03 9.999136e-01 -1.309121e-02 -6.093907e-01 -3.226523e-02 1.304473e-02 9.993942e-01 7.046594e+01
9.992523e-01 6.296181e-04 -3.865784e-02 2.433773e+01 -1.781272e-04 9.999318e-01 1.168150e-02 -6.150071e-01 3.866255e-02 -1.166588e-02 9.991842e-01 7.027917e+01
9.992128e-01 3.144113e-03 3.954668e-02 2.500123e+01 -2.591237e-03 9.998983e-01 -1.402382e-02 -6.091700e-01 -3.958675e-02 1.391030e-02 9.991193e-01 6.973658e+01
