1.000000e+00 1.197625e-11 1.704638e-10 1.665335e-16 1.197625e-11 1.000000e+00 3.562503e-10 -1.110223e-16 1.704638e-10 3.562503e-10 1.000000e+00 2.220446e-16 0.000000e+00 0.000000e+00 0.000000e+00 1.000000e+00
9.979472e-01 -3.613429e-02 5.287505e-02 -9.591014e-02 3.055120e-02 9.942294e-01 1.028329e-01 -1.554805e-02 -5.628573e-02 -1.010064e-01 9.932923e-01 8.163297e-01
9.993390e-01 1.301090e-03 3.633118e-02 -4.421148e-02 -1.692232e-04 9.995150e-01 -3.113987e-02 -3.638382e-02 -3.635408e-02 3.111313e-02 9.988545e-01 1.406404e+00
9.976246e-01 -6.318137e-02 2.744688e-02 9.062956e-02 6.101772e-02 9.954215e-01 7.357209e-02 -5.462889e-02 -3.196960e-02 -7.172258e-02 9.969121e-01 1.744455e+00
9.969446e-01 4.727431e-02 6.218170e-02 2.313358e-01 -4.409079e-02 9.976935e-01 -5.161009e-02 -7.590934e-02 -6.447812e-02 4.871076e-02 9.967296e-01 2.254446e+00
9.971307e-01 -7.438987e-02 1.401945e-02 3.007477e-01 7.227564e-02 9.906300e-01 1.158809e-01 -9.319123e-02 -2.250845e-02 -1.145351e-01 9.931642e-01 2.700101e+00
9.959572e-01 3.363261e-02 8.329478e-02 3.259167e-01 -2.882768e-02 9.978868e-01 -5.823178e-02 -1.084698e-01 -8.507725e-02 5.559517e-02 9.948221e-01 3.067988e+00
9.976653e-01 -6.828337e-02 1.144924e-03 3.594909e-01 6.763589e-02 9.902474e-01 1.218012e-01 -1.250667e-01 -9.450753e-03 -1.214394e-01 9.925539e-01 3.497296e+00
9.954125e-01 2.208246e-02 9.309276e-02 3.968712e-01 -1.665168e-02 9.981359e-01 -5.871565e-02 -1.415052e-01 -9.421580e-02 5.689615e-02 9.939247e-01 3.956611e+00
9.421789e-01 -1.271071e-01 3.100690e-01 4.941563e-01 1.162030e-01 9.917852e-01 5.346865e-02 -1.609595e-01 -3.143181e-01 -1.434610e-02 9.492093e-01 3.883070e+00
9.847667e-01 6.243512e-02 1.622852e-01 6.332589e-01 -4.542450e-02 9.932750e-01 -1.064959e-01 -1.852844e-01 -1.678430e-01 9.750189e-02 9.809802e-01 3.707815e+00
9.749923e-01 -1.251275e-01 1.836657e-01 8.260203e-01 1.237810e-01 9.921310e-01 1.882446e-02 -2.106329e-01 -1.845758e-01 4.380601e-03 9.828085e-01 3.698404e+00
9.073505e-01 4.766394e-02 4.176640e-01 9.741026e-01 2.050710e-02 9.873495e-01 -1.572271e-01 -2.389326e-01 -4.198745e-01 1.512251e-01 8.948946e-01 3.579780e+00
9.905057e-01 3.460318e-03 -1.374284e-01 1.109437e+00 2.790369e-03 9.989711e-01 4.526455e-02 -2.593745e-01 1.374436e-01 -4.521827e-02 9.894769e-01 3.496144e+00
9.748148e-01 -1.059174e-02 2.227644e-01 1.094702e+00 -1.550309e-03 9.985256e-01 5.426085e-02 -2.793484e-01 -2.230107e-01 -5.323963e-02 9.733611e-01 4.479547e+00
9.870577e-01 3.347459e-02 -1.568329e-01 1.157534e+00 -2.725549e-02 9.987609e-01 4.163903e-02 -3.015823e-01 1.580324e-01 -3.682556e-02 9.867470e-01 5.375042e+00
9.870914e-01 4.716488e-03 1.600882e-01 1.362369e+00 -1.539038e-02 9.977338e-01 6.550083e-02 -3.310926e-01 -1.594165e-01 -6.711913e-02 9.849271e-01 6.634363e+00
9.646305e-01 5.585068e-02 -2.576214e-01 1.825434e+00 -2.612266e-02 9.927403e-01 1.174068e-01 -3.697357e-01 2.623084e-01 -1.065244e-01 9.590865e-01 8.251600e+00
9.825636e-01 4.785237e-02 1.796631e-01 2.509630e+00 -6.403258e-02 9.942900e-01 8.536505e-02 -4.217728e-01 -1.745523e-01 -9.538089e-02 9.800173e-01 1.026485e+01
9.438243e-01 7.543023e-02 -3.217234e-01 3.158085e+00 -5.698640e-02 9.961658e-01 6.637957e-02 -4.615114e-01 3.254969e-01 -4.431680e-02 9.445040e-01 1.193146e+01
9.726906e-01 -6.525139e-02 2.227446e-01 3.735205e+00 3.523550e-02 9.900597e-01 1.361628e-01 -5.048582e-01 -2.294153e-01 -1.245958e-01 9.653209e-01 1.364909e+01
9.446392e-01 1.296796e-01 -3.013967e-01 4.250950e+00 -1.263131e-01 9.915146e-01 3.071995e-02 -5.526576e-01 3.028230e-01 9.051078e-03 9.530038e-01 1.555298e+01
9.634349e-01 -1.076502e-01 2.453664e-01 4.736775e+00 8.264635e-02 9.904845e-01 1.100457e-01 -5.935610e-01 -2.548780e-01 -8.574325e-02 9.631642e-01 1.718686e+01
9.380562e-01 1.672969e-01 -3.034176e-01 5.273397e+00 -1.515101e-01 9.856044e-01 7.502370e-02 -6.340132e-01 3.116010e-01 -2.440561e-02 9.498996e-01 1.872034e+01
9.727667e-01 -1.250191e-01 1.951798e-01 5.921379e+00 1.057345e-01 9.886947e-01 1.063157e-01 -6.789769e-01 -2.062647e-01 -8.278317e-02 9.749881e-01 2.040238e+01
9.385226e-01 2.301759e-01 -2.572826e-01 6.650326e+00 -1.908077e-01 9.669613e-01 1.690509e-01 -7.255913e-01 2.876938e-01 -1.095666e-01 9.514344e-01 2.237165e+01
9.895148e-01 -1.098329e-01 9.379291e-02 7.467478e+00 9.444756e-02 9.833704e-01 1.551203e-01 -7.796451e-01 -1.092705e-01 -1.446354e-01 9.834331e-01 2.463424e+01
9.367549e-01 3.007461e-01 -1.790029e-01 8.493250e+00 -2.573032e-01 9.384946e-01 2.302671e-01 -8.456827e-01 2.372452e-01 -1.696458e-01 9.565223e-01 2.761277e+01
9.960128e-01 -5.773807e-02 6.800594e-02 9.333382e+00 4.519196e-02 9.838151e-01 1.733940e-01 -9.123995e-01 -7.691671e-02 -1.696293e-01 9.825018e-01 3.107712e+01
9.205964e-01 3.601989e-01 -1.508607e-01 1.006808e+01 -3.075560e-01 9.068016e-01 2.883058e-01 -9.652336e-01 2.406482e-01 -2.190152e-01 9.455796e-01 3.398530e+01
9.774734e-01 -2.106929e-01 1.242387e-02 1.101350e+01 2.108055e-01 9.774904e-01 -8.571814e-03 -1.017907e+00 -1.033820e-02 1.099774e-02 9.998861e-01 3.612155e+01
9.527401e-01 3.009450e-01 -4.145367e-02 1.172597e+01 -2.906027e-01 9.426308e-01 1.643083e-01 -1.059805e+00 8.852327e-02 -1.444966e-01 9.855376e-01 3.786787e+01
9.667390e-01 -2.499720e-01 5.412727e-02 1.219730e+01 2.528590e-01 9.659185e-01 -5.535183e-02 -1.096308e+00 -3.844612e-02 6.719734e-02 9.969987e-01 3.935903e+01
9.171612e-01 3.830059e-01 -1.100988e-01 1.305401e+01 -3.281906e-01 8.826348e-01 3.365214e-01 -1.142357e+00 2.260667e-01 -2.725110e-01 9.352174e-01 4.140087e+01
9.823307e-01 -1.864667e-01 -1.601755e-02 1.405780e+01 1.853513e-01 9.811505e-01 -5.466769e-02 -1.198241e+00 2.590933e-02 5.073288e-02 9.983761e-01 4.392324e+01
9.125968e-01 4.029274e-01 -6.940104e-02 1.500124e+01 -3.217565e-01 8.124864e-01 4.861467e-01 -1.273468e+00 2.522692e-01 -4.213257e-01 8.711170e-01 4.796451e+01
9.939350e-01 -1.060664e-01 -2.903618e-02 1.582667e+01 1.038366e-01 9.921433e-01 -6.978265e-02 -1.344266e+00 3.620965e-02 6.634440e-02 9.971395e-01 5.223125e+01
9.310771e-01 3.477302e-01 -1.103588e-01 1.679424e+01 -2.339835e-01 8.012703e-01 5.506520e-01 -1.424478e+00 2.799056e-01 -4.868773e-01 8.274076e-01 5.690730e+01
9.976699e-01 4.457873e-02 5.164781e-02 1.771204e+01 -4.228625e-02 9.981069e-01 -4.466038e-02 -1.503939e+00 -5.354094e-02 4.237233e-02 9.976663e-01 6.190054e+01
9.034727e-01 4.169285e-01 -9.953802e-02 1.883095e+01 -2.900843e-01 7.656687e-01 5.741102e-01 -1.590172e+00 3.155760e-01 -4.898185e-01 8.127051e-01 6.725240e+01
9.929582e-01 3.066353e-02 1.144282e-01 1.971510e+01 -2.348090e-02 9.976993e-01 -6.359828e-02 -1.661617e+00 -1.161151e-01 6.046356e-02 9.913937e-01 7.210574e+01
8.980849e-01 4.050525e-01 -1.713944e-01 2.067817e+01 -2.617969e-01 8.054470e-01 5.317119e-01 -1.739288e+00 3.534203e-01 -4.326519e-01 8.294013e-01 7.719959e+01
9.772439e-01 7.925327e-03 2.119709e-01 2.143998e+01 -8.828446e-03 9.999555e-01 3.314466e-03 -1.807288e+00 -2.119352e-01 -5.110415e-03 9.772704e-01 8.189434e+01
9.105937e-01 3.558143e-01 -2.102745e-01 2.208623e+01 -2.495953e-01 8.789369e-01 4.064137e-01 -1.869460e+00 3.294258e-01 -3.175942e-01 8.891640e-01 8.591674e+01
9.668655e-01 -1.723518e-01 1.883239e-01 2.237186e+01 1.909904e-01 9.778489e-01 -8.563976e-02 -1.919681e+00 -1.693921e-01 1.187702e-01 9.783660e-01 8.943853e+01
9.147892e-01 3.012187e-01 -2.691247e-01 2.266422e+01 -1.956644e-01 9.133227e-01 3.571512e-01 -1.972975e+00 3.533783e-01 -2.740600e-01 8.944355e-01 9.262818e+01
8.952851e-01 -1.540194e-01 4.180223e-01 2.270882e+01 2.046849e-01 9.756425e-01 -7.890370e-02 -2.012830e+00 -3.956876e-01 1.562042e-01 9.050036e-01 9.498763e+01
8.521851e-01 3.351208e-01 -4.018390e-01 2.285613e+01 -2.271134e-01 9.287710e-01 2.929230e-01 -2.040235e+00 4.713810e-01 -1.583616e-01 8.675953e-01 9.681645e+01
8.492848e-01 -2.200605e-01 4.798841e-01 2.316842e+01 2.923803e-01 9.529105e-01 -8.046984e-02 -2.068758e+00 -4.395784e-01 2.086505e-01 8.736337e-01 9.826713e+01
7.590895e-01 4.468789e-01 -4.733735e-01 2.352864e+01 -2.746544e-01 8.791251e-01 3.894920e-01 -2.102582e+00 5.902102e-01 -1.656451e-01 7.900719e-01 1.000571e+02
7.580062e-01 -3.239901e-01 5.660892e-01 2.383600e+01 4.130386e-01 9.101453e-01 -3.216419e-02 -2.133990e+00 -5.048025e-01 2.581974e-01 8.237163e-01 1.016587e+02
7.428784e-01 4.779090e-01 -4.687587e-01 2.396785e+01 -3.600583e-01 8.755781e-01 3.220574e-01 -2.160626e+00 5.643490e-01 -7.046900e-02 8.225231e-01 1.031225e+02
6.738013e-01 -4.031538e-01 6.192405e-01 2.400694e+01 4.968196e-01 8.675164e-01 2.419878e-02 -2.184202e+00 -5.469571e-01 2.913456e-01 7.848284e-01 1.041955e+02
7.020404e-01 5.516512e-01 -4.503556e-01 2.404590e+01 -4.173434e-01 8.311290e-01 3.674903e-01 -2.201765e+00 5.770301e-01 -7.004009e-02 8.137141e-01 1.050039e+02
6.573217e-01 -4.961027e-01 5.672832e-01 2.397221e+01 5.652923e-01 8.223898e-01 6.418468e-02 -2.215270e+00 -4.983701e-01 2.784909e-01 8.210177e-01 1.058221e+02
7.306697e-01 5.765252e-01 -3.657056e-01 2.393148e+01 -4.928977e-01 8.160888e-01 3.017465e-01 -2.231191e+00 4.724127e-01 -4.022156e-02 8.804593e-01 1.065450e+02
6.213662e-01 -5.330487e-01 5.742501e-01 2.407316e+01 5.673287e-01 8.115923e-01 1.394851e-01 -2.259827e+00 -5.404093e-01 2.391172e-01 8.067098e-01 1.072776e+02
7.393280e-01 5.815430e-01 -3.394140e-01 2.423074e+01 -5.634337e-01 8.103091e-01 1.610637e-01 -2.288508e+00 3.686957e-01 7.215844e-02 9.267452e-01 1.080275e+02
6.322840e-01 -5.781739e-01 5.156859e-01 2.436915e+01 5.337961e-01 8.075345e-01 2.508981e-01 -2.316178e+00 -5.614969e-01 1.166322e-01 8.192180e-01 1.086606e+02
7.572310e-01 5.581922e-01 -3.391499e-01 2.449125e+01 -5.904020e-01 8.070465e-01 1.007339e-02 -2.344761e+00 2.793326e-01 1.926069e-01 9.406784e-01 1.094258e+02
6.592101e-01 -6.454894e-01 3.857273e-01 2.448758e+01 5.422046e-01 7.634464e-01 3.509469e-01 -2.364609e+00 -5.210146e-01 -2.220463e-02 8.532589e-01 1.101127e+02
7.928963e-01 5.262270e-01 -3.072468e-01 2.449215e+01 -5.934043e-01 7.814186e-01 -1.930190e-01 -2.383861e+00 1.385165e-01 3.353655e-01 9.318493e-01 1.106072e+02
6.969255e-01 -5.980713e-01 3.957341e-01 2.455928e+01 3.956524e-01 7.808964e-01 4.833839e-01 -2.407319e+00 -5.981254e-01 -1.803094e-01 7.808550e-01 1.109869e+02
8.240424e-01 4.101366e-01 -3.908224e-01 2.464143e+01 -5.313498e-01 7.988247e-01 -2.820399e-01 -2.431485e+00 1.965236e-01 4.400762e-01 8.761914e-01 1.115805e+02
7.441674e-01 -5.567353e-01 3.691350e-01 2.467503e+01 3.001752e-01 7.723744e-01 5.597613e-01 -2.454969e+00 -5.967493e-01 -3.057509e-01 7.418940e-01 1.122995e+02
8.825619e-01 2.908812e-01 -3.694219e-01 2.472587e+01 -4.404785e-01 7.863651e-01 -4.331381e-01 -2.477199e+00 1.645087e-01 5.449937e-01 8.221428e-01 1.127934e+02
8.274838e-01 -4.715867e-01 3.047566e-01 2.476044e+01 1.884998e-01 7.445827e-01 6.403627e-01 -2.497615e+00 -5.289031e-01 -4.724432e-01 7.050241e-01 1.135320e+02
9.155013e-01 1.784086e-01 -3.605937e-01 2.471132e+01 -3.494709e-01 7.967068e-01 -4.930804e-01 -2.514811e+00 1.993177e-01 5.774328e-01 7.917347e-01 1.142537e+02
8.259153e-01 -3.714251e-01 4.241547e-01 2.475080e+01 3.227393e-02 7.822354e-01 6.221465e-01 -2.537189e+00 -5.628696e-01 -5.001512e-01 6.580475e-01 1.148007e+02
9.346929e-01 2.776059e-02 -3.543707e-01 2.478569e+01 -2.241532e-01 8.197651e-01 -5.270110e-01 -2.558784e+00 2.758706e-01 5.720267e-01 7.724512e-01 1.154211e+02
8.557430e-01 -2.670132e-01 4.431793e-01 2.477345e+01 -7.457981e-02 7.839472e-01 6.163317e-01 -2.578975e+00 -5.119978e-01 -5.604737e-01 6.509435e-01 1.162148e+02
9.452594e-01 -7.269753e-02 -3.181191e-01 2.487850e+01 -1.334553e-01 8.034910e-01 -5.801654e-01 -2.602364e+00 2.977825e-01 5.908615e-01 7.498055e-01 1.168105e+02
8.130605e-01 -1.724070e-01 5.560651e-01 2.527209e+01 -2.330598e-01 7.788794e-01 5.822628e-01 -2.631209e+00 -5.334939e-01 -6.030114e-01 5.930949e-01 1.175069e+02
9.277532e-01 -2.132566e-01 -3.062608e-01 2.548422e+01 -5.863693e-03 8.122157e-01 -5.833278e-01 -2.660409e+00 3.731483e-01 5.429800e-01 7.522852e-01 1.181989e+02
8.215291e-01 -2.758183e-02 5.694990e-01 2.566255e+01 -3.244868e-01 7.986824e-01 5.067690e-01 -2.684305e+00 -4.688264e-01 -6.011204e-01 6.471909e-01 1.188704e+02
9.223633e-01 -3.159250e-01 -2.223451e-01 2.586354e+01 1.518088e-01 8.256441e-01 -5.433838e-01 -2.713474e+00 3.552464e-01 4.674433e-01 8.095040e-01 1.194476e+02
8.268770e-01 1.063923e-01 5.522273e-01 2.591303e+01 -3.939151e-01 8.103932e-01 4.336977e-01 -2.736825e+00 -4.013792e-01 -5.761454e-01 7.120051e-01 1.201021e+02
8.845696e-01 -3.895605e-01 -2.564746e-01 2.595951e+01 2.309528e-01 8.435895e-01 -4.847860e-01 -2.760662e+00 4.052128e-01 3.695935e-01 8.361838e-01 1.208974e+02
7.931212e-01 1.843200e-01 5.805041e-01 2.599992e+01 -4.498449e-01 8.198247e-01 3.542979e-01 -2.785078e+00 -4.106074e-01 -5.421379e-01 7.331358e-01 1.217368e+02
8.446830e-01 -4.591500e-01 -2.751217e-01 2.605828e+01 3.163916e-01 8.428711e-01 -4.352754e-01 -2.808227e+00 4.317488e-01 2.806235e-01 8.572301e-01 1.223965e+02
7.441926e-01 2.637810e-01 6.136750e-01 2.606164e+01 -4.760029e-01 8.539599e-01 2.101754e-01 -2.827577e+00 -4.686135e-01 -4.485220e-01 7.610712e-01 1.229133e+02
7.982987e-01 -4.905890e-01 -3.493445e-01 2.606587e+01 3.754028e-01 8.589139e-01 -3.483384e-01 -2.846013e+00 4.709479e-01 1.469332e-01 8.698384e-01 1.234359e+02
7.119849e-01 3.180095e-01 6.260571e-01 2.610347e+01 -4.868728e-01 8.660289e-01 1.137927e-01 -2.867190e+00 -5.059964e-01 -3.858289e-01 7.714297e-01 1.240472e+02
7.879620e-01 -4.742823e-01 -3.926477e-01 2.613059e+01 4.040584e-01 8.794862e-01 -2.514774e-01 -2.890088e+00 4.645995e-01 3.950200e-02 8.846394e-01 1.248293e+02
6.851474e-01 3.650496e-01 6.303267e-01 2.645179e+01 -4.502445e-01 8.924826e-01 -2.747230e-02 -2.911425e+00 -5.725844e-01 -2.649786e-01 7.758437e-01 1.255250e+02
8.154196e-01 -4.169617e-01 -4.015393e-01 2.672916e+01 3.917804e-01 9.081672e-01 -1.474463e-01 -2.942858e+00 4.261442e-01 -3.708461e-02 9.038948e-01 1.262162e+02
7.193258e-01 3.289786e-01 6.118362e-01 2.671342e+01 -3.813763e-01 9.231727e-01 -4.800343e-02 -2.964253e+00 -5.806225e-01 -1.988097e-01 7.895265e-01 1.271008e+02
8.239591e-01 -3.730094e-01 -4.265623e-01 2.673076e+01 3.851903e-01 9.208082e-01 -6.116102e-02 -2.986761e+00 4.155957e-01 -1.139135e-01 9.023879e-01 1.278688e+02
7.194561e-01 3.331539e-01 6.094189e-01 2.675210e+01 -3.135830e-01 9.387347e-01 -1.429788e-01 -3.008895e+00 -6.197166e-01 -8.823641e-02 7.798498e-01 1.285438e+02
8.172337e-01 -2.927471e-01 -4.964153e-01 2.680009e+01 3.598822e-01 9.320140e-01 4.283412e-02 -3.031815e+00 4.501265e-01 -2.136565e-01 8.670277e-01 1.292917e+02
7.313930e-01 3.074782e-01 6.087048e-01 2.682963e+01 -2.539568e-01 9.511904e-01 -1.753364e-01 -3.054373e+00 -6.329062e-01 -2.634488e-02 7.737801e-01 1.302267e+02
8.270235e-01 -1.946923e-01 -5.273776e-01 2.685391e+01 2.964225e-01 9.481295e-01 1.148225e-01 -3.077538e+00 4.776671e-01 -2.512875e-01 8.418365e-01 1.312947e+02
7.221555e-01 2.450935e-01 6.468545e-01 2.686358e+01 -1.439566e-01 9.679003e-01 -2.060232e-01 -3.099856e+00 -6.765855e-01 5.566179e-02 7.342573e-01 1.322593e+02
8.403446e-01 -1.219684e-01 -5.281521e-01 2.688989e+01 2.415154e-01 9.565450e-01 1.633769e-01 -3.121401e+00 4.852745e-01 -2.648497e-01 8.332847e-01 1.330352e+02
7.305532e-01 1.939010e-01 6.547476e-01 2.694584e+01 -5.834561e-02 9.730557e-01 -2.230660e-01 -3.143127e+00 -6.803586e-01 1.247599e-01 7.221822e-01 1.337709e+02
8.339837e-01 -9.375124e-03 -5.517094e-01 2.692770e+01 1.729260e-01 9.539276e-01 2.451911e-01 -3.163353e+00 5.239922e-01 -2.998903e-01 7.971813e-01 1.347997e+02
7.205181e-01 1.117779e-01 6.843679e-01 2.690055e+01 6.060568e-02 9.729953e-01 -2.227265e-01 -3.183212e+00 -6.907826e-01 2.019551e-01 6.942863e-01 1.356879e+02
8.395356e-01 9.079642e-02 -5.356640e-01 2.694959e+01 8.088984e-02 9.540592e-01 2.884925e-01 -3.205413e+00 5.372492e-01 -2.855295e-01 7.936222e-01 1.365052e+02
7.182214e-01 2.496351e-02 6.953667e-01 2.695460e+01 1.472327e-01 9.712753e-01 -1.869404e-01 -3.226700e+00 -6.800592e-01 2.366454e-01 6.939153e-01 1.374450e+02
8.324106e-01 1.874427e-01 -5.214958e-01 2.692491e+01 -1.492755e-02 9.483004e-01 3.170230e-01 -3.246700e+00 5.539583e-01 -2.561086e-01 7.921733e-01 1.384818e+02
6.968669e-01 -8.368267e-02 7.123017e-01 2.686442e+01 2.473156e-01 9.602905e-01 -1.291397e-01 -3.265013e+00 -6.732098e-01 2.661565e-01 6.898907e-01 1.394806e+02
8.169421e-01 2.822408e-01 -5.029371e-01 2.684188e+01 -1.263247e-01 9.384607e-01 3.214555e-01 -3.286010e+00 5.627145e-01 -1.990772e-01 8.023220e-01 1.404565e+02
6.849052e-01 -1.787863e-01 7.063571e-01 2.685294e+01 3.261739e-01 9.421018e-01 -7.781227e-02 -3.306533e+00 -6.515486e-01 2.836892e-01 7.035658e-01 1.412605e+02
7.856429e-01 3.711602e-01 -4.949802e-01 2.687856e+01 -2.273312e-01 9.172763e-01 3.269935e-01 -3.328326e+00 5.754006e-01 -1.443756e-01 8.050279e-01 1.421861e+02
6.757136e-01 -2.871373e-01 6.789427e-01 2.689873e+01 3.887006e-01 9.213599e-01 2.808116e-03 -3.350251e+00 -6.263569e-01 2.620079e-01 7.341859e-01 1.431494e+02
7.703928e-01 4.406009e-01 -4.608316e-01 2.691210e+01 -3.330110e-01 8.944399e-01 2.984642e-01 -3.372367e+00 5.436898e-01 -7.647269e-02 8.357951e-01 1.442190e+02
6.611359e-01 -3.933735e-01 6.388713e-01 2.687749e+01 4.397179e-01 8.931108e-01 9.487488e-02 -3.393922e+00 -6.079042e-01 2.181980e-01 7.634410e-01 1.453730e+02
7.640202e-01 4.857926e-01 -4.245925e-01 2.688211e+01 -4.363049e-01 8.738160e-01 2.146708e-01 -3.416558e+00 4.753012e-01 2.123901e-02 8.795668e-01 1.464585e+02
6.569860e-01 -4.870113e-01 5.754906e-01 2.687912e+01 4.641677e-01 8.628120e-01 2.002595e-01 -3.438810e+00 -5.940689e-01 1.355565e-01 7.929102e-01 1.475446e+02
7.497790e-01 5.059057e-01 -4.264867e-01 2.683385e+01 -4.986607e-01 8.556830e-01 1.383621e-01 -3.458686e+00 4.349356e-01 1.089311e-01 8.938484e-01 1.485972e+02
6.577668e-01 -5.531260e-01 5.112676e-01 2.682660e+01 4.960563e-01 8.288983e-01 2.585649e-01 -3.478355e+00 -5.668078e-01 8.354211e-02 8.196034e-01 1.494011e+02
7.408834e-01 5.277433e-01 -4.154260e-01 2.684995e+01 -5.522859e-01 8.306845e-01 7.031010e-02 -3.498978e+00 3.821936e-01 1.773424e-01 9.069056e-01 1.502385e+02
6.706861e-01 -6.005226e-01 4.353765e-01 2.684722e+01 4.990288e-01 7.995786e-01 3.341323e-01 -3.519203e+00 -5.487717e-01 -6.832491e-03 8.359443e-01 1.511978e+02
7.560749e-01 5.374687e-01 -3.734677e-01 2.686559e+01 -5.936662e-01 8.034161e-01 -4.563990e-02 -3.541739e+00 2.755199e-01 2.562223e-01 9.265198e-01 1.521837e+02
5.419959e-01 -5.647025e-01 6.223757e-01 2.699552e+01 3.779352e-01 8.252580e-01 4.196596e-01 -3.567297e+00 -7.506034e-01 7.763913e-03 6.607074e-01 1.527928e+02
6.514261e-01 4.466852e-01 -6.132833e-01 2.698463e+01 -5.598543e-01 8.285444e-01 8.796717e-03 -3.588542e+00 5.120618e-01 3.376188e-01 7.898141e-01 1.538907e+02
5.895580e-01 -6.214106e-01 5.160138e-01 2.692007e+01 3.975189e-01 7.793458e-01 4.843540e-01 -3.607121e+00 -7.031359e-01 -8.042954e-02 7.064920e-01 1.551016e+02
6.041650e-01 5.089061e-01 -6.131878e-01 2.693801e+01 -6.639895e-01 7.469550e-01 -3.429498e-02 -3.627686e+00 4.405708e-01 4.278701e-01 7.891924e-01 1.564620e+02
6.068721e-01 -7.075001e-01 3.621463e-01 2.690263e+01 4.667490e-01 6.860431e-01 5.581132e-01 -3.644506e+00 -6.433130e-01 -1.696719e-01 7.465653e-01 1.578275e+02
6.583955e-01 5.417918e-01 -5.224720e-01 2.679809e+01 -6.928496e-01 7.074652e-01 -1.394720e-01 -3.659927e+00 2.940659e-01 4.538223e-01 8.411721e-01 1.590540e+02
6.629627e-01 -6.929490e-01 2.833762e-01 2.675821e+01 4.661892e-01 6.782851e-01 5.679762e-01 -3.678101e+00 -5.857884e-01 -2.444401e-01 7.727231e-01 1.603046e+02
6.803405e-01 5.508916e-01 -4.833789e-01 2.676753e+01 -7.069806e-01 6.671430e-01 -2.347310e-01 -3.697298e+00 1.931715e-01 5.014365e-01 8.433541e-01 1.614512e+02
6.822325e-01 -7.065752e-01 1.879105e-01 2.680478e+01 4.962841e-01 6.362668e-01 5.906493e-01 -3.716652e+00 -5.368994e-01 -3.097031e-01 7.847439e-01 1.624344e+02
7.154381e-01 5.539307e-01 -4.258040e-01 2.673228e+01 -6.856038e-01 6.739474e-01 -2.752132e-01 -3.731021e+00 1.345205e-01 4.888308e-01 8.619447e-01 1.635125e+02
6.840603e-01 -7.143084e-01 1.477328e-01 2.666730e+01 5.178245e-01 6.181983e-01 5.913448e-01 -3.745875e+00 -5.137308e-01 -3.280158e-01 7.927713e-01 1.641805e+02
7.214420e-01 5.507006e-01 -4.198217e-01 2.665806e+01 -6.868663e-01 6.460951e-01 -3.328301e-01 -3.763212e+00 8.795501e-02 5.284790e-01 8.443778e-01 1.649656e+02
7.205792e-01 -6.880138e-01 8.603871e-02 2.664852e+01 4.979713e-01 5.998572e-01 6.262555e-01 -3.780258e+00 -4.824833e-01 -4.084219e-01 7.748557e-01 1.659557e+02
7.309714e-01 5.776156e-01 -3.633747e-01 2.655791e+01 -6.823506e-01 6.255843e-01 -3.782089e-01 -3.794542e+00 8.862113e-03 5.244088e-01 8.514205e-01 1.671622e+02
7.345251e-01 -6.769061e-01 -4.765540e-02 2.642493e+01 5.478390e-01 5.500982e-01 6.302892e-01 -3.806848e+00 -4.004314e-01 -4.890707e-01 7.748964e-01 1.681995e+02
7.540419e-01 5.872638e-01 -2.941802e-01 2.643220e+01 -6.463548e-01 5.837792e-01 -4.913526e-01 -3.825734e+00 -1.168173e-01 5.606452e-01 8.197747e-01 1.691163e+02
7.888535e-01 -6.048698e-01 -1.088237e-01 2.645478e+01 5.147665e-01 5.535611e-01 6.546645e-01 -3.846049e+00 -3.357463e-01 -5.724532e-01 7.480453e-01 1.701638e+02
8.108679e-01 5.397369e-01 -2.262240e-01 2.648431e+01 -5.541769e-01 5.839123e-01 -5.932406e-01 -3.866565e+00 -1.880988e-01 6.064079e-01 7.725855e-01 1.709692e+02
8.223360e-01 -5.183922e-01 -2.345913e-01 2.639676e+01 5.101294e-01 4.890437e-01 7.075340e-01 -3.880807e+00 -2.520547e-01 -7.015025e-01 6.666053e-01 1.721904e+02
8.258057e-01 5.481884e-01 -1.324176e-01 2.626769e+01 -4.898725e-01 5.809403e-01 -6.500256e-01 -3.893114e+00 -2.794098e-01 6.016626e-01 7.482863e-01 1.733997e+02
8.450434e-01 -4.632327e-01 -2.670528e-01 2.615059e+01 4.957123e-01 4.915073e-01 7.160237e-01 -3.907529e+00 -2.004272e-01 -7.374524e-01 6.449751e-01 1.745152e+02
8.624110e-01 5.012480e-01 -7.069464e-02 2.607871e+01 -3.994481e-01 5.880718e-01 -7.032871e-01 -3.924066e+00 -3.109478e-01 6.347614e-01 7.073821e-01 1.755925e+02
8.624839e-01 -3.265895e-01 -3.866017e-01 2.589982e+01 5.055999e-01 5.226272e-01 6.864616e-01 -3.929630e+00 -2.214260e-02 -7.875278e-01 6.158812e-01 1.767901e+02
8.768522e-01 4.799650e-01 2.763831e-02 2.570264e+01 -3.162541e-01 6.191570e-01 -7.187684e-01 -3.934136e+00 -3.620961e-01 6.215129e-01 6.947000e-01 1.776521e+02
9.147431e-01 -3.425426e-01 -2.142654e-01 2.569654e+01 3.830153e-01 5.663485e-01 7.297593e-01 -3.950574e+00 -1.286247e-01 -7.496092e-01 6.492624e-01 1.781279e+02
9.381298e-01 3.425374e-01 5.080020e-02 2.570066e+01 -1.875639e-01 6.259560e-01 -7.569669e-01 -3.967991e+00 -2.910882e-01 7.006049e-01 6.514756e-01 1.786938e+02
9.704170e-01 -2.229631e-01 -9.261964e-02 2.568164e+01 2.084570e-01 5.802212e-01 7.873303e-01 -3.985828e+00 -1.218057e-01 -7.833459e-01 6.095347e-01 1.792860e+02
9.813804e-01 1.845520e-01 5.322685e-02 2.568362e+01 -7.987282e-02 6.441372e-01 -7.607284e-01 -4.004453e+00 -1.746793e-01 7.423125e-01 6.468843e-01 1.800015e+02
9.928865e-01 -1.126473e-01 -3.856016e-02 2.558713e+01 9.541349e-02 5.590518e-01 8.236245e-01 -4.018995e+00 -7.122195e-02 -8.214448e-01 5.658231e-01 1.809325e+02
9.977252e-01 6.542852e-02 1.623478e-02 2.537257e+01 -3.052023e-02 6.531451e-01 -7.566175e-01 -4.026342e+00 -6.010802e-02 7.544008e-01 6.536562e-01 1.820595e+02
9.992287e-01 -3.903617e-02 4.255664e-03 2.512793e+01 1.782691e-02 5.475289e-01 8.365969e-01 -4.033419e+00 -3.498764e-02 -8.358758e-01 5.478025e-01 1.833934e+02
9.953703e-01 1.746516e-02 9.451408e-02 2.502131e+01 6.080657e-02 6.471174e-01 -7.599616e-01 -4.050602e+00 -7.443456e-02 7.621903e-01 6.430595e-01 1.845787e+02
9.967411e-01 1.805465e-02 7.862105e-02 2.499035e+01 -7.562723e-02 5.482568e-01 8.328836e-01 -4.070614e+00 -2.806710e-02 -8.361151e-01 5.478355e-01 1.856201e+02
9.947754e-01 -9.584544e-02 3.515165e-02 2.474796e+01 8.788262e-02 6.287734e-01 -7.726064e-01 -4.075000e+00 5.194837e-02 7.716590e-01 6.339115e-01 1.867298e+02
9.838270e-01 5.319943e-02 1.710388e-01 2.458657e+01 -1.720223e-01 5.467776e-01 8.194160e-01 -4.086358e+00 -4.992774e-02 -8.355861e-01 5.470860e-01 1.877548e+02
9.916481e-01 -1.244792e-01 3.374788e-02 2.458550e+01 1.041278e-01 6.183271e-01 -7.789923e-01 -4.107207e+00 7.610106e-02 7.760003e-01 6.261247e-01 1.889277e+02
9.818840e-01 8.045920e-02 1.715522e-01 2.441845e+01 -1.884765e-01 5.079140e-01 8.405355e-01 -4.118208e+00 -1.950493e-02 -8.576419e-01 5.138773e-01 1.901720e+02
9.822891e-01 -1.689544e-01 -8.100994e-02 2.409200e+01 3.433599e-02 5.873389e-01 -8.086124e-01 -4.114363e+00 1.841989e-01 7.915096e-01 5.827378e-01 1.914351e+02
9.896656e-01 4.232921e-02 1.370044e-01 2.371007e+01 -1.400483e-01 4.905241e-01 8.601003e-01 -4.107159e+00 -3.079659e-02 -8.703990e-01 4.913830e-01 1.928295e+02
9.739493e-01 -5.453280e-02 -2.201111e-01 2.327223e+01 -1.556426e-01 5.451650e-01 -8.237539e-01 -4.090477e+00 1.649185e-01 8.365532e-01 5.224754e-01 1.942204e+02
9.949030e-01 -9.042926e-02 -4.461671e-02 2.284202e+01 8.217238e-02 4.706183e-01 8.785022e-01 -4.075221e+00 -5.844486e-02 -8.776907e-01 4.756503e-01 1.956469e+02
9.947416e-01 1.019346e-01 -9.920237e-03 2.267601e+01 -6.977512e-02 6.036165e-01 -7.942157e-01 -4.085056e+00 -7.497004e-02 7.907316e-01 6.075549e-01 1.968218e+02
9.948331e-01 -5.667523e-02 -8.423143e-02 2.262633e+01 1.009084e-01 4.608070e-01 8.817451e-01 -4.104066e+00 -1.115867e-02 -8.856889e-01 4.641451e-01 1.981249e+02
9.927069e-01 1.185740e-01 -2.175412e-02 2.240699e+01 -8.693998e-02 5.791548e-01 -8.105684e-01 -4.110105e+00 -8.351335e-02 8.065481e-01 5.852398e-01 1.995559e+02
9.924854e-01 -1.051094e-01 -6.264844e-02 2.211563e+01 1.071843e-01 4.997985e-01 8.594841e-01 -4.110426e+00 -5.902829e-02 -8.597403e-01 5.073088e-01 2.006873e+02
9.858557e-01 1.624776e-01 4.110416e-02 2.185221e+01 -5.636063e-02 5.523788e-01 -8.316857e-01 -4.112432e+00 -1.578354e-01 8.176054e-01 5.537232e-01 2.018753e+02
9.922632e-01 9.171951e-03 -1.238132e-01 2.154792e+01 1.048106e-01 4.726649e-01 8.749872e-01 -4.111226e+00 6.654750e-02 -8.811945e-01 4.680466e-01 2.032995e+02
9.747474e-01 2.189886e-01 -4.372148e-02 2.115981e+01 -1.554809e-01 5.250017e-01 -8.367789e-01 -4.100307e+00 -1.602912e-01 8.224459e-01 5.457926e-01 2.048882e+02
9.854182e-01 -1.000651e-01 -1.376154e-01 2.098137e+01 1.670142e-01 4.142835e-01 8.946929e-01 -4.113421e+00 -3.251574e-02 -9.046304e-01 4.249548e-01 2.062610e+02
9.694381e-01 1.959562e-01 1.476172e-01 2.095770e+01 2.857265e-02 5.074204e-01 -8.612248e-01 -4.132777e+00 -2.436663e-01 8.391220e-01 4.863137e-01 2.074568e+02
9.395451e-01 1.415642e-01 -3.117926e-01 2.064041e+01 2.067077e-01 4.914491e-01 8.460199e-01 -4.124444e+00 2.729964e-01 -8.593238e-01 4.324762e-01 2.086484e+02
9.640402e-01 2.524246e-01 8.311648e-02 2.027626e+01 -8.419597e-02 5.867450e-01 -8.053827e-01 -4.111887e+00 -2.520666e-01 7.694232e-01 5.868989e-01 2.099735e+02
8.801183e-01 4.083258e-02 -4.729952e-01 1.984075e+01 3.777958e-01 5.431162e-01 7.498634e-01 -4.095295e+00 2.875102e-01 -8.386641e-01 4.625801e-01 2.114664e+02
8.795828e-01 3.955513e-01 2.643355e-01 1.942358e+01 -5.405792e-02 6.351224e-01 -7.705175e-01 -4.084968e+00 -4.726646e-01 6.634446e-01 5.800254e-01 2.128574e+02
7.788627e-01 4.042296e-02 -6.258905e-01 1.900131e+01 4.821534e-01 5.996346e-01 6.387225e-01 -4.067812e+00 4.011247e-01 -7.992523e-01 4.475430e-01 2.141024e+02
8.030566e-01 5.749904e-01 1.564802e-01 1.848350e+01 -2.869650e-01 6.032913e-01 -7.441040e-01 -4.038789e+00 -5.222558e-01 5.526533e-01 6.494792e-01 2.155465e+02
6.699927e-01 -1.803476e-01 -7.201281e-01 1.796256e+01 6.496714e-01 6.118256e-01 4.512167e-01 -4.015595e+00 3.592170e-01 -7.701585e-01 5.270854e-01 2.170602e+02
6.448239e-01 7.508110e-01 1.431256e-01 1.741005e+01 -5.228319e-01 5.698752e-01 -6.339472e-01 -3.983074e+00 -5.575383e-01 3.339537e-01 7.600171e-01 2.186260e+02
4.271795e-01 -4.079755e-01 -8.068914e-01 1.681989e+01 7.623540e-01 6.423420e-01 7.882382e-02 -3.950310e+00 4.861420e-01 -6.488088e-01 5.854171e-01 2.202735e+02
4.955348e-01 7.648822e-01 4.115829e-01 1.625874e+01 -6.219931e-01 6.432328e-01 -4.465155e-01 -3.923657e+00 -6.062754e-01 -3.473773e-02 7.944957e-01 2.218888e+02
4.239934e-01 -5.148082e-01 -7.451189e-01 1.579022e+01 6.890197e-01 7.173107e-01 -1.035239e-01 -3.906032e+00 5.877767e-01 -4.695081e-01 6.588480e-01 2.233980e+02
4.799501e-01 6.550610e-01 5.835606e-01 1.536631e+01 -6.138982e-01 7.259633e-01 -3.100102e-01 -3.891327e+00 -6.267192e-01 -2.094574e-01 7.505669e-01 2.247255e+02
4.097022e-01 -5.410329e-01 -7.344573e-01 1.496820e+01 5.399562e-01 7.927678e-01 -2.827833e-01 -3.873905e+00 7.352492e-01 -2.807179e-01 6.169328e-01 2.259291e+02
5.594109e-01 5.051541e-01 6.571748e-01 1.455215e+01 -6.322769e-01 7.727330e-01 -5.576393e-02 -3.854053e+00 -5.359900e-01 -3.843215e-01 7.516726e-01 2.271762e+02
4.406432e-01 -5.510015e-01 -7.086825e-01 1.408966e+01 2.974609e-01 8.344796e-01 -4.638543e-01 -3.829889e+00 8.469655e-01 -6.411138e-03 5.316092e-01 2.285149e+02
6.244214e-01 2.820296e-01 7.283936e-01 1.365072e+01 -5.890201e-01 7.824716e-01 2.019740e-01 -3.809306e+00 -5.129847e-01 -5.551554e-01 6.547131e-01 2.298182e+02
5.304071e-01 -4.890939e-01 -6.924272e-01 1.321430e+01 8.952211e-02 8.445370e-01 -5.279613e-01 -3.792647e+00 8.430030e-01 2.180469e-01 4.917332e-01 2.312641e+02
5.963722e-01 -2.522178e-03 8.027041e-01 1.279397e+01 -4.907120e-01 7.902335e-01 3.670595e-01 -3.781807e+00 -6.352495e-01 -6.128006e-01 4.700357e-01 2.325292e+02
5.580734e-01 -4.360577e-01 -7.059800e-01 1.251735e+01 -1.080286e-01 8.053712e-01 -5.828439e-01 -3.774371e+00 8.227295e-01 4.015357e-01 4.023496e-01 2.334387e+02
5.710135e-01 -2.049154e-01 7.949549e-01 1.231348e+01 -4.312213e-01 7.491279e-01 5.028474e-01 -3.777803e+00 -6.985641e-01 -6.299341e-01 3.393983e-01 2.344539e+02
6.981018e-01 -3.474932e-01 -6.260210e-01 1.232149e+01 -1.381518e-01 7.925301e-01 -5.939782e-01 -3.799391e+00 7.025439e-01 5.011432e-01 5.052598e-01 2.355356e+02
6.906044e-01 -2.094949e-01 6.922265e-01 1.211671e+01 -3.748558e-01 7.148477e-01 5.903184e-01 -3.805008e+00 -6.185052e-01 -6.671616e-01 4.151466e-01 2.366947e+02
7.341838e-01 -3.260346e-01 -5.955464e-01 1.197727e+01 -1.594987e-01 7.697870e-01 -6.180519e-01 -3.814549e+00 6.599502e-01 5.487526e-01 5.131631e-01 2.375179e+02
6.411897e-01 -2.147725e-01 7.367147e-01 1.193087e+01 -3.863746e-01 7.391137e-01 5.517477e-01 -3.830947e+00 -6.630162e-01 -6.384228e-01 3.909295e-01 2.381372e+02
7.235761e-01 -5.380114e-01 -4.324135e-01 1.228059e+01 8.944617e-02 6.942673e-01 -7.141374e-01 -3.852568e+00 6.844246e-01 4.780550e-01 5.504783e-01 2.379635e+02
5.858922e-01 4.047365e-03 8.103789e-01 1.235724e+01 -5.369619e-01 7.509050e-01 3.844654e-01 -3.862849e+00 -6.069615e-01 -6.603979e-01 4.421227e-01 2.379431e+02
5.678114e-01 -5.054420e-01 -6.497066e-01 1.213506e+01 -2.165066e-02 7.798415e-01 -6.256025e-01 -3.862076e+00 8.228739e-01 3.692908e-01 4.318597e-01 2.387282e+02
6.336652e-01 -9.085826e-02 7.682533e-01 1.188224e+01 -4.820942e-01 7.302899e-01 4.840060e-01 -3.859399e+00 -6.050236e-01 -6.770682e-01 4.189571e-01 2.396549e+02
5.185004e-01 -4.051548e-01 -7.529986e-01 1.152612e+01 -2.942098e-01 7.423209e-01 -6.019969e-01 -3.843670e+00 8.028686e-01 5.336752e-01 2.656931e-01 2.407737e+02
7.497891e-01 -2.469222e-01 6.138776e-01 1.105568e+01 -3.181494e-01 6.789408e-01 6.616800e-01 -3.819691e+00 -5.801700e-01 -6.914252e-01 4.305043e-01 2.421705e+02
5.841404e-01 -2.120914e-01 -7.834521e-01 1.056114e+01 -4.453176e-01 7.232533e-01 -5.278227e-01 -3.796860e+00 6.785810e-01 6.572076e-01 3.280334e-01 2.435807e+02
7.272675e-01 -4.644822e-01 5.053100e-01 1.010543e+01 -1.046309e-01 6.525900e-01 7.504523e-01 -3.779729e+00 -6.783320e-01 -5.986506e-01 4.260083e-01 2.449705e+02
5.571423e-01 -3.853232e-03 -8.304081e-01 9.600931e+00 -6.266155e-01 6.542510e-01 -4.234485e-01 -3.757458e+00 5.449270e-01 7.562677e-01 3.620964e-01 2.463862e+02
7.660343e-01 -5.636618e-01 3.089933e-01 9.038108e+00 1.727079e-01 6.435030e-01 7.457049e-01 -3.724940e+00 -6.191635e-01 -5.178699e-01 5.902942e-01 2.478444e+02
4.249924e-01 2.714856e-01 -8.635259e-01 8.298914e+00 -7.908687e-01 5.754385e-01 -2.083202e-01 -3.681447e+00 4.403501e-01 7.714701e-01 4.592664e-01 2.497036e+02
7.106642e-01 -6.850625e-01 1.601432e-01 7.451147e+00 4.907688e-01 6.458273e-01 5.848531e-01 -3.627443e+00 -5.040857e-01 -3.370409e-01 7.951736e-01 2.518236e+02
4.269968e-01 5.874822e-01 -6.874143e-01 6.635460e+00 -7.961202e-01 6.047277e-01 2.229505e-02 -3.581598e+00 4.287964e-01 5.377445e-01 7.259232e-01 2.538220e+02
7.034125e-01 -6.914228e-01 1.647584e-01 5.822414e+00 6.485151e-01 7.191882e-01 2.493922e-01 -3.529142e+00 -2.909277e-01 -6.857730e-02 9.542841e-01 2.558702e+02
3.435046e-01 7.467868e-01 -5.694858e-01 4.882674e+00 -7.443035e-01 5.862695e-01 3.198442e-01 -3.469379e+00 5.727276e-01 3.140023e-01 7.572223e-01 2.580831e+02
5.806272e-01 -7.181301e-01 3.836160e-01 4.234615e+00 7.532901e-01 6.526139e-01 8.154237e-02 -3.433132e+00 -3.089111e-01 2.416284e-01 9.198857e-01 2.596387e+02
3.175263e-01 8.161078e-01 -4.828510e-01 3.622886e+00 -6.492435e-01 5.582379e-01 5.165785e-01 -3.394525e+00 6.911295e-01 1.494606e-01 7.071079e-01 2.611466e+02
6.812908e-01 -5.608922e-01 4.703646e-01 2.952286e+00 6.995491e-01 6.881111e-01 -1.927021e-01 -3.351613e+00 -2.155780e-01 4.603293e-01 8.611754e-01 2.628484e+02
5.153914e-01 7.731542e-01 -3.696000e-01 2.388712e+00 -4.427750e-01 6.095181e-01 6.576002e-01 -3.321731e+00 7.337043e-01 -1.752718e-01 6.564738e-01 2.642987e+02
7.129896e-01 -4.364136e-01 5.488069e-01 1.946589e+00 6.646769e-01 6.698991e-01 -3.308170e-01 -3.299182e+00 -2.232722e-01 6.006483e-01 7.677051e-01 2.654265e+02
5.970226e-01 7.199513e-01 -3.538843e-01 1.501213e+00 -3.078895e-01 6.129815e-01 7.276385e-01 -3.276664e+00 7.407888e-01 -3.254594e-01 5.876293e-01 2.665955e+02
7.837720e-01 -2.757623e-01 5.564680e-01 1.026437e+00 5.661385e-01 6.856081e-01 -4.576338e-01 -3.253196e+00 -2.553209e-01 6.737185e-01 6.934801e-01 2.678517e+02
7.517428e-01 5.935711e-01 -2.873258e-01 7.318688e-01 -1.969148e-01 6.178683e-01 7.612249e-01 -3.246480e+00 6.293706e-01 -5.156666e-01 5.813610e-01 2.687628e+02
8.123297e-01 -2.259944e-01 5.376308e-01 4.911059e-01 5.329095e-01 6.621314e-01 -5.268676e-01 -3.241365e+00 -2.369131e-01 7.144988e-01 6.583036e-01 2.695458e+02
7.316550e-01 5.859411e-01 -3.483591e-01 1.946208e-01 -1.179048e-01 6.121086e-01 7.819345e-01 -3.229820e+00 6.714011e-01 -5.310330e-01 5.169376e-01 2.704794e+02
7.361998e-01 -2.367692e-01 6.339954e-01 1.134212e-02 6.150032e-01 6.250438e-01 -4.807196e-01 -3.233931e+00 -2.824553e-01 7.438149e-01 6.057709e-01 2.711707e+02
7.000605e-01 6.404873e-01 -3.157393e-01 -1.633721e-01 -1.582293e-01 5.703032e-01 8.060507e-01 -3.228443e+00 6.963323e-01 -5.143250e-01 5.005907e-01 2.718985e+02
8.403719e-01 -1.418455e-01 5.231203e-01 -2.702299e-01 4.490481e-01 7.226990e-01 -5.254160e-01 -3.241267e+00 -3.035307e-01 6.764510e-01 6.710314e-01 2.736529e+02
8.005543e-01 5.341190e-01 -2.717162e-01 -4.549926e-01 -3.278458e-02 4.917766e-01 8.701040e-01 -3.258715e+00 5.983627e-01 -6.876574e-01 4.112047e-01 2.757446e+02
9.397051e-01 -4.196038e-02 3.394018e-01 -9.718750e-01 2.912961e-01 6.181522e-01 -7.300920e-01 -3.237175e+00 -1.791671e-01 7.849377e-01 5.931037e-01 2.773345e+02
8.787346e-01 4.118292e-01 -2.412926e-01 -1.151901e+00 7.857771e-03 4.929752e-01 8.700079e-01 -3.247779e+00 4.772460e-01 -7.664021e-01 4.299583e-01 2.789183e+02
8.553554e-01 -1.612557e-01 4.923046e-01 -1.217145e+00 4.813564e-01 5.986523e-01 -6.402433e-01 -3.267737e+00 -1.914764e-01 7.846095e-01 5.896819e-01 2.802686e+02
7.717969e-01 5.526907e-01 -3.144240e-01 -1.540917e+00 -4.797986e-02 5.436879e-01 8.379149e-01 -3.256483e+00 6.340563e-01 -6.316141e-01 4.461347e-01 2.814084e+02
8.651608e-01 -9.677216e-02 4.920690e-01 -1.870051e+00 4.367722e-01 6.275535e-01 -6.445205e-01 -3.247437e+00 -2.464279e-01 7.725359e-01 5.852021e-01 2.824549e+02
7.869298e-01 4.899231e-01 -3.751223e-01 -2.186034e+00 1.654478e-02 5.909643e-01 8.065280e-01 -3.233500e+00 6.168206e-01 -6.408873e-01 4.569418e-01 2.833669e+02
8.752971e-01 2.590292e-02 4.828913e-01 -2.500921e+00 3.445639e-01 6.672392e-01 -6.603541e-01 -3.222914e+00 -3.393091e-01 7.443929e-01 5.751073e-01 2.844798e+02
7.979844e-01 4.291041e-01 -4.231911e-01 -2.811703e+00 1.073236e-01 5.897839e-01 8.003978e-01 -3.215475e+00 5.930452e-01 -6.841233e-01 4.245853e-01 2.856179e+02
8.908092e-01 9.996085e-02 4.432457e-01 -3.135508e+00 2.659877e-01 6.761688e-01 -6.870562e-01 -3.204593e+00 -3.683877e-01 7.299339e-01 5.757491e-01 2.867500e+02
8.232624e-01 3.575722e-01 -4.408867e-01 -3.420887e+00 1.618996e-01 5.965143e-01 7.861038e-01 -3.200069e+00 5.440841e-01 -7.185491e-01 4.331970e-01 2.879167e+02
8.826048e-01 1.545959e-01 4.439695e-01 -3.692835e+00 2.185731e-01 7.011619e-01 -6.786736e-01 -3.196813e+00 -4.162146e-01 6.960403e-01 5.850583e-01 2.892875e+02
7.319210e-01 3.449880e-01 -5.876010e-01 -4.099069e+00 2.595806e-01 6.561565e-01 7.085737e-01 -3.179570e+00 6.300076e-01 -6.711497e-01 3.907025e-01 2.906593e+02
8.527058e-01 2.626976e-01 4.515338e-01 -4.494147e+00 1.395108e-01 7.184478e-01 -6.814466e-01 -3.161873e+00 -5.034178e-01 6.440674e-01 5.759755e-01 2.918420e+02
7.042732e-01 2.334336e-01 -6.704536e-01 -4.867197e+00 3.721106e-01 6.828905e-01 6.286447e-01 -3.146793e+00 6.045932e-01 -6.922205e-01 3.940783e-01 2.930569e+02
8.062767e-01 4.037401e-01 4.323331e-01 -5.302698e+00 -5.920297e-03 7.363330e-01 -6.765935e-01 -3.126862e+00 -5.915090e-01 5.429620e-01 5.960783e-01 2.943570e+02
5.624038e-01 8.794216e-02 -8.221728e-01 -5.825701e+00 4.942106e-01 7.614260e-01 4.195072e-01 -3.096806e+00 6.629161e-01 -6.422590e-01 3.847669e-01 2.956869e+02
6.883186e-01 5.237181e-01 5.019332e-01 -6.304009e+00 -1.616202e-01 7.852574e-01 -5.977037e-01 -3.071967e+00 -7.071750e-01 3.302880e-01 6.251507e-01 2.969914e+02
5.004126e-01 -7.611261e-02 -8.624350e-01 -6.760606e+00 5.489212e-01 7.982190e-01 2.480564e-01 -3.049815e+00 6.695317e-01 -5.975394e-01 4.412187e-01 2.981751e+02
6.088659e-01 5.502791e-01 5.713802e-01 -7.151746e+00 -2.423588e-01 8.148806e-01 -5.265281e-01 -3.031668e+00 -7.553440e-01 1.821060e-01 6.295179e-01 2.992527e+02
4.507087e-01 -1.580362e-01 -8.785706e-01 -7.558960e+00 5.385746e-01 8.330361e-01 1.264445e-01 -3.015009e+00 7.118982e-01 -5.301654e-01 4.605709e-01 3.004438e+02
5.823278e-01 5.711210e-01 5.785457e-01 -8.040187e+00 -3.916427e-01 8.207166e-01 -4.159811e-01 -2.989538e+00 -7.123976e-01 1.565421e-02 7.016015e-01 3.018385e+02
3.818197e-01 -2.948995e-01 -8.759269e-01 -8.582005e+00 5.037611e-01 8.609797e-01 -7.027588e-02 -2.964390e+00 7.748796e-01 -4.144252e-01 4.772979e-01 3.033474e+02
4.930379e-01 4.417248e-01 7.495284e-01 -8.999823e+00 -3.807447e-01 8.841897e-01 -2.706327e-01 -2.950526e+00 -7.822705e-01 -1.519468e-01 6.041234e-01 3.046362e+02
5.123260e-01 -2.329433e-01 -8.265951e-01 -9.137240e+00 3.993640e-01 9.167286e-01 -1.081699e-02 -2.965356e+00 7.602832e-01 -3.245705e-01 5.626931e-01 3.059909e+02
5.206416e-01 2.413160e-01 8.189621e-01 -9.247844e+00 -2.106221e-01 9.658807e-01 -1.507076e-01 -2.980580e+00 -8.273879e-01 -9.402686e-02 5.537041e-01 3.073909e+02
4.478141e-01 -7.012614e-02 -8.913724e-01 -9.591243e+00 1.923783e-01 9.811279e-01 1.946100e-02 -2.975445e+00 8.731856e-01 -1.801956e-01 4.528537e-01 3.087220e+02
5.463161e-01 7.522798e-02 8.341939e-01 -9.998611e+00 -1.389556e-01 9.902972e-01 1.696975e-03 -2.966063e+00 -8.259722e-01 -1.168430e-01 5.514686e-01 3.101840e+02
3.680732e-01 -1.695757e-02 -9.296422e-01 -1.035477e+01 -4.840647e-03 9.997852e-01 -2.015360e-02 -2.953405e+00 9.297842e-01 1.191807e-02 3.679121e-01 3.114009e+02
5.043264e-01 -8.487013e-02 8.593323e-01 -1.065707e+01 -1.903222e-02 9.938241e-01 1.093226e-01 -2.944377e+00 -8.633033e-01 -7.148927e-02 4.995965e-01 3.122940e+02
4.071274e-01 3.578561e-02 -9.126701e-01 -1.084341e+01 -8.946942e-02 9.959892e-01 -8.583223e-04 -2.941453e+00 9.089788e-01 8.200551e-02 4.086962e-01 3.129739e+02
4.628273e-01 -2.133227e-01 8.603978e-01 -1.002019e+01 5.110380e-02 9.754190e-01 2.143506e-01 -2.978710e+00 -8.849742e-01 -5.523771e-02 4.623521e-01 3.148233e+02
3.567090e-01 3.683245e-01 -8.585428e-01 -9.266295e+00 -3.593409e-01 9.023903e-01 2.378359e-01 -3.014020e+00 8.623415e-01 2.236713e-01 4.542448e-01 3.160851e+02
