9.999947e-01 6.082333e-04 -3.209571e-03 2.348352e-02 -6.061443e-04 9.999996e-01 6.517952e-04 -1.143953e-02 3.209966e-03 -6.498470e-04 9.999946e-01 3.921444e-01
9.999954e-01 4.921783e-04 -2.985076e-03 7.990221e-02 -4.910946e-04 9.999998e-01 3.637633e-04 -2.302806e-02 2.985255e-03 -3.622950e-04 9.999955e-01 7.551147e-01
9.999853e-01 7.423129e-04 -5.376869e-03 1.910599e-01 -7.379758e-04 9.999994e-01 8.085769e-04 -3.680545e-02 5.377466e-03 -8.045977e-04 9.999852e-01 1.053744e+00
9.999979e-01 -1.433151e-04 2.064207e-03 3.457058e-01 1.435665e-04 1.000000e+00 -1.215966e-04 -4.727296e-02 -2.064189e-03 1.218934e-04 9.999979e-01 1.136924e+00
9.999791e-01 2.753626e-04 -6.466276e-03 6.165014e-01 -2.731156e-04 9.999999e-01 3.483860e-04 -5.816522e-02 6.466371e-03 -3.466134e-04 9.999790e-01 9.028836e-01
9.999955e-01 -8.619341e-05 2.999635e-03 9.622308e-01 8.685277e-05 1.000000e+00 -2.196713e-04 -6.771758e-02 -2.999615e-03 2.199315e-04 9.999955e-01 5.336974e-01
9.999814e-01 2.282496e-04 -6.088999e-03 1.400993e+00 -2.255946e-04 9.999999e-01 4.367197e-04 -7.738120e-02 6.089098e-03 -4.353386e-04 9.999814e-01 6.881880e-02
9.999968e-01 -4.472729e-04 2.496699e-03 1.783024e+00 4.491214e-04 9.999996e-01 -7.398778e-04 -8.704540e-02 -2.496367e-03 7.409974e-04 9.999966e-01 -3.309482e-01
9.999856e-01 -5.543146e-04 -5.345629e-03 2.624867e+00 5.644827e-04 9.999980e-01 1.900816e-03 -1.020136e-01 5.344565e-03 -1.903807e-03 9.999839e-01 -9.935582e-01
9.999972e-01 1.296475e-03 1.959044e-03 3.348933e+00 -1.294439e-03 9.999986e-01 -1.040132e-03 -1.162870e-01 -1.960390e-03 1.037594e-03 9.999975e-01 -1.525504e+00
9.999322e-01 9.337785e-04 -1.160597e-02 3.380992e+00 -9.091206e-04 9.999973e-01 2.129690e-03 -1.263373e-01 1.160792e-02 -2.118995e-03 9.999304e-01 -1.094999e+00
9.999731e-01 1.967609e-04 7.332312e-03 3.504375e+00 -1.849696e-04 9.999987e-01 -1.608768e-03 -1.332113e-01 -7.332618e-03 1.607370e-03 9.999718e-01 -1.145472e+00
9.999269e-01 1.660068e-04 -1.209163e-02 3.737949e+00 -1.556105e-04 9.999996e-01 8.607289e-04 -1.404326e-01 1.209177e-02 -8.587851e-04 9.999265e-01 -1.417964e+00
9.999847e-01 1.300571e-03 5.374859e-03 3.822218e+00 -1.302072e-03 9.999991e-01 2.758592e-04 -1.524832e-01 -5.374495e-03 -2.828528e-04 9.999855e-01 -1.033098e+00
9.999639e-01 -7.230989e-04 -8.464180e-03 3.939486e+00 7.302725e-04 9.999994e-01 8.444654e-04 -1.603878e-01 8.463563e-03 -8.506168e-04 9.999638e-01 -1.033092e+00
9.999864e-01 4.576656e-03 2.517343e-03 4.034625e+00 -4.583609e-03 9.999857e-01 2.763332e-03 -1.792882e-01 -2.504659e-03 -2.774833e-03 9.999930e-01 1.226934e-01
9.999534e-01 1.120957e-03 9.583936e-03 3.855949e+00 -1.133179e-03 9.999986e-01 1.269894e-03 -1.997789e-01 -9.582499e-03 -1.280696e-03 9.999533e-01 2.208871e+00
9.998379e-01 3.287011e-03 1.770473e-02 3.448068e+00 -3.320116e-03 9.999928e-01 1.840742e-03 -2.161581e-01 -1.769855e-02 -1.899225e-03 9.998416e-01 4.717803e+00
9.998221e-01 4.075938e-03 -1.841345e-02 3.289924e+00 -4.042577e-03 9.999901e-01 1.848639e-03 -2.305201e-01 1.842081e-02 -1.773873e-03 9.998287e-01 6.543113e+00
9.989366e-01 2.501510e-03 4.603693e-02 2.777780e+00 -2.621523e-03 9.999933e-01 2.546697e-03 -2.442645e-01 -4.603025e-02 -2.664675e-03 9.989365e-01 9.148825e+00
9.998975e-01 7.851054e-03 -1.197670e-02 2.130846e+00 -7.788192e-03 9.999557e-01 5.286291e-03 -2.609130e-01 1.201767e-02 -5.192473e-03 9.999143e-01 1.310154e+01
9.993668e-01 -2.965413e-03 3.545847e-02 1.742270e+00 3.021058e-03 9.999943e-01 -1.515824e-03 -2.756365e-01 -3.545377e-02 1.621987e-03 9.993700e-01 1.527108e+01
9.997475e-01 8.911586e-03 -2.062730e-02 1.379504e+00 -8.810594e-03 9.999488e-01 4.981743e-03 -2.842850e-01 2.067064e-02 -4.798747e-03 9.997748e-01 1.730045e+01
9.996261e-01 -3.979862e-03 2.705211e-02 1.207412e+00 4.031218e-03 9.999902e-01 -1.844139e-03 -2.994618e-01 -2.704451e-02 1.952503e-03 9.996323e-01 1.886117e+01
9.998804e-01 9.856744e-03 1.191454e-02 5.772052e-01 -9.925023e-03 9.999346e-01 5.685265e-03 -3.116006e-01 -1.185772e-02 -5.802838e-03 9.999129e-01 2.203104e+01
9.998012e-01 -4.491961e-05 1.994092e-02 -1.449086e-01 2.511129e-05 9.999995e-01 9.935987e-04 -3.148011e-01 -1.994095e-02 -9.928997e-04 9.998007e-01 2.580231e+01
9.994133e-01 7.980483e-03 3.330779e-02 -1.054758e+00 -8.136482e-03 9.999565e-01 4.550640e-03 -3.256108e-01 -3.327003e-02 -4.818979e-03 9.994348e-01 3.009813e+01
9.999795e-01 4.542155e-04 -6.389433e-03 -1.582761e+00 -4.455568e-04 9.999990e-01 1.356533e-03 -3.436386e-01 6.390043e-03 -1.353658e-03 9.999787e-01 3.361311e+01
9.987825e-01 9.615601e-03 4.838362e-02 -2.347204e+00 -9.922745e-03 9.999321e-01 6.111919e-03 -3.592357e-01 -4.832156e-02 -6.584577e-03 9.988101e-01 3.803350e+01
9.999563e-01 -7.172719e-04 9.324450e-03 -3.360749e+00 7.119839e-04 9.999996e-01 5.704073e-04 -3.689017e-01 -9.324855e-03 -5.637428e-04 9.999564e-01 4.266452e+01
9.997486e-01 5.218485e-03 2.180616e-02 -3.848055e+00 -5.278283e-03 9.999825e-01 2.685619e-03 -3.832666e-01 -2.179176e-02 -2.800044e-03 9.997586e-01 4.527391e+01
9.998888e-01 -2.880954e-03 -1.463301e-02 -3.998807e+00 2.863133e-03 9.999951e-01 -1.238648e-03 -3.955578e-01 1.463651e-02 1.196615e-03 9.998922e-01 4.639398e+01
9.998462e-01 4.166453e-03 1.703441e-02 -4.040994e+00 -4.203496e-03 9.999889e-01 2.139381e-03 -4.071702e-01 -1.702531e-02 -2.210657e-03 9.998526e-01 4.706331e+01
9.998551e-01 3.006793e-04 -1.701961e-02 -4.154236e+00 -2.955335e-04 9.999999e-01 3.048679e-04 -4.173655e-01 1.701970e-02 -2.997931e-04 9.998551e-01 4.846313e+01
9.994132e-01 3.219983e-03 3.410199e-02 -4.386424e+00 -3.303328e-03 9.999917e-01 2.387945e-03 -4.283825e-01 -3.409401e-02 -2.499195e-03 9.994155e-01 5.002825e+01
9.990644e-01 -5.330142e-04 -4.324508e-02 -4.249054e+00 3.589627e-04 9.999918e-01 -4.032434e-03 -4.377609e-01 4.324688e-02 4.013139e-03 9.990564e-01 5.037509e+01
9.991336e-01 2.169584e-03 4.156124e-02 -4.263906e+00 -2.400429e-03 9.999820e-01 5.505237e-03 -4.496704e-01 -4.154855e-02 -5.600233e-03 9.991208e-01 5.090698e+01
9.988600e-01 -9.087264e-04 -4.772778e-02 -4.245037e+00 6.267873e-04 9.999823e-01 -5.921864e-03 -4.549978e-01 4.773232e-02 5.885199e-03 9.988428e-01 5.103252e+01
9.986468e-01 7.189681e-03 5.150579e-02 -4.545506e+00 -7.655251e-03 9.999316e-01 8.847610e-03 -4.572765e-01 -5.143866e-02 -9.229928e-03 9.986335e-01 5.267592e+01
9.997127e-01 5.849034e-04 -2.396225e-02 -4.997642e+00 -6.711304e-04 9.999933e-01 -3.590559e-03 -4.812418e-01 2.395999e-02 3.605610e-03 9.997064e-01 5.581272e+01
9.987336e-01 6.939696e-03 4.983082e-02 -5.455392e+00 -7.390757e-03 9.999333e-01 8.873302e-03 -5.021464e-01 -4.976592e-02 -9.230352e-03 9.987183e-01 5.872547e+01
9.997134e-01 2.080213e-03 -2.384961e-02 -5.944586e+00 -2.153753e-03 9.999930e-01 -3.058217e-03 -5.219534e-01 2.384308e-02 3.108707e-03 9.997109e-01 6.192293e+01
9.986042e-01 5.465096e-03 5.253348e-02 -6.393245e+00 -5.950210e-03 9.999411e-01 9.082422e-03 -5.463780e-01 -5.248075e-02 -9.382331e-03 9.985779e-01 6.498318e+01
9.989611e-01 -2.317519e-03 -4.551303e-02 -6.482481e+00 2.043546e-03 9.999795e-01 -6.065271e-03 -5.670590e-01 4.552616e-02 5.965962e-03 9.989453e-01 6.632859e+01
9.991490e-01 3.453183e-03 4.110250e-02 -6.412372e+00 -3.744678e-03 9.999684e-01 7.017040e-03 -5.800365e-01 -4.107697e-02 -7.164985e-03 9.991303e-01 6.675098e+01
9.989305e-01 -2.960694e-03 -4.614104e-02 -6.178176e+00 2.649272e-03 9.999733e-01 -6.809032e-03 -5.835310e-01 4.615997e-02 6.679510e-03 9.989117e-01 6.653765e+01
9.993956e-01 4.576372e-03 3.445993e-02 -5.871571e+00 -4.739615e-03 9.999779e-01 4.656993e-03 -5.925143e-01 -3.443786e-02 -4.817506e-03 9.993952e-01 6.639570e+01
9.991152e-01 -2.509568e-03 -4.198334e-02 -5.675439e+00 2.372640e-03 9.999917e-01 -3.310991e-03 -6.080327e-01 4.199131e-02 3.208450e-03 9.991128e-01 6.687102e+01
9.992533e-01 3.737496e-03 3.845574e-02 -5.616490e+00 -3.901763e-03 9.999836e-01 4.197428e-03 -6.205726e-01 -3.843942e-02 -4.344340e-03 9.992515e-01 6.760731e+01
9.993494e-01 -2.488920e-03 -3.597979e-02 -5.549199e+00 2.331167e-03 9.999875e-01 -4.425773e-03 -6.236332e-01 3.599036e-02 4.339019e-03 9.993427e-01 6.784739e+01
9.996878e-01 3.997207e-03 2.466571e-02 -5.383292e+00 -4.120256e-03 9.999793e-01 4.939845e-03 -6.344018e-01 -2.464545e-02 -5.039932e-03 9.996836e-01 6.792036e+01
9.996025e-01 -3.352880e-03 -2.799189e-02 -5.082596e+00 3.224572e-03 9.999841e-01 -4.627616e-03 -6.454144e-01 2.800696e-02 4.535515e-03 9.995974e-01 6.782745e+01
9.997406e-01 3.465858e-03 2.250949e-02 -4.829967e+00 -3.560809e-03 9.999849e-01 4.179548e-03 -6.540526e-01 -2.249467e-02 -4.258617e-03 9.997379e-01 6.760847e+01
9.996458e-01 -3.608923e-03 -2.636621e-02 -4.622018e+00 3.468506e-03 9.999796e-01 -5.369429e-03 -6.594781e-01 2.638505e-02 5.276077e-03 9.996379e-01 6.735843e+01
9.998363e-01 4.417725e-03 1.754419e-02 -4.474447e+00 -4.508645e-03 9.999766e-01 5.146216e-03 -6.661762e-01 -1.752105e-02 -5.224475e-03 9.998328e-01 6.731674e+01
9.997247e-01 -4.122258e-03 -2.309977e-02 -4.245395e+00 4.001508e-03 9.999781e-01 -5.271110e-03 -6.719309e-01 2.312099e-02 5.177225e-03 9.997193e-01 6.716495e+01
9.998729e-01 4.643707e-03 1.525477e-02 -4.061508e+00 -4.706176e-03 9.999807e-01 4.061667e-03 -6.775426e-01 -1.523561e-02 -4.132943e-03 9.998754e-01 6.705278e+01
9.997404e-01 -3.771944e-03 -2.246942e-02 -3.835469e+00 3.690959e-03 9.999865e-01 -3.644601e-03 -6.865278e-01 2.248287e-02 3.560722e-03 9.997409e-01 6.706024e+01
9.998229e-01 3.495578e-03 1.849401e-02 -3.598606e+00 -3.553753e-03 9.999888e-01 3.113702e-03 -6.916398e-01 -1.848292e-02 -3.178874e-03 9.998241e-01 6.684038e+01
9.997260e-01 -3.504938e-03 -2.314414e-02 -3.383695e+00 3.395159e-03 9.999828e-01 -4.780856e-03 -6.936297e-01 2.316050e-02 4.700969e-03 9.997207e-01 6.653490e+01
9.998173e-01 3.615392e-03 1.876781e-02 -3.135332e+00 -3.673187e-03 9.999886e-01 3.045942e-03 -6.958262e-01 -1.875659e-02 -3.114324e-03 9.998192e-01 6.619599e+01
9.997363e-01 -3.563754e-03 -2.268710e-02 -2.875145e+00 3.456589e-03 9.999827e-01 -4.761034e-03 -6.981472e-01 2.270367e-02 4.681359e-03 9.997313e-01 6.583514e+01
9.998265e-01 3.493799e-03 1.829456e-02 -2.630193e+00 -3.550922e-03 9.999889e-01 3.090847e-03 -7.000822e-01 -1.828355e-02 -3.155274e-03 9.998279e-01 6.547781e+01
9.997331e-01 -3.431348e-03 -2.284520e-02 -2.399090e+00 3.313469e-03 9.999810e-01 -5.195754e-03 -7.012729e-01 2.286259e-02 5.118671e-03 9.997255e-01 6.514212e+01
9.998129e-01 3.741868e-03 1.897796e-02 -2.140853e+00 -3.797685e-03 9.999886e-01 2.905975e-03 -7.025335e-01 -1.896687e-02 -2.977504e-03 9.998157e-01 6.478097e+01
9.997243e-01 -3.936767e-03 -2.314610e-02 -1.919875e+00 3.834007e-03 9.999826e-01 -4.482355e-03 -7.043620e-01 2.316334e-02 4.392378e-03 9.997220e-01 6.447277e+01
9.998055e-01 3.964430e-03 1.931872e-02 -1.673186e+00 -4.008374e-03 9.999895e-01 2.236488e-03 -7.050421e-01 -1.930965e-02 -2.313490e-03 9.998109e-01 6.413250e+01
9.997199e-01 -3.923089e-03 -2.334081e-02 -1.418965e+00 3.824494e-03 9.999836e-01 -4.267288e-03 -7.057082e-01 2.335717e-02 4.176826e-03 9.997185e-01 6.376912e+01
9.998008e-01 4.206812e-03 1.951109e-02 -1.153482e+00 -4.246351e-03 9.999890e-01 1.985464e-03 -7.060508e-01 -1.950253e-02 -2.067921e-03 9.998077e-01 6.338259e+01
9.997178e-01 -4.280755e-03 -2.336572e-02 -8.948076e-01 4.184626e-03 9.999826e-01 -4.161434e-03 -7.064857e-01 2.338313e-02 4.062483e-03 9.997183e-01 6.301771e+01
9.998025e-01 4.580731e-03 1.933721e-02 -6.436185e-01 -4.615547e-03 9.999878e-01 1.756231e-03 -7.071991e-01 -1.932893e-02 -1.845137e-03 9.998115e-01 6.266253e+01
9.996924e-01 -4.488448e-03 -2.439211e-02 -4.279609e-01 4.403227e-03 9.999840e-01 -3.546378e-03 -7.089388e-01 2.440764e-02 3.437884e-03 9.996962e-01 6.235582e+01
9.998056e-01 4.552523e-03 1.918617e-02 -2.222240e-01 -4.597115e-03 9.999868e-01 2.280705e-03 -7.131451e-01 -1.917553e-02 -2.368463e-03 9.998133e-01 6.212324e+01
9.997143e-01 -4.628284e-03 -2.345111e-02 -1.114159e-02 4.537455e-03 9.999820e-01 -3.924825e-03 -7.159140e-01 2.346885e-02 3.817296e-03 9.997173e-01 6.183543e+01
9.997972e-01 4.662995e-03 1.959364e-02 2.662352e-01 -4.715702e-03 9.999854e-01 2.644687e-03 -7.188994e-01 -1.958102e-02 -2.736549e-03 9.998045e-01 6.145970e+01
9.997374e-01 -4.914400e-03 -2.238420e-02 5.102562e-01 4.808559e-03 9.999770e-01 -4.779742e-03 -7.210988e-01 2.240717e-02 4.670852e-03 9.997380e-01 6.111634e+01
9.998302e-01 5.084230e-03 1.771230e-02 6.863729e-01 -5.143638e-03 9.999813e-01 3.310132e-03 -7.240051e-01 -1.769514e-02 -3.400676e-03 9.998376e-01 6.087476e+01
9.996005e-01 -3.651110e-03 -2.802550e-02 9.170661e-01 3.551721e-03 9.999872e-01 -3.595326e-03 -7.321130e-01 2.803827e-02 3.494352e-03 9.996007e-01 6.079381e+01
9.996869e-01 3.895608e-03 2.471870e-02 1.258114e+00 -3.991164e-03 9.999847e-01 3.817569e-03 -7.417160e-01 -2.470345e-02 -3.915031e-03 9.996872e-01 6.059968e+01
9.995828e-01 -3.338375e-03 -2.868921e-02 1.576610e+00 3.172627e-03 9.999780e-01 -5.820949e-03 -7.432768e-01 2.870801e-02 5.727501e-03 9.995714e-01 6.017036e+01
9.996792e-01 3.076001e-03 2.513929e-02 1.835856e+00 -3.185919e-03 9.999855e-01 4.333475e-03 -7.456171e-01 -2.512560e-02 -4.412177e-03 9.996746e-01 5.979448e+01
9.995534e-01 -3.029973e-03 -2.972970e-02 2.060099e+00 2.854752e-03 9.999783e-01 -5.934465e-03 -7.475964e-01 2.974704e-02 5.846944e-03 9.995404e-01 5.947343e+01
9.996753e-01 3.175029e-03 2.528429e-02 2.283839e+00 -3.281244e-03 9.999860e-01 4.160426e-03 -7.498476e-01 -2.527073e-02 -4.242040e-03 9.996716e-01 5.916393e+01
9.995603e-01 -3.428697e-03 -2.945219e-02 2.529750e+00 3.262180e-03 9.999784e-01 -5.699982e-03 -7.508342e-01 2.947110e-02 5.601398e-03 9.995499e-01 5.879224e+01
9.996745e-01 3.415323e-03 2.528189e-02 2.786796e+00 -3.500274e-03 9.999884e-01 3.316638e-03 -7.503977e-01 -2.527027e-02 -3.404053e-03 9.996749e-01 5.841524e+01
9.995625e-01 -3.650784e-03 -2.935082e-02 3.065365e+00 3.503094e-03 9.999810e-01 -5.081758e-03 -7.518093e-01 2.936881e-02 4.976716e-03 9.995563e-01 5.802434e+01
9.996754e-01 3.661044e-03 2.521184e-02 3.300968e+00 -3.738418e-03 9.999884e-01 3.022508e-03 -7.533309e-01 -2.520048e-02 -3.115780e-03 9.996776e-01 5.769710e+01
9.995515e-01 -3.618329e-03 -2.972719e-02 3.528987e+00 3.467394e-03 9.999808e-01 -5.127313e-03 -7.543166e-01 2.974517e-02 5.021938e-03 9.995449e-01 5.736673e+01
9.996723e-01 3.818922e-03 2.531275e-02 3.803320e+00 -3.904829e-03 9.999868e-01 3.345266e-03 -7.556947e-01 -2.529964e-02 -3.443013e-03 9.996740e-01 5.698555e+01
9.995826e-01 -3.818101e-03 -2.863622e-02 4.088868e+00 3.678707e-03 9.999811e-01 -4.918839e-03 -7.594644e-01 2.865446e-02 4.811442e-03 9.995778e-01 5.661446e+01
9.996845e-01 3.751427e-03 2.483507e-02 4.336048e+00 -3.841248e-03 9.999862e-01 3.570002e-03 -7.627686e-01 -2.482133e-02 -3.664274e-03 9.996852e-01 5.626201e+01
9.995528e-01 -3.799266e-03 -2.965958e-02 4.584687e+00 3.644324e-03 9.999794e-01 -5.276322e-03 -7.645051e-01 2.967902e-02 5.165874e-03 9.995461e-01 5.590128e+01
9.996652e-01 3.754527e-03 2.559910e-02 4.857502e+00 -3.836246e-03 9.999877e-01 3.143908e-03 -7.659901e-01 -2.558699e-02 -3.241061e-03 9.996673e-01 5.551860e+01
9.995615e-01 -3.496626e-03 -2.940230e-02 5.126941e+00 3.339636e-03 9.999799e-01 -5.386790e-03 -7.683995e-01 2.942054e-02 5.286236e-03 9.995531e-01 5.517048e+01
9.996952e-01 3.367993e-03 2.445825e-02 5.395771e+00 -3.479778e-03 9.999837e-01 4.529322e-03 -7.727470e-01 -2.444260e-02 -4.613051e-03 9.996906e-01 5.484055e+01
9.996235e-01 -3.230931e-03 -2.724913e-02 5.826154e+00 3.084898e-03 9.999807e-01 -5.399518e-03 -7.797974e-01 2.726605e-02 5.313424e-03 9.996141e-01 5.430461e+01
9.996795e-01 3.145712e-03 2.511980e-02 6.171729e+00 -3.247652e-03 9.999867e-01 4.018423e-03 -7.839192e-01 -2.510682e-02 -4.098716e-03 9.996764e-01 5.383994e+01
9.995655e-01 -3.232175e-03 -2.929949e-02 6.440978e+00 3.075304e-03 9.999807e-01 -5.397545e-03 -7.875029e-01 2.931637e-02 5.305096e-03 9.995561e-01 5.347294e+01
9.997104e-01 3.343807e-03 2.383329e-02 6.779316e+00 -3.444600e-03 9.999853e-01 4.189289e-03 -7.879416e-01 -2.381893e-02 -4.270172e-03 9.997072e-01 5.299652e+01
9.996261e-01 -2.990816e-03 -2.718041e-02 7.164432e+00 2.784138e-03 9.999669e-01 -7.638570e-03 -7.869925e-01 2.720236e-02 7.560040e-03 9.996014e-01 5.245304e+01
9.996921e-01 3.662225e-03 2.453964e-02 7.664560e+00 -3.820345e-03 9.999722e-01 6.399667e-03 -7.936118e-01 -2.451552e-02 -6.491448e-03 9.996784e-01 5.185064e+01
9.996884e-01 -4.556310e-03 -2.454462e-02 8.124647e+00 4.362431e-03 9.999589e-01 -7.946805e-03 -8.003757e-01 2.457982e-02 7.837255e-03 9.996671e-01 5.127754e+01
9.997539e-01 4.321396e-03 2.175854e-02 8.453703e+00 -4.461380e-03 9.999696e-01 6.389098e-03 -8.035103e-01 -2.173027e-02 -6.484600e-03 9.997428e-01 5.084516e+01
9.997024e-01 -4.503209e-03 -2.397432e-02 8.834112e+00 4.305760e-03 9.999564e-01 -8.281114e-03 -8.068907e-01 2.401057e-02 8.175423e-03 9.996783e-01 5.036557e+01
9.997651e-01 4.389581e-03 2.122403e-02 9.151393e+00 -4.529931e-03 9.999682e-01 6.569234e-03 -8.096586e-01 -2.119452e-02 -6.663835e-03 9.997532e-01 4.993545e+01
9.996676e-01 -4.681712e-03 -2.535479e-02 9.461983e+00 4.478282e-03 9.999574e-01 -8.074186e-03 -8.103839e-01 2.539151e-02 7.957957e-03 9.996459e-01 4.947522e+01
9.997716e-01 5.078959e-03 2.075862e-02 9.776033e+00 -5.182136e-03 9.999745e-01 4.919569e-03 -8.093016e-01 -2.073311e-02 -5.026021e-03 9.997724e-01 4.902072e+01
9.996271e-01 -4.814081e-03 -2.687738e-02 1.003310e+01 4.650799e-03 9.999704e-01 -6.134269e-03 -8.155520e-01 2.690612e-02 6.006982e-03 9.996199e-01 4.878215e+01
9.997265e-01 4.608061e-03 2.292945e-02 1.023067e+01 -4.733442e-03 9.999741e-01 5.416875e-03 -8.225549e-01 -2.290389e-02 -5.523930e-03 9.997224e-01 4.859314e+01
9.996245e-01 -4.782414e-03 -2.698035e-02 1.041099e+01 4.608466e-03 9.999682e-01 -6.505690e-03 -8.272411e-01 2.701060e-02 6.378910e-03 9.996148e-01 4.836643e+01
9.997347e-01 4.646410e-03 2.256157e-02 1.059742e+01 -4.770899e-03 9.999737e-01 5.467072e-03 -8.308648e-01 -2.253557e-02 -5.573261e-03 9.997305e-01 4.811885e+01
9.996308e-01 -4.767540e-03 -2.674969e-02 1.082131e+01 4.573890e-03 9.999629e-01 -7.295850e-03 -8.327171e-01 2.678349e-02 7.170807e-03 9.996155e-01 4.780437e+01
9.997290e-01 4.739895e-03 2.279221e-02 1.104697e+01 -4.858131e-03 9.999750e-01 5.134968e-03 -8.352304e-01 -2.276731e-02 -5.244305e-03 9.997270e-01 4.750322e+01
9.996290e-01 -4.535440e-03 -2.685712e-02 1.124716e+01 4.353288e-03 9.999672e-01 -6.836877e-03 -8.387236e-01 2.688725e-02 6.717425e-03 9.996159e-01 4.724179e+01
9.997310e-01 4.527028e-03 2.274688e-02 1.144179e+01 -4.653877e-03 9.999739e-01 5.526707e-03 -8.425692e-01 -2.272126e-02 -5.631082e-03 9.997260e-01 4.698931e+01
9.996345e-01 -4.587652e-03 -2.664360e-02 1.164311e+01 4.400842e-03 9.999654e-01 -7.065853e-03 -8.462623e-01 2.667509e-02 6.946017e-03 9.996200e-01 4.672981e+01
9.997397e-01 4.489453e-03 2.237116e-02 1.181484e+01 -4.622575e-03 9.999719e-01 5.902473e-03 -8.511806e-01 -2.234403e-02 -6.004349e-03 9.997323e-01 4.652036e+01
9.996146e-01 -4.439680e-03 -2.740312e-02 1.198103e+01 4.248231e-03 9.999662e-01 -7.040644e-03 -8.565085e-01 2.743346e-02 6.921516e-03 9.995997e-01 4.632670e+01
9.997277e-01 4.331983e-03 2.293023e-02 1.212784e+01 -4.484911e-03 9.999680e-01 6.622026e-03 -8.623829e-01 -2.290081e-02 -6.723064e-03 9.997151e-01 4.616678e+01
9.996111e-01 -4.415943e-03 -2.753566e-02 1.228969e+01 4.215711e-03 9.999643e-01 -7.325548e-03 -8.686511e-01 2.756702e-02 7.206617e-03 9.995940e-01 4.599591e+01
9.997294e-01 4.328431e-03 2.285795e-02 1.245473e+01 -4.485509e-03 9.999666e-01 6.825148e-03 -8.750264e-01 -2.282764e-02 -6.925831e-03 9.997154e-01 4.582096e+01
9.996289e-01 -4.437268e-03 -2.687721e-02 1.262411e+01 4.245750e-03 9.999652e-01 -7.178534e-03 -8.810496e-01 2.690813e-02 7.061757e-03 9.996130e-01 4.564831e+01
9.997548e-01 4.476253e-03 2.168618e-02 1.276444e+01 -4.619855e-03 9.999677e-01 6.576252e-03 -8.889921e-01 -2.165604e-02 -6.674828e-03 9.997432e-01 4.557925e+01
9.996364e-01 -4.063529e-03 -2.665716e-02 1.282033e+01 3.901797e-03 9.999737e-01 -6.116323e-03 -8.985394e-01 2.668131e-02 6.010089e-03 9.996259e-01 4.574767e+01
9.996450e-01 5.332391e-03 2.610542e-02 1.275563e+01 -5.511616e-03 9.999617e-01 6.798294e-03 -9.051641e-01 -2.606817e-02 -6.939764e-03 9.996361e-01 4.624865e+01
9.996810e-01 -4.040408e-03 -2.493175e-02 1.262588e+01 3.886538e-03 9.999731e-01 -6.217018e-03 -9.103084e-01 2.495620e-02 6.118137e-03 9.996698e-01 4.676880e+01
9.996373e-01 5.914763e-03 2.627277e-02 1.248972e+01 -6.106653e-03 9.999552e-01 7.229530e-03 -9.161015e-01 -2.622884e-02 -7.387347e-03 9.996287e-01 4.740866e+01
9.997299e-01 -4.488093e-03 -2.280509e-02 1.233165e+01 4.343527e-03 9.999702e-01 -6.384790e-03 -9.219965e-01 2.283307e-02 6.284012e-03 9.997195e-01 4.810678e+01
9.997209e-01 5.786496e-03 2.290623e-02 1.224222e+01 -5.952288e-03 9.999565e-01 7.176314e-03 -9.295393e-01 -2.286371e-02 -7.310656e-03 9.997119e-01 4.864796e+01
9.998376e-01 -3.751642e-03 -1.762752e-02 1.205502e+01 3.645088e-03 9.999749e-01 -6.073008e-03 -9.345096e-01 1.764986e-02 6.007768e-03 9.998262e-01 4.947692e+01
9.997246e-01 5.520959e-03 2.280899e-02 1.186308e+01 -5.679446e-03 9.999601e-01 6.889512e-03 -9.382913e-01 -2.277005e-02 -7.017158e-03 9.997161e-01 5.021726e+01
9.997907e-01 -4.168951e-03 -2.002997e-02 1.170236e+01 4.040329e-03 9.999710e-01 -6.457631e-03 -9.416628e-01 2.005631e-02 6.375353e-03 9.997785e-01 5.076127e+01
9.998321e-01 5.356369e-03 1.752293e-02 1.163703e+01 -5.467375e-03 9.999653e-01 6.293141e-03 -9.456485e-01 -1.748861e-02 -6.387889e-03 9.998267e-01 5.101823e+01
9.997529e-01 -3.570161e-03 -2.194236e-02 1.155015e+01 3.434684e-03 9.999748e-01 -6.208810e-03 -9.480915e-01 2.196397e-02 6.131911e-03 9.997400e-01 5.130185e+01
9.997710e-01 4.452686e-03 2.093077e-02 1.146786e+01 -4.581264e-03 9.999709e-01 6.099053e-03 -9.492434e-01 -2.090300e-02 -6.193547e-03 9.997623e-01 5.155741e+01
9.996419e-01 -4.056716e-03 -2.645120e-02 1.166398e+01 3.886180e-03 9.999714e-01 -6.495419e-03 -9.539014e-01 2.647679e-02 6.390300e-03 9.996290e-01 5.135685e+01
9.997437e-01 3.618920e-03 2.234955e-02 1.185590e+01 -3.748064e-03 9.999765e-01 5.739189e-03 -9.583317e-01 -2.232825e-02 -5.821486e-03 9.997337e-01 5.108673e+01
9.995459e-01 -3.326413e-03 -2.994941e-02 1.197143e+01 3.122845e-03 9.999717e-01 -6.841296e-03 -9.638678e-01 2.997132e-02 6.744663e-03 9.995280e-01 5.103828e+01
9.996900e-01 3.266609e-03 2.468306e-02 1.212413e+01 -3.425445e-03 9.999737e-01 6.395505e-03 -9.690864e-01 -2.466152e-02 -6.478073e-03 9.996749e-01 5.089483e+01
9.995438e-01 -3.417152e-03 -3.000929e-02 1.229579e+01 3.188604e-03 9.999656e-01 -7.660453e-03 -9.721340e-01 3.003443e-02 7.561271e-03 9.995203e-01 5.066517e+01
9.996967e-01 3.290773e-03 2.440596e-02 1.251415e+01 -3.452990e-03 9.999722e-01 6.607452e-03 -9.745787e-01 -2.438354e-02 -6.689722e-03 9.996803e-01 5.035439e+01
9.995562e-01 -3.096920e-03 -2.962869e-02 1.272506e+01 2.832965e-03 9.999560e-01 -8.946605e-03 -9.754913e-01 2.965509e-02 8.858698e-03 9.995209e-01 5.005909e+01
9.996905e-01 3.001920e-03 2.469583e-02 1.282692e+01 -3.182269e-03 9.999685e-01 7.266767e-03 -9.775386e-01 -2.467324e-02 -7.343108e-03 9.996686e-01 4.990109e+01
9.995386e-01 -3.082392e-03 -3.021874e-02 1.294051e+01 2.822850e-03 9.999588e-01 -8.627679e-03 -9.792536e-01 3.024409e-02 8.538395e-03 9.995061e-01 4.971563e+01
9.997115e-01 3.408289e-03 2.377688e-02 1.300469e+01 -3.581247e-03 9.999674e-01 7.235421e-03 -9.853795e-01 -2.375145e-02 -7.318486e-03 9.996911e-01 4.968943e+01
9.996326e-01 -1.954204e-03 -2.703343e-02 1.301673e+01 1.774277e-03 9.999761e-01 -6.678112e-03 -9.949199e-01 2.704584e-02 6.627695e-03 9.996122e-01 5.005584e+01
9.997289e-01 3.050366e-03 2.308144e-02 1.301556e+01 -3.183600e-03 9.999785e-01 5.737816e-03 -9.911075e-01 -2.306344e-02 -5.809743e-03 9.997171e-01 5.004486e+01
9.995508e-01 -1.845178e-03 -2.991397e-02 1.320639e+01 1.580086e-03 9.999593e-01 -8.883037e-03 -9.871101e-01 2.992915e-02 8.831780e-03 9.995130e-01 4.969694e+01
9.997092e-01 2.309733e-03 2.400301e-02 1.328314e+01 -2.476985e-03 9.999728e-01 6.940558e-03 -9.885182e-01 -2.398633e-02 -6.997996e-03 9.996878e-01 4.956725e+01
9.995878e-01 -2.095065e-03 -2.863262e-02 1.331493e+01 1.876651e-03 9.999690e-01 -7.652891e-03 -9.928244e-01 2.864776e-02 7.596003e-03 9.995607e-01 4.957148e+01
9.996839e-01 3.796650e-03 2.485492e-02 1.332566e+01 -4.004449e-03 9.999574e-01 8.316021e-03 -1.004337e+00 -2.482229e-02 -8.412923e-03 9.996565e-01 5.013643e+01
9.996196e-01 -2.559290e-03 -2.746140e-02 1.336320e+01 2.337451e-03 9.999644e-01 -8.107270e-03 -1.012260e+00 2.748117e-02 8.039997e-03 9.995900e-01 5.040443e+01
9.997525e-01 5.318081e-03 2.160262e-02 1.325883e+01 -5.478396e-03 9.999578e-01 7.368678e-03 -1.010140e+00 -2.156252e-02 -7.485203e-03 9.997395e-01 5.060587e+01
9.997487e-01 -3.280712e-03 -2.217491e-02 1.309047e+01 3.107166e-03 9.999643e-01 -7.856152e-03 -1.007073e+00 2.219990e-02 7.785277e-03 9.997232e-01 5.104319e+01
9.997942e-01 4.550141e-03 1.977217e-02 1.314178e+01 -4.700286e-03 9.999604e-01 7.553922e-03 -1.010608e+00 -1.973701e-02 -7.645302e-03 9.997760e-01 5.116719e+01
9.996543e-01 -3.297698e-03 -2.608627e-02 1.314243e+01 3.086855e-03 9.999623e-01 -8.118674e-03 -1.016489e+00 2.611206e-02 8.035343e-03 9.996267e-01 5.134287e+01
9.997442e-01 4.727574e-03 2.211933e-02 1.311653e+01 -4.910979e-03 9.999540e-01 8.244649e-03 -1.023168e+00 -2.207934e-02 -8.351168e-03 9.997213e-01 5.157016e+01
9.996433e-01 -2.905931e-03 -2.654904e-02 1.305063e+01 2.686426e-03 9.999619e-01 -8.299831e-03 -1.026919e+00 2.657215e-02 8.225549e-03 9.996131e-01 5.179885e+01
9.997197e-01 5.594188e-03 2.300413e-02 1.292198e+01 -5.789664e-03 9.999476e-01 8.439655e-03 -1.028233e+00 -2.295571e-02 -8.570477e-03 9.996997e-01 5.217390e+01
9.997019e-01 -4.386432e-03 -2.401754e-02 1.286255e+01 4.194301e-03 9.999588e-01 -8.044145e-03 -1.036253e+00 2.405184e-02 7.941011e-03 9.996792e-01 5.261475e+01
9.998561e-01 4.908366e-03 1.624124e-02 1.297004e+01 -5.043750e-03 9.999528e-01 8.305340e-03 -1.044580e+00 -1.619970e-02 -8.386062e-03 9.998336e-01 5.275859e+01
9.996853e-01 -4.449128e-03 -2.468926e-02 1.329879e+01 4.257372e-03 9.999604e-01 -7.813939e-03 -1.056106e+00 2.472304e-02 7.706369e-03 9.996646e-01 5.271302e+01
9.998280e-01 5.625810e-03 1.767050e-02 1.337833e+01 -5.749927e-03 9.999591e-01 6.981006e-03 -1.063323e+00 -1.763051e-02 -7.081411e-03 9.998195e-01 5.285721e+01
9.998369e-01 -3.985251e-03 -1.761692e-02 1.329463e+01 3.880503e-03 9.999746e-01 -5.976085e-03 -1.071782e+00 1.764029e-02 5.906748e-03 9.998270e-01 5.340971e+01
9.998242e-01 5.309396e-03 1.798409e-02 1.321174e+01 -5.427418e-03 9.999640e-01 6.520124e-03 -1.077080e+00 -1.794883e-02 -6.616586e-03 9.998170e-01 5.381375e+01
9.998040e-01 -3.579344e-03 -1.946936e-02 1.307581e+01 3.451678e-03 9.999723e-01 -6.586930e-03 -1.075466e+00 1.949240e-02 6.518438e-03 9.997888e-01 5.415053e+01
9.997910e-01 6.104232e-03 1.950922e-02 1.288749e+01 -6.202994e-03 9.999682e-01 5.005821e-03 -1.069281e+00 -1.947804e-02 -5.125791e-03 9.997971e-01 5.446651e+01
9.996636e-01 -4.269613e-03 -2.558359e-02 1.289305e+01 4.098573e-03 9.999689e-01 -6.734254e-03 -1.070835e+00 2.561155e-02 6.627133e-03 9.996500e-01 5.455888e+01
9.998179e-01 5.119772e-03 1.838313e-02 1.301675e+01 -5.222489e-03 9.999710e-01 5.543949e-03 -1.074084e+00 -1.835422e-02 -5.638946e-03 9.998156e-01 5.441712e+01
9.997089e-01 -3.805667e-03 -2.382333e-02 1.302065e+01 3.677684e-03 9.999786e-01 -5.413675e-03 -1.083191e+00 2.384342e-02 5.324485e-03 9.997015e-01 5.475747e+01
9.997990e-01 5.010718e-03 1.941325e-02 1.308693e+01 -5.138605e-03 9.999654e-01 6.543348e-03 -1.095630e+00 -1.937979e-02 -6.641790e-03 9.997901e-01 5.512294e+01
9.998525e-01 -2.567983e-03 -1.698009e-02 1.287970e+01 2.465188e-03 9.999785e-01 -6.072002e-03 -1.094663e+00 1.699531e-02 6.029249e-03 9.998374e-01 5.621094e+01
9.996196e-01 4.791762e-03 2.715966e-02 1.256328e+01 -4.965413e-03 9.999676e-01 6.329865e-03 -1.084952e+00 -2.712845e-02 -6.462317e-03 9.996111e-01 5.720118e+01
9.994936e-01 -4.232290e-03 -3.153752e-02 1.266007e+01 4.010744e-03 9.999669e-01 -7.084793e-03 -1.086790e+00 3.156646e-02 6.954717e-03 9.994775e-01 5.711864e+01
9.996780e-01 4.614124e-03 2.495252e-02 1.272791e+01 -4.759212e-03 9.999721e-01 5.758320e-03 -1.090540e+00 -2.492526e-02 -5.875221e-03 9.996721e-01 5.704396e+01
9.995116e-01 -3.424791e-03 -3.106252e-02 1.276179e+01 3.265325e-03 9.999812e-01 -5.182992e-03 -1.101908e+00 3.107968e-02 5.079032e-03 9.995040e-01 5.736450e+01
9.996404e-01 3.790215e-03 2.654705e-02 1.285737e+01 -3.934155e-03 9.999778e-01 5.371920e-03 -1.110012e+00 -2.652610e-02 -5.474429e-03 9.996331e-01 5.745445e+01
9.994805e-01 -3.754936e-03 -3.201057e-02 1.297139e+01 3.535783e-03 9.999699e-01 -6.900116e-03 -1.114330e+00 3.203552e-02 6.783350e-03 9.994637e-01 5.733221e+01
9.996384e-01 4.278735e-03 2.654622e-02 1.304043e+01 -4.447891e-03 9.999702e-01 6.316347e-03 -1.120507e+00 -2.651840e-02 -6.432139e-03 9.996276e-01 5.737596e+01
9.994436e-01 -3.954384e-03 -3.311959e-02 1.318531e+01 3.694746e-03 9.999620e-01 -7.896939e-03 -1.121829e+00 3.314956e-02 7.770177e-03 9.994202e-01 5.717908e+01
9.996002e-01 5.018075e-03 2.782415e-02 1.345928e+01 -5.160605e-03 9.999739e-01 5.053080e-03 -1.120909e+00 -2.779807e-02 -5.194650e-03 9.996001e-01 5.678927e+01
9.994727e-01 -4.938678e-03 -3.209352e-02 1.369103e+01 4.710257e-03 9.999631e-01 -7.189078e-03 -1.120734e+00 3.212784e-02 7.034119e-03 9.994590e-01 5.643683e+01
9.995914e-01 5.445261e-03 2.805960e-02 1.397965e+01 -5.582789e-03 9.999728e-01 4.825251e-03 -1.123238e+00 -2.803257e-02 -4.979931e-03 9.995946e-01 5.606884e+01
9.994262e-01 -5.199877e-03 -3.346893e-02 1.425888e+01 5.015971e-03 9.999719e-01 -5.576443e-03 -1.129918e+00 3.349699e-02 5.405365e-03 9.994242e-01 5.574604e+01
9.995535e-01 5.296932e-03 2.940610e-02 1.464625e+01 -5.453464e-03 9.999714e-01 5.245465e-03 -1.138134e+00 -2.937747e-02 -5.403489e-03 9.995538e-01 5.530506e+01
9.993737e-01 -4.744167e-03 -3.506746e-02 1.465654e+01 4.540034e-03 9.999723e-01 -5.898492e-03 -1.144474e+00 3.509448e-02 5.735591e-03 9.993675e-01 5.542856e+01
9.993598e-01 5.203211e-03 3.539669e-02 1.463486e+01 -5.430516e-03 9.999652e-01 6.328527e-03 -1.149345e+00 -3.536254e-02 -6.516699e-03 9.993533e-01 5.574865e+01
9.991392e-01 -4.194055e-03 -4.127120e-02 1.492386e+01 3.893739e-03 9.999654e-01 -7.354362e-03 -1.159092e+00 4.130061e-02 7.187333e-03 9.991209e-01 5.558501e+01
9.993465e-01 5.346396e-03 3.574852e-02 1.498890e+01 -5.600376e-03 9.999598e-01 7.008278e-03 -1.169425e+00 -3.570961e-02 -7.203904e-03 9.993362e-01 5.573190e+01
9.991750e-01 -4.008730e-03 -4.041267e-02 1.506028e+01 3.700915e-03 9.999636e-01 -7.688738e-03 -1.177637e+00 4.044202e-02 7.532832e-03 9.991535e-01 5.586633e+01
9.993605e-01 5.295678e-03 3.536190e-02 1.524008e+01 -5.554412e-03 9.999585e-01 7.222519e-03 -1.184805e+00 -3.532219e-02 -7.414316e-03 9.993485e-01 5.570797e+01
9.991794e-01 -5.078858e-03 -4.018352e-02 1.527241e+01 4.753191e-03 9.999551e-01 -8.195864e-03 -1.187426e+00 4.022334e-02 7.998140e-03 9.991587e-01 5.566130e+01
9.993129e-01 7.393725e-03 3.631910e-02 1.517272e+01 -7.722353e-03 9.999304e-01 8.916410e-03 -1.191895e+00 -3.625065e-02 -9.190753e-03 9.993005e-01 5.612747e+01
9.996026e-01 -5.074339e-03 -2.772716e-02 1.490525e+01 4.863490e-03 9.999588e-01 -7.666584e-03 -1.195205e+00 2.776493e-02 7.528687e-03 9.995861e-01 5.712780e+01
9.995004e-01 7.531616e-03 3.069600e-02 1.473607e+01 -7.801118e-03 9.999320e-01 8.669420e-03 -1.200619e+00 -3.062862e-02 -8.904553e-03 9.994912e-01 5.783627e+01
9.995357e-01 -5.905422e-03 -2.989163e-02 1.460058e+01 5.667312e-03 9.999516e-01 -8.044238e-03 -1.205474e+00 2.993769e-02 7.871099e-03 9.995208e-01 5.834477e+01
9.995264e-01 7.533273e-03 2.983648e-02 1.451570e+01 -7.810497e-03 9.999273e-01 9.185804e-03 -1.213876e+00 -2.976511e-02 -9.414492e-03 9.995126e-01 5.887537e+01
9.995478e-01 -5.941826e-03 -2.947642e-02 1.443913e+01 5.693219e-03 9.999476e-01 -8.510858e-03 -1.221988e+00 2.952545e-02 8.339194e-03 9.995292e-01 5.938215e+01
9.995904e-01 8.500316e-03 2.732683e-02 1.429656e+01 -8.747449e-03 9.999218e-01 8.936809e-03 -1.223973e+00 -2.724873e-02 -9.172189e-03 9.995866e-01 5.980867e+01
9.996316e-01 -6.464087e-03 -2.636125e-02 1.410543e+01 6.241148e-03 9.999441e-01 -8.530629e-03 -1.225006e+00 2.641492e-02 8.362963e-03 9.996161e-01 6.029537e+01
9.992842e-01 1.060921e-02 3.631105e-02 1.365230e+01 -1.095143e-02 9.998974e-01 9.238784e-03 -1.216101e+00 -3.620931e-02 -9.629829e-03 9.992978e-01 6.154926e+01
9.996688e-01 -7.678711e-03 -2.456372e-02 1.328469e+01 7.476074e-03 9.999374e-01 -8.330667e-03 -1.208020e+00 2.462615e-02 8.144268e-03 9.996636e-01 6.248984e+01
9.995390e-01 1.063991e-02 2.843470e-02 1.299749e+01 -1.089406e-02 9.999020e-01 8.797992e-03 -1.204300e+00 -2.833830e-02 -9.103706e-03 9.995569e-01 6.317084e+01
9.996809e-01 -7.289243e-03 -2.418516e-02 1.268774e+01 7.091389e-03 9.999408e-01 -8.256516e-03 -1.198413e+00 2.424391e-02 8.082375e-03 9.996734e-01 6.390020e+01
9.995432e-01 9.758422e-03 2.860347e-02 1.244930e+01 -1.000776e-02 9.999131e-01 8.586807e-03 -1.197563e+00 -2.851719e-02 -8.869142e-03 9.995540e-01 6.483450e+01
9.995374e-01 -8.501309e-03 -2.920058e-02 1.241236e+01 8.246803e-03 9.999271e-01 -8.825189e-03 -1.200599e+00 2.927348e-02 8.580296e-03 9.995346e-01 6.514739e+01
9.996712e-01 9.078149e-03 2.398264e-02 1.254140e+01 -9.255390e-03 9.999306e-01 7.289766e-03 -1.207374e+00 -2.391480e-02 -7.509339e-03 9.996858e-01 6.507638e+01
9.995227e-01 -7.745151e-03 -2.990573e-02 1.290445e+01 7.497456e-03 9.999367e-01 -8.385821e-03 -1.219025e+00 2.996879e-02 8.157602e-03 9.995175e-01 6.492921e+01
9.996099e-01 9.714212e-03 2.618434e-02 1.322943e+01 -9.913134e-03 9.999229e-01 7.477923e-03 -1.228937e+00 -2.610968e-02 -7.734576e-03 9.996292e-01 6.470266e+01
9.994901e-01 -8.783208e-03 -3.069832e-02 1.322481e+01 8.542546e-03 9.999318e-01 -7.961958e-03 -1.234353e+00 3.076616e-02 7.695657e-03 9.994970e-01 6.483066e+01
9.996212e-01 9.592083e-03 2.579582e-02 1.322553e+01 -9.785689e-03 9.999248e-01 7.389554e-03 -1.239299e+00 -2.572299e-02 -7.639185e-03 9.996399e-01 6.490792e+01
9.994455e-01 -9.494881e-03 -3.191382e-02 1.331099e+01 9.224380e-03 9.999204e-01 -8.612557e-03 -1.240405e+00 3.199306e-02 8.313398e-03 9.994535e-01 6.475981e+01
9.996434e-01 9.800050e-03 2.484191e-02 1.354377e+01 -9.973168e-03 9.999268e-01 6.854489e-03 -1.240497e+00 -2.477291e-02 -7.099797e-03 9.996679e-01 6.441616e+01
9.994254e-01 -7.438277e-03 -3.307003e-02 1.362963e+01 7.154045e-03 9.999365e-01 -8.704878e-03 -1.246950e+00 3.313268e-02 8.463292e-03 9.994151e-01 6.453628e+01
9.996063e-01 8.545299e-03 2.672512e-02 1.363438e+01 -8.757698e-03 9.999309e-01 7.840627e-03 -1.248321e+00 -2.665627e-02 -8.071591e-03 9.996121e-01 6.463460e+01
9.993846e-01 -8.117037e-03 -3.412506e-02 1.397769e+01 7.741679e-03 9.999082e-01 -1.111727e-02 -1.247856e+00 3.421217e-02 1.084625e-02 9.993557e-01 6.429931e+01
9.995958e-01 1.012719e-02 2.656462e-02 1.412121e+01 -1.038093e-02 9.999016e-01 9.431340e-03 -1.254665e+00 -2.646649e-02 -9.703294e-03 9.996026e-01 6.441267e+01
9.994091e-01 -8.909451e-03 -3.319801e-02 1.429055e+01 8.550190e-03 9.999035e-01 -1.094805e-02 -1.251277e+00 3.329235e-02 1.065773e-02 9.993888e-01 6.410873e+01
9.995866e-01 9.504027e-03 2.713400e-02 1.481334e+01 -9.678679e-03 9.999332e-01 6.312600e-03 -1.240091e+00 -2.707219e-02 -6.572612e-03 9.996119e-01 6.329562e+01
9.994740e-01 -8.499457e-03 -3.129604e-02 1.523387e+01 8.130041e-03 9.998960e-01 -1.191231e-02 -1.233053e+00 3.139403e-02 1.165160e-02 9.994392e-01 6.268575e+01
9.996121e-01 8.907641e-03 2.638650e-02 1.544320e+01 -9.162040e-03 9.999126e-01 9.536101e-03 -1.234901e+00 -2.629925e-02 -9.774157e-03 9.996063e-01 6.241549e+01
9.994801e-01 -9.239206e-03 -3.088902e-02 1.560207e+01 8.916418e-03 9.999044e-01 -1.057140e-02 -1.239284e+00 3.098374e-02 1.029048e-02 9.994669e-01 6.222042e+01
9.996237e-01 9.283871e-03 2.581145e-02 1.571998e+01 -9.522148e-03 9.999130e-01 9.123917e-03 -1.244493e+00 -2.572450e-02 -9.366265e-03 9.996252e-01 6.214352e+01
9.995291e-01 -8.858951e-03 -2.937893e-02 1.573538e+01 8.589814e-03 9.999201e-01 -9.274502e-03 -1.252261e+00 2.945874e-02 9.017775e-03 9.995253e-01 6.237432e+01
9.996787e-01 9.334822e-03 2.356535e-02 1.581229e+01 -9.562893e-03 9.999083e-01 9.584157e-03 -1.262240e+00 -2.347373e-02 -9.806431e-03 9.996764e-01 6.251200e+01
9.995723e-01 -9.421824e-03 -2.768371e-02 1.604547e+01 9.136241e-03 9.999039e-01 -1.042438e-02 -1.264286e+00 2.777927e-02 1.016700e-02 9.995624e-01 6.220857e+01
9.997123e-01 9.966639e-03 2.181574e-02 1.629987e+01 -1.012756e-02 9.999222e-01 7.278277e-03 -1.266670e+00 -2.174150e-02 -7.497125e-03 9.997355e-01 6.191498e+01
9.995034e-01 -7.916237e-03 -3.050217e-02 1.656025e+01 7.686467e-03 9.999413e-01 -7.642813e-03 -1.277394e+00 3.056088e-02 7.404564e-03 9.995055e-01 6.232501e+01
9.996400e-01 8.566698e-03 2.542490e-02 1.677735e+01 -8.782210e-03 9.999263e-01 8.376862e-03 -1.290720e+00 -2.535127e-02 -8.597134e-03 9.996416e-01 6.248342e+01
9.995062e-01 -8.398901e-03 -3.027967e-02 1.689030e+01 8.137293e-03 9.999286e-01 -8.752624e-03 -1.296113e+00 3.035102e-02 8.501908e-03 9.995031e-01 6.238673e+01
9.996341e-01 9.794665e-03 2.521198e-02 1.688947e+01 -1.003255e-02 9.999062e-01 9.326250e-03 -1.304893e+00 -2.511826e-02 -9.575779e-03 9.996386e-01 6.277857e+01
9.996297e-01 -9.222289e-03 -2.559925e-02 1.684683e+01 8.995163e-03 9.999193e-01 -8.973398e-03 -1.312015e+00 2.567994e-02 8.739807e-03 9.996320e-01 6.311430e+01
9.997629e-01 9.347081e-03 1.966830e-02 1.691497e+01 -9.508376e-03 9.999218e-01 8.123288e-03 -1.316065e+00 -1.959084e-02 -8.308376e-03 9.997736e-01 6.301253e+01
9.996187e-01 -9.121886e-03 -2.606167e-02 1.701629e+01 8.883969e-03 9.999179e-01 -9.230249e-03 -1.318150e+00 2.614373e-02 8.995199e-03 9.996177e-01 6.283842e+01
9.997517e-01 9.235615e-03 2.028054e-02 1.717312e+01 -9.395430e-03 9.999254e-01 7.799111e-03 -1.319109e+00 -2.020700e-02 -7.987719e-03 9.997639e-01 6.259182e+01
9.996071e-01 -8.719593e-03 -2.663824e-02 1.730694e+01 8.460830e-03 9.999161e-01 -9.811305e-03 -1.324142e+00 2.672155e-02 9.582069e-03 9.995970e-01 6.247843e+01
9.996972e-01 9.459161e-03 2.271722e-02 1.732300e+01 -9.700798e-03 9.998973e-01 1.055020e-02 -1.334107e+00 -2.261509e-02 -1.076738e-02 9.996863e-01 6.282418e+01
9.997062e-01 -8.364315e-03 -2.275174e-02 1.730066e+01 8.149679e-03 9.999216e-01 -9.510263e-03 -1.345665e+00 2.282951e-02 9.322050e-03 9.996959e-01 6.343076e+01
9.996592e-01 9.566173e-03 2.428849e-02 1.723910e+01 -9.824920e-03 9.998960e-01 1.055615e-02 -1.356212e+00 -2.418498e-02 -1.079119e-02 9.996493e-01 6.406357e+01
9.996042e-01 -7.651444e-03 -2.707163e-02 1.722029e+01 7.415120e-03 9.999336e-01 -8.819235e-03 -1.368774e+00 2.713731e-02 8.615006e-03 9.995946e-01 6.485060e+01
9.995118e-01 9.675215e-03 2.970854e-02 1.721809e+01 -9.997301e-03 9.998926e-01 1.071219e-02 -1.387046e+00 -2.960171e-02 -1.100396e-02 9.995012e-01 6.585337e+01
9.996586e-01 -8.269376e-03 -2.478471e-02 1.708052e+01 8.039053e-03 9.999237e-01 -9.378218e-03 -1.395728e+00 2.486038e-02 9.175772e-03 9.996488e-01 6.670369e+01
9.996266e-01 9.297607e-03 2.569560e-02 1.702687e+01 -9.566897e-03 9.999004e-01 1.037702e-02 -1.406695e+00 -2.559656e-02 -1.061897e-02 9.996160e-01 6.732000e+01
9.997000e-01 -7.296842e-03 -2.338102e-02 1.691852e+01 7.088157e-03 9.999344e-01 -8.995878e-03 -1.416082e+00 2.344513e-02 8.827452e-03 9.996862e-01 6.843957e+01
9.996531e-01 8.658668e-03 2.487228e-02 1.691653e+01 -8.924753e-03 9.999039e-01 1.060701e-02 -1.429333e+00 -2.477805e-02 -1.082531e-02 9.996344e-01 6.921229e+01
9.994980e-01 -6.855730e-03 -3.093046e-02 1.702320e+01 6.552824e-03 9.999297e-01 -9.883884e-03 -1.440993e+00 3.099604e-02 9.676241e-03 9.994727e-01 6.987145e+01
9.997670e-01 9.468912e-03 1.940058e-02 1.738155e+01 -9.687569e-03 9.998903e-01 1.120786e-02 -1.463398e+00 -1.929233e-02 -1.139320e-02 9.997490e-01 7.045849e+01
9.997723e-01 -6.365998e-03 -2.036547e-02 1.756177e+01 6.183548e-03 9.999403e-01 -9.009242e-03 -1.487882e+00 2.042161e-02 8.881260e-03 9.997520e-01 7.185002e+01
9.996986e-01 8.167786e-03 2.315085e-02 1.765850e+01 -8.406224e-03 9.999124e-01 1.022078e-02 -1.506460e+00 -2.306534e-02 -1.041232e-02 9.996797e-01 7.297847e+01
