9.999696e-01 1.326534e-03 -7.678233e-03 4.510884e-01 -1.323528e-03 9.999990e-01 3.965082e-04 -2.477914e-02 7.678751e-03 -3.863345e-04 9.999704e-01 5.780861e-01
9.999823e-01 3.588713e-03 -4.751040e-03 1.427604e+00 -3.596921e-03 9.999921e-01 -1.720128e-03 -4.405180e-02 4.744830e-03 1.737187e-03 9.999872e-01 2.182867e-01
9.999932e-01 -3.514872e-03 -1.081203e-03 1.750616e+00 3.517685e-03 9.999904e-01 2.611477e-03 -6.480239e-02 1.072013e-03 -2.615264e-03 9.999960e-01 6.067104e-01
9.999560e-01 4.561902e-03 -8.197512e-03 1.872319e+00 -4.589707e-03 9.999838e-01 -3.376268e-03 -7.789007e-02 8.181977e-03 3.413744e-03 9.999607e-01 9.829071e-01
9.999970e-01 -8.683554e-04 -2.304450e-03 2.742812e+00 8.773758e-04 9.999919e-01 3.916244e-03 -9.322628e-02 2.301031e-03 -3.918255e-03 9.999897e-01 4.176536e-01
9.999763e-01 3.800762e-03 -5.739712e-03 3.433739e+00 -3.818808e-03 9.999878e-01 -3.136374e-03 -1.083519e-01 5.727722e-03 3.158219e-03 9.999786e-01 -2.593565e-02
9.999967e-01 -1.813179e-04 -2.576263e-03 4.189809e+00 1.902211e-04 9.999940e-01 3.456066e-03 -1.213370e-01 2.575621e-03 -3.456545e-03 9.999907e-01 -5.373080e-01
9.999776e-01 4.403607e-03 -5.039233e-03 5.359496e+00 -4.413046e-03 9.999885e-01 -1.863510e-03 -1.414783e-01 5.030969e-03 1.885707e-03 9.999856e-01 -1.296594e+00
9.999994e-01 7.081302e-04 -7.771082e-04 6.751252e+00 -7.056496e-04 9.999947e-01 3.187724e-03 -1.646653e-01 7.793611e-04 -3.187175e-03 9.999946e-01 -2.157432e+00
9.999784e-01 2.501608e-03 -6.081869e-03 7.751367e+00 -2.513565e-03 9.999949e-01 -1.959088e-03 -1.851225e-01 6.076938e-03 1.974333e-03 9.999796e-01 -2.798268e+00
9.999958e-01 -1.247572e-03 -2.618608e-03 8.086957e+00 1.255580e-03 9.999945e-01 3.058732e-03 -2.007100e-01 2.614777e-03 -3.062008e-03 9.999919e-01 -2.895550e+00
9.999783e-01 5.158583e-03 -4.099828e-03 8.902214e+00 -5.175124e-03 9.999785e-01 -4.034237e-03 -2.151554e-01 4.078929e-03 4.055368e-03 9.999835e-01 -3.344684e+00
9.999843e-01 -3.763129e-03 -4.145073e-03 9.354554e+00 3.783300e-03 9.999810e-01 4.869180e-03 -2.334582e-01 4.126670e-03 -4.884786e-03 9.999796e-01 -3.323905e+00
9.999866e-01 4.152101e-03 -3.101585e-03 9.477767e+00 -4.165773e-03 9.999816e-01 -4.414704e-03 -2.499701e-01 3.083198e-03 4.427566e-03 9.999854e-01 -2.885480e+00
9.999836e-01 -4.610541e-03 -3.386988e-03 9.514968e+00 4.627325e-03 9.999770e-01 4.964466e-03 -2.671233e-01 3.364021e-03 -4.980058e-03 9.999819e-01 -1.898138e+00
9.998480e-01 4.674174e-03 -1.679945e-02 9.594746e+00 -4.764892e-03 9.999743e-01 -5.364072e-03 -2.889807e-01 1.677395e-02 5.443305e-03 9.998445e-01 -3.339817e-01
9.999755e-01 -4.365080e-03 -5.479205e-03 1.004188e+01 4.391871e-03 9.999784e-01 4.887156e-03 -3.233245e-01 5.457753e-03 -4.911100e-03 9.999730e-01 1.392275e+00
9.997009e-01 6.232940e-03 -2.364750e-02 1.093847e+01 -6.344518e-03 9.999691e-01 -4.646308e-03 -3.594302e-01 2.361781e-02 4.794951e-03 9.997096e-01 2.223681e+00
9.999697e-01 -7.303737e-03 2.700769e-03 1.119448e+01 7.293605e-03 9.999664e-01 3.742571e-03 -3.901744e-01 -2.728013e-03 -3.722760e-03 9.999893e-01 4.488563e+00
9.997492e-01 6.115884e-03 -2.154261e-02 1.132241e+01 -6.220109e-03 9.999693e-01 -4.774395e-03 -4.236709e-01 2.151275e-02 4.907196e-03 9.997565e-01 7.032755e+00
9.999796e-01 -6.069040e-03 -1.968085e-03 1.160961e+01 6.076518e-03 9.999743e-01 3.816090e-03 -4.561207e-01 1.944874e-03 -3.827972e-03 9.999908e-01 8.860351e+00
9.997271e-01 7.289251e-03 -2.219418e-02 1.220661e+01 -7.380630e-03 9.999646e-01 -4.038134e-03 -4.912207e-01 2.216396e-02 4.200840e-03 9.997455e-01 1.020471e+01
9.999625e-01 -3.560839e-03 7.894056e-03 1.297853e+01 3.521887e-03 9.999816e-01 4.942720e-03 -5.147035e-01 -7.911511e-03 -4.914733e-03 9.999566e-01 1.007116e+01
9.995195e-01 2.364479e-03 -3.090633e-02 1.329486e+01 -2.541318e-03 9.999806e-01 -5.683744e-03 -5.448650e-01 3.089229e-02 5.759556e-03 9.995061e-01 1.224692e+01
9.998373e-01 -4.025100e-03 1.758200e-02 1.333046e+01 3.945884e-03 9.999819e-01 4.537912e-03 -5.735421e-01 -1.759995e-02 -4.467798e-03 9.998351e-01 1.484130e+01
9.994502e-01 2.438074e-03 -3.306663e-02 1.353747e+01 -2.616652e-03 9.999822e-01 -5.358332e-03 -6.115117e-01 3.305298e-02 5.441910e-03 9.994388e-01 1.742661e+01
9.998587e-01 -4.358395e-03 1.623405e-02 1.372276e+01 4.286331e-03 9.999808e-01 4.471226e-03 -6.527016e-01 -1.625322e-02 -4.401010e-03 9.998582e-01 2.040192e+01
9.994146e-01 2.967082e-03 -3.408315e-02 1.388066e+01 -3.178762e-03 9.999760e-01 -6.158207e-03 -6.841785e-01 3.406406e-02 6.262945e-03 9.994000e-01 2.276092e+01
9.999144e-01 -2.681238e-03 1.280982e-02 1.435280e+01 2.603054e-03 9.999779e-01 6.116247e-03 -7.195379e-01 -1.282594e-02 -6.082380e-03 9.998992e-01 2.433518e+01
9.995928e-01 6.829406e-04 -2.852708e-02 1.462178e+01 -8.760058e-04 9.999768e-01 -6.755841e-03 -7.602199e-01 2.852181e-02 6.778081e-03 9.995702e-01 2.725639e+01
9.999430e-01 -2.746718e-03 1.031680e-02 1.474596e+01 2.693421e-03 9.999830e-01 5.176437e-03 -7.983153e-01 -1.033084e-02 -5.148355e-03 9.999334e-01 3.034022e+01
9.996326e-01 8.373163e-04 -2.709340e-02 1.480925e+01 -9.915186e-04 9.999834e-01 -5.678582e-03 -8.246694e-01 2.708820e-02 5.703360e-03 9.996168e-01 3.300837e+01
9.999470e-01 -2.582249e-03 9.969456e-03 1.497003e+01 2.534987e-03 9.999855e-01 4.750341e-03 -8.645406e-01 -9.981579e-03 -4.724818e-03 9.999390e-01 3.597797e+01
9.996327e-01 3.989446e-05 -2.709944e-02 1.494637e+01 -1.876371e-04 9.999851e-01 -5.449358e-03 -8.899195e-01 2.709882e-02 5.452443e-03 9.996179e-01 3.915350e+01
9.999210e-01 -3.016466e-03 1.219853e-02 1.497367e+01 2.964270e-03 9.999864e-01 4.294659e-03 -9.293303e-01 -1.221132e-02 -4.258161e-03 9.999164e-01 4.286242e+01
9.997393e-01 -2.488932e-05 -2.283449e-02 1.484784e+01 -9.591899e-05 9.999860e-01 -5.289506e-03 -9.624792e-01 2.283430e-02 5.290317e-03 9.997253e-01 4.651704e+01
9.999727e-01 -2.856479e-03 6.817984e-03 1.478382e+01 2.830949e-03 9.999890e-01 3.751191e-03 -9.975426e-01 -6.828624e-03 -3.731788e-03 9.999697e-01 5.033521e+01
9.997089e-01 -1.769802e-04 -2.412611e-02 1.476230e+01 5.855651e-05 9.999879e-01 -4.909154e-03 -1.031400e+00 2.412668e-02 4.906313e-03 9.996969e-01 5.400955e+01
9.999889e-01 -2.584041e-03 3.933215e-03 1.479913e+01 2.569201e-03 9.999896e-01 3.773281e-03 -1.073280e+00 -3.942924e-03 -3.763134e-03 9.999851e-01 5.795912e+01
9.996979e-01 2.186298e-04 -2.457573e-02 1.489052e+01 -3.377763e-04 9.999882e-01 -4.844097e-03 -1.116345e+00 2.457438e-02 4.850936e-03 9.996862e-01 6.169509e+01
9.999946e-01 -1.596448e-03 -2.881149e-03 1.512239e+01 1.605505e-03 9.999938e-01 3.144185e-03 -1.157844e+00 2.876111e-03 -3.148794e-03 9.999909e-01 6.477211e+01
9.997333e-01 1.002501e-03 -2.307353e-02 1.549265e+01 -1.103518e-03 9.999899e-01 -4.365741e-03 -1.200861e+00 2.306892e-02 4.390040e-03 9.997242e-01 6.744020e+01
9.999903e-01 -1.480492e-03 -4.145605e-03 1.589987e+01 1.493679e-03 9.999938e-01 3.179837e-03 -1.244492e+00 4.140871e-03 -3.185999e-03 9.999864e-01 7.010984e+01
9.998843e-01 -1.459424e-03 -1.514294e-02 1.602875e+01 1.394475e-03 9.999898e-01 -4.298779e-03 -1.286399e+00 1.514906e-02 4.277166e-03 9.998761e-01 7.402137e+01
9.999598e-01 -5.200641e-04 8.948991e-03 1.567131e+01 4.932333e-04 9.999954e-01 3.000105e-03 -1.309772e+00 -8.950510e-03 -2.995571e-03 9.999555e-01 7.734560e+01
9.999828e-01 -8.231580e-04 -5.811517e-03 1.538644e+01 7.934404e-04 9.999866e-01 -5.114067e-03 -1.312887e+00 5.815649e-03 5.109369e-03 9.999700e-01 7.875049e+01
9.999253e-01 -1.566536e-03 -1.212563e-02 1.530039e+01 1.623592e-03 9.999877e-01 4.697040e-03 -1.323441e+00 1.211812e-02 -4.716377e-03 9.999155e-01 8.113302e+01
9.999875e-01 7.035436e-04 4.942631e-03 1.520090e+01 -6.803259e-04 9.999887e-01 -4.697498e-03 -1.334514e+00 -4.945880e-03 4.694077e-03 9.999768e-01 8.234960e+01
9.999352e-01 -8.658029e-04 -1.135449e-02 1.517866e+01 9.240634e-04 9.999864e-01 5.126838e-03 -1.345757e+00 1.134990e-02 -5.136998e-03 9.999224e-01 8.291678e+01
9.999793e-01 7.650561e-04 6.384328e-03 1.515545e+01 -7.346163e-04 9.999884e-01 -4.768829e-03 -1.358112e+00 -6.387902e-03 4.764041e-03 9.999682e-01 8.347687e+01
9.999262e-01 -1.594871e-03 -1.204250e-02 1.499250e+01 1.642040e-03 9.999910e-01 3.908054e-03 -1.366918e+00 1.203616e-02 -3.927540e-03 9.999198e-01 8.490770e+01
9.999509e-01 1.301290e-03 9.822907e-03 1.494720e+01 -1.258635e-03 9.999898e-01 -4.347286e-03 -1.377573e+00 -9.828463e-03 4.334710e-03 9.999423e-01 8.549996e+01
9.998947e-01 -1.394912e-03 -1.444697e-02 1.495430e+01 1.462843e-03 9.999879e-01 4.692567e-03 -1.386878e+00 1.444025e-02 -4.713207e-03 9.998846e-01 8.573796e+01
9.999356e-01 1.467580e-03 1.125062e-02 1.495680e+01 -1.416038e-03 9.999885e-01 -4.587772e-03 -1.396457e+00 -1.125723e-02 4.571546e-03 9.999262e-01 8.593658e+01
9.998879e-01 -1.098574e-03 -1.493452e-02 1.501226e+01 1.169985e-03 9.999879e-01 4.773726e-03 -1.406590e+00 1.492910e-02 -4.790665e-03 9.998771e-01 8.599511e+01
9.999258e-01 1.460272e-03 1.209132e-02 1.509326e+01 -1.405711e-03 9.999888e-01 -4.519670e-03 -1.418256e+00 -1.209779e-02 4.502339e-03 9.999167e-01 8.605029e+01
9.998603e-01 -1.247936e-03 -1.666855e-02 1.513913e+01 1.325239e-03 9.999884e-01 4.627431e-03 -1.428749e+00 1.666258e-02 -4.648875e-03 9.998504e-01 8.618233e+01
9.999109e-01 1.681850e-03 1.324048e-02 1.520205e+01 -1.623872e-03 9.999891e-01 -4.388381e-03 -1.438962e+00 -1.324772e-02 4.366490e-03 9.999027e-01 8.624751e+01
9.998833e-01 -1.113501e-03 -1.523597e-02 1.533933e+01 1.186126e-03 9.999880e-01 4.758491e-03 -1.451591e+00 1.523049e-02 -4.776008e-03 9.998726e-01 8.618915e+01
9.999236e-01 1.923995e-03 1.221334e-02 1.550234e+01 -1.870323e-03 9.999886e-01 -4.404445e-03 -1.463951e+00 -1.222167e-02 4.381266e-03 9.999157e-01 8.611188e+01
9.999018e-01 -1.231863e-03 -1.396104e-02 1.568430e+01 1.299933e-03 9.999873e-01 4.867704e-03 -1.477667e+00 1.395487e-02 -4.885375e-03 9.998907e-01 8.601661e+01
9.999315e-01 1.940352e-03 1.153927e-02 1.584390e+01 -1.888605e-03 9.999881e-01 -4.493554e-03 -1.490047e+00 -1.154785e-02 4.471454e-03 9.999233e-01 8.593969e+01
9.999034e-01 -1.488593e-03 -1.382013e-02 1.594937e+01 1.553791e-03 9.999877e-01 4.708079e-03 -1.501636e+00 1.381295e-02 -4.729098e-03 9.998934e-01 8.591267e+01
9.999454e-01 1.515857e-03 1.033963e-02 1.594569e+01 -1.468822e-03 9.999885e-01 -4.555105e-03 -1.510301e+00 -1.034641e-02 4.539670e-03 9.999362e-01 8.605494e+01
9.999004e-01 -1.409386e-03 -1.404460e-02 1.595866e+01 1.476267e-03 9.999876e-01 4.752834e-03 -1.519265e+00 1.403773e-02 -4.773095e-03 9.998901e-01 8.619761e+01
9.999462e-01 4.098408e-03 9.528607e-03 1.640295e+01 -4.055898e-03 9.999818e-01 -4.476320e-03 -1.532085e+00 -9.546779e-03 4.437432e-03 9.999446e-01 8.594767e+01
9.999186e-01 -3.435045e-03 -1.229186e-02 1.689041e+01 3.490068e-03 9.999840e-01 4.457811e-03 -1.550116e+00 1.227635e-02 -4.500348e-03 9.999145e-01 8.562127e+01
9.999347e-01 3.769405e-03 1.078955e-02 1.699695e+01 -3.718735e-03 9.999820e-01 -4.712394e-03 -1.562033e+00 -1.080711e-02 4.671964e-03 9.999307e-01 8.558560e+01
9.999027e-01 -3.317365e-03 -1.355263e-02 1.707599e+01 3.382887e-03 9.999827e-01 4.814659e-03 -1.572565e+00 1.353642e-02 -4.860037e-03 9.998966e-01 8.558937e+01
9.999294e-01 4.195561e-03 1.111568e-02 1.722046e+01 -4.145511e-03 9.999812e-01 -4.521886e-03 -1.584087e+00 -1.113444e-02 4.475488e-03 9.999280e-01 8.552887e+01
9.999029e-01 -3.393383e-03 -1.351691e-02 1.739864e+01 3.460000e-03 9.999820e-01 4.908110e-03 -1.597345e+00 1.350001e-02 -4.954403e-03 9.998966e-01 8.543278e+01
9.999261e-01 3.881749e-03 1.152503e-02 1.753454e+01 -3.829452e-03 9.999823e-01 -4.556239e-03 -1.609882e+00 -1.154251e-02 4.511768e-03 9.999232e-01 8.537566e+01
9.998992e-01 -3.235883e-03 -1.382393e-02 1.766337e+01 3.306466e-03 9.999816e-01 5.086017e-03 -1.622094e+00 1.380722e-02 -5.131213e-03 9.998915e-01 8.531896e+01
9.999278e-01 4.165069e-03 1.127589e-02 1.784458e+01 -4.112438e-03 9.999806e-01 -4.686714e-03 -1.634680e+00 -1.129519e-02 4.640004e-03 9.999254e-01 8.522112e+01
9.999017e-01 -3.541021e-03 -1.357019e-02 1.801508e+01 3.614074e-03 9.999791e-01 5.362601e-03 -1.648339e+00 1.355091e-02 -5.411118e-03 9.998935e-01 8.513637e+01
9.999332e-01 3.751139e-03 1.093284e-02 1.805922e+01 -3.694250e-03 9.999796e-01 -5.218997e-03 -1.658208e+00 -1.095219e-02 5.178261e-03 9.999266e-01 8.519042e+01
9.998870e-01 -3.771228e-03 -1.454913e-02 1.804723e+01 3.848529e-03 9.999786e-01 5.288822e-03 -1.666263e+00 1.452887e-02 -5.344218e-03 9.998802e-01 8.537288e+01
9.999323e-01 1.122616e-02 3.069902e-03 1.966549e+01 -1.120711e-02 9.999183e-01 -6.153899e-03 -1.683220e+00 -3.138735e-03 6.119078e-03 9.999764e-01 8.437808e+01
9.999037e-01 -9.946557e-03 -9.673607e-03 2.142689e+01 9.981193e-03 9.999439e-01 3.538823e-03 -1.716849e+00 9.637866e-03 -3.635037e-03 9.999469e-01 8.335528e+01
9.999152e-01 1.036156e-02 7.894734e-03 2.150472e+01 -1.033553e-02 9.999410e-01 -3.331220e-03 -1.728300e+00 -7.928785e-03 3.249342e-03 9.999633e-01 8.335921e+01
9.999014e-01 -1.002954e-02 -9.829296e-03 2.158662e+01 1.006263e-02 9.999438e-01 3.323120e-03 -1.739465e+00 9.795415e-03 -3.421701e-03 9.999462e-01 8.335074e+01
9.999168e-01 1.028322e-02 7.789197e-03 2.169632e+01 -1.025570e-02 9.999411e-01 -3.565286e-03 -1.751431e+00 -7.825400e-03 3.485107e-03 9.999633e-01 8.330767e+01
9.998803e-01 -1.026124e-02 -1.158185e-02 2.169600e+01 1.030524e-02 9.999399e-01 3.745877e-03 -1.761037e+00 1.154272e-02 -3.864783e-03 9.999259e-01 8.345946e+01
9.999131e-01 1.010563e-02 8.470744e-03 2.165090e+01 -1.007467e-02 9.999424e-01 -3.689497e-03 -1.767906e+00 -8.507541e-03 3.603837e-03 9.999573e-01 8.366638e+01
9.999006e-01 -9.460612e-03 -1.045042e-02 2.174741e+01 9.503797e-03 9.999465e-01 4.090532e-03 -1.779783e+00 1.041116e-02 -4.189445e-03 9.999370e-01 8.363651e+01
9.999132e-01 9.874390e-03 8.726998e-03 2.189456e+01 -9.842691e-03 9.999448e-01 -3.667818e-03 -1.792789e+00 -8.762734e-03 3.581603e-03 9.999552e-01 8.355373e+01
9.999043e-01 -9.363653e-03 -1.018718e-02 2.203390e+01 9.402043e-03 9.999489e-01 3.727138e-03 -1.805991e+00 1.015176e-02 -3.822562e-03 9.999412e-01 8.349732e+01
9.999208e-01 9.821382e-03 7.874020e-03 2.212085e+01 -9.794972e-03 9.999463e-01 -3.385594e-03 -1.817430e+00 -7.906848e-03 3.308200e-03 9.999633e-01 8.347700e+01
9.999088e-01 -9.445173e-03 -9.649741e-03 2.221597e+01 9.479599e-03 9.999488e-01 3.528038e-03 -1.829571e+00 9.615925e-03 -3.619193e-03 9.999472e-01 8.346500e+01
9.999300e-01 1.037721e-02 5.691371e-03 2.239318e+01 -1.035912e-02 9.999412e-01 -3.199115e-03 -1.841841e+00 -5.724234e-03 3.139934e-03 9.999787e-01 8.340465e+01
9.999171e-01 -9.302187e-03 -8.903047e-03 2.266270e+01 9.334687e-03 9.999499e-01 3.615903e-03 -1.856054e+00 8.868965e-03 -3.698711e-03 9.999538e-01 8.324838e+01
9.999245e-01 1.048887e-02 6.394546e-03 2.289914e+01 -1.046895e-02 9.999403e-01 -3.140752e-03 -1.870003e+00 -6.427106e-03 3.073571e-03 9.999746e-01 8.311625e+01
9.998950e-01 -1.035116e-02 -1.014332e-02 2.296483e+01 1.038494e-02 9.999407e-01 3.283187e-03 -1.882076e+00 1.010873e-02 -3.388181e-03 9.999432e-01 8.319339e+01
9.999312e-01 1.007249e-02 6.010898e-03 2.294391e+01 -1.005293e-02 9.999441e-01 -3.275581e-03 -1.890401e+00 -6.043555e-03 3.214929e-03 9.999766e-01 8.355408e+01
9.999103e-01 -9.551537e-03 -9.394612e-03 2.304405e+01 9.584429e-03 9.999481e-01 3.462475e-03 -1.901945e+00 9.361052e-03 -3.552207e-03 9.999499e-01 8.359285e+01
9.999196e-01 1.055513e-02 7.026969e-03 2.329758e+01 -1.053390e-02 9.999399e-01 -3.051274e-03 -1.916318e+00 -7.058752e-03 2.977008e-03 9.999707e-01 8.344235e+01
9.998862e-01 -9.435969e-03 -1.177440e-02 2.356244e+01 9.475852e-03 9.999495e-01 3.336069e-03 -1.929634e+00 1.174233e-02 -3.447262e-03 9.999251e-01 8.332244e+01
9.999136e-01 9.355446e-03 9.229306e-03 2.367677e+01 -9.321219e-03 9.999495e-01 -3.744585e-03 -1.942152e+00 -9.263872e-03 3.658234e-03 9.999504e-01 8.333627e+01
9.999022e-01 -8.700640e-03 -1.095183e-02 2.378445e+01 8.745549e-03 9.999535e-01 4.059411e-03 -1.953658e+00 1.091600e-02 -4.154794e-03 9.999318e-01 8.331688e+01
9.999179e-01 8.913396e-03 9.203964e-03 2.390995e+01 -8.876943e-03 9.999526e-01 -3.993794e-03 -1.968589e+00 -9.239126e-03 3.911764e-03 9.999497e-01 8.329130e+01
9.998869e-01 -8.288945e-03 -1.255288e-02 2.404789e+01 8.341871e-03 9.999565e-01 4.169843e-03 -1.981635e+00 1.251777e-02 -4.274087e-03 9.999125e-01 8.337925e+01
9.999283e-01 8.158182e-03 8.763674e-03 2.403958e+01 -8.124662e-03 9.999596e-01 -3.853721e-03 -1.992541e+00 -8.794759e-03 3.782243e-03 9.999542e-01 8.379401e+01
9.999126e-01 -8.284742e-03 -1.029899e-02 2.401509e+01 8.323890e-03 9.999583e-01 3.764132e-03 -1.999841e+00 1.026738e-02 -3.849532e-03 9.999399e-01 8.399179e+01
9.999225e-01 8.966041e-03 8.642435e-03 2.416629e+01 -8.936964e-03 9.999543e-01 -3.397258e-03 -2.013574e+00 -8.672499e-03 3.319758e-03 9.999569e-01 8.391074e+01
9.998752e-01 -9.029919e-03 -1.296140e-02 2.417626e+01 9.078811e-03 9.999519e-01 3.718333e-03 -2.023242e+00 1.292720e-02 -3.835544e-03 9.999091e-01 8.403643e+01
9.998971e-01 9.030651e-03 1.114815e-02 2.414389e+01 -8.989141e-03 9.999525e-01 -3.768034e-03 -2.030000e+00 -1.118165e-02 3.667434e-03 9.999308e-01 8.416116e+01
9.998838e-01 -8.785018e-03 -1.245827e-02 2.427595e+01 8.828509e-03 9.999551e-01 3.440276e-03 -2.043324e+00 1.242748e-02 -3.549865e-03 9.999165e-01 8.409551e+01
9.999068e-01 9.131880e-03 1.014642e-02 2.434979e+01 -9.101307e-03 9.999539e-01 -3.055248e-03 -2.055698e+00 -1.017385e-02 2.962619e-03 9.999439e-01 8.411307e+01
9.998750e-01 -7.944498e-03 -1.367029e-02 2.454975e+01 7.986224e-03 9.999636e-01 3.000454e-03 -2.067692e+00 1.364595e-02 -3.109254e-03 9.999021e-01 8.404631e+01
9.999069e-01 9.521614e-03 9.770743e-03 2.493250e+01 -9.498218e-03 9.999519e-01 -2.438072e-03 -2.082123e+00 -9.793487e-03 2.345041e-03 9.999493e-01 8.381250e+01
9.998637e-01 -7.848878e-03 -1.452427e-02 2.528926e+01 7.891539e-03 9.999647e-01 2.882260e-03 -2.095068e+00 1.450113e-02 -2.996487e-03 9.998904e-01 8.358956e+01
9.998976e-01 8.793700e-03 1.128710e-02 2.555565e+01 -8.770403e-03 9.999593e-01 -2.111796e-03 -2.110690e+00 -1.130521e-02 2.012588e-03 9.999341e-01 8.351040e+01
9.998507e-01 -8.152262e-03 -1.523778e-02 2.571155e+01 8.192658e-03 9.999631e-01 2.590568e-03 -2.124354e+00 1.521610e-02 -2.715020e-03 9.998805e-01 8.355939e+01
9.998901e-01 8.841913e-03 1.189694e-02 2.584679e+01 -8.811498e-03 9.999578e-01 -2.606505e-03 -2.136489e+00 -1.191948e-02 2.501389e-03 9.999258e-01 8.361954e+01
9.998555e-01 -7.488011e-03 -1.526041e-02 2.610517e+01 7.527625e-03 9.999684e-01 2.540095e-03 -2.148942e+00 1.524091e-02 -2.654604e-03 9.998803e-01 8.350700e+01
9.998899e-01 9.531856e-03 1.136921e-02 2.657513e+01 -9.508835e-03 9.999526e-01 -2.077199e-03 -2.162942e+00 -1.138847e-02 1.968863e-03 9.999332e-01 8.322139e+01
9.998448e-01 -7.402364e-03 -1.598917e-02 2.712469e+01 7.444655e-03 9.999689e-01 2.587095e-03 -2.178623e+00 1.596952e-02 -2.705728e-03 9.998688e-01 8.288031e+01
9.998850e-01 8.348737e-03 1.266154e-02 2.748092e+01 -8.316072e-03 9.999620e-01 -2.630215e-03 -2.193999e+00 -1.268302e-02 2.524619e-03 9.999164e-01 8.265027e+01
9.998445e-01 -7.716209e-03 -1.585392e-02 2.766914e+01 7.761553e-03 9.999660e-01 2.800608e-03 -2.207240e+00 1.583177e-02 -2.923224e-03 9.998704e-01 8.252736e+01
9.998998e-01 9.850769e-03 1.016181e-02 2.819359e+01 -9.829151e-03 9.999493e-01 -2.175068e-03 -2.222116e+00 -1.018272e-02 2.074969e-03 9.999460e-01 8.217720e+01
9.998397e-01 -7.589251e-03 -1.621903e-02 2.875601e+01 7.633894e-03 9.999672e-01 2.692366e-03 -2.236632e+00 1.619806e-02 -2.815749e-03 9.998648e-01 8.180548e+01
9.998933e-01 9.616847e-03 1.099938e-02 2.926803e+01 -9.594032e-03 9.999517e-01 -2.125080e-03 -2.251561e+00 -1.101928e-02 2.019326e-03 9.999372e-01 8.146906e+01
9.998278e-01 -7.270672e-03 -1.707311e-02 2.985984e+01 7.315975e-03 9.999699e-01 2.592527e-03 -2.266653e+00 1.705374e-02 -2.716987e-03 9.998509e-01 8.109310e+01
9.999070e-01 9.018201e-03 1.022663e-02 3.029704e+01 -8.998059e-03 9.999575e-01 -2.013828e-03 -2.280555e+00 -1.024435e-02 1.921621e-03 9.999457e-01 8.083795e+01
9.998302e-01 -8.091799e-03 -1.655356e-02 3.051491e+01 8.132453e-03 9.999641e-01 2.390068e-03 -2.293289e+00 1.653362e-02 -2.524284e-03 9.998601e-01 8.080769e+01
9.999041e-01 8.415672e-03 1.100233e-02 3.055236e+01 -8.392265e-03 9.999624e-01 -2.171851e-03 -2.304259e+00 -1.102019e-02 2.079309e-03 9.999371e-01 8.098112e+01
9.998403e-01 -8.383992e-03 -1.578091e-02 3.056287e+01 8.423019e-03 9.999616e-01 2.408216e-03 -2.314763e+00 1.576011e-02 -2.540755e-03 9.998726e-01 8.124323e+01
9.999162e-01 8.511084e-03 9.750817e-03 3.056318e+01 -8.489385e-03 9.999614e-01 -2.264502e-03 -2.324341e+00 -9.769714e-03 2.181535e-03 9.999499e-01 8.151217e+01
9.998418e-01 -8.743789e-03 -1.549213e-02 3.047606e+01 8.776812e-03 9.999594e-01 2.064882e-03 -2.330049e+00 1.547344e-02 -2.200527e-03 9.998779e-01 8.197517e+01
9.998918e-01 8.446571e-03 1.204586e-02 3.032444e+01 -8.417459e-03 9.999615e-01 -2.465394e-03 -2.332727e+00 -1.206622e-02 2.363732e-03 9.999244e-01 8.251893e+01
9.998204e-01 -8.658849e-03 -1.685581e-02 3.023613e+01 8.699990e-03 9.999593e-01 2.368977e-03 -2.338778e+00 1.683461e-02 -2.515197e-03 9.998551e-01 8.298092e+01
9.998826e-01 8.384169e-03 1.282883e-02 3.019646e+01 -8.356084e-03 9.999626e-01 -2.241286e-03 -2.347650e+00 -1.284714e-02 2.133824e-03 9.999152e-01 8.337885e+01
9.998042e-01 -8.635027e-03 -1.780626e-02 3.010567e+01 8.673535e-03 9.999602e-01 2.086553e-03 -2.352745e+00 1.778754e-02 -2.240589e-03 9.998393e-01 8.375895e+01
9.998637e-01 8.478817e-03 1.416408e-02 3.006150e+01 -8.450078e-03 9.999621e-01 -2.087602e-03 -2.361283e+00 -1.418124e-02 1.967630e-03 9.998975e-01 8.421780e+01
9.997650e-01 -8.035648e-03 -2.013614e-02 3.013956e+01 8.083927e-03 9.999646e-01 2.317433e-03 -2.371732e+00 2.011680e-02 -2.479668e-03 9.997946e-01 8.436405e+01
9.997853e-01 9.828137e-03 1.824184e-02 3.051710e+01 -9.791512e-03 9.999499e-01 -2.095955e-03 -2.385803e+00 -1.826152e-02 1.916890e-03 9.998314e-01 8.416775e+01
9.997457e-01 -9.277003e-03 -2.055417e-02 3.074232e+01 9.334598e-03 9.999528e-01 2.707929e-03 -2.400192e+00 2.052808e-02 -2.899106e-03 9.997851e-01 8.412994e+01
9.997090e-01 1.181266e-02 2.103375e-02 3.114978e+01 -1.174721e-02 9.999258e-01 -3.232386e-03 -2.414598e+00 -2.107037e-02 2.984358e-03 9.997735e-01 8.400522e+01
9.996268e-01 -1.057185e-02 -2.519034e-02 3.185031e+01 1.066466e-02 9.999368e-01 3.552722e-03 -2.434229e+00 2.515119e-02 -3.820043e-03 9.996764e-01 8.361137e+01
9.996770e-01 1.069349e-02 2.305623e-02 3.189137e+01 -1.061110e-02 9.999369e-01 -3.693044e-03 -2.444246e+00 -2.309426e-02 3.447200e-03 9.997273e-01 8.368172e+01
9.996064e-01 -1.063399e-02 -2.595977e-02 3.187694e+01 1.073297e-02 9.999356e-01 3.676345e-03 -2.452942e+00 2.591901e-02 -3.953524e-03 9.996562e-01 8.381233e+01
9.996736e-01 1.067088e-02 2.321275e-02 3.186358e+01 -1.058520e-02 9.999367e-01 -3.810968e-03 -2.461208e+00 -2.325194e-02 3.564013e-03 9.997233e-01 8.396412e+01
9.995299e-01 -1.068738e-02 -2.873563e-02 3.178306e+01 1.079252e-02 9.999356e-01 3.506191e-03 -2.466341e+00 2.869630e-02 -3.814673e-03 9.995809e-01 8.435077e+01
9.996449e-01 1.046207e-02 2.450935e-02 3.158267e+01 -1.035791e-02 9.999368e-01 -4.372856e-03 -2.464022e+00 -2.455355e-02 4.117437e-03 9.996900e-01 8.486454e+01
9.995295e-01 -1.054115e-02 -2.880550e-02 3.150455e+01 1.066431e-02 9.999346e-01 4.125231e-03 -2.468195e+00 2.876013e-02 -4.430481e-03 9.995765e-01 8.513152e+01
9.996758e-01 1.016067e-02 2.334663e-02 3.124277e+01 -1.004665e-02 9.999371e-01 -4.996012e-03 -2.463639e+00 -2.339592e-02 4.759837e-03 9.997149e-01 8.576032e+01
9.995615e-01 -1.065670e-02 -2.762689e-02 3.078230e+01 1.075622e-02 9.999362e-01 3.456015e-03 -2.448143e+00 2.758830e-02 -3.751661e-03 9.996123e-01 8.668723e+01
9.996926e-01 1.026250e-02 2.257022e-02 3.039303e+01 -1.015851e-02 9.999373e-01 -4.716957e-03 -2.435442e+00 -2.261721e-02 4.486228e-03 9.997341e-01 8.749676e+01
9.995994e-01 -1.032349e-02 -2.635151e-02 3.029801e+01 1.043782e-02 9.999367e-01 4.204628e-03 -2.441256e+00 2.630644e-02 -4.477996e-03 9.996439e-01 8.809479e+01
9.997613e-01 9.941744e-03 1.945657e-02 3.019612e+01 -9.854400e-03 9.999410e-01 -4.579917e-03 -2.446514e+00 -1.950095e-02 4.387091e-03 9.998002e-01 8.871956e+01
9.996207e-01 -1.056204e-02 -2.543301e-02 2.981941e+01 1.064535e-02 9.999384e-01 3.142507e-03 -2.433613e+00 2.539825e-02 -3.412059e-03 9.996716e-01 8.955100e+01
9.997075e-01 9.957971e-03 2.203874e-02 2.940437e+01 -9.855545e-03 9.999401e-01 -4.751246e-03 -2.418660e+00 -2.208473e-02 4.532653e-03 9.997458e-01 9.040493e+01
9.995791e-01 -1.028138e-02 -2.712747e-02 2.914013e+01 1.039074e-02 9.999384e-01 3.893515e-03 -2.414275e+00 2.708577e-02 -4.173752e-03 9.996244e-01 9.111779e+01
9.995746e-01 9.876926e-03 2.744156e-02 2.898447e+01 -9.750241e-03 9.999412e-01 -4.746505e-03 -2.416036e+00 -2.748683e-02 4.476924e-03 9.996121e-01 9.168035e+01
9.994786e-01 -8.936472e-03 -3.102737e-02 2.920428e+01 9.096361e-03 9.999460e-01 5.015856e-03 -2.430151e+00 3.098087e-02 -5.295477e-03 9.995059e-01 9.177013e+01
9.996692e-01 1.030410e-02 2.356626e-02 3.054169e+01 -1.016270e-02 9.999297e-01 -6.112190e-03 -2.461177e+00 -2.362759e-02 5.870672e-03 9.997036e-01 9.112176e+01
9.996251e-01 -1.035533e-02 -2.534508e-02 3.051711e+01 1.050567e-02 9.999280e-01 5.805750e-03 -2.469761e+00 2.528313e-02 -6.069841e-03 9.996619e-01 9.135336e+01
9.997302e-01 1.034816e-02 2.079657e-02 3.044510e+01 -1.022221e-02 9.999288e-01 -6.153484e-03 -2.474905e+00 -2.085877e-02 5.939237e-03 9.997648e-01 9.165383e+01
9.996075e-01 -1.052615e-02 -2.596368e-02 3.016872e+01 1.066506e-02 9.999295e-01 5.217364e-03 -2.468664e+00 2.590693e-02 -5.492220e-03 9.996493e-01 9.227984e+01
9.995846e-01 9.930060e-03 2.705477e-02 2.976231e+01 -9.751347e-03 9.999298e-01 -6.729525e-03 -2.455334e+00 -2.711969e-02 6.462910e-03 9.996113e-01 9.304540e+01
9.995379e-01 -1.001869e-02 -2.870016e-02 2.969027e+01 1.020318e-02 9.999282e-01 6.289138e-03 -2.461106e+00 2.863509e-02 -6.579065e-03 9.995683e-01 9.330916e+01
9.995906e-01 1.092892e-02 2.644370e-02 2.989423e+01 -1.078213e-02 9.999257e-01 -5.687252e-03 -2.474676e+00 -2.650389e-02 5.399805e-03 9.996341e-01 9.323040e+01
9.994121e-01 -1.103026e-02 -3.246333e-02 2.984485e+01 1.121427e-02 9.999220e-01 5.491566e-03 -2.479855e+00 3.240023e-02 -5.852390e-03 9.994578e-01 9.345615e+01
9.994492e-01 1.093440e-02 3.133254e-02 2.970248e+01 -1.074054e-02 9.999222e-01 -6.348971e-03 -2.480455e+00 -3.139953e-02 6.008947e-03 9.994889e-01 9.380450e+01
9.994279e-01 -1.117550e-02 -3.192128e-02 2.950251e+01 1.134847e-02 9.999219e-01 5.242761e-03 -2.476889e+00 3.186020e-02 -5.602020e-03 9.994766e-01 9.415385e+01
9.995386e-01 1.123604e-02 2.822079e-02 2.946594e+01 -1.109102e-02 9.999245e-01 -5.290212e-03 -2.483495e+00 -2.827810e-02 4.974774e-03 9.995877e-01 9.427301e+01
9.992924e-01 -1.184945e-02 -3.569777e-02 2.895876e+01 1.198738e-02 9.999215e-01 3.652280e-03 -2.464766e+00 3.565169e-02 -4.077619e-03 9.993560e-01 9.524829e+01
9.991187e-01 1.086635e-02 4.054397e-02 2.831815e+01 -1.062100e-02 9.999240e-01 -6.261997e-03 -2.440552e+00 -4.060893e-02 5.825862e-03 9.991581e-01 9.632680e+01
9.989414e-01 -1.107512e-02 -4.464734e-02 2.811004e+01 1.131835e-02 9.999224e-01 5.198672e-03 -2.437426e+00 4.458630e-02 -5.698504e-03 9.989893e-01 9.683767e+01
9.991570e-01 1.100598e-02 3.954935e-02 2.784113e+01 -1.076449e-02 9.999221e-01 -6.313684e-03 -2.430876e+00 -3.961576e-02 5.882633e-03 9.991977e-01 9.740595e+01
9.991715e-01 -1.143806e-02 -3.905617e-02 2.761208e+01 1.164243e-02 9.999197e-01 5.009472e-03 -2.426366e+00 3.899574e-02 -5.460031e-03 9.992245e-01 9.798618e+01
9.992704e-01 1.298711e-02 3.591674e-02 2.792785e+01 -1.282750e-02 9.999068e-01 -4.670639e-03 -2.440462e+00 -3.597405e-02 4.206510e-03 9.993439e-01 9.787567e+01
9.991216e-01 -1.145041e-02 -4.030955e-02 2.828486e+01 1.165923e-02 9.999198e-01 4.949248e-03 -2.454998e+00 4.024964e-02 -5.414880e-03 9.991750e-01 9.769773e+01
9.992787e-01 1.181842e-02 3.608876e-02 2.835755e+01 -1.164806e-02 9.999200e-01 -4.927187e-03 -2.466855e+00 -3.614410e-02 4.503269e-03 9.993364e-01 9.777304e+01
9.989589e-01 -1.182812e-02 -4.405881e-02 2.820125e+01 1.202993e-02 9.999183e-01 4.318139e-03 -2.467600e+00 4.400414e-02 -4.843668e-03 9.990196e-01 9.832000e+01
9.991232e-01 1.124582e-02 4.032754e-02 2.784097e+01 -1.101941e-02 9.999223e-01 -5.832009e-03 -2.457859e+00 -4.038999e-02 5.382510e-03 9.991695e-01 9.921483e+01
9.989708e-01 -1.153657e-02 -4.386645e-02 2.760708e+01 1.175408e-02 9.999199e-01 4.703627e-03 -2.455792e+00 4.380867e-02 -5.214396e-03 9.990263e-01 9.987067e+01
9.991450e-01 1.133587e-02 3.975935e-02 2.743294e+01 -1.112356e-02 9.999227e-01 -5.557074e-03 -2.457428e+00 -3.981928e-02 5.110058e-03 9.991938e-01 1.005094e+02
9.990053e-01 -1.169099e-02 -4.303286e-02 2.727542e+01 1.189919e-02 9.999187e-01 4.585276e-03 -2.459507e+00 4.297575e-02 -5.092772e-03 9.990631e-01 1.010966e+02
9.991464e-01 1.182050e-02 3.958260e-02 2.725154e+01 -1.163535e-02 9.999203e-01 -4.904631e-03 -2.468540e+00 -3.963742e-02 4.439887e-03 9.992043e-01 1.014062e+02
9.988905e-01 -1.179518e-02 -4.559259e-02 2.718417e+01 1.200854e-02 9.999182e-01 4.408646e-03 -2.474854e+00 4.553686e-02 -4.951255e-03 9.989504e-01 1.018159e+02
9.988981e-01 1.279689e-02 4.515430e-02 2.721163e+01 -1.258120e-02 9.999081e-01 -5.057678e-03 -2.484008e+00 -4.521487e-02 4.484010e-03 9.989672e-01 1.019854e+02
9.987090e-01 -1.022067e-02 -4.975887e-02 2.791094e+01 1.050200e-02 9.999303e-01 5.395657e-03 -2.501087e+00 4.970025e-02 -5.911259e-03 9.987467e-01 1.015258e+02
9.990044e-01 1.307968e-02 4.265185e-02 2.863967e+01 -1.287590e-02 9.999044e-01 -5.048989e-03 -2.515147e+00 -4.271381e-02 4.494782e-03 9.990772e-01 1.010666e+02
9.986278e-01 -1.140584e-02 -5.111244e-02 2.907382e+01 1.172422e-02 9.999137e-01 5.933700e-03 -2.534467e+00 5.104035e-02 -6.524812e-03 9.986753e-01 1.010848e+02
9.990354e-01 1.389832e-02 4.165543e-02 2.937362e+01 -1.364951e-02 9.998873e-01 -6.251685e-03 -2.548672e+00 -4.173762e-02 5.677079e-03 9.991125e-01 1.011268e+02
9.984548e-01 8.525504e-05 -5.556997e-02 3.220485e+01 2.392947e-04 9.999830e-01 5.833707e-03 -2.572767e+00 5.556952e-02 -5.837991e-03 9.984378e-01 9.930866e+01
9.989535e-01 3.790846e-03 4.558047e-02 3.480569e+01 -3.445390e-03 9.999648e-01 -7.655212e-03 -2.614011e+00 -4.560788e-02 7.490159e-03 9.989313e-01 9.768259e+01
9.986593e-01 -3.828341e-03 -5.162259e-02 3.476613e+01 4.215596e-03 9.999638e-01 7.394862e-03 -2.619575e+00 5.159241e-02 -7.602569e-03 9.986393e-01 9.808152e+01
9.986607e-01 4.568982e-03 5.153507e-02 3.481774e+01 -4.166735e-03 9.999600e-01 -7.910028e-03 -2.629902e+00 -5.156915e-02 7.684702e-03 9.986399e-01 9.837865e+01
9.983089e-01 -4.381132e-03 -5.796687e-02 3.470441e+01 4.819045e-03 9.999609e-01 7.416919e-03 -2.631529e+00 5.793211e-02 -7.683722e-03 9.982910e-01 9.875983e+01
9.985403e-01 4.072967e-03 5.385830e-02 3.411769e+01 -3.567267e-03 9.999487e-01 -9.482248e-03 -2.606389e+00 -5.389416e-02 9.276280e-03 9.985036e-01 9.980789e+01
9.983557e-01 -4.956578e-03 -5.710721e-02 3.325227e+01 5.351065e-03 9.999629e-01 6.756982e-03 -2.566178e+00 5.707160e-02 -7.051457e-03 9.983452e-01 1.013122e+02
9.984506e-01 4.117331e-03 5.549271e-02 3.247918e+01 -3.604255e-03 9.999499e-01 -9.342727e-03 -2.533767e+00 -5.552839e-02 9.128242e-03 9.984154e-01 1.028257e+02
9.982379e-01 -5.083942e-03 -5.912012e-02 3.178022e+01 5.512671e-03 9.999597e-01 7.090996e-03 -2.505886e+00 5.908168e-02 -7.404411e-03 9.982257e-01 1.042731e+02
9.984392e-01 4.445655e-03 5.567263e-02 3.113531e+01 -3.936238e-03 9.999494e-01 -9.256535e-03 -2.481020e+00 -5.571096e-02 9.022947e-03 9.984062e-01 1.056161e+02
9.980493e-01 -5.287466e-03 -6.220629e-02 3.035346e+01 5.724847e-03 9.999601e-01 6.855009e-03 -2.447904e+00 6.216756e-02 -7.197759e-03 9.980398e-01 1.071504e+02
9.984309e-01 4.198590e-03 5.583950e-02 2.919321e+01 -3.610385e-03 9.999370e-01 -1.063055e-02 -2.392035e+00 -5.588061e-02 1.041227e-02 9.983832e-01 1.091917e+02
9.979739e-01 -6.205100e-03 -6.332149e-02 2.767775e+01 6.596977e-03 9.999604e-01 5.981493e-03 -2.317207e+00 6.328186e-02 -6.387105e-03 9.979753e-01 1.117558e+02
9.979950e-01 4.623298e-03 6.312359e-02 2.621094e+01 -3.925883e-03 9.999299e-01 -1.116796e-02 -2.244083e+00 -6.317080e-02 1.089775e-02 9.979432e-01 1.141404e+02
9.977147e-01 -6.318316e-03 -6.727192e-02 2.491736e+01 6.826305e-03 9.999499e-01 7.324083e-03 -2.178919e+00 6.722227e-02 -7.766565e-03 9.977078e-01 1.164243e+02
9.980986e-01 4.055051e-03 6.150320e-02 2.322127e+01 -3.242081e-03 9.999061e-01 -1.331236e-02 -2.092398e+00 -6.155141e-02 1.308765e-02 9.980181e-01 1.193623e+02
9.981918e-01 -7.209407e-03 -5.967603e-02 2.097050e+01 7.553979e-03 9.999561e-01 5.550467e-03 -1.972509e+00 5.963339e-02 -5.991223e-03 9.982024e-01 1.227901e+02
9.982276e-01 5.228743e-03 5.928104e-02 1.920019e+01 -4.559399e-03 9.999244e-01 -1.142067e-02 -1.881739e+00 -5.933627e-02 1.113015e-02 9.981760e-01 1.255277e+02
9.987239e-01 -4.063798e-03 -5.033983e-02 1.893899e+01 4.549063e-03 9.999443e-01 9.528963e-03 -1.875896e+00 5.029830e-02 -9.745803e-03 9.986867e-01 1.262646e+02
9.987554e-01 8.358674e-03 4.917176e-02 2.003218e+01 -7.939224e-03 9.999305e-01 -8.719427e-03 -1.899006e+00 -4.924122e-02 8.318190e-03 9.987523e-01 1.257182e+02
9.988108e-01 -4.736804e-03 -4.852335e-02 2.083744e+01 5.188558e-03 9.999443e-01 9.188311e-03 -1.919152e+00 4.847713e-02 -9.429152e-03 9.987798e-01 1.253465e+02
9.987632e-01 6.370158e-03 4.930997e-02 2.110555e+01 -5.936246e-03 9.999424e-01 -8.941123e-03 -1.935252e+00 -4.936408e-02 8.637350e-03 9.987435e-01 1.255243e+02
9.982719e-01 -8.048084e-03 -5.821068e-02 2.034471e+01 8.405100e-03 9.999473e-01 5.890948e-03 -1.900737e+00 5.816020e-02 -6.370035e-03 9.982869e-01 1.269035e+02
9.985064e-01 6.699571e-03 5.422195e-02 1.907270e+01 -6.152035e-03 9.999285e-01 -1.025866e-02 -1.835211e+00 -5.428680e-02 9.909760e-03 9.984762e-01 1.288400e+02
9.984075e-01 -7.978151e-03 -5.584719e-02 1.804420e+01 8.353303e-03 9.999441e-01 6.487266e-03 -1.784278e+00 5.579231e-02 -6.943443e-03 9.984183e-01 1.304624e+02
9.984755e-01 6.999626e-03 5.475078e-02 1.703018e+01 -6.449417e-03 9.999270e-01 -1.021956e-02 -1.733577e+00 -5.481832e-02 9.850874e-03 9.984478e-01 1.320126e+02
9.984621e-01 -7.554819e-03 -5.492149e-02 1.653813e+01 8.017356e-03 9.999342e-01 8.206339e-03 -1.714514e+00 5.485588e-02 -8.634044e-03 9.984570e-01 1.329180e+02
9.984834e-01 7.975424e-03 5.447344e-02 1.648957e+01 -7.541002e-03 9.999381e-01 -8.175838e-03 -1.724724e+00 -5.453527e-02 7.752655e-03 9.984817e-01 1.332968e+02
9.980042e-01 -8.211752e-03 -6.261195e-02 1.604776e+01 8.594570e-03 9.999460e-01 5.847258e-03 -1.706643e+00 6.256055e-02 -6.373711e-03 9.980208e-01 1.341990e+02
9.982818e-01 7.756452e-03 5.808080e-02 1.541318e+01 -7.284124e-03 9.999387e-01 -8.339559e-03 -1.678772e+00 -5.814192e-02 7.902163e-03 9.982771e-01 1.353419e+02
9.979315e-01 -8.894720e-03 -6.366826e-02 1.442226e+01 9.229733e-03 9.999451e-01 4.969663e-03 -1.631016e+00 6.362056e-02 -5.547025e-03 9.979587e-01 1.369804e+02
9.975171e-01 8.075093e-03 6.996080e-02 1.374811e+01 -7.526506e-03 9.999389e-01 -8.101411e-03 -1.602589e+00 -7.002194e-02 7.554736e-03 9.975168e-01 1.380632e+02
9.972126e-01 -7.781203e-03 -7.420568e-02 1.369172e+01 8.362437e-03 9.999367e-01 7.525267e-03 -1.608838e+00 7.414242e-02 -8.124832e-03 9.972146e-01 1.384051e+02
9.975543e-01 8.079393e-03 6.942794e-02 1.362297e+01 -7.533953e-03 9.999387e-01 -8.114462e-03 -1.616008e+00 -6.948924e-02 7.571550e-03 9.975540e-01 1.389094e+02
9.970270e-01 -8.234244e-03 -7.661186e-02 1.338260e+01 8.801808e-03 9.999362e-01 7.073589e-03 -1.615358e+00 7.654873e-02 -7.726882e-03 9.970359e-01 1.398040e+02
9.973838e-01 8.144165e-03 7.182770e-02 1.303197e+01 -7.549764e-03 9.999350e-01 -8.542982e-03 -1.607894e+00 -7.189261e-02 7.978351e-03 9.973805e-01 1.407825e+02
9.968138e-01 -8.596331e-03 -7.929877e-02 1.242348e+01 9.133527e-03 9.999377e-01 6.414106e-03 -1.586639e+00 7.923869e-02 -7.117948e-03 9.968303e-01 1.421456e+02
9.968057e-01 8.130908e-03 7.945038e-02 1.177745e+01 -7.425635e-03 9.999304e-01 -9.168315e-03 -1.561174e+00 -7.951940e-02 8.549059e-03 9.967967e-01 1.435011e+02
9.963386e-01 -8.416538e-03 -8.508023e-02 1.143050e+01 9.114502e-03 9.999279e-01 7.818485e-03 -1.555389e+00 8.500829e-02 -8.565323e-03 9.963434e-01 1.446284e+02
9.965877e-01 8.208870e-03 8.213091e-02 1.110765e+01 -7.463225e-03 9.999281e-01 -9.381612e-03 -1.551928e+00 -8.220202e-02 8.736638e-03 9.965774e-01 1.457334e+02
9.959711e-01 -8.463900e-03 -8.927483e-02 1.071079e+01 9.211336e-03 9.999259e-01 7.963632e-03 -1.543667e+00 8.920081e-02 -8.753888e-03 9.959752e-01 1.469698e+02
9.958684e-01 8.597437e-03 9.040070e-02 1.052334e+01 -7.806170e-03 9.999281e-01 -9.102810e-03 -1.546822e+00 -9.047246e-02 8.359518e-03 9.958639e-01 1.476603e+02
9.952848e-01 -8.262506e-03 -9.664268e-02 1.031326e+01 9.071544e-03 9.999274e-01 7.935057e-03 -1.546895e+00 9.657010e-02 -8.774340e-03 9.952875e-01 1.483319e+02
9.954367e-01 8.514948e-03 9.504348e-02 1.010600e+01 -7.655119e-03 9.999264e-01 -9.407636e-03 -1.546349e+00 -9.511659e-02 8.637137e-03 9.954287e-01 1.490091e+02
9.949093e-01 -7.898813e-03 -1.004648e-01 1.005511e+01 8.832503e-03 9.999218e-01 8.852300e-03 -1.554975e+00 1.003870e-01 -9.694592e-03 9.949012e-01 1.495197e+02
9.954070e-01 8.279456e-03 9.537507e-02 9.885673e+00 -7.368238e-03 9.999238e-01 -9.902268e-03 -1.558359e+00 -9.544979e-02 9.154041e-03 9.953922e-01 1.502380e+02
9.950457e-01 -7.881148e-03 -9.910558e-02 9.662266e+00 8.770873e-03 9.999250e-01 8.545059e-03 -1.556619e+00 9.903081e-02 -9.371968e-03 9.950402e-01 1.509128e+02
9.955022e-01 8.419254e-03 9.436407e-02 9.493619e+00 -7.536563e-03 9.999245e-01 -9.706584e-03 -1.557525e+00 -9.443866e-02 8.951745e-03 9.954904e-01 1.514927e+02
9.952056e-01 -7.883121e-03 -9.748628e-02 9.396199e+00 8.785184e-03 9.999224e-01 8.827447e-03 -1.563340e+00 9.740913e-02 -9.641561e-03 9.951977e-01 1.519610e+02
9.954972e-01 8.856352e-03 9.437634e-02 9.407131e+00 -8.001091e-03 9.999235e-01 -9.436796e-03 -1.573968e+00 -9.445270e-02 8.639190e-03 9.954919e-01 1.522088e+02
9.951312e-01 -8.100260e-03 -9.822615e-02 9.406354e+00 9.020452e-03 9.999195e-01 8.927617e-03 -1.584780e+00 9.814592e-02 -9.770195e-03 9.951241e-01 1.525451e+02
9.955134e-01 8.787712e-03 9.421199e-02 9.376193e+00 -7.918769e-03 9.999226e-01 -9.593164e-03 -1.594102e+00 -9.428900e-02 8.804081e-03 9.955059e-01 1.529839e+02
9.952110e-01 -8.282148e-03 -9.739899e-02 9.268570e+00 9.159976e-03 9.999213e-01 8.569009e-03 -1.599373e+00 9.732036e-02 -9.420145e-03 9.952085e-01 1.534426e+02
9.953930e-01 9.153078e-03 9.544085e-02 9.279124e+00 -8.295594e-03 9.999216e-01 -9.377359e-03 -1.608978e+00 -9.551920e-02 8.542420e-03 9.953909e-01 1.536502e+02
9.947353e-01 -8.521395e-03 -1.021228e-01 9.229246e+00 9.427992e-03 9.999203e-01 8.398134e-03 -1.616256e+00 1.020431e-01 -9.316734e-03 9.947363e-01 1.541156e+02
9.950454e-01 8.696361e-03 9.904025e-02 8.945260e+00 -7.726698e-03 9.999184e-01 -1.016996e-02 -1.614233e+00 -9.912061e-02 9.354319e-03 9.950315e-01 1.550910e+02
9.946654e-01 -8.344151e-03 -1.028158e-01 8.785677e+00 9.314368e-03 9.999165e-01 8.959962e-03 -1.619688e+00 1.027325e-01 -9.869830e-03 9.946601e-01 1.559344e+02
9.950208e-01 9.151072e-03 9.924643e-02 8.759240e+00 -8.235375e-03 9.999197e-01 -9.632262e-03 -1.632071e+00 -9.932660e-02 8.766970e-03 9.950163e-01 1.565140e+02
9.946771e-01 -8.419174e-03 -1.026962e-01 8.718089e+00 9.379520e-03 9.999167e-01 8.872020e-03 -1.642141e+00 1.026129e-01 -9.788037e-03 9.946732e-01 1.569761e+02
9.950585e-01 1.052420e-02 9.873068e-02 8.891745e+00 -9.607974e-03 9.999063e-01 -9.750905e-03 -1.655979e+00 -9.882405e-02 8.754120e-03 9.950664e-01 1.571121e+02
9.942949e-01 -1.023245e-02 -1.061738e-01 8.834110e+00 1.123399e-02 9.998978e-01 8.839289e-03 -1.667690e+00 1.060725e-01 -9.981617e-03 9.943083e-01 1.581984e+02
9.945019e-01 9.863747e-03 1.042533e-01 8.634552e+00 -8.751570e-03 9.998999e-01 -1.112009e-02 -1.676312e+00 -1.043525e-01 1.014657e-02 9.944886e-01 1.597154e+02
9.926424e-01 8.254654e-04 -1.210802e-01 1.027701e+01 -1.198486e-05 9.999774e-01 6.719103e-03 -1.696793e+00 1.210831e-01 -6.668216e-03 9.926200e-01 1.589134e+02
