9.999967e-01 9.714761e-05 -2.565818e-03 -2.512996e-01 -9.700323e-05 1.000000e+00 5.640570e-05 -3.090892e-04 2.565823e-03 -5.615733e-05 9.999967e-01 5.732046e-01
1.000000e+00 -2.803825e-05 1.508301e-04 -4.004629e-01 2.803186e-05 1.000000e+00 4.248065e-05 -8.021008e-03 -1.508310e-04 -4.247571e-05 1.000000e+00 1.133632e+00
9.999967e-01 1.425664e-04 -2.568037e-03 -7.583986e-01 -1.424338e-04 1.000000e+00 5.181601e-05 -1.506260e-03 2.568044e-03 -5.145078e-05 9.999967e-01 1.748579e+00
1.000000e+00 -7.846661e-05 1.442661e-04 -8.920560e-01 7.846888e-05 1.000000e+00 -1.557549e-05 -9.220731e-03 -1.442645e-04 1.558752e-05 1.000000e+00 2.517956e+00
9.999968e-01 1.503377e-04 -2.524068e-03 -9.228596e-01 -1.500750e-04 1.000000e+00 1.042422e-04 -2.633200e-02 2.524084e-03 -1.038638e-04 9.999968e-01 2.957792e+00
9.999999e-01 -5.764422e-05 4.411984e-04 -1.100190e+00 5.761691e-05 1.000000e+00 6.199198e-05 -3.717071e-02 -4.412017e-04 -6.196584e-05 9.999999e-01 3.244475e+00
9.999964e-01 1.323504e-04 -2.670389e-03 -1.230091e+00 -1.321613e-04 1.000000e+00 7.098393e-05 -4.670199e-02 2.670398e-03 -7.063146e-05 9.999964e-01 3.587557e+00
1.000000e+00 -8.108589e-05 1.544951e-04 -1.240075e+00 8.109020e-05 1.000000e+00 -2.772516e-05 -6.379010e-02 -1.544925e-04 2.773840e-05 1.000000e+00 4.292226e+00
9.999970e-01 1.813233e-04 -2.452382e-03 -1.546452e+00 -1.810075e-04 1.000000e+00 1.290304e-04 -6.098421e-02 2.452405e-03 -1.285868e-04 9.999970e-01 4.909371e+00
1.000000e+00 -1.387853e-04 -4.727273e-05 -1.615626e+00 1.387813e-04 1.000000e+00 -8.437759e-05 -7.209509e-02 4.728478e-05 8.437174e-05 1.000000e+00 5.549771e+00
9.999975e-01 1.593512e-04 -2.249557e-03 -1.362877e+00 -1.590784e-04 1.000000e+00 1.214752e-04 -9.951266e-02 2.249576e-03 -1.211177e-04 9.999975e-01 6.308969e+00
1.000000e+00 -1.277724e-04 -1.988723e-05 -1.410384e+00 1.277720e-04 1.000000e+00 -1.851874e-05 -1.084032e-01 1.988993e-05 1.851691e-05 1.000000e+00 6.945262e+00
9.999974e-01 1.937603e-04 -2.275050e-03 -1.546152e+00 -1.933988e-04 1.000000e+00 1.591355e-04 -1.091434e-01 2.275080e-03 -1.586958e-04 9.999974e-01 7.375635e+00
1.000000e+00 -1.456528e-04 -2.428266e-04 -1.586519e+00 1.456186e-04 1.000000e+00 -1.412310e-04 -1.196642e-01 2.428475e-04 1.411964e-04 1.000000e+00 8.157380e+00
9.999978e-01 2.468034e-04 -2.060150e-03 -1.930253e+00 -2.463038e-04 9.999999e-01 2.428040e-04 -1.138987e-01 2.060209e-03 -2.422968e-04 9.999978e-01 8.748402e+00
1.000000e+00 -1.209707e-04 -1.656306e-04 -2.364814e+00 1.209546e-04 1.000000e+00 -9.719896e-05 -1.031361e-01 1.656427e-04 9.717963e-05 1.000000e+00 9.180318e+00
9.999984e-01 2.684693e-04 -1.745413e-03 -2.709152e+00 -2.678823e-04 9.999999e-01 3.366013e-04 -1.005128e-01 1.745503e-03 -3.361339e-04 9.999984e-01 9.154186e+00
1.000000e+00 -8.493024e-05 3.231303e-05 -3.105953e+00 8.493319e-05 1.000000e+00 -9.007936e-05 -9.641288e-02 -3.230504e-05 9.008282e-05 1.000000e+00 9.052457e+00
9.999979e-01 1.725954e-04 -2.045613e-03 -3.330926e+00 -1.721397e-04 1.000000e+00 2.229520e-04 -9.755891e-02 2.045651e-03 -2.226001e-04 9.999979e-01 9.507081e+00
1.000000e+00 -9.132821e-05 -1.879640e-04 -3.411272e+00 9.130855e-05 1.000000e+00 -1.048400e-04 -9.746547e-02 1.879739e-04 1.048235e-04 1.000000e+00 9.972796e+00
9.999982e-01 1.705038e-04 -1.868570e-03 -3.390949e+00 -1.700026e-04 9.999999e-01 2.684069e-04 -1.027771e-01 1.868615e-03 -2.680895e-04 9.999982e-01 1.017157e+01
1.000000e+00 -1.002807e-04 -2.649433e-05 -3.191511e+00 1.002812e-04 1.000000e+00 1.600897e-05 -1.097859e-01 2.649307e-05 -1.601092e-05 1.000000e+00 9.809129e+00
9.999980e-01 1.647620e-04 -2.011901e-03 -2.989150e+00 -1.641455e-04 9.999999e-01 3.065925e-04 -1.103292e-01 2.011951e-03 -3.062623e-04 9.999979e-01 9.171999e+00
1.000000e+00 -1.511396e-04 -3.841698e-05 -2.582597e+00 1.511391e-04 1.000000e+00 -1.367537e-05 -1.141272e-01 3.841939e-05 1.367027e-05 1.000000e+00 8.635484e+00
9.999979e-01 1.404715e-04 -2.035848e-03 -2.122130e+00 -1.399926e-04 1.000000e+00 2.353543e-04 -1.303716e-01 2.035880e-03 -2.350695e-04 9.999979e-01 8.645272e+00
1.000000e+00 -1.042119e-04 -9.245544e-06 -1.978489e+00 1.042110e-04 1.000000e+00 -1.016987e-04 -1.465182e-01 9.256482e-06 1.016984e-04 1.000000e+00 8.961197e+00
9.999979e-01 8.453670e-05 -2.063087e-03 -1.445557e+00 -8.395337e-05 1.000000e+00 2.828543e-04 -1.713598e-01 2.063110e-03 -2.826812e-04 9.999978e-01 9.271996e+00
1.000000e+00 -1.305696e-04 -8.825900e-05 -7.636778e-01 1.305646e-04 1.000000e+00 -5.660206e-05 -1.894890e-01 8.826673e-05 5.659125e-05 1.000000e+00 9.405873e+00
9.999981e-01 2.670166e-04 -1.928328e-03 -1.008701e+00 -2.665034e-04 9.999999e-01 2.664174e-04 -1.829879e-01 1.928399e-03 -2.659037e-04 9.999981e-01 9.482393e+00
1.000000e+00 -9.894738e-05 -5.913222e-05 -1.417078e+00 9.894413e-05 1.000000e+00 -5.577657e-05 -1.717882e-01 5.913808e-05 5.577143e-05 1.000000e+00 9.532912e+00
9.999972e-01 1.514955e-04 -2.374854e-03 -1.502244e+00 -1.510907e-04 1.000000e+00 1.706308e-04 -1.734193e-01 2.374879e-03 -1.702723e-04 9.999972e-01 9.906288e+00
1.000000e+00 -1.443605e-04 -1.259400e-04 -1.196660e+00 1.443645e-04 1.000000e+00 3.080410e-05 -1.834251e-01 1.259359e-04 -3.082157e-05 1.000000e+00 9.866590e+00
9.999974e-01 5.157724e-05 -2.269595e-03 -5.030164e-01 -5.097160e-05 1.000000e+00 2.669288e-04 -1.918682e-01 2.269608e-03 -2.668131e-04 9.999974e-01 9.650136e+00
9.999999e-01 -1.429049e-04 -3.906475e-04 8.451896e-02 1.429258e-04 1.000000e+00 5.326863e-05 -1.896577e-01 3.906402e-04 -5.332375e-05 9.999999e-01 9.130577e+00
9.999981e-01 1.796477e-04 -1.964496e-03 3.146637e-01 -1.791083e-04 9.999999e-01 2.748044e-04 -1.829839e-01 1.964545e-03 -2.744527e-04 9.999980e-01 8.266586e+00
1.000000e+00 -6.090501e-05 1.470557e-05 2.444705e-01 6.090440e-05 1.000000e+00 4.503902e-05 -1.825114e-01 -1.470797e-05 -4.503741e-05 1.000000e+00 7.547413e+00
9.999984e-01 2.319697e-04 -1.747238e-03 -2.201589e-01 -2.315486e-04 9.999999e-01 2.412375e-04 -1.750055e-01 1.747294e-03 -2.408333e-04 9.999984e-01 7.247920e+00
9.999996e-01 -1.246320e-04 -9.389475e-04 -4.968512e-01 1.244724e-04 1.000000e+00 -1.700386e-04 -1.752828e-01 9.389690e-04 1.699224e-04 9.999995e-01 7.688069e+00
9.999982e-01 1.767060e-04 -1.901598e-03 -4.856472e-01 -1.763608e-04 1.000000e+00 1.817268e-04 -1.935425e-01 1.901630e-03 -1.813918e-04 9.999982e-01 8.406718e+00
9.999996e-01 -1.167873e-04 -8.640368e-04 -6.317156e-01 1.167278e-04 1.000000e+00 -6.899889e-05 -1.995006e-01 8.640452e-04 6.889871e-05 9.999996e-01 8.838949e+00
9.999988e-01 2.366364e-04 -1.539511e-03 -1.078409e+00 -2.362672e-04 9.999999e-01 2.400890e-04 -1.885271e-01 1.539567e-03 -2.397257e-04 9.999988e-01 9.059268e+00
9.999994e-01 -1.376639e-04 -1.059499e-03 -1.426272e+00 1.375507e-04 1.000000e+00 -1.069469e-04 -1.831012e-01 1.059514e-03 1.068019e-04 9.999994e-01 9.372823e+00
9.999992e-01 2.869131e-04 -1.248717e-03 -1.958779e+00 -2.865193e-04 9.999999e-01 3.155824e-04 -1.688223e-01 1.248807e-03 -3.152251e-04 9.999992e-01 9.494850e+00
9.999997e-01 -9.895467e-05 -7.985132e-04 -2.636409e+00 9.887504e-05 1.000000e+00 -9.983395e-05 -1.468138e-01 7.985235e-04 9.975567e-05 9.999997e-01 9.548233e+00
9.999984e-01 2.667493e-04 -1.796056e-03 -3.188767e+00 -2.663614e-04 9.999999e-01 2.162802e-04 -1.291379e-01 1.796114e-03 -2.158021e-04 9.999984e-01 9.937824e+00
9.999995e-01 -1.258955e-04 -9.874970e-04 -3.580485e+00 1.257431e-04 1.000000e+00 -1.544207e-04 -1.206565e-01 9.875167e-04 1.542972e-04 9.999995e-01 1.045352e+01
9.999990e-01 2.745544e-04 -1.382058e-03 -4.092626e+00 -2.740692e-04 9.999999e-01 3.513032e-04 -1.070990e-01 1.382154e-03 -3.509248e-04 9.999990e-01 1.057990e+01
9.999995e-01 -1.635593e-04 -1.014731e-03 -4.474865e+00 1.634013e-04 1.000000e+00 -1.558545e-04 -9.921884e-02 1.014757e-03 1.556893e-04 9.999995e-01 1.068308e+01
9.999989e-01 2.952527e-04 -1.478424e-03 -4.915097e+00 -2.948454e-04 9.999999e-01 2.757388e-04 -8.791689e-02 1.478505e-03 -2.753033e-04 9.999989e-01 1.104440e+01
9.999994e-01 -1.537758e-04 -1.081744e-03 -5.395036e+00 1.535793e-04 1.000000e+00 -1.818552e-04 -7.349058e-02 1.081772e-03 1.816897e-04 9.999994e-01 1.154081e+01
9.999985e-01 2.186640e-04 -1.741966e-03 -5.555399e+00 -2.182050e-04 9.999999e-01 2.636842e-04 -7.635735e-02 1.742023e-03 -2.633044e-04 9.999984e-01 1.210677e+01
9.999992e-01 -1.238150e-04 -1.224581e-03 -5.838284e+00 1.235902e-04 1.000000e+00 -1.836607e-04 -7.135943e-02 1.224604e-03 1.835099e-04 9.999992e-01 1.270910e+01
9.999999e-01 4.005012e-04 -2.624501e-04 -6.709420e+00 -4.003819e-04 9.999998e-01 4.546604e-04 -4.456425e-02 2.626318e-04 -4.545560e-04 9.999999e-01 1.261858e+01
9.999972e-01 -3.660062e-04 -2.341033e-03 -6.524901e+00 3.655606e-04 9.999999e-01 -1.907857e-04 -4.378505e-02 2.341103e-03 1.899301e-04 9.999972e-01 1.202573e+01
9.999999e-01 3.049635e-04 9.108266e-05 -5.881723e+00 -3.050051e-04 9.999998e-01 4.564396e-04 -5.816793e-02 -9.094378e-05 -4.564681e-04 9.999999e-01 1.202036e+01
9.999964e-01 -3.865755e-04 -2.639166e-03 -5.060750e+00 3.862599e-04 9.999999e-01 -1.201334e-04 -6.457467e-02 2.639212e-03 1.191143e-04 9.999965e-01 1.182192e+01
9.999999e-01 3.918677e-04 -3.636492e-04 -4.853593e+00 -3.917817e-04 9.999999e-01 2.369026e-04 -7.849734e-02 3.637417e-04 -2.367608e-04 9.999999e-01 1.213093e+01
9.999974e-01 -3.616138e-04 -2.238974e-03 -4.803216e+00 3.615405e-04 9.999999e-01 -3.320628e-05 -8.035374e-02 2.238986e-03 3.239743e-05 9.999975e-01 1.223260e+01
9.999999e-01 3.172630e-04 2.986541e-04 -3.827206e+00 -3.173388e-04 9.999999e-01 2.536968e-04 -1.034502e-01 -2.985739e-04 -2.537923e-04 9.999999e-01 1.253036e+01
9.999953e-01 -4.001903e-04 -3.041275e-03 -3.255516e+00 4.003162e-04 9.999999e-01 4.074868e-05 -1.080664e-01 3.041259e-03 -4.196525e-05 9.999954e-01 1.225503e+01
9.999998e-01 4.271136e-04 5.625175e-04 -2.933783e+00 -4.272811e-04 9.999999e-01 2.976353e-04 -9.997805e-02 -5.623906e-04 -2.978763e-04 9.999998e-01 1.141592e+01
9.999955e-01 -3.742512e-04 -2.987052e-03 -2.858313e+00 3.739460e-04 9.999999e-01 -1.027489e-04 -1.149503e-01 2.987091e-03 1.016322e-04 9.999955e-01 1.135280e+01
9.999999e-01 3.630434e-04 3.675687e-04 -2.642043e+00 -3.631584e-04 9.999999e-01 3.127111e-04 -1.262350e-01 -3.674554e-04 -3.128453e-04 9.999999e-01 1.140919e+01
9.999963e-01 -3.015711e-04 -2.718385e-03 -2.500220e+00 3.015487e-04 1.000000e+00 -8.710947e-06 -1.226125e-01 2.718388e-03 7.891899e-06 9.999963e-01 1.068284e+01
9.999999e-01 1.273614e-04 3.038713e-04 -1.065906e+00 -1.275035e-04 9.999999e-01 4.677059e-04 -1.067541e-01 -3.038121e-04 -4.677454e-04 9.999998e-01 9.944770e+00
9.999952e-01 -3.201451e-04 -3.082293e-03 2.697118e-01 3.201373e-04 9.999999e-01 -3.069288e-06 -9.125901e-02 3.082294e-03 2.083226e-06 9.999952e-01 9.174474e+00
9.999994e-01 4.295704e-04 1.023424e-03 1.309107e-01 -4.298977e-04 9.999999e-01 3.195223e-04 -8.947108e-02 -1.023287e-03 -3.199627e-04 9.999994e-01 8.500858e+00
9.999936e-01 -3.755594e-04 -3.546010e-03 2.669824e-01 3.754130e-04 9.999999e-01 -4.197428e-05 -8.944875e-02 3.546026e-03 4.064351e-05 9.999937e-01 7.885586e+00
9.999996e-01 3.066061e-04 7.938727e-04 8.850025e-01 -3.068750e-04 9.999999e-01 3.385259e-04 -8.815824e-02 -7.937692e-04 -3.387701e-04 9.999996e-01 7.441733e+00
9.999941e-01 -2.967916e-04 -3.411693e-03 1.120938e+00 2.965987e-04 1.000000e+00 -5.706699e-05 -8.349402e-02 3.411710e-03 5.605546e-05 9.999942e-01 6.935676e+00
9.999993e-01 3.508310e-04 1.101856e-03 1.197112e+00 -3.512141e-04 9.999999e-01 3.474030e-04 -7.863306e-02 -1.101734e-03 -3.477905e-04 9.999993e-01 6.400874e+00
9.999932e-01 -4.231932e-04 -3.657906e-03 2.059931e+00 4.230773e-04 9.999999e-01 -3.247024e-05 -7.923086e-02 3.657920e-03 3.092315e-05 9.999933e-01 6.158843e+00
9.999973e-01 5.876423e-04 2.230207e-03 1.814279e+00 -5.886065e-04 9.999997e-01 4.316514e-04 -6.944025e-02 -2.229953e-03 -4.329637e-04 9.999974e-01 5.162095e+00
9.999935e-01 -3.878598e-04 -3.577186e-03 1.348818e+00 3.877060e-04 9.999999e-01 -4.371705e-05 -5.413094e-02 3.577203e-03 4.233058e-05 9.999936e-01 4.439465e+00
9.999973e-01 5.717069e-04 2.258805e-03 1.025198e+00 -5.727311e-04 9.999997e-01 4.527514e-04 -3.913802e-02 -2.258546e-03 -4.540446e-04 9.999973e-01 3.461662e+00
9.999948e-01 -3.618981e-04 -3.215210e-03 5.919346e-01 3.618716e-04 9.999999e-01 -8.844377e-06 -2.041496e-02 3.215214e-03 7.681546e-06 9.999948e-01 2.386279e+00
9.999975e-01 6.061749e-04 2.152659e-03 -2.800378e-02 -6.070620e-04 9.999997e-01 4.114262e-04 -1.888451e-03 -2.152410e-03 -4.127327e-04 9.999976e-01 1.667566e+00
9.999919e-01 -4.087674e-04 -4.007671e-03 -5.783232e-01 4.083592e-04 9.999999e-01 -1.026868e-04 1.461129e-02 4.007713e-03 1.010501e-04 9.999920e-01 1.370881e+00
9.999962e-01 6.307249e-04 2.679830e-03 -1.159721e+00 -6.319935e-04 9.999997e-01 4.725431e-04 3.480866e-02 -2.679531e-03 -4.742357e-04 9.999963e-01 6.890994e-01
9.999875e-01 -5.084523e-04 -4.967196e-03 -1.404035e+00 5.076567e-04 9.999999e-01 -1.614377e-04 4.614596e-02 4.967278e-03 1.589147e-04 9.999877e-01 2.857271e-01
9.999976e-01 6.256661e-04 2.119678e-03 -1.520163e+00 -6.261359e-04 9.999998e-01 2.209111e-04 4.148496e-02 -2.119540e-03 -2.222385e-04 9.999977e-01 6.262542e-01
9.999887e-01 -5.214678e-04 -4.718810e-03 -1.456759e+00 5.200364e-04 9.999998e-01 -3.045884e-04 1.491150e-02 4.718968e-03 3.021317e-04 9.999888e-01 1.733718e+00
9.999985e-01 6.038779e-04 1.645804e-03 -1.554599e+00 -6.043791e-04 9.999998e-01 3.040199e-04 4.964846e-03 -1.645620e-03 -3.050148e-04 9.999986e-01 2.454725e+00
9.999879e-01 -5.168333e-04 -4.882229e-03 -1.630409e+00 5.151514e-04 9.999998e-01 -3.457562e-04 -4.988731e-03 4.882407e-03 3.432376e-04 9.999880e-01 3.237636e+00
9.999956e-01 5.521758e-04 2.905257e-03 -6.345180e-01 -5.537056e-04 9.999997e-01 5.257454e-04 -2.179286e-02 -2.904966e-03 -5.273525e-04 9.999956e-01 3.695150e+00
9.999852e-01 -5.663664e-04 -5.416834e-03 2.283494e-01 5.641730e-04 9.999998e-01 -4.064664e-04 -2.693902e-02 5.417063e-03 4.034050e-04 9.999852e-01 4.150673e+00
9.999959e-01 6.270446e-04 2.779248e-03 3.276434e-01 -6.281789e-04 9.999997e-01 4.072493e-04 -4.729553e-02 -2.778992e-03 -4.089942e-04 9.999961e-01 4.854173e+00
9.999860e-01 -5.876197e-04 -5.250005e-03 5.559860e-01 5.854823e-04 9.999997e-01 -4.086763e-04 -7.371937e-02 5.250244e-03 4.055975e-04 9.999861e-01 5.600549e+00
9.999959e-01 6.387756e-04 2.773604e-03 8.076537e-01 -6.405079e-04 9.999996e-01 6.236865e-04 -8.012774e-02 -2.773205e-03 -6.254612e-04 9.999960e-01 5.305328e+00
9.999875e-01 -6.824438e-04 -4.955251e-03 1.636099e+00 6.802939e-04 9.999997e-01 -4.355514e-04 -9.368276e-02 4.955547e-03 4.321757e-04 9.999876e-01 5.483577e+00
9.999962e-01 7.181117e-04 2.677171e-03 1.860136e+00 -7.192427e-04 9.999997e-01 4.214867e-04 -1.231953e-01 -2.676868e-03 -4.234114e-04 9.999963e-01 6.317382e+00
9.999840e-01 -6.305113e-04 -5.622999e-03 2.122775e+00 6.290721e-04 9.999998e-01 -2.577199e-04 -1.271398e-01 5.623160e-03 2.541792e-04 9.999842e-01 6.243151e+00
9.999953e-01 5.849193e-04 3.018264e-03 2.771776e+00 -5.863790e-04 9.999997e-01 4.827583e-04 -1.287632e-01 -3.017982e-03 -4.845266e-04 9.999953e-01 6.035707e+00
9.999866e-01 -5.604952e-04 -5.155363e-03 3.345702e+00 5.586078e-04 9.999998e-01 -3.675438e-04 -1.553851e-01 5.155568e-03 3.646598e-04 9.999866e-01 6.558348e+00
9.999979e-01 6.305953e-04 1.956234e-03 3.552511e+00 -6.314359e-04 9.999997e-01 4.290633e-04 -1.506765e-01 -1.955963e-03 -4.302983e-04 9.999980e-01 7.311389e+00
9.999826e-01 -2.868333e-04 -5.888008e-03 2.025336e+00 2.841373e-04 9.999999e-01 -4.587222e-04 -4.349206e-02 5.888139e-03 4.570419e-04 9.999826e-01 8.762887e+00
9.999973e-01 3.540974e-04 2.288639e-03 1.913491e+00 -3.551679e-04 9.999998e-01 4.673094e-04 -4.023700e-02 -2.288473e-03 -4.681217e-04 9.999973e-01 9.496984e+00
9.999876e-01 -3.525740e-04 -4.962343e-03 2.554407e+00 3.513618e-04 9.999999e-01 -2.451611e-04 -5.457374e-02 4.962429e-03 2.434152e-04 9.999877e-01 9.695648e+00
9.999992e-01 3.353970e-04 1.230108e-03 2.825081e+00 -3.358686e-04 9.999999e-01 3.831590e-04 -2.052892e-02 -1.229979e-03 -3.835725e-04 9.999992e-01 9.884606e+00
9.999937e-01 -3.458190e-04 -3.536606e-03 3.207194e+00 3.454138e-04 9.999999e-01 -1.152277e-04 -2.551317e-02 3.536646e-03 1.140061e-04 9.999937e-01 9.487952e+00
9.999995e-01 3.455789e-04 8.844820e-04 3.651593e+00 -3.459696e-04 9.999998e-01 4.414405e-04 -2.030765e-02 -8.843297e-04 -4.417470e-04 9.999995e-01 8.839241e+00
9.999946e-01 -2.706638e-04 -3.266864e-03 3.624661e+00 2.700890e-04 9.999999e-01 -1.764180e-04 -1.704239e-02 3.266912e-03 1.755354e-04 9.999946e-01 8.566885e+00
9.999994e-01 4.218389e-04 1.055914e-03 3.248137e+00 -4.223073e-04 9.999998e-01 4.433375e-04 1.785731e-03 -1.055727e-03 -4.437838e-04 9.999993e-01 8.375540e+00
9.999929e-01 -4.298200e-04 -3.740353e-03 3.700975e+00 4.294056e-04 9.999999e-01 -1.116189e-04 1.036139e-02 3.740401e-03 1.100127e-04 9.999930e-01 7.599203e+00
9.999994e-01 3.545366e-04 1.005703e-03 4.491863e+00 -3.550335e-04 9.999998e-01 4.938744e-04 2.242247e-02 -1.005528e-03 -4.942319e-04 9.999994e-01 6.780422e+00
9.999934e-01 -3.400741e-04 -3.623946e-03 4.806733e+00 3.393477e-04 9.999999e-01 -2.010919e-04 2.003431e-02 3.624014e-03 1.998615e-04 9.999934e-01 6.317467e+00
9.999997e-01 3.374187e-04 7.209649e-04 5.115112e+00 -3.376834e-04 9.999999e-01 3.669096e-04 7.404268e-03 -7.208413e-04 -3.671536e-04 9.999997e-01 6.480956e+00
9.999928e-01 -3.155508e-04 -3.774751e-03 5.350290e+00 3.144620e-04 9.999999e-01 -2.890696e-04 -3.095146e-03 3.774842e-03 2.878812e-04 9.999928e-01 7.020384e+00
9.999994e-01 3.714024e-04 1.069416e-03 5.310040e+00 -3.719515e-04 9.999998e-01 5.131817e-04 1.079775e-05 -1.069225e-03 -5.135799e-04 9.999993e-01 7.029262e+00
9.999972e-01 -7.589569e-05 -2.346760e-03 4.442703e+00 7.544530e-05 1.000000e+00 -1.920573e-04 2.984478e-02 2.346774e-03 1.918804e-04 9.999972e-01 6.720059e+00
9.999999e-01 2.646581e-04 -2.411811e-04 3.966787e+00 -2.645725e-04 9.999999e-01 3.552213e-04 4.638118e-02 2.412748e-04 -3.551582e-04 9.999999e-01 6.714588e+00
9.999967e-01 -2.883887e-04 -2.563032e-03 4.502751e+00 2.879511e-04 9.999999e-01 -1.711594e-04 3.810680e-02 2.563082e-03 1.704215e-04 9.999967e-01 6.763933e+00
9.999996e-01 3.402760e-04 -8.113984e-04 4.598977e+00 -3.400176e-04 9.999999e-01 3.186963e-04 4.223582e-02 8.115064e-04 -3.184210e-04 9.999996e-01 7.258866e+00
9.999963e-01 -3.083960e-04 -2.697609e-03 5.155382e+00 3.083305e-04 1.000000e+00 -2.470987e-05 6.842040e-02 2.697617e-03 2.387872e-05 9.999964e-01 7.371030e+00
9.999999e-01 1.737994e-04 -3.613164e-04 6.340074e+00 -1.736594e-04 9.999999e-01 3.879116e-04 8.455142e-02 3.613834e-04 -3.878495e-04 9.999999e-01 6.873809e+00
9.999938e-01 -2.588294e-04 -3.500108e-03 7.733993e+00 2.584291e-04 1.000000e+00 -1.148461e-04 1.861988e-01 3.500138e-03 1.139415e-04 9.999939e-01 6.615431e+00
9.999998e-01 7.953705e-05 5.532245e-04 9.736301e+00 -7.984225e-05 9.999998e-01 5.514542e-04 2.290761e-01 -5.531809e-04 -5.514990e-04 9.999997e-01 5.829045e+00
9.999957e-01 -2.046382e-04 -2.942392e-03 1.121210e+01 2.041425e-04 1.000000e+00 -1.688176e-04 2.380080e-01 2.942427e-03 1.682169e-04 9.999957e-01 5.343997e+00
9.999998e-01 2.214660e-05 6.903727e-04 1.256536e+01 -2.256738e-05 9.999998e-01 6.093144e-04 2.473673e-01 -6.903594e-04 -6.093305e-04 9.999996e-01 4.700109e+00
9.999962e-01 1.468735e-05 -2.741660e-03 1.295931e+01 -1.549516e-05 1.000000e+00 -2.946657e-04 2.482531e-01 2.741656e-03 2.947077e-04 9.999962e-01 4.004234e+00
9.999998e-01 -3.327704e-05 6.533837e-04 1.353866e+01 3.288272e-05 9.999998e-01 6.033100e-04 2.423430e-01 -6.534040e-04 -6.032891e-04 9.999996e-01 3.762148e+00
9.999963e-01 -1.369493e-05 -2.738482e-03 1.419755e+01 1.262001e-05 9.999999e-01 -3.925840e-04 2.198264e-01 2.738488e-03 3.925486e-04 9.999962e-01 4.033462e+00
9.999999e-01 -6.894851e-05 4.898589e-04 1.501565e+01 6.862554e-05 9.999998e-01 6.590457e-04 2.082143e-01 -4.899046e-04 -6.590127e-04 9.999997e-01 3.958595e+00
9.999963e-01 5.425104e-05 -2.718744e-03 1.545761e+01 -5.525632e-05 9.999999e-01 -3.697343e-04 2.033604e-01 2.718724e-03 3.698839e-04 9.999962e-01 3.603423e+00
9.999997e-01 3.985216e-05 7.392583e-04 1.553207e+01 -4.035214e-05 9.999998e-01 6.761597e-04 2.059999e-01 -7.392316e-04 -6.761900e-04 9.999995e-01 3.015055e+00
9.999967e-01 8.277163e-05 -2.573385e-03 1.552618e+01 -8.375822e-05 9.999999e-01 -3.833290e-04 2.066614e-01 2.573354e-03 3.835439e-04 9.999966e-01 2.492930e+00
9.999998e-01 -2.171753e-05 6.560717e-04 1.571961e+01 2.130122e-05 9.999998e-01 6.343580e-04 2.015761e-01 -6.560856e-04 -6.343446e-04 9.999996e-01 2.306683e+00
9.999954e-01 -1.198541e-05 -3.041502e-03 1.638631e+01 1.071372e-05 9.999999e-01 -4.181677e-04 1.915383e-01 3.041507e-03 4.181339e-04 9.999953e-01 2.333943e+00
9.999998e-01 -6.688182e-05 5.547980e-04 1.725398e+01 6.647793e-05 9.999997e-01 7.277617e-04 1.881291e-01 -5.548468e-04 -7.277254e-04 9.999996e-01 2.078701e+00
9.999944e-01 -2.691732e-05 -3.359458e-03 1.829036e+01 2.563021e-05 9.999999e-01 -3.832114e-04 1.929646e-01 3.359469e-03 3.831239e-04 9.999943e-01 1.645246e+00
9.999994e-01 -9.860614e-05 1.126167e-03 1.940377e+01 9.775374e-05 9.999997e-01 7.568163e-04 1.913481e-01 -1.126241e-03 -7.567065e-04 9.999991e-01 1.385789e+00
9.999953e-01 2.461272e-05 -3.062691e-03 2.028637e+01 -2.623135e-05 9.999999e-01 -5.285034e-04 1.657223e-01 3.062678e-03 5.285820e-04 9.999952e-01 1.769253e+00
9.999993e-01 -1.002585e-04 1.179438e-03 2.121321e+01 9.930851e-05 9.999997e-01 8.054089e-04 1.414274e-01 -1.179518e-03 -8.052919e-04 9.999990e-01 2.076553e+00
9.999946e-01 4.029115e-05 -3.288893e-03 2.205958e+01 -4.214096e-05 9.999998e-01 -5.624130e-04 1.190560e-01 3.288870e-03 5.625493e-04 9.999944e-01 2.396420e+00
9.999997e-01 -7.501503e-05 7.489821e-04 2.264851e+01 7.443923e-05 9.999997e-01 7.686019e-04 1.050793e-01 -7.490399e-04 -7.685466e-04 9.999994e-01 2.751419e+00
9.999963e-01 1.179129e-05 -2.711259e-03 2.354603e+01 -1.323055e-05 9.999999e-01 -5.308790e-04 8.039984e-02 2.711252e-03 5.309136e-04 9.999962e-01 3.226613e+00
9.999996e-01 -8.148896e-05 8.880182e-04 2.442526e+01 8.077548e-05 9.999997e-01 8.032983e-04 5.431209e-02 -8.880837e-04 -8.032269e-04 9.999993e-01 3.502117e+00
9.999963e-01 5.443782e-06 -2.711336e-03 2.540061e+01 -6.807447e-06 9.999999e-01 -5.029903e-04 3.220369e-02 2.711333e-03 5.030076e-04 9.999962e-01 3.727183e+00
9.999990e-01 -8.562542e-05 1.384314e-03 2.641756e+01 8.457346e-05 9.999997e-01 7.598607e-04 -3.441053e-03 -1.384379e-03 -7.597436e-04 9.999988e-01 4.207014e+00
9.999975e-01 -3.577260e-05 -2.248391e-03 2.758864e+01 3.483038e-05 9.999999e-01 -4.191635e-04 -3.792062e-02 2.248406e-03 4.190849e-04 9.999974e-01 4.603366e+00
9.999999e-01 -5.149400e-05 4.466401e-04 2.862031e+01 5.116381e-05 9.999997e-01 7.389478e-04 -5.775341e-02 -4.466783e-04 -7.389256e-04 9.999996e-01 4.709966e+00
9.999969e-01 5.553346e-05 -2.488890e-03 2.909173e+01 -5.683418e-05 9.999999e-01 -5.225990e-04 -7.490848e-02 2.488861e-03 5.227396e-04 9.999968e-01 4.724684e+00
9.999998e-01 -5.407463e-05 5.492234e-04 2.956957e+01 5.365764e-05 9.999997e-01 7.589652e-04 -9.108827e-02 -5.492646e-04 -7.589363e-04 9.999996e-01 4.686619e+00
9.999967e-01 8.234709e-05 -2.552608e-03 2.995122e+01 -8.387039e-05 9.999998e-01 -5.967142e-04 -1.098921e-01 2.552559e-03 5.969271e-04 9.999966e-01 4.917920e+00
9.999999e-01 -1.124433e-04 5.000618e-04 3.059844e+01 1.120477e-04 9.999997e-01 7.907296e-04 -1.305109e-01 -5.001509e-04 -7.906741e-04 9.999996e-01 5.162013e+00
9.999962e-01 6.510426e-05 -2.740621e-03 3.122147e+01 -6.674945e-05 9.999998e-01 -6.002630e-04 -1.482429e-01 2.740582e-03 6.004444e-04 9.999961e-01 5.363964e+00
9.999997e-01 -4.648142e-06 7.924612e-04 3.136928e+01 4.020290e-06 9.999997e-01 7.921023e-04 -1.575345e-01 -7.924650e-04 -7.920996e-04 9.999994e-01 5.449689e+00
9.999961e-01 3.447861e-05 -2.775472e-03 3.151400e+01 -3.638675e-05 9.999998e-01 -6.875008e-04 -1.721876e-01 2.775448e-03 6.875998e-04 9.999959e-01 5.965475e+00
9.999998e-01 -3.652665e-05 6.624067e-04 3.166370e+01 3.600610e-05 9.999997e-01 7.856246e-04 -1.882550e-01 -6.624355e-04 -7.856013e-04 9.999995e-01 6.545135e+00
9.999963e-01 1.610853e-04 -2.732712e-03 3.145542e+01 -1.626743e-04 9.999998e-01 -5.813210e-04 -1.897065e-01 2.732618e-03 5.817641e-04 9.999961e-01 6.632480e+00
9.999997e-01 -1.155231e-04 7.135013e-04 3.170231e+01 1.149122e-04 9.999996e-01 8.559390e-04 -1.962911e-01 -7.136002e-04 -8.558575e-04 9.999994e-01 6.324045e+00
9.999963e-01 1.709507e-04 -2.723019e-03 3.180407e+01 -1.726876e-04 9.999998e-01 -6.377114e-04 -2.063899e-01 2.722909e-03 6.381800e-04 9.999961e-01 6.368345e+00
9.999997e-01 -8.407693e-05 8.210167e-04 3.159970e+01 8.340205e-05 9.999997e-01 8.218243e-04 -2.104236e-01 -8.210859e-04 -8.217562e-04 9.999993e-01 6.561907e+00
9.999955e-01 1.835148e-04 -2.989335e-03 3.134349e+01 -1.855178e-04 9.999998e-01 -6.698438e-04 -2.119650e-01 2.989211e-03 6.703961e-04 9.999953e-01 6.827916e+00
9.999997e-01 -1.462592e-04 7.888255e-04 3.140994e+01 1.456477e-04 9.999997e-01 7.751037e-04 -2.252265e-01 -7.889389e-04 -7.749893e-04 9.999994e-01 7.231662e+00
9.999971e-01 1.030289e-04 -2.415426e-03 3.197316e+01 -1.045169e-04 9.999998e-01 -6.159964e-04 -2.591101e-01 2.415362e-03 6.162478e-04 9.999969e-01 7.764084e+00
9.999993e-01 -1.872633e-04 1.182735e-03 3.296529e+01 1.862047e-04 9.999996e-01 8.949292e-04 -2.947174e-01 -1.182902e-03 -8.947091e-04 9.999989e-01 8.194597e+00
9.999959e-01 1.239881e-04 -2.862439e-03 3.379914e+01 -1.258500e-04 9.999998e-01 -6.503587e-04 -3.266214e-01 2.862358e-03 6.507170e-04 9.999957e-01 8.602402e+00
9.999998e-01 -1.502744e-04 5.925273e-04 3.439900e+01 1.497722e-04 9.999996e-01 8.471890e-04 -3.517421e-01 -5.926547e-04 -8.471008e-04 9.999995e-01 8.955456e+00
9.999957e-01 1.236894e-04 -2.943823e-03 3.510918e+01 -1.255209e-04 9.999998e-01 -6.220283e-04 -3.729776e-01 2.943745e-03 6.223958e-04 9.999955e-01 9.222377e+00
9.999997e-01 -1.736349e-04 7.165814e-04 3.584647e+01 1.730059e-04 9.999996e-01 8.774452e-04 -3.919387e-01 -7.167338e-04 -8.773217e-04 9.999994e-01 9.339344e+00
9.999961e-01 1.279948e-04 -2.779256e-03 3.664560e+01 -1.296810e-04 9.999998e-01 -6.066013e-04 -4.120200e-01 2.779178e-03 6.069601e-04 9.999960e-01 9.458168e+00
9.999998e-01 -1.812923e-04 5.709798e-04 3.755753e+01 1.807967e-04 9.999996e-01 8.676318e-04 -4.276507e-01 -5.711372e-04 -8.675291e-04 9.999995e-01 9.513891e+00
9.999952e-01 2.203277e-04 -3.085975e-03 3.827454e+01 -2.225514e-04 9.999997e-01 -7.203184e-04 -4.353831e-01 3.085816e-03 7.210024e-04 9.999950e-01 9.952437e+00
1.000000e+00 -2.348397e-04 -1.741018e-04 3.889175e+01 2.349887e-04 9.999996e-01 8.568033e-04 -4.232751e-01 1.739002e-04 -8.568449e-04 9.999996e-01 1.036388e+01
9.999987e-01 2.100250e-04 -1.599304e-03 3.967479e+01 -2.111187e-04 9.999997e-01 -6.838286e-04 -4.535126e-01 1.599160e-03 6.841661e-04 9.999985e-01 1.092594e+01
9.999999e-01 -2.896841e-04 -1.279621e-04 4.078747e+01 2.898120e-04 9.999995e-01 1.001331e-03 -4.756059e-01 1.276716e-04 -1.001369e-03 9.999995e-01 1.111098e+01
9.999978e-01 2.313025e-04 -2.102968e-03 4.151706e+01 -2.330148e-04 9.999996e-01 -8.140527e-04 -4.966556e-01 2.102780e-03 8.145416e-04 9.999975e-01 1.131393e+01
9.999999e-01 -3.158528e-04 1.545837e-05 4.279081e+01 3.158342e-04 9.999993e-01 1.178746e-03 -5.041537e-01 -1.583098e-05 -1.178742e-03 9.999993e-01 1.122211e+01
9.999956e-01 2.041636e-04 -2.951446e-03 4.371795e+01 -2.067172e-04 9.999996e-01 -8.649698e-04 -4.862921e-01 2.951269e-03 8.655768e-04 9.999953e-01 1.102121e+01
9.999993e-01 -3.200150e-04 1.152769e-03 4.589838e+01 3.182919e-04 9.999988e-01 1.494474e-03 -4.704715e-01 -1.153246e-03 -1.494107e-03 9.999982e-01 1.025789e+01
9.999982e-01 2.400836e-07 -1.919302e-03 5.018182e+01 -9.702913e-07 9.999999e-01 -3.805357e-04 -4.114652e-01 1.919302e-03 3.805375e-04 9.999981e-01 8.359849e+00
1.000000e+00 -2.679066e-04 -1.497715e-05 5.272988e+01 2.679234e-04 9.999993e-01 1.146140e-03 -3.778160e-01 1.466977e-05 -1.146144e-03 9.999993e-01 7.036682e+00
9.999986e-01 4.655862e-04 -1.593232e-03 5.260245e+01 -4.667999e-04 9.999996e-01 -7.615885e-04 -3.678624e-01 1.592877e-03 7.623319e-04 9.999984e-01 6.296022e+00
9.999997e-01 -4.988276e-04 -6.067199e-04 5.355229e+01 4.996455e-04 9.999990e-01 1.348838e-03 -3.386463e-01 6.060461e-04 -1.349141e-03 9.999989e-01 4.880101e+00
9.999977e-01 3.973649e-04 -2.122588e-03 5.429693e+01 -3.994956e-04 9.999994e-01 -1.003581e-03 -3.310407e-01 2.122188e-03 1.004427e-03 9.999972e-01 4.269871e+00
9.999996e-01 -5.645199e-04 -6.704298e-04 5.524006e+01 5.654387e-04 9.999989e-01 1.371177e-03 -3.245086e-01 6.696547e-04 -1.371556e-03 9.999988e-01 3.716157e+00
9.999994e-01 7.921318e-04 -8.117024e-04 5.495743e+01 -7.929516e-04 9.999992e-01 -1.010454e-03 -3.095813e-01 8.109016e-04 1.011098e-03 9.999992e-01 2.813204e+00
9.999994e-01 -5.917509e-04 -9.482231e-04 5.475058e+01 5.929341e-04 9.999990e-01 1.248182e-03 -3.113607e-01 9.474833e-04 -1.248745e-03 9.999988e-01 2.498988e+00
9.999996e-01 7.010845e-04 -5.046652e-04 5.491074e+01 -7.015994e-04 9.999992e-01 -1.021146e-03 -3.244141e-01 5.039492e-04 1.021501e-03 9.999994e-01 2.369844e+00
9.999986e-01 -6.738074e-04 -1.499623e-03 5.530802e+01 6.754760e-04 9.999992e-01 1.112599e-03 -3.465791e-01 1.498871e-03 -1.113611e-03 9.999983e-01 3.003176e+00
9.999995e-01 7.707431e-04 -6.139799e-04 5.528388e+01 -7.712724e-04 9.999993e-01 -8.625032e-04 -3.484937e-01 6.133151e-04 8.629770e-04 9.999994e-01 2.973609e+00
9.999987e-01 -6.399118e-04 -1.487426e-03 5.516451e+01 6.416142e-04 9.999991e-01 1.144493e-03 -3.458532e-01 1.486693e-03 -1.145447e-03 9.999982e-01 2.857567e+00
9.999995e-01 7.708691e-04 -5.803743e-04 5.476149e+01 -7.714097e-04 9.999993e-01 -9.320188e-04 -3.352265e-01 5.796557e-04 9.324668e-04 9.999994e-01 3.169472e+00
9.999977e-01 -7.512055e-04 -2.011598e-03 5.495644e+01 7.536460e-04 9.999990e-01 1.212812e-03 -3.368566e-01 2.010685e-03 -1.214326e-03 9.999972e-01 3.234918e+00
9.999997e-01 7.465563e-04 -3.171278e-04 5.578346e+01 -7.468641e-04 9.999992e-01 -9.720688e-04 -3.556852e-01 3.164022e-04 9.723061e-04 9.999995e-01 3.630803e+00
9.999968e-01 -7.777351e-04 -2.402371e-03 5.629803e+01 7.806768e-04 9.999989e-01 1.223886e-03 -3.596121e-01 2.401416e-03 -1.225758e-03 9.999964e-01 3.809539e+00
9.999996e-01 9.061809e-04 -2.445318e-04 5.602043e+01 -9.064218e-04 9.999991e-01 -9.872541e-04 -3.559290e-01 2.436373e-04 9.874760e-04 9.999995e-01 3.808657e+00
9.999962e-01 -8.212124e-04 -2.641796e-03 5.573349e+01 8.241316e-04 9.999991e-01 1.104140e-03 -3.519035e-01 2.640887e-03 -1.106314e-03 9.999959e-01 4.121117e+00
9.999996e-01 8.604909e-04 -2.045307e-06 5.588254e+01 -8.604925e-04 9.999990e-01 -1.084244e-03 -3.769532e-01 1.112635e-06 1.084246e-03 9.999994e-01 4.859043e+00
9.999972e-01 -7.901068e-04 -2.231353e-03 5.610576e+01 7.924661e-04 9.999991e-01 1.056733e-03 -4.111855e-01 2.230515e-03 -1.058499e-03 9.999970e-01 5.937213e+00
9.999996e-01 8.313224e-04 1.745124e-04 5.640905e+01 -8.311398e-04 9.999991e-01 -1.042975e-03 -4.476915e-01 -1.753790e-04 1.042830e-03 9.999994e-01 6.935348e+00
9.999975e-01 -8.789562e-04 -2.075227e-03 5.713706e+01 8.815754e-04 9.999988e-01 1.261653e-03 -4.766311e-01 2.074116e-03 -1.263480e-03 9.999971e-01 7.313140e+00
9.999995e-01 8.718537e-04 -5.088735e-04 5.753604e+01 -8.724146e-04 9.999990e-01 -1.103501e-03 -4.970431e-01 5.079112e-04 1.103945e-03 9.999993e-01 7.549619e+00
9.999976e-01 -8.062845e-04 -2.024929e-03 5.761290e+01 8.084811e-04 9.999991e-01 1.084265e-03 -5.231028e-01 2.024052e-03 -1.085900e-03 9.999974e-01 8.431145e+00
9.999996e-01 7.961158e-04 -3.853259e-04 5.787859e+01 -7.964827e-04 9.999992e-01 -9.534058e-04 -5.498259e-01 3.845669e-04 9.537130e-04 9.999995e-01 8.924014e+00
9.999967e-01 -8.843706e-04 -2.409445e-03 5.875199e+01 8.875596e-04 9.999987e-01 1.322845e-03 -5.482707e-01 2.408272e-03 -1.324980e-03 9.999962e-01 8.524891e+00
9.999996e-01 8.731620e-04 -3.548016e-05 5.914117e+01 -8.732046e-04 9.999989e-01 -1.223780e-03 -5.740219e-01 3.441187e-05 1.223812e-03 9.999993e-01 8.966351e+00
9.999961e-01 -7.588983e-04 -2.685094e-03 5.905515e+01 7.619967e-04 9.999990e-01 1.153168e-03 -5.885193e-01 2.684216e-03 -1.155210e-03 9.999957e-01 1.009090e+01
9.999996e-01 8.643250e-04 -1.050721e-04 5.889911e+01 -8.644510e-04 9.999989e-01 -1.206347e-03 -5.957547e-01 1.040296e-04 1.206438e-03 9.999993e-01 1.112546e+01
9.999961e-01 -7.385065e-04 -2.704121e-03 5.870462e+01 7.415149e-04 9.999991e-01 1.111786e-03 -6.012857e-01 2.703298e-03 -1.113787e-03 9.999957e-01 1.233771e+01
9.999996e-01 8.491777e-04 -1.606564e-04 5.846946e+01 -8.493648e-04 9.999990e-01 -1.169172e-03 -6.014010e-01 1.596637e-04 1.169309e-03 9.999993e-01 1.340041e+01
9.999953e-01 -7.682190e-04 -2.976399e-03 5.854246e+01 7.716400e-04 9.999990e-01 1.148488e-03 -6.182353e-01 2.975514e-03 -1.150780e-03 9.999949e-01 1.434643e+01
9.999996e-01 8.698929e-04 1.395808e-05 5.907034e+01 -8.698774e-04 9.999991e-01 -1.062883e-03 -6.341912e-01 -1.488235e-05 1.062871e-03 9.999994e-01 1.504661e+01
9.999958e-01 -8.670770e-04 -2.764038e-03 5.993366e+01 8.708876e-04 9.999987e-01 1.377786e-03 -6.232251e-01 2.762840e-03 -1.380188e-03 9.999952e-01 1.441642e+01
9.999997e-01 6.786801e-04 2.956072e-04 6.208944e+01 -6.784633e-04 9.999995e-01 -7.323187e-04 -5.680625e-01 -2.961037e-04 7.321186e-04 9.999997e-01 1.251530e+01
9.999962e-01 -8.940206e-04 -2.595772e-03 6.455203e+01 8.979318e-04 9.999985e-01 1.506034e-03 -4.975767e-01 2.594421e-03 -1.508359e-03 9.999955e-01 1.018458e+01
9.999997e-01 7.585877e-04 1.655084e-04 6.631061e+01 -7.584250e-04 9.999992e-01 -9.797572e-04 -4.662759e-01 -1.662512e-04 9.796321e-04 9.999995e-01 8.914598e+00
9.999948e-01 -7.730610e-04 -3.121185e-03 6.709783e+01 7.767954e-04 9.999990e-01 1.195484e-03 -4.660552e-01 3.120258e-03 -1.197903e-03 9.999944e-01 8.659171e+00
9.999991e-01 7.408898e-04 1.118424e-03 6.859543e+01 -7.399748e-04 9.999994e-01 -8.181776e-04 -4.743750e-01 -1.119029e-03 8.173500e-04 9.999990e-01 8.663477e+00
9.999952e-01 -7.474331e-04 -2.993082e-03 7.014387e+01 7.508951e-04 9.999991e-01 1.155781e-03 -4.871239e-01 2.992215e-03 -1.158024e-03 9.999949e-01 8.791312e+00
9.999995e-01 9.088694e-04 4.771955e-04 6.996829e+01 -9.084299e-04 9.999992e-01 -9.200177e-04 -4.813553e-01 -4.780310e-04 9.195844e-04 9.999995e-01 8.776234e+00
9.999956e-01 -7.622462e-04 -2.861015e-03 6.998965e+01 7.655223e-04 9.999991e-01 1.144202e-03 -4.811114e-01 2.860140e-03 -1.146388e-03 9.999953e-01 8.798007e+00
9.999987e-01 7.229330e-04 1.440810e-03 7.110731e+01 -7.216248e-04 9.999993e-01 -9.081973e-04 -5.158424e-01 -1.441465e-03 9.071571e-04 9.999985e-01 9.410771e+00
9.999949e-01 -6.721986e-04 -3.131274e-03 7.168041e+01 6.750461e-04 9.999994e-01 9.084784e-04 -5.581643e-01 3.130661e-03 -9.105882e-04 9.999947e-01 1.050816e+01
9.999993e-01 7.197259e-04 9.061233e-04 7.208157e+01 -7.189469e-04 9.999994e-01 -8.595938e-04 -5.909844e-01 -9.067411e-04 8.589425e-04 9.999992e-01 1.153623e+01
9.999964e-01 -7.095950e-04 -2.603863e-03 7.295543e+01 7.121932e-04 9.999992e-01 9.970748e-04 -6.281102e-01 2.603153e-03 -9.989263e-04 9.999961e-01 1.234747e+01
9.999996e-01 7.664896e-04 5.410397e-04 7.342090e+01 -7.659664e-04 9.999992e-01 -9.663017e-04 -6.662752e-01 -5.417796e-04 9.658876e-04 9.999994e-01 1.321517e+01
9.999949e-01 -6.413247e-04 -3.114871e-03 7.348144e+01 6.441589e-04 9.999994e-01 9.090322e-04 -6.814640e-01 3.114286e-03 -9.110348e-04 9.999947e-01 1.448320e+01
9.999984e-01 7.142254e-04 1.637530e-03 7.476211e+01 -7.129574e-04 9.999994e-01 -7.746600e-04 -7.128990e-01 -1.638082e-03 7.734920e-04 9.999984e-01 1.558906e+01
9.999943e-01 -6.928964e-04 -3.319382e-03 7.598248e+01 6.961698e-04 9.999993e-01 9.851584e-04 -7.412401e-01 3.318697e-03 -9.874642e-04 9.999940e-01 1.623135e+01
9.999981e-01 7.297275e-04 1.790057e-03 7.689103e+01 -7.279551e-04 9.999992e-01 -9.905077e-04 -7.830351e-01 -1.790778e-03 9.892034e-04 9.999979e-01 1.741782e+01
9.999909e-01 -6.149629e-04 -4.213138e-03 7.694860e+01 6.186224e-04 9.999994e-01 8.673990e-04 -8.092910e-01 4.212601e-03 -8.699982e-04 9.999907e-01 1.872626e+01
9.999976e-01 7.196956e-04 2.055037e-03 7.710687e+01 -7.176768e-04 9.999993e-01 -9.828348e-04 -8.440032e-01 -2.055742e-03 9.813584e-04 9.999974e-01 2.004675e+01
9.999901e-01 -6.387836e-04 -4.403887e-03 7.726111e+01 6.428248e-04 9.999994e-01 9.163394e-04 -8.735787e-01 4.403298e-03 -9.191620e-04 9.999899e-01 2.119432e+01
9.999972e-01 7.046429e-04 2.261747e-03 7.753525e+01 -7.024948e-04 9.999993e-01 -9.503340e-04 -9.083091e-01 -2.262415e-03 9.487432e-04 9.999970e-01 2.239184e+01
9.999878e-01 -6.008064e-04 -4.906946e-03 7.755999e+01 6.050199e-04 9.999994e-01 8.572932e-04 -9.293948e-01 4.906427e-03 -8.602522e-04 9.999876e-01 2.354066e+01
9.999977e-01 6.586964e-04 2.046455e-03 7.757263e+01 -6.569368e-04 9.999994e-01 -8.602552e-04 -9.444115e-01 -2.047021e-03 8.589095e-04 9.999975e-01 2.428214e+01
9.999882e-01 -6.040686e-04 -4.828671e-03 7.786586e+01 6.083199e-04 9.999994e-01 8.790525e-04 -9.673892e-01 4.828137e-03 -8.819802e-04 9.999880e-01 2.506669e+01
9.999970e-01 5.985701e-04 2.387383e-03 7.851742e+01 -5.969072e-04 9.999996e-01 -6.970682e-04 -9.881868e-01 -2.387799e-03 6.956417e-04 9.999969e-01 2.537675e+01
9.999875e-01 -6.338553e-04 -4.953507e-03 7.924500e+01 6.384647e-04 9.999994e-01 9.290472e-04 -1.003267e+00 4.952914e-03 -9.321990e-04 9.999873e-01 2.548095e+01
9.999963e-01 7.523332e-04 2.630002e-03 7.934413e+01 -7.507493e-04 9.999995e-01 -6.030718e-04 -9.945772e-01 -2.630454e-03 6.010958e-04 9.999964e-01 2.460686e+01
9.999905e-01 -6.727847e-04 -4.311798e-03 7.963747e+01 6.771946e-04 9.999992e-01 1.021432e-03 -9.711799e-01 4.311107e-03 -1.024343e-03 9.999902e-01 2.301241e+01
9.999956e-01 8.645481e-04 2.822097e-03 7.944268e+01 -8.627620e-04 9.999994e-01 -6.339721e-04 -9.610078e-01 -2.822644e-03 6.315352e-04 9.999958e-01 2.200587e+01
9.999898e-01 -6.851160e-04 -4.470777e-03 7.939470e+01 6.898121e-04 9.999992e-01 1.048996e-03 -9.485339e-01 4.470054e-03 -1.052070e-03 9.999895e-01 2.085287e+01
9.999914e-01 9.730133e-04 4.019206e-03 7.945696e+01 -9.713859e-04 9.999994e-01 -4.067909e-04 -9.048389e-01 -4.019600e-03 4.028839e-04 9.999918e-01 1.814136e+01
9.999876e-01 -6.671450e-04 -4.930024e-03 7.937838e+01 6.718409e-04 9.999993e-01 9.509656e-04 -8.796341e-01 4.929386e-03 -9.542667e-04 9.999874e-01 1.627214e+01
9.999930e-01 8.835524e-04 3.624360e-03 7.938910e+01 -8.818143e-04 9.999995e-01 -4.810525e-04 -8.566928e-01 -3.624783e-03 4.778538e-04 9.999933e-01 1.458859e+01
9.999878e-01 -7.078540e-04 -4.895181e-03 7.964866e+01 7.127908e-04 9.999992e-01 1.006883e-03 -8.227910e-01 4.894464e-03 -1.010361e-03 9.999875e-01 1.247951e+01
9.999975e-01 6.547886e-04 2.148979e-03 8.071041e+01 -6.534879e-04 9.999996e-01 -6.058183e-04 -8.212238e-01 -2.149374e-03 6.044131e-04 9.999975e-01 1.206726e+01
9.999879e-01 -6.337726e-04 -4.877453e-03 8.130568e+01 6.374897e-04 9.999995e-01 7.606246e-04 -8.402523e-01 4.876969e-03 -7.637254e-04 9.999878e-01 1.247141e+01
9.999962e-01 7.149707e-04 2.665617e-03 8.159216e+01 -7.139536e-04 9.999997e-01 -3.824263e-04 -8.241243e-01 -2.665890e-03 3.805224e-04 9.999964e-01 1.118584e+01
9.999904e-01 -5.717605e-04 -4.347185e-03 8.178026e+01 5.753470e-04 9.999995e-01 8.238539e-04 -8.041529e-01 4.346711e-03 -8.263478e-04 9.999902e-01 9.661667e+00
9.999988e-01 5.654085e-04 1.452313e-03 8.217125e+01 -5.645254e-04 9.999997e-01 -6.082653e-04 -8.180116e-01 -1.452656e-03 6.074454e-04 9.999988e-01 9.772090e+00
9.999915e-01 -5.458795e-04 -4.084443e-03 8.246628e+01 5.486656e-04 9.999996e-01 6.810974e-04 -8.435463e-01 4.084069e-03 -6.833333e-04 9.999914e-01 1.034757e+01
9.999992e-01 6.211706e-04 1.057752e-03 8.241925e+01 -6.204413e-04 9.999996e-01 -6.894167e-04 -8.565833e-01 -1.058179e-03 6.887606e-04 9.999992e-01 1.110020e+01
9.999920e-01 -6.235136e-04 -3.949291e-03 8.261838e+01 6.268090e-04 9.999995e-01 8.333007e-04 -8.713380e-01 3.948769e-03 -8.357701e-04 9.999919e-01 1.127877e+01
9.999987e-01 6.724092e-04 1.433508e-03 8.267709e+01 -6.715500e-04 9.999996e-01 -5.995912e-04 -8.769590e-01 -1.433910e-03 5.986285e-04 9.999988e-01 1.099365e+01
9.999900e-01 -6.112352e-04 -4.431523e-03 8.263251e+01 6.140333e-04 9.999996e-01 6.301171e-04 -8.901369e-01 4.431135e-03 -6.328326e-04 9.999900e-01 1.152686e+01
