9.999962e-01 4.721474e-05 -2.752638e-03 -1.901122e-01 -4.686685e-05 1.000000e+00 1.264555e-04 2.149643e-03 2.752643e-03 -1.263267e-04 9.999962e-01 3.037216e-01
1.000000e+00 -3.193572e-05 -6.009160e-05 -2.292804e-01 3.194015e-05 1.000000e+00 7.343858e-05 -1.060723e-03 6.008960e-05 -7.343979e-05 1.000000e+00 4.790664e-01
9.999960e-01 5.873079e-05 -2.816848e-03 -3.093296e-01 -5.841580e-05 1.000000e+00 1.119158e-04 -4.414702e-04 2.816854e-03 -1.117515e-04 9.999960e-01 6.189045e-01
1.000000e+00 -1.049497e-05 -1.535049e-04 -5.986691e-01 1.050083e-05 1.000000e+00 3.799956e-05 9.053337e-03 1.535048e-04 -3.800046e-05 1.000000e+00 1.069124e+00
9.999966e-01 2.210249e-04 -2.597091e-03 -1.488672e+00 -2.208288e-04 1.000000e+00 7.581326e-05 5.555662e-02 2.597108e-03 -7.524020e-05 9.999966e-01 1.639040e+00
1.000000e+00 5.263750e-05 1.271818e-04 -2.506594e+00 -5.264576e-05 1.000000e+00 6.514768e-05 1.041104e-01 -1.271780e-04 -6.515366e-05 1.000000e+00 2.119597e+00
9.999969e-01 1.949002e-04 -2.487956e-03 -3.351990e+00 -1.947416e-04 1.000000e+00 6.398746e-05 1.385715e-01 2.487968e-03 -6.350347e-05 9.999969e-01 2.510638e+00
1.000000e+00 -2.949793e-05 1.397493e-04 -3.874259e+00 2.948932e-05 1.000000e+00 6.182440e-05 1.521178e-01 -1.397508e-04 -6.181956e-05 1.000000e+00 2.779609e+00
9.999964e-01 3.167883e-05 -2.681031e-03 -3.663961e+00 -3.158824e-05 1.000000e+00 3.384314e-05 1.363291e-01 2.681031e-03 -3.375904e-05 9.999964e-01 3.140530e+00
1.000000e+00 2.656958e-06 1.395443e-04 -3.673982e+00 -2.664963e-06 1.000000e+00 5.760566e-05 1.212961e-01 -1.395438e-04 -5.760532e-05 1.000000e+00 3.704367e+00
9.999936e-01 8.356870e-05 -3.587564e-03 -4.043867e+00 -8.361528e-05 1.000000e+00 -1.282619e-05 1.390740e-01 3.587563e-03 1.312537e-05 9.999936e-01 4.313512e+00
9.999999e-01 -4.189098e-05 3.864974e-04 -4.097443e+00 4.188692e-05 1.000000e+00 1.060685e-05 1.338608e-01 -3.864975e-04 -1.058995e-05 9.999999e-01 5.034787e+00
9.999948e-01 1.164960e-04 -3.229580e-03 -4.377779e+00 -1.162522e-04 1.000000e+00 7.569791e-05 1.414766e-01 3.229589e-03 -7.532278e-05 9.999948e-01 5.703495e+00
1.000000e+00 -1.363608e-04 4.179136e-05 -4.216784e+00 1.363539e-04 1.000000e+00 1.650242e-04 1.407081e-01 -4.181353e-05 -1.650178e-04 1.000000e+00 6.012132e+00
9.999967e-01 4.533321e-05 -2.563389e-03 -3.265887e+00 -4.491981e-05 1.000000e+00 1.613439e-04 1.287351e-01 2.563396e-03 -1.612289e-04 9.999967e-01 6.075557e+00
9.999997e-01 9.418778e-06 -7.697941e-04 -2.911284e+00 -9.423325e-06 1.000000e+00 -5.954196e-06 1.223627e-01 7.697944e-04 5.962160e-06 9.999997e-01 6.901574e+00
9.999979e-01 8.369994e-06 -2.052615e-03 -2.526119e+00 -8.116260e-06 1.000000e+00 1.236426e-04 1.046040e-01 2.052615e-03 -1.236264e-04 9.999979e-01 7.736172e+00
1.000000e+00 5.643978e-06 9.133731e-05 -2.098178e+00 -5.642039e-06 1.000000e+00 -2.077494e-05 6.785954e-02 -9.133709e-05 2.077514e-05 1.000000e+00 8.590832e+00
9.999970e-01 3.028053e-06 -2.453733e-03 -1.800866e+00 -2.684142e-06 1.000000e+00 1.401783e-04 4.083269e-02 2.453733e-03 -1.401720e-04 9.999970e-01 9.289250e+00
1.000000e+00 -5.685368e-05 1.843548e-04 -1.170052e+00 5.683448e-05 1.000000e+00 1.043854e-04 1.748543e-02 -1.843604e-04 -1.043742e-04 1.000000e+00 9.670108e+00
9.999977e-01 8.410240e-06 -2.138376e-03 -3.989087e-01 -8.220360e-06 1.000000e+00 8.882482e-05 -1.257016e-02 2.138376e-03 -8.880775e-05 9.999977e-01 1.010756e+01
9.999998e-01 -6.296079e-05 5.630048e-04 3.864438e-01 6.290934e-05 1.000000e+00 9.147643e-05 -4.710306e-02 -5.630102e-04 -9.144029e-05 9.999998e-01 1.064595e+01
9.999966e-01 1.124433e-05 -2.614203e-03 1.064440e+00 -1.085316e-05 1.000000e+00 1.496623e-04 -6.885655e-02 2.614204e-03 -1.496341e-04 9.999966e-01 1.079849e+01
9.999999e-01 -6.350082e-05 4.167412e-04 1.744618e+00 6.346099e-05 1.000000e+00 9.569538e-05 -8.703432e-02 -4.167469e-04 -9.566822e-05 9.999999e-01 1.088462e+01
9.999962e-01 5.883607e-05 -2.742460e-03 2.287347e+00 -5.862907e-05 1.000000e+00 7.557782e-05 -1.100242e-01 2.742464e-03 -7.541746e-05 9.999962e-01 1.136786e+01
1.000000e+00 -8.973690e-05 1.828853e-04 2.752313e+00 8.971983e-05 1.000000e+00 9.362047e-05 -1.299263e-01 -1.828934e-04 -9.360335e-05 1.000000e+00 1.176219e+01
9.999962e-01 4.419852e-05 -2.741514e-03 3.239739e+00 -4.364513e-05 1.000000e+00 2.019308e-04 -1.315263e-01 2.741523e-03 -2.018111e-04 9.999962e-01 1.127065e+01
9.999999e-01 3.664209e-05 4.513574e-04 3.369959e+00 -3.667232e-05 1.000000e+00 6.707633e-05 -1.446786e-01 -4.513546e-04 -6.709217e-05 9.999999e-01 1.113136e+01
9.999944e-01 -2.263031e-05 -3.339721e-03 3.658828e+00 2.301866e-05 1.000000e+00 1.162597e-04 -1.603161e-01 3.339718e-03 -1.163367e-04 9.999944e-01 1.158793e+01
1.000000e+00 2.560924e-05 3.078197e-04 3.761213e+00 -2.563141e-05 1.000000e+00 7.218919e-05 -1.650297e-01 -3.078176e-04 -7.219636e-05 1.000000e+00 1.199381e+01
9.999949e-01 8.036246e-06 -3.187271e-03 3.550095e+00 -7.764496e-06 1.000000e+00 8.528953e-05 -1.565846e-01 3.187271e-03 -8.526506e-05 9.999949e-01 1.227075e+01
1.000000e+00 6.154654e-05 2.023401e-04 3.234925e+00 -6.155980e-05 1.000000e+00 6.578989e-05 -1.443974e-01 -2.023357e-04 -6.580163e-05 1.000000e+00 1.270401e+01
9.999947e-01 -4.813371e-05 -3.244465e-03 3.366670e+00 4.825067e-05 1.000000e+00 3.598768e-05 -1.605163e-01 3.244463e-03 -3.614475e-05 9.999947e-01 1.309018e+01
9.999997e-01 8.887353e-05 7.678771e-04 3.440547e+00 -8.898493e-05 1.000000e+00 1.451192e-04 -1.692760e-01 -7.678639e-04 -1.451868e-04 9.999997e-01 1.298872e+01
9.999940e-01 -2.762656e-05 -3.453429e-03 3.506213e+00 2.718679e-05 1.000000e+00 -1.273761e-04 -1.901185e-01 3.453432e-03 1.272808e-04 9.999940e-01 1.369865e+01
9.999997e-01 8.179040e-05 7.064277e-04 3.500127e+00 -8.191350e-05 1.000000e+00 1.743102e-04 -2.058905e-01 -7.064131e-04 -1.743673e-04 9.999997e-01 1.433286e+01
9.999948e-01 8.991278e-06 -3.237326e-03 3.337707e+00 -8.896146e-06 1.000000e+00 2.941789e-05 -2.134298e-01 3.237326e-03 -2.938964e-05 9.999948e-01 1.439332e+01
1.000000e+00 1.216726e-04 2.695934e-04 2.888183e+00 -1.217111e-04 1.000000e+00 1.430902e-04 -1.954340e-01 -2.695756e-04 -1.431223e-04 1.000000e+00 1.474642e+01
9.999937e-01 -4.702195e-06 -3.553564e-03 2.261072e+00 4.584693e-06 1.000000e+00 -3.305756e-05 -1.588604e-01 3.553564e-03 3.304035e-05 9.999937e-01 1.539630e+01
9.999994e-01 -4.631044e-05 1.137868e-03 2.825193e+00 4.600595e-05 1.000000e+00 2.676758e-04 -1.819049e-01 -1.137880e-03 -2.676226e-04 9.999993e-01 1.569679e+01
9.999961e-01 -4.340728e-05 -2.804741e-03 3.733798e+00 4.350463e-05 1.000000e+00 3.466998e-05 -2.077274e-01 2.804740e-03 -3.479257e-05 9.999961e-01 1.592449e+01
9.999999e-01 -1.859708e-05 3.535827e-04 4.261682e+00 1.852546e-05 1.000000e+00 2.027287e-04 -2.260108e-01 -3.535862e-04 -2.027214e-04 9.999999e-01 1.603543e+01
9.999947e-01 4.698545e-05 -3.266357e-03 4.199674e+00 -4.706529e-05 1.000000e+00 -2.434763e-05 -2.315978e-01 3.266355e-03 2.450052e-05 9.999947e-01 1.627613e+01
9.999999e-01 2.862689e-05 3.485202e-04 3.929955e+00 -2.868415e-05 1.000000e+00 1.644902e-04 -2.238376e-01 -3.485152e-04 -1.644995e-04 9.999999e-01 1.656520e+01
9.999959e-01 7.881650e-05 -2.863706e-03 3.607586e+00 -7.885075e-05 1.000000e+00 -1.182355e-05 -2.201108e-01 2.863705e-03 1.204859e-05 9.999959e-01 1.688394e+01
1.000000e+00 -2.981067e-06 -4.613692e-05 3.284795e+00 2.985715e-06 1.000000e+00 9.930861e-05 -2.084055e-01 4.613696e-05 -9.930803e-05 1.000000e+00 1.757837e+01
9.999961e-01 1.198127e-04 -2.800580e-03 2.797177e+00 -1.196599e-04 1.000000e+00 5.475395e-05 -1.859364e-01 2.800586e-03 -5.441933e-05 9.999961e-01 1.812942e+01
9.999991e-01 1.903325e-04 1.363659e-03 1.764078e+00 -1.906476e-04 1.000000e+00 2.309828e-04 -1.451952e-01 -1.363615e-03 -2.312419e-04 9.999990e-01 1.817668e+01
9.999911e-01 -1.310120e-05 -4.221159e-03 1.019011e+00 1.285194e-05 1.000000e+00 -5.906031e-05 -1.055208e-01 4.221159e-03 5.900482e-05 9.999911e-01 1.862081e+01
9.999990e-01 1.688262e-04 1.433359e-03 3.640000e-01 -1.691348e-04 1.000000e+00 2.152088e-04 -7.230416e-02 -1.433322e-03 -2.154503e-04 9.999989e-01 1.901180e+01
9.999912e-01 3.643968e-05 -4.198732e-03 -4.996716e-01 -3.662003e-05 1.000000e+00 -4.285857e-05 -2.452049e-02 4.198730e-03 4.301124e-05 9.999912e-01 1.951200e+01
9.999988e-01 1.383495e-04 1.554409e-03 -1.195129e+00 -1.386781e-04 1.000000e+00 2.113584e-04 8.655538e-03 -1.554379e-03 -2.115730e-04 9.999988e-01 1.984785e+01
9.999891e-01 -1.091179e-04 -4.668378e-03 -1.325076e+00 1.086956e-04 1.000000e+00 -9.070204e-05 9.319238e-03 4.668388e-03 9.019291e-05 9.999891e-01 2.024958e+01
9.999988e-01 1.635837e-04 1.557569e-03 -1.457043e+00 -1.638509e-04 1.000000e+00 1.714547e-04 7.693569e-03 -1.557541e-03 -1.717090e-04 9.999988e-01 2.078031e+01
9.999926e-01 -1.544624e-04 -3.845684e-03 -1.119366e+00 1.543396e-04 1.000000e+00 -3.220573e-05 -2.291059e-02 3.845688e-03 3.161124e-05 9.999926e-01 2.144138e+01
9.999994e-01 1.719983e-04 1.072619e-03 -9.554231e-01 -1.721928e-04 1.000000e+00 1.813020e-04 -3.966786e-02 -1.072587e-03 -1.814858e-04 9.999994e-01 2.189490e+01
9.999931e-01 -2.061657e-06 -3.710322e-03 -1.570527e+00 1.985406e-06 1.000000e+00 -2.053481e-05 -1.453664e-02 3.710321e-03 2.052659e-05 9.999931e-01 2.221253e+01
9.999995e-01 1.504535e-04 9.542320e-04 -2.154227e+00 -1.506099e-04 1.000000e+00 1.639000e-04 1.175239e-02 -9.542070e-04 -1.640429e-04 9.999995e-01 2.254237e+01
9.999916e-01 -9.243905e-05 -4.088093e-03 -2.322702e+00 9.198266e-05 1.000000e+00 -1.118089e-04 1.314646e-02 4.088103e-03 1.114312e-04 9.999916e-01 2.307431e+01
9.999986e-01 6.926081e-05 1.647526e-03 -1.774560e+00 -6.980949e-05 9.999999e-01 3.330221e-04 -1.062965e-02 -1.647502e-03 -3.331360e-04 9.999986e-01 2.338440e+01
9.999937e-01 -1.428080e-04 -3.547430e-03 -1.034316e+00 1.423835e-04 1.000000e+00 -1.199003e-04 -3.855594e-02 3.547447e-03 1.193937e-04 9.999937e-01 2.374083e+01
9.999994e-01 1.725457e-04 1.114797e-03 -7.626028e-01 -1.728207e-04 1.000000e+00 2.466667e-04 -6.818763e-02 -1.114754e-03 -2.468585e-04 9.999993e-01 2.449232e+01
9.999897e-01 -8.981671e-05 -4.530807e-03 -1.045954e+00 8.906688e-05 1.000000e+00 -1.656809e-04 -5.802882e-02 4.530821e-03 1.652750e-04 9.999897e-01 2.512643e+01
9.999996e-01 1.751754e-04 9.071492e-04 -1.334272e+00 -1.753164e-04 1.000000e+00 1.553833e-04 -4.770953e-02 -9.071216e-04 -1.555416e-04 9.999996e-01 2.588456e+01
9.999932e-01 -1.387539e-04 -3.672991e-03 -1.278283e+00 1.385356e-04 1.000000e+00 -5.966235e-05 -6.518789e-02 3.672999e-03 5.915239e-05 9.999933e-01 2.641813e+01
9.999991e-01 2.476383e-04 1.344502e-03 -1.686493e+00 -2.480077e-04 9.999999e-01 2.746464e-04 -5.230010e-02 -1.344434e-03 -2.749789e-04 9.999991e-01 2.650032e+01
9.999932e-01 -6.625924e-05 -3.682927e-03 -2.347218e+00 6.614304e-05 1.000000e+00 -3.165091e-05 -2.421752e-02 3.682929e-03 3.140639e-05 9.999932e-01 2.670635e+01
9.999994e-01 9.339418e-05 1.095330e-03 -2.366573e+00 -9.361230e-05 1.000000e+00 1.991655e-04 -1.954216e-02 -1.095311e-03 -1.992672e-04 9.999994e-01 2.711064e+01
9.999934e-01 8.497604e-08 -3.644014e-03 -2.299435e+00 -5.640530e-07 1.000000e+00 -1.314450e-04 -3.786217e-02 3.644014e-03 1.314454e-04 9.999934e-01 2.808585e+01
9.999998e-01 1.184957e-04 6.701480e-04 -2.275320e+00 -1.185882e-04 1.000000e+00 1.380471e-04 -5.243805e-02 -6.701313e-04 -1.381259e-04 9.999998e-01 2.922031e+01
9.999933e-01 -6.894328e-06 -3.657433e-03 -2.913254e+00 7.114103e-06 1.000000e+00 6.010106e-05 -1.582108e-02 3.657432e-03 -6.012738e-05 9.999933e-01 2.998364e+01
9.999995e-01 2.324391e-04 1.013499e-03 -3.864960e+00 -2.325250e-04 1.000000e+00 8.478513e-05 3.568148e-02 -1.013479e-03 -8.502004e-05 9.999995e-01 3.046837e+01
9.999926e-01 -1.714214e-04 -3.851336e-03 -3.931387e+00 1.712559e-04 1.000000e+00 -4.328039e-05 2.632893e-02 3.851343e-03 4.261979e-05 9.999926e-01 3.117228e+01
9.999994e-01 2.253000e-04 1.104539e-03 -4.044348e+00 -2.254546e-04 1.000000e+00 1.398783e-04 2.020633e-02 -1.104507e-03 -1.401265e-04 9.999994e-01 3.180518e+01
9.999921e-01 -1.650269e-04 -3.976771e-03 -4.345687e+00 1.649694e-04 1.000000e+00 -1.475960e-05 3.213776e-02 3.976773e-03 1.410273e-05 9.999921e-01 3.236014e+01
9.999979e-01 3.859447e-04 1.991346e-03 -5.216916e+00 -3.864766e-04 9.999999e-01 2.667839e-04 7.122285e-02 -1.991243e-03 -2.675523e-04 9.999980e-01 3.257921e+01
9.999911e-01 -1.988353e-04 -4.225535e-03 -5.936683e+00 1.983896e-04 1.000000e+00 -1.058670e-04 1.011695e-01 4.225555e-03 1.050271e-04 9.999911e-01 3.281375e+01
9.999982e-01 2.699927e-04 1.897686e-03 -6.090886e+00 -2.704345e-04 9.999999e-01 2.326003e-04 1.039958e-01 -1.897623e-03 -2.331124e-04 9.999982e-01 3.333045e+01
9.999887e-01 -2.450068e-04 -4.744624e-03 -5.925555e+00 2.440329e-04 9.999999e-01 -2.058277e-04 9.589112e-02 4.744674e-03 2.046669e-04 9.999887e-01 3.397112e+01
9.999982e-01 3.608433e-04 1.876812e-03 -6.191264e+00 -3.613103e-04 9.999999e-01 2.485624e-04 1.017661e-01 -1.876722e-03 -2.492393e-04 9.999982e-01 3.497124e+01
9.999876e-01 -2.953320e-04 -4.975680e-03 -6.377515e+00 2.943595e-04 9.999999e-01 -1.961752e-04 1.071529e-01 4.975738e-03 1.947074e-04 9.999876e-01 3.581174e+01
9.999961e-01 3.378115e-04 2.763205e-03 -6.018774e+00 -3.386339e-04 9.999999e-01 2.972157e-04 7.602089e-02 -2.763104e-03 -2.981496e-04 9.999961e-01 3.665457e+01
9.999806e-01 -2.011803e-04 -6.222222e-03 -6.432181e+00 1.997100e-04 1.000000e+00 -2.368995e-04 9.518808e-02 6.222269e-03 2.356516e-04 9.999806e-01 3.773368e+01
9.999964e-01 3.263759e-04 2.652086e-03 -7.063579e+00 -3.269893e-04 9.999999e-01 2.308768e-04 1.331306e-01 -2.652010e-03 -2.317425e-04 9.999965e-01 3.879190e+01
9.999837e-01 -2.696622e-04 -5.703265e-03 -7.254815e+00 2.688956e-04 1.000000e+00 -1.351707e-04 1.379259e-01 5.703301e-03 1.336342e-04 9.999837e-01 3.944054e+01
9.999943e-01 4.135382e-04 3.363195e-03 -7.774085e+00 -4.146647e-04 9.999999e-01 3.342884e-04 1.546449e-01 -3.363056e-03 -3.356803e-04 9.999943e-01 3.969655e+01
9.999798e-01 -2.547280e-04 -6.344159e-03 -8.439697e+00 2.535050e-04 9.999999e-01 -1.935707e-04 1.915723e-01 6.344208e-03 1.919578e-04 9.999799e-01 4.027578e+01
9.999937e-01 4.197013e-04 3.527716e-03 -9.128260e+00 -4.211132e-04 9.999998e-01 3.995279e-04 2.276248e-01 -3.527547e-03 -4.010103e-04 9.999937e-01 4.077158e+01
9.999838e-01 -2.792934e-04 -5.677583e-03 -9.586917e+00 2.782127e-04 9.999999e-01 -1.910998e-04 2.445182e-01 5.677635e-03 1.895165e-04 9.999839e-01 4.091933e+01
9.999941e-01 3.961290e-04 3.425905e-03 -9.971035e+00 -3.975052e-04 9.999998e-01 4.010771e-04 2.554760e-01 -3.425745e-03 -4.024358e-04 9.999941e-01 4.114003e+01
9.999817e-01 -3.592580e-04 -6.045975e-03 -9.913957e+00 3.575377e-04 9.999999e-01 -2.855939e-04 2.464493e-01 6.046076e-03 2.834263e-04 9.999817e-01 4.171671e+01
9.999945e-01 3.784330e-04 3.296905e-03 -9.697763e+00 -3.797942e-04 9.999998e-01 4.122784e-04 2.245222e-01 -3.296748e-03 -4.135275e-04 9.999945e-01 4.237042e+01
9.999817e-01 -3.341550e-04 -6.046511e-03 -9.887114e+00 3.325868e-04 9.999999e-01 -2.603529e-04 2.249803e-01 6.046597e-03 2.583364e-04 9.999817e-01 4.271944e+01
9.999949e-01 3.872657e-04 3.163139e-03 -1.002127e+01 -3.884493e-04 9.999999e-01 3.736144e-04 2.206835e-01 -3.162993e-03 -3.748405e-04 9.999949e-01 4.307829e+01
9.999816e-01 -3.452389e-04 -6.063009e-03 -1.006308e+01 3.435806e-04 9.999999e-01 -2.745277e-04 2.088980e-01 6.063103e-03 2.724388e-04 9.999816e-01 4.349382e+01
9.999942e-01 4.315045e-04 3.387359e-03 -1.023906e+01 -4.329164e-04 9.999998e-01 4.161326e-04 2.031451e-01 -3.387178e-03 -4.175959e-04 9.999942e-01 4.371031e+01
9.999830e-01 -3.262461e-04 -5.817709e-03 -1.050372e+01 3.248960e-04 9.999999e-01 -2.329764e-04 2.010032e-01 5.817785e-03 2.310816e-04 9.999830e-01 4.384288e+01
9.999941e-01 4.397979e-04 3.407560e-03 -1.076992e+01 -4.409401e-04 9.999998e-01 3.344855e-04 2.040668e-01 -3.407412e-03 -3.359854e-04 9.999941e-01 4.437876e+01
9.999852e-01 -3.345871e-04 -5.422983e-03 -1.105622e+01 3.327151e-04 9.999999e-01 -3.460698e-04 2.052814e-01 5.423098e-03 3.442597e-04 9.999852e-01 4.519002e+01
9.999955e-01 3.333338e-04 2.973889e-03 -1.101166e+01 -3.348716e-04 9.999998e-01 5.166353e-04 1.981286e-01 -2.973716e-03 -5.176281e-04 9.999954e-01 4.549864e+01
9.999840e-01 -3.032954e-04 -5.647529e-03 -1.110481e+01 3.010368e-04 9.999999e-01 -4.007459e-04 1.939423e-01 5.647649e-03 3.990387e-04 9.999840e-01 4.596690e+01
9.999950e-01 3.339083e-04 3.130292e-03 -1.124504e+01 -3.355630e-04 9.999998e-01 5.281219e-04 1.911038e-01 -3.130115e-03 -5.291690e-04 9.999950e-01 4.652369e+01
9.999847e-01 -3.286747e-04 -5.529377e-03 -1.089017e+01 3.261911e-04 9.999998e-01 -4.500507e-04 1.699016e-01 5.529523e-03 4.482394e-04 9.999846e-01 4.718798e+01
9.999958e-01 3.636415e-04 2.889665e-03 -1.091340e+01 -3.651942e-04 9.999998e-01 5.368515e-04 1.619381e-01 -2.889468e-03 -5.379038e-04 9.999957e-01 4.788527e+01
9.999816e-01 -2.327763e-04 -6.065197e-03 -1.148109e+01 2.292375e-04 9.999998e-01 -5.841263e-04 1.904262e-01 6.065331e-03 5.827244e-04 9.999814e-01 4.881320e+01
9.999952e-01 4.014643e-04 3.071007e-03 -1.226737e+01 -4.034274e-04 9.999997e-01 6.386784e-04 2.340565e-01 -3.070749e-03 -6.399135e-04 9.999951e-01 4.958448e+01
9.999911e-01 -1.504581e-04 -4.223045e-03 -1.295194e+01 1.493174e-04 1.000000e+00 -2.703948e-04 2.472998e-01 4.223085e-03 2.697611e-04 9.999910e-01 4.901406e+01
9.999940e-01 3.845066e-04 3.438044e-03 -1.349337e+01 -3.869369e-04 9.999997e-01 7.062760e-04 2.618427e-01 -3.437771e-03 -7.076014e-04 9.999938e-01 4.793393e+01
9.999821e-01 -2.711470e-04 -5.969214e-03 -1.373949e+01 2.671623e-04 9.999997e-01 -6.683040e-04 2.607964e-01 5.969393e-03 6.666966e-04 9.999820e-01 4.857430e+01
9.999928e-01 3.156442e-04 3.772516e-03 -1.372577e+01 -3.187761e-04 9.999996e-01 8.296555e-04 2.399845e-01 -3.772252e-03 -8.308515e-04 9.999925e-01 4.854077e+01
9.999856e-01 -1.555306e-04 -5.372930e-03 -1.391285e+01 1.530257e-04 9.999999e-01 -4.665900e-04 2.425727e-01 5.373001e-03 4.657604e-04 9.999855e-01 4.763170e+01
9.999931e-01 3.723072e-04 3.684951e-03 -1.447261e+01 -3.751252e-04 9.999996e-01 7.640870e-04 2.518853e-01 -3.684665e-03 -7.654633e-04 9.999929e-01 4.734162e+01
9.999828e-01 -1.907756e-04 -5.869719e-03 -1.502422e+01 1.875248e-04 9.999998e-01 -5.543344e-04 2.657445e-01 5.869824e-03 5.532234e-04 9.999826e-01 4.738947e+01
9.999930e-01 4.124830e-04 3.718937e-03 -1.566289e+01 -4.149735e-04 9.999997e-01 6.689803e-04 2.862066e-01 -3.718660e-03 -6.705182e-04 9.999929e-01 4.792802e+01
9.999840e-01 -2.027134e-04 -5.654712e-03 -1.632985e+01 1.992776e-04 9.999998e-01 -6.081318e-04 3.080541e-01 5.654834e-03 6.069945e-04 9.999838e-01 4.839154e+01
9.999957e-01 3.024818e-04 2.906983e-03 -1.665702e+01 -3.047424e-04 9.999997e-01 7.772510e-04 3.166906e-01 -2.906747e-03 -7.781329e-04 9.999955e-01 4.855122e+01
9.999859e-01 -3.491325e-04 -5.299319e-03 -1.615510e+01 3.463691e-04 9.999998e-01 -5.223523e-04 3.005447e-01 5.299500e-03 5.205087e-04 9.999858e-01 4.860371e+01
9.999964e-01 3.516866e-04 2.663816e-03 -1.609332e+01 -3.535540e-04 9.999997e-01 7.006396e-04 2.949007e-01 -2.663568e-03 -7.015781e-04 9.999962e-01 4.900354e+01
9.999849e-01 -3.559531e-04 -5.481351e-03 -1.577932e+01 3.528092e-04 9.999998e-01 -5.745083e-04 2.778850e-01 5.481554e-03 5.725650e-04 9.999848e-01 4.938555e+01
9.999886e-01 2.944729e-04 4.759685e-03 -1.456020e+01 -2.986088e-04 9.999996e-01 8.682975e-04 2.380922e-01 -4.759427e-03 -8.697082e-04 9.999883e-01 4.992578e+01
9.999834e-01 -3.765656e-04 -5.757897e-03 -1.352406e+01 3.725882e-04 9.999997e-01 -6.918168e-04 2.019828e-01 5.758156e-03 6.896593e-04 9.999832e-01 5.040505e+01
9.999932e-01 4.639353e-04 3.657942e-03 -1.341559e+01 -4.677509e-04 9.999993e-01 1.042338e-03 2.043644e-01 -3.657456e-03 -1.044041e-03 9.999928e-01 4.963510e+01
9.999866e-01 -2.372098e-04 -5.168827e-03 -1.411871e+01 2.333597e-04 9.999997e-01 -7.454286e-04 2.226767e-01 5.169002e-03 7.442118e-04 9.999864e-01 4.953792e+01
9.999972e-01 3.622635e-04 2.319801e-03 -1.461604e+01 -3.642860e-04 9.999996e-01 8.715548e-04 2.439736e-01 -2.319484e-03 -8.723968e-04 9.999969e-01 4.985337e+01
9.999874e-01 -3.560179e-04 -5.013882e-03 -1.452637e+01 3.525932e-04 9.999997e-01 -6.838828e-04 2.277138e-01 5.014123e-03 6.821056e-04 9.999872e-01 5.008799e+01
9.999956e-01 4.976892e-04 2.938190e-03 -1.492760e+01 -5.004518e-04 9.999994e-01 9.396507e-04 2.302574e-01 -2.937721e-03 -9.411163e-04 9.999952e-01 4.996804e+01
9.999861e-01 -4.191076e-04 -5.256695e-03 -1.496810e+01 4.157950e-04 9.999997e-01 -6.312151e-04 2.298165e-01 5.256958e-03 6.290199e-04 9.999860e-01 4.948388e+01
9.999954e-01 5.059434e-04 2.986357e-03 -1.514291e+01 -5.086851e-04 9.999994e-01 9.174198e-04 2.270211e-01 -2.985891e-03 -9.189340e-04 9.999951e-01 4.911787e+01
9.999840e-01 -4.356947e-04 -5.642301e-03 -1.510296e+01 4.317250e-04 9.999997e-01 -7.047358e-04 2.139386e-01 5.642605e-03 7.022879e-04 9.999838e-01 4.896757e+01
9.999944e-01 3.606963e-04 3.333248e-03 -1.471189e+01 -3.637179e-04 9.999995e-01 9.059965e-04 1.939226e-01 -3.332920e-03 -9.072031e-04 9.999940e-01 4.906729e+01
9.999828e-01 -3.853341e-04 -5.854991e-03 -1.443777e+01 3.814390e-04 9.999997e-01 -6.663393e-04 1.866070e-01 5.855245e-03 6.640938e-04 9.999826e-01 4.872703e+01
9.999931e-01 3.478967e-04 3.704443e-03 -1.408969e+01 -3.514669e-04 9.999995e-01 9.631949e-04 1.835630e-01 -3.704106e-03 -9.644895e-04 9.999927e-01 4.821215e+01
9.999827e-01 -3.669607e-04 -5.864708e-03 -1.374611e+01 3.620561e-04 9.999996e-01 -8.373006e-04 1.583158e-01 5.865013e-03 8.351621e-04 9.999825e-01 4.859910e+01
9.999906e-01 3.434186e-04 4.328509e-03 -1.323669e+01 -3.475119e-04 9.999995e-01 9.449740e-04 1.181518e-01 -4.328182e-03 -9.464686e-04 9.999902e-01 4.932022e+01
9.999813e-01 -3.898229e-04 -6.100277e-03 -1.277577e+01 3.849275e-04 9.999996e-01 -8.036201e-04 8.305217e-02 6.100588e-03 8.012562e-04 9.999811e-01 4.983668e+01
9.999936e-01 3.427879e-04 3.549033e-03 -1.250366e+01 -3.461507e-04 9.999995e-01 9.469844e-04 6.568610e-02 -3.548706e-03 -9.482061e-04 9.999933e-01 5.003822e+01
9.999834e-01 -3.989314e-04 -5.755394e-03 -1.215967e+01 3.944657e-04 9.999996e-01 -7.769981e-04 4.310327e-02 5.755701e-03 7.747142e-04 9.999831e-01 5.027474e+01
9.999937e-01 3.642046e-04 3.529000e-03 -1.178921e+01 -3.673757e-04 9.999995e-01 8.980224e-04 1.681009e-02 -3.528671e-03 -8.993125e-04 9.999934e-01 5.072443e+01
9.999831e-01 -3.562132e-04 -5.808763e-03 -1.156111e+01 3.515334e-04 9.999996e-01 -8.066235e-04 -1.064039e-02 5.809048e-03 8.045672e-04 9.999828e-01 5.133583e+01
9.999948e-01 3.830354e-04 3.189984e-03 -1.159792e+01 -3.858781e-04 9.999995e-01 8.906161e-04 -2.200829e-02 -3.189641e-03 -8.918417e-04 9.999945e-01 5.186814e+01
9.999822e-01 -3.167817e-04 -5.959139e-03 -1.160124e+01 3.114567e-04 9.999996e-01 -8.944645e-04 -3.959557e-02 5.959420e-03 8.925919e-04 9.999818e-01 5.260007e+01
9.999951e-01 3.617058e-04 3.117878e-03 -1.162007e+01 -3.646867e-04 9.999995e-01 9.556207e-04 -5.182038e-02 -3.117530e-03 -9.567523e-04 9.999947e-01 5.326188e+01
9.999829e-01 -3.422211e-04 -5.845638e-03 -1.168354e+01 3.372321e-04 9.999996e-01 -8.543981e-04 -5.871446e-02 5.845928e-03 8.524115e-04 9.999825e-01 5.374542e+01
9.999945e-01 5.318252e-04 3.285327e-03 -1.247585e+01 -5.352082e-04 9.999993e-01 1.029004e-03 -1.896336e-02 -3.284777e-03 -1.030756e-03 9.999941e-01 5.428184e+01
9.999807e-01 -3.874574e-04 -6.199735e-03 -1.317991e+01 3.817293e-04 9.999995e-01 -9.250500e-04 2.008243e-02 6.200090e-03 9.226649e-04 9.999804e-01 5.484588e+01
9.999954e-01 4.308090e-04 3.013568e-03 -1.333149e+01 -4.338000e-04 9.999994e-01 9.919883e-04 2.106720e-02 -3.013139e-03 -9.932902e-04 9.999950e-01 5.539578e+01
9.999815e-01 -3.404605e-04 -6.072068e-03 -1.357364e+01 3.343905e-04 9.999994e-01 -1.000632e-03 2.432379e-02 6.072405e-03 9.985828e-04 9.999811e-01 5.620875e+01
9.999930e-01 3.673310e-04 3.735875e-03 -1.343577e+01 -3.713037e-04 9.999994e-01 1.062798e-03 2.336879e-04 -3.735482e-03 -1.064177e-03 9.999925e-01 5.688239e+01
9.999804e-01 -4.216731e-04 -6.251806e-03 -1.298498e+01 4.166316e-04 9.999996e-01 -8.076678e-04 -1.580204e-02 6.252143e-03 8.050466e-04 9.999801e-01 5.691014e+01
9.999944e-01 4.029158e-04 3.320510e-03 -1.293991e+01 -4.061231e-04 9.999995e-01 9.653288e-04 -2.491924e-02 -3.320119e-03 -9.666713e-04 9.999940e-01 5.718694e+01
9.999781e-01 -2.682189e-04 -6.609900e-03 -1.360661e+01 2.626043e-04 9.999996e-01 -8.502525e-04 1.554849e-02 6.610125e-03 8.484974e-04 9.999778e-01 5.791174e+01
9.999940e-01 4.728476e-04 3.427637e-03 -1.442939e+01 -4.755882e-04 9.999996e-01 7.988493e-04 6.185912e-02 -3.427258e-03 -8.004740e-04 9.999938e-01 5.904138e+01
9.999842e-01 -2.587215e-04 -5.619947e-03 -1.503679e+01 2.538065e-04 9.999996e-01 -8.752343e-04 8.350935e-02 5.620171e-03 8.737934e-04 9.999838e-01 6.029221e+01
9.999949e-01 4.683815e-04 3.154905e-03 -1.555900e+01 -4.703802e-04 9.999997e-01 6.328536e-04 9.947802e-02 -3.154607e-03 -6.343337e-04 9.999948e-01 6.191823e+01
9.999854e-01 -3.047679e-04 -5.391403e-03 -1.592260e+01 3.004808e-04 9.999996e-01 -7.959349e-04 1.039400e-01 5.391643e-03 7.943026e-04 9.999851e-01 6.336308e+01
9.999973e-01 4.655001e-04 2.276345e-03 -1.660885e+01 -4.673064e-04 9.999996e-01 7.931393e-04 1.422043e-01 -2.275975e-03 -7.942002e-04 9.999971e-01 6.446639e+01
9.999859e-01 -3.602437e-04 -5.304195e-03 -1.689436e+01 3.558181e-04 9.999996e-01 -8.352550e-04 1.512932e-01 5.304494e-03 8.333551e-04 9.999856e-01 6.546030e+01
9.999948e-01 3.298563e-04 3.212502e-03 -1.650136e+01 -3.331161e-04 9.999994e-01 1.014302e-03 1.305042e-01 -3.212165e-03 -1.015366e-03 9.999943e-01 6.589801e+01
9.999833e-01 -3.143337e-04 -5.772894e-03 -1.658383e+01 3.093307e-04 9.999996e-01 -8.674856e-04 1.284384e-01 5.773163e-03 8.656847e-04 9.999830e-01 6.636545e+01
9.999958e-01 4.019411e-04 2.858944e-03 -1.707204e+01 -4.048078e-04 9.999994e-01 1.002288e-03 1.537532e-01 -2.858539e-03 -1.003441e-03 9.999954e-01 6.686677e+01
9.999819e-01 -2.985419e-04 -6.008135e-03 -1.763300e+01 2.925274e-04 9.999995e-01 -1.001883e-03 1.843591e-01 6.008430e-03 1.000107e-03 9.999814e-01 6.770818e+01
9.999940e-01 3.290767e-04 3.454217e-03 -1.766714e+01 -3.327315e-04 9.999994e-01 1.057582e-03 1.774618e-01 -3.453866e-03 -1.058725e-03 9.999935e-01 6.841061e+01
9.999832e-01 -2.381373e-04 -5.794409e-03 -1.770771e+01 2.324174e-04 9.999995e-01 -9.877586e-04 1.632886e-01 5.794641e-03 9.863946e-04 9.999827e-01 6.928193e+01
9.999945e-01 4.148516e-04 3.294742e-03 -1.838444e+01 -4.181693e-04 9.999994e-01 1.006378e-03 1.947661e-01 -3.294322e-03 -1.007749e-03 9.999941e-01 7.006963e+01
9.999848e-01 -2.457221e-04 -5.503368e-03 -1.899555e+01 2.408192e-04 9.999996e-01 -8.915025e-04 2.172841e-01 5.503584e-03 8.901629e-04 9.999845e-01 7.039748e+01
9.999964e-01 2.819597e-04 2.665493e-03 -1.923950e+01 -2.847129e-04 9.999994e-01 1.032650e-03 2.234355e-01 -2.665200e-03 -1.033404e-03 9.999959e-01 7.088335e+01
9.999832e-01 -1.513965e-04 -5.802348e-03 -1.994465e+01 1.460500e-04 9.999996e-01 -9.218110e-04 2.665655e-01 5.802485e-03 9.209473e-04 9.999827e-01 7.150657e+01
9.999966e-01 2.150256e-04 2.585333e-03 -2.048032e+01 -2.176859e-04 9.999994e-01 1.028816e-03 2.974145e-01 -2.585110e-03 -1.029375e-03 9.999961e-01 7.215018e+01
9.999836e-01 -1.378241e-04 -5.728242e-03 -2.089167e+01 1.323724e-04 9.999995e-01 -9.520533e-04 3.167046e-01 5.728370e-03 9.512787e-04 9.999831e-01 7.276979e+01
9.999935e-01 3.017229e-04 3.600508e-03 -2.152723e+01 -3.058571e-04 9.999993e-01 1.147762e-03 3.395119e-01 -3.600159e-03 -1.148855e-03 9.999929e-01 7.290992e+01
9.999803e-01 -6.891570e-05 -6.281831e-03 -2.234236e+01 6.269003e-05 9.999995e-01 -9.912240e-04 3.798058e-01 6.281896e-03 9.908099e-04 9.999798e-01 7.329687e+01
9.999965e-01 1.926196e-04 2.637781e-03 -2.299727e+01 -1.952652e-04 9.999995e-01 1.002808e-03 4.203412e-01 -2.637586e-03 -1.003318e-03 9.999960e-01 7.409078e+01
9.999849e-01 -1.432056e-04 -5.497963e-03 -2.313509e+01 1.387675e-04 9.999997e-01 -8.075796e-04 4.251012e-01 5.498077e-03 8.068038e-04 9.999846e-01 7.424712e+01
9.999967e-01 1.060857e-04 2.568379e-03 -2.269133e+01 -1.088898e-04 9.999994e-01 1.091730e-03 4.175141e-01 -2.568261e-03 -1.092005e-03 9.999961e-01 7.416631e+01
9.999865e-01 -9.278726e-05 -5.188727e-03 -2.232928e+01 8.803701e-05 9.999996e-01 -9.156816e-04 3.985377e-01 5.188809e-03 9.152118e-04 9.999861e-01 7.471534e+01
9.999966e-01 1.151771e-04 2.604818e-03 -2.220153e+01 -1.177725e-04 9.999995e-01 9.963093e-04 3.829817e-01 -2.604702e-03 -9.966120e-04 9.999961e-01 7.547956e+01
9.999905e-01 -1.481896e-04 -4.350845e-03 -2.168785e+01 1.444306e-04 9.999996e-01 -8.642160e-04 3.493895e-01 4.350971e-03 8.635788e-04 9.999902e-01 7.612688e+01
9.999955e-01 1.066363e-04 2.982445e-03 -2.090343e+01 -1.096848e-04 9.999995e-01 1.022056e-03 3.122814e-01 -2.982334e-03 -1.022378e-03 9.999950e-01 7.677754e+01
9.999854e-01 -1.781771e-04 -5.401315e-03 -2.021707e+01 1.743405e-04 9.999997e-01 -7.107289e-04 3.003353e-01 5.401440e-03 7.097761e-04 9.999852e-01 7.669129e+01
9.999958e-01 1.798736e-04 2.907401e-03 -1.987061e+01 -1.829481e-04 9.999994e-01 1.057289e-03 2.997488e-01 -2.907209e-03 -1.057816e-03 9.999952e-01 7.616523e+01
9.999849e-01 -2.237367e-04 -5.486348e-03 -1.934886e+01 2.199590e-04 9.999997e-01 -6.891269e-04 3.055700e-01 5.486500e-03 6.879090e-04 9.999847e-01 7.549300e+01
9.999949e-01 1.226571e-04 3.204787e-03 -1.860556e+01 -1.259224e-04 9.999995e-01 1.018753e-03 2.972849e-01 -3.204660e-03 -1.019151e-03 9.999943e-01 7.527808e+01
9.999872e-01 -1.759459e-04 -5.055180e-03 -1.795937e+01 1.717165e-04 9.999996e-01 -8.370149e-04 2.641153e-01 5.055325e-03 8.361354e-04 9.999869e-01 7.575019e+01
9.999949e-01 1.481292e-04 3.201929e-03 -1.743815e+01 -1.511631e-04 9.999995e-01 9.473632e-04 2.264296e-01 -3.201787e-03 -9.478416e-04 9.999944e-01 7.646010e+01
9.999860e-01 -1.933918e-04 -5.288615e-03 -1.681141e+01 1.897420e-04 9.999997e-01 -6.905773e-04 2.004880e-01 5.288747e-03 6.895635e-04 9.999858e-01 7.679903e+01
9.999966e-01 1.602289e-04 2.605077e-03 -1.627028e+01 -1.626871e-04 9.999995e-01 9.435078e-04 1.869711e-01 -2.604924e-03 -9.439277e-04 9.999962e-01 7.680503e+01
9.999866e-01 -1.987589e-04 -5.167083e-03 -1.590258e+01 1.950925e-04 9.999997e-01 -7.100228e-04 1.766365e-01 5.167223e-03 7.090046e-04 9.999864e-01 7.684229e+01
9.999958e-01 2.368235e-04 2.877567e-03 -1.570421e+01 -2.398045e-04 9.999994e-01 1.035707e-03 1.780611e-01 -2.877320e-03 -1.036392e-03 9.999953e-01 7.631822e+01
9.999862e-01 -3.084812e-04 -5.244590e-03 -1.498174e+01 3.047321e-04 9.999997e-01 -7.156039e-04 1.657013e-01 5.244809e-03 7.139951e-04 9.999860e-01 7.625825e+01
9.999959e-01 2.119353e-04 2.868071e-03 -1.417835e+01 -2.149610e-04 9.999994e-01 1.054744e-03 1.577956e-01 -2.867846e-03 -1.055356e-03 9.999953e-01 7.608125e+01
9.999859e-01 -2.944501e-04 -5.310306e-03 -1.342307e+01 2.905593e-04 9.999997e-01 -7.334023e-04 1.493211e-01 5.310520e-03 7.318483e-04 9.999856e-01 7.591285e+01
9.999956e-01 2.322762e-04 2.970723e-03 -1.281043e+01 -2.351882e-04 9.999995e-01 9.799985e-04 1.322071e-01 -2.970493e-03 -9.806921e-04 9.999951e-01 7.596462e+01
9.999866e-01 -2.888249e-04 -5.161970e-03 -1.217621e+01 2.850120e-04 9.999997e-01 -7.393385e-04 1.125003e-01 5.162182e-03 7.378567e-04 9.999864e-01 7.607905e+01
9.999960e-01 2.387210e-04 2.811658e-03 -1.146526e+01 -2.416253e-04 9.999994e-01 1.032729e-03 9.677354e-02 -2.811409e-03 -1.033403e-03 9.999955e-01 7.610456e+01
9.999882e-01 -3.090203e-04 -4.844811e-03 -1.070972e+01 3.053089e-04 9.999997e-01 -7.667490e-04 7.215859e-02 4.845046e-03 7.652601e-04 9.999880e-01 7.633767e+01
9.999952e-01 2.435783e-04 3.080666e-03 -1.004457e+01 -2.465666e-04 9.999995e-01 9.697450e-04 4.060127e-02 -3.080428e-03 -9.704993e-04 9.999948e-01 7.674577e+01
9.999863e-01 -2.908620e-04 -5.224627e-03 -9.450324e+00 2.872701e-04 9.999997e-01 -6.881961e-04 1.805004e-02 5.224826e-03 6.866851e-04 9.999861e-01 7.690830e+01
9.999961e-01 1.983459e-04 2.772730e-03 -8.593899e+00 -2.012806e-04 9.999994e-01 1.058272e-03 1.246716e-02 -2.772518e-03 -1.058826e-03 9.999956e-01 7.669636e+01
9.999882e-01 -2.636443e-04 -4.844876e-03 -7.890646e+00 2.596888e-04 9.999996e-01 -8.170187e-04 -1.357156e-02 4.845089e-03 8.157502e-04 9.999879e-01 7.697991e+01
9.999961e-01 2.181974e-04 2.766996e-03 -7.341260e+00 -2.210215e-04 9.999995e-01 1.020447e-03 -4.053946e-02 -2.766772e-03 -1.021054e-03 9.999957e-01 7.735647e+01
9.999866e-01 -2.603444e-04 -5.162826e-03 -6.821265e+00 2.562251e-04 9.999996e-01 -7.984813e-04 -6.227966e-02 5.163032e-03 7.971471e-04 9.999864e-01 7.763404e+01
9.999956e-01 2.052566e-04 2.942818e-03 -6.243280e+00 -2.082271e-04 9.999995e-01 1.009203e-03 -9.007719e-02 -2.942609e-03 -1.009810e-03 9.999952e-01 7.801740e+01
9.999855e-01 -2.629277e-04 -5.382614e-03 -5.604074e+00 2.586897e-04 9.999997e-01 -7.879785e-04 -1.054118e-01 5.382819e-03 7.865739e-04 9.999852e-01 7.806936e+01
9.999951e-01 1.863314e-04 3.130221e-03 -4.936726e+00 -1.900017e-04 9.999993e-01 1.172342e-03 -1.021613e-01 -3.130000e-03 -1.172930e-03 9.999944e-01 7.741500e+01
9.999872e-01 -2.522881e-04 -5.062098e-03 -4.176283e+00 2.479265e-04 9.999996e-01 -8.621907e-04 -1.215431e-01 5.062313e-03 8.609239e-04 9.999868e-01 7.746515e+01
9.999947e-01 2.386042e-04 3.234751e-03 -3.555075e+00 -2.418206e-04 9.999995e-01 9.940515e-04 -1.524338e-01 -3.234512e-03 -9.948278e-04 9.999943e-01 7.809271e+01
9.999860e-01 -2.853165e-04 -5.284492e-03 -2.886179e+00 2.813584e-04 9.999997e-01 -7.496866e-04 -1.773379e-01 5.284704e-03 7.481885e-04 9.999858e-01 7.840599e+01
9.999952e-01 2.160119e-04 3.089008e-03 -2.153156e+00 -2.193341e-04 9.999994e-01 1.075235e-03 -1.921644e-01 -3.088773e-03 -1.075907e-03 9.999947e-01 7.837283e+01
9.999870e-01 -2.868351e-04 -5.095340e-03 -1.541614e+00 2.825657e-04 9.999996e-01 -8.385614e-04 -2.187110e-01 5.095578e-03 8.371100e-04 9.999867e-01 7.866569e+01
9.999952e-01 2.441185e-04 3.083163e-03 -9.279166e-01 -2.472896e-04 9.999994e-01 1.028245e-03 -2.498283e-01 -3.082910e-03 -1.029002e-03 9.999947e-01 7.921650e+01
9.999876e-01 -2.839731e-04 -4.973926e-03 -1.748804e-01 2.799034e-04 9.999996e-01 -8.188484e-04 -2.803402e-01 4.974156e-03 8.174453e-04 9.999873e-01 7.971402e+01
9.999958e-01 2.477800e-04 2.877064e-03 6.084817e-01 -2.508266e-04 9.999994e-01 1.058679e-03 -3.026635e-01 -2.876800e-03 -1.059395e-03 9.999953e-01 7.995486e+01
9.999883e-01 -3.016574e-04 -4.828386e-03 1.500984e+00 2.977155e-04 9.999996e-01 -8.170545e-04 -3.256157e-01 4.828630e-03 8.156068e-04 9.999880e-01 8.025024e+01
9.999956e-01 2.359622e-04 2.959523e-03 2.330122e+00 -2.390940e-04 9.999994e-01 1.057979e-03 -3.512445e-01 -2.959271e-03 -1.058681e-03 9.999951e-01 8.060673e+01
9.999875e-01 -2.966110e-04 -4.998593e-03 2.942058e+00 2.923870e-04 9.999996e-01 -8.456906e-04 -3.770475e-01 4.998841e-03 8.442178e-04 9.999871e-01 8.094106e+01
9.999963e-01 2.758633e-04 2.688999e-03 3.273848e+00 -2.785604e-04 9.999995e-01 1.002760e-03 -4.055115e-01 -2.688720e-03 -1.003505e-03 9.999959e-01 8.141310e+01
9.999869e-01 -3.333522e-04 -5.099064e-03 4.045064e+00 3.298294e-04 9.999997e-01 -6.916507e-04 -4.233704e-01 5.099293e-03 6.899592e-04 9.999868e-01 8.150906e+01
9.999981e-01 3.292111e-04 1.943980e-03 4.320271e+00 -3.309633e-04 9.999995e-01 9.012478e-04 -4.363950e-01 -1.943682e-03 -9.018887e-04 9.999977e-01 8.189797e+01
9.999862e-01 -3.133713e-04 -5.238943e-03 4.329510e+00 3.097820e-04 9.999997e-01 -6.858649e-04 -4.334943e-01 5.239157e-03 6.842318e-04 9.999860e-01 8.243770e+01
9.999976e-01 2.096368e-04 2.174978e-03 5.606723e+00 -2.122381e-04 9.999993e-01 1.195928e-03 -4.203541e-01 -2.174725e-03 -1.196386e-03 9.999969e-01 8.182720e+01
9.999895e-01 -3.889612e-04 -4.561839e-03 6.831911e+00 3.857310e-04 9.999997e-01 -7.089071e-04 -4.174391e-01 4.562113e-03 7.071393e-04 9.999893e-01 8.139566e+01
9.999986e-01 2.635711e-04 1.656140e-03 7.700734e+00 -2.653696e-04 9.999994e-01 1.085969e-03 -4.137902e-01 -1.655853e-03 -1.086406e-03 9.999980e-01 8.101176e+01
9.999888e-01 -3.107510e-04 -4.726365e-03 8.256786e+00 3.068534e-04 9.999996e-01 -8.253086e-04 -4.206004e-01 4.726619e-03 8.238484e-04 9.999885e-01 8.102462e+01
9.999955e-01 2.300427e-04 2.975120e-03 9.248371e+00 -2.332363e-04 9.999994e-01 1.073185e-03 -4.526029e-01 -2.974871e-03 -1.073873e-03 9.999950e-01 8.149461e+01
9.999896e-01 -2.868677e-04 -4.541206e-03 1.018354e+01 2.830173e-04 9.999996e-01 -8.484493e-04 -4.870431e-01 4.541447e-03 8.471545e-04 9.999893e-01 8.203300e+01
9.999975e-01 2.575700e-04 2.199817e-03 1.076945e+01 -2.598118e-04 9.999994e-01 1.018922e-03 -5.106335e-01 -2.199553e-03 -1.019491e-03 9.999971e-01 8.237961e+01
9.999895e-01 -2.466327e-04 -4.578138e-03 1.088760e+01 2.422761e-04 9.999995e-01 -9.520859e-04 -5.246261e-01 4.578370e-03 9.509660e-04 9.999891e-01 8.301492e+01
9.999982e-01 2.571250e-04 1.889000e-03 1.112691e+01 -2.591938e-04 9.999994e-01 1.095152e-03 -5.390844e-01 -1.888717e-03 -1.095639e-03 9.999976e-01 8.326467e+01
9.999910e-01 -2.614092e-04 -4.222762e-03 1.143358e+01 2.575109e-04 9.999995e-01 -9.236403e-04 -5.620786e-01 4.223001e-03 9.225440e-04 9.999907e-01 8.356426e+01
9.999973e-01 2.079762e-04 2.332956e-03 1.263535e+01 -2.108784e-04 9.999992e-01 1.243927e-03 -5.830342e-01 -2.332695e-03 -1.244414e-03 9.999965e-01 8.377965e+01
9.999930e-01 -3.087421e-04 -3.723092e-03 1.405096e+01 3.056165e-04 9.999996e-01 -8.399929e-04 -6.024899e-01 3.723350e-03 8.388485e-04 9.999927e-01 8.383705e+01
9.999994e-01 4.014666e-04 1.064904e-03 1.366545e+01 -4.025515e-04 9.999994e-01 1.019019e-03 -5.909739e-01 -1.064494e-03 -1.019446e-03 9.999989e-01 8.419798e+01
9.999943e-01 -1.879158e-04 -3.367745e-03 1.296638e+01 1.850515e-04 9.999996e-01 -8.507350e-04 -5.657797e-01 3.367903e-03 8.501063e-04 9.999940e-01 8.435552e+01
9.999993e-01 2.856255e-04 1.151659e-03 1.300700e+01 -2.870115e-04 9.999992e-01 1.203717e-03 -5.646912e-01 -1.151314e-03 -1.204046e-03 9.999986e-01 8.359858e+01
9.999938e-01 -3.010085e-04 -3.519183e-03 1.318465e+01 2.973934e-04 9.999994e-01 -1.027695e-03 -5.821874e-01 3.519490e-03 1.026641e-03 9.999933e-01 8.361165e+01
9.999990e-01 2.672937e-04 1.390906e-03 1.377375e+01 -2.689333e-04 9.999993e-01 1.178883e-03 -6.085717e-01 -1.390590e-03 -1.179255e-03 9.999983e-01 8.399831e+01
9.999948e-01 -3.254671e-04 -3.199705e-03 1.460926e+01 3.224606e-04 9.999995e-01 -9.400244e-04 -6.378621e-01 3.200009e-03 9.389870e-04 9.999944e-01 8.439619e+01
9.999988e-01 2.523825e-04 1.524235e-03 1.543659e+01 -2.541708e-04 9.999993e-01 1.173265e-03 -6.709340e-01 -1.523938e-03 -1.173650e-03 9.999981e-01 8.486010e+01
9.999923e-01 -3.235019e-04 -3.921831e-03 1.599499e+01 3.197548e-04 9.999995e-01 -9.559759e-04 -6.900181e-01 3.922138e-03 9.547138e-04 9.999919e-01 8.494272e+01
9.999980e-01 3.327398e-04 1.960586e-03 1.657111e+01 -3.353303e-04 9.999991e-01 1.321266e-03 -6.871800e-01 -1.960145e-03 -1.321921e-03 9.999972e-01 8.413198e+01
9.999919e-01 -4.671080e-04 -3.985410e-03 1.745035e+01 4.632163e-04 9.999994e-01 -9.773020e-04 -6.873150e-01 3.985864e-03 9.754474e-04 9.999916e-01 8.362606e+01
9.999985e-01 3.809159e-04 1.683164e-03 1.849305e+01 -3.832489e-04 9.999990e-01 1.386119e-03 -6.893697e-01 -1.682634e-03 -1.386761e-03 9.999976e-01 8.328474e+01
9.999929e-01 -4.670466e-04 -3.733127e-03 1.946572e+01 4.633110e-04 9.999994e-01 -1.001426e-03 -7.017651e-01 3.733592e-03 9.996890e-04 9.999925e-01 8.318946e+01
9.999986e-01 3.838358e-04 1.624200e-03 2.015319e+01 -3.858125e-04 9.999992e-01 1.217003e-03 -7.299823e-01 -1.623731e-03 -1.217627e-03 9.999979e-01 8.357408e+01
9.999899e-01 -3.547144e-04 -4.486521e-03 2.032610e+01 3.498390e-04 9.999993e-01 -1.087358e-03 -7.477449e-01 4.486903e-03 1.085777e-03 9.999893e-01 8.425212e+01
9.999986e-01 3.715179e-04 1.655031e-03 2.055596e+01 -3.735453e-04 9.999992e-01 1.224982e-03 -7.656891e-01 -1.654575e-03 -1.225598e-03 9.999979e-01 8.478708e+01
9.999913e-01 -2.448782e-04 -4.156829e-03 2.021279e+01 2.404785e-04 9.999994e-01 -1.058829e-03 -7.584028e-01 4.157086e-03 1.057819e-03 9.999908e-01 8.508423e+01
9.999982e-01 3.141375e-04 1.858835e-03 2.008509e+01 -3.161885e-04 9.999993e-01 1.103277e-03 -7.603902e-01 -1.858487e-03 -1.103862e-03 9.999977e-01 8.607213e+01
9.999945e-01 -2.739050e-04 -3.297773e-03 2.083498e+01 2.706736e-04 9.999995e-01 -9.801832e-04 -7.991642e-01 3.298039e-03 9.792845e-04 9.999941e-01 8.737802e+01
