9.999981e-01 -5.910438e-05 -1.966277e-03 1.869694e+00 5.992575e-05 9.999999e-01 4.176844e-04 5.156944e-03 1.966252e-03 -4.178022e-04 9.999980e-01 -9.271830e-02
1.000000e+00 -1.045335e-04 -9.827125e-05 4.481916e+00 1.045449e-04 1.000000e+00 1.149875e-04 3.978510e-02 9.825957e-05 -1.149970e-04 1.000000e+00 -9.408508e-01
9.999978e-01 1.627992e-04 -2.092357e-03 5.424066e+00 -1.629090e-04 1.000000e+00 -5.229913e-05 2.124090e-02 2.092348e-03 5.263917e-05 9.999978e-01 -7.816743e-02
9.999995e-01 -7.390010e-05 -9.879370e-04 5.084695e+00 7.400413e-05 1.000000e+00 1.052380e-04 3.398747e-02 9.879295e-04 -1.053103e-04 9.999995e-01 5.186622e-01
9.999983e-01 8.229868e-05 -1.860438e-03 5.097497e+00 -8.232627e-05 1.000000e+00 -1.474132e-05 2.893430e-02 1.860437e-03 1.489375e-05 9.999983e-01 1.078618e+00
9.999993e-01 -1.997447e-05 -1.199508e-03 5.047828e+00 1.997493e-05 1.000000e+00 3.479303e-07 1.999006e-02 1.199508e-03 -3.711778e-07 9.999993e-01 1.804197e+00
9.999998e-01 -2.989325e-06 -6.318138e-04 6.020298e+00 3.127485e-06 1.000000e+00 2.187168e-04 -8.327275e-03 6.318128e-04 -2.187194e-04 9.999998e-01 2.279073e+00
9.999980e-01 6.362294e-05 -1.985227e-03 6.227951e+00 -6.406385e-05 1.000000e+00 -2.220500e-04 -2.984276e-02 1.985213e-03 2.221774e-04 9.999980e-01 3.166626e+00
9.999998e-01 1.855809e-05 -5.619284e-04 6.174566e+00 -1.845144e-05 1.000000e+00 1.898413e-04 -4.104068e-02 5.619316e-04 -1.898317e-04 9.999998e-01 4.212235e+00
9.999985e-01 1.258591e-04 -1.745780e-03 5.708544e+00 -1.262485e-04 1.000000e+00 -2.229423e-04 -2.253169e-02 1.745753e-03 2.231631e-04 9.999985e-01 5.588454e+00
1.000000e+00 1.478322e-05 -3.102673e-04 5.238324e+00 -1.474719e-05 1.000000e+00 1.162135e-04 -2.337167e-03 3.102686e-04 -1.162096e-04 9.999999e-01 7.261811e+00
9.999983e-01 2.604699e-06 -1.844349e-03 5.417698e+00 -2.631591e-06 1.000000e+00 -1.459643e-05 -6.120409e-03 1.844350e-03 1.460197e-05 9.999983e-01 8.114371e+00
1.000000e+00 2.989653e-05 -3.347421e-05 6.127290e+00 -2.988965e-05 1.000000e+00 2.065684e-04 -1.381340e-02 3.348004e-05 -2.065681e-04 1.000000e+00 8.882926e+00
9.999980e-01 -4.520451e-05 -1.984710e-03 7.200921e+00 4.539226e-05 1.000000e+00 9.453475e-05 -1.500942e-02 1.984706e-03 -9.462394e-05 9.999980e-01 9.073452e+00
1.000000e+00 8.901375e-05 3.187031e-06 7.913225e+00 -8.901377e-05 1.000000e+00 -4.395380e-06 -4.446514e-02 -3.187763e-06 4.394384e-06 1.000000e+00 9.980405e+00
9.999984e-01 1.017871e-05 -1.793047e-03 7.999738e+00 -1.026556e-05 1.000000e+00 -4.845155e-05 -5.824688e-02 1.793046e-03 4.847059e-05 9.999984e-01 1.150718e+01
1.000000e+00 -1.322463e-05 -1.409983e-04 8.363143e+00 1.324594e-05 1.000000e+00 1.514220e-04 -6.755008e-02 1.409960e-04 -1.514246e-04 1.000000e+00 1.233964e+01
9.999963e-01 6.530331e-05 -2.724277e-03 8.410492e+00 -6.568438e-05 1.000000e+00 -1.398039e-04 -7.697394e-02 2.724268e-03 1.399830e-04 9.999963e-01 1.312197e+01
9.999999e-01 -7.254713e-05 4.174870e-04 9.180236e+00 7.240287e-05 9.999999e-01 3.454492e-04 -9.738218e-02 -4.175124e-04 -3.454196e-04 9.999999e-01 1.355577e+01
9.999956e-01 1.122357e-04 -2.960789e-03 9.629364e+00 -1.130504e-04 1.000000e+00 -2.749985e-04 -1.168244e-01 2.960758e-03 2.753327e-04 9.999956e-01 1.430287e+01
9.999999e-01 1.035235e-05 5.240876e-04 9.618264e+00 -1.044973e-05 1.000000e+00 1.857386e-04 -1.298261e-01 -5.240860e-04 -1.857447e-04 9.999998e-01 1.570687e+01
9.999970e-01 1.667583e-04 -2.443384e-03 9.570320e+00 -1.676709e-04 9.999999e-01 -3.733122e-04 -1.434677e-01 2.443322e-03 3.737215e-04 9.999969e-01 1.768701e+01
9.999993e-01 -3.306357e-05 1.155446e-03 9.597727e+00 3.279501e-05 1.000000e+00 2.324048e-04 -1.440813e-01 -1.155454e-03 -2.323675e-04 9.999993e-01 1.990745e+01
9.999979e-01 1.365852e-04 -2.057552e-03 1.015903e+01 -1.373230e-04 9.999999e-01 -3.584812e-04 -1.761656e-01 2.057503e-03 3.587637e-04 9.999978e-01 2.206811e+01
9.999993e-01 8.711698e-06 1.143621e-03 1.069008e+01 -8.917105e-06 1.000000e+00 1.795678e-04 -2.247946e-01 -1.143620e-03 -1.795786e-04 9.999993e-01 2.435717e+01
9.999982e-01 1.628812e-04 -1.882276e-03 1.125699e+01 -1.636233e-04 9.999999e-01 -3.940951e-04 -2.766319e-01 1.882212e-03 3.944031e-04 9.999982e-01 2.685408e+01
9.999995e-01 -4.653321e-05 9.665781e-04 1.190969e+01 4.633078e-05 1.000000e+00 2.094024e-04 -3.250230e-01 -9.665881e-04 -2.093582e-04 9.999995e-01 2.904007e+01
9.999972e-01 1.436881e-04 -2.364665e-03 1.251012e+01 -1.443728e-04 9.999999e-01 -2.894011e-04 -3.723335e-01 2.364624e-03 2.897424e-04 9.999972e-01 3.070520e+01
9.999985e-01 -3.531165e-05 1.758103e-03 1.334652e+01 3.487611e-05 1.000000e+00 2.477399e-04 -4.300407e-01 -1.758112e-03 -2.476789e-04 9.999984e-01 3.268472e+01
9.999933e-01 1.733230e-04 -3.666890e-03 1.342349e+01 -1.751248e-04 9.999999e-01 -4.910759e-04 -4.564532e-01 3.666804e-03 4.917154e-04 9.999932e-01 3.462600e+01
9.999991e-01 -9.471523e-05 1.347494e-03 1.367546e+01 9.409464e-05 9.999999e-01 4.605702e-04 -4.847941e-01 -1.347538e-03 -4.604437e-04 9.999990e-01 3.574076e+01
9.999944e-01 1.840882e-04 -3.348727e-03 1.399674e+01 -1.857550e-04 9.999999e-01 -4.974542e-04 -5.186501e-01 3.348636e-03 4.980742e-04 9.999943e-01 3.709819e+01
9.999996e-01 -1.101638e-04 8.911105e-04 1.414538e+01 1.097467e-04 9.999999e-01 4.681246e-04 -5.406200e-01 -8.911623e-04 -4.680273e-04 9.999995e-01 3.817292e+01
9.999939e-01 2.036440e-04 -3.476713e-03 1.409165e+01 -2.054584e-04 9.999998e-01 -5.215238e-04 -5.527757e-01 3.476606e-03 5.222357e-04 9.999938e-01 3.923388e+01
9.999997e-01 -1.422137e-04 8.208273e-04 1.397456e+01 1.418077e-04 9.999999e-01 4.946704e-04 -5.591113e-01 -8.208979e-04 -4.945545e-04 9.999995e-01 4.018825e+01
9.999937e-01 2.027006e-04 -3.545884e-03 1.380430e+01 -2.041491e-04 9.999999e-01 -4.081635e-04 -5.608085e-01 3.545801e-03 4.088855e-04 9.999936e-01 4.072508e+01
9.999997e-01 -1.538419e-04 8.219691e-04 1.375284e+01 1.534658e-04 9.999999e-01 4.575076e-04 -5.680500e-01 -8.220397e-04 -4.573820e-04 9.999996e-01 4.146028e+01
9.999943e-01 2.137130e-04 -3.368043e-03 1.363554e+01 -2.151274e-04 9.999999e-01 -4.196120e-04 -5.698839e-01 3.367953e-03 4.203349e-04 9.999942e-01 4.238285e+01
9.999995e-01 -1.009764e-04 1.019117e-03 1.332733e+01 1.003529e-04 9.999998e-01 6.118539e-04 -5.651948e-01 -1.019179e-03 -6.117520e-04 9.999993e-01 4.252877e+01
9.999941e-01 2.094210e-04 -3.425967e-03 1.297507e+01 -2.110029e-04 9.999999e-01 -4.614000e-04 -5.588415e-01 3.425871e-03 4.621209e-04 9.999940e-01 4.283660e+01
9.999996e-01 -9.043790e-05 9.435981e-04 1.259323e+01 8.986315e-05 9.999998e-01 6.090701e-04 -5.526849e-01 -9.436533e-04 -6.089857e-04 9.999994e-01 4.308186e+01
9.999931e-01 1.444026e-04 -3.715526e-03 1.249399e+01 -1.463884e-04 9.999998e-01 -5.342081e-04 -5.591218e-01 3.715449e-03 5.347490e-04 9.999930e-01 4.355490e+01
9.999995e-01 -1.548924e-04 1.016899e-03 1.295190e+01 1.541789e-04 9.999997e-01 7.016753e-04 -5.754789e-01 -1.017008e-03 -7.015188e-04 9.999992e-01 4.373780e+01
9.999928e-01 1.757146e-04 -3.794231e-03 1.315429e+01 -1.780328e-04 9.999998e-01 -6.106699e-04 -5.959512e-01 3.794123e-03 6.113417e-04 9.999926e-01 4.423378e+01
9.999995e-01 -1.332687e-04 9.751583e-04 1.307480e+01 1.325007e-04 9.999997e-01 7.874807e-04 -5.983152e-01 -9.752632e-04 -7.873518e-04 9.999992e-01 4.437301e+01
9.999943e-01 8.204824e-05 -3.368290e-03 1.389815e+01 -8.372049e-05 9.999999e-01 -4.963470e-04 -6.110408e-01 3.368249e-03 4.966269e-04 9.999942e-01 4.435524e+01
9.999997e-01 -7.413534e-05 7.318618e-04 1.416680e+01 7.369078e-05 9.999998e-01 6.073580e-04 -6.291094e-01 -7.319071e-04 -6.073046e-04 9.999995e-01 4.486484e+01
9.999937e-01 9.369722e-05 -3.549081e-03 1.431094e+01 -9.544082e-05 9.999999e-01 -4.911320e-04 -6.426851e-01 3.549035e-03 4.914683e-04 9.999936e-01 4.524756e+01
9.999997e-01 -2.973671e-05 7.267271e-04 1.432494e+01 2.937435e-05 9.999999e-01 4.985369e-04 -6.603763e-01 -7.267422e-04 -4.985162e-04 9.999996e-01 4.595735e+01
9.999936e-01 5.856392e-05 -3.577227e-03 1.440477e+01 -6.017299e-05 9.999999e-01 -4.497212e-04 -6.788893e-01 3.577201e-03 4.499343e-04 9.999935e-01 4.649479e+01
9.999996e-01 -9.350825e-05 8.457722e-04 1.498013e+01 9.293862e-05 9.999998e-01 6.734452e-04 -6.897933e-01 -8.458353e-04 -6.733671e-04 9.999994e-01 4.650346e+01
9.999937e-01 1.182014e-04 -3.535097e-03 1.523300e+01 -1.198272e-04 9.999999e-01 -4.597251e-04 -6.955478e-01 3.535042e-03 4.601466e-04 9.999936e-01 4.637379e+01
9.999995e-01 -5.615355e-05 9.550605e-04 1.522808e+01 5.556230e-05 9.999998e-01 6.190172e-04 -7.025293e-01 -9.550954e-04 -6.189645e-04 9.999994e-01 4.638475e+01
9.999935e-01 -5.110868e-06 -3.598443e-03 1.577920e+01 3.823825e-06 9.999999e-01 -3.576916e-04 -7.135223e-01 3.598445e-03 3.576762e-04 9.999935e-01 4.627888e+01
9.999995e-01 -8.335807e-05 9.476958e-04 1.651101e+01 8.271476e-05 9.999998e-01 6.787575e-04 -7.136805e-01 -9.477525e-04 -6.786795e-04 9.999993e-01 4.586712e+01
9.999941e-01 4.827263e-05 -3.445660e-03 1.714862e+01 -4.981629e-05 9.999999e-01 -4.479358e-04 -7.303755e-01 3.445638e-03 4.481055e-04 9.999940e-01 4.595617e+01
9.999977e-01 -1.094829e-04 2.138052e-03 1.842165e+01 1.078019e-04 9.999997e-01 7.863169e-04 -7.572027e-01 -2.138138e-03 -7.860853e-04 9.999974e-01 4.622029e+01
9.999883e-01 1.602700e-04 -4.829899e-03 1.847621e+01 -1.640517e-04 9.999997e-01 -7.826061e-04 -7.780875e-01 4.829772e-03 7.833900e-04 9.999880e-01 4.698354e+01
9.999967e-01 -1.898486e-04 2.577332e-03 1.955912e+01 1.870453e-04 9.999994e-01 1.087874e-03 -7.932558e-01 -2.577537e-03 -1.087389e-03 9.999961e-01 4.715879e+01
9.999926e-01 7.145049e-05 -3.841108e-03 2.190382e+01 -7.347747e-05 9.999999e-01 -5.275869e-04 -7.950739e-01 3.841071e-03 5.278659e-04 9.999925e-01 4.693801e+01
9.999985e-01 -1.026669e-04 1.707826e-03 2.303497e+01 1.013086e-04 9.999997e-01 7.953763e-04 -8.128679e-01 -1.707908e-03 -7.952028e-04 9.999982e-01 4.722979e+01
9.999918e-01 1.999051e-04 -4.033602e-03 2.282028e+01 -2.021395e-04 9.999998e-01 -5.535683e-04 -8.102606e-01 4.033491e-03 5.543799e-04 9.999917e-01 4.697782e+01
9.999991e-01 -1.881296e-04 1.329908e-03 2.311415e+01 1.871949e-04 9.999997e-01 7.028960e-04 -8.292955e-01 -1.330040e-03 -7.026471e-04 9.999989e-01 4.733244e+01
9.999924e-01 1.663518e-04 -3.905724e-03 2.343197e+01 -1.684805e-04 9.999998e-01 -5.447126e-04 -8.461942e-01 3.905633e-03 5.453672e-04 9.999922e-01 4.741107e+01
9.999988e-01 -1.514121e-04 1.525868e-03 2.360765e+01 1.502466e-04 9.999997e-01 7.638897e-04 -8.567445e-01 -1.525983e-03 -7.636602e-04 9.999985e-01 4.720426e+01
9.999897e-01 1.851990e-04 -4.530869e-03 2.356662e+01 -1.884161e-04 9.999997e-01 -7.096447e-04 -8.673215e-01 4.530737e-03 7.104918e-04 9.999895e-01 4.771423e+01
9.999983e-01 -7.713633e-05 1.816123e-03 2.322770e+01 7.556992e-05 9.999996e-01 8.625119e-04 -8.638851e-01 -1.816189e-03 -8.623739e-04 9.999980e-01 4.780597e+01
9.999905e-01 1.102969e-04 -4.352520e-03 2.338014e+01 -1.132071e-04 9.999998e-01 -6.684057e-04 -8.778779e-01 4.352446e-03 6.688928e-04 9.999903e-01 4.784377e+01
9.999983e-01 -5.019226e-07 1.821298e-03 2.304791e+01 -9.951119e-07 9.999997e-01 8.219156e-04 -8.756946e-01 -1.821298e-03 -8.219168e-04 9.999980e-01 4.806644e+01
9.999910e-01 1.499935e-04 -4.236063e-03 2.263189e+01 -1.528029e-04 9.999998e-01 -6.629079e-04 -8.701154e-01 4.235963e-03 6.635499e-04 9.999908e-01 4.822577e+01
9.999983e-01 -2.544857e-05 1.816414e-03 2.234111e+01 2.398664e-05 9.999997e-01 8.048124e-04 -8.716426e-01 -1.816434e-03 -8.047682e-04 9.999980e-01 4.847075e+01
9.999906e-01 4.289821e-05 -4.336488e-03 2.257864e+01 -4.609451e-05 9.999997e-01 -7.369912e-04 -8.935867e-01 4.336455e-03 7.371848e-04 9.999903e-01 4.911611e+01
9.999986e-01 5.241842e-06 1.699583e-03 2.255854e+01 -6.594261e-06 9.999997e-01 7.956823e-04 -9.063430e-01 -1.699579e-03 -7.956931e-04 9.999982e-01 4.969813e+01
9.999912e-01 9.184955e-05 -4.185942e-03 2.235171e+01 -9.478845e-05 9.999997e-01 -7.019163e-04 -9.110016e-01 4.185877e-03 7.023076e-04 9.999910e-01 5.024453e+01
9.999984e-01 3.509880e-05 1.773033e-03 2.199381e+01 -3.651482e-05 9.999997e-01 7.985655e-04 -9.069664e-01 -1.773005e-03 -7.986297e-04 9.999981e-01 5.074482e+01
9.999904e-01 3.538011e-05 -4.387423e-03 2.182623e+01 -3.879325e-05 9.999997e-01 -7.778733e-04 -9.086339e-01 4.387395e-03 7.780367e-04 9.999901e-01 5.163346e+01
9.999982e-01 -5.343167e-05 1.883939e-03 2.205535e+01 5.169752e-05 9.999996e-01 9.204824e-04 -9.220301e-01 -1.883988e-03 -9.203840e-04 9.999978e-01 5.213917e+01
9.999900e-01 7.327656e-05 -4.471211e-03 2.218236e+01 -7.692236e-05 9.999997e-01 -8.152471e-04 -9.355804e-01 4.471150e-03 8.155836e-04 9.999897e-01 5.267514e+01
9.999983e-01 -6.348898e-05 1.862539e-03 2.233740e+01 6.187169e-05 9.999996e-01 8.683220e-04 -9.541807e-01 -1.862593e-03 -8.682059e-04 9.999979e-01 5.337784e+01
9.999893e-01 1.062767e-04 -4.631221e-03 2.244779e+01 -1.097974e-04 9.999997e-01 -7.599807e-04 -9.693609e-01 4.631139e-03 7.604818e-04 9.999890e-01 5.368847e+01
9.999985e-01 -4.930349e-05 1.720898e-03 2.241982e+01 4.799640e-05 9.999997e-01 7.595221e-04 -9.830213e-01 -1.720935e-03 -7.594391e-04 9.999982e-01 5.440421e+01
9.999895e-01 1.151350e-04 -4.578662e-03 2.225477e+01 -1.184564e-04 9.999997e-01 -7.251479e-04 -9.865703e-01 4.578578e-03 7.256834e-04 9.999893e-01 5.506532e+01
9.999981e-01 -1.267124e-04 1.949600e-03 2.265401e+01 1.249685e-04 9.999996e-01 8.945242e-04 -1.007105e+00 -1.949713e-03 -8.942795e-04 9.999977e-01 5.539850e+01
9.999901e-01 2.221752e-04 -4.451829e-03 2.240919e+01 -2.251855e-04 9.999997e-01 -6.757289e-04 -1.004347e+00 4.451678e-03 6.767253e-04 9.999899e-01 5.529204e+01
9.999981e-01 -9.850534e-05 1.935961e-03 2.210680e+01 9.688019e-05 9.999996e-01 8.394815e-04 -1.001068e+00 -1.936043e-03 -8.392931e-04 9.999978e-01 5.539053e+01
9.999927e-01 2.110157e-04 -3.825295e-03 2.201713e+01 -2.142228e-04 9.999996e-01 -8.380137e-04 -1.009858e+00 3.825117e-03 8.388277e-04 9.999923e-01 5.670934e+01
9.999966e-01 2.407013e-05 2.611184e-03 2.167061e+01 -2.543205e-05 9.999999e-01 5.215030e-04 -1.010535e+00 -2.611171e-03 -5.215684e-04 9.999965e-01 5.920763e+01
9.999919e-01 2.133923e-04 -4.014091e-03 2.128739e+01 -2.168925e-04 9.999996e-01 -8.715813e-04 -1.009026e+00 4.013904e-03 8.724456e-04 9.999916e-01 6.179213e+01
9.999966e-01 -3.099948e-05 2.615303e-03 2.094941e+01 2.941067e-05 9.999998e-01 6.075047e-04 -1.006597e+00 -2.615322e-03 -6.074264e-04 9.999964e-01 6.405328e+01
9.999923e-01 1.612142e-04 -3.910608e-03 2.094902e+01 -1.638060e-04 9.999998e-01 -6.624811e-04 -1.007507e+00 3.910501e-03 6.631173e-04 9.999921e-01 6.617091e+01
9.999961e-01 -6.920207e-05 2.806457e-03 2.110528e+01 6.762003e-05 9.999998e-01 5.637714e-04 -1.011197e+00 -2.806496e-03 -5.635801e-04 9.999959e-01 6.819166e+01
9.999914e-01 2.091625e-04 -4.130783e-03 2.086686e+01 -2.118876e-04 9.999998e-01 -6.593130e-04 -1.008375e+00 4.130645e-03 6.601834e-04 9.999913e-01 7.017596e+01
9.999977e-01 -8.264246e-05 2.157164e-03 2.068183e+01 8.160131e-05 9.999999e-01 4.826833e-04 -1.013310e+00 -2.157204e-03 -4.825068e-04 9.999976e-01 7.187942e+01
9.999891e-01 1.638203e-04 -4.670667e-03 2.084698e+01 -1.664475e-04 9.999998e-01 -5.621197e-04 -1.037997e+00 4.670575e-03 5.628917e-04 9.999889e-01 7.311066e+01
9.999969e-01 -1.952173e-04 2.464079e-03 2.156401e+01 1.932974e-04 9.999997e-01 7.793436e-04 -1.063219e+00 -2.464231e-03 -7.788656e-04 9.999967e-01 7.347144e+01
9.999868e-01 1.651341e-04 -5.127725e-03 2.200873e+01 -1.674821e-04 9.999999e-01 -4.574916e-04 -1.060262e+00 5.127649e-03 4.583451e-04 9.999867e-01 7.286382e+01
9.999973e-01 -2.377638e-04 2.317407e-03 2.272592e+01 2.359331e-04 9.999997e-01 7.901795e-04 -1.061900e+00 -2.317594e-03 -7.896313e-04 9.999970e-01 7.252459e+01
9.999870e-01 1.534963e-04 -5.093239e-03 2.346820e+01 -1.558500e-04 9.999999e-01 -4.617371e-04 -1.063181e+00 5.093168e-03 4.625256e-04 9.999869e-01 7.216307e+01
9.999960e-01 -2.379520e-04 2.817323e-03 2.447292e+01 2.357317e-04 9.999997e-01 7.883627e-04 -1.073654e+00 -2.817510e-03 -7.876961e-04 9.999957e-01 7.203134e+01
9.999864e-01 1.630944e-04 -5.207290e-03 2.546796e+01 -1.652053e-04 9.999999e-01 -4.049666e-04 -1.080741e+00 5.207224e-03 4.058221e-04 9.999864e-01 7.184016e+01
9.999969e-01 -2.733208e-04 2.484301e-03 2.644249e+01 2.713580e-04 9.999997e-01 7.903185e-04 -1.077997e+00 -2.484517e-03 -7.896426e-04 9.999966e-01 7.140291e+01
9.999872e-01 1.833532e-04 -5.052211e-03 2.738482e+01 -1.854122e-04 9.999999e-01 -4.071086e-04 -1.081515e+00 5.052136e-03 4.080408e-04 9.999872e-01 7.112739e+01
9.999971e-01 -2.439811e-04 2.390125e-03 2.815062e+01 2.422770e-04 9.999997e-01 7.132064e-04 -1.089269e+00 -2.390299e-03 -7.126260e-04 9.999969e-01 7.095827e+01
9.999899e-01 1.626701e-04 -4.491972e-03 2.912088e+01 -1.643656e-04 9.999999e-01 -3.770958e-04 -1.103397e+00 4.491911e-03 3.778310e-04 9.999898e-01 7.092726e+01
9.999978e-01 -2.239541e-04 2.075046e-03 2.988836e+01 2.225350e-04 9.999997e-01 6.840534e-04 -1.116043e+00 -2.075199e-03 -6.835908e-04 9.999976e-01 7.086963e+01
9.999893e-01 2.024980e-04 -4.621959e-03 3.038568e+01 -2.048742e-04 9.999998e-01 -5.136663e-04 -1.136824e+00 4.621854e-03 5.146085e-04 9.999892e-01 7.110215e+01
9.999970e-01 -2.461562e-04 2.441665e-03 3.136281e+01 2.440374e-04 9.999996e-01 8.679890e-04 -1.154254e+00 -2.441878e-03 -8.673912e-04 9.999966e-01 7.118236e+01
9.999908e-01 1.005735e-04 -4.280325e-03 3.283361e+01 -1.021812e-04 9.999999e-01 -3.754089e-04 -1.158006e+00 4.280287e-03 3.758436e-04 9.999908e-01 7.084878e+01
9.999963e-01 -1.843515e-04 2.705676e-03 3.417162e+01 1.821952e-04 9.999997e-01 7.971318e-04 -1.175950e+00 -2.705822e-03 -7.966366e-04 9.999960e-01 7.087186e+01
9.999913e-01 1.020640e-04 -4.163965e-03 3.538755e+01 -1.038105e-04 9.999999e-01 -4.192334e-04 -1.198500e+00 4.163922e-03 4.196627e-04 9.999912e-01 7.100317e+01
9.999973e-01 -1.973015e-04 2.323961e-03 3.646737e+01 1.954987e-04 9.999997e-01 7.758735e-04 -1.214936e+00 -2.324114e-03 -7.754178e-04 9.999970e-01 7.098627e+01
9.999868e-01 1.056046e-04 -5.145935e-03 3.719991e+01 -1.078608e-04 9.999999e-01 -4.381831e-04 -1.214309e+00 5.145888e-03 4.387330e-04 9.999867e-01 7.056926e+01
9.999954e-01 -2.017982e-04 3.026900e-03 3.834006e+01 1.992267e-04 9.999996e-01 8.497744e-04 -1.223320e+00 -3.027071e-03 -8.491681e-04 9.999951e-01 7.038275e+01
9.999888e-01 1.178051e-04 -4.725714e-03 3.961795e+01 -1.198007e-04 9.999999e-01 -4.220306e-04 -1.238848e+00 4.725665e-03 4.225928e-04 9.999887e-01 7.034408e+01
9.999942e-01 -2.457769e-04 3.395188e-03 4.120862e+01 2.426776e-04 9.999996e-01 9.131963e-04 -1.252436e+00 -3.395411e-03 -9.123677e-04 9.999938e-01 7.022164e+01
9.999839e-01 1.052101e-04 -5.672578e-03 4.227526e+01 -1.082037e-04 9.999999e-01 -5.274533e-04 -1.254459e+00 5.672522e-03 5.280593e-04 9.999838e-01 6.981449e+01
9.999955e-01 -2.479480e-04 3.000384e-03 4.329793e+01 2.451888e-04 9.999995e-01 9.199177e-04 -1.247452e+00 -3.000611e-03 -9.191786e-04 9.999951e-01 6.920845e+01
9.999836e-01 1.155778e-04 -5.717908e-03 4.435141e+01 -1.184831e-04 9.999999e-01 -5.077962e-04 -1.238753e+00 5.717849e-03 5.084661e-04 9.999835e-01 6.857659e+01
9.999945e-01 -2.459038e-04 3.294780e-03 4.554239e+01 2.427665e-04 9.999995e-01 9.525348e-04 -1.234195e+00 -3.295013e-03 -9.517304e-04 9.999941e-01 6.806025e+01
9.999821e-01 9.261722e-05 -5.986670e-03 4.679639e+01 -9.559875e-05 9.999999e-01 -4.977638e-04 -1.223384e+00 5.986623e-03 4.983279e-04 9.999820e-01 6.742722e+01
9.999944e-01 -2.845539e-04 3.335487e-03 4.826329e+01 2.811958e-04 9.999995e-01 1.007155e-03 -1.205535e+00 -3.335772e-03 -1.006212e-03 9.999939e-01 6.663354e+01
9.999832e-01 1.151238e-04 -5.787909e-03 4.985232e+01 -1.178092e-04 9.999999e-01 -4.636481e-04 -1.191278e+00 5.787855e-03 4.643229e-04 9.999831e-01 6.589652e+01
9.999941e-01 -3.138213e-04 3.410553e-03 5.122888e+01 3.106731e-04 9.999995e-01 9.235370e-04 -1.180748e+00 -3.410841e-03 -9.224727e-04 9.999938e-01 6.518982e+01
9.999828e-01 3.418932e-04 -5.849975e-03 5.191877e+01 -3.445321e-04 9.999998e-01 -4.501144e-04 -1.151500e+00 5.849821e-03 4.521229e-04 9.999828e-01 6.363131e+01
9.999925e-01 -5.881464e-04 3.833434e-03 5.361984e+01 5.844293e-04 9.999994e-01 9.706573e-04 -1.135332e+00 -3.834002e-03 -9.684104e-04 9.999922e-01 6.275737e+01
9.999827e-01 6.524526e-04 -5.845182e-03 5.378989e+01 -6.559504e-04 9.999996e-01 -5.965428e-04 -1.123658e+00 5.844790e-03 6.003673e-04 9.999827e-01 6.159151e+01
9.999905e-01 -7.469452e-04 4.289223e-03 5.515114e+01 7.425042e-04 9.999992e-01 1.036860e-03 -1.138618e+00 -4.289994e-03 -1.033667e-03 9.999903e-01 6.151376e+01
9.999868e-01 6.409789e-04 -5.090715e-03 5.702148e+01 -6.435665e-04 9.999997e-01 -5.067084e-04 -1.159868e+00 5.090389e-03 5.099786e-04 9.999869e-01 6.154986e+01
9.999908e-01 -8.086038e-04 4.220056e-03 5.911446e+01 8.038777e-04 9.999990e-01 1.121457e-03 -1.168791e+00 -4.220959e-03 -1.118055e-03 9.999905e-01 6.127250e+01
9.999905e-01 6.591425e-04 -4.312396e-03 6.151277e+01 -6.612747e-04 9.999997e-01 -4.930494e-04 -1.191261e+00 4.312070e-03 4.958971e-04 9.999906e-01 6.130664e+01
9.999973e-01 -8.498881e-04 2.151006e-03 6.284032e+01 8.478920e-04 9.999992e-01 9.286547e-04 -1.187677e+00 -2.151794e-03 -9.268291e-04 9.999973e-01 6.073679e+01
9.999889e-01 7.345053e-04 -4.648721e-03 6.352549e+01 -7.374633e-04 9.999995e-01 -6.346473e-04 -1.188743e+00 4.648253e-03 6.380692e-04 9.999890e-01 6.026182e+01
9.999968e-01 -9.192502e-04 2.362404e-03 6.507405e+01 9.165156e-04 9.999989e-01 1.158304e-03 -1.176474e+00 -2.363467e-03 -1.156136e-03 9.999965e-01 5.958500e+01
9.999901e-01 7.271148e-04 -4.394015e-03 6.684632e+01 -7.297332e-04 9.999996e-01 -5.943528e-04 -1.165414e+00 4.393581e-03 5.975541e-04 9.999902e-01 5.892404e+01
9.999968e-01 -9.622030e-04 2.332578e-03 6.892238e+01 9.593048e-04 9.999988e-01 1.243194e-03 -1.145535e+00 -2.333771e-03 -1.240953e-03 9.999965e-01 5.804165e+01
9.999940e-01 7.815233e-04 -3.363003e-03 7.092588e+01 -7.837043e-04 9.999995e-01 -6.472809e-04 -1.152853e+00 3.362495e-03 6.499134e-04 9.999941e-01 5.773122e+01
9.999973e-01 -9.143861e-04 2.139732e-03 7.250823e+01 9.120418e-04 9.999990e-01 1.096261e-03 -1.168753e+00 -2.140733e-03 -1.094307e-03 9.999971e-01 5.762597e+01
9.999886e-01 7.727355e-04 -4.715332e-03 7.357052e+01 -7.761542e-04 9.999994e-01 -7.232545e-04 -1.164787e+00 4.714771e-03 7.269067e-04 9.999886e-01 5.709410e+01
9.999973e-01 -9.307253e-04 2.140399e-03 7.476333e+01 9.282841e-04 9.999989e-01 1.141188e-03 -1.153586e+00 -2.141459e-03 -1.139199e-03 9.999971e-01 5.642052e+01
9.999918e-01 6.236541e-04 -4.007185e-03 7.737866e+01 -6.251063e-04 9.999997e-01 -3.611878e-04 -1.116379e+00 4.006959e-03 3.636904e-04 9.999919e-01 5.513911e+01
9.999981e-01 -1.012934e-03 1.639478e-03 7.974116e+01 1.011111e-03 9.999989e-01 1.111780e-03 -1.076680e+00 -1.640602e-03 -1.110121e-03 9.999980e-01 5.374429e+01
9.999902e-01 9.944526e-04 -4.322351e-03 8.026305e+01 -9.979508e-04 9.999992e-01 -8.072791e-04 -1.081332e+00 4.321545e-03 8.115854e-04 9.999903e-01 5.341178e+01
9.999989e-01 -9.729177e-04 1.120427e-03 8.035615e+01 9.718930e-04 9.999991e-01 9.145765e-04 -1.087427e+00 -1.121316e-03 -9.134873e-04 9.999990e-01 5.383550e+01
9.999906e-01 9.995882e-04 -4.222487e-03 8.038495e+01 -1.002585e-03 9.999992e-01 -7.075976e-04 -1.090991e+00 4.221777e-03 7.118250e-04 9.999908e-01 5.404059e+01
9.999986e-01 -1.119381e-03 1.230932e-03 8.155161e+01 1.117964e-03 9.999987e-01 1.151110e-03 -1.078448e+00 -1.232220e-03 -1.149733e-03 9.999986e-01 5.336653e+01
9.999919e-01 9.756180e-04 -3.915955e-03 8.261887e+01 -9.785773e-04 9.999992e-01 -7.538931e-04 -1.069810e+00 3.915217e-03 7.577197e-04 9.999920e-01 5.273522e+01
9.999963e-01 -1.130071e-03 2.466263e-03 8.441732e+01 1.126878e-03 9.999985e-01 1.295578e-03 -1.072334e+00 -2.467724e-03 -1.292795e-03 9.999961e-01 5.231615e+01
9.999886e-01 1.004396e-03 -4.665613e-03 8.549352e+01 -1.008830e-03 9.999990e-01 -9.481246e-04 -1.076134e+00 4.664657e-03 9.528213e-04 9.999887e-01 5.191335e+01
9.999972e-01 -1.070794e-03 2.109755e-03 8.619903e+01 1.068019e-03 9.999986e-01 1.316010e-03 -1.064516e+00 -2.111161e-03 -1.313754e-03 9.999969e-01 5.103257e+01
9.999911e-01 1.137885e-03 -4.069892e-03 8.645889e+01 -1.141635e-03 9.999989e-01 -9.194352e-04 -1.048132e+00 4.068841e-03 9.240741e-04 9.999913e-01 4.971566e+01
9.999969e-01 -1.042830e-03 2.283012e-03 8.663363e+01 1.039806e-03 9.999986e-01 1.325384e-03 -1.032227e+00 -2.284391e-03 -1.323007e-03 9.999965e-01 4.834927e+01
9.999866e-01 9.572212e-04 -5.094132e-03 8.764301e+01 -9.616470e-04 9.999992e-01 -8.664583e-04 -1.011053e+00 5.093298e-03 8.713461e-04 9.999866e-01 4.731535e+01
9.999967e-01 -1.022789e-03 2.343518e-03 8.842915e+01 1.019737e-03 9.999986e-01 1.302793e-03 -9.889668e-01 -2.344847e-03 -1.300400e-03 9.999964e-01 4.616535e+01
9.999875e-01 8.740139e-04 -4.926890e-03 8.960556e+01 -8.783493e-04 9.999992e-01 -8.778741e-04 -9.797580e-01 4.926119e-03 8.821913e-04 9.999875e-01 4.549163e+01
9.999969e-01 -1.009314e-03 2.287359e-03 9.037137e+01 1.006376e-03 9.999987e-01 1.285394e-03 -9.627577e-01 -2.288653e-03 -1.283088e-03 9.999966e-01 4.447494e+01
9.999903e-01 1.061257e-03 -4.267955e-03 9.068219e+01 -1.065013e-03 9.999990e-01 -8.777844e-04 -9.450803e-01 4.267020e-03 8.823221e-04 9.999905e-01 4.313932e+01
9.999969e-01 -9.691264e-04 2.305283e-03 9.100277e+01 9.661111e-04 9.999987e-01 1.308706e-03 -9.261639e-01 -2.306549e-03 -1.306475e-03 9.999965e-01 4.176136e+01
9.999906e-01 1.049706e-03 -4.210182e-03 9.120125e+01 -1.053570e-03 9.999990e-01 -9.156100e-04 -9.130470e-01 4.209218e-03 9.200378e-04 9.999907e-01 4.056578e+01
9.999972e-01 -9.535187e-04 2.180988e-03 9.136638e+01 9.506996e-04 9.999987e-01 1.293192e-03 -9.018353e-01 -2.182219e-03 -1.291115e-03 9.999968e-01 3.941589e+01
9.999911e-01 1.068280e-03 -4.077588e-03 9.143380e+01 -1.072010e-03 9.999990e-01 -9.125556e-04 -8.918777e-01 4.076609e-03 9.169194e-04 9.999913e-01 3.824848e+01
9.999952e-01 -8.869601e-04 2.956560e-03 9.141791e+01 8.827947e-04 9.999986e-01 1.409830e-03 -8.705430e-01 -2.957807e-03 -1.407214e-03 9.999946e-01 3.647048e+01
9.999918e-01 1.064551e-03 -3.898328e-03 9.142384e+01 -1.068014e-03 9.999990e-01 -8.864055e-04 -8.456277e-01 3.897381e-03 8.905624e-04 9.999920e-01 3.449297e+01
9.999982e-01 -1.101307e-03 1.562723e-03 9.195576e+01 1.099386e-03 9.999986e-01 1.229139e-03 -8.393584e-01 -1.564075e-03 -1.227419e-03 9.999980e-01 3.369152e+01
9.999932e-01 1.157757e-03 -3.498489e-03 9.224048e+01 -1.160573e-03 9.999990e-01 -8.030218e-04 -8.196446e-01 3.497556e-03 8.070773e-04 9.999936e-01 3.222648e+01
9.999967e-01 -9.717250e-04 2.373835e-03 9.224106e+01 9.686602e-04 9.999987e-01 1.291798e-03 -7.983714e-01 -2.375087e-03 -1.289495e-03 9.999963e-01 3.049683e+01
9.999908e-01 1.102782e-03 -4.133373e-03 9.231093e+01 -1.106586e-03 9.999990e-01 -9.182591e-04 -7.872282e-01 4.132356e-03 9.228253e-04 9.999910e-01 2.930900e+01
9.999968e-01 -9.786766e-04 2.336784e-03 9.228651e+01 9.756776e-04 9.999987e-01 1.284120e-03 -7.811752e-01 -2.338038e-03 -1.281837e-03 9.999964e-01 2.829206e+01
9.999928e-01 1.165467e-03 -3.618744e-03 9.197853e+01 -1.168618e-03 9.999989e-01 -8.687107e-04 -7.689367e-01 3.617728e-03 8.729340e-04 9.999931e-01 2.721867e+01
9.999967e-01 -9.776512e-04 2.360298e-03 9.183676e+01 9.745706e-04 9.999987e-01 1.305912e-03 -7.559510e-01 -2.361572e-03 -1.303608e-03 9.999964e-01 2.585445e+01
9.999904e-01 1.094228e-03 -4.239045e-03 9.186387e+01 -1.098193e-03 9.999990e-01 -9.331576e-04 -7.481704e-01 4.238020e-03 9.378047e-04 9.999906e-01 2.481096e+01
9.999981e-01 -1.197650e-03 1.556966e-03 9.270459e+01 1.195698e-03 9.999985e-01 1.254156e-03 -7.476147e-01 -1.558466e-03 -1.252293e-03 9.999980e-01 2.441235e+01
9.999900e-01 1.100259e-03 -4.343374e-03 9.347794e+01 -1.104214e-03 9.999990e-01 -9.082587e-04 -7.471935e-01 4.342371e-03 9.130463e-04 9.999902e-01 2.398580e+01
9.999969e-01 -1.232491e-03 2.140317e-03 9.491010e+01 1.229472e-03 9.999982e-01 1.411064e-03 -7.449434e-01 -2.142053e-03 -1.408428e-03 9.999967e-01 2.347122e+01
9.999872e-01 1.106843e-03 -4.937460e-03 9.582640e+01 -1.111716e-03 9.999989e-01 -9.844551e-04 -7.277072e-01 4.936365e-03 9.899322e-04 9.999873e-01 2.252233e+01
9.999963e-01 -1.144905e-03 2.486048e-03 9.631182e+01 1.141551e-03 9.999984e-01 1.350187e-03 -7.184533e-01 -2.487591e-03 -1.347345e-03 9.999960e-01 2.168461e+01
9.999861e-01 1.032817e-03 -5.165699e-03 9.732438e+01 -1.037631e-03 9.999990e-01 -9.292590e-04 -7.144279e-01 5.164734e-03 9.346069e-04 9.999862e-01 2.119224e+01
9.999936e-01 -1.141002e-03 3.394621e-03 9.866175e+01 1.136341e-03 9.999984e-01 1.374713e-03 -7.228493e-01 -3.396185e-03 -1.370848e-03 9.999933e-01 2.092823e+01
9.999874e-01 1.028644e-03 -4.903622e-03 1.000399e+02 -1.033247e-03 9.999990e-01 -9.362795e-04 -7.374929e-01 4.902655e-03 9.413351e-04 9.999875e-01 2.083530e+01
9.999951e-01 -1.152518e-03 2.904390e-03 1.012825e+02 1.148616e-03 9.999984e-01 1.344871e-03 -7.437228e-01 -2.905936e-03 -1.341530e-03 9.999949e-01 2.053905e+01
9.999847e-01 1.037902e-03 -5.441853e-03 1.019870e+02 -1.043510e-03 9.999989e-01 -1.027840e-03 -7.420911e-01 5.440781e-03 1.033504e-03 9.999847e-01 1.998928e+01
9.999950e-01 -1.045441e-03 2.996651e-03 1.022852e+02 1.041390e-03 9.999985e-01 1.352890e-03 -7.349038e-01 -2.998061e-03 -1.349763e-03 9.999946e-01 1.915959e+01
9.999864e-01 1.116754e-03 -5.101770e-03 1.024027e+02 -1.122021e-03 9.999988e-01 -1.029565e-03 -7.284588e-01 5.100615e-03 1.035276e-03 9.999865e-01 1.822889e+01
9.999965e-01 -1.128941e-03 2.375202e-03 1.029211e+02 1.125750e-03 9.999985e-01 1.344374e-03 -7.264928e-01 -2.376717e-03 -1.341696e-03 9.999963e-01 1.771321e+01
9.999858e-01 1.086803e-03 -5.211647e-03 1.034902e+02 -1.092390e-03 9.999988e-01 -1.069372e-03 -7.340360e-01 5.210479e-03 1.075050e-03 9.999858e-01 1.767030e+01
9.999964e-01 -1.234604e-03 2.383464e-03 1.046511e+02 1.231047e-03 9.999981e-01 1.493215e-03 -7.239722e-01 -2.385303e-03 -1.490276e-03 9.999960e-01 1.707252e+01
9.999978e-01 1.132314e-03 -1.748028e-03 1.065752e+02 -1.134394e-03 9.999986e-01 -1.189647e-03 -7.791493e-01 1.746679e-03 1.191628e-03 9.999978e-01 1.804536e+01
9.999987e-01 -1.144891e-03 1.123612e-03 1.071884e+02 1.143590e-03 9.999987e-01 1.158040e-03 -8.272602e-01 -1.124937e-03 -1.156755e-03 9.999987e-01 1.940823e+01
9.999923e-01 1.126787e-03 -3.751711e-03 1.075496e+02 -1.129909e-03 9.999990e-01 -8.301007e-04 -8.222171e-01 3.750773e-03 8.343341e-04 9.999926e-01 1.872355e+01
9.999988e-01 -1.223560e-03 9.360615e-04 1.084164e+02 1.222443e-03 9.999985e-01 1.192356e-03 -8.174614e-01 -9.375194e-04 -1.191211e-03 9.999989e-01 1.820979e+01
9.999926e-01 1.203019e-03 -3.641434e-03 1.089178e+02 -1.206149e-03 9.999989e-01 -8.575001e-04 -8.111875e-01 3.640399e-03 8.618866e-04 9.999930e-01 1.753075e+01
9.999986e-01 -1.211706e-03 1.152294e-03 1.092643e+02 1.210345e-03 9.999986e-01 1.180845e-03 -8.060354e-01 -1.153723e-03 -1.179450e-03 9.999986e-01 1.678715e+01
9.999913e-01 1.145816e-03 -4.013142e-03 1.102045e+02 -1.148837e-03 9.999991e-01 -7.505896e-04 -7.916668e-01 4.012278e-03 7.551942e-04 9.999917e-01 1.600019e+01
9.999986e-01 -1.268574e-03 1.050490e-03 1.110656e+02 1.267363e-03 9.999985e-01 1.152782e-03 -7.759725e-01 -1.051951e-03 -1.151449e-03 9.999988e-01 1.515618e+01
9.999938e-01 1.167319e-03 -3.324380e-03 1.121923e+02 -1.169946e-03 9.999990e-01 -7.884702e-04 -7.765830e-01 3.323456e-03 7.923554e-04 9.999942e-01 1.471401e+01
9.999971e-01 -1.266954e-03 2.024150e-03 1.134744e+02 1.264559e-03 9.999985e-01 1.183828e-03 -7.932248e-01 -2.025647e-03 -1.181266e-03 9.999973e-01 1.467505e+01
9.999955e-01 1.211114e-03 -2.733881e-03 1.151449e+02 -1.213199e-03 9.999990e-01 -7.612625e-04 -8.291364e-01 2.732957e-03 7.645766e-04 9.999960e-01 1.513228e+01
9.999952e-01 -1.367932e-03 2.785079e-03 1.173387e+02 1.364552e-03 9.999983e-01 1.215035e-03 -8.576190e-01 -2.786737e-03 -1.211229e-03 9.999954e-01 1.540587e+01
9.999949e-01 1.241619e-03 -2.946562e-03 1.191756e+02 -1.244007e-03 9.999989e-01 -8.090335e-04 -8.886338e-01 2.945554e-03 8.126956e-04 9.999953e-01 1.570342e+01
9.999963e-01 -1.295611e-03 2.397059e-03 1.206252e+02 1.292982e-03 9.999986e-01 1.097956e-03 -9.293904e-01 -2.398479e-03 -1.094853e-03 9.999965e-01 1.630587e+01
9.999876e-01 1.253295e-03 -4.824086e-03 1.211600e+02 -1.256998e-03 9.999989e-01 -7.647171e-04 -9.215331e-01 4.823123e-03 7.707722e-04 9.999881e-01 1.554018e+01
9.999945e-01 -1.141644e-03 3.114578e-03 1.212241e+02 1.138019e-03 9.999987e-01 1.165344e-03 -9.100530e-01 -3.115905e-03 -1.161793e-03 9.999945e-01 1.437087e+01
9.999823e-01 1.044258e-03 -5.851091e-03 1.222035e+02 -1.048725e-03 9.999992e-01 -7.605497e-04 -8.996434e-01 5.850292e-03 7.666732e-04 9.999826e-01 1.367910e+01
9.999925e-01 -1.169381e-03 3.692074e-03 1.235759e+02 1.164884e-03 9.999986e-01 1.219831e-03 -9.007406e-01 -3.693496e-03 -1.215522e-03 9.999924e-01 1.328939e+01
9.999871e-01 1.063963e-03 -4.967347e-03 1.250985e+02 -1.067880e-03 9.999991e-01 -7.859703e-04 -9.186414e-01 4.966506e-03 7.912653e-04 9.999874e-01 1.328182e+01
9.999944e-01 -1.219380e-03 3.103370e-03 1.265802e+02 1.215476e-03 9.999985e-01 1.259426e-03 -9.207314e-01 -3.104901e-03 -1.255648e-03 9.999944e-01 1.283984e+01
9.999818e-01 1.082887e-03 -5.939851e-03 1.275005e+02 -1.087935e-03 9.999990e-01 -8.466157e-04 -9.063516e-01 5.938929e-03 8.530632e-04 9.999820e-01 1.197062e+01
9.999938e-01 -1.139680e-03 3.327190e-03 1.282408e+02 1.135448e-03 9.999985e-01 1.273561e-03 -8.856451e-01 -3.328637e-03 -1.269776e-03 9.999937e-01 1.084893e+01
9.999851e-01 1.009635e-03 -5.362854e-03 1.296227e+02 -1.014007e-03 9.999992e-01 -8.126219e-04 -8.863505e-01 5.362029e-03 8.180484e-04 9.999853e-01 1.043568e+01
9.999902e-01 -1.100736e-03 4.284972e-03 1.312358e+02 1.095283e-03 9.999986e-01 1.274666e-03 -9.088374e-01 -4.286369e-03 -1.269961e-03 9.999900e-01 1.052997e+01
9.999833e-01 1.053461e-03 -5.691075e-03 1.325311e+02 -1.059236e-03 9.999989e-01 -1.011718e-03 -9.358697e-01 5.690003e-03 1.017730e-03 9.999833e-01 1.089174e+01
9.999928e-01 -1.056039e-03 3.643129e-03 1.334311e+02 1.051912e-03 9.999988e-01 1.134744e-03 -9.511648e-01 -3.644324e-03 -1.130904e-03 9.999927e-01 1.139345e+01
9.999852e-01 1.162749e-03 -5.314449e-03 1.335947e+02 -1.168777e-03 9.999987e-01 -1.131204e-03 -9.832724e-01 5.313126e-03 1.137400e-03 9.999852e-01 1.260103e+01
9.999931e-01 -1.040686e-03 3.579366e-03 1.334612e+02 1.036613e-03 9.999988e-01 1.139555e-03 -9.959943e-01 -3.580548e-03 -1.135837e-03 9.999929e-01 1.340970e+01
9.999850e-01 1.285752e-03 -5.321463e-03 1.331128e+02 -1.289822e-03 9.999989e-01 -7.614998e-04 -9.710723e-01 5.320478e-03 7.683528e-04 9.999856e-01 1.247598e+01
9.999931e-01 -1.211520e-03 3.522472e-03 1.335262e+02 1.207276e-03 9.999985e-01 1.206638e-03 -9.601787e-01 -3.523929e-03 -1.202378e-03 9.999931e-01 1.137242e+01
9.999903e-01 1.140225e-03 -4.262080e-03 1.353853e+02 -1.143300e-03 9.999991e-01 -7.192181e-04 -9.871782e-01 4.261256e-03 7.240846e-04 9.999907e-01 1.157997e+01
9.999869e-01 -1.251686e-03 4.961571e-03 1.376849e+02 1.245800e-03 9.999985e-01 1.189134e-03 -1.039027e+00 -4.963053e-03 -1.182938e-03 9.999870e-01 1.233016e+01
9.999894e-01 1.115063e-03 -4.468577e-03 1.399066e+02 -1.118314e-03 9.999991e-01 -7.252199e-04 -1.083960e+00 4.467765e-03 7.302102e-04 9.999898e-01 1.292535e+01
9.999895e-01 -1.097847e-03 4.457702e-03 1.409359e+02 1.094109e-03 9.999990e-01 8.408481e-04 -1.146812e+00 -4.458621e-03 -8.359627e-04 9.999897e-01 1.428292e+01
9.999877e-01 1.057587e-03 -4.838915e-03 1.418407e+02 -1.061342e-03 9.999991e-01 -7.734620e-04 -1.200069e+00 4.838094e-03 7.785890e-04 9.999880e-01 1.553980e+01
9.999906e-01 -1.172650e-03 4.164800e-03 1.437437e+02 1.167312e-03 9.999985e-01 1.283846e-03 -1.222049e+00 -4.166299e-03 -1.278973e-03 9.999905e-01 1.561346e+01
9.999763e-01 1.032179e-03 -6.800188e-03 1.447052e+02 -1.038450e-03 9.999990e-01 -9.187123e-04 -1.219854e+00 6.799233e-03 9.257529e-04 9.999765e-01 1.515879e+01
9.999914e-01 -1.092176e-03 3.992118e-03 1.453316e+02 1.087147e-03 9.999986e-01 1.261740e-03 -1.212298e+00 -3.993491e-03 -1.257390e-03 9.999912e-01 1.451340e+01
9.999779e-01 1.096929e-03 -6.561425e-03 1.456397e+02 -1.103255e-03 9.999989e-01 -9.606044e-04 -1.208839e+00 6.560364e-03 9.678227e-04 9.999780e-01 1.383973e+01
9.999881e-01 -1.140247e-03 4.747265e-03 1.467827e+02 1.134036e-03 9.999985e-01 1.310660e-03 -1.227583e+00 -4.748753e-03 -1.305261e-03 9.999879e-01 1.394898e+01
9.999840e-01 1.089536e-03 -5.557861e-03 1.481830e+02 -1.095173e-03 9.999989e-01 -1.011412e-03 -1.266800e+00 5.556753e-03 1.017483e-03 9.999840e-01 1.453212e+01
9.999939e-01 -1.203247e-03 3.293535e-03 1.490157e+02 1.199055e-03 9.999985e-01 1.274354e-03 -1.278937e+00 -3.295064e-03 -1.270397e-03 9.999938e-01 1.439575e+01
9.999835e-01 1.165592e-03 -5.624743e-03 1.497177e+02 -1.171172e-03 9.999988e-01 -9.889591e-04 -1.292309e+00 5.623584e-03 9.955310e-04 9.999837e-01 1.434520e+01
9.999896e-01 -1.216260e-03 4.390585e-03 1.509248e+02 1.210708e-03 9.999985e-01 1.267004e-03 -1.325040e+00 -4.392120e-03 -1.261676e-03 9.999896e-01 1.483140e+01
9.999827e-01 1.158106e-03 -5.767380e-03 1.522846e+02 -1.163234e-03 9.999989e-01 -8.860393e-04 -1.349571e+00 5.766348e-03 8.927334e-04 9.999830e-01 1.505543e+01
9.999877e-01 -1.253144e-03 4.808514e-03 1.539437e+02 1.246717e-03 9.999983e-01 1.339388e-03 -1.374959e+00 -4.810184e-03 -1.333377e-03 9.999875e-01 1.525959e+01
9.999882e-01 1.143555e-03 -4.725230e-03 1.558349e+02 -1.148627e-03 9.999988e-01 -1.070862e-03 -1.427057e+00 4.723999e-03 1.076278e-03 9.999883e-01 1.634949e+01
9.999820e-01 -1.274156e-03 5.855039e-03 1.584234e+02 1.266004e-03 9.999982e-01 1.395709e-03 -1.493311e+00 -5.856808e-03 -1.388272e-03 9.999819e-01 1.792629e+01
9.999877e-01 1.042673e-03 -4.841614e-03 1.623513e+02 -1.044648e-03 9.999994e-01 -4.055580e-04 -1.498471e+00 4.841189e-03 4.106115e-04 9.999882e-01 1.756947e+01
9.999812e-01 -1.191689e-03 6.010369e-03 1.659473e+02 1.184093e-03 9.999985e-01 1.267242e-03 -1.525347e+00 -6.011870e-03 -1.260102e-03 9.999811e-01 1.771338e+01
9.999847e-01 1.096589e-03 -5.419798e-03 1.679607e+02 -1.102093e-03 9.999989e-01 -1.012702e-03 -1.587594e+00 5.418681e-03 1.018660e-03 9.999848e-01 1.917271e+01
9.999804e-01 -1.213693e-03 6.143351e-03 1.714042e+02 1.202576e-03 9.999976e-01 1.812911e-03 -1.616654e+00 -6.145537e-03 -1.805488e-03 9.999795e-01 1.947500e+01
9.999885e-01 1.067043e-03 -4.672884e-03 1.753934e+02 -1.071299e-03 9.999990e-01 -9.083726e-04 -1.643247e+00 4.671911e-03 9.133689e-04 9.999887e-01 1.964645e+01
9.999918e-01 -1.215045e-03 3.863451e-03 1.779523e+02 1.208817e-03 9.999980e-01 1.613850e-03 -1.646116e+00 -3.865404e-03 -1.609167e-03 9.999912e-01 1.926424e+01
9.999841e-01 1.045631e-03 -5.542690e-03 1.801406e+02 -1.051041e-03 9.999990e-01 -9.732432e-04 -1.634948e+00 5.541667e-03 9.790540e-04 9.999842e-01 1.854468e+01
9.999915e-01 -1.087100e-03 3.980586e-03 1.814878e+02 1.081895e-03 9.999986e-01 1.309505e-03 -1.655694e+00 -3.982004e-03 -1.305188e-03 9.999912e-01 1.868698e+01
9.999836e-01 1.027365e-03 -5.640209e-03 1.826248e+02 -1.032834e-03 9.999990e-01 -9.668256e-04 -1.681414e+00 5.639211e-03 9.726358e-04 9.999836e-01 1.895872e+01
9.999947e-01 -1.126345e-03 3.069078e-03 1.834494e+02 1.122542e-03 9.999986e-01 1.240553e-03 -1.690962e+00 -3.070471e-03 -1.237102e-03 9.999945e-01 1.885839e+01
9.999823e-01 1.156714e-03 -5.833392e-03 1.837681e+02 -1.162176e-03 9.999989e-01 -9.330355e-04 -1.687317e+00 5.832306e-03 9.397991e-04 9.999826e-01 1.824894e+01
9.999948e-01 -1.203448e-03 2.984263e-03 1.842783e+02 1.200101e-03 9.999986e-01 1.123293e-03 -1.697425e+00 -2.985611e-03 -1.119706e-03 9.999949e-01 1.826022e+01
9.999860e-01 1.229219e-03 -5.154688e-03 1.848820e+02 -1.234324e-03 9.999988e-01 -9.872970e-04 -1.725721e+00 5.153468e-03 9.936464e-04 9.999862e-01 1.891243e+01
9.999941e-01 -1.242704e-03 3.201290e-03 1.856457e+02 1.238887e-03 9.999985e-01 1.193921e-03 -1.755004e+00 -3.202770e-03 -1.189949e-03 9.999942e-01 1.941756e+01
9.999869e-01 1.183077e-03 -4.985829e-03 1.865518e+02 -1.187823e-03 9.999988e-01 -9.491714e-04 -1.779242e+00 4.984701e-03 9.550819e-04 9.999871e-01 1.962973e+01
9.999966e-01 -1.251239e-03 2.291209e-03 1.871981e+02 1.248521e-03 9.999985e-01 1.187075e-03 -1.787047e+00 -2.292691e-03 -1.184211e-03 9.999967e-01 1.950275e+01
9.999919e-01 1.171763e-03 -3.859755e-03 1.884235e+02 -1.174998e-03 9.999990e-01 -8.359333e-04 -1.807863e+00 3.858772e-03 8.404624e-04 9.999922e-01 1.963209e+01
