9.999950e-01 9.565464e-05 -3.168942e-03 -4.175435e-01 -9.495593e-05 1.000000e+00 2.206428e-04 1.539879e-02 3.168962e-03 -2.203415e-04 9.999950e-01 3.943940e-01
1.000000e+00 -3.338049e-05 1.920246e-04 -5.215953e-01 3.337356e-05 1.000000e+00 3.622843e-05 1.636219e-02 -1.920255e-04 -3.622131e-05 1.000000e+00 5.793615e-01
9.999947e-01 7.985799e-05 -3.257310e-03 -6.387041e-01 -7.921892e-05 1.000000e+00 1.963314e-04 1.993642e-02 3.257325e-03 -1.960730e-04 9.999947e-01 7.612913e-01
1.000000e+00 3.560509e-05 1.009688e-04 -8.481482e-01 -3.560892e-05 1.000000e+00 3.823672e-05 2.140061e-02 -1.009671e-04 -3.823960e-05 1.000000e+00 1.392185e+00
9.999951e-01 1.312009e-04 -3.130989e-03 -1.760683e+00 -1.306677e-04 1.000000e+00 1.705058e-04 6.558901e-02 3.131010e-03 -1.700966e-04 9.999951e-01 1.808445e+00
9.999999e-01 1.278124e-04 3.158399e-04 -2.978345e+00 -1.278199e-04 1.000000e+00 2.373937e-05 1.242251e-01 -3.158365e-04 -2.377903e-05 9.999999e-01 2.269347e+00
9.999954e-01 1.406385e-04 -3.041121e-03 -4.188930e+00 -1.401258e-04 1.000000e+00 1.688362e-04 1.805583e-01 3.041144e-03 -1.684099e-04 9.999954e-01 2.711208e+00
9.999999e-01 4.127386e-05 3.981472e-04 -4.934862e+00 -4.128445e-05 1.000000e+00 2.667588e-05 2.079556e-01 -3.981457e-04 -2.669160e-05 9.999999e-01 2.966852e+00
9.999953e-01 3.549096e-05 -3.073451e-03 -4.764297e+00 -3.501911e-05 1.000000e+00 1.535886e-04 1.917208e-01 3.073456e-03 -1.534809e-04 9.999953e-01 3.371906e+00
1.000000e+00 8.714657e-05 2.531739e-04 -4.821986e+00 -8.716585e-05 1.000000e+00 7.628349e-05 1.811230e-01 -2.531669e-04 -7.630484e-05 1.000000e+00 3.891505e+00
9.999925e-01 2.252916e-05 -3.868016e-03 -5.068963e+00 -2.216209e-05 1.000000e+00 9.495105e-05 1.902658e-01 3.868018e-03 -9.486533e-05 9.999925e-01 4.475408e+00
9.999997e-01 5.757607e-05 7.504184e-04 -4.941766e+00 -5.769717e-05 1.000000e+00 1.614042e-04 1.795843e-01 -7.504088e-04 -1.614468e-04 9.999997e-01 4.966832e+00
9.999931e-01 1.058855e-04 -3.720752e-03 -5.038606e+00 -1.057580e-04 1.000000e+00 3.446908e-05 1.709966e-01 3.720755e-03 -3.407606e-05 9.999931e-01 5.676040e+00
9.999997e-01 -1.044906e-04 7.869431e-04 -4.610875e+00 1.043150e-04 1.000000e+00 2.231694e-04 1.678207e-01 -7.869661e-04 -2.230866e-04 9.999997e-01 5.701152e+00
9.999946e-01 1.016982e-04 -3.273441e-03 -3.819713e+00 -1.011419e-04 1.000000e+00 1.701213e-04 1.593973e-01 3.273458e-03 -1.697900e-04 9.999946e-01 5.743986e+00
9.999995e-01 -1.143260e-05 1.012448e-03 -2.960607e+00 1.117352e-05 1.000000e+00 2.559405e-04 1.435308e-01 -1.012450e-03 -2.559283e-04 9.999995e-01 6.053679e+00
9.999931e-01 2.078880e-04 -3.701188e-03 -2.487909e+00 -2.075020e-04 1.000000e+00 1.046786e-04 1.223931e-01 3.701209e-03 -1.039106e-04 9.999931e-01 6.809508e+00
9.999984e-01 6.489505e-05 1.814685e-03 -1.943469e+00 -6.520218e-05 1.000000e+00 1.692112e-04 8.712896e-02 -1.814674e-03 -1.693285e-04 9.999983e-01 7.542155e+00
9.999914e-01 1.886369e-04 -4.140207e-03 -1.662025e+00 -1.881659e-04 1.000000e+00 1.141719e-04 5.611051e-02 4.140229e-03 -1.133925e-04 9.999914e-01 8.338596e+00
9.999985e-01 -3.581246e-05 1.729644e-03 -1.089966e+00 3.541041e-05 1.000000e+00 2.325029e-04 3.400513e-02 -1.729652e-03 -2.324406e-04 9.999985e-01 8.789713e+00
9.999952e-01 2.144747e-04 -3.083387e-03 -1.884602e-02 -2.140698e-04 1.000000e+00 1.316344e-04 7.485431e-04 3.083415e-03 -1.309744e-04 9.999952e-01 9.399949e+00
9.999985e-01 3.782592e-05 1.703954e-03 8.308062e-01 -3.806009e-05 1.000000e+00 1.374215e-04 -3.340189e-02 -1.703949e-03 -1.374855e-04 9.999985e-01 1.011802e+01
9.999946e-01 7.618508e-05 -3.270508e-03 1.699086e+00 -7.555301e-05 1.000000e+00 1.933996e-04 -6.085909e-02 3.270522e-03 -1.931522e-04 9.999946e-01 1.050475e+01
9.999990e-01 6.970039e-05 1.429304e-03 2.364111e+00 -6.970068e-05 1.000000e+00 1.885898e-07 -8.477827e-02 -1.429303e-03 -2.875011e-07 9.999990e-01 1.097246e+01
9.999920e-01 3.343744e-05 -3.996991e-03 2.679169e+00 -3.235537e-05 1.000000e+00 2.707961e-04 -1.038590e-01 3.997000e-03 -2.706653e-04 9.999920e-01 1.142047e+01
9.999991e-01 1.188925e-04 1.303645e-03 3.051033e+00 -1.188825e-04 1.000000e+00 -7.703284e-06 -1.233456e-01 -1.303646e-03 7.549008e-06 9.999992e-01 1.198281e+01
9.999933e-01 -6.598291e-06 -3.671917e-03 3.511241e+00 7.194140e-06 1.000000e+00 1.622713e-04 -1.332733e-01 3.671915e-03 -1.622973e-04 9.999932e-01 1.175466e+01
9.999992e-01 5.065744e-05 1.261250e-03 3.778880e+00 -5.075319e-05 1.000000e+00 7.592042e-05 -1.498203e-01 -1.261246e-03 -7.598366e-05 9.999992e-01 1.182417e+01
9.999920e-01 7.335336e-05 -4.008668e-03 4.141912e+00 -7.250405e-05 1.000000e+00 2.120243e-04 -1.686396e-01 4.008683e-03 -2.117327e-04 9.999919e-01 1.220022e+01
9.999997e-01 7.540976e-06 7.770020e-04 4.100969e+00 -7.591991e-06 1.000000e+00 6.571857e-05 -1.675908e-01 -7.770012e-04 -6.572373e-05 9.999997e-01 1.262658e+01
9.999906e-01 5.886736e-05 -4.335516e-03 3.769476e+00 -5.825361e-05 1.000000e+00 1.417021e-04 -1.520658e-01 4.335524e-03 -1.414489e-04 9.999906e-01 1.299323e+01
9.999993e-01 5.161157e-05 1.151069e-03 3.754971e+00 -5.167695e-05 1.000000e+00 5.681116e-05 -1.612652e-01 -1.151066e-03 -5.686989e-05 9.999993e-01 1.350901e+01
9.999910e-01 7.784434e-05 -4.242710e-03 3.815691e+00 -7.732363e-05 1.000000e+00 1.229048e-04 -1.725956e-01 4.242719e-03 -1.225764e-04 9.999910e-01 1.383497e+01
9.999978e-01 1.001372e-05 2.079000e-03 4.020753e+00 -1.007782e-05 1.000000e+00 3.084843e-05 -1.849116e-01 -2.078999e-03 -3.086860e-05 9.999978e-01 1.367221e+01
9.999887e-01 2.034892e-04 -4.744346e-03 4.184568e+00 -2.028050e-04 1.000000e+00 1.447037e-04 -2.105818e-01 4.744375e-03 -1.437406e-04 9.999887e-01 1.433137e+01
9.999982e-01 -4.865979e-05 1.914636e-03 4.200802e+00 4.855854e-05 1.000000e+00 5.295898e-05 -2.277018e-01 -1.914638e-03 -5.286520e-05 9.999982e-01 1.499663e+01
9.999910e-01 2.023300e-04 -4.226369e-03 3.912942e+00 -2.016800e-04 1.000000e+00 1.542269e-04 -2.271186e-01 4.226400e-03 -1.533738e-04 9.999911e-01 1.473958e+01
9.999991e-01 -1.266088e-04 1.338993e-03 3.583108e+00 1.264824e-04 1.000000e+00 9.450306e-05 -2.213499e-01 -1.339005e-03 -9.433290e-05 9.999991e-01 1.490705e+01
9.999877e-01 2.467297e-04 -4.963527e-03 3.315845e+00 -2.461613e-04 1.000000e+00 1.151271e-04 -2.113010e-01 4.963555e-03 -1.139046e-04 9.999877e-01 1.561516e+01
9.999961e-01 -1.187885e-04 2.794498e-03 3.854010e+00 1.183098e-04 1.000000e+00 1.714759e-04 -2.364542e-01 -2.794518e-03 -1.711439e-04 9.999961e-01 1.590485e+01
9.999909e-01 2.379015e-04 -4.259584e-03 4.664964e+00 -2.369769e-04 9.999999e-01 2.175878e-04 -2.647093e-01 4.259636e-03 -2.165771e-04 9.999909e-01 1.619885e+01
9.999988e-01 -1.545519e-04 1.519184e-03 4.963681e+00 1.544731e-04 1.000000e+00 5.203802e-05 -2.836278e-01 -1.519191e-03 -5.180258e-05 9.999988e-01 1.646212e+01
9.999900e-01 1.939915e-04 -4.478143e-03 4.802328e+00 -1.931439e-04 1.000000e+00 1.897136e-04 -2.832050e-01 4.478179e-03 -1.888475e-04 9.999900e-01 1.661242e+01
9.999993e-01 -1.216217e-04 1.212458e-03 4.490216e+00 1.216173e-04 1.000000e+00 3.752078e-06 -2.725307e-01 -1.212459e-03 -3.603908e-06 9.999993e-01 1.687128e+01
9.999914e-01 2.271601e-04 -4.134399e-03 4.078936e+00 -2.262654e-04 1.000000e+00 2.168988e-04 -2.606837e-01 4.134447e-03 -2.159622e-04 9.999914e-01 1.717033e+01
9.999997e-01 -7.763337e-05 7.526095e-04 3.724114e+00 7.767086e-05 1.000000e+00 -4.969030e-05 -2.478209e-01 -7.526053e-04 4.974945e-05 9.999997e-01 1.806680e+01
9.999925e-01 3.220511e-04 -3.847530e-03 2.822875e+00 -3.207960e-04 9.999999e-01 3.268595e-04 -2.051211e-01 3.847635e-03 -3.256235e-04 9.999925e-01 1.863359e+01
9.999972e-01 -5.788550e-06 2.384107e-03 1.430960e+00 5.837019e-06 1.000000e+00 -2.029432e-05 -1.457854e-01 -2.384106e-03 2.030888e-05 9.999972e-01 1.868631e+01
9.999836e-01 1.475739e-04 -5.717865e-03 6.414592e-01 -1.460763e-04 1.000000e+00 2.623548e-04 -1.040960e-01 5.717903e-03 -2.615160e-04 9.999836e-01 1.911959e+01
9.999969e-01 -1.011136e-06 2.482761e-03 -1.727586e-01 1.112331e-06 1.000000e+00 -4.072931e-05 -6.105728e-02 -2.482760e-03 4.073266e-05 9.999969e-01 1.956033e+01
9.999848e-01 1.526492e-04 -5.507874e-03 -9.154703e-01 -1.511265e-04 1.000000e+00 2.768768e-04 -2.529672e-02 5.507915e-03 -2.760409e-04 9.999848e-01 1.988574e+01
9.999965e-01 8.792640e-06 2.653265e-03 -1.702736e+00 -8.686753e-06 1.000000e+00 -3.989216e-05 1.026051e-02 -2.653265e-03 3.986968e-05 9.999965e-01 2.015986e+01
9.999812e-01 8.019960e-05 -6.125747e-03 -1.880831e+00 -7.896371e-05 1.000000e+00 2.020060e-04 1.201097e-02 6.125763e-03 -2.015192e-04 9.999812e-01 2.071086e+01
9.999952e-01 1.006257e-04 3.092152e-03 -1.774054e+00 -1.005819e-04 1.000000e+00 -1.427675e-05 -8.059828e-03 -3.092154e-03 1.396637e-05 9.999952e-01 2.147304e+01
9.999877e-01 1.927872e-04 -4.955206e-03 -1.250796e+00 -1.913069e-04 9.999999e-01 2.992171e-04 -4.586620e-02 4.955263e-03 -2.982662e-04 9.999877e-01 2.227848e+01
9.999978e-01 3.807109e-05 2.110820e-03 -1.025431e+00 -3.783136e-05 1.000000e+00 -1.135748e-04 -7.060843e-02 -2.110824e-03 1.134954e-04 9.999978e-01 2.304830e+01
9.999860e-01 1.001915e-04 -5.281595e-03 -1.630097e+00 -9.846260e-05 9.999999e-01 3.276169e-04 -4.402745e-02 5.281627e-03 -3.270930e-04 9.999860e-01 2.349094e+01
9.999986e-01 -6.491439e-06 1.654579e-03 -2.204579e+00 6.717319e-06 1.000000e+00 -1.364649e-04 -1.364879e-02 -1.654578e-03 1.364765e-04 9.999986e-01 2.401239e+01
9.999899e-01 9.236795e-05 -4.490477e-03 -2.069097e+00 -9.086702e-05 9.999999e-01 3.344671e-04 -1.246140e-02 4.490507e-03 -3.340564e-04 9.999899e-01 2.413071e+01
9.999973e-01 -3.032151e-06 2.321174e-03 -9.840080e-01 3.485211e-06 1.000000e+00 -1.951473e-04 -8.785889e-03 -2.321173e-03 1.951555e-04 9.999973e-01 2.368021e+01
9.999905e-01 6.931618e-05 -4.357054e-03 -2.634475e-01 -6.700721e-05 9.999999e-01 5.300995e-04 -3.295178e-02 4.357090e-03 -5.298032e-04 9.999904e-01 2.408256e+01
9.999975e-01 2.313745e-04 2.226305e-03 1.315678e-01 -2.308109e-04 9.999999e-01 -2.533569e-04 -7.002847e-02 -2.226363e-03 2.528431e-04 9.999975e-01 2.493885e+01
9.999819e-01 -1.076981e-04 -6.011644e-03 -6.973378e-02 1.103727e-04 9.999999e-01 4.445861e-04 -6.788449e-02 6.011595e-03 -4.452423e-04 9.999818e-01 2.562917e+01
9.999981e-01 2.725205e-04 1.955645e-03 -2.386579e-01 -2.718608e-04 9.999999e-01 -3.375495e-04 -6.883516e-02 -1.955737e-03 3.370179e-04 9.999980e-01 2.652695e+01
9.999886e-01 -5.690682e-05 -4.778320e-03 -4.836253e-02 5.969780e-05 9.999998e-01 5.839700e-04 -8.442359e-02 4.778285e-03 -5.842493e-04 9.999884e-01 2.716454e+01
9.999958e-01 2.972779e-04 2.866839e-03 -7.517609e-01 -2.962181e-04 9.999999e-01 -3.700486e-04 -4.834312e-02 -2.866949e-03 3.691985e-04 9.999958e-01 2.708526e+01
9.999871e-01 -4.097153e-05 -5.082453e-03 -1.834317e+00 4.399825e-05 9.999998e-01 5.954317e-04 1.386199e-04 5.082427e-03 -5.956483e-04 9.999869e-01 2.726120e+01
9.999951e-01 2.348182e-04 3.112208e-03 -2.062205e+00 -2.339796e-04 9.999999e-01 -2.698020e-04 2.452840e-02 -3.112271e-03 2.690732e-04 9.999951e-01 2.739971e+01
9.999827e-01 -7.319771e-05 -5.887026e-03 -2.149190e+00 7.648360e-05 9.999998e-01 5.579500e-04 2.813284e-02 5.886984e-03 -5.583913e-04 9.999825e-01 2.822147e+01
9.999966e-01 3.607189e-04 2.573523e-03 -2.172539e+00 -3.597544e-04 9.999999e-01 -3.751901e-04 1.795625e-02 -2.573657e-03 3.742637e-04 9.999966e-01 2.934586e+01
9.999808e-01 -2.188208e-04 -6.194185e-03 -2.716305e+00 2.229537e-04 9.999998e-01 6.665536e-04 4.718166e-02 6.194038e-03 -6.679225e-04 9.999806e-01 3.012930e+01
9.999980e-01 3.422456e-04 1.968046e-03 -3.717069e+00 -3.413835e-04 9.999998e-01 -4.382794e-04 1.121740e-01 -1.968196e-03 4.376073e-04 9.999980e-01 3.094808e+01
9.999909e-01 -7.729515e-05 -4.262589e-03 -3.449606e+00 8.000642e-05 9.999998e-01 6.359173e-04 8.069327e-02 4.262539e-03 -6.362533e-04 9.999907e-01 3.181704e+01
9.999987e-01 3.386416e-04 1.588125e-03 -3.344044e+00 -3.380315e-04 9.999999e-01 -3.843366e-04 5.775351e-02 -1.588255e-03 3.838000e-04 9.999987e-01 3.264639e+01
9.999894e-01 -2.107343e-04 -4.588673e-03 -3.483734e+00 2.134997e-04 9.999998e-01 6.021889e-04 5.957050e-02 4.588545e-03 -6.031630e-04 9.999893e-01 3.320376e+01
9.999995e-01 3.814736e-04 8.906101e-04 -3.976365e+00 -3.810879e-04 9.999998e-01 -4.331344e-04 8.738260e-02 -8.907749e-04 4.327955e-04 9.999995e-01 3.405749e+01
9.999931e-01 -2.409049e-04 -3.714375e-03 -4.181158e+00 2.433526e-04 9.999998e-01 6.585876e-04 9.347072e-02 3.714215e-03 -6.594877e-04 9.999929e-01 3.460911e+01
9.999997e-01 4.086071e-04 7.223747e-04 -4.585595e+00 -4.082780e-04 9.999998e-01 -4.556163e-04 1.075655e-01 -7.225604e-04 4.553219e-04 9.999996e-01 3.519685e+01
9.999921e-01 -2.543967e-04 -3.979130e-03 -4.658584e+00 2.566622e-04 9.999998e-01 5.688833e-04 1.049888e-01 3.978984e-03 -5.699008e-04 9.999919e-01 3.591138e+01
9.999997e-01 5.035925e-04 6.124981e-04 -4.841970e+00 -5.033752e-04 9.999998e-01 -3.548431e-04 1.030707e-01 -6.126764e-04 3.545354e-04 9.999997e-01 3.703520e+01
9.999920e-01 -1.974823e-04 -3.988882e-03 -4.911492e+00 1.994690e-04 9.999999e-01 4.976903e-04 9.629192e-02 3.988783e-03 -4.984827e-04 9.999919e-01 3.817301e+01
9.999985e-01 5.136975e-04 1.654384e-03 -4.604153e+00 -5.133065e-04 9.999998e-01 -2.367024e-04 6.327314e-02 -1.654505e-03 2.358536e-04 9.999986e-01 3.909775e+01
9.999824e-01 -3.086103e-04 -5.931834e-03 -5.154549e+00 3.112325e-04 9.999999e-01 4.411504e-04 9.301941e-02 5.931697e-03 -4.429895e-04 9.999823e-01 4.027677e+01
9.999985e-01 4.948540e-04 1.633884e-03 -5.739064e+00 -4.943605e-04 9.999998e-01 -3.023540e-04 1.268383e-01 -1.634033e-03 3.015465e-04 9.999986e-01 4.148071e+01
9.999888e-01 -2.778707e-04 -4.732280e-03 -5.774669e+00 2.801509e-04 9.999998e-01 4.812043e-04 1.171162e-01 4.732146e-03 -4.825253e-04 9.999887e-01 4.227396e+01
9.999980e-01 4.193989e-04 1.979009e-03 -6.276755e+00 -4.189164e-04 9.999999e-01 -2.441933e-04 1.313423e-01 -1.979111e-03 2.433645e-04 9.999980e-01 4.254227e+01
9.999851e-01 -3.105901e-04 -5.458250e-03 -6.954745e+00 3.132326e-04 9.999998e-01 4.832916e-04 1.683165e-01 5.458098e-03 -4.849948e-04 9.999850e-01 4.308090e+01
9.999980e-01 4.716148e-04 1.954987e-03 -7.754888e+00 -4.711354e-04 9.999999e-01 -2.456193e-04 2.133175e-01 -1.955102e-03 2.446985e-04 9.999981e-01 4.365733e+01
9.999908e-01 -2.992572e-04 -4.281345e-03 -8.578324e+00 3.014217e-04 9.999998e-01 5.049432e-04 2.468060e-01 4.281193e-03 -5.062297e-04 9.999907e-01 4.380997e+01
9.999985e-01 4.218121e-04 1.655468e-03 -9.009187e+00 -4.213689e-04 9.999999e-01 -2.679416e-04 2.590895e-01 -1.655580e-03 2.672444e-04 9.999986e-01 4.404364e+01
9.999896e-01 -2.585865e-04 -4.547962e-03 -8.984460e+00 2.609067e-04 9.999998e-01 5.096072e-04 2.473137e-01 4.547829e-03 -5.107892e-04 9.999895e-01 4.473517e+01
9.999977e-01 4.678034e-04 2.086499e-03 -8.708568e+00 -4.672965e-04 9.999999e-01 -2.433813e-04 2.210625e-01 -2.086612e-03 2.424065e-04 9.999978e-01 4.531519e+01
9.999887e-01 -3.396094e-04 -4.741093e-03 -8.574136e+00 3.420340e-04 9.999998e-01 5.106063e-04 1.999489e-01 4.740918e-03 -5.122229e-04 9.999886e-01 4.571576e+01
9.999984e-01 4.346771e-04 1.735574e-03 -8.859819e+00 -4.341167e-04 9.999999e-01 -3.232024e-04 2.030099e-01 -1.735714e-03 3.224491e-04 9.999984e-01 4.597393e+01
9.999896e-01 -3.517547e-04 -4.537445e-03 -8.980688e+00 3.542024e-04 9.999998e-01 5.386839e-04 1.954770e-01 4.537254e-03 -5.402862e-04 9.999896e-01 4.617740e+01
9.999981e-01 4.498039e-04 1.912590e-03 -9.297006e+00 -4.492046e-04 9.999998e-01 -3.136942e-04 1.973977e-01 -1.912730e-03 3.128352e-04 9.999981e-01 4.618473e+01
9.999885e-01 -3.341395e-04 -4.786425e-03 -9.521837e+00 3.366852e-04 9.999998e-01 5.311019e-04 1.944894e-01 4.786246e-03 -5.327080e-04 9.999884e-01 4.653640e+01
9.999975e-01 5.358021e-04 2.159708e-03 -9.876300e+00 -5.350709e-04 9.999998e-01 -3.390865e-04 2.008966e-01 -2.159889e-03 3.379307e-04 9.999976e-01 4.716611e+01
9.999890e-01 -3.748294e-04 -4.680051e-03 -9.855991e+00 3.774154e-04 9.999998e-01 5.517259e-04 1.924645e-01 4.679842e-03 -5.534869e-04 9.999889e-01 4.776507e+01
9.999969e-01 5.173291e-04 2.451575e-03 -9.557711e+00 -5.166670e-04 9.999998e-01 -2.706744e-04 1.695283e-01 -2.451715e-03 2.694077e-04 9.999970e-01 4.815306e+01
9.999876e-01 -3.662262e-04 -4.962832e-03 -9.418004e+00 3.687235e-04 9.999998e-01 5.023250e-04 1.487063e-01 4.962647e-03 -5.041494e-04 9.999876e-01 4.870154e+01
9.999969e-01 5.631825e-04 2.427168e-03 -9.287196e+00 -5.625743e-04 9.999998e-01 -2.512340e-04 1.286921e-01 -2.427308e-03 2.498685e-04 9.999970e-01 4.932550e+01
9.999873e-01 -3.835444e-04 -5.032414e-03 -9.073506e+00 3.858321e-04 9.999998e-01 4.536516e-04 1.096700e-01 5.032238e-03 -4.555882e-04 9.999872e-01 5.005392e+01
9.999975e-01 5.815259e-04 2.148196e-03 -9.058275e+00 -5.810146e-04 9.999998e-01 -2.385867e-04 9.528092e-02 -2.148334e-03 2.373387e-04 9.999977e-01 5.081354e+01
9.999826e-01 -4.493580e-04 -5.888839e-03 -9.523708e+00 4.515224e-04 9.999998e-01 3.662507e-04 1.167650e-01 5.888673e-03 -3.689040e-04 9.999826e-01 5.161236e+01
9.999971e-01 5.767580e-04 2.346488e-03 -9.953337e+00 -5.763124e-04 9.999998e-01 -1.905140e-04 1.355098e-01 -2.346598e-03 1.891618e-04 9.999972e-01 5.231725e+01
9.999908e-01 -3.873528e-04 -4.261335e-03 -1.047132e+01 3.892139e-04 9.999998e-01 4.359603e-04 1.437876e-01 4.261165e-03 -4.376156e-04 9.999908e-01 5.203622e+01
9.999958e-01 6.500291e-04 2.828575e-03 -1.132487e+01 -6.495851e-04 9.999998e-01 -1.578392e-04 1.662657e-01 -2.828677e-03 1.560018e-04 9.999960e-01 5.179630e+01
9.999818e-01 -4.417853e-04 -6.020700e-03 -1.157646e+01 4.434283e-04 9.999999e-01 2.715729e-04 1.670160e-01 6.020579e-03 -2.742384e-04 9.999818e-01 5.283896e+01
9.999945e-01 6.036057e-04 3.264230e-03 -1.144601e+01 -6.033670e-04 9.999998e-01 -7.406744e-05 1.386340e-01 -3.264274e-03 7.209821e-05 9.999947e-01 5.341723e+01
9.999835e-01 -4.873177e-04 -5.722681e-03 -1.146917e+01 4.887297e-04 9.999999e-01 2.453718e-04 1.282910e-01 5.722560e-03 -2.481653e-04 9.999836e-01 5.335497e+01
9.999940e-01 6.222136e-04 3.403733e-03 -1.178460e+01 -6.221958e-04 9.999998e-01 -6.230932e-06 1.264485e-01 -3.403736e-03 4.113810e-06 9.999942e-01 5.313212e+01
9.999803e-01 -5.022433e-04 -6.258712e-03 -1.182100e+01 5.031850e-04 9.999999e-01 1.489079e-04 1.153330e-01 6.258636e-03 -1.520550e-04 9.999804e-01 5.335527e+01
9.999949e-01 7.530005e-04 3.119474e-03 -1.208933e+01 -7.529938e-04 9.999997e-01 -3.297215e-06 1.131676e-01 -3.119476e-03 9.489561e-07 9.999951e-01 5.428736e+01
9.999826e-01 -5.660522e-04 -5.870745e-03 -1.270506e+01 5.670977e-04 9.999998e-01 1.764511e-04 1.348755e-01 5.870644e-03 -1.797781e-04 9.999828e-01 5.482412e+01
9.999958e-01 6.540548e-04 2.838515e-03 -1.270422e+01 -6.541337e-04 9.999998e-01 2.691793e-05 1.254945e-01 -2.838496e-03 -2.877388e-05 9.999960e-01 5.521081e+01
9.999894e-01 -4.934501e-04 -4.567963e-03 -1.212439e+01 4.946153e-04 9.999998e-01 2.539957e-04 9.568830e-02 4.567837e-03 -2.562531e-04 9.999895e-01 5.563034e+01
9.999973e-01 6.823480e-04 2.199311e-03 -1.179932e+01 -6.824841e-04 9.999998e-01 6.121085e-05 7.199477e-02 -2.199268e-03 -6.271098e-05 9.999976e-01 5.621325e+01
9.999868e-01 -5.576390e-04 -5.106080e-03 -1.161553e+01 5.582978e-04 9.999998e-01 1.276221e-04 5.695250e-02 5.106008e-03 -1.304718e-04 9.999870e-01 5.673814e+01
9.999888e-01 7.935192e-04 4.675974e-03 -1.055716e+01 -7.943474e-04 9.999997e-01 1.752968e-04 1.383172e-02 -4.675833e-03 -1.790085e-04 9.999891e-01 5.753901e+01
9.999848e-01 -5.108767e-04 -5.483760e-03 -9.698919e+00 5.115879e-04 9.999999e-01 1.283047e-04 -2.818323e-02 5.483693e-03 -1.311089e-04 9.999850e-01 5.823657e+01
9.999937e-01 6.543699e-04 3.474545e-03 -9.375915e+00 -6.543363e-04 9.999998e-01 -1.077086e-05 -3.343714e-02 -3.474551e-03 8.497979e-06 9.999940e-01 5.776504e+01
9.999806e-01 -5.891054e-04 -6.201782e-03 -9.692922e+00 5.907411e-04 9.999998e-01 2.619361e-04 -2.772785e-02 6.201627e-03 -2.655953e-04 9.999807e-01 5.793726e+01
9.999964e-01 6.627836e-04 2.614660e-03 -9.967393e+00 -6.626148e-04 9.999998e-01 -6.537332e-05 -1.742164e-02 -2.614702e-03 6.364128e-05 9.999966e-01 5.835636e+01
9.999861e-01 -5.824660e-04 -5.232199e-03 -9.852925e+00 5.837034e-04 9.999998e-01 2.349925e-04 -2.958569e-02 5.232061e-03 -2.380440e-04 9.999863e-01 5.839463e+01
9.999961e-01 5.991194e-04 2.713768e-03 -9.637917e+00 -5.989312e-04 9.999998e-01 -7.009405e-05 -4.230327e-02 -2.713809e-03 6.846912e-05 9.999963e-01 5.840670e+01
9.999866e-01 -5.366628e-04 -5.155055e-03 -9.542564e+00 5.378397e-04 9.999998e-01 2.269395e-04 -4.523598e-02 5.154932e-03 -2.297097e-04 9.999867e-01 5.807677e+01
9.999964e-01 6.406447e-04 2.610798e-03 -9.469825e+00 -6.404513e-04 9.999998e-01 -7.486804e-05 -4.886104e-02 -2.610845e-03 7.319639e-05 9.999966e-01 5.769525e+01
9.999875e-01 -5.886706e-04 -4.962568e-03 -9.011340e+00 5.901855e-04 9.999998e-01 3.038277e-04 -7.066618e-02 4.962388e-03 -3.067535e-04 9.999876e-01 5.781322e+01
9.999944e-01 7.595628e-04 3.252088e-03 -8.426134e+00 -7.595668e-04 9.999997e-01 3.344643e-08 -1.026238e-01 -3.252087e-03 -2.502923e-06 9.999947e-01 5.821794e+01
9.999835e-01 -6.432009e-04 -5.715677e-03 -8.159762e+00 6.439702e-04 9.999998e-01 1.327882e-04 -1.127501e-01 5.715590e-03 -1.364674e-04 9.999837e-01 5.798108e+01
9.999932e-01 7.417938e-04 3.608143e-03 -7.788607e+00 -7.417962e-04 9.999997e-01 -6.325953e-07 -1.148493e-01 -3.608142e-03 -2.043215e-06 9.999935e-01 5.746939e+01
9.999798e-01 -6.346541e-04 -6.328250e-03 -7.644690e+00 6.357617e-04 9.999998e-01 1.730286e-04 -1.359592e-01 6.328139e-03 -1.770490e-04 9.999800e-01 5.799703e+01
9.999850e-01 1.021972e-03 5.378991e-03 -6.858509e+00 -1.022301e-03 9.999995e-01 5.841503e-05 -1.885500e-01 -5.378929e-03 -6.391240e-05 9.999855e-01 5.913490e+01
9.999810e-01 -6.625175e-04 -6.133313e-03 -6.081159e+00 6.643812e-04 9.999997e-01 3.018631e-04 -2.377192e-01 6.133111e-03 -3.059329e-04 9.999811e-01 5.998211e+01
9.999928e-01 7.612485e-04 3.711445e-03 -5.817921e+00 -7.608379e-04 9.999997e-01 -1.119819e-04 -2.599172e-01 -3.711529e-03 1.091579e-04 9.999931e-01 6.037376e+01
9.999824e-01 -6.286012e-04 -5.902259e-03 -5.521872e+00 6.307076e-04 9.999997e-01 3.550537e-04 -2.862705e-01 5.902034e-03 -3.587708e-04 9.999825e-01 6.079025e+01
9.999938e-01 8.086581e-04 3.414173e-03 -5.337959e+00 -8.080764e-04 9.999997e-01 -1.716977e-04 -3.132896e-01 -3.414311e-03 1.689384e-04 9.999942e-01 6.150052e+01
9.999822e-01 -5.864251e-04 -5.945050e-03 -5.217132e+00 5.886085e-04 9.999998e-01 3.655365e-04 -3.400361e-01 5.944834e-03 -3.690300e-04 9.999823e-01 6.228296e+01
9.999953e-01 7.309376e-04 2.964976e-03 -5.332859e+00 -7.303683e-04 9.999997e-01 -1.930316e-04 -3.475633e-01 -2.965116e-03 1.908659e-04 9.999956e-01 6.293111e+01
9.999809e-01 -5.695116e-04 -6.155796e-03 -5.449204e+00 5.714940e-04 9.999998e-01 3.203216e-04 -3.559577e-01 6.155612e-03 -3.238342e-04 9.999810e-01 6.371251e+01
9.999939e-01 7.475071e-04 3.414774e-03 -5.339407e+00 -7.471667e-04 9.999997e-01 -1.009330e-04 -3.784348e-01 -3.414848e-03 9.838173e-05 9.999942e-01 6.439265e+01
9.999802e-01 -6.034798e-04 -6.260577e-03 -5.377662e+00 6.053019e-04 9.999998e-01 2.891724e-04 -3.882029e-01 6.260401e-03 -2.929569e-04 9.999804e-01 6.492569e+01
9.999950e-01 7.341687e-04 3.085530e-03 -5.967040e+00 -7.339338e-04 9.999997e-01 -7.721548e-05 -3.612288e-01 -3.085585e-03 7.495121e-05 9.999952e-01 6.542820e+01
9.999783e-01 -6.638608e-04 -6.560288e-03 -6.492105e+00 6.655480e-04 9.999997e-01 2.550324e-04 -3.344644e-01 6.560117e-03 -2.593937e-04 9.999784e-01 6.594238e+01
9.999941e-01 8.240818e-04 3.320059e-03 -6.508452e+00 -8.237967e-04 9.999997e-01 -8.719370e-05 -3.445236e-01 -3.320129e-03 8.445883e-05 9.999945e-01 6.661069e+01
9.999782e-01 -6.651046e-04 -6.570564e-03 -6.610789e+00 6.665573e-04 9.999998e-01 2.189183e-04 -3.521348e-01 6.570416e-03 -2.232939e-04 9.999784e-01 6.740923e+01
9.999880e-01 9.343525e-04 4.800292e-03 -6.290303e+00 -9.343486e-04 9.999996e-01 -3.019073e-06 -3.877347e-01 -4.800293e-03 -1.465412e-06 9.999885e-01 6.828217e+01
9.999780e-01 -7.476027e-04 -6.584996e-03 -5.821196e+00 7.496855e-04 9.999997e-01 3.138513e-04 -4.195937e-01 6.584759e-03 -3.187818e-04 9.999783e-01 6.870691e+01
9.999927e-01 8.202609e-04 3.735067e-03 -5.737740e+00 -8.198566e-04 9.999997e-01 -1.097488e-04 -4.326687e-01 -3.735155e-03 1.066865e-04 9.999930e-01 6.908928e+01
9.999742e-01 -6.974759e-04 -7.152861e-03 -5.975793e+00 6.993208e-04 9.999997e-01 2.554538e-04 -4.277346e-01 7.152681e-03 -2.604500e-04 9.999744e-01 6.979212e+01
9.999908e-01 8.969747e-04 4.202503e-03 -6.279181e+00 -8.964882e-04 9.999996e-01 -1.176211e-04 -4.241095e-01 -4.202606e-03 1.138532e-04 9.999912e-01 7.075786e+01
9.999757e-01 -6.568804e-04 -6.937974e-03 -6.591289e+00 6.585873e-04 9.999998e-01 2.437610e-04 -4.220890e-01 6.937811e-03 -2.483250e-04 9.999759e-01 7.185655e+01
9.999914e-01 9.312476e-04 4.045840e-03 -6.910176e+00 -9.306203e-04 9.999996e-01 -1.568832e-04 -4.208375e-01 -4.045984e-03 1.531174e-04 9.999918e-01 7.322068e+01
9.999774e-01 -6.730715e-04 -6.695537e-03 -7.105100e+00 6.749036e-04 9.999997e-01 2.714032e-04 -4.282828e-01 6.695352e-03 -2.759166e-04 9.999775e-01 7.441386e+01
9.999950e-01 8.691100e-04 3.053772e-03 -7.561257e+00 -8.686322e-04 9.999996e-01 -1.577329e-04 -4.106037e-01 -3.053908e-03 1.550802e-04 9.999953e-01 7.560043e+01
9.999806e-01 -6.003117e-04 -6.197168e-03 -7.684619e+00 6.020940e-04 9.999998e-01 2.857644e-04 -4.145256e-01 6.196995e-03 -2.894908e-04 9.999808e-01 7.673670e+01
9.999863e-01 9.260338e-04 5.150732e-03 -7.066281e+00 -9.261920e-04 9.999996e-01 2.835488e-05 -4.544714e-01 -5.150703e-03 -3.312436e-05 9.999867e-01 7.755825e+01
9.999762e-01 -6.367673e-04 -6.875996e-03 -6.676399e+00 6.388055e-04 9.999998e-01 2.942660e-04 -4.871076e-01 6.875807e-03 -2.986521e-04 9.999763e-01 7.823990e+01
9.999909e-01 8.104025e-04 4.194343e-03 -6.616173e+00 -8.101243e-04 9.999997e-01 -6.799064e-05 -5.036257e-01 -4.194396e-03 6.459278e-05 9.999912e-01 7.899111e+01
9.999775e-01 -5.431387e-04 -6.690843e-03 -6.426305e+00 5.451536e-04 9.999998e-01 2.993596e-04 -5.267586e-01 6.690678e-03 -3.030011e-04 9.999776e-01 7.986110e+01
9.999894e-01 7.590479e-04 4.548576e-03 -6.154720e+00 -7.587737e-04 9.999997e-01 -6.196291e-05 -5.515809e-01 -4.548621e-03 5.851161e-05 9.999897e-01 8.072297e+01
9.999791e-01 -4.080956e-04 -6.444622e-03 -5.884713e+00 4.103564e-04 9.999999e-01 3.495111e-04 -5.874744e-01 6.444478e-03 -3.521491e-04 9.999792e-01 8.181157e+01
9.999940e-01 6.483750e-04 3.401985e-03 -6.539564e+00 -6.478226e-04 9.999998e-01 -1.634085e-04 -5.575533e-01 -3.402090e-03 1.612043e-04 9.999942e-01 8.267284e+01
9.999812e-01 -5.171605e-04 -6.117465e-03 -7.040302e+00 5.193546e-04 9.999998e-01 3.571023e-04 -5.417134e-01 6.117278e-03 -3.602734e-04 9.999812e-01 8.305379e+01
9.999953e-01 6.280708e-04 2.988118e-03 -7.247932e+00 -6.276384e-04 9.999998e-01 -1.455950e-04 -5.378368e-01 -2.988209e-03 1.437196e-04 9.999955e-01 8.360511e+01
9.999759e-01 -5.614290e-04 -6.912733e-03 -7.780183e+00 5.636277e-04 9.999998e-01 3.161398e-04 -5.065801e-01 6.912554e-03 -3.200291e-04 9.999761e-01 8.433834e+01
9.999928e-01 7.468282e-04 3.715272e-03 -7.935929e+00 -7.464932e-04 9.999997e-01 -9.152381e-05 -5.007639e-01 -3.715339e-03 8.875042e-05 9.999931e-01 8.515773e+01
9.999754e-01 -6.449495e-04 -6.979693e-03 -8.104910e+00 6.468108e-04 9.999998e-01 2.644407e-04 -4.985204e-01 6.979520e-03 -2.689495e-04 9.999756e-01 8.571040e+01
9.999902e-01 7.911984e-04 4.349677e-03 -8.628919e+00 -7.910423e-04 9.999997e-01 -3.758199e-05 -4.827001e-01 -4.349705e-03 3.414154e-05 9.999905e-01 8.591383e+01
9.999723e-01 -6.316779e-04 -7.412084e-03 -9.429678e+00 6.335285e-04 9.999998e-01 2.473606e-04 -4.424764e-01 7.411926e-03 -2.520502e-04 9.999725e-01 8.626123e+01
9.999941e-01 7.130425e-04 3.366563e-03 -9.605830e+00 -7.126796e-04 9.999997e-01 -1.089312e-04 -4.237939e-01 -3.366639e-03 1.065320e-04 9.999943e-01 8.704650e+01
9.999817e-01 -6.337698e-04 -6.023001e-03 -9.163566e+00 6.355886e-04 9.999998e-01 3.000936e-04 -4.339327e-01 6.022809e-03 -3.039169e-04 9.999818e-01 8.722714e+01
9.999925e-01 6.805291e-04 3.807954e-03 -8.390176e+00 -6.803752e-04 9.999998e-01 -4.165623e-05 -4.473388e-01 -3.807981e-03 3.906578e-05 9.999927e-01 8.722846e+01
9.999810e-01 -4.264761e-04 -6.155045e-03 -8.032905e+00 4.284800e-04 9.999999e-01 3.242915e-04 -4.733663e-01 6.154906e-03 -3.269233e-04 9.999810e-01 8.800122e+01
9.999936e-01 6.934360e-04 3.507860e-03 -7.903750e+00 -6.931523e-04 9.999998e-01 -8.203360e-05 -4.946308e-01 -3.507916e-03 7.960228e-05 9.999938e-01 8.892958e+01
9.999879e-01 -4.564329e-04 -4.901657e-03 -7.307590e+00 4.582418e-04 9.999998e-01 3.679556e-04 -5.319037e-01 4.901488e-03 -3.701980e-04 9.999879e-01 8.967278e+01
9.999929e-01 7.735453e-04 3.697138e-03 -6.535714e+00 -7.731666e-04 9.999997e-01 -1.038196e-04 -5.715374e-01 -3.697217e-03 1.009610e-04 9.999932e-01 9.049066e+01
9.999868e-01 -5.461830e-04 -5.114570e-03 -5.871166e+00 5.483969e-04 9.999998e-01 4.315059e-04 -6.048389e-01 5.114333e-03 -4.343057e-04 9.999868e-01 9.096298e+01
9.999961e-01 5.715504e-04 2.747392e-03 -5.385606e+00 -5.711073e-04 9.999998e-01 -1.619731e-04 -6.202778e-01 -2.747484e-03 1.604041e-04 9.999962e-01 9.096361e+01
9.999865e-01 -5.391829e-04 -5.162433e-03 -4.763761e+00 5.411277e-04 9.999998e-01 3.753568e-04 -6.268782e-01 5.162229e-03 -3.781460e-04 9.999866e-01 9.071167e+01
9.999949e-01 5.572552e-04 3.141906e-03 -4.070835e+00 -5.569088e-04 9.999998e-01 -1.110627e-04 -6.429233e-01 -3.141967e-03 1.093131e-04 9.999951e-01 9.070703e+01
9.999894e-01 -3.439116e-04 -4.585600e-03 -3.314765e+00 3.457884e-04 9.999999e-01 4.085482e-04 -6.795810e-01 4.585459e-03 -4.101302e-04 9.999894e-01 9.123842e+01
9.999954e-01 5.935482e-04 2.968493e-03 -2.696193e+00 -5.931520e-04 9.999998e-01 -1.342710e-04 -7.165929e-01 -2.968572e-03 1.325103e-04 9.999956e-01 9.184540e+01
9.999874e-01 -4.380808e-04 -5.010756e-03 -2.162421e+00 4.402133e-04 9.999998e-01 4.245231e-04 -7.447324e-01 5.010569e-03 -4.267242e-04 9.999874e-01 9.223889e+01
9.999963e-01 5.401725e-04 2.684062e-03 -1.643762e+00 -5.397577e-04 9.999998e-01 -1.552241e-04 -7.652913e-01 -2.684145e-03 1.537754e-04 9.999964e-01 9.258601e+01
9.999856e-01 -4.740360e-04 -5.354389e-03 -1.574051e+00 4.761146e-04 9.999998e-01 3.869577e-04 -7.663001e-01 5.354204e-03 -3.895021e-04 9.999856e-01 9.268193e+01
9.999955e-01 5.255784e-04 2.956967e-03 -1.257334e+00 -5.251097e-04 9.999998e-01 -1.592090e-04 -7.701084e-01 -2.957050e-03 1.576563e-04 9.999956e-01 9.257761e+01
9.999862e-01 -5.239924e-04 -5.232427e-03 -4.878785e-01 5.261640e-04 9.999998e-01 4.136903e-04 -7.771336e-01 5.232209e-03 -4.164384e-04 9.999862e-01 9.238535e+01
9.999947e-01 5.320534e-04 3.200862e-03 2.686875e-01 -5.316744e-04 9.999999e-01 -1.191986e-04 -7.911376e-01 -3.200925e-03 1.174969e-04 9.999949e-01 9.236235e+01
9.999862e-01 -5.129633e-04 -5.230260e-03 1.022870e+00 5.150248e-04 9.999998e-01 3.928458e-04 -8.058847e-01 5.230058e-03 -3.955348e-04 9.999862e-01 9.235509e+01
9.999951e-01 5.488273e-04 3.091270e-03 1.679356e+00 -5.483713e-04 9.999998e-01 -1.483007e-04 -8.219135e-01 -3.091351e-03 1.466055e-04 9.999952e-01 9.236392e+01
9.999867e-01 -4.992577e-04 -5.135912e-03 2.336612e+00 5.012368e-04 9.999998e-01 3.841027e-04 -8.404955e-01 5.135719e-03 -3.866726e-04 9.999867e-01 9.244269e+01
9.999949e-01 5.448405e-04 3.135348e-03 3.145361e+00 -5.444098e-04 9.999998e-01 -1.381730e-04 -8.551647e-01 -3.135422e-03 1.364661e-04 9.999951e-01 9.243288e+01
9.999875e-01 -4.965102e-04 -4.985040e-03 3.945012e+00 4.989370e-04 9.999998e-01 4.856307e-04 -8.749976e-01 4.984798e-03 -4.881125e-04 9.999875e-01 9.254628e+01
9.999937e-01 6.648993e-04 3.487051e-03 4.639273e+00 -6.643339e-04 9.999998e-01 -1.632305e-04 -9.071282e-01 -3.487158e-03 1.609136e-04 9.999939e-01 9.296364e+01
9.999852e-01 -5.522336e-04 -5.418307e-03 5.166953e+00 5.546852e-04 9.999997e-01 4.510032e-04 -9.343069e-01 5.418056e-03 -4.540027e-04 9.999852e-01 9.324246e+01
9.999944e-01 5.658080e-04 3.291476e-03 5.932116e+00 -5.652200e-04 9.999998e-01 -1.795083e-04 -9.449774e-01 -3.291577e-03 1.776476e-04 9.999946e-01 9.313095e+01
9.999867e-01 -4.274110e-04 -5.147341e-03 6.567613e+00 4.301199e-04 9.999998e-01 5.252083e-04 -9.737158e-01 5.147115e-03 -5.274159e-04 9.999866e-01 9.348726e+01
9.999940e-01 6.426392e-04 3.415188e-03 7.156362e+00 -6.419025e-04 9.999998e-01 -2.167640e-04 -1.006543e+00 -3.415326e-03 2.145711e-04 9.999941e-01 9.402422e+01
9.999852e-01 -4.857893e-04 -5.426435e-03 7.774484e+00 4.886530e-04 9.999997e-01 5.264608e-04 -1.031582e+00 5.426177e-03 -5.291053e-04 9.999851e-01 9.435443e+01
9.999939e-01 6.177745e-04 3.440775e-03 8.446940e+00 -6.169612e-04 9.999998e-01 -2.373663e-04 -1.058440e+00 -3.440921e-03 2.352427e-04 9.999941e-01 9.469636e+01
9.999844e-01 -5.519568e-04 -5.560559e-03 9.199491e+00 5.544604e-04 9.999997e-01 4.487447e-04 -1.072576e+00 5.560310e-03 -4.518215e-04 9.999844e-01 9.469200e+01
9.999938e-01 6.357124e-04 3.459122e-03 9.802579e+00 -6.346803e-04 9.999998e-01 -2.994103e-04 -1.078463e+00 -3.459311e-03 2.972137e-04 9.999940e-01 9.439289e+01
9.999865e-01 -5.666890e-04 -5.163654e-03 1.049744e+01 5.697619e-04 9.999997e-01 5.936853e-04 -1.101917e+00 5.163316e-03 -5.966201e-04 9.999865e-01 9.455659e+01
9.999931e-01 8.080760e-04 3.616422e-03 1.116045e+01 -8.068520e-04 9.999996e-01 -3.398500e-04 -1.135604e+00 -3.616695e-03 3.369304e-04 9.999934e-01 9.519226e+01
9.999844e-01 -6.560861e-04 -5.545784e-03 1.183655e+01 6.593686e-04 9.999996e-01 5.901225e-04 -1.155687e+00 5.545394e-03 -5.937707e-04 9.999844e-01 9.534606e+01
9.999938e-01 6.707617e-04 3.445428e-03 1.249324e+01 -6.695664e-04 9.999997e-01 -3.480087e-04 -1.170155e+00 -3.445660e-03 3.457003e-04 9.999940e-01 9.530210e+01
9.999850e-01 -4.940734e-04 -5.461125e-03 1.298190e+01 4.975475e-04 9.999997e-01 6.348340e-04 -1.198267e+00 5.460809e-03 -6.375423e-04 9.999849e-01 9.576201e+01
9.999935e-01 7.320357e-04 3.534129e-03 1.352549e+01 -7.308627e-04 9.999997e-01 -3.331179e-04 -1.230573e+00 -3.534371e-03 3.305334e-04 9.999937e-01 9.640372e+01
9.999863e-01 -4.835669e-04 -5.206143e-03 1.417573e+01 4.867750e-04 9.999997e-01 6.149903e-04 -1.263946e+00 5.205843e-03 -6.175168e-04 9.999863e-01 9.702366e+01
9.999938e-01 6.289886e-04 3.471943e-03 1.493808e+01 -6.277620e-04 9.999997e-01 -3.543079e-04 -1.288646e+00 -3.472165e-03 3.521269e-04 9.999939e-01 9.732531e+01
9.999866e-01 -4.685177e-04 -5.146947e-03 1.572076e+01 4.716191e-04 9.999997e-01 6.014262e-04 -1.314317e+00 5.146664e-03 -6.038463e-04 9.999866e-01 9.771532e+01
9.999936e-01 6.499514e-04 3.529504e-03 1.649446e+01 -6.487958e-04 9.999997e-01 -3.284864e-04 -1.340674e+00 -3.529717e-03 3.261950e-04 9.999937e-01 9.812925e+01
9.999839e-01 -4.483503e-04 -5.649231e-03 1.687790e+01 4.513943e-04 9.999998e-01 5.375976e-04 -1.367585e+00 5.648988e-03 -5.401396e-04 9.999839e-01 9.870143e+01
9.999926e-01 6.565113e-04 3.780213e-03 1.736544e+01 -6.556735e-04 9.999998e-01 -2.228020e-04 -1.400178e+00 -3.780359e-03 2.203225e-04 9.999928e-01 9.920416e+01
9.999822e-01 -5.801773e-04 -5.938591e-03 1.807851e+01 5.833449e-04 9.999997e-01 5.317025e-04 -1.419408e+00 5.938280e-03 -5.351580e-04 9.999822e-01 9.933783e+01
9.999965e-01 6.288917e-04 2.565113e-03 1.826616e+01 -6.284909e-04 9.999998e-01 -1.569738e-04 -1.427035e+00 -2.565211e-03 1.553618e-04 9.999967e-01 9.972062e+01
9.999815e-01 -4.410471e-04 -6.066870e-03 1.830079e+01 4.437703e-04 9.999998e-01 4.475498e-04 -1.427306e+00 6.066671e-03 -4.502345e-04 9.999815e-01 1.003450e+02
9.999943e-01 3.952647e-04 3.364466e-03 1.958712e+01 -3.946163e-04 9.999999e-01 -1.933155e-04 -1.415908e+00 -3.364542e-03 1.919874e-04 9.999943e-01 9.976786e+01
9.999870e-01 -4.642800e-04 -5.079505e-03 2.086561e+01 4.672060e-04 9.999997e-01 5.749239e-04 -1.413088e+00 5.079236e-03 -5.772903e-04 9.999869e-01 9.934817e+01
9.999958e-01 4.942951e-04 2.847843e-03 2.155234e+01 -4.935969e-04 9.999998e-01 -2.458054e-04 -1.428808e+00 -2.847964e-03 2.443994e-04 9.999959e-01 9.943313e+01
9.999839e-01 -4.876721e-04 -5.657741e-03 2.212909e+01 4.907103e-04 9.999997e-01 5.356688e-04 -1.438259e+00 5.657478e-03 -5.384372e-04 9.999839e-01 9.949589e+01
9.999909e-01 6.650928e-04 4.207181e-03 2.307677e+01 -6.643091e-04 9.999998e-01 -1.876128e-04 -1.470902e+00 -4.207304e-03 1.848169e-04 9.999911e-01 1.000371e+02
9.999851e-01 -3.200378e-04 -5.454895e-03 2.396048e+01 3.228926e-04 9.999998e-01 5.225124e-04 -1.508435e+00 5.454726e-03 -5.242666e-04 9.999850e-01 1.007272e+02
9.999939e-01 4.337556e-04 3.458900e-03 2.458784e+01 -4.330373e-04 9.999999e-01 -2.083489e-04 -1.534596e+00 -3.458990e-03 2.068505e-04 9.999940e-01 1.010750e+02
9.999811e-01 -2.798262e-04 -6.139259e-03 2.455036e+01 2.825372e-04 9.999999e-01 4.407515e-04 -1.543976e+00 6.139134e-03 -4.424784e-04 9.999811e-01 1.016790e+02
9.999930e-01 3.612949e-04 3.732802e-03 2.497776e+01 -3.604131e-04 9.999999e-01 -2.368520e-04 -1.563155e+00 -3.732887e-03 2.355056e-04 9.999930e-01 1.019342e+02
9.999817e-01 -2.700099e-04 -6.036236e-03 2.531741e+01 2.727647e-04 9.999999e-01 4.556022e-04 -1.587452e+00 6.036112e-03 -4.572410e-04 9.999817e-01 1.023316e+02
9.999884e-01 4.573543e-04 4.793094e-03 2.646095e+01 -4.569160e-04 9.999999e-01 -9.247820e-05 -1.617768e+00 -4.793136e-03 9.028776e-05 9.999885e-01 1.027450e+02
9.999843e-01 -3.675890e-04 -5.596702e-03 2.792277e+01 3.702556e-04 9.999998e-01 4.754810e-04 -1.634988e+00 5.596526e-03 -4.775464e-04 9.999842e-01 1.027576e+02
9.999961e-01 4.807407e-04 2.758741e-03 2.758002e+01 -4.800792e-04 9.999999e-01 -2.403587e-04 -1.627520e+00 -2.758856e-03 2.390340e-04 9.999962e-01 1.030231e+02
9.999835e-01 -3.595586e-04 -5.736591e-03 2.703011e+01 3.621143e-04 9.999998e-01 4.445224e-04 -1.608427e+00 5.736430e-03 -4.465930e-04 9.999834e-01 1.032540e+02
9.999940e-01 4.857107e-04 3.427165e-03 2.719888e+01 -4.845837e-04 9.999998e-01 -3.295986e-04 -1.612089e+00 -3.427324e-03 3.279366e-04 9.999941e-01 1.027484e+02
9.999837e-01 -4.775018e-04 -5.686503e-03 2.755300e+01 4.807751e-04 9.999997e-01 5.743171e-04 -1.634312e+00 5.686227e-03 -5.770424e-04 9.999837e-01 1.029218e+02
9.999934e-01 6.629647e-04 3.558572e-03 2.800822e+01 -6.616625e-04 9.999997e-01 -3.670151e-04 -1.662941e+00 -3.558814e-03 3.646588e-04 9.999936e-01 1.034798e+02
9.999867e-01 -4.744811e-04 -5.131866e-03 2.881175e+01 4.780087e-04 9.999997e-01 6.862179e-04 -1.694203e+00 5.131538e-03 -6.886626e-04 9.999866e-01 1.039323e+02
9.999933e-01 6.675008e-04 3.596689e-03 2.959502e+01 -6.662629e-04 9.999997e-01 -3.453082e-04 -1.726044e+00 -3.596918e-03 3.429102e-04 9.999935e-01 1.044040e+02
9.999808e-01 -5.599415e-04 -6.178890e-03 2.998458e+01 5.628944e-04 9.999997e-01 4.762156e-04 -1.744322e+00 6.178622e-03 -4.796852e-04 9.999808e-01 1.045505e+02
9.999909e-01 7.117136e-04 4.196649e-03 3.050819e+01 -7.102135e-04 9.999997e-01 -3.588894e-04 -1.755547e+00 -4.196903e-03 3.559063e-04 9.999911e-01 1.043046e+02
9.999802e-01 -6.630183e-04 -6.261726e-03 3.131685e+01 6.663614e-04 9.999996e-01 5.318659e-04 -1.763491e+00 6.261371e-03 -5.360286e-04 9.999803e-01 1.041275e+02
9.999904e-01 6.817877e-04 4.337846e-03 3.240763e+01 -6.804058e-04 9.999997e-01 -3.199812e-04 -1.764831e+00 -4.338063e-03 3.170273e-04 9.999905e-01 1.038062e+02
9.999816e-01 -6.779742e-04 -6.026922e-03 3.347194e+01 6.815711e-04 9.999996e-01 5.948078e-04 -1.775637e+00 6.026516e-03 -5.989053e-04 9.999817e-01 1.036727e+02
9.999919e-01 8.486245e-04 3.932007e-03 3.403143e+01 -8.477306e-04 9.999996e-01 -2.289190e-04 -1.802622e+00 -3.932199e-03 2.255845e-04 9.999922e-01 1.041595e+02
9.999791e-01 -5.742945e-04 -6.444630e-03 3.438759e+01 5.777533e-04 9.999997e-01 5.348862e-04 -1.830079e+00 6.444321e-03 -5.385990e-04 9.999791e-01 1.049179e+02
9.999931e-01 7.635601e-04 3.646542e-03 3.462523e+01 -7.627007e-04 9.999997e-01 -2.369909e-04 -1.851771e+00 -3.646722e-03 2.342088e-04 9.999933e-01 1.055328e+02
9.999766e-01 -6.604761e-04 -6.802533e-03 3.458879e+01 6.640075e-04 9.999996e-01 5.169178e-04 -1.852731e+00 6.802189e-03 -5.214233e-04 9.999767e-01 1.059692e+02
9.999899e-01 8.445342e-04 4.419007e-03 3.447138e+01 -8.435045e-04 9.999996e-01 -2.348287e-04 -1.861367e+00 -4.419203e-03 2.310996e-04 9.999902e-01 1.069188e+02
9.999788e-01 -4.412315e-04 -6.498202e-03 3.474869e+01 4.445078e-04 9.999998e-01 5.027929e-04 -1.884981e+00 6.497979e-03 -5.056714e-04 9.999788e-01 1.083020e+02
