9.999985e-01 2.472291e-04 -1.719575e-03 1.092356e+00 -2.468984e-04 1.000000e+00 1.925494e-04 5.594203e-02 1.719622e-03 -1.921253e-04 9.999985e-01 -8.809032e-01
9.999991e-01 -1.645296e-04 1.308724e-03 4.536662e+00 1.647105e-04 1.000000e+00 -1.381144e-04 1.202292e-01 -1.308701e-03 1.383306e-04 9.999991e-01 -2.832689e+00
9.999949e-01 3.625067e-04 -3.157850e-03 5.897855e+00 -3.613578e-04 9.999999e-01 3.643828e-04 1.173240e-01 3.157981e-03 -3.632406e-04 9.999949e-01 -2.198033e+00
9.999999e-01 -2.795680e-05 3.366695e-04 6.152364e+00 2.802246e-05 1.000000e+00 -1.949469e-04 1.041276e-01 -3.366637e-04 1.949570e-04 9.999999e-01 -1.006990e+00
9.999955e-01 2.080527e-04 -3.007570e-03 6.386055e+00 -2.065950e-04 9.999999e-01 4.850103e-04 1.013963e-01 3.007670e-03 -4.843875e-04 9.999954e-01 -2.623621e-01
1.000000e+00 -7.059319e-05 1.918707e-04 6.792225e+00 7.064858e-05 1.000000e+00 -2.885295e-04 8.440497e-02 -1.918500e-04 2.885437e-04 9.999999e-01 3.159506e-01
9.999982e-01 2.535532e-04 -1.878269e-03 7.644184e+00 -2.525200e-04 9.999998e-01 5.503369e-04 5.766223e-02 1.878408e-03 -5.498623e-04 9.999981e-01 7.532437e-01
1.000000e+00 -8.035794e-06 -1.484958e-04 8.231612e+00 8.001746e-06 1.000000e+00 -2.294802e-04 2.957514e-02 1.484980e-04 2.294797e-04 1.000000e+00 1.615989e+00
9.999975e-01 3.729425e-04 -2.214218e-03 8.349398e+00 -3.718618e-04 9.999998e-01 4.884625e-04 1.615084e-02 2.214399e-03 -4.876386e-04 9.999974e-01 3.053223e+00
1.000000e+00 3.298628e-05 2.755521e-05 8.194416e+00 -3.298169e-05 1.000000e+00 -1.654903e-04 2.333942e-02 -2.756032e-05 1.654901e-04 1.000000e+00 4.715358e+00
9.999976e-01 3.919747e-04 -2.143660e-03 7.941980e+00 -3.908602e-04 9.999998e-01 5.203287e-04 3.992540e-02 2.143863e-03 -5.194903e-04 9.999976e-01 6.469068e+00
9.999998e-01 -4.926511e-05 6.719572e-04 8.620784e+00 4.934872e-05 1.000000e+00 -1.243690e-04 2.353095e-02 -6.719508e-04 1.244028e-04 9.999998e-01 7.812723e+00
9.999985e-01 1.204535e-04 -1.737062e-03 1.092169e+01 -1.197656e-04 9.999999e-01 3.961275e-04 3.900083e-02 1.737109e-03 -3.959196e-04 9.999984e-01 7.118821e+00
9.999995e-01 -2.024190e-05 9.851090e-04 1.311027e+01 2.039070e-05 1.000000e+00 -1.510063e-04 4.516137e-02 -9.851055e-04 1.510270e-04 9.999995e-01 6.739908e+00
9.999960e-01 2.490049e-04 -2.820292e-03 1.383143e+01 -2.476018e-04 9.999998e-01 4.978632e-04 2.386112e-02 2.820415e-03 -4.971636e-04 9.999959e-01 7.646953e+00
9.999987e-01 1.207677e-04 1.604771e-03 1.456174e+01 -1.206705e-04 1.000000e+00 -6.066039e-05 7.668793e-03 -1.604778e-03 6.046738e-05 9.999987e-01 9.047359e+00
9.999957e-01 2.269281e-04 -2.929607e-03 1.548285e+01 -2.257912e-04 9.999999e-01 3.884273e-04 -2.428684e-02 2.929695e-03 -3.877649e-04 9.999956e-01 1.012614e+01
9.999991e-01 3.124138e-05 1.371822e-03 1.647354e+01 -3.112016e-05 1.000000e+00 -8.836507e-05 -5.168460e-02 -1.371824e-03 8.832301e-05 9.999991e-01 1.088592e+01
9.999967e-01 1.717807e-04 -2.571115e-03 1.775269e+01 -1.707690e-04 9.999999e-01 3.937200e-04 -7.567081e-02 2.571182e-03 -3.932803e-04 9.999966e-01 1.126674e+01
9.999999e-01 1.370357e-04 3.822048e-04 1.833699e+01 -1.369905e-04 1.000000e+00 -1.181368e-04 -9.873361e-02 -3.822206e-04 1.180852e-04 9.999999e-01 1.242189e+01
9.999976e-01 3.137410e-04 -2.189815e-03 1.904362e+01 -3.128851e-04 9.999999e-01 3.912133e-04 -1.349894e-01 2.189938e-03 -3.905279e-04 9.999975e-01 1.399527e+01
9.999997e-01 2.588228e-04 7.840375e-04 1.981858e+01 -2.587892e-04 1.000000e+00 -4.296656e-05 -1.707856e-01 -7.840482e-04 4.276435e-05 9.999997e-01 1.602447e+01
9.999976e-01 2.472506e-04 -2.194290e-03 2.046163e+01 -2.462298e-04 9.999999e-01 4.654818e-04 -1.754776e-01 2.194405e-03 -4.649411e-04 9.999975e-01 1.789214e+01
9.999983e-01 1.111074e-04 1.838363e-03 2.201248e+01 -1.112549e-04 1.000000e+00 8.016404e-05 -2.034794e-01 -1.838354e-03 -8.036771e-05 9.999983e-01 1.952361e+01
9.999959e-01 5.695587e-04 -2.814134e-03 2.273408e+01 -5.687637e-04 9.999998e-01 2.832953e-04 -2.518750e-01 2.814295e-03 -2.816942e-04 9.999960e-01 2.186486e+01
9.999930e-01 1.430254e-04 3.730542e-03 2.455608e+01 -1.438687e-04 1.000000e+00 2.257905e-04 -3.179921e-01 -3.730509e-03 -2.263249e-04 9.999930e-01 2.402383e+01
9.999945e-01 4.228880e-04 -3.284904e-03 2.628199e+01 -4.221600e-04 9.999999e-01 2.223150e-04 -3.745637e-01 3.284997e-03 -2.209277e-04 9.999946e-01 2.584665e+01
9.999951e-01 1.859540e-04 3.127429e-03 2.767693e+01 -1.863040e-04 1.000000e+00 1.116220e-04 -4.327178e-01 -3.127407e-03 -1.122033e-04 9.999951e-01 2.761128e+01
9.999883e-01 3.346137e-04 -4.828611e-03 2.847188e+01 -3.336135e-04 9.999999e-01 2.079546e-04 -4.712469e-01 4.828680e-03 -2.063420e-04 9.999883e-01 2.946245e+01
9.999946e-01 1.471506e-05 3.277445e-03 2.935710e+01 -1.523266e-05 1.000000e+00 1.579171e-04 -4.951640e-01 -3.277442e-03 -1.579655e-04 9.999946e-01 3.087696e+01
9.999871e-01 4.177237e-04 -5.052501e-03 2.996009e+01 -4.170913e-04 9.999999e-01 1.262288e-04 -5.329270e-01 5.052553e-03 -1.241206e-04 9.999872e-01 3.240190e+01
9.999954e-01 6.798969e-05 3.024206e-03 3.051951e+01 -6.833152e-05 1.000000e+00 1.129429e-04 -5.697537e-01 -3.024198e-03 -1.131483e-04 9.999954e-01 3.409173e+01
9.999869e-01 3.963295e-04 -5.111213e-03 3.091334e+01 -3.956531e-04 9.999999e-01 1.333639e-04 -6.018006e-01 5.111265e-03 -1.313406e-04 9.999869e-01 3.576703e+01
9.999974e-01 -1.318969e-04 2.284460e-03 3.101821e+01 1.317500e-04 1.000000e+00 6.447356e-05 -6.225350e-01 -2.284468e-03 -6.417170e-05 9.999974e-01 3.690039e+01
9.999878e-01 3.657612e-04 -4.925993e-03 3.099886e+01 -3.647544e-04 9.999999e-01 2.052900e-04 -6.255219e-01 4.926067e-03 -2.034914e-04 9.999878e-01 3.784360e+01
9.999978e-01 -2.509592e-04 2.068634e-03 3.106853e+01 2.508749e-04 1.000000e+00 4.106361e-05 -6.335716e-01 -2.068644e-03 -4.054384e-05 9.999979e-01 3.829934e+01
9.999884e-01 4.449796e-04 -4.802974e-03 3.122090e+01 -4.440205e-04 9.999999e-01 2.007739e-04 -6.477079e-01 4.803063e-03 -1.986397e-04 9.999884e-01 3.913206e+01
9.999968e-01 -1.850477e-04 2.536924e-03 3.174629e+01 1.848258e-04 1.000000e+00 8.770676e-05 -6.675973e-01 -2.536940e-03 -8.723687e-05 9.999968e-01 4.006900e+01
9.999855e-01 4.139091e-04 -5.367388e-03 3.154184e+01 -4.128985e-04 9.999999e-01 1.893929e-04 -6.585037e-01 5.367465e-03 -1.871747e-04 9.999856e-01 4.093908e+01
9.999966e-01 -2.532462e-04 2.583949e-03 3.143995e+01 2.530838e-04 1.000000e+00 6.317195e-05 -6.580189e-01 -2.583965e-03 -6.251707e-05 9.999967e-01 4.139012e+01
9.999855e-01 3.789830e-04 -5.369623e-03 3.120783e+01 -3.781428e-04 9.999999e-01 1.575102e-04 -6.586774e-01 5.369682e-03 -1.554781e-04 9.999856e-01 4.173768e+01
9.999968e-01 -2.461894e-04 2.515075e-03 3.104680e+01 2.460818e-04 1.000000e+00 4.307545e-05 -6.643661e-01 -2.515085e-03 -4.245568e-05 9.999968e-01 4.208913e+01
9.999895e-01 3.068602e-04 -4.569309e-03 3.180669e+01 -3.059821e-04 9.999999e-01 1.928778e-04 -6.816056e-01 4.569368e-03 -1.914784e-04 9.999895e-01 4.215786e+01
9.999965e-01 -1.581995e-04 2.650333e-03 3.253975e+01 1.580089e-04 1.000000e+00 7.214401e-05 -7.080397e-01 -2.650344e-03 -7.172426e-05 9.999965e-01 4.254361e+01
9.999853e-01 1.855557e-04 -5.423731e-03 3.295141e+01 -1.847839e-04 1.000000e+00 1.428080e-04 -7.191946e-01 5.423757e-03 -1.418044e-04 9.999853e-01 4.260808e+01
9.999925e-01 -1.615850e-04 3.858259e-03 3.413955e+01 1.609750e-04 1.000000e+00 1.584277e-04 -7.304553e-01 -3.858284e-03 -1.578047e-04 9.999925e-01 4.250850e+01
9.999823e-01 3.458118e-04 -5.944686e-03 3.479880e+01 -3.449702e-04 9.999999e-01 1.426101e-04 -7.561245e-01 5.944734e-03 -1.405575e-04 9.999823e-01 4.302374e+01
9.999958e-01 -1.792780e-04 2.900817e-03 3.486881e+01 1.791105e-04 1.000000e+00 5.801188e-05 -7.662729e-01 -2.900827e-03 -5.749135e-05 9.999958e-01 4.365990e+01
9.999861e-01 4.188350e-04 -5.262402e-03 3.526562e+01 -4.179750e-04 9.999999e-01 1.645332e-04 -7.959116e-01 5.262470e-03 -1.623321e-04 9.999861e-01 4.427018e+01
9.999969e-01 -3.034550e-04 2.462386e-03 3.547792e+01 3.033409e-04 1.000000e+00 4.674314e-05 -8.153797e-01 -2.462400e-03 -4.599534e-05 9.999970e-01 4.467930e+01
9.999892e-01 3.010804e-04 -4.646210e-03 3.633827e+01 -3.001247e-04 9.999999e-01 2.064071e-04 -8.217924e-01 4.646271e-03 -2.050111e-04 9.999892e-01 4.446305e+01
9.999984e-01 -2.309598e-04 1.795782e-03 3.655629e+01 2.309987e-04 1.000000e+00 -2.143269e-05 -8.368553e-01 -1.795777e-03 2.184819e-05 9.999984e-01 4.459995e+01
9.999882e-01 3.484538e-04 -4.843815e-03 3.642969e+01 -3.474965e-04 9.999999e-01 1.984966e-04 -8.446738e-01 4.843883e-03 -1.968118e-04 9.999882e-01 4.500426e+01
9.999963e-01 -2.597452e-04 2.725022e-03 3.718904e+01 2.596890e-04 1.000000e+00 2.098744e-05 -8.599612e-01 -2.725027e-03 -2.027899e-05 9.999963e-01 4.501168e+01
9.999907e-01 3.112922e-04 -4.294191e-03 3.821301e+01 -3.102611e-04 9.999999e-01 2.407865e-04 -8.757416e-01 4.294265e-03 -2.394526e-04 9.999908e-01 4.499367e+01
9.999964e-01 -2.143528e-04 2.677957e-03 3.924517e+01 2.143773e-04 1.000000e+00 -8.828881e-06 -8.931057e-01 -2.677955e-03 9.403655e-06 9.999964e-01 4.501870e+01
9.999909e-01 3.280783e-04 -4.247660e-03 4.019672e+01 -3.269958e-04 9.999999e-01 2.555469e-04 -9.157044e-01 4.247743e-03 -2.541563e-04 9.999909e-01 4.520950e+01
9.999976e-01 -1.314525e-04 2.208914e-03 4.082109e+01 1.314512e-04 1.000000e+00 7.336034e-07 -9.459121e-01 -2.208913e-03 -4.425245e-07 9.999976e-01 4.579569e+01
9.999899e-01 2.011018e-04 -4.489814e-03 4.174217e+01 -1.999770e-04 9.999999e-01 2.509730e-04 -9.553588e-01 4.489864e-03 -2.500733e-04 9.999899e-01 4.570175e+01
9.999916e-01 -1.044993e-04 4.095375e-03 4.406521e+01 1.048392e-04 1.000000e+00 -8.278180e-05 -9.544153e-01 -4.095366e-03 8.321117e-05 9.999916e-01 4.547359e+01
9.999816e-01 2.959418e-04 -6.051379e-03 4.498147e+01 -2.941783e-04 9.999999e-01 2.923189e-04 -9.764198e-01 6.051465e-03 -2.905341e-04 9.999816e-01 4.584115e+01
9.999930e-01 -1.486988e-04 3.747653e-03 4.539661e+01 1.488866e-04 1.000000e+00 -4.980652e-05 -1.001340e+00 -3.747645e-03 5.036486e-05 9.999930e-01 4.634627e+01
9.999841e-01 3.016180e-04 -5.624041e-03 4.610509e+01 -3.000287e-04 9.999999e-01 2.834376e-04 -1.028347e+00 5.624126e-03 -2.817464e-04 9.999841e-01 4.669265e+01
9.999944e-01 -8.815985e-05 3.349805e-03 4.661400e+01 8.857715e-05 1.000000e+00 -1.244083e-04 -1.056726e+00 -3.349793e-03 1.247050e-04 9.999944e-01 4.724801e+01
9.999847e-01 2.801701e-04 -5.531838e-03 4.715116e+01 -2.783830e-04 9.999999e-01 3.238432e-04 -1.084034e+00 5.531928e-03 -3.222990e-04 9.999846e-01 4.774310e+01
9.999969e-01 -1.326698e-04 2.472123e-03 4.720965e+01 1.330446e-04 1.000000e+00 -1.514239e-04 -1.102760e+00 -2.472103e-03 1.517531e-04 9.999969e-01 4.839937e+01
9.999858e-01 2.668671e-04 -5.324566e-03 4.749757e+01 -2.651049e-04 9.999999e-01 3.316597e-04 -1.121367e+00 5.324654e-03 -3.302441e-04 9.999858e-01 4.880655e+01
9.999958e-01 -1.523560e-04 2.908813e-03 4.788289e+01 1.527670e-04 1.000000e+00 -1.410624e-04 -1.142814e+00 -2.908791e-03 1.415068e-04 9.999958e-01 4.908586e+01
9.999824e-01 3.497098e-04 -5.925439e-03 4.783527e+01 -3.475072e-04 9.999999e-01 3.727609e-04 -1.152210e+00 5.925568e-03 -3.706959e-04 9.999824e-01 4.990575e+01
9.999953e-01 -1.963251e-04 3.059831e-03 4.768245e+01 1.968239e-04 1.000000e+00 -1.626878e-04 -1.158389e+00 -3.059798e-03 1.632900e-04 9.999953e-01 5.031541e+01
9.999836e-01 3.180592e-04 -5.719281e-03 4.786704e+01 -3.159370e-04 9.999999e-01 3.719618e-04 -1.177468e+00 5.719398e-03 -3.701495e-04 9.999836e-01 5.079696e+01
9.999954e-01 -1.337755e-04 3.035767e-03 4.809394e+01 1.341576e-04 1.000000e+00 -1.256375e-04 -1.199532e+00 -3.035750e-03 1.260449e-04 9.999954e-01 5.149178e+01
9.999827e-01 3.637764e-04 -5.878895e-03 4.822915e+01 -3.618749e-04 9.999999e-01 3.245240e-04 -1.222089e+00 5.879012e-03 -3.223917e-04 9.999827e-01 5.236159e+01
9.999951e-01 -1.553338e-04 3.125432e-03 4.831777e+01 1.555950e-04 1.000000e+00 -8.330326e-05 -1.242230e+00 -3.125418e-03 8.378986e-05 9.999951e-01 5.329323e+01
9.999822e-01 3.351356e-04 -5.955935e-03 4.838139e+01 -3.332295e-04 9.999999e-01 3.210421e-04 -1.257847e+00 5.956042e-03 -3.190524e-04 9.999822e-01 5.407206e+01
9.999944e-01 -6.810426e-05 3.357233e-03 4.858689e+01 6.834329e-05 1.000000e+00 -7.106117e-05 -1.279380e+00 -3.357228e-03 7.129093e-05 9.999944e-01 5.510526e+01
9.999839e-01 3.340711e-04 -5.666170e-03 4.894282e+01 -3.319292e-04 9.999999e-01 3.789571e-04 -1.298166e+00 5.666295e-03 -3.770710e-04 9.999839e-01 5.605639e+01
9.999945e-01 -1.187880e-04 3.326660e-03 4.935487e+01 1.190616e-04 1.000000e+00 -8.200058e-05 -1.322394e+00 -3.326650e-03 8.239691e-05 9.999945e-01 5.686783e+01
9.999832e-01 3.624382e-04 -5.781718e-03 4.972908e+01 -3.604213e-04 9.999999e-01 3.498977e-04 -1.343779e+00 5.781844e-03 -3.478087e-04 9.999832e-01 5.771488e+01
9.999948e-01 -2.443442e-04 3.200136e-03 5.017661e+01 2.448605e-04 1.000000e+00 -1.609233e-04 -1.363734e+00 -3.200097e-03 1.617067e-04 9.999949e-01 5.798727e+01
9.999801e-01 4.641757e-04 -6.287936e-03 5.015232e+01 -4.620544e-04 9.999998e-01 3.388287e-04 -1.373689e+00 6.288092e-03 -3.359174e-04 9.999802e-01 5.894167e+01
9.999943e-01 -2.488488e-04 3.370870e-03 5.020434e+01 2.493245e-04 1.000000e+00 -1.406861e-04 -1.390802e+00 -3.370834e-03 1.415265e-04 9.999943e-01 5.974756e+01
9.999849e-01 4.154452e-04 -5.483720e-03 5.084159e+01 -4.134401e-04 9.999998e-01 3.667804e-04 -1.415928e+00 5.483871e-03 -3.645084e-04 9.999849e-01 6.018960e+01
9.999937e-01 -3.245080e-04 3.523345e-03 5.159615e+01 3.249136e-04 9.999999e-01 -1.145260e-04 -1.435658e+00 -3.523308e-03 1.156708e-04 9.999938e-01 6.035046e+01
9.999783e-01 4.390609e-04 -6.568006e-03 5.170213e+01 -4.371454e-04 9.999999e-01 2.930802e-04 -1.447871e+00 6.568133e-03 -2.902034e-04 9.999784e-01 6.099757e+01
9.999869e-01 -9.432206e-05 5.115064e-03 5.290337e+01 9.384679e-05 1.000000e+00 9.317245e-05 -1.471877e+00 -5.115072e-03 -9.269048e-05 9.999869e-01 6.200736e+01
9.999818e-01 4.671366e-04 -6.015613e-03 5.404637e+01 -4.646189e-04 9.999998e-01 4.199266e-04 -1.490110e+00 6.015807e-03 -4.171247e-04 9.999818e-01 6.366831e+01
9.999919e-01 2.077838e-04 4.020839e-03 5.379395e+01 -2.070790e-04 1.000000e+00 -1.756800e-04 -1.485738e+00 -4.020875e-03 1.748467e-04 9.999919e-01 6.634319e+01
9.999832e-01 3.876748e-04 -5.777790e-03 5.381706e+01 -3.846790e-04 9.999998e-01 5.196181e-04 -1.487818e+00 5.777990e-03 -5.173875e-04 9.999832e-01 6.865427e+01
9.999890e-01 -4.799608e-05 4.693531e-03 5.485429e+01 4.788416e-05 1.000000e+00 2.397604e-05 -1.461393e+00 -4.693531e-03 -2.375031e-05 9.999890e-01 6.993221e+01
9.999839e-01 3.310866e-04 -5.668895e-03 5.591403e+01 -3.276659e-04 9.999998e-01 6.043381e-04 -1.432197e+00 5.669094e-03 -6.024716e-04 9.999837e-01 7.127134e+01
9.999888e-01 8.354067e-05 4.731735e-03 5.658579e+01 -8.341472e-05 1.000000e+00 -2.679752e-05 -1.419182e+00 -4.731737e-03 2.640324e-05 9.999888e-01 7.281968e+01
9.999786e-01 5.041504e-04 -6.516738e-03 5.677687e+01 -5.020080e-04 9.999998e-01 3.304050e-04 -1.433278e+00 6.516903e-03 -3.271272e-04 9.999787e-01 7.485543e+01
9.999919e-01 -2.732382e-06 4.025393e-03 5.708302e+01 3.427516e-06 1.000000e+00 -1.726582e-04 -1.465276e+00 -4.025392e-03 1.726713e-04 9.999919e-01 7.646877e+01
9.999818e-01 2.106960e-04 -6.032591e-03 5.792660e+01 -2.082108e-04 9.999999e-01 4.125888e-04 -1.489507e+00 6.032677e-03 -4.113259e-04 9.999817e-01 7.685963e+01
9.999925e-01 -6.759173e-05 3.860185e-03 5.875081e+01 6.816486e-05 1.000000e+00 -1.483192e-04 -1.509258e+00 -3.860174e-03 1.485819e-04 9.999925e-01 7.713248e+01
9.999793e-01 1.429763e-04 -6.428644e-03 5.920919e+01 -1.408994e-04 9.999999e-01 3.235377e-04 -1.516900e+00 6.428689e-03 -3.226259e-04 9.999793e-01 7.707500e+01
9.999851e-01 -2.367439e-05 5.465327e-03 6.065371e+01 2.376265e-05 1.000000e+00 -1.606884e-05 -1.536069e+00 -5.465327e-03 1.619918e-05 9.999851e-01 7.716940e+01
9.999790e-01 2.516255e-04 -6.480449e-03 6.196085e+01 -2.493903e-04 9.999999e-01 3.457312e-04 -1.567251e+00 6.480535e-03 -3.441085e-04 9.999789e-01 7.768654e+01
9.999865e-01 -1.281409e-04 5.198327e-03 6.344780e+01 1.286631e-04 1.000000e+00 -1.001025e-04 -1.576722e+00 -5.198314e-03 1.007707e-04 9.999865e-01 7.753548e+01
9.999796e-01 1.712941e-04 -6.388119e-03 6.526436e+01 -1.691232e-04 9.999999e-01 3.403801e-04 -1.567570e+00 6.388177e-03 -3.392934e-04 9.999795e-01 7.685767e+01
9.999918e-01 -1.140460e-04 4.041809e-03 6.611273e+01 1.146442e-04 1.000000e+00 -1.477523e-04 -1.572992e+00 -4.041792e-03 1.482152e-04 9.999918e-01 7.660974e+01
9.999795e-01 1.887493e-04 -6.395567e-03 6.690759e+01 -1.866679e-04 9.999999e-01 3.260474e-04 -1.584620e+00 6.395628e-03 -3.248476e-04 9.999795e-01 7.655182e+01
9.999869e-01 -3.321108e-05 5.112842e-03 6.803865e+01 3.331216e-05 1.000000e+00 -1.966550e-05 -1.608976e+00 -5.112841e-03 1.983628e-05 9.999869e-01 7.678101e+01
9.999765e-01 1.047104e-04 -6.850052e-03 6.908834e+01 -1.026626e-04 9.999999e-01 2.993178e-04 -1.622894e+00 6.850083e-03 -2.986083e-04 9.999765e-01 7.673961e+01
9.999891e-01 2.187218e-06 4.679158e-03 6.967423e+01 -1.848621e-06 1.000000e+00 -7.234646e-05 -1.647305e+00 -4.679158e-03 7.233773e-05 9.999891e-01 7.703362e+01
9.999761e-01 1.259123e-04 -6.907495e-03 7.042302e+01 -1.237620e-04 9.999999e-01 3.117476e-04 -1.665919e+00 6.907534e-03 -3.108860e-04 9.999761e-01 7.715726e+01
9.999832e-01 -1.066777e-04 5.799527e-03 7.192301e+01 1.064157e-04 1.000000e+00 4.551607e-05 -1.674845e+00 -5.799532e-03 -4.489744e-05 9.999832e-01 7.695103e+01
9.999763e-01 1.805377e-04 -6.881080e-03 7.324662e+01 -1.783393e-04 9.999999e-01 3.201038e-04 -1.694744e+00 6.881137e-03 -3.188697e-04 9.999763e-01 7.701317e+01
9.999765e-01 -3.784313e-05 6.856922e-03 7.499654e+01 3.679844e-05 1.000000e+00 1.524963e-04 -1.723896e+00 -6.856927e-03 -1.522397e-04 9.999765e-01 7.726123e+01
9.999700e-01 1.142068e-04 -7.738743e-03 7.634920e+01 -1.125122e-04 1.000000e+00 2.194266e-04 -1.743451e+00 7.738768e-03 -2.185500e-04 9.999700e-01 7.730124e+01
9.999791e-01 -2.725554e-05 6.471670e-03 7.760174e+01 2.657606e-05 1.000000e+00 1.050938e-04 -1.761531e+00 -6.471673e-03 -1.049189e-04 9.999791e-01 7.733891e+01
9.999737e-01 1.083143e-04 -7.254043e-03 7.910674e+01 -1.061685e-04 1.000000e+00 2.961983e-04 -1.781121e+00 7.254075e-03 -2.954211e-04 9.999736e-01 7.738894e+01
9.999789e-01 -3.148955e-06 6.500574e-03 8.056141e+01 2.545173e-06 1.000000e+00 9.290488e-05 -1.802399e+00 -6.500574e-03 -9.288566e-05 9.999789e-01 7.747056e+01
9.999732e-01 6.682266e-05 -7.323835e-03 8.213853e+01 -6.483627e-05 1.000000e+00 2.714723e-04 -1.815827e+00 7.323853e-03 -2.709908e-04 9.999731e-01 7.734654e+01
9.999814e-01 -4.987429e-06 6.102999e-03 8.356464e+01 4.816760e-06 1.000000e+00 2.799587e-05 -1.823754e+00 -6.102998e-03 -2.796524e-05 9.999814e-01 7.707532e+01
9.999644e-01 1.433595e-04 -8.437520e-03 8.436873e+01 -1.428369e-04 1.000000e+00 6.255264e-05 -1.815719e+00 8.437529e-03 -6.134594e-05 9.999644e-01 7.636392e+01
9.999757e-01 -7.967648e-05 6.974363e-03 8.563549e+01 7.832779e-05 1.000000e+00 1.936657e-04 -1.823465e+00 -6.974378e-03 -1.931140e-04 9.999757e-01 7.611058e+01
9.999628e-01 1.205486e-04 -8.625903e-03 8.692097e+01 -1.200847e-04 1.000000e+00 5.430185e-05 -1.823550e+00 8.625910e-03 -5.326471e-05 9.999628e-01 7.568637e+01
9.999801e-01 -1.168943e-04 6.307492e-03 8.819698e+01 1.163188e-04 1.000000e+00 9.162851e-05 -1.807775e+00 -6.307502e-03 -9.089230e-05 9.999801e-01 7.495227e+01
9.999736e-01 1.240948e-04 -7.263633e-03 9.006418e+01 -1.226119e-04 1.000000e+00 2.046123e-04 -1.799924e+00 7.263658e-03 -2.037170e-04 9.999736e-01 7.431891e+01
9.999801e-01 -1.127573e-04 6.314759e-03 9.188476e+01 1.123102e-04 1.000000e+00 7.117027e-05 -1.794918e+00 -6.314767e-03 -7.045893e-05 9.999801e-01 7.375948e+01
9.999665e-01 1.454712e-04 -8.187729e-03 9.332904e+01 -1.445438e-04 1.000000e+00 1.138792e-04 -1.782131e+00 8.187745e-03 -1.126926e-04 9.999665e-01 7.302404e+01
9.999800e-01 -5.768142e-05 6.328754e-03 9.457481e+01 5.751062e-05 1.000000e+00 2.718768e-05 -1.780552e+00 -6.328755e-03 -2.682245e-05 9.999800e-01 7.254383e+01
9.999642e-01 1.521427e-04 -8.458796e-03 9.561044e+01 -1.514436e-04 1.000000e+00 8.330751e-05 -1.775239e+00 8.458809e-03 -8.202421e-05 9.999642e-01 7.194533e+01
9.999807e-01 1.730140e-05 6.214682e-03 9.614322e+01 -1.692165e-05 1.000000e+00 -6.114063e-05 -1.770342e+00 -6.214683e-03 6.103500e-05 9.999807e-01 7.122634e+01
9.999728e-01 5.330608e-05 -7.369954e-03 9.745632e+01 -5.068982e-05 9.999999e-01 3.551894e-04 -1.785493e+00 7.369972e-03 -3.548069e-04 9.999728e-01 7.115345e+01
9.999735e-01 2.270938e-05 7.273875e-03 9.941099e+01 -2.321266e-05 1.000000e+00 6.912056e-05 -1.800966e+00 -7.273873e-03 -6.928687e-05 9.999735e-01 7.103306e+01
9.999720e-01 1.228469e-05 -7.483368e-03 1.014282e+02 -9.848484e-06 9.999999e-01 3.255996e-04 -1.809556e+00 7.483372e-03 -3.255175e-04 9.999719e-01 7.076219e+01
9.999639e-01 1.231043e-04 8.500206e-03 1.040044e+02 -1.247269e-04 1.000000e+00 1.903677e-04 -1.831689e+00 -8.500182e-03 -1.914203e-04 9.999639e-01 7.080533e+01
9.999587e-01 2.325438e-06 -9.089498e-03 1.057162e+02 -9.463672e-07 1.000000e+00 1.517367e-04 -1.845852e+00 9.089497e-03 -1.517225e-04 9.999587e-01 7.063927e+01
9.999775e-01 9.599463e-05 6.705600e-03 1.063758e+02 -9.567349e-05 1.000000e+00 -4.819562e-05 -1.847543e+00 -6.705604e-03 4.755369e-05 9.999775e-01 7.019690e+01
9.999630e-01 -1.027972e-04 -8.604856e-03 1.078254e+02 1.045787e-04 1.000000e+00 2.065901e-04 -1.832217e+00 8.604834e-03 -2.074830e-04 9.999630e-01 6.945901e+01
9.999710e-01 6.430678e-05 7.610653e-03 1.098012e+02 -6.508378e-05 1.000000e+00 1.018602e-04 -1.819536e+00 -7.610646e-03 -1.023519e-04 9.999710e-01 6.873895e+01
9.999642e-01 -6.327165e-05 -8.465690e-03 1.119394e+02 6.450788e-05 1.000000e+00 1.457671e-04 -1.804226e+00 8.465681e-03 -1.463087e-04 9.999642e-01 6.793457e+01
9.999691e-01 8.393791e-05 7.857983e-03 1.138919e+02 -8.551423e-05 1.000000e+00 2.002786e-04 -1.802592e+00 -7.857966e-03 -2.009437e-04 9.999691e-01 6.742551e+01
9.999561e-01 -6.501511e-05 -9.366397e-03 1.153856e+02 6.525560e-05 1.000000e+00 2.538185e-05 -1.795059e+00 9.366395e-03 -2.599266e-05 9.999561e-01 6.680078e+01
9.999680e-01 1.656026e-04 7.994715e-03 1.165512e+02 -1.674334e-04 1.000000e+00 2.283496e-04 -1.810723e+00 -7.994677e-03 -2.296802e-04 9.999680e-01 6.672156e+01
9.999463e-01 -1.640385e-04 -1.036127e-02 1.177997e+02 1.630345e-04 1.000000e+00 -9.773659e-05 -1.794854e+00 1.036129e-02 9.604139e-05 9.999463e-01 6.597270e+01
9.999543e-01 1.103461e-04 9.563816e-03 1.206839e+02 -1.122784e-04 1.000000e+00 2.015109e-04 -1.750067e+00 -9.563793e-03 -2.025748e-04 9.999542e-01 6.453042e+01
9.999457e-01 -1.318113e-04 -1.042102e-02 1.232452e+02 1.324234e-04 1.000000e+00 5.806448e-05 -1.710374e+00 1.042101e-02 -5.944202e-05 9.999457e-01 6.314842e+01
9.999679e-01 2.147529e-04 8.005339e-03 1.241810e+02 -2.147792e-04 1.000000e+00 2.429348e-06 -1.702976e+00 -8.005338e-03 -4.147941e-06 9.999680e-01 6.255261e+01
9.999482e-01 -1.685279e-04 -1.017834e-02 1.252071e+02 1.708006e-04 1.000000e+00 2.224283e-04 -1.707574e+00 1.017830e-02 -2.241560e-04 9.999482e-01 6.235994e+01
9.999726e-01 2.220269e-04 7.394401e-03 1.258159e+02 -2.219062e-04 1.000000e+00 -1.712563e-05 -1.715532e+00 -7.394404e-03 1.548500e-05 9.999727e-01 6.227009e+01
9.999519e-01 -1.858866e-04 -9.803502e-03 1.270278e+02 1.873005e-04 1.000000e+00 1.433239e-04 -1.703797e+00 9.803474e-03 -1.451539e-04 9.999519e-01 6.160174e+01
9.999668e-01 2.120331e-04 8.148565e-03 1.283704e+02 -2.125072e-04 1.000000e+00 5.732813e-05 -1.702883e+00 -8.148552e-03 -5.905715e-05 9.999668e-01 6.114204e+01
9.999630e-01 -1.670909e-04 -8.605803e-03 1.302338e+02 1.696691e-04 9.999999e-01 2.988624e-04 -1.711087e+00 8.605752e-03 -3.003122e-04 9.999629e-01 6.083304e+01
9.999747e-01 3.474825e-04 7.099521e-03 1.313476e+02 -3.466463e-04 9.999999e-01 -1.189874e-04 -1.727034e+00 -7.099561e-03 1.165241e-04 9.999748e-01 6.073928e+01
9.999562e-01 -1.940495e-04 -9.360113e-03 1.319932e+02 1.954168e-04 1.000000e+00 1.451692e-04 -1.722089e+00 9.360084e-03 -1.469927e-04 9.999562e-01 6.005305e+01
9.999733e-01 2.803176e-04 7.302338e-03 1.331565e+02 -2.801359e-04 1.000000e+00 -2.588359e-05 -1.716057e+00 -7.302345e-03 2.383796e-05 9.999733e-01 5.944717e+01
9.999600e-01 5.686516e-05 -8.942663e-03 1.334269e+02 -5.727127e-05 1.000000e+00 -4.514377e-05 -1.700185e+00 8.942660e-03 4.565341e-05 9.999600e-01 5.816147e+01
9.999747e-01 2.599644e-04 7.107069e-03 1.337295e+02 -2.597222e-04 1.000000e+00 -3.498874e-05 -1.684516e+00 -7.107078e-03 3.314270e-05 9.999747e-01 5.693160e+01
9.999542e-01 -1.803580e-04 -9.565983e-03 1.349556e+02 1.814125e-04 1.000000e+00 1.093744e-04 -1.665488e+00 9.565962e-03 -1.111055e-04 9.999542e-01 5.605148e+01
9.999744e-01 2.921132e-04 7.144593e-03 1.358274e+02 -2.915948e-04 1.000000e+00 -7.358871e-05 -1.651242e+00 -7.144614e-03 7.150421e-05 9.999745e-01 5.518897e+01
9.999584e-01 -3.396979e-05 -9.118052e-03 1.364144e+02 3.423198e-05 1.000000e+00 2.861152e-05 -1.630202e+00 9.118051e-03 -2.892316e-05 9.999584e-01 5.392714e+01
9.999706e-01 4.030287e-04 7.658102e-03 1.366909e+02 -4.020026e-04 9.999999e-01 -1.355129e-04 -1.611452e+00 -7.658155e-03 1.324311e-04 9.999707e-01 5.250916e+01
9.999520e-01 -1.680236e-04 -9.796331e-03 1.371366e+02 1.690435e-04 1.000000e+00 1.032943e-04 -1.596442e+00 9.796313e-03 -1.049461e-04 9.999520e-01 5.142892e+01
9.999671e-01 4.934936e-04 8.091201e-03 1.372775e+02 -4.922514e-04 9.999999e-01 -1.555044e-04 -1.586044e+00 -8.091277e-03 1.515171e-04 9.999673e-01 5.030773e+01
9.999506e-01 -1.592647e-04 -9.940355e-03 1.373894e+02 1.603921e-04 1.000000e+00 1.126333e-04 -1.577609e+00 9.940337e-03 -1.142228e-04 9.999506e-01 4.923897e+01
9.999638e-01 5.588808e-04 8.489781e-03 1.374732e+02 -5.573259e-04 9.999998e-01 -1.855075e-04 -1.565379e+00 -8.489883e-03 1.807699e-04 9.999639e-01 4.796296e+01
9.999483e-01 -2.093783e-04 -1.016139e-02 1.377783e+02 2.098733e-04 1.000000e+00 4.766570e-05 -1.546760e+00 1.016138e-02 -4.979655e-05 9.999484e-01 4.657997e+01
9.999544e-01 7.885878e-04 9.521154e-03 1.378658e+02 -7.863677e-04 9.999997e-01 -2.369072e-04 -1.521379e+00 -9.521337e-03 2.294100e-04 9.999546e-01 4.466322e+01
9.999316e-01 -6.371456e-04 -1.167977e-02 1.386183e+02 6.393544e-04 9.999998e-01 1.853928e-04 -1.518083e+00 1.167965e-02 -1.928483e-04 9.999318e-01 4.402132e+01
9.999564e-01 8.292556e-04 9.297369e-03 1.394302e+02 -8.273487e-04 9.999996e-01 -2.089255e-04 -1.501147e+00 -9.297538e-03 2.012249e-04 9.999568e-01 4.299466e+01
9.999474e-01 -3.176943e-04 -1.025215e-02 1.396449e+02 3.176548e-04 9.999999e-01 -5.470774e-06 -1.476353e+00 1.025216e-02 2.213132e-06 9.999474e-01 4.124457e+01
9.999570e-01 7.631484e-04 9.236682e-03 1.394546e+02 -7.631155e-04 9.999997e-01 -7.074155e-06 -1.464689e+00 -9.236685e-03 2.590253e-08 9.999573e-01 4.001068e+01
9.999439e-01 -4.108450e-04 -1.058417e-02 1.395994e+02 4.099793e-04 9.999999e-01 -8.394679e-05 -1.450442e+00 1.058420e-02 7.960208e-05 9.999440e-01 3.869904e+01
9.999634e-01 6.505521e-04 8.531163e-03 1.400020e+02 -6.517287e-04 9.999998e-01 1.351530e-04 -1.449700e+00 -8.531073e-03 -1.407073e-04 9.999636e-01 3.802299e+01
9.999534e-01 -2.195523e-04 -9.650558e-03 1.399423e+02 2.178545e-04 1.000000e+00 -1.769623e-04 -1.437290e+00 9.650596e-03 1.748510e-04 9.999534e-01 3.669819e+01
9.999725e-01 3.607140e-04 7.409564e-03 1.407153e+02 -3.620413e-04 9.999999e-01 1.778177e-04 -1.419048e+00 -7.409499e-03 -1.804947e-04 9.999725e-01 3.568221e+01
9.999523e-01 -3.138977e-04 -9.759059e-03 1.416550e+02 3.127990e-04 9.999999e-01 -1.140950e-04 -1.410822e+00 9.759094e-03 1.110363e-04 9.999524e-01 3.505383e+01
9.999751e-01 3.823538e-04 7.041899e-03 1.423635e+02 -3.838162e-04 9.999999e-01 2.063311e-04 -1.408116e+00 -7.041819e-03 -2.090281e-04 9.999752e-01 3.460099e+01
9.999625e-01 -2.721468e-04 -8.660675e-03 1.436230e+02 2.724182e-04 1.000000e+00 3.016911e-05 -1.416919e+00 8.660666e-03 -3.252801e-05 9.999625e-01 3.433045e+01
9.999791e-01 3.955950e-04 6.458583e-03 1.443411e+02 -3.957886e-04 9.999999e-01 2.870749e-05 -1.407547e+00 -6.458571e-03 -3.126242e-05 9.999791e-01 3.352762e+01
9.999643e-01 -1.698990e-04 -8.446567e-03 1.446904e+02 1.692838e-04 1.000000e+00 -7.354021e-05 -1.394668e+00 8.446579e-03 7.210701e-05 9.999643e-01 3.246584e+01
9.999813e-01 2.279265e-04 6.118690e-03 1.456713e+02 -2.290402e-04 1.000000e+00 1.813388e-04 -1.389216e+00 -6.118648e-03 -1.827362e-04 9.999813e-01 3.190659e+01
9.999713e-01 -1.838069e-04 -7.577893e-03 1.469812e+02 1.841817e-04 1.000000e+00 4.877022e-05 -1.394132e+00 7.577883e-03 -5.016523e-05 9.999713e-01 3.156191e+01
9.999771e-01 2.793467e-04 6.758627e-03 1.484268e+02 -2.813124e-04 9.999999e-01 2.899110e-04 -1.413633e+00 -6.758545e-03 -2.918050e-04 9.999771e-01 3.157601e+01
9.999702e-01 -1.937443e-04 -7.721993e-03 1.498931e+02 1.938303e-04 1.000000e+00 1.040582e-05 -1.425932e+00 7.721990e-03 -1.190297e-05 9.999702e-01 3.139222e+01
9.999838e-01 3.058329e-04 5.690817e-03 1.507033e+02 -3.065153e-04 9.999999e-01 1.190528e-04 -1.436088e+00 -5.690780e-03 -1.207945e-04 9.999838e-01 3.122051e+01
9.999679e-01 -2.104999e-04 -8.011128e-03 1.512588e+02 2.101055e-04 1.000000e+00 -5.005852e-05 -1.437535e+00 8.011138e-03 4.837302e-05 9.999679e-01 3.076062e+01
9.999782e-01 5.995241e-04 6.572063e-03 1.511585e+02 -5.998815e-04 9.999998e-01 5.242811e-05 -1.430271e+00 -6.572030e-03 -5.636872e-05 9.999784e-01 2.966299e+01
9.999597e-01 -4.907514e-04 -8.962170e-03 1.513145e+02 4.910909e-04 9.999999e-01 3.569922e-05 -1.435959e+00 8.962151e-03 -4.009973e-05 9.999598e-01 2.935049e+01
9.999804e-01 5.583357e-04 6.241677e-03 1.519295e+02 -5.591232e-04 9.999998e-01 1.244352e-04 -1.443919e+00 -6.241606e-03 -1.279219e-04 9.999805e-01 2.926219e+01
9.999625e-01 -4.212684e-04 -8.645256e-03 1.520459e+02 4.211653e-04 9.999999e-01 -1.373142e-05 -1.441381e+00 8.645261e-03 1.008911e-05 9.999626e-01 2.878289e+01
9.999687e-01 6.994882e-04 7.881610e-03 1.527779e+02 -7.020956e-04 9.999997e-01 3.280751e-04 -1.487382e+00 -7.881378e-03 -3.335978e-04 9.999689e-01 2.991134e+01
9.999654e-01 -2.231981e-04 -8.316703e-03 1.534726e+02 2.227168e-04 1.000000e+00 -5.877982e-05 -1.541099e+00 8.316716e-03 5.692481e-05 9.999654e-01 3.128599e+01
9.999815e-01 3.923765e-04 6.071654e-03 1.537213e+02 -3.929871e-04 9.999999e-01 9.939772e-05 -1.536085e+00 -6.071614e-03 -1.017813e-04 9.999816e-01 3.050695e+01
9.999681e-01 -9.770370e-05 -7.990857e-03 1.538686e+02 9.657862e-05 1.000000e+00 -1.411655e-04 -1.527857e+00 7.990871e-03 1.403885e-04 9.999681e-01 2.950891e+01
9.999798e-01 1.125782e-04 6.351987e-03 1.548721e+02 -1.146784e-04 9.999999e-01 3.302972e-04 -1.538795e+00 -6.351949e-03 -3.310183e-04 9.999798e-01 2.934502e+01
9.999624e-01 2.736096e-05 -8.668555e-03 1.553606e+02 -2.935846e-05 1.000000e+00 -2.302870e-04 -1.540700e+00 8.668548e-03 2.305321e-04 9.999624e-01 2.885347e+01
9.999797e-01 1.467375e-04 6.373587e-03 1.558045e+02 -1.481860e-04 1.000000e+00 2.268100e-04 -1.528399e+00 -6.373554e-03 -2.277492e-04 9.999797e-01 2.791346e+01
9.999629e-01 -1.224280e-04 -8.610120e-03 1.569758e+02 1.216913e-04 1.000000e+00 -8.607005e-05 -1.517695e+00 8.610130e-03 8.501837e-05 9.999629e-01 2.725635e+01
9.999802e-01 2.409504e-04 6.294231e-03 1.576679e+02 -2.417337e-04 1.000000e+00 1.237095e-04 -1.504892e+00 -6.294200e-03 -1.252279e-04 9.999802e-01 2.638920e+01
9.999769e-01 -1.500172e-04 -6.798089e-03 1.592423e+02 1.515061e-04 1.000000e+00 2.185207e-04 -1.524912e+00 6.798055e-03 -2.195463e-04 9.999769e-01 2.645112e+01
9.999801e-01 2.644196e-04 6.307834e-03 1.607833e+02 -2.653839e-04 1.000000e+00 1.520573e-04 -1.549811e+00 -6.307793e-03 -1.537275e-04 9.999801e-01 2.661347e+01
9.999819e-01 -6.477344e-05 -6.015161e-03 1.627187e+02 6.656190e-05 1.000000e+00 2.971499e-04 -1.579173e+00 6.015141e-03 -2.975456e-04 9.999819e-01 2.684929e+01
9.999896e-01 2.078374e-04 4.566180e-03 1.633523e+02 -2.079458e-04 1.000000e+00 2.328782e-05 -1.612673e+00 -4.566175e-03 -2.423639e-05 9.999896e-01 2.737046e+01
9.999820e-01 9.252826e-05 -5.991422e-03 1.639578e+02 -9.120333e-05 1.000000e+00 2.214347e-04 -1.652879e+00 5.991442e-03 -2.208850e-04 9.999820e-01 2.817969e+01
9.999939e-01 1.118253e-05 3.494669e-03 1.642632e+02 -1.078668e-05 1.000000e+00 -1.132488e-04 -1.649788e+00 -3.494670e-03 1.132112e-04 9.999939e-01 2.764850e+01
9.999827e-01 1.272144e-04 -5.874748e-03 1.646560e+02 -1.262674e-04 1.000000e+00 1.615900e-04 -1.640343e+00 5.874768e-03 -1.608461e-04 9.999827e-01 2.685709e+01
9.999941e-01 -4.767478e-05 3.421964e-03 1.654884e+02 4.815748e-05 1.000000e+00 -1.409344e-04 -1.625643e+00 -3.421957e-03 1.410991e-04 9.999941e-01 2.601978e+01
9.999933e-01 1.022758e-04 -3.660193e-03 1.674079e+02 -1.002784e-04 9.999998e-01 5.459381e-04 -1.639015e+00 3.660248e-03 -5.455681e-04 9.999932e-01 2.588599e+01
9.999961e-01 -2.517583e-05 2.794834e-03 1.688150e+02 2.579915e-05 1.000000e+00 -2.229386e-04 -1.657643e+00 -2.794828e-03 2.230106e-04 9.999961e-01 2.587684e+01
9.999927e-01 1.012394e-04 -3.813076e-03 1.704375e+02 -9.937439e-05 9.999999e-01 4.893346e-04 -1.665509e+00 3.813125e-03 -4.889528e-04 9.999926e-01 2.559582e+01
9.999989e-01 7.793359e-05 1.502549e-03 1.712346e+02 -7.720973e-05 9.999999e-01 -4.817122e-04 -1.647185e+00 -1.502586e-03 4.815964e-04 9.999988e-01 2.456476e+01
9.999924e-01 7.789209e-05 -3.890661e-03 1.721218e+02 -7.617689e-05 9.999999e-01 4.410366e-04 -1.624495e+00 3.890695e-03 -4.407375e-04 9.999923e-01 2.347132e+01
9.999962e-01 -5.385127e-05 2.771030e-03 1.737192e+02 5.425979e-05 1.000000e+00 -1.472965e-04 -1.625479e+00 -2.771022e-03 1.474470e-04 9.999961e-01 2.304955e+01
9.999940e-01 1.130367e-04 -3.451253e-03 1.754270e+02 -1.112913e-04 9.999999e-01 5.059480e-04 -1.634542e+00 3.451310e-03 -5.055616e-04 9.999939e-01 2.279559e+01
9.999971e-01 1.729127e-05 2.428590e-03 1.773423e+02 -1.633969e-05 9.999999e-01 -3.917812e-04 -1.621017e+00 -2.428596e-03 3.917411e-04 9.999970e-01 2.200194e+01
9.999939e-01 2.083576e-04 -3.491197e-03 1.792453e+02 -2.069166e-04 9.999999e-01 4.131381e-04 -1.610178e+00 3.491283e-03 -4.124139e-04 9.999938e-01 2.144919e+01
9.999983e-01 -6.224803e-05 1.855135e-03 1.799691e+02 6.245187e-05 1.000000e+00 -1.097403e-04 -1.632421e+00 -1.855128e-03 1.098567e-04 9.999983e-01 2.231422e+01
9.999922e-01 4.030302e-04 -3.922849e-03 1.798106e+02 -4.016586e-04 9.999999e-01 3.504689e-04 -1.641327e+00 3.922989e-03 -3.488912e-04 9.999922e-01 2.350980e+01
9.999974e-01 1.793244e-04 2.278802e-03 1.790588e+02 -1.786026e-04 9.999999e-01 -3.168806e-04 -1.596262e+00 -2.278858e-03 3.164734e-04 9.999974e-01 2.282910e+01
9.999929e-01 1.522554e-04 -3.758300e-03 1.792859e+02 -1.509332e-04 9.999999e-01 3.521284e-04 -1.585484e+00 3.758353e-03 -3.515593e-04 9.999929e-01 2.199642e+01
9.999904e-01 4.467861e-05 4.382265e-03 1.813676e+02 -4.506746e-05 1.000000e+00 8.866876e-05 -1.619141e+00 -4.382260e-03 -8.886471e-05 9.999904e-01 2.235118e+01
9.999954e-01 2.685276e-04 -3.013246e-03 1.836667e+02 -2.672673e-04 9.999999e-01 4.186975e-04 -1.667342e+00 3.013357e-03 -4.178910e-04 9.999954e-01 2.303780e+01
9.999876e-01 9.350503e-05 4.974102e-03 1.861741e+02 -9.438827e-05 1.000000e+00 1.773640e-04 -1.716286e+00 -4.974085e-03 -1.778306e-04 9.999876e-01 2.371699e+01
9.999901e-01 4.088020e-04 -4.437762e-03 1.873555e+02 -4.076067e-04 9.999999e-01 2.702721e-04 -1.781930e+00 4.437872e-03 -2.684612e-04 9.999901e-01 2.510515e+01
9.999867e-01 4.632147e-05 5.151146e-03 1.886403e+02 -4.690203e-05 1.000000e+00 1.126138e-04 -1.842753e+00 -5.151140e-03 -1.128532e-04 9.999867e-01 2.633130e+01
9.999856e-01 6.262809e-05 -5.364446e-03 1.904776e+02 -6.126458e-05 1.000000e+00 2.543686e-04 -1.863561e+00 5.364462e-03 -2.540370e-04 9.999856e-01 2.640393e+01
9.999882e-01 2.271711e-05 4.861493e-03 1.921765e+02 -2.327822e-05 1.000000e+00 1.153943e-04 -1.880557e+00 -4.861490e-03 -1.155054e-04 9.999882e-01 2.639952e+01
9.999744e-01 -1.059275e-05 -7.149826e-03 1.930588e+02 1.081730e-05 1.000000e+00 3.138815e-05 -1.879995e+00 7.149826e-03 -3.146539e-05 9.999744e-01 2.599838e+01
9.999853e-01 8.141076e-05 5.425688e-03 1.942021e+02 -8.223966e-05 1.000000e+00 1.525790e-04 -1.888701e+00 -5.425675e-03 -1.530222e-04 9.999853e-01 2.586540e+01
9.999838e-01 5.302400e-05 -5.697238e-03 1.958573e+02 -5.194476e-05 1.000000e+00 1.896058e-04 -1.917070e+00 5.697248e-03 -1.893075e-04 9.999838e-01 2.618971e+01
9.999786e-01 1.525987e-04 6.538334e-03 1.978555e+02 -1.545567e-04 9.999999e-01 2.989887e-04 -1.955304e+00 -6.538287e-03 -2.999921e-04 9.999786e-01 2.667078e+01
9.999681e-01 3.045468e-05 -7.991923e-03 1.988190e+02 -3.087669e-05 1.000000e+00 -5.266239e-05 -1.979064e+00 7.991921e-03 5.290677e-05 9.999681e-01 2.686032e+01
9.999783e-01 6.501132e-05 6.591336e-03 1.999237e+02 -6.659450e-05 1.000000e+00 2.399944e-04 -1.995881e+00 -6.591320e-03 -2.404274e-04 9.999782e-01 2.685078e+01
9.999752e-01 9.882077e-05 -7.045747e-03 2.013932e+02 -9.796827e-05 1.000000e+00 1.213613e-04 -2.024877e+00 7.045759e-03 -1.206688e-04 9.999752e-01 2.715011e+01
9.999783e-01 -2.754664e-06 6.580434e-03 2.030700e+02 1.107984e-06 1.000000e+00 2.502660e-04 -2.043919e+00 -6.580434e-03 -2.502526e-04 9.999783e-01 2.720266e+01
9.999763e-01 1.649309e-04 -6.876189e-03 2.046836e+02 -1.638832e-04 1.000000e+00 1.529569e-04 -2.072734e+00 6.876214e-03 -1.518271e-04 9.999763e-01 2.752141e+01
9.999703e-01 3.022653e-04 7.698307e-03 2.065047e+02 -3.044037e-04 9.999999e-01 2.766260e-04 -2.131410e+00 -7.698222e-03 -2.789605e-04 9.999703e-01 2.880199e+01
9.999841e-01 1.899951e-04 -5.644704e-03 2.091949e+02 -1.885614e-04 9.999999e-01 2.545562e-04 -2.186433e+00 5.644751e-03 -2.534885e-04 9.999840e-01 2.993259e+01
9.999752e-01 -1.421825e-04 7.035510e-03 2.125827e+02 1.404416e-04 1.000000e+00 2.479544e-04 -2.179870e+00 -7.035544e-03 -2.469594e-04 9.999752e-01 2.929569e+01
9.999890e-01 3.257529e-04 -4.684365e-03 2.158314e+02 -3.244187e-04 9.999999e-01 2.856125e-04 -2.210547e+00 4.684457e-03 -2.840904e-04 9.999890e-01 2.954748e+01
9.999855e-01 3.802049e-04 5.373852e-03 2.175125e+02 -3.812220e-04 9.999999e-01 1.882701e-04 -2.282128e+00 -5.373780e-03 -1.903153e-04 9.999855e-01 3.137902e+01
9.999932e-01 -1.069754e-04 -3.699356e-03 2.208147e+02 1.077687e-04 1.000000e+00 2.142850e-04 -2.305736e+00 3.699333e-03 -2.146829e-04 9.999931e-01 3.158677e+01
9.999824e-01 3.268902e-04 5.923216e-03 2.243044e+02 -3.292076e-04 9.999999e-01 3.902940e-04 -2.328644e+00 -5.923087e-03 -3.922364e-04 9.999824e-01 3.170624e+01
9.999820e-01 -1.697616e-04 -6.005320e-03 2.265439e+02 1.699316e-04 1.000000e+00 2.782274e-05 -2.344046e+00 6.005315e-03 -2.884344e-05 9.999820e-01 3.163537e+01
9.999922e-01 2.916257e-04 3.931177e-03 2.281076e+02 -2.918564e-04 1.000000e+00 5.814359e-05 -2.329833e+00 -3.931159e-03 -5.928977e-05 9.999923e-01 3.083313e+01
9.999826e-01 -2.302208e-04 -5.889485e-03 2.295558e+02 2.309680e-04 1.000000e+00 1.262168e-04 -2.316569e+00 5.889455e-03 -1.275756e-04 9.999826e-01 3.008716e+01
9.999861e-01 2.780066e-04 5.268729e-03 2.313024e+02 -2.793303e-04 9.999999e-01 2.505239e-04 -2.330241e+00 -5.268658e-03 -2.519914e-04 9.999861e-01 2.999311e+01
9.999732e-01 -1.586367e-04 -7.315791e-03 2.322676e+02 1.582376e-04 1.000000e+00 -5.511166e-05 -2.342854e+00 7.315799e-03 5.395184e-05 9.999732e-01 2.994518e+01
9.999890e-01 2.970826e-04 4.679185e-03 2.326904e+02 -2.975917e-04 9.999999e-01 1.081323e-04 -2.336645e+00 -4.679152e-03 -1.095229e-04 9.999890e-01 2.930697e+01
9.999767e-01 -1.955317e-04 -6.819069e-03 2.334150e+02 1.955720e-04 1.000000e+00 5.265677e-06 -2.351581e+00 6.819067e-03 -6.599878e-06 9.999767e-01 2.931885e+01
9.999894e-01 3.736772e-04 4.584108e-03 2.340176e+02 -3.744332e-04 9.999999e-01 1.641061e-04 -2.377190e+00 -4.584046e-03 -1.658201e-04 9.999895e-01 2.985588e+01
9.999889e-01 -1.975849e-04 -4.697450e-03 2.356020e+02 1.987279e-04 1.000000e+00 2.428856e-04 -2.412743e+00 4.697402e-03 -2.438171e-04 9.999889e-01 3.033135e+01
9.999904e-01 3.496483e-04 4.360458e-03 2.371428e+02 -3.502897e-04 9.999999e-01 1.463510e-04 -2.443708e+00 -4.360406e-03 -1.478763e-04 9.999905e-01 3.067211e+01
9.999811e-01 -3.247027e-04 -6.133427e-03 2.384848e+02 3.246794e-04 9.999999e-01 -4.775506e-06 -2.441681e+00 6.133428e-03 2.783314e-06 9.999812e-01 3.023107e+01
9.999877e-01 3.438224e-04 4.942230e-03 2.399976e+02 -3.449974e-04 9.999999e-01 2.369313e-04 -2.446612e+00 -4.942148e-03 -2.386328e-04 9.999878e-01 2.994499e+01
