9.999964e-01 4.485631e-04 -2.626619e-03 3.072615e-01 -4.482203e-04 9.999999e-01 1.310814e-04 -4.020697e-02 2.626677e-03 -1.299044e-04 9.999965e-01 1.492894e+00
9.999999e-01 -3.923789e-05 4.094375e-04 6.965408e-01 3.919086e-05 1.000000e+00 1.149362e-04 -8.118971e-02 -4.094416e-04 -1.149194e-04 9.999999e-01 2.715111e+00
9.999958e-01 1.941289e-04 -2.883172e-03 1.164269e+00 -1.938916e-04 1.000000e+00 8.256506e-05 -1.072822e-01 2.883187e-03 -8.200640e-05 9.999958e-01 3.087468e+00
9.999999e-01 -4.644678e-05 5.018165e-04 1.575673e+00 4.639369e-05 1.000000e+00 1.058597e-04 -1.356761e-01 -5.018211e-04 -1.058357e-04 9.999999e-01 3.522043e+00
9.999962e-01 2.823784e-04 -2.738742e-03 2.027479e+00 -2.821557e-04 1.000000e+00 8.171073e-05 -1.699834e-01 2.738765e-03 -8.093838e-05 9.999962e-01 4.230449e+00
9.999999e-01 -1.774176e-05 4.356048e-04 2.433716e+00 1.768369e-05 1.000000e+00 1.333663e-04 -2.028737e-01 -4.356068e-04 -1.333578e-04 9.999999e-01 4.978315e+00
9.999950e-01 1.581132e-04 -3.157565e-03 2.893764e+00 -1.582453e-04 1.000000e+00 -4.158093e-05 -2.164646e-01 3.157558e-03 4.207968e-05 9.999950e-01 4.975555e+00
9.999999e-01 -4.195311e-05 3.702247e-04 3.483675e+00 4.195622e-05 1.000000e+00 -8.303846e-06 -2.087041e-01 -3.702240e-04 8.320091e-06 9.999999e-01 4.281346e+00
9.999957e-01 2.095121e-04 -2.929567e-03 4.031854e+00 -2.098272e-04 1.000000e+00 -1.072624e-04 -1.944690e-01 2.929544e-03 1.078760e-04 9.999957e-01 3.333854e+00
1.000000e+00 -3.511603e-05 4.735261e-05 4.215460e+00 3.510577e-05 1.000000e+00 2.172166e-04 -1.984615e-01 -4.735989e-05 -2.172142e-04 1.000000e+00 3.469543e+00
9.999964e-01 1.537630e-04 -2.683000e-03 5.050269e+00 -1.542742e-04 1.000000e+00 -1.903307e-04 -1.818287e-01 2.682971e-03 1.907433e-04 9.999964e-01 2.516442e+00
9.999995e-01 3.414179e-04 8.987769e-04 5.971589e+00 -3.412973e-04 9.999999e-01 -1.343413e-04 -1.369120e-01 -8.988223e-04 1.340352e-04 9.999996e-01 3.838201e-01
9.999965e-01 -5.833591e-05 -2.657225e-03 6.395088e+00 5.859113e-05 1.000000e+00 9.597976e-05 -1.182689e-01 2.657219e-03 -9.613583e-05 9.999965e-01 -8.866355e-01
1.000000e+00 2.548935e-04 1.355322e-04 6.748913e+00 -2.548874e-04 1.000000e+00 -4.459923e-05 -1.216114e-01 -1.355432e-04 4.456540e-05 1.000000e+00 -1.192718e+00
9.999969e-01 -2.360465e-05 -2.485614e-03 7.879624e+00 2.399746e-05 1.000000e+00 1.580192e-04 -1.113260e-01 2.485610e-03 -1.580791e-04 9.999969e-01 -1.524393e+00
9.999990e-01 2.909647e-04 1.386152e-03 1.102722e+01 -2.904063e-04 9.999999e-01 -4.030409e-04 -1.113523e-02 -1.386269e-03 4.026387e-04 9.999990e-01 -4.615442e+00
9.999999e-01 2.653969e-04 -2.609165e-04 1.566772e+01 -2.654696e-04 9.999999e-01 -2.787823e-04 1.766014e-01 2.608422e-04 2.788509e-04 9.999999e-01 -1.041589e+01
9.999968e-01 4.363361e-04 2.500506e-03 2.065092e+01 -4.349208e-04 9.999997e-01 -5.665299e-04 3.906399e-01 -2.500752e-03 5.654413e-04 9.999967e-01 -1.712542e+01
9.999999e-01 2.982971e-04 2.134602e-04 2.519877e+01 -2.982520e-04 9.999999e-01 -2.113592e-04 5.940636e-01 -2.135235e-04 2.112948e-04 1.000000e+00 -2.365006e+01
9.999977e-01 3.588696e-04 2.103045e-03 2.998100e+01 -3.577641e-04 9.999998e-01 -5.260121e-04 7.987048e-01 -2.103233e-03 5.252592e-04 9.999977e-01 -3.010497e+01
9.999999e-01 3.117401e-04 2.749162e-04 3.490056e+01 -3.116744e-04 9.999999e-01 -2.393783e-04 1.008860e+00 -2.749912e-04 2.392919e-04 9.999999e-01 -3.671816e+01
9.999970e-01 4.548764e-04 2.395653e-03 3.985948e+01 -4.533316e-04 9.999997e-01 -6.453114e-04 1.227289e+00 -2.395946e-03 6.442242e-04 9.999969e-01 -4.365894e+01
9.999981e-01 -1.521909e-04 -1.936816e-03 4.407480e+01 1.527087e-04 1.000000e+00 2.672209e-04 1.375221e+00 1.936775e-03 -2.675169e-04 9.999981e-01 -4.810308e+01
9.999973e-01 3.699037e-04 2.284847e-03 4.827118e+01 -3.686119e-04 9.999998e-01 -5.657907e-04 1.517299e+00 -2.285056e-03 5.649477e-04 9.999972e-01 -5.231305e+01
9.999989e-01 2.922616e-04 -1.452015e-03 5.185185e+01 -2.923212e-04 1.000000e+00 -4.079584e-05 1.677614e+00 1.452003e-03 4.121953e-05 9.999989e-01 -5.751861e+01
9.999911e-01 4.841983e-04 4.197233e-03 5.684003e+01 -4.807421e-04 9.999995e-01 -8.244111e-04 1.896415e+00 -4.197630e-03 8.223867e-04 9.999909e-01 -6.449969e+01
9.999994e-01 3.779080e-04 -1.015734e-03 6.194024e+01 -3.780035e-04 9.999999e-01 -9.377854e-05 2.124888e+00 1.015698e-03 9.416172e-05 9.999995e-01 -7.183288e+01
9.999889e-01 5.953469e-04 4.673629e-03 6.627734e+01 -5.919365e-04 9.999996e-01 -7.310547e-04 2.338384e+00 -4.674062e-03 7.282808e-04 9.999888e-01 -7.895681e+01
9.999974e-01 3.347225e-04 -2.262734e-03 7.061155e+01 -3.350101e-04 9.999999e-01 -1.266873e-04 2.543957e+00 2.262692e-03 1.274443e-04 9.999974e-01 -8.583430e+01
9.999885e-01 4.795439e-04 4.779915e-03 7.577407e+01 -4.760950e-04 9.999996e-01 -7.226285e-04 2.765913e+00 -4.780260e-03 7.203452e-04 9.999883e-01 -9.292661e+01
9.999965e-01 2.695063e-04 -2.620771e-03 8.091198e+01 -2.694512e-04 1.000000e+00 2.137512e-05 2.981245e+00 2.620776e-03 -2.066959e-05 9.999966e-01 -9.972957e+01
9.999869e-01 5.552057e-04 5.085563e-03 8.581247e+01 -5.510733e-04 9.999995e-01 -8.139444e-04 3.195387e+00 -5.086012e-03 8.111320e-04 9.999867e-01 -1.066497e+02
9.999951e-01 6.099116e-05 -3.115996e-03 8.974549e+01 -5.988121e-05 9.999999e-01 3.563118e-04 3.361814e+00 3.116017e-03 -3.561242e-04 9.999951e-01 -1.120517e+02
9.999840e-01 7.417450e-04 5.607376e-03 9.404905e+01 -7.360652e-04 9.999992e-01 -1.014916e-03 3.559927e+00 -5.608124e-03 1.010773e-03 9.999838e-01 -1.185013e+02
9.999960e-01 2.438200e-06 -2.831518e-03 9.864548e+01 -1.514146e-06 9.999999e-01 3.263561e-04 3.763891e+00 2.831519e-03 -3.263513e-04 9.999959e-01 -1.249950e+02
9.999858e-01 6.166316e-04 5.299861e-03 1.007308e+02 -6.144959e-04 9.999997e-01 -4.045815e-04 3.909943e+00 -5.300108e-03 4.013197e-04 9.999859e-01 -1.287758e+02
9.999878e-01 -1.854879e-04 -4.940101e-03 9.918793e+01 1.908228e-04 9.999994e-01 1.079474e-03 4.015539e+00 4.939897e-03 -1.080404e-03 9.999872e-01 -1.288173e+02
9.999757e-01 7.657752e-04 6.928980e-03 1.010119e+02 -7.576651e-04 9.999990e-01 -1.173002e-03 4.174713e+00 -6.929871e-03 1.167724e-03 9.999753e-01 -1.324213e+02
9.999872e-01 -4.068152e-04 -5.042028e-03 1.075269e+02 4.103471e-04 9.999997e-01 6.994839e-04 4.399212e+00 5.041742e-03 -7.015447e-04 9.999870e-01 -1.387593e+02
9.999703e-01 9.787112e-04 7.647555e-03 1.125354e+02 -9.700656e-04 9.999989e-01 -1.134124e-03 4.599208e+00 -7.648656e-03 1.126672e-03 9.999701e-01 -1.448888e+02
9.999854e-01 -5.482445e-04 -5.367948e-03 1.171303e+02 5.528259e-04 9.999995e-01 8.520364e-04 4.774632e+00 5.367478e-03 -8.549923e-04 9.999852e-01 -1.502430e+02
9.999682e-01 1.074329e-03 7.896969e-03 1.209979e+02 -1.065237e-03 9.999988e-01 -1.155473e-03 4.948679e+00 -7.898200e-03 1.147024e-03 9.999682e-01 -1.553771e+02
9.999894e-01 -6.365681e-04 -4.560073e-03 1.234670e+02 6.429649e-04 9.999988e-01 1.401446e-03 5.100646e+00 4.559175e-03 -1.404364e-03 9.999886e-01 -1.586054e+02
9.999704e-01 9.905879e-04 7.624205e-03 1.255456e+02 -9.827445e-04 9.999990e-01 -1.032423e-03 5.226979e+00 -7.625220e-03 1.024900e-03 9.999704e-01 -1.610340e+02
9.999830e-01 -6.966305e-04 -5.793940e-03 1.277890e+02 7.045522e-04 9.999988e-01 1.365320e-03 5.305577e+00 5.792982e-03 -1.369379e-03 9.999823e-01 -1.631089e+02
9.999830e-01 8.853571e-04 5.756093e-03 1.300955e+02 -8.800227e-04 9.999992e-01 -9.292016e-04 5.305702e+00 -5.756911e-03 9.241211e-04 9.999830e-01 -1.633641e+02
9.999885e-01 -7.161608e-04 -4.732397e-03 1.325685e+02 7.216021e-04 9.999991e-01 1.148213e-03 5.355607e+00 4.731570e-03 -1.151615e-03 9.999881e-01 -1.651805e+02
9.999676e-01 1.409395e-03 7.923402e-03 1.308188e+02 -1.402584e-03 9.999986e-01 -8.650451e-04 5.469623e+00 -7.924610e-03 8.539046e-04 9.999682e-01 -1.669700e+02
9.999687e-01 -1.006508e-03 -7.849373e-03 1.303597e+02 1.016097e-03 9.999987e-01 1.217654e-03 5.518054e+00 7.848137e-03 -1.225593e-03 9.999685e-01 -1.675000e+02
9.999742e-01 1.357790e-03 7.051266e-03 1.307741e+02 -1.351001e-03 9.999986e-01 -9.675085e-04 5.523595e+00 -7.052569e-03 9.579580e-04 9.999747e-01 -1.680830e+02
9.999673e-01 -1.089826e-03 -8.017098e-03 1.319995e+02 1.100682e-03 9.999985e-01 1.349825e-03 5.490465e+00 8.015615e-03 -1.358606e-03 9.999670e-01 -1.672742e+02
9.999685e-01 1.353362e-03 7.823198e-03 1.334107e+02 -1.346520e-03 9.999987e-01 -8.798550e-04 5.452157e+00 -7.824378e-03 8.692939e-04 9.999690e-01 -1.665806e+02
9.999491e-01 -1.334105e-03 -9.998105e-03 1.343200e+02 1.345033e-03 9.999985e-01 1.086313e-03 5.448655e+00 9.996640e-03 -1.099707e-03 9.999494e-01 -1.668790e+02
9.999684e-01 1.384829e-03 7.830001e-03 1.348103e+02 -1.378023e-03 9.999987e-01 -8.745593e-04 5.435595e+00 -7.831202e-03 8.637425e-04 9.999690e-01 -1.669861e+02
9.999462e-01 -1.276965e-03 -1.029787e-02 1.349673e+02 1.288366e-03 9.999986e-01 1.100580e-03 5.417802e+00 1.029645e-02 -1.113789e-03 9.999464e-01 -1.665729e+02
9.999672e-01 1.597205e-03 7.938892e-03 1.350615e+02 -1.589684e-03 9.999983e-01 -9.535916e-04 5.388667e+00 -7.940401e-03 9.409407e-04 9.999680e-01 -1.652557e+02
9.999484e-01 -1.265883e-03 -1.007735e-02 1.351919e+02 1.277670e-03 9.999985e-01 1.163296e-03 5.357930e+00 1.007586e-02 -1.176112e-03 9.999485e-01 -1.640478e+02
9.999697e-01 1.448285e-03 7.643289e-03 1.349097e+02 -1.440953e-03 9.999985e-01 -9.646069e-04 5.359476e+00 -7.644674e-03 9.535648e-04 9.999703e-01 -1.634011e+02
9.999491e-01 -1.297355e-03 -1.000733e-02 1.347536e+02 1.309403e-03 9.999984e-01 1.197371e-03 5.356223e+00 1.000576e-02 -1.210414e-03 9.999492e-01 -1.628039e+02
9.999696e-01 1.401358e-03 7.664989e-03 1.348111e+02 -1.394188e-03 9.999986e-01 -9.405979e-04 5.349304e+00 -7.666296e-03 9.298836e-04 9.999702e-01 -1.625204e+02
9.999485e-01 -1.289483e-03 -1.006284e-02 1.345569e+02 1.300353e-03 9.999986e-01 1.073781e-03 5.359633e+00 1.006144e-02 -1.086812e-03 9.999488e-01 -1.626256e+02
9.999689e-01 1.376925e-03 7.771469e-03 1.343677e+02 -1.369942e-03 9.999987e-01 -9.037902e-04 5.367171e+00 -7.772702e-03 8.931163e-04 9.999694e-01 -1.627131e+02
9.999446e-01 -1.320074e-03 -1.044535e-02 1.342596e+02 1.331744e-03 9.999985e-01 1.110388e-03 5.368838e+00 1.044387e-02 -1.124238e-03 9.999448e-01 -1.625384e+02
9.999678e-01 1.356899e-03 7.904425e-03 1.345359e+02 -1.349832e-03 9.999987e-01 -8.993219e-04 5.359293e+00 -7.905634e-03 8.886241e-04 9.999684e-01 -1.624101e+02
9.999457e-01 -1.267477e-03 -1.034315e-02 1.348113e+02 1.279008e-03 9.999986e-01 1.108339e-03 5.340765e+00 1.034173e-02 -1.121509e-03 9.999459e-01 -1.618958e+02
9.999614e-01 1.468471e-03 8.661510e-03 1.354703e+02 -1.461065e-03 9.999986e-01 -8.613215e-04 5.308633e+00 -8.662762e-03 8.486339e-04 9.999621e-01 -1.612418e+02
9.999470e-01 -1.355539e-03 -1.020169e-02 1.363174e+02 1.367343e-03 9.999984e-01 1.150199e-03 5.284723e+00 1.020012e-02 -1.164088e-03 9.999473e-01 -1.610669e+02
9.999676e-01 1.410355e-03 7.923357e-03 1.369925e+02 -1.402912e-03 9.999986e-01 -9.448519e-04 5.271720e+00 -7.924678e-03 9.337063e-04 9.999682e-01 -1.611086e+02
9.999484e-01 -1.397069e-03 -1.006226e-02 1.376243e+02 1.408956e-03 9.999983e-01 1.174308e-03 5.258086e+00 1.006060e-02 -1.188425e-03 9.999487e-01 -1.611381e+02
9.999614e-01 1.427294e-03 8.669128e-03 1.386604e+02 -1.419889e-03 9.999986e-01 -8.603289e-04 5.238465e+00 -8.670344e-03 8.479872e-04 9.999621e-01 -1.610607e+02
9.999452e-01 -1.348179e-03 -1.038198e-02 1.395736e+02 1.359660e-03 9.999985e-01 1.098836e-03 5.222839e+00 1.038048e-02 -1.112892e-03 9.999455e-01 -1.611211e+02
9.999644e-01 1.519991e-03 8.305915e-03 1.400369e+02 -1.511742e-03 9.999984e-01 -9.992873e-04 5.207888e+00 -8.307420e-03 9.866960e-04 9.999650e-01 -1.611693e+02
9.999438e-01 -1.333908e-03 -1.051645e-02 1.403021e+02 1.345220e-03 9.999985e-01 1.068646e-03 5.197392e+00 1.051501e-02 -1.082734e-03 9.999441e-01 -1.611565e+02
9.999638e-01 1.575203e-03 8.358262e-03 1.404650e+02 -1.566433e-03 9.999982e-01 -1.055611e-03 5.198510e+00 -8.359910e-03 1.042480e-03 9.999645e-01 -1.618757e+02
9.999441e-01 -1.464927e-03 -1.046824e-02 1.408514e+02 1.476876e-03 9.999983e-01 1.133804e-03 5.198471e+00 1.046656e-02 -1.149201e-03 9.999446e-01 -1.624579e+02
9.999652e-01 1.586812e-03 8.193725e-03 1.412484e+02 -1.578297e-03 9.999982e-01 -1.045539e-03 5.194252e+00 -8.195369e-03 1.032571e-03 9.999659e-01 -1.629067e+02
9.999463e-01 -1.396582e-03 -1.026556e-02 1.414581e+02 1.407659e-03 9.999984e-01 1.071892e-03 5.197746e+00 1.026405e-02 -1.086286e-03 9.999467e-01 -1.636746e+02
9.999643e-01 1.636900e-03 8.291607e-03 1.415442e+02 -1.628180e-03 9.999981e-01 -1.058350e-03 5.201364e+00 -8.293323e-03 1.044813e-03 9.999651e-01 -1.645188e+02
9.999495e-01 -1.298411e-03 -9.965145e-03 1.417261e+02 1.308267e-03 9.999987e-01 9.826488e-04 5.214144e+00 9.963855e-03 -9.956370e-04 9.999499e-01 -1.657230e+02
9.999685e-01 1.425117e-03 7.804693e-03 1.422116e+02 -1.417964e-03 9.999986e-01 -9.220598e-04 5.220355e+00 -7.805996e-03 9.109648e-04 9.999691e-01 -1.664333e+02
9.999484e-01 -1.312876e-03 -1.007726e-02 1.425342e+02 1.323450e-03 9.999986e-01 1.042716e-03 5.216712e+00 1.007588e-02 -1.055999e-03 9.999487e-01 -1.667651e+02
9.999669e-01 1.433593e-03 8.012736e-03 1.425818e+02 -1.426678e-03 9.999986e-01 -8.687020e-04 5.213653e+00 -8.013969e-03 8.572423e-04 9.999675e-01 -1.670881e+02
9.999466e-01 -1.298605e-03 -1.025029e-02 1.423647e+02 1.308968e-03 9.999986e-01 1.004352e-03 5.217309e+00 1.024897e-02 -1.017717e-03 9.999470e-01 -1.672474e+02
9.999702e-01 1.472845e-03 7.577857e-03 1.425285e+02 -1.466775e-03 9.999986e-01 -8.065123e-04 5.198028e+00 -7.579034e-03 7.953740e-04 9.999710e-01 -1.666394e+02
9.999465e-01 -1.328524e-03 -1.026155e-02 1.420542e+02 1.338502e-03 9.999986e-01 9.655198e-04 5.209881e+00 1.026025e-02 -9.792039e-04 9.999469e-01 -1.663005e+02
9.999692e-01 1.449237e-03 7.719688e-03 1.424012e+02 -1.443512e-03 9.999987e-01 -7.471358e-04 5.194771e+00 -7.720761e-03 7.359700e-04 9.999699e-01 -1.657336e+02
9.999566e-01 -1.306682e-03 -9.229605e-03 1.432997e+02 1.316317e-03 9.999986e-01 1.037902e-03 5.170429e+00 9.228235e-03 -1.050007e-03 9.999569e-01 -1.654573e+02
9.999766e-01 1.384830e-03 6.705583e-03 1.434296e+02 -1.379056e-03 9.999987e-01 -8.656626e-04 5.164485e+00 -6.706772e-03 8.563956e-04 9.999771e-01 -1.654381e+02
9.999511e-01 -1.359926e-03 -9.797151e-03 1.435846e+02 1.370344e-03 9.999985e-01 1.056745e-03 5.157283e+00 9.795699e-03 -1.070119e-03 9.999514e-01 -1.650657e+02
9.999722e-01 1.516409e-03 7.295950e-03 1.441765e+02 -1.510393e-03 9.999985e-01 -8.300285e-04 5.140450e+00 -7.297198e-03 8.189865e-04 9.999730e-01 -1.647551e+02
9.999498e-01 -1.489019e-03 -9.908932e-03 1.447613e+02 1.499710e-03 9.999983e-01 1.071586e-03 5.129855e+00 9.907320e-03 -1.086393e-03 9.999503e-01 -1.647409e+02
9.999723e-01 1.468081e-03 7.292452e-03 1.454975e+02 -1.462285e-03 9.999986e-01 -8.000744e-04 5.123358e+00 -7.293616e-03 7.893893e-04 9.999731e-01 -1.648363e+02
9.999550e-01 -1.354541e-03 -9.385743e-03 1.461127e+02 1.364389e-03 9.999985e-01 1.042941e-03 5.102622e+00 9.384316e-03 -1.055701e-03 9.999554e-01 -1.645002e+02
9.999761e-01 1.533591e-03 6.736068e-03 1.463632e+02 -1.528160e-03 9.999985e-01 -8.112838e-04 5.081315e+00 -6.737302e-03 8.009713e-04 9.999770e-01 -1.639073e+02
9.999492e-01 -1.466464e-03 -9.976301e-03 1.465122e+02 1.477473e-03 9.999983e-01 1.096239e-03 5.080751e+00 9.974676e-03 -1.110924e-03 9.999496e-01 -1.635823e+02
9.999716e-01 1.556143e-03 7.380736e-03 1.469902e+02 -1.549916e-03 9.999984e-01 -8.493923e-04 5.064278e+00 -7.382046e-03 8.379294e-04 9.999724e-01 -1.632664e+02
9.999542e-01 -1.459126e-03 -9.456587e-03 1.477215e+02 1.470302e-03 9.999982e-01 1.174980e-03 5.046043e+00 9.454856e-03 -1.188831e-03 9.999546e-01 -1.631327e+02
9.999806e-01 1.482629e-03 6.047628e-03 1.480102e+02 -1.477344e-03 9.999985e-01 -8.782778e-04 5.046428e+00 -6.048921e-03 8.693270e-04 9.999813e-01 -1.628833e+02
9.999579e-01 -1.498048e-03 -9.049878e-03 1.488887e+02 1.509338e-03 9.999981e-01 1.240837e-03 5.045493e+00 9.048002e-03 -1.254445e-03 9.999583e-01 -1.628182e+02
9.999625e-01 1.656483e-03 8.499561e-03 1.501997e+02 -1.649504e-03 9.999983e-01 -8.279546e-04 5.013461e+00 -8.500918e-03 8.139042e-04 9.999635e-01 -1.624168e+02
9.999528e-01 -1.382582e-03 -9.619550e-03 1.510420e+02 1.393643e-03 9.999984e-01 1.143230e-03 4.974569e+00 9.617953e-03 -1.156583e-03 9.999531e-01 -1.618320e+02
9.999722e-01 1.459854e-03 7.316221e-03 1.517607e+02 -1.453578e-03 9.999986e-01 -8.630708e-04 4.961246e+00 -7.317470e-03 8.524128e-04 9.999729e-01 -1.617456e+02
9.999541e-01 -1.440355e-03 -9.473428e-03 1.527396e+02 1.451868e-03 9.999982e-01 1.208498e-03 4.950072e+00 9.471670e-03 -1.222197e-03 9.999544e-01 -1.617461e+02
9.999693e-01 1.472974e-03 7.697303e-03 1.538576e+02 -1.466415e-03 9.999986e-01 -8.576516e-04 4.938098e+00 -7.698555e-03 8.463385e-04 9.999700e-01 -1.617321e+02
9.999411e-01 -1.457210e-03 -1.075724e-02 1.542911e+02 1.468988e-03 9.999983e-01 1.087083e-03 4.938774e+00 1.075563e-02 -1.102822e-03 9.999415e-01 -1.615842e+02
9.999719e-01 1.460666e-03 7.358485e-03 1.546174e+02 -1.454402e-03 9.999986e-01 -8.565062e-04 4.949568e+00 -7.359725e-03 8.457806e-04 9.999726e-01 -1.613271e+02
9.999391e-01 -1.441179e-03 -1.094028e-02 1.547626e+02 1.452970e-03 9.999984e-01 1.069916e-03 4.966573e+00 1.093872e-02 -1.085748e-03 9.999396e-01 -1.611274e+02
9.999709e-01 1.510009e-03 7.477404e-03 1.546151e+02 -1.503655e-03 9.999985e-01 -8.553469e-04 4.981908e+00 -7.478685e-03 8.440793e-04 9.999717e-01 -1.608381e+02
9.999523e-01 -1.532984e-03 -9.643706e-03 1.556035e+02 1.543647e-03 9.999982e-01 1.098326e-03 4.978838e+00 9.642004e-03 -1.113160e-03 9.999529e-01 -1.610775e+02
9.999703e-01 1.516164e-03 7.554728e-03 1.566291e+02 -1.509749e-03 9.999985e-01 -8.546757e-04 4.976329e+00 -7.556013e-03 8.432453e-04 9.999711e-01 -1.613561e+02
9.999488e-01 -1.504561e-03 -1.000798e-02 1.573831e+02 1.514939e-03 9.999983e-01 1.029473e-03 4.970561e+00 1.000641e-02 -1.044583e-03 9.999494e-01 -1.614600e+02
9.999677e-01 1.582258e-03 7.879719e-03 1.582368e+02 -1.576032e-03 9.999984e-01 -7.962480e-04 4.959740e+00 -7.880967e-03 7.838044e-04 9.999686e-01 -1.612542e+02
9.999540e-01 -1.511831e-03 -9.474138e-03 1.593836e+02 1.522545e-03 9.999982e-01 1.123766e-03 4.943558e+00 9.472422e-03 -1.138139e-03 9.999545e-01 -1.611585e+02
9.999628e-01 1.559605e-03 8.484235e-03 1.608604e+02 -1.553321e-03 9.999985e-01 -7.472328e-04 4.929938e+00 -8.485388e-03 7.340269e-04 9.999637e-01 -1.612259e+02
9.999474e-01 -1.520095e-03 -1.014218e-02 1.620680e+02 1.530442e-03 9.999983e-01 1.012466e-03 4.923680e+00 1.014062e-02 -1.027935e-03 9.999481e-01 -1.614554e+02
9.999690e-01 1.527670e-03 7.723466e-03 1.629811e+02 -1.521207e-03 9.999985e-01 -8.425676e-04 4.925043e+00 -7.724741e-03 8.307933e-04 9.999698e-01 -1.618268e+02
9.999474e-01 -1.524206e-03 -1.014412e-02 1.639250e+02 1.534795e-03 9.999983e-01 1.036223e-03 4.927067e+00 1.014253e-02 -1.051739e-03 9.999480e-01 -1.622182e+02
9.999705e-01 1.528053e-03 7.525627e-03 1.648261e+02 -1.521587e-03 9.999985e-01 -8.647860e-04 4.933315e+00 -7.526937e-03 8.533104e-04 9.999713e-01 -1.626936e+02
9.999518e-01 -1.529025e-03 -9.701167e-03 1.658154e+02 1.539908e-03 9.999982e-01 1.114510e-03 4.930839e+00 9.699445e-03 -1.129395e-03 9.999523e-01 -1.629836e+02
9.999718e-01 1.523734e-03 7.348174e-03 1.667380e+02 -1.517240e-03 9.999985e-01 -8.892314e-04 4.930630e+00 -7.349517e-03 8.780582e-04 9.999726e-01 -1.633250e+02
9.999530e-01 -1.525269e-03 -9.571628e-03 1.676212e+02 1.536223e-03 9.999982e-01 1.137221e-03 4.925122e+00 9.569875e-03 -1.151873e-03 9.999535e-01 -1.635319e+02
9.999729e-01 1.531164e-03 7.199508e-03 1.685042e+02 -1.524627e-03 9.999984e-01 -9.133633e-04 4.923017e+00 -7.200894e-03 9.023627e-04 9.999737e-01 -1.638322e+02
9.999542e-01 -1.526686e-03 -9.447596e-03 1.694601e+02 1.537403e-03 9.999982e-01 1.127207e-03 4.922102e+00 9.445858e-03 -1.141681e-03 9.999547e-01 -1.641652e+02
9.999741e-01 1.601631e-03 7.017744e-03 1.701410e+02 -1.594691e-03 9.999982e-01 -9.942925e-04 4.917150e+00 -7.019323e-03 9.830764e-04 9.999749e-01 -1.643341e+02
9.999568e-01 -1.387510e-03 -9.190692e-03 1.705487e+02 1.396948e-03 9.999985e-01 1.020538e-03 4.926818e+00 9.189262e-03 -1.033333e-03 9.999572e-01 -1.649439e+02
9.999773e-01 1.563156e-03 6.558782e-03 1.706859e+02 -1.557213e-03 9.999984e-01 -9.110164e-04 4.928932e+00 -6.560195e-03 9.007830e-04 9.999781e-01 -1.649337e+02
9.999529e-01 -1.478247e-03 -9.594973e-03 1.708404e+02 1.488331e-03 9.999983e-01 1.043893e-03 4.919651e+00 9.593414e-03 -1.058125e-03 9.999534e-01 -1.645869e+02
9.999754e-01 1.601720e-03 6.825563e-03 1.709980e+02 -1.595857e-03 9.999984e-01 -8.644089e-04 4.899974e+00 -6.826936e-03 8.534957e-04 9.999763e-01 -1.641139e+02
9.999506e-01 -1.492866e-03 -9.823106e-03 1.710436e+02 1.503330e-03 9.999983e-01 1.058046e-03 4.883683e+00 9.821510e-03 -1.072762e-03 9.999512e-01 -1.636407e+02
9.999751e-01 1.609045e-03 6.874270e-03 1.710808e+02 -1.602923e-03 9.999983e-01 -8.959216e-04 4.865727e+00 -6.875699e-03 8.848810e-04 9.999760e-01 -1.631376e+02
9.999502e-01 -1.507377e-03 -9.863565e-03 1.710523e+02 1.518004e-03 9.999983e-01 1.070004e-03 4.855794e+00 9.861934e-03 -1.084924e-03 9.999508e-01 -1.627065e+02
9.999731e-01 1.607543e-03 7.151449e-03 1.712289e+02 -1.600915e-03 9.999983e-01 -9.324241e-04 4.858016e+00 -7.152935e-03 9.209509e-04 9.999740e-01 -1.628408e+02
9.999494e-01 -1.398642e-03 -9.960908e-03 1.711337e+02 1.408410e-03 9.999985e-01 9.736550e-04 4.872331e+00 9.959531e-03 -9.876355e-04 9.999499e-01 -1.629247e+02
9.999766e-01 1.493533e-03 6.682083e-03 1.711430e+02 -1.487869e-03 9.999985e-01 -8.525707e-04 4.866523e+00 -6.683346e-03 8.426094e-04 9.999773e-01 -1.624188e+02
9.999491e-01 -1.365521e-03 -9.999704e-03 1.709999e+02 1.375855e-03 9.999985e-01 1.026674e-03 4.865534e+00 9.998287e-03 -1.040380e-03 9.999495e-01 -1.619001e+02
9.999753e-01 1.488127e-03 6.863189e-03 1.704119e+02 -1.482438e-03 9.999986e-01 -8.338865e-04 4.890447e+00 -6.864420e-03 8.236924e-04 9.999761e-01 -1.615422e+02
9.999518e-01 -1.404537e-03 -9.720616e-03 1.702626e+02 1.414301e-03 9.999985e-01 9.976237e-04 4.893745e+00 9.719200e-03 -1.011324e-03 9.999523e-01 -1.613781e+02
9.999730e-01 1.463850e-03 7.198316e-03 1.708650e+02 -1.457559e-03 9.999986e-01 -8.790953e-04 4.886613e+00 -7.199592e-03 8.685803e-04 9.999737e-01 -1.615321e+02
9.999504e-01 -1.481915e-03 -9.852002e-03 1.713260e+02 1.493019e-03 9.999983e-01 1.119864e-03 4.878947e+00 9.850325e-03 -1.134519e-03 9.999508e-01 -1.615691e+02
9.999739e-01 1.564964e-03 7.048032e-03 1.711887e+02 -1.558333e-03 9.999983e-01 -9.461845e-04 4.893154e+00 -7.049501e-03 9.351774e-04 9.999747e-01 -1.616892e+02
9.999517e-01 -1.531861e-03 -9.705284e-03 1.718956e+02 1.542505e-03 9.999982e-01 1.089281e-03 4.899324e+00 9.703598e-03 -1.104200e-03 9.999523e-01 -1.622038e+02
9.999740e-01 1.513089e-03 7.044337e-03 1.729438e+02 -1.506603e-03 9.999984e-01 -9.259663e-04 4.911247e+00 -7.045727e-03 9.153300e-04 9.999748e-01 -1.628150e+02
9.999533e-01 -1.492095e-03 -9.544788e-03 1.738075e+02 1.502636e-03 9.999983e-01 1.097283e-03 4.922138e+00 9.543134e-03 -1.111575e-03 9.999538e-01 -1.634886e+02
9.999736e-01 1.575586e-03 7.087521e-03 1.740080e+02 -1.569141e-03 9.999984e-01 -9.147972e-04 4.929465e+00 -7.088951e-03 9.036525e-04 9.999745e-01 -1.639074e+02
9.999573e-01 -1.364408e-03 -9.143044e-03 1.741309e+02 1.373520e-03 9.999986e-01 9.903877e-04 4.934264e+00 9.141680e-03 -1.002904e-03 9.999577e-01 -1.646929e+02
9.999736e-01 1.447086e-03 7.114106e-03 1.747132e+02 -1.440713e-03 9.999986e-01 -9.009173e-04 4.935654e+00 -7.115399e-03 8.906449e-04 9.999743e-01 -1.652629e+02
9.999530e-01 -1.402055e-03 -9.588829e-03 1.753507e+02 1.413405e-03 9.999983e-01 1.177025e-03 4.921543e+00 9.587162e-03 -1.190523e-03 9.999533e-01 -1.652211e+02
9.999746e-01 1.414934e-03 6.985161e-03 1.762876e+02 -1.408348e-03 9.999986e-01 -9.476594e-04 4.923694e+00 -6.986492e-03 9.377985e-04 9.999752e-01 -1.656482e+02
9.999560e-01 -1.189077e-03 -9.310054e-03 1.771858e+02 1.197338e-03 9.999989e-01 8.817567e-04 4.958626e+00 9.308995e-03 -8.928659e-04 9.999563e-01 -1.672860e+02
9.999700e-01 1.424900e-03 7.610522e-03 1.781837e+02 -1.417454e-03 9.999985e-01 -9.837535e-04 4.995570e+00 -7.611912e-03 9.729371e-04 9.999706e-01 -1.689326e+02
9.999511e-01 -1.353987e-03 -9.794891e-03 1.789004e+02 1.364843e-03 9.999985e-01 1.101685e-03 4.998131e+00 9.793384e-03 -1.115001e-03 9.999514e-01 -1.694716e+02
9.999697e-01 1.444122e-03 7.646538e-03 1.791170e+02 -1.437019e-03 9.999985e-01 -9.343009e-04 4.992502e+00 -7.647876e-03 9.232851e-04 9.999703e-01 -1.698381e+02
9.999474e-01 -1.359272e-03 -1.016297e-02 1.791769e+02 1.371340e-03 9.999984e-01 1.180519e-03 4.985645e+00 1.016135e-02 -1.194394e-03 9.999477e-01 -1.694854e+02
9.999697e-01 1.475711e-03 7.647464e-03 1.792955e+02 -1.468430e-03 9.999985e-01 -9.576075e-04 4.976414e+00 -7.648866e-03 9.463494e-04 9.999703e-01 -1.690915e+02
9.999492e-01 -1.355126e-03 -9.989499e-03 1.795381e+02 1.366450e-03 9.999984e-01 1.126920e-03 4.971703e+00 9.987956e-03 -1.140514e-03 9.999495e-01 -1.693303e+02
9.999697e-01 1.421943e-03 7.647662e-03 1.800513e+02 -1.415119e-03 9.999986e-01 -8.976196e-04 4.952640e+00 -7.648927e-03 8.867708e-04 9.999704e-01 -1.691637e+02
9.999495e-01 -1.171015e-03 -9.982708e-03 1.803487e+02 1.182837e-03 9.999986e-01 1.178425e-03 4.925333e+00 9.981313e-03 -1.190174e-03 9.999495e-01 -1.683849e+02
9.999750e-01 1.421934e-03 6.931812e-03 1.803468e+02 -1.415391e-03 9.999985e-01 -9.487420e-04 4.918764e+00 -6.933151e-03 9.389078e-04 9.999755e-01 -1.674875e+02
9.999623e-01 -1.170892e-03 -8.600281e-03 1.810440e+02 1.181906e-03 9.999985e-01 1.275748e-03 4.891758e+00 8.598773e-03 -1.285865e-03 9.999622e-01 -1.666531e+02
9.999860e-01 1.776132e-03 4.981876e-03 1.807178e+02 -1.771566e-03 9.999980e-01 -9.207420e-04 4.913763e+00 -4.983501e-03 9.119041e-04 9.999872e-01 -1.640054e+02
9.999618e-01 -1.097911e-03 -8.668868e-03 1.805450e+02 1.108816e-03 9.999986e-01 1.253298e-03 4.939044e+00 8.667480e-03 -1.262863e-03 9.999616e-01 -1.612533e+02
9.999786e-01 1.651265e-03 6.332051e-03 1.812263e+02 -1.646365e-03 9.999983e-01 -7.788762e-04 4.923608e+00 -6.333326e-03 7.684354e-04 9.999796e-01 -1.594286e+02
9.999572e-01 -1.226659e-03 -9.165194e-03 1.816472e+02 1.237803e-03 9.999985e-01 1.210332e-03 4.919483e+00 9.163695e-03 -1.221626e-03 9.999573e-01 -1.575304e+02
9.999879e-01 1.753479e-03 4.601960e-03 1.809284e+02 -1.748807e-03 9.999980e-01 -1.018940e-03 4.962508e+00 -4.603737e-03 1.010880e-03 9.999889e-01 -1.550746e+02
9.999619e-01 -1.202595e-03 -8.647609e-03 1.805122e+02 1.213458e-03 9.999985e-01 1.251014e-03 4.984788e+00 8.646091e-03 -1.261460e-03 9.999618e-01 -1.526620e+02
9.999856e-01 1.793941e-03 5.048984e-03 1.801873e+02 -1.788754e-03 9.999979e-01 -1.031726e-03 4.995506e+00 -5.050823e-03 1.022680e-03 9.999867e-01 -1.502528e+02
9.999475e-01 -1.279204e-03 -1.016982e-02 1.790959e+02 1.290463e-03 9.999986e-01 1.100574e-03 5.065574e+00 1.016840e-02 -1.113641e-03 9.999477e-01 -1.475788e+02
9.999799e-01 1.737888e-03 6.099176e-03 1.785992e+02 -1.732499e-03 9.999981e-01 -8.886362e-04 5.099845e+00 -6.100708e-03 8.780523e-04 9.999810e-01 -1.456730e+02
9.999685e-01 -1.365854e-03 -7.819439e-03 1.793254e+02 1.375542e-03 9.999983e-01 1.233658e-03 5.066966e+00 7.817741e-03 -1.244376e-03 9.999687e-01 -1.445161e+02
9.999897e-01 1.724836e-03 4.203577e-03 1.791751e+02 -1.720973e-03 9.999981e-01 -9.224895e-04 5.072597e+00 -4.205160e-03 9.152464e-04 9.999907e-01 -1.429592e+02
9.999626e-01 -1.233897e-03 -8.556426e-03 1.786117e+02 1.243498e-03 9.999986e-01 1.116806e-03 5.108593e+00 8.555036e-03 -1.127405e-03 9.999628e-01 -1.406093e+02
9.999651e-01 1.892197e-03 8.140324e-03 1.800260e+02 -1.887751e-03 9.999981e-01 -5.538713e-04 5.063523e+00 -8.141356e-03 5.384857e-04 9.999667e-01 -1.392327e+02
9.999835e-01 -1.437921e-03 -5.553035e-03 1.827865e+02 1.445957e-03 9.999979e-01 1.443252e-03 4.999053e+00 5.550948e-03 -1.451259e-03 9.999835e-01 -1.381416e+02
9.999907e-01 2.155103e-03 3.738180e-03 1.833075e+02 -2.151274e-03 9.999972e-01 -1.028000e-03 4.963310e+00 -3.740385e-03 1.019949e-03 9.999925e-01 -1.358149e+02
9.999660e-01 -1.602390e-03 -8.087347e-03 1.825092e+02 1.610944e-03 9.999981e-01 1.051313e-03 5.017411e+00 8.085647e-03 -1.064306e-03 9.999667e-01 -1.333619e+02
9.999874e-01 2.201452e-03 4.514227e-03 1.821684e+02 -2.197420e-03 9.999972e-01 -8.978542e-04 5.039502e+00 -4.516190e-03 8.879239e-04 9.999894e-01 -1.310108e+02
9.999672e-01 -1.564869e-03 -7.952686e-03 1.819843e+02 1.573860e-03 9.999981e-01 1.124496e-03 5.047044e+00 7.950911e-03 -1.136976e-03 9.999677e-01 -1.285995e+02
9.999882e-01 2.157661e-03 4.361543e-03 1.816263e+02 -2.153801e-03 9.999973e-01 -8.893942e-04 5.071641e+00 -4.363450e-03 8.799905e-04 9.999901e-01 -1.261481e+02
9.999613e-01 -1.497142e-03 -8.667842e-03 1.810946e+02 1.507263e-03 9.999982e-01 1.161308e-03 5.111234e+00 8.666087e-03 -1.174329e-03 9.999618e-01 -1.232499e+02
9.999839e-01 2.270155e-03 5.196730e-03 1.810367e+02 -2.265967e-03 9.999971e-01 -8.116096e-04 5.123982e+00 -5.198557e-03 7.998216e-04 9.999862e-01 -1.202207e+02
9.999563e-01 -1.694982e-03 -9.193085e-03 1.803150e+02 1.704732e-03 9.999980e-01 1.052839e-03 5.173917e+00 9.191282e-03 -1.068465e-03 9.999572e-01 -1.179476e+02
9.999388e-01 2.348922e-03 1.081328e-02 1.824935e+02 -2.344869e-03 9.999972e-01 -3.874955e-04 5.110808e+00 -1.081416e-02 3.621168e-04 9.999415e-01 -1.159014e+02
9.999881e-01 -1.211455e-03 -4.716200e-03 1.860496e+02 1.218104e-03 9.999983e-01 1.407133e-03 4.992212e+00 4.714487e-03 -1.412862e-03 9.999879e-01 -1.133913e+02
9.999970e-01 2.004383e-03 1.395067e-03 1.854644e+02 -2.002789e-03 9.999973e-01 -1.143116e-03 5.019418e+00 -1.397354e-03 1.140319e-03 9.999984e-01 -1.104558e+02
9.999852e-01 -1.834204e-03 -5.130254e-03 1.851118e+02 1.841539e-03 9.999973e-01 1.425516e-03 5.036125e+00 5.127625e-03 -1.434943e-03 9.999858e-01 -1.101105e+02
9.999939e-01 1.979183e-03 2.889444e-03 1.865243e+02 -1.974458e-03 9.999967e-01 -1.637226e-03 5.076759e+00 -2.892675e-03 1.631511e-03 9.999945e-01 -1.116471e+02
9.999932e-01 -1.864734e-03 -3.189109e-03 1.885892e+02 1.871539e-03 9.999960e-01 2.132289e-03 5.057168e+00 3.185120e-03 -2.138243e-03 9.999926e-01 -1.116960e+02
9.999796e-01 1.970237e-03 6.077021e-03 1.922270e+02 -1.962496e-03 9.999973e-01 -1.279627e-03 5.030668e+00 -6.079525e-03 1.267675e-03 9.999807e-01 -1.116179e+02
9.999928e-01 -1.350204e-03 -3.533743e-03 1.947977e+02 1.357958e-03 9.999967e-01 2.192649e-03 4.963548e+00 3.530770e-03 -2.197433e-03 9.999914e-01 -1.097914e+02
9.999495e-01 2.442570e-03 9.750708e-03 1.988069e+02 -2.432311e-03 9.999965e-01 -1.063784e-03 4.858048e+00 -9.753272e-03 1.040014e-03 9.999519e-01 -1.072811e+02
9.999874e-01 -1.767555e-03 -4.694559e-03 2.028898e+02 1.778082e-03 9.999959e-01 2.239077e-03 4.794376e+00 4.690582e-03 -2.247396e-03 9.999865e-01 -1.062211e+02
9.999965e-01 1.961947e-03 1.779469e-03 2.038973e+02 -1.959046e-03 9.999968e-01 -1.630582e-03 4.787464e+00 -1.782662e-03 1.627091e-03 9.999971e-01 -1.051998e+02
9.999471e-01 -1.518053e-03 -1.017169e-02 2.013535e+02 1.535410e-03 9.999974e-01 1.698817e-03 4.981739e+00 1.016909e-02 -1.714345e-03 9.999468e-01 -1.019335e+02
9.999963e-01 1.914552e-03 1.925215e-03 1.986464e+02 -1.911788e-03 9.999971e-01 -1.436611e-03 5.191285e+00 -1.927960e-03 1.432926e-03 9.999971e-01 -9.887411e+01
9.999699e-01 -1.751298e-03 -7.559359e-03 1.976291e+02 1.763328e-03 9.999972e-01 1.585018e-03 5.287921e+00 7.556562e-03 -1.598300e-03 9.999702e-01 -9.737680e+01
9.999950e-01 2.065556e-03 2.402222e-03 1.960692e+02 -2.062274e-03 9.999969e-01 -1.367689e-03 5.397302e+00 -2.405039e-03 1.362729e-03 9.999962e-01 -9.587722e+01
9.999582e-01 -1.800003e-03 -8.966374e-03 1.943926e+02 1.813564e-03 9.999972e-01 1.504531e-03 5.525576e+00 8.963641e-03 -1.520730e-03 9.999587e-01 -9.375240e+01
9.999974e-01 2.265640e-03 -8.802169e-05 1.916043e+02 -2.265752e-03 9.999966e-01 -1.300772e-03 5.744545e+00 8.507462e-05 1.300968e-03 9.999992e-01 -9.028792e+01
9.999392e-01 -1.573242e-03 -1.091465e-02 1.873895e+02 1.588954e-03 9.999977e-01 1.430967e-03 6.073364e+00 1.091237e-02 -1.448224e-03 9.999394e-01 -8.557114e+01
9.999944e-01 1.859962e-03 2.765818e-03 1.848920e+02 -1.856783e-03 9.999976e-01 -1.151626e-03 6.282160e+00 -2.767953e-03 1.146485e-03 9.999955e-01 -8.251164e+01
9.999625e-01 -1.999912e-03 -8.422968e-03 1.845851e+02 2.011823e-03 9.999970e-01 1.405846e-03 6.418058e+00 8.420131e-03 -1.422740e-03 9.999635e-01 -8.137562e+01
9.999957e-01 1.955186e-03 2.178995e-03 1.839783e+02 -1.952652e-03 9.999974e-01 -1.164213e-03 6.608170e+00 -2.181266e-03 1.159953e-03 9.999969e-01 -7.992391e+01
9.999519e-01 -1.709512e-03 -9.656436e-03 1.820712e+02 1.722941e-03 9.999976e-01 1.382593e-03 6.805361e+00 9.654048e-03 -1.399165e-03 9.999524e-01 -7.731097e+01
9.999966e-01 2.004128e-03 1.682306e-03 1.797917e+02 -2.002148e-03 9.999973e-01 -1.177231e-03 6.989224e+00 -1.684661e-03 1.173859e-03 9.999979e-01 -7.444266e+01
9.999609e-01 -1.715390e-03 -8.669935e-03 1.779106e+02 1.726476e-03 9.999977e-01 1.271413e-03 7.131079e+00 8.667734e-03 -1.286333e-03 9.999616e-01 -7.203096e+01
9.999912e-01 1.858357e-03 3.772901e-03 1.770505e+02 -1.854162e-03 9.999977e-01 -1.114894e-03 7.191687e+00 -3.774964e-03 1.107890e-03 9.999923e-01 -7.073454e+01
9.999652e-01 -1.795873e-03 -8.142739e-03 1.770428e+02 1.806226e-03 9.999976e-01 1.264399e-03 7.237381e+00 8.140448e-03 -1.279063e-03 9.999660e-01 -6.967182e+01
9.999925e-01 1.742416e-03 3.471780e-03 1.773120e+02 -1.738559e-03 9.999979e-01 -1.113606e-03 7.325477e+00 -3.473713e-03 1.107562e-03 9.999934e-01 -6.890853e+01
9.999739e-01 -1.727346e-03 -7.017864e-03 1.778263e+02 1.737674e-03 9.999974e-01 1.465955e-03 7.357995e+00 7.015313e-03 -1.478113e-03 9.999743e-01 -6.803064e+01
9.999925e-01 2.035178e-03 3.292976e-03 1.777354e+02 -2.031077e-03 9.999972e-01 -1.248303e-03 7.367548e+00 -3.295507e-03 1.241606e-03 9.999938e-01 -6.665238e+01
9.999816e-01 -1.708038e-03 -5.822865e-03 1.781657e+02 1.717294e-03 9.999973e-01 1.584883e-03 7.341477e+00 5.820142e-03 -1.594854e-03 9.999818e-01 -6.551994e+01
9.999953e-01 1.964072e-03 2.357246e-03 1.782957e+02 -1.961036e-03 9.999972e-01 -1.289464e-03 7.351519e+00 -2.359772e-03 1.284836e-03 9.999964e-01 -6.440780e+01
9.999826e-01 -1.692873e-03 -5.650596e-03 1.773643e+02 1.702249e-03 9.999972e-01 1.654785e-03 7.406860e+00 5.647779e-03 -1.664375e-03 9.999827e-01 -6.307226e+01
9.999917e-01 2.155990e-03 3.454380e-03 1.771969e+02 -2.151664e-03 9.999969e-01 -1.255285e-03 7.434405e+00 -3.457076e-03 1.247843e-03 9.999932e-01 -6.142607e+01
9.999965e-01 -2.197032e-03 -1.448893e-03 1.810865e+02 2.200057e-03 9.999954e-01 2.089475e-03 7.436796e+00 1.444296e-03 -2.092656e-03 9.999968e-01 -6.176054e+01
9.999934e-01 2.038615e-03 3.009946e-03 1.850622e+02 -2.034061e-03 9.999968e-01 -1.515111e-03 7.464054e+00 -3.013025e-03 1.508980e-03 9.999943e-01 -6.273282e+01
9.999901e-01 -2.119221e-03 -3.901592e-03 1.874037e+02 2.126199e-03 9.999961e-01 1.785317e-03 7.482165e+00 3.897793e-03 -1.793596e-03 9.999908e-01 -6.340489e+01
9.999938e-01 2.078495e-03 2.848081e-03 1.890022e+02 -2.074410e-03 9.999968e-01 -1.436634e-03 7.479166e+00 -2.851058e-03 1.430717e-03 9.999949e-01 -6.365548e+01
9.999863e-01 -1.959938e-03 -4.857176e-03 1.895800e+02 1.968376e-03 9.999966e-01 1.733124e-03 7.453028e+00 4.853762e-03 -1.742662e-03 9.999867e-01 -6.336686e+01
9.999938e-01 2.068777e-03 2.841150e-03 1.901893e+02 -2.064712e-03 9.999968e-01 -1.432779e-03 7.427137e+00 -2.844105e-03 1.426904e-03 9.999949e-01 -6.303628e+01
9.999874e-01 -1.937525e-03 -4.634335e-03 1.910865e+02 1.945434e-03 9.999967e-01 1.702649e-03 7.405034e+00 4.631020e-03 -1.711644e-03 9.999878e-01 -6.261707e+01
9.999925e-01 2.033848e-03 3.299307e-03 1.923354e+02 -2.029283e-03 9.999970e-01 -1.386481e-03 7.385597e+00 -3.302116e-03 1.379776e-03 9.999936e-01 -6.242884e+01
9.999711e-01 -1.683875e-03 -7.410936e-03 1.919503e+02 1.695981e-03 9.999972e-01 1.627547e-03 7.412057e+00 7.408175e-03 -1.640069e-03 9.999712e-01 -6.059226e+01
9.999912e-01 2.220591e-03 3.553573e-03 1.916928e+02 -2.215938e-03 9.999967e-01 -1.312677e-03 7.443727e+00 -3.556476e-03 1.304792e-03 9.999928e-01 -5.841327e+01
9.999876e-01 -2.316238e-03 -4.397349e-03 1.938756e+02 2.324091e-03 9.999957e-01 1.781729e-03 7.448314e+00 4.393203e-03 -1.791928e-03 9.999887e-01 -5.859158e+01
9.999939e-01 2.220999e-03 2.694484e-03 1.951665e+02 -2.217381e-03 9.999966e-01 -1.344794e-03 7.445526e+00 -2.697461e-03 1.338812e-03 9.999955e-01 -5.870731e+01
9.999870e-01 -2.048877e-03 -4.660743e-03 1.959380e+02 2.056765e-03 9.999965e-01 1.688343e-03 7.423396e+00 4.657267e-03 -1.697908e-03 9.999877e-01 -5.823083e+01
9.999918e-01 2.115119e-03 3.464600e-03 1.972974e+02 -2.110836e-03 9.999970e-01 -1.239339e-03 7.405863e+00 -3.467211e-03 1.232016e-03 9.999932e-01 -5.801591e+01
9.999837e-01 -1.920864e-03 -5.376768e-03 1.981707e+02 1.929840e-03 9.999968e-01 1.664724e-03 7.378599e+00 5.373553e-03 -1.675073e-03 9.999842e-01 -5.724074e+01
9.999940e-01 2.440811e-03 2.439661e-03 1.983134e+02 -2.437455e-03 9.999961e-01 -1.377772e-03 7.367272e+00 -2.443014e-03 1.371818e-03 9.999961e-01 -5.536294e+01
9.999825e-01 -2.002685e-03 -5.565839e-03 1.983716e+02 2.011926e-03 9.999966e-01 1.655154e-03 7.362325e+00 5.562505e-03 -1.666324e-03 9.999831e-01 -5.373858e+01
9.999953e-01 2.408129e-03 1.893799e-03 1.981135e+02 -2.405366e-03 9.999960e-01 -1.459490e-03 7.379614e+00 -1.897306e-03 1.454929e-03 9.999971e-01 -5.206473e+01
9.999803e-01 -2.022365e-03 -5.948800e-03 1.976600e+02 2.032114e-03 9.999966e-01 1.633201e-03 7.409174e+00 5.945476e-03 -1.645258e-03 9.999810e-01 -5.037578e+01
9.999951e-01 2.404659e-03 1.998768e-03 1.972986e+02 -2.401769e-03 9.999961e-01 -1.446543e-03 7.435433e+00 -2.002238e-03 1.441736e-03 9.999970e-01 -4.872074e+01
9.999805e-01 -2.022144e-03 -5.904519e-03 1.968713e+02 2.031776e-03 9.999966e-01 1.625830e-03 7.461202e+00 5.901211e-03 -1.637795e-03 9.999812e-01 -4.708560e+01
9.999948e-01 2.330011e-03 2.232123e-03 1.966404e+02 -2.326776e-03 9.999962e-01 -1.450512e-03 7.479288e+00 -2.235494e-03 1.445312e-03 9.999965e-01 -4.599553e+01
9.999846e-01 -2.359594e-03 -5.027335e-03 1.973309e+02 2.368222e-03 9.999957e-01 1.711037e-03 7.474503e+00 5.023276e-03 -1.722917e-03 9.999859e-01 -4.611958e+01
9.999927e-01 2.386530e-03 2.997891e-03 1.982110e+02 -2.382287e-03 9.999962e-01 -1.418306e-03 7.462566e+00 -3.001264e-03 1.411155e-03 9.999945e-01 -4.619413e+01
9.999854e-01 -2.340175e-03 -4.863437e-03 1.990962e+02 2.348847e-03 9.999957e-01 1.778223e-03 7.445972e+00 4.859254e-03 -1.789622e-03 9.999866e-01 -4.611933e+01
9.999951e-01 2.573328e-03 1.775269e-03 1.992931e+02 -2.570694e-03 9.999956e-01 -1.484716e-03 7.439209e+00 -1.779082e-03 1.480146e-03 9.999973e-01 -4.512166e+01
9.999806e-01 -2.225839e-03 -5.814448e-03 1.988503e+02 2.235474e-03 9.999961e-01 1.651169e-03 7.466309e+00 5.810750e-03 -1.664136e-03 9.999817e-01 -4.354896e+01
9.999960e-01 2.562911e-03 1.229935e-03 1.981321e+02 -2.561070e-03 9.999956e-01 -1.495628e-03 7.511889e+00 -1.233762e-03 1.492473e-03 9.999981e-01 -4.176936e+01
9.999798e-01 -2.220029e-03 -5.954092e-03 1.973838e+02 2.229694e-03 9.999962e-01 1.617096e-03 7.559752e+00 5.950479e-03 -1.630339e-03 9.999810e-01 -3.992349e+01
9.999959e-01 2.646487e-03 1.057828e-03 1.965798e+02 -2.644885e-03 9.999954e-01 -1.512306e-03 7.608650e+00 -1.061825e-03 1.509502e-03 9.999983e-01 -3.769864e+01
9.999827e-01 -2.125025e-03 -5.487417e-03 1.960730e+02 2.134130e-03 9.999964e-01 1.654019e-03 7.637941e+00 5.483881e-03 -1.665702e-03 9.999836e-01 -3.535625e+01
9.999906e-01 2.565375e-03 3.500930e-03 1.967294e+02 -2.561028e-03 9.999959e-01 -1.245452e-03 7.603794e+00 -3.504110e-03 1.236475e-03 9.999931e-01 -3.409673e+01
9.999774e-01 -2.346156e-03 -6.296724e-03 2.002802e+02 2.351628e-03 9.999969e-01 8.618914e-04 7.724225e+00 6.294682e-03 -8.766802e-04 9.999798e-01 -3.749743e+01
9.999700e-01 2.843475e-03 7.206159e-03 2.055327e+02 -2.833516e-03 9.999950e-01 -1.391729e-03 7.932978e+00 -7.210080e-03 1.371269e-03 9.999731e-01 -4.366612e+01
9.999587e-01 -2.938041e-03 -8.598029e-03 2.101429e+02 2.951023e-03 9.999945e-01 1.497571e-03 8.066981e+00 8.593581e-03 -1.522883e-03 9.999619e-01 -4.714179e+01
