9.999974e-01 -4.171486e-04 -2.241697e-03 1.709974e-01 4.184794e-04 9.999997e-01 5.932451e-04 -5.875580e-03 2.241449e-03 -5.941822e-04 9.999974e-01 3.654002e-02
9.999999e-01 5.087680e-05 5.242990e-04 2.932503e-01 -5.110202e-05 9.999999e-01 4.295926e-04 -1.128509e-02 -5.242775e-04 -4.296187e-04 9.999997e-01 9.725967e-02
9.999983e-01 -5.445643e-04 -1.777408e-03 4.380726e-01 5.445028e-04 9.999999e-01 -3.512474e-05 -1.603723e-02 1.777428e-03 3.415620e-05 9.999985e-01 9.841778e-02
9.999967e-01 2.480968e-04 2.542603e-03 4.345268e-01 -2.512700e-04 9.999992e-01 1.247757e-03 -1.851030e-02 -2.542292e-03 -1.248391e-03 9.999959e-01 1.696300e-01
9.999970e-01 -7.097527e-04 -2.354788e-03 4.443270e-01 7.090491e-04 9.999997e-01 -2.996064e-04 -2.117091e-02 2.355001e-03 2.979349e-04 9.999973e-01 2.385747e-01
9.999998e-01 1.628855e-04 5.351904e-04 6.215660e-01 -1.633132e-04 9.999997e-01 7.993142e-04 -2.627059e-02 -5.350606e-04 -7.994005e-04 9.999994e-01 2.212693e-01
9.999992e-01 -2.075118e-04 -1.256573e-03 6.994402e-01 2.083609e-04 9.999998e-01 6.756534e-04 -3.000574e-02 1.256433e-03 -6.759158e-04 9.999991e-01 2.682615e-01
9.999900e-01 4.066710e-04 4.460880e-03 4.095641e-01 -4.093815e-04 9.999997e-01 6.067238e-04 -2.429288e-02 -4.460632e-03 -6.085427e-04 9.999898e-01 3.425933e-01
9.999990e-01 -3.178892e-04 -1.392927e-03 1.409843e-01 3.188473e-04 9.999997e-01 6.876648e-04 -1.933934e-02 1.392708e-03 -6.881096e-04 9.999989e-01 4.275134e-01
9.999935e-01 3.699037e-04 3.592143e-03 -8.410637e-02 -3.722629e-04 9.999997e-01 6.561277e-04 -1.577819e-02 -3.591899e-03 -6.574592e-04 9.999932e-01 5.118852e-01
9.999992e-01 -3.936252e-04 -1.164297e-03 -2.677152e-01 3.943965e-04 9.999997e-01 6.622955e-04 -1.316741e-02 1.164035e-03 -6.627558e-04 9.999992e-01 5.840852e-01
9.999949e-01 2.908757e-04 3.186164e-03 -4.295501e-01 -2.925832e-04 9.999998e-01 5.354626e-04 -1.100599e-02 -3.186007e-03 -5.363904e-04 9.999947e-01 6.559440e-01
9.999984e-01 -6.198016e-04 -1.664419e-03 -5.546302e-01 6.207291e-04 9.999997e-01 5.568108e-04 -1.000129e-02 1.664072e-03 -5.578449e-04 9.999986e-01 7.278695e-01
9.999980e-01 1.755342e-04 1.994546e-03 -5.985531e-01 -1.762248e-04 9.999999e-01 3.460895e-04 -1.112747e-02 -1.994484e-03 -3.464384e-04 9.999979e-01 7.933579e-01
9.999960e-01 -5.177068e-04 -2.773891e-03 -5.639213e-01 5.197022e-04 9.999996e-01 7.186909e-04 -1.421515e-02 2.773517e-03 -7.201316e-04 9.999960e-01 8.560366e-01
9.999961e-01 1.765597e-04 2.787045e-03 -5.631700e-01 -1.775369e-04 9.999999e-01 3.503780e-04 -1.637898e-02 -2.786982e-03 -3.508693e-04 9.999960e-01 9.146835e-01
9.999980e-01 -4.526342e-04 -1.962561e-03 -6.003649e-01 4.542217e-04 9.999996e-01 8.085571e-04 -1.786582e-02 1.962193e-03 -8.094492e-04 9.999978e-01 9.790550e-01
9.999934e-01 2.363328e-04 3.629483e-03 -7.361900e-01 -2.376824e-04 9.999999e-01 3.714191e-04 -1.626656e-02 -3.629394e-03 -3.722769e-04 9.999932e-01 1.034467e+00
9.999989e-01 -4.009437e-04 -1.458419e-03 -8.962959e-01 4.022628e-04 9.999995e-01 9.043450e-04 -1.427590e-02 1.458055e-03 -9.049331e-04 9.999986e-01 1.087345e+00
9.999966e-01 3.156371e-04 2.576109e-03 -9.629829e-01 -3.169761e-04 9.999998e-01 5.193595e-04 -1.463788e-02 -2.575943e-03 -5.201717e-04 9.999964e-01 1.138637e+00
9.999962e-01 -2.104211e-04 -2.764675e-03 -9.493347e-01 2.128546e-04 9.999996e-01 8.799332e-04 -1.655125e-02 2.764487e-03 -8.805211e-04 9.999959e-01 1.169064e+00
9.999903e-01 1.542462e-04 4.391440e-03 -9.869579e-01 -1.561260e-04 9.999999e-01 4.277022e-04 -1.714122e-02 -4.391372e-03 -4.283807e-04 9.999902e-01 1.201913e+00
9.999924e-01 -1.913854e-04 -3.896413e-03 -9.935065e-01 1.947806e-04 9.999996e-01 8.710220e-04 -1.811096e-02 3.896243e-03 -8.717774e-04 9.999921e-01 1.226092e+00
9.999949e-01 -7.000586e-05 3.208157e-03 -8.897843e-01 6.893476e-05 9.999999e-01 3.339784e-04 -2.117057e-02 -3.208179e-03 -3.337524e-04 9.999947e-01 1.217446e+00
9.999910e-01 -1.918351e-04 -4.228827e-03 -7.877244e-01 1.958703e-04 9.999995e-01 9.538338e-04 -2.418536e-02 4.228641e-03 -9.546569e-04 9.999907e-01 1.214769e+00
9.999922e-01 -1.155512e-04 3.951542e-03 -7.474141e-01 1.146506e-04 1.000000e+00 2.281414e-04 -2.689519e-02 -3.951567e-03 -2.276831e-04 9.999921e-01 1.264017e+00
9.999969e-01 -6.593147e-05 -2.498538e-03 -8.062555e-01 6.798033e-05 9.999997e-01 8.199450e-04 -2.803906e-02 2.498482e-03 -8.201158e-04 9.999966e-01 1.341736e+00
9.999905e-01 -1.521190e-04 4.357635e-03 -9.312509e-01 1.509025e-04 9.999999e-01 2.794875e-04 -2.679165e-02 -4.357676e-03 -2.788237e-04 9.999904e-01 1.403632e+00
9.999706e-01 -5.026958e-05 -7.664987e-03 -7.109835e-01 5.978855e-05 9.999992e-01 1.241650e-03 -3.102452e-02 7.664918e-03 -1.242076e-03 9.999700e-01 1.310210e+00
9.999866e-01 -3.537087e-04 5.164729e-03 -5.463850e-01 3.520427e-04 9.999999e-01 3.234778e-04 -3.422541e-02 -5.164842e-03 -3.216513e-04 9.999865e-01 1.252970e+00
9.999659e-01 4.945186e-05 -8.256221e-03 -3.356063e-01 -3.987331e-05 9.999993e-01 1.160321e-03 -3.790072e-02 8.256272e-03 -1.159956e-03 9.999653e-01 1.154685e+00
9.999913e-01 -2.930281e-04 4.152679e-03 -6.981248e-02 2.912411e-04 9.999999e-01 4.309192e-04 -4.241270e-02 -4.152804e-03 -4.297018e-04 9.999912e-01 1.028667e+00
9.999666e-01 2.013264e-04 -8.176000e-03 1.624572e-01 -1.904500e-04 9.999991e-01 1.331034e-03 -4.719037e-02 8.176260e-03 -1.329436e-03 9.999658e-01 9.502847e-01
9.999815e-01 -5.356227e-04 6.064498e-03 3.080088e-01 5.348780e-04 9.999998e-01 1.244190e-04 -5.119159e-02 -6.064564e-03 -1.211684e-04 9.999815e-01 9.336305e-01
9.999739e-01 3.248464e-04 -7.218480e-03 3.827191e-01 -3.157081e-04 9.999991e-01 1.267062e-03 -5.526127e-02 7.218885e-03 -1.264755e-03 9.999732e-01 9.892465e-01
9.999677e-01 -4.723049e-04 8.024660e-03 2.990970e-01 4.733285e-04 9.999999e-01 -1.256501e-04 -5.599351e-02 -8.024600e-03 1.294492e-04 9.999677e-01 1.086990e+00
9.999674e-01 1.677489e-04 -8.076631e-03 3.065241e-01 -1.576389e-04 9.999992e-01 1.252390e-03 -5.935534e-02 8.076835e-03 -1.251081e-03 9.999667e-01 1.192691e+00
9.999644e-01 -3.498576e-04 8.430661e-03 2.826380e-01 3.535011e-04 9.999998e-01 -4.306727e-04 -6.226527e-02 -8.430509e-03 4.336426e-04 9.999643e-01 1.336657e+00
9.999096e-01 4.714014e-05 -1.344943e-02 6.623513e-01 -3.795476e-05 9.999998e-01 6.832117e-04 -7.116437e-02 1.344946e-02 -6.826445e-04 9.999094e-01 1.267531e+00
9.999814e-01 1.905993e-04 6.101484e-03 1.054853e+00 -2.045649e-04 9.999974e-01 2.288365e-03 -8.180921e-02 -6.101033e-03 -2.289565e-03 9.999787e-01 1.254533e+00
9.999924e-01 -1.825943e-04 -3.889694e-03 8.424092e-01 1.775771e-04 9.999992e-01 -1.290163e-03 -7.825025e-02 3.889928e-03 1.289457e-03 9.999917e-01 1.349160e+00
9.999802e-01 1.636732e-04 6.294009e-03 6.441044e-01 -1.780403e-04 9.999974e-01 2.282179e-03 -7.536324e-02 -6.293620e-03 -2.283249e-03 9.999775e-01 1.462209e+00
9.999673e-01 -6.042733e-04 -8.065922e-03 6.817955e-01 5.892739e-04 9.999981e-01 -1.861846e-03 -7.931314e-02 8.067033e-03 1.857027e-03 9.999658e-01 1.575322e+00
9.999989e-01 1.463246e-03 -2.611601e-04 1.348405e+00 -1.462491e-03 9.999948e-01 2.865770e-03 -9.243974e-02 2.653501e-04 -2.865379e-03 9.999958e-01 1.388401e+00
9.999448e-01 -1.463196e-03 -1.040198e-02 2.044141e+00 1.456585e-03 9.999987e-01 -6.431105e-04 -1.091845e-01 1.040291e-02 6.279177e-04 9.999458e-01 1.284214e+00
9.999204e-01 1.560058e-03 1.251883e-02 1.810149e+00 -1.580188e-03 9.999975e-01 1.598237e-03 -1.053740e-01 -1.251631e-02 -1.617885e-03 9.999203e-01 1.417155e+00
9.999206e-01 -1.713661e-03 -1.248098e-02 1.779427e+00 1.702553e-03 9.999981e-01 -9.006020e-04 -1.063578e-01 1.248251e-02 8.792749e-04 9.999218e-01 1.466760e+00
9.999162e-01 1.309827e-03 1.287583e-02 1.807395e+00 -1.339887e-03 9.999964e-01 2.326241e-03 -1.085842e-01 -1.287274e-02 -2.343292e-03 9.999143e-01 1.519150e+00
9.999347e-01 -1.473162e-03 -1.132838e-02 1.658601e+00 1.456443e-03 9.999978e-01 -1.483928e-03 -1.068355e-01 1.133055e-02 1.467326e-03 9.999348e-01 1.623414e+00
9.999166e-01 1.219129e-03 1.285822e-02 1.534003e+00 -1.249601e-03 9.999964e-01 2.362031e-03 -1.057220e-01 -1.285529e-02 -2.377895e-03 9.999144e-01 1.714183e+00
9.999121e-01 -1.603169e-03 -1.315894e-02 1.575325e+00 1.584993e-03 9.999978e-01 -1.391580e-03 -1.082065e-01 1.316114e-02 1.370594e-03 9.999125e-01 1.742389e+00
9.999297e-01 1.107580e-03 1.180896e-02 1.697660e+00 -1.139088e-03 9.999958e-01 2.661728e-03 -1.124097e-01 -1.180596e-02 -2.674986e-03 9.999266e-01 1.758732e+00
9.999440e-01 -1.338574e-03 -1.049412e-02 1.587113e+00 1.320074e-03 9.999976e-01 -1.769650e-03 -1.122268e-01 1.049647e-02 1.755691e-03 9.999435e-01 1.883425e+00
9.999355e-01 1.244609e-03 1.129034e-02 1.488126e+00 -1.274525e-03 9.999957e-01 2.642959e-03 -1.128065e-01 -1.128701e-02 -2.657172e-03 9.999327e-01 2.041830e+00
9.997875e-01 1.783217e-04 -2.061277e-02 2.165849e+00 -2.103308e-04 9.999988e-01 -1.550719e-03 -1.236786e-01 2.061247e-02 1.554718e-03 9.997864e-01 1.732272e+00
9.999791e-01 -9.076084e-04 6.404492e-03 3.332593e+00 8.809531e-04 9.999909e-01 4.163598e-03 -1.454626e-01 -6.408217e-03 -4.157862e-03 9.999707e-01 1.280605e+00
9.998744e-01 1.439067e-03 -1.578171e-02 3.795775e+00 -1.458335e-03 9.999982e-01 -1.209466e-03 -1.593677e-01 1.577994e-02 1.232322e-03 9.998748e-01 1.311905e+00
9.998575e-01 -1.242228e-03 1.683850e-02 3.628529e+00 1.202085e-03 9.999964e-01 2.393911e-03 -1.583276e-01 -1.684142e-02 -2.373321e-03 9.998553e-01 1.467779e+00
9.998873e-01 1.366713e-03 -1.495053e-02 3.398143e+00 -1.388162e-03 9.999980e-01 -1.424316e-03 -1.543274e-01 1.494856e-02 1.444902e-03 9.998873e-01 1.590213e+00
9.998526e-01 -1.173592e-03 1.712920e-02 3.120044e+00 1.130925e-03 9.999962e-01 2.500392e-03 -1.489346e-01 -1.713208e-02 -2.480644e-03 9.998501e-01 1.718284e+00
9.998769e-01 1.117336e-03 -1.564864e-02 2.963089e+00 -1.140846e-03 9.999982e-01 -1.493507e-03 -1.471046e-01 1.564695e-02 1.511168e-03 9.998765e-01 1.848777e+00
9.998678e-01 -1.272027e-03 1.621182e-02 2.862496e+00 1.232161e-03 9.999962e-01 2.468867e-03 -1.474162e-01 -1.621491e-02 -2.448557e-03 9.998654e-01 2.005776e+00
9.998710e-01 1.070748e-03 -1.602907e-02 2.786124e+00 -1.096291e-03 9.999981e-01 -1.584790e-03 -1.486311e-01 1.602735e-02 1.602150e-03 9.998704e-01 2.165770e+00
9.998758e-01 -1.450927e-03 1.569462e-02 2.728721e+00 1.413987e-03 9.999962e-01 2.364523e-03 -1.499247e-01 -1.569800e-02 -2.342030e-03 9.998739e-01 2.302965e+00
9.998114e-01 1.652152e-03 -1.935219e-02 2.860287e+00 -1.665130e-03 9.999984e-01 -6.545201e-04 -1.580307e-01 1.935108e-02 6.866123e-04 9.998126e-01 2.479053e+00
9.998084e-01 -1.161085e-03 1.953942e-02 2.642260e+00 1.114491e-03 9.999965e-01 2.395356e-03 -1.566056e-01 -1.954213e-02 -2.373112e-03 9.998061e-01 2.666130e+00
9.998168e-01 1.951109e-03 -1.904272e-02 2.370277e+00 -1.963542e-03 9.999979e-01 -6.342414e-04 -1.542249e-01 1.904145e-02 6.715077e-04 9.998186e-01 2.905515e+00
9.997779e-01 -1.413175e-03 2.102943e-02 2.124104e+00 1.369361e-03 9.999969e-01 2.097713e-03 -1.533710e-01 -2.103234e-02 -2.068441e-03 9.997766e-01 3.200863e+00
9.997615e-01 2.045234e-03 -2.174111e-02 1.864149e+00 -2.062027e-03 9.999976e-01 -7.500030e-04 -1.507092e-01 2.173953e-02 7.946460e-04 9.997635e-01 3.446122e+00
9.997491e-01 -1.564550e-03 2.234404e-02 1.608433e+00 1.516567e-03 9.999965e-01 2.164260e-03 -1.481713e-01 -2.234735e-02 -2.129822e-03 9.997479e-01 3.668977e+00
9.997805e-01 2.036191e-03 -2.085414e-02 1.371388e+00 -2.052270e-03 9.999976e-01 -7.496287e-04 -1.463538e-01 2.085257e-02 7.922533e-04 9.997823e-01 3.890011e+00
9.997579e-01 -1.609070e-03 2.194493e-02 1.199137e+00 1.567698e-03 9.999970e-01 1.902373e-03 -1.465242e-01 -2.194793e-02 -1.867500e-03 9.997573e-01 4.173389e+00
9.997447e-01 1.892472e-03 -2.251610e-02 1.128037e+00 -1.918982e-03 9.999975e-01 -1.155829e-03 -1.504713e-01 2.251386e-02 1.198733e-03 9.997459e-01 4.481443e+00
9.997647e-01 -1.565284e-03 2.163550e-02 1.081342e+00 1.524602e-03 9.999970e-01 1.896700e-03 -1.553660e-01 -2.163841e-02 -1.863259e-03 9.997640e-01 4.811693e+00
9.997250e-01 1.674762e-03 -2.339224e-02 1.111780e+00 -1.706600e-03 9.999976e-01 -1.341164e-03 -1.628287e-01 2.338994e-02 1.380707e-03 9.997256e-01 5.130478e+00
9.999541e-01 -1.865439e-03 9.396010e-03 2.149679e+00 1.845098e-03 9.999959e-01 2.173105e-03 -1.839300e-01 -9.400032e-03 -2.155660e-03 9.999534e-01 4.871108e+00
9.995344e-01 1.804133e-03 -3.045952e-02 3.348428e+00 -1.715128e-03 9.999942e-01 2.947985e-03 -2.089618e-01 3.046467e-02 -2.894380e-03 9.995318e-01 4.545363e+00
9.996241e-01 -1.863656e-03 2.735224e-02 3.511147e+00 1.907390e-03 9.999969e-01 -1.572906e-03 -2.178360e-01 -2.734923e-02 1.624497e-03 9.996245e-01 4.716328e+00
9.996321e-01 2.033467e-03 -2.704720e-02 3.410055e+00 -1.963184e-03 9.999946e-01 2.624848e-03 -2.195685e-01 2.705240e-02 -2.570794e-03 9.996308e-01 4.939156e+00
9.996438e-01 -1.970348e-03 2.661566e-02 3.370967e+00 2.016217e-03 9.999965e-01 -1.696611e-03 -2.233435e-01 -2.661223e-02 1.749680e-03 9.996442e-01 5.161219e+00
9.996155e-01 1.555005e-03 -2.768362e-02 3.402901e+00 -1.492579e-03 9.999963e-01 2.275491e-03 -2.279516e-01 2.768706e-02 -2.233306e-03 9.996142e-01 5.309372e+00
9.996574e-01 -1.831146e-03 2.611024e-02 3.472786e+00 1.866951e-03 9.999973e-01 -1.346963e-03 -2.329361e-01 -2.610772e-02 1.395258e-03 9.996581e-01 5.420254e+00
9.996202e-01 1.250993e-03 -2.753003e-02 3.569030e+00 -1.192636e-03 9.999970e-01 2.136080e-03 -2.374027e-01 2.753263e-02 -2.102446e-03 9.996188e-01 5.466509e+00
9.997157e-01 -1.560178e-03 2.379408e-02 3.856531e+00 1.583308e-03 9.999983e-01 -9.532562e-04 -2.426109e-01 -2.379256e-02 9.906692e-04 9.997163e-01 5.334048e+00
9.996706e-01 1.279093e-03 -2.563250e-02 3.970755e+00 -1.227302e-03 9.999972e-01 2.036189e-03 -2.467455e-01 2.563504e-02 -2.004070e-03 9.996695e-01 5.357485e+00
9.996596e-01 -1.565138e-03 2.604165e-02 3.954966e+00 1.594522e-03 9.999981e-01 -1.107599e-03 -2.489783e-01 -2.603988e-02 1.148756e-03 9.996601e-01 5.445686e+00
9.996510e-01 1.473358e-03 -2.637808e-02 3.914803e+00 -1.417871e-03 9.999967e-01 2.122141e-03 -2.508275e-01 2.638113e-02 -2.084011e-03 9.996499e-01 5.558365e+00
9.996254e-01 -1.726094e-03 2.731583e-02 3.874394e+00 1.754154e-03 9.999980e-01 -1.003295e-03 -2.530654e-01 -2.731405e-02 1.050847e-03 9.996263e-01 5.674205e+00
9.996785e-01 1.826068e-03 -2.528871e-02 3.671134e+00 -1.775448e-03 9.999964e-01 2.024012e-03 -2.504240e-01 2.529233e-02 -1.978474e-03 9.996782e-01 5.817208e+00
9.996186e-01 -1.625636e-03 2.756682e-02 3.420728e+00 1.651723e-03 9.999982e-01 -9.235302e-04 -2.462783e-01 -2.756528e-02 9.687221e-04 9.996194e-01 5.960411e+00
9.996395e-01 1.653720e-03 -2.679859e-02 3.273148e+00 -1.601936e-03 9.999968e-01 1.953709e-03 -2.451315e-01 2.680175e-02 -1.910087e-03 9.996390e-01 6.123139e+00
9.996119e-01 -1.788166e-03 2.780166e-02 3.152984e+00 1.819268e-03 9.999977e-01 -1.093397e-03 -2.444708e-01 -2.779965e-02 1.143563e-03 9.996128e-01 6.246592e+00
9.996185e-01 1.693536e-03 -2.756770e-02 3.062028e+00 -1.634407e-03 9.999963e-01 2.167281e-03 -2.449251e-01 2.757128e-02 -2.121409e-03 9.996177e-01 6.347414e+00
9.996262e-01 -1.966180e-03 2.726928e-02 3.066360e+00 1.993935e-03 9.999975e-01 -9.906363e-04 -2.482609e-01 -2.726728e-02 1.044651e-03 9.996275e-01 6.449749e+00
9.996293e-01 1.694716e-03 -2.717247e-02 3.049120e+00 -1.636428e-03 9.999963e-01 2.167218e-03 -2.504492e-01 2.717605e-02 -2.121961e-03 9.996285e-01 6.531388e+00
9.996038e-01 -1.885101e-03 2.808386e-02 2.964528e+00 1.916754e-03 9.999976e-01 -1.100173e-03 -2.508001e-01 -2.808173e-02 1.153579e-03 9.996049e-01 6.622713e+00
9.996612e-01 2.360872e-03 -2.592246e-02 2.715317e+00 -2.298779e-03 9.999944e-01 2.424907e-03 -2.472471e-01 2.592805e-02 -2.364507e-03 9.996611e-01 6.767876e+00
9.995701e-01 -1.682791e-03 2.926936e-02 2.348962e+00 1.711690e-03 9.999981e-01 -9.622789e-04 -2.413169e-01 -2.926770e-02 1.011977e-03 9.995710e-01 6.977023e+00
9.996524e-01 1.885387e-03 -2.629808e-02 2.083002e+00 -1.824680e-03 9.999956e-01 2.332243e-03 -2.377931e-01 2.630237e-02 -2.283459e-03 9.996515e-01 7.140694e+00
9.996176e-01 -1.753690e-03 2.759512e-02 1.929278e+00 1.789045e-03 9.999976e-01 -1.256544e-03 -2.376453e-01 -2.759286e-02 1.305444e-03 9.996183e-01 7.322478e+00
9.996058e-01 2.153623e-03 -2.799441e-02 1.787928e+00 -2.094101e-03 9.999955e-01 2.155390e-03 -2.385046e-01 2.799893e-02 -2.095930e-03 9.996059e-01 7.588097e+00
9.996106e-01 -1.914540e-03 2.783897e-02 1.651456e+00 1.947662e-03 9.999974e-01 -1.162680e-03 -2.395014e-01 -2.783668e-02 1.216461e-03 9.996116e-01 7.835654e+00
9.996161e-01 2.193138e-03 -2.762006e-02 1.507248e+00 -2.134121e-03 9.999954e-01 2.166075e-03 -2.402024e-01 2.762469e-02 -2.106312e-03 9.996162e-01 8.086047e+00
9.996357e-01 -1.744430e-03 2.693193e-02 1.427311e+00 1.781794e-03 9.999975e-01 -1.363391e-03 -2.431919e-01 -2.692950e-02 1.410895e-03 9.996362e-01 8.369384e+00
9.996047e-01 2.212239e-03 -2.802802e-02 1.400402e+00 -2.155185e-03 9.999955e-01 2.065666e-03 -2.485250e-01 2.803247e-02 -2.004457e-03 9.996051e-01 8.678208e+00
9.996578e-01 -2.609000e-03 2.602714e-02 1.507927e+00 2.632813e-03 9.999961e-01 -8.806870e-04 -2.536921e-01 -2.602475e-02 9.489232e-04 9.996607e-01 8.790889e+00
9.995403e-01 1.951454e-03 -3.025663e-02 1.791259e+00 -1.875022e-03 9.999950e-01 2.554301e-03 -2.565044e-01 3.026147e-02 -2.496408e-03 9.995390e-01 8.544546e+00
9.997017e-01 -2.886530e-03 2.425042e-02 2.171196e+00 2.894499e-03 9.999958e-01 -2.934577e-04 -2.585334e-01 -2.424948e-02 3.635763e-04 9.997058e-01 8.140979e+00
9.995523e-01 2.172162e-03 -2.983994e-02 2.545975e+00 -2.096024e-03 9.999945e-01 2.582588e-03 -2.607893e-01 2.984540e-02 -2.518900e-03 9.995515e-01 7.778603e+00
9.996779e-01 -2.686548e-03 2.523535e-02 2.837453e+00 2.711304e-03 9.999959e-01 -9.468067e-04 -2.657867e-01 -2.523272e-02 1.014936e-03 9.996810e-01 7.656501e+00
9.995467e-01 1.678786e-03 -3.005921e-02 3.179740e+00 -1.599306e-03 9.999952e-01 2.667982e-03 -2.695576e-01 3.006355e-02 -2.618713e-03 9.995447e-01 7.371516e+00
9.997299e-01 -2.471893e-03 2.310666e-02 3.699584e+00 2.486755e-03 9.999967e-01 -6.144441e-04 -2.727787e-01 -2.310508e-02 6.717529e-04 9.997327e-01 6.859732e+00
9.995714e-01 1.853832e-03 -2.921651e-02 4.106519e+00 -1.765552e-03 9.999938e-01 3.047111e-03 -2.758715e-01 2.922199e-02 -2.994236e-03 9.995686e-01 6.496919e+00
9.996841e-01 -2.030577e-03 2.505086e-02 4.323243e+00 2.083038e-03 9.999957e-01 -2.068241e-03 -2.823299e-01 -2.504656e-02 2.119784e-03 9.996839e-01 6.531921e+00
9.996426e-01 1.910213e-03 -2.666432e-02 4.394588e+00 -1.837968e-03 9.999946e-01 2.733708e-03 -2.893800e-01 2.666941e-02 -2.683738e-03 9.996408e-01 6.760930e+00
9.996668e-01 -1.348290e-03 2.577803e-02 4.243251e+00 1.391422e-03 9.999977e-01 -1.655293e-03 -2.901620e-01 -2.577575e-02 1.690625e-03 9.996662e-01 7.044161e+00
9.996780e-01 1.654783e-03 -2.531914e-02 4.064503e+00 -1.586785e-03 9.999951e-01 2.705522e-03 -2.891502e-01 2.532351e-02 -2.664490e-03 9.996759e-01 7.267847e+00
9.997325e-01 -1.343496e-03 2.308897e-02 4.064634e+00 1.390198e-03 9.999970e-01 -2.006709e-03 -2.950002e-01 -2.308622e-02 2.038285e-03 9.997313e-01 7.579405e+00
9.996843e-01 1.475378e-03 -2.508369e-02 4.106183e+00 -1.417203e-03 9.999963e-01 2.336903e-03 -3.024134e-01 2.508706e-02 -2.300631e-03 9.996827e-01 7.880001e+00
9.997447e-01 -1.244054e-03 2.256210e-02 4.213684e+00 1.283715e-03 9.999977e-01 -1.743430e-03 -3.080683e-01 -2.255989e-02 1.771963e-03 9.997438e-01 8.042227e+00
9.997247e-01 1.146569e-03 -2.343514e-02 4.242307e+00 -1.088220e-03 9.999963e-01 2.502451e-03 -3.124509e-01 2.343794e-02 -2.476275e-03 9.997223e-01 8.214871e+00
9.997183e-01 -1.348671e-03 2.369424e-02 4.195181e+00 1.384525e-03 9.999979e-01 -1.496817e-03 -3.148982e-01 -2.369219e-02 1.529216e-03 9.997180e-01 8.355095e+00
9.997537e-01 1.316676e-03 -2.215478e-02 4.039706e+00 -1.265189e-03 9.999965e-01 2.337872e-03 -3.133642e-01 2.215779e-02 -2.309281e-03 9.997519e-01 8.500339e+00
9.997274e-01 -1.351160e-03 2.330885e-02 3.882332e+00 1.385562e-03 9.999980e-01 -1.459751e-03 -3.115168e-01 -2.330684e-02 1.491664e-03 9.997271e-01 8.625425e+00
9.997592e-01 1.286746e-03 -2.190461e-02 3.720085e+00 -1.236681e-03 9.999966e-01 2.299013e-03 -3.093553e-01 2.190751e-02 -2.271385e-03 9.997575e-01 8.736395e+00
9.997550e-01 -1.330760e-03 2.209601e-02 3.664034e+00 1.358416e-03 9.999983e-01 -1.236613e-03 -3.111496e-01 -2.209434e-02 1.266341e-03 9.997550e-01 8.891026e+00
9.997714e-01 1.370770e-03 -2.133848e-02 3.582368e+00 -1.329778e-03 9.999972e-01 1.935144e-03 -3.129095e-01 2.134108e-02 -1.906341e-03 9.997705e-01 9.095077e+00
9.997308e-01 -1.202318e-03 2.317277e-02 3.418953e+00 1.226880e-03 9.999987e-01 -1.045694e-03 -3.119945e-01 -2.317149e-02 1.073859e-03 9.997308e-01 9.309649e+00
9.997443e-01 1.306268e-03 -2.257699e-02 3.345134e+00 -1.269091e-03 9.999978e-01 1.660953e-03 -3.143065e-01 2.257912e-02 -1.631892e-03 9.997438e-01 9.552387e+00
9.997254e-01 -1.480174e-03 2.338490e-02 3.280226e+00 1.505023e-03 9.999983e-01 -1.044973e-03 -3.161311e-01 -2.338333e-02 1.079896e-03 9.997259e-01 9.744348e+00
9.997504e-01 1.179266e-03 -2.230855e-02 3.209380e+00 -1.139310e-03 9.999977e-01 1.803734e-03 -3.168047e-01 2.231064e-02 -1.777884e-03 9.997496e-01 9.858776e+00
9.997372e-01 -1.527680e-03 2.287276e-02 3.132934e+00 1.551814e-03 9.999983e-01 -1.037397e-03 -3.166672e-01 -2.287115e-02 1.072635e-03 9.997377e-01 9.934049e+00
9.996931e-01 1.080310e-03 -2.474970e-02 3.282400e+00 -1.038840e-03 9.999980e-01 1.688384e-03 -3.209773e-01 2.475148e-02 -1.662170e-03 9.996924e-01 9.927466e+00
9.997783e-01 -1.361080e-03 2.101300e-02 3.497532e+00 1.360859e-03 9.999991e-01 2.488109e-05 -3.254758e-01 -2.101303e-02 3.736099e-06 9.997791e-01 9.860164e+00
9.996981e-01 8.258904e-04 -2.455582e-02 3.779691e+00 -8.015957e-04 9.999992e-01 9.992288e-04 -3.305164e-01 2.455664e-02 -9.792594e-04 9.996981e-01 9.737787e+00
9.997990e-01 -1.042519e-03 2.002204e-02 4.047722e+00 1.027385e-03 9.999992e-01 7.661926e-04 -3.362278e-01 -2.002283e-02 -7.454520e-04 9.997991e-01 9.669788e+00
9.998000e-01 7.299572e-04 -1.998747e-02 4.092055e+00 -7.157722e-04 9.999995e-01 7.168896e-04 -3.396212e-01 1.998800e-02 -7.024561e-04 9.998001e-01 9.756217e+00
9.998153e-01 -1.092637e-03 1.918543e-02 4.108693e+00 1.093317e-03 9.999994e-01 -2.489004e-05 -3.424545e-01 -1.918541e-02 4.587764e-05 9.998158e-01 9.867438e+00
9.998156e-01 1.361571e-03 -1.915752e-02 4.019379e+00 -1.339557e-03 9.999984e-01 1.161949e-03 -3.438209e-01 1.915908e-02 -1.136089e-03 9.998159e-01 1.005631e+01
9.998481e-01 -4.847419e-04 1.741992e-02 3.896939e+00 4.822152e-04 9.999999e-01 1.493248e-04 -3.469769e-01 -1.742001e-02 -1.408854e-04 9.998482e-01 1.042290e+01
9.998380e-01 1.052900e-03 -1.796942e-02 3.798174e+00 -1.041426e-03 9.999992e-01 6.479689e-04 -3.513683e-01 1.797011e-02 -6.291669e-04 9.998384e-01 1.080173e+01
9.998153e-01 -2.412200e-04 1.921925e-02 3.612562e+00 2.301092e-04 9.999998e-01 5.803854e-04 -3.532579e-01 -1.921940e-02 -5.758389e-04 9.998150e-01 1.118311e+01
9.998141e-01 1.165589e-03 -1.924699e-02 3.456424e+00 -1.159915e-03 9.999993e-01 3.060136e-04 -3.562984e-01 1.924735e-02 -2.836487e-04 9.998148e-01 1.161861e+01
9.998070e-01 -4.797745e-04 1.963794e-02 3.317333e+00 4.738350e-04 9.999998e-01 3.071737e-04 -3.596000e-01 -1.963810e-02 -2.977923e-04 9.998070e-01 1.201156e+01
9.998412e-01 1.144684e-03 -1.778425e-02 3.108161e+00 -1.131028e-03 9.999991e-01 7.779783e-04 -3.597909e-01 1.778514e-02 -7.577574e-04 9.998416e-01 1.235352e+01
9.998472e-01 -6.117816e-04 1.747256e-02 2.999428e+00 6.109791e-04 9.999998e-01 5.134866e-05 -3.631498e-01 -1.747260e-02 -4.064829e-05 9.998472e-01 1.270211e+01
9.998203e-01 4.290475e-04 -1.895259e-02 3.061974e+00 -4.252959e-04 9.999999e-01 2.020344e-04 -3.711155e-01 1.895269e-02 -1.939548e-04 9.998205e-01 1.296297e+01
9.998274e-01 -4.161538e-04 1.857664e-02 3.046652e+00 4.037073e-04 9.999997e-01 6.738320e-04 -3.767175e-01 -1.857693e-02 -6.661989e-04 9.998271e-01 1.323822e+01
9.998144e-01 9.086398e-04 -1.924447e-02 2.914923e+00 -9.010720e-04 9.999995e-01 4.019725e-04 -3.785894e-01 1.924484e-02 -3.845746e-04 9.998148e-01 1.354634e+01
9.998063e-01 -6.322259e-04 1.967212e-02 2.825673e+00 6.230700e-04 9.999997e-01 4.716262e-04 -3.818166e-01 -1.967243e-02 -4.592603e-04 9.998063e-01 1.383288e+01
9.998183e-01 9.044524e-04 -1.903923e-02 2.727203e+00 -9.002942e-04 9.999996e-01 2.270322e-04 -3.846315e-01 1.903944e-02 -2.098675e-04 9.998188e-01 1.412089e+01
9.997954e-01 -6.736777e-04 2.021690e-02 2.539628e+00 6.610870e-04 9.999996e-01 6.295310e-04 -3.838147e-01 -2.021733e-02 -6.160194e-04 9.997953e-01 1.434294e+01
9.998380e-01 1.202460e-03 -1.796162e-02 2.340290e+00 -1.187781e-03 9.999990e-01 8.279481e-04 -3.831321e-01 1.796261e-02 -8.064972e-04 9.998384e-01 1.455029e+01
9.998337e-01 -9.026995e-04 1.821525e-02 2.227534e+00 9.006564e-04 9.999996e-01 1.204445e-04 -3.857916e-01 -1.821537e-02 -1.040010e-04 9.998340e-01 1.483005e+01
9.998396e-01 8.735454e-04 -1.788749e-02 2.187466e+00 -8.635277e-04 9.999995e-01 5.678160e-04 -3.903618e-01 1.788799e-02 -5.522965e-04 9.998399e-01 1.507927e+01
9.997991e-01 -7.030391e-04 2.002942e-02 2.021615e+00 6.938173e-04 9.999996e-01 4.674318e-04 -3.903514e-01 -2.002975e-02 -4.534232e-04 9.997992e-01 1.526617e+01
9.998512e-01 1.125701e-03 -1.721534e-02 1.748629e+00 -1.112734e-03 9.999991e-01 7.628898e-04 -3.870563e-01 1.721620e-02 -7.436383e-04 9.998516e-01 1.546377e+01
9.998197e-01 -7.596130e-04 1.897404e-02 1.545581e+00 7.523437e-04 9.999996e-01 3.903252e-04 -3.858708e-01 -1.897434e-02 -3.759616e-04 9.998198e-01 1.569089e+01
9.998258e-01 8.919248e-04 -1.864307e-02 1.467316e+00 -8.835640e-04 9.999995e-01 4.567563e-04 -3.891655e-01 1.864349e-02 -4.402227e-04 9.998262e-01 1.594913e+01
9.998329e-01 -7.702722e-04 1.826335e-02 1.404366e+00 7.664702e-04 9.999997e-01 2.152519e-04 -3.931339e-01 -1.826352e-02 -2.011992e-04 9.998331e-01 1.622472e+01
9.998359e-01 8.829000e-04 -1.809556e-02 1.342053e+00 -8.659675e-04 9.999992e-01 9.436043e-04 -3.968396e-01 1.809639e-02 -9.277978e-04 9.998359e-01 1.646834e+01
9.998124e-01 -3.622907e-04 1.936432e-02 1.172040e+00 3.609395e-04 9.999999e-01 7.334585e-05 -3.977512e-01 -1.936436e-02 -6.632419e-05 9.998124e-01 1.677594e+01
9.998297e-01 9.018551e-04 -1.843162e-02 1.026223e+00 -8.844452e-04 9.999992e-01 9.527528e-04 -3.995223e-01 1.843247e-02 -9.363074e-04 9.998298e-01 1.708689e+01
9.998143e-01 -2.940178e-04 1.927009e-02 8.673483e-01 2.932375e-04 1.000000e+00 4.339428e-05 -4.011081e-01 -1.927012e-02 -3.771676e-05 9.998142e-01 1.742875e+01
9.998260e-01 8.924899e-04 -1.863120e-02 7.288310e-01 -8.768176e-04 9.999993e-01 8.493907e-04 -4.036856e-01 1.863196e-02 -8.329256e-04 9.998262e-01 1.778632e+01
9.998092e-01 -4.336740e-04 1.953104e-02 5.558043e-01 4.338886e-04 9.999999e-01 -6.675235e-06 -4.040315e-01 -1.953105e-02 1.516716e-05 9.998092e-01 1.808936e+01
9.998350e-01 7.465192e-04 -1.814931e-02 3.832441e-01 -7.281423e-04 9.999992e-01 1.019187e-03 -4.036319e-01 1.815007e-02 -1.005823e-03 9.998349e-01 1.832395e+01
9.998094e-01 -4.480947e-04 1.951983e-02 2.393004e-01 4.505213e-04 9.999999e-01 -1.198478e-04 -4.043863e-01 -1.951978e-02 1.286381e-04 9.998094e-01 1.857073e+01
9.998492e-01 8.744866e-04 -1.734541e-02 4.554525e-03 -8.537547e-04 9.999989e-01 1.202670e-03 -4.021540e-01 1.734646e-02 -1.187699e-03 9.998489e-01 1.879981e+01
9.998119e-01 -3.914688e-04 1.938900e-02 -2.244879e-01 3.942032e-04 9.999999e-01 -1.371332e-04 -4.003708e-01 -1.938896e-02 1.447699e-04 9.998119e-01 1.905430e+01
9.998487e-01 9.338042e-04 -1.737027e-02 -4.562284e-01 -9.138271e-04 9.999989e-01 1.158035e-03 -3.986579e-01 1.737134e-02 -1.142006e-03 9.998486e-01 1.931689e+01
9.998232e-01 -7.163135e-04 1.878793e-02 -6.009851e-01 7.177197e-04 9.999997e-01 -6.803221e-05 -3.998410e-01 -1.878789e-02 8.152415e-05 9.998234e-01 1.954560e+01
9.998558e-01 1.221787e-03 -1.693930e-02 -7.881456e-01 -1.200375e-03 9.999985e-01 1.274257e-03 -3.998206e-01 1.694085e-02 -1.253759e-03 9.998558e-01 1.980369e+01
9.998114e-01 -5.385213e-04 1.941081e-02 -1.079456e+00 5.407377e-04 9.999998e-01 -1.088662e-04 -3.967157e-01 -1.941076e-02 1.193616e-04 9.998115e-01 2.008652e+01
9.998380e-01 1.218555e-03 -1.795822e-02 -1.309353e+00 -1.196757e-03 9.999985e-01 1.224605e-03 -3.955097e-01 1.795969e-02 -1.202935e-03 9.998381e-01 2.039508e+01
9.998045e-01 -1.143821e-03 1.974104e-02 -1.500367e+00 1.148043e-03 9.999993e-01 -2.024491e-04 -3.941318e-01 -1.974080e-02 2.250930e-04 9.998050e-01 2.059892e+01
9.998426e-01 1.084744e-03 -1.771001e-02 -1.663026e+00 -1.064663e-03 9.999988e-01 1.143334e-03 -3.922854e-01 1.771124e-02 -1.124319e-03 9.998426e-01 2.071516e+01
9.997985e-01 -1.053084e-03 2.004792e-02 -1.876265e+00 1.056553e-03 9.999994e-01 -1.623750e-04 -3.889415e-01 -2.004774e-02 1.835441e-04 9.997989e-01 2.083282e+01
9.998201e-01 1.123596e-03 -1.893443e-02 -2.036343e+00 -1.099924e-03 9.999986e-01 1.260646e-03 -3.880226e-01 1.893583e-02 -1.239613e-03 9.998200e-01 2.099375e+01
9.998097e-01 -1.026051e-03 1.948167e-02 -2.126103e+00 1.034907e-03 9.999994e-01 -4.444432e-04 -3.897130e-01 -1.948121e-02 4.645407e-04 9.998100e-01 2.120331e+01
9.998535e-01 1.400724e-03 -1.706045e-02 -2.391880e+00 -1.376214e-03 9.999980e-01 1.448353e-03 -3.857368e-01 1.706245e-02 -1.424682e-03 9.998535e-01 2.138197e+01
9.998117e-01 -8.086334e-04 1.938974e-02 -2.645834e+00 8.143979e-04 9.999996e-01 -2.893380e-04 -3.832587e-01 -1.938951e-02 3.050950e-04 9.998119e-01 2.164286e+01
9.998482e-01 1.526843e-03 -1.735835e-02 -2.894452e+00 -1.505179e-03 9.999981e-01 1.261118e-03 -3.817734e-01 1.736025e-02 -1.234820e-03 9.998486e-01 2.195955e+01
9.998111e-01 -7.323746e-04 1.942230e-02 -3.169064e+00 7.351141e-04 9.999997e-01 -1.338453e-04 -3.796635e-01 -1.942221e-02 1.481183e-04 9.998113e-01 2.228905e+01
9.998421e-01 1.371511e-03 -1.771682e-02 -3.405334e+00 -1.352687e-03 9.999985e-01 1.074512e-03 -3.782117e-01 1.771827e-02 -1.050398e-03 9.998426e-01 2.262024e+01
9.998176e-01 -9.046552e-04 1.907902e-02 -3.646243e+00 9.074162e-04 9.999996e-01 -1.359930e-04 -3.757261e-01 -1.907890e-02 1.533017e-04 9.998179e-01 2.286327e+01
9.998735e-01 1.613124e-03 -1.582408e-02 -4.011452e+00 -1.592698e-03 9.999979e-01 1.303395e-03 -3.693227e-01 1.582616e-02 -1.278048e-03 9.998740e-01 2.309008e+01
9.998421e-01 -1.414800e-03 1.771618e-02 -4.212442e+00 1.423268e-03 9.999989e-01 -4.652785e-04 -3.676052e-01 -1.771551e-02 4.904410e-04 9.998428e-01 2.331581e+01
9.998586e-01 1.349925e-03 -1.676425e-02 -4.341409e+00 -1.329313e-03 9.999983e-01 1.240660e-03 -3.668446e-01 1.676591e-02 -1.218220e-03 9.998588e-01 2.346511e+01
9.998342e-01 -1.228646e-03 1.816966e-02 -4.508276e+00 1.234615e-03 9.999992e-01 -3.172235e-04 -3.651134e-01 -1.816926e-02 3.396247e-04 9.998348e-01 2.361425e+01
9.998646e-01 1.300473e-03 -1.640445e-02 -4.700354e+00 -1.280919e-03 9.999985e-01 1.202494e-03 -3.624913e-01 1.640600e-02 -1.181339e-03 9.998648e-01 2.377046e+01
9.998455e-01 -1.347236e-03 1.752399e-02 -4.824951e+00 1.355501e-03 9.999990e-01 -4.596822e-04 -3.617102e-01 -1.752336e-02 4.833864e-04 9.998462e-01 2.391734e+01
9.998420e-01 1.760543e-03 -1.769081e-02 -4.927053e+00 -1.733678e-03 9.999973e-01 1.533821e-03 -3.630137e-01 1.769347e-02 -1.502929e-03 9.998424e-01 2.414457e+01
9.998612e-01 -1.212885e-03 1.661683e-02 -4.990407e+00 1.227209e-03 9.999989e-01 -8.517896e-04 -3.671753e-01 -1.661579e-02 8.720853e-04 9.998615e-01 2.448486e+01
9.998660e-01 1.211826e-03 -1.632269e-02 -5.082047e+00 -1.186724e-03 9.999981e-01 1.547504e-03 -3.686645e-01 1.632454e-02 -1.527948e-03 9.998657e-01 2.472746e+01
9.998795e-01 -1.580742e-03 1.544337e-02 -5.059581e+00 1.595482e-03 9.999983e-01 -9.420972e-04 -3.718248e-01 -1.544186e-02 9.666450e-04 9.998802e-01 2.483496e+01
9.998383e-01 1.175614e-03 -1.794377e-02 -4.928159e+00 -1.142004e-03 9.999976e-01 1.883280e-03 -3.778252e-01 1.794595e-02 -1.862506e-03 9.998373e-01 2.493182e+01
9.998818e-01 -1.778878e-03 1.527045e-02 -4.774730e+00 1.798880e-03 9.999975e-01 -1.296093e-03 -3.849938e-01 -1.526812e-02 1.323432e-03 9.998825e-01 2.503559e+01
9.998186e-01 1.474727e-03 -1.899168e-02 -4.587004e+00 -1.424861e-03 9.999955e-01 2.638979e-03 -3.925457e-01 1.899549e-02 -2.611462e-03 9.998163e-01 2.512806e+01
9.998951e-01 -1.969976e-03 1.435287e-02 -4.295054e+00 1.995202e-03 9.999965e-01 -1.743319e-03 -3.984904e-01 -1.434940e-02 1.771795e-03 9.998954e-01 2.498824e+01
9.998233e-01 1.622134e-03 -1.872580e-02 -4.044399e+00 -1.554520e-03 9.999922e-01 3.624770e-03 -4.029651e-01 1.873154e-02 -3.595042e-03 9.998182e-01 2.489089e+01
9.998539e-01 -1.985761e-03 1.697594e-02 -3.966855e+00 2.032752e-03 9.999941e-01 -2.751257e-03 -4.090426e-01 -1.697039e-02 2.785386e-03 9.998520e-01 2.503596e+01
9.998052e-01 1.514573e-03 -1.968165e-02 -3.808831e+00 -1.448458e-03 9.999933e-01 3.373064e-03 -4.149031e-01 1.968664e-02 -3.343921e-03 9.998007e-01 2.505834e+01
9.998870e-01 -1.831635e-03 1.492168e-02 -3.542517e+00 1.859197e-03 9.999966e-01 -1.833389e-03 -4.207637e-01 -1.491828e-02 1.860946e-03 9.998869e-01 2.499007e+01
9.997885e-01 1.609433e-03 -2.050139e-02 -3.255268e+00 -1.537695e-03 9.999926e-01 3.514507e-03 -4.310330e-01 2.050691e-02 -3.482262e-03 9.997837e-01 2.509680e+01
9.998614e-01 -1.727157e-03 1.656119e-02 -3.032275e+00 1.774225e-03 9.999944e-01 -2.827726e-03 -4.418473e-01 -1.655622e-02 2.856740e-03 9.998588e-01 2.529761e+01
9.997881e-01 1.362143e-03 -2.054112e-02 -2.817166e+00 -1.287469e-03 9.999925e-01 3.648175e-03 -4.515601e-01 2.054595e-02 -3.620979e-03 9.997825e-01 2.543955e+01
9.998741e-01 -1.793463e-03 1.576489e-02 -2.400068e+00 1.863400e-03 9.999885e-01 -4.422577e-03 -4.622493e-01 -1.575678e-02 4.451419e-03 9.998658e-01 2.535446e+01
9.993828e-01 7.223209e-03 -3.437699e-02 -9.333803e-01 -6.812679e-03 9.999043e-01 1.204421e-02 -4.620782e-01 3.446071e-02 -1.180260e-02 9.993365e-01 2.377124e+01
9.998676e-01 -4.704484e-03 1.557789e-02 5.241118e-01 4.810505e-03 9.999655e-01 -6.775220e-03 -4.770458e-01 -1.554549e-02 6.849284e-03 9.998556e-01 2.266705e+01
9.994574e-01 9.036532e-03 -3.167481e-02 1.868101e+00 -8.718791e-03 9.999104e-01 1.015521e-02 -4.901073e-01 3.176376e-02 -9.873557e-03 9.994467e-01 2.174956e+01
9.999131e-01 -6.500749e-03 1.146951e-02 3.462874e+00 6.551833e-03 9.999688e-01 -4.421682e-03 -5.144370e-01 -1.144043e-02 4.496468e-03 9.999243e-01 2.090089e+01
9.996827e-01 6.437289e-03 -2.435361e-02 4.125438e+00 -6.267175e-03 9.999555e-01 7.055144e-03 -5.315555e-01 2.439796e-02 -6.900301e-03 9.996786e-01 2.087024e+01
9.999250e-01 -7.181591e-03 9.918718e-03 5.025153e+00 7.223677e-03 9.999650e-01 -4.213467e-03 -5.473601e-01 -9.888135e-03 4.284826e-03 9.999418e-01 2.055938e+01
9.992075e-01 8.382085e-03 -3.891213e-02 6.514299e+00 -8.039796e-03 9.999277e-01 8.944695e-03 -5.814442e-01 3.898432e-02 -8.624786e-03 9.992027e-01 2.043887e+01
9.999806e-01 -5.864598e-03 2.082715e-03 8.201492e+00 5.870540e-03 9.999787e-01 -2.856782e-03 -6.271999e-01 -2.065945e-03 2.868980e-03 9.999937e-01 2.056335e+01
9.992227e-01 8.251076e-03 -3.854748e-02 9.943278e+00 -7.920900e-03 9.999307e-01 8.710410e-03 -6.735035e-01 3.861671e-02 -8.398335e-03 9.992189e-01 2.069126e+01
9.999766e-01 -6.316384e-03 2.633166e-03 1.156513e+01 6.324232e-03 9.999756e-01 -2.980748e-03 -7.181900e-01 -2.614310e-03 2.997357e-03 9.999920e-01 2.082042e+01
9.991346e-01 8.973116e-03 -4.061567e-02 1.352947e+01 -8.610031e-03 9.999215e-01 9.105774e-03 -7.648759e-01 4.069423e-02 -8.748219e-03 9.991334e-01 2.083192e+01
9.999743e-01 -6.899876e-03 -1.936476e-03 1.550625e+01 6.895201e-03 9.999733e-01 -2.413729e-03 -8.143241e-01 1.953036e-03 2.400343e-03 9.999951e-01 2.071636e+01
9.994191e-01 8.990945e-03 -3.287368e-02 1.755013e+01 -8.726743e-03 9.999285e-01 8.171738e-03 -8.572664e-01 3.294485e-02 -7.880139e-03 9.994262e-01 2.051113e+01
9.999535e-01 -8.183125e-03 -5.104065e-03 1.980095e+01 8.180593e-03 9.999664e-01 -5.182766e-04 -8.998255e-01 5.108085e-03 4.765268e-04 9.999867e-01 1.990580e+01
9.994958e-01 8.877087e-03 -3.048698e-02 2.159695e+01 -8.657270e-03 9.999356e-01 7.334872e-03 -9.389215e-01 3.055018e-02 -7.067268e-03 9.995083e-01 1.956516e+01
9.999714e-01 -6.804261e-03 -3.313329e-03 2.318575e+01 6.798314e-03 9.999753e-01 -1.805564e-03 -9.821425e-01 3.325477e-03 1.783017e-03 9.999928e-01 1.967361e+01
9.994694e-01 9.389281e-03 -3.119008e-02 2.481565e+01 -9.177776e-03 9.999340e-01 6.917723e-03 -1.026249e+00 3.125303e-02 -6.627826e-03 9.994896e-01 1.979605e+01
9.999662e-01 -7.161215e-03 -4.039196e-03 2.646122e+01 7.153750e-03 9.999727e-01 -1.862049e-03 -1.072896e+00 4.052359e-03 1.833120e-03 9.999900e-01 1.996457e+01
9.993597e-01 9.285769e-03 -3.455356e-02 2.834000e+01 -9.011809e-03 9.999268e-01 8.076177e-03 -1.118999e+00 3.462609e-02 -7.759645e-03 9.993703e-01 1.994057e+01
9.999519e-01 -8.159179e-03 -5.449067e-03 3.060438e+01 8.152267e-03 9.999659e-01 -1.291730e-03 -1.161627e+00 5.459354e-03 1.247276e-03 9.999842e-01 1.925763e+01
9.992616e-01 6.850451e-03 -3.780715e-02 3.287092e+01 -6.440023e-03 9.999191e-01 1.096729e-02 -1.205192e+00 3.787930e-02 -1.071574e-02 9.992249e-01 1.861895e+01
9.999851e-01 -5.133899e-03 1.858193e-03 3.505220e+01 5.144530e-03 9.999702e-01 -5.754937e-03 -1.250396e+00 -1.828664e-03 5.764442e-03 9.999816e-01 1.840393e+01
9.989363e-01 6.847610e-03 -4.560138e-02 3.719502e+01 -6.290051e-03 9.999038e-01 1.235937e-02 -1.306111e+00 4.568170e-02 -1.205942e-02 9.988833e-01 1.842270e+01
9.999274e-01 -2.731467e-03 1.173697e-02 3.939514e+01 2.811486e-03 9.999729e-01 -6.805306e-03 -1.352326e+00 -1.171814e-02 6.837841e-03 9.999079e-01 1.831424e+01
9.984393e-01 5.139257e-03 -5.561023e-02 4.165767e+01 -4.343155e-03 9.998865e-01 1.442742e-02 -1.405926e+00 5.567814e-02 -1.416342e-02 9.983484e-01 1.817372e+01
9.998086e-01 -1.329982e-03 1.951835e-02 4.350876e+01 1.498778e-03 9.999616e-01 -8.635084e-03 -1.456338e+00 -1.950620e-02 8.662716e-03 9.997721e-01 1.843662e+01
9.984903e-01 4.300514e-03 -5.476082e-02 4.525072e+01 -3.532861e-03 9.998942e-01 1.410767e-02 -1.504589e+00 5.481578e-02 -1.389294e-02 9.983999e-01 1.862007e+01
9.997444e-01 -1.786957e-03 2.253854e-02 4.664906e+01 1.996962e-03 9.999548e-01 -9.297700e-03 -1.548287e+00 -2.252099e-02 9.340363e-03 9.997027e-01 1.894709e+01
9.985294e-01 5.173464e-03 -5.396637e-02 4.811343e+01 -4.419758e-03 9.998912e-01 1.407655e-02 -1.593892e+00 5.403341e-02 -1.381737e-02 9.984436e-01 1.943596e+01
9.998249e-01 -7.148283e-04 1.870024e-02 4.989873e+01 8.692593e-04 9.999656e-01 -8.250336e-03 -1.641887e+00 -1.869379e-02 8.265178e-03 9.997910e-01 1.968485e+01
9.983040e-01 3.026062e-03 -5.813785e-02 5.240182e+01 -2.217475e-03 9.999000e-01 1.396791e-02 -1.690465e+00 5.817439e-02 -1.381533e-02 9.982109e-01 1.917752e+01
9.998911e-01 -1.752202e-03 1.464827e-02 5.564701e+01 1.859737e-03 9.999714e-01 -7.329276e-03 -1.744248e+00 -1.463510e-02 7.355750e-03 9.998658e-01 1.790105e+01
9.984434e-01 3.678922e-03 -5.565322e-02 5.791832e+01 -2.810807e-03 9.998733e-01 1.566926e-02 -1.794827e+00 5.570390e-02 -1.548847e-02 9.983273e-01 1.744966e+01
9.996748e-01 -1.158590e-03 2.547442e-02 5.944576e+01 1.446184e-03 9.999354e-01 -1.127306e-02 -1.835146e+00 -2.545980e-02 1.130627e-02 9.996118e-01 1.757629e+01
9.979836e-01 4.104514e-03 -6.333954e-02 6.129801e+01 -2.980520e-03 9.998366e-01 1.783018e-02 -1.883633e+00 6.340246e-02 -1.760548e-02 9.978328e-01 1.768352e+01
9.995647e-01 -4.780609e-04 2.949639e-02 6.306873e+01 8.519918e-04 9.999194e-01 -1.266505e-02 -1.928801e+00 -2.948805e-02 1.268470e-02 9.994846e-01 1.776011e+01
9.979640e-01 3.794922e-03 -6.366798e-02 6.488904e+01 -2.650167e-03 9.998335e-01 1.805526e-02 -1.972940e+00 6.372600e-02 -1.784980e-02 9.978078e-01 1.777313e+01
9.995101e-01 -3.304596e-04 3.129355e-02 6.664405e+01 7.262559e-04 9.999199e-01 -1.263648e-02 -2.015880e+00 -3.128696e-02 1.265305e-02 9.994303e-01 1.780288e+01
9.980086e-01 3.231176e-03 -6.299611e-02 6.824093e+01 -2.108195e-03 9.998378e-01 1.788490e-02 -2.057843e+00 6.304378e-02 -1.771651e-02 9.978536e-01 1.789985e+01
9.995157e-01 4.440837e-04 3.111352e-02 6.999081e+01 -4.186076e-05 9.999164e-01 -1.292616e-02 -2.097687e+00 -3.111676e-02 1.291863e-02 9.994322e-01 1.782904e+01
9.977125e-01 2.503854e-03 -6.755448e-02 7.179396e+01 -1.184705e-03 9.998080e-01 1.956057e-02 -2.140410e+00 6.759058e-02 -1.943582e-02 9.975239e-01 1.776345e+01
