9.999999e-01 4.300606e-04 -3.116515e-04 -8.206332e-02 -4.296718e-04 9.999991e-01 1.246574e-03 -3.989903e-03 3.121873e-04 -1.246440e-03 9.999993e-01 3.051340e-01
9.999998e-01 6.148022e-04 -3.378477e-04 -2.395101e-01 -6.148954e-04 9.999998e-01 -2.757540e-04 -7.440858e-03 3.376781e-04 2.759624e-04 9.999998e-01 7.519867e-01
9.999979e-01 3.218151e-04 -2.031137e-03 -3.281990e-01 -3.196878e-04 9.999994e-01 1.047607e-03 -1.344614e-02 2.031474e-03 -1.046957e-03 9.999975e-01 1.198806e+00
9.999996e-01 7.985933e-04 2.926818e-04 -4.296159e-01 -7.984916e-04 9.999996e-01 -3.473855e-04 -1.857284e-02 -2.929595e-04 3.471525e-04 9.999998e-01 1.648899e+00
9.999996e-01 2.523500e-04 -8.724416e-04 -6.100616e-01 -2.510539e-04 9.999989e-01 1.485416e-03 -2.093530e-02 8.728160e-04 -1.485198e-03 9.999986e-01 2.096866e+00
9.999995e-01 2.308967e-04 9.625527e-04 -7.299605e-01 -2.302653e-04 9.999998e-01 -6.559799e-04 -2.449198e-02 -9.627045e-04 6.557589e-04 9.999992e-01 2.444270e+00
9.999997e-01 4.796334e-04 6.524252e-04 -9.360197e-01 -4.808938e-04 9.999980e-01 1.933069e-03 -2.498735e-02 -6.514964e-04 -1.933383e-03 9.999980e-01 2.771673e+00
9.999995e-01 3.631546e-04 9.796285e-04 -1.194347e+00 -3.624619e-04 9.999997e-01 -7.071254e-04 -2.370306e-02 -9.798852e-04 7.067712e-04 9.999992e-01 3.103603e+00
9.999996e-01 2.709918e-04 8.452995e-04 -1.432538e+00 -2.725415e-04 9.999983e-01 1.833705e-03 -2.279096e-02 -8.448011e-04 -1.833936e-03 9.999981e-01 3.406196e+00
9.999996e-01 2.849577e-04 8.105097e-04 -1.605351e+00 -2.844763e-04 9.999998e-01 -5.938996e-04 -2.407127e-02 -8.106786e-04 5.936703e-04 9.999994e-01 3.711442e+00
9.999999e-01 3.048448e-04 2.349778e-04 -1.782331e+00 -3.052446e-04 9.999985e-01 1.703556e-03 -2.490790e-02 -2.344584e-04 -1.703629e-03 9.999986e-01 4.026933e+00
9.999999e-01 3.105143e-04 4.262568e-04 -1.965358e+00 -3.102497e-04 9.999998e-01 -6.204230e-04 -2.566045e-02 -4.264490e-04 6.202925e-04 9.999996e-01 4.346786e+00
9.999992e-01 2.655632e-04 -1.210112e-03 -2.165207e+00 -2.638424e-04 9.999990e-01 1.421991e-03 -2.665570e-02 1.210489e-03 -1.421672e-03 9.999984e-01 4.584246e+00
9.999995e-01 -4.955682e-04 -8.550818e-04 -2.076511e+00 4.946728e-04 9.999993e-01 -1.047099e-03 -3.229823e-02 8.556001e-04 1.046677e-03 9.999990e-01 4.722916e+00
9.999967e-01 6.257064e-04 -2.472828e-03 -1.906524e+00 -6.192117e-04 9.999964e-01 2.626337e-03 -4.226406e-02 2.474462e-03 -2.624800e-03 9.999936e-01 4.920709e+00
9.999995e-01 -6.481530e-04 7.026477e-04 -1.864435e+00 6.494810e-04 9.999980e-01 -1.891388e-03 -5.019345e-02 -7.014208e-04 1.891845e-03 9.999979e-01 5.241556e+00
9.999969e-01 6.066693e-04 -2.424353e-03 -1.866810e+00 -6.002312e-04 9.999963e-01 2.655453e-03 -5.589986e-02 2.425956e-03 -2.653992e-03 9.999936e-01 5.480418e+00
9.999992e-01 -6.446618e-04 1.097005e-03 -1.875836e+00 6.464227e-04 9.999985e-01 -1.605585e-03 -6.085632e-02 -1.095969e-03 1.606295e-03 9.999980e-01 5.682191e+00
9.999938e-01 5.804315e-04 -3.483964e-03 -1.785835e+00 -5.705162e-04 9.999958e-01 2.846333e-03 -6.773760e-02 3.485602e-03 -2.844330e-03 9.999900e-01 5.818115e+00
9.999992e-01 -6.538025e-04 1.038272e-03 -1.677620e+00 6.550235e-04 9.999991e-01 -1.176003e-03 -7.559942e-02 -1.037503e-03 1.176684e-03 9.999987e-01 6.009516e+00
9.999972e-01 5.915901e-04 -2.280843e-03 -1.657012e+00 -5.875396e-04 9.999983e-01 1.776124e-03 -8.272961e-02 2.281891e-03 -1.774782e-03 9.999959e-01 6.301586e+00
9.999976e-01 -5.748723e-04 2.102978e-03 -1.724513e+00 5.770480e-04 9.999993e-01 -1.034114e-03 -8.582294e-02 -2.102384e-03 1.035327e-03 9.999972e-01 6.528712e+00
9.999661e-01 3.052419e-04 -8.234283e-03 -1.464745e+00 -2.707233e-04 9.999912e-01 4.192852e-03 -8.179898e-02 8.235493e-03 -4.190483e-03 9.999574e-01 6.008051e+00
9.999887e-01 -3.931568e-04 4.746776e-03 -1.261967e+00 4.088803e-04 9.999944e-01 -3.311933e-03 -8.963489e-02 -4.745450e-03 3.313839e-03 9.999831e-01 6.069758e+00
9.999607e-01 6.374358e-04 -8.840607e-03 -1.032551e+00 -5.879776e-04 9.999842e-01 5.595905e-03 -9.953152e-02 8.844037e-03 -5.590491e-03 9.999454e-01 6.165874e+00
9.999673e-01 9.846900e-04 8.029875e-03 -7.640445e-01 -9.441457e-04 9.999868e-01 -5.051403e-03 -1.016318e-01 -8.034745e-03 5.043659e-03 9.999549e-01 5.841764e+00
9.999173e-01 -8.336749e-04 -1.283327e-02 -4.565892e-01 9.310728e-04 9.999708e-01 7.585383e-03 -1.014300e-01 1.282657e-02 -7.596709e-03 9.998890e-01 5.446739e+00
9.999402e-01 1.033764e-03 1.088865e-02 -3.691317e-01 -9.824746e-04 9.999884e-01 -4.714623e-03 -1.077905e-01 -1.089340e-02 4.703647e-03 9.999295e-01 5.593390e+00
9.999152e-01 -1.322701e-03 -1.295400e-02 -1.958254e-01 1.412106e-03 9.999752e-01 6.895013e-03 -1.118397e-01 1.294456e-02 -6.912725e-03 9.998924e-01 5.569361e+00
9.999314e-01 1.553880e-03 1.160899e-02 -2.183102e-01 -1.484389e-03 9.999809e-01 -5.992192e-03 -1.177186e-01 -1.161809e-02 5.974553e-03 9.999146e-01 5.853591e+00
9.999155e-01 -1.717356e-03 -1.288319e-02 -2.175582e-01 1.802028e-03 9.999768e-01 6.563564e-03 -1.235998e-01 1.287163e-02 -6.586230e-03 9.998956e-01 6.056097e+00
9.998935e-01 2.304184e-03 1.441074e-02 -3.642891e-01 -2.238668e-03 9.999871e-01 -4.560833e-03 -1.246820e-01 -1.442107e-02 4.528091e-03 9.998857e-01 6.206787e+00
9.999351e-01 -1.359292e-03 -1.131425e-02 -6.512633e-01 1.430334e-03 9.999793e-01 6.273291e-03 -1.226240e-01 1.130549e-02 -6.289072e-03 9.999164e-01 6.438938e+00
9.999500e-01 1.326041e-03 9.915292e-03 -6.002121e-01 -1.271709e-03 9.999842e-01 -5.483924e-03 -1.280081e-01 -9.922410e-03 5.471045e-03 9.999357e-01 6.566318e+00
9.999409e-01 -1.362584e-03 -1.078656e-02 -5.183415e-01 1.444188e-03 9.999704e-01 7.561170e-03 -1.326108e-01 1.077594e-02 -7.576306e-03 9.999133e-01 6.669578e+00
9.999357e-01 1.934021e-03 1.117069e-02 -6.608794e-01 -1.863125e-03 9.999781e-01 -6.353540e-03 -1.343195e-01 -1.118274e-02 6.332324e-03 9.999173e-01 6.914494e+00
9.999401e-01 -1.352553e-03 -1.085722e-02 -8.137591e-01 1.434916e-03 9.999702e-01 7.581808e-03 -1.356528e-01 1.084664e-02 -7.596939e-03 9.999124e-01 7.200974e+00
9.999509e-01 1.436182e-03 9.809851e-03 -8.725663e-01 -1.370308e-03 9.999765e-01 -6.718450e-03 -1.389799e-01 -9.819273e-03 6.704683e-03 9.999292e-01 7.435686e+00
9.999606e-01 -1.194888e-03 -8.793698e-03 -1.029957e+00 1.264354e-03 9.999680e-01 7.898193e-03 -1.384775e-01 8.783983e-03 -7.909006e-03 9.999302e-01 7.619443e+00
9.999481e-01 1.754440e-03 1.003117e-02 -1.255397e+00 -1.689046e-03 9.999773e-01 -6.523746e-03 -1.363700e-01 -1.004240e-02 6.506470e-03 9.999283e-01 7.825214e+00
9.999553e-01 -1.337577e-03 -9.356636e-03 -1.394121e+00 1.409097e-03 9.999698e-01 7.641397e-03 -1.379296e-01 9.346137e-03 -7.654246e-03 9.999271e-01 8.089768e+00
9.999710e-01 1.315481e-03 7.506814e-03 -1.321972e+00 -1.265240e-03 9.999768e-01 -6.693518e-03 -1.438762e-01 -7.515448e-03 6.683832e-03 9.999493e-01 8.228320e+00
9.999453e-01 -1.597084e-03 -1.034048e-02 -1.167205e+00 1.678924e-03 9.999673e-01 7.910675e-03 -1.511349e-01 1.032751e-02 -7.927608e-03 9.999153e-01 8.315107e+00
9.999610e-01 1.449884e-03 8.712912e-03 -1.047807e+00 -1.388662e-03 9.999743e-01 -7.028498e-03 -1.564981e-01 -8.722883e-03 7.016131e-03 9.999372e-01 8.353880e+00
9.999489e-01 -1.699269e-03 -9.964462e-03 -9.821024e-01 1.786988e-03 9.999597e-01 8.800898e-03 -1.609626e-01 9.949110e-03 -8.818261e-03 9.999117e-01 8.452646e+00
9.999647e-01 1.478379e-03 8.272385e-03 -9.203829e-01 -1.412854e-03 9.999676e-01 -7.921136e-03 -1.650197e-01 -8.283832e-03 7.909175e-03 9.999343e-01 8.523651e+00
9.999161e-01 -1.764501e-03 -1.282889e-02 -7.022934e-01 1.881803e-03 9.999565e-01 9.137270e-03 -1.726848e-01 1.281222e-02 -9.160652e-03 9.998761e-01 8.576499e+00
9.999828e-01 1.788487e-03 5.583329e-03 -3.481958e-01 -1.742793e-03 9.999650e-01 -8.178144e-03 -1.841036e-01 -5.597766e-03 8.168279e-03 9.999509e-01 8.623229e+00
9.999140e-01 -2.121444e-03 -1.293926e-02 7.457796e-02 2.243656e-03 9.999529e-01 9.437912e-03 -1.947355e-01 1.291863e-02 -9.466139e-03 9.998718e-01 8.523017e+00
9.999633e-01 4.221135e-03 7.460750e-03 4.134023e-01 -4.166262e-03 9.999643e-01 -7.355122e-03 -1.911154e-01 -7.491537e-03 7.323775e-03 9.999450e-01 7.689695e+00
9.999623e-01 -4.193760e-04 -8.671298e-03 5.239207e-01 5.158341e-04 9.999380e-01 1.112461e-02 -1.720163e-01 8.666102e-03 -1.112867e-02 9.999006e-01 6.314035e+00
9.999175e-01 4.543682e-03 1.201457e-02 5.615806e-01 -4.431716e-03 9.999467e-01 -9.329410e-03 -1.540113e-01 -1.205632e-02 9.275402e-03 9.998842e-01 5.097760e+00
9.998853e-01 -2.517242e-03 -1.493263e-02 1.128109e+00 2.682851e-03 9.999350e-01 1.108079e-02 -1.415890e-01 1.490378e-02 -1.111959e-02 9.998272e-01 3.413057e+00
9.999741e-01 3.186688e-03 6.460298e-03 2.288956e+00 -3.128222e-03 9.999542e-01 -9.039895e-03 -1.433322e-01 -6.488817e-03 9.019459e-03 9.999382e-01 1.751788e+00
9.997769e-01 -1.980508e-03 -2.102940e-02 4.083513e+00 2.240002e-03 9.999216e-01 1.232321e-02 -1.500686e-01 2.100336e-02 -1.236757e-02 9.997030e-01 -4.891578e-01
9.999789e-01 1.950330e-03 6.203456e-03 5.971055e+00 -1.893385e-03 9.999561e-01 -9.172094e-03 -1.635722e-01 -6.221083e-03 9.160163e-03 9.999386e-01 -2.331659e+00
9.996980e-01 -2.199338e-05 -2.457609e-02 8.153542e+00 3.546807e-04 9.999084e-01 1.353277e-02 -1.801227e-01 2.457355e-02 -1.353741e-02 9.996065e-01 -4.163709e+00
9.999968e-01 1.359700e-03 -2.137791e-03 1.074898e+01 -1.376181e-03 9.999692e-01 -7.727134e-03 -2.027111e-01 2.127203e-03 7.730060e-03 9.999678e-01 -6.235192e+00
9.997399e-01 9.949863e-04 -2.278279e-02 1.341447e+01 -6.837783e-04 9.999064e-01 1.366353e-02 -2.213969e-01 2.279427e-02 -1.364441e-02 9.996472e-01 -8.550114e+00
9.999968e-01 3.032735e-04 -2.508698e-03 1.607741e+01 -3.228274e-04 9.999695e-01 -7.798153e-03 -2.386217e-01 2.506236e-03 7.798948e-03 9.999663e-01 -1.114840e+01
9.998227e-01 1.072446e-03 -1.880036e-02 1.846094e+01 -8.270024e-04 9.999144e-01 1.305824e-02 -2.484327e-01 1.881278e-02 -1.304038e-02 9.997381e-01 -1.389042e+01
9.999953e-01 1.417405e-03 2.714209e-03 2.012414e+01 -1.394096e-03 9.999623e-01 -8.570142e-03 -2.485547e-01 -2.726278e-03 8.566329e-03 9.999595e-01 -1.633136e+01
9.999479e-01 2.545810e-03 -9.888213e-03 2.098264e+01 -2.410969e-03 9.999043e-01 1.362473e-02 -2.359341e-01 9.921977e-03 -1.360020e-02 9.998584e-01 -1.852515e+01
9.999980e-01 -3.105930e-04 1.984831e-03 2.180480e+01 3.281405e-04 9.999608e-01 -8.845732e-03 -2.233259e-01 -1.982031e-03 8.846377e-03 9.999588e-01 -2.058305e+01
9.999250e-01 1.444177e-03 -1.216331e-02 2.292651e+01 -1.300668e-03 9.999296e-01 1.179833e-02 -2.196612e-01 1.217952e-02 -1.178163e-02 9.998565e-01 -2.244569e+01
9.999818e-01 -1.045149e-03 5.934154e-03 2.361795e+01 1.104481e-03 9.999494e-01 -1.000369e-02 -2.251233e-01 -5.923425e-03 1.001008e-02 9.999323e-01 -2.316357e+01
9.999834e-01 1.505028e-03 -5.554084e-03 2.350389e+01 -1.446635e-03 9.999438e-01 1.050291e-02 -2.244835e-01 5.569606e-03 -1.049471e-02 9.999295e-01 -2.305401e+01
9.999780e-01 -1.440240e-03 6.473386e-03 2.336025e+01 1.502578e-03 9.999525e-01 -9.635034e-03 -2.236096e-01 -6.459228e-03 9.644562e-03 9.999325e-01 -2.289612e+01
9.999850e-01 1.575384e-03 -5.243065e-03 2.318381e+01 -1.519909e-03 9.999430e-01 1.056813e-02 -2.215483e-01 5.259442e-03 -1.056002e-02 9.999305e-01 -2.276242e+01
9.999780e-01 -1.658192e-03 6.425663e-03 2.305535e+01 1.720338e-03 9.999517e-01 -9.677758e-03 -2.204197e-01 -6.409331e-03 9.688612e-03 9.999324e-01 -2.267189e+01
9.999877e-01 1.694926e-03 -4.663209e-03 2.288842e+01 -1.645157e-03 9.999419e-01 1.065625e-02 -2.182915e-01 4.681026e-03 -1.064846e-02 9.999324e-01 -2.258033e+01
9.999774e-01 -1.837670e-03 6.469431e-03 2.277299e+01 1.899525e-03 9.999524e-01 -9.567578e-03 -2.179077e-01 -6.451568e-03 9.579664e-03 9.999332e-01 -2.250581e+01
9.999859e-01 1.541811e-03 -5.083569e-03 2.272474e+01 -1.487607e-03 9.999422e-01 1.064952e-02 -2.192135e-01 5.099721e-03 -1.064182e-02 9.999305e-01 -2.243293e+01
9.999829e-01 -1.466544e-03 5.653261e-03 2.262157e+01 1.520353e-03 9.999535e-01 -9.525479e-03 -2.197518e-01 -5.639054e-03 9.533925e-03 9.999386e-01 -2.230723e+01
9.999907e-01 1.429359e-03 -4.076264e-03 2.250694e+01 -1.385705e-03 9.999419e-01 1.069248e-02 -2.205311e-01 4.091336e-03 -1.068675e-02 9.999346e-01 -2.218737e+01
9.999821e-01 -1.730179e-03 5.725024e-03 2.244975e+01 1.785038e-03 9.999524e-01 -9.590687e-03 -2.209404e-01 -5.708184e-03 9.600749e-03 9.999375e-01 -2.213974e+01
9.999785e-01 1.470097e-03 -6.394776e-03 2.253445e+01 -1.401825e-03 9.999421e-01 1.066783e-02 -2.236606e-01 6.410115e-03 -1.065865e-02 9.999227e-01 -2.214409e+01
9.999929e-01 -1.875641e-03 3.265281e-03 2.276748e+01 1.905447e-03 9.999563e-01 -9.148630e-03 -2.270818e-01 -3.248005e-03 9.154801e-03 9.999527e-01 -2.227517e+01
9.999639e-01 1.381595e-03 -8.379514e-03 2.315095e+01 -1.288375e-03 9.999373e-01 1.112025e-02 -2.319250e-01 8.394379e-03 -1.110907e-02 9.999032e-01 -2.252612e+01
9.999952e-01 -1.738448e-03 2.545226e-03 2.358681e+01 1.761020e-03 9.999589e-01 -8.892212e-03 -2.374960e-01 -2.529690e-03 8.896666e-03 9.999571e-01 -2.280867e+01
9.999649e-01 1.375386e-03 -8.269507e-03 2.400023e+01 -1.281002e-03 9.999341e-01 1.140819e-02 -2.408798e-01 8.284680e-03 -1.139721e-02 9.999008e-01 -2.316901e+01
9.999896e-01 -1.466660e-03 4.309886e-03 2.431324e+01 1.507002e-03 9.999550e-01 -9.371525e-03 -2.442805e-01 -4.295975e-03 9.377938e-03 9.999467e-01 -2.339553e+01
9.999810e-01 1.381640e-03 -6.005025e-03 2.445603e+01 -1.315684e-03 9.999389e-01 1.097396e-02 -2.469856e-01 6.019849e-03 -1.096586e-02 9.999219e-01 -2.344845e+01
9.999915e-01 -1.584388e-03 3.816835e-03 2.461865e+01 1.621850e-03 9.999504e-01 -9.831305e-03 -2.502676e-01 -3.801097e-03 9.837426e-03 9.999443e-01 -2.350258e+01
9.999708e-01 1.302678e-03 -7.534258e-03 2.487723e+01 -1.217551e-03 9.999355e-01 1.129261e-02 -2.546544e-01 7.548511e-03 -1.128312e-02 9.999079e-01 -2.362377e+01
9.999815e-01 -1.598272e-03 5.874837e-03 2.499521e+01 1.656135e-03 9.999500e-01 -9.857130e-03 -2.583201e-01 -5.858818e-03 9.866692e-03 9.999341e-01 -2.361161e+01
9.999923e-01 1.422305e-03 -3.667933e-03 2.483801e+01 -1.382223e-03 9.999396e-01 1.090775e-02 -2.558301e-01 3.683254e-03 -1.090261e-02 9.999339e-01 -2.356670e+01
9.999911e-01 -1.659657e-03 3.873036e-03 2.482374e+01 1.697876e-03 9.999497e-01 -9.884949e-03 -2.571359e-01 -3.856464e-03 9.891452e-03 9.999435e-01 -2.352235e+01
9.999809e-01 1.515864e-03 -5.995893e-03 2.494851e+01 -1.447700e-03 9.999345e-01 1.135686e-02 -2.617208e-01 6.012744e-03 -1.134797e-02 9.999176e-01 -2.348788e+01
9.999881e-01 -1.644226e-03 4.601704e-03 2.500829e+01 1.691068e-03 9.999466e-01 -1.019348e-02 -2.655721e-01 -4.584727e-03 1.020115e-02 9.999374e-01 -2.341975e+01
9.999962e-01 1.546043e-03 -2.291450e-03 2.485227e+01 -1.520059e-03 9.999350e-01 1.129943e-02 -2.634301e-01 2.308799e-03 -1.129592e-02 9.999336e-01 -2.336544e+01
9.999781e-01 -1.527980e-03 -6.436391e-03 2.541391e+01 1.459033e-03 9.999417e-01 -1.070356e-02 -2.752981e-01 6.452341e-03 1.069395e-02 9.999219e-01 -2.347899e+01
9.999730e-01 1.905196e-03 -7.099152e-03 2.606855e+01 -1.797650e-03 9.998840e-01 1.512517e-02 -2.911238e-01 7.127176e-03 -1.511202e-02 9.998605e-01 -2.357275e+01
9.999587e-01 -1.930050e-03 8.879431e-03 2.588626e+01 2.054106e-03 9.999001e-01 -1.398304e-02 -2.880638e-01 -8.851587e-03 1.400072e-02 9.998627e-01 -2.351577e+01
9.999725e-01 1.839887e-03 -7.190466e-03 2.575169e+01 -1.731540e-03 9.998853e-01 1.504579e-02 -2.864250e-01 7.217354e-03 -1.503294e-02 9.998610e-01 -2.346707e+01
9.999541e-01 -2.030879e-03 9.365562e-03 2.563716e+01 2.161617e-03 9.999001e-01 -1.397015e-02 -2.853615e-01 -9.336284e-03 1.398977e-02 9.998585e-01 -2.342449e+01
9.999489e-01 1.913092e-03 -9.922346e-03 2.568411e+01 -1.763843e-03 9.998855e-01 1.502895e-02 -2.877707e-01 9.949992e-03 -1.501070e-02 9.998379e-01 -2.339806e+01
9.999600e-01 -2.120490e-03 8.685885e-03 2.579739e+01 2.241569e-03 9.999001e-01 -1.395343e-02 -2.912900e-01 -8.655460e-03 1.397235e-02 9.998648e-01 -2.339928e+01
9.999417e-01 1.849668e-03 -1.063782e-02 2.595716e+01 -1.691592e-03 9.998883e-01 1.484987e-02 -2.951217e-01 1.066413e-02 -1.483103e-02 9.998332e-01 -2.343117e+01
9.999635e-01 -2.081189e-03 8.285057e-03 2.613760e+01 2.196025e-03 9.999013e-01 -1.387530e-02 -2.994556e-01 -8.255393e-03 1.389301e-02 9.998693e-01 -2.346134e+01
9.999462e-01 1.753229e-03 -1.022243e-02 2.628246e+01 -1.598192e-03 9.998839e-01 1.515512e-02 -3.033751e-01 1.024784e-02 -1.513798e-02 9.998330e-01 -2.347003e+01
9.999550e-01 -2.045434e-03 9.268261e-03 2.638803e+01 2.177566e-03 9.998958e-01 -1.426846e-02 -3.069917e-01 -9.238142e-03 1.428802e-02 9.998551e-01 -2.346266e+01
9.999329e-01 1.729630e-03 -1.145891e-02 2.654820e+01 -1.553615e-03 9.998809e-01 1.535183e-02 -3.114426e-01 1.148413e-02 -1.533301e-02 9.998166e-01 -2.347422e+01
9.999413e-01 -1.857392e-03 1.067127e-02 2.660632e+01 2.002781e-03 9.999051e-01 -1.362947e-02 -3.155517e-01 -1.064497e-02 1.365006e-02 9.998501e-01 -2.338502e+01
9.999532e-01 1.965601e-03 -9.474202e-03 2.650322e+01 -1.827840e-03 9.998928e-01 1.452771e-02 -3.163357e-01 9.501773e-03 -1.450973e-02 9.998497e-01 -2.321507e+01
9.999320e-01 -1.669762e-03 1.154525e-02 2.630513e+01 1.825466e-03 9.999074e-01 -1.348878e-02 -3.141091e-01 -1.152169e-02 1.350895e-02 9.998423e-01 -2.305928e+01
9.999515e-01 2.034982e-03 -9.631302e-03 2.608787e+01 -1.895173e-03 9.998930e-01 1.450336e-02 -3.115181e-01 9.659816e-03 -1.448442e-02 9.998485e-01 -2.287977e+01
9.999310e-01 -1.769436e-03 1.161706e-02 2.586042e+01 1.925423e-03 9.999080e-01 -1.342968e-02 -3.083993e-01 -1.159225e-02 1.345114e-02 9.998422e-01 -2.272541e+01
9.999553e-01 2.147178e-03 -9.205107e-03 2.560210e+01 -2.012406e-03 9.998910e-01 1.462569e-02 -3.041267e-01 9.235539e-03 -1.460653e-02 9.998508e-01 -2.258986e+01
9.999274e-01 -1.898471e-03 1.189715e-02 2.535810e+01 2.059316e-03 9.999065e-01 -1.352168e-02 -3.003581e-01 -1.187039e-02 1.354522e-02 9.998377e-01 -2.244625e+01
9.999471e-01 2.060893e-03 -1.007931e-02 2.518416e+01 -1.913099e-03 9.998908e-01 1.465110e-02 -2.985829e-01 1.010844e-02 -1.463106e-02 9.998420e-01 -2.232466e+01
9.999257e-01 -1.935623e-03 1.203205e-02 2.501675e+01 2.097477e-03 9.999073e-01 -1.345360e-02 -2.969852e-01 -1.200492e-02 1.347785e-02 9.998370e-01 -2.221413e+01
9.999492e-01 2.016558e-03 -9.872859e-03 2.483312e+01 -1.872726e-03 9.998923e-01 1.455636e-02 -2.945087e-01 9.901179e-03 -1.453715e-02 9.998454e-01 -2.211257e+01
9.999254e-01 -1.984243e-03 1.205361e-02 2.463161e+01 2.146765e-03 9.999068e-01 -1.348506e-02 -2.910479e-01 -1.202576e-02 1.350995e-02 9.998363e-01 -2.203151e+01
9.999393e-01 1.880000e-03 -1.086119e-02 2.452306e+01 -1.722793e-03 9.998939e-01 1.446569e-02 -2.905264e-01 1.088727e-02 -1.444612e-02 9.998365e-01 -2.194775e+01
9.999173e-01 -1.848680e-03 1.272549e-02 2.435787e+01 2.020023e-03 9.999073e-01 -1.346465e-02 -2.884003e-01 -1.269944e-02 1.348926e-02 9.998283e-01 -2.185294e+01
9.999238e-01 1.810896e-03 -1.221387e-02 2.428669e+01 -1.634680e-03 9.998947e-01 1.442230e-02 -2.896658e-01 1.223873e-02 -1.440125e-02 9.998215e-01 -2.172211e+01
9.999305e-01 -2.055594e-03 1.160694e-02 2.431320e+01 2.212584e-03 9.999060e-01 -1.352858e-02 -2.938841e-01 -1.157807e-02 1.355334e-02 9.998410e-01 -2.159382e+01
9.999373e-01 2.009784e-03 -1.101261e-02 2.424612e+01 -1.850618e-03 9.998940e-01 1.444449e-02 -2.957137e-01 1.104050e-02 -1.442323e-02 9.998351e-01 -2.143420e+01
9.999149e-01 -1.846467e-03 1.291268e-02 2.404708e+01 2.020087e-03 9.999076e-01 -1.344537e-02 -2.928598e-01 -1.288669e-02 1.347033e-02 9.998261e-01 -2.131575e+01
9.999459e-01 2.222156e-03 -1.016468e-02 2.377856e+01 -2.073477e-03 9.998911e-01 1.461450e-02 -2.880224e-01 1.019607e-02 -1.459265e-02 9.998416e-01 -2.119378e+01
9.999317e-01 -2.122240e-03 1.149629e-02 2.362615e+01 2.278185e-03 9.999053e-01 -1.356842e-02 -2.869520e-01 -1.146643e-02 1.359370e-02 9.998418e-01 -2.105180e+01
9.999377e-01 2.483527e-03 -1.088140e-02 2.352928e+01 -2.322769e-03 9.998883e-01 1.476168e-02 -2.887250e-01 1.091688e-02 -1.473551e-02 9.998319e-01 -2.085465e+01
9.999263e-01 -1.965036e-03 1.197834e-02 2.330779e+01 2.127807e-03 9.999054e-01 -1.359092e-02 -2.869219e-01 -1.195052e-02 1.361542e-02 9.998358e-01 -2.061595e+01
9.999438e-01 2.479982e-03 -1.031047e-02 2.309850e+01 -2.327814e-03 9.998886e-01 1.474473e-02 -2.854287e-01 1.034592e-02 -1.471992e-02 9.998382e-01 -2.038204e+01
9.999287e-01 -2.113136e-03 1.175052e-02 2.292758e+01 2.273924e-03 9.999037e-01 -1.368673e-02 -2.851124e-01 -1.172049e-02 1.371249e-02 9.998372e-01 -2.015324e+01
9.999332e-01 2.380393e-03 -1.131139e-02 2.282915e+01 -2.213768e-03 9.998892e-01 1.472070e-02 -2.872169e-01 1.134520e-02 -1.469470e-02 9.998278e-01 -1.991902e+01
9.999425e-01 -2.452328e-03 1.043630e-02 2.285925e+01 2.597674e-03 9.998995e-01 -1.393597e-02 -2.929826e-01 -1.040111e-02 1.396230e-02 9.998483e-01 -1.971729e+01
9.999279e-01 2.539824e-03 -1.174006e-02 2.290448e+01 -2.366521e-03 9.998884e-01 1.475236e-02 -2.998979e-01 1.177624e-02 -1.472354e-02 9.998224e-01 -1.947204e+01
9.999427e-01 -2.451399e-03 1.042059e-02 2.296138e+01 2.598282e-03 9.998971e-01 -1.410501e-02 -3.083572e-01 -1.038497e-02 1.413130e-02 9.998461e-01 -1.917535e+01
9.999479e-01 3.141260e-03 -9.711659e-03 2.279692e+01 -2.993108e-03 9.998795e-01 1.523242e-02 -3.096245e-01 9.758367e-03 -1.520258e-02 9.998369e-01 -1.885663e+01
9.999419e-01 -2.396839e-03 1.050487e-02 2.263010e+01 2.545118e-03 9.998970e-01 -1.412433e-02 -3.107962e-01 -1.046996e-02 1.415027e-02 9.998450e-01 -1.851955e+01
9.999429e-01 3.019627e-03 -1.025518e-02 2.251821e+01 -2.866692e-03 9.998850e-01 1.489524e-02 -3.140963e-01 1.029901e-02 -1.486501e-02 9.998366e-01 -1.816898e+01
9.999393e-01 -2.535934e-03 1.071975e-02 2.239432e+01 2.686237e-03 9.998980e-01 -1.402976e-02 -3.164489e-01 -1.068311e-02 1.405773e-02 9.998440e-01 -1.785727e+01
9.999357e-01 3.064188e-03 -1.092236e-02 2.231416e+01 -2.901167e-03 9.998846e-01 1.491038e-02 -3.203018e-01 1.096681e-02 -1.487775e-02 9.998293e-01 -1.754301e+01
9.999334e-01 -2.399967e-03 1.129207e-02 2.220074e+01 2.558272e-03 9.998984e-01 -1.402526e-02 -3.237940e-01 -1.125729e-02 1.405323e-02 9.998378e-01 -1.718126e+01
9.999281e-01 3.132458e-03 -1.157874e-02 2.209702e+01 -2.961434e-03 9.998867e-01 1.475852e-02 -3.275963e-01 1.162369e-02 -1.472319e-02 9.998241e-01 -1.680960e+01
9.999324e-01 -2.499841e-03 1.135371e-02 2.201629e+01 2.660027e-03 9.998968e-01 -1.411528e-02 -3.321895e-01 -1.131728e-02 1.414455e-02 9.998358e-01 -1.644821e+01
9.999268e-01 3.133334e-03 -1.168311e-02 2.195107e+01 -2.960889e-03 9.998869e-01 1.474857e-02 -3.373820e-01 1.172803e-02 -1.471292e-02 9.998231e-01 -1.607488e+01
9.999337e-01 -2.311114e-03 1.128343e-02 2.185119e+01 2.469828e-03 9.998979e-01 -1.407213e-02 -3.418566e-01 -1.124979e-02 1.409909e-02 9.998372e-01 -1.567224e+01
9.999345e-01 3.242650e-03 -1.097358e-02 2.170353e+01 -3.078307e-03 9.998834e-01 1.496033e-02 -3.447973e-01 1.102084e-02 -1.492560e-02 9.998280e-01 -1.527039e+01
9.999198e-01 -2.270762e-03 1.246259e-02 2.146599e+01 2.441173e-03 9.999035e-01 -1.367539e-02 -3.445026e-01 -1.243037e-02 1.370474e-02 9.998287e-01 -1.490945e+01
9.999388e-01 2.386700e-03 -1.080050e-02 2.130930e+01 -2.229765e-03 9.998921e-01 1.451940e-02 -3.442948e-01 1.083402e-02 -1.449445e-02 9.998364e-01 -1.468484e+01
9.999270e-01 -2.700890e-03 1.177888e-02 2.128458e+01 2.861896e-03 9.999024e-01 -1.367341e-02 -3.460933e-01 -1.174083e-02 1.370614e-02 9.998370e-01 -1.460115e+01
9.999455e-01 2.498562e-03 -1.013435e-02 2.119068e+01 -2.351048e-03 9.998915e-01 1.454200e-02 -3.456939e-01 1.016961e-02 -1.451741e-02 9.998430e-01 -1.451657e+01
9.999258e-01 -2.630753e-03 1.189370e-02 2.108664e+01 2.793618e-03 9.999023e-01 -1.369729e-02 -3.451436e-01 -1.185653e-02 1.372952e-02 9.998354e-01 -1.442136e+01
9.999462e-01 2.700519e-03 -1.001246e-02 2.090538e+01 -2.553883e-03 9.998897e-01 1.462954e-02 -3.424196e-01 1.005089e-02 -1.460321e-02 9.998429e-01 -1.431938e+01
9.999317e-01 -2.813189e-03 1.134196e-02 2.079050e+01 2.968029e-03 9.999023e-01 -1.365803e-02 -3.414449e-01 -1.130245e-02 1.369079e-02 9.998423e-01 -1.423507e+01
9.999324e-01 2.610245e-03 -1.132968e-02 2.079882e+01 -2.444300e-03 9.998899e-01 1.463641e-02 -3.441167e-01 1.136666e-02 -1.460775e-02 9.998288e-01 -1.414734e+01
9.999183e-01 -2.681864e-03 1.249498e-02 2.070201e+01 2.854625e-03 9.999003e-01 -1.382892e-02 -3.442494e-01 -1.245667e-02 1.386348e-02 9.998262e-01 -1.401486e+01
9.999367e-01 2.649491e-03 -1.093590e-02 2.059493e+01 -2.489178e-03 9.998896e-01 1.464720e-02 -3.437891e-01 1.097353e-02 -1.461907e-02 9.998330e-01 -1.389367e+01
9.999067e-01 -2.616755e-03 1.341010e-02 2.040086e+01 2.801469e-03 9.999012e-01 -1.377375e-02 -3.405671e-01 -1.337276e-02 1.381006e-02 9.998151e-01 -1.379172e+01
9.999288e-01 2.550652e-03 -1.165722e-02 2.026271e+01 -2.379393e-03 9.998894e-01 1.468186e-02 -3.390270e-01 1.169341e-02 -1.465310e-02 9.998244e-01 -1.370062e+01
9.999004e-01 -2.720749e-03 1.384637e-02 2.014311e+01 2.910950e-03 9.999014e-01 -1.373470e-02 -3.379696e-01 -1.380766e-02 1.377366e-02 9.998097e-01 -1.362533e+01
9.999058e-01 2.739081e-03 -1.344795e-02 2.013145e+01 -2.537514e-03 9.998845e-01 1.498320e-02 -3.391946e-01 1.348746e-02 -1.494768e-02 9.997974e-01 -1.358550e+01
9.999091e-01 -2.910935e-03 1.316852e-02 2.019817e+01 3.092767e-03 9.998999e-01 -1.380864e-02 -3.418804e-01 -1.312703e-02 1.384813e-02 9.998178e-01 -1.355958e+01
9.999277e-01 2.663971e-03 -1.172663e-02 2.016067e+01 -2.492283e-03 9.998898e-01 1.463144e-02 -3.434534e-01 1.176434e-02 -1.460118e-02 9.998243e-01 -1.346328e+01
9.999221e-01 -2.871434e-03 1.214280e-02 2.013940e+01 3.037988e-03 9.999013e-01 -1.371987e-02 -3.455683e-01 -1.210223e-02 1.375571e-02 9.998320e-01 -1.336308e+01
9.999215e-01 2.564245e-03 -1.226484e-02 2.018592e+01 -2.384628e-03 9.998900e-01 1.463735e-02 -3.493001e-01 1.230105e-02 -1.460698e-02 9.998177e-01 -1.328242e+01
9.998903e-01 -2.511970e-03 1.459710e-02 2.007958e+01 2.711222e-03 9.999032e-01 -1.364610e-02 -3.496715e-01 -1.456143e-02 1.368420e-02 9.998002e-01 -1.315483e+01
9.998968e-01 2.364733e-03 -1.417352e-02 2.006268e+01 -2.158363e-03 9.998917e-01 1.455807e-02 -3.524163e-01 1.420644e-02 -1.452600e-02 9.997937e-01 -1.301776e+01
9.999263e-01 -2.602928e-03 1.186130e-02 2.020417e+01 2.764314e-03 9.999036e-01 -1.360976e-02 -3.572372e-01 -1.182475e-02 1.364157e-02 9.998369e-01 -1.299535e+01
9.998818e-01 2.379818e-03 -1.519241e-02 2.040655e+01 -2.155694e-03 9.998889e-01 1.475190e-02 -3.619100e-01 1.522585e-02 -1.471743e-02 9.997759e-01 -1.304765e+01
9.999475e-01 -2.628005e-03 9.906424e-03 2.073372e+01 2.753994e-03 9.999152e-01 -1.272543e-02 -3.672944e-01 -9.872169e-03 1.275207e-02 9.998699e-01 -1.321342e+01
9.999445e-01 2.382863e-03 -1.026588e-02 2.081387e+01 -2.238360e-03 9.998986e-01 1.406496e-02 -3.709297e-01 1.029838e-02 -1.404122e-02 9.998485e-01 -1.316939e+01
9.999155e-01 -2.232640e-03 1.280767e-02 2.063109e+01 2.400199e-03 9.999115e-01 -1.308197e-02 -3.684199e-01 -1.277736e-02 1.311163e-02 9.998323e-01 -1.305792e+01
9.999487e-01 2.518924e-03 -9.813880e-03 2.039380e+01 -2.380010e-03 9.998972e-01 1.414115e-02 -3.643668e-01 9.848518e-03 -1.411709e-02 9.998519e-01 -1.295125e+01
9.999034e-01 -2.039158e-03 1.374621e-02 2.004676e+01 2.216022e-03 9.999148e-01 -1.286315e-02 -3.569485e-01 -1.371883e-02 1.289239e-02 9.998227e-01 -1.285707e+01
9.999450e-01 2.271615e-03 -1.024319e-02 1.978632e+01 -2.126804e-03 9.998980e-01 1.412633e-02 -3.516772e-01 1.027426e-02 -1.410379e-02 9.998478e-01 -1.278484e+01
9.999180e-01 -2.359616e-03 1.258411e-02 1.964195e+01 2.522943e-03 9.999126e-01 -1.297850e-02 -3.498458e-01 -1.255241e-02 1.300921e-02 9.998365e-01 -1.272463e+01
9.999219e-01 2.517264e-03 -1.224427e-02 1.963890e+01 -2.342926e-03 9.998960e-01 1.423211e-02 -3.522505e-01 1.227884e-02 -1.420233e-02 9.998238e-01 -1.265282e+01
9.999557e-01 -2.788191e-03 8.991615e-03 1.985173e+01 2.904168e-03 9.999124e-01 -1.291078e-02 -3.568334e-01 -8.954855e-03 1.293635e-02 9.998761e-01 -1.274304e+01
9.998827e-01 3.084450e-03 -1.500397e-02 2.029959e+01 -2.847081e-03 9.998709e-01 1.581629e-02 -3.598227e-01 1.505084e-02 -1.577175e-02 9.997624e-01 -1.320966e+01
9.999521e-01 -3.104910e-03 9.278374e-03 2.068618e+01 3.228641e-03 9.999057e-01 -1.334998e-02 -3.636307e-01 -9.236076e-03 1.337932e-02 9.998677e-01 -1.351131e+01
9.999702e-01 3.028409e-03 -7.097829e-03 2.057025e+01 -2.925918e-03 9.998919e-01 1.440642e-02 -3.634085e-01 7.140718e-03 -1.438525e-02 9.998711e-01 -1.340758e+01
9.999594e-01 -3.218351e-03 8.413784e-03 2.052702e+01 3.330059e-03 9.999061e-01 -1.329619e-02 -3.640664e-01 -8.370228e-03 1.332369e-02 9.998761e-01 -1.335976e+01
9.999569e-01 3.310838e-03 -8.677125e-03 2.055470e+01 -3.184696e-03 9.998896e-01 1.451142e-02 -3.657840e-01 8.724239e-03 -1.448318e-02 9.998571e-01 -1.334861e+01
9.999630e-01 -3.389579e-03 7.902919e-03 2.064499e+01 3.493778e-03 9.999067e-01 -1.320817e-02 -3.685184e-01 -7.857438e-03 1.323532e-02 9.998814e-01 -1.336106e+01
9.999818e-01 3.427972e-03 -4.966656e-03 2.047167e+01 -3.356621e-03 9.998921e-01 1.430453e-02 -3.662247e-01 5.015182e-03 -1.428762e-02 9.998854e-01 -1.328672e+01
9.999603e-01 -3.248397e-03 8.294725e-03 2.027192e+01 3.356726e-03 9.999088e-01 -1.307918e-02 -3.640810e-01 -8.251508e-03 1.310653e-02 9.998800e-01 -1.315430e+01
9.999768e-01 3.526470e-03 -5.834787e-03 2.010411e+01 -3.443413e-03 9.998935e-01 1.418458e-02 -3.635100e-01 5.884213e-03 -1.416419e-02 9.998825e-01 -1.295976e+01
9.999753e-01 -3.931962e-03 5.827397e-03 2.009667e+01 4.010481e-03 9.999005e-01 -1.352369e-02 -3.668418e-01 -5.773669e-03 1.354676e-02 9.998915e-01 -1.283558e+01
9.999616e-01 3.794113e-03 -7.894167e-03 2.023186e+01 -3.677831e-03 9.998853e-01 1.469321e-02 -3.710208e-01 7.949035e-03 -1.466364e-02 9.998610e-01 -1.283743e+01
9.999760e-01 -3.953319e-03 5.696845e-03 2.038239e+01 4.031029e-03 9.998981e-01 -1.369400e-02 -3.752011e-01 -5.642154e-03 1.371666e-02 9.998899e-01 -1.285390e+01
9.999513e-01 3.805647e-03 -9.108955e-03 2.057100e+01 -3.668319e-03 9.998801e-01 1.504604e-02 -3.803637e-01 9.165149e-03 -1.501192e-02 9.998454e-01 -1.286335e+01
9.999651e-01 -3.904967e-03 7.386781e-03 2.068424e+01 4.006631e-03 9.998968e-01 -1.379799e-02 -3.846377e-01 -7.332165e-03 1.382713e-02 9.998774e-01 -1.284046e+01
9.999584e-01 3.641771e-03 -8.358948e-03 2.077183e+01 -3.515774e-03 9.998807e-01 1.503921e-02 -3.881543e-01 8.412747e-03 -1.500922e-02 9.998521e-01 -1.281864e+01
9.999670e-01 -3.900361e-03 7.123440e-03 2.089171e+01 3.997240e-03 9.998990e-01 -1.363625e-02 -3.912195e-01 -7.069561e-03 1.366430e-02 9.998816e-01 -1.284635e+01
9.999397e-01 3.522453e-03 -1.040233e-02 2.111696e+01 -3.361705e-03 9.998753e-01 1.543067e-02 -3.945964e-01 1.045542e-02 -1.539480e-02 9.998269e-01 -1.298397e+01
9.999819e-01 -4.020748e-03 4.485743e-03 2.150166e+01 4.078892e-03 9.999068e-01 -1.302822e-02 -3.988357e-01 -4.432970e-03 1.304631e-02 9.999050e-01 -1.326628e+01
9.999570e-01 3.626129e-03 -8.532045e-03 2.176129e+01 -3.501150e-03 9.998870e-01 1.461819e-02 -4.038421e-01 8.584116e-03 -1.458772e-02 9.998568e-01 -1.335387e+01
9.999844e-01 -3.796026e-03 4.104632e-03 2.200768e+01 3.850496e-03 9.999036e-01 -1.334378e-02 -4.091431e-01 -4.053612e-03 1.335940e-02 9.999024e-01 -1.343079e+01
9.999502e-01 3.440706e-03 -9.363833e-03 2.230671e+01 -3.298962e-03 9.998804e-01 1.511132e-02 -4.151461e-01 9.414735e-03 -1.507970e-02 9.998421e-01 -1.352497e+01
9.999850e-01 -3.630867e-03 4.111903e-03 2.259835e+01 3.685006e-03 9.999056e-01 -1.323524e-02 -4.208640e-01 -4.063489e-03 1.325022e-02 9.999039e-01 -1.362663e+01
9.999781e-01 3.495863e-03 -5.622304e-03 2.269428e+01 -3.413338e-03 9.998873e-01 1.462212e-02 -4.259397e-01 5.672817e-03 -1.460263e-02 9.998774e-01 -1.353715e+01
9.999788e-01 -3.726278e-03 5.338388e-03 2.268049e+01 3.799497e-03 9.998980e-01 -1.377077e-02 -4.296668e-01 -5.286559e-03 1.379079e-02 9.998908e-01 -1.337903e+01
9.999828e-01 3.637398e-03 -4.606201e-03 2.264210e+01 -3.569283e-03 9.998854e-01 1.471139e-02 -4.325438e-01 4.659214e-03 -1.469472e-02 9.998813e-01 -1.323389e+01
9.999810e-01 -3.791570e-03 4.869332e-03 2.258751e+01 3.857879e-03 9.998990e-01 -1.368036e-02 -4.347177e-01 -4.816999e-03 1.369891e-02 9.998945e-01 -1.308787e+01
9.999628e-01 3.568000e-03 -7.854499e-03 2.273623e+01 -3.451710e-03 9.998850e-01 1.477012e-02 -4.407522e-01 7.906325e-03 -1.474249e-02 9.998602e-01 -1.302853e+01
9.999823e-01 -3.752184e-03 4.606325e-03 2.290532e+01 3.814464e-03 9.999004e-01 -1.358610e-02 -4.476259e-01 -4.554919e-03 1.360345e-02 9.998970e-01 -1.295538e+01
9.999823e-01 3.466851e-03 -4.844150e-03 2.293813e+01 -3.396784e-03 9.998906e-01 1.439922e-02 -4.523494e-01 4.893570e-03 -1.438254e-02 9.998847e-01 -1.280356e+01
9.999744e-01 -3.718734e-03 6.108156e-03 2.287031e+01 3.801296e-03 9.999008e-01 -1.356040e-02 -4.542102e-01 -6.057153e-03 1.358330e-02 9.998893e-01 -1.265659e+01
9.999670e-01 3.434972e-03 -7.367415e-03 2.298281e+01 -3.326621e-03 9.998869e-01 1.466959e-02 -4.586343e-01 7.417002e-03 -1.464463e-02 9.998653e-01 -1.261963e+01
9.999741e-01 -3.615871e-03 6.220111e-03 2.307073e+01 3.699960e-03 9.999012e-01 -1.356015e-02 -4.628811e-01 -6.170495e-03 1.358285e-02 9.998886e-01 -1.257520e+01
9.999790e-01 3.398833e-03 -5.513571e-03 2.304784e+01 -3.317545e-03 9.998866e-01 1.468680e-02 -4.649840e-01 5.562894e-03 -1.466823e-02 9.998770e-01 -1.249332e+01
9.999746e-01 -3.581461e-03 6.159659e-03 2.303670e+01 3.664619e-03 9.999016e-01 -1.354175e-02 -4.673825e-01 -6.110584e-03 1.356401e-02 9.998892e-01 -1.241202e+01
9.999717e-01 3.449005e-03 -6.684101e-03 2.309092e+01 -3.350273e-03 9.998859e-01 1.472703e-02 -4.709365e-01 6.734163e-03 -1.470425e-02 9.998693e-01 -1.236304e+01
9.999871e-01 -3.506314e-03 3.665912e-03 2.326895e+01 3.554778e-03 9.999053e-01 -1.329704e-02 -4.756857e-01 -3.618971e-03 1.330993e-02 9.999048e-01 -1.240201e+01
9.999736e-01 3.474128e-03 -6.386793e-03 2.342880e+01 -3.377920e-03 9.998816e-01 1.501389e-02 -4.811287e-01 6.438228e-03 -1.499194e-02 9.998670e-01 -1.238530e+01
9.999706e-01 -3.606339e-03 6.772073e-03 2.342081e+01 3.700544e-03 9.998959e-01 -1.394945e-02 -4.837335e-01 -6.721092e-03 1.397413e-02 9.998797e-01 -1.229610e+01
9.999492e-01 3.498562e-03 -9.454828e-03 2.357521e+01 -3.354572e-03 9.998788e-01 1.520288e-02 -4.882008e-01 9.506901e-03 -1.517042e-02 9.998398e-01 -1.231240e+01
9.999419e-01 -3.534726e-03 1.018536e-02 2.358092e+01 3.678770e-03 9.998930e-01 -1.415799e-02 -4.908659e-01 -1.013426e-02 1.419467e-02 9.998478e-01 -1.223403e+01
9.999423e-01 3.477457e-03 -1.016379e-02 2.359748e+01 -3.321604e-03 9.998773e-01 1.531140e-02 -4.937436e-01 1.021582e-02 -1.527678e-02 9.998312e-01 -1.216067e+01
9.999313e-01 -3.515468e-03 1.117915e-02 2.354015e+01 3.673106e-03 9.998937e-01 -1.411155e-02 -4.946358e-01 -1.112838e-02 1.415167e-02 9.998378e-01 -1.209720e+01
9.999366e-01 3.872873e-03 -1.057665e-02 2.352040e+01 -3.706884e-03 9.998704e-01 1.566908e-02 -4.955480e-01 1.063600e-02 -1.562891e-02 9.998214e-01 -1.207634e+01
9.999497e-01 -3.991637e-03 9.198563e-03 2.360331e+01 4.125892e-03 9.998846e-01 -1.462225e-02 -4.995714e-01 -9.139165e-03 1.465949e-02 9.998507e-01 -1.202663e+01
9.999325e-01 3.880175e-03 -1.095474e-02 2.371029e+01 -3.706543e-03 9.998679e-01 1.582636e-02 -5.048637e-01 1.101473e-02 -1.578471e-02 9.998148e-01 -1.194921e+01
9.999530e-01 -4.015284e-03 8.828224e-03 2.384748e+01 4.143243e-03 9.998859e-01 -1.452349e-02 -5.109273e-01 -8.768933e-03 1.455941e-02 9.998555e-01 -1.186616e+01
9.999375e-01 3.721630e-03 -1.054635e-02 2.398222e+01 -3.554148e-03 9.998680e-01 1.585552e-02 -5.155860e-01 1.060400e-02 -1.581708e-02 9.998188e-01 -1.185592e+01
9.999705e-01 -3.904409e-03 6.618883e-03 2.420943e+01 4.000383e-03 9.998862e-01 -1.454852e-02 -5.217905e-01 -6.561358e-03 1.457460e-02 9.998722e-01 -1.186222e+01
9.999323e-01 3.692374e-03 -1.103752e-02 2.444774e+01 -3.512652e-03 9.998617e-01 1.625858e-02 -5.275424e-01 1.109606e-02 -1.621874e-02 9.998070e-01 -1.192011e+01
9.999769e-01 -3.915011e-03 5.562139e-03 2.476965e+01 3.994835e-03 9.998882e-01 -1.441251e-02 -5.335204e-01 -5.505124e-03 1.443442e-02 9.998806e-01 -1.203239e+01
9.999517e-01 3.803849e-03 -9.067066e-03 2.495417e+01 -3.658240e-03 9.998649e-01 1.602253e-02 -5.393456e-01 9.126822e-03 -1.598861e-02 9.998306e-01 -1.202442e+01
9.999824e-01 -3.956524e-03 4.409139e-03 2.518297e+01 4.020231e-03 9.998863e-01 -1.453367e-02 -5.458945e-01 -4.351169e-03 1.455117e-02 9.998846e-01 -1.203456e+01
9.999592e-01 3.755325e-03 -8.221066e-03 2.538502e+01 -3.622726e-03 9.998641e-01 1.608571e-02 -5.521999e-01 8.280390e-03 -1.605531e-02 9.998369e-01 -1.199963e+01
9.999546e-01 -3.927089e-03 8.679488e-03 2.535389e+01 4.060108e-03 9.998738e-01 -1.536094e-02 -5.549863e-01 -8.618103e-03 1.539551e-02 9.998442e-01 -1.184315e+01
9.999636e-01 3.781464e-03 -7.646045e-03 2.525191e+01 -3.657979e-03 9.998637e-01 1.610089e-02 -5.554708e-01 7.705922e-03 -1.607236e-02 9.998412e-01 -1.167163e+01
9.999752e-01 -4.130719e-03 5.711388e-03 2.534161e+01 4.218206e-03 9.998727e-01 -1.539071e-02 -5.599782e-01 -5.647120e-03 1.541445e-02 9.998651e-01 -1.160767e+01
9.999413e-01 3.882993e-03 -1.011977e-02 2.562698e+01 -3.710272e-03 9.998481e-01 1.703142e-02 -5.650633e-01 1.018440e-02 -1.699291e-02 9.998038e-01 -1.174625e+01
9.999945e-01 -2.938140e-03 -1.522879e-03 2.621309e+01 2.919422e-03 9.999219e-01 -1.215488e-02 -5.597031e-01 1.558437e-03 1.215040e-02 9.999249e-01 -1.290729e+01
9.998585e-01 3.723968e-03 -1.640264e-02 2.716568e+01 -3.406678e-03 9.998074e-01 1.932986e-02 -5.540063e-01 1.647150e-02 -1.927128e-02 9.996787e-01 -1.444022e+01
9.999900e-01 -2.360290e-03 3.800939e-03 2.778507e+01 2.412572e-03 9.999018e-01 -1.380802e-02 -5.479279e-01 -3.768013e-03 1.381708e-02 9.998973e-01 -1.569649e+01
9.998781e-01 2.620962e-03 -1.539055e-02 2.842625e+01 -2.336791e-03 9.998270e-01 1.845346e-02 -5.459664e-01 1.543629e-02 -1.841528e-02 9.997114e-01 -1.659737e+01
9.999118e-01 -2.569380e-03 1.302833e-02 2.854894e+01 2.790734e-03 9.998516e-01 -1.700000e-02 -5.521609e-01 -1.298276e-02 1.703489e-02 9.997705e-01 -1.649933e+01
9.998764e-01 2.561576e-03 -1.551526e-02 2.867146e+01 -2.283069e-03 9.998364e-01 1.794215e-02 -5.596100e-01 1.555872e-02 -1.790454e-02 9.997187e-01 -1.634275e+01
9.998923e-01 -2.539851e-03 1.445654e-02 2.875047e+01 2.783069e-03 9.998545e-01 -1.682838e-02 -5.662570e-01 -1.441173e-02 1.686683e-02 9.997538e-01 -1.615427e+01
9.998810e-01 2.577105e-03 -1.521277e-02 2.878483e+01 -2.308392e-03 9.998415e-01 1.765525e-02 -5.717300e-01 1.525590e-02 -1.761807e-02 9.997285e-01 -1.595587e+01
9.998777e-01 -2.495662e-03 1.544062e-02 2.873611e+01 2.753495e-03 9.998568e-01 -1.669923e-02 -5.744482e-01 -1.539677e-02 1.673973e-02 9.997412e-01 -1.578591e+01
9.998452e-01 2.353504e-03 -1.743850e-02 2.887627e+01 -2.050020e-03 9.998465e-01 1.740102e-02 -5.801533e-01 1.747681e-02 -1.736261e-02 9.996966e-01 -1.573925e+01
9.999113e-01 -2.135209e-03 1.314436e-02 2.909630e+01 2.343633e-03 9.998715e-01 -1.586106e-02 -5.874003e-01 -1.310884e-02 1.589050e-02 9.997877e-01 -1.571229e+01
9.997715e-01 2.184029e-03 -2.126290e-02 2.948163e+01 -1.810179e-03 9.998437e-01 1.758598e-02 -5.970333e-01 2.129803e-02 -1.754351e-02 9.996193e-01 -1.578645e+01
9.998814e-01 -2.066624e-03 1.525949e-02 2.980609e+01 2.311412e-03 9.998687e-01 -1.604100e-02 -6.071367e-01 -1.522437e-02 1.607440e-02 9.997548e-01 -1.573827e+01
9.997387e-01 2.007540e-03 -2.276863e-02 3.018051e+01 -1.606776e-03 9.998437e-01 1.760653e-02 -6.158461e-01 2.280045e-02 -1.756538e-02 9.995858e-01 -1.582252e+01
9.999034e-01 -2.195794e-03 1.372245e-02 3.064267e+01 2.405841e-03 9.998799e-01 -1.530845e-02 -6.246938e-01 -1.368723e-02 1.534002e-02 9.997886e-01 -1.597490e+01
9.997780e-01 1.732609e-03 -2.100096e-02 3.108204e+01 -1.373445e-03 9.998528e-01 1.710502e-02 -6.331860e-01 2.102754e-02 -1.707241e-02 9.996332e-01 -1.613653e+01
9.999103e-01 -2.194048e-03 1.321546e-02 3.154443e+01 2.390097e-03 9.998871e-01 -1.483670e-02 -6.407059e-01 -1.318146e-02 1.486699e-02 9.998025e-01 -1.636106e+01
9.997704e-01 1.980852e-03 -2.133769e-02 3.195963e+01 -1.614542e-03 9.998513e-01 1.717118e-02 -6.496544e-01 2.136858e-02 -1.713282e-02 9.996249e-01 -1.646304e+01
9.998846e-01 -2.236645e-03 1.502538e-02 3.232248e+01 2.475311e-03 9.998708e-01 -1.588380e-02 -6.574323e-01 -1.498796e-02 1.591920e-02 9.997609e-01 -1.658108e+01
