1.000000e+00 1.197625e-11 1.704638e-10 5.551115e-17 1.197625e-11 1.000000e+00 3.562503e-10 0.000000e+00 1.704638e-10 3.562503e-10 1.000000e+00 2.220446e-16 0.000000e+00 0.000000e+00 0.000000e+00 1.000000e+00
9.409189e-01 7.758969e-02 -3.296233e-01 1.032105e-02 -5.216221e-02 9.949880e-01 8.531072e-02 -6.081092e-03 3.345905e-01 -6.307659e-02 9.402503e-01 2.875804e-01
9.364682e-01 -9.027986e-02 3.389349e-01 -7.321916e-03 1.060565e-01 9.939579e-01 -2.827738e-02 -1.202310e-02 -3.343341e-01 6.242713e-02 9.403848e-01 3.990803e-01
9.969861e-01 7.136728e-02 3.042134e-02 3.821719e-02 -7.187389e-02 9.972870e-01 1.589668e-02 -1.324248e-02 -2.920430e-02 -1.803527e-02 9.994107e-01 2.225273e-01
8.773913e-01 -1.190466e-01 4.647713e-01 9.614658e-02 1.328311e-01 9.911338e-01 3.111741e-03 -1.298988e-02 -4.610210e-01 5.900586e-02 8.854253e-01 -2.179357e-02
9.447266e-01 1.366713e-02 3.275743e-01 2.139045e-01 1.643977e-02 9.958992e-01 -8.896355e-02 -7.780907e-03 -3.274468e-01 8.943148e-02 9.406278e-01 -4.634412e-01
9.833750e-01 -1.686739e-03 -1.815786e-01 2.497549e-01 2.419180e-02 9.922600e-01 1.217981e-01 -8.637978e-03 1.799677e-01 -1.241659e-01 9.758045e-01 -5.673017e-01
9.985914e-01 1.721898e-02 5.018624e-02 2.345604e-01 -1.524472e-02 9.991049e-01 -3.945949e-02 -1.668288e-02 -5.082077e-02 3.863883e-02 9.979601e-01 -2.875805e-01
9.815502e-01 2.158387e-02 -1.899826e-01 2.360211e-01 -1.148524e-03 9.942559e-01 1.070232e-01 -2.545807e-02 1.912013e-01 -1.048305e-01 9.759368e-01 2.562787e-02
9.992442e-01 3.511489e-02 -1.667048e-02 2.232300e-01 -3.509374e-02 9.993828e-01 1.559546e-03 -3.563091e-02 1.671495e-02 -9.733382e-04 9.998598e-01 4.679362e-01
9.806719e-01 1.635345e-02 -1.949749e-01 1.992337e-01 2.983895e-03 9.951351e-01 9.847479e-02 -4.543000e-02 1.956368e-01 -9.715324e-02 9.758522e-01 8.983659e-01
9.457149e-01 1.859805e-01 -2.665232e-01 1.149205e-01 -1.786601e-01 9.825526e-01 5.168079e-02 -5.602345e-02 2.714847e-01 -1.258229e-03 9.624419e-01 1.753576e+00
9.685867e-01 -5.399832e-03 -2.486173e-01 -3.911368e-02 3.495866e-02 9.927927e-01 1.146323e-01 -6.745817e-02 2.462065e-01 -1.197227e-01 9.617946e-01 2.702154e+00
9.963309e-01 8.052813e-02 2.898035e-02 -7.115245e-02 -8.068457e-02 9.967305e-01 4.268151e-03 -7.791354e-02 -2.854190e-02 -6.590759e-03 9.995709e-01 3.214881e+00
9.806909e-01 -4.122550e-02 -1.911697e-01 -9.125272e-02 5.773370e-02 9.949914e-01 8.160230e-02 -8.783175e-02 1.868481e-01 -9.106356e-02 9.781591e-01 3.617059e+00
9.957752e-01 9.175469e-02 3.592730e-03 -1.168392e-01 -9.176944e-02 9.957715e-01 4.183014e-03 -9.642338e-02 -3.193727e-03 -4.495045e-03 9.999848e-01 3.985352e+00
9.655332e-01 -8.791032e-03 -2.601313e-01 -1.398146e-01 3.353191e-02 9.953022e-01 9.082508e-02 -1.070610e-01 2.581108e-01 -9.641733e-02 9.612921e-01 4.502304e+00
9.965842e-01 5.737657e-02 5.939561e-02 -1.505477e-01 -5.838535e-02 9.981755e-01 1.538873e-02 -1.173768e-01 -5.840429e-02 -1.880400e-02 9.981159e-01 4.925476e+00
9.655947e-01 1.410590e-02 -2.596689e-01 -1.186313e-01 6.031503e-03 9.970444e-01 7.659059e-02 -1.282852e-01 2.599818e-01 -7.552166e-02 9.626557e-01 5.371607e+00
9.974867e-01 5.406445e-02 4.579619e-02 -1.129938e-01 -5.636443e-02 9.971315e-01 5.051534e-02 -1.399370e-01 -4.293374e-02 -5.296966e-02 9.976727e-01 5.893545e+00
9.768164e-01 1.564085e-03 -2.140731e-01 -1.419556e-01 5.371003e-03 9.994795e-01 3.181041e-02 -1.491878e-01 2.140114e-01 -3.222272e-02 9.762995e-01 6.306047e+00
9.924539e-01 8.402268e-02 -8.930492e-02 -2.318164e-01 -7.680642e-02 9.937189e-01 8.138509e-02 -1.577031e-01 9.558218e-02 -7.391176e-02 9.926737e-01 6.845279e+00
9.413668e-01 6.369177e-02 -3.313185e-01 -3.827805e-01 -6.523895e-02 9.978487e-01 6.461963e-03 -1.655616e-01 3.310173e-01 1.553180e-02 9.434968e-01 7.482724e+00
9.911396e-01 6.162127e-02 -1.176650e-01 -5.533134e-01 -5.000327e-02 9.938045e-01 9.925863e-02 -1.731082e-01 1.230525e-01 -9.249553e-02 9.880803e-01 8.147728e+00
9.071153e-01 1.524337e-01 -3.923083e-01 -7.293280e-01 -1.600243e-01 9.870208e-01 1.349623e-02 -1.816235e-01 3.892738e-01 5.053624e-02 9.197348e-01 8.949415e+00
9.949735e-01 -2.969978e-02 -9.563298e-02 -8.360813e-01 4.215112e-02 9.904944e-01 1.309358e-01 -1.928788e-01 9.083516e-02 -1.343087e-01 9.867675e-01 9.786199e+00
9.297526e-01 1.966845e-01 -3.112479e-01 -8.404847e-01 -1.838410e-01 9.804323e-01 7.039157e-02 -2.068879e-01 3.190024e-01 -8.226626e-03 9.477182e-01 1.060702e+01
9.886102e-01 -1.476590e-01 -2.909634e-02 -8.726379e-01 1.494952e-01 9.857785e-01 7.675888e-02 -2.172159e-01 1.734841e-02 -8.023438e-02 9.966250e-01 1.116504e+01
9.061416e-01 2.507203e-01 -3.406564e-01 -9.404591e-01 -2.409646e-01 9.679035e-01 7.140630e-02 -2.248585e-01 3.476256e-01 1.738193e-02 9.374723e-01 1.163047e+01
9.874655e-01 -1.207166e-01 -1.016831e-01 -1.053699e+00 1.231138e-01 9.922362e-01 1.761616e-02 -2.335718e-01 9.876705e-02 -2.991394e-02 9.946609e-01 1.226215e+01
9.169216e-01 2.495235e-01 -3.114367e-01 -1.186274e+00 -2.139854e-01 9.661535e-01 1.440749e-01 -2.417660e-01 3.368458e-01 -6.546250e-02 9.392814e-01 1.288617e+01
9.895996e-01 -7.734592e-02 -1.212860e-01 -1.298733e+00 7.151545e-02 9.960979e-01 -5.171616e-02 -2.510833e-01 1.248127e-01 4.250447e-02 9.912695e-01 1.356102e+01
9.408582e-01 1.875506e-01 -2.821536e-01 -1.417706e+00 -1.347300e-01 9.712381e-01 1.963273e-01 -2.598673e-01 3.108596e-01 -1.467016e-01 9.390660e-01 1.418228e+01
9.964043e-01 -8.014136e-02 -2.749295e-02 -1.484719e+00 7.749230e-02 9.932151e-01 -8.671101e-02 -2.684859e-01 3.425555e-02 8.426873e-02 9.958541e-01 1.467303e+01
9.516732e-01 1.528033e-01 -2.664007e-01 -1.512436e+00 -9.549440e-02 9.716687e-01 2.161959e-01 -2.778027e-01 2.918887e-01 -1.803081e-01 9.393029e-01 1.513470e+01
9.980215e-01 -5.769168e-02 -2.499486e-02 -1.583258e+00 5.478340e-02 9.930090e-01 -1.045557e-01 -2.868245e-01 3.085211e-02 1.029795e-01 9.942049e-01 1.561490e+01
9.639545e-01 1.128578e-01 -2.409457e-01 -1.624456e+00 -6.604848e-02 9.787369e-01 1.941949e-01 -2.948147e-01 2.577388e-01 -1.712809e-01 9.509120e-01 1.597933e+01
9.988946e-01 -4.363585e-02 -1.748089e-02 -1.657867e+00 4.178505e-02 9.945970e-01 -9.503095e-02 -3.037314e-01 2.153319e-02 9.419546e-02 9.953208e-01 1.636599e+01
9.640661e-01 1.029249e-01 -2.449143e-01 -1.679865e+00 -5.492726e-02 9.792048e-01 1.952972e-01 -3.128092e-01 2.599222e-01 -1.748270e-01 9.496715e-01 1.678249e+01
9.983837e-01 -2.792539e-02 4.949939e-02 -1.732871e+00 3.380261e-02 9.919320e-01 -1.221811e-01 -3.210297e-01 -4.568807e-02 1.236568e-01 9.912727e-01 1.713839e+01
9.336462e-01 1.210084e-01 -3.371377e-01 -1.807263e+00 -5.278014e-02 9.774102e-01 2.046548e-01 -3.288343e-01 3.542868e-01 -1.732810e-01 9.189421e-01 1.758706e+01
9.995702e-01 2.186181e-02 1.953216e-02 -1.857196e+00 -2.024939e-02 9.966493e-01 -7.924767e-02 -3.399064e-01 -2.119921e-02 7.881809e-02 9.966636e-01 1.820465e+01
9.370931e-01 7.905597e-02 -3.400097e-01 -1.923559e+00 -1.420021e-02 9.818450e-01 1.891528e-01 -3.495757e-01 3.487905e-01 -1.724256e-01 9.212028e-01 1.876909e+01
9.619554e-01 -2.837020e-02 2.717295e-01 -1.976634e+00 7.431789e-02 9.842615e-01 -1.603315e-01 -3.543193e-01 -2.629042e-01 1.744261e-01 9.489241e-01 1.890511e+01
9.816426e-01 7.463656e-02 -1.755196e-01 -1.962732e+00 -4.323406e-02 9.833751e-01 1.763639e-01 -3.539589e-01 1.857648e-01 -1.655379e-01 9.685498e-01 1.875886e+01
8.499961e-01 -4.323730e-02 5.250116e-01 -1.869621e+00 1.505000e-01 9.750192e-01 -1.633624e-01 -3.487750e-01 -5.048331e-01 2.178716e-01 8.352697e-01 1.839842e+01
9.844572e-01 6.792184e-02 -1.619590e-01 -1.707979e+00 -4.749568e-02 9.907887e-01 1.268144e-01 -3.366146e-01 1.690806e-01 -1.171510e-01 9.786150e-01 1.785236e+01
9.629258e-01 1.484732e-01 -2.252324e-01 -1.898673e+00 -1.825974e-01 9.733058e-01 -1.390468e-01 -3.367030e-01 1.985753e-01 1.750186e-01 9.643321e-01 1.816409e+01
9.266635e-01 -5.249932e-02 -3.722076e-01 -2.110653e+00 1.286138e-01 9.747163e-01 1.827200e-01 -3.442012e-01 3.532042e-01 -2.171910e-01 9.099862e-01 1.890746e+01
9.856107e-01 1.675594e-01 2.225606e-02 -2.179467e+00 -1.645652e-01 9.812828e-01 -1.000121e-01 -3.521595e-01 -3.859745e-02 9.491040e-02 9.947373e-01 1.932766e+01
9.122136e-01 -7.369030e-02 -4.030337e-01 -2.261926e+00 1.261046e-01 9.864378e-01 1.050619e-01 -3.597746e-01 3.898256e-01 -1.466633e-01 9.091347e-01 1.977267e+01
9.821064e-01 1.749985e-01 6.958907e-02 -2.337261e+00 -1.737703e-01 9.845088e-01 -2.337485e-02 -3.679226e-01 -7.260161e-02 1.086408e-02 9.973018e-01 2.023196e+01
9.327878e-01 -1.201305e-01 -3.398170e-01 -2.423847e+00 1.366249e-01 9.903088e-01 2.494213e-02 -3.745866e-01 3.335275e-01 -6.969317e-02 9.401608e-01 2.056738e+01
9.736266e-01 2.271266e-01 -2.155861e-02 -2.559307e+00 -2.266758e-01 9.737333e-01 2.148325e-02 -3.786350e-01 2.587176e-02 -1.602985e-02 9.995367e-01 2.093973e+01
9.443427e-01 -1.867731e-01 -2.708001e-01 -2.676209e+00 1.875309e-01 9.819819e-01 -2.331724e-02 -3.847582e-01 2.702758e-01 -2.876393e-02 9.623532e-01 2.128832e+01
9.498852e-01 1.984506e-01 2.415276e-01 -2.693754e+00 -2.040820e-01 9.789523e-01 -1.735327e-03 -3.890982e-01 -2.367883e-01 -4.764307e-02 9.703924e-01 2.131983e+01
9.221724e-01 -1.781194e-01 -3.433241e-01 -2.729486e+00 1.740893e-01 9.837994e-01 -4.279754e-02 -3.947394e-01 3.453851e-01 -2.030235e-02 9.382414e-01 2.144730e+01
9.006425e-01 1.568675e-01 4.052601e-01 -2.730811e+00 -1.581094e-01 9.869459e-01 -3.064619e-02 -3.973069e-01 -4.047772e-01 -3.647417e-02 9.136876e-01 2.139825e+01
8.419920e-01 -1.086129e-01 -5.284436e-01 -2.762385e+00 1.076743e-01 9.936494e-01 -3.266623e-02 -4.028554e-01 5.286357e-01 -2.939510e-02 8.483397e-01 2.157462e+01
9.345632e-01 3.189008e-01 1.577779e-01 -2.578288e+00 -3.466481e-01 9.160252e-01 2.018239e-01 -4.249678e-01 -8.016676e-02 -2.433106e-01 9.666298e-01 2.286426e+01
8.652516e-01 -1.015808e-01 -4.909389e-01 -2.515518e+00 5.764514e-02 9.929210e-01 -1.038503e-01 -4.473775e-01 4.980127e-01 6.155643e-02 8.649822e-01 2.409150e+01
9.833516e-01 5.259431e-02 1.739352e-01 -2.635472e+00 -9.057321e-02 9.716820e-01 2.182443e-01 -4.554425e-01 -1.575313e-01 -2.303647e-01 9.602687e-01 2.460340e+01
9.768955e-01 -9.733163e-02 -1.902676e-01 -2.674710e+00 5.043299e-02 9.701199e-01 -2.373267e-01 -4.597362e-01 2.076818e-01 2.222476e-01 9.526144e-01 2.466737e+01
9.625793e-01 3.540984e-02 2.686770e-01 -2.654157e+00 -9.920451e-02 9.686518e-01 2.277545e-01 -4.600173e-01 -2.521897e-01 -2.458858e-01 9.359170e-01 2.454540e+01
9.869475e-01 -6.569002e-02 -1.470353e-01 -2.654167e+00 2.929902e-02 9.710296e-01 -2.371563e-01 -4.609997e-01 1.583544e-01 2.297529e-01 9.602799e-01 2.445818e+01
9.924599e-01 1.160575e-01 3.942182e-02 -2.731597e+00 -1.220490e-01 9.653571e-01 2.306289e-01 -4.642222e-01 -1.128993e-02 -2.337013e-01 9.722429e-01 2.458554e+01
9.943024e-01 -1.057455e-01 1.344013e-02 -2.644357e+00 1.065592e-01 9.827079e-01 -1.514274e-01 -4.753592e-01 2.805043e-03 1.519968e-01 9.883770e-01 2.491849e+01
8.456202e-01 7.591809e-02 5.283587e-01 -2.543994e+00 -9.933192e-02 9.949254e-01 1.601986e-02 -4.715143e-01 -5.244613e-01 -6.602961e-02 8.488701e-01 2.455716e+01
9.802659e-01 -1.472941e-01 -1.318455e-01 -2.409251e+00 1.389817e-01 9.878021e-01 -7.022161e-02 -4.660642e-01 1.405805e-01 5.051173e-02 9.887799e-01 2.419860e+01
8.526351e-01 7.476441e-02 5.171303e-01 -2.252214e+00 -5.037493e-02 9.968618e-01 -6.106459e-02 -4.566075e-01 -5.200729e-01 2.601541e-02 8.537256e-01 2.372622e+01
9.437471e-01 -9.178212e-02 -3.176750e-01 -2.206618e+00 1.007621e-01 9.948392e-01 1.191625e-02 -4.551520e-01 3.149418e-01 -4.325553e-02 9.481248e-01 2.351569e+01
9.732681e-01 1.848289e-01 1.363358e-01 -2.144540e+00 -1.922603e-01 9.803836e-01 4.340495e-02 -4.659978e-01 -1.256389e-01 -6.845662e-02 9.897113e-01 2.397901e+01
8.055297e-01 8.631292e-02 -5.862354e-01 -2.085495e+00 -5.741199e-02 9.960482e-01 6.776249e-02 -4.850530e-01 5.897675e-01 -2.092776e-02 8.073019e-01 2.518529e+01
9.963338e-01 2.899202e-02 8.048862e-02 -2.082934e+00 -4.612247e-02 9.744218e-01 2.199431e-01 -5.054554e-01 -7.205327e-02 -2.228491e-01 9.721865e-01 2.640556e+01
9.361148e-01 4.775524e-02 -3.484373e-01 -2.052987e+00 -7.267138e-02 9.956221e-01 -5.878411e-02 -5.205236e-01 3.441047e-01 8.035010e-02 9.354870e-01 2.708899e+01
9.066508e-01 -9.190279e-02 4.117501e-01 -2.039788e+00 7.744652e-02 9.956553e-01 5.169772e-02 -5.203533e-01 -4.147123e-01 -1.498317e-02 9.098292e-01 2.701933e+01
9.150919e-01 8.721250e-02 -3.937014e-01 -2.010804e+00 -1.010138e-01 9.947804e-01 -1.442615e-02 -5.214254e-01 3.903883e-01 5.297051e-02 9.191252e-01 2.698602e+01
9.989638e-01 7.849246e-03 4.482921e-02 -2.050471e+00 -1.349929e-02 9.917903e-01 1.271603e-01 -5.327382e-01 -4.346306e-02 -1.276337e-01 9.908686e-01 2.764637e+01
8.456957e-01 1.660898e-01 -5.071616e-01 -2.152001e+00 -1.785652e-01 9.836263e-01 2.436793e-02 -5.426949e-01 5.029048e-01 6.995358e-02 8.615064e-01 2.838244e+01
9.946563e-01 -9.574268e-02 3.862975e-02 -2.237503e+00 8.959870e-02 9.864061e-01 1.377502e-01 -5.538632e-01 -5.129319e-02 -1.335529e-01 9.897134e-01 2.912208e+01
9.023500e-01 2.029722e-01 -3.802193e-01 -2.268700e+00 -1.950171e-01 9.789761e-01 5.978436e-02 -5.653456e-01 3.843601e-01 2.020285e-02 9.229622e-01 2.976460e+01
8.772732e-01 -1.973220e-01 4.375565e-01 -2.264406e+00 2.127829e-01 9.769996e-01 1.397482e-02 -5.642889e-01 -4.302501e-01 8.084479e-02 8.990823e-01 2.970701e+01
9.888938e-01 1.485009e-01 6.050417e-03 -2.088827e+00 -1.476768e-01 9.863651e-01 -7.263181e-02 -5.534366e-01 -1.675381e-02 7.093163e-02 9.973405e-01 2.917873e+01
9.789979e-01 -4.642501e-02 -1.985142e-01 -2.151057e+00 5.659353e-02 9.973436e-01 4.585697e-02 -5.584466e-01 1.958579e-01 -5.612849e-02 9.790246e-01 2.940343e+01
9.890304e-01 1.091217e-01 -9.955602e-02 -2.197992e+00 -1.017565e-01 9.918796e-01 7.629235e-02 -5.688449e-01 1.070727e-01 -6.532499e-02 9.921029e-01 2.991436e+01
9.853346e-01 -3.572412e-02 -1.668516e-01 -2.204458e+00 3.888751e-02 9.991198e-01 1.572977e-02 -5.798176e-01 1.661428e-01 -2.198753e-02 9.858565e-01 3.040434e+01
9.920544e-01 8.616888e-02 -9.166784e-02 -2.227472e+00 -7.692199e-02 9.920068e-01 1.000276e-01 -5.906495e-01 9.955439e-02 -9.218156e-02 9.907530e-01 3.088925e+01
9.880959e-01 -2.098874e-02 -1.524007e-01 -2.239840e+00 2.080895e-02 9.997796e-01 -2.774816e-03 -6.012828e-01 1.524254e-01 -4.295142e-04 9.883149e-01 3.136020e+01
9.971333e-01 3.860371e-02 -6.507583e-02 -2.254571e+00 -3.077314e-02 9.926188e-01 1.173069e-01 -6.114865e-01 6.912397e-02 -1.149680e-01 9.909613e-01 3.175836e+01
9.928430e-01 -5.945032e-03 -1.192786e-01 -2.260564e+00 1.928835e-03 9.994282e-01 -3.375796e-02 -6.210648e-01 1.194111e-01 3.328629e-02 9.922868e-01 3.210496e+01
9.930206e-01 3.502327e-02 -1.126212e-01 -2.295240e+00 -2.209608e-02 9.932294e-01 1.140485e-01 -6.298586e-01 1.158531e-01 -1.107641e-01 9.870711e-01 3.245935e+01
9.968446e-01 -1.363462e-02 -7.819770e-02 -2.355750e+00 8.430536e-03 9.977509e-01 -6.649833e-02 -6.362117e-01 7.892851e-02 6.562926e-02 9.947176e-01 3.267751e+01
9.980339e-01 3.679229e-02 -5.074201e-02 -2.382550e+00 -3.318575e-02 9.969826e-01 7.017399e-02 -6.407761e-01 5.317076e-02 -6.835210e-02 9.962434e-01 3.278192e+01
9.789717e-01 1.846951e-02 -2.031585e-01 -2.405695e+00 -1.882605e-02 9.998228e-01 1.775030e-04 -6.485827e-01 2.031258e-01 3.650903e-03 9.791458e-01 3.313128e+01
9.929795e-01 2.965255e-02 -1.145092e-01 -2.464434e+00 -2.031113e-02 9.964336e-01 8.189966e-02 -6.564608e-01 1.165293e-01 -7.899888e-02 9.900404e-01 3.352167e+01
9.790560e-01 4.815736e-02 -1.978136e-01 -2.510796e+00 -4.742965e-02 9.988391e-01 8.417899e-03 -6.651001e-01 1.979894e-01 1.140636e-03 9.802035e-01 3.395153e+01
9.834177e-01 4.998705e-02 -1.743301e-01 -2.588799e+00 -3.473009e-02 9.953814e-01 8.949685e-02 -6.736928e-01 1.779986e-01 -8.195828e-02 9.806117e-01 3.448738e+01
9.857962e-01 2.142615e-02 -1.665734e-01 -2.675884e+00 -2.038918e-02 9.997606e-01 7.933065e-03 -6.816828e-01 1.667035e-01 -4.424089e-03 9.859971e-01 3.493852e+01
9.928165e-01 2.276018e-02 -1.174620e-01 -2.711233e+00 -1.311188e-02 9.965240e-01 8.226813e-02 -6.904122e-01 1.189261e-01 -8.013701e-02 9.896639e-01 3.533215e+01
9.945453e-01 1.029502e-02 -1.037958e-01 -2.739422e+00 -9.754874e-03 9.999361e-01 5.710245e-03 -6.988217e-01 1.038479e-01 -4.666582e-03 9.945822e-01 3.566826e+01
9.990771e-01 -2.910208e-02 -3.159249e-02 -2.777357e+00 3.053029e-02 9.984882e-01 4.570820e-02 -7.045516e-01 3.021452e-02 -4.663054e-02 9.984551e-01 3.582490e+01
9.989926e-01 2.059627e-02 3.986913e-02 -2.749954e+00 -1.826066e-02 9.981446e-01 -5.808487e-02 -7.057599e-01 -4.099149e-02 5.729832e-02 9.975152e-01 3.574161e+01
9.839220e-01 -4.634935e-02 -1.724797e-01 -2.711876e+00 6.113497e-02 9.948030e-01 8.142156e-02 -7.069853e-01 1.678095e-01 -9.065701e-02 9.816421e-01 3.571964e+01
9.103515e-01 3.251750e-02 4.125564e-01 -2.475487e+00 3.786348e-02 9.861820e-01 -1.612804e-01 -6.950429e-01 -4.121001e-01 1.624427e-01 8.965411e-01 3.520426e+01
4.314831e-01 -1.635340e-01 -8.871747e-01 -1.252186e+00 3.342058e-01 9.424339e-01 -1.117682e-02 -6.453259e-01 8.379313e-01 -2.916763e-01 4.612983e-01 3.388045e+01
8.945717e-01 3.862355e-01 2.248634e-01 -5.934362e-01 -2.600533e-01 8.590332e-01 -4.409470e-01 -6.174914e-01 -3.634745e-01 3.359823e-01 8.689086e-01 3.338346e+01
6.082390e-01 -9.656883e-02 -7.878577e-01 -7.733189e-01 4.131261e-01 8.860507e-01 2.103356e-01 -6.245360e-01 6.777700e-01 -4.534188e-01 5.788257e-01 3.405650e+01
8.192912e-01 4.715938e-01 3.261306e-01 -9.323385e-01 -4.111583e-01 8.796476e-01 -2.391005e-01 -6.336414e-01 -3.996383e-01 6.180159e-02 9.145872e-01 3.477563e+01
4.892396e-01 -1.550817e-01 -8.582507e-01 -1.069351e+00 2.112593e-01 9.758302e-01 -5.590088e-02 -6.466923e-01 8.461762e-01 -1.539646e-01 5.101772e-01 3.599796e+01
8.977836e-01 2.096667e-01 3.873299e-01 -1.319156e+00 -3.150018e-01 9.203086e-01 2.319610e-01 -6.573184e-01 -3.078285e-01 -3.302604e-01 8.922834e-01 3.714634e+01
7.809714e-01 -2.422114e-01 -5.756886e-01 -1.362377e+00 8.572778e-02 9.545877e-01 -2.853298e-01 -6.653234e-01 6.186554e-01 1.734819e-01 7.662699e-01 3.751983e+01
9.346583e-01 1.394675e-01 3.270516e-01 -1.430808e+00 -2.447550e-01 9.195924e-01 3.073186e-01 -6.725172e-01 -2.578932e-01 -3.672854e-01 8.936400e-01 3.793746e+01
7.527598e-01 -6.162563e-02 -6.554044e-01 -1.513197e+00 -1.509794e-01 9.529079e-01 -2.630053e-01 -6.829189e-01 6.407479e-01 2.969324e-01 7.080066e-01 3.864774e+01
9.847343e-01 -5.736365e-02 1.643403e-01 -1.511131e+00 -2.897012e-02 8.769566e-01 4.796955e-01 -6.989626e-01 -1.716364e-01 -4.771336e-01 8.619075e-01 3.967036e+01
7.655178e-01 2.239821e-01 -6.031704e-01 -1.471174e+00 -4.136963e-01 8.893302e-01 -1.948004e-01 -7.188490e-01 4.927858e-01 3.986526e-01 7.734586e-01 4.080686e+01
9.458819e-01 -3.209801e-01 4.774077e-02 -1.436862e+00 2.607029e-01 8.392306e-01 4.772065e-01 -7.378779e-01 -1.932393e-01 -4.389348e-01 8.774935e-01 4.192509e+01
4.295776e-01 4.584290e-01 -7.780141e-01 -1.766920e+00 -7.195950e-01 6.942942e-01 1.177700e-02 -7.410800e-01 5.455696e-01 5.547959e-01 6.281364e-01 4.286769e+01
8.059897e-01 -5.874863e-01 7.239082e-02 -2.173470e+00 5.816531e-01 8.087413e-01 8.727689e-02 -7.442338e-01 -1.098194e-01 -2.823793e-02 9.935504e-01 4.359583e+01
7.954141e-01 5.896149e-01 -1.402521e-01 -2.219676e+00 -5.990884e-01 7.999285e-01 -3.474911e-02 -7.501424e-01 9.170304e-02 1.116633e-01 9.895059e-01 4.371297e+01
7.884021e-01 -6.137894e-01 4.104466e-02 -2.165204e+00 6.138180e-01 7.893340e-01 1.338614e-02 -7.500807e-01 -4.061421e-02 1.464029e-02 9.990676e-01 4.364963e+01
7.060372e-01 6.668711e-01 -2.383158e-01 -2.218376e+00 -6.391184e-01 7.449713e-01 1.911684e-01 -7.532860e-01 3.050231e-01 1.733999e-02 9.521871e-01 4.377239e+01
6.167208e-01 -6.102019e-01 4.973018e-01 -2.260732e+00 6.359960e-01 7.585155e-01 1.419975e-01 -7.537078e-01 -4.638583e-01 2.287092e-01 8.558783e-01 4.365148e+01
-3.681434e-02 7.115219e-01 -7.016988e-01 -2.583651e+00 -6.000394e-01 5.457657e-01 5.848868e-01 -7.518537e-01 7.991229e-01 4.425791e-01 4.068492e-01 4.440223e+01
4.866495e-01 -6.057464e-01 6.294788e-01 -2.868597e+00 7.809292e-01 6.246139e-01 -2.670713e-03 -7.605297e-01 -3.915634e-01 4.928780e-01 7.770131e-01 4.522673e+01
4.109343e-01 8.030545e-01 -4.315512e-01 -2.882526e+00 -5.558727e-01 5.959031e-01 5.795732e-01 -7.663141e-01 7.225916e-01 1.721015e-03 6.912731e-01 4.537266e+01
6.057907e-01 -5.804996e-01 5.440936e-01 -2.880332e+00 7.412594e-01 6.602416e-01 -1.208948e-01 -7.782155e-01 -2.890538e-01 4.765514e-01 8.302690e-01 4.592887e+01
4.222354e-01 8.401229e-01 -3.404568e-01 -2.880459e+00 -4.513641e-01 5.205595e-01 7.247677e-01 -7.931027e-01 7.861220e-01 -1.523526e-01 5.989999e-01 4.668988e+01
7.408895e-01 -4.514016e-01 4.973122e-01 -2.894108e+00 6.494838e-01 6.701014e-01 -3.593535e-01 -8.089866e-01 -1.710369e-01 5.892374e-01 7.896491e-01 4.756502e+01
5.861183e-01 7.627539e-01 -2.732615e-01 -2.933107e+00 -2.883592e-01 5.115607e-01 8.094162e-01 -8.233329e-01 7.571752e-01 -3.956162e-01 5.197822e-01 4.840705e+01
8.883048e-01 -1.778844e-01 4.234049e-01 -3.128489e+00 4.298716e-01 6.465284e-01 -6.302471e-01 -8.319452e-01 -1.616322e-01 7.418613e-01 6.507818e-01 4.913938e+01
6.645336e-01 5.877973e-01 -4.613994e-01 -3.312542e+00 8.430665e-02 5.545395e-01 8.278758e-01 -8.406288e-01 7.424874e-01 -5.890503e-01 3.189549e-01 4.997970e+01
8.767969e-01 8.046395e-03 4.807936e-01 -3.315505e+00 3.769817e-01 6.092065e-01 -6.976763e-01 -8.457063e-01 -2.985164e-01 7.929708e-01 5.311170e-01 5.028121e+01
6.885744e-01 4.634675e-01 -5.577303e-01 -3.392016e+00 2.218011e-01 5.976440e-01 7.704712e-01 -8.490456e-01 6.904126e-01 -6.542320e-01 3.087247e-01 5.054071e+01
9.038720e-01 2.406273e-01 3.537144e-01 -3.418460e+00 1.006499e-01 6.839944e-01 -7.225104e-01 -8.583055e-01 -4.157944e-01 6.886582e-01 5.940243e-01 5.100574e+01
-6.784820e-02 3.292090e-01 -9.418164e-01 -3.854316e+00 3.564624e-01 8.896825e-01 2.853063e-01 -8.622042e-01 9.318429e-01 -3.163646e-01 -1.777140e-01 5.270194e+01
6.368895e-01 3.675131e-01 6.777211e-01 -4.381356e+00 -2.287525e-01 9.295629e-01 -2.891108e-01 -8.703831e-01 -7.362364e-01 2.910122e-02 6.760984e-01 5.410951e+01
4.065005e-01 -1.422150e-01 -9.025144e-01 -4.429352e+00 3.462415e-01 9.381102e-01 8.126233e-03 -8.781445e-01 8.455023e-01 -3.157913e-01 4.305830e-01 5.445372e+01
6.630942e-01 3.374942e-01 6.681345e-01 -4.504041e+00 -3.086050e-01 9.364590e-01 -1.667558e-01 -8.855432e-01 -6.819597e-01 -9.561486e-02 7.251130e-01 5.488371e+01
2.559702e-01 -1.546389e-01 -9.542359e-01 -4.535863e+00 1.349026e-01 9.831772e-01 -1.231419e-01 -8.954973e-01 9.572254e-01 -9.720825e-02 2.725252e-01 5.549458e+01
6.539590e-01 6.371361e-02 7.538423e-01 -4.550503e+00 -2.160608e-01 9.706750e-01 1.053930e-01 -9.043559e-01 -7.250210e-01 -2.317985e-01 6.485477e-01 5.595163e+01
-8.564185e-01 -1.170528e-01 -5.028379e-01 -9.402957e-01 -7.022051e-02 9.913179e-01 -1.111659e-01 -7.799027e-01 5.114845e-01 -5.989501e-02 -8.572026e-01 5.281130e+01
4.291960e-01 5.399955e-01 7.240136e-01 1.430990e+00 -1.916137e-01 8.377900e-01 -5.112653e-01 -6.683298e-01 -8.826523e-01 8.070205e-02 4.630466e-01 5.073252e+01
-5.157529e-01 -7.121784e-02 -8.537722e-01 1.082590e+00 1.169656e-01 9.813549e-01 -1.525177e-01 -6.830952e-01 8.487155e-01 -1.785234e-01 -4.978066e-01 5.250981e+01
5.676514e-01 -6.883547e-02 8.203862e-01 7.404128e-01 -4.120963e-01 8.389119e-01 3.555325e-01 -6.988035e-01 -7.127050e-01 -5.398967e-01 4.478427e-01 5.463340e+01
-3.835695e-01 -1.730827e-01 -9.071476e-01 3.330457e-01 -7.230177e-01 6.674041e-01 1.783738e-01 -7.133141e-01 5.745606e-01 7.243025e-01 -3.811377e-01 5.678492e+01
3.830701e-01 -8.317377e-01 4.018328e-01 6.910494e-02 3.552718e-01 5.342160e-01 7.670692e-01 -7.273452e-01 -8.526660e-01 -1.510814e-01 5.001351e-01 5.836527e+01
-2.437938e-01 5.240871e-01 -8.160253e-01 -7.309891e-02 -8.180640e-01 3.407990e-01 4.632789e-01 -7.403319e-01 5.208991e-01 7.805055e-01 3.456521e-01 5.940452e+01
-6.186868e-03 -8.876459e-01 4.604850e-01 -1.105921e-01 7.151273e-01 3.179486e-01 6.224963e-01 -7.518724e-01 -6.989669e-01 3.331567e-01 6.328127e-01 6.002038e+01
-1.800068e-01 7.926606e-01 -5.824833e-01 -1.217635e-01 -7.904565e-01 2.358844e-01 5.652761e-01 -7.613387e-01 5.854708e-01 5.621813e-01 5.841029e-01 6.042594e+01
1.912379e-01 -8.268787e-01 5.288663e-01 -1.950567e-01 9.053080e-01 3.567883e-01 2.304769e-01 -7.703260e-01 -3.792697e-01 4.347110e-01 8.168114e-01 6.109789e+01
-2.029263e-01 9.504412e-01 -2.355472e-01 -3.607720e-01 -4.817746e-01 1.125117e-01 8.690422e-01 -7.823676e-01 8.524753e-01 2.898322e-01 4.350668e-01 6.213579e+01
1.890952e-01 -5.945911e-01 7.814758e-01 -4.455965e-01 9.741478e-01 2.137684e-01 -7.306929e-02 -7.928910e-01 -1.236085e-01 7.750900e-01 6.196422e-01 6.283377e+01
7.094187e-02 9.961080e-01 -5.230834e-02 -4.650454e-01 -3.123104e-01 7.198507e-02 9.472488e-01 -8.045169e-01 9.473275e-01 -5.086316e-02 3.162017e-01 6.342615e+01
3.800464e-01 -4.117857e-01 8.282495e-01 -4.659698e-01 9.249580e-01 1.732285e-01 -3.382965e-01 -8.170389e-01 -4.170733e-03 8.946644e-01 4.467194e-01 6.403777e+01
3.180619e-01 9.479284e-01 -1.638273e-02 -5.214076e-01 -1.019759e-01 5.138597e-02 9.934588e-01 -8.266890e-01 9.425696e-01 -3.143108e-01 1.130098e-01 6.456049e+01
4.869684e-01 -1.575234e-01 8.590973e-01 -5.748268e-01 8.728186e-01 5.128346e-02 -4.853429e-01 -8.322746e-01 3.239538e-02 9.861827e-01 1.624628e-01 6.477163e+01
4.524777e-01 8.917240e-01 -9.605897e-03 -5.780146e-01 5.767684e-03 7.845133e-03 9.999526e-01 -8.395588e-01 8.917571e-01 -4.525116e-01 -1.593434e-03 6.501880e+01
6.593851e-01 -6.285148e-02 7.491735e-01 -5.761072e-01 7.508404e-01 1.055254e-01 -6.519993e-01 -8.505382e-01 -3.807773e-02 9.924284e-01 1.167733e-01 6.547115e+01
6.951455e-01 6.444267e-01 -3.185701e-01 -3.115469e-01 4.463558e-01 -3.954916e-02 8.939812e-01 -8.449882e-01 5.635062e-01 -7.636426e-01 -3.151360e-01 6.538946e+01
8.268674e-01 4.826374e-01 2.887066e-01 -8.229515e-02 4.037418e-01 -1.520488e-01 -9.021495e-01 -8.450358e-01 -3.915136e-01 8.625209e-01 -3.205851e-01 6.547481e+01
7.127412e-01 4.765456e-01 -5.146886e-01 -7.589212e-02 6.676078e-01 -2.357882e-01 7.061896e-01 -8.557069e-01 2.151740e-01 -8.469405e-01 -4.862015e-01 6.591221e+01
7.888864e-01 6.113637e-01 6.239142e-02 -4.385157e-02 2.134573e-01 -1.773959e-01 -9.607115e-01 -8.604112e-01 -5.762762e-01 7.712102e-01 -2.704453e-01 6.609906e+01
6.637740e-01 2.229908e-01 -7.139182e-01 6.670323e-02 7.459858e-01 -1.285477e-01 6.534376e-01 -8.667378e-01 5.393805e-02 -9.663077e-01 -2.516746e-01 6.630108e+01
6.399796e-01 7.683802e-01 -4.243293e-03 7.751270e-02 -1.149575e-02 4.052767e-03 -9.999257e-01 -8.780417e-01 -7.683059e-01 6.399808e-01 1.142679e-02 6.679072e+01
3.754819e-01 1.171934e-01 -9.193906e-01 6.681601e-02 9.255472e-01 4.755613e-03 3.786025e-01 -8.885968e-01 4.874196e-02 -9.930977e-01 -1.066823e-01 6.728983e+01
3.613125e-01 9.296745e-01 7.182367e-02 7.021528e-02 -1.150889e-01 1.209015e-01 -9.859703e-01 -8.994414e-01 -9.253150e-01 3.479773e-01 1.506785e-01 6.772796e+01
1.620914e-01 -8.578503e-03 -9.867385e-01 7.498609e-02 9.772988e-01 1.396497e-01 1.593266e-01 -9.101601e-01 1.364310e-01 -9.901638e-01 3.101978e-02 6.815622e+01
1.724673e-01 9.612283e-01 2.151632e-01 7.229061e-02 -2.038001e-01 2.485317e-01 -9.469411e-01 -9.208403e-01 -9.637015e-01 1.194661e-01 2.387621e-01 6.857993e+01
1.967885e-03 -1.016754e-01 -9.948157e-01 8.058570e-02 9.629585e-01 2.684383e-01 -2.553094e-02 -9.312460e-01 2.696425e-01 -9.579160e-01 9.843741e-02 6.896212e+01
4.347780e-02 9.301007e-01 3.647223e-01 7.318285e-02 -3.202460e-01 3.587784e-01 -8.767671e-01 -9.409723e-01 -9.463362e-01 -7.868093e-02 3.134599e-01 6.937055e+01
-2.258880e-01 -2.170783e-01 -9.496587e-01 1.547202e-01 8.099114e-01 4.998520e-01 -3.069064e-01 -9.562980e-01 5.413115e-01 -8.384658e-01 6.290365e-02 7.010602e+01
-1.537085e-01 6.935844e-01 7.037857e-01 2.387195e-01 -4.019083e-01 6.067868e-01 -6.857692e-01 -9.729176e-01 -9.026868e-01 -3.882659e-01 1.854890e-01 7.080993e+01
-3.728263e-01 -3.247698e-01 -8.692095e-01 2.780611e-01 4.611699e-01 7.480073e-01 -4.772917e-01 -9.874715e-01 8.051850e-01 -5.788002e-01 -1.291027e-01 7.158073e+01
-1.762219e-01 2.838110e-01 9.425482e-01 2.964783e-01 -5.212119e-01 7.853827e-01 -3.339343e-01 -1.003044e+00 -8.350353e-01 -5.501139e-01 9.524072e-03 7.237012e+01
-3.539340e-01 -4.278565e-01 -8.316667e-01 3.258683e-01 1.463395e-01 8.529392e-01 -5.010783e-01 -1.012582e+00 9.237508e-01 -2.990543e-01 -2.392718e-01 7.278659e+01
-1.062843e-01 7.994097e-02 9.911171e-01 3.683891e-01 -4.959206e-01 8.596810e-01 -1.225206e-01 -1.018736e+00 -8.618390e-01 -5.045374e-01 -5.172619e-02 7.302858e+01
-2.648852e-01 -3.918331e-01 -8.810804e-01 3.801372e-01 -3.196956e-02 9.167847e-01 -3.981003e-01 -1.029424e+00 9.637499e-01 -7.728310e-02 -2.553694e-01 7.346163e+01
-1.036032e-01 -8.304185e-02 9.911460e-01 2.970724e-01 -4.533414e-01 8.909201e-01 2.725737e-02 -1.036389e+00 -8.852954e-01 -4.465036e-01 -1.299485e-01 7.381725e+01
-3.143450e-01 -4.030543e-01 -8.594966e-01 1.928518e-01 -2.473758e-01 9.088901e-01 -3.357439e-01 -1.042733e+00 9.165110e-01 1.070793e-01 -3.854110e-01 7.421376e+01
-2.054745e-02 -3.564406e-01 9.340920e-01 3.063374e-01 -2.129319e-01 9.144143e-01 3.442478e-01 -1.046535e+00 -9.768510e-01 -1.918246e-01 -9.468646e-02 7.439838e+01
-2.554097e-01 -2.520063e-01 -9.334124e-01 6.192875e-01 -3.197935e-01 9.331121e-01 -1.644201e-01 -1.044159e+00 9.124133e-01 2.565047e-01 -3.189159e-01 7.430276e+01
-7.506727e-02 -4.220919e-01 9.034397e-01 6.159075e-01 -2.309020e-01 8.887303e-01 3.960338e-01 -1.054457e+00 -9.700769e-01 -1.788768e-01 -1.641764e-01 7.473028e+01
-3.150534e-01 -1.505778e-01 -9.370526e-01 5.852138e-01 -5.104917e-01 8.592273e-01 3.356436e-02 -1.064408e+00 8.000872e-01 4.889322e-01 -3.475712e-01 7.522622e+01
-9.369679e-03 -6.322861e-01 7.746783e-01 5.404655e-01 -4.238904e-03 7.747305e-01 6.322774e-01 -1.075262e+00 -9.999471e-01 2.640450e-03 -9.939176e-03 7.577563e+01
-2.451349e-01 6.044999e-02 -9.676025e-01 5.340695e-01 -6.651629e-01 7.156082e-01 2.132210e-01 -1.085816e+00 7.053136e-01 6.958812e-01 -1.352115e-01 7.623963e+01
-3.654535e-02 -7.494375e-01 6.610657e-01 5.218797e-01 1.897289e-01 6.442728e-01 7.408883e-01 -1.096900e+00 -9.811561e-01 1.524993e-01 1.186448e-01 7.674235e+01
-3.024992e-01 2.942248e-01 -9.066013e-01 5.114731e-01 -7.117865e-01 5.628670e-01 4.201674e-01 -1.107791e+00 6.339197e-01 7.724069e-01 3.915837e-02 7.726957e+01
-8.848351e-02 -7.966215e-01 5.979672e-01 4.773566e-01 4.810160e-01 4.915104e-01 7.259759e-01 -1.117927e+00 -8.722352e-01 3.518687e-01 3.396972e-01 7.775385e+01
-2.927740e-01 5.503958e-01 -7.818873e-01 4.559307e-01 -7.177432e-01 4.137792e-01 5.600281e-01 -1.127028e+00 6.317659e-01 7.251560e-01 2.738991e-01 7.814940e+01
-5.027972e-02 -7.918021e-01 6.087047e-01 3.917322e-01 7.126956e-01 3.985258e-01 5.772713e-01 -1.136292e+00 -6.996692e-01 4.628462e-01 5.442761e-01 7.865642e+01
-1.849190e-01 7.779732e-01 -6.004687e-01 3.626768e-01 -6.811095e-01 3.390058e-01 6.489722e-01 -1.144803e+00 7.084453e-01 5.289923e-01 4.671963e-01 7.897229e+01
-8.399492e-02 -7.189676e-01 6.899496e-01 3.655463e-01 8.704559e-01 2.840821e-01 4.019999e-01 -1.150636e+00 -4.850272e-01 6.343367e-01 6.019681e-01 7.914391e+01
-2.000587e-01 8.872186e-01 -4.157159e-01 3.608058e-01 -5.927002e-01 2.282681e-01 7.723990e-01 -1.157730e+00 7.801814e-01 4.009200e-01 4.801876e-01 7.938754e+01
1.008235e-02 -6.714926e-01 7.409426e-01 3.392221e-01 9.585467e-01 2.175004e-01 1.840703e-01 -1.165898e+00 -2.847571e-01 7.083722e-01 6.458499e-01 7.973136e+01
-5.706950e-02 9.781147e-01 -2.000869e-01 3.335813e-01 -5.087977e-01 1.439406e-01 8.487673e-01 -1.174396e+00 8.589924e-01 1.502425e-01 4.894479e-01 8.004718e+01
1.039397e-01 -5.819379e-01 8.065636e-01 3.352815e-01 9.887560e-01 1.481191e-01 -2.055000e-02 -1.183182e+00 -1.075087e-01 7.996306e-01 5.907900e-01 8.035155e+01
3.323612e-02 9.990490e-01 -2.822294e-02 3.208049e-01 -3.927587e-01 3.902250e-02 9.188133e-01 -1.193074e+00 9.190408e-01 -1.945298e-02 3.936821e-01 8.078368e+01
3.769560e-01 -5.041221e-01 7.770232e-01 4.188262e-01 9.222710e-01 1.267967e-01 -3.651559e-01 -1.205099e+00 8.555916e-02 8.542737e-01 5.127339e-01 8.135550e+01
3.414370e-01 9.317729e-01 1.233698e-01 4.561454e-01 -2.182586e-01 -4.906948e-02 9.746565e-01 -1.216802e+00 9.142122e-01 -3.597103e-01 1.866133e-01 8.197560e+01
5.998694e-01 -3.060742e-01 7.392397e-01 4.224625e-01 7.881717e-01 6.712396e-02 -6.117841e-01 -1.227760e+00 1.376307e-01 9.496383e-01 2.815046e-01 8.250760e+01
5.918141e-01 8.027200e-01 7.346164e-02 4.140424e-01 -8.929162e-02 -2.528972e-02 9.956844e-01 -1.236788e+00 8.011136e-01 -5.958196e-01 5.670936e-02 8.288517e+01
7.344494e-01 -1.486808e-01 6.621768e-01 3.874276e-01 6.707129e-01 1.010493e-02 -7.416482e-01 -1.243008e+00 1.035776e-01 9.888336e-01 1.071437e-01 8.310920e+01
7.471573e-01 6.467384e-01 1.532498e-01 4.767054e-01 -2.335451e-01 3.959350e-02 9.715395e-01 -1.239400e+00 6.222642e-01 -7.616836e-01 1.806251e-01 8.289871e+01
5.585064e-01 -2.158840e-01 8.009149e-01 7.097909e-01 8.125347e-01 -5.189732e-02 -5.805981e-01 -1.224207e+00 1.669072e-01 9.750389e-01 1.464283e-01 8.230081e+01
5.800272e-01 8.118934e-01 6.631374e-02 7.437800e-01 -9.127086e-02 -1.612122e-02 9.956956e-01 -1.224654e+00 8.094677e-01 -5.835831e-01 6.475146e-02 8.225297e+01
6.396652e-01 -9.073474e-02 7.632795e-01 7.438610e-01 7.670244e-01 1.072875e-02 -6.415282e-01 -1.228571e+00 5.001986e-02 9.958173e-01 7.645857e-02 8.230129e+01
6.542839e-01 7.562405e-01 -3.577396e-03 7.118334e-01 8.757787e-02 -7.107028e-02 9.936192e-01 -1.235510e+00 7.511609e-01 -6.504224e-01 -1.127301e-01 8.252618e+01
6.640621e-01 7.119378e-02 7.442802e-01 7.210323e-01 7.476770e-01 -6.428528e-02 -6.609436e-01 -1.238702e+00 7.911903e-04 9.953888e-01 -9.591937e-02 8.250302e+01
6.714697e-01 7.405616e-01 -2.639860e-02 6.945777e-01 1.781695e-01 -1.267628e-01 9.758006e-01 -1.245325e+00 7.192941e-01 -6.599240e-01 -2.170629e-01 8.268060e+01
7.126622e-01 1.559350e-01 6.839567e-01 6.772291e-01 7.008020e-01 -1.145458e-01 -7.040993e-01 -1.250083e+00 -3.144936e-02 9.811032e-01 -1.909120e-01 8.273902e+01
6.775725e-01 7.259618e-01 -1.177922e-01 6.554257e-01 3.209267e-01 -1.477425e-01 9.355096e-01 -1.256546e+00 6.617413e-01 -6.716783e-01 -3.330868e-01 8.294831e+01
7.582077e-01 2.687896e-01 5.940313e-01 6.265114e-01 6.399745e-01 -1.325307e-01 -7.568806e-01 -1.262211e+00 -1.247142e-01 9.540376e-01 -2.725042e-01 8.309087e+01
6.284973e-01 7.246979e-01 -2.824962e-01 6.184064e-01 5.218192e-01 -1.235227e-01 8.440657e-01 -1.269158e+00 5.767979e-01 -6.779050e-01 -4.557950e-01 8.344154e+01
7.865157e-01 4.642553e-01 4.072592e-01 6.065206e-01 4.796790e-01 -4.388789e-02 -8.763458e-01 -1.275610e+00 -3.889745e-01 8.846134e-01 -2.572120e-01 8.377435e+01
7.383811e-01 4.766354e-01 -4.770869e-01 5.979280e-01 5.807607e-01 -8.981619e-02 8.091045e-01 -1.280908e+00 3.427977e-01 -8.745008e-01 -3.431297e-01 8.387598e+01
7.563496e-01 5.771720e-01 3.079086e-01 6.018035e-01 4.332877e-01 -8.936717e-02 -8.968140e-01 -1.284636e+00 -4.900990e-01 8.117179e-01 -3.176744e-01 8.389861e+01
8.642917e-01 3.881831e-01 -3.198653e-01 7.058046e-01 3.748927e-01 -7.317402e-02 9.241759e-01 -1.280175e+00 3.353436e-01 -9.186727e-01 -2.087707e-01 8.360883e+01
8.672069e-01 3.946474e-01 3.036537e-01 7.086893e-01 3.585447e-01 -7.172446e-02 -9.307531e-01 -1.282638e+00 -3.455399e-01 9.160289e-01 -2.036987e-01 8.360451e+01
8.411446e-01 3.762713e-01 -3.884528e-01 7.002803e-01 4.456603e-01 -7.535859e-02 8.920247e-01 -1.285715e+00 3.063701e-01 -9.234397e-01 -2.310767e-01 8.363165e+01
8.278334e-01 4.686373e-01 3.083358e-01 7.021017e-01 3.813969e-01 -6.712306e-02 -9.219712e-01 -1.289672e+00 -4.113737e-01 8.808368e-01 -2.343035e-01 8.367158e+01
7.351154e-01 4.652890e-01 -4.930634e-01 7.106819e-01 6.021132e-01 -1.138635e-01 7.902499e-01 -1.300231e+00 3.115527e-01 -8.778048e-01 -3.638594e-01 8.412425e+01
7.216835e-01 6.514562e-01 2.340467e-01 7.481902e-01 2.568719e-01 6.193530e-02 -9.644588e-01 -1.316102e+00 -6.427984e-01 7.561540e-01 -1.226431e-01 8.491063e+01
9.128805e-01 2.389347e-01 -3.309976e-01 8.161295e-01 3.278472e-01 5.401793e-02 9.431852e-01 -1.313040e+00 2.432394e-01 -9.695320e-01 -2.902213e-02 8.462375e+01
5.452640e-01 3.674906e-01 7.534174e-01 1.220101e+00 8.310594e-01 -1.193995e-01 -5.432163e-01 -1.290105e+00 -1.096692e-01 9.223310e-01 -3.705108e-01 8.370267e+01
6.293485e-01 7.763725e-01 3.414900e-02 1.711164e+00 -4.661792e-02 -6.146936e-03 9.988939e-01 -1.257748e+00 7.757237e-01 -6.302443e-01 3.232431e-02 8.264541e+01
3.207061e-01 -3.975788e-02 9.463440e-01 1.894266e+00 9.423540e-01 -8.732266e-02 -3.230226e-01 -1.249091e+00 9.547996e-02 9.953864e-01 9.461091e-03 8.219795e+01
3.481438e-01 9.229177e-01 1.643741e-01 1.988042e+00 -2.975326e-01 -5.749262e-02 9.529790e-01 -1.248118e+00 8.889715e-01 -3.806804e-01 2.545824e-01 8.197666e+01
1.402069e-01 -3.185050e-01 9.374948e-01 2.056283e+00 9.775413e-01 -1.059315e-01 -1.821853e-01 -1.248946e+00 1.573371e-01 9.419836e-01 2.964995e-01 8.181242e+01
1.610056e-01 9.708657e-01 1.774737e-01 2.131249e+00 -5.275423e-01 -6.731890e-02 8.468573e-01 -1.249488e+00 8.341321e-01 -2.299737e-01 5.013341e-01 8.163055e+01
-1.256647e-01 -5.145708e-01 8.481894e-01 2.225727e+00 9.893277e-01 -1.285570e-01 6.858365e-02 -1.247238e+00 7.374951e-02 8.477559e-01 5.252342e-01 8.135702e+01
-7.847393e-02 9.938199e-01 -7.851041e-02 2.550597e+00 -8.518989e-01 -2.594632e-02 5.230631e-01 -1.231844e+00 5.177934e-01 1.079298e-01 8.486702e-01 8.070678e+01
-2.508689e-01 -8.215725e-01 5.119408e-01 2.759028e+00 9.357920e-01 -7.049941e-02 3.454320e-01 -1.219505e+00 -2.477059e-01 5.657282e-01 7.865071e-01 8.018982e+01
-2.463046e-01 9.602802e-01 -1.311334e-01 2.734550e+00 -7.078783e-01 -8.582486e-02 7.011009e-01 -1.225334e+00 6.619988e-01 2.655108e-01 7.009005e-01 8.036038e+01
-1.153231e-01 -7.375175e-01 6.654085e-01 2.724485e+00 9.932657e-01 -7.811349e-02 8.556608e-02 -1.232146e+00 -1.112910e-02 6.707952e-01 7.415591e-01 8.056265e+01
-1.222351e-01 9.891694e-01 8.125572e-02 2.704391e+00 -5.983985e-01 -1.387663e-01 7.890901e-01 -1.239989e+00 7.918193e-01 4.783121e-02 6.088796e-01 8.083404e+01
1.283580e-01 -6.693627e-01 7.317635e-01 2.645434e+00 9.639490e-01 -8.920887e-02 -2.506871e-01 -1.248092e+00 2.330804e-01 7.375604e-01 6.337808e-01 8.121785e+01
1.384119e-01 9.571955e-01 2.542026e-01 2.584148e+00 -4.590841e-01 -1.654203e-01 8.728562e-01 -1.255208e+00 8.775443e-01 -2.375140e-01 4.165371e-01 8.155336e+01
3.341074e-01 -5.240914e-01 7.833903e-01 2.522075e+00 8.809219e-01 -1.219406e-01 -4.572823e-01 -1.262767e+00 3.351848e-01 8.428871e-01 4.209424e-01 8.187396e+01
3.962837e-01 8.588331e-01 3.245998e-01 2.503766e+00 -4.255479e-01 -1.414629e-01 8.938105e-01 -1.268179e+00 8.135528e-01 -4.923353e-01 3.094152e-01 8.197106e+01
4.346076e-01 -4.328321e-01 7.897928e-01 2.516765e+00 8.193669e-01 -1.739837e-01 -5.462304e-01 -1.270379e+00 3.738371e-01 8.845259e-01 2.790337e-01 8.196640e+01
4.919089e-01 8.505198e-01 1.861229e-01 2.638389e+00 -1.146175e-01 -1.486539e-01 9.822244e-01 -1.270022e+00 8.630692e-01 -5.044979e-01 2.436027e-02 8.203898e+01
8.234747e-01 -1.815399e-01 5.375246e-01 2.653353e+00 5.418847e-01 -2.900999e-02 -8.399520e-01 -1.275501e+00 1.680783e-01 9.829556e-01 7.448469e-02 8.239460e+01
8.213532e-01 5.093828e-01 2.567255e-01 2.758270e+00 -2.939935e-01 -7.655817e-03 9.557768e-01 -1.274404e+00 4.888217e-01 -8.605060e-01 1.434671e-01 8.222455e+01
8.414218e-01 -2.801167e-01 4.621081e-01 2.762223e+00 4.863814e-01 1.996288e-02 -8.735185e-01 -1.274925e+00 2.354621e-01 9.597584e-01 1.530408e-01 8.220621e+01
8.810735e-01 4.352622e-01 1.850848e-01 2.749717e+00 -2.084382e-01 6.049942e-03 9.780168e-01 -1.278589e+00 4.245740e-01 -9.002834e-01 9.605570e-02 8.228837e+01
9.813152e-01 -7.709553e-02 1.762859e-01 2.672575e+00 1.782764e-01 1.969172e-02 -9.837834e-01 -1.281675e+00 7.237393e-02 9.968292e-01 3.306809e-02 8.251128e+01
9.366522e-01 2.415577e-01 -2.536386e-01 2.536009e+00 2.722284e-01 -4.639834e-02 9.611134e-01 -1.288248e+00 2.203959e-01 -9.692766e-01 -1.092180e-01 8.295419e+01
8.511366e-01 2.660872e-01 4.525087e-01 2.622636e+00 4.947320e-01 -1.183794e-01 -8.609452e-01 -1.284084e+00 -1.755188e-01 9.566525e-01 -2.323989e-01 8.271819e+01
