9.999889e-01 1.022317e-03 -4.603087e-03 1.143787e-01 -1.013629e-03 9.999977e-01 1.889464e-03 5.056022e-03 4.605007e-03 -1.884778e-03 9.999876e-01 -2.569054e-01
9.999999e-01 -1.290838e-04 3.996185e-04 1.816574e-01 1.290677e-04 1.000000e+00 4.033843e-05 9.398870e-03 -3.996234e-04 -4.028614e-05 9.999999e-01 -4.431502e-01
9.999880e-01 9.968878e-04 -4.792619e-03 2.892535e-01 -9.886449e-04 9.999980e-01 1.721998e-03 1.338486e-02 4.794326e-03 -1.717240e-03 9.999870e-01 -6.716942e-01
9.999991e-01 1.829716e-04 -1.342298e-03 2.855961e-01 -1.818160e-04 9.999996e-01 8.609807e-04 1.231109e-02 1.342456e-03 -8.607351e-04 9.999987e-01 -7.018601e-01
9.999884e-01 9.317540e-04 -4.733876e-03 2.462892e-01 -9.242621e-04 9.999983e-01 1.584571e-03 1.336755e-02 4.735344e-03 -1.580178e-03 9.999875e-01 -7.188569e-01
9.999982e-01 4.051131e-04 1.865518e-03 2.686210e-01 -4.064678e-04 9.999997e-01 7.258950e-04 2.285670e-02 -1.865223e-03 -7.266512e-04 9.999980e-01 -9.149857e-01
9.999821e-01 7.548925e-04 -5.931768e-03 3.140720e-01 -7.462094e-04 9.999986e-01 1.465926e-03 2.951232e-02 5.932866e-03 -1.461474e-03 9.999813e-01 -1.100645e+00
9.999994e-01 -1.878624e-04 1.118696e-03 3.385059e-01 1.872784e-04 9.999998e-01 5.221893e-04 2.807023e-02 -1.118794e-03 -5.219787e-04 9.999992e-01 -1.165792e+00
9.999552e-01 1.348742e-03 -9.368567e-03 3.448677e-01 -1.327986e-03 9.999967e-01 2.221317e-03 1.742887e-02 9.371531e-03 -2.208777e-03 9.999536e-01 -9.317482e-01
9.999969e-01 -4.926721e-04 2.422689e-03 3.386384e-01 4.925932e-04 9.999999e-01 3.317469e-05 9.449914e-03 -2.422704e-03 -3.198047e-05 9.999971e-01 -7.845022e-01
9.999574e-01 9.621259e-04 -9.181157e-03 3.264154e-01 -9.420155e-04 9.999971e-01 2.194471e-03 4.321168e-03 9.183242e-03 -2.185729e-03 9.999554e-01 -6.901661e-01
1.000000e+00 9.418935e-05 -2.156157e-04 3.457071e-01 -9.426056e-05 9.999999e-01 -3.304749e-04 -7.175957e-03 2.155849e-04 3.304959e-04 9.999999e-01 -3.626213e-01
9.999748e-01 6.262438e-04 -7.066990e-03 3.372188e-01 -6.093872e-04 9.999970e-01 2.387165e-03 -1.366477e-02 7.068463e-03 -2.382800e-03 9.999722e-01 -2.213525e-01
9.999958e-01 2.931928e-04 2.878543e-03 3.470502e-01 -2.917380e-04 9.999998e-01 -5.057977e-04 -1.155732e-02 -2.878691e-03 5.049565e-04 9.999957e-01 -3.141641e-01
9.999765e-01 6.321448e-04 -6.821770e-03 4.300598e-01 -6.159289e-04 9.999970e-01 2.378927e-03 -7.373326e-03 6.823253e-03 -2.374670e-03 9.999739e-01 -5.124361e-01
9.999999e-01 -2.823149e-04 2.711678e-04 5.177969e-01 2.825963e-04 9.999994e-01 -1.038163e-03 -8.626785e-03 -2.708742e-04 1.038241e-03 9.999994e-01 -6.518003e-01
9.999527e-01 1.659966e-03 -9.582128e-03 4.858554e-01 -1.630490e-03 9.999939e-01 3.083135e-03 -1.185668e-02 9.587187e-03 -3.067366e-03 9.999493e-01 -4.931339e-01
9.999999e-01 -3.194098e-04 -1.144317e-05 4.731596e-01 3.194037e-04 9.999998e-01 -5.384786e-04 -1.701637e-02 1.161550e-05 5.384757e-04 9.999999e-01 -2.653535e-01
9.999722e-01 1.322005e-03 -7.344378e-03 6.278266e-01 -1.306796e-03 9.999970e-01 2.075299e-03 -1.494879e-02 7.347099e-03 -2.065644e-03 9.999709e-01 -4.968661e-01
9.999992e-01 -4.260371e-04 1.160717e-03 6.968345e-01 4.263067e-04 9.999999e-01 -2.319831e-04 -1.462220e-02 -1.160617e-03 2.324784e-04 9.999993e-01 -6.242053e-01
9.999689e-01 1.056767e-03 -7.820986e-03 7.323921e-01 -1.042238e-03 9.999977e-01 1.861517e-03 -1.486261e-02 7.822935e-03 -1.853309e-03 9.999677e-01 -7.034645e-01
9.999981e-01 -5.040800e-04 1.899987e-03 7.324235e-01 5.038396e-04 9.999999e-01 1.270316e-04 -1.904164e-02 -1.900050e-03 -1.260734e-04 9.999982e-01 -6.360136e-01
9.999699e-01 1.345085e-03 -7.644993e-03 7.074233e-01 -1.331712e-03 9.999976e-01 1.754150e-03 -1.847008e-02 7.647333e-03 -1.743917e-03 9.999692e-01 -6.489486e-01
9.999999e-01 -4.718789e-04 2.545172e-04 6.758970e-01 4.717427e-04 9.999997e-01 5.351534e-04 -2.022701e-02 -2.547693e-04 -5.350326e-04 9.999998e-01 -5.921251e-01
9.999628e-01 1.917328e-03 -8.412301e-03 6.020069e-01 -1.903431e-03 9.999968e-01 1.659721e-03 -1.810407e-02 8.415456e-03 -1.643648e-03 9.999632e-01 -5.296834e-01
9.999991e-01 -3.018265e-04 -1.283664e-03 5.321903e-01 3.024573e-04 9.999998e-01 4.911274e-04 -1.587929e-02 1.283516e-03 -4.915145e-04 9.999991e-01 -4.447949e-01
9.999982e-01 1.880055e-03 1.098760e-05 5.373752e-01 -1.880072e-03 9.999964e-01 1.897360e-03 -5.989517e-03 -7.420748e-06 -1.897378e-03 9.999982e-01 -6.230898e-01
9.999952e-01 -6.613513e-04 -3.038906e-03 6.283782e-01 6.616497e-04 9.999998e-01 9.715260e-05 1.134841e-03 3.038842e-03 -9.916211e-05 9.999954e-01 -8.676362e-01
9.999970e-01 1.900307e-03 -1.529774e-03 6.317205e-01 -1.896745e-03 9.999955e-01 2.326866e-03 6.699597e-03 1.534189e-03 -2.323958e-03 9.999961e-01 -9.987232e-01
9.999950e-01 -3.566118e-04 -3.126485e-03 5.638283e-01 3.566925e-04 9.999999e-01 2.524033e-05 1.784956e-02 3.126476e-03 -2.635469e-05 9.999951e-01 -1.108462e+00
9.999982e-01 1.876116e-03 1.199994e-04 5.696101e-01 -1.876399e-03 9.999954e-01 2.400573e-03 2.770518e-02 -1.154954e-04 -2.400794e-03 9.999971e-01 -1.294299e+00
9.999841e-01 -2.992229e-04 -5.637159e-03 4.698381e-01 3.009218e-04 9.999999e-01 3.005196e-04 3.924099e-02 5.637069e-03 -3.022105e-04 9.999841e-01 -1.359503e+00
9.999967e-01 1.873967e-03 1.770618e-03 3.979045e-01 -1.878154e-03 9.999954e-01 2.365949e-03 4.897730e-02 -1.766177e-03 -2.369267e-03 9.999956e-01 -1.429669e+00
9.998614e-01 7.890181e-04 -1.663217e-02 2.506761e-01 -7.875344e-04 9.999997e-01 9.575165e-05 5.039232e-02 1.663224e-02 -8.263926e-05 9.998617e-01 -1.092889e+00
9.999726e-01 7.761349e-04 7.360889e-03 1.448860e-01 -7.975002e-04 9.999955e-01 2.900038e-03 5.058421e-02 -7.358605e-03 -2.905830e-03 9.999687e-01 -8.885846e-01
9.998319e-01 8.176042e-04 -1.831481e-02 1.092138e-01 -8.315702e-04 9.999994e-01 -7.549519e-04 4.337791e-02 1.831418e-02 7.700558e-04 9.998320e-01 -5.485697e-01
9.999769e-01 1.159512e-03 6.701331e-03 3.217467e-02 -1.181724e-03 9.999938e-01 3.311506e-03 3.734315e-02 -6.697450e-03 -3.319349e-03 9.999721e-01 -1.434409e-01
9.999080e-01 -1.760647e-04 -1.355982e-02 -1.533415e-02 1.592782e-04 9.999992e-01 -1.239035e-03 3.395646e-02 1.356003e-02 1.236762e-03 9.999073e-01 2.759566e-02
9.999910e-01 1.326025e-03 4.021153e-03 -4.385154e-02 -1.339489e-03 9.999935e-01 3.347506e-03 2.780754e-02 -4.016688e-03 -3.352863e-03 9.999863e-01 2.384007e-01
9.999483e-01 -5.542877e-04 -1.015636e-02 -7.872622e-02 5.403838e-04 9.999989e-01 -1.371691e-03 2.427418e-02 1.015711e-02 1.366132e-03 9.999475e-01 3.414648e-01
9.999950e-01 1.702336e-03 2.683384e-03 -1.071239e-01 -1.711098e-03 9.999932e-01 3.266161e-03 1.968965e-02 -2.677806e-03 -3.270737e-03 9.999911e-01 4.912861e-01
9.998498e-01 1.029059e-03 -1.729904e-02 -2.133734e-01 -1.050148e-03 9.999987e-01 -1.210080e-03 1.740146e-02 1.729777e-02 1.228065e-03 9.998496e-01 9.169949e-01
9.999542e-01 -1.047344e-04 9.574136e-03 -2.643627e-01 7.327697e-05 9.999946e-01 3.285950e-03 1.273509e-02 -9.574429e-03 -3.285099e-03 9.999488e-01 1.119685e+00
9.998472e-01 8.323369e-04 -1.746300e-02 -2.844240e-01 -8.625693e-04 9.999981e-01 -1.723770e-03 9.989912e-03 1.746154e-02 1.738570e-03 9.998460e-01 1.198862e+00
9.999642e-01 4.089368e-05 8.467213e-03 -3.134174e-01 -7.722263e-05 9.999908e-01 4.290247e-03 3.381086e-03 -8.466960e-03 -4.290748e-03 9.999549e-01 1.406253e+00
9.998360e-01 1.184660e-03 -1.807041e-02 -2.865387e-01 -1.219671e-03 9.999974e-01 -1.926607e-03 -8.940876e-03 1.806808e-02 1.948332e-03 9.998349e-01 1.773144e+00
9.999950e-01 2.735720e-04 3.144298e-03 -3.516256e-01 -2.874586e-04 9.999902e-01 4.416795e-03 -8.962093e-03 -3.143060e-03 -4.417678e-03 9.999853e-01 1.986049e+00
9.999282e-01 6.433823e-04 -1.196471e-02 -4.442254e-01 -6.665647e-04 9.999979e-01 -1.933689e-03 -6.762444e-03 1.196345e-02 1.941527e-03 9.999266e-01 2.123988e+00
9.999990e-01 1.142187e-03 8.776164e-04 -4.646845e-01 -1.145676e-03 9.999914e-01 3.985729e-03 -1.758236e-02 -8.730568e-04 -3.986731e-03 9.999917e-01 2.584572e+00
9.998996e-01 1.298816e-03 -1.411310e-02 -5.229350e-01 -1.320890e-03 9.999979e-01 -1.554914e-03 -2.786394e-02 1.411105e-02 1.573400e-03 9.998992e-01 3.164205e+00
9.999959e-01 6.462334e-04 2.793850e-03 -5.736647e-01 -6.576819e-04 9.999914e-01 4.098725e-03 -3.789532e-02 -2.791178e-03 -4.100546e-03 9.999877e-01 3.657329e+00
9.999078e-01 1.069031e-03 -1.353412e-02 -6.047936e-01 -1.096372e-03 9.999974e-01 -2.012931e-03 -4.686793e-02 1.353193e-02 2.027585e-03 9.999064e-01 4.057650e+00
9.999975e-01 6.896961e-04 2.103807e-03 -6.351743e-01 -6.985349e-04 9.999909e-01 4.203408e-03 -5.734956e-02 -2.100889e-03 -4.204868e-03 9.999890e-01 4.537977e+00
9.999050e-01 1.145138e-03 -1.373650e-02 -6.392698e-01 -1.169062e-03 9.999978e-01 -1.733727e-03 -7.036379e-02 1.373448e-02 1.749622e-03 9.999041e-01 5.037408e+00
9.999912e-01 1.247390e-04 4.204415e-03 -6.453991e-01 -1.427070e-04 9.999909e-01 4.273532e-03 -8.227670e-02 -4.203844e-03 -4.274095e-03 9.999820e-01 5.411768e+00
9.998943e-01 1.406962e-03 -1.447209e-02 -6.656735e-01 -1.442554e-03 9.999960e-01 -2.449270e-03 -9.019969e-02 1.446859e-02 2.469889e-03 9.998923e-01 5.742414e+00
9.999888e-01 -4.876614e-05 4.739660e-03 -6.786903e-01 2.571159e-05 9.999882e-01 4.864082e-03 -1.013051e-01 -4.739842e-03 -4.863906e-03 9.999769e-01 6.130290e+00
9.999116e-01 1.352408e-03 -1.322795e-02 -6.972187e-01 -1.389922e-03 9.999950e-01 -2.827216e-03 -1.109004e-01 1.322406e-02 2.845352e-03 9.999085e-01 6.489590e+00
9.999985e-01 1.080853e-03 -1.333653e-03 -7.880546e-01 -1.074514e-03 9.999882e-01 4.745317e-03 -1.127993e-01 1.338765e-03 -4.743878e-03 9.999879e-01 6.899369e+00
9.999030e-01 1.767690e-03 -1.381716e-02 -1.021543e+00 -1.773464e-03 9.999983e-01 -4.056435e-04 -1.012190e-01 1.381642e-02 4.301090e-04 9.999045e-01 7.204954e+00
9.999947e-01 4.489941e-05 3.255942e-03 -1.181732e+00 -5.652985e-05 9.999936e-01 3.572005e-03 -9.618784e-02 -3.255761e-03 -3.572171e-03 9.999883e-01 7.436251e+00
9.999259e-01 1.200328e-03 -1.211124e-02 -1.200878e+00 -1.215305e-03 9.999985e-01 -1.229359e-03 -1.057703e-01 1.210975e-02 1.243988e-03 9.999259e-01 7.773282e+00
9.999957e-01 2.305549e-04 2.919869e-03 -1.229634e+00 -2.398733e-04 9.999949e-01 3.191362e-03 -1.136879e-01 -2.919118e-03 -3.192050e-03 9.999906e-01 8.111838e+00
9.999114e-01 1.457516e-03 -1.322803e-02 -1.252388e+00 -1.468702e-03 9.999986e-01 -8.359865e-04 -1.242644e-01 1.322679e-02 8.553412e-04 9.999122e-01 8.549085e+00
9.999938e-01 2.384976e-04 3.505547e-03 -1.274738e+00 -2.481625e-04 9.999962e-01 2.756779e-03 -1.340401e-01 -3.504876e-03 -2.757632e-03 9.999901e-01 8.975166e+00
9.998748e-01 1.561647e-03 -1.574342e-02 -1.299221e+00 -1.565541e-03 9.999987e-01 -2.350702e-04 -1.444770e-01 1.574303e-02 2.596884e-04 9.998760e-01 9.430263e+00
9.999927e-01 2.437270e-04 3.825794e-03 -1.304678e+00 -2.550456e-04 9.999956e-01 2.958255e-03 -1.573057e-01 -3.825057e-03 -2.959210e-03 9.999883e-01 9.933387e+00
9.998504e-01 2.168486e-03 -1.716050e-02 -1.330597e+00 -2.170686e-03 9.999976e-01 -1.096341e-04 -1.701118e-01 1.716023e-02 1.468685e-04 9.998527e-01 1.051163e+01
9.999942e-01 -1.609197e-04 3.408867e-03 -1.350158e+00 1.478027e-04 9.999926e-01 3.847758e-03 -1.839172e-01 -3.409462e-03 -3.847232e-03 9.999868e-01 1.111360e+01
9.997859e-01 3.344155e-03 -2.042067e-02 -1.400058e+00 -3.376153e-03 9.999931e-01 -1.532644e-03 -1.969219e-01 2.041540e-02 1.601260e-03 9.997903e-01 1.185323e+01
9.999798e-01 -3.555838e-04 6.350234e-03 -1.512555e+00 3.261356e-04 9.999892e-01 4.637733e-03 -2.058937e-01 -6.351814e-03 -4.635569e-03 9.999691e-01 1.258492e+01
9.998286e-01 2.809224e-03 -1.829809e-02 -1.540741e+00 -2.847600e-03 9.999938e-01 -2.071554e-03 -2.193727e-01 1.829216e-02 2.123305e-03 9.998304e-01 1.319822e+01
9.999829e-01 -5.002279e-04 5.820849e-03 -1.593740e+00 4.741621e-04 9.999899e-01 4.478490e-03 -2.303387e-01 -5.823031e-03 -4.475654e-03 9.999730e-01 1.379307e+01
9.997786e-01 3.776264e-03 -2.070033e-02 -1.680762e+00 -3.840001e-03 9.999880e-01 -3.040199e-03 -2.386453e-01 2.068860e-02 3.119016e-03 9.997811e-01 1.447588e+01
9.999856e-01 -6.260375e-04 5.338445e-03 -1.775715e+00 5.929102e-04 9.999806e-01 6.204701e-03 -2.501880e-01 -5.342226e-03 -6.201447e-03 9.999665e-01 1.522469e+01
9.998748e-01 2.519836e-03 -1.561958e-02 -1.826417e+00 -2.591239e-03 9.999863e-01 -4.552887e-03 -2.582855e-01 1.560790e-02 4.592792e-03 9.998676e-01 1.566333e+01
9.999881e-01 -7.087621e-04 4.836079e-03 -1.899260e+00 6.793938e-04 9.999813e-01 6.071643e-03 -2.645445e-01 -4.840293e-03 -6.068285e-03 9.999699e-01 1.609428e+01
9.998854e-01 2.346776e-03 -1.495301e-02 -1.989589e+00 -2.409894e-03 9.999883e-01 -4.204532e-03 -2.671229e-01 1.494297e-02 4.240086e-03 9.998794e-01 1.638005e+01
9.999945e-01 6.238087e-05 3.328345e-03 -2.103848e+00 -8.329751e-05 9.999802e-01 6.284553e-03 -2.704903e-01 -3.327887e-03 -6.284796e-03 9.999747e-01 1.684930e+01
9.998418e-01 3.097949e-03 -1.751515e-02 -2.164188e+00 -3.163531e-03 9.999881e-01 -3.717885e-03 -2.841115e-01 1.750342e-02 3.772707e-03 9.998397e-01 1.760015e+01
9.999997e-01 6.629681e-04 2.767227e-04 -2.261456e+00 -6.643938e-04 9.999863e-01 5.183248e-03 -2.944475e-01 -2.732829e-04 -5.183431e-03 9.999865e-01 1.844811e+01
9.999014e-01 2.316405e-03 -1.384888e-02 -2.389582e+00 -2.348338e-03 9.999946e-01 -2.290026e-03 -3.030223e-01 1.384351e-02 2.322323e-03 9.999015e-01 1.915159e+01
9.999999e-01 4.003957e-04 3.648737e-04 -2.480716e+00 -4.019151e-04 9.999912e-01 4.172972e-03 -3.076588e-01 -3.631999e-04 -4.173118e-03 9.999912e-01 1.962361e+01
9.998548e-01 3.096397e-03 -1.675583e-02 -2.609291e+00 -3.129270e-03 9.999932e-01 -1.936051e-03 -3.132814e-01 1.674972e-02 1.988204e-03 9.998577e-01 2.029936e+01
9.999672e-01 -1.440422e-03 7.964200e-03 -2.712772e+00 1.406555e-03 9.999900e-01 4.256394e-03 -3.154984e-01 -7.970251e-03 -4.245053e-03 9.999592e-01 2.064216e+01
9.998949e-01 2.121368e-03 -1.433953e-02 -2.732406e+00 -2.154851e-03 9.999950e-01 -2.319940e-03 -3.206358e-01 1.433454e-02 2.350597e-03 9.998945e-01 2.076296e+01
9.999990e-01 4.103688e-04 1.347861e-03 -2.898695e+00 -4.165293e-04 9.999895e-01 4.573308e-03 -3.137736e-01 -1.345971e-03 -4.573866e-03 9.999886e-01 2.100507e+01
9.999764e-01 6.759187e-04 -6.843494e-03 -3.027101e+00 -6.923438e-04 9.999969e-01 -2.398064e-03 -3.093801e-01 6.841852e-03 2.402746e-03 9.999737e-01 2.117811e+01
9.999710e-01 1.984383e-03 -7.350095e-03 -3.156723e+00 -1.955024e-03 9.999901e-01 3.999437e-03 -3.090583e-01 7.357959e-03 -3.984952e-03 9.999650e-01 2.159104e+01
9.999930e-01 6.580811e-04 -3.694462e-03 -3.268645e+00 -6.640620e-04 9.999985e-01 -1.617978e-03 -3.153223e-01 3.693392e-03 1.620420e-03 9.999919e-01 2.218787e+01
9.999699e-01 1.469706e-03 -7.620539e-03 -3.294015e+00 -1.437841e-03 9.999902e-01 4.185291e-03 -3.278480e-01 7.626615e-03 -4.174209e-03 9.999622e-01 2.273793e+01
9.999997e-01 -3.991355e-04 -6.136750e-04 -3.295663e+00 3.979996e-04 9.999982e-01 -1.850407e-03 -3.378818e-01 6.144127e-04 1.850162e-03 9.999981e-01 2.301329e+01
9.999882e-01 9.040514e-04 -4.766825e-03 -3.268928e+00 -8.873288e-04 9.999934e-01 3.509141e-03 -3.394844e-01 4.769966e-03 -3.504870e-03 9.999825e-01 2.297720e+01
9.999995e-01 -3.684698e-04 -9.061474e-04 -3.271508e+00 3.669372e-04 9.999985e-01 -1.691257e-03 -3.420794e-01 9.067695e-04 1.690924e-03 9.999982e-01 2.299107e+01
9.999877e-01 8.398484e-04 -4.885868e-03 -3.280970e+00 -8.217267e-04 9.999928e-01 3.709886e-03 -3.472673e-01 4.888949e-03 -3.705826e-03 9.999812e-01 2.308436e+01
9.999831e-01 7.455120e-04 -5.763939e-03 -3.357449e+00 -7.553207e-04 9.999983e-01 -1.699808e-03 -3.491372e-01 5.762662e-03 1.704133e-03 9.999819e-01 2.329780e+01
9.999958e-01 6.156964e-04 -2.841338e-03 -3.423689e+00 -6.040879e-04 9.999915e-01 4.084748e-03 -3.527771e-01 2.843828e-03 -4.083015e-03 9.999876e-01 2.353412e+01
9.999966e-01 8.329084e-06 -2.624868e-03 -3.449393e+00 -1.366675e-05 9.999979e-01 -2.033609e-03 -3.557127e-01 2.624846e-03 2.033639e-03 9.999945e-01 2.360449e+01
9.999915e-01 6.814508e-04 -4.070648e-03 -3.457239e+00 -6.648657e-04 9.999915e-01 4.074347e-03 -3.595843e-01 4.073389e-03 -4.071606e-03 9.999834e-01 2.366207e+01
9.999982e-01 -7.342549e-05 -1.919494e-03 -3.465205e+00 6.956701e-05 9.999980e-01 -2.010310e-03 -3.645919e-01 1.919638e-03 2.010173e-03 9.999961e-01 2.376421e+01
9.999902e-01 7.633131e-04 -4.355457e-03 -3.483675e+00 -7.460205e-04 9.999918e-01 3.970653e-03 -3.687364e-01 4.358452e-03 -3.967365e-03 9.999826e-01 2.385763e+01
9.999990e-01 2.519415e-05 -1.382162e-03 -3.480860e+00 -2.812108e-05 9.999978e-01 -2.117907e-03 -3.712992e-01 1.382106e-03 2.117945e-03 9.999968e-01 2.387465e+01
9.999909e-01 7.134542e-04 -4.212584e-03 -3.309193e+00 -6.980731e-04 9.999931e-01 3.651647e-03 -3.693981e-01 4.215160e-03 -3.648674e-03 9.999845e-01 2.361854e+01
9.999998e-01 1.274747e-05 -5.917053e-04 -3.093317e+00 -1.386430e-05 9.999982e-01 -1.888067e-03 -3.683575e-01 5.916804e-04 1.888075e-03 9.999980e-01 2.332136e+01
9.999825e-01 9.496663e-04 -5.841852e-03 -3.015140e+00 -9.308025e-04 9.999943e-01 3.230999e-03 -3.692439e-01 5.844887e-03 -3.225505e-03 9.999777e-01 2.321886e+01
1.000000e+00 -2.228214e-04 -1.910037e-04 -3.045535e+00 2.226244e-04 9.999994e-01 -1.032451e-03 -3.704654e-01 1.912339e-04 1.032409e-03 9.999994e-01 2.325243e+01
9.999875e-01 1.303660e-03 -4.819287e-03 -3.045742e+00 -1.290698e-03 9.999955e-01 2.691701e-03 -3.657660e-01 4.822774e-03 -2.685448e-03 9.999848e-01 2.315749e+01
9.999980e-01 -6.087616e-05 -2.001890e-03 -3.120526e+00 6.125546e-05 1.000000e+00 1.892393e-04 -3.619685e-01 2.001879e-03 -1.893609e-04 9.999980e-01 2.314880e+01
9.999903e-01 1.086795e-03 -4.274079e-03 -3.199186e+00 -1.079121e-03 9.999978e-01 1.797500e-03 -3.609755e-01 4.276023e-03 -1.792871e-03 9.999893e-01 2.322478e+01
9.998059e-01 5.645867e-03 -1.887667e-02 -3.582676e+00 -5.647359e-03 9.999841e-01 -2.576479e-05 -3.519567e-01 1.887623e-02 1.323638e-04 9.998218e-01 2.448785e+01
9.999749e-01 -5.735175e-06 -7.078743e-03 -3.935462e+00 5.550871e-05 9.999753e-01 7.031283e-03 -3.496807e-01 7.078528e-03 -7.031501e-03 9.999502e-01 2.579648e+01
9.999894e-01 1.922462e-03 -4.185561e-03 -3.957943e+00 -1.943919e-03 9.999850e-01 -5.128577e-03 -3.603223e-01 4.175638e-03 5.136660e-03 9.999781e-01 2.625814e+01
9.999355e-01 1.006871e-03 -1.131575e-02 -4.006929e+00 -9.152675e-04 9.999668e-01 8.097491e-03 -3.724570e-01 1.132352e-02 -8.086612e-03 9.999032e-01 2.700720e+01
9.999995e-01 7.668736e-04 -6.523636e-04 -4.032770e+00 -7.706197e-04 9.999831e-01 -5.762135e-03 -3.760768e-01 6.479339e-04 5.762636e-03 9.999832e-01 2.725926e+01
9.999930e-01 5.190222e-04 -3.700754e-03 -3.947324e+00 -4.904741e-04 9.999701e-01 7.710979e-03 -3.687109e-01 3.704646e-03 -7.709110e-03 9.999634e-01 2.705138e+01
9.999996e-01 5.133649e-04 -7.543487e-04 -3.964797e+00 -5.176157e-04 9.999839e-01 -5.646246e-03 -3.651444e-01 7.514382e-04 5.646635e-03 9.999838e-01 2.698206e+01
9.999945e-01 2.212292e-04 -3.294716e-03 -3.922471e+00 -1.973560e-04 9.999737e-01 7.244565e-03 -3.624692e-01 3.296232e-03 -7.243876e-03 9.999683e-01 2.685674e+01
9.999922e-01 4.925746e-04 -3.922092e-03 -3.749802e+00 -5.156580e-04 9.999825e-01 -5.886734e-03 -3.649947e-01 3.919124e-03 5.888711e-03 9.999750e-01 2.681973e+01
9.999750e-01 -3.893339e-05 -7.076879e-03 -3.573162e+00 8.931417e-05 9.999747e-01 7.118946e-03 -3.764935e-01 7.076422e-03 -7.119400e-03 9.999496e-01 2.697330e+01
9.999997e-01 7.182111e-04 2.154713e-04 -3.566348e+00 -7.170805e-04 9.999862e-01 -5.200523e-03 -3.793086e-01 -2.192032e-04 5.200368e-03 9.999865e-01 2.697243e+01
9.999809e-01 -1.472720e-04 -6.175860e-03 -3.558792e+00 1.896202e-04 9.999765e-01 6.857090e-03 -3.808949e-01 6.174704e-03 -6.858131e-03 9.999574e-01 2.695260e+01
9.999978e-01 7.778626e-04 1.956874e-03 -3.500659e+00 -7.675511e-04 9.999858e-01 -5.264435e-03 -3.797320e-01 -1.960941e-03 5.262922e-03 9.999842e-01 2.682667e+01
9.999833e-01 3.924409e-04 -5.761483e-03 -3.471576e+00 -3.509685e-04 9.999740e-01 7.197535e-03 -3.703997e-01 5.764157e-03 -7.195393e-03 9.999575e-01 2.662334e+01
9.999988e-01 1.027331e-03 1.186223e-03 -3.463739e+00 -1.021543e-03 9.999876e-01 -4.868952e-03 -3.647160e-01 -1.191210e-03 4.867735e-03 9.999874e-01 2.652993e+01
9.999641e-01 -4.387441e-04 -8.466853e-03 -3.403970e+00 4.963461e-04 9.999767e-01 6.802384e-03 -3.704457e-01 8.463671e-03 -6.806343e-03 9.999410e-01 2.663189e+01
9.999842e-01 2.595318e-03 -4.990007e-03 -3.439547e+00 -2.618402e-03 9.999859e-01 -4.625143e-03 -3.793138e-01 4.977933e-03 4.638136e-03 9.999769e-01 2.703452e+01
9.999592e-01 9.251066e-05 -9.034660e-03 -3.455115e+00 -3.149703e-05 9.999772e-01 6.753238e-03 -3.889914e-01 9.035079e-03 -6.752678e-03 9.999364e-01 2.757842e+01
9.999306e-01 3.174485e-03 -1.134245e-02 -3.484346e+00 -3.213150e-03 9.999891e-01 -3.392341e-03 -4.035380e-01 1.133156e-02 3.428551e-03 9.999299e-01 2.830906e+01
9.999954e-01 6.818989e-04 -2.943723e-03 -3.459537e+00 -6.602576e-04 9.999728e-01 7.346572e-03 -4.140430e-01 2.948652e-03 -7.344596e-03 9.999687e-01 2.897671e+01
9.995953e-01 3.133949e-03 -2.827319e-02 -3.574960e+00 -3.214211e-03 9.999909e-01 -2.793808e-03 -4.179989e-01 2.826418e-02 2.883554e-03 9.995963e-01 2.948528e+01
9.998104e-01 -1.561621e-03 1.940736e-02 -3.691317e+00 1.442692e-03 9.999801e-01 6.140487e-03 -4.172919e-01 -1.941656e-02 -6.111325e-03 9.997928e-01 2.977254e+01
9.996411e-01 2.115694e-03 -2.670406e-02 -3.684411e+00 -2.211549e-03 9.999912e-01 -3.560499e-03 -4.235806e-01 2.669629e-02 3.618279e-03 9.996370e-01 2.994819e+01
9.998469e-01 -9.801235e-04 1.747019e-02 -3.720680e+00 8.696244e-04 9.999796e-01 6.331456e-03 -4.241576e-01 -1.747604e-02 -6.315294e-03 9.998273e-01 3.007553e+01
9.996608e-01 2.235165e-03 -2.594678e-02 -3.649373e+00 -2.350355e-03 9.999875e-01 -4.409865e-03 -4.274014e-01 2.593660e-02 4.469354e-03 9.996536e-01 3.010291e+01
9.999072e-01 -1.304494e-03 1.356400e-02 -3.552154e+00 1.206807e-03 9.999733e-01 7.207568e-03 -4.405473e-01 -1.357304e-02 -7.190530e-03 9.998820e-01 3.037278e+01
9.997483e-01 2.150887e-03 -2.233390e-02 -3.520640e+00 -2.263808e-03 9.999848e-01 -5.031994e-03 -4.516363e-01 2.232274e-02 5.081287e-03 9.997379e-01 3.064442e+01
9.999776e-01 1.614887e-05 6.699773e-03 -3.567689e+00 -6.369627e-05 9.999748e-01 7.096648e-03 -4.592289e-01 -6.699490e-03 -7.096916e-03 9.999524e-01 3.113531e+01
9.998124e-01 1.864890e-03 -1.928153e-02 -3.664074e+00 -1.957363e-03 9.999867e-01 -4.778213e-03 -4.648568e-01 1.927237e-02 4.815058e-03 9.998027e-01 3.164095e+01
9.999996e-01 8.652594e-04 5.904271e-05 -3.716579e+00 -8.656781e-04 9.999715e-01 7.494776e-03 -4.724409e-01 -5.255624e-05 -7.494825e-03 9.999719e-01 3.229853e+01
9.997665e-01 1.092063e-03 -2.158275e-02 -3.780324e+00 -1.169876e-03 9.999929e-01 -3.593050e-03 -4.826535e-01 2.157867e-02 3.617460e-03 9.997606e-01 3.292402e+01
9.999486e-01 1.735374e-04 1.013981e-02 -3.803598e+00 -2.456728e-04 9.999747e-01 7.113224e-03 -4.936116e-01 -1.013832e-02 -7.115350e-03 9.999233e-01 3.347382e+01
9.997603e-01 1.133725e-03 -2.186373e-02 -3.797743e+00 -1.229906e-03 9.999896e-01 -4.386166e-03 -5.012487e-01 2.185853e-02 4.412006e-03 9.997513e-01 3.374744e+01
9.998936e-01 -4.723050e-04 1.457777e-02 -3.812608e+00 3.785368e-04 9.999792e-01 6.434330e-03 -5.074382e-01 -1.458051e-02 -6.428128e-03 9.998730e-01 3.392312e+01
9.997564e-01 1.403131e-03 -2.202781e-02 -3.826845e+00 -1.508589e-03 9.999875e-01 -4.771615e-03 -5.126955e-01 2.202084e-02 4.803684e-03 9.997460e-01 3.406580e+01
9.999158e-01 -6.071591e-04 1.296293e-02 -3.891155e+00 5.113797e-04 9.999726e-01 7.390718e-03 -5.153858e-01 -1.296706e-02 -7.383468e-03 9.998887e-01 3.422745e+01
9.997572e-01 1.808237e-03 -2.196257e-02 -3.850622e+00 -1.917066e-03 9.999860e-01 -4.935181e-03 -5.281040e-01 2.195334e-02 4.976087e-03 9.997466e-01 3.455512e+01
9.998892e-01 -1.507527e-03 1.480806e-02 -3.774910e+00 1.411874e-03 9.999781e-01 6.467811e-03 -5.372927e-01 -1.481749e-02 -6.446188e-03 9.998694e-01 3.466080e+01
9.997976e-01 2.760522e-03 -1.992791e-02 -3.681296e+00 -2.851921e-03 9.999855e-01 -4.559546e-03 -5.361435e-01 1.991504e-02 4.615457e-03 9.997910e-01 3.453814e+01
9.998441e-01 -2.078973e-03 1.753299e-02 -3.521884e+00 1.974081e-03 9.999801e-01 5.997720e-03 -5.305977e-01 -1.754511e-02 -5.962174e-03 9.998283e-01 3.424742e+01
9.997299e-01 2.923300e-03 -2.305684e-02 -3.442800e+00 -3.022808e-03 9.999863e-01 -4.282099e-03 -5.277845e-01 2.304400e-02 4.350639e-03 9.997250e-01 3.406464e+01
9.998358e-01 -1.723039e-03 1.804009e-02 -3.492002e+00 1.604456e-03 9.999770e-01 6.585736e-03 -5.196493e-01 -1.805102e-02 -6.555711e-03 9.998156e-01 3.396558e+01
9.997443e-01 2.597742e-03 -2.246261e-02 -3.533374e+00 -2.690793e-03 9.999879e-01 -4.113270e-03 -5.162125e-01 2.245165e-02 4.172661e-03 9.997392e-01 3.393833e+01
9.998972e-01 -1.529976e-03 1.425455e-02 -3.581309e+00 1.444558e-03 9.999810e-01 6.000677e-03 -5.189932e-01 -1.426346e-02 -5.979469e-03 9.998804e-01 3.407184e+01
9.997724e-01 2.633918e-03 -2.117082e-02 -3.652257e+00 -2.709447e-03 9.999901e-01 -3.539714e-03 -5.186157e-01 2.116129e-02 3.596270e-03 9.997696e-01 3.415382e+01
9.998818e-01 -1.333589e-03 1.531470e-02 -3.526961e+00 1.245731e-03 9.999827e-01 5.744857e-03 -5.101300e-01 -1.532210e-02 -5.725101e-03 9.998662e-01 3.383719e+01
9.997961e-01 2.630651e-03 -2.001878e-02 -3.133477e+00 -2.692270e-03 9.999917e-01 -3.051757e-03 -5.032824e-01 2.001059e-02 3.105032e-03 9.997949e-01 3.331824e+01
9.998633e-01 -2.602991e-03 1.632609e-02 -2.825606e+00 2.528881e-03 9.999864e-01 4.558346e-03 -5.015912e-01 -1.633774e-02 -4.516437e-03 9.998563e-01 3.292688e+01
9.997762e-01 3.257113e-03 -2.090120e-02 -2.719676e+00 -3.314810e-03 9.999908e-01 -2.726436e-03 -4.997820e-01 2.089213e-02 2.795110e-03 9.997778e-01 3.273391e+01
9.998597e-01 -2.921519e-03 1.649426e-02 -2.581838e+00 2.851020e-03 9.999867e-01 4.296005e-03 -5.012863e-01 -1.650659e-02 -4.248378e-03 9.998547e-01 3.256254e+01
9.994969e-01 4.317323e-03 -3.141988e-02 -2.209248e+00 -4.404367e-03 9.999867e-01 -2.701686e-03 -5.086208e-01 3.140780e-02 2.838712e-03 9.995026e-01 3.240955e+01
9.998923e-01 -3.603274e-03 1.422824e-02 -1.284013e+00 3.566589e-03 9.999903e-01 2.602819e-03 -5.129424e-01 -1.423748e-02 -2.551793e-03 9.998954e-01 3.169685e+01
9.998126e-01 3.860399e-03 -1.896826e-02 -7.823155e-01 -3.889091e-03 9.999913e-01 -1.475995e-03 -5.102703e-01 1.896239e-02 1.549489e-03 9.998190e-01 3.113502e+01
9.998748e-01 -3.440314e-03 1.544549e-02 -7.302090e-01 3.392332e-03 9.999893e-01 3.131596e-03 -5.095461e-01 -1.545610e-02 -3.078808e-03 9.998758e-01 3.101945e+01
9.997856e-01 4.363487e-03 -2.024139e-02 -7.403278e-01 -4.385320e-03 9.999898e-01 -1.034411e-03 -5.068940e-01 2.023667e-02 1.122954e-03 9.997946e-01 3.094613e+01
9.998523e-01 -3.610848e-03 1.680369e-02 -7.619210e-01 3.555712e-03 9.999882e-01 3.309857e-03 -5.035676e-01 -1.681544e-02 -3.249619e-03 9.998533e-01 3.088818e+01
9.997826e-01 4.302700e-03 -2.040158e-02 -7.179273e-01 -4.333377e-03 9.999895e-01 -1.459736e-03 -5.017451e-01 2.039509e-02 1.547827e-03 9.997908e-01 3.076725e+01
9.998629e-01 -3.575825e-03 1.616786e-02 -6.182311e-01 3.521752e-03 9.999881e-01 3.371690e-03 -4.991280e-01 -1.617972e-02 -3.314289e-03 9.998636e-01 3.057066e+01
9.997853e-01 4.732468e-03 -2.017222e-02 -5.376705e-01 -4.755570e-03 9.999881e-01 -1.097420e-03 -4.926526e-01 2.016679e-02 1.193116e-03 9.997959e-01 3.033445e+01
9.998687e-01 -3.775528e-03 1.575995e-02 -4.469696e-01 3.724490e-03 9.999877e-01 3.266571e-03 -4.887734e-01 -1.577209e-02 -3.207445e-03 9.998705e-01 3.013273e+01
9.997877e-01 4.667404e-03 -2.007131e-02 -3.189860e-01 -4.696616e-03 9.999880e-01 -1.408543e-03 -4.850152e-01 2.006450e-02 1.502512e-03 9.997976e-01 2.990211e+01
9.998524e-01 -3.955211e-03 1.671777e-02 -2.324479e-01 3.900035e-03 9.999868e-01 3.331735e-03 -4.809721e-01 -1.673073e-02 -3.266043e-03 9.998547e-01 2.971948e+01
9.997667e-01 4.992577e-03 -2.101687e-02 -2.593674e-01 -5.016110e-03 9.999868e-01 -1.067146e-03 -4.763422e-01 2.101127e-02 1.172321e-03 9.997786e-01 2.964112e+01
9.998817e-01 -4.320310e-03 1.475947e-02 -1.931559e-01 4.274111e-03 9.999859e-01 3.160217e-03 -4.771844e-01 -1.477291e-02 -3.096761e-03 9.998861e-01 2.963102e+01
9.996588e-01 5.496884e-03 -2.553677e-02 1.840123e-01 -5.541098e-03 9.999833e-01 -1.660936e-03 -4.792780e-01 2.552721e-02 1.801872e-03 9.996725e-01 2.922352e+01
9.998111e-01 -4.920155e-03 1.880410e-02 4.398613e-01 4.853025e-03 9.999817e-01 3.613914e-03 -4.751146e-01 -1.882154e-02 -3.521975e-03 9.998167e-01 2.879866e+01
9.997217e-01 5.366840e-03 -2.297145e-02 5.858101e-01 -5.417718e-03 9.999830e-01 -2.153173e-03 -4.746833e-01 2.295951e-02 2.277028e-03 9.997338e-01 2.858839e+01
9.998373e-01 -4.990792e-03 1.733581e-02 7.628532e-01 4.926385e-03 9.999808e-01 3.755907e-03 -4.746240e-01 -1.735422e-02 -3.669893e-03 9.998427e-01 2.833149e+01
9.997132e-01 5.517315e-03 -2.330353e-02 9.831915e-01 -5.572296e-03 9.999818e-01 -2.295084e-03 -4.746712e-01 2.329044e-02 2.424281e-03 9.997258e-01 2.806322e+01
9.998880e-01 -3.849378e-03 1.446065e-02 1.604284e+00 3.783761e-03 9.999824e-01 4.562194e-03 -4.853106e-01 -1.447796e-02 -4.506968e-03 9.998850e-01 2.783436e+01
9.994069e-01 4.855977e-03 -3.409323e-02 2.428592e+00 -5.040682e-03 9.999731e-01 -5.333789e-03 -4.958500e-01 3.406641e-02 5.502478e-03 9.994044e-01 2.728470e+01
9.997843e-01 -4.778370e-03 2.020971e-02 3.399437e+00 4.681281e-03 9.999773e-01 4.848647e-03 -4.976409e-01 -2.023242e-02 -4.752995e-03 9.997840e-01 2.632144e+01
9.994676e-01 5.659635e-03 -3.213136e-02 3.918499e+00 -5.824325e-03 9.999704e-01 -5.034259e-03 -5.020952e-01 3.210192e-02 5.218723e-03 9.994710e-01 2.585435e+01
9.997716e-01 -4.265048e-03 2.094026e-02 4.206049e+00 4.138236e-03 9.999729e-01 6.095470e-03 -5.095548e-01 -2.096569e-02 -6.007423e-03 9.997621e-01 2.576209e+01
9.994994e-01 5.275084e-03 -3.119560e-02 4.297752e+00 -5.414713e-03 9.999757e-01 -4.393135e-03 -5.154873e-01 3.117166e-02 4.559851e-03 9.995036e-01 2.578799e+01
9.996825e-01 -4.553447e-03 2.478147e-02 4.268088e+00 4.393771e-03 9.999693e-01 6.494002e-03 -5.152572e-01 -2.481028e-02 -6.383057e-03 9.996718e-01 2.584435e+01
9.995644e-01 5.146499e-03 -2.906178e-02 4.312300e+00 -5.284896e-03 9.999750e-01 -4.687363e-03 -5.131075e-01 2.903693e-02 4.838910e-03 9.995666e-01 2.572301e+01
9.996872e-01 -4.926470e-03 2.451908e-02 4.406671e+00 4.772233e-03 9.999685e-01 6.345002e-03 -5.139164e-01 -2.454957e-02 -6.226007e-03 9.996792e-01 2.557971e+01
9.995567e-01 5.385774e-03 -2.928045e-02 4.508001e+00 -5.523880e-03 9.999740e-01 -4.637851e-03 -5.132669e-01 2.925471e-02 4.797538e-03 9.995605e-01 2.540251e+01
9.996925e-01 -5.053345e-03 2.427772e-02 4.619183e+00 4.901780e-03 9.999682e-01 6.298391e-03 -5.119733e-01 -2.430877e-02 -6.177450e-03 9.996854e-01 2.519961e+01
9.995384e-01 5.347622e-03 -2.990488e-02 4.709910e+00 -5.489612e-03 9.999740e-01 -4.667966e-03 -5.125959e-01 2.987914e-02 4.829978e-03 9.995418e-01 2.504720e+01
9.996845e-01 -5.320086e-03 2.454955e-02 4.758474e+00 5.168397e-03 9.999672e-01 6.238173e-03 -5.158339e-01 -2.458193e-02 -6.109323e-03 9.996792e-01 2.498576e+01
9.994905e-01 5.795905e-03 -3.138598e-02 4.776073e+00 -5.937041e-03 9.999727e-01 -4.405459e-03 -5.236492e-01 3.135958e-02 4.589555e-03 9.994976e-01 2.512365e+01
9.998372e-01 -3.245991e-03 1.775170e-02 4.695167e+00 3.140101e-03 9.999771e-01 5.989628e-03 -5.280309e-01 -1.777073e-02 -5.932911e-03 9.998245e-01 2.560960e+01
9.995719e-01 4.938643e-03 -2.883782e-02 4.599378e+00 -5.014713e-03 9.999841e-01 -2.566173e-03 -5.298710e-01 2.882469e-02 2.709689e-03 9.995808e-01 2.595785e+01
9.997277e-01 -4.723848e-03 2.285299e-02 4.701304e+00 4.633271e-03 9.999812e-01 4.014781e-03 -5.305612e-01 -2.287152e-02 -3.907804e-03 9.997308e-01 2.578793e+01
9.995812e-01 5.347379e-03 -2.844129e-02 4.739568e+00 -5.414306e-03 9.999828e-01 -2.276671e-03 -5.307731e-01 2.842862e-02 2.429708e-03 9.995929e-01 2.571196e+01
9.997218e-01 -4.637850e-03 2.312783e-02 4.911371e+00 4.544042e-03 9.999812e-01 4.106925e-03 -5.267714e-01 -2.314644e-02 -4.000688e-03 9.997241e-01 2.539382e+01
9.995569e-01 4.983604e-03 -2.934598e-02 5.033268e+00 -5.055747e-03 9.999844e-01 -2.384697e-03 -5.262767e-01 2.933364e-02 2.532007e-03 9.995665e-01 2.518611e+01
9.997172e-01 -4.546137e-03 2.334166e-02 5.045651e+00 4.454684e-03 9.999822e-01 3.968514e-03 -5.280157e-01 -2.335929e-02 -3.863413e-03 9.997197e-01 2.516134e+01
9.994711e-01 5.479663e-03 -3.205490e-02 5.041656e+00 -5.550950e-03 9.999823e-01 -2.135354e-03 -5.366464e-01 3.204263e-02 2.312161e-03 9.994838e-01 2.539112e+01
9.996788e-01 -4.906825e-03 2.486416e-02 5.036805e+00 4.808550e-03 9.999804e-01 4.010713e-03 -5.432372e-01 -2.488336e-02 -3.889864e-03 9.996828e-01 2.553741e+01
9.994760e-01 5.948035e-03 -3.181810e-02 4.996922e+00 -6.022519e-03 9.999793e-01 -2.245623e-03 -5.425636e-01 3.180409e-02 2.436072e-03 9.994912e-01 2.558107e+01
9.996571e-01 -4.991285e-03 2.570380e-02 5.038482e+00 4.885651e-03 9.999794e-01 4.170781e-03 -5.377482e-01 -2.572409e-02 -4.043771e-03 9.996609e-01 2.541006e+01
9.995115e-01 5.844401e-03 -3.070295e-02 5.131605e+00 -5.913511e-03 9.999802e-01 -2.160613e-03 -5.324779e-01 3.068972e-02 2.341120e-03 9.995262e-01 2.517060e+01
9.996539e-01 -5.596489e-03 2.570507e-02 5.162163e+00 5.495669e-03 9.999769e-01 3.991111e-03 -5.337686e-01 -2.572682e-02 -3.848464e-03 9.996616e-01 2.511287e+01
9.994927e-01 5.909330e-03 -3.129490e-02 5.191294e+00 -5.975830e-03 9.999801e-01 -2.031860e-03 -5.408077e-01 3.128227e-02 2.217843e-03 9.995081e-01 2.519532e+01
9.996387e-01 -5.729066e-03 2.626012e-02 5.243519e+00 5.630503e-03 9.999768e-01 3.825706e-03 -5.452143e-01 -2.628143e-02 -3.676466e-03 9.996478e-01 2.517100e+01
9.994982e-01 6.020788e-03 -3.109966e-02 5.350938e+00 -6.096247e-03 9.999787e-01 -2.332125e-03 -5.466238e-01 3.108495e-02 2.520547e-03 9.995136e-01 2.502724e+01
9.996707e-01 -5.835366e-03 2.498715e-02 5.396760e+00 5.734024e-03 9.999751e-01 4.125496e-03 -5.519957e-01 -2.501060e-02 -3.980861e-03 9.996793e-01 2.504491e+01
9.994684e-01 6.520206e-03 -3.194270e-02 5.453032e+00 -6.592531e-03 9.999759e-01 -2.159424e-03 -5.533910e-01 3.192786e-02 2.368859e-03 9.994874e-01 2.498490e+01
9.996364e-01 -5.904566e-03 2.630879e-02 5.558388e+00 5.806050e-03 9.999759e-01 3.819397e-03 -5.520900e-01 -2.633071e-02 -3.665259e-03 9.996466e-01 2.480497e+01
9.995085e-01 6.320378e-03 -3.070673e-02 5.651982e+00 -6.390879e-03 9.999772e-01 -2.198356e-03 -5.536946e-01 3.069213e-02 2.393519e-03 9.995260e-01 2.467854e+01
9.996439e-01 -5.561516e-03 2.610046e-02 5.734445e+00 5.466611e-03 9.999782e-01 3.706038e-03 -5.543438e-01 -2.612050e-02 -3.562037e-03 9.996525e-01 2.461749e+01
9.994319e-01 6.110027e-03 -3.314543e-02 5.771117e+00 -6.159709e-03 9.999801e-01 -1.397031e-03 -5.648973e-01 3.313623e-02 1.600404e-03 9.994496e-01 2.482615e+01
9.997103e-01 -5.072818e-03 2.353012e-02 5.759085e+00 4.988754e-03 9.999810e-01 3.629897e-03 -5.722037e-01 -2.354809e-02 -3.511460e-03 9.997165e-01 2.505147e+01
9.995331e-01 6.075321e-03 -2.994387e-02 5.679690e+00 -6.109664e-03 9.999808e-01 -1.055585e-03 -5.705343e-01 2.993688e-02 1.238040e-03 9.995510e-01 2.514757e+01
9.996681e-01 -4.607726e-03 2.534646e-02 5.594126e+00 4.516520e-03 9.999831e-01 3.654437e-03 -5.611734e-01 -2.536287e-02 -3.538747e-03 9.996720e-01 2.508497e+01
9.996259e-01 6.236695e-03 -2.662977e-02 5.625858e+00 -6.274673e-03 9.999794e-01 -1.342842e-03 -5.469684e-01 2.662084e-02 1.509433e-03 9.996445e-01 2.484774e+01
9.997110e-01 -4.345495e-03 2.364365e-02 5.785429e+00 4.261732e-03 9.999845e-01 3.591960e-03 -5.320511e-01 -2.365889e-02 -3.490160e-03 9.997140e-01 2.441713e+01
9.993609e-01 5.748236e-03 -3.528181e-02 6.443941e+00 -5.820672e-03 9.999812e-01 -1.950726e-03 -5.238359e-01 3.526993e-02 2.154844e-03 9.993755e-01 2.366376e+01
9.995578e-01 -5.681296e-03 2.918859e-02 7.004205e+00 5.586779e-03 9.999789e-01 3.318661e-03 -5.276956e-01 -2.920683e-02 -3.154124e-03 9.995684e-01 2.311424e+01
9.993988e-01 6.153127e-03 -3.412003e-02 7.089548e+00 -6.210706e-03 9.999795e-01 -1.581833e-03 -5.282565e-01 3.410960e-02 1.792792e-03 9.994165e-01 2.296294e+01
9.995820e-01 -5.698280e-03 2.834339e-02 7.246396e+00 5.605314e-03 9.999787e-01 3.358319e-03 -5.258576e-01 -2.836193e-02 -3.198042e-03 9.995926e-01 2.267982e+01
9.993971e-01 6.328408e-03 -3.413644e-02 7.413068e+00 -6.384737e-03 9.999784e-01 -1.541371e-03 -5.224680e-01 3.412595e-02 1.758395e-03 9.994160e-01 2.237443e+01
9.995902e-01 -5.917889e-03 2.800817e-02 7.489380e+00 5.825091e-03 9.999773e-01 3.393641e-03 -5.228260e-01 -2.802761e-02 -3.229100e-03 9.996019e-01 2.223401e+01
9.994450e-01 6.328376e-03 -3.270475e-02 7.501110e+00 -6.384636e-03 9.999783e-01 -1.616118e-03 -5.248216e-01 3.269381e-02 1.824029e-03 9.994638e-01 2.221147e+01
9.996090e-01 -6.076489e-03 2.729353e-02 7.530576e+00 5.990464e-03 9.999768e-01 3.232463e-03 -5.272076e-01 -2.731254e-02 -3.067699e-03 9.996222e-01 2.217333e+01
9.994610e-01 6.312702e-03 -3.221435e-02 7.594046e+00 -6.369423e-03 9.999783e-01 -1.658434e-03 -5.305638e-01 3.220318e-02 1.862727e-03 9.994796e-01 2.210511e+01
9.996138e-01 -5.810211e-03 2.717498e-02 7.632470e+00 5.720061e-03 9.999779e-01 3.393918e-03 -5.315807e-01 -2.719409e-02 -3.237165e-03 9.996249e-01 2.203348e+01
9.994470e-01 6.229803e-03 -3.266410e-02 7.793881e+00 -6.294524e-03 9.999784e-01 -1.878973e-03 -5.286289e-01 3.265169e-02 2.083539e-03 9.994646e-01 2.176795e+01
9.995897e-01 -5.555330e-03 2.809816e-02 7.916498e+00 5.436013e-03 9.999759e-01 4.321029e-03 -5.247029e-01 -2.812149e-02 -4.166515e-03 9.995958e-01 2.150199e+01
9.994300e-01 5.797558e-03 -3.325646e-02 7.924652e+00 -5.877797e-03 9.999800e-01 -2.315494e-03 -5.286907e-01 3.324237e-02 2.509649e-03 9.994442e-01 2.151577e+01
9.996554e-01 -5.133836e-03 2.574228e-02 7.935197e+00 5.021759e-03 9.999776e-01 4.416572e-03 -5.370980e-01 -2.576438e-02 -4.285779e-03 9.996589e-01 2.171850e+01
9.991673e-01 6.308221e-03 -4.030903e-02 8.618667e+00 -6.441902e-03 9.999742e-01 -3.187383e-03 -5.419569e-01 4.028788e-02 3.444397e-03 9.991822e-01 2.122663e+01
9.997135e-01 -5.677908e-03 2.325121e-02 9.436579e+00 5.567377e-03 9.999729e-01 4.815718e-03 -5.488826e-01 -2.327792e-02 -4.684890e-03 9.997181e-01 2.046795e+01
9.995455e-01 6.227650e-03 -2.949652e-02 9.507780e+00 -6.309671e-03 9.999765e-01 -2.688446e-03 -5.547440e-01 2.947909e-02 2.873338e-03 9.995613e-01 2.050465e+01
9.998074e-01 -4.869535e-03 1.901387e-02 9.453327e+00 4.784295e-03 9.999783e-01 4.525938e-03 -5.559290e-01 -1.903549e-02 -4.434099e-03 9.998090e-01 2.067661e+01
9.996781e-01 6.075149e-03 -2.463293e-02 9.390949e+00 -6.136280e-03 9.999783e-01 -2.406904e-03 -5.568285e-01 2.461778e-02 2.557284e-03 9.996937e-01 2.084200e+01
9.997864e-01 -5.426753e-03 1.994413e-02 9.746002e+00 5.355863e-03 9.999792e-01 3.606097e-03 -5.547855e-01 -1.996328e-02 -3.498509e-03 9.997946e-01 2.038865e+01
9.996890e-01 6.225220e-03 -2.414948e-02 9.921375e+00 -6.270182e-03 9.999787e-01 -1.786571e-03 -5.507679e-01 2.413785e-02 1.937437e-03 9.997068e-01 2.007347e+01
9.997908e-01 -5.799522e-03 1.961246e-02 1.004349e+01 5.738122e-03 9.999785e-01 3.185479e-03 -5.501518e-01 -1.963051e-02 -3.072274e-03 9.998026e-01 1.987688e+01
9.996599e-01 5.929243e-03 -2.539497e-02 1.020255e+01 -5.979056e-03 9.999803e-01 -1.886072e-03 -5.518171e-01 2.538329e-02 2.037269e-03 9.996757e-01 1.966857e+01
9.997832e-01 -5.813760e-03 1.999500e-02 1.035625e+01 5.749231e-03 9.999781e-01 3.283227e-03 -5.543075e-01 -2.001365e-02 -3.167560e-03 9.997947e-01 1.948562e+01
9.996478e-01 6.453269e-03 -2.574028e-02 1.051023e+01 -6.499090e-03 9.999774e-01 -1.696904e-03 -5.538625e-01 2.572875e-02 1.863595e-03 9.996672e-01 1.925733e+01
9.997773e-01 -5.899237e-03 2.026012e-02 1.062927e+01 5.829173e-03 9.999768e-01 3.515544e-03 -5.521628e-01 -2.028039e-02 -3.396662e-03 9.997886e-01 1.904199e+01
9.995868e-01 7.020428e-03 -2.787504e-02 1.060169e+01 -7.054089e-03 9.999745e-01 -1.109439e-03 -5.506316e-01 2.786654e-02 1.305614e-03 9.996108e-01 1.900446e+01
9.997327e-01 -6.192523e-03 2.227566e-02 1.057410e+01 6.127184e-03 9.999767e-01 3.000211e-03 -5.492908e-01 -2.229372e-02 -2.862922e-03 9.997474e-01 1.898425e+01
9.995665e-01 7.313658e-03 -2.851870e-02 1.076537e+01 -7.346670e-03 9.999725e-01 -1.052994e-03 -5.422434e-01 2.851021e-02 1.262056e-03 9.995927e-01 1.864514e+01
9.997560e-01 -6.363732e-03 2.115107e-02 1.110860e+01 6.282364e-03 9.999726e-01 3.911202e-03 -5.286077e-01 -2.117538e-02 -3.777369e-03 9.997686e-01 1.803698e+01
