9.999873e-01 9.433146e-04 -4.946964e-03 2.343694e-02 -9.472828e-04 9.999992e-01 -7.998539e-04 -4.648656e-03 4.946205e-03 8.045292e-04 9.999874e-01 3.626253e-03
9.999936e-01 3.127957e-04 3.573561e-03 -5.990421e-02 -3.134585e-04 9.999999e-01 1.849269e-04 -6.716841e-03 -3.573503e-03 -1.860451e-04 9.999936e-01 1.510764e-01
9.999772e-01 6.746314e-04 -6.719669e-03 -1.679328e-02 -6.828007e-04 9.999990e-01 -1.213498e-03 -1.175513e-02 6.718844e-03 1.218058e-03 9.999767e-01 9.820980e-02
9.999910e-01 5.086868e-04 4.201035e-03 4.863815e-02 -5.078810e-04 9.999999e-01 -1.928642e-04 -1.465569e-02 -4.201132e-03 1.907295e-04 9.999912e-01 3.732666e-02
9.999715e-01 4.974057e-04 -7.533017e-03 1.493796e-02 -4.966929e-04 9.999999e-01 9.649689e-05 -2.199229e-02 7.533064e-03 -9.275326e-05 9.999716e-01 3.047669e-01
9.999911e-01 5.892436e-04 4.182598e-03 6.491946e-03 -5.857511e-04 9.999995e-01 -8.361840e-04 -2.721759e-02 -4.183088e-03 8.337273e-04 9.999909e-01 4.166866e-01
9.999850e-01 7.899681e-04 -5.414295e-03 -4.977870e-02 -7.918933e-04 9.999996e-01 -3.534482e-04 -3.007094e-02 5.414014e-03 3.577298e-04 9.999853e-01 5.126319e-01
9.999999e-01 -3.711223e-05 -4.252492e-04 -3.128066e-02 3.733434e-05 9.999999e-01 5.222431e-04 -4.039096e-02 4.252301e-04 -5.222582e-04 9.999998e-01 7.144947e-01
9.999898e-01 9.218678e-04 -4.425932e-03 -4.520627e-02 -9.226096e-04 9.999996e-01 -1.655720e-04 -5.039821e-02 4.425777e-03 1.696530e-04 9.999902e-01 1.026041e+00
9.999999e-01 1.059858e-04 5.082361e-04 -7.372058e-02 -1.060425e-04 1.000000e+00 1.117627e-04 -5.783484e-02 -5.082239e-04 -1.118158e-04 9.999999e-01 1.242131e+00
9.999922e-01 1.385990e-03 -3.686166e-03 -1.654272e-01 -1.384349e-03 9.999989e-01 4.475566e-04 -6.468413e-02 3.686782e-03 -4.424509e-04 9.999931e-01 1.767687e+00
9.999971e-01 -3.232888e-05 2.410933e-03 -2.617461e-01 3.328812e-05 9.999999e-01 -3.978140e-04 -7.155198e-02 -2.410920e-03 3.978938e-04 9.999970e-01 2.377510e+00
9.999943e-01 1.512846e-03 -3.030107e-03 -4.104488e-01 -1.512502e-03 9.999988e-01 1.159498e-04 -7.218224e-02 3.030279e-03 -1.113668e-04 9.999954e-01 2.692969e+00
9.999922e-01 1.691238e-04 3.935057e-03 -5.611828e-01 -1.649266e-04 9.999994e-01 -1.066899e-03 -7.173456e-02 -3.935235e-03 1.066242e-03 9.999917e-01 2.914609e+00
9.999726e-01 1.046674e-03 -7.327971e-03 -6.277188e-01 -1.042036e-03 9.999993e-01 6.367011e-04 -7.653576e-02 7.328632e-03 -6.290483e-04 9.999729e-01 3.102660e+00
9.999970e-01 -8.526746e-05 2.448717e-03 -6.206826e-01 8.809994e-05 9.999993e-01 -1.156615e-03 -8.334652e-02 -2.448616e-03 1.156828e-03 9.999963e-01 3.156142e+00
9.999904e-01 1.753695e-03 -4.009468e-03 -7.566283e-01 -1.749634e-03 9.999980e-01 1.016159e-03 -8.474625e-02 4.011241e-03 -1.009135e-03 9.999914e-01 3.523307e+00
9.999534e-01 3.298917e-04 9.653102e-03 -1.058327e+00 -3.169996e-04 9.999991e-01 -1.337036e-03 -7.788957e-02 -9.653533e-03 1.333915e-03 9.999525e-01 4.185443e+00
9.999630e-01 1.188997e-03 -8.524628e-03 -1.217108e+00 -1.185712e-03 9.999992e-01 3.903319e-04 -7.715715e-02 8.525085e-03 -3.802104e-04 9.999636e-01 4.551650e+00
9.999761e-01 3.458833e-04 6.902358e-03 -1.332679e+00 -3.389247e-04 9.999994e-01 -1.009273e-03 -7.817811e-02 -6.902703e-03 1.006911e-03 9.999757e-01 4.790626e+00
9.999772e-01 1.086358e-03 -6.668893e-03 -1.493588e+00 -1.081821e-03 9.999992e-01 6.839684e-04 -7.795822e-02 6.669630e-03 -6.767390e-04 9.999775e-01 5.159462e+00
9.999913e-01 1.451192e-04 4.179007e-03 -1.583069e+00 -1.419491e-04 9.999997e-01 -7.588629e-04 -8.306391e-02 -4.179116e-03 7.582638e-04 9.999910e-01 5.529100e+00
9.999845e-01 1.327868e-03 -5.403402e-03 -1.732084e+00 -1.323577e-03 9.999988e-01 7.976403e-04 -8.558423e-02 5.404454e-03 -7.904769e-04 9.999851e-01 5.985091e+00
9.999811e-01 2.006668e-04 6.151618e-03 -1.930302e+00 -1.941549e-04 9.999994e-01 -1.059131e-03 -8.515492e-02 -6.151826e-03 1.057917e-03 9.999805e-01 6.445810e+00
9.999502e-01 8.670069e-04 -9.942953e-03 -1.956123e+00 -8.622202e-04 9.999995e-01 4.856969e-04 -9.116213e-02 9.943369e-03 -4.771004e-04 9.999504e-01 6.601192e+00
9.999788e-01 3.785528e-04 6.506398e-03 -2.008261e+00 -3.712320e-04 9.999993e-01 -1.126338e-03 -9.445582e-02 -6.506819e-03 1.123900e-03 9.999782e-01 6.704189e+00
9.999547e-01 5.774207e-04 -9.501308e-03 -1.984538e+00 -5.760408e-04 9.999998e-01 1.479709e-04 -9.880675e-02 9.501391e-03 -1.424918e-04 9.999549e-01 6.653604e+00
9.999751e-01 8.266106e-04 7.011619e-03 -1.898080e+00 -8.184001e-04 9.999990e-01 -1.173768e-03 -1.026610e-01 -7.012582e-03 1.168001e-03 9.999747e-01 6.530971e+00
9.999809e-01 1.031265e-03 -6.089605e-03 -2.073411e+00 -1.028962e-03 9.999994e-01 3.813867e-04 -9.987550e-02 6.089995e-03 -3.751142e-04 9.999814e-01 6.808729e+00
9.999508e-01 6.699262e-04 9.894435e-03 -2.306142e+00 -6.598582e-04 9.999993e-01 -1.020767e-03 -9.557932e-02 -9.895111e-03 1.014189e-03 9.999505e-01 7.262845e+00
9.999789e-01 1.434657e-03 -6.333833e-03 -2.586667e+00 -1.430845e-03 9.999988e-01 6.062660e-04 -8.821447e-02 6.334694e-03 -5.971912e-04 9.999798e-01 7.728583e+00
9.999047e-01 9.100260e-04 1.377807e-02 -2.954536e+00 -8.861487e-04 9.999981e-01 -1.738992e-03 -7.742842e-02 -1.377962e-02 1.726617e-03 9.999036e-01 8.318512e+00
9.998731e-01 3.387910e-04 -1.592954e-02 -3.062374e+00 -3.161020e-04 9.999989e-01 1.426832e-03 -8.066096e-02 1.593000e-02 -1.421617e-03 9.998721e-01 8.607192e+00
9.999246e-01 8.586461e-04 1.225068e-02 -3.094741e+00 -8.409588e-04 9.999986e-01 -1.448857e-03 -8.921704e-02 -1.225191e-02 1.438446e-03 9.999239e-01 8.908437e+00
9.999410e-01 9.395107e-04 -1.082158e-02 -3.313070e+00 -9.260064e-04 9.999988e-01 1.252852e-03 -8.505991e-02 1.082274e-02 -1.242758e-03 9.999407e-01 9.263088e+00
9.998449e-01 1.522312e-03 1.754619e-02 -3.667190e+00 -1.480110e-03 9.999960e-01 -2.417976e-03 -7.611367e-02 -1.754980e-02 2.391632e-03 9.998431e-01 9.795637e+00
9.999013e-01 6.454766e-04 -1.403165e-02 -3.968634e+00 -6.051191e-04 9.999957e-01 2.880238e-03 -7.426893e-02 1.403345e-02 -2.871464e-03 9.998974e-01 1.073585e+01
9.996914e-01 2.155066e-03 2.474742e-02 -4.465250e+00 -2.092670e-03 9.999946e-01 -2.546929e-03 -6.245407e-02 -2.475278e-02 2.494355e-03 9.996905e-01 1.179849e+01
9.998974e-01 3.875504e-04 -1.432087e-02 -4.905506e+00 -3.719751e-04 9.999993e-01 1.090242e-03 -5.230940e-02 1.432128e-02 -1.084804e-03 9.998969e-01 1.251183e+01
9.998004e-01 1.967616e-03 1.988137e-02 -5.299412e+00 -1.944528e-03 9.999974e-01 -1.180547e-03 -3.912767e-02 -1.988364e-02 1.141652e-03 9.998016e-01 1.305746e+01
9.999112e-01 5.041225e-04 -1.331588e-02 -5.687167e+00 -5.034990e-04 9.999999e-01 5.017513e-05 -3.150701e-02 1.331591e-02 -4.346687e-05 9.999113e-01 1.362617e+01
9.998408e-01 2.112816e-03 1.771761e-02 -6.081201e+00 -2.097521e-03 9.999974e-01 -8.818183e-04 -1.979041e-02 -1.771943e-02 8.445156e-04 9.998426e-01 1.421614e+01
9.999453e-01 2.535584e-04 -1.045351e-02 -6.457810e+00 -2.560253e-04 9.999999e-01 -2.346519e-04 -1.218388e-02 1.045345e-02 2.373147e-04 9.999453e-01 1.491442e+01
9.999554e-01 1.250532e-03 9.357607e-03 -6.609026e+00 -1.247030e-03 9.999992e-01 -3.801313e-04 -1.489427e-02 -9.358074e-03 3.684459e-04 9.999561e-01 1.533192e+01
9.999242e-01 -1.408941e-06 -1.231019e-02 -6.664319e+00 -3.919985e-06 9.999999e-01 -4.328617e-04 -1.953243e-02 1.231018e-02 4.328764e-04 9.999241e-01 1.553962e+01
9.999844e-01 7.247659e-04 5.545257e-03 -6.628440e+00 -7.251405e-04 9.999997e-01 6.555523e-05 -2.831800e-02 -5.545208e-03 -6.957457e-05 9.999846e-01 1.559122e+01
9.999749e-01 9.467793e-04 -7.025471e-03 -6.810043e+00 -9.497649e-04 9.999995e-01 -4.216476e-04 -2.820507e-02 7.025068e-03 4.283089e-04 9.999752e-01 1.604936e+01
9.999687e-01 3.881885e-04 7.901952e-03 -7.014713e+00 -3.864740e-04 9.999999e-01 -2.184898e-04 -2.577350e-02 -7.902036e-03 2.154298e-04 9.999688e-01 1.638669e+01
9.999724e-01 1.262404e-03 -7.319025e-03 -7.180352e+00 -1.264500e-03 9.999992e-01 -2.816913e-04 -2.532925e-02 7.318663e-03 2.909377e-04 9.999732e-01 1.668113e+01
9.999746e-01 2.367515e-04 7.129817e-03 -7.347978e+00 -2.376649e-04 1.000000e+00 1.272683e-04 -2.631634e-02 -7.129786e-03 -1.289589e-04 9.999746e-01 1.711076e+01
9.999602e-01 1.079183e-03 -8.856266e-03 -7.471008e+00 -1.082003e-03 9.999994e-01 -3.136447e-04 -2.960182e-02 8.855921e-03 3.232140e-04 9.999607e-01 1.744493e+01
9.999807e-01 1.008541e-04 6.208549e-03 -7.578596e+00 -1.019548e-04 1.000000e+00 1.769732e-04 -3.335111e-02 -6.208530e-03 -1.776020e-04 9.999807e-01 1.773506e+01
9.999616e-01 1.168618e-03 -8.687825e-03 -7.702558e+00 -1.171146e-03 9.999993e-01 -2.859148e-04 -3.719691e-02 8.687484e-03 2.960778e-04 9.999622e-01 1.807906e+01
9.999751e-01 9.962236e-05 7.057375e-03 -7.818917e+00 -9.939702e-05 1.000000e+00 -3.227477e-05 -4.154332e-02 -7.057378e-03 3.157321e-05 9.999751e-01 1.846099e+01
9.999454e-01 1.090190e-03 -1.039550e-02 -7.910560e+00 -1.092836e-03 9.999994e-01 -2.488360e-04 -4.639222e-02 1.039522e-02 2.601823e-04 9.999459e-01 1.879381e+01
9.999802e-01 1.556750e-04 6.298507e-03 -8.006803e+00 -1.557929e-04 1.000000e+00 1.822924e-05 -5.072575e-02 -6.298504e-03 -1.920941e-05 9.999802e-01 1.912225e+01
9.999653e-01 1.031591e-03 -8.268314e-03 -8.119213e+00 -1.034890e-03 9.999994e-01 -3.947039e-04 -5.454271e-02 8.267901e-03 4.032463e-04 9.999657e-01 1.947590e+01
9.999888e-01 6.158471e-05 4.727090e-03 -8.210380e+00 -6.352217e-05 9.999999e-01 4.097219e-04 -5.964678e-02 -4.727064e-03 -4.100169e-04 9.999887e-01 1.981933e+01
9.999888e-01 1.640308e-03 -4.433627e-03 -8.387194e+00 -1.645745e-03 9.999979e-01 -1.222764e-03 -5.894465e-02 4.431612e-03 1.230047e-03 9.999894e-01 2.014889e+01
9.999719e-01 -1.251867e-04 7.496689e-03 -8.528266e+00 1.277794e-04 9.999999e-01 -3.453561e-04 -5.357528e-02 -7.496645e-03 3.463051e-04 9.999718e-01 2.022283e+01
9.999561e-01 1.351379e-03 -9.276727e-03 -8.621717e+00 -1.355160e-03 9.999990e-01 -4.013312e-04 -5.443484e-02 9.276175e-03 4.138843e-04 9.999569e-01 2.034799e+01
9.999899e-01 -4.641286e-04 4.481528e-03 -8.624711e+00 4.647936e-04 9.999999e-01 -1.473250e-04 -6.105244e-02 -4.481459e-03 1.494072e-04 9.999899e-01 2.040481e+01
9.999721e-01 1.776594e-03 -7.251619e-03 -8.745015e+00 -1.778006e-03 9.999984e-01 -1.882013e-04 -6.332672e-02 7.251273e-03 2.010888e-04 9.999737e-01 2.069964e+01
9.999742e-01 -1.854191e-04 7.179669e-03 -8.942695e+00 1.834239e-04 9.999999e-01 2.785640e-04 -6.458631e-02 -7.179720e-03 -2.772392e-04 9.999742e-01 2.122952e+01
9.999861e-01 2.093244e-03 -4.843570e-03 -9.210338e+00 -2.095424e-03 9.999977e-01 -4.448762e-04 -6.197013e-02 4.842627e-03 4.550186e-04 9.999882e-01 2.184161e+01
9.999508e-01 1.571719e-04 9.922653e-03 -9.568497e+00 -1.555559e-04 1.000000e+00 -1.636246e-04 -5.261694e-02 -9.922678e-03 1.620738e-04 9.999508e-01 2.243505e+01
9.999932e-01 2.387576e-03 -2.806129e-03 -9.992267e+00 -2.389878e-03 9.999968e-01 -8.170167e-04 -3.865330e-02 2.804169e-03 8.237167e-04 9.999957e-01 2.308864e+01
9.999830e-01 -6.113505e-04 5.803644e-03 -1.026087e+01 6.130303e-04 9.999998e-01 -2.876536e-04 -3.084109e-02 -5.803466e-03 2.912073e-04 9.999831e-01 2.345619e+01
9.999706e-01 2.017243e-03 -7.391547e-03 -1.040573e+01 -2.018344e-03 9.999980e-01 -1.413984e-04 -3.107866e-02 7.391247e-03 1.563122e-04 9.999727e-01 2.370929e+01
9.999901e-01 -9.436128e-04 4.340882e-03 -1.049695e+01 9.432053e-04 9.999996e-01 9.592192e-05 -3.586784e-02 -4.340970e-03 -9.182590e-05 9.999906e-01 2.397808e+01
9.999760e-01 2.632027e-03 -6.415561e-03 -1.062048e+01 -2.628259e-03 9.999964e-01 5.955698e-04 -4.207969e-02 6.417105e-03 -5.786945e-04 9.999792e-01 2.457153e+01
9.999503e-01 -7.564677e-04 9.938158e-03 -1.082214e+01 7.464290e-04 9.999992e-01 1.013788e-03 -5.089106e-02 -9.938917e-03 -1.006319e-03 9.999501e-01 2.572691e+01
9.999583e-01 1.970309e-03 -8.912425e-03 -1.095281e+01 -1.972836e-03 9.999980e-01 -2.747362e-04 -5.972948e-02 8.911866e-03 2.923068e-04 9.999602e-01 2.667035e+01
9.999427e-01 -4.271575e-04 1.069354e-02 -1.109447e+01 4.046032e-04 9.999977e-01 2.111225e-03 -7.220400e-02 -1.069442e-02 -2.106777e-03 9.999406e-01 2.782463e+01
9.999484e-01 1.645299e-03 -1.002294e-02 -1.120921e+01 -1.663484e-03 9.999970e-01 -1.806282e-03 -8.070814e-02 1.001994e-02 1.822861e-03 9.999481e-01 2.862166e+01
9.999799e-01 -4.157793e-04 6.325977e-03 -1.126718e+01 4.077533e-04 9.999991e-01 1.269978e-03 -8.578080e-02 -6.326500e-03 -1.267373e-03 9.999792e-01 2.883609e+01
9.999316e-01 1.064487e-03 -1.164562e-02 -1.124545e+01 -1.088539e-03 9.999973e-01 -2.059214e-03 -9.297473e-02 1.164339e-02 2.071749e-03 9.999301e-01 2.890929e+01
9.999799e-01 1.009507e-04 6.331889e-03 -1.130724e+01 -1.149873e-04 9.999975e-01 2.216501e-03 -1.007899e-01 -6.331649e-03 -2.217184e-03 9.999775e-01 2.924582e+01
9.999730e-01 1.463105e-03 -7.196033e-03 -1.146334e+01 -1.471204e-03 9.999983e-01 -1.120376e-03 -1.078987e-01 7.194381e-03 1.130932e-03 9.999735e-01 3.005873e+01
9.999560e-01 1.078241e-04 9.384099e-03 -1.162909e+01 -1.260461e-04 9.999981e-01 1.941231e-03 -1.155101e-01 -9.383872e-03 -1.942327e-03 9.999541e-01 3.093342e+01
9.999376e-01 9.641704e-04 -1.112715e-02 -1.173504e+01 -9.810584e-04 9.999984e-01 -1.512366e-03 -1.220968e-01 1.112568e-02 1.523187e-03 9.999369e-01 3.139781e+01
9.999658e-01 2.591766e-04 8.261700e-03 -1.182608e+01 -2.733502e-04 9.999985e-01 1.714499e-03 -1.283169e-01 -8.261243e-03 -1.716698e-03 9.999644e-01 3.174753e+01
9.999624e-01 1.268613e-03 -8.576270e-03 -1.198108e+01 -1.281293e-03 9.999981e-01 -1.473126e-03 -1.318435e-01 8.574384e-03 1.484059e-03 9.999621e-01 3.226033e+01
9.999580e-01 8.464206e-05 9.161242e-03 -1.215450e+01 -9.845454e-05 9.999989e-01 1.507272e-03 -1.325055e-01 -9.161104e-03 -1.508110e-03 9.999569e-01 3.274673e+01
9.999559e-01 1.473491e-03 -9.273829e-03 -1.232621e+01 -1.485540e-03 9.999981e-01 -1.292502e-03 -1.344490e-01 9.271907e-03 1.306221e-03 9.999562e-01 3.327137e+01
9.999610e-01 -3.392528e-04 8.825349e-03 -1.245277e+01 3.262166e-04 9.999989e-01 1.478527e-03 -1.380424e-01 -8.825841e-03 -1.475590e-03 9.999600e-01 3.372275e+01
9.999405e-01 1.558161e-03 -1.080111e-02 -1.256630e+01 -1.569817e-03 9.999982e-01 -1.070710e-03 -1.436051e-01 1.079943e-02 1.087601e-03 9.999411e-01 3.419962e+01
9.999524e-01 -1.382932e-04 9.759560e-03 -1.271824e+01 1.251025e-04 9.999991e-01 1.352166e-03 -1.481220e-01 -9.759738e-03 -1.350880e-03 9.999515e-01 3.474121e+01
9.999331e-01 1.352674e-03 -1.148596e-02 -1.284158e+01 -1.364371e-03 9.999986e-01 -1.010574e-03 -1.532850e-01 1.148458e-02 1.026176e-03 9.999335e-01 3.521808e+01
9.999450e-01 8.228870e-05 1.048825e-02 -1.300308e+01 -9.796930e-05 9.999989e-01 1.494563e-03 -1.573954e-01 -1.048811e-02 -1.495508e-03 9.999439e-01 3.580835e+01
9.999617e-01 1.567455e-03 -8.606701e-03 -1.322331e+01 -1.576599e-03 9.999982e-01 -1.055758e-03 -1.596500e-01 8.605030e-03 1.069287e-03 9.999624e-01 3.652667e+01
9.999566e-01 -2.729140e-04 9.308962e-03 -1.339990e+01 2.598385e-04 9.999990e-01 1.405803e-03 -1.626973e-01 -9.309336e-03 -1.403322e-03 9.999557e-01 3.712648e+01
9.999434e-01 1.456511e-03 -1.053585e-02 -1.350864e+01 -1.467222e-03 9.999984e-01 -1.008935e-03 -1.690633e-01 1.053437e-02 1.024335e-03 9.999440e-01 3.763805e+01
9.999325e-01 3.815311e-04 1.161311e-02 -1.372266e+01 -3.934211e-04 9.999994e-01 1.021587e-03 -1.695631e-01 -1.161272e-02 -1.026086e-03 9.999320e-01 3.822761e+01
9.999474e-01 1.218928e-03 -1.018133e-02 -1.398323e+01 -1.231280e-03 9.999985e-01 -1.206965e-03 -1.659160e-01 1.017984e-02 1.219437e-03 9.999474e-01 3.877012e+01
9.999316e-01 5.397865e-04 1.168499e-02 -1.419312e+01 -5.506414e-04 9.999994e-01 9.257646e-04 -1.644030e-01 -1.168448e-02 -9.321347e-04 9.999313e-01 3.920145e+01
9.999384e-01 1.097641e-03 -1.104409e-02 -1.440866e+01 -1.112815e-03 9.999984e-01 -1.367837e-03 -1.620570e-01 1.104257e-02 1.380042e-03 9.999381e-01 3.959969e+01
9.999648e-01 6.573036e-05 8.385119e-03 -1.453643e+01 -7.709119e-05 9.999991e-01 1.354568e-03 -1.661145e-01 -8.385022e-03 -1.355167e-03 9.999639e-01 3.998055e+01
9.999329e-01 1.089261e-03 -1.153190e-02 -1.462857e+01 -1.105321e-03 9.999984e-01 -1.386438e-03 -1.712883e-01 1.153037e-02 1.399091e-03 9.999325e-01 4.029282e+01
9.999651e-01 1.036480e-04 8.357634e-03 -1.472089e+01 -1.151207e-04 9.999991e-01 1.372263e-03 -1.759586e-01 -8.357483e-03 -1.373176e-03 9.999641e-01 4.059274e+01
9.999227e-01 8.389464e-04 -1.240826e-02 -1.475254e+01 -8.554401e-04 9.999988e-01 -1.323998e-03 -1.837030e-01 1.240713e-02 1.334510e-03 9.999221e-01 4.087615e+01
9.999735e-01 3.140884e-05 7.279330e-03 -1.474969e+01 -3.746620e-05 9.999997e-01 8.320033e-04 -1.909515e-01 -7.279302e-03 -8.322532e-04 9.999732e-01 4.096037e+01
9.999193e-01 9.369051e-04 -1.266727e-02 -1.467080e+01 -9.524254e-04 9.999988e-01 -1.219252e-03 -1.983843e-01 1.266612e-02 1.231217e-03 9.999190e-01 4.089309e+01
9.999687e-01 1.527818e-04 7.911750e-03 -1.449107e+01 -1.598642e-04 9.999996e-01 8.945607e-04 -2.062771e-01 -7.911609e-03 -8.957968e-04 9.999683e-01 4.072427e+01
9.998978e-01 9.450672e-04 -1.426576e-02 -1.445502e+01 -9.631791e-04 9.999987e-01 -1.262783e-03 -2.148029e-01 1.426455e-02 1.276394e-03 9.998974e-01 4.081515e+01
9.999687e-01 2.062480e-05 7.914582e-03 -1.445543e+01 -2.623081e-05 9.999997e-01 7.082186e-04 -2.227388e-01 -7.914566e-03 -7.084033e-04 9.999684e-01 4.096278e+01
9.999647e-01 1.920673e-03 -8.175798e-03 -1.461969e+01 -1.934742e-03 9.999967e-01 -1.713269e-03 -2.196301e-01 8.172479e-03 1.729026e-03 9.999651e-01 4.120619e+01
9.999370e-01 -4.494170e-04 1.121490e-02 -1.473449e+01 4.464005e-04 9.999999e-01 2.714802e-04 -2.174802e-01 -1.121502e-02 -2.664561e-04 9.999371e-01 4.128296e+01
9.998989e-01 1.454837e-03 -1.414279e-02 -1.478423e+01 -1.447286e-03 9.999988e-01 5.441421e-04 -2.264197e-01 1.414356e-02 -5.236192e-04 9.998998e-01 4.166416e+01
9.999602e-01 -6.097639e-04 8.898702e-03 -1.477649e+01 6.147217e-04 9.999997e-01 -5.543989e-04 -2.367141e-01 -8.898360e-03 5.598478e-04 9.999603e-01 4.200662e+01
9.999020e-01 1.624129e-03 -1.390382e-02 -1.477582e+01 -1.625653e-03 9.999987e-01 -9.825698e-05 -2.429750e-01 1.390364e-02 1.208494e-04 9.999033e-01 4.204320e+01
9.999347e-01 -2.512760e-04 1.142272e-02 -1.489072e+01 2.520951e-04 1.000000e+00 -7.025910e-05 -2.456115e-01 -1.142270e-02 7.313486e-05 9.999348e-01 4.231797e+01
9.999445e-01 2.098026e-03 -1.032705e-02 -1.512276e+01 -2.090657e-03 9.999976e-01 7.243339e-04 -2.470862e-01 1.032855e-02 -7.027040e-04 9.999464e-01 4.306276e+01
9.999232e-01 -5.021993e-04 1.238136e-02 -1.529920e+01 5.129859e-04 9.999995e-01 -8.680373e-04 -2.498304e-01 -1.238091e-02 8.743228e-04 9.999230e-01 4.361869e+01
9.999184e-01 2.235256e-03 -1.257639e-02 -1.549305e+01 -2.219453e-03 9.999967e-01 1.270396e-03 -2.516156e-01 1.257919e-02 -1.242380e-03 9.999201e-01 4.422023e+01
9.999126e-01 -8.127973e-04 1.319344e-02 -1.561926e+01 8.413051e-04 9.999973e-01 -2.155344e-03 -2.530053e-01 -1.319166e-02 2.166256e-03 9.999106e-01 4.455071e+01
9.998772e-01 2.014488e-03 -1.554231e-02 -1.565290e+01 -1.999865e-03 9.999975e-01 9.563317e-04 -2.546073e-01 1.554420e-02 -9.251325e-04 9.998788e-01 4.457431e+01
9.999029e-01 -7.659317e-04 1.391445e-02 -1.565073e+01 7.938756e-04 9.999977e-01 -2.002849e-03 -2.583574e-01 -1.391289e-02 2.013702e-03 9.999012e-01 4.453399e+01
9.998672e-01 2.467564e-03 -1.610686e-02 -1.547539e+01 -2.453701e-03 9.999966e-01 8.803477e-04 -2.634676e-01 1.610897e-02 -8.407101e-04 9.998699e-01 4.435387e+01
9.999332e-01 -1.372481e-03 1.147449e-02 -1.538154e+01 1.391604e-03 9.999977e-01 -1.658748e-03 -2.694353e-01 -1.147218e-02 1.674606e-03 9.999328e-01 4.426723e+01
9.998700e-01 2.362014e-03 -1.594919e-02 -1.537454e+01 -2.347911e-03 9.999968e-01 9.028786e-04 -2.749471e-01 1.595128e-02 -8.653147e-04 9.998724e-01 4.428297e+01
9.999372e-01 -1.430976e-03 1.111759e-02 -1.533011e+01 1.447077e-03 9.999979e-01 -1.440393e-03 -2.814266e-01 -1.111550e-02 1.456391e-03 9.999372e-01 4.423922e+01
9.999021e-01 2.759924e-03 -1.371575e-02 -1.520740e+01 -2.751570e-03 9.999960e-01 6.278673e-04 -2.859410e-01 1.371743e-02 -5.900668e-04 9.999057e-01 4.408186e+01
9.999341e-01 -1.363591e-03 1.139528e-02 -1.516163e+01 1.387222e-03 9.999969e-01 -2.066106e-03 -2.887121e-01 -1.139243e-02 2.081779e-03 9.999329e-01 4.401195e+01
9.998416e-01 2.846313e-03 -1.756637e-02 -1.496237e+01 -2.806470e-03 9.999934e-01 2.292356e-03 -2.981292e-01 1.757278e-02 -2.242694e-03 9.998431e-01 4.385336e+01
9.999385e-01 -2.354438e-03 1.083381e-02 -1.471560e+01 2.377495e-03 9.999949e-01 -2.115870e-03 -3.075742e-01 -1.082877e-02 2.141498e-03 9.999391e-01 4.366883e+01
9.998622e-01 3.133053e-03 -1.630338e-02 -1.461558e+01 -3.104819e-03 9.999936e-01 1.756823e-03 -3.153773e-01 1.630878e-02 -1.705963e-03 9.998655e-01 4.359334e+01
9.999254e-01 -1.909163e-03 1.206377e-02 -1.439088e+01 1.935046e-03 9.999959e-01 -2.134190e-03 -3.236733e-01 -1.205965e-02 2.157376e-03 9.999250e-01 4.338791e+01
9.998768e-01 3.276889e-03 -1.535398e-02 -1.425843e+01 -3.256466e-03 9.999938e-01 1.354955e-03 -3.286851e-01 1.535832e-02 -1.304789e-03 9.998812e-01 4.323372e+01
9.999119e-01 -2.038421e-03 1.311962e-02 -1.423208e+01 2.074728e-03 9.999941e-01 -2.754352e-03 -3.317197e-01 -1.311392e-02 2.781329e-03 9.999101e-01 4.319023e+01
9.998516e-01 3.346269e-03 -1.689641e-02 -1.413971e+01 -3.308185e-03 9.999919e-01 2.281426e-03 -3.379484e-01 1.690390e-02 -2.225192e-03 9.998546e-01 4.309016e+01
9.999175e-01 -2.099540e-03 1.267310e-02 -1.409039e+01 2.142109e-03 9.999921e-01 -3.346333e-03 -3.428888e-01 -1.266597e-02 3.373205e-03 9.999141e-01 4.306158e+01
9.998323e-01 2.949759e-03 -1.807353e-02 -1.400975e+01 -2.898557e-03 9.999917e-01 2.858514e-03 -3.501450e-01 1.808182e-02 -2.805648e-03 9.998326e-01 4.300215e+01
9.998779e-01 -1.221714e-03 1.557825e-02 -1.409321e+01 1.287864e-03 9.999902e-01 -4.237002e-03 -3.496567e-01 -1.557292e-02 4.256549e-03 9.998697e-01 4.311118e+01
9.998857e-01 3.061292e-03 -1.480648e-02 -1.428062e+01 -3.003246e-03 9.999877e-01 3.940967e-03 -3.506429e-01 1.481836e-02 -3.896050e-03 9.998826e-01 4.351012e+01
9.998835e-01 -1.166432e-03 1.522161e-02 -1.449656e+01 1.222152e-03 9.999926e-01 -3.651814e-03 -3.518304e-01 -1.521724e-02 3.669993e-03 9.998775e-01 4.414108e+01
9.998813e-01 2.676315e-03 -1.517068e-02 -1.465827e+01 -2.615799e-03 9.999885e-01 4.007507e-03 -3.571236e-01 1.518123e-02 -3.967349e-03 9.998769e-01 4.477082e+01
9.999428e-01 -1.292950e-03 1.061424e-02 -1.469337e+01 1.330897e-03 9.999927e-01 -3.568801e-03 -3.687006e-01 -1.060954e-02 3.582724e-03 9.999373e-01 4.524725e+01
9.998998e-01 2.775304e-03 -1.388015e-02 -1.471577e+01 -2.715287e-03 9.999869e-01 4.340893e-03 -3.813237e-01 1.389202e-02 -4.302770e-03 9.998942e-01 4.577106e+01
9.999330e-01 -1.360354e-03 1.149300e-02 -1.475847e+01 1.410270e-03 9.999896e-01 -4.336164e-03 -3.905400e-01 -1.148698e-02 4.352082e-03 9.999246e-01 4.613367e+01
9.998839e-01 3.041987e-03 -1.493284e-02 -1.482485e+01 -2.957661e-03 9.999796e-01 5.665911e-03 -4.024592e-01 1.494977e-02 -5.621088e-03 9.998724e-01 4.687533e+01
9.998891e-01 -1.493892e-03 1.481777e-02 -1.492228e+01 1.543184e-03 9.999933e-01 -3.315640e-03 -4.187892e-01 -1.481272e-02 3.338140e-03 9.998847e-01 4.808217e+01
9.998543e-01 3.068407e-03 -1.679053e-02 -1.499021e+01 -2.986012e-03 9.999834e-01 4.930080e-03 -4.341827e-01 1.680538e-02 -4.879226e-03 9.998469e-01 4.907820e+01
9.997777e-01 -4.676442e-04 2.107906e-02 -1.526809e+01 5.535864e-04 9.999916e-01 -4.071479e-03 -4.369628e-01 -2.107698e-02 4.082243e-03 9.997695e-01 5.013877e+01
9.998822e-01 2.281530e-03 -1.517881e-02 -1.554265e+01 -2.229255e-03 9.999915e-01 3.459926e-03 -4.348095e-01 1.518657e-02 -3.425682e-03 9.998788e-01 5.082509e+01
9.999371e-01 -9.160216e-04 1.117413e-02 -1.563314e+01 9.548577e-04 9.999935e-01 -3.470694e-03 -4.405023e-01 -1.117088e-02 3.481146e-03 9.999315e-01 5.113555e+01
9.999200e-01 2.089776e-03 -1.247763e-02 -1.572378e+01 -2.048692e-03 9.999924e-01 3.304464e-03 -4.448826e-01 1.248444e-02 -3.278638e-03 9.999167e-01 5.136447e+01
9.999542e-01 -1.092054e-03 9.509133e-03 -1.570093e+01 1.131721e-03 9.999907e-01 -4.167058e-03 -4.499536e-01 -9.504493e-03 4.177630e-03 9.999461e-01 5.132022e+01
9.999777e-01 3.278918e-03 -5.822401e-03 -1.596246e+01 -3.265779e-03 9.999921e-01 2.264699e-03 -4.389916e-01 5.829780e-03 -2.245634e-03 9.999805e-01 5.161473e+01
9.997214e-01 1.256371e-03 2.356921e-02 -1.681110e+01 -1.181105e-03 9.999942e-01 -3.207066e-03 -4.063953e-01 -2.357310e-02 3.178336e-03 9.997171e-01 5.302256e+01
9.999852e-01 4.183683e-03 3.467077e-03 -1.794405e+01 -4.188752e-03 9.999902e-01 1.455990e-03 -3.616698e-01 -3.460952e-03 -1.470492e-03 9.999929e-01 5.481714e+01
9.996189e-01 1.759924e-03 2.754929e-02 -1.912827e+01 -1.679742e-03 9.999943e-01 -2.933372e-03 -3.178869e-01 -2.755429e-02 2.885979e-03 9.996161e-01 5.688679e+01
9.999936e-01 2.674591e-03 2.376113e-03 -2.016851e+01 -2.678078e-03 9.999953e-01 1.465669e-03 -2.798282e-01 -2.372182e-03 -1.472024e-03 9.999961e-01 5.881414e+01
9.998884e-01 6.586980e-04 1.492419e-02 -2.086149e+01 -6.181510e-04 9.999961e-01 -2.721312e-03 -2.585554e-01 -1.492592e-02 2.711784e-03 9.998849e-01 6.010160e+01
9.999512e-01 1.002174e-03 -9.827833e-03 -2.113474e+01 -9.791381e-04 9.999968e-01 2.348449e-03 -2.563532e-01 9.830155e-03 -2.338712e-03 9.999489e-01 6.082767e+01
9.997199e-01 3.478851e-03 2.341034e-02 -2.184805e+01 -3.440895e-03 9.999927e-01 -1.661396e-03 -2.327051e-01 -2.341595e-02 1.580379e-03 9.997246e-01 6.241744e+01
9.999787e-01 5.796583e-04 6.501103e-03 -2.283576e+01 -5.821626e-04 9.999998e-01 3.833288e-04 -1.962527e-01 -6.500880e-03 -3.871060e-04 9.999788e-01 6.433544e+01
9.998485e-01 4.134723e-03 1.691057e-02 -2.377723e+01 -4.112757e-03 9.999907e-01 -1.333509e-03 -1.630627e-01 -1.691593e-02 1.263759e-03 9.998561e-01 6.608204e+01
9.999943e-01 -7.688965e-04 3.294735e-03 -2.451346e+01 7.693385e-04 9.999997e-01 -1.328918e-04 -1.400548e-01 -3.294632e-03 1.354251e-04 9.999946e-01 6.744215e+01
9.999914e-01 2.050975e-03 -3.607591e-03 -2.462308e+01 -2.049664e-03 9.999978e-01 3.669101e-04 -1.468908e-01 3.608336e-03 -3.595119e-04 9.999934e-01 6.793957e+01
9.999995e-01 -8.997774e-05 1.010339e-03 -2.479869e+01 9.024909e-05 1.000000e+00 -2.685414e-04 -1.492057e-01 -1.010315e-03 2.686317e-04 9.999995e-01 6.853514e+01
9.999392e-01 3.653670e-03 1.040566e-02 -2.541665e+01 -3.653746e-03 9.999933e-01 -1.165058e-05 -1.311614e-01 -1.040563e-02 -2.636903e-05 9.999459e-01 6.986116e+01
9.999378e-01 4.815534e-04 1.114001e-02 -2.622241e+01 -4.673882e-04 9.999991e-01 -1.274129e-03 -1.039834e-01 -1.114062e-02 1.268842e-03 9.999371e-01 7.138984e+01
9.999412e-01 4.079553e-03 1.004393e-02 -2.711724e+01 -4.077645e-03 9.999917e-01 -2.103929e-04 -7.018916e-02 -1.004470e-02 1.694257e-04 9.999495e-01 7.288286e+01
9.999635e-01 -6.172068e-04 8.521547e-03 -2.783562e+01 6.280458e-04 9.999990e-01 -1.269324e-03 -4.431533e-02 -8.520755e-03 1.274629e-03 9.999629e-01 7.412030e+01
9.999148e-01 5.971033e-03 1.161074e-02 -2.876650e+01 -5.983795e-03 9.999815e-01 1.064672e-03 -1.030332e-02 -1.160417e-02 -1.134056e-03 9.999320e-01 7.603155e+01
9.999461e-01 -3.709038e-03 9.695242e-03 -2.938567e+01 3.743646e-03 9.999867e-01 -3.553928e-03 1.267188e-02 -9.681932e-03 3.590031e-03 9.999467e-01 7.730156e+01
9.998675e-01 4.601580e-03 -1.561119e-02 -2.937278e+01 -4.547883e-03 9.999836e-01 3.473395e-03 3.425356e-03 1.562692e-02 -3.401937e-03 9.998721e-01 7.743859e+01
9.999498e-01 -3.767308e-03 9.288020e-03 -2.934237e+01 3.798670e-03 9.999871e-01 -3.361369e-03 -7.105464e-03 -9.275237e-03 3.396482e-03 9.999512e-01 7.762785e+01
9.998826e-01 4.803264e-03 -1.454804e-02 -2.934604e+01 -4.754115e-03 9.999829e-01 3.411102e-03 -1.589727e-02 1.456417e-02 -3.341537e-03 9.998884e-01 7.781997e+01
9.999158e-01 -3.358963e-03 1.253341e-02 -2.946987e+01 3.404122e-03 9.999878e-01 -3.583481e-03 -1.779845e-02 -1.252122e-02 3.625844e-03 9.999150e-01 7.808902e+01
9.998981e-01 4.840801e-03 -1.342701e-02 -2.964340e+01 -4.796617e-03 9.999830e-01 3.320922e-03 -1.722734e-02 1.344286e-02 -3.256179e-03 9.999043e-01 7.840188e+01
9.998891e-01 -2.789751e-03 1.463065e-02 -2.993984e+01 2.843442e-03 9.999893e-01 -3.650252e-03 -1.128050e-02 -1.462031e-02 3.691448e-03 9.998863e-01 7.892374e+01
9.999241e-01 4.828002e-03 -1.133111e-02 -3.013286e+01 -4.804567e-03 9.999863e-01 2.094501e-03 -8.612138e-03 1.134107e-02 -2.039900e-03 9.999336e-01 7.920781e+01
9.999762e-01 -3.664493e-03 5.850479e-03 -3.009119e+01 3.681695e-03 9.999889e-01 -2.932184e-03 -1.512958e-02 -5.839670e-03 2.953653e-03 9.999786e-01 7.922585e+01
9.999374e-01 4.817196e-03 -1.009895e-02 -3.011041e+01 -4.795833e-03 9.999862e-01 2.138573e-03 -1.951969e-02 1.010911e-02 -2.090006e-03 9.999467e-01 7.929406e+01
9.999755e-01 -3.864730e-03 5.839073e-03 -3.015395e+01 3.877267e-03 9.999902e-01 -2.137303e-03 -2.715789e-02 -5.830756e-03 2.159890e-03 9.999807e-01 7.959222e+01
9.999159e-01 4.772395e-03 -1.205552e-02 -3.013777e+01 -4.745211e-03 9.999861e-01 2.282427e-03 -3.773100e-02 1.206625e-02 -2.225028e-03 9.999247e-01 7.981445e+01
9.999749e-01 -4.128693e-03 5.759756e-03 -3.009394e+01 4.145087e-03 9.999874e-01 -2.837335e-03 -4.524074e-02 -5.747969e-03 2.861138e-03 9.999794e-01 7.981498e+01
9.999282e-01 5.267230e-03 -1.076142e-02 -3.000856e+01 -5.247482e-03 9.999845e-01 1.862489e-03 -5.163728e-02 1.077106e-02 -1.805885e-03 9.999404e-01 7.975728e+01
9.999827e-01 -3.776001e-03 4.515014e-03 -2.974255e+01 3.783359e-03 9.999915e-01 -1.622143e-03 -6.186860e-02 -4.508850e-03 1.639196e-03 9.999885e-01 7.954719e+01
9.999355e-01 4.657259e-03 -1.036112e-02 -2.945042e+01 -4.637775e-03 9.999874e-01 1.903727e-03 -7.222916e-02 1.036985e-02 -1.855551e-03 9.999445e-01 7.932044e+01
9.999924e-01 -2.953535e-03 2.540855e-03 -2.904613e+01 2.955540e-03 9.999953e-01 -7.856341e-04 -8.576469e-02 -2.538523e-03 7.931370e-04 9.999965e-01 7.902150e+01
9.999615e-01 3.667527e-03 -7.971848e-03 -2.869801e+01 -3.659487e-03 9.999928e-01 1.022986e-03 -9.673625e-02 7.975543e-03 -9.937735e-04 9.999677e-01 7.876300e+01
9.999942e-01 -2.674791e-03 2.112037e-03 -2.868029e+01 2.678415e-03 9.999949e-01 -1.715007e-03 -1.029681e-01 -2.107439e-03 1.720653e-03 9.999963e-01 7.880549e+01
9.999676e-01 3.594507e-03 -7.205333e-03 -2.867696e+01 -3.586106e-03 9.999929e-01 1.178548e-03 -1.093096e-01 7.209519e-03 -1.152670e-03 9.999733e-01 7.884973e+01
9.999955e-01 -2.879312e-03 8.292808e-04 -2.861030e+01 2.880667e-03 9.999945e-01 -1.638381e-03 -1.173406e-01 -8.245590e-04 1.640762e-03 9.999983e-01 7.882838e+01
9.999678e-01 3.762429e-03 -7.094529e-03 -2.857635e+01 -3.751521e-03 9.999918e-01 1.550179e-03 -1.265792e-01 7.100304e-03 -1.523513e-03 9.999736e-01 7.893768e+01
9.999953e-01 -3.079101e-03 -8.999177e-05 -2.853779e+01 3.078978e-03 9.999944e-01 -1.330239e-03 -1.380345e-01 9.408698e-05 1.329955e-03 9.999991e-01 7.918735e+01
9.999724e-01 4.009843e-03 -6.250351e-03 -2.851017e+01 -4.003401e-03 9.999914e-01 1.042814e-03 -1.473774e-01 6.254479e-03 -1.017762e-03 9.999799e-01 7.930988e+01
9.999951e-01 -3.141141e-03 -7.517053e-05 -2.849876e+01 3.141048e-03 9.999943e-01 -1.199816e-03 -1.562664e-01 7.893867e-05 1.199573e-03 9.999993e-01 7.947145e+01
9.999670e-01 4.046413e-03 -7.046947e-03 -2.844701e+01 -4.040607e-03 9.999915e-01 8.379595e-04 -1.650228e-01 7.050278e-03 -8.094572e-04 9.999748e-01 7.955191e+01
9.999950e-01 -2.765138e-03 -1.512529e-03 -2.806338e+01 2.765271e-03 9.999962e-01 8.603233e-05 -1.787929e-01 1.512285e-03 -9.021521e-05 9.999989e-01 7.929664e+01
9.999845e-01 3.118610e-03 -4.616094e-03 -2.776473e+01 -3.117845e-03 9.999951e-01 1.730094e-04 -1.896266e-01 4.616611e-03 -1.586137e-04 9.999893e-01 7.910535e+01
9.999955e-01 -2.590664e-03 -1.530618e-03 -2.753092e+01 2.590419e-03 9.999966e-01 -1.623058e-04 -1.991765e-01 1.531033e-03 1.583394e-04 9.999988e-01 7.894627e+01
9.999849e-01 3.452846e-03 -4.280071e-03 -2.745858e+01 -3.454358e-03 9.999940e-01 -3.457898e-04 -2.067577e-01 4.278851e-03 3.605702e-04 9.999908e-01 7.889740e+01
9.999977e-01 -2.104425e-03 -2.924229e-04 -2.730378e+01 2.104488e-03 9.999978e-01 2.146683e-04 -2.145306e-01 2.919702e-04 -2.152840e-04 9.999999e-01 7.876461e+01
9.999781e-01 3.204463e-03 -5.791412e-03 -2.726621e+01 -3.208652e-03 9.999946e-01 -7.141507e-04 -2.218623e-01 5.789093e-03 7.327185e-04 9.999830e-01 7.884110e+01
9.999965e-01 -2.153427e-03 1.567886e-03 -2.726598e+01 2.151222e-03 9.999967e-01 1.407034e-03 -2.340148e-01 -1.570911e-03 -1.403656e-03 9.999978e-01 7.935704e+01
9.999768e-01 3.337524e-03 -5.945992e-03 -2.727866e+01 -3.340495e-03 9.999943e-01 -4.897682e-04 -2.469544e-01 5.944324e-03 5.096201e-04 9.999822e-01 7.990359e+01
9.999962e-01 -2.325008e-03 1.480848e-03 -2.727613e+01 2.322883e-03 9.999963e-01 1.435251e-03 -2.613813e-01 -1.484179e-03 -1.431806e-03 9.999979e-01 8.048807e+01
9.999355e-01 3.203002e-03 -1.089866e-02 -2.713601e+01 -3.216781e-03 9.999940e-01 -1.246985e-03 -2.726531e-01 1.089460e-02 1.281964e-03 9.999398e-01 8.056276e+01
9.999822e-01 -1.556198e-03 5.755311e-03 -2.673906e+01 1.546847e-03 9.999975e-01 1.628795e-03 -2.825314e-01 -5.757831e-03 -1.619864e-03 9.999821e-01 8.023917e+01
9.999485e-01 2.909985e-03 -9.725072e-03 -2.650572e+01 -2.926002e-03 9.999944e-01 -1.633207e-03 -2.906083e-01 9.720265e-03 1.661579e-03 9.999514e-01 8.001020e+01
9.999836e-01 -1.902408e-03 5.405050e-03 -2.639707e+01 1.898478e-03 9.999979e-01 7.320552e-04 -2.966866e-01 -5.406432e-03 -7.217826e-04 9.999851e-01 7.990828e+01
9.999300e-01 2.821525e-03 -1.149457e-02 -2.636428e+01 -2.836176e-03 9.999952e-01 -1.258501e-03 -3.038510e-01 1.149096e-02 1.291015e-03 9.999331e-01 7.992013e+01
9.999826e-01 -2.088107e-03 5.512217e-03 -2.631910e+01 2.083809e-03 9.999975e-01 7.852953e-04 -3.113718e-01 -5.513843e-03 -7.737960e-04 9.999845e-01 7.991195e+01
9.999187e-01 2.919495e-03 -1.241182e-02 -2.623501e+01 -2.939441e-03 9.999944e-01 -1.589040e-03 -3.204198e-01 1.240711e-02 1.625396e-03 9.999217e-01 7.990588e+01
9.999878e-01 -2.299598e-03 4.370333e-03 -2.617413e+01 2.292503e-03 9.999960e-01 1.627714e-03 -3.312186e-01 -4.374059e-03 -1.617676e-03 9.999891e-01 8.004059e+01
9.999324e-01 3.034089e-03 -1.122547e-02 -2.614816e+01 -3.053073e-03 9.999939e-01 -1.674366e-03 -3.412810e-01 1.122032e-02 1.708526e-03 9.999356e-01 8.019468e+01
9.999849e-01 -2.305940e-03 4.998083e-03 -2.613428e+01 2.299842e-03 9.999966e-01 1.225444e-03 -3.491395e-01 -5.000892e-03 -1.213932e-03 9.999868e-01 8.025919e+01
9.999394e-01 3.230275e-03 -1.052849e-02 -2.607902e+01 -3.250098e-03 9.999930e-01 -1.866233e-03 -3.566064e-01 1.052239e-02 1.900339e-03 9.999428e-01 8.024568e+01
9.999908e-01 -2.648906e-03 3.385121e-03 -2.603875e+01 2.643082e-03 9.999950e-01 1.723768e-03 -3.658068e-01 -3.389670e-03 -1.714806e-03 9.999928e-01 8.031219e+01
9.999468e-01 3.468146e-03 -9.711081e-03 -2.602213e+01 -3.488117e-03 9.999918e-01 -2.040305e-03 -3.742105e-01 9.703926e-03 2.074071e-03 9.999508e-01 8.039738e+01
9.999803e-01 -2.226634e-03 5.873609e-03 -2.608425e+01 2.217166e-03 9.999962e-01 1.618036e-03 -3.786400e-01 -5.877190e-03 -1.604983e-03 9.999814e-01 8.056878e+01
9.999627e-01 3.479506e-03 -7.907048e-03 -2.619752e+01 -3.495457e-03 9.999919e-01 -2.004463e-03 -3.807656e-01 7.900009e-03 2.032028e-03 9.999667e-01 8.083868e+01
9.999915e-01 -2.465969e-03 3.293470e-03 -2.623235e+01 2.461354e-03 9.999960e-01 1.404618e-03 -3.862157e-01 -3.296921e-03 -1.396501e-03 9.999936e-01 8.095675e+01
9.999530e-01 3.410862e-03 -9.078219e-03 -2.615133e+01 -3.427599e-03 9.999925e-01 -1.828653e-03 -3.940146e-01 9.071913e-03 1.859684e-03 9.999571e-01 8.091836e+01
9.999938e-01 -2.594410e-03 2.375394e-03 -2.611581e+01 2.591280e-03 9.999958e-01 1.319667e-03 -4.018079e-01 -2.378808e-03 -1.313504e-03 9.999963e-01 8.095956e+01
9.999497e-01 3.433988e-03 -9.421569e-03 -2.606609e+01 -3.450457e-03 9.999925e-01 -1.732316e-03 -4.103051e-01 9.415550e-03 1.764738e-03 9.999541e-01 8.100916e+01
9.999928e-01 -2.678511e-03 2.697911e-03 -2.602958e+01 2.675256e-03 9.999957e-01 1.209540e-03 -4.181946e-01 -2.701139e-03 -1.202314e-03 9.999956e-01 8.106601e+01
9.999622e-01 3.530401e-03 -7.948203e-03 -2.604154e+01 -3.545295e-03 9.999920e-01 -1.860524e-03 -4.239725e-01 7.941571e-03 1.888633e-03 9.999667e-01 8.114224e+01
9.999784e-01 -2.124942e-03 6.220770e-03 -2.614224e+01 2.118132e-03 9.999972e-01 1.101078e-03 -4.235353e-01 -6.223092e-03 -1.087878e-03 9.999800e-01 8.129110e+01
9.999689e-01 3.440351e-03 -7.094308e-03 -2.623415e+01 -3.454268e-03 9.999921e-01 -1.950415e-03 -4.244923e-01 7.087543e-03 1.974861e-03 9.999729e-01 8.143998e+01
9.999922e-01 -2.226668e-03 3.262297e-03 -2.629411e+01 2.221737e-03 9.999964e-01 1.514331e-03 -4.281136e-01 -3.265658e-03 -1.507072e-03 9.999935e-01 8.158475e+01
9.999684e-01 3.288514e-03 -7.240314e-03 -2.632485e+01 -3.303055e-03 9.999926e-01 -1.997350e-03 -4.343742e-01 7.233692e-03 2.021203e-03 9.999718e-01 8.175803e+01
9.999964e-01 -2.573788e-03 -7.109333e-04 -2.623027e+01 2.575054e-03 9.999951e-01 1.786070e-03 -4.440160e-01 7.063326e-04 -1.787895e-03 9.999982e-01 8.175779e+01
9.999737e-01 2.826064e-03 -6.684952e-03 -2.606857e+01 -2.837628e-03 9.999945e-01 -1.721077e-03 -4.540052e-01 6.680051e-03 1.740002e-03 9.999762e-01 8.166760e+01
9.999958e-01 -1.448249e-03 2.515771e-03 -2.613187e+01 1.445173e-03 9.999982e-01 1.224062e-03 -4.581830e-01 -2.517539e-03 -1.220422e-03 9.999961e-01 8.185438e+01
9.999886e-01 2.520141e-03 -4.063280e-03 -2.623169e+01 -2.526201e-03 9.999957e-01 -1.486967e-03 -4.609763e-01 4.059515e-03 1.497216e-03 9.999906e-01 8.214985e+01
9.999972e-01 -1.759252e-03 -1.589707e-03 -2.620723e+01 1.760565e-03 9.999981e-01 8.253343e-04 -4.677921e-01 1.588252e-03 -8.281315e-04 9.999984e-01 8.218334e+01
9.999916e-01 2.810947e-03 -2.967918e-03 -2.624383e+01 -2.814882e-03 9.999952e-01 -1.322830e-03 -4.722420e-01 2.964186e-03 1.331174e-03 9.999947e-01 8.228307e+01
9.999965e-01 -1.933565e-03 -1.803590e-03 -2.624406e+01 1.935151e-03 9.999977e-01 8.782600e-04 -4.795040e-01 1.801887e-03 -8.817479e-04 9.999980e-01 8.238459e+01
9.999883e-01 2.714507e-03 -3.994235e-03 -2.616422e+01 -2.719724e-03 9.999955e-01 -1.301261e-03 -4.873706e-01 3.990685e-03 1.312110e-03 9.999912e-01 8.232209e+01
9.999957e-01 -1.780820e-03 -2.349262e-03 -2.611187e+01 1.782849e-03 9.999980e-01 8.620224e-04 -4.958478e-01 2.347722e-03 -8.662078e-04 9.999969e-01 8.236855e+01
9.999897e-01 2.726322e-03 -3.619475e-03 -2.609332e+01 -2.729450e-03 9.999959e-01 -8.595966e-04 -5.059914e-01 3.617117e-03 8.694677e-04 9.999931e-01 8.264091e+01
9.999954e-01 -1.866646e-03 -2.377133e-03 -2.608651e+01 1.868220e-03 9.999980e-01 6.600087e-04 -5.143846e-01 2.375896e-03 -6.644474e-04 9.999970e-01 8.279089e+01
9.999832e-01 2.645205e-03 -5.167016e-03 -2.598740e+01 -2.649780e-03 9.999961e-01 -8.787996e-04 -5.244696e-01 5.164672e-03 8.924770e-04 9.999863e-01 8.284439e+01
9.999979e-01 -1.694696e-03 -1.164559e-03 -2.571484e+01 1.696161e-03 9.999978e-01 1.257957e-03 -5.342456e-01 1.162425e-03 -1.259930e-03 9.999985e-01 8.262979e+01
9.999925e-01 3.298724e-03 -2.019697e-03 -2.544979e+01 -3.302503e-03 9.999928e-01 -1.871000e-03 -5.421910e-01 2.013510e-03 1.877657e-03 9.999962e-01 8.240962e+01
9.999883e-01 -2.434128e-03 -4.191110e-03 -2.524274e+01 2.441085e-03 9.999956e-01 1.655634e-03 -5.524674e-01 4.187061e-03 -1.665846e-03 9.999898e-01 8.228321e+01
9.999898e-01 2.842047e-03 -3.519614e-03 -2.499909e+01 -2.847255e-03 9.999949e-01 -1.475507e-03 -5.636871e-01 3.515403e-03 1.485514e-03 9.999927e-01 8.214068e+01
9.999918e-01 -1.926719e-03 -3.555060e-03 -2.493565e+01 1.930655e-03 9.999975e-01 1.104106e-03 -5.728297e-01 3.552924e-03 -1.110961e-03 9.999931e-01 8.218453e+01
9.999880e-01 2.608746e-03 -4.154932e-03 -2.484380e+01 -2.614860e-03 9.999955e-01 -1.466832e-03 -5.823987e-01 4.151087e-03 1.477680e-03 9.999903e-01 8.218836e+01
9.999916e-01 -1.948155e-03 -3.609006e-03 -2.465853e+01 1.953164e-03 9.999971e-01 1.385089e-03 -5.924932e-01 3.606297e-03 -1.392127e-03 9.999925e-01 8.209442e+01
9.999900e-01 2.887980e-03 -3.402409e-03 -2.454310e+01 -2.894032e-03 9.999942e-01 -1.775112e-03 -6.016897e-01 3.397263e-03 1.784941e-03 9.999926e-01 8.208098e+01
9.999967e-01 -1.675900e-03 -1.949661e-03 -2.436245e+01 1.678861e-03 9.999974e-01 1.518007e-03 -6.094400e-01 1.947112e-03 -1.521276e-03 9.999969e-01 8.194173e+01
9.999960e-01 2.739485e-03 -6.577470e-04 -2.428921e+01 -2.741286e-03 9.999924e-01 -2.754298e-03 -6.115752e-01 6.501969e-04 2.756091e-03 9.999960e-01 8.185850e+01
