9.999914e-01 6.691293e-04 -4.091405e-03 1.474960e-01 -6.602291e-04 9.999974e-01 2.176331e-03 -3.433200e-04 4.092850e-03 -2.173612e-03 9.999893e-01 -2.476717e-01
1.000000e+00 6.982139e-05 -6.775633e-05 2.888268e-01 -6.983513e-05 1.000000e+00 -2.031892e-04 -1.270909e-03 6.774248e-05 2.031946e-04 1.000000e+00 -4.865939e-01
9.999900e-01 8.141321e-04 -4.400209e-03 4.441669e-01 -8.038754e-04 9.999970e-01 2.332232e-03 -3.415658e-04 4.402094e-03 -2.328672e-03 9.999876e-01 -7.875580e-01
1.000000e+00 1.583009e-04 2.168291e-04 6.411795e-01 -1.583218e-04 1.000000e+00 9.687805e-05 4.008817e-04 -2.168135e-04 -9.691166e-05 1.000000e+00 -1.108537e+00
9.999909e-01 9.553675e-04 -4.165864e-03 8.381750e-01 -9.461422e-04 9.999971e-01 2.215902e-03 1.537551e-03 4.167968e-03 -2.211941e-03 9.999889e-01 -1.442785e+00
1.000000e+00 1.460885e-05 3.044074e-04 1.039549e+00 -1.455922e-05 1.000000e+00 -1.629451e-04 1.886085e-03 -3.044094e-04 1.629414e-04 9.999999e-01 -1.771663e+00
9.999904e-01 9.259070e-04 -4.278858e-03 1.215036e+00 -9.162846e-04 9.999970e-01 2.250235e-03 1.916721e-03 4.280928e-03 -2.246294e-03 9.999883e-01 -2.068334e+00
1.000000e+00 -8.895913e-05 2.058096e-04 1.384598e+00 8.901223e-05 1.000000e+00 -2.578218e-04 1.554465e-03 -2.057863e-04 2.578408e-04 9.999999e-01 -2.352245e+00
9.999891e-01 8.177131e-04 -4.605627e-03 1.532680e+00 -8.076131e-04 9.999973e-01 2.194407e-03 1.031337e-04 4.607408e-03 -2.190664e-03 9.999870e-01 -2.588706e+00
9.999993e-01 6.193904e-05 1.139015e-03 1.703148e+00 -6.188914e-05 1.000000e+00 -4.380916e-05 3.318191e-04 -1.139017e-03 4.373935e-05 9.999994e-01 -2.894854e+00
9.999814e-01 3.761591e-04 -6.084804e-03 1.772327e+00 -3.670591e-04 9.999988e-01 1.496589e-03 -3.953241e-04 6.085359e-03 -1.494328e-03 9.999804e-01 -3.047893e+00
9.999987e-01 6.912864e-04 1.470559e-03 1.953639e+00 -6.919637e-04 9.999997e-01 4.600965e-04 -1.090652e-03 -1.470240e-03 -4.611128e-04 9.999988e-01 -3.324742e+00
9.999828e-01 4.296916e-04 -5.846465e-03 2.180256e+00 -4.202757e-04 9.999986e-01 1.611683e-03 -1.085794e-03 5.847149e-03 -1.609198e-03 9.999816e-01 -3.675537e+00
9.999990e-01 7.315686e-05 1.388255e-03 2.322696e+00 -7.320561e-05 1.000000e+00 3.509770e-05 -3.744169e-03 -1.388252e-03 -3.519858e-05 9.999990e-01 -3.875651e+00
9.999802e-01 8.941561e-04 -6.236766e-03 2.485152e+00 -8.833809e-04 9.999981e-01 1.730250e-03 -5.919271e-03 6.238301e-03 -1.724707e-03 9.999791e-01 -4.106428e+00
9.999986e-01 2.962007e-04 1.620449e-03 2.733398e+00 -2.965656e-04 9.999999e-01 2.249566e-04 -6.171714e-03 -1.620382e-03 -2.254361e-04 9.999987e-01 -4.465764e+00
9.999658e-01 2.714156e-04 -8.265353e-03 2.845099e+00 -2.604965e-04 9.999991e-01 1.322120e-03 -9.526218e-03 8.265704e-03 -1.319923e-03 9.999650e-01 -4.591596e+00
9.999999e-01 -4.864135e-05 -4.746752e-04 2.867954e+00 4.842130e-05 9.999999e-01 -4.636857e-04 -1.926074e-02 4.746981e-04 4.636634e-04 9.999998e-01 -4.337273e+00
9.999825e-01 1.581544e-03 -5.703780e-03 3.033751e+00 -1.567680e-03 9.999958e-01 2.434363e-03 -2.267176e-02 5.707606e-03 -2.425379e-03 9.999808e-01 -4.496987e+00
9.999996e-01 2.803840e-04 8.304603e-04 3.437398e+00 -2.804564e-04 1.000000e+00 8.719698e-05 -1.999998e-02 -8.304354e-04 -8.742914e-05 9.999997e-01 -5.061979e+00
9.999880e-01 5.820558e-04 -4.872974e-03 3.588911e+00 -5.741212e-04 9.999985e-01 1.629545e-03 -1.939089e-02 4.873915e-03 -1.626729e-03 9.999868e-01 -5.347906e+00
9.999972e-01 -3.463419e-04 -2.360917e-03 3.565301e+00 3.444111e-04 9.999996e-01 -8.181727e-04 -2.535420e-02 2.361200e-03 8.173579e-04 9.999969e-01 -5.146067e+00
9.999749e-01 6.936956e-04 -7.050420e-03 3.522581e+00 -6.772275e-04 9.999970e-01 2.337896e-03 -3.042460e-02 7.052021e-03 -2.333063e-03 9.999724e-01 -4.867139e+00
9.999968e-01 -4.521628e-04 -2.489272e-03 3.429472e+00 4.473959e-04 9.999981e-01 -1.915235e-03 -3.597303e-02 2.490133e-03 1.914116e-03 9.999951e-01 -4.390954e+00
9.999950e-01 8.264768e-04 -3.038123e-03 3.424231e+00 -8.175847e-04 9.999954e-01 2.926940e-03 -3.976519e-02 3.040528e-03 -2.924443e-03 9.999911e-01 -4.305111e+00
9.999989e-01 2.993324e-05 -1.498744e-03 3.568292e+00 -3.154969e-05 9.999994e-01 -1.078568e-03 -4.107203e-02 1.498711e-03 1.078615e-03 9.999983e-01 -4.538568e+00
9.999948e-01 1.608260e-03 -2.810749e-03 3.849239e+00 -1.598115e-03 9.999922e-01 3.608020e-03 -4.005498e-02 2.816529e-03 -3.603510e-03 9.999895e-01 -4.962059e+00
9.999986e-01 5.053891e-04 -1.619259e-03 4.269865e+00 -5.062661e-04 9.999997e-01 -5.412799e-04 -3.363253e-02 1.618985e-03 5.420996e-04 9.999985e-01 -5.634800e+00
9.999914e-01 6.976146e-04 -4.079571e-03 4.320986e+00 -6.862736e-04 9.999959e-01 2.780708e-03 -3.040733e-02 4.081494e-03 -2.777885e-03 9.999878e-01 -5.776698e+00
9.999947e-01 -4.619785e-04 -3.227244e-03 4.239062e+00 4.554263e-04 9.999978e-01 -2.030738e-03 -3.183979e-02 3.228176e-03 2.029259e-03 9.999927e-01 -5.498745e+00
9.999834e-01 6.310326e-04 -5.729420e-03 4.176322e+00 -6.173507e-04 9.999970e-01 2.389487e-03 -3.844559e-02 5.730910e-03 -2.385911e-03 9.999807e-01 -5.117948e+00
9.999883e-01 -3.462874e-04 -4.819684e-03 4.103432e+00 3.409803e-04 9.999993e-01 -1.101927e-03 -4.501253e-02 4.820062e-03 1.100271e-03 9.999878e-01 -4.656065e+00
9.999984e-01 5.994290e-04 -1.657232e-03 4.076297e+00 -5.966940e-04 9.999985e-01 1.650378e-03 -4.906453e-02 1.658219e-03 -1.649387e-03 9.999973e-01 -4.537546e+00
9.999966e-01 -2.276603e-04 -2.614757e-03 4.158242e+00 2.277836e-04 1.000000e+00 4.679702e-05 -5.026536e-02 2.614747e-03 -4.739174e-05 9.999966e-01 -4.707170e+00
9.999974e-01 7.435995e-04 -2.168090e-03 4.226818e+00 -7.398242e-04 9.999982e-01 1.741637e-03 -5.186826e-02 2.169381e-03 -1.740030e-03 9.999961e-01 -4.840870e+00
9.999980e-01 -2.806023e-04 -1.999355e-03 4.321230e+00 2.805381e-04 1.000000e+00 -3.245330e-05 -5.357353e-02 1.999364e-03 3.189305e-05 9.999980e-01 -5.018650e+00
9.999983e-01 7.702183e-04 -1.690793e-03 4.415313e+00 -7.671901e-04 9.999981e-01 1.790945e-03 -5.522520e-02 1.692169e-03 -1.789646e-03 9.999970e-01 -5.195623e+00
9.999982e-01 -2.359190e-04 -1.874203e-03 4.516476e+00 2.359550e-04 1.000000e+00 1.895746e-05 -5.675590e-02 1.874199e-03 -1.939894e-05 9.999982e-01 -5.386710e+00
9.999984e-01 6.747692e-04 -1.655499e-03 4.608956e+00 -6.721426e-04 9.999985e-01 1.586664e-03 -5.787963e-02 1.656566e-03 -1.585549e-03 9.999974e-01 -5.575878e+00
9.999983e-01 -1.006467e-04 -1.837882e-03 4.716769e+00 1.011762e-04 1.000000e+00 2.879809e-04 -5.908142e-02 1.837853e-03 -2.881656e-04 9.999983e-01 -5.780458e+00
9.999982e-01 9.937435e-04 -1.644794e-03 4.945276e+00 -9.906983e-04 9.999978e-01 1.851257e-03 -5.944570e-02 1.646629e-03 -1.849624e-03 9.999969e-01 -6.138338e+00
9.999978e-01 -3.485386e-04 -2.083553e-03 5.109274e+00 3.483785e-04 9.999999e-01 -7.723261e-05 -6.148410e-02 2.083580e-03 7.650728e-05 9.999978e-01 -6.396758e+00
9.999978e-01 6.673739e-04 -2.010266e-03 5.205330e+00 -6.641074e-04 9.999985e-01 1.625185e-03 -6.407625e-02 2.011348e-03 -1.623847e-03 9.999967e-01 -6.560167e+00
9.999988e-01 -3.467567e-04 -1.532768e-03 5.300975e+00 3.468173e-04 9.999999e-01 3.925260e-05 -6.519130e-02 1.532754e-03 -3.978343e-05 9.999988e-01 -6.749624e+00
9.999943e-01 1.122770e-03 -3.173673e-03 5.409020e+00 -1.117159e-03 9.999978e-01 1.769086e-03 -6.585717e-02 3.175652e-03 -1.765532e-03 9.999934e-01 -6.945508e+00
9.999979e-01 -6.716384e-04 -1.957345e-03 5.491506e+00 6.714396e-04 9.999998e-01 -1.022430e-04 -6.910778e-02 1.957413e-03 1.009292e-04 9.999981e-01 -7.069712e+00
9.999916e-01 2.168098e-03 -3.479539e-03 5.727423e+00 -2.159112e-03 9.999943e-01 2.584302e-03 -7.062610e-02 3.485122e-03 -2.576768e-03 9.999906e-01 -7.381837e+00
9.999995e-01 -1.010677e-03 -3.764966e-05 5.984572e+00 1.010657e-03 9.999993e-01 -5.312867e-04 -6.969131e-02 3.818692e-05 5.312490e-04 9.999999e-01 -7.782531e+00
9.999800e-01 1.540816e-03 -6.129129e-03 5.961014e+00 -1.526105e-03 9.999959e-01 2.404155e-03 -7.166400e-02 6.132808e-03 -2.394754e-03 9.999783e-01 -7.704874e+00
9.999971e-01 -1.464719e-03 -1.911213e-03 5.898332e+00 1.461632e-03 9.999976e-01 -1.615808e-03 -7.765740e-02 1.913576e-03 1.613011e-03 9.999969e-01 -7.378449e+00
9.999831e-01 1.587456e-03 -5.590148e-03 5.858484e+00 -1.572960e-03 9.999954e-01 2.596621e-03 -8.389862e-02 5.594244e-03 -2.587785e-03 9.999810e-01 -7.137417e+00
9.999952e-01 -1.472916e-03 -2.725927e-03 5.792538e+00 1.469786e-03 9.999983e-01 -1.149786e-03 -8.788603e-02 2.727616e-03 1.145774e-03 9.999956e-01 -6.862945e+00
9.999788e-01 1.474856e-03 -6.335260e-03 5.717526e+00 -1.463253e-03 9.999972e-01 1.835825e-03 -9.324901e-02 6.337950e-03 -1.826517e-03 9.999782e-01 -6.492113e+00
9.999937e-01 -1.345389e-03 -3.292910e-03 5.693138e+00 1.341752e-03 9.999985e-01 -1.106215e-03 -1.036063e-01 3.294393e-03 1.101790e-03 9.999940e-01 -6.132077e+00
9.999806e-01 1.522707e-03 -6.046236e-03 5.699420e+00 -1.508860e-03 9.999962e-01 2.294075e-03 -1.138130e-01 6.049706e-03 -2.284908e-03 9.999791e-01 -5.883322e+00
9.999939e-01 -1.353333e-03 -3.234945e-03 5.683675e+00 1.349664e-03 9.999984e-01 -1.136251e-03 -1.234091e-01 3.236478e-03 1.131878e-03 9.999941e-01 -5.585220e+00
9.999891e-01 1.448627e-03 -4.434860e-03 5.663192e+00 -1.439267e-03 9.999967e-01 2.113234e-03 -1.313923e-01 4.437907e-03 -2.106828e-03 9.999879e-01 -5.364512e+00
9.999869e-01 -1.357155e-03 -4.931767e-03 5.643236e+00 1.353671e-03 9.999988e-01 -7.097760e-04 -1.403824e-01 4.932725e-03 7.030914e-04 9.999876e-01 -5.072572e+00
9.999968e-01 1.525653e-03 -1.998669e-03 5.627939e+00 -1.521891e-03 9.999971e-01 1.882431e-03 -1.470187e-01 2.001535e-03 -1.879384e-03 9.999962e-01 -4.954396e+00
9.999925e-01 1.419771e-03 -3.612606e-03 6.036556e+00 -1.415639e-03 9.999983e-01 1.146209e-03 -1.439218e-01 3.614227e-03 -1.141085e-03 9.999928e-01 -5.511167e+00
9.999988e-01 1.327434e-04 -1.518563e-03 6.294721e+00 -1.313156e-04 9.999995e-01 9.403457e-04 -1.438140e-01 1.518687e-03 -9.401459e-04 9.999984e-01 -5.887291e+00
9.999873e-01 9.207599e-05 -5.030250e-03 6.308903e+00 -8.892058e-05 9.999998e-01 6.274802e-04 -1.490657e-01 5.030307e-03 -6.270243e-04 9.999872e-01 -5.864937e+00
9.999910e-01 1.036744e-04 -4.230035e-03 6.297567e+00 -9.822330e-05 9.999992e-01 1.288887e-03 -1.566715e-01 4.230164e-03 -1.288461e-03 9.999902e-01 -5.659094e+00
9.999659e-01 1.440247e-04 -8.256332e-03 6.261810e+00 -1.424580e-04 1.000000e+00 1.903250e-04 -1.687776e-01 8.256360e-03 -1.891417e-04 9.999659e-01 -5.156230e+00
9.999975e-01 1.169333e-04 -2.243603e-03 6.196159e+00 -1.156816e-04 9.999998e-01 5.580565e-04 -1.782299e-01 2.243668e-03 -5.577962e-04 9.999973e-01 -4.663141e+00
9.999671e-01 6.525776e-05 -8.114342e-03 6.139123e+00 -5.982307e-05 9.999998e-01 6.699867e-04 -1.872125e-01 8.114385e-03 -6.694785e-04 9.999669e-01 -4.224704e+00
9.999983e-01 6.813923e-06 -1.854690e-03 6.092386e+00 -6.222503e-06 9.999999e-01 3.189647e-04 -1.967199e-01 1.854692e-03 -3.189533e-04 9.999982e-01 -3.823913e+00
9.999853e-01 1.466088e-04 -5.418864e-03 6.065839e+00 -1.432084e-04 9.999998e-01 6.278616e-04 -2.030240e-01 5.418955e-03 -6.270756e-04 9.999851e-01 -3.651968e+00
9.999976e-01 2.942356e-04 -2.147901e-03 6.058251e+00 -2.918252e-04 9.999993e-01 1.122527e-03 -2.087445e-01 2.148230e-03 -1.121898e-03 9.999971e-01 -3.514790e+00
9.999838e-01 -1.438238e-04 -5.694055e-03 6.062651e+00 1.421397e-04 9.999999e-01 -2.961907e-04 -2.157428e-01 5.694097e-03 2.953772e-04 9.999837e-01 -3.384217e+00
9.999912e-01 6.736591e-04 -4.137104e-03 6.069813e+00 -6.634659e-04 9.999967e-01 2.464765e-03 -2.252256e-01 4.138751e-03 -2.461999e-03 9.999884e-01 -3.148179e+00
9.999559e-01 -2.822344e-04 -9.388171e-03 6.055508e+00 2.714065e-04 9.999993e-01 -1.154622e-03 -2.407916e-01 9.388491e-03 1.152023e-03 9.999553e-01 -2.594090e+00
9.999972e-01 5.572321e-04 -2.314020e-03 6.039572e+00 -5.521501e-04 9.999974e-01 2.196281e-03 -2.541350e-01 2.315238e-03 -2.194997e-03 9.999949e-01 -2.125392e+00
9.999580e-01 -2.492262e-04 -9.163305e-03 6.038727e+00 2.446083e-04 9.999998e-01 -5.050862e-04 -2.678023e-01 9.163430e-03 5.028242e-04 9.999579e-01 -1.714518e+00
9.999999e-01 4.313658e-04 1.933436e-04 6.042976e+00 -4.316247e-04 9.999990e-01 1.340449e-03 -2.768094e-01 -1.927655e-04 -1.340533e-03 9.999991e-01 -1.508110e+00
9.999906e-01 6.927742e-05 -4.333749e-03 6.156622e+00 -6.821842e-05 1.000000e+00 2.444676e-04 -2.792419e-01 4.333766e-03 -2.441690e-04 9.999906e-01 -1.684565e+00
9.999849e-01 2.302860e-04 -5.481763e-03 6.158287e+00 -2.206992e-04 9.999984e-01 1.749421e-03 -2.886662e-01 5.482157e-03 -1.748186e-03 9.999834e-01 -1.442410e+00
9.999800e-01 6.346755e-05 -6.318080e-03 6.122371e+00 -7.004459e-05 9.999995e-01 -1.040801e-03 -3.012666e-01 6.318010e-03 1.041224e-03 9.999795e-01 -9.116697e-01
9.999873e-01 1.141470e-04 -5.034197e-03 6.082726e+00 -1.043083e-04 9.999981e-01 1.954638e-03 -3.125441e-01 5.034411e-03 -1.954088e-03 9.999854e-01 -4.208613e-01
9.999770e-01 2.112393e-04 -6.781726e-03 6.059299e+00 -2.152761e-04 9.999998e-01 -5.945493e-04 -3.240187e-01 6.781599e-03 5.959963e-04 9.999768e-01 4.796310e-02
9.999878e-01 9.419234e-05 -4.941583e-03 6.029183e+00 -8.687089e-05 9.999989e-01 1.481833e-03 -3.369760e-01 4.941717e-03 -1.481387e-03 9.999867e-01 5.542640e-01
9.999813e-01 2.343432e-04 -6.104312e-03 6.024095e+00 -2.359006e-04 9.999999e-01 -2.544362e-04 -3.499489e-01 6.104252e-03 2.558721e-04 9.999813e-01 9.748276e-01
9.999828e-01 8.733730e-05 -5.870692e-03 5.977960e+00 -7.646341e-05 9.999983e-01 1.852468e-03 -3.609336e-01 5.870844e-03 -1.851988e-03 9.999811e-01 1.492577e+00
9.999908e-01 -7.646526e-06 -4.284521e-03 5.924899e+00 3.209559e-06 9.999995e-01 -1.035635e-03 -3.710081e-01 4.284527e-03 1.035612e-03 9.999903e-01 1.936630e+00
9.999791e-01 2.402046e-04 -6.462214e-03 5.912281e+00 -2.245067e-04 9.999970e-01 2.429828e-03 -3.834582e-01 6.462778e-03 -2.428327e-03 9.999762e-01 2.346803e+00
9.999898e-01 -3.271769e-05 -4.522361e-03 5.888494e+00 2.689488e-05 9.999992e-01 -1.287662e-03 -3.948830e-01 4.522400e-03 1.287528e-03 9.999889e-01 2.763962e+00
9.999736e-01 1.599834e-04 -7.258107e-03 5.849056e+00 -1.400300e-04 9.999962e-01 2.749573e-03 -4.062886e-01 7.258519e-03 -2.748485e-03 9.999699e-01 3.241773e+00
9.999828e-01 1.042543e-04 -5.861062e-03 5.782049e+00 -1.157090e-04 9.999981e-01 -1.954104e-03 -4.185120e-01 5.860848e-03 1.954749e-03 9.999809e-01 3.870772e+00
9.999449e-01 2.848120e-04 -1.049809e-02 5.669852e+00 -2.483866e-04 9.999939e-01 3.470873e-03 -4.303385e-01 1.049901e-02 -3.468075e-03 9.999389e-01 4.723391e+00
9.999816e-01 3.250767e-05 -6.058120e-03 5.344936e+00 -5.820064e-05 9.999910e-01 -4.240990e-03 -4.295596e-01 6.057928e-03 4.241266e-03 9.999727e-01 5.967568e+00
9.999620e-01 2.789161e-04 -8.712675e-03 5.185334e+00 -2.398184e-04 9.999899e-01 4.488194e-03 -4.383427e-01 8.713838e-03 -4.485935e-03 9.999520e-01 6.866559e+00
9.999981e-01 2.815819e-05 -1.934855e-03 5.122555e+00 -3.793133e-05 9.999872e-01 -5.051371e-03 -4.478295e-01 1.934688e-03 5.051436e-03 9.999854e-01 7.394142e+00
9.999859e-01 2.506998e-04 -5.299460e-03 5.151421e+00 -2.162093e-04 9.999788e-01 6.507940e-03 -4.547078e-01 5.300979e-03 -6.506703e-03 9.999648e-01 7.441144e+00
9.999937e-01 -7.002022e-05 -3.556586e-03 5.139299e+00 5.221723e-05 9.999875e-01 -5.005554e-03 -4.615253e-01 3.556893e-03 5.005337e-03 9.999811e-01 7.613550e+00
9.999824e-01 1.535976e-04 -5.929768e-03 5.099335e+00 -1.172355e-04 9.999812e-01 6.132029e-03 -4.702165e-01 5.930598e-03 -6.131226e-03 9.999636e-01 7.977083e+00
9.999994e-01 9.745174e-05 -1.063851e-03 5.085467e+00 -1.030182e-04 9.999863e-01 -5.233832e-03 -4.765352e-01 1.063326e-03 5.233940e-03 9.999857e-01 8.128346e+00
9.999776e-01 9.355244e-05 -6.686751e-03 5.035026e+00 -4.771912e-05 9.999765e-01 6.854217e-03 -4.782122e-01 6.687235e-03 -6.853745e-03 9.999542e-01 8.272803e+00
9.999883e-01 5.347543e-06 -4.839293e-03 4.966051e+00 -3.258716e-05 9.999842e-01 -5.628834e-03 -4.870947e-01 4.839187e-03 5.628927e-03 9.999724e-01 8.790039e+00
9.999770e-01 3.465644e-04 -6.768826e-03 4.930943e+00 -3.039779e-04 9.999802e-01 6.291626e-03 -4.989388e-01 6.770871e-03 -6.289425e-03 9.999573e-01 9.312508e+00
9.999920e-01 -3.278668e-05 -4.004994e-03 4.925054e+00 1.128052e-05 9.999856e-01 -5.369807e-03 -5.107459e-01 4.005113e-03 5.369719e-03 9.999776e-01 9.709195e+00
9.999855e-01 2.524526e-04 -5.377349e-03 4.941326e+00 -2.182452e-04 9.999797e-01 6.361075e-03 -5.206982e-01 5.378845e-03 -6.359810e-03 9.999653e-01 9.934499e+00
9.999981e-01 4.025722e-05 -1.945415e-03 4.985951e+00 -5.022264e-05 9.999869e-01 -5.122881e-03 -5.282850e-01 1.945183e-03 5.122970e-03 9.999850e-01 9.986502e+00
9.999754e-01 2.293248e-04 -7.015486e-03 5.016183e+00 -1.852879e-04 9.999803e-01 6.277148e-03 -5.378665e-01 7.016787e-03 -6.275694e-03 9.999557e-01 1.016672e+01
9.999992e-01 1.157238e-03 4.059107e-04 5.186288e+00 -1.155532e-03 9.999906e-01 -4.179013e-03 -5.406591e-01 -4.107427e-04 4.178541e-03 9.999912e-01 9.959942e+00
9.999763e-01 -2.529550e-05 -6.889669e-03 5.435831e+00 6.654941e-05 9.999821e-01 5.987671e-03 -5.367324e-01 6.889394e-03 -5.987988e-03 9.999583e-01 9.567801e+00
9.999982e-01 1.228798e-03 1.439428e-03 5.575188e+00 -1.223498e-03 9.999925e-01 -3.677204e-03 -5.377466e-01 -1.443935e-03 3.675437e-03 9.999922e-01 9.370308e+00
9.999890e-01 1.786325e-04 -4.678574e-03 5.872668e+00 -1.489350e-04 9.999798e-01 6.347182e-03 -5.346976e-01 4.679614e-03 -6.346417e-03 9.999689e-01 8.886404e+00
9.999984e-01 7.185942e-04 1.636251e-03 6.123286e+00 -7.115882e-04 9.999906e-01 -4.278105e-03 -5.351142e-01 -1.639309e-03 4.276935e-03 9.999895e-01 8.510857e+00
9.999718e-01 -1.880571e-04 -7.506500e-03 6.231334e+00 2.294918e-04 9.999847e-01 5.519399e-03 -5.412492e-01 7.505347e-03 -5.520966e-03 9.999566e-01 8.438246e+00
9.999969e-01 4.633829e-04 -2.441782e-03 6.258184e+00 -4.736954e-04 9.999910e-01 -4.224588e-03 -5.521251e-01 2.439802e-03 4.225733e-03 9.999881e-01 8.687115e+00
9.999788e-01 -3.150483e-04 -6.505238e-03 6.231643e+00 3.460850e-04 9.999886e-01 4.770503e-03 -5.595786e-01 6.503661e-03 -4.772654e-03 9.999675e-01 8.977443e+00
9.999941e-01 4.201663e-04 -3.421184e-03 6.208132e+00 -4.326538e-04 9.999932e-01 -3.650210e-03 -5.678627e-01 3.419627e-03 3.651669e-03 9.999875e-01 9.282229e+00
9.999502e-01 -1.106285e-04 -9.976509e-03 6.067582e+00 1.660761e-04 9.999845e-01 5.557196e-03 -5.741042e-01 9.975739e-03 -5.558577e-03 9.999348e-01 1.001622e+01
9.999990e-01 5.317066e-04 -1.300863e-03 5.923842e+00 -5.391221e-04 9.999836e-01 -5.706973e-03 -5.833350e-01 1.297808e-03 5.707669e-03 9.999829e-01 1.083239e+01
9.999152e-01 -1.637705e-04 -1.301963e-02 5.800131e+00 2.568898e-04 9.999744e-01 7.150899e-03 -5.930371e-01 1.301813e-02 -7.153639e-03 9.998897e-01 1.163343e+01
9.999973e-01 6.779574e-04 2.210391e-03 5.770295e+00 -6.613537e-04 9.999716e-01 -7.503624e-03 -6.034578e-01 -2.215415e-03 7.502143e-03 9.999694e-01 1.208708e+01
9.999640e-01 -1.362642e-04 -8.489839e-03 5.832996e+00 2.128291e-04 9.999593e-01 9.018197e-03 -6.079144e-01 8.488264e-03 -9.019679e-03 9.999233e-01 1.203287e+01
9.999876e-01 1.668351e-03 4.689718e-03 6.110630e+00 -1.638824e-03 9.999789e-01 -6.293014e-03 -6.047453e-01 -4.700117e-03 6.285252e-03 9.999692e-01 1.155591e+01
9.999594e-01 -6.379298e-04 -8.989946e-03 6.280920e+00 7.136452e-04 9.999643e-01 8.421577e-03 -6.036284e-01 8.984252e-03 -8.427652e-03 9.999241e-01 1.123251e+01
9.999894e-01 1.676954e-03 4.292690e-03 6.422802e+00 -1.650471e-03 9.999796e-01 -6.165238e-03 -6.039850e-01 -4.302941e-03 6.158088e-03 9.999718e-01 1.099926e+01
9.999695e-01 -4.806705e-04 -7.801057e-03 6.644956e+00 5.465141e-04 9.999642e-01 8.440456e-03 -6.024051e-01 7.796721e-03 -8.444462e-03 9.999339e-01 1.061898e+01
9.999895e-01 1.993003e-03 4.121077e-03 6.916412e+00 -1.969463e-03 9.999818e-01 -5.708249e-03 -5.992876e-01 -4.132378e-03 5.700074e-03 9.999752e-01 1.015274e+01
9.999767e-01 1.478137e-04 -6.826046e-03 7.359334e+00 -8.586196e-05 9.999588e-01 9.075237e-03 -5.924604e-01 6.827106e-03 -9.074440e-03 9.999355e-01 9.437225e+00
9.999962e-01 1.610258e-03 2.229742e-03 7.689155e+00 -1.595594e-03 9.999772e-01 -6.562471e-03 -5.867639e-01 -2.240259e-03 6.558890e-03 9.999760e-01 8.882743e+00
9.999317e-01 -1.374088e-03 -1.160227e-02 7.703188e+00 1.474284e-03 9.999617e-01 8.631872e-03 -5.932322e-01 1.158997e-02 -8.648388e-03 9.998954e-01 9.031929e+00
9.999944e-01 2.047884e-03 2.657319e-03 7.717042e+00 -2.026988e-03 9.999672e-01 -7.842334e-03 -6.024750e-01 -2.673292e-03 7.836905e-03 9.999657e-01 9.259502e+00
9.999726e-01 -1.740535e-03 -7.200276e-03 7.793908e+00 1.807966e-03 9.999545e-01 9.369176e-03 -6.062207e-01 7.183641e-03 -9.381938e-03 9.999302e-01 9.184712e+00
9.999966e-01 2.381886e-03 -1.016157e-03 7.838171e+00 -2.390096e-03 9.999639e-01 -8.157420e-03 -6.110774e-01 9.966902e-04 8.159822e-03 9.999662e-01 9.219192e+00
9.999854e-01 -1.545761e-03 -5.184974e-03 7.995316e+00 1.599203e-03 9.999455e-01 1.031891e-02 -6.098588e-01 5.168740e-03 -1.032705e-02 9.999333e-01 8.955883e+00
9.999968e-01 2.408776e-03 -7.465640e-04 8.025976e+00 -2.414896e-03 9.999626e-01 -8.308991e-03 -6.109946e-01 7.265218e-04 8.310768e-03 9.999652e-01 8.912351e+00
9.999781e-01 -2.112926e-03 -6.269209e-03 8.030643e+00 2.171279e-03 9.999542e-01 9.315884e-03 -6.160629e-01 6.249238e-03 -9.329293e-03 9.999370e-01 9.013273e+00
9.999878e-01 2.467051e-03 -4.288129e-03 8.023758e+00 -2.500128e-03 9.999670e-01 -7.725535e-03 -6.252143e-01 4.268929e-03 7.736162e-03 9.999610e-01 9.309159e+00
9.999846e-01 -1.969804e-03 -5.195081e-03 8.055042e+00 2.014185e-03 9.999614e-01 8.551506e-03 -6.323768e-01 5.178035e-03 -8.561838e-03 9.999499e-01 9.424339e+00
9.999944e-01 2.735987e-03 -1.949350e-03 8.150961e+00 -2.748330e-03 9.999760e-01 -6.357896e-03 -6.335201e-01 1.931908e-03 6.363219e-03 9.999779e-01 9.320409e+00
9.999658e-01 -2.443552e-03 -7.902251e-03 8.157792e+00 2.501032e-03 9.999704e-01 7.272144e-03 -6.446381e-01 7.884247e-03 -7.291660e-03 9.999423e-01 9.662969e+00
9.999925e-01 2.789257e-03 -2.697118e-03 8.169050e+00 -2.806174e-03 9.999763e-01 -6.289026e-03 -6.563516e-01 2.679513e-03 6.296548e-03 9.999766e-01 1.001225e+01
9.999193e-01 -2.548529e-03 -1.244404e-02 8.137673e+00 2.651430e-03 9.999624e-01 8.259637e-03 -6.692736e-01 1.242252e-02 -8.291966e-03 9.998885e-01 1.059754e+01
9.999957e-01 2.921375e-03 -3.322824e-04 8.067393e+00 -2.924077e-03 9.999601e-01 -8.444359e-03 -6.820510e-01 3.076002e-04 8.445295e-03 9.999643e-01 1.126535e+01
9.999667e-01 -2.609694e-03 -7.735852e-03 8.043438e+00 2.682368e-03 9.999522e-01 9.399029e-03 -6.887568e-01 7.710954e-03 -9.419466e-03 9.999259e-01 1.147542e+01
9.999913e-01 4.018871e-03 1.081800e-03 8.239253e+00 -4.010999e-03 9.999662e-01 -7.182837e-03 -6.860333e-01 -1.110630e-03 7.178436e-03 9.999736e-01 1.125789e+01
9.999478e-01 -2.414288e-03 -9.926436e-03 8.327188e+00 2.491692e-03 9.999665e-01 7.792815e-03 -6.785837e-01 9.907290e-03 -7.817142e-03 9.999204e-01 1.137165e+01
9.999958e-01 2.814822e-03 7.224570e-04 8.325066e+00 -2.809462e-03 9.999693e-01 -7.314915e-03 -6.879596e-01 -7.430249e-04 7.312855e-03 9.999730e-01 1.165940e+01
9.999485e-01 -2.530843e-03 -9.824225e-03 8.324931e+00 2.614432e-03 9.999604e-01 8.504971e-03 -6.966483e-01 9.802312e-03 -8.530219e-03 9.999156e-01 1.186334e+01
9.999961e-01 2.794437e-03 2.517037e-04 8.305306e+00 -2.792660e-03 9.999730e-01 -6.799095e-03 -7.038198e-01 -2.706963e-04 6.798366e-03 9.999769e-01 1.209658e+01
9.999314e-01 -2.518111e-03 -1.144232e-02 8.291633e+00 2.606960e-03 9.999665e-01 7.756710e-03 -7.154230e-01 1.142240e-02 -7.786008e-03 9.999044e-01 1.250583e+01
9.999922e-01 3.127649e-03 2.413242e-03 8.300043e+00 -3.109463e-03 9.999670e-01 -7.502834e-03 -7.244820e-01 -2.436629e-03 7.495273e-03 9.999689e-01 1.280657e+01
9.999018e-01 -2.661860e-03 -1.375826e-02 8.293799e+00 2.786718e-03 9.999550e-01 9.063989e-03 -7.324240e-01 1.373352e-02 -9.101440e-03 9.998643e-01 1.310642e+01
9.999791e-01 3.489545e-03 5.438533e-03 8.347151e+00 -3.445768e-03 9.999618e-01 -8.038183e-03 -7.347893e-01 -5.466374e-03 8.019276e-03 9.999529e-01 1.312278e+01
9.999248e-01 -2.881495e-03 -1.192408e-02 8.498134e+00 3.000811e-03 9.999455e-01 1.000061e-02 -7.324019e-01 1.189461e-02 -1.003564e-02 9.998789e-01 1.289569e+01
9.999948e-01 3.151054e-03 6.122569e-04 8.480125e+00 -3.145606e-03 9.999572e-01 -8.704471e-03 -7.421725e-01 -6.396588e-04 8.702501e-03 9.999619e-01 1.330398e+01
9.999364e-01 -2.868819e-03 -1.090563e-02 8.446023e+00 2.968911e-03 9.999535e-01 9.172913e-03 -7.524697e-01 1.087880e-02 -9.204708e-03 9.998985e-01 1.377025e+01
9.999946e-01 3.280147e-03 -3.734548e-04 8.414141e+00 -3.283029e-03 9.999626e-01 -7.997748e-03 -7.630680e-01 3.472072e-04 7.998931e-03 9.999679e-01 1.426022e+01
9.999509e-01 -2.836961e-03 -9.494661e-03 8.313683e+00 2.916307e-03 9.999609e-01 8.353601e-03 -7.700314e-01 9.470591e-03 -8.380881e-03 9.999200e-01 1.491969e+01
9.999897e-01 3.297730e-03 -3.124258e-03 8.205626e+00 -3.321578e-03 9.999652e-01 -7.658941e-03 -7.767736e-01 3.098892e-03 7.669240e-03 9.999658e-01 1.558177e+01
9.999614e-01 -2.834849e-03 -8.312183e-03 8.164738e+00 2.903867e-03 9.999613e-01 8.303033e-03 -7.897573e-01 8.288324e-03 -8.326850e-03 9.999310e-01 1.620651e+01
9.999932e-01 3.215829e-03 -1.801413e-03 8.116810e+00 -3.228953e-03 9.999679e-01 -7.330654e-03 -7.976849e-01 1.777782e-03 7.336421e-03 9.999715e-01 1.666519e+01
9.999634e-01 -3.008291e-03 -8.009734e-03 8.061320e+00 3.072353e-03 9.999633e-01 7.997782e-03 -8.057090e-01 7.985380e-03 -8.022098e-03 9.999359e-01 1.712461e+01
9.999930e-01 3.300949e-03 -1.768107e-03 8.040727e+00 -3.313431e-03 9.999693e-01 -7.104181e-03 -8.147477e-01 1.744602e-03 7.109990e-03 9.999732e-01 1.750492e+01
9.999760e-01 -3.024296e-03 -6.230766e-03 7.995089e+00 3.071017e-03 9.999671e-01 7.502678e-03 -8.207320e-01 6.207870e-03 -7.521634e-03 9.999524e-01 1.786777e+01
9.999868e-01 3.474355e-03 -3.781396e-03 7.937782e+00 -3.499419e-03 9.999718e-01 -6.642044e-03 -8.271684e-01 3.758213e-03 6.655190e-03 9.999708e-01 1.828891e+01
9.999808e-01 -3.036328e-03 -5.404888e-03 7.961395e+00 3.076803e-03 9.999672e-01 7.496297e-03 -8.371704e-01 5.381949e-03 -7.512784e-03 9.999573e-01 1.853975e+01
9.999855e-01 3.354252e-03 -4.221691e-03 8.008962e+00 -3.379824e-03 9.999759e-01 -6.064871e-03 -8.486772e-01 4.201246e-03 6.079052e-03 9.999727e-01 1.876704e+01
9.999703e-01 -2.982160e-03 -7.099976e-03 7.962241e+00 3.035043e-03 9.999676e-01 7.449413e-03 -8.582414e-01 7.077531e-03 -7.470741e-03 9.999470e-01 1.927061e+01
9.999917e-01 3.379120e-03 -2.285322e-03 7.905032e+00 -3.395072e-03 9.999696e-01 -7.012730e-03 -8.680983e-01 2.261556e-03 7.020431e-03 9.999728e-01 1.979920e+01
9.999610e-01 -3.112011e-03 -8.267601e-03 7.894210e+00 3.179372e-03 9.999618e-01 8.146947e-03 -8.781736e-01 8.241931e-03 -8.172916e-03 9.999326e-01 2.016387e+01
9.999917e-01 3.399225e-03 -2.259585e-03 7.867742e+00 -3.415480e-03 9.999680e-01 -7.229491e-03 -8.889040e-01 2.234938e-03 7.237149e-03 9.999713e-01 2.058978e+01
9.999636e-01 -3.160294e-03 -7.920113e-03 7.833940e+00 3.222279e-03 9.999642e-01 7.825796e-03 -8.977293e-01 7.895098e-03 -7.851032e-03 9.999380e-01 2.100274e+01
9.999904e-01 3.415952e-03 -2.731986e-03 7.794191e+00 -3.434049e-03 9.999720e-01 -6.647186e-03 -9.065340e-01 2.709203e-03 6.656504e-03 9.999742e-01 2.142835e+01
9.999740e-01 -3.215138e-03 -6.449425e-03 7.770179e+00 3.260504e-03 9.999699e-01 7.036162e-03 -9.159023e-01 6.426609e-03 -7.057008e-03 9.999544e-01 2.178367e+01
9.999934e-01 3.624509e-03 3.594564e-04 7.797904e+00 -3.622327e-03 9.999761e-01 -5.895749e-03 -9.212867e-01 -3.808169e-04 5.894408e-03 9.999826e-01 2.182853e+01
9.999729e-01 -3.322998e-03 -6.565309e-03 7.836577e+00 3.370624e-03 9.999680e-01 7.256553e-03 -9.259417e-01 6.540985e-03 -7.278487e-03 9.999521e-01 2.183924e+01
9.999911e-01 3.818692e-03 1.784543e-03 7.942629e+00 -3.808392e-03 9.999763e-01 -5.739789e-03 -9.293422e-01 -1.806420e-03 5.732942e-03 9.999819e-01 2.170455e+01
9.999674e-01 -3.427664e-03 -7.309686e-03 8.030173e+00 3.480979e-03 9.999673e-01 7.293614e-03 -9.311206e-01 7.284447e-03 -7.318822e-03 9.999467e-01 2.157144e+01
9.999907e-01 4.045458e-03 1.480469e-03 8.153238e+00 -4.037504e-03 9.999776e-01 -5.336437e-03 -9.321480e-01 -1.502024e-03 5.330410e-03 9.999847e-01 2.140911e+01
9.999573e-01 -3.774423e-03 -8.439322e-03 8.091338e+00 3.833656e-03 9.999681e-01 7.013656e-03 -9.289148e-01 8.412579e-03 -7.045710e-03 9.999398e-01 2.151265e+01
9.999910e-01 4.220655e-03 4.495098e-04 8.028068e+00 -4.218151e-03 9.999763e-01 -5.432062e-03 -9.320904e-01 -4.724259e-04 5.430118e-03 9.999851e-01 2.179564e+01
9.999470e-01 -3.788196e-03 -9.577637e-03 8.035318e+00 3.844904e-03 9.999751e-01 5.909468e-03 -9.418060e-01 9.555013e-03 -5.945980e-03 9.999367e-01 2.209910e+01
9.999897e-01 4.291690e-03 1.472381e-03 8.072302e+00 -4.284541e-03 9.999792e-01 -4.824579e-03 -9.500397e-01 -1.493056e-03 4.818221e-03 9.999873e-01 2.224085e+01
9.999588e-01 -2.642915e-03 -8.689294e-03 8.310143e+00 2.708666e-03 9.999677e-01 7.563879e-03 -9.512418e-01 8.669022e-03 -7.587104e-03 9.999336e-01 2.193347e+01
9.999895e-01 4.255531e-03 1.721453e-03 8.667741e+00 -4.246770e-03 9.999782e-01 -5.060649e-03 -9.465407e-01 -1.742951e-03 5.053286e-03 9.999857e-01 2.141702e+01
9.999574e-01 -3.557248e-03 -8.514837e-03 8.846298e+00 3.615312e-03 9.999703e-01 6.813556e-03 -9.486668e-01 8.490346e-03 -6.844050e-03 9.999405e-01 2.121314e+01
9.999914e-01 3.891634e-03 1.423845e-03 8.939660e+00 -3.883822e-03 9.999776e-01 -5.448610e-03 -9.543743e-01 -1.445017e-03 5.443034e-03 9.999841e-01 2.117476e+01
9.999678e-01 -2.861968e-03 -7.493014e-03 9.103138e+00 2.915209e-03 9.999705e-01 7.104130e-03 -9.582316e-01 7.472461e-03 -7.125746e-03 9.999467e-01 2.100247e+01
9.999941e-01 3.429683e-03 -3.008398e-04 9.224852e+00 -3.431350e-03 9.999777e-01 -5.727521e-03 -9.630593e-01 2.811897e-04 5.728520e-03 9.999836e-01 2.092342e+01
9.999740e-01 -2.977458e-03 -6.569113e-03 9.314294e+00 3.023995e-03 9.999703e-01 7.085852e-03 -9.681049e-01 6.547820e-03 -7.105533e-03 9.999533e-01 2.088516e+01
9.999930e-01 3.218123e-03 -1.890182e-03 9.366701e+00 -3.229154e-03 9.999776e-01 -5.862639e-03 -9.771727e-01 1.871273e-03 5.868702e-03 9.999810e-01 2.101377e+01
9.999712e-01 -2.972284e-03 -6.980257e-03 9.404349e+00 3.019616e-03 9.999725e-01 6.780128e-03 -9.869149e-01 6.959913e-03 -6.801011e-03 9.999527e-01 2.121140e+01
9.999915e-01 4.072336e-03 5.990468e-04 9.546226e+00 -4.069425e-03 9.999803e-01 -4.782275e-03 -9.901612e-01 -6.185100e-04 4.779797e-03 9.999884e-01 2.104604e+01
9.999861e-01 -3.234585e-03 -4.174384e-03 9.754006e+00 3.262890e-03 9.999716e-01 6.791946e-03 -9.901300e-01 4.152296e-03 -6.805473e-03 9.999682e-01 2.070598e+01
9.999919e-01 4.003612e-03 3.278221e-04 9.926979e+00 -4.001966e-03 9.999801e-01 -4.875357e-03 -9.910732e-01 -3.473345e-04 4.874006e-03 9.999881e-01 2.042255e+01
9.999881e-01 -3.135043e-03 -3.732465e-03 1.013116e+01 3.161043e-03 9.999706e-01 6.980623e-03 -9.910554e-01 3.710471e-03 -6.992339e-03 9.999687e-01 2.008718e+01
9.999923e-01 3.798328e-03 -9.575056e-04 1.025308e+01 -3.803429e-03 9.999783e-01 -5.383799e-03 -9.936069e-01 9.370355e-04 5.387400e-03 9.999850e-01 1.990534e+01
9.999540e-01 -3.368589e-03 -8.978641e-03 1.026287e+01 3.428954e-03 9.999716e-01 6.716326e-03 -1.001791e+00 8.955761e-03 -6.746806e-03 9.999371e-01 2.012411e+01
9.999869e-01 4.342472e-03 2.712348e-03 1.037123e+01 -4.329024e-03 9.999784e-01 -4.944260e-03 -1.005322e+00 -2.733759e-03 4.932454e-03 9.999841e-01 2.002260e+01
9.999654e-01 -3.495815e-03 -7.545433e-03 1.048356e+01 3.546819e-03 9.999709e-01 6.756830e-03 -1.005447e+00 7.521593e-03 -6.783359e-03 9.999487e-01 1.982653e+01
9.999888e-01 4.483095e-03 1.529841e-03 1.060396e+01 -4.476019e-03 9.999794e-01 -4.597108e-03 -1.003819e+00 -1.550418e-03 4.590210e-03 9.999883e-01 1.960192e+01
9.999837e-01 -2.974109e-03 -4.867106e-03 1.088285e+01 3.009963e-03 9.999683e-01 7.376043e-03 -1.000300e+00 4.845015e-03 -7.390573e-03 9.999610e-01 1.911295e+01
9.999909e-01 3.911825e-03 1.694443e-03 1.108832e+01 -3.902897e-03 9.999787e-01 -5.240267e-03 -9.989799e-01 -1.714906e-03 5.233607e-03 9.999848e-01 1.874827e+01
9.999694e-01 -3.459441e-03 -7.023567e-03 1.114478e+01 3.507386e-03 9.999706e-01 6.825455e-03 -1.001153e+00 6.999748e-03 -6.849881e-03 9.999520e-01 1.863092e+01
9.999862e-01 4.124380e-03 3.248775e-03 1.129427e+01 -4.108136e-03 9.999791e-01 -4.990796e-03 -1.003160e+00 -3.269291e-03 4.977381e-03 9.999823e-01 1.839080e+01
9.999732e-01 -2.973663e-03 -6.693883e-03 1.155634e+01 3.022246e-03 9.999691e-01 7.259550e-03 -1.002927e+00 6.672089e-03 -7.279587e-03 9.999512e-01 1.798502e+01
9.999852e-01 4.543492e-03 2.995400e-03 1.192152e+01 -4.529712e-03 9.999792e-01 -4.590829e-03 -9.998745e-01 -3.016196e-03 4.577193e-03 9.999850e-01 1.741225e+01
9.999752e-01 -2.289004e-03 -6.656391e-03 1.237762e+01 2.338901e-03 9.999692e-01 7.498114e-03 -9.965596e-01 6.639022e-03 -7.513498e-03 9.999497e-01 1.675325e+01
9.999852e-01 4.838447e-03 2.503391e-03 1.292570e+01 -4.827253e-03 9.999784e-01 -4.458046e-03 -9.901215e-01 -2.524906e-03 4.445896e-03 9.999869e-01 1.594983e+01
9.999691e-01 -3.222769e-03 -7.166879e-03 1.323821e+01 3.271764e-03 9.999713e-01 6.835248e-03 -9.879447e-01 7.144645e-03 -6.858485e-03 9.999510e-01 1.546054e+01
9.999937e-01 3.445489e-03 -8.885679e-04 1.329150e+01 -3.450388e-03 9.999785e-01 -5.572847e-03 -9.968517e-01 8.693478e-04 5.575878e-03 9.999841e-01 1.557612e+01
9.999818e-01 -2.209884e-03 -5.606284e-03 1.346669e+01 2.253466e-03 9.999672e-01 7.779476e-03 -9.997199e-01 5.588908e-03 -7.791969e-03 9.999540e-01 1.537104e+01
9.999923e-01 3.769689e-03 -1.125396e-03 1.374201e+01 -3.775563e-03 9.999790e-01 -5.264208e-03 -9.969814e-01 1.105528e-03 5.268416e-03 9.999855e-01 1.493504e+01
9.999801e-01 -2.241495e-03 -5.897551e-03 1.405798e+01 2.290292e-03 9.999631e-01 8.280405e-03 -9.922974e-01 5.878773e-03 -8.293748e-03 9.999483e-01 1.445340e+01
9.999951e-01 3.066315e-03 6.191348e-04 1.431168e+01 -3.062366e-03 9.999756e-01 -6.280241e-03 -9.897038e-01 -6.383768e-04 6.278315e-03 9.999801e-01 1.408507e+01
9.999747e-01 -1.949955e-03 -6.847721e-03 1.449975e+01 2.007403e-03 9.999628e-01 8.392623e-03 -9.912942e-01 6.831101e-03 -8.406157e-03 9.999413e-01 1.383570e+01
9.999944e-01 2.781504e-03 1.843538e-03 1.467055e+01 -2.769675e-03 9.999758e-01 -6.388163e-03 -9.921483e-01 -1.861261e-03 6.383022e-03 9.999779e-01 1.357455e+01
9.999595e-01 -2.254783e-03 -8.717488e-03 1.481860e+01 2.323327e-03 9.999664e-01 7.860793e-03 -9.942748e-01 8.699471e-03 -7.880728e-03 9.999311e-01 1.339974e+01
9.999952e-01 2.658972e-03 1.570007e-03 1.481802e+01 -2.647625e-03 9.999707e-01 -7.185684e-03 -9.996867e-01 -1.589067e-03 7.181494e-03 9.999730e-01 1.353954e+01
9.999510e-01 -2.256190e-03 -9.639131e-03 1.480572e+01 2.337178e-03 9.999620e-01 8.399094e-03 -1.005712e+00 9.619814e-03 -8.421211e-03 9.999183e-01 1.375705e+01
9.999961e-01 2.521707e-03 -1.183340e-03 1.480358e+01 -2.529926e-03 9.999723e-01 -6.996710e-03 -1.016112e+00 1.165664e-03 6.999677e-03 9.999748e-01 1.409138e+01
9.999346e-01 -2.390765e-03 -1.118059e-02 1.465932e+01 2.479983e-03 9.999651e-01 7.972732e-03 -1.020975e+00 1.116114e-02 -7.999940e-03 9.999057e-01 1.475301e+01
9.999910e-01 2.820949e-03 3.157299e-03 1.458904e+01 -2.797671e-03 9.999691e-01 -7.352694e-03 -1.024605e+00 -3.177943e-03 7.343795e-03 9.999680e-01 1.512689e+01
9.999412e-01 -2.607582e-03 -1.052794e-02 1.455651e+01 2.687590e-03 9.999676e-01 7.592671e-03 -1.029024e+00 1.050780e-02 -7.620520e-03 9.999158e-01 1.530902e+01
9.999942e-01 3.270929e-03 -9.671206e-04 1.452003e+01 -3.276904e-03 9.999751e-01 -6.242364e-03 -1.034980e+00 9.466782e-04 6.245497e-03 9.999800e-01 1.567621e+01
9.999684e-01 -2.678696e-03 -7.487730e-03 1.453522e+01 2.726336e-03 9.999761e-01 6.359566e-03 -1.043250e+00 7.470515e-03 -6.379780e-03 9.999517e-01 1.594469e+01
9.999861e-01 4.410575e-03 2.877618e-03 1.490275e+01 -4.399053e-03 9.999823e-01 -3.997982e-03 -1.043535e+00 -2.895201e-03 3.985268e-03 9.999879e-01 1.545319e+01
9.999701e-01 -2.635704e-03 -7.275390e-03 1.529963e+01 2.683299e-03 9.999750e-01 6.540020e-03 -1.041636e+00 7.257970e-03 -6.559346e-03 9.999521e-01 1.487774e+01
9.999866e-01 4.023859e-03 3.246190e-03 1.558818e+01 -4.010270e-03 9.999832e-01 -4.181706e-03 -1.040653e+00 -3.262962e-03 4.168632e-03 9.999860e-01 1.443428e+01
9.999684e-01 -3.376531e-03 -7.201141e-03 1.574750e+01 3.418788e-03 9.999770e-01 5.863966e-03 -1.041694e+00 7.181175e-03 -5.888400e-03 9.999569e-01 1.417073e+01
9.999887e-01 3.832141e-03 2.800929e-03 1.583457e+01 -3.819986e-03 9.999833e-01 -4.332096e-03 -1.045410e+00 -2.817483e-03 4.321348e-03 9.999867e-01 1.404642e+01
9.999711e-01 -2.810697e-03 -7.065488e-03 1.605629e+01 2.853986e-03 9.999772e-01 6.124337e-03 -1.047241e+00 7.048113e-03 -6.144325e-03 9.999563e-01 1.373808e+01
9.999951e-01 3.125571e-03 3.039519e-06 1.611994e+01 -3.125523e-03 9.999844e-01 -4.630094e-03 -1.052294e+00 -1.751111e-05 4.630062e-03 9.999893e-01 1.373016e+01
9.999583e-01 -2.848751e-03 -8.675045e-03 1.612796e+01 2.894588e-03 9.999819e-01 5.275851e-03 -1.061664e+00 8.659859e-03 -5.300743e-03 9.999485e-01 1.401285e+01
9.999880e-01 4.052375e-03 2.735890e-03 1.628605e+01 -4.043126e-03 9.999861e-01 -3.377493e-03 -1.065153e+00 -2.749539e-03 3.366392e-03 9.999906e-01 1.382621e+01
9.999699e-01 -3.095240e-03 -7.110084e-03 1.649792e+01 3.133113e-03 9.999809e-01 5.321894e-03 -1.065466e+00 7.093476e-03 -5.344011e-03 9.999606e-01 1.350124e+01
9.999930e-01 3.567155e-03 1.160850e-03 1.656828e+01 -3.562628e-03 9.999861e-01 -3.877664e-03 -1.069835e+00 -1.174666e-03 3.873501e-03 9.999918e-01 1.342854e+01
9.999610e-01 -3.296366e-03 -8.196476e-03 1.663344e+01 3.340523e-03 9.999800e-01 5.379560e-03 -1.075776e+00 8.178578e-03 -5.406731e-03 9.999519e-01 1.341575e+01
9.999917e-01 4.007308e-03 6.651156e-04 1.674145e+01 -4.004891e-03 9.999855e-01 -3.595307e-03 -1.079920e+00 -6.795134e-04 3.592614e-03 9.999933e-01 1.329556e+01
9.999804e-01 -3.162300e-03 -5.396991e-03 1.692458e+01 3.191910e-03 9.999799e-01 5.486800e-03 -1.081339e+00 5.379531e-03 -5.503919e-03 9.999704e-01 1.303609e+01
9.999936e-01 3.559840e-03 1.782824e-04 1.703869e+01 -3.559086e-03 9.999854e-01 -4.059252e-03 -1.085456e+00 -1.927301e-04 4.058592e-03 9.999917e-01 1.289908e+01
9.999494e-01 -3.128012e-03 -9.562882e-03 1.682327e+01 3.181776e-03 9.999792e-01 5.612195e-03 -1.077720e+00 9.545128e-03 -5.642339e-03 9.999385e-01 1.339506e+01
9.999868e-01 3.517880e-03 3.744238e-03 1.678371e+01 -3.497418e-03 9.999790e-01 -5.457330e-03 -1.080239e+00 -3.763358e-03 5.444164e-03 9.999781e-01 1.357198e+01
9.999413e-01 -2.228954e-03 -1.059860e-02 1.700584e+01 2.309167e-03 9.999687e-01 7.562088e-03 -1.080766e+00 1.058141e-02 -7.586119e-03 9.999152e-01 1.328189e+01
9.999847e-01 3.355866e-03 4.395250e-03 1.721346e+01 -3.333019e-03 9.999810e-01 -5.195031e-03 -1.080078e+00 -4.412600e-03 5.180302e-03 9.999768e-01 1.297364e+01
9.999465e-01 -2.502240e-03 -1.003272e-02 1.736525e+01 2.575063e-03 9.999704e-01 7.252257e-03 -1.082929e+00 1.001428e-02 -7.277705e-03 9.999234e-01 1.278642e+01
9.999808e-01 3.744215e-03 4.946874e-03 1.761618e+01 -3.718028e-03 9.999791e-01 -5.292225e-03 -1.084467e+00 -4.966586e-03 5.273731e-03 9.999738e-01 1.246452e+01
9.999446e-01 -3.517890e-03 -9.922891e-03 1.770809e+01 3.584021e-03 9.999714e-01 6.654671e-03 -1.088028e+00 9.899197e-03 -6.689866e-03 9.999286e-01 1.235392e+01
9.999813e-01 4.010711e-03 4.610603e-03 1.767178e+01 -3.984817e-03 9.999763e-01 -5.611532e-03 -1.089729e+00 -4.633000e-03 5.593055e-03 9.999736e-01 1.247764e+01
9.999428e-01 -3.427553e-03 -1.012982e-02 1.778063e+01 3.500353e-03 9.999681e-01 7.177778e-03 -1.091576e+00 1.010490e-02 -7.212826e-03 9.999229e-01 1.236919e+01
9.999809e-01 4.020603e-03 4.688426e-03 1.792970e+01 -3.994889e-03 9.999770e-01 -5.480891e-03 -1.093911e+00 -4.710355e-03 5.462057e-03 9.999740e-01 1.217553e+01
9.999580e-01 -2.179797e-03 -8.905132e-03 1.827932e+01 2.251267e-03 9.999653e-01 8.023658e-03 -1.094051e+00 8.887332e-03 -8.043369e-03 9.999282e-01 1.171609e+01
9.999823e-01 4.210204e-03 4.211412e-03 1.871221e+01 -4.187305e-03 9.999765e-01 -5.431317e-03 -1.089423e+00 -4.234180e-03 5.413587e-03 9.999764e-01 1.106959e+01
9.999629e-01 -2.085689e-03 -8.356512e-03 1.919094e+01 2.154283e-03 9.999640e-01 8.207851e-03 -1.087060e+00 8.339092e-03 -8.225549e-03 9.999314e-01 1.041271e+01
