9.997848e-01 4.933708e-03 -2.014826e-02 2.255932e-02 -4.884730e-03 9.999850e-01 2.479365e-03 -2.088635e-02 2.016019e-02 -2.380413e-03 9.997939e-01 1.061652e+00
9.999781e-01 -1.487470e-03 6.456417e-03 6.335884e-02 1.479563e-03 9.999981e-01 1.229274e-03 -4.035856e-02 -6.458233e-03 -1.219694e-03 9.999784e-01 1.854265e+00
9.997823e-01 5.070350e-03 -2.023897e-02 9.364067e-02 -5.019061e-03 9.999841e-01 2.584178e-03 -6.090220e-02 2.025175e-02 -2.482036e-03 9.997918e-01 2.669668e+00
9.999837e-01 -1.362735e-03 5.546872e-03 1.067575e-01 1.360444e-03 9.999990e-01 4.168043e-04 -7.855033e-02 -5.547434e-03 -4.092506e-04 9.999845e-01 3.484472e+00
9.997700e-01 5.240919e-03 -2.079408e-02 1.251992e-01 -5.171570e-03 9.999809e-01 3.387410e-03 -9.873517e-02 2.081144e-02 -3.279094e-03 9.997780e-01 4.374615e+00
9.999814e-01 -1.231497e-03 5.969895e-03 1.866953e-01 1.222583e-03 9.999981e-01 1.496641e-03 -1.185355e-01 -5.971727e-03 -1.489314e-03 9.999811e-01 5.229051e+00
9.995585e-01 5.588117e-03 -2.918124e-02 3.027426e-01 -5.498409e-03 9.999799e-01 3.153494e-03 -1.419763e-01 2.919828e-02 -2.991652e-03 9.995692e-01 6.164613e+00
9.999550e-01 -2.518888e-03 9.149657e-03 3.948535e-01 2.510245e-03 9.999964e-01 9.560687e-04 -1.663842e-01 -9.152032e-03 -9.330570e-04 9.999577e-01 6.994105e+00
9.997510e-01 5.558281e-03 -2.161315e-02 4.490078e-01 -5.517231e-03 9.999829e-01 1.958432e-03 -1.848101e-01 2.162367e-02 -1.838700e-03 9.997645e-01 7.685965e+00
9.999864e-01 -1.234149e-03 5.070618e-03 4.842996e-01 1.226591e-03 9.999981e-01 1.493525e-03 -2.066528e-01 -5.072452e-03 -1.487285e-03 9.999860e-01 8.658998e+00
9.997946e-01 5.115006e-03 -1.961341e-02 5.208957e-01 -5.073956e-03 9.999848e-01 2.142141e-03 -2.284277e-01 1.962407e-02 -2.042184e-03 9.998053e-01 9.539410e+00
9.999545e-01 -2.791812e-03 9.126315e-03 5.915743e-01 2.782339e-03 9.999956e-01 1.050529e-03 -2.457984e-01 -9.129207e-03 -1.025088e-03 9.999578e-01 1.010384e+01
9.997267e-01 5.966882e-03 -2.260499e-02 6.583473e-01 -5.916534e-03 9.999799e-01 2.293519e-03 -2.653145e-01 2.261822e-02 -2.159150e-03 9.997418e-01 1.083900e+01
9.999359e-01 -3.245133e-03 1.084527e-02 7.265242e-01 3.233096e-03 9.999941e-01 1.127275e-03 -2.850325e-01 -1.084886e-02 -1.092138e-03 9.999406e-01 1.149707e+01
9.997201e-01 6.078824e-03 -2.286485e-02 7.696299e-01 -6.041379e-03 9.999803e-01 1.706361e-03 -3.019318e-01 2.287477e-02 -1.567748e-03 9.997371e-01 1.214476e+01
9.999362e-01 -3.405614e-03 1.077324e-02 8.585772e-01 3.382438e-03 9.999919e-01 2.168708e-03 -3.207901e-01 -1.078054e-02 -2.132129e-03 9.999396e-01 1.274182e+01
9.996386e-01 5.830317e-03 -2.624269e-02 9.820090e-01 -5.802273e-03 9.999825e-01 1.144677e-03 -3.378658e-01 2.624890e-02 -9.919971e-04 9.996549e-01 1.321736e+01
9.999523e-01 -2.216086e-03 9.511211e-03 1.048290e+00 2.190954e-03 9.999941e-01 2.651950e-03 -3.575777e-01 -9.517032e-03 -2.630984e-03 9.999513e-01 1.400236e+01
9.995814e-01 6.525882e-03 -2.818493e-02 1.069991e+00 -6.513006e-03 9.999786e-01 5.485998e-04 -3.781579e-01 2.818791e-02 -3.648023e-04 9.996026e-01 1.495231e+01
9.999695e-01 -1.082646e-03 7.739623e-03 1.114036e+00 1.054253e-03 9.999927e-01 3.671747e-03 -4.037104e-01 -7.743541e-03 -3.663475e-03 9.999633e-01 1.618644e+01
9.996292e-01 6.124150e-03 -2.653259e-02 1.174645e+00 -6.089516e-03 9.999805e-01 1.385971e-03 -4.315171e-01 2.654056e-02 -1.223888e-03 9.996470e-01 1.738621e+01
9.999748e-01 -1.172305e-03 6.996721e-03 1.231882e+00 1.148089e-03 9.999933e-01 3.464158e-03 -4.562925e-01 -7.000735e-03 -3.456038e-03 9.999695e-01 1.854234e+01
9.994896e-01 6.551973e-03 -3.126551e-02 1.284408e+00 -6.503646e-03 9.999775e-01 1.647140e-03 -4.828728e-01 3.127559e-02 -1.442960e-03 9.995098e-01 1.983865e+01
9.999503e-01 -1.713904e-03 9.820070e-03 1.279998e+00 1.678614e-03 9.999921e-01 3.600819e-03 -5.075478e-01 -9.826163e-03 -3.584155e-03 9.999453e-01 2.103652e+01
9.994981e-01 5.834071e-03 -3.113624e-02 1.278948e+00 -5.842933e-03 9.999829e-01 -1.936263e-04 -5.282407e-01 3.113458e-02 3.754554e-04 9.995151e-01 2.202426e+01
9.999640e-01 -4.780822e-05 8.488790e-03 1.260968e+00 1.604355e-05 9.999930e-01 3.742005e-03 -5.525998e-01 -8.488909e-03 -3.741733e-03 9.999570e-01 2.334721e+01
9.996023e-01 5.627991e-03 -2.763361e-02 1.278244e+00 -5.590634e-03 9.999834e-01 1.428936e-03 -5.792846e-01 2.764119e-02 -1.273879e-03 9.996171e-01 2.459406e+01
9.999170e-01 -2.035739e-03 1.272411e-02 1.358167e+00 1.998273e-03 9.999936e-01 2.956525e-03 -6.031422e-01 -1.273005e-02 -2.930852e-03 9.999147e-01 2.549796e+01
9.995764e-01 6.429783e-03 -2.838511e-02 1.434659e+00 -6.389091e-03 9.999784e-01 1.524052e-03 -6.277858e-01 2.839429e-02 -1.342052e-03 9.995959e-01 2.653567e+01
9.999753e-01 -7.652999e-04 6.983557e-03 1.429125e+00 7.481949e-04 9.999967e-01 2.451647e-03 -6.518314e-01 -6.985410e-03 -2.446361e-03 9.999726e-01 2.775308e+01
9.997132e-01 5.161348e-03 -2.338507e-02 1.465853e+00 -5.121706e-03 9.999853e-01 1.754793e-03 -6.755886e-01 2.339378e-02 -1.634519e-03 9.997250e-01 2.875317e+01
9.999316e-01 -2.258178e-03 1.147807e-02 1.539027e+00 2.242406e-03 9.999965e-01 1.386768e-03 -6.943963e-01 -1.148117e-02 -1.360934e-03 9.999332e-01 2.941207e+01
9.996462e-01 5.969740e-03 -2.592013e-02 1.574441e+00 -5.915533e-03 9.999802e-01 2.167504e-03 -7.143909e-01 2.593255e-02 -2.013406e-03 9.996617e-01 3.024278e+01
9.999388e-01 -2.173623e-03 1.084312e-02 1.622974e+00 2.155906e-03 9.999963e-01 1.645404e-03 -7.346490e-01 -1.084666e-02 -1.621926e-03 9.999399e-01 3.112411e+01
9.996994e-01 5.045133e-03 -2.399138e-02 1.700357e+00 -4.976188e-03 9.999833e-01 2.932585e-03 -7.567376e-01 2.400577e-02 -2.812318e-03 9.997079e-01 3.187905e+01
9.999081e-01 -2.778090e-03 1.326900e-02 1.770991e+00 2.776103e-03 9.999961e-01 1.681970e-04 -7.733225e-01 -1.326941e-02 -1.313447e-04 9.999119e-01 3.240434e+01
9.995243e-01 6.937917e-03 -3.004949e-02 1.806795e+00 -6.841968e-03 9.999712e-01 3.294712e-03 -7.940691e-01 3.007148e-02 -3.087548e-03 9.995430e-01 3.332531e+01
9.998406e-01 -3.935669e-03 1.741686e-02 1.868214e+00 3.924702e-03 9.999921e-01 6.638209e-04 -8.135067e-01 -1.741934e-02 -5.953584e-04 9.998481e-01 3.404292e+01
9.994823e-01 7.282829e-03 -3.133739e-02 1.931326e+00 -7.180334e-03 9.999685e-01 3.381999e-03 -8.336126e-01 3.136104e-02 -3.155236e-03 9.995031e-01 3.481843e+01
9.998436e-01 -3.977466e-03 1.723253e-02 1.971418e+00 3.970691e-03 9.999920e-01 4.273305e-04 -8.532850e-01 -1.723409e-02 -3.588379e-04 9.998514e-01 3.559863e+01
9.995655e-01 6.701765e-03 -2.870472e-02 2.021881e+00 -6.615139e-03 9.999733e-01 3.111723e-03 -8.709234e-01 2.872481e-02 -2.920486e-03 9.995831e-01 3.622331e+01
9.998432e-01 -4.205284e-03 1.720399e-02 2.091431e+00 4.198053e-03 9.999911e-01 4.564376e-04 -8.884841e-01 -1.720576e-02 -3.841420e-04 9.998519e-01 3.680886e+01
9.995624e-01 6.669253e-03 -2.881963e-02 2.156737e+00 -6.587932e-03 9.999740e-01 2.915779e-03 -9.065156e-01 2.883833e-02 -2.724642e-03 9.995804e-01 3.739575e+01
9.998371e-01 -4.259588e-03 1.754054e-02 2.201692e+00 4.258040e-03 9.999909e-01 1.256083e-04 -9.228280e-01 -1.754091e-02 -5.089879e-05 9.998461e-01 3.795653e+01
9.995492e-01 6.813043e-03 -2.924031e-02 2.231629e+00 -6.735254e-03 9.999735e-01 2.758007e-03 -9.385652e-01 2.925832e-02 -2.559824e-03 9.995686e-01 3.854061e+01
9.998177e-01 -4.599715e-03 1.853295e-02 2.254980e+00 4.587024e-03 9.999892e-01 7.272134e-04 -9.543738e-01 -1.853609e-02 -6.420690e-04 9.998280e-01 3.907024e+01
9.995549e-01 6.944985e-03 -2.901359e-02 2.271952e+00 -6.889448e-03 9.999742e-01 2.013725e-03 -9.689973e-01 2.902683e-02 -1.812941e-03 9.995770e-01 3.959989e+01
9.998248e-01 -4.594434e-03 1.814389e-02 2.324831e+00 4.576663e-03 9.999890e-01 1.020855e-03 -9.846533e-01 -1.814838e-02 -9.376373e-04 9.998349e-01 4.014180e+01
9.994826e-01 7.888359e-03 -3.118342e-02 2.391947e+00 -7.804132e-03 9.999656e-01 2.821807e-03 -1.004214e+00 3.120461e-02 -2.576988e-03 9.995097e-01 4.092553e+01
9.998633e-01 -4.758564e-03 1.583426e-02 2.456161e+00 4.733668e-03 9.999875e-01 1.609423e-03 -1.026687e+00 -1.584172e-02 -1.534248e-03 9.998733e-01 4.174654e+01
9.995097e-01 8.383721e-03 -3.016598e-02 2.498015e+00 -8.318256e-03 9.999628e-01 2.295012e-03 -1.045530e+00 3.018410e-02 -2.042959e-03 9.995423e-01 4.258003e+01
9.998708e-01 -5.119961e-03 1.523411e-02 2.552753e+00 5.085707e-03 9.999845e-01 2.286403e-03 -1.067725e+00 -1.524558e-02 -2.208631e-03 9.998813e-01 4.345160e+01
9.995527e-01 8.417878e-03 -2.869632e-02 2.596907e+00 -8.394385e-03 9.999643e-01 9.390885e-04 -1.086270e+00 2.870320e-02 -6.977812e-04 9.995877e-01 4.419537e+01
9.999445e-01 -3.891430e-03 9.792935e-03 2.584039e+00 3.869577e-03 9.999900e-01 2.249489e-03 -1.105740e+00 -9.801590e-03 -2.211469e-03 9.999495e-01 4.520539e+01
9.996791e-01 7.340802e-03 -2.424651e-02 2.572915e+00 -7.308222e-03 9.999723e-01 1.432034e-03 -1.123890e+00 2.425635e-02 -1.254376e-03 9.997050e-01 4.601673e+01
9.999026e-01 -4.993859e-03 1.303372e-02 2.601288e+00 4.979402e-03 9.999870e-01 1.141468e-03 -1.138733e+00 -1.303925e-02 -1.076456e-03 9.999144e-01 4.655202e+01
9.996489e-01 7.782910e-03 -2.532906e-02 2.610933e+00 -7.742666e-03 9.999686e-01 1.686557e-03 -1.154075e+00 2.534139e-02 -1.489851e-03 9.996777e-01 4.718441e+01
9.998764e-01 -5.483905e-03 1.473325e-02 2.638038e+00 5.462257e-03 9.999839e-01 1.509202e-03 -1.169744e+00 -1.474129e-02 -1.428538e-03 9.998903e-01 4.774086e+01
9.996414e-01 7.442707e-03 -2.572368e-02 2.686115e+00 -7.412364e-03 9.999717e-01 1.274731e-03 -1.184166e+00 2.573244e-02 -1.083602e-03 9.996683e-01 4.817134e+01
9.999172e-01 -4.475442e-03 1.206474e-02 2.708817e+00 4.444630e-03 9.999868e-01 2.579508e-03 -1.200796e+00 -1.207613e-02 -2.525671e-03 9.999239e-01 4.889495e+01
9.996001e-01 7.634423e-03 -2.722889e-02 2.761435e+00 -7.585050e-03 9.999694e-01 1.916106e-03 -1.220924e+00 2.724268e-02 -1.708807e-03 9.996274e-01 4.969090e+01
9.998961e-01 -4.768692e-03 1.360627e-02 2.840743e+00 4.725992e-03 9.999838e-01 3.168695e-03 -1.242102e+00 -1.362116e-02 -3.104062e-03 9.999024e-01 5.046374e+01
9.996174e-01 6.916679e-03 -2.678088e-02 2.922617e+00 -6.927167e-03 9.999760e-01 -2.988393e-04 -1.258879e+00 2.677817e-02 4.842399e-04 9.996413e-01 5.095717e+01
9.998857e-01 -4.747228e-03 1.435496e-02 2.952030e+00 4.697552e-03 9.999829e-01 3.492315e-03 -1.274840e+00 -1.437130e-02 -3.424482e-03 9.998909e-01 5.148025e+01
9.996616e-01 6.742816e-03 -2.512415e-02 2.953509e+00 -6.771658e-03 9.999765e-01 -1.063063e-03 -1.287814e+00 2.511639e-02 1.232835e-03 9.996838e-01 5.196034e+01
9.998863e-01 -5.192539e-03 1.415464e-02 2.980711e+00 5.146247e-03 9.999813e-01 3.304936e-03 -1.299611e+00 -1.417154e-02 -3.231717e-03 9.998944e-01 5.225921e+01
9.996690e-01 6.520272e-03 -2.488858e-02 2.963651e+00 -6.540808e-03 9.999783e-01 -7.437665e-04 -1.308910e+00 2.488319e-02 9.063111e-04 9.996900e-01 5.257387e+01
9.999350e-01 -3.859391e-03 1.072544e-02 2.957136e+00 3.818779e-03 9.999855e-01 3.804483e-03 -1.324472e+00 -1.073996e-02 -3.763278e-03 9.999352e-01 5.325906e+01
9.996893e-01 6.514725e-03 -2.405890e-02 2.931930e+00 -6.533862e-03 9.999784e-01 -7.168879e-04 -1.339062e+00 2.405371e-02 8.738620e-04 9.997103e-01 5.390551e+01
9.998964e-01 -4.734748e-03 1.359249e-02 2.914767e+00 4.693131e-03 9.999842e-01 3.092084e-03 -1.350827e+00 -1.360691e-02 -3.027972e-03 9.999028e-01 5.435594e+01
9.997050e-01 6.188757e-03 -2.348801e-02 2.899131e+00 -6.208431e-03 9.999804e-01 -7.647753e-04 -1.361001e+00 2.348282e-02 9.103728e-04 9.997238e-01 5.472266e+01
9.999325e-01 -3.864430e-03 1.096031e-02 2.892492e+00 3.825052e-03 9.999862e-01 3.611520e-03 -1.374725e+00 -1.097412e-02 -3.569351e-03 9.999334e-01 5.530153e+01
9.996216e-01 7.086734e-03 -2.658063e-02 2.870192e+00 -7.102349e-03 9.999747e-01 -4.930818e-04 -1.390145e+00 2.657646e-02 6.816794e-04 9.996466e-01 5.604699e+01
9.999287e-01 -3.865535e-03 1.129502e-02 2.847256e+00 3.816670e-03 9.999833e-01 4.344599e-03 -1.407277e+00 -1.131162e-02 -4.301180e-03 9.999268e-01 5.684879e+01
9.996260e-01 7.100309e-03 -2.640759e-02 2.843049e+00 -7.130850e-03 9.999740e-01 -1.062516e-03 -1.423752e+00 2.639936e-02 1.250426e-03 9.996507e-01 5.759541e+01
9.999598e-01 -3.264734e-03 8.353248e-03 2.820067e+00 3.226786e-03 9.999844e-01 4.552420e-03 -1.441655e+00 -8.367980e-03 -4.525283e-03 9.999547e-01 5.850721e+01
9.996708e-01 7.058346e-03 -2.466812e-02 2.800842e+00 -7.084066e-03 9.999745e-01 -9.554154e-04 -1.459712e+00 2.466075e-02 1.129851e-03 9.996952e-01 5.938481e+01
9.999815e-01 -2.901203e-03 5.349712e-03 2.765059e+00 2.877255e-03 9.999858e-01 4.478805e-03 -1.477623e+00 -5.362630e-03 -4.463329e-03 9.999757e-01 6.035466e+01
9.997423e-01 6.571705e-03 -2.172785e-02 2.727218e+00 -6.585160e-03 9.999782e-01 -5.477233e-04 -1.495078e+00 2.172378e-02 6.906629e-04 9.997638e-01 6.122322e+01
9.999593e-01 -3.821421e-03 8.167632e-03 2.711617e+00 3.792346e-03 9.999864e-01 3.572436e-03 -1.509837e+00 -8.181173e-03 -3.541316e-03 9.999603e-01 6.188014e+01
9.997518e-01 6.443173e-03 -2.132562e-02 2.701604e+00 -6.453092e-03 9.999791e-01 -3.963243e-04 -1.524293e+00 2.132262e-02 5.338415e-04 9.997725e-01 6.250665e+01
9.999791e-01 -2.856737e-03 5.803588e-03 2.656468e+00 2.833649e-03 9.999881e-01 3.982654e-03 -1.541052e+00 -5.814896e-03 -3.966124e-03 9.999752e-01 6.333640e+01
9.996537e-01 6.816744e-03 -2.541650e-02 2.621348e+00 -6.853625e-03 9.999756e-01 -1.364199e-03 -1.557050e+00 2.540658e-02 1.537921e-03 9.996760e-01 6.424278e+01
9.999680e-01 -3.180083e-03 7.342811e-03 2.568929e+00 3.149282e-03 9.999862e-01 4.202586e-03 -1.571527e+00 -7.356074e-03 -4.179326e-03 9.999642e-01 6.510069e+01
9.993823e-01 1.004080e-02 -3.367669e-02 2.454578e+00 -1.000544e-02 9.999492e-01 1.218375e-03 -1.594519e+00 3.368721e-02 -8.806730e-04 9.994320e-01 6.668006e+01
9.999701e-01 -3.844566e-03 6.708783e-03 2.393509e+00 3.827460e-03 9.999894e-01 2.560816e-03 -1.617344e+00 -6.718557e-03 -2.535061e-03 9.999742e-01 6.810921e+01
9.988669e-01 1.313789e-02 -4.574283e-02 2.298109e+00 -1.300445e-02 9.999103e-01 3.213654e-03 -1.647437e+00 4.578095e-02 -2.615153e-03 9.989481e-01 7.016548e+01
9.999495e-01 -3.704596e-03 9.341873e-03 2.075384e+00 3.664668e-03 9.999841e-01 4.287596e-03 -1.674877e+00 -9.357608e-03 -4.253144e-03 9.999472e-01 7.238308e+01
9.993455e-01 1.039104e-02 -3.464940e-02 1.949503e+00 -1.034880e-02 9.999455e-01 1.398220e-03 -1.695280e+00 3.466204e-02 -1.038725e-03 9.993986e-01 7.388050e+01
9.999593e-01 -4.890334e-03 7.587094e-03 1.942420e+00 4.862678e-03 9.999815e-01 3.659407e-03 -1.720191e+00 -7.604849e-03 -3.622364e-03 9.999645e-01 7.526659e+01
9.994699e-01 9.870480e-03 -3.102402e-02 1.947956e+00 -9.808459e-03 9.999496e-01 2.150693e-03 -1.748092e+00 3.104368e-02 -1.845256e-03 9.995163e-01 7.656484e+01
9.999377e-01 -5.175806e-03 9.888599e-03 1.951483e+00 5.157488e-03 9.999849e-01 1.877124e-03 -1.770474e+00 -9.898165e-03 -1.826006e-03 9.999493e-01 7.767502e+01
9.993893e-01 1.056161e-02 -3.330846e-02 1.933765e+00 -1.047312e-02 9.999412e-01 2.829937e-03 -1.795119e+00 3.333639e-02 -2.479365e-03 9.994411e-01 7.896013e+01
9.997910e-01 -7.193116e-03 1.913854e-02 1.931649e+00 7.154579e-03 9.999722e-01 2.081298e-03 -1.814430e+00 -1.915298e-02 -1.943935e-03 9.998147e-01 7.977794e+01
9.993345e-01 1.058031e-02 -3.490952e-02 1.928923e+00 -1.054074e-02 9.999436e-01 1.317617e-03 -1.830847e+00 3.492149e-02 -9.487688e-04 9.993896e-01 8.055254e+01
9.998833e-01 -5.922926e-03 1.408316e-02 1.871362e+00 5.891172e-03 9.999800e-01 2.295226e-03 -1.848416e+00 -1.409648e-02 -2.211992e-03 9.998982e-01 8.160202e+01
9.994056e-01 1.025619e-02 -3.291270e-02 1.789996e+00 -1.021208e-02 9.999467e-01 1.507904e-03 -1.864117e+00 3.292642e-02 -1.170901e-03 9.994571e-01 8.258615e+01
9.998957e-01 -5.850194e-03 1.320592e-02 1.710769e+00 5.817036e-03 9.999798e-01 2.547882e-03 -1.880466e+00 -1.322056e-02 -2.470796e-03 9.999096e-01 8.359923e+01
9.994703e-01 9.817253e-03 -3.102761e-02 1.670304e+00 -9.771468e-03 9.999509e-01 1.626945e-03 -1.898327e+00 3.104206e-02 -1.322898e-03 9.995172e-01 8.453644e+01
9.997634e-01 -8.224100e-03 2.013810e-02 1.706093e+00 8.188009e-03 9.999647e-01 1.873979e-03 -1.912487e+00 -2.015280e-02 -1.708644e-03 9.997955e-01 8.495264e+01
9.994433e-01 1.016465e-02 -3.177791e-02 1.725419e+00 -1.014778e-02 9.999483e-01 6.921368e-04 -1.924932e+00 3.178330e-02 -3.692768e-04 9.994947e-01 8.536532e+01
9.997399e-01 -8.275212e-03 2.125189e-02 1.768503e+00 8.208645e-03 9.999611e-01 3.217633e-03 -1.940949e+00 -2.127769e-02 -3.042347e-03 9.997690e-01 8.586769e+01
9.994559e-01 9.319799e-03 -3.163867e-02 1.881179e+00 -9.337004e-03 9.999563e-01 -3.960647e-04 -1.954113e+00 3.163359e-02 6.912590e-04 9.994993e-01 8.609043e+01
9.997352e-01 -8.634811e-03 2.133019e-02 2.021421e+00 8.572648e-03 9.999587e-01 3.004052e-03 -1.966526e+00 -2.135525e-02 -2.820400e-03 9.997680e-01 8.621087e+01
9.994887e-01 9.250418e-03 -3.060701e-02 2.176165e+00 -9.268361e-03 9.999569e-01 -4.443773e-04 -1.979046e+00 3.060158e-02 7.278263e-04 9.995314e-01 8.631150e+01
9.997581e-01 -8.221912e-03 2.039929e-02 2.241335e+00 8.173292e-03 9.999636e-01 2.465652e-03 -1.990820e+00 -2.041882e-02 -2.298326e-03 9.997889e-01 8.654663e+01
9.995101e-01 9.440381e-03 -2.984157e-02 2.360599e+00 -9.439195e-03 9.999554e-01 1.806296e-04 -2.003726e+00 2.984195e-02 1.011388e-04 9.995546e-01 8.673313e+01
9.997325e-01 -9.709919e-03 2.099029e-02 2.688047e+00 9.691149e-03 9.999525e-01 9.957679e-04 -2.010181e+00 -2.099896e-02 -7.920811e-04 9.997792e-01 8.644567e+01
9.995629e-01 9.375849e-03 -2.803854e-02 3.006631e+00 -9.372551e-03 9.999560e-01 2.490728e-04 -2.013063e+00 2.803965e-02 1.382822e-05 9.996068e-01 8.608500e+01
9.997499e-01 -9.737699e-03 2.013404e-02 3.319715e+00 9.720986e-03 9.999523e-01 9.278176e-04 -2.016444e+00 -2.014212e-02 -7.318623e-04 9.997969e-01 8.574254e+01
9.995655e-01 9.711205e-03 -2.783027e-02 3.652245e+00 -9.697690e-03 9.999528e-01 6.205718e-04 -2.016351e+00 2.783498e-02 -3.504133e-04 9.996125e-01 8.529200e+01
9.997954e-01 -8.824382e-03 1.820010e-02 3.753300e+00 8.809726e-03 9.999608e-01 8.853072e-04 -2.016093e+00 -1.820720e-02 -7.247877e-04 9.998340e-01 8.511141e+01
9.995376e-01 9.513119e-03 -2.888103e-02 3.874052e+00 -9.485146e-03 9.999544e-01 1.105424e-03 -2.020007e+00 2.889023e-02 -8.309728e-04 9.995822e-01 8.497608e+01
9.997071e-01 -9.440250e-03 2.228457e-02 4.104243e+00 9.436328e-03 9.999554e-01 2.811541e-04 -2.020280e+00 -2.228623e-02 -7.078676e-05 9.997516e-01 8.466199e+01
9.995477e-01 9.703451e-03 -2.846294e-02 4.282033e+00 -9.670995e-03 9.999524e-01 1.277750e-03 -2.020557e+00 2.847399e-02 -1.001908e-03 9.995940e-01 8.439662e+01
9.996946e-01 -9.210598e-03 2.293110e-02 4.420801e+00 9.202146e-03 9.999575e-01 4.741111e-04 -2.019440e+00 -2.293449e-02 -2.629505e-04 9.997369e-01 8.415772e+01
9.995537e-01 9.485972e-03 -2.832859e-02 4.553351e+00 -9.456345e-03 9.999546e-01 1.179616e-03 -2.020872e+00 2.833849e-02 -9.112051e-04 9.995980e-01 8.397088e+01
9.997144e-01 -9.486412e-03 2.193572e-02 4.759900e+00 9.486729e-03 9.999550e-01 8.964075e-05 -2.023477e+00 -2.193558e-02 1.184835e-04 9.997594e-01 8.371073e+01
9.995519e-01 9.538571e-03 -2.837355e-02 4.914674e+00 -9.504650e-03 9.999539e-01 1.330196e-03 -2.025311e+00 2.838493e-02 -1.059919e-03 9.995965e-01 8.349706e+01
9.997085e-01 -9.024002e-03 2.239419e-02 5.141927e+00 9.018826e-03 9.999593e-01 3.321207e-04 -2.023435e+00 -2.239628e-02 -1.300541e-04 9.997492e-01 8.315883e+01
9.995353e-01 9.091587e-03 -2.909537e-02 5.439769e+00 -9.066405e-03 9.999584e-01 9.973265e-04 -2.023288e+00 2.910323e-02 -7.330730e-04 9.995761e-01 8.277341e+01
9.996947e-01 -9.023758e-03 2.300032e-02 5.694392e+00 9.018496e-03 9.999593e-01 3.325309e-04 -2.022883e+00 -2.300239e-02 -1.250006e-04 9.997354e-01 8.242079e+01
9.995256e-01 9.092595e-03 -2.942599e-02 5.918389e+00 -9.064059e-03 9.999583e-01 1.103047e-03 -2.023846e+00 2.943480e-02 -8.358052e-04 9.995664e-01 8.212660e+01
9.996787e-01 -8.890386e-03 2.373758e-02 6.151424e+00 8.883823e-03 9.999605e-01 3.819315e-04 -2.022999e+00 -2.374003e-02 -1.709279e-04 9.997182e-01 8.179348e+01
9.994993e-01 9.311618e-03 -3.024074e-02 6.307712e+00 -9.274927e-03 9.999561e-01 1.353364e-03 -2.024103e+00 3.025201e-02 -1.072206e-03 9.995417e-01 8.156795e+01
9.996674e-01 -9.334038e-03 2.404171e-02 6.456561e+00 9.332881e-03 9.999564e-01 1.603491e-04 -2.027413e+00 -2.404216e-02 6.408316e-05 9.997109e-01 8.137813e+01
9.994804e-01 9.416295e-03 -3.082633e-02 6.659360e+00 -9.382367e-03 9.999552e-01 1.245131e-03 -2.030456e+00 3.083667e-02 -9.552605e-04 9.995240e-01 8.112413e+01
9.997830e-01 -7.541378e-03 1.941961e-02 6.650945e+00 7.531680e-03 9.999715e-01 5.725273e-04 -2.030640e+00 -1.942337e-02 -4.261404e-04 9.998113e-01 8.119617e+01
9.995718e-01 8.502772e-03 -2.799866e-02 6.807024e+00 -8.472922e-03 9.999634e-01 1.184615e-03 -2.024799e+00 2.800770e-02 -9.468780e-04 9.996073e-01 8.085053e+01
9.998356e-01 -7.371307e-03 1.656773e-02 6.904615e+00 7.362137e-03 9.999727e-01 6.144113e-04 -2.022443e+00 -1.657181e-02 -4.923359e-04 9.998626e-01 8.064041e+01
9.996591e-01 7.953664e-03 -2.486953e-02 7.168470e+00 -7.930009e-03 9.999680e-01 1.049667e-03 -2.020059e+00 2.487708e-02 -8.520940e-04 9.996902e-01 8.023735e+01
9.998087e-01 -7.491684e-03 1.806670e-02 7.400064e+00 7.480103e-03 9.999718e-01 7.085309e-04 -2.015944e+00 -1.807150e-02 -5.732541e-04 9.998365e-01 7.983815e+01
9.996756e-01 7.845184e-03 -2.423298e-02 7.619131e+00 -7.827358e-03 9.999690e-01 8.303843e-04 -2.014868e+00 2.423875e-02 -6.404351e-04 9.997060e-01 7.951161e+01
9.998166e-01 -7.717979e-03 1.752653e-02 7.879981e+00 7.709928e-03 9.999701e-01 5.269020e-04 -2.014498e+00 -1.753007e-02 -3.916766e-04 9.998463e-01 7.915673e+01
9.996782e-01 8.010670e-03 -2.406979e-02 8.158899e+00 -7.992654e-03 9.999677e-01 8.446507e-04 -2.012627e+00 2.407578e-02 -6.519978e-04 9.997099e-01 7.875156e+01
9.998416e-01 -7.904984e-03 1.594326e-02 8.481218e+00 7.895537e-03 9.999686e-01 6.554431e-04 -2.013503e+00 -1.594794e-02 -5.294583e-04 9.998727e-01 7.836682e+01
9.997030e-01 8.425444e-03 -2.286842e-02 8.706183e+00 -8.404478e-03 9.999642e-01 1.012792e-03 -2.014668e+00 2.287613e-02 -8.202947e-04 9.997380e-01 7.805101e+01
9.998278e-01 -7.725394e-03 1.687447e-02 8.888620e+00 7.713407e-03 9.999700e-01 7.753367e-04 -2.010798e+00 -1.687995e-02 -6.450431e-04 9.998573e-01 7.772005e+01
9.996859e-01 8.286357e-03 -2.365355e-02 9.168763e+00 -8.267608e-03 9.999654e-01 8.903595e-04 -2.007055e+00 2.366011e-02 -6.945219e-04 9.997198e-01 7.729559e+01
9.998964e-01 -7.574224e-03 1.223960e-02 9.331178e+00 7.565404e-03 9.999711e-01 7.668062e-04 -2.011616e+00 -1.224505e-02 -6.741288e-04 9.999248e-01 7.718105e+01
9.997263e-01 8.497853e-03 -2.179692e-02 9.631110e+00 -8.494741e-03 9.999639e-01 2.353550e-04 -2.015347e+00 2.179814e-02 -5.013182e-05 9.997624e-01 7.692365e+01
9.998518e-01 -8.172079e-03 1.515359e-02 9.904114e+00 8.152278e-03 9.999658e-01 1.368068e-03 -2.012123e+00 -1.516426e-02 -1.244328e-03 9.998842e-01 7.648734e+01
9.997521e-01 9.189800e-03 -2.028002e-02 9.958262e+00 -9.179470e-03 9.999577e-01 6.023957e-04 -2.005700e+00 2.028469e-02 -4.160870e-04 9.997942e-01 7.626761e+01
9.998579e-01 -8.218536e-03 1.472100e-02 1.016699e+01 8.201375e-03 9.999656e-01 1.225767e-03 -1.999859e+00 -1.473057e-02 -1.104860e-03 9.998909e-01 7.591026e+01
9.997296e-01 8.755614e-03 -2.154088e-02 1.048572e+01 -8.745944e-03 9.999616e-01 5.430956e-04 -1.992546e+00 2.154481e-02 -3.545539e-04 9.997678e-01 7.535696e+01
9.998621e-01 -7.699496e-03 1.471083e-02 1.073092e+01 7.679808e-03 9.999695e-01 1.394375e-03 -1.985579e+00 -1.472112e-02 -1.281206e-03 9.998908e-01 7.491765e+01
9.997398e-01 8.307876e-03 -2.124288e-02 1.098976e+01 -8.301718e-03 9.999655e-01 3.780874e-04 -1.981290e+00 2.124529e-02 -2.016370e-04 9.997743e-01 7.449401e+01
9.998593e-01 -7.871837e-03 1.481109e-02 1.122138e+01 7.854016e-03 9.999684e-01 1.261102e-03 -1.977744e+00 -1.482055e-02 -1.144597e-03 9.998895e-01 7.411351e+01
9.997348e-01 8.173722e-03 -2.153155e-02 1.153084e+01 -8.169333e-03 9.999666e-01 2.918399e-04 -1.974947e+00 2.153321e-02 -1.158645e-04 9.997681e-01 7.367316e+01
9.998591e-01 -8.021944e-03 1.474720e-02 1.178300e+01 8.007320e-03 9.999674e-01 1.050520e-03 -1.973646e+00 -1.475515e-02 -9.322859e-04 9.998907e-01 7.331352e+01
9.997327e-01 7.970499e-03 -2.170172e-02 1.203852e+01 -7.966167e-03 9.999682e-01 2.861171e-04 -1.974649e+00 2.170332e-02 -1.131615e-04 9.997644e-01 7.296841e+01
9.998567e-01 -8.013388e-03 1.491492e-02 1.231816e+01 8.001587e-03 9.999676e-01 8.508142e-04 -1.975314e+00 -1.492126e-02 -7.313488e-04 9.998884e-01 7.260753e+01
9.997279e-01 7.931464e-03 -2.193706e-02 1.263332e+01 -7.923874e-03 9.999685e-01 4.328995e-04 -1.976130e+00 2.193980e-02 -2.589556e-04 9.997593e-01 7.221629e+01
9.998592e-01 -7.956738e-03 1.477419e-02 1.297171e+01 7.947114e-03 9.999682e-01 7.100509e-04 -1.975198e+00 -1.477937e-02 -5.925383e-04 9.998906e-01 7.178075e+01
9.997346e-01 7.929872e-03 -2.162888e-02 1.327998e+01 -7.917914e-03 9.999684e-01 6.384955e-04 -1.974515e+00 2.163327e-02 -4.670708e-04 9.997659e-01 7.136769e+01
9.998646e-01 -7.929306e-03 1.442063e-02 1.357285e+01 7.922687e-03 9.999685e-01 5.160852e-04 -1.974845e+00 -1.442427e-02 -4.017648e-04 9.998959e-01 7.098579e+01
9.997207e-01 7.968687e-03 -2.225060e-02 1.389871e+01 -7.959668e-03 9.999682e-01 4.939194e-04 -1.974049e+00 2.225383e-02 -3.166744e-04 9.997523e-01 7.055081e+01
9.998444e-01 -7.947069e-03 1.575115e-02 1.415683e+01 7.935449e-03 9.999682e-01 8.001006e-04 -1.973287e+00 -1.575701e-02 -6.749833e-04 9.998756e-01 7.018159e+01
9.997218e-01 8.280314e-03 -2.208574e-02 1.434008e+01 -8.265934e-03 9.999656e-01 7.423159e-04 -1.972444e+00 2.209112e-02 -5.595505e-04 9.997558e-01 6.988569e+01
9.998444e-01 -7.857823e-03 1.579328e-02 1.451128e+01 7.846693e-03 9.999689e-01 7.666245e-04 -1.971532e+00 -1.579882e-02 -6.425798e-04 9.998750e-01 6.960929e+01
9.997100e-01 8.252349e-03 -2.262546e-02 1.472851e+01 -8.241682e-03 9.999659e-01 5.646944e-04 -1.969960e+00 2.262934e-02 -3.780592e-04 9.997439e-01 6.926984e+01
9.998510e-01 -7.758302e-03 1.542068e-02 1.492617e+01 7.746037e-03 9.999696e-01 8.549575e-04 -1.967583e+00 -1.542684e-02 -7.353806e-04 9.998807e-01 6.893994e+01
9.997168e-01 8.404468e-03 -2.226588e-02 1.515392e+01 -8.392155e-03 9.999646e-01 6.464315e-04 -1.962726e+00 2.227053e-02 -4.593900e-04 9.997519e-01 6.852807e+01
9.998397e-01 -7.316029e-03 1.633873e-02 1.535134e+01 7.298214e-03 9.999727e-01 1.149739e-03 -1.955897e+00 -1.634670e-02 -1.030310e-03 9.998659e-01 6.814722e+01
9.997033e-01 7.937383e-03 -2.303048e-02 1.553099e+01 -7.929326e-03 9.999685e-01 4.411834e-04 -1.953581e+00 2.303326e-02 -2.584367e-04 9.997347e-01 6.783582e+01
9.998696e-01 -7.552665e-03 1.427373e-02 1.573035e+01 7.542259e-03 9.999713e-01 7.827357e-04 -1.956576e+00 -1.427923e-02 -6.749772e-04 9.998978e-01 6.759052e+01
9.997514e-01 7.916838e-03 -2.084207e-02 1.590715e+01 -7.904551e-03 9.999685e-01 6.718491e-04 -1.955261e+00 2.084673e-02 -5.069352e-04 9.997826e-01 6.730413e+01
9.998952e-01 -7.353217e-03 1.247371e-02 1.628026e+01 7.345057e-03 9.999728e-01 6.999724e-04 -1.954528e+00 -1.247852e-02 -6.082786e-04 9.999220e-01 6.686834e+01
9.998036e-01 7.265782e-03 -1.843620e-02 1.666367e+01 -7.251687e-03 9.999734e-01 8.312922e-04 -1.952290e+00 1.844175e-02 -6.974358e-04 9.998297e-01 6.634762e+01
9.998989e-01 -6.904477e-03 1.243277e-02 1.688874e+01 6.897305e-03 9.999760e-01 6.196838e-04 -1.950900e+00 -1.243675e-02 -5.338681e-04 9.999225e-01 6.600866e+01
9.998008e-01 7.344116e-03 -1.855648e-02 1.712826e+01 -7.329752e-03 9.999728e-01 8.420025e-04 -1.949159e+00 1.856216e-02 -7.058207e-04 9.998275e-01 6.565270e+01
9.999085e-01 -6.804672e-03 1.169085e-02 1.742372e+01 6.797444e-03 9.999767e-01 6.579758e-04 -1.947431e+00 -1.169506e-02 -5.784474e-04 9.999314e-01 6.525144e+01
9.998244e-01 7.311867e-03 -1.725620e-02 1.764059e+01 -7.295709e-03 9.999729e-01 9.991720e-04 -1.945059e+00 1.726304e-02 -8.731006e-04 9.998506e-01 6.491058e+01
9.999149e-01 -6.768286e-03 1.114909e-02 1.783242e+01 6.762272e-03 9.999770e-01 5.770871e-04 -1.943040e+00 -1.115274e-02 -5.016445e-04 9.999377e-01 6.459965e+01
9.998299e-01 7.217397e-03 -1.697561e-02 1.798738e+01 -7.201977e-03 9.999736e-01 9.693417e-04 -1.942224e+00 1.698216e-02 -8.469192e-04 9.998554e-01 6.435192e+01
9.999196e-01 -7.026916e-03 1.055975e-02 1.806348e+01 7.023818e-03 9.999753e-01 3.305076e-04 -1.944437e+00 -1.056182e-02 -2.563109e-04 9.999442e-01 6.424416e+01
9.998264e-01 7.472333e-03 -1.706582e-02 1.821526e+01 -7.459442e-03 9.999718e-01 8.189309e-04 -1.947838e+00 1.707146e-02 -6.914877e-04 9.998540e-01 6.406309e+01
9.999104e-01 -7.195674e-03 1.128853e-02 1.842510e+01 7.190742e-03 9.999740e-01 4.775292e-04 -1.946427e+00 -1.129167e-02 -3.963131e-04 9.999362e-01 6.372771e+01
9.998165e-01 7.560463e-03 -1.759959e-02 1.857574e+01 -7.547944e-03 9.999712e-01 7.776931e-04 -1.946495e+00 1.760496e-02 -6.447101e-04 9.998448e-01 6.349864e+01
9.999599e-01 -5.667007e-03 6.932521e-03 1.847598e+01 5.658373e-03 9.999832e-01 1.264452e-03 -1.942475e+00 -6.939570e-03 -1.225175e-03 9.999752e-01 6.358514e+01
9.998478e-01 7.788111e-03 -1.560960e-02 1.844845e+01 -7.777857e-03 9.999695e-01 7.175320e-04 -1.930180e+00 1.561471e-02 -5.960139e-04 9.998779e-01 6.338564e+01
9.999434e-01 -5.209186e-03 9.272484e-03 1.852516e+01 5.188584e-03 9.999840e-01 2.244580e-03 -1.909311e+00 -9.284029e-03 -2.196342e-03 9.999545e-01 6.294820e+01
9.997748e-01 7.098176e-03 -2.000009e-02 1.887098e+01 -7.100332e-03 9.999748e-01 -3.676215e-05 -1.893536e+00 1.999933e-02 1.787608e-04 9.998000e-01 6.223305e+01
9.999337e-01 -6.146324e-03 9.737007e-03 1.926405e+01 6.132114e-03 9.999801e-01 1.488620e-03 -1.881857e+00 -9.745963e-03 -1.428813e-03 9.999515e-01 6.149491e+01
9.997584e-01 7.190927e-03 -2.077061e-02 1.957207e+01 -7.198254e-03 9.999741e-01 -2.780147e-04 -1.877219e+00 2.076807e-02 4.274593e-04 9.997842e-01 6.097049e+01
9.998741e-01 -6.859646e-03 1.430903e-02 1.977211e+01 6.839351e-03 9.999755e-01 1.466857e-03 -1.877260e+00 -1.431874e-02 -1.368807e-03 9.998965e-01 6.068617e+01
9.997581e-01 7.514744e-03 -2.067187e-02 1.994447e+01 -7.513616e-03 9.999718e-01 1.322855e-04 -1.876046e+00 2.067228e-02 2.306663e-05 9.997863e-01 6.039186e+01
9.998810e-01 -6.588438e-03 1.395093e-02 2.022171e+01 6.567453e-03 9.999772e-01 1.549479e-03 -1.870374e+00 -1.396082e-02 -1.457672e-03 9.999015e-01 5.994532e+01
9.997585e-01 7.168338e-03 -2.077335e-02 2.053983e+01 -7.163472e-03 9.999743e-01 3.087223e-04 -1.865969e+00 2.077503e-02 -1.598388e-04 9.997842e-01 5.946870e+01
9.999341e-01 -6.082317e-03 9.738811e-03 2.101222e+01 6.062741e-03 9.999795e-01 2.038403e-03 -1.857789e+00 -9.751010e-03 -1.979225e-03 9.999505e-01 5.879042e+01
9.998403e-01 8.138375e-03 -1.591034e-02 2.113996e+01 -8.111998e-03 9.999656e-01 1.721783e-03 -1.835337e+00 1.592380e-02 -1.592444e-03 9.998719e-01 5.823553e+01
9.999254e-01 -6.734163e-03 1.019030e-02 2.105704e+01 6.731223e-03 9.999773e-01 3.228941e-04 -1.824860e+00 -1.019225e-02 -2.542765e-04 9.999480e-01 5.820566e+01
9.995570e-01 1.057543e-02 -2.782196e-02 2.083933e+01 -1.051320e-02 9.999419e-01 2.381888e-03 -1.813651e+00 2.784553e-02 -2.088335e-03 9.996101e-01 5.841557e+01
9.997492e-01 -8.552471e-03 2.069812e-02 2.060943e+01 8.545300e-03 9.999634e-01 4.349503e-04 -1.799162e+00 -2.070108e-02 -2.579693e-04 9.997857e-01 5.864400e+01
9.995762e-01 9.183685e-03 -2.762559e-02 2.088739e+01 -9.150758e-03 9.999573e-01 1.318102e-03 -1.796023e+00 2.763651e-02 -1.064749e-03 9.996175e-01 5.821272e+01
9.997251e-01 -9.084726e-03 2.161245e-02 2.113500e+01 9.083925e-03 9.999587e-01 1.352749e-04 -1.795791e+00 -2.161279e-02 6.108837e-05 9.997664e-01 5.786791e+01
9.995266e-01 9.650335e-03 -2.921369e-02 2.134884e+01 -9.608316e-03 9.999526e-01 1.578395e-03 -1.795693e+00 2.922754e-02 -1.296954e-03 9.995719e-01 5.755089e+01
9.997096e-01 -8.740844e-03 2.245820e-02 2.157844e+01 8.735420e-03 9.999618e-01 3.396523e-04 -1.789947e+00 -2.246031e-02 -1.433716e-04 9.997477e-01 5.712248e+01
9.995477e-01 9.749070e-03 -2.844892e-02 2.178045e+01 -9.694086e-03 9.999509e-01 2.070033e-03 -1.783518e+00 2.846770e-02 -1.793311e-03 9.995931e-01 5.672626e+01
9.996989e-01 -9.173574e-03 2.276018e-02 2.194033e+01 9.182219e-03 9.999578e-01 -2.752982e-04 -1.783288e+00 -2.275670e-02 4.842046e-04 9.997409e-01 5.648153e+01
9.995277e-01 9.681021e-03 -2.916511e-02 2.216576e+01 -9.627845e-03 9.999517e-01 1.963176e-03 -1.780927e+00 2.918271e-02 -1.681452e-03 9.995727e-01 5.612616e+01
9.996998e-01 -9.194906e-03 2.271155e-02 2.238611e+01 9.203830e-03 9.999576e-01 -2.884230e-04 -1.778696e+00 -2.270794e-02 4.973699e-04 9.997420e-01 5.577966e+01
9.995334e-01 9.639771e-03 -2.898210e-02 2.265430e+01 -9.587048e-03 9.999521e-01 1.957615e-03 -1.776681e+00 2.899958e-02 -1.678850e-03 9.995780e-01 5.539235e+01
9.997171e-01 -9.164147e-03 2.195028e-02 2.298840e+01 9.172927e-03 9.999579e-01 -2.993216e-04 -1.773209e+00 -2.194661e-02 5.005854e-04 9.997590e-01 5.491890e+01
9.995369e-01 9.466070e-03 -2.891899e-02 2.334554e+01 -9.412069e-03 9.999537e-01 2.002873e-03 -1.769276e+00 2.893661e-02 -1.729758e-03 9.995798e-01 5.440484e+01
9.996904e-01 -9.267397e-03 2.309064e-02 2.361178e+01 9.281850e-03 9.999568e-01 -5.187811e-04 -1.767177e+00 -2.308483e-02 7.329446e-04 9.997332e-01 5.401090e+01
9.994796e-01 9.907412e-03 -3.069767e-02 2.397576e+01 -9.842295e-03 9.999490e-01 2.271663e-03 -1.761634e+00 3.071861e-02 -1.968346e-03 9.995261e-01 5.346982e+01
9.996884e-01 -9.262723e-03 2.317800e-02 2.428965e+01 9.267480e-03 9.999571e-01 -9.780583e-05 -1.755774e+00 -2.317610e-02 3.125773e-04 9.997313e-01 5.295560e+01
9.995042e-01 9.802429e-03 -2.992006e-02 2.455779e+01 -9.751754e-03 9.999508e-01 1.839167e-03 -1.754070e+00 2.993661e-02 -1.546482e-03 9.995506e-01 5.257583e+01
9.996905e-01 -8.958617e-03 2.320671e-02 2.469981e+01 8.966088e-03 9.999598e-01 -2.178583e-04 -1.748457e+00 -2.320383e-02 4.258646e-04 9.997307e-01 5.225904e+01
9.995163e-01 1.002671e-02 -2.943802e-02 2.472831e+01 -9.973385e-03 9.999483e-01 1.957662e-03 -1.741363e+00 2.945613e-02 -1.663119e-03 9.995647e-01 5.210962e+01
9.997420e-01 -8.429005e-03 2.109383e-02 2.474148e+01 8.414920e-03 9.999643e-01 7.564449e-04 -1.734482e+00 -2.109945e-02 -5.787466e-04 9.997772e-01 5.202586e+01
9.994739e-01 1.069817e-02 -3.061752e-02 2.475341e+01 -1.066054e-02 9.999422e-01 1.392003e-03 -1.732210e+00 3.063064e-02 -1.064872e-03 9.995302e-01 5.217756e+01
9.997865e-01 -8.822555e-03 1.868633e-02 2.480086e+01 8.767414e-03 9.999570e-01 3.030789e-03 -1.738108e+00 -1.871226e-02 -2.866310e-03 9.998208e-01 5.268460e+01
9.996749e-01 9.649534e-03 -2.360048e-02 2.503557e+01 -9.672954e-03 9.999528e-01 -8.783905e-04 -1.734382e+00 2.359089e-02 1.106391e-03 9.997211e-01 5.243315e+01
9.998073e-01 -9.240888e-03 1.732155e-02 2.520945e+01 9.195929e-03 9.999541e-01 2.673450e-03 -1.733534e+00 -1.734546e-02 -2.513646e-03 9.998464e-01 5.215774e+01
9.994927e-01 1.021582e-02 -3.016639e-02 2.582914e+01 -1.025139e-02 9.999469e-01 -1.024635e-03 -1.732204e+00 3.015432e-02 1.333362e-03 9.995444e-01 5.150445e+01
9.996810e-01 -1.053784e-02 2.295193e-02 2.644643e+01 1.048466e-02 9.999421e-01 2.435792e-03 -1.730424e+00 -2.297627e-02 -2.194372e-03 9.997336e-01 5.082236e+01
9.985282e-01 1.390155e-02 -5.242276e-02 2.742755e+01 -1.392912e-02 9.999030e-01 -1.606351e-04 -1.736260e+00 5.241544e-02 8.906014e-04 9.986250e-01 5.029648e+01
9.992988e-01 -1.564864e-02 3.401373e-02 2.843371e+01 1.572284e-02 9.998746e-01 -1.914929e-03 -1.753632e+00 -3.397950e-02 2.448379e-03 9.994195e-01 5.003900e+01
9.990806e-01 1.617022e-02 -3.970458e-02 2.865595e+01 -1.602841e-02 9.998640e-01 3.887419e-03 -1.751266e+00 3.976204e-02 -3.247444e-03 9.992039e-01 4.967580e+01
9.993211e-01 -1.562511e-02 3.336439e-02 2.898909e+01 1.570430e-02 9.998744e-01 -2.112581e-03 -1.748515e+00 -3.332719e-02 2.635112e-03 9.994410e-01 4.920857e+01
9.991249e-01 1.598919e-02 -3.865040e-02 2.918723e+01 -1.585387e-02 9.998671e-01 3.805150e-03 -1.745912e+00 3.870610e-02 -3.189062e-03 9.992455e-01 4.887005e+01
9.993735e-01 -1.517257e-02 3.197375e-02 2.931584e+01 1.524459e-02 9.998818e-01 -2.009864e-03 -1.743981e+00 -3.193947e-02 2.496032e-03 9.994867e-01 4.863914e+01
9.990331e-01 1.590694e-02 -4.098533e-02 2.937697e+01 -1.573376e-02 9.998659e-01 4.544741e-03 -1.748133e+00 4.105213e-02 -3.895494e-03 9.991494e-01 4.865038e+01
9.993289e-01 -1.559577e-02 3.314245e-02 2.961815e+01 1.568000e-02 9.998745e-01 -2.283114e-03 -1.750946e+00 -3.310268e-02 2.801256e-03 9.994480e-01 4.835603e+01
9.988821e-01 1.677255e-02 -4.419632e-02 2.971612e+01 -1.657222e-02 9.998507e-01 4.895263e-03 -1.753565e+00 4.427183e-02 -4.157359e-03 9.990109e-01 4.833563e+01
9.991886e-01 -1.655000e-02 3.671744e-02 3.009337e+01 1.666856e-02 9.998568e-01 -2.925384e-03 -1.750731e+00 -3.666376e-02 3.535037e-03 9.993214e-01 4.781988e+01
9.988882e-01 1.691821e-02 -4.400147e-02 3.042734e+01 -1.671283e-02 9.998477e-01 5.031282e-03 -1.748524e+00 4.407989e-02 -4.290299e-03 9.990188e-01 4.735585e+01
9.991802e-01 -1.661044e-02 3.691877e-02 3.078304e+01 1.673768e-02 9.998550e-01 -3.140288e-03 -1.747311e+00 -3.686125e-02 3.755649e-03 9.993133e-01 4.688610e+01
9.988651e-01 1.767759e-02 -4.422754e-02 3.112912e+01 -1.745475e-02 9.998330e-01 5.419475e-03 -1.743321e+00 4.431596e-02 -4.641344e-03 9.990068e-01 4.635368e+01
9.991638e-01 -1.622571e-02 3.752924e-02 3.147847e+01 1.633561e-02 9.998631e-01 -2.623415e-03 -1.731501e+00 -3.748153e-02 3.234284e-03 9.992921e-01 4.572098e+01
9.988581e-01 1.750077e-02 -4.445395e-02 3.179471e+01 -1.728251e-02 9.998367e-01 5.289543e-03 -1.724474e+00 4.453926e-02 -4.515228e-03 9.989974e-01 4.519579e+01
9.992292e-01 -1.598171e-02 3.585610e-02 3.220397e+01 1.606780e-02 9.998687e-01 -2.114175e-03 -1.713498e+00 -3.581761e-02 2.688675e-03 9.993547e-01 4.451129e+01
9.987850e-01 1.761897e-02 -4.602323e-02 3.279961e+01 -1.738231e-02 9.998336e-01 5.537486e-03 -1.704404e+00 4.611314e-02 -4.730768e-03 9.989250e-01 4.371311e+01
9.991269e-01 -1.601283e-02 3.858717e-02 3.330109e+01 1.610728e-02 9.998680e-01 -2.137938e-03 -1.691048e+00 -3.854784e-02 2.757606e-03 9.992530e-01 4.289390e+01
9.987860e-01 1.697292e-02 -4.624306e-02 3.368125e+01 -1.677832e-02 9.998487e-01 4.593059e-03 -1.682998e+00 4.631402e-02 -3.811602e-03 9.989197e-01 4.231065e+01
9.990407e-01 -1.611224e-02 4.071909e-02 3.416726e+01 1.618348e-02 9.998680e-01 -1.420600e-03 -1.671519e+00 -4.069083e-02 2.078215e-03 9.991696e-01 4.154118e+01
9.986503e-01 1.730278e-02 -4.897068e-02 3.464772e+01 -1.710126e-02 9.998435e-01 4.531221e-03 -1.658788e+00 4.904141e-02 -3.687645e-03 9.987899e-01 4.074590e+01
9.990198e-01 -1.661716e-02 4.102929e-02 3.519931e+01 1.669674e-02 9.998593e-01 -1.597708e-03 -1.648870e+00 -4.099697e-02 2.281197e-03 9.991567e-01 3.993037e+01
9.986832e-01 1.732050e-02 -4.829034e-02 3.567071e+01 -1.715535e-02 9.998455e-01 3.832324e-03 -1.640110e+00 4.834925e-02 -2.998840e-03 9.988260e-01 3.921098e+01
9.991610e-01 -1.641326e-02 3.752318e-02 3.614548e+01 1.648166e-02 9.998630e-01 -1.514421e-03 -1.632606e+00 -3.749319e-02 2.131595e-03 9.992946e-01 3.851100e+01
9.988012e-01 1.708148e-02 -4.587303e-02 3.664496e+01 -1.691255e-02 9.998487e-01 4.068145e-03 -1.623327e+00 4.593558e-02 -3.287438e-03 9.989390e-01 3.772709e+01
9.991826e-01 -1.733041e-02 3.652212e-02 3.737237e+01 1.744040e-02 9.998443e-01 -2.695371e-03 -1.618934e+00 -3.646972e-02 3.330128e-03 9.993292e-01 3.690390e+01
9.989875e-01 1.652061e-02 -4.184536e-02 3.806407e+01 -1.636997e-02 9.998582e-01 3.940155e-03 -1.616915e+00 4.190452e-02 -3.251159e-03 9.991163e-01 3.611179e+01
9.992891e-01 -1.674017e-02 3.377951e-02 3.866872e+01 1.684561e-02 9.998541e-01 -2.839339e-03 -1.611763e+00 -3.372705e-02 3.406357e-03 9.994253e-01 3.535192e+01
9.989796e-01 1.665856e-02 -4.197867e-02 3.924207e+01 -1.649459e-02 9.998549e-01 4.249514e-03 -1.606815e+00 4.204337e-02 -3.552757e-03 9.991095e-01 3.461317e+01
9.992980e-01 -1.679153e-02 3.349058e-02 3.982121e+01 1.690255e-02 9.998525e-01 -3.034582e-03 -1.602767e+00 -3.343469e-02 3.598528e-03 9.994344e-01 3.389344e+01
9.989726e-01 1.670992e-02 -4.212520e-02 4.042856e+01 -1.654009e-02 9.998536e-01 4.376811e-03 -1.598829e+00 4.219217e-02 -3.675560e-03 9.991028e-01 3.313549e+01
9.992858e-01 -1.682051e-02 3.383603e-02 4.100956e+01 1.694097e-02 9.998511e-01 -3.276537e-03 -1.595230e+00 -3.377588e-02 3.847412e-03 9.994220e-01 3.242091e+01
