9.998958e-01 3.837049e-04 -1.443039e-02 9.946752e-02 -3.568504e-04 9.999982e-01 1.863497e-03 -2.050884e-02 1.443108e-02 -1.858154e-03 9.998941e-01 4.580150e-01
9.999886e-01 1.805788e-03 -4.429155e-03 3.528065e-01 -1.804093e-03 9.999983e-01 3.864987e-04 -4.301731e-02 4.429846e-03 -3.785030e-04 9.999901e-01 8.056555e-01
9.999694e-01 -8.046133e-04 -7.776929e-03 5.004306e-01 8.096119e-04 9.999995e-01 6.396264e-04 -5.842120e-02 7.776410e-03 -6.459039e-04 9.999696e-01 9.954557e-01
9.999663e-01 1.189315e-03 -8.128630e-03 4.966200e-01 -1.176418e-03 9.999980e-01 1.591277e-03 -7.660320e-02 8.130507e-03 -1.581660e-03 9.999657e-01 1.625081e+00
9.999650e-01 -6.122372e-04 -8.339117e-03 4.626831e-01 6.081631e-04 9.999997e-01 -4.910719e-04 -9.663675e-02 8.339415e-03 4.859824e-04 9.999651e-01 2.462435e+00
9.999700e-01 1.124754e-03 -7.659001e-03 4.527603e-01 -1.110623e-03 9.999977e-01 1.849076e-03 -1.172231e-01 7.661063e-03 -1.840514e-03 9.999690e-01 3.234661e+00
9.999174e-01 -6.405419e-06 -1.285019e-02 4.837118e-01 1.282114e-05 9.999999e-01 4.991930e-04 -1.467773e-01 1.285019e-02 -4.993172e-04 9.999173e-01 4.273268e+00
9.999744e-01 1.666008e-03 -6.952220e-03 5.198030e-01 -1.656583e-03 9.999977e-01 1.361146e-03 -1.735646e-01 6.954472e-03 -1.349593e-03 9.999749e-01 5.263258e+00
9.999555e-01 -9.548356e-04 -9.385135e-03 5.170215e-01 9.533032e-04 9.999995e-01 -1.677426e-04 -1.949967e-01 9.385291e-03 1.587876e-04 9.999559e-01 6.069097e+00
9.999378e-01 2.022478e-03 -1.096976e-02 6.010843e-01 -1.998324e-03 9.999956e-01 2.212368e-03 -2.248455e-01 1.097418e-02 -2.190309e-03 9.999374e-01 6.998385e+00
9.999701e-01 1.104269e-04 -7.730606e-03 7.707605e-01 -1.151369e-04 9.999998e-01 -6.088157e-04 -2.508875e-01 7.730537e-03 6.096869e-04 9.999699e-01 7.667587e+00
9.999451e-01 1.660865e-03 -1.035049e-02 9.012133e-01 -1.639634e-03 9.999965e-01 2.059325e-03 -2.730816e-01 1.035388e-02 -2.042240e-03 9.999443e-01 8.248568e+00
9.999740e-01 -6.213032e-05 -7.212093e-03 1.132211e+00 5.985608e-05 9.999999e-01 -3.155383e-04 -2.951716e-01 7.212112e-03 3.150977e-04 9.999739e-01 8.608956e+00
9.999518e-01 2.562032e-03 -9.479768e-03 1.503115e+00 -2.540249e-03 9.999941e-01 2.309150e-03 -3.074089e-01 9.485628e-03 -2.284957e-03 9.999524e-01 8.495503e+00
9.999944e-01 -5.447857e-04 -3.303607e-03 1.827067e+00 5.452420e-04 9.999998e-01 1.372348e-04 -3.214733e-01 3.303531e-03 -1.390360e-04 9.999945e-01 8.405120e+00
9.999112e-01 3.022714e-03 -1.298137e-02 2.375952e+00 -2.995005e-03 9.999932e-01 2.153396e-03 -3.347315e-01 1.298779e-02 -2.114324e-03 9.999134e-01 8.061111e+00
9.999933e-01 -8.906875e-04 -3.541856e-03 2.704903e+00 8.893646e-04 9.999995e-01 -3.750265e-04 -3.489660e-01 3.542188e-03 3.718733e-04 9.999937e-01 8.024618e+00
9.999913e-01 1.461819e-03 -3.915569e-03 2.814652e+00 -1.452867e-03 9.999963e-01 2.288180e-03 -3.581993e-01 3.918900e-03 -2.282471e-03 9.999897e-01 8.028068e+00
9.999948e-01 -1.102894e-06 -3.222770e-03 3.054218e+00 7.037452e-07 1.000000e+00 -1.238151e-04 -3.652987e-01 3.222770e-03 1.238115e-04 9.999948e-01 7.845294e+00
9.999876e-01 2.775365e-04 -4.965737e-03 3.159124e+00 -2.694920e-04 9.999987e-01 1.620584e-03 -3.762578e-01 4.966180e-03 -1.619225e-03 9.999864e-01 7.927560e+00
9.999448e-01 5.577245e-04 -1.048841e-02 3.220333e+00 -5.583615e-04 9.999998e-01 -5.778588e-05 -3.963249e-01 1.048837e-02 6.363831e-05 9.999450e-01 8.473467e+00
9.999690e-01 5.858643e-04 -7.857527e-03 3.265145e+00 -5.670620e-04 9.999970e-01 2.394896e-03 -4.215061e-01 7.858906e-03 -2.390365e-03 9.999663e-01 9.306287e+00
9.999117e-01 6.420592e-04 -1.327031e-02 3.329979e+00 -6.511674e-04 9.999996e-01 -6.820435e-04 -4.552443e-01 1.326987e-02 6.906238e-04 9.999117e-01 1.047279e+01
9.999247e-01 2.044122e-03 -1.209970e-02 3.487232e+00 -2.008593e-03 9.999936e-01 2.947785e-03 -4.910065e-01 1.210565e-02 -2.923259e-03 9.999225e-01 1.158908e+01
9.999907e-01 1.949564e-04 -4.311958e-03 3.697400e+00 -1.998824e-04 9.999993e-01 -1.141984e-03 -5.122925e-01 4.311732e-03 1.142835e-03 9.999901e-01 1.199175e+01
9.999743e-01 6.129629e-04 -7.140266e-03 3.890095e+00 -5.941174e-04 9.999963e-01 2.641131e-03 -5.293888e-01 7.141859e-03 -2.636820e-03 9.999710e-01 1.214352e+01
9.999925e-01 3.398478e-04 -3.858821e-03 4.094159e+00 -3.451689e-04 9.999990e-01 -1.378316e-03 -5.454769e-01 3.858348e-03 1.379637e-03 9.999916e-01 1.223975e+01
9.999665e-01 2.231205e-04 -8.184615e-03 4.198408e+00 -2.000011e-04 9.999960e-01 2.825434e-03 -5.622031e-01 8.185213e-03 -2.823702e-03 9.999625e-01 1.250930e+01
9.999889e-01 5.841975e-04 -4.666494e-03 4.409769e+00 -5.871596e-04 9.999996e-01 -6.333644e-04 -5.789791e-01 4.666122e-03 6.360967e-04 9.999889e-01 1.264385e+01
9.999689e-01 1.445039e-03 -7.752564e-03 4.798119e+00 -1.426472e-03 9.999961e-01 2.399910e-03 -5.924898e-01 7.756002e-03 -2.388776e-03 9.999671e-01 1.247294e+01
9.999794e-01 -7.852997e-04 -6.370740e-03 4.940170e+00 7.796742e-04 9.999993e-01 -8.854317e-04 -6.147449e-01 6.371431e-03 8.804456e-04 9.999793e-01 1.288953e+01
9.999282e-01 2.463939e-03 -1.173033e-02 5.030326e+00 -2.434809e-03 9.999939e-01 2.496971e-03 -6.376930e-01 1.173641e-02 -2.468230e-03 9.999281e-01 1.356806e+01
9.999923e-01 -1.805122e-03 -3.481148e-03 5.065215e+00 1.801762e-03 9.999979e-01 -9.681608e-04 -6.572559e-01 3.482888e-03 9.618804e-04 9.999935e-01 1.416825e+01
9.999695e-01 2.518712e-03 -7.387940e-03 5.139421e+00 -2.499396e-03 9.999934e-01 2.622463e-03 -6.720575e-01 7.394497e-03 -2.603917e-03 9.999693e-01 1.443105e+01
9.999946e-01 -2.131867e-03 -2.492683e-03 5.232679e+00 2.127935e-03 9.999965e-01 -1.578872e-03 -6.857548e-01 2.496040e-03 1.573559e-03 9.999956e-01 1.462310e+01
9.999422e-01 2.502385e-03 -1.046111e-02 5.270549e+00 -2.470254e-03 9.999922e-01 3.083276e-03 -7.016374e-01 1.046874e-02 -3.057255e-03 9.999405e-01 1.501465e+01
9.999929e-01 -2.070849e-03 -3.160542e-03 5.312426e+00 2.065816e-03 9.999966e-01 -1.594938e-03 -7.187548e-01 3.163834e-03 1.588397e-03 9.999937e-01 1.545285e+01
9.999669e-01 2.339595e-03 -7.791011e-03 5.364941e+00 -2.316563e-03 9.999929e-01 2.963979e-03 -7.325096e-01 7.797890e-03 -2.945832e-03 9.999653e-01 1.570556e+01
9.999793e-01 -1.868396e-03 -6.160387e-03 5.409822e+00 1.859056e-03 9.999971e-01 -1.521448e-03 -7.498211e-01 6.163212e-03 1.509964e-03 9.999799e-01 1.615035e+01
9.999772e-01 2.318265e-03 -6.339776e-03 5.462417e+00 -2.299176e-03 9.999928e-01 3.016664e-03 -7.656455e-01 6.346724e-03 -3.002018e-03 9.999754e-01 1.650456e+01
9.999838e-01 -2.022855e-03 -5.317594e-03 5.499379e+00 2.014978e-03 9.999969e-01 -1.486292e-03 -7.796881e-01 5.320583e-03 1.475552e-03 9.999848e-01 1.680976e+01
9.999656e-01 2.455043e-03 -7.919577e-03 5.529118e+00 -2.433107e-03 9.999932e-01 2.778324e-03 -7.959197e-01 7.926344e-03 -2.758959e-03 9.999648e-01 1.726055e+01
9.999968e-01 -2.055425e-03 1.481697e-03 5.597639e+00 2.057367e-03 9.999970e-01 -1.310551e-03 -8.030570e-01 -1.478999e-03 1.313595e-03 9.999980e-01 1.724761e+01
9.999727e-01 2.499962e-03 -6.946908e-03 5.686380e+00 -2.480845e-03 9.999931e-01 2.759185e-03 -8.088755e-01 6.953758e-03 -2.741875e-03 9.999721e-01 1.717771e+01
9.999795e-01 -2.191043e-03 -6.014365e-03 5.707850e+00 2.185330e-03 9.999972e-01 -9.563303e-04 -8.246628e-01 6.016443e-03 9.431667e-04 9.999815e-01 1.758750e+01
9.999800e-01 2.458995e-03 -5.835067e-03 5.712763e+00 -2.448988e-03 9.999955e-01 1.721543e-03 -8.378194e-01 5.839274e-03 -1.707218e-03 9.999815e-01 1.799331e+01
9.999981e-01 -1.861109e-03 6.425598e-04 5.823679e+00 1.861068e-03 9.999983e-01 6.416590e-05 -8.441923e-01 -6.426784e-04 -6.297061e-05 9.999998e-01 1.790596e+01
9.999735e-01 2.330761e-03 -6.897391e-03 5.941864e+00 -2.322356e-03 9.999966e-01 1.226369e-03 -8.519747e-01 6.900226e-03 -1.210317e-03 9.999755e-01 1.786074e+01
9.999682e-01 -1.987429e-03 -7.729259e-03 5.969458e+00 1.995323e-03 9.999975e-01 1.013734e-03 -8.707135e-01 7.727224e-03 -1.029125e-03 9.999696e-01 1.837847e+01
9.999723e-01 2.587911e-03 -6.979201e-03 5.950829e+00 -2.591843e-03 9.999965e-01 -5.542995e-04 -8.881977e-01 6.977742e-03 5.723739e-04 9.999755e-01 1.908328e+01
9.999757e-01 -2.201151e-03 -6.621441e-03 5.981899e+00 2.215936e-03 9.999951e-01 2.226418e-03 -9.053745e-01 6.616507e-03 -2.241037e-03 9.999756e-01 1.955121e+01
9.999304e-01 2.820990e-03 -1.145870e-02 6.004653e+00 -2.817950e-03 9.999960e-01 2.813459e-04 -9.283197e-01 1.145945e-02 -2.490356e-04 9.999343e-01 2.031223e+01
9.999705e-01 -2.007506e-03 -7.419314e-03 5.999327e+00 2.018082e-03 9.999970e-01 1.418291e-03 -9.529765e-01 7.416443e-03 -1.433222e-03 9.999715e-01 2.126436e+01
9.999604e-01 2.688635e-03 -8.478855e-03 5.985535e+00 -2.694806e-03 9.999961e-01 -7.164862e-04 -9.719565e-01 8.476896e-03 7.393074e-04 9.999638e-01 2.202340e+01
9.999877e-01 -2.270063e-03 -4.400835e-03 6.000151e+00 2.277373e-03 9.999960e-01 1.656709e-03 -9.866207e-01 4.397057e-03 -1.666711e-03 9.999889e-01 2.246823e+01
9.999827e-01 2.522030e-03 -5.312397e-03 6.031456e+00 -2.523863e-03 9.999968e-01 -3.382930e-04 -9.974954e-01 5.311527e-03 3.516955e-04 9.999858e-01 2.266528e+01
9.999645e-01 -2.105648e-03 -8.157736e-03 6.040544e+00 2.118470e-03 9.999965e-01 1.563405e-03 -1.013143e+00 8.154416e-03 -1.580632e-03 9.999655e-01 2.315437e+01
9.999955e-01 2.723664e-03 1.254665e-03 6.119796e+00 -2.723900e-03 9.999963e-01 1.863342e-04 -1.019393e+00 -1.254152e-03 -1.897503e-04 9.999992e-01 2.312835e+01
9.999891e-01 -1.463859e-03 -4.435775e-03 6.394521e+00 1.472871e-03 9.999969e-01 2.029176e-03 -1.018843e+00 4.432791e-03 -2.035687e-03 9.999881e-01 2.268852e+01
9.999944e-01 2.654640e-03 2.021712e-03 6.664384e+00 -2.655233e-03 9.999964e-01 2.906237e-04 -1.017656e+00 -2.020934e-03 -2.959895e-04 9.999979e-01 2.224506e+01
9.999809e-01 -1.864395e-03 -5.899672e-03 6.812905e+00 1.872266e-03 9.999974e-01 1.329057e-03 -1.018487e+00 5.897179e-03 -1.340078e-03 9.999817e-01 2.197700e+01
9.999661e-01 2.153149e-03 -7.951018e-03 6.817113e+00 -2.144241e-03 9.999971e-01 1.128618e-03 -1.034300e+00 7.953425e-03 -1.111530e-03 9.999678e-01 2.247674e+01
9.999628e-01 -1.462634e-03 -8.496739e-03 6.785603e+00 1.458837e-03 9.999988e-01 -4.530665e-04 -1.054905e+00 8.497391e-03 4.406536e-04 9.999638e-01 2.335635e+01
9.999962e-01 1.898318e-03 -2.023681e-03 6.797566e+00 -1.896382e-03 9.999977e-01 9.578401e-04 -1.065767e+00 2.025494e-03 -9.539981e-04 9.999975e-01 2.365402e+01
9.999924e-01 -1.288763e-03 -3.684647e-03 6.899920e+00 1.292521e-03 9.999986e-01 1.017766e-03 -1.072018e+00 3.683330e-03 -1.022521e-03 9.999927e-01 2.360845e+01
9.999887e-01 1.781951e-03 -4.414266e-03 6.962433e+00 -1.780639e-03 9.999984e-01 3.010737e-04 -1.079070e+00 4.414796e-03 -2.932095e-04 9.999902e-01 2.362207e+01
9.999999e-01 -4.694386e-04 2.405282e-04 7.186448e+00 4.689300e-04 9.999977e-01 2.108887e-03 -1.077797e+00 -2.415179e-04 -2.108774e-03 9.999977e-01 2.324528e+01
9.999936e-01 1.357801e-03 -3.313755e-03 7.391183e+00 -1.357674e-03 9.999991e-01 4.045787e-05 -1.076559e+00 3.313807e-03 -3.595796e-05 9.999945e-01 2.287177e+01
9.999997e-01 -7.898382e-04 1.751297e-04 7.507808e+00 7.895409e-04 9.999983e-01 1.689133e-03 -1.077026e+00 -1.764638e-04 -1.688995e-03 9.999986e-01 2.263050e+01
9.999945e-01 1.636626e-03 -2.875145e-03 7.686624e+00 -1.635602e-03 9.999986e-01 3.583772e-04 -1.076142e+00 2.875727e-03 -3.536720e-04 9.999958e-01 2.228945e+01
9.999985e-01 -8.289101e-04 -1.519519e-03 7.759504e+00 8.310157e-04 9.999987e-01 1.385791e-03 -1.077360e+00 1.518368e-03 -1.387053e-03 9.999979e-01 2.213772e+01
9.999613e-01 9.062861e-04 -8.751820e-03 7.760407e+00 -9.069735e-04 9.999996e-01 -7.461119e-05 -1.087926e+00 8.751749e-03 8.254662e-05 9.999617e-01 2.238673e+01
9.999904e-01 -3.065281e-04 4.379384e-03 7.858955e+00 2.979786e-04 9.999980e-01 1.952649e-03 -1.089667e+00 -4.379974e-03 -1.951326e-03 9.999885e-01 2.219509e+01
9.999366e-01 8.297801e-04 -1.122735e-02 7.874892e+00 -8.297147e-04 9.999997e-01 1.045290e-05 -1.095038e+00 1.122736e-02 -1.136089e-06 9.999370e-01 2.223521e+01
9.999994e-01 -5.941511e-04 -8.875776e-04 7.881174e+00 5.954081e-04 9.999988e-01 1.417042e-03 -1.109303e+00 8.867344e-04 -1.417571e-03 9.999986e-01 2.264755e+01
9.999215e-01 8.609507e-04 -1.250295e-02 7.872942e+00 -8.634920e-04 9.999996e-01 -1.978907e-04 -1.124907e+00 1.250277e-02 2.086720e-04 9.999218e-01 2.317395e+01
9.999985e-01 -5.196875e-04 -1.640579e-03 7.855117e+00 5.225422e-04 9.999983e-01 1.740300e-03 -1.141607e+00 1.639672e-03 -1.741155e-03 9.999971e-01 2.378072e+01
9.999029e-01 1.093977e-03 -1.389385e-02 7.839554e+00 -1.106895e-03 9.999990e-01 -9.221399e-04 -1.160875e+00 1.389282e-02 9.374300e-04 9.999031e-01 2.459044e+01
9.999998e-01 -1.033895e-04 -6.232852e-04 7.825397e+00 1.045533e-04 9.999982e-01 1.867949e-03 -1.178843e+00 6.230908e-04 -1.868014e-03 9.999981e-01 2.535104e+01
9.999515e-01 2.299884e-04 -9.847069e-03 7.794035e+00 -2.447763e-04 9.999988e-01 -1.500609e-03 -1.189281e+00 9.846713e-03 1.502947e-03 9.999504e-01 2.573361e+01
9.999952e-01 -7.202286e-05 3.105867e-03 7.824629e+00 6.208819e-05 9.999949e-01 3.198540e-03 -1.196122e+00 -3.106082e-03 -3.198332e-03 9.999901e-01 2.577000e+01
9.999045e-01 8.146022e-04 -1.379740e-02 7.912351e+00 -8.379793e-04 9.999982e-01 -1.688641e-03 -1.203657e+00 1.379600e-02 1.700042e-03 9.999034e-01 2.579730e+01
9.999831e-01 -8.071949e-04 5.758515e-03 7.917819e+00 7.895593e-04 9.999950e-01 3.064082e-03 -1.211046e+00 -5.760959e-03 -3.059484e-03 9.999787e-01 2.591140e+01
9.998638e-01 1.455396e-03 -1.644233e-02 7.917339e+00 -1.468794e-03 9.999986e-01 -8.028765e-04 -1.218848e+00 1.644114e-02 8.269181e-04 9.998645e-01 2.612264e+01
9.999918e-01 -1.236995e-03 3.856377e-03 7.825945e+00 1.234384e-03 9.999990e-01 6.793374e-04 -1.230507e+00 -3.857214e-03 -6.745722e-04 9.999923e-01 2.684998e+01
9.997172e-01 2.881815e-03 -2.360388e-02 7.944193e+00 -2.838342e-03 9.999942e-01 1.875071e-03 -1.256204e+00 2.360915e-02 -1.807544e-03 9.997196e-01 2.756614e+01
9.999973e-01 -8.218029e-04 2.153881e-03 8.018177e+00 8.231176e-04 9.999995e-01 -6.097409e-04 -1.288581e+00 -2.153379e-03 6.115116e-04 9.999975e-01 2.880995e+01
9.997015e-01 3.145816e-03 -2.422705e-02 8.100295e+00 -3.099824e-03 9.999933e-01 1.935656e-03 -1.318177e+00 2.423297e-02 -1.859978e-03 9.997046e-01 2.990188e+01
9.999942e-01 -1.367803e-03 3.108678e-03 8.127733e+00 1.368046e-03 9.999991e-01 -7.629311e-05 -1.347495e+00 -3.108571e-03 8.054488e-05 9.999952e-01 3.110361e+01
9.997378e-01 3.558822e-03 -2.261943e-02 8.196419e+00 -3.545052e-03 9.999935e-01 6.488252e-04 -1.377800e+00 2.262160e-02 -5.684674e-04 9.997439e-01 3.238604e+01
9.999993e-01 -7.298435e-04 9.747901e-04 8.319557e+00 7.281113e-04 9.999982e-01 1.775740e-03 -1.405179e+00 -9.760845e-04 -1.775029e-03 9.999979e-01 3.333024e+01
9.998513e-01 1.629678e-03 -1.716713e-02 8.328059e+00 -1.642562e-03 9.999984e-01 -7.364809e-04 -1.426597e+00 1.716590e-02 7.645700e-04 9.998524e-01 3.422236e+01
9.999786e-01 -8.772096e-04 6.478317e-03 8.359042e+00 8.690092e-04 9.999988e-01 1.268476e-03 -1.438515e+00 -6.479422e-03 -1.262820e-03 9.999782e-01 3.455678e+01
9.999068e-01 1.330862e-03 -1.358843e-02 8.404673e+00 -1.327374e-03 9.999991e-01 2.657424e-04 -1.444492e+00 1.358877e-02 -2.476801e-04 9.999076e-01 3.455565e+01
9.999703e-01 -6.430093e-04 7.678115e-03 8.496677e+00 6.320103e-04 9.999988e-01 1.434801e-03 -1.447517e+00 -7.679028e-03 -1.429906e-03 9.999695e-01 3.442164e+01
9.998372e-01 1.030660e-03 -1.801580e-02 8.507485e+00 -1.022210e-03 9.999994e-01 4.782077e-04 -1.455813e+00 1.801628e-02 -4.597133e-04 9.998376e-01 3.459561e+01
9.999649e-01 -8.264990e-04 8.332020e-03 8.490349e+00 8.266082e-04 9.999997e-01 -9.711596e-06 -1.465444e+00 -8.332009e-03 1.659798e-05 9.999653e-01 3.492539e+01
9.998514e-01 9.765224e-04 -1.720983e-02 8.494620e+00 -9.539813e-04 9.999987e-01 1.317917e-03 -1.473963e+00 1.721109e-02 -1.301303e-03 9.998510e-01 3.510392e+01
9.999700e-01 -8.241166e-04 7.707166e-03 8.495849e+00 8.260161e-04 9.999996e-01 -2.433420e-04 -1.483760e+00 -7.706962e-03 2.497003e-04 9.999703e-01 3.535061e+01
9.998728e-01 1.031880e-03 -1.591613e-02 8.508465e+00 -1.005846e-03 9.999981e-01 1.643616e-03 -1.491422e+00 1.591780e-02 -1.627397e-03 9.998720e-01 3.546853e+01
9.999552e-01 -2.940997e-04 9.456617e-03 8.620501e+00 2.940989e-04 1.000000e+00 1.424288e-06 -1.495105e+00 -9.456617e-03 1.356374e-06 9.999553e-01 3.533951e+01
9.998964e-01 1.300117e-03 -1.433836e-02 8.781248e+00 -1.272041e-03 9.999973e-01 1.966993e-03 -1.496211e+00 1.434088e-02 -1.948550e-03 9.998953e-01 3.507781e+01
9.999496e-01 -3.815724e-04 1.003267e-02 8.982782e+00 3.792375e-04 9.999999e-01 2.345839e-04 -1.496301e+00 -1.003276e-02 -2.307679e-04 9.999496e-01 3.475405e+01
9.998678e-01 1.623566e-03 -1.617581e-02 9.180096e+00 -1.592846e-03 9.999969e-01 1.911820e-03 -1.497311e+00 1.617887e-02 -1.885802e-03 9.998673e-01 3.447246e+01
9.999455e-01 -1.572336e-04 1.043543e-02 9.500624e+00 1.512598e-04 9.999998e-01 5.731976e-04 -1.497364e+00 -1.043552e-02 -5.715885e-04 9.999454e-01 3.403303e+01
9.998794e-01 1.171175e-03 -1.548726e-02 9.731991e+00 -1.148551e-03 9.999983e-01 1.469654e-03 -1.498729e+00 1.548896e-02 -1.451688e-03 9.998790e-01 3.369841e+01
9.999491e-01 5.850095e-05 1.009395e-02 9.981208e+00 -6.567205e-05 9.999997e-01 7.100609e-04 -1.500628e+00 -1.009390e-02 -7.106881e-04 9.999488e-01 3.336453e+01
9.998772e-01 1.438259e-03 -1.560798e-02 1.030764e+01 -1.413173e-03 9.999977e-01 1.618146e-03 -1.501247e+00 1.561027e-02 -1.595890e-03 9.998769e-01 3.293569e+01
9.999460e-01 -1.445019e-04 1.038754e-02 1.060069e+01 1.379556e-04 9.999998e-01 6.308791e-04 -1.501704e+00 -1.038763e-02 -6.294126e-04 9.999458e-01 3.253621e+01
9.998820e-01 1.244191e-03 -1.531308e-02 1.083423e+01 -1.221669e-03 9.999982e-01 1.480030e-03 -1.503292e+00 1.531489e-02 -1.461147e-03 9.998817e-01 3.221598e+01
9.999468e-01 -4.011528e-04 1.030624e-02 1.101064e+01 3.973714e-04 9.999999e-01 3.689003e-04 -1.505895e+00 -1.030639e-02 -3.647859e-04 9.999468e-01 3.197563e+01
9.998872e-01 1.167447e-03 -1.497518e-02 1.116896e+01 -1.147139e-03 9.999984e-01 1.364599e-03 -1.508549e+00 1.497675e-02 -1.347266e-03 9.998869e-01 3.175670e+01
9.999575e-01 1.735944e-04 9.222639e-03 1.137775e+01 -1.805143e-04 9.999997e-01 7.494463e-04 -1.510036e+00 -9.222507e-03 -7.510799e-04 9.999572e-01 3.147757e+01
9.998953e-01 1.413979e-03 -1.440292e-02 1.172865e+01 -1.389361e-03 9.999976e-01 1.719066e-03 -1.508058e+00 1.440532e-02 -1.698874e-03 9.998948e-01 3.096720e+01
9.999542e-01 8.116520e-05 9.567472e-03 1.205100e+01 -8.918550e-05 9.999996e-01 8.378168e-04 -1.507434e+00 -9.567401e-03 -8.386323e-04 9.999539e-01 3.050802e+01
9.998995e-01 1.920596e-03 -1.404326e-02 1.248414e+01 -1.891739e-03 9.999961e-01 2.067798e-03 -1.504954e+00 1.404718e-02 -2.041024e-03 9.998993e-01 2.989221e+01
9.999527e-01 -3.214987e-04 9.722179e-03 1.283771e+01 3.159611e-04 9.999998e-01 5.710674e-04 -1.503280e+00 -9.722361e-03 -5.679691e-04 9.999526e-01 2.936777e+01
9.998974e-01 1.423937e-03 -1.425275e-02 1.306460e+01 -1.401532e-03 9.999978e-01 1.581833e-03 -1.504134e+00 1.425497e-02 -1.561694e-03 9.998972e-01 2.903644e+01
9.999470e-01 6.659155e-05 1.029988e-02 1.336876e+01 -7.674287e-05 9.999995e-01 9.851389e-04 -1.503201e+00 -1.029981e-02 -9.858777e-04 9.999465e-01 2.858059e+01
9.999013e-01 1.827048e-03 -1.393173e-02 1.376868e+01 -1.800231e-03 9.999965e-01 1.937190e-03 -1.499809e+00 1.393522e-02 -1.911918e-03 9.999011e-01 2.797206e+01
9.999511e-01 2.267532e-04 9.882622e-03 1.421684e+01 -2.365762e-04 9.999995e-01 9.927532e-04 -1.495883e+00 -9.882392e-03 -9.950432e-04 9.999507e-01 2.730704e+01
9.999012e-01 1.988003e-03 -1.391241e-02 1.469148e+01 -1.960095e-03 9.999960e-01 2.019311e-03 -1.491680e+00 1.391637e-02 -1.991841e-03 9.999012e-01 2.661119e+01
9.999582e-01 -1.198846e-04 9.139508e-03 1.510479e+01 1.136071e-04 9.999998e-01 6.873153e-04 -1.489413e+00 -9.139589e-03 -6.862488e-04 9.999580e-01 2.602461e+01
9.998833e-01 1.672560e-03 -1.518477e-02 1.532580e+01 -1.642404e-03 9.999967e-01 1.998134e-03 -1.489199e+00 1.518806e-02 -1.972961e-03 9.998827e-01 2.565311e+01
9.999573e-01 4.786027e-05 9.237821e-03 1.563592e+01 -5.585993e-05 9.999996e-01 8.656614e-04 -1.490111e+00 -9.237776e-03 -8.661410e-04 9.999570e-01 2.526490e+01
9.999004e-01 1.661097e-03 -1.401370e-02 1.599684e+01 -1.637793e-03 9.999973e-01 1.674224e-03 -1.489005e+00 1.401644e-02 -1.651105e-03 9.999004e-01 2.475672e+01
9.999567e-01 -8.490308e-05 9.304419e-03 1.631923e+01 7.771509e-05 9.999997e-01 7.728427e-04 -1.488195e+00 -9.304482e-03 -7.720867e-04 9.999564e-01 2.428741e+01
9.998944e-01 1.282125e-03 -1.447388e-02 1.654435e+01 -1.263179e-03 9.999983e-01 1.317965e-03 -1.489816e+00 1.447555e-02 -1.299542e-03 9.998944e-01 2.397974e+01
9.999560e-01 5.121164e-05 9.377408e-03 1.681137e+01 -6.043746e-05 9.999995e-01 9.835018e-04 -1.490459e+00 -9.377353e-03 -9.840259e-04 9.999555e-01 2.360925e+01
9.999026e-01 1.561268e-03 -1.386940e-02 1.715080e+01 -1.539220e-03 9.999975e-01 1.600148e-03 -1.489829e+00 1.387186e-02 -1.578643e-03 9.999025e-01 2.313034e+01
9.999534e-01 3.880017e-04 9.649585e-03 1.759587e+01 -4.000743e-04 9.999991e-01 1.249153e-03 -1.486248e+00 -9.649092e-03 -1.252956e-03 9.999527e-01 2.247657e+01
9.999026e-01 1.232737e-03 -1.390543e-02 1.796349e+01 -1.213328e-03 9.999983e-01 1.404091e-03 -1.484193e+00 1.390714e-02 -1.387082e-03 9.999023e-01 2.193015e+01
9.999567e-01 6.880115e-04 9.283806e-03 1.837905e+01 -7.005515e-04 9.999988e-01 1.347499e-03 -1.481874e+00 -9.282868e-03 -1.353945e-03 9.999560e-01 2.133581e+01
9.999033e-01 1.579602e-03 -1.381483e-02 1.886772e+01 -1.555360e-03 9.999972e-01 1.765283e-03 -1.477902e+00 1.381758e-02 -1.743625e-03 9.999030e-01 2.062949e+01
9.999567e-01 4.105202e-04 9.294776e-03 1.928990e+01 -4.223833e-04 9.999991e-01 1.274339e-03 -1.473586e+00 -9.294245e-03 -1.278210e-03 9.999560e-01 1.998172e+01
9.999053e-01 1.645181e-03 -1.366069e-02 1.972039e+01 -1.620392e-03 9.999970e-01 1.825450e-03 -1.469286e+00 1.366365e-02 -1.803141e-03 9.999050e-01 1.932560e+01
9.999540e-01 7.021515e-04 9.570726e-03 2.020852e+01 -7.159325e-04 9.999987e-01 1.436511e-03 -1.463563e+00 -9.569706e-03 -1.443297e-03 9.999532e-01 1.857820e+01
9.999031e-01 1.485762e-03 -1.384171e-02 2.066609e+01 -1.463493e-03 9.999976e-01 1.618853e-03 -1.458075e+00 1.384408e-02 -1.598438e-03 9.999029e-01 1.787137e+01
9.999496e-01 4.255706e-04 1.003268e-02 2.109054e+01 -4.391533e-04 9.999990e-01 1.351636e-03 -1.453809e+00 -1.003209e-02 -1.355974e-03 9.999488e-01 1.721763e+01
9.998594e-01 2.427077e-03 -1.659460e-02 2.171096e+01 -2.396901e-03 9.999954e-01 1.838043e-03 -1.449170e+00 1.659899e-02 -1.798008e-03 9.998606e-01 1.639491e+01
9.999292e-01 8.293198e-04 1.186798e-02 2.238915e+01 -8.492683e-04 9.999982e-01 1.675887e-03 -1.442570e+00 -1.186657e-02 -1.685848e-03 9.999282e-01 1.544675e+01
9.998679e-01 1.566826e-03 -1.617524e-02 2.293171e+01 -1.540807e-03 9.999975e-01 1.620885e-03 -1.436232e+00 1.617774e-02 -1.595747e-03 9.998679e-01 1.463999e+01
9.999164e-01 1.551840e-04 1.292630e-02 2.330520e+01 -1.715556e-04 9.999992e-01 1.265391e-03 -1.431468e+00 -1.292609e-02 -1.267504e-03 9.999157e-01 1.402945e+01
9.998687e-01 1.847521e-03 -1.610130e-02 2.372062e+01 -1.817687e-03 9.999966e-01 1.867345e-03 -1.426170e+00 1.610470e-02 -1.837833e-03 9.998686e-01 1.336747e+01
9.999153e-01 1.734416e-05 1.301555e-02 2.412800e+01 -3.246990e-05 9.999993e-01 1.161879e-03 -1.420987e+00 -1.301552e-02 -1.162204e-03 9.999146e-01 1.271120e+01
9.998544e-01 2.049326e-03 -1.694200e-02 2.457087e+01 -2.018894e-03 9.999963e-01 1.813101e-03 -1.416630e+00 1.694565e-02 -1.778632e-03 9.998548e-01 1.204277e+01
9.999225e-01 3.152309e-04 1.244342e-02 2.503623e+01 -3.331044e-04 9.999989e-01 1.434297e-03 -1.411810e+00 -1.244295e-02 -1.438332e-03 9.999215e-01 1.134845e+01
9.998499e-01 1.601767e-03 -1.725096e-02 2.547450e+01 -1.580294e-03 9.999980e-01 1.258241e-03 -1.406513e+00 1.725294e-02 -1.230790e-03 9.998504e-01 1.068956e+01
9.999194e-01 4.827203e-04 1.269086e-02 2.593077e+01 -5.032710e-04 9.999986e-01 1.616150e-03 -1.403180e+00 -1.269006e-02 -1.622407e-03 9.999182e-01 1.003871e+01
9.998484e-01 1.701826e-03 -1.732726e-02 2.640388e+01 -1.680219e-03 9.999978e-01 1.261453e-03 -1.399416e+00 1.732937e-02 -1.232148e-03 9.998491e-01 9.362096e+00
9.999193e-01 -1.112903e-04 1.270444e-02 2.679646e+01 9.505458e-05 9.999992e-01 1.278513e-03 -1.397431e+00 -1.270457e-02 -1.277203e-03 9.999185e-01 8.802069e+00
9.998507e-01 1.880998e-03 -1.717859e-02 2.719653e+01 -1.860987e-03 9.999976e-01 1.180773e-03 -1.396071e+00 1.718076e-02 -1.148627e-03 9.998517e-01 8.252937e+00
9.999208e-01 -6.312164e-05 1.258232e-02 2.761857e+01 4.402738e-05 9.999988e-01 1.517777e-03 -1.393851e+00 -1.258240e-02 -1.517104e-03 9.999197e-01 7.657027e+00
9.998422e-01 2.129205e-03 -1.763816e-02 2.807027e+01 -2.107563e-03 9.999970e-01 1.245493e-03 -1.391727e+00 1.764076e-02 -1.208123e-03 9.998437e-01 7.038467e+00
9.999170e-01 -1.877975e-04 1.288367e-02 2.850728e+01 1.683604e-04 9.999988e-01 1.509693e-03 -1.389190e+00 -1.288393e-02 -1.507399e-03 9.999159e-01 6.424401e+00
9.998479e-01 2.174886e-03 -1.730222e-02 2.895723e+01 -2.153190e-03 9.999969e-01 1.272467e-03 -1.385550e+00 1.730493e-02 -1.235018e-03 9.998495e-01 5.770963e+00
9.999249e-01 -4.553933e-04 1.224441e-02 2.932946e+01 4.384321e-04 9.999989e-01 1.387824e-03 -1.384332e+00 -1.224503e-02 -1.382352e-03 9.999241e-01 5.252813e+00
9.998558e-01 1.940306e-03 -1.687267e-02 2.967327e+01 -1.921211e-03 9.999975e-01 1.147850e-03 -1.383480e+00 1.687486e-02 -1.115268e-03 9.998570e-01 4.766074e+00
9.999158e-01 -1.616536e-04 1.297362e-02 3.005566e+01 1.397912e-04 9.999986e-01 1.685996e-03 -1.379987e+00 -1.297387e-02 -1.684041e-03 9.999144e-01 4.177062e+00
9.998602e-01 2.129927e-03 -1.658666e-02 3.048441e+01 -2.106848e-03 9.999968e-01 1.408722e-03 -1.374996e+00 1.658961e-02 -1.373579e-03 9.998614e-01 3.508034e+00
9.999138e-01 8.867471e-05 1.313173e-02 3.095833e+01 -1.131591e-04 9.999983e-01 1.863752e-03 -1.368707e+00 -1.313154e-02 -1.865078e-03 9.999120e-01 2.767285e+00
9.998560e-01 2.232366e-03 -1.682163e-02 3.145630e+01 -2.211468e-03 9.999968e-01 1.260800e-03 -1.363020e+00 1.682439e-02 -1.223417e-03 9.998577e-01 2.013627e+00
9.999159e-01 -5.471223e-05 1.297080e-02 3.190996e+01 2.990834e-05 9.999982e-01 1.912432e-03 -1.356656e+00 -1.297088e-02 -1.911884e-03 9.999140e-01 1.290416e+00
9.998538e-01 1.862405e-03 -1.699986e-02 3.219439e+01 -1.843973e-03 9.999977e-01 1.099836e-03 -1.351176e+00 1.700186e-02 -1.068327e-03 9.998549e-01 7.358994e-01
9.999170e-01 -3.440216e-04 1.287928e-02 3.254135e+01 3.191364e-04 9.999981e-01 1.934156e-03 -1.348411e+00 -1.287992e-02 -1.929886e-03 9.999152e-01 2.176876e-01
9.998487e-01 2.648797e-03 -1.719333e-02 3.299093e+01 -2.629578e-03 9.999959e-01 1.140261e-03 -1.344215e+00 1.719628e-02 -1.094877e-03 9.998515e-01 -4.550416e-01
9.999150e-01 -8.699286e-04 1.301074e-02 3.339226e+01 8.460592e-04 9.999979e-01 1.839941e-03 -1.341021e+00 -1.301231e-02 -1.828778e-03 9.999137e-01 -1.071694e+00
9.998446e-01 2.983291e-03 -1.737312e-02 3.381012e+01 -2.963431e-03 9.999949e-01 1.168732e-03 -1.338293e+00 1.737652e-02 -1.117065e-03 9.998484e-01 -1.695513e+00
9.999080e-01 -7.942809e-04 1.354378e-02 3.429280e+01 7.685437e-04 9.999979e-01 1.905353e-03 -1.333418e+00 -1.354527e-02 -1.894769e-03 9.999065e-01 -2.416578e+00
9.998428e-01 3.569836e-03 -1.736637e-02 3.489005e+01 -3.542978e-03 9.999925e-01 1.576996e-03 -1.327083e+00 1.737187e-02 -1.515218e-03 9.998479e-01 -3.284473e+00
9.999177e-01 -5.932477e-04 1.281605e-02 3.555748e+01 5.657449e-04 9.999975e-01 2.149442e-03 -1.318813e+00 -1.281730e-02 -2.142015e-03 9.999156e-01 -4.269200e+00
9.998585e-01 3.200759e-03 -1.651493e-02 3.614135e+01 -3.181166e-03 9.999942e-01 1.212476e-03 -1.312647e+00 1.651872e-02 -1.159767e-03 9.998629e-01 -5.121278e+00
9.999214e-01 6.637759e-04 1.252015e-02 3.695758e+01 -6.993961e-04 9.999957e-01 2.840822e-03 -1.303528e+00 -1.251821e-02 -2.849356e-03 9.999176e-01 -6.257809e+00
9.998470e-01 2.644527e-03 -1.728866e-02 3.767753e+01 -2.630457e-03 9.999962e-01 8.364513e-04 -1.294326e+00 1.729081e-02 -7.908458e-04 9.998502e-01 -7.315829e+00
9.999131e-01 -7.167555e-04 1.316552e-02 3.810669e+01 6.910718e-04 9.999978e-01 1.955239e-03 -1.290404e+00 -1.316689e-02 -1.945971e-03 9.999114e-01 -7.959769e+00
9.998405e-01 2.816530e-03 -1.763562e-02 3.855375e+01 -2.800618e-03 9.999956e-01 9.268435e-04 -1.286944e+00 1.763816e-02 -8.773045e-04 9.998441e-01 -8.612048e+00
9.999149e-01 -5.608408e-04 1.303032e-02 3.904887e+01 5.316314e-04 9.999973e-01 2.244965e-03 -1.282542e+00 -1.303155e-02 -2.237847e-03 9.999126e-01 -9.332341e+00
9.998522e-01 2.795138e-03 -1.696447e-02 3.952845e+01 -2.780302e-03 9.999957e-01 8.980173e-04 -1.277570e+00 1.696691e-02 -8.507176e-04 9.998557e-01 -1.005351e+01
9.999175e-01 -5.694714e-04 1.283364e-02 4.001343e+01 5.412463e-04 9.999974e-01 2.202626e-03 -1.272645e+00 -1.283486e-02 -2.195498e-03 9.999152e-01 -1.077491e+01
9.998577e-01 2.547200e-03 -1.667685e-02 4.041424e+01 -2.532548e-03 9.999964e-01 8.996383e-04 -1.267519e+00 1.667908e-02 -8.572749e-04 9.998605e-01 -1.142236e+01
9.999364e-01 2.580810e-04 1.127197e-02 4.096970e+01 -2.834017e-04 9.999974e-01 2.244757e-03 -1.263177e+00 -1.127136e-02 -2.247810e-03 9.999339e-01 -1.217124e+01
9.998715e-01 2.981708e-03 -1.575383e-02 4.160811e+01 -2.960915e-03 9.999947e-01 1.343003e-03 -1.257859e+00 1.575775e-02 -1.296184e-03 9.998750e-01 -1.305656e+01
9.999329e-01 -2.572026e-04 1.158247e-02 4.220387e+01 2.347939e-04 9.999981e-01 1.935972e-03 -1.251412e+00 -1.158294e-02 -1.933123e-03 9.999310e-01 -1.391727e+01
9.998709e-01 3.091061e-03 -1.576623e-02 4.281157e+01 -3.071135e-03 9.999945e-01 1.287918e-03 -1.245130e+00 1.577012e-02 -1.239331e-03 9.998749e-01 -1.478938e+01
9.999453e-01 2.843689e-04 1.045938e-02 4.350251e+01 -3.070342e-04 9.999976e-01 2.165380e-03 -1.238754e+00 -1.045873e-02 -2.168473e-03 9.999430e-01 -1.573539e+01
9.998719e-01 2.336982e-03 -1.583425e-02 4.406127e+01 -2.317291e-03 9.999965e-01 1.261783e-03 -1.233532e+00 1.583714e-02 -1.224928e-03 9.998738e-01 -1.655656e+01
9.999284e-01 -4.070558e-04 1.195778e-02 4.448211e+01 3.851065e-04 9.999982e-01 1.837771e-03 -1.228940e+00 -1.195851e-02 -1.833035e-03 9.999268e-01 -1.721287e+01
9.998860e-01 2.345492e-03 -1.491295e-02 4.489865e+01 -2.326633e-03 9.999965e-01 1.281812e-03 -1.223495e+00 1.491591e-02 -1.246969e-03 9.998880e-01 -1.789337e+01
9.999253e-01 -4.745599e-04 1.221308e-02 4.531282e+01 4.542275e-04 9.999985e-01 1.667479e-03 -1.218513e+00 -1.221385e-02 -1.661807e-03 9.999240e-01 -1.856515e+01
9.998604e-01 2.072798e-03 -1.658189e-02 4.564675e+01 -2.056533e-03 9.999974e-01 9.978464e-04 -1.214232e+00 1.658392e-02 -9.636054e-04 9.998620e-01 -1.911668e+01
9.999257e-01 -5.021000e-04 1.217646e-02 4.602777e+01 4.811410e-04 9.999984e-01 1.724089e-03 -1.210868e+00 -1.217731e-02 -1.718103e-03 9.999244e-01 -1.966799e+01
9.998736e-01 2.756663e-03 -1.565754e-02 4.649143e+01 -2.737027e-03 9.999954e-01 1.275350e-03 -1.207136e+00 1.566099e-02 -1.232333e-03 9.998766e-01 -2.033679e+01
9.999274e-01 -1.405779e-04 1.204553e-02 4.707196e+01 1.200077e-04 9.999985e-01 1.708361e-03 -1.201588e+00 -1.204575e-02 -1.706792e-03 9.999260e-01 -2.115882e+01
9.998530e-01 2.638155e-03 -1.694229e-02 4.745935e+01 -2.609435e-03 9.999951e-01 1.717045e-03 -1.195618e+00 1.694674e-02 -1.672582e-03 9.998550e-01 -2.184044e+01
9.999299e-01 -9.025667e-04 1.180818e-02 4.777673e+01 8.864215e-04 9.999987e-01 1.372403e-03 -1.194183e+00 -1.180941e-02 -1.361840e-03 9.999293e-01 -2.229057e+01
9.998763e-01 2.961366e-03 -1.544476e-02 4.822764e+01 -2.937682e-03 9.999945e-01 1.555857e-03 -1.190008e+00 1.544928e-02 -1.510292e-03 9.998795e-01 -2.296229e+01
9.999406e-01 -1.439925e-03 1.080163e-02 4.850013e+01 1.429430e-03 9.999985e-01 9.792506e-04 -1.189435e+00 -1.080303e-02 -9.637528e-04 9.999412e-01 -2.340194e+01
9.998218e-01 3.681433e-03 -1.851759e-02 4.881484e+01 -3.653067e-03 9.999921e-01 1.565397e-03 -1.191991e+00 1.852321e-02 -1.497472e-03 9.998273e-01 -2.377673e+01
9.999263e-01 -1.266013e-03 1.207559e-02 4.917287e+01 1.246733e-03 9.999979e-01 1.603988e-03 -1.188758e+00 -1.207759e-02 -1.588816e-03 9.999258e-01 -2.435325e+01
9.998175e-01 2.980785e-03 -1.886782e-02 4.945681e+01 -2.962434e-03 9.999951e-01 1.000419e-03 -1.190335e+00 1.887071e-02 -9.443417e-04 9.998215e-01 -2.469656e+01
9.998991e-01 -4.946309e-04 1.419539e-02 4.999465e+01 4.649373e-04 9.999977e-01 2.094960e-03 -1.186441e+00 -1.419640e-02 -2.088149e-03 9.998970e-01 -2.544200e+01
9.998248e-01 3.041212e-03 -1.846972e-02 5.053376e+01 -3.023330e-03 9.999949e-01 9.959891e-04 -1.181197e+00 1.847265e-02 -9.399741e-04 9.998289e-01 -2.621947e+01
9.999021e-01 -5.650297e-04 1.398025e-02 5.108353e+01 5.353626e-04 9.999976e-01 2.125677e-03 -1.176368e+00 -1.398142e-02 -2.117985e-03 9.999000e-01 -2.699591e+01
9.998258e-01 3.311926e-03 -1.836803e-02 5.166666e+01 -3.292883e-03 9.999940e-01 1.066854e-03 -1.171448e+00 1.837145e-02 -1.006184e-03 9.998307e-01 -2.780924e+01
9.998964e-01 -6.044857e-04 1.438326e-02 5.226466e+01 5.747672e-04 9.999977e-01 2.070191e-03 -1.166732e+00 -1.438448e-02 -2.061710e-03 9.998944e-01 -2.863420e+01
9.998231e-01 3.494448e-03 -1.848010e-02 5.286516e+01 -3.474411e-03 9.999933e-01 1.116209e-03 -1.161089e+00 1.848387e-02 -1.051803e-03 9.998286e-01 -2.948745e+01
9.998989e-01 -9.039764e-04 1.418924e-02 5.343243e+01 8.732525e-04 9.999973e-01 2.171303e-03 -1.154673e+00 -1.419116e-02 -2.158693e-03 9.998970e-01 -3.032442e+01
9.998438e-01 3.721011e-03 -1.727833e-02 5.402156e+01 -3.696067e-03 9.999921e-01 1.475352e-03 -1.146822e+00 1.728368e-02 -1.411259e-03 9.998496e-01 -3.122649e+01
9.998985e-01 -1.049598e-03 1.421065e-02 5.460949e+01 1.019190e-03 9.999972e-01 2.146809e-03 -1.137866e+00 -1.421286e-02 -2.132108e-03 9.998967e-01 -3.215163e+01
9.998403e-01 3.710111e-03 -1.748428e-02 5.521129e+01 -3.684245e-03 9.999921e-01 1.511360e-03 -1.131588e+00 1.748975e-02 -1.446702e-03 9.998460e-01 -3.302258e+01
9.998858e-01 -1.123299e-03 1.506839e-02 5.582550e+01 1.097751e-03 9.999979e-01 1.703584e-03 -1.125414e+00 -1.507027e-02 -1.686848e-03 9.998850e-01 -3.389544e+01
9.998069e-01 5.181547e-03 -1.895739e-02 5.662414e+01 -5.140463e-03 9.999843e-01 2.215232e-03 -1.116669e+00 1.896857e-02 -2.117354e-03 9.998178e-01 -3.497774e+01
9.999445e-01 3.942228e-04 1.052496e-02 5.770721e+01 -4.181455e-04 9.999973e-01 2.270781e-03 -1.104259e+00 -1.052404e-02 -2.275057e-03 9.999420e-01 -3.636585e+01
9.997814e-01 4.666056e-03 -2.037975e-02 5.877806e+01 -4.622886e-03 9.999870e-01 2.164845e-03 -1.092289e+00 2.038959e-02 -2.070158e-03 9.997900e-01 -3.772953e+01
9.998892e-01 -1.512545e-03 1.480911e-02 5.950957e+01 1.483860e-03 9.999970e-01 1.947733e-03 -1.081492e+00 -1.481201e-02 -1.925543e-03 9.998884e-01 -3.877859e+01
9.998240e-01 3.794044e-03 -1.837295e-02 6.001310e+01 -3.771135e-03 9.999921e-01 1.281383e-03 -1.075088e+00 1.837767e-02 -1.211870e-03 9.998304e-01 -3.953898e+01
9.998983e-01 -1.271102e-03 1.420419e-02 6.055534e+01 1.246298e-03 9.999977e-01 1.754872e-03 -1.070824e+00 -1.420639e-02 -1.736992e-03 9.998976e-01 -4.029451e+01
9.998149e-01 3.829982e-03 -1.885663e-02 6.107961e+01 -3.806476e-03 9.999919e-01 1.282244e-03 -1.065421e+00 1.886139e-02 -1.210229e-03 9.998214e-01 -4.106404e+01
9.998809e-01 -1.964345e-03 1.531046e-02 6.146644e+01 1.934568e-03 9.999962e-01 1.959444e-03 -1.059432e+00 -1.531425e-02 -1.929592e-03 9.998809e-01 -4.172081e+01
9.998210e-01 3.863266e-03 -1.852344e-02 6.185740e+01 -3.845832e-03 9.999921e-01 9.766805e-04 -1.053918e+00 1.852707e-02 -9.052671e-04 9.998279e-01 -4.234809e+01
9.998947e-01 -1.646267e-03 1.441964e-02 6.232790e+01 1.615664e-03 9.999964e-01 2.133669e-03 -1.049266e+00 -1.442311e-02 -2.110147e-03 9.998938e-01 -4.305238e+01
9.997980e-01 4.767320e-03 -1.952676e-02 6.296934e+01 -4.743085e-03 9.999879e-01 1.287224e-03 -1.044140e+00 1.953266e-02 -1.194346e-03 9.998085e-01 -4.392508e+01
9.998872e-01 -2.577897e-03 1.479798e-02 6.347064e+01 2.550138e-03 9.999950e-01 1.894384e-03 -1.038261e+00 -1.480279e-02 -1.856434e-03 9.998887e-01 -4.467993e+01
9.998218e-01 4.268198e-03 -1.838978e-02 6.383069e+01 -4.248538e-03 9.999904e-01 1.107970e-03 -1.033589e+00 1.839433e-02 -1.029642e-03 9.998303e-01 -4.526407e+01
9.998827e-01 -2.361258e-03 1.513389e-02 6.424997e+01 2.333205e-03 9.999955e-01 1.870960e-03 -1.028808e+00 -1.513824e-02 -1.835431e-03 9.998837e-01 -4.591380e+01
9.998049e-01 4.455265e-03 -1.924380e-02 6.468026e+01 -4.433251e-03 9.999895e-01 1.186471e-03 -1.023902e+00 1.924888e-02 -1.100926e-03 9.998141e-01 -4.658082e+01
9.998825e-01 -2.564987e-03 1.511367e-02 6.508578e+01 2.538320e-03 9.999952e-01 1.783365e-03 -1.019856e+00 -1.511817e-02 -1.744793e-03 9.998842e-01 -4.720510e+01
9.997951e-01 4.919968e-03 -1.963778e-02 6.557717e+01 -4.896096e-03 9.999872e-01 1.263455e-03 -1.015447e+00 1.964374e-02 -1.167047e-03 9.998064e-01 -4.791655e+01
9.998912e-01 -2.404679e-03 1.455405e-02 6.612113e+01 2.377289e-03 9.999954e-01 1.898912e-03 -1.010249e+00 -1.455855e-02 -1.864107e-03 9.998923e-01 -4.869698e+01
9.998038e-01 4.742498e-03 -1.923295e-02 6.662192e+01 -4.721318e-03 9.999882e-01 1.146466e-03 -1.005665e+00 1.923816e-02 -1.055436e-03 9.998144e-01 -4.942513e+01
9.998890e-01 -2.534712e-03 1.468443e-02 6.706413e+01 2.505634e-03 9.999949e-01 1.998228e-03 -1.000406e+00 -1.468941e-02 -1.961213e-03 9.998902e-01 -5.011533e+01
9.998023e-01 5.299993e-03 -1.916542e-02 6.766333e+01 -5.266856e-03 9.999845e-01 1.779043e-03 -9.948448e-01 1.917455e-02 -1.677749e-03 9.998147e-01 -5.094677e+01
9.998941e-01 -1.431174e-03 1.448159e-02 6.855984e+01 1.402070e-03 9.999970e-01 2.019623e-03 -9.856406e-01 -1.448444e-02 -1.999105e-03 9.998931e-01 -5.213043e+01
9.997966e-01 4.329979e-03 -1.969705e-02 6.924348e+01 -4.317311e-03 9.999904e-01 6.856162e-04 -9.812986e-01 1.969983e-02 -6.004380e-04 9.998058e-01 -5.299472e+01
9.999269e-01 -1.344410e-03 1.201271e-02 6.995587e+01 1.311652e-03 9.999954e-01 2.734368e-03 -9.779540e-01 -1.201633e-02 -2.718412e-03 9.999241e-01 -5.381971e+01
9.998441e-01 4.715241e-03 -1.701352e-02 7.071197e+01 -4.707964e-03 9.999888e-01 4.676883e-04 -9.731127e-01 1.701553e-02 -3.875159e-04 9.998552e-01 -5.477943e+01
9.999355e-01 -1.221785e-03 1.128992e-02 7.148101e+01 1.186648e-03 9.999944e-01 3.118418e-03 -9.664837e-01 -1.129367e-02 -3.104820e-03 9.999314e-01 -5.577047e+01
9.998683e-01 4.551052e-03 -1.557586e-02 7.221208e+01 -4.545252e-03 9.999896e-01 4.077282e-04 -9.591953e-01 1.557755e-02 -3.368778e-04 9.998786e-01 -5.677438e+01
9.999239e-01 -1.322329e-03 1.226719e-02 7.293237e+01 1.282679e-03 9.999939e-01 3.239439e-03 -9.518541e-01 -1.227140e-02 -3.223458e-03 9.999195e-01 -5.779504e+01
9.998578e-01 5.205385e-03 -1.603884e-02 7.374741e+01 -5.198690e-03 9.999864e-01 4.590649e-04 -9.436472e-01 1.604101e-02 -3.756182e-04 9.998713e-01 -5.891189e+01
9.999363e-01 -1.144614e-03 1.122619e-02 7.459860e+01 1.104624e-03 9.999930e-01 3.567682e-03 -9.338935e-01 -1.123020e-02 -3.555055e-03 9.999306e-01 -6.009342e+01
9.998913e-01 4.106088e-03 -1.416019e-02 7.527798e+01 -4.103008e-03 9.999916e-01 2.465115e-04 -9.254497e-01 1.416108e-02 -1.883849e-04 9.998997e-01 -6.112038e+01
9.999405e-01 -1.110234e-03 1.084739e-02 7.592816e+01 1.074858e-03 9.999941e-01 3.266455e-03 -9.185345e-01 -1.085095e-02 -3.254601e-03 9.999358e-01 -6.205824e+01
9.998836e-01 4.423842e-03 -1.460184e-02 7.664070e+01 -4.423212e-03 9.999902e-01 7.542264e-05 -9.115232e-01 1.460203e-02 -1.082641e-05 9.998934e-01 -6.304414e+01
9.999513e-01 -1.429256e-03 9.760459e-03 7.727637e+01 1.398706e-03 9.999941e-01 3.136045e-03 -9.038316e-01 -9.764883e-03 -3.122241e-03 9.999474e-01 -6.396482e+01
9.998851e-01 4.057434e-03 -1.460763e-02 7.784107e+01 -4.057048e-03 9.999918e-01 5.602054e-05 -8.989690e-01 1.460774e-02 3.250168e-06 9.998933e-01 -6.475967e+01
9.999589e-01 -1.302154e-03 8.969487e-03 7.844331e+01 1.273442e-03 9.999941e-01 3.205881e-03 -8.942728e-01 -8.973608e-03 -3.194328e-03 9.999546e-01 -6.557845e+01
9.998893e-01 4.072128e-03 -1.431157e-02 7.904836e+01 -4.071578e-03 9.999917e-01 6.753657e-05 -8.892285e-01 1.431173e-02 -9.257982e-06 9.998976e-01 -6.641229e+01
9.999582e-01 -1.201884e-03 9.063682e-03 7.967785e+01 1.171946e-03 9.999938e-01 3.307582e-03 -8.842102e-01 -9.067601e-03 -3.296822e-03 9.999535e-01 -6.726871e+01
