1.000000e+00 1.197624e-11 1.704639e-10 3.214096e-14 1.197625e-11 1.000000e+00 3.562503e-10 -1.998401e-15 1.704639e-10 3.562503e-10 1.000000e+00 -4.041212e-14 0.000000e+00 0.000000e+00 0.000000e+00 1.000000e+00
7.779215e-01 2.312260e-01 -5.842711e-01 -4.809941e-02 -1.938314e-01 9.727916e-01 1.269087e-01 -1.373176e-02 5.977186e-01 1.452508e-02 8.015744e-01 1.154321e+00
9.786589e-01 -4.430336e-02 -2.006590e-01 -1.026572e-01 4.160342e-02 9.989782e-01 -1.765452e-02 -2.851337e-02 2.012361e-01 8.929658e-03 9.795021e-01 2.413620e+00
9.449085e-01 1.980872e-01 -2.605943e-01 -1.533401e-01 -1.479052e-01 9.685782e-01 1.999509e-01 -4.374103e-02 2.920137e-01 -1.503920e-01 9.445159e-01 3.303334e+00
9.742482e-01 -6.286707e-03 -2.253904e-01 -2.593965e-01 -1.673059e-02 9.948401e-01 -1.000664e-01 -5.417339e-02 2.248565e-01 1.012605e-01 9.691160e-01 4.028485e+00
9.205004e-01 1.655838e-01 -3.539223e-01 -4.284412e-01 -8.753449e-02 9.701359e-01 2.262170e-01 -6.271646e-02 3.808106e-01 -1.772524e-01 9.075047e-01 4.847075e+00
9.279998e-01 1.538374e-01 -3.393381e-01 -6.684852e-01 -1.998169e-01 9.742136e-01 -1.047909e-01 -7.198966e-02 3.144670e-01 1.650514e-01 9.348094e-01 5.824203e+00
8.857574e-01 1.738373e-01 -4.303654e-01 -8.724418e-01 -1.055497e-01 9.783621e-01 1.779519e-01 -8.843723e-02 4.519879e-01 -1.121973e-01 8.849399e-01 7.404917e+00
7.974473e-01 3.000079e-01 -5.235198e-01 -1.192617e+00 -3.428033e-01 9.392695e-01 1.608481e-02 -1.051977e-01 4.965517e-01 1.666375e-01 8.518617e-01 9.283545e+00
8.850523e-01 9.673839e-02 -4.553286e-01 -1.220756e+00 -4.156498e-02 9.906835e-01 1.296865e-01 -1.371232e-01 4.636321e-01 -9.585357e-02 8.808276e-01 1.174855e+01
8.457152e-01 3.348639e-01 -4.154900e-01 -1.357373e+00 -3.006534e-01 9.422665e-01 1.474497e-01 -1.614247e-01 4.408779e-01 2.180304e-04 8.975670e-01 1.369254e+01
8.682455e-01 1.052638e-01 -4.848394e-01 -1.349833e+00 -7.953095e-02 9.941255e-01 7.341193e-02 -1.946648e-01 4.897188e-01 -2.517985e-02 8.715168e-01 1.618317e+01
8.942291e-01 1.064227e-01 -4.347741e-01 -1.398882e+00 -1.175521e-01 9.930659e-01 1.302169e-03 -2.117310e-01 4.318979e-01 4.994419e-02 9.005386e-01 1.759373e+01
8.469235e-01 2.814781e-01 -4.510994e-01 -1.583642e+00 -2.318370e-01 9.589803e-01 1.631209e-01 -2.320835e-01 4.785104e-01 -3.356937e-02 8.774400e-01 1.940159e+01
8.558195e-01 1.613166e-03 -5.172721e-01 -1.758026e+00 -5.771760e-02 9.940484e-01 -9.239293e-02 -2.474650e-01 5.140444e-01 1.089274e-01 8.508191e-01 2.089588e+01
8.608162e-01 1.694034e-01 -4.798938e-01 -2.060391e+00 -1.188594e-01 9.838161e-01 1.340832e-01 -2.528952e-01 4.948414e-01 -5.838109e-02 8.670200e-01 2.186511e+01
8.754308e-01 3.275294e-01 -3.554509e-01 -2.087606e+00 -3.177458e-01 9.441386e-01 8.740637e-02 -2.796478e-01 3.642231e-01 3.642481e-02 9.305991e-01 2.407322e+01
8.349766e-01 -1.104011e-02 -5.501748e-01 -2.331088e+00 4.026823e-02 9.983441e-01 4.108003e-02 -2.988231e-01 5.488102e-01 -5.645543e-02 8.340385e-01 2.581044e+01
9.426992e-01 3.132833e-01 -1.147683e-01 -2.473717e+00 -2.923137e-01 9.413502e-01 1.685603e-01 -3.150342e-01 1.608443e-01 -1.253533e-01 9.789871e-01 2.722510e+01
8.117766e-01 -1.034995e-01 -5.747230e-01 -2.722979e+00 -2.054422e-02 9.784978e-01 -2.052317e-01 -3.219000e-01 5.836066e-01 1.784096e-01 7.921953e-01 2.804246e+01
9.903024e-01 1.089080e-01 8.625636e-02 -2.803057e+00 -1.316271e-01 9.341401e-01 3.317479e-01 -3.326774e-01 -4.444553e-02 -3.398844e-01 9.394164e-01 2.882793e+01
8.144115e-01 8.395931e-02 -5.741818e-01 -2.865690e+00 -2.415856e-01 9.487075e-01 -2.039376e-01 -3.461512e-01 5.276081e-01 3.048032e-01 7.929216e-01 2.974652e+01
9.874415e-01 1.138344e-01 -1.095493e-01 -2.781382e+00 -5.937895e-02 9.099882e-01 4.103604e-01 -3.712439e-01 1.464017e-01 -3.987020e-01 9.053194e-01 3.148729e+01
7.476517e-01 2.754223e-01 -6.042843e-01 -2.796148e+00 -3.949847e-01 9.159218e-01 -7.123412e-02 -3.985373e-01 5.338577e-01 2.919414e-01 7.935781e-01 3.338136e+01
9.539447e-01 -1.869121e-01 -2.346346e-01 -2.766680e+00 2.397201e-01 9.451973e-01 2.216674e-01 -4.211653e-01 1.803437e-01 -2.677051e-01 9.464725e-01 3.514836e+01
7.364358e-01 4.451232e-01 -5.094386e-01 -2.661775e+00 -4.797586e-01 8.745545e-01 7.061316e-02 -4.432639e-01 4.769633e-01 1.924055e-01 8.576049e-01 3.662866e+01
9.671420e-01 -1.424153e-01 -2.106042e-01 -2.640186e+00 1.705643e-01 9.777534e-01 1.220907e-01 -4.701529e-01 1.885314e-01 -1.540006e-01 9.699174e-01 3.846511e+01
7.048991e-01 5.406841e-01 -4.591057e-01 -2.631379e+00 -4.637867e-01 8.410606e-01 2.784222e-01 -4.991581e-01 5.366742e-01 1.666759e-02 8.436249e-01 4.044839e+01
9.630574e-01 -1.891205e-01 -1.917130e-01 -2.627693e+00 1.753567e-01 9.806941e-01 -8.653973e-02 -5.269154e-01 2.043782e-01 4.972458e-02 9.776283e-01 4.223352e+01
7.893802e-01 3.952033e-01 -4.697800e-01 -2.670497e+00 -2.126161e-01 8.938689e-01 3.947059e-01 -5.468450e-01 5.759108e-01 -2.116902e-01 7.896290e-01 4.366028e+01
9.876217e-01 -1.140054e-01 1.077316e-01 -2.659438e+00 1.338929e-01 9.705184e-01 -2.004166e-01 -5.641739e-01 -8.170690e-02 2.123603e-01 9.737695e-01 4.463837e+01
7.473195e-01 3.857560e-01 -5.410230e-01 -2.674404e+00 -1.656681e-01 8.966819e-01 4.105065e-01 -5.810200e-01 6.434809e-01 -2.171492e-01 7.340154e-01 4.571573e+01
9.833365e-01 -1.097567e-01 1.449235e-01 -2.702199e+00 1.404294e-01 9.648537e-01 -2.221191e-01 -5.953181e-01 -1.154509e-01 2.387694e-01 9.641889e-01 4.658117e+01
8.388147e-01 2.860019e-01 -4.632417e-01 -2.607294e+00 -1.098355e-01 9.223007e-01 3.705369e-01 -6.082547e-01 5.332224e-01 -2.599314e-01 8.050525e-01 4.738458e+01
9.858756e-01 1.358432e-01 9.795857e-02 -2.479950e+00 -1.117826e-01 9.692721e-01 -2.191259e-01 -6.308255e-01 -1.247153e-01 2.050808e-01 9.707667e-01 4.863508e+01
7.957915e-01 8.785330e-02 -5.991642e-01 -2.451640e+00 1.397116e-01 9.360930e-01 3.228166e-01 -6.494884e-01 5.892339e-01 -3.406049e-01 7.326607e-01 4.969786e+01
9.348845e-01 1.843782e-01 3.033080e-01 -2.446558e+00 -1.057069e-01 9.603528e-01 -2.579701e-01 -6.603285e-01 -3.388467e-01 2.091105e-01 9.173089e-01 5.024653e+01
7.574214e-01 5.022395e-02 -6.509919e-01 -2.445292e+00 1.578097e-01 9.533954e-01 2.571641e-01 -6.726813e-01 6.335684e-01 -2.975144e-01 7.141962e-01 5.089105e+01
9.249470e-01 1.699860e-01 3.399674e-01 -2.413790e+00 -1.137921e-01 9.772402e-01 -1.790336e-01 -6.857138e-01 -3.626630e-01 1.269110e-01 9.232384e-01 5.153952e+01
7.161536e-01 -6.938167e-03 -6.979082e-01 -2.432324e+00 1.369311e-01 9.819137e-01 1.307493e-01 -6.948640e-01 6.843784e-01 -1.892019e-01 7.041511e-01 5.213702e+01
9.115908e-01 1.583399e-01 3.793820e-01 -2.414233e+00 -1.470742e-01 9.873820e-01 -5.870212e-02 -7.087709e-01 -3.838899e-01 -2.284972e-03 9.233761e-01 5.283990e+01
6.058325e-01 -8.426659e-02 -7.911170e-01 -2.391768e+00 8.608116e-02 9.954802e-01 -4.011412e-02 -7.201957e-01 7.909217e-01 -4.379783e-02 6.103480e-01 5.349018e+01
8.367627e-01 6.772508e-02 5.433613e-01 -2.401814e+00 -1.581585e-01 9.799197e-01 1.214219e-01 -7.323327e-01 -5.242272e-01 -1.875385e-01 8.306715e-01 5.408692e+01
6.250510e-01 -1.537467e-02 -7.804325e-01 -2.395256e+00 -7.053433e-02 9.946034e-01 -7.608506e-02 -7.447178e-01 7.773906e-01 1.026043e-01 6.205935e-01 5.468893e+01
8.312049e-01 -9.181171e-02 5.483329e-01 -2.390582e+00 -3.304059e-02 9.763696e-01 2.135667e-01 -7.556446e-01 -5.549835e-01 -1.956350e-01 8.085297e-01 5.518241e+01
5.962995e-01 1.042530e-01 -7.959637e-01 -2.397376e+00 -2.137028e-01 9.763674e-01 -3.221463e-02 -7.673072e-01 7.737946e-01 1.893093e-01 6.044865e-01 5.574581e+01
8.443607e-01 -2.090245e-01 4.933192e-01 -2.408349e+00 8.444936e-02 9.611706e-01 2.627153e-01 -7.788260e-01 -5.290779e-01 -1.801659e-01 8.292267e-01 5.634030e+01
5.972595e-01 1.957173e-01 -7.778019e-01 -2.434409e+00 -2.796709e-01 9.597235e-01 2.673994e-02 -7.885427e-01 7.517082e-01 2.015579e-01 6.279404e-01 5.683670e+01
7.878310e-01 -3.287730e-01 5.207980e-01 -2.438792e+00 2.585456e-01 9.440306e-01 2.048425e-01 -7.951000e-01 -5.589960e-01 -2.673128e-02 8.287394e-01 5.715722e+01
5.507177e-01 3.908773e-01 -7.375127e-01 -2.435779e+00 -3.923115e-01 9.011112e-01 1.846356e-01 -8.072551e-01 7.367508e-01 1.876526e-01 6.496035e-01 5.774559e+01
7.363827e-01 -4.598584e-01 4.962568e-01 -2.454008e+00 4.433315e-01 8.820512e-01 1.595082e-01 -8.156937e-01 -5.110751e-01 1.025472e-01 8.533969e-01 5.814967e+01
5.872435e-01 4.782792e-01 -6.529886e-01 -2.462648e+00 -4.043219e-01 8.722193e-01 2.752404e-01 -8.215289e-01 7.011910e-01 1.023845e-01 7.055839e-01 5.841587e+01
7.645004e-01 -4.085172e-01 4.986510e-01 -2.462289e+00 4.457141e-01 8.938371e-01 4.893045e-02 -8.309940e-01 -4.657017e-01 1.848485e-01 8.654207e-01 5.883956e+01
5.144657e-01 5.736715e-01 -6.373586e-01 -2.460071e+00 -4.033062e-01 8.178017e-01 4.105418e-01 -8.437727e-01 7.567490e-01 4.584104e-02 6.520962e-01 5.947731e+01
7.678147e-01 -4.275564e-01 4.771332e-01 -2.471233e+00 5.020923e-01 8.641607e-01 -3.360974e-02 -8.564749e-01 -3.979497e-01 2.653710e-01 8.781881e-01 6.010840e+01
5.839163e-01 5.905251e-01 -5.570653e-01 -2.486069e+00 -3.486411e-01 8.021088e-01 4.848411e-01 -8.668824e-01 7.331379e-01 -8.889079e-02 6.742457e-01 6.060158e+01
7.559036e-01 -4.095151e-01 5.107907e-01 -2.488286e+00 5.569789e-01 8.123073e-01 -1.730067e-01 -8.749837e-01 -3.440702e-01 4.152761e-01 8.421173e-01 6.096657e+01
6.172931e-01 6.306168e-01 -4.703952e-01 -2.469302e+00 -3.256865e-01 7.491042e-01 5.768632e-01 -8.848926e-01 7.161547e-01 -2.028923e-01 6.678002e-01 6.140460e+01
8.253545e-01 -3.953800e-01 4.030690e-01 -2.478904e+00 5.416308e-01 7.560502e-01 -3.674564e-01 -8.901721e-01 -1.594555e-01 5.215964e-01 8.381594e-01 6.175187e+01
6.885316e-01 4.335217e-01 -5.813633e-01 -2.286001e+00 -2.234279e-02 8.139525e-01 5.805016e-01 -8.808541e-01 7.248621e-01 -3.867044e-01 5.701181e-01 6.154256e+01
9.896320e-01 -1.358493e-01 4.662069e-02 -1.566737e+00 1.303709e-01 7.134566e-01 -6.884643e-01 -8.439357e-01 6.026554e-02 6.874042e-01 7.237703e-01 6.062364e+01
8.280351e-01 1.975023e-02 -5.603283e-01 -1.431242e+00 3.048291e-01 8.229128e-01 4.794724e-01 -8.350031e-01 4.705710e-01 -5.678244e-01 6.753802e-01 6.060992e+01
9.552920e-01 3.478833e-02 -2.936102e-01 -1.255009e+00 -2.119736e-01 7.728766e-01 -5.981045e-01 -8.204728e-01 2.061174e-01 6.336021e-01 7.456970e-01 6.045315e+01
9.774814e-01 -1.314307e-01 -1.650941e-01 -1.059013e+00 1.943228e-01 8.656509e-01 4.613970e-01 -8.213712e-01 8.227210e-02 -4.830886e-01 8.716976e-01 6.069799e+01
7.498096e-01 1.617727e-01 -6.415725e-01 -9.861865e-01 -3.159902e-01 9.394774e-01 -1.324102e-01 -8.224673e-01 5.813224e-01 3.020131e-01 7.555477e-01 6.133602e+01
9.401574e-01 -2.147773e-01 2.645276e-01 -7.217544e-01 2.133626e-01 9.763663e-01 3.442712e-02 -8.210401e-01 -2.656700e-01 2.407337e-02 9.637634e-01 6.151177e+01
7.306007e-01 1.450531e-01 -6.672198e-01 -7.215921e-01 -7.622354e-02 9.883931e-01 1.314118e-01 -8.217798e-01 6.785371e-01 -4.515167e-02 7.331772e-01 6.168157e+01
9.943231e-01 -1.063934e-01 -1.411636e-03 -4.693696e-01 1.033311e-01 9.686985e-01 -2.257118e-01 -8.097991e-01 2.538170e-02 2.242846e-01 9.741931e-01 6.153990e+01
8.372169e-01 -5.751332e-02 -5.438383e-01 -3.727222e-01 1.184314e-01 9.899229e-01 7.763163e-02 -7.997057e-01 5.338932e-01 -1.294021e-01 8.355915e-01 6.147009e+01
9.828762e-01 1.512100e-01 -1.053082e-01 -2.504747e-01 -1.699136e-01 9.648600e-01 -2.004361e-01 -7.847155e-01 7.129975e-02 2.148972e-01 9.740306e-01 6.123587e+01
9.642732e-01 -1.757777e-01 -1.981901e-01 -2.646068e-01 2.057677e-01 9.681774e-01 1.424505e-01 -7.857556e-01 1.668436e-01 -1.781424e-01 9.697569e-01 6.128154e+01
9.511146e-01 2.849347e-01 -1.191354e-01 -3.043549e-01 -2.968081e-01 9.499352e-01 -9.761160e-02 -7.915551e-01 8.535797e-02 1.282002e-01 9.880682e-01 6.155486e+01
6.734305e-01 -1.959227e-01 -7.128153e-01 -4.322836e-01 2.535213e-01 9.669731e-01 -2.626635e-02 -7.986882e-01 6.944194e-01 -1.630253e-01 7.008597e-01 6.253588e+01
8.275902e-01 3.440401e-01 4.435437e-01 -3.386674e-01 -2.993673e-01 9.389237e-01 -1.697102e-01 -7.978224e-01 -4.748407e-01 7.667987e-03 8.800383e-01 6.256434e+01
6.244957e-01 -2.205029e-01 -7.492554e-01 -3.794447e-01 3.197394e-01 9.474254e-01 -1.232447e-02 -8.054991e-01 7.125811e-01 -2.318699e-01 6.621665e-01 6.293080e+01
8.233021e-01 4.978613e-01 2.725947e-01 -3.270341e-01 -4.499171e-01 8.652075e-01 -2.213383e-01 -8.027696e-01 -3.460468e-01 5.958323e-02 9.363234e-01 6.308723e+01
6.226528e-01 -4.575592e-01 -6.347779e-01 -3.648515e-01 5.285435e-01 8.441208e-01 -9.000976e-02 -8.047709e-01 5.770141e-01 -2.794629e-01 7.674342e-01 6.326958e+01
7.344261e-01 6.093790e-01 2.987901e-01 -3.547116e-01 -5.819918e-01 7.919542e-01 -1.846459e-01 -8.027240e-01 -3.491474e-01 -3.828461e-02 9.362854e-01 6.329144e+01
5.956458e-01 -4.996187e-01 -6.289573e-01 -4.178937e-01 5.030236e-01 8.424817e-01 -1.928521e-01 -8.110540e-01 6.262375e-01 -2.015088e-01 7.531406e-01 6.373075e+01
7.445508e-01 4.787211e-01 4.652635e-01 -4.503191e-01 -5.628112e-01 8.249587e-01 5.183389e-02 -8.198901e-01 -3.590092e-01 -3.004485e-01 8.836533e-01 6.414538e+01
5.882393e-01 -4.517482e-01 -6.707445e-01 -4.659339e-01 3.017682e-01 8.921334e-01 -3.362052e-01 -8.302351e-01 7.502736e-01 -4.640281e-03 6.611111e-01 6.467585e+01
8.521014e-01 1.755920e-01 4.930423e-01 -1.595767e-01 -2.786998e-01 9.496009e-01 1.434729e-01 -8.191006e-01 -4.430008e-01 -2.596642e-01 8.580937e-01 6.434770e+01
7.128801e-01 -3.411141e-01 -6.127341e-01 2.474896e-01 1.506945e-01 9.278304e-01 -3.412066e-01 -7.994726e-01 6.849037e-01 1.509037e-01 7.128359e-01 6.378076e+01
8.737054e-01 1.441039e-01 4.646214e-01 2.305740e-01 -3.265013e-01 8.817342e-01 3.405021e-01 -8.091065e-01 -3.606049e-01 -4.491980e-01 8.174260e-01 6.423365e+01
7.186416e-01 -2.311556e-01 -6.558364e-01 1.899837e-01 -3.845281e-02 9.284799e-01 -3.693865e-01 -8.180617e-01 6.943167e-01 2.906752e-01 6.583557e-01 6.466735e+01
9.594587e-01 1.922910e-01 2.060661e-01 2.402698e-01 -2.736560e-01 8.105632e-01 5.177834e-01 -8.355462e-01 -6.746449e-02 -5.531830e-01 8.303235e-01 6.595112e+01
5.931458e-01 -1.224925e-01 -7.957221e-01 3.135874e-01 -3.185865e-01 8.719713e-01 -3.717105e-01 -8.554880e-01 7.393786e-01 4.739849e-01 4.781817e-01 6.742550e+01
9.652158e-01 -2.385937e-01 1.069181e-01 4.381090e-01 1.539114e-01 8.490875e-01 5.053333e-01 -8.707375e-01 -2.113522e-01 -4.712998e-01 8.562749e-01 6.871817e+01
4.933758e-01 4.362505e-01 -7.525064e-01 5.615634e-01 -6.608435e-01 7.505215e-01 1.822175e-03 -8.959580e-01 5.655671e-01 4.963900e-01 6.585824e-01 7.032906e+01
8.591535e-01 -4.998716e-01 -1.094701e-01 4.031606e-01 5.116429e-01 8.354764e-01 2.005012e-01 -9.095452e-01 -8.765115e-03 -2.282709e-01 9.735582e-01 7.152156e+01
4.646337e-01 7.768313e-01 -4.250279e-01 3.658014e-01 -6.967953e-01 6.169410e-01 3.658689e-01 -9.320139e-01 5.464356e-01 1.261624e-01 8.279440e-01 7.326813e+01
7.536926e-01 -6.570864e-01 -1.359903e-02 3.026828e-01 6.204172e-01 7.181551e-01 -3.151756e-01 -9.459641e-01 2.168639e-01 2.291085e-01 9.489359e-01 7.432003e+01
7.550785e-01 6.542779e-01 -4.215350e-02 2.067729e-01 -5.585480e-01 6.756045e-01 4.812304e-01 -9.511878e-01 3.433375e-01 -3.398219e-01 8.755801e-01 7.459618e+01
9.320049e-01 -3.476926e-01 -1.023558e-01 1.614172e-01 2.324694e-01 7.901111e-01 -5.671705e-01 -9.618295e-01 2.780735e-01 5.048111e-01 8.172153e-01 7.547460e+01
9.646424e-01 1.939438e-01 -1.784678e-01 1.703523e-01 -7.149166e-02 8.442956e-01 5.310874e-01 -9.594307e-01 2.536807e-01 -4.995505e-01 8.283087e-01 7.550093e+01
9.985921e-01 -4.542641e-02 -2.738908e-02 1.255376e-01 2.651413e-02 8.746680e-01 -4.839968e-01 -9.662690e-01 4.594259e-02 4.825892e-01 8.746411e-01 7.577294e+01
9.766690e-01 3.150874e-02 -2.124263e-01 2.085245e-01 6.409211e-02 9.013288e-01 4.283674e-01 -9.671897e-01 2.049633e-01 -4.319880e-01 8.782804e-01 7.581642e+01
9.906129e-01 1.247019e-01 -5.599562e-02 1.989982e-01 -1.363105e-01 9.319116e-01 -3.360956e-01 -9.765521e-01 1.027123e-02 3.405734e-01 9.401618e-01 7.624287e+01
8.586220e-01 -1.013763e-01 -5.024850e-01 1.287400e-01 2.783240e-01 9.153726e-01 2.909102e-01 -9.786407e-01 4.304696e-01 -3.896355e-01 8.141745e-01 7.655318e+01
9.378483e-01 3.462857e-01 2.295302e-02 6.499782e-02 -3.164861e-01 8.805299e-01 -3.528506e-01 -9.822634e-01 -1.423980e-01 3.236560e-01 9.353981e-01 7.679926e+01
8.413243e-01 -2.100332e-01 -4.980556e-01 1.970150e-02 3.837108e-01 8.810464e-01 2.766282e-01 -9.914293e-01 3.807090e-01 -4.238434e-01 8.218378e-01 7.728670e+01
9.058374e-01 2.371501e-01 -3.510248e-01 2.363753e-01 -3.550071e-01 8.770850e-01 -3.235611e-01 -9.764523e-01 2.311460e-01 4.177100e-01 8.786864e-01 7.709215e+01
8.343034e-01 -4.626737e-01 -2.997847e-01 2.701196e-01 5.040313e-01 8.604443e-01 7.475395e-02 -9.748960e-01 2.233613e-01 -2.134683e-01 9.510736e-01 7.733042e+01
8.495199e-01 5.272677e-01 1.745649e-02 2.376200e-01 -5.275381e-01 8.493021e-01 1.973494e-02 -9.832919e-01 -4.420239e-03 -2.597419e-02 9.996528e-01 7.770738e+01
8.221043e-01 -5.007173e-01 -2.709736e-01 2.241111e-01 4.987250e-01 8.629229e-01 -8.147096e-02 -9.915101e-01 2.746233e-01 -6.816370e-02 9.591328e-01 7.803560e+01
9.050848e-01 4.165557e-01 8.545709e-02 2.717616e-01 -4.244266e-01 8.972987e-01 1.213143e-01 -9.963305e-01 -2.614637e-02 -1.460700e-01 9.889287e-01 7.819890e+01
8.576084e-01 -4.499607e-01 -2.490845e-01 3.206484e-01 4.110077e-01 8.907527e-01 -1.939906e-01 -1.002107e+00 3.091609e-01 6.399233e-02 9.488543e-01 7.838466e+01
8.949673e-01 4.211761e-01 1.471194e-01 3.234087e-01 -4.452625e-01 8.638337e-01 2.356539e-01 -1.010692e+00 -2.783492e-02 -2.764093e-01 9.606368e-01 7.871654e+01
8.395705e-01 -4.788475e-01 -2.565666e-01 3.124787e-01 3.931919e-01 8.615117e-01 -3.212440e-01 -1.015767e+00 3.748620e-01 1.688271e-01 9.115788e-01 7.889146e+01
8.410949e-01 3.507529e-01 4.117423e-01 5.050524e-01 -4.316702e-01 8.939812e-01 1.202431e-01 -1.009101e+00 -3.259143e-01 -2.788728e-01 9.033326e-01 7.856327e+01
8.535626e-01 -5.012117e-01 -1.421890e-01 7.275158e-01 4.631706e-01 8.549879e-01 -2.333854e-01 -9.992476e-01 2.385453e-01 1.333513e-01 9.619322e-01 7.810770e+01
8.900536e-01 4.281059e-01 1.566204e-01 9.133312e-01 -4.502954e-01 8.791758e-01 1.558333e-01 -9.926089e-01 -7.098371e-02 -2.092254e-01 9.752877e-01 7.780614e+01
8.712871e-01 -4.815272e-01 -9.481699e-02 1.076610e+00 4.461289e-01 8.576169e-01 -2.558560e-01 -9.850443e-01 2.045183e-01 1.806235e-01 9.620538e-01 7.747569e+01
8.783450e-01 3.931747e-01 2.718892e-01 1.315241e+00 -4.324968e-01 8.958853e-01 1.016662e-01 -9.739341e-01 -2.036089e-01 -2.068892e-01 9.569432e-01 7.700321e+01
8.658274e-01 -4.657628e-01 -1.827784e-01 1.473915e+00 4.225598e-01 8.763078e-01 -2.313608e-01 -9.681535e-01 2.679294e-01 1.230838e-01 9.555439e-01 7.671376e+01
8.903667e-01 3.892948e-01 2.360015e-01 1.560154e+00 -4.282848e-01 8.920426e-01 1.443335e-01 -9.670906e-01 -1.543351e-01 -2.295856e-01 9.609741e-01 7.657150e+01
8.704649e-01 -4.590616e-01 -1.776323e-01 1.664683e+00 4.070966e-01 8.742616e-01 -2.644598e-01 -9.631487e-01 2.767004e-01 1.578894e-01 9.478965e-01 7.637983e+01
8.624950e-01 3.597074e-01 3.559675e-01 1.835019e+00 -4.193379e-01 9.017604e-01 1.048044e-01 -9.569257e-01 -2.832985e-01 -2.396640e-01 9.286028e-01 7.604509e+01
8.702358e-01 -4.883409e-01 -6.490577e-02 2.043947e+00 4.686253e-01 8.612361e-01 -1.966282e-01 -9.472712e-01 1.519208e-01 1.406964e-01 9.783274e-01 7.559958e+01
7.962049e-01 4.260744e-01 4.295561e-01 2.293563e+00 -4.301532e-01 8.979187e-01 -9.332889e-02 -9.345266e-01 -4.254715e-01 -1.104660e-01 8.982045e-01 7.504029e+01
8.556928e-01 -5.167225e-01 -2.806668e-02 2.539505e+00 5.171718e-01 8.558018e-01 1.168945e-02 -9.220817e-01 1.797931e-02 -2.451787e-02 9.995377e-01 7.447574e+01
7.965732e-01 4.781803e-01 3.698849e-01 2.794266e+00 -3.740587e-01 8.705136e-01 -3.198220e-01 -9.085382e-01 -4.749224e-01 1.164030e-01 8.722953e-01 7.386452e+01
8.813227e-01 -4.698134e-01 -5.045361e-02 3.026531e+00 4.670707e-01 8.500261e-01 2.435170e-01 -8.957063e-01 -7.152068e-02 -2.381825e-01 9.685834e-01 7.328285e+01
8.004789e-01 4.245801e-01 4.230428e-01 3.283370e+00 -1.482378e-01 8.241412e-01 -5.466414e-01 -8.811060e-01 -5.807401e-01 3.748640e-01 7.226465e-01 7.261413e+01
8.792783e-01 -2.496005e-01 -4.056713e-01 3.433728e+00 4.008819e-01 8.477493e-01 3.472964e-01 -8.716386e-01 2.572223e-01 -4.679965e-01 8.454679e-01 7.221298e+01
8.836604e-01 4.116912e-01 2.228333e-01 3.582914e+00 -2.356421e-01 8.024879e-01 -5.481660e-01 -8.649140e-01 -4.044961e-01 4.318836e-01 8.061386e-01 7.198016e+01
9.377435e-01 -3.289436e-01 1.115046e-01 3.874828e+00 2.266292e-01 8.227613e-01 5.212515e-01 -8.507874e-01 -2.632040e-01 -4.635300e-01 8.460872e-01 7.134747e+01
9.838010e-01 1.347864e-01 1.181873e-01 4.128734e+00 -3.510187e-02 7.913717e-01 -6.103267e-01 -8.384412e-01 -1.757939e-01 5.962914e-01 7.832836e-01 7.079210e+01
8.877837e-01 -1.008287e-01 4.490809e-01 4.411011e+00 -1.467682e-01 8.627549e-01 4.838523e-01 -8.238105e-01 -4.362330e-01 -4.954670e-01 7.511413e-01 7.012200e+01
9.238736e-01 -2.438607e-01 2.949400e-01 4.713918e+00 3.702580e-01 7.644709e-01 -5.277246e-01 -8.057641e-01 -9.678175e-02 5.967547e-01 7.965659e-01 6.934397e+01
8.404307e-01 3.153522e-01 4.407144e-01 4.972550e+00 -4.589041e-01 8.467024e-01 2.692620e-01 -7.930342e-01 -2.882416e-01 -4.285417e-01 8.563111e-01 6.871872e+01
8.441642e-01 -5.311299e-01 -7.271812e-02 5.163486e+00 4.701614e-01 7.986827e-01 -3.755719e-01 -7.853746e-01 2.575562e-01 2.828551e-01 9.239360e-01 6.832356e+01
8.084307e-01 4.214864e-01 4.108394e-01 5.371145e+00 -5.190935e-01 8.395890e-01 1.601009e-01 -7.775609e-01 -2.774559e-01 -3.426945e-01 8.975404e-01 6.792284e+01
7.878457e-01 -6.002689e-01 1.377547e-01 5.572698e+00 6.157336e-01 7.629592e-01 -1.968892e-01 -7.661846e-01 1.308527e-02 2.399385e-01 9.706999e-01 6.739372e+01
6.683388e-01 5.864621e-01 4.575865e-01 5.840836e+00 -5.212407e-01 8.080982e-01 -2.743820e-01 -7.505063e-01 -5.306895e-01 -5.513261e-02 8.457713e-01 6.668918e+01
7.746804e-01 -6.211546e-01 1.184790e-01 6.120996e+00 5.740848e-01 7.694007e-01 2.800879e-01 -7.349077e-01 -2.651357e-01 -1.489616e-01 9.526350e-01 6.597452e+01
8.474541e-01 4.975311e-01 1.851606e-01 6.361955e+00 -3.418123e-01 7.782558e-01 -5.267658e-01 -7.241828e-01 -4.061847e-01 3.831197e-01 8.295983e-01 6.541215e+01
9.108196e-01 -4.069005e-01 6.956789e-02 6.587997e+00 3.116251e-01 7.882669e-01 5.305893e-01 -7.145036e-01 -2.707352e-01 -4.615920e-01 8.447694e-01 6.489643e+01
8.614851e-01 2.489771e-01 4.425537e-01 6.936555e+00 1.634719e-01 6.891566e-01 -7.059321e-01 -6.903369e-01 -4.807498e-01 6.804951e-01 5.529974e-01 6.394931e+01
8.735228e-01 8.116071e-02 4.799697e-01 7.343301e+00 -3.253276e-01 8.307958e-01 4.515975e-01 -6.619469e-01 -3.621048e-01 -5.506281e-01 7.521229e-01 6.283143e+01
8.401241e-01 -4.014819e-01 3.646969e-01 7.627710e+00 5.355701e-01 7.203617e-01 -4.407309e-01 -6.443821e-01 -8.576817e-02 5.655894e-01 8.202149e-01 6.206450e+01
8.603241e-01 4.826417e-01 1.640106e-01 7.745291e+00 -5.034643e-01 7.541740e-01 4.215984e-01 -6.409387e-01 7.978845e-02 -4.452848e-01 8.918269e-01 6.177206e+01
6.375263e-01 -5.292010e-01 5.599165e-01 7.904469e+00 7.172612e-01 6.729912e-01 -1.806078e-01 -6.310191e-01 -2.812411e-01 5.167486e-01 8.086250e-01 6.127041e+01
7.464145e-01 6.331126e-01 2.050215e-01 8.133446e+00 -6.335016e-01 7.703403e-01 -7.246705e-02 -6.180429e-01 -2.038161e-01 -7.579101e-02 9.760711e-01 6.062246e+01
7.179390e-01 -6.927056e-01 6.872054e-02 8.270221e+00 6.790738e-01 7.186559e-01 1.496410e-01 -6.133391e-01 -1.530436e-01 -6.076679e-02 9.863494e-01 6.029094e+01
7.246794e-01 6.751027e-01 -1.381164e-01 8.359216e+00 -6.888393e-01 7.043542e-01 -1.714221e-01 -6.078822e-01 -1.844470e-02 2.193661e-01 9.754683e-01 6.001488e+01
6.578973e-01 -7.519064e-01 4.251994e-02 8.483987e+00 7.105699e-01 6.384535e-01 2.957490e-01 -6.040580e-01 -2.495226e-01 -1.643591e-01 9.543189e-01 5.982727e+01
7.784904e-01 6.201045e-01 -9.707269e-02 8.841195e+00 -5.914876e-01 6.730599e-01 -4.439964e-01 -5.818891e-01 -2.099884e-01 4.030642e-01 8.907548e-01 5.906190e+01
6.845329e-01 -6.608488e-01 3.077231e-01 9.162188e+00 3.958019e-01 6.914181e-01 6.043855e-01 -5.606914e-01 -6.121728e-01 -2.919244e-01 7.348637e-01 5.825618e+01
9.684014e-01 2.459879e-01 -4.109407e-02 9.499930e+00 -1.957885e-01 6.477836e-01 -7.362359e-01 -5.397687e-01 -1.544851e-01 7.210176e-01 6.754761e-01 5.741416e+01
8.989938e-01 -2.523476e-01 3.579537e-01 9.780624e+00 -7.958182e-02 7.095880e-01 7.001083e-01 -5.260914e-01 -4.306703e-01 -6.578796e-01 6.178329e-01 5.679308e+01
9.224495e-01 -1.941614e-01 -3.337488e-01 1.024351e+01 -1.214336e-01 6.746274e-01 -7.281015e-01 -5.050648e-01 3.665253e-01 7.121651e-01 5.987320e-01 5.604325e+01
8.278360e-01 -1.579295e-01 5.382804e-01 1.055892e+01 -2.617856e-01 7.398996e-01 6.196909e-01 -4.899115e-01 -4.961409e-01 -6.539165e-01 5.711719e-01 5.544534e+01
7.818578e-01 -3.292137e-01 -5.294495e-01 1.076751e+01 -1.464460e-01 7.284785e-01 -6.692329e-01 -4.829584e-01 6.060132e-01 6.007807e-01 5.213545e-01 5.513859e+01
7.885434e-01 -1.541303e-01 5.953513e-01 1.088933e+01 -2.816034e-01 7.701302e-01 5.723626e-01 -4.791103e-01 -5.467165e-01 -6.189857e-01 5.638775e-01 5.493565e+01
9.172132e-01 -3.815047e-01 -1.147783e-01 1.123470e+01 2.123224e-01 7.118724e-01 -6.694452e-01 -4.634507e-01 3.371040e-01 5.896540e-01 7.339407e-01 5.426987e+01
9.157057e-01 1.695509e-01 3.643290e-01 1.194617e+01 -3.381813e-01 8.148721e-01 4.707620e-01 -4.289888e-01 -2.170634e-01 -5.542887e-01 8.035220e-01 5.316829e+01
9.008817e-01 -4.281765e-01 -7.125329e-02 1.227512e+01 3.003226e-01 7.333709e-01 -6.098963e-01 -4.083986e-01 3.133983e-01 5.280454e-01 7.892715e-01 5.245222e+01
8.639273e-01 3.236961e-01 3.858115e-01 1.241476e+01 -4.772610e-01 7.708028e-01 4.220012e-01 -4.008060e-01 -1.607844e-01 -5.487111e-01 8.204051e-01 5.210568e+01
8.330998e-01 -5.355095e-01 1.384711e-01 1.253086e+01 5.315060e-01 7.057465e-01 -4.684264e-01 -3.950249e-01 1.531213e-01 4.638441e-01 8.725838e-01 5.174587e+01
7.567726e-01 5.309437e-01 3.813057e-01 1.272707e+01 -6.353849e-01 7.345134e-01 2.382775e-01 -3.833559e-01 -1.535622e-01 -4.225978e-01 8.932132e-01 5.123562e+01
5.925461e-01 -6.443090e-01 4.834822e-01 1.308150e+01 7.501548e-01 6.600669e-01 -3.974138e-02 -3.611882e-01 -2.935249e-01 3.862351e-01 8.744516e-01 5.034662e+01
7.297137e-01 6.594579e-01 1.806467e-01 1.353217e+01 -5.739574e-01 7.343602e-01 -3.623369e-01 -3.280131e-01 -3.716057e-01 1.607186e-01 9.143734e-01 4.916101e+01
7.833659e-01 -5.755368e-01 -2.347240e-01 1.358653e+01 6.202050e-01 7.487081e-01 2.340555e-01 -3.213451e-01 4.103219e-02 -3.289280e-01 9.434631e-01 4.884562e+01
7.937250e-01 5.876402e-01 -1.570971e-01 1.360485e+01 -6.067891e-01 7.829731e-01 -1.369678e-01 -3.246837e-01 4.251502e-02 2.040395e-01 9.780390e-01 4.895654e+01
7.997083e-01 -5.925679e-01 9.659156e-02 1.378799e+01 5.911887e-01 8.052526e-01 4.543302e-02 -3.120408e-01 -1.047028e-01 2.077068e-02 9.942866e-01 4.858799e+01
8.329099e-01 5.533244e-01 -9.652485e-03 1.397306e+01 -5.484059e-01 8.229150e-01 -1.485323e-01 -3.001790e-01 -7.424336e-02 1.290075e-01 9.888605e-01 4.806335e+01
7.830295e-01 -5.632835e-01 2.637735e-01 1.417568e+01 5.415044e-01 8.260134e-01 1.564443e-01 -2.855724e-01 -3.060029e-01 2.033404e-02 9.518134e-01 4.750905e+01
8.276660e-01 4.827490e-01 2.862210e-01 1.453017e+01 -3.027524e-01 8.134829e-01 -4.965748e-01 -2.623598e-01 -4.725569e-01 3.243440e-01 8.194455e-01 4.658192e+01
7.474158e-01 -3.818643e-01 5.436445e-01 1.503889e+01 1.139216e-01 8.798491e-01 4.613973e-01 -2.259950e-01 -6.545163e-01 -2.829228e-01 7.011156e-01 4.527046e+01
8.802983e-01 -1.204930e-02 4.742675e-01 1.561723e+01 3.217448e-01 7.498170e-01 -5.781477e-01 -1.828762e-01 -3.486476e-01 6.615356e-01 6.639394e-01 4.374358e+01
7.008209e-01 2.579701e-01 6.650575e-01 1.630888e+01 -4.270650e-01 8.985052e-01 1.015078e-01 -1.350144e-01 -5.713717e-01 -3.551616e-01 7.398612e-01 4.210538e+01
7.860202e-01 -5.685300e-01 2.427877e-01 1.683418e+01 6.094291e-01 7.785327e-01 -1.499434e-01 -1.023598e-01 -1.037709e-01 2.658204e-01 9.584211e-01 4.091708e+01
6.532058e-01 7.157536e-01 -2.470202e-01 1.670547e+01 -6.240191e-01 6.936552e-01 3.597814e-01 -1.030256e-01 4.288616e-01 -8.086598e-02 8.997435e-01 4.109421e+01
6.393921e-01 -6.372463e-01 4.302267e-01 1.659434e+01 7.362145e-01 6.687779e-01 -1.035581e-01 -1.092514e-01 -2.217341e-01 3.829534e-01 8.967612e-01 4.130533e+01
7.315288e-01 6.789392e-01 -6.250765e-02 1.679034e+01 -6.575975e-01 7.267938e-01 1.983338e-01 -1.028069e-01 1.800868e-01 -1.039820e-01 9.781393e-01 4.092749e+01
5.704017e-01 -6.840522e-01 4.546586e-01 1.702752e+01 7.357289e-01 6.716083e-01 8.743750e-02 -9.244960e-02 -3.651643e-01 2.846310e-01 8.863635e-01 4.044240e+01
7.484437e-01 6.549893e-01 -1.040243e-01 1.732427e+01 -6.631819e-01 7.380585e-01 -1.243360e-01 -7.828687e-02 -4.662689e-03 1.620455e-01 9.867723e-01 3.982439e+01
5.082694e-01 -6.778857e-01 5.311621e-01 1.763366e+01 4.873382e-01 7.349176e-01 4.715904e-01 -6.010920e-02 -7.100448e-01 1.916060e-02 7.038958e-01 3.906892e+01
7.532257e-01 4.572453e-01 -4.728402e-01 1.772804e+01 -6.149106e-01 7.447173e-01 -2.593858e-01 -5.233047e-02 2.335294e-01 4.861305e-01 8.421052e-01 3.867117e+01
6.565251e-01 -6.113106e-01 4.418983e-01 1.772224e+01 3.235483e-01 7.574288e-01 5.671139e-01 -5.344280e-02 -6.813892e-01 -2.293490e-01 6.950595e-01 3.855725e+01
9.398892e-01 2.297950e-01 -2.525917e-01 1.791238e+01 -3.374066e-01 7.388499e-01 -5.833161e-01 -4.399125e-02 5.258421e-02 6.334786e-01 7.719714e-01 3.807004e+01
6.003388e-01 -3.413505e-01 7.232380e-01 1.825962e+01 -1.766621e-01 8.253924e-01 5.362069e-01 -2.400780e-02 -7.799896e-01 -4.496746e-01 4.352114e-01 3.724175e+01
9.328704e-01 -3.486701e-01 -9.045425e-02 1.871775e+01 2.138921e-01 7.382345e-01 -6.397344e-01 3.030965e-03 2.898327e-01 5.774418e-01 7.632549e-01 3.623749e+01
4.038854e-01 2.555458e-01 8.783922e-01 1.929880e+01 -5.156818e-01 8.566944e-01 -1.212250e-02 3.732199e-02 -7.556116e-01 -4.480747e-01 4.777867e-01 3.502435e+01
6.805941e-01 -6.232191e-01 -3.852137e-01 1.955035e+01 5.376399e-01 7.820116e-01 -3.152796e-01 5.308180e-02 4.977299e-01 7.471234e-03 8.672999e-01 3.437580e+01
5.175157e-01 5.415800e-01 6.624716e-01 1.966459e+01 -5.393485e-01 8.075084e-01 -2.388165e-01 5.627517e-02 -6.642896e-01 -2.337118e-01 7.099987e-01 3.410704e+01
7.652455e-01 -6.293992e-01 -1.351147e-01 1.982207e+01 6.433188e-01 7.552906e-01 1.252083e-01 6.363584e-02 2.324486e-02 -1.827369e-01 9.828870e-01 3.362623e+01
5.952185e-01 6.031854e-01 5.309260e-01 1.998525e+01 -1.927694e-01 7.486034e-01 -6.343760e-01 7.095631e-02 -7.800993e-01 2.752460e-01 5.618583e-01 3.312341e+01
9.275053e-01 -3.085744e-01 -2.109874e-01 2.014360e+01 3.732807e-01 7.345340e-01 5.666756e-01 7.822994e-02 -1.988417e-02 -6.043522e-01 7.964691e-01 3.265259e+01
7.729499e-01 3.369453e-01 5.376024e-01 2.036617e+01 2.133197e-01 6.599869e-01 -7.203555e-01 9.085172e-02 -5.975309e-01 6.714799e-01 4.382597e-01 3.205058e+01
9.779027e-01 9.845014e-02 -1.844286e-01 2.062552e+01 5.413761e-02 7.328335e-01 6.782509e-01 1.101916e-01 2.019294e-01 -6.732479e-01 7.113100e-01 3.130871e+01
9.511977e-01 1.314092e-01 2.792034e-01 2.063567e+01 1.068593e-01 7.085415e-01 -6.975314e-01 1.127091e-01 -2.894893e-01 6.933257e-01 6.599208e-01 3.116697e+01
9.081940e-01 7.299290e-02 4.121356e-01 2.080567e+01 -2.895921e-01 8.205199e-01 4.928321e-01 1.283445e-01 -3.021923e-01 -5.669383e-01 7.663294e-01 3.055052e+01
8.927203e-01 -3.892638e-01 2.269893e-01 2.112038e+01 4.457059e-01 6.886633e-01 -5.719170e-01 1.514116e-01 6.630735e-02 6.117324e-01 7.882809e-01 2.971921e+01
8.937114e-01 4.452870e-01 5.476729e-02 2.125831e+01 -4.083292e-01 7.567485e-01 5.104889e-01 1.595463e-01 1.858690e-01 -4.785928e-01 8.581385e-01 2.944888e+01
8.671269e-01 -4.377511e-01 2.376237e-01 2.134671e+01 4.975038e-01 7.381065e-01 -4.557289e-01 1.613595e-01 2.410424e-02 5.133934e-01 8.578148e-01 2.926946e+01
8.839151e-01 4.591943e-01 8.851408e-02 2.147912e+01 -4.505862e-01 7.856133e-01 4.240092e-01 1.662513e-01 1.251648e-01 -4.146714e-01 9.013221e-01 2.898035e+01
7.449076e-01 -5.171609e-01 4.214941e-01 2.165071e+01 6.519891e-01 6.982790e-01 -2.954940e-01 1.758217e-01 -1.415025e-01 4.949253e-01 8.573366e-01 2.855557e+01
6.997308e-01 6.428272e-01 -3.116890e-01 2.171783e+01 -4.098686e-01 7.185708e-01 5.618395e-01 1.757023e-01 5.851364e-01 -2.653849e-01 7.662808e-01 2.857764e+01
7.683447e-01 -3.633469e-01 5.269017e-01 2.181194e+01 5.961361e-01 7.059046e-01 -3.825186e-01 1.796115e-01 -2.329554e-01 6.080113e-01 7.589823e-01 2.845506e+01
8.208941e-01 5.345609e-01 2.009414e-01 2.207452e+01 -5.693531e-01 7.934218e-01 2.152185e-01 1.940383e-01 -4.438392e-02 -2.910782e-01 9.556692e-01 2.779674e+01
6.747454e-01 -6.006326e-01 4.289046e-01 2.237135e+01 6.802046e-01 7.316054e-01 -4.555522e-02 2.100462e-01 -2.864269e-01 3.224810e-01 9.022004e-01 2.711773e+01
7.803119e-01 6.004738e-01 1.747699e-01 2.266907e+01 -5.532709e-01 7.931052e-01 -2.547065e-01 2.280391e-01 -2.915555e-01 1.020554e-01 9.510941e-01 2.634788e+01
7.304394e-01 -6.079626e-01 3.111908e-01 2.297814e+01 4.890008e-01 7.836298e-01 3.831482e-01 2.448294e-01 -4.767982e-01 -1.276940e-01 8.696883e-01 2.561181e+01
8.923312e-01 3.907262e-01 2.260045e-01 2.344996e+01 -1.544903e-01 7.348262e-01 -6.604265e-01 2.751392e-01 -4.241200e-01 5.544037e-01 7.160718e-01 2.447921e+01
8.708241e-01 -2.552510e-01 4.201338e-01 2.392510e+01 -1.394973e-02 8.414594e-01 5.401402e-01 3.082052e-01 -4.913969e-01 -4.762279e-01 7.292024e-01 2.329445e+01
9.898033e-01 -1.037918e-01 9.755337e-02 2.414953e+01 1.420442e-01 7.703018e-01 -6.216579e-01 3.221579e-01 -1.062255e-02 6.291759e-01 7.771903e-01 2.266022e+01
9.437308e-01 9.996458e-02 3.152447e-01 2.430404e+01 -2.588049e-01 8.166835e-01 5.157985e-01 3.284408e-01 -2.058936e-01 -5.683618e-01 7.966007e-01 2.229351e+01
8.939142e-01 -3.111658e-01 3.226349e-01 2.453798e+01 4.397405e-01 7.482786e-01 -4.966965e-01 3.402303e-01 -8.686582e-02 5.858797e-01 8.057291e-01 2.171710e+01
8.721862e-01 4.771423e-01 -1.078262e-01 2.468050e+01 -3.120974e-01 7.125094e-01 6.284310e-01 3.345316e-01 3.766782e-01 -5.144565e-01 7.703558e-01 2.193370e+01
5.204671e-01 -3.641734e-01 7.723288e-01 2.487182e+01 7.517085e-01 6.244488e-01 -2.121271e-01 3.367204e-01 -4.050287e-01 6.909713e-01 5.987573e-01 2.173815e+01
7.481458e-01 6.462565e-01 1.504338e-01 2.518556e+01 -6.500687e-01 7.593201e-01 -2.904533e-02 3.567916e-01 -1.329981e-01 -7.606215e-02 9.881933e-01 2.083969e+01
7.967719e-01 -5.271912e-01 -2.953370e-01 2.539612e+01 5.281853e-01 8.450194e-01 -8.344213e-02 3.453299e-01 2.935555e-01 -8.950831e-02 9.517423e-01 2.150348e+01
7.836396e-01 5.793975e-01 2.240703e-01 2.562395e+01 -6.209683e-01 7.204183e-01 3.088623e-01 3.163084e-01 1.752967e-02 -3.811773e-01 9.243358e-01 2.284144e+01
6.930878e-01 -6.723058e-01 2.600656e-01 2.561455e+01 7.185902e-01 6.729455e-01 -1.754209e-01 3.069128e-01 -5.707348e-02 3.084627e-01 9.495227e-01 2.300310e+01
6.078807e-01 6.964245e-01 3.814105e-01 2.585946e+01 -6.033593e-01 7.173939e-01 -3.482866e-01 3.221886e-01 -5.161769e-01 -1.841089e-02 8.562841e-01 2.228566e+01
4.917574e-01 -6.796374e-01 5.443047e-01 2.641388e+01 3.487375e-01 7.265144e-01 5.920803e-01 3.582347e-01 -7.978451e-01 -1.013404e-01 5.942839e-01 2.089510e+01
9.746108e-01 1.337993e-01 1.795316e-01 2.698989e+01 5.872161e-02 6.210117e-01 -7.815985e-01 3.990003e-01 -2.160686e-01 7.722967e-01 5.973878e-01 1.941192e+01
8.441871e-01 -2.285704e-03 5.360438e-01 2.726411e+01 -3.558453e-01 7.454870e-01 5.635808e-01 4.171109e-01 -4.009018e-01 -6.665163e-01 6.285171e-01 1.862778e+01
8.252640e-01 -4.258355e-01 3.709495e-01 2.749613e+01 5.644734e-01 6.424224e-01 -5.183275e-01 4.295097e-01 -1.758403e-02 6.371481e-01 7.705408e-01 1.797893e+01
6.386851e-01 5.344058e-01 5.536170e-01 2.767316e+01 -6.653698e-01 7.449351e-01 4.852474e-02 4.421254e-01 -3.864769e-01 -3.993521e-01 8.313565e-01 1.734029e+01
4.711126e-01 -7.271812e-01 4.992598e-01 2.795621e+01 7.254472e-01 6.414004e-01 2.496635e-01 4.607074e-01 -5.017761e-01 2.445670e-01 8.297034e-01 1.643873e+01
7.457783e-01 6.263155e-01 2.270322e-01 2.829741e+01 -3.136880e-01 6.307872e-01 -7.097234e-01 4.861915e-01 -5.877197e-01 4.580790e-01 6.668951e-01 1.534316e+01
7.341583e-01 -4.468855e-01 5.111800e-01 2.865984e+01 -2.481395e-02 7.347043e-01 6.779335e-01 5.087226e-01 -6.785248e-01 -5.103949e-01 5.283002e-01 1.433033e+01
8.297778e-01 -1.602347e-01 5.345967e-01 2.911468e+01 5.173639e-01 5.800753e-01 -6.291639e-01 5.371330e-01 -2.092925e-01 7.986473e-01 5.642333e-01 1.315675e+01
6.716961e-01 4.565733e-01 5.834083e-01 2.966526e+01 -6.238126e-01 7.733646e-01 1.129824e-01 5.725486e-01 -3.996025e-01 -4.398273e-01 8.042821e-01 1.184718e+01
6.804167e-01 -7.028312e-01 2.075125e-01 2.991640e+01 7.301145e-01 6.744875e-01 -1.095415e-01 5.881564e-01 -6.297540e-02 2.260418e-01 9.720798e-01 1.114043e+01
6.635886e-01 6.797059e-01 3.124902e-01 3.014814e+01 -6.133581e-01 7.334798e-01 -2.929150e-01 5.981094e-01 -4.283013e-01 2.706653e-03 9.036319e-01 1.059531e+01
7.207052e-01 -6.906316e-01 6.010002e-02 3.035664e+01 6.391073e-01 6.955100e-01 3.283409e-01 6.082820e-01 -2.685628e-01 -1.982266e-01 9.426453e-01 1.005629e+01
8.013175e-01 5.655347e-01 1.950918e-01 3.057793e+01 -3.399999e-01 6.988420e-01 -6.293012e-01 6.179712e-01 -4.922300e-01 4.379389e-01 7.522760e-01 9.507374e+00
8.926490e-01 -4.501681e-01 -2.294223e-02 3.072690e+01 3.718672e-01 7.067096e-01 6.018940e-01 6.256888e-01 -2.547400e-01 -5.458115e-01 7.982464e-01 9.051835e+00
8.871438e-01 3.068624e-01 3.446902e-01 3.111905e+01 1.113361e-01 5.825279e-01 -8.051494e-01 6.487074e-01 -4.478617e-01 7.526598e-01 4.826212e-01 8.192314e+00
7.984803e-01 2.870029e-03 6.020141e-01 3.176541e+01 -3.855903e-01 7.703932e-01 5.077543e-01 6.901157e-01 -4.623303e-01 -6.375626e-01 6.162505e-01 6.737053e+00
7.690812e-01 -4.977064e-01 4.010018e-01 3.228181e+01 6.388781e-01 5.802916e-01 -5.050707e-01 7.220564e-01 1.867897e-02 6.446317e-01 7.642651e-01 5.563606e+00
6.805760e-01 6.077613e-01 4.091973e-01 3.257548e+01 -7.100246e-01 6.848909e-01 1.636753e-01 7.403074e-01 -1.807800e-01 -4.019337e-01 8.976458e-01 4.812371e+00
5.651180e-01 -7.589213e-01 3.235430e-01 3.292567e+01 8.094394e-01 5.858692e-01 -3.956239e-02 7.607413e-01 -1.595292e-01 2.842459e-01 9.453860e-01 4.000585e+00
5.807116e-01 7.635014e-01 2.825592e-01 3.382101e+01 -4.573417e-01 5.930818e-01 -6.626406e-01 8.145865e-01 -6.735077e-01 2.555770e-01 6.935905e-01 2.204784e+00
7.218245e-01 -6.863946e-01 8.849730e-02 3.483015e+01 4.934267e-01 6.000753e-01 6.296346e-01 8.794220e-01 -4.852828e-01 -4.108187e-01 7.718345e-01 1.680627e-01
8.046426e-01 2.875569e-01 -5.194818e-01 3.577397e+01 -5.717810e-01 6.110997e-01 -5.473789e-01 9.263507e-01 1.600527e-01 7.374742e-01 6.561364e-01 -1.254257e+00
6.801438e-01 -6.023111e-01 4.178825e-01 3.669704e+01 2.336271e-01 7.184065e-01 6.552179e-01 9.802346e-01 -6.948545e-01 -3.480137e-01 6.293359e-01 -2.838709e+00
9.038696e-01 8.288210e-02 -4.197027e-01 3.712604e+01 -3.587499e-01 6.813072e-01 -6.380587e-01 1.009091e+00 2.330629e-01 7.272902e-01 6.455468e-01 -3.826308e+00
2.778115e-01 -2.604842e-01 9.246452e-01 3.762427e+01 -4.005349e-01 8.434681e-01 3.579572e-01 1.043225e+00 -8.731509e-01 -4.697973e-01 1.299921e-01 -5.072532e+00
6.931814e-01 -6.171359e-01 -3.723476e-01 3.819069e+01 3.004207e-01 7.169725e-01 -6.290451e-01 1.077331e+00 6.551694e-01 3.241814e-01 6.823924e-01 -6.300239e+00
2.117053e-01 3.676999e-01 9.055262e-01 3.843964e+01 -5.864105e-01 7.890049e-01 -1.832867e-01 1.090104e+00 -7.818591e-01 -4.922073e-01 3.826596e-01 -6.923896e+00
6.060286e-01 -7.418071e-01 -2.871439e-01 3.876752e+01 7.421346e-01 6.572155e-01 -1.315449e-01 1.106307e+00 2.862964e-01 -1.333794e-01 9.488121e-01 -7.690434e+00
4.510157e-01 7.470254e-01 4.884035e-01 3.917083e+01 -4.138169e-01 6.598735e-01 -6.271543e-01 1.127437e+00 -7.907847e-01 8.074681e-02 6.067450e-01 -8.509125e+00
7.881527e-01 -5.564971e-01 -2.629188e-01 3.947518e+01 6.091825e-01 6.443809e-01 4.622444e-01 1.144389e+00 -8.781777e-02 -5.244847e-01 8.468789e-01 -9.250255e+00
7.625107e-01 5.412228e-01 3.544789e-01 3.982884e+01 -1.553226e-02 5.630573e-01 -8.262719e-01 1.162498e+00 -6.467892e-01 6.245353e-01 4.377436e-01 -1.000511e+01
