9.999887e-01 9.697403e-04 -4.648133e-03 8.051116e-03 -9.628095e-04 9.999984e-01 1.493108e-03 -1.808425e-02 4.649574e-03 -1.488616e-03 9.999881e-01 9.059302e-01
9.999999e-01 -1.108790e-04 -4.168261e-04 2.755431e-02 1.108539e-04 1.000000e+00 -6.032326e-05 -3.732311e-02 4.168331e-04 6.027776e-05 9.999999e-01 1.865022e+00
9.999976e-01 1.059843e-03 -1.895570e-03 -9.883344e-03 -1.057519e-03 9.999987e-01 1.226149e-03 -5.236097e-02 1.896866e-03 -1.224142e-03 9.999975e-01 2.759058e+00
9.999999e-01 -6.140235e-06 -4.777324e-04 -6.469111e-02 6.316612e-06 9.999999e-01 3.691384e-04 -6.725995e-02 4.777305e-04 -3.691406e-04 9.999998e-01 3.669703e+00
9.999977e-01 9.335284e-04 -1.955516e-03 -9.769072e-02 -9.316588e-04 9.999991e-01 9.567556e-04 -8.180110e-02 1.956407e-03 -9.549322e-04 9.999976e-01 4.522746e+00
9.999965e-01 -2.428245e-05 -2.662290e-03 -9.037884e-02 2.459587e-05 1.000000e+00 1.176818e-04 -9.704715e-02 2.662288e-03 -1.177462e-04 9.999964e-01 5.225387e+00
9.999950e-01 8.587180e-04 -3.028214e-03 -4.776363e-02 -8.558152e-04 9.999992e-01 9.597484e-04 -1.135163e-01 3.029035e-03 -9.571528e-04 9.999950e-01 5.921757e+00
9.999998e-01 -1.249106e-04 -5.658951e-04 -3.686085e-02 1.251874e-04 9.999999e-01 4.891267e-04 -1.304133e-01 5.658342e-04 -4.891967e-04 9.999997e-01 6.727875e+00
9.999986e-01 1.239552e-03 -1.123650e-03 -9.883312e-02 -1.238006e-03 9.999983e-01 1.374886e-03 -1.459797e-01 1.125352e-03 -1.373494e-03 9.999984e-01 7.743267e+00
9.999996e-01 -2.666418e-04 -8.385983e-04 -1.421038e-01 2.670732e-04 9.999998e-01 5.144256e-04 -1.634667e-01 8.384614e-04 -5.146486e-04 9.999995e-01 8.827348e+00
9.999957e-01 1.192960e-03 -2.671181e-03 -1.547063e-01 -1.190569e-03 9.999989e-01 8.965365e-04 -1.810167e-01 2.672247e-03 -8.933532e-04 9.999960e-01 9.800552e+00
9.999999e-01 -4.610816e-06 4.366529e-04 -2.111471e-01 4.246992e-06 9.999997e-01 8.332903e-04 -1.969302e-01 -4.366563e-04 -8.332877e-04 9.999996e-01 1.081226e+01
9.999967e-01 9.865902e-04 -2.360557e-03 -2.644539e-01 -9.844752e-04 9.999991e-01 8.969725e-04 -2.141972e-01 2.361440e-03 -8.946464e-04 9.999968e-01 1.191144e+01
9.999989e-01 -1.402452e-04 -1.454703e-03 -2.825326e-01 1.405195e-04 1.000000e+00 1.883886e-04 -2.303819e-01 1.454677e-03 -1.885921e-04 9.999989e-01 1.281188e+01
9.999956e-01 1.101854e-03 -2.757382e-03 -2.924553e-01 -1.099036e-03 9.999989e-01 1.023532e-03 -2.468625e-01 2.758506e-03 -1.020498e-03 9.999957e-01 1.364376e+01
9.999992e-01 2.581026e-04 1.272944e-03 -3.880983e-01 -2.592718e-04 9.999995e-01 9.183792e-04 -2.640206e-01 -1.272706e-03 -9.187077e-04 9.999988e-01 1.490312e+01
9.999986e-01 1.007079e-03 1.360345e-03 -5.356909e-01 -1.007591e-03 9.999994e-01 3.764154e-04 -2.770153e-01 -1.359966e-03 -3.777862e-04 9.999990e-01 1.621093e+01
9.999930e-01 -1.073032e-04 -3.736525e-03 -5.632201e-01 1.111462e-04 9.999995e-01 1.028292e-03 -2.936568e-01 3.736413e-03 -1.028700e-03 9.999925e-01 1.715863e+01
9.999969e-01 1.333748e-03 2.109921e-03 -5.962906e-01 -1.336063e-03 9.999985e-01 1.096275e-03 -3.121677e-01 -2.108456e-03 -1.099091e-03 9.999972e-01 1.832780e+01
9.999871e-01 -2.489292e-04 -5.077884e-03 -6.046262e-01 2.506063e-04 9.999999e-01 3.296430e-04 -3.293180e-01 5.077801e-03 -3.309105e-04 9.999871e-01 1.928987e+01
9.999983e-01 1.210903e-03 1.408717e-03 -6.179254e-01 -1.212364e-03 9.999987e-01 1.037265e-03 -3.450314e-01 -1.407460e-03 -1.038972e-03 9.999985e-01 2.009171e+01
9.999916e-01 -1.741427e-04 -4.103290e-03 -6.532974e-01 1.784110e-04 9.999994e-01 1.039859e-03 -3.637846e-01 4.103107e-03 -1.040581e-03 9.999910e-01 2.125975e+01
9.999982e-01 9.895566e-04 -1.604193e-03 -5.941065e-01 -9.880402e-04 9.999991e-01 9.458583e-04 -3.878314e-01 1.605127e-03 -9.442723e-04 9.999983e-01 2.257163e+01
9.999995e-01 7.036428e-04 7.251935e-04 -6.556597e-01 -7.048567e-04 9.999983e-01 1.674962e-03 -4.083280e-01 -7.240134e-04 -1.675472e-03 9.999983e-01 2.406647e+01
9.999941e-01 8.271588e-04 3.333006e-03 -8.251086e-01 -8.288640e-04 9.999995e-01 5.102357e-04 -4.244967e-01 -3.332583e-03 -5.129960e-04 9.999943e-01 2.572028e+01
9.999625e-01 -2.571739e-04 -8.656589e-03 -7.695627e-01 2.685942e-04 9.999991e-01 1.318117e-03 -4.466237e-01 8.656242e-03 -1.320392e-03 9.999617e-01 2.684249e+01
9.999928e-01 1.078486e-03 3.625163e-03 -7.181618e-01 -1.080656e-03 9.999992e-01 5.968459e-04 -4.698822e-01 -3.624517e-03 -6.007599e-04 9.999933e-01 2.802349e+01
9.999822e-01 -1.848063e-04 -5.964393e-03 -7.167681e-01 1.960923e-04 9.999982e-01 1.891699e-03 -4.915674e-01 5.964032e-03 -1.892835e-03 9.999804e-01 2.930621e+01
9.999998e-01 6.866597e-04 -1.029852e-04 -6.291934e-01 -6.866442e-04 9.999998e-01 1.505810e-04 -5.151517e-01 1.030882e-04 -1.505110e-04 1.000000e+00 3.049220e+01
9.999831e-01 -9.557552e-05 -5.814693e-03 -5.509002e-01 1.027849e-04 9.999992e-01 1.239555e-03 -5.350639e-01 5.814571e-03 -1.240131e-03 9.999823e-01 3.137389e+01
9.999968e-01 1.105939e-03 2.266943e-03 -5.476147e-01 -1.106669e-03 9.999993e-01 3.208198e-04 -5.533038e-01 -2.266587e-03 -3.233282e-04 9.999974e-01 3.228282e+01
9.999717e-01 -4.431342e-04 -7.509683e-03 -5.036403e-01 4.507539e-04 9.999994e-01 1.012978e-03 -5.721632e-01 7.509230e-03 -1.016333e-03 9.999713e-01 3.315188e+01
9.999921e-01 1.259386e-03 3.782271e-03 -4.954871e-01 -1.261034e-03 9.999991e-01 4.334445e-04 -5.889930e-01 -3.781722e-03 -4.382113e-04 9.999928e-01 3.395635e+01
9.999667e-01 -5.134396e-04 -8.141497e-03 -4.669192e-01 5.206278e-04 9.999995e-01 8.807996e-04 -6.059970e-01 8.141041e-03 -8.850083e-04 9.999665e-01 3.471189e+01
9.999892e-01 1.177119e-03 4.489560e-03 -4.463028e-01 -1.179643e-03 9.999991e-01 5.596545e-04 -6.230348e-01 -4.488898e-03 -5.649453e-04 9.999898e-01 3.550574e+01
9.999703e-01 -3.372438e-04 -7.694365e-03 -4.607867e-01 3.442506e-04 9.999995e-01 9.093206e-04 -6.387151e-01 7.694055e-03 -9.119417e-04 9.999700e-01 3.632329e+01
9.999927e-01 1.004715e-03 3.691440e-03 -4.456911e-01 -1.006946e-03 9.999993e-01 6.024955e-04 -6.559569e-01 -3.690833e-03 -6.062089e-04 9.999930e-01 3.716434e+01
9.999700e-01 -3.885930e-04 -7.738997e-03 -4.203629e-01 3.951339e-04 9.999996e-01 8.436620e-04 -6.725023e-01 7.738666e-03 -8.466939e-04 9.999697e-01 3.792451e+01
9.999893e-01 1.175110e-03 4.472337e-03 -4.233231e-01 -1.178360e-03 9.999990e-01 7.243134e-04 -6.890792e-01 -4.471482e-03 -7.295764e-04 9.999897e-01 3.876841e+01
9.999825e-01 -2.090315e-04 -5.919932e-03 -4.659169e-01 2.156906e-04 9.999993e-01 1.124232e-03 -7.047862e-01 5.919694e-03 -1.125488e-03 9.999818e-01 3.973917e+01
9.999936e-01 1.037643e-03 3.435500e-03 -4.935992e-01 -1.038681e-03 9.999994e-01 3.003628e-04 -7.200796e-01 -3.435186e-03 -3.039300e-04 9.999941e-01 4.061015e+01
9.999756e-01 -3.019888e-04 -6.982156e-03 -5.005830e-01 3.082534e-04 9.999996e-01 8.961566e-04 -7.346069e-01 6.981882e-03 -8.982863e-04 9.999752e-01 4.131646e+01
9.999970e-01 9.555672e-04 2.277124e-03 -4.764854e-01 -9.557768e-04 9.999995e-01 9.092923e-05 -7.495228e-01 -2.277036e-03 -9.310609e-05 9.999974e-01 4.191328e+01
9.999658e-01 -3.008530e-04 -8.268410e-03 -4.360936e-01 3.058098e-04 9.999998e-01 5.982218e-04 -7.639149e-01 8.268228e-03 -6.007291e-04 9.999656e-01 4.238352e+01
9.999996e-01 5.484714e-04 -7.572719e-04 -3.043416e-01 -5.488290e-04 9.999997e-01 -4.720588e-04 -7.762551e-01 7.570125e-04 4.724735e-04 9.999996e-01 4.248104e+01
9.999728e-01 2.554774e-05 -7.377992e-03 -1.803830e-01 -2.223715e-05 9.999999e-01 4.487840e-04 -7.881594e-01 7.378003e-03 -4.486070e-04 9.999727e-01 4.259689e+01
9.999993e-01 5.843578e-04 1.055039e-03 -1.213777e-01 -5.844932e-04 9.999998e-01 1.279576e-04 -8.024445e-01 -1.054964e-03 -1.285748e-04 9.999994e-01 4.300708e+01
9.999618e-01 -1.549625e-04 -8.738922e-03 -4.159212e-02 1.563175e-04 1.000000e+00 1.543687e-04 -8.154431e-01 8.738898e-03 -1.557281e-04 9.999618e-01 4.326880e+01
9.999874e-01 1.063262e-03 4.900518e-03 -7.882489e-02 -1.069565e-03 9.999986e-01 1.283714e-03 -8.288414e-01 -4.899147e-03 -1.288940e-03 9.999872e-01 4.401773e+01
9.999689e-01 -2.599626e-04 -7.879137e-03 -9.154518e-02 2.580172e-04 9.999999e-01 -2.479338e-04 -8.436205e-01 7.879201e-03 2.458939e-04 9.999689e-01 4.476495e+01
9.999949e-01 9.500420e-04 3.057180e-03 -7.854221e-02 -9.540284e-04 9.999987e-01 1.302745e-03 -8.581538e-01 -3.055939e-03 -1.305655e-03 9.999945e-01 4.536994e+01
9.999727e-01 -4.173126e-04 -7.384023e-03 -5.149430e-02 4.177331e-04 9.999999e-01 5.538377e-05 -8.734621e-01 7.383999e-03 -5.846609e-05 9.999727e-01 4.603394e+01
9.999878e-01 1.575492e-03 4.684399e-03 -8.312627e-02 -1.581868e-03 9.999978e-01 1.357592e-03 -8.886802e-01 -4.682250e-03 -1.364986e-03 9.999881e-01 4.685574e+01
9.999721e-01 -7.805158e-04 -7.428629e-03 -1.036875e-01 7.803714e-04 9.999997e-01 -2.234461e-05 -9.037960e-01 7.428645e-03 1.654761e-05 9.999724e-01 4.767338e+01
9.999965e-01 1.489401e-03 2.187251e-03 -6.103053e-02 -1.491470e-03 9.999984e-01 9.447048e-04 -9.194424e-01 -2.185841e-03 -9.479645e-04 9.999972e-01 4.825609e+01
9.999721e-01 -7.657089e-04 -7.425139e-03 -3.821125e-02 7.659582e-04 9.999997e-01 3.071784e-05 -9.339171e-01 7.425114e-03 -3.640361e-05 9.999724e-01 4.883109e+01
9.999971e-01 1.412930e-03 1.934714e-03 5.274357e-03 -1.414646e-03 9.999986e-01 8.855306e-04 -9.491063e-01 -1.933461e-03 -8.882657e-04 9.999977e-01 4.939286e+01
9.999714e-01 -7.443044e-04 -7.522482e-03 4.753999e-02 7.444909e-04 9.999997e-01 2.197495e-05 -9.640380e-01 7.522464e-03 -2.757402e-05 9.999717e-01 4.994103e+01
9.999984e-01 1.319737e-03 1.194283e-03 1.037877e-01 -1.320532e-03 9.999989e-01 6.650071e-04 -9.783979e-01 -1.193405e-03 -6.665839e-04 9.999991e-01 5.039852e+01
9.999672e-01 -6.407417e-04 -8.078839e-03 1.485934e-01 6.392024e-04 9.999998e-01 -1.931228e-04 -9.914648e-01 8.078961e-03 1.879531e-04 9.999673e-01 5.075931e+01
9.999966e-01 1.217469e-03 2.326737e-03 1.965437e-01 -1.220332e-03 9.999985e-01 1.229610e-03 -1.007617e+00 -2.325237e-03 -1.232446e-03 9.999965e-01 5.136777e+01
9.999714e-01 -6.892968e-04 -7.537736e-03 2.496352e-01 6.900918e-04 9.999998e-01 1.028560e-04 -1.024957e+00 7.537664e-03 -1.080541e-04 9.999716e-01 5.207201e+01
9.999972e-01 1.485981e-03 1.851375e-03 2.943192e-01 -1.487828e-03 9.999984e-01 9.970749e-04 -1.042421e+00 -1.849891e-03 -9.998274e-04 9.999978e-01 5.279393e+01
9.999644e-01 -6.804169e-04 -8.406117e-03 3.487559e-01 6.762630e-04 9.999996e-01 -4.969932e-04 -1.056639e+00 8.406452e-03 4.912915e-04 9.999645e-01 5.327175e+01
9.999964e-01 1.330755e-03 2.309117e-03 3.944986e-01 -1.334042e-03 9.999981e-01 1.422377e-03 -1.071807e+00 -2.307220e-03 -1.425453e-03 9.999963e-01 5.384027e+01
9.999871e-01 1.145157e-05 -5.082440e-03 3.380985e-01 -1.228066e-05 1.000000e+00 -1.631168e-04 -1.085764e+00 5.082439e-03 1.631778e-04 9.999871e-01 5.468362e+01
9.999952e-01 1.058618e-03 2.896942e-03 2.885241e-01 -1.064266e-03 9.999975e-01 1.948827e-03 -1.100876e+00 -2.894872e-03 -1.951901e-03 9.999939e-01 5.560188e+01
9.999935e-01 5.992513e-04 -3.560815e-03 1.949853e-01 -6.026143e-04 9.999994e-01 -9.434741e-04 -1.114416e+00 3.560248e-03 9.456144e-04 9.999932e-01 5.655927e+01
9.999923e-01 8.308117e-04 3.826044e-03 5.468792e-02 -8.361472e-04 9.999987e-01 1.393086e-03 -1.121623e+00 -3.824882e-03 -1.396275e-03 9.999917e-01 5.737250e+01
9.999820e-01 3.403923e-04 -5.987399e-03 -1.288594e-02 -3.465943e-04 9.999994e-01 -1.034853e-03 -1.131357e+00 5.987043e-03 1.036911e-03 9.999815e-01 5.800325e+01
9.999993e-01 5.687880e-04 1.045210e-03 -1.197694e-02 -5.706974e-04 9.999982e-01 1.827277e-03 -1.144786e+00 -1.044169e-03 -1.827873e-03 9.999978e-01 5.856254e+01
9.999819e-01 2.527363e-04 -6.010698e-03 -6.446464e-03 -2.576088e-04 9.999996e-01 -8.098935e-04 -1.159656e+00 6.010492e-03 8.114280e-04 9.999816e-01 5.922447e+01
9.999963e-01 7.744470e-04 2.612075e-03 -4.156025e-02 -7.788669e-04 9.999983e-01 1.691493e-03 -1.172881e+00 -2.610761e-03 -1.693522e-03 9.999952e-01 5.990536e+01
9.999898e-01 5.352082e-04 -4.479321e-03 -1.263982e-01 -5.386867e-04 9.999996e-01 -7.754161e-04 -1.184540e+00 4.478904e-03 7.778219e-04 9.999897e-01 6.074882e+01
9.999974e-01 4.220549e-04 2.219975e-03 -1.883649e-01 -4.256409e-04 9.999986e-01 1.615095e-03 -1.196500e+00 -2.219291e-03 -1.616037e-03 9.999962e-01 6.152953e+01
9.999944e-01 1.152087e-03 -3.156224e-03 -3.300349e-01 -1.153570e-03 9.999992e-01 -4.680955e-04 -1.206351e+00 3.155683e-03 4.717344e-04 9.999949e-01 6.249189e+01
9.999990e-01 -1.634220e-04 1.415225e-03 -4.019540e-01 1.620068e-04 9.999995e-01 9.999462e-04 -1.217822e+00 -1.415388e-03 -9.997166e-04 9.999985e-01 6.332391e+01
9.999880e-01 1.282696e-03 -4.729298e-03 -4.609389e-01 -1.281493e-03 9.999991e-01 2.572817e-04 -1.230806e+00 4.729625e-03 -2.512174e-04 9.999888e-01 6.412748e+01
9.999873e-01 -1.820292e-04 5.045331e-03 -5.701631e-01 1.794099e-04 9.999998e-01 5.195748e-04 -1.240651e+00 -5.045425e-03 -5.186637e-04 9.999871e-01 6.501293e+01
9.999532e-01 1.051481e-03 -9.621060e-03 -5.777823e-01 -1.052099e-03 9.999994e-01 -5.920719e-05 -1.252067e+00 9.620993e-03 6.932743e-05 9.999537e-01 6.548128e+01
9.999922e-01 -3.255320e-04 3.944970e-03 -5.447013e-01 3.230964e-04 9.999998e-01 6.179964e-04 -1.265105e+00 -3.945171e-03 -6.167177e-04 9.999920e-01 6.585671e+01
9.999550e-01 1.290653e-03 -9.402103e-03 -5.254783e-01 -1.291907e-03 9.999992e-01 -1.272594e-04 -1.277988e+00 9.401931e-03 1.394011e-04 9.999558e-01 6.627734e+01
9.999820e-01 -1.793792e-06 6.000555e-03 -5.933824e-01 -1.784182e-06 9.999998e-01 5.962480e-04 -1.286554e+00 -6.000555e-03 -5.962487e-04 9.999818e-01 6.679111e+01
9.999724e-01 1.515468e-03 -7.276249e-03 -7.113678e-01 -1.513100e-03 9.999988e-01 3.308601e-04 -1.295189e+00 7.276742e-03 -3.198406e-04 9.999735e-01 6.758495e+01
9.999900e-01 -2.120281e-04 4.474198e-03 -7.855476e-01 2.103866e-04 9.999999e-01 3.673257e-04 -1.307937e+00 -4.474275e-03 -3.663814e-04 9.999899e-01 6.845493e+01
9.999802e-01 1.442266e-03 -6.127386e-03 -8.917964e-01 -1.437289e-03 9.999986e-01 8.165168e-04 -1.321350e+00 6.128556e-03 -8.076931e-04 9.999809e-01 6.952067e+01
9.999872e-01 -8.980573e-05 5.053463e-03 -9.941910e-01 8.690826e-05 9.999998e-01 5.735551e-04 -1.334813e+00 -5.053514e-03 -5.731093e-04 9.999871e-01 7.065695e+01
9.999883e-01 1.843928e-03 -4.469540e-03 -1.146895e+00 -1.840263e-03 9.999980e-01 8.238120e-04 -1.346614e+00 4.471050e-03 -8.155765e-04 9.999897e-01 7.188525e+01
9.999632e-01 1.691777e-04 8.575347e-03 -1.391157e+00 -1.725592e-04 9.999999e-01 3.935785e-04 -1.354741e+00 -8.575280e-03 -3.950445e-04 9.999632e-01 7.327265e+01
9.999799e-01 1.598340e-03 -6.142111e-03 -1.579127e+00 -1.593524e-03 9.999984e-01 7.888370e-04 -1.365745e+00 6.143363e-03 -7.790328e-04 9.999808e-01 7.462253e+01
9.999791e-01 -4.727352e-06 6.463195e-03 -1.692745e+00 7.242437e-06 9.999999e-01 -3.891351e-04 -1.376670e+00 -6.463193e-03 3.891731e-04 9.999790e-01 7.561553e+01
9.999780e-01 1.266638e-03 -6.509772e-03 -1.815281e+00 -1.257449e-03 9.999982e-01 1.415512e-03 -1.388428e+00 6.511554e-03 -1.407294e-03 9.999778e-01 7.666047e+01
9.999997e-01 -5.664151e-04 4.238749e-04 -1.819975e+00 5.671783e-04 9.999982e-01 -1.802800e-03 -1.397509e+00 -4.228533e-04 1.803039e-03 9.999983e-01 7.698736e+01
9.999680e-01 9.954851e-04 -7.940965e-03 -1.571444e+00 -9.797695e-04 9.999976e-01 1.982687e-03 -1.408673e+00 7.942920e-03 -1.974842e-03 9.999665e-01 7.679043e+01
9.999996e-01 -7.080915e-04 -4.475778e-04 -1.269901e+00 7.074187e-04 9.999986e-01 -1.501313e-03 -1.420937e+00 4.486400e-04 1.500995e-03 9.999988e-01 7.654551e+01
9.999745e-01 1.142552e-03 -7.053532e-03 -1.166798e+00 -1.131657e-03 9.999982e-01 1.548381e-03 -1.432428e+00 7.055288e-03 -1.540358e-03 9.999739e-01 7.664979e+01
9.999972e-01 -8.727440e-04 -2.201474e-03 -1.018795e+00 8.694111e-04 9.999985e-01 -1.514380e-03 -1.444075e+00 2.202792e-03 1.512461e-03 9.999964e-01 7.663702e+01
9.999791e-01 8.033629e-04 -6.407539e-03 -8.150491e-01 -7.929527e-04 9.999984e-01 1.627037e-03 -1.456318e+00 6.408836e-03 -1.621922e-03 9.999781e-01 7.652841e+01
9.999992e-01 -4.775935e-04 -1.187002e-03 -7.106966e-01 4.759140e-04 9.999989e-01 -1.414652e-03 -1.468151e+00 1.187676e-03 1.414086e-03 9.999983e-01 7.664813e+01
9.999733e-01 1.123827e-03 -7.225023e-03 -6.408335e-01 -1.113324e-03 9.999983e-01 1.457435e-03 -1.481177e+00 7.226649e-03 -1.449352e-03 9.999728e-01 7.693679e+01
9.999991e-01 -7.588512e-04 -1.124151e-03 -5.294076e-01 7.571309e-04 9.999985e-01 -1.529867e-03 -1.493031e+00 1.125310e-03 1.529014e-03 9.999982e-01 7.703380e+01
9.999636e-01 1.007549e-03 -8.473536e-03 -2.825056e-01 -9.900377e-04 9.999974e-01 2.070540e-03 -1.505436e+00 8.475600e-03 -2.062074e-03 9.999620e-01 7.686685e+01
9.999997e-01 -5.056055e-04 5.006212e-04 9.601191e-02 5.064273e-04 9.999985e-01 -1.643028e-03 -1.518115e+00 -4.997900e-04 1.643280e-03 9.999985e-01 7.655911e+01
9.999647e-01 8.352133e-04 -8.359099e-03 4.185371e-01 -8.195750e-04 9.999979e-01 1.874052e-03 -1.530307e+00 8.360647e-03 -1.867134e-03 9.999633e-01 7.630383e+01
9.999999e-01 -4.381200e-04 5.074823e-05 7.192968e-01 4.381934e-04 9.999988e-01 -1.459714e-03 -1.542822e+00 -5.010894e-05 1.459735e-03 9.999989e-01 7.606854e+01
9.999667e-01 7.345284e-04 -8.126893e-03 8.801463e-01 -7.232792e-04 9.999988e-01 1.387022e-03 -1.553343e+00 8.127902e-03 -1.381097e-03 9.999660e-01 7.598453e+01
9.999997e-01 -4.169478e-04 -7.193483e-04 1.062000e+00 4.159647e-04 9.999990e-01 -1.366123e-03 -1.565240e+00 7.199168e-04 1.365822e-03 9.999988e-01 7.591066e+01
9.999714e-01 4.773296e-04 -7.544113e-03 1.400553e+00 -4.637735e-04 9.999983e-01 1.798543e-03 -1.578153e+00 7.544959e-03 -1.794992e-03 9.999699e-01 7.566781e+01
9.999998e-01 -2.751614e-04 -5.669319e-04 1.775156e+00 2.744414e-04 9.999992e-01 -1.269408e-03 -1.591040e+00 5.672804e-04 1.269252e-03 9.999990e-01 7.538393e+01
9.999719e-01 6.100479e-04 -7.470770e-03 2.129095e+00 -5.970433e-04 9.999983e-01 1.742806e-03 -1.603474e+00 7.471821e-03 -1.738296e-03 9.999706e-01 7.511845e+01
9.999997e-01 1.537341e-04 -7.207208e-04 2.507802e+00 -1.545105e-04 9.999994e-01 -1.077072e-03 -1.616592e+00 7.205545e-04 1.077182e-03 9.999992e-01 7.485021e+01
9.999672e-01 -1.451607e-04 -8.102299e-03 3.047115e+00 1.629349e-04 9.999976e-01 2.193090e-03 -1.632833e+00 8.101961e-03 -2.194338e-03 9.999648e-01 7.447830e+01
9.999995e-01 9.415685e-04 -1.823676e-04 3.379900e+00 -9.418490e-04 9.999984e-01 -1.543234e-03 -1.643959e+00 1.809139e-04 1.543405e-03 9.999988e-01 7.422096e+01
9.999811e-01 -5.030780e-05 -6.145299e-03 3.660198e+00 6.090766e-05 9.999985e-01 1.724669e-03 -1.654705e+00 6.145204e-03 -1.725010e-03 9.999796e-01 7.399261e+01
9.999995e-01 7.680718e-04 -5.901929e-04 3.906945e+00 -7.690727e-04 9.999983e-01 -1.697174e-03 -1.664779e+00 5.888880e-04 1.697627e-03 9.999984e-01 7.379621e+01
9.999832e-01 -7.452138e-05 -5.793855e-03 4.085944e+00 8.308987e-05 9.999989e-01 1.478633e-03 -1.673951e+00 5.793739e-03 -1.479089e-03 9.999821e-01 7.365873e+01
9.999992e-01 9.612799e-04 -8.687444e-04 4.299149e+00 -9.624795e-04 9.999986e-01 -1.381299e-03 -1.684195e+00 8.674151e-04 1.382133e-03 9.999987e-01 7.349416e+01
9.999817e-01 -2.563344e-04 -6.043573e-03 4.570191e+00 2.653073e-04 9.999989e-01 1.483922e-03 -1.694605e+00 6.043186e-03 -1.485497e-03 9.999806e-01 7.327703e+01
9.999994e-01 1.008621e-03 -4.416621e-04 4.790225e+00 -1.009292e-03 9.999983e-01 -1.521645e-03 -1.704032e+00 4.401263e-04 1.522089e-03 9.999987e-01 7.309586e+01
9.999808e-01 -1.875089e-04 -6.199822e-03 5.035832e+00 1.985334e-04 9.999984e-01 1.777599e-03 -1.714411e+00 6.199479e-03 -1.778795e-03 9.999792e-01 7.288874e+01
9.999994e-01 1.116324e-03 2.134029e-04 5.314711e+00 -1.115937e-03 9.999977e-01 -1.805332e-03 -1.724284e+00 -2.154180e-04 1.805092e-03 9.999983e-01 7.265452e+01
9.999830e-01 -1.799168e-04 -5.824737e-03 5.534855e+00 1.889899e-04 9.999988e-01 1.557137e-03 -1.733233e+00 5.824450e-03 -1.558211e-03 9.999818e-01 7.246964e+01
9.999994e-01 1.061083e-03 -1.832323e-05 5.702072e+00 -1.061117e-03 9.999974e-01 -2.002880e-03 -1.741727e+00 1.619768e-05 2.002898e-03 9.999980e-01 7.233600e+01
9.999774e-01 -1.457337e-04 -6.717019e-03 5.905779e+00 1.596642e-04 9.999978e-01 2.073396e-03 -1.752124e+00 6.716702e-03 -2.074421e-03 9.999753e-01 7.223017e+01
9.999994e-01 6.704924e-04 -9.065318e-04 6.136750e+00 -6.722904e-04 9.999978e-01 -1.984277e-03 -1.763606e+00 9.051991e-04 1.984884e-03 9.999976e-01 7.207782e+01
9.999837e-01 2.043036e-05 -5.701145e-03 6.414349e+00 -8.835468e-06 9.999979e-01 2.033764e-03 -1.774162e+00 5.701175e-03 -2.033680e-03 9.999817e-01 7.184853e+01
9.999990e-01 6.109999e-04 -1.308302e-03 6.706438e+00 -6.134210e-04 9.999981e-01 -1.850753e-03 -1.785019e+00 1.307168e-03 1.851553e-03 9.999974e-01 7.160820e+01
9.999814e-01 3.093663e-04 -6.096722e-03 7.088233e+00 -2.954752e-04 9.999974e-01 2.279183e-03 -1.796987e+00 6.097412e-03 -2.277339e-03 9.999788e-01 7.130972e+01
9.999999e-01 3.460742e-04 3.003530e-05 7.495609e+00 -3.460153e-04 9.999980e-01 -1.944724e-03 -1.808753e+00 -3.070854e-05 1.944713e-03 9.999981e-01 7.099016e+01
9.999685e-01 2.186719e-04 -7.939877e-03 7.828191e+00 -1.998947e-04 9.999972e-01 2.365605e-03 -1.820661e+00 7.940372e-03 -2.363943e-03 9.999657e-01 7.071705e+01
9.999991e-01 6.296505e-04 1.172034e-03 8.161749e+00 -6.271588e-04 9.999975e-01 -2.125269e-03 -1.831490e+00 -1.173370e-03 2.124531e-03 9.999971e-01 7.043607e+01
9.999744e-01 3.420621e-04 -7.152187e-03 8.441379e+00 -3.262971e-04 9.999975e-01 2.205242e-03 -1.841924e+00 7.152924e-03 -2.202851e-03 9.999720e-01 7.020833e+01
9.999992e-01 6.607879e-04 1.118423e-03 8.701146e+00 -6.583170e-04 9.999973e-01 -2.208434e-03 -1.851795e+00 -1.119880e-03 2.207695e-03 9.999969e-01 6.999702e+01
9.999747e-01 2.225403e-04 -7.113616e-03 8.955509e+00 -2.066574e-04 9.999975e-01 2.233369e-03 -1.861875e+00 7.114095e-03 -2.231842e-03 9.999722e-01 6.978508e+01
9.999995e-01 6.992313e-04 6.512134e-04 9.227419e+00 -6.978711e-04 9.999976e-01 -2.087051e-03 -1.872441e+00 -6.526714e-04 2.086595e-03 9.999976e-01 6.955871e+01
9.999788e-01 3.166684e-04 -6.508018e-03 9.507256e+00 -3.027838e-04 9.999977e-01 2.134295e-03 -1.882508e+00 6.508679e-03 -2.132278e-03 9.999765e-01 6.931996e+01
9.999988e-01 6.541353e-04 1.385574e-03 9.741322e+00 -6.508428e-04 9.999970e-01 -2.375517e-03 -1.891493e+00 -1.387124e-03 2.374612e-03 9.999962e-01 6.912216e+01
9.999747e-01 4.910779e-04 -7.101116e-03 9.971545e+00 -4.739708e-04 9.999970e-01 2.410530e-03 -1.900769e+00 7.102278e-03 -2.407102e-03 9.999719e-01 6.892942e+01
9.999990e-01 3.806574e-04 1.329180e-03 1.024497e+01 -3.775066e-04 9.999971e-01 -2.370126e-03 -1.911366e+00 -1.330079e-03 2.369621e-03 9.999963e-01 6.869544e+01
9.999711e-01 6.684655e-04 -7.575130e-03 1.053820e+01 -6.498135e-04 9.999968e-01 2.464421e-03 -1.921725e+00 7.576754e-03 -2.459427e-03 9.999683e-01 6.845963e+01
9.999967e-01 4.235405e-04 2.516510e-03 1.077293e+01 -4.170423e-04 9.999966e-01 -2.582301e-03 -1.930437e+00 -2.517596e-03 2.581243e-03 9.999935e-01 6.826315e+01
9.999702e-01 5.725306e-04 -7.694601e-03 1.095371e+01 -5.562849e-04 9.999976e-01 2.113257e-03 -1.938489e+00 7.695792e-03 -2.108913e-03 9.999682e-01 6.811500e+01
9.999899e-01 4.340114e-04 4.472219e-03 1.093804e+01 -4.206632e-04 9.999955e-01 -2.985257e-03 -1.940751e+00 -4.473495e-03 2.983345e-03 9.999855e-01 6.810722e+01
9.999907e-01 8.851116e-04 -4.223720e-03 1.089434e+01 -8.791593e-04 9.999986e-01 1.410838e-03 -1.941528e+00 4.224963e-03 -1.407111e-03 9.999901e-01 6.809834e+01
9.999995e-01 2.679355e-04 -9.925032e-04 1.106212e+01 -2.698482e-04 9.999981e-01 -1.927339e-03 -1.949319e+00 9.919846e-04 1.927605e-03 9.999977e-01 6.795465e+01
9.999893e-01 8.836611e-04 -4.550486e-03 1.126502e+01 -8.760786e-04 9.999982e-01 1.667990e-03 -1.957509e+00 4.551952e-03 -1.663985e-03 9.999883e-01 6.778038e+01
9.999995e-01 1.400299e-04 -9.900872e-04 1.149555e+01 -1.416920e-04 9.999986e-01 -1.678612e-03 -1.966674e+00 9.898505e-04 1.678751e-03 9.999981e-01 6.758507e+01
9.999894e-01 8.366630e-04 -4.525382e-03 1.173664e+01 -8.293989e-04 9.999984e-01 1.606769e-03 -1.976026e+00 4.526719e-03 -1.602998e-03 9.999885e-01 6.738183e+01
9.999977e-01 -3.313022e-05 -2.167399e-03 1.200626e+01 3.020903e-05 9.999991e-01 -1.347685e-03 -1.986665e+00 2.167442e-03 1.347616e-03 9.999967e-01 6.715819e+01
9.999895e-01 1.105301e-03 -4.447755e-03 1.233451e+01 -1.098029e-03 9.999981e-01 1.636928e-03 -1.997996e+00 4.449556e-03 -1.632026e-03 9.999888e-01 6.689045e+01
9.999990e-01 -2.831283e-04 -1.352950e-03 1.260723e+01 2.806875e-04 9.999983e-01 -1.803780e-03 -2.008262e+00 1.353458e-03 1.803398e-03 9.999975e-01 6.667562e+01
9.999812e-01 1.091118e-03 -6.033507e-03 1.285804e+01 -1.078544e-03 9.999972e-01 2.086948e-03 -2.019208e+00 6.035767e-03 -2.080400e-03 9.999796e-01 6.648253e+01
9.999994e-01 -2.899312e-04 -1.066337e-03 1.316983e+01 2.879921e-04 9.999983e-01 -1.817989e-03 -2.030577e+00 1.066862e-03 1.817680e-03 9.999978e-01 6.623027e+01
9.999816e-01 1.086041e-03 -5.964053e-03 1.349580e+01 -1.073440e-03 9.999972e-01 2.115576e-03 -2.042125e+00 5.966334e-03 -2.109134e-03 9.999800e-01 6.596741e+01
9.999998e-01 -7.340233e-05 -5.692156e-04 1.377933e+01 7.230402e-05 9.999981e-01 -1.928824e-03 -2.052261e+00 5.693559e-04 1.928782e-03 9.999980e-01 6.573846e+01
9.999723e-01 4.618987e-04 -7.424343e-03 1.394928e+01 -4.477791e-04 9.999981e-01 1.903310e-03 -2.063782e+00 7.425208e-03 -1.899932e-03 9.999706e-01 6.573068e+01
9.999952e-01 6.273690e-05 -3.094855e-03 1.411389e+01 -6.799943e-05 9.999986e-01 -1.700245e-03 -2.075812e+00 3.094744e-03 1.700447e-03 9.999938e-01 6.580046e+01
9.999922e-01 9.824164e-04 -3.827124e-03 1.448461e+01 -9.737071e-04 9.999969e-01 2.276788e-03 -2.087696e+00 3.829349e-03 -2.273043e-03 9.999901e-01 6.549978e+01
9.999954e-01 1.623210e-04 -3.020913e-03 1.476229e+01 -1.681538e-04 9.999981e-01 -1.930553e-03 -2.097972e+00 3.020594e-03 1.931052e-03 9.999936e-01 6.527426e+01
9.999987e-01 1.057001e-03 -1.243175e-03 1.502284e+01 -1.054890e-03 9.999980e-01 1.696921e-03 -2.106630e+00 1.244967e-03 -1.695607e-03 9.999978e-01 6.504403e+01
9.999891e-01 -6.182992e-05 -4.668735e-03 1.524622e+01 5.400034e-05 9.999986e-01 -1.677071e-03 -2.115854e+00 4.668832e-03 1.676800e-03 9.999877e-01 6.485583e+01
9.999993e-01 9.734890e-04 -6.820541e-04 1.547275e+01 -9.724809e-04 9.999984e-01 1.476461e-03 -2.125109e+00 6.834905e-04 -1.475796e-03 9.999987e-01 6.466865e+01
9.999846e-01 6.557754e-05 -5.546020e-03 1.572445e+01 -7.290559e-05 9.999991e-01 -1.321071e-03 -2.135237e+00 5.545929e-03 1.321455e-03 9.999837e-01 6.447278e+01
9.999989e-01 1.290006e-03 -7.860323e-04 1.611877e+01 -1.288614e-03 9.999976e-01 1.768390e-03 -2.146100e+00 7.883119e-04 -1.767374e-03 9.999981e-01 6.418035e+01
9.999905e-01 -2.873971e-04 -4.344620e-03 1.642556e+01 2.796454e-04 9.999984e-01 -1.784649e-03 -2.155899e+00 4.345125e-03 1.783417e-03 9.999890e-01 6.394118e+01
9.999963e-01 1.612809e-03 -2.181494e-03 1.667489e+01 -1.608356e-03 9.999966e-01 2.041416e-03 -2.166091e+00 2.184780e-03 -2.037899e-03 9.999955e-01 6.375686e+01
9.999942e-01 -2.262566e-04 -3.393079e-03 1.698938e+01 2.199688e-04 9.999983e-01 -1.853305e-03 -2.175978e+00 3.393492e-03 1.852547e-03 9.999925e-01 6.350197e+01
9.999982e-01 1.564995e-03 -1.113648e-03 1.731206e+01 -1.562959e-03 9.999971e-01 1.826263e-03 -2.185309e+00 1.116503e-03 -1.824518e-03 9.999977e-01 6.322105e+01
9.999930e-01 -3.589629e-04 -3.724042e-03 1.753686e+01 3.517195e-04 9.999980e-01 -1.945435e-03 -2.193810e+00 3.724733e-03 1.944111e-03 9.999912e-01 6.302272e+01
9.999984e-01 1.480105e-03 -9.867890e-04 1.773771e+01 -1.478503e-03 9.999976e-01 1.621084e-03 -2.201733e+00 9.891863e-04 -1.619622e-03 9.999982e-01 6.284151e+01
9.999942e-01 -2.453892e-04 -3.407571e-03 1.789618e+01 2.383528e-04 9.999978e-01 -2.065092e-03 -2.208573e+00 3.408070e-03 2.064267e-03 9.999921e-01 6.268875e+01
9.999988e-01 1.365366e-03 -7.668368e-04 1.799024e+01 -1.364322e-03 9.999981e-01 1.359931e-03 -2.214523e+00 7.686923e-04 -1.358883e-03 9.999988e-01 6.259601e+01
9.999939e-01 1.182342e-04 -3.502643e-03 1.816122e+01 -1.235153e-04 9.999989e-01 -1.507467e-03 -2.222075e+00 3.502461e-03 1.507890e-03 9.999927e-01 6.242198e+01
9.999995e-01 9.919891e-04 1.708640e-04 1.823114e+01 -9.920387e-04 9.999995e-01 2.920959e-04 -2.226513e+00 -1.705739e-04 -2.922646e-04 9.999999e-01 6.235032e+01
9.999898e-01 -1.603567e-04 -4.511551e-03 1.822222e+01 1.555773e-04 9.999994e-01 -1.059619e-03 -2.231798e+00 4.511718e-03 1.058906e-03 9.999893e-01 6.239649e+01
9.999987e-01 9.448461e-04 -1.325297e-03 1.830397e+01 -9.440989e-04 9.999994e-01 5.640747e-04 -2.239482e+00 1.325829e-03 -5.628220e-04 9.999990e-01 6.233256e+01
9.999853e-01 -2.007504e-04 -5.412759e-03 1.853881e+01 1.982285e-04 9.999999e-01 -4.664038e-04 -2.249647e+00 5.412852e-03 4.653233e-04 9.999852e-01 6.213894e+01
9.999978e-01 1.361114e-03 1.576831e-03 1.846971e+01 -1.360523e-03 9.999990e-01 -3.756768e-04 -2.248896e+00 -1.577340e-03 3.735313e-04 9.999987e-01 6.219659e+01
9.999913e-01 1.103422e-03 4.028661e-03 1.809967e+01 -1.099158e-03 9.999988e-01 -1.060417e-03 -2.233991e+00 -4.029827e-03 1.055979e-03 9.999913e-01 6.261276e+01
9.999936e-01 1.339500e-03 3.329484e-03 1.781820e+01 -1.335849e-03 9.999985e-01 -1.098496e-03 -2.225417e+00 -3.330950e-03 1.094042e-03 9.999939e-01 6.293049e+01
9.999782e-01 3.373324e-04 -6.593164e-03 1.791572e+01 -3.342060e-04 9.999998e-01 4.753324e-04 -2.230826e+00 6.593323e-03 -4.731193e-04 9.999782e-01 6.282460e+01
9.999962e-01 1.863422e-03 2.038965e-03 1.833318e+01 -1.864140e-03 9.999982e-01 3.504146e-04 -2.241780e+00 -2.038308e-03 -3.542135e-04 9.999979e-01 6.246689e+01
9.999789e-01 -5.754795e-04 -6.475188e-03 1.889094e+01 5.767697e-04 9.999998e-01 1.974434e-04 -2.254270e+00 6.475073e-03 -2.011746e-04 9.999790e-01 6.203908e+01
9.999988e-01 1.520892e-03 -1.113884e-04 1.924201e+01 -1.520869e-03 9.999988e-01 2.059866e-04 -2.265946e+00 1.117018e-04 -2.058163e-04 1.000000e+00 6.174824e+01
9.999788e-01 -6.619308e-04 -6.483255e-03 1.954924e+01 6.620571e-04 9.999998e-01 1.738243e-05 -2.275976e+00 6.483242e-03 -2.167501e-05 9.999790e-01 6.150761e+01
9.999977e-01 1.788616e-03 1.186236e-03 1.982180e+01 -1.788708e-03 9.999984e-01 7.689184e-05 -2.285061e+00 -1.186097e-03 -7.901283e-05 9.999993e-01 6.128128e+01
9.999762e-01 -6.664365e-04 -6.865198e-03 2.009215e+01 6.670352e-04 9.999998e-01 8.496352e-05 -2.294545e+00 6.865140e-03 -8.954149e-05 9.999764e-01 6.104351e+01
9.999973e-01 1.824535e-03 1.414390e-03 2.040681e+01 -1.824823e-03 9.999983e-01 2.028963e-04 -2.304514e+00 -1.414017e-03 -2.054761e-04 9.999990e-01 6.075695e+01
9.999803e-01 -7.780176e-04 -6.226951e-03 2.067840e+01 7.753476e-04 9.999996e-01 -4.311364e-04 -2.313752e+00 6.227283e-03 4.262992e-04 9.999805e-01 6.052647e+01
9.999986e-01 1.604010e-03 4.607859e-04 2.075848e+01 -1.603973e-03 9.999987e-01 -7.930334e-05 -2.320373e+00 -4.609123e-04 7.856479e-05 9.999999e-01 6.048202e+01
9.999833e-01 -6.894954e-04 -5.745781e-03 2.085322e+01 6.866566e-04 9.999996e-01 -4.959717e-04 -2.327860e+00 5.746120e-03 4.920173e-04 9.999834e-01 6.040510e+01
9.999987e-01 1.591649e-03 1.422291e-04 2.101117e+01 -1.591668e-03 9.999987e-01 1.364497e-04 -2.336536e+00 -1.420116e-04 -1.366753e-04 1.000000e+00 6.028108e+01
9.999801e-01 -5.709427e-04 -6.275322e-03 2.116953e+01 5.702087e-04 9.999998e-01 -1.187066e-04 -2.345664e+00 6.275389e-03 1.151254e-04 9.999803e-01 6.014033e+01
9.999986e-01 1.645195e-03 -3.418186e-04 2.135090e+01 -1.645161e-03 9.999986e-01 9.860500e-05 -2.355222e+00 3.419806e-04 -9.804186e-05 9.999999e-01 6.002340e+01
9.999804e-01 -8.913371e-04 -6.189669e-03 2.157701e+01 8.899886e-04 9.999996e-01 -2.205631e-04 -2.365290e+00 6.189863e-03 2.150494e-04 9.999808e-01 5.985324e+01
9.999975e-01 1.442898e-03 1.721241e-03 2.159816e+01 -1.446618e-03 9.999966e-01 2.162390e-03 -2.379408e+00 -1.718115e-03 -2.164874e-03 9.999962e-01 6.050863e+01
9.999759e-01 -9.639680e-04 -6.879045e-03 2.167881e+01 9.606677e-04 9.999994e-01 -4.830004e-04 -2.398786e+00 6.879506e-03 4.763796e-04 9.999762e-01 6.134925e+01
9.999909e-01 1.556660e-03 3.976940e-03 2.170720e+01 -1.566506e-03 9.999957e-01 2.473894e-03 -2.416590e+00 -3.973072e-03 -2.480101e-03 9.999890e-01 6.219091e+01
9.999496e-01 -1.112254e-03 -9.975689e-03 2.177892e+01 1.099268e-03 9.999985e-01 -1.307143e-03 -2.433514e+00 9.977128e-03 1.296111e-03 9.999494e-01 6.283042e+01
9.999950e-01 1.672588e-03 2.684254e-03 2.191102e+01 -1.675128e-03 9.999982e-01 9.443125e-04 -2.443445e+00 -2.682669e-03 -9.488036e-04 9.999960e-01 6.279548e+01
9.999646e-01 -5.817711e-04 -8.395462e-03 2.214450e+01 5.746920e-04 9.999995e-01 -8.455543e-04 -2.452894e+00 8.395950e-03 8.406989e-04 9.999644e-01 6.259583e+01
9.999943e-01 1.628099e-03 2.965110e-03 2.238183e+01 -1.630459e-03 9.999984e-01 7.937724e-04 -2.462041e+00 -2.963813e-03 -7.986017e-04 9.999953e-01 6.238833e+01
9.999581e-01 -7.344602e-04 -9.120100e-03 2.262482e+01 7.279321e-04 9.999995e-01 -7.190488e-04 -2.472225e+00 9.120623e-03 7.123793e-04 9.999582e-01 6.219029e+01
9.999946e-01 1.697974e-03 2.797880e-03 2.286027e+01 -1.700337e-03 9.999982e-01 8.425904e-04 -2.482144e+00 -2.796444e-03 -8.473425e-04 9.999957e-01 6.199716e+01
9.999539e-01 -6.624330e-04 -9.578087e-03 2.317737e+01 6.583334e-04 9.999997e-01 -4.311329e-04 -2.494068e+00 9.578369e-03 4.248068e-04 9.999540e-01 6.175676e+01
9.999947e-01 1.398406e-03 2.937865e-03 2.339828e+01 -1.399895e-03 9.999989e-01 5.047920e-04 -2.503804e+00 -2.937156e-03 -5.089014e-04 9.999956e-01 6.158975e+01
9.999553e-01 -4.184676e-04 -9.446488e-03 2.362724e+01 4.142378e-04 9.999998e-01 -4.496777e-04 -2.513629e+00 9.446674e-03 4.457439e-04 9.999553e-01 6.140210e+01
9.999866e-01 1.523793e-03 4.938994e-03 2.383421e+01 -1.524846e-03 9.999988e-01 2.094894e-04 -2.521537e+00 -4.938669e-03 -2.170172e-04 9.999878e-01 6.120700e+01
9.999533e-01 -3.224179e-04 -9.659022e-03 2.403278e+01 3.168937e-04 9.999998e-01 -5.734083e-04 -2.529743e+00 9.659205e-03 5.703200e-04 9.999532e-01 6.102567e+01
9.999893e-01 1.463200e-03 4.378148e-03 2.422064e+01 -1.465925e-03 9.999987e-01 6.193859e-04 -2.537835e+00 -4.377236e-03 -6.257967e-04 9.999902e-01 6.083308e+01
9.999695e-01 -1.486593e-04 -7.806636e-03 2.435732e+01 1.377515e-04 9.999990e-01 -1.397716e-03 -2.543289e+00 7.806836e-03 1.396597e-03 9.999686e-01 6.068188e+01
9.999894e-01 1.510515e-03 4.354665e-03 2.449206e+01 -1.514017e-03 9.999985e-01 8.011187e-04 -2.549137e+00 -4.353448e-03 -8.077026e-04 9.999902e-01 6.053651e+01
9.999710e-01 -9.564003e-05 -7.611785e-03 2.461868e+01 8.199422e-05 9.999984e-01 -1.792964e-03 -2.554538e+00 7.611944e-03 1.792287e-03 9.999694e-01 6.040595e+01
9.999946e-01 1.278594e-03 3.013859e-03 2.473859e+01 -1.282094e-03 9.999985e-01 1.159771e-03 -2.561344e+00 -3.012371e-03 -1.163628e-03 9.999948e-01 6.030086e+01
9.999671e-01 3.751905e-05 -8.112060e-03 2.492464e+01 -4.848494e-05 9.999991e-01 -1.351561e-03 -2.569729e+00 8.112002e-03 1.351909e-03 9.999662e-01 6.013763e+01
9.999957e-01 1.042903e-03 2.736109e-03 2.512668e+01 -1.045923e-03 9.999988e-01 1.102589e-03 -2.578604e+00 -2.734955e-03 -1.105445e-03 9.999956e-01 5.997389e+01
9.999633e-01 -1.499390e-04 -8.561375e-03 2.531518e+01 1.389261e-04 9.999992e-01 -1.286877e-03 -2.587751e+00 8.561560e-03 1.285639e-03 9.999625e-01 5.982905e+01
9.999973e-01 1.067080e-03 2.062996e-03 2.555647e+01 -1.069974e-03 9.999984e-01 1.402175e-03 -2.597429e+00 -2.061496e-03 -1.404378e-03 9.999969e-01 5.963362e+01
9.999759e-01 5.553938e-05 -6.947814e-03 2.581466e+01 -6.622918e-05 9.999988e-01 -1.538309e-03 -2.606255e+00 6.947720e-03 1.538731e-03 9.999747e-01 5.940785e+01
9.999980e-01 9.552356e-04 1.781765e-03 2.604131e+01 -9.576192e-04 9.999986e-01 1.337603e-03 -2.614926e+00 -1.780485e-03 -1.339306e-03 9.999975e-01 5.920983e+01
9.999794e-01 -1.679695e-04 -6.413193e-03 2.617414e+01 1.562205e-04 9.999983e-01 -1.832405e-03 -2.622384e+00 6.413490e-03 1.831365e-03 9.999778e-01 5.908449e+01
9.999960e-01 1.645385e-03 2.278927e-03 2.629705e+01 -1.649264e-03 9.999972e-01 1.701184e-03 -2.629348e+00 -2.276121e-03 -1.704935e-03 9.999960e-01 5.895497e+01
9.999837e-01 -1.540037e-04 -5.710505e-03 2.652749e+01 1.411265e-04 9.999974e-01 -2.255275e-03 -2.636561e+00 5.710837e-03 2.254432e-03 9.999812e-01 5.873900e+01
9.999983e-01 1.333397e-03 1.252960e-03 2.668867e+01 -1.335614e-03 9.999975e-01 1.770088e-03 -2.643533e+00 -1.250597e-03 -1.771758e-03 9.999976e-01 5.859108e+01
9.999782e-01 -1.248821e-04 -6.606311e-03 2.686991e+01 1.116834e-04 9.999980e-01 -1.998166e-03 -2.651727e+00 6.606547e-03 1.997384e-03 9.999762e-01 5.843191e+01
9.999985e-01 1.171191e-03 1.310730e-03 2.709064e+01 -1.173635e-03 9.999976e-01 1.866075e-03 -2.660690e+00 -1.308541e-03 -1.867609e-03 9.999974e-01 5.824442e+01
9.999776e-01 -1.514266e-04 -6.690202e-03 2.731132e+01 1.381672e-04 9.999980e-01 -1.982276e-03 -2.669645e+00 6.690489e-03 1.981307e-03 9.999757e-01 5.806157e+01
9.999992e-01 1.182911e-03 4.975706e-04 2.755023e+01 -1.183969e-03 9.999970e-01 2.132100e-03 -2.679571e+00 -4.950469e-04 -2.132687e-03 9.999976e-01 5.786000e+01
9.999815e-01 -1.217285e-04 -6.082293e-03 2.781283e+01 1.088551e-04 9.999978e-01 -2.116748e-03 -2.689278e+00 6.082536e-03 2.116046e-03 9.999793e-01 5.763734e+01
9.999993e-01 1.179874e-03 1.286266e-04 2.809034e+01 -1.180168e-03 9.999966e-01 2.313617e-03 -2.699477e+00 -1.258962e-04 -2.313766e-03 9.999973e-01 5.740002e+01
9.999855e-01 -5.382146e-05 -5.383154e-03 2.837764e+01 4.199405e-05 9.999976e-01 -2.197128e-03 -2.708832e+00 5.383260e-03 2.196869e-03 9.999831e-01 5.715541e+01
9.999992e-01 1.233872e-03 4.411136e-05 2.867104e+01 -1.233972e-03 9.999965e-01 2.350878e-03 -2.718373e+00 -4.121039e-05 -2.350930e-03 9.999972e-01 5.689688e+01
9.999842e-01 -2.439958e-04 -5.608614e-03 2.892310e+01 2.314578e-04 9.999975e-01 -2.235952e-03 -2.728154e+00 5.609146e-03 2.234618e-03 9.999818e-01 5.666661e+01
9.999994e-01 1.040384e-03 -2.055051e-04 2.904663e+01 -1.040030e-03 9.999980e-01 1.716319e-03 -2.736356e+00 2.072905e-04 -1.716104e-03 9.999985e-01 5.657743e+01
9.999703e-01 -1.179554e-04 -7.706536e-03 2.936227e+01 1.087637e-04 9.999993e-01 -1.193074e-03 -2.747919e+00 7.706671e-03 1.192200e-03 9.999696e-01 5.633706e+01
9.999995e-01 9.723841e-04 3.189295e-04 2.970441e+01 -9.729110e-04 9.999982e-01 1.657305e-03 -2.759405e+00 -3.173172e-04 -1.657614e-03 9.999986e-01 5.606412e+01
9.999594e-01 -6.830711e-04 -8.980573e-03 3.015485e+01 6.787929e-04 9.999997e-01 -4.793777e-04 -2.773674e+00 8.980897e-03 4.732617e-04 9.999596e-01 5.566840e+01
9.999947e-01 9.760374e-05 -3.261263e-03 3.105370e+01 -8.819514e-05 9.999958e-01 2.884845e-03 -2.793203e+00 3.261531e-03 -2.884541e-03 9.999905e-01 5.488225e+01
9.999657e-01 -9.847159e-04 -8.219250e-03 3.188400e+01 9.770611e-04 9.999991e-01 -9.352354e-04 -2.811924e+00 8.220164e-03 9.271721e-04 9.999658e-01 5.414424e+01
9.999667e-01 1.789949e-04 -8.163201e-03 3.318877e+01 -1.428479e-04 9.999902e-01 4.428351e-03 -2.836885e+00 8.163914e-03 -4.427037e-03 9.999569e-01 5.310175e+01
9.999986e-01 -6.232303e-04 -1.551776e-03 3.375788e+01 6.176203e-04 9.999933e-01 -3.612819e-03 -2.851310e+00 1.554017e-03 3.611855e-03 9.999923e-01 5.275863e+01
9.999674e-01 1.230440e-03 -7.974876e-03 3.387600e+01 -1.201096e-03 9.999925e-01 3.683341e-03 -2.862486e+00 7.979349e-03 -3.673642e-03 9.999614e-01 5.283162e+01
9.999998e-01 -6.773306e-04 -1.843558e-04 3.426598e+01 6.767998e-04 9.999957e-01 -2.862039e-03 -2.876194e+00 1.862934e-04 2.861913e-03 9.999959e-01 5.249636e+01
9.999656e-01 1.169051e-03 -8.216048e-03 3.471078e+01 -1.140581e-03 9.999933e-01 3.468961e-03 -2.889016e+00 8.220048e-03 -3.459470e-03 9.999602e-01 5.213667e+01
9.999996e-01 -8.515623e-04 3.396602e-05 3.511588e+01 8.516534e-04 9.999957e-01 -2.795049e-03 -2.901969e+00 -3.158582e-05 2.795076e-03 9.999961e-01 5.180545e+01
9.999635e-01 1.449869e-03 -8.419032e-03 3.555583e+01 -1.420344e-03 9.999928e-01 3.511783e-03 -2.915513e+00 8.424064e-03 -3.499696e-03 9.999584e-01 5.144917e+01
9.999995e-01 -8.731498e-04 4.470414e-04 3.594571e+01 8.744857e-04 9.999951e-01 -2.997948e-03 -2.928275e+00 -4.444217e-04 2.998337e-03 9.999954e-01 5.113337e+01
9.999602e-01 1.170307e-03 -8.843960e-03 3.638807e+01 -1.137579e-03 9.999925e-01 3.704695e-03 -2.941793e+00 8.848230e-03 -3.694487e-03 9.999540e-01 5.077347e+01
9.999991e-01 -1.315767e-03 -2.334413e-04 3.690343e+01 1.315128e-03 9.999955e-01 -2.713176e-03 -2.956787e+00 2.370100e-04 2.712866e-03 9.999963e-01 5.035419e+01
