9.999726e-01 3.699029e-04 -7.390208e-03 8.703500e-02 -3.581437e-04 9.999987e-01 1.592449e-03 -1.516600e-03 7.390787e-03 -1.589759e-03 9.999714e-01 -1.376658e-01
9.999988e-01 1.885578e-04 1.529586e-03 2.067185e-01 -1.882608e-04 1.000000e+00 -1.942689e-04 -8.753114e-04 -1.529622e-03 1.939814e-04 9.999988e-01 -3.530986e-01
9.999706e-01 4.348107e-04 -7.651874e-03 3.753677e-01 -4.212983e-04 9.999983e-01 1.767421e-03 2.534039e-03 7.652630e-03 -1.764146e-03 9.999692e-01 -6.652380e-01
9.999999e-01 -1.220784e-04 -3.362871e-04 4.207413e-01 1.220892e-04 1.000000e+00 3.177259e-05 -9.507940e-04 3.362836e-04 -3.181293e-05 9.999999e-01 -6.920106e-01
9.999778e-01 8.063727e-04 -6.616445e-03 4.531970e-01 -7.944390e-04 9.999981e-01 1.806077e-03 -5.248849e-03 6.617888e-03 -1.800781e-03 9.999765e-01 -6.776707e-01
9.999999e-01 -3.768350e-04 2.904654e-04 4.953707e-01 3.768939e-04 9.999999e-01 -2.026994e-04 -7.119687e-03 -2.903886e-04 2.028096e-04 9.999999e-01 -7.427283e-01
9.999757e-01 7.385811e-04 -6.938861e-03 5.201891e-01 -7.246084e-04 9.999977e-01 2.015980e-03 -1.098811e-02 6.940334e-03 -2.010903e-03 9.999739e-01 -7.393209e-01
9.999999e-01 -3.762463e-04 2.367189e-04 5.597458e-01 3.763230e-04 9.999999e-01 -3.238541e-04 -1.353090e-02 -2.365967e-04 3.239439e-04 9.999999e-01 -7.908298e-01
9.999696e-01 1.048131e-03 -7.721858e-03 5.769869e-01 -1.031223e-03 9.999971e-01 2.193263e-03 -2.002224e-02 7.724134e-03 -2.185234e-03 9.999678e-01 -6.926352e-01
9.999984e-01 -5.242046e-04 1.697177e-03 6.510784e-01 5.254610e-04 9.999996e-01 -7.398692e-04 -2.094314e-02 -1.696788e-03 7.407606e-04 9.999983e-01 -8.217161e-01
9.999697e-01 9.468136e-04 -7.731940e-03 7.167097e-01 -9.289260e-04 9.999969e-01 2.316728e-03 -2.206625e-02 7.734110e-03 -2.309476e-03 9.999674e-01 -9.353916e-01
9.999984e-01 -3.986834e-04 1.744078e-03 8.033808e-01 4.002375e-04 9.999995e-01 -8.907788e-04 -2.266369e-02 -1.743722e-03 8.914762e-04 9.999981e-01 -1.087335e+00
9.999599e-01 8.099030e-04 -8.920151e-03 8.579688e-01 -7.874658e-04 9.999965e-01 2.518559e-03 -2.445010e-02 8.922159e-03 -2.511435e-03 9.999570e-01 -1.180301e+00
9.999985e-01 -1.538069e-04 1.741866e-03 8.622566e-01 1.549803e-04 9.999998e-01 -6.734779e-04 -2.934053e-02 -1.741762e-03 6.737475e-04 9.999983e-01 -1.110027e+00
9.999614e-01 8.153737e-04 -8.749385e-03 8.893562e-01 -7.970109e-04 9.999975e-01 2.102031e-03 -2.990029e-02 8.751076e-03 -2.094977e-03 9.999595e-01 -1.157066e+00
9.999999e-01 -5.633982e-05 5.133429e-04 9.127260e-01 5.642243e-05 1.000000e+00 -1.607991e-04 -3.250089e-02 -5.133335e-04 1.608287e-04 9.999999e-01 -1.162524e+00
9.999810e-01 6.509693e-04 -6.123415e-03 1.026621e+00 -6.407956e-04 9.999984e-01 1.663255e-03 -3.096119e-02 6.124488e-03 -1.659300e-03 9.999799e-01 -1.378084e+00
9.999999e-01 4.447772e-05 5.313031e-04 1.159028e+00 -4.443779e-05 1.000000e+00 -7.504062e-05 -2.793861e-02 -5.313061e-04 7.501771e-05 9.999999e-01 -1.640126e+00
9.999783e-01 5.386295e-04 -6.570148e-03 1.258890e+00 -5.274299e-04 9.999984e-01 1.706240e-03 -2.651143e-02 6.571056e-03 -1.702739e-03 9.999770e-01 -1.838426e+00
9.999999e-01 -1.716937e-04 4.314035e-04 1.295072e+00 1.717619e-04 1.000000e+00 -1.580392e-04 -2.853062e-02 -4.313760e-04 1.581140e-04 9.999999e-01 -1.898889e+00
9.999848e-01 8.165779e-04 -5.447895e-03 1.406826e+00 -8.071338e-04 9.999982e-01 1.735529e-03 -2.595554e-02 5.449302e-03 -1.731106e-03 9.999837e-01 -2.126072e+00
9.999930e-01 9.303968e-05 -3.738494e-03 1.391624e+00 -9.114629e-05 9.999999e-01 5.066044e-04 -2.994062e-02 3.738541e-03 -5.062594e-04 9.999929e-01 -2.028936e+00
9.999877e-01 1.079444e-03 -4.844859e-03 1.379736e+00 -1.069563e-03 9.999973e-01 2.041484e-03 -4.068051e-02 4.847049e-03 -2.036278e-03 9.999862e-01 -1.691814e+00
9.999948e-01 -2.535516e-04 -3.228850e-03 1.377182e+00 2.537677e-04 1.000000e+00 6.649579e-05 -4.911356e-02 3.228833e-03 -6.731411e-05 9.999948e-01 -1.454783e+00
9.999901e-01 1.155048e-03 -4.288057e-03 1.363579e+00 -1.145792e-03 9.999970e-01 2.160379e-03 -5.782503e-02 4.290539e-03 -2.155445e-03 9.999885e-01 -1.205435e+00
9.999983e-01 -7.142424e-04 -1.718599e-03 1.360626e+00 7.139754e-04 9.999997e-01 -1.560197e-04 -6.281276e-02 1.718711e-03 1.547931e-04 9.999985e-01 -1.147167e+00
9.999690e-01 1.692098e-03 -7.691140e-03 1.366014e+00 -1.674222e-03 9.999959e-01 2.330039e-03 -7.216111e-02 7.695050e-03 -2.317091e-03 9.999677e-01 -8.721186e-01
9.999997e-01 -7.904630e-04 1.606525e-04 1.370799e+00 7.904266e-04 9.999997e-01 2.270237e-04 -8.320482e-02 -1.608316e-04 -2.268959e-04 1.000000e+00 -5.599061e-01
9.999798e-01 1.431248e-03 -6.193958e-03 1.466903e+00 -1.422412e-03 9.999980e-01 1.430651e-03 -8.642899e-02 6.195993e-03 -1.421812e-03 9.999798e-01 -6.581768e-01
9.999983e-01 -8.890863e-04 1.607530e-03 1.542693e+00 8.888213e-04 9.999996e-01 1.656306e-04 -8.661541e-02 -1.607676e-03 -1.642008e-04 9.999987e-01 -7.885793e-01
9.999755e-01 1.333019e-03 -6.877683e-03 1.546007e+00 -1.322093e-03 9.999979e-01 1.592922e-03 -8.993567e-02 6.879791e-03 -1.583791e-03 9.999751e-01 -7.896550e-01
9.999976e-01 -8.054919e-04 2.058626e-03 1.575365e+00 8.054322e-04 9.999997e-01 2.989482e-05 -9.229555e-02 -2.058649e-03 -2.823596e-05 9.999979e-01 -8.362416e-01
9.999786e-01 1.238358e-03 -6.423929e-03 1.633150e+00 -1.229209e-03 9.999982e-01 1.427926e-03 -9.302460e-02 6.425685e-03 -1.419999e-03 9.999783e-01 -9.362154e-01
9.999986e-01 -6.647950e-04 1.556516e-03 1.716368e+00 6.646679e-04 9.999998e-01 8.219777e-05 -9.329769e-02 -1.556570e-03 -8.116237e-05 9.999988e-01 -1.080634e+00
9.999717e-01 1.352198e-03 -7.404127e-03 1.890783e+00 -1.340553e-03 9.999979e-01 1.577562e-03 -9.001005e-02 7.406244e-03 -1.567592e-03 9.999713e-01 -1.390340e+00
9.999987e-01 -5.846759e-04 1.499367e-03 2.087443e+00 5.844949e-04 9.999998e-01 1.212525e-04 -8.566741e-02 -1.499438e-03 -1.203752e-04 9.999989e-01 -1.744504e+00
9.999723e-01 1.377262e-03 -7.309422e-03 2.276931e+00 -1.365289e-03 9.999977e-01 1.642835e-03 -8.098415e-02 7.311667e-03 -1.632811e-03 9.999719e-01 -2.098371e+00
9.999979e-01 -8.064217e-04 1.893701e-03 2.404133e+00 8.062684e-04 9.999997e-01 8.179665e-05 -7.907523e-02 -1.893766e-03 -8.026894e-05 9.999982e-01 -2.333739e+00
9.999793e-01 1.372078e-03 -6.290990e-03 2.461072e+00 -1.362831e-03 9.999980e-01 1.473847e-03 -7.851957e-02 6.292999e-03 -1.465244e-03 9.999791e-01 -2.460155e+00
9.999995e-01 -5.093681e-04 8.889857e-04 2.462771e+00 5.089919e-04 9.999998e-01 4.234645e-04 -7.575296e-02 -8.892009e-04 -4.230111e-04 9.999995e-01 -2.553171e+00
9.999860e-01 1.117934e-03 -5.166003e-03 2.491971e+00 -1.111118e-03 9.999985e-01 1.322063e-03 -7.399322e-02 5.167473e-03 -1.316306e-03 9.999858e-01 -2.659848e+00
9.999998e-01 -6.170037e-04 3.116346e-04 2.574716e+00 6.169322e-04 9.999998e-01 2.297557e-04 -7.371498e-02 -3.117759e-04 -2.295627e-04 9.999999e-01 -2.813921e+00
9.999842e-01 1.266816e-03 -5.473696e-03 2.686299e+00 -1.258991e-03 9.999982e-01 1.432957e-03 -7.125925e-02 5.475501e-03 -1.426044e-03 9.999840e-01 -3.037703e+00
9.999998e-01 -5.352928e-04 3.831761e-04 2.792771e+00 5.351653e-04 9.999998e-01 3.331142e-04 -6.820375e-02 -3.833540e-04 -3.329084e-04 9.999999e-01 -3.261136e+00
9.999869e-01 1.230616e-03 -4.958855e-03 2.870542e+00 -1.223616e-03 9.999983e-01 1.414499e-03 -6.597398e-02 4.960586e-03 -1.408413e-03 9.999867e-01 -3.433576e+00
9.999998e-01 -5.558224e-04 -3.055398e-05 2.975149e+00 5.558301e-04 9.999998e-01 2.504881e-04 -6.371053e-02 3.041507e-05 -2.505043e-04 1.000000e+00 -3.641643e+00
9.999847e-01 1.163276e-03 -5.404962e-03 3.120354e+00 -1.155851e-03 9.999984e-01 1.376699e-03 -6.130380e-02 5.406555e-03 -1.370431e-03 9.999844e-01 -3.902234e+00
9.999998e-01 -4.581809e-04 -3.549646e-04 3.296947e+00 4.582730e-04 9.999999e-01 2.592124e-04 -5.776479e-02 3.548461e-04 -2.593743e-04 9.999999e-01 -4.222355e+00
9.999797e-01 1.097193e-03 -6.274968e-03 3.571239e+00 -1.089146e-03 9.999986e-01 1.285704e-03 -5.389308e-02 6.276369e-03 -1.278844e-03 9.999795e-01 -4.646602e+00
9.999998e-01 -5.833118e-04 -1.900975e-04 3.870137e+00 5.833905e-04 9.999997e-01 4.131598e-04 -4.804517e-02 1.898568e-04 -4.132699e-04 9.999999e-01 -5.150476e+00
9.999789e-01 1.590943e-03 -6.295568e-03 4.058594e+00 -1.580960e-03 9.999975e-01 1.590407e-03 -4.118977e-02 6.298082e-03 -1.580422e-03 9.999789e-01 -5.545249e+00
9.999998e-01 -5.341464e-04 -3.094591e-04 4.251501e+00 5.342761e-04 9.999998e-01 4.186514e-04 -3.424066e-02 3.092357e-04 -4.188160e-04 9.999999e-01 -5.948574e+00
9.999795e-01 8.190103e-04 -6.344258e-03 4.574132e+00 -8.121739e-04 9.999991e-01 1.080089e-03 -3.038704e-02 6.345136e-03 -1.074915e-03 9.999793e-01 -6.428614e+00
9.999982e-01 -5.282929e-04 -1.803002e-03 4.651862e+00 5.297050e-04 9.999996e-01 7.827499e-04 -3.179718e-02 1.802588e-03 -7.837028e-04 9.999981e-01 -6.569106e+00
9.999875e-01 1.154120e-03 -4.871836e-03 4.848257e+00 -1.151180e-03 9.999992e-01 6.061954e-04 -2.844514e-02 4.872531e-03 -6.005802e-04 9.999879e-01 -6.880108e+00
9.999946e-01 -7.227007e-04 -3.220766e-03 5.215980e+00 7.265476e-04 9.999990e-01 1.193375e-03 -2.323822e-02 3.219901e-03 -1.195708e-03 9.999941e-01 -7.435598e+00
9.999916e-01 1.129948e-03 -3.951702e-03 5.559739e+00 -1.128520e-03 9.999993e-01 3.636113e-04 -1.897579e-02 3.952110e-03 -3.591493e-04 9.999921e-01 -7.946324e+00
9.999942e-01 -5.109749e-04 -3.377748e-03 5.895482e+00 5.162545e-04 9.999986e-01 1.562335e-03 -1.215696e-02 3.376946e-03 -1.564069e-03 9.999931e-01 -8.500259e+00
9.999956e-01 6.747008e-04 -2.903823e-03 6.048419e+00 -6.748349e-04 9.999998e-01 -4.515400e-05 -1.242982e-02 2.903792e-03 4.711270e-05 9.999958e-01 -8.741393e+00
9.999922e-01 -9.060249e-05 -3.943365e-03 6.225102e+00 9.601549e-05 9.999991e-01 1.372483e-03 -1.189410e-02 3.943237e-03 -1.372851e-03 9.999913e-01 -9.003607e+00
9.999940e-01 1.149544e-03 -3.280768e-03 6.560973e+00 -1.146336e-03 9.999989e-01 9.796557e-04 2.624926e-04 3.281890e-03 -9.758896e-04 9.999941e-01 -9.640855e+00
9.999652e-01 -1.708505e-03 -8.167402e-03 7.247698e+00 1.719126e-03 9.999977e-01 1.293534e-03 -2.570671e-04 8.165174e-03 -1.307529e-03 9.999658e-01 -1.033983e+01
9.999977e-01 1.182681e-03 1.795159e-03 7.828158e+00 -1.182221e-03 9.999993e-01 -2.571343e-04 -4.203971e-03 -1.795462e-03 2.550107e-04 9.999984e-01 -1.091180e+01
9.999621e-01 -3.868827e-04 -8.700240e-03 8.182254e+00 4.069078e-04 9.999973e-01 2.300010e-03 4.742207e-03 8.699326e-03 -2.303462e-03 9.999595e-01 -1.151286e+01
9.999979e-01 8.378754e-04 1.889941e-03 8.423247e+00 -8.369755e-04 9.999995e-01 -4.769917e-04 8.917283e-03 -1.890340e-03 4.754082e-04 9.999981e-01 -1.192599e+01
9.999733e-01 -5.480688e-04 -7.288123e-03 8.527704e+00 5.617432e-04 9.999981e-01 1.874323e-03 6.795084e-03 7.287082e-03 -1.878366e-03 9.999717e-01 -1.206983e+01
9.999986e-01 7.719696e-04 1.454376e-03 8.742617e+00 -7.710448e-04 9.999995e-01 -6.364348e-04 5.359173e-03 -1.454867e-03 6.353118e-04 9.999987e-01 -1.232090e+01
9.999695e-01 -6.738889e-04 -7.778380e-03 9.075906e+00 6.893254e-04 9.999978e-01 1.982013e-03 6.959819e-03 7.777028e-03 -1.987314e-03 9.999678e-01 -1.276947e+01
9.999989e-01 1.053430e-03 1.051704e-03 9.387980e+00 -1.052972e-03 9.999994e-01 -4.356981e-04 1.094906e-02 -1.052163e-03 4.345895e-04 9.999994e-01 -1.324632e+01
9.999624e-01 -1.479504e-04 -8.671527e-03 9.688213e+00 1.704922e-04 9.999966e-01 2.598812e-03 1.886869e-02 8.671113e-03 -2.600192e-03 9.999590e-01 -1.378278e+01
9.999969e-01 5.918344e-04 2.423390e-03 9.905201e+00 -5.893375e-04 9.999993e-01 -1.030995e-03 2.238277e-02 -2.423999e-03 1.029563e-03 9.999965e-01 -1.415880e+01
9.999648e-01 6.779574e-05 -8.389028e-03 1.005724e+01 -4.504580e-05 9.999963e-01 2.712007e-03 2.490138e-02 8.389181e-03 -2.711533e-03 9.999611e-01 -1.444308e+01
9.999960e-01 5.184651e-04 2.765765e-03 1.021446e+01 -5.150289e-04 9.999991e-01 -1.243053e-03 2.698858e-02 -2.766407e-03 1.241623e-03 9.999954e-01 -1.471471e+01
9.999517e-01 4.377578e-05 -9.833260e-03 1.048288e+01 -1.483265e-05 9.999957e-01 2.943428e-03 3.144806e-02 9.833346e-03 -2.943139e-03 9.999473e-01 -1.515962e+01
9.999937e-01 7.917718e-04 3.450449e-03 1.075979e+01 -7.873713e-04 9.999989e-01 -1.276564e-03 3.825346e-02 -3.451456e-03 1.273839e-03 9.999932e-01 -1.565179e+01
9.999469e-01 8.876202e-05 -1.030463e-02 1.099742e+01 -5.879927e-05 9.999958e-01 2.907948e-03 4.428235e-02 1.030484e-02 -2.907187e-03 9.999427e-01 -1.608433e+01
9.999924e-01 4.215533e-04 3.868943e-03 1.122238e+01 -4.165513e-04 9.999991e-01 -1.293631e-03 4.789268e-02 -3.869485e-03 1.292009e-03 9.999917e-01 -1.646658e+01
9.999484e-01 1.417096e-04 -1.016202e-02 1.142984e+01 -1.121450e-04 9.999958e-01 2.909822e-03 5.110094e-02 1.016239e-02 -2.908531e-03 9.999441e-01 -1.682086e+01
9.999931e-01 3.827156e-04 3.702033e-03 1.173315e+01 -3.774805e-04 9.999989e-01 -1.414751e-03 5.502488e-02 -3.702571e-03 1.413343e-03 9.999921e-01 -1.727743e+01
9.999490e-01 2.000801e-04 -1.009637e-02 1.207339e+01 -1.678115e-04 9.999949e-01 3.196789e-03 6.291651e-02 1.009696e-02 -3.194931e-03 9.999439e-01 -1.785077e+01
9.999939e-01 2.606953e-04 3.485169e-03 1.222392e+01 -2.571488e-04 9.999994e-01 -1.018057e-03 6.529488e-02 -3.485433e-03 1.017154e-03 9.999934e-01 -1.814391e+01
9.999517e-01 3.944261e-04 -9.819200e-03 1.222884e+01 -3.677865e-04 9.999962e-01 2.714647e-03 5.886682e-02 9.820235e-03 -2.710904e-03 9.999481e-01 -1.802928e+01
9.999969e-01 2.554202e-04 2.467918e-03 1.222923e+01 -2.533911e-04 9.999996e-01 -8.225319e-04 5.184330e-02 -2.468127e-03 8.219033e-04 9.999966e-01 -1.787773e+01
9.999467e-01 6.079455e-04 -1.030733e-02 1.223450e+01 -5.806900e-04 9.999963e-01 2.647054e-03 4.373164e-02 1.030891e-02 -2.640927e-03 9.999434e-01 -1.767808e+01
9.999888e-01 -4.639540e-05 4.724368e-03 1.226051e+01 5.191002e-05 9.999993e-01 -1.167198e-03 3.835040e-02 -4.724311e-03 1.167429e-03 9.999882e-01 -1.762600e+01
9.999133e-01 1.294362e-03 -1.310067e-02 1.227194e+01 -1.255867e-03 9.999949e-01 2.946183e-03 3.068508e-02 1.310441e-02 -2.929475e-03 9.999098e-01 -1.742032e+01
9.999817e-01 -5.451140e-04 6.021710e-03 1.227343e+01 5.509854e-04 9.999994e-01 -9.734522e-04 2.591757e-02 -6.021176e-03 9.767516e-04 9.999814e-01 -1.733533e+01
9.999205e-01 1.227927e-03 -1.255149e-02 1.226678e+01 -1.194367e-03 9.999957e-01 2.680921e-03 2.088712e-02 1.255473e-02 -2.665716e-03 9.999176e-01 -1.724230e+01
9.999973e-01 4.729262e-04 2.279344e-03 1.225323e+01 -4.711070e-04 9.999996e-01 -7.986968e-04 1.307463e-02 -2.279721e-03 7.976201e-04 9.999971e-01 -1.693940e+01
9.998798e-01 1.791895e-03 -1.540177e-02 1.223297e+01 -1.733140e-03 9.999912e-01 3.827344e-03 1.204118e-03 1.540849e-02 -3.800190e-03 9.998741e-01 -1.645337e+01
9.999941e-01 2.209428e-06 3.423889e-03 1.223354e+01 1.620652e-06 9.999994e-01 -1.118694e-03 -9.882421e-03 -3.423890e-03 1.118693e-03 9.999935e-01 -1.606695e+01
9.999406e-01 1.137618e-03 -1.083951e-02 1.223608e+01 -1.107619e-03 9.999955e-01 2.773080e-03 -1.062387e-02 1.084262e-02 -2.760908e-03 9.999374e-01 -1.605835e+01
9.999772e-01 1.471569e-04 6.755245e-03 1.231390e+01 -1.400243e-04 9.999994e-01 -1.056350e-03 -3.737104e-03 -6.755397e-03 1.055380e-03 9.999766e-01 -1.629731e+01
9.999117e-01 6.330151e-04 -1.327124e-02 1.232829e+01 -5.965411e-04 9.999960e-01 2.752114e-03 -1.479486e-03 1.327293e-02 -2.743954e-03 9.999081e-01 -1.639878e+01
9.999962e-01 9.754792e-04 2.585963e-03 1.230856e+01 -9.744595e-04 9.999994e-01 -3.956323e-04 -9.269382e-03 -2.586348e-03 3.931102e-04 9.999966e-01 -1.609388e+01
9.996548e-01 3.357823e-03 -2.605800e-02 1.212891e+01 -3.288738e-03 9.999910e-01 2.693598e-03 -9.716471e-03 2.606681e-02 -2.606970e-03 9.996568e-01 -1.536783e+01
9.998743e-01 -8.707680e-04 1.582993e-02 1.193305e+01 8.620929e-04 9.999995e-01 5.548207e-04 -4.289197e-03 -1.583040e-02 -5.411048e-04 9.998745e-01 -1.494189e+01
9.996588e-01 1.793930e-03 -2.606013e-02 1.194581e+01 -1.757651e-03 9.999975e-01 1.414972e-03 -5.455091e-03 2.606260e-02 -1.368684e-03 9.996594e-01 -1.497961e+01
9.998544e-01 -5.173173e-04 1.705598e-02 1.192574e+01 4.973229e-04 9.999992e-01 1.176486e-03 -1.368403e-02 -1.705657e-02 -1.167833e-03 9.998538e-01 -1.467961e+01
9.997125e-01 9.957483e-04 -2.395470e-02 1.203498e+01 -9.921257e-04 9.999995e-01 1.630983e-04 -1.544915e-02 2.395485e-02 -1.392846e-04 9.997130e-01 -1.483436e+01
9.998601e-01 -3.059089e-04 1.672338e-02 1.224550e+01 2.751686e-04 9.999983e-01 1.840418e-03 -9.828383e-03 -1.672391e-02 -1.835560e-03 9.998585e-01 -1.523839e+01
9.996652e-01 1.312703e-03 -2.583965e-02 1.226684e+01 -1.300887e-03 9.999990e-01 4.740916e-04 -8.010719e-03 2.584025e-02 -4.403177e-04 9.996660e-01 -1.535596e+01
9.998512e-01 -2.149319e-04 1.724886e-02 1.228817e+01 1.917582e-04 9.999991e-01 1.345118e-03 -6.447743e-03 -1.724914e-02 -1.341611e-03 9.998503e-01 -1.542337e+01
9.997245e-01 1.150692e-03 -2.344503e-02 1.249434e+01 -1.133454e-03 9.999991e-01 7.484948e-04 -2.476110e-04 2.344587e-02 -7.217140e-04 9.997248e-01 -1.583089e+01
9.998521e-01 -5.634530e-04 1.719166e-02 1.270723e+01 5.458569e-04 9.999993e-01 1.028183e-03 3.157389e-03 -1.719223e-02 -1.018647e-03 9.998517e-01 -1.619118e+01
9.997253e-01 9.858540e-04 -2.341810e-02 1.288565e+01 -9.773420e-04 9.999995e-01 3.749117e-04 4.714011e-03 2.341846e-02 -3.519206e-04 9.997257e-01 -1.648543e+01
9.998602e-01 -3.850791e-04 1.671870e-02 1.298443e+01 3.653685e-04 9.999992e-01 1.181976e-03 6.335226e-03 -1.671915e-02 -1.175703e-03 9.998595e-01 -1.668720e+01
9.996836e-01 1.209057e-03 -2.512555e-02 1.298357e+01 -1.182134e-03 9.999987e-01 1.086360e-03 -5.027128e-04 2.512683e-02 -1.056314e-03 9.996837e-01 -1.649228e+01
9.998346e-01 -6.023326e-04 1.817867e-02 1.300434e+01 5.844771e-04 9.999993e-01 9.875029e-04 -6.253590e-03 -1.817925e-02 -9.767152e-04 9.998343e-01 -1.641858e+01
9.997302e-01 1.110157e-03 -2.320073e-02 1.311772e+01 -1.097744e-03 9.999992e-01 5.477525e-04 -6.429384e-03 2.320132e-02 -5.221356e-04 9.997307e-01 -1.660486e+01
9.998405e-01 -6.123255e-04 1.784781e-02 1.326167e+01 5.924566e-04 9.999992e-01 1.118493e-03 -4.732848e-03 -1.784848e-02 -1.107741e-03 9.998401e-01 -1.685942e+01
9.997274e-01 1.023742e-03 -2.332390e-02 1.332769e+01 -1.011269e-03 9.999993e-01 5.465146e-04 -5.567046e-03 2.332444e-02 -5.227782e-04 9.997278e-01 -1.698230e+01
9.998423e-01 -5.742730e-04 1.775058e-02 1.333753e+01 5.512422e-04 9.999990e-01 1.302320e-03 -1.253339e-02 -1.775131e-02 -1.292330e-03 9.998416e-01 -1.687152e+01
9.995771e-01 1.885765e-03 -2.901740e-02 1.332032e+01 -1.865586e-03 9.999980e-01 7.224684e-04 -1.914462e-02 2.901870e-02 -6.680277e-04 9.995786e-01 -1.660289e+01
9.998185e-01 -8.585830e-04 1.903076e-02 1.330960e+01 8.242623e-04 9.999980e-01 1.811186e-03 -2.848841e-02 -1.903227e-02 -1.795171e-03 9.998173e-01 -1.628515e+01
9.993602e-01 3.529807e-03 -3.559000e-02 1.324095e+01 -3.534138e-03 9.999938e-01 -5.878793e-05 -3.533692e-02 3.558957e-02 1.845310e-04 9.993665e-01 -1.571826e+01
9.998461e-01 -2.456506e-04 1.754032e-02 1.315419e+01 1.765217e-04 9.999922e-01 3.942567e-03 -5.037308e-02 -1.754116e-02 -3.938865e-03 9.998384e-01 -1.476507e+01
9.993675e-01 3.309314e-03 -3.540797e-02 1.310669e+01 -3.335278e-03 9.999942e-01 -6.742515e-04 -6.641924e-02 3.540554e-02 7.919211e-04 9.993727e-01 -1.389259e+01
9.997477e-01 -1.173396e-03 2.243016e-02 1.306443e+01 1.067263e-03 9.999882e-01 4.743087e-03 -8.173745e-02 -2.243546e-02 -4.717952e-03 9.997372e-01 -1.317841e+01
9.994217e-01 2.874001e-03 -3.388225e-02 1.306587e+01 -2.948223e-03 9.999934e-01 -2.140828e-03 -9.487425e-02 3.387587e-02 2.239483e-03 9.994235e-01 -1.268171e+01
9.997527e-01 -1.477441e-03 2.219067e-02 1.308142e+01 1.366749e-03 9.999866e-01 5.002571e-03 -1.091180e-01 -2.219776e-02 -4.971005e-03 9.997412e-01 -1.218466e+01
9.994411e-01 2.804834e-03 -3.331123e-02 1.307983e+01 -2.894405e-03 9.999923e-01 -2.641002e-03 -1.203935e-01 3.330357e-02 2.735943e-03 9.994415e-01 -1.178712e+01
9.996830e-01 -1.722846e-03 2.511759e-02 1.307825e+01 1.585618e-03 9.999837e-01 5.482315e-03 -1.323089e-01 -2.512663e-02 -5.440751e-03 9.996695e-01 -1.141290e+01
9.995269e-01 1.964619e-03 -3.069236e-02 1.313215e+01 -2.082049e-03 9.999906e-01 -3.794533e-03 -1.381428e-01 3.068462e-02 3.856642e-03 9.995217e-01 -1.140038e+01
9.997905e-01 -9.971954e-04 2.044230e-02 1.313492e+01 8.781087e-04 9.999826e-01 5.833637e-03 -1.466615e-01 -2.044776e-02 -5.814465e-03 9.997740e-01 -1.113256e+01
9.994143e-01 3.224209e-03 -3.406755e-02 1.312161e+01 -3.312364e-03 9.999913e-01 -2.531547e-03 -1.604125e-01 3.405910e-02 2.642909e-03 9.994163e-01 -1.052252e+01
9.997214e-01 -2.140947e-03 2.350611e-02 1.313889e+01 2.008047e-03 9.999819e-01 5.675972e-03 -1.736865e-01 -2.351784e-02 -5.627190e-03 9.997076e-01 -1.009113e+01
9.994005e-01 3.387561e-03 -3.445583e-02 1.316228e+01 -3.487670e-03 9.999899e-01 -2.845759e-03 -1.869500e-01 3.444584e-02 2.964225e-03 9.994022e-01 -9.664948e+00
9.997777e-01 -1.281799e-03 2.104597e-02 1.314302e+01 1.154120e-03 9.999809e-01 6.077701e-03 -2.021917e-01 -2.105336e-02 -6.052061e-03 9.997600e-01 -9.008242e+00
9.993390e-01 3.593389e-03 -3.617633e-02 1.314799e+01 -3.678713e-03 9.999906e-01 -2.292282e-03 -2.198170e-01 3.616776e-02 2.423850e-03 9.993428e-01 -8.269038e+00
9.997808e-01 -1.036800e-03 2.091057e-02 1.313147e+01 9.064264e-04 9.999801e-01 6.243336e-03 -2.379811e-01 -2.091663e-02 -6.223014e-03 9.997619e-01 -7.461279e+00
9.994300e-01 2.677353e-03 -3.365234e-02 1.315854e+01 -2.769159e-03 9.999926e-01 -2.681775e-03 -2.544131e-01 3.364491e-02 2.773436e-03 9.994300e-01 -6.876107e+00
9.997129e-01 -1.764759e-03 2.389361e-02 1.319482e+01 1.637140e-03 9.999843e-01 5.359617e-03 -2.672467e-01 -2.390270e-02 -5.318962e-03 9.997001e-01 -6.522103e+00
9.993697e-01 2.789412e-03 -3.539010e-02 1.323262e+01 -2.889493e-03 9.999920e-01 -2.777111e-03 -2.821761e-01 3.538207e-02 2.877620e-03 9.993697e-01 -6.068089e+00
9.997007e-01 -1.774235e-03 2.439827e-02 1.327810e+01 1.636247e-03 9.999826e-01 5.674460e-03 -2.976784e-01 -2.440791e-02 -5.632841e-03 9.996862e-01 -5.605798e+00
9.993118e-01 3.010762e-03 -3.697106e-02 1.334271e+01 -3.117907e-03 9.999911e-01 -2.840784e-03 -3.148802e-01 3.696217e-02 2.954102e-03 9.993123e-01 -5.102767e+00
9.996755e-01 -2.114212e-03 2.538468e-02 1.339554e+01 1.969222e-03 9.999816e-01 5.735323e-03 -3.306341e-01 -2.539634e-02 -5.683474e-03 9.996613e-01 -4.648562e+00
9.993426e-01 3.481973e-03 -3.608719e-02 1.342825e+01 -3.602527e-03 9.999881e-01 -3.276161e-03 -3.454313e-01 3.607535e-02 3.404013e-03 9.993433e-01 -4.216893e+00
9.996626e-01 -2.716960e-03 2.583132e-02 1.352120e+01 2.572555e-03 9.999809e-01 5.621887e-03 -3.620754e-01 -2.584610e-02 -5.553539e-03 9.996505e-01 -3.814008e+00
9.988880e-01 6.023694e-03 -4.676040e-02 1.337838e+01 -6.224582e-03 9.999720e-01 -4.151690e-03 -3.683601e-01 4.673408e-02 4.438138e-03 9.988975e-01 -2.883758e+00
9.994735e-01 -4.037908e-03 3.219465e-02 1.323317e+01 3.788492e-03 9.999624e-01 7.804335e-03 -3.713912e-01 -3.222496e-02 -7.678257e-03 9.994511e-01 -2.272220e+00
9.991324e-01 4.456551e-03 -4.140815e-02 1.328747e+01 -4.698645e-03 9.999724e-01 -5.751058e-03 -3.839784e-01 4.138138e-02 5.940631e-03 9.991258e-01 -2.002741e+00
9.995700e-01 -2.826427e-03 2.918582e-02 1.329871e+01 2.582668e-03 9.999615e-01 8.386255e-03 -3.980111e-01 -2.920840e-02 -8.307272e-03 9.995388e-01 -1.473000e+00
9.990397e-01 5.389663e-03 -4.348207e-02 1.329147e+01 -5.607007e-03 9.999724e-01 -4.878067e-03 -4.145993e-01 4.345458e-02 5.117187e-03 9.990423e-01 -7.576215e-01
9.995358e-01 -3.787809e-03 3.022857e-02 1.328274e+01 3.555866e-03 9.999639e-01 7.723042e-03 -4.285461e-01 -3.025673e-02 -7.611969e-03 9.995132e-01 -1.759684e-01
9.991736e-01 5.087078e-03 -4.032704e-02 1.329468e+01 -5.271096e-03 9.999762e-01 -4.458128e-03 -4.421725e-01 4.030340e-02 4.667012e-03 9.991766e-01 2.835647e-01
9.995606e-01 -3.798285e-03 2.939832e-02 1.330482e+01 3.574299e-03 9.999642e-01 7.667790e-03 -4.555843e-01 -2.942639e-02 -7.559342e-03 9.995384e-01 7.629899e-01
9.992101e-01 4.933277e-03 -3.943202e-02 1.332478e+01 -5.115278e-03 9.999767e-01 -4.516005e-03 -4.687529e-01 3.940882e-02 4.714145e-03 9.992121e-01 1.177282e+00
9.995131e-01 -4.204016e-03 3.091884e-02 1.335614e+01 3.994130e-03 9.999686e-01 6.846916e-03 -4.806281e-01 -3.094666e-02 -6.720089e-03 9.994984e-01 1.489329e+00
9.992209e-01 5.090127e-03 -3.913713e-02 1.338109e+01 -5.264580e-03 9.999767e-01 -4.355730e-03 -4.924990e-01 3.911404e-02 4.558377e-03 9.992244e-01 1.815363e+00
9.995006e-01 -4.433753e-03 3.128814e-02 1.340108e+01 4.218722e-03 9.999671e-01 6.935287e-03 -5.039737e-01 -3.131786e-02 -6.799828e-03 9.994863e-01 2.115590e+00
9.993128e-01 4.527144e-03 -3.679013e-02 1.345613e+01 -4.725702e-03 9.999747e-01 -5.311868e-03 -5.084759e-01 3.676515e-02 5.482077e-03 9.993089e-01 2.108451e+00
9.996266e-01 -3.611359e-03 2.708562e-02 1.347036e+01 3.408818e-03 9.999659e-01 7.520246e-03 -5.182558e-01 -2.711186e-02 -7.425108e-03 9.996048e-01 2.384077e+00
9.994108e-01 4.649867e-03 -3.400506e-02 1.349651e+01 -4.811934e-03 9.999774e-01 -4.685686e-03 -5.291489e-01 3.398250e-02 4.846556e-03 9.994107e-01 2.663225e+00
9.996784e-01 -4.150579e-03 2.501570e-02 1.397383e+01 4.013308e-03 9.999766e-01 5.535072e-03 -5.346129e-01 -2.503809e-02 -5.432897e-03 9.996717e-01 2.302856e+00
9.994462e-01 4.550263e-03 -3.296270e-02 1.411625e+01 -4.678909e-03 9.999817e-01 -3.826709e-03 -5.438091e-01 3.294468e-02 3.978820e-03 9.994493e-01 2.285922e+00
9.996843e-01 -4.048282e-03 2.479595e-02 1.413680e+01 3.907210e-03 9.999759e-01 5.735127e-03 -5.537966e-01 -2.481857e-02 -5.636434e-03 9.996761e-01 2.522910e+00
9.992728e-01 5.575749e-03 -3.772061e-02 1.414229e+01 -5.720530e-03 9.999767e-01 -3.731425e-03 -5.651639e-01 3.769893e-02 3.944494e-03 9.992814e-01 2.979098e+00
9.997731e-01 -2.605073e-03 2.114092e-02 1.400140e+01 2.458679e-03 9.999728e-01 6.947714e-03 -5.705840e-01 -2.115844e-02 -6.894159e-03 9.997524e-01 3.712929e+00
9.993947e-01 4.631384e-03 -3.448014e-02 1.397704e+01 -4.720032e-03 9.999858e-01 -2.490051e-03 -5.853314e-01 3.446812e-02 2.651292e-03 9.994023e-01 4.362131e+00
9.996737e-01 -3.420148e-03 2.531408e-02 1.401199e+01 3.292619e-03 9.999817e-01 5.077807e-03 -5.983695e-01 -2.533098e-02 -4.992801e-03 9.996667e-01 4.743674e+00
9.992899e-01 5.142137e-03 -3.732656e-02 1.404720e+01 -5.206072e-03 9.999851e-01 -1.615866e-03 -6.133750e-01 3.731769e-02 1.809044e-03 9.993018e-01 5.225621e+00
9.996863e-01 -3.626292e-03 2.478061e-02 1.406221e+01 3.498168e-03 9.999803e-01 5.211731e-03 -6.282811e-01 -2.479902e-02 -5.123410e-03 9.996793e-01 5.763504e+00
9.991102e-01 6.311381e-03 -4.170011e-02 1.400885e+01 -6.445090e-03 9.999745e-01 -3.072794e-03 -6.369594e-01 4.167965e-02 3.338821e-03 9.991254e-01 6.366880e+00
9.995204e-01 -4.299678e-03 3.066710e-02 1.392855e+01 4.084795e-03 9.999667e-01 7.066146e-03 -6.462694e-01 -3.069646e-02 -6.937489e-03 9.995047e-01 6.966957e+00
9.991686e-01 5.322775e-03 -4.042052e-02 1.398040e+01 -5.495531e-03 9.999762e-01 -4.164058e-03 -6.593657e-01 4.039740e-02 4.382729e-03 9.991741e-01 7.311932e+00
9.994975e-01 -4.586635e-03 3.136561e-02 1.404808e+01 4.387974e-03 9.999699e-01 6.399595e-03 -6.714458e-01 -3.139402e-02 -6.258748e-03 9.994875e-01 7.589089e+00
9.991868e-01 5.383562e-03 -3.996015e-02 1.412823e+01 -5.557433e-03 9.999756e-01 -4.241319e-03 -6.832625e-01 3.993634e-02 4.459946e-03 9.991923e-01 7.841869e+00
9.994642e-01 -4.754865e-03 3.238269e-02 1.419022e+01 4.551187e-03 9.999694e-01 6.360492e-03 -6.920824e-01 -3.241194e-02 -6.209705e-03 9.994553e-01 8.004822e+00
9.991250e-01 5.519837e-03 -4.145846e-02 1.422953e+01 -5.727932e-03 9.999716e-01 -4.902261e-03 -6.926231e-01 4.143022e-02 5.135443e-03 9.991282e-01 7.988738e+00
9.993827e-01 -4.972937e-03 3.477722e-02 1.432046e+01 4.723269e-03 9.999625e-01 7.257524e-03 -7.045175e-01 -3.481200e-02 -7.088783e-03 9.993687e-01 8.197253e+00
9.987661e-01 7.300562e-03 -4.912157e-02 1.443046e+01 -7.454346e-03 9.999679e-01 -2.948213e-03 -7.251880e-01 4.909847e-02 3.310745e-03 9.987885e-01 8.808915e+00
9.993587e-01 -5.525560e-03 3.537964e-02 1.452995e+01 5.275072e-03 9.999604e-01 7.169444e-03 -7.459711e-01 -3.541785e-02 -6.978217e-03 9.993482e-01 9.412402e+00
9.988922e-01 6.426418e-03 -4.661634e-02 1.462353e+01 -6.633728e-03 9.999688e-01 -4.293817e-03 -7.627816e-01 4.658729e-02 4.598301e-03 9.989036e-01 9.797576e+00
9.993338e-01 -5.066846e-03 3.614147e-02 1.469766e+01 4.810917e-03 9.999628e-01 7.164777e-03 -7.786467e-01 -3.617643e-02 -6.986131e-03 9.993210e-01 1.020315e+01
9.988755e-01 6.511617e-03 -4.696084e-02 1.475354e+01 -6.670987e-03 9.999725e-01 -3.237761e-03 -7.950276e-01 4.693847e-02 3.547396e-03 9.988915e-01 1.067751e+01
9.991596e-01 -6.059517e-03 4.053960e-02 1.488691e+01 5.849301e-03 9.999688e-01 5.302024e-03 -8.011986e-01 -4.057046e-02 -5.060440e-03 9.991639e-01 1.059580e+01
9.990207e-01 6.438967e-03 -4.377439e-02 1.523716e+01 -6.591551e-03 9.999727e-01 -3.342264e-03 -8.078875e-01 4.375167e-02 3.627532e-03 9.990359e-01 1.041312e+01
9.996722e-01 -4.259150e-03 2.524595e-02 1.539244e+01 4.149393e-03 9.999817e-01 4.398302e-03 -8.158772e-01 -2.526422e-02 -4.292106e-03 9.996716e-01 1.051991e+01
9.989118e-01 8.780600e-03 -4.580610e-02 1.525507e+01 -8.730471e-03 9.999611e-01 1.294309e-03 -8.287031e-01 4.581568e-02 -8.929911e-04 9.989495e-01 1.150994e+01
9.995485e-01 -5.932965e-03 2.945579e-02 1.518833e+01 5.816130e-03 9.999749e-01 4.050539e-03 -8.430697e-01 -2.947909e-02 -3.877392e-03 9.995579e-01 1.225646e+01
9.991127e-01 8.242738e-03 -4.130177e-02 1.526226e+01 -8.289438e-03 9.999652e-01 -9.595695e-04 -8.588206e-01 4.129243e-02 1.301087e-03 9.991463e-01 1.267585e+01
9.995158e-01 -6.946993e-03 3.032862e-02 1.531659e+01 6.869944e-03 9.999729e-01 2.643920e-03 -8.700137e-01 -3.034617e-02 -2.434285e-03 9.995365e-01 1.293736e+01
9.988901e-01 1.039651e-02 -4.593945e-02 1.527505e+01 -1.035699e-02 9.999458e-01 1.098164e-03 -8.855397e-01 4.594838e-02 -6.211500e-04 9.989436e-01 1.375328e+01
9.994842e-01 -6.886147e-03 3.136599e-02 1.523880e+01 6.803426e-03 9.999731e-01 2.743236e-03 -9.016703e-01 -3.138403e-02 -2.528426e-03 9.995042e-01 1.458887e+01
9.989656e-01 9.952270e-03 -4.437095e-02 1.522441e+01 -9.928983e-03 9.999504e-01 7.451797e-04 -9.164093e-01 4.437617e-02 -3.038499e-04 9.990148e-01 1.527096e+01
9.993753e-01 -8.142342e-03 3.439013e-02 1.526421e+01 8.112140e-03 9.999666e-01 1.017653e-03 -9.282462e-01 -3.439726e-02 -7.380405e-04 9.994080e-01 1.561530e+01
9.988001e-01 1.048522e-02 -4.783670e-02 1.522776e+01 -1.045901e-02 9.999450e-01 7.981943e-04 -9.370000e-01 4.784244e-02 -2.969115e-04 9.988549e-01 1.605014e+01
9.993319e-01 -8.087700e-03 3.564100e-02 1.517874e+01 7.977534e-03 9.999630e-01 3.232108e-03 -9.492473e-01 -3.566582e-02 -2.945622e-03 9.993594e-01 1.665960e+01
9.989317e-01 9.844986e-03 -4.515121e-02 1.525035e+01 -9.911821e-03 9.999501e-01 -1.256602e-03 -9.626763e-01 4.513658e-02 1.702791e-03 9.989794e-01 1.701445e+01
9.992836e-01 -9.146073e-03 3.672494e-02 1.539786e+01 9.049084e-03 9.999551e-01 2.806299e-03 -9.731430e-01 -3.674896e-02 -2.471962e-03 9.993215e-01 1.705842e+01
9.990011e-01 8.874538e-03 -4.379445e-02 1.564348e+01 -8.955401e-03 9.999585e-01 -1.650580e-03 -9.773612e-01 4.377799e-02 2.041128e-03 9.990392e-01 1.678345e+01
9.992860e-01 -9.044113e-03 3.668487e-02 1.605280e+01 8.943866e-03 9.999558e-01 2.895845e-03 -9.765307e-01 -3.670944e-02 -2.565673e-03 9.993227e-01 1.626846e+01
9.990199e-01 8.219417e-03 -4.349240e-02 1.636224e+01 -8.291227e-03 9.999645e-01 -1.470970e-03 -9.801548e-01 4.347877e-02 1.830134e-03 9.990527e-01 1.591167e+01
9.993893e-01 -7.067432e-03 3.422093e-02 1.647528e+01 6.952159e-03 9.999698e-01 3.486275e-03 -9.915097e-01 -3.424453e-02 -3.246237e-03 9.994082e-01 1.606754e+01
9.990799e-01 6.957994e-03 -4.231984e-02 1.674592e+01 -7.056011e-03 9.999728e-01 -2.167187e-03 -9.981994e-01 4.230360e-02 2.463803e-03 9.991018e-01 1.584309e+01
9.993704e-01 -7.435287e-03 3.469310e-02 1.717911e+01 7.322881e-03 9.999675e-01 3.365941e-03 -9.984881e-01 -3.471700e-02 -3.109769e-03 9.993923e-01 1.535373e+01
9.989560e-01 7.314908e-03 -4.509430e-02 1.738811e+01 -7.350749e-03 9.999728e-01 -6.290285e-04 -1.009646e+00 4.508847e-02 9.598491e-04 9.989825e-01 1.539490e+01
9.994651e-01 -5.977452e-03 3.215284e-02 1.759749e+01 5.876810e-03 9.999775e-01 3.223707e-03 -1.024000e+00 -3.217139e-02 -3.033027e-03 9.994778e-01 1.548155e+01
9.992314e-01 5.603063e-03 -3.879736e-02 1.774530e+01 -5.663091e-03 9.999829e-01 -1.437494e-03 -1.031168e+00 3.878865e-02 1.656103e-03 9.992461e-01 1.540880e+01
9.995554e-01 -4.118344e-03 2.952958e-02 1.784351e+01 4.036484e-03 9.999878e-01 2.831202e-03 -1.043465e+00 -2.954088e-02 -2.710749e-03 9.995599e-01 1.564842e+01
9.992499e-01 4.543287e-03 -3.845784e-02 1.807160e+01 -4.612331e-03 9.999879e-01 -1.706798e-03 -1.048526e+00 3.844962e-02 1.882898e-03 9.992588e-01 1.542186e+01
9.994854e-01 -4.649441e-03 3.173816e-02 1.826193e+01 4.545079e-03 9.999840e-01 3.359544e-03 -1.048972e+00 -3.175327e-02 -3.213563e-03 9.994906e-01 1.515454e+01
9.992418e-01 4.963558e-03 -3.861618e-02 1.850924e+01 -5.071096e-03 9.999835e-01 -2.687359e-03 -1.059366e+00 3.860221e-02 2.881148e-03 9.992505e-01 1.507402e+01
9.995255e-01 -5.293054e-03 3.034409e-02 1.882173e+01 5.186586e-03 9.999801e-01 3.586310e-03 -1.065662e+00 -3.036247e-02 -3.427226e-03 9.995331e-01 1.477679e+01
9.992824e-01 4.726894e-03 -3.758112e-02 1.916524e+01 -4.835622e-03 9.999844e-01 -2.802796e-03 -1.070591e+00 3.756728e-02 2.982513e-03 9.992896e-01 1.442695e+01
9.996039e-01 -4.511781e-03 2.777916e-02 1.935976e+01 4.411208e-03 9.999835e-01 3.680669e-03 -1.078643e+00 -2.779531e-02 -3.556671e-03 9.996073e-01 1.433471e+01
9.992617e-01 6.426946e-03 -3.787692e-02 1.943860e+01 -6.515636e-03 9.999763e-01 -2.218586e-03 -1.069946e+00 3.786176e-02 2.463741e-03 9.992799e-01 1.403679e+01
9.995648e-01 -4.713962e-03 2.912168e-02 1.961686e+01 4.555128e-03 9.999744e-01 5.518065e-03 -1.054337e+00 -2.914694e-02 -5.383010e-03 9.995606e-01 1.349895e+01
9.993424e-01 5.024376e-03 -3.590966e-02 1.969922e+01 -5.165554e-03 9.999793e-01 -3.839783e-03 -1.054945e+00 3.588963e-02 4.022752e-03 9.993477e-01 1.336000e+01
9.997403e-01 -3.976099e-03 2.243862e-02 1.982698e+01 3.855244e-03 9.999778e-01 5.426709e-03 -1.061311e+00 -2.245970e-02 -5.338793e-03 9.997335e-01 1.330210e+01
9.995218e-01 4.582417e-03 -3.058115e-02 2.006616e+01 -4.688910e-03 9.999832e-01 -3.411508e-03 -1.053584e+00 3.056500e-02 3.553269e-03 9.995265e-01 1.282663e+01
9.997540e-01 -3.682657e-03 2.186990e-02 2.037652e+01 3.566282e-03 9.999793e-01 5.357841e-03 -1.046436e+00 -2.188918e-02 -5.278529e-03 9.997465e-01 1.228975e+01
9.994627e-01 4.508866e-03 -3.246551e-02 2.066485e+01 -4.607909e-03 9.999850e-01 -2.976542e-03 -1.039784e+00 3.245161e-02 3.124541e-03 9.994684e-01 1.174004e+01
9.997243e-01 -5.244129e-03 2.288608e-02 2.102937e+01 5.146291e-03 9.999774e-01 4.331778e-03 -1.048300e+00 -2.290828e-02 -4.212806e-03 9.997287e-01 1.147035e+01
9.993674e-01 6.431440e-03 -3.497822e-02 2.124984e+01 -6.541428e-03 9.999740e-01 -3.030961e-03 -1.047350e+00 3.495782e-02 3.257852e-03 9.993835e-01 1.110224e+01
9.996634e-01 -5.195145e-03 2.541870e-02 2.146417e+01 5.056843e-03 9.999721e-01 5.502207e-03 -1.035634e+00 -2.544657e-02 -5.371817e-03 9.996618e-01 1.057445e+01
9.993505e-01 6.458544e-03 -3.545094e-02 2.169206e+01 -6.575988e-03 9.999733e-01 -3.197281e-03 -1.023967e+00 3.542934e-02 3.428330e-03 9.993663e-01 1.003411e+01
9.996419e-01 -5.078266e-03 2.627269e-02 2.180732e+01 4.923176e-03 9.999701e-01 5.964370e-03 -1.011410e+00 -2.630220e-02 -5.832889e-03 9.996370e-01 9.613611e+00
9.993434e-01 5.876021e-03 -3.575315e-02 2.194479e+01 -6.037466e-03 9.999721e-01 -4.409271e-03 -1.012909e+00 3.572624e-02 4.622235e-03 9.993509e-01 9.419661e+00
9.996390e-01 -4.565710e-03 2.647624e-02 2.204199e+01 4.380678e-03 9.999656e-01 7.042357e-03 -1.001054e+00 -2.650749e-02 -6.923831e-03 9.996246e-01 9.035849e+00
9.993640e-01 5.464032e-03 -3.523862e-02 2.223117e+01 -5.631712e-03 9.999733e-01 -4.660937e-03 -9.943293e-01 3.521221e-02 4.856426e-03 9.993681e-01 8.632232e+00
9.996135e-01 -4.910609e-03 2.736251e-02 2.250635e+01 4.722035e-03 9.999647e-01 6.952041e-03 -9.857788e-01 -2.739568e-02 -6.820147e-03 9.996014e-01 8.106131e+00
9.993449e-01 5.879080e-03 -3.571121e-02 2.271518e+01 -6.047140e-03 9.999711e-01 -4.599929e-03 -9.769910e-01 3.568313e-02 4.812866e-03 9.993516e-01 7.639460e+00
9.995994e-01 -5.104011e-03 2.783997e-02 2.293837e+01 4.912914e-03 9.999639e-01 6.928187e-03 -9.687839e-01 -2.787432e-02 -6.788637e-03 9.995884e-01 7.174861e+00
9.993128e-01 6.090673e-03 -3.656199e-02 2.311969e+01 -6.257237e-03 9.999706e-01 -4.442969e-03 -9.610324e-01 3.653385e-02 4.668693e-03 9.993215e-01 6.754037e+00
9.995089e-01 -6.365238e-03 3.068152e-02 2.340824e+01 6.177231e-03 9.999616e-01 6.218561e-03 -9.610766e-01 -3.071992e-02 -6.025981e-03 9.995099e-01 6.388746e+00
9.992168e-01 5.549700e-03 -3.917812e-02 2.378420e+01 -5.747462e-03 9.999713e-01 -4.936968e-03 -9.679476e-01 3.914959e-02 5.158277e-03 9.992200e-01 6.063159e+00
9.995244e-01 -5.932962e-03 3.026179e-02 2.403091e+01 5.742895e-03 9.999633e-01 6.363812e-03 -9.744708e-01 -3.029844e-02 -6.186995e-03 9.995217e-01 5.831659e+00
9.992273e-01 5.989719e-03 -3.884432e-02 2.427606e+01 -6.191113e-03 9.999680e-01 -5.066435e-03 -9.767269e-01 3.881273e-02 5.303010e-03 9.992324e-01 5.501827e+00
9.995015e-01 -6.057573e-03 3.098416e-02 2.451576e+01 5.865616e-03 9.999631e-01 6.282462e-03 -9.777716e-01 -3.102108e-02 -6.097589e-03 9.995001e-01 5.173757e+00
9.992017e-01 6.363451e-03 -3.944025e-02 2.479146e+01 -6.561070e-03 9.999666e-01 -4.883187e-03 -9.748851e-01 3.940785e-02 5.138059e-03 9.992100e-01 4.735890e+00
9.994673e-01 -5.931160e-03 3.209305e-02 2.509994e+01 5.722002e-03 9.999618e-01 6.605150e-03 -9.677397e-01 -3.213100e-02 -6.417995e-03 9.994631e-01 4.210273e+00
9.991803e-01 6.123586e-03 -4.001553e-02 2.543606e+01 -6.327163e-03 9.999677e-01 -4.962793e-03 -9.622911e-01 3.998385e-02 5.211910e-03 9.991867e-01 3.686804e+00
9.994372e-01 -6.618905e-03 3.288591e-02 2.579594e+01 6.411487e-03 9.999589e-01 6.408644e-03 -9.612766e-01 -3.292698e-02 -6.194190e-03 9.994386e-01 3.218896e+00
9.991771e-01 6.302547e-03 -4.006749e-02 2.608665e+01 -6.509380e-03 9.999661e-01 -5.033783e-03 -9.617136e-01 4.003441e-02 5.290455e-03 9.991843e-01 2.822096e+00
9.994253e-01 -6.507382e-03 3.326824e-02 2.633160e+01 6.299694e-03 9.999600e-01 6.343827e-03 -9.619813e-01 -3.330819e-02 -6.130601e-03 9.994263e-01 2.477614e+00
9.991905e-01 6.124968e-03 -3.976027e-02 2.656862e+01 -6.335594e-03 9.999665e-01 -5.173589e-03 -9.622007e-01 3.972725e-02 5.421306e-03 9.991959e-01 2.143290e+00
9.994635e-01 -6.216510e-03 3.215772e-02 2.682052e+01 6.015326e-03 9.999618e-01 6.349126e-03 -9.626817e-01 -3.219596e-02 -6.152280e-03 9.994626e-01 1.785733e+00
9.992291e-01 6.059394e-03 -3.878745e-02 2.706020e+01 -6.256657e-03 9.999681e-01 -4.966410e-03 -9.625150e-01 3.875612e-02 5.205261e-03 9.992351e-01 1.438989e+00
9.994590e-01 -6.006952e-03 3.233531e-02 2.725714e+01 5.799726e-03 9.999621e-01 6.498613e-03 -9.609902e-01 -3.237312e-02 -6.307562e-03 9.994560e-01 1.123258e+00
9.992174e-01 6.078615e-03 -3.908591e-02 2.745630e+01 -6.277841e-03 9.999679e-01 -4.976424e-03 -9.600870e-01 3.905440e-02 5.217904e-03 9.992235e-01 8.109736e-01
9.994674e-01 -6.051496e-03 3.206742e-02 2.764080e+01 5.844769e-03 9.999616e-01 6.536449e-03 -9.595224e-01 -3.210575e-02 -6.345541e-03 9.994643e-01 5.103378e-01
9.991846e-01 6.343365e-03 -3.987278e-02 2.777777e+01 -6.544042e-03 9.999666e-01 -4.904466e-03 -9.615938e-01 3.984033e-02 5.161396e-03 9.991927e-01 3.010615e-01
9.994224e-01 -6.241940e-03 3.340503e-02 2.793365e+01 6.031212e-03 9.999613e-01 6.405309e-03 -9.615698e-01 -3.344372e-02 -6.200137e-03 9.994214e-01 5.138523e-02
9.992006e-01 6.448511e-03 -3.945385e-02 2.814611e+01 -6.647816e-03 9.999658e-01 -4.922518e-03 -9.593041e-01 3.942076e-02 5.180865e-03 9.992093e-01 -2.817954e-01
9.994668e-01 -6.535042e-03 3.198930e-02 2.846902e+01 6.332957e-03 9.999594e-01 6.414498e-03 -9.562262e-01 -3.202992e-02 -6.208492e-03 9.994676e-01 -7.479989e-01
9.992166e-01 6.456140e-03 -3.904493e-02 2.877493e+01 -6.651035e-03 9.999661e-01 -4.863744e-03 -9.541869e-01 3.901220e-02 5.119623e-03 9.992256e-01 -1.190955e+00
9.994465e-01 -6.618201e-03 3.260094e-02 2.901705e+01 6.414245e-03 9.999592e-01 6.356735e-03 -9.541064e-01 -3.264168e-02 -6.144106e-03 9.994482e-01 -1.527224e+00
