9.999926e-01 1.163961e-03 -3.678850e-03 -4.382277e-02 -1.165801e-03 9.999992e-01 -4.978732e-04 -4.183881e-03 3.678267e-03 5.021576e-04 9.999931e-01 1.103189e-01
9.999988e-01 1.213392e-05 1.554494e-03 -1.276194e-01 -1.192586e-05 1.000000e+00 -1.338349e-04 -6.959199e-03 -1.554496e-03 1.338169e-04 9.999988e-01 2.672876e-01
9.999881e-01 9.552770e-04 -4.793429e-03 -1.234215e-01 -9.590229e-04 9.999992e-01 -7.792318e-04 -1.160228e-02 4.792681e-03 7.838188e-04 9.999882e-01 2.514012e-01
9.999999e-01 -2.068774e-05 -4.550604e-04 -1.131322e-01 2.085749e-05 9.999999e-01 3.729727e-04 -1.890685e-02 4.550530e-04 -3.729814e-04 9.999998e-01 3.067004e-01
9.999902e-01 9.588475e-04 -4.318903e-03 -1.344408e-01 -9.600604e-04 9.999995e-01 -2.787732e-04 -2.723729e-02 4.318634e-03 2.829162e-04 9.999906e-01 5.103905e-01
1.000000e+00 5.852077e-05 -2.071524e-04 -1.521582e-01 -5.846975e-05 1.000000e+00 2.461402e-04 -3.560367e-02 2.071671e-04 -2.461274e-04 9.999999e-01 7.001867e-01
9.999905e-01 9.350895e-04 -4.257894e-03 -1.702894e-01 -9.369856e-04 9.999995e-01 -4.433363e-04 -4.329453e-02 4.257477e-03 4.473210e-04 9.999908e-01 8.440970e-01
9.999999e-01 1.044103e-04 -3.855636e-04 -1.916353e-01 -1.042218e-04 9.999999e-01 4.887842e-04 -5.126650e-02 3.856149e-04 -4.887433e-04 9.999998e-01 1.034956e+00
9.999930e-01 8.700445e-04 -3.644010e-03 -2.222010e-01 -8.716288e-04 9.999995e-01 -4.332081e-04 -5.917037e-02 3.643631e-03 4.363806e-04 9.999933e-01 1.238473e+00
1.000000e+00 2.230148e-04 -5.427509e-05 -2.641008e-01 -2.229989e-04 9.999999e-01 2.925145e-04 -6.607678e-02 5.434066e-05 -2.925017e-04 1.000000e+00 1.431903e+00
9.999931e-01 8.666545e-04 -3.605439e-03 -2.958595e-01 -8.697107e-04 9.999993e-01 -8.461879e-04 -7.087607e-02 3.604703e-03 8.493170e-04 9.999931e-01 1.502590e+00
9.999996e-01 6.664401e-05 8.993076e-04 -3.076397e-01 -6.658163e-05 1.000000e+00 -6.934527e-05 -7.485463e-02 -8.993119e-04 6.928608e-05 9.999996e-01 1.496945e+00
9.999984e-01 1.488720e-03 1.011533e-03 -4.976817e-01 -1.488039e-03 9.999987e-01 -6.742275e-04 -7.002720e-02 -1.012536e-03 6.727205e-04 9.999993e-01 1.671646e+00
9.999990e-01 -4.767331e-05 -1.425298e-03 -6.481838e-01 4.846920e-05 9.999998e-01 5.583393e-04 -6.958010e-02 1.425272e-03 -5.584071e-04 9.999988e-01 1.921627e+00
9.999845e-01 2.000141e-03 5.188060e-03 -9.105505e-01 -1.992200e-03 9.999968e-01 -1.535494e-03 -6.684460e-02 -5.191115e-03 1.525134e-03 9.999854e-01 2.304841e+00
9.999971e-01 2.337274e-04 2.376396e-03 -1.291770e+00 -2.358390e-04 9.999996e-01 8.883424e-04 -5.762753e-02 -2.376187e-03 -8.888996e-04 9.999968e-01 2.794614e+00
9.999988e-01 1.452599e-03 5.385301e-04 -1.496515e+00 -1.451635e-03 9.999974e-01 -1.786484e-03 -5.717968e-02 -5.411241e-04 1.785699e-03 9.999983e-01 3.093035e+00
9.999907e-01 -4.638084e-04 -4.296536e-03 -1.495328e+00 4.686393e-04 9.999993e-01 1.123416e-03 -6.308064e-02 4.296012e-03 -1.125418e-03 9.999901e-01 3.122745e+00
9.999680e-01 2.224280e-03 7.680480e-03 -1.711952e+00 -2.203288e-03 9.999938e-01 -2.740542e-03 -5.891763e-02 -7.686529e-03 2.723531e-03 9.999667e-01 3.332347e+00
9.999537e-01 -1.018548e-03 -9.565979e-03 -1.748141e+00 1.036237e-03 9.999978e-01 1.844375e-03 -6.217015e-02 9.564079e-03 -1.854201e-03 9.999525e-01 3.368837e+00
9.999688e-01 2.082336e-03 7.624090e-03 -1.775786e+00 -2.060258e-03 9.999937e-01 -2.902542e-03 -6.470985e-02 -7.630086e-03 2.886743e-03 9.999667e-01 3.375027e+00
9.999597e-01 -7.518471e-04 -8.948682e-03 -1.835354e+00 7.690018e-04 9.999979e-01 1.913718e-03 -6.679493e-02 8.947224e-03 -1.920522e-03 9.999581e-01 3.431116e+00
9.999899e-01 1.609191e-03 4.184651e-03 -1.809570e+00 -1.598512e-03 9.999955e-01 -2.554041e-03 -7.351642e-02 -4.188743e-03 2.547326e-03 9.999880e-01 3.440778e+00
9.999690e-01 -3.813676e-04 -7.864180e-03 -1.871134e+00 3.988314e-04 9.999975e-01 2.219220e-03 -7.810727e-02 7.863314e-03 -2.222287e-03 9.999666e-01 3.618354e+00
9.999877e-01 1.601568e-03 4.691575e-03 -1.918938e+00 -1.588289e-03 9.999947e-01 -2.832762e-03 -8.329441e-02 -4.696087e-03 2.825274e-03 9.999850e-01 3.789057e+00
9.999448e-01 -7.292109e-04 -1.048481e-02 -1.901367e+00 7.569264e-04 9.999962e-01 2.639662e-03 -9.264675e-02 1.048284e-02 -2.647452e-03 9.999415e-01 3.922773e+00
9.999854e-01 1.602957e-03 5.152695e-03 -1.877519e+00 -1.586483e-03 9.999936e-01 -3.199653e-03 -9.996131e-02 -5.157791e-03 3.191431e-03 9.999816e-01 3.959985e+00
9.999402e-01 -5.620448e-04 -1.092042e-02 -1.742493e+00 5.918829e-04 9.999961e-01 2.729278e-03 -1.081305e-01 1.091884e-02 -2.735577e-03 9.999366e-01 3.858006e+00
9.999816e-01 1.525951e-03 5.877004e-03 -1.627832e+00 -1.506063e-03 9.999931e-01 -3.387061e-03 -1.154626e-01 -5.882133e-03 3.378147e-03 9.999770e-01 3.775472e+00
9.999354e-01 -7.217010e-04 -1.134511e-02 -1.464083e+00 7.537946e-04 9.999957e-01 2.824815e-03 -1.234550e-01 1.134303e-02 -2.833183e-03 9.999317e-01 3.644237e+00
9.999818e-01 1.597777e-03 5.817792e-03 -1.387441e+00 -1.577780e-03 9.999928e-01 -3.440326e-03 -1.306606e-01 -5.823247e-03 3.431084e-03 9.999772e-01 3.591471e+00
9.999379e-01 -7.609930e-04 -1.111949e-02 -1.318747e+00 7.928140e-04 9.999956e-01 2.857595e-03 -1.376730e-01 1.111726e-02 -2.866233e-03 9.999341e-01 3.538375e+00
9.999761e-01 1.735619e-03 6.697196e-03 -1.257656e+00 -1.711238e-03 9.999919e-01 -3.644445e-03 -1.432053e-01 -6.703467e-03 3.632896e-03 9.999709e-01 3.473052e+00
9.999430e-01 -5.692174e-04 -1.066593e-02 -1.181923e+00 5.996635e-04 9.999958e-01 2.851534e-03 -1.487378e-01 1.066426e-02 -2.857767e-03 9.999391e-01 3.391395e+00
9.999784e-01 1.810121e-03 6.323926e-03 -1.038105e+00 -1.788802e-03 9.999927e-01 -3.375197e-03 -1.553608e-01 -6.329990e-03 3.363811e-03 9.999743e-01 3.252495e+00
9.999465e-01 -6.754467e-04 -1.032083e-02 -9.432564e-01 7.021759e-04 9.999964e-01 2.586421e-03 -1.609997e-01 1.031904e-02 -2.593529e-03 9.999434e-01 3.153128e+00
9.999800e-01 1.820778e-03 6.051140e-03 -8.470851e-01 -1.800954e-03 9.999930e-01 -3.279990e-03 -1.670498e-01 -6.057070e-03 3.269026e-03 9.999763e-01 3.056743e+00
9.999344e-01 -8.573743e-04 -1.142538e-02 -8.096600e-01 8.873118e-04 9.999962e-01 2.615438e-03 -1.735971e-01 1.142310e-02 -2.625404e-03 9.999313e-01 3.057863e+00
9.999815e-01 1.845005e-03 5.790151e-03 -7.960033e-01 -1.828683e-03 9.999943e-01 -2.822948e-03 -1.827541e-01 -5.795327e-03 2.812306e-03 9.999793e-01 3.184587e+00
9.999449e-01 -9.574131e-04 -1.045420e-02 -7.893465e-01 9.805887e-04 9.999971e-01 2.211962e-03 -1.896333e-01 1.045205e-02 -2.222091e-03 9.999429e-01 3.227394e+00
9.999773e-01 1.974469e-03 6.441481e-03 -8.011983e-01 -1.955885e-03 9.999939e-01 -2.890186e-03 -1.945682e-01 -6.447149e-03 2.877521e-03 9.999751e-01 3.254102e+00
9.999237e-01 -1.199374e-03 -1.229154e-02 -7.738822e-01 1.229495e-03 9.999963e-01 2.443321e-03 -2.029054e-01 1.228857e-02 -2.458247e-03 9.999215e-01 3.304500e+00
9.999764e-01 1.965285e-03 6.579537e-03 -7.395567e-01 -1.945919e-03 9.999938e-01 -2.948490e-03 -2.103673e-01 -6.585291e-03 2.935617e-03 9.999740e-01 3.313534e+00
9.999392e-01 -1.118076e-03 -1.096966e-02 -7.214738e-01 1.142258e-03 9.999969e-01 2.198384e-03 -2.160302e-01 1.096717e-02 -2.210780e-03 9.999374e-01 3.309725e+00
9.999674e-01 2.292412e-03 7.741601e-03 -7.638337e-01 -2.272346e-03 9.999940e-01 -2.599820e-03 -2.215267e-01 -7.747515e-03 2.582143e-03 9.999667e-01 3.444655e+00
9.999294e-01 -1.302851e-03 -1.181362e-02 -7.714045e-01 1.326609e-03 9.999971e-01 2.003468e-03 -2.277418e-01 1.181098e-02 -2.018998e-03 9.999282e-01 3.508902e+00
9.999667e-01 2.211492e-03 7.850607e-03 -7.246770e-01 -2.189241e-03 9.999936e-01 -2.841804e-03 -2.331820e-01 -7.856841e-03 2.824522e-03 9.999651e-01 3.460937e+00
9.999159e-01 -1.405276e-03 -1.289432e-02 -6.439610e-01 1.432228e-03 9.999968e-01 2.081186e-03 -2.394494e-01 1.289135e-02 -2.099478e-03 9.999147e-01 3.383702e+00
9.999622e-01 2.328516e-03 8.378339e-03 -5.850216e-01 -2.304223e-03 9.999931e-01 -2.908027e-03 -2.453030e-01 -8.385053e-03 2.888611e-03 9.999607e-01 3.324763e+00
9.999239e-01 -1.007745e-03 -1.229417e-02 -4.651393e-01 1.036402e-03 9.999968e-01 2.324760e-03 -2.511264e-01 1.229179e-02 -2.337324e-03 9.999217e-01 3.189436e+00
9.999582e-01 2.265454e-03 8.859727e-03 -3.689018e-01 -2.236605e-03 9.999922e-01 -3.264770e-03 -2.558731e-01 -8.867054e-03 3.244817e-03 9.999554e-01 3.071931e+00
9.999175e-01 -1.069849e-03 -1.280370e-02 -2.602503e-01 1.100553e-03 9.999965e-01 2.391284e-03 -2.617426e-01 1.280110e-02 -2.405177e-03 9.999152e-01 2.960450e+00
9.999681e-01 2.198438e-03 7.678672e-03 8.527717e-03 -2.179488e-03 9.999946e-01 -2.475381e-03 -2.705748e-01 -7.684073e-03 2.458566e-03 9.999675e-01 2.721398e+00
9.999166e-01 -1.236417e-03 -1.285246e-02 2.025747e-01 1.264132e-03 9.999969e-01 2.148499e-03 -2.793283e-01 1.284976e-02 -2.164567e-03 9.999151e-01 2.559765e+00
9.999836e-01 2.868094e-03 4.948424e-03 6.010035e-01 -2.863029e-03 9.999954e-01 -1.030353e-03 -2.924887e-01 -4.951356e-03 1.016168e-03 9.999872e-01 2.221976e+00
9.999541e-01 -1.660987e-03 -9.432539e-03 1.045951e+00 1.672221e-03 9.999979e-01 1.183240e-03 -3.030847e-01 9.430554e-03 -1.198958e-03 9.999548e-01 1.848344e+00
9.999884e-01 2.828916e-03 3.891681e-03 1.278954e+00 -2.824674e-03 9.999954e-01 -1.095196e-03 -3.121670e-01 -3.894761e-03 1.084189e-03 9.999918e-01 1.648309e+00
9.999516e-01 -2.193217e-03 -9.593553e-03 1.394357e+00 2.198481e-03 9.999974e-01 5.381458e-04 -3.192471e-01 9.592348e-03 -5.592103e-04 9.999538e-01 1.535407e+00
9.999836e-01 3.245660e-03 4.726960e-03 1.535333e+00 -3.239945e-03 9.999940e-01 -1.216087e-03 -3.264158e-01 -4.730879e-03 1.200751e-03 9.999881e-01 1.410450e+00
9.999348e-01 -2.185572e-03 -1.120597e-02 1.711221e+00 2.200106e-03 9.999968e-01 1.284860e-03 -3.357466e-01 1.120313e-02 -1.309430e-03 9.999364e-01 1.262615e+00
9.999752e-01 3.146461e-03 6.296424e-03 1.907610e+00 -3.136189e-03 9.999937e-01 -1.640521e-03 -3.442194e-01 -6.301547e-03 1.620733e-03 9.999788e-01 1.090488e+00
9.999294e-01 -2.111419e-03 -1.169721e-02 2.045458e+00 2.125498e-03 9.999970e-01 1.191318e-03 -3.523155e-01 1.169466e-02 -1.216096e-03 9.999309e-01 9.756376e-01
9.999778e-01 3.432628e-03 5.713522e-03 2.255640e+00 -3.427345e-03 9.999937e-01 -9.342209e-04 -3.618595e-01 -5.716693e-03 9.146172e-04 9.999832e-01 7.924485e-01
9.999371e-01 -2.123500e-03 -1.101470e-02 2.542197e+00 2.134863e-03 9.999972e-01 1.019965e-03 -3.715498e-01 1.101250e-02 -1.043415e-03 9.999388e-01 5.401996e-01
9.999792e-01 2.903406e-03 5.764397e-03 2.676856e+00 -2.894265e-03 9.999945e-01 -1.593413e-03 -3.788768e-01 -5.768992e-03 1.576695e-03 9.999821e-01 4.196777e-01
9.999488e-01 -1.821491e-03 -9.955845e-03 2.659303e+00 1.829432e-03 9.999980e-01 7.885711e-04 -3.833251e-01 9.954389e-03 -8.067436e-04 9.999501e-01 4.632692e-01
9.999880e-01 2.705837e-03 4.095119e-03 2.744403e+00 -2.700563e-03 9.999955e-01 -1.292748e-03 -3.912072e-01 -4.098599e-03 1.281673e-03 9.999908e-01 4.107133e-01
9.999490e-01 -1.368565e-03 -1.000162e-02 2.925303e+00 1.382375e-03 9.999981e-01 1.373902e-03 -4.002690e-01 9.999725e-03 -1.387658e-03 9.999490e-01 2.637479e-01
9.999828e-01 2.600553e-03 5.251267e-03 3.108886e+00 -2.592701e-03 9.999955e-01 -1.501541e-03 -4.084198e-01 -5.255149e-03 1.487899e-03 9.999851e-01 9.236495e-02
9.999492e-01 -1.337633e-03 -9.995179e-03 3.275330e+00 1.348845e-03 9.999985e-01 1.115060e-03 -4.158680e-01 9.993673e-03 -1.128485e-03 9.999494e-01 -7.054737e-02
9.999839e-01 2.191761e-03 5.231334e-03 3.405980e+00 -2.182556e-03 9.999961e-01 -1.764545e-03 -4.231290e-01 -5.235181e-03 1.753098e-03 9.999848e-01 -1.873668e-01
9.999360e-01 -1.451219e-03 -1.122434e-02 3.480363e+00 1.465109e-03 9.999982e-01 1.229396e-03 -4.306917e-01 1.122254e-02 -1.245762e-03 9.999362e-01 -2.450521e-01
9.999827e-01 2.328568e-03 5.407828e-03 3.584392e+00 -2.320277e-03 9.999961e-01 -1.538914e-03 -4.385144e-01 -5.411390e-03 1.526338e-03 9.999842e-01 -3.355878e-01
9.999461e-01 -1.339661e-03 -1.029817e-02 3.669286e+00 1.349454e-03 9.999986e-01 9.440866e-04 -4.449384e-01 1.029689e-02 -9.579318e-04 9.999465e-01 -4.231585e-01
9.999729e-01 2.897979e-03 6.773526e-03 3.852630e+00 -2.890004e-03 9.999951e-01 -1.186901e-03 -4.521520e-01 -6.776933e-03 1.167292e-03 9.999764e-01 -5.855329e-01
9.999487e-01 -1.489401e-03 -1.001999e-02 4.098403e+00 1.495027e-03 9.999987e-01 5.540074e-04 -4.595100e-01 1.001915e-02 -5.689584e-04 9.999496e-01 -8.056146e-01
9.999827e-01 2.598018e-03 5.276675e-03 4.214273e+00 -2.592214e-03 9.999960e-01 -1.106406e-03 -4.664423e-01 -5.279529e-03 1.092708e-03 9.999855e-01 -9.122520e-01
9.999447e-01 -1.479253e-03 -1.041046e-02 4.347197e+00 1.486064e-03 9.999987e-01 6.465973e-04 -4.740942e-01 1.040949e-02 -6.620315e-04 9.999456e-01 -1.029396e+00
9.999873e-01 2.539974e-03 4.352496e-03 4.561255e+00 -2.537855e-03 9.999967e-01 -4.922604e-04 -4.834179e-01 -4.353732e-03 4.812074e-04 9.999904e-01 -1.215151e+00
9.999147e-01 -1.179277e-03 -1.300583e-02 5.244898e+00 1.205416e-03 9.999973e-01 2.002087e-03 -4.987051e-01 1.300344e-02 -2.017593e-03 9.999134e-01 -1.784339e+00
9.999683e-01 1.722228e-03 7.773232e-03 5.803467e+00 -1.710802e-03 9.999974e-01 -1.476335e-03 -5.121103e-01 -7.775755e-03 1.462989e-03 9.999687e-01 -2.220383e+00
9.998892e-01 -1.106340e-03 -1.484210e-02 5.881576e+00 1.122102e-03 9.999988e-01 1.053718e-03 -5.204851e-01 1.484092e-02 -1.070255e-03 9.998893e-01 -2.257694e+00
9.999626e-01 1.941340e-03 8.433649e-03 5.966033e+00 -1.929246e-03 9.999971e-01 -1.441995e-03 -5.285196e-01 -8.436425e-03 1.425670e-03 9.999634e-01 -2.312885e+00
9.998939e-01 -1.214108e-03 -1.451758e-02 6.058678e+00 1.227401e-03 9.999988e-01 9.067850e-04 -5.362487e-01 1.451646e-02 -9.245070e-04 9.998942e-01 -2.378706e+00
9.999597e-01 1.985711e-03 8.757625e-03 6.174193e+00 -1.974083e-03 9.999972e-01 -1.336227e-03 -5.442028e-01 -8.760254e-03 1.318884e-03 9.999608e-01 -2.466921e+00
9.998991e-01 -1.135345e-03 -1.416298e-02 6.251163e+00 1.145845e-03 9.999991e-01 7.332429e-04 -5.510431e-01 1.416213e-02 -7.493967e-04 9.998994e-01 -2.526006e+00
9.999549e-01 2.063119e-03 9.271514e-03 6.247654e+00 -2.050328e-03 9.999969e-01 -1.388893e-03 -5.572867e-01 -9.274352e-03 1.369820e-03 9.999561e-01 -2.468243e+00
9.998670e-01 -1.466080e-03 -1.624398e-02 6.315511e+00 1.483690e-03 9.999983e-01 1.072047e-03 -5.658600e-01 1.624239e-02 -1.096004e-03 9.998675e-01 -2.503224e+00
9.999200e-01 2.828947e-03 1.233091e-02 6.245234e+00 -2.809403e-03 9.999948e-01 -1.602068e-03 -5.691384e-01 -1.233538e-02 1.567297e-03 9.999227e-01 -2.329497e+00
9.998578e-01 -1.660961e-03 -1.678193e-02 6.201508e+00 1.677823e-03 9.999981e-01 9.907147e-04 -5.742053e-01 1.678025e-02 -1.018730e-03 9.998587e-01 -2.170642e+00
9.999247e-01 2.480661e-03 1.202190e-02 6.235996e+00 -2.459934e-03 9.999955e-01 -1.738591e-03 -5.803265e-01 -1.202616e-02 1.708886e-03 9.999262e-01 -2.188581e+00
9.998639e-01 -1.365280e-03 -1.644270e-02 6.359580e+00 1.388951e-03 9.999980e-01 1.428220e-03 -5.873136e-01 1.644072e-02 -1.450862e-03 9.998638e-01 -2.336809e+00
9.998628e-01 3.469557e-03 1.619983e-02 6.510480e+00 -3.427703e-03 9.999907e-01 -2.610648e-03 -5.899413e-01 -1.620874e-02 2.554760e-03 9.998654e-01 -2.564487e+00
9.998249e-01 -1.679664e-03 -1.863834e-02 6.688844e+00 1.716402e-03 9.999966e-01 1.955225e-03 -5.967287e-01 1.863500e-02 -1.986872e-03 9.998244e-01 -2.775366e+00
9.999297e-01 2.376881e-03 1.162011e-02 6.796787e+00 -2.348362e-03 9.999942e-01 -2.467362e-03 -6.047289e-01 -1.162591e-02 2.439899e-03 9.999294e-01 -2.856148e+00
9.998945e-01 -1.132915e-03 -1.448391e-02 6.760039e+00 1.155120e-03 9.999982e-01 1.524753e-03 -6.083517e-01 1.448216e-02 -1.541322e-03 9.998939e-01 -2.796348e+00
9.999545e-01 2.117559e-03 9.305431e-03 6.870195e+00 -2.099402e-03 9.999959e-01 -1.960513e-03 -6.156127e-01 -9.309544e-03 1.940887e-03 9.999548e-01 -2.898047e+00
9.998931e-01 -1.339282e-03 -1.455717e-02 6.972337e+00 1.358539e-03 9.999982e-01 1.313010e-03 -6.224909e-01 1.455538e-02 -1.332646e-03 9.998932e-01 -2.985354e+00
9.999532e-01 2.161089e-03 9.429968e-03 7.028348e+00 -2.141621e-03 9.999956e-01 -2.074059e-03 -6.285537e-01 -9.434409e-03 2.053766e-03 9.999534e-01 -3.032214e+00
9.999035e-01 -1.382856e-03 -1.382029e-02 7.036387e+00 1.399617e-03 9.999983e-01 1.203134e-03 -6.337438e-01 1.381861e-02 -1.222360e-03 9.999038e-01 -3.026091e+00
9.999659e-01 2.395223e-03 7.908813e-03 7.155163e+00 -2.383781e-03 9.999961e-01 -1.455862e-03 -6.420895e-01 -7.912269e-03 1.436959e-03 9.999677e-01 -3.122842e+00
9.999060e-01 -1.632198e-03 -1.361037e-02 7.248245e+00 1.643862e-03 9.999983e-01 8.458161e-04 -6.494817e-01 1.360896e-02 -8.681095e-04 9.999070e-01 -3.189743e+00
9.999648e-01 2.542353e-03 7.990382e-03 7.348350e+00 -2.532923e-03 9.999961e-01 -1.190163e-03 -6.571653e-01 -7.993377e-03 1.169881e-03 9.999674e-01 -3.269180e+00
9.999229e-01 -1.407083e-03 -1.233416e-02 7.490406e+00 1.414632e-03 9.999988e-01 6.032747e-04 -6.640823e-01 1.233330e-02 -6.206758e-04 9.999237e-01 -3.402476e+00
9.999664e-01 2.620846e-03 7.771967e-03 7.612941e+00 -2.611771e-03 9.999959e-01 -1.177635e-03 -6.708920e-01 -7.775022e-03 1.157296e-03 9.999691e-01 -3.517623e+00
9.999189e-01 -1.631189e-03 -1.263299e-02 7.618231e+00 1.637492e-03 9.999985e-01 4.885590e-04 -6.764286e-01 1.263217e-02 -5.092051e-04 9.999201e-01 -3.495196e+00
9.999694e-01 2.663051e-03 7.361742e-03 7.611301e+00 -2.655968e-03 9.999960e-01 -9.717146e-04 -6.828178e-01 -7.364300e-03 9.521316e-04 9.999724e-01 -3.422991e+00
9.999327e-01 -1.580900e-03 -1.149035e-02 7.548483e+00 1.593273e-03 9.999982e-01 1.067770e-03 -6.900561e-01 1.148864e-02 -1.086005e-03 9.999334e-01 -3.100819e+00
9.999778e-01 2.463967e-03 6.195099e-03 7.516376e+00 -2.457260e-03 9.999964e-01 -1.090069e-03 -6.976156e-01 -6.197763e-03 1.074821e-03 9.999802e-01 -2.908673e+00
9.999313e-01 -1.619560e-03 -1.161217e-02 7.524737e+00 1.626543e-03 9.999985e-01 5.918971e-04 -7.049656e-01 1.161120e-02 -6.107434e-04 9.999324e-01 -2.848260e+00
9.999780e-01 2.399487e-03 6.183988e-03 7.564107e+00 -2.391777e-03 9.999964e-01 -1.253838e-03 -7.118122e-01 -6.186975e-03 1.239019e-03 9.999801e-01 -2.860441e+00
9.999378e-01 -1.358769e-03 -1.106626e-02 7.535891e+00 1.367875e-03 9.999987e-01 8.153512e-04 -7.170424e-01 1.106514e-02 -8.304371e-04 9.999384e-01 -2.753807e+00
9.999712e-01 2.330995e-03 7.225707e-03 7.481811e+00 -2.325577e-03 9.999970e-01 -7.580682e-04 -7.240720e-01 -7.227453e-03 7.412417e-04 9.999736e-01 -2.476750e+00
9.999429e-01 -1.183015e-03 -1.062451e-02 7.422471e+00 1.195554e-03 9.999986e-01 1.173911e-03 -7.315682e-01 1.062311e-02 -1.186545e-03 9.999429e-01 -2.084024e+00
9.999726e-01 2.198498e-03 7.066989e-03 7.366566e+00 -2.191169e-03 9.999971e-01 -1.044764e-03 -7.385542e-01 -7.069265e-03 1.029250e-03 9.999745e-01 -1.761930e+00
9.999576e-01 -9.112293e-04 -9.168773e-03 7.265769e+00 9.205690e-04 9.999991e-01 1.014453e-03 -7.436465e-01 9.167840e-03 -1.022850e-03 9.999575e-01 -1.360026e+00
9.999560e-01 2.185637e-03 9.117876e-03 7.112316e+00 -2.175519e-03 9.999970e-01 -1.119438e-03 -7.462328e-01 -9.120296e-03 1.099552e-03 9.999578e-01 -8.975241e-01
9.999081e-01 -1.197017e-03 -1.350089e-02 7.074402e+00 1.214151e-03 9.999985e-01 1.260961e-03 -7.543351e-01 1.349936e-02 -1.277237e-03 9.999081e-01 -6.060464e-01
9.999674e-01 2.061056e-03 7.807787e-03 7.076312e+00 -2.049757e-03 9.999968e-01 -1.454872e-03 -7.630476e-01 -7.810762e-03 1.438820e-03 9.999685e-01 -4.239249e-01
9.998944e-01 -1.323063e-03 -1.447388e-02 7.108084e+00 1.340998e-03 9.999983e-01 1.229450e-03 -7.717774e-01 1.447223e-02 -1.248729e-03 9.998945e-01 -3.473186e-01
9.999577e-01 2.172876e-03 8.941592e-03 7.097615e+00 -2.163655e-03 9.999971e-01 -1.040868e-03 -7.810798e-01 -8.943828e-03 1.021477e-03 9.999595e-01 -1.089452e-01
9.998862e-01 -1.445658e-03 -1.501958e-02 7.115341e+00 1.462214e-03 9.999983e-01 1.091368e-03 -7.911542e-01 1.501798e-02 -1.113205e-03 9.998866e-01 6.652357e-02
9.999626e-01 2.117311e-03 8.382898e-03 7.145801e+00 -2.107643e-03 9.999971e-01 -1.162013e-03 -8.011467e-01 -8.385334e-03 1.144301e-03 9.999642e-01 2.030823e-01
9.998776e-01 -1.502854e-03 -1.557582e-02 7.201972e+00 1.514378e-03 9.999986e-01 7.280938e-04 -8.098828e-01 1.557471e-02 -7.515916e-04 9.998784e-01 2.191717e-01
9.999552e-01 2.273296e-03 9.184390e-03 7.312285e+00 -2.263054e-03 9.999968e-01 -1.125456e-03 -8.186202e-01 -9.186920e-03 1.104621e-03 9.999572e-01 1.541062e-01
9.998684e-01 -1.626130e-03 -1.613905e-02 7.381533e+00 1.638152e-03 9.999984e-01 7.317130e-04 -8.275163e-01 1.613784e-02 -7.580542e-04 9.998695e-01 1.517860e-01
9.999555e-01 2.243697e-03 9.158575e-03 7.424114e+00 -2.234505e-03 9.999970e-01 -1.013784e-03 -8.367834e-01 -9.160823e-03 9.932734e-04 9.999575e-01 2.164304e-01
9.998672e-01 -1.664875e-03 -1.621272e-02 7.472774e+00 1.676342e-03 9.999984e-01 6.936630e-04 -8.460641e-01 1.621154e-02 -7.207482e-04 9.998683e-01 2.971951e-01
9.999572e-01 2.285902e-03 8.964373e-03 7.516434e+00 -2.279974e-03 9.999972e-01 -6.714534e-04 -8.562142e-01 -8.965883e-03 6.509854e-04 9.999596e-01 4.313612e-01
9.998773e-01 -1.507685e-03 -1.559009e-02 7.548390e+00 1.520294e-03 9.999985e-01 7.969650e-04 -8.671311e-01 1.558886e-02 -8.205680e-04 9.998781e-01 6.430188e-01
9.999546e-01 2.218220e-03 9.270685e-03 7.578011e+00 -2.212769e-03 9.999974e-01 -5.982851e-04 -8.779795e-01 -9.271988e-03 5.777434e-04 9.999568e-01 8.445872e-01
9.998706e-01 -1.524547e-03 -1.601725e-02 7.612182e+00 1.532901e-03 9.999987e-01 5.092586e-04 -8.878182e-01 1.601646e-02 -5.337448e-04 9.998716e-01 9.965333e-01
9.999577e-01 1.192159e-03 9.118650e-03 7.751501e+00 -1.206273e-03 9.999981e-01 1.542532e-03 -9.062822e-01 -9.116793e-03 -1.553467e-03 9.999572e-01 1.791964e+00
9.998713e-01 -5.027705e-04 -1.603797e-02 7.788224e+00 4.804174e-04 9.999989e-01 -1.397598e-03 -9.170767e-01 1.603866e-02 1.389714e-03 9.998704e-01 1.992471e+00
9.999586e-01 1.212445e-03 9.018734e-03 7.822539e+00 -1.225276e-03 9.999982e-01 1.417311e-03 -9.273384e-01 -9.017000e-03 -1.428304e-03 9.999583e-01 2.167830e+00
9.998735e-01 -5.548787e-04 -1.589492e-02 7.859170e+00 5.300504e-04 9.999986e-01 -1.566212e-03 -9.370638e-01 1.589577e-02 1.557590e-03 9.998724e-01 2.277434e+00
9.999599e-01 1.170456e-03 8.878807e-03 7.899857e+00 -1.183479e-03 9.999982e-01 1.461666e-03 -9.468951e-01 -8.877081e-03 -1.472116e-03 9.999595e-01 2.397022e+00
9.998663e-01 -5.262846e-04 -1.634578e-02 7.940673e+00 4.999398e-04 9.999986e-01 -1.615780e-03 -9.565959e-01 1.634661e-02 1.607393e-03 9.998651e-01 2.525592e+00
9.999629e-01 1.111195e-03 8.536818e-03 7.994500e+00 -1.126034e-03 9.999979e-01 1.733594e-03 -9.673886e-01 -8.534874e-03 -1.743143e-03 9.999621e-01 2.733729e+00
9.998844e-01 -4.271299e-04 -1.519647e-02 8.029788e+00 3.986609e-04 9.999982e-01 -1.876393e-03 -9.771139e-01 1.519724e-02 1.870119e-03 9.998828e-01 2.847315e+00
9.999686e-01 1.044843e-03 7.853057e-03 8.073875e+00 -1.057578e-03 9.999981e-01 1.617609e-03 -9.863731e-01 -7.851352e-03 -1.625864e-03 9.999679e-01 2.943651e+00
9.998817e-01 -4.650376e-04 -1.537575e-02 8.119554e+00 4.378405e-04 9.999983e-01 -1.772169e-03 -9.959920e-01 1.537655e-02 1.765228e-03 9.998802e-01 3.033210e+00
9.999685e-01 1.069123e-03 7.867843e-03 8.165765e+00 -1.081080e-03 9.999983e-01 1.515531e-03 -1.005345e+00 -7.866209e-03 -1.523990e-03 9.999679e-01 3.138236e+00
9.998865e-01 -4.370597e-04 -1.506195e-02 8.209076e+00 4.086969e-04 9.999981e-01 -1.886122e-03 -1.014269e+00 1.506274e-02 1.879753e-03 9.998848e-01 3.177150e+00
9.999655e-01 1.126015e-03 8.235506e-03 8.249523e+00 -1.138108e-03 9.999983e-01 1.463894e-03 -1.022883e+00 -8.233844e-03 -1.473217e-03 9.999650e-01 3.210077e+00
9.998877e-01 -4.789831e-04 -1.497597e-02 8.288043e+00 4.520651e-04 9.999983e-01 -1.800766e-03 -1.031589e+00 1.497680e-02 1.793795e-03 9.998862e-01 3.246729e+00
9.999630e-01 1.156054e-03 8.522758e-03 8.323780e+00 -1.168111e-03 9.999983e-01 1.409821e-03 -1.040059e+00 -8.521114e-03 -1.419725e-03 9.999627e-01 3.292974e+00
9.998919e-01 -5.027757e-04 -1.469369e-02 8.365351e+00 4.742419e-04 9.999980e-01 -1.945352e-03 -1.047952e+00 1.469464e-02 1.938174e-03 9.998901e-01 3.293774e+00
9.999606e-01 1.360640e-03 8.771810e-03 8.388137e+00 -1.375417e-03 9.999976e-01 1.678742e-03 -1.056610e+00 -8.769505e-03 -1.690741e-03 9.999601e-01 3.373302e+00
9.998785e-01 -6.269867e-04 -1.557685e-02 8.418548e+00 5.992202e-04 9.999982e-01 -1.787167e-03 -1.066518e+00 1.557794e-02 1.777616e-03 9.998771e-01 3.513494e+00
9.999481e-01 1.404099e-03 1.008793e-02 8.437225e+00 -1.417964e-03 9.999981e-01 1.367390e-03 -1.074220e+00 -1.008599e-02 -1.381624e-03 9.999482e-01 3.553725e+00
9.998824e-01 -6.492642e-04 -1.532176e-02 8.476962e+00 6.178206e-04 9.999977e-01 -2.056881e-03 -1.080984e+00 1.532306e-02 2.047174e-03 9.998805e-01 3.536440e+00
9.999489e-01 1.481648e-03 1.000144e-02 8.516558e+00 -1.494996e-03 9.999980e-01 1.327218e-03 -1.087451e+00 -9.999453e-03 -1.342103e-03 9.999491e-01 3.511101e+00
9.998697e-01 -6.804468e-04 -1.612953e-02 8.546621e+00 6.508516e-04 9.999981e-01 -1.840039e-03 -1.095103e+00 1.613075e-02 1.829302e-03 9.998682e-01 3.526697e+00
9.999470e-01 1.526309e-03 1.017891e-02 8.548247e+00 -1.545544e-03 9.999970e-01 1.882095e-03 -1.104347e+00 -1.017601e-02 -1.897728e-03 9.999464e-01 3.709191e+00
9.998996e-01 -3.303963e-04 -1.416793e-02 8.470296e+00 3.036272e-04 9.999982e-01 -1.891549e-03 -1.110764e+00 1.416853e-02 1.887058e-03 9.998978e-01 4.058683e+00
9.999654e-01 1.116399e-03 8.245551e-03 8.474668e+00 -1.133837e-03 9.999971e-01 2.110447e-03 -1.120648e+00 -8.243171e-03 -2.119723e-03 9.999638e-01 4.319641e+00
9.998782e-01 -4.628298e-04 -1.560321e-02 8.522480e+00 4.280825e-04 9.999974e-01 -2.230216e-03 -1.130529e+00 1.560420e-02 2.223265e-03 9.998758e-01 4.466263e+00
9.999704e-01 1.034272e-03 7.617983e-03 8.587238e+00 -1.048565e-03 9.999977e-01 1.872469e-03 -1.139951e+00 -7.616029e-03 -1.880402e-03 9.999692e-01 4.522975e+00
9.998893e-01 -1.095127e-03 -1.483545e-02 8.701672e+00 1.076036e-03 9.999986e-01 -1.294805e-03 -1.153533e+00 1.483684e-02 1.278699e-03 9.998891e-01 4.826829e+00
9.999781e-01 1.585937e-03 6.424929e-03 8.764203e+00 -1.593763e-03 9.999980e-01 1.213157e-03 -1.164064e+00 -6.422992e-03 -1.223370e-03 9.999786e-01 5.026952e+00
9.999049e-01 -1.590780e-03 -1.369655e-02 8.873330e+00 1.580638e-03 9.999985e-01 -7.513285e-04 -1.177189e+00 1.369772e-02 7.296085e-04 9.999059e-01 5.269665e+00
9.999727e-01 2.159539e-03 7.063441e-03 9.028162e+00 -2.162799e-03 9.999976e-01 4.538710e-04 -1.186957e+00 -7.062443e-03 -4.691360e-04 9.999750e-01 5.202949e+00
9.998818e-01 -1.832833e-03 -1.526279e-02 9.103896e+00 1.822962e-03 9.999981e-01 -6.606905e-04 -1.197705e+00 1.526398e-02 6.327896e-04 9.998833e-01 5.302872e+00
9.999703e-01 2.344374e-03 7.343128e-03 9.162395e+00 -2.347296e-03 9.999972e-01 3.892736e-04 -1.207742e+00 -7.342195e-03 -4.064992e-04 9.999730e-01 5.395799e+00
9.998449e-01 -2.834285e-03 -1.738285e-02 9.384620e+00 2.846420e-03 9.999957e-01 6.733749e-04 -1.225427e+00 1.738087e-02 -7.227487e-04 9.998487e-01 6.141882e+00
9.999707e-01 2.476424e-03 7.246787e-03 9.650137e+00 -2.475025e-03 9.999969e-01 -2.020907e-04 -1.241110e+00 -7.247265e-03 1.841481e-04 9.999737e-01 6.397974e+00
9.998225e-01 -3.326158e-03 -1.854714e-02 9.993719e+00 3.351589e-03 9.999935e-01 1.340235e-03 -1.260895e+00 1.854256e-02 -1.402159e-03 9.998271e-01 7.012922e+00
9.999774e-01 3.601348e-03 5.683311e-03 1.045408e+01 -3.595674e-03 9.999930e-01 -1.008197e-03 -1.275626e+00 -5.686903e-03 9.877380e-04 9.999833e-01 7.082030e+00
9.999155e-01 -3.029969e-03 -1.264021e-02 1.064636e+01 3.040292e-03 9.999951e-01 7.975148e-04 -1.285414e+00 1.263773e-02 -8.358767e-04 9.999198e-01 7.021054e+00
9.999690e-01 2.850146e-03 7.337086e-03 1.073175e+01 -2.859464e-03 9.999951e-01 1.259757e-03 -1.302844e+00 -7.333460e-03 -1.280699e-03 9.999723e-01 7.712342e+00
9.999257e-01 -2.490396e-03 -1.192932e-02 1.082568e+01 2.503403e-03 9.999963e-01 1.075456e-03 -1.324681e+00 1.192660e-02 -1.105240e-03 9.999283e-01 8.775064e+00
9.999777e-01 3.213198e-03 5.857362e-03 1.087584e+01 -3.212004e-03 9.999948e-01 -2.132955e-04 -1.339896e+00 -5.858017e-03 1.944762e-04 9.999828e-01 9.316094e+00
9.999514e-01 -2.739058e-03 -9.467810e-03 1.091577e+01 2.756574e-03 9.999945e-01 1.837528e-03 -1.355911e+00 9.462725e-03 -1.863536e-03 9.999535e-01 9.956424e+00
9.999841e-01 3.195809e-03 4.656242e-03 1.098369e+01 -3.194500e-03 9.999949e-01 -2.886102e-04 -1.374045e+00 -4.657140e-03 2.737305e-04 9.999891e-01 1.068309e+01
9.999873e-01 -1.040673e-03 -4.935711e-03 1.082460e+01 1.050022e-03 9.999977e-01 1.891944e-03 -1.383731e+00 4.933731e-03 -1.897102e-03 9.999860e-01 1.173907e+01
9.999951e-01 1.933000e-03 2.481951e-03 1.080339e+01 -1.928706e-03 9.999966e-01 -1.731242e-03 -1.394819e+00 -2.485289e-03 1.726446e-03 9.999954e-01 1.254387e+01
9.999791e-01 -2.487070e-04 -6.460341e-03 1.089396e+01 2.713288e-04 9.999938e-01 3.500960e-03 -1.418461e+00 6.459430e-03 -3.502639e-03 9.999730e-01 1.372674e+01
9.999995e-01 9.515335e-04 -1.446081e-04 1.097035e+01 -9.517526e-04 9.999984e-01 -1.520318e-03 -1.440285e+00 1.431611e-04 1.520454e-03 9.999988e-01 1.495328e+01
9.999763e-01 2.869259e-04 -6.885036e-03 1.104256e+01 -2.690093e-04 9.999966e-01 2.602985e-03 -1.457404e+00 6.885760e-03 -2.601071e-03 9.999729e-01 1.557682e+01
9.999988e-01 1.880921e-04 -1.555312e-03 1.113764e+01 -1.906177e-04 9.999987e-01 -1.623670e-03 -1.474372e+00 1.555004e-03 1.623964e-03 9.999975e-01 1.637820e+01
9.999633e-01 2.074423e-04 -8.563252e-03 1.134068e+01 -1.910304e-04 9.999981e-01 1.917276e-03 -1.485809e+00 8.563634e-03 -1.915569e-03 9.999615e-01 1.637594e+01
9.999991e-01 3.466675e-04 1.316119e-03 1.158520e+01 -3.439477e-04 9.999978e-01 -2.066520e-03 -1.496802e+00 -1.316833e-03 2.066064e-03 9.999970e-01 1.624267e+01
9.999596e-01 6.427501e-05 -8.985832e-03 1.168522e+01 -4.155805e-05 9.999968e-01 2.528211e-03 -1.509800e+00 8.985966e-03 -2.527735e-03 9.999564e-01 1.650665e+01
9.999996e-01 5.663744e-04 7.334574e-04 1.178321e+01 -5.647835e-04 9.999975e-01 -2.167942e-03 -1.524436e+00 -7.346836e-04 2.167526e-03 9.999974e-01 1.692650e+01
9.997725e-01 -3.492395e-03 -2.104240e-02 1.262602e+01 3.600985e-03 9.999804e-01 5.124843e-03 -1.554630e+00 2.102409e-02 -5.199450e-03 9.997654e-01 1.678753e+01
9.999929e-01 2.605684e-03 2.731674e-03 1.355463e+01 -2.596751e-03 9.999913e-01 -3.268596e-03 -1.577180e+00 -2.740168e-03 3.261479e-03 9.999909e-01 1.645228e+01
9.998088e-01 -4.527798e-03 -1.902311e-02 1.406783e+01 4.634511e-03 9.999738e-01 5.569261e-03 -1.601542e+00 1.899740e-02 -5.656358e-03 9.998035e-01 1.695604e+01
9.999060e-01 5.653760e-03 1.249303e-02 1.409070e+01 -5.585238e-03 9.999692e-01 -5.512884e-03 -1.614406e+00 -1.252382e-02 5.442588e-03 9.999068e-01 1.732552e+01
9.997416e-01 -6.007482e-03 -2.192358e-02 1.433276e+01 6.137592e-03 9.999639e-01 5.872239e-03 -1.630794e+00 2.188751e-02 -6.005278e-03 9.997424e-01 1.746737e+01
9.999402e-01 5.566246e-03 9.408987e-03 1.483569e+01 -5.523421e-03 9.999743e-01 -4.571478e-03 -1.649083e+00 -9.434191e-03 4.519234e-03 9.999453e-01 1.716535e+01
9.998113e-01 -5.146265e-03 -1.873158e-02 1.524601e+01 5.244262e-03 9.999728e-01 5.186260e-03 -1.661743e+00 1.870438e-02 -5.283514e-03 9.998111e-01 1.684378e+01
9.999350e-01 5.916504e-03 9.741285e-03 1.577370e+01 -5.879756e-03 9.999755e-01 -3.796798e-03 -1.676222e+00 -9.763511e-03 3.739274e-03 9.999453e-01 1.641802e+01
9.998114e-01 -5.831581e-03 -1.852227e-02 1.634319e+01 5.917367e-03 9.999720e-01 4.580021e-03 -1.690054e+00 1.849504e-02 -4.688759e-03 9.998180e-01 1.596461e+01
9.999424e-01 6.177578e-03 8.778242e-03 1.690297e+01 -6.143980e-03 9.999737e-01 -3.849273e-03 -1.704087e+00 -8.801791e-03 3.795118e-03 9.999541e-01 1.556080e+01
9.998387e-01 -5.413601e-03 -1.712650e-02 1.719024e+01 5.487307e-03 9.999759e-01 4.259506e-03 -1.716427e+00 1.710303e-02 -4.352796e-03 9.998443e-01 1.534582e+01
9.999430e-01 6.084299e-03 8.774470e-03 1.729219e+01 -6.047244e-03 9.999727e-01 -4.243417e-03 -1.729716e+00 -8.800049e-03 4.190113e-03 9.999525e-01 1.558325e+01
9.998199e-01 -5.307499e-03 -1.821914e-02 1.739290e+01 5.387456e-03 9.999761e-01 4.342318e-03 -1.743945e+00 1.819566e-02 -4.439690e-03 9.998246e-01 1.592695e+01
9.999558e-01 5.706535e-03 7.473246e-03 1.760624e+01 -5.675452e-03 9.999752e-01 -4.173953e-03 -1.756624e+00 -7.496879e-03 4.131354e-03 9.999634e-01 1.592447e+01
9.998025e-01 -6.392857e-03 -1.881935e-02 1.801349e+01 6.490012e-03 9.999659e-01 5.105956e-03 -1.773339e+00 1.878607e-02 -5.227084e-03 9.998099e-01 1.572962e+01
9.999872e-01 4.850037e-03 1.425008e-03 1.888746e+01 -4.845831e-03 9.999839e-01 -2.940306e-03 -1.799340e+00 -1.439245e-03 2.933362e-03 9.999947e-01 1.530183e+01
9.997943e-01 -7.360290e-03 -1.889736e-02 2.021453e+01 7.471462e-03 9.999552e-01 5.819039e-03 -1.826489e+00 1.885368e-02 -5.959032e-03 9.998045e-01 1.440807e+01
9.999870e-01 4.917311e-03 1.314179e-03 2.155629e+01 -4.913630e-03 9.999840e-01 -2.789466e-03 -1.854334e+00 -1.327875e-03 2.782972e-03 9.999952e-01 1.348619e+01
9.997977e-01 -7.561302e-03 -1.864073e-02 2.302954e+01 7.673642e-03 9.999528e-01 5.962399e-03 -1.882340e+00 1.859476e-02 -6.104234e-03 9.998085e-01 1.241896e+01
9.999898e-01 3.901180e-03 -2.294058e-03 2.438552e+01 -3.907666e-03 9.999884e-01 -2.829699e-03 -1.911823e+00 2.282992e-03 2.838634e-03 9.999934e-01 1.151021e+01
9.997061e-01 -8.212952e-03 -2.280722e-02 2.579881e+01 8.361999e-03 9.999443e-01 6.447390e-03 -1.944263e+00 2.275300e-02 -6.636209e-03 9.997191e-01 1.060962e+01
9.999868e-01 4.902855e-03 -1.530136e-03 2.728401e+01 -4.907041e-03 9.999842e-01 -2.744222e-03 -1.975498e+00 1.516657e-03 2.751693e-03 9.999951e-01 9.649545e+00
9.997743e-01 -7.962490e-03 -1.969717e-02 2.858092e+01 8.084840e-03 9.999485e-01 6.139707e-03 -2.003665e+00 1.964726e-02 -6.297569e-03 9.997871e-01 8.756920e+00
9.999858e-01 5.265637e-03 8.050450e-04 2.995703e+01 -5.263149e-03 9.999815e-01 -3.062305e-03 -2.032338e+00 -8.211551e-04 3.058024e-03 9.999950e-01 7.794550e+00
9.994469e-01 -1.256042e-02 -3.079283e-02 3.141454e+01 1.284061e-02 9.998778e-01 8.918235e-03 -2.078958e+00 3.067705e-02 -9.308700e-03 9.994860e-01 7.489920e+00
9.999481e-01 1.019101e-02 8.331458e-05 3.264156e+01 -1.019045e-02 9.999347e-01 -5.176122e-03 -2.110785e+00 -1.360591e-04 5.175004e-03 9.999866e-01 7.317384e+00
9.997943e-01 -1.187670e-02 -1.644261e-02 3.412167e+01 1.201538e-02 9.998929e-01 8.361131e-03 -2.137684e+00 1.634155e-02 -8.556975e-03 9.998299e-01 6.194436e+00
9.999396e-01 1.098391e-02 -2.332103e-04 3.562938e+01 -1.098489e-02 9.999287e-01 -4.680110e-03 -2.163964e+00 1.817877e-04 4.682389e-03 9.999890e-01 5.094571e+00
9.998103e-01 -1.315190e-02 -1.436864e-02 3.712767e+01 1.325564e-02 9.998866e-01 7.148909e-03 -2.192775e+00 1.427299e-02 -7.338018e-03 9.998712e-01 3.963232e+00
9.999171e-01 1.269720e-02 2.118598e-03 3.816020e+01 -1.268586e-02 9.999056e-01 -5.282616e-03 -2.214036e+00 -2.185473e-03 5.255302e-03 9.999838e-01 3.200021e+00
9.997335e-01 -1.409136e-02 -1.828516e-02 3.905947e+01 1.422776e-02 9.998718e-01 7.350917e-03 -2.238458e+00 1.817923e-02 -7.609115e-03 9.998058e-01 2.602790e+00
9.999250e-01 1.209492e-02 1.915733e-03 4.022751e+01 -1.208553e-02 9.999153e-01 -4.839780e-03 -2.266242e+00 -1.974107e-03 4.816263e-03 9.999865e-01 1.922304e+00
9.997071e-01 -1.357874e-02 -2.003361e-02 4.139790e+01 1.372836e-02 9.998787e-01 7.349987e-03 -2.292506e+00 1.993138e-02 -7.622862e-03 9.997723e-01 1.178080e+00
9.999600e-01 7.491287e-03 -4.885170e-03 4.245747e+01 -7.505569e-03 9.999676e-01 -2.911685e-03 -2.332590e+00 4.863199e-03 2.948234e-03 9.999838e-01 1.052094e+00
9.996903e-01 -1.143543e-02 -2.210388e-02 4.337184e+01 1.159708e-02 9.999068e-01 7.199015e-03 -2.368084e+00 2.201949e-02 -7.453126e-03 9.997298e-01 1.632708e+00
9.999578e-01 7.134039e-03 -5.782576e-03 4.432970e+01 -7.147740e-03 9.999717e-01 -2.352004e-03 -2.405995e+00 5.765633e-03 2.393236e-03 9.999805e-01 1.992443e+00
9.998561e-01 -8.009143e-03 -1.495356e-02 4.484702e+01 8.071402e-03 9.999590e-01 4.107733e-03 -2.429741e+00 1.492005e-02 -4.227838e-03 9.998798e-01 2.394511e+00
9.999606e-01 8.394055e-03 2.871429e-03 4.517517e+01 -8.384009e-03 9.999588e-01 -3.493055e-03 -2.442680e+00 -2.900631e-03 3.468843e-03 9.999898e-01 2.227828e+00
9.999180e-01 -7.851000e-03 -1.012054e-02 4.545417e+01 7.890882e-03 9.999612e-01 3.906698e-03 -2.453446e+00 1.008947e-02 -3.986237e-03 9.999412e-01 1.977688e+00
9.999548e-01 8.695493e-03 3.855378e-03 4.570529e+01 -8.680480e-03 9.999547e-01 -3.894180e-03 -2.462194e+00 -3.889065e-03 3.860537e-03 9.999850e-01 1.743127e+00
9.999060e-01 -8.013025e-03 -1.112743e-02 4.601562e+01 8.058429e-03 9.999594e-01 4.041484e-03 -2.473886e+00 1.109459e-02 -4.130773e-03 9.999299e-01 1.467307e+00
9.999662e-01 7.924505e-03 -2.194152e-03 4.641608e+01 -7.931738e-03 9.999631e-01 -3.307356e-03 -2.490325e+00 2.167862e-03 3.324647e-03 9.999921e-01 1.398480e+00
9.999350e-01 -8.222562e-03 -7.899619e-03 4.678008e+01 8.250543e-03 9.999598e-01 3.516039e-03 -2.502878e+00 7.870391e-03 -3.580986e-03 9.999626e-01 1.108272e+00
9.999644e-01 8.156457e-03 -2.140213e-03 4.715652e+01 -8.161906e-03 9.999634e-01 -2.549385e-03 -2.516393e+00 2.119341e-03 2.566763e-03 9.999945e-01 7.908977e-01
9.999667e-01 -7.139990e-03 -3.964761e-03 4.747922e+01 7.152485e-03 9.999695e-01 3.146043e-03 -2.526406e+00 3.942178e-03 -3.174296e-03 9.999872e-01 4.563784e-01
9.999609e-01 8.189302e-03 -3.324385e-03 4.785731e+01 -8.197451e-03 9.999634e-01 -2.444776e-03 -2.539387e+00 3.304242e-03 2.471932e-03 9.999915e-01 1.118423e-01
9.999638e-01 -7.730844e-03 -3.540581e-03 4.810277e+01 7.739798e-03 9.999669e-01 2.522214e-03 -2.548355e+00 3.520965e-03 -2.549526e-03 9.999906e-01 -1.240837e-01
9.999511e-01 8.917546e-03 -4.274506e-03 4.841698e+01 -8.924160e-03 9.999590e-01 -1.530706e-03 -2.559925e+00 4.260681e-03 1.568777e-03 9.999897e-01 -4.116650e-01
9.999661e-01 -8.059558e-03 -1.697351e-03 4.880091e+01 8.062496e-03 9.999660e-01 1.730431e-03 -2.571863e+00 1.683347e-03 -1.744057e-03 9.999971e-01 -7.550611e-01
9.999407e-01 8.316549e-03 -7.024575e-03 4.921355e+01 -8.324373e-03 9.999648e-01 -1.085266e-03 -2.584810e+00 7.015302e-03 1.143677e-03 9.999747e-01 -1.099696e+00
9.999602e-01 -8.558217e-03 -2.528039e-03 4.958854e+01 8.562477e-03 9.999619e-01 1.678862e-03 -2.597795e+00 2.513575e-03 -1.700441e-03 9.999954e-01 -1.420919e+00
9.999417e-01 8.806783e-03 -6.245020e-03 4.983098e+01 -8.816334e-03 9.999600e-01 -1.503367e-03 -2.608682e+00 6.231531e-03 1.558337e-03 9.999794e-01 -1.602944e+00
9.999508e-01 -8.973939e-03 -4.218161e-03 5.015503e+01 8.982832e-03 9.999575e-01 2.093872e-03 -2.623270e+00 4.199191e-03 -2.131659e-03 9.999889e-01 -1.838807e+00
9.999502e-01 9.236523e-03 -3.774617e-03 5.045315e+01 -9.244464e-03 9.999551e-01 -2.091702e-03 -2.635201e+00 3.755127e-03 2.126492e-03 9.999907e-01 -2.097501e+00
9.999530e-01 -8.761556e-03 -4.159314e-03 5.074973e+01 8.771132e-03 9.999589e-01 2.289368e-03 -2.646204e+00 4.139085e-03 -2.325742e-03 9.999887e-01 -2.353092e+00
9.999525e-01 9.262353e-03 -3.019733e-03 5.090454e+01 -9.269267e-03 9.999544e-01 -2.283637e-03 -2.655116e+00 2.998444e-03 2.311519e-03 9.999928e-01 -2.476673e+00
9.999145e-01 -9.731683e-03 -8.728790e-03 5.142037e+01 9.755976e-03 9.999486e-01 2.744713e-03 -2.674471e+00 8.701631e-03 -2.829636e-03 9.999581e-01 -2.855068e+00
9.999380e-01 1.040572e-02 -3.952519e-03 5.213393e+01 -1.041099e-02 9.999449e-01 -1.315018e-03 -2.690732e+00 3.938617e-03 1.356086e-03 9.999913e-01 -3.362281e+00
9.999453e-01 -9.887424e-03 -3.408417e-03 5.228101e+01 9.891435e-03 9.999504e-01 1.161955e-03 -2.700158e+00 3.396759e-03 -1.195606e-03 9.999935e-01 -3.465398e+00
9.999389e-01 1.017807e-02 -4.317448e-03 5.247037e+01 -1.018284e-02 9.999476e-01 -1.084681e-03 -2.709951e+00 4.306182e-03 1.128578e-03 9.999901e-01 -3.603635e+00
9.999512e-01 -9.459121e-03 -2.859912e-03 5.266027e+01 9.462153e-03 9.999547e-01 1.048403e-03 -2.720050e+00 2.849866e-03 -1.075412e-03 9.999954e-01 -3.742529e+00
9.999399e-01 1.029571e-02 -3.760670e-03 5.289520e+01 -1.029898e-02 9.999466e-01 -8.525595e-04 -2.730313e+00 3.751692e-03 8.912389e-04 9.999926e-01 -3.940557e+00
9.999486e-01 -9.651260e-03 -3.121038e-03 5.310385e+01 9.654605e-03 9.999528e-01 1.058255e-03 -2.740309e+00 3.110677e-03 -1.088333e-03 9.999946e-01 -4.125894e+00
9.999380e-01 1.071398e-02 -3.026631e-03 5.335208e+01 -1.071770e-02 9.999418e-01 -1.216781e-03 -2.750229e+00 3.013419e-03 1.249144e-03 9.999947e-01 -4.340152e+00
