1.000000e+00 1.197625e-11 1.704638e-10 5.551115e-17 1.197625e-11 1.000000e+00 3.562503e-10 0.000000e+00 1.704638e-10 3.562503e-10 1.000000e+00 2.220446e-16 0.000000e+00 0.000000e+00 0.000000e+00 1.000000e+00
6.359204e-01 1.372673e-02 7.716326e-01 3.437879e-01 1.327537e-01 9.829928e-01 -1.268921e-01 2.576356e-02 -7.602511e-01 1.831303e-01 6.232829e-01 -1.016981e+00
9.969498e-01 -1.185631e-02 -7.714022e-02 6.192336e-01 1.260583e-02 9.998779e-01 9.236665e-03 4.674707e-02 7.702129e-02 -1.018091e-02 9.969775e-01 -1.882394e+00
8.600783e-01 -2.269830e-02 5.096569e-01 7.690951e-01 6.272516e-02 9.961349e-01 -6.148837e-02 5.747389e-02 -5.062914e-01 8.485313e-02 8.581777e-01 -2.405571e+00
9.872847e-01 1.235902e-02 -1.584808e-01 8.388490e-01 -5.286635e-03 9.989743e-01 4.497033e-02 6.128533e-02 1.588740e-01 -4.356069e-02 9.863374e-01 -2.724698e+00
6.928271e-01 -1.337457e-03 7.211025e-01 9.727758e-01 1.294886e-01 9.839743e-01 -1.225862e-01 7.068825e-02 -7.093823e-01 1.783056e-01 6.818972e-01 -3.259031e+00
9.051571e-01 6.108573e-02 -4.206651e-01 1.071395e+00 -1.924697e-03 9.901994e-01 1.396477e-01 7.735732e-02 4.250728e-01 -1.255934e-01 8.964036e-01 -3.651390e+00
9.649578e-01 -1.490691e-02 2.619815e-01 1.057115e+00 3.329715e-02 9.972706e-01 -6.589824e-02 6.992734e-02 -2.602841e-01 7.231225e-02 9.628204e-01 -3.408218e+00
9.814202e-01 3.332121e-02 -1.889555e-01 1.060118e+00 -2.037574e-02 9.973358e-01 7.004440e-02 6.685774e-02 1.907860e-01 -6.489288e-02 9.794844e-01 -3.467973e+00
7.960622e-01 -2.694132e-02 6.046148e-01 1.149526e+00 1.193977e-01 9.863661e-01 -1.132523e-01 7.218389e-02 -5.933204e-01 1.623455e-01 7.884255e-01 -3.839314e+00
9.983236e-01 2.713819e-02 5.112187e-02 1.362844e+00 -2.804659e-02 9.994597e-01 1.713636e-02 8.650279e-02 -5.062920e-02 -1.854143e-02 9.985454e-01 -4.517599e+00
9.149077e-01 -4.433939e-02 4.012205e-01 1.504385e+00 7.283098e-02 9.957690e-01 -5.603361e-02 9.715001e-02 -3.970385e-01 8.048686e-02 9.142660e-01 -5.042720e+00
9.706090e-01 5.399058e-02 -2.345275e-01 1.508980e+00 -4.205862e-02 9.975676e-01 5.558741e-02 9.549043e-02 2.369583e-01 -4.408974e-02 9.705189e-01 -5.154964e+00
8.616449e-01 -7.657466e-02 5.017016e-01 1.565243e+00 1.068777e-01 9.937610e-01 -3.187894e-02 9.661434e-02 -4.961303e-01 8.108904e-02 8.644532e-01 -5.396059e+00
9.058534e-01 1.104643e-01 -4.089343e-01 1.580271e+00 -8.848365e-02 9.934464e-01 7.235190e-02 9.561051e-02 4.142466e-01 -2.935622e-02 9.096911e-01 -5.530125e+00
9.500650e-01 -3.519860e-02 3.100607e-01 1.554077e+00 4.781611e-02 9.983047e-01 -3.318539e-02 9.085184e-02 -3.083670e-01 4.635418e-02 9.501374e-01 -5.437178e+00
9.519518e-01 5.138686e-02 -3.019059e-01 1.541315e+00 -3.770679e-02 9.979881e-01 5.097094e-02 8.686014e-02 3.039177e-01 -3.713797e-02 9.519742e-01 -5.427903e+00
9.916436e-01 1.164347e-02 1.284811e-01 1.520395e+00 -9.891003e-03 9.998493e-01 -1.426950e-02 8.098801e-02 -1.286279e-01 1.287945e-02 9.916093e-01 -5.227746e+00
9.670899e-01 7.160917e-04 -2.544339e-01 1.509132e+00 9.690004e-03 9.991669e-01 3.964331e-02 7.704671e-02 2.542503e-01 -4.080411e-02 9.662773e-01 -5.121393e+00
7.781825e-01 -3.085075e-02 6.272801e-01 1.548154e+00 7.981931e-02 9.955516e-01 -5.005813e-02 7.719301e-02 -6.229454e-01 8.902342e-02 7.771833e-01 -5.352157e+00
9.991431e-01 -1.770694e-02 -3.741046e-02 1.631364e+00 1.705968e-02 9.997004e-01 -1.755070e-02 8.222572e-02 3.771002e-02 1.689745e-02 9.991459e-01 -5.763987e+00
7.203587e-01 -3.174532e-02 6.928749e-01 1.770930e+00 9.921647e-02 9.933952e-01 -5.763783e-02 8.927512e-02 -6.864688e-01 1.102645e-01 7.187505e-01 -6.250934e+00
8.545846e-01 7.960277e-02 -5.131751e-01 1.796385e+00 -1.887944e-02 9.922911e-01 1.224827e-01 8.847836e-02 5.189690e-01 -9.498332e-02 8.494995e-01 -6.397618e+00
6.697104e-01 -5.278762e-02 7.407438e-01 1.807671e+00 1.407259e-01 9.884183e-01 -5.679339e-02 8.552150e-02 -7.291667e-01 1.422770e-01 6.693826e-01 -6.502457e+00
8.995047e-01 8.400845e-02 -4.287586e-01 1.814216e+00 -5.397850e-02 9.951902e-01 8.174873e-02 8.380513e-02 4.335639e-01 -5.038961e-02 8.997128e-01 -6.635985e+00
8.212299e-01 -8.193347e-02 5.646843e-01 1.825060e+00 1.081564e-01 9.940481e-01 -1.306127e-02 8.231195e-02 -5.602532e-01 7.180056e-02 8.252036e-01 -6.737544e+00
7.360893e-01 1.482584e-01 -6.604484e-01 1.792028e+00 -8.988779e-02 9.884866e-01 1.217142e-01 7.600684e-02 6.708895e-01 -3.022630e-02 7.409410e-01 -6.547831e+00
3.251770e-01 -2.885790e-02 9.452128e-01 1.768474e+00 2.195355e-01 9.745301e-01 -4.577276e-02 7.815554e-02 -9.198174e-01 2.223920e-01 3.232301e-01 -6.743191e+00
9.753620e-01 4.159165e-02 -2.166543e-01 2.052258e+00 -4.561416e-02 9.988666e-01 -1.359678e-02 9.817450e-02 2.158433e-01 2.314429e-02 9.761537e-01 -7.639919e+00
6.020608e-01 -6.202325e-02 7.960376e-01 2.253353e+00 1.420367e-01 9.893964e-01 -3.033673e-02 1.119301e-01 -7.857152e-01 1.313311e-01 6.044864e-01 -8.285370e+00
7.407666e-01 1.286683e-01 -6.593249e-01 2.270252e+00 -7.296125e-02 9.910893e-01 1.114390e-01 1.113981e-01 6.677885e-01 -3.444516e-02 7.435537e-01 -8.409560e+00
5.751649e-01 -1.070378e-01 8.110044e-01 2.296686e+00 1.475672e-01 9.887145e-01 2.583751e-02 1.109957e-01 -8.046174e-01 1.048169e-01 5.844692e-01 -8.574780e+00
6.558255e-01 1.652914e-01 -7.365947e-01 2.285185e+00 -1.214136e-01 9.861276e-01 1.131860e-01 1.069338e-01 7.450850e-01 1.520234e-02 6.667962e-01 -8.602697e+00
2.888598e-01 -1.075987e-01 9.513057e-01 2.335912e+00 1.812581e-01 9.818391e-01 5.601397e-02 1.083463e-01 -9.400561e-01 1.562517e-01 3.031170e-01 -8.855094e+00
6.349361e-01 1.475498e-01 -7.583437e-01 2.401570e+00 -1.408847e-01 9.872469e-01 7.412902e-02 1.124095e-01 7.596102e-01 5.977183e-02 6.476262e-01 -9.185450e+00
1.429454e-01 -7.709535e-02 9.867233e-01 2.503050e+00 1.656044e-01 9.847697e-01 5.295179e-02 1.201631e-01 -9.757775e-01 1.558365e-01 1.535357e-01 -9.630671e+00
5.767293e-01 9.583498e-02 -8.112946e-01 2.600886e+00 -9.363400e-02 9.943052e-01 5.089119e-02 1.260351e-01 8.115516e-01 4.661433e-02 5.824183e-01 -1.004405e+01
9.027002e-02 -3.642901e-02 9.952508e-01 2.718552e+00 1.182511e-01 9.926535e-01 2.560847e-02 1.352791e-01 -9.888721e-01 1.153778e-01 9.391461e-02 -1.052757e+01
7.649224e-01 -2.599672e-02 -6.435976e-01 2.927699e+00 -8.391271e-03 9.986982e-01 -5.031334e-02 1.507465e-01 6.440677e-01 4.388641e-02 7.637085e-01 -1.125236e+01
2.735763e-02 1.230088e-01 9.920284e-01 3.260473e+00 5.896505e-02 9.904733e-01 -1.244420e-01 1.752800e-01 -9.978851e-01 6.189945e-02 1.984379e-02 -1.224019e+01
6.528485e-01 -1.063785e-01 -7.499816e-01 3.511730e+00 1.610560e-01 9.869452e-01 2.072436e-04 1.962689e-01 7.401687e-01 -1.209243e-01 6.614587e-01 -1.310441e+01
1.455369e-02 2.716228e-01 9.622937e-01 3.926359e+00 1.300299e-01 9.537091e-01 -2.711662e-01 2.282828e-01 -9.914033e-01 1.290734e-01 -2.143910e-02 -1.426086e+01
4.185023e-01 -3.884943e-02 -9.073844e-01 4.269822e+00 2.750297e-01 9.575952e-01 8.584956e-02 2.574258e-01 8.655717e-01 -2.854859e-01 4.114406e-01 -1.527431e+01
-3.009836e-02 3.768342e-01 9.257916e-01 4.485273e+00 1.714797e-01 9.144260e-01 -3.666330e-01 2.734603e-01 -9.847278e-01 1.477194e-01 -9.214212e-02 -1.594218e+01
6.454783e-01 4.127410e-03 -7.637675e-01 4.889775e+00 2.859585e-01 9.259479e-01 2.466742e-01 3.020756e-01 7.082270e-01 -3.776286e-01 5.964990e-01 -1.699756e+01
1.637216e-01 4.735869e-01 8.653963e-01 5.642430e+00 2.973937e-01 8.127289e-01 -5.010277e-01 3.574083e-01 -9.406127e-01 3.393925e-01 -7.780455e-03 -1.872543e+01
8.003860e-01 1.083693e-01 -5.896087e-01 6.039039e+00 2.182346e-01 8.633691e-01 4.549367e-01 3.867323e-01 5.583511e-01 -4.927979e-01 6.673786e-01 -1.980398e+01
2.054804e-01 3.059052e-01 9.296235e-01 6.431657e+00 5.287157e-01 7.646443e-01 -3.684818e-01 4.129354e-01 -8.235518e-01 5.672223e-01 -4.617465e-03 -2.079979e+01
7.454270e-01 3.821895e-01 -5.461408e-01 6.808410e+00 -4.465630e-02 8.461003e-01 5.311498e-01 4.393444e-01 6.650898e-01 -3.715448e-01 6.477732e-01 -2.178661e+01
1.667458e-01 2.753751e-02 9.856153e-01 7.112788e+00 6.206228e-01 7.738188e-01 -1.266167e-01 4.591346e-01 -7.661744e-01 6.328081e-01 1.119407e-01 -2.258941e+01
8.285579e-01 4.348610e-01 -3.526863e-01 7.606605e+00 -3.616784e-01 8.965391e-01 2.557468e-01 4.950567e-01 4.274114e-01 -8.434205e-02 9.001144e-01 -2.387860e+01
2.912566e-01 -2.923278e-01 9.108864e-01 7.964805e+00 4.833540e-01 8.666583e-01 1.235811e-01 5.198835e-01 -8.255535e-01 4.042867e-01 3.937178e-01 -2.484219e+01
8.034294e-01 3.492058e-01 -4.822412e-01 8.292244e+00 -3.842413e-01 9.228058e-01 2.807386e-02 5.410430e-01 4.548185e-01 1.627416e-01 8.755886e-01 -2.569199e+01
3.682680e-01 -3.371167e-01 8.664474e-01 8.604108e+00 2.889496e-01 9.272942e-01 2.379781e-01 5.617393e-01 -8.836780e-01 1.627199e-01 4.389025e-01 -2.651475e+01
8.453570e-01 1.451938e-01 -5.140917e-01 9.012636e+00 -2.614851e-01 9.516503e-01 -1.612058e-01 5.847945e-01 4.658295e-01 2.707037e-01 8.424502e-01 -2.739620e+01
3.981242e-01 -2.104887e-01 8.928559e-01 9.406895e+00 7.402484e-02 9.775162e-01 1.974395e-01 6.100389e-01 -9.143399e-01 -1.251196e-02 4.047543e-01 -2.833235e+01
8.117046e-01 -4.641811e-02 -5.822208e-01 9.765890e+00 -9.053484e-02 9.747891e-01 -2.039354e-01 6.308876e-01 5.770087e-01 2.182465e-01 7.870383e-01 -2.914379e+01
4.113744e-01 -3.212525e-02 9.109002e-01 1.021281e+01 -3.974837e-02 9.977956e-01 5.314073e-02 6.594126e-01 -9.105994e-01 -5.806753e-02 4.091906e-01 -3.013254e+01
4.413475e-01 -6.414332e-02 -8.950408e-01 1.031075e+01 -2.371890e-02 9.962595e-01 -8.309305e-02 6.638154e-01 8.970228e-01 5.790229e-02 4.381752e-01 -3.035340e+01
1.475519e-01 5.107498e-02 9.877347e-01 1.048582e+01 -3.059115e-02 9.984236e-01 -4.705787e-02 6.736921e-01 -9.885811e-01 -2.327246e-02 1.488818e-01 -3.073684e+01
8.227942e-01 -2.185340e-01 -5.246452e-01 1.090635e+01 1.911983e-01 9.757478e-01 -1.065811e-01 7.029007e-01 5.352130e-01 -1.261699e-02 8.446229e-01 -3.181772e+01
1.618699e-01 2.946252e-01 9.418036e-01 1.134005e+01 5.684289e-03 9.540958e-01 -2.994476e-01 7.326172e-01 -9.867957e-01 5.382504e-02 1.527647e-01 -3.292043e+01
7.262788e-01 -1.568145e-01 -6.692745e-01 1.171253e+01 3.205530e-01 9.385494e-01 1.279486e-01 7.569343e-01 6.080830e-01 -3.074643e-01 7.319158e-01 -3.384029e+01
4.614822e-01 3.595552e-01 8.110205e-01 1.196374e+01 5.968076e-02 8.995337e-01 -4.327556e-01 7.736220e-01 -8.851397e-01 2.481113e-01 3.936603e-01 -3.450602e+01
8.245337e-01 -4.227635e-02 -5.642313e-01 1.220148e+01 2.694639e-01 9.061963e-01 3.258795e-01 7.884770e-01 4.975273e-01 -4.207385e-01 7.585813e-01 -3.514763e+01
5.151868e-01 2.845650e-01 8.084586e-01 1.246102e+01 2.306680e-01 8.624337e-01 -4.505556e-01 8.024375e-01 -8.254543e-01 4.186058e-01 3.786745e-01 -3.577133e+01
9.236091e-01 1.009665e-01 -3.698000e-01 1.278599e+01 6.899063e-02 9.051553e-01 4.194450e-01 8.228235e-01 3.770763e-01 -4.129159e-01 8.290440e-01 -3.658216e+01
6.396184e-01 6.452154e-02 7.659800e-01 1.307251e+01 3.659743e-01 8.507275e-01 -3.772607e-01 8.397214e-01 -6.759816e-01 5.216318e-01 5.205277e-01 -3.728130e+01
9.434734e-01 2.618183e-01 -2.032466e-01 1.341674e+01 -1.727707e-01 9.117895e-01 3.725454e-01 8.606364e-01 2.828573e-01 -3.163716e-01 9.054837e-01 -3.811508e+01
2.874864e-01 -1.037585e-01 9.521480e-01 1.402164e+01 5.788408e-01 8.108492e-01 -8.641131e-02 8.998549e-01 -7.630825e-01 5.759842e-01 2.931678e-01 -3.946971e+01
6.692261e-01 4.658559e-01 -5.788910e-01 1.440366e+01 -2.866382e-01 8.806161e-01 3.772980e-01 9.222616e-01 6.855472e-01 -8.656544e-02 7.228634e-01 -4.031830e+01
4.266909e-02 -1.927618e-01 9.803174e-01 1.471687e+01 5.039730e-01 8.513806e-01 1.454729e-01 9.413655e-01 -8.626648e-01 4.878463e-01 1.334744e-01 -4.110751e+01
7.828483e-01 3.085064e-01 -5.403446e-01 1.519484e+01 -3.477669e-01 9.370629e-01 3.116755e-02 9.730974e-01 5.159522e-01 1.635145e-01 8.408664e-01 -4.226479e+01
1.338305e-01 -2.572238e-01 9.570399e-01 1.582610e+01 2.640201e-01 9.400784e-01 2.157451e-01 1.011217e+00 -9.551873e-01 2.238045e-01 1.937234e-01 -4.355398e+01
7.151435e-01 7.996720e-02 -6.943883e-01 1.644016e+01 -2.035052e-01 9.742176e-01 -9.739502e-02 1.047461e+00 6.686969e-01 2.109630e-01 7.129790e-01 -4.476343e+01
4.190702e-01 -1.731373e-01 8.912932e-01 1.674732e+01 1.542136e-01 9.809603e-01 1.180470e-01 1.069774e+00 -8.947616e-01 8.797957e-02 4.377914e-01 -4.557858e+01
8.463445e-01 -6.950868e-02 -5.280810e-01 1.712591e+01 -6.016269e-02 9.726281e-01 -2.244437e-01 1.095435e+00 5.292272e-01 2.217275e-01 8.189966e-01 -4.646945e+01
6.669792e-02 6.423854e-02 9.957032e-01 1.768552e+01 -3.444007e-02 9.974789e-01 -6.204611e-02 1.132960e+00 -9.971787e-01 -3.015374e-02 6.874215e-02 -4.778492e+01
6.893116e-01 -2.258807e-01 -6.883513e-01 1.820635e+01 2.090909e-01 9.717470e-01 -1.094936e-01 1.168033e+00 6.936357e-01 -6.845279e-02 7.170660e-01 -4.898453e+01
1.592564e-01 3.069905e-01 9.382932e-01 1.858771e+01 5.634043e-03 9.501252e-01 -3.118180e-01 1.195593e+00 -9.872212e-01 5.494539e-02 1.495839e-01 -4.994828e+01
8.825056e-01 -2.223086e-01 -4.144426e-01 1.917735e+01 3.064716e-01 9.402673e-01 1.482314e-01 1.236394e+00 3.567337e-01 -2.578300e-01 8.979225e-01 -5.134190e+01
2.954842e-01 3.969677e-01 8.689682e-01 1.976329e+01 2.524086e-01 8.448231e-01 -4.717667e-01 1.278041e+00 -9.214006e-01 3.587347e-01 1.494338e-01 -5.276031e+01
9.163613e-01 4.255343e-02 -3.980844e-01 2.025442e+01 1.327647e-01 9.057691e-01 4.024374e-01 1.313461e+00 3.776977e-01 -4.216296e-01 8.243621e-01 -5.400632e+01
2.647004e-01 2.291208e-01 9.367162e-01 2.075134e+01 5.294464e-01 7.773393e-01 -3.397500e-01 1.349206e+00 -8.059902e-01 5.858730e-01 8.445485e-02 -5.526716e+01
9.480030e-01 3.094962e-01 -7.417823e-02 2.141626e+01 -2.742527e-01 9.126733e-01 3.030065e-01 1.393767e+00 1.614798e-01 -2.669075e-01 9.500972e-01 -5.682688e+01
1.156763e-01 -1.775935e-01 9.772817e-01 2.218820e+01 5.717866e-01 8.164254e-01 8.068266e-02 1.443941e+00 -8.122063e-01 5.494635e-01 1.959866e-01 -5.853285e+01
9.106772e-01 3.304540e-01 -2.479259e-01 2.294196e+01 -3.606427e-01 9.286430e-01 -8.694245e-02 1.493797e+00 2.015042e-01 1.685892e-01 9.648698e-01 -6.022558e+01
2.328645e-01 -2.884672e-01 9.287415e-01 2.357496e+01 2.258245e-01 9.449306e-01 2.368742e-01 1.536185e+00 -9.459267e-01 1.545730e-01 2.851838e-01 -6.167866e+01
9.363452e-01 8.829557e-03 -3.509698e-01 2.412594e+01 -1.174152e-01 9.499949e-01 -2.893500e-01 1.572583e+00 3.308646e-01 3.121406e-01 8.905598e-01 -6.297913e+01
1.543820e-01 -2.319080e-02 9.877390e-01 2.471491e+01 -6.370642e-02 9.974104e-01 3.337508e-02 1.610909e+00 -9.859552e-01 -6.807783e-02 1.525048e-01 -6.434080e+01
8.769525e-01 -3.200071e-01 -3.585384e-01 2.542513e+01 2.662601e-01 9.446155e-01 -1.918518e-01 1.655819e+00 4.000749e-01 7.278041e-02 9.135880e-01 -6.585926e+01
2.746306e-01 3.540042e-01 8.940129e-01 2.619462e+01 -5.606038e-02 9.340757e-01 -3.526469e-01 1.703054e+00 -9.599142e-01 4.672890e-02 2.763713e-01 -6.741593e+01
9.101385e-01 -3.135800e-01 -2.707685e-01 2.695260e+01 3.650629e-01 9.160207e-01 1.662382e-01 1.757022e+00 1.959006e-01 -2.501473e-01 9.481821e-01 -6.912616e+01
3.281719e-01 4.543852e-01 8.281529e-01 2.765136e+01 2.786760e-01 7.911162e-01 -5.444950e-01 1.808335e+00 -9.025757e-01 4.094744e-01 1.329959e-01 -7.082089e+01
9.649931e-01 6.584566e-02 -2.538753e-01 2.825834e+01 6.221497e-02 8.828759e-01 4.654670e-01 1.851436e+00 2.547893e-01 -4.649673e-01 8.478725e-01 -7.228691e+01
3.850709e-01 1.331957e-01 9.132247e-01 2.880905e+01 5.498420e-01 7.616245e-01 -3.429313e-01 1.887854e+00 -7.412113e-01 6.341821e-01 2.200429e-01 -7.358400e+01
8.810446e-01 3.608318e-01 -3.058770e-01 2.939746e+01 -2.129990e-01 8.799856e-01 4.245666e-01 1.925421e+00 4.223645e-01 -3.089106e-01 8.521634e-01 -7.486272e+01
1.843799e-01 -1.119243e-01 9.764615e-01 3.008564e+01 6.374166e-01 7.698497e-01 -3.211791e-02 1.970223e+00 -7.481338e-01 6.283346e-01 2.132873e-01 -7.633404e+01
8.481363e-01 4.242188e-01 -3.173376e-01 3.078621e+01 -4.077922e-01 9.051408e-01 1.201068e-01 2.015057e+00 3.381868e-01 2.754087e-02 9.406759e-01 -7.784383e+01
2.265024e-01 -3.268405e-01 9.175358e-01 3.143085e+01 4.217631e-01 8.820336e-01 2.100779e-01 2.056566e+00 -8.779593e-01 3.393996e-01 3.376320e-01 -7.923006e+01
7.404745e-01 2.476172e-01 -6.248066e-01 3.189788e+01 -3.381279e-01 9.406859e-01 -2.792081e-02 2.084035e+00 5.808331e-01 2.319392e-01 7.802802e-01 -8.022686e+01
3.968364e-01 -3.310831e-01 8.560986e-01 3.211339e+01 2.027157e-01 9.412640e-01 2.700526e-01 2.093215e+00 -8.952247e-01 6.637792e-02 4.406436e-01 -8.070929e+01
8.248050e-01 8.907015e-02 -5.583576e-01 3.239430e+01 -2.347316e-01 9.523358e-01 -1.948269e-01 2.108973e+00 5.143907e-01 2.917584e-01 8.063989e-01 -8.138801e+01
3.206792e-01 -1.785906e-01 9.301990e-01 3.266123e+01 9.506525e-03 9.826213e-01 1.853779e-01 2.126705e+00 -9.471402e-01 -5.060389e-02 3.168040e-01 -8.213448e+01
7.113436e-01 -7.323605e-02 -6.990184e-01 3.284572e+01 -6.660735e-02 9.830559e-01 -1.707764e-01 2.135026e+00 6.996812e-01 1.680405e-01 6.944124e-01 -8.260038e+01
4.468735e-01 -5.174412e-02 8.930995e-01 3.301587e+01 -5.857343e-02 9.944913e-01 8.692648e-02 2.142668e+00 -8.926776e-01 -9.115703e-02 4.413810e-01 -8.300881e+01
7.781015e-01 -1.634539e-01 -6.064989e-01 3.327835e+01 7.441603e-02 9.827373e-01 -1.693803e-01 2.155782e+00 6.237149e-01 8.666185e-02 7.768329e-01 -8.359278e+01
5.711631e-01 5.963464e-02 8.186675e-01 3.352089e+01 -1.099624e-01 9.939264e-01 4.316826e-03 2.166040e+00 -8.134378e-01 -9.248829e-02 5.742516e-01 -8.407201e+01
7.799208e-01 -1.971945e-01 -5.940015e-01 3.376114e+01 1.604811e-01 9.803470e-01 -1.147413e-01 2.176420e+00 6.049539e-01 -5.836928e-03 7.962391e-01 -8.454656e+01
4.824037e-01 1.642552e-01 8.604109e-01 3.397378e+01 -1.084432e-01 9.859038e-01 -1.274117e-01 2.186969e+00 -8.692104e-01 -3.184183e-02 4.934160e-01 -8.504890e+01
8.383928e-01 -2.213202e-01 -4.981113e-01 3.424027e+01 2.439085e-01 9.695863e-01 -2.027246e-02 2.201648e+00 4.874486e-01 -1.044973e-01 8.668761e-01 -8.569068e+01
6.699260e-01 2.264999e-01 7.070339e-01 3.440088e+01 -1.382602e-01 9.737287e-01 -1.809325e-01 2.209240e+00 -7.294404e-01 2.345670e-02 6.836421e-01 -8.610286e+01
6.892984e-01 -1.111735e-01 -7.158968e-01 3.440989e+01 2.247548e-01 9.722164e-01 6.542623e-02 2.205335e+00 6.887329e-01 -2.059994e-01 6.951340e-01 -8.609538e+01
7.209701e-01 1.696042e-01 6.718903e-01 3.438232e+01 -1.006868e-01 9.849357e-01 -1.405840e-01 2.198554e+00 -6.856124e-01 3.370637e-02 7.271861e-01 -8.593123e+01
9.288481e-01 -1.663225e-01 -3.310258e-01 3.445390e+01 1.971319e-01 9.784442e-01 6.153088e-02 2.200706e+00 3.136563e-01 -1.224086e-01 9.416135e-01 -8.619635e+01
6.626733e-01 1.531543e-01 7.330810e-01 3.454987e+01 -9.465394e-03 9.805005e-01 -1.962885e-01 2.202347e+00 -7.488487e-01 1.231363e-01 6.512012e-01 -8.648962e+01
9.771903e-01 -1.313751e-01 -1.668523e-01 3.466399e+01 1.556823e-01 9.775348e-01 1.420868e-01 2.205104e+00 1.444373e-01 -1.648218e-01 9.756903e-01 -8.683868e+01
7.702077e-01 1.140155e-01 6.275194e-01 3.474493e+01 2.003225e-02 9.790817e-01 -2.024790e-01 2.206993e+00 -6.374785e-01 1.685215e-01 7.518122e-01 -8.712652e+01
8.232149e-01 1.081866e-01 -5.573265e-01 3.481569e+01 6.974666e-02 9.549674e-01 2.883968e-01 2.192309e+00 5.634293e-01 -2.762842e-01 7.785977e-01 -8.672447e+01
8.199305e-01 1.048675e-02 5.723670e-01 3.481925e+01 1.311776e-01 9.697870e-01 -2.056835e-01 2.183059e+00 -5.572310e-01 2.437279e-01 7.937823e-01 -8.650277e+01
8.100642e-01 1.281634e-01 -5.721627e-01 3.484999e+01 4.468902e-02 9.594850e-01 2.781933e-01 2.179911e+00 5.846357e-01 -2.509238e-01 7.715169e-01 -8.649794e+01
7.169428e-01 1.780787e-03 6.971297e-01 3.497169e+01 2.084883e-01 9.536817e-01 -2.168499e-01 2.182829e+00 -6.652260e-01 3.008124e-01 6.833639e-01 -8.673803e+01
6.719543e-01 2.432992e-01 -6.994877e-01 3.497263e+01 1.270544e-02 9.405710e-01 3.393593e-01 2.177982e+00 7.404837e-01 -2.369212e-01 6.289295e-01 -8.661500e+01
7.981642e-01 -2.709940e-02 6.018301e-01 3.493789e+01 1.718152e-01 9.677378e-01 -1.842906e-01 2.168538e+00 -5.774196e-01 2.504978e-01 7.770698e-01 -8.621946e+01
5.969402e-01 2.567595e-01 -7.600901e-01 3.488136e+01 8.865996e-03 9.452367e-01 3.262653e-01 2.160756e+00 8.022367e-01 -2.014998e-01 5.619733e-01 -8.583749e+01
6.800394e-01 -5.457426e-02 7.311416e-01 3.486444e+01 2.548397e-01 9.526422e-01 -1.659204e-01 2.153442e+00 -6.874613e-01 2.991564e-01 6.617419e-01 -8.564632e+01
5.694180e-01 3.265891e-01 -7.543890e-01 3.484263e+01 -3.843128e-02 9.272670e-01 3.724231e-01 2.144884e+00 8.211493e-01 -1.830722e-01 5.405537e-01 -8.533119e+01
7.692821e-01 -5.146818e-02 6.368329e-01 3.477562e+01 2.055110e-01 9.637117e-01 -1.703671e-01 2.135913e+00 -6.049548e-01 2.619365e-01 7.519434e-01 -8.484035e+01
5.844575e-01 3.152986e-01 -7.476605e-01 3.469225e+01 -4.154339e-02 9.318364e-01 3.604929e-01 2.126574e+00 8.103602e-01 -1.796324e-01 5.577173e-01 -8.436143e+01
6.434160e-01 -1.126968e-01 7.571759e-01 3.466770e+01 2.815608e-01 9.546100e-01 -9.717596e-02 2.114265e+00 -7.118563e-01 2.757156e-01 6.459424e-01 -8.390411e+01
7.205582e-01 3.325505e-01 -6.084456e-01 3.471961e+01 -1.441500e-01 9.301595e-01 3.376745e-01 2.101237e+00 6.782453e-01 -1.556067e-01 7.181712e-01 -8.359260e+01
5.665619e-01 -1.773820e-01 8.047007e-01 3.472363e+01 3.637716e-01 9.300856e-01 -5.109810e-02 2.093125e+00 -7.393767e-01 3.216775e-01 5.914776e-01 -8.349448e+01
7.805623e-01 3.491992e-01 -5.184422e-01 3.475123e+01 -2.391593e-01 9.331356e-01 2.684416e-01 2.089760e+00 5.775165e-01 -8.554512e-02 8.118847e-01 -8.358738e+01
5.138621e-01 -2.802806e-01 8.107950e-01 3.480934e+01 3.830775e-01 9.206285e-01 7.546326e-02 2.087547e+00 -7.675919e-01 2.718196e-01 5.804453e-01 -8.372850e+01
7.940302e-01 3.570975e-01 -4.919323e-01 3.483888e+01 -3.295336e-01 9.328970e-01 1.452956e-01 2.084138e+00 5.108069e-01 4.673908e-02 8.584240e-01 -8.383055e+01
4.770689e-01 -3.648370e-01 7.995619e-01 3.489838e+01 3.411844e-01 9.152954e-01 2.140737e-01 2.082968e+00 -8.099373e-01 1.706701e-01 5.611357e-01 -8.401429e+01
6.422816e-01 3.702610e-01 -6.711044e-01 3.489390e+01 -4.014492e-01 9.083821e-01 1.169639e-01 2.076866e+00 6.529264e-01 1.942906e-01 7.320781e-01 -8.396473e+01
2.159666e-01 -4.035425e-01 8.891074e-01 3.491343e+01 2.657030e-01 9.005220e-01 3.441833e-01 2.073539e+00 -9.395533e-01 1.619063e-01 3.017051e-01 -8.408087e+01
7.065383e-01 2.181367e-01 -6.732162e-01 3.496069e+01 -3.751118e-01 9.221096e-01 -9.489516e-02 2.073975e+00 6.000790e-01 3.195784e-01 7.333313e-01 -8.433167e+01
2.963873e-01 -3.761271e-01 8.778855e-01 3.500100e+01 5.995194e-02 9.247008e-01 3.759443e-01 2.074418e+00 -9.531843e-01 -5.879416e-02 2.966191e-01 -8.457335e+01
4.689251e-01 9.061214e-02 -8.785777e-01 3.501679e+01 -3.390036e-01 9.370006e-01 -8.429948e-02 2.070772e+00 8.155893e-01 3.373711e-01 4.701010e-01 -8.461497e+01
5.032666e-01 -4.155800e-01 7.576385e-01 3.502054e+01 1.298253e-01 9.031742e-01 4.091720e-01 2.061474e+00 -8.543232e-01 -1.075619e-01 5.084902e-01 -8.439503e+01
4.628859e-01 1.751258e-01 -8.689462e-01 3.501427e+01 -4.050803e-01 9.137337e-01 -3.163334e-02 2.053868e+00 7.884457e-01 3.666356e-01 4.938945e-01 -8.424551e+01
5.211254e-01 -4.513565e-01 7.243657e-01 3.500181e+01 2.107948e-01 8.904933e-01 4.032210e-01 2.046633e+00 -8.270392e-01 -5.743623e-02 5.592023e-01 -8.407514e+01
3.911693e-01 2.876845e-01 -8.741992e-01 3.499021e+01 -4.640257e-01 8.819617e-01 8.260606e-02 2.037603e+00 7.947747e-01 3.733379e-01 4.784893e-01 -8.376950e+01
5.605880e-01 -5.188058e-01 6.454314e-01 3.497759e+01 3.381535e-01 8.548890e-01 3.934679e-01 2.027720e+00 -7.559056e-01 -2.318513e-03 6.546765e-01 -8.338332e+01
3.944097e-01 4.307225e-01 -8.117383e-01 3.496979e+01 -5.291444e-01 8.286526e-01 1.825953e-01 2.017687e+00 7.512970e-01 3.575094e-01 5.547430e-01 -8.299877e+01
5.462139e-01 -5.872027e-01 5.973637e-01 3.495074e+01 4.900552e-01 8.023791e-01 3.406372e-01 2.008587e+00 -6.793352e-01 1.066804e-01 7.260323e-01 -8.266168e+01
5.669041e-01 4.762599e-01 -6.721579e-01 3.495537e+01 -5.660078e-01 8.180348e-01 1.022453e-01 2.006382e+00 5.985440e-01 3.224834e-01 7.333141e-01 -8.269058e+01
6.575993e-01 -5.394789e-01 5.258571e-01 3.493123e+01 4.730991e-01 8.389266e-01 2.690342e-01 2.001900e+00 -5.862938e-01 7.186578e-02 8.069045e-01 -8.259831e+01
5.176491e-01 5.392368e-01 -6.642763e-01 3.490540e+01 -5.162253e-01 8.159958e-01 2.601198e-01 1.993444e+00 6.823128e-01 2.082655e-01 7.007672e-01 -8.228895e+01
6.363083e-01 -5.662786e-01 5.238705e-01 3.489815e+01 5.672851e-01 8.036773e-01 1.796953e-01 1.984447e+00 -5.227804e-01 1.828424e-01 8.326279e-01 -8.198546e+01
5.482707e-01 6.095174e-01 -5.726149e-01 3.486673e+01 -5.254749e-01 7.837362e-01 3.311097e-01 1.976823e+00 6.505962e-01 1.193571e-01 7.499857e-01 -8.174606e+01
6.274923e-01 -5.631678e-01 5.376760e-01 3.484677e+01 6.233284e-01 7.771557e-01 8.654881e-02 1.969424e+00 -4.665994e-01 2.808400e-01 8.386977e-01 -8.153550e+01
4.746042e-01 6.953705e-01 -5.396394e-01 3.482794e+01 -5.141012e-01 7.166388e-01 4.713053e-01 1.960263e+00 7.144584e-01 5.374574e-02 6.976107e-01 -8.114486e+01
6.672844e-01 -5.561063e-01 4.954568e-01 3.477855e+01 6.653872e-01 7.439955e-01 -6.107881e-02 1.951555e+00 -3.346513e-01 3.704275e-01 8.664825e-01 -8.073109e+01
5.938827e-01 6.895606e-01 -4.144991e-01 3.473096e+01 -4.604834e-01 7.137896e-01 5.276926e-01 1.944235e+00 6.597412e-01 -1.225176e-01 7.414385e-01 -8.048722e+01
6.950350e-01 -4.846826e-01 5.310453e-01 3.470456e+01 6.566324e-01 7.287624e-01 -1.942660e-01 1.937198e+00 -2.928486e-01 4.837232e-01 8.247737e-01 -8.028953e+01
5.861138e-01 7.223470e-01 -3.669951e-01 3.467926e+01 -4.095809e-01 6.549671e-01 6.350288e-01 1.927559e+00 6.990809e-01 -2.218849e-01 6.797448e-01 -7.987919e+01
7.579965e-01 -4.422145e-01 4.794660e-01 3.461448e+01 6.189352e-01 7.195996e-01 -3.147946e-01 1.918035e+00 -2.058168e-01 5.353716e-01 8.191561e-01 -7.941116e+01
6.986859e-01 6.559518e-01 -2.855962e-01 3.458949e+01 -3.543707e-01 6.640910e-01 6.583347e-01 1.908889e+00 6.214977e-01 -3.587622e-01 6.964411e-01 -7.909200e+01
5.148227e-01 -3.710345e-01 7.728460e-01 3.461808e+01 7.419094e-01 6.445360e-01 -1.847803e-01 1.906556e+00 -4.295673e-01 6.685108e-01 6.070958e-01 -7.920298e+01
5.746224e-01 7.469763e-01 -3.344181e-01 3.465364e+01 -4.479894e-01 6.290444e-01 6.353020e-01 1.901912e+00 6.849194e-01 -2.152430e-01 6.961005e-01 -7.920844e+01
5.338312e-01 -4.803781e-01 6.958887e-01 3.466119e+01 7.599488e-01 6.334419e-01 -1.457026e-01 1.894362e+00 -3.708127e-01 6.066204e-01 7.032138e-01 -7.907786e+01
6.035307e-01 7.536985e-01 -2.601714e-01 3.466520e+01 -5.345064e-01 6.245651e-01 5.694044e-01 1.887347e+00 5.916532e-01 -2.045898e-01 7.798009e-01 -7.897941e+01
4.796281e-01 -5.564497e-01 6.784693e-01 3.468428e+01 7.944894e-01 6.036164e-01 -6.658709e-02 1.884162e+00 -3.724828e-01 5.709737e-01 7.316048e-01 -7.902643e+01
6.601631e-01 7.413197e-01 -1.209538e-01 3.481513e+01 -7.118249e-01 6.688634e-01 2.143059e-01 1.888377e+00 2.397707e-01 -5.537894e-02 9.692488e-01 -7.938791e+01
5.573898e-01 -7.337610e-01 3.884732e-01 3.486702e+01 7.564171e-01 6.416949e-01 1.267308e-01 1.888276e+00 -3.422714e-01 2.232094e-01 9.127036e-01 -7.956273e+01
7.002390e-01 7.076574e-01 -9.426709e-02 3.496635e+01 -7.136133e-01 6.900240e-01 -1.209253e-01 1.890897e+00 -2.052717e-02 1.519469e-01 9.881755e-01 -7.985836e+01
5.704260e-01 -7.730355e-01 2.775432e-01 3.501901e+01 6.866584e-01 6.342476e-01 3.552890e-01 1.895340e+00 -4.506821e-01 -1.208872e-02 8.926026e-01 -8.019162e+01
2.989818e-01 7.939870e-01 -5.293340e-01 3.513393e+01 -8.360087e-01 4.853988e-01 2.558857e-01 1.885494e+00 4.601080e-01 3.660227e-01 8.089055e-01 -7.955921e+01
5.736605e-01 -8.180901e-01 4.052454e-02 3.527653e+01 8.129335e-01 5.747054e-01 9.408984e-02 1.862832e+00 -1.002636e-01 -2.103187e-02 9.947386e-01 -7.835811e+01
3.916680e-01 8.897994e-01 -2.342076e-01 3.529784e+01 -7.355044e-01 4.557148e-01 5.013555e-01 1.850724e+00 5.528377e-01 -2.410413e-02 8.329403e-01 -7.762796e+01
5.513298e-01 -7.872592e-01 2.761492e-01 3.529008e+01 8.244757e-01 4.635188e-01 -3.246383e-01 1.843658e+00 1.275741e-01 4.066611e-01 9.046279e-01 -7.727804e+01
5.680158e-01 8.144120e-01 1.187064e-01 3.530805e+01 -7.621104e-01 4.660270e-01 4.494514e-01 1.838987e+00 3.107182e-01 -3.457629e-01 8.853826e-01 -7.723388e+01
5.285531e-01 -8.023916e-01 2.771269e-01 3.537462e+01 8.347292e-01 4.318548e-01 -3.416557e-01 1.837743e+00 1.544631e-01 4.119091e-01 8.980379e-01 -7.730160e+01
4.808478e-01 8.728131e-01 8.356279e-02 3.544171e+01 -7.329112e-01 3.477939e-01 5.847055e-01 1.829872e+00 4.812760e-01 -3.423985e-01 8.069304e-01 -7.694144e+01
5.574357e-01 -8.067446e-01 1.960323e-01 3.547945e+01 7.455615e-01 3.825601e-01 -5.456975e-01 1.820890e+00 3.652444e-01 4.503454e-01 8.147304e-01 -7.655278e+01
4.838232e-01 8.025999e-01 3.489248e-01 3.568031e+01 -7.579597e-01 1.849699e-01 6.255263e-01 1.805941e+00 4.375067e-01 -5.671151e-01 6.978311e-01 -7.578309e+01
3.994596e-01 -8.961928e-01 -1.930557e-01 3.622123e+01 1.766896e-01 2.819018e-01 -9.430335e-01 1.812766e+00 8.995626e-01 3.425928e-01 2.709563e-01 -7.567821e+01
4.288752e-01 1.269886e-01 8.943936e-01 3.623879e+01 -8.769980e-01 2.959818e-01 3.785093e-01 1.808427e+00 -2.166578e-01 -9.467147e-01 2.383080e-01 -7.563330e+01
3.849860e-01 -8.508180e-01 -3.576235e-01 3.631493e+01 -4.912923e-02 3.680483e-01 -9.285078e-01 1.799705e+00 9.216139e-01 3.750323e-01 9.989342e-02 -7.526548e+01
6.073982e-01 -1.690192e-01 7.762087e-01 3.655807e+01 -7.311631e-01 2.630819e-01 6.294351e-01 1.785700e+00 -3.105930e-01 -9.498529e-01 3.621488e-02 -7.460786e+01
4.217303e-01 -7.424168e-01 -5.205389e-01 3.688241e+01 -4.215210e-01 3.477528e-01 -8.374891e-01 1.782531e+00 8.027849e-01 5.726127e-01 -1.662864e-01 -7.443860e+01
4.894977e-01 -4.158316e-01 7.664699e-01 3.707931e+01 -6.557556e-01 4.038396e-01 6.378857e-01 1.787699e+00 -5.747839e-01 -8.148605e-01 -7.500529e-02 -7.467995e+01
1.492355e-01 -6.387291e-01 -7.548204e-01 3.753909e+01 -6.575059e-01 5.060476e-01 -5.582130e-01 1.783573e+00 7.385220e-01 5.796041e-01 -3.444479e-01 -7.441996e+01
2.927396e-01 -6.506980e-01 7.006395e-01 3.809471e+01 -3.480135e-01 6.099799e-01 7.119067e-01 1.805959e+00 -8.906122e-01 -4.522352e-01 -4.788639e-02 -7.509895e+01
-3.291225e-01 -3.661900e-01 -8.703926e-01 3.898670e+01 -6.454408e-01 7.600493e-01 -7.570535e-02 1.839127e+00 6.892638e-01 5.368705e-01 -4.865033e-01 -7.589012e+01
-1.227884e-01 -4.938171e-01 8.608529e-01 3.954963e+01 -7.412828e-02 8.695572e-01 4.882369e-01 1.861728e+00 -9.896605e-01 -3.863703e-03 -1.433774e-01 -7.650789e+01
1.720830e-01 -1.702704e-01 -9.702553e-01 3.974403e+01 -3.963924e-01 8.897178e-01 -2.264404e-01 1.873249e+00 9.018096e-01 4.235683e-01 8.561145e-02 -7.702270e+01
-3.601528e-01 -2.540678e-01 8.976300e-01 4.042979e+01 -1.809136e-01 9.629549e-01 1.999703e-01 1.910507e+00 -9.151832e-01 -9.037360e-02 -3.927752e-01 -7.829420e+01
1.503023e-01 -3.922029e-01 -9.075165e-01 4.135791e+01 7.443429e-02 9.198281e-01 -3.851958e-01 1.971905e+00 9.858340e-01 -9.654520e-03 1.674456e-01 -8.017500e+01
-1.420424e-01 2.831574e-01 9.484966e-01 4.222736e+01 -1.561198e-01 9.398109e-01 -3.039441e-01 2.023003e+00 -9.774715e-01 -1.912521e-01 -8.928652e-02 -8.177997e+01
-1.343857e-02 -3.166508e-01 -9.484470e-01 4.288869e+01 3.322609e-01 8.932200e-01 -3.029204e-01 2.061946e+00 9.430918e-01 -3.192026e-01 9.320707e-02 -8.299536e+01
-1.526966e-01 4.983791e-01 8.534061e-01 4.368951e+01 -3.211708e-03 8.632779e-01 -5.047188e-01 2.101385e+00 -9.882679e-01 -7.980974e-02 -1.302190e-01 -8.427834e+01
1.867077e-01 -2.504644e-01 -9.499515e-01 4.464442e+01 6.221815e-01 7.784646e-01 -8.296379e-02 2.159355e+00 7.602831e-01 -5.755523e-01 3.011797e-01 -8.604093e+01
1.326224e-01 6.732014e-01 7.274690e-01 4.499684e+01 -1.383066e-01 7.393410e-01 -6.589736e-01 2.182147e+00 -9.814696e-01 -1.321912e-02 1.911614e-01 -8.680132e+01
-1.310313e-01 1.566182e-02 -9.912545e-01 4.511100e+01 5.804254e-01 8.118025e-01 -6.389840e-02 2.163838e+00 8.037021e-01 -5.837220e-01 -1.154620e-01 -8.597735e+01
2.222265e-02 5.603948e-01 8.279274e-01 4.523147e+01 5.056573e-03 8.280583e-01 -5.606191e-01 2.168606e+00 -9.997403e-01 1.664492e-02 1.556797e-02 -8.613275e+01
4.036686e-01 -1.987102e-01 -8.930655e-01 4.597514e+01 6.226626e-01 7.748562e-01 1.090373e-01 2.219297e+00 6.703305e-01 -6.000934e-01 4.365145e-01 -8.767665e+01
3.162175e-01 5.957014e-01 7.383403e-01 4.677339e+01 2.654741e-01 6.916193e-01 -6.717040e-01 2.265604e+00 -9.107854e-01 4.084148e-01 6.055883e-02 -8.911011e+01
7.842271e-02 3.848331e-02 -9.961772e-01 4.768241e+01 7.992163e-01 5.948739e-01 8.589779e-02 2.317135e+00 5.959054e-01 -8.028973e-01 1.589513e-02 -9.055145e+01
3.398254e-01 8.558502e-01 3.899220e-01 4.884709e+01 -1.460799e-01 4.575962e-01 -8.770783e-01 2.375041e+00 -9.290745e-01 2.410937e-01 2.805253e-01 -9.221089e+01
-6.183139e-02 -2.834859e-01 -9.569810e-01 4.974459e+01 9.265344e-01 3.401901e-01 -1.606385e-01 2.420131e+00 3.710942e-01 -8.966083e-01 2.416250e-01 -9.348261e+01
1.718275e-01 9.383853e-01 2.998473e-01 5.019915e+01 -5.887301e-01 3.418564e-01 -7.324828e-01 2.445638e+00 -7.898558e-01 -5.066843e-02 6.111960e-01 -9.419631e+01
-1.188859e-01 -6.867297e-01 -7.171251e-01 5.045720e+01 8.872074e-01 2.507985e-01 -3.872507e-01 2.451160e+00 4.457905e-01 -6.822773e-01 5.794553e-01 -9.413077e+01
1.163331e-01 8.426362e-01 5.257668e-01 5.060732e+01 -9.518661e-01 2.457306e-01 -1.832143e-01 2.435561e+00 -2.835800e-01 -4.791457e-01 8.306635e-01 -9.318887e+01
-2.772541e-01 -9.258595e-01 -2.567380e-01 5.087889e+01 4.103056e-01 1.275272e-01 -9.029873e-01 2.438433e+00 8.687804e-01 -3.556980e-01 3.445279e-01 -9.300055e+01
5.126098e-01 4.339187e-01 7.409087e-01 5.146104e+01 -8.569851e-01 3.118145e-01 4.103027e-01 2.462217e+00 -5.298806e-02 -8.452729e-01 5.317010e-01 -9.352073e+01
3.510635e-01 -9.195783e-01 -1.764373e-01 5.258223e+01 -6.364351e-02 1.645606e-01 -9.843116e-01 2.514586e+00 9.341862e-01 3.567850e-01 -7.539724e-04 -9.493061e+01
5.068323e-01 -9.296429e-02 8.570173e-01 5.333590e+01 -7.765948e-01 3.823068e-01 5.007416e-01 2.551908e+00 -3.741946e-01 -9.193471e-01 1.215698e-01 -9.598237e+01
8.332585e-02 -9.400284e-01 -3.307619e-01 5.440669e+01 -4.984468e-01 2.480965e-01 -8.306617e-01 2.603190e+00 8.629065e-01 2.340828e-01 -4.478813e-01 -9.741948e+01
3.862807e-01 -4.172631e-01 8.226048e-01 5.582887e+01 -6.910805e-01 4.597364e-01 5.577187e-01 2.669410e+00 -6.108968e-01 -7.839221e-01 -1.107752e-01 -9.919818e+01
-8.063406e-03 -8.006709e-01 -5.990502e-01 5.634152e+01 -7.527826e-01 3.991927e-01 -5.234153e-01 2.697695e+00 6.582199e-01 4.467340e-01 -6.059500e-01 -9.991493e+01
2.135704e-01 -6.614720e-01 7.189175e-01 5.662333e+01 -5.728845e-01 5.112845e-01 6.406181e-01 2.716195e+00 -7.913224e-01 -5.486738e-01 -2.697518e-01 -1.003869e+02
-1.417990e-01 -6.338690e-01 -7.603309e-01 5.708302e+01 -7.810158e-01 5.435619e-01 -3.074974e-01 2.741939e+00 6.082000e-01 5.502277e-01 -5.721383e-01 -1.010913e+02
2.921830e-02 -6.992971e-01 7.142338e-01 5.759965e+01 -4.361688e-01 6.340043e-01 6.385885e-01 2.771358e+00 -8.993904e-01 -3.301850e-01 -2.864870e-01 -1.019430e+02
-2.171282e-01 -4.653166e-01 -8.581001e-01 5.833906e+01 -6.580698e-01 7.190519e-01 -2.234020e-01 2.810802e+00 7.209712e-01 5.161829e-01 -4.623373e-01 -1.030892e+02
-1.747050e-02 -6.113066e-01 7.912010e-01 5.873498e+01 -2.052610e-01 7.766600e-01 5.955394e-01 2.808034e+00 -9.785513e-01 -1.519984e-01 -1.390461e-01 -1.026955e+02
-4.415290e-01 -2.512656e-01 -8.613465e-01 5.946712e+01 -4.174853e-01 9.072705e-01 -5.065790e-02 2.827368e+00 7.942028e-01 3.372325e-01 -5.054860e-01 -1.030557e+02
-3.774661e-02 -4.125297e-01 9.101618e-01 5.980323e+01 -1.184366e-01 9.062379e-01 4.058394e-01 2.814209e+00 -9.922439e-01 -9.247743e-02 -8.306604e-02 -1.020264e+02
-5.232050e-01 -1.621405e-01 -8.366403e-01 5.995351e+01 -3.748479e-01 9.254496e-01 5.506484e-02 2.810203e+00 7.653401e-01 3.424231e-01 -5.449779e-01 -1.014826e+02
-2.766633e-02 -2.872799e-01 9.574470e-01 6.019616e+01 2.257607e-01 9.312707e-01 2.859493e-01 2.814425e+00 -9.737899e-01 2.240651e-01 3.909168e-02 -1.014396e+02
-4.011452e-02 4.740985e-02 -9.980697e-01 6.064204e+01 -2.087263e-01 9.764392e-01 5.477151e-02 2.840329e+00 9.771510e-01 2.105205e-01 -2.927370e-02 -1.022512e+02
-3.075308e-01 -1.372583e-01 9.415864e-01 6.077472e+01 4.058236e-02 9.867491e-01 1.570963e-01 2.848749e+00 -9.506723e-01 8.652376e-02 -2.978855e-01 -1.026762e+02
-1.760524e-01 1.132003e-02 -9.843157e-01 6.127237e+01 2.540924e-02 9.996530e-01 6.951772e-03 2.871751e+00 9.840528e-01 -2.378684e-02 -1.762790e-01 -1.034820e+02
-3.014805e-01 1.649478e-01 9.390962e-01 6.178019e+01 9.832945e-02 9.850495e-01 -1.414523e-01 2.901091e+00 -9.483885e-01 4.969569e-02 -3.131924e-01 -1.044626e+02
-5.652190e-01 1.025418e-01 -8.185430e-01 6.235087e+01 2.902444e-01 9.535210e-01 -8.096807e-02 2.924817e+00 7.721954e-01 -2.833422e-01 -5.687103e-01 -1.051862e+02
-4.827548e-01 3.198364e-01 8.152622e-01 6.238652e+01 5.203230e-02 9.397550e-01 -3.378655e-01 2.928155e+00 -8.742085e-01 -1.206862e-01 -4.703130e-01 -1.053381e+02
-5.658944e-01 -1.404798e-03 -8.244766e-01 6.242302e+01 2.852110e-01 9.379257e-01 -1.973578e-01 2.931283e+00 7.735750e-01 -3.468335e-01 -5.303662e-01 -1.054738e+02
-6.657945e-01 3.565770e-01 6.554163e-01 6.258987e+01 1.031329e-01 9.139633e-01 -3.924726e-01 2.941567e+00 -7.389731e-01 -1.937111e-01 -6.452865e-01 -1.059289e+02
-3.276512e-01 6.280802e-02 -9.427088e-01 6.286749e+01 4.821399e-01 8.692037e-01 -1.096635e-01 2.958451e+00 8.125182e-01 -4.904489e-01 -3.150779e-01 -1.066228e+02
-4.007282e-01 5.879904e-01 7.026267e-01 6.330931e+01 2.084130e-01 8.052911e-01 -5.550408e-01 2.982066e+00 -8.921776e-01 -7.598398e-02 -4.452477e-01 -1.074449e+02
-9.307455e-02 1.025536e-01 -9.903635e-01 6.387848e+01 6.960264e-01 7.179606e-01 8.933206e-03 3.015819e+00 7.119582e-01 -6.884877e-01 -1.382039e-01 -1.085722e+02
-1.738392e-01 7.589818e-01 6.274763e-01 6.426854e+01 2.084594e-01 6.510999e-01 -7.298038e-01 3.041327e+00 -9.624576e-01 3.934838e-03 -2.714036e-01 -1.094236e+02
6.441672e-02 1.365908e-01 -9.885310e-01 6.445989e+01 7.638624e-01 6.306874e-01 1.369220e-01 3.054663e+00 6.421562e-01 -7.639217e-01 -6.370977e-02 -1.099756e+02
-3.642062e-02 8.007384e-01 5.979060e-01 6.464772e+01 2.922710e-01 5.806778e-01 -7.598625e-01 3.067294e+00 -9.556418e-01 1.470759e-01 -2.551813e-01 -1.105107e+02
-2.943587e-02 2.323914e-01 -9.721768e-01 6.491896e+01 7.837475e-01 6.090097e-01 1.218485e-01 3.085686e+00 6.203816e-01 -7.583544e-01 -2.000629e-01 -1.111463e+02
-1.285293e-01 8.103467e-01 5.716804e-01 6.497704e+01 3.705503e-01 5.739509e-01 -7.302553e-01 3.088568e+00 -9.198765e-01 1.179772e-01 -3.740437e-01 -1.113962e+02
-1.406967e-01 3.061219e-01 -9.415380e-01 6.543516e+01 8.950967e-01 4.457322e-01 1.116390e-02 3.115768e+00 4.230913e-01 -8.411969e-01 -3.367217e-01 -1.122537e+02
-1.645538e-01 9.100840e-01 3.803539e-01 6.558176e+01 2.742099e-01 4.126182e-01 -8.686514e-01 3.126916e+00 -9.474867e-01 -3.864307e-02 -3.174519e-01 -1.126877e+02
-3.965056e-01 2.900493e-01 -8.710079e-01 6.554577e+01 8.572280e-01 4.565276e-01 -2.382071e-01 3.120965e+00 3.285474e-01 -8.411028e-01 -4.296541e-01 -1.124881e+02
-4.274815e-01 8.525284e-01 3.007571e-01 6.557271e+01 2.816773e-01 4.417339e-01 -8.517800e-01 3.122942e+00 -8.590213e-01 -2.794037e-01 -4.289709e-01 -1.126729e+02
7.687001e-02 1.979401e-01 -9.771953e-01 6.578774e+01 9.117779e-01 3.826129e-01 1.492259e-01 3.138920e+00 4.034254e-01 -9.024561e-01 -1.510659e-01 -1.133535e+02
-4.509454e-02 9.507584e-01 3.066350e-01 6.606827e+01 6.581718e-01 2.591867e-01 -7.068466e-01 3.157823e+00 -7.515160e-01 1.699436e-01 -6.374503e-01 -1.141153e+02
2.627110e-01 5.418110e-01 -7.983882e-01 6.678468e+01 9.119480e-01 1.308548e-01 3.888802e-01 3.195050e+00 3.151725e-01 -8.302517e-01 -4.597265e-01 -1.153288e+02
3.738021e-01 8.956778e-01 2.409010e-01 6.747374e+01 5.378742e-01 2.262380e-03 -8.430221e-01 3.231824e+00 -7.556212e-01 4.446978e-01 -4.809163e-01 -1.164436e+02
2.655580e-01 4.796086e-01 -8.363340e-01 6.765644e+01 9.503161e-01 1.591897e-02 3.108793e-01 3.247378e+00 1.624139e-01 -8.773381e-01 -4.515524e-01 -1.167229e+02
4.232020e-01 9.060340e-01 -1.559045e-03 6.790484e+01 4.401261e-02 -2.227662e-02 -9.987826e-01 3.243164e+00 -9.049657e-01 4.226182e-01 -4.930443e-02 -1.164176e+02
