9.999961e-01 9.009896e-04 -2.645610e-03 2.225550e-01 -8.952613e-04 9.999973e-01 2.165583e-03 1.846151e-03 2.647553e-03 -2.163207e-03 9.999942e-01 -4.077192e-01
9.999998e-01 2.363919e-06 -5.741884e-04 4.086425e-01 -2.338823e-06 1.000000e+00 4.366342e-05 2.942262e-03 5.741889e-04 -4.366135e-05 9.999998e-01 -7.492861e-01
9.999974e-01 9.564780e-04 -2.065104e-03 6.629212e-01 -9.518188e-04 9.999970e-01 2.255934e-03 4.696917e-03 2.067255e-03 -2.253963e-03 9.999953e-01 -1.184147e+00
9.999988e-01 -1.876338e-04 -1.553922e-03 8.387492e-01 1.870382e-04 9.999999e-01 -3.834086e-04 5.058047e-03 1.553994e-03 3.831182e-04 9.999987e-01 -1.508415e+00
9.999932e-01 5.418371e-04 -3.637292e-03 8.696878e-01 -5.348244e-04 9.999980e-01 1.928704e-03 1.913516e-03 3.638329e-03 -1.926747e-03 9.999915e-01 -1.571945e+00
9.999726e-01 -3.858003e-04 -7.387756e-03 8.791672e-01 3.826416e-04 9.999998e-01 -4.289685e-04 -1.009695e-02 7.387921e-03 4.261306e-04 9.999726e-01 -1.263363e+00
9.999992e-01 5.435410e-04 -1.127703e-03 8.778245e-01 -5.423425e-04 9.999993e-01 1.062866e-03 -1.845431e-02 1.128280e-03 -1.062254e-03 9.999988e-01 -1.056835e+00
9.999411e-01 -3.190553e-04 -1.085257e-02 8.799698e-01 3.254448e-04 9.999998e-01 5.869937e-04 -3.138676e-02 1.085238e-02 -5.904903e-04 9.999409e-01 -6.763850e-01
9.999974e-01 5.559471e-04 -2.199661e-03 8.482013e-01 -5.554947e-04 9.999998e-01 2.062910e-04 -4.557021e-02 2.199775e-03 -2.050693e-04 9.999976e-01 -1.090268e-01
9.999836e-01 -3.933884e-04 -5.719503e-03 8.403302e-01 3.958793e-04 9.999998e-01 4.343738e-04 -5.278351e-02 5.719332e-03 -4.366302e-04 9.999835e-01 7.256135e-02
9.999985e-01 9.340112e-04 1.481219e-03 9.486827e-01 -9.360639e-04 9.999986e-01 1.385710e-03 -5.370492e-02 -1.479923e-03 -1.387095e-03 9.999979e-01 -1.372381e-01
9.999920e-01 2.926520e-04 -3.978877e-03 1.221461e+00 -2.875140e-04 9.999991e-01 1.291821e-03 -5.039727e-02 3.979252e-03 -1.290666e-03 9.999912e-01 -6.179655e-01
9.999984e-01 7.374030e-04 1.614395e-03 1.457038e+00 -7.394068e-04 9.999990e-01 1.240924e-03 -4.740165e-02 -1.613479e-03 -1.242117e-03 9.999979e-01 -1.055703e+00
9.999898e-01 9.389895e-05 -4.525948e-03 1.653691e+00 -8.938899e-05 9.999995e-01 9.966490e-04 -4.613262e-02 4.526040e-03 -9.962335e-04 9.999893e-01 -1.416244e+00
9.999981e-01 3.821838e-04 1.901932e-03 1.797951e+00 -3.838727e-04 9.999995e-01 8.876781e-04 -4.552258e-02 -1.901593e-03 -8.884072e-04 9.999978e-01 -1.705649e+00
9.999860e-01 1.315420e-04 -5.292937e-03 1.914925e+00 -1.270983e-04 9.999996e-01 8.398719e-04 -4.545905e-02 5.293046e-03 -8.391867e-04 9.999856e-01 -1.951246e+00
9.999976e-01 3.990459e-04 2.141559e-03 2.048645e+00 -4.011625e-04 9.999994e-01 9.880054e-04 -4.470213e-02 -2.141164e-03 -9.888629e-04 9.999972e-01 -2.227437e+00
9.999776e-01 3.599245e-05 -6.691981e-03 2.100787e+00 -3.064348e-05 9.999997e-01 7.994041e-04 -4.652264e-02 6.692008e-03 -7.991804e-04 9.999773e-01 -2.353929e+00
9.999946e-01 5.475051e-04 3.242163e-03 2.222554e+00 -5.510424e-04 9.999993e-01 1.090210e-03 -4.614771e-02 -3.241564e-03 -1.091991e-03 9.999941e-01 -2.602929e+00
9.999650e-01 1.095604e-04 -8.367467e-03 2.274572e+00 -1.026770e-04 9.999997e-01 8.230656e-04 -4.739221e-02 8.367554e-03 -8.221769e-04 9.999647e-01 -2.727081e+00
9.999831e-01 1.028863e-03 5.718885e-03 2.515065e+00 -1.038518e-03 9.999980e-01 1.685425e-03 -4.402338e-02 -5.717141e-03 -1.691336e-03 9.999822e-01 -3.171872e+00
9.999608e-01 -2.801206e-04 -8.851070e-03 2.687668e+00 2.829377e-04 9.999999e-01 3.170267e-04 -4.318079e-02 8.850981e-03 -3.195178e-04 9.999608e-01 -3.499452e+00
9.999853e-01 1.067363e-03 5.309685e-03 2.839130e+00 -1.077032e-03 9.999978e-01 1.818482e-03 -4.318485e-02 -5.307732e-03 -1.824175e-03 9.999843e-01 -3.781102e+00
9.999546e-01 -6.723607e-04 -9.502692e-03 2.920011e+00 6.705606e-04 9.999998e-01 -1.926222e-04 -4.499893e-02 9.502819e-03 1.862420e-04 9.999548e-01 -3.937734e+00
9.999996e-01 9.046224e-04 2.126211e-04 2.938194e+00 -9.049769e-04 9.999982e-01 1.672967e-03 -5.382479e-02 -2.111077e-04 -1.673159e-03 9.999986e-01 -3.767580e+00
9.999561e-01 -6.738584e-04 -9.341338e-03 2.957048e+00 6.707632e-04 9.999997e-01 -3.344831e-04 -6.338844e-02 9.341561e-03 3.282034e-04 9.999563e-01 -3.583482e+00
9.999918e-01 1.323736e-03 3.830682e-03 3.027785e+00 -1.331337e-03 9.999971e-01 1.982226e-03 -6.737851e-02 -3.828047e-03 -1.987311e-03 9.999907e-01 -3.670887e+00
9.999708e-01 -1.731422e-04 -7.645049e-03 3.225022e+00 1.751037e-04 1.000000e+00 2.559016e-04 -6.754634e-02 7.645005e-03 -2.572321e-04 9.999707e-01 -3.996641e+00
9.999900e-01 1.555152e-03 4.194560e-03 3.518284e+00 -1.565190e-03 9.999959e-01 2.390851e-03 -6.590170e-02 -4.190825e-03 -2.397393e-03 9.999883e-01 -4.462689e+00
9.999682e-01 -3.416853e-04 -7.961484e-03 3.744965e+00 3.416051e-04 9.999999e-01 -1.144584e-05 -6.452000e-02 7.961487e-03 8.726510e-06 9.999683e-01 -4.846498e+00
9.999899e-01 1.339608e-03 4.301058e-03 3.922036e+00 -1.349542e-03 9.999964e-01 2.307617e-03 -6.379401e-02 -4.297952e-03 -2.313399e-03 9.999881e-01 -5.158901e+00
9.999716e-01 -2.672723e-04 -7.527934e-03 4.141975e+00 2.681253e-04 1.000000e+00 1.122983e-04 -6.226624e-02 7.527904e-03 -1.143128e-04 9.999717e-01 -5.541635e+00
9.999871e-01 1.757415e-03 4.762564e-03 4.456665e+00 -1.770286e-03 9.999948e-01 2.699568e-03 -5.824808e-02 -4.757795e-03 -2.707965e-03 9.999850e-01 -6.072252e+00
9.999694e-01 2.732445e-05 -7.825824e-03 4.822408e+00 -2.640794e-05 1.000000e+00 1.172082e-04 -5.360420e-02 7.825827e-03 -1.169972e-04 9.999694e-01 -6.669974e+00
9.999883e-01 1.523332e-03 4.599375e-03 5.165200e+00 -1.535546e-03 9.999953e-01 2.653049e-03 -5.023035e-02 -4.595312e-03 -2.660081e-03 9.999859e-01 -7.213038e+00
9.999746e-01 7.100605e-05 -7.132250e-03 5.509749e+00 -6.955080e-05 1.000000e+00 2.042767e-04 -4.546816e-02 7.132265e-03 -2.037748e-04 9.999745e-01 -7.798716e+00
9.999873e-01 1.382703e-03 4.839863e-03 5.816649e+00 -1.395032e-03 9.999958e-01 2.544805e-03 -4.068409e-02 -4.836324e-03 -2.551525e-03 9.999850e-01 -8.344427e+00
9.999698e-01 -3.697245e-04 -7.767028e-03 6.042083e+00 3.674615e-04 9.999999e-01 -2.928055e-04 -3.865019e-02 7.767136e-03 2.899432e-04 9.999698e-01 -8.746319e+00
9.999889e-01 9.480310e-04 4.625635e-03 6.196244e+00 -9.580860e-04 9.999972e-01 2.172012e-03 -3.903786e-02 -4.623564e-03 -2.176421e-03 9.999869e-01 -9.028463e+00
9.999667e-01 -3.458200e-04 -8.151028e-03 6.314617e+00 3.430614e-04 9.999999e-01 -3.398430e-04 -3.969861e-02 8.151145e-03 3.370361e-04 9.999667e-01 -9.259768e+00
9.999885e-01 9.452333e-04 4.691553e-03 6.445990e+00 -9.554560e-04 9.999972e-01 2.177174e-03 -4.044192e-02 -4.689483e-03 -2.181633e-03 9.999866e-01 -9.504138e+00
9.999714e-01 1.088697e-04 -7.561846e-03 6.663183e+00 -1.076130e-04 1.000000e+00 1.665792e-04 -3.908270e-02 7.561864e-03 -1.657600e-04 9.999714e-01 -9.887480e+00
9.999856e-01 1.016910e-03 5.268088e-03 6.918692e+00 -1.029345e-03 9.999967e-01 2.358242e-03 -3.637923e-02 -5.265673e-03 -2.363632e-03 9.999833e-01 -1.034393e+01
9.999729e-01 2.752607e-04 -7.355819e-03 7.200715e+00 -2.733264e-04 9.999999e-01 2.639565e-04 -3.346393e-02 7.355891e-03 -2.619381e-04 9.999729e-01 -1.082790e+01
9.999877e-01 7.457933e-04 4.901774e-03 7.431021e+00 -7.558111e-04 9.999976e-01 2.042170e-03 -3.189402e-02 -4.900240e-03 -2.045850e-03 9.999859e-01 -1.123413e+01
9.999744e-01 4.833689e-04 -7.134123e-03 7.702399e+00 -4.802289e-04 9.999998e-01 4.418325e-04 -2.926148e-02 7.134336e-03 -4.383945e-04 9.999745e-01 -1.170358e+01
9.999851e-01 9.039091e-04 5.390770e-03 8.021191e+00 -9.158295e-04 9.999971e-01 2.209190e-03 -2.497361e-02 -5.388758e-03 -2.214095e-03 9.999830e-01 -1.226485e+01
9.999721e-01 6.852566e-04 -7.442465e-03 8.284365e+00 -6.825795e-04 9.999997e-01 3.622255e-04 -2.001705e-02 7.442711e-03 -3.571346e-04 9.999722e-01 -1.277686e+01
9.999852e-01 9.246453e-04 5.362233e-03 8.599234e+00 -9.367124e-04 9.999970e-01 2.248308e-03 -1.520219e-02 -5.360138e-03 -2.253299e-03 9.999831e-01 -1.333276e+01
9.999711e-01 8.840631e-04 -7.547120e-03 8.971790e+00 -8.793000e-04 9.999994e-01 6.344051e-04 -9.590802e-03 7.547676e-03 -6.277499e-04 9.999713e-01 -1.396679e+01
9.999809e-01 7.503883e-04 6.134121e-03 9.301197e+00 -7.635117e-04 9.999974e-01 2.137335e-03 -3.575769e-03 -6.132502e-03 -2.141978e-03 9.999789e-01 -1.456847e+01
9.999657e-01 1.045048e-03 -8.212095e-03 9.658967e+00 -1.039208e-03 9.999992e-01 7.154177e-04 1.780144e-03 8.212836e-03 -7.068584e-04 9.999660e-01 -1.517772e+01
9.999848e-01 1.346133e-03 5.353431e-03 1.017576e+01 -1.360041e-03 9.999957e-01 2.595025e-03 8.408063e-03 -5.349915e-03 -2.602267e-03 9.999823e-01 -1.598090e+01
9.999596e-01 8.824844e-04 -8.950697e-03 1.065603e+01 -8.777527e-04 9.999995e-01 5.325530e-04 1.469612e-02 8.951163e-03 -5.246742e-04 9.999598e-01 -1.673266e+01
9.999830e-01 2.219830e-03 5.397618e-03 1.127885e+01 -2.238071e-03 9.999918e-01 3.375849e-03 2.196797e-02 -5.390081e-03 -3.387872e-03 9.999797e-01 -1.765449e+01
9.999636e-01 9.865724e-04 -8.480055e-03 1.200136e+01 -9.819594e-04 9.999994e-01 5.481198e-04 3.180538e-02 8.480591e-03 -5.397720e-04 9.999639e-01 -1.874103e+01
9.999842e-01 1.655105e-03 5.365930e-03 1.259469e+01 -1.670205e-03 9.999947e-01 2.810694e-03 3.799216e-02 -5.361250e-03 -2.819613e-03 9.999817e-01 -1.961560e+01
9.999597e-01 1.118544e-03 -8.906527e-03 1.316668e+01 -1.112266e-03 9.999991e-01 7.098791e-04 4.478531e-02 8.907313e-03 -6.999434e-04 9.999601e-01 -2.047529e+01
9.999853e-01 1.039535e-03 5.319051e-03 1.366538e+01 -1.051774e-03 9.999968e-01 2.298713e-03 5.014534e-02 -5.316645e-03 -2.304275e-03 9.999832e-01 -2.123467e+01
9.999573e-01 1.140418e-03 -9.169456e-03 1.414699e+01 -1.133094e-03 9.999990e-01 8.039088e-04 5.398719e-02 9.170364e-03 -7.934839e-04 9.999576e-01 -2.193232e+01
9.999822e-01 1.278149e-03 5.832777e-03 1.468317e+01 -1.292150e-03 9.999963e-01 2.397189e-03 6.049045e-02 -5.829692e-03 -2.404683e-03 9.999801e-01 -2.275115e+01
9.999504e-01 7.821404e-04 -9.930752e-03 1.512088e+01 -7.781313e-04 9.999996e-01 4.075541e-04 6.465800e-02 9.931067e-03 -3.998058e-04 9.999506e-01 -2.340842e+01
9.999810e-01 1.406923e-03 6.009333e-03 1.561639e+01 -1.423741e-03 9.999951e-01 2.795241e-03 6.886637e-02 -6.005371e-03 -2.803744e-03 9.999780e-01 -2.412607e+01
9.999558e-01 1.164418e-03 -9.327367e-03 1.618534e+01 -1.159030e-03 9.999992e-01 5.830562e-04 7.630128e-02 9.328038e-03 -5.722191e-04 9.999563e-01 -2.499635e+01
9.999810e-01 1.111245e-03 6.059892e-03 1.669183e+01 -1.126844e-03 9.999961e-01 2.571447e-03 8.201560e-02 -6.057011e-03 -2.578227e-03 9.999783e-01 -2.577767e+01
9.999510e-01 5.726629e-04 -9.878405e-03 1.707041e+01 -5.706961e-04 9.999998e-01 2.019071e-04 8.408966e-02 9.878519e-03 -1.962589e-04 9.999512e-01 -2.635305e+01
9.999811e-01 8.504940e-04 6.083053e-03 1.739439e+01 -8.648725e-04 9.999968e-01 2.361442e-03 8.498773e-02 -6.081026e-03 -2.366659e-03 9.999787e-01 -2.682805e+01
9.999533e-01 1.173652e-03 -9.593233e-03 1.780971e+01 -1.167585e-03 9.999991e-01 6.379078e-04 8.894378e-02 9.593974e-03 -6.266764e-04 9.999538e-01 -2.746377e+01
9.999749e-01 1.289842e-03 6.965782e-03 1.837314e+01 -1.309496e-03 9.999952e-01 2.817686e-03 9.586879e-02 -6.962114e-03 -2.826738e-03 9.999718e-01 -2.831879e+01
9.999515e-01 1.074076e-03 -9.792836e-03 1.887558e+01 -1.069367e-03 9.999993e-01 4.860503e-04 1.030428e-01 9.793351e-03 -4.755538e-04 9.999519e-01 -2.912024e+01
9.999747e-01 3.661077e-04 7.098182e-03 1.920330e+01 -3.812988e-04 9.999976e-01 2.138892e-03 1.071970e-01 -7.097382e-03 -2.141545e-03 9.999725e-01 -2.967849e+01
9.999469e-01 5.677583e-04 -1.028645e-02 1.939426e+01 -5.680637e-04 9.999998e-01 -2.677976e-05 1.080080e-01 1.028643e-02 3.262241e-05 9.999471e-01 -3.001977e+01
9.999742e-01 7.246696e-04 7.141181e-03 1.967042e+01 -7.432181e-04 9.999964e-01 2.595077e-03 1.104016e-01 -7.139275e-03 -2.600319e-03 9.999711e-01 -3.047456e+01
9.999535e-01 1.023500e-03 -9.592754e-03 2.004738e+01 -1.020044e-03 9.999994e-01 3.651341e-04 1.156977e-01 9.593123e-03 -3.553314e-04 9.999539e-01 -3.110608e+01
9.999732e-01 1.024341e-03 7.252355e-03 2.041789e+01 -1.045545e-03 9.999952e-01 2.920437e-03 1.229396e-01 -7.249329e-03 -2.927942e-03 9.999694e-01 -3.178455e+01
9.999514e-01 5.140180e-04 -9.846352e-03 2.078141e+01 -5.135234e-04 9.999999e-01 5.274981e-05 1.288231e-01 9.846378e-03 -4.769020e-05 9.999515e-01 -3.239904e+01
9.999718e-01 1.135541e-03 7.429286e-03 2.114251e+01 -1.157365e-03 9.999950e-01 2.934007e-03 1.339203e-01 -7.425917e-03 -2.942523e-03 9.999681e-01 -3.300577e+01
9.999533e-01 4.553020e-04 -9.656588e-03 2.148788e+01 -4.571246e-04 9.999999e-01 -1.865451e-04 1.389617e-01 9.656502e-03 1.909514e-04 9.999534e-01 -3.360044e+01
9.999753e-01 1.809938e-03 6.785574e-03 2.198379e+01 -1.834029e-03 9.999920e-01 3.545783e-03 1.452592e-01 -6.779103e-03 -3.558142e-03 9.999707e-01 -3.437589e+01
9.999498e-01 7.588648e-04 -9.991515e-03 2.253730e+01 -7.595320e-04 9.999997e-01 -6.299498e-05 1.534904e-01 9.991465e-03 7.058140e-05 9.999501e-01 -3.525146e+01
9.999765e-01 6.272165e-04 6.820948e-03 2.286084e+01 -6.450336e-04 9.999964e-01 2.610221e-03 1.575868e-01 -6.819287e-03 -2.614560e-03 9.999733e-01 -3.580688e+01
9.999455e-01 6.649561e-05 -1.044163e-02 2.302281e+01 -7.347024e-05 9.999998e-01 -6.675914e-04 1.570590e-01 1.044159e-02 6.683229e-04 9.999453e-01 -3.608706e+01
9.999750e-01 6.385872e-04 7.037135e-03 2.319675e+01 -6.575671e-04 9.999962e-01 2.695105e-03 1.568700e-01 -7.035387e-03 -2.699666e-03 9.999716e-01 -3.638687e+01
9.999465e-01 1.015936e-04 -1.034510e-02 2.337037e+01 -1.088639e-04 9.999997e-01 -7.022194e-04 1.565940e-01 1.034502e-02 7.033087e-04 9.999462e-01 -3.668592e+01
9.999743e-01 1.024740e-03 7.096096e-03 2.362417e+01 -1.046591e-03 9.999947e-01 3.076356e-03 1.581733e-01 -7.092906e-03 -3.083704e-03 9.999701e-01 -3.710286e+01
9.999490e-01 2.307407e-04 -1.009807e-02 2.390131e+01 -2.364361e-04 9.999998e-01 -5.628372e-04 1.610955e-01 1.009793e-02 5.651967e-04 9.999489e-01 -3.757950e+01
9.999751e-01 8.440537e-04 7.001314e-03 2.415160e+01 -8.644922e-04 9.999954e-01 2.916717e-03 1.629661e-01 -6.998820e-03 -2.922698e-03 9.999712e-01 -3.800437e+01
9.999484e-01 3.725493e-05 -1.016175e-02 2.434888e+01 -4.471371e-05 9.999997e-01 -7.337894e-04 1.642473e-01 1.016172e-02 7.342066e-04 9.999481e-01 -3.835816e+01
9.999767e-01 7.329463e-04 6.781860e-03 2.453033e+01 -7.521090e-04 9.999957e-01 2.823446e-03 1.646803e-01 -6.779762e-03 -2.828482e-03 9.999730e-01 -3.867701e+01
9.999477e-01 1.155641e-04 -1.022485e-02 2.472209e+01 -1.230516e-04 9.999997e-01 -7.316707e-04 1.652517e-01 1.022476e-02 7.328913e-04 9.999475e-01 -3.901045e+01
9.999771e-01 6.383102e-04 6.743692e-03 2.489773e+01 -6.573436e-04 9.999958e-01 2.820550e-03 1.653876e-01 -6.741864e-03 -2.824919e-03 9.999733e-01 -3.932043e+01
9.999568e-01 1.438224e-03 -9.182406e-03 2.531118e+01 -1.433746e-03 9.999988e-01 4.942186e-04 1.712645e-01 9.183106e-03 -4.810313e-04 9.999577e-01 -4.000398e+01
9.999766e-01 1.478447e-03 6.685914e-03 2.594904e+01 -1.502124e-03 9.999926e-01 3.537770e-03 1.834178e-01 -6.680634e-03 -3.547731e-03 9.999714e-01 -4.105242e+01
9.999526e-01 6.658303e-04 -9.709613e-03 2.644655e+01 -6.672412e-04 9.999998e-01 -1.420765e-04 1.917736e-01 9.709516e-03 1.485492e-04 9.999529e-01 -4.187575e+01
9.999769e-01 1.087960e-03 6.709453e-03 2.683645e+01 -1.108835e-03 9.999946e-01 3.108388e-03 1.965420e-01 -6.706035e-03 -3.115757e-03 9.999727e-01 -4.251230e+01
9.999525e-01 1.902012e-04 -9.745696e-03 2.715885e+01 -1.952324e-04 9.999998e-01 -5.153087e-04 1.998743e-01 9.745596e-03 5.171876e-04 9.999524e-01 -4.305671e+01
9.999783e-01 1.358450e-03 6.448296e-03 2.748031e+01 -1.379451e-03 9.999938e-01 3.253479e-03 2.030152e-01 -6.443836e-03 -3.262305e-03 9.999739e-01 -4.357622e+01
9.999580e-01 -3.715264e-04 -9.162131e-03 2.772822e+01 3.608973e-04 9.999993e-01 -1.161749e-03 2.050420e-01 9.162556e-03 1.158394e-03 9.999574e-01 -4.400937e+01
9.999858e-01 1.200648e-03 5.199008e-03 2.788659e+01 -1.216804e-03 9.999944e-01 3.105396e-03 2.043629e-01 -5.195251e-03 -3.111679e-03 9.999817e-01 -4.428488e+01
9.999639e-01 2.482427e-04 -8.494615e-03 2.819304e+01 -2.518197e-04 9.999999e-01 -4.200445e-04 2.068459e-01 8.494510e-03 4.221691e-04 9.999638e-01 -4.477078e+01
9.999827e-01 1.768918e-03 5.612543e-03 2.863489e+01 -1.788514e-03 9.999923e-01 3.488360e-03 2.123459e-01 -5.606330e-03 -3.498338e-03 9.999782e-01 -4.546883e+01
9.999595e-01 -2.374465e-04 -8.995083e-03 2.897403e+01 2.283370e-04 9.999995e-01 -1.013747e-03 2.159566e-01 8.995319e-03 1.011652e-03 9.999590e-01 -4.602436e+01
9.999824e-01 1.703476e-03 5.685070e-03 2.929303e+01 -1.724997e-03 9.999914e-01 3.782830e-03 2.186033e-01 -5.678577e-03 -3.792570e-03 9.999767e-01 -4.652955e+01
9.999646e-01 2.852245e-04 -8.415160e-03 2.971695e+01 -2.910153e-04 9.999997e-01 -6.869290e-04 2.246403e-01 8.414962e-03 6.893543e-04 9.999644e-01 -4.722392e+01
9.999820e-01 1.659733e-03 5.768977e-03 3.015301e+01 -1.681453e-03 9.999915e-01 3.762134e-03 2.302364e-01 -5.762684e-03 -3.771768e-03 9.999763e-01 -4.791783e+01
9.999626e-01 1.686312e-05 -8.645152e-03 3.052265e+01 -2.555512e-05 9.999995e-01 -1.005324e-03 2.348488e-01 8.645131e-03 1.005508e-03 9.999621e-01 -4.853121e+01
9.999834e-01 1.279635e-03 5.609510e-03 3.080377e+01 -1.299290e-03 9.999930e-01 3.501720e-03 2.375036e-01 -5.604990e-03 -3.508952e-03 9.999781e-01 -4.900457e+01
9.999519e-01 -7.535506e-04 -9.780475e-03 3.091010e+01 7.351263e-04 9.999979e-01 -1.887260e-03 2.357329e-01 9.781877e-03 1.879980e-03 9.999504e-01 -4.918824e+01
9.999840e-01 1.194161e-03 5.528436e-03 3.101349e+01 -1.213206e-03 9.999933e-01 3.442963e-03 2.334509e-01 -5.524288e-03 -3.449616e-03 9.999788e-01 -4.936050e+01
9.999499e-01 1.921395e-04 -1.001243e-02 3.125868e+01 -2.028762e-04 9.999994e-01 -1.071343e-03 2.332794e-01 1.001222e-02 1.073321e-03 9.999493e-01 -4.971121e+01
9.999755e-01 1.625085e-03 6.803365e-03 3.166297e+01 -1.651853e-03 9.999909e-01 3.930727e-03 2.376328e-01 -6.796915e-03 -3.941870e-03 9.999691e-01 -5.034710e+01
9.999261e-01 -7.819408e-04 -1.213442e-02 3.171263e+01 7.568024e-04 9.999976e-01 -2.076120e-03 2.356939e-01 1.213602e-02 2.066784e-03 9.999242e-01 -5.042138e+01
9.999936e-01 8.467137e-04 3.488614e-03 3.171224e+01 -8.572628e-04 9.999951e-01 3.023428e-03 2.272157e-01 -3.486037e-03 -3.026400e-03 9.999893e-01 -5.021928e+01
9.999310e-01 -6.026358e-04 -1.173321e-02 3.169874e+01 5.853821e-04 9.999987e-01 -1.473892e-03 2.200771e-01 1.173409e-02 1.466923e-03 9.999301e-01 -5.002395e+01
9.999972e-01 7.761737e-04 2.243136e-03 3.165410e+01 -7.809079e-04 9.999975e-01 2.110322e-03 2.128971e-01 -2.241492e-03 -2.112069e-03 9.999953e-01 -4.967023e+01
9.999204e-01 -4.773495e-04 -1.260632e-02 3.161821e+01 4.626875e-04 9.999992e-01 -1.165971e-03 2.028933e-01 1.260687e-02 1.160046e-03 9.999199e-01 -4.923157e+01
9.999993e-01 7.021909e-04 9.805909e-04 3.157085e+01 -7.043067e-04 9.999974e-01 2.158866e-03 1.930831e-01 -9.790728e-04 -2.159556e-03 9.999972e-01 -4.874796e+01
9.999243e-01 -3.973812e-04 -1.229608e-02 3.155322e+01 3.814416e-04 9.999991e-01 -1.298651e-03 1.812785e-01 1.229659e-02 1.293863e-03 9.999236e-01 -4.831191e+01
9.999901e-01 7.550913e-04 4.393781e-03 3.157795e+01 -7.644352e-04 9.999974e-01 2.125284e-03 1.728589e-01 -4.392165e-03 -2.128622e-03 9.999881e-01 -4.815012e+01
9.999261e-01 -5.386446e-04 -1.214854e-02 3.161007e+01 5.301183e-04 9.999996e-01 -7.050643e-04 1.648346e-01 1.214892e-02 6.985727e-04 9.999260e-01 -4.805573e+01
9.999995e-01 7.717433e-04 5.567115e-04 3.159964e+01 -7.727862e-04 9.999979e-01 1.875388e-03 1.525470e-01 -5.552634e-04 -1.875818e-03 9.999981e-01 -4.765355e+01
9.999230e-01 -4.651279e-04 -1.240108e-02 3.159254e+01 4.558453e-04 9.999996e-01 -7.513639e-04 1.396253e-01 1.240143e-02 7.456537e-04 9.999228e-01 -4.722829e+01
9.999953e-01 7.483574e-04 2.986824e-03 3.161184e+01 -7.529695e-04 9.999985e-01 1.543267e-03 1.294680e-01 -2.985665e-03 -1.545509e-03 9.999943e-01 -4.697698e+01
9.999548e-01 -1.719147e-04 -9.510633e-03 3.172791e+01 1.726024e-04 1.000000e+00 7.147502e-05 1.241019e-01 9.510621e-03 -7.311265e-05 9.999548e-01 -4.707170e+01
9.999899e-01 1.003112e-03 4.391011e-03 3.189466e+01 -1.011415e-03 9.999977e-01 1.889189e-03 1.220134e-01 -4.389106e-03 -1.893612e-03 9.999886e-01 -4.731249e+01
9.999544e-01 -4.721479e-04 -9.536746e-03 3.199172e+01 4.698950e-04 9.999999e-01 -2.384967e-04 1.188059e-01 9.536858e-03 2.340053e-04 9.999545e-01 -4.744746e+01
9.999992e-01 5.747019e-04 1.085643e-03 3.200968e+01 -5.761961e-04 9.999989e-01 1.376421e-03 1.095240e-01 -1.084851e-03 -1.377046e-03 9.999985e-01 -4.725950e+01
9.999296e-01 -3.540540e-04 -1.186078e-02 3.201837e+01 3.538231e-04 9.999999e-01 -2.158519e-05 9.716080e-02 1.186079e-02 1.738774e-05 9.999297e-01 -4.689563e+01
9.999997e-01 5.281522e-04 5.751969e-04 3.201760e+01 -5.289409e-04 9.999989e-01 1.371506e-03 8.445235e-02 -5.744722e-04 -1.371810e-03 9.999989e-01 -4.647811e+01
9.999342e-01 -1.012130e-04 -1.147505e-02 3.200518e+01 9.369539e-05 9.999998e-01 -6.556799e-04 7.257856e-02 1.147512e-02 6.545623e-04 9.999339e-01 -4.604743e+01
9.999993e-01 2.803316e-04 1.172157e-03 3.200105e+01 -2.823591e-04 9.999985e-01 1.729733e-03 6.072794e-02 -1.171671e-03 -1.730063e-03 9.999978e-01 -4.563213e+01
9.999588e-01 -7.705516e-05 -9.081960e-03 3.201970e+01 6.674784e-05 9.999994e-01 -1.135242e-03 5.144857e-02 9.082042e-03 1.134590e-03 9.999581e-01 -4.539164e+01
9.999999e-01 1.155547e-04 4.144127e-04 3.205525e+01 -1.165481e-04 9.999971e-01 2.397425e-03 4.118099e-02 -4.141348e-04 -2.397474e-03 9.999970e-01 -4.519922e+01
9.999414e-01 1.085538e-04 -1.082820e-02 3.207001e+01 -1.235731e-04 9.999990e-01 -1.386413e-03 2.907286e-02 1.082804e-02 1.387670e-03 9.999404e-01 -4.484635e+01
9.999987e-01 1.062597e-04 1.630445e-03 3.208416e+01 -1.109407e-04 9.999959e-01 2.871082e-03 2.133139e-02 -1.630133e-03 -2.871260e-03 9.999945e-01 -4.467098e+01
9.999277e-01 9.249975e-05 -1.202185e-02 3.210702e+01 -1.151202e-04 9.999982e-01 -1.880949e-03 9.039068e-03 1.202165e-02 1.882197e-03 9.999260e-01 -4.433695e+01
9.999968e-01 -9.972314e-05 2.543566e-03 3.212867e+01 9.245760e-05 9.999959e-01 2.856311e-03 -2.370345e-03 -2.543841e-03 -2.856067e-03 9.999927e-01 -4.404134e+01
9.999167e-01 2.545821e-04 -1.290523e-02 3.215101e+01 -2.781953e-04 9.999983e-01 -1.827994e-03 -1.475755e-02 1.290474e-02 1.831432e-03 9.999151e-01 -4.369777e+01
9.999825e-01 3.825280e-04 5.901500e-03 3.225358e+01 -4.033278e-04 9.999937e-01 3.523672e-03 -2.006040e-02 -5.900115e-03 -3.525991e-03 9.999764e-01 -4.375751e+01
9.999187e-01 1.039722e-04 -1.274974e-02 3.232578e+01 -1.252933e-04 9.999986e-01 -1.671513e-03 -2.612710e-02 1.274955e-02 1.672975e-03 9.999173e-01 -4.375777e+01
9.999918e-01 2.202360e-04 4.032329e-03 3.234164e+01 -2.298642e-04 9.999971e-01 2.387410e-03 -3.532067e-02 -4.031792e-03 -2.388318e-03 9.999890e-01 -4.353354e+01
9.999074e-01 -7.261768e-05 -1.360953e-02 3.237986e+01 5.760000e-05 9.999994e-01 -1.103873e-03 -4.666455e-02 1.360960e-02 1.102988e-03 9.999068e-01 -4.331007e+01
9.999963e-01 3.965209e-04 2.677374e-03 3.239937e+01 -4.026601e-04 9.999973e-01 2.292777e-03 -5.917413e-02 -2.676458e-03 -2.293848e-03 9.999938e-01 -4.296283e+01
9.998964e-01 -7.167683e-06 -1.439382e-02 3.242934e+01 -9.470663e-06 9.999993e-01 -1.155885e-03 -7.268478e-02 1.439382e-02 1.155902e-03 9.998957e-01 -4.259898e+01
9.999922e-01 2.876972e-04 3.934207e-03 3.245606e+01 -2.961296e-04 9.999977e-01 2.142871e-03 -8.492217e-02 -3.933581e-03 -2.144020e-03 9.999900e-01 -4.227909e+01
9.998805e-01 7.270527e-05 -1.545729e-02 3.248176e+01 -8.569386e-05 9.999996e-01 -8.396440e-04 -9.880640e-02 1.545723e-02 8.408690e-04 9.998802e-01 -4.188675e+01
9.999838e-01 3.369848e-04 5.687519e-03 3.250453e+01 -3.462382e-04 9.999986e-01 1.626008e-03 -1.100120e-01 -5.686963e-03 -1.627951e-03 9.999825e-01 -4.158826e+01
9.998875e-01 -1.453835e-04 -1.499576e-02 3.253296e+01 1.366769e-04 9.999998e-01 -5.816463e-04 -1.208149e-01 1.499584e-02 5.795320e-04 9.998874e-01 -4.135589e+01
9.999878e-01 3.576283e-04 4.921059e-03 3.256504e+01 -3.663256e-04 9.999984e-01 1.766522e-03 -1.325886e-01 -4.920420e-03 -1.768304e-03 9.999863e-01 -4.109070e+01
9.998930e-01 -1.419615e-04 -1.462857e-02 3.259178e+01 1.311315e-04 9.999997e-01 -7.413072e-04 -1.431136e-01 1.462867e-02 7.393103e-04 9.998927e-01 -4.087484e+01
9.999721e-01 3.479854e-04 7.459193e-03 3.262140e+01 -3.624306e-04 9.999981e-01 1.935267e-03 -1.499719e-01 -7.458505e-03 -1.937917e-03 9.999703e-01 -4.081814e+01
9.998857e-01 -1.207712e-04 -1.512145e-02 3.266252e+01 1.121104e-04 9.999998e-01 -5.736105e-04 -1.572401e-01 1.512152e-02 5.718503e-04 9.998855e-01 -4.077007e+01
9.999787e-01 2.828945e-04 6.518415e-03 3.270687e+01 -2.958833e-04 9.999980e-01 1.991722e-03 -1.664027e-01 -6.517839e-03 -1.993609e-03 9.999768e-01 -4.065293e+01
9.998690e-01 -4.306230e-05 -1.618465e-02 3.273538e+01 2.933576e-05 9.999996e-01 -8.483734e-04 -1.770246e-01 1.618468e-02 8.477881e-04 9.998687e-01 -4.043915e+01
9.999918e-01 2.691876e-04 4.034093e-03 3.275090e+01 -2.793475e-04 9.999968e-01 2.518095e-03 -1.899559e-01 -4.033402e-03 -2.519202e-03 9.999887e-01 -4.007251e+01
9.999057e-01 1.572254e-05 -1.373241e-02 3.273856e+01 -4.983951e-05 9.999969e-01 -2.484093e-03 -2.000209e-01 1.373233e-02 2.484543e-03 9.999026e-01 -3.969695e+01
9.999755e-01 3.727902e-04 6.984681e-03 3.279205e+01 -4.009123e-04 9.999918e-01 4.025242e-03 -2.049150e-01 -6.983124e-03 -4.027944e-03 9.999675e-01 -3.973037e+01
9.998784e-01 -1.462868e-04 -1.559657e-02 3.282010e+01 1.046763e-04 9.999964e-01 -2.668731e-03 -2.122193e-01 1.559690e-02 2.666774e-03 9.998748e-01 -3.959142e+01
9.999705e-01 3.447179e-04 7.670977e-03 3.284070e+01 -3.724399e-04 9.999934e-01 3.612712e-03 -2.203546e-01 -7.669681e-03 -3.615463e-03 9.999641e-01 -3.941712e+01
9.998518e-01 -1.899085e-04 -1.721483e-02 3.286830e+01 1.462875e-04 9.999968e-01 -2.535161e-03 -2.325320e-01 1.721525e-02 2.532268e-03 9.998486e-01 -3.909884e+01
9.999677e-01 3.525085e-04 8.031797e-03 3.290204e+01 -3.790557e-04 9.999945e-01 3.303939e-03 -2.434234e-01 -8.030588e-03 -3.306877e-03 9.999623e-01 -3.883790e+01
9.998860e-01 -3.136722e-04 -1.509786e-02 3.290606e+01 2.770945e-04 9.999970e-01 -2.424758e-03 -2.513253e-01 1.509858e-02 2.420299e-03 9.998831e-01 -3.858487e+01
9.999751e-01 2.664850e-04 7.056356e-03 3.284537e+01 -2.847365e-04 9.999966e-01 2.585611e-03 -2.586296e-01 -7.055643e-03 -2.587556e-03 9.999718e-01 -3.806982e+01
9.998425e-01 -8.367418e-05 -1.774766e-02 3.273546e+01 4.291633e-05 9.999974e-01 -2.296904e-03 -2.655113e-01 1.774781e-02 2.295782e-03 9.998399e-01 -3.736340e+01
9.999638e-01 4.639561e-04 8.498543e-03 3.266742e+01 -4.763116e-04 9.999988e-01 1.451829e-03 -2.705096e-01 -8.497860e-03 -1.455825e-03 9.999628e-01 -3.691122e+01
9.999036e-01 -3.601971e-04 -1.387908e-02 3.274818e+01 3.560775e-04 9.999999e-01 -2.993150e-04 -2.766435e-01 1.387918e-02 2.943448e-04 9.999036e-01 -3.690095e+01
9.999517e-01 7.846871e-04 9.798364e-03 3.287883e+01 -8.011743e-04 9.999983e-01 1.678804e-03 -2.797787e-01 -9.797030e-03 -1.686573e-03 9.999506e-01 -3.703299e+01
9.999025e-01 -2.559698e-04 -1.395842e-02 3.304136e+01 2.535244e-04 1.000000e+00 -1.769765e-04 -2.826063e-01 1.395846e-02 1.734211e-04 9.999026e-01 -3.721207e+01
9.999665e-01 1.417285e-03 8.066561e-03 3.324812e+01 -1.436296e-03 9.999962e-01 2.351482e-03 -2.826974e-01 -8.063198e-03 -2.362990e-03 9.999647e-01 -3.753184e+01
9.999208e-01 4.310433e-04 -1.257964e-02 3.366805e+01 -4.231387e-04 9.999997e-01 6.309988e-04 -2.816367e-01 1.257991e-02 -6.256253e-04 9.999207e-01 -3.807252e+01
9.999837e-01 7.367794e-04 5.657483e-03 3.384060e+01 -7.422858e-04 9.999993e-01 9.711921e-04 -2.860155e-01 -5.656763e-03 -9.753764e-04 9.999835e-01 -3.824227e+01
9.997907e-01 -8.671169e-05 -2.045817e-02 3.384312e+01 9.211109e-05 1.000000e+00 2.629671e-04 -3.037262e-01 2.045815e-02 -2.647958e-04 9.997907e-01 -3.761936e+01
9.999936e-01 8.118386e-04 3.472680e-03 3.386035e+01 -8.155358e-04 9.999991e-01 1.063277e-03 -3.217755e-01 -3.471814e-03 -1.066103e-03 9.999934e-01 -3.701926e+01
9.999350e-01 -2.470865e-04 -1.139823e-02 3.394288e+01 2.506396e-04 9.999999e-01 3.102705e-04 -3.294660e-01 1.139815e-02 -3.131066e-04 9.999350e-01 -3.696274e+01
9.999763e-01 8.267125e-04 6.836263e-03 3.410494e+01 -8.354463e-04 9.999988e-01 1.274760e-03 -3.325573e-01 -6.835202e-03 -1.280442e-03 9.999758e-01 -3.714252e+01
9.999059e-01 -1.252569e-05 -1.372096e-02 3.425473e+01 1.898531e-05 9.999999e-01 4.706314e-04 -3.374406e-01 1.372095e-02 -4.708470e-04 9.999058e-01 -3.727159e+01
9.999732e-01 1.518217e-03 7.165714e-03 3.460281e+01 -1.533473e-03 9.999966e-01 2.124024e-03 -3.397390e-01 -7.162465e-03 -2.134956e-03 9.999721e-01 -3.769778e+01
9.998239e-01 -3.419419e-04 -1.876427e-02 3.467192e+01 3.414829e-04 9.999999e-01 -2.768375e-05 -3.562504e-01 1.876428e-02 2.127183e-05 9.998239e-01 -3.731675e+01
9.999728e-01 1.263819e-03 7.269861e-03 3.476934e+01 -1.272031e-03 9.999986e-01 1.125029e-03 -3.680625e-01 -7.268428e-03 -1.134246e-03 9.999729e-01 -3.712224e+01
9.997296e-01 -5.801952e-04 -2.324460e-02 3.479767e+01 6.200999e-04 9.999983e-01 1.709545e-03 -3.832323e-01 2.324357e-02 -1.723496e-03 9.997283e-01 -3.663884e+01
9.999984e-01 1.679081e-03 -6.715923e-04 3.463766e+01 -1.678945e-03 9.999986e-01 2.033218e-04 -4.054068e-01 6.719325e-04 -2.021945e-04 9.999998e-01 -3.508003e+01
9.999901e-01 -9.448486e-04 -4.359386e-03 3.458740e+01 9.372756e-04 9.999980e-01 -1.738970e-03 -4.079191e-01 4.361020e-03 1.734867e-03 9.999890e-01 -3.467194e+01
9.999940e-01 3.125069e-03 -1.526511e-03 3.500801e+01 -3.118898e-03 9.999870e-01 4.028591e-03 -4.050185e-01 1.539081e-03 -4.023806e-03 9.999907e-01 -3.529921e+01
9.999857e-01 -2.527569e-03 -4.715246e-03 3.510430e+01 2.516049e-03 9.999938e-01 -2.447558e-03 -4.102468e-01 4.721404e-03 2.435660e-03 9.999859e-01 -3.539070e+01
9.999922e-01 3.907175e-03 -6.043075e-04 3.537667e+01 -3.904432e-03 9.999824e-01 4.476372e-03 -4.115472e-01 6.217866e-04 -4.473978e-03 9.999898e-01 -3.576915e+01
9.999860e-01 -2.397077e-03 -4.707630e-03 3.566983e+01 2.386086e-03 9.999944e-01 -2.338980e-03 -4.122776e-01 4.713210e-03 2.327715e-03 9.999862e-01 -3.616799e+01
9.999911e-01 4.213214e-03 -2.581493e-04 3.608542e+01 -4.211953e-03 9.999800e-01 4.708151e-03 -4.114192e-01 2.779804e-04 -4.707022e-03 9.999889e-01 -3.672545e+01
9.999866e-01 -2.135491e-03 -4.722757e-03 3.656038e+01 2.126363e-03 9.999959e-01 -1.937003e-03 -4.084893e-01 4.726874e-03 1.926935e-03 9.999870e-01 -3.738003e+01
9.999919e-01 3.413206e-03 2.135035e-03 3.687277e+01 -3.422577e-03 9.999845e-01 4.400717e-03 -4.070358e-01 -2.119981e-03 -4.407990e-03 9.999880e-01 -3.787126e+01
9.999835e-01 -2.060356e-03 -5.367322e-03 3.716677e+01 2.049301e-03 9.999958e-01 -2.064503e-03 -4.059439e-01 5.371553e-03 2.053470e-03 9.999835e-01 -3.832476e+01
9.999901e-01 3.500522e-03 2.730522e-03 3.749122e+01 -3.512937e-03 9.999835e-01 4.555087e-03 -4.038583e-01 -2.714532e-03 -4.564635e-03 9.999859e-01 -3.883627e+01
9.999812e-01 -2.066266e-03 -5.777206e-03 3.780022e+01 2.053860e-03 9.999956e-01 -2.152621e-03 -4.022361e-01 5.781628e-03 2.140716e-03 9.999810e-01 -3.931710e+01
9.999888e-01 3.949574e-03 2.602348e-03 3.822443e+01 -3.962599e-03 9.999796e-01 5.018970e-03 -4.003688e-01 -2.582472e-03 -5.029227e-03 9.999840e-01 -3.992803e+01
9.999753e-01 -2.062146e-03 -6.720487e-03 3.867412e+01 2.046128e-03 9.999951e-01 -2.389471e-03 -3.983233e-01 6.725381e-03 2.375661e-03 9.999746e-01 -4.056560e+01
9.999883e-01 3.416427e-03 3.428387e-03 3.898472e+01 -3.432723e-03 9.999828e-01 4.758301e-03 -3.963244e-01 -3.412072e-03 -4.770015e-03 9.999828e-01 -4.105981e+01
9.999755e-01 -1.889341e-03 -6.742370e-03 3.932363e+01 1.874689e-03 9.999959e-01 -2.178786e-03 -3.956639e-01 6.746458e-03 2.166093e-03 9.999749e-01 -4.155609e+01
9.999899e-01 3.286381e-03 3.051363e-03 3.965488e+01 -3.300220e-03 9.999842e-01 4.541318e-03 -3.960236e-01 -3.036390e-03 -4.551343e-03 9.999850e-01 -4.203367e+01
9.999742e-01 -2.053689e-03 -6.877086e-03 3.991091e+01 2.037060e-03 9.999950e-01 -2.424231e-03 -3.972656e-01 6.882030e-03 2.410161e-03 9.999734e-01 -4.241402e+01
9.999883e-01 3.465985e-03 3.371457e-03 4.019522e+01 -3.482531e-03 9.999819e-01 4.913980e-03 -3.959040e-01 -3.354364e-03 -4.925664e-03 9.999822e-01 -4.286693e+01
9.999783e-01 -1.703310e-03 -6.362565e-03 4.058871e+01 1.690298e-03 9.999965e-01 -2.049941e-03 -3.923558e-01 6.366034e-03 2.039143e-03 9.999777e-01 -4.348170e+01
9.999882e-01 3.580865e-03 3.292563e-03 4.102869e+01 -3.597455e-03 9.999808e-01 5.046410e-03 -3.892033e-01 -3.274430e-03 -5.058196e-03 9.999818e-01 -4.414128e+01
9.999779e-01 -1.683366e-03 -6.430532e-03 4.148568e+01 1.668926e-03 9.999961e-01 -2.250250e-03 -3.860112e-01 6.434295e-03 2.239469e-03 9.999768e-01 -4.481187e+01
9.999875e-01 3.592746e-03 3.473169e-03 4.195309e+01 -3.610342e-03 9.999806e-01 5.073041e-03 -3.824041e-01 -3.454876e-03 -5.085517e-03 9.999811e-01 -4.550047e+01
9.999731e-01 -1.965663e-03 -7.071939e-03 4.234046e+01 1.948071e-03 9.999950e-01 -2.493609e-03 -3.808159e-01 7.076805e-03 2.479765e-03 9.999719e-01 -4.606522e+01
9.999766e-01 5.900310e-03 3.451892e-03 4.328371e+01 -5.923027e-03 9.999606e-01 6.608098e-03 -3.805673e-01 -3.412767e-03 -6.628390e-03 9.999722e-01 -4.715246e+01
9.999469e-01 1.661081e-03 -1.016980e-02 4.503288e+01 -1.681767e-03 9.999965e-01 -2.025937e-03 -3.743987e-01 1.016640e-02 2.042933e-03 9.999462e-01 -4.912480e+01
9.999874e-01 5.016642e-03 -1.015554e-04 4.662025e+01 -5.015943e-03 9.999694e-01 5.995501e-03 -3.655213e-01 1.316294e-04 -5.994916e-03 9.999820e-01 -5.097806e+01
9.999854e-01 1.549980e-03 -5.185891e-03 4.821881e+01 -1.557454e-03 9.999978e-01 -1.437427e-03 -3.561796e-01 5.183652e-03 1.445483e-03 9.999855e-01 -5.285225e+01
9.999930e-01 3.494691e-03 1.310019e-03 4.952812e+01 -3.500790e-03 9.999829e-01 4.682387e-03 -3.453245e-01 -1.293633e-03 -4.686941e-03 9.999882e-01 -5.445971e+01
9.999929e-01 -1.371850e-03 -3.508458e-03 5.006027e+01 1.364796e-03 9.999970e-01 -2.012200e-03 -3.404625e-01 3.511208e-03 2.007398e-03 9.999918e-01 -5.525097e+01
9.999882e-01 4.867084e-03 8.658145e-05 5.085001e+01 -4.867502e-03 9.999715e-01 5.763667e-03 -3.371971e-01 -5.852694e-05 -5.764021e-03 9.999834e-01 -5.624352e+01
9.999929e-01 -1.901317e-04 -3.772414e-03 5.199695e+01 1.824149e-04 9.999979e-01 -2.045934e-03 -3.302004e-01 3.772796e-03 2.045231e-03 9.999908e-01 -5.763356e+01
9.999941e-01 3.394834e-03 -5.102859e-04 5.272905e+01 -3.392428e-03 9.999835e-01 4.645086e-03 -3.234619e-01 5.260466e-04 -4.643328e-03 9.999891e-01 -5.863046e+01
9.999884e-01 -1.107388e-03 -4.690206e-03 5.317078e+01 1.099346e-03 9.999979e-01 -1.717093e-03 -3.219366e-01 4.692097e-03 1.711917e-03 9.999875e-01 -5.923161e+01
9.999955e-01 2.842059e-03 9.196657e-04 5.354525e+01 -2.845804e-03 9.999876e-01 4.096209e-03 -3.219408e-01 -9.080127e-04 -4.098809e-03 9.999912e-01 -5.976749e+01
9.999896e-01 -6.642504e-04 -4.523084e-03 5.406799e+01 6.584408e-04 9.999990e-01 -1.285896e-03 -3.206434e-01 4.523934e-03 1.282905e-03 9.999889e-01 -6.047940e+01
9.999940e-01 3.346793e-03 8.916849e-04 5.472271e+01 -3.350645e-03 9.999849e-01 4.354260e-03 -3.123981e-01 -8.770989e-04 -4.357222e-03 9.999901e-01 -6.145331e+01
9.999963e-01 -1.155067e-03 -2.482738e-03 5.522687e+01 1.151998e-03 9.999986e-01 -1.237271e-03 -3.063968e-01 2.484163e-03 1.234407e-03 9.999962e-01 -6.223077e+01
9.999902e-01 4.348611e-03 8.375367e-04 5.603275e+01 -4.352902e-03 9.999771e-01 5.191397e-03 -3.005643e-01 -8.149423e-04 -5.194993e-03 9.999862e-01 -6.331211e+01
9.999812e-01 -2.301077e-03 -5.680083e-03 5.649380e+01 2.286758e-03 9.999942e-01 -2.526260e-03 -2.987879e-01 5.685863e-03 2.513224e-03 9.999807e-01 -6.395608e+01
9.999824e-01 5.464409e-03 2.309501e-03 5.714651e+01 -5.477986e-03 9.999675e-01 5.913362e-03 -2.944137e-01 -2.277114e-03 -5.925910e-03 9.999798e-01 -6.486337e+01
9.999836e-01 -3.121362e-03 -4.804500e-03 5.771939e+01 3.106467e-03 9.999904e-01 -3.104647e-03 -2.873994e-01 4.814145e-03 3.089672e-03 9.999836e-01 -6.573925e+01
9.999824e-01 5.334214e-03 2.595442e-03 5.822038e+01 -5.350164e-03 9.999666e-01 6.177657e-03 -2.810052e-01 -2.562402e-03 -6.191435e-03 9.999775e-01 -6.652723e+01
9.999862e-01 -3.406897e-03 -4.008677e-03 5.868583e+01 3.393704e-03 9.999888e-01 -3.293491e-03 -2.743070e-01 4.019853e-03 3.279842e-03 9.999865e-01 -6.728229e+01
9.999812e-01 5.971603e-03 1.412646e-03 5.920783e+01 -5.980998e-03 9.999594e-01 6.742080e-03 -2.656836e-01 -1.372328e-03 -6.750403e-03 9.999763e-01 -6.813227e+01
9.999891e-01 -3.864187e-03 -2.611694e-03 5.973084e+01 3.855308e-03 9.999868e-01 -3.396584e-03 -2.577275e-01 2.624784e-03 3.386479e-03 9.999908e-01 -6.897861e+01
9.999843e-01 5.568612e-03 6.995575e-04 6.013067e+01 -5.572829e-03 9.999654e-01 6.177196e-03 -2.532610e-01 -6.651351e-04 -6.180998e-03 9.999807e-01 -6.963186e+01
9.999865e-01 -4.054027e-03 -3.245249e-03 6.047916e+01 4.041754e-03 9.999847e-01 -3.779417e-03 -2.528583e-01 3.260521e-03 3.766250e-03 9.999876e-01 -7.015293e+01
9.999815e-01 6.076846e-03 4.132075e-04 6.090956e+01 -6.079424e-03 9.999601e-01 6.550937e-03 -2.491791e-01 -3.733821e-04 -6.553328e-03 9.999785e-01 -7.081313e+01
9.999896e-01 -3.552747e-03 -2.876811e-03 6.144695e+01 3.544003e-03 9.999891e-01 -3.038796e-03 -2.412209e-01 2.887576e-03 3.028570e-03 9.999912e-01 -7.167242e+01
9.999827e-01 5.764203e-03 1.149957e-03 6.192797e+01 -5.771450e-03 9.999629e-01 6.401280e-03 -2.336685e-01 -1.113016e-03 -6.407807e-03 9.999789e-01 -7.246833e+01
9.999925e-01 -2.991602e-03 -2.475536e-03 6.257479e+01 2.984905e-03 9.999919e-01 -2.704705e-03 -2.280171e-01 2.483607e-03 2.697296e-03 9.999933e-01 -7.338522e+01
9.999786e-01 6.487647e-03 8.278471e-04 6.337158e+01 -6.492764e-03 9.999589e-01 6.335030e-03 -2.172446e-01 -7.867138e-04 -6.340270e-03 9.999796e-01 -7.455140e+01
9.999851e-01 -3.863694e-03 -3.864896e-03 6.398412e+01 3.852830e-03 9.999886e-01 -2.814477e-03 -2.085004e-01 3.875727e-03 2.799545e-03 9.999886e-01 -7.551082e+01
9.999776e-01 6.632144e-03 8.542595e-04 6.460404e+01 -6.637411e-03 9.999580e-01 6.318088e-03 -2.062865e-01 -8.123213e-04 -6.323617e-03 9.999797e-01 -7.632332e+01
9.999896e-01 -1.912218e-03 -4.141102e-03 6.574155e+01 1.903537e-03 9.999960e-01 -2.099192e-03 -2.021051e-01 4.145099e-03 2.091288e-03 9.999892e-01 -7.766766e+01
9.999874e-01 5.013351e-03 3.522025e-04 6.655115e+01 -5.014983e-03 9.999759e-01 4.792811e-03 -1.924236e-01 -3.281661e-04 -4.794518e-03 9.999885e-01 -7.880014e+01
9.999975e-01 -1.403236e-03 -1.745778e-03 6.740155e+01 1.402379e-03 9.999989e-01 -4.927526e-04 -1.884977e-01 1.746468e-03 4.903037e-04 9.999984e-01 -7.988176e+01
9.999881e-01 4.837841e-03 -5.853854e-04 6.834406e+01 -4.835851e-03 9.999827e-01 3.355094e-03 -1.793462e-01 6.016065e-04 -3.352224e-03 9.999942e-01 -8.112741e+01
9.999954e-01 -2.421568e-03 -1.815335e-03 6.892791e+01 2.420927e-03 9.999970e-01 -3.554145e-04 -1.725253e-01 1.816190e-03 3.510186e-04 9.999983e-01 -8.199650e+01
9.999896e-01 4.540361e-03 4.944931e-04 6.939854e+01 -4.542149e-03 9.999829e-01 3.676487e-03 -1.663275e-01 -4.777923e-04 -3.678696e-03 9.999931e-01 -8.275081e+01
9.999978e-01 -1.715027e-03 -1.178593e-03 7.005018e+01 1.715076e-03 9.999985e-01 4.039321e-05 -1.609821e-01 1.178522e-03 -4.241392e-05 9.999993e-01 -8.367205e+01
9.999904e-01 3.973087e-03 -1.863757e-03 7.059604e+01 -3.968118e-03 9.999886e-01 2.662593e-03 -1.542367e-01 1.874315e-03 -2.655173e-03 9.999947e-01 -8.449650e+01
9.999974e-01 -2.244242e-03 -3.640701e-04 7.096720e+01 2.244370e-03 9.999974e-01 3.503732e-04 -1.491214e-01 3.632830e-04 -3.511889e-04 9.999999e-01 -8.512098e+01
9.999915e-01 3.828087e-03 -1.551405e-03 7.129684e+01 -3.824130e-03 9.999894e-01 2.545789e-03 -1.444102e-01 1.561134e-03 -2.539836e-03 9.999956e-01 -8.569556e+01
9.999977e-01 -2.093202e-03 -5.128751e-04 7.166577e+01 2.093401e-03 9.999977e-01 3.881910e-04 -1.392106e-01 5.120616e-04 -3.892632e-04 9.999998e-01 -8.631429e+01
9.999914e-01 3.926612e-03 -1.360904e-03 7.206569e+01 -3.922919e-03 9.999886e-01 2.706574e-03 -1.327175e-01 1.371516e-03 -2.701212e-03 9.999954e-01 -8.699837e+01
9.999976e-01 -1.990589e-03 -8.618302e-04 7.248405e+01 1.990964e-03 9.999979e-01 4.336808e-04 -1.261942e-01 8.609653e-04 -4.353951e-04 9.999995e-01 -8.769882e+01
9.999919e-01 3.797251e-03 -1.307837e-03 7.287289e+01 -3.793829e-03 9.999894e-01 2.609043e-03 -1.202903e-01 1.317731e-03 -2.604060e-03 9.999957e-01 -8.835831e+01
