9.999808e-01 7.255189e-04 -6.150197e-03 1.759131e-01 -7.160114e-04 9.999985e-01 1.547961e-03 -7.044959e-03 6.151310e-03 -1.543528e-03 9.999799e-01 -1.374299e-01
9.999993e-01 5.208443e-04 -1.047365e-03 3.394043e-01 -5.206272e-04 9.999998e-01 2.075818e-04 -1.132105e-02 1.047474e-03 -2.070357e-04 9.999994e-01 -3.179735e-01
9.999959e-01 6.678202e-04 -2.797800e-03 5.999665e-01 -6.624623e-04 9.999979e-01 1.915536e-03 -1.153178e-02 2.799073e-03 -1.913675e-03 9.999943e-01 -7.151112e-01
9.999988e-01 1.414865e-03 -5.575452e-04 1.037270e+00 -1.414410e-03 9.999987e-01 8.167867e-04 -1.020330e-02 5.587005e-04 -8.159965e-04 9.999995e-01 -1.318025e+00
9.999932e-01 1.423827e-03 -3.391197e-03 1.703503e+00 -1.416957e-03 9.999969e-01 2.027276e-03 -6.256108e-03 3.394072e-03 -2.022457e-03 9.999922e-01 -2.183637e+00
9.999998e-01 5.747780e-04 -1.814389e-04 2.144154e+00 -5.746480e-04 9.999996e-01 7.158971e-04 -2.813252e-03 1.818507e-04 -7.157920e-04 9.999997e-01 -2.837478e+00
9.999952e-01 1.389783e-03 -2.783038e-03 2.572882e+00 -1.383704e-03 9.999967e-01 2.185045e-03 -1.082069e-03 2.786065e-03 -2.181184e-03 9.999937e-01 -3.449743e+00
9.999997e-01 7.562894e-04 1.332317e-04 3.022602e+00 -7.563826e-04 9.999995e-01 7.010190e-04 3.342417e-03 -1.327011e-04 -7.011189e-04 9.999997e-01 -4.146283e+00
9.999948e-01 2.054191e-03 -2.503892e-03 3.644744e+00 -2.046919e-03 9.999937e-01 2.903551e-03 7.196498e-03 2.509841e-03 -2.898412e-03 9.999926e-01 -4.998270e+00
9.999998e-01 5.109238e-04 3.764734e-04 4.248425e+00 -5.110360e-04 9.999998e-01 2.981870e-04 1.245809e-02 -3.763206e-04 -2.983786e-04 9.999999e-01 -5.865465e+00
9.999781e-01 4.651423e-03 -4.700678e-03 5.553716e+00 -4.632882e-03 9.999815e-01 3.947612e-03 1.487180e-02 4.718953e-03 -3.925749e-03 9.999812e-01 -7.355518e+00
9.999870e-01 3.055336e-03 -4.091836e-03 7.345059e+00 -3.051593e-03 9.999949e-01 9.206529e-04 2.469679e-02 4.094628e-03 -9.081535e-04 9.999912e-01 -9.455441e+00
9.999889e-01 2.004921e-03 -4.259926e-03 8.439240e+00 -1.994439e-03 9.999950e-01 2.463329e-03 3.786081e-02 4.264843e-03 -2.454807e-03 9.999879e-01 -1.088552e+01
9.999990e-01 4.183200e-05 1.441417e-03 8.997801e+00 -4.314028e-05 9.999996e-01 9.076400e-04 4.059268e-02 -1.441379e-03 -9.077005e-04 9.999985e-01 -1.165554e+01
9.999498e-01 1.071088e-03 -9.965117e-03 9.092635e+00 -1.051030e-03 9.999974e-01 2.017832e-03 2.619507e-02 9.967252e-03 -2.007258e-03 9.999483e-01 -1.143137e+01
9.999517e-01 4.727041e-04 -9.812328e-03 9.199865e+00 -4.697579e-04 9.999998e-01 3.025458e-04 -3.050879e-03 9.812470e-03 -2.979211e-04 9.999518e-01 -1.066251e+01
9.999827e-01 2.273693e-03 -5.428349e-03 9.760580e+00 -2.264157e-03 9.999959e-01 1.762280e-03 -2.122439e-02 5.432334e-03 -1.749959e-03 9.999837e-01 -1.093581e+01
9.999716e-01 -4.161959e-04 -7.519575e-03 1.016817e+01 4.077772e-04 9.999993e-01 -1.121081e-03 -4.252493e-02 7.520036e-03 1.117984e-03 9.999711e-01 -1.095030e+01
9.999260e-01 2.554489e-03 -1.189364e-02 1.037206e+01 -2.516964e-03 9.999918e-01 3.168932e-03 -7.071223e-02 1.190164e-02 -3.138762e-03 9.999242e-01 -1.042875e+01
9.999914e-01 -6.861809e-04 -4.095896e-03 1.075552e+01 6.781040e-04 9.999978e-01 -1.973017e-03 -9.332458e-02 4.097242e-03 1.970223e-03 9.999897e-01 -1.037537e+01
9.999269e-01 2.579122e-03 -1.181421e-02 1.119247e+01 -2.539728e-03 9.999912e-01 3.348210e-03 -1.138860e-01 1.182274e-02 -3.317961e-03 9.999246e-01 -1.044190e+01
9.999924e-01 -7.614113e-04 -3.813647e-03 1.158575e+01 7.544515e-04 9.999980e-01 -1.826114e-03 -1.363628e-01 3.815030e-03 1.823224e-03 9.999911e-01 -1.039871e+01
9.999049e-01 2.374199e-03 -1.358458e-02 1.182256e+01 -2.340771e-03 9.999942e-01 2.476148e-03 -1.616355e-01 1.359038e-02 -2.444114e-03 9.999047e-01 -1.002335e+01
9.999731e-01 -5.850501e-04 -7.305870e-03 1.199443e+01 5.821442e-04 9.999998e-01 -3.998885e-04 -1.929163e-01 7.306102e-03 3.956254e-04 9.999732e-01 -9.315683e+00
9.999634e-01 2.557434e-03 -8.162936e-03 1.238468e+01 -2.542082e-03 9.999950e-01 1.890566e-03 -2.135675e-01 8.167729e-03 -1.869747e-03 9.999649e-01 -9.329074e+00
9.999887e-01 -7.539373e-04 -4.693060e-03 1.300238e+01 7.522429e-04 9.999997e-01 -3.628274e-04 -2.309095e-01 4.693332e-03 3.592937e-04 9.999889e-01 -9.687283e+00
9.999206e-01 3.148198e-03 -1.220564e-02 1.366776e+01 -3.127353e-03 9.999936e-01 1.726564e-03 -2.554943e-01 1.221100e-02 -1.688256e-03 9.999240e-01 -9.879733e+00
9.999920e-01 2.552854e-03 -3.081806e-03 1.473537e+01 -2.547031e-03 9.999950e-01 1.891668e-03 -2.709310e-01 3.086620e-03 -1.883803e-03 9.999935e-01 -1.083201e+01
9.999764e-01 2.664205e-03 -6.331739e-03 1.631950e+01 -2.656040e-03 9.999956e-01 1.297680e-03 -2.720321e-01 6.335169e-03 -1.280832e-03 9.999791e-01 -1.258806e+01
9.999817e-01 -6.751935e-04 -6.016925e-03 1.709106e+01 6.698587e-04 9.999994e-01 -8.886350e-04 -2.939545e-01 6.017521e-03 8.845889e-04 9.999815e-01 -1.296074e+01
9.999122e-01 4.093979e-03 -1.260365e-02 1.762104e+01 -4.063110e-03 9.999887e-01 2.473795e-03 -3.301064e-01 1.261363e-02 -2.422368e-03 9.999175e-01 -1.255357e+01
9.999936e-01 -1.775742e-03 -3.114009e-03 1.812086e+01 1.773146e-03 9.999981e-01 -8.362707e-04 -3.574473e-01 3.115488e-03 8.307444e-04 9.999948e-01 -1.246270e+01
9.998986e-01 4.877172e-03 -1.338178e-02 1.890013e+01 -4.844144e-03 9.999851e-01 2.499431e-03 -3.800357e-01 1.339377e-02 -2.434355e-03 9.999073e-01 -1.286973e+01
9.999927e-01 -2.541154e-03 -2.869000e-03 1.949529e+01 2.539388e-03 9.999966e-01 -6.188431e-04 -4.040724e-01 2.870563e-03 6.115538e-04 9.999957e-01 -1.294550e+01
9.998729e-01 5.193558e-03 -1.507507e-02 1.997421e+01 -5.173240e-03 9.999857e-01 1.386461e-03 -4.331655e-01 1.508206e-02 -1.308299e-03 9.998854e-01 -1.278274e+01
9.999357e-01 -8.832969e-04 -1.130786e-02 2.043066e+01 9.015413e-04 9.999983e-01 1.608418e-03 -4.843241e-01 1.130642e-02 -1.618509e-03 9.999348e-01 -1.160971e+01
9.998520e-01 4.844493e-03 -1.650642e-02 2.076586e+01 -4.808368e-03 9.999860e-01 2.227526e-03 -5.387139e-01 1.651698e-02 -2.147829e-03 9.998613e-01 -1.011875e+01
9.999656e-01 -2.980445e-03 -7.738642e-03 2.094171e+01 2.993192e-03 9.999942e-01 1.636137e-03 -5.845729e-01 7.733721e-03 -1.659243e-03 9.999687e-01 -8.759597e+00
9.993267e-01 8.303848e-03 -3.573869e-02 2.126401e+01 -8.166036e-03 9.999587e-01 4.000362e-03 -6.657673e-01 3.577043e-02 -3.705826e-03 9.993532e-01 -6.089767e+00
9.998856e-01 -3.984788e-04 -1.511758e-02 2.159993e+01 4.017719e-04 9.999999e-01 2.147848e-04 -7.550151e-01 1.511749e-02 -2.208333e-04 9.998857e-01 -2.673429e+00
9.992072e-01 8.525772e-03 -3.888817e-02 2.194933e+01 -8.345748e-03 9.999537e-01 4.789293e-03 -8.511614e-01 3.892721e-02 -4.460946e-03 9.992321e-01 9.735344e-01
9.998305e-01 3.156458e-04 -1.840630e-02 2.242348e+01 -3.238474e-04 9.999998e-01 -4.426208e-04 -9.504810e-01 1.840616e-02 4.485073e-04 9.998305e-01 4.678955e+00
9.993066e-01 8.590838e-03 -3.622789e-02 2.289927e+01 -8.444694e-03 9.999556e-01 4.185132e-03 -1.044478e+00 3.626223e-02 -3.876297e-03 9.993348e-01 8.202524e+00
9.999816e-01 -1.484174e-03 -5.882224e-03 2.350944e+01 1.473540e-03 9.999973e-01 -1.811821e-03 -1.098928e+00 5.884897e-03 1.803121e-03 9.999811e-01 9.701554e+00
9.998150e-01 3.697693e-03 -1.887511e-02 2.361201e+01 -3.611987e-03 9.999830e-01 4.572795e-03 -1.139010e+00 1.889170e-02 -4.503773e-03 9.998114e-01 1.101451e+01
9.999961e-01 -2.586526e-03 1.055234e-03 2.361404e+01 2.591993e-03 9.999831e-01 -5.212704e-03 -1.158776e+00 -1.041733e-03 5.215420e-03 9.999859e-01 1.180264e+01
9.997316e-01 3.353843e-03 -2.292231e-02 2.366949e+01 -3.156352e-03 9.999576e-01 8.646427e-03 -1.187376e+00 2.295034e-02 -8.571756e-03 9.996999e-01 1.268524e+01
9.999928e-01 -2.085808e-03 3.179264e-03 2.363442e+01 2.117693e-03 9.999472e-01 -1.005874e-02 -1.208478e+00 -3.158116e-03 1.006540e-02 9.999444e-01 1.370223e+01
9.998680e-01 2.843334e-03 -1.599768e-02 2.364422e+01 -2.651994e-03 9.999249e-01 1.196906e-02 -1.222135e+00 1.603051e-02 -1.192505e-02 9.998004e-01 1.415637e+01
9.999922e-01 -1.767516e-03 -3.538359e-03 2.370545e+01 1.737157e-03 9.999618e-01 -8.564760e-03 -1.251592e+00 3.553362e-03 8.558547e-03 9.999571e-01 1.504116e+01
9.999873e-01 2.507077e-03 -4.372026e-03 2.376801e+01 -2.463156e-03 9.999467e-01 1.002256e-02 -1.259999e+00 4.396920e-03 -1.001167e-02 9.999402e-01 1.510254e+01
9.999995e-01 -8.551547e-04 5.173138e-04 2.406438e+01 8.590803e-04 9.999705e-01 -7.635645e-03 -1.258256e+00 -5.107687e-04 7.636086e-03 9.999707e-01 1.463344e+01
9.999883e-01 2.414899e-03 -4.185410e-03 2.438402e+01 -2.372460e-03 9.999460e-01 1.011534e-02 -1.256223e+00 4.209612e-03 -1.010530e-02 9.999401e-01 1.414193e+01
9.999992e-01 -1.279102e-03 -1.284429e-05 2.464548e+01 1.278958e-03 9.999672e-01 -8.003919e-03 -1.255666e+00 2.308190e-05 8.003896e-03 9.999680e-01 1.375044e+01
9.999919e-01 2.483415e-03 -3.165214e-03 2.490925e+01 -2.450028e-03 9.999418e-01 1.050876e-02 -1.253544e+00 3.191127e-03 -1.050092e-02 9.999398e-01 1.330564e+01
9.999990e-01 -1.205803e-03 -7.968048e-04 2.511653e+01 1.199373e-03 9.999671e-01 -8.021890e-03 -1.251119e+00 8.064516e-04 8.020926e-03 9.999675e-01 1.290409e+01
9.999880e-01 2.294944e-03 -4.318939e-03 2.532232e+01 -2.249388e-03 9.999421e-01 1.052342e-02 -1.250503e+00 4.342839e-03 -1.051358e-02 9.999353e-01 1.258050e+01
9.999993e-01 -7.245548e-04 9.667169e-04 2.568580e+01 7.320500e-04 9.999695e-01 -7.775160e-03 -1.248378e+00 -9.610537e-04 7.775863e-03 9.999693e-01 1.203647e+01
9.999802e-01 3.052842e-03 -5.495164e-03 2.614674e+01 -2.992439e-03 9.999354e-01 1.096697e-02 -1.242426e+00 5.528289e-03 -1.095031e-02 9.999248e-01 1.131629e+01
9.999968e-01 -1.038033e-03 2.324360e-03 2.658798e+01 1.055992e-03 9.999695e-01 -7.738658e-03 -1.235506e+00 -2.316256e-03 7.741088e-03 9.999674e-01 1.060113e+01
9.999814e-01 2.988085e-03 -5.307683e-03 2.699873e+01 -2.931460e-03 9.999390e-01 1.064461e-02 -1.229856e+00 5.339167e-03 -1.062885e-02 9.999293e-01 9.943238e+00
9.999979e-01 -1.078312e-03 1.714487e-03 2.740251e+01 1.091397e-03 9.999701e-01 -7.649587e-03 -1.223521e+00 -1.706187e-03 7.651443e-03 9.999693e-01 9.287307e+00
9.999866e-01 2.611774e-03 -4.465137e-03 2.773897e+01 -2.564665e-03 9.999413e-01 1.052381e-02 -1.218223e+00 4.492360e-03 -1.051222e-02 9.999347e-01 8.705258e+00
9.999989e-01 -1.115691e-03 9.847026e-04 2.805349e+01 1.123392e-03 9.999685e-01 -7.855036e-03 -1.214441e+00 -9.759077e-04 7.856134e-03 9.999687e-01 8.188908e+00
9.999844e-01 2.448807e-03 -5.013536e-03 2.833776e+01 -2.396868e-03 9.999437e-01 1.033973e-02 -1.211790e+00 5.038573e-03 -1.032755e-02 9.999340e-01 7.725414e+00
9.999975e-01 -6.322724e-04 2.155458e-03 2.870773e+01 6.477422e-04 9.999740e-01 -7.183759e-03 -1.206719e+00 -2.150860e-03 7.185138e-03 9.999719e-01 7.118451e+00
9.999874e-01 3.020400e-03 -3.998869e-03 2.920183e+01 -2.977144e-03 9.999375e-01 1.077927e-02 -1.197563e+00 4.031177e-03 -1.076723e-02 9.999339e-01 6.286620e+00
9.999977e-01 -9.942764e-04 1.913524e-03 2.960810e+01 1.008731e-03 9.999709e-01 -7.567525e-03 -1.189605e+00 -1.905944e-03 7.569438e-03 9.999695e-01 5.573260e+00
9.999849e-01 3.163732e-03 -4.488462e-03 3.005348e+01 -3.114903e-03 9.999363e-01 1.084441e-02 -1.182795e+00 4.522485e-03 -1.083027e-02 9.999311e-01 4.851317e+00
9.999983e-01 -1.020523e-03 1.544626e-03 3.050291e+01 1.032204e-03 9.999707e-01 -7.580284e-03 -1.175035e+00 -1.536845e-03 7.581866e-03 9.999701e-01 4.102762e+00
9.999864e-01 3.565709e-03 -3.802858e-03 3.100165e+01 -3.522798e-03 9.999307e-01 1.123158e-02 -1.166124e+00 3.842643e-03 -1.121803e-02 9.999297e-01 3.276322e+00
9.999993e-01 -9.479177e-04 7.680454e-04 3.154761e+01 9.537614e-04 9.999703e-01 -7.643757e-03 -1.156426e+00 -7.607768e-04 7.644484e-03 9.999705e-01 2.395886e+00
9.999846e-01 2.809318e-03 -4.782464e-03 3.196485e+01 -2.758996e-03 9.999411e-01 1.049650e-02 -1.150847e+00 4.811670e-03 -1.048314e-02 9.999335e-01 1.741286e+00
9.999989e-01 -3.669692e-04 1.446722e-03 3.244019e+01 3.772238e-04 9.999748e-01 -7.093985e-03 -1.144891e+00 -1.444082e-03 7.094524e-03 9.999738e-01 1.011421e+00
9.999785e-01 2.763395e-03 -5.955072e-03 3.296595e+01 -2.702199e-03 9.999437e-01 1.025993e-02 -1.136537e+00 5.983089e-03 -1.024362e-02 9.999296e-01 1.867376e-01
9.999975e-01 -2.820875e-04 2.204359e-03 3.350299e+01 2.982832e-04 9.999729e-01 -7.350076e-03 -1.131390e+00 -2.202226e-03 7.350716e-03 9.999706e-01 -5.681334e-01
9.999761e-01 2.944196e-03 -6.250505e-03 3.404359e+01 -2.879466e-03 9.999424e-01 1.033992e-02 -1.125607e+00 6.280588e-03 -1.032167e-02 9.999270e-01 -1.345701e+00
9.999973e-01 -2.422774e-04 2.318745e-03 3.456566e+01 2.597102e-04 9.999717e-01 -7.520712e-03 -1.119947e+00 -2.316857e-03 7.521295e-03 9.999690e-01 -2.087073e+00
9.999773e-01 3.512152e-03 -5.758773e-03 3.526501e+01 -3.446803e-03 9.999300e-01 1.131873e-02 -1.110718e+00 5.798123e-03 -1.129863e-02 9.999194e-01 -3.096317e+00
9.999976e-01 -3.011609e-04 2.150519e-03 3.595434e+01 3.176494e-04 9.999705e-01 -7.670829e-03 -1.100587e+00 -2.148145e-03 7.671495e-03 9.999683e-01 -4.135109e+00
9.999759e-01 2.662213e-03 -6.415682e-03 3.646459e+01 -2.594405e-03 9.999409e-01 1.055434e-02 -1.095325e+00 6.443400e-03 -1.053744e-02 9.999237e-01 -4.867129e+00
9.999959e-01 -2.875503e-04 2.859452e-03 3.695447e+01 3.085990e-04 9.999728e-01 -7.363250e-03 -1.089211e+00 -2.857257e-03 7.364103e-03 9.999688e-01 -5.611520e+00
9.999753e-01 2.769250e-03 -6.452669e-03 3.747503e+01 -2.700861e-03 9.999403e-01 1.058324e-02 -1.082653e+00 6.481592e-03 -1.056555e-02 9.999232e-01 -6.389740e+00
9.999947e-01 2.002997e-04 3.240359e-03 3.807539e+01 -1.773890e-04 9.999750e-01 -7.069056e-03 -1.074479e+00 -3.241693e-03 7.068444e-03 9.999698e-01 -7.287420e+00
9.999729e-01 2.253559e-03 -7.007853e-03 3.862537e+01 -2.181500e-03 9.999448e-01 1.027330e-02 -1.066234e+00 7.030617e-03 -1.025774e-02 9.999227e-01 -8.142289e+00
9.999942e-01 3.155846e-04 3.395072e-03 3.916524e+01 -2.921232e-04 9.999761e-01 -6.908597e-03 -1.060413e+00 -3.397171e-03 6.907566e-03 9.999704e-01 -8.927092e+00
9.999736e-01 1.922247e-03 -7.008143e-03 3.964544e+01 -1.852288e-03 9.999485e-01 9.975500e-03 -1.053047e+00 7.026957e-03 -9.962256e-03 9.999257e-01 -9.694677e+00
9.999936e-01 2.492699e-04 3.563475e-03 4.010683e+01 -2.246348e-04 9.999761e-01 -6.911851e-03 -1.049105e+00 -3.565113e-03 6.911007e-03 9.999698e-01 -1.036645e+01
9.999657e-01 2.290767e-03 -7.958943e-03 4.066500e+01 -2.211441e-03 9.999479e-01 9.961414e-03 -1.043525e+00 7.981347e-03 -9.943473e-03 9.999187e-01 -1.116244e+01
9.999961e-01 -6.603542e-04 2.708473e-03 4.100515e+01 6.809727e-04 9.999707e-01 -7.618598e-03 -1.041652e+00 -2.703363e-03 7.620414e-03 9.999673e-01 -1.164906e+01
9.999662e-01 1.913118e-03 -7.994278e-03 4.129088e+01 -1.833405e-03 9.999486e-01 9.966782e-03 -1.041337e+00 8.012935e-03 -9.951789e-03 9.999184e-01 -1.203367e+01
9.999932e-01 -1.502434e-04 3.677719e-03 4.167073e+01 1.769879e-04 9.999735e-01 -7.272667e-03 -1.038667e+00 -3.676529e-03 7.273269e-03 9.999668e-01 -1.259169e+01
9.999593e-01 2.721743e-03 -8.596271e-03 4.219577e+01 -2.632291e-03 9.999425e-01 1.040016e-02 -1.034471e+00 8.624083e-03 -1.037711e-02 9.999090e-01 -1.332074e+01
9.999973e-01 -6.075184e-04 2.230461e-03 4.261596e+01 6.239038e-04 9.999728e-01 -7.352682e-03 -1.029340e+00 -2.225933e-03 7.354054e-03 9.999705e-01 -1.394773e+01
9.999690e-01 2.546569e-03 -7.452472e-03 4.309228e+01 -2.469916e-03 9.999441e-01 1.027673e-02 -1.024654e+00 7.478226e-03 -1.025801e-02 9.999194e-01 -1.458474e+01
9.999941e-01 -1.930823e-04 3.426654e-03 4.358987e+01 2.178437e-04 9.999739e-01 -7.227084e-03 -1.019734e+00 -3.425169e-03 7.227789e-03 9.999680e-01 -1.531377e+01
9.999454e-01 2.487575e-03 -1.015164e-02 4.401438e+01 -2.383282e-03 9.999444e-01 1.027277e-02 -1.013863e+00 1.017663e-02 -1.024801e-02 9.998957e-01 -1.594658e+01
9.999886e-01 -5.959933e-04 4.745279e-03 4.451066e+01 6.318237e-04 9.999713e-01 -7.552753e-03 -1.009471e+00 -4.740641e-03 7.555666e-03 9.999602e-01 -1.657520e+01
9.999489e-01 3.717900e-03 -9.399146e-03 4.516250e+01 -3.614760e-03 9.999333e-01 1.096668e-02 -1.003260e+00 9.439292e-03 -1.093215e-02 9.998957e-01 -1.747395e+01
9.999871e-01 -2.777189e-04 5.080603e-03 4.588629e+01 3.142264e-04 9.999741e-01 -7.186194e-03 -9.946311e-01 -5.078476e-03 7.187698e-03 9.999613e-01 -1.851487e+01
9.999525e-01 3.294650e-03 -9.178176e-03 4.653574e+01 -3.196682e-03 9.999380e-01 1.066836e-02 -9.882403e-01 9.212755e-03 -1.063852e-02 9.999010e-01 -1.943790e+01
9.999965e-01 -8.041240e-04 2.524301e-03 4.701415e+01 8.230159e-04 9.999716e-01 -7.491733e-03 -9.817811e-01 -2.518205e-03 7.493785e-03 9.999688e-01 -2.015289e+01
9.999563e-01 3.634631e-03 -8.615827e-03 4.770593e+01 -3.539514e-03 9.999329e-01 1.102953e-02 -9.747196e-01 8.655337e-03 -1.099856e-02 9.999021e-01 -2.104874e+01
9.999922e-01 -3.919922e-05 3.940510e-03 4.847950e+01 6.804611e-05 9.999732e-01 -7.320627e-03 -9.671430e-01 -3.940117e-03 7.320839e-03 9.999654e-01 -2.211911e+01
9.999516e-01 3.223038e-03 -9.296097e-03 4.916234e+01 -3.123257e-03 9.999376e-01 1.072826e-02 -9.606220e-01 9.330095e-03 -1.069871e-02 9.998992e-01 -2.305929e+01
9.999919e-01 1.075179e-06 4.029377e-03 4.981985e+01 2.839439e-05 9.999733e-01 -7.313514e-03 -9.542519e-01 -4.029277e-03 7.313569e-03 9.999651e-01 -2.396527e+01
9.999505e-01 2.738576e-03 -9.562937e-03 5.039466e+01 -2.639027e-03 9.999424e-01 1.040708e-02 -9.479911e-01 9.590886e-03 -1.038133e-02 9.999001e-01 -2.478296e+01
9.999878e-01 -2.837591e-06 4.944864e-03 5.096720e+01 3.890986e-05 9.999734e-01 -7.294732e-03 -9.435105e-01 -4.944711e-03 7.294835e-03 9.999612e-01 -2.555986e+01
9.999483e-01 3.133039e-03 -9.672892e-03 5.163528e+01 -3.030848e-03 9.999396e-01 1.056133e-02 -9.369401e-01 9.705397e-03 -1.053146e-02 9.998974e-01 -2.647185e+01
9.999856e-01 1.167675e-05 5.364783e-03 5.230855e+01 2.767500e-05 9.999731e-01 -7.334988e-03 -9.300342e-01 -5.364724e-03 7.335032e-03 9.999587e-01 -2.740293e+01
9.999484e-01 2.795368e-03 -9.769210e-03 5.293116e+01 -2.692794e-03 9.999413e-01 1.049728e-02 -9.243667e-01 9.797980e-03 -1.047043e-02 9.998972e-01 -2.826892e+01
9.999899e-01 2.911853e-04 4.481826e-03 5.356040e+01 -2.591596e-04 9.999744e-01 -7.144499e-03 -9.177667e-01 -4.483792e-03 7.143266e-03 9.999644e-01 -2.915094e+01
9.999457e-01 2.656772e-03 -1.007681e-02 5.424035e+01 -2.551485e-03 9.999422e-01 1.044695e-02 -9.110289e-01 1.010398e-02 -1.042067e-02 9.998947e-01 -3.006941e+01
9.999885e-01 2.130685e-04 4.785330e-03 5.485011e+01 -1.777625e-04 9.999728e-01 -7.377093e-03 -9.059948e-01 -4.786772e-03 7.376159e-03 9.999613e-01 -3.089790e+01
9.999480e-01 2.414692e-03 -9.907631e-03 5.541143e+01 -2.312178e-03 9.999438e-01 1.034540e-02 -9.020317e-01 9.932055e-03 -1.032196e-02 9.998974e-01 -3.165335e+01
9.999883e-01 3.367385e-04 4.821781e-03 5.599584e+01 -3.013459e-04 9.999730e-01 -7.338914e-03 -8.976998e-01 -4.824122e-03 7.337376e-03 9.999614e-01 -3.243782e+01
9.999509e-01 2.233070e-03 -9.657841e-03 5.655775e+01 -2.133347e-03 9.999444e-01 1.032360e-02 -8.929837e-01 9.680358e-03 -1.030249e-02 9.999001e-01 -3.321504e+01
9.999887e-01 4.385354e-04 4.742148e-03 5.713403e+01 -4.037205e-04 9.999730e-01 -7.339959e-03 -8.882493e-01 -4.745239e-03 7.337962e-03 9.999618e-01 -3.400737e+01
9.999547e-01 1.879825e-03 -9.326543e-03 5.763489e+01 -1.783987e-03 9.999456e-01 1.027353e-02 -8.836852e-01 9.345349e-03 -1.025643e-02 9.999037e-01 -3.472446e+01
9.999866e-01 4.821716e-04 5.162818e-03 5.814270e+01 -4.442566e-04 9.999729e-01 -7.342404e-03 -8.792601e-01 -5.166218e-03 7.340013e-03 9.999597e-01 -3.544452e+01
9.999486e-01 2.042875e-03 -9.930294e-03 5.869957e+01 -1.941005e-03 9.999455e-01 1.025730e-02 -8.748989e-01 9.950707e-03 -1.023750e-02 9.998981e-01 -3.620945e+01
9.999873e-01 4.639077e-04 5.024398e-03 5.924951e+01 -4.270894e-04 9.999731e-01 -7.326427e-03 -8.709210e-01 -5.027661e-03 7.324189e-03 9.999605e-01 -3.696306e+01
9.999590e-01 1.734321e-03 -8.882708e-03 5.971852e+01 -1.644313e-03 9.999473e-01 1.013034e-02 -8.673645e-01 8.899809e-03 -1.011532e-02 9.999092e-01 -3.763467e+01
9.999914e-01 4.013097e-04 4.129567e-03 6.016764e+01 -3.693535e-04 9.999700e-01 -7.736152e-03 -8.646271e-01 -4.132548e-03 7.734561e-03 9.999615e-01 -3.825205e+01
9.999639e-01 1.182562e-03 -8.420186e-03 6.051381e+01 -1.097890e-03 9.999489e-01 1.005348e-02 -8.629577e-01 8.431644e-03 -1.004387e-02 9.999140e-01 -3.875264e+01
9.999888e-01 1.141107e-04 4.725805e-03 6.079269e+01 -7.707785e-05 9.999693e-01 -7.835651e-03 -8.613638e-01 -4.726553e-03 7.835200e-03 9.999581e-01 -3.919400e+01
9.999633e-01 4.356197e-04 -8.551141e-03 6.091072e+01 -3.558321e-04 9.999564e-01 9.329998e-03 -8.626060e-01 8.554832e-03 -9.326614e-03 9.999199e-01 -3.940462e+01
9.999900e-01 1.174672e-03 4.321864e-03 6.121097e+01 -1.145209e-03 9.999761e-01 -6.813304e-03 -8.610288e-01 -4.329764e-03 6.808287e-03 9.999674e-01 -3.986323e+01
9.999560e-01 7.697876e-05 -9.384448e-03 6.138562e+01 4.804068e-06 9.999620e-01 8.714433e-03 -8.590095e-01 9.384762e-03 -8.714094e-03 9.999180e-01 -4.019723e+01
9.999997e-01 4.910144e-05 -7.839345e-04 6.137914e+01 -5.513079e-05 9.999704e-01 -7.693545e-03 -8.697951e-01 7.835337e-04 7.693587e-03 9.999701e-01 -3.986567e+01
9.999802e-01 2.103463e-04 -6.286916e-03 6.138841e+01 -1.569140e-04 9.999639e-01 8.498334e-03 -8.761759e-01 6.288476e-03 -8.497180e-03 9.999441e-01 -3.974170e+01
9.999974e-01 1.137825e-03 1.986766e-03 6.164386e+01 -1.125244e-03 9.999794e-01 -6.322008e-03 -8.765648e-01 -1.993919e-03 6.319757e-03 9.999780e-01 -4.011557e+01
9.999808e-01 2.811477e-04 -6.185179e-03 6.195870e+01 -2.279692e-04 9.999630e-01 8.596832e-03 -8.754282e-01 6.187367e-03 -8.595257e-03 9.999439e-01 -4.058081e+01
9.999996e-01 4.897351e-04 7.960609e-04 6.209508e+01 -4.841577e-04 9.999754e-01 -6.990895e-03 -8.761754e-01 -7.994649e-04 6.990507e-03 9.999752e-01 -4.080916e+01
9.999821e-01 1.208960e-03 -5.859228e-03 6.237078e+01 -1.153819e-03 9.999551e-01 9.405273e-03 -8.763751e-01 5.870336e-03 -9.398345e-03 9.999386e-01 -4.118232e+01
9.999984e-01 7.135436e-04 1.654928e-03 6.277010e+01 -7.025673e-04 9.999778e-01 -6.623390e-03 -8.711930e-01 -1.659618e-03 6.622217e-03 9.999767e-01 -4.182237e+01
9.999835e-01 5.200904e-04 -5.726314e-03 6.302336e+01 -4.701556e-04 9.999619e-01 8.718198e-03 -8.697477e-01 5.730630e-03 -8.715362e-03 9.999456e-01 -4.222768e+01
9.999976e-01 5.629255e-04 2.103219e-03 6.325390e+01 -5.495066e-04 9.999795e-01 -6.375092e-03 -8.692784e-01 -2.106764e-03 6.373922e-03 9.999775e-01 -4.259561e+01
9.999846e-01 7.094179e-04 -5.503806e-03 6.350669e+01 -6.611402e-04 9.999613e-01 8.768644e-03 -8.669945e-01 5.509813e-03 -8.764871e-03 9.999464e-01 -4.302592e+01
9.999971e-01 1.054728e-03 2.151037e-03 6.386240e+01 -1.042096e-03 9.999823e-01 -5.864901e-03 -8.636412e-01 -2.157185e-03 5.862643e-03 9.999805e-01 -4.358432e+01
9.999809e-01 9.779543e-04 -6.100821e-03 6.430897e+01 -9.244437e-04 9.999611e-01 8.767790e-03 -8.592709e-01 6.109158e-03 -8.761984e-03 9.999430e-01 -4.425769e+01
9.999981e-01 8.108928e-04 1.746630e-03 6.471025e+01 -8.002034e-04 9.999810e-01 -6.111781e-03 -8.563923e-01 -1.751552e-03 6.110373e-03 9.999798e-01 -4.485067e+01
9.999818e-01 4.292599e-05 -6.033484e-03 6.492120e+01 5.752937e-06 9.999675e-01 8.067958e-03 -8.562922e-01 6.033634e-03 -8.067846e-03 9.999493e-01 -4.517682e+01
9.999992e-01 9.953417e-04 7.426991e-04 6.507775e+01 -9.907766e-04 9.999808e-01 -6.121259e-03 -8.578015e-01 -7.487775e-04 6.120519e-03 9.999810e-01 -4.540666e+01
9.999852e-01 8.894924e-05 -5.448418e-03 6.528770e+01 -4.352250e-05 9.999652e-01 8.337240e-03 -8.571890e-01 5.448970e-03 -8.336879e-03 9.999504e-01 -4.574901e+01
9.999995e-01 6.760538e-04 6.786936e-04 6.545935e+01 -6.717715e-04 9.999800e-01 -6.289408e-03 -8.582779e-01 -6.829319e-04 6.288950e-03 9.999800e-01 -4.601230e+01
9.999488e-01 -5.194392e-04 -1.010924e-02 6.541679e+01 6.001326e-04 9.999680e-01 7.980793e-03 -8.626642e-01 1.010477e-02 -7.986451e-03 9.999171e-01 -4.577008e+01
9.999917e-01 1.034817e-03 3.932415e-03 6.541266e+01 -1.006625e-03 9.999738e-01 -7.164255e-03 -8.669856e-01 -3.939726e-03 7.160238e-03 9.999666e-01 -4.568110e+01
9.999680e-01 1.788598e-03 -7.798239e-03 6.602259e+01 -1.707545e-03 9.999446e-01 1.038805e-02 -8.679258e-01 7.816387e-03 -1.037440e-02 9.999156e-01 -4.638458e+01
9.999955e-01 5.303214e-05 3.001565e-03 6.643492e+01 -2.749787e-05 9.999638e-01 -8.506228e-03 -8.653797e-01 -3.001908e-03 8.506108e-03 9.999593e-01 -4.694485e+01
9.999680e-01 2.202118e-04 -8.001955e-03 6.653769e+01 -1.417414e-04 9.999519e-01 9.805709e-03 -8.690879e-01 8.003729e-03 -9.804261e-03 9.999199e-01 -4.703383e+01
9.999985e-01 6.967522e-05 1.736082e-03 6.660093e+01 -5.502543e-05 9.999644e-01 -8.436763e-03 -8.743507e-01 -1.736608e-03 8.436655e-03 9.999629e-01 -4.706050e+01
9.999519e-01 -1.696680e-05 -9.808490e-03 6.658918e+01 1.068799e-04 9.999580e-01 9.166465e-03 -8.825168e-01 9.807922e-03 -9.167073e-03 9.999099e-01 -4.678150e+01
9.999898e-01 6.736285e-04 4.464086e-03 6.665742e+01 -6.389942e-04 9.999697e-01 -7.755197e-03 -8.868239e-01 -4.469175e-03 7.752266e-03 9.999600e-01 -4.681261e+01
9.999522e-01 1.183044e-04 -9.774966e-03 6.679644e+01 -2.437914e-05 9.999538e-01 9.608365e-03 -8.882208e-01 9.775652e-03 -9.607668e-03 9.999061e-01 -4.702559e+01
9.999919e-01 8.040145e-04 3.956389e-03 6.695273e+01 -7.743409e-04 9.999716e-01 -7.495892e-03 -8.895569e-01 -3.962304e-03 7.492768e-03 9.999641e-01 -4.725610e+01
9.999500e-01 -4.340668e-04 -9.995094e-03 6.701148e+01 5.265210e-04 9.999571e-01 9.249238e-03 -8.917935e-01 9.990650e-03 -9.254038e-03 9.999073e-01 -4.733572e+01
9.999995e-01 6.876318e-04 7.234845e-04 6.702449e+01 -6.818156e-04 9.999677e-01 -8.008199e-03 -9.003596e-01 -7.289677e-04 8.007702e-03 9.999677e-01 -4.714580e+01
9.999281e-01 -4.752891e-04 -1.198192e-02 6.699039e+01 5.857010e-04 9.999574e-01 9.213086e-03 -9.087479e-01 1.197703e-02 -9.219442e-03 9.998858e-01 -4.675081e+01
9.999893e-01 9.522911e-04 4.517127e-03 6.697042e+01 -9.124236e-04 9.999607e-01 -8.819597e-03 -9.145904e-01 -4.525349e-03 8.815382e-03 9.999509e-01 -4.655193e+01
9.999424e-01 -4.462628e-04 -1.072228e-02 6.704490e+01 5.593850e-04 9.999442e-01 1.054957e-02 -9.171930e-01 1.071697e-02 -1.055496e-02 9.998869e-01 -4.665326e+01
9.999917e-01 1.379438e-03 3.829608e-03 6.716301e+01 -1.347444e-03 9.999643e-01 -8.344419e-03 -9.196657e-01 -3.840982e-03 8.339191e-03 9.999579e-01 -4.682983e+01
9.999228e-01 -9.259520e-04 -1.239267e-02 6.718258e+01 1.054266e-03 9.999459e-01 1.035154e-02 -9.242134e-01 1.238242e-02 -1.036380e-02 9.998696e-01 -4.676394e+01
9.999905e-01 1.087510e-03 4.220753e-03 6.712522e+01 -1.045880e-03 9.999509e-01 -9.852758e-03 -9.285747e-01 -4.231261e-03 9.848251e-03 9.999426e-01 -4.647880e+01
9.999245e-01 -4.615019e-04 -1.227699e-02 6.700694e+01 5.999068e-04 9.999363e-01 1.127227e-02 -9.275549e-01 1.227100e-02 -1.127879e-02 9.998611e-01 -4.610645e+01
9.999990e-01 1.139496e-03 8.943045e-04 6.689606e+01 -1.128834e-03 9.999294e-01 -1.183297e-02 -9.362924e-01 -9.077248e-04 1.183195e-02 9.999296e-01 -4.532814e+01
9.998129e-01 -5.873365e-04 -1.933518e-02 6.653290e+01 8.287849e-04 9.999218e-01 1.248190e-02 -9.292871e-01 1.932634e-02 -1.249559e-02 9.997351e-01 -4.401986e+01
9.999392e-01 1.392991e-03 1.093751e-02 6.620597e+01 -1.194360e-03 9.998346e-01 -1.814607e-02 -9.246144e-01 -1.096098e-02 1.813190e-02 9.997755e-01 -4.277674e+01
9.998661e-01 -7.535355e-04 -1.634489e-02 6.632087e+01 1.075084e-03 9.998059e-01 1.967289e-02 -9.285788e-01 1.632689e-02 -1.968783e-02 9.996729e-01 -4.291666e+01
9.999897e-01 1.831714e-03 4.162819e-03 6.581201e+01 -1.759765e-03 9.998501e-01 -1.722200e-02 -8.969413e-01 -4.193741e-03 1.721450e-02 9.998430e-01 -4.199280e+01
9.999753e-01 -1.765808e-03 -6.799166e-03 6.533084e+01 1.844472e-03 9.999312e-01 1.158087e-02 -8.745467e-01 6.778249e-03 -1.159312e-02 9.999098e-01 -4.090289e+01
9.999951e-01 1.947413e-03 -2.450769e-03 6.536490e+01 -1.973105e-03 9.999427e-01 -1.052505e-02 -8.852710e-01 2.430132e-03 1.052983e-02 9.999416e-01 -4.068023e+01
9.999795e-01 -1.818758e-03 -6.140722e-03 6.539647e+01 1.889492e-03 9.999317e-01 1.153291e-02 -8.961512e-01 6.119327e-03 -1.154427e-02 9.999146e-01 -4.044335e+01
9.999945e-01 2.017377e-03 -2.630124e-03 6.541806e+01 -2.045160e-03 9.999417e-01 -1.060381e-02 -9.062786e-01 2.608579e-03 1.060913e-02 9.999403e-01 -4.020601e+01
9.999634e-01 -1.926240e-03 -8.340281e-03 6.543246e+01 2.026139e-03 9.999261e-01 1.198616e-02 -9.182337e-01 8.316576e-03 -1.200262e-02 9.998934e-01 -3.987780e+01
9.999974e-01 2.293435e-03 -1.864645e-04 6.544115e+01 -2.295442e-03 9.999302e-01 -1.159392e-02 -9.267587e-01 1.598617e-04 1.159432e-02 9.999328e-01 -3.965507e+01
9.999607e-01 -2.069858e-03 -8.617223e-03 6.545174e+01 2.181656e-03 9.999133e-01 1.298471e-02 -9.334127e-01 8.589599e-03 -1.300300e-02 9.998786e-01 -3.950937e+01
9.999947e-01 2.393887e-03 -2.201831e-03 6.546764e+01 -2.419625e-03 9.999279e-01 -1.176179e-02 -9.454109e-01 2.173516e-03 1.176705e-02 9.999284e-01 -3.918445e+01
9.999436e-01 -2.146912e-03 -1.040431e-02 6.547820e+01 2.283185e-03 9.999115e-01 1.310368e-02 -9.593568e-01 1.037526e-02 -1.312670e-02 9.998600e-01 -3.875596e+01
9.999933e-01 2.819835e-03 2.325129e-03 6.551100e+01 -2.790752e-03 9.999190e-01 -1.241748e-02 -9.670215e-01 -2.359956e-03 1.241090e-02 9.999202e-01 -3.862220e+01
9.999774e-01 -1.741472e-03 -6.494099e-03 6.572071e+01 1.837047e-03 9.998897e-01 1.474053e-02 -9.662313e-01 6.467713e-03 -1.475213e-02 9.998703e-01 -3.897478e+01
9.999917e-01 3.100446e-03 2.628180e-03 6.595911e+01 -3.068021e-03 9.999202e-01 -1.225286e-02 -9.645659e-01 -2.665959e-03 1.224470e-02 9.999215e-01 -3.937488e+01
9.999715e-01 -1.651652e-03 -7.365910e-03 6.619542e+01 1.760215e-03 9.998896e-01 1.475669e-02 -9.610297e-01 7.340724e-03 -1.476924e-02 9.998640e-01 -3.980995e+01
9.999943e-01 3.168223e-03 1.145188e-03 6.645360e+01 -3.154320e-03 9.999237e-01 -1.194432e-02 -9.567330e-01 -1.182943e-03 1.194064e-02 9.999280e-01 -4.024440e+01
9.999833e-01 -1.094455e-04 -5.769704e-03 6.711387e+01 1.991686e-04 9.998790e-01 1.555254e-02 -9.519516e-01 5.767304e-03 -1.555343e-02 9.998624e-01 -4.108189e+01
9.999978e-01 1.895153e-03 -8.812755e-04 6.737653e+01 -1.907080e-03 9.999038e-01 -1.373696e-02 -9.495606e-01 8.551572e-04 1.373861e-02 9.999053e-01 -4.149992e+01
9.999759e-01 -9.391864e-04 -6.881909e-03 6.747563e+01 1.044367e-03 9.998825e-01 1.529606e-02 -9.542675e-01 6.866734e-03 -1.530288e-02 9.998593e-01 -4.153717e+01
9.999972e-01 2.213328e-03 -8.616668e-04 6.751085e+01 -2.224023e-03 9.999179e-01 -1.261642e-02 -9.577458e-01 8.336719e-04 1.261830e-02 9.999200e-01 -4.150927e+01
9.999721e-01 -1.692680e-03 -7.274872e-03 6.752794e+01 1.786811e-03 9.999145e-01 1.295243e-02 -9.660776e-01 7.252326e-03 -1.296507e-02 9.998896e-01 -4.131280e+01
9.999869e-01 3.935818e-03 3.278272e-03 6.793804e+01 -3.902271e-03 9.999406e-01 -1.017718e-02 -9.637834e-01 -3.318132e-03 1.016426e-02 9.999428e-01 -4.189778e+01
9.999701e-01 -1.341267e-03 -7.621044e-03 6.845177e+01 1.442390e-03 9.999108e-01 1.327895e-02 -9.592821e-01 7.602553e-03 -1.328954e-02 9.998828e-01 -4.265665e+01
9.999965e-01 2.484445e-03 8.806861e-04 6.850335e+01 -2.474200e-03 9.999314e-01 -1.144809e-02 -9.599970e-01 -9.090678e-04 1.144587e-02 9.999341e-01 -4.273673e+01
9.999092e-01 -2.002121e-03 -1.332910e-02 6.802809e+01 2.158104e-03 9.999292e-01 1.169841e-02 -9.386301e-01 1.330474e-02 -1.172611e-02 9.998427e-01 -4.166574e+01
9.999946e-01 2.088749e-03 2.518634e-03 6.736357e+01 -2.050941e-03 9.998866e-01 -1.492128e-02 -9.127647e-01 -2.549515e-03 1.491603e-02 9.998855e-01 -4.007826e+01
9.998185e-01 -1.686570e-03 -1.897574e-02 6.673422e+01 1.992258e-03 9.998684e-01 1.610207e-02 -8.872505e-01 1.894608e-02 -1.613695e-02 9.996903e-01 -3.860037e+01
9.999691e-01 2.118807e-03 7.576761e-03 6.581037e+01 -1.980607e-03 9.998324e-01 -1.820107e-02 -8.399975e-01 -7.614056e-03 1.818550e-02 9.998056e-01 -3.671978e+01
9.998510e-01 -1.937944e-03 -1.715457e-02 6.493156e+01 2.167916e-03 9.999079e-01 1.339752e-02 -7.958698e-01 1.712703e-02 -1.343271e-02 9.997631e-01 -3.489197e+01
9.999475e-01 2.219892e-03 1.000249e-02 6.440360e+01 -2.049053e-03 9.998524e-01 -1.705755e-02 -7.748922e-01 -1.003888e-02 1.703616e-02 9.998045e-01 -3.359773e+01
9.997101e-01 -1.878399e-03 -2.400458e-02 6.404461e+01 2.270421e-03 9.998643e-01 1.631433e-02 -7.657507e-01 2.397068e-02 -1.636410e-02 9.995787e-01 -3.251285e+01
9.999147e-01 2.348483e-03 1.284670e-02 6.336364e+01 -2.108785e-03 9.998240e-01 -1.864010e-02 -7.335230e-01 -1.288822e-02 1.861142e-02 9.997437e-01 -3.100357e+01
9.995661e-01 -1.632307e-03 -2.940906e-02 6.263821e+01 2.146234e-03 9.998454e-01 1.745206e-02 -6.991409e-01 2.937603e-02 -1.750760e-02 9.994151e-01 -2.935769e+01
9.997421e-01 3.297221e-03 2.247010e-02 6.157196e+01 -2.791334e-03 9.997428e-01 -2.250808e-02 -6.411468e-01 -2.253853e-02 2.243955e-02 9.994941e-01 -2.708826e+01
9.995954e-01 -2.391429e-03 -2.834109e-02 6.085600e+01 2.908665e-03 9.998297e-01 1.822327e-02 -6.062104e-01 2.829268e-02 -1.829833e-02 9.994322e-01 -2.546148e+01
9.998450e-01 3.455379e-03 1.726368e-02 6.036475e+01 -3.123024e-03 9.998100e-01 -1.924164e-02 -5.853481e-01 -1.732689e-02 1.918474e-02 9.996658e-01 -2.422620e+01
9.996863e-01 -2.967511e-03 -2.487123e-02 5.981984e+01 3.371918e-03 9.998625e-01 1.623392e-02 -5.623419e-01 2.481964e-02 -1.631269e-02 9.995588e-01 -2.291831e+01
9.998879e-01 3.729735e-03 1.449894e-02 5.953840e+01 -3.493441e-03 9.998612e-01 -1.628855e-02 -5.562702e-01 -1.455768e-02 1.623608e-02 9.997622e-01 -2.204473e+01
9.997066e-01 -3.086890e-03 -2.402304e-02 5.920795e+01 3.463847e-03 9.998713e-01 1.566575e-02 -5.484164e-01 2.397159e-02 -1.574436e-02 9.995887e-01 -2.106043e+01
9.998573e-01 3.811425e-03 1.645673e-02 5.884691e+01 -3.534547e-03 9.998523e-01 -1.682099e-02 -5.364321e-01 -1.651841e-02 1.676043e-02 9.997231e-01 -2.012456e+01
9.996292e-01 -3.081606e-03 -2.705324e-02 5.837074e+01 3.512789e-03 9.998673e-01 1.590530e-02 -5.148448e-01 2.700064e-02 -1.599443e-02 9.995075e-01 -1.898034e+01
9.998232e-01 3.669593e-03 1.843952e-02 5.809134e+01 -3.360728e-03 9.998540e-01 -1.675331e-02 -5.086080e-01 -1.849831e-02 1.668838e-02 9.996896e-01 -1.816819e+01
9.995829e-01 -3.003251e-03 -2.872363e-02 5.788265e+01 3.499845e-03 9.998450e-01 1.725407e-02 -5.064488e-01 2.866736e-02 -1.734741e-02 9.994385e-01 -1.746774e+01
9.998473e-01 3.634136e-03 1.709413e-02 5.774959e+01 -3.355638e-03 9.998616e-01 -1.629255e-02 -5.125752e-01 -1.715097e-02 1.623270e-02 9.997211e-01 -1.679278e+01
9.995519e-01 -3.335899e-03 -2.974788e-02 5.772422e+01 3.843866e-03 9.998475e-01 1.703495e-02 -5.258597e-01 2.968652e-02 -1.714167e-02 9.994123e-01 -1.635110e+01
9.998608e-01 4.583730e-03 1.604367e-02 5.720926e+01 -4.341647e-03 9.998767e-01 -1.509143e-02 -5.014293e-01 -1.611087e-02 1.501967e-02 9.997574e-01 -1.528943e+01
9.996208e-01 -4.113733e-03 -2.722829e-02 5.671483e+01 4.477374e-03 9.999014e-01 1.330781e-02 -4.875282e-01 2.717086e-02 -1.342468e-02 9.995407e-01 -1.386232e+01
9.998890e-01 4.843115e-03 1.408883e-02 5.659695e+01 -4.645012e-03 9.998904e-01 -1.405987e-02 -4.965785e-01 -1.415538e-02 1.399287e-02 9.998019e-01 -1.313741e+01
9.996150e-01 -3.888154e-03 -2.747085e-02 5.613939e+01 4.309730e-03 9.998736e-01 1.530383e-02 -4.742202e-01 2.740787e-02 -1.541634e-02 9.995055e-01 -1.212957e+01
9.997874e-01 4.779143e-03 2.005863e-02 5.573800e+01 -4.417275e-03 9.998274e-01 -1.804618e-02 -4.649415e-01 -2.014142e-02 1.795374e-02 9.996359e-01 -1.092718e+01
9.994803e-01 -3.852811e-03 -3.200328e-02 5.577287e+01 4.428712e-03 9.998292e-01 1.794374e-02 -4.765588e-01 3.192868e-02 -1.807615e-02 9.993267e-01 -1.063458e+01
9.997637e-01 4.612516e-03 2.124489e-02 5.577786e+01 -4.267471e-03 9.998587e-01 -1.625811e-02 -4.864678e-01 -2.131688e-02 1.616361e-02 9.996421e-01 -1.035555e+01
9.994624e-01 -3.892803e-03 -3.255457e-02 5.575971e+01 4.433502e-03 9.998532e-01 1.655335e-02 -4.984133e-01 3.248536e-02 -1.668878e-02 9.993329e-01 -9.904839e+00
9.997105e-01 4.663308e-03 2.360430e-02 5.577448e+01 -4.291939e-03 9.998666e-01 -1.575935e-02 -5.080088e-01 -2.367464e-02 1.565348e-02 9.995972e-01 -9.666004e+00
9.990334e-01 -3.356290e-03 -4.382890e-02 5.496806e+01 4.160736e-03 9.998243e-01 1.827595e-02 -4.644696e-01 4.375986e-02 -1.844065e-02 9.988719e-01 -7.974687e+00
9.990473e-01 4.556968e-03 4.340191e-02 5.419532e+01 -3.375982e-03 9.996231e-01 -2.724498e-02 -4.249883e-01 -4.350971e-02 2.707250e-02 9.986861e-01 -6.275223e+00
9.983763e-01 -2.993414e-03 -5.688385e-02 5.415205e+01 4.653199e-03 9.995666e-01 2.906849e-02 -4.343002e-01 5.677218e-02 -2.928598e-02 9.979575e-01 -5.803892e+00
9.991653e-01 4.777083e-03 4.056885e-02 5.386290e+01 -3.622918e-03 9.995879e-01 -2.847552e-02 -4.344303e-01 -4.068816e-02 2.830478e-02 9.987709e-01 -4.736898e+00
9.985675e-01 -3.295246e-03 -5.340490e-02 5.376670e+01 4.839351e-03 9.995732e-01 2.880973e-02 -4.445798e-01 5.328717e-02 -2.902690e-02 9.981573e-01 -4.040291e+00
9.990357e-01 5.227512e-03 4.359309e-02 5.377048e+01 -3.978691e-03 9.995806e-01 -2.868493e-02 -4.544613e-01 -4.372476e-02 2.848383e-02 9.986375e-01 -3.722754e+00
9.983953e-01 -3.259574e-03 -5.653530e-02 5.337120e+01 5.008571e-03 9.995123e-01 3.082232e-02 -4.361048e-01 5.640727e-02 -3.105602e-02 9.979247e-01 -2.879929e+00
9.985074e-01 5.428849e-03 5.434676e-02 5.285300e+01 -3.388906e-03 9.992887e-01 -3.755769e-02 -4.103899e-01 -5.451200e-02 3.731745e-02 9.978155e-01 -1.730315e+00
9.981634e-01 -2.939767e-03 -6.050813e-02 5.290328e+01 5.289920e-03 9.992362e-01 3.871683e-02 -4.149868e-01 6.034810e-02 -3.896581e-02 9.974165e-01 -1.752953e+00
9.985555e-01 5.298405e-03 5.346808e-02 5.289508e+01 -3.292091e-03 9.992896e-01 -3.754211e-02 -4.181362e-01 -5.362901e-02 3.731186e-02 9.978636e-01 -1.683782e+00
9.981739e-01 -1.018327e-03 -6.039654e-02 5.324167e+01 3.422173e-03 9.992053e-01 3.971098e-02 -4.201328e-01 6.030811e-02 -3.984515e-02 9.973842e-01 -2.068177e+00
9.984611e-01 4.112085e-03 5.530409e-02 5.341504e+01 -2.015697e-03 9.992792e-01 -3.790906e-02 -4.219745e-01 -5.542010e-02 3.773925e-02 9.977496e-01 -2.321107e+00
9.981822e-01 -1.603665e-03 -6.024730e-02 5.345710e+01 3.946491e-03 9.992397e-01 3.878798e-02 -4.247395e-01 6.013929e-02 -3.895524e-02 9.974296e-01 -2.346922e+00
9.984626e-01 4.517654e-03 5.524533e-02 5.360291e+01 -2.465053e-03 9.993061e-01 -3.716612e-02 -4.284201e-01 -5.537489e-02 3.697280e-02 9.977809e-01 -2.535722e+00
9.981388e-01 -1.203126e-03 -6.097175e-02 5.382729e+01 3.587286e-03 9.992324e-01 3.900834e-02 -4.313300e-01 6.087802e-02 -3.915446e-02 9.973770e-01 -2.813968e+00
9.984842e-01 4.144796e-03 5.488287e-02 5.397464e+01 -2.089347e-03 9.992961e-01 -3.745609e-02 -4.353681e-01 -5.499949e-02 3.728465e-02 9.977900e-01 -2.981953e+00
9.981291e-01 -1.718593e-03 -6.111821e-02 5.400255e+01 4.082485e-03 9.992474e-01 3.857358e-02 -4.398873e-01 6.100592e-02 -3.875093e-02 9.973849e-01 -2.965212e+00
9.985531e-01 4.290036e-03 5.360388e-02 5.405654e+01 -2.289172e-03 9.993003e-01 -3.733263e-02 -4.451532e-01 -5.372653e-02 3.715590e-02 9.978642e-01 -2.985168e+00
9.979922e-01 -1.617278e-03 -6.331556e-02 5.406227e+01 4.107975e-03 9.992219e-01 3.922746e-02 -4.504276e-01 6.320285e-02 -3.940880e-02 9.972223e-01 -2.860255e+00
9.987241e-01 4.212415e-03 5.032413e-02 5.372243e+01 -2.301108e-03 9.992759e-01 -3.797765e-02 -4.392511e-01 -5.044767e-02 3.781340e-02 9.980106e-01 -2.031690e+00
9.983486e-01 -2.605489e-03 -5.738668e-02 5.280921e+01 4.476847e-03 9.994615e-01 3.250526e-02 -3.910297e-01 5.727108e-02 -3.270849e-02 9.978227e-01 -2.158935e-01
9.988715e-01 4.704802e-03 4.726153e-02 5.228091e+01 -3.112427e-03 9.994268e-01 -3.371009e-02 -3.667520e-01 -4.739304e-02 3.352495e-02 9.983136e-01 8.698683e-01
9.987108e-01 -3.065976e-03 -5.066896e-02 5.201205e+01 4.618686e-03 9.995224e-01 3.055559e-02 -3.543213e-01 5.055108e-02 -3.075022e-02 9.982480e-01 1.414927e+00
9.989718e-01 5.365384e-03 4.501675e-02 5.217960e+01 -4.067761e-03 9.995750e-01 -2.886757e-02 -3.557531e-01 -4.515250e-02 2.865477e-02 9.985691e-01 1.166749e+00
9.981128e-01 -3.795536e-03 -6.128948e-02 5.222910e+01 5.707708e-03 9.995014e-01 3.105416e-02 -3.825799e-01 6.114106e-02 -3.134538e-02 9.976368e-01 2.180163e+00
9.993638e-01 8.818838e-03 3.455728e-02 5.225776e+01 -7.823891e-03 9.995540e-01 -2.882142e-02 -4.302822e-01 -3.479603e-02 2.853272e-02 9.989870e-01 4.240389e+00
