9.999228e-01 1.828103e-03 -1.229098e-02 1.184944e-01 -1.807566e-03 9.999970e-01 1.681880e-03 -1.368125e-02 1.229402e-02 -1.659534e-03 9.999230e-01 2.823411e-01
9.999971e-01 -1.117596e-03 2.144154e-03 3.240003e-01 1.118995e-03 9.999992e-01 -6.515049e-04 -2.258180e-02 -2.143424e-03 6.539030e-04 9.999975e-01 2.173453e-01
9.999255e-01 9.588846e-04 -1.216579e-02 8.918417e-01 -9.399425e-04 9.999983e-01 1.562626e-03 -2.659552e-02 1.216727e-02 -1.551075e-03 9.999248e-01 -4.179235e-01
9.999995e-01 -9.714566e-04 -3.491308e-04 1.305836e+00 9.711836e-04 9.999992e-01 -7.811199e-04 -2.927719e-02 3.498897e-04 7.807811e-04 9.999996e-01 -9.137839e-01
9.999024e-01 1.758910e-03 -1.385726e-02 1.671485e+00 -1.730577e-03 9.999964e-01 2.056367e-03 -3.215223e-02 1.386082e-02 -2.032186e-03 9.999019e-01 -1.384478e+00
9.999934e-01 -1.227613e-03 3.426188e-03 1.973403e+00 1.230363e-03 9.999989e-01 -8.005972e-04 -3.178759e-02 -3.425201e-03 8.048080e-04 9.999938e-01 -1.799830e+00
9.999161e-01 7.503621e-04 -1.293118e-02 2.533556e+00 -7.345135e-04 9.999990e-01 1.230320e-03 -3.153797e-02 1.293209e-02 -1.220719e-03 9.999156e-01 -2.417891e+00
9.999883e-01 -3.543677e-04 4.814347e-03 3.035815e+00 3.525540e-04 9.999999e-01 3.775855e-04 -2.646255e-02 -4.814480e-03 -3.758830e-04 9.999883e-01 -3.140173e+00
9.999168e-01 1.324647e-03 -1.282873e-02 3.325378e+00 -1.301779e-03 9.999975e-01 1.790731e-03 -1.621450e-02 1.283108e-02 -1.773883e-03 9.999161e-01 -3.703887e+00
9.999922e-01 -3.557727e-04 3.943322e-03 3.638670e+00 3.546551e-04 9.999999e-01 2.841264e-04 -6.157977e-03 -3.943422e-03 -2.827250e-04 9.999922e-01 -4.294862e+00
9.999218e-01 7.430342e-04 -1.248729e-02 3.800780e+00 -7.256979e-04 9.999988e-01 1.392792e-03 -4.669114e-03 1.248831e-02 -1.383622e-03 9.999211e-01 -4.591838e+00
9.999960e-01 6.810756e-04 2.732077e-03 3.793079e+00 -6.828733e-04 9.999996e-01 6.571297e-04 -3.859043e-03 -2.731628e-03 -6.589921e-04 9.999961e-01 -4.569104e+00
9.998673e-01 7.252183e-04 -1.627714e-02 3.887904e+00 -7.006298e-04 9.999986e-01 1.516271e-03 -2.399053e-03 1.627822e-02 -1.504667e-03 9.998664e-01 -4.740797e+00
9.999642e-01 1.030677e-04 8.458562e-03 4.004552e+00 -1.023829e-04 1.000000e+00 -8.138516e-05 9.837737e-04 -8.458570e-03 8.051694e-05 9.999642e-01 -5.013164e+00
9.998392e-01 1.108120e-03 -1.789665e-02 4.080238e+00 -1.075443e-03 9.999977e-01 1.835443e-03 7.489240e-03 1.789864e-02 -1.815902e-03 9.998382e-01 -5.268105e+00
9.999416e-01 4.738792e-04 1.079848e-02 4.187623e+00 -4.774680e-04 9.999998e-01 3.297743e-04 1.730043e-02 -1.079833e-02 -3.349103e-04 9.999416e-01 -5.624471e+00
9.986555e-01 5.669029e-03 -5.152751e-02 4.150102e+00 -5.543711e-03 9.999813e-01 2.574658e-03 7.725214e-04 5.154114e-02 -2.285543e-03 9.986683e-01 -4.413258e+00
9.999747e-01 3.644275e-03 6.108861e-03 4.033337e+00 -3.687783e-03 9.999678e-01 7.126124e-03 -3.892969e-02 -6.082695e-03 -7.148471e-03 9.999559e-01 -2.155021e+00
9.988623e-01 4.540865e-03 -4.747168e-02 3.950348e+00 -4.617305e-03 9.999882e-01 -1.500693e-03 -6.518215e-02 4.746430e-02 1.718176e-03 9.988715e-01 -4.637188e-01
9.999838e-01 2.886297e-03 4.901077e-03 3.948336e+00 -2.932092e-03 9.999519e-01 9.362477e-03 -9.604263e-02 -4.873818e-03 -9.376695e-03 9.999442e-01 1.174175e+00
9.982444e-01 7.041289e-03 -5.880938e-02 3.940083e+00 -7.005754e-03 9.999751e-01 8.104019e-04 -1.357916e-01 5.881362e-02 -3.969758e-04 9.982689e-01 3.287777e+00
9.998317e-01 -8.208961e-04 1.832635e-02 3.886644e+00 7.463789e-04 9.999914e-01 4.072599e-03 -1.587629e-01 -1.832954e-02 -4.058235e-03 9.998238e-01 4.564719e+00
9.975404e-01 1.066846e-02 -6.927652e-02 3.870024e+00 -1.055289e-02 9.999422e-01 2.033902e-03 -1.912983e-01 6.929422e-02 -1.297833e-03 9.975954e-01 6.676281e+00
9.996813e-01 -6.073635e-04 2.523654e-02 3.587175e+00 5.388103e-04 9.999961e-01 2.723147e-03 -2.106716e-01 -2.523810e-02 -2.708681e-03 9.996778e-01 8.702345e+00
9.972254e-01 1.187810e-02 -7.348809e-02 3.515030e+00 -1.148201e-02 9.999172e-01 5.810046e-03 -2.487555e-01 7.355102e-02 -4.950135e-03 9.972792e-01 1.105873e+01
9.998794e-01 -1.051386e-03 1.549548e-02 3.544793e+00 1.004961e-03 9.999950e-01 3.003533e-03 -2.911199e-01 -1.549856e-02 -2.987597e-03 9.998754e-01 1.354058e+01
9.961425e-01 1.491511e-02 -8.647366e-02 3.630965e+00 -1.405422e-02 9.998455e-01 1.055573e-02 -3.470419e-01 8.661774e-02 -9.299693e-03 9.961982e-01 1.659344e+01
9.998274e-01 -2.962861e-03 1.834206e-02 3.746184e+00 2.913364e-03 9.999920e-01 2.724729e-03 -3.971144e-01 -1.834999e-02 -2.670821e-03 9.998281e-01 1.900584e+01
9.962077e-01 1.543204e-02 -8.562764e-02 3.792768e+00 -1.496871e-02 9.998697e-01 6.050521e-03 -4.430246e-01 8.570985e-02 -4.745841e-03 9.963088e-01 2.169360e+01
9.999961e-01 2.173423e-03 -1.740669e-03 3.767922e+00 -2.159786e-03 9.999673e-01 7.798456e-03 -5.023747e-01 1.757562e-03 -7.794666e-03 9.999681e-01 2.578468e+01
9.975049e-01 1.472483e-02 -6.904452e-02 3.667954e+00 -1.400277e-02 9.998422e-01 1.093026e-02 -5.717677e-01 6.919457e-02 -9.936171e-03 9.975537e-01 2.965993e+01
9.997864e-01 -5.145551e-03 2.001811e-02 3.740627e+00 5.198247e-03 9.999832e-01 -2.581297e-03 -6.107680e-01 -2.000449e-02 2.684805e-03 9.997963e-01 3.176092e+01
9.978428e-01 1.367299e-02 -6.420922e-02 3.758649e+00 -1.289464e-02 9.998385e-01 1.252099e-02 -6.479642e-01 6.437005e-02 -1.166602e-02 9.978579e-01 3.355618e+01
9.999966e-01 -9.966373e-04 2.408103e-03 3.814589e+00 1.001503e-03 9.999975e-01 -2.020083e-03 -6.974977e-01 -2.406083e-03 2.022489e-03 9.999951e-01 3.640835e+01
9.985419e-01 1.072327e-02 -5.290674e-02 3.849470e+00 -1.001514e-02 9.998569e-01 1.363153e-02 -7.381776e-01 5.304534e-02 -1.308179e-02 9.985064e-01 3.840842e+01
9.999643e-01 -2.622001e-03 8.027176e-03 3.982204e+00 2.695101e-03 9.999549e-01 -9.109264e-03 -7.682534e-01 -8.002930e-03 9.130574e-03 9.999263e-01 3.994683e+01
9.979082e-01 1.351952e-02 -6.321809e-02 4.072208e+00 -1.215115e-02 9.996846e-01 2.197987e-02 -8.206816e-01 6.349531e-02 -2.116572e-02 9.977577e-01 4.253173e+01
9.999947e-01 -5.242808e-04 3.227344e-03 4.156093e+00 5.638038e-04 9.999247e-01 -1.225743e-02 -8.679324e-01 -3.220674e-03 1.225919e-02 9.999197e-01 4.535849e+01
9.963992e-01 1.847908e-02 -8.274778e-02 4.187788e+00 -1.634548e-02 9.995181e-01 2.638806e-02 -9.308433e-01 8.319553e-02 -2.494049e-02 9.962211e-01 4.957281e+01
9.999194e-01 4.061527e-03 -1.203136e-02 4.143377e+00 -4.133429e-03 9.999737e-01 -5.957420e-03 -1.017342e+00 1.200685e-02 6.006671e-03 9.999099e-01 5.498191e+01
9.982203e-01 1.171618e-02 -5.847264e-02 4.253984e+00 -1.045816e-02 9.997082e-01 2.177458e-02 -1.098703e+00 5.871069e-02 -2.112431e-02 9.980515e-01 5.907701e+01
9.999658e-01 2.372776e-03 -7.925795e-03 4.467970e+00 -2.442981e-03 9.999578e-01 -8.859969e-03 -1.175118e+00 7.904438e-03 8.879029e-03 9.999293e-01 6.267493e+01
9.981562e-01 1.182130e-02 -5.953588e-02 4.885301e+00 -1.041764e-02 9.996617e-01 2.383215e-02 -1.256895e+00 5.979747e-02 -2.316798e-02 9.979416e-01 6.629743e+01
9.998734e-01 -3.103714e-03 1.560901e-02 5.204876e+00 3.351470e-03 9.998684e-01 -1.587155e-02 -1.307601e+00 -1.555770e-02 1.592185e-02 9.997522e-01 6.801631e+01
9.996859e-01 3.822804e-03 -2.476731e-02 5.291715e+00 -3.381097e-03 9.998349e-01 1.785170e-02 -1.316453e+00 2.483146e-02 -1.776235e-02 9.995338e-01 6.811493e+01
9.998543e-01 -2.392062e-03 1.690299e-02 5.434512e+00 2.666487e-03 9.998647e-01 -1.623138e-02 -1.314418e+00 -1.686188e-02 1.627409e-02 9.997254e-01 6.784227e+01
9.997015e-01 3.004776e-03 -2.424492e-02 5.464190e+00 -2.552137e-03 9.998223e-01 1.867885e-02 -1.316028e+00 2.429673e-02 -1.861140e-02 9.995315e-01 6.778196e+01
9.999469e-01 6.721561e-05 1.030567e-02 5.395059e+00 1.033138e-04 9.998631e-01 -1.654566e-02 -1.315865e+00 -1.030537e-02 1.654585e-02 9.998100e-01 6.795447e+01
9.998463e-01 -2.785023e-04 -1.753003e-02 5.940556e+00 5.772478e-04 9.998547e-01 1.703921e-02 -1.310175e+00 1.752274e-02 -1.704671e-02 9.997011e-01 6.737021e+01
9.999889e-01 2.738701e-03 -3.842795e-03 6.567019e+00 -2.791424e-03 9.999011e-01 -1.378258e-02 -1.310826e+00 3.804668e-03 1.379316e-02 9.998976e-01 6.667313e+01
9.999940e-01 -2.169870e-03 -2.703642e-03 6.832825e+00 2.212010e-03 9.998746e-01 1.568245e-02 -1.305293e+00 2.669274e-03 -1.568833e-02 9.998734e-01 6.622843e+01
9.999893e-01 2.211022e-03 -4.053388e-03 7.114609e+00 -2.268776e-03 9.998952e-01 -1.429971e-02 -1.305409e+00 4.021346e-03 1.430875e-02 9.998895e-01 6.585108e+01
9.999947e-01 -1.914830e-03 -2.620666e-03 7.307762e+00 1.955860e-03 9.998741e-01 1.574457e-02 -1.304034e+00 2.590188e-03 -1.574961e-02 9.998726e-01 6.553275e+01
9.999934e-01 2.522004e-03 -2.597630e-03 7.427844e+00 -2.558003e-03 9.998994e-01 -1.394996e-02 -1.302371e+00 2.562187e-03 1.395651e-02 9.998993e-01 6.531015e+01
9.999943e-01 -2.175585e-03 -2.576199e-03 7.545180e+00 2.214791e-03 9.998803e-01 1.531507e-02 -1.302514e+00 2.542572e-03 -1.532069e-02 9.998794e-01 6.511514e+01
9.999942e-01 2.812021e-03 -1.904281e-03 7.635256e+00 -2.837950e-03 9.999014e-01 -1.375354e-02 -1.301880e+00 1.865418e-03 1.375886e-02 9.999036e-01 6.494605e+01
9.999952e-01 -2.193170e-03 -2.169526e-03 7.728129e+00 2.226214e-03 9.998797e-01 1.534794e-02 -1.301073e+00 2.135604e-03 -1.535269e-02 9.998799e-01 6.478491e+01
9.999939e-01 2.972700e-03 -1.830390e-03 7.832493e+00 -2.997374e-03 9.999026e-01 -1.362870e-02 -1.298398e+00 1.789697e-03 1.363410e-02 9.999054e-01 6.458029e+01
9.999934e-01 -2.120660e-03 -2.955367e-03 7.947169e+00 2.166286e-03 9.998772e-01 1.552184e-02 -1.294729e+00 2.922088e-03 -1.552814e-02 9.998752e-01 6.434552e+01
9.999923e-01 3.194278e-03 -2.297188e-03 8.101943e+00 -3.225172e-03 9.999027e-01 -1.357352e-02 -1.289115e+00 2.253607e-03 1.358082e-02 9.999052e-01 6.402628e+01
9.999870e-01 -1.907594e-03 -4.725448e-03 8.391875e+00 1.981532e-03 9.998749e-01 1.569199e-02 -1.278688e+00 4.694923e-03 -1.570115e-02 9.998657e-01 6.348570e+01
9.999911e-01 3.042180e-03 -2.914238e-03 8.706667e+00 -3.081168e-03 9.999045e-01 -1.346904e-02 -1.269359e+00 2.872984e-03 1.347790e-02 9.999050e-01 6.291242e+01
9.999915e-01 -1.963469e-03 -3.630889e-03 8.987270e+00 2.019570e-03 9.998776e-01 1.551254e-02 -1.258955e+00 3.599986e-03 -1.551974e-02 9.998731e-01 6.237311e+01
9.999894e-01 3.359115e-03 -3.163841e-03 9.192412e+00 -3.399673e-03 9.999110e-01 -1.290250e-02 -1.249467e+00 3.120218e-03 1.291312e-02 9.999118e-01 6.192135e+01
9.999942e-01 -2.428478e-03 -2.397783e-03 9.348887e+00 2.463845e-03 9.998866e-01 1.485909e-02 -1.244257e+00 2.361426e-03 -1.486491e-02 9.998867e-01 6.160442e+01
9.999847e-01 3.654167e-03 -4.143171e-03 9.535059e+00 -3.707162e-03 9.999105e-01 -1.285647e-02 -1.237244e+00 4.095820e-03 1.287163e-02 9.999088e-01 6.122644e+01
9.999951e-01 -2.245427e-03 -2.181964e-03 9.784979e+00 2.278023e-03 9.998841e-01 1.505306e-02 -1.225459e+00 2.147910e-03 -1.505796e-02 9.998843e-01 6.071101e+01
9.999830e-01 3.792789e-03 -4.439404e-03 1.002154e+01 -3.847119e-03 9.999170e-01 -1.229449e-02 -1.213069e+00 4.392405e-03 1.231136e-02 9.999146e-01 6.017206e+01
9.999943e-01 -2.884326e-03 -1.751731e-03 1.021821e+01 2.908966e-03 9.998945e-01 1.423064e-02 -1.207160e+00 1.710501e-03 -1.423566e-02 9.998972e-01 5.979131e+01
9.999778e-01 4.353231e-03 -5.048031e-03 1.046806e+01 -4.411851e-03 9.999223e-01 -1.166018e-02 -1.195212e+00 4.996879e-03 1.168219e-02 9.999193e-01 5.925329e+01
9.999941e-01 -3.060112e-03 -1.549249e-03 1.068494e+01 3.081591e-03 9.998964e-01 1.405787e-02 -1.185304e+00 1.506070e-03 -1.406256e-02 9.999000e-01 5.878189e+01
9.999827e-01 4.354782e-03 -3.945089e-03 1.086849e+01 -4.401732e-03 9.999186e-01 -1.197165e-02 -1.176805e+00 3.892634e-03 1.198881e-02 9.999206e-01 5.838043e+01
9.999939e-01 -3.297228e-03 -1.140087e-03 1.104832e+01 3.312702e-03 9.998986e-01 1.384872e-02 -1.170219e+00 1.094309e-03 -1.385241e-02 9.999035e-01 5.801648e+01
9.999794e-01 4.313468e-03 -4.748045e-03 1.127324e+01 -4.370288e-03 9.999182e-01 -1.202254e-02 -1.163282e+00 4.695797e-03 1.204304e-02 9.999165e-01 5.758710e+01
9.999921e-01 -3.446320e-03 -1.969162e-03 1.154595e+01 3.473300e-03 9.998978e-01 1.386640e-02 -1.155829e+00 1.921173e-03 -1.387313e-02 9.999019e-01 5.710156e+01
9.999824e-01 4.370453e-03 -4.013296e-03 1.169828e+01 -4.417596e-03 9.999205e-01 -1.181412e-02 -1.150310e+00 3.961343e-03 1.183164e-02 9.999222e-01 5.677535e+01
9.999938e-01 -3.505061e-03 3.734295e-04 1.173605e+01 3.499665e-03 9.999016e-01 1.358230e-02 -1.145533e+00 -4.209995e-04 -1.358090e-02 9.999077e-01 5.661795e+01
9.999706e-01 3.712068e-03 -6.709504e-03 1.198250e+01 -3.794928e-03 9.999162e-01 -1.237946e-02 -1.153061e+00 6.662988e-03 1.240456e-02 9.999009e-01 5.659268e+01
9.999884e-01 -4.546583e-03 -1.593168e-03 1.234583e+01 4.566285e-03 9.999103e-01 1.258950e-02 -1.162120e+00 1.535786e-03 -1.259663e-02 9.999195e-01 5.638580e+01
9.999746e-01 5.389241e-03 -4.666358e-03 1.257411e+01 -5.439073e-03 9.999276e-01 -1.073312e-02 -1.155932e+00 4.608177e-03 1.075823e-02 9.999315e-01 5.595868e+01
9.999879e-01 -4.713448e-03 -1.377098e-03 1.278316e+01 4.730233e-03 9.999113e-01 1.245116e-02 -1.150914e+00 1.318288e-03 -1.245752e-02 9.999215e-01 5.557215e+01
9.999743e-01 5.664183e-03 -4.397904e-03 1.295949e+01 -5.710614e-03 9.999273e-01 -1.061781e-02 -1.145241e+00 4.337443e-03 1.064265e-02 9.999340e-01 5.522157e+01
9.999859e-01 -5.023527e-03 -1.705007e-03 1.316820e+01 5.043950e-03 9.999129e-01 1.219320e-02 -1.141643e+00 1.643606e-03 -1.220163e-02 9.999242e-01 5.486721e+01
9.999761e-01 5.884081e-03 -3.632672e-03 1.334905e+01 -5.921607e-03 9.999283e-01 -1.040746e-02 -1.136657e+00 3.571173e-03 1.042872e-02 9.999392e-01 5.452577e+01
9.999849e-01 -5.143756e-03 -1.924542e-03 1.352469e+01 5.166626e-03 9.999138e-01 1.207396e-02 -1.132410e+00 1.862271e-03 -1.208372e-02 9.999253e-01 5.420130e+01
9.999731e-01 5.920516e-03 -4.319865e-03 1.378708e+01 -5.965741e-03 9.999267e-01 -1.053247e-02 -1.128600e+00 4.257191e-03 1.055796e-02 9.999352e-01 5.379905e+01
9.999836e-01 -5.297827e-03 -2.156887e-03 1.399981e+01 5.323691e-03 9.999118e-01 1.216777e-02 -1.124370e+00 2.092234e-03 -1.217905e-02 9.999236e-01 5.342492e+01
9.999759e-01 6.095942e-03 -3.326261e-03 1.415900e+01 -6.130322e-03 9.999269e-01 -1.042556e-02 -1.120499e+00 3.262464e-03 1.044570e-02 9.999401e-01 5.312357e+01
9.999834e-01 -5.307494e-03 -2.238891e-03 1.431475e+01 5.334342e-03 9.999118e-01 1.216140e-02 -1.116175e+00 2.174147e-03 -1.217314e-02 9.999235e-01 5.282041e+01
9.999712e-01 5.783502e-03 -4.915107e-03 1.443234e+01 -5.834504e-03 9.999286e-01 -1.042635e-02 -1.122917e+00 4.854455e-03 1.045472e-02 9.999336e-01 5.281022e+01
9.999825e-01 -5.874856e-03 -7.406999e-04 1.456965e+01 5.883369e-03 9.999099e-01 1.206948e-02 -1.130119e+00 6.697267e-04 -1.207363e-02 9.999269e-01 5.280830e+01
9.999672e-01 6.675239e-03 -4.580366e-03 1.471430e+01 -6.722113e-03 9.999244e-01 -1.029595e-02 -1.126271e+00 4.511292e-03 1.032640e-02 9.999365e-01 5.252609e+01
9.999812e-01 -6.019892e-03 -1.170841e-03 1.490180e+01 6.033424e-03 9.999108e-01 1.192010e-02 -1.122747e+00 1.098979e-03 -1.192694e-02 9.999283e-01 5.220541e+01
9.999302e-01 6.638043e-03 -9.771464e-03 1.547690e+01 -6.743976e-03 9.999184e-01 -1.084844e-02 -1.118619e+00 9.698655e-03 1.091358e-02 9.998934e-01 5.152746e+01
9.999790e-01 -6.251019e-03 1.704714e-03 1.617738e+01 6.229703e-03 9.999057e-01 1.223497e-02 -1.111334e+00 -1.781034e-03 -1.222410e-02 9.999237e-01 5.058995e+01
9.999161e-01 6.228257e-03 -1.135611e-02 1.686635e+01 -6.356151e-03 9.999164e-01 -1.126107e-02 -1.109789e+00 1.128502e-02 1.133230e-02 9.998721e-01 4.981396e+01
9.999234e-01 -5.147722e-03 -1.125825e-02 1.780651e+01 5.279427e-03 9.999176e-01 1.170030e-02 -1.114110e+00 1.119709e-02 -1.175884e-02 9.998682e-01 4.888830e+01
9.999790e-01 6.046257e-03 -2.322208e-03 1.855696e+01 -6.070387e-03 9.999261e-01 -1.052892e-02 -1.112110e+00 2.258376e-03 1.054279e-02 9.999419e-01 4.797243e+01
9.999783e-01 -4.877242e-03 -4.420654e-03 1.887994e+01 4.932858e-03 9.999077e-01 1.265865e-02 -1.102240e+00 4.358507e-03 -1.268018e-02 9.999101e-01 4.739446e+01
9.999791e-01 5.975122e-03 -2.465241e-03 1.919139e+01 -6.000870e-03 9.999261e-01 -1.057307e-02 -1.092078e+00 2.401883e-03 1.058764e-02 9.999411e-01 4.681122e+01
9.998947e-01 -4.314845e-03 -1.385205e-02 1.991463e+01 4.490302e-03 9.999098e-01 1.266051e-02 -1.075426e+00 1.379617e-02 -1.272137e-02 9.998239e-01 4.577824e+01
9.999683e-01 5.973605e-03 5.269374e-03 2.075524e+01 -5.916119e-03 9.999235e-01 -1.085831e-02 -1.058618e+00 -5.333834e-03 1.082679e-02 9.999272e-01 4.461527e+01
9.999003e-01 -5.026393e-03 -1.319643e-02 2.143566e+01 5.189913e-03 9.999098e-01 1.238643e-02 -1.045668e+00 1.313298e-02 -1.245368e-02 9.998362e-01 4.360535e+01
9.999611e-01 6.290061e-03 6.187807e-03 2.180038e+01 -6.228752e-03 9.999318e-01 -9.877776e-03 -1.032700e+00 -6.249517e-03 9.838850e-03 9.999321e-01 4.293113e+01
9.999022e-01 -5.107748e-03 -1.302237e-02 2.214053e+01 5.268851e-03 9.999096e-01 1.236717e-02 -1.020789e+00 1.295802e-02 -1.243457e-02 9.998387e-01 4.228769e+01
9.999689e-01 6.662306e-03 4.219134e-03 2.253469e+01 -6.620428e-03 9.999294e-01 -9.863016e-03 -1.005983e+00 -4.284547e-03 9.834777e-03 9.999425e-01 4.158315e+01
9.999093e-01 -5.805981e-03 -1.215139e-02 2.289850e+01 5.961393e-03 9.999004e-01 1.279280e-02 -9.946326e-01 1.207590e-02 -1.286407e-02 9.998443e-01 4.090464e+01
9.999600e-01 6.644741e-03 5.994282e-03 2.308567e+01 -6.577188e-03 9.999154e-01 -1.121966e-02 -9.914796e-01 -6.068327e-03 1.117978e-02 9.999191e-01 4.058078e+01
9.998942e-01 -6.303001e-03 -1.310633e-02 2.337583e+01 6.465358e-03 9.999024e-01 1.238253e-02 -9.897163e-01 1.302700e-02 -1.246596e-02 9.998374e-01 4.018424e+01
9.999564e-01 6.498506e-03 6.711448e-03 2.365998e+01 -6.422971e-03 9.999165e-01 -1.121539e-02 -9.886126e-01 -6.783770e-03 1.117180e-02 9.999146e-01 3.978759e+01
9.998941e-01 -6.226959e-03 -1.315607e-02 2.394690e+01 6.390337e-03 9.999025e-01 1.241314e-02 -9.866906e-01 1.307749e-02 -1.249589e-02 9.998364e-01 3.937684e+01
9.999740e-01 6.512863e-03 3.109112e-03 2.445212e+01 -6.477009e-03 9.999140e-01 -1.140581e-02 -9.851391e-01 -3.183129e-03 1.138538e-02 9.999301e-01 3.879601e+01
9.999411e-01 -6.027953e-03 -9.021355e-03 2.490681e+01 6.147940e-03 9.998922e-01 1.333233e-02 -9.806401e-01 8.940016e-03 -1.338701e-02 9.998704e-01 3.815930e+01
9.999725e-01 6.839842e-03 2.857616e-03 2.509442e+01 -6.806292e-03 9.999097e-01 -1.158950e-02 -9.764040e-01 -2.936628e-03 1.156973e-02 9.999288e-01 3.781331e+01
9.999440e-01 -6.307366e-03 -8.500463e-03 2.524057e+01 6.418171e-03 9.998940e-01 1.307162e-02 -9.752392e-01 8.417114e-03 -1.312544e-02 9.998784e-01 3.756151e+01
9.999733e-01 7.016056e-03 2.028998e-03 2.543159e+01 -6.992230e-03 9.999092e-01 -1.152002e-02 -9.732277e-01 -2.109639e-03 1.150553e-02 9.999316e-01 3.725505e+01
9.999408e-01 -6.744708e-03 -8.537273e-03 2.567144e+01 6.854297e-03 9.998936e-01 1.287306e-02 -9.707870e-01 8.449540e-03 -1.293081e-02 9.998807e-01 3.688246e+01
9.999747e-01 7.064231e-03 8.412250e-04 2.599806e+01 -7.053903e-03 9.999066e-01 -1.170413e-02 -9.683270e-01 -9.238272e-04 1.169790e-02 9.999312e-01 3.643674e+01
9.999464e-01 -6.729013e-03 -7.871674e-03 2.627797e+01 6.830662e-03 9.998927e-01 1.295853e-02 -9.651951e-01 7.783631e-03 -1.301160e-02 9.998851e-01 3.600803e+01
9.999777e-01 6.675096e-03 -3.235831e-05 2.668836e+01 -6.675000e-03 9.999050e-01 -1.205617e-02 -9.640930e-01 -4.812093e-05 1.205612e-02 9.999273e-01 3.549874e+01
9.999474e-01 -6.855132e-03 -7.624830e-03 2.710538e+01 6.952869e-03 9.998930e-01 1.286657e-02 -9.632405e-01 7.535813e-03 -1.291891e-02 9.998882e-01 3.498882e+01
9.999719e-01 7.476404e-03 4.830681e-04 2.739920e+01 -7.470321e-03 9.999053e-01 -1.155866e-02 -9.590876e-01 -5.694397e-04 1.155473e-02 9.999331e-01 3.451967e+01
9.999468e-01 -7.085011e-03 -7.495074e-03 2.767188e+01 7.181681e-03 9.998903e-01 1.295059e-02 -9.550889e-01 7.402497e-03 -1.300373e-02 9.998880e-01 3.410108e+01
9.999761e-01 6.909086e-03 -1.047273e-04 2.799595e+01 -6.909846e-03 9.999035e-01 -1.205009e-02 -9.559575e-01 2.146204e-05 1.205053e-02 9.999274e-01 3.369820e+01
9.999488e-01 -6.983000e-03 -7.329734e-03 2.831512e+01 7.077201e-03 9.998917e-01 1.290568e-02 -9.567912e-01 7.238820e-03 -1.295689e-02 9.998899e-01 3.329574e+01
9.999662e-01 8.186135e-03 -7.335022e-04 2.826959e+01 -8.193443e-03 9.999104e-01 -1.058673e-02 -9.527209e-01 6.467721e-04 1.059238e-02 9.999437e-01 3.331989e+01
9.999340e-01 -6.413884e-03 -9.532867e-03 2.817843e+01 6.533821e-03 9.998992e-01 1.260406e-02 -9.490212e-01 9.451065e-03 -1.266552e-02 9.998751e-01 3.340753e+01
9.999698e-01 7.539230e-03 1.877490e-03 2.810586e+01 -7.520461e-03 9.999236e-01 -9.810331e-03 -9.482091e-01 -1.951309e-03 9.795916e-03 9.999501e-01 3.354868e+01
9.999304e-01 -7.141619e-03 -9.396161e-03 2.814910e+01 7.249390e-03 9.999078e-01 1.148620e-02 -9.525318e-01 9.313264e-03 -1.155352e-02 9.998899e-01 3.353690e+01
9.999678e-01 7.835478e-03 1.731770e-03 2.817173e+01 -7.818983e-03 9.999259e-01 -9.334414e-03 -9.567068e-01 -1.804781e-03 9.320573e-03 9.999549e-01 3.356384e+01
9.999424e-01 -7.209606e-03 -7.948564e-03 2.824858e+01 7.294661e-03 9.999159e-01 1.072420e-02 -9.568686e-01 7.870578e-03 -1.078156e-02 9.999109e-01 3.340780e+01
9.999646e-01 7.903565e-03 2.876474e-03 2.831800e+01 -7.876913e-03 9.999270e-01 -9.161722e-03 -9.550923e-01 -2.948674e-03 9.138741e-03 9.999539e-01 3.324799e+01
9.999040e-01 -6.077681e-03 -1.245242e-02 2.823631e+01 6.215231e-03 9.999198e-01 1.103734e-02 -9.539376e-01 1.238434e-02 -1.111368e-02 9.998615e-01 3.339745e+01
9.999656e-01 7.298936e-03 3.946528e-03 2.817656e+01 -7.262385e-03 9.999313e-01 -9.197818e-03 -9.561968e-01 -4.013391e-03 9.168840e-03 9.999499e-01 3.354855e+01
9.999445e-01 -6.465504e-03 -8.319991e-03 2.824553e+01 6.552732e-03 9.999234e-01 1.050005e-02 -9.519032e-01 8.251466e-03 -1.055399e-02 9.999103e-01 3.335410e+01
9.999654e-01 7.572748e-03 3.455408e-03 2.824658e+01 -7.542572e-03 9.999340e-01 -8.664053e-03 -9.456142e-01 -3.520791e-03 8.637690e-03 9.999565e-01 3.321669e+01
9.999476e-01 -6.661928e-03 -7.774041e-03 2.821311e+01 6.743290e-03 9.999223e-01 1.048709e-02 -9.404271e-01 7.703573e-03 -1.053896e-02 9.999148e-01 3.316215e+01
9.999690e-01 7.710561e-03 1.590638e-03 2.826160e+01 -7.696464e-03 9.999327e-01 -8.686063e-03 -9.381363e-01 -1.657505e-03 8.673552e-03 9.999610e-01 3.301206e+01
9.999443e-01 -6.672537e-03 -8.172874e-03 2.842699e+01 6.756480e-03 9.999243e-01 1.028676e-02 -9.337378e-01 8.103617e-03 -1.034141e-02 9.999137e-01 3.271670e+01
9.999714e-01 7.399334e-03 1.595902e-03 2.866943e+01 -7.385603e-03 9.999371e-01 -8.444108e-03 -9.302424e-01 -1.658282e-03 8.432080e-03 9.999631e-01 3.232150e+01
9.999519e-01 -6.906884e-03 -6.966732e-03 2.881620e+01 6.975236e-03 9.999273e-01 9.835111e-03 -9.290247e-01 6.898295e-03 -9.883233e-03 9.999274e-01 3.207816e+01
9.999695e-01 7.758206e-03 9.182792e-04 2.897221e+01 -7.750280e-03 9.999352e-01 -8.340755e-03 -9.282879e-01 -9.829290e-04 8.333384e-03 9.999648e-01 3.182871e+01
9.999626e-01 -6.645733e-03 -5.538203e-03 2.912086e+01 6.703202e-03 9.999232e-01 1.042384e-02 -9.210969e-01 5.468504e-03 -1.046057e-02 9.999303e-01 3.148826e+01
9.999683e-01 7.767718e-03 1.733208e-03 2.917236e+01 -7.753319e-03 9.999366e-01 -8.164880e-03 -9.153521e-01 -1.796521e-03 8.151183e-03 9.999652e-01 3.130561e+01
9.999523e-01 -7.484750e-03 -6.278053e-03 2.922193e+01 7.545102e-03 9.999250e-01 9.645209e-03 -9.178378e-01 6.205391e-03 -9.692118e-03 9.999338e-01 3.123770e+01
9.999690e-01 7.869426e-03 1.298809e-04 2.926029e+01 -7.868138e-03 9.999372e-01 -7.979912e-03 -9.219937e-01 -1.926701e-04 7.978643e-03 9.999682e-01 3.122108e+01
9.999648e-01 -7.225628e-03 -4.272424e-03 2.930942e+01 7.266492e-03 9.999272e-01 9.627958e-03 -9.212762e-01 4.202545e-03 -9.658664e-03 9.999445e-01 3.110814e+01
9.999660e-01 8.227296e-03 -5.345276e-04 2.938904e+01 -8.231174e-03 9.999364e-01 -7.712246e-03 -9.187140e-01 4.710426e-04 7.716384e-03 9.999701e-01 3.093198e+01
9.999692e-01 -7.493449e-03 -2.319055e-03 2.951967e+01 7.514782e-03 9.999282e-01 9.331470e-03 -9.143109e-01 2.248964e-03 -9.348610e-03 9.999538e-01 3.068086e+01
9.999614e-01 7.840087e-03 -3.977012e-03 2.958108e+01 -7.872899e-03 9.999345e-01 -8.303374e-03 -9.176987e-01 3.911652e-03 8.334364e-03 9.999576e-01 3.062402e+01
9.999665e-01 -7.224277e-03 -3.844930e-03 2.957994e+01 7.263836e-03 9.999198e-01 1.037643e-02 -9.244738e-01 3.769659e-03 -1.040402e-02 9.999388e-01 3.079423e+01
9.999558e-01 8.198205e-03 -4.592220e-03 2.958648e+01 -8.236521e-03 9.999309e-01 -8.388088e-03 -9.330400e-01 4.523136e-03 8.425542e-03 9.999543e-01 3.102282e+01
9.999447e-01 -7.264423e-03 -7.599875e-03 2.960520e+01 7.341741e-03 9.999211e-01 1.019578e-02 -9.421698e-01 7.525209e-03 -1.025102e-02 9.999191e-01 3.127472e+01
9.999679e-01 7.950482e-03 -1.018235e-03 2.968010e+01 -7.958648e-03 9.999340e-01 -8.284358e-03 -9.531762e-01 9.523033e-04 8.292196e-03 9.999652e-01 3.150115e+01
9.999462e-01 -7.150821e-03 -7.518493e-03 2.974408e+01 7.226516e-03 9.999230e-01 1.008947e-02 -9.595833e-01 7.445766e-03 -1.014326e-02 9.999208e-01 3.158626e+01
9.999630e-01 7.992220e-03 -3.197315e-03 2.993451e+01 -8.021769e-03 9.999242e-01 -9.338634e-03 -9.651698e-01 3.122436e-03 9.363936e-03 9.999513e-01 3.154190e+01
9.999455e-01 -6.937574e-03 -7.796946e-03 2.995145e+01 7.025260e-03 9.999117e-01 1.127577e-02 -9.722130e-01 7.718031e-03 -1.132993e-02 9.999060e-01 3.169907e+01
9.999648e-01 7.948848e-03 -2.678388e-03 2.997380e+01 -7.971865e-03 9.999304e-01 -8.695761e-03 -9.836066e-01 2.609080e-03 8.716807e-03 9.999586e-01 3.202449e+01
9.999214e-01 -6.909640e-03 -1.046013e-02 2.998276e+01 7.020200e-03 9.999195e-01 1.057016e-02 -9.933293e-01 1.038625e-02 -1.064276e-02 9.998894e-01 3.236568e+01
9.999292e-01 9.639775e-03 -6.974033e-03 2.981705e+01 -9.692154e-03 9.999248e-01 -7.516263e-03 -9.919395e-01 6.901054e-03 7.583325e-03 9.999474e-01 3.293725e+01
9.999685e-01 -7.936164e-03 4.657042e-05 2.972398e+01 7.935133e-03 9.999049e-01 1.127791e-02 -9.940216e-01 -1.360692e-04 -1.127718e-02 9.999364e-01 3.336841e+01
9.999167e-01 9.124306e-03 -9.131400e-03 2.977977e+01 -9.208624e-03 9.999150e-01 -9.234796e-03 -9.957101e-01 9.046362e-03 9.318115e-03 9.999157e-01 3.330245e+01
9.999046e-01 -5.738665e-03 -1.256744e-02 2.960361e+01 5.891947e-03 9.999083e-01 1.219390e-02 -9.894595e-01 1.249631e-02 -1.226679e-02 9.998467e-01 3.365097e+01
9.998860e-01 1.031919e-02 -1.102018e-02 2.922739e+01 -1.041083e-02 9.999114e-01 -8.290593e-03 -9.726795e-01 1.093365e-02 8.404378e-03 9.999049e-01 3.438069e+01
9.998976e-01 -5.438942e-03 -1.323331e-02 2.889362e+01 5.601695e-03 9.999087e-01 1.229294e-02 -9.643312e-01 1.316524e-02 -1.236581e-02 9.998369e-01 3.529352e+01
9.999311e-01 9.500805e-03 -6.895179e-03 2.858049e+01 -9.552477e-03 9.999262e-01 -7.500270e-03 -9.584101e-01 6.823412e-03 7.565619e-03 9.999481e-01 3.612006e+01
9.999644e-01 -6.718433e-03 -5.101270e-03 2.837360e+01 6.771968e-03 9.999214e-01 1.055079e-02 -9.449545e-01 5.029984e-03 -1.058497e-02 9.999313e-01 3.630008e+01
9.999650e-01 7.943531e-03 -2.634704e-03 2.837045e+01 -7.967110e-03 9.999272e-01 -9.063472e-03 -9.400099e-01 2.562516e-03 9.084146e-03 9.999555e-01 3.627089e+01
9.999061e-01 -7.479361e-03 -1.147917e-02 2.853273e+01 7.607770e-03 9.999085e-01 1.118377e-02 -9.456659e-01 1.139447e-02 -1.127005e-02 9.998716e-01 3.617680e+01
9.998096e-01 1.371321e-02 -1.388148e-02 2.810510e+01 -1.384201e-02 9.998616e-01 -9.225469e-03 -9.202348e-01 1.375305e-02 9.415860e-03 9.998611e-01 3.705902e+01
9.998513e-01 -6.360067e-03 -1.602700e-02 2.746476e+01 6.587497e-03 9.998778e-01 1.417793e-02 -8.858223e-01 1.593486e-02 -1.428140e-02 9.997710e-01 3.827705e+01
9.993382e-01 1.599447e-02 -3.267040e-02 2.683944e+01 -1.633408e-02 9.998150e-01 -1.015458e-02 -8.677323e-01 3.250194e-02 1.068150e-02 9.994146e-01 4.030284e+01
9.998083e-01 -9.615081e-03 -1.705597e-02 2.651026e+01 9.974171e-03 9.997277e-01 2.109504e-02 -8.726356e-01 1.684850e-02 -2.126111e-02 9.996320e-01 4.237634e+01
9.998588e-01 1.350769e-02 -9.994756e-03 2.647412e+01 -1.366416e-02 9.997825e-01 -1.575560e-02 -8.889102e-01 9.779761e-03 1.588994e-02 9.998259e-01 4.336086e+01
9.999037e-01 -8.035366e-03 -1.131751e-02 2.620012e+01 8.236174e-03 9.998075e-01 1.780985e-02 -8.906151e-01 1.117223e-02 -1.790135e-02 9.997773e-01 4.459676e+01
9.996324e-01 1.414573e-02 -2.312783e-02 2.570181e+01 -1.444439e-02 9.998138e-01 -1.279765e-02 -8.704371e-01 2.294249e-02 1.312701e-02 9.996506e-01 4.594572e+01
9.999005e-01 -1.151483e-02 8.143220e-03 2.538375e+01 1.136602e-02 9.997718e-01 1.809027e-02 -8.604154e-01 -8.349667e-03 -1.799592e-02 9.998032e-01 4.669952e+01
9.996020e-01 1.370289e-02 -2.465962e-02 2.529349e+01 -1.407662e-02 9.997877e-01 -1.504625e-02 -8.645087e-01 2.444821e-02 1.538739e-02 9.995827e-01 4.717017e+01
9.998795e-01 -1.218170e-02 9.620598e-03 2.516367e+01 1.200027e-02 9.997532e-01 1.869693e-02 -8.625965e-01 -9.845984e-03 -1.857923e-02 9.997789e-01 4.753698e+01
9.997992e-01 1.298880e-02 -1.525840e-02 2.508475e+01 -1.323741e-02 9.997794e-01 -1.630708e-02 -8.598238e-01 1.504323e-02 1.650579e-02 9.997506e-01 4.761942e+01
9.998830e-01 -1.066444e-02 1.096528e-02 2.492731e+01 1.044406e-02 9.997462e-01 1.996195e-02 -8.337092e-01 -1.117538e-02 -1.984509e-02 9.997406e-01 4.743668e+01
9.997687e-01 1.286519e-02 -1.723310e-02 2.503231e+01 -1.315102e-02 9.997761e-01 -1.657714e-02 -8.130189e-01 1.701598e-02 1.679994e-02 9.997141e-01 4.701026e+01
9.998990e-01 -1.183810e-02 7.858830e-03 2.555872e+01 1.168317e-02 9.997421e-01 1.947494e-02 -7.928837e-01 -8.087349e-03 -1.938116e-02 9.997795e-01 4.606233e+01
9.996373e-01 1.333426e-02 -2.339918e-02 2.657199e+01 -1.372627e-02 9.997668e-01 -1.667304e-02 -7.726186e-01 2.317140e-02 1.698817e-02 9.995872e-01 4.469526e+01
9.997816e-01 -1.312142e-02 1.626387e-02 2.716923e+01 1.282556e-02 9.997528e-01 1.816360e-02 -7.622764e-01 -1.649818e-02 -1.795104e-02 9.997027e-01 4.385371e+01
9.995483e-01 1.288719e-02 -2.714884e-02 2.777743e+01 -1.335556e-02 9.997639e-01 -1.714173e-02 -7.588433e-01 2.692152e-02 1.749658e-02 9.994844e-01 4.322749e+01
9.999317e-01 -1.169066e-02 -9.591722e-05 2.858277e+01 1.169031e-02 9.997414e-01 1.950559e-02 -7.661176e-01 -1.321407e-04 -1.950538e-02 9.998097e-01 4.256342e+01
9.998161e-01 1.123577e-02 -1.553994e-02 2.970803e+01 -1.154569e-02 9.997333e-01 -2.000018e-02 -7.630400e-01 1.531107e-02 2.017592e-02 9.996792e-01 4.145589e+01
9.999132e-01 -1.214702e-02 5.108719e-03 3.049269e+01 1.203628e-02 9.997033e-01 2.117547e-02 -7.663925e-01 -5.364422e-03 -2.111214e-02 9.997627e-01 4.069080e+01
9.997373e-01 1.372805e-02 -1.835477e-02 3.065583e+01 -1.408058e-02 9.997162e-01 -1.921690e-02 -7.636818e-01 1.808575e-02 1.947029e-02 9.996468e-01 4.046788e+01
9.998714e-01 -1.342387e-02 8.779121e-03 3.151569e+01 1.322964e-02 9.996744e-01 2.182019e-02 -7.456208e-01 -9.069173e-03 -2.170123e-02 9.997234e-01 3.935471e+01
9.996881e-01 1.548131e-02 -1.959904e-02 3.184908e+01 -1.583509e-02 9.997121e-01 -1.802640e-02 -7.309872e-01 1.931433e-02 1.833113e-02 9.996454e-01 3.874194e+01
9.999244e-01 -1.193375e-02 2.967474e-03 3.159484e+01 1.187276e-02 9.997338e-01 1.978451e-02 -7.188219e-01 -3.202788e-03 -1.974779e-02 9.997999e-01 3.916674e+01
9.997613e-01 1.451161e-02 -1.633493e-02 3.139920e+01 -1.476804e-02 9.997679e-01 -1.568908e-02 -7.168867e-01 1.610346e-02 1.592657e-02 9.997435e-01 3.967478e+01
9.999212e-01 -1.237028e-02 2.123306e-03 3.130282e+01 1.232944e-02 9.997570e-01 1.827591e-02 -7.227631e-01 -2.348868e-03 -1.824829e-02 9.998307e-01 4.023588e+01
9.997239e-01 1.504896e-02 -1.804526e-02 3.121037e+01 -1.531700e-02 9.997730e-01 -1.480874e-02 -7.324497e-01 1.781831e-02 1.508105e-02 9.997275e-01 4.094933e+01
9.999271e-01 -1.205290e-02 7.523135e-04 3.110852e+01 1.203760e-02 9.997692e-01 1.779720e-02 -7.414209e-01 -9.666476e-04 -1.778685e-02 9.998413e-01 4.169155e+01
9.997432e-01 1.472066e-02 -1.723138e-02 3.101117e+01 -1.495649e-02 9.997951e-01 -1.363830e-02 -7.495730e-01 1.702709e-02 1.389252e-02 9.997585e-01 4.229630e+01
9.999159e-01 -1.223307e-02 4.298549e-03 3.085025e+01 1.215731e-02 9.997776e-01 1.723082e-02 -7.515426e-01 -4.508379e-03 -1.717711e-02 9.998423e-01 4.288406e+01
9.997707e-01 1.397768e-02 -1.622022e-02 3.073852e+01 -1.421570e-02 9.997916e-01 -1.465293e-02 -7.534651e-01 1.601202e-02 1.488015e-02 9.997611e-01 4.327786e+01
9.999408e-01 -9.929237e-03 -4.440448e-03 3.044249e+01 1.000530e-02 9.997977e-01 1.744935e-02 -7.415797e-01 4.266291e-03 -1.749275e-02 9.998379e-01 4.390239e+01
9.998297e-01 1.355582e-02 -1.252057e-02 3.006531e+01 -1.371793e-02 9.998220e-01 -1.295398e-02 -7.235930e-01 1.234274e-02 1.312353e-02 9.998377e-01 4.460107e+01
9.999281e-01 -1.152512e-02 -3.307174e-03 2.986520e+01 1.157912e-02 9.997918e-01 1.680303e-02 -7.211998e-01 3.112828e-03 -1.684012e-02 9.998533e-01 4.516408e+01
9.997400e-01 1.502474e-02 -1.715263e-02 2.966351e+01 -1.526860e-02 9.997829e-01 -1.417580e-02 -7.183134e-01 1.693592e-02 1.443401e-02 9.997524e-01 4.585940e+01
9.999348e-01 -1.136083e-02 -1.192028e-03 2.931133e+01 1.138121e-02 9.997590e-01 1.877223e-02 -7.069594e-01 9.784730e-04 -1.878457e-02 9.998231e-01 4.665804e+01
9.998870e-01 1.223964e-02 -8.731432e-03 2.937259e+01 -1.238781e-02 9.997767e-01 -1.712275e-02 -7.097229e-01 8.519906e-03 1.722898e-02 9.998153e-01 4.670914e+01
9.999103e-01 -1.011356e-02 -8.778282e-03 2.937424e+01 1.028624e-02 9.997500e-01 1.985446e-02 -7.144781e-01 8.575288e-03 -1.994298e-02 9.997643e-01 4.689254e+01
9.998755e-01 1.224427e-02 -9.949796e-03 2.938184e+01 -1.241867e-02 9.997669e-01 -1.765880e-02 -7.146610e-01 9.731258e-03 1.778017e-02 9.997946e-01 4.702476e+01
9.999171e-01 -1.155493e-02 -5.678144e-03 2.955380e+01 1.166588e-02 9.997337e-01 1.991187e-02 -7.160307e-01 5.446551e-03 -1.997646e-02 9.997856e-01 4.689032e+01
9.998851e-01 1.366521e-02 -6.561495e-03 2.948601e+01 -1.377951e-02 9.997483e-01 -1.770327e-02 -7.201474e-01 6.317925e-03 1.779165e-02 9.998218e-01 4.726680e+01
9.999046e-01 -1.195159e-02 -6.924064e-03 2.939985e+01 1.209386e-02 9.997088e-01 2.088289e-02 -7.252182e-01 6.672463e-03 -2.096464e-02 9.997580e-01 4.765241e+01
9.998927e-01 1.361683e-02 -5.406285e-03 2.936044e+01 -1.371627e-02 9.997291e-01 -1.880342e-02 -7.327859e-01 5.148777e-03 1.887556e-02 9.998086e-01 4.801904e+01
9.999059e-01 -1.246429e-02 -5.722092e-03 2.932983e+01 1.258246e-02 9.996981e-01 2.110283e-02 -7.390657e-01 5.457333e-03 -2.117285e-02 9.997609e-01 4.828894e+01
9.998675e-01 1.433688e-02 -7.705852e-03 2.925142e+01 -1.447680e-02 9.997255e-01 -1.842020e-02 -7.395261e-01 7.439649e-03 1.852931e-02 9.998006e-01 4.844507e+01
9.999150e-01 -1.298043e-02 1.197345e-03 2.921421e+01 1.295262e-02 9.996982e-01 2.087372e-02 -7.396065e-01 -1.467934e-03 -2.085644e-02 9.997814e-01 4.851186e+01
9.998807e-01 1.418691e-02 -6.106498e-03 2.931752e+01 -1.429968e-02 9.997203e-01 -1.883691e-02 -7.388456e-01 5.837552e-03 1.892198e-02 9.998039e-01 4.835392e+01
9.999017e-01 -1.371962e-02 -2.897218e-03 2.933484e+01 1.377651e-02 9.996924e-01 2.062403e-02 -7.437965e-01 2.613373e-03 -2.066192e-02 9.997831e-01 4.841724e+01
9.998783e-01 1.543448e-02 -2.252812e-03 2.944903e+01 -1.547463e-02 9.996988e-01 -1.904953e-02 -7.324736e-01 1.958114e-03 1.908207e-02 9.998160e-01 4.809465e+01
9.999039e-01 -1.328169e-02 -3.961043e-03 2.972504e+01 1.336518e-02 9.996718e-01 2.185536e-02 -7.146606e-01 3.669467e-03 -2.190620e-02 9.997533e-01 4.745764e+01
9.999005e-01 1.408681e-02 6.779960e-04 2.983344e+01 -1.406994e-02 9.996903e-01 -2.052441e-02 -7.099225e-01 -9.669096e-04 2.051283e-02 9.997891e-01 4.722173e+01
9.998779e-01 -1.352816e-02 -7.827760e-03 2.982979e+01 1.369997e-02 9.996568e-01 2.232832e-02 -7.136936e-01 7.523013e-03 -2.243283e-02 9.997200e-01 4.726961e+01
9.998974e-01 1.432726e-02 -1.352788e-04 3.001591e+01 -1.432695e-02 9.996784e-01 -2.092249e-02 -7.203357e-01 -1.645266e-04 2.092228e-02 9.997811e-01 4.718008e+01
9.998422e-01 -1.366848e-02 -1.134483e-02 3.006772e+01 1.391802e-02 9.996563e-01 2.221665e-02 -7.300285e-01 1.103726e-02 -2.237104e-02 9.996888e-01 4.740256e+01
9.998559e-01 1.624204e-02 -4.936658e-03 2.998835e+01 -1.633603e-02 9.996737e-01 -1.963699e-02 -7.376027e-01 4.616103e-03 1.971481e-02 9.997950e-01 4.789761e+01
9.998746e-01 -1.477248e-02 -5.707011e-03 2.991521e+01 1.489530e-02 9.996445e-01 2.211528e-02 -7.426557e-01 5.378285e-03 -2.219752e-02 9.997391e-01 4.830424e+01
9.998418e-01 1.727739e-02 -4.220598e-03 2.978542e+01 -1.735817e-02 9.996509e-01 -1.991935e-02 -7.350958e-01 3.874971e-03 1.998946e-02 9.997927e-01 4.839411e+01
9.998574e-01 -1.595486e-02 -5.527564e-03 2.964987e+01 1.607922e-02 9.996007e-01 2.323487e-02 -7.282703e-01 5.154647e-03 -2.332044e-02 9.997148e-01 4.850220e+01
9.998186e-01 1.831629e-02 -5.223165e-03 2.962311e+01 -1.842093e-02 9.996151e-01 -2.074422e-02 -7.388985e-01 4.841198e-03 2.083667e-02 9.997712e-01 4.901653e+01
9.998398e-01 -1.600957e-02 -8.001367e-03 2.947079e+01 1.619227e-02 9.995970e-01 2.331651e-02 -7.356257e-01 7.624855e-03 -2.344234e-02 9.996961e-01 4.930840e+01
9.997977e-01 1.968118e-02 -4.150811e-03 2.917628e+01 -1.975727e-02 9.996211e-01 -1.916480e-02 -7.155118e-01 3.772052e-03 1.924293e-02 9.998077e-01 4.951767e+01
9.998282e-01 -1.829004e-02 -2.995889e-03 2.903138e+01 1.835051e-02 9.995986e-01 2.158302e-02 -7.041137e-01 2.599932e-03 -2.163429e-02 9.997626e-01 4.958895e+01
9.997913e-01 1.964435e-02 -5.617065e-03 2.899713e+01 -1.974956e-02 9.996180e-01 -1.933289e-02 -7.071591e-01 5.235138e-03 1.943979e-02 9.997973e-01 4.972249e+01
9.998234e-01 -1.813201e-02 -4.948145e-03 2.897748e+01 1.823551e-02 9.995973e-01 2.174223e-02 -7.118174e-01 4.551922e-03 -2.182862e-02 9.997514e-01 4.990865e+01
9.997988e-01 1.961721e-02 -4.176883e-03 2.898030e+01 -1.969587e-02 9.996118e-01 -1.970644e-02 -7.179466e-01 3.788677e-03 1.978474e-02 9.997971e-01 5.008620e+01
9.998165e-01 -1.877620e-02 -3.797987e-03 2.897942e+01 1.885347e-02 9.995921e-01 2.145172e-02 -7.219679e-01 3.393656e-03 -2.151939e-02 9.997627e-01 5.013818e+01
9.997818e-01 2.023640e-02 -5.171643e-03 2.897315e+01 -2.033307e-02 9.996054e-01 -1.937827e-02 -7.290926e-01 4.777456e-03 1.947920e-02 9.997988e-01 5.034014e+01
9.998103e-01 -1.847196e-02 -6.177173e-03 2.895283e+01 1.860153e-02 9.995932e-01 2.162092e-02 -7.372613e-01 5.775279e-03 -2.173172e-02 9.997472e-01 5.065806e+01
9.997545e-01 2.085917e-02 -7.471506e-03 2.892924e+01 -2.099786e-02 9.995991e-01 -1.899176e-02 -7.469375e-01 7.072359e-03 1.914398e-02 9.997917e-01 5.109761e+01
9.998015e-01 -1.934576e-02 -4.758204e-03 2.890895e+01 1.944596e-02 9.995688e-01 2.199937e-02 -7.569524e-01 4.330558e-03 -2.208754e-02 9.997467e-01 5.146022e+01
9.997993e-01 2.001930e-02 -7.981220e-04 2.895407e+01 -2.003143e-02 9.995903e-01 -2.044374e-02 -7.609550e-01 3.885257e-04 2.045562e-02 9.997907e-01 5.146825e+01
9.997793e-01 -1.957762e-02 -7.626429e-03 2.896718e+01 1.974389e-02 9.995547e-01 2.237405e-02 -7.665639e-01 7.185002e-03 -2.251969e-02 9.997206e-01 5.152543e+01
9.997564e-01 2.171775e-02 -3.938535e-03 2.892347e+01 -2.179332e-02 9.995567e-01 -2.028195e-02 -7.754227e-01 3.496311e-03 2.036285e-02 9.997865e-01 5.198940e+01
9.997779e-01 -1.994805e-02 -6.794645e-03 2.890796e+01 2.009742e-02 9.995409e-01 2.267480e-02 -7.875689e-01 6.339207e-03 -2.280632e-02 9.997198e-01 5.245626e+01
9.995700e-01 2.514991e-02 -1.507661e-02 2.859249e+01 -2.542647e-02 9.995066e-01 -1.844161e-02 -7.711236e-01 1.460536e-02 1.881702e-02 9.997163e-01 5.287340e+01
9.996904e-01 -2.326537e-02 8.816302e-03 2.831776e+01 2.307102e-02 9.995018e-01 2.153924e-02 -7.493952e-01 -9.313028e-03 -2.132917e-02 9.997291e-01 5.301878e+01
9.995765e-01 2.375595e-02 -1.680696e-02 2.833809e+01 -2.408562e-02 9.995159e-01 -1.969253e-02 -7.539678e-01 1.633101e-02 2.008900e-02 9.996648e-01 5.307595e+01
9.997587e-01 -2.181733e-02 -2.557085e-03 2.853890e+01 2.187092e-02 9.994907e-01 2.323595e-02 -7.740638e-01 2.048836e-03 -2.328627e-02 9.997267e-01 5.363236e+01
9.991941e-01 2.666344e-02 -3.000388e-02 2.887087e+01 -2.725695e-02 9.994373e-01 -1.954910e-02 -8.128497e-01 2.946575e-02 2.035116e-02 9.993586e-01 5.484295e+01
9.997723e-01 -2.125846e-02 -1.838716e-03 2.904344e+01 2.129571e-02 9.994991e-01 2.341134e-02 -8.475095e-01 1.340106e-03 -2.344516e-02 9.997242e-01 5.633267e+01
