1.000000e+00 1.197625e-11 1.704638e-10 1.665335e-16 1.197625e-11 1.000000e+00 3.562503e-10 -1.110223e-16 1.704638e-10 3.562503e-10 1.000000e+00 2.220446e-16 0.000000e+00 0.000000e+00 0.000000e+00 1.000000e+00
9.912665e-01 -6.392340e-02 1.153449e-01 5.143579e-01 7.474025e-02 9.929475e-01 -9.202777e-02 2.795982e-02 -1.086487e-01 9.984496e-02 9.890533e-01 -9.148275e-01
9.698908e-01 2.167952e-02 2.425735e-01 8.907271e-01 -2.026263e-02 9.997600e-01 -8.334702e-03 4.954689e-02 -2.426959e-01 3.168575e-03 9.700972e-01 -1.699166e+00
9.864996e-01 -8.750373e-02 1.384255e-01 1.318811e+00 9.870462e-02 9.921931e-01 -7.622494e-02 7.346247e-02 -1.306748e-01 8.885910e-02 9.874351e-01 -2.551833e+00
9.410047e-01 4.054778e-02 3.359553e-01 1.710941e+00 -2.023734e-02 9.977614e-01 -6.373935e-02 9.861987e-02 -3.377877e-01 5.318019e-02 9.397187e-01 -3.448106e+00
9.704117e-01 -1.099299e-01 2.149802e-01 2.180862e+00 1.213708e-01 9.917716e-01 -4.072166e-02 1.266715e-01 -2.087347e-01 6.560911e-02 9.757691e-01 -4.453686e+00
9.193274e-01 -1.394618e-02 3.932463e-01 3.126181e+00 8.693958e-02 9.818730e-01 -1.684251e-01 1.815942e-01 -3.837691e-01 1.890265e-01 9.038752e-01 -6.180597e+00
9.825615e-01 -2.881515e-02 1.836914e-01 3.849282e+00 3.437535e-02 9.990400e-01 -2.715649e-02 2.302471e-01 -1.827326e-01 3.299738e-02 9.826088e-01 -7.705006e+00
9.342733e-01 -8.228139e-02 3.469338e-01 4.690820e+00 1.441720e-01 9.770970e-01 -1.565117e-01 2.783532e-01 -3.261100e-01 1.962429e-01 9.247383e-01 -9.247088e+00
9.439608e-01 -1.832239e-01 -2.745305e-01 6.145351e+00 1.639688e-01 9.821920e-01 -9.172342e-02 3.557101e-01 2.864476e-01 4.156887e-02 9.571937e-01 -1.149159e+01
8.188430e-01 1.989805e-01 5.384264e-01 7.662329e+00 -1.455535e-02 9.448922e-01 -3.270579e-01 4.455359e-01 -5.738330e-01 2.599721e-01 7.766146e-01 -1.406174e+01
9.788593e-01 -1.791851e-01 9.862677e-02 8.798624e+00 1.693868e-01 9.804493e-01 1.001361e-01 5.180244e-01 -1.146415e-01 -8.131311e-02 9.900735e-01 -1.624897e+01
9.699295e-01 -4.748612e-02 2.387087e-01 1.024698e+01 1.415871e-01 9.078322e-01 -3.947072e-01 6.020876e-01 -1.979643e-01 4.166362e-01 8.872567e-01 -1.872430e+01
9.707070e-01 8.629406e-02 2.242347e-01 1.129605e+01 -1.037784e-01 9.923159e-01 6.737343e-02 6.690960e-01 -2.166977e-01 -8.867059e-02 9.722035e-01 -2.072442e+01
8.739574e-01 -1.539822e-01 4.609642e-01 1.160670e+01 2.316202e-01 9.658033e-01 -1.165159e-01 6.903536e-01 -4.272594e-01 2.085986e-01 8.797364e-01 -2.157116e+01
9.965145e-01 6.396875e-02 5.354205e-02 1.227805e+01 -6.237080e-02 9.975714e-01 -3.100324e-02 7.303371e-01 -5.539525e-02 2.755572e-02 9.980842e-01 -2.291030e+01
9.686898e-01 -1.664791e-01 1.841866e-01 1.305982e+01 1.892578e-01 9.753087e-01 -1.138174e-01 7.790610e-01 -1.606906e-01 1.451125e-01 9.762791e-01 -2.441880e+01
9.101838e-01 2.471799e-02 -4.134665e-01 1.365952e+01 1.335484e-03 9.980375e-01 6.260487e-02 8.158474e-01 4.142026e-01 -5.753411e-02 9.083645e-01 -2.548084e+01
9.772268e-01 -5.681552e-02 -2.044500e-01 1.430464e+01 1.709557e-02 9.814367e-01 -1.910227e-01 8.567592e-01 2.115078e-01 1.831773e-01 9.600576e-01 -2.645417e+01
8.315552e-01 -1.548742e-01 -5.334135e-01 1.504859e+01 1.649256e-01 9.858756e-01 -2.913677e-02 9.013873e-01 5.303919e-01 -6.374470e-02 8.453526e-01 -2.751201e+01
9.992395e-01 1.203158e-02 -3.709016e-02 1.591456e+01 -1.760646e-02 9.879360e-01 -1.538586e-01 9.501657e-01 3.479154e-02 1.543947e-01 9.873965e-01 -2.875994e+01
7.970014e-01 -2.052722e-01 -5.680248e-01 1.701382e+01 2.021035e-01 9.768981e-01 -6.945687e-02 1.005881e+00 5.691599e-01 -5.944260e-02 8.200754e-01 -3.021914e+01
9.695723e-01 1.229878e-01 -2.116684e-01 1.782036e+01 -1.413679e-01 9.871908e-01 -7.395534e-02 1.050433e+00 1.998615e-01 1.016282e-01 9.745394e-01 -3.125231e+01
7.143717e-01 -3.412038e-01 -6.109444e-01 1.884269e+01 2.435617e-01 9.397161e-01 -2.400236e-01 1.101901e+00 6.560113e-01 2.266339e-02 7.544107e-01 -3.248159e+01
9.724109e-01 1.641074e-01 -1.657886e-01 1.977151e+01 -1.545827e-01 9.855747e-01 6.889613e-02 1.151758e+00 1.747034e-01 -4.136729e-02 9.837517e-01 -3.362655e+01
7.776239e-01 -3.430504e-01 -5.268942e-01 2.016530e+01 1.554348e-01 9.169100e-01 -3.675814e-01 1.169932e+00 6.092135e-01 2.039424e-01 7.663331e-01 -3.383948e+01
9.840088e-01 1.509715e-01 -9.452105e-02 2.057605e+01 -1.321057e-01 9.745234e-01 1.812516e-01 1.172590e+00 1.194768e-01 -1.658664e-01 9.788839e-01 -3.334497e+01
7.493174e-01 1.500563e-01 -6.449857e-01 2.070705e+01 -2.896535e-01 9.501425e-01 -1.154560e-01 1.147094e+00 5.955034e-01 2.733356e-01 7.554226e-01 -3.123865e+01
9.036565e-01 7.850372e-02 -4.210013e-01 2.071426e+01 1.681432e-02 9.757936e-01 2.180463e-01 1.121162e+00 4.279278e-01 -2.041178e-01 8.804622e-01 -2.906551e+01
6.914547e-01 1.950602e-01 -6.955875e-01 2.068311e+01 -2.806943e-01 9.597463e-01 -9.889623e-03 1.104026e+00 6.656584e-01 2.020856e-01 7.183733e-01 -2.735162e+01
9.895063e-01 -1.444437e-01 -3.640033e-03 2.086037e+01 1.444216e-01 9.894995e-01 -5.750333e-03 1.090389e+00 4.432411e-03 5.164291e-03 9.999768e-01 -2.624093e+01
7.390047e-01 2.553648e-01 -6.234267e-01 2.100725e+01 -2.142585e-01 9.664180e-01 1.418789e-01 1.074135e+00 6.387217e-01 2.872531e-02 7.689015e-01 -2.505052e+01
9.692380e-01 -2.072826e-01 -1.327086e-01 2.111723e+01 1.784654e-01 9.631924e-01 -2.010237e-01 1.064309e+00 1.694926e-01 1.711559e-01 9.705555e-01 -2.413497e+01
5.453494e-01 5.528940e-01 -6.300018e-01 2.103841e+01 -2.989489e-01 8.304721e-01 4.700485e-01 1.040131e+00 7.830860e-01 -6.800231e-02 6.181845e-01 -2.197145e+01
9.409081e-01 1.993263e-01 -2.737901e-01 2.081421e+01 -2.572911e-01 9.464148e-01 -1.951929e-01 1.006915e+00 2.202119e-01 2.541024e-01 9.417742e-01 -1.885436e+01
4.231674e-01 3.421582e-01 -8.389619e-01 2.064563e+01 -7.421549e-02 9.359320e-01 3.442722e-01 9.613698e-01 9.030069e-01 -8.342079e-02 4.214493e-01 -1.500247e+01
8.037485e-01 4.986781e-01 -3.245128e-01 2.014270e+01 -4.596453e-01 8.667638e-01 1.935115e-01 9.205272e-01 3.777759e-01 -6.373800e-03 9.258751e-01 -1.029283e+01
2.348015e-01 1.893477e-01 -9.534232e-01 1.942325e+01 -4.488012e-01 8.911573e-01 6.645463e-02 8.750942e-01 8.622330e-01 4.122938e-01 2.942245e-01 -5.069078e+00
8.737053e-01 1.340083e-01 -4.676332e-01 1.877992e+01 3.445385e-02 9.418459e-01 3.342740e-01 8.311625e-01 4.852340e-01 -3.081688e-01 8.182787e-01 1.040340e-01
9.229002e-02 6.330197e-01 -7.686147e-01 1.793909e+01 -6.020154e-01 6.503234e-01 4.633108e-01 7.898485e-01 7.931330e-01 4.199589e-01 4.411060e-01 5.600531e+00
8.749846e-01 -1.405653e-01 -4.632962e-01 1.725885e+01 2.522724e-02 9.688624e-01 -2.463112e-01 7.492486e-01 4.834931e-01 2.038308e-01 8.512858e-01 1.039224e+01
3.234398e-01 5.828273e-01 -7.454523e-01 1.674029e+01 -1.045949e-01 8.049906e-01 5.839949e-01 7.101699e-01 9.404502e-01 -1.109166e-01 3.213267e-01 1.464880e+01
9.236161e-01 3.012299e-01 -2.370526e-01 1.633818e+01 -3.500266e-01 9.148682e-01 -2.012401e-01 6.704565e-01 1.562523e-01 2.688433e-01 9.504254e-01 1.846973e+01
4.672291e-01 1.877872e-01 -8.639635e-01 1.624188e+01 1.937992e-02 9.747736e-01 2.223530e-01 6.251525e-01 8.839239e-01 -1.206334e-01 4.518033e-01 2.214582e+01
9.687899e-01 2.270690e-01 9.942736e-02 1.634830e+01 -2.410289e-01 9.565754e-01 1.639163e-01 5.809604e-01 -5.788946e-02 -1.827653e-01 9.814508e-01 2.522042e+01
5.295886e-01 2.471264e-01 -8.114582e-01 1.649859e+01 -3.819203e-01 9.236399e-01 3.203508e-02 5.370504e-01 7.574119e-01 2.929470e-01 5.835318e-01 2.829757e+01
9.218688e-01 -3.187949e-01 2.202902e-01 1.636605e+01 3.454295e-01 9.336893e-01 -9.435409e-02 5.357458e-01 -1.756030e-01 1.630768e-01 9.708602e-01 2.892559e+01
9.855677e-01 9.350832e-02 -1.411116e-01 1.729630e+01 -9.913610e-02 9.945139e-01 -3.337791e-02 5.859972e-01 1.372163e-01 4.688544e-02 9.894309e-01 2.740787e+01
9.786720e-01 -1.079063e-01 1.748064e-01 1.774745e+01 1.249184e-01 9.881306e-01 -8.940528e-02 6.127059e-01 -1.630842e-01 1.093350e-01 9.805353e-01 2.653932e+01
7.839359e-01 3.481050e-01 -5.140695e-01 1.754076e+01 -3.801651e-01 9.237836e-01 4.580839e-02 6.134462e-01 4.908351e-01 1.595204e-01 8.565245e-01 2.682700e+01
8.139150e-01 -4.449636e-01 3.735635e-01 1.744699e+01 4.799634e-01 8.772881e-01 -7.713958e-04 6.138809e-01 -3.273796e-01 1.799247e-01 9.276043e-01 2.697057e+01
8.561468e-01 3.157933e-01 -4.090077e-01 1.799910e+01 -2.924623e-01 9.486821e-01 1.202834e-01 6.435339e-01 4.260030e-01 1.663908e-02 9.045687e-01 2.600765e+01
4.455917e-01 -2.059377e-01 8.712277e-01 1.844906e+01 3.668682e-01 9.297180e-01 3.212775e-02 6.762419e-01 -8.166124e-01 3.053098e-01 4.898266e-01 2.491842e+01
9.384905e-01 2.027132e-01 -2.795406e-01 1.872873e+01 -2.226248e-01 9.740387e-01 -4.107001e-02 6.958923e-01 2.639579e-01 1.007765e-01 9.592551e-01 2.408746e+01
4.739454e-01 -2.054200e-01 8.562584e-01 1.890536e+01 1.759731e-01 9.748884e-01 1.364775e-01 7.074093e-01 -8.627916e-01 8.599554e-02 4.981922e-01 2.347293e+01
9.058069e-01 5.227151e-02 -4.204539e-01 1.905551e+01 -1.049754e-01 9.891070e-01 -1.031868e-01 7.152205e-01 4.104802e-01 1.376046e-01 9.014272e-01 2.298129e+01
9.133189e-01 -8.712980e-02 3.978152e-01 1.908904e+01 4.009735e-02 9.913378e-01 1.250666e-01 7.123067e-01 -4.052663e-01 -9.827434e-02 9.089012e-01 2.297330e+01
8.038598e-01 8.175006e-02 -5.891744e-01 1.908521e+01 -1.349660e-01 9.897437e-01 -4.681493e-02 7.075407e-01 5.793045e-01 1.171512e-01 8.066486e-01 2.312837e+01
8.989218e-01 -1.353114e-01 4.166899e-01 1.911249e+01 6.393191e-02 9.814429e-01 1.807834e-01 6.983687e-01 -4.334194e-01 -1.358703e-01 8.908911e-01 2.346119e+01
8.606022e-01 7.899479e-02 -5.031140e-01 1.913335e+01 -1.172968e-01 9.920826e-01 -4.487357e-02 6.900592e-01 4.955859e-01 9.763195e-02 8.630543e-01 2.365723e+01
6.525565e-01 -1.287264e-01 7.467259e-01 1.919411e+01 8.514077e-02 9.916800e-01 9.654986e-02 6.899418e-01 -7.529416e-01 5.725727e-04 6.580871e-01 2.345635e+01
9.755864e-01 -1.976820e-02 -2.187243e-01 1.932275e+01 -1.506569e-02 9.875703e-01 -1.564544e-01 6.969238e-01 2.190984e-01 1.559300e-01 9.631624e-01 2.300134e+01
4.795103e-01 -4.216581e-04 8.775362e-01 1.951875e+01 -2.806915e-03 9.999940e-01 2.014276e-03 7.085948e-01 -8.775318e-01 -3.429035e-03 4.795062e-01 2.237380e+01
6.471978e-01 -2.091197e-02 -7.620352e-01 1.957591e+01 2.016554e-02 9.997435e-01 -1.030860e-02 7.115862e-01 7.620553e-01 -8.695143e-03 6.474535e-01 2.214350e+01
6.126928e-01 6.646695e-03 7.902932e-01 1.957857e+01 -2.490931e-02 9.996302e-01 1.090420e-02 7.048096e-01 -7.899285e-01 -2.636659e-02 6.126318e-01 2.225781e+01
6.249751e-01 8.700022e-03 -7.805962e-01 1.959076e+01 1.651837e-02 9.995666e-01 2.436576e-02 6.968015e-01 7.804699e-01 -2.812217e-02 6.245605e-01 2.239182e+01
7.539557e-01 8.271119e-03 6.568732e-01 1.960288e+01 -4.227709e-02 9.984588e-01 3.595317e-02 6.877922e-01 -6.555635e-01 -5.487779e-02 7.531433e-01 2.271471e+01
9.660104e-01 -1.052163e-01 -2.361215e-01 1.971491e+01 7.593079e-02 9.886174e-01 -1.298852e-01 6.924656e-01 2.470999e-01 1.075416e-01 9.630039e-01 2.243736e+01
4.766688e-01 1.029417e-01 8.730349e-01 1.994994e+01 -1.492543e-02 9.939245e-01 -1.090470e-01 7.088265e-01 -8.789563e-01 3.894887e-02 4.753092e-01 2.168970e+01
8.292824e-01 -1.044408e-01 -5.489834e-01 2.006117e+01 1.585826e-01 9.859767e-01 5.197533e-02 7.141268e-01 5.358566e-01 -1.301614e-01 8.342156e-01 2.130899e+01
4.662407e-01 1.822868e-01 8.656738e-01 2.016376e+01 3.028770e-02 9.746779e-01 -2.215526e-01 7.185961e-01 -8.841393e-01 1.295161e-01 4.489135e-01 2.094004e+01
9.012265e-01 -1.038256e-01 -4.207267e-01 2.028083e+01 1.706728e-01 9.774456e-01 1.243824e-01 7.267954e-01 3.983234e-01 -1.839033e-01 8.986201e-01 2.045690e+01
6.017493e-01 1.892484e-01 7.759400e-01 2.038413e+01 8.152016e-02 9.518947e-01 -2.953827e-01 7.326098e-01 -7.945138e-01 2.410011e-01 5.573744e-01 2.005730e+01
8.285940e-01 2.215154e-02 -5.594116e-01 2.047158e+01 1.447483e-01 9.567654e-01 2.522854e-01 7.355275e-01 5.408142e-01 -2.900160e-01 7.895636e-01 1.977491e+01
5.243790e-01 1.687687e-01 8.345920e-01 2.056154e+01 2.096662e-01 9.243889e-01 -3.186617e-01 7.399888e-01 -8.252677e-01 3.420853e-01 4.493451e-01 1.943588e+01
8.167549e-01 1.310012e-01 -5.619164e-01 2.070513e+01 7.349914e-02 9.423283e-01 3.265200e-01 7.468919e-01 5.722842e-01 -3.079872e-01 7.600228e-01 1.903007e+01
5.398931e-01 8.356595e-02 8.375752e-01 2.082684e+01 3.038011e-01 9.086429e-01 -2.864838e-01 7.530991e-01 -7.849970e-01 4.091269e-01 4.651826e-01 1.866298e+01
8.062723e-01 2.353550e-01 -5.427090e-01 2.095123e+01 -2.242658e-02 9.289460e-01 3.695353e-01 7.574261e-01 5.911193e-01 -2.857750e-01 7.542616e-01 1.832745e+01
5.110018e-01 -1.086630e-02 8.595110e-01 2.107408e+01 4.123730e-01 8.804407e-01 -2.340357e-01 7.652235e-01 -7.542053e-01 4.740318e-01 4.543877e-01 1.789209e+01
9.319271e-01 2.818221e-01 -2.282285e-01 2.137856e+01 -2.450597e-01 9.533048e-01 1.765101e-01 7.845792e-01 2.673157e-01 -1.085649e-01 9.574737e-01 1.708298e+01
-7.646043e-02 -7.322829e-02 9.943799e-01 2.202820e+01 3.651255e-01 9.259678e-01 9.626571e-02 8.297368e-01 -9.278131e-01 3.704340e-01 -4.406238e-02 1.544930e+01
9.498005e-01 6.352148e-02 -3.063397e-01 2.280094e+01 -1.060617e-01 9.865634e-01 -1.242723e-01 8.850872e-01 2.943296e-01 1.505248e-01 9.437756e-01 1.355392e+01
2.224562e-01 -1.744553e-03 9.749411e-01 2.331870e+01 9.498392e-02 9.952800e-01 -1.989192e-02 9.218546e-01 -9.703047e-01 9.702881e-02 2.215720e-01 1.223708e+01
7.839883e-01 -7.609530e-02 -6.160941e-01 2.371403e+01 6.551375e-02 9.970583e-01 -3.978198e-02 9.466049e-01 6.173089e-01 -9.174024e-03 7.866673e-01 1.130667e+01
7.585322e-01 1.578361e-03 6.516336e-01 2.432798e+01 5.631171e-02 9.960975e-01 -6.796219e-02 9.667524e-01 -6.491979e-01 8.824612e-02 7.554831e-01 1.057972e+01
9.315387e-01 -2.447743e-01 -2.689258e-01 2.508538e+01 2.337253e-01 9.695670e-01 -7.288609e-02 9.996682e-01 2.785822e-01 5.041460e-03 9.603991e-01 9.517808e+00
3.897346e-01 3.061688e-01 8.685434e-01 2.560039e+01 2.449654e-02 9.393381e-01 -3.421167e-01 1.033502e+00 -9.206014e-01 1.546110e-01 3.585925e-01 8.295644e+00
8.810020e-01 -1.346767e-01 -4.535390e-01 2.589393e+01 2.485210e-01 9.474552e-01 2.014100e-01 1.052131e+00 4.025826e-01 -2.901566e-01 8.681799e-01 7.516511e+00
1.688746e-01 3.428298e-01 9.240937e-01 2.636295e+01 3.501072e-01 8.555537e-01 -3.813829e-01 1.082014e+00 -9.213611e-01 3.879377e-01 2.445410e-02 6.400746e+00
8.489345e-01 1.233005e-01 -5.139136e-01 2.686212e+01 1.004292e-01 9.170487e-01 3.859217e-01 1.112553e+00 5.188682e-01 -3.792342e-01 7.661313e-01 5.276724e+00
7.575901e-01 6.743320e-02 6.492380e-01 2.696516e+01 2.248016e-01 9.068439e-01 -3.565085e-01 1.114884e+00 -6.127980e-01 4.160371e-01 6.718569e-01 5.064777e+00
8.507750e-01 1.832493e-01 -4.925460e-01 2.706008e+01 5.356513e-02 9.021180e-01 4.281517e-01 1.115125e+00 5.227931e-01 -3.906440e-01 7.576837e-01 4.936942e+00
5.842482e-01 4.922187e-02 8.100810e-01 2.730695e+01 3.996955e-01 8.512626e-01 -3.399933e-01 1.125608e+00 -7.063268e-01 5.224262e-01 4.776749e-01 4.443234e+00
8.851103e-01 2.936425e-01 -3.610455e-01 2.751409e+01 -1.271000e-01 8.988379e-01 4.194472e-01 1.135170e+00 4.476890e-01 -3.253681e-01 8.328927e-01 3.950678e+00
4.931489e-01 -1.281592e-01 8.604530e-01 2.768635e+01 5.155651e-01 8.397337e-01 -1.704111e-01 1.141688e+00 -7.007117e-01 5.276576e-01 4.801881e-01 3.529969e+00
8.787983e-01 3.810419e-01 -2.872641e-01 2.790893e+01 -3.045400e-01 9.112912e-01 2.771348e-01 1.149785e+00 3.673812e-01 -1.560622e-01 9.168837e-01 3.042947e+00
4.252414e-01 -2.811528e-01 8.603039e-01 2.814235e+01 5.110784e-01 8.590737e-01 2.812873e-02 1.161147e+00 -7.469729e-01 4.277213e-01 5.090049e-01 2.473753e+00
8.401825e-01 3.924250e-01 -3.742941e-01 2.836952e+01 -3.840272e-01 9.178590e-01 1.002897e-01 1.171357e+00 3.829054e-01 5.947744e-02 9.218709e-01 1.931062e+00
4.762653e-01 -3.737909e-01 7.958968e-01 2.853876e+01 3.965791e-01 8.991704e-01 1.849799e-01 1.178771e+00 -7.847907e-01 2.275366e-01 5.764813e-01 1.495263e+00
9.280455e-01 2.464483e-01 -2.792754e-01 2.879322e+01 -3.030625e-01 9.355202e-01 -1.815355e-01 1.191220e+00 2.165287e-01 2.531111e-01 9.428945e-01 8.684772e-01
2.740581e-01 -2.576548e-01 9.265561e-01 2.903585e+01 7.804814e-03 9.640074e-01 2.657607e-01 1.209891e+00 -9.616815e-01 -6.560227e-02 2.662050e-01 3.642022e-02
9.590892e-01 -2.247300e-01 -1.721750e-01 2.929208e+01 1.469311e-01 9.149790e-01 -3.757987e-01 1.226407e+00 2.419898e-01 3.351266e-01 9.105664e-01 -7.988669e-01
3.834134e-01 1.891037e-01 9.040099e-01 2.959855e+01 -2.364724e-01 9.662867e-01 -1.018371e-01 1.243192e+00 -8.927905e-01 -1.747277e-01 4.152051e-01 -1.588933e+00
8.908371e-01 -4.211480e-01 -1.704219e-01 2.993485e+01 4.177752e-01 9.067617e-01 -5.698382e-02 1.261584e+00 1.785307e-01 -2.043474e-02 9.837221e-01 -2.425286e+00
5.974931e-01 4.248185e-01 6.800964e-01 3.034180e+01 -1.617680e-01 8.945540e-01 -4.166583e-01 1.284850e+00 -7.853872e-01 1.389326e-01 6.032120e-01 -3.330869e+00
9.278757e-01 -3.284792e-01 -1.764882e-01 3.072069e+01 3.660883e-01 8.924438e-01 2.636729e-01 1.307216e+00 7.089474e-02 -3.092660e-01 9.483293e-01 -4.204154e+00
6.091707e-01 3.782977e-01 6.969949e-01 3.106605e+01 1.471121e-01 8.097311e-01 -5.680613e-01 1.328706e+00 -7.792747e-01 4.485827e-01 4.376122e-01 -5.088468e+00
9.993496e-01 -2.067844e-02 -2.954230e-02 3.140579e+01 3.204443e-02 8.849674e-01 4.645491e-01 1.349726e+00 1.653782e-02 -4.651937e-01 8.850544e-01 -5.973494e+00
5.796734e-01 3.509236e-02 8.140929e-01 3.171252e+01 5.002209e-01 7.733404e-01 -3.895171e-01 1.368064e+00 -6.432400e-01 6.330190e-01 4.307310e-01 -6.809403e+00
9.303082e-01 3.396437e-01 1.384517e-01 3.211589e+01 -3.643646e-01 8.990507e-01 2.427886e-01 1.392649e+00 -4.201348e-02 -2.763152e-01 9.601483e-01 -7.822572e+00
6.553034e-01 -3.815388e-01 6.519245e-01 3.250663e+01 5.605037e-01 8.241752e-01 -8.106026e-02 1.416673e+00 -5.063724e-01 4.185252e-01 7.539388e-01 -8.750459e+00
8.796594e-01 4.585804e-01 -1.261086e-01 3.276906e+01 -4.533497e-01 8.886453e-01 6.916335e-02 1.431208e+00 1.437828e-01 -3.668892e-03 9.896025e-01 -9.396592e+00
4.683251e-01 -4.402403e-01 7.660679e-01 3.311010e+01 4.537737e-01 8.637897e-01 2.189903e-01 1.449792e+00 -7.581300e-01 2.450628e-01 6.043039e-01 -1.019390e+01
9.245923e-01 2.775474e-01 -2.609532e-01 3.349162e+01 -3.432299e-01 9.041138e-01 -2.545025e-01 1.473030e+00 1.652949e-01 3.248780e-01 9.311992e-01 -1.109665e+01
3.741780e-01 -3.140927e-01 8.725460e-01 3.381920e+01 8.695704e-02 9.486336e-01 3.041919e-01 1.492097e+00 -9.232710e-01 -3.794791e-02 3.822704e-01 -1.193375e+01
9.081997e-01 -8.692246e-02 -4.094114e-01 3.413418e+01 -6.073738e-02 9.404699e-01 -3.344060e-01 1.506606e+00 4.141065e-01 3.285740e-01 8.488551e-01 -1.262723e+01
7.969505e-01 -1.133510e-01 5.933139e-01 3.442522e+01 -5.148085e-02 9.659158e-01 2.536856e-01 1.517620e+00 -6.018468e-01 -2.327192e-01 7.639517e-01 -1.310548e+01
7.594077e-01 -8.806410e-02 -6.446275e-01 3.459797e+01 -7.128674e-02 9.735693e-01 -2.169814e-01 1.520653e+00 6.466979e-01 2.107308e-01 7.330583e-01 -1.332525e+01
8.339835e-01 -1.277276e-01 5.368028e-01 3.480377e+01 -2.237084e-04 9.727616e-01 2.318077e-01 1.524277e+00 -5.517894e-01 -1.934439e-01 8.112385e-01 -1.353344e+01
7.266206e-01 -3.645012e-02 -6.860713e-01 3.493571e+01 -8.851405e-02 9.853030e-01 -1.460935e-01 1.523512e+00 6.813132e-01 1.668815e-01 7.127151e-01 -1.360027e+01
8.230638e-01 -1.490914e-01 5.480307e-01 3.512645e+01 5.035793e-02 9.802865e-01 1.910560e-01 1.526518e+00 -5.657120e-01 -1.296536e-01 8.143463e-01 -1.377686e+01
6.389447e-01 2.067936e-02 -7.689746e-01 3.531827e+01 -1.351977e-01 9.870975e-01 -8.579124e-02 1.532736e+00 7.572788e-01 1.587794e-01 6.334965e-01 -1.401104e+01
8.217888e-01 -1.897068e-01 5.372845e-01 3.542837e+01 1.226128e-01 9.797340e-01 1.583898e-01 1.533087e+00 -5.564435e-01 -6.428499e-02 8.283949e-01 -1.401093e+01
6.888288e-01 1.663663e-01 -7.055757e-01 3.547339e+01 -1.968926e-01 9.796581e-01 3.877233e-02 1.524528e+00 6.976734e-01 1.122151e-01 7.075731e-01 -1.373054e+01
8.276342e-01 -2.448095e-01 5.050643e-01 3.546581e+01 1.997630e-01 9.694208e-01 1.425416e-01 1.517647e+00 -5.245154e-01 -1.707913e-02 8.512296e-01 -1.348130e+01
6.229916e-01 2.700332e-01 -7.341414e-01 3.540036e+01 -2.880013e-01 9.517801e-01 1.056879e-01 1.510827e+00 7.272804e-01 1.455910e-01 6.707209e-01 -1.314318e+01
8.931379e-01 -2.419249e-01 3.791795e-01 3.532595e+01 2.114901e-01 9.699030e-01 1.206656e-01 1.502070e+00 -3.969593e-01 -2.757830e-02 9.174218e-01 -1.259033e+01
5.837500e-01 3.763225e-01 -7.194562e-01 3.524072e+01 -3.305084e-01 9.195018e-01 2.127926e-01 1.491950e+00 7.416199e-01 1.135687e-01 6.611369e-01 -1.191655e+01
8.470468e-01 -3.320507e-01 4.150349e-01 3.518708e+01 3.238723e-01 9.415851e-01 9.232725e-02 1.481605e+00 -4.214480e-01 5.621280e-02 9.051087e-01 -1.130392e+01
5.411952e-01 4.719164e-01 -6.959904e-01 3.510957e+01 -3.636441e-01 8.776255e-01 3.123081e-01 1.472211e+00 7.582023e-01 8.407317e-02 6.465763e-01 -1.067398e+01
8.916788e-01 -3.182052e-01 3.219541e-01 3.496217e+01 3.584610e-01 9.306914e-01 -7.293329e-02 1.464771e+00 -2.764321e-01 1.804410e-01 9.439419e-01 -1.003300e+01
6.150844e-01 4.523644e-01 -6.457846e-01 3.482256e+01 -2.295438e-01 8.863035e-01 4.022136e-01 1.458065e+00 7.543082e-01 -9.915943e-02 6.489889e-01 -9.510992e+00
8.614020e-01 -2.245250e-01 4.556040e-01 3.473515e+01 3.298560e-01 9.293852e-01 -1.656448e-01 1.449958e+00 -3.862402e-01 2.929705e-01 8.746352e-01 -9.022397e+00
7.947321e-01 3.593015e-01 -4.891864e-01 3.467792e+01 -1.739311e-01 9.069751e-01 3.835938e-01 1.443232e+00 5.815056e-01 -2.197696e-01 7.832959e-01 -8.776424e+00
3.620023e-01 -1.305365e-01 9.229922e-01 3.490739e+01 4.897716e-01 8.691021e-01 -6.917594e-02 1.454755e+00 -7.931444e-01 4.770972e-01 3.785500e-01 -9.352013e+00
5.124664e-01 4.416500e-01 -7.364262e-01 3.506880e+01 -1.757727e-01 8.933914e-01 4.134680e-01 1.465385e+00 8.405249e-01 -8.244480e-02 5.354631e-01 -9.808571e+00
7.383712e-01 -2.039295e-01 6.428225e-01 3.501627e+01 3.692884e-01 9.198395e-01 -1.323686e-01 1.457872e+00 -5.642996e-01 3.351240e-01 7.544918e-01 -9.446789e+00
7.990397e-01 3.346221e-01 -4.995635e-01 3.504162e+01 -2.042966e-01 9.324970e-01 2.978461e-01 1.456869e+00 5.655073e-01 -1.359317e-01 8.134642e-01 -9.495619e+00
7.311635e-01 -2.181676e-01 6.463767e-01 3.518192e+01 3.768800e-01 9.189511e-01 -1.161482e-01 1.463305e+00 -5.686488e-01 3.285298e-01 7.541264e-01 -9.826527e+00
7.020920e-01 3.855135e-01 -5.987038e-01 3.524753e+01 -2.022592e-01 9.141088e-01 3.514204e-01 1.462968e+00 6.827577e-01 -1.256361e-01 7.197621e-01 -9.892440e+00
6.926971e-01 -1.981670e-01 6.934700e-01 3.527188e+01 3.768030e-01 9.192906e-01 -1.136851e-01 1.461225e+00 -6.149718e-01 3.400509e-01 7.114598e-01 -9.920053e+00
7.836425e-01 3.446597e-01 -5.168308e-01 3.531499e+01 -1.968497e-01 9.268693e-01 3.196302e-01 1.459466e+00 5.891983e-01 -1.487378e-01 7.941803e-01 -1.000509e+01
7.527550e-01 -2.366656e-01 6.142876e-01 3.534986e+01 3.697982e-01 9.240180e-01 -9.715997e-02 1.459671e+00 -5.446184e-01 3.003001e-01 7.830777e-01 -1.012465e+01
8.427213e-01 3.183621e-01 -4.341272e-01 3.547142e+01 -2.389878e-01 9.438220e-01 2.282212e-01 1.463698e+00 4.823958e-01 -8.857573e-02 8.714635e-01 -1.037446e+01
9.622359e-01 -8.748156e-02 2.577773e-01 3.537721e+01 1.357137e-01 9.750452e-01 -1.756948e-01 1.461666e+00 -2.359744e-01 2.040438e-01 9.500959e-01 -1.012810e+01
9.060472e-01 1.303496e-01 -4.026007e-01 3.529571e+01 -3.312403e-02 9.703042e-01 2.396092e-01 1.453219e+00 4.218782e-01 -2.037615e-01 8.834591e-01 -9.811557e+00
8.498619e-01 -3.268668e-02 5.259908e-01 3.540757e+01 1.814858e-01 9.551782e-01 -2.338752e-01 1.456106e+00 -4.947703e-01 2.942215e-01 8.177017e-01 -1.003350e+01
9.225683e-01 2.102762e-01 -3.234992e-01 3.545250e+01 -1.022069e-01 9.416782e-01 3.206180e-01 1.454712e+00 3.720505e-01 -2.627281e-01 8.902541e-01 -1.014390e+01
9.688803e-01 1.278826e-02 2.471993e-01 3.536088e+01 6.142803e-02 9.550023e-01 -2.901676e-01 1.451053e+00 -2.397866e-01 2.963226e-01 9.244973e-01 -9.927921e+00
8.787617e-01 -5.598087e-02 -4.739663e-01 3.552670e+01 2.223721e-01 9.267378e-01 3.028327e-01 1.453861e+00 4.222897e-01 -3.715147e-01 8.268302e-01 -1.005394e+01
9.556205e-01 2.442890e-01 1.646582e-01 3.567868e+01 -1.643961e-01 9.059987e-01 -3.900517e-01 1.459243e+00 -2.444655e-01 3.456722e-01 9.059511e-01 -1.017524e+01
8.571804e-01 -9.580423e-02 -5.060270e-01 3.558957e+01 2.998596e-01 8.916706e-01 3.391280e-01 1.451503e+00 4.187195e-01 -4.424309e-01 7.930504e-01 -9.781188e+00
9.191840e-01 3.832895e-01 9.049806e-02 3.546402e+01 -3.426370e-01 8.915970e-01 -2.960652e-01 1.443919e+00 -1.941665e-01 2.411304e-01 9.508709e-01 -9.249789e+00
6.744079e-01 -1.088761e-01 -7.302876e-01 3.516498e+01 2.679738e-01 9.577217e-01 1.046857e-01 1.434960e+00 6.880145e-01 -2.662988e-01 6.750711e-01 -8.205701e+00
6.059555e-01 2.750147e-01 7.464482e-01 3.509055e+01 -6.316184e-02 9.520107e-01 -2.994764e-01 1.430243e+00 -7.929871e-01 1.343223e-01 5.942465e-01 -8.078094e+00
7.619772e-01 -1.060311e-01 -6.388647e-01 3.511102e+01 2.467824e-01 9.596111e-01 1.350740e-01 1.434708e+00 5.987396e-01 -2.605839e-01 7.573684e-01 -8.330707e+00
8.999163e-01 3.161125e-01 3.003722e-01 3.510219e+01 -2.753870e-01 9.460762e-01 -1.705927e-01 1.429136e+00 -3.381015e-01 7.080058e-02 9.384427e-01 -8.049876e+00
3.850477e-01 -1.838121e-02 -9.227136e-01 3.480640e+01 1.753206e-02 9.997669e-01 -1.260006e-02 1.423673e+00 9.227301e-01 -1.132545e-02 3.852802e-01 -6.894902e+00
9.521030e-01 2.713601e-01 1.409379e-01 3.430464e+01 -2.962024e-01 9.329193e-01 2.047577e-01 1.417923e+00 -7.592064e-02 -2.366966e-01 9.686128e-01 -5.464082e+00
7.359619e-01 -4.708542e-02 -6.753836e-01 3.406021e+01 -1.184087e-01 9.732509e-01 -1.968810e-01 1.406301e+00 6.665879e-01 2.248682e-01 7.107003e-01 -4.402696e+00
9.817883e-01 -6.816987e-03 1.898558e-01 3.390701e+01 -5.977460e-02 9.375154e-01 3.427709e-01 1.398020e+00 -1.803294e-01 -3.478771e-01 9.200342e-01 -3.659090e+00
5.080204e-01 2.038283e-01 -8.368807e-01 3.355034e+01 -4.927622e-01 8.656737e-01 -8.828558e-02 1.392443e+00 7.064706e-01 4.572341e-01 5.402188e-01 -2.553597e+00
8.013237e-01 -4.652492e-01 3.760631e-01 3.338802e+01 3.191058e-01 8.641474e-01 3.891283e-01 1.386147e+00 -5.060155e-01 -1.918138e-01 8.409255e-01 -2.001801e+00
6.603968e-01 3.680639e-01 -6.545265e-01 3.336136e+01 -5.339228e-01 8.430597e-01 -6.462845e-02 1.382170e+00 5.280175e-01 3.921470e-01 7.532717e-01 -1.888648e+00
8.100074e-01 -4.971831e-01 3.109612e-01 3.333321e+01 3.845882e-01 8.506941e-01 3.583454e-01 1.372035e+00 -4.426962e-01 -1.706704e-01 8.802793e-01 -1.426709e+00
5.349553e-01 5.404197e-01 -6.494377e-01 3.325960e+01 -5.819592e-01 7.929418e-01 1.804625e-01 1.360676e+00 6.124919e-01 2.814069e-01 7.386907e-01 -7.121900e-01
8.210377e-01 -5.109404e-01 2.546311e-01 3.316878e+01 5.015990e-01 8.586354e-01 1.055635e-01 1.351632e+00 -2.725719e-01 4.105110e-02 9.612593e-01 -6.443327e-02
7.139783e-01 5.494711e-01 -4.339544e-01 3.304136e+01 -4.989954e-01 8.340946e-01 2.351377e-01 1.345264e+00 4.911604e-01 4.865804e-02 8.697091e-01 3.160033e-01
5.409089e-01 -5.097122e-01 6.690374e-01 3.307194e+01 5.259540e-01 8.257211e-01 2.038554e-01 1.345478e+00 -6.563459e-01 2.416157e-01 7.147251e-01 1.457379e-01
3.629980e-01 5.680646e-01 -7.386035e-01 3.298392e+01 -4.976791e-01 7.883355e-01 3.617217e-01 1.341630e+00 7.877486e-01 2.362832e-01 5.688781e-01 3.294027e-01
7.304450e-01 -4.632470e-01 5.018490e-01 3.282958e+01 5.230222e-01 8.519478e-01 2.515362e-02 1.334921e+00 -4.392015e-01 2.441048e-01 8.645894e-01 8.935506e-01
-6.608695e-02 6.595779e-01 -7.487252e-01 3.246392e+01 -3.328326e-01 6.928192e-01 6.397062e-01 1.331056e+00 9.406673e-01 2.914764e-01 1.737427e-01 2.065022e+00
8.199037e-01 -2.362802e-01 5.214687e-01 3.196302e+01 4.049873e-01 8.831833e-01 -2.365853e-01 1.324843e+00 -4.046520e-01 4.051654e-01 8.198157e-01 3.473179e+00
3.280047e-01 6.084662e-01 -7.226215e-01 3.176993e+01 -1.283592e-01 7.865531e-01 6.040348e-01 1.314674e+00 9.359150e-01 -1.053711e-01 3.360953e-01 4.487591e+00
6.526045e-01 -1.863120e-01 7.344353e-01 3.166088e+01 4.664715e-01 8.626233e-01 -1.956665e-01 1.304651e+00 -5.970859e-01 4.702860e-01 6.498611e-01 5.156646e+00
3.838961e-01 5.582646e-01 -7.355028e-01 3.154015e+01 -6.383168e-02 8.106756e-01 5.820056e-01 1.298087e+00 9.211674e-01 -1.764813e-01 3.468502e-01 5.624994e+00
8.028056e-01 1.232571e-02 5.961134e-01 3.138119e+01 2.419456e-01 9.070389e-01 -3.445907e-01 1.289499e+00 -5.449454e-01 4.208663e-01 7.251938e-01 6.387484e+00
3.777465e-01 4.140144e-01 -8.281906e-01 3.117521e+01 1.152357e-01 8.664861e-01 4.857187e-01 1.281283e+00 9.187101e-01 -2.789157e-01 2.796028e-01 7.202989e+00
7.700827e-01 1.450231e-01 6.212414e-01 3.097637e+01 1.004910e-01 9.340839e-01 -3.426207e-01 1.274397e+00 -6.299795e-01 3.262754e-01 7.047483e-01 7.916682e+00
3.735825e-01 2.323975e-01 -8.980131e-01 3.079362e+01 1.694910e-01 9.347068e-01 3.124035e-01 1.267862e+00 9.119808e-01 -2.689136e-01 3.098009e-01 8.538817e+00
5.170105e-01 1.260263e-01 8.466508e-01 3.072549e+01 1.919389e-01 9.468467e-01 -2.581489e-01 1.261483e+00 -8.341820e-01 2.959709e-01 4.653403e-01 8.770147e+00
3.481093e-01 2.281326e-01 -9.092719e-01 3.067203e+01 1.446422e-01 9.452522e-01 2.925353e-01 1.256798e+00 9.262281e-01 -2.333533e-01 2.960535e-01 8.921015e+00
6.234228e-01 1.599887e-01 7.653415e-01 3.136885e+01 2.435677e-01 8.903982e-01 -3.845333e-01 1.282249e+00 -7.429796e-01 4.261394e-01 5.161264e-01 8.128416e+00
2.852655e-01 -4.735497e-02 -9.572780e-01 3.230152e+01 4.501124e-01 8.884063e-01 9.018391e-02 1.330825e+00 8.461811e-01 -4.566090e-01 2.747467e-01 6.932131e+00
8.956758e-02 5.503870e-01 8.300914e-01 3.255766e+01 1.258269e-01 8.205104e-01 -5.576112e-01 1.343851e+00 -9.880006e-01 1.543917e-01 4.237616e-03 6.407201e+00
-1.887723e-01 2.828455e-01 -9.404060e-01 3.254368e+01 5.516359e-01 8.228000e-01 1.367405e-01 1.331220e+00 8.124425e-01 -4.929489e-01 -3.113496e-01 7.056086e+00
-2.793126e-01 6.065548e-01 7.443626e-01 3.281540e+01 4.203826e-01 7.742196e-01 -4.731410e-01 1.345769e+00 -8.632861e-01 1.807628e-01 -4.712344e-01 6.582505e+00
4.234619e-01 1.190879e-01 -8.980524e-01 3.339113e+01 5.464843e-01 7.570574e-01 3.580767e-01 1.395966e+00 7.225198e-01 -6.424034e-01 2.555053e-01 4.978033e+00
-4.070061e-01 7.885559e-01 4.610050e-01 3.443886e+01 8.256132e-01 5.335071e-01 -1.836653e-01 1.466206e+00 -3.907798e-01 3.058589e-01 -8.681829e-01 2.663357e+00
8.190538e-02 7.119733e-01 -6.974135e-01 3.501305e+01 4.786862e-01 5.856637e-01 6.541082e-01 1.509100e+00 8.741573e-01 -3.874172e-01 -2.928428e-01 1.200797e+00
-9.841655e-02 5.252226e-01 8.452547e-01 3.513269e+01 7.672770e-01 5.809421e-01 -2.716473e-01 1.515300e+00 -6.337194e-01 6.218098e-01 -4.601655e-01 8.944498e-01
-2.612446e-01 7.423545e-01 -6.169774e-01 3.511848e+01 5.469647e-01 6.405024e-01 5.390606e-01 1.516203e+00 7.953495e-01 -1.966382e-01 -5.733695e-01 9.412490e-01
-5.568172e-02 5.110147e-01 8.577666e-01 3.502657e+01 6.900119e-01 6.406298e-01 -3.368635e-01 1.511948e+00 -7.216531e-01 5.731120e-01 -3.882776e-01 1.169649e+00
-2.917463e-01 6.594401e-01 -6.928368e-01 3.493963e+01 5.522187e-01 7.075613e-01 4.409213e-01 1.508385e+00 7.809857e-01 -2.539603e-01 -5.705836e-01 1.363134e+00
1.356976e-02 4.755503e-01 8.795839e-01 3.480650e+01 4.271514e-01 7.926022e-01 -4.351132e-01 1.501306e+00 -9.040783e-01 3.816199e-01 -1.923765e-01 1.891146e+00
-4.214305e-01 4.713991e-01 -7.747123e-01 3.466633e+01 5.124054e-01 8.286184e-01 2.254601e-01 1.494051e+00 7.482226e-01 -3.019511e-01 -5.907525e-01 2.467257e+00
-8.443906e-02 4.133808e-01 9.066346e-01 3.449126e+01 1.986705e-01 8.985998e-01 -3.912142e-01 1.486864e+00 -9.764221e-01 1.470878e-01 -1.580035e-01 3.095920e+00
-5.370908e-01 2.163576e-01 -8.153054e-01 3.431568e+01 3.395568e-01 9.402310e-01 2.582262e-02 1.481242e+00 7.721623e-01 -2.629734e-01 -5.784551e-01 3.653978e+00
5.736574e-03 2.388894e-01 9.710298e-01 3.401254e+01 -1.696732e-01 9.571981e-01 -2.344842e-01 1.477219e+00 -9.854837e-01 -1.634126e-01 4.602416e-02 4.474044e+00
-6.548957e-01 -2.641579e-01 -7.080481e-01 3.362888e+01 -2.060786e-01 9.638350e-01 -1.689782e-01 1.473149e+00 7.270785e-01 3.525046e-02 -6.856488e-01 5.525306e+00
3.359875e-01 -2.916187e-01 8.955841e-01 3.313934e+01 -3.350730e-01 8.516470e-01 4.030180e-01 1.468085e+00 -8.802491e-01 -4.354950e-01 1.884291e-01 6.823110e+00
-6.233481e-01 -4.499319e-01 -6.395298e-01 3.239085e+01 -7.704801e-01 4.929537e-01 4.041746e-01 1.467697e+00 1.334075e-01 7.446865e-01 -6.539453e-01 8.853663e+00
2.146400e-01 -8.979084e-01 3.843048e-01 3.161692e+01 4.070262e-01 4.399130e-01 8.005038e-01 1.460259e+00 -8.878397e-01 -1.539798e-02 4.598952e-01 1.098515e+01
-4.230974e-01 4.546721e-01 -7.837486e-01 3.134324e+01 -8.003557e-01 2.179549e-01 5.585037e-01 1.450387e+00 4.247579e-01 8.635792e-01 2.716832e-01 1.203311e+01
8.624327e-02 -8.755343e-01 4.753965e-01 3.110576e+01 8.273931e-01 3.287477e-01 4.553522e-01 1.443677e+00 -5.549620e-01 3.540687e-01 7.527633e-01 1.294516e+01
-6.215109e-01 7.447731e-01 -2.429758e-01 3.064677e+01 -2.846270e-01 7.428673e-02 9.557557e-01 1.438958e+00 7.298710e-01 6.631701e-01 1.658125e-01 1.430935e+01
4.022016e-01 -3.202820e-01 8.577024e-01 3.012683e+01 8.841163e-01 3.792424e-01 -2.729717e-01 1.438482e+00 -2.378492e-01 8.680983e-01 4.356984e-01 1.551071e+01
-2.434488e-01 8.975112e-01 -3.677041e-01 2.958038e+01 4.489366e-01 4.403263e-01 7.775401e-01 1.437321e+00 8.597608e-01 2.421537e-02 -5.101226e-01 1.665150e+01
4.732169e-01 4.780467e-01 7.399575e-01 2.911708e+01 3.364249e-01 6.782291e-01 -6.533174e-01 1.433591e+00 -8.141769e-01 5.581010e-01 1.601226e-01 1.793790e+01
7.321087e-02 3.752279e-01 -9.240369e-01 2.885574e+01 5.906625e-01 7.302354e-01 3.433278e-01 1.427495e+00 8.035906e-01 -5.709293e-01 -1.681719e-01 1.851302e+01
-3.405721e-01 6.774256e-01 6.520009e-01 2.898388e+01 6.841225e-01 6.542420e-01 -3.224033e-01 1.438087e+00 -6.449706e-01 3.362469e-01 -6.862587e-01 1.800190e+01
2.675943e-01 5.886029e-01 -7.628499e-01 2.927013e+01 3.221237e-01 6.915179e-01 6.465596e-01 1.459856e+00 9.080912e-01 -4.187476e-01 -4.556718e-03 1.712778e+01
-2.086982e-01 3.712874e-01 9.047600e-01 2.940494e+01 7.460887e-01 6.585713e-01 -9.816070e-02 1.469449e+00 -6.322948e-01 6.545453e-01 -4.144559e-01 1.663122e+01
-4.615794e-01 7.106244e-01 -5.309967e-01 2.933185e+01 4.475341e-01 7.033595e-01 5.522669e-01 1.464863e+00 7.659358e-01 1.727590e-02 -6.426849e-01 1.696338e+01
-3.366165e-01 4.012361e-01 8.518797e-01 2.919572e+01 6.600558e-01 7.457535e-01 -9.043248e-02 1.459758e+00 -6.715770e-01 5.318470e-01 -5.158711e-01 1.726689e+01
-6.028493e-01 6.188811e-01 -5.035463e-01 2.911753e+01 4.608342e-01 7.852964e-01 4.134506e-01 1.453831e+00 6.513099e-01 1.719702e-02 -7.586170e-01 1.764091e+01
-1.734461e-01 3.224880e-01 9.305471e-01 2.897912e+01 4.261989e-01 8.763867e-01 -2.242785e-01 1.445784e+00 -8.878462e-01 3.576980e-01 -2.894499e-01 1.834529e+01
-6.579425e-01 4.010403e-01 -6.373996e-01 2.875819e+01 3.526122e-01 9.119468e-01 2.098039e-01 1.439670e+00 6.654144e-01 -8.671597e-02 -7.414203e-01 1.899630e+01
-2.425517e-01 1.887746e-01 9.515949e-01 2.872373e+01 1.718432e-01 9.737350e-01 -1.493656e-01 1.429157e+00 -9.547977e-01 1.272962e-01 -2.686207e-01 1.966743e+01
-6.820735e-01 2.784551e-01 -6.761942e-01 2.865175e+01 2.112711e-01 9.602711e-01 1.823292e-01 1.422581e+00 7.001002e-01 -1.849839e-02 -7.138050e-01 2.011123e+01
-4.614875e-01 1.347784e-01 8.768490e-01 2.857874e+01 1.866579e-01 9.810184e-01 -5.255159e-02 1.415226e+00 -8.672878e-01 1.394188e-01 -4.778852e-01 2.050407e+01
-6.752338e-01 2.354387e-01 -6.990193e-01 2.849962e+01 1.585185e-01 9.718652e-01 1.742121e-01 1.408074e+00 7.203688e-01 6.826403e-03 -6.935577e-01 2.083083e+01
-6.222095e-01 1.274465e-01 7.724071e-01 2.846711e+01 2.038776e-01 9.789927e-01 2.699834e-03 1.403153e+00 -7.558368e-01 1.591564e-01 -6.351220e-01 2.092253e+01
-8.046640e-01 2.101882e-01 -5.552808e-01 2.845709e+01 1.048918e-01 9.708553e-01 2.154939e-01 1.392469e+00 5.843916e-01 1.151558e-01 -8.032593e-01 2.140112e+01
-6.070907e-01 -8.717089e-03 7.945847e-01 2.841372e+01 1.980622e-01 9.667209e-01 1.619320e-01 1.382424e+00 -7.695533e-01 2.556846e-01 -5.851608e-01 2.188984e+01
-8.111513e-01 2.153205e-01 -5.437560e-01 2.836826e+01 2.540103e-02 9.418511e-01 3.350690e-01 1.373394e+00 5.842844e-01 2.579797e-01 -7.694532e-01 2.231330e+01
-6.672012e-01 -5.619664e-02 7.427547e-01 2.834154e+01 2.589483e-01 9.174574e-01 3.020225e-01 1.364030e+00 -6.984184e-01 3.938449e-01 -5.975767e-01 2.268900e+01
-9.141607e-01 1.577537e-01 -3.733953e-01 2.822537e+01 -2.938644e-02 8.929472e-01 4.492012e-01 1.356981e+00 4.042854e-01 4.216148e-01 -8.116614e-01 2.329641e+01
-6.030448e-01 -1.808416e-01 7.769384e-01 2.802552e+01 2.661237e-01 8.725584e-01 4.096584e-01 1.348773e+00 -7.520074e-01 4.538040e-01 -4.780656e-01 2.402220e+01
-8.315510e-01 2.529945e-01 -4.944863e-01 2.797006e+01 -8.834603e-02 8.186722e-01 5.674247e-01 1.339645e+00 5.483775e-01 5.155285e-01 -6.584166e-01 2.450240e+01
-6.432544e-01 -2.015524e-01 7.386477e-01 2.795107e+01 3.686889e-01 7.639753e-01 5.295377e-01 1.328535e+00 -6.710382e-01 6.129587e-01 -4.171204e-01 2.499777e+01
-7.539985e-01 4.040497e-01 -5.179094e-01 2.790275e+01 -8.731360e-02 7.197985e-01 6.886701e-01 1.321514e+00 6.510473e-01 5.644767e-01 -5.074479e-01 2.525060e+01
-5.832100e-01 -1.405409e-01 8.000714e-01 2.784247e+01 5.153232e-01 6.973508e-01 4.981404e-01 1.314259e+00 -6.279395e-01 7.028159e-01 -3.342780e-01 2.552926e+01
-6.851535e-01 5.001919e-01 -5.295024e-01 2.776962e+01 -4.703972e-02 6.950385e-01 7.174321e-01 1.309554e+00 7.268783e-01 5.164587e-01 -4.526791e-01 2.565319e+01
-7.943453e-01 -5.704240e-02 6.047824e-01 2.772599e+01 3.849380e-01 7.229125e-01 5.737772e-01 1.307434e+00 -4.699344e-01 6.885809e-01 -5.522844e-01 2.557369e+01
-8.086706e-01 3.827285e-01 -4.467335e-01 2.771759e+01 -5.489853e-02 7.069985e-01 7.050811e-01 1.303454e+00 5.856945e-01 5.947033e-01 -5.507176e-01 2.559867e+01
-7.227606e-01 -9.400531e-02 6.846752e-01 2.770805e+01 4.762092e-01 6.502244e-01 5.919738e-01 1.295554e+00 -5.008412e-01 7.539040e-01 -4.251904e-01 2.581758e+01
-8.490469e-01 4.487036e-01 -2.788988e-01 2.772129e+01 4.252512e-02 5.842296e-01 8.104736e-01 1.285256e+00 5.266033e-01 6.762699e-01 -5.151195e-01 2.624134e+01
-6.882155e-01 -7.565198e-02 7.215513e-01 2.771702e+01 5.932176e-01 5.138847e-01 6.196897e-01 1.274087e+00 -4.176749e-01 8.545170e-01 -3.087853e-01 2.671746e+01
-7.697011e-01 5.969874e-01 -2.261996e-01 2.769942e+01 7.640322e-02 4.379140e-01 8.957644e-01 1.264884e+00 6.338160e-01 6.721884e-01 -3.826747e-01 2.707834e+01
-5.508834e-01 5.480482e-02 8.327809e-01 2.772698e+01 7.904415e-01 3.544772e-01 4.995480e-01 1.259932e+00 -2.678242e-01 9.334572e-01 -2.385956e-01 2.725904e+01
-6.606237e-01 7.504589e-01 1.969063e-02 2.775683e+01 3.455051e-01 2.806503e-01 8.954673e-01 1.252097e+00 6.664852e-01 5.983701e-01 -4.446916e-01 2.769307e+01
-5.557753e-01 2.558352e-01 7.909881e-01 2.780401e+01 8.311081e-01 1.930981e-01 5.215098e-01 1.240467e+00 -1.931770e-02 9.472389e-01 -3.199459e-01 2.809538e+01
-5.197031e-01 8.493228e-01 9.251745e-02 2.785273e+01 3.756125e-01 1.298801e-01 9.176309e-01 1.233704e+00 7.673487e-01 5.116463e-01 -3.865153e-01 2.826484e+01
-4.214492e-01 3.209813e-01 8.481460e-01 2.789165e+01 9.044008e-01 8.004990e-02 4.191076e-01 1.224620e+00 6.663172e-02 9.436965e-01 -3.240327e-01 2.850949e+01
-3.850554e-01 9.205994e-01 -6.503121e-02 2.803404e+01 7.939605e-02 1.032470e-01 9.914819e-01 1.229568e+00 9.194719e-01 3.766123e-01 -1.128478e-01 2.822346e+01
-6.707137e-01 1.405401e-01 7.282799e-01 2.821080e+01 7.411307e-01 8.797475e-02 6.655718e-01 1.239264e+00 2.946926e-02 9.861587e-01 -1.631644e-01 2.774152e+01
-7.861324e-01 3.572869e-01 5.043231e-01 2.821860e+01 5.966358e-01 2.257270e-01 7.701124e-01 1.217137e+00 1.613118e-01 9.063076e-01 -3.906215e-01 2.956440e+01
-4.427093e-01 3.381346e-01 8.304658e-01 2.803086e+01 8.853877e-01 1.841809e-02 4.644882e-01 1.201679e+00 1.417640e-01 9.409175e-01 -3.075341e-01 3.108367e+01
-5.864982e-01 7.203785e-01 3.702361e-01 2.832196e+01 6.132775e-01 9.638562e-02 7.839646e-01 1.180027e+00 5.290658e-01 6.868513e-01 -4.983219e-01 3.232444e+01
