9.999970e-01 -6.028583e-04 2.392573e-03 -8.266371e-03 6.010776e-04 9.999995e-01 7.449334e-04 -5.407021e-03 -2.393022e-03 -7.434935e-04 9.999970e-01 1.687989e-01
9.999997e-01 -7.208782e-04 2.837139e-07 -1.150757e-01 7.208782e-04 9.999995e-01 -7.142265e-04 -7.685695e-03 2.316825e-07 7.142271e-04 9.999996e-01 3.542199e-01
9.999857e-01 -1.240614e-03 5.201256e-03 -3.879292e-01 1.233461e-03 9.999983e-01 1.378083e-03 -5.226936e-03 -5.202958e-03 -1.371648e-03 9.999856e-01 4.726880e-01
9.999995e-01 -7.745949e-04 -5.802313e-04 -6.678397e-01 7.739826e-04 9.999991e-01 -1.054776e-03 -1.904969e-03 5.810494e-04 1.054327e-03 9.999992e-01 5.831156e-01
9.999910e-01 -3.163121e-04 4.219121e-03 -8.462344e-01 3.106902e-04 9.999991e-01 1.333061e-03 -5.691394e-05 -4.219540e-03 -1.331739e-03 9.999903e-01 6.624992e-01
9.999988e-01 -8.141885e-04 -1.329162e-03 -1.000177e+00 8.129654e-04 9.999992e-01 -9.204725e-04 9.073142e-04 1.329912e-03 9.193915e-04 9.999986e-01 7.636212e-01
9.999823e-01 -1.062006e-03 5.859345e-03 -1.275140e+00 1.054197e-03 9.999986e-01 1.335666e-03 3.374908e-03 -5.860758e-03 -1.329466e-03 9.999820e-01 8.937784e-01
9.999990e-01 -1.279760e-03 -6.410121e-04 -1.585776e+00 1.279157e-03 9.999987e-01 -9.405429e-04 6.206169e-03 6.422181e-04 9.397228e-04 9.999993e-01 1.043357e+00
9.999810e-01 -8.014044e-04 6.105826e-03 -1.873173e+00 7.945798e-04 9.999991e-01 1.120059e-03 9.195994e-03 -6.106722e-03 -1.115187e-03 9.999808e-01 1.162650e+00
9.999945e-01 -6.702042e-04 -3.260685e-03 -1.972595e+00 6.671588e-04 9.999993e-01 -9.349619e-04 8.608248e-03 3.261313e-03 9.327821e-04 9.999941e-01 1.285110e+00
9.999818e-01 -2.246173e-05 6.040894e-03 -1.969079e+00 1.441314e-05 9.999991e-01 1.332390e-03 5.846240e-03 -6.040923e-03 -1.332279e-03 9.999810e-01 1.375447e+00
9.999959e-01 -8.264172e-04 -2.730440e-03 -2.090341e+00 8.230447e-04 9.999989e-01 -1.236024e-03 6.926930e-03 2.731463e-03 1.233772e-03 9.999954e-01 1.439526e+00
9.999778e-01 -1.536358e-04 6.657686e-03 -2.241440e+00 1.436190e-04 9.999989e-01 1.504993e-03 8.872661e-03 -6.657914e-03 -1.504004e-03 9.999768e-01 1.488253e+00
9.999883e-01 -6.383122e-04 -4.793580e-03 -2.172300e+00 6.341665e-04 9.999994e-01 -8.663130e-04 6.324800e-03 4.794136e-03 8.632639e-04 9.999880e-01 1.523158e+00
9.999750e-01 -4.347456e-04 7.052867e-03 -2.021259e+00 4.211214e-04 9.999980e-01 1.933095e-03 2.748351e-03 -7.053699e-03 -1.930077e-03 9.999734e-01 1.514280e+00
9.999871e-01 -1.846381e-03 -4.738880e-03 -1.737822e+00 1.849128e-03 9.999981e-01 5.754788e-04 -3.135504e-03 4.737814e-03 -5.842329e-04 9.999885e-01 1.471079e+00
9.999766e-01 3.560395e-04 6.835058e-03 -1.517828e+00 -3.637281e-04 9.999993e-01 1.123658e-03 -8.239978e-03 -6.834659e-03 -1.126120e-03 9.999761e-01 1.454911e+00
9.999887e-01 -2.017276e-03 -4.305791e-03 -1.280616e+00 2.020671e-03 9.999977e-01 7.842978e-04 -1.324334e-02 4.304205e-03 -7.929878e-04 9.999903e-01 1.419310e+00
9.999772e-01 1.083609e-03 6.665809e-03 -1.151322e+00 -1.085020e-03 9.999994e-01 2.080936e-04 -1.629811e-02 -6.665586e-03 -2.153232e-04 9.999779e-01 1.413289e+00
9.999933e-01 -1.615698e-03 -3.274274e-03 -1.230687e+00 1.616196e-03 9.999987e-01 1.495767e-04 -1.609202e-02 3.274035e-03 -1.548657e-04 9.999945e-01 1.464926e+00
9.999717e-01 7.480638e-04 7.482619e-03 -1.374553e+00 -7.490566e-04 9.999997e-01 1.298760e-04 -1.460167e-02 -7.482527e-03 -1.354790e-04 9.999721e-01 1.517975e+00
9.999936e-01 -2.652325e-03 -2.391625e-03 -1.652065e+00 2.653081e-03 9.999964e-01 3.129067e-04 -1.091047e-02 2.390794e-03 -3.192480e-04 9.999970e-01 1.600239e+00
9.999745e-01 4.538317e-04 7.127011e-03 -1.908295e+00 -4.533652e-04 9.999999e-01 -6.706219e-05 -8.109857e-03 -7.127048e-03 6.382748e-05 9.999747e-01 1.704377e+00
9.999935e-01 -2.643046e-03 -2.469522e-03 -2.175820e+00 2.643803e-03 9.999965e-01 3.035555e-04 -6.032964e-03 2.468719e-03 -3.100806e-04 9.999968e-01 1.840496e+00
9.999713e-01 2.731899e-04 7.566227e-03 -2.484597e+00 -2.728496e-04 1.000000e+00 -4.599726e-05 -2.734927e-03 -7.566249e-03 4.392960e-05 9.999715e-01 1.968214e+00
9.999924e-01 -2.569442e-03 -2.934056e-03 -2.760477e+00 2.569565e-03 9.999967e-01 3.819364e-05 -4.606126e-04 2.933958e-03 -4.573073e-05 9.999956e-01 2.115410e+00
9.999711e-01 3.592208e-04 7.590891e-03 -3.035179e+00 -3.603527e-04 9.999999e-01 1.477528e-04 2.068193e-03 -7.590847e-03 -1.504858e-04 9.999713e-01 2.252194e+00
9.999928e-01 -2.532534e-03 -2.808921e-03 -3.290283e+00 2.531962e-03 9.999968e-01 -2.072062e-04 4.090880e-03 2.809447e-03 2.000945e-04 9.999959e-01 2.388469e+00
9.999773e-01 1.044631e-03 6.659711e-03 -3.456957e+00 -1.045404e-03 9.999994e-01 1.125989e-04 4.737977e-03 -6.659600e-03 -1.195603e-04 9.999779e-01 2.505165e+00
9.999919e-01 -2.310543e-03 -3.283385e-03 -3.595353e+00 2.309747e-03 9.999973e-01 -2.459288e-04 4.960141e-03 3.283955e-03 2.383449e-04 9.999945e-01 2.620102e+00
9.999753e-01 6.786649e-04 7.001252e-03 -3.785032e+00 -6.801171e-04 9.999997e-01 2.050578e-04 6.033791e-03 -7.001123e-03 -2.098162e-04 9.999756e-01 2.745720e+00
9.999918e-01 -2.373032e-03 -3.287345e-03 -3.976026e+00 2.371891e-03 9.999971e-01 -3.509734e-04 6.997323e-03 3.288181e-03 3.431751e-04 9.999944e-01 2.875674e+00
9.999787e-01 8.422149e-04 6.478779e-03 -4.122291e+00 -8.430030e-04 9.999996e-01 1.189238e-04 6.375134e-03 -6.478689e-03 -1.243846e-04 9.999791e-01 3.035358e+00
9.999910e-01 -1.948453e-03 -3.774543e-03 -4.207876e+00 1.947128e-03 9.999980e-01 -3.548308e-04 5.118881e-03 3.775239e-03 3.474798e-04 9.999927e-01 3.160044e+00
9.999736e-01 3.951608e-04 7.256287e-03 -4.381730e+00 -3.986110e-04 9.999998e-01 4.740376e-04 5.089064e-03 -7.256111e-03 -4.769193e-04 9.999737e-01 3.306910e+00
9.999920e-01 -2.510005e-03 -3.111621e-03 -4.589898e+00 2.507474e-03 9.999965e-01 -8.169348e-04 4.210543e-03 3.113674e-03 8.091277e-04 9.999947e-01 3.514710e+00
9.999802e-01 1.040459e-03 6.206737e-03 -4.695803e+00 -1.044088e-03 9.999993e-01 5.814924e-04 8.611962e-04 -6.206141e-03 -5.879629e-04 9.999807e-01 3.732930e+00
9.999906e-01 -2.630008e-03 -3.447457e-03 -4.818030e+00 2.627815e-03 9.999963e-01 -6.404159e-04 -2.184674e-03 3.449143e-03 6.313522e-04 9.999938e-01 3.942353e+00
9.999629e-01 1.700312e-03 8.444024e-03 -4.755087e+00 -1.711470e-03 9.999977e-01 1.314414e-03 -8.007675e-03 -8.441784e-03 -1.328818e-03 9.999636e-01 4.070441e+00
9.999873e-01 -2.104439e-03 -4.569557e-03 -4.621076e+00 2.102633e-03 9.999977e-01 -3.999970e-04 -1.743048e-02 4.570403e-03 3.903856e-04 9.999894e-01 4.225697e+00
9.999524e-01 -2.979085e-04 9.752428e-03 -4.905223e+00 2.938795e-04 9.999999e-01 4.145748e-04 -1.555584e-02 -9.752566e-03 -4.116908e-04 9.999525e-01 4.389384e+00
9.999825e-01 -1.863737e-03 -5.610822e-03 -5.117720e+00 1.860162e-03 9.999981e-01 -6.423364e-04 -1.666596e-02 5.612024e-03 6.318899e-04 9.999840e-01 4.616127e+00
9.997774e-01 -6.530728e-03 2.006231e-02 -4.460458e+00 6.323980e-03 9.999264e-01 1.035154e-02 -2.001531e-02 -2.012845e-02 -1.022236e-02 9.997452e-01 3.969242e+00
9.993791e-01 -1.745280e-02 3.060737e-02 -2.538229e+00 1.682660e-02 9.996462e-01 2.059878e-02 -1.202747e-02 -3.095602e-02 -2.007096e-02 9.993191e-01 1.126087e+00
9.999751e-01 2.182333e-03 6.709903e-03 -8.395906e-01 -2.210937e-03 9.999885e-01 4.258618e-03 -1.379187e-02 -6.700558e-03 -4.273355e-03 9.999685e-01 -9.023081e-01
9.999403e-01 -6.753774e-03 8.592166e-03 -1.467243e-01 6.709891e-03 9.999644e-01 5.125871e-03 -1.939331e-02 -8.626451e-03 -5.067904e-03 9.999499e-01 -1.527732e+00
9.999777e-01 4.865789e-03 -4.564145e-03 -3.495417e-01 -4.889097e-03 9.999750e-01 -5.109869e-03 -1.867176e-02 4.539140e-03 5.132062e-03 9.999766e-01 -1.381546e+00
9.999395e-01 -6.740418e-03 8.696408e-03 -5.577728e-01 6.694964e-03 9.999638e-01 5.245200e-03 -1.827415e-02 -8.731421e-03 -5.186652e-03 9.999483e-01 -1.222150e+00
9.999819e-01 4.604018e-03 -3.868026e-03 -8.055380e-01 -4.623857e-03 9.999761e-01 -5.136095e-03 -1.694086e-02 3.844258e-03 5.153879e-03 9.999794e-01 -1.065884e+00
9.999521e-01 -6.146928e-03 7.612929e-03 -9.699795e-01 6.107309e-03 9.999677e-01 5.216333e-03 -1.694778e-02 -7.644719e-03 -5.169581e-03 9.999573e-01 -9.233372e-01
9.999804e-01 4.792456e-03 -4.030758e-03 -1.104817e+00 -4.813896e-03 9.999742e-01 -5.326620e-03 -1.733227e-02 4.005097e-03 5.345910e-03 9.999778e-01 -7.949310e-01
9.999298e-01 -7.312471e-03 9.328116e-03 -8.258416e-01 7.237011e-03 9.999410e-01 8.097751e-03 -2.410481e-02 -9.386751e-03 -8.029666e-03 9.999236e-01 -8.400073e-01
9.999985e-01 1.662373e-03 -4.864956e-04 -2.333010e-01 -1.662912e-03 9.999980e-01 -1.111580e-03 -3.638558e-02 4.846161e-04 1.112379e-03 9.999994e-01 -1.076521e+00
9.999509e-01 -5.473072e-03 8.263933e-03 1.845209e-01 5.425699e-03 9.999688e-01 5.743856e-03 -4.558952e-02 -8.295080e-03 -5.698726e-03 9.999493e-01 -1.220194e+00
9.992678e-01 -2.123760e-02 3.182537e-02 1.929986e+00 2.047883e-02 9.995026e-01 2.398107e-02 -3.555745e-02 -3.231888e-02 -2.331177e-02 9.992058e-01 -3.836377e+00
9.992931e-01 -8.263865e-03 3.667378e-02 4.536735e+00 7.667191e-03 9.998364e-01 1.638065e-02 -2.509719e-02 -3.680311e-02 -1.608787e-02 9.991929e-01 -7.636996e+00
9.999530e-01 -1.012133e-03 -9.643630e-03 5.590606e+00 1.013087e-03 9.999995e-01 9.357692e-05 -2.347365e-02 9.643486e-03 -1.033587e-04 9.999536e-01 -9.055761e+00
9.998617e-01 3.876078e-04 1.662552e-02 5.452384e+00 -3.891597e-04 9.999999e-01 8.988785e-05 -2.246221e-02 -1.662544e-02 -9.632901e-05 9.998617e-01 -8.996488e+00
9.999385e-01 -2.812256e-03 -1.072500e-02 5.136126e+00 2.814027e-03 9.999960e-01 1.497047e-04 -1.918197e-02 1.072449e-02 -1.798921e-04 9.999426e-01 -8.865045e+00
9.998627e-01 1.529374e-04 1.656966e-02 4.795220e+00 -1.523488e-04 1.000000e+00 -3.701520e-05 -1.594337e-02 -1.656962e-02 3.450204e-05 9.998626e-01 -8.709593e+00
9.999150e-01 -1.865445e-03 -1.290299e-02 4.663871e+00 1.861278e-03 9.999982e-01 -3.352775e-04 -1.791204e-02 1.290355e-02 3.112168e-04 9.999168e-01 -8.523237e+00
9.998397e-01 4.936038e-04 1.789742e-02 4.898807e+00 -5.288372e-04 9.999979e-01 1.963737e-03 -2.669827e-02 -1.789636e-02 -1.972871e-03 9.998378e-01 -8.476245e+00
9.999122e-01 -1.844065e-03 -1.311949e-02 5.133975e+00 1.839749e-03 9.999983e-01 -3.413299e-04 -3.606348e-02 1.312005e-02 3.171471e-04 9.999140e-01 -8.399864e+00
9.996608e-01 -6.998131e-03 2.508536e-02 5.856920e+00 6.740383e-03 9.999238e-01 1.034456e-02 -4.418454e-02 -2.515579e-02 -1.017195e-02 9.996317e-01 -8.893205e+00
9.998937e-01 4.140148e-03 -1.397986e-02 6.084988e+00 -4.235764e-03 9.999678e-01 -6.817206e-03 -4.857539e-02 1.395113e-02 6.875679e-03 9.998791e-01 -9.007983e+00
9.996666e-01 -6.596788e-03 2.496495e-02 6.535729e+00 6.306165e-03 9.999116e-01 1.170192e-02 -6.209317e-02 -2.503989e-02 -1.154057e-02 9.996197e-01 -9.066023e+00
9.998770e-01 3.805283e-03 -1.521571e-02 6.936483e+00 -3.918367e-03 9.999649e-01 -7.409518e-03 -7.808056e-02 1.518693e-02 7.468209e-03 9.998569e-01 -8.976872e+00
9.996877e-01 -5.972872e-03 2.426504e-02 7.356037e+00 5.684481e-03 9.999126e-01 1.193649e-02 -9.297085e-02 -2.433416e-02 -1.179481e-02 9.996342e-01 -8.953600e+00
9.998732e-01 3.845785e-03 -1.545056e-02 7.647132e+00 -3.978888e-03 9.999552e-01 -8.593635e-03 -1.026431e-01 1.541676e-02 8.654003e-03 9.998438e-01 -8.947596e+00
9.996846e-01 -7.317648e-03 2.402558e-02 8.001259e+00 7.014790e-03 9.998952e-01 1.266564e-02 -1.151870e-01 -2.411569e-02 -1.249309e-02 9.996310e-01 -8.898743e+00
9.998447e-01 5.801339e-03 -1.664443e-02 8.318095e+00 -5.959924e-03 9.999372e-01 -9.494427e-03 -1.286933e-01 1.658825e-02 9.592133e-03 9.998165e-01 -8.802583e+00
9.997403e-01 -7.142124e-03 2.163934e-02 8.295048e+00 6.930008e-03 9.999274e-01 9.861282e-03 -1.385864e-01 -2.170814e-02 -9.708742e-03 9.997171e-01 -8.496825e+00
9.998399e-01 5.527148e-03 -1.701791e-02 8.257936e+00 -5.689798e-03 9.999385e-01 -9.524388e-03 -1.501138e-01 1.696416e-02 9.619672e-03 9.998099e-01 -8.101263e+00
9.997389e-01 -7.289225e-03 2.165417e-02 8.190873e+00 7.077208e-03 9.999264e-01 9.851376e-03 -1.612812e-01 -2.172433e-02 -9.695534e-03 9.997169e-01 -7.688018e+00
9.998370e-01 5.699942e-03 -1.713235e-02 8.163819e+00 -5.863043e-03 9.999378e-01 -9.485334e-03 -1.730278e-01 1.707717e-02 9.584217e-03 9.998083e-01 -7.291286e+00
9.995072e-01 -1.378650e-02 2.820005e-02 8.963570e+00 1.325024e-02 9.997295e-01 1.911534e-02 -1.910310e-01 -2.845590e-02 -1.873224e-02 9.994194e-01 -7.470522e+00
9.998545e-01 8.244605e-03 -1.493630e-02 9.852880e+00 -8.385449e-03 9.999207e-01 -9.392143e-03 -2.144745e-01 1.485763e-02 9.516003e-03 9.998444e-01 -7.652999e+00
9.997629e-01 -9.998032e-03 1.934577e-02 9.767195e+00 9.810525e-03 9.999042e-01 9.762857e-03 -2.217696e-01 -1.944147e-02 -9.570730e-03 9.997651e-01 -7.352242e+00
9.998408e-01 8.901870e-03 -1.546555e-02 9.752052e+00 -9.050199e-03 9.999135e-01 -9.548002e-03 -2.284898e-01 1.537916e-02 9.686428e-03 9.998349e-01 -7.126514e+00
9.997698e-01 -9.638276e-03 1.916889e-02 9.780887e+00 9.449209e-03 9.999061e-01 9.929158e-03 -2.369891e-01 -1.926273e-02 -9.745722e-03 9.997669e-01 -6.892650e+00
9.998249e-01 8.810595e-03 -1.650753e-02 9.779903e+00 -8.970969e-03 9.999130e-01 -9.666881e-03 -2.429631e-01 1.642086e-02 9.813257e-03 9.998171e-01 -6.700079e+00
9.997774e-01 -9.321920e-03 1.892944e-02 9.837622e+00 9.133239e-03 9.999080e-01 1.002941e-02 -2.475651e-01 -1.902113e-02 -9.854274e-03 9.997704e-01 -6.594416e+00
9.998224e-01 8.686449e-03 -1.672751e-02 9.878954e+00 -8.847873e-03 9.999148e-01 -9.600881e-03 -2.509112e-01 1.664263e-02 9.747158e-03 9.998141e-01 -6.521475e+00
9.997580e-01 -9.507230e-03 1.983847e-02 9.801816e+00 9.312949e-03 9.999080e-01 9.862380e-03 -2.508080e-01 -1.993035e-02 -9.675219e-03 9.997545e-01 -6.455754e+00
9.998211e-01 8.605869e-03 -1.684502e-02 9.737843e+00 -8.770567e-03 9.999142e-01 -9.728308e-03 -2.518629e-01 1.675980e-02 9.874288e-03 9.998109e-01 -6.360969e+00
9.997528e-01 -1.004918e-02 1.983032e-02 9.603250e+00 9.850231e-03 9.999004e-01 1.010479e-02 -2.523874e-01 -1.992983e-02 -9.906938e-03 9.997522e-01 -6.226237e+00
9.998382e-01 8.442854e-03 -1.588694e-02 9.552619e+00 -8.601932e-03 9.999133e-01 -9.971999e-03 -2.558877e-01 1.580131e-02 1.010702e-02 9.998242e-01 -6.061970e+00
9.997548e-01 -9.842873e-03 1.983446e-02 9.578591e+00 9.633429e-03 9.998971e-01 1.062732e-02 -2.611789e-01 -1.993696e-02 -1.043362e-02 9.997467e-01 -5.924314e+00
9.998460e-01 7.953134e-03 -1.564233e-02 9.388381e+00 -8.117967e-03 9.999119e-01 -1.050303e-02 -2.607155e-01 1.555735e-02 1.062838e-02 9.998226e-01 -5.781454e+00
9.997668e-01 -9.898627e-03 1.919106e-02 9.191941e+00 9.690718e-03 9.998937e-01 1.089621e-02 -2.606165e-01 -1.929681e-02 -1.070767e-02 9.997564e-01 -5.623431e+00
9.998573e-01 7.628468e-03 -1.507483e-02 8.970656e+00 -7.794031e-03 9.999096e-01 -1.095518e-02 -2.603613e-01 1.498983e-02 1.107109e-02 9.998264e-01 -5.439933e+00
9.998050e-01 -8.306949e-03 1.791323e-02 8.997590e+00 8.108310e-03 9.999052e-01 1.113284e-02 -2.654929e-01 -1.800395e-02 -1.098540e-02 9.997775e-01 -5.280601e+00
9.998461e-01 7.574992e-03 -1.582724e-02 9.008962e+00 -7.744254e-03 9.999132e-01 -1.066104e-02 -2.694256e-01 1.574505e-02 1.078195e-02 9.998180e-01 -5.165557e+00
9.997601e-01 -8.864759e-03 2.002619e-02 8.841805e+00 8.645963e-03 9.999023e-01 1.098547e-02 -2.674378e-01 -2.012156e-02 -1.080967e-02 9.997390e-01 -5.107188e+00
9.998319e-01 7.762854e-03 -1.661295e-02 8.721211e+00 -7.941752e-03 9.999109e-01 -1.073030e-02 -2.665910e-01 1.652811e-02 1.086042e-02 9.998045e-01 -5.038062e+00
9.997431e-01 -9.295904e-03 2.067234e-02 8.537072e+00 9.066952e-03 9.998968e-01 1.114125e-02 -2.650659e-01 -2.077371e-02 -1.095093e-02 9.997241e-01 -4.944956e+00
9.998477e-01 6.857258e-03 -1.604877e-02 8.252670e+00 -7.029640e-03 9.999179e-01 -1.070994e-02 -2.629770e-01 1.597395e-02 1.082110e-02 9.998139e-01 -4.790048e+00
9.997167e-01 -9.818224e-03 2.167959e-02 7.912037e+00 9.576231e-03 9.998910e-01 1.123769e-02 -2.604695e-01 -2.178750e-02 -1.102688e-02 9.997017e-01 -4.608517e+00
9.998584e-01 7.108822e-03 -1.525614e-02 7.581166e+00 -7.275852e-03 9.999139e-01 -1.092147e-02 -2.567093e-01 1.517712e-02 1.103091e-02 9.998241e-01 -4.485886e+00
9.997908e-01 -8.702407e-03 1.851088e-02 7.421875e+00 8.501855e-03 9.999046e-01 1.088519e-02 -2.569955e-01 -1.860378e-02 -1.072551e-02 9.997693e-01 -4.337664e+00
9.998531e-01 7.365592e-03 -1.547531e-02 7.276201e+00 -7.525862e-03 9.999184e-01 -1.032443e-02 -2.571637e-01 1.539794e-02 1.043936e-02 9.998270e-01 -4.212750e+00
9.997820e-01 -9.243244e-03 1.872217e-02 7.113438e+00 9.051395e-03 9.999059e-01 1.030574e-02 -2.583191e-01 -1.881561e-02 -1.013401e-02 9.997715e-01 -4.020972e+00
9.998408e-01 7.702099e-03 -1.609825e-02 6.975294e+00 -7.868874e-03 9.999158e-01 -1.032277e-02 -2.593385e-01 1.601732e-02 1.044778e-02 9.998172e-01 -3.854373e+00
9.997885e-01 -9.228986e-03 1.837863e-02 6.885076e+00 9.041903e-03 9.999067e-01 1.023624e-02 -2.644933e-01 -1.847132e-02 -1.006788e-02 9.997786e-01 -3.575211e+00
9.998496e-01 7.352440e-03 -1.570600e-02 6.779161e+00 -7.514377e-03 9.999190e-01 -1.027697e-02 -2.712177e-01 1.562910e-02 1.039342e-02 9.998239e-01 -3.229189e+00
9.997976e-01 -8.554431e-03 1.820821e-02 6.776784e+00 8.370148e-03 9.999132e-01 1.017276e-02 -2.758801e-01 -1.829359e-02 -1.001828e-02 9.997824e-01 -3.054290e+00
9.999343e-01 5.211249e-03 -1.020861e-02 7.031472e+00 -5.276243e-03 9.999659e-01 -6.350802e-03 -2.737346e-01 1.017510e-02 6.404229e-03 9.999278e-01 -3.462609e+00
9.997054e-01 -1.034907e-02 2.195232e-02 7.411824e+00 1.008255e-02 9.998745e-01 1.221653e-02 -2.701862e-01 -2.207593e-02 -1.199157e-02 9.996843e-01 -4.084270e+00
9.999037e-01 6.032405e-03 -1.250306e-02 7.744318e+00 -6.125052e-03 9.999540e-01 -7.385634e-03 -2.686340e-01 1.245787e-02 7.461485e-03 9.998946e-01 -4.555435e+00
9.998179e-01 -7.117741e-03 1.770717e-02 7.931083e+00 6.962236e-03 9.999368e-01 8.827830e-03 -2.742487e-01 -1.776882e-02 -8.702922e-03 9.998042e-01 -4.554621e+00
9.999215e-01 4.880455e-03 -1.154284e-02 8.224550e+00 -4.950819e-03 9.999693e-01 -6.075921e-03 -2.818249e-01 1.151277e-02 6.132571e-03 9.999150e-01 -4.590263e+00
9.997749e-01 -8.456604e-03 1.946017e-02 8.592459e+00 8.256736e-03 9.999126e-01 1.032777e-02 -2.868359e-01 -1.954573e-02 -1.016475e-02 9.997572e-01 -4.821904e+00
9.998754e-01 6.466719e-03 -1.440335e-02 8.823025e+00 -6.581907e-03 9.999466e-01 -7.964891e-03 -2.906928e-01 1.435101e-02 8.058679e-03 9.998646e-01 -4.923169e+00
9.998309e-01 -6.868524e-03 1.705630e-02 8.941098e+00 6.722367e-03 9.999403e-01 8.611254e-03 -2.961687e-01 -1.711436e-02 -8.495120e-03 9.998174e-01 -4.835015e+00
9.998707e-01 6.140741e-03 -1.486155e-02 9.009253e+00 -6.254107e-03 9.999516e-01 -7.594353e-03 -3.048574e-01 1.481413e-02 7.686296e-03 9.998608e-01 -4.577177e+00
9.998155e-01 -7.611589e-03 1.763358e-02 8.943949e+00 7.469352e-03 9.999392e-01 8.117637e-03 -3.109757e-01 -1.769422e-02 -7.984408e-03 9.998115e-01 -4.302687e+00
9.998536e-01 6.299542e-03 -1.590957e-02 8.926512e+00 -6.423782e-03 9.999492e-01 -7.770717e-03 -3.152519e-01 1.585974e-02 7.871759e-03 9.998433e-01 -4.098336e+00
9.998001e-01 -7.303045e-03 1.861153e-02 9.154342e+00 7.129727e-03 9.999308e-01 9.361356e-03 -3.281176e-01 -1.867854e-02 -9.226769e-03 9.997829e-01 -3.835979e+00
9.998748e-01 6.409638e-03 -1.446822e-02 9.433397e+00 -6.517856e-03 9.999510e-01 -7.445639e-03 -3.421076e-01 1.441972e-02 7.538988e-03 9.998677e-01 -3.610566e+00
9.998024e-01 -7.372113e-03 1.845873e-02 9.583443e+00 7.214045e-03 9.999369e-01 8.614878e-03 -3.518215e-01 -1.852100e-02 -8.479994e-03 9.997924e-01 -3.437368e+00
9.998420e-01 6.732788e-03 -1.645437e-02 9.561394e+00 -6.871173e-03 9.999414e-01 -8.368754e-03 -3.553480e-01 1.639699e-02 8.480472e-03 9.998297e-01 -3.297408e+00
9.997888e-01 -7.747762e-03 1.903498e-02 9.479615e+00 7.581222e-03 9.999325e-01 8.805392e-03 -3.579543e-01 -1.910185e-02 -8.659203e-03 9.997800e-01 -3.143700e+00
9.998600e-01 6.213199e-03 -1.553578e-02 9.328170e+00 -6.349569e-03 9.999416e-01 -8.744522e-03 -3.577239e-01 1.548047e-02 8.841923e-03 9.998412e-01 -3.018491e+00
9.997974e-01 -7.552379e-03 1.865603e-02 9.206400e+00 7.389233e-03 9.999340e-01 8.798022e-03 -3.582227e-01 -1.872117e-02 -8.658366e-03 9.997872e-01 -2.888921e+00
9.998691e-01 5.640787e-03 -1.516767e-02 9.033416e+00 -5.774206e-03 9.999449e-01 -8.767495e-03 -3.588526e-01 1.511731e-02 8.853908e-03 9.998466e-01 -2.717543e+00
9.998006e-01 -7.198142e-03 1.862827e-02 8.971248e+00 7.038744e-03 9.999382e-01 8.607844e-03 -3.641183e-01 -1.868900e-02 -8.474988e-03 9.997893e-01 -2.470364e+00
9.998679e-01 6.196329e-03 -1.502846e-02 8.947009e+00 -6.325640e-03 9.999432e-01 -8.572780e-03 -3.712323e-01 1.497441e-02 8.666692e-03 9.998504e-01 -2.228867e+00
9.997940e-01 -8.245499e-03 1.854456e-02 8.751852e+00 8.085121e-03 9.999294e-01 8.706215e-03 -3.724567e-01 -1.861496e-02 -8.554467e-03 9.997900e-01 -2.025873e+00
9.998679e-01 5.846894e-03 -1.516792e-02 8.559988e+00 -5.979436e-03 9.999442e-01 -8.708365e-03 -3.753318e-01 1.511608e-02 8.797890e-03 9.998471e-01 -1.752675e+00
9.997852e-01 -8.093093e-03 1.907888e-02 8.356693e+00 7.930801e-03 9.999319e-01 8.566281e-03 -3.764652e-01 -1.914683e-02 -8.413111e-03 9.997812e-01 -1.529570e+00
9.998582e-01 6.302715e-03 -1.561510e-02 8.179406e+00 -6.434592e-03 9.999439e-01 -8.410258e-03 -3.757310e-01 1.556114e-02 8.509523e-03 9.998428e-01 -1.394677e+00
9.997916e-01 -7.766022e-03 1.887673e-02 8.021545e+00 7.606374e-03 9.999348e-01 8.514059e-03 -3.749635e-01 -1.894155e-02 -8.368682e-03 9.997855e-01 -1.284826e+00
9.998585e-01 6.467958e-03 -1.552848e-02 7.877731e+00 -6.597806e-03 9.999436e-01 -8.325863e-03 -3.739396e-01 1.547368e-02 8.427119e-03 9.998448e-01 -1.195330e+00
9.997839e-01 -7.902237e-03 1.922735e-02 7.712924e+00 7.741733e-03 9.999347e-01 8.407411e-03 -3.729548e-01 -1.929246e-02 -8.256722e-03 9.997797e-01 -1.095309e+00
9.998420e-01 6.855203e-03 -1.640216e-02 7.667386e+00 -6.990856e-03 9.999417e-01 -8.227986e-03 -3.754601e-01 1.634473e-02 8.341332e-03 9.998317e-01 -9.649770e-01
9.997865e-01 -7.865349e-03 1.910609e-02 7.602686e+00 7.705839e-03 9.999350e-01 8.407528e-03 -3.785120e-01 -1.917090e-02 -8.258486e-03 9.997820e-01 -8.216164e-01
9.998939e-01 5.551018e-03 -1.347110e-02 7.311973e+00 -5.660761e-03 9.999510e-01 -8.122839e-03 -3.754190e-01 1.342527e-02 8.198214e-03 9.998763e-01 -7.101024e-01
9.997984e-01 -7.592347e-03 1.858477e-02 7.061007e+00 7.442263e-03 9.999392e-01 8.131115e-03 -3.731636e-01 -1.864530e-02 -7.991144e-03 9.997941e-01 -5.848327e-01
9.998684e-01 5.279508e-03 -1.534354e-02 6.839707e+00 -5.398685e-03 9.999555e-01 -7.736854e-03 -3.735502e-01 1.530193e-02 7.818651e-03 9.998524e-01 -3.790413e-01
9.997629e-01 -7.470638e-03 2.045464e-02 6.733499e+00 7.313598e-03 9.999433e-01 7.741150e-03 -3.830701e-01 -2.051123e-02 -7.589699e-03 9.997607e-01 3.493395e-02
9.998790e-01 6.192575e-03 -1.426874e-02 6.872958e+00 -6.283388e-03 9.999602e-01 -6.329139e-03 -3.994960e-01 1.422890e-02 6.418010e-03 9.998782e-01 3.759384e-01
9.997708e-01 -7.195270e-03 2.016343e-02 6.921572e+00 7.059225e-03 9.999519e-01 6.809771e-03 -4.125571e-01 -2.021138e-02 -6.665853e-03 9.997734e-01 6.947029e-01
9.998698e-01 5.194108e-03 -1.528129e-02 6.837420e+00 -5.298402e-03 9.999629e-01 -6.793005e-03 -4.228744e-01 1.524537e-02 6.873068e-03 9.998602e-01 1.103752e+00
9.997770e-01 -6.899906e-03 1.995560e-02 6.780119e+00 6.759533e-03 9.999520e-01 7.092781e-03 -4.335865e-01 -2.000351e-02 -6.956291e-03 9.997756e-01 1.488359e+00
9.998621e-01 4.700793e-03 -1.592730e-02 6.642136e+00 -4.812281e-03 9.999641e-01 -6.969346e-03 -4.412975e-01 1.589389e-02 7.045013e-03 9.998489e-01 1.850968e+00
9.997590e-01 -6.236424e-03 2.104714e-02 6.633464e+00 6.090924e-03 9.999572e-01 6.969704e-03 -4.531167e-01 -2.108963e-02 -6.839810e-03 9.997541e-01 2.245590e+00
9.998430e-01 5.268930e-03 -1.691811e-02 6.663228e+00 -5.376475e-03 9.999656e-01 -6.318182e-03 -4.642137e-01 1.688416e-02 6.408132e-03 9.998370e-01 2.556009e+00
9.997735e-01 -6.862213e-03 2.014661e-02 6.564304e+00 6.729989e-03 9.999554e-01 6.623131e-03 -4.705805e-01 -2.019108e-02 -6.486026e-03 9.997750e-01 2.827274e+00
9.998650e-01 4.953106e-03 -1.566865e-02 6.456776e+00 -5.058645e-03 9.999647e-01 -6.703825e-03 -4.780463e-01 1.563481e-02 6.782164e-03 9.998548e-01 3.174842e+00
9.997832e-01 -6.781866e-03 1.968408e-02 6.356882e+00 6.652848e-03 9.999560e-01 6.612096e-03 -4.859782e-01 -1.972797e-02 -6.479690e-03 9.997843e-01 3.526175e+00
9.998643e-01 5.335650e-03 -1.558596e-02 6.321481e+00 -5.439547e-03 9.999632e-01 -6.631927e-03 -4.975114e-01 1.554992e-02 6.715789e-03 9.998566e-01 3.944467e+00
9.997845e-01 -7.364912e-03 1.940634e-02 6.199028e+00 7.232924e-03 9.999503e-01 6.862261e-03 -5.055917e-01 -1.945584e-02 -6.720400e-03 9.997881e-01 4.328153e+00
9.998551e-01 4.638342e-03 -1.638072e-02 5.983532e+00 -4.750004e-03 9.999657e-01 -6.784986e-03 -5.093860e-01 1.634861e-02 6.861793e-03 9.998429e-01 4.650933e+00
9.997767e-01 -7.075598e-03 1.991085e-02 5.809778e+00 6.942622e-03 9.999532e-01 6.739328e-03 -5.158250e-01 -1.995752e-02 -6.599572e-03 9.997790e-01 5.035094e+00
9.998603e-01 4.145167e-03 -1.619600e-02 5.603306e+00 -4.249094e-03 9.999706e-01 -6.388280e-03 -5.223964e-01 1.616896e-02 6.456188e-03 9.998485e-01 5.426239e+00
9.997802e-01 -7.228115e-03 1.967930e-02 5.355664e+00 7.101297e-03 9.999536e-01 6.506104e-03 -5.266282e-01 -1.972533e-02 -6.364908e-03 9.997851e-01 5.781367e+00
9.998778e-01 3.861452e-03 -1.514823e-02 5.047718e+00 -3.960255e-03 9.999710e-01 -6.498466e-03 -5.287870e-01 1.512262e-02 6.557646e-03 9.998642e-01 6.114811e+00
9.997852e-01 -7.068405e-03 1.948408e-02 4.764790e+00 6.945172e-03 9.999555e-01 6.384801e-03 -5.313985e-01 -1.952826e-02 -6.248092e-03 9.997897e-01 6.449588e+00
9.998670e-01 4.052107e-03 -1.579979e-02 4.526094e+00 -4.154205e-03 9.999707e-01 -6.435156e-03 -5.354219e-01 1.577317e-02 6.499919e-03 9.998545e-01 6.803427e+00
9.997837e-01 -6.510691e-03 1.975222e-02 4.357631e+00 6.386771e-03 9.999596e-01 6.329893e-03 -5.423851e-01 -1.979255e-02 -6.202354e-03 9.997848e-01 7.193240e+00
9.998648e-01 4.054423e-03 -1.593446e-02 4.191750e+00 -4.150895e-03 9.999732e-01 -6.026462e-03 -5.508835e-01 1.590951e-02 6.091773e-03 9.998550e-01 7.612996e+00
9.997819e-01 -7.034854e-03 1.966138e-02 3.965508e+00 6.916645e-03 9.999576e-01 6.073402e-03 -5.568312e-01 -1.970319e-02 -5.936070e-03 9.997882e-01 8.014766e+00
9.998657e-01 4.324489e-03 -1.581167e-02 3.773091e+00 -4.419255e-03 9.999725e-01 -5.964043e-03 -5.644225e-01 1.578536e-02 6.033100e-03 9.998573e-01 8.441976e+00
9.997730e-01 -6.721118e-03 2.021783e-02 3.623092e+00 6.600039e-03 9.999599e-01 6.049125e-03 -5.745209e-01 -2.025759e-02 -5.914297e-03 9.997772e-01 8.911025e+00
9.998649e-01 4.299009e-03 -1.586819e-02 3.469323e+00 -4.393268e-03 9.999729e-01 -5.910637e-03 -5.847078e-01 1.584226e-02 5.979534e-03 9.998567e-01 9.379895e+00
9.997834e-01 -7.086622e-03 1.956832e-02 3.261310e+00 6.970472e-03 9.999577e-01 5.997038e-03 -5.907664e-01 -1.960991e-02 -5.859323e-03 9.997905e-01 9.757480e+00
9.998610e-01 4.440884e-03 -1.607120e-02 3.061734e+00 -4.539931e-03 9.999709e-01 -6.132314e-03 -5.955875e-01 1.604342e-02 6.204408e-03 9.998521e-01 1.010767e+01
9.997835e-01 -7.034033e-03 1.957966e-02 2.859356e+00 6.912966e-03 9.999566e-01 6.243720e-03 -6.001934e-01 -1.962265e-02 -6.107000e-03 9.997887e-01 1.043130e+01
9.998666e-01 4.242178e-03 -1.577507e-02 2.611492e+00 -4.340687e-03 9.999713e-01 -6.216178e-03 -6.022037e-01 1.574816e-02 6.283807e-03 9.998563e-01 1.071610e+01
9.997835e-01 -7.166365e-03 1.953147e-02 2.351294e+00 7.045083e-03 9.999555e-01 6.270912e-03 -6.047028e-01 -1.957546e-02 -6.131939e-03 9.997895e-01 1.102661e+01
9.998806e-01 3.607801e-03 -1.502518e-02 2.031073e+00 -3.700832e-03 9.999741e-01 -6.169073e-03 -6.072046e-01 1.500245e-02 6.223926e-03 9.998682e-01 1.138519e+01
9.997970e-01 -6.658576e-03 1.901507e-02 1.778297e+00 6.546507e-03 9.999609e-01 5.949427e-03 -6.112089e-01 -1.905385e-02 -5.823722e-03 9.998014e-01 1.175040e+01
9.998730e-01 4.212149e-03 -1.537049e-02 1.601253e+00 -4.299829e-03 9.999746e-01 -5.676436e-03 -6.173188e-01 1.534611e-02 5.741790e-03 9.998658e-01 1.210541e+01
9.997845e-01 -7.498013e-03 1.935939e-02 1.339079e+00 7.391201e-03 9.999571e-01 5.582605e-03 -6.224472e-01 -1.940034e-02 -5.438298e-03 9.997969e-01 1.250981e+01
9.998708e-01 4.921119e-03 -1.530468e-02 1.171942e+00 -5.009412e-03 9.999710e-01 -5.736634e-03 -6.298042e-01 1.527592e-02 5.812545e-03 9.998665e-01 1.291882e+01
9.997796e-01 -7.241785e-03 1.970260e-02 9.953105e-01 7.133932e-03 9.999592e-01 5.538427e-03 -6.342426e-01 -1.974182e-02 -5.396635e-03 9.997905e-01 1.320529e+01
9.998743e-01 4.713670e-03 -1.513821e-02 7.196233e-01 -4.795261e-03 9.999741e-01 -5.358576e-03 -6.327643e-01 1.511247e-02 5.430479e-03 9.998711e-01 1.338250e+01
9.997612e-01 -7.441537e-03 2.054660e-02 4.018458e-01 7.327945e-03 9.999575e-01 5.597885e-03 -6.303048e-01 -2.058729e-02 -5.445969e-03 9.997732e-01 1.355511e+01
9.998905e-01 4.343153e-03 -1.414628e-02 3.331680e-02 -4.419237e-03 9.999759e-01 -5.352186e-03 -6.275027e-01 1.412261e-02 5.414101e-03 9.998857e-01 1.374470e+01
9.997772e-01 -7.547536e-03 1.971163e-02 -3.013952e-01 7.442078e-03 9.999576e-01 5.417522e-03 -6.269256e-01 -1.975160e-02 -5.269605e-03 9.997910e-01 1.399850e+01
9.998798e-01 4.353663e-03 -1.488508e-02 -6.109852e-01 -4.434107e-03 9.999757e-01 -5.376223e-03 -6.272994e-01 1.486123e-02 5.441564e-03 9.998748e-01 1.427012e+01
9.997793e-01 -7.656144e-03 1.956249e-02 -9.084676e-01 7.555035e-03 9.999577e-01 5.236785e-03 -6.299727e-01 -1.960167e-02 -5.087820e-03 9.997948e-01 1.461642e+01
9.998978e-01 3.708205e-03 -1.380623e-02 -1.245865e+00 -3.781352e-03 9.999789e-01 -5.276411e-03 -6.337070e-01 1.378628e-02 5.328065e-03 9.998908e-01 1.502318e+01
9.998006e-01 -7.143621e-03 1.864384e-02 -1.499341e+00 7.043132e-03 9.999603e-01 5.449628e-03 -6.437124e-01 -1.868194e-02 -5.317217e-03 9.998113e-01 1.558516e+01
9.999067e-01 3.659382e-03 -1.316490e-02 -1.755684e+00 -3.733762e-03 9.999772e-01 -5.630400e-03 -6.520070e-01 1.314391e-02 5.679015e-03 9.998976e-01 1.608449e+01
9.998211e-01 -7.126552e-03 1.752136e-02 -2.025710e+00 7.028640e-03 9.999594e-01 5.642951e-03 -6.589344e-01 -1.756077e-02 -5.518777e-03 9.998305e-01 1.656148e+01
9.999115e-01 4.026393e-03 -1.268538e-02 -2.246928e+00 -4.100132e-03 9.999748e-01 -5.792927e-03 -6.661013e-01 1.266165e-02 5.844412e-03 9.999028e-01 1.700764e+01
9.998280e-01 -6.719564e-03 1.728264e-02 -2.484591e+00 6.625205e-03 9.999629e-01 5.510804e-03 -6.683977e-01 -1.731894e-02 -5.395343e-03 9.998354e-01 1.729978e+01
9.999302e-01 4.528218e-03 -1.091318e-02 -2.242408e+00 -4.568297e-03 9.999829e-01 -3.651146e-03 -6.777449e-01 1.089637e-02 3.700733e-03 9.999339e-01 1.737907e+01
9.998546e-01 -5.829929e-03 1.602256e-02 -2.024443e+00 5.745167e-03 9.999693e-01 5.330630e-03 -6.885008e-01 -1.605306e-02 -5.237791e-03 9.998573e-01 1.750449e+01
9.999210e-01 5.321742e-03 -1.139384e-02 -2.026384e+00 -5.382972e-03 9.999712e-01 -5.350780e-03 -6.912828e-01 1.136494e-02 5.411676e-03 9.999208e-01 1.758367e+01
9.998627e-01 -6.498961e-03 1.524133e-02 -2.074449e+00 6.421937e-03 9.999664e-01 5.096624e-03 -6.980750e-01 -1.527385e-02 -4.998033e-03 9.998708e-01 1.785436e+01
9.999433e-01 4.493893e-03 -9.658150e-03 -2.143645e+00 -4.544366e-03 9.999761e-01 -5.211198e-03 -7.104362e-01 9.634411e-03 5.254779e-03 9.999399e-01 1.833265e+01
9.998789e-01 -6.063076e-03 1.433215e-02 -2.188737e+00 5.986682e-03 9.999677e-01 5.366659e-03 -7.223114e-01 -1.436413e-02 -5.280195e-03 9.998828e-01 1.875763e+01
9.999322e-01 4.963003e-03 -1.053913e-02 -2.194077e+00 -5.018519e-03 9.999736e-01 -5.248472e-03 -7.305567e-01 1.051271e-02 5.300994e-03 9.999308e-01 1.903535e+01
9.998889e-01 -5.849677e-03 1.370615e-02 -2.210095e+00 5.779434e-03 9.999700e-01 5.158418e-03 -7.351832e-01 -1.373582e-02 -5.078619e-03 9.998927e-01 1.920365e+01
9.999449e-01 4.979587e-03 -9.248613e-03 -2.196407e+00 -5.029076e-03 9.999731e-01 -5.336427e-03 -7.434298e-01 9.221701e-03 5.382632e-03 9.999431e-01 1.946565e+01
9.998822e-01 -6.176455e-03 1.404956e-02 -2.193811e+00 6.100234e-03 9.999665e-01 5.461050e-03 -7.540409e-01 -1.408272e-02 -5.374689e-03 9.998863e-01 1.979650e+01
9.999516e-01 4.520420e-03 -8.740976e-03 -2.172678e+00 -4.568037e-03 9.999748e-01 -5.436176e-03 -7.651251e-01 8.716091e-03 5.475830e-03 9.999471e-01 2.012437e+01
9.998481e-01 -6.953110e-03 1.598108e-02 -1.937266e+00 6.831391e-03 9.999473e-01 7.657989e-03 -7.739011e-01 -1.603339e-02 -7.547640e-03 9.998429e-01 2.013698e+01
9.999366e-01 5.198409e-03 -9.987190e-03 -1.759586e+00 -5.261559e-03 9.999663e-01 -6.308097e-03 -7.802075e-01 9.953969e-03 6.360233e-03 9.999303e-01 2.016754e+01
9.998765e-01 -6.529871e-03 1.429268e-02 -1.693795e+00 6.431274e-03 9.999553e-01 6.933008e-03 -7.878681e-01 -1.433723e-02 -6.840220e-03 9.998738e-01 2.033503e+01
9.999726e-01 3.723743e-03 -6.396319e-03 -1.453575e+00 -3.747931e-03 9.999859e-01 -3.775080e-03 -7.911852e-01 6.382079e-03 3.798937e-03 9.999725e-01 2.015654e+01
9.998619e-01 -5.492120e-03 1.568568e-02 -1.207160e+00 5.381373e-03 9.999604e-01 7.093393e-03 -7.941333e-01 -1.572393e-02 -7.007991e-03 9.998517e-01 1.993855e+01
9.999513e-01 4.125360e-03 -8.972884e-03 -9.263923e-01 -4.173254e-03 9.999771e-01 -5.326474e-03 -8.092814e-01 8.950612e-03 5.363648e-03 9.999456e-01 2.012495e+01
9.998830e-01 -5.317365e-03 1.434067e-02 -7.779203e-01 5.226953e-03 9.999663e-01 6.334160e-03 -8.223840e-01 -1.437378e-02 -6.258449e-03 9.998770e-01 2.037763e+01
9.999550e-01 4.128189e-03 -8.548919e-03 -6.773081e-01 -4.178561e-03 9.999740e-01 -5.883710e-03 -8.329251e-01 8.524315e-03 5.919154e-03 9.999462e-01 2.060751e+01
9.997551e-01 -1.068692e-02 1.937784e-02 -1.158785e-01 1.043201e-02 9.998583e-01 1.320825e-02 -8.415615e-01 -1.951616e-02 -1.300285e-02 9.997249e-01 2.029529e+01
9.999988e-01 8.912082e-04 1.306147e-03 1.205219e+00 -8.943466e-04 9.999967e-01 2.411186e-03 -8.682223e-01 -1.304088e-03 -2.412365e-03 9.999963e-01 1.976235e+01
9.998638e-01 -7.500997e-03 1.470141e-02 2.312959e+00 7.387097e-03 9.999424e-01 7.785991e-03 -9.045161e-01 -1.475887e-02 -7.676317e-03 9.998615e-01 1.978947e+01
9.997539e-01 -1.500417e-02 1.634269e-02 3.964664e+00 1.469655e-02 9.997156e-01 1.878374e-02 -9.023050e-01 -1.661997e-02 -1.853895e-02 9.996901e-01 1.765899e+01
9.996323e-01 -2.942434e-03 2.695300e-02 6.087510e+00 2.681876e-03 9.999494e-01 9.697768e-03 -9.211298e-01 -2.698007e-02 -9.621904e-03 9.995896e-01 1.577826e+01
9.997986e-01 1.876191e-03 -1.998168e-02 6.173592e+00 -2.051340e-03 9.999596e-01 -8.749198e-03 -9.435495e-01 1.996436e-02 8.788411e-03 9.997621e-01 1.638609e+01
9.996858e-01 -3.305735e-03 2.484518e-02 6.159097e+00 3.058834e-03 9.999456e-01 9.968623e-03 -9.596937e-01 -2.487668e-02 -9.889480e-03 9.996415e-01 1.694025e+01
9.998687e-01 2.389362e-03 -1.602956e-02 6.310231e+00 -2.534004e-03 9.999562e-01 -9.009999e-03 -9.831451e-01 1.600723e-02 9.049420e-03 9.998310e-01 1.759464e+01
9.996396e-01 -3.328235e-03 2.663595e-02 6.828835e+00 2.985715e-03 9.999125e-01 1.288836e-02 -1.019258e+00 -2.667642e-02 -1.280417e-02 9.995621e-01 1.825250e+01
9.999028e-01 9.858372e-04 -1.390774e-02 7.566632e+00 -1.078007e-03 9.999775e-01 -6.622204e-03 -1.056522e+00 1.390080e-02 6.636538e-03 9.998814e-01 1.865324e+01
9.996470e-01 -3.012367e-03 2.639645e-02 8.378733e+00 2.656455e-03 9.999052e-01 1.350761e-02 -1.094304e+00 -2.643454e-02 -1.343271e-02 9.995602e-01 1.896554e+01
9.998976e-01 2.248074e-03 -1.413539e-02 8.989366e+00 -2.385404e-03 9.999500e-01 -9.706936e-03 -1.135235e+00 1.411277e-02 9.739645e-03 9.998530e-01 1.959484e+01
9.996984e-01 -2.977870e-03 2.437735e-02 9.237241e+00 2.704633e-03 9.999332e-01 1.123346e-02 -1.168911e+00 -2.440908e-02 -1.116413e-02 9.996397e-01 2.042588e+01
9.999030e-01 -1.357325e-02 -3.130017e-03 1.072343e+01 1.359849e-02 9.998740e-01 8.184306e-03 -1.195542e+00 3.018437e-03 -8.226090e-03 9.999617e-01 1.981506e+01
9.992036e-01 -3.301641e-03 3.976355e-02 1.307492e+01 2.535822e-03 9.998106e-01 1.929407e-02 -1.235420e+00 -3.981962e-02 -1.917785e-02 9.990228e-01 1.858896e+01
9.995423e-01 1.942022e-03 -3.019256e-02 1.352521e+01 -2.441530e-03 9.998606e-01 -1.651656e-02 -1.266393e+00 3.015617e-02 1.658270e-02 9.994077e-01 1.909316e+01
9.993042e-01 -4.023426e-03 3.707895e-02 1.353737e+01 3.352715e-03 9.998300e-01 1.813282e-02 -1.290846e+00 -3.714550e-02 -1.799588e-02 9.991478e-01 1.989379e+01
9.996022e-01 2.826101e-03 -2.806482e-02 1.369709e+01 -3.274036e-03 9.998678e-01 -1.592818e-02 -1.322260e+00 2.801600e-02 1.601371e-02 9.994792e-01 2.078402e+01
9.992854e-01 -5.672380e-03 3.736863e-02 1.373749e+01 5.015949e-03 9.998319e-01 1.763641e-02 -1.350373e+00 -3.746229e-02 -1.743636e-02 9.991459e-01 2.163841e+01
9.995343e-01 3.612831e-03 -3.030263e-02 1.372569e+01 -4.117977e-03 9.998533e-01 -1.662476e-02 -1.372154e+00 3.023802e-02 1.674178e-02 9.994026e-01 2.237805e+01
9.992666e-01 -5.330047e-03 3.791840e-02 1.376785e+01 4.624438e-03 9.998150e-01 1.867170e-02 -1.399594e+00 -3.801080e-02 -1.848264e-02 9.991063e-01 2.325575e+01
9.995409e-01 3.624390e-03 -3.008247e-02 1.382175e+01 -4.140289e-03 9.998451e-01 -1.710549e-02 -1.425106e+00 3.001571e-02 1.722217e-02 9.994011e-01 2.404621e+01
9.992357e-01 -5.203628e-03 3.873966e-02 1.390854e+01 4.459109e-03 9.998042e-01 1.927984e-02 -1.453840e+00 -3.883230e-02 -1.909234e-02 9.990633e-01 2.492047e+01
9.996956e-01 2.171129e-03 -2.457838e-02 1.447945e+01 -2.513306e-03 9.999002e-01 -1.390022e-02 -1.486211e+00 2.454565e-02 1.395775e-02 9.996013e-01 2.537255e+01
9.986854e-01 -1.694495e-02 4.837660e-02 1.619617e+01 1.530691e-02 9.993035e-01 3.403186e-02 -1.525194e+00 -4.891947e-02 -3.324661e-02 9.982492e-01 2.484965e+01
9.998778e-01 3.212931e-03 -1.530409e-02 1.826160e+01 -3.368166e-03 9.999430e-01 -1.012952e-02 -1.574341e+00 1.527057e-02 1.017982e-02 9.998316e-01 2.422583e+01
9.994887e-01 -5.609219e-03 3.147690e-02 1.917669e+01 5.024916e-03 9.998142e-01 1.861093e-02 -1.622997e+00 -3.157535e-02 -1.844323e-02 9.993312e-01 2.475350e+01
9.997599e-01 2.827747e-03 -2.172959e-02 1.923544e+01 -3.183917e-03 9.998609e-01 -1.637476e-02 -1.655287e+00 2.168016e-02 1.644000e-02 9.996298e-01 2.568783e+01
9.996105e-01 -5.687808e-03 2.732006e-02 1.917541e+01 5.177018e-03 9.998112e-01 1.873042e-02 -1.678461e+00 -2.742133e-02 -1.858168e-02 9.994512e-01 2.648668e+01
9.998347e-01 3.598830e-03 -1.782543e-02 1.951395e+01 -3.874428e-03 9.998731e-01 -1.545163e-02 -1.705923e+00 1.776747e-02 1.551813e-02 9.997218e-01 2.702025e+01
9.996026e-01 -4.092800e-03 2.788699e-02 1.981023e+01 3.602153e-03 9.998382e-01 1.762111e-02 -1.738812e+00 -2.795450e-02 -1.751364e-02 9.994557e-01 2.771408e+01
9.998132e-01 -1.860278e-02 5.246870e-03 2.155840e+01 1.855519e-02 9.997875e-01 8.981332e-03 -1.750584e+00 -5.412931e-03 -8.882311e-03 9.999459e-01 2.604668e+01
9.964581e-01 -2.252612e-02 8.101733e-02 2.527200e+01 1.901872e-02 9.988590e-01 4.380601e-02 -1.759198e+00 -8.191157e-02 -4.210999e-02 9.957495e-01 2.164126e+01
9.992275e-01 4.992779e-03 -3.898136e-02 2.756574e+01 -5.561248e-03 9.998796e-01 -1.448883e-02 -1.796230e+00 3.890423e-02 1.469441e-02 9.991349e-01 2.029027e+01
9.987525e-01 -7.126815e-03 4.942108e-02 2.770129e+01 6.305943e-03 9.998399e-01 1.674547e-02 -1.831506e+00 -4.953242e-02 -1.641292e-02 9.986376e-01 2.127903e+01
9.992081e-01 6.182546e-03 -3.930809e-02 2.813045e+01 -6.694617e-03 9.998943e-01 -1.290938e-02 -1.870796e+00 3.922403e-02 1.316229e-02 9.991438e-01 2.213832e+01
9.987260e-01 -7.819929e-03 4.984999e-02 2.859217e+01 7.016046e-03 9.998428e-01 1.628030e-02 -1.907291e+00 -4.996937e-02 -1.590980e-02 9.986240e-01 2.291054e+01
9.991818e-01 6.414297e-03 -3.993471e-02 2.903911e+01 -6.934906e-03 9.998926e-01 -1.291216e-02 -1.940899e+00 3.984751e-02 1.317853e-02 9.991189e-01 2.359231e+01
9.986603e-01 -9.392497e-03 5.088519e-02 2.975841e+01 8.484883e-03 9.998016e-01 1.802289e-02 -1.975277e+00 -5.104428e-02 -1.756697e-02 9.985418e-01 2.403922e+01
9.991989e-01 6.312537e-03 -3.951899e-02 3.057045e+01 -6.777416e-03 9.999093e-01 -1.164107e-02 -2.012331e+00 3.944183e-02 1.189956e-02 9.991510e-01 2.444277e+01
9.987044e-01 -8.943354e-03 5.009332e-02 3.129962e+01 8.101862e-03 9.998231e-01 1.697604e-02 -2.047949e+00 -5.023619e-02 -1.654819e-02 9.986002e-01 2.491157e+01
9.992162e-01 6.038071e-03 -3.912323e-02 3.203106e+01 -6.482017e-03 9.999159e-01 -1.123101e-02 -2.084034e+00 3.905203e-02 1.147579e-02 9.991713e-01 2.538247e+01
