9.999778e-01 -3.877230e-03 5.415882e-03 -3.303637e-01 3.877712e-03 9.999925e-01 -7.837925e-05 -3.650551e-03 -5.415537e-03 9.937827e-05 9.999854e-01 3.944008e-01
9.999994e-01 1.032394e-03 -2.729565e-04 -5.008086e-01 -1.032473e-03 9.999994e-01 -2.881604e-04 -1.071121e-02 2.726599e-04 2.884425e-04 9.999998e-01 7.879479e-01
9.999572e-01 -4.025400e-03 8.335268e-03 -1.473009e-01 3.997765e-03 9.999865e-01 3.329471e-03 -2.845609e-02 -8.348559e-03 -3.296007e-03 9.999598e-01 9.608911e-01
9.999929e-01 1.567303e-03 -3.412570e-03 -3.085307e-01 -1.578662e-03 9.999932e-01 -3.328371e-03 -3.718148e-02 3.407333e-03 3.333735e-03 9.999885e-01 1.357859e+00
9.999512e-01 -4.740589e-03 8.672325e-03 -5.496901e-01 4.715436e-03 9.999846e-01 2.918442e-03 -4.343018e-02 -8.686029e-03 -2.877406e-03 9.999582e-01 1.795642e+00
9.999849e-01 3.490376e-03 -4.237363e-03 -5.203654e-01 -3.500738e-03 9.999909e-01 -2.440388e-03 -5.382964e-02 4.228810e-03 2.455186e-03 9.999879e-01 2.075052e+00
9.999424e-01 -4.626731e-03 9.682742e-03 -5.118650e-01 4.602160e-03 9.999861e-01 2.558376e-03 -6.448370e-02 -9.694449e-03 -2.513667e-03 9.999499e-01 2.365159e+00
9.999845e-01 1.893487e-03 -5.228421e-03 -7.751981e-01 -1.904437e-03 9.999960e-01 -2.089989e-03 -6.645747e-02 5.224447e-03 2.099915e-03 9.999840e-01 2.632916e+00
9.999297e-01 -4.871312e-03 1.080823e-02 -1.079370e+00 4.854504e-03 9.999870e-01 1.580787e-03 -6.684743e-02 -1.081579e-02 -1.528208e-03 9.999404e-01 2.895265e+00
9.999735e-01 2.589538e-03 -6.807434e-03 -1.240099e+00 -2.599852e-03 9.999955e-01 -1.506678e-03 -7.286860e-02 6.803507e-03 1.524337e-03 9.999756e-01 3.227430e+00
9.999283e-01 -5.241941e-03 1.076618e-02 -1.429096e+00 5.224652e-03 9.999850e-01 1.633359e-03 -7.959334e-02 -1.077458e-02 -1.576994e-03 9.999408e-01 3.614450e+00
9.999755e-01 3.360583e-03 -6.135859e-03 -1.526279e+00 -3.370581e-03 9.999930e-01 -1.619737e-03 -8.629485e-02 6.130379e-03 1.640379e-03 9.999798e-01 3.913271e+00
9.999418e-01 -4.353156e-03 9.869993e-03 -1.460669e+00 4.330739e-03 9.999880e-01 2.291530e-03 -9.309548e-02 -9.879856e-03 -2.248653e-03 9.999488e-01 4.057316e+00
9.999765e-01 3.099427e-03 -6.115552e-03 -1.421704e+00 -3.108992e-03 9.999940e-01 -1.555093e-03 -9.732923e-02 6.110702e-03 1.574071e-03 9.999800e-01 4.146026e+00
9.999410e-01 -3.943411e-03 1.012113e-02 -1.400293e+00 3.924856e-03 9.999906e-01 1.852474e-03 -1.041479e-01 -1.012835e-02 -1.812641e-03 9.999472e-01 4.323315e+00
9.999811e-01 3.164968e-03 -5.268973e-03 -1.357813e+00 -3.172627e-03 9.999939e-01 -1.445794e-03 -1.148566e-01 5.264373e-03 1.462484e-03 9.999850e-01 4.598094e+00
9.999521e-01 -4.120801e-03 8.880132e-03 -1.361256e+00 4.104614e-03 9.999899e-01 1.840306e-03 -1.230172e-01 -8.887633e-03 -1.803769e-03 9.999590e-01 4.856494e+00
9.999786e-01 3.294007e-03 -5.654159e-03 -1.241274e+00 -3.298812e-03 9.999942e-01 -8.405748e-04 -1.294081e-01 5.651366e-03 8.592099e-04 9.999836e-01 4.946021e+00
9.999497e-01 -4.444550e-03 8.992152e-03 -1.003572e+00 4.419956e-03 9.999864e-01 2.753178e-03 -1.371240e-01 -9.004276e-03 -2.713296e-03 9.999559e-01 4.966280e+00
9.999974e-01 7.147095e-04 -2.174587e-03 -6.331652e-01 -7.120662e-04 9.999990e-01 1.216105e-03 -1.464390e-01 2.175463e-03 -1.214552e-03 9.999968e-01 4.909299e+00
9.999572e-01 -1.810085e-03 9.070648e-03 -4.593995e-01 1.807709e-03 9.999983e-01 2.701217e-04 -1.564529e-01 -9.071132e-03 -2.537148e-04 9.999589e-01 5.054214e+00
9.999959e-01 5.875387e-04 -2.795173e-03 -4.478137e-01 -5.858825e-04 9.999997e-01 5.933430e-04 -1.619656e-01 2.795532e-03 -5.917012e-04 9.999958e-01 5.186880e+00
9.999583e-01 -1.280277e-03 9.045157e-03 -3.717099e-01 1.278324e-03 9.999992e-01 2.216840e-04 -1.690065e-01 -9.045444e-03 -2.101140e-04 9.999592e-01 5.342446e+00
9.999985e-01 -1.693577e-03 -3.192504e-04 -1.648565e-01 1.694420e-03 9.999950e-01 2.658096e-03 -1.765110e-01 3.147595e-04 -2.658631e-03 9.999963e-01 5.367845e+00
9.999783e-01 3.459023e-04 6.581935e-03 1.304689e-01 -3.490773e-04 9.999998e-01 4.812536e-04 -1.840859e-01 -6.581780e-03 -4.835432e-04 9.999783e-01 5.318385e+00
9.999943e-01 -3.202564e-03 1.069998e-03 3.532960e-01 3.200240e-03 9.999925e-01 2.166600e-03 -1.901689e-01 -1.076915e-03 -2.163160e-03 9.999970e-01 5.280626e+00
9.999486e-01 3.571246e-04 1.013237e-02 7.386367e-01 -3.850907e-04 9.999961e-01 2.758282e-03 -1.966123e-01 -1.013136e-02 -2.762046e-03 9.999450e-01 5.044932e+00
9.999952e-01 -3.070719e-03 -3.213237e-04 1.183162e+00 3.071424e-03 9.999928e-01 2.218016e-03 -2.073633e-01 3.145263e-04 -2.218989e-03 9.999974e-01 4.930607e+00
9.999568e-01 -4.721100e-05 9.291667e-03 1.628307e+00 2.338167e-05 9.999967e-01 2.564714e-03 -2.171127e-01 -9.291775e-03 -2.564390e-03 9.999536e-01 4.774271e+00
9.999960e-01 -1.185150e-03 -2.585180e-03 1.878349e+00 1.184261e-03 9.999992e-01 -3.451585e-04 -2.276046e-01 2.585604e-03 3.420999e-04 9.999965e-01 4.847830e+00
9.999332e-01 -1.570795e-03 1.145392e-02 2.167677e+00 1.529129e-03 9.999922e-01 3.645515e-03 -2.358447e-01 -1.145958e-02 -3.627761e-03 9.999279e-01 4.812541e+00
9.999940e-01 8.439682e-04 -3.346239e-03 2.356272e+00 -8.484204e-04 9.999988e-01 -1.329196e-03 -2.419791e-01 3.345132e-03 1.332032e-03 9.999934e-01 4.812006e+00
9.999653e-01 -1.617549e-03 8.169801e-03 2.446323e+00 1.598938e-03 9.999961e-01 2.284045e-03 -2.473897e-01 -8.173483e-03 -2.270907e-03 9.999641e-01 4.886638e+00
9.999937e-01 5.365622e-04 -3.511690e-03 2.572565e+00 -5.413822e-04 9.999989e-01 -1.371584e-03 -2.533634e-01 3.510970e-03 1.373481e-03 9.999928e-01 4.951253e+00
9.999407e-01 -8.758393e-04 1.085591e-02 2.677315e+00 8.434445e-04 9.999952e-01 2.988324e-03 -2.542918e-01 -1.085850e-02 -2.978996e-03 9.999367e-01 4.861712e+00
9.999972e-01 5.965460e-04 -2.273371e-03 2.536746e+00 -6.015412e-04 9.999974e-01 -2.196947e-03 -2.519576e-01 2.272076e-03 2.198314e-03 9.999949e-01 4.880296e+00
9.999605e-01 -1.714707e-03 8.718739e-03 2.455387e+00 1.694639e-03 9.999959e-01 2.308577e-03 -2.531507e-01 -8.722684e-03 -2.293716e-03 9.999594e-01 4.962781e+00
9.999935e-01 5.005255e-04 -3.556802e-03 2.634965e+00 -5.042376e-04 9.999993e-01 -1.042682e-03 -2.623461e-01 3.556300e-03 1.044474e-03 9.999930e-01 5.077532e+00
9.999269e-01 -3.368834e-03 1.161377e-02 2.963734e+00 3.318862e-03 9.999852e-01 4.319481e-03 -2.685918e-01 -1.162817e-02 -4.280627e-03 9.999233e-01 4.936702e+00
9.999994e-01 -1.060872e-04 -1.072589e-03 3.393023e+00 1.068864e-04 9.999997e-01 7.457464e-04 -2.732830e-01 1.072534e-03 -7.458545e-04 9.999990e-01 4.624282e+00
9.999430e-01 -3.433595e-03 1.011375e-02 3.860530e+00 3.391688e-03 9.999856e-01 4.157919e-03 -2.821954e-01 -1.012791e-02 -4.123385e-03 9.999403e-01 4.421776e+00
9.999939e-01 -2.829674e-03 2.028746e-03 4.576854e+00 2.822176e-03 9.999892e-01 3.688899e-03 -2.944067e-01 -2.039136e-03 -3.683144e-03 9.999910e-01 4.063206e+00
9.999079e-01 -4.872288e-03 1.266790e-02 5.467692e+00 4.794150e-03 9.999693e-01 6.191286e-03 -3.089183e-01 -1.269770e-02 -6.129992e-03 9.999007e-01 3.586724e+00
9.999826e-01 -4.171527e-03 4.162184e-03 6.446270e+00 4.147888e-03 9.999753e-01 5.671747e-03 -3.228105e-01 -4.185711e-03 -5.654375e-03 9.999752e-01 2.951470e+00
9.998286e-01 -8.180596e-03 1.661170e-02 7.596878e+00 8.043971e-03 9.999334e-01 8.274926e-03 -3.372501e-01 -1.667832e-02 -8.139893e-03 9.998279e-01 2.132314e+00
9.999999e-01 -3.974835e-04 -1.941839e-05 8.456169e+00 3.975199e-04 9.999979e-01 2.011490e-03 -3.463210e-01 1.865208e-05 -2.011487e-03 9.999979e-01 1.472323e+00
9.998506e-01 -7.475596e-03 1.558245e-02 9.310594e+00 7.355385e-03 9.999429e-01 7.757720e-03 -3.577807e-01 -1.563959e-02 -7.641958e-03 9.998486e-01 9.218608e-01
9.999339e-01 6.040015e-03 -9.782767e-03 9.644664e+00 -6.090406e-03 9.999683e-01 -5.129192e-03 -3.719221e-01 9.751512e-03 5.188446e-03 9.999389e-01 1.026262e+00
9.998501e-01 -6.420897e-03 1.608032e-02 9.607332e+00 6.327267e-03 9.999628e-01 5.866928e-03 -3.749018e-01 -1.611743e-02 -5.764316e-03 9.998536e-01 1.091366e+00
9.999686e-01 7.541421e-03 -2.420448e-03 9.274078e+00 -7.555465e-03 9.999544e-01 -5.845148e-03 -3.653792e-01 2.376294e-03 5.863264e-03 9.999799e-01 9.121887e-01
9.998925e-01 -8.437702e-03 1.199314e-02 9.034959e+00 8.358965e-03 9.999433e-01 6.600362e-03 -3.629808e-01 -1.204819e-02 -6.499414e-03 9.999064e-01 9.749769e-01
9.999696e-01 5.862758e-03 -5.148978e-03 8.731871e+00 -5.891501e-03 9.999671e-01 -5.584491e-03 -3.630935e-01 5.116106e-03 5.614669e-03 9.999711e-01 1.194075e+00
9.999036e-01 -8.595371e-03 1.090270e-02 8.448266e+00 8.527962e-03 9.999443e-01 6.214462e-03 -3.653617e-01 -1.095555e-02 -6.120897e-03 9.999213e-01 1.484041e+00
9.999580e-01 6.285462e-03 -6.675776e-03 8.264895e+00 -6.324610e-03 9.999628e-01 -5.859085e-03 -3.720555e-01 6.638741e-03 5.901073e-03 9.999605e-01 1.856290e+00
9.999120e-01 -8.530901e-03 1.015984e-02 8.091224e+00 8.462662e-03 9.999415e-01 6.740912e-03 -3.802641e-01 -1.021680e-02 -6.654352e-03 9.999258e-01 2.266522e+00
9.999578e-01 6.338955e-03 -6.643532e-03 7.952708e+00 -6.380426e-03 9.999602e-01 -6.239487e-03 -3.890931e-01 6.603756e-03 6.281625e-03 9.999584e-01 2.709699e+00
9.998793e-01 -7.761960e-03 1.346232e-02 8.224153e+00 7.656501e-03 9.999397e-01 7.867763e-03 -4.081034e-01 -1.352262e-02 -7.763751e-03 9.998785e-01 3.122617e+00
9.999774e-01 5.500090e-03 -3.852209e-03 8.810978e+00 -5.514948e-03 9.999774e-01 -3.856213e-03 -4.383410e-01 3.830954e-03 3.877383e-03 9.999850e-01 3.561831e+00
9.998957e-01 -7.836123e-03 1.213126e-02 9.286440e+00 7.747894e-03 9.999433e-01 7.303059e-03 -4.657439e-01 -1.218784e-02 -7.208319e-03 9.998998e-01 4.004043e+00
9.999796e-01 5.696772e-03 -2.881876e-03 9.880790e+00 -5.705835e-03 9.999788e-01 -3.145097e-03 -4.942000e-01 2.863941e-03 3.161489e-03 9.999908e-01 4.353696e+00
9.999257e-01 -7.311169e-03 9.751891e-03 1.030239e+01 7.251072e-03 9.999546e-01 6.184019e-03 -5.167341e-01 -9.796704e-03 -6.112861e-03 9.999334e-01 4.661231e+00
9.999666e-01 6.518429e-03 -4.920997e-03 1.038240e+01 -6.545706e-03 9.999632e-01 -5.546707e-03 -5.264656e-01 4.884704e-03 5.578747e-03 9.999724e-01 4.899881e+00
9.999186e-01 -7.367766e-03 1.041731e-02 1.029599e+01 7.303604e-03 9.999542e-01 6.184160e-03 -5.288452e-01 -1.046244e-02 -6.107586e-03 9.999267e-01 5.037590e+00
9.999675e-01 6.249340e-03 -5.101075e-03 1.022613e+01 -6.280898e-03 9.999611e-01 -6.193352e-03 -5.333739e-01 5.062218e-03 6.225203e-03 9.999677e-01 5.239463e+00
9.997670e-01 -1.362016e-02 1.674949e-02 1.103042e+01 1.336732e-02 9.997964e-01 1.511575e-02 -5.493757e-01 -1.695201e-02 -1.488835e-02 9.997455e-01 4.942811e+00
9.999958e-01 2.877802e-03 3.151116e-04 1.195070e+01 -2.876201e-03 9.999835e-01 -4.982155e-03 -5.715634e-01 -3.293960e-04 4.981242e-03 9.999874e-01 4.631191e+00
9.999847e-01 -4.850032e-03 2.680286e-03 1.176090e+01 4.837012e-03 9.999766e-01 4.844432e-03 -5.725902e-01 -2.703767e-03 -4.831407e-03 9.999848e-01 4.837163e+00
9.999952e-01 3.055553e-03 4.078988e-04 1.161508e+01 -3.053385e-03 9.999817e-01 -5.221599e-03 -5.757694e-01 -4.237976e-04 5.220343e-03 9.999862e-01 5.088244e+00
9.999855e-01 -4.697871e-03 2.623981e-03 1.148859e+01 4.684614e-03 9.999763e-01 5.037227e-03 -5.788187e-01 -2.647632e-03 -5.024876e-03 9.999840e-01 5.315255e+00
9.999948e-01 2.887207e-03 1.464239e-03 1.133679e+01 -2.879204e-03 9.999810e-01 -5.441623e-03 -5.809848e-01 -1.479873e-03 5.437394e-03 9.999840e-01 5.522952e+00
9.999824e-01 -4.906626e-03 3.333230e-03 1.109702e+01 4.888422e-03 9.999732e-01 5.449036e-03 -5.792150e-01 -3.359927e-03 -5.432660e-03 9.999797e-01 5.659299e+00
9.999934e-01 2.648716e-03 2.500632e-03 1.078643e+01 -2.635608e-03 9.999828e-01 -5.232289e-03 -5.748634e-01 -2.514397e-03 5.225678e-03 9.999831e-01 5.751297e+00
9.999920e-01 -3.798471e-03 1.270010e-03 1.060527e+01 3.791361e-03 9.999774e-01 5.557524e-03 -5.721125e-01 -1.291142e-03 -5.552678e-03 9.999838e-01 5.792237e+00
9.999906e-01 3.068091e-03 3.067326e-03 1.060800e+01 -3.052471e-03 9.999824e-01 -5.085354e-03 -5.732960e-01 -3.082824e-03 5.075958e-03 9.999823e-01 5.819628e+00
9.999937e-01 -3.488977e-03 5.901551e-04 1.080541e+01 3.485128e-03 9.999734e-01 6.408538e-03 -5.820274e-01 -6.125500e-04 -6.406455e-03 9.999794e-01 5.885246e+00
9.999917e-01 2.547718e-03 3.172464e-03 1.063269e+01 -2.528421e-03 9.999784e-01 -6.073329e-03 -5.789954e-01 -3.187817e-03 6.065272e-03 9.999764e-01 5.907773e+00
9.999905e-01 -3.923471e-03 1.904529e-03 1.034847e+01 3.910534e-03 9.999696e-01 6.751557e-03 -5.734649e-01 -1.931013e-03 -6.744059e-03 9.999755e-01 5.916304e+00
9.999924e-01 3.220918e-03 2.192937e-03 1.021036e+01 -3.207371e-03 9.999759e-01 -6.155296e-03 -5.705260e-01 -2.212658e-03 6.148231e-03 9.999786e-01 5.891847e+00
9.999801e-01 -4.777958e-03 4.117886e-03 1.035561e+01 4.744520e-03 9.999560e-01 8.092846e-03 -5.699935e-01 -4.156426e-03 -8.073162e-03 9.999589e-01 5.687183e+00
9.999937e-01 1.450737e-03 3.251019e-03 1.067603e+01 -1.436883e-03 9.999899e-01 -4.261271e-03 -5.713852e-01 -3.257115e-03 4.256587e-03 9.999855e-01 5.364350e+00
9.999669e-01 -5.876526e-03 5.622819e-03 1.106853e+01 5.825075e-03 9.999414e-01 9.124219e-03 -5.730871e-01 -5.676163e-03 -9.091179e-03 9.999427e-01 4.965840e+00
9.999977e-01 1.682326e-03 1.344134e-03 1.148350e+01 -1.676075e-03 9.999878e-01 -4.641429e-03 -5.777501e-01 -1.351871e-03 4.639180e-03 9.999882e-01 4.672970e+00
9.999757e-01 -5.076365e-03 4.777542e-03 1.183743e+01 5.035977e-03 9.999518e-01 8.429147e-03 -5.814443e-01 -4.820156e-03 -8.404898e-03 9.999532e-01 4.418259e+00
9.999901e-01 4.143428e-03 -1.605717e-03 1.196892e+01 -4.155258e-03 9.999637e-01 -7.432007e-03 -5.838749e-01 1.574920e-03 7.438622e-03 9.999710e-01 4.384489e+00
9.999792e-01 -4.958367e-03 4.138764e-03 1.209867e+01 4.923274e-03 9.999522e-01 8.447689e-03 -5.860339e-01 -4.180509e-03 -8.427152e-03 9.999558e-01 4.334975e+00
9.999897e-01 4.458943e-03 -8.346323e-04 1.204525e+01 -4.465575e-03 9.999571e-01 -8.113821e-03 -5.856385e-01 7.984736e-04 8.117481e-03 9.999666e-01 4.359974e+00
9.999684e-01 -5.983879e-03 5.235212e-03 1.182329e+01 5.939513e-03 9.999467e-01 8.450446e-03 -5.825118e-01 -5.285556e-03 -8.419100e-03 9.999507e-01 4.427909e+00
9.999887e-01 4.719962e-03 -5.046157e-04 1.162020e+01 -4.723831e-03 9.999572e-01 -7.949801e-03 -5.789856e-01 4.671283e-04 7.952111e-03 9.999682e-01 4.465975e+00
9.999667e-01 -6.835856e-03 4.463384e-03 1.136842e+01 6.798595e-03 9.999423e-01 8.311572e-03 -5.782657e-01 -4.520001e-03 -8.280966e-03 9.999556e-01 4.650710e+00
9.999903e-01 4.067932e-03 1.709804e-03 1.104902e+01 -4.054050e-03 9.999594e-01 -8.048692e-03 -5.762830e-01 -1.742419e-03 8.041698e-03 9.999661e-01 4.825676e+00
9.999675e-01 -6.728363e-03 4.440558e-03 1.067829e+01 6.690435e-03 9.999415e-01 8.502638e-03 -5.715228e-01 -4.497565e-03 -8.472667e-03 9.999541e-01 4.940251e+00
9.999890e-01 4.696776e-03 -8.291148e-05 1.089848e+01 -4.697201e-03 9.999702e-01 -6.129024e-03 -5.804916e-01 5.418106e-05 6.129361e-03 9.999811e-01 5.039443e+00
9.999713e-01 -5.826329e-03 4.835363e-03 1.125880e+01 5.781645e-03 9.999409e-01 9.205248e-03 -5.949336e-01 -4.888769e-03 -9.177043e-03 9.999460e-01 5.125558e+00
9.999918e-01 4.035042e-03 -4.349624e-04 1.103449e+01 -4.038854e-03 9.999501e-01 -9.138561e-03 -5.927013e-01 3.981257e-04 9.140258e-03 9.999581e-01 5.232195e+00
9.999690e-01 -5.763658e-03 5.359238e-03 1.079093e+01 5.712724e-03 9.999388e-01 9.471971e-03 -5.890776e-01 -5.413564e-03 -9.441077e-03 9.999409e-01 5.304103e+00
9.999885e-01 4.694473e-03 -9.508441e-04 1.059057e+01 -4.702900e-03 9.999479e-01 -9.057249e-03 -5.854806e-01 9.083357e-04 9.061633e-03 9.999584e-01 5.330278e+00
9.999784e-01 -5.335993e-03 3.846829e-03 1.055106e+01 5.299138e-03 9.999406e-01 9.529265e-03 -5.853665e-01 -3.897509e-03 -9.508690e-03 9.999473e-01 5.342439e+00
9.999895e-01 4.504898e-03 -7.901145e-04 1.063872e+01 -4.511617e-03 9.999519e-01 -8.710609e-03 -5.870253e-01 7.508968e-04 8.714098e-03 9.999617e-01 5.309147e+00
9.999797e-01 -5.204125e-03 3.670202e-03 1.073910e+01 5.169134e-03 9.999417e-01 9.480951e-03 -5.885737e-01 -3.719389e-03 -9.461803e-03 9.999484e-01 5.261783e+00
9.999917e-01 3.727552e-03 -1.621839e-03 1.093818e+01 -3.740309e-03 9.999615e-01 -7.931526e-03 -5.923853e-01 1.592272e-03 7.937542e-03 9.999671e-01 5.215482e+00
9.999770e-01 -4.096048e-03 5.409983e-03 1.084977e+01 4.049573e-03 9.999550e-01 8.574806e-03 -5.910175e-01 -5.444924e-03 -8.552717e-03 9.999487e-01 5.218664e+00
9.999947e-01 3.220170e-03 -5.216627e-04 1.065076e+01 -3.224347e-03 9.999611e-01 -8.203949e-03 -5.874431e-01 4.952861e-04 8.205603e-03 9.999661e-01 5.235832e+00
9.999857e-01 -3.771237e-03 3.787075e-03 1.057700e+01 3.738936e-03 9.999569e-01 8.501723e-03 -5.867810e-01 -3.819036e-03 -8.487458e-03 9.999568e-01 5.274100e+00
9.999945e-01 3.215297e-03 -8.450465e-04 1.059998e+01 -3.222059e-03 9.999619e-01 -8.118771e-03 -5.893782e-01 8.189723e-04 8.121465e-03 9.999666e-01 5.337862e+00
9.999841e-01 -4.296696e-03 3.649509e-03 1.051529e+01 4.266537e-03 9.999570e-01 8.233149e-03 -5.915101e-01 -3.684791e-03 -8.217464e-03 9.999595e-01 5.486093e+00
9.999959e-01 1.951510e-03 2.067874e-03 1.022482e+01 -1.934705e-03 9.999653e-01 -8.100862e-03 -5.886441e-01 -2.083548e-03 8.096845e-03 9.999650e-01 5.620915e+00
9.999879e-01 -3.995135e-03 2.866720e-03 9.976478e+00 3.971623e-03 9.999588e-01 8.163071e-03 -5.870700e-01 -2.899278e-03 -8.151603e-03 9.999627e-01 5.769996e+00
9.999969e-01 2.221336e-03 1.123748e-03 9.791205e+00 -2.212139e-03 9.999645e-01 -8.125698e-03 -5.872341e-01 -1.141694e-03 8.123203e-03 9.999663e-01 5.938221e+00
9.999888e-01 -3.805595e-03 2.810820e-03 9.600514e+00 3.781787e-03 9.999573e-01 8.429242e-03 -5.871997e-01 -2.842843e-03 -8.418533e-03 9.999606e-01 6.087586e+00
9.999965e-01 2.360276e-03 1.205634e-03 9.432758e+00 -2.350148e-03 9.999625e-01 -8.339416e-03 -5.871038e-01 -1.225207e-03 8.336570e-03 9.999644e-01 6.220414e+00
9.999945e-01 -3.040747e-03 1.363500e-03 9.398909e+00 3.029093e-03 9.999595e-01 8.472861e-03 -5.890506e-01 -1.389274e-03 -8.468699e-03 9.999633e-01 6.316389e+00
9.999966e-01 2.515853e-03 5.932875e-04 9.511681e+00 -2.511215e-03 9.999672e-01 -7.702242e-03 -5.930432e-01 -6.125810e-04 7.700742e-03 9.999701e-01 6.351954e+00
9.999943e-01 -2.881493e-03 1.791008e-03 9.496600e+00 2.867259e-03 9.999647e-01 7.902844e-03 -5.942130e-01 -1.813782e-03 -7.897679e-03 9.999673e-01 6.409418e+00
9.999972e-01 2.028332e-03 1.192518e-03 9.372707e+00 -2.019167e-03 9.999688e-01 -7.642228e-03 -5.934746e-01 -1.207916e-03 7.639814e-03 9.999700e-01 6.488513e+00
9.999922e-01 -2.991471e-03 2.580537e-03 9.232509e+00 2.971407e-03 9.999656e-01 7.746124e-03 -5.921172e-01 -2.603686e-03 -7.738412e-03 9.999668e-01 6.558580e+00
9.999963e-01 2.443759e-03 1.157938e-03 9.123151e+00 -2.435268e-03 9.999705e-01 -7.284127e-03 -5.906656e-01 -1.175639e-03 7.281296e-03 9.999727e-01 6.585056e+00
9.999900e-01 -3.337379e-03 2.967999e-03 8.972750e+00 3.314432e-03 9.999648e-01 7.704909e-03 -5.889010e-01 -2.993675e-03 -7.695011e-03 9.999660e-01 6.637076e+00
9.999969e-01 2.486868e-03 -1.603258e-04 8.885599e+00 -2.488017e-03 9.999682e-01 -7.572945e-03 -5.900540e-01 1.415540e-04 7.573336e-03 9.999712e-01 6.753556e+00
9.999898e-01 -3.727747e-03 2.544541e-03 8.785044e+00 3.708133e-03 9.999637e-01 7.672069e-03 -5.927136e-01 -2.573114e-03 -7.662571e-03 9.999674e-01 6.936724e+00
9.999977e-01 2.118073e-03 2.484639e-04 8.648000e+00 -2.116158e-03 9.999697e-01 -7.492432e-03 -5.951471e-01 -2.642593e-04 7.491905e-03 9.999718e-01 7.141397e+00
9.999866e-01 -3.698830e-03 3.625121e-03 8.466088e+00 3.671081e-03 9.999641e-01 7.633290e-03 -5.949953e-01 -3.653292e-03 -7.619895e-03 9.999644e-01 7.285442e+00
9.999964e-01 2.626837e-03 -5.234267e-04 8.365430e+00 -2.630774e-03 9.999672e-01 -7.655652e-03 -5.958963e-01 5.033666e-04 7.657017e-03 9.999705e-01 7.405060e+00
9.999878e-01 -3.443482e-03 3.547238e-03 8.344246e+00 3.415706e-03 9.999637e-01 7.808441e-03 -6.008952e-01 -3.574064e-03 -7.796245e-03 9.999633e-01 7.577347e+00
9.999979e-01 2.050522e-03 -2.523529e-04 8.252450e+00 -2.052398e-03 9.999686e-01 -7.649268e-03 -6.051787e-01 2.367276e-04 7.649785e-03 9.999706e-01 7.786465e+00
9.999846e-01 -2.931351e-03 4.717681e-03 8.258551e+00 2.894962e-03 9.999661e-01 7.702941e-03 -6.136026e-01 -4.740170e-03 -7.689180e-03 9.999593e-01 8.037678e+00
9.999974e-01 2.080021e-03 -9.291686e-04 8.252350e+00 -2.086979e-03 9.999694e-01 -7.544835e-03 -6.211581e-01 9.135150e-04 7.546770e-03 9.999710e-01 8.273805e+00
9.999851e-01 -3.446615e-03 4.231115e-03 8.167701e+00 3.414298e-03 9.999651e-01 7.622887e-03 -6.262263e-01 -4.257310e-03 -7.608342e-03 9.999621e-01 8.511036e+00
9.999962e-01 2.450134e-03 -1.227660e-03 8.127959e+00 -2.459209e-03 9.999693e-01 -7.440439e-03 -6.317222e-01 1.209461e-03 7.443446e-03 9.999715e-01 8.715003e+00
9.999826e-01 -3.237475e-03 4.934120e-03 8.145170e+00 3.198857e-03 9.999643e-01 7.815799e-03 -6.397689e-01 -4.959317e-03 -7.799894e-03 9.999574e-01 8.943362e+00
9.999971e-01 2.375356e-03 -3.906362e-04 8.206866e+00 -2.378119e-03 9.999711e-01 -7.216188e-03 -6.517219e-01 3.735533e-04 7.217112e-03 9.999738e-01 9.251440e+00
9.999816e-01 -3.760467e-03 4.755306e-03 8.169604e+00 3.724609e-03 9.999647e-01 7.528444e-03 -6.620081e-01 -4.783519e-03 -7.510609e-03 9.999604e-01 9.604485e+00
9.999981e-01 1.955483e-03 -1.160227e-04 8.084044e+00 -1.956314e-03 9.999693e-01 -7.588993e-03 -6.715419e-01 1.012490e-04 7.589220e-03 9.999711e-01 9.997142e+00
9.999816e-01 -4.616476e-03 3.931070e-03 7.891450e+00 4.585694e-03 9.999590e-01 7.805238e-03 -6.782921e-01 -3.967012e-03 -7.787083e-03 9.999619e-01 1.038260e+01
9.999979e-01 1.994196e-03 4.230550e-04 7.661813e+00 -1.990738e-03 9.999657e-01 -8.038056e-03 -6.811980e-01 -4.389993e-04 8.037212e-03 9.999675e-01 1.068386e+01
9.999884e-01 -3.286224e-03 3.532450e-03 7.615054e+00 3.257015e-03 9.999607e-01 8.244652e-03 -6.895507e-01 -3.559476e-03 -8.233065e-03 9.999599e-01 1.097913e+01
9.999990e-01 1.312457e-03 5.648929e-04 7.491134e+00 -1.307798e-03 9.999657e-01 -8.182693e-03 -6.979453e-01 -5.755418e-04 8.181961e-03 9.999663e-01 1.135963e+01
9.999891e-01 -3.077142e-03 3.513709e-03 7.399815e+00 3.048082e-03 9.999613e-01 8.247793e-03 -7.065285e-01 -3.539024e-03 -8.237008e-03 9.999599e-01 1.172297e+01
9.999984e-01 1.570214e-03 8.237512e-04 7.346294e+00 -1.563527e-03 9.999663e-01 -8.064936e-03 -7.162681e-01 -8.363153e-04 8.063650e-03 9.999671e-01 1.207951e+01
9.999872e-01 -3.612168e-03 3.541266e-03 7.221111e+00 3.583751e-03 9.999616e-01 7.999853e-03 -7.253153e-01 -3.570099e-03 -7.987074e-03 9.999618e-01 1.249099e+01
9.999990e-01 1.171953e-03 8.246194e-04 7.056379e+00 -1.165629e-03 9.999702e-01 -7.635841e-03 -7.352665e-01 -8.334712e-04 7.634886e-03 9.999704e-01 1.294737e+01
9.999841e-01 -4.343876e-03 3.595537e-03 6.815153e+00 4.316146e-03 9.999611e-01 7.686095e-03 -7.430004e-01 -3.628857e-03 -7.670469e-03 9.999641e-01 1.341859e+01
9.999994e-01 8.522165e-04 6.015513e-04 6.527749e+00 -8.476152e-04 9.999706e-01 -7.618984e-03 -7.483253e-01 -6.079535e-04 7.618484e-03 9.999707e-01 1.384003e+01
9.999849e-01 -3.255718e-03 4.420522e-03 6.311522e+00 3.223203e-03 9.999678e-01 7.344106e-03 -7.499373e-01 -4.444363e-03 -7.329761e-03 9.999633e-01 1.407817e+01
9.999961e-01 2.339388e-03 -1.536612e-03 6.197523e+00 -2.350375e-03 9.999714e-01 -7.183473e-03 -7.491280e-01 1.519837e-03 7.187071e-03 9.999729e-01 1.415404e+01
9.999841e-01 -3.030457e-03 4.767610e-03 6.091866e+00 2.995040e-03 9.999680e-01 7.419627e-03 -7.481073e-01 -4.790016e-03 -7.405244e-03 9.999612e-01 1.421173e+01
9.999979e-01 1.726633e-03 -1.124880e-03 5.907030e+00 -1.734448e-03 9.999742e-01 -6.977344e-03 -7.462928e-01 1.112878e-03 6.979295e-03 9.999749e-01 1.430061e+01
9.999807e-01 -3.138703e-03 5.367776e-03 5.738991e+00 3.101401e-03 9.999711e-01 6.944522e-03 -7.459107e-01 -5.389492e-03 -6.927754e-03 9.999616e-01 1.443161e+01
9.999946e-01 2.681978e-03 -1.871857e-03 5.686870e+00 -2.694849e-03 9.999725e-01 -6.904207e-03 -7.468026e-01 1.853363e-03 6.909229e-03 9.999743e-01 1.449692e+01
9.999773e-01 -3.619975e-03 5.682970e-03 5.580144e+00 3.580921e-03 9.999700e-01 6.868361e-03 -7.472450e-01 -5.707738e-03 -6.847869e-03 9.999603e-01 1.460224e+01
9.999942e-01 2.160099e-03 -2.641556e-03 5.443377e+00 -2.178192e-03 9.999741e-01 -6.863415e-03 -7.484764e-01 2.626737e-03 6.869143e-03 9.999729e-01 1.476101e+01
9.999613e-01 -4.290071e-03 7.685853e-03 5.176991e+00 4.236199e-03 9.999664e-01 7.012619e-03 -7.455910e-01 -7.715756e-03 -6.979802e-03 9.999460e-01 1.487845e+01
9.999912e-01 2.433896e-03 -3.417767e-03 4.935603e+00 -2.457145e-03 9.999738e-01 -6.812812e-03 -7.427003e-01 3.401171e-03 6.821164e-03 9.999709e-01 1.497501e+01
9.999578e-01 -4.421517e-03 8.054741e-03 4.671327e+00 4.364785e-03 9.999656e-01 7.047978e-03 -7.394829e-01 -8.085703e-03 -7.012537e-03 9.999428e-01 1.507576e+01
9.999931e-01 2.308886e-03 -2.915947e-03 4.387732e+00 -2.328215e-03 9.999752e-01 -6.640700e-03 -7.355004e-01 2.900619e-03 6.647457e-03 9.999736e-01 1.516271e+01
9.999724e-01 -3.623793e-03 6.495934e-03 4.246383e+00 3.578956e-03 9.999698e-01 6.901661e-03 -7.336133e-01 -6.520824e-03 -6.878235e-03 9.999552e-01 1.521492e+01
9.999902e-01 2.908105e-03 -3.336591e-03 4.217207e+00 -2.929813e-03 9.999745e-01 -6.517508e-03 -7.340793e-01 3.317629e-03 6.527233e-03 9.999731e-01 1.525606e+01
9.999698e-01 -3.959238e-03 6.691319e-03 4.082461e+00 3.913862e-03 9.999693e-01 6.781760e-03 -7.325910e-01 -6.718042e-03 -6.755380e-03 9.999547e-01 1.531896e+01
9.999892e-01 2.799915e-03 -3.691887e-03 3.968946e+00 -2.825564e-03 9.999718e-01 -6.958770e-03 -7.336229e-01 3.672376e-03 6.969140e-03 9.999689e-01 1.545762e+01
9.999626e-01 -4.804218e-03 7.190822e-03 3.775496e+00 4.754645e-03 9.999649e-01 6.896017e-03 -7.338899e-01 -7.223778e-03 -6.861583e-03 9.999504e-01 1.563667e+01
9.999925e-01 2.579729e-03 -2.889069e-03 3.537619e+00 -2.599652e-03 9.999727e-01 -6.911173e-03 -7.328828e-01 2.871239e-03 6.918645e-03 9.999719e-01 1.580468e+01
9.999733e-01 -3.942972e-03 6.147680e-03 3.409327e+00 3.901932e-03 9.999701e-01 6.674503e-03 -7.338019e-01 -6.173891e-03 -6.650350e-03 9.999589e-01 1.595801e+01
9.999893e-01 2.895104e-03 -3.615621e-03 3.303728e+00 -2.919273e-03 9.999733e-01 -6.695489e-03 -7.337385e-01 3.596218e-03 6.705985e-03 9.999710e-01 1.606295e+01
9.999732e-01 -3.763612e-03 6.290272e-03 3.197876e+00 3.721326e-03 9.999705e-01 6.721649e-03 -7.331303e-01 -6.315462e-03 -6.698073e-03 9.999577e-01 1.613930e+01
9.999961e-01 2.238426e-03 -1.661864e-03 2.981039e+00 -2.249098e-03 9.999767e-01 -6.443710e-03 -7.301196e-01 1.647480e-03 6.447435e-03 9.999778e-01 1.620508e+01
9.999580e-01 -4.547904e-03 7.955596e-03 2.609171e+00 4.491164e-03 9.999645e-01 7.136207e-03 -7.237660e-01 -7.987847e-03 -7.100190e-03 9.999430e-01 1.626791e+01
9.999989e-01 1.343047e-03 -5.736715e-04 2.138955e+00 -1.346653e-03 9.999791e-01 -6.322196e-03 -7.159911e-01 5.652479e-04 6.322975e-03 9.999798e-01 1.635383e+01
9.999655e-01 -4.465083e-03 7.003307e-03 1.720810e+00 4.417601e-03 9.999672e-01 6.781795e-03 -7.106893e-01 -7.033439e-03 -6.750636e-03 9.999526e-01 1.649078e+01
9.999992e-01 8.323215e-04 9.227611e-04 1.230173e+00 -8.265778e-04 9.999803e-01 -6.214528e-03 -7.034666e-01 -9.278351e-04 6.213773e-03 9.999802e-01 1.661197e+01
9.999690e-01 -3.893513e-03 6.845938e-03 7.610468e-01 3.845724e-03 9.999682e-01 6.980890e-03 -6.953993e-01 -6.872981e-03 -6.954358e-03 9.999523e-01 1.668545e+01
9.999962e-01 2.442936e-03 -1.235411e-03 5.089815e-01 -2.450751e-03 9.999768e-01 -6.358283e-03 -6.908304e-01 1.219930e-03 6.361300e-03 9.999789e-01 1.669925e+01
9.999786e-01 -3.337583e-03 5.626215e-03 3.625294e-01 3.298988e-03 9.999711e-01 6.856274e-03 -6.886328e-01 -5.649017e-03 -6.837579e-03 9.999607e-01 1.672669e+01
9.999953e-01 2.034957e-03 -2.284704e-03 4.798247e-01 -2.048170e-03 9.999811e-01 -5.792833e-03 -6.915586e-01 2.272955e-03 5.797498e-03 9.999805e-01 1.671596e+01
9.999815e-01 -3.398236e-03 5.049244e-03 6.685455e-01 3.361074e-03 9.999673e-01 7.351365e-03 -6.949271e-01 -5.074143e-03 -7.334270e-03 9.999603e-01 1.665637e+01
9.999953e-01 2.429756e-03 -1.846059e-03 5.531328e-01 -2.442300e-03 9.999738e-01 -6.819602e-03 -6.951870e-01 1.829522e-03 6.824091e-03 9.999750e-01 1.675644e+01
9.999559e-01 -4.880090e-03 8.021913e-03 2.201517e-01 4.822365e-03 9.999625e-01 7.200267e-03 -6.901994e-01 -8.056832e-03 -7.161278e-03 9.999420e-01 1.684369e+01
9.999906e-01 3.475383e-03 -2.571874e-03 -1.168793e-02 -3.492627e-03 9.999713e-01 -6.728250e-03 -6.858923e-01 2.548499e-03 6.737182e-03 9.999740e-01 1.685970e+01
9.999653e-01 -4.678112e-03 6.894101e-03 -1.481754e-01 4.628478e-03 9.999634e-01 7.198915e-03 -6.837898e-01 -6.927609e-03 -7.166768e-03 9.999504e-01 1.688338e+01
9.999890e-01 4.250153e-03 -1.963009e-03 -2.863325e-01 -4.262675e-03 9.999703e-01 -6.416033e-03 -6.806519e-01 1.935765e-03 6.424343e-03 9.999774e-01 1.684026e+01
9.999541e-01 -5.149049e-03 8.084650e-03 -5.431073e-01 5.090461e-03 9.999608e-01 7.251437e-03 -6.753170e-01 -8.121754e-03 -7.209961e-03 9.999411e-01 1.680734e+01
9.999871e-01 4.217230e-03 -2.830338e-03 -7.321715e-01 -4.235890e-03 9.999691e-01 -6.617077e-03 -6.720131e-01 2.802428e-03 6.628994e-03 9.999740e-01 1.681584e+01
9.999516e-01 -6.225160e-03 7.624706e-03 -9.889151e-01 6.170761e-03 9.999555e-01 7.138289e-03 -6.694435e-01 -7.668888e-03 -7.090905e-03 9.999455e-01 1.693735e+01
9.999789e-01 4.642838e-03 -4.538862e-03 -1.066748e+00 -4.673851e-03 9.999657e-01 -6.844604e-03 -6.694799e-01 4.507012e-03 6.865686e-03 9.999662e-01 1.701591e+01
9.999512e-01 -5.892410e-03 7.932148e-03 -9.183464e-01 5.827610e-03 9.999497e-01 8.168510e-03 -6.722178e-01 -7.979965e-03 -8.121898e-03 9.999353e-01 1.696928e+01
9.999770e-01 4.544762e-03 -5.025692e-03 -7.762342e-01 -4.579683e-03 9.999653e-01 -6.957531e-03 -6.757389e-01 4.993982e-03 6.980400e-03 9.999631e-01 1.696543e+01
9.999543e-01 -5.748001e-03 7.637519e-03 -6.576667e-01 5.687171e-03 9.999521e-01 7.963473e-03 -6.791205e-01 -7.683012e-03 -7.919686e-03 9.999392e-01 1.698653e+01
9.999749e-01 4.872630e-03 -5.144914e-03 -6.096926e-01 -4.910433e-03 9.999609e-01 -7.359294e-03 -6.811974e-01 5.108939e-03 7.384386e-03 9.999596e-01 1.702616e+01
9.999576e-01 -5.427619e-03 7.445321e-03 -5.819341e-01 5.369980e-03 9.999556e-01 7.740735e-03 -6.829330e-01 -7.487090e-03 -7.700437e-03 9.999424e-01 1.707041e+01
9.999803e-01 4.362543e-03 -4.503791e-03 -6.892560e-01 -4.396974e-03 9.999610e-01 -7.661871e-03 -6.834011e-01 4.470275e-03 7.681536e-03 9.999604e-01 1.718458e+01
9.999621e-01 -5.262341e-03 6.945118e-03 -7.408805e-01 5.210197e-03 9.999583e-01 7.505890e-03 -6.858730e-01 -6.984412e-03 -7.469431e-03 9.999478e-01 1.732815e+01
9.999792e-01 4.654065e-03 -4.465527e-03 -6.524642e-01 -4.684858e-03 9.999652e-01 -6.908630e-03 -6.891335e-01 4.433304e-03 6.929420e-03 9.999661e-01 1.736548e+01
9.999633e-01 -5.210370e-03 6.810117e-03 -6.092752e-01 5.161093e-03 9.999605e-01 7.234454e-03 -6.915128e-01 -6.847628e-03 -7.199052e-03 9.999507e-01 1.741695e+01
9.999857e-01 4.166664e-03 -3.353326e-03 -5.400461e-01 -4.188070e-03 9.999708e-01 -6.399668e-03 -6.941493e-01 3.326648e-03 6.413633e-03 9.999738e-01 1.743712e+01
9.999695e-01 -5.316784e-03 5.725086e-03 -3.470915e-01 5.271737e-03 9.999552e-01 7.856015e-03 -6.986714e-01 -5.766684e-03 -7.825606e-03 9.999528e-01 1.742916e+01
9.999837e-01 4.608715e-03 -3.364154e-03 -2.690865e-01 -4.632953e-03 9.999631e-01 -7.230702e-03 -7.011076e-01 3.330791e-03 7.246183e-03 9.999681e-01 1.744685e+01
9.999686e-01 -5.138745e-03 6.035993e-03 -2.874811e-01 5.093725e-03 9.999593e-01 7.451639e-03 -7.039816e-01 -6.074125e-03 -7.420671e-03 9.999541e-01 1.756281e+01
9.999851e-01 4.477027e-03 -3.105492e-03 -2.733990e-01 -4.499551e-03 9.999634e-01 -7.281859e-03 -7.090284e-01 3.072864e-03 7.295737e-03 9.999686e-01 1.771699e+01
9.999737e-01 -5.056917e-03 5.195498e-03 -2.256258e-01 5.016403e-03 9.999571e-01 7.782826e-03 -7.123644e-01 -5.234718e-03 -7.756571e-03 9.999563e-01 1.778696e+01
9.999875e-01 4.429282e-03 -2.319576e-03 -2.356923e-01 -4.446298e-03 9.999629e-01 -7.379401e-03 -7.134361e-01 2.286891e-03 7.389635e-03 9.999700e-01 1.783176e+01
9.999767e-01 -5.026351e-03 4.626647e-03 -2.882540e-01 4.992181e-03 9.999604e-01 7.369252e-03 -7.145248e-01 -4.663591e-03 -7.345995e-03 9.999622e-01 1.792250e+01
9.999854e-01 4.790278e-03 -2.486824e-03 -2.231773e-01 -4.807760e-03 9.999635e-01 -7.068971e-03 -7.196288e-01 2.452958e-03 7.080836e-03 9.999718e-01 1.803447e+01
9.999718e-01 -5.798496e-03 4.767469e-03 -2.674635e-01 5.764029e-03 9.999574e-01 7.213249e-03 -7.244209e-01 -4.809179e-03 -7.185578e-03 9.999627e-01 1.824284e+01
9.999838e-01 5.203445e-03 -2.275153e-03 -2.809577e-01 -5.219606e-03 9.999608e-01 -7.152224e-03 -7.273811e-01 2.237934e-03 7.163996e-03 9.999718e-01 1.835855e+01
9.999767e-01 -5.558315e-03 3.961825e-03 -2.738051e-01 5.529212e-03 9.999579e-01 7.321072e-03 -7.293417e-01 -4.002438e-03 -7.299008e-03 9.999654e-01 1.843435e+01
9.999860e-01 4.766989e-03 -2.283128e-03 -1.701302e-01 -4.781839e-03 9.999672e-01 -6.540392e-03 -7.323572e-01 2.251962e-03 6.551230e-03 9.999759e-01 1.845490e+01
9.999693e-01 -6.197735e-03 4.798543e-03 -1.164979e-02 6.159722e-03 9.999498e-01 7.897967e-03 -7.360842e-01 -4.847340e-03 -7.868179e-03 9.999574e-01 1.843861e+01
9.999862e-01 4.739146e-03 -2.261675e-03 1.947202e-01 -4.753124e-03 9.999694e-01 -6.212083e-03 -7.404267e-01 2.232253e-03 6.222760e-03 9.999781e-01 1.840663e+01
9.999659e-01 -6.377408e-03 5.254185e-03 3.827382e-01 6.335900e-03 9.999489e-01 7.880424e-03 -7.439722e-01 -5.304260e-03 -7.846877e-03 9.999552e-01 1.835218e+01
9.999885e-01 4.725988e-03 -7.972775e-04 5.611484e-01 -4.730603e-03 9.999715e-01 -5.880041e-03 -7.454957e-01 7.695534e-04 5.883758e-03 9.999823e-01 1.821392e+01
9.999667e-01 -4.966378e-03 6.474411e-03 4.918655e-01 4.921493e-03 9.999639e-01 6.931294e-03 -7.416822e-01 -6.508688e-03 -6.899212e-03 9.999551e-01 1.808818e+01
9.999855e-01 4.136808e-03 -3.446453e-03 5.469576e-01 -4.157844e-03 9.999726e-01 -6.116925e-03 -7.427041e-01 3.421142e-03 6.131179e-03 9.999753e-01 1.806624e+01
9.999721e-01 -5.088343e-03 5.465147e-03 6.808659e-01 5.049262e-03 9.999617e-01 7.142481e-03 -7.460473e-01 -5.501370e-03 -7.114699e-03 9.999596e-01 1.806894e+01
9.999865e-01 5.197516e-03 1.519619e-04 5.382355e-01 -5.196441e-03 9.999659e-01 -6.420931e-03 -7.421118e-01 -1.852411e-04 6.420067e-03 9.999793e-01 1.798824e+01
9.999543e-01 -4.525364e-03 8.421876e-03 2.395370e-01 4.468667e-03 9.999673e-01 6.739617e-03 -7.325739e-01 -8.452189e-03 -6.701687e-03 9.999419e-01 1.776100e+01
9.999871e-01 4.554575e-03 -2.237808e-03 8.527536e-02 -4.568164e-03 9.999709e-01 -6.101664e-03 -7.272235e-01 2.210041e-03 6.111821e-03 9.999788e-01 1.761954e+01
9.999669e-01 -4.784241e-03 6.584609e-03 2.191668e-02 4.743039e-03 9.999692e-01 6.259886e-03 -7.255550e-01 -6.614444e-03 -6.228460e-03 9.999588e-01 1.757135e+01
9.999821e-01 4.121786e-03 -4.321956e-03 1.741644e-01 -4.143700e-03 9.999786e-01 -5.071752e-03 -7.302233e-01 4.301048e-03 5.089583e-03 9.999777e-01 1.760497e+01
9.999663e-01 -4.736945e-03 6.708378e-03 1.182567e-01 4.702033e-03 9.999754e-01 5.211673e-03 -7.319360e-01 -6.732989e-03 -5.179966e-03 9.999640e-01 1.771259e+01
9.999929e-01 2.828443e-03 -2.469515e-03 -1.121929e-01 -2.841114e-03 9.999828e-01 -5.139162e-03 -7.303051e-01 2.455027e-03 5.146154e-03 9.999837e-01 1.784125e+01
9.999701e-01 -3.446189e-03 6.930507e-03 -1.781077e-01 3.407684e-03 9.999787e-01 5.561112e-03 -7.277675e-01 -6.949615e-03 -5.537340e-03 9.999606e-01 1.775926e+01
9.999986e-01 1.308683e-03 -9.979534e-04 -1.477075e-02 -1.312193e-03 9.999930e-01 -3.516647e-03 -7.278940e-01 9.934343e-04 3.517964e-03 9.999932e-01 1.757716e+01
9.999880e-01 -1.572196e-03 4.656295e-03 -2.516966e-03 1.552883e-03 9.999902e-01 4.150054e-03 -7.280310e-01 -4.662864e-03 -4.142785e-03 9.999806e-01 1.754746e+01
9.999985e-01 1.429840e-03 9.563072e-04 -1.141763e-01 -1.426594e-03 9.999932e-01 -3.394465e-03 -7.233180e-01 -9.610637e-04 3.393108e-03 9.999937e-01 1.739960e+01
9.999774e-01 -9.034314e-04 6.672041e-03 -2.648705e-01 8.788399e-04 9.999928e-01 3.688949e-03 -7.176452e-01 -6.675417e-03 -3.683014e-03 9.999710e-01 1.724198e+01
9.999985e-01 6.954557e-04 -1.577128e-03 -4.471801e-01 -7.007565e-04 9.999941e-01 -3.357716e-03 -7.137085e-01 1.574875e-03 3.358829e-03 9.999930e-01 1.721058e+01
9.999739e-01 -7.967809e-04 7.185271e-03 -5.973602e-01 7.698845e-04 9.999927e-01 3.746365e-03 -7.092508e-01 -7.188295e-03 -3.740748e-03 9.999672e-01 1.711504e+01
9.999968e-01 1.138293e-03 2.262034e-03 -8.862963e-01 -1.131240e-03 9.999945e-01 -3.120593e-03 -6.990363e-01 -2.265482e-03 3.118037e-03 9.999925e-01 1.684209e+01
9.999588e-01 -7.319306e-04 9.052552e-03 -1.426377e+00 6.987707e-04 9.999930e-01 3.666561e-03 -6.848520e-01 -9.055265e-03 -3.660096e-03 9.999524e-01 1.660898e+01
9.999988e-01 1.022877e-03 1.105738e-03 -1.910655e+00 -1.019482e-03 9.999948e-01 -3.074806e-03 -6.720440e-01 -1.108785e-03 3.073688e-03 9.999946e-01 1.640150e+01
9.999624e-01 -2.216737e-04 8.669674e-03 -2.235468e+00 1.913428e-04 9.999939e-01 3.500150e-03 -6.606733e-01 -8.670490e-03 -3.498372e-03 9.999564e-01 1.609616e+01
9.999898e-01 -1.405934e-03 4.278579e-03 -2.194691e+00 1.405710e-03 9.999990e-01 5.340090e-05 -6.485142e-01 -4.278557e-03 -4.737334e-05 9.999908e-01 1.536803e+01
9.999613e-01 -2.198145e-03 8.520165e-03 -2.007309e+00 2.161403e-03 9.999883e-01 4.320165e-03 -6.407170e-01 -8.529656e-03 -4.301595e-03 9.999544e-01 1.474115e+01
9.999877e-01 5.260592e-04 4.920452e-03 -1.959666e+00 -5.235810e-04 9.999997e-01 -5.067830e-04 -6.282345e-01 -4.920623e-03 5.042134e-04 9.999877e-01 1.398477e+01
9.999454e-01 -1.725487e-03 1.030672e-02 -2.000277e+00 1.694866e-03 9.999941e-01 2.979865e-03 -6.151519e-01 -1.031189e-02 -2.962246e-03 9.999425e-01 1.327846e+01
9.999789e-01 1.153217e-03 -6.380877e-03 -1.998597e+00 -1.169678e-03 9.999960e-01 -2.575128e-03 -6.164239e-01 6.377976e-03 2.582550e-03 9.999763e-01 1.332228e+01
9.999515e-01 -1.810102e-03 9.682324e-03 -1.968614e+00 1.782434e-03 9.999943e-01 2.866437e-03 -6.235699e-01 -9.687553e-03 -2.849053e-03 9.999491e-01 1.351839e+01
9.999797e-01 8.768808e-04 -6.305540e-03 -1.990417e+00 -8.944695e-04 9.999957e-01 -2.785607e-03 -6.295715e-01 6.303166e-03 2.791204e-03 9.999762e-01 1.372457e+01
9.999566e-01 -2.446791e-03 8.998271e-03 -2.107145e+00 2.421468e-03 9.999931e-01 2.824962e-03 -6.329481e-01 -9.005216e-03 -2.803062e-03 9.999556e-01 1.394506e+01
9.999816e-01 1.195353e-03 -5.943617e-03 -2.211151e+00 -1.212740e-03 9.999950e-01 -2.920982e-03 -6.349523e-01 5.940190e-03 2.928149e-03 9.999780e-01 1.410027e+01
9.999169e-01 -1.340806e-03 1.282376e-02 -2.294677e+00 1.283113e-03 9.999890e-01 4.506810e-03 -6.289751e-01 -1.282976e-02 -4.489994e-03 9.999077e-01 1.383656e+01
9.999961e-01 -2.908042e-05 -2.774902e-03 -2.219822e+00 2.147520e-05 9.999963e-01 -2.737225e-03 -6.241557e-01 2.775067e-03 2.737167e-03 9.999923e-01 1.347731e+01
9.999633e-01 -2.355548e-03 8.238236e-03 -1.891422e+00 2.307355e-03 9.999802e-01 5.855635e-03 -6.331680e-01 -8.251962e-03 -5.836424e-03 9.999490e-01 1.342918e+01
9.999976e-01 1.313912e-04 -2.182040e-03 -1.554001e+00 -1.379824e-04 9.999954e-01 -3.016266e-03 -6.449898e-01 2.181729e-03 3.016572e-03 9.999930e-01 1.346570e+01
9.999684e-01 -1.920413e-03 7.713060e-03 -1.254123e+00 1.878887e-03 9.999837e-01 5.388741e-03 -6.561514e-01 -7.723379e-03 -5.374091e-03 9.999558e-01 1.352296e+01
9.999884e-01 1.548337e-03 4.558223e-03 -1.346661e+00 -1.531802e-03 9.999922e-01 -3.631050e-03 -6.448827e-01 -4.563713e-03 3.624039e-03 9.999830e-01 1.298359e+01
9.999791e-01 -4.409568e-03 4.731457e-03 -1.123164e+00 4.376182e-03 9.999656e-01 7.045446e-03 -6.420012e-01 -4.762458e-03 -7.024606e-03 9.999640e-01 1.257535e+01
9.999956e-01 6.262876e-04 2.885842e-03 -7.833500e-01 -6.181134e-04 9.999958e-01 -2.836101e-03 -6.433369e-01 -2.887509e-03 2.834317e-03 9.999918e-01 1.221836e+01
9.999815e-01 -3.878960e-03 4.696063e-03 -4.771607e-01 3.848954e-03 9.999722e-01 6.384032e-03 -6.455215e-01 -4.720793e-03 -6.365851e-03 9.999687e-01 1.195571e+01
9.999984e-01 1.707721e-03 5.049917e-04 -1.396401e-01 -1.706092e-03 9.999933e-01 -3.229496e-03 -6.550799e-01 -5.104064e-04 3.228643e-03 9.999946e-01 1.193213e+01
9.999613e-01 -5.778673e-03 6.633188e-03 3.653786e-01 5.722567e-03 9.999479e-01 8.447892e-03 -6.650513e-01 -6.681757e-03 -8.409619e-03 9.999424e-01 1.173983e+01
