1.000000e+00 1.197625e-11 1.704638e-10 5.551115e-17 1.197625e-11 1.000000e+00 3.562503e-10 0.000000e+00 1.704638e-10 3.562503e-10 1.000000e+00 2.220446e-16 0.000000e+00 0.000000e+00 0.000000e+00 1.000000e+00
9.907982e-01 -6.133609e-02 1.206515e-01 2.130075e-02 5.752679e-02 9.977369e-01 3.480967e-02 -6.883512e-03 -1.225135e-01 -2.754867e-02 9.920844e-01 2.040002e-01
9.998852e-01 -1.933170e-03 -1.502600e-02 5.178044e-03 1.992521e-03 9.999903e-01 3.935952e-03 -9.486756e-03 1.501824e-02 -3.965439e-03 9.998794e-01 2.555885e-01
9.966805e-01 -4.758146e-02 6.606120e-02 -1.000308e-02 4.484786e-02 9.980994e-01 4.226440e-02 -1.223511e-02 -6.794665e-02 -3.916140e-02 9.969201e-01 3.169018e-01
9.997957e-01 -5.355334e-03 1.948791e-02 -2.432901e-02 5.466521e-03 9.999691e-01 -5.656664e-03 -1.528521e-02 -1.945701e-02 5.762040e-03 9.997941e-01 3.996184e-01
9.632697e-01 3.685724e-02 -2.659944e-01 -1.876898e-01 -3.553728e-02 9.993205e-01 9.775432e-03 -2.049308e-02 2.661740e-01 3.633976e-05 9.639250e-01 6.538095e-01
9.501286e-01 2.973288e-02 -3.104379e-01 -5.551054e-01 -4.810981e-02 9.975028e-01 -5.170717e-02 -2.673190e-02 3.081253e-01 6.406357e-02 9.491863e-01 1.161321e+00
9.925873e-01 -2.586109e-02 -1.187505e-01 -8.439017e-01 2.911382e-02 9.992447e-01 2.573844e-02 -3.265021e-02 1.179952e-01 -2.900493e-02 9.925905e-01 1.611644e+00
9.956928e-01 -1.543147e-03 -9.270148e-02 -9.938054e-01 1.597492e-03 9.999986e-01 5.120307e-04 -3.763394e-02 9.270055e-02 -6.579146e-04 9.956938e-01 1.934018e+00
9.985618e-01 -3.708152e-02 3.872017e-02 -1.005870e+00 3.464491e-02 9.974866e-01 6.180840e-02 -4.275138e-02 -4.091479e-02 -6.037805e-02 9.973367e-01 2.123544e+00
9.974054e-01 -1.518077e-03 -7.197372e-02 -9.815696e-01 2.188537e-03 9.999549e-01 9.237400e-03 -4.776259e-02 7.195646e-02 -9.370949e-03 9.973638e-01 2.322974e+00
9.909071e-01 -5.749369e-02 -1.216454e-01 -3.937419e-01 6.956721e-02 9.928059e-01 9.745188e-02 -5.545817e-02 1.151674e-01 -1.050283e-01 9.877781e-01 2.939835e+00
9.829312e-01 1.179457e-01 -1.411918e-01 2.707252e-01 -1.031398e-01 9.887898e-01 1.079675e-01 -5.506588e-02 1.523433e-01 -9.156213e-02 9.840772e-01 3.263630e+00
9.802062e-01 -1.506199e-01 1.284889e-01 6.666698e-01 1.609384e-01 9.841822e-01 -7.405600e-02 -5.606757e-02 -1.153022e-01 9.326895e-02 9.889420e-01 3.408814e+00
9.839050e-01 1.766533e-01 -2.691701e-02 1.010673e+00 -1.704701e-01 9.730899e-01 1.550354e-01 -5.837597e-02 5.358019e-02 -1.479516e-01 9.875421e-01 3.545081e+00
9.687746e-01 -2.163753e-01 1.210679e-01 1.103384e+00 2.268037e-01 9.706400e-01 -8.011319e-02 -5.922227e-02 -1.001788e-01 1.050703e-01 9.894061e-01 3.515060e+00
9.731711e-01 1.863101e-01 -1.350058e-01 1.311085e+00 -1.632425e-01 9.726057e-01 1.654995e-01 -5.586500e-02 1.621416e-01 -1.390206e-01 9.769255e-01 3.419384e+00
9.594088e-01 -2.100511e-01 1.881845e-01 1.451231e+00 2.298538e-01 9.690349e-01 -9.021455e-02 -5.576624e-02 -1.634077e-01 1.298076e-01 9.779816e-01 3.396826e+00
9.779831e-01 1.994195e-01 -6.148939e-02 1.529569e+00 -1.872171e-01 9.685943e-01 1.636300e-01 -5.651021e-02 9.218930e-02 -1.485155e-01 9.846036e-01 3.360523e+00
9.436948e-01 -2.291619e-01 2.385897e-01 1.552190e+00 2.522667e-01 9.650593e-01 -7.086617e-02 -5.755871e-02 -2.140133e-01 1.270642e-01 9.685313e-01 3.288692e+00
9.753837e-01 2.199088e-01 -1.632972e-02 1.574038e+00 -2.162055e-01 9.682666e-01 1.253590e-01 -5.825056e-02 4.337909e-02 -1.187426e-01 9.919770e-01 3.189811e+00
9.530084e-01 -2.663721e-01 1.442944e-01 1.585434e+00 2.748359e-01 9.605765e-01 -4.192897e-02 -5.913074e-02 -1.274371e-01 7.961595e-02 9.886461e-01 3.141729e+00
9.732836e-01 2.262812e-01 -3.893390e-02 1.586545e+00 -2.208576e-01 9.690030e-01 1.107029e-01 -6.100921e-02 6.277705e-02 -9.914644e-02 9.930906e-01 3.158139e+00
9.556210e-01 -2.754892e-01 1.043752e-01 1.579739e+00 2.804573e-01 9.591886e-01 -3.606976e-02 -6.273891e-02 -9.017866e-02 6.374180e-02 9.938837e-01 3.169561e+00
9.677208e-01 2.395954e-01 -7.816921e-02 1.555126e+00 -2.310822e-01 9.673368e-01 1.042143e-01 -6.450420e-02 1.005852e-01 -8.278680e-02 9.914782e-01 3.208694e+00
9.468491e-01 -2.856025e-01 1.480138e-01 1.551194e+00 2.923647e-01 9.559622e-01 -2.567354e-02 -6.571298e-02 -1.341631e-01 6.758296e-02 9.886520e-01 3.209695e+00
9.687042e-01 2.466761e-01 -2.762320e-02 1.551284e+00 -2.434575e-01 9.659147e-01 8.796143e-02 -6.661967e-02 4.837964e-02 -7.848353e-02 9.957408e-01 3.173892e+00
9.389205e-01 -3.066554e-01 1.561756e-01 1.557900e+00 3.082391e-01 9.511971e-01 1.458411e-02 -6.791703e-02 -1.530261e-01 3.444611e-02 9.876216e-01 3.143516e+00
9.597793e-01 2.706959e-01 -7.448099e-02 1.548031e+00 -2.674445e-01 9.622325e-01 5.081408e-02 -6.918662e-02 8.542319e-02 -2.885077e-02 9.959270e-01 3.129748e+00
9.447655e-01 -3.112935e-01 1.025400e-01 1.527150e+00 3.113057e-01 9.501701e-01 1.629452e-02 -6.983984e-02 -1.025028e-01 1.652678e-02 9.945954e-01 3.117902e+00
9.571446e-01 2.778269e-01 -8.176997e-02 1.497467e+00 -2.750027e-01 9.604265e-01 4.420863e-02 -7.059505e-02 9.081640e-02 -1.982709e-02 9.956703e-01 3.117072e+00
9.482597e-01 -3.096267e-01 7.024834e-02 1.461937e+00 3.098118e-01 9.507597e-01 8.520066e-03 -7.161502e-02 -6.942733e-02 1.368453e-02 9.974931e-01 3.125945e+00
8.703597e-01 3.412159e-01 -3.550291e-01 1.293304e+00 -3.293408e-01 9.393750e-01 9.544213e-02 -7.412036e-02 3.660719e-01 3.385658e-02 9.299705e-01 3.317066e+00
9.250049e-01 -3.335650e-01 1.819352e-01 1.139209e+00 3.485002e-01 9.356042e-01 -5.650176e-02 -7.515984e-02 -1.513723e-01 1.156689e-01 9.816859e-01 3.471629e+00
9.111445e-01 3.294461e-01 -2.475498e-01 1.075247e+00 -2.934269e-01 9.404571e-01 1.715843e-01 -7.690551e-02 2.893377e-01 -8.370030e-02 9.535607e-01 3.552609e+00
9.316201e-01 -3.227665e-01 1.670502e-01 1.010399e+00 3.417993e-01 9.343425e-01 -1.008833e-01 -7.864082e-02 -1.235204e-01 1.510826e-01 9.807736e-01 3.647480e+00
8.876635e-01 3.350043e-01 -3.159519e-01 9.015402e-01 -2.723334e-01 9.351762e-01 2.264508e-01 -8.014443e-02 3.713327e-01 -1.149679e-01 9.213547e-01 3.773044e+00
9.409947e-01 -2.853612e-01 1.819286e-01 7.893721e-01 3.162065e-01 9.329337e-01 -1.721862e-01 -8.202039e-02 -1.205921e-01 2.195533e-01 9.681187e-01 3.906734e+00
9.081988e-01 3.074773e-01 -2.839588e-01 6.899234e-01 -2.223872e-01 9.292690e-01 2.949628e-01 -8.557244e-02 3.545685e-01 -2.047361e-01 9.123400e-01 4.091158e+00
9.417566e-01 -2.617599e-01 2.111311e-01 6.095295e-01 3.060185e-01 9.273726e-01 -2.152503e-01 -8.849913e-02 -1.394533e-01 2.673234e-01 9.534626e-01 4.261606e+00
9.280384e-01 2.826862e-01 -2.425557e-01 5.356077e-01 -1.988863e-01 9.266494e-01 3.190066e-01 -9.112336e-02 3.149429e-01 -2.478094e-01 9.161886e-01 4.379778e+00
9.502364e-01 -2.349789e-01 2.045377e-01 4.644426e-01 2.830521e-01 9.254612e-01 -2.517997e-01 -9.403831e-02 -1.301241e-01 2.971640e-01 9.459182e-01 4.504082e+00
9.195364e-01 2.709282e-01 -2.846942e-01 3.672457e-01 -1.583158e-01 9.183862e-01 3.626332e-01 -9.740833e-02 3.597068e-01 -2.883829e-01 8.873817e-01 4.683549e+00
9.605439e-01 -1.884717e-01 2.045333e-01 2.668558e-01 2.459317e-01 9.190102e-01 -3.081200e-01 -9.951814e-02 -1.298963e-01 3.462640e-01 9.291008e-01 4.831650e+00
9.429145e-01 2.242522e-01 -2.462179e-01 1.871839e-01 -1.212252e-01 9.197091e-01 3.734162e-01 -1.008592e-01 3.101882e-01 -3.222517e-01 8.943920e-01 4.916077e+00
9.702470e-01 -1.453754e-01 1.936148e-01 1.283594e-01 2.041655e-01 9.210931e-01 -3.315177e-01 -1.029269e-01 -1.301427e-01 3.611836e-01 9.233685e-01 5.005268e+00
9.444811e-01 1.865892e-01 -2.704440e-01 5.235888e-02 -6.547020e-02 9.134741e-01 4.015952e-01 -1.049713e-01 3.219769e-01 -3.615930e-01 8.749751e-01 5.118022e+00
9.918281e-01 -6.408441e-02 1.103187e-01 -9.026001e-02 1.012132e-01 9.216572e-01 -3.745716e-01 -1.100997e-01 -7.767179e-02 3.826763e-01 9.206117e-01 5.348115e+00
9.551285e-01 8.248112e-02 -2.844757e-01 -2.369650e-01 4.324618e-02 9.113172e-01 4.094273e-01 -1.132729e-01 2.930176e-01 -4.033582e-01 8.668580e-01 5.587430e+00
9.939717e-01 2.274531e-02 1.072514e-01 -3.517030e-01 2.234067e-02 9.156993e-01 -4.012427e-01 -1.152445e-01 -1.073364e-01 4.012200e-01 9.096710e-01 5.721239e+00
9.487409e-01 1.205217e-02 -3.158251e-01 -4.826139e-01 1.194358e-01 9.115031e-01 3.935698e-01 -1.170609e-01 2.926189e-01 -4.111166e-01 8.633408e-01 5.863162e+00
9.921103e-01 1.030850e-01 7.134859e-02 -6.128383e-01 -6.697633e-02 9.169071e-01 -3.934406e-01 -1.190244e-01 -1.059778e-01 3.855578e-01 9.165773e-01 6.023498e+00
9.425653e-01 -7.555864e-02 -3.253636e-01 -7.432258e-01 1.996478e-01 9.083734e-01 3.674216e-01 -1.216730e-01 2.677898e-01 -4.112770e-01 8.712863e-01 6.199484e+00
9.812122e-01 1.884931e-01 4.114498e-02 -8.818412e-01 -1.599380e-01 9.139714e-01 -3.729290e-01 -1.241083e-01 -1.078999e-01 3.593419e-01 9.269472e-01 6.374209e+00
9.341959e-01 -1.749235e-01 -3.109338e-01 -1.012181e+00 2.767778e-01 9.052754e-01 3.222895e-01 -1.262210e-01 2.251047e-01 -3.871411e-01 8.941195e-01 6.539702e+00
9.654226e-01 2.499318e-01 7.411703e-02 -1.112436e+00 -2.122602e-01 9.186883e-01 -3.331027e-01 -1.285142e-01 -1.513434e-01 3.058528e-01 9.399730e-01 6.679247e+00
9.116692e-01 -2.220006e-01 -3.457961e-01 -1.228571e+00 3.223541e-01 9.082522e-01 2.667693e-01 -1.310880e-01 2.548471e-01 -3.546741e-01 8.995883e-01 6.843553e+00
9.477838e-01 2.986611e-01 1.118363e-01 -1.332237e+00 -2.536831e-01 9.185607e-01 -3.031354e-01 -1.329538e-01 -1.932632e-01 2.589358e-01 9.463623e-01 6.987931e+00
8.979853e-01 -2.636550e-01 -3.522903e-01 -1.437545e+00 3.573287e-01 9.041487e-01 2.341609e-01 -1.370236e-01 2.567851e-01 -3.361565e-01 9.061237e-01 7.187427e+00
9.231188e-01 3.636728e-01 1.248754e-01 -1.521206e+00 -3.216895e-01 9.083334e-01 -2.672946e-01 -1.451752e-01 -2.106363e-01 2.065735e-01 9.554893e-01 7.526653e+00
8.516907e-01 -3.017642e-01 -4.284406e-01 -1.666129e+00 4.059399e-01 8.969464e-01 1.752143e-01 -1.531172e-01 3.314148e-01 -3.231495e-01 8.864190e-01 7.914896e+00
9.105735e-01 3.879536e-01 1.426462e-01 -1.823506e+00 -3.501915e-01 9.073908e-01 -2.323961e-01 -1.566419e-01 -2.195947e-01 1.616602e-01 9.621040e-01 8.190025e+00
8.606816e-01 -3.687062e-01 -3.511166e-01 -1.908111e+00 4.343181e-01 8.915601e-01 1.284071e-01 -1.588531e-01 2.656970e-01 -2.630139e-01 9.274852e-01 8.321303e+00
8.996829e-01 4.042623e-01 1.647506e-01 -1.988359e+00 -3.727478e-01 9.078322e-01 -1.920930e-01 -1.618116e-01 -2.272219e-01 1.114123e-01 9.674490e-01 8.460352e+00
8.545542e-01 -3.883387e-01 -3.448624e-01 -2.050158e+00 4.419129e-01 8.925331e-01 8.998765e-02 -1.658510e-01 2.728554e-01 -2.292984e-01 9.343298e-01 8.659508e+00
8.938822e-01 4.095498e-01 1.823281e-01 -2.114256e+00 -3.860763e-01 9.099831e-01 -1.512474e-01 -1.698278e-01 -2.278588e-01 6.480481e-02 9.715352e-01 8.843215e+00
8.844527e-01 -3.430043e-01 -3.163723e-01 -1.884162e+00 3.942503e-01 9.119770e-01 1.134224e-01 -1.763069e-01 2.496198e-01 -2.250466e-01 9.418301e-01 9.188986e+00
9.073379e-01 3.405171e-01 2.465481e-01 -1.790858e+00 -3.089977e-01 9.378284e-01 -1.581084e-01 -1.801994e-01 -2.850584e-01 6.727492e-02 9.561463e-01 9.355004e+00
8.746383e-01 -3.000581e-01 -3.807532e-01 -1.572226e+00 3.798255e-01 9.122127e-01 1.536247e-01 -1.906484e-01 3.012316e-01 -2.789859e-01 9.118259e-01 9.821179e+00
8.924777e-01 3.402086e-01 2.962122e-01 -1.471204e+00 -2.959660e-01 9.371820e-01 -1.846457e-01 -1.980044e-01 -3.404228e-01 7.712341e-02 9.371042e-01 1.017016e+01
8.445406e-01 -3.176727e-01 -4.310862e-01 -1.526613e+00 3.839478e-01 9.203891e-01 7.394566e-02 -2.006894e-01 3.732765e-01 -2.279647e-01 8.992757e-01 1.028905e+01
8.808896e-01 4.226160e-01 2.131414e-01 -1.529063e+00 -4.057943e-01 9.061137e-01 -1.195363e-01 -2.117793e-01 -2.436483e-01 1.880668e-02 9.696813e-01 1.076403e+01
7.045741e-01 -2.708562e-01 -6.559057e-01 -1.520720e+00 3.429574e-01 9.391502e-01 -1.941711e-02 -2.295411e-01 6.212532e-01 -2.112669e-01 7.545931e-01 1.171702e+01
9.070186e-01 2.328981e-01 3.508215e-01 -1.470628e+00 -2.825241e-01 9.543557e-01 9.687826e-02 -2.414516e-01 -3.122457e-01 -1.869859e-01 9.314177e-01 1.249322e+01
8.680745e-01 -2.623631e-01 -4.214408e-01 -1.409077e+00 2.264485e-01 9.647402e-01 -1.341541e-01 -2.533995e-01 4.417780e-01 2.102113e-02 8.968781e-01 1.298212e+01
9.624842e-01 2.508250e-01 1.034939e-01 -1.617154e+00 -2.647637e-01 9.516167e-01 1.559673e-01 -2.641544e-01 -5.936607e-02 -1.775175e-01 9.823254e-01 1.353727e+01
8.966338e-01 -2.678706e-01 -3.525524e-01 -1.826678e+00 1.914610e-01 9.525102e-01 -2.367848e-01 -2.704908e-01 3.992374e-01 1.448092e-01 9.053396e-01 1.397671e+01
9.581535e-01 1.885550e-01 2.153809e-01 -1.792475e+00 -2.403505e-01 9.385908e-01 2.475460e-01 -2.785954e-01 -1.554784e-01 -2.889540e-01 9.446333e-01 1.440808e+01
8.498000e-01 -1.999267e-01 -4.877184e-01 -1.862795e+00 1.071944e-01 9.714906e-01 -2.114603e-01 -2.895083e-01 5.160903e-01 1.274182e-01 8.470038e-01 1.497806e+01
9.251399e-01 1.093893e-01 3.635247e-01 -1.878833e+00 -1.988284e-01 9.553616e-01 2.185210e-01 -3.016479e-01 -3.233937e-01 -2.744415e-01 9.055928e-01 1.552497e+01
9.078062e-01 -2.112563e-01 -3.622964e-01 -1.824607e+00 1.574566e-01 9.723532e-01 -1.724433e-01 -3.118847e-01 3.887098e-01 9.949913e-02 9.159719e-01 1.596141e+01
9.006864e-01 8.790831e-02 4.254835e-01 -1.825204e+00 -1.667923e-01 9.742383e-01 1.517895e-01 -3.212674e-01 -4.011787e-01 -2.076821e-01 8.921456e-01 1.631086e+01
8.727886e-01 -1.792869e-01 -4.539783e-01 -1.874688e+00 1.126094e-01 9.789676e-01 -1.701225e-01 -3.285894e-01 4.749307e-01 9.735877e-02 8.746211e-01 1.661819e+01
9.514633e-01 9.467596e-02 2.928379e-01 -1.995828e+00 -1.465425e-01 9.760871e-01 1.605590e-01 -3.348753e-01 -2.706343e-01 -1.956792e-01 9.425851e-01 1.691731e+01
8.953395e-01 -1.499916e-01 -4.193683e-01 -2.093488e+00 8.514769e-02 9.818646e-01 -1.693865e-01 -3.409033e-01 4.371694e-01 1.159502e-01 8.918736e-01 1.724326e+01
9.296596e-01 3.951387e-02 3.662944e-01 -2.134199e+00 -1.076278e-01 9.799890e-01 1.674448e-01 -3.473726e-01 -3.523481e-01 -1.950901e-01 9.153090e-01 1.750765e+01
8.619032e-01 -1.052577e-01 -4.960279e-01 -2.227964e+00 2.692854e-02 9.863392e-01 -1.625110e-01 -3.532885e-01 5.063573e-01 1.267115e-01 8.529633e-01 1.780162e+01
8.894895e-01 -2.449088e-02 4.562988e-01 -2.277920e+00 -6.528055e-02 9.815099e-01 1.799356e-01 -3.605635e-01 -4.522686e-01 -1.898383e-01 8.714439e-01 1.811004e+01
8.696196e-01 -7.380560e-02 -4.881746e-01 -2.309576e+00 7.131157e-03 9.905380e-01 -1.370531e-01 -3.673548e-01 4.936708e-01 1.157028e-01 8.619176e-01 1.839911e+01
8.948026e-01 -4.361255e-02 4.443267e-01 -2.363026e+00 -3.177748e-02 9.864719e-01 1.608212e-01 -3.743618e-01 -4.453296e-01 -1.580228e-01 8.813117e-01 1.869121e+01
8.337312e-01 -3.454372e-02 -5.510890e-01 -2.441130e+00 -3.477591e-02 9.927749e-01 -1.148415e-01 -3.797585e-01 5.510743e-01 1.149116e-01 8.265061e-01 1.894467e+01
9.028526e-01 -7.460562e-02 4.234279e-01 -2.531204e+00 8.460112e-03 9.877221e-01 1.559920e-01 -3.848645e-01 -4.298670e-01 -1.372556e-01 8.923986e-01 1.919309e+01
8.695352e-01 -8.892884e-04 -4.938701e-01 -2.548518e+00 -4.996099e-02 9.947100e-01 -8.975523e-02 -3.892638e-01 4.913373e-01 1.027196e-01 8.648909e-01 1.937781e+01
8.849808e-01 -1.026570e-01 4.541701e-01 -2.530843e+00 4.504753e-02 9.896945e-01 1.359246e-01 -3.940034e-01 -4.634432e-01 -9.983141e-02 8.804851e-01 1.954254e+01
8.223137e-01 2.931160e-02 -5.682790e-01 -2.608527e+00 -7.902700e-02 9.948773e-01 -6.303865e-02 -3.965197e-01 5.635201e-01 9.674693e-02 8.204176e-01 1.968506e+01
9.089015e-01 -1.043363e-01 4.037475e-01 -2.716488e+00 6.563883e-02 9.919196e-01 1.085678e-01 -3.989667e-01 -4.118126e-01 -7.217591e-02 9.084058e-01 1.982811e+01
8.263337e-01 5.393999e-02 -5.605917e-01 -2.830716e+00 -9.081526e-02 9.951382e-01 -3.811325e-02 -4.012471e-01 5.558104e-01 8.240454e-02 8.272148e-01 1.997534e+01
8.840828e-01 -1.193117e-01 4.518433e-01 -2.912949e+00 9.083081e-02 9.922920e-01 8.429931e-02 -4.025035e-01 -4.584183e-01 -3.348628e-02 8.881054e-01 2.006531e+01
8.204441e-01 8.251754e-02 -5.657405e-01 -2.987473e+00 -9.902528e-02 9.950837e-01 1.532777e-03 -4.048294e-01 5.630856e-01 5.476505e-02 8.245819e-01 2.017370e+01
8.992779e-01 -1.251597e-01 4.190875e-01 -2.983043e+00 9.393672e-02 9.910909e-01 9.441804e-02 -4.097486e-01 -4.271711e-01 -4.554036e-02 9.030232e-01 2.040560e+01
8.008395e-01 1.472827e-01 -5.804859e-01 -2.875739e+00 -1.127007e-01 9.890330e-01 9.545845e-02 -4.170727e-01 5.881791e-01 -1.102574e-02 8.086556e-01 2.081167e+01
8.605619e-01 -2.222625e-01 4.582931e-01 -2.822561e+00 2.004390e-01 9.749466e-01 9.645326e-02 -4.253421e-01 -4.682492e-01 8.855816e-03 8.835521e-01 2.120247e+01
8.568761e-01 1.978144e-01 -4.760597e-01 -2.782227e+00 -1.797295e-01 9.801426e-01 8.377192e-02 -4.315228e-01 4.831777e-01 1.377982e-02 8.754139e-01 2.146602e+01
8.677334e-01 -2.397207e-01 4.353995e-01 -2.653068e+00 2.382012e-01 9.694212e-01 5.901524e-02 -4.320273e-01 -4.362327e-01 5.250319e-02 8.983009e-01 2.148212e+01
8.223104e-01 1.764633e-01 -5.409864e-01 -2.211666e+00 -1.551880e-01 9.842085e-01 8.514819e-02 -4.292330e-01 5.474689e-01 1.393635e-02 8.367100e-01 2.156469e+01
9.213367e-01 -2.092399e-01 3.276542e-01 -1.841171e+00 1.848585e-01 9.772206e-01 1.042460e-01 -4.370425e-01 -3.420029e-01 -3.547596e-02 9.390290e-01 2.208719e+01
8.138406e-01 2.391111e-01 -5.296125e-01 -1.824847e+00 -1.721458e-01 9.697118e-01 1.732769e-01 -4.442218e-01 5.550039e-01 -4.984920e-02 8.303528e-01 2.249718e+01
8.941821e-01 -2.055779e-01 3.977136e-01 -1.910739e+00 2.494657e-01 9.664400e-01 -6.132295e-02 -4.475994e-01 -3.717598e-01 1.540498e-01 9.154580e-01 2.266547e+01
6.650879e-01 3.477502e-01 -6.608539e-01 -2.004274e+00 -2.261621e-01 9.371939e-01 2.655529e-01 -4.584752e-01 7.116943e-01 -2.715595e-02 7.019642e-01 2.320279e+01
9.322087e-01 -2.620623e-01 2.496202e-01 -2.209890e+00 2.901146e-01 9.534308e-01 -8.248153e-02 -4.684310e-01 -2.163803e-01 1.493085e-01 9.648246e-01 2.385020e+01
8.426533e-01 2.902989e-01 -4.534997e-01 -2.374035e+00 -1.967562e-01 9.499850e-01 2.425190e-01 -4.720353e-01 5.012209e-01 -1.151305e-01 8.576261e-01 2.413319e+01
9.031067e-01 -2.353254e-01 3.591939e-01 -2.471924e+00 2.985734e-01 9.453008e-01 -1.313785e-01 -4.748879e-01 -3.086296e-01 2.258946e-01 9.239694e-01 2.428291e+01
8.573210e-01 2.806732e-01 -4.315359e-01 -2.572685e+00 -1.684546e-01 9.450956e-01 2.800309e-01 -4.769898e-01 4.864398e-01 -1.673822e-01 8.575310e-01 2.441717e+01
9.605806e-01 -1.563226e-01 2.298873e-01 -2.733964e+00 2.061126e-01 9.553795e-01 -2.115837e-01 -4.841184e-01 -1.865543e-01 2.506259e-01 9.499390e-01 2.475881e+01
9.156432e-01 1.933641e-01 -3.524314e-01 -2.837566e+00 -7.995893e-02 9.468005e-01 3.117298e-01 -4.878691e-01 3.939595e-01 -2.572532e-01 8.823926e-01 2.506863e+01
9.513339e-01 -1.082489e-01 2.885239e-01 -2.901525e+00 1.784030e-01 9.568826e-01 -2.292336e-01 -4.955552e-01 -2.512692e-01 2.695512e-01 9.296268e-01 2.535821e+01
7.195634e-01 2.110729e-01 -6.615714e-01 -3.156991e+00 -2.728764e-02 9.605457e-01 2.767804e-01 -5.016311e-01 6.938904e-01 -1.811083e-01 6.969332e-01 2.582718e+01
9.448064e-01 2.213851e-02 3.268804e-01 -3.423198e+00 7.608655e-02 9.556106e-01 -2.846388e-01 -5.053512e-01 -3.186719e-01 2.937998e-01 9.011825e-01 2.618180e+01
9.215474e-01 4.387989e-02 -3.857783e-01 -3.467669e+00 9.747023e-02 9.356297e-01 3.392590e-01 -5.082445e-01 3.758322e-01 -3.502452e-01 8.579501e-01 2.633012e+01
9.084105e-01 2.520667e-02 4.173189e-01 -3.390582e+00 1.039412e-01 9.532235e-01 -2.838330e-01 -5.135469e-01 -4.049526e-01 3.012135e-01 8.632982e-01 2.649796e+01
8.908666e-01 9.572387e-02 -4.440649e-01 -3.399234e+00 7.107527e-02 9.361345e-01 3.443844e-01 -5.178928e-01 4.486702e-01 -3.383626e-01 8.271673e-01 2.664262e+01
8.410799e-01 2.622304e-02 5.402748e-01 -3.249955e+00 1.920180e-01 9.192961e-01 -3.435459e-01 -5.121190e-01 -5.056814e-01 3.926921e-01 7.681662e-01 2.632478e+01
8.389392e-01 1.833489e-01 -5.124101e-01 -3.167539e+00 4.696276e-02 9.136390e-01 4.038047e-01 -5.043148e-01 5.421950e-01 -3.628318e-01 7.578770e-01 2.602972e+01
8.726131e-01 -8.996901e-03 4.883291e-01 -3.156746e+00 1.939780e-01 9.239774e-01 -3.296032e-01 -5.070191e-01 -4.482397e-01 3.823412e-01 8.080200e-01 2.614531e+01
8.770942e-01 1.779287e-01 -4.461469e-01 -3.132157e+00 3.049768e-02 9.063524e-01 4.214204e-01 -5.105870e-01 4.793491e-01 -3.832319e-01 7.895301e-01 2.625403e+01
8.947370e-01 -1.152928e-02 4.464446e-01 -3.130211e+00 1.830573e-01 9.212959e-01 -3.430801e-01 -5.187342e-01 -4.073521e-01 3.886914e-01 8.264280e-01 2.653266e+01
8.382580e-01 1.898172e-01 -5.111682e-01 -3.173754e+00 6.300696e-02 8.974540e-01 4.365849e-01 -5.241002e-01 5.416213e-01 -3.981779e-01 7.403382e-01 2.680354e+01
8.834854e-01 3.848689e-02 4.668750e-01 -3.171821e+00 1.567146e-01 9.149167e-01 -3.719783e-01 -5.329792e-01 -4.414681e-01 4.018036e-01 8.022841e-01 2.715049e+01
8.663648e-01 1.535047e-01 -4.752349e-01 -3.154757e+00 8.613098e-02 8.914041e-01 4.449496e-01 -5.370220e-01 4.919283e-01 -4.264212e-01 7.590597e-01 2.735210e+01
8.843800e-01 2.157148e-02 4.662689e-01 -3.095382e+00 1.757989e-01 9.099804e-01 -3.755401e-01 -5.366555e-01 -4.323965e-01 4.140897e-01 8.009763e-01 2.731837e+01
8.541209e-01 1.725482e-01 -4.906166e-01 -3.120906e+00 7.912092e-02 8.892663e-01 4.504946e-01 -5.381328e-01 5.140208e-01 -4.235949e-01 7.458887e-01 2.738153e+01
8.278616e-01 6.321141e-03 5.608968e-01 -3.112491e+00 2.424549e-01 8.976711e-01 -3.679704e-01 -5.398706e-01 -5.058268e-01 4.406207e-01 7.416149e-01 2.741001e+01
8.264418e-01 2.353986e-01 -5.114503e-01 -3.134106e+00 4.705067e-02 8.763487e-01 4.793738e-01 -5.420925e-01 5.610527e-01 -4.202387e-01 7.131755e-01 2.744812e+01
8.285509e-01 -8.681101e-03 5.598465e-01 -3.146213e+00 2.672229e-01 8.847889e-01 -3.817597e-01 -5.471045e-01 -4.920319e-01 4.659112e-01 7.354124e-01 2.758892e+01
6.623916e-01 2.999830e-01 -6.864747e-01 -2.468337e+00 1.423668e-01 8.492256e-01 5.084757e-01 -5.306444e-01 7.355060e-01 -4.345412e-01 5.198123e-01 2.724466e+01
8.526486e-01 9.288402e-02 5.141623e-01 -1.775151e+00 1.956370e-01 8.557267e-01 -4.790178e-01 -5.115262e-01 -4.844755e-01 5.090230e-01 7.114626e-01 2.679962e+01
7.887783e-01 1.872365e-01 -5.854668e-01 -1.838064e+00 1.820094e-01 8.386189e-01 5.134110e-01 -5.134245e-01 5.871128e-01 -5.115279e-01 6.274056e-01 2.689288e+01
8.976360e-01 1.733401e-01 4.052195e-01 -1.924493e+00 6.875377e-02 8.530836e-01 -5.172245e-01 -5.166330e-01 -4.353419e-01 4.921397e-01 7.538408e-01 2.707801e+01
7.396151e-01 1.209549e-01 -6.620721e-01 -2.021323e+00 2.686792e-01 8.488690e-01 4.552285e-01 -5.240808e-01 6.170746e-01 -5.145788e-01 5.953382e-01 2.743255e+01
8.471062e-01 2.192532e-01 4.840859e-01 -2.071290e+00 4.901096e-02 8.748079e-01 -4.819845e-01 -5.284406e-01 -5.291588e-01 4.320176e-01 7.303093e-01 2.766532e+01
6.630878e-01 1.160541e-01 -7.394904e-01 -2.108400e+00 3.040982e-01 8.609460e-01 4.077945e-01 -5.356276e-01 6.839875e-01 -4.952812e-01 5.355909e-01 2.804173e+01
8.767261e-01 2.639702e-01 4.020835e-01 -2.220545e+00 -8.809704e-02 9.099352e-01 -4.052861e-01 -5.434106e-01 -4.728534e-01 3.199025e-01 8.210189e-01 2.853045e+01
5.545500e-01 1.256799e-02 -8.320555e-01 -2.392538e+00 3.126449e-01 9.234860e-01 2.223212e-01 -5.536775e-01 7.711858e-01 -3.834262e-01 5.081898e-01 2.915209e+01
8.111794e-01 2.798351e-01 5.134981e-01 -2.338199e+00 -1.914425e-01 9.567656e-01 -2.189733e-01 -5.676891e-01 -5.525737e-01 7.932124e-02 8.296809e-01 2.995592e+01
5.589113e-01 -4.760954e-02 -8.278596e-01 -2.001756e+00 2.867918e-01 9.478388e-01 1.391118e-01 -5.846483e-01 7.780544e-01 -3.151744e-01 5.434119e-01 3.092108e+01
7.833946e-01 9.392178e-02 6.143872e-01 -1.610029e+00 -8.016090e-02 9.955284e-01 -4.997529e-02 -5.975689e-01 -6.163336e-01 -1.009945e-02 7.874204e-01 3.180144e+01
6.976398e-01 -4.877109e-03 -7.164321e-01 -1.145863e+00 1.163438e-01 9.874751e-01 1.065698e-01 -6.070607e-01 7.069391e-01 -1.576997e-01 6.894693e-01 3.237025e+01
7.780675e-01 1.624848e-02 6.279705e-01 -6.093684e-01 -3.533713e-02 9.992146e-01 1.792911e-02 -6.144892e-01 -6.271860e-01 -3.614074e-02 7.780306e-01 3.287767e+01
7.259376e-01 5.154803e-02 -6.858261e-01 -3.346095e-01 2.348488e-02 9.947478e-01 9.962561e-02 -6.212683e-01 6.873595e-01 -8.842852e-02 7.209142e-01 3.323558e+01
7.776354e-01 -4.784752e-02 6.268922e-01 -3.034578e-01 6.073244e-02 9.981537e-01 8.478074e-04 -6.295705e-01 -6.257753e-01 3.741340e-02 7.791056e-01 3.355935e+01
6.207036e-01 8.831509e-02 -7.790555e-01 -3.581389e-01 -2.309430e-02 9.952641e-01 9.442475e-02 -6.353252e-01 7.837051e-01 -4.061804e-02 6.198036e-01 3.388990e+01
6.950702e-01 -1.177065e-01 7.092408e-01 -3.364347e-01 1.186906e-01 9.917571e-01 4.827412e-02 -6.390172e-01 -7.090768e-01 5.062632e-02 7.033115e-01 3.406463e+01
6.010954e-01 1.552434e-01 -7.839539e-01 -1.020635e-01 -7.706987e-02 9.876396e-01 1.364853e-01 -6.475233e-01 7.954524e-01 -2.162144e-02 6.056302e-01 3.447446e+01
7.103974e-01 -2.179280e-01 6.692107e-01 3.270437e-01 1.807734e-01 9.754519e-01 1.257561e-01 -6.606089e-01 -6.801886e-01 3.163864e-02 7.323541e-01 3.517330e+01
6.230494e-01 2.898198e-01 -7.265081e-01 7.129568e-01 -1.762617e-01 9.569539e-01 2.305885e-01 -6.723874e-01 7.620639e-01 -1.561247e-02 6.473136e-01 3.582165e+01
7.250358e-01 -3.045891e-01 6.176962e-01 1.087982e+00 3.161204e-01 9.440068e-01 9.444056e-02 -6.807893e-01 -6.118750e-01 1.267936e-01 7.807256e-01 3.635788e+01
6.521194e-01 3.841449e-01 -6.535848e-01 1.399125e+00 -2.473233e-01 9.227487e-01 2.955774e-01 -6.902277e-01 7.166391e-01 -3.110503e-02 6.967503e-01 3.686079e+01
7.154503e-01 -3.638161e-01 5.964635e-01 1.609611e+00 4.240946e-01 9.045934e-01 4.306555e-02 -6.973298e-01 -5.552249e-01 2.221457e-01 8.014840e-01 3.723962e+01
6.496286e-01 4.633805e-01 -6.027116e-01 1.697186e+00 -3.040778e-01 8.849743e-01 3.526432e-01 -7.048255e-01 6.967922e-01 -4.581584e-02 7.158083e-01 3.759936e+01
7.006178e-01 -3.985502e-01 5.918551e-01 1.884319e+00 4.932463e-01 8.698876e-01 1.886868e-03 -7.122801e-01 -5.155995e-01 2.906084e-01 8.060421e-01 3.797247e+01
6.716719e-01 5.192191e-01 -5.284584e-01 2.094390e+00 -3.262891e-01 8.477311e-01 4.181955e-01 -7.185097e-01 6.651257e-01 -1.084599e-01 7.388127e-01 3.830306e+01
6.675543e-01 -4.009254e-01 6.273995e-01 2.243563e+00 5.528791e-01 8.313072e-01 -5.703643e-02 -7.232321e-01 -4.986943e-01 3.849510e-01 7.766059e-01 3.850220e+01
7.220358e-01 5.522631e-01 -4.167370e-01 2.359049e+00 -3.936016e-01 8.232629e-01 4.090428e-01 -7.288106e-01 5.689833e-01 -1.313152e-01 8.117970e-01 3.866299e+01
6.957851e-01 -4.573081e-01 5.538524e-01 2.427426e+00 5.878720e-01 8.056234e-01 -7.333088e-02 -7.336791e-01 -4.126616e-01 3.766168e-01 8.293794e-01 3.882162e+01
7.043374e-01 5.845553e-01 -4.027455e-01 2.459267e+00 -4.063154e-01 7.972073e-01 4.465068e-01 -7.392343e-01 5.820796e-01 -1.508498e-01 7.990167e-01 3.903589e+01
7.096665e-01 -4.751806e-01 5.201701e-01 2.523704e+00 6.107574e-01 7.829763e-01 -1.179977e-01 -7.436239e-01 -3.512106e-01 4.014368e-01 8.458721e-01 3.922421e+01
7.324940e-01 6.021525e-01 -3.175923e-01 2.598704e+00 -4.428022e-01 7.757665e-01 4.495692e-01 -7.479634e-01 5.170867e-01 -1.886762e-01 8.348788e-01 3.938328e+01
7.071790e-01 -4.912616e-01 5.084879e-01 2.709739e+00 6.308612e-01 7.631466e-01 -1.400765e-01 -7.517595e-01 -3.192365e-01 4.198445e-01 8.495991e-01 3.950424e+01
7.325581e-01 6.224518e-01 -2.755219e-01 2.811958e+00 -4.761027e-01 7.578072e-01 4.461552e-01 -7.551551e-01 4.865026e-01 -1.956579e-01 8.514888e-01 3.961601e+01
7.116626e-01 -5.372685e-01 4.526355e-01 2.866388e+00 6.559848e-01 7.388055e-01 -1.544354e-01 -7.594497e-01 -2.514363e-01 4.068279e-01 8.782203e-01 3.975420e+01
7.541224e-01 6.311962e-01 -1.813584e-01 2.891086e+00 -5.260692e-01 7.458988e-01 4.085171e-01 -7.625346e-01 3.931294e-01 -2.126648e-01 8.945518e-01 3.984647e+01
6.613001e-01 -5.852365e-01 4.692338e-01 2.954455e+00 6.934571e-01 7.154720e-01 -8.495327e-02 -7.650904e-01 -2.860059e-01 3.815731e-01 8.789781e-01 3.985591e+01
7.099672e-01 6.752076e-01 -2.001033e-01 3.073443e+00 -5.810708e-01 7.221881e-01 3.752346e-01 -7.671673e-01 3.978735e-01 -1.501301e-01 9.050733e-01 3.989770e+01
6.791852e-01 -6.316233e-01 3.738442e-01 3.161596e+00 7.067794e-01 7.001760e-01 -1.010759e-01 -7.698018e-01 -1.979148e-01 3.328746e-01 9.219676e-01 3.996750e+01
7.127359e-01 6.891280e-01 -1.308056e-01 3.252683e+00 -6.229317e-01 7.075892e-01 3.335769e-01 -7.714183e-01 3.224338e-01 -1.562693e-01 9.336039e-01 4.001713e+01
6.671455e-01 -6.683575e-01 3.289607e-01 3.353564e+00 7.223351e-01 6.883492e-01 -6.638878e-02 -7.739909e-01 -1.820684e-01 2.819108e-01 9.420071e-01 4.007116e+01
6.993595e-01 7.040673e-01 -1.232297e-01 3.444372e+00 -6.499816e-01 6.981680e-01 3.001422e-01 -7.758800e-01 2.973553e-01 -1.298103e-01 9.459012e-01 4.011803e+01
6.671745e-01 -6.890466e-01 2.830069e-01 3.500936e+00 7.311884e-01 6.783509e-01 -7.213561e-02 -7.783077e-01 -1.422732e-01 2.550584e-01 9.564014e-01 4.018065e+01
7.039117e-01 7.070043e-01 -6.821437e-02 3.645961e+00 -6.723989e-01 6.942305e-01 2.567562e-01 -7.791835e-01 2.288842e-01 -1.348664e-01 9.640659e-01 4.018845e+01
6.717245e-01 -7.073808e-01 2.199969e-01 3.807269e+00 7.354053e-01 6.725265e-01 -8.298937e-02 -7.810685e-01 -8.924866e-02 2.175329e-01 9.719641e-01 4.026623e+01
6.964294e-01 7.170583e-01 -2.852098e-02 4.036956e+00 -6.909063e-01 6.807138e-01 2.434691e-01 -7.808161e-01 1.939962e-01 -1.498537e-01 9.694892e-01 4.027984e+01
6.719355e-01 -7.341329e-01 9.773200e-02 4.371019e+00 7.377988e-01 6.520454e-01 -1.746132e-01 -7.736021e-01 6.446359e-02 1.894354e-01 9.797748e-01 4.008923e+01
7.136372e-01 6.989161e-01 4.731079e-02 4.610234e+00 -6.795417e-01 6.742872e-01 2.890672e-01 -7.687592e-01 1.701327e-01 -2.384388e-01 9.561390e-01 3.997700e+01
7.127909e-01 -7.001020e-01 4.226464e-02 4.689223e+00 6.847920e-01 6.816450e-01 -2.577210e-01 -7.741927e-01 1.516215e-01 2.126437e-01 9.652946e-01 4.022194e+01
7.592159e-01 6.490349e-01 4.842494e-02 4.802404e+00 -6.258740e-01 7.076607e-01 3.278690e-01 -7.748570e-01 1.785300e-01 -2.792313e-01 9.434813e-01 4.029871e+01
7.343647e-01 -6.622753e-01 1.486602e-01 5.008351e+00 6.762800e-01 6.952350e-01 -2.435030e-01 -7.728450e-01 5.791225e-02 2.793559e-01 9.584396e-01 4.023237e+01
7.643199e-01 6.392648e-01 8.459089e-02 5.047326e+00 -6.285261e-01 7.092299e-01 3.192926e-01 -7.751995e-01 1.441182e-01 -2.972093e-01 9.438732e-01 4.029624e+01
7.304915e-01 -6.698211e-01 1.331235e-01 5.087888e+00 6.798575e-01 6.948180e-01 -2.345670e-01 -7.767980e-01 6.462133e-02 2.618542e-01 9.629416e-01 4.031202e+01
7.627130e-01 6.386566e-01 1.019152e-01 5.210953e+00 -6.348304e-01 7.092179e-01 3.065948e-01 -7.747255e-01 1.235287e-01 -2.985427e-01 9.463683e-01 4.022122e+01
7.368906e-01 -6.712452e-01 8.013851e-02 5.338448e+00 6.648982e-01 6.982579e-01 -2.652287e-01 -7.719190e-01 1.220761e-01 2.487285e-01 9.608494e-01 4.011390e+01
7.638440e-01 6.288176e-01 1.453641e-01 5.529717e+00 -6.395912e-01 7.073655e-01 3.009273e-01 -7.669478e-01 8.640289e-02 -3.228351e-01 9.425031e-01 3.992615e+01
7.342563e-01 -6.787381e-01 1.350366e-02 5.724734e+00 6.498831e-01 6.970123e-01 -3.030277e-01 -7.606589e-01 1.962642e-01 2.312758e-01 9.528861e-01 3.971717e+01
7.713676e-01 6.044142e-01 1.991873e-01 5.864592e+00 -6.348752e-01 7.092839e-01 3.063493e-01 -7.561935e-01 4.388151e-02 -3.627670e-01 9.308461e-01 3.957087e+01
7.342568e-01 -6.694701e-01 -1.125908e-01 6.115349e+00 5.812572e-01 7.056544e-01 -4.052060e-01 -7.483018e-01 3.507235e-01 2.320811e-01 9.072659e-01 3.935561e+01
8.179796e-01 5.095482e-01 2.669645e-01 6.279044e+00 -5.752352e-01 7.215344e-01 3.853473e-01 -7.421143e-01 3.728917e-03 -4.687736e-01 8.833105e-01 3.919205e+01
7.805975e-01 -6.172851e-01 -9.811492e-02 6.403718e+00 5.144564e-01 7.236822e-01 -4.600204e-01 -7.394828e-01 3.549677e-01 3.086149e-01 8.824708e-01 3.912442e+01
8.155498e-01 4.654216e-01 3.438914e-01 6.390085e+00 -5.735313e-01 7.292282e-01 3.732131e-01 -7.439166e-01 -7.707385e-02 -5.016064e-01 8.616558e-01 3.927517e+01
7.858300e-01 -6.116358e-01 -9.150384e-02 6.420048e+00 5.151567e-01 7.292477e-01 -4.503458e-01 -7.476982e-01 3.421766e-01 3.067564e-01 8.881530e-01 3.941055e+01
8.165496e-01 4.658067e-01 3.409852e-01 6.524462e+00 -5.739524e-01 7.183724e-01 3.930900e-01 -7.540476e-01 -6.185036e-02 -5.166868e-01 8.539375e-01 3.966586e+01
7.728270e-01 -5.966644e-01 -2.161714e-01 6.594779e+00 4.523879e-01 7.568556e-01 -4.717148e-01 -7.608276e-01 4.450659e-01 2.667606e-01 8.548422e-01 4.000809e+01
8.295243e-01 4.047621e-01 3.847819e-01 6.651761e+00 -5.441834e-01 7.406813e-01 3.940250e-01 -7.668562e-01 -1.255144e-01 -5.362452e-01 8.346779e-01 4.029640e+01
7.648275e-01 -5.108372e-01 -3.925356e-01 6.710707e+00 2.671528e-01 8.059348e-01 -5.282978e-01 -7.739526e-01 5.862322e-01 2.991897e-01 7.528727e-01 4.071726e+01
8.720692e-01 2.554539e-01 4.174189e-01 7.130272e+00 -4.129404e-01 8.418524e-01 3.475123e-01 -7.577253e-01 -2.626318e-01 -4.754239e-01 8.396408e-01 4.026311e+01
7.900302e-01 -4.759210e-01 -3.864602e-01 7.625349e+00 2.516960e-01 8.265853e-01 -5.033944e-01 -7.342462e-01 5.590182e-01 3.004263e-01 7.728148e-01 3.970081e+01
8.797294e-01 1.670900e-01 4.451484e-01 7.841256e+00 -3.744592e-01 8.204199e-01 4.320781e-01 -7.331253e-01 -2.930127e-01 -5.468018e-01 7.843159e-01 3.975816e+01
8.458676e-01 -3.873861e-01 -3.666605e-01 7.856485e+00 1.656235e-01 8.441874e-01 -5.098200e-01 -7.361700e-01 5.070274e-01 3.705127e-01 7.782311e-01 3.986043e+01
8.788229e-01 1.042507e-01 4.656201e-01 7.852686e+00 -3.310930e-01 8.359113e-01 4.377554e-01 -7.394761e-01 -3.435808e-01 -5.388730e-01 7.691347e-01 3.999328e+01
8.564368e-01 -3.501500e-01 -3.793559e-01 7.863193e+00 1.333343e-01 8.599224e-01 -4.927021e-01 -7.427040e-01 4.987363e-01 3.713871e-01 7.831562e-01 4.010730e+01
8.346418e-01 6.824844e-02 5.465484e-01 7.892280e+00 -3.319090e-01 8.542129e-01 4.001958e-01 -7.454296e-01 -4.395560e-01 -5.154245e-01 7.356141e-01 4.017740e+01
8.314555e-01 -3.446924e-01 -4.357395e-01 7.955907e+00 1.259355e-01 8.807922e-01 -4.564486e-01 -7.481141e-01 5.411303e-01 3.246417e-01 7.757485e-01 4.023505e+01
8.502669e-01 6.060493e-02 5.228511e-01 7.947710e+00 -2.958993e-01 8.765581e-01 3.795912e-01 -7.522792e-01 -4.353043e-01 -4.774651e-01 7.632413e-01 4.037236e+01
7.996731e-01 -3.043116e-01 -5.176074e-01 7.941239e+00 6.101789e-02 8.987767e-01 -4.341396e-01 -7.543403e-01 5.973272e-01 3.155864e-01 7.372960e-01 4.046013e+01
8.468558e-01 1.376165e-02 5.316445e-01 7.930464e+00 -2.533209e-01 8.894124e-01 3.804920e-01 -7.563414e-01 -4.676150e-01 -4.568985e-01 7.566901e-01 4.053257e+01
7.928273e-01 -2.651257e-01 -5.487561e-01 7.909954e+00 1.251739e-02 9.073114e-01 -4.202730e-01 -7.583720e-01 6.093178e-01 3.263349e-01 7.226599e-01 4.062006e+01
8.033140e-01 -5.498022e-02 5.930125e-01 7.957025e+00 -2.186350e-01 8.989801e-01 3.795176e-01 -7.600489e-01 -5.539724e-01 -4.345251e-01 7.101427e-01 4.066494e+01
8.157406e-01 -2.263455e-01 -5.322922e-01 8.022259e+00 4.556237e-03 9.227413e-01 -3.853929e-01 -7.616895e-01 5.784000e-01 3.119554e-01 7.537488e-01 4.069469e+01
7.926467e-01 -6.861634e-02 6.058078e-01 8.073464e+00 -1.907731e-01 9.158360e-01 3.533414e-01 -7.634436e-01 -5.790655e-01 -3.956467e-01 7.128442e-01 4.072920e+01
8.064600e-01 -1.981948e-01 -5.570827e-01 8.100922e+00 -8.622064e-03 9.381082e-01 -3.462350e-01 -7.652409e-01 5.912258e-01 2.840279e-01 7.548379e-01 4.075579e+01
7.691778e-01 -8.191040e-02 6.337636e-01 8.136120e+00 -1.692192e-01 9.302402e-01 3.256041e-01 -7.688826e-01 -6.162227e-01 -3.576924e-01 7.016593e-01 4.083132e+01
6.190430e-01 -1.423167e-01 -7.723547e-01 8.515929e+00 -1.133804e-01 9.569464e-01 -2.672048e-01 -7.581020e-01 7.771297e-01 2.529811e-01 5.762551e-01 4.058215e+01
7.839953e-01 -1.793179e-01 5.943033e-01 9.022261e+00 1.457667e-02 9.624237e-01 2.711608e-01 -7.478702e-01 -6.205956e-01 -2.039259e-01 7.571495e-01 4.044396e+01
7.519485e-01 2.785955e-02 -6.586329e-01 9.236575e+00 -1.603823e-01 9.768183e-01 -1.417869e-01 -7.505274e-01 6.394145e-01 2.122495e-01 7.389853e-01 4.058045e+01
7.547818e-01 -2.083188e-01 6.220190e-01 9.375242e+00 6.844195e-02 9.680682e-01 2.411631e-01 -7.478002e-01 -6.523956e-01 -1.394533e-01 7.449380e-01 4.048782e+01
6.852297e-01 9.875706e-02 -7.216005e-01 9.674841e+00 -2.070116e-01 9.763104e-01 -6.296135e-02 -7.369483e-01 6.982882e-01 1.925227e-01 6.894408e-01 4.015783e+01
8.242376e-01 -2.451483e-01 5.104259e-01 1.005314e+01 1.559408e-01 9.648398e-01 2.115813e-01 -7.201834e-01 -5.443481e-01 -9.479707e-02 8.334859e-01 3.974543e+01
7.958526e-01 1.503493e-01 -5.865268e-01 1.023498e+01 -1.959274e-01 9.805110e-01 -1.450953e-02 -7.141574e-01 5.729145e-01 1.264641e-01 8.097998e-01 3.957239e+01
8.136203e-01 -2.582922e-01 5.208715e-01 1.039455e+01 1.991304e-01 9.655116e-01 1.677334e-01 -7.156355e-01 -5.462316e-01 -3.274998e-02 8.369937e-01 3.965789e+01
7.767561e-01 2.006798e-01 -5.969737e-01 1.056480e+01 -2.198110e-01 9.746537e-01 4.163283e-02 -7.150692e-01 5.901975e-01 9.888286e-02 8.011798e-01 3.967925e+01
7.538915e-01 -2.778594e-01 5.953501e-01 1.075548e+01 2.345220e-01 9.602797e-01 1.512028e-01 -7.147734e-01 -6.137158e-01 2.563223e-02 7.891108e-01 3.966855e+01
7.413859e-01 2.553790e-01 -6.205873e-01 1.105476e+01 -2.620648e-01 9.615092e-01 8.259609e-02 -7.125620e-01 6.177937e-01 1.013985e-01 7.797752e-01 3.963196e+01
8.395297e-01 -2.437617e-01 4.855617e-01 1.182962e+01 2.696147e-01 9.628148e-01 1.719203e-02 -6.824531e-01 -4.716967e-01 1.164814e-01 8.740334e-01 3.872185e+01
7.965345e-01 2.559585e-01 -5.477390e-01 1.238048e+01 -1.655744e-01 9.636784e-01 2.095449e-01 -6.551648e-01 5.814790e-01 -7.621819e-02 8.099833e-01 3.796416e+01
8.354989e-01 -2.476037e-01 4.905446e-01 1.260584e+01 3.089975e-01 9.499098e-01 -4.681718e-02 -6.485444e-01 -4.543810e-01 1.906928e-01 8.701576e-01 3.778709e+01
8.285009e-01 2.933817e-01 -4.769837e-01 1.272569e+01 -1.922257e-01 9.490173e-01 2.498307e-01 -6.487980e-01 5.259615e-01 -1.152965e-01 8.426572e-01 3.780322e+01
8.485569e-01 -2.448818e-01 4.690247e-01 1.275596e+01 3.198108e-01 9.435748e-01 -8.595159e-02 -6.513908e-01 -4.215119e-01 2.229340e-01 8.789927e-01 3.790838e+01
8.333406e-01 3.051594e-01 -4.608916e-01 1.297434e+01 -1.766569e-01 9.371032e-01 3.010481e-01 -6.473324e-01 5.237707e-01 -1.694559e-01 8.348347e-01 3.779655e+01
8.887287e-01 -2.602737e-01 3.773843e-01 1.330794e+01 3.371466e-01 9.288802e-01 -1.533419e-01 -6.378260e-01 -3.106339e-01 2.635132e-01 9.132729e-01 3.756634e+01
8.621462e-01 3.061665e-01 -4.036904e-01 1.357370e+01 -1.625403e-01 9.217898e-01 3.519720e-01 -6.294426e-01 4.798797e-01 -2.378354e-01 8.444820e-01 3.733305e+01
8.898807e-01 -2.434504e-01 3.858034e-01 1.377521e+01 3.404539e-01 9.173211e-01 -2.064295e-01 -6.229369e-01 -3.036502e-01 3.150459e-01 8.991900e-01 3.714090e+01
9.013366e-01 3.134268e-01 -2.989247e-01 1.390918e+01 -1.923750e-01 9.080583e-01 3.720509e-01 -6.201898e-01 3.880518e-01 -2.778375e-01 8.787617e-01 3.705886e+01
8.487824e-01 -2.339136e-01 4.741865e-01 1.398278e+01 3.539197e-01 9.176244e-01 -1.808486e-01 -6.328771e-01 -3.928222e-01 3.213250e-01 8.616501e-01 3.743165e+01
8.682862e-01 3.236226e-01 -3.759620e-01 1.392507e+01 -1.905446e-01 9.173324e-01 3.495627e-01 -6.379669e-01 4.580085e-01 -2.318829e-01 8.581716e-01 3.771831e+01
9.085927e-01 -2.613721e-01 3.257974e-01 1.426702e+01 3.378258e-01 9.185641e-01 -2.052164e-01 -6.281809e-01 -2.456279e-01 2.965209e-01 9.228988e-01 3.745149e+01
8.667993e-01 3.194338e-01 -3.829112e-01 1.461287e+01 -1.482468e-01 8.982408e-01 4.137467e-01 -6.186185e-01 4.761111e-01 -3.018700e-01 8.259496e-01 3.722195e+01
8.981908e-01 -2.131128e-01 3.844948e-01 1.475788e+01 3.313361e-01 9.030008e-01 -2.735068e-01 -6.148523e-01 -2.889113e-01 3.730583e-01 8.816789e-01 3.711358e+01
8.973727e-01 3.127106e-01 -3.113429e-01 1.475268e+01 -1.658457e-01 8.928323e-01 4.187431e-01 -6.164012e-01 4.089224e-01 -3.241337e-01 8.530650e-01 3.716380e+01
9.042090e-01 -2.194913e-01 3.663737e-01 1.473622e+01 3.370826e-01 8.935303e-01 -2.966124e-01 -6.183784e-01 -2.622622e-01 3.916978e-01 8.819248e-01 3.722473e+01
9.102724e-01 3.243243e-01 -2.573285e-01 1.492075e+01 -1.917836e-01 8.811658e-01 4.321643e-01 -6.142061e-01 3.669104e-01 -3.440358e-01 8.643009e-01 3.709271e+01
8.640854e-01 -1.780392e-01 4.708063e-01 1.558857e+01 3.642631e-01 8.667021e-01 -3.407930e-01 -5.899532e-01 -3.473743e-01 4.659716e-01 8.137577e-01 3.619660e+01
