9.999779e-01 -1.730758e-04 -6.651783e-03 5.625883e-02 1.681003e-04 9.999997e-01 -7.485446e-04 -6.120601e-04 6.651910e-03 7.474091e-04 9.999776e-01 -2.051340e-01
1.000000e+00 4.194259e-05 -1.009497e-04 9.912992e-02 -4.190614e-05 9.999999e-01 3.607098e-04 -2.123693e-03 1.009652e-04 -3.607049e-04 9.999999e-01 -3.409573e-01
9.999664e-01 -5.935188e-05 -8.201051e-03 1.692111e-01 5.407856e-05 9.999998e-01 -6.432231e-04 -5.404769e-03 8.201087e-03 6.427572e-04 9.999662e-01 -4.532141e-01
1.000000e+00 -2.198856e-04 -1.511014e-06 1.437492e-01 2.198873e-04 9.999992e-01 1.205531e-03 -7.563927e-03 1.246275e-06 -1.205531e-03 9.999993e-01 -2.642597e-01
9.999963e-01 -1.569545e-03 2.214836e-03 3.998438e-02 1.570287e-03 9.999987e-01 -3.332367e-04 -7.865719e-03 -2.214311e-03 3.367127e-04 9.999975e-01 2.660853e-01
9.999476e-01 1.479068e-03 -1.012879e-02 4.140390e-02 -1.474956e-03 9.999988e-01 4.134557e-04 -1.071459e-02 1.012939e-02 -3.984938e-04 9.999486e-01 2.758318e-01
9.999887e-01 -1.797886e-03 4.405613e-03 8.566288e-02 1.802452e-03 9.999978e-01 -1.032719e-03 -1.133398e-02 -4.403747e-03 1.040647e-03 9.999898e-01 1.050176e-01
9.999124e-01 1.833095e-03 -1.310766e-02 1.140135e-01 -1.816437e-03 9.999975e-01 1.282661e-03 -1.509928e-02 1.310998e-02 -1.258738e-03 9.999133e-01 1.103348e-01
9.999855e-01 -2.020932e-03 4.986302e-03 1.240166e-01 2.023200e-03 9.999979e-01 -4.499121e-04 -2.209673e-02 -4.985382e-03 4.599932e-04 9.999875e-01 3.404598e-01
9.999192e-01 1.654758e-03 -1.260063e-02 1.272687e-01 -1.641042e-03 9.999980e-01 1.098772e-03 -2.791287e-02 1.260242e-02 -1.078005e-03 9.999200e-01 5.413360e-01
9.999926e-01 -1.815050e-03 3.381668e-03 1.344477e-01 1.816161e-03 9.999983e-01 -3.253286e-04 -3.381531e-02 -3.381072e-03 3.314671e-04 9.999942e-01 7.155597e-01
9.999208e-01 1.476880e-03 -1.249647e-02 1.580715e-01 -1.459021e-03 9.999979e-01 1.438098e-03 -4.326390e-02 1.249857e-02 -1.419751e-03 9.999209e-01 1.023009e+00
9.999917e-01 -1.316982e-03 3.858692e-03 1.725521e-01 1.321953e-03 9.999983e-01 -1.286112e-03 -4.650177e-02 -3.856992e-03 1.291202e-03 9.999917e-01 1.015096e+00
9.999234e-01 1.364553e-03 -1.230343e-02 2.003343e-01 -1.346596e-03 9.999980e-01 1.467720e-03 -4.971147e-02 1.230541e-02 -1.451039e-03 9.999232e-01 9.738284e-01
9.999879e-01 -1.380070e-03 4.711550e-03 2.324266e-01 1.386599e-03 9.999981e-01 -1.382743e-03 -5.253156e-02 -4.709633e-03 1.389259e-03 9.999879e-01 9.160423e-01
9.999089e-01 1.451547e-03 -1.342131e-02 2.328459e-01 -1.426748e-03 9.999973e-01 1.857102e-03 -5.600508e-02 1.342397e-02 -1.837783e-03 9.999082e-01 9.806623e-01
9.999784e-01 -1.289084e-03 6.450889e-03 2.245390e-01 1.298837e-03 9.999980e-01 -1.507874e-03 -5.801144e-02 -6.448933e-03 1.516220e-03 9.999781e-01 1.005841e+00
9.999283e-01 9.423494e-04 -1.193952e-02 1.850431e-01 -9.161842e-04 9.999972e-01 2.196757e-03 -5.982649e-02 1.194156e-02 -2.185660e-03 9.999263e-01 1.209269e+00
9.999956e-01 -1.070971e-03 2.775001e-03 2.173978e-01 1.079043e-03 9.999952e-01 -2.908981e-03 -5.812522e-02 -2.771872e-03 2.911962e-03 9.999919e-01 1.031578e+00
9.999900e-01 -7.265807e-05 -4.474275e-03 3.281003e-01 7.596493e-05 9.999997e-01 7.389014e-04 -5.493767e-02 4.474220e-03 -7.392332e-04 9.999897e-01 6.158783e-01
9.999990e-01 -5.588154e-04 1.301992e-03 3.441984e-01 5.611581e-04 9.999982e-01 -1.799712e-03 -5.327502e-02 -1.300984e-03 1.800440e-03 9.999975e-01 4.233807e-01
9.999740e-01 5.480605e-04 -7.189909e-03 3.104556e-01 -5.333768e-04 9.999978e-01 2.044022e-03 -5.382377e-02 7.191014e-03 -2.040133e-03 9.999721e-01 4.838669e-01
9.999958e-01 -7.569584e-04 2.789407e-03 2.569135e-01 7.611465e-04 9.999986e-01 -1.500725e-03 -5.401245e-02 -2.788267e-03 1.502842e-03 9.999950e-01 6.677495e-01
9.999774e-01 4.698858e-04 -6.709196e-03 1.901675e-01 -4.562755e-04 9.999978e-01 2.029982e-03 -5.388089e-02 6.710136e-03 -2.026874e-03 9.999754e-01 8.681241e-01
9.999996e-01 -6.647719e-04 6.766066e-04 1.700013e-01 6.662496e-04 9.999974e-01 -2.186272e-03 -5.231830e-02 -6.751518e-04 2.186721e-03 9.999974e-01 8.029937e-01
9.999898e-01 8.632854e-05 -4.516539e-03 2.052371e-01 -8.011381e-05 9.999990e-01 1.376139e-03 -5.202002e-02 4.516654e-03 -1.375762e-03 9.999889e-01 6.204458e-01
9.999985e-01 -4.724442e-04 -1.649512e-03 2.459342e-01 4.698858e-04 9.999987e-01 -1.550977e-03 -5.406956e-02 1.650243e-03 1.550199e-03 9.999974e-01 5.078083e-01
9.999845e-01 3.556879e-04 -5.552744e-03 2.772749e-01 -3.459030e-04 9.999984e-01 1.763012e-03 -5.846473e-02 5.553363e-03 -1.761063e-03 9.999830e-01 5.398515e-01
9.999904e-01 -9.253107e-04 4.277912e-03 1.825956e-01 9.312573e-04 9.999986e-01 -1.388309e-03 -5.595930e-02 -4.276622e-03 1.392279e-03 9.999899e-01 8.554418e-01
9.999980e-01 9.829694e-05 -2.005000e-03 2.137419e-02 -9.494874e-05 9.999986e-01 1.669913e-03 -4.797878e-02 2.005162e-03 -1.669718e-03 9.999966e-01 1.208456e+00
9.999979e-01 -6.398464e-04 1.958669e-03 -1.109033e-01 6.425847e-04 9.999988e-01 -1.397799e-03 -4.133640e-02 -1.957772e-03 1.399054e-03 9.999971e-01 1.479585e+00
9.999993e-01 -9.579752e-05 -1.185447e-03 -2.541920e-01 9.761879e-05 9.999988e-01 1.536320e-03 -3.406020e-02 1.185299e-03 -1.536434e-03 9.999981e-01 1.765087e+00
9.999997e-01 -6.217552e-04 4.780591e-04 -3.758604e-01 6.223213e-04 9.999991e-01 -1.185087e-03 -2.895045e-02 -4.773221e-04 1.185383e-03 9.999992e-01 2.027623e+00
9.999947e-01 1.714564e-04 -3.254145e-03 -4.639043e-01 -1.662541e-04 9.999987e-01 1.598863e-03 -2.663912e-02 3.254415e-03 -1.598312e-03 9.999934e-01 2.234767e+00
9.999989e-01 -1.108798e-03 9.542570e-04 -5.522600e-01 1.109766e-03 9.999989e-01 -1.014768e-03 -2.620177e-02 -9.531311e-04 1.015825e-03 9.999990e-01 2.548086e+00
9.999911e-01 5.489854e-05 -4.226587e-03 -6.240636e-01 -4.752717e-05 9.999985e-01 1.744106e-03 -2.813675e-02 4.226676e-03 -1.743889e-03 9.999895e-01 2.912962e+00
9.999971e-01 -1.247572e-03 2.083762e-03 -7.190696e-01 1.249663e-03 9.999987e-01 -1.002314e-03 -2.883726e-02 -2.082509e-03 1.004914e-03 9.999973e-01 3.325541e+00
9.999885e-01 -6.000710e-05 -4.802470e-03 -8.016316e-01 6.833716e-05 9.999985e-01 1.734372e-03 -3.099317e-02 4.802359e-03 -1.734679e-03 9.999870e-01 3.709119e+00
9.999993e-01 -9.867288e-04 5.904835e-04 -8.626507e-01 9.872291e-04 9.999992e-01 -8.477419e-04 -3.545761e-02 -5.896469e-04 8.483236e-04 9.999995e-01 4.109141e+00
9.999759e-01 -1.199969e-04 -6.934926e-03 -8.887053e-01 1.329359e-04 9.999983e-01 1.865323e-03 -4.285807e-02 6.934690e-03 -1.866200e-03 9.999742e-01 4.494165e+00
9.999980e-01 -3.451431e-04 -1.972513e-03 -8.798367e-01 3.434227e-04 9.999996e-01 -8.724160e-04 -5.092843e-02 1.972813e-03 8.717362e-04 9.999977e-01 4.759725e+00
9.999851e-01 7.903725e-05 -5.456450e-03 -8.823175e-01 -7.039499e-05 9.999987e-01 1.584016e-03 -5.626381e-02 5.456569e-03 -1.583608e-03 9.999839e-01 4.933248e+00
9.999993e-01 -5.852214e-04 1.064970e-03 -9.325523e-01 5.863841e-04 9.999992e-01 -1.091909e-03 -5.823448e-02 -1.064330e-03 1.092532e-03 9.999988e-01 5.157616e+00
9.999950e-01 -1.197008e-04 -3.170524e-03 -1.030232e+00 1.247051e-04 9.999987e-01 1.578190e-03 -5.589821e-02 3.170332e-03 -1.578576e-03 9.999937e-01 5.448228e+00
9.999931e-01 -3.125166e-04 -3.689895e-03 -1.056616e+00 3.103412e-04 9.999998e-01 -5.900849e-04 -6.030752e-02 3.690078e-03 5.889350e-04 9.999930e-01 5.706182e+00
9.999836e-01 -3.268498e-05 -5.731041e-03 -1.007019e+00 4.107849e-05 9.999989e-01 1.464439e-03 -7.024444e-02 5.730988e-03 -1.464650e-03 9.999825e-01 5.985136e+00
9.999992e-01 -1.082506e-03 -6.125798e-04 -1.031688e+00 1.082333e-03 9.999994e-01 -2.824146e-04 -7.854880e-02 6.128848e-04 2.817507e-04 9.999998e-01 6.468869e+00
9.999921e-01 -5.067963e-04 -3.933964e-03 -1.113273e+00 5.118267e-04 9.999991e-01 1.277793e-03 -8.420036e-02 3.933313e-03 -1.279796e-03 9.999914e-01 7.031107e+00
9.999995e-01 -9.759069e-04 -3.431536e-04 -1.174895e+00 9.758349e-04 9.999995e-01 -2.096041e-04 -9.105050e-02 3.433576e-04 2.092684e-04 9.999999e-01 7.568434e+00
9.999989e-01 -6.617405e-04 -1.348252e-03 -1.282812e+00 6.629527e-04 9.999994e-01 8.987954e-04 -9.362095e-02 1.347657e-03 -8.996875e-04 9.999987e-01 8.115083e+00
9.999978e-01 -8.065480e-04 -1.950885e-03 -1.361900e+00 8.063766e-04 9.999997e-01 -8.857103e-05 -9.834989e-02 1.950955e-03 8.699698e-05 9.999981e-01 8.627291e+00
9.999981e-01 -6.532717e-04 -1.819251e-03 -1.432471e+00 6.550643e-04 9.999993e-01 9.848177e-04 -1.039976e-01 1.818607e-03 -9.860068e-04 9.999979e-01 9.140900e+00
9.999985e-01 -1.325620e-03 1.107999e-03 -1.561394e+00 1.325905e-03 9.999991e-01 -2.568200e-04 -1.062796e-01 -1.107657e-03 2.582880e-04 9.999994e-01 9.827462e+00
9.999813e-01 -9.473117e-05 -6.107328e-03 -1.609776e+00 1.025927e-04 9.999992e-01 1.286914e-03 -1.131020e-01 6.107201e-03 -1.287516e-03 9.999805e-01 1.035833e+01
9.999995e-01 -9.625059e-04 -3.841999e-04 -1.619239e+00 9.624531e-04 9.999995e-01 -1.373296e-04 -1.223976e-01 3.843315e-04 1.369591e-04 9.999999e-01 1.082725e+01
9.999886e-01 -1.843700e-04 -4.766622e-03 -1.651646e+00 1.902910e-04 9.999992e-01 1.241751e-03 -1.303309e-01 4.766389e-03 -1.242643e-03 9.999879e-01 1.131650e+01
9.999984e-01 -1.245600e-03 1.298328e-03 -1.711553e+00 1.246039e-03 9.999992e-01 -3.369216e-04 -1.358748e-01 -1.297908e-03 3.385381e-04 9.999991e-01 1.181847e+01
9.999790e-01 1.060315e-04 -6.479697e-03 -1.758227e+00 -9.789558e-05 9.999992e-01 1.255882e-03 -1.417551e-01 6.479825e-03 -1.255221e-03 9.999782e-01 1.226471e+01
9.999985e-01 -1.694874e-03 2.859839e-04 -1.778362e+00 1.694861e-03 9.999986e-01 4.404681e-05 -1.531899e-01 -2.860585e-04 -4.356273e-05 1.000000e+00 1.287414e+01
9.999776e-01 1.153699e-04 -6.693885e-03 -1.816184e+00 -1.085519e-04 9.999995e-01 1.018878e-03 -1.619583e-01 6.693999e-03 -1.018128e-03 9.999771e-01 1.337434e+01
9.999985e-01 -9.403412e-04 -1.471862e-03 -1.825472e+00 9.403814e-04 9.999996e-01 2.668077e-05 -1.699642e-01 1.471836e-03 -2.806554e-05 9.999989e-01 1.372722e+01
9.999761e-01 7.321038e-04 -6.879211e-03 -1.811324e+00 -7.261166e-04 9.999994e-01 8.727764e-04 -1.765275e-01 6.879846e-03 -8.677597e-04 9.999760e-01 1.390387e+01
9.999986e-01 -1.609808e-03 -3.351968e-04 -1.822415e+00 1.609860e-03 9.999987e-01 1.553769e-04 -1.840053e-01 3.349459e-04 -1.559170e-04 9.999999e-01 1.427478e+01
9.999888e-01 6.197682e-06 -4.741302e-03 -1.866864e+00 -1.107007e-06 9.999994e-01 1.073661e-03 -1.929669e-01 4.741306e-03 -1.073643e-03 9.999882e-01 1.487352e+01
9.999979e-01 -2.007272e-03 2.781901e-04 -1.933540e+00 2.007211e-03 9.999980e-01 2.206548e-04 -2.017777e-01 -2.786328e-04 -2.200966e-04 9.999999e-01 1.557047e+01
9.999820e-01 -5.887555e-05 -5.997832e-03 -1.983155e+00 6.530693e-05 9.999994e-01 1.072071e-03 -2.127522e-01 5.997765e-03 -1.072443e-03 9.999814e-01 1.628416e+01
9.999967e-01 -1.470643e-03 -2.106131e-03 -1.998129e+00 1.471327e-03 9.999989e-01 3.233844e-04 -2.241879e-01 2.105653e-03 -3.264828e-04 9.999977e-01 1.687177e+01
9.999683e-01 6.099827e-06 -7.957007e-03 -1.991234e+00 3.669585e-06 9.999992e-01 1.227742e-03 -2.374107e-01 7.957009e-03 -1.227732e-03 9.999676e-01 1.747390e+01
9.999970e-01 -1.421940e-03 -1.976552e-03 -1.977207e+00 1.422742e-03 9.999989e-01 4.047927e-04 -2.516822e-01 1.975974e-03 -4.076043e-04 9.999980e-01 1.811741e+01
9.999829e-01 4.229895e-04 -5.827581e-03 -1.990073e+00 -4.176988e-04 9.999995e-01 9.090338e-04 -2.609779e-01 5.827963e-03 -9.065834e-04 9.999826e-01 1.860546e+01
9.999882e-01 -1.896140e-03 4.479668e-03 -2.076855e+00 1.895011e-03 9.999982e-01 2.562770e-04 -2.650183e-01 -4.480146e-03 -2.477857e-04 9.999899e-01 1.930991e+01
9.999987e-01 -1.296130e-03 1.005016e-03 -2.316175e+00 1.296047e-03 9.999992e-01 8.338737e-05 -2.582668e-01 -1.005123e-03 -8.208402e-05 9.999995e-01 2.038615e+01
9.999966e-01 -1.575024e-03 -2.060604e-03 -2.471336e+00 1.575825e-03 9.999987e-01 3.869382e-04 -2.567710e-01 2.059991e-03 -3.901847e-04 9.999978e-01 2.115537e+01
9.999911e-01 -1.220438e-04 -4.222923e-03 -2.506121e+00 1.255329e-04 9.999997e-01 8.259425e-04 -2.669727e-01 4.222821e-03 -8.264645e-04 9.999907e-01 2.175509e+01
9.999960e-01 -1.091410e-03 -2.597380e-03 -2.526333e+00 1.091771e-03 9.999994e-01 1.377005e-04 -2.751785e-01 2.597228e-03 -1.405363e-04 9.999966e-01 2.217010e+01
9.999769e-01 6.962074e-04 -6.757420e-03 -2.533570e+00 -6.926434e-04 9.999996e-01 5.297227e-04 -2.805182e-01 6.757786e-03 -5.250293e-04 9.999770e-01 2.234294e+01
9.999968e-01 -1.556960e-03 -2.001658e-03 -2.532966e+00 1.558275e-03 9.999986e-01 6.552634e-04 -2.904892e-01 2.000634e-03 -6.583812e-04 9.999978e-01 2.275548e+01
9.999897e-01 -9.680806e-05 -4.532335e-03 -2.554141e+00 1.003542e-04 9.999997e-01 7.821438e-04 -3.028903e-01 4.532258e-03 -7.825899e-04 9.999894e-01 2.342630e+01
9.999881e-01 -2.275063e-03 4.319499e-03 -2.683586e+00 2.273410e-03 9.999973e-01 3.875727e-04 -3.078535e-01 -4.320370e-03 -3.777488e-04 9.999906e-01 2.430484e+01
9.999970e-01 -7.137855e-04 -2.329444e-03 -2.846219e+00 7.155206e-04 9.999995e-01 7.440501e-04 -3.125180e-01 2.328912e-03 -7.457140e-04 9.999970e-01 2.534622e+01
9.999967e-01 -1.340958e-03 -2.203350e-03 -2.906060e+00 1.342571e-03 9.999988e-01 7.305357e-04 -3.230491e-01 2.202368e-03 -7.334921e-04 9.999973e-01 2.615226e+01
9.999927e-01 -1.660287e-04 -3.810610e-03 -2.933486e+00 1.683014e-04 9.999998e-01 5.960754e-04 -3.338293e-01 3.810511e-03 -5.967117e-04 9.999926e-01 2.676543e+01
9.999887e-01 -1.802548e-03 4.406825e-03 -3.074010e+00 1.801389e-03 9.999983e-01 2.668964e-04 -3.353072e-01 -4.407299e-03 -2.589557e-04 9.999903e-01 2.745818e+01
9.999921e-01 -1.546458e-04 -3.975032e-03 -3.218961e+00 1.561635e-04 9.999999e-01 3.814640e-04 -3.356348e-01 3.974973e-03 -3.820810e-04 9.999920e-01 2.809272e+01
9.999979e-01 -1.530504e-03 -1.336495e-03 -3.257627e+00 1.531689e-03 9.999984e-01 8.855527e-04 -3.454865e-01 1.335137e-03 -8.875987e-04 9.999987e-01 2.870389e+01
9.999886e-01 2.319863e-04 -4.763460e-03 -3.282124e+00 -2.306852e-04 9.999999e-01 2.736598e-04 -3.549950e-01 4.763523e-03 -2.725572e-04 9.999886e-01 2.921947e+01
9.999992e-01 -1.212513e-03 -3.164848e-04 -3.329196e+00 1.212767e-03 9.999989e-01 8.058277e-04 -3.612170e-01 3.155071e-04 -8.062116e-04 9.999996e-01 2.965432e+01
9.999899e-01 -3.594977e-05 -4.487963e-03 -3.374411e+00 3.709018e-05 1.000000e+00 2.539847e-04 -3.679457e-01 4.487954e-03 -2.541480e-04 9.999899e-01 3.011068e+01
9.999992e-01 -1.197653e-03 -4.757816e-04 -3.416780e+00 1.198104e-03 9.999988e-01 9.490487e-04 -3.762257e-01 4.746440e-04 -9.496186e-04 9.999994e-01 3.065446e+01
9.999995e-01 -8.602000e-04 4.513431e-04 -3.546987e+00 8.602311e-04 9.999996e-01 -6.829065e-05 -3.792677e-01 -4.512838e-04 6.867955e-05 9.999999e-01 3.141400e+01
9.999977e-01 -1.172565e-03 -1.792279e-03 -3.655501e+00 1.174468e-03 9.999987e-01 1.061155e-03 -3.844240e-01 1.791032e-03 -1.063258e-03 9.999978e-01 3.215008e+01
9.999893e-01 2.776308e-04 -4.607778e-03 -3.676742e+00 -2.775584e-04 1.000000e+00 1.631368e-05 -3.911954e-01 4.607783e-03 -1.503390e-05 9.999894e-01 3.254814e+01
9.999855e-01 -5.605866e-04 -5.356080e-03 -3.647908e+00 5.662225e-04 9.999993e-01 1.050820e-03 -4.003329e-01 5.355486e-03 -1.053838e-03 9.999851e-01 3.281133e+01
9.999989e-01 -8.705653e-04 1.234295e-03 -3.705910e+00 8.707191e-04 9.999996e-01 -1.239289e-04 -4.070446e-01 -1.234187e-03 1.250041e-04 9.999992e-01 3.336680e+01
9.999881e-01 -6.517039e-04 -4.842126e-03 -3.780825e+00 6.570459e-04 9.999992e-01 1.101767e-03 -4.126360e-01 4.841404e-03 -1.104936e-03 9.999877e-01 3.393664e+01
9.999820e-01 -1.055717e-03 5.905295e-03 -3.932375e+00 1.058587e-03 9.999993e-01 -4.828229e-04 -4.112534e-01 -5.904781e-03 4.890662e-04 9.999824e-01 3.450095e+01
9.999914e-01 -3.114460e-04 -4.143312e-03 -4.088066e+00 3.144635e-04 9.999997e-01 7.276779e-04 -4.058382e-01 4.143084e-03 -7.289752e-04 9.999912e-01 3.490040e+01
9.999999e-01 -5.091690e-04 -1.451403e-04 -4.151493e+00 5.091783e-04 9.999999e-01 6.299711e-05 -4.081193e-01 1.451085e-04 -6.307033e-05 1.000000e+00 3.522712e+01
9.999708e-01 2.775633e-05 -7.644296e-03 -4.146430e+00 -1.981765e-05 9.999995e-01 1.038607e-03 -4.167168e-01 7.644320e-03 -1.038426e-03 9.999702e-01 3.555977e+01
9.999994e-01 -6.205702e-04 -9.015049e-04 -4.139044e+00 6.207522e-04 9.999998e-01 2.015291e-04 -4.258296e-01 9.013800e-04 -2.020879e-04 9.999996e-01 3.592337e+01
9.999715e-01 -1.444741e-04 -7.548259e-03 -4.125691e+00 1.522239e-04 9.999995e-01 1.026160e-03 -4.365446e-01 7.548107e-03 -1.027280e-03 9.999710e-01 3.636216e+01
9.999988e-01 -6.041031e-04 -1.409711e-03 -4.101126e+00 6.043506e-04 9.999998e-01 1.750491e-04 -4.476385e-01 1.409605e-03 -1.759002e-04 9.999990e-01 3.678840e+01
9.999673e-01 4.603859e-04 -8.076131e-03 -4.067545e+00 -4.545131e-04 9.999996e-01 7.290233e-04 -4.554608e-01 8.076463e-03 -7.253294e-04 9.999671e-01 3.696724e+01
9.999998e-01 -6.659921e-04 -5.206642e-05 -3.976665e+00 6.659353e-04 9.999992e-01 -1.088123e-03 -4.588811e-01 5.279140e-05 1.088089e-03 9.999994e-01 3.680739e+01
9.999930e-01 -1.780157e-04 -3.726050e-03 -4.042546e+00 1.837176e-04 9.999988e-01 1.530055e-03 -4.597185e-01 3.725773e-03 -1.530730e-03 9.999919e-01 3.703249e+01
9.999983e-01 -6.416761e-04 -1.725468e-03 -4.075121e+00 6.410215e-04 9.999997e-01 -3.800059e-04 -4.650144e-01 1.725711e-03 3.788998e-04 9.999984e-01 3.738397e+01
9.999755e-01 6.144822e-04 -6.974802e-03 -4.060123e+00 -6.084628e-04 9.999994e-01 8.651444e-04 -4.695810e-01 6.975329e-03 -8.608799e-04 9.999753e-01 3.747361e+01
9.999791e-01 -2.653454e-03 5.892786e-03 -4.183179e+00 2.654448e-03 9.999965e-01 -1.607485e-04 -4.711618e-01 -5.892338e-03 1.763879e-04 9.999826e-01 3.814788e+01
9.999701e-01 6.615627e-04 -7.709080e-03 -4.262247e+00 -6.508675e-04 9.999988e-01 1.389797e-03 -4.778910e-01 7.709990e-03 -1.384739e-03 9.999693e-01 3.886332e+01
9.999981e-01 -1.810243e-03 -7.672423e-04 -4.256112e+00 1.809863e-03 9.999982e-01 -4.951594e-04 -4.877111e-01 7.681376e-04 4.937705e-04 9.999996e-01 3.932209e+01
9.999800e-01 8.058038e-04 -6.273379e-03 -4.269136e+00 -7.954612e-04 9.999983e-01 1.650992e-03 -4.960571e-01 6.274698e-03 -1.645970e-03 9.999790e-01 3.974924e+01
9.999983e-01 -1.831537e-03 2.562380e-04 -4.294432e+00 1.831669e-03 9.999982e-01 -5.155062e-04 -5.042881e-01 -2.552930e-04 5.159753e-04 9.999998e-01 4.018833e+01
9.999639e-01 2.527959e-04 -8.498623e-03 -4.307604e+00 -2.357807e-04 9.999980e-01 2.003071e-03 -5.159638e-01 8.499112e-03 -2.000996e-03 9.999619e-01 4.082087e+01
9.999953e-01 -1.922670e-03 2.395078e-03 -4.345854e+00 1.924766e-03 9.999978e-01 -8.729183e-04 -5.265799e-01 -2.393394e-03 8.775248e-04 9.999968e-01 4.142616e+01
9.999503e-01 2.742825e-04 -9.969698e-03 -4.369693e+00 -2.516961e-04 9.999974e-01 2.266713e-03 -5.372909e-01 9.970293e-03 -2.264092e-03 9.999477e-01 4.204189e+01
9.999959e-01 -1.054166e-03 2.658391e-03 -4.377466e+00 1.057100e-03 9.999988e-01 -1.102688e-03 -5.450147e-01 -2.657226e-03 1.105495e-03 9.999959e-01 4.239348e+01
9.999323e-01 1.152619e-03 -1.157719e-02 -4.372189e+00 -1.133044e-03 9.999979e-01 1.697288e-03 -5.484175e-01 1.157912e-02 -1.684056e-03 9.999315e-01 4.245590e+01
9.999926e-01 -1.119889e-03 3.692011e-03 -4.338944e+00 1.127298e-03 9.999974e-01 -2.005122e-03 -5.499578e-01 -3.689755e-03 2.009270e-03 9.999912e-01 4.233254e+01
9.999343e-01 9.157773e-04 -1.142832e-02 -4.301650e+00 -8.950907e-04 9.999980e-01 1.815120e-03 -5.519319e-01 1.142996e-02 -1.804772e-03 9.999330e-01 4.225463e+01
9.999934e-01 -9.402019e-04 3.509500e-03 -4.235600e+00 9.486006e-04 9.999967e-01 -2.392162e-03 -5.539214e-01 -3.507239e-03 2.395476e-03 9.999910e-01 4.208453e+01
9.999652e-01 4.703738e-04 -8.334769e-03 -4.150492e+00 -4.620383e-04 9.999994e-01 1.002003e-03 -5.533935e-01 8.335235e-03 -9.981176e-04 9.999648e-01 4.179704e+01
9.999938e-01 -1.039462e-03 3.378822e-03 -4.053277e+00 1.047090e-03 9.999969e-01 -2.256366e-03 -5.538663e-01 -3.376466e-03 2.259891e-03 9.999917e-01 4.150998e+01
9.999727e-01 1.843798e-04 -7.388465e-03 -3.938874e+00 -1.799458e-04 9.999998e-01 6.008211e-04 -5.533498e-01 7.388574e-03 -5.994758e-04 9.999725e-01 4.116389e+01
9.999998e-01 -3.148269e-04 5.465724e-04 -3.935595e+00 3.152430e-04 9.999997e-01 -7.609386e-04 -5.540530e-01 -5.463324e-04 7.611115e-04 9.999996e-01 4.112723e+01
9.999591e-01 -9.958770e-04 -8.987549e-03 -3.932242e+00 1.014972e-03 9.999972e-01 2.120289e-03 -5.655089e-01 8.985412e-03 -2.129325e-03 9.999574e-01 4.174180e+01
9.999995e-01 -9.179875e-04 4.034301e-04 -3.943540e+00 9.182969e-04 9.999993e-01 -7.668722e-04 -5.794447e-01 -4.027255e-04 7.672429e-04 9.999996e-01 4.246388e+01
9.999467e-01 -2.931744e-04 -1.031953e-02 -3.923531e+00 3.164386e-04 9.999974e-01 2.252850e-03 -5.927221e-01 1.031884e-02 -2.255996e-03 9.999442e-01 4.301163e+01
9.999993e-01 -8.013123e-04 8.911403e-04 -3.902255e+00 8.021777e-04 9.999992e-01 -9.708986e-04 -6.059494e-01 -8.903613e-04 9.716134e-04 9.999991e-01 4.356866e+01
9.999555e-01 1.073078e-04 -9.432765e-03 -3.883889e+00 -8.693052e-05 9.999977e-01 2.160671e-03 -6.159920e-01 9.432975e-03 -2.159756e-03 9.999532e-01 4.398134e+01
9.999991e-01 -2.859494e-04 1.290297e-03 -3.870990e+00 2.874368e-04 9.999993e-01 -1.152511e-03 -6.234060e-01 -1.289967e-03 1.152881e-03 9.999985e-01 4.423395e+01
9.999436e-01 1.674181e-04 -1.061874e-02 -3.843070e+00 -1.481239e-04 9.999983e-01 1.817777e-03 -6.300948e-01 1.061903e-02 -1.816103e-03 9.999420e-01 4.440114e+01
9.999991e-01 -3.592602e-04 1.326174e-03 -3.822473e+00 3.605151e-04 9.999995e-01 -9.459027e-04 -6.380775e-01 -1.325833e-03 9.463805e-04 9.999987e-01 4.465472e+01
9.999325e-01 2.491037e-04 -1.161280e-02 -3.789427e+00 -2.317372e-04 9.999989e-01 1.496801e-03 -6.447002e-01 1.161316e-02 -1.494010e-03 9.999314e-01 4.477155e+01
9.999989e-01 -8.997898e-04 1.166411e-03 -3.791406e+00 9.003440e-04 9.999995e-01 -4.745412e-04 -6.510081e-01 -1.165983e-03 4.755915e-04 9.999992e-01 4.508216e+01
9.999598e-01 -4.151339e-04 -8.956316e-03 -3.804216e+00 4.324910e-04 9.999980e-01 1.936147e-03 -6.618628e-01 8.955494e-03 -1.939944e-03 9.999580e-01 4.567698e+01
9.999997e-01 -6.336723e-04 -4.966239e-04 -3.788902e+00 6.334193e-04 9.999997e-01 -5.099719e-04 -6.742143e-01 4.969472e-04 5.096578e-04 9.999997e-01 4.620375e+01
9.999940e-01 -1.736722e-03 -2.995554e-03 -3.872037e+00 1.742621e-03 9.999965e-01 1.968043e-03 -6.830978e-01 2.992125e-03 -1.973252e-03 9.999936e-01 4.705472e+01
9.999866e-01 -9.771382e-04 5.079620e-03 -4.046780e+00 9.819810e-04 9.999991e-01 -9.509306e-04 -6.840055e-01 -5.078686e-03 9.559066e-04 9.999866e-01 4.794203e+01
9.999753e-01 -2.554021e-04 -7.026927e-03 -4.143805e+00 2.699794e-04 9.999978e-01 2.073648e-03 -6.864675e-01 7.026382e-03 -2.075494e-03 9.999732e-01 4.853220e+01
9.999915e-01 -4.293266e-04 4.099405e-03 -4.211169e+00 4.346310e-04 9.999991e-01 -1.293075e-03 -6.886217e-01 -4.098846e-03 1.294846e-03 9.999908e-01 4.894591e+01
9.999640e-01 -2.230846e-03 8.183448e-03 -4.526711e+00 2.220436e-03 9.999967e-01 1.280811e-03 -6.732281e-01 -8.186278e-03 -1.262595e-03 9.999657e-01 4.985452e+01
9.999965e-01 -1.397148e-03 2.235656e-03 -4.859171e+00 1.400669e-03 9.999978e-01 -1.574152e-03 -6.602269e-01 -2.233451e-03 1.577279e-03 9.999963e-01 5.092274e+01
9.999711e-01 -4.366489e-04 -7.593475e-03 -4.898168e+00 4.592726e-04 9.999955e-01 2.977909e-03 -6.711296e-01 7.592140e-03 -2.981311e-03 9.999667e-01 5.161144e+01
9.999983e-01 -1.033038e-03 1.519179e-03 -4.928159e+00 1.035488e-03 9.999982e-01 -1.612423e-03 -6.812124e-01 -1.517511e-03 1.613994e-03 9.999975e-01 5.221118e+01
9.999702e-01 -1.546136e-04 -7.714094e-03 -4.956946e+00 1.774439e-04 9.999956e-01 2.958996e-03 -6.904761e-01 7.713602e-03 -2.960278e-03 9.999659e-01 5.276615e+01
9.999995e-01 -8.429225e-04 -5.551618e-04 -4.951283e+00 8.420095e-04 9.999983e-01 -1.643136e-03 -7.011348e-01 5.565462e-04 1.642668e-03 9.999985e-01 5.326426e+01
9.999717e-01 -9.418046e-05 -7.520659e-03 -4.945062e+00 1.156085e-04 9.999959e-01 2.848876e-03 -7.119131e-01 7.520360e-03 -2.849666e-03 9.999677e-01 5.373318e+01
9.999995e-01 -1.357080e-04 -1.021589e-03 -4.934364e+00 1.338999e-04 9.999984e-01 -1.770025e-03 -7.185401e-01 1.021828e-03 1.769888e-03 9.999979e-01 5.395053e+01
9.999688e-01 -3.026996e-05 -7.900761e-03 -4.925717e+00 5.091219e-05 9.999966e-01 2.612534e-03 -7.246589e-01 7.900655e-03 -2.612855e-03 9.999654e-01 5.413348e+01
9.999996e-01 -8.966181e-04 1.358820e-05 -4.922280e+00 8.966364e-04 9.999986e-01 -1.393368e-03 -7.348731e-01 -1.233857e-05 1.393380e-03 9.999990e-01 5.457446e+01
9.999737e-01 -1.940534e-04 -7.256224e-03 -4.930866e+00 2.129348e-04 9.999966e-01 2.601459e-03 -7.447206e-01 7.255694e-03 -2.602936e-03 9.999703e-01 5.506592e+01
9.999993e-01 -7.928953e-04 -8.286127e-04 -4.930271e+00 7.918267e-04 9.999989e-01 -1.289479e-03 -7.548874e-01 8.296345e-04 1.288823e-03 9.999988e-01 5.554378e+01
9.999737e-01 -3.658847e-04 -7.248797e-03 -4.920476e+00 3.850820e-04 9.999964e-01 2.647162e-03 -7.668029e-01 7.247802e-03 -2.649884e-03 9.999702e-01 5.609333e+01
9.999994e-01 -1.066706e-03 2.026680e-04 -4.925409e+00 1.066969e-03 9.999986e-01 -1.301279e-03 -7.786583e-01 -2.012794e-04 1.301495e-03 9.999991e-01 5.669480e+01
9.999726e-01 -2.249318e-04 -7.405030e-03 -4.934515e+00 2.440921e-04 9.999966e-01 2.586703e-03 -7.888230e-01 7.404423e-03 -2.588440e-03 9.999692e-01 5.724652e+01
9.999998e-01 -6.775129e-04 7.872686e-05 -4.935519e+00 6.776229e-04 9.999988e-01 -1.403072e-03 -7.982677e-01 -7.777587e-05 1.403125e-03 9.999990e-01 5.768728e+01
9.999766e-01 -2.711529e-04 -6.835507e-03 -4.950015e+00 2.894816e-04 9.999964e-01 2.680599e-03 -8.068652e-01 6.834755e-03 -2.682516e-03 9.999730e-01 5.814125e+01
9.999991e-01 -4.811331e-04 -1.270350e-03 -4.940207e+00 4.794163e-04 9.999990e-01 -1.351607e-03 -8.169940e-01 1.270999e-03 1.350997e-03 9.999983e-01 5.857556e+01
9.999809e-01 -5.011178e-04 -6.161777e-03 -4.938782e+00 5.175405e-04 9.999963e-01 2.664000e-03 -8.278248e-01 6.160419e-03 -2.667139e-03 9.999775e-01 5.909664e+01
9.999999e-01 -4.464386e-04 2.590452e-05 -4.958839e+00 4.464746e-04 9.999989e-01 -1.394485e-03 -8.356691e-01 -2.528166e-05 1.394497e-03 9.999990e-01 5.957810e+01
9.999678e-01 3.761880e-04 -8.011206e-03 -4.938938e+00 -3.576363e-04 9.999973e-01 2.317061e-03 -8.421177e-01 8.012055e-03 -2.314122e-03 9.999652e-01 5.975742e+01
9.999997e-01 -8.161208e-04 -7.382376e-05 -4.923831e+00 8.160179e-04 9.999987e-01 -1.387501e-03 -8.498643e-01 7.495632e-05 1.387441e-03 9.999990e-01 6.006129e+01
9.999816e-01 -2.558975e-04 -6.053002e-03 -4.938651e+00 2.718137e-04 9.999965e-01 2.628842e-03 -8.592766e-01 6.052308e-03 -2.630440e-03 9.999782e-01 6.057299e+01
9.999997e-01 -6.953804e-04 1.320232e-04 -4.964398e+00 6.955683e-04 9.999987e-01 -1.426819e-03 -8.667527e-01 -1.310306e-04 1.426911e-03 9.999990e-01 6.103320e+01
9.999765e-01 -7.726985e-05 -6.850472e-03 -4.974312e+00 9.556280e-05 9.999964e-01 2.670075e-03 -8.748954e-01 6.850241e-03 -2.670668e-03 9.999730e-01 6.144339e+01
9.999998e-01 -4.196882e-04 4.971339e-04 -4.988320e+00 4.204642e-04 9.999987e-01 -1.561232e-03 -8.813952e-01 -4.964777e-04 1.561441e-03 9.999987e-01 6.177556e+01
9.999683e-01 4.962567e-05 -7.967080e-03 -4.983766e+00 -2.868362e-05 9.999965e-01 2.628703e-03 -8.886743e-01 7.967183e-03 -2.628392e-03 9.999648e-01 6.205534e+01
1.000000e+00 -2.259486e-04 -1.740809e-04 -4.963498e+00 2.256488e-04 9.999985e-01 -1.721873e-03 -8.963748e-01 1.744699e-04 1.721834e-03 9.999985e-01 6.228174e+01
9.999696e-01 5.788838e-05 -7.802771e-03 -4.946552e+00 -3.723318e-05 9.999965e-01 2.647320e-03 -9.035431e-01 7.802897e-03 -2.646949e-03 9.999661e-01 6.248380e+01
9.999998e-01 -2.862681e-04 -5.574373e-04 -4.924978e+00 2.853107e-04 9.999985e-01 -1.717433e-03 -9.113064e-01 5.579284e-04 1.717274e-03 9.999984e-01 6.272727e+01
9.999702e-01 -3.771564e-04 -7.712046e-03 -4.915395e+00 3.999148e-04 9.999956e-01 2.949736e-03 -9.211225e-01 7.710899e-03 -2.952733e-03 9.999659e-01 6.312282e+01
9.999999e-01 -2.983449e-04 2.389509e-04 -4.917913e+00 2.987516e-04 9.999985e-01 -1.702282e-03 -9.299975e-01 -2.384424e-04 1.702354e-03 9.999985e-01 6.352322e+01
9.999764e-01 -7.362863e-05 -6.864005e-03 -4.922644e+00 9.195851e-05 9.999964e-01 2.670203e-03 -9.363850e-01 6.863784e-03 -2.670772e-03 9.999729e-01 6.377742e+01
1.000000e+00 -1.797597e-04 -1.800596e-04 -4.921945e+00 1.794572e-04 9.999986e-01 -1.680303e-03 -9.431616e-01 1.803617e-04 1.680271e-03 9.999986e-01 6.402272e+01
9.999769e-01 -5.265111e-04 -6.778483e-03 -4.926337e+00 5.452159e-04 9.999960e-01 2.757936e-03 -9.516475e-01 6.777003e-03 -2.761569e-03 9.999732e-01 6.441891e+01
9.999973e-01 -6.209006e-04 2.225613e-03 -4.973398e+00 6.247430e-04 9.999983e-01 -1.726021e-03 -9.579916e-01 -2.224538e-03 1.727407e-03 9.999960e-01 6.489128e+01
9.999569e-01 1.033795e-04 -9.281427e-03 -4.974523e+00 -7.676485e-05 9.999959e-01 2.867859e-03 -9.649357e-01 9.281685e-03 -2.867023e-03 9.999528e-01 6.520875e+01
9.999999e-01 -1.390387e-04 5.022827e-04 -4.945008e+00 1.400763e-04 9.999979e-01 -2.065722e-03 -9.721688e-01 -5.019941e-04 2.065793e-03 9.999977e-01 6.537499e+01
9.999518e-01 3.573105e-04 -9.808726e-03 -4.911707e+00 -3.332816e-04 9.999969e-01 2.451307e-03 -9.762419e-01 9.809572e-03 -2.447921e-03 9.999489e-01 6.537497e+01
9.999971e-01 -3.660254e-04 2.374411e-03 -4.851515e+00 3.712319e-04 9.999975e-01 -2.192568e-03 -9.803982e-01 -2.373603e-03 2.193443e-03 9.999948e-01 6.533078e+01
9.999345e-01 1.181464e-04 -1.144300e-02 -4.810801e+00 -8.237257e-05 9.999951e-01 3.126708e-03 -9.898790e-01 1.144332e-02 -3.125561e-03 9.999296e-01 6.560760e+01
9.999962e-01 -5.409633e-04 2.687840e-03 -4.788206e+00 5.464022e-04 9.999978e-01 -2.023109e-03 -9.993415e-01 -2.686740e-03 2.024570e-03 9.999943e-01 6.594762e+01
9.999424e-01 4.552192e-04 -1.072463e-02 -4.757006e+00 -4.231146e-04 9.999954e-01 2.995651e-03 -1.006417e+00 1.072595e-02 -2.990941e-03 9.999380e-01 6.613973e+01
9.999964e-01 -3.284563e-04 2.659242e-03 -4.736576e+00 3.349069e-04 9.999970e-01 -2.425517e-03 -1.011763e+00 -2.658438e-03 2.426399e-03 9.999935e-01 6.625294e+01
9.999383e-01 4.827231e-04 -1.110234e-02 -4.723855e+00 -4.496966e-04 9.999955e-01 2.977063e-03 -1.015543e+00 1.110373e-02 -2.971887e-03 9.999339e-01 6.629578e+01
9.999965e-01 -6.887819e-04 2.573930e-03 -4.702091e+00 6.939596e-04 9.999977e-01 -2.011119e-03 -1.023307e+00 -2.572539e-03 2.012898e-03 9.999947e-01 6.652345e+01
9.999329e-01 3.295629e-04 -1.157997e-02 -4.674123e+00 -2.940787e-04 9.999953e-01 3.065867e-03 -1.032741e+00 1.158092e-02 -3.062256e-03 9.999282e-01 6.682404e+01
9.999972e-01 -1.165909e-04 2.358895e-03 -4.647641e+00 1.226394e-04 9.999967e-01 -2.563993e-03 -1.037425e+00 -2.358588e-03 2.564276e-03 9.999939e-01 6.688509e+01
9.999482e-01 1.978257e-04 -1.017509e-02 -4.596789e+00 -1.706307e-04 9.999964e-01 2.673532e-03 -1.040486e+00 1.017559e-02 -2.671658e-03 9.999447e-01 6.680096e+01
9.999997e-01 -1.715241e-04 7.860896e-04 -4.553897e+00 1.731402e-04 9.999979e-01 -2.055757e-03 -1.047263e+00 -7.857351e-04 2.055893e-03 9.999976e-01 6.691804e+01
9.999703e-01 1.024978e-04 -7.709573e-03 -4.498190e+00 -8.975185e-05 9.999986e-01 1.653640e-03 -1.048896e+00 7.709732e-03 -1.652899e-03 9.999689e-01 6.677193e+01
9.999998e-01 -1.641926e-04 -5.762695e-04 -4.482599e+00 1.633665e-04 9.999990e-01 -1.433936e-03 -1.051959e+00 5.765045e-04 1.433843e-03 9.999988e-01 6.677976e+01
9.999814e-01 7.394018e-06 -6.097169e-03 -4.475237e+00 6.841040e-06 9.999973e-01 2.334733e-03 -1.058001e+00 6.097170e-03 -2.334732e-03 9.999787e-01 6.699249e+01
9.999989e-01 4.383630e-05 -1.473809e-03 -4.471834e+00 -4.696105e-05 9.999978e-01 -2.120459e-03 -1.060187e+00 1.473713e-03 2.120526e-03 9.999967e-01 6.700249e+01
9.999959e-01 -7.109778e-04 -2.762760e-03 -4.370265e+00 7.123177e-04 9.999996e-01 4.841741e-04 -1.059549e+00 2.762414e-03 -4.861407e-04 9.999961e-01 6.667815e+01
9.999997e-01 6.146088e-05 -7.837726e-04 -4.288685e+00 -6.328273e-05 9.999973e-01 -2.325100e-03 -1.057625e+00 7.836278e-04 2.325150e-03 9.999970e-01 6.634368e+01
9.999953e-01 -9.557193e-04 -2.914349e-03 -4.166660e+00 9.560490e-04 9.999995e-01 1.118535e-04 -1.055514e+00 2.914241e-03 -1.146398e-04 9.999957e-01 6.591229e+01
9.999999e-01 3.242553e-04 -3.803052e-04 -4.131171e+00 -3.249689e-04 9.999982e-01 -1.878783e-03 -1.052467e+00 3.796956e-04 1.878907e-03 9.999982e-01 6.563780e+01
9.999624e-01 -4.036011e-04 -8.665522e-03 -4.128650e+00 4.223337e-04 9.999976e-01 2.160058e-03 -1.055818e+00 8.664629e-03 -2.163637e-03 9.999601e-01 6.567301e+01
9.999992e-01 5.222658e-04 -1.109142e-03 -4.091828e+00 -5.240763e-04 9.999985e-01 -1.633054e-03 -1.061736e+00 1.108288e-03 1.633634e-03 9.999981e-01 6.575579e+01
9.999808e-01 -6.087551e-04 -6.162304e-03 -4.039235e+00 6.183691e-04 9.999986e-01 1.558413e-03 -1.064516e+00 6.161346e-03 -1.562194e-03 9.999798e-01 6.564012e+01
9.999986e-01 6.005780e-04 -1.582260e-03 -3.967862e+00 -6.027362e-04 9.999989e-01 -1.364096e-03 -1.069225e+00 1.581439e-03 1.365048e-03 9.999978e-01 6.559053e+01
9.999635e-01 -3.962523e-04 -8.539120e-03 -3.891673e+00 4.118185e-04 9.999983e-01 1.821289e-03 -1.074752e+00 8.538384e-03 -1.824740e-03 9.999619e-01 6.558934e+01
9.999998e-01 5.496599e-04 2.282947e-04 -3.863500e+00 -5.493621e-04 9.999990e-01 -1.300527e-03 -1.079501e+00 -2.290091e-04 1.300402e-03 9.999991e-01 6.565375e+01
9.999726e-01 -7.724326e-04 -7.357447e-03 -3.860002e+00 7.889667e-04 9.999972e-01 2.244674e-03 -1.085692e+00 7.355692e-03 -2.250418e-03 9.999704e-01 6.591143e+01
9.999999e-01 2.330998e-04 -4.783875e-04 -3.843542e+00 -2.336264e-04 9.999994e-01 -1.101811e-03 -1.094535e+00 4.781306e-04 1.101923e-03 9.999993e-01 6.626695e+01
9.999685e-01 -5.639969e-04 -7.920191e-03 -3.816208e+00 5.810416e-04 9.999975e-01 2.149967e-03 -1.103065e+00 7.918959e-03 -2.154502e-03 9.999663e-01 6.654283e+01
9.999984e-01 7.225064e-04 -1.623631e-03 -3.741723e+00 -7.253017e-04 9.999983e-01 -1.721982e-03 -1.109066e+00 1.622384e-03 1.723158e-03 9.999972e-01 6.654956e+01
9.999763e-01 -7.159701e-04 -6.852149e-03 -3.723135e+00 7.319680e-04 9.999970e-01 2.332569e-03 -1.113846e+00 6.850458e-03 -2.337530e-03 9.999738e-01 6.665160e+01
9.999999e-01 3.809548e-04 3.702639e-05 -3.715060e+00 -3.809036e-04 9.999990e-01 -1.364552e-03 -1.121275e+00 -3.754601e-05 1.364538e-03 9.999991e-01 6.695323e+01
9.999594e-01 -2.966126e-04 -9.002708e-03 -3.687125e+00 3.149392e-04 9.999979e-01 2.034369e-03 -1.126778e+00 9.002085e-03 -2.037122e-03 9.999574e-01 6.703222e+01
9.999983e-01 3.738971e-04 1.803803e-03 -3.682925e+00 -3.706603e-04 9.999983e-01 -1.794231e-03 -1.129174e+00 -1.804470e-03 1.793560e-03 9.999968e-01 6.705790e+01
9.999482e-01 -6.632202e-04 -1.015385e-02 -3.654843e+00 6.909954e-04 9.999960e-01 2.732216e-03 -1.137529e+00 1.015200e-02 -2.739091e-03 9.999447e-01 6.732412e+01
9.999989e-01 1.629603e-04 1.466728e-03 -3.626301e+00 -1.605119e-04 9.999986e-01 -1.669012e-03 -1.147282e+00 -1.466998e-03 1.668775e-03 9.999975e-01 6.767033e+01
9.999591e-01 -6.973041e-04 -9.013075e-03 -3.623716e+00 7.226524e-04 9.999958e-01 2.809489e-03 -1.155661e+00 9.011078e-03 -2.815888e-03 9.999554e-01 6.803877e+01
9.999970e-01 3.185464e-05 2.453456e-03 -3.637648e+00 -2.770727e-05 9.999986e-01 -1.690273e-03 -1.162836e+00 -2.453507e-03 1.690200e-03 9.999956e-01 6.840118e+01
9.999529e-01 -1.541438e-04 -9.709232e-03 -3.642669e+00 1.809514e-04 9.999962e-01 2.760262e-03 -1.167860e+00 9.708769e-03 -2.761890e-03 9.999491e-01 6.860634e+01
9.999935e-01 8.800879e-05 3.594223e-03 -3.668127e+00 -7.977051e-05 9.999974e-01 -2.292055e-03 -1.169395e+00 -3.594415e-03 2.291754e-03 9.999909e-01 6.873004e+01
9.999441e-01 -1.990260e-04 -1.057000e-02 -3.674753e+00 2.325952e-04 9.999949e-01 3.174799e-03 -1.174313e+00 1.056931e-02 -3.177080e-03 9.999391e-01 6.893890e+01
9.999926e-01 5.668092e-06 3.843914e-03 -3.686449e+00 3.674529e-06 9.999970e-01 -2.430379e-03 -1.178479e+00 -3.843917e-03 2.430376e-03 9.999897e-01 6.913116e+01
9.999271e-01 5.500361e-05 -1.207648e-02 -3.686940e+00 -2.766598e-05 9.999974e-01 2.263898e-03 -1.179077e+00 1.207657e-02 -2.263399e-03 9.999245e-01 6.907236e+01
9.999715e-01 -7.529931e-04 7.516167e-03 -3.537830e+00 7.858276e-04 9.999902e-01 -4.366463e-03 -1.177857e+00 -7.512805e-03 4.372245e-03 9.999622e-01 6.865264e+01
9.999614e-01 -3.065357e-04 -8.782522e-03 -3.378690e+00 3.218445e-04 9.999984e-01 1.741780e-03 -1.174892e+00 8.781974e-03 -1.744540e-03 9.999599e-01 6.816324e+01
9.999870e-01 -2.281587e-04 5.086789e-03 -3.282101e+00 2.451767e-04 9.999944e-01 -3.345065e-03 -1.174072e+00 -5.085997e-03 3.346269e-03 9.999815e-01 6.785423e+01
9.999469e-01 6.195697e-05 -1.030644e-02 -3.290138e+00 -3.059362e-05 9.999954e-01 3.043254e-03 -1.173929e+00 1.030658e-02 -3.042777e-03 9.999423e-01 6.779678e+01
9.999887e-01 -3.133431e-04 4.746916e-03 -3.323849e+00 3.247970e-04 9.999970e-01 -2.412247e-03 -1.175831e+00 -4.746146e-03 2.413762e-03 9.999858e-01 6.794018e+01
9.999258e-01 3.555934e-04 -1.217904e-02 -3.305559e+00 -3.230510e-04 9.999964e-01 2.673894e-03 -1.179179e+00 1.217995e-02 -2.669761e-03 9.999223e-01 6.794010e+01
9.999861e-01 -4.067018e-04 5.259407e-03 -3.314069e+00 4.167159e-04 9.999981e-01 -1.903011e-03 -1.183216e+00 -5.258623e-03 1.905177e-03 9.999844e-01 6.810623e+01
9.999236e-01 1.616609e-04 -1.235807e-02 -3.309520e+00 -1.252964e-04 9.999957e-01 2.943322e-03 -1.189817e+00 1.235849e-02 -2.941549e-03 9.999193e-01 6.835079e+01
9.999925e-01 -6.241348e-05 3.862659e-03 -3.290460e+00 7.171860e-05 9.999971e-01 -2.408790e-03 -1.193582e+00 -3.862497e-03 2.409050e-03 9.999896e-01 6.838436e+01
9.999485e-01 -7.472097e-05 -1.014876e-02 -3.276332e+00 9.926386e-05 9.999971e-01 2.417872e-03 -1.195590e+00 1.014855e-02 -2.418756e-03 9.999456e-01 6.837702e+01
9.999955e-01 -6.942829e-05 3.006113e-03 -3.279712e+00 7.399192e-05 9.999988e-01 -1.517891e-03 -1.201162e+00 -3.006004e-03 1.518107e-03 9.999943e-01 6.859319e+01
9.999343e-01 -2.818356e-04 -1.145603e-02 -3.261478e+00 3.114932e-04 9.999966e-01 2.587156e-03 -1.209239e+00 1.145526e-02 -2.590555e-03 9.999310e-01 6.885633e+01
9.999958e-01 6.366824e-04 2.819402e-03 -3.217511e+00 -6.300939e-04 9.999971e-01 -2.336972e-03 -1.213634e+00 -2.820882e-03 2.335186e-03 9.999933e-01 6.885254e+01
9.999330e-01 -5.904620e-04 -1.155657e-02 -3.195123e+00 6.229479e-04 9.999959e-01 2.807677e-03 -1.217181e+00 1.155486e-02 -2.814689e-03 9.999293e-01 6.888464e+01
9.999959e-01 5.931623e-04 2.798566e-03 -3.162369e+00 -5.873344e-04 9.999977e-01 -2.082663e-03 -1.224543e+00 -2.799795e-03 2.081011e-03 9.999939e-01 6.905493e+01
9.999439e-01 -6.621879e-04 -1.057125e-02 -3.134914e+00 6.906190e-04 9.999962e-01 2.686095e-03 -1.230840e+00 1.056943e-02 -2.693245e-03 9.999405e-01 6.920977e+01
9.999967e-01 5.964487e-04 2.515699e-03 -3.108156e+00 -5.917918e-04 9.999981e-01 -1.851277e-03 -1.237788e+00 -2.516799e-03 1.849782e-03 9.999951e-01 6.939766e+01
9.999323e-01 -6.224281e-04 -1.161925e-02 -3.051311e+00 6.497917e-04 9.999970e-01 2.351432e-03 -1.242883e+00 1.161776e-02 -2.358823e-03 9.999297e-01 6.938943e+01
9.999921e-01 2.709191e-04 3.967570e-03 -2.920603e+00 -2.607152e-04 9.999967e-01 -2.572019e-03 -1.248081e+00 -3.968254e-03 2.570965e-03 9.999888e-01 6.926219e+01
9.998931e-01 -4.046191e-05 -1.461865e-02 -2.761594e+00 8.172693e-05 9.999960e-01 2.822208e-03 -1.253477e+00 1.461848e-02 -2.823102e-03 9.998892e-01 6.913551e+01
9.999832e-01 1.012766e-04 5.798852e-03 -2.712622e+00 -8.875269e-05 9.999977e-01 -2.159861e-03 -1.260157e+00 -5.799057e-03 2.159310e-03 9.999809e-01 6.924158e+01
9.999704e-01 -6.345765e-04 -7.672285e-03 -2.786844e+00 6.531771e-04 9.999969e-01 2.422185e-03 -1.258207e+00 7.670724e-03 -2.427125e-03 9.999676e-01 6.951229e+01
9.999896e-01 2.725853e-04 4.562379e-03 -2.842118e+00 -2.646455e-04 9.999984e-01 -1.740692e-03 -1.259797e+00 -4.562847e-03 1.739467e-03 9.999881e-01 6.980738e+01
9.999213e-01 -2.256809e-04 -1.254685e-02 -2.817061e+00 2.568954e-04 9.999969e-01 2.486319e-03 -1.266336e+00 1.254625e-02 -2.489347e-03 9.999182e-01 6.998193e+01
9.999907e-01 2.171401e-04 4.309383e-03 -2.787552e+00 -2.092345e-04 9.999983e-01 -1.834761e-03 -1.273081e+00 -4.309774e-03 1.833843e-03 9.999890e-01 7.015851e+01
9.999173e-01 -1.274377e-04 -1.285796e-02 -2.759024e+00 1.612674e-04 9.999965e-01 2.630065e-03 -1.278448e+00 1.285758e-02 -2.631922e-03 9.999139e-01 7.027405e+01
9.999826e-01 -4.912850e-05 5.907385e-03 -2.670829e+00 6.793694e-05 9.999949e-01 -3.183651e-03 -1.280523e+00 -5.907198e-03 3.183997e-03 9.999775e-01 7.008652e+01
