9.998460e-01 -4.874748e-03 -1.686004e-02 1.841617e-01 4.980315e-03 9.999682e-01 6.225086e-03 1.061703e-02 1.682916e-02 -6.308096e-03 9.998385e-01 -6.102279e-01
9.999974e-01 3.215794e-04 2.241435e-03 3.174656e-01 -3.213291e-04 9.999999e-01 -1.120351e-04 1.911156e-02 -2.241470e-03 1.113153e-04 9.999975e-01 -1.141920e+00
9.997970e-01 -5.077198e-03 -1.949569e-02 4.652436e-01 5.226554e-03 9.999573e-01 7.617726e-03 2.930036e-02 1.945618e-02 -7.718076e-03 9.997809e-01 -1.709325e+00
9.999860e-01 2.827986e-03 4.478177e-03 5.737356e-01 -2.812780e-03 9.999903e-01 -3.398409e-03 3.306966e-02 -4.487744e-03 3.385766e-03 9.999842e-01 -2.010200e+00
9.998073e-01 -5.566551e-03 -1.882604e-02 6.779021e-01 5.714548e-03 9.999531e-01 7.816689e-03 3.587389e-02 1.878165e-02 -7.922766e-03 9.997922e-01 -2.357715e+00
9.999657e-01 3.719309e-03 7.395804e-03 7.317321e-01 -3.685428e-03 9.999827e-01 -4.589417e-03 3.605912e-02 -7.412745e-03 4.562003e-03 9.999621e-01 -2.583419e+00
9.997832e-01 -6.697655e-03 -1.971408e-02 8.028435e-01 6.878067e-03 9.999350e-01 9.097915e-03 4.096478e-02 1.965186e-02 -9.231538e-03 9.997643e-01 -2.949134e+00
9.999839e-01 2.491009e-03 5.088957e-03 9.431804e-01 -2.472865e-03 9.999906e-01 -3.568602e-03 4.811954e-02 -5.097798e-03 3.555961e-03 9.999807e-01 -3.463934e+00
9.997449e-01 -6.162750e-03 -2.172694e-02 1.077179e+00 6.366085e-03 9.999365e-01 9.301948e-03 5.386302e-02 2.166823e-02 -9.437891e-03 9.997207e-01 -3.930613e+00
9.999665e-01 3.394303e-03 7.452427e-03 1.163920e+00 -3.359291e-03 9.999833e-01 -4.705656e-03 5.894807e-02 -7.468275e-03 4.680464e-03 9.999612e-01 -4.300821e+00
9.998092e-01 -4.763028e-03 -1.894275e-02 1.206641e+00 4.921625e-03 9.999532e-01 8.334649e-03 5.982433e-02 1.890217e-02 -8.426289e-03 9.997858e-01 -4.426335e+00
9.997950e-01 8.142167e-03 1.854009e-02 1.155391e+00 -7.951978e-03 9.999152e-01 -1.030893e-02 3.907199e-02 -1.862245e-02 1.015939e-02 9.997750e-01 -3.175135e+00
9.997805e-01 -4.726193e-03 -2.041091e-02 1.114063e+00 4.886449e-03 9.999576e-01 7.808777e-03 2.283028e-02 2.037313e-02 -7.906800e-03 9.997612e-01 -2.306391e+00
1.000000e+00 1.722041e-04 -2.436551e-04 1.289483e+00 -1.723653e-04 9.999998e-01 -6.621721e-04 3.274904e-02 2.435413e-04 6.622148e-04 9.999998e-01 -2.910668e+00
9.997557e-01 -5.810577e-03 -2.132588e-02 1.538395e+00 5.980076e-03 9.999510e-01 7.892910e-03 4.429445e-02 2.127897e-02 -8.018513e-03 9.997414e-01 -3.648811e+00
9.999965e-01 -1.074300e-03 -2.431983e-03 1.827589e+00 1.077635e-03 9.999985e-01 1.370476e-03 5.691854e-02 2.430507e-03 -1.373091e-03 9.999961e-01 -4.514219e+00
9.998602e-01 -3.741479e-03 -1.629387e-02 2.014529e+00 3.830872e-03 9.999778e-01 5.458539e-03 6.559997e-02 1.627308e-02 -5.520196e-03 9.998523e-01 -5.116880e+00
9.999931e-01 2.064613e-03 3.100028e-03 2.089205e+00 -2.057712e-03 9.999954e-01 -2.227658e-03 6.740213e-02 -3.104612e-03 2.221265e-03 9.999927e-01 -5.313062e+00
9.998244e-01 -3.920547e-03 -1.832644e-02 2.167709e+00 4.043232e-03 9.999696e-01 6.662209e-03 7.124530e-02 1.829976e-02 -6.735138e-03 9.998099e-01 -5.532997e+00
9.999992e-01 -2.519345e-04 1.242213e-03 2.328653e+00 2.524432e-04 9.999999e-01 -4.093174e-04 8.149576e-02 -1.242110e-03 4.096314e-04 9.999991e-01 -6.075766e+00
9.997830e-01 -4.626489e-03 -2.031322e-02 2.501628e+00 4.778302e-03 9.999610e-01 7.431448e-03 9.139375e-02 2.027805e-02 -7.526899e-03 9.997660e-01 -6.696019e+00
9.999988e-01 -1.081706e-03 -1.067640e-03 2.711985e+00 1.082999e-03 9.999987e-01 1.210924e-03 1.062279e-01 1.066329e-03 -1.212078e-03 9.999987e-01 -7.415708e+00
9.998731e-01 -2.338644e-03 -1.576104e-02 2.853901e+00 2.413256e-03 9.999860e-01 4.716652e-03 1.166346e-01 1.574979e-02 -4.754089e-03 9.998647e-01 -7.861393e+00
9.999936e-01 1.010528e-03 3.431060e-03 2.895525e+00 -1.005316e-03 9.999983e-01 -1.520446e-03 1.204936e-01 -3.432590e-03 1.516988e-03 9.999930e-01 -7.976994e+00
9.998073e-01 -4.190257e-03 -1.917988e-02 2.992293e+00 4.317124e-03 9.999690e-01 6.577994e-03 1.301724e-01 1.915172e-02 -6.659529e-03 9.997944e-01 -8.383134e+00
9.999991e-01 -3.717238e-04 1.265500e-03 3.146424e+00 3.710335e-04 9.999998e-01 5.457291e-04 1.412566e-01 -1.265703e-03 -5.452584e-04 9.999991e-01 -8.944176e+00
9.998321e-01 -3.246504e-03 -1.803470e-02 3.263305e+00 3.341828e-03 9.999806e-01 5.257973e-03 1.485950e-01 1.801728e-02 -5.317360e-03 9.998235e-01 -9.376171e+00
9.999802e-01 -2.455582e-03 -5.786550e-03 3.537863e+00 2.472451e-03 9.999927e-01 2.909797e-03 1.595302e-01 5.779363e-03 -2.924046e-03 9.999790e-01 -1.007419e+01
9.999361e-01 -2.757969e-03 -1.096201e-02 3.785669e+00 2.799297e-03 9.999890e-01 3.756514e-03 1.708591e-01 1.095153e-02 -3.786961e-03 9.999329e-01 -1.070867e+01
9.999769e-01 -1.082796e-03 -6.713359e-03 3.958065e+00 1.096240e-03 9.999974e-01 1.999081e-03 1.809910e-01 6.711177e-03 -2.006394e-03 9.999755e-01 -1.115781e+01
9.999828e-01 -1.957426e-03 -5.528729e-03 4.047755e+00 1.972431e-03 9.999944e-01 2.709927e-03 1.879304e-01 5.523393e-03 -2.720786e-03 9.999810e-01 -1.153262e+01
9.999527e-01 -1.754211e-03 -9.562009e-03 4.151223e+00 1.787571e-03 9.999923e-01 3.481382e-03 1.973122e-01 9.555829e-03 -3.498310e-03 9.999482e-01 -1.197675e+01
9.999896e-01 -1.010625e-03 -4.456648e-03 4.235027e+00 1.015238e-03 9.999990e-01 1.033132e-03 2.003980e-01 4.455599e-03 -1.037647e-03 9.999895e-01 -1.229412e+01
9.999817e-01 -1.685968e-03 -5.810318e-03 4.276028e+00 1.703652e-03 9.999939e-01 3.039792e-03 2.058248e-01 5.805158e-03 -3.049635e-03 9.999785e-01 -1.260181e+01
9.999839e-01 7.351239e-04 -5.633987e-03 4.332094e+00 -7.400494e-04 9.999993e-01 -8.721867e-04 2.033229e-01 5.633342e-03 8.763414e-04 9.999837e-01 -1.270020e+01
9.999811e-01 -2.450530e-03 -5.632912e-03 4.377493e+00 2.471763e-03 9.999899e-01 3.765416e-03 2.038174e-01 5.623628e-03 -3.779268e-03 9.999770e-01 -1.288646e+01
9.999908e-01 1.458948e-03 -4.026103e-03 4.368259e+00 -1.462405e-03 9.999986e-01 -8.557005e-04 2.041876e-01 4.024848e-03 8.615797e-04 9.999915e-01 -1.296830e+01
9.999817e-01 -2.625030e-03 -5.455419e-03 4.358550e+00 2.647247e-03 9.999882e-01 4.069061e-03 2.066966e-01 5.444673e-03 -4.083427e-03 9.999768e-01 -1.309287e+01
9.999748e-01 2.790227e-04 -7.086699e-03 4.419962e+00 -2.811418e-04 9.999999e-01 -2.980090e-04 2.086621e-01 7.086615e-03 2.999933e-04 9.999748e-01 -1.338311e+01
9.999774e-01 -3.893105e-03 -5.480860e-03 4.494909e+00 3.923635e-03 9.999768e-01 5.570417e-03 2.153597e-01 5.459047e-03 -5.591795e-03 9.999695e-01 -1.379369e+01
9.999705e-01 -3.369964e-05 -7.687140e-03 4.599472e+00 3.218951e-05 1.000000e+00 -1.965494e-04 2.223775e-01 7.687146e-03 1.962955e-04 9.999704e-01 -1.425230e+01
9.999983e-01 -1.453466e-03 -1.094015e-03 4.596053e+00 1.457247e-03 9.999929e-01 3.462723e-03 2.232276e-01 1.088974e-03 -3.464311e-03 9.999934e-01 -1.438325e+01
9.999657e-01 1.288447e-03 -8.178778e-03 4.561230e+00 -1.294755e-03 9.999989e-01 -7.660682e-04 2.251279e-01 8.177781e-03 7.766308e-04 9.999663e-01 -1.439339e+01
9.999986e-01 -1.390395e-03 9.179981e-04 4.542558e+00 1.387694e-03 9.999947e-01 2.936364e-03 2.239795e-01 -9.220756e-04 -2.935085e-03 9.999953e-01 -1.436536e+01
9.999606e-01 2.066177e-03 -8.632431e-03 4.581267e+00 -2.091513e-03 9.999935e-01 -2.927028e-03 2.142685e-01 8.626327e-03 2.944967e-03 9.999585e-01 -1.414871e+01
9.999979e-01 -1.987714e-03 4.392599e-04 4.627069e+00 1.986205e-03 9.999922e-01 3.411860e-03 2.048559e-01 -4.460379e-04 -3.410980e-03 9.999941e-01 -1.399986e+01
9.999406e-01 1.720228e-03 -1.076428e-02 4.605098e+00 -1.728137e-03 9.999982e-01 -7.254860e-04 2.042103e-01 1.076301e-02 7.440444e-04 9.999418e-01 -1.399420e+01
9.999882e-01 -2.316251e-03 4.262936e-03 4.536049e+00 2.300768e-03 9.999908e-01 3.633575e-03 2.093090e-01 -4.271312e-03 -3.623724e-03 9.999843e-01 -1.403135e+01
9.999537e-01 3.513542e-03 -8.959084e-03 4.512435e+00 -3.543613e-03 9.999881e-01 -3.342745e-03 2.013266e-01 8.947232e-03 3.374337e-03 9.999543e-01 -1.371952e+01
9.999867e-01 -1.941635e-03 4.779523e-03 4.490070e+00 1.928537e-03 9.999944e-01 2.743622e-03 1.910173e-01 -4.784823e-03 -2.734367e-03 9.999848e-01 -1.329723e+01
9.999659e-01 4.189758e-03 -7.112739e-03 4.432508e+00 -4.217050e-03 9.999838e-01 -3.826334e-03 1.791452e-01 7.096592e-03 3.856198e-03 9.999674e-01 -1.257464e+01
9.999799e-01 -1.087609e-03 6.243278e-03 4.351395e+00 1.070161e-03 9.999955e-01 2.797333e-03 1.644457e-01 -6.246292e-03 -2.790595e-03 9.999766e-01 -1.155441e+01
9.999602e-01 3.747289e-03 -8.095473e-03 4.290579e+00 -3.776209e-03 9.999865e-01 -3.559990e-03 1.537828e-01 8.082023e-03 3.590418e-03 9.999609e-01 -1.087962e+01
9.999907e-01 -2.805616e-03 3.262862e-03 4.287570e+00 2.795113e-03 9.999909e-01 3.219171e-03 1.440765e-01 -3.271863e-03 -3.210021e-03 9.999895e-01 -1.059026e+01
9.999378e-01 3.083870e-03 -1.071756e-02 4.308325e+00 -3.117867e-03 9.999902e-01 -3.156819e-03 1.357069e-01 1.070772e-02 3.190038e-03 9.999376e-01 -1.045122e+01
9.999905e-01 -4.353174e-03 8.043987e-05 4.343570e+00 4.352657e-03 9.999749e-01 5.584442e-03 1.342298e-01 -1.047476e-04 -5.584038e-03 9.999844e-01 -1.059174e+01
9.999665e-01 4.090043e-03 -7.085871e-03 4.359275e+00 -4.120226e-03 9.999825e-01 -4.250252e-03 1.286079e-01 7.068363e-03 4.279304e-03 9.999659e-01 -1.053964e+01
9.999925e-01 -2.841285e-03 2.633097e-03 4.366030e+00 2.832385e-03 9.999903e-01 3.377829e-03 1.156631e-01 -2.642669e-03 -3.370345e-03 9.999908e-01 -1.011039e+01
9.999605e-01 4.166407e-03 -7.850310e-03 4.279478e+00 -4.185200e-03 9.999884e-01 -2.378999e-03 1.142821e-01 7.840307e-03 2.411759e-03 9.999664e-01 -9.868527e+00
9.999848e-01 -5.497139e-03 -3.600111e-04 4.174119e+00 5.499676e-03 9.999569e-01 7.473423e-03 1.266820e-01 3.189135e-04 -7.475289e-03 9.999720e-01 -1.001470e+01
9.999693e-01 5.771368e-03 -5.294075e-03 4.105136e+00 -5.798381e-03 9.999702e-01 -5.101364e-03 1.291207e-01 5.264475e-03 5.131904e-03 9.999730e-01 -9.908178e+00
9.999866e-01 -5.044163e-03 -1.124531e-03 4.090915e+00 5.049789e-03 9.999745e-01 5.057384e-03 1.224909e-01 1.098992e-03 -5.062994e-03 9.999866e-01 -9.713099e+00
9.999784e-01 6.387214e-03 -1.562094e-03 4.023129e+00 -6.393637e-03 9.999710e-01 -4.141860e-03 1.165567e-01 1.535593e-03 4.151757e-03 9.999902e-01 -9.283951e+00
9.999935e-01 -3.478381e-03 -9.520038e-04 3.971713e+00 3.480496e-03 9.999915e-01 2.229547e-03 1.044874e-01 9.442407e-04 -2.232846e-03 9.999971e-01 -8.607307e+00
9.999824e-01 5.690919e-03 -1.693572e-03 3.873672e+00 -5.694849e-03 9.999811e-01 -2.324777e-03 1.011033e-01 1.680310e-03 2.334380e-03 9.999959e-01 -8.195654e+00
9.999854e-01 -4.643293e-03 -2.775689e-03 3.773758e+00 4.655398e-03 9.999796e-01 4.370552e-03 1.022562e-01 2.755339e-03 -4.383409e-03 9.999866e-01 -7.968784e+00
9.999791e-01 6.029953e-03 -2.333903e-03 3.725701e+00 -6.038172e-03 9.999755e-01 -3.530850e-03 9.629007e-02 2.312554e-03 3.544868e-03 9.999910e-01 -7.657820e+00
9.999778e-01 -5.186920e-03 -4.175946e-03 3.714763e+00 5.204193e-03 9.999779e-01 4.136088e-03 8.954451e-02 4.154401e-03 -4.157728e-03 9.999827e-01 -7.418324e+00
9.999767e-01 5.987491e-03 -3.275752e-03 3.729474e+00 -5.998307e-03 9.999766e-01 -3.301928e-03 8.058556e-02 3.255905e-03 3.321499e-03 9.999892e-01 -7.169961e+00
9.999870e-01 -4.844859e-03 -1.581989e-03 3.761118e+00 4.849415e-03 9.999841e-01 2.888521e-03 6.590293e-02 1.567970e-03 -2.896155e-03 9.999946e-01 -6.720105e+00
9.999701e-01 7.120069e-03 -3.003549e-03 3.747622e+00 -7.130993e-03 9.999679e-01 -3.642039e-03 5.351755e-02 2.977520e-03 3.663348e-03 9.999889e-01 -6.217511e+00
9.999776e-01 -5.842466e-03 -3.257677e-03 3.750561e+00 5.853475e-03 9.999772e-01 3.380155e-03 4.367806e-02 3.237854e-03 -3.399148e-03 9.999890e-01 -5.867401e+00
9.999660e-01 8.101603e-03 1.562161e-03 3.731484e+00 -8.094763e-03 9.999578e-01 -4.336366e-03 2.957079e-02 -1.597227e-03 4.323572e-03 9.999894e-01 -5.114664e+00
9.999836e-01 -4.982108e-03 -2.818138e-03 3.684540e+00 4.989958e-03 9.999837e-01 2.785372e-03 1.421916e-02 2.804215e-03 -2.799388e-03 9.999921e-01 -4.221806e+00
9.999602e-01 8.891025e-03 7.111686e-04 3.608820e+00 -8.887861e-03 9.999511e-01 -4.335290e-03 2.901189e-03 -7.496793e-04 4.328796e-03 9.999903e-01 -3.511691e+00
9.999615e-01 -6.933657e-03 -5.375639e-03 3.548568e+00 6.957109e-03 9.999663e-01 4.356326e-03 -2.431036e-03 5.345253e-03 -4.393557e-03 9.999761e-01 -3.151981e+00
9.999659e-01 7.509141e-03 -3.431940e-03 3.589949e+00 -7.520694e-03 9.999661e-01 -3.365987e-03 -1.218515e-02 3.406548e-03 3.391682e-03 9.999884e-01 -2.901951e+00
9.999839e-01 -5.367858e-03 1.815469e-03 3.578170e+00 5.364056e-03 9.999834e-01 2.093155e-03 -2.885845e-02 -1.826675e-03 -2.083382e-03 9.999962e-01 -2.085926e+00
9.999475e-01 1.023317e-02 -4.549613e-04 3.449038e+00 -1.023532e-02 9.999351e-01 -5.000989e-03 -4.207711e-02 4.037555e-04 5.005383e-03 9.999874e-01 -8.700740e-01
9.999609e-01 -3.000521e-03 8.321436e-03 3.206320e+00 2.980395e-03 9.999926e-01 2.429951e-03 -5.298033e-02 -8.328665e-03 -2.405054e-03 9.999624e-01 1.012374e+00
9.999611e-01 8.821765e-03 2.558530e-04 3.007295e+00 -8.820597e-03 9.999520e-01 -4.255681e-03 -7.381161e-02 -2.933836e-04 4.253258e-03 9.999909e-01 3.259970e+00
9.999799e-01 -5.134635e-03 3.726963e-03 2.969947e+00 5.131002e-03 9.999864e-01 9.838300e-04 -1.001877e-01 -3.731963e-03 -9.646865e-04 9.999926e-01 4.726717e+00
9.999559e-01 7.250816e-03 -5.960676e-03 2.944362e+00 -7.264704e-03 9.999709e-01 -2.311456e-03 -1.148340e-01 5.943743e-03 2.354656e-03 9.999796e-01 5.431166e+00
9.999821e-01 -5.871397e-03 1.147808e-03 2.885807e+00 5.868203e-03 9.999790e-01 2.767366e-03 -1.203245e-01 -1.164031e-03 -2.760580e-03 9.999955e-01 5.755107e+00
9.999484e-01 5.753216e-03 -8.376882e-03 2.877213e+00 -5.758798e-03 9.999832e-01 -6.423992e-04 -1.235507e-01 8.373046e-03 6.906061e-04 9.999647e-01 5.812512e+00
9.999861e-01 -4.287116e-03 3.056995e-03 2.854064e+00 4.285189e-03 9.999906e-01 6.367694e-04 -1.321325e-01 -3.059696e-03 -6.236602e-04 9.999951e-01 6.161855e+00
9.999575e-01 5.799502e-03 -7.172527e-03 2.861967e+00 -5.808064e-03 9.999824e-01 -1.173455e-03 -1.453786e-01 7.165596e-03 1.215063e-03 9.999736e-01 6.661357e+00
9.999855e-01 -3.722070e-03 3.891426e-03 2.863982e+00 3.723700e-03 9.999930e-01 -4.116648e-04 -1.614177e-01 -3.889866e-03 4.261500e-04 9.999923e-01 7.284732e+00
9.999634e-01 5.959703e-03 -6.137691e-03 2.842674e+00 -5.968211e-03 9.999813e-01 -1.368747e-03 -1.759145e-01 6.129418e-03 1.405327e-03 9.999802e-01 7.934503e+00
9.999880e-01 -3.799979e-03 3.087955e-03 2.839941e+00 3.800422e-03 9.999928e-01 -1.372332e-04 -1.920548e-01 -3.087411e-03 1.489678e-04 9.999952e-01 8.618563e+00
9.999671e-01 6.685944e-03 -4.584132e-03 2.793157e+00 -6.695296e-03 9.999755e-01 -2.027904e-03 -2.072463e-01 4.570462e-03 2.058528e-03 9.999874e-01 9.467495e+00
9.999888e-01 -4.103125e-03 2.349382e-03 2.763733e+00 4.102787e-03 9.999916e-01 1.486577e-04 -2.205050e-01 -2.349972e-03 -1.390164e-04 9.999972e-01 1.008787e+01
9.999420e-01 5.234744e-03 -9.413714e-03 2.774606e+00 -5.238600e-03 9.999862e-01 -3.850104e-04 -2.300867e-01 9.411569e-03 4.343021e-04 9.999556e-01 1.035867e+01
9.999888e-01 -3.904110e-03 2.669717e-03 2.774377e+00 3.903448e-03 9.999923e-01 2.534084e-04 -2.387750e-01 -2.670685e-03 -2.429838e-04 9.999964e-01 1.063983e+01
9.999435e-01 4.751034e-03 -9.506175e-03 2.746987e+00 -4.745933e-03 9.999886e-01 5.590673e-04 -2.427639e-01 9.508722e-03 -5.139207e-04 9.999547e-01 1.081620e+01
9.999868e-01 -3.964074e-03 3.256911e-03 2.689982e+00 3.962219e-03 9.999920e-01 5.757858e-04 -2.451314e-01 -3.259167e-03 -5.628730e-04 9.999945e-01 1.099893e+01
9.999278e-01 3.472520e-03 -1.150598e-02 2.662581e+00 -3.449015e-03 9.999919e-01 2.062059e-03 -2.441953e-01 1.151305e-02 -2.022226e-03 9.999317e-01 1.095821e+01
9.999892e-01 -2.860486e-03 3.651206e-03 2.653429e+00 2.862983e-03 9.999957e-01 -6.790086e-04 -2.486253e-01 -3.649248e-03 6.894553e-04 9.999931e-01 1.108031e+01
9.999092e-01 3.102818e-03 -1.311405e-02 2.659486e+00 -3.078014e-03 9.999934e-01 1.911189e-03 -2.529294e-01 1.311989e-02 -1.870651e-03 9.999122e-01 1.116148e+01
9.999882e-01 -2.333478e-03 4.267794e-03 2.666237e+00 2.337769e-03 9.999968e-01 -1.000549e-03 -2.592067e-01 -4.265446e-03 1.010514e-03 9.999904e-01 1.132211e+01
9.999163e-01 2.996073e-03 -1.258996e-02 2.692578e+00 -2.983902e-03 9.999951e-01 9.854181e-04 -2.686291e-01 1.259285e-02 -9.477690e-04 9.999203e-01 1.154851e+01
9.999767e-01 -5.755429e-03 -3.673859e-03 2.809608e+00 5.766933e-03 9.999785e-01 3.128184e-03 -2.673876e-01 3.655776e-03 -3.149297e-03 9.999884e-01 1.121237e+01
9.998725e-01 1.217568e-04 -1.596637e-02 3.015644e+00 -4.740687e-05 9.999892e-01 4.656971e-03 -2.567459e-01 1.596677e-02 -4.655621e-03 9.998617e-01 1.051585e+01
9.999818e-01 -5.621408e-03 -2.183625e-03 3.192882e+00 5.628550e-03 9.999788e-01 3.278361e-03 -2.454572e-01 2.165150e-03 -3.290591e-03 9.999922e-01 9.868191e+00
9.998934e-01 1.672564e-03 -1.450410e-02 3.296281e+00 -1.628337e-03 9.999940e-01 3.060545e-03 -2.353732e-01 1.450913e-02 -3.036601e-03 9.998901e-01 9.370557e+00
9.999873e-01 1.092181e-03 4.921129e-03 3.258939e+00 -1.073850e-03 9.999925e-01 -3.726007e-03 -2.407670e-01 -4.925161e-03 3.720676e-03 9.999809e-01 9.863471e+00
9.999583e-01 -2.255049e-04 -9.127474e-03 3.251169e+00 2.678517e-04 9.999892e-01 4.638561e-03 -2.478375e-01 9.126329e-03 -4.640813e-03 9.999476e-01 1.029676e+01
9.999993e-01 -2.508907e-04 1.182018e-03 3.323921e+00 2.540925e-04 9.999963e-01 -2.709122e-03 -2.588460e-01 -1.181334e-03 2.709421e-03 9.999956e-01 1.044211e+01
9.999760e-01 2.019324e-03 -6.629025e-03 3.360977e+00 -2.006453e-03 9.999961e-01 1.947692e-03 -2.753051e-01 6.632932e-03 -1.934345e-03 9.999761e-01 1.098660e+01
9.999914e-01 -2.889765e-03 -2.985756e-03 3.355252e+00 2.891531e-03 9.999956e-01 5.870702e-04 -2.770241e-01 2.984047e-03 -5.956979e-04 9.999954e-01 1.095226e+01
9.999939e-01 3.060381e-03 -1.689531e-03 3.287523e+00 -3.056963e-03 9.999933e-01 2.021783e-03 -2.771731e-01 1.695707e-03 -2.016606e-03 9.999965e-01 1.108252e+01
9.999996e-01 -4.509951e-04 7.354766e-04 3.156601e+00 4.519204e-04 9.999991e-01 -1.258023e-03 -2.796080e-01 -7.349083e-04 1.258355e-03 9.999989e-01 1.165490e+01
9.999881e-01 2.777327e-03 -4.021104e-03 3.095753e+00 -2.771994e-03 9.999953e-01 1.331247e-03 -2.871282e-01 4.024782e-03 -1.320085e-03 9.999910e-01 1.211817e+01
9.999674e-01 -5.295553e-03 -6.095946e-03 2.977144e+00 5.331068e-03 9.999688e-01 5.824446e-03 -2.710810e-01 6.064913e-03 -5.856754e-03 9.999645e-01 1.187351e+01
9.999867e-01 3.668566e-03 3.614146e-03 2.797236e+00 -3.667892e-03 9.999933e-01 -1.933809e-04 -2.544547e-01 -3.614831e-03 1.801214e-04 9.999935e-01 1.174793e+01
9.999591e-01 -2.759294e-03 -8.608944e-03 2.742180e+00 2.770803e-03 9.999953e-01 1.325258e-03 -2.590702e-01 8.605246e-03 -1.349057e-03 9.999621e-01 1.203861e+01
9.999947e-01 2.193591e-03 -2.419235e-03 2.745810e+00 -2.189224e-03 9.999960e-01 1.806444e-03 -2.590020e-01 2.423188e-03 -1.801139e-03 9.999954e-01 1.200558e+01
9.998820e-01 -6.931237e-03 -1.371224e-02 2.899089e+00 6.994390e-03 9.999651e-01 4.562952e-03 -2.499587e-01 1.368014e-02 -4.658321e-03 9.998956e-01 1.144211e+01
9.999896e-01 4.354737e-03 1.380453e-03 2.940184e+00 -4.354705e-03 9.999905e-01 -2.633946e-05 -2.447549e-01 -1.380555e-03 2.032711e-05 9.999990e-01 1.117067e+01
9.998089e-01 -6.590278e-03 -1.840274e-02 3.088324e+00 6.669056e-03 9.999688e-01 4.222669e-03 -2.437491e-01 1.837434e-02 -4.344590e-03 9.998217e-01 1.092527e+01
9.999808e-01 2.766416e-03 5.548790e-03 3.178250e+00 -2.772280e-03 9.999956e-01 1.049294e-03 -2.355453e-01 -5.545863e-03 -1.064657e-03 9.999841e-01 1.047810e+01
9.997590e-01 -6.854765e-03 -2.085794e-02 3.294301e+00 6.965963e-03 9.999619e-01 5.263230e-03 -2.266972e-01 2.082107e-02 -5.407256e-03 9.997686e-01 9.994071e+00
9.999999e-01 3.048425e-04 1.694851e-04 3.488470e+00 -3.055875e-04 9.999902e-01 4.411365e-03 -2.104754e-01 -1.681389e-04 -4.411417e-03 9.999903e-01 9.224572e+00
9.999045e-01 -4.232210e-03 -1.315545e-02 3.570755e+00 4.245156e-03 9.999905e-01 9.562789e-04 -1.977537e-01 1.315128e-02 -1.012034e-03 9.999130e-01 8.741622e+00
9.999848e-01 4.446992e-03 3.259323e-03 3.605552e+00 -4.449400e-03 9.999898e-01 7.318633e-04 -2.049502e-01 -3.256036e-03 -7.463548e-04 9.999944e-01 8.861003e+00
9.999546e-01 -2.967449e-03 -9.054470e-03 3.604489e+00 2.961373e-03 9.999954e-01 -6.843783e-04 -2.159587e-01 9.056459e-03 6.575342e-04 9.999588e-01 9.226720e+00
9.999741e-01 4.544604e-03 5.583457e-03 3.619598e+00 -4.544079e-03 9.999897e-01 -1.068640e-04 -2.328654e-01 -5.583885e-03 8.148899e-05 9.999844e-01 9.827463e+00
9.999270e-01 -3.188002e-03 -1.165683e-02 3.631896e+00 3.185933e-03 9.999949e-01 -1.961494e-04 -2.459921e-01 1.165739e-02 1.589978e-04 9.999320e-01 1.025253e+01
9.999971e-01 2.109366e-03 -1.160101e-03 3.665076e+00 -2.105832e-03 9.999932e-01 3.039781e-03 -2.463100e-01 1.166505e-03 -3.037330e-03 9.999947e-01 1.016872e+01
9.999291e-01 -3.645321e-03 -1.133319e-02 3.737120e+00 3.645135e-03 9.999934e-01 -3.710008e-05 -2.468847e-01 1.133325e-02 -4.212986e-06 9.999358e-01 1.004776e+01
9.999948e-01 2.194716e-03 -2.342658e-03 3.790664e+00 -2.185411e-03 9.999897e-01 3.967205e-03 -2.466361e-01 2.351341e-03 -3.962065e-03 9.999894e-01 9.924414e+00
9.999409e-01 -3.724465e-03 -1.020919e-02 3.846015e+00 3.717724e-03 9.999929e-01 -6.792357e-04 -2.452810e-01 1.021165e-02 6.412412e-04 9.999477e-01 9.801369e+00
9.999816e-01 1.253375e-03 -5.940655e-03 3.934587e+00 -1.217877e-03 9.999814e-01 5.975472e-03 -2.421028e-01 5.948034e-03 -5.968128e-03 9.999645e-01 9.579071e+00
9.999932e-01 -1.621104e-03 -3.322512e-03 3.937975e+00 1.608243e-03 9.999912e-01 -3.869805e-03 -2.440618e-01 3.328756e-03 3.864436e-03 9.999870e-01 9.635637e+00
9.999964e-01 2.663403e-03 -2.772590e-04 3.914109e+00 -2.662400e-03 9.999901e-01 3.556877e-03 -2.550774e-01 2.867294e-04 -3.556126e-03 9.999936e-01 1.011310e+01
9.999487e-01 -3.331374e-03 -9.568398e-03 3.966612e+00 3.311168e-03 9.999923e-01 -2.126814e-03 -2.606151e-01 9.575410e-03 2.095022e-03 9.999520e-01 1.014614e+01
9.999768e-01 4.181729e-03 5.376409e-03 3.995445e+00 -4.191392e-03 9.999896e-01 1.787225e-03 -2.764319e-01 -5.368880e-03 -1.809718e-03 9.999839e-01 1.066035e+01
9.999661e-01 3.285344e-04 -8.229475e-03 3.890282e+00 -3.547252e-04 9.999949e-01 -3.181344e-03 -2.844129e-01 8.228388e-03 3.184156e-03 9.999611e-01 1.151155e+01
9.999988e-01 4.557365e-04 1.472809e-03 3.908263e+00 -4.610023e-04 9.999935e-01 3.576727e-03 -2.950509e-01 -1.471170e-03 -3.577402e-03 9.999925e-01 1.204665e+01
9.999566e-01 2.057216e-04 -9.316899e-03 3.936195e+00 -2.319054e-04 9.999960e-01 -2.809400e-03 -3.047701e-01 9.316284e-03 2.811439e-03 9.999527e-01 1.229257e+01
9.999347e-01 5.491406e-03 1.002325e-02 3.779851e+00 -5.483411e-03 9.999846e-01 -8.250334e-04 -3.177151e-01 -1.002763e-02 7.700173e-04 9.999494e-01 1.366830e+01
9.999839e-01 1.002845e-04 -5.676704e-03 3.581423e+00 -1.032564e-04 9.999999e-01 -5.233022e-04 -3.298412e-01 5.676651e-03 5.238805e-04 9.999838e-01 1.516549e+01
9.999837e-01 3.210737e-03 4.719924e-03 3.511328e+00 -3.205580e-03 9.999943e-01 -1.099730e-03 -3.437238e-01 -4.723428e-03 1.084582e-03 9.999883e-01 1.609504e+01
9.999672e-01 -1.125484e-03 -8.020824e-03 3.465324e+00 1.132454e-03 9.999990e-01 8.644399e-04 -3.528045e-01 8.019843e-03 -8.734942e-04 9.999675e-01 1.656604e+01
9.999859e-01 -8.741462e-04 -5.246032e-03 3.546414e+00 8.889829e-04 9.999956e-01 2.826574e-03 -3.513595e-01 5.243538e-03 -2.831198e-03 9.999822e-01 1.633117e+01
9.999636e-01 -7.798577e-04 -8.498746e-03 3.654703e+00 7.787667e-04 9.999997e-01 -1.317292e-04 -3.512708e-01 8.498847e-03 1.251064e-04 9.999639e-01 1.612390e+01
9.999924e-01 -5.637915e-04 -3.870302e-03 3.730462e+00 5.726689e-04 9.999972e-01 2.293105e-03 -3.533571e-01 3.868998e-03 -2.295304e-03 9.999899e-01 1.599693e+01
9.999339e-01 -2.957307e-03 -1.111342e-02 3.840582e+00 2.994125e-03 9.999901e-01 3.297681e-03 -3.474744e-01 1.110356e-02 -3.330737e-03 9.999328e-01 1.559140e+01
9.999833e-01 -2.522090e-03 -5.200565e-03 3.975878e+00 2.545876e-03 9.999863e-01 4.572280e-03 -3.329155e-01 5.188962e-03 -4.585444e-03 9.999760e-01 1.495379e+01
9.999751e-01 -2.213165e-03 -6.699446e-03 4.044603e+00 2.227984e-03 9.999951e-01 2.205236e-03 -3.190607e-01 6.694533e-03 -2.220107e-03 9.999751e-01 1.443482e+01
9.999813e-01 -8.011400e-04 -6.056953e-03 4.121136e+00 8.154707e-04 9.999969e-01 2.363946e-03 -3.124831e-01 6.055040e-03 -2.368841e-03 9.999789e-01 1.408464e+01
9.999918e-01 -7.878168e-04 -3.963921e-03 4.137688e+00 7.889078e-04 9.999997e-01 2.735770e-04 -3.105759e-01 3.963704e-03 -2.767014e-04 9.999921e-01 1.391234e+01
9.999938e-01 7.520392e-04 -3.443354e-03 4.170392e+00 -7.498810e-04 9.999995e-01 6.281537e-04 -3.188300e-01 3.443825e-03 -6.255682e-04 9.999939e-01 1.401773e+01
9.999848e-01 -6.511739e-04 -5.483526e-03 4.199924e+00 6.524420e-04 9.999998e-01 2.293993e-04 -3.263388e-01 5.483376e-03 -2.329729e-04 9.999849e-01 1.411626e+01
9.999716e-01 -1.724854e-03 -7.334406e-03 4.262430e+00 1.752546e-03 9.999914e-01 3.770971e-03 -3.237133e-01 7.327838e-03 -3.783719e-03 9.999660e-01 1.384553e+01
9.999934e-01 -1.112655e-03 -3.467193e-03 4.320273e+00 1.114185e-03 9.999993e-01 4.392940e-04 -3.180173e-01 3.466701e-03 -4.431536e-04 9.999939e-01 1.352494e+01
9.999511e-01 -1.323313e-03 -9.797462e-03 4.401813e+00 1.357352e-03 9.999931e-01 3.468438e-03 -3.151334e-01 9.792804e-03 -3.481568e-03 9.999460e-01 1.323812e+01
9.999905e-01 -9.923287e-04 -4.253599e-03 4.506763e+00 9.927359e-04 9.999995e-01 9.351896e-05 -3.124776e-01 4.253504e-03 -9.774024e-05 9.999909e-01 1.294775e+01
9.999629e-01 -4.467023e-04 -8.602919e-03 4.590727e+00 4.682319e-04 9.999968e-01 2.500796e-03 -3.131822e-01 8.601774e-03 -2.504732e-03 9.999599e-01 1.278420e+01
9.999903e-01 -5.921490e-04 -4.364167e-03 4.687122e+00 5.903056e-04 9.999997e-01 -4.237643e-04 -3.166573e-01 4.364417e-03 4.211845e-04 9.999904e-01 1.270429e+01
9.999507e-01 -1.876113e-03 -9.745867e-03 4.823703e+00 1.913232e-03 9.999909e-01 3.800802e-03 -3.149425e-01 9.738648e-03 -3.819261e-03 9.999453e-01 1.240370e+01
9.999841e-01 -1.096845e-03 -5.525055e-03 4.948409e+00 1.100841e-03 9.999991e-01 7.202608e-04 -3.101421e-01 5.524260e-03 -7.263311e-04 9.999845e-01 1.203474e+01
9.999809e-01 -1.462490e-04 -6.177969e-03 5.014889e+00 1.577026e-04 9.999983e-01 1.853564e-03 -3.110277e-01 6.177687e-03 -1.854503e-03 9.999792e-01 1.190692e+01
9.999880e-01 -6.647695e-04 -4.854863e-03 5.071182e+00 6.640735e-04 9.999998e-01 -1.450759e-04 -3.147128e-01 4.854959e-03 1.418507e-04 9.999882e-01 1.186427e+01
9.999742e-01 -9.125145e-04 -7.119304e-03 5.137252e+00 9.318493e-04 9.999959e-01 2.713042e-03 -3.144898e-01 7.116799e-03 -2.719607e-03 9.999710e-01 1.168911e+01
9.999852e-01 -1.346187e-03 -5.271842e-03 5.217818e+00 1.349748e-03 9.999989e-01 6.718755e-04 -3.129062e-01 5.270932e-03 -6.789807e-04 9.999859e-01 1.142428e+01
9.999816e-01 -1.595503e-03 -5.857948e-03 5.287021e+00 1.616453e-03 9.999923e-01 3.573496e-03 -3.079870e-01 5.852201e-03 -3.582900e-03 9.999765e-01 1.110181e+01
9.999882e-01 -1.136435e-03 -4.731806e-03 5.339167e+00 1.138215e-03 9.999993e-01 3.733840e-04 -3.027839e-01 4.731379e-03 -3.787649e-04 9.999887e-01 1.080091e+01
9.999769e-01 -1.575076e-03 -6.618958e-03 5.410625e+00 1.598780e-03 9.999923e-01 3.577628e-03 -2.983768e-01 6.613272e-03 -3.588128e-03 9.999717e-01 1.049623e+01
9.999764e-01 -1.585208e-03 -6.688292e-03 5.511068e+00 1.592367e-03 9.999982e-01 1.065204e-03 -2.927262e-01 6.686592e-03 -1.075828e-03 9.999771e-01 1.012625e+01
9.999796e-01 -1.207969e-03 -6.275152e-03 5.591248e+00 1.228243e-03 9.999940e-01 3.228164e-03 -2.864687e-01 6.271215e-03 -3.235806e-03 9.999751e-01 9.790733e+00
9.999741e-01 -1.212776e-03 -7.100788e-03 5.695734e+00 1.214498e-03 9.999992e-01 2.381072e-04 -2.833352e-01 7.100494e-03 -2.467244e-04 9.999748e-01 9.494057e+00
9.999850e-01 -5.544946e-04 -5.448804e-03 5.790246e+00 5.679632e-04 9.999968e-01 2.470691e-03 -2.831845e-01 5.447416e-03 -2.473750e-03 9.999821e-01 9.294659e+00
9.999598e-01 -1.239265e-03 -8.884554e-03 5.892605e+00 1.244944e-03 9.999990e-01 6.336250e-04 -2.838579e-01 8.883761e-03 -6.446598e-04 9.999603e-01 9.112344e+00
9.999540e-01 -2.874154e-03 -9.153953e-03 6.077880e+00 2.921649e-03 9.999823e-01 5.179390e-03 -2.763755e-01 9.138905e-03 -5.205897e-03 9.999447e-01 8.607306e+00
9.999959e-01 2.377050e-03 -1.587098e-03 6.142523e+00 -2.383546e-03 9.999887e-01 -4.104217e-03 -2.820146e-01 1.577325e-03 4.107984e-03 9.999903e-01 8.605098e+00
9.999458e-01 -3.613158e-03 -9.760291e-03 6.181858e+00 3.677686e-03 9.999714e-01 6.601425e-03 -2.839410e-01 9.736161e-03 -6.636963e-03 9.999306e-01 8.484103e+00
9.999906e-01 6.585481e-04 -4.280864e-03 6.317598e+00 -6.677311e-04 9.999975e-01 -2.144167e-03 -2.805859e-01 4.279441e-03 2.147006e-03 9.999885e-01 8.115811e+00
9.998706e-01 -4.098442e-03 -1.555675e-02 6.565367e+00 4.215119e-03 9.999632e-01 7.474739e-03 -2.810279e-01 1.552554e-02 -7.539346e-03 9.998510e-01 7.709330e+00
9.999959e-01 1.184265e-03 -2.600108e-03 6.855830e+00 -1.194660e-03 9.999913e-01 -4.000182e-03 -2.819976e-01 2.595349e-03 4.003273e-03 9.999886e-01 7.321319e+00
9.999479e-01 -2.324240e-03 -9.944573e-03 7.089078e+00 2.377919e-03 9.999826e-01 5.389476e-03 -2.973159e-01 9.931874e-03 -5.412843e-03 9.999360e-01 7.450542e+00
9.999955e-01 2.025550e-03 -2.226784e-03 7.239138e+00 -2.035441e-03 9.999880e-01 -4.449083e-03 -3.113655e-01 2.217745e-03 4.453596e-03 9.999876e-01 7.627065e+00
9.999736e-01 -1.162948e-03 -7.176511e-03 7.289060e+00 1.195120e-03 9.999892e-01 4.480365e-03 -3.238549e-01 7.171224e-03 -4.488824e-03 9.999642e-01 7.982993e+00
9.999957e-01 1.642591e-03 -2.422770e-03 7.325059e+00 -1.651342e-03 9.999921e-01 -3.614378e-03 -3.314891e-01 2.416814e-03 3.618364e-03 9.999905e-01 8.190122e+00
9.999485e-01 -2.723676e-03 -9.778722e-03 7.375046e+00 2.783534e-03 9.999774e-01 6.112915e-03 -3.343333e-01 9.761852e-03 -6.139820e-03 9.999335e-01 8.092103e+00
9.999895e-01 -7.257554e-04 -4.533364e-03 7.487128e+00 7.214592e-04 9.999993e-01 -9.493662e-04 -3.278561e-01 4.534049e-03 9.460860e-04 9.999893e-01 7.675868e+00
9.999653e-01 -1.582786e-03 -8.173649e-03 7.549164e+00 1.620733e-03 9.999879e-01 4.638064e-03 -3.236014e-01 8.166209e-03 -4.651151e-03 9.999558e-01 7.386134e+00
9.999881e-01 -1.354227e-05 -4.869161e-03 7.634487e+00 3.415527e-06 9.999978e-01 -2.079873e-03 -3.249827e-01 4.869178e-03 2.079832e-03 9.999860e-01 7.212976e+00
9.999362e-01 -3.331511e-03 -1.079703e-02 7.789005e+00 3.399146e-03 9.999747e-01 6.252038e-03 -3.229270e-01 1.077593e-02 -6.288340e-03 9.999222e-01 6.793666e+00
9.999911e-01 9.842539e-04 -4.110063e-03 7.963950e+00 -9.958573e-04 9.999955e-01 -2.822179e-03 -3.247121e-01 4.107267e-03 2.826248e-03 9.999876e-01 6.505663e+00
9.999220e-01 -3.374202e-03 -1.202843e-02 8.177250e+00 3.446177e-03 9.999763e-01 5.968133e-03 -3.293031e-01 1.200801e-02 -6.009119e-03 9.999098e-01 6.253076e+00
9.999944e-01 2.433484e-03 -2.279891e-03 8.343975e+00 -2.442611e-03 9.999890e-01 -4.009082e-03 -3.381481e-01 2.270109e-03 4.014629e-03 9.999894e-01 6.278061e+00
9.999736e-01 -1.958797e-03 -6.994304e-03 8.446759e+00 1.986323e-03 9.999903e-01 3.930731e-03 -3.536306e-01 6.986536e-03 -3.944521e-03 9.999678e-01 6.608595e+00
9.999945e-01 3.137042e-03 -1.111916e-03 8.467827e+00 -3.141662e-03 9.999863e-01 -4.178605e-03 -3.627729e-01 1.098792e-03 4.182075e-03 9.999907e-01 6.888811e+00
9.999202e-01 -3.807859e-03 -1.204670e-02 8.561900e+00 3.883171e-03 9.999730e-01 6.234563e-03 -3.673591e-01 1.202263e-02 -6.280845e-03 9.999080e-01 6.829388e+00
9.999945e-01 2.642556e-03 -2.004718e-03 8.692844e+00 -2.650160e-03 9.999893e-01 -3.799830e-03 -3.724864e-01 1.994655e-03 3.805122e-03 9.999908e-01 6.733009e+00
9.998265e-01 -6.823455e-03 -1.733403e-02 8.922545e+00 6.997267e-03 9.999257e-01 9.986454e-03 -3.686778e-01 1.726459e-02 -1.010601e-02 9.997999e-01 6.215794e+00
9.999926e-01 3.730770e-03 9.720286e-04 9.074742e+00 -3.725678e-03 9.999796e-01 -5.188450e-03 -3.641048e-01 -9.913657e-04 5.184790e-03 9.999861e-01 5.794111e+00
9.998768e-01 -5.302003e-03 -1.477718e-02 9.152234e+00 5.422156e-03 9.999525e-01 8.102874e-03 -3.644540e-01 1.473351e-02 -8.182000e-03 9.998580e-01 5.610041e+00
9.999944e-01 3.354489e-03 1.838642e-04 9.296470e+00 -3.353497e-03 9.999811e-01 -5.151073e-03 -3.668858e-01 -2.011399e-04 5.150428e-03 9.999867e-01 5.372473e+00
9.998201e-01 -8.206565e-03 -1.710287e-02 9.475841e+00 8.401950e-03 9.998999e-01 1.138377e-02 -3.607466e-01 1.700773e-02 -1.152542e-02 9.997889e-01 4.795726e+00
9.999964e-01 2.355084e-03 1.250091e-03 9.663718e+00 -2.350526e-03 9.999906e-01 -3.635099e-03 -3.496771e-01 -1.258640e-03 3.632148e-03 9.999926e-01 4.112057e+00
9.998348e-01 -7.649479e-03 -1.648611e-02 9.843986e+00 7.821942e-03 9.999151e-01 1.042220e-02 -3.392826e-01 1.640499e-02 -1.054943e-02 9.998098e-01 3.492779e+00
9.999931e-01 3.264175e-03 -1.787670e-03 1.004217e+01 -3.272001e-03 9.999850e-01 -4.393105e-03 -3.318669e-01 1.773303e-03 4.398924e-03 9.999888e-01 2.937442e+00
9.999277e-01 -4.968108e-03 -1.095278e-02 1.014873e+01 5.041324e-03 9.999651e-01 6.667257e-03 -3.319990e-01 1.091928e-02 -6.721992e-03 9.999178e-01 2.707927e+00
9.999850e-01 5.206822e-03 1.674797e-03 1.020771e+01 -5.196338e-03 9.999673e-01 -6.204016e-03 -3.425230e-01 -1.707046e-03 6.195220e-03 9.999794e-01 2.887273e+00
9.998684e-01 -6.367149e-03 -1.492086e-02 1.027085e+01 6.498731e-03 9.999403e-01 8.786903e-03 -3.449005e-01 1.486402e-02 -8.882714e-03 9.998501e-01 2.787395e+00
9.999956e-01 2.112048e-03 -2.094705e-03 1.044618e+01 -2.118029e-03 9.999937e-01 -2.857501e-03 -3.374816e-01 2.088656e-03 2.861926e-03 9.999937e-01 2.254776e+00
9.999191e-01 -4.369327e-03 -1.194293e-02 1.056405e+01 4.441114e-03 9.999722e-01 5.990941e-03 -3.359421e-01 1.191642e-02 -6.043497e-03 9.999107e-01 1.960243e+00
9.999923e-01 3.721951e-03 -1.279208e-03 1.065718e+01 -3.727118e-03 9.999848e-01 -4.061160e-03 -3.410106e-01 1.264073e-03 4.065896e-03 9.999909e-01 1.902981e+00
9.998622e-01 -7.074434e-03 -1.502053e-02 1.080041e+01 7.209991e-03 9.999336e-01 8.989902e-03 -3.372044e-01 1.495593e-02 -9.096961e-03 9.998468e-01 1.494228e+00
9.999861e-01 4.851990e-03 2.079230e-03 1.089721e+01 -4.840076e-03 9.999721e-01 -5.696621e-03 -3.341156e-01 -2.106812e-03 5.686479e-03 9.999816e-01 1.189770e+00
9.999281e-01 -4.430713e-03 -1.114030e-02 1.094816e+01 4.496582e-03 9.999725e-01 5.894714e-03 -3.450012e-01 1.111387e-02 -5.944384e-03 9.999206e-01 1.373693e+00
9.999798e-01 5.158769e-03 3.711606e-03 1.098065e+01 -5.136535e-03 9.999690e-01 -5.975247e-03 -3.558863e-01 -3.742316e-03 5.956062e-03 9.999753e-01 1.627420e+00
9.998980e-01 -4.915045e-03 -1.340763e-02 1.102499e+01 5.003813e-03 9.999657e-01 6.595223e-03 -3.648161e-01 1.337475e-02 -6.661640e-03 9.998884e-01 1.764744e+00
9.999814e-01 4.933114e-03 3.574331e-03 1.106486e+01 -4.912886e-03 9.999720e-01 -5.645857e-03 -3.720399e-01 -3.602083e-03 5.628192e-03 9.999777e-01 1.854952e+00
9.998867e-01 -4.715143e-03 -1.429225e-02 1.111112e+01 4.803255e-03 9.999696e-01 6.136970e-03 -3.800529e-01 1.426288e-02 -6.204925e-03 9.998790e-01 1.968059e+00
9.999867e-01 4.577721e-03 2.382788e-03 1.115712e+01 -4.567646e-03 9.999807e-01 -4.216140e-03 -3.843785e-01 -2.402042e-03 4.205200e-03 9.999883e-01 2.001064e+00
9.998866e-01 -5.720184e-03 -1.393375e-02 1.130283e+01 5.802282e-03 9.999660e-01 5.858761e-03 -3.912563e-01 1.389977e-02 -5.938944e-03 9.998858e-01 1.977451e+00
9.999880e-01 3.340199e-03 -3.593552e-03 1.154782e+01 -3.348116e-03 9.999920e-01 -2.199513e-03 -3.982033e-01 3.586176e-03 2.211518e-03 9.999911e-01 1.750088e+00
9.998145e-01 -9.167509e-03 -1.693841e-02 1.183566e+01 9.323880e-03 9.999144e-01 9.176010e-03 -3.907017e-01 1.685283e-02 -9.332240e-03 9.998144e-01 9.997958e-01
9.999815e-01 3.652407e-03 -4.873246e-03 1.220162e+01 -3.662930e-03 9.999910e-01 -2.152257e-03 -3.895420e-01 4.865341e-03 2.170068e-03 9.999858e-01 2.822104e-01
9.997703e-01 -1.065843e-02 -1.859433e-02 1.268570e+01 1.085081e-02 9.998883e-01 1.027609e-02 -3.880943e-01 1.848272e-02 -1.047550e-02 9.997743e-01 -6.088567e-01
9.999860e-01 3.204700e-03 -4.213232e-03 1.304734e+01 -3.208357e-03 9.999945e-01 -8.617419e-04 -3.796468e-01 4.210447e-03 8.752477e-04 9.999908e-01 -1.531672e+00
9.999328e-01 -6.671392e-03 -9.479843e-03 1.315259e+01 6.726120e-03 9.999608e-01 5.752945e-03 -3.737415e-01 9.441092e-03 -5.816321e-03 9.999385e-01 -1.949633e+00
9.999824e-01 4.459892e-03 -3.915131e-03 1.325064e+01 -4.469536e-03 9.999870e-01 -2.458116e-03 -3.738193e-01 3.904118e-03 2.475571e-03 9.999893e-01 -2.229589e+00
9.999366e-01 -6.688249e-03 -9.063998e-03 1.335574e+01 6.739908e-03 9.999611e-01 5.680959e-03 -3.731895e-01 9.025650e-03 -5.741689e-03 9.999428e-01 -2.518998e+00
9.999776e-01 5.899303e-03 -3.174651e-03 1.343283e+01 -5.911116e-03 9.999756e-01 -3.724819e-03 -3.774326e-01 3.152600e-03 3.743502e-03 9.999880e-01 -2.614265e+00
9.999043e-01 -8.605454e-03 -1.083203e-02 1.356600e+01 8.683439e-03 9.999366e-01 7.173220e-03 -3.765957e-01 1.076961e-02 -7.266593e-03 9.999156e-01 -2.952378e+00
9.997632e-01 -4.115446e-04 -2.175731e-02 1.440306e+01 4.759825e-04 9.999955e-01 2.956545e-03 -3.813122e-01 2.175600e-02 -2.966200e-03 9.997589e-01 -4.187908e+00
9.998995e-01 -8.240495e-03 -1.153329e-02 1.513293e+01 8.340565e-03 9.999278e-01 8.655654e-03 -3.824451e-01 1.146113e-02 -8.750979e-03 9.998960e-01 -5.347342e+00
9.999638e-01 8.290891e-03 1.927370e-03 1.517294e+01 -8.276757e-03 9.999396e-01 -7.228531e-03 -3.877786e-01 -1.987184e-03 7.212317e-03 9.999720e-01 -5.297880e+00
9.999407e-01 -7.378970e-03 -8.006378e-03 1.521294e+01 7.433699e-03 9.999491e-01 6.827624e-03 -4.016836e-01 7.955590e-03 -6.886736e-03 9.999446e-01 -4.911450e+00
9.999383e-01 8.861962e-03 6.702390e-03 1.523720e+01 -8.810124e-03 9.999314e-01 -7.724498e-03 -4.263144e-01 -6.770384e-03 7.664972e-03 9.999477e-01 -3.737684e+00
9.999640e-01 -6.229594e-03 -5.762157e-03 1.525334e+01 6.257525e-03 9.999687e-01 4.842197e-03 -4.520943e-01 5.731812e-03 -4.878080e-03 9.999717e-01 -2.546230e+00
9.999720e-01 7.308122e-03 -1.634402e-03 1.529422e+01 -7.317255e-03 9.999572e-01 -5.653849e-03 -4.658976e-01 1.593013e-03 5.665650e-03 9.999827e-01 -2.207419e+00
9.999236e-01 -7.651247e-03 -9.705431e-03 1.545093e+01 7.716073e-03 9.999481e-01 6.659604e-03 -4.801043e-01 9.653973e-03 -6.733983e-03 9.999307e-01 -1.923967e+00
9.999726e-01 7.386042e-03 -4.597302e-04 1.561562e+01 -7.388907e-03 9.999510e-01 -6.580412e-03 -4.974757e-01 4.111044e-04 6.583629e-03 9.999782e-01 -1.687293e+00
9.998677e-01 -8.978051e-03 -1.356213e-02 1.572217e+01 9.108499e-03 9.999126e-01 9.587643e-03 -5.010007e-01 1.347487e-02 -9.709906e-03 9.998621e-01 -1.827012e+00
9.999749e-01 5.206409e-03 -4.805891e-03 1.588000e+01 -5.223106e-03 9.999803e-01 -3.468335e-03 -4.929326e-01 4.787739e-03 3.493350e-03 9.999824e-01 -2.306343e+00
9.999120e-01 -7.783188e-03 -1.073956e-02 1.603747e+01 7.856082e-03 9.999463e-01 6.762073e-03 -4.900840e-01 1.068636e-02 -6.845849e-03 9.999195e-01 -2.649722e+00
9.999740e-01 6.846247e-03 -2.267273e-03 1.613878e+01 -6.857214e-03 9.999647e-01 -4.865574e-03 -4.957775e-01 2.233882e-03 4.880994e-03 9.999856e-01 -2.741485e+00
9.999096e-01 -8.366644e-03 -1.052575e-02 1.620907e+01 8.446772e-03 9.999355e-01 7.591343e-03 -4.982268e-01 1.046156e-02 -7.679565e-03 9.999158e-01 -2.915092e+00
9.999611e-01 8.685992e-03 1.537335e-03 1.627779e+01 -8.674621e-03 9.999361e-01 -7.254377e-03 -5.106788e-01 -1.600248e-03 7.240759e-03 9.999725e-01 -2.667389e+00
9.998694e-01 -8.896190e-03 -1.349400e-02 1.638097e+01 9.006010e-03 9.999266e-01 8.099605e-03 -5.217989e-01 1.342096e-02 -8.220074e-03 9.998761e-01 -2.500094e+00
9.999586e-01 8.850453e-03 2.135172e-03 1.650055e+01 -8.834422e-03 9.999336e-01 -7.403927e-03 -5.361629e-01 -2.200558e-03 7.384758e-03 9.999703e-01 -2.247247e+00
9.998285e-01 -9.758617e-03 -1.574043e-02 1.662359e+01 9.905850e-03 9.999077e-01 9.303160e-03 -5.444325e-01 1.564819e-02 -9.457487e-03 9.998328e-01 -2.206413e+00
9.999777e-01 6.637869e-03 -7.930537e-04 1.682675e+01 -6.642069e-03 9.999633e-01 -5.417002e-03 -5.435462e-01 7.570670e-04 5.422148e-03 9.999850e-01 -2.619040e+00
9.995999e-01 -1.250841e-02 -2.536779e-02 1.746851e+01 1.282311e-02 9.998424e-01 1.228077e-02 -5.505263e-01 2.521018e-02 -1.260115e-02 9.996028e-01 -3.427505e+00
