9.999633e-01 5.752017e-04 -8.547861e-03 6.213860e-02 -5.813916e-04 9.999996e-01 -7.216841e-04 -8.804218e-03 8.547442e-03 7.266265e-04 9.999632e-01 7.453824e-03
9.999980e-01 3.982431e-05 2.014638e-03 8.015898e-02 -3.814011e-05 9.999996e-01 -8.359954e-04 -2.168209e-02 -2.014670e-03 8.359176e-04 9.999976e-01 3.617001e-01
9.998788e-01 5.128341e-04 -1.555936e-02 1.740646e-01 -5.145511e-04 9.999999e-01 -1.063497e-04 -3.280729e-02 1.555930e-02 1.143422e-04 9.998789e-01 3.222115e-01
9.999914e-01 -3.095916e-06 4.151019e-03 2.645852e-01 5.406761e-06 9.999998e-01 -5.566726e-04 -4.042490e-02 -4.151016e-03 5.566909e-04 9.999912e-01 2.238897e-01
9.998796e-01 6.599656e-04 -1.550578e-02 3.700651e-01 -6.627372e-04 9.999998e-01 -1.736080e-04 -5.090227e-02 1.550566e-02 1.838627e-04 9.998798e-01 1.421314e-01
9.999945e-01 2.428814e-05 3.322497e-03 5.142746e-01 -2.207069e-05 9.999998e-01 -6.674229e-04 -6.264140e-02 -3.322512e-03 6.673466e-04 9.999943e-01 1.536207e-02
9.999099e-01 6.044796e-04 -1.340758e-02 6.148045e-01 -6.075804e-04 9.999998e-01 -2.272016e-04 -7.283002e-02 1.340744e-02 2.353266e-04 9.999101e-01 -6.095554e-02
9.999797e-01 1.566224e-05 6.376684e-03 6.598818e-01 -9.629495e-06 9.999996e-01 -9.460835e-04 -8.393426e-02 -6.376695e-03 9.460036e-04 9.999792e-01 5.074662e-02
9.998935e-01 6.634955e-04 -1.457642e-02 7.333180e-01 -6.667791e-04 9.999998e-01 -2.204042e-04 -9.594099e-02 1.457627e-02 2.300992e-04 9.998937e-01 1.778060e-01
9.999887e-01 -7.031524e-05 4.751007e-03 8.090912e-01 7.399784e-05 9.999997e-01 -7.749356e-04 -1.065155e-01 -4.750950e-03 7.752791e-04 9.999884e-01 1.554900e-01
9.999958e-01 1.428051e-03 -2.510590e-03 3.090872e-01 -1.431721e-03 9.999979e-01 -1.460622e-03 -9.394019e-02 2.508499e-03 1.464210e-03 9.999958e-01 2.103348e+00
9.999926e-01 1.819492e-03 3.386167e-03 -2.367627e-01 -1.824333e-03 9.999973e-01 1.427150e-03 -7.222272e-02 -3.383560e-03 -1.433316e-03 9.999932e-01 4.263965e+00
9.999375e-01 -1.463412e-03 -1.108028e-02 -2.130546e-01 1.435572e-03 9.999958e-01 -2.520132e-03 -8.188542e-02 1.108392e-02 2.504067e-03 9.999354e-01 4.358554e+00
9.999939e-01 1.791799e-03 3.010238e-03 -2.579640e-01 -1.796412e-03 9.999972e-01 1.530141e-03 -8.569221e-02 -3.007488e-03 -1.535539e-03 9.999943e-01 4.483452e+00
9.999607e-01 -1.336129e-03 -8.763017e-03 -3.892640e-01 1.314850e-03 9.999962e-01 -2.433541e-03 -8.379368e-02 8.766235e-03 2.421922e-03 9.999586e-01 4.823604e+00
9.999933e-01 1.859795e-03 3.163359e-03 -5.230553e-01 -1.864752e-03 9.999970e-01 1.564778e-03 -8.224154e-02 -3.160439e-03 -1.570665e-03 9.999938e-01 5.224877e+00
9.999751e-01 -1.351946e-03 -6.921888e-03 -7.499801e-01 1.336791e-03 9.999967e-01 -2.193601e-03 -7.259356e-02 6.924831e-03 2.184293e-03 9.999736e-01 5.693558e+00
9.999948e-01 2.284888e-03 2.297182e-03 -1.055898e+00 -2.289250e-03 9.999956e-01 1.898042e-03 -5.374537e-02 -2.292835e-03 -1.903291e-03 9.999956e-01 6.170692e+00
9.999814e-01 -1.404789e-03 -5.928158e-03 -1.520336e+00 1.393904e-03 9.999973e-01 -1.839758e-03 -2.047168e-02 5.930726e-03 1.831460e-03 9.999807e-01 6.792022e+00
9.999953e-01 2.460108e-03 -1.817919e-03 -1.842429e+00 -2.456453e-03 9.999950e-01 2.009943e-03 1.948249e-03 1.822854e-03 -2.005467e-03 9.999963e-01 7.167250e+00
9.999689e-01 -1.807541e-03 -7.675887e-03 -1.934422e+00 1.786680e-03 9.999947e-01 -2.723707e-03 5.182177e-03 7.680769e-03 2.709907e-03 9.999668e-01 7.242192e+00
9.999972e-01 2.251614e-03 -6.876106e-04 -2.003986e+00 -2.250246e-03 9.999955e-01 1.984346e-03 4.666523e-03 6.920758e-04 -1.982792e-03 9.999978e-01 7.350031e+00
9.999861e-01 -1.684160e-03 -4.999015e-03 -2.191533e+00 1.671375e-03 9.999953e-01 -2.560629e-03 1.287810e-02 5.003304e-03 2.552237e-03 9.999842e-01 7.688567e+00
9.999976e-01 2.183298e-03 -3.362725e-04 -2.435616e+00 -2.182595e-03 9.999955e-01 2.076772e-03 2.612179e-02 3.408055e-04 -2.076033e-03 9.999978e-01 8.065003e+00
9.999719e-01 -1.363448e-03 -7.372817e-03 -2.707029e+00 1.346074e-03 9.999963e-01 -2.360942e-03 4.337518e-02 7.376008e-03 2.350951e-03 9.999700e-01 8.381993e+00
9.999959e-01 2.130503e-03 -1.919787e-03 -3.028235e+00 -2.125596e-03 9.999945e-01 2.554375e-03 6.497979e-02 1.925219e-03 -2.550283e-03 9.999949e-01 8.694584e+00
9.999575e-01 -1.481945e-03 -9.100039e-03 -3.170597e+00 1.454843e-03 9.999945e-01 -2.984099e-03 7.381353e-02 9.104411e-03 2.970732e-03 9.999541e-01 8.771614e+00
9.999829e-01 2.048414e-03 -5.469916e-03 -3.166816e+00 -2.036692e-03 9.999956e-01 2.147753e-03 6.840489e-02 5.474292e-03 -2.136575e-03 9.999827e-01 8.693744e+00
9.999971e-01 -1.713755e-03 -1.684370e-03 -3.381175e+00 1.709289e-03 9.999950e-01 -2.648922e-03 7.760680e-02 1.688901e-03 2.646034e-03 9.999951e-01 9.026650e+00
9.999857e-01 2.588078e-03 -4.687013e-03 -3.732542e+00 -2.575763e-03 9.999932e-01 2.631594e-03 1.001051e-01 4.693792e-03 -2.619483e-03 9.999856e-01 9.501109e+00
9.999942e-01 -1.834000e-03 -2.853470e-03 -4.036237e+00 1.826130e-03 9.999945e-01 -2.757945e-03 1.198333e-01 2.858512e-03 2.752717e-03 9.999921e-01 9.846432e+00
9.999881e-01 2.365568e-03 -4.277936e-03 -4.351112e+00 -2.353988e-03 9.999936e-01 2.709773e-03 1.393557e-01 4.284318e-03 -2.699670e-03 9.999872e-01 1.025321e+01
9.999812e-01 -2.285008e-03 -5.688304e-03 -4.594995e+00 2.269691e-03 9.999938e-01 -2.697667e-03 1.547322e-01 5.694433e-03 2.684705e-03 9.999802e-01 1.049335e+01
9.999686e-01 2.910575e-03 -7.377255e-03 -4.706092e+00 -2.893840e-03 9.999932e-01 2.278146e-03 1.583711e-01 7.383836e-03 -2.256725e-03 9.999702e-01 1.057667e+01
9.999969e-01 -2.467586e-03 -2.083591e-04 -4.901234e+00 2.466995e-03 9.999931e-01 -2.786656e-03 1.672245e-01 2.152337e-04 2.786132e-03 9.999961e-01 1.084914e+01
9.999764e-01 3.148892e-03 -6.107100e-03 -5.201864e+00 -3.133800e-03 9.999920e-01 2.479158e-03 1.827324e-01 6.114858e-03 -2.459961e-03 9.999783e-01 1.140417e+01
9.999964e-01 -2.420536e-03 -1.199127e-03 -5.434262e+00 2.417223e-03 9.999933e-01 -2.756052e-03 1.922153e-01 1.205790e-03 2.753143e-03 9.999955e-01 1.193186e+01
9.999525e-01 2.816506e-03 -9.328335e-03 -5.684440e+00 -2.789536e-03 9.999919e-01 2.902842e-03 2.037805e-01 9.336435e-03 -2.876682e-03 9.999523e-01 1.230065e+01
9.999967e-01 -2.376237e-03 -1.000408e-03 -5.806652e+00 2.372909e-03 9.999917e-01 -3.314836e-03 2.060063e-01 1.008276e-03 3.312451e-03 9.999940e-01 1.250888e+01
9.999496e-01 2.758376e-03 -9.652117e-03 -5.889872e+00 -2.732678e-03 9.999927e-01 2.674574e-03 2.046519e-01 9.659425e-03 -2.648063e-03 9.999498e-01 1.266469e+01
9.999948e-01 -2.314853e-03 -2.230508e-03 -5.939574e+00 2.307457e-03 9.999919e-01 -3.312502e-03 2.032449e-01 2.238158e-03 3.307338e-03 9.999920e-01 1.268837e+01
9.999576e-01 2.894373e-03 -8.747008e-03 -6.032553e+00 -2.870276e-03 9.999921e-01 2.766131e-03 2.051422e-01 8.754945e-03 -2.740906e-03 9.999579e-01 1.277208e+01
9.999970e-01 -2.342508e-03 -6.537119e-04 -6.187680e+00 2.340489e-03 9.999925e-01 -3.072336e-03 2.093039e-01 6.609037e-04 3.070797e-03 9.999951e-01 1.304607e+01
9.999131e-01 2.912702e-03 -1.285943e-02 -6.337884e+00 -2.878482e-03 9.999923e-01 2.678806e-03 2.164105e-01 1.286713e-02 -2.641557e-03 9.999137e-01 1.311248e+01
9.999946e-01 -2.217299e-03 2.442873e-03 -6.329975e+00 2.225439e-03 9.999920e-01 -3.334779e-03 2.110245e-01 -2.435459e-03 3.340197e-03 9.999915e-01 1.314141e+01
9.999239e-01 2.654607e-03 -1.205077e-02 -6.306602e+00 -2.624720e-03 9.999934e-01 2.495219e-03 2.028441e-01 1.205732e-02 -2.463399e-03 9.999243e-01 1.313784e+01
9.999970e-01 -2.314083e-03 -7.690847e-04 -6.546167e+00 2.311783e-03 9.999929e-01 -2.976880e-03 2.213105e-01 7.759676e-04 2.975092e-03 9.999953e-01 1.317263e+01
9.999018e-01 3.065246e-03 -1.367821e-02 -6.908299e+00 -3.014667e-03 9.999885e-01 3.716861e-03 2.516962e-01 1.368944e-02 -3.675260e-03 9.998995e-01 1.328482e+01
9.999733e-01 -2.490366e-03 6.871066e-03 -7.106235e+00 2.519491e-03 9.999879e-01 -4.233411e-03 2.578110e-01 -6.860440e-03 4.250609e-03 9.999674e-01 1.375067e+01
9.999126e-01 3.120873e-03 -1.284763e-02 -7.335071e+00 -3.072257e-03 9.999881e-01 3.802042e-03 2.666209e-01 1.285934e-02 -3.762238e-03 9.999102e-01 1.429169e+01
9.999811e-01 -2.346530e-03 5.683474e-03 -7.531014e+00 2.370561e-03 9.999883e-01 -4.225213e-03 2.736872e-01 -5.673493e-03 4.238606e-03 9.999749e-01 1.475394e+01
9.998870e-01 2.813654e-03 -1.476540e-02 -7.632573e+00 -2.759103e-03 9.999893e-01 3.713572e-03 2.730969e-01 1.477569e-02 -3.672413e-03 9.998841e-01 1.502773e+01
9.999876e-01 -2.243555e-03 4.442277e-03 -7.729308e+00 2.262370e-03 9.999885e-01 -4.235113e-03 2.736063e-01 -4.432724e-03 4.245110e-03 9.999812e-01 1.517250e+01
9.998968e-01 2.703256e-03 -1.410895e-02 -7.794902e+00 -2.652642e-03 9.999900e-01 3.604811e-03 2.709326e-01 1.411855e-02 -3.567012e-03 9.998940e-01 1.534155e+01
9.999868e-01 -2.240215e-03 4.619375e-03 -7.791244e+00 2.261160e-03 9.999872e-01 -4.534061e-03 2.639861e-01 -4.609159e-03 4.544446e-03 9.999791e-01 1.536696e+01
9.998803e-01 2.688694e-03 -1.523371e-02 -7.797851e+00 -2.632821e-03 9.999897e-01 3.686550e-03 2.591156e-01 1.524347e-02 -3.646001e-03 9.998772e-01 1.535549e+01
9.999863e-01 -2.118442e-03 4.790295e-03 -7.870914e+00 2.138658e-03 9.999888e-01 -4.219004e-03 2.594224e-01 -4.781304e-03 4.229190e-03 9.999796e-01 1.541251e+01
9.999059e-01 2.562588e-03 -1.347855e-02 -7.918834e+00 -2.518984e-03 9.999915e-01 3.251011e-03 2.555252e-01 1.348677e-02 -3.216752e-03 9.999039e-01 1.555912e+01
9.999945e-01 -2.073267e-03 -2.585445e-03 -8.042721e+00 2.062421e-03 9.999891e-01 -4.190381e-03 2.621509e-01 2.594105e-03 4.185025e-03 9.999879e-01 1.551168e+01
9.997639e-01 2.595221e-03 -2.157362e-02 -8.423120e+00 -2.497965e-03 9.999866e-01 4.533832e-03 2.973917e-01 2.158510e-02 -4.478871e-03 9.997570e-01 1.540153e+01
9.999975e-01 -1.518535e-03 1.614900e-03 -8.683133e+00 1.525222e-03 9.999902e-01 -4.147892e-03 3.196679e-01 -1.608586e-03 4.150345e-03 9.999901e-01 1.532968e+01
9.998896e-01 2.103871e-03 -1.470715e-02 -8.692990e+00 -2.056055e-03 9.999926e-01 3.265550e-03 3.153061e-01 1.471391e-02 -3.234951e-03 9.998865e-01 1.527796e+01
9.999909e-01 -1.496172e-03 3.996361e-03 -8.753247e+00 1.512173e-03 9.999908e-01 -4.003951e-03 3.155060e-01 -3.990334e-03 4.009957e-03 9.999840e-01 1.529445e+01
9.998933e-01 1.932043e-03 -1.448060e-02 -8.810324e+00 -1.885120e-03 9.999929e-01 3.253309e-03 3.133303e-01 1.448678e-02 -3.225663e-03 9.998899e-01 1.538678e+01
9.999922e-01 -1.424483e-03 3.673772e-03 -8.905282e+00 1.439060e-03 9.999911e-01 -3.968464e-03 3.148190e-01 -3.668087e-03 3.973719e-03 9.999854e-01 1.548207e+01
9.998827e-01 1.951451e-03 -1.518862e-02 -9.088624e+00 -1.892676e-03 9.999907e-01 3.883067e-03 3.245331e-01 1.519606e-02 -3.853864e-03 9.998771e-01 1.561817e+01
9.999876e-01 -1.455334e-03 4.765205e-03 -9.282401e+00 1.474389e-03 9.999909e-01 -3.997792e-03 3.324366e-01 -4.759344e-03 4.004767e-03 9.999807e-01 1.587843e+01
9.998252e-01 2.061718e-03 -1.858261e-02 -9.493043e+00 -1.989020e-03 9.999903e-01 3.929790e-03 3.469016e-01 1.859053e-02 -3.892141e-03 9.998196e-01 1.594614e+01
9.999921e-01 -1.316955e-03 3.743291e-03 -9.671151e+00 1.332830e-03 9.999901e-01 -4.241801e-03 3.595996e-01 -3.737668e-03 4.246756e-03 9.999840e-01 1.594765e+01
9.998489e-01 1.894030e-03 -1.727930e-02 -9.757147e+00 -1.830223e-03 9.999915e-01 3.707728e-03 3.632851e-01 1.728617e-02 -3.675542e-03 9.998438e-01 1.593895e+01
9.999847e-01 -1.249570e-03 5.389669e-03 -9.759571e+00 1.275263e-03 9.999878e-01 -4.766277e-03 3.584734e-01 -5.383648e-03 4.773077e-03 9.999741e-01 1.592097e+01
9.999390e-01 2.141390e-03 -1.083908e-02 -9.757770e+00 -2.108800e-03 9.999932e-01 3.017259e-03 3.472772e-01 1.084547e-02 -2.994217e-03 9.999367e-01 1.634667e+01
9.999945e-01 -1.506118e-03 2.940746e-03 -9.789302e+00 1.518486e-03 9.999900e-01 -4.208054e-03 3.392583e-01 -2.934379e-03 4.212496e-03 9.999868e-01 1.675577e+01
9.999313e-01 2.036596e-03 -1.154317e-02 -9.818486e+00 -2.002804e-03 9.999937e-01 2.938225e-03 3.329169e-01 1.154908e-02 -2.914904e-03 9.999291e-01 1.698285e+01
9.999988e-01 -1.474292e-03 -4.044869e-04 -9.825609e+00 1.472645e-03 9.999908e-01 -4.040627e-03 3.276895e-01 4.104400e-04 4.040025e-03 9.999918e-01 1.700314e+01
9.999459e-01 2.006408e-03 -1.021055e-02 -9.812626e+00 -1.976530e-03 9.999937e-01 2.935453e-03 3.214099e-01 1.021637e-02 -2.915112e-03 9.999436e-01 1.698452e+01
9.999991e-01 -1.334224e-03 2.688627e-04 -9.769991e+00 1.335298e-03 9.999910e-01 -4.037786e-03 3.125697e-01 -2.634732e-04 4.038140e-03 9.999918e-01 1.699450e+01
9.999811e-01 2.219040e-03 -5.728694e-03 -9.750398e+00 -2.207196e-03 9.999954e-01 2.072951e-03 2.985980e-01 5.733268e-03 -2.060267e-03 9.999814e-01 1.744673e+01
9.999987e-01 -1.453428e-03 7.098275e-04 -9.762065e+00 1.456375e-03 9.999903e-01 -4.168663e-03 2.850156e-01 -7.037619e-04 4.169691e-03 9.999911e-01 1.804023e+01
9.999815e-01 2.312593e-03 -5.628987e-03 -9.750879e+00 -2.301529e-03 9.999954e-01 1.971236e-03 2.698907e-01 5.633520e-03 -1.958244e-03 9.999822e-01 1.860946e+01
9.999988e-01 -1.528120e-03 -1.425077e-04 -9.737338e+00 1.527573e-03 9.999917e-01 -3.764315e-03 2.558685e-01 1.482587e-04 3.764092e-03 9.999929e-01 1.906402e+01
9.999778e-01 2.114479e-03 -6.326355e-03 -9.759861e+00 -2.099761e-03 9.999951e-01 2.332064e-03 2.460947e-01 6.331255e-03 -2.318728e-03 9.999773e-01 1.944385e+01
9.999988e-01 -1.485343e-03 -3.143005e-04 -9.911759e+00 1.484340e-03 9.999939e-01 -3.167247e-03 2.471170e-01 3.190028e-04 3.166776e-03 9.999949e-01 1.991496e+01
9.999563e-01 2.033057e-03 -9.127756e-03 -1.004843e+01 -2.006958e-03 9.999939e-01 2.867610e-03 2.490014e-01 9.133530e-03 -2.849165e-03 9.999542e-01 2.028166e+01
9.999989e-01 -1.475039e-03 1.238303e-04 -1.009124e+01 1.475517e-03 9.999911e-01 -3.956427e-03 2.439551e-01 -1.179935e-04 3.956604e-03 9.999922e-01 2.045164e+01
9.999574e-01 2.023750e-03 -9.006103e-03 -1.011041e+01 -1.998857e-03 9.999942e-01 2.772136e-03 2.372552e-01 9.011661e-03 -2.754016e-03 9.999556e-01 2.059685e+01
9.999970e-01 -1.462744e-03 -1.958859e-03 -1.023048e+01 1.456194e-03 9.999934e-01 -3.341028e-03 2.408247e-01 1.963733e-03 3.338165e-03 9.999925e-01 2.071525e+01
9.999745e-01 1.859725e-03 -6.893789e-03 -1.036781e+01 -1.841487e-03 9.999948e-01 2.650955e-03 2.430368e-01 6.898684e-03 -2.638192e-03 9.999727e-01 2.099314e+01
9.999992e-01 -1.271312e-03 -1.376772e-04 -1.039224e+01 1.270750e-03 9.999911e-01 -4.010946e-03 2.347445e-01 1.427749e-04 4.010767e-03 9.999919e-01 2.129281e+01
9.999827e-01 1.888087e-03 -5.578093e-03 -1.042949e+01 -1.873865e-03 9.999950e-01 2.553722e-03 2.259293e-01 5.582887e-03 -2.543225e-03 9.999812e-01 2.170747e+01
9.999992e-01 -1.257300e-03 -1.544166e-04 -1.048965e+01 1.256681e-03 9.999914e-01 -3.943851e-03 2.181819e-01 1.593736e-04 3.943653e-03 9.999922e-01 2.221498e+01
9.999632e-01 1.759674e-03 -8.396767e-03 -1.050252e+01 -1.736879e-03 9.999948e-01 2.721175e-03 2.094752e-01 8.401511e-03 -2.706490e-03 9.999610e-01 2.247916e+01
9.999977e-01 -1.113164e-03 -1.827244e-03 -1.045861e+01 1.106274e-03 9.999923e-01 -3.766818e-03 2.002683e-01 1.831422e-03 3.764788e-03 9.999912e-01 2.248318e+01
9.999739e-01 1.573669e-03 -7.051628e-03 -1.045344e+01 -1.554219e-03 9.999950e-01 2.762785e-03 1.925909e-01 7.055940e-03 -2.751752e-03 9.999713e-01 2.255561e+01
9.999974e-01 -1.129540e-03 -1.986087e-03 -1.048873e+01 1.121929e-03 9.999920e-01 -3.829071e-03 1.872459e-01 1.990396e-03 3.826833e-03 9.999907e-01 2.267968e+01
9.999772e-01 1.658227e-03 -6.551685e-03 -1.054031e+01 -1.640272e-03 9.999949e-01 2.744858e-03 1.818084e-01 6.556204e-03 -2.734048e-03 9.999748e-01 2.291170e+01
9.999969e-01 -1.173907e-03 -2.199466e-03 -1.062999e+01 1.165894e-03 9.999927e-01 -3.640756e-03 1.793901e-01 2.203724e-03 3.638180e-03 9.999910e-01 2.319908e+01
9.999860e-01 1.769184e-03 -4.977864e-03 -1.066609e+01 -1.758380e-03 9.999961e-01 2.173958e-03 1.711280e-01 4.981691e-03 -2.165174e-03 9.999852e-01 2.357103e+01
9.999979e-01 -1.177798e-03 -1.657537e-03 -1.066358e+01 1.171838e-03 9.999929e-01 -3.591870e-03 1.599973e-01 1.661755e-03 3.589920e-03 9.999922e-01 2.389313e+01
9.999820e-01 1.562771e-03 -5.797949e-03 -1.065622e+01 -1.549451e-03 9.999962e-01 2.300964e-03 1.499413e-01 5.801523e-03 -2.291939e-03 9.999805e-01 2.411919e+01
9.999922e-01 -1.015117e-03 -3.815276e-03 -1.060976e+01 1.002249e-03 9.999938e-01 -3.373121e-03 1.397621e-01 3.818676e-03 3.369270e-03 9.999870e-01 2.417018e+01
9.999866e-01 1.583496e-03 -4.921055e-03 -1.057844e+01 -1.571488e-03 9.999958e-01 2.442945e-03 1.308697e-01 4.924903e-03 -2.435178e-03 9.999849e-01 2.419847e+01
9.999360e-01 -9.725567e-04 -1.126965e-02 -1.051789e+01 9.334905e-04 9.999935e-01 -3.471204e-03 1.236959e-01 1.127295e-02 3.460461e-03 9.999305e-01 2.407861e+01
9.999933e-01 1.815824e-03 3.186681e-03 -1.056934e+01 -1.821865e-03 9.999965e-01 1.893843e-03 1.189012e-01 -3.183231e-03 -1.899636e-03 9.999931e-01 2.433460e+01
9.999741e-01 -1.080541e-03 -7.117075e-03 -1.076445e+01 1.050817e-03 9.999907e-01 -4.178800e-03 1.097146e-01 7.121524e-03 4.171213e-03 9.999659e-01 2.564346e+01
9.999829e-01 3.146051e-03 4.925812e-03 -1.117086e+01 -3.167036e-03 9.999859e-01 4.258427e-03 1.284845e-01 -4.912345e-03 -4.273954e-03 9.999788e-01 2.697362e+01
9.998727e-01 -2.755654e-03 -1.571769e-02 -1.111692e+01 2.673579e-03 9.999827e-01 -5.240470e-03 1.201393e-01 1.573185e-02 5.197779e-03 9.998627e-01 2.691015e+01
9.999833e-01 3.180824e-03 4.830986e-03 -1.107401e+01 -3.201218e-03 9.999860e-01 4.219790e-03 1.117621e-01 -4.817496e-03 -4.235184e-03 9.999794e-01 2.686076e+01
9.998696e-01 -2.756642e-03 -1.591007e-02 -1.104426e+01 2.673575e-03 9.999827e-01 -5.239974e-03 1.042043e-01 1.592424e-02 5.196753e-03 9.998597e-01 2.680953e+01
9.999525e-01 3.213681e-03 9.205970e-03 -1.103805e+01 -3.249464e-03 9.999872e-01 3.874600e-03 9.397696e-02 -9.193400e-03 -3.904330e-03 9.999501e-01 2.703937e+01
9.998840e-01 -2.798881e-03 -1.497204e-02 -1.110256e+01 2.724926e-03 9.999840e-01 -4.957630e-03 8.849962e-02 1.498568e-02 4.916256e-03 9.998756e-01 2.740597e+01
9.999487e-01 3.172469e-03 9.615376e-03 -1.119610e+01 -3.207574e-03 9.999882e-01 3.637771e-03 8.452674e-02 -9.603722e-03 -3.668426e-03 9.999472e-01 2.785564e+01
9.999094e-01 -2.530933e-03 -1.322183e-02 -1.130151e+01 2.456469e-03 9.999810e-01 -5.645089e-03 7.739376e-02 1.323587e-02 5.612098e-03 9.998967e-01 2.864623e+01
9.999632e-01 3.026903e-03 8.026249e-03 -1.143167e+01 -3.066085e-03 9.999834e-01 4.874031e-03 7.502107e-02 -8.011363e-03 -4.898460e-03 9.999559e-01 2.926465e+01
9.999199e-01 -2.505255e-03 -1.240988e-02 -1.153989e+01 2.423250e-03 9.999752e-01 -6.618619e-03 7.179965e-02 1.242615e-02 6.588016e-03 9.999011e-01 2.978568e+01
9.999831e-01 3.038434e-03 4.946590e-03 -1.163806e+01 -3.066614e-03 9.999791e-01 5.699381e-03 6.715192e-02 -4.929169e-03 -5.714453e-03 9.999715e-01 3.030188e+01
9.998841e-01 -2.736849e-03 -1.497426e-02 -1.172891e+01 2.641760e-03 9.999762e-01 -6.366243e-03 6.719044e-02 1.499132e-02 6.325947e-03 9.998676e-01 3.044877e+01
9.999929e-01 3.226146e-03 -1.941235e-03 -1.174817e+01 -3.216064e-03 9.999814e-01 5.174193e-03 6.393672e-02 1.957892e-03 -5.167912e-03 9.999847e-01 3.035729e+01
9.997935e-01 -2.168361e-03 -2.020639e-02 -1.165251e+01 2.050698e-03 9.999808e-01 -5.841980e-03 5.826191e-02 2.021867e-02 5.799336e-03 9.997788e-01 3.013632e+01
9.999878e-01 2.766551e-03 4.099722e-03 -1.162550e+01 -2.788352e-03 9.999820e-01 5.321709e-03 5.498646e-02 -4.084926e-03 -5.333074e-03 9.999774e-01 3.002765e+01
9.998371e-01 -2.650124e-03 -1.785211e-02 -1.162133e+01 2.534327e-03 9.999756e-01 -6.505899e-03 4.875512e-02 1.786891e-02 6.459596e-03 9.998195e-01 2.995474e+01
9.999943e-01 3.273031e-03 8.026405e-04 -1.138164e+01 -3.277228e-03 9.999807e-01 5.284476e-03 3.471530e-02 -7.853286e-04 -5.287075e-03 9.999857e-01 2.968441e+01
9.997684e-01 -2.415829e-03 -2.138571e-02 -1.110767e+01 2.286259e-03 9.999789e-01 -6.081058e-03 2.280542e-02 2.139995e-02 6.030756e-03 9.997528e-01 2.934305e+01
9.999768e-01 3.090815e-03 6.072190e-03 -1.100270e+01 -3.123394e-03 9.999807e-01 5.363274e-03 1.578448e-02 -6.055496e-03 -5.382114e-03 9.999672e-01 2.918529e+01
9.998912e-01 -2.451859e-03 -1.454773e-02 -1.098292e+01 2.355642e-03 9.999753e-01 -6.627274e-03 6.955832e-03 1.456362e-02 6.592283e-03 9.998722e-01 2.928317e+01
9.999926e-01 2.997848e-03 2.392679e-03 -1.093074e+01 -3.011178e-03 9.999799e-01 5.587420e-03 -2.474283e-03 -2.375880e-03 -5.594583e-03 9.999815e-01 2.928209e+01
9.999276e-01 -2.257807e-03 -1.181847e-02 -1.085135e+01 2.176444e-03 9.999739e-01 -6.892738e-03 -1.343895e-02 1.183373e-02 6.866517e-03 9.999064e-01 2.928343e+01
9.999949e-01 2.994849e-03 -1.103965e-03 -1.076658e+01 -2.987979e-03 9.999765e-01 6.172618e-03 -2.346754e-02 1.122425e-03 -6.169288e-03 9.999803e-01 2.922644e+01
9.999247e-01 -2.411379e-03 -1.203058e-02 -1.072813e+01 2.328199e-03 9.999733e-01 -6.923238e-03 -3.069205e-02 1.204696e-02 6.894706e-03 9.999037e-01 2.915321e+01
9.999892e-01 2.767005e-03 3.727299e-03 -1.076349e+01 -2.789561e-03 9.999777e-01 6.060197e-03 -3.404759e-02 -3.710448e-03 -6.070529e-03 9.999747e-01 2.922364e+01
9.998438e-01 -2.371978e-03 -1.751584e-02 -1.078586e+01 2.241960e-03 9.999698e-01 -7.438803e-03 -3.708300e-02 1.753295e-02 7.398371e-03 9.998189e-01 2.917865e+01
9.999785e-01 2.834687e-03 5.910224e-03 -1.076597e+01 -2.874149e-03 9.999736e-01 6.679210e-03 -4.215996e-02 -5.891134e-03 -6.696053e-03 9.999602e-01 2.911580e+01
9.997984e-01 -2.443512e-03 -1.992806e-02 -1.068720e+01 2.289392e-03 9.999673e-01 -7.752964e-03 -5.259889e-02 1.994635e-02 7.705777e-03 9.997714e-01 2.904914e+01
9.999558e-01 2.847252e-03 8.963958e-03 -1.073478e+01 -2.908552e-03 9.999724e-01 6.832947e-03 -5.389649e-02 -8.944255e-03 -6.858716e-03 9.999365e-01 2.907783e+01
9.998971e-01 -2.346810e-03 -1.414980e-02 -1.083446e+01 2.235256e-03 9.999663e-01 -7.894388e-03 -5.924344e-02 1.416785e-02 7.861947e-03 9.998687e-01 2.971453e+01
9.999576e-01 2.921059e-03 8.731309e-03 -1.087292e+01 -2.977773e-03 9.999745e-01 6.489672e-03 -6.757900e-02 -8.712130e-03 -6.515396e-03 9.999408e-01 3.012692e+01
9.999006e-01 -2.483868e-03 -1.387972e-02 -1.096485e+01 2.372254e-03 9.999648e-01 -8.052138e-03 -7.543370e-02 1.389923e-02 8.018411e-03 9.998713e-01 3.074839e+01
9.999882e-01 2.656072e-03 4.079298e-03 -1.097962e+01 -2.685066e-03 9.999711e-01 7.118633e-03 -8.215795e-02 -4.060273e-03 -7.129501e-03 9.999663e-01 3.088114e+01
9.998256e-01 -2.155067e-03 -1.855292e-02 -1.098305e+01 2.007221e-03 9.999661e-01 -7.983765e-03 -8.603952e-02 1.856950e-02 7.945131e-03 9.997960e-01 3.080388e+01
9.999843e-01 2.551592e-03 4.989094e-03 -1.097135e+01 -2.586687e-03 9.999719e-01 7.040635e-03 -9.207031e-02 -4.970989e-03 -7.053430e-03 9.999628e-01 3.073951e+01
9.999354e-01 -2.005240e-03 -1.118554e-02 -1.097140e+01 1.911250e-03 9.999628e-01 -8.407144e-03 -1.027843e-01 1.120198e-02 8.385222e-03 9.999021e-01 3.101300e+01
9.999145e-01 3.248661e-03 1.266388e-02 -1.135792e+01 -3.314677e-03 9.999810e-01 5.195488e-03 -1.017975e-01 -1.264676e-02 -5.237020e-03 9.999063e-01 3.301922e+01
9.999390e-01 -2.278046e-03 -1.080666e-02 -1.189839e+01 2.184250e-03 9.999599e-01 -8.683255e-03 -1.031252e-01 1.082601e-02 8.659120e-03 9.999039e-01 3.595098e+01
9.998808e-01 4.749627e-03 1.468952e-02 -1.253918e+01 -4.874658e-03 9.999521e-01 8.487534e-03 -7.937312e-02 -1.464851e-02 -8.558128e-03 9.998561e-01 3.840775e+01
9.997737e-01 -3.969780e-03 -2.089824e-02 -1.258843e+01 3.755597e-03 9.999401e-01 -1.027813e-02 -8.965147e-02 2.093779e-02 1.019732e-02 9.997288e-01 3.909739e+01
9.998791e-01 4.549686e-03 1.486563e-02 -1.254403e+01 -4.680379e-03 9.999506e-01 8.768690e-03 -1.027367e-01 -1.482500e-02 -8.837206e-03 9.998511e-01 3.937596e+01
9.997710e-01 -4.130666e-03 -2.099675e-02 -1.254922e+01 3.914337e-03 9.999389e-01 -1.033364e-02 -1.129417e-01 2.103816e-02 1.024909e-02 9.997261e-01 3.965420e+01
9.999355e-01 4.198885e-03 1.055489e-02 -1.253009e+01 -4.294472e-03 9.999498e-01 9.049934e-03 -1.215904e-01 -1.051636e-02 -9.094678e-03 9.999033e-01 3.967992e+01
9.997384e-01 -3.853170e-03 -2.254405e-02 -1.251762e+01 3.629059e-03 9.999437e-01 -9.973491e-03 -1.274481e-01 2.258121e-02 9.889068e-03 9.996961e-01 3.962759e+01
9.998478e-01 4.150250e-03 1.694446e-02 -1.261822e+01 -4.295671e-03 9.999542e-01 8.554875e-03 -1.293863e-01 -1.690818e-02 -8.626360e-03 9.998198e-01 3.996749e+01
9.996696e-01 -4.051083e-03 -2.538230e-02 -1.278856e+01 3.820352e-03 9.999510e-01 -9.132112e-03 -1.261669e-01 2.541805e-02 9.032125e-03 9.996361e-01 4.040690e+01
9.998610e-01 4.318843e-03 1.610371e-02 -1.284016e+01 -4.448967e-03 9.999577e-01 8.053345e-03 -1.304849e-01 -1.606825e-02 -8.123870e-03 9.998379e-01 4.059759e+01
9.997536e-01 -3.723202e-03 -2.188206e-02 -1.281560e+01 3.508399e-03 9.999454e-01 -9.846579e-03 -1.434520e-01 2.191753e-02 9.767382e-03 9.997121e-01 4.093636e+01
9.998841e-01 4.058284e-03 1.467399e-02 -1.278556e+01 -4.180397e-03 9.999568e-01 8.300640e-03 -1.541512e-01 -1.463967e-02 -8.361021e-03 9.998579e-01 4.114070e+01
9.996972e-01 -3.674142e-03 -2.433280e-02 -1.276961e+01 3.447643e-03 9.999504e-01 -9.343782e-03 -1.623047e-01 2.436592e-02 9.257061e-03 9.996602e-01 4.116966e+01
9.998568e-01 3.902742e-03 1.646604e-02 -1.276671e+01 -4.037209e-03 9.999587e-01 8.141038e-03 -1.695417e-01 -1.643359e-02 -8.206349e-03 9.998313e-01 4.125271e+01
9.997132e-01 -3.458528e-03 -2.369781e-02 -1.273716e+01 3.229782e-03 9.999479e-01 -9.684104e-03 -1.798558e-01 2.373007e-02 9.604787e-03 9.996723e-01 4.140065e+01
9.998148e-01 4.101836e-03 1.880354e-02 -1.275019e+01 -4.246299e-03 9.999617e-01 7.649316e-03 -1.919501e-01 -1.877144e-02 -7.727744e-03 9.997939e-01 4.185000e+01
9.996717e-01 -3.813653e-03 -2.533622e-02 -1.277594e+01 3.584822e-03 9.999524e-01 -9.071043e-03 -2.029180e-01 2.536961e-02 8.977238e-03 9.996378e-01 4.235127e+01
9.998244e-01 4.247261e-03 1.825050e-02 -1.274688e+01 -4.387252e-03 9.999612e-01 7.637376e-03 -2.136964e-01 -1.821736e-02 -7.716105e-03 9.998043e-01 4.251914e+01
9.996202e-01 -3.757469e-03 -2.730156e-02 -1.267158e+01 3.519784e-03 9.999555e-01 -8.748723e-03 -2.249842e-01 2.733322e-02 8.649304e-03 9.995890e-01 4.257992e+01
9.998612e-01 4.049655e-03 1.616327e-02 -1.257834e+01 -4.176193e-03 9.999608e-01 7.802678e-03 -2.363331e-01 -1.613104e-02 -7.869096e-03 9.998389e-01 4.249813e+01
9.997196e-01 -3.583873e-03 -2.340544e-02 -1.254729e+01 3.369654e-03 9.999521e-01 -9.185521e-03 -2.473839e-01 2.343724e-02 9.104076e-03 9.996839e-01 4.265475e+01
9.998541e-01 3.880469e-03 1.663291e-02 -1.252905e+01 -4.010947e-03 9.999614e-01 7.818478e-03 -2.585088e-01 -1.660193e-02 -7.884051e-03 9.998311e-01 4.289216e+01
9.997258e-01 -3.445358e-03 -2.316037e-02 -1.251101e+01 3.234259e-03 9.999529e-01 -9.145900e-03 -2.687327e-01 2.319079e-02 9.068485e-03 9.996899e-01 4.307329e+01
9.998921e-01 3.531994e-03 1.425955e-02 -1.249854e+01 -3.644040e-03 9.999626e-01 7.839294e-03 -2.773789e-01 -1.423133e-02 -7.890410e-03 9.998676e-01 4.314118e+01
9.997260e-01 -3.222198e-03 -2.318478e-02 -1.249198e+01 3.016026e-03 9.999556e-01 -8.922025e-03 -2.839975e-01 2.321250e-02 8.849654e-03 9.996914e-01 4.317176e+01
9.998707e-01 3.552483e-03 1.568066e-02 -1.250400e+01 -3.672740e-03 9.999640e-01 7.647018e-03 -2.918905e-01 -1.565293e-02 -7.703620e-03 9.998478e-01 4.334762e+01
9.997352e-01 -3.249603e-03 -2.277939e-02 -1.250171e+01 3.045224e-03 9.999549e-01 -9.001071e-03 -3.011601e-01 2.280761e-02 8.929319e-03 9.997000e-01 4.353400e+01
9.998640e-01 3.590719e-03 1.609878e-02 -1.250288e+01 -3.714529e-03 9.999637e-01 7.667378e-03 -3.106624e-01 -1.607066e-02 -7.726133e-03 9.998410e-01 4.374304e+01
9.997433e-01 -3.236290e-03 -2.242517e-02 -1.249791e+01 3.032709e-03 9.999539e-01 -9.106276e-03 -3.215062e-01 2.245361e-02 9.035928e-03 9.997071e-01 4.401257e+01
9.999238e-01 3.413511e-03 1.186330e-02 -1.254909e+01 -3.512677e-03 9.999590e-01 8.348322e-03 -3.236233e-01 -1.183431e-02 -8.389357e-03 9.998948e-01 4.406663e+01
9.997469e-01 -3.080021e-03 -2.228487e-02 -1.277350e+01 2.892289e-03 9.999601e-01 -8.451495e-03 -3.079668e-01 2.231001e-02 8.384901e-03 9.997159e-01 4.419067e+01
9.999709e-01 3.713321e-03 6.662795e-03 -1.292684e+01 -3.765820e-03 9.999618e-01 7.884317e-03 -2.968708e-01 -6.633264e-03 -7.909178e-03 9.999467e-01 4.417375e+01
9.996367e-01 -2.820208e-03 -2.680600e-02 -1.287472e+01 2.590524e-03 9.999597e-01 -8.599229e-03 -3.013427e-01 2.682917e-02 8.526662e-03 9.996037e-01 4.400116e+01
9.997979e-01 3.141435e-03 1.985794e-02 -1.287828e+01 -3.284270e-03 9.999689e-01 7.164347e-03 -3.103152e-01 -1.983481e-02 -7.228117e-03 9.997771e-01 4.418762e+01
9.996524e-01 -2.829186e-03 -2.621278e-02 -1.286548e+01 2.604647e-03 9.999597e-01 -8.596176e-03 -3.210574e-01 2.623604e-02 8.524913e-03 9.996194e-01 4.442213e+01
9.997937e-01 3.220251e-03 2.005419e-02 -1.284075e+01 -3.364242e-03 9.999688e-01 7.150551e-03 -3.326762e-01 -2.003054e-02 -7.216542e-03 9.997733e-01 4.465726e+01
9.995203e-01 -2.946113e-03 -3.083126e-02 -1.277951e+01 2.691324e-03 9.999619e-01 -8.302200e-03 -3.427595e-01 3.085454e-02 8.215240e-03 9.994901e-01 4.465411e+01
9.997385e-01 3.204893e-03 2.264223e-02 -1.273621e+01 -3.369254e-03 9.999682e-01 7.224635e-03 -3.509593e-01 -2.261835e-02 -7.299033e-03 9.997175e-01 4.464831e+01
9.995502e-01 -2.705756e-03 -2.986782e-02 -1.267938e+01 2.450618e-03 9.999602e-01 -8.575530e-03 -3.626908e-01 2.988983e-02 8.498478e-03 9.995171e-01 4.481743e+01
9.997549e-01 3.076496e-03 2.192379e-02 -1.261751e+01 -3.243042e-03 9.999661e-01 7.565115e-03 -3.735349e-01 -2.189978e-02 -7.634361e-03 9.997310e-01 4.490020e+01
9.995335e-01 -2.578395e-03 -3.043207e-02 -1.255355e+01 2.312348e-03 9.999588e-01 -8.774259e-03 -3.841064e-01 3.045344e-02 8.699796e-03 9.994983e-01 4.495033e+01
9.997443e-01 2.824417e-03 2.243731e-02 -1.256869e+01 -3.003252e-03 9.999640e-01 7.940743e-03 -3.893206e-01 -2.241408e-02 -8.006097e-03 9.997167e-01 4.502650e+01
9.994849e-01 -2.537290e-03 -3.199232e-02 -1.261063e+01 2.253431e-03 9.999578e-01 -8.905624e-03 -3.911707e-01 3.201357e-02 8.828944e-03 9.994484e-01 4.507168e+01
9.997267e-01 2.768209e-03 2.321523e-02 -1.257710e+01 -2.950229e-03 9.999651e-01 7.810011e-03 -3.998012e-01 -2.319280e-02 -7.876366e-03 9.997000e-01 4.508823e+01
9.995412e-01 -2.480414e-03 -3.018509e-02 -1.254312e+01 2.210731e-03 9.999574e-01 -8.964409e-03 -4.097651e-01 3.020604e-02 8.893565e-03 9.995041e-01 4.516070e+01
9.997836e-01 2.732600e-03 2.062302e-02 -1.248499e+01 -2.897294e-03 9.999641e-01 7.960302e-03 -4.199352e-01 -2.060053e-02 -8.018330e-03 9.997556e-01 4.514948e+01
9.996080e-01 -2.462773e-03 -2.788693e-02 -1.244697e+01 2.211828e-03 9.999568e-01 -9.025913e-03 -4.299052e-01 2.790796e-02 8.960694e-03 9.995703e-01 4.520125e+01
9.998279e-01 2.788634e-03 1.834107e-02 -1.237712e+01 -2.937162e-03 9.999631e-01 8.076190e-03 -4.399157e-01 -1.831788e-02 -8.128670e-03 9.997992e-01 4.517265e+01
9.995660e-01 -2.337740e-03 -2.936542e-02 -1.227689e+01 2.073718e-03 9.999572e-01 -9.018141e-03 -4.499687e-01 2.938524e-02 8.953332e-03 9.995281e-01 4.508461e+01
9.997872e-01 2.601456e-03 2.046519e-02 -1.222444e+01 -2.766159e-03 9.999640e-01 8.023806e-03 -4.591704e-01 -2.044358e-02 -8.078708e-03 9.997584e-01 4.506159e+01
9.996050e-01 -2.220620e-03 -2.801601e-02 -1.220605e+01 1.967057e-03 9.999569e-01 -9.074967e-03 -4.675818e-01 2.803496e-02 9.016273e-03 9.995663e-01 4.514051e+01
9.997786e-01 2.481661e-03 2.089383e-02 -1.218914e+01 -2.647544e-03 9.999652e-01 7.915439e-03 -4.764233e-01 -2.087346e-02 -7.969004e-03 9.997504e-01 4.525833e+01
9.995965e-01 -2.175091e-03 -2.832040e-02 -1.217226e+01 1.917897e-03 9.999567e-01 -9.105541e-03 -4.852553e-01 2.833897e-02 9.047552e-03 9.995574e-01 4.537400e+01
9.998762e-01 2.487071e-03 1.553722e-02 -1.207557e+01 -2.616878e-03 9.999618e-01 8.339832e-03 -4.951554e-01 -1.551589e-02 -8.379458e-03 9.998445e-01 4.528731e+01
9.993237e-01 -1.906932e-03 -3.672210e-02 -1.192207e+01 1.562795e-03 9.999546e-01 -9.397793e-03 -5.047797e-01 3.673836e-02 9.334047e-03 9.992813e-01 4.505197e+01
9.996787e-01 2.176453e-03 2.525549e-02 -1.190020e+01 -2.395564e-03 9.999597e-01 8.648790e-03 -5.086730e-01 -2.523565e-02 -8.706511e-03 9.996436e-01 4.498942e+01
9.994759e-01 -2.057639e-03 -3.230702e-02 -1.190924e+01 1.741385e-03 9.999503e-01 -9.814101e-03 -5.178398e-01 3.232561e-02 9.752698e-03 9.994298e-01 4.530776e+01
9.997390e-01 2.198445e-03 2.273919e-02 -1.189104e+01 -2.399523e-03 9.999582e-01 8.819320e-03 -5.256848e-01 -2.271885e-02 -8.871581e-03 9.997025e-01 4.531470e+01
9.994495e-01 -1.904661e-03 -3.312113e-02 -1.182821e+01 1.580426e-03 9.999506e-01 -9.812791e-03 -5.354029e-01 3.313818e-02 9.755044e-03 9.994032e-01 4.527444e+01
9.998469e-01 2.277881e-03 1.735132e-02 -1.175737e+01 -2.435496e-03 9.999559e-01 9.068075e-03 -5.434047e-01 -1.732990e-02 -9.108945e-03 9.998083e-01 4.515806e+01
9.993607e-01 -1.856963e-03 -3.570248e-02 -1.166797e+01 1.496368e-03 9.999476e-01 -1.012403e-02 -5.504235e-01 3.571941e-02 1.006414e-02 9.993112e-01 4.496328e+01
9.998452e-01 2.384625e-03 1.743098e-02 -1.151514e+01 -2.550467e-03 9.999516e-01 9.498222e-03 -5.592218e-01 -1.740749e-02 -9.541208e-03 9.998030e-01 4.475343e+01
9.995985e-01 -2.100560e-03 -2.825485e-02 -1.148486e+01 1.808320e-03 9.999447e-01 -1.036458e-02 -5.659130e-01 2.827506e-02 1.030933e-02 9.995470e-01 4.470294e+01
9.997740e-01 2.342583e-03 2.113183e-02 -1.145005e+01 -2.535908e-03 9.999551e-01 9.126397e-03 -5.768250e-01 -2.110950e-02 -9.177922e-03 9.997350e-01 4.482641e+01
9.995177e-01 -2.078416e-03 -3.098401e-02 -1.139506e+01 1.761309e-03 9.999458e-01 -1.025828e-02 -5.872413e-01 3.100365e-02 1.019876e-02 9.994672e-01 4.483519e+01
9.997524e-01 2.287911e-03 2.213155e-02 -1.134569e+01 -2.495629e-03 9.999531e-01 9.362579e-03 -5.963815e-01 -2.210909e-02 -9.415493e-03 9.997112e-01 4.482309e+01
9.995255e-01 -2.000991e-03 -3.073843e-02 -1.129566e+01 1.682586e-03 9.999447e-01 -1.038087e-02 -6.067826e-01 3.075751e-02 1.032422e-02 9.994736e-01 4.484940e+01
9.997309e-01 2.208010e-03 2.309277e-02 -1.124805e+01 -2.425040e-03 9.999531e-01 9.374421e-03 -6.173176e-01 -2.307099e-02 -9.427899e-03 9.996894e-01 4.490792e+01
9.993396e-01 -1.848465e-03 -3.628896e-02 -1.116311e+01 1.476849e-03 9.999462e-01 -1.026461e-02 -6.272974e-01 3.630598e-02 1.020423e-02 9.992886e-01 4.481628e+01
9.996833e-01 1.991742e-03 2.508848e-02 -1.108958e+01 -2.223537e-03 9.999551e-01 9.214596e-03 -6.357492e-01 -2.506900e-02 -9.267463e-03 9.996428e-01 4.473030e+01
9.994230e-01 -1.527542e-03 -3.392984e-02 -1.099198e+01 1.180257e-03 9.999467e-01 -1.025302e-02 -6.462480e-01 3.394370e-02 1.020706e-02 9.993716e-01 4.470777e+01
9.996890e-01 1.803029e-03 2.487294e-02 -1.092191e+01 -2.035182e-03 9.999546e-01 9.311447e-03 -6.565653e-01 -2.485502e-02 -9.359171e-03 9.996473e-01 4.470074e+01
9.994753e-01 -1.587195e-03 -3.235222e-02 -1.089998e+01 1.250371e-03 9.999448e-01 -1.042869e-02 -6.655065e-01 3.236699e-02 1.038277e-02 9.994221e-01 4.476918e+01
9.997305e-01 1.628349e-03 2.315554e-02 -1.090203e+01 -1.844513e-03 9.999549e-01 9.317039e-03 -6.728649e-01 -2.313933e-02 -9.357238e-03 9.996885e-01 4.482091e+01
9.994942e-01 -1.464447e-03 -3.176830e-02 -1.087589e+01 1.131804e-03 9.999444e-01 -1.048634e-02 -6.824101e-01 3.178189e-02 1.044508e-02 9.994402e-01 4.487105e+01
9.997355e-01 1.597895e-03 2.294157e-02 -1.084294e+01 -1.816643e-03 9.999531e-01 9.517372e-03 -6.918050e-01 -2.292529e-02 -9.556531e-03 9.996915e-01 4.490583e+01
9.993849e-01 -1.317547e-03 -3.504345e-02 -1.082179e+01 9.488949e-04 9.999441e-01 -1.053439e-02 -6.987160e-01 3.505537e-02 1.049466e-02 9.993303e-01 4.485201e+01
9.996652e-01 1.396641e-03 2.583708e-02 -1.081340e+01 -1.646564e-03 9.999520e-01 9.654301e-03 -7.047119e-01 -2.582236e-02 -9.693611e-03 9.996195e-01 4.484755e+01
9.992928e-01 -9.366689e-04 -3.759029e-02 -1.081350e+01 5.406472e-04 9.999443e-01 -1.054398e-02 -7.085493e-01 3.759807e-02 1.051620e-02 9.992376e-01 4.481849e+01
9.997287e-01 1.322308e-03 2.325287e-02 -1.081843e+01 -1.552025e-03 9.999501e-01 9.863833e-03 -7.109561e-01 -2.323867e-02 -9.897246e-03 9.996810e-01 4.473515e+01
9.994445e-01 -1.108415e-03 -3.330969e-02 -1.084142e+01 7.522945e-04 9.999425e-01 -1.070183e-02 -7.140601e-01 3.331963e-02 1.067082e-02 9.993878e-01 4.474462e+01
9.997467e-01 1.322986e-03 2.246641e-02 -1.091306e+01 -1.545644e-03 9.999498e-01 9.896250e-03 -7.133876e-01 -2.245219e-02 -9.928468e-03 9.996986e-01 4.483147e+01
9.994079e-01 -9.476772e-04 -3.439343e-02 -1.087079e+01 5.801899e-04 9.999427e-01 -1.069320e-02 -7.193427e-01 3.440159e-02 1.066691e-02 9.993512e-01 4.475470e+01
9.997253e-01 1.216086e-03 2.340711e-02 -1.082554e+01 -1.445065e-03 9.999512e-01 9.768065e-03 -7.275298e-01 -2.339409e-02 -9.799206e-03 9.996783e-01 4.471062e+01
9.994165e-01 -8.791399e-04 -3.414604e-02 -1.073010e+01 5.144946e-04 9.999428e-01 -1.068629e-02 -7.377058e-01 3.415348e-02 1.066249e-02 9.993597e-01 4.464970e+01
9.996494e-01 1.067397e-03 2.645546e-02 -1.067072e+01 -1.322893e-03 9.999526e-01 9.642003e-03 -7.477620e-01 -2.644392e-02 -9.673620e-03 9.996035e-01 4.468047e+01
9.994032e-01 -9.347669e-04 -3.453177e-02 -1.063906e+01 5.676422e-04 9.999432e-01 -1.063976e-02 -7.580044e-01 3.453976e-02 1.061381e-02 9.993470e-01 4.478893e+01
9.997184e-01 1.263183e-03 2.369766e-02 -1.058655e+01 -1.494656e-03 9.999513e-01 9.752633e-03 -7.657712e-01 -2.368418e-02 -9.785306e-03 9.996716e-01 4.474251e+01
9.993554e-01 -8.082433e-04 -3.589091e-02 -1.052799e+01 4.306532e-04 9.999445e-01 -1.052696e-02 -7.732284e-01 3.589743e-02 1.050472e-02 9.993003e-01 4.467164e+01
9.996146e-01 9.659787e-04 2.774308e-02 -1.051919e+01 -1.228363e-03 9.999547e-01 9.442181e-03 -7.802157e-01 -2.773270e-02 -9.472621e-03 9.995705e-01 4.471635e+01
9.993025e-01 -8.806785e-04 -3.733222e-02 -1.045690e+01 4.854847e-04 9.999438e-01 -1.059359e-02 -7.905935e-01 3.733946e-02 1.056808e-02 9.992468e-01 4.477207e+01
9.995999e-01 9.447690e-04 2.826936e-02 -1.036090e+01 -1.215927e-03 9.999534e-01 9.576295e-03 -8.010687e-01 -2.825899e-02 -9.606836e-03 9.995545e-01 4.474315e+01
9.992975e-01 -6.443565e-04 -3.747008e-02 -1.028336e+01 2.452778e-04 9.999432e-01 -1.065420e-02 -8.116983e-01 3.747481e-02 1.063753e-02 9.992410e-01 4.477747e+01
9.996263e-01 9.104477e-04 2.732009e-02 -1.019439e+01 -1.179169e-03 9.999511e-01 9.821570e-03 -8.213337e-01 -2.730981e-02 -9.850115e-03 9.995785e-01 4.471733e+01
9.993158e-01 -7.404218e-04 -3.697848e-02 -1.010920e+01 3.400647e-04 9.999413e-01 -1.083186e-02 -8.321560e-01 3.698433e-02 1.081187e-02 9.992574e-01 4.466979e+01
9.996263e-01 8.355487e-04 2.732488e-02 -9.980280e+00 -1.100406e-03 9.999525e-01 9.679318e-03 -8.434187e-01 -2.731549e-02 -9.705769e-03 9.995797e-01 4.458815e+01
9.988686e-01 -3.760741e-04 -4.755462e-02 -9.781790e+00 -1.298873e-04 9.999434e-01 -1.063603e-02 -8.553896e-01 4.755593e-02 1.063017e-02 9.988120e-01 4.433858e+01
9.996404e-01 9.207440e-04 2.680042e-02 -9.603892e+00 -1.200609e-03 9.999449e-01 1.042835e-02 -8.634436e-01 -2.678935e-02 -1.045678e-02 9.995864e-01 4.409927e+01
9.991439e-01 -6.110796e-04 -4.136539e-02 -9.427915e+00 1.509027e-04 9.999381e-01 -1.112688e-02 -8.732078e-01 4.136963e-02 1.111111e-02 9.990821e-01 4.392555e+01
9.996362e-01 7.967213e-04 2.695810e-02 -9.314821e+00 -1.073450e-03 9.999469e-01 1.025227e-02 -8.825323e-01 -2.694850e-02 -1.027748e-02 9.995840e-01 4.378721e+01
9.993877e-01 -6.465375e-04 -3.498200e-02 -9.272948e+00 2.555827e-04 9.999375e-01 -1.117918e-02 -8.910823e-01 3.498704e-02 1.116340e-02 9.993254e-01 4.379735e+01
9.996144e-01 6.981459e-04 2.775898e-02 -9.244601e+00 -9.815537e-04 9.999475e-01 1.019730e-02 -9.010506e-01 -2.775040e-02 -1.022062e-02 9.995626e-01 4.392916e+01
9.992512e-01 -4.349796e-04 -3.868840e-02 -9.144314e+00 1.026081e-05 9.999397e-01 -1.097744e-02 -9.111751e-01 3.869084e-02 1.096882e-02 9.991910e-01 4.385805e+01
9.995759e-01 5.409565e-04 2.911410e-02 -9.057354e+00 -8.321633e-04 9.999497e-01 9.991093e-03 -9.213427e-01 -2.910724e-02 -1.001108e-02 9.995262e-01 4.381601e+01
9.988952e-01 -3.445313e-04 -4.699186e-02 -8.925231e+00 -1.732769e-04 9.999393e-01 -1.101457e-02 -9.328953e-01 4.699280e-02 1.101054e-02 9.988345e-01 4.364679e+01
9.996812e-01 7.617571e-04 2.523528e-02 -8.859738e+00 -1.028762e-03 9.999436e-01 1.056934e-02 -9.355467e-01 -2.522581e-02 -1.059193e-02 9.996257e-01 4.342034e+01
9.990447e-01 -2.760807e-04 -4.369820e-02 -8.969460e+00 -1.995888e-04 9.999408e-01 -1.088058e-02 -9.293990e-01 4.369862e-02 1.087891e-02 9.989855e-01 4.333337e+01
