9.999961e-01 2.763333e-03 4.208347e-04 -1.045478e-02 -2.762688e-03 9.999950e-01 -1.525033e-03 -2.198968e-02 -4.250471e-04 1.523864e-03 9.999987e-01 1.293246e+00
9.999992e-01 8.748077e-04 8.986850e-04 2.895625e-03 -8.731580e-04 9.999979e-01 -1.834366e-03 -4.842400e-02 -9.002875e-04 1.833580e-03 9.999979e-01 2.578384e+00
9.999711e-01 1.371958e-03 -7.483065e-03 6.158754e-02 -1.367949e-03 9.999989e-01 5.408735e-04 -6.635068e-02 7.483798e-03 -5.306221e-04 9.999719e-01 3.187913e+00
9.999600e-01 2.465718e-03 8.600528e-03 -5.110089e-02 -2.445984e-03 9.999944e-01 -2.304219e-03 -7.589253e-02 -8.606161e-03 2.283091e-03 9.999604e-01 4.063322e+00
9.999662e-01 2.025028e-03 -7.974086e-03 -1.285959e-01 -2.030342e-03 9.999977e-01 -6.584034e-04 -9.089581e-02 7.972734e-03 6.745705e-04 9.999680e-01 5.113299e+00
9.999656e-01 1.826419e-03 8.088187e-03 -2.176122e-01 -1.817858e-03 9.999978e-01 -1.065635e-03 -1.053434e-01 -8.090115e-03 1.050896e-03 9.999667e-01 6.252206e+00
9.999859e-01 1.967602e-03 -4.930167e-03 -2.798916e-01 -1.977400e-03 9.999961e-01 -1.983249e-03 -1.265415e-01 4.926245e-03 1.992969e-03 9.999859e-01 7.664656e+00
9.999796e-01 1.662099e-03 6.167564e-03 -3.005136e-01 -1.656377e-03 9.999982e-01 -9.326882e-04 -1.477974e-01 -6.169103e-03 9.224541e-04 9.999805e-01 8.843566e+00
9.999707e-01 1.293107e-03 -7.550244e-03 -3.105418e-01 -1.302200e-03 9.999984e-01 -1.199548e-03 -1.663809e-01 7.548680e-03 1.209344e-03 9.999708e-01 9.773710e+00
9.999820e-01 1.173666e-03 5.889831e-03 -3.005395e-01 -1.169083e-03 9.999990e-01 -7.815095e-04 -1.859094e-01 -5.890742e-03 7.746104e-04 9.999823e-01 1.064828e+01
9.999619e-01 1.180574e-03 -8.649635e-03 -2.874817e-01 -1.189223e-03 9.999988e-01 -9.948234e-04 -2.044498e-01 8.648449e-03 1.005071e-03 9.999621e-01 1.141311e+01
9.999728e-01 1.884258e-03 7.127224e-03 -2.939823e-01 -1.877302e-03 9.999978e-01 -9.825704e-04 -2.221458e-01 -7.129059e-03 9.691645e-04 9.999741e-01 1.228370e+01
9.999758e-01 1.560008e-03 -6.774345e-03 -3.504611e-01 -1.567594e-03 9.999982e-01 -1.114651e-03 -2.379157e-01 6.772593e-03 1.125243e-03 9.999764e-01 1.328346e+01
9.999896e-01 1.599140e-03 4.264576e-03 -3.238630e-01 -1.592833e-03 9.999976e-01 -1.481704e-03 -2.584564e-01 -4.266935e-03 1.474896e-03 9.999898e-01 1.413604e+01
9.999075e-01 -5.061969e-04 -1.359517e-02 -2.317364e-01 5.210476e-04 9.999993e-01 1.088830e-03 -2.742292e-01 1.359460e-02 -1.095813e-03 9.999070e-01 1.453026e+01
9.999278e-01 3.008542e-03 1.163302e-02 -2.333596e-01 -2.975183e-03 9.999914e-01 -2.883841e-03 -2.918819e-01 -1.164159e-02 2.849024e-03 9.999282e-01 1.530601e+01
9.999301e-01 -6.191957e-05 -1.182532e-02 -2.403862e-01 7.089671e-05 9.999997e-01 7.587308e-04 -3.125883e-01 1.182527e-02 -7.595168e-04 9.999298e-01 1.639573e+01
9.999021e-01 3.848624e-03 1.345182e-02 -2.736971e-01 -3.804459e-03 9.999873e-01 -3.307273e-03 -3.340967e-01 -1.346438e-02 3.255773e-03 9.999041e-01 1.771485e+01
9.999845e-01 3.502367e-03 -4.325962e-03 -4.678713e-01 -3.508647e-03 9.999928e-01 -1.444970e-03 -3.544075e-01 4.320870e-03 1.460125e-03 9.999896e-01 1.978401e+01
9.999767e-01 3.959561e-04 6.815623e-03 -4.864942e-01 -3.864088e-04 9.999989e-01 -1.402062e-03 -3.787800e-01 -6.816170e-03 1.399397e-03 9.999758e-01 2.121412e+01
9.999855e-01 2.883559e-03 -4.539963e-03 -4.783335e-01 -2.888642e-03 9.999952e-01 -1.113416e-03 -4.052957e-01 4.536730e-03 1.126514e-03 9.999891e-01 2.267643e+01
9.999687e-01 3.997734e-04 7.902848e-03 -4.665951e-01 -3.873338e-04 9.999987e-01 -1.575522e-03 -4.339214e-01 -7.903467e-03 1.572413e-03 9.999675e-01 2.423150e+01
9.999783e-01 3.381434e-03 -5.655482e-03 -4.667378e-01 -3.388412e-03 9.999935e-01 -1.224714e-03 -4.603052e-01 5.651303e-03 1.243849e-03 9.999833e-01 2.570161e+01
9.999841e-01 -6.617754e-04 5.603209e-03 -4.227191e-01 6.706389e-04 9.999985e-01 -1.580119e-03 -4.847377e-01 -5.602155e-03 1.583852e-03 9.999831e-01 2.676193e+01
9.999065e-01 1.505684e-03 -1.358796e-02 -2.838411e-01 -1.494517e-03 9.999985e-01 8.319319e-04 -5.059905e-01 1.358919e-02 -8.115475e-04 9.999073e-01 2.723707e+01
9.999672e-01 -4.702493e-04 8.082319e-03 -1.600508e-01 4.907982e-04 9.999967e-01 -2.540654e-03 -5.284886e-01 -8.081097e-03 2.544538e-03 9.999641e-01 2.783189e+01
9.998947e-01 1.442553e-03 -1.443955e-02 -3.088655e-02 -1.417297e-03 9.999974e-01 1.759163e-03 -5.517514e-01 1.444205e-02 -1.738514e-03 9.998942e-01 2.846151e+01
9.999288e-01 3.633133e-04 1.192662e-02 2.969648e-02 -3.268240e-04 9.999953e-01 -3.061285e-03 -5.755232e-01 -1.192767e-02 3.057170e-03 9.999242e-01 2.945911e+01
9.998476e-01 8.538216e-04 -1.743559e-02 1.385571e-01 -8.325833e-04 9.999989e-01 1.225325e-03 -5.974815e-01 1.743661e-02 -1.210623e-03 9.998472e-01 3.007189e+01
9.999463e-01 -3.271770e-04 1.035393e-02 2.910931e-01 3.413491e-04 9.999990e-01 -1.367020e-03 -6.183237e-01 -1.035347e-02 1.370482e-03 9.999455e-01 3.051184e+01
9.999005e-01 2.132079e-03 -1.394143e-02 3.613334e-01 -2.137334e-03 9.999977e-01 -3.620617e-04 -6.413270e-01 1.394063e-02 3.918225e-04 9.999027e-01 3.132157e+01
9.999493e-01 -4.681612e-04 1.005883e-02 4.315511e-01 4.796705e-04 9.999992e-01 -1.141807e-03 -6.640390e-01 -1.005829e-02 1.146575e-03 9.999488e-01 3.213238e+01
9.998958e-01 2.386353e-03 -1.423675e-02 5.038517e-01 -2.398219e-03 9.999968e-01 -8.164768e-04 -6.863130e-01 1.423475e-02 8.505338e-04 9.998983e-01 3.286911e+01
9.999222e-01 -6.567664e-04 1.245583e-02 5.347813e-01 6.620303e-04 9.999997e-01 -4.184827e-04 -7.070459e-01 -1.245555e-02 4.266970e-04 9.999223e-01 3.379095e+01
9.999054e-01 3.446524e-03 -1.331867e-02 5.608460e-01 -3.475859e-03 9.999916e-01 -2.180040e-03 -7.304257e-01 1.331104e-02 2.226127e-03 9.999089e-01 3.481773e+01
9.999156e-01 -8.776306e-04 1.296371e-02 5.608567e-01 8.762278e-04 9.999996e-01 1.138964e-04 -7.512060e-01 -1.296381e-02 -1.025269e-04 9.999160e-01 3.588552e+01
9.999171e-01 3.707254e-03 -1.232699e-02 5.786370e-01 -3.741360e-03 9.999892e-01 -2.744843e-03 -7.750124e-01 1.231668e-02 2.790735e-03 9.999203e-01 3.702698e+01
9.999181e-01 -8.476354e-04 1.276749e-02 6.008111e-01 8.437322e-04 9.999996e-01 3.110966e-04 -7.998255e-01 -1.276775e-02 -3.002980e-04 9.999184e-01 3.821181e+01
9.999222e-01 3.733892e-03 -1.189869e-02 6.207196e-01 -3.767461e-03 9.999890e-01 -2.800113e-03 -8.254565e-01 1.188810e-02 2.844722e-03 9.999253e-01 3.948121e+01
9.999280e-01 -9.464967e-04 1.195922e-02 6.380348e-01 9.411304e-04 9.999995e-01 4.543345e-04 -8.498348e-01 -1.195964e-02 -4.430459e-04 9.999284e-01 4.064607e+01
9.999124e-01 3.677339e-03 -1.271800e-02 6.500135e-01 -3.714380e-03 9.999889e-01 -2.890146e-03 -8.720820e-01 1.270723e-02 2.937132e-03 9.999149e-01 4.167110e+01
9.999267e-01 -1.074404e-03 1.206046e-02 6.699062e-01 1.067258e-03 9.999993e-01 5.989174e-04 -8.946719e-01 -1.206109e-02 -5.860011e-04 9.999271e-01 4.269490e+01
9.999048e-01 3.824467e-03 -1.325756e-02 6.736566e-01 -3.862676e-03 9.999885e-01 -2.857587e-03 -9.157880e-01 1.324648e-02 2.908524e-03 9.999080e-01 4.369879e+01
9.999226e-01 -5.877054e-04 1.242778e-02 6.467330e-01 5.793405e-04 9.999996e-01 6.766747e-04 -9.340128e-01 -1.242818e-02 -6.694217e-04 9.999225e-01 4.466979e+01
9.999037e-01 3.778725e-03 -1.335701e-02 6.049892e-01 -3.814516e-03 9.999892e-01 -2.655066e-03 -9.510676e-01 1.334683e-02 2.705760e-03 9.999073e-01 4.567619e+01
9.999179e-01 -3.115784e-04 1.280614e-02 5.652620e-01 3.061756e-04 9.999999e-01 4.238493e-04 -9.668116e-01 -1.280627e-02 -4.198929e-04 9.999179e-01 4.649501e+01
9.998369e-01 2.926069e-03 -1.782229e-02 5.844873e-01 -2.968088e-03 9.999929e-01 -2.331717e-03 -9.829106e-01 1.781534e-02 2.384234e-03 9.998385e-01 4.712974e+01
9.999100e-01 -7.044867e-04 1.339761e-02 5.955792e-01 6.912065e-04 9.999993e-01 9.958452e-04 -9.987013e-01 -1.339830e-02 -9.864943e-04 9.999098e-01 4.774561e+01
9.999145e-01 3.153653e-03 -1.269115e-02 5.588745e-01 -3.189430e-03 9.999910e-01 -2.799812e-03 -1.016750e+00 1.268221e-02 2.840050e-03 9.999155e-01 4.880254e+01
9.998976e-01 6.228475e-04 1.429590e-02 5.523883e-01 -6.221883e-04 9.999998e-01 -5.055499e-05 -1.041834e+00 -1.429592e-02 4.165580e-05 9.998978e-01 5.015232e+01
9.998911e-01 2.263178e-03 -1.458301e-02 5.544580e-01 -2.295860e-03 9.999949e-01 -2.224716e-03 -1.063581e+00 1.457790e-02 2.257954e-03 9.998912e-01 5.121312e+01
9.999023e-01 1.813355e-04 1.397870e-02 5.732467e-01 -1.851591e-04 9.999999e-01 2.722427e-04 -1.087241e+00 -1.397865e-02 -2.748037e-04 9.999023e-01 5.235068e+01
9.999111e-01 2.836188e-03 -1.303135e-02 5.820820e-01 -2.867633e-03 9.999930e-01 -2.395004e-03 -1.111724e+00 1.302446e-02 2.432159e-03 9.999122e-01 5.363202e+01
9.999144e-01 5.571817e-04 1.307323e-02 5.879867e-01 -5.534183e-04 9.999998e-01 -2.914833e-04 -1.134185e+00 -1.307339e-02 2.842241e-04 9.999145e-01 5.472821e+01
9.998692e-01 2.131393e-03 -1.603211e-02 6.023849e-01 -2.161932e-03 9.999959e-01 -1.887812e-03 -1.152662e+00 1.602802e-02 1.922224e-03 9.998697e-01 5.546633e+01
9.999206e-01 2.690878e-04 1.260011e-02 5.964015e-01 -2.755518e-04 9.999998e-01 5.112821e-04 -1.168283e+00 -1.259997e-02 -5.147127e-04 9.999205e-01 5.617696e+01
9.998796e-01 2.505908e-03 -1.531313e-02 6.004440e-01 -2.547178e-03 9.999932e-01 -2.676150e-03 -1.185429e+00 1.530632e-02 2.714832e-03 9.998792e-01 5.689045e+01
9.999152e-01 1.278551e-05 1.302137e-02 6.054808e-01 -2.516701e-05 9.999995e-01 9.507017e-04 -1.203614e+00 -1.302135e-02 -9.509481e-04 9.999148e-01 5.768778e+01
9.998092e-01 1.976999e-03 -1.943189e-02 6.475133e-01 -2.024406e-03 9.999950e-01 -2.420274e-03 -1.219551e+00 1.942701e-02 2.459149e-03 9.998083e-01 5.817035e+01
9.999476e-01 -1.453771e-03 1.013151e-02 7.367102e-01 1.423039e-03 9.999944e-01 3.039872e-03 -1.233912e+00 -1.013587e-02 -3.025294e-03 9.999441e-01 5.841150e+01
9.998908e-01 2.455061e-03 -1.457557e-02 7.595022e-01 -2.489667e-03 9.999941e-01 -2.356546e-03 -1.247056e+00 1.456970e-02 2.392577e-03 9.998910e-01 5.886151e+01
9.999240e-01 6.120458e-05 1.232638e-02 7.744596e-01 -6.958385e-05 9.999998e-01 6.793623e-04 -1.266821e+00 -1.232633e-02 -6.801677e-04 9.999238e-01 5.971549e+01
9.997804e-01 1.416512e-03 -2.090938e-02 8.530621e-01 -1.450999e-03 9.999976e-01 -1.634252e-03 -1.283370e+00 2.090701e-02 1.664232e-03 9.997800e-01 6.011176e+01
9.999474e-01 -1.032283e-03 1.020277e-02 9.054191e-01 1.006299e-03 9.999962e-01 2.551507e-03 -1.293682e+00 -1.020537e-02 -2.541105e-03 9.999447e-01 6.026611e+01
9.998062e-01 1.640048e-03 -1.961613e-02 9.682940e-01 -1.677735e-03 9.999968e-01 -1.904930e-03 -1.306489e+00 1.961295e-02 1.937471e-03 9.998058e-01 6.048801e+01
9.999604e-01 -1.448623e-03 8.775826e-03 9.829563e-01 1.423810e-03 9.999950e-01 2.833022e-03 -1.313322e+00 -8.779886e-03 -2.820414e-03 9.999575e-01 6.056456e+01
9.997715e-01 -2.224043e-03 -2.125931e-02 1.009494e+00 2.296815e-03 9.999916e-01 3.399265e-03 -1.302158e+00 2.125157e-02 -3.447318e-03 9.997682e-01 6.012860e+01
9.998869e-01 2.593202e-03 1.481403e-02 9.624034e-01 -2.582552e-03 9.999964e-01 -7.379883e-04 -1.304491e+00 -1.481589e-02 6.996475e-04 9.998900e-01 6.024268e+01
9.998325e-01 -5.302517e-04 -1.829295e-02 9.186649e-01 5.409415e-04 9.999997e-01 5.794274e-04 -1.313551e+00 1.829263e-02 -5.892265e-04 9.998325e-01 6.068935e+01
9.998760e-01 2.809073e-03 1.549718e-02 8.876869e-01 -2.790584e-03 9.999954e-01 -1.214543e-03 -1.326064e+00 -1.550052e-02 1.171147e-03 9.998792e-01 6.129748e+01
9.998314e-01 -1.619869e-04 -1.835893e-02 8.665237e-01 1.602779e-04 1.000000e+00 -9.455521e-05 -1.341238e+00 1.835894e-02 9.159601e-05 9.998315e-01 6.205114e+01
9.998519e-01 2.429256e-03 1.703889e-02 8.484629e-01 -2.409452e-03 9.999964e-01 -1.182693e-03 -1.357995e+00 -1.704171e-02 1.141464e-03 9.998541e-01 6.297135e+01
9.998627e-01 7.536735e-04 -1.655182e-02 8.055239e-01 -7.613299e-04 9.999996e-01 -4.562706e-04 -1.376602e+00 1.655147e-02 4.688086e-04 9.998629e-01 6.416976e+01
9.998373e-01 2.689969e-03 1.783795e-02 7.675223e-01 -2.668480e-03 9.999957e-01 -1.228366e-03 -1.397267e+00 -1.784117e-02 1.180566e-03 9.998401e-01 6.545704e+01
9.998654e-01 4.949822e-04 -1.640167e-02 7.447652e-01 -5.065366e-04 9.999996e-01 -7.003150e-04 -1.419246e+00 1.640132e-02 7.085280e-04 9.998652e-01 6.676025e+01
9.998531e-01 2.517433e-03 1.695186e-02 7.190817e-01 -2.502084e-03 9.999964e-01 -9.265798e-04 -1.439421e+00 -1.695413e-02 8.840295e-04 9.998559e-01 6.795622e+01
9.998698e-01 5.894039e-04 -1.612777e-02 7.098649e-01 -6.061413e-04 9.999993e-01 -1.032926e-03 -1.460719e+00 1.612715e-02 1.042567e-03 9.998694e-01 6.913876e+01
9.998593e-01 2.529311e-03 1.658503e-02 6.780030e-01 -2.516517e-03 9.999965e-01 -7.922843e-04 -1.480343e+00 -1.658697e-02 7.504370e-04 9.998621e-01 7.035082e+01
9.998797e-01 8.766543e-04 -1.548873e-02 6.190231e-01 -8.895820e-04 9.999993e-01 -8.277731e-04 -1.498339e+00 1.548799e-02 8.414512e-04 9.998797e-01 7.159613e+01
9.999037e-01 1.978269e-03 1.373292e-02 6.171609e-01 -1.964443e-03 9.999976e-01 -1.020229e-03 -1.516763e+00 -1.373490e-02 9.931544e-04 9.999052e-01 7.247764e+01
9.998104e-01 -4.864374e-04 -1.946425e-02 6.100491e-01 5.105252e-04 9.999991e-01 1.232600e-03 -1.526321e+00 1.946363e-02 -1.242304e-03 9.998098e-01 7.282544e+01
9.999081e-01 1.174374e-03 1.350307e-02 5.657015e-01 -1.186013e-03 9.999989e-01 8.540029e-04 -1.530018e+00 -1.350205e-02 -8.699386e-04 9.999085e-01 7.299387e+01
9.998544e-01 8.543058e-04 -1.704024e-02 5.588350e-01 -8.830267e-04 9.999982e-01 -1.678015e-03 -1.543211e+00 1.703878e-02 1.692817e-03 9.998534e-01 7.350519e+01
9.998827e-01 1.384800e-03 1.525436e-02 5.393901e-01 -1.393149e-03 9.999989e-01 5.366958e-04 -1.559099e+00 -1.525360e-02 -5.578837e-04 9.998835e-01 7.438079e+01
9.998928e-01 2.913763e-03 -1.434636e-02 4.895384e-01 -2.948206e-03 9.999928e-01 -2.380284e-03 -1.580342e+00 1.433933e-02 2.422324e-03 9.998943e-01 7.582188e+01
9.998984e-01 -2.303809e-04 1.424912e-02 5.014445e-01 2.271642e-04 9.999999e-01 2.273743e-04 -1.602378e+00 -1.424917e-02 -2.241136e-04 9.998985e-01 7.689714e+01
9.998993e-01 2.732995e-03 -1.392757e-02 5.163163e-01 -2.759356e-03 9.999944e-01 -1.873841e-03 -1.624840e+00 1.392237e-02 1.912082e-03 9.999013e-01 7.804413e+01
9.998875e-01 3.062222e-04 1.499580e-02 4.975537e-01 -3.114631e-04 9.999999e-01 3.471594e-04 -1.646269e+00 -1.499570e-02 -3.517902e-04 9.998875e-01 7.933395e+01
9.999050e-01 3.513879e-03 -1.332468e-02 4.439957e-01 -3.542715e-03 9.999914e-01 -2.141095e-03 -1.666904e+00 1.331705e-02 2.188097e-03 9.999089e-01 8.073451e+01
9.998412e-01 2.636338e-05 1.782294e-02 4.142947e-01 -3.423479e-05 9.999999e-01 4.413458e-04 -1.691991e+00 -1.782293e-02 -4.418851e-04 9.998411e-01 8.238142e+01
9.998891e-01 3.261895e-03 -1.452842e-02 4.369800e-01 -3.304701e-03 9.999903e-01 -2.923386e-03 -1.720477e+00 1.451875e-02 2.971074e-03 9.998902e-01 8.388454e+01
9.998695e-01 -3.746954e-04 1.615102e-02 4.724925e-01 3.607579e-04 9.999996e-01 8.658565e-04 -1.746711e+00 -1.615134e-02 -8.599161e-04 9.998692e-01 8.518571e+01
9.998793e-01 2.921729e-03 -1.526135e-02 5.118690e-01 -2.960470e-03 9.999925e-01 -2.516527e-03 -1.771684e+00 1.525388e-02 2.561403e-03 9.998804e-01 8.644338e+01
9.998730e-01 1.072195e-04 1.593843e-02 5.447306e-01 -1.146452e-04 9.999999e-01 4.649908e-04 -1.796431e+00 -1.593838e-02 -4.667583e-04 9.998729e-01 8.764938e+01
9.998444e-01 2.293008e-03 -1.748993e-02 5.886407e-01 -2.337022e-03 9.999942e-01 -2.496555e-03 -1.819671e+00 1.748410e-02 2.537041e-03 9.998439e-01 8.862753e+01
9.998676e-01 1.761840e-04 1.626870e-02 6.243419e-01 -1.843407e-04 9.999999e-01 4.998798e-04 -1.842475e+00 -1.626861e-02 -5.028119e-04 9.998675e-01 8.963548e+01
9.998123e-01 2.356750e-03 -1.922999e-02 6.736993e-01 -2.405287e-03 9.999940e-01 -2.501330e-03 -1.863777e+00 1.922398e-02 2.547114e-03 9.998120e-01 9.046809e+01
9.998791e-01 -9.546346e-04 1.552284e-02 7.136571e-01 9.287399e-04 9.999982e-01 1.675297e-03 -1.881291e+00 -1.552441e-02 -1.660677e-03 9.998781e-01 9.107285e+01
9.998459e-01 2.862526e-03 -1.732043e-02 7.617474e-01 -2.920110e-03 9.999903e-01 -3.300244e-03 -1.903552e+00 1.731081e-02 3.350312e-03 9.998445e-01 9.200075e+01
9.998727e-01 -6.537719e-04 1.594043e-02 8.119573e-01 6.298414e-04 9.999987e-01 1.506225e-03 -1.927578e+00 -1.594139e-02 -1.495992e-03 9.998718e-01 9.300490e+01
9.998493e-01 2.870170e-03 -1.711897e-02 8.533831e-01 -2.928791e-03 9.999899e-01 -3.400232e-03 -1.951172e+00 1.710904e-02 3.449857e-03 9.998477e-01 9.404238e+01
9.998929e-01 -6.229406e-04 1.462343e-02 9.118402e-01 6.006844e-04 9.999987e-01 1.526303e-03 -1.974085e+00 -1.462436e-02 -1.517354e-03 9.998919e-01 9.492149e+01
9.998228e-01 2.466175e-03 -1.866134e-02 9.797515e-01 -2.526760e-03 9.999916e-01 -3.223679e-03 -1.995553e+00 1.865324e-02 3.270260e-03 9.998207e-01 9.563304e+01
9.999169e-01 -9.598772e-04 1.285548e-02 1.071725e+00 9.346396e-04 9.999976e-01 1.969051e-03 -2.016222e+00 -1.285734e-02 -1.956872e-03 9.999154e-01 9.620700e+01
9.997465e-01 1.603674e-03 -2.245632e-02 1.199516e+00 -1.653895e-03 9.999962e-01 -2.217995e-03 -2.034971e+00 2.245268e-02 2.254573e-03 9.997454e-01 9.653366e+01
9.999202e-01 -1.327028e-03 1.255937e-02 1.289435e+00 1.293305e-03 9.999955e-01 2.692837e-03 -2.050435e+00 -1.256289e-02 -2.676379e-03 9.999175e-01 9.677008e+01
9.997817e-01 2.223141e-03 -2.077385e-02 1.373876e+00 -2.290174e-03 9.999922e-01 -3.203528e-03 -2.066061e+00 2.076657e-02 3.250404e-03 9.997791e-01 9.710089e+01
9.999692e-01 -2.733890e-03 7.352225e-03 1.519566e+00 2.698920e-03 9.999850e-01 4.762045e-03 -2.079421e+00 -7.365133e-03 -4.742055e-03 9.999616e-01 9.710620e+01
9.997283e-01 1.063541e-03 -2.328383e-02 1.647136e+00 -1.103122e-03 9.999980e-01 -1.687169e-03 -2.085948e+00 2.328199e-02 1.712395e-03 9.997275e-01 9.687331e+01
9.999519e-01 -2.996068e-03 9.342562e-03 1.739170e+00 2.949706e-03 9.999833e-01 4.972358e-03 -2.089737e+00 -9.357303e-03 -4.944560e-03 9.999440e-01 9.663217e+01
9.997533e-01 2.253289e-03 -2.209442e-02 1.816987e+00 -2.320057e-03 9.999928e-01 -2.996761e-03 -2.098039e+00 2.208751e-02 3.047282e-03 9.997514e-01 9.654877e+01
9.999394e-01 -2.688130e-03 1.067424e-02 1.864775e+00 2.634391e-03 9.999838e-01 5.045292e-03 -2.104210e+00 -1.068763e-02 -5.016866e-03 9.999303e-01 9.650343e+01
9.996720e-01 2.478889e-05 -2.560852e-02 1.960681e+00 -4.174655e-05 9.999998e-01 -6.616486e-04 -2.103425e+00 2.560850e-02 6.625000e-04 9.996718e-01 9.615996e+01
9.999463e-01 -4.503066e-03 9.335927e-03 2.100485e+00 4.441743e-03 9.999685e-01 6.578805e-03 -2.098327e+00 -9.365257e-03 -6.536983e-03 9.999348e-01 9.563817e+01
9.996962e-01 1.697845e-03 -2.458790e-02 2.189833e+00 -1.744663e-03 9.999967e-01 -1.882749e-03 -2.096902e+00 2.458462e-02 1.925074e-03 9.996959e-01 9.528184e+01
9.999548e-01 -4.978843e-03 8.098693e-03 2.305141e+00 4.926015e-03 9.999665e-01 6.529960e-03 -2.094855e+00 -8.130933e-03 -6.489770e-03 9.999459e-01 9.487115e+01
9.997164e-01 1.442315e-03 -2.377101e-02 2.448373e+00 -1.474632e-03 9.999980e-01 -1.342023e-03 -2.092261e+00 2.376903e-02 1.376695e-03 9.997165e-01 9.442256e+01
9.999656e-01 -5.818532e-03 5.913984e-03 2.623229e+00 5.776058e-03 9.999576e-01 7.173936e-03 -2.088758e+00 -5.955475e-03 -7.139529e-03 9.999568e-01 9.389138e+01
9.997168e-01 2.045558e-03 -2.371013e-02 2.763937e+00 -2.074972e-03 9.999971e-01 -1.216024e-03 -2.085288e+00 2.370758e-02 1.264877e-03 9.997181e-01 9.340987e+01
9.999636e-01 -8.350220e-03 1.774029e-03 2.987751e+00 8.333351e-03 9.999219e-01 9.312572e-03 -2.075751e+00 -1.851653e-03 -9.297448e-03 9.999551e-01 9.264522e+01
9.997057e-01 1.822708e-03 -2.418988e-02 3.276032e+00 -1.850527e-03 9.999977e-01 -1.127665e-03 -2.067518e+00 2.418777e-02 1.172096e-03 9.997067e-01 9.181748e+01
9.999656e-01 -7.041462e-03 4.392252e-03 3.469873e+00 7.005896e-03 9.999430e-01 8.061025e-03 -2.060999e+00 -4.448763e-03 -8.029975e-03 9.999579e-01 9.118996e+01
9.997324e-01 2.191560e-03 -2.302867e-02 3.674532e+00 -2.223573e-03 9.999966e-01 -1.364591e-03 -2.055097e+00 2.302560e-02 1.415431e-03 9.997339e-01 9.058464e+01
9.999709e-01 -7.485212e-03 1.502256e-03 3.893134e+00 7.471984e-03 9.999349e-01 8.626077e-03 -2.047054e+00 -1.566726e-03 -8.614600e-03 9.999617e-01 8.992411e+01
9.997740e-01 4.766842e-03 -2.071780e-02 4.076671e+00 -4.868666e-03 9.999763e-01 -4.867139e-03 -2.045949e+00 2.069411e-02 4.966907e-03 9.997735e-01 8.953480e+01
9.999694e-01 -6.247968e-03 4.711256e-03 4.213084e+00 6.213897e-03 9.999547e-01 7.212235e-03 -2.050118e+00 -4.756104e-03 -7.182738e-03 9.999629e-01 8.933055e+01
9.997404e-01 3.523996e-03 -2.251249e-02 4.377104e+00 -3.590996e-03 9.999892e-01 -2.936392e-03 -2.052406e+00 2.250190e-02 3.016471e-03 9.997422e-01 8.895753e+01
9.999666e-01 -7.133868e-03 3.982222e-03 4.538394e+00 7.101357e-03 9.999418e-01 8.119367e-03 -2.051333e+00 -4.039913e-03 -8.090816e-03 9.999591e-01 8.849581e+01
9.997251e-01 3.872702e-03 -2.312622e-02 4.699543e+00 -3.938783e-03 9.999883e-01 -2.812541e-03 -2.049722e+00 2.311506e-02 2.902856e-03 9.997286e-01 8.804379e+01
9.999626e-01 -8.223886e-03 2.676860e-03 4.869414e+00 8.200101e-03 9.999278e-01 8.778127e-03 -2.046004e+00 -2.748857e-03 -8.755847e-03 9.999579e-01 8.749126e+01
9.997682e-01 3.104405e-03 -2.130647e-02 5.050888e+00 -3.140951e-03 9.999937e-01 -1.682015e-03 -2.039605e+00 2.130112e-02 1.748547e-03 9.997716e-01 8.686213e+01
9.999541e-01 -8.720425e-03 3.976310e-03 5.218292e+00 8.685082e-03 9.999234e-01 8.820621e-03 -2.032893e+00 -4.052925e-03 -8.785681e-03 9.999532e-01 8.622257e+01
9.997696e-01 3.568792e-03 -2.116436e-02 5.399407e+00 -3.606948e-03 9.999919e-01 -1.764931e-03 -2.024840e+00 2.115789e-02 1.840862e-03 9.997745e-01 8.559877e+01
9.999513e-01 -9.850277e-03 -6.685424e-04 5.650536e+00 9.856042e-03 9.999086e-01 9.250334e-03 -2.014828e+00 5.773632e-04 -9.256472e-03 9.999570e-01 8.480987e+01
9.997008e-01 3.066221e-03 -2.426930e-02 5.945828e+00 -3.065576e-03 9.999953e-01 6.380009e-05 -2.002616e+00 2.426938e-02 1.061769e-05 9.997055e-01 8.391366e+01
9.999394e-01 -1.096706e-02 -9.230842e-04 6.273522e+00 1.097519e-02 9.998963e-01 9.323593e-03 -1.987563e+00 8.207363e-04 -9.333159e-03 9.999561e-01 8.291287e+01
9.996479e-01 2.123246e-03 -2.644923e-02 6.595318e+00 -2.058143e-03 9.999948e-01 2.488418e-03 -1.970118e+00 2.645438e-02 -2.433106e-03 9.996471e-01 8.181404e+01
9.999454e-01 -8.961593e-03 5.381063e-03 6.820244e+00 8.927723e-03 9.999404e-01 6.285610e-03 -1.957643e+00 -5.437071e-03 -6.237225e-03 9.999658e-01 8.099836e+01
9.994810e-01 -5.531135e-04 -3.220968e-02 7.227668e+00 7.199154e-04 9.999864e-01 5.167268e-03 -1.943826e+00 3.220639e-02 -5.187775e-03 9.994678e-01 7.982808e+01
9.999298e-01 -1.179212e-02 1.161956e-03 7.761124e+00 1.178229e-02 9.998975e-01 8.132466e-03 -1.921225e+00 -1.257736e-03 -8.118203e-03 9.999663e-01 7.827997e+01
9.993686e-01 2.047175e-03 -3.547131e-02 8.208597e+00 -1.884185e-03 9.999875e-01 4.627794e-03 -1.895866e+00 3.548035e-02 -4.558039e-03 9.993600e-01 7.693945e+01
9.999164e-01 -1.068207e-02 7.289148e-03 8.497309e+00 1.062686e-02 9.999149e-01 7.572028e-03 -1.879053e+00 -7.369412e-03 -7.493934e-03 9.999448e-01 7.592736e+01
9.998040e-01 8.778602e-03 -1.774426e-02 8.599427e+00 -8.843745e-03 9.999544e-01 -3.596085e-03 -1.882079e+00 1.771188e-02 3.752305e-03 9.998361e-01 7.575688e+01
9.998971e-01 -1.399012e-02 -3.169983e-03 8.825686e+00 1.401928e-02 9.998578e-01 9.371407e-03 -1.881732e+00 3.038425e-03 -9.414883e-03 9.999511e-01 7.513569e+01
9.996646e-01 4.066767e-03 -2.557787e-02 9.190403e+00 -3.978927e-03 9.999860e-01 3.484176e-03 -1.861161e+00 2.559168e-02 -3.381235e-03 9.996668e-01 7.390124e+01
9.999221e-01 -1.246409e-02 -7.061349e-04 9.491517e+00 1.246875e-02 9.998975e-01 7.039424e-03 -1.845512e+00 6.183227e-04 -7.047680e-03 9.999750e-01 7.286530e+01
9.996536e-01 3.743247e-03 -2.605112e-02 9.851586e+00 -3.627928e-03 9.999834e-01 4.472516e-03 -1.829076e+00 2.606742e-02 -4.376456e-03 9.996506e-01 7.175946e+01
9.999333e-01 -1.137008e-02 2.050433e-03 1.012878e+01 1.135923e-02 9.999218e-01 5.230134e-03 -1.816392e+00 -2.109740e-03 -5.206493e-03 9.999842e-01 7.083878e+01
9.997021e-01 5.782908e-03 -2.371102e-02 1.035028e+01 -5.715552e-03 9.999794e-01 2.907512e-03 -1.809700e+00 2.372735e-02 -2.771125e-03 9.997146e-01 7.014337e+01
9.999433e-01 -9.724819e-03 4.349106e-03 1.054907e+01 9.711680e-03 9.999482e-01 3.032185e-03 -1.808590e+00 -4.378368e-03 -2.989775e-03 9.999859e-01 6.962329e+01
9.998426e-01 1.010719e-02 -1.458003e-02 1.062068e+01 -1.014190e-02 9.999459e-01 -2.308546e-03 -1.821081e+00 1.455591e-02 2.456051e-03 9.998910e-01 6.976555e+01
9.999375e-01 -1.116793e-02 6.066713e-04 1.074085e+01 1.116513e-02 9.999278e-01 4.445854e-03 -1.827915e+00 -6.562783e-04 -4.438802e-03 9.999899e-01 6.963965e+01
9.997971e-01 8.636673e-03 -1.819750e-02 1.090946e+01 -8.656367e-03 9.999620e-01 -1.003733e-03 -1.829287e+00 1.818814e-02 1.161053e-03 9.998339e-01 6.926046e+01
9.999371e-01 -1.118487e-02 8.848661e-04 1.106829e+01 1.118104e-02 9.999286e-01 4.219134e-03 -1.832838e+00 -9.319932e-04 -4.208974e-03 9.999907e-01 6.892211e+01
9.998048e-01 8.419677e-03 -1.787358e-02 1.122479e+01 -8.420371e-03 9.999645e-01 3.644761e-05 -1.834211e+00 1.787325e-02 1.140611e-04 9.998403e-01 6.853566e+01
9.999473e-01 -9.189527e-03 4.585794e-03 1.134163e+01 9.178900e-03 9.999552e-01 2.333131e-03 -1.844084e+00 -4.607028e-03 -2.290915e-03 9.999868e-01 6.847123e+01
9.997407e-01 6.532842e-03 -2.181427e-02 1.147868e+01 -6.485593e-03 9.999765e-01 2.236062e-03 -1.846865e+00 2.182836e-02 -2.094004e-03 9.997595e-01 6.813495e+01
9.998812e-01 -1.537334e-02 1.115127e-03 1.170909e+01 1.536276e-02 9.998419e-01 8.953082e-03 -1.827330e+00 -1.252589e-03 -8.934886e-03 9.999593e-01 6.712604e+01
9.997885e-01 8.903335e-03 -1.853610e-02 1.190371e+01 -8.911707e-03 9.999602e-01 -3.690655e-04 -1.813316e+00 1.853208e-02 5.341751e-04 9.998281e-01 6.636044e+01
9.999022e-01 -1.389301e-02 1.578392e-03 1.206399e+01 1.388189e-02 9.998802e-01 6.852011e-03 -1.805819e+00 -1.673398e-03 -6.829430e-03 9.999753e-01 6.577139e+01
9.997722e-01 8.890172e-03 -1.940547e-02 1.222949e+01 -8.893224e-03 9.999605e-01 -7.095005e-05 -1.799357e+00 1.940407e-02 2.435105e-04 9.998117e-01 6.516429e+01
9.999030e-01 -1.391288e-02 -6.410246e-04 1.243585e+01 1.391699e-02 9.998792e-01 6.922346e-03 -1.793243e+00 5.446376e-04 -6.930595e-03 9.999758e-01 6.454027e+01
9.998668e-01 1.377926e-02 -8.746151e-03 1.220206e+01 -1.377923e-02 9.999051e-01 6.460387e-05 -1.770345e+00 8.746210e-03 5.591933e-05 9.999617e-01 6.484451e+01
9.998790e-01 -1.526126e-02 -3.009633e-03 1.210862e+01 1.528391e-02 9.998539e-01 7.654080e-03 -1.748988e+00 2.892383e-03 -7.699152e-03 9.999662e-01 6.494525e+01
9.997892e-01 8.839832e-03 -1.853197e-02 1.239056e+01 -8.832003e-03 9.999609e-01 5.042951e-04 -1.738259e+00 1.853570e-02 -3.405150e-04 9.998281e-01 6.412309e+01
9.998394e-01 -6.300368e-03 1.677949e-02 1.209305e+01 6.225086e-03 9.999703e-01 4.535038e-03 -1.722537e+00 -1.680756e-02 -4.429855e-03 9.998489e-01 6.479892e+01
9.998592e-01 1.272265e-02 -1.093723e-02 1.166981e+01 -1.276033e-02 9.999129e-01 -3.382426e-03 -1.701735e+00 1.089324e-02 3.521512e-03 9.999345e-01 6.614598e+01
9.998889e-01 -1.425921e-02 -4.335330e-03 1.179181e+01 1.429254e-02 9.998678e-01 7.756466e-03 -1.699565e+00 4.224156e-03 -7.817566e-03 9.999605e-01 6.618074e+01
9.998379e-01 9.143755e-03 -1.551099e-02 1.197849e+01 -9.145882e-03 9.999582e-01 -6.614807e-05 -1.692005e+00 1.550974e-02 2.079985e-04 9.998797e-01 6.554601e+01
9.999047e-01 -1.349480e-02 -2.921171e-03 1.213638e+01 1.351155e-02 9.998919e-01 5.791252e-03 -1.685656e+00 2.842704e-03 -5.830169e-03 9.999790e-01 6.498151e+01
9.997565e-01 7.842493e-03 -2.062690e-02 1.236645e+01 -7.789004e-03 9.999661e-01 2.672238e-03 -1.674785e+00 2.064716e-02 -2.510925e-03 9.997837e-01 6.423491e+01
9.999160e-01 -1.258532e-02 3.101101e-03 1.253694e+01 1.257346e-02 9.999137e-01 3.815878e-03 -1.666477e+00 -3.148857e-03 -3.776566e-03 9.999879e-01 6.365219e+01
9.997703e-01 8.496995e-03 -1.967356e-02 1.268968e+01 -8.444702e-03 9.999606e-01 2.739575e-03 -1.659214e+00 1.969607e-02 -2.572809e-03 9.998027e-01 6.314704e+01
9.999232e-01 -1.143243e-02 4.794473e-03 1.281728e+01 1.142452e-02 9.999333e-01 1.675038e-03 -1.654725e+00 -4.813303e-03 -1.620135e-03 9.999871e-01 6.275806e+01
9.997612e-01 8.167069e-03 -2.026692e-02 1.293417e+01 -8.098758e-03 9.999613e-01 3.450409e-03 -1.648651e+00 2.029431e-02 -3.285449e-03 9.997887e-01 6.230933e+01
9.999146e-01 -1.207171e-02 5.006677e-03 1.305400e+01 1.206126e-02 9.999250e-01 2.112585e-03 -1.642100e+00 -5.031804e-03 -2.052017e-03 9.999852e-01 6.183314e+01
9.997164e-01 7.288408e-03 -2.267169e-02 1.322791e+01 -7.199512e-03 9.999661e-01 4.000182e-03 -1.635859e+00 2.270007e-02 -3.835823e-03 9.997350e-01 6.123532e+01
9.999125e-01 -1.282336e-02 3.235964e-03 1.341622e+01 1.281153e-02 9.999113e-01 3.650967e-03 -1.626989e+00 -3.282494e-03 -3.609190e-03 9.999881e-01 6.056937e+01
9.996475e-01 6.221823e-03 -2.581193e-02 1.367633e+01 -6.089562e-03 9.999679e-01 5.199503e-03 -1.616786e+00 2.584345e-02 -5.040487e-03 9.996533e-01 5.973389e+01
9.999071e-01 -1.294542e-02 4.263122e-03 1.391292e+01 1.293064e-02 9.999104e-01 3.475896e-03 -1.604034e+00 -4.307737e-03 -3.420448e-03 9.999849e-01 5.889972e+01
9.996156e-01 4.329421e-03 -2.738359e-02 1.422040e+01 -4.139080e-03 9.999669e-01 7.003830e-03 -1.585577e+00 2.741301e-02 -6.887796e-03 9.996005e-01 5.782550e+01
9.998708e-01 -1.489472e-02 -6.038065e-03 1.468867e+01 1.493961e-02 9.998606e-01 7.458009e-03 -1.567153e+00 5.926138e-03 -7.547251e-03 9.999540e-01 5.652888e+01
9.997537e-01 5.580746e-03 -2.148150e-02 1.503262e+01 -5.486686e-03 9.999751e-01 4.435105e-03 -1.549310e+00 2.150572e-02 -4.316151e-03 9.997594e-01 5.535069e+01
9.998424e-01 -1.613219e-02 -7.409362e-03 1.543433e+01 1.619518e-02 9.998325e-01 8.522371e-03 -1.531858e+00 7.270637e-03 -8.641023e-03 9.999362e-01 5.408055e+01
9.998415e-01 9.302960e-03 -1.517867e-02 1.571854e+01 -9.297041e-03 9.999567e-01 4.604906e-04 -1.520882e+00 1.518230e-02 -3.193013e-04 9.998847e-01 5.321884e+01
9.987614e-01 -2.977428e-02 -3.986455e-02 1.648466e+01 3.075135e-02 9.992359e-01 2.412499e-02 -1.455366e+00 3.911579e-02 -2.532099e-02 9.989138e-01 5.077322e+01
9.995597e-01 6.842733e-03 -2.887210e-02 1.732910e+01 -6.531907e-03 9.999198e-01 1.084626e-02 -1.374713e+00 2.894401e-02 -1.065289e-02 9.995243e-01 4.788040e+01
9.998541e-01 -1.679479e-02 -3.120489e-03 1.772402e+01 1.680271e-02 9.998556e-01 2.529287e-03 -1.356024e+00 3.077560e-03 -2.581351e-03 9.999919e-01 4.662139e+01
9.997639e-01 9.284775e-03 -1.964317e-02 1.798043e+01 -9.135259e-03 9.999287e-01 7.687706e-03 -1.340916e+00 1.971315e-02 -7.506447e-03 9.997775e-01 4.570981e+01
9.999060e-01 -1.326538e-02 3.464265e-03 1.809832e+01 1.326911e-02 9.999114e-01 -1.055683e-03 -1.336215e+00 -3.449954e-03 1.101552e-03 9.999934e-01 4.523215e+01
9.998514e-01 1.646128e-02 -5.126957e-03 1.802660e+01 -1.644484e-02 9.998596e-01 3.231490e-03 -1.344120e+00 5.179432e-03 -3.146698e-03 9.999816e-01 4.594138e+01
9.998857e-01 -1.468331e-02 -3.607717e-03 1.812883e+01 1.466694e-02 9.998822e-01 -4.521414e-03 -1.360181e+00 3.673681e-03 4.467983e-03 9.999833e-01 4.630058e+01
9.998491e-01 1.120539e-02 -1.327578e-02 1.837082e+01 -1.107267e-02 9.998884e-01 1.002887e-02 -1.358169e+00 1.338667e-02 -9.880364e-03 9.998616e-01 4.585727e+01
9.998330e-01 -1.637152e-02 -8.119547e-03 1.868077e+01 1.634122e-02 9.998593e-01 -3.784018e-03 -1.355102e+00 8.180355e-03 3.650703e-03 9.999599e-01 4.519299e+01
9.998695e-01 1.242443e-02 -1.032870e-02 1.885765e+01 -1.232965e-02 9.998818e-01 9.189277e-03 -1.349671e+00 1.044165e-02 -9.060728e-03 9.999044e-01 4.466405e+01
9.998317e-01 -1.601188e-02 -8.954687e-03 1.902800e+01 1.597695e-02 9.998645e-01 -3.959072e-03 -1.346407e+00 9.016866e-03 3.815338e-03 9.999521e-01 4.417187e+01
9.998558e-01 1.090114e-02 -1.301875e-02 1.926488e+01 -1.076438e-02 9.998866e-01 1.052945e-02 -1.341200e+00 1.313206e-02 -1.038779e-02 9.998598e-01 4.350071e+01
9.998081e-01 -1.691075e-02 -9.889881e-03 1.951877e+01 1.688035e-02 9.998526e-01 -3.149094e-03 -1.332399e+00 9.941677e-03 2.981545e-03 9.999461e-01 4.271961e+01
9.998657e-01 1.020560e-02 -1.282033e-02 1.976658e+01 -1.004157e-02 9.998677e-01 1.279480e-02 -1.319843e+00 1.294921e-02 -1.266435e-02 9.998360e-01 4.191384e+01
9.998826e-01 -1.408705e-02 -6.034552e-03 1.996031e+01 1.404014e-02 9.998714e-01 -7.745574e-03 -1.313623e+00 6.142888e-03 7.659938e-03 9.999518e-01 4.136560e+01
9.998681e-01 9.152871e-03 -1.341342e-02 2.015390e+01 -8.955667e-03 9.998520e-01 1.468913e-02 -1.307740e+00 1.354588e-02 -1.456707e-02 9.998021e-01 4.075893e+01
9.998949e-01 -1.392219e-02 -4.051169e-03 2.035633e+01 1.388828e-02 9.998693e-01 -8.281619e-03 -1.300838e+00 4.165938e-03 8.224484e-03 9.999575e-01 4.015676e+01
9.998079e-01 7.388195e-03 -1.815528e-02 2.062290e+01 -7.089880e-03 9.998397e-01 1.644115e-02 -1.288946e+00 1.827384e-02 -1.630927e-02 9.997000e-01 3.931202e+01
9.998437e-01 -1.581976e-02 -7.898941e-03 2.100951e+01 1.577010e-02 9.998557e-01 -6.309720e-03 -1.273324e+00 7.997620e-03 6.184166e-03 9.999489e-01 3.820945e+01
9.997714e-01 6.182061e-03 -2.046754e-02 2.146539e+01 -5.796615e-03 9.998057e-01 1.883820e-02 -1.260655e+00 2.058002e-02 -1.871525e-02 9.996130e-01 3.701626e+01
9.998749e-01 -1.385991e-02 -7.620663e-03 2.180266e+01 1.379967e-02 9.998736e-01 -7.901282e-03 -1.246916e+00 7.729211e-03 7.795131e-03 9.999397e-01 3.602884e+01
9.998937e-01 7.901748e-03 -1.225085e-02 2.201426e+01 -7.709833e-03 9.998481e-01 1.563434e-02 -1.237355e+00 1.237252e-02 -1.553823e-02 9.998027e-01 3.530657e+01
9.998537e-01 -1.453535e-02 -9.021048e-03 2.224927e+01 1.447623e-02 9.998735e-01 -6.583926e-03 -1.224272e+00 9.115606e-03 6.452372e-03 9.999376e-01 3.449824e+01
9.998974e-01 8.269908e-03 -1.169581e-02 2.249095e+01 -8.102130e-03 9.998646e-01 1.432055e-02 -1.212618e+00 1.181265e-02 -1.422432e-02 9.998291e-01 3.370854e+01
9.997423e-01 -1.694806e-02 -1.510496e-02 2.266389e+01 1.695261e-02 9.998563e-01 1.736832e-04 -1.177578e+00 1.509984e-02 -4.297067e-04 9.998859e-01 3.274497e+01
9.998418e-01 7.742580e-03 -1.601594e-02 2.287823e+01 -7.510465e-03 9.998666e-01 1.450251e-02 -1.136346e+00 1.612610e-02 -1.437993e-02 9.997666e-01 3.155651e+01
9.989224e-01 -2.812853e-02 -3.691625e-02 2.351942e+01 2.856369e-02 9.995279e-01 1.131351e-02 -1.063836e+00 3.658059e-02 -1.235578e-02 9.992543e-01 2.914794e+01
9.995678e-01 4.688286e-03 -2.901980e-02 2.428378e+01 -3.906376e-03 9.996294e-01 2.694234e-02 -9.781793e-01 2.913535e-02 -2.681733e-02 9.992157e-01 2.617693e+01
9.999291e-01 -1.142269e-02 3.351518e-03 2.453703e+01 1.147335e-02 9.998139e-01 -1.550732e-02 -9.512023e-01 -3.173759e-03 1.554468e-02 9.998741e-01 2.520447e+01
9.998691e-01 1.013216e-02 -1.261300e-02 2.445074e+01 -9.858573e-03 9.997188e-01 2.156722e-02 -9.375799e-01 1.282798e-02 -2.144005e-02 9.996878e-01 2.525039e+01
9.999321e-01 -1.152201e-02 1.722049e-03 2.451223e+01 1.154944e-02 9.997910e-01 -1.687008e-02 -9.325195e-01 -1.527312e-03 1.688882e-02 9.998562e-01 2.515233e+01
9.996877e-01 4.745744e-03 -2.453726e-02 2.477588e+01 -4.102306e-03 9.996481e-01 2.620708e-02 -9.170008e-01 2.465300e-02 -2.609824e-02 9.993553e-01 2.427435e+01
9.999096e-01 -1.329595e-02 -1.990084e-03 2.513673e+01 1.326339e-02 9.997909e-01 -1.556542e-02 -8.986268e-01 2.196625e-03 1.553762e-02 9.998769e-01 2.315039e+01
9.995813e-01 1.949750e-03 -2.886839e-02 2.553177e+01 -1.055957e-03 9.995206e-01 3.094390e-02 -8.722613e-01 2.891488e-02 -3.090046e-02 9.991041e-01 2.173500e+01
9.999267e-01 -1.208053e-02 8.658850e-04 2.584381e+01 1.209355e-02 9.997813e-01 -1.706296e-02 -8.406779e-01 -6.595661e-04 1.707218e-02 9.998540e-01 2.037603e+01
9.995084e-01 3.016703e-03 -3.120530e-02 2.628097e+01 -2.135784e-03 9.995993e-01 2.822471e-02 -8.200840e-01 3.127794e-02 -2.814418e-02 9.991144e-01 1.914785e+01
9.999319e-01 -1.161818e-02 1.117606e-03 2.667678e+01 1.163567e-02 9.997848e-01 -1.717459e-02 -8.005973e-01 -9.178285e-04 1.718643e-02 9.998519e-01 1.792379e+01
9.996364e-01 3.226476e-03 -2.677217e-02 2.697166e+01 -2.474217e-03 9.996025e-01 2.808426e-02 -7.803153e-01 2.685214e-02 -2.800781e-02 9.992470e-01 1.683949e+01
9.999443e-01 -1.010607e-02 -3.049142e-03 2.722091e+01 1.005158e-02 9.997983e-01 -1.738691e-02 -7.573311e-01 3.224240e-03 1.735530e-02 9.998442e-01 1.585706e+01
9.994664e-01 -1.316191e-03 -3.263613e-02 2.777580e+01 2.355511e-03 9.994906e-01 3.182772e-02 -7.319765e-01 3.257762e-02 -3.188761e-02 9.989604e-01 1.434413e+01
9.999622e-01 -8.576021e-03 -1.407961e-03 2.819105e+01 8.550279e-03 9.998126e-01 -1.737104e-02 -7.028529e-01 1.556671e-03 1.735835e-02 9.998481e-01 1.297524e+01
9.996296e-01 2.377901e-04 -2.721320e-02 2.852323e+01 5.616521e-04 9.995686e-01 2.936561e-02 -6.840919e-01 2.720844e-02 -2.937001e-02 9.991982e-01 1.190848e+01
9.999439e-01 -5.236410e-03 9.212884e-03 2.870148e+01 5.441206e-03 9.997355e-01 -2.234645e-02 -6.732266e-01 -9.093431e-03 2.239533e-02 9.997078e-01 1.121559e+01
9.993955e-01 -1.889815e-03 -3.471396e-02 2.898993e+01 3.006441e-03 9.994788e-01 3.214253e-02 -6.565503e-01 3.463512e-02 -3.222746e-02 9.988803e-01 1.025595e+01
9.999678e-01 -7.573260e-03 2.656518e-03 2.943095e+01 7.622049e-03 9.997930e-01 -1.886341e-02 -6.326438e-01 -2.513110e-03 1.888305e-02 9.998185e-01 8.935118e+00
9.990404e-01 -7.119283e-03 -4.321573e-02 3.002747e+01 8.793963e-03 9.992127e-01 3.868606e-02 -6.019243e-01 4.290629e-02 -3.902898e-02 9.983165e-01 7.063656e+00
9.999483e-01 -1.013979e-02 7.926546e-04 3.084226e+01 1.015211e-02 9.997955e-01 -1.748860e-02 -5.680878e-01 -6.151618e-04 1.749575e-02 9.998467e-01 4.806548e+00
9.996962e-01 1.583210e-03 -2.459553e-02 3.122773e+01 -8.901751e-04 9.996030e-01 2.816274e-02 -5.513997e-01 2.463035e-02 -2.813229e-02 9.993007e-01 3.717261e+00
9.999170e-01 -1.219407e-02 -4.147545e-03 3.169073e+01 1.212853e-02 9.998067e-01 -1.547701e-02 -5.309437e-01 4.335470e-03 1.542542e-02 9.998716e-01 2.327783e+00
9.994597e-01 -2.188461e-03 -3.279367e-02 3.228501e+01 3.286377e-03 9.994345e-01 3.346314e-02 -5.019447e-01 3.270189e-02 -3.355284e-02 9.989018e-01 5.367521e-01
9.999671e-01 -8.083382e-03 -6.129756e-04 3.271579e+01 8.070465e-03 9.997915e-01 -1.875604e-02 -4.801258e-01 7.644599e-04 1.875047e-02 9.998239e-01 -8.188521e-01
9.992702e-01 -6.856205e-03 -3.757724e-02 3.346164e+01 8.183839e-03 9.993435e-01 3.529163e-02 -4.551537e-01 3.731061e-02 -3.557340e-02 9.986703e-01 -2.734161e+00
9.995792e-01 -1.546208e-02 -2.454278e-02 3.472580e+01 1.529299e-02 9.998581e-01 -7.062307e-03 -4.197447e-01 2.464849e-02 6.684003e-03 9.996738e-01 -5.744262e+00
9.996185e-01 -4.066900e-03 -2.732047e-02 3.573925e+01 4.921050e-03 9.994989e-01 3.126998e-02 -3.912066e-01 2.717961e-02 -3.139249e-02 9.991375e-01 -8.210083e+00
9.998667e-01 -9.506197e-03 -1.327767e-02 3.636973e+01 9.330867e-03 9.998693e-01 -1.320503e-02 -3.674079e-01 1.340146e-02 1.307938e-02 9.998247e-01 -9.963378e+00
9.997501e-01 -3.412240e-03 -2.209101e-02 3.691203e+01 4.060746e-03 9.995601e-01 2.937815e-02 -3.445378e-01 2.198105e-02 -2.946052e-02 9.993242e-01 -1.153660e+01
9.996452e-01 -1.299796e-02 -2.324813e-02 3.780200e+01 1.278089e-02 9.998736e-01 -9.461393e-03 -3.208262e-01 2.336817e-02 9.160904e-03 9.996850e-01 -1.374231e+01
9.998481e-01 -4.323307e-04 -1.742638e-02 3.846496e+01 8.987601e-04 9.996413e-01 2.676679e-02 -3.018640e-01 1.740856e-02 -2.677839e-02 9.994898e-01 -1.537078e+01
9.999271e-01 -7.239256e-03 -9.665673e-03 3.881840e+01 7.079927e-03 9.998402e-01 -1.641774e-02 -2.906155e-01 9.782980e-03 1.634811e-02 9.998185e-01 -1.637587e+01
9.997829e-01 -2.033420e-03 -2.073488e-02 3.926969e+01 2.609799e-03 9.996099e-01 2.780851e-02 -2.761689e-01 2.067025e-02 -2.785659e-02 9.993982e-01 -1.757157e+01
9.999035e-01 -7.499459e-03 -1.169720e-02 3.976287e+01 7.321951e-03 9.998585e-01 -1.514493e-02 -2.622943e-01 1.180913e-02 1.505782e-02 9.998169e-01 -1.886202e+01
9.997806e-01 -2.193640e-03 -2.083292e-02 4.022591e+01 2.775033e-03 9.996063e-01 2.791966e-02 -2.497562e-01 2.076347e-02 -2.797135e-02 9.993931e-01 -2.007641e+01
9.999040e-01 -6.968567e-03 -1.197285e-02 4.069810e+01 6.787763e-03 9.998633e-01 -1.507612e-02 -2.372911e-01 1.207627e-02 1.499340e-02 9.998147e-01 -2.130400e+01
9.997729e-01 -3.560039e-03 -2.100923e-02 4.126742e+01 4.156226e-03 9.995879e-01 2.840231e-02 -2.270843e-01 2.089946e-02 -2.848318e-02 9.993758e-01 -2.265800e+01
