9.999898e-01 1.372071e-03 -4.305486e-03 4.124144e-02 -1.385222e-03 9.999944e-01 -3.052883e-03 -2.322506e-02 4.301272e-03 3.058816e-03 9.999861e-01 1.062110e+00
9.999999e-01 -2.417555e-04 -4.497613e-04 5.217218e-02 2.418272e-04 1.000000e+00 1.594670e-04 -4.727361e-02 4.497230e-04 -1.595750e-04 9.999999e-01 2.317675e+00
9.999880e-01 1.225878e-03 -4.745113e-03 8.289231e-02 -1.238201e-03 9.999959e-01 -2.594984e-03 -6.771266e-02 4.741912e-03 2.600827e-03 9.999854e-01 3.194198e+00
9.999997e-01 -2.587001e-04 -6.940395e-04 1.202161e-01 2.589501e-04 9.999999e-01 3.601262e-04 -8.582802e-02 6.939466e-04 -3.603051e-04 9.999997e-01 3.846142e+00
9.999919e-01 1.494861e-03 -3.742969e-03 1.349976e-01 -1.506169e-03 9.999943e-01 -3.020340e-03 -1.045077e-01 3.738433e-03 3.025953e-03 9.999884e-01 4.756038e+00
1.000000e+00 2.198402e-04 -3.526535e-06 1.777317e-01 -2.198411e-04 9.999999e-01 -2.698453e-04 -1.263021e-01 3.467550e-06 2.698468e-04 1.000000e+00 5.753558e+00
9.999969e-01 2.288236e-03 -9.317312e-04 2.202884e-01 -2.292370e-03 9.999874e-01 -4.459759e-03 -1.542887e-01 9.215141e-04 4.461881e-03 9.999896e-01 7.356493e+00
9.999989e-01 -5.003066e-04 -1.374147e-03 2.357562e-01 5.005250e-04 9.999999e-01 1.585620e-04 -1.833985e-01 1.374068e-03 -1.592489e-04 9.999990e-01 9.054146e+00
9.999958e-01 2.192850e-03 -1.910102e-03 2.745153e-01 -2.199575e-03 9.999914e-01 -3.525807e-03 -2.056168e-01 1.902353e-03 3.529992e-03 9.999920e-01 1.017850e+01
9.999987e-01 -6.373312e-04 -1.488494e-03 2.985264e-01 6.374848e-04 9.999998e-01 1.026650e-04 -2.295580e-01 1.488429e-03 -1.036130e-04 9.999989e-01 1.144383e+01
9.999948e-01 2.074264e-03 -2.460433e-03 3.307560e-01 -2.082461e-03 9.999923e-01 -3.333534e-03 -2.545305e-01 2.453499e-03 3.338640e-03 9.999914e-01 1.273492e+01
9.999971e-01 -8.899821e-04 -2.220809e-03 3.743611e-01 8.912126e-04 9.999994e-01 5.531255e-04 -2.771585e-01 2.220316e-03 -5.551024e-04 9.999974e-01 1.375549e+01
9.999941e-01 2.102856e-03 -2.698688e-03 4.234304e-01 -2.111505e-03 9.999926e-01 -3.206226e-03 -2.988400e-01 2.691925e-03 3.211904e-03 9.999912e-01 1.469464e+01
9.999972e-01 -9.405887e-04 -2.150554e-03 4.692041e-01 9.418449e-04 9.999994e-01 5.831493e-04 -3.201240e-01 2.150005e-03 -5.851725e-04 9.999975e-01 1.559195e+01
9.999927e-01 1.980602e-03 -3.272959e-03 5.253129e-01 -1.990466e-03 9.999935e-01 -3.013285e-03 -3.398834e-01 3.266969e-03 3.019777e-03 9.999901e-01 1.635261e+01
9.999983e-01 -5.421778e-04 -1.745369e-03 6.031956e-01 5.430183e-04 9.999997e-01 4.810946e-04 -3.597205e-01 1.745108e-03 -4.820409e-04 9.999984e-01 1.705517e+01
9.999937e-01 1.905380e-03 -2.984191e-03 6.642296e-01 -1.915039e-03 9.999929e-01 -3.236961e-03 -3.814920e-01 2.978002e-03 3.242655e-03 9.999903e-01 1.795297e+01
9.999998e-01 -3.235406e-04 -6.109011e-04 7.012683e-01 3.234405e-04 9.999999e-01 -1.640346e-04 -4.055625e-01 6.109544e-04 1.638377e-04 9.999998e-01 1.915385e+01
9.999868e-01 1.337395e-03 -4.964249e-03 7.709232e-01 -1.350723e-03 9.999955e-01 -2.682338e-03 -4.281112e-01 4.960639e-03 2.689007e-03 9.999841e-01 2.011700e+01
9.999996e-01 -1.623992e-04 -8.931829e-04 8.419903e-01 1.624481e-04 1.000000e+00 5.467486e-05 -4.490936e-01 8.931743e-04 -5.481922e-05 9.999996e-01 2.091922e+01
9.999928e-01 1.538681e-03 -3.468716e-03 8.973946e-01 -1.549116e-03 9.999943e-01 -3.007853e-03 -4.705021e-01 3.464067e-03 3.013205e-03 9.999895e-01 2.179453e+01
9.999997e-01 3.838344e-04 6.925992e-04 9.152742e-01 -3.832877e-04 9.999996e-01 -7.892173e-04 -4.939881e-01 -6.929016e-04 7.889523e-04 9.999994e-01 2.306024e+01
9.999930e-01 1.219773e-03 -3.527168e-03 9.311822e-01 -1.230792e-03 9.999944e-01 -3.123509e-03 -5.205922e-01 3.523338e-03 3.127828e-03 9.999889e-01 2.458965e+01
1.000000e+00 2.376392e-04 -1.960218e-05 9.986006e-01 -2.376383e-04 1.000000e+00 4.149362e-05 -5.430110e-01 1.961236e-05 -4.148825e-05 1.000000e+00 2.556856e+01
9.999893e-01 1.257807e-03 -4.460840e-03 1.060971e+00 -1.270810e-03 9.999949e-01 -2.913223e-03 -5.644046e-01 4.457153e-03 2.918860e-03 9.999858e-01 2.645921e+01
1.000000e+00 1.756255e-05 -2.995373e-04 1.111534e+00 -1.753126e-05 1.000000e+00 1.041959e-04 -5.868209e-01 2.995395e-04 -1.041900e-04 9.999999e-01 2.745386e+01
9.999914e-01 1.288806e-03 -3.929589e-03 1.170602e+00 -1.300956e-03 9.999944e-01 -3.090934e-03 -6.090252e-01 3.925583e-03 3.096019e-03 9.999875e-01 2.839819e+01
9.999993e-01 3.528643e-06 -1.146040e-03 1.248971e+00 -3.117811e-06 9.999999e-01 3.584116e-04 -6.296645e-01 1.146042e-03 -3.584071e-04 9.999993e-01 2.918658e+01
9.999927e-01 1.282015e-03 -3.597121e-03 1.313731e+00 -1.293060e-03 9.999945e-01 -3.069970e-03 -6.504549e-01 3.593165e-03 3.074598e-03 9.999888e-01 3.001250e+01
9.999987e-01 -1.330869e-04 -1.626190e-03 1.395125e+00 1.338739e-04 9.999999e-01 4.837846e-04 -6.697575e-01 1.626126e-03 -4.840010e-04 9.999986e-01 3.068842e+01
9.999899e-01 1.247465e-03 -4.326390e-03 1.484109e+00 -1.260060e-03 9.999950e-01 -2.909573e-03 -6.879568e-01 4.322738e-03 2.914994e-03 9.999864e-01 3.124619e+01
9.999997e-01 4.564584e-05 -7.181995e-04 1.559998e+00 -4.541816e-05 9.999999e-01 3.169069e-04 -7.073127e-01 7.182143e-04 -3.168734e-04 9.999997e-01 3.192301e+01
9.999895e-01 1.164827e-03 -4.431866e-03 1.621496e+00 -1.177226e-03 9.999954e-01 -2.796175e-03 -7.263210e-01 4.428588e-03 2.801362e-03 9.999863e-01 3.260037e+01
9.999994e-01 4.865850e-04 9.529112e-04 1.655565e+00 -4.860442e-04 9.999997e-01 -5.674948e-04 -7.489501e-01 -9.531868e-04 5.670320e-04 9.999994e-01 3.370946e+01
9.999884e-01 9.752107e-04 -4.725388e-03 1.703743e+00 -9.869838e-04 9.999964e-01 -2.489740e-03 -7.708125e-01 4.722943e-03 2.494374e-03 9.999857e-01 3.474459e+01
1.000000e+00 2.190364e-04 -2.010555e-04 1.766394e+00 -2.190372e-04 1.000000e+00 -4.643565e-06 -7.896729e-01 2.010548e-04 4.688314e-06 1.000000e+00 3.544144e+01
9.999900e-01 1.096361e-03 -4.329253e-03 1.829523e+00 -1.107882e-03 9.999958e-01 -2.659591e-03 -8.096044e-01 4.326319e-03 2.664360e-03 9.999871e-01 3.622108e+01
9.999997e-01 3.132902e-05 -7.694201e-04 1.894151e+00 -3.118962e-05 1.000000e+00 1.810587e-04 -8.281840e-01 7.694260e-04 -1.810340e-04 9.999997e-01 3.688830e+01
9.999912e-01 1.296663e-03 -3.983439e-03 1.952716e+00 -1.307701e-03 9.999953e-01 -2.769601e-03 -8.475247e-01 3.979829e-03 2.774785e-03 9.999882e-01 3.760994e+01
9.999995e-01 -1.370127e-04 -9.498819e-04 2.014226e+00 1.373086e-04 9.999999e-01 3.113625e-04 -8.660152e-01 9.498395e-04 -3.114921e-04 9.999995e-01 3.828898e+01
9.999852e-01 1.160365e-03 -5.320359e-03 2.086401e+00 -1.172909e-03 9.999965e-01 -2.355274e-03 -8.824637e-01 5.317607e-03 2.361479e-03 9.999831e-01 3.876977e+01
9.999988e-01 -3.183443e-04 -1.484609e-03 2.162142e+00 3.189096e-04 9.999999e-01 3.804772e-04 -8.983185e-01 1.484488e-03 -3.809495e-04 9.999988e-01 3.920582e+01
9.999817e-01 1.225723e-03 -5.922106e-03 2.240010e+00 -1.237881e-03 9.999971e-01 -2.049837e-03 -9.125645e-01 5.919576e-03 2.057130e-03 9.999804e-01 3.950786e+01
9.999999e-01 -3.061880e-04 -4.267455e-04 2.302503e+00 3.062356e-04 9.999999e-01 1.113560e-04 -9.281634e-01 4.267117e-04 -1.114859e-04 9.999999e-01 3.994924e+01
9.999824e-01 1.355157e-03 -5.780095e-03 2.369834e+00 -1.367197e-03 9.999969e-01 -2.079475e-03 -9.440246e-01 5.777259e-03 2.087340e-03 9.999811e-01 4.038228e+01
9.999992e-01 -3.298926e-04 -1.248227e-03 2.446896e+00 3.301189e-04 9.999999e-01 1.809953e-04 -9.598569e-01 1.248168e-03 -1.814065e-04 9.999992e-01 4.077391e+01
9.999884e-01 1.360273e-03 -4.611100e-03 2.512405e+00 -1.371060e-03 9.999963e-01 -2.337036e-03 -9.769255e-01 4.607904e-03 2.343331e-03 9.999866e-01 4.131085e+01
9.999819e-01 -6.635013e-04 -5.982754e-03 2.608248e+00 6.696594e-04 9.999992e-01 1.027349e-03 -9.893681e-01 5.982068e-03 -1.031336e-03 9.999816e-01 4.145490e+01
9.999979e-01 1.987714e-03 5.021453e-04 2.676161e+00 -1.986111e-03 9.999930e-01 -3.172807e-03 -1.005860e+00 -5.084487e-04 3.171803e-03 9.999948e-01 4.191601e+01
9.999742e-01 -1.107962e-03 -7.096861e-03 2.743383e+00 1.115143e-03 9.999989e-01 1.007950e-03 -1.023330e+00 7.095737e-03 -1.015837e-03 9.999743e-01 4.250277e+01
9.999945e-01 2.526371e-03 2.138387e-03 2.798103e+00 -2.518883e-03 9.999907e-01 -3.497609e-03 -1.041299e+00 -2.147204e-03 3.492203e-03 9.999916e-01 4.311659e+01
9.999792e-01 -1.100989e-03 -6.360036e-03 2.867366e+00 1.105148e-03 9.999992e-01 6.503494e-04 -1.062213e+00 6.359315e-03 -6.573639e-04 9.999796e-01 4.398092e+01
9.999961e-01 2.348048e-03 1.479859e-03 2.912336e+00 -2.343383e-03 9.999923e-01 -3.146193e-03 -1.080870e+00 -1.487235e-03 3.142712e-03 9.999940e-01 4.468944e+01
9.999744e-01 -1.443803e-03 -7.008091e-03 2.960456e+00 1.449832e-03 9.999986e-01 8.552972e-04 -1.098260e+00 7.006847e-03 -8.654352e-04 9.999751e-01 4.531616e+01
9.999972e-01 2.358781e-03 -1.284537e-05 3.052164e+00 -2.358808e-03 9.999932e-01 -2.822997e-03 -1.114684e+00 6.186161e-06 2.823019e-03 9.999960e-01 4.579938e+01
9.999642e-01 -1.443757e-03 -8.336561e-03 3.149657e+00 1.454451e-03 9.999981e-01 1.276841e-03 -1.128683e+00 8.334702e-03 -1.288920e-03 9.999644e-01 4.604101e+01
9.999931e-01 2.612615e-03 2.636409e-03 3.217834e+00 -2.603472e-03 9.999906e-01 -3.465750e-03 -1.145543e+00 -2.645439e-03 3.458861e-03 9.999905e-01 4.654095e+01
9.999675e-01 -1.390921e-03 -7.936865e-03 3.281296e+00 1.399636e-03 9.999984e-01 1.092529e-03 -1.163715e+00 7.935334e-03 -1.103601e-03 9.999679e-01 4.716548e+01
9.999950e-01 2.370847e-03 2.090596e-03 3.328430e+00 -2.364357e-03 9.999924e-01 -3.101573e-03 -1.180610e+00 -2.097934e-03 3.096614e-03 9.999930e-01 4.772353e+01
9.999660e-01 -1.433461e-03 -8.119900e-03 3.392714e+00 1.443441e-03 9.999982e-01 1.223332e-03 -1.195961e+00 8.118132e-03 -1.235010e-03 9.999663e-01 4.811908e+01
9.999943e-01 2.481771e-03 2.299274e-03 3.459883e+00 -2.474371e-03 9.999918e-01 -3.215456e-03 -1.212175e+00 -2.307235e-03 3.209748e-03 9.999922e-01 4.857884e+01
9.999522e-01 -1.612814e-03 -9.639704e-03 3.564674e+00 1.627888e-03 9.999975e-01 1.556070e-03 -1.225948e+00 9.637170e-03 -1.571687e-03 9.999523e-01 4.875961e+01
9.999945e-01 2.600218e-03 2.075074e-03 3.668337e+00 -2.593176e-03 9.999909e-01 -3.389286e-03 -1.241135e+00 -2.083868e-03 3.383886e-03 9.999921e-01 4.911136e+01
9.998624e-01 -1.525872e-03 -1.651873e-02 3.853241e+00 1.571579e-03 9.999950e-01 2.754360e-03 -1.253582e+00 1.651444e-02 -2.779941e-03 9.998598e-01 4.897782e+01
9.999547e-01 2.507107e-03 9.182427e-03 3.930185e+00 -2.467917e-03 9.999878e-01 -4.276813e-03 -1.266954e+00 -9.193037e-03 4.253957e-03 9.999487e-01 4.918339e+01
9.998804e-01 -1.687049e-03 -1.537238e-02 3.953961e+00 1.725013e-03 9.999955e-01 2.456716e-03 -1.281468e+00 1.536817e-02 -2.482939e-03 9.998788e-01 4.966770e+01
9.999476e-01 2.914136e-03 9.810962e-03 3.981820e+00 -2.868678e-03 9.999851e-01 -4.644315e-03 -1.297698e+00 -9.824350e-03 4.615927e-03 9.999411e-01 5.029192e+01
9.998800e-01 -1.734131e-03 -1.539241e-02 4.012326e+00 1.771097e-03 9.999956e-01 2.388269e-03 -1.315065e+00 1.538820e-02 -2.415243e-03 9.998787e-01 5.101443e+01
9.999521e-01 2.561439e-03 9.447894e-03 4.028397e+00 -2.521489e-03 9.999878e-01 -4.237938e-03 -1.331414e+00 -9.458635e-03 4.213911e-03 9.999464e-01 5.166874e+01
9.998751e-01 -1.708733e-03 -1.571335e-02 4.061889e+00 1.748544e-03 9.999953e-01 2.520221e-03 -1.346269e+00 1.570897e-02 -2.547381e-03 9.998734e-01 5.212509e+01
9.999547e-01 2.489317e-03 9.192044e-03 4.096258e+00 -2.452074e-03 9.999887e-01 -4.060750e-03 -1.359554e+00 -9.202050e-03 4.038026e-03 9.999495e-01 5.247491e+01
9.998841e-01 -1.626223e-03 -1.513679e-02 4.144388e+00 1.661194e-03 9.999960e-01 2.298031e-03 -1.374328e+00 1.513300e-02 -2.322909e-03 9.998828e-01 5.287407e+01
9.999513e-01 2.753128e-03 9.480130e-03 4.182600e+00 -2.712894e-03 9.999873e-01 -4.254326e-03 -1.390644e+00 -9.491722e-03 4.228400e-03 9.999460e-01 5.345168e+01
9.998848e-01 -1.812944e-03 -1.506828e-02 4.217899e+00 1.847475e-03 9.999957e-01 2.278061e-03 -1.406704e+00 1.506408e-02 -2.305636e-03 9.998839e-01 5.404279e+01
9.999524e-01 2.874174e-03 9.321752e-03 4.265189e+00 -2.835289e-03 9.999872e-01 -4.182050e-03 -1.422701e+00 -9.333653e-03 4.155420e-03 9.999478e-01 5.454785e+01
9.998928e-01 -1.787025e-03 -1.453146e-02 4.280938e+00 1.816296e-03 9.999963e-01 2.001366e-03 -1.439177e+00 1.452783e-02 -2.027544e-03 9.998924e-01 5.522005e+01
9.999487e-01 3.005372e-03 9.677199e-03 4.313902e+00 -2.962833e-03 9.999859e-01 -4.407074e-03 -1.457030e+00 -9.690307e-03 4.378175e-03 9.999435e-01 5.599780e+01
9.999019e-01 -1.704716e-03 -1.390313e-02 4.319932e+00 1.730362e-03 9.999968e-01 1.832768e-03 -1.474821e+00 1.389997e-02 -1.856645e-03 9.999017e-01 5.683790e+01
9.999508e-01 2.605221e-03 9.568639e-03 4.284764e+00 -2.567779e-03 9.999890e-01 -3.923204e-03 -1.490871e+00 -9.578755e-03 3.898440e-03 9.999465e-01 5.776224e+01
9.998798e-01 -1.827424e-03 -1.539335e-02 4.314072e+00 1.862483e-03 9.999957e-01 2.263506e-03 -1.504410e+00 1.538915e-02 -2.291903e-03 9.998790e-01 5.815373e+01
9.999543e-01 2.585351e-03 9.198708e-03 4.341353e+00 -2.551438e-03 9.999899e-01 -3.696646e-03 -1.515079e+00 -9.208172e-03 3.673007e-03 9.999509e-01 5.847353e+01
9.998963e-01 -1.600694e-03 -1.431084e-02 4.378982e+00 1.625528e-03 9.999972e-01 1.723827e-03 -1.529765e+00 1.430804e-02 -1.746910e-03 9.998961e-01 5.896443e+01
9.999541e-01 2.556997e-03 9.231836e-03 4.361683e+00 -2.524045e-03 9.999904e-01 -3.579284e-03 -1.542744e+00 -9.240900e-03 3.555818e-03 9.999510e-01 5.962422e+01
9.999038e-01 -1.494358e-03 -1.378770e-02 4.350559e+00 1.513553e-03 9.999979e-01 1.381818e-03 -1.556911e+00 1.378561e-02 -1.402553e-03 9.999040e-01 6.035543e+01
9.999555e-01 2.767932e-03 9.021329e-03 4.364102e+00 -2.732654e-03 9.999886e-01 -3.920563e-03 -1.574805e+00 -9.032079e-03 3.895735e-03 9.999516e-01 6.121966e+01
9.998994e-01 -1.711170e-03 -1.408025e-02 4.407634e+00 1.734971e-03 9.999971e-01 1.678289e-03 -1.592668e+00 1.407734e-02 -1.702548e-03 9.998995e-01 6.189644e+01
9.999480e-01 3.009305e-03 9.742167e-03 4.438765e+00 -2.967499e-03 9.999863e-01 -4.302955e-03 -1.612366e+00 -9.754983e-03 4.273821e-03 9.999433e-01 6.279819e+01
9.999082e-01 -1.557792e-03 -1.346109e-02 4.449651e+00 1.576741e-03 9.999978e-01 1.397141e-03 -1.632790e+00 1.345889e-02 -1.418237e-03 9.999084e-01 6.386059e+01
9.999595e-01 2.798736e-03 8.553513e-03 4.462988e+00 -2.764669e-03 9.999882e-01 -3.992082e-03 -1.652361e+00 -8.564585e-03 3.968272e-03 9.999554e-01 6.482145e+01
9.999090e-01 -1.617106e-03 -1.339073e-02 4.540623e+00 1.637001e-03 9.999976e-01 1.474826e-03 -1.670494e+00 1.338831e-02 -1.496611e-03 9.999093e-01 6.545029e+01
9.999797e-01 2.894751e-03 5.682116e-03 4.646066e+00 -2.877284e-03 9.999911e-01 -3.079740e-03 -1.685972e+00 -5.690981e-03 3.063327e-03 9.999791e-01 6.577557e+01
9.998699e-01 -2.146172e-03 -1.598882e-02 4.746051e+00 2.175690e-03 9.999960e-01 1.829015e-03 -1.697813e+00 1.598483e-02 -1.863563e-03 9.998705e-01 6.581224e+01
9.999940e-01 3.010323e-03 -1.738036e-03 4.988428e+00 -3.014885e-03 9.999920e-01 -2.628190e-03 -1.711438e+00 1.730110e-03 2.633413e-03 9.999950e-01 6.552464e+01
9.999089e-01 -2.224453e-03 -1.331423e-02 5.251997e+00 2.245976e-03 9.999962e-01 1.601810e-03 -1.721993e+00 1.331062e-02 -1.631567e-03 9.999101e-01 6.523701e+01
9.999949e-01 2.995918e-03 1.075809e-03 5.387252e+00 -2.993270e-03 9.999925e-01 -2.454306e-03 -1.732398e+00 -1.083154e-03 2.451072e-03 9.999964e-01 6.510425e+01
9.999722e-01 -2.131211e-03 -7.142020e-03 5.434415e+00 2.137397e-03 9.999973e-01 8.586297e-04 -1.746491e+00 7.140171e-03 -8.738705e-04 9.999741e-01 6.543626e+01
9.999931e-01 2.330963e-03 -2.906670e-03 5.522279e+00 -2.336351e-03 9.999956e-01 -1.851696e-03 -1.756993e+00 2.902340e-03 1.858474e-03 9.999941e-01 6.544317e+01
9.999537e-01 -1.912878e-03 -9.429785e-03 5.616075e+00 1.922839e-03 9.999976e-01 1.047311e-03 -1.767929e+00 9.427759e-03 -1.065394e-03 9.999550e-01 6.547232e+01
9.999965e-01 2.534159e-03 -7.194746e-04 5.732032e+00 -2.535535e-03 9.999949e-01 -1.918626e-03 -1.778694e+00 7.146087e-04 1.920443e-03 9.999979e-01 6.540865e+01
9.999639e-01 -1.952780e-03 -8.271745e-03 5.815947e+00 1.959018e-03 9.999978e-01 7.461303e-04 -1.790523e+00 8.270270e-03 -7.623072e-04 9.999655e-01 6.549337e+01
9.999891e-01 2.654260e-03 -3.839282e-03 5.974212e+00 -2.661170e-03 9.999948e-01 -1.795696e-03 -1.802732e+00 3.834496e-03 1.805893e-03 9.999910e-01 6.536976e+01
9.999585e-01 -1.877560e-03 -8.920284e-03 6.143151e+00 1.886095e-03 9.999978e-01 9.484154e-04 -1.813421e+00 8.918484e-03 -9.651998e-04 9.999598e-01 6.519636e+01
9.999908e-01 2.551330e-03 -3.441135e-03 6.316205e+00 -2.558018e-03 9.999948e-01 -1.940310e-03 -1.824652e+00 3.436166e-03 1.949094e-03 9.999922e-01 6.501927e+01
9.999559e-01 -1.789224e-03 -9.222447e-03 6.536612e+00 1.798262e-03 9.999979e-01 9.717469e-04 -1.835583e+00 9.220689e-03 -9.882878e-04 9.999570e-01 6.480487e+01
9.999875e-01 2.819245e-03 -4.124525e-03 6.763830e+00 -2.826874e-03 9.999943e-01 -1.845068e-03 -1.847475e+00 4.119300e-03 1.856704e-03 9.999898e-01 6.459617e+01
9.999915e-01 -2.078270e-03 -3.565289e-03 6.827225e+00 2.080513e-03 9.999976e-01 6.254979e-04 -1.860392e+00 3.563981e-03 -6.329096e-04 9.999934e-01 6.478115e+01
9.999906e-01 2.781796e-03 -3.338944e-03 6.894466e+00 -2.788500e-03 9.999941e-01 -2.004539e-03 -1.873483e+00 3.333348e-03 2.013830e-03 9.999924e-01 6.504734e+01
9.999662e-01 -1.775415e-03 -8.030647e-03 7.064412e+00 1.783384e-03 9.999979e-01 9.851693e-04 -1.885455e+00 8.028882e-03 -9.994571e-04 9.999673e-01 6.496095e+01
9.999767e-01 2.742353e-03 -6.251556e-03 7.344243e+00 -2.755367e-03 9.999941e-01 -2.074024e-03 -1.897521e+00 6.245831e-03 2.091200e-03 9.999783e-01 6.469099e+01
9.999489e-01 -1.896256e-03 -9.931017e-03 7.630213e+00 1.904597e-03 9.999978e-01 8.304572e-04 -1.909878e+00 9.929421e-03 -8.493287e-04 9.999503e-01 6.439552e+01
9.999596e-01 2.589608e-03 -8.610276e-03 7.853733e+00 -2.607112e-03 9.999946e-01 -2.022318e-03 -1.921180e+00 8.604992e-03 2.044683e-03 9.999609e-01 6.410984e+01
9.999557e-01 -1.792258e-03 -9.245691e-03 8.068100e+00 1.801110e-03 9.999979e-01 9.491539e-04 -1.931129e+00 9.243971e-03 -9.657637e-04 9.999568e-01 6.382967e+01
9.999621e-01 2.695936e-03 -8.273558e-03 8.337837e+00 -2.712946e-03 9.999942e-01 -2.045375e-03 -1.943021e+00 8.267996e-03 2.067743e-03 9.999637e-01 6.352049e+01
9.999521e-01 -1.829387e-03 -9.616495e-03 8.630714e+00 1.839018e-03 9.999978e-01 9.926652e-04 -1.954538e+00 9.614658e-03 -1.010302e-03 9.999533e-01 6.319952e+01
9.999796e-01 2.699483e-03 -5.791421e-03 8.821823e+00 -2.709982e-03 9.999947e-01 -1.805812e-03 -1.964446e+00 5.786516e-03 1.821470e-03 9.999816e-01 6.297722e+01
9.999660e-01 -1.961215e-03 -8.009176e-03 9.005230e+00 1.968349e-03 9.999977e-01 8.829565e-04 -1.975470e+00 8.007426e-03 -8.986907e-04 9.999675e-01 6.277704e+01
9.999724e-01 2.747205e-03 -6.909695e-03 9.207523e+00 -2.760180e-03 9.999944e-01 -1.868951e-03 -1.987097e+00 6.904522e-03 1.887971e-03 9.999744e-01 6.254869e+01
9.999539e-01 -1.862645e-03 -9.420889e-03 9.462591e+00 1.870403e-03 9.999979e-01 8.147299e-04 -1.999325e+00 9.419352e-03 -8.323126e-04 9.999553e-01 6.226342e+01
9.999660e-01 2.682334e-03 -7.794321e-03 9.718480e+00 -2.695674e-03 9.999949e-01 -1.701414e-03 -2.011394e+00 7.789717e-03 1.722367e-03 9.999682e-01 6.196331e+01
9.999490e-01 -1.871818e-03 -9.921470e-03 9.940544e+00 1.880809e-03 9.999978e-01 8.968401e-04 -2.022869e+00 9.919770e-03 -9.154541e-04 9.999504e-01 6.169326e+01
9.999551e-01 2.672829e-03 -9.090955e-03 1.016536e+01 -2.688883e-03 9.999948e-01 -1.754106e-03 -2.033701e+00 9.086220e-03 1.778471e-03 9.999571e-01 6.140291e+01
9.999536e-01 -1.843548e-03 -9.459384e-03 1.037617e+01 1.852748e-03 9.999978e-01 9.639068e-04 -2.044002e+00 9.457587e-03 -9.813873e-04 9.999548e-01 6.113315e+01
9.999714e-01 2.643100e-03 -7.083447e-03 1.061266e+01 -2.656545e-03 9.999947e-01 -1.889293e-03 -2.055524e+00 7.078416e-03 1.908056e-03 9.999731e-01 6.086268e+01
9.999293e-01 -1.803459e-03 -1.175682e-02 1.091650e+01 1.812926e-03 9.999980e-01 7.945626e-04 -2.069246e+00 1.175537e-02 -8.158200e-04 9.999306e-01 6.053309e+01
9.999819e-01 2.592111e-03 -5.433374e-03 1.119931e+01 -2.601509e-03 9.999951e-01 -1.723262e-03 -2.080623e+00 5.428881e-03 1.737366e-03 9.999838e-01 6.023305e+01
9.999458e-01 -1.766371e-03 -1.025683e-02 1.145146e+01 1.771925e-03 9.999983e-01 5.323709e-04 -2.092707e+00 1.025587e-02 -5.505158e-04 9.999473e-01 5.994964e+01
9.999838e-01 2.755573e-03 -4.990015e-03 1.174096e+01 -2.765315e-03 9.999943e-01 -1.946400e-03 -2.106524e+00 4.984623e-03 1.960167e-03 9.999857e-01 5.964766e+01
9.999364e-01 -1.883140e-03 -1.112059e-02 1.198824e+01 1.893290e-03 9.999978e-01 9.021919e-04 -2.118731e+00 1.111886e-02 -9.231884e-04 9.999378e-01 5.937327e+01
9.999766e-01 2.799281e-03 -6.240752e-03 1.226504e+01 -2.812356e-03 9.999939e-01 -2.087311e-03 -2.131554e+00 6.234870e-03 2.104813e-03 9.999783e-01 5.905266e+01
9.999204e-01 -1.942507e-03 -1.246684e-02 1.252488e+01 1.956405e-03 9.999975e-01 1.102679e-03 -2.143675e+00 1.246467e-02 -1.126981e-03 9.999217e-01 5.873805e+01
9.999636e-01 2.790794e-03 -8.064704e-03 1.282765e+01 -2.808565e-03 9.999937e-01 -2.192967e-03 -2.156592e+00 8.058532e-03 2.215537e-03 9.999651e-01 5.836439e+01
9.999495e-01 -1.786628e-03 -9.894564e-03 1.313430e+01 1.799353e-03 9.999976e-01 1.277248e-03 -2.168493e+00 9.892258e-03 -1.294986e-03 9.999502e-01 5.802222e+01
9.999760e-01 2.695884e-03 -6.381706e-03 1.339068e+01 -2.710553e-03 9.999937e-01 -2.290952e-03 -2.180243e+00 6.375490e-03 2.308194e-03 9.999770e-01 5.773455e+01
9.999505e-01 -1.803209e-03 -9.782662e-03 1.364399e+01 1.817143e-03 9.999973e-01 1.415664e-03 -2.192495e+00 9.780084e-03 -1.433370e-03 9.999511e-01 5.745385e+01
9.999677e-01 2.651175e-03 -7.585767e-03 1.390920e+01 -2.670831e-03 9.999931e-01 -2.582209e-03 -2.205225e+00 7.578869e-03 2.602385e-03 9.999679e-01 5.715478e+01
9.999296e-01 -1.757397e-03 -1.173825e-02 1.421371e+01 1.776438e-03 9.999971e-01 1.611837e-03 -2.217935e+00 1.173539e-02 -1.632576e-03 9.999298e-01 5.679875e+01
9.999792e-01 2.763006e-03 -5.820472e-03 1.446131e+01 -2.775811e-03 9.999937e-01 -2.193107e-03 -2.228450e+00 5.814376e-03 2.209218e-03 9.999807e-01 5.651179e+01
9.999188e-01 -2.080489e-03 -1.257307e-02 1.466330e+01 2.097220e-03 9.999969e-01 1.317653e-03 -2.239258e+00 1.257029e-02 -1.343914e-03 9.999201e-01 5.625601e+01
9.999621e-01 2.852188e-03 -8.228262e-03 1.497908e+01 -2.873130e-03 9.999927e-01 -2.534454e-03 -2.252260e+00 8.220973e-03 2.557999e-03 9.999629e-01 5.587088e+01
9.999529e-01 -1.975419e-03 -9.497650e-03 1.531279e+01 1.987125e-03 9.999973e-01 1.223213e-03 -2.264647e+00 9.495208e-03 -1.242028e-03 9.999541e-01 5.551802e+01
9.999716e-01 2.967661e-03 -6.932655e-03 1.563360e+01 -2.982005e-03 9.999934e-01 -2.059592e-03 -2.277609e+00 6.926497e-03 2.080206e-03 9.999738e-01 5.517412e+01
9.999509e-01 -2.059186e-03 -9.689351e-03 1.590638e+01 2.069876e-03 9.999973e-01 1.093256e-03 -2.288895e+00 9.687073e-03 -1.113258e-03 9.999525e-01 5.487587e+01
9.999828e-01 2.873058e-03 -5.116263e-03 1.569279e+01 -2.881135e-03 9.999946e-01 -1.571948e-03 -2.272056e+00 5.111720e-03 1.586661e-03 9.999857e-01 5.488232e+01
9.999076e-01 -2.214035e-03 -1.340987e-02 1.548862e+01 2.237563e-03 9.999960e-01 1.739781e-03 -2.256023e+00 1.340597e-02 -1.769625e-03 9.999086e-01 5.482366e+01
9.999794e-01 3.024146e-03 -5.670343e-03 1.553094e+01 -3.037369e-03 9.999927e-01 -2.324781e-03 -2.259057e+00 5.663271e-03 2.341955e-03 9.999812e-01 5.464606e+01
9.999309e-01 -2.286332e-03 -1.153152e-02 1.568669e+01 2.304253e-03 9.999962e-01 1.540973e-03 -2.268425e+00 1.152795e-02 -1.567437e-03 9.999323e-01 5.444461e+01
9.999755e-01 3.061376e-03 -6.290425e-03 1.594456e+01 -3.077106e-03 9.999922e-01 -2.492517e-03 -2.280645e+00 6.282745e-03 2.511812e-03 9.999771e-01 5.415479e+01
9.999182e-01 -2.356071e-03 -1.256864e-02 1.619181e+01 2.375390e-03 9.999960e-01 1.522354e-03 -2.292244e+00 1.256500e-02 -1.552084e-03 9.999199e-01 5.385609e+01
9.999766e-01 3.308998e-03 -5.980791e-03 1.650623e+01 -3.324697e-03 9.999910e-01 -2.616809e-03 -2.304672e+00 5.972079e-03 2.636632e-03 9.999787e-01 5.350029e+01
9.999128e-01 -2.461429e-03 -1.297577e-02 1.681793e+01 2.480765e-03 9.999958e-01 1.474206e-03 -2.317614e+00 1.297209e-02 -1.506267e-03 9.999147e-01 5.314260e+01
9.999888e-01 3.316522e-03 -3.379142e-03 1.714817e+01 -3.325959e-03 9.999906e-01 -2.790906e-03 -2.329865e+00 3.369854e-03 2.802113e-03 9.999904e-01 5.281471e+01
9.999283e-01 -2.334017e-03 -1.174367e-02 1.743049e+01 2.353088e-03 9.999959e-01 1.610287e-03 -2.341865e+00 1.173987e-02 -1.637805e-03 9.999297e-01 5.252823e+01
9.999886e-01 3.272306e-03 -3.472568e-03 1.769627e+01 -3.282054e-03 9.999907e-01 -2.805056e-03 -2.353937e+00 3.463356e-03 2.816421e-03 9.999900e-01 5.224546e+01
9.999205e-01 -2.371754e-03 -1.238290e-02 1.797598e+01 2.391459e-03 9.999959e-01 1.576776e-03 -2.366492e+00 1.237911e-02 -1.606264e-03 9.999221e-01 5.195210e+01
9.999837e-01 3.356122e-03 -4.615256e-03 1.829727e+01 -3.368458e-03 9.999908e-01 -2.667550e-03 -2.379586e+00 4.606261e-03 2.683053e-03 9.999858e-01 5.161722e+01
9.999035e-01 -2.588562e-03 -1.365211e-02 1.861882e+01 2.607270e-03 9.999957e-01 1.352726e-03 -2.393630e+00 1.364855e-02 -1.388190e-03 9.999059e-01 5.127286e+01
9.999380e-01 3.507258e-03 -1.056437e-02 1.899274e+01 -3.532802e-03 9.999909e-01 -2.400208e-03 -2.407834e+00 1.055586e-02 2.437381e-03 9.999413e-01 5.081912e+01
9.999159e-01 -2.642084e-03 -1.269895e-02 1.937276e+01 2.656818e-03 9.999958e-01 1.143416e-03 -2.420603e+00 1.269587e-02 -1.177059e-03 9.999187e-01 5.037073e+01
9.999316e-01 3.592809e-03 -1.112993e-02 1.971895e+01 -3.616451e-03 9.999912e-01 -2.104732e-03 -2.433311e+00 1.112227e-02 2.144839e-03 9.999358e-01 4.992538e+01
9.999578e-01 -2.647034e-03 -8.794087e-03 1.998761e+01 2.657152e-03 9.999958e-01 1.139052e-03 -2.443130e+00 8.791035e-03 -1.162370e-03 9.999607e-01 4.959094e+01
9.999574e-01 3.464950e-03 -8.551983e-03 2.023486e+01 -3.482893e-03 9.999918e-01 -2.084129e-03 -2.454892e+00 8.544691e-03 2.113826e-03 9.999613e-01 4.930459e+01
9.999520e-01 -2.680974e-03 -9.427522e-03 2.049589e+01 2.689848e-03 9.999960e-01 9.285943e-04 -2.466651e+00 9.424994e-03 -9.539079e-04 9.999551e-01 4.899699e+01
9.999723e-01 3.385753e-03 -6.634083e-03 2.091123e+01 -3.404991e-03 9.999900e-01 -2.890641e-03 -2.480591e+00 6.624230e-03 2.913150e-03 9.999738e-01 4.865433e+01
9.998457e-01 -1.826235e-03 -1.747360e-02 2.148616e+01 1.884129e-03 9.999928e-01 3.297299e-03 -2.495650e+00 1.746745e-02 -3.329712e-03 9.998419e-01 4.813273e+01
9.999959e-01 2.732294e-03 -8.358908e-04 2.180904e+01 -2.735801e-03 9.999873e-01 -4.221795e-03 -2.505998e+00 8.243452e-04 4.224065e-03 9.999907e-01 4.779037e+01
9.998436e-01 -1.724584e-03 -1.760397e-02 2.214180e+01 1.779250e-03 9.999936e-01 3.090120e-03 -2.519923e+00 1.759853e-02 -3.120958e-03 9.998403e-01 4.744747e+01
9.999973e-01 2.301802e-03 -9.574826e-05 2.252481e+01 -2.302244e-03 9.999853e-01 -4.906098e-03 -2.534774e+00 8.445415e-05 4.906305e-03 9.999880e-01 4.707505e+01
9.998172e-01 -1.407927e-03 -1.906705e-02 2.285668e+01 1.480770e-03 9.999917e-01 3.806746e-03 -2.548466e+00 1.906153e-02 -3.834283e-03 9.998110e-01 4.672405e+01
9.999970e-01 2.278053e-03 9.460762e-04 2.304308e+01 -2.273693e-03 9.999869e-01 -4.584663e-03 -2.557676e+00 -9.565078e-04 4.582498e-03 9.999890e-01 4.647533e+01
9.998116e-01 -1.453501e-03 -1.935680e-02 2.319939e+01 1.526694e-03 9.999917e-01 3.766980e-03 -2.566623e+00 1.935116e-02 -3.795822e-03 9.998055e-01 4.625231e+01
9.999963e-01 2.272392e-03 1.516580e-03 2.338325e+01 -2.265639e-03 9.999876e-01 -4.440220e-03 -2.576730e+00 -1.526651e-03 4.436767e-03 9.999890e-01 4.600979e+01
9.997796e-01 -1.406070e-03 -2.094706e-02 2.349413e+01 1.484788e-03 9.999919e-01 3.742819e-03 -2.583660e+00 2.094162e-02 -3.773095e-03 9.997736e-01 4.580412e+01
9.999965e-01 2.376031e-03 1.123277e-03 2.363605e+01 -2.370922e-03 9.999869e-01 -4.528947e-03 -2.592399e+00 -1.134023e-03 4.526268e-03 9.999891e-01 4.557759e+01
9.998853e-01 -1.591218e-03 -1.506455e-02 2.372656e+01 1.649429e-03 9.999912e-01 3.852445e-03 -2.598251e+00 1.505829e-02 -3.876851e-03 9.998791e-01 4.543478e+01
9.999971e-01 2.393549e-03 3.548051e-04 2.387866e+01 -2.391821e-03 9.999856e-01 -4.793971e-03 -2.608820e+00 -3.662744e-04 4.793108e-03 9.999884e-01 4.525989e+01
9.998499e-01 -1.596349e-03 -1.725086e-02 2.409570e+01 1.660804e-03 9.999917e-01 3.722593e-03 -2.619894e+00 1.724477e-02 -3.750684e-03 9.998443e-01 4.499875e+01
9.999958e-01 2.463331e-03 -1.552792e-03 2.434378e+01 -2.470737e-03 9.999855e-01 -4.785476e-03 -2.631271e+00 1.540981e-03 4.789292e-03 9.999873e-01 4.468820e+01
9.998550e-01 -1.621539e-03 -1.694977e-02 2.451858e+01 1.689726e-03 9.999905e-01 4.009348e-03 -2.639982e+00 1.694311e-02 -4.037407e-03 9.998483e-01 4.444121e+01
9.999962e-01 2.648823e-03 -7.099814e-04 2.462318e+01 -2.652087e-03 9.999857e-01 -4.636052e-03 -2.647137e+00 6.976914e-04 4.637917e-03 9.999890e-01 4.426148e+01
9.998895e-01 -1.708766e-03 -1.477035e-02 2.467453e+01 1.766810e-03 9.999908e-01 3.917601e-03 -2.652710e+00 1.476352e-02 -3.943264e-03 9.998832e-01 4.414228e+01
9.999958e-01 2.534963e-03 1.430168e-03 2.465608e+01 -2.528599e-03 9.999870e-01 -4.434371e-03 -2.654837e+00 -1.441390e-03 4.430735e-03 9.999891e-01 4.409390e+01
9.998010e-01 -2.132281e-03 -1.983636e-02 2.468006e+01 2.197063e-03 9.999923e-01 3.244556e-03 -2.659250e+00 1.982929e-02 -3.287492e-03 9.997980e-01 4.396642e+01
9.999926e-01 2.986410e-03 -2.426312e-03 2.492488e+01 -2.996387e-03 9.999870e-01 -4.118444e-03 -2.668629e+00 2.413982e-03 4.125683e-03 9.999886e-01 4.361577e+01
9.998504e-01 -2.174056e-03 -1.716230e-02 2.521916e+01 2.225678e-03 9.999931e-01 2.989278e-03 -2.680233e+00 1.715568e-02 -3.027028e-03 9.998482e-01 4.325545e+01
9.999925e-01 3.024936e-03 -2.438498e-03 2.547907e+01 -3.034276e-03 9.999880e-01 -3.835539e-03 -2.691526e+00 2.426867e-03 3.842909e-03 9.999897e-01 4.293438e+01
9.998882e-01 -2.276774e-03 -1.477923e-02 2.566203e+01 2.321990e-03 9.999927e-01 3.042965e-03 -2.700983e+00 1.477219e-02 -3.076941e-03 9.998862e-01 4.270831e+01
9.999930e-01 3.071861e-03 -2.157802e-03 2.585271e+01 -3.080135e-03 9.999879e-01 -3.841616e-03 -2.711506e+00 2.145975e-03 3.848235e-03 9.999903e-01 4.247604e+01
9.998714e-01 -2.302151e-03 -1.587308e-02 2.604918e+01 2.350889e-03 9.999926e-01 3.052470e-03 -2.722020e+00 1.586593e-02 -3.089393e-03 9.998694e-01 4.222710e+01
9.999945e-01 3.223153e-03 -7.234997e-04 2.624988e+01 -3.225846e-03 9.999878e-01 -3.752186e-03 -2.732267e+00 7.113972e-04 3.754499e-03 9.999927e-01 4.200225e+01
9.998754e-01 -2.475814e-03 -1.559296e-02 2.632870e+01 2.523262e-03 9.999922e-01 3.023942e-03 -2.737967e+00 1.558535e-02 -3.062910e-03 9.998738e-01 4.185241e+01
9.999950e-01 3.129747e-03 -4.768832e-04 2.634650e+01 -3.131581e-03 9.999875e-01 -3.892179e-03 -2.741737e+00 4.646960e-04 3.893653e-03 9.999923e-01 4.172780e+01
9.998707e-01 -2.412435e-03 -1.589837e-02 2.654584e+01 2.458468e-03 9.999928e-01 2.876503e-03 -2.753377e+00 1.589131e-02 -2.915217e-03 9.998695e-01 4.149892e+01
9.999876e-01 3.154723e-03 -3.865775e-03 2.679336e+01 -3.169890e-03 9.999873e-01 -3.923484e-03 -2.765086e+00 3.853348e-03 3.935689e-03 9.999848e-01 4.117598e+01
9.998469e-01 -2.317960e-03 -1.734633e-02 2.708211e+01 2.366578e-03 9.999933e-01 2.782726e-03 -2.777459e+00 1.733977e-02 -2.823351e-03 9.998457e-01 4.082499e+01
9.999928e-01 3.186963e-03 -2.078176e-03 2.740597e+01 -3.194847e-03 9.999877e-01 -3.801403e-03 -2.789932e+00 2.066036e-03 3.808015e-03 9.999906e-01 4.046324e+01
9.997918e-01 -2.378095e-03 -2.026462e-02 2.771973e+01 2.430719e-03 9.999937e-01 2.572597e-03 -2.803035e+00 2.025837e-02 -2.621318e-03 9.997913e-01 4.006344e+01
9.999940e-01 3.455446e-03 9.176680e-05 2.798522e+01 -3.455116e-03 9.999883e-01 -3.389730e-03 -2.812765e+00 -1.034785e-04 3.389392e-03 9.999943e-01 3.973646e+01
9.997875e-01 -2.760526e-03 -2.042816e-02 2.826288e+01 2.808098e-03 9.999934e-01 2.300431e-03 -2.825160e+00 2.042167e-02 -2.357306e-03 9.997887e-01 3.939800e+01
9.999930e-01 3.733516e-03 7.574952e-05 2.855258e+01 -3.733255e-03 9.999879e-01 -3.198073e-03 -2.836926e+00 -8.768837e-05 3.197768e-03 9.999949e-01 3.906234e+01
9.998479e-01 -2.975824e-03 -1.718560e-02 2.881991e+01 3.014416e-03 9.999930e-01 2.220102e-03 -2.848520e+00 1.717887e-02 -2.271569e-03 9.998499e-01 3.877023e+01
9.999925e-01 3.848939e-03 -3.172962e-04 2.907379e+01 -3.849955e-03 9.999873e-01 -3.263369e-03 -2.860508e+00 3.047319e-04 3.264566e-03 9.999946e-01 3.847258e+01
9.998351e-01 -2.985060e-03 -1.791339e-02 2.932463e+01 3.026043e-03 9.999929e-01 2.261157e-03 -2.871673e+00 1.790651e-02 -2.314990e-03 9.998370e-01 3.817103e+01
9.999924e-01 3.861080e-03 -4.682780e-04 2.959626e+01 -3.862614e-03 9.999870e-01 -3.318879e-03 -2.883829e+00 4.554578e-04 3.320662e-03 9.999944e-01 3.785029e+01
9.998002e-01 -3.066281e-03 -1.975307e-02 2.987255e+01 3.111520e-03 9.999926e-01 2.259837e-03 -2.895963e+00 1.974599e-02 -2.320847e-03 9.998023e-01 3.750237e+01
9.999878e-01 3.952283e-03 -2.969563e-03 3.012901e+01 -3.961894e-03 9.999869e-01 -3.237340e-03 -2.906391e+00 2.956729e-03 3.249065e-03 9.999904e-01 3.714187e+01
9.998867e-01 -3.087115e-03 -1.473523e-02 3.038909e+01 3.118343e-03 9.999929e-01 2.096756e-03 -2.917514e+00 1.472865e-02 -2.142468e-03 9.998892e-01 3.683312e+01
9.999876e-01 3.958839e-03 -3.019169e-03 3.067708e+01 -3.968529e-03 9.999870e-01 -3.210077e-03 -2.930672e+00 3.006422e-03 3.222019e-03 9.999903e-01 3.651112e+01
9.998802e-01 -3.109384e-03 -1.516212e-02 3.094147e+01 3.144975e-03 9.999924e-01 2.324023e-03 -2.941969e+00 1.515478e-02 -2.371429e-03 9.998823e-01 3.620122e+01
9.999855e-01 4.006607e-03 -3.596371e-03 3.120783e+01 -4.018246e-03 9.999867e-01 -3.234667e-03 -2.954339e+00 3.583364e-03 3.249071e-03 9.999883e-01 3.589561e+01
9.998694e-01 -3.053497e-03 -1.586789e-02 3.125824e+01 3.094546e-03 9.999919e-01 2.562985e-03 -2.957824e+00 1.585993e-02 -2.611754e-03 9.998708e-01 3.571415e+01
9.999874e-01 3.857467e-03 -3.221652e-03 3.120090e+01 -3.867770e-03 9.999874e-01 -3.197500e-03 -2.954798e+00 3.209277e-03 3.209920e-03 9.999897e-01 3.557300e+01
9.998428e-01 -2.797281e-03 -1.751001e-02 3.116703e+01 2.841061e-03 9.999929e-01 2.475890e-03 -2.953544e+00 1.750296e-02 -2.525247e-03 9.998436e-01 3.541162e+01
9.999812e-01 3.757742e-03 -4.845512e-03 3.114361e+01 -3.772086e-03 9.999885e-01 -2.954376e-03 -2.950080e+00 4.834355e-03 2.972599e-03 9.999839e-01 3.519681e+01
9.998804e-01 -2.484911e-03 -1.526405e-02 3.158951e+01 2.505855e-03 9.999959e-01 1.353095e-03 -2.961929e+00 1.526062e-02 -1.391182e-03 9.998826e-01 3.470979e+01
9.999799e-01 3.913465e-03 -4.992784e-03 3.197826e+01 -3.925557e-03 9.999894e-01 -2.414264e-03 -2.972688e+00 4.983283e-03 2.433815e-03 9.999846e-01 3.429538e+01
9.999520e-01 -3.057012e-03 -9.306956e-03 3.211931e+01 3.072872e-03 9.999939e-01 1.690247e-03 -2.981638e+00 9.301731e-03 -1.718765e-03 9.999553e-01 3.412974e+01
9.999757e-01 3.710338e-03 -5.897268e-03 3.229824e+01 -3.726657e-03 9.999893e-01 -2.758544e-03 -2.993541e+00 5.886970e-03 2.780454e-03 9.999788e-01 3.392775e+01
9.999084e-01 -2.925188e-03 -1.321779e-02 3.244862e+01 2.951885e-03 9.999936e-01 2.000706e-03 -3.002909e+00 1.321186e-02 -2.039540e-03 9.999106e-01 3.370202e+01
9.999771e-01 3.775487e-03 -5.610733e-03 3.254964e+01 -3.790279e-03 9.999894e-01 -2.627923e-03 -3.009986e+00 5.600752e-03 2.649129e-03 9.999808e-01 3.350732e+01
9.999250e-01 -2.996531e-03 -1.187817e-02 3.269517e+01 3.017503e-03 9.999939e-01 1.748076e-03 -3.019122e+00 1.187286e-02 -1.783787e-03 9.999279e-01 3.330569e+01
9.999652e-01 3.752728e-03 -7.446298e-03 3.287975e+01 -3.771837e-03 9.999896e-01 -2.553792e-03 -3.029241e+00 7.436637e-03 2.581789e-03 9.999690e-01 3.305553e+01
9.998712e-01 -3.052270e-03 -1.575370e-02 3.317469e+01 3.073728e-03 9.999944e-01 1.338035e-03 -3.042300e+00 1.574952e-02 -1.386285e-03 9.998750e-01 3.268851e+01
9.999860e-01 4.062052e-03 -3.390807e-03 3.350865e+01 -4.068830e-03 9.999897e-01 -1.994303e-03 -3.052108e+00 3.382672e-03 2.008072e-03 9.999923e-01 3.233054e+01
9.999185e-01 -3.327432e-03 -1.232532e-02 3.365733e+01 3.342512e-03 9.999937e-01 1.203028e-03 -3.061600e+00 1.232124e-02 -1.244127e-03 9.999233e-01 3.215498e+01
9.999745e-01 3.954408e-03 -5.948069e-03 3.386968e+01 -3.967543e-03 9.999897e-01 -2.198028e-03 -3.073206e+00 5.939317e-03 2.221571e-03 9.999799e-01 3.189241e+01
9.999081e-01 -3.202777e-03 -1.317356e-02 3.411943e+01 3.218974e-03 9.999941e-01 1.208410e-03 -3.084150e+00 1.316961e-02 -1.250704e-03 9.999125e-01 3.157894e+01
9.999839e-01 4.032948e-03 -4.003697e-03 3.435667e+01 -4.041080e-03 9.999898e-01 -2.024793e-03 -3.095320e+00 3.995491e-03 2.040940e-03 9.999899e-01 3.130455e+01
9.998850e-01 -3.341016e-03 -1.479596e-02 3.459679e+01 3.355953e-03 9.999939e-01 9.847902e-04 -3.106652e+00 1.479258e-02 -1.034331e-03 9.998900e-01 3.100506e+01
9.999779e-01 4.155310e-03 -5.198377e-03 3.485383e+01 -4.165823e-03 9.999893e-01 -2.012982e-03 -3.118107e+00 5.189957e-03 2.034593e-03 9.999845e-01 3.067621e+01
9.998825e-01 -3.327570e-03 -1.496179e-02 3.515118e+01 3.339671e-03 9.999941e-01 7.838954e-04 -3.130446e+00 1.495909e-02 -8.337708e-04 9.998878e-01 3.031322e+01
9.999558e-01 4.245231e-03 -8.391765e-03 3.550245e+01 -4.260148e-03 9.999894e-01 -1.760452e-03 -3.143776e+00 8.384203e-03 1.796124e-03 9.999632e-01 2.988107e+01
9.998776e-01 -3.478002e-03 -1.525630e-02 3.581188e+01 3.488790e-03 9.999937e-01 6.804817e-04 -3.154400e+00 1.525384e-02 -7.336244e-04 9.998834e-01 2.946734e+01
9.999687e-01 4.264836e-03 -6.660057e-03 3.604773e+01 -4.276000e-03 9.999895e-01 -1.662796e-03 -3.164877e+00 6.652896e-03 1.691223e-03 9.999764e-01 2.912782e+01
9.998766e-01 -3.395749e-03 -1.533528e-02 3.626523e+01 3.407771e-03 9.999939e-01 7.578835e-04 -3.173929e+00 1.533261e-02 -8.100491e-04 9.998821e-01 2.880203e+01
9.999632e-01 4.218265e-03 -7.472815e-03 3.659311e+01 -4.232249e-03 9.999893e-01 -1.856356e-03 -3.186275e+00 7.464905e-03 1.887915e-03 9.999704e-01 2.838426e+01
9.998981e-01 -3.363767e-03 -1.387062e-02 3.698358e+01 3.371503e-03 9.999942e-01 5.343406e-04 -3.198984e+00 1.386874e-02 -5.810510e-04 9.999037e-01 2.792499e+01
9.999150e-01 4.506898e-03 -1.223602e-02 3.761254e+01 -4.537265e-03 9.999867e-01 -2.455099e-03 -3.216102e+00 1.222479e-02 2.510409e-03 9.999221e-01 2.723888e+01
9.999179e-01 -3.297391e-03 -1.238108e-02 3.812299e+01 3.311821e-03 9.999939e-01 1.145118e-03 -3.229823e+00 1.237723e-02 -1.186028e-03 9.999227e-01 2.664432e+01
9.999210e-01 4.461591e-03 -1.174703e-02 3.892893e+01 -4.503394e-03 9.999836e-01 -3.534512e-03 -3.249352e+00 1.173107e-02 3.587134e-03 9.999248e-01 2.574684e+01
9.995586e-01 -2.199866e-03 -2.962772e-02 4.014988e+01 2.234595e-03 9.999969e-01 1.139083e-03 -3.267317e+00 2.962512e-02 -1.204787e-03 9.995604e-01 2.451493e+01
9.997982e-01 1.706756e-03 2.001429e-02 4.000997e+01 -1.684848e-03 9.999980e-01 -1.111454e-03 -3.254188e+00 -2.001615e-02 1.077509e-03 9.997991e-01 2.475802e+01
9.993712e-01 3.267589e-03 -3.530703e-02 3.952003e+01 -3.185049e-03 9.999921e-01 2.393752e-03 -3.206710e+00 3.531457e-02 -2.279792e-03 9.993736e-01 2.507894e+01
9.999065e-01 -2.235848e-03 1.348922e-02 3.988431e+01 2.286585e-03 9.999904e-01 -3.747128e-03 -3.219628e+00 -1.348072e-02 3.777623e-03 9.999020e-01 2.462967e+01
9.994744e-01 3.422546e-03 -3.223527e-02 4.026055e+01 -3.334228e-03 9.999905e-01 2.793142e-03 -3.231404e+00 3.224452e-02 -2.684194e-03 9.994764e-01 2.422993e+01
9.998590e-01 -2.515350e-03 1.660560e-02 4.053870e+01 2.582623e-03 9.999885e-01 -4.031092e-03 -3.244123e+00 -1.659527e-02 4.073409e-03 9.998540e-01 2.393517e+01
9.994312e-01 3.499680e-03 -3.354156e-02 4.089145e+01 -3.408252e-03 9.999903e-01 2.782566e-03 -3.256804e+00 3.355097e-02 -2.666665e-03 9.994335e-01 2.357711e+01
9.998529e-01 -2.385542e-03 1.698739e-02 4.123412e+01 2.454274e-03 9.999889e-01 -4.026417e-03 -3.269553e+00 -1.697760e-02 4.067517e-03 9.998476e-01 2.323497e+01
9.994704e-01 3.437309e-03 -3.236044e-02 4.159552e+01 -3.349797e-03 9.999906e-01 2.758080e-03 -3.281533e+00 3.236962e-02 -2.648219e-03 9.994725e-01 2.288778e+01
9.998672e-01 -2.264214e-03 1.613558e-02 4.200065e+01 2.332943e-03 9.999883e-01 -4.241951e-03 -3.294251e+00 -1.612579e-02 4.279032e-03 9.998608e-01 2.249828e+01
9.994298e-01 3.492755e-03 -3.358520e-02 4.243839e+01 -3.397103e-03 9.999900e-01 2.904648e-03 -3.306903e+00 3.359501e-02 -2.788900e-03 9.994316e-01 2.206888e+01
