1.000000e+00 1.197624e-11 1.704639e-10 3.214096e-14 1.197625e-11 1.000000e+00 3.562503e-10 -1.998401e-15 1.704639e-10 3.562503e-10 1.000000e+00 -4.041212e-14 0.000000e+00 0.000000e+00 0.000000e+00 1.000000e+00
6.937532e-01 7.631676e-02 -7.161580e-01 -5.134395e-01 -1.076521e-01 9.941872e-01 1.660465e-03 -9.036371e-03 7.121218e-01 7.594396e-02 6.979363e-01 7.378141e-01
9.830700e-01 5.261799e-02 -1.755125e-01 -1.173260e+00 -5.572498e-02 9.983639e-01 -1.281763e-02 -2.185646e-02 1.745509e-01 2.238106e-02 9.843937e-01 1.742042e+00
6.803558e-01 4.950777e-02 -7.312079e-01 -1.868757e+00 -9.925339e-02 9.947481e-01 -2.499954e-02 -3.370798e-02 7.261300e-01 8.958345e-02 6.816964e-01 2.726682e+00
9.610966e-01 9.211910e-02 -2.603984e-01 -2.696819e+00 -9.837226e-02 9.950883e-01 -1.105465e-02 -4.482969e-02 2.581011e-01 3.624057e-02 9.654380e-01 3.851536e+00
7.931873e-01 8.090486e-03 -6.089241e-01 -3.351991e+00 -4.711242e-02 9.977302e-01 -4.811249e-02 -5.318451e-02 6.071527e-01 6.685010e-02 7.917681e-01 4.703285e+00
9.174416e-01 1.246951e-01 -3.778254e-01 -4.148230e+00 -1.198622e-01 9.921237e-01 3.638275e-02 -6.623724e-02 3.793863e-01 1.190794e-02 9.251618e-01 5.799055e+00
7.571986e-01 3.908149e-02 -6.520145e-01 -5.018180e+00 -1.015326e-01 9.931175e-01 -5.838500e-02 -8.166746e-02 6.452452e-01 1.104098e-01 7.559552e-01 7.080444e+00
9.433306e-01 5.706497e-02 -3.269111e-01 -5.779613e+00 -3.899019e-02 9.973400e-01 6.158415e-02 -9.304460e-02 3.295559e-01 -4.534789e-02 9.430464e-01 8.173112e+00
8.557325e-01 7.174054e-02 -5.124209e-01 -6.349798e+00 -1.332047e-01 9.875058e-01 -8.419519e-02 -9.968409e-02 4.999784e-01 1.403054e-01 8.545970e-01 8.966053e+00
9.586920e-01 -4.441108e-02 -2.809577e-01 -6.850157e+00 5.388367e-02 9.982067e-01 2.607657e-02 -1.059293e-01 2.792958e-01 -4.013843e-02 9.593658e-01 9.616658e+00
7.954621e-01 1.544882e-01 -5.859807e-01 -7.422601e+00 -1.871498e-01 9.823190e-01 4.925405e-03 -1.119386e-01 5.763809e-01 1.057482e-01 8.103100e-01 1.032545e+01
9.673630e-01 -7.277157e-02 -2.427202e-01 -7.970445e+00 6.499701e-02 9.970875e-01 -3.989746e-02 -1.202461e-01 2.449166e-01 2.281925e-02 9.692756e-01 1.110771e+01
8.015213e-01 1.453292e-01 -5.800371e-01 -8.504421e+00 -1.329136e-01 9.890499e-01 6.414202e-02 -1.244447e-01 5.830074e-01 2.568363e-02 8.120608e-01 1.172949e+01
9.821418e-01 -2.253747e-02 -1.867873e-01 -9.011401e+00 1.705561e-03 9.938250e-01 -1.109455e-01 -1.292579e-01 1.881343e-01 1.086456e-01 9.761156e-01 1.233557e+01
7.732477e-01 8.903137e-02 -6.278227e-01 -9.555213e+00 -5.174458e-02 9.956516e-01 7.746270e-02 -1.351459e-01 6.319893e-01 -2.741143e-02 7.744922e-01 1.301152e+01
9.782901e-01 7.126847e-02 -1.946005e-01 -1.012063e+01 -9.085661e-02 9.914505e-01 -9.365319e-02 -1.419423e-01 1.862623e-01 1.093007e-01 9.764014e-01 1.371210e+01
7.559820e-01 3.030762e-02 -6.538904e-01 -1.071649e+01 -2.299157e-02 9.995406e-01 1.974717e-02 -1.523978e-01 6.541885e-01 1.054612e-04 7.563316e-01 1.465302e+01
9.891987e-01 1.030069e-01 -1.042853e-01 -1.123103e+01 -1.014067e-01 9.946329e-01 2.054642e-02 -1.660249e-01 1.058420e-01 -9.749276e-03 9.943352e-01 1.564296e+01
7.380937e-01 8.628352e-03 -6.746431e-01 -1.176167e+01 -7.803413e-02 9.942996e-01 -7.265669e-02 -1.781908e-01 6.701704e-01 1.062726e-01 7.345596e-01 1.664199e+01
9.941586e-01 2.989134e-02 -1.037077e-01 -1.230242e+01 -2.153008e-02 9.964957e-01 8.082608e-02 -1.905024e-01 1.057602e-01 -7.812111e-02 9.913182e-01 1.763022e+01
8.979992e-01 2.801118e-02 -4.391045e-01 -1.260425e+01 -6.864940e-02 9.946694e-01 -7.694123e-02 -1.985443e-01 4.346086e-01 9.923743e-02 8.951353e-01 1.820694e+01
9.751768e-01 8.091726e-03 -2.212798e-01 -1.299872e+01 1.414088e-03 9.990841e-01 4.276622e-02 -2.062596e-01 2.214232e-01 -4.201753e-02 9.742722e-01 1.883107e+01
8.753063e-01 7.261166e-02 -4.780863e-01 -1.342662e+01 -1.094889e-01 9.927457e-01 -4.968021e-02 -2.115577e-01 4.710108e-01 9.583055e-02 8.769067e-01 1.939435e+01
8.474610e-01 2.810120e-02 -5.301134e-01 -1.413267e+01 -2.991992e-02 9.995390e-01 5.154137e-03 -2.198702e-01 5.300138e-01 1.149302e-02 8.479111e-01 2.027572e+01
9.351590e-01 1.191223e-01 -3.335978e-01 -1.468125e+01 -1.365233e-01 9.902087e-01 -2.912189e-02 -2.260461e-01 3.268624e-01 7.277746e-02 9.422656e-01 2.105418e+01
9.212562e-01 -4.398206e-02 -3.864616e-01 -1.515510e+01 3.786965e-02 9.990082e-01 -2.341963e-02 -2.373109e-01 3.871083e-01 6.940312e-03 9.220081e-01 2.186966e+01
8.398849e-01 1.616508e-01 -5.181336e-01 -1.582647e+01 -1.481000e-01 9.866488e-01 6.775389e-02 -2.509197e-01 5.221684e-01 1.983014e-02 8.526118e-01 2.293469e+01
9.927882e-01 -5.797248e-02 -1.049327e-01 -1.622593e+01 5.155124e-02 9.966871e-01 -6.290663e-02 -2.638197e-01 1.082319e-01 5.704355e-02 9.924877e-01 2.371283e+01
7.991977e-01 1.460480e-01 -5.830549e-01 -1.668442e+01 -1.263087e-01 9.891786e-01 7.464465e-02 -2.771497e-01 5.876472e-01 1.398905e-02 8.089964e-01 2.469886e+01
9.852364e-01 -6.449003e-02 1.585883e-01 -1.692495e+01 6.872797e-02 9.974063e-01 -2.137946e-02 -2.948042e-01 -1.567982e-01 3.196328e-02 9.871133e-01 2.558460e+01
8.123624e-01 1.211094e-01 -5.704383e-01 -1.715431e+01 -7.942222e-02 9.920596e-01 9.751828e-02 -3.086915e-01 5.777192e-01 -3.391471e-02 8.155307e-01 2.635363e+01
9.609317e-01 -6.901077e-02 2.680444e-01 -1.731685e+01 8.312179e-02 9.956689e-01 -4.164417e-02 -3.211513e-01 -2.640096e-01 6.229754e-02 9.625061e-01 2.701224e+01
7.699985e-01 1.186936e-01 -6.269084e-01 -1.751136e+01 -7.609556e-02 9.926152e-01 9.446932e-02 -3.313899e-01 6.334917e-01 -2.503629e-02 7.733443e-01 2.757869e+01
9.672977e-01 -3.699357e-02 2.509315e-01 -1.769685e+01 5.483457e-02 9.964112e-01 -6.448192e-02 -3.406554e-01 -2.476456e-01 7.613293e-02 9.658548e-01 2.811777e+01
8.051069e-01 8.574366e-02 -5.868994e-01 -1.785500e+01 -2.309368e-02 9.932771e-01 1.134340e-01 -3.503516e-01 5.926800e-01 -7.777282e-02 8.016744e-01 2.864716e+01
9.473623e-01 -1.525635e-02 3.197997e-01 -1.799386e+01 4.486064e-02 9.953354e-01 -8.541002e-02 -3.591573e-01 -3.170049e-01 9.526065e-02 9.436277e-01 2.910790e+01
7.995942e-01 7.265324e-02 -5.961297e-01 -1.812820e+01 -4.339096e-03 9.933280e-01 1.152417e-01 -3.690906e-01 6.005250e-01 -8.955990e-02 7.945745e-01 2.961810e+01
9.609413e-01 2.344955e-02 2.757572e-01 -1.831166e+01 1.105839e-03 9.960706e-01 -8.855638e-02 -3.806217e-01 -2.767502e-01 8.540242e-02 9.571394e-01 3.019048e+01
6.480926e-01 7.039310e-02 -7.583012e-01 -1.864247e+01 -2.471574e-02 9.971386e-01 7.144073e-02 -3.943053e-01 7.611603e-01 -2.755823e-02 6.479780e-01 3.094731e+01
9.794291e-01 4.124663e-02 1.975283e-01 -1.905034e+01 -3.595403e-02 9.988938e-01 -3.030747e-02 -4.071418e-01 -1.985599e-01 2.258207e-02 9.798286e-01 3.181353e+01
4.984630e-01 5.239244e-02 -8.653263e-01 -1.961974e+01 -5.088024e-02 9.982195e-01 3.112956e-02 -4.199526e-01 8.654165e-01 2.851108e-02 5.002413e-01 3.271346e+01
9.605372e-01 2.036440e-02 2.774050e-01 -2.006848e+01 -1.865635e-02 9.997873e-01 -8.795611e-03 -4.261167e-01 -2.775251e-01 3.273147e-03 9.607128e-01 3.336067e+01
4.163045e-01 5.138103e-02 -9.077723e-01 -2.062788e+01 -1.142994e-01 9.934390e-01 3.812172e-03 -4.355370e-01 9.020123e-01 1.021708e-01 4.194460e-01 3.436400e+01
8.564109e-01 -1.081743e-01 5.048353e-01 -2.095755e+01 5.377342e-02 9.911750e-01 1.211633e-01 -4.463801e-01 -5.134869e-01 -7.661888e-02 8.546700e-01 3.513017e+01
5.033480e-01 1.221459e-01 -8.554070e-01 -2.119895e+01 -1.721280e-01 9.842918e-01 3.926424e-02 -4.575909e-01 8.467660e-01 1.274759e-01 5.164660e-01 3.580830e+01
8.943326e-01 -1.445930e-01 4.233934e-01 -2.149381e+01 1.184596e-01 9.890906e-01 8.756230e-02 -4.683889e-01 -4.314353e-01 -2.815482e-02 9.017044e-01 3.653682e+01
4.320617e-01 1.989258e-01 -8.796313e-01 -2.183600e+01 -2.105774e-01 9.706610e-01 1.160794e-01 -4.813148e-01 8.769149e-01 1.350770e-01 4.612747e-01 3.736516e+01
8.413520e-01 -1.963806e-01 5.035490e-01 -2.209383e+01 1.884590e-01 9.797778e-01 6.722090e-02 -4.933001e-01 -5.065670e-01 3.834188e-02 8.613477e-01 3.810674e+01
2.916154e-01 2.735305e-01 -9.165924e-01 -2.251408e+01 -1.987516e-01 9.546551e-01 2.216560e-01 -5.072494e-01 9.356593e-01 1.175359e-01 3.327567e-01 3.901879e+01
8.174729e-01 -1.920916e-01 5.429908e-01 -2.287978e+01 2.410876e-01 9.703035e-01 -1.969732e-02 -5.172922e-01 -5.230821e-01 1.470104e-01 8.395076e-01 3.988270e+01
3.562010e-01 2.905225e-01 -8.880977e-01 -2.317933e+01 -1.297363e-01 9.566086e-01 2.608994e-01 -5.274116e-01 9.253590e-01 2.228588e-02 3.784362e-01 4.058590e+01
8.194137e-01 -1.089799e-01 5.627474e-01 -2.348375e+01 1.915286e-01 9.773882e-01 -8.960587e-02 -5.398693e-01 -5.402574e-01 1.812065e-01 8.217580e-01 4.135874e+01
4.706082e-02 2.399775e-01 -9.696371e-01 -2.410070e+01 -6.249267e-02 9.695184e-01 2.369151e-01 -5.565599e-01 9.969353e-01 4.944579e-02 6.062317e-02 4.249041e+01
8.334632e-01 2.007977e-02 5.522100e-01 -2.471912e+01 7.558209e-02 9.858043e-01 -1.499242e-01 -5.674597e-01 -5.473814e-01 1.666935e-01 8.201140e-01 4.354607e+01
4.076857e-01 1.051965e-01 -9.070425e-01 -2.502623e+01 2.448309e-02 9.917253e-01 1.260221e-01 -5.783253e-01 9.127940e-01 -7.358461e-02 4.017367e-01 4.416813e+01
8.467584e-01 1.019746e-01 5.221124e-01 -2.538776e+01 -4.453887e-02 9.915993e-01 -1.214379e-01 -5.919916e-01 -5.301099e-01 7.957428e-02 8.441869e-01 4.494621e+01
3.325184e-01 -1.397873e-02 -9.429931e-01 -2.583737e+01 2.929043e-02 9.995609e-01 -4.488879e-03 -6.069872e-01 9.426418e-01 -2.612804e-02 3.327819e-01 4.586590e+01
8.931545e-01 9.828471e-02 4.388795e-01 -2.634064e+01 -1.149218e-01 9.933088e-01 1.142869e-02 -6.200578e-01 -4.348196e-01 -6.064438e-02 8.984733e-01 4.672661e+01
3.477196e-01 -9.602735e-02 -9.326681e-01 -2.682821e+01 -5.622970e-02 9.908152e-01 -1.229778e-01 -6.275791e-01 9.359110e-01 9.520545e-02 3.391262e-01 4.751258e+01
7.517107e-01 -6.113008e-02 6.566537e-01 -2.704410e+01 -6.387634e-02 9.842646e-01 1.647515e-01 -6.334111e-01 -6.563922e-01 -1.657901e-01 7.359775e-01 4.794651e+01
5.058706e-01 -5.255002e-02 -8.610072e-01 -2.716256e+01 -9.780339e-02 9.882121e-01 -1.177765e-01 -6.377186e-01 8.570469e-01 1.437891e-01 4.947679e-01 4.824206e+01
7.266518e-01 -1.057736e-01 6.788145e-01 -2.726255e+01 -1.353459e-02 9.856807e-01 1.680783e-01 -6.438486e-01 -6.868726e-01 -1.313219e-01 7.148151e-01 4.853958e+01
3.485265e-01 2.617375e-02 -9.369334e-01 -2.751180e+01 -1.836054e-01 9.821504e-01 -4.086181e-02 -6.548640e-01 9.191400e-01 1.862674e-01 3.471111e-01 4.917691e+01
7.263280e-01 -2.208613e-01 6.508978e-01 -2.776720e+01 1.198286e-01 9.731553e-01 1.964940e-01 -6.598593e-01 -6.768226e-01 -6.472289e-02 7.332954e-01 4.975073e+01
3.854285e-01 1.441584e-01 -9.114073e-01 -2.796770e+01 -3.032135e-01 9.526580e-01 2.245597e-02 -6.682521e-01 8.714967e-01 2.676958e-01 4.108923e-01 5.021476e+01
7.921719e-01 -3.108818e-01 5.251820e-01 -2.828577e+01 2.445655e-01 9.501232e-01 1.935294e-01 -6.758966e-01 -5.591524e-01 -2.486713e-02 8.286919e-01 5.088339e+01
5.121875e-01 2.613154e-01 -8.181554e-01 -2.842969e+01 -2.718966e-01 9.529306e-01 1.341473e-01 -6.774061e-01 8.147001e-01 1.537450e-01 5.591299e-01 5.112263e+01
7.641956e-01 -2.442552e-01 5.969460e-01 -2.852265e+01 2.687276e-01 9.619392e-01 4.958272e-02 -6.774402e-01 -5.863366e-01 1.225250e-01 8.007478e-01 5.126246e+01
3.974854e-01 2.671105e-01 -8.778709e-01 -2.877262e+01 -1.858666e-01 9.602997e-01 2.080339e-01 -6.810922e-01 8.985872e-01 8.047639e-02 4.313520e-01 5.161250e+01
7.902139e-01 -1.385961e-01 5.969532e-01 -2.903388e+01 2.243428e-01 9.718966e-01 -7.132509e-02 -6.858949e-01 -5.702915e-01 1.902843e-01 7.990992e-01 5.199782e+01
3.708530e-01 2.344041e-01 -8.986227e-01 -2.932824e+01 -7.153496e-02 9.719576e-01 2.240116e-01 -6.913891e-01 9.259324e-01 -1.879243e-02 3.772215e-01 5.243910e+01
8.066968e-01 -3.073273e-02 5.901660e-01 -2.963143e+01 1.403267e-01 9.800461e-01 -1.407767e-01 -6.965831e-01 -5.740634e-01 1.963801e-01 7.949126e-01 5.287844e+01
3.551414e-01 1.491095e-01 -9.228439e-01 -2.994195e+01 2.096970e-02 9.856776e-01 1.673318e-01 -7.021631e-01 9.345774e-01 -7.877820e-02 3.469282e-01 5.333442e+01
7.305434e-01 2.500491e-02 6.824084e-01 -3.018839e+01 8.145542e-02 9.890033e-01 -1.234402e-01 -7.058225e-01 -6.779907e-01 1.457643e-01 7.204730e-01 5.369625e+01
3.505861e-01 9.202964e-02 -9.319978e-01 -3.042413e+01 5.773673e-02 9.911433e-01 1.195885e-01 -7.096569e-01 9.347491e-01 -9.573659e-02 3.421676e-01 5.402900e+01
7.174375e-01 7.550151e-02 6.925193e-01 -3.063081e+01 1.220250e-02 9.925947e-01 -1.208586e-01 -7.141118e-01 -6.965160e-01 9.515897e-02 7.112033e-01 5.437482e+01
3.645843e-01 5.103352e-02 -9.297709e-01 -3.082417e+01 9.192535e-02 9.916470e-01 9.047582e-02 -7.193924e-01 9.266218e-01 -1.184556e-01 3.568477e-01 5.475516e+01
6.701753e-01 9.044179e-02 7.366718e-01 -3.101238e+01 -3.785302e-03 9.929514e-01 -1.184618e-01 -7.234599e-01 -7.421932e-01 7.660167e-02 6.657939e-01 5.506402e+01
4.150931e-01 5.879657e-03 -9.097600e-01 -3.117668e+01 1.064643e-01 9.927946e-01 5.499239e-02 -7.286294e-01 9.035281e-01 -1.196839e-01 4.114762e-01 5.537705e+01
6.416233e-01 8.694421e-02 7.620762e-01 -3.132784e+01 -1.702159e-02 9.949241e-01 -9.917832e-02 -7.340460e-01 -7.668310e-01 5.066338e-02 6.398464e-01 5.568964e+01
4.957252e-01 1.574298e-02 -8.683367e-01 -3.137143e+01 1.347859e-01 9.863265e-01 9.483014e-02 -7.375243e-01 8.579565e-01 -1.640492e-01 4.868250e-01 5.592117e+01
6.550659e-01 1.543812e-01 7.396317e-01 -3.141092e+01 -5.294111e-02 9.858757e-01 -1.588909e-01 -7.395707e-01 -7.537147e-01 6.492707e-02 6.539867e-01 5.606411e+01
2.843348e-01 -3.273797e-02 -9.581659e-01 -3.164042e+01 1.430924e-01 9.896715e-01 8.648104e-03 -7.458667e-01 9.479864e-01 -1.395652e-01 2.860826e-01 5.648899e+01
7.057481e-01 1.700960e-01 6.877405e-01 -3.188434e+01 -1.407985e-01 9.850613e-01 -9.914607e-02 -7.507048e-01 -6.943309e-01 -2.686064e-02 7.191544e-01 5.688934e+01
3.670367e-01 -1.091851e-01 -9.237763e-01 -3.207861e+01 1.368517e-01 9.886195e-01 -6.247499e-02 -7.545190e-01 9.200846e-01 -1.034898e-01 3.778018e-01 5.722964e+01
7.901747e-01 1.688331e-01 5.891683e-01 -3.239169e+01 -2.012907e-01 9.794729e-01 -1.071449e-02 -7.594564e-01 -5.788834e-01 -1.101278e-01 8.079393e-01 5.761638e+01
1.036864e-01 -2.230457e-01 -9.692780e-01 -3.288686e+01 -8.161542e-02 9.693361e-01 -2.317897e-01 -7.612583e-01 9.912558e-01 1.031415e-01 8.230296e-02 5.811574e+01
7.508742e-01 5.417302e-02 6.582197e-01 -3.330290e+01 -2.192902e-01 9.605390e-01 1.711040e-01 -7.617323e-01 -6.229765e-01 -2.728187e-01 7.331236e-01 5.849264e+01
2.617722e-01 -2.162559e-01 -9.405896e-01 -3.362988e+01 -1.989917e-01 9.415398e-01 -2.718551e-01 -7.651056e-01 9.443927e-01 2.583336e-01 2.034358e-01 5.889303e+01
9.310709e-01 -8.665391e-02 3.543981e-01 -3.420331e+01 -3.913334e-02 9.420600e-01 3.331538e-01 -7.704587e-01 -3.627334e-01 -3.240586e-01 8.737337e-01 5.953885e+01
4.873207e-01 -1.479918e-02 -8.730976e-01 -3.462481e+01 -3.553398e-01 9.099678e-01 -2.137576e-01 -7.750085e-01 7.976542e-01 4.144148e-01 4.381874e-01 6.006422e+01
8.973438e-01 -2.669997e-01 3.514046e-01 -3.496818e+01 1.541182e-01 9.356883e-01 3.173877e-01 -7.795105e-01 -4.135476e-01 -2.306481e-01 8.807837e-01 6.054287e+01
3.405771e-01 2.069788e-01 -9.171516e-01 -3.544751e+01 -4.312812e-01 9.011817e-01 4.322190e-02 -7.869704e-01 8.354662e-01 3.808298e-01 3.961879e-01 6.115570e+01
7.984969e-01 -3.826204e-01 4.647627e-01 -3.580582e+01 3.323058e-01 9.239008e-01 1.896843e-01 -7.918460e-01 -5.019717e-01 2.981040e-03 8.648789e-01 6.165575e+01
3.631502e-01 3.645021e-01 -8.574731e-01 -3.609226e+01 -3.712191e-01 9.007064e-01 2.256644e-01 -7.962861e-01 8.545867e-01 2.363603e-01 4.624018e-01 6.210367e+01
6.851682e-01 -3.489311e-01 6.393682e-01 -3.626325e+01 3.950293e-01 9.154946e-01 7.629879e-02 -8.017917e-01 -6.119611e-01 2.002917e-01 7.651058e-01 6.248239e+01
2.780697e-01 4.123820e-01 -8.675358e-01 -3.653037e+01 -2.481990e-01 9.033313e-01 3.498425e-01 -8.070017e-01 9.279410e-01 1.180409e-01 3.535418e-01 6.287724e+01
8.866660e-01 -1.760604e-01 4.275818e-01 -3.704703e+01 2.783473e-01 9.416033e-01 -1.894889e-01 -8.143011e-01 -3.692509e-01 2.870296e-01 8.838935e-01 6.354462e+01
2.234386e-01 3.003632e-01 -9.272848e-01 -3.766247e+01 -2.234042e-02 9.526647e-01 3.032011e-01 -8.194981e-01 9.744620e-01 -4.703087e-02 2.195723e-01 6.429232e+01
6.835223e-01 4.654066e-02 7.284444e-01 -3.794817e+01 1.727396e-01 9.593037e-01 -2.233774e-01 -8.225664e-01 -7.091955e-01 2.785146e-01 6.476661e-01 6.469774e+01
1.267242e-02 1.924088e-01 -9.812330e-01 -3.838176e+01 1.460838e-01 9.704266e-01 1.921764e-01 -8.283761e-01 9.891910e-01 -1.457776e-01 -1.581015e-02 6.525708e+01
6.278486e-01 2.363767e-01 7.415741e-01 -3.875300e+01 -4.810507e-02 9.627324e-01 -2.661431e-01 -8.312704e-01 -7.768475e-01 1.314241e-01 6.158212e-01 6.574181e+01
2.702882e-01 -3.842210e-02 -9.620125e-01 -3.893384e+01 2.576382e-01 9.656494e-01 3.381898e-02 -8.338826e-01 9.276674e-01 -2.569920e-01 2.709026e-01 6.601145e+01
6.371694e-01 2.843713e-01 7.163436e-01 -3.915967e+01 -1.798038e-01 9.586419e-01 -2.206271e-01 -8.372607e-01 -7.494570e-01 1.177550e-02 6.619483e-01 6.632935e+01
3.294628e-01 -1.783244e-01 -9.271756e-01 -3.934909e+01 2.545276e-01 9.624216e-01 -9.465942e-02 -8.401823e-01 9.092139e-01 -2.048051e-01 3.624706e-01 6.662027e+01
5.469178e-01 2.307109e-01 8.047692e-01 -3.944370e+01 -2.097968e-01 9.683752e-01 -1.350364e-01 -8.431008e-01 -8.104729e-01 -9.498415e-02 5.780240e-01 6.681290e+01
2.034982e-01 -1.837213e-01 -9.616834e-01 -3.962079e+01 1.522255e-01 9.762287e-01 -1.542882e-01 -8.478780e-01 9.671690e-01 -1.149954e-01 2.266278e-01 6.713710e+01
5.994989e-01 1.933290e-01 7.766756e-01 -3.986565e+01 -2.680108e-01 9.628573e-01 -3.280140e-02 -8.530228e-01 -7.541692e-01 -1.884931e-01 6.290462e-01 6.761768e+01
4.669211e-01 -2.495204e-01 -8.483656e-01 -3.992290e+01 1.806097e-01 9.660511e-01 -1.847304e-01 -8.587321e-01 8.656586e-01 -6.696854e-02 4.961355e-01 6.790727e+01
6.349227e-01 1.477840e-01 7.583093e-01 -4.000339e+01 -2.517792e-01 9.675288e-01 2.225356e-02 -8.670150e-01 -7.303974e-01 -2.050558e-01 6.515150e-01 6.828313e+01
2.901875e-01 -2.252363e-01 -9.300859e-01 -4.021291e+01 2.494280e-02 9.733573e-01 -2.279330e-01 -8.748915e-01 9.566447e-01 4.294436e-02 2.880742e-01 6.874950e+01
9.180406e-01 1.831088e-01 3.516711e-01 -4.082772e+01 -2.603157e-01 9.473855e-01 1.862699e-01 -8.828887e-01 -2.990604e-01 -2.625488e-01 9.174045e-01 6.966429e+01
7.986894e-01 -2.642502e-01 -5.406173e-01 -4.094616e+01 1.188069e-01 9.499820e-01 -2.888238e-01 -8.867263e-01 5.898984e-01 1.664514e-01 7.901353e-01 6.996954e+01
8.543965e-01 7.871225e-02 5.136254e-01 -4.098911e+01 -2.223084e-01 9.488013e-01 2.243994e-01 -8.927647e-01 -4.696654e-01 -3.059093e-01 8.281509e-01 7.020660e+01
7.917722e-01 -2.281934e-01 -5.665903e-01 -4.091711e+01 9.332027e-02 9.618968e-01 -2.569938e-01 -8.931168e-01 6.036457e-01 1.506061e-01 7.828982e-01 7.025490e+01
9.040321e-01 8.355497e-02 4.192190e-01 -4.103200e+01 -1.899768e-01 9.570689e-01 2.189245e-01 -9.006088e-01 -3.829293e-01 -2.775566e-01 8.810945e-01 7.059852e+01
7.408700e-01 -1.993228e-01 -6.413907e-01 -4.121156e+01 2.637986e-02 9.628487e-01 -2.687498e-01 -9.068929e-01 6.711301e-01 1.821889e-01 7.186039e-01 7.109512e+01
7.423041e-01 -3.505095e-02 6.691457e-01 -4.108935e+01 -1.645383e-01 9.585202e-01 2.327363e-01 -9.104727e-01 -6.495473e-01 -2.828613e-01 7.057463e-01 7.121455e+01
7.705725e-01 -1.736018e-01 -6.132539e-01 -4.102393e+01 2.656554e-02 9.701021e-01 -2.412390e-01 -9.182242e-01 6.367984e-01 1.696008e-01 7.521458e-01 7.146097e+01
8.932210e-01 1.518268e-02 4.493614e-01 -4.113969e+01 -1.322581e-01 9.640845e-01 2.303232e-01 -9.275509e-01 -4.297255e-01 -2.651613e-01 8.631486e-01 7.188134e+01
5.577313e-01 -9.001548e-02 -8.251261e-01 -4.147230e+01 -1.976076e-01 9.511181e-01 -2.373302e-01 -9.396130e-01 8.061557e-01 2.954176e-01 5.126806e-01 7.255847e+01
8.259117e-01 -2.012397e-01 5.266616e-01 -4.176512e+01 3.794075e-02 9.518500e-01 3.042073e-01 -9.472017e-01 -5.625215e-01 -2.312664e-01 7.937792e-01 7.314361e+01
8.028401e-01 3.184266e-02 -5.953435e-01 -4.181837e+01 -1.678107e-01 9.702698e-01 -1.744022e-01 -9.558174e-01 5.720904e-01 2.399221e-01 7.843150e-01 7.351847e+01
5.520664e-01 4.499376e-02 -8.325853e-01 -4.352219e+01 8.363263e-02 9.905192e-01 1.089834e-01 -9.827992e-01 8.295953e-01 -1.297974e-01 5.430694e-01 7.584811e+01
8.674408e-01 3.033901e-01 -3.943361e-01 -4.511022e+01 -3.724475e-01 9.214705e-01 -1.103400e-01 -9.959187e-01 3.298930e-01 2.425829e-01 9.123180e-01 7.813946e+01
9.458616e-01 -3.188972e-01 -6.041806e-02 -4.537873e+01 3.236210e-01 9.408371e-01 1.004735e-01 -1.008887e+00 2.480283e-02 -1.145866e-01 9.931036e-01 7.880336e+01
8.883695e-01 3.547051e-01 -2.915201e-01 -4.560473e+01 -3.674221e-01 9.299785e-01 1.187395e-02 -1.020812e+00 2.753191e-01 9.656247e-02 9.564910e-01 7.941010e+01
8.704138e-01 -4.250694e-01 2.483863e-01 -4.562024e+01 3.965261e-01 9.043171e-01 1.580430e-01 -1.030767e+00 -2.917993e-01 -3.907118e-02 9.556812e-01 7.982006e+01
7.792053e-01 4.155084e-01 -4.692461e-01 -4.579127e+01 -4.297994e-01 8.991496e-01 8.247746e-02 -1.043421e+00 4.561925e-01 1.374148e-01 8.792074e-01 8.042263e+01
9.273220e-01 -3.724380e-01 3.693119e-02 -4.612539e+01 3.741584e-01 9.248844e-01 -6.778117e-02 -1.057505e+00 -8.912801e-03 7.667308e-02 9.970164e-01 8.120159e+01
7.031629e-01 4.085407e-01 -5.819419e-01 -4.660018e+01 -3.140385e-01 9.127396e-01 2.613165e-01 -1.068087e+00 6.379198e-01 -9.958872e-04 7.701021e-01 8.200751e+01
8.868535e-01 -3.107289e-01 3.419625e-01 -4.685581e+01 3.803580e-01 9.111572e-01 -1.584941e-01 -1.074406e+00 -2.623329e-01 2.706293e-01 9.262512e-01 8.245834e+01
6.594813e-01 4.158595e-01 -6.262151e-01 -4.713788e+01 -2.183941e-01 9.031034e-01 3.697409e-01 -1.084714e+00 7.192972e-01 -1.070755e-01 6.864010e-01 8.302749e+01
8.624377e-01 -2.184290e-01 4.566071e-01 -4.741048e+01 3.592740e-01 8.996090e-01 -2.482456e-01 -1.093876e+00 -3.565438e-01 3.781434e-01 8.543325e-01 8.359987e+01
7.775399e-01 3.694456e-01 -5.088631e-01 -4.755145e+01 -1.419557e-01 8.914515e-01 4.303055e-01 -1.103487e+00 6.126013e-01 -2.623437e-01 7.455840e-01 8.403626e+01
7.811832e-01 -2.059893e-01 5.893397e-01 -4.761029e+01 4.083032e-01 8.826906e-01 -2.326923e-01 -1.110462e+00 -4.722725e-01 4.224046e-01 7.736492e-01 8.433465e+01
5.893747e-01 4.020265e-01 -7.007226e-01 -4.784477e+01 -5.698554e-02 8.859098e-01 4.603438e-01 -1.116718e+00 8.058475e-01 -2.313839e-01 5.450425e-01 8.474893e+01
9.254148e-01 1.325060e-02 3.787241e-01 -4.820843e+01 1.657522e-01 8.845680e-01 -4.359652e-01 -1.124432e+00 -3.407840e-01 4.662230e-01 8.163960e-01 8.531899e+01
6.533876e-01 1.804551e-01 -7.352011e-01 -4.852851e+01 1.798634e-01 9.063583e-01 3.823137e-01 -1.132812e+00 7.353461e-01 -3.820348e-01 5.597460e-01 8.586539e+01
8.298689e-01 1.828038e-01 5.271626e-01 -4.873995e+01 7.740185e-02 8.979536e-01 -4.332301e-01 -1.137612e+00 -5.525637e-01 4.003276e-01 7.310344e-01 8.620835e+01
5.631835e-01 7.739812e-02 -8.226992e-01 -4.897880e+01 2.999717e-01 9.085373e-01 2.908210e-01 -1.143629e+00 7.699619e-01 -4.105721e-01 4.884559e-01 8.660417e+01
8.647845e-01 3.850511e-01 3.223094e-01 -4.932454e+01 -2.417593e-01 8.818456e-01 -4.048467e-01 -1.151874e+00 -4.401138e-01 2.721838e-01 8.556961e-01 8.716163e+01
4.039331e-01 -2.545184e-01 -8.786686e-01 -4.978869e+01 3.805968e-01 9.201949e-01 -9.158285e-02 -1.159129e+00 8.318559e-01 -2.974251e-01 4.685660e-01 8.781207e+01
8.144969e-01 4.314254e-01 3.879006e-01 -5.021989e+01 -4.435728e-01 8.940252e-01 -6.294529e-02 -1.166787e+00 -3.739491e-01 -1.207934e-01 9.195494e-01 8.839303e+01
2.691224e-01 -4.444305e-01 -8.544324e-01 -5.091760e+01 2.966412e-02 8.905675e-01 -4.538828e-01 -1.174748e+00 9.626490e-01 9.680403e-02 2.528553e-01 8.928468e+01
8.714136e-01 1.610143e-01 4.633710e-01 -5.141117e+01 -3.527277e-01 8.621250e-01 3.637631e-01 -1.181708e+00 -3.409126e-01 -4.804319e-01 8.080617e-01 9.001630e+01
6.359680e-01 -3.153372e-01 -7.043488e-01 -5.164653e+01 -1.094687e-01 8.666134e-01 -4.868242e-01 -1.189248e+00 7.639119e-01 3.867087e-01 5.166188e-01 9.049995e+01
9.667159e-01 -3.419206e-02 2.535573e-01 -5.203521e+01 -9.934151e-02 8.631144e-01 4.951412e-01 -1.199758e+00 -2.357789e-01 -5.038496e-01 8.309897e-01 9.122779e+01
7.542943e-01 -4.956327e-02 -6.546629e-01 -5.231091e+01 -2.998374e-01 8.610786e-01 -4.106595e-01 -1.211956e+00 5.840698e-01 5.060506e-01 6.346458e-01 9.196092e+01
9.621989e-01 -2.704260e-01 -3.229516e-02 -5.275538e+01 2.543501e-01 8.498825e-01 4.615254e-01 -1.222824e+00 -9.736139e-02 -4.522935e-01 8.865390e-01 9.273216e+01
6.543018e-01 2.930339e-01 -6.971515e-01 -5.319580e+01 -5.360576e-01 8.299698e-01 -1.542479e-01 -1.230455e+00 5.334148e-01 4.746381e-01 7.001338e-01 9.342427e+01
8.735434e-01 -4.766022e-01 9.885499e-02 -5.354680e+01 4.472943e-01 8.661069e-01 2.231294e-01 -1.238508e+00 -1.919629e-01 -1.506960e-01 9.697634e-01 9.404002e+01
4.740674e-01 5.040252e-01 -7.219548e-01 -5.401656e+01 -5.621135e-01 8.043587e-01 1.924461e-01 -1.250928e+00 6.777083e-01 3.145881e-01 6.646396e-01 9.491562e+01
8.114178e-01 -5.166708e-01 2.732260e-01 -5.440337e+01 5.358205e-01 8.443151e-01 5.338634e-03 -1.266056e+00 -2.334471e-01 1.420682e-01 9.619351e-01 9.583567e+01
4.561380e-01 5.710681e-01 -6.825096e-01 -5.490103e+01 -3.181699e-01 8.209023e-01 4.742229e-01 -1.276354e+00 8.310873e-01 8.429467e-04 5.561414e-01 9.664883e+01
9.720899e-01 -1.526090e-01 1.781899e-01 -5.547853e+01 2.197691e-01 8.581677e-01 -4.639501e-01 -1.287044e+00 -8.211389e-02 4.901618e-01 8.677550e-01 9.750978e+01
6.909508e-01 2.610643e-01 -6.741160e-01 -5.593958e+01 1.303311e-01 8.722468e-01 4.713801e-01 -1.294600e+00 7.110561e-01 -4.135588e-01 5.686548e-01 9.815811e+01
9.651783e-01 2.471706e-01 8.565930e-02 -5.636388e+01 -1.745761e-01 8.524737e-01 -4.927593e-01 -1.303881e+00 -1.948179e-01 4.606465e-01 8.659392e-01 9.885255e+01
7.480614e-01 -1.198480e-01 -6.527179e-01 -5.664980e+01 3.907191e-01 8.745560e-01 2.872115e-01 -1.313436e+00 5.364166e-01 -4.698812e-01 7.010485e-01 9.945169e+01
8.889798e-01 4.576926e-01 -1.524615e-02 -5.700306e+01 -4.385586e-01 8.412870e-01 -3.160737e-01 -1.320489e+00 -1.318382e-01 2.876695e-01 9.486121e-01 1.000200e+02
7.609781e-01 -4.252968e-01 -4.899337e-01 -5.722483e+01 5.181373e-01 8.528667e-01 6.443663e-02 -1.325199e+00 3.904435e-01 -3.028878e-01 8.693750e-01 1.004063e+02
7.794070e-01 6.104448e-01 -1.410033e-01 -5.758186e+01 -6.169873e-01 7.869656e-01 -3.440626e-03 -1.335505e+00 1.088644e-01 8.967887e-02 9.900032e-01 1.010457e+02
7.734196e-01 -5.861936e-01 -2.412451e-01 -5.785769e+01 5.505053e-01 8.098131e-01 -2.028461e-01 -1.342678e+00 3.142706e-01 2.407845e-02 9.490280e-01 1.015147e+02
4.219047e-01 6.760983e-01 -6.040591e-01 -5.891211e+01 -2.812057e-01 7.309875e-01 6.217561e-01 -1.358306e+00 8.619279e-01 -9.245699e-02 4.985298e-01 1.029297e+02
9.947394e-01 -8.047226e-02 -6.338543e-02 -5.991626e+01 1.491586e-02 7.259600e-01 -6.875752e-01 -1.369304e+00 1.013460e-01 6.830127e-01 7.233413e-01 1.044018e+02
8.702701e-01 9.494880e-02 -4.833369e-01 -6.025120e+01 2.458439e-01 7.665676e-01 5.932410e-01 -1.379274e+00 4.268380e-01 -6.351054e-01 6.437783e-01 1.050360e+02
9.541525e-01 2.956720e-01 -4.659508e-02 -6.053016e+01 -2.600860e-01 7.419260e-01 -6.179814e-01 -1.387507e+00 -1.481497e-01 6.017673e-01 7.848107e-01 1.055494e+02
8.352193e-01 -2.646896e-01 -4.820251e-01 -6.078366e+01 4.873051e-01 7.624410e-01 4.256965e-01 -1.392321e+00 2.548382e-01 -5.904432e-01 7.657900e-01 1.059345e+02
8.715276e-01 4.408370e-01 2.147145e-01 -6.084581e+01 -2.673538e-01 7.942786e-01 -5.455670e-01 -1.397738e+00 -4.110493e-01 4.180720e-01 8.100952e-01 1.061746e+02
9.037466e-01 -2.917602e-01 -3.132380e-01 -6.085063e+01 4.164976e-01 7.683021e-01 4.860469e-01 -1.401442e+00 9.885227e-02 -5.697261e-01 8.158679e-01 1.062644e+02
9.099440e-01 3.798594e-01 1.664597e-01 -6.089376e+01 -2.350595e-01 8.030451e-01 -5.475999e-01 -1.403238e+00 -3.416856e-01 4.591573e-01 8.200156e-01 1.062805e+02
8.906521e-01 -2.657811e-01 -3.689163e-01 -6.095630e+01 4.266578e-01 7.689885e-01 4.760460e-01 -1.409620e+00 1.571684e-01 -5.813924e-01 7.982988e-01 1.065444e+02
8.718898e-01 3.662012e-01 3.251228e-01 -6.092047e+01 -1.179053e-01 8.013709e-01 -5.864325e-01 -1.417985e+00 -4.752962e-01 4.729708e-01 7.418841e-01 1.067917e+02
9.208224e-01 -1.560654e-01 -3.573929e-01 -6.087736e+01 3.422796e-01 7.626237e-01 5.488623e-01 -1.423895e+00 1.868979e-01 -6.277330e-01 7.556590e-01 1.069550e+02
9.347654e-01 2.843932e-01 2.129180e-01 -6.075456e+01 -1.132298e-01 8.065593e-01 -5.802078e-01 -1.425865e+00 -3.367381e-01 5.182495e-01 7.861456e-01 1.070011e+02
9.546226e-01 -1.352800e-01 -2.653206e-01 -6.059702e+01 2.695710e-01 7.711979e-01 5.767020e-01 -1.430607e+00 1.265985e-01 -6.220555e-01 7.726706e-01 1.071270e+02
9.511399e-01 2.026816e-01 2.329230e-01 -6.058291e+01 -2.596244e-02 8.042099e-01 -5.937781e-01 -1.437674e+00 -3.076669e-01 5.587188e-01 7.701782e-01 1.073680e+02
9.689538e-01 -6.672757e-02 -2.380670e-01 -6.058633e+01 2.023921e-01 7.671215e-01 6.087380e-01 -1.445402e+00 1.420067e-01 -6.380219e-01 7.568105e-01 1.076317e+02
9.602629e-01 1.393000e-01 2.418484e-01 -6.058067e+01 3.848997e-02 7.921625e-01 -6.090953e-01 -1.451346e+00 -2.764302e-01 5.942004e-01 7.553226e-01 1.078200e+02
9.574959e-01 6.250013e-03 -2.883793e-01 -6.062618e+01 1.839215e-01 7.569359e-01 6.270733e-01 -1.455573e+00 2.222038e-01 -6.534593e-01 7.236135e-01 1.079726e+02
9.545741e-01 1.108050e-01 2.766054e-01 -6.061696e+01 9.450815e-02 7.677740e-01 -6.337123e-01 -1.457508e+00 -2.825889e-01 6.310668e-01 7.224252e-01 1.080281e+02
9.806363e-01 1.000643e-01 -1.683434e-01 -6.051636e+01 4.228927e-02 7.311264e-01 6.809301e-01 -1.455278e+00 1.912171e-01 -6.748639e-01 7.127375e-01 1.078772e+02
9.287616e-01 9.865834e-03 3.705462e-01 -6.041547e+01 2.441662e-01 7.358540e-01 -6.315867e-01 -1.455200e+00 -2.788990e-01 6.770683e-01 6.810241e-01 1.077656e+02
9.566171e-01 2.447526e-01 -1.580506e-01 -6.004378e+01 -6.760420e-02 7.141459e-01 6.967247e-01 -1.444413e+00 2.833963e-01 -6.558138e-01 6.997105e-01 1.073714e+02
9.113889e-01 -1.153563e-01 3.950484e-01 -5.995075e+01 3.442491e-01 7.397219e-01 -5.781904e-01 -1.441685e+00 -2.255280e-01 6.629513e-01 7.138856e-01 1.072105e+02
9.537101e-01 2.985815e-01 -3.586323e-02 -5.994091e+01 -2.029582e-01 7.270570e-01 6.558933e-01 -1.446655e+00 2.219122e-01 -6.182533e-01 7.540012e-01 1.073284e+02
8.390870e-01 -2.495186e-01 4.833979e-01 -5.993626e+01 4.929523e-01 7.245643e-01 -4.816686e-01 -1.451024e+00 -2.300676e-01 6.424539e-01 7.309732e-01 1.073603e+02
8.816880e-01 4.602160e-01 1.040552e-01 -5.990844e+01 -4.394539e-01 7.206778e-01 5.361938e-01 -1.454862e+00 1.717747e-01 -5.184831e-01 8.376567e-01 1.073269e+02
7.889054e-01 -4.877167e-01 3.738457e-01 -5.987204e+01 6.074042e-01 7.111571e-01 -3.539997e-01 -1.459249e+00 -9.321146e-02 5.063477e-01 8.572769e-01 1.073675e+02
7.866443e-01 5.686834e-01 2.403953e-01 -5.945333e+01 -6.112769e-01 7.721015e-01 1.737810e-01 -1.446255e+00 -8.678322e-02 -2.836520e-01 9.549923e-01 1.066256e+02
7.709866e-01 -5.839952e-01 2.540261e-01 -5.886161e+01 6.132943e-01 7.883298e-01 -4.905332e-02 -1.416028e+00 -1.716094e-01 1.936122e-01 9.659526e-01 1.054091e+02
8.009451e-01 5.982985e-01 -2.293206e-02 -5.875742e+01 -5.932151e-01 7.981650e-01 1.050166e-01 -1.408596e+00 8.113482e-02 -7.050885e-02 9.942060e-01 1.050373e+02
8.106987e-01 -5.678891e-01 -1.423716e-01 -5.893565e+01 5.341183e-01 8.169855e-01 -2.173759e-01 -1.419959e+00 2.397609e-01 1.001831e-01 9.656490e-01 1.055664e+02
-2.939198e-01 6.530159e-01 -6.979838e-01 -6.230309e+01 2.415666e-01 7.572816e-01 6.067702e-01 -1.462218e+00 9.248009e-01 9.732204e-03 -3.803269e-01 1.099374e+02
7.899501e-01 6.062806e-01 9.166637e-02 -6.533345e+01 -4.179682e-01 6.418011e-01 -6.429571e-01 -1.485957e+00 -4.486440e-01 4.695904e-01 7.603969e-01 1.142872e+02
7.987131e-01 -4.158060e-01 -4.349285e-01 -6.512969e+01 5.998511e-01 6.070396e-01 5.212309e-01 -1.492025e+00 4.728791e-02 -6.772063e-01 7.342721e-01 1.144950e+02
8.206082e-01 5.675801e-01 6.674571e-02 -6.506532e+01 -3.919322e-01 6.439263e-01 -6.570754e-01 -1.497785e+00 -4.159223e-01 5.130417e-01 7.508641e-01 1.146895e+02
3.704216e-01 -3.338660e-01 -8.667879e-01 -6.559344e+01 6.248122e-01 7.800583e-01 -3.344655e-02 -1.515248e+00 6.873118e-01 -5.291904e-01 4.975540e-01 1.156716e+02
4.248892e-01 7.702889e-01 -4.755251e-01 -6.813433e+01 -5.061694e-01 6.376666e-01 5.806667e-01 -1.545457e+00 7.505076e-01 -6.022711e-03 6.608344e-01 1.189785e+02
9.281280e-01 -2.461215e-01 -2.792897e-01 -6.999410e+01 -8.800030e-02 5.839282e-01 -8.070216e-01 -1.561769e+00 3.617105e-01 7.735969e-01 5.203013e-01 1.217075e+02
8.867591e-01 -1.319809e-01 4.429890e-01 -6.980042e+01 -3.012698e-01 5.618159e-01 7.704541e-01 -1.567550e+00 -3.505635e-01 -8.166664e-01 4.584335e-01 1.218766e+02
9.014005e-01 -3.315875e-01 -2.784366e-01 -6.975773e+01 -2.661166e-02 5.994184e-01 -7.999934e-01 -1.578080e+00 4.321678e-01 7.285241e-01 5.314919e-01 1.222301e+02
9.004535e-01 -9.380768e-02 4.247158e-01 -6.981016e+01 -2.984200e-01 5.771442e-01 7.601645e-01 -1.587495e+00 -3.164315e-01 -8.112365e-01 4.916974e-01 1.226319e+02
8.576284e-01 -2.974481e-01 -4.195213e-01 -6.988039e+01 -1.776525e-01 5.941854e-01 -7.844637e-01 -1.597689e+00 4.826107e-01 7.473074e-01 4.567479e-01 1.230417e+02
9.529662e-01 -1.672293e-01 2.527644e-01 -7.001548e+01 -1.114155e-01 5.822977e-01 8.053049e-01 -1.604858e+00 -2.818547e-01 -7.955902e-01 5.362781e-01 1.233858e+02
8.054348e-01 -1.084376e-01 -5.826801e-01 -7.022622e+01 -4.278930e-01 5.738682e-01 -6.982713e-01 -1.612656e+00 4.101005e-01 8.117367e-01 4.158138e-01 1.238112e+02
8.696166e-01 -4.391110e-01 2.257177e-01 -7.038988e+01 6.647335e-02 5.571379e-01 8.277552e-01 -1.621388e+00 -4.892323e-01 -7.048255e-01 5.136855e-01 1.242591e+02
6.634152e-01 9.371275e-02 -7.423599e-01 -7.059959e+01 -6.577303e-01 5.460611e-01 -5.188527e-01 -1.631731e+00 3.567508e-01 8.324873e-01 4.239030e-01 1.247735e+02
7.488842e-01 -6.523199e-01 1.168381e-01 -7.082376e+01 3.552088e-01 5.439559e-01 7.602228e-01 -1.639811e+00 -5.594632e-01 -5.278170e-01 6.390697e-01 1.252449e+02
5.543342e-01 4.010694e-01 -7.292852e-01 -7.098707e+01 -7.985630e-01 5.032252e-01 -3.302446e-01 -1.652540e+00 2.345437e-01 7.654461e-01 5.992342e-01 1.257968e+02
5.681699e-01 -8.204035e-01 6.419569e-02 -7.113278e+01 5.930971e-01 4.623275e-01 6.591579e-01 -1.660343e+00 -5.704548e-01 -3.364394e-01 7.492595e-01 1.263757e+02
5.551848e-01 6.006487e-01 -5.753182e-01 -7.116243e+01 -8.223791e-01 4.998476e-01 -2.717445e-01 -1.667304e+00 1.243484e-01 6.239980e-01 7.714687e-01 1.266218e+02
5.334545e-01 -8.438566e-01 5.772655e-02 -7.125340e+01 6.590126e-01 4.574448e-01 5.970315e-01 -1.671605e+00 -5.302157e-01 -2.804466e-01 8.001381e-01 1.268077e+02
6.836637e-01 6.315451e-01 -3.657249e-01 -7.125431e+01 -7.203244e-01 5.034627e-01 -4.771354e-01 -1.674617e+00 -1.172036e-01 5.896407e-01 7.991165e-01 1.268493e+02
6.235580e-01 -7.776160e-01 8.055294e-02 -7.119057e+01 4.322468e-01 4.287881e-01 7.932865e-01 -1.677868e+00 -6.514124e-01 -4.598414e-01 6.034963e-01 1.268404e+02
7.788774e-01 4.080439e-01 -4.762879e-01 -7.117207e+01 -6.267878e-01 4.797058e-01 -6.140190e-01 -1.683773e+00 -2.206860e-02 7.767770e-01 6.293890e-01 1.269826e+02
7.317813e-01 -6.512789e-01 2.008281e-01 -7.117597e+01 1.611486e-01 4.516584e-01 8.775169e-01 -1.685158e+00 -6.622139e-01 -6.097872e-01 4.354678e-01 1.268529e+02
8.387646e-01 1.696921e-01 -5.173766e-01 -7.119050e+01 -5.275223e-01 4.886431e-01 -6.949448e-01 -1.684090e+00 1.348858e-01 8.558227e-01 4.993729e-01 1.267018e+02
8.248841e-01 -5.474966e-01 1.407612e-01 -7.127508e+01 1.512793e-01 4.537130e-01 8.782136e-01 -1.685295e+00 -5.446842e-01 -7.031301e-01 4.570855e-01 1.267039e+02
5.120304e-01 1.612561e-01 -8.436950e-01 -7.156452e+01 -8.208881e-01 3.810726e-01 -4.253544e-01 -1.691030e+00 2.529180e-01 9.103736e-01 3.274940e-01 1.270705e+02
5.921653e-01 -8.030019e-01 6.729259e-02 -7.186775e+01 5.011005e-01 4.323526e-01 7.496462e-01 -1.694536e+00 -6.310615e-01 -4.101941e-01 6.584089e-01 1.274565e+02
6.998392e-01 4.936531e-01 -5.162671e-01 -7.188435e+01 -7.141552e-01 4.981348e-01 -4.917764e-01 -1.698609e+00 1.440371e-02 7.128593e-01 7.011592e-01 1.275457e+02
6.560955e-01 -7.458713e-01 1.149548e-01 -7.187262e+01 3.730809e-01 4.529692e-01 8.097095e-01 -1.702561e+00 -6.560101e-01 -4.883593e-01 5.754614e-01 1.275988e+02
6.112212e-01 3.772572e-01 -6.957626e-01 -7.198375e+01 -7.715873e-01 4.797858e-01 -4.176825e-01 -1.705842e+00 1.762433e-01 7.921380e-01 5.843421e-01 1.277241e+02
5.728997e-01 -7.975857e-01 1.887934e-01 -7.208208e+01 3.623765e-01 4.530872e-01 8.144908e-01 -1.706817e+00 -7.351661e-01 -3.982073e-01 5.485998e-01 1.277667e+02
6.668152e-01 3.780251e-01 -6.422262e-01 -7.214009e+01 -7.326093e-01 4.904149e-01 -4.719924e-01 -1.709494e+00 1.365323e-01 7.852326e-01 6.039608e-01 1.277751e+02
6.596813e-01 -7.502668e-01 4.382119e-02 -7.228424e+01 4.923160e-01 4.754589e-01 7.290842e-01 -1.713367e+00 -5.678429e-01 -4.593894e-01 6.830197e-01 1.280272e+02
4.327330e-01 4.866885e-01 -7.588652e-01 -7.251072e+01 -8.657223e-01 4.591905e-01 -1.991708e-01 -1.720715e+00 2.515296e-01 7.431543e-01 6.200440e-01 1.284518e+02
3.768687e-01 -8.993640e-01 2.216176e-01 -7.251729e+01 5.093806e-01 4.010633e-01 7.613670e-01 -1.724251e+00 -7.736287e-01 -1.740477e-01 6.092668e-01 1.286116e+02
3.839747e-01 5.260011e-01 -7.588717e-01 -7.254466e+01 -8.798402e-01 4.577335e-01 -1.279110e-01 -1.729084e+00 2.800797e-01 7.168005e-01 6.385550e-01 1.288047e+02
3.161523e-01 -9.016075e-01 2.952147e-01 -7.245154e+01 4.472607e-01 4.160722e-01 7.917334e-01 -1.734649e+00 -8.366633e-01 -1.182704e-01 5.347958e-01 1.289921e+02
3.987210e-01 4.517287e-01 -7.980994e-01 -7.230985e+01 -8.692893e-01 4.634173e-01 -1.719898e-01 -1.738047e+00 2.921603e-01 7.623553e-01 5.774572e-01 1.290842e+02
3.531609e-01 -8.821925e-01 3.114704e-01 -7.196019e+01 4.648676e-01 4.543861e-01 7.598890e-01 -1.726514e+00 -8.118962e-01 -1.235706e-01 5.705741e-01 1.286781e+02
-1.096446e-01 4.144356e-01 -9.034496e-01 -7.217273e+01 -8.853125e-01 3.725042e-01 2.783207e-01 -1.721036e+00 4.518848e-01 8.303516e-01 3.260620e-01 1.286897e+02
3.973801e-01 -8.251309e-01 4.015570e-01 -7.283914e+01 8.540733e-01 4.926051e-01 1.670299e-01 -1.726675e+00 -3.356305e-01 2.765848e-01 9.004738e-01 1.294701e+02
-6.860399e-02 8.130924e-01 -5.780780e-01 -7.340391e+01 -4.491700e-01 4.922181e-01 7.456324e-01 -1.731498e+00 8.908085e-01 3.108087e-01 3.314486e-01 1.301854e+02
-2.759313e-01 -3.529341e-01 8.940355e-01 -7.315539e+01 7.410256e-01 5.142866e-01 4.317295e-01 -1.718731e+00 -6.121625e-01 7.816309e-01 1.196254e-01 1.295406e+02
-4.670994e-01 6.759461e-01 -5.700132e-01 -7.306512e+01 -1.858387e-01 5.552123e-01 8.106807e-01 -1.698639e+00 8.644548e-01 4.845989e-01 -1.337224e-01 1.289765e+02
1.075200e-02 -1.673477e-01 9.858393e-01 -7.333548e+01 8.004942e-01 5.922672e-01 9.180770e-02 -1.703214e+00 -5.992441e-01 7.881715e-01 1.403289e-01 1.293737e+02
-1.845027e-01 7.982864e-01 -5.733215e-01 -7.351748e+01 9.842329e-02 5.954111e-01 7.973697e-01 -1.706571e+00 9.778914e-01 9.068865e-02 -1.884249e-01 1.296687e+02
2.661810e-01 1.204963e-01 9.563620e-01 -7.377990e+01 7.388419e-01 6.117082e-01 -2.827113e-01 -1.712142e+00 -6.190801e-01 7.818527e-01 7.379738e-02 1.300868e+02
2.321311e-01 7.200992e-01 -6.538902e-01 -7.384595e+01 1.904675e-01 6.255873e-01 7.565465e-01 -1.712711e+00 9.538539e-01 -3.001629e-01 8.062773e-03 1.301274e+02
4.277996e-01 2.122662e-01 8.785958e-01 -7.392857e+01 6.156938e-01 6.432146e-01 -4.551880e-01 -1.712926e+00 -6.617467e-01 7.356752e-01 1.444760e-01 1.302191e+02
2.795626e-01 6.217556e-01 -7.316179e-01 -7.407749e+01 3.672736e-01 6.347949e-01 6.798129e-01 -1.720332e+00 8.871048e-01 -4.587542e-01 -5.088950e-02 1.306003e+02
6.345952e-01 3.935157e-01 6.651574e-01 -7.434944e+01 3.296452e-01 6.406203e-01 -6.934981e-01 -1.729101e+00 -6.990157e-01 6.593565e-01 2.768140e-01 1.311283e+02
2.773319e-01 3.170687e-01 -9.069479e-01 -7.460404e+01 6.180207e-01 6.638863e-01 4.210764e-01 -1.734889e+00 7.356204e-01 -6.772905e-01 -1.183816e-02 1.315622e+02
3.405632e-01 5.915168e-01 7.308383e-01 -7.463683e+01 2.991387e-01 6.687464e-01 -6.806573e-01 -1.738330e+00 -8.913657e-01 4.504288e-01 5.080480e-02 1.317102e+02
