1.000000e+00 1.197625e-11 1.704638e-10 5.551115e-17 1.197625e-11 1.000000e+00 3.562503e-10 0.000000e+00 1.704638e-10 3.562503e-10 1.000000e+00 2.220446e-16 0.000000e+00 0.000000e+00 0.000000e+00 1.000000e+00
9.644785e-01 -6.965476e-03 -2.640695e-01 -1.391566e-01 1.048558e-02 9.998739e-01 1.192305e-02 -3.661773e-03 2.639531e-01 -1.426845e-02 9.644300e-01 2.396649e-01
9.992025e-01 1.285657e-02 -3.780202e-02 -3.000707e-01 -1.319557e-02 9.998748e-01 -8.731815e-03 -7.250341e-03 3.768503e-02 9.223671e-03 9.992471e-01 4.956772e-01
9.634187e-01 -8.378167e-03 -2.678698e-01 -4.585729e-01 1.046534e-02 9.999250e-01 6.364906e-03 -1.186312e-02 2.677964e-01 -8.935419e-03 9.634341e-01 7.717874e-01
9.957133e-01 -1.444043e-02 9.135880e-02 -5.513340e-01 1.317085e-02 9.998083e-01 1.448441e-02 -1.605923e-02 -9.155045e-02 -1.321904e-02 9.957127e-01 9.783814e-01
9.803394e-01 -1.400994e-02 -1.968205e-01 -6.080561e-01 1.724894e-02 9.997424e-01 1.475194e-02 -1.936413e-02 1.965631e-01 -1.785685e-02 9.803286e-01 1.118419e+00
9.996570e-01 -6.016816e-03 2.548924e-02 -6.869598e-01 5.660406e-03 9.998855e-01 1.403192e-02 -2.368872e-02 -2.557075e-02 -1.388283e-02 9.995766e-01 1.317574e+00
9.884557e-01 -2.388174e-02 -1.496161e-01 -7.434787e-01 2.698225e-02 9.994605e-01 1.872727e-02 -2.660370e-02 1.490881e-01 -2.254806e-02 9.885668e-01 1.462088e+00
9.988818e-01 1.036024e-02 -4.612908e-02 -8.367971e-01 -1.000123e-02 9.999179e-01 8.006835e-03 -3.065070e-02 4.620824e-02 -7.536533e-03 9.989034e-01 1.660015e+00
9.886334e-01 -2.681291e-02 -1.479362e-01 -9.342593e-01 2.914198e-02 9.994828e-01 1.359841e-02 -3.458051e-02 1.474951e-01 -1.775500e-02 9.889034e-01 1.866023e+00
9.990323e-01 -1.049514e-02 4.271106e-02 -9.993553e-01 9.803272e-03 9.998178e-01 1.637618e-02 -3.850130e-02 -4.287515e-02 -1.594163e-02 9.989532e-01 2.034479e+00
9.880050e-01 -1.951111e-02 -1.531843e-01 -1.080130e+00 1.963649e-02 9.998069e-01 -6.945729e-04 -4.059910e-02 1.531683e-01 -2.321761e-03 9.881974e-01 2.152367e+00
9.947436e-01 -2.241469e-02 9.991332e-02 -1.126186e+00 2.023946e-02 9.995367e-01 2.273197e-02 -4.255119e-02 -1.003766e-01 -2.059029e-02 9.947364e-01 2.228566e+00
9.673758e-01 -9.618785e-04 -2.533439e-01 -1.207433e+00 3.097182e-03 9.999630e-01 8.029783e-03 -4.636657e-02 2.533268e-01 -8.552470e-03 9.673429e-01 2.416396e+00
9.924387e-01 -3.351076e-02 1.180782e-01 -1.277884e+00 3.104268e-02 9.992607e-01 2.268016e-02 -5.019710e-02 -1.187510e-01 -1.884320e-02 9.927453e-01 2.589787e+00
9.476691e-01 1.733458e-02 -3.187834e-01 -1.383824e+00 -1.419037e-02 9.998251e-01 1.218311e-02 -5.429542e-02 3.189388e-01 -7.021904e-03 9.477493e-01 2.805030e+00
9.884086e-01 -4.324007e-02 1.455290e-01 -1.475714e+00 4.198661e-02 9.990500e-01 1.167506e-02 -5.820516e-02 -1.458956e-01 -5.429459e-03 9.892851e-01 2.998829e+00
9.634051e-01 1.969710e-02 -2.673251e-01 -1.551618e+00 -1.542502e-02 9.997177e-01 1.807163e-02 -6.134849e-02 2.676056e-01 -1.328680e-02 9.634369e-01 3.165885e+00
9.657719e-01 -7.480477e-02 2.483723e-01 -1.564600e+00 6.805749e-02 9.970441e-01 3.565468e-02 -6.610778e-02 -2.503053e-01 -1.753069e-02 9.680082e-01 3.337549e+00
9.674552e-01 3.006004e-02 -2.512506e-01 -1.590597e+00 -2.491703e-02 9.994103e-01 2.362663e-02 -7.000817e-02 2.518126e-01 -1.659729e-02 9.676337e-01 3.466924e+00
9.681210e-01 -7.898840e-02 2.377028e-01 -1.613506e+00 7.501532e-02 9.968504e-01 2.572841e-02 -7.495661e-02 -2.389864e-01 -7.076857e-03 9.709971e-01 3.643782e+00
9.734929e-01 3.908410e-02 -2.253530e-01 -1.622843e+00 -3.095483e-02 9.987401e-01 3.949606e-02 -8.120176e-02 2.266128e-01 -3.147337e-02 9.734763e-01 3.864239e+00
9.656519e-01 -8.890492e-02 2.441563e-01 -1.626656e+00 8.643042e-02 9.960396e-01 2.085192e-02 -8.803493e-02 -2.450432e-01 9.668387e-04 9.695117e-01 4.104010e+00
9.646731e-01 5.237446e-02 -2.581911e-01 -1.655881e+00 -4.113996e-02 9.979645e-01 4.872838e-02 -9.379219e-02 2.602177e-01 -3.638498e-02 9.648642e-01 4.318758e+00
9.632230e-01 -9.908279e-02 2.497680e-01 -1.679703e+00 1.005593e-01 9.949073e-01 6.875043e-03 -9.894251e-02 -2.491772e-01 1.849429e-02 9.682813e-01 4.513103e+00
9.694379e-01 6.066392e-02 -2.377186e-01 -1.705896e+00 -4.863454e-02 9.972371e-01 5.615102e-02 -1.044192e-01 2.404681e-01 -4.287359e-02 9.697097e-01 4.707389e+00
9.694107e-01 -1.031922e-01 2.226976e-01 -1.762055e+00 1.091582e-01 9.939169e-01 -1.461479e-02 -1.071250e-01 -2.198348e-01 3.847701e-02 9.747780e-01 4.817714e+00
9.817354e-01 6.568093e-02 -1.785545e-01 -1.795495e+00 -5.320948e-02 9.958552e-01 7.376498e-02 -1.102935e-01 1.826593e-01 -6.291689e-02 9.811611e-01 4.914873e+00
9.772593e-01 -1.123954e-01 1.798100e-01 -1.817637e+00 1.164860e-01 9.931159e-01 -1.232105e-02 -1.169600e-01 -1.771873e-01 3.298621e-02 9.836242e-01 5.146981e+00
9.803035e-01 8.116709e-02 -1.800471e-01 -1.861467e+00 -6.689573e-02 9.942197e-01 8.397692e-02 -1.252713e-01 1.858225e-01 -7.027848e-02 9.800668e-01 5.473867e+00
9.683855e-01 -1.121646e-01 2.228196e-01 -1.915457e+00 1.257384e-01 9.909184e-01 -4.764964e-02 -1.295210e-01 -2.154515e-01 7.416021e-02 9.736945e-01 5.648164e+00
9.762667e-01 8.673712e-02 -1.984437e-01 -1.970921e+00 -6.504017e-02 9.914223e-01 1.133649e-01 -1.318583e-01 2.065745e-01 -9.776758e-02 9.735340e-01 5.717580e+00
9.792935e-01 -1.106308e-01 1.695438e-01 -2.046298e+00 1.254136e-01 9.889472e-01 -7.908718e-02 -1.337321e-01 -1.589204e-01 9.871266e-02 9.823442e-01 5.801810e+00
9.773115e-01 9.686327e-02 -1.883607e-01 -2.122582e+00 -7.400878e-02 9.894171e-01 1.248060e-01 -1.354071e-01 1.984564e-01 -1.080340e-01 9.741374e-01 5.860492e+00
9.843587e-01 -1.184734e-01 1.303921e-01 -2.192028e+00 1.310311e-01 9.870686e-01 -9.233863e-02 -1.373396e-01 -1.177662e-01 1.079797e-01 9.871532e-01 5.949368e+00
9.814265e-01 9.154497e-02 -1.685867e-01 -2.251123e+00 -6.642044e-02 9.865936e-01 1.490681e-01 -1.394892e-01 1.799730e-01 -1.351018e-01 9.743496e-01 6.033250e+00
9.848255e-01 -1.115810e-01 1.329224e-01 -2.302041e+00 1.270408e-01 9.853088e-01 -1.141369e-01 -1.414991e-01 -1.182341e-01 1.292915e-01 9.845326e-01 6.126104e+00
9.415811e-01 1.110886e-01 -3.179375e-01 -2.418179e+00 -6.821599e-02 9.873736e-01 1.429687e-01 -1.424800e-01 3.298053e-01 -1.129282e-01 9.372703e-01 6.236522e+00
9.820840e-01 -6.024076e-02 1.785554e-01 -2.541502e+00 8.614395e-02 9.862449e-01 -1.410680e-01 -1.428214e-01 -1.676013e-01 1.539221e-01 9.737648e-01 6.301687e+00
9.768561e-01 8.660813e-02 -1.955790e-01 -2.578343e+00 -5.404398e-02 9.846286e-01 1.660897e-01 -1.423470e-01 2.069574e-01 -1.516758e-01 9.665211e-01 6.255828e+00
9.773606e-01 -3.383157e-02 -2.088580e-01 -2.781643e+00 -9.157969e-03 9.794438e-01 -2.015090e-01 -1.443568e-01 2.113820e-01 1.988597e-01 9.569600e-01 6.513545e+00
9.827095e-01 1.155896e-02 -1.847931e-01 -2.970846e+00 2.349424e-02 9.821974e-01 1.863770e-01 -1.457396e-01 1.836576e-01 -1.874960e-01 9.649431e-01 6.732260e+00
9.505654e-01 7.489829e-02 -3.013564e-01 -3.198459e+00 -1.316492e-01 9.761455e-01 -1.726510e-01 -1.480581e-01 2.812365e-01 2.037894e-01 9.377505e-01 7.029272e+00
9.820955e-01 -1.013205e-01 -1.588163e-01 -3.418281e+00 1.231440e-01 9.832728e-01 1.342022e-01 -1.500508e-01 1.425623e-01 -1.513567e-01 9.781447e-01 7.298153e+00
9.289328e-01 1.582657e-01 -3.347176e-01 -3.657752e+00 -2.034272e-01 9.735241e-01 -1.042511e-01 -1.521192e-01 3.093563e-01 1.649329e-01 9.365339e-01 7.578106e+00
9.795834e-01 -1.740869e-01 -1.005490e-01 -3.885149e+00 1.805560e-01 9.817802e-01 5.922082e-02 -1.541880e-01 8.840747e-02 -7.616645e-02 9.931681e-01 7.849336e+00
9.597153e-01 2.004114e-01 -1.969308e-01 -4.043367e+00 -2.141392e-01 9.754782e-01 -5.085886e-02 -1.550299e-01 1.819091e-01 9.098064e-02 9.790973e-01 7.985485e+00
9.755094e-01 -2.188224e-01 -2.231976e-02 -4.179269e+00 2.191179e-01 9.756275e-01 1.175923e-02 -1.562241e-01 1.920259e-02 -1.636190e-02 9.996817e-01 8.126627e+00
9.742953e-01 2.170773e-01 -6.021738e-02 -4.232257e+00 -2.170581e-01 9.761340e-01 6.939471e-03 -1.563767e-01 6.028664e-02 6.309576e-03 9.981612e-01 8.126958e+00
9.743712e-01 -2.236395e-01 -2.420879e-02 -4.266798e+00 2.237769e-01 9.746355e-01 3.089607e-03 -1.557474e-01 2.290379e-02 -8.427792e-03 9.997021e-01 8.111212e+00
9.651879e-01 2.215964e-01 -1.389508e-01 -4.362210e+00 -2.198329e-01 9.751325e-01 2.810939e-02 -1.571873e-01 1.417244e-01 3.415108e-03 9.899003e-01 8.215230e+00
9.499028e-01 -2.050764e-01 -2.358565e-01 -4.563022e+00 1.887346e-01 9.778821e-01 -9.014398e-02 -1.605641e-01 2.491263e-01 4.111374e-02 9.675979e-01 8.500978e+00
9.815723e-01 1.806853e-01 6.219835e-02 -4.680088e+00 -1.853968e-01 9.793309e-01 8.086451e-02 -1.617591e-01 -4.630174e-02 -9.090574e-02 9.947825e-01 8.626477e+00
9.487648e-01 -1.809501e-01 -2.590412e-01 -4.794370e+00 1.522963e-01 9.801573e-01 -1.268760e-01 -1.635216e-01 2.768593e-01 8.092443e-02 9.574968e-01 8.740847e+00
9.802185e-01 1.298012e-01 1.494099e-01 -4.856803e+00 -1.471226e-01 9.828282e-01 1.113716e-01 -1.652063e-01 -1.323881e-01 -1.311501e-01 9.824831e-01 8.865066e+00
9.415752e-01 -1.607139e-01 -2.959850e-01 -4.928080e+00 1.317019e-01 9.845245e-01 -1.156121e-01 -1.678309e-01 3.099849e-01 6.987573e-02 9.481702e-01 8.992688e+00
9.903064e-01 1.364971e-01 2.572313e-02 -5.072245e+00 -1.386663e-01 9.822739e-01 1.261334e-01 -1.705251e-01 -8.050307e-03 -1.284777e-01 9.916797e-01 9.189393e+00
9.421078e-01 -1.501314e-01 -2.998224e-01 -5.224227e+00 1.042837e-01 9.810090e-01 -1.635429e-01 -1.730765e-01 3.186814e-01 1.228084e-01 9.398725e-01 9.409290e+00
9.920159e-01 9.127743e-02 8.702232e-02 -5.324801e+00 -1.052459e-01 9.793712e-01 1.724975e-01 -1.752809e-01 -6.948202e-02 -1.802790e-01 9.811584e-01 9.558734e+00
9.714120e-01 -1.312752e-01 -1.978019e-01 -5.365180e+00 9.809523e-02 9.807027e-01 -1.691138e-01 -1.766875e-01 2.161853e-01 1.448758e-01 9.655438e-01 9.655551e+00
9.710136e-01 6.131964e-02 2.310248e-01 -5.341802e+00 -1.034317e-01 9.791489e-01 1.748409e-01 -1.749127e-01 -2.154864e-01 -1.936682e-01 9.571093e-01 9.536810e+00
9.627387e-01 -9.027511e-02 -2.549206e-01 -5.361274e+00 4.679275e-02 9.840277e-01 -1.717555e-01 -1.735466e-01 2.663542e-01 1.534272e-01 9.515858e-01 9.455109e+00
9.845415e-01 1.716086e-02 1.743090e-01 -5.411617e+00 -5.033091e-02 9.809345e-01 1.877080e-01 -1.754554e-01 -1.677645e-01 -1.935795e-01 9.666344e-01 9.540138e+00
9.657856e-01 -7.208479e-02 -2.491224e-01 -5.426283e+00 3.289039e-02 9.868829e-01 -1.580516e-01 -1.764681e-01 2.572477e-01 1.444502e-01 9.554882e-01 9.580076e+00
9.792252e-01 1.377939e-02 2.023070e-01 -5.464320e+00 -4.853373e-02 9.846164e-01 1.678540e-01 -1.770459e-01 -1.968819e-01 -1.741856e-01 9.648300e-01 9.600545e+00
9.812349e-01 -5.248124e-02 -1.855364e-01 -5.408220e+00 3.096308e-02 9.926457e-01 -1.170294e-01 -1.742473e-01 1.903138e-01 1.090886e-01 9.756436e-01 9.453888e+00
9.818057e-01 -4.436060e-03 1.898365e-01 -5.412624e+00 -2.541297e-02 9.876641e-01 1.545116e-01 -1.749496e-01 -1.881801e-01 -1.565247e-01 9.695815e-01 9.444896e+00
9.532618e-01 -4.912419e-02 -2.981253e-01 -5.465627e+00 1.346357e-02 9.926207e-01 -1.205110e-01 -1.769603e-01 3.018453e-01 1.108647e-01 9.468888e-01 9.523821e+00
9.733373e-01 -1.079738e-02 2.291244e-01 -5.501744e+00 -1.940199e-02 9.914363e-01 1.291421e-01 -1.786603e-01 -2.285566e-01 -1.301443e-01 9.647924e-01 9.605629e+00
9.887115e-01 -4.070100e-02 -1.441976e-01 -5.391193e+00 2.492037e-02 9.936633e-01 -1.095999e-01 -1.721885e-01 1.477447e-01 1.047692e-01 9.834607e-01 9.264364e+00
9.908898e-01 3.229803e-02 1.307450e-01 -5.396257e+00 -4.891353e-02 9.908313e-01 1.259399e-01 -1.680402e-01 -1.254787e-01 -1.311878e-01 9.833844e-01 9.073233e+00
9.523424e-01 -4.563089e-02 -3.015987e-01 -5.519868e+00 6.650743e-03 9.916187e-01 -1.290279e-01 -1.697710e-01 3.049585e-01 1.208729e-01 9.446640e-01 9.182526e+00
9.446500e-01 -2.663259e-02 3.269971e-01 -5.562410e+00 -2.055106e-02 9.899388e-01 1.399957e-01 -1.701708e-01 -3.274356e-01 -1.389671e-01 9.345984e-01 9.170612e+00
9.481321e-01 -3.376656e-02 -3.160779e-01 -5.550951e+00 -1.321044e-03 9.939149e-01 -1.101425e-01 -1.677303e-01 3.178737e-01 1.048472e-01 9.423181e-01 9.026667e+00
9.594892e-01 -2.741243e-02 2.804087e-01 -5.579856e+00 -1.030479e-02 9.911753e-01 1.321566e-01 -1.676367e-01 -2.815569e-01 -1.296924e-01 9.507395e-01 8.997374e+00
9.608519e-01 -3.300173e-02 -2.750900e-01 -5.574458e+00 8.644109e-03 9.959681e-01 -8.929061e-02 -1.695203e-01 2.769277e-01 8.341715e-02 9.572631e-01 9.070899e+00
9.596374e-01 -2.197748e-02 2.803802e-01 -5.583040e+00 -1.051255e-02 9.934422e-01 1.138511e-01 -1.728990e-01 -2.810437e-01 -1.122033e-01 9.531133e-01 9.165526e+00
9.215975e-01 -2.201833e-02 -3.875218e-01 -5.693880e+00 -2.664787e-02 9.924449e-01 -1.197625e-01 -1.737742e-01 3.872310e-01 1.206995e-01 9.140480e-01 9.242883e+00
9.409343e-01 -4.442139e-02 3.356627e-01 -5.765292e+00 -8.454143e-04 9.910452e-01 1.335241e-01 -1.746584e-01 -3.385883e-01 -1.259212e-01 9.324708e-01 9.267612e+00
8.673316e-01 -2.036108e-02 -4.973141e-01 -5.904779e+00 -5.444251e-02 9.892869e-01 -1.354530e-01 -1.760787e-01 4.947442e-01 1.445577e-01 8.569313e-01 9.419922e+00
9.143549e-01 -7.108811e-02 3.986247e-01 -5.995669e+00 5.661657e-03 9.866164e-01 1.629601e-01 -1.774600e-01 -4.048742e-01 -1.467465e-01 9.025200e-01 9.482476e+00
8.140936e-01 -1.959218e-03 -5.807304e-01 -6.129357e+00 -8.977055e-02 9.875499e-01 -1.291760e-01 -1.790472e-01 5.737534e-01 1.572939e-01 8.037821e-01 9.623362e+00
8.367722e-01 -1.181054e-01 5.346619e-01 -6.204304e+00 2.860488e-02 9.845559e-01 1.727177e-01 -1.802676e-01 -5.468035e-01 -1.292314e-01 8.272274e-01 9.677735e+00
6.236510e-01 1.752178e-02 -7.815065e-01 -6.395330e+00 -1.548785e-01 9.826992e-01 -1.015622e-01 -1.821674e-01 7.662063e-01 1.843779e-01 6.155751e-01 9.890010e+00
7.431025e-01 -1.403796e-01 6.542875e-01 -6.525634e+00 3.533205e-02 9.846157e-01 1.711245e-01 -1.833425e-01 -6.682442e-01 -1.040457e-01 7.366303e-01 9.978938e+00
5.913572e-01 9.385548e-03 -8.063552e-01 -6.694262e+00 -1.428995e-01 9.853270e-01 -9.332959e-02 -1.844549e-01 7.936476e-01 1.704189e-01 5.840214e-01 1.014972e+01
6.197481e-01 -1.592561e-01 7.684723e-01 -6.779374e+00 3.040599e-02 9.833315e-01 1.792615e-01 -1.851233e-01 -7.842115e-01 -8.773079e-02 6.142602e-01 1.017538e+01
5.453026e-01 3.244641e-02 -8.376110e-01 -6.874802e+00 -1.533701e-01 9.862443e-01 -6.164320e-02 -1.864898e-01 8.240890e-01 1.620787e-01 5.427779e-01 1.024428e+01
6.352991e-01 -1.696591e-01 7.533996e-01 -6.985587e+00 7.572514e-02 9.845539e-01 1.578584e-01 -1.880666e-01 -7.685446e-01 -4.323599e-02 6.383336e-01 1.036985e+01
5.197337e-01 8.996822e-02 -8.495779e-01 -7.107417e+00 -1.757664e-01 9.844264e-01 -3.277674e-03 -1.906965e-01 8.360520e-01 1.510308e-01 5.274530e-01 1.047918e+01
7.827199e-01 -1.500046e-01 6.040266e-01 -7.319722e+00 1.220652e-01 9.886708e-01 8.735098e-02 -1.940907e-01 -6.102865e-01 5.359262e-03 7.921626e-01 1.075785e+01
4.647389e-01 1.078160e-01 -8.788592e-01 -7.563157e+00 -1.545181e-01 9.872041e-01 3.939859e-02 -1.971727e-01 8.718611e-01 1.174896e-01 4.754517e-01 1.105963e+01
7.732653e-01 -9.894644e-02 6.263149e-01 -7.787119e+00 1.029441e-01 9.942354e-01 2.997368e-02 -2.010697e-01 -6.256702e-01 4.129780e-02 7.789937e-01 1.135929e+01
9.181957e-01 -6.404372e-02 -3.909157e-01 -7.794600e+00 4.060498e-02 9.968627e-01 -6.794172e-02 -1.978456e-01 3.940405e-01 4.651067e-02 9.179155e-01 1.111890e+01
7.488232e-01 7.907491e-02 6.580357e-01 -7.503589e+00 -1.302443e-01 9.910542e-01 2.912064e-02 -1.764071e-01 -6.498463e-01 -1.075116e-01 7.524234e-01 1.009520e+01
6.677779e-01 -1.052758e-01 -7.368783e-01 -7.594214e+00 -5.779597e-03 9.891849e-01 -1.465598e-01 -1.715756e-01 7.443382e-01 1.021283e-01 6.599474e-01 9.915417e+00
8.990991e-01 2.829996e-02 4.368293e-01 -7.808592e+00 -8.704721e-02 9.895376e-01 1.150568e-01 -1.760168e-01 -4.290029e-01 -1.414723e-01 8.921559e-01 1.022241e+01
8.314524e-01 -1.114833e-01 -5.442963e-01 -7.925702e+00 3.174848e-02 9.875946e-01 -1.537819e-01 -1.775700e-01 5.546882e-01 1.105818e-01 8.246773e-01 1.035002e+01
8.141972e-01 -1.027918e-02 5.804974e-01 -7.968877e+00 -8.151966e-02 9.879144e-01 1.318318e-01 -1.781861e-01 -5.748369e-01 -1.546591e-01 8.035192e-01 1.034349e+01
7.615458e-01 -9.761362e-02 -6.407181e-01 -8.060378e+00 -1.549137e-03 9.883159e-01 -1.524116e-01 -1.793485e-01 6.481093e-01 1.170609e-01 7.524966e-01 1.042392e+01
8.447088e-01 -9.741448e-03 5.351376e-01 -8.178857e+00 -8.979006e-02 9.830852e-01 1.596284e-01 -1.832499e-01 -5.276408e-01 -1.828895e-01 8.295460e-01 1.057609e+01
7.615981e-01 -1.099871e-01 -6.386480e-01 -8.295245e+00 8.646525e-03 9.871292e-01 -1.596909e-01 -1.877974e-01 6.479920e-01 1.160982e-01 7.527467e-01 1.081903e+01
7.123343e-01 -3.769801e-02 7.008271e-01 -8.232833e+00 -8.523613e-02 9.865183e-01 1.397012e-01 -1.871793e-01 -6.966452e-01 -1.592498e-01 6.995176e-01 1.073871e+01
7.511991e-01 -7.142687e-02 -6.561997e-01 -8.164588e+00 6.142449e-03 9.948414e-01 -1.012561e-01 -1.858105e-01 6.600471e-01 7.203281e-02 7.477628e-01 1.064474e+01
6.731246e-01 -6.484832e-02 7.366804e-01 -8.128027e+00 -3.326288e-02 9.924849e-01 1.177594e-01 -1.903175e-01 -7.387806e-01 -1.037709e-01 6.659090e-01 1.073536e+01
7.326143e-01 -4.049363e-02 -6.794384e-01 -8.079602e+00 -3.952037e-03 9.979588e-01 -6.373837e-02 -1.959323e-01 6.806326e-01 4.938081e-02 7.309588e-01 1.090236e+01
6.753783e-01 -8.347068e-02 7.327324e-01 -8.038425e+00 4.915008e-03 9.940613e-01 1.087102e-01 -2.023924e-01 -7.374550e-01 -6.981913e-02 6.717778e-01 1.108472e+01
7.473591e-01 3.733035e-03 -6.644099e-01 -7.988687e+00 -2.516383e-02 9.994258e-01 -2.269010e-02 -2.108706e-01 6.639437e-01 3.367675e-02 7.470239e-01 1.136888e+01
6.966350e-01 -9.075436e-02 7.116623e-01 -7.896710e+00 4.761075e-02 9.956281e-01 8.036152e-02 -2.168331e-01 -7.158441e-01 -2.209988e-02 6.979103e-01 1.155027e+01
7.554031e-01 3.655921e-02 -6.542397e-01 -7.857203e+00 -4.167029e-02 9.991016e-01 7.716594e-03 -2.219275e-01 6.539341e-01 2.143322e-02 7.562479e-01 1.169030e+01
6.861479e-01 -1.093296e-01 7.191996e-01 -7.832760e+00 8.653150e-02 9.938892e-01 6.853192e-02 -2.262570e-01 -7.222973e-01 1.521039e-02 6.914154e-01 1.180814e+01
7.606690e-01 7.881861e-02 -6.443371e-01 -7.805753e+00 -5.555015e-02 9.968638e-01 5.636202e-02 -2.319321e-01 6.467587e-01 -7.079819e-03 7.626618e-01 1.196344e+01
6.914019e-01 -1.294241e-01 7.107832e-01 -7.798828e+00 1.362964e-01 9.895239e-01 4.759914e-02 -2.381674e-01 -7.094975e-01 6.396704e-02 7.017988e-01 1.215285e+01
7.339394e-01 1.340959e-01 -6.658463e-01 -7.800467e+00 -7.860249e-02 9.904995e-01 1.128376e-01 -2.453919e-01 6.746515e-01 -3.047880e-02 7.375069e-01 1.239569e+01
6.209138e-01 -1.440612e-01 7.705274e-01 -7.775511e+00 1.936417e-01 9.806921e-01 2.731224e-02 -2.531946e-01 -7.595847e-01 1.322477e-01 6.368215e-01 1.264404e+01
8.180921e-01 1.772509e-01 -5.470900e-01 -7.650867e+00 -1.308464e-01 9.837358e-01 1.230577e-01 -2.628004e-01 5.600041e-01 -2.908775e-02 8.279791e-01 1.287766e+01
6.848397e-01 -2.046572e-01 6.993640e-01 -7.593582e+00 2.352689e-01 9.704510e-01 5.360349e-02 -2.709389e-01 -6.896689e-01 1.278288e-01 7.127528e-01 1.309886e+01
7.290673e-01 2.203428e-01 -6.480045e-01 -7.654736e+00 -1.557223e-01 9.753339e-01 1.564430e-01 -2.794483e-01 6.664918e-01 -1.314872e-02 7.453964e-01 1.344043e+01
5.629787e-01 -2.304603e-01 7.936895e-01 -7.609652e+00 2.771506e-01 9.573722e-01 8.140005e-02 -2.888276e-01 -7.786157e-01 1.741450e-01 6.028524e-01 1.371750e+01
6.980172e-01 2.687059e-01 -6.637538e-01 -7.572037e+00 -1.983866e-01 9.632086e-01 1.813060e-01 -2.973568e-01 6.880514e-01 5.125135e-03 7.256439e-01 1.397785e+01
6.353970e-01 -2.670423e-01 7.245406e-01 -7.497097e+00 3.157044e-01 9.461332e-01 7.185242e-02 -3.036255e-01 -7.046995e-01 1.830858e-01 6.854766e-01 1.417373e+01
7.300072e-01 3.118176e-01 -6.081605e-01 -7.353895e+00 -2.503399e-01 9.500067e-01 1.865936e-01 -3.102277e-01 6.359398e-01 1.603212e-02 7.715722e-01 1.435496e+01
6.422285e-01 -3.124907e-01 6.999229e-01 -7.283082e+00 3.549020e-01 9.305786e-01 8.982270e-02 -3.177815e-01 -6.794020e-01 1.907174e-01 7.085476e-01 1.457880e+01
7.319204e-01 3.387915e-01 -5.911961e-01 -7.250271e+00 -2.740086e-01 9.407303e-01 1.998643e-01 -3.248014e-01 6.238685e-01 1.570806e-02 7.813715e-01 1.480441e+01
6.370318e-01 -3.463910e-01 6.886246e-01 -7.213992e+00 3.902313e-01 9.153318e-01 9.943441e-02 -3.318591e-01 -6.647632e-01 2.053800e-01 7.182681e-01 1.502219e+01
7.265900e-01 3.766159e-01 -5.746542e-01 -7.199446e+00 -3.113900e-01 9.260577e-01 2.131981e-01 -3.401277e-01 6.124567e-01 2.403392e-02 7.901387e-01 1.529248e+01
6.748925e-01 -3.806262e-01 6.321739e-01 -7.208228e+00 4.264309e-01 9.003418e-01 8.684102e-02 -3.468095e-01 -6.022265e-01 2.109701e-01 7.699447e-01 1.553488e+01
7.012080e-01 4.197980e-01 -5.762612e-01 -7.227388e+00 -3.365811e-01 9.074468e-01 2.515023e-01 -3.526222e-01 6.285066e-01 1.760324e-02 7.776050e-01 1.574366e+01
6.701531e-01 -4.025062e-01 6.236053e-01 -7.242494e+00 4.632032e-01 8.832944e-01 7.234447e-02 -3.594870e-01 -5.799462e-01 2.403741e-01 7.783846e-01 1.599485e+01
7.229180e-01 4.706708e-01 -5.058247e-01 -6.795192e+00 -3.560871e-01 8.811747e-01 3.110196e-01 -3.543273e-01 5.921077e-01 -4.472397e-02 8.046168e-01 1.580868e+01
7.699012e-01 -4.573071e-01 4.451094e-01 -6.027702e+00 5.275050e-01 8.485820e-01 -4.058354e-02 -3.374931e-01 -3.591527e-01 2.660427e-01 8.945561e-01 1.537889e+01
8.624095e-01 4.899797e-01 -1.271603e-01 -5.916265e+00 -4.695095e-01 8.681404e-01 1.609130e-01 -3.466765e-01 1.892372e-01 -7.906995e-02 9.787427e-01 1.561542e+01
7.780958e-01 -5.338732e-01 3.309779e-01 -5.884531e+00 5.483230e-01 8.343388e-01 5.675087e-02 -3.551454e-01 -3.064455e-01 1.373252e-01 9.419304e-01 1.586497e+01
8.554357e-01 5.031494e-01 -1.227614e-01 -5.847820e+00 -4.988622e-01 8.641849e-01 6.573386e-02 -3.641246e-01 1.391625e-01 5.009914e-03 9.902569e-01 1.613207e+01
7.507841e-01 -5.672298e-01 3.384872e-01 -5.758861e+00 5.392676e-01 8.222723e-01 1.818205e-01 -3.732618e-01 -3.814627e-01 4.602725e-02 9.232376e-01 1.635132e+01
8.495350e-01 4.935964e-01 -1.861527e-01 -5.619509e+00 -5.089114e-01 8.597545e-01 -4.279450e-02 -3.807126e-01 1.389224e-01 1.310906e-01 9.815884e-01 1.657162e+01
7.786849e-01 -5.753252e-01 2.503013e-01 -5.591199e+00 5.185786e-01 8.147330e-01 2.593961e-01 -3.890732e-01 -3.531659e-01 -7.218687e-02 9.327716e-01 1.683342e+01
8.717232e-01 4.723298e-01 -1.303962e-01 -5.545678e+00 -4.892307e-01 8.538654e-01 -1.776717e-01 -3.979819e-01 2.742112e-02 2.186744e-01 9.754125e-01 1.708161e+01
8.076648e-01 -5.483759e-01 2.167060e-01 -5.506477e+00 4.555319e-01 8.136548e-01 3.611877e-01 -4.064638e-01 -3.743905e-01 -1.930021e-01 9.069630e-01 1.731178e+01
9.033819e-01 4.077156e-01 -1.329255e-01 -5.484702e+00 -4.287973e-01 8.545895e-01 -2.929329e-01 -4.151140e-01 -5.836604e-03 3.216284e-01 9.468480e-01 1.753642e+01
8.626996e-01 -4.928082e-01 1.135323e-01 -5.469880e+00 4.049651e-01 8.076607e-01 4.285877e-01 -4.232886e-01 -3.029071e-01 -3.237659e-01 8.963386e-01 1.778000e+01
9.092400e-01 3.609175e-01 -2.074153e-01 -5.460821e+00 -4.112508e-01 8.559818e-01 -3.133176e-01 -4.308111e-01 6.446190e-02 3.701807e-01 9.267205e-01 1.803746e+01
8.694865e-01 -4.759647e-01 1.321015e-01 -5.453401e+00 3.754948e-01 8.106459e-01 4.492848e-01 -4.383615e-01 -3.209313e-01 -3.410437e-01 8.835680e-01 1.828705e+01
9.168448e-01 3.331319e-01 -2.200426e-01 -5.442703e+00 -3.922515e-01 8.543218e-01 -3.409884e-01 -4.467763e-01 7.439306e-02 3.989455e-01 9.139520e-01 1.856580e+01
8.901933e-01 -4.475820e-01 8.500704e-02 -5.461665e+00 3.652768e-01 8.127134e-01 4.539492e-01 -4.545699e-01 -2.722658e-01 -3.730514e-01 8.869633e-01 1.885641e+01
9.293357e-01 3.213824e-01 -1.817926e-01 -5.453987e+00 -3.671352e-01 8.567352e-01 -3.622383e-01 -4.630266e-01 3.933110e-02 4.033835e-01 9.141853e-01 1.915110e+01
9.009250e-01 -4.267186e-01 7.902772e-02 -5.449990e+00 3.423674e-01 8.107686e-01 4.748040e-01 -4.716429e-01 -2.666809e-01 -4.007063e-01 8.765363e-01 1.945595e+01
9.040877e-01 3.159804e-01 -2.877182e-01 -5.502582e+00 -4.051725e-01 8.478532e-01 -3.420238e-01 -4.787791e-01 1.358700e-01 4.257950e-01 8.945602e-01 1.974890e+01
8.963122e-01 -4.428292e-01 2.295232e-02 -5.580568e+00 3.932678e-01 8.177773e-01 4.202150e-01 -4.837823e-01 -2.048534e-01 -3.676174e-01 9.071342e-01 1.997832e+01
8.618817e-01 3.816033e-01 -3.339743e-01 -5.678170e+00 -4.748970e-01 8.383557e-01 -2.676425e-01 -4.886439e-01 1.778560e-01 3.892796e-01 9.037857e-01 2.021324e+01
8.652478e-01 -5.002166e-01 3.361013e-02 -5.766095e+00 4.563318e-01 8.135541e-01 3.604040e-01 -4.936814e-01 -2.076237e-01 -2.965014e-01 9.321906e-01 2.045994e+01
8.823871e-01 4.252195e-01 -2.014482e-01 -5.772217e+00 -4.655057e-01 8.512841e-01 -2.421152e-01 -4.987611e-01 6.853753e-02 3.074146e-01 9.491042e-01 2.066395e+01
8.629990e-01 -5.050625e-01 1.202661e-02 -5.798551e+00 4.744308e-01 8.183809e-01 3.242963e-01 -5.033941e-01 -1.736322e-01 -2.741615e-01 9.458791e-01 2.083902e+01
8.621873e-01 4.475443e-01 -2.373545e-01 -5.864287e+00 -4.936358e-01 8.474952e-01 -1.951297e-01 -5.072922e-01 1.138277e-01 2.854050e-01 9.516235e-01 2.101210e+01
8.491649e-01 -5.278530e-01 1.703255e-02 -5.919712e+00 5.031313e-01 8.183573e-01 2.777592e-01 -5.112018e-01 -1.605547e-01 -2.272937e-01 9.604997e-01 2.118731e+01
8.561193e-01 4.758356e-01 -2.015944e-01 -5.969458e+00 -5.076488e-01 8.473675e-01 -1.557598e-01 -5.151680e-01 9.670845e-02 2.356881e-01 9.670050e-01 2.135040e+01
8.356292e-01 -5.479364e-01 3.859615e-02 -6.004256e+00 5.233576e-01 8.155411e-01 2.469607e-01 -5.187591e-01 -1.667955e-01 -1.861680e-01 9.682566e-01 2.149722e+01
8.596591e-01 4.868869e-01 -1.546846e-01 -6.032974e+00 -5.074308e-01 8.488576e-01 -1.481714e-01 -5.220906e-01 5.916247e-02 2.058686e-01 9.767896e-01 2.161399e+01
8.267312e-01 -5.565341e-01 8.237242e-02 -6.009103e+00 5.154964e-01 8.079984e-01 2.853105e-01 -5.276701e-01 -2.253418e-01 -1.934124e-01 9.548888e-01 2.177883e+01
8.780409e-01 4.671041e-01 -1.042013e-01 -5.975436e+00 -4.785058e-01 8.528589e-01 -2.089588e-01 -5.346086e-01 -8.736487e-03 2.333353e-01 9.723571e-01 2.199373e+01
8.420407e-01 -5.338750e-01 7.710371e-02 -5.931859e+00 4.821728e-01 8.090365e-01 3.361090e-01 -5.421659e-01 -2.418199e-01 -2.458402e-01 9.386617e-01 2.221871e+01
8.972296e-01 4.316591e-01 -9.300232e-02 -5.913851e+00 -4.391760e-01 8.504827e-01 -2.894887e-01 -5.492292e-01 -4.586356e-02 3.005822e-01 9.526526e-01 2.243153e+01
8.622692e-01 -4.959740e-01 1.024777e-01 -5.881162e+00 4.155321e-01 8.085154e-01 4.166963e-01 -5.559162e-01 -2.895254e-01 -3.167216e-01 9.032511e-01 2.261171e+01
9.248089e-01 3.654367e-01 -1.057571e-01 -5.843865e+00 -3.783043e-01 8.540272e-01 -3.571043e-01 -5.635359e-01 -4.017954e-02 3.702616e-01 9.280582e-01 2.282152e+01
8.970549e-01 -4.393229e-01 4.783228e-02 -5.830916e+00 3.723647e-01 8.097140e-01 4.535503e-01 -5.704620e-01 -2.379855e-01 -3.890484e-01 8.899462e-01 2.304130e+01
9.452213e-01 3.165966e-01 -7.951945e-02 -5.795348e+00 -3.201926e-01 8.518335e-01 -4.145557e-01 -5.777807e-01 -6.350958e-02 4.173084e-01 9.065430e-01 2.325967e+01
9.192064e-01 -3.722508e-01 1.284093e-01 -5.713954e+00 2.611789e-01 8.203979e-01 5.086579e-01 -5.855974e-01 -2.946950e-01 -4.340238e-01 8.513391e-01 2.346209e+01
9.708045e-01 2.132151e-01 -1.098999e-01 -5.661410e+00 -2.398095e-01 8.522234e-01 -4.649802e-01 -5.923471e-01 -5.481527e-03 4.777599e-01 8.784733e-01 2.363890e+01
9.390521e-01 -2.951020e-01 1.763404e-01 -5.589776e+00 1.560349e-01 8.229490e-01 5.462674e-01 -5.995862e-01 -3.063238e-01 -4.854583e-01 8.188382e-01 2.382306e+01
9.896580e-01 1.198841e-01 -7.877142e-02 -5.475758e+00 -1.432232e-01 8.564824e-01 -4.959083e-01 -6.087180e-01 8.014813e-03 5.020614e-01 8.647948e-01 2.406775e+01
9.758910e-01 -1.736911e-01 1.321671e-01 -5.325537e+00 7.031767e-02 8.234732e-01 5.629808e-01 -6.200968e-01 -2.066208e-01 -5.401142e-01 8.158336e-01 2.441157e+01
9.497948e-01 1.235031e-01 -2.874661e-01 -5.319153e+00 -2.556461e-01 8.360367e-01 -4.854768e-01 -6.362787e-01 1.803743e-01 5.345929e-01 8.256364e-01 2.503134e+01
9.675342e-01 -2.130295e-01 -1.359999e-01 -5.449802e+00 2.527042e-01 8.244760e-01 5.063398e-01 -6.534821e-01 4.263346e-03 -5.242688e-01 8.515422e-01 2.584157e+01
9.657045e-01 2.356852e-01 -1.089370e-01 -5.520303e+00 -2.593442e-01 8.554399e-01 -4.482891e-01 -6.621109e-01 -1.246607e-02 4.611670e-01 8.872258e-01 2.631016e+01
9.460958e-01 -3.209775e-01 4.331542e-02 -5.482564e+00 2.505328e-01 8.100076e-01 5.302085e-01 -6.691472e-01 -2.052708e-01 -4.907761e-01 8.467601e-01 2.654092e+01
9.685349e-01 2.198864e-01 -1.165770e-01 -5.374441e+00 -2.487879e-01 8.428070e-01 -4.772640e-01 -6.748077e-01 -6.691967e-03 4.912497e-01 8.709931e-01 2.672125e+01
9.603392e-01 -2.784480e-01 -1.467373e-02 -5.178568e+00 2.438285e-01 8.130822e-01 5.286256e-01 -6.772283e-01 -1.352638e-01 -5.112378e-01 8.487282e-01 2.679698e+01
9.662304e-01 2.047690e-01 -1.564239e-01 -5.146313e+00 -2.548343e-01 8.493124e-01 -4.623072e-01 -6.833268e-01 3.818656e-02 4.865574e-01 8.728137e-01 2.702305e+01
9.599005e-01 -2.373306e-01 -1.492150e-01 -4.959753e+00 2.801278e-01 8.327586e-01 4.775370e-01 -6.800587e-01 1.092590e-02 -5.001873e-01 8.658483e-01 2.694621e+01
9.547643e-01 2.849819e-01 -8.491413e-02 -4.780996e+00 -2.940789e-01 8.625766e-01 -4.116784e-01 -6.764914e-01 -4.407597e-02 4.180273e-01 9.073646e-01 2.687688e+01
9.361909e-01 -3.223968e-01 -1.400247e-01 -4.800194e+00 3.505753e-01 8.277055e-01 4.381787e-01 -6.814373e-01 -2.536821e-02 -4.593081e-01 8.879147e-01 2.710587e+01
9.078983e-01 3.557733e-01 -2.216893e-01 -4.908827e+00 -4.144149e-01 8.413693e-01 -3.469264e-01 -6.887002e-01 6.309538e-02 4.068452e-01 9.113155e-01 2.742810e+01
8.801420e-01 -4.258517e-01 -2.097628e-01 -5.039931e+00 4.734450e-01 8.196931e-01 3.224176e-01 -6.933076e-01 3.463908e-02 -3.830844e-01 9.230636e-01 2.776573e+01
8.723078e-01 4.740017e-01 -1.200062e-01 -5.093458e+00 -4.884903e-01 8.340972e-01 -2.562404e-01 -6.999150e-01 -2.136157e-02 2.821424e-01 9.591347e-01 2.807119e+01
8.272609e-01 -4.915117e-01 -2.721317e-01 -5.191075e+00 5.480265e-01 8.126362e-01 1.982155e-01 -7.059290e-01 1.237189e-01 -3.131113e-01 9.416236e-01 2.840596e+01
8.214010e-01 5.514854e-01 -1.454794e-01 -5.351747e+00 -5.675454e-01 8.155933e-01 -1.126936e-01 -7.106195e-01 5.650315e-02 1.751328e-01 9.829221e-01 2.871536e+01
7.846510e-01 -5.509811e-01 -2.841526e-01 -5.563711e+00 5.569928e-01 8.278043e-01 -6.707499e-02 -7.154644e-01 2.721798e-01 -1.056405e-01 9.564299e-01 2.906014e+01
8.162195e-01 5.699802e-01 -9.438354e-02 -5.791750e+00 -5.543755e-01 8.186768e-01 1.497872e-01 -7.185379e-01 1.626453e-01 -6.993529e-02 9.842030e-01 2.937471e+01
8.351024e-01 -5.149066e-01 -1.935852e-01 -6.020307e+00 4.371137e-01 8.347884e-01 -3.347536e-01 -7.222649e-01 3.339695e-01 1.949348e-01 9.222065e-01 2.968277e+01
8.086575e-01 5.186712e-01 -2.775845e-01 -6.392427e+00 -3.662997e-01 8.131658e-01 4.523117e-01 -7.274860e-01 4.603233e-01 -2.640862e-01 8.475618e-01 3.015857e+01
9.458028e-01 -3.023944e-01 -1.183837e-01 -6.740193e+00 1.917937e-01 8.143310e-01 -5.477958e-01 -7.313949e-01 2.620539e-01 4.954015e-01 8.281939e-01 3.060514e+01
9.674953e-01 2.135472e-01 -1.354637e-01 -6.962341e+00 -1.061645e-01 8.291514e-01 5.488507e-01 -7.333524e-01 2.295254e-01 -5.166291e-01 8.248712e-01 3.092630e+01
9.984741e-01 -4.955234e-02 -2.437153e-02 -7.091154e+00 2.756341e-02 8.296487e-01 -5.576049e-01 -7.347377e-01 4.785044e-02 5.560823e-01 8.297486e-01 3.102654e+01
9.576907e-01 7.154934e-02 -2.787637e-01 -7.278913e+00 1.011957e-01 8.230352e-01 5.589029e-01 -7.433375e-01 2.694215e-01 -5.634658e-01 7.809727e-01 3.142835e+01
9.857789e-01 4.231012e-02 1.626339e-01 -7.292158e+00 4.758273e-02 8.579032e-01 -5.116034e-01 -7.457584e-01 -1.611701e-01 5.120664e-01 8.436897e-01 3.158965e+01
8.465064e-01 9.260743e-02 -5.242621e-01 -7.484213e+00 1.746152e-01 8.819820e-01 4.377410e-01 -7.470876e-01 5.029278e-01 -4.620947e-01 7.304328e-01 3.176997e+01
9.741779e-01 2.146981e-01 6.987260e-02 -7.748176e+00 -1.577513e-01 8.686362e-01 -4.696654e-01 -7.541575e-01 -1.615302e-01 4.465152e-01 8.800751e-01 3.227022e+01
9.440660e-01 -1.549757e-01 -2.910702e-01 -7.805820e+00 2.800978e-01 8.426916e-01 4.598000e-01 -7.646661e-01 1.740246e-01 -5.156097e-01 8.389649e-01 3.271672e+01
9.394618e-01 2.761448e-01 -2.028686e-01 -7.986002e+00 -3.349781e-01 8.647643e-01 -3.741287e-01 -7.706299e-01 7.211981e-02 4.194362e-01 9.049155e-01 3.313419e+01
9.096337e-01 -3.152224e-01 -2.705573e-01 -8.136149e+00 3.890009e-01 8.748875e-01 2.885309e-01 -7.724758e-01 1.457558e-01 -3.677045e-01 9.184490e-01 3.338663e+01
9.054446e-01 3.892266e-01 -1.693301e-01 -8.290549e+00 -4.204602e-01 8.771108e-01 -2.321420e-01 -7.752312e-01 5.816537e-02 2.813883e-01 9.578295e-01 3.367239e+01
8.865273e-01 -3.976568e-01 -2.365130e-01 -8.442286e+00 4.393214e-01 8.838417e-01 1.606877e-01 -7.786761e-01 1.451415e-01 -2.463592e-01 9.582490e-01 3.389895e+01
8.747572e-01 4.444061e-01 -1.931403e-01 -8.615980e+00 -4.645871e-01 8.824562e-01 -7.368760e-02 -7.816311e-01 1.376907e-01 1.541893e-01 9.784002e-01 3.416610e+01
8.658988e-01 -4.413211e-01 -2.354887e-01 -8.808605e+00 4.451048e-01 8.945910e-01 -3.985821e-02 -7.859234e-01 2.282563e-01 -7.030398e-02 9.710594e-01 3.450670e+01
8.511796e-01 4.758726e-01 -2.214463e-01 -9.037487e+00 -4.464451e-01 8.782603e-01 1.713059e-01 -7.897090e-01 2.760072e-01 -4.694849e-02 9.600082e-01 3.490687e+01
8.907397e-01 -4.489573e-01 -7.085297e-02 -9.184692e+00 4.274850e-01 8.804833e-01 -2.049529e-01 -7.920046e-01 1.544000e-01 1.522711e-01 9.762040e-01 3.518153e+01
8.823267e-01 4.312658e-01 -1.884394e-01 -9.350508e+00 -3.631665e-01 8.785580e-01 3.102352e-01 -7.948058e-01 2.993488e-01 -2.052939e-01 9.317965e-01 3.545495e+01
9.390828e-01 -3.404213e-01 -4.729533e-02 -9.513166e+00 3.024947e-01 8.839837e-01 -3.564686e-01 -7.980286e-01 1.631578e-01 3.204469e-01 9.331095e-01 3.573972e+01
9.521924e-01 2.938143e-01 -8.368258e-02 -9.533977e+00 -2.433854e-01 8.951371e-01 3.734877e-01 -7.976802e-01 1.846434e-01 -3.352651e-01 9.238529e-01 3.578733e+01
9.586738e-01 -1.925488e-01 -2.094507e-01 -9.721859e+00 8.230027e-02 8.923950e-01 -4.436866e-01 -7.979311e-01 2.723441e-01 4.081128e-01 8.713625e-01 3.599919e+01
7.823752e-01 1.978341e-01 -5.905512e-01 -1.029951e+01 5.583592e-02 9.221097e-01 3.828785e-01 -8.052060e-01 6.202995e-01 -3.325286e-01 7.103895e-01 3.668203e+01
9.657248e-01 1.260273e-01 2.269202e-01 -1.058477e+01 4.209226e-03 8.665033e-01 -4.991537e-01 -8.015278e-01 -2.595341e-01 4.830002e-01 8.362732e-01 3.683502e+01
6.700443e-01 1.308277e-01 -7.307016e-01 -1.090234e+01 1.202132e-01 9.522301e-01 2.807251e-01 -7.977936e-01 7.325227e-01 -2.759382e-01 6.223091e-01 3.686646e+01
9.396349e-01 2.827288e-01 -1.927450e-01 -1.155709e+01 -3.290333e-01 9.011874e-01 -2.821319e-01 -8.094971e-01 9.393256e-02 3.285205e-01 9.398143e-01 3.788324e+01
7.642674e-01 -2.571748e-01 -5.914021e-01 -1.202740e+01 3.315132e-01 9.432746e-01 1.822494e-02 -8.198536e-01 5.531676e-01 -2.099863e-01 8.061708e-01 3.870427e+01
8.354481e-01 4.790198e-01 -2.693816e-01 -1.259853e+01 -4.795751e-01 8.748372e-01 6.832040e-02 -8.326507e-01 2.683918e-01 7.211052e-02 9.606070e-01 3.962531e+01
6.505985e-01 -3.889919e-01 -6.522323e-01 -1.337654e+01 1.175516e-01 9.000862e-01 -4.195551e-01 -8.393893e-01 7.502688e-01 1.962910e-01 6.313213e-01 4.067022e+01
9.205256e-01 3.106272e-01 -2.369460e-01 -1.405862e+01 -1.986869e-01 8.944228e-01 4.006637e-01 -8.453546e-01 3.363869e-01 -3.217431e-01 8.850566e-01 4.148145e+01
6.474118e-01 -9.298100e-02 -7.564473e-01 -1.495595e+01 -3.724580e-01 8.273353e-01 -4.204657e-01 -8.496547e-01 6.649309e-01 5.539593e-01 5.009951e-01 4.245353e+01
9.448981e-01 -2.190044e-01 -2.433201e-01 -1.569804e+01 2.888614e-01 9.075113e-01 3.049301e-01 -8.528078e-01 1.540347e-01 -3.584137e-01 9.207676e-01 4.320403e+01
8.876054e-01 2.586226e-01 -3.811444e-01 -1.590415e+01 -3.983944e-01 8.463636e-01 -3.534835e-01 -8.440170e-01 2.311679e-01 4.655996e-01 8.542707e-01 4.315616e+01
9.543375e-01 -2.488850e-01 -1.652156e-01 -1.612800e+01 2.821193e-01 9.327411e-01 2.245055e-01 -8.373071e-01 9.822738e-02 -2.608645e-01 9.603651e-01 4.308851e+01
5.604500e-01 3.704322e-01 -7.407265e-01 -1.674029e+01 -5.201744e-01 8.534141e-01 3.321109e-02 -8.437500e-01 6.444489e-01 3.666938e-01 6.709853e-01 4.382092e+01
9.160097e-01 -3.753789e-01 -1.414809e-01 -1.738859e+01 3.523453e-01 9.214609e-01 -1.635928e-01 -8.483247e-01 1.917784e-01 1.000025e-01 9.763301e-01 4.461298e+01
5.766100e-01 4.613934e-01 -6.742677e-01 -1.800342e+01 -3.182177e-01 8.869346e-01 3.347903e-01 -8.559770e-01 7.525014e-01 2.152048e-02 6.582389e-01 4.539539e+01
9.690668e-01 -1.268084e-01 -2.117288e-01 -1.875168e+01 2.315029e-02 9.008252e-01 -4.335643e-01 -8.636711e-01 2.457102e-01 4.152512e-01 8.758955e-01 4.634183e+01
7.195272e-01 1.076966e-01 -6.860627e-01 -1.937125e+01 1.398143e-01 9.452092e-01 2.950110e-01 -8.691680e-01 6.802445e-01 -3.081898e-01 6.650463e-01 4.710309e+01
9.555139e-01 2.787817e-01 -9.630083e-02 -1.989277e+01 -2.949234e-01 9.071117e-01 -3.002808e-01 -8.790673e-01 3.642812e-03 3.153239e-01 9.489771e-01 4.789042e+01
5.506441e-01 -2.158065e-01 -8.063614e-01 -2.054579e+01 2.564200e-01 9.630269e-01 -8.263201e-02 -8.909822e-01 7.943802e-01 -1.612664e-01 5.856221e-01 4.890267e+01
9.202831e-01 3.340752e-01 2.036485e-01 -2.104703e+01 -3.416023e-01 9.398426e-01 1.928409e-03 -8.968307e-01 -1.907533e-01 -7.134148e-02 9.790422e-01 4.959060e+01
6.133190e-01 -2.969021e-01 -7.319077e-01 -2.146361e+01 1.436395e-01 9.531337e-01 -2.662776e-01 -9.024503e-01 7.766643e-01 5.818228e-02 6.272219e-01 5.010875e+01
9.461886e-01 3.235867e-01 4.339224e-03 -2.202974e+01 -3.164074e-01 9.222150e-01 2.222742e-01 -9.104071e-01 6.792329e-02 -2.116863e-01 9.749745e-01 5.086430e+01
8.877936e-01 -3.020953e-01 -3.472189e-01 -2.231759e+01 1.732084e-01 9.182693e-01 -3.560622e-01 -9.131286e-01 4.264052e-01 2.559684e-01 8.675591e-01 5.125696e+01
9.713343e-01 2.013185e-01 1.264144e-01 -2.247754e+01 -2.329777e-01 9.118675e-01 3.379630e-01 -9.161270e-01 -4.723501e-02 -3.577268e-01 9.326309e-01 5.146414e+01
9.229899e-01 -2.303708e-01 -3.082513e-01 -2.260291e+01 9.944288e-02 9.165942e-01 -3.872546e-01 -9.215137e-01 3.717535e-01 3.267787e-01 8.689160e-01 5.175888e+01
9.858859e-01 7.649008e-02 1.489240e-01 -2.270171e+01 -1.301707e-01 9.096093e-01 3.945460e-01 -9.260667e-01 -1.052838e-01 -4.083628e-01 9.067277e-01 5.202922e+01
7.797528e-01 -7.829494e-02 -6.211727e-01 -2.302455e+01 -2.387421e-01 8.800012e-01 -4.106095e-01 -9.335414e-01 5.787814e-01 4.684739e-01 6.674911e-01 5.252747e+01
9.857408e-01 -1.221811e-01 -1.157015e-01 -2.346278e+01 1.561324e-01 9.205293e-01 3.581178e-01 -9.396307e-01 6.275138e-02 -3.710761e-01 9.264798e-01 5.311149e+01
8.134949e-01 1.960581e-01 -5.475283e-01 -2.381830e+01 -3.833315e-01 8.887693e-01 -2.512889e-01 -9.434523e-01 4.373591e-01 4.143071e-01 7.981645e-01 5.357197e+01
9.479715e-01 -3.152250e-01 -4.453380e-02 -2.411522e+01 3.169984e-01 9.217487e-01 2.233636e-01 -9.484931e-01 -2.936080e-02 -2.258594e-01 9.737173e-01 5.397747e+01
6.553849e-01 3.670928e-01 -6.600860e-01 -2.451385e+01 -4.837745e-01 8.751694e-01 6.377773e-03 -9.537582e-01 5.800284e-01 3.151529e-01 7.511629e-01 5.450067e+01
9.308047e-01 -3.619858e-01 -5.068367e-02 -2.497131e+01 3.572306e-01 9.302732e-01 -8.353447e-02 -9.590840e-01 7.738796e-02 5.964852e-02 9.952151e-01 5.507219e+01
8.042409e-01 3.863543e-01 -4.515828e-01 -2.527577e+01 -3.192628e-01 9.217675e-01 2.200363e-01 -9.617509e-01 5.012663e-01 -3.278859e-02 8.646716e-01 5.545241e+01
9.625858e-01 -1.868418e-01 -1.962617e-01 -2.571751e+01 1.148957e-01 9.373647e-01 -3.288562e-01 -9.678526e-01 2.454129e-01 2.940027e-01 9.237613e-01 5.601664e+01
7.470370e-01 1.816158e-01 -6.394931e-01 -2.629701e+01 -1.257256e-03 9.623427e-01 2.718363e-01 -9.709188e-01 6.647813e-01 -2.022678e-01 7.191339e-01 5.671759e+01
8.804222e-01 1.722451e-01 -4.418012e-01 -2.707844e+01 -3.203655e-01 9.029671e-01 -2.863850e-01 -9.746067e-01 3.496036e-01 3.936776e-01 8.501737e-01 5.758223e+01
9.398772e-01 -2.432400e-01 -2.397188e-01 -2.747141e+01 2.757084e-01 9.546587e-01 1.123019e-01 -9.754290e-01 2.015333e-01 -1.716425e-01 9.643253e-01 5.795252e+01
7.484048e-01 3.437675e-01 -5.671986e-01 -2.793979e+01 -4.070566e-01 9.132556e-01 1.640424e-02 -9.800654e-01 5.236365e-01 2.186049e-01 8.234177e-01 5.854779e+01
