9.999641e-01 1.546163e-04 -8.477802e-03 3.859185e-02 -1.440082e-04 9.999992e-01 1.251878e-03 -1.025346e-02 8.477988e-03 -1.250612e-03 9.999633e-01 1.418559e-01
9.999921e-01 -3.720364e-04 -3.951242e-03 1.115017e-01 3.744293e-04 9.999997e-01 6.048760e-04 -1.827755e-02 3.951016e-03 -6.063500e-04 9.999920e-01 1.443766e-01
9.999547e-01 -8.847168e-04 -9.481593e-03 1.737765e-01 9.074827e-04 9.999967e-01 2.397035e-03 -2.286620e-02 9.479441e-03 -2.405531e-03 9.999522e-01 -1.364226e-02
9.999977e-01 1.540520e-03 1.518803e-03 2.081988e-01 -1.537538e-03 9.999969e-01 -1.962597e-03 -3.399908e-02 -1.521822e-03 1.960258e-03 9.999969e-01 1.997680e-01
9.999218e-01 -1.669991e-03 -1.239122e-02 2.611705e-01 1.710950e-03 9.999931e-01 3.295679e-03 -4.176861e-02 1.238563e-02 -3.316623e-03 9.999178e-01 2.378543e-01
9.999968e-01 1.492950e-03 2.059330e-03 3.021146e-01 -1.489010e-03 9.999971e-01 -1.913640e-03 -4.936638e-02 -2.062180e-03 1.910568e-03 9.999960e-01 2.890763e-01
9.999021e-01 -2.708068e-03 -1.372515e-02 3.400073e-01 2.771521e-03 9.999856e-01 4.606235e-03 -5.140098e-02 1.371248e-02 -4.643825e-03 9.998952e-01 1.449343e-01
9.999963e-01 1.431738e-03 2.311554e-03 3.734028e-01 -1.427956e-03 9.999976e-01 -1.636912e-03 -5.307931e-02 -2.313891e-03 1.633606e-03 9.999960e-01 -3.466651e-03
9.999046e-01 -2.451810e-03 -1.359224e-02 4.056069e-01 2.507295e-03 9.999886e-01 4.066590e-03 -5.603570e-02 1.358211e-02 -4.100282e-03 9.998994e-01 -1.213088e-01
9.999998e-01 -5.836327e-04 1.212320e-04 4.899123e-01 5.835818e-04 9.999997e-01 4.200988e-04 -5.225781e-02 -1.214768e-04 -4.200273e-04 9.999999e-01 -4.874531e-01
9.998966e-01 -2.585889e-03 -1.414652e-02 5.877590e-01 2.645130e-03 9.999878e-01 4.170582e-03 -4.809337e-02 1.413557e-02 -4.207571e-03 9.998912e-01 -8.766321e-01
9.999915e-01 2.083593e-03 3.567911e-03 6.087711e-01 -2.078165e-03 9.999967e-01 -1.524390e-03 -5.215057e-02 -3.571075e-03 1.516963e-03 9.999925e-01 -9.152960e-01
9.998688e-01 -3.681984e-03 -1.577366e-02 6.303154e-01 3.766140e-03 9.999788e-01 5.308804e-03 -5.196215e-02 1.575378e-02 -5.367514e-03 9.998615e-01 -1.109929e+00
9.999948e-01 1.233932e-03 2.983604e-03 6.787109e-01 -1.230975e-03 9.999987e-01 -9.926907e-04 -4.968696e-02 -2.984824e-03 9.890135e-04 9.999951e-01 -1.409074e+00
9.999341e-01 -1.209652e-03 -1.141684e-02 6.905963e-01 1.245355e-03 9.999944e-01 3.120621e-03 -5.626667e-02 1.141300e-02 -3.134634e-03 9.999300e-01 -1.330840e+00
9.999983e-01 -5.535827e-04 -1.731586e-03 7.434963e-01 5.545677e-04 9.999997e-01 5.683886e-04 -5.791710e-02 1.731271e-03 -5.693472e-04 9.999983e-01 -1.539981e+00
9.999213e-01 -3.741598e-03 -1.197657e-02 8.367772e-01 3.805661e-03 9.999786e-01 5.330689e-03 -4.927271e-02 1.195637e-02 -5.375849e-03 9.999141e-01 -2.034106e+00
9.999946e-01 -4.257596e-04 -3.259599e-03 9.498654e-01 4.273026e-04 9.999998e-01 4.726497e-04 -4.284292e-02 3.259398e-03 -4.740393e-04 9.999946e-01 -2.528394e+00
9.999299e-01 -3.362430e-03 -1.135376e-02 1.051055e+00 3.420175e-03 9.999813e-01 5.070385e-03 -3.713805e-02 1.133650e-02 -5.108862e-03 9.999227e-01 -2.974638e+00
9.999983e-01 5.793231e-04 -1.751105e-03 1.116438e+00 -5.804985e-04 9.999996e-01 -6.708864e-04 -3.354681e-02 1.750716e-03 6.719025e-04 9.999982e-01 -3.311355e+00
9.999182e-01 -4.251529e-03 -1.206597e-02 1.206717e+00 4.322640e-03 9.999734e-01 5.873576e-03 -2.800816e-02 1.204068e-02 -5.925253e-03 9.999100e-01 -3.745214e+00
9.999979e-01 2.003831e-03 -3.893170e-04 1.257737e+00 -2.004604e-03 9.999960e-01 -1.994633e-03 -2.614155e-02 3.853189e-04 1.995410e-03 9.999979e-01 -4.028577e+00
9.999063e-01 -4.387295e-03 -1.296477e-02 1.333419e+00 4.460106e-03 9.999744e-01 5.592568e-03 -2.564218e-02 1.293990e-02 -5.649869e-03 9.999003e-01 -4.320540e+00
9.999844e-01 3.567836e-03 4.306999e-03 1.339195e+00 -3.554216e-03 9.999887e-01 -3.165925e-03 -2.860592e-02 -4.318245e-03 3.150569e-03 9.999857e-01 -4.365537e+00
9.999106e-01 -3.599727e-03 -1.287675e-02 1.341994e+00 3.653596e-03 9.999847e-01 4.162318e-03 -3.399005e-02 1.286157e-02 -4.208993e-03 9.999084e-01 -4.272496e+00
9.999962e-01 6.315087e-04 -2.665134e-03 1.442987e+00 -6.306312e-04 9.999997e-01 3.300364e-04 -3.128373e-02 2.665342e-03 -3.283537e-04 9.999964e-01 -4.633428e+00
9.999439e-01 -2.643496e-03 -1.025355e-02 1.505982e+00 2.673646e-03 9.999921e-01 2.927828e-03 -3.026173e-02 1.024573e-02 -2.955079e-03 9.999431e-01 -4.863181e+00
9.999859e-01 3.693778e-03 3.816908e-03 1.540423e+00 -3.685002e-03 9.999906e-01 -2.303708e-03 -4.249417e-02 -3.825381e-03 2.289611e-03 9.999901e-01 -4.529953e+00
9.999189e-01 -2.439706e-03 -1.249967e-02 1.580024e+00 2.470970e-03 9.999939e-01 2.486354e-03 -5.272266e-02 1.249353e-02 -2.517039e-03 9.999188e-01 -4.258745e+00
9.999925e-01 -3.760867e-04 -3.843130e-03 1.679977e+00 3.840139e-04 9.999978e-01 2.062111e-03 -5.027685e-02 3.842346e-03 -2.063571e-03 9.999905e-01 -4.610304e+00
9.999638e-01 -1.519263e-03 -8.367392e-03 1.728012e+00 1.528485e-03 9.999982e-01 1.095874e-03 -4.837087e-02 8.365712e-03 -1.108625e-03 9.999644e-01 -4.828530e+00
9.999814e-01 -1.164328e-03 -5.978843e-03 1.796761e+00 1.181961e-03 9.999950e-01 2.946426e-03 -4.401344e-02 5.975382e-03 -2.953438e-03 9.999778e-01 -5.148147e+00
9.999418e-01 -3.608971e-03 -1.016946e-02 1.920350e+00 3.649115e-03 9.999856e-01 3.931655e-03 -3.124925e-02 1.015512e-02 -3.968536e-03 9.999406e-01 -5.735096e+00
9.999829e-01 -7.313226e-04 -5.795735e-03 2.070468e+00 7.423395e-04 9.999979e-01 1.898919e-03 -2.315919e-02 5.794335e-03 -1.903188e-03 9.999814e-01 -6.260039e+00
9.999189e-01 -4.435782e-03 -1.193989e-02 2.248573e+00 4.498112e-03 9.999764e-01 5.198539e-03 -1.354840e-02 1.191654e-02 -5.251825e-03 9.999152e-01 -6.884656e+00
9.999869e-01 -9.624311e-04 -5.033757e-03 2.412124e+00 9.718761e-04 9.999978e-01 1.874183e-03 -2.501362e-03 5.031943e-03 -1.879050e-03 9.999856e-01 -7.522547e+00
9.999352e-01 -3.887849e-03 -1.069959e-02 2.557584e+00 3.940080e-03 9.999804e-01 4.864832e-03 7.704980e-03 1.068046e-02 -4.906674e-03 9.999309e-01 -8.092717e+00
9.999993e-01 1.260276e-04 -1.155215e-03 2.614650e+00 -1.253164e-04 9.999998e-01 6.155092e-04 1.689022e-02 1.155292e-03 -6.153633e-04 9.999991e-01 -8.508675e+00
9.999427e-01 -3.432011e-03 -1.014004e-02 2.656473e+00 3.476251e-03 9.999845e-01 4.348537e-03 2.511489e-02 1.012496e-02 -4.383538e-03 9.999391e-01 -8.874288e+00
9.999963e-01 -1.168935e-03 -2.440505e-03 2.717061e+00 1.174839e-03 9.999964e-01 2.419358e-03 3.730211e-02 2.437668e-03 -2.422216e-03 9.999941e-01 -9.377945e+00
9.999653e-01 -3.227295e-03 -7.680735e-03 2.730530e+00 3.259933e-03 9.999857e-01 4.240685e-03 5.107068e-02 7.666939e-03 -4.265577e-03 9.999615e-01 -9.838983e+00
9.999955e-01 -1.324450e-03 -2.688861e-03 2.773975e+00 1.330349e-03 9.999967e-01 2.193108e-03 6.463868e-02 2.685948e-03 -2.196675e-03 9.999940e-01 -1.032282e+01
9.999348e-01 -3.616355e-03 -1.082967e-02 2.872687e+00 3.666728e-03 9.999825e-01 4.635104e-03 7.548329e-02 1.081272e-02 -4.674512e-03 9.999306e-01 -1.087700e+01
9.999966e-01 -1.299608e-03 -2.249198e-03 2.981302e+00 1.303970e-03 9.999973e-01 1.939166e-03 8.653362e-02 2.246673e-03 -1.942091e-03 9.999956e-01 -1.142751e+01
9.999383e-01 -2.813559e-03 -1.074527e-02 3.087158e+00 2.852844e-03 9.999893e-01 3.642451e-03 9.428191e-02 1.073490e-02 -3.672882e-03 9.999356e-01 -1.189781e+01
9.999863e-01 -1.988215e-03 -4.849378e-03 3.239944e+00 2.000978e-03 9.999945e-01 2.628450e-03 1.019661e-01 4.844126e-03 -2.638116e-03 9.999848e-01 -1.246345e+01
9.999450e-01 -2.790248e-03 -1.010594e-02 3.384264e+00 2.827134e-03 9.999894e-01 3.637494e-03 1.098427e-01 1.009569e-02 -3.665865e-03 9.999423e-01 -1.301868e+01
9.999840e-01 -2.198678e-03 -5.207757e-03 3.532709e+00 2.213788e-03 9.999934e-01 2.897371e-03 1.181530e-01 5.201352e-03 -2.908853e-03 9.999822e-01 -1.359708e+01
9.999466e-01 -2.612713e-03 -9.997946e-03 3.682363e+00 2.645686e-03 9.999911e-01 3.286170e-03 1.258305e-01 9.989271e-03 -3.312447e-03 9.999446e-01 -1.416241e+01
9.999765e-01 -2.719291e-03 -6.287902e-03 3.837003e+00 2.743880e-03 9.999886e-01 3.905212e-03 1.347027e-01 6.277211e-03 -3.922373e-03 9.999726e-01 -1.477749e+01
9.999407e-01 -3.388018e-03 -1.034626e-02 4.002379e+00 3.429887e-03 9.999860e-01 4.031737e-03 1.468594e-01 1.033246e-02 -4.066985e-03 9.999383e-01 -1.548425e+01
9.999846e-01 -2.504309e-03 -4.953929e-03 4.151591e+00 2.521592e-03 9.999907e-01 3.485523e-03 1.586704e-01 4.945155e-03 -3.497961e-03 9.999817e-01 -1.615566e+01
9.999296e-01 -3.848328e-03 -1.122277e-02 4.320864e+00 3.902333e-03 9.999809e-01 4.794140e-03 1.711032e-01 1.120411e-02 -4.837598e-03 9.999255e-01 -1.687969e+01
9.999886e-01 -1.799829e-03 -4.422863e-03 4.497153e+00 1.810318e-03 9.999956e-01 2.368668e-03 1.817450e-01 4.418581e-03 -2.376647e-03 9.999874e-01 -1.753867e+01
9.998891e-01 -4.370552e-03 -1.423442e-02 4.738870e+00 4.442222e-03 9.999776e-01 5.007311e-03 1.903981e-01 1.421221e-02 -5.069989e-03 9.998861e-01 -1.828484e+01
9.999895e-01 -2.201367e-03 -4.028928e-03 4.951762e+00 2.215087e-03 9.999918e-01 3.404232e-03 2.007403e-01 4.021401e-03 -3.413120e-03 9.999861e-01 -1.904743e+01
9.999201e-01 -3.652618e-03 -1.210207e-02 5.127957e+00 3.699719e-03 9.999857e-01 3.871890e-03 2.100733e-01 1.208775e-02 -3.916356e-03 9.999193e-01 -1.972486e+01
9.999602e-01 -3.500788e-03 -8.204441e-03 5.356290e+00 3.542997e-03 9.999805e-01 5.135743e-03 2.222086e-01 8.186302e-03 -5.164606e-03 9.999532e-01 -2.056799e+01
9.998860e-01 -3.994077e-03 -1.456223e-02 5.626371e+00 4.064143e-03 9.999803e-01 4.785114e-03 2.353870e-01 1.454283e-02 -4.843752e-03 9.998825e-01 -2.146562e+01
9.999654e-01 -3.847064e-03 -7.373129e-03 5.932387e+00 3.879766e-03 9.999827e-01 4.426174e-03 2.506869e-01 7.355974e-03 -4.454626e-03 9.999630e-01 -2.243585e+01
9.997695e-01 -6.383364e-03 -2.050065e-02 6.340221e+00 6.547390e-03 9.999470e-01 7.943876e-03 2.698913e-01 2.044886e-02 -8.076271e-03 9.997583e-01 -2.369679e+01
9.999788e-01 -2.489090e-03 -6.023898e-03 6.688116e+00 2.511728e-03 9.999898e-01 3.753258e-03 2.852401e-01 6.014494e-03 -3.768308e-03 9.999748e-01 -2.477768e+01
9.998358e-01 -6.255873e-03 -1.700457e-02 7.034014e+00 6.367306e-03 9.999586e-01 6.506869e-03 3.014134e-01 1.696316e-02 -6.614074e-03 9.998342e-01 -2.584564e+01
9.999393e-01 -3.849776e-03 -1.032071e-02 7.437136e+00 3.912786e-03 9.999738e-01 6.091941e-03 3.178304e-01 1.029699e-02 -6.131954e-03 9.999282e-01 -2.706757e+01
9.999369e-01 -2.663046e-03 -1.091674e-02 7.696548e+00 2.694506e-03 9.999923e-01 2.868183e-03 3.280785e-01 1.090902e-02 -2.897417e-03 9.999363e-01 -2.785856e+01
9.999921e-01 -6.698973e-04 -3.923433e-03 7.821001e+00 6.772168e-04 9.999980e-01 1.864503e-03 3.322449e-01 3.922176e-03 -1.867144e-03 9.999906e-01 -2.827270e+01
9.999312e-01 -3.580815e-03 -1.116796e-02 7.957117e+00 3.623933e-03 9.999860e-01 3.843080e-03 3.389506e-01 1.115405e-02 -3.883288e-03 9.999303e-01 -2.878051e+01
9.999903e-01 -1.254438e-03 -4.231989e-03 8.113367e+00 1.264794e-03 9.999962e-01 2.445152e-03 3.463888e-01 4.228906e-03 -2.450480e-03 9.999881e-01 -2.934803e+01
9.998983e-01 -4.648246e-03 -1.348160e-02 8.295395e+00 4.717874e-03 9.999757e-01 5.137443e-03 3.565670e-01 1.345740e-02 -5.200526e-03 9.998959e-01 -3.004242e+01
9.999537e-01 -3.338213e-03 -9.030674e-03 8.591914e+00 3.377618e-03 9.999848e-01 4.351734e-03 3.735993e-01 9.016010e-03 -4.382034e-03 9.999498e-01 -3.103263e+01
9.999039e-01 -3.045352e-03 -1.352123e-02 8.842503e+00 3.109741e-03 9.999839e-01 4.743569e-03 3.837295e-01 1.350657e-02 -4.785161e-03 9.998973e-01 -3.181207e+01
9.999985e-01 -8.518300e-04 -1.486860e-03 8.955821e+00 8.530658e-04 9.999993e-01 8.305648e-04 3.898316e-01 1.486152e-03 -8.318314e-04 9.999985e-01 -3.227656e+01
9.999259e-01 -3.299867e-03 -1.171787e-02 9.055937e+00 3.356616e-03 9.999827e-01 4.826611e-03 3.976213e-01 1.170174e-02 -4.865586e-03 9.999197e-01 -3.275668e+01
9.999860e-01 -2.540178e-03 -4.640036e-03 9.210909e+00 2.551948e-03 9.999935e-01 2.532513e-03 4.093929e-01 4.633574e-03 -2.544318e-03 9.999860e-01 -3.343931e+01
9.998306e-01 -4.627950e-03 -1.781691e-02 9.444615e+00 4.772131e-03 9.999561e-01 8.058412e-03 4.251622e-01 1.777883e-02 -8.142072e-03 9.998088e-01 -3.429869e+01
9.999972e-01 -1.319574e-03 -1.981164e-03 9.658828e+00 1.319093e-03 9.999991e-01 -2.442710e-04 4.378934e-01 1.981485e-03 2.416575e-04 9.999980e-01 -3.504441e+01
9.999270e-01 -2.320304e-03 -1.185963e-02 9.757887e+00 2.385055e-03 9.999823e-01 5.448591e-03 4.436823e-01 1.184678e-02 -5.476480e-03 9.999148e-01 -3.547422e+01
9.999961e-01 -1.351749e-03 -2.449727e-03 9.869453e+00 1.350989e-03 9.999990e-01 -3.122285e-04 4.491958e-01 2.450147e-03 3.089182e-04 9.999970e-01 -3.592152e+01
9.996102e-01 -9.328041e-03 -2.631475e-02 1.042500e+01 9.649214e-03 9.998802e-01 1.210459e-02 4.631692e-01 2.619869e-02 -1.235379e-02 9.995804e-01 -3.727014e+01
9.999595e-01 -2.617498e-03 -8.609082e-03 1.097730e+01 2.645970e-03 9.999911e-01 3.297420e-03 4.819994e-01 8.600375e-03 -3.320066e-03 9.999575e-01 -3.875856e+01
9.998937e-01 -3.791457e-03 -1.407678e-02 1.122339e+01 3.871669e-03 9.999764e-01 5.675369e-03 4.921731e-01 1.405493e-02 -5.729267e-03 9.998848e-01 -3.953720e+01
9.999934e-01 -5.683989e-04 -3.602405e-03 1.141492e+01 5.690723e-04 9.999998e-01 1.858435e-04 4.970424e-01 3.602299e-03 -1.878917e-04 9.999935e-01 -4.007131e+01
9.999401e-01 -2.897633e-03 -1.055181e-02 1.153718e+01 2.942813e-03 9.999866e-01 4.268742e-03 5.008978e-01 1.053930e-02 -4.299539e-03 9.999352e-01 -4.048749e+01
9.999912e-01 -5.599115e-04 -4.157836e-03 1.166497e+01 5.616710e-04 9.999998e-01 4.219583e-04 5.050764e-01 4.157599e-03 -4.242894e-04 9.999913e-01 -4.091137e+01
9.998840e-01 -4.345440e-03 -1.460110e-02 1.187161e+01 4.428391e-03 9.999742e-01 5.653670e-03 5.121510e-01 1.457616e-02 -5.717674e-03 9.998774e-01 -4.153237e+01
9.999662e-01 -1.703434e-03 -8.040916e-03 1.212775e+01 1.724591e-03 9.999951e-01 2.625009e-03 5.213666e-01 8.036405e-03 -2.638787e-03 9.999642e-01 -4.229298e+01
9.999352e-01 -3.925220e-03 -1.068722e-02 1.233475e+01 3.971607e-03 9.999828e-01 4.322755e-03 5.310995e-01 1.067007e-02 -4.364921e-03 9.999335e-01 -4.298709e+01
9.999766e-01 -1.581478e-05 -6.842266e-03 1.249250e+01 2.289729e-05 9.999995e-01 1.034995e-03 5.364973e-01 6.842246e-03 -1.035127e-03 9.999761e-01 -4.349953e+01
9.999442e-01 -3.024783e-03 -1.011721e-02 1.263112e+01 3.058419e-03 9.999898e-01 3.310813e-03 5.384384e-01 1.010709e-02 -3.341572e-03 9.999433e-01 -4.389123e+01
9.999338e-01 -2.266132e-03 -1.128120e-02 1.283999e+01 2.313849e-03 9.999884e-01 4.218546e-03 5.454869e-01 1.127151e-02 -4.244369e-03 9.999275e-01 -4.455527e+01
9.999806e-01 -1.755013e-03 -5.979511e-03 1.300950e+01 1.763449e-03 9.999975e-01 1.405968e-03 5.503682e-01 5.977028e-03 -1.416485e-03 9.999811e-01 -4.505773e+01
9.998763e-01 -4.702899e-03 -1.501172e-02 1.321600e+01 4.818362e-03 9.999590e-01 7.664634e-03 5.640881e-01 1.497506e-02 -7.736017e-03 9.998579e-01 -4.581982e+01
9.999460e-01 -4.753265e-03 -9.237505e-03 1.350544e+01 4.798505e-03 9.999766e-01 4.881508e-03 5.890398e-01 9.214085e-03 -4.925572e-03 9.999454e-01 -4.694702e+01
9.999273e-01 -4.529558e-03 -1.117578e-02 1.376923e+01 4.591327e-03 9.999743e-01 5.507566e-03 6.126125e-01 1.115055e-02 -5.558477e-03 9.999224e-01 -4.805310e+01
9.998994e-01 -2.848613e-03 -1.389179e-02 1.405433e+01 2.919679e-03 9.999827e-01 5.098089e-03 6.272980e-01 1.387703e-02 -5.138136e-03 9.998905e-01 -4.894478e+01
9.999766e-01 -2.315919e-03 -6.443964e-03 1.427445e+01 2.326863e-03 9.999959e-01 1.691314e-03 6.356210e-01 6.440021e-03 -1.706268e-03 9.999778e-01 -4.960915e+01
9.999378e-01 -1.982037e-03 -1.097983e-02 1.442607e+01 2.023666e-03 9.999908e-01 3.781637e-03 6.403217e-01 1.097224e-02 -3.803622e-03 9.999326e-01 -5.013873e+01
9.999892e-01 -1.995060e-03 -4.207219e-03 1.454989e+01 2.002506e-03 9.999964e-01 1.766328e-03 6.475354e-01 4.203681e-03 -1.774733e-03 9.999896e-01 -5.062057e+01
9.999148e-01 -1.396412e-03 -1.297722e-02 1.470083e+01 1.437973e-03 9.999939e-01 3.193844e-03 6.522533e-01 1.297268e-02 -3.212234e-03 9.999107e-01 -5.107153e+01
9.999886e-01 -2.462430e-03 -4.091456e-03 1.485635e+01 2.469675e-03 9.999954e-01 1.766508e-03 6.571577e-01 4.087087e-03 -1.776592e-03 9.999901e-01 -5.156252e+01
9.999118e-01 -2.079879e-03 -1.311615e-02 1.501842e+01 2.139664e-03 9.999874e-01 4.545795e-03 6.652668e-01 1.310653e-02 -4.573459e-03 9.999036e-01 -5.212866e+01
9.999936e-01 -1.940613e-03 -3.004341e-03 1.516425e+01 1.943361e-03 9.999977e-01 9.118893e-04 6.715422e-01 3.002564e-03 -9.177215e-04 9.999951e-01 -5.262200e+01
9.998892e-01 -3.241791e-03 -1.452628e-02 1.533969e+01 3.318035e-03 9.999808e-01 5.227692e-03 6.801081e-01 1.450906e-02 -5.275312e-03 9.998808e-01 -5.325751e+01
9.999563e-01 -4.410907e-03 -8.239730e-03 1.560718e+01 4.451623e-03 9.999779e-01 4.929694e-03 6.961917e-01 8.217804e-03 -4.966158e-03 9.999539e-01 -5.418996e+01
9.999198e-01 -2.637176e-03 -1.238420e-02 1.584438e+01 2.689997e-03 9.999873e-01 4.250456e-03 7.094303e-01 1.237284e-02 -4.283429e-03 9.999143e-01 -5.503227e+01
9.999730e-01 -3.869596e-03 -6.248792e-03 1.604869e+01 3.895483e-03 9.999839e-01 4.135714e-03 7.215110e-01 6.232688e-03 -4.159944e-03 9.999719e-01 -5.579832e+01
9.999484e-01 -6.123090e-04 -1.014092e-02 1.620040e+01 6.332771e-04 9.999977e-01 2.064622e-03 7.284983e-01 1.013963e-02 -2.070938e-03 9.999464e-01 -5.633910e+01
9.999972e-01 -1.097134e-03 -2.087929e-03 1.626324e+01 1.098687e-03 9.999991e-01 7.425821e-04 7.301471e-01 2.087113e-03 -7.448736e-04 9.999975e-01 -5.653396e+01
9.999824e-01 1.510237e-03 -5.732051e-03 1.622958e+01 -1.508738e-03 9.999988e-01 2.659208e-04 7.283067e-01 5.732445e-03 -2.572684e-04 9.999835e-01 -5.645328e+01
9.999557e-01 -4.880886e-03 -8.045039e-03 1.632817e+01 4.918036e-03 9.999773e-01 4.604320e-03 7.336490e-01 8.022383e-03 -4.643681e-03 9.999570e-01 -5.686277e+01
9.999813e-01 1.654663e-04 -6.106808e-03 1.646658e+01 -1.557784e-04 9.999987e-01 1.586890e-03 7.415095e-01 6.107063e-03 -1.585909e-03 9.999801e-01 -5.740579e+01
9.999883e-01 -2.221819e-03 -4.300086e-03 1.648374e+01 2.230050e-03 9.999957e-01 1.910239e-03 7.453979e-01 4.295823e-03 -1.919806e-03 9.999889e-01 -5.765577e+01
9.999882e-01 2.320393e-03 -4.277975e-03 1.646543e+01 -2.321539e-03 9.999973e-01 -2.627979e-04 7.442893e-01 4.277354e-03 2.727259e-04 9.999908e-01 -5.761940e+01
9.999700e-01 -3.207707e-03 -7.043961e-03 1.644793e+01 3.233223e-03 9.999882e-01 3.613960e-03 7.493842e-01 7.032286e-03 -3.636626e-03 9.999687e-01 -5.771292e+01
9.999303e-01 -8.020440e-04 -1.178159e-02 1.656699e+01 8.367695e-04 9.999953e-01 2.942830e-03 7.624314e-01 1.177918e-02 -2.952484e-03 9.999263e-01 -5.823674e+01
9.999469e-01 2.542721e-03 9.985949e-03 1.645292e+01 -2.528379e-03 9.999958e-01 -1.448594e-03 7.603331e-01 -9.989590e-03 1.423269e-03 9.999491e-01 -5.773982e+01
9.999434e-01 1.389119e-03 -1.054522e-02 1.630108e+01 -1.388434e-03 9.999990e-01 7.230772e-05 7.544046e-01 1.054531e-02 -5.766268e-05 9.999444e-01 -5.680223e+01
9.999450e-01 1.769134e-03 1.033832e-02 1.622181e+01 -1.749683e-03 9.999967e-01 -1.890229e-03 7.410229e-01 -1.034163e-02 1.872036e-03 9.999448e-01 -5.586657e+01
9.999074e-01 1.410860e-04 -1.360448e-02 1.620838e+01 -1.334421e-04 9.999998e-01 5.627938e-04 7.272048e-01 1.360456e-02 -5.609267e-04 9.999073e-01 -5.527001e+01
9.999904e-01 1.347641e-04 4.369510e-03 1.626717e+01 -1.339583e-04 1.000000e+00 -1.846318e-04 7.156760e-01 -4.369535e-03 1.840451e-04 9.999904e-01 -5.504528e+01
9.999506e-01 1.292117e-03 -9.853853e-03 1.627905e+01 -1.298762e-03 9.999989e-01 -6.679294e-04 7.029499e-01 9.852979e-03 6.806938e-04 9.999512e-01 -5.461611e+01
9.999776e-01 1.016737e-03 6.620291e-03 1.624429e+01 -1.011059e-03 9.999991e-01 -8.607743e-04 6.908915e-01 -6.621161e-03 8.540618e-04 9.999777e-01 -5.402911e+01
9.999443e-01 7.554798e-04 -1.052742e-02 1.622631e+01 -7.579049e-04 9.999997e-01 -2.263467e-04 6.786436e-01 1.052725e-02 2.343125e-04 9.999446e-01 -5.351755e+01
9.999991e-01 -1.289118e-03 -4.584291e-04 1.628635e+01 1.289815e-03 9.999980e-01 1.522833e-03 6.725141e-01 4.564652e-04 -1.523423e-03 9.999987e-01 -5.352942e+01
9.999406e-01 5.312615e-04 -1.088325e-02 1.634794e+01 -5.302714e-04 9.999999e-01 9.389048e-05 6.676805e-01 1.088330e-02 -8.811421e-05 9.999408e-01 -5.359974e+01
9.999937e-01 3.739811e-04 3.525166e-03 1.638099e+01 -3.725808e-04 9.999999e-01 -3.977954e-04 6.558090e-01 -3.525314e-03 3.964799e-04 9.999937e-01 -5.328419e+01
9.999609e-01 1.747721e-03 -8.662874e-03 1.635400e+01 -1.751188e-03 9.999984e-01 -3.926843e-04 6.446391e-01 8.662174e-03 4.078389e-04 9.999624e-01 -5.273913e+01
9.999888e-01 -1.133377e-04 4.725935e-03 1.634974e+01 1.166563e-04 9.999997e-01 -7.018756e-04 6.297912e-01 -4.725854e-03 7.024194e-04 9.999886e-01 -5.211394e+01
9.999736e-01 3.032455e-03 -6.597838e-03 1.628644e+01 -3.038930e-03 9.999949e-01 -9.716240e-04 6.155673e-01 6.594857e-03 9.916484e-04 9.999778e-01 -5.121326e+01
9.999762e-01 5.038660e-04 6.879276e-03 1.620697e+01 -4.941255e-04 9.999989e-01 -1.417497e-03 6.000025e-01 -6.879983e-03 1.414065e-03 9.999753e-01 -5.018046e+01
9.999743e-01 2.878372e-03 -6.569718e-03 1.612220e+01 -2.882321e-03 9.999957e-01 -5.916332e-04 5.851087e-01 6.567986e-03 6.105536e-04 9.999782e-01 -4.913060e+01
9.999929e-01 -9.433873e-04 3.644230e-03 1.609921e+01 9.455102e-04 9.999994e-01 -5.807698e-04 5.725020e-01 -3.643679e-03 5.842118e-04 9.999932e-01 -4.856421e+01
9.999578e-01 1.759912e-03 -9.020411e-03 1.612968e+01 -1.754911e-03 9.999983e-01 5.623218e-04 5.582246e-01 9.021385e-03 -5.464684e-04 9.999592e-01 -4.807292e+01
9.999684e-01 7.266561e-05 7.948639e-03 1.612557e+01 -5.582851e-05 9.999978e-01 -2.118397e-03 5.382793e-01 -7.948775e-03 2.117887e-03 9.999662e-01 -4.715880e+01
9.999578e-01 8.449315e-04 -9.146070e-03 1.617643e+01 -8.394500e-04 9.999995e-01 6.031892e-04 5.162685e-01 9.146575e-03 -5.954864e-04 9.999580e-01 -4.632877e+01
9.999575e-01 3.847697e-04 9.208843e-03 1.622355e+01 -3.653707e-04 9.999977e-01 -2.108114e-03 4.904253e-01 -9.209633e-03 2.104661e-03 9.999554e-01 -4.523200e+01
9.999473e-01 1.021124e-03 -1.021154e-02 1.627943e+01 -1.018460e-03 9.999994e-01 2.660462e-04 4.668825e-01 1.021180e-02 -2.556325e-04 9.999478e-01 -4.431959e+01
9.999841e-01 -9.340516e-05 5.634079e-03 1.633312e+01 9.940480e-05 9.999994e-01 -1.064555e-03 4.469486e-01 -5.633977e-03 1.065098e-03 9.999836e-01 -4.361009e+01
9.999727e-01 5.451740e-04 -7.372160e-03 1.640905e+01 -5.467803e-04 9.999998e-01 -2.158279e-04 4.239594e-01 7.372041e-03 2.198526e-04 9.999728e-01 -4.284260e+01
9.999889e-01 6.584396e-04 4.665174e-03 1.644618e+01 -6.529747e-04 9.999991e-01 -1.172771e-03 4.033641e-01 -4.665942e-03 1.169712e-03 9.999884e-01 -4.207193e+01
9.999794e-01 2.028370e-04 -6.414822e-03 1.648431e+01 -2.039158e-04 1.000000e+00 -1.674715e-04 3.824153e-01 6.414788e-03 1.687758e-04 9.999794e-01 -4.129108e+01
9.999969e-01 6.127880e-04 2.416659e-03 1.652644e+01 -6.109486e-04 9.999995e-01 -7.616796e-04 3.644077e-01 -2.417124e-03 7.602011e-04 9.999968e-01 -4.070750e+01
9.999878e-01 4.008200e-04 -4.920087e-03 1.656711e+01 -4.032732e-04 9.999998e-01 -4.975620e-04 3.443003e-01 4.919887e-03 4.995397e-04 9.999878e-01 -3.998174e+01
9.999948e-01 1.024450e-03 3.074268e-03 1.660396e+01 -1.021054e-03 9.999989e-01 -1.105912e-03 3.229301e-01 -3.075397e-03 1.102767e-03 9.999947e-01 -3.914984e+01
9.999844e-01 5.789989e-04 -5.557279e-03 1.662494e+01 -5.814905e-04 9.999997e-01 -4.466897e-04 3.032015e-01 5.557019e-03 4.499138e-04 9.999845e-01 -3.836658e+01
9.999915e-01 8.254163e-04 4.042445e-03 1.665625e+01 -8.207975e-04 9.999990e-01 -1.144023e-03 2.818585e-01 -4.043386e-03 1.140695e-03 9.999912e-01 -3.751138e+01
9.999779e-01 5.439539e-04 -6.621994e-03 1.668881e+01 -5.462553e-04 9.999998e-01 -3.456794e-04 2.617703e-01 6.621804e-03 3.492887e-04 9.999780e-01 -3.676069e+01
9.999932e-01 7.878919e-04 3.616386e-03 1.671944e+01 -7.848226e-04 9.999993e-01 -8.499785e-04 2.432498e-01 -3.617054e-03 8.471349e-04 9.999931e-01 -3.610802e+01
9.999707e-01 3.561307e-04 -7.644854e-03 1.674351e+01 -3.587709e-04 9.999999e-01 -3.439439e-04 2.266119e-01 7.644731e-03 3.466762e-04 9.999707e-01 -3.554842e+01
9.999999e-01 4.751297e-04 -3.157469e-05 1.678885e+01 -4.751230e-04 9.999999e-01 1.987323e-04 2.133987e-01 3.166920e-05 -1.987169e-04 1.000000e+00 -3.523339e+01
9.999684e-01 2.291839e-04 -7.946628e-03 1.682125e+01 -2.315028e-04 9.999999e-01 -2.908515e-04 2.029872e-01 7.946561e-03 2.926816e-04 9.999684e-01 -3.499526e+01
9.999998e-01 5.888652e-04 7.953540e-05 1.685685e+01 -5.888998e-04 9.999997e-01 4.407169e-04 1.918629e-01 -7.927578e-05 -4.407633e-04 9.999999e-01 -3.474241e+01
9.999921e-01 1.215252e-03 -3.778172e-03 1.685209e+01 -1.222470e-03 9.999974e-01 -1.908706e-03 1.772677e-01 3.775843e-03 1.913310e-03 9.999910e-01 -3.414435e+01
9.999999e-01 -2.044105e-04 -4.128402e-04 1.686939e+01 2.047379e-04 9.999997e-01 7.923267e-04 1.626732e-01 4.126782e-04 -7.924107e-04 9.999996e-01 -3.367108e+01
9.999927e-01 8.629324e-04 -3.727472e-03 1.690326e+01 -8.690852e-04 9.999983e-01 -1.649264e-03 1.463994e-01 3.726042e-03 1.652491e-03 9.999917e-01 -3.316214e+01
1.000000e+00 1.006931e-04 -1.709805e-05 1.693006e+01 -1.006822e-04 9.999998e-01 6.160086e-04 1.297655e-01 1.716015e-05 -6.160065e-04 9.999998e-01 -3.259659e+01
9.999873e-01 7.915449e-04 -4.980322e-03 1.696228e+01 -7.969182e-04 9.999991e-01 -1.076936e-03 1.145914e-01 4.979465e-03 1.080891e-03 9.999870e-01 -3.214755e+01
9.999993e-01 4.844847e-04 1.095390e-03 1.699632e+01 -4.843542e-04 9.999999e-01 -1.191011e-04 9.546139e-02 -1.095448e-03 1.185708e-04 9.999994e-01 -3.146589e+01
9.999932e-01 1.489670e-03 -3.383255e-03 1.700416e+01 -1.495184e-03 9.999976e-01 -1.627643e-03 7.624564e-02 3.380822e-03 1.632690e-03 9.999930e-01 -3.064864e+01
9.999986e-01 1.161966e-04 1.693221e-03 1.701768e+01 -1.160022e-04 1.000000e+00 -1.146848e-04 5.660676e-02 -1.693235e-03 1.144886e-04 9.999986e-01 -2.983060e+01
9.999774e-01 8.482889e-04 -6.671591e-03 1.707503e+01 -8.539812e-04 9.999993e-01 -8.503635e-04 3.905466e-02 6.670864e-03 8.560413e-04 9.999774e-01 -2.923766e+01
9.999999e-01 -2.795517e-04 -1.898447e-04 1.716696e+01 2.796441e-04 9.999998e-01 4.848398e-04 2.211093e-02 1.897092e-04 -4.848925e-04 9.999999e-01 -2.883291e+01
9.999935e-01 1.387177e-03 -3.324430e-03 1.720225e+01 -1.393672e-03 9.999971e-01 -1.952292e-03 3.616026e-03 3.321712e-03 1.956912e-03 9.999926e-01 -2.818157e+01
9.999983e-01 -6.914672e-04 -1.690541e-03 1.724952e+01 6.934455e-04 9.999991e-01 1.169744e-03 -1.340188e-02 1.689730e-03 -1.170914e-03 9.999979e-01 -2.765369e+01
9.999724e-01 8.836598e-04 -7.380524e-03 1.735172e+01 -8.892137e-04 9.999993e-01 -7.492009e-04 -3.198736e-02 7.379857e-03 7.557427e-04 9.999725e-01 -2.716165e+01
9.999915e-01 1.997625e-04 4.126182e-03 1.743186e+01 -1.983706e-04 9.999999e-01 -3.376447e-04 -5.592933e-02 -4.126249e-03 3.368237e-04 9.999914e-01 -2.634036e+01
9.999113e-01 5.815505e-04 -1.330826e-02 1.752352e+01 -5.768291e-04 9.999998e-01 3.586306e-04 -7.196960e-02 1.330846e-02 -3.509225e-04 9.999114e-01 -2.591562e+01
9.999992e-01 -9.874287e-05 1.299116e-03 1.765145e+01 9.928968e-05 9.999999e-01 -4.205613e-04 -9.035968e-02 -1.299074e-03 4.206903e-04 9.999991e-01 -2.545757e+01
9.998167e-01 -1.738728e-03 -1.906529e-02 1.785977e+01 1.824178e-03 9.999884e-01 4.465540e-03 -9.839196e-02 1.905731e-02 -4.499501e-03 9.998083e-01 -2.549674e+01
9.999916e-01 2.395357e-04 4.088487e-03 1.794510e+01 -2.339821e-04 9.999990e-01 -1.358669e-03 -9.801919e-02 -4.088808e-03 1.357702e-03 9.999907e-01 -2.567506e+01
9.998461e-01 -2.359601e-03 -1.738623e-02 1.802675e+01 2.452280e-03 9.999829e-01 5.311247e-03 -9.425799e-02 1.737340e-02 -5.353066e-03 9.998347e-01 -2.590411e+01
9.999914e-01 1.584716e-03 3.839687e-03 1.813382e+01 -1.571512e-03 9.999929e-01 -3.439401e-03 -1.021732e-01 -3.845110e-03 3.433337e-03 9.999867e-01 -2.586420e+01
9.999155e-01 -3.884916e-04 -1.299493e-02 1.819501e+01 4.288769e-04 9.999951e-01 3.105157e-03 -1.179603e-01 1.299366e-02 -3.110468e-03 9.999107e-01 -2.543770e+01
9.999731e-01 1.627478e-03 7.148858e-03 1.824620e+01 -1.600824e-03 9.999918e-01 -3.732543e-03 -1.361894e-01 -7.154874e-03 3.720999e-03 9.999675e-01 -2.488651e+01
9.999402e-01 6.802559e-05 -1.093127e-02 1.827564e+01 -4.616442e-05 9.999980e-01 2.000150e-03 -1.551855e-01 1.093138e-02 -1.999526e-03 9.999383e-01 -2.420103e+01
9.999875e-01 1.167572e-03 4.863783e-03 1.831426e+01 -1.154137e-03 9.999955e-01 -2.764080e-03 -1.698172e-01 -4.866988e-03 2.758432e-03 9.999844e-01 -2.377134e+01
9.999445e-01 -1.147118e-03 -1.047156e-02 1.853291e+01 1.187600e-03 9.999918e-01 3.860607e-03 -1.928020e-01 1.046705e-02 -3.872830e-03 9.999377e-01 -2.320146e+01
9.998939e-01 6.768621e-03 1.289582e-02 1.852861e+01 -6.690041e-03 9.999589e-01 -6.126838e-03 -2.240672e-01 -1.293676e-02 6.039915e-03 9.998981e-01 -2.112058e+01
9.999833e-01 -1.536526e-03 -5.579550e-03 1.845003e+01 1.559264e-03 9.999905e-01 4.073156e-03 -2.482823e-01 5.573239e-03 -4.081788e-03 9.999761e-01 -1.958824e+01
9.999835e-01 3.932802e-03 4.179978e-03 1.845328e+01 -3.916467e-03 9.999847e-01 -3.908846e-03 -2.675025e-01 -4.195287e-03 3.892411e-03 9.999836e-01 -1.863661e+01
9.999884e-01 -1.022081e-03 -4.697560e-03 1.847252e+01 1.029332e-03 9.999983e-01 1.541590e-03 -2.903488e-01 4.695976e-03 -1.546408e-03 9.999878e-01 -1.760221e+01
9.999975e-01 1.528921e-03 -1.650173e-03 1.862254e+01 -1.531171e-03 9.999979e-01 -1.363415e-03 -3.101649e-01 1.648085e-03 1.365938e-03 9.999977e-01 -1.713369e+01
9.999093e-01 -2.022950e-03 -1.331770e-02 1.880244e+01 2.065560e-03 9.999928e-01 3.186545e-03 -3.268190e-01 1.331116e-02 -3.213765e-03 9.999062e-01 -1.711333e+01
9.999958e-01 -2.488289e-04 -2.878410e-03 1.892995e+01 2.505728e-04 9.999998e-01 6.053989e-04 -3.299516e-01 2.878259e-03 -6.061173e-04 9.999957e-01 -1.741997e+01
9.999524e-01 -1.153135e-04 -9.761214e-03 1.902193e+01 1.246511e-04 9.999995e-01 9.560472e-04 -3.403416e-01 9.761100e-03 -9.572187e-04 9.999519e-01 -1.741724e+01
9.999550e-01 -3.859537e-03 -8.665499e-03 1.919224e+01 3.894926e-03 9.999841e-01 4.070751e-03 -3.395510e-01 8.649651e-03 -4.104319e-03 9.999542e-01 -1.792647e+01
9.999356e-01 -2.220881e-03 -1.113039e-02 1.943660e+01 2.263658e-03 9.999901e-01 3.832099e-03 -3.327120e-01 1.112177e-02 -3.857048e-03 9.999307e-01 -1.866429e+01
9.999391e-01 -4.582323e-03 -1.003691e-02 1.969955e+01 4.631444e-03 9.999774e-01 4.876209e-03 -3.233023e-01 1.001434e-02 -4.922397e-03 9.999377e-01 -1.949229e+01
9.999434e-01 -1.065038e-03 -1.058218e-02 2.006982e+01 1.087538e-03 9.999972e-01 2.120669e-03 -3.204474e-01 1.057989e-02 -2.132058e-03 9.999418e-01 -2.027895e+01
9.998300e-01 -5.528186e-03 -1.759084e-02 2.052097e+01 5.662057e-03 9.999553e-01 7.569569e-03 -3.200893e-01 1.754820e-02 -7.667882e-03 9.998166e-01 -2.115303e+01
9.999954e-01 1.208417e-03 -2.793527e-03 2.078034e+01 -1.211081e-03 9.999988e-01 -9.518778e-04 -3.193463e-01 2.792373e-03 9.552563e-04 9.999956e-01 -2.173773e+01
9.996744e-01 -6.807001e-03 -2.459365e-02 2.122271e+01 7.035102e-03 9.999329e-01 9.200216e-03 -3.205897e-01 2.452938e-02 -9.370238e-03 9.996552e-01 -2.254439e+01
9.999994e-01 -1.479570e-04 1.069514e-03 2.165328e+01 1.481670e-04 1.000000e+00 -1.966499e-04 -3.158145e-01 -1.069485e-03 1.968079e-04 9.999994e-01 -2.343747e+01
9.996394e-01 -6.349221e-03 -2.609213e-02 2.201454e+01 6.590691e-03 9.999362e-01 9.178943e-03 -3.112836e-01 2.603218e-02 -9.347598e-03 9.996174e-01 -2.427106e+01
9.999800e-01 1.254345e-03 6.194277e-03 2.227074e+01 -1.239224e-03 9.999962e-01 -2.444414e-03 -3.075237e-01 -6.197320e-03 2.436689e-03 9.999778e-01 -2.493136e+01
9.996243e-01 -6.170825e-03 -2.670439e-02 2.250746e+01 6.419070e-03 9.999369e-01 9.220289e-03 -3.033833e-01 2.664580e-02 -9.388242e-03 9.996009e-01 -2.556549e+01
9.999721e-01 1.493343e-03 7.325350e-03 2.273154e+01 -1.471914e-03 9.999946e-01 -2.929921e-03 -2.996985e-01 -7.329686e-03 2.919057e-03 9.999689e-01 -2.617169e+01
9.996325e-01 -5.786550e-03 -2.648451e-02 2.301860e+01 6.013261e-03 9.999459e-01 8.488483e-03 -2.992042e-01 2.643396e-02 -8.644621e-03 9.996132e-01 -2.677213e+01
9.999874e-01 1.068694e-03 4.905739e-03 2.326833e+01 -1.060816e-03 9.999981e-01 -1.608280e-03 -2.985730e-01 -4.907448e-03 1.603056e-03 9.999867e-01 -2.737718e+01
9.998824e-01 -1.470150e-03 -1.526266e-02 2.331942e+01 1.558675e-03 9.999820e-01 5.789773e-03 -3.045624e-01 1.525388e-02 -5.812882e-03 9.998668e-01 -2.731305e+01
9.999991e-01 3.171499e-04 1.331813e-03 2.349503e+01 -3.123877e-04 9.999936e-01 -3.574704e-03 -3.133187e-01 -1.332938e-03 3.574284e-03 9.999927e-01 -2.740632e+01
9.996727e-01 -6.068493e-03 -2.485263e-02 2.387222e+01 6.361020e-03 9.999112e-01 1.170835e-02 -3.110453e-01 2.477937e-02 -1.186260e-02 9.996226e-01 -2.819669e+01
9.999920e-01 -1.384504e-03 -3.765747e-03 2.446460e+01 1.382800e-03 9.999989e-01 -4.548143e-04 -3.095796e-01 3.766373e-03 4.496032e-04 9.999928e-01 -2.920202e+01
9.996595e-01 -5.629609e-03 -2.548109e-02 2.511004e+01 5.908061e-03 9.999235e-01 1.086572e-02 -3.104683e-01 2.541797e-02 -1.101257e-02 9.996163e-01 -3.017059e+01
9.999999e-01 -4.640252e-04 -2.540031e-04 2.554801e+01 4.635416e-04 9.999981e-01 -1.899261e-03 -3.099904e-01 2.548841e-04 1.899143e-03 9.999982e-01 -3.097196e+01
9.997828e-01 -5.596894e-03 -2.007602e-02 2.582609e+01 5.795260e-03 9.999348e-01 9.836177e-03 -3.043239e-01 2.001966e-02 -9.950386e-03 9.997501e-01 -3.172039e+01
9.999998e-01 -3.075360e-04 5.821123e-04 2.609752e+01 3.087943e-04 9.999976e-01 -2.163470e-03 -2.986682e-01 -5.814454e-04 2.163649e-03 9.999975e-01 -3.245949e+01
9.997249e-01 -7.005610e-03 -2.238223e-02 2.647140e+01 7.256047e-03 9.999118e-01 1.112754e-02 -2.918976e-01 2.230230e-02 -1.128689e-02 9.996876e-01 -3.338867e+01
9.999995e-01 -6.019834e-04 -8.189422e-04 2.681104e+01 6.012736e-04 9.999994e-01 -8.661836e-04 -2.821776e-01 8.194634e-04 8.656906e-04 9.999993e-01 -3.430905e+01
9.998337e-01 -5.012516e-03 -1.753309e-02 2.711883e+01 5.151256e-03 9.999557e-01 7.876832e-03 -2.784816e-01 1.749283e-02 -7.965839e-03 9.998153e-01 -3.502112e+01
9.999755e-01 -2.249174e-03 -6.632362e-03 2.773126e+01 2.261765e-03 9.999957e-01 1.891648e-03 -2.796375e-01 6.628079e-03 -1.906603e-03 9.999762e-01 -3.600926e+01
9.997809e-01 -6.670185e-03 -1.983964e-02 2.834477e+01 6.861280e-03 9.999306e-01 9.579534e-03 -2.758162e-01 1.977436e-02 -9.713560e-03 9.997573e-01 -3.715175e+01
9.999482e-01 -4.062655e-03 -9.336937e-03 2.879204e+01 4.104266e-03 9.999817e-01 4.441808e-03 -2.594267e-01 9.318721e-03 -4.479899e-03 9.999465e-01 -3.844709e+01
9.998084e-01 -5.528380e-03 -1.877757e-02 2.914335e+01 5.677198e-03 9.999528e-01 7.881231e-03 -2.408797e-01 1.873311e-02 -7.986325e-03 9.997926e-01 -3.963989e+01
9.999616e-01 -1.722179e-03 -8.589505e-03 2.947913e+01 1.742090e-03 9.999958e-01 2.311128e-03 -2.313529e-01 8.585489e-03 -2.326003e-03 9.999604e-01 -4.055215e+01
9.998689e-01 -5.314580e-03 -1.529355e-02 2.986297e+01 5.417331e-03 9.999630e-01 6.684983e-03 -2.250837e-01 1.525745e-02 -6.766956e-03 9.998607e-01 -4.147912e+01
9.999529e-01 -3.408509e-03 -9.088667e-03 3.031656e+01 3.446985e-03 9.999852e-01 4.221168e-03 -2.165603e-01 9.074145e-03 -4.252298e-03 9.999498e-01 -4.257770e+01
9.997677e-01 -4.961943e-03 -2.097430e-02 3.096014e+01 5.122159e-03 9.999581e-01 7.591869e-03 -2.137245e-01 2.093574e-02 -7.697539e-03 9.997512e-01 -4.369670e+01
9.999860e-01 -1.957943e-03 -4.915674e-03 3.138134e+01 1.966798e-03 9.999965e-01 1.797206e-03 -2.096929e-01 4.912138e-03 -1.806849e-03 9.999863e-01 -4.457992e+01
9.998599e-01 -4.034325e-03 -1.624491e-02 3.183355e+01 4.130108e-03 9.999743e-01 5.866973e-03 -2.104418e-01 1.622082e-02 -5.933244e-03 9.998508e-01 -4.537794e+01
9.999790e-01 -1.537634e-03 -6.297523e-03 3.218708e+01 1.546676e-03 9.999978e-01 1.431336e-03 -2.090202e-01 6.295309e-03 -1.441046e-03 9.999791e-01 -4.609811e+01
9.999063e-01 -4.657445e-03 -1.287101e-02 3.259717e+01 4.732919e-03 9.999717e-01 5.839584e-03 -2.084344e-01 1.284345e-02 -5.899955e-03 9.999001e-01 -4.689128e+01
9.999154e-01 -3.118442e-03 -1.262618e-02 3.301389e+01 3.173704e-03 9.999855e-01 4.359175e-03 -2.018008e-01 1.261240e-02 -4.398878e-03 9.999108e-01 -4.785434e+01
9.999684e-01 -2.745641e-03 -7.457299e-03 3.322194e+01 2.770483e-03 9.999906e-01 3.322937e-03 -1.936076e-01 7.448105e-03 -3.343492e-03 9.999667e-01 -4.856548e+01
9.999034e-01 -3.485858e-03 -1.345590e-02 3.344255e+01 3.552124e-03 9.999817e-01 4.903945e-03 -1.846205e-01 1.343856e-02 -4.951269e-03 9.998974e-01 -4.932076e+01
9.999939e-01 -1.041786e-03 -3.327841e-03 3.358352e+01 1.046510e-03 9.999984e-01 1.417912e-03 -1.781826e-01 3.326359e-03 -1.421386e-03 9.999935e-01 -4.987105e+01
9.999172e-01 -2.070400e-03 -1.270304e-02 3.371912e+01 2.114288e-03 9.999918e-01 3.442443e-03 -1.769940e-01 1.269581e-02 -3.469016e-03 9.999134e-01 -5.028052e+01
9.999872e-01 7.029220e-04 -5.019256e-03 3.384778e+01 -7.045763e-04 9.999997e-01 -3.278939e-04 -1.841275e-01 5.019024e-03 3.314262e-04 9.999873e-01 -5.047139e+01
9.999098e-01 -3.057385e-03 -1.307677e-02 3.399897e+01 3.108599e-03 9.999876e-01 3.897872e-03 -1.878857e-01 1.306469e-02 -3.938171e-03 9.999069e-01 -5.080389e+01
9.999588e-01 -3.300153e-03 -8.457312e-03 3.418852e+01 3.344879e-03 9.999805e-01 5.279687e-03 -1.782167e-01 8.439723e-03 -5.307758e-03 9.999503e-01 -5.155424e+01
9.999566e-01 -2.401450e-03 -8.996268e-03 3.435779e+01 2.421924e-03 9.999945e-01 2.265682e-03 -1.664886e-01 8.990778e-03 -2.287372e-03 9.999570e-01 -5.224561e+01
9.999625e-01 -1.671202e-03 -8.501480e-03 3.448462e+01 1.700861e-03 9.999925e-01 3.482622e-03 -1.624752e-01 8.495596e-03 -3.496951e-03 9.999578e-01 -5.275543e+01
9.998845e-01 -5.141080e-03 -1.430416e-02 3.473353e+01 5.227930e-03 9.999681e-01 6.040915e-03 -1.527348e-01 1.427265e-02 -6.114999e-03 9.998794e-01 -5.357006e+01
9.999838e-01 -1.344301e-03 -5.533511e-03 3.495716e+01 1.355348e-03 9.999971e-01 1.993112e-03 -1.411964e-01 5.530815e-03 -2.000579e-03 9.999827e-01 -5.436279e+01
9.998948e-01 -3.197481e-03 -1.415027e-02 3.517140e+01 3.258510e-03 9.999855e-01 4.291969e-03 -1.380983e-01 1.413634e-02 -4.337626e-03 9.998907e-01 -5.495421e+01
9.999829e-01 -1.585698e-03 -5.630434e-03 3.535278e+01 1.599747e-03 9.999956e-01 2.491380e-03 -1.342872e-01 5.626459e-03 -2.500344e-03 9.999810e-01 -5.554226e+01
9.999238e-01 -3.089149e-03 -1.195191e-02 3.553853e+01 3.133441e-03 9.999883e-01 3.688976e-03 -1.291007e-01 1.194037e-02 -3.726145e-03 9.999218e-01 -5.612619e+01
9.999741e-01 -1.387964e-03 -7.067941e-03 3.571764e+01 1.407264e-03 9.999953e-01 2.726337e-03 -1.256499e-01 7.064123e-03 -2.736212e-03 9.999713e-01 -5.668495e+01
9.999339e-01 -3.102085e-03 -1.106721e-02 3.587896e+01 3.142510e-03 9.999884e-01 3.637209e-03 -1.214977e-01 1.105580e-02 -3.671748e-03 9.999321e-01 -5.723561e+01
9.999775e-01 -1.471092e-03 -6.537485e-03 3.603269e+01 1.488356e-03 9.999954e-01 2.636582e-03 -1.168282e-01 6.533576e-03 -2.646253e-03 9.999752e-01 -5.779145e+01
9.999339e-01 -3.214755e-03 -1.103553e-02 3.618057e+01 3.259556e-03 9.999865e-01 4.044168e-03 -1.111969e-01 1.102238e-02 -4.079872e-03 9.999309e-01 -5.834929e+01
9.999590e-01 -2.595297e-03 -8.671256e-03 3.641569e+01 2.625952e-03 9.999903e-01 3.525745e-03 -1.040905e-01 8.662021e-03 -3.548371e-03 9.999562e-01 -5.906776e+01
9.999344e-01 -3.811820e-03 -1.080029e-02 3.664296e+01 3.866965e-03 9.999796e-01 5.089642e-03 -9.524205e-02 1.078067e-02 -5.131072e-03 9.999287e-01 -5.981165e+01
9.999625e-01 -2.074212e-03 -8.410822e-03 3.682212e+01 2.097585e-03 9.999940e-01 2.770990e-03 -8.613923e-02 8.405023e-03 -2.788528e-03 9.999608e-01 -6.051214e+01
9.999516e-01 -4.156613e-03 -8.913828e-03 3.698243e+01 4.206042e-03 9.999758e-01 5.533638e-03 -7.443187e-02 8.890612e-03 -5.570862e-03 9.999450e-01 -6.122111e+01
9.999610e-01 -1.204482e-03 -8.747236e-03 3.713760e+01 1.221599e-03 9.999973e-01 1.951697e-03 -6.549889e-02 8.744862e-03 -1.962307e-03 9.999598e-01 -6.185722e+01
9.999410e-01 -4.717344e-03 -9.787652e-03 3.731968e+01 4.776592e-03 9.999704e-01 6.038794e-03 -5.623815e-02 9.758875e-03 -6.085189e-03 9.999339e-01 -6.255935e+01
9.999662e-01 -3.047662e-04 -8.218196e-03 3.749962e+01 3.102141e-04 9.999997e-01 6.615973e-04 -5.084097e-02 8.217992e-03 -6.641244e-04 9.999660e-01 -6.316992e+01
9.999542e-01 -3.429525e-03 -8.936443e-03 3.764725e+01 3.471665e-03 9.999829e-01 4.704353e-03 -4.882723e-02 8.920157e-03 -4.735162e-03 9.999490e-01 -6.364630e+01
