9.999113e-01 6.554421e-04 -1.330374e-02 3.980970e-02 -6.663736e-04 9.999994e-01 -8.172705e-04 -6.308150e-03 1.330320e-02 8.260626e-04 9.999112e-01 -8.988542e-02
9.999993e-01 7.177665e-05 -1.218395e-03 1.288282e-01 -7.183400e-05 1.000000e+00 -4.705294e-05 -1.553981e-02 1.218392e-03 4.714114e-05 9.999993e-01 -2.082208e-01
9.998876e-01 7.008303e-04 -1.497622e-02 2.881085e-01 -7.139410e-04 9.999994e-01 -8.701065e-04 -2.541274e-02 1.497560e-02 8.807001e-04 9.998875e-01 -4.108753e-01
9.999950e-01 -8.641952e-05 3.145760e-03 3.690424e-01 8.629105e-05 1.000000e+00 4.099022e-05 -3.316240e-02 -3.145763e-03 -4.071786e-05 9.999951e-01 -5.138122e-01
9.998896e-01 7.519806e-04 -1.483867e-02 4.361220e-01 -7.656016e-04 9.999993e-01 -9.122777e-04 -4.245335e-02 1.483797e-02 9.235368e-04 9.998895e-01 -5.739637e-01
9.999943e-01 -1.631547e-04 3.379955e-03 4.932677e-01 1.630537e-04 1.000000e+00 3.017381e-05 -5.093556e-02 -3.379960e-03 -2.962181e-05 9.999943e-01 -6.415541e-01
9.998822e-01 8.208547e-04 -1.532954e-02 5.676672e-01 -8.345239e-04 9.999993e-01 -8.853082e-04 -6.052504e-02 1.532880e-02 8.979960e-04 9.998821e-01 -7.152067e-01
9.999914e-01 -2.356467e-04 4.128989e-03 6.078098e-01 2.356183e-04 1.000000e+00 7.390839e-06 -6.896656e-02 -4.128990e-03 -6.417200e-06 9.999915e-01 -7.569652e-01
9.998677e-01 8.538351e-04 -1.624162e-02 6.322235e-01 -8.684952e-04 9.999992e-01 -8.955912e-04 -7.584237e-02 1.624085e-02 9.095778e-04 9.998677e-01 -8.118024e-01
9.999944e-01 -2.495677e-04 3.347028e-03 6.664536e-01 2.497702e-04 1.000000e+00 -6.005827e-05 -8.274382e-02 -3.347013e-03 6.089463e-05 9.999944e-01 -8.900645e-01
9.998828e-01 8.695926e-04 -1.528758e-02 7.058312e-01 -8.820555e-04 9.999993e-01 -8.085013e-04 -9.044586e-02 1.528687e-02 8.218903e-04 9.998828e-01 -9.477298e-01
1.000000e+00 -1.642545e-04 1.786485e-04 7.614927e-01 1.642631e-04 1.000000e+00 -4.772152e-05 -9.791096e-02 -1.786404e-04 4.775158e-05 1.000000e+00 -1.062119e+00
9.998738e-01 1.002148e-03 -1.585473e-02 7.931651e-01 -1.014137e-03 9.999992e-01 -7.481494e-04 -1.030976e-01 1.585397e-02 7.641331e-04 9.998740e-01 -1.173660e+00
9.999999e-01 -1.863795e-04 4.943704e-04 7.317961e-01 1.863035e-04 1.000000e+00 1.538870e-04 -1.022796e-01 -4.943987e-04 -1.537941e-04 9.999999e-01 -1.225469e+00
9.998607e-01 1.027910e-03 -1.666038e-02 5.307148e-01 -1.034459e-03 9.999994e-01 -3.845162e-04 -8.818893e-02 1.665997e-02 4.016964e-04 9.998611e-01 -1.221538e+00
9.999964e-01 -5.762457e-04 2.616777e-03 4.017346e-01 5.757012e-04 9.999998e-01 2.088675e-04 -8.239881e-02 -2.616897e-03 -2.073596e-04 9.999966e-01 -1.185622e+00
9.998597e-01 1.168294e-03 -1.670702e-02 3.538809e-01 -1.183396e-03 9.999989e-01 -8.940507e-04 -8.349463e-02 1.670596e-02 9.136957e-04 9.998600e-01 -1.212045e+00
9.999992e-01 -3.870461e-04 1.182069e-03 3.461228e-01 3.870763e-04 9.999999e-01 -2.525999e-05 -8.725134e-02 -1.182059e-03 2.571823e-05 9.999993e-01 -1.300579e+00
9.998629e-01 1.120339e-03 -1.651974e-02 3.189511e-01 -1.133140e-03 9.999991e-01 -7.655730e-04 -8.946258e-02 1.651887e-02 7.841866e-04 9.998632e-01 -1.375620e+00
9.999966e-01 -4.812438e-04 2.569694e-03 3.554231e-01 4.815594e-04 9.999999e-01 -1.221666e-04 -9.638795e-02 -2.569634e-03 1.234044e-04 9.999967e-01 -1.464854e+00
9.998338e-01 1.283893e-03 -1.818574e-02 4.015787e-01 -1.294833e-03 9.999990e-01 -5.898150e-04 -1.028533e-01 1.818497e-02 6.132638e-04 9.998345e-01 -1.577166e+00
9.999947e-01 -5.233893e-04 3.218020e-03 4.676385e-01 5.239005e-04 9.999999e-01 -1.580018e-04 -1.099224e-01 -3.217936e-03 1.596876e-04 9.999948e-01 -1.699114e+00
9.998587e-01 1.190855e-03 -1.676845e-02 4.853200e-01 -1.201953e-03 9.999991e-01 -6.517857e-04 -1.156653e-01 1.676766e-02 6.718478e-04 9.998592e-01 -1.770664e+00
9.999669e-01 -7.187874e-04 8.099808e-03 4.901852e-01 7.227397e-04 9.999996e-01 -4.850123e-04 -1.235154e-01 -8.099456e-03 4.908510e-04 9.999671e-01 -1.711513e+00
9.998751e-01 1.289199e-03 -1.575405e-02 5.428280e-01 -1.300849e-03 9.999989e-01 -7.292784e-04 -1.358048e-01 1.575309e-02 7.496802e-04 9.998756e-01 -1.525339e+00
9.999871e-01 -8.172651e-04 5.004644e-03 5.796721e-01 8.179851e-04 9.999997e-01 -1.417952e-04 -1.449376e-01 -5.004526e-03 1.458878e-04 9.999875e-01 -1.530543e+00
9.998825e-01 1.355747e-03 -1.527099e-02 6.433445e-01 -1.366828e-03 9.999988e-01 -7.151516e-04 -1.545586e-01 1.527000e-02 7.359396e-04 9.998831e-01 -1.574274e+00
9.999846e-01 -9.070379e-04 5.479499e-03 6.747522e-01 9.092848e-04 9.999995e-01 -4.075435e-04 -1.634591e-01 -5.479127e-03 4.125204e-04 9.999849e-01 -1.562091e+00
9.997673e-01 1.530116e-03 -2.151880e-02 7.511280e-01 -1.539361e-03 9.999987e-01 -4.130482e-04 -1.712507e-01 2.151814e-02 4.460766e-04 9.997684e-01 -1.705286e+00
9.999652e-01 -8.377242e-04 8.300596e-03 7.834995e-01 8.402479e-04 9.999996e-01 -3.005364e-04 -1.775209e-01 -8.300341e-03 3.075012e-04 9.999655e-01 -1.783297e+00
9.998408e-01 1.285124e-03 -1.779647e-02 7.912887e-01 -1.297110e-03 9.999989e-01 -6.619990e-04 -1.853136e-01 1.779560e-02 6.849769e-04 9.998414e-01 -1.742429e+00
9.999886e-01 -6.519919e-04 4.730069e-03 8.159237e-01 6.529383e-04 9.999998e-01 -1.985033e-04 -1.925002e-01 -4.729939e-03 2.015902e-04 9.999888e-01 -1.800724e+00
9.997973e-01 1.403467e-03 -2.008421e-02 8.499154e-01 -1.414908e-03 9.999988e-01 -5.554828e-04 -1.985525e-01 2.008341e-02 5.837868e-04 9.997981e-01 -1.907224e+00
9.999864e-01 -5.628072e-04 5.188931e-03 9.337845e-01 5.639480e-04 9.999998e-01 -2.183667e-04 -2.061661e-01 -5.188807e-03 2.212907e-04 9.999865e-01 -2.039051e+00
9.997636e-01 1.322015e-03 -2.170213e-02 1.005266e+00 -1.334763e-03 9.999989e-01 -5.729038e-04 -2.134150e-01 2.170135e-02 6.017349e-04 9.997643e-01 -2.179812e+00
9.999992e-01 -4.316090e-04 1.169312e-03 1.051326e+00 4.317420e-04 9.999999e-01 -1.133730e-04 -2.169406e-01 -1.169262e-03 1.138785e-04 9.999993e-01 -2.372774e+00
9.997817e-01 1.304192e-03 -2.085511e-02 1.143366e+00 -1.316038e-03 9.999990e-01 -5.542592e-04 -2.227613e-01 2.085437e-02 5.815836e-04 9.997824e-01 -2.576534e+00
9.999903e-01 -5.578376e-04 4.363264e-03 1.282045e+00 5.591108e-04 9.999998e-01 -2.905328e-04 -2.313711e-01 -4.363101e-03 2.929702e-04 9.999904e-01 -2.769455e+00
9.997846e-01 1.317325e-03 -2.071258e-02 1.365161e+00 -1.328246e-03 9.999990e-01 -5.134941e-04 -2.385144e-01 2.071189e-02 5.408942e-04 9.997853e-01 -2.919580e+00
9.999998e-01 -5.621226e-04 2.381918e-04 1.412925e+00 5.622249e-04 9.999998e-01 -4.285025e-04 -2.428738e-01 -2.379505e-04 4.286371e-04 9.999999e-01 -3.114428e+00
9.998181e-01 1.302797e-03 -1.902752e-02 1.509829e+00 -1.314407e-03 9.999990e-01 -5.976695e-04 -2.490959e-01 1.902672e-02 6.225700e-04 9.998188e-01 -3.323654e+00
9.999959e-01 -5.629591e-04 2.811469e-03 1.654998e+00 5.639864e-04 9.999998e-01 -3.645223e-04 -2.582978e-01 -2.811263e-03 3.661071e-04 9.999960e-01 -3.524418e+00
9.997898e-01 1.270835e-03 -2.046455e-02 1.787653e+00 -1.282906e-03 9.999990e-01 -5.767352e-04 -2.674363e-01 2.046380e-02 6.028674e-04 9.997904e-01 -3.726541e+00
9.999904e-01 -4.867548e-04 4.346068e-03 1.884979e+00 4.878823e-04 9.999998e-01 -2.583206e-04 -2.746968e-01 -4.345941e-03 2.604392e-04 9.999905e-01 -3.891987e+00
9.998444e-01 1.152884e-03 -1.760202e-02 1.915288e+00 -1.163800e-03 9.999991e-01 -6.099376e-04 -2.811954e-01 1.760130e-02 6.303272e-04 9.998449e-01 -3.970399e+00
9.999999e-01 -3.734314e-04 8.743306e-05 1.980219e+00 3.734528e-04 9.999999e-01 -2.419671e-04 -2.877518e-01 -8.734244e-05 2.420004e-04 1.000000e+00 -4.123951e+00
9.998106e-01 1.209984e-03 -1.942672e-02 2.074364e+00 -1.219287e-03 9.999991e-01 -4.670193e-04 -2.946896e-01 1.942614e-02 4.906169e-04 9.998112e-01 -4.314711e+00
9.999998e-01 -2.856098e-04 -6.332671e-04 2.157016e+00 2.854688e-04 9.999999e-01 -2.230525e-04 -3.006244e-01 6.333310e-04 2.228723e-04 9.999998e-01 -4.512361e+00
9.998381e-01 1.037572e-03 -1.796451e-02 2.309228e+00 -1.047994e-03 9.999993e-01 -5.706734e-04 -3.094657e-01 1.796391e-02 5.894070e-04 9.998385e-01 -4.734888e+00
9.999906e-01 -2.514711e-04 -4.328952e-03 2.418545e+00 2.509465e-04 1.000000e+00 -1.217784e-04 -3.162770e-01 4.328983e-03 1.206916e-04 9.999906e-01 -4.969292e+00
9.997931e-01 1.144162e-03 -2.030762e-02 2.490304e+00 -1.157173e-03 9.999991e-01 -6.289594e-04 -3.203535e-01 2.030689e-02 6.523281e-04 9.997936e-01 -5.228211e+00
9.999823e-01 -2.281373e-04 -5.951517e-03 2.635644e+00 2.263268e-04 9.999999e-01 -3.049298e-04 -3.266132e-01 5.951586e-03 3.035780e-04 9.999822e-01 -5.553489e+00
9.998176e-01 1.066467e-03 -1.906667e-02 2.825066e+00 -1.080064e-03 9.999992e-01 -7.028480e-04 -3.347837e-01 1.906591e-02 7.233124e-04 9.998180e-01 -5.892083e+00
9.999977e-01 -2.327959e-04 -2.132274e-03 3.013777e+00 2.326372e-04 1.000000e+00 -7.482437e-05 -3.425065e-01 2.132291e-03 7.432879e-05 9.999977e-01 -6.186142e+00
9.996921e-01 9.774258e-04 -2.479224e-02 3.272039e+00 -1.006960e-03 9.999988e-01 -1.178790e-03 -3.543111e-01 2.479106e-02 1.203392e-03 9.996919e-01 -6.591668e+00
9.999977e-01 -4.490247e-05 -2.157896e-03 3.472900e+00 4.625399e-05 9.999998e-01 6.261139e-04 -3.606717e-01 2.157868e-03 -6.262116e-04 9.999975e-01 -6.966424e+00
9.997169e-01 7.460081e-04 -2.378013e-02 3.660937e+00 -7.841906e-04 9.999984e-01 -1.596349e-03 -3.689472e-01 2.377890e-02 1.614545e-03 9.997159e-01 -7.317223e+00
9.999916e-01 2.155981e-04 -4.082752e-03 3.863415e+00 -2.124254e-04 9.999997e-01 7.774170e-04 -3.765663e-01 4.082918e-03 -7.765426e-04 9.999914e-01 -7.695245e+00
9.997815e-01 6.104334e-04 -2.089416e-02 4.043871e+00 -6.426560e-04 9.999986e-01 -1.535482e-03 -3.832762e-01 2.089320e-02 1.548574e-03 9.997805e-01 -8.038529e+00
9.999907e-01 2.477442e-04 -4.300959e-03 4.300181e+00 -2.457290e-04 9.999999e-01 4.689719e-04 -3.934184e-01 4.301075e-03 -4.679101e-04 9.999906e-01 -8.431023e+00
9.998010e-01 6.988388e-04 -1.993508e-02 4.598612e+00 -7.279759e-04 9.999987e-01 -1.454362e-03 -4.033995e-01 1.993404e-02 1.468584e-03 9.998002e-01 -8.851374e+00
9.999984e-01 1.244431e-04 -1.783203e-03 4.801636e+00 -1.233551e-04 9.999998e-01 6.100162e-04 -4.119867e-01 1.783279e-03 -6.097947e-04 9.999982e-01 -9.158391e+00
9.997288e-01 5.778508e-04 -2.327861e-02 5.080905e+00 -6.195594e-04 9.999982e-01 -1.784525e-03 -4.237454e-01 2.327754e-02 1.798463e-03 9.997274e-01 -9.558730e+00
9.999992e-01 3.075661e-04 -1.189659e-03 5.343248e+00 -3.064089e-04 9.999995e-01 9.724368e-04 -4.327739e-01 1.189958e-03 -9.720710e-04 9.999988e-01 -9.948314e+00
9.997981e-01 6.332712e-04 -2.008576e-02 5.516428e+00 -6.660516e-04 9.999985e-01 -1.625355e-03 -4.395492e-01 2.008470e-02 1.638405e-03 9.997969e-01 -1.023085e+01
9.999999e-01 1.474999e-04 3.071867e-04 5.583948e+00 -1.477546e-04 9.999996e-01 8.308675e-04 -4.447147e-01 -3.070639e-04 -8.309123e-04 9.999996e-01 -1.042420e+01
9.998260e-01 6.176356e-04 -1.864201e-02 5.700554e+00 -6.485050e-04 9.999984e-01 -1.649885e-03 -4.525477e-01 1.864096e-02 1.661687e-03 9.998249e-01 -1.061935e+01
9.999970e-01 1.517227e-04 -2.448097e-03 5.920884e+00 -1.498920e-04 9.999997e-01 7.477890e-04 -4.634859e-01 2.448210e-03 -7.474192e-04 9.999967e-01 -1.091757e+01
9.998054e-01 5.816470e-04 -1.971814e-02 6.171189e+00 -6.122610e-04 9.999986e-01 -1.546557e-03 -4.735559e-01 1.971721e-02 1.558328e-03 9.998044e-01 -1.126425e+01
9.999974e-01 2.633177e-04 -2.271811e-03 6.377694e+00 -2.618718e-04 9.999998e-01 6.365318e-04 -4.826882e-01 2.271978e-03 -6.359346e-04 9.999972e-01 -1.157524e+01
9.998517e-01 6.061095e-04 -1.721105e-02 6.554020e+00 -6.303819e-04 9.999988e-01 -1.404867e-03 -4.909836e-01 1.721018e-02 1.415507e-03 9.998509e-01 -1.183254e+01
9.999945e-01 1.227933e-04 -3.318535e-03 6.703828e+00 -1.212206e-04 9.999999e-01 4.740002e-04 -4.997699e-01 3.318593e-03 -4.735947e-04 9.999944e-01 -1.207976e+01
9.998256e-01 6.848280e-04 -1.866236e-02 6.882148e+00 -7.110096e-04 9.999988e-01 -1.396286e-03 -5.079802e-01 1.866138e-02 1.409311e-03 9.998249e-01 -1.237700e+01
9.999961e-01 1.095525e-04 -2.796618e-03 7.080056e+00 -1.081145e-04 9.999999e-01 5.141698e-04 -5.172554e-01 2.796674e-03 -5.138649e-04 9.999960e-01 -1.267594e+01
9.997204e-01 7.523884e-04 -2.363375e-02 7.308834e+00 -7.864626e-04 9.999987e-01 -1.432479e-03 -5.274010e-01 2.363264e-02 1.450665e-03 9.997197e-01 -1.302052e+01
9.999975e-01 9.883440e-05 2.225711e-03 7.564598e+00 -1.006932e-04 9.999996e-01 8.352681e-04 -5.361518e-01 -2.225628e-03 -8.354896e-04 9.999972e-01 -1.334774e+01
9.997467e-01 6.907561e-04 -2.249618e-02 7.758566e+00 -7.291822e-04 9.999983e-01 -1.699936e-03 -5.460044e-01 2.249497e-02 1.715909e-03 9.997455e-01 -1.362528e+01
9.999908e-01 1.867951e-04 4.274700e-03 7.932593e+00 -1.907563e-04 9.999996e-01 9.263908e-04 -5.545348e-01 -4.274525e-03 -9.271972e-04 9.999904e-01 -1.386394e+01
9.997020e-01 5.334693e-04 -2.440415e-02 8.145093e+00 -5.801276e-04 9.999980e-01 -1.904841e-03 -5.651287e-01 2.440309e-02 1.918430e-03 9.997004e-01 -1.415813e+01
9.999995e-01 3.177617e-04 9.783917e-04 8.461478e+00 -3.187095e-04 9.999995e-01 9.692786e-04 -5.774030e-01 -9.780832e-04 -9.695894e-04 9.999991e-01 -1.457136e+01
9.997717e-01 6.064822e-04 -2.135726e-02 8.697018e+00 -6.392844e-04 9.999986e-01 -1.529061e-03 -5.860274e-01 2.135630e-02 1.542364e-03 9.997707e-01 -1.488245e+01
9.999926e-01 9.999089e-05 3.836250e-03 8.847918e+00 -1.029026e-04 9.999997e-01 7.589392e-04 -5.949806e-01 -3.836173e-03 -7.593279e-04 9.999924e-01 -1.508560e+01
9.997586e-01 6.647645e-04 -2.196267e-02 9.000417e+00 -6.985962e-04 9.999986e-01 -1.532757e-03 -6.035225e-01 2.196162e-02 1.547730e-03 9.997576e-01 -1.530357e+01
9.999997e-01 9.590902e-05 7.818165e-04 9.140881e+00 -9.650530e-05 9.999997e-01 7.633457e-04 -6.116352e-01 -7.817431e-04 -7.634204e-04 9.999994e-01 -1.555189e+01
9.998705e-01 5.227206e-04 -1.608216e-02 9.160865e+00 -5.472170e-04 9.999987e-01 -1.518808e-03 -6.149758e-01 1.608134e-02 1.527411e-03 9.998695e-01 -1.566604e+01
9.999989e-01 2.953922e-04 -1.475817e-03 9.235113e+00 -2.940669e-04 9.999996e-01 8.977911e-04 -6.198971e-01 1.476081e-03 -8.973556e-04 9.999985e-01 -1.583776e+01
9.998229e-01 4.525946e-04 -1.881227e-02 9.343271e+00 -4.868929e-04 9.999982e-01 -1.818618e-03 -6.271185e-01 1.881142e-02 1.827455e-03 9.998214e-01 -1.605435e+01
9.999921e-01 3.680875e-04 -3.950306e-03 9.463341e+00 -3.641963e-04 9.999994e-01 9.855723e-04 -6.331342e-01 3.950667e-03 -9.841254e-04 9.999917e-01 -1.631460e+01
9.999170e-01 3.646905e-04 -1.287480e-02 9.550310e+00 -3.887000e-04 9.999982e-01 -1.862351e-03 -6.404194e-01 1.287410e-02 1.867200e-03 9.999154e-01 -1.647455e+01
9.999865e-01 2.946934e-04 -5.185057e-03 9.625446e+00 -2.902183e-04 9.999996e-01 8.637171e-04 -6.469399e-01 5.185309e-03 -8.622002e-04 9.999862e-01 -1.664844e+01
9.998915e-01 4.119321e-04 -1.472783e-02 9.688221e+00 -4.393341e-04 9.999982e-01 -1.857337e-03 -6.523436e-01 1.472703e-02 1.863605e-03 9.998898e-01 -1.683622e+01
9.999340e-01 4.646039e-04 -1.148311e-02 9.800328e+00 -4.521519e-04 9.999993e-01 1.086900e-03 -6.584570e-01 1.148361e-02 -1.081635e-03 9.999335e-01 -1.711927e+01
9.998128e-01 6.495811e-04 -1.933661e-02 9.888742e+00 -6.781059e-04 9.999987e-01 -1.468623e-03 -6.604126e-01 1.933563e-02 1.481460e-03 9.998120e-01 -1.746188e+01
9.999714e-01 2.993585e-04 -7.561679e-03 9.938510e+00 -2.926685e-04 9.999996e-01 8.857456e-04 -6.609838e-01 7.561940e-03 -8.835067e-04 9.999710e-01 -1.775145e+01
9.998908e-01 7.386416e-04 -1.475685e-02 9.987598e+00 -7.578565e-04 9.999989e-01 -1.296512e-03 -6.615594e-01 1.475588e-02 1.307554e-03 9.998903e-01 -1.797964e+01
9.999998e-01 -2.070724e-04 6.093128e-04 9.823667e+00 2.065424e-04 9.999996e-01 8.707994e-04 -6.491150e-01 -6.094930e-04 -8.706730e-04 9.999994e-01 -1.800470e+01
9.997830e-01 6.415831e-04 -2.082268e-02 9.762007e+00 -6.816359e-04 9.999979e-01 -1.916449e-03 -6.461834e-01 2.082140e-02 1.930226e-03 9.997813e-01 -1.815303e+01
9.999990e-01 2.361790e-04 1.421608e-03 9.824700e+00 -2.380244e-04 9.999991e-01 1.298445e-03 -6.487602e-01 -1.421300e-03 -1.298782e-03 9.999981e-01 -1.835161e+01
9.998519e-01 4.084691e-04 -1.720688e-02 9.752428e+00 -4.473873e-04 9.999974e-01 -2.257963e-03 -6.457473e-01 1.720592e-02 2.265326e-03 9.998494e-01 -1.842598e+01
9.999988e-01 3.311400e-04 -1.511472e-03 9.874416e+00 -3.290178e-04 9.999990e-01 1.403701e-03 -6.533401e-01 1.511936e-03 -1.403202e-03 9.999979e-01 -1.863724e+01
9.998166e-01 4.004763e-04 -1.914538e-02 1.006254e+01 -4.457356e-04 9.999971e-01 -2.359736e-03 -6.633134e-01 1.914438e-02 2.367837e-03 9.998139e-01 -1.891645e+01
9.999964e-01 3.240504e-04 2.659640e-03 1.007317e+01 -3.290527e-04 9.999982e-01 1.880851e-03 -6.643300e-01 -2.659026e-03 -1.881719e-03 9.999947e-01 -1.904450e+01
9.998118e-01 1.688065e-04 -1.939862e-02 1.007522e+01 -2.255143e-04 9.999957e-01 -2.921105e-03 -6.668266e-01 1.939804e-02 2.924930e-03 9.998076e-01 -1.917003e+01
9.999978e-01 6.082882e-04 1.991862e-03 1.022833e+01 -6.127915e-04 9.999973e-01 2.261339e-03 -6.752763e-01 -1.990481e-03 -2.262554e-03 9.999955e-01 -1.938008e+01
9.997613e-01 1.392293e-04 -2.184857e-02 1.036319e+01 -2.082432e-04 9.999950e-01 -3.156463e-03 -6.837955e-01 2.184802e-02 3.160259e-03 9.997563e-01 -1.960558e+01
9.999963e-01 7.103792e-04 2.612205e-03 1.045433e+01 -7.169096e-04 9.999966e-01 2.500094e-03 -6.896013e-01 -2.610420e-03 -2.501958e-03 9.999935e-01 -1.980051e+01
9.998417e-01 4.348980e-05 -1.779402e-02 1.047996e+01 -9.871544e-05 9.999952e-01 -3.102706e-03 -6.930028e-01 1.779380e-02 3.103971e-03 9.998369e-01 -1.990995e+01
9.999837e-01 5.467689e-04 5.676278e-03 1.048436e+01 -5.591120e-04 9.999975e-01 2.173269e-03 -6.975875e-01 -5.675075e-03 -2.176407e-03 9.999815e-01 -1.995905e+01
9.998313e-01 9.693963e-05 -1.836684e-02 1.051953e+01 -1.550328e-04 9.999950e-01 -3.161505e-03 -7.037415e-01 1.836644e-02 3.163819e-03 9.998263e-01 -2.003843e+01
9.999882e-01 4.448258e-04 4.843898e-03 1.058810e+01 -4.553442e-04 9.999975e-01 2.170706e-03 -7.120836e-01 -4.842921e-03 -2.172886e-03 9.999859e-01 -2.014023e+01
9.998069e-01 2.702306e-04 -1.964830e-02 1.067785e+01 -3.277004e-04 9.999957e-01 -2.921731e-03 -7.200378e-01 1.964742e-02 2.927605e-03 9.998027e-01 -2.027036e+01
9.999458e-01 1.693616e-04 1.040676e-02 1.067709e+01 -1.909923e-04 9.999978e-01 2.077625e-03 -7.250943e-01 -1.040639e-02 -2.079499e-03 9.999437e-01 -2.026963e+01
9.998432e-01 2.740628e-04 -1.770659e-02 1.061421e+01 -3.293336e-04 9.999951e-01 -3.118603e-03 -7.289015e-01 1.770565e-02 3.123945e-03 9.998384e-01 -2.001580e+01
9.998901e-01 9.426881e-05 1.482212e-02 1.033764e+01 -1.227703e-04 9.999981e-01 1.922048e-03 -7.191114e-01 -1.482191e-02 -1.923657e-03 9.998883e-01 -1.929589e+01
9.999454e-01 9.550465e-04 -1.040620e-02 9.810154e+00 -9.915227e-04 9.999934e-01 -3.500575e-03 -6.971952e-01 1.040279e-02 3.510702e-03 9.999397e-01 -1.763449e+01
9.998319e-01 1.139410e-04 1.833323e-02 9.045102e+00 -1.512875e-04 9.999979e-01 2.035750e-03 -6.580650e-01 -1.833296e-02 -2.038181e-03 9.998299e-01 -1.560750e+01
9.999117e-01 1.072371e-03 -1.324804e-02 8.436494e+00 -1.112441e-03 9.999948e-01 -3.017556e-03 -6.284729e-01 1.324474e-02 3.032027e-03 9.999077e-01 -1.389513e+01
9.998027e-01 -5.116823e-05 1.986583e-02 7.767303e+00 1.151708e-05 9.999980e-01 1.996089e-03 -5.952810e-01 -1.986589e-02 -1.995466e-03 9.998007e-01 -1.203942e+01
9.997404e-01 1.443844e-03 -2.273739e-02 7.548110e+00 -1.510261e-03 9.999946e-01 -2.904128e-03 -5.901830e-01 2.273308e-02 2.937713e-03 9.997373e-01 -1.112794e+01
9.998574e-01 -7.945250e-04 1.686807e-02 7.554316e+00 7.717191e-04 9.999988e-01 1.358520e-03 -6.018980e-01 -1.686912e-02 -1.345308e-03 9.998568e-01 -1.077666e+01
9.997499e-01 1.399942e-03 -2.232178e-02 7.555021e+00 -1.464841e-03 9.999947e-01 -2.891317e-03 -6.141875e-01 2.231762e-02 2.923291e-03 9.997467e-01 -1.033174e+01
9.998415e-01 -7.735578e-04 1.778745e-02 7.490294e+00 7.531424e-04 9.999991e-01 1.154452e-03 -6.236713e-01 -1.778833e-02 -1.140872e-03 9.998411e-01 -9.724582e+00
9.997234e-01 1.416073e-03 -2.347485e-02 7.492551e+00 -1.480177e-03 9.999952e-01 -2.713563e-03 -6.356762e-01 2.347090e-02 2.747559e-03 9.997207e-01 -9.305206e+00
9.998634e-01 -9.313372e-04 1.650333e-02 7.530458e+00 9.059460e-04 9.999984e-01 1.545996e-03 -6.464875e-01 -1.650475e-02 -1.530833e-03 9.998626e-01 -9.154261e+00
9.997320e-01 1.386391e-03 -2.310818e-02 7.560830e+00 -1.450953e-03 9.999951e-01 -2.777381e-03 -6.578812e-01 2.310422e-02 2.810165e-03 9.997291e-01 -8.974519e+00
9.998592e-01 -8.838204e-04 1.675546e-02 7.584425e+00 8.596218e-04 9.999986e-01 1.451407e-03 -6.695731e-01 -1.675672e-02 -1.436799e-03 9.998586e-01 -8.735923e+00
9.997421e-01 1.485264e-03 -2.266203e-02 7.600152e+00 -1.554677e-03 9.999942e-01 -3.045656e-03 -6.821971e-01 2.265738e-02 3.080102e-03 9.997385e-01 -8.373996e+00
9.998586e-01 -7.400114e-04 1.679742e-02 7.632182e+00 7.191720e-04 9.999990e-01 1.246677e-03 -6.964613e-01 -1.679833e-02 -1.234420e-03 9.998581e-01 -7.947000e+00
9.997391e-01 1.401754e-03 -2.279793e-02 7.677790e+00 -1.469522e-03 9.999946e-01 -2.956047e-03 -7.109283e-01 2.279366e-02 2.988778e-03 9.997357e-01 -7.588719e+00
9.998524e-01 -5.678026e-04 1.717030e-02 7.731540e+00 5.519114e-04 9.999994e-01 9.302655e-04 -7.274045e-01 -1.717082e-02 -9.206514e-04 9.998521e-01 -7.078310e+00
9.997567e-01 1.389175e-03 -2.201603e-02 7.711668e+00 -1.458226e-03 9.999941e-01 -3.120603e-03 -7.411939e-01 2.201157e-02 3.151947e-03 9.997527e-01 -6.380027e+00
9.998571e-01 -3.965981e-04 1.690253e-02 7.680504e+00 3.712970e-04 9.999988e-01 1.500029e-03 -7.512094e-01 -1.690310e-02 -1.493538e-03 9.998560e-01 -5.792275e+00
9.998048e-01 1.231242e-03 -1.971941e-02 7.570859e+00 -1.319567e-03 9.999892e-01 -4.466648e-03 -7.650432e-01 1.971370e-02 4.491797e-03 9.997956e-01 -4.559623e+00
9.998904e-01 -2.740971e-04 1.480153e-02 7.580308e+00 2.441372e-04 9.999979e-01 2.025921e-03 -7.816288e-01 -1.480205e-02 -2.022085e-03 9.998884e-01 -3.815112e+00
9.998086e-01 1.153460e-03 -1.952999e-02 7.602898e+00 -1.239452e-03 9.999896e-01 -4.391495e-03 -7.986298e-01 1.952472e-02 4.414860e-03 9.997996e-01 -3.098186e+00
9.998971e-01 -3.578763e-04 1.433969e-02 7.646291e+00 3.257086e-04 9.999974e-01 2.245578e-03 -8.158603e-01 -1.434046e-02 -2.240676e-03 9.998947e-01 -2.485008e+00
9.997998e-01 1.163434e-03 -1.997316e-02 7.699830e+00 -1.249768e-03 9.999899e-01 -4.310537e-03 -8.322595e-01 1.996795e-02 4.334635e-03 9.997912e-01 -1.989954e+00
9.998925e-01 -1.737437e-04 1.465959e-02 7.764897e+00 1.437520e-04 9.999979e-01 2.046951e-03 -8.498526e-01 -1.465992e-02 -2.044624e-03 9.998904e-01 -1.424415e+00
9.998085e-01 1.049289e-03 -1.953954e-02 7.817861e+00 -1.134164e-03 9.999900e-01 -4.333140e-03 -8.678821e-01 1.953480e-02 4.354471e-03 9.997997e-01 -7.574393e-01
9.999027e-01 -6.000562e-04 1.393942e-02 7.755669e+00 5.594771e-04 9.999956e-01 2.914865e-03 -8.756668e-01 -1.394111e-02 -2.906783e-03 9.998986e-01 -2.449367e-01
9.998333e-01 1.321330e-03 -1.821180e-02 7.652299e+00 -1.402784e-03 9.999891e-01 -4.460503e-03 -8.799050e-01 1.820571e-02 4.485307e-03 9.998242e-01 3.847435e-01
9.999183e-01 -5.113926e-04 1.277080e-02 7.682685e+00 4.804851e-04 9.999969e-01 2.423174e-03 -8.958954e-01 -1.277200e-02 -2.416839e-03 9.999155e-01 9.273126e-01
9.998316e-01 1.287257e-03 -1.830361e-02 7.716108e+00 -1.367723e-03 9.999895e-01 -4.384326e-03 -9.112419e-01 1.829778e-02 4.408622e-03 9.998229e-01 1.418946e+00
9.999178e-01 -4.922330e-04 1.281072e-02 7.749171e+00 4.612308e-04 9.999970e-01 2.422914e-03 -9.269909e-01 -1.281188e-02 -2.416806e-03 9.999150e-01 1.950266e+00
9.998248e-01 1.057050e-03 -1.868657e-02 7.759959e+00 -1.134363e-03 9.999908e-01 -4.127201e-03 -9.408556e-01 1.868204e-02 4.147675e-03 9.998169e-01 2.415886e+00
9.999136e-01 -3.985257e-04 1.313852e-02 7.764324e+00 3.683561e-04 9.999973e-01 2.298660e-03 -9.541935e-01 -1.313940e-02 -2.293622e-03 9.999110e-01 2.870552e+00
9.998095e-01 8.916105e-04 -1.949636e-02 7.802034e+00 -9.668724e-04 9.999921e-01 -3.851188e-03 -9.679730e-01 1.949277e-02 3.869305e-03 9.998025e-01 3.204916e+00
9.999325e-01 -4.317973e-04 1.160658e-02 7.842598e+00 3.998206e-04 9.999961e-01 2.757285e-03 -9.791160e-01 -1.160772e-02 -2.752458e-03 9.999288e-01 3.310774e+00
9.998252e-01 9.029495e-04 -1.867742e-02 7.893450e+00 -9.772736e-04 9.999916e-01 -3.970575e-03 -9.908101e-01 1.867368e-02 3.988133e-03 9.998177e-01 3.445954e+00
9.999369e-01 -4.577158e-04 1.122841e-02 7.927405e+00 4.253437e-04 9.999957e-01 2.885322e-03 -1.001261e+00 -1.122969e-02 -2.880364e-03 9.999328e-01 3.542939e+00
9.997763e-01 8.911351e-04 -2.113054e-02 7.965997e+00 -9.730018e-04 9.999921e-01 -3.864338e-03 -1.010543e+00 2.112693e-02 3.884033e-03 9.997693e-01 3.550564e+00
9.999540e-01 -3.015671e-04 9.582505e-03 8.025482e+00 2.712165e-04 9.999949e-01 3.168496e-03 -1.018863e+00 -9.583413e-03 -3.165751e-03 9.999491e-01 3.483595e+00
9.997893e-01 9.098784e-04 -2.050785e-02 8.066015e+00 -9.914167e-04 9.999916e-01 -3.966105e-03 -1.026621e+00 2.050407e-02 3.985601e-03 9.997818e-01 3.441552e+00
9.999171e-01 -5.101100e-04 1.286677e-02 8.100806e+00 4.725655e-04 9.999956e-01 2.920860e-03 -1.036382e+00 -1.286820e-02 -2.914538e-03 9.999130e-01 3.478046e+00
9.998355e-01 1.087981e-03 -1.810656e-02 8.052453e+00 -1.168441e-03 9.999895e-01 -4.433681e-03 -1.045598e+00 1.810155e-02 4.454108e-03 9.998262e-01 3.959084e+00
9.999327e-01 -8.152748e-04 1.157622e-02 8.037203e+00 7.762132e-04 9.999940e-01 3.378449e-03 -1.054982e+00 -1.157891e-02 -3.369235e-03 9.999273e-01 4.264421e+00
9.998026e-01 1.065520e-03 -1.984049e-02 8.048349e+00 -1.156848e-03 9.999888e-01 -4.592145e-03 -1.064158e+00 1.983538e-02 4.614190e-03 9.997926e-01 4.342973e+00
9.999153e-01 -3.014484e-04 1.300930e-02 8.112334e+00 2.582021e-04 9.999944e-01 3.325860e-03 -1.077146e+00 -1.301023e-02 -3.322220e-03 9.999098e-01 4.566946e+00
9.998212e-01 5.983617e-04 -1.890070e-02 8.086167e+00 -6.808844e-04 9.999903e-01 -4.359951e-03 -1.085803e+00 1.889791e-02 4.372040e-03 9.998119e-01 4.915738e+00
9.999150e-01 8.973448e-05 1.303614e-02 8.115679e+00 -1.214607e-04 9.999970e-01 2.432989e-03 -1.100423e+00 -1.303588e-02 -2.434365e-03 9.999121e-01 5.342652e+00
9.998261e-01 6.723230e-04 -1.863673e-02 8.181371e+00 -7.506454e-04 9.999909e-01 -4.195872e-03 -1.115718e+00 1.863374e-02 4.209131e-03 9.998175e-01 5.775724e+00
9.999157e-01 -1.590810e-05 1.298651e-02 8.228573e+00 -1.777176e-05 9.999966e-01 2.593381e-03 -1.129145e+00 -1.298651e-02 -2.593393e-03 9.999123e-01 6.069888e+00
9.998173e-01 6.929791e-04 -1.910232e-02 8.275955e+00 -7.769790e-04 9.999901e-01 -4.390258e-03 -1.144584e+00 1.909909e-02 4.404298e-03 9.998079e-01 6.506030e+00
9.999150e-01 -2.832520e-05 1.303704e-02 8.322158e+00 -9.328643e-06 9.999958e-01 2.888202e-03 -1.158980e+00 -1.303706e-02 -2.888077e-03 9.999108e-01 6.901255e+00
9.998188e-01 7.082845e-04 -1.902116e-02 8.366442e+00 -7.966988e-04 9.999889e-01 -4.640995e-03 -1.174016e+00 1.901766e-02 4.655308e-03 9.998083e-01 7.342389e+00
9.999608e-01 -3.459363e-04 8.842601e-03 8.457465e+00 3.144095e-04 9.999936e-01 3.566550e-03 -1.186668e+00 -8.843779e-03 -3.563630e-03 9.999545e-01 7.393156e+00
9.997695e-01 9.784773e-04 -2.144943e-02 8.580050e+00 -1.073035e-03 9.999898e-01 -4.397318e-03 -1.197080e+00 2.144491e-02 4.419320e-03 9.997603e-01 7.282539e+00
9.999374e-01 -4.073356e-04 1.118218e-02 8.657981e+00 3.688645e-04 9.999940e-01 3.442307e-03 -1.206292e+00 -1.118351e-02 -3.437966e-03 9.999316e-01 7.229178e+00
9.995525e-01 1.163479e-03 -2.988911e-02 8.878191e+00 -1.287305e-03 9.999907e-01 -4.123911e-03 -1.218533e+00 2.988404e-02 4.160542e-03 9.995447e-01 7.004339e+00
9.999737e-01 -1.765974e-04 7.254780e-03 8.826563e+00 1.490537e-04 9.999928e-01 3.797077e-03 -1.214225e+00 -7.255399e-03 -3.795895e-03 9.999665e-01 6.832128e+00
9.996367e-01 8.134975e-04 -2.694212e-02 8.702430e+00 -9.319033e-04 9.999900e-01 -4.382531e-03 -1.206200e+00 2.693829e-02 4.406045e-03 9.996274e-01 6.698143e+00
9.999387e-01 -1.998357e-04 1.106944e-02 8.877268e+00 1.594626e-04 9.999933e-01 3.648082e-03 -1.218765e+00 -1.107010e-02 -3.646093e-03 9.999321e-01 6.517529e+00
9.996880e-01 8.217732e-04 -2.496533e-02 9.013953e+00 -9.323494e-04 9.999898e-01 -4.417845e-03 -1.228315e+00 2.496145e-02 4.439743e-03 9.996786e-01 6.358484e+00
9.999289e-01 -2.892246e-04 1.192323e-02 9.102382e+00 2.452128e-04 9.999932e-01 3.692615e-03 -1.237959e+00 -1.192421e-02 -3.689428e-03 9.999221e-01 6.252696e+00
9.996986e-01 7.308832e-04 -2.453743e-02 9.232689e+00 -8.455508e-04 9.999888e-01 -4.663093e-03 -1.248872e+00 2.453375e-02 4.682435e-03 9.996880e-01 6.120462e+00
9.998479e-01 -4.671492e-04 1.743445e-02 9.216990e+00 4.059447e-04 9.999937e-01 3.513959e-03 -1.253922e+00 -1.743598e-02 -3.506347e-03 9.998418e-01 6.253127e+00
9.994231e-01 5.632316e-04 -3.395729e-02 9.183981e+00 -7.185253e-04 9.999893e-01 -4.561156e-03 -1.257446e+00 3.395436e-02 4.582924e-03 9.994129e-01 6.326566e+00
9.996084e-01 1.112682e-04 2.798117e-02 9.163640e+00 -1.840148e-04 9.999966e-01 2.597304e-03 -1.268160e+00 -2.798079e-02 -2.601436e-03 9.996051e-01 6.747812e+00
9.994211e-01 1.925737e-04 -3.402058e-02 9.174060e+00 -3.374842e-04 9.999909e-01 -4.253784e-03 -1.284631e+00 3.401945e-02 4.262803e-03 9.994121e-01 7.457503e+00
9.995897e-01 7.629187e-04 2.863475e-02 9.177942e+00 -8.212465e-04 9.999976e-01 2.025276e-03 -1.301394e+00 -2.863314e-02 -2.047961e-03 9.995879e-01 8.136165e+00
9.994224e-01 -1.405006e-04 -3.398410e-02 9.177301e+00 5.132116e-07 9.999915e-01 -4.119157e-03 -1.319556e+00 3.398439e-02 4.116760e-03 9.994139e-01 9.025162e+00
9.998511e-01 7.662360e-04 1.724123e-02 9.374337e+00 -8.249769e-04 9.999939e-01 3.400185e-03 -1.332760e+00 -1.723852e-02 -3.413902e-03 9.998456e-01 8.813578e+00
9.995977e-01 -2.940490e-04 -2.835957e-02 9.507947e+00 1.737040e-04 9.999910e-01 -4.245885e-03 -1.341487e+00 2.836057e-02 4.239251e-03 9.995888e-01 8.670400e+00
9.997598e-01 1.126120e-03 2.188900e-02 9.577206e+00 -1.183436e-03 9.999959e-01 2.605716e-03 -1.356089e+00 -2.188598e-02 -2.630995e-03 9.997570e-01 8.992739e+00
9.994609e-01 -5.616968e-04 -3.282762e-02 9.731242e+00 4.369749e-04 9.999927e-01 -3.806327e-03 -1.370746e+00 3.282952e-02 3.789930e-03 9.994538e-01 9.069439e+00
9.999097e-01 1.420734e-03 1.336529e-02 1.016585e+01 -1.452601e-03 9.999961e-01 2.374927e-03 -1.385528e+00 -1.336187e-02 -2.394127e-03 9.999079e-01 8.593679e+00
9.991858e-01 3.799384e-04 -4.034434e-02 1.100204e+01 -5.689719e-04 9.999889e-01 -4.674105e-03 -1.401598e+00 4.034212e-02 4.693253e-03 9.991749e-01 7.666498e+00
9.998848e-01 1.211101e-03 1.512766e-02 1.146491e+01 -1.264363e-03 9.999930e-01 3.511799e-03 -1.412401e+00 -1.512331e-02 -3.530521e-03 9.998794e-01 7.100306e+00
9.995051e-01 -7.928811e-04 -3.144638e-02 1.144359e+01 6.547257e-04 9.999901e-01 -4.403396e-03 -1.414829e+00 3.144956e-02 4.380628e-03 9.994957e-01 7.003187e+00
9.998699e-01 1.295546e-03 1.607766e-02 1.167197e+01 -1.349024e-03 9.999936e-01 3.315847e-03 -1.427204e+00 -1.607326e-02 -3.337104e-03 9.998652e-01 6.743190e+00
9.994160e-01 -6.651571e-04 -3.416489e-02 1.196866e+01 5.086211e-04 9.999893e-01 -4.590250e-03 -1.439465e+00 3.416757e-02 4.570192e-03 9.994057e-01 6.385870e+00
9.998746e-01 1.359556e-03 1.578035e-02 1.227680e+01 -1.415020e-03 9.999929e-01 3.504182e-03 -1.452577e+00 -1.577547e-02 -3.526072e-03 9.998693e-01 6.030660e+00
9.993513e-01 -6.698599e-04 -3.600769e-02 1.268373e+01 4.896325e-04 9.999873e-01 -5.013815e-03 -1.467242e+00 3.601059e-02 4.992932e-03 9.993389e-01 5.558188e+00
9.999136e-01 1.694640e-03 1.303632e-02 1.313212e+01 -1.744059e-03 9.999913e-01 3.780461e-03 -1.480238e+00 -1.302980e-02 -3.802870e-03 9.999079e-01 5.041766e+00
9.994921e-01 -8.665381e-04 -3.185531e-02 1.343705e+01 7.112319e-04 9.999878e-01 -4.886349e-03 -1.492768e+00 3.185915e-02 4.861211e-03 9.994805e-01 4.676623e+00
9.999053e-01 1.553365e-03 1.367118e-02 1.374932e+01 -1.603286e-03 9.999921e-01 3.641399e-03 -1.505538e+00 -1.366542e-02 -3.662973e-03 9.998999e-01 4.302087e+00
9.995973e-01 -7.036175e-04 -2.836633e-02 1.402524e+01 5.653371e-04 9.999879e-01 -4.882510e-03 -1.516368e+00 2.836942e-02 4.864507e-03 9.995857e-01 3.999304e+00
9.997200e-01 2.151309e-03 2.356473e-02 1.412884e+01 -2.206499e-03 9.999949e-01 2.316351e-03 -1.535078e+00 -2.355963e-02 -2.367698e-03 9.997196e-01 4.546837e+00
9.994427e-01 -1.348110e-03 -3.335403e-02 1.426693e+01 1.216805e-03 9.999914e-01 -3.956665e-03 -1.552433e+00 3.335908e-02 3.913875e-03 9.994358e-01 4.973431e+00
9.998018e-01 1.968806e-03 1.981180e-02 1.445430e+01 -2.028465e-03 9.999935e-01 2.991635e-03 -1.563536e+00 -1.980578e-02 -3.031230e-03 9.997993e-01 4.759988e+00
9.993041e-01 -1.158250e-03 -3.728106e-02 1.474428e+01 1.003704e-03 9.999908e-01 -4.163845e-03 -1.576289e+00 3.728554e-02 4.123528e-03 9.992961e-01 4.423748e+00
9.998354e-01 1.882112e-03 1.804487e-02 1.509710e+01 -1.936015e-03 9.999937e-01 2.970201e-03 -1.588603e+00 -1.803916e-02 -3.004647e-03 9.998328e-01 4.015515e+00
9.993988e-01 -1.222814e-03 -3.464846e-02 1.540231e+01 1.077208e-03 9.999905e-01 -4.220705e-03 -1.601571e+00 3.465329e-02 4.180844e-03 9.993906e-01 3.675462e+00
9.998304e-01 1.808981e-03 1.832985e-02 1.571934e+01 -1.864117e-03 9.999938e-01 2.991411e-03 -1.614504e+00 -1.832433e-02 -3.025072e-03 9.998275e-01 3.337487e+00
9.996172e-01 -1.318882e-03 -2.763386e-02 1.587508e+01 1.190925e-03 9.999885e-01 -4.646371e-03 -1.627120e+00 2.763967e-02 4.611683e-03 9.996073e-01 3.320175e+00
9.998730e-01 1.795067e-03 1.583366e-02 1.605577e+01 -1.849894e-03 9.999923e-01 3.448781e-03 -1.641376e+00 -1.582735e-02 -3.477634e-03 9.998687e-01 3.329440e+00
9.996584e-01 -1.459453e-03 -2.609696e-02 1.621072e+01 1.332907e-03 9.999873e-01 -4.865807e-03 -1.653383e+00 2.610373e-02 4.829359e-03 9.996476e-01 3.266255e+00
9.999744e-01 2.178188e-03 6.811558e-03 1.658438e+01 -2.203352e-03 9.999908e-01 3.689080e-03 -1.666563e+00 -6.803460e-03 -3.703994e-03 9.999700e-01 2.823916e+00
9.995838e-01 -1.419003e-03 -2.881257e-02 1.701246e+01 1.269077e-03 9.999856e-01 -5.221104e-03 -1.679443e+00 2.881956e-02 5.182366e-03 9.995712e-01 2.309936e+00
9.999970e-01 2.291424e-03 9.014984e-04 1.816313e+01 -2.292487e-03 9.999967e-01 1.180121e-03 -1.707299e+00 -8.987916e-04 -1.182184e-03 9.999989e-01 9.407472e-01
9.989524e-01 1.060210e-03 -4.574952e-02 1.931377e+01 -1.211024e-03 9.999939e-01 -3.268901e-03 -1.722581e+00 4.574577e-02 3.320880e-03 9.989476e-01 -2.668555e-01
9.997554e-01 -7.074105e-04 2.210481e-02 1.982555e+01 6.798782e-04 9.999990e-01 1.253056e-03 -1.738003e+00 -2.210568e-02 -1.237721e-03 9.997549e-01 -8.630772e-01
9.985862e-01 1.668261e-03 -5.312943e-02 2.046356e+01 -1.815159e-03 9.999947e-01 -2.716766e-03 -1.757556e+00 5.312461e-02 2.809364e-03 9.985839e-01 -1.602403e+00
9.997788e-01 -4.897825e-04 2.102741e-02 2.126703e+01 4.792853e-04 9.999998e-01 5.042861e-04 -1.775254e+00 -2.102765e-02 -4.940965e-04 9.997788e-01 -2.491380e+00
9.987275e-01 1.774291e-03 -5.040160e-02 2.193784e+01 -1.885032e-03 9.999959e-01 -2.149710e-03 -1.791206e+00 5.039758e-02 2.241983e-03 9.987267e-01 -3.270497e+00
9.997789e-01 -7.205320e-04 2.101688e-02 2.264894e+01 7.115762e-04 9.999997e-01 4.336310e-04 -1.808632e+00 -2.101718e-02 -4.185800e-04 9.997790e-01 -4.077537e+00
9.986800e-01 1.774855e-03 -5.133263e-02 2.345193e+01 -1.881782e-03 9.999962e-01 -2.034754e-03 -1.827911e+00 5.132882e-02 2.128665e-03 9.986795e-01 -4.975524e+00
9.998587e-01 -1.252339e-06 1.680993e-02 2.432633e+01 -8.137900e-06 9.999998e-01 5.585840e-04 -1.842682e+00 -1.680993e-02 -5.586420e-04 9.998585e-01 -5.926283e+00
9.987366e-01 1.950523e-03 -5.021318e-02 2.556529e+01 -2.130959e-03 9.999915e-01 -3.540112e-03 -1.860559e+00 5.020584e-02 3.642642e-03 9.987322e-01 -7.343711e+00
9.999326e-01 1.175607e-03 1.155374e-02 2.688951e+01 -1.183141e-03 9.999991e-01 6.453814e-04 -1.876509e+00 -1.155297e-02 -6.590077e-04 9.999330e-01 -8.834246e+00
9.992280e-01 5.331927e-04 -3.928181e-02 2.767076e+01 -6.446432e-04 9.999958e-01 -2.824576e-03 -1.888299e+00 3.928014e-02 2.847718e-03 9.992242e-01 -9.718304e+00
9.999494e-01 1.134674e-03 9.990895e-03 2.845685e+01 -1.146472e-03 9.999987e-01 1.175353e-03 -1.900669e+00 -9.989548e-03 -1.186748e-03 9.999494e-01 -1.063739e+01
9.994726e-01 1.521001e-04 -3.247429e-02 2.893232e+01 -2.369325e-04 9.999966e-01 -2.608444e-03 -1.913475e+00 3.247379e-02 2.614763e-03 9.994692e-01 -1.122686e+01
9.999050e-01 3.556776e-04 1.378148e-02 2.931004e+01 -3.691095e-04 9.999995e-01 9.721533e-04 -1.925335e+00 -1.378113e-02 -9.771480e-04 9.999046e-01 -1.172207e+01
9.993797e-01 3.809104e-04 -3.521599e-02 2.969667e+01 -4.697392e-04 9.999967e-01 -2.514140e-03 -1.938058e+00 3.521491e-02 2.529122e-03 9.993766e-01 -1.222324e+01
9.998301e-01 2.827842e-04 1.843155e-02 3.000179e+01 -3.058849e-04 9.999992e-01 1.250551e-03 -1.949393e+00 -1.843119e-02 -1.255977e-03 9.998293e-01 -1.261419e+01
9.993544e-01 4.710827e-04 -3.592483e-02 3.028455e+01 -5.581411e-04 9.999969e-01 -2.413342e-03 -1.961078e+00 3.592358e-02 2.431835e-03 9.993516e-01 -1.297892e+01
9.998957e-01 3.787896e-04 1.443996e-02 3.066488e+01 -3.975591e-04 9.999991e-01 1.297021e-03 -1.975343e+00 -1.443946e-02 -1.302626e-03 9.998949e-01 -1.344850e+01
9.993678e-01 6.371610e-04 -3.554710e-02 3.107693e+01 -7.262071e-04 9.999966e-01 -2.492145e-03 -1.988736e+00 3.554540e-02 2.516384e-03 9.993649e-01 -1.394034e+01
9.999408e-01 2.445508e-04 1.088015e-02 3.140928e+01 -2.600953e-04 9.999989e-01 1.427372e-03 -2.000962e+00 -1.087979e-02 -1.430117e-03 9.999398e-01 -1.440213e+01
9.994675e-01 5.471031e-04 -3.262666e-02 3.170628e+01 -6.292988e-04 9.999967e-01 -2.509046e-03 -2.012062e+00 3.262518e-02 2.528242e-03 9.994645e-01 -1.480610e+01
9.999326e-01 2.468977e-04 1.160791e-02 3.203209e+01 -2.622695e-04 9.999991e-01 1.322809e-03 -2.025322e+00 -1.160758e-02 -1.325765e-03 9.999318e-01 -1.521472e+01
9.993333e-01 7.096076e-04 -3.650263e-02 3.243509e+01 -8.072843e-04 9.999961e-01 -2.661193e-03 -2.039307e+00 3.650060e-02 2.688887e-03 9.993300e-01 -1.574050e+01
9.998977e-01 2.596855e-04 1.430321e-02 3.281269e+01 -2.806963e-04 9.999989e-01 1.467012e-03 -2.051136e+00 -1.430281e-02 -1.470877e-03 9.998966e-01 -1.620207e+01
9.993997e-01 6.829062e-04 -3.463680e-02 3.320679e+01 -7.829142e-04 9.999956e-01 -2.873834e-03 -2.064518e+00 3.463468e-02 2.899227e-03 9.993958e-01 -1.665427e+01
9.998938e-01 2.605087e-04 1.457011e-02 3.357418e+01 -2.837346e-04 9.999987e-01 1.592078e-03 -2.077087e+00 -1.456968e-02 -1.596044e-03 9.998926e-01 -1.708418e+01
9.994891e-01 5.295727e-04 -3.195703e-02 3.385196e+01 -6.160550e-04 9.999962e-01 -2.696400e-03 -2.089396e+00 3.195548e-02 2.714710e-03 9.994856e-01 -1.741128e+01
9.999101e-01 1.767883e-04 1.341037e-02 3.415766e+01 -1.950081e-04 9.999991e-01 1.357383e-03 -2.102355e+00 -1.341012e-02 -1.359877e-03 9.999092e-01 -1.778718e+01
9.994848e-01 7.894999e-04 -3.208484e-02 3.448346e+01 -8.724171e-04 9.999963e-01 -2.570375e-03 -2.114892e+00 3.208269e-02 2.597043e-03 9.994818e-01 -1.818324e+01
9.998773e-01 1.118595e-04 1.566253e-02 3.474768e+01 -1.355459e-04 9.999988e-01 1.511280e-03 -2.125972e+00 -1.566234e-02 -1.513218e-03 9.998762e-01 -1.850040e+01
9.994425e-01 6.603170e-04 -3.338038e-02 3.500243e+01 -7.507051e-04 9.999961e-01 -2.695342e-03 -2.138102e+00 3.337847e-02 2.718898e-03 9.994391e-01 -1.881382e+01
9.998849e-01 8.404159e-05 1.517052e-02 3.525068e+01 -1.079755e-04 9.999988e-01 1.576885e-03 -2.150495e+00 -1.517037e-02 -1.578342e-03 9.998837e-01 -1.911953e+01
9.993734e-01 7.236581e-04 -3.538738e-02 3.555546e+01 -8.218113e-04 9.999959e-01 -2.759193e-03 -2.162756e+00 3.538524e-02 2.786546e-03 9.993699e-01 -1.950564e+01
9.998939e-01 4.577470e-05 1.456586e-02 3.585207e+01 -6.816425e-05 9.999988e-01 1.536674e-03 -2.174941e+00 -1.456577e-02 -1.537504e-03 9.998927e-01 -1.989837e+01
9.993663e-01 8.585673e-04 -3.558366e-02 3.610684e+01 -9.510274e-04 9.999962e-01 -2.581528e-03 -2.185048e+00 3.558131e-02 2.613733e-03 9.993634e-01 -2.025492e+01
9.998838e-01 -8.558051e-05 1.524653e-02 3.634920e+01 6.148376e-05 9.999987e-01 1.580974e-03 -2.195988e+00 -1.524665e-02 -1.579854e-03 9.998825e-01 -2.058146e+01
9.993276e-01 8.065417e-04 -3.665722e-02 3.667791e+01 -9.100680e-04 9.999956e-01 -2.807559e-03 -2.209410e+00 3.665479e-02 2.839032e-03 9.993240e-01 -2.098507e+01
9.998608e-01 7.052375e-05 1.668578e-02 3.698545e+01 -1.007487e-04 9.999984e-01 1.810620e-03 -2.220455e+00 -1.668563e-02 -1.812050e-03 9.998591e-01 -2.137248e+01
