1.000000e+00 1.197625e-11 1.704638e-10 1.665335e-16 1.197625e-11 1.000000e+00 3.562503e-10 -1.110223e-16 1.704638e-10 3.562503e-10 1.000000e+00 2.220446e-16 0.000000e+00 0.000000e+00 0.000000e+00 1.000000e+00
8.295895e-01 4.271691e-02 -5.567373e-01 -3.722093e-01 -7.186044e-02 9.969456e-01 -3.058576e-02 -3.404056e-03 5.537303e-01 6.538101e-02 8.301253e-01 5.021042e-01
9.484213e-01 -7.086388e-02 3.089909e-01 -5.012486e-01 6.052034e-02 9.972427e-01 4.294529e-02 -4.891266e-03 -3.111822e-01 -2.203000e-02 9.500949e-01 7.087393e-01
8.294211e-01 9.410270e-02 -5.506408e-01 -5.998821e-01 -1.175175e-01 9.930439e-01 -7.306779e-03 -6.825459e-03 5.461230e-01 7.077036e-02 8.347103e-01 8.448093e-01
9.851378e-01 -7.736848e-02 1.533548e-01 -8.249158e-01 7.779590e-02 9.969641e-01 3.220747e-03 -7.673715e-03 -1.531384e-01 8.757497e-03 9.881659e-01 1.092074e+00
8.811471e-01 6.564131e-02 -4.682638e-01 -1.055547e+00 -9.264292e-02 9.950898e-01 -3.483730e-02 -8.298249e-03 4.636777e-01 7.407811e-02 8.829017e-01 1.281341e+00
6.753804e-01 -8.842107e-02 7.321496e-01 -9.576377e-01 7.751020e-02 9.957984e-01 4.876147e-02 5.094139e-03 -7.333850e-01 2.381653e-02 6.793962e-01 4.836983e-01
7.811411e-01 1.771137e-01 -5.987064e-01 -1.008089e+00 -2.258651e-01 9.741368e-01 -6.513359e-03 1.843827e-02 5.820683e-01 1.403147e-01 8.009421e-01 -1.629828e-01
5.928454e-01 -1.783497e-01 7.853189e-01 -1.073936e+00 7.699530e-02 9.832539e-01 1.651771e-01 2.570106e-02 -8.016271e-01 -3.745864e-02 5.966496e-01 -6.391321e-01
3.024350e-01 6.086991e-02 -9.512244e-01 -1.385036e+00 -3.445965e-01 9.374410e-01 -4.957411e-02 2.944655e-02 8.886992e-01 3.427816e-01 3.044905e-01 -6.946292e-01
6.583049e-01 -1.671260e-01 7.339643e-01 -1.697565e+00 1.613374e-02 9.779507e-01 2.082119e-01 3.111059e-02 -7.525785e-01 -1.252253e-01 6.464860e-01 -6.639381e-01
4.324759e-01 -4.363367e-02 -9.005891e-01 -1.920060e+00 -2.316586e-01 9.599208e-01 -1.577541e-01 3.172515e-02 8.713776e-01 2.768541e-01 4.050345e-01 -5.186419e-01
-2.747849e-02 -1.930026e-01 9.808134e-01 -1.650669e+00 -1.069667e-01 9.761179e-01 1.890818e-01 5.167018e-02 -9.938828e-01 -9.971868e-02 -4.746710e-02 -1.718184e+00
-5.650872e-01 -3.543252e-01 -7.450706e-01 -2.143087e+00 -5.159788e-01 8.564527e-01 -1.595796e-02 5.156693e-02 6.437720e-01 3.754230e-01 -6.667947e-01 -1.528138e+00
-6.047899e-02 -4.680511e-01 8.816294e-01 -2.548204e+00 -1.168664e-01 8.804919e-01 4.594303e-01 4.772901e-02 -9.913045e-01 -7.524700e-02 -1.079507e-01 -9.221625e-01
2.395098e-02 -1.251362e-01 -9.918504e-01 -2.356852e+00 -4.034885e-01 9.065277e-01 -1.241149e-01 5.579111e-02 9.146712e-01 4.031729e-01 -2.877881e-02 -1.359027e+00
4.543049e-02 -4.299777e-01 9.016958e-01 -1.984810e+00 -1.316343e-01 8.921804e-01 4.320725e-01 7.762790e-02 -9.902568e-01 -1.383233e-01 -1.606762e-02 -2.261000e+00
-2.309731e-01 -2.114957e-01 -9.496952e-01 -2.083348e+00 -5.481543e-01 8.347230e-01 -5.257627e-02 8.877659e-02 8.038521e-01 5.084358e-01 -3.087309e-01 -2.554787e+00
5.873809e-02 -4.898586e-01 8.698209e-01 -1.782030e+00 2.851074e-02 8.717931e-01 4.890440e-01 1.047133e-01 -9.978662e-01 -3.926272e-03 6.517369e-02 -3.026608e+00
-4.320285e-01 8.770086e-02 -8.975856e-01 -9.995788e-01 -5.249389e-01 7.848363e-01 3.293495e-01 1.550790e-01 7.333420e-01 6.134660e-01 -2.930341e-01 -4.487716e+00
-3.571605e-01 -5.546616e-01 7.515231e-01 -6.796631e-01 5.885365e-02 7.896289e-01 6.107557e-01 1.762863e-01 -9.321870e-01 2.623677e-01 -2.493804e-01 -5.390103e+00
-6.178575e-01 6.588382e-03 -7.862625e-01 1.699874e-01 -5.678163e-01 6.879778e-01 4.519638e-01 2.305016e-01 5.439088e-01 7.257019e-01 -4.213312e-01 -7.243531e+00
-2.786319e-01 -6.927744e-01 6.651526e-01 7.654420e-01 2.089287e-01 6.322694e-01 7.460457e-01 2.702119e-01 -9.373970e-01 3.468416e-01 -3.142992e-02 -8.365208e+00
-6.997371e-01 2.084309e-01 -6.833188e-01 1.277698e+00 -4.228177e-01 6.501515e-01 6.312909e-01 2.936829e-01 5.758413e-01 7.306570e-01 -3.668068e-01 -8.981060e+00
-4.206678e-01 -4.740429e-01 7.735127e-01 1.663870e+00 4.805437e-01 6.067560e-01 6.331863e-01 3.190896e-01 -7.694910e-01 6.380677e-01 -2.744438e-02 -9.560959e+00
-6.331963e-01 4.999340e-01 -5.908709e-01 1.651496e+00 -2.393138e-01 5.995418e-01 7.637267e-01 3.192117e-01 7.360648e-01 6.249925e-01 -2.599866e-01 -9.472786e+00
-3.403453e-01 -2.379236e-01 9.097019e-01 1.603683e+00 7.028818e-01 5.782642e-01 4.142073e-01 3.211539e-01 -6.245977e-01 7.803864e-01 -2.957732e-02 -9.428412e+00
-6.776298e-01 7.130843e-01 -1.798019e-01 2.058093e+00 3.698858e-01 5.418010e-01 7.547425e-01 3.457161e-01 6.356119e-01 4.449298e-01 -6.309002e-01 -9.949381e+00
-8.140610e-02 4.146896e-01 9.063143e-01 1.788648e+00 7.732247e-01 6.000468e-01 -2.051032e-01 3.495918e-01 -6.288852e-01 6.840880e-01 -3.694957e-01 -9.768093e+00
-4.734220e-01 7.278003e-01 -4.961637e-01 1.483658e+00 7.004327e-01 6.526093e-01 2.889550e-01 3.505717e-01 5.341026e-01 -2.107316e-01 -8.187347e-01 -9.472173e+00
-9.007846e-02 7.053489e-01 7.031136e-01 1.104859e+00 3.830096e-01 6.762240e-01 -6.293050e-01 3.467485e-01 -9.193419e-01 2.126125e-01 -3.310686e-01 -9.014105e+00
-6.986701e-01 3.044534e-01 -6.474320e-01 6.821958e-01 6.100051e-01 7.263499e-01 -3.167168e-01 3.422866e-01 3.738367e-01 -6.162174e-01 -6.931971e-01 -8.416767e+00
-4.207425e-01 5.844662e-01 6.938119e-01 3.734043e-01 -1.102778e-01 7.261772e-01 -6.786055e-01 3.369680e-01 -9.004524e-01 -3.620302e-01 -2.410800e-01 -7.989074e+00
-8.585346e-01 -1.699450e-01 -4.837737e-01 3.544728e-02 2.122858e-01 7.410165e-01 -6.370473e-01 3.324988e-01 4.667473e-01 -6.496255e-01 -6.001114e-01 -7.500684e+00
-5.640421e-01 2.299440e-01 7.930840e-01 -3.023641e-02 -4.367363e-01 7.320424e-01 -5.228530e-01 3.350788e-01 -7.007981e-01 -6.412797e-01 -3.124778e-01 -7.422746e+00
-8.127657e-01 -4.623550e-01 -3.544571e-01 -1.812780e-01 -1.270447e-01 7.344327e-01 -6.666846e-01 3.374749e-01 5.685698e-01 -4.968264e-01 -6.556614e-01 -7.289830e+00
1.185014e-01 -1.231477e-01 9.852878e-01 -8.553025e-01 -7.411459e-01 6.493842e-01 1.703025e-01 3.343295e-01 -6.608027e-01 -7.504231e-01 -1.431741e-02 -6.544392e+00
-3.761935e-01 -8.604492e-01 -3.436649e-01 -1.588766e+00 -8.421869e-01 4.721812e-01 -2.603195e-01 3.326963e-01 3.862638e-01 1.914996e-01 -9.022905e-01 -5.802787e+00
2.707588e-01 -8.035346e-01 5.301149e-01 -2.266889e+00 -3.224421e-01 4.431725e-01 8.364384e-01 3.289106e-01 -9.070396e-01 -3.974044e-01 -1.391005e-01 -5.067444e+00
-7.020375e-01 -4.810715e-01 -5.250844e-01 -3.171754e+00 -6.965262e-01 3.102963e-01 6.469679e-01 3.263833e-01 -1.483061e-01 8.199307e-01 -5.529186e-01 -4.161777e+00
-1.610237e-01 -7.442691e-01 6.481781e-01 -4.144616e+00 5.924380e-01 4.523743e-01 6.666143e-01 3.241444e-01 -7.893596e-01 4.913461e-01 3.680903e-01 -3.190139e+00
-9.278698e-01 3.700473e-01 4.607318e-02 -5.272516e+00 2.503406e-01 5.265586e-01 8.124442e-01 3.194882e-01 2.763825e-01 7.653764e-01 -5.812156e-01 -2.007326e+00
1.469986e-01 2.625306e-01 9.536609e-01 -6.592127e+00 6.138605e-01 7.317895e-01 -2.960735e-01 3.115806e-01 -7.756073e-01 6.289371e-01 -5.358510e-02 -5.978447e-01
-9.104653e-01 3.806253e-01 -1.617944e-01 -7.991956e+00 4.089686e-01 8.868426e-01 -2.150694e-01 3.031322e-01 6.162529e-02 -2.619820e-01 -9.631032e-01 9.058726e-01
-2.028546e-01 3.538923e-01 9.130226e-01 -9.166622e+00 -4.149502e-01 8.134844e-01 -4.075040e-01 2.960043e-01 -8.869421e-01 -4.615229e-01 -1.817137e-02 2.157087e+00
-7.840115e-01 -6.203462e-01 2.228180e-02 -1.029751e+01 -5.673059e-01 7.014833e-01 -4.313761e-01 2.893492e-01 2.519722e-01 -3.508444e-01 -9.018970e-01 3.408811e+00
1.261569e-01 -5.352612e-01 8.352125e-01 -1.125502e+01 -6.898211e-01 5.577208e-01 4.616214e-01 2.829001e-01 -7.129035e-01 -6.343839e-01 -2.988741e-01 4.473240e+00
-3.459817e-01 -7.554702e-01 -5.563824e-01 -1.173288e+01 -8.925132e-01 4.478797e-01 -5.314068e-02 2.792490e-01 2.893386e-01 4.781930e-01 -8.292253e-01 5.027275e+00
2.206208e-01 -8.637491e-01 4.530606e-01 -1.247553e+01 -8.549688e-03 4.627757e-01 8.864342e-01 2.731122e-01 -9.753222e-01 -1.994394e-01 9.471319e-02 5.859835e+00
-2.643482e-01 -2.597104e-02 -9.640776e-01 -1.273435e+01 -8.573517e-01 4.641181e-01 2.225814e-01 2.719498e-01 4.416652e-01 8.853925e-01 -1.449551e-01 6.141483e+00
3.763706e-01 -7.969749e-01 4.724152e-01 -1.344107e+01 6.554181e-01 5.894350e-01 4.722219e-01 2.667711e-01 -6.548071e-01 1.318990e-01 7.441978e-01 6.889665e+00
-3.984439e-01 5.888458e-01 -7.032091e-01 -1.406762e+01 -4.459079e-01 5.456276e-01 7.095468e-01 2.620176e-01 8.015040e-01 5.962810e-01 4.516902e-02 7.584842e+00
4.942233e-01 -3.346549e-01 8.023399e-01 -1.479147e+01 7.211306e-01 6.732577e-01 -1.633853e-01 2.554440e-01 -4.855039e-01 6.593407e-01 5.740696e-01 8.422101e+00
1.361038e-01 6.888933e-01 -7.119703e-01 -1.518432e+01 -2.242861e-02 7.206162e-01 6.929714e-01 2.517124e-01 9.904407e-01 -7.834753e-02 1.135295e-01 8.966469e+00
1.487526e-01 -7.118996e-02 9.863086e-01 -1.522649e+01 7.197059e-01 6.918007e-01 -5.861130e-02 2.481978e-01 -6.781564e-01 7.185707e-01 1.541430e-01 9.075529e+00
1.600708e-01 7.314330e-01 -6.628598e-01 -1.527495e+01 -1.717603e-02 6.734808e-01 7.390051e-01 2.449090e-01 9.869561e-01 -1.069079e-01 1.203678e-01 9.204448e+00
2.743232e-02 -7.339151e-02 9.969259e-01 -1.524700e+01 7.790946e-01 6.264205e-01 2.467744e-02 2.379581e-01 -6.263059e-01 7.760226e-01 7.436309e-02 9.392129e+00
1.668980e-01 7.968008e-01 -5.807353e-01 -1.521060e+01 -1.484804e-01 6.025908e-01 7.841160e-01 2.302241e-01 9.747300e-01 -4.463954e-02 2.188805e-01 9.622050e+00
3.277562e-02 -1.974178e-01 9.797714e-01 -1.518997e+01 8.313784e-01 5.494875e-01 8.290673e-02 2.239218e-01 -5.547394e-01 8.118434e-01 1.821387e-01 9.793536e+00
2.477049e-02 8.480847e-01 -5.292813e-01 -1.524212e+01 -1.334430e-01 5.275108e-01 8.390026e-01 2.175731e-01 9.907469e-01 4.984637e-02 1.262377e-01 1.003370e+01
3.157422e-02 -1.209351e-01 9.921581e-01 -1.535902e+01 8.698736e-01 4.922152e-01 3.231390e-02 2.124287e-01 -4.922632e-01 8.620319e-01 1.207395e-01 1.029126e+01
2.046781e-01 8.830439e-01 -4.223036e-01 -1.532209e+01 -3.198133e-01 4.680895e-01 8.237789e-01 2.077120e-01 9.251088e-01 -3.355118e-02 3.782168e-01 1.035105e+01
-7.355064e-02 -3.615832e-01 9.294342e-01 -1.530070e+01 8.781339e-01 4.182781e-01 2.322162e-01 2.039816e-01 -4.727274e-01 8.332473e-01 2.867538e-01 1.035561e+01
7.933839e-02 9.034683e-01 -4.212487e-01 -1.526199e+01 -5.073110e-01 4.003588e-01 7.631176e-01 1.980668e-01 8.581031e-01 1.531596e-01 4.901032e-01 1.048046e+01
-5.951965e-02 -5.437961e-01 8.371041e-01 -1.524931e+01 9.004231e-01 3.327637e-01 2.801903e-01 1.912963e-01 -4.309242e-01 7.704247e-01 4.698406e-01 1.068355e+01
-5.007306e-02 9.174300e-01 -3.947339e-01 -1.530655e+01 -4.977885e-01 3.197150e-01 8.062189e-01 1.844203e-01 8.658518e-01 2.368638e-01 4.406770e-01 1.094175e+01
7.803562e-02 -5.020803e-01 8.612931e-01 -1.548227e+01 9.536976e-01 2.893054e-01 8.223937e-02 1.769994e-01 -2.904676e-01 8.149955e-01 5.014089e-01 1.136299e+01
1.757411e-01 9.560195e-01 -2.348230e-01 -1.545863e+01 -6.110661e-01 2.929565e-01 7.353739e-01 1.730843e-01 7.718247e-01 1.425698e-02 6.356756e-01 1.142259e+01
1.419499e-01 -6.391540e-01 7.558653e-01 -1.546255e+01 9.640547e-01 2.625300e-01 4.094594e-02 1.723439e-01 -2.246081e-01 7.228832e-01 6.534456e-01 1.141507e+01
2.249355e-01 9.591949e-01 -1.713157e-01 -1.550787e+01 -7.054568e-01 2.815984e-01 6.504099e-01 1.699570e-01 6.721121e-01 -2.544450e-02 7.400121e-01 1.146361e+01
1.525916e-01 -7.351275e-01 6.605327e-01 -1.555792e+01 9.671390e-01 2.486069e-01 5.326083e-02 1.682449e-01 -2.033665e-01 6.306998e-01 7.489058e-01 1.147295e+01
2.466052e-01 9.623693e-01 -1.141543e-01 -1.555160e+01 -8.228713e-01 2.701561e-01 4.998985e-01 1.647945e-01 5.119265e-01 -2.934330e-02 8.585280e-01 1.151657e+01
8.124363e-02 -8.632950e-01 4.981176e-01 -1.551065e+01 9.600158e-01 2.021113e-01 1.937023e-01 1.607299e-01 -2.678975e-01 4.624637e-01 8.451972e-01 1.155973e+01
1.438421e-01 9.616998e-01 -2.333302e-01 -1.552683e+01 -8.722895e-01 2.345676e-01 4.290559e-01 1.550054e-01 4.673547e-01 1.418152e-01 8.726214e-01 1.174122e+01
1.100116e-01 -8.933166e-01 4.357555e-01 -1.557245e+01 9.696047e-01 1.928565e-01 1.505756e-01 1.487591e-01 -2.185500e-01 4.059456e-01 8.873805e-01 1.195783e+01
2.050589e-02 9.665453e-01 -2.556750e-01 -1.575641e+01 -7.326360e-01 1.885387e-01 6.539860e-01 1.418554e-01 6.803117e-01 1.739062e-01 7.119920e-01 1.232935e+01
1.558582e-01 -7.282771e-01 6.673236e-01 -1.593458e+01 9.846779e-01 1.680463e-01 -4.658290e-02 1.381265e-01 -7.821599e-02 6.643591e-01 7.433097e-01 1.261163e+01
1.416179e-01 9.870731e-01 -7.504068e-02 -1.606625e+01 -6.154355e-01 1.471651e-01 7.743266e-01 1.324304e-01 7.753603e-01 -6.347580e-02 6.283210e-01 1.285424e+01
5.426532e-02 -6.215119e-01 7.815230e-01 -1.615581e+01 9.957697e-01 9.180267e-02 3.865131e-03 1.267390e-01 -7.414813e-02 7.780072e-01 6.238644e-01 1.310171e+01
1.242703e-01 9.922434e-01 -3.146365e-03 -1.609451e+01 -8.054629e-01 1.027284e-01 5.836749e-01 1.225373e-01 5.794708e-01 -6.999919e-02 8.119814e-01 1.312021e+01
-3.654838e-01 -7.123964e-01 5.990935e-01 -1.555635e+01 7.979654e-01 9.157769e-02 5.957052e-01 1.410308e-01 -4.792418e-01 6.957765e-01 5.349975e-01 1.201846e+01
-1.792562e-01 7.842760e-01 -5.939514e-01 -1.515829e+01 -9.081446e-01 1.002643e-01 4.064733e-01 1.683775e-01 3.783393e-01 6.122566e-01 6.942630e-01 1.090065e+01
-2.677000e-01 -9.113019e-01 3.128347e-01 -1.518693e+01 7.149011e-01 2.980812e-02 6.985899e-01 1.656466e-01 -6.459514e-01 4.106584e-01 6.435111e-01 1.095008e+01
-2.078013e-01 7.535256e-01 -6.237129e-01 -1.522866e+01 -9.244028e-01 5.721289e-02 3.771022e-01 1.622246e-01 3.198406e-01 6.549243e-01 6.846723e-01 1.106128e+01
-3.138144e-01 -9.171991e-01 2.454919e-01 -1.525088e+01 6.167739e-01 -3.444849e-04 7.871403e-01 1.588666e-01 -7.218798e-01 3.984290e-01 5.658126e-01 1.110487e+01
1.502807e-02 6.024901e-01 -7.979849e-01 -1.515261e+01 -9.996445e-01 2.663069e-02 1.280724e-03 1.614207e-01 2.202251e-02 7.976820e-01 6.026761e-01 1.076000e+01
3.854523e-02 -9.991455e-01 1.491550e-02 -1.486023e+01 3.350971e-01 2.698683e-02 9.417970e-01 1.749753e-01 -9.413948e-01 -3.130365e-02 3.358510e-01 1.012945e+01
1.591228e-01 3.835939e-01 -9.096899e-01 -1.479548e+01 -9.871729e-01 4.966237e-02 -1.517347e-01 1.783973e-01 -1.302714e-02 9.221656e-01 3.865759e-01 9.933097e+00
7.200161e-02 -9.937395e-01 8.542629e-02 -1.463921e+01 -1.247537e-01 7.600323e-02 9.892725e-01 1.799687e-01 -9.895718e-01 -8.188646e-02 -1.185003e-01 9.569942e+00
4.563580e-01 -1.584523e-01 -8.755742e-01 -1.436150e+01 -8.624065e-01 1.635040e-01 -4.790841e-01 1.862959e-01 2.190719e-01 9.737347e-01 -6.203389e-02 9.140982e+00
3.677221e-01 -9.298770e-01 1.045015e-02 -1.320178e+01 -3.092816e-02 -9.977917e-04 9.995211e-01 2.127117e-01 -9.294213e-01 -3.678692e-01 -2.912629e-02 8.384714e+00
-1.506504e-02 2.547638e-02 -9.995619e-01 -1.202477e+01 -9.929253e-01 1.173747e-01 1.795661e-02 2.437934e-01 1.177807e-01 9.927609e-01 2.352788e-02 7.707636e+00
-8.062657e-02 -9.933073e-01 8.270360e-02 -1.190241e+01 -2.075587e-01 9.788633e-02 9.733127e-01 2.332691e-01 -9.748942e-01 6.130901e-02 -2.140619e-01 8.009956e+00
-2.009313e-01 -1.062639e-02 -9.795477e-01 -1.061907e+01 -9.699830e-01 1.419674e-01 1.974293e-01 2.616108e-01 1.369659e-01 9.898143e-01 -3.883312e-02 7.189063e+00
-2.110851e-01 -9.695165e-01 1.244216e-01 -8.575615e+00 5.913173e-01 -2.530054e-02 8.060420e-01 3.218132e-01 -7.783232e-01 2.437161e-01 5.786325e-01 5.723966e+00
-3.615039e-01 6.491524e-01 -6.692653e-01 -7.376638e+00 -8.689987e-01 2.553239e-02 4.941551e-01 3.514331e-01 3.378699e-01 7.602297e-01 5.548826e-01 5.008875e+00
-4.317011e-01 -8.753851e-01 2.175663e-01 -5.981739e+00 6.592992e-01 -1.416106e-01 7.384247e-01 3.814059e-01 -6.155963e-01 4.622200e-01 6.382741e-01 4.137324e+00
-5.265012e-01 7.600503e-01 -3.809463e-01 -4.452333e+00 -6.832875e-01 -1.116721e-01 7.215591e-01 4.224338e-01 5.058801e-01 6.401976e-01 5.781283e-01 3.130701e+00
-6.482830e-01 -6.448169e-01 4.048956e-01 -3.830280e+00 6.442036e-01 -1.810454e-01 7.431179e-01 4.274405e-01 -4.058705e-01 7.425859e-01 5.327620e-01 2.992555e+00
-3.790811e-01 6.819870e-01 -6.254528e-01 -3.591226e+00 -9.069331e-01 -1.395905e-01 3.974756e-01 4.195854e-01 1.837659e-01 7.179193e-01 6.714327e-01 3.131811e+00
-4.595152e-01 -8.871003e-01 4.357496e-02 -3.511509e+00 4.448877e-01 -1.874329e-01 8.757533e-01 4.114374e-01 -7.687137e-01 4.218079e-01 4.807883e-01 3.321751e+00
-2.158969e-01 4.969636e-01 -8.404854e-01 -3.412264e+00 -9.759493e-01 -1.364467e-01 1.700153e-01 4.034101e-01 -3.019003e-02 8.569769e-01 5.144697e-01 3.511713e+00
-2.608714e-01 -9.599941e-01 -1.017714e-01 -3.332062e+00 2.706657e-01 -1.739274e-01 9.468312e-01 3.956997e-01 -9.266532e-01 2.194551e-01 3.052101e-01 3.761426e+00
-1.280461e-01 2.933730e-01 -9.473840e-01 -2.865980e+00 -9.859164e-01 -1.412701e-01 8.950737e-02 4.015448e-01 -1.075780e-01 9.455025e-01 3.073304e-01 3.552127e+00
-1.608036e-01 -9.712522e-01 -1.755317e-01 -2.597285e+00 3.229645e-01 -2.198350e-01 9.205251e-01 4.094018e-01 -9.326500e-01 9.133328e-02 3.490303e-01 3.330388e+00
-1.871177e-01 3.659352e-01 -9.116350e-01 -2.633535e+00 -9.730136e-01 -1.966015e-01 1.207991e-01 4.013362e-01 -1.350242e-01 9.096369e-01 3.928476e-01 3.629748e+00
-2.193474e-01 -9.571457e-01 -1.891002e-01 -2.680333e+00 1.647867e-01 -2.273810e-01 9.597621e-01 3.935217e-01 -9.616299e-01 1.793601e-01 2.076003e-01 3.913334e+00
1.213129e-01 1.942739e-01 -9.734171e-01 -2.557772e+00 -9.735990e-01 -1.677429e-01 -1.548135e-01 3.853574e-01 -1.933601e-01 9.664988e-01 1.687955e-01 4.070399e+00
1.169078e-01 -9.769661e-01 -1.785212e-01 -2.480633e+00 -1.245068e-01 -1.927532e-01 9.733161e-01 3.761014e-01 -9.853074e-01 -9.156111e-02 -1.441733e-01 4.298994e+00
2.537402e-01 -1.048270e-01 -9.615754e-01 -2.380969e+00 -9.596173e-01 -1.521025e-01 -2.366419e-01 3.734172e-01 -1.214515e-01 9.827900e-01 -1.391883e-01 4.327146e+00
2.309091e-01 -9.545010e-01 -1.887030e-01 -2.233482e+00 -4.647168e-02 -2.045423e-01 9.777540e-01 3.768508e-01 -9.718649e-01 -2.170030e-01 -9.158795e-02 4.248992e+00
4.469586e-01 -3.997413e-02 -8.936610e-01 -2.021082e+00 -8.862776e-01 -1.553715e-01 -4.363160e-01 3.718209e-01 -1.214081e-01 9.870470e-01 -1.048728e-01 4.344615e+00
4.283125e-01 -9.029812e-01 -3.425530e-02 -1.748339e+00 -2.796549e-01 -1.685060e-01 9.451978e-01 3.680510e-01 -8.592680e-01 -3.952604e-01 -3.246963e-01 4.398888e+00
6.301875e-01 -2.818322e-01 -7.234876e-01 -1.465391e+00 -7.715517e-01 -1.228775e-01 -6.241867e-01 3.643555e-01 8.701557e-02 9.515628e-01 -2.948840e-01 4.447501e+00
5.794117e-01 -8.035445e-01 1.363754e-01 -1.380706e+00 -4.212576e-01 -1.520100e-01 8.941113e-01 3.567049e-01 -6.977278e-01 -5.755077e-01 -4.265755e-01 4.651351e+00
7.353634e-01 -4.419278e-01 -5.137514e-01 -1.194005e+00 -6.132175e-01 -1.112465e-01 -7.820412e-01 3.486086e-01 2.884527e-01 8.901258e-01 -3.528045e-01 4.832790e+00
6.892168e-01 -6.476301e-01 3.248930e-01 -1.050630e+00 -5.208032e-01 -1.310639e-01 8.435557e-01 3.445905e-01 -5.037303e-01 -7.505981e-01 -4.276193e-01 4.914200e+00
5.929447e-01 -4.943126e-01 -6.356663e-01 -8.180527e-01 -7.585273e-01 -7.790467e-02 -6.469677e-01 3.500793e-01 2.702829e-01 8.657863e-01 -4.211428e-01 4.767713e+00
6.850703e-01 -7.281934e-01 2.032393e-02 -1.004334e+00 -1.272573e-01 -9.215775e-02 9.875791e-01 3.461550e-01 -7.172756e-01 -6.791474e-01 -1.558024e-01 5.059875e+00
4.971099e-01 -1.270363e-01 -8.583376e-01 -1.101417e+00 -8.676795e-01 -7.705055e-02 -4.911166e-01 3.428150e-01 -3.745752e-03 9.889009e-01 -1.485294e-01 5.300976e+00
4.609930e-01 -8.790941e-01 -1.211566e-01 -1.134529e+00 4.296069e-02 -1.142607e-01 9.925215e-01 3.405108e-01 -8.863632e-01 -4.627505e-01 -1.490692e-02 5.431081e+00
1.313069e-01 4.845795e-02 -9.901567e-01 -1.273662e+00 -9.822557e-01 -1.285601e-01 -1.365508e-01 3.378345e-01 -1.339116e-01 9.905171e-01 3.071728e-02 5.677176e+00
7.352834e-02 -9.786609e-01 -1.918763e-01 -1.370098e+00 3.577670e-01 -1.537062e-01 9.210739e-01 3.361549e-01 -9.309116e-01 -1.363721e-01 3.388308e-01 5.882270e+00
-2.273303e-01 3.778622e-01 -8.975194e-01 -1.349792e+00 -9.711387e-01 -1.562843e-01 1.801803e-01 3.394371e-01 -7.218484e-02 9.125762e-01 4.024847e-01 5.894540e+00
-2.024220e-01 -9.792207e-01 1.233906e-02 -1.537703e+00 7.122330e-01 -1.385599e-01 6.881317e-01 3.353992e-01 -6.721231e-01 1.480813e-01 7.254809e-01 6.198043e+00
-4.714488e-01 6.940822e-01 -5.440459e-01 -1.694312e+00 -8.402958e-01 -1.663144e-01 5.159869e-01 3.334740e-01 2.676547e-01 7.004209e-01 6.616431e-01 6.439206e+00
-3.113479e-01 -8.507304e-01 4.234623e-01 -1.862447e+00 9.120060e-01 -1.422789e-01 3.847100e-01 3.313149e-01 -2.670348e-01 5.059788e-01 8.201694e-01 6.686837e+00
-3.898543e-01 9.104092e-01 -1.384509e-01 -2.004424e+00 -6.280587e-01 -1.529139e-01 7.629938e-01 3.289710e-01 6.734655e-01 3.844118e-01 6.314046e-01 6.916512e+00
-1.068342e-01 -6.352105e-01 7.649144e-01 -2.162409e+00 9.908660e-01 -1.316876e-01 2.903467e-02 3.264776e-01 8.228658e-02 7.610296e-01 6.434772e-01 7.152278e+00
-9.870703e-02 9.878202e-01 1.202836e-01 -2.367402e+00 -2.482605e-01 -1.414967e-01 9.583034e-01 3.232704e-01 9.636512e-01 6.472962e-02 2.592035e-01 7.443275e+00
4.239272e-01 -2.164387e-01 8.794544e-01 -2.635859e+00 8.872266e-01 -9.585841e-02 -4.512650e-01 3.193364e-01 1.819743e-01 9.715789e-01 1.513932e-01 7.818508e+00
4.095328e-01 9.092671e-01 -7.427046e-02 -2.905093e+00 3.250563e-01 -6.936713e-02 9.431472e-01 3.160904e-01 8.524208e-01 -4.103918e-01 -3.239711e-01 8.186518e+00
6.380004e-01 3.363071e-01 6.927143e-01 -3.041031e+00 7.486892e-01 -6.056916e-02 -6.601483e-01 3.131000e-01 -1.800555e-01 9.398026e-01 -2.904327e-01 8.442416e+00
6.573814e-01 7.328599e-01 -1.754028e-01 -2.940961e+00 3.869270e-01 -1.285332e-01 9.131083e-01 3.131118e-01 6.466353e-01 -6.681284e-01 -3.680586e-01 8.450080e+00
7.255206e-01 3.189483e-01 6.098293e-01 -2.751521e+00 6.704962e-01 -1.278942e-01 -7.308064e-01 3.151406e-01 -1.550959e-01 9.391033e-01 -3.066435e-01 8.395710e+00
7.255500e-01 6.504497e-01 -2.247052e-01 -2.675706e+00 4.201306e-01 -1.600599e-01 8.932363e-01 3.151273e-01 5.450390e-01 -7.424931e-01 -3.894052e-01 8.447057e+00
8.233940e-01 3.673070e-01 4.325597e-01 -2.382786e+00 5.082456e-01 -1.382897e-01 -8.500367e-01 3.240446e-01 -2.524058e-01 9.197617e-01 -3.005490e-01 8.226557e+00
7.255152e-01 5.051877e-01 -4.673470e-01 -1.938049e+00 6.340141e-01 -2.265051e-01 7.394062e-01 3.434385e-01 2.676824e-01 -8.327550e-01 -4.846290e-01 7.762906e+00
8.360961e-01 5.455317e-01 5.777935e-02 -8.870598e-01 1.474156e-01 -1.219760e-01 -9.815246e-01 3.765429e-01 -5.284051e-01 8.291664e-01 -1.824036e-01 6.881439e+00
2.736083e-01 2.414033e-01 -9.310547e-01 6.338671e-01 9.408068e-01 -2.685008e-01 2.068574e-01 4.316631e-01 -2.000529e-01 -9.325405e-01 -3.005779e-01 5.564449e+00
2.850537e-01 9.325503e-01 -2.215725e-01 1.299601e+00 -1.355858e-01 -1.896087e-01 -9.724531e-01 4.578044e-01 -9.488735e-01 3.072434e-01 7.239186e-02 4.944468e+00
3.915442e-01 -1.049251e-01 -9.141575e-01 1.304789e+00 8.798109e-01 -2.482755e-01 4.053297e-01 4.563682e-01 -2.694922e-01 -9.629901e-01 -4.896582e-03 4.925624e+00
4.600351e-01 8.689087e-01 -1.826617e-01 1.433283e+00 4.911684e-02 -2.303120e-01 -9.718765e-01 4.575433e-01 -8.865411e-01 4.381256e-01 -1.486297e-01 4.778608e+00
3.804873e-01 9.726482e-02 -9.196570e-01 1.788723e+00 8.904205e-01 -3.071077e-01 3.359110e-01 4.693580e-01 -2.497614e-01 -9.466913e-01 -2.034572e-01 4.440012e+00
4.112101e-01 8.860181e-01 -2.141918e-01 1.883964e+00 4.043611e-02 -2.524771e-01 -9.667576e-01 4.704616e-01 -9.106433e-01 3.888794e-01 -1.396483e-01 4.417189e+00
4.986544e-01 5.070042e-02 -8.653168e-01 1.914321e+00 8.300598e-01 -3.154953e-01 4.598515e-01 4.657933e-01 -2.496887e-01 -9.475717e-01 -1.994075e-01 4.553593e+00
5.556660e-01 8.196691e-01 -1.392043e-01 2.042503e+00 1.604136e-01 -2.699846e-01 -9.494081e-01 4.621367e-01 -8.157836e-01 5.052235e-01 -2.815074e-01 4.624589e+00
6.289687e-01 1.781070e-01 -7.567538e-01 2.144157e+00 7.631691e-01 -3.270436e-01 5.573288e-01 4.610334e-01 -1.482273e-01 -9.280735e-01 -3.416259e-01 4.615908e+00
6.822249e-01 7.311424e-01 2.272912e-04 2.189162e+00 3.539695e-01 -3.300149e-01 -8.750975e-01 4.612048e-01 -6.397459e-01 5.970938e-01 -4.839465e-01 4.475401e+00
7.427853e-01 3.432514e-01 -5.748466e-01 2.459282e+00 6.693978e-01 -3.636915e-01 6.477924e-01 4.724010e-01 1.328885e-02 -8.659717e-01 -4.999164e-01 3.969453e+00
7.335218e-01 6.792771e-01 -2.298651e-02 2.690174e+00 2.513839e-01 -3.025701e-01 -9.193788e-01 4.855262e-01 -6.314680e-01 6.686060e-01 -3.927011e-01 3.592605e+00
7.795501e-01 2.499544e-01 -5.743034e-01 2.719383e+00 6.249520e-01 -3.714125e-01 6.866497e-01 4.840098e-01 -4.167240e-02 -8.941899e-01 -4.457442e-01 3.589700e+00
8.120974e-01 5.833589e-01 -1.379122e-02 2.712964e+00 2.276615e-01 -3.385133e-01 -9.130055e-01 4.804008e-01 -5.372784e-01 7.383096e-01 -4.077142e-01 3.702819e+00
8.447622e-01 2.062153e-01 -4.938137e-01 2.696418e+00 5.331987e-01 -4.029095e-01 7.438837e-01 4.759727e-01 -4.556203e-02 -8.917057e-01 -4.503165e-01 3.845206e+00
8.651411e-01 4.765243e-01 1.563827e-01 2.741034e+00 3.770246e-01 -4.123220e-01 -8.293630e-01 4.749469e-01 -3.307316e-01 7.764761e-01 -5.363781e-01 3.741710e+00
9.238732e-01 3.580216e-01 -1.351996e-01 2.784001e+00 3.026035e-01 -4.671352e-01 8.307923e-01 4.749554e-01 2.342851e-01 -8.084586e-01 -5.399122e-01 3.649850e+00
8.803421e-01 2.248077e-01 4.176832e-01 2.871298e+00 4.739725e-01 -4.515274e-01 -7.559584e-01 4.703150e-01 1.865014e-02 8.634724e-01 -5.040512e-01 3.723247e+00
8.963978e-01 4.209850e-01 1.387181e-01 2.917138e+00 1.063760e-01 -5.081311e-01 8.546853e-01 4.653362e-01 4.302966e-01 -7.513817e-01 -5.002703e-01 3.836376e+00
8.895011e-01 3.545974e-02 4.555550e-01 2.902970e+00 4.127857e-01 -4.898998e-01 -7.678582e-01 4.606911e-01 1.959482e-01 8.710573e-01 -4.504037e-01 3.981186e+00
9.098762e-01 3.585228e-01 2.087743e-01 2.869726e+00 1.724519e-02 -5.354644e-01 8.443817e-01 4.562698e-01 4.145213e-01 -7.646825e-01 -4.933891e-01 4.137955e+00
8.941322e-01 -5.560345e-02 4.443376e-01 2.856090e+00 3.562554e-01 -5.128564e-01 -7.810637e-01 4.512813e-01 2.713112e-01 8.566718e-01 -4.387523e-01 4.303952e+00
9.215570e-01 2.998901e-01 2.465736e-01 2.825631e+00 -4.167140e-02 -5.550285e-01 8.307869e-01 4.473968e-01 3.860002e-01 -7.758926e-01 -4.989936e-01 4.446143e+00
8.825552e-01 -1.102654e-01 4.570973e-01 2.883756e+00 3.358302e-01 -5.325940e-01 -7.768924e-01 4.418905e-01 3.291116e-01 8.391574e-01 -4.330131e-01 4.623264e+00
8.091734e-01 2.692989e-01 5.222227e-01 2.961602e+00 -3.132297e-01 -5.542552e-01 7.711604e-01 4.350477e-01 4.971172e-01 -7.875781e-01 -3.641362e-01 4.764853e+00
7.637648e-01 -3.774452e-01 5.236396e-01 2.945806e+00 2.828055e-01 -5.335538e-01 -7.970830e-01 4.316032e-01 5.802451e-01 7.568722e-01 -3.007660e-01 4.853283e+00
8.066155e-01 2.276045e-01 5.454975e-01 2.934209e+00 -3.465707e-01 -5.654831e-01 7.484100e-01 4.270484e-01 4.788111e-01 -7.927326e-01 -3.772464e-01 5.000129e+00
8.372217e-01 -3.958794e-01 3.772789e-01 2.945029e+00 1.390548e-01 -5.131097e-01 -8.469842e-01 4.223382e-01 5.288890e-01 7.615760e-01 -3.745377e-01 5.193846e+00
8.941609e-01 3.562279e-02 4.463265e-01 3.029244e+00 -3.430220e-01 -5.861729e-01 7.339872e-01 4.178506e-01 2.877712e-01 -8.094025e-01 -5.119135e-01 5.438696e+00
9.007751e-01 -3.943652e-01 1.818800e-01 3.049835e+00 -4.841942e-02 -5.073889e-01 -8.603558e-01 4.152587e-01 4.315782e-01 7.661806e-01 -4.761382e-01 5.556818e+00
9.190789e-01 -9.496058e-02 3.824610e-01 3.009988e+00 -3.733698e-01 -5.202782e-01 7.680531e-01 4.135800e-01 1.260514e-01 -8.487008e-01 -5.136322e-01 5.607754e+00
9.110911e-01 -4.114039e-01 2.568859e-02 2.961192e+00 -1.918658e-01 -4.784113e-01 -8.569190e-01 4.108669e-01 3.648295e-01 7.758025e-01 -5.148106e-01 5.729079e+00
9.536843e-01 -2.250725e-01 1.995711e-01 2.865976e+00 -2.889748e-01 -5.012325e-01 8.156344e-01 4.076295e-01 -8.354538e-02 -8.355288e-01 -5.430579e-01 5.900794e+00
9.345338e-01 -3.126190e-01 -1.700470e-01 2.831722e+00 -3.073266e-01 -4.680267e-01 -8.285538e-01 4.050682e-01 1.794351e-01 8.265715e-01 -5.334629e-01 6.021126e+00
9.389732e-01 -3.376684e-01 6.564607e-02 2.784695e+00 -2.346485e-01 -4.891921e-01 8.400185e-01 4.021401e-01 -2.515342e-01 -8.041586e-01 -5.385717e-01 6.181891e+00
9.036173e-01 -2.681657e-01 -3.340104e-01 2.779916e+00 -4.230128e-01 -4.360719e-01 -7.942930e-01 4.004473e-01 6.734955e-02 8.590276e-01 -5.074797e-01 6.272740e+00
8.858070e-01 -4.638689e-01 1.309963e-02 2.792186e+00 -2.567736e-01 -4.664324e-01 8.464680e-01 3.987709e-01 -3.865401e-01 -7.531709e-01 -5.322784e-01 6.334726e+00
8.114240e-01 -2.645988e-01 -5.211320e-01 2.690796e+00 -5.832423e-01 -4.240665e-01 -6.928175e-01 3.956872e-01 -3.767593e-02 8.661149e-01 -4.984229e-01 6.509969e+00
7.760254e-01 -6.072834e-01 -1.702686e-01 2.603297e+00 -1.555338e-01 -4.458950e-01 8.814686e-01 3.931833e-01 -6.112232e-01 -6.575595e-01 -4.404790e-01 6.665942e+00
7.357985e-01 -1.574816e-01 -6.586351e-01 2.577990e+00 -6.607423e-01 -3.800679e-01 -6.472773e-01 3.903945e-01 -1.483918e-01 9.114537e-01 -3.837081e-01 6.769966e+00
6.966395e-01 -6.828547e-01 -2.200063e-01 2.550860e+00 -1.280784e-01 -4.201122e-01 8.983884e-01 3.871869e-01 -7.058961e-01 -5.976748e-01 -3.801257e-01 6.883246e+00
7.437261e-01 -1.606497e-01 -6.488938e-01 2.570382e+00 -6.561619e-01 -3.609574e-01 -6.626925e-01 3.865190e-01 -1.277616e-01 9.186411e-01 -3.738657e-01 6.836085e+00
7.323344e-01 -6.657911e-01 -1.428584e-01 2.548362e+00 -1.819602e-01 -3.935027e-01 9.011360e-01 3.869903e-01 -6.561835e-01 -6.339383e-01 -4.093231e-01 6.766087e+00
7.844192e-01 -2.805524e-01 -5.531517e-01 2.937067e+00 -6.187001e-01 -4.165684e-01 -6.660939e-01 4.050636e-01 -4.355128e-02 8.647318e-01 -5.003420e-01 6.092095e+00
8.166715e-01 -5.613448e-01 -1.339391e-01 4.072455e+00 -1.659126e-01 -4.506664e-01 8.771390e-01 4.582828e-01 -5.527393e-01 -6.941122e-01 -4.611805e-01 4.536590e+00
4.353871e-01 -8.784225e-02 -8.959474e-01 5.455661e+00 -8.086281e-01 -4.755827e-01 -3.463261e-01 5.199956e-01 -3.956750e-01 8.752742e-01 -2.780943e-01 3.015553e+00
2.094399e-01 -7.951068e-01 -5.691573e-01 6.535895e+00 2.346034e-01 -5.242052e-01 8.186392e-01 5.704857e-01 -9.492609e-01 -3.049819e-01 7.674533e-02 1.813705e+00
9.723599e-02 2.032586e-01 -9.742849e-01 7.635575e+00 -7.363210e-01 -6.439257e-01 -2.078245e-01 6.232920e-01 -6.696092e-01 7.375945e-01 8.705080e-02 5.917785e-02
1.089823e-01 -7.357236e-01 -6.684562e-01 8.977445e+00 5.157592e-01 -5.330131e-01 6.707380e-01 7.009260e-01 -8.497737e-01 -4.178610e-01 3.213672e-01 -2.303468e+00
-2.915807e-01 4.517066e-01 -8.431737e-01 1.080159e+01 -7.390785e-01 -6.659750e-01 -1.011942e-01 7.927367e-01 -6.072427e-01 5.936653e-01 5.280321e-01 -5.153277e+00
-5.203666e-01 -7.470377e-01 -4.137068e-01 1.170435e+01 7.072782e-01 -6.485125e-01 2.814055e-01 8.576856e-01 -4.785145e-01 -1.461718e-01 8.658277e-01 -6.817680e+00
-5.724540e-01 6.813068e-01 -4.561989e-01 1.216186e+01 -7.516870e-01 -6.583114e-01 -3.990763e-02 8.779779e-01 -3.275103e-01 3.200735e-01 8.889825e-01 -7.507448e+00
-6.442335e-01 -7.478747e-01 -1.601456e-01 1.309302e+01 7.622170e-01 -6.450911e-01 -5.369110e-02 9.186087e-01 -6.315431e-02 -1.566553e-01 9.856321e-01 -8.501113e+00
-5.846150e-01 7.996646e-01 1.369739e-01 1.349265e+01 -8.085756e-01 -5.881319e-01 -1.750116e-02 9.337414e-01 6.656367e-02 -1.209852e-01 9.904200e-01 -8.847523e+00
-5.698869e-01 -8.068798e-01 1.554798e-01 1.359166e+01 7.476192e-01 -5.876519e-01 -3.094039e-01 9.389645e-01 3.410198e-01 -6.008553e-02 9.381339e-01 -8.919979e+00
-4.607501e-01 7.217168e-01 5.165599e-01 1.346667e+01 -7.615708e-01 -6.203742e-01 1.874722e-01 9.385508e-01 4.557623e-01 -3.070191e-01 8.354759e-01 -8.707350e+00
-2.428923e-01 -7.647403e-01 5.968045e-01 1.327064e+01 5.513821e-01 -6.150193e-01 -5.636747e-01 9.370394e-01 7.981110e-01 1.921550e-01 5.710475e-01 -8.498343e+00
7.244631e-02 5.688773e-01 8.192254e-01 1.304457e+01 -5.917449e-01 -6.366799e-01 4.944457e-01 9.359962e-01 8.028633e-01 -5.205932e-01 2.905051e-01 -8.231443e+00
4.455893e-01 -5.791607e-01 6.826589e-01 1.281718e+01 2.828410e-01 -6.324118e-01 -7.211493e-01 9.349135e-01 8.493828e-01 5.144203e-01 -1.179856e-01 -7.990329e+00
8.506570e-01 3.106897e-01 4.240927e-01 1.286021e+01 -1.353447e-01 -6.500733e-01 7.477209e-01 9.454720e-01 5.080005e-01 -6.934527e-01 -5.109392e-01 -8.060672e+00
9.752484e-01 -1.280801e-01 -1.802388e-01 1.320545e+01 -2.199108e-01 -6.467017e-01 -7.303534e-01 9.682660e-01 -2.301699e-02 7.519125e-01 -6.588610e-01 -8.349124e+00
7.134703e-01 -1.876753e-01 -6.750838e-01 1.355114e+01 4.064970e-01 -6.738896e-01 6.169546e-01 9.879841e-01 -5.707191e-01 -7.145983e-01 -4.045108e-01 -8.509591e+00
7.620435e-02 4.051737e-01 -9.110583e-01 1.436754e+01 -7.206660e-01 -6.090792e-01 -3.311542e-01 1.020222e+00 -6.890816e-01 6.818041e-01 2.455804e-01 -8.978685e+00
-5.484203e-01 -6.714155e-01 -4.984339e-01 1.537326e+01 7.583104e-01 -6.505423e-01 4.195403e-02 1.062968e+00 -3.524209e-01 -3.549592e-01 8.659119e-01 -9.784552e+00
-5.568498e-01 8.031992e-01 2.116347e-01 1.599075e+01 -7.185966e-01 -5.936396e-01 3.622305e-01 1.101945e+00 4.165780e-01 4.962800e-02 9.077444e-01 -1.031801e+01
-3.525413e-01 -7.826977e-01 5.129317e-01 1.613537e+01 7.716901e-01 -5.532101e-01 -3.137721e-01 1.106592e+00 5.293477e-01 2.852067e-01 7.990295e-01 -1.034346e+01
6.208574e-02 7.603034e-01 6.465942e-01 1.628568e+01 -3.537092e-01 -5.890357e-01 7.265857e-01 1.111354e+00 9.332927e-01 -2.738169e-01 2.323556e-01 -9.760794e+00
7.520346e-01 -4.469684e-01 4.844205e-01 1.643169e+01 2.331151e-01 -5.070812e-01 -8.297747e-01 1.124948e+00 6.165236e-01 7.369450e-01 -2.771475e-01 -9.355154e+00
9.486865e-01 3.094333e-01 6.515402e-02 1.661158e+01 1.056763e-01 -5.044321e-01 8.569602e-01 1.141646e+00 2.980378e-01 -8.061013e-01 -5.112477e-01 -9.506901e+00
9.633042e-01 1.803020e-01 -1.988371e-01 1.652180e+01 -8.256538e-02 -5.058241e-01 -8.586763e-01 1.144629e+00 -2.553976e-01 8.435835e-01 -4.723758e-01 -9.292999e+00
9.255911e-01 -1.030466e-01 -3.642286e-01 1.651051e+01 2.455794e-01 -5.687583e-01 7.849871e-01 1.142018e+00 -2.880483e-01 -8.160241e-01 -5.011315e-01 -9.132460e+00
9.039445e-01 2.333199e-01 -3.583939e-01 1.648751e+01 -1.849150e-01 -5.424094e-01 -8.195111e-01 1.141120e+00 -3.856045e-01 8.070650e-01 -4.471636e-01 -9.091879e+00
8.743774e-01 -2.064469e-01 -4.391399e-01 1.643112e+01 2.627280e-01 -5.594461e-01 7.861260e-01 1.140054e+00 -4.079683e-01 -8.027452e-01 -4.349276e-01 -9.036892e+00
8.746082e-01 2.449928e-01 -4.183766e-01 1.654460e+01 -2.471123e-01 -5.171746e-01 -8.194303e-01 1.142185e+00 -4.171283e-01 8.200664e-01 -3.917844e-01 -9.111470e+00
7.408894e-01 -2.074867e-01 -6.387740e-01 1.669648e+01 4.503742e-01 -5.520736e-01 7.016964e-01 1.149510e+00 -4.982429e-01 -8.075667e-01 -3.155788e-01 -9.183247e+00
7.319163e-01 4.429592e-01 -5.177699e-01 1.680414e+01 -2.803581e-01 -4.968013e-01 -8.213329e-01 1.152682e+00 -6.210457e-01 7.463080e-01 -2.394298e-01 -9.264372e+00
5.235299e-01 -2.194356e-01 -8.232645e-01 1.665812e+01 6.949854e-01 -4.489691e-01 5.616244e-01 1.142703e+00 -4.928607e-01 -8.661840e-01 -8.254417e-02 -8.826757e+00
2.999717e-01 7.113303e-01 -6.356305e-01 1.667530e+01 -5.627202e-01 -4.060956e-01 -7.200225e-01 1.143472e+00 -7.703006e-01 5.736685e-01 2.784627e-01 -8.611288e+00
-1.037346e-01 -5.236744e-01 -8.455792e-01 1.695537e+01 8.777168e-01 -4.480781e-01 1.698214e-01 1.159374e+00 -4.678166e-01 -7.245627e-01 5.061190e-01 -8.856301e+00
-5.310752e-01 7.173459e-01 4.509700e-01 1.425925e+01 -3.667759e-01 -6.744013e-01 6.408263e-01 1.126036e+00 7.638289e-01 1.749220e-01 6.212630e-01 -5.398696e+00
9.012132e-01 -2.122400e-02 4.328561e-01 1.172167e+01 3.346531e-01 -6.005354e-01 -7.261987e-01 1.110022e+00 2.753582e-01 7.993164e-01 -5.341077e-01 -1.925290e+00
9.390584e-01 2.805565e-01 1.986390e-01 1.194853e+01 3.003355e-02 -6.425960e-01 7.656163e-01 1.115080e+00 3.424432e-01 -7.129926e-01 -6.118613e-01 -2.060801e+00
9.996096e-01 1.281221e-03 -2.790972e-02 1.242408e+01 -2.183198e-02 -5.875385e-01 -8.089017e-01 1.132964e+00 -1.743442e-02 8.091952e-01 -5.872811e-01 -2.420806e+00
9.922395e-01 -5.341736e-02 -1.122828e-01 1.249107e+01 5.574604e-02 -6.160714e-01 7.857152e-01 1.133645e+00 -1.111451e-01 -7.858769e-01 -6.083126e-01 -2.405572e+00
9.688621e-01 5.210801e-02 -2.420558e-01 1.243333e+01 -1.697794e-01 -5.717722e-01 -8.026528e-01 1.128815e+00 -1.802254e-01 8.187559e-01 -5.451216e-01 -2.196610e+00
9.391467e-01 -1.794077e-01 -2.929444e-01 1.246202e+01 1.204266e-01 -6.267111e-01 7.698900e-01 1.126774e+00 -3.217157e-01 -7.583179e-01 -5.669682e-01 -2.059798e+00
9.090192e-01 1.150563e-01 -4.005572e-01 1.247462e+01 -2.621836e-01 -5.892267e-01 -7.642458e-01 1.123683e+00 -3.239503e-01 7.997337e-01 -5.054525e-01 -1.944445e+00
8.730390e-01 -2.564766e-01 -4.147562e-01 1.261937e+01 1.731673e-01 -6.320345e-01 7.553446e-01 1.124564e+00 -4.558684e-01 -7.312675e-01 -5.073774e-01 -1.928316e+00
5.393647e-01 2.503717e-01 -8.039899e-01 1.353174e+01 -6.242836e-01 -5.218593e-01 -5.813199e-01 1.154904e+00 -5.651157e-01 8.154611e-01 -1.251695e-01 -2.614837e+00
7.191996e-02 -5.416216e-01 -8.375402e-01 1.433365e+01 6.364386e-01 -6.216272e-01 4.566460e-01 1.186998e+00 -7.679671e-01 -5.658848e-01 3.000015e-01 -3.229321e+00
1.093740e-01 6.736693e-01 -7.308947e-01 1.441047e+01 -5.653235e-01 -5.626458e-01 -6.031907e-01 1.185892e+00 -8.175859e-01 4.791653e-01 3.193022e-01 -3.206948e+00
6.641255e-02 -5.286732e-01 -8.462234e-01 1.441846e+01 6.612152e-01 -6.118240e-01 4.341265e-01 1.182398e+00 -7.472508e-01 -5.883672e-01 3.089340e-01 -3.108602e+00
2.099154e-02 6.884640e-01 -7.249666e-01 1.437885e+01 -6.048299e-01 -5.686396e-01 -5.575211e-01 1.179559e+00 -7.960780e-01 4.501847e-01 4.044670e-01 -2.978031e+00
-6.750741e-02 -5.833442e-01 -8.094148e-01 1.433655e+01 7.005495e-01 -6.053576e-01 3.778526e-01 1.178119e+00 -7.104035e-01 -5.415273e-01 4.495276e-01 -2.910356e+00
-1.030590e-01 7.224333e-01 -6.837171e-01 1.428135e+01 -6.348737e-01 -5.769261e-01 -5.138985e-01 1.176665e+00 -7.657116e-01 3.811121e-01 5.181113e-01 -2.855802e+00
-1.630600e-01 -6.191625e-01 -7.681466e-01 1.422860e+01 7.234920e-01 -6.043856e-01 3.335826e-01 1.175661e+00 -6.707986e-01 -5.013540e-01 5.465102e-01 -2.810826e+00
-1.032832e-01 7.571793e-01 -6.449900e-01 1.426238e+01 -6.206062e-01 -5.558075e-01 -5.531058e-01 1.175786e+00 -7.772905e-01 3.431583e-01 5.273157e-01 -2.876727e+00
-1.834441e-01 -5.726811e-01 -7.989897e-01 1.425542e+01 7.531009e-01 -6.042634e-01 2.602015e-01 1.173898e+00 -6.318127e-01 -5.539875e-01 5.421352e-01 -2.804319e+00
-2.067496e-01 7.874095e-01 -5.807244e-01 1.423754e+01 -6.349642e-01 -5.595578e-01 -5.326495e-01 1.171184e+00 -7.443622e-01 2.586142e-01 6.156652e-01 -2.701562e+00
-3.018814e-01 -5.843414e-01 -7.532680e-01 1.425563e+01 7.831419e-01 -6.025768e-01 1.535902e-01 1.170002e+00 -5.436509e-01 -5.435498e-01 6.395290e-01 -2.664770e+00
-3.431709e-01 8.276194e-01 -4.441620e-01 1.439478e+01 -7.021580e-01 -5.401296e-01 -4.639333e-01 1.174628e+00 -6.238652e-01 1.526635e-01 7.664764e-01 -2.776971e+00
-3.701732e-01 -6.584212e-01 -6.553269e-01 1.453992e+01 8.090888e-01 -5.751328e-01 1.208200e-01 1.170719e+00 -4.564505e-01 -4.854934e-01 7.456200e-01 -2.633569e+00
-3.170301e-01 8.563905e-01 -4.075381e-01 1.461530e+01 -6.745652e-01 -5.056637e-01 -5.378346e-01 1.163636e+00 -6.666736e-01 1.044013e-01 7.380018e-01 -2.352337e+00
-3.809429e-01 -6.150761e-01 -6.903361e-01 1.470122e+01 8.400215e-01 -5.422009e-01 1.954786e-02 1.160066e+00 -3.863243e-01 -5.724506e-01 7.232247e-01 -2.209145e+00
-3.957230e-01 8.736645e-01 -2.830437e-01 1.487518e+01 -7.205216e-01 -4.864567e-01 -4.941746e-01 1.161780e+00 -5.694313e-01 8.382872e-03 8.219962e-01 -2.201398e+00
-4.598986e-01 -6.776781e-01 -5.737994e-01 1.496210e+01 8.565796e-01 -5.088743e-01 -8.554686e-02 1.159157e+00 -2.340185e-01 -5.308477e-01 8.145158e-01 -2.081432e+00
-4.264413e-01 8.792238e-01 -2.123989e-01 1.504733e+01 -6.954516e-01 -4.688551e-01 -5.445382e-01 1.161896e+00 -5.783553e-01 -8.450046e-02 8.113968e-01 -2.211923e+00
-4.555137e-01 -6.410773e-01 -6.176788e-01 1.515153e+01 8.571936e-01 -5.031156e-01 -1.099721e-01 1.166432e+00 -2.402632e-01 -5.795641e-01 7.787035e-01 -2.401893e+00
