9.998340e-01 6.263298e-04 -1.820938e-02 3.750207e-01 -6.507631e-04 9.999989e-01 -1.335901e-03 -1.286561e-02 1.820853e-02 1.347528e-03 9.998333e-01 -4.287668e-01
9.999890e-01 1.735832e-04 -4.685167e-03 7.394240e-01 -1.727696e-04 1.000000e+00 1.740538e-04 -2.612115e-02 4.685197e-03 -1.732417e-04 9.999890e-01 -8.877561e-01
9.998555e-01 6.726064e-04 -1.698702e-02 1.056344e+00 -6.937231e-04 9.999990e-01 -1.237245e-03 -3.713522e-02 1.698617e-02 1.248849e-03 9.998549e-01 -1.302156e+00
9.999857e-01 -6.788615e-05 -5.340978e-03 1.404571e+00 6.755953e-05 1.000000e+00 -6.134517e-05 -5.074194e-02 5.340982e-03 6.098417e-05 9.999857e-01 -1.738968e+00
9.998354e-01 9.840148e-04 -1.811777e-02 1.804765e+00 -1.002131e-03 9.999990e-01 -9.908580e-04 -6.369423e-02 1.811678e-02 1.008851e-03 9.998354e-01 -2.225495e+00
9.999818e-01 -2.760665e-04 -6.022687e-03 2.188215e+00 2.744039e-04 9.999999e-01 -2.768930e-04 -7.739789e-02 6.022764e-03 2.752360e-04 9.999818e-01 -2.713713e+00
9.998320e-01 1.174688e-03 -1.829015e-02 2.472310e+00 -1.184887e-03 9.999991e-01 -5.468127e-04 -8.783789e-02 1.828949e-02 5.683919e-04 9.998326e-01 -3.118569e+00
9.999688e-01 -4.327183e-04 -7.882850e-03 2.747958e+00 4.290598e-04 9.999998e-01 -4.658044e-04 -9.867059e-02 7.883050e-03 4.624084e-04 9.999688e-01 -3.532803e+00
9.998133e-01 1.282937e-03 -1.927931e-02 3.190815e+00 -1.303077e-03 9.999986e-01 -1.032149e-03 -1.124127e-01 1.927796e-02 1.057078e-03 9.998136e-01 -4.121087e+00
9.999870e-01 -4.881232e-04 -5.071322e-03 3.537216e+00 4.878568e-04 9.999999e-01 -5.379080e-05 -1.247339e-01 5.071348e-03 5.131673e-05 9.999871e-01 -4.586764e+00
9.998697e-01 1.388863e-03 -1.608551e-02 3.893992e+00 -1.406851e-03 9.999984e-01 -1.106966e-03 -1.384288e-01 1.608395e-02 1.129451e-03 9.998700e-01 -5.019670e+00
9.999680e-01 -6.490626e-04 -7.978437e-03 4.384837e+00 6.460631e-04 9.999997e-01 -3.785354e-04 -1.560528e-01 7.978681e-03 3.733694e-04 9.999681e-01 -5.605925e+00
9.998443e-01 1.623780e-03 -1.757021e-02 4.834220e+00 -1.639063e-03 9.999983e-01 -8.554472e-04 -1.696138e-01 1.756879e-02 8.841120e-04 9.998453e-01 -6.162298e+00
9.999841e-01 -8.387931e-04 -5.567592e-03 5.207088e+00 8.366296e-04 9.999996e-01 -3.909461e-04 -1.825216e-01 5.567918e-03 3.862826e-04 9.999844e-01 -6.640839e+00
9.999269e-01 1.441419e-03 -1.200456e-02 5.431955e+00 -1.447523e-03 9.999988e-01 -4.998209e-04 -1.928041e-01 1.200382e-02 5.171605e-04 9.999278e-01 -6.939462e+00
9.998582e-01 -1.044903e-03 -1.680743e-02 6.143788e+00 1.012829e-03 9.999977e-01 -1.916735e-03 -2.132796e-01 1.680939e-02 1.899441e-03 9.998569e-01 -7.811563e+00
9.997675e-01 2.324685e-03 -2.143725e-02 7.546756e+00 -2.389642e-03 9.999926e-01 -3.004969e-03 -2.366072e-01 2.143010e-02 3.055497e-03 9.997657e-01 -9.561985e+00
9.998071e-01 6.722497e-04 -1.962933e-02 8.687535e+00 -6.725326e-04 9.999998e-01 -7.820025e-06 -2.519311e-01 1.962932e-02 2.102057e-05 9.998073e-01 -1.091609e+01
9.999850e-01 7.743288e-04 -5.427910e-03 9.570419e+00 -7.953048e-04 9.999922e-01 -3.863341e-03 -2.730782e-01 5.424876e-03 3.867599e-03 9.999778e-01 -1.206836e+01
9.996769e-01 1.770225e-03 -2.535702e-02 1.055703e+01 -1.764564e-03 9.999984e-01 2.456272e-04 -2.922760e-01 2.535741e-02 -2.008030e-04 9.996784e-01 -1.324753e+01
9.999225e-01 1.114704e-03 -1.240268e-02 1.174090e+01 -1.159899e-03 9.999927e-01 -3.637367e-03 -3.104578e-01 1.239854e-02 3.651470e-03 9.999165e-01 -1.470969e+01
9.998679e-01 7.337109e-04 -1.623969e-02 1.239012e+01 -6.990980e-04 9.999975e-01 2.136941e-03 -3.212280e-01 1.624121e-02 -2.125305e-03 9.998658e-01 -1.544480e+01
9.999992e-01 -5.291766e-04 1.136354e-03 1.251884e+01 5.335457e-04 9.999925e-01 -3.848209e-03 -3.328656e-01 -1.134309e-03 3.848812e-03 9.999920e-01 -1.559599e+01
9.998324e-01 1.413809e-03 -1.825390e-02 1.295990e+01 -1.387298e-03 9.999980e-01 1.464922e-03 -3.475686e-01 1.825594e-02 -1.439352e-03 9.998323e-01 -1.612073e+01
9.999884e-01 -9.194142e-04 4.727084e-03 1.311343e+01 9.332643e-04 9.999953e-01 -2.928624e-03 -3.597494e-01 -4.724369e-03 2.933001e-03 9.999845e-01 -1.627075e+01
9.996201e-01 1.569753e-03 -2.751765e-02 1.409844e+01 -1.622548e-03 9.999969e-01 -1.896379e-03 -3.860769e-01 2.751459e-02 1.940308e-03 9.996195e-01 -1.744315e+01
9.999490e-01 2.100145e-03 -9.881872e-03 1.557880e+01 -2.141265e-03 9.999891e-01 -4.152394e-03 -4.115641e-01 9.873043e-03 4.173341e-03 9.999426e-01 -1.915773e+01
9.994495e-01 1.578247e-03 -3.313771e-02 1.665705e+01 -1.549306e-03 9.999984e-01 8.990111e-04 -4.344232e-01 3.313907e-02 -8.471751e-04 9.994504e-01 -2.034814e+01
9.999188e-01 -2.437229e-04 1.274478e-02 1.709036e+01 2.767097e-04 9.999966e-01 -2.586585e-03 -4.476677e-01 -1.274411e-02 2.589901e-03 9.999154e-01 -2.086016e+01
9.996181e-01 1.240278e-03 -2.760595e-02 1.777212e+01 -1.285759e-03 9.999978e-01 -1.629840e-03 -4.746624e-01 2.760387e-02 1.664713e-03 9.996176e-01 -2.134864e+01
9.999981e-01 1.938129e-03 2.827958e-04 1.863249e+01 -1.937464e-03 9.999954e-01 -2.334238e-03 -5.026166e-01 -2.873188e-04 2.333685e-03 9.999972e-01 -2.197720e+01
9.997879e-01 7.020440e-04 -2.058488e-02 1.931621e+01 -7.249994e-04 9.999991e-01 -1.107733e-03 -5.303248e-01 2.058409e-02 1.122423e-03 9.997875e-01 -2.224422e+01
9.999953e-01 2.035908e-03 -2.274039e-03 1.984691e+01 -2.038284e-03 9.999974e-01 -1.042989e-03 -5.544285e-01 2.271909e-03 1.047618e-03 9.999969e-01 -2.235723e+01
9.997987e-01 5.991227e-04 -2.005425e-02 2.070968e+01 -6.647359e-04 9.999944e-01 -3.265296e-03 -5.845600e-01 2.005218e-02 3.277970e-03 9.997936e-01 -2.284576e+01
9.999821e-01 2.017963e-03 -5.630461e-03 2.127432e+01 -2.013515e-03 9.999977e-01 7.955072e-04 -6.100816e-01 5.632053e-03 -7.841566e-04 9.999838e-01 -2.292809e+01
9.998996e-01 -2.347215e-04 -1.417010e-02 2.218156e+01 1.560405e-04 9.999846e-01 -5.553485e-03 -6.407918e-01 1.417119e-02 5.550717e-03 9.998842e-01 -2.352589e+01
9.999927e-01 2.429135e-03 2.961419e-03 2.274150e+01 -2.432815e-03 9.999963e-01 1.239589e-03 -6.691295e-01 -2.958397e-03 -1.246785e-03 9.999948e-01 -2.328680e+01
9.999368e-01 -3.526282e-04 -1.123337e-02 2.329987e+01 2.830532e-04 9.999808e-01 -6.194618e-03 -6.976663e-01 1.123534e-02 6.191048e-03 9.999177e-01 -2.295277e+01
9.999951e-01 3.078181e-03 -5.517303e-04 2.409713e+01 -3.078340e-03 9.999952e-01 -2.866584e-04 -7.317119e-01 5.508451e-04 2.883548e-04 9.999998e-01 -2.281494e+01
9.997137e-01 -5.095564e-04 -2.392029e-02 2.484787e+01 4.074416e-04 9.999908e-01 -4.273655e-03 -7.635600e-01 2.392224e-02 4.262687e-03 9.997047e-01 -2.282009e+01
9.999838e-01 2.663273e-03 5.037265e-03 2.559839e+01 -2.660542e-03 9.999963e-01 -5.487742e-04 -7.933891e-01 -5.038708e-03 5.353628e-04 9.999872e-01 -2.289190e+01
9.996162e-01 -3.932965e-04 -2.770018e-02 2.634336e+01 2.845779e-04 9.999922e-01 -3.928678e-03 -8.246766e-01 2.770151e-02 3.919288e-03 9.996086e-01 -2.291784e+01
9.999759e-01 2.399882e-03 6.516340e-03 2.696629e+01 -2.401885e-03 9.999971e-01 2.996149e-04 -8.542341e-01 -6.515602e-03 -3.152598e-04 9.999787e-01 -2.283878e+01
9.997851e-01 -8.590511e-04 -2.071502e-02 2.712890e+01 8.182425e-04 9.999977e-01 -1.978416e-03 -8.811252e-01 2.071667e-02 1.961041e-03 9.997835e-01 -2.202308e+01
9.998494e-01 2.348265e-03 1.719674e-02 2.719139e+01 -2.322133e-03 9.999961e-01 -1.539463e-03 -9.059008e-01 -1.720029e-02 1.499297e-03 9.998509e-01 -2.089827e+01
9.996577e-01 -1.901500e-03 -2.609377e-02 2.726055e+01 1.893835e-03 9.999982e-01 -3.184613e-04 -9.221295e-01 2.609433e-02 2.689356e-04 9.996594e-01 -2.040328e+01
9.998276e-01 2.618382e-03 1.838303e-02 2.731299e+01 -2.596802e-03 9.999959e-01 -1.197694e-03 -9.343511e-01 -1.838609e-02 1.149749e-03 9.998303e-01 -2.025162e+01
9.996421e-01 -2.236649e-03 -2.665801e-02 2.737764e+01 2.228024e-03 9.999975e-01 -3.532272e-04 -9.481266e-01 2.665873e-02 2.937067e-04 9.996445e-01 -1.995104e+01
9.998489e-01 2.654621e-03 1.717689e-02 2.745480e+01 -2.641800e-03 9.999962e-01 -7.690614e-04 -9.579010e-01 -1.717887e-02 7.235668e-04 9.998522e-01 -1.999437e+01
9.996624e-01 -2.230617e-03 -2.588567e-02 2.752685e+01 2.215585e-03 9.999974e-01 -6.093986e-04 -9.695290e-01 2.588696e-02 5.518416e-04 9.996647e-01 -1.987828e+01
9.999121e-01 2.817260e-03 1.295645e-02 2.765854e+01 -2.815736e-03 9.999960e-01 -1.359133e-04 -9.805381e-01 -1.295678e-02 9.941878e-05 9.999161e-01 -1.999712e+01
9.995604e-01 -2.084209e-03 -2.957457e-02 2.790002e+01 2.063124e-03 9.999976e-01 -7.434489e-04 -9.922418e-01 2.957604e-02 6.821067e-04 9.995623e-01 -2.026750e+01
9.998933e-01 2.805380e-03 1.433490e-02 2.810461e+01 -2.805049e-03 9.999961e-01 -4.323583e-05 -1.004029e+00 -1.433497e-02 3.020549e-06 9.998972e-01 -2.048275e+01
9.996106e-01 -2.121426e-03 -2.782423e-02 2.824397e+01 2.101329e-03 9.999975e-01 -7.515044e-04 -1.014040e+00 2.782576e-02 6.927445e-04 9.996125e-01 -2.062982e+01
9.998805e-01 2.763563e-03 1.520883e-02 2.833690e+01 -2.763769e-03 9.999962e-01 -7.471831e-06 -1.023781e+00 -1.520879e-02 -3.456333e-05 9.998843e-01 -2.072886e+01
9.995838e-01 -2.100009e-03 -2.877081e-02 2.841705e+01 2.077885e-03 9.999975e-01 -7.988555e-04 -1.032720e+00 2.877241e-02 7.387412e-04 9.995857e-01 -2.082790e+01
9.998420e-01 2.639193e-03 1.757587e-02 2.846829e+01 -2.639026e-03 9.999965e-01 -3.272201e-05 -1.041421e+00 -1.757590e-02 -1.366692e-05 9.998455e-01 -2.088100e+01
9.995176e-01 -1.973854e-03 -3.099519e-02 2.854239e+01 1.947902e-03 9.999977e-01 -8.674828e-04 -1.050935e+00 3.099684e-02 8.066893e-04 9.995192e-01 -2.097217e+01
9.998447e-01 2.744763e-03 1.740556e-02 2.860930e+01 -2.746750e-03 9.999962e-01 9.019760e-05 -1.058943e+00 -1.740524e-02 -1.379929e-04 9.998485e-01 -2.107051e+01
9.995037e-01 -2.143727e-03 -3.142763e-02 2.868156e+01 2.115630e-03 9.999973e-01 -9.272661e-04 -1.068079e+00 3.142953e-02 8.603172e-04 9.995056e-01 -2.117058e+01
9.998888e-01 2.952741e-03 1.461920e-02 2.876864e+01 -2.955990e-03 9.999956e-01 2.006555e-04 -1.075772e+00 -1.461855e-02 -2.438480e-04 9.998931e-01 -2.132264e+01
9.994904e-01 -2.189479e-03 -3.184654e-02 2.886865e+01 2.157728e-03 9.999971e-01 -1.031347e-03 -1.083945e+00 3.184871e-02 9.621058e-04 9.994922e-01 -2.148779e+01
9.998799e-01 2.993613e-03 1.520576e-02 2.897706e+01 -2.998185e-03 9.999955e-01 2.779170e-04 -1.092510e+00 -1.520486e-02 -3.234739e-04 9.998843e-01 -2.164813e+01
9.996023e-01 -2.323746e-03 -2.810270e-02 2.906591e+01 2.292752e-03 9.999967e-01 -1.135066e-03 -1.100844e+00 2.810525e-02 1.070183e-03 9.996044e-01 -2.176024e+01
9.998573e-01 2.910040e-03 1.663903e-02 2.911930e+01 -2.915328e-03 9.999957e-01 2.935296e-04 -1.109712e+00 -1.663811e-02 -3.419964e-04 9.998615e-01 -2.181654e+01
9.991483e-01 -2.341165e-03 -4.119804e-02 2.931407e+01 2.272871e-03 9.999960e-01 -1.704465e-03 -1.121350e+00 4.120186e-02 1.609376e-03 9.991495e-01 -2.215074e+01
9.999348e-01 3.380237e-03 1.090426e-02 2.946994e+01 -3.391769e-03 9.999937e-01 1.039227e-03 -1.124961e+00 -1.090068e-02 -1.076144e-03 9.999400e-01 -2.254573e+01
9.994208e-01 -2.280172e-03 -3.395358e-02 2.953925e+01 2.228225e-03 9.999963e-01 -1.567715e-03 -1.126599e+00 3.395703e-02 1.491151e-03 9.994222e-01 -2.279588e+01
9.999061e-01 3.121840e-03 1.334517e-02 2.961233e+01 -3.132827e-03 9.999948e-01 8.024076e-04 -1.132487e+00 -1.334259e-02 -8.441408e-04 9.999106e-01 -2.299705e+01
9.994724e-01 -2.234081e-03 -3.240363e-02 2.968486e+01 2.183613e-03 9.999963e-01 -1.592771e-03 -1.138405e+00 3.240707e-02 1.521174e-03 9.994736e-01 -2.317854e+01
9.999570e-01 3.149617e-03 8.719794e-03 2.979820e+01 -3.156035e-03 9.999948e-01 7.223596e-04 -1.146277e+00 -8.717473e-03 -7.498490e-04 9.999617e-01 -2.342663e+01
9.994851e-01 -2.021114e-03 -3.202216e-02 2.988841e+01 1.980594e-03 9.999972e-01 -1.297064e-03 -1.151161e+00 3.202470e-02 1.232974e-03 9.994863e-01 -2.366416e+01
9.999105e-01 2.939276e-03 1.305351e-02 2.997033e+01 -2.948828e-03 9.999954e-01 7.125381e-04 -1.156795e+00 -1.305136e-02 -7.509673e-04 9.999145e-01 -2.385355e+01
9.993654e-01 -2.111217e-03 -3.555795e-02 3.010923e+01 2.051290e-03 9.999964e-01 -1.721745e-03 -1.166191e+00 3.556146e-02 1.647713e-03 9.993661e-01 -2.409956e+01
9.999014e-01 3.062546e-03 1.370177e-02 3.024406e+01 -3.079389e-03 9.999945e-01 1.208255e-03 -1.172141e+00 -1.369799e-02 -1.250330e-03 9.999054e-01 -2.436292e+01
9.995173e-01 -2.186085e-03 -3.098880e-02 3.033301e+01 2.126489e-03 9.999958e-01 -1.955996e-03 -1.179252e+00 3.099294e-02 1.889155e-03 9.995178e-01 -2.452549e+01
9.998709e-01 2.863169e-03 1.580836e-02 3.046757e+01 -2.882055e-03 9.999952e-01 1.172050e-03 -1.189651e+00 -1.580493e-02 -1.217459e-03 9.998744e-01 -2.468417e+01
9.992848e-01 -2.123903e-03 -3.775311e-02 3.065006e+01 2.041020e-03 9.999954e-01 -2.233833e-03 -1.200993e+00 3.775768e-02 2.155181e-03 9.992846e-01 -2.495863e+01
9.998928e-01 3.156067e-03 1.429938e-02 3.079047e+01 -3.180143e-03 9.999936e-01 1.661272e-03 -1.207468e+00 -1.429404e-02 -1.706569e-03 9.998964e-01 -2.523657e+01
9.993769e-01 -2.294991e-03 -3.522141e-02 3.093166e+01 2.211802e-03 9.999947e-01 -2.400671e-03 -1.215053e+00 3.522673e-02 2.321272e-03 9.993767e-01 -2.548062e+01
9.999134e-01 3.143663e-03 1.277818e-02 3.105634e+01 -3.164732e-03 9.999937e-01 1.628915e-03 -1.221859e+00 -1.277298e-02 -1.669214e-03 9.999170e-01 -2.573513e+01
9.994156e-01 -2.199576e-03 -3.411297e-02 3.113446e+01 2.122811e-03 9.999951e-01 -2.286394e-03 -1.226068e+00 3.411783e-02 2.212643e-03 9.994154e-01 -2.595652e+01
9.998769e-01 3.035544e-03 1.539381e-02 3.125103e+01 -3.060607e-03 9.999940e-01 1.604757e-03 -1.233396e+00 -1.538885e-02 -1.651674e-03 9.998802e-01 -2.615484e+01
9.993836e-01 -2.169643e-03 -3.503818e-02 3.136899e+01 2.083960e-03 9.999947e-01 -2.481761e-03 -1.241944e+00 3.504338e-02 2.407214e-03 9.993829e-01 -2.634903e+01
9.999078e-01 3.035399e-03 1.323416e-02 3.146127e+01 -3.060225e-03 9.999936e-01 1.855971e-03 -1.247755e+00 -1.322844e-02 -1.896300e-03 9.999107e-01 -2.657310e+01
9.993043e-01 -2.269079e-03 -3.722650e-02 3.160569e+01 2.165696e-03 9.999937e-01 -2.817243e-03 -1.255450e+00 3.723266e-02 2.734663e-03 9.993029e-01 -2.686484e+01
9.998997e-01 3.136564e-03 1.381180e-02 3.170246e+01 -3.166602e-03 9.999927e-01 2.153460e-03 -1.260472e+00 -1.380494e-02 -2.196981e-03 9.999023e-01 -2.711759e+01
9.994515e-01 -2.161960e-03 -3.304457e-02 3.180494e+01 2.071130e-03 9.999940e-01 -2.782716e-03 -1.266371e+00 3.305039e-02 2.712751e-03 9.994500e-01 -2.732140e+01
9.998683e-01 2.824688e-03 1.598203e-02 3.194802e+01 -2.857139e-03 9.999939e-01 2.007995e-03 -1.275821e+00 -1.597626e-02 -2.053394e-03 9.998703e-01 -2.751086e+01
9.994833e-01 -2.095314e-03 -3.207344e-02 3.212392e+01 2.001776e-03 9.999937e-01 -2.948216e-03 -1.286185e+00 3.207942e-02 2.882489e-03 9.994812e-01 -2.771427e+01
9.998385e-01 2.723273e-03 1.776201e-02 3.229790e+01 -2.761899e-03 9.999939e-01 2.150446e-03 -1.296498e+00 -1.775605e-02 -2.199156e-03 9.998399e-01 -2.790333e+01
9.994462e-01 -2.029526e-03 -3.321445e-02 3.246717e+01 1.927947e-03 9.999934e-01 -3.090039e-03 -1.307029e+00 3.322051e-02 3.024292e-03 9.994435e-01 -2.809835e+01
9.998287e-01 2.703539e-03 1.831236e-02 3.261140e+01 -2.745429e-03 9.999937e-01 2.262720e-03 -1.316746e+00 -1.830613e-02 -2.312608e-03 9.998298e-01 -2.826146e+01
9.995987e-01 -2.196152e-03 -2.824125e-02 3.266259e+01 2.107743e-03 9.999928e-01 -3.159903e-03 -1.324263e+00 2.824798e-02 3.099110e-03 9.995961e-01 -2.831117e+01
9.999291e-01 2.691456e-03 1.160295e-02 3.279009e+01 -2.716238e-03 9.999941e-01 2.120548e-03 -1.335024e+00 -1.159717e-02 -2.151914e-03 9.999304e-01 -2.849051e+01
9.994427e-01 -1.912582e-03 -3.332655e-02 3.296731e+01 1.812752e-03 9.999938e-01 -3.025471e-03 -1.344077e+00 3.333213e-02 2.963372e-03 9.994399e-01 -2.876423e+01
9.998780e-01 2.686025e-03 1.538560e-02 3.314434e+01 -2.722063e-03 9.999936e-01 2.321785e-03 -1.352589e+00 -1.537926e-02 -2.363383e-03 9.998789e-01 -2.899959e+01
9.994969e-01 -2.034745e-03 -3.165086e-02 3.331664e+01 1.936164e-03 9.999932e-01 -3.144999e-03 -1.362573e+00 3.165704e-02 3.082136e-03 9.994940e-01 -2.920744e+01
9.999028e-01 2.650410e-03 1.368499e-02 3.354392e+01 -2.678979e-03 9.999943e-01 2.069638e-03 -1.374977e+00 -1.367942e-02 -2.106099e-03 9.999042e-01 -2.947544e+01
9.995330e-01 -1.880667e-03 -3.050040e-02 3.371279e+01 1.791460e-03 9.999940e-01 -2.951872e-03 -1.384598e+00 3.050577e-02 2.895853e-03 9.995304e-01 -2.969090e+01
9.999134e-01 2.364117e-03 1.294589e-02 3.390638e+01 -2.390559e-03 9.999951e-01 2.027345e-03 -1.397122e+00 -1.294103e-02 -2.058118e-03 9.999141e-01 -2.991545e+01
9.995192e-01 -1.704308e-03 -3.095788e-02 3.410820e+01 1.617548e-03 9.999947e-01 -2.827350e-03 -1.407042e+00 3.096253e-02 2.775915e-03 9.995167e-01 -3.016592e+01
9.999661e-01 2.248089e-03 7.918524e-03 3.430827e+01 -2.261804e-03 9.999960e-01 1.723347e-03 -1.417903e+00 -7.914617e-03 -1.741199e-03 9.999672e-01 -3.048265e+01
9.994411e-01 -1.411475e-03 -3.339886e-02 3.455593e+01 1.319170e-03 9.999953e-01 -2.785629e-03 -1.427350e+00 3.340264e-02 2.740013e-03 9.994382e-01 -3.087691e+01
9.999052e-01 2.274362e-03 1.357891e-02 3.475252e+01 -2.302812e-03 9.999952e-01 2.079831e-03 -1.435284e+00 -1.357411e-02 -2.110904e-03 9.999056e-01 -3.116042e+01
9.994756e-01 -1.592991e-03 -3.234145e-02 3.496999e+01 1.491972e-03 9.999939e-01 -3.147425e-03 -1.446303e+00 3.234627e-02 3.097523e-03 9.994719e-01 -3.144166e+01
9.998262e-01 2.322880e-03 1.849690e-02 3.510790e+01 -2.367251e-03 9.999944e-01 2.377305e-03 -1.454650e+00 -1.849128e-02 -2.420679e-03 9.998261e-01 -3.160667e+01
9.994225e-01 -1.752893e-03 -3.393546e-02 3.524463e+01 1.640693e-03 9.999931e-01 -3.333868e-03 -1.465677e+00 3.394107e-02 3.276265e-03 9.994185e-01 -3.177170e+01
9.998670e-01 2.348845e-03 1.614095e-02 3.546689e+01 -2.386427e-03 9.999945e-01 2.309433e-03 -1.477792e+00 -1.613544e-02 -2.347646e-03 9.998671e-01 -3.203358e+01
9.993645e-01 -1.621490e-03 -3.560963e-02 3.573096e+01 1.505283e-03 9.999935e-01 -3.289945e-03 -1.489117e+00 3.561473e-02 3.234252e-03 9.993604e-01 -3.235463e+01
9.998287e-01 2.338072e-03 1.836127e-02 3.597809e+01 -2.383565e-03 9.999941e-01 2.456150e-03 -1.500072e+00 -1.835542e-02 -2.499495e-03 9.998284e-01 -3.263393e+01
9.993389e-01 -1.741842e-03 -3.631417e-02 3.622849e+01 1.618223e-03 9.999928e-01 -3.433265e-03 -1.512063e+00 3.631988e-02 3.372232e-03 9.993345e-01 -3.291490e+01
9.998441e-01 2.323756e-03 1.750107e-02 3.641268e+01 -2.369991e-03 9.999938e-01 2.621477e-03 -1.521897e+00 -1.749487e-02 -2.662546e-03 9.998434e-01 -3.316661e+01
9.993608e-01 -1.596174e-03 -3.571247e-02 3.660172e+01 1.468516e-03 9.999924e-01 -3.600573e-03 -1.531748e+00 3.571794e-02 3.545828e-03 9.993556e-01 -3.341675e+01
9.998340e-01 2.308855e-03 1.807320e-02 3.683058e+01 -2.358672e-03 9.999935e-01 2.735581e-03 -1.542838e+00 -1.806677e-02 -2.777756e-03 9.998329e-01 -3.368882e+01
9.992196e-01 -1.717735e-03 -3.946070e-02 3.711379e+01 1.564006e-03 9.999911e-01 -3.926307e-03 -1.555972e+00 3.946709e-02 3.861526e-03 9.992134e-01 -3.404408e+01
9.998391e-01 2.426248e-03 1.777456e-02 3.740272e+01 -2.477585e-03 9.999928e-01 2.866744e-03 -1.567036e+00 -1.776748e-02 -2.910321e-03 9.998379e-01 -3.441563e+01
9.992334e-01 -1.756380e-03 -3.910838e-02 3.770358e+01 1.594414e-03 9.999900e-01 -4.172280e-03 -1.579379e+00 3.911531e-02 4.106727e-03 9.992263e-01 -3.480201e+01
9.998514e-01 2.507126e-03 1.705723e-02 3.795941e+01 -2.561501e-03 9.999917e-01 3.166630e-03 -1.589249e+00 -1.704915e-02 -3.209852e-03 9.998495e-01 -3.515993e+01
9.992687e-01 -1.804064e-03 -3.819316e-02 3.820846e+01 1.636083e-03 9.999889e-01 -4.428999e-03 -1.599539e+00 3.820073e-02 4.363273e-03 9.992606e-01 -3.550324e+01
9.998550e-01 2.511948e-03 1.684052e-02 3.851940e+01 -2.564778e-03 9.999919e-01 3.116204e-03 -1.611184e+00 -1.683256e-02 -3.158944e-03 9.998533e-01 -3.590265e+01
9.993530e-01 -1.692860e-03 -3.592536e-02 3.879337e+01 1.539507e-03 9.999896e-01 -4.295909e-03 -1.621996e+00 3.593226e-02 4.237823e-03 9.993452e-01 -3.624046e+01
9.998330e-01 2.328617e-03 1.812360e-02 3.906171e+01 -2.384012e-03 9.999926e-01 3.035473e-03 -1.634069e+00 -1.811640e-02 -3.078173e-03 9.998311e-01 -3.655479e+01
9.994104e-01 -1.599683e-03 -3.429851e-02 3.932159e+01 1.452141e-03 9.999896e-01 -4.326202e-03 -1.645165e+00 3.430507e-02 4.273845e-03 9.994023e-01 -3.684995e+01
9.998082e-01 2.270227e-03 1.945464e-02 3.953583e+01 -2.331914e-03 9.999923e-01 3.148683e-03 -1.656250e+00 -1.944734e-02 -3.193446e-03 9.998058e-01 -3.709148e+01
9.994607e-01 -1.641502e-03 -3.279548e-02 3.966399e+01 1.506329e-03 9.999903e-01 -4.146007e-03 -1.664871e+00 3.280196e-02 4.094370e-03 9.994535e-01 -3.725540e+01
9.997389e-01 2.071680e-03 2.275725e-02 3.969034e+01 -2.144959e-03 9.999926e-01 3.196044e-03 -1.672532e+00 -2.275046e-02 -3.244023e-03 9.997359e-01 -3.726787e+01
9.993646e-01 -1.503325e-03 -3.561215e-02 3.978732e+01 1.354165e-03 9.999902e-01 -4.212239e-03 -1.682683e+00 3.561813e-02 4.161338e-03 9.993568e-01 -3.737009e+01
9.996264e-01 1.817002e-03 2.727012e-02 3.983603e+01 -1.907871e-03 9.999927e-01 3.306503e-03 -1.691476e+00 -2.726392e-02 -3.357296e-03 9.996226e-01 -3.737539e+01
9.993874e-01 -1.581231e-03 -3.496102e-02 3.983039e+01 1.425569e-03 9.999890e-01 -4.476947e-03 -1.699662e+00 3.496772e-02 4.424365e-03 9.993786e-01 -3.722143e+01
9.996868e-01 2.062981e-03 2.494170e-02 3.983272e+01 -2.150486e-03 9.999916e-01 3.482021e-03 -1.705951e+00 -2.493431e-02 -3.534567e-03 9.996828e-01 -3.717797e+01
9.993557e-01 -1.600104e-03 -3.585528e-02 3.986431e+01 1.441297e-03 9.999890e-01 -4.454560e-03 -1.712702e+00 3.586201e-02 4.400012e-03 9.993471e-01 -3.723515e+01
9.996587e-01 2.040233e-03 2.604431e-02 3.989691e+01 -2.129987e-03 9.999919e-01 3.418913e-03 -1.720863e+00 -2.603712e-02 -3.473221e-03 9.996549e-01 -3.723992e+01
9.991740e-01 -1.741063e-03 -4.059796e-02 4.002106e+01 1.552800e-03 9.999879e-01 -4.668361e-03 -1.732430e+00 4.060559e-02 4.601464e-03 9.991647e-01 -3.738338e+01
9.997390e-01 2.495905e-03 2.270758e-02 4.015513e+01 -2.582625e-03 9.999895e-01 3.790418e-03 -1.741214e+00 -2.269788e-02 -3.848074e-03 9.997350e-01 -3.758777e+01
9.991779e-01 -1.826379e-03 -4.049857e-02 4.021889e+01 1.634582e-03 9.999873e-01 -4.768528e-03 -1.747826e+00 4.050676e-02 4.698410e-03 9.991682e-01 -3.774916e+01
9.996562e-01 2.386425e-03 2.610932e-02 4.029002e+01 -2.487804e-03 9.999895e-01 3.851048e-03 -1.754492e+00 -2.609986e-02 -3.914679e-03 9.996517e-01 -3.787782e+01
9.990990e-01 -1.703972e-03 -4.240626e-02 4.030531e+01 1.503077e-03 9.999875e-01 -4.768819e-03 -1.758844e+00 4.241386e-02 4.700783e-03 9.990891e-01 -3.798918e+01
9.997110e-01 2.316381e-03 2.392760e-02 4.040773e+01 -2.407954e-03 9.999899e-01 3.798952e-03 -1.766363e+00 -2.391856e-02 -3.855471e-03 9.997065e-01 -3.818330e+01
9.991864e-01 -1.475343e-03 -4.030266e-02 4.055023e+01 1.293562e-03 9.999889e-01 -4.536102e-03 -1.774110e+00 4.030890e-02 4.480278e-03 9.991772e-01 -3.838640e+01
9.996218e-01 2.055585e-03 2.742501e-02 4.064071e+01 -2.155721e-03 9.999911e-01 3.622143e-03 -1.783029e+00 -2.741732e-02 -3.679894e-03 9.996173e-01 -3.849923e+01
9.992049e-01 -1.491263e-03 -3.984202e-02 4.076290e+01 1.308088e-03 9.999885e-01 -4.623223e-03 -1.793219e+00 3.984845e-02 4.567431e-03 9.991953e-01 -3.862364e+01
9.996919e-01 2.030846e-03 2.473649e-02 4.084826e+01 -2.124842e-03 9.999906e-01 3.774199e-03 -1.801775e+00 -2.472859e-02 -3.825597e-03 9.996869e-01 -3.875687e+01
9.992541e-01 -1.312882e-03 -3.859323e-02 4.095078e+01 1.137118e-03 9.999889e-01 -4.575875e-03 -1.810452e+00 3.859881e-02 4.528577e-03 9.992445e-01 -3.888440e+01
9.997465e-01 1.832790e-03 2.243962e-02 4.102506e+01 -1.912768e-03 9.999919e-01 3.543157e-03 -1.819664e+00 -2.243295e-02 -3.585181e-03 9.997419e-01 -3.901691e+01
9.994349e-01 -1.388075e-03 -3.358437e-02 4.101108e+01 1.238151e-03 9.999892e-01 -4.484526e-03 -1.822171e+00 3.359023e-02 4.440409e-03 9.994258e-01 -3.904802e+01
9.996884e-01 1.667569e-03 2.490584e-02 4.098707e+01 -1.754225e-03 9.999925e-01 3.457872e-03 -1.827648e+00 -2.489988e-02 -3.500485e-03 9.996838e-01 -3.893501e+01
9.993417e-01 -1.283939e-03 -3.625761e-02 4.100662e+01 1.124867e-03 9.999897e-01 -4.407349e-03 -1.834291e+00 3.626289e-02 4.363663e-03 9.993328e-01 -3.898300e+01
9.995367e-01 1.635318e-03 3.039163e-02 4.106051e+01 -1.715644e-03 9.999951e-01 2.617129e-03 -1.847261e+00 -3.038720e-02 -2.668058e-03 9.995346e-01 -3.876379e+01
9.992363e-01 -5.712499e-04 -3.907076e-02 4.112459e+01 4.180881e-04 9.999922e-01 -3.928188e-03 -1.860649e+00 3.907270e-02 3.908854e-03 9.992287e-01 -3.837463e+01
9.995049e-01 9.766023e-04 3.144993e-02 4.117112e+01 -1.066466e-03 9.999954e-01 2.840692e-03 -1.871831e+00 -3.144701e-02 -2.872826e-03 9.995013e-01 -3.826789e+01
9.993088e-01 -2.715998e-04 -3.717265e-02 4.120483e+01 9.663720e-05 9.999889e-01 -4.708491e-03 -1.886698e+00 3.717352e-02 4.701644e-03 9.992978e-01 -3.784657e+01
9.994607e-01 1.121612e-03 3.281881e-02 4.114636e+01 -1.216986e-03 9.999951e-01 2.886233e-03 -1.897765e+00 -3.281541e-02 -2.924617e-03 9.994572e-01 -3.711478e+01
9.991873e-01 -8.826867e-04 -4.029887e-02 4.103189e+01 7.365322e-04 9.999931e-01 -3.641485e-03 -1.897395e+00 4.030180e-02 3.608844e-03 9.991810e-01 -3.680840e+01
9.996502e-01 1.111738e-03 2.642476e-02 4.102458e+01 -1.174508e-03 9.999965e-01 2.359998e-03 -1.901188e+00 -2.642205e-02 -2.390209e-03 9.996480e-01 -3.686591e+01
9.988627e-01 -2.977334e-04 -4.767864e-02 4.111477e+01 1.559060e-04 9.999956e-01 -2.978357e-03 -1.908196e+00 4.767931e-02 2.967536e-03 9.988583e-01 -3.706903e+01
9.993452e-01 7.228701e-04 3.617639e-02 4.086633e+01 -8.119722e-04 9.999967e-01 2.448340e-03 -1.890802e+00 -3.617450e-02 -2.476111e-03 9.993424e-01 -3.693800e+01
9.990512e-01 -1.015852e-04 -4.355028e-02 4.047590e+01 1.815505e-07 9.999973e-01 -2.328441e-03 -1.870049e+00 4.355040e-02 2.326224e-03 9.990485e-01 -3.620011e+01
9.991994e-01 6.801804e-04 4.000134e-02 4.016932e+01 -7.593537e-04 9.999978e-01 1.964091e-03 -1.854853e+00 -3.999992e-02 -1.992893e-03 9.991977e-01 -3.553973e+01
9.992916e-01 -1.040038e-03 -3.761896e-02 3.950096e+01 9.714887e-04 9.999978e-01 -1.840456e-03 -1.809592e+00 3.762080e-02 1.802606e-03 9.992905e-01 -3.451766e+01
9.994621e-01 1.768452e-03 3.274675e-02 3.904185e+01 -1.783458e-03 9.999983e-01 4.289990e-04 -1.793234e+00 -3.274594e-02 -4.871707e-04 9.994636e-01 -3.304861e+01
9.990576e-01 -1.107046e-03 -4.338963e-02 3.904331e+01 1.044635e-03 9.999984e-01 -1.461061e-03 -1.804040e+00 4.339118e-02 1.414358e-03 9.990572e-01 -3.249542e+01
9.994693e-01 1.584296e-03 3.253670e-02 3.895533e+01 -1.610647e-03 9.999984e-01 7.836672e-04 -1.799713e+00 -3.253540e-02 -8.356565e-04 9.994702e-01 -3.248299e+01
9.992545e-01 -1.281036e-03 -3.858592e-02 3.843308e+01 1.272186e-03 9.999992e-01 -2.539272e-04 -1.762286e+00 3.858621e-02 2.046495e-04 9.992553e-01 -3.191088e+01
9.996399e-01 1.645838e-03 2.678483e-02 3.797937e+01 -1.673917e-03 9.999981e-01 1.025886e-03 -1.731205e+00 -2.678309e-02 -1.070352e-03 9.996407e-01 -3.150999e+01
9.992775e-01 -1.407249e-03 -3.797955e-02 3.772522e+01 1.363311e-03 9.999984e-01 -1.182771e-03 -1.720021e+00 3.798115e-02 1.130139e-03 9.992778e-01 -3.112415e+01
9.994056e-01 1.764251e-03 3.442756e-02 3.749260e+01 -1.784105e-03 9.999983e-01 5.459644e-04 -1.709886e+00 -3.442654e-02 -6.070623e-04 9.994070e-01 -3.062854e+01
9.990793e-01 -1.160105e-03 -4.288541e-02 3.725989e+01 1.125683e-03 9.999990e-01 -8.267903e-04 -1.700203e+00 4.288632e-02 7.777537e-04 9.990797e-01 -3.013894e+01
9.993406e-01 1.682683e-03 3.627139e-02 3.729409e+01 -1.670047e-03 9.999985e-01 -3.786801e-04 -1.711518e+00 -3.627197e-02 3.178554e-04 9.993419e-01 -2.995945e+01
9.990923e-01 -9.671124e-04 -4.258760e-02 3.731305e+01 9.318392e-04 9.999992e-01 -8.481102e-04 -1.722175e+00 4.258839e-02 8.076556e-04 9.990924e-01 -2.961295e+01
9.991642e-01 1.710030e-03 4.084091e-02 3.717278e+01 -1.706232e-03 9.999985e-01 -1.278565e-04 -1.718528e+00 -4.084107e-02 5.806561e-05 9.991657e-01 -2.917866e+01
9.988861e-01 -1.255327e-03 -4.716912e-02 3.719148e+01 1.190262e-03 9.999983e-01 -1.407466e-03 -1.730310e+00 4.717080e-02 1.349755e-03 9.988859e-01 -2.889255e+01
9.991267e-01 1.967736e-03 4.173712e-02 3.720218e+01 -1.958079e-03 9.999980e-01 -2.722748e-04 -1.742958e+00 -4.173758e-02 1.903125e-04 9.991286e-01 -2.848938e+01
9.988818e-01 -1.528774e-03 -4.725278e-02 3.715941e+01 1.494195e-03 9.999986e-01 -7.671285e-04 -1.752957e+00 4.725389e-02 6.956658e-04 9.988827e-01 -2.800484e+01
9.991291e-01 2.334654e-03 4.165947e-02 3.715904e+01 -2.289646e-03 9.999967e-01 -1.128072e-03 -1.766236e+00 -4.166197e-02 1.031704e-03 9.991312e-01 -2.754217e+01
9.989979e-01 -1.485223e-03 -4.473229e-02 3.706133e+01 1.451192e-03 9.999986e-01 -7.932295e-04 -1.771929e+00 4.473341e-02 7.275195e-04 9.989987e-01 -2.688735e+01
9.990611e-01 2.411834e-03 4.325552e-02 3.686318e+01 -2.412066e-03 9.999971e-01 -4.685857e-05 -1.764085e+00 -4.325551e-02 -5.752056e-05 9.990640e-01 -2.636895e+01
9.989381e-01 -2.116698e-03 -4.602320e-02 3.665101e+01 2.065595e-03 9.999972e-01 -1.157915e-03 -1.758270e+00 4.602552e-02 1.061620e-03 9.989397e-01 -2.580013e+01
9.990798e-01 2.757891e-03 4.280241e-02 3.649407e+01 -2.763149e-03 9.999962e-01 6.368128e-05 -1.756684e+00 -4.280207e-02 -1.818921e-04 9.990836e-01 -2.525217e+01
9.986979e-01 -2.349240e-03 -5.096122e-02 3.646468e+01 2.285261e-03 9.999965e-01 -1.313684e-03 -1.761203e+00 5.096413e-02 1.195514e-03 9.986998e-01 -2.507492e+01
9.992684e-01 2.853249e-03 3.813746e-02 3.650151e+01 -2.874043e-03 9.999957e-01 4.904232e-04 -1.767459e+00 -3.813590e-02 -5.996731e-04 9.992724e-01 -2.515395e+01
9.985111e-01 -2.449190e-03 -5.449386e-02 3.643423e+01 2.361849e-03 9.999958e-01 -1.667126e-03 -1.765013e+00 5.449772e-02 1.535937e-03 9.985127e-01 -2.523961e+01
9.995277e-01 3.113367e-03 3.057168e-02 3.639831e+01 -3.127827e-03 9.999950e-01 4.251638e-04 -1.764281e+00 -3.057020e-02 -5.205859e-04 9.995325e-01 -2.543872e+01
9.983655e-01 -2.263230e-03 -5.710645e-02 3.649774e+01 2.185575e-03 9.999966e-01 -1.422263e-03 -1.768773e+00 5.710948e-02 1.295128e-03 9.983671e-01 -2.573700e+01
9.993637e-01 3.158974e-03 3.552668e-02 3.675946e+01 -3.174927e-03 9.999949e-01 3.926313e-04 -1.778476e+00 -3.552525e-02 -5.051760e-04 9.993687e-01 -2.609211e+01
9.987484e-01 -2.773776e-03 -4.993994e-02 3.702500e+01 2.684794e-03 9.999947e-01 -1.848778e-03 -1.790322e+00 4.994480e-02 1.712385e-03 9.987505e-01 -2.637617e+01
9.996507e-01 3.287710e-03 2.622157e-02 3.734387e+01 -3.295169e-03 9.999945e-01 2.412164e-04 -1.806633e+00 -2.622064e-02 -3.275366e-04 9.996561e-01 -2.676735e+01
9.985806e-01 -2.605337e-03 -5.319738e-02 3.770219e+01 2.518052e-03 9.999954e-01 -1.707736e-03 -1.817517e+00 5.320158e-02 1.571358e-03 9.985826e-01 -2.727037e+01
9.991278e-01 3.126925e-03 4.164000e-02 3.769226e+01 -3.177297e-03 9.999943e-01 1.143573e-03 -1.818738e+00 -4.163619e-02 -1.274878e-03 9.991320e-01 -2.730659e+01
9.986241e-01 -2.581560e-03 -5.237677e-02 3.750629e+01 2.500764e-03 9.999956e-01 -1.608066e-03 -1.808647e+00 5.238069e-02 1.474872e-03 9.986261e-01 -2.711824e+01
9.989447e-01 2.858633e-03 4.584026e-02 3.724763e+01 -2.870830e-03 9.999959e-01 2.002276e-04 -1.795676e+00 -4.583949e-02 -3.316157e-04 9.989488e-01 -2.670266e+01
9.987402e-01 -2.105775e-03 -5.013521e-02 3.666826e+01 2.125985e-03 9.999977e-01 3.497657e-04 -1.761455e+00 5.013435e-02 -4.559118e-04 9.987424e-01 -2.556668e+01
9.988293e-01 2.459466e-03 4.831105e-02 3.617796e+01 -2.449404e-03 9.999970e-01 -2.674998e-04 -1.727641e+00 -4.831156e-02 1.488534e-04 9.988323e-01 -2.491561e+01
9.986266e-01 -2.347833e-03 -5.233944e-02 3.568189e+01 2.359886e-03 9.999972e-01 1.684839e-04 -1.697024e+00 5.233889e-02 -2.917677e-04 9.986293e-01 -2.411479e+01
9.986672e-01 2.571502e-03 5.154726e-02 3.526491e+01 -2.541162e-03 9.999966e-01 -6.541386e-04 -1.679293e+00 -5.154877e-02 5.222769e-04 9.986703e-01 -2.307857e+01
9.986052e-01 -1.574399e-03 -5.277399e-02 3.482364e+01 1.595446e-03 9.999987e-01 3.566698e-04 -1.655611e+00 5.277336e-02 -4.403704e-04 9.986064e-01 -2.205745e+01
9.985823e-01 1.704281e-03 5.320304e-02 3.436016e+01 -1.654247e-03 9.999981e-01 -9.844782e-04 -1.632652e+00 -5.320462e-02 8.950717e-04 9.985832e-01 -2.101257e+01
9.986236e-01 -1.123592e-03 -5.243726e-02 3.381087e+01 1.160779e-03 9.999991e-01 6.787075e-04 -1.603433e+00 5.243645e-02 -7.386415e-04 9.986240e-01 -1.973030e+01
9.983121e-01 1.435657e-03 5.805942e-02 3.301067e+01 -1.384209e-03 9.999986e-01 -9.263420e-04 -1.557390e+00 -5.806066e-02 8.444121e-04 9.983127e-01 -1.803802e+01
9.987636e-01 9.117977e-05 -4.971205e-02 3.192710e+01 -2.758045e-05 9.999992e-01 1.280025e-03 -1.486871e+00 4.971212e-02 -1.277071e-03 9.987628e-01 -1.587401e+01
9.980715e-01 1.365897e-03 6.205972e-02 3.079943e+01 -1.295297e-03 9.999985e-01 -1.177838e-03 -1.409334e+00 -6.206123e-02 1.095181e-03 9.980717e-01 -1.372055e+01
9.988720e-01 4.480232e-04 -4.748189e-02 2.970328e+01 -4.005187e-04 9.999994e-01 1.009972e-03 -1.331516e+00 4.748232e-02 -9.898158e-04 9.988716e-01 -1.176533e+01
9.985254e-01 1.235249e-03 5.427156e-02 2.868977e+01 -1.225392e-03 9.999992e-01 -2.149230e-04 -1.260526e+00 -5.427178e-02 1.481023e-04 9.985262e-01 -9.981360e+00
9.988015e-01 2.255030e-04 -4.894358e-02 2.768895e+01 -1.746527e-04 9.999994e-01 1.043218e-03 -1.188030e+00 4.894379e-02 -1.033420e-03 9.988010e-01 -8.418844e+00
9.991212e-01 1.272318e-03 4.189487e-02 2.716238e+01 -1.265355e-03 9.999992e-01 -1.927471e-04 -1.146745e+00 -4.189508e-02 1.395659e-04 9.991220e-01 -7.585611e+00
9.985379e-01 -7.736760e-04 -5.405125e-02 2.723118e+01 7.436067e-04 9.999996e-01 -5.764327e-04 -1.155228e+00 5.405167e-02 5.353969e-04 9.985380e-01 -7.612861e+00
9.989078e-01 1.101507e-03 4.671214e-02 2.706451e+01 -1.112828e-03 9.999994e-01 2.163488e-04 -1.147494e+00 -4.671187e-02 -2.680950e-04 9.989084e-01 -7.399677e+00
9.987631e-01 -8.860044e-04 -4.971357e-02 2.673673e+01 8.700655e-04 9.999996e-01 -3.422682e-04 -1.128303e+00 4.971385e-02 2.985907e-04 9.987635e-01 -6.898402e+00
9.988112e-01 1.329747e-03 4.872840e-02 2.616782e+01 -1.397529e-03 9.999981e-01 1.356953e-03 -1.087456e+00 -4.872650e-02 -1.423440e-03 9.988111e-01 -6.155466e+00
9.985123e-01 -2.109395e-04 -5.452565e-02 2.561473e+01 1.827734e-04 9.999998e-01 -5.215639e-04 -1.044483e+00 5.452576e-02 5.108221e-04 9.985122e-01 -5.578327e+00
9.988222e-01 5.356981e-04 4.851725e-02 2.527258e+01 -5.672314e-04 9.999996e-01 6.361593e-04 -1.023264e+00 -4.851689e-02 -6.629305e-04 9.988221e-01 -5.124186e+00
9.981642e-01 7.584141e-06 -6.056669e-02 2.520516e+01 -7.498338e-05 9.999994e-01 -1.110549e-03 -1.022090e+00 6.056664e-02 1.113051e-03 9.981635e-01 -5.122685e+00
9.986739e-01 3.485949e-04 5.148040e-02 2.509928e+01 -3.916715e-04 9.999996e-01 8.266578e-04 -1.019314e+00 -5.148009e-02 -8.457249e-04 9.986737e-01 -4.999559e+00
9.984665e-01 -1.203292e-04 -5.535834e-02 2.480878e+01 2.929906e-05 9.999986e-01 -1.645201e-03 -1.006494e+00 5.535846e-02 1.641056e-03 9.984652e-01 -4.359763e+00
9.987227e-01 1.040724e-03 5.051697e-02 2.467198e+01 -1.107536e-03 9.999985e-01 1.294584e-03 -1.006662e+00 -5.051555e-02 -1.348880e-03 9.987224e-01 -3.746518e+00
9.986002e-01 -6.080646e-04 -5.288865e-02 2.449303e+01 4.466201e-04 9.999952e-01 -3.064314e-03 -1.007056e+00 5.289026e-02 3.036403e-03 9.985957e-01 -3.016079e+00
9.987402e-01 1.600344e-03 5.015493e-02 2.421987e+01 -1.728802e-03 9.999953e-01 2.517933e-03 -1.001438e+00 -5.015066e-02 -2.601469e-03 9.987383e-01 -2.006878e+00
9.986523e-01 1.405641e-03 -5.187977e-02 2.343953e+01 -1.494071e-03 9.999975e-01 -1.665778e-03 -9.362756e-01 5.187730e-02 1.741045e-03 9.986519e-01 -9.697565e-01
9.994059e-01 -6.202235e-04 3.445994e-02 2.366569e+01 5.927968e-04 9.999995e-01 8.060920e-04 -9.469186e-01 -3.446043e-02 -7.851852e-04 9.994058e-01 -1.240257e+00
9.988170e-01 1.203864e-03 -4.861192e-02 2.378923e+01 -1.287208e-03 9.999978e-01 -1.683213e-03 -9.552743e-01 4.860979e-02 1.743795e-03 9.988163e-01 -1.409853e+00
9.991774e-01 -7.183994e-04 4.054575e-02 2.380226e+01 6.866982e-04 9.999994e-01 7.957679e-04 -9.642984e-01 -4.054630e-02 -7.672705e-04 9.991774e-01 -1.304070e+00
9.988949e-01 1.208003e-03 -4.698462e-02 2.381915e+01 -1.304533e-03 9.999971e-01 -2.023920e-03 -9.753886e-01 4.698204e-02 2.082976e-03 9.988936e-01 -1.029545e+00
9.989902e-01 -5.237146e-04 4.492525e-02 2.361369e+01 5.010459e-04 9.999997e-01 5.158295e-04 -9.739890e-01 -4.492551e-02 -4.927989e-04 9.989902e-01 -1.986243e-01
9.989934e-01 1.403469e-03 -4.483468e-02 2.326154e+01 -1.475275e-03 9.999977e-01 -1.568548e-03 -9.638225e-01 4.483237e-02 1.633112e-03 9.989932e-01 1.078261e+00
9.990642e-01 -7.152996e-04 4.324509e-02 2.312430e+01 7.374767e-04 9.999996e-01 -4.968864e-04 -9.694209e-01 -4.324472e-02 5.283138e-04 9.990644e-01 1.971276e+00
9.987515e-01 1.311873e-03 -4.993662e-02 2.307714e+01 -1.341846e-03 9.999989e-01 -5.667179e-04 -9.765298e-01 4.993582e-02 6.330175e-04 9.987522e-01 2.458162e+00
9.990828e-01 -6.475450e-04 4.281524e-02 2.314793e+01 6.799629e-04 9.999995e-01 -7.426155e-04 -9.872386e-01 -4.281474e-02 7.710472e-04 9.990827e-01 2.532013e+00
9.987493e-01 1.352129e-03 -4.998026e-02 2.322792e+01 -1.391669e-03 9.999987e-01 -7.563347e-04 -1.000839e+00 4.997917e-02 8.249447e-04 9.987499e-01 2.778706e+00
9.990825e-01 -8.372914e-04 4.281829e-02 2.326191e+01 8.446253e-04 9.999996e-01 -1.532048e-04 -1.011423e+00 -4.281815e-02 1.892298e-04 9.990829e-01 2.902996e+00
9.987322e-01 1.204310e-03 -5.032420e-02 2.328256e+01 -1.252566e-03 9.999988e-01 -9.273918e-04 -1.020254e+00 5.032302e-02 9.892503e-04 9.987325e-01 3.000534e+00
9.990915e-01 -7.729713e-04 4.260966e-02 2.330521e+01 7.760024e-04 9.999997e-01 -5.461081e-05 -1.029096e+00 -4.260960e-02 8.762655e-05 9.990918e-01 3.056694e+00
9.987219e-01 1.017794e-03 -5.053254e-02 2.328454e+01 -1.054909e-03 9.999992e-01 -7.078190e-04 -1.035383e+00 5.053177e-02 7.602215e-04 9.987222e-01 3.208950e+00
9.992520e-01 -5.172959e-04 3.866788e-02 2.328811e+01 5.201531e-04 9.999999e-01 -6.384734e-05 -1.040809e+00 -3.866784e-02 8.391295e-05 9.992521e-01 3.170129e+00
9.986839e-01 1.126804e-03 -5.127554e-02 2.333578e+01 -1.164928e-03 9.999991e-01 -7.136453e-04 -1.048511e+00 5.127469e-02 7.724383e-04 9.986843e-01 3.095125e+00
9.992049e-01 -5.527083e-04 3.986470e-02 2.333746e+01 5.559358e-04 9.999998e-01 -6.989227e-05 -1.053519e+00 -3.986465e-02 9.199907e-05 9.992051e-01 3.054388e+00
9.985670e-01 9.883050e-04 -5.350674e-02 2.339554e+01 -1.036547e-03 9.999991e-01 -8.738785e-04 -1.062142e+00 5.350583e-02 9.280884e-04 9.985671e-01 2.963945e+00
9.992332e-01 -2.491739e-04 3.915214e-02 2.354626e+01 2.433803e-04 1.000000e+00 1.527280e-04 -1.071676e+00 -3.915218e-02 -1.430818e-04 9.992332e-01 2.795262e+00
9.986538e-01 7.585761e-04 -5.186489e-02 2.362431e+01 -8.114295e-04 9.999992e-01 -9.980240e-04 -1.079483e+00 5.186409e-02 1.038765e-03 9.986536e-01 2.692977e+00
9.991007e-01 -2.232823e-04 4.239877e-02 2.363430e+01 2.087513e-04 9.999999e-01 3.471346e-04 -1.085493e+00 -4.239885e-02 -3.379715e-04 9.991007e-01 2.699823e+00
9.983521e-01 7.430954e-04 -5.738028e-02 2.377192e+01 -8.117132e-04 9.999990e-01 -1.172555e-03 -1.096614e+00 5.737935e-02 1.217199e-03 9.983517e-01 2.577490e+00
9.988535e-01 -1.779619e-04 4.787184e-02 2.387520e+01 1.489286e-04 9.999998e-01 6.100320e-04 -1.105117e+00 -4.787194e-02 -6.022029e-04 9.988533e-01 2.508281e+00
9.985362e-01 8.140407e-04 -5.408110e-02 2.389051e+01 -9.315502e-04 9.999973e-01 -2.147678e-03 -1.117664e+00 5.407920e-02 2.194913e-03 9.985342e-01 2.911576e+00
9.988456e-01 -7.126241e-05 4.803655e-02 2.391240e+01 4.584815e-05 9.999999e-01 5.301493e-04 -1.131457e+00 -4.803658e-02 -5.273347e-04 9.988454e-01 3.374693e+00
9.984854e-01 5.366836e-04 -5.501516e-02 2.397114e+01 -6.370391e-04 9.999982e-01 -1.806633e-03 -1.143208e+00 5.501409e-02 1.838943e-03 9.984839e-01 3.552406e+00
9.990907e-01 1.612108e-04 4.263551e-02 2.408663e+01 -2.043469e-04 9.999995e-01 1.007370e-03 -1.153641e+00 -4.263533e-02 -1.015166e-03 9.990902e-01 3.473213e+00
9.983456e-01 3.691873e-04 -5.749798e-02 2.422945e+01 -4.887625e-04 9.999977e-01 -2.065604e-03 -1.163662e+00 5.749709e-02 2.090290e-03 9.983435e-01 3.320293e+00
9.990539e-01 -1.027666e-04 4.348968e-02 2.445707e+01 8.874522e-05 9.999999e-01 3.243240e-04 -1.175423e+00 -4.348971e-02 -3.201574e-04 9.990538e-01 3.039730e+00
9.979178e-01 4.659599e-04 -6.449704e-02 2.476703e+01 -5.879174e-04 9.999981e-01 -1.871945e-03 -1.186461e+00 6.449604e-02 1.905966e-03 9.979161e-01 2.615305e+00
