9.998107e-01 -5.223818e-03 -1.874337e-02 4.352155e-01 5.346629e-03 9.999645e-01 6.508148e-03 -2.741967e-03 1.870871e-02 -6.607131e-03 9.998031e-01 -7.086002e-01
9.999901e-01 -1.257727e-03 -4.272092e-03 9.025115e-01 1.265734e-03 9.999974e-01 1.872113e-03 -2.220877e-03 4.269727e-03 -1.877501e-03 9.999891e-01 -1.561456e+00
9.998952e-01 -4.296453e-03 -1.382598e-02 1.213338e+00 4.365944e-03 9.999780e-01 4.999823e-03 -3.215740e-04 1.380419e-02 -5.059664e-03 9.998919e-01 -2.252922e+00
9.999919e-01 -1.453502e-03 -3.759148e-03 1.581977e+00 1.462072e-03 9.999963e-01 2.278059e-03 1.493933e-03 3.755824e-03 -2.283536e-03 9.999903e-01 -2.969947e+00
9.998540e-01 -5.029872e-03 -1.633217e-02 2.023512e+00 5.130608e-03 9.999680e-01 6.131888e-03 2.411670e-03 1.630080e-02 -6.214787e-03 9.998478e-01 -3.785587e+00
9.999944e-01 -1.249197e-03 -3.107460e-03 2.363122e+00 1.254751e-03 9.999976e-01 1.786006e-03 6.171859e-03 3.105222e-03 -1.789894e-03 9.999936e-01 -4.561106e+00
9.998496e-01 -5.630917e-03 -1.640640e-02 2.779416e+00 5.737053e-03 9.999629e-01 6.429332e-03 9.939406e-03 1.636959e-02 -6.522490e-03 9.998447e-01 -5.436722e+00
9.999899e-01 -2.418371e-03 -3.789762e-03 3.181975e+00 2.433576e-03 9.999890e-01 4.012552e-03 1.710123e-02 3.780017e-03 -4.021733e-03 9.999848e-01 -6.373502e+00
9.999006e-01 -4.170776e-03 -1.346578e-02 3.567989e+00 4.224423e-03 9.999832e-01 3.957980e-03 2.083838e-02 1.344905e-02 -4.014473e-03 9.999015e-01 -7.198270e+00
9.999769e-01 -3.316089e-03 -5.933950e-03 3.881871e+00 3.348746e-03 9.999793e-01 5.501896e-03 2.968760e-02 5.915582e-03 -5.521640e-03 9.999673e-01 -8.069705e+00
9.998800e-01 -5.589786e-03 -1.444705e-02 4.197265e+00 5.667001e-03 9.999698e-01 5.309289e-03 4.473572e-02 1.441694e-02 -5.390524e-03 9.998815e-01 -9.125738e+00
9.999424e-01 -4.700914e-03 -9.650746e-03 4.676874e+00 4.773644e-03 9.999603e-01 7.526979e-03 5.754532e-02 9.614980e-03 -7.572614e-03 9.999251e-01 -1.036863e+01
9.999539e-01 -3.422420e-03 -8.966525e-03 4.980271e+00 3.448578e-03 9.999898e-01 2.903438e-03 6.962239e-02 8.956497e-03 -2.934226e-03 9.999556e-01 -1.129317e+01
9.999415e-01 -3.701966e-03 -1.016641e-02 5.252693e+00 3.766440e-03 9.999729e-01 6.330043e-03 8.051791e-02 1.014270e-02 -6.367963e-03 9.999283e-01 -1.213609e+01
9.999571e-01 -3.537781e-03 -8.559788e-03 5.511613e+00 3.559031e-03 9.999906e-01 2.468589e-03 9.263129e-02 8.550974e-03 -2.498949e-03 9.999603e-01 -1.303308e+01
9.999688e-01 -2.761818e-03 -7.402286e-03 5.621723e+00 2.811968e-03 9.999731e-01 6.773202e-03 1.082292e-01 7.383381e-03 -6.793805e-03 9.999497e-01 -1.374331e+01
9.999383e-01 3.861283e-03 1.041643e-02 5.602318e+00 -3.824873e-03 9.999865e-01 -3.513126e-03 8.912148e-02 -1.042986e-02 3.473067e-03 9.999396e-01 -1.266768e+01
9.999973e-01 1.280388e-04 -2.303239e-03 5.659105e+00 -1.287462e-04 9.999999e-01 -3.070261e-04 4.737283e-02 2.303200e-03 3.073225e-04 9.999973e-01 -1.074223e+01
9.999856e-01 2.850892e-03 4.539513e-03 5.696971e+00 -2.849191e-03 9.999959e-01 -3.811837e-04 1.777285e-02 -4.540581e-03 3.682436e-04 9.999896e-01 -9.165337e+00
9.999918e-01 1.847460e-03 3.604871e-03 5.729430e+00 -1.835319e-03 9.999926e-01 -3.368209e-03 -2.443132e-02 -3.611067e-03 3.361566e-03 9.999878e-01 -6.887781e+00
9.999979e-01 1.815058e-03 9.398545e-04 5.826469e+00 -1.815610e-03 9.999982e-01 5.871576e-04 -6.402740e-02 -9.387874e-04 -5.888635e-04 9.999994e-01 -5.171239e+00
9.999977e-01 -5.273871e-04 2.056204e-03 5.884636e+00 5.280914e-04 9.999998e-01 -3.419781e-04 -9.055229e-02 -2.056022e-03 3.430639e-04 9.999978e-01 -4.032320e+00
9.999131e-01 6.410708e-03 1.151999e-02 5.898759e+00 -6.363486e-03 9.999712e-01 -4.131074e-03 -1.399540e-01 -1.154615e-02 4.057407e-03 9.999251e-01 -1.211098e+00
9.999971e-01 -7.143510e-04 2.290850e-03 5.932060e+00 7.127884e-04 9.999995e-01 6.828714e-04 -1.914703e-01 -2.291336e-03 -6.812358e-04 9.999971e-01 1.948504e+00
9.999257e-01 6.094224e-03 1.055782e-02 5.990603e+00 -6.039723e-03 9.999683e-01 -5.186325e-03 -2.397615e-01 -1.058909e-02 5.122173e-03 9.999308e-01 4.487517e+00
9.999798e-01 -2.153650e-03 -5.975263e-03 6.016230e+00 2.176921e-03 9.999901e-01 3.890799e-03 -2.761545e-01 5.966824e-03 -3.903727e-03 9.999746e-01 6.610803e+00
9.995160e-01 1.090738e-02 2.913304e-02 5.991453e+00 -1.065829e-02 9.999054e-01 -8.691664e-03 -3.404472e-01 -2.922509e-02 8.376948e-03 9.995378e-01 1.114019e+01
9.999650e-01 -2.160444e-03 -8.084535e-03 6.031984e+00 2.179834e-03 9.999948e-01 2.390288e-03 -4.067286e-01 8.079329e-03 -2.407827e-03 9.999645e-01 1.495490e+01
9.999124e-01 6.823071e-03 1.134420e-02 6.076301e+00 -6.763459e-03 9.999632e-01 -5.284887e-03 -4.454145e-01 -1.137984e-02 5.207697e-03 9.999217e-01 1.696454e+01
9.999449e-01 1.069436e-03 1.044045e-02 6.064960e+00 -1.091216e-03 9.999972e-01 2.080580e-03 -5.081403e-01 -1.043820e-02 -2.091858e-03 9.999433e-01 2.158617e+01
9.996993e-01 1.103295e-02 2.189932e-02 6.020824e+00 -1.079392e-02 9.998812e-01 -1.100317e-02 -5.886055e-01 -2.201812e-02 1.076348e-02 9.996996e-01 2.673579e+01
9.999949e-01 -2.507476e-03 -1.992962e-03 5.991495e+00 2.519418e-03 9.999788e-01 6.012631e-03 -6.541377e-01 1.977844e-03 -6.017620e-03 9.999799e-01 3.102269e+01
9.997379e-01 9.556623e-03 2.080490e-02 6.024327e+00 -9.307387e-03 9.998842e-01 -1.204374e-02 -7.172491e-01 -2.091758e-02 1.184694e-02 9.997110e-01 3.453917e+01
9.999524e-01 -3.526105e-03 -9.097736e-03 6.056968e+00 3.604417e-03 9.999565e-01 8.605864e-03 -7.691016e-01 9.066995e-03 -8.638245e-03 9.999216e-01 3.771116e+01
9.996975e-01 9.056067e-03 2.286674e-02 6.135196e+00 -8.753245e-03 9.998731e-01 -1.330848e-02 -8.266581e-01 -2.298436e-02 1.310429e-02 9.996499e-01 4.071841e+01
9.999531e-01 -2.188039e-03 -9.430487e-03 6.180283e+00 2.271243e-03 9.999585e-01 8.821138e-03 -8.842836e-01 9.410795e-03 -8.842143e-03 9.999166e-01 4.410255e+01
9.995703e-01 9.199619e-03 2.783087e-02 6.314862e+00 -8.795420e-03 9.998546e-01 -1.461113e-02 -9.507283e-01 -2.796124e-02 1.436007e-02 9.995059e-01 4.752141e+01
9.999520e-01 6.376817e-04 -9.776014e-03 6.264944e+00 -5.394642e-04 9.999494e-01 1.004613e-02 -1.018284e+00 9.781926e-03 -1.004037e-02 9.999017e-01 5.207726e+01
9.988427e-01 1.208733e-02 4.655379e-02 6.216740e+00 -1.127151e-02 9.997790e-01 -1.774706e-02 -1.111752e+00 -4.675802e-02 1.720179e-02 9.987581e-01 5.849505e+01
9.999656e-01 1.804240e-03 -8.095424e-03 6.182142e+00 -1.741341e-03 9.999683e-01 7.770020e-03 -1.209713e+00 8.109187e-03 -7.755655e-03 9.999370e-01 6.491765e+01
9.993269e-01 1.104308e-02 3.498385e-02 6.299021e+00 -1.050644e-02 9.998249e-01 -1.548656e-02 -1.299680e+00 -3.514875e-02 1.510858e-02 9.992679e-01 7.011726e+01
9.998236e-01 1.389492e-03 -1.872962e-02 6.520066e+00 -1.177491e-03 9.999352e-01 1.132526e-02 -1.381631e+00 1.874414e-02 -1.130121e-02 9.997604e-01 7.382873e+01
9.987999e-01 1.254643e-02 4.734217e-02 6.598616e+00 -1.155297e-02 9.997085e-01 -2.120023e-02 -1.474943e+00 -4.759436e-02 2.062785e-02 9.986537e-01 7.918877e+01
9.995036e-01 -6.639691e-04 -3.149652e-02 6.690016e+00 1.068706e-03 9.999171e-01 1.283510e-02 -1.541278e+00 3.148539e-02 -1.286239e-02 9.994214e-01 8.266890e+01
9.999939e-01 -1.563883e-03 3.107781e-03 6.752171e+00 1.571370e-03 9.999959e-01 -2.408070e-03 -1.530190e+00 -3.104002e-03 2.412938e-03 9.999923e-01 8.231653e+01
9.993815e-01 -1.019956e-02 -3.365297e-02 7.082147e+00 1.087251e-02 9.997434e-01 1.987474e-02 -1.495671e+00 3.344162e-02 -2.022834e-02 9.992359e-01 8.083685e+01
9.999260e-01 4.683678e-03 1.123111e-02 7.301271e+00 -4.557306e-03 9.999263e-01 -1.125132e-02 -1.482978e+00 -1.128298e-02 1.119930e-02 9.998736e-01 8.009193e+01
9.994826e-01 -7.041912e-03 -3.138288e-02 7.469188e+00 7.520115e-03 9.998570e-01 1.514583e-02 -1.485144e+00 3.127173e-02 -1.537399e-02 9.993927e-01 7.977764e+01
9.998351e-01 7.464187e-03 1.655176e-02 7.583100e+00 -7.233225e-03 9.998762e-01 -1.397018e-02 -1.497404e+00 -1.665398e-02 1.384816e-02 9.997654e-01 7.989508e+01
9.996404e-01 -6.524921e-03 -2.600789e-02 7.672576e+00 6.875296e-03 9.998865e-01 1.340528e-02 -1.512202e+00 2.591747e-02 -1.357927e-02 9.995719e-01 8.019746e+01
9.999788e-01 1.645341e-03 6.295965e-03 7.875721e+00 -1.604207e-03 9.999774e-01 -6.532865e-03 -1.507044e+00 -6.306571e-03 6.522626e-03 9.999588e-01 7.955560e+01
9.995648e-01 -8.944266e-03 -2.810904e-02 8.119216e+00 9.404824e-03 9.998230e-01 1.629540e-02 -1.492608e+00 2.795832e-02 -1.655267e-02 9.994720e-01 7.866001e+01
9.999139e-01 4.468815e-03 1.233743e-02 8.317293e+00 -4.341051e-03 9.999369e-01 -1.036323e-02 -1.486945e+00 -1.238296e-02 1.030878e-02 9.998702e-01 7.808659e+01
9.994996e-01 -8.658766e-03 -3.042409e-02 8.525676e+00 9.149999e-03 9.998294e-01 1.604422e-02 -1.483747e+00 3.027998e-02 -1.631457e-02 9.994083e-01 7.751921e+01
9.998284e-01 6.857017e-03 1.721019e-02 8.593500e+00 -6.646103e-03 9.999025e-01 -1.228261e-02 -1.484256e+00 -1.729274e-02 1.216612e-02 9.997764e-01 7.725569e+01
9.993771e-01 -1.082417e-02 -3.358832e-02 8.692287e+00 1.149844e-02 9.997349e-01 1.994682e-02 -1.472469e+00 3.336351e-02 -2.032060e-02 9.992367e-01 7.677651e+01
9.998659e-01 6.429662e-03 1.506410e-02 8.823063e+00 -6.247257e-03 9.999070e-01 -1.212456e-02 -1.457965e+00 -1.514066e-02 1.202882e-02 9.998130e-01 7.615785e+01
9.995525e-01 -1.011121e-02 -2.815134e-02 8.947010e+00 1.060065e-02 9.997943e-01 1.729130e-02 -1.451314e+00 2.797071e-02 -1.758199e-02 9.994541e-01 7.570228e+01
9.998714e-01 6.580915e-03 1.462606e-02 9.060995e+00 -6.406440e-03 9.999081e-01 -1.194412e-02 -1.444458e+00 -1.470332e-02 1.184889e-02 9.998217e-01 7.525896e+01
9.995056e-01 -1.146447e-02 -2.927504e-02 9.184330e+00 1.201887e-02 9.997504e-01 1.883221e-02 -1.432999e+00 2.905183e-02 -1.917475e-02 9.993940e-01 7.467514e+01
9.999073e-01 5.219024e-03 1.257311e-02 9.351844e+00 -5.088553e-03 9.999331e-01 -1.038672e-02 -1.416872e+00 -1.262647e-02 1.032178e-02 9.998670e-01 7.392250e+01
9.993916e-01 -1.280793e-02 -3.244164e-02 9.566197e+00 1.346627e-02 9.997061e-01 2.015634e-02 -1.397752e+00 3.217395e-02 -2.058094e-02 9.992704e-01 7.299923e+01
9.999360e-01 5.367758e-03 9.960554e-03 9.804351e+00 -5.269155e-03 9.999371e-01 -9.899291e-03 -1.379778e+00 -1.001306e-02 9.846173e-03 9.999014e-01 7.206653e+01
9.996077e-01 -1.073248e-02 -2.587132e-02 9.956328e+00 1.118338e-02 9.997870e-01 1.734734e-02 -1.367563e+00 2.567963e-02 -1.762986e-02 9.995148e-01 7.142735e+01
9.999388e-01 4.655552e-03 1.003562e-02 1.010694e+01 -4.559594e-03 9.999439e-01 -9.563554e-03 -1.351553e+00 -1.007958e-02 9.517210e-03 9.999039e-01 7.070077e+01
9.995825e-01 -1.102396e-02 -2.670751e-02 1.025181e+01 1.151921e-02 9.997632e-01 1.846106e-02 -1.336012e+00 2.649768e-02 -1.876100e-02 9.994728e-01 6.995606e+01
9.999202e-01 3.274768e-03 1.220431e-02 1.037223e+01 -3.179546e-03 9.999644e-01 -7.813563e-03 -1.313448e+00 -1.222947e-02 7.774134e-03 9.998950e-01 6.908936e+01
9.996273e-01 -1.056643e-02 -2.517315e-02 1.049222e+01 1.101075e-02 9.997849e-01 1.757772e-02 -1.291523e+00 2.498200e-02 -1.784835e-02 9.995286e-01 6.827933e+01
9.999540e-01 3.121132e-03 9.074832e-03 1.073277e+01 -3.045316e-03 9.999604e-01 -8.356414e-03 -1.275700e+00 -9.100554e-03 8.328393e-03 9.999239e-01 6.740227e+01
9.994106e-01 -1.262247e-02 -3.192278e-02 1.099450e+01 1.329848e-02 9.996899e-01 2.105340e-02 -1.253297e+00 3.164714e-02 -2.146552e-02 9.992686e-01 6.627797e+01
9.999121e-01 3.360493e-03 1.282856e-02 1.118483e+01 -3.256476e-03 9.999617e-01 -8.120498e-03 -1.227394e+00 -1.285536e-02 8.078008e-03 9.998847e-01 6.521943e+01
9.994326e-01 -1.210616e-02 -3.143272e-02 1.139094e+01 1.274829e-02 9.997125e-01 2.030940e-02 -1.200845e+00 3.117781e-02 -2.069859e-02 9.992995e-01 6.420366e+01
9.998695e-01 4.768293e-03 1.543379e-02 1.154617e+01 -4.609018e-03 9.999359e-01 -1.033905e-02 -1.178121e+00 -1.548211e-02 1.026657e-02 9.998274e-01 6.333202e+01
9.993639e-01 -1.170874e-02 -3.368662e-02 1.173181e+01 1.239122e-02 9.997207e-01 2.012275e-02 -1.160115e+00 3.344160e-02 -2.052736e-02 9.992298e-01 6.249714e+01
9.998957e-01 3.118224e-03 1.410358e-02 1.194710e+01 -2.998043e-03 9.999591e-01 -8.534434e-03 -1.136351e+00 -1.412961e-02 8.491260e-03 9.998641e-01 6.146781e+01
9.995358e-01 -8.508713e-03 -2.925499e-02 1.207498e+01 8.993589e-03 9.998237e-01 1.648269e-02 -1.119693e+00 2.910959e-02 -1.673814e-02 9.994361e-01 6.081798e+01
9.999183e-01 2.618751e-03 1.250851e-02 1.225693e+01 -2.507923e-03 9.999575e-01 -8.867675e-03 -1.105581e+00 -1.253120e-02 8.835580e-03 9.998824e-01 6.009524e+01
9.992957e-01 -1.176474e-02 -3.563216e-02 1.253439e+01 1.250408e-02 9.997096e-01 2.059805e-02 -1.084055e+00 3.537949e-02 -2.102909e-02 9.991527e-01 5.898296e+01
9.999828e-01 4.836844e-04 5.847802e-03 1.288935e+01 -4.503115e-04 9.999836e-01 -5.706903e-03 -1.054396e+00 -5.850467e-03 5.704170e-03 9.999666e-01 5.758660e+01
9.995020e-01 -1.056082e-02 -2.973717e-02 1.317465e+01 1.111278e-02 9.997679e-01 1.845742e-02 -1.028765e+00 2.953534e-02 -1.877869e-02 9.993873e-01 5.637161e+01
9.999681e-01 2.719066e-03 7.510054e-03 1.343297e+01 -2.660045e-03 9.999656e-01 -7.857774e-03 -1.010189e+00 -7.531162e-03 7.837546e-03 9.999409e-01 5.539727e+01
9.995228e-01 -1.019170e-02 -2.915899e-02 1.369576e+01 1.071094e-02 9.997859e-01 1.770658e-02 -9.952905e-01 2.897229e-02 -1.801045e-02 9.994179e-01 5.448418e+01
9.999482e-01 3.753887e-03 9.458009e-03 1.391628e+01 -3.667006e-03 9.999511e-01 -9.186659e-03 -9.816878e-01 -9.492032e-03 9.151500e-03 9.999131e-01 5.367956e+01
9.994326e-01 -1.053541e-02 -3.199345e-02 1.415610e+01 1.116054e-02 9.997490e-01 1.942418e-02 -9.661389e-01 3.178078e-02 -1.977022e-02 9.992993e-01 5.283667e+01
9.999220e-01 2.976290e-03 1.212712e-02 1.440584e+01 -2.851339e-03 9.999428e-01 -1.030776e-02 -9.463411e-01 -1.215711e-02 1.027238e-02 9.998733e-01 5.187747e+01
9.993237e-01 -1.013632e-02 -3.534736e-02 1.468334e+01 1.085599e-02 9.997365e-01 2.022786e-02 -9.327290e-01 3.513301e-02 -2.059791e-02 9.991704e-01 5.096450e+01
9.998614e-01 3.943982e-03 1.617471e-02 1.490397e+01 -3.752540e-03 9.999228e-01 -1.184921e-02 -9.191403e-01 -1.622019e-02 1.178687e-02 9.997990e-01 5.017771e+01
9.993529e-01 -9.600306e-03 -3.466302e-02 1.510708e+01 1.028338e-02 9.997554e-01 1.958189e-02 -9.071812e-01 3.446655e-02 -1.992567e-02 9.992072e-01 4.946127e+01
9.998882e-01 3.038870e-03 1.464090e-02 1.535755e+01 -2.881876e-03 9.999383e-01 -1.073219e-02 -8.942546e-01 -1.467261e-02 1.068880e-02 9.998352e-01 4.863383e+01
9.995175e-01 -3.770086e-03 -3.083015e-02 1.549863e+01 4.128715e-03 9.999245e-01 1.157704e-02 -8.999526e-01 3.078418e-02 -1.169874e-02 9.994576e-01 4.851882e+01
9.997683e-01 3.888543e-03 2.117088e-02 1.572158e+01 -3.657198e-03 9.999333e-01 -1.095529e-02 -9.143751e-01 -2.121207e-02 1.087533e-02 9.997158e-01 4.876922e+01
9.991985e-01 -7.009269e-03 -3.941157e-02 1.592473e+01 7.623893e-03 9.998513e-01 1.546641e-02 -9.121648e-01 3.929730e-02 -1.575449e-02 9.991034e-01 4.830491e+01
9.997336e-01 4.164801e-03 2.270092e-02 1.607112e+01 -3.920344e-03 9.999340e-01 -1.080253e-02 -9.091679e-01 -2.274441e-02 1.071065e-02 9.996839e-01 4.790028e+01
9.993759e-01 -5.795001e-03 -3.484653e-02 1.614602e+01 6.274427e-03 9.998869e-01 1.366465e-02 -9.081685e-01 3.476340e-02 -1.387476e-02 9.992993e-01 4.766442e+01
9.998270e-01 2.415952e-03 1.844321e-02 1.631142e+01 -2.251431e-03 9.999575e-01 -8.936007e-03 -9.051805e-01 -1.846401e-02 8.892936e-03 9.997900e-01 4.720891e+01
9.993033e-01 -6.815496e-03 -3.669336e-02 1.654377e+01 7.347767e-03 9.998695e-01 1.439066e-02 -9.017961e-01 3.659049e-02 -1.465024e-02 9.992230e-01 4.664994e+01
9.998193e-01 4.373354e-03 1.849962e-02 1.686041e+01 -4.161229e-03 9.999253e-01 -1.148950e-02 -9.011915e-01 -1.854848e-02 1.141044e-02 9.997628e-01 4.627005e+01
9.987253e-01 -1.228780e-02 -4.895771e-02 1.729860e+01 1.335830e-02 9.996775e-01 2.159901e-02 -8.838938e-01 4.867652e-02 -2.222547e-02 9.985673e-01 4.514156e+01
9.999561e-01 -7.403080e-04 9.336838e-03 1.779123e+01 7.732233e-04 9.999935e-01 -3.522216e-03 -8.525903e-01 -9.334170e-03 3.529280e-03 9.999502e-01 4.344937e+01
9.991716e-01 -1.097363e-02 -3.918690e-02 1.817337e+01 1.168402e-02 9.997707e-01 1.794550e-02 -8.194782e-01 3.898098e-02 -1.838849e-02 9.990707e-01 4.196440e+01
9.999033e-01 4.122178e-03 1.328477e-02 1.862760e+01 -3.993104e-03 9.999447e-01 -9.727899e-03 -8.118706e-01 -1.332413e-02 9.673909e-03 9.998644e-01 4.103731e+01
9.993579e-01 -8.820990e-03 -3.472660e-02 1.909124e+01 9.383656e-03 9.998268e-01 1.607325e-02 -8.122065e-01 3.457880e-02 -1.638879e-02 9.992676e-01 4.038350e+01
9.999819e-01 -1.218982e-03 5.886856e-03 1.955379e+01 1.245805e-03 9.999889e-01 -4.554978e-03 -7.939737e-01 -5.881238e-03 4.562229e-03 9.999723e-01 3.909004e+01
9.992311e-01 -1.057692e-02 -3.775437e-02 2.005871e+01 1.130992e-02 9.997506e-01 1.925427e-02 -7.728308e-01 3.754131e-02 -1.966646e-02 9.991015e-01 3.761163e+01
9.999693e-01 5.952292e-04 7.808558e-03 2.051166e+01 -5.443413e-04 9.999786e-01 -6.517472e-03 -7.558102e-01 -7.812271e-03 6.513021e-03 9.999483e-01 3.634331e+01
9.991275e-01 -9.217058e-03 -4.073514e-02 2.136189e+01 9.926061e-03 9.998022e-01 1.723736e-02 -7.577587e-01 4.056820e-02 -1.762666e-02 9.990213e-01 3.512998e+01
9.999906e-01 8.769729e-04 4.249222e-03 2.209908e+01 -8.532154e-04 9.999840e-01 -5.589660e-03 -7.557666e-01 -4.254056e-03 5.585982e-03 9.999753e-01 3.392966e+01
9.997618e-01 -6.106253e-03 -2.095448e-02 2.229336e+01 6.358872e-03 9.999077e-01 1.201020e-02 -7.462935e-01 2.087921e-02 -1.214059e-02 9.997083e-01 3.328926e+01
9.999959e-01 5.019875e-04 2.803602e-03 2.248963e+01 -4.888407e-04 9.999889e-01 -4.688053e-03 -7.374433e-01 -2.805924e-03 4.686663e-03 9.999851e-01 3.260191e+01
9.998102e-01 -5.862415e-03 -1.858060e-02 2.265959e+01 6.080521e-03 9.999130e-01 1.170367e-02 -7.290111e-01 1.851037e-02 -1.181443e-02 9.997589e-01 3.197441e+01
9.999995e-01 -2.565134e-04 9.737063e-04 2.286090e+01 2.604987e-04 9.999916e-01 -4.095252e-03 -7.186605e-01 -9.726480e-04 4.095503e-03 9.999911e-01 3.124173e+01
9.997799e-01 -5.599004e-03 -2.021883e-02 2.307394e+01 5.842647e-03 9.999108e-01 1.201139e-02 -7.089906e-01 2.014978e-02 -1.212688e-02 9.997234e-01 3.053648e+01
9.999997e-01 -7.162920e-04 9.346442e-05 2.331341e+01 7.166906e-04 9.999903e-01 -4.338076e-03 -6.974718e-01 -9.035653e-05 4.338141e-03 9.999906e-01 2.974891e+01
9.997963e-01 -5.248314e-03 -1.949055e-02 2.353910e+01 5.479463e-03 9.999151e-01 1.182513e-02 -6.875072e-01 1.942683e-02 -1.192952e-02 9.997401e-01 2.901962e+01
9.999996e-01 1.413102e-04 -8.624907e-04 2.375736e+01 -1.453971e-04 9.999888e-01 -4.740080e-03 -6.803339e-01 8.618108e-04 4.740203e-03 9.999884e-01 2.836632e+01
9.998451e-01 -4.856238e-03 -1.691784e-02 2.395034e+01 5.042748e-03 9.999268e-01 1.099926e-02 -6.744254e-01 1.686319e-02 -1.108286e-02 9.997964e-01 2.778458e+01
9.999990e-01 4.483050e-04 1.369306e-03 2.411771e+01 -4.410313e-04 9.999858e-01 -5.307784e-03 -6.689049e-01 -1.371666e-03 5.307174e-03 9.999850e-01 2.724259e+01
9.998138e-01 -5.624932e-03 -1.846006e-02 2.434618e+01 5.838728e-03 9.999163e-01 1.154813e-02 -6.640111e-01 1.839355e-02 -1.165376e-02 9.997629e-01 2.659366e+01
9.999987e-01 3.881633e-04 -1.542112e-03 2.456388e+01 -3.945573e-04 9.999913e-01 -4.147982e-03 -6.581548e-01 1.540488e-03 4.148584e-03 9.999902e-01 2.594360e+01
9.998884e-01 -5.007560e-03 -1.407758e-02 2.472051e+01 5.149731e-03 9.999359e-01 1.008100e-02 -6.527467e-01 1.402620e-02 -1.015237e-02 9.998501e-01 2.539742e+01
9.999985e-01 8.423493e-04 -1.544854e-03 2.487671e+01 -8.494053e-04 9.999892e-01 -4.572347e-03 -6.491646e-01 1.540985e-03 4.573652e-03 9.999884e-01 2.488822e+01
9.998827e-01 -4.867180e-03 -1.452554e-02 2.505915e+01 5.010488e-03 9.999390e-01 9.845889e-03 -6.466084e-01 1.447673e-02 -9.917513e-03 9.998460e-01 2.439082e+01
9.999987e-01 1.484068e-03 -6.277341e-04 2.522116e+01 -1.487536e-03 9.999834e-01 -5.560663e-03 -6.447743e-01 6.194710e-04 5.561589e-03 9.999843e-01 2.395304e+01
9.998996e-01 -3.600358e-03 -1.370757e-02 2.533789e+01 3.722280e-03 9.999536e-01 8.879378e-03 -6.460256e-01 1.367497e-02 -8.929510e-03 9.998666e-01 2.366736e+01
9.999952e-01 2.762554e-03 1.414517e-03 2.538269e+01 -2.753970e-03 9.999780e-01 -6.035051e-03 -6.474498e-01 -1.431158e-03 6.031126e-03 9.999808e-01 2.356234e+01
9.999496e-01 -2.206071e-03 -9.790739e-03 2.538022e+01 2.276139e-03 9.999718e-01 7.151166e-03 -6.521965e-01 9.774687e-03 -7.173090e-03 9.999265e-01 2.373285e+01
9.999786e-01 3.912570e-03 5.238037e-03 2.532649e+01 -3.877014e-03 9.999695e-01 -6.781234e-03 -6.581319e-01 -5.264409e-03 6.760780e-03 9.999633e-01 2.409746e+01
9.998895e-01 -3.812483e-03 -1.436660e-02 2.532466e+01 3.935669e-03 9.999557e-01 8.555926e-03 -6.611194e-01 1.433334e-02 -8.611523e-03 9.998602e-01 2.414426e+01
9.999408e-01 4.965646e-03 9.681579e-03 2.529052e+01 -4.892731e-03 9.999596e-01 -7.540584e-03 -6.677452e-01 -9.718632e-03 7.492768e-03 9.999247e-01 2.446049e+01
9.999188e-01 -2.507554e-03 -1.249155e-02 2.524221e+01 2.591114e-03 9.999743e-01 6.677580e-03 -6.780418e-01 1.247449e-02 -6.709405e-03 9.998997e-01 2.509367e+01
9.999443e-01 4.614740e-03 9.494424e-03 2.522254e+01 -4.543902e-03 9.999618e-01 -7.469145e-03 -6.902565e-01 -9.528529e-03 7.425587e-03 9.999270e-01 2.566174e+01
9.998816e-01 -2.783867e-03 -1.513296e-02 2.521649e+01 2.892803e-03 9.999700e-01 7.181428e-03 -6.996443e-01 1.511252e-02 -7.224354e-03 9.998597e-01 2.601460e+01
9.999993e-01 5.819943e-04 1.019229e-03 2.529010e+01 -5.787436e-04 9.999948e-01 -3.186927e-03 -6.965756e-01 -1.021079e-03 3.186335e-03 9.999944e-01 2.572243e+01
9.999018e-01 -2.708549e-03 -1.374883e-02 2.540147e+01 2.797859e-03 9.999751e-01 6.480781e-03 -6.954677e-01 1.373094e-02 -6.518611e-03 9.998845e-01 2.544986e+01
9.999954e-01 -4.706152e-04 -2.985397e-03 2.554907e+01 4.668646e-04 9.999991e-01 -1.256789e-03 -6.933672e-01 2.985985e-03 1.255389e-03 9.999948e-01 2.506676e+01
9.999010e-01 -3.081581e-03 -1.372705e-02 2.576541e+01 3.163154e-03 9.999774e-01 5.924790e-03 -6.893132e-01 1.370848e-02 -5.967624e-03 9.998882e-01 2.459212e+01
9.999969e-01 -2.264691e-04 -2.477453e-03 2.595951e+01 2.226310e-04 9.999988e-01 -1.549320e-03 -6.903320e-01 2.477801e-03 1.548763e-03 9.999957e-01 2.417252e+01
9.999125e-01 -2.615264e-03 -1.296670e-02 2.613475e+01 2.695759e-03 9.999772e-01 6.194211e-03 -6.877509e-01 1.295021e-02 -6.228623e-03 9.998967e-01 2.379613e+01
9.999764e-01 -1.539990e-03 -6.697478e-03 2.635900e+01 1.532596e-03 9.999982e-01 -1.108981e-03 -6.841889e-01 6.699174e-03 1.098690e-03 9.999770e-01 2.325959e+01
9.999060e-01 -3.170276e-03 -1.334008e-02 2.657489e+01 3.275110e-03 9.999639e-01 7.844132e-03 -6.768473e-01 1.331473e-02 -7.887084e-03 9.998802e-01 2.264686e+01
9.999541e-01 -2.505147e-03 -9.250429e-03 2.680714e+01 2.509548e-03 9.999967e-01 4.642315e-04 -6.654383e-01 9.249235e-03 -4.874250e-04 9.999571e-01 2.191340e+01
9.999278e-01 -3.891464e-03 -1.136871e-02 2.702956e+01 3.984551e-03 9.999586e-01 8.176765e-03 -6.534955e-01 1.133642e-02 -8.221473e-03 9.999019e-01 2.114138e+01
9.999913e-01 -9.280346e-04 -4.070088e-03 2.720815e+01 9.208548e-04 9.999980e-01 -1.765514e-03 -6.455688e-01 4.071718e-03 1.761750e-03 9.999902e-01 2.057036e+01
9.999258e-01 -3.941784e-03 -1.152917e-02 2.741368e+01 4.029611e-03 9.999630e-01 7.604494e-03 -6.410409e-01 1.149877e-02 -7.650387e-03 9.999046e-01 1.999014e+01
9.999971e-01 9.982723e-04 -2.205398e-03 2.752042e+01 -1.004954e-03 9.999949e-01 -3.030365e-03 -6.364574e-01 2.202362e-03 3.032572e-03 9.999930e-01 1.962798e+01
9.999397e-01 -2.865206e-03 -1.060016e-02 2.761705e+01 2.927670e-03 9.999784e-01 5.881873e-03 -6.354536e-01 1.058308e-02 -5.912552e-03 9.999265e-01 1.938701e+01
9.999967e-01 2.438329e-03 7.983636e-04 2.765575e+01 -2.434719e-03 9.999869e-01 -4.492401e-03 -6.399721e-01 -8.093074e-04 4.490442e-03 9.999896e-01 1.937588e+01
9.998716e-01 -5.362637e-03 -1.510014e-02 2.775509e+01 5.502849e-03 9.999420e-01 9.259333e-03 -6.349097e-01 1.504961e-02 -9.341237e-03 9.998431e-01 1.901527e+01
9.999982e-01 -1.033256e-03 -1.581637e-03 2.794845e+01 1.030715e-03 9.999982e-01 -1.605873e-03 -6.220010e-01 1.583293e-03 1.604239e-03 9.999975e-01 1.826036e+01
9.999143e-01 -3.283531e-03 -1.267333e-02 2.805075e+01 3.383082e-03 9.999635e-01 7.841752e-03 -6.133585e-01 1.264712e-02 -7.883955e-03 9.998889e-01 1.775832e+01
9.999872e-01 1.594405e-03 -4.801659e-03 2.822639e+01 -1.611726e-03 9.999922e-01 -3.605670e-03 -6.147571e-01 4.795872e-03 3.613362e-03 9.999820e-01 1.761787e+01
9.999884e-01 -2.013088e-03 -4.383585e-03 2.828143e+01 2.035216e-03 9.999852e-01 5.049320e-03 -6.227601e-01 4.373356e-03 -5.058183e-03 9.999776e-01 1.772786e+01
9.999892e-01 4.371145e-03 1.589959e-03 2.825231e+01 -4.360209e-03 9.999673e-01 -6.817988e-03 -6.368101e-01 -1.619710e-03 6.810982e-03 9.999755e-01 1.841185e+01
9.999691e-01 -3.841103e-03 -6.862441e-03 2.823916e+01 3.892788e-03 9.999640e-01 7.534149e-03 -6.445011e-01 6.833255e-03 -7.560630e-03 9.999481e-01 1.874407e+01
9.999837e-01 2.669068e-03 -5.048401e-03 2.828481e+01 -2.694676e-03 9.999835e-01 -5.072523e-03 -6.448381e-01 5.034778e-03 5.086044e-03 9.999744e-01 1.864478e+01
9.999710e-01 -3.084526e-03 -6.962663e-03 2.837126e+01 3.126716e-03 9.999768e-01 6.056705e-03 -6.529243e-01 6.943819e-03 -6.078299e-03 9.999574e-01 1.875782e+01
9.999919e-01 4.026457e-03 -4.961971e-05 2.843586e+01 -4.026684e-03 9.999736e-01 -6.040743e-03 -6.688003e-01 2.529544e-05 6.040894e-03 9.999818e-01 1.918886e+01
9.999922e-01 -2.048978e-03 -3.376613e-03 2.842871e+01 2.064353e-03 9.999875e-01 4.556134e-03 -6.846007e-01 3.367236e-03 -4.563069e-03 9.999839e-01 1.985794e+01
9.999925e-01 3.809770e-03 -6.389529e-04 2.842788e+01 -3.813262e-03 9.999773e-01 -5.555310e-03 -6.977478e-01 6.177737e-04 5.557705e-03 9.999844e-01 2.036160e+01
9.999945e-01 -1.957522e-03 -2.679917e-03 2.839861e+01 1.969296e-03 9.999884e-01 4.397649e-03 -7.081153e-01 2.671277e-03 -4.402902e-03 9.999867e-01 2.082306e+01
9.998752e-01 -1.513991e-03 -1.572498e-02 2.856957e+01 1.525702e-03 9.999986e-01 7.327527e-04 -7.021505e-01 1.572385e-02 -7.566533e-04 9.998761e-01 2.038732e+01
9.999844e-01 -3.175398e-03 -4.596650e-03 2.868983e+01 3.205999e-03 9.999726e-01 6.665101e-03 -6.890261e-01 4.575360e-03 -6.679734e-03 9.999672e-01 1.989671e+01
9.999598e-01 2.343849e-03 -8.657225e-03 2.877323e+01 -2.384785e-03 9.999860e-01 -4.721242e-03 -6.922163e-01 8.646038e-03 4.741698e-03 9.999514e-01 1.995781e+01
9.999952e-01 -1.954121e-03 2.389253e-03 2.882911e+01 1.942294e-03 9.999859e-01 4.942737e-03 -7.066326e-01 -2.398877e-03 -4.938072e-03 9.999849e-01 2.037209e+01
9.999343e-01 1.718100e-03 -1.133643e-02 2.888809e+01 -1.761290e-03 9.999912e-01 -3.800915e-03 -7.158169e-01 1.132980e-02 3.820631e-03 9.999285e-01 2.052166e+01
9.999763e-01 -1.625312e-04 6.884821e-03 2.884922e+01 1.356435e-04 9.999924e-01 3.905682e-03 -7.237223e-01 -6.885403e-03 -3.904655e-03 9.999687e-01 2.090137e+01
9.999555e-01 1.240295e-03 -9.347658e-03 2.882734e+01 -1.272776e-03 9.999932e-01 -3.469601e-03 -7.340233e-01 9.343291e-03 3.481344e-03 9.999503e-01 2.136515e+01
9.999982e-01 -1.322683e-03 1.329464e-03 2.890169e+01 1.318025e-03 9.999930e-01 3.498273e-03 -7.476718e-01 -1.334082e-03 -3.496515e-03 9.999930e-01 2.163653e+01
9.999658e-01 1.854592e-03 -8.058808e-03 2.899938e+01 -1.890307e-03 9.999884e-01 -4.426466e-03 -7.651503e-01 8.050505e-03 4.441548e-03 9.999577e-01 2.209506e+01
9.999989e-01 -1.115128e-03 1.019262e-03 2.911083e+01 1.110927e-03 9.999909e-01 4.113524e-03 -7.841102e-01 -1.023840e-03 -4.112387e-03 9.999910e-01 2.265245e+01
9.999730e-01 1.931088e-03 -7.083965e-03 2.923535e+01 -1.964169e-03 9.999872e-01 -4.665902e-03 -8.052814e-01 7.074864e-03 4.679690e-03 9.999640e-01 2.321807e+01
9.999705e-01 1.019349e-03 7.607438e-03 2.925553e+01 -1.033878e-03 9.999976e-01 1.906179e-03 -8.276827e-01 -7.605477e-03 -1.913988e-03 9.999692e-01 2.463309e+01
9.999942e-01 8.424816e-04 -3.314799e-03 2.936626e+01 -8.588405e-04 9.999874e-01 -4.936718e-03 -8.599376e-01 3.310598e-03 4.939536e-03 9.999823e-01 2.648189e+01
9.999870e-01 -1.055609e-03 4.991673e-03 2.953093e+01 1.039326e-03 9.999941e-01 3.263580e-03 -8.898377e-01 -4.995089e-03 -3.258349e-03 9.999822e-01 2.757597e+01
9.999752e-01 1.687721e-03 -6.840774e-03 2.960060e+01 -1.719449e-03 9.999878e-01 -4.634796e-03 -9.117455e-01 6.832868e-03 4.646443e-03 9.999659e-01 2.835442e+01
9.999886e-01 5.514454e-04 4.743055e-03 2.964544e+01 -5.646308e-04 9.999960e-01 2.779108e-03 -9.341809e-01 -4.741503e-03 -2.781754e-03 9.999849e-01 2.933214e+01
9.999966e-01 2.178029e-03 -1.461879e-03 2.959804e+01 -2.185253e-03 9.999853e-01 -4.958182e-03 -9.542845e-01 1.451058e-03 4.961359e-03 9.999866e-01 3.051167e+01
9.999990e-01 -1.398317e-03 1.802825e-04 2.965032e+01 1.397709e-03 9.999935e-01 3.331884e-03 -9.757325e-01 -1.849402e-04 -3.331628e-03 9.999944e-01 3.131366e+01
9.999929e-01 2.397400e-03 -2.913837e-03 2.970075e+01 -2.410261e-03 9.999873e-01 -4.418171e-03 -9.961993e-01 2.903208e-03 4.425162e-03 9.999860e-01 3.205118e+01
9.999932e-01 -1.762883e-03 -3.240302e-03 2.976647e+01 1.774419e-03 9.999921e-01 3.560672e-03 -1.011004e+00 3.234000e-03 -3.566397e-03 9.999884e-01 3.242408e+01
9.999728e-01 5.846640e-04 -7.346237e-03 2.995969e+01 -5.990255e-04 9.999979e-01 -1.952861e-03 -1.019045e+00 7.345080e-03 1.957208e-03 9.999711e-01 3.235150e+01
9.999475e-01 -4.689841e-03 -9.115559e-03 3.028189e+01 4.753184e-03 9.999646e-01 6.939638e-03 -1.020795e+00 9.082691e-03 -6.982601e-03 9.999344e-01 3.183296e+01
9.999627e-01 -1.970129e-03 -8.407086e-03 3.055735e+01 1.977022e-03 9.999977e-01 8.117058e-04 -1.011713e+00 8.405467e-03 -8.282969e-04 9.999643e-01 3.104519e+01
9.999234e-01 -5.891319e-03 -1.088619e-02 3.082633e+01 5.985792e-03 9.999445e-01 8.666184e-03 -9.981678e-01 1.083453e-02 -8.730682e-03 9.999032e-01 3.012885e+01
9.997846e-01 -5.372046e-03 -2.004803e-02 3.136700e+01 5.454231e-03 9.999769e-01 4.046961e-03 -9.823268e-01 2.002582e-02 -4.155436e-03 9.997908e-01 2.867002e+01
9.999358e-01 -2.636227e-03 -1.101654e-02 3.195257e+01 2.714165e-03 9.999714e-01 7.065715e-03 -9.760104e-01 1.099760e-02 -7.095162e-03 9.999144e-01 2.763310e+01
9.999044e-01 -2.419971e-03 -1.361265e-02 3.234318e+01 2.418962e-03 9.999971e-01 -9.054207e-05 -9.757461e-01 1.361283e-02 5.760460e-05 9.999073e-01 2.694111e+01
9.997403e-01 -9.336700e-03 -2.078730e-02 3.332693e+01 9.611461e-03 9.998672e-01 1.315730e-02 -9.762663e-01 2.066170e-02 -1.335368e-02 9.996973e-01 2.536132e+01
9.997686e-01 -1.655052e-03 -2.144736e-02 3.454694e+01 1.653398e-03 9.999986e-01 -9.482188e-05 -9.867050e-01 2.144748e-02 5.933860e-05 9.997700e-01 2.381776e+01
9.997955e-01 -8.324659e-03 -1.843041e-02 3.587224e+01 8.542814e-03 9.998940e-01 1.178974e-02 -1.000843e+00 1.833032e-02 -1.194478e-02 9.997606e-01 2.238142e+01
9.996906e-01 -8.675528e-04 -2.485701e-02 3.704198e+01 8.499530e-04 9.999994e-01 -7.185895e-04 -1.010695e+00 2.485762e-02 6.972396e-04 9.996908e-01 2.098063e+01
9.999906e-01 -4.117186e-03 1.364751e-03 3.767065e+01 4.108039e-03 9.999695e-01 6.638792e-03 -1.021717e+00 -1.392043e-03 -6.633123e-03 9.999770e-01 2.051823e+01
9.999294e-01 4.398191e-03 -1.103568e-02 3.781367e+01 -4.462043e-03 9.999734e-01 -5.768018e-03 -1.038163e+00 1.101002e-02 5.816852e-03 9.999225e-01 2.090029e+01
9.999760e-01 -3.632169e-03 5.905584e-03 3.787498e+01 3.599604e-03 9.999783e-01 5.515585e-03 -1.054554e+00 -5.925489e-03 -5.494194e-03 9.999674e-01 2.140105e+01
9.999386e-01 4.275915e-03 -1.022712e-02 3.792051e+01 -4.336033e-03 9.999734e-01 -5.863282e-03 -1.070275e+00 1.020177e-02 5.907267e-03 9.999305e-01 2.183958e+01
9.999744e-01 -3.090700e-03 6.456269e-03 3.792220e+01 3.058314e-03 9.999827e-01 5.020175e-03 -1.083984e+00 -6.471673e-03 -5.000301e-03 9.999666e-01 2.234926e+01
9.999337e-01 4.475881e-03 -1.060829e-02 3.792795e+01 -4.540976e-03 9.999710e-01 -6.120058e-03 -1.097841e+00 1.058059e-02 6.167824e-03 9.999250e-01 2.285614e+01
9.999703e-01 -4.056302e-03 6.556712e-03 3.797406e+01 4.020874e-03 9.999773e-01 5.407534e-03 -1.114252e+00 -6.578498e-03 -5.381009e-03 9.999639e-01 2.333549e+01
9.999322e-01 6.033480e-03 -9.956629e-03 3.795600e+01 -6.099570e-03 9.999595e-01 -6.620777e-03 -1.128764e+00 9.916279e-03 6.681059e-03 9.999285e-01 2.401188e+01
9.999634e-01 -2.424085e-03 8.207670e-03 3.787138e+01 2.387938e-03 9.999874e-01 4.411021e-03 -1.139472e+00 -8.218259e-03 -4.391260e-03 9.999566e-01 2.477671e+01
9.999443e-01 6.704612e-03 -8.150315e-03 3.774059e+01 -6.754719e-03 9.999584e-01 -6.136038e-03 -1.149479e+00 8.108836e-03 6.190750e-03 9.999480e-01 2.585277e+01
9.999303e-01 -1.629316e-03 1.169101e-02 3.757782e+01 1.588312e-03 9.999926e-01 3.515714e-03 -1.160628e+00 -1.169665e-02 -3.496900e-03 9.999255e-01 2.719649e+01
9.999652e-01 7.296637e-03 -4.052944e-03 3.729569e+01 -7.321171e-03 9.999548e-01 -6.072020e-03 -1.161049e+00 4.008456e-03 6.101480e-03 9.999734e-01 2.859765e+01
9.999596e-01 -1.551602e-03 8.853330e-03 3.698596e+01 1.508225e-03 9.999868e-01 4.904046e-03 -1.156764e+00 -8.860822e-03 -4.890495e-03 9.999488e-01 2.987002e+01
9.999661e-01 4.796844e-03 -6.693484e-03 3.687233e+01 -4.839514e-03 9.999680e-01 -6.373312e-03 -1.165100e+00 6.662697e-03 6.405489e-03 9.999573e-01 3.083283e+01
9.999876e-01 -3.956117e-03 3.034076e-03 3.691025e+01 3.938972e-03 9.999764e-01 5.636306e-03 -1.179832e+00 -3.056303e-03 -5.624285e-03 9.999795e-01 3.130863e+01
9.999134e-01 4.340732e-03 -1.242607e-02 3.693768e+01 -4.394976e-03 9.999809e-01 -4.341299e-03 -1.184940e+00 1.240699e-02 4.395535e-03 9.999134e-01 3.141761e+01
9.999358e-01 -3.394528e-03 1.081146e-02 3.698802e+01 3.341228e-03 9.999822e-01 4.944203e-03 -1.200891e+00 -1.082805e-02 -4.907761e-03 9.999293e-01 3.202836e+01
9.999126e-01 6.019554e-03 -1.176910e-02 3.697463e+01 -6.099925e-03 9.999582e-01 -6.805050e-03 -1.218358e+00 1.172764e-02 6.876245e-03 9.999076e-01 3.288662e+01
9.999660e-01 -4.461383e-03 6.937171e-03 3.702435e+01 4.419065e-03 9.999716e-01 6.103632e-03 -1.237034e+00 -6.964205e-03 -6.072768e-03 9.999573e-01 3.360033e+01
9.999365e-01 5.527555e-03 -9.818596e-03 3.711882e+01 -5.599655e-03 9.999574e-01 -7.330965e-03 -1.260011e+00 9.777656e-03 7.385480e-03 9.999249e-01 3.440030e+01
9.999747e-01 -4.073466e-03 5.825218e-03 3.718347e+01 4.037432e-03 9.999727e-01 6.184292e-03 -1.279895e+00 -5.850250e-03 -6.160617e-03 9.999639e-01 3.514439e+01
9.999262e-01 9.234297e-03 7.899123e-03 3.670692e+01 -9.188447e-03 9.999408e-01 -5.821283e-03 -1.262133e+00 -7.952411e-03 5.748272e-03 9.999519e-01 3.650854e+01
9.999823e-01 -4.361123e-03 4.038735e-03 3.603537e+01 4.302093e-03 9.998855e-01 1.451119e-02 -1.215953e+00 -4.101558e-03 -1.449356e-02 9.998866e-01 3.761532e+01
9.996212e-01 -1.420770e-03 -2.748675e-02 3.636053e+01 1.241566e-03 9.999779e-01 -6.535610e-03 -1.205487e+00 2.749543e-02 6.499007e-03 9.996008e-01 3.689402e+01
9.999805e-01 -6.213435e-03 -6.900068e-04 3.675796e+01 6.223565e-03 9.998558e-01 1.580299e-02 -1.191104e+00 5.917164e-04 -1.580697e-02 9.998749e-01 3.595881e+01
9.999253e-01 5.281349e-03 -1.102516e-02 3.691583e+01 -5.427227e-03 9.998976e-01 -1.324363e-02 -1.198612e+00 1.095408e-02 1.330247e-02 9.998515e-01 3.605212e+01
9.999567e-01 -8.384872e-03 -4.025165e-03 3.707906e+01 8.459397e-03 9.997862e-01 1.886909e-02 -1.202722e+00 3.866089e-03 -1.890232e-02 9.998139e-01 3.587270e+01
9.998472e-01 6.588552e-04 -1.746763e-02 3.741195e+01 -8.174160e-04 9.999585e-01 -9.071803e-03 -1.187657e+00 1.746093e-02 9.084695e-03 9.998063e-01 3.492434e+01
9.999906e-01 -4.245549e-03 8.707334e-04 3.761914e+01 4.233584e-03 9.999024e-01 1.331084e-02 -1.185700e+00 -9.271604e-04 -1.330703e-02 9.999110e-01 3.449898e+01
9.998871e-01 1.835883e-03 -1.491488e-02 3.776981e+01 -1.993072e-03 9.999426e-01 -1.053105e-02 -1.187299e+00 1.489469e-02 1.055958e-02 9.998333e-01 3.420619e+01
9.999924e-01 -3.388432e-03 1.930320e-03 3.788003e+01 3.363329e-03 9.999116e-01 1.286306e-02 -1.191118e+00 -1.973735e-03 -1.285647e-02 9.999154e-01 3.407544e+01
9.999430e-01 4.633929e-03 -9.621813e-03 3.791223e+01 -4.756091e-03 9.999079e-01 -1.271256e-02 -1.201743e+00 9.562018e-03 1.275759e-02 9.998729e-01 3.441212e+01
9.999844e-01 -3.165173e-03 4.612617e-03 3.788706e+01 3.108474e-03 9.999202e-01 1.224811e-02 -1.209558e+00 -4.651016e-03 -1.223358e-02 9.999143e-01 3.479122e+01
9.999460e-01 3.977853e-03 -9.598948e-03 3.792115e+01 -4.100558e-03 9.999097e-01 -1.279750e-02 -1.224905e+00 9.547175e-03 1.283617e-02 9.998720e-01 3.524494e+01
9.999288e-01 -8.124201e-03 -8.735703e-03 3.809708e+01 8.282032e-03 9.998003e-01 1.818559e-02 -1.219971e+00 8.586215e-03 -1.825664e-02 9.997965e-01 3.474276e+01
9.999670e-01 5.608068e-03 -5.881654e-03 3.831491e+01 -5.690957e-03 9.998834e-01 -1.417194e-02 -1.221518e+00 5.801491e-03 1.420495e-02 9.998823e-01 3.447095e+01
9.999768e-01 -6.125001e-03 -2.981450e-03 3.857655e+01 6.166709e-03 9.998803e-01 1.418692e-02 -1.244973e+00 2.894198e-03 -1.420497e-02 9.998949e-01 3.489240e+01
9.999775e-01 5.977842e-03 -3.029261e-03 3.874295e+01 -6.021722e-03 9.998740e-01 -1.468922e-02 -1.268933e+00 2.941069e-03 1.470713e-02 9.998875e-01 3.549108e+01
9.999782e-01 -6.594474e-03 -3.891413e-04 3.894174e+01 6.599550e-03 9.998668e-01 1.492969e-02 -1.297529e+00 2.906359e-04 -1.493194e-02 9.998885e-01 3.623309e+01
9.999575e-01 7.488202e-03 -5.370660e-03 3.901249e+01 -7.570542e-03 9.998515e-01 -1.547857e-02 -1.315359e+00 5.253956e-03 1.551857e-02 9.998658e-01 3.678124e+01
9.999761e-01 -6.907637e-03 4.104799e-04 3.905895e+01 6.900697e-03 9.998635e-01 1.501381e-02 -1.330595e+00 -5.141339e-04 -1.501062e-02 9.998872e-01 3.722307e+01
9.998683e-01 3.970850e-03 -1.573698e-02 3.917695e+01 -4.135448e-03 9.999369e-01 -1.044058e-02 -1.328565e+00 1.569453e-02 1.050428e-02 9.998217e-01 3.686489e+01
9.999688e-01 -7.574291e-03 2.254299e-03 3.933889e+01 7.540040e-03 9.998616e-01 1.483284e-02 -1.324009e+00 -2.366335e-03 -1.481537e-02 9.998874e-01 3.645049e+01
9.998791e-01 6.663605e-03 -1.405258e-02 3.945521e+01 -6.852789e-03 9.998860e-01 -1.345762e-02 -1.333169e+00 1.396130e-02 1.355229e-02 9.998107e-01 3.644031e+01
9.999661e-01 -6.672843e-03 4.814521e-03 3.950287e+01 6.605177e-03 9.998811e-01 1.393610e-02 -1.341947e+00 -4.906942e-03 -1.390382e-02 9.998913e-01 3.655416e+01
9.998832e-01 7.117876e-03 -1.352370e-02 3.954077e+01 -7.301627e-03 9.998810e-01 -1.358687e-02 -1.351144e+00 1.342538e-02 1.368403e-02 9.998162e-01 3.672766e+01
9.999495e-01 -6.544799e-03 7.625825e-03 3.956570e+01 6.443371e-03 9.998915e-01 1.325021e-02 -1.362869e+00 -7.711717e-03 -1.320040e-02 9.998831e-01 3.704907e+01
9.998889e-01 7.578531e-03 -1.283745e-02 3.958012e+01 -7.758528e-03 9.998715e-01 -1.402992e-02 -1.375004e+00 1.272947e-02 1.412796e-02 9.998192e-01 3.740298e+01
9.999622e-01 -8.693590e-03 -1.010005e-04 3.966549e+01 8.694051e-03 9.998177e-01 1.700097e-02 -1.379673e+00 -4.681752e-05 -1.700120e-02 9.998555e-01 3.737034e+01
9.999269e-01 9.647018e-03 -7.288468e-03 3.965485e+01 -9.762003e-03 9.998258e-01 -1.590891e-02 -1.387256e+00 7.133725e-03 1.597890e-02 9.998469e-01 3.768820e+01
9.999579e-01 -7.805639e-03 4.829485e-03 3.963521e+01 7.736025e-03 9.998683e-01 1.426911e-02 -1.401113e+00 -4.940229e-03 -1.423115e-02 9.998865e-01 3.831799e+01
9.998977e-01 8.618995e-03 -1.141093e-02 3.966251e+01 -8.787695e-03 9.998516e-01 -1.481741e-02 -1.412832e+00 1.128152e-02 1.491617e-02 9.998251e-01 3.860827e+01
9.999596e-01 -8.959657e-03 7.142568e-04 3.983401e+01 8.947632e-03 9.998420e-01 1.536032e-02 -1.427388e+00 -8.517673e-04 -1.535331e-02 9.998818e-01 3.881907e+01
9.999124e-01 8.216975e-03 -1.037849e-02 4.005216e+01 -8.370716e-03 9.998546e-01 -1.485788e-02 -1.446434e+00 1.025490e-02 1.494345e-02 9.998358e-01 3.899409e+01
9.999641e-01 -7.597161e-03 3.751662e-03 4.011585e+01 7.540431e-03 9.998604e-01 1.491076e-02 -1.460944e+00 -3.864418e-03 -1.488193e-02 9.998818e-01 3.936389e+01
9.999270e-01 8.681226e-03 -8.405254e-03 4.017191e+01 -8.809244e-03 9.998439e-01 -1.531540e-02 -1.479205e+00 8.270986e-03 1.538833e-02 9.998474e-01 3.993964e+01
9.999636e-01 -8.275530e-03 2.080777e-03 4.025740e+01 8.242466e-03 9.998470e-01 1.542617e-02 -1.496460e+00 -2.208119e-03 -1.540846e-02 9.998788e-01 4.034919e+01
9.999458e-01 9.635169e-03 -3.937289e-03 4.035235e+01 -9.696246e-03 9.998282e-01 -1.579963e-02 -1.523558e+00 3.784380e-03 1.583695e-02 9.998674e-01 4.164860e+01
