9.999917e-01 2.750478e-04 -4.058672e-03 1.090536e+00 -3.006175e-04 9.999801e-01 -6.300753e-03 3.686971e-04 4.056858e-03 6.301921e-03 9.999719e-01 -1.529279e+00
9.999986e-01 5.620441e-04 1.597047e-03 2.438793e+00 -5.604330e-04 9.999993e-01 -1.009035e-03 5.544871e-04 -1.597613e-03 1.008139e-03 9.999982e-01 -3.383036e+00
9.999873e-01 2.570181e-04 -5.031422e-03 3.621760e+00 -2.859156e-04 9.999835e-01 -5.743522e-03 4.336044e-03 5.029862e-03 5.744887e-03 9.999708e-01 -5.032290e+00
9.999999e-01 -2.703989e-04 -4.678988e-04 4.558537e+00 2.705473e-04 9.999999e-01 3.170095e-04 8.967280e-03 4.678134e-04 -3.171354e-04 9.999998e-01 -6.408680e+00
9.999912e-01 5.288939e-04 -4.150219e-03 5.493560e+00 -5.542470e-04 9.999812e-01 -6.110076e-03 1.502144e-02 4.146908e-03 6.112322e-03 9.999727e-01 -7.811052e+00
9.999998e-01 -6.621041e-04 1.923989e-04 6.017287e+00 6.616376e-04 9.999969e-01 2.414917e-03 2.024383e-02 -1.939969e-04 -2.414788e-03 9.999971e-01 -8.678155e+00
9.999673e-01 9.794287e-04 -8.024934e-03 6.491802e+00 -1.025336e-03 9.999831e-01 -5.718419e-03 2.314193e-02 8.019198e-03 5.726459e-03 9.999514e-01 -9.459513e+00
9.999947e-01 -7.647098e-04 3.180098e-03 7.317348e+00 7.683129e-04 9.999991e-01 -1.131940e-03 3.202448e-02 -3.179229e-03 1.134378e-03 9.999943e-01 -1.090357e+01
9.999769e-01 5.050638e-04 -6.774209e-03 7.958927e+00 -5.447531e-04 9.999827e-01 -5.858316e-03 4.394188e-02 6.771133e-03 5.861870e-03 9.999599e-01 -1.228880e+01
9.999981e-01 -7.605171e-04 1.794942e-03 8.737474e+00 7.638680e-04 9.999980e-01 -1.866831e-03 5.896472e-02 -1.793518e-03 1.868199e-03 9.999966e-01 -1.384913e+01
9.999887e-01 1.073104e-03 -4.625264e-03 9.879079e+00 -1.112733e-03 9.999626e-01 -8.573967e-03 7.635998e-02 4.615890e-03 8.579016e-03 9.999525e-01 -1.594348e+01
9.999927e-01 -9.665960e-04 3.692676e-03 1.100016e+01 9.750298e-04 9.999969e-01 -2.282803e-03 9.554241e-02 -3.690458e-03 2.286388e-03 9.999906e-01 -1.806050e+01
9.999854e-01 -3.794448e-04 -5.399439e-03 1.163869e+01 3.627014e-04 9.999951e-01 -3.101584e-03 1.083130e-01 5.400589e-03 3.099580e-03 9.999806e-01 -1.933842e+01
9.999986e-01 4.971766e-04 1.627524e-03 1.244048e+01 -4.913388e-04 9.999935e-01 -3.585309e-03 1.145921e-01 -1.629296e-03 3.584505e-03 9.999922e-01 -2.070122e+01
9.999893e-01 5.552584e-04 -4.600202e-03 1.399840e+01 -5.867078e-04 9.999764e-01 -6.837991e-03 1.267353e-01 4.596296e-03 6.840616e-03 9.999660e-01 -2.303399e+01
9.999728e-01 2.459309e-03 -6.953969e-03 1.547942e+01 -2.479855e-03 9.999926e-01 -2.947512e-03 1.404084e-01 6.946669e-03 2.964677e-03 9.999715e-01 -2.514965e+01
9.999570e-01 8.405313e-04 -9.236222e-03 1.707892e+01 -9.065816e-04 9.999740e-01 -7.149362e-03 1.577697e-01 9.229973e-03 7.157427e-03 9.999318e-01 -2.746167e+01
9.999934e-01 1.741862e-03 -3.197771e-03 1.861327e+01 -1.751770e-03 9.999937e-01 -3.098359e-03 1.780576e-01 3.192354e-03 3.103940e-03 9.999901e-01 -2.981361e+01
9.999694e-01 1.033040e-03 -7.749368e-03 2.027641e+01 -1.096791e-03 9.999656e-01 -8.226971e-03 1.961307e-01 7.740602e-03 8.235218e-03 9.999361e-01 -3.238336e+01
9.999968e-01 1.473946e-03 -2.041761e-03 2.164149e+01 -1.478232e-03 9.999967e-01 -2.099353e-03 2.159097e-01 2.038660e-03 2.102365e-03 9.999957e-01 -3.467398e+01
9.999450e-01 1.500745e-03 -1.038470e-02 2.314927e+01 -1.589430e-03 9.999623e-01 -8.537044e-03 2.347738e-01 1.037149e-02 8.553079e-03 9.999096e-01 -3.707257e+01
9.999981e-01 -5.571249e-04 1.882277e-03 2.424621e+01 5.563263e-04 9.999998e-01 4.247971e-04 2.524481e-01 -1.882513e-03 -4.237484e-04 9.999981e-01 -3.896424e+01
9.999076e-01 3.192009e-03 -1.321748e-02 2.537607e+01 -3.319737e-03 9.999479e-01 -9.652975e-03 2.671988e-01 1.318598e-02 9.695961e-03 9.998661e-01 -4.086697e+01
9.999991e-01 -4.686899e-04 1.279814e-03 2.674000e+01 4.689524e-04 9.999999e-01 -2.047228e-04 2.847975e-01 -1.279718e-03 2.053235e-04 9.999992e-01 -4.303682e+01
9.999242e-01 2.836465e-03 -1.198006e-02 2.805006e+01 -2.952699e-03 9.999486e-01 -9.695818e-03 3.013849e-01 1.195194e-02 9.730456e-03 9.998812e-01 -4.519598e+01
9.999994e-01 -3.545078e-04 -1.002447e-03 2.933818e+01 3.546291e-04 9.999999e-01 1.206612e-04 3.185931e-01 1.002405e-03 -1.210160e-04 9.999995e-01 -4.727188e+01
9.999155e-01 3.097309e-03 -1.262537e-02 3.081838e+01 -3.226259e-03 9.999427e-01 -1.020607e-02 3.368273e-01 1.259304e-02 1.024594e-02 9.998682e-01 -4.954458e+01
9.999975e-01 -1.094263e-03 1.975332e-03 3.233554e+01 1.095510e-03 9.999992e-01 -6.301115e-04 3.562227e-01 -1.974641e-03 6.322745e-04 9.999979e-01 -5.199582e+01
9.999684e-01 2.676283e-03 -7.481262e-03 3.385487e+01 -2.763780e-03 9.999276e-01 -1.170965e-02 3.778136e-01 7.449382e-03 1.172995e-02 9.999035e-01 -5.454362e+01
9.999922e-01 -4.445089e-04 -3.923966e-03 3.526169e+01 4.485347e-04 9.999994e-01 1.025086e-03 3.959752e-01 3.923508e-03 -1.026837e-03 9.999918e-01 -5.681901e+01
9.999502e-01 2.960623e-03 -9.532609e-03 3.675514e+01 -3.061393e-03 9.999394e-01 -1.057384e-02 4.125138e-01 9.500726e-03 1.060250e-02 9.998987e-01 -5.905130e+01
9.999953e-01 -5.593085e-04 -3.027279e-03 3.828932e+01 5.611147e-04 9.999997e-01 5.957919e-04 4.286257e-01 3.026945e-03 -5.974871e-04 9.999952e-01 -6.133693e+01
9.999794e-01 1.929470e-03 -6.126139e-03 3.953160e+01 -1.985826e-03 9.999556e-01 -9.206611e-03 4.450293e-01 6.108103e-03 9.218586e-03 9.999389e-01 -6.333079e+01
9.999630e-01 2.966737e-05 -8.598425e-03 4.103961e+01 -3.019856e-05 1.000000e+00 -6.166689e-05 4.602925e-01 8.598424e-03 6.192494e-05 9.999630e-01 -6.551695e+01
9.999747e-01 3.119338e-03 -6.398400e-03 4.256173e+01 -3.178024e-03 9.999528e-01 -9.182382e-03 4.746874e-01 6.369455e-03 9.202483e-03 9.999374e-01 -6.764563e+01
9.999634e-01 -2.820537e-04 -8.553919e-03 4.408238e+01 2.782701e-04 9.999999e-01 -4.435237e-04 4.910551e-01 8.554044e-03 4.411278e-04 9.999633e-01 -6.987305e+01
9.999881e-01 3.207203e-03 -3.683639e-03 4.572419e+01 -3.244695e-03 9.999425e-01 -1.021726e-02 5.098947e-01 3.650658e-03 1.022909e-02 9.999410e-01 -7.233629e+01
9.999872e-01 -6.703680e-04 -5.007046e-03 4.723903e+01 6.605042e-04 9.999978e-01 -1.971402e-03 5.291731e-01 5.008357e-03 1.968071e-03 9.999855e-01 -7.475275e+01
9.999577e-01 3.882759e-03 -8.341636e-03 4.898751e+01 -3.966909e-03 9.999412e-01 -1.009518e-02 5.514250e-01 8.301948e-03 1.012784e-02 9.999142e-01 -7.741784e+01
9.999989e-01 -1.350425e-03 -5.516916e-04 5.107615e+01 1.348363e-03 9.999922e-01 -3.720382e-03 5.758166e-01 5.567116e-04 3.719635e-03 9.999929e-01 -8.058964e+01
9.999593e-01 4.239353e-03 -7.963796e-03 5.329863e+01 -4.322560e-03 9.999359e-01 -1.046010e-02 5.970260e-01 7.918942e-03 1.049410e-02 9.999136e-01 -8.382519e+01
9.999933e-01 -8.141517e-04 -3.577465e-03 5.541772e+01 8.023572e-04 9.999942e-01 -3.297168e-03 6.182839e-01 3.580129e-03 3.294276e-03 9.999882e-01 -8.689283e+01
9.999675e-01 3.547162e-03 -7.243669e-03 5.739468e+01 -3.616653e-03 9.999474e-01 -9.602910e-03 6.393111e-01 7.209224e-03 9.628795e-03 9.999277e-01 -8.980611e+01
9.999838e-01 -1.645637e-03 5.447179e-03 5.942274e+01 1.666918e-03 9.999910e-01 -3.904462e-03 6.592045e-01 -5.440704e-03 3.913480e-03 9.999775e-01 -9.290926e+01
9.999664e-01 9.831682e-04 -8.134059e-03 6.065199e+01 -1.021595e-03 9.999883e-01 -4.721407e-03 6.717454e-01 8.129321e-03 4.729558e-03 9.999558e-01 -9.499854e+01
9.999859e-01 -1.220625e-03 5.172880e-03 6.169144e+01 1.237040e-03 9.999942e-01 -3.171181e-03 6.787976e-01 -5.168979e-03 3.177536e-03 9.999816e-01 -9.669256e+01
9.999172e-01 4.038061e-03 -1.222152e-02 6.289482e+01 -4.125205e-03 9.999662e-01 -7.113562e-03 6.913397e-01 1.219238e-02 7.163389e-03 9.999000e-01 -9.859695e+01
9.999673e-01 -3.625939e-03 7.230296e-03 6.372773e+01 3.623602e-03 9.999934e-01 3.362610e-04 7.008622e-01 -7.231468e-03 -3.100497e-04 9.999738e-01 -1.000179e+02
9.998539e-01 4.032511e-03 -1.661130e-02 6.385321e+01 -4.062060e-03 9.999902e-01 -1.745491e-03 7.022122e-01 1.660410e-02 1.812712e-03 9.998605e-01 -1.003502e+02
9.999471e-01 -3.477399e-03 9.681800e-03 6.447580e+01 3.511936e-03 9.999875e-01 -3.552534e-03 7.059460e-01 -9.669325e-03 3.586348e-03 9.999468e-01 -1.014238e+02
9.998239e-01 3.785609e-03 -1.838076e-02 6.524091e+01 -3.815869e-03 9.999914e-01 -1.611496e-03 7.125842e-01 1.837450e-02 1.681350e-03 9.998298e-01 -1.026000e+02
9.997934e-01 -4.763874e-03 1.975934e-02 6.571292e+01 4.817748e-03 9.999848e-01 -2.679791e-03 7.168168e-01 -1.974628e-02 2.774434e-03 9.998012e-01 -1.034937e+02
9.997273e-01 4.048837e-03 -2.299679e-02 6.585920e+01 -4.028540e-03 9.999915e-01 9.288789e-04 7.176926e-01 2.300036e-02 -8.359827e-04 9.997351e-01 -1.038777e+02
9.998098e-01 -4.451877e-03 1.898770e-02 6.597953e+01 4.491363e-03 9.999878e-01 -2.037415e-03 7.173525e-01 -1.897840e-02 2.122309e-03 9.998176e-01 -1.041693e+02
9.997482e-01 3.520398e-03 -2.216356e-02 6.608389e+01 -3.517630e-03 9.999938e-01 1.638692e-04 7.195291e-01 2.216399e-02 -8.586534e-05 9.997543e-01 -1.045570e+02
9.997947e-01 -4.660996e-03 1.972132e-02 6.619111e+01 4.707380e-03 9.999863e-01 -2.306229e-03 7.224352e-01 -1.971030e-02 2.398592e-03 9.998029e-01 -1.049958e+02
9.997512e-01 3.689707e-03 -2.199932e-02 6.629992e+01 -3.690424e-03 9.999932e-01 8.019293e-06 7.257299e-01 2.199920e-02 7.316891e-05 9.997580e-01 -1.054370e+02
9.998308e-01 -4.336758e-03 1.787737e-02 6.639920e+01 4.370803e-03 9.999887e-01 -1.865730e-03 7.283441e-01 -1.786907e-02 1.943554e-03 9.998384e-01 -1.057986e+02
9.997667e-01 3.406814e-03 -2.132702e-02 6.649491e+01 -3.409276e-03 9.999942e-01 -7.906801e-05 7.311436e-01 2.132663e-02 1.517587e-04 9.997726e-01 -1.061922e+02
9.997915e-01 -4.772126e-03 1.985483e-02 6.663754e+01 4.830279e-03 9.999842e-01 -2.881949e-03 7.365787e-01 -1.984076e-02 2.977253e-03 9.997987e-01 -1.067363e+02
9.997851e-01 3.165226e-03 -2.048905e-02 6.678686e+01 -3.173253e-03 9.999949e-01 -3.592188e-04 7.432139e-01 2.048781e-02 4.241579e-04 9.997900e-01 -1.073253e+02
9.997756e-01 -4.815129e-03 2.063035e-02 6.694794e+01 4.881395e-03 9.999831e-01 -3.162933e-03 7.500181e-01 -2.061477e-02 3.262928e-03 9.997822e-01 -1.079519e+02
9.997845e-01 3.270525e-03 -2.050000e-02 6.710178e+01 -3.271907e-03 9.999946e-01 -3.386341e-05 7.556250e-01 2.049978e-02 1.009296e-04 9.997899e-01 -1.085378e+02
9.997998e-01 -4.475383e-03 1.950277e-02 6.721775e+01 4.526827e-03 9.999864e-01 -2.594444e-03 7.596852e-01 -1.949090e-02 2.682211e-03 9.998064e-01 -1.090112e+02
9.997591e-01 3.428045e-03 -2.167741e-02 6.732184e+01 -3.418450e-03 9.999940e-01 4.797056e-04 7.624777e-01 2.167892e-02 -4.054875e-04 9.997649e-01 -1.094286e+02
9.998073e-01 -4.470457e-03 1.911255e-02 6.749570e+01 4.544180e-03 9.999824e-01 -3.815589e-03 7.683380e-01 -1.909516e-02 3.901705e-03 9.998101e-01 -1.100217e+02
9.998248e-01 3.158074e-03 -1.845012e-02 6.789117e+01 -3.185106e-03 9.999939e-01 -1.435957e-03 7.770900e-01 1.844548e-02 1.494470e-03 9.998288e-01 -1.109885e+02
9.997596e-01 -4.958984e-03 2.135727e-02 6.817375e+01 5.027203e-03 9.999824e-01 -3.141662e-03 7.854035e-01 -2.134131e-02 3.248275e-03 9.997670e-01 -1.118665e+02
9.997692e-01 3.578361e-03 -2.118577e-02 6.852501e+01 -3.620290e-03 9.999916e-01 -1.941069e-03 7.943843e-01 2.117864e-02 2.017319e-03 9.997737e-01 -1.127716e+02
9.997096e-01 -5.299966e-03 2.350769e-02 6.883799e+01 5.361785e-03 9.999823e-01 -2.567466e-03 8.026332e-01 -2.349367e-02 2.692764e-03 9.997204e-01 -1.136688e+02
9.997512e-01 3.288348e-03 -2.206225e-02 6.903385e+01 -3.326284e-03 9.999931e-01 -1.683020e-03 8.102116e-01 2.205657e-02 1.755986e-03 9.997552e-01 -1.144191e+02
9.997289e-01 -4.917203e-03 2.276005e-02 6.919933e+01 4.962582e-03 9.999858e-01 -1.937710e-03 8.166342e-01 -2.275020e-02 2.050134e-03 9.997391e-01 -1.150544e+02
9.996875e-01 3.704462e-03 -2.472179e-02 6.936346e+01 -3.720194e-03 9.999929e-01 -5.903870e-04 8.200583e-01 2.471943e-02 6.821718e-04 9.996942e-01 -1.155691e+02
9.997415e-01 -4.780377e-03 2.222670e-02 6.968943e+01 4.850825e-03 9.999834e-01 -3.116682e-03 8.241697e-01 -2.221143e-02 3.223695e-03 9.997481e-01 -1.163150e+02
9.997876e-01 3.511149e-03 -2.030933e-02 7.012458e+01 -3.538451e-03 9.999929e-01 -1.308500e-03 8.291739e-01 2.030459e-02 1.380085e-03 9.997929e-01 -1.172154e+02
9.998133e-01 -4.228696e-03 1.885463e-02 7.033870e+01 4.248171e-03 9.999905e-01 -9.929218e-04 8.309041e-01 -1.885025e-02 1.072835e-03 9.998217e-01 -1.177122e+02
9.997442e-01 3.416597e-03 -2.235550e-02 7.048920e+01 -3.435795e-03 9.999938e-01 -8.203701e-04 8.324651e-01 2.235256e-02 8.969687e-04 9.997497e-01 -1.181059e+02
9.998216e-01 -4.434703e-03 1.836136e-02 7.078401e+01 4.477515e-03 9.999874e-01 -2.291174e-03 8.352771e-01 -1.835097e-02 2.372979e-03 9.998288e-01 -1.187303e+02
9.998181e-01 3.122940e-03 -1.881765e-02 7.105540e+01 -3.148328e-03 9.999942e-01 -1.319645e-03 8.401008e-01 1.881342e-02 1.378649e-03 9.998221e-01 -1.194120e+02
9.998087e-01 -4.533901e-03 1.902472e-02 7.134672e+01 4.583600e-03 9.999862e-01 -2.569573e-03 8.453509e-01 -1.901280e-02 2.656284e-03 9.998157e-01 -1.201504e+02
9.998034e-01 3.187598e-03 -1.956973e-02 7.157480e+01 -3.202031e-03 9.999946e-01 -7.062034e-04 8.494428e-01 1.956737e-02 7.687269e-04 9.998082e-01 -1.207710e+02
9.998091e-01 -4.620665e-03 1.898584e-02 7.178641e+01 4.670162e-03 9.999858e-01 -2.563477e-03 8.541009e-01 -1.897373e-02 2.651655e-03 9.998165e-01 -1.213908e+02
9.998012e-01 3.268449e-03 -1.967002e-02 7.195602e+01 -3.276822e-03 9.999946e-01 -3.933995e-04 8.586800e-01 1.966863e-02 4.577759e-04 9.998064e-01 -1.219387e+02
9.998181e-01 -4.653826e-03 1.849539e-02 7.209629e+01 4.696628e-03 9.999864e-01 -2.271391e-03 8.626385e-01 -1.848456e-02 2.357845e-03 9.998264e-01 -1.224451e+02
9.997894e-01 3.547874e-03 -2.021065e-02 7.221694e+01 -3.548571e-03 9.999937e-01 1.406759e-06 8.654069e-01 2.021052e-02 7.031190e-05 9.997957e-01 -1.228720e+02
9.998607e-01 -4.302082e-03 1.612966e-02 7.293652e+01 4.389133e-03 9.999760e-01 -5.365373e-03 8.670442e-01 -1.610619e-02 5.435421e-03 9.998555e-01 -1.240344e+02
9.999280e-01 3.669622e-03 -1.142091e-02 7.356620e+01 -3.669208e-03 9.999933e-01 5.720017e-05 8.710399e-01 1.142105e-02 -1.529089e-05 9.999348e-01 -1.252037e+02
9.999563e-01 -4.589046e-03 8.140852e-03 7.369974e+01 4.606681e-03 9.999871e-01 -2.148827e-03 8.729363e-01 -8.130886e-03 2.186236e-03 9.999646e-01 -1.256158e+02
9.999385e-01 3.475316e-03 -1.053461e-02 7.392146e+01 -3.479873e-03 9.999939e-01 -4.142754e-04 8.745510e-01 1.053311e-02 4.509085e-04 9.999444e-01 -1.261405e+02
9.999541e-01 -4.279438e-03 8.566882e-03 7.411936e+01 4.295561e-03 9.999890e-01 -1.864416e-03 8.755919e-01 -8.558809e-03 1.901130e-03 9.999616e-01 -1.266003e+02
9.999260e-01 3.352047e-03 -1.169778e-02 7.429147e+01 -3.354041e-03 9.999944e-01 -1.508379e-04 8.766969e-01 1.169721e-02 1.900610e-04 9.999316e-01 -1.270385e+02
9.999353e-01 -4.469547e-03 1.046354e-02 7.448240e+01 4.498121e-03 9.999862e-01 -2.708771e-03 8.795661e-01 -1.045129e-02 2.755663e-03 9.999416e-01 -1.275838e+02
9.999250e-01 3.192060e-03 -1.182530e-02 7.461595e+01 -3.189583e-03 9.999949e-01 2.283881e-04 8.832197e-01 1.182597e-02 -1.906537e-04 9.999301e-01 -1.280558e+02
9.999550e-01 -3.937336e-03 8.630300e-03 7.471014e+01 3.952638e-03 9.999906e-01 -1.756713e-03 8.846053e-01 -8.623302e-03 1.790747e-03 9.999612e-01 -1.283790e+02
9.999271e-01 2.774327e-03 -1.174840e-02 7.485111e+01 -2.780108e-03 9.999960e-01 -4.757522e-04 8.870403e-01 1.174703e-02 5.083788e-04 9.999309e-01 -1.288334e+02
9.999335e-01 -4.179644e-03 1.074869e-02 7.503119e+01 4.206703e-03 9.999880e-01 -2.496038e-03 8.916476e-01 -1.073812e-02 2.541089e-03 9.999391e-01 -1.293948e+02
9.999081e-01 3.284417e-03 -1.315555e-02 7.519413e+01 -3.276205e-03 9.999944e-01 6.457872e-04 8.930546e-01 1.315760e-02 -6.026281e-04 9.999133e-01 -1.298072e+02
9.999386e-01 -4.245168e-03 1.024056e-02 7.538411e+01 4.275082e-03 9.999867e-01 -2.901017e-03 8.946409e-01 -1.022811e-02 2.944619e-03 9.999434e-01 -1.302857e+02
9.999315e-01 2.832851e-03 -1.135462e-02 7.564606e+01 -2.838767e-03 9.999958e-01 -5.049311e-04 8.990282e-01 1.135314e-02 5.371291e-04 9.999354e-01 -1.309579e+02
9.999214e-01 -4.056813e-03 1.186134e-02 7.585177e+01 4.087451e-03 9.999884e-01 -2.559840e-03 9.024560e-01 -1.185081e-02 2.608122e-03 9.999264e-01 -1.315410e+02
9.998743e-01 3.038263e-03 -1.556349e-02 7.608341e+01 -3.038185e-03 9.999954e-01 2.868304e-05 9.050094e-01 1.556351e-02 1.860481e-05 9.998789e-01 -1.320793e+02
9.998966e-01 -3.952612e-03 1.382665e-02 7.641843e+01 3.991136e-03 9.999882e-01 -2.759698e-03 9.066374e-01 -1.381558e-02 2.814597e-03 9.999006e-01 -1.327071e+02
9.998770e-01 3.206767e-03 -1.535569e-02 7.684267e+01 -3.224166e-03 9.999942e-01 -1.108424e-03 9.097006e-01 1.535204e-02 1.157796e-03 9.998815e-01 -1.335241e+02
9.998540e-01 -4.442988e-03 1.650013e-02 7.732866e+01 4.505964e-03 9.999827e-01 -3.781484e-03 9.151441e-01 -1.648304e-02 3.855281e-03 9.998567e-01 -1.345176e+02
9.998870e-01 3.213969e-03 -1.468767e-02 7.769809e+01 -3.217842e-03 9.999948e-01 -2.400391e-04 9.190937e-01 1.468683e-02 2.872741e-04 9.998921e-01 -1.353546e+02
9.998923e-01 -4.537409e-03 1.395470e-02 7.827218e+01 4.604911e-03 9.999778e-01 -4.808918e-03 9.217983e-01 -1.393257e-02 4.872661e-03 9.998911e-01 -1.364357e+02
9.999469e-01 3.776977e-03 -9.592868e-03 7.886251e+01 -3.781134e-03 9.999928e-01 -4.151622e-04 9.252768e-01 9.591230e-03 4.514115e-04 9.999539e-01 -1.375775e+02
9.999625e-01 -4.792592e-03 7.213912e-03 7.907263e+01 4.810338e-03 9.999854e-01 -2.444584e-03 9.285325e-01 -7.202091e-03 2.479194e-03 9.999710e-01 -1.381403e+02
9.999437e-01 4.453930e-03 -9.630221e-03 8.005112e+01 -4.493852e-03 9.999814e-01 -4.127855e-03 9.295744e-01 9.611656e-03 4.170899e-03 9.999451e-01 -1.396329e+02
9.999390e-01 -4.507538e-03 1.008388e-02 8.105537e+01 4.531671e-03 9.999869e-01 -2.371598e-03 9.322986e-01 -1.007306e-02 2.417151e-03 9.999463e-01 -1.411820e+02
9.999395e-01 3.599973e-03 -1.039113e-02 8.161864e+01 -3.618263e-03 9.999919e-01 -1.741837e-03 9.352580e-01 1.038478e-02 1.779329e-03 9.999445e-01 -1.421790e+02
9.999474e-01 -4.329264e-03 9.302720e-03 8.203888e+01 4.347588e-03 9.999886e-01 -1.950388e-03 9.382762e-01 -9.294170e-03 1.990730e-03 9.999548e-01 -1.429692e+02
9.999370e-01 3.513183e-03 -1.065954e-02 8.236452e+01 -3.523853e-03 9.999933e-01 -9.823734e-04 9.402793e-01 1.065602e-02 1.019874e-03 9.999427e-01 -1.436284e+02
9.999507e-01 -4.272889e-03 8.960646e-03 8.264771e+01 4.288870e-03 9.999892e-01 -1.765021e-03 9.418501e-01 -8.953008e-03 1.803366e-03 9.999583e-01 -1.442323e+02
9.999343e-01 3.514858e-03 -1.091248e-02 8.292299e+01 -3.524149e-03 9.999934e-01 -8.322943e-04 9.432777e-01 1.090948e-02 8.706963e-04 9.999401e-01 -1.448130e+02
9.999539e-01 -4.295270e-03 8.589497e-03 8.321600e+01 4.313227e-03 9.999885e-01 -2.073075e-03 9.456240e-01 -8.580494e-03 2.110029e-03 9.999610e-01 -1.454402e+02
9.999406e-01 3.662076e-03 -1.026615e-02 8.361503e+01 -3.676581e-03 9.999923e-01 -1.394374e-03 9.483850e-01 1.026097e-02 1.432035e-03 9.999463e-01 -1.461913e+02
9.999576e-01 -4.163356e-03 8.210293e-03 8.407046e+01 4.182662e-03 9.999885e-01 -2.335656e-03 9.509499e-01 -8.200474e-03 2.369898e-03 9.999636e-01 -1.470085e+02
9.999630e-01 3.403040e-03 -7.897139e-03 8.451193e+01 -3.417848e-03 9.999924e-01 -1.862337e-03 9.550937e-01 7.890742e-03 1.889259e-03 9.999671e-01 -1.478977e+02
9.999708e-01 -4.393775e-03 6.246897e-03 8.479516e+01 4.402424e-03 9.999894e-01 -1.371363e-03 9.583425e-01 -6.240805e-03 1.398825e-03 9.999795e-01 -1.485485e+02
9.999563e-01 3.666513e-03 -8.595342e-03 8.509859e+01 -3.679379e-03 9.999921e-01 -1.481502e-03 9.603159e-01 8.589843e-03 1.513062e-03 9.999620e-01 -1.491680e+02
9.999702e-01 -4.165446e-03 6.497924e-03 8.549767e+01 4.177254e-03 9.999896e-01 -1.804690e-03 9.617819e-01 -6.490339e-03 1.831780e-03 9.999773e-01 -1.498910e+02
9.999498e-01 3.440769e-03 -9.408378e-03 8.576685e+01 -3.448750e-03 9.999937e-01 -8.321545e-04 9.638551e-01 9.405456e-03 8.645594e-04 9.999554e-01 -1.504538e+02
9.999679e-01 -3.958764e-03 6.965091e-03 8.612188e+01 3.972213e-03 9.999903e-01 -1.918079e-03 9.648866e-01 -6.957430e-03 1.945685e-03 9.999739e-01 -1.510905e+02
9.999336e-01 3.560373e-03 -1.095588e-02 8.638234e+01 -3.560960e-03 9.999937e-01 -3.412547e-05 9.648058e-01 1.095569e-02 7.313618e-05 9.999400e-01 -1.515618e+02
9.999707e-01 -3.993300e-03 6.529493e-03 8.644547e+01 3.999745e-03 9.999915e-01 -9.742096e-04 9.651809e-01 -6.525547e-03 1.000298e-03 9.999782e-01 -1.517876e+02
9.998887e-01 4.053302e-03 -1.436010e-02 8.644857e+01 -4.038461e-03 9.999913e-01 1.062381e-03 9.634653e-01 1.436428e-02 -1.004271e-03 9.998963e-01 -1.518043e+02
9.999739e-01 -3.924309e-03 6.058400e-03 8.647126e+01 3.930546e-03 9.999918e-01 -1.017980e-03 9.617255e-01 -6.054355e-03 1.041766e-03 9.999811e-01 -1.518811e+02
9.998968e-01 3.736523e-03 -1.387422e-02 8.647937e+01 -3.715537e-03 9.999919e-01 1.538105e-03 9.574574e-01 1.387986e-02 -1.486396e-03 9.999026e-01 -1.517822e+02
9.999754e-01 -4.397390e-03 5.455541e-03 8.649181e+01 4.400206e-03 9.999902e-01 -5.041080e-04 9.485406e-01 -5.453271e-03 5.281016e-04 9.999850e-01 -1.514669e+02
9.998970e-01 4.174599e-03 -1.372839e-02 8.650957e+01 -4.155124e-03 9.999903e-01 1.446837e-03 9.417990e-01 1.373429e-02 -1.389646e-03 9.999047e-01 -1.512865e+02
9.999673e-01 -4.200174e-03 6.910320e-03 8.655057e+01 4.211997e-03 9.999897e-01 -1.697195e-03 9.400140e-01 -6.903120e-03 1.726246e-03 9.999747e-01 -1.514086e+02
9.999087e-01 3.895287e-03 -1.293606e-02 8.659232e+01 -3.878797e-03 9.999916e-01 1.299595e-03 9.389139e-01 1.294102e-02 -1.249301e-03 9.999155e-01 -1.515487e+02
9.999632e-01 -4.219902e-03 7.466783e-03 8.656748e+01 4.224287e-03 9.999909e-01 -5.715505e-04 9.358638e-01 -7.464303e-03 6.030718e-04 9.999720e-01 -1.513176e+02
9.998786e-01 4.031845e-03 -1.504990e-02 8.660972e+01 -4.026973e-03 9.999918e-01 3.540273e-04 9.339891e-01 1.505121e-02 -2.933792e-04 9.998867e-01 -1.514304e+02
9.999195e-01 -4.760960e-03 1.176442e-02 8.672111e+01 4.785607e-03 9.999864e-01 -2.067724e-03 9.352700e-01 -1.175442e-02 2.123858e-03 9.999287e-01 -1.517762e+02
9.998838e-01 3.923309e-03 -1.472851e-02 8.682369e+01 -3.918196e-03 9.999923e-01 3.760585e-04 9.369370e-01 1.472987e-02 -3.183061e-04 9.998915e-01 -1.521229e+02
9.999349e-01 -4.645634e-03 1.041812e-02 8.692371e+01 4.665882e-03 9.999873e-01 -1.920056e-03 9.376665e-01 -1.040906e-02 1.968541e-03 9.999439e-01 -1.524381e+02
9.998980e-01 3.850445e-03 -1.375154e-02 8.701345e+01 -3.846369e-03 9.999926e-01 3.228501e-04 9.390037e-01 1.375268e-02 -2.699242e-04 9.999054e-01 -1.527635e+02
9.999406e-01 -4.465630e-03 9.940916e-03 8.731789e+01 4.503468e-03 9.999827e-01 -3.787134e-03 9.434866e-01 -9.923832e-03 3.831678e-03 9.999434e-01 -1.534485e+02
9.999382e-01 3.333854e-03 -1.060658e-02 8.748418e+01 -3.322817e-03 9.999939e-01 1.058127e-03 9.467865e-01 1.061004e-02 -1.022818e-03 9.999432e-01 -1.539624e+02
9.999589e-01 -4.178347e-03 8.044682e-03 8.760008e+01 4.203119e-03 9.999865e-01 -3.064845e-03 9.483368e-01 -8.031767e-03 3.098533e-03 9.999629e-01 -1.543602e+02
9.999126e-01 3.733762e-03 -1.268200e-02 8.762036e+01 -3.703238e-03 9.999902e-01 2.429585e-03 9.485794e-01 1.269095e-02 -2.382408e-03 9.999166e-01 -1.545115e+02
9.999680e-01 -3.851103e-03 7.006988e-03 8.762049e+01 3.870190e-03 9.999888e-01 -2.712499e-03 9.490212e-01 -6.996463e-03 2.739531e-03 9.999718e-01 -1.545978e+02
9.999315e-01 3.080784e-03 -1.129213e-02 8.770458e+01 -3.062765e-03 9.999940e-01 1.612685e-03 9.480747e-01 1.129703e-02 -1.577990e-03 9.999349e-01 -1.548586e+02
9.999838e-01 -3.350539e-03 4.609177e-03 8.779770e+01 3.360418e-03 9.999921e-01 -2.137094e-03 9.453728e-01 -4.601980e-03 2.152548e-03 9.999871e-01 -1.550469e+02
9.999243e-01 3.317522e-03 -1.184605e-02 8.782191e+01 -3.289825e-03 9.999918e-01 2.356749e-03 9.425155e-01 1.185377e-02 -2.317600e-03 9.999271e-01 -1.550370e+02
9.999832e-01 -3.253594e-03 4.794610e-03 8.780474e+01 3.261894e-03 9.999932e-01 -1.724102e-03 9.405564e-01 -4.788968e-03 1.739713e-03 9.999870e-01 -1.549545e+02
9.998942e-01 3.684314e-03 -1.406937e-02 8.811345e+01 -3.692851e-03 9.999930e-01 -5.807791e-04 9.378472e-01 1.406713e-02 6.326733e-04 9.999009e-01 -1.554348e+02
9.999638e-01 -4.187812e-03 7.404394e-03 8.809549e+01 4.176750e-03 9.999901e-01 1.508816e-03 9.371181e-01 -7.410640e-03 -1.477834e-03 9.999714e-01 -1.552903e+02
9.999536e-01 3.507625e-03 -8.968151e-03 8.800783e+01 -3.515160e-03 9.999935e-01 -8.244964e-04 9.371484e-01 8.965200e-03 8.559822e-04 9.999594e-01 -1.549423e+02
9.999739e-01 -4.297137e-03 5.805323e-03 8.795586e+01 4.287594e-03 9.999894e-01 1.655347e-03 9.339405e-01 -5.812375e-03 -1.630413e-03 9.999818e-01 -1.545306e+02
9.999958e-01 2.532971e-03 -1.380613e-03 8.775643e+01 -2.534522e-03 9.999962e-01 -1.122870e-03 9.396438e-01 1.377763e-03 1.126364e-03 9.999984e-01 -1.538395e+02
9.999930e-01 -3.349255e-03 -1.663411e-03 8.768792e+01 3.352747e-03 9.999922e-01 2.100654e-03 9.382420e-01 1.656362e-03 -2.106216e-03 9.999964e-01 -1.534817e+02
9.999693e-01 3.337292e-03 -7.088905e-03 8.772252e+01 -3.349362e-03 9.999930e-01 -1.691431e-03 9.330842e-01 7.083210e-03 1.715122e-03 9.999734e-01 -1.533986e+02
9.999924e-01 -3.400622e-03 -1.906962e-03 8.776890e+01 3.404630e-03 9.999920e-01 2.102325e-03 9.276021e-01 1.899797e-03 -2.108801e-03 9.999960e-01 -1.533906e+02
9.999938e-01 2.883200e-03 -2.025875e-03 8.770069e+01 -2.886303e-03 9.999947e-01 -1.529979e-03 9.275553e-01 2.021453e-03 1.535817e-03 9.999968e-01 -1.531504e+02
9.999877e-01 -4.736139e-03 1.499355e-03 8.757721e+01 4.732439e-03 9.999858e-01 2.461887e-03 9.249652e-01 -1.510993e-03 -2.454760e-03 9.999958e-01 -1.524419e+02
9.999955e-01 2.756252e-03 1.184705e-03 8.739356e+01 -2.754204e-03 9.999947e-01 -1.726532e-03 9.271039e-01 -1.189458e-03 1.723260e-03 9.999978e-01 -1.516529e+02
9.999917e-01 -3.629260e-03 -1.853576e-03 8.729595e+01 3.633846e-03 9.999903e-01 2.476707e-03 9.278334e-01 1.844570e-03 -2.483422e-03 9.999952e-01 -1.512612e+02
9.999835e-01 3.471122e-03 -4.581602e-03 8.728358e+01 -3.477998e-03 9.999928e-01 -1.493554e-03 9.225101e-01 4.576385e-03 1.509464e-03 9.999884e-01 -1.510196e+02
9.999810e-01 -3.510405e-03 -5.060861e-03 8.732165e+01 3.521517e-03 9.999914e-01 2.188449e-03 9.151046e-01 5.053136e-03 -2.206229e-03 9.999848e-01 -1.508705e+02
9.999778e-01 3.519601e-03 -5.660717e-03 8.735672e+01 -3.527610e-03 9.999928e-01 -1.405524e-03 9.079354e-01 5.655729e-03 1.425461e-03 9.999830e-01 -1.506918e+02
9.999908e-01 -4.174125e-03 -9.897795e-04 8.734494e+01 4.176643e-03 9.999880e-01 2.555435e-03 9.005745e-01 9.791010e-04 -2.559545e-03 9.999962e-01 -1.502892e+02
9.999734e-01 3.722464e-03 -6.279247e-03 8.734121e+01 -3.731201e-03 9.999921e-01 -1.380226e-03 8.929022e-01 6.274059e-03 1.403618e-03 9.999793e-01 -1.499530e+02
9.999895e-01 -4.368266e-03 -1.379754e-03 8.734038e+01 4.371735e-03 9.999873e-01 2.520955e-03 8.847993e-01 1.368724e-03 -2.526960e-03 9.999959e-01 -1.495636e+02
9.999720e-01 2.963141e-03 6.869991e-03 8.715350e+01 -2.948040e-03 9.999932e-01 -2.207192e-03 8.923285e-01 -6.876484e-03 2.186876e-03 9.999740e-01 -1.489349e+02
9.999546e-01 -3.785019e-03 -8.743687e-03 8.704745e+01 3.814959e-03 9.999869e-01 3.409935e-03 8.915342e-01 8.730666e-03 -3.443136e-03 9.999560e-01 -1.484767e+02
9.999929e-01 3.704215e-03 7.371727e-04 8.706516e+01 -3.702365e-03 9.999900e-01 -2.495792e-03 8.846929e-01 -7.464104e-04 2.493045e-03 9.999966e-01 -1.482729e+02
9.999777e-01 -3.872941e-03 -5.440617e-03 8.703666e+01 3.889595e-03 9.999878e-01 3.053623e-03 8.830013e-01 5.428724e-03 -3.074716e-03 9.999805e-01 -1.480629e+02
9.999932e-01 3.500557e-03 1.158306e-03 8.698770e+01 -3.498055e-03 9.999916e-01 -2.155048e-03 8.802371e-01 -1.165840e-03 2.150982e-03 9.999970e-01 -1.477774e+02
9.999512e-01 -3.994727e-03 -9.038433e-03 8.699744e+01 4.024196e-03 9.999866e-01 3.244445e-03 8.720781e-01 9.025351e-03 -3.280658e-03 9.999539e-01 -1.474389e+02
9.999937e-01 3.516876e-03 4.587149e-04 8.702290e+01 -3.515887e-03 9.999915e-01 -2.141585e-03 8.624998e-01 -4.662428e-04 2.139958e-03 9.999976e-01 -1.470757e+02
9.999516e-01 -4.465070e-03 -8.771884e-03 8.704072e+01 4.494513e-03 9.999843e-01 3.339641e-03 8.519595e-01 8.756835e-03 -3.378904e-03 9.999559e-01 -1.465937e+02
9.999835e-01 2.996794e-03 4.904118e-03 8.697728e+01 -2.985851e-03 9.999930e-01 -2.237155e-03 8.449903e-01 -4.910788e-03 2.222475e-03 9.999855e-01 -1.459763e+02
9.999516e-01 -3.957593e-03 -9.003571e-03 8.691631e+01 3.986303e-03 9.999870e-01 3.172983e-03 8.407935e-01 8.990897e-03 -3.208720e-03 9.999544e-01 -1.455278e+02
9.999889e-01 2.892246e-03 3.714832e-03 8.687847e+01 -2.884277e-03 9.999935e-01 -2.149048e-03 8.344755e-01 -3.721023e-03 2.138310e-03 9.999908e-01 -1.450651e+02
9.999604e-01 -3.984577e-03 -7.954172e-03 8.682403e+01 4.010235e-03 9.999868e-01 3.212324e-03 8.285291e-01 7.941267e-03 -3.244094e-03 9.999632e-01 -1.445476e+02
9.999716e-01 2.768357e-03 7.005501e-03 8.671124e+01 -2.751243e-03 9.999932e-01 -2.451473e-03 8.287681e-01 -7.012241e-03 2.432129e-03 9.999725e-01 -1.440141e+02
9.999310e-01 -3.723438e-03 -1.114528e-02 8.665618e+01 3.761852e-03 9.999870e-01 3.427646e-03 8.242831e-01 1.113238e-02 -3.469335e-03 9.999320e-01 -1.435838e+02
9.999913e-01 3.819660e-03 1.661888e-03 8.669112e+01 -3.814849e-03 9.999886e-01 -2.888701e-03 8.183234e-01 -1.672903e-03 2.882336e-03 9.999944e-01 -1.434873e+02
9.999563e-01 -4.112110e-03 -8.394532e-03 8.680868e+01 4.119224e-03 9.999912e-01 8.303572e-04 8.219285e-01 8.391043e-03 -8.648995e-04 9.999644e-01 -1.438942e+02
9.999773e-01 3.192903e-03 5.928340e-03 8.721785e+01 -3.153014e-03 9.999724e-01 -6.725777e-03 8.319696e-01 -5.949651e-03 6.706932e-03 9.999598e-01 -1.448955e+02
9.999379e-01 -4.467396e-03 -1.021451e-02 8.774632e+01 4.491083e-03 9.999873e-01 2.297210e-03 8.385588e-01 1.020412e-02 -2.342941e-03 9.999452e-01 -1.459324e+02
9.999825e-01 5.036691e-03 3.096300e-03 8.841274e+01 -5.016294e-03 9.999659e-01 -6.560261e-03 8.426118e-01 -3.129236e-03 6.544614e-03 9.999737e-01 -1.469441e+02
9.999248e-01 -4.917965e-03 -1.123600e-02 8.852956e+01 4.989765e-03 9.999673e-01 6.371072e-03 8.470420e-01 1.120429e-02 -6.426658e-03 9.999166e-01 -1.472056e+02
9.999853e-01 4.954019e-03 -2.181616e-03 8.867418e+01 -4.966971e-03 9.999698e-01 -5.971777e-03 8.459440e-01 2.151966e-03 5.982525e-03 9.999798e-01 -1.473799e+02
9.999788e-01 -4.391545e-03 -4.813525e-03 8.949470e+01 4.391512e-03 9.999904e-01 -1.762621e-05 8.543296e-01 4.813556e-03 -3.512407e-06 9.999884e-01 -1.486657e+02
9.999872e-01 3.428576e-03 3.724014e-03 9.047393e+01 -3.400524e-03 9.999660e-01 -7.513314e-03 8.656061e-01 -3.749648e-03 7.500554e-03 9.999648e-01 -1.503129e+02
9.999873e-01 -4.435009e-03 -2.384184e-03 9.155685e+01 4.434027e-03 9.999901e-01 -4.174232e-04 8.724866e-01 2.386012e-03 4.068468e-04 9.999971e-01 -1.520676e+02
9.999894e-01 3.785372e-03 2.603909e-03 9.194330e+01 -3.778263e-03 9.999891e-01 -2.729769e-03 8.746480e-01 -2.614214e-03 2.719902e-03 9.999929e-01 -1.528100e+02
9.999712e-01 -4.583063e-03 -6.057629e-03 9.198031e+01 4.592073e-03 9.999884e-01 1.474175e-03 8.763275e-01 6.050802e-03 -1.501949e-03 9.999806e-01 -1.530573e+02
9.997443e-01 2.942039e-03 2.242134e-02 9.158398e+01 -2.879186e-03 9.999918e-01 -2.835079e-03 9.060557e-01 -2.242950e-02 2.769798e-03 9.997446e-01 -1.525606e+02
9.999465e-01 -6.035528e-03 -8.400035e-03 9.120707e+01 6.055061e-03 9.999790e-01 2.301732e-03 9.245483e-01 8.385967e-03 -2.352471e-03 9.999621e-01 -1.516448e+02
9.998384e-01 3.320163e-03 1.766984e-02 9.091151e+01 -3.279311e-03 9.999919e-01 -2.340474e-03 9.368192e-01 -1.767746e-02 2.282151e-03 9.998411e-01 -1.508320e+02
9.999745e-01 -7.127109e-03 4.492986e-04 9.045706e+01 7.126255e-03 9.999729e-01 1.875071e-03 9.597940e-01 -4.626502e-04 -1.871821e-03 9.999981e-01 -1.497026e+02
9.997601e-01 3.407752e-03 2.163638e-02 8.993496e+01 -3.345794e-03 9.999902e-01 -2.899150e-03 9.898835e-01 -2.164605e-02 2.826063e-03 9.997617e-01 -1.485857e+02
9.999755e-01 -6.732019e-03 -1.939667e-03 8.947057e+01 6.736088e-03 9.999751e-01 2.098594e-03 1.016187e+00 1.925491e-03 -2.111608e-03 9.999959e-01 -1.475908e+02
9.996048e-01 1.902952e-03 2.804672e-02 8.889674e+01 -1.823384e-03 9.999942e-01 -2.862309e-03 1.047280e+00 -2.805200e-02 2.810037e-03 9.996025e-01 -1.460890e+02
9.999604e-01 -6.981224e-03 5.512598e-03 8.818614e+01 6.974033e-03 9.999748e-01 1.322729e-03 1.089880e+00 -5.521693e-03 -1.284232e-03 9.999839e-01 -1.445765e+02
9.984035e-01 6.627427e-04 5.648031e-02 8.702754e+01 -3.843910e-04 9.999877e-01 -4.939024e-03 1.172851e+00 -5.648289e-02 4.909428e-03 9.983915e-01 -1.425194e+02
9.999344e-01 -8.441292e-03 7.738998e-03 8.579357e+01 8.425309e-03 9.999623e-01 2.095592e-03 1.253491e+00 -7.756395e-03 -2.030251e-03 9.999679e-01 -1.402329e+02
9.995206e-01 3.384402e-03 3.077447e-02 8.500013e+01 -3.256693e-03 9.999859e-01 -4.199020e-03 1.304495e+00 -3.078825e-02 4.096784e-03 9.995175e-01 -1.387271e+02
9.999313e-01 -8.098206e-03 8.472050e-03 8.420796e+01 8.078930e-03 9.999647e-01 2.307011e-03 1.356817e+00 -8.490434e-03 -2.238407e-03 9.999614e-01 -1.373079e+02
9.998504e-01 4.248345e-03 1.676410e-02 8.364617e+01 -4.189357e-03 9.999849e-01 -3.552276e-03 1.390625e+00 -1.677894e-02 3.481514e-03 9.998532e-01 -1.361951e+02
9.999591e-01 -6.695153e-03 -6.080588e-03 8.337391e+01 6.715535e-03 9.999719e-01 3.337680e-03 1.401775e+00 6.058071e-03 -3.378378e-03 9.999759e-01 -1.353175e+02
9.997994e-01 3.973963e-03 1.963225e-02 8.305981e+01 -3.897149e-03 9.999846e-01 -3.949412e-03 1.418181e+00 -1.964764e-02 3.872110e-03 9.997995e-01 -1.344080e+02
9.999532e-01 -7.249726e-03 6.403136e-03 8.252518e+01 7.230442e-03 9.999693e-01 3.029659e-03 1.453224e+00 -6.424904e-03 -2.983219e-03 9.999749e-01 -1.333675e+02
9.999202e-01 4.977060e-03 1.161051e-02 8.209383e+01 -4.926696e-03 9.999783e-01 -4.362395e-03 1.483413e+00 -1.163197e-02 4.304845e-03 9.999231e-01 -1.326138e+02
9.999448e-01 -7.161217e-03 7.682985e-03 8.163474e+01 7.128453e-03 9.999654e-01 4.283535e-03 1.513379e+00 -7.713395e-03 -4.228531e-03 9.999613e-01 -1.317537e+02
9.999363e-01 4.563483e-03 1.031947e-02 8.121697e+01 -4.512228e-03 9.999774e-01 -4.984724e-03 1.539212e+00 -1.034199e-02 4.937842e-03 9.999343e-01 -1.309285e+02
9.999736e-01 -7.149144e-03 -1.295155e-03 8.092658e+01 7.155613e-03 9.999616e-01 5.060932e-03 1.550574e+00 1.258924e-03 -5.070065e-03 9.999864e-01 -1.300488e+02
9.999826e-01 5.893413e-03 -6.399474e-05 8.083921e+01 -5.893642e-03 9.999724e-01 -4.513981e-03 1.548275e+00 3.738996e-05 4.514279e-03 9.999898e-01 -1.295809e+02
9.996200e-01 -1.016444e-02 2.562377e-02 8.031280e+01 1.004968e-02 9.999389e-01 4.603503e-03 1.579182e+00 -2.566900e-02 -4.344242e-03 9.996611e-01 -1.280204e+02
9.999560e-01 5.592897e-03 -7.526978e-03 7.989033e+01 -5.624346e-03 9.999755e-01 -4.163444e-03 1.593290e+00 7.503508e-03 4.205595e-03 9.999630e-01 -1.264672e+02
9.999735e-01 -6.525535e-03 3.225593e-03 7.984035e+01 6.507994e-03 9.999641e-01 5.419143e-03 1.587325e+00 -3.260840e-03 -5.398006e-03 9.999801e-01 -1.258732e+02
9.997944e-01 3.322150e-03 2.000299e-02 7.933367e+01 -3.195030e-03 9.999745e-01 -6.383709e-03 1.618342e+00 -2.002369e-02 6.318486e-03 9.997795e-01 -1.248283e+02
9.999694e-01 -6.450203e-03 4.416440e-03 7.881854e+01 6.423236e-03 9.999608e-01 6.093474e-03 1.650446e+00 -4.455571e-03 -6.064919e-03 9.999717e-01 -1.239049e+02
9.999546e-01 6.192083e-03 -7.236893e-03 7.873510e+01 -6.235166e-03 9.999629e-01 -5.945909e-03 1.654149e+00 7.199806e-03 5.990762e-03 9.999561e-01 -1.237650e+02
9.999581e-01 -7.602667e-03 5.099928e-03 7.865345e+01 7.568696e-03 9.999493e-01 6.647710e-03 1.651312e+00 -5.150209e-03 -6.608831e-03 9.999649e-01 -1.232356e+02
9.999300e-01 6.389427e-03 -9.958858e-03 7.862074e+01 -6.442259e-03 9.999653e-01 -5.281922e-03 1.642693e+00 9.924764e-03 5.345709e-03 9.999365e-01 -1.226337e+02
9.999644e-01 -7.262164e-03 4.304694e-03 7.859995e+01 7.234125e-03 9.999527e-01 6.493832e-03 1.635298e+00 -4.351650e-03 -6.462459e-03 9.999696e-01 -1.221785e+02
9.999871e-01 4.699410e-03 1.922699e-03 7.838538e+01 -4.687966e-03 9.999715e-01 -5.913856e-03 1.639637e+00 -1.950436e-03 5.904766e-03 9.999807e-01 -1.211339e+02
9.999405e-01 -7.360812e-03 8.049315e-03 7.811652e+01 7.308893e-03 9.999524e-01 6.460564e-03 1.647092e+00 -8.096487e-03 -6.401347e-03 9.999467e-01 -1.201486e+02
9.998276e-01 7.245892e-03 -1.709400e-02 7.815161e+01 -7.346288e-03 9.999561e-01 -5.817727e-03 1.642379e+00 1.705109e-02 5.942301e-03 9.998370e-01 -1.200797e+02
9.999479e-01 -7.325753e-03 7.109138e-03 7.821606e+01 7.281381e-03 9.999540e-01 6.247515e-03 1.637479e+00 -7.154579e-03 -6.195425e-03 9.999552e-01 -1.200950e+02
9.998818e-01 6.685807e-03 -1.384387e-02 7.821184e+01 -6.756993e-03 9.999642e-01 -5.101654e-03 1.629359e+00 1.380927e-02 5.194594e-03 9.998912e-01 -1.197216e+02
9.999187e-01 -7.621034e-03 1.022277e-02 7.817228e+01 7.557852e-03 9.999522e-01 6.204977e-03 1.624143e+00 -1.026956e-02 -6.127210e-03 9.999285e-01 -1.192816e+02
9.999817e-01 5.568919e-03 2.371699e-03 7.783731e+01 -5.553810e-03 9.999645e-01 -6.330392e-03 1.644126e+00 -2.406869e-03 6.317104e-03 9.999772e-01 -1.185602e+02
9.999677e-01 -7.384715e-03 3.186654e-03 7.761313e+01 7.363615e-03 9.999512e-01 6.583112e-03 1.653560e+00 -3.235113e-03 -6.559433e-03 9.999733e-01 -1.179105e+02
9.999785e-01 5.640389e-03 3.341051e-03 7.737920e+01 -5.618698e-03 9.999633e-01 -6.466300e-03 1.664442e+00 -3.377402e-03 6.447388e-03 9.999735e-01 -1.173203e+02
9.999073e-01 -7.682789e-03 1.124279e-02 7.701714e+01 7.615727e-03 9.999530e-01 5.995625e-03 1.687000e+00 -1.128832e-02 -5.909447e-03 9.999188e-01 -1.166694e+02
9.999736e-01 6.048320e-03 -4.037896e-03 7.678429e+01 -6.073655e-03 9.999618e-01 -6.291814e-03 1.699132e+00 3.999686e-03 6.316172e-03 9.999721e-01 -1.162346e+02
9.999451e-01 -7.244316e-03 7.573256e-03 7.660384e+01 7.195959e-03 9.999537e-01 6.393151e-03 1.708097e+00 -7.619219e-03 -6.338303e-03 9.999509e-01 -1.158817e+02
9.999717e-01 6.124078e-03 -4.376836e-03 7.643161e+01 -6.151194e-03 9.999618e-01 -6.208937e-03 1.715768e+00 4.338645e-03 6.235683e-03 9.999711e-01 -1.154966e+02
9.999779e-01 -6.647614e-03 3.097460e-04 7.637286e+01 6.645334e-03 9.999544e-01 6.858771e-03 1.715072e+00 -3.553261e-04 -6.856561e-03 9.999764e-01 -1.152750e+02
9.999706e-01 6.102373e-03 -4.653662e-03 7.632530e+01 -6.130326e-03 9.999631e-01 -6.016184e-03 1.712898e+00 4.616777e-03 6.044535e-03 9.999711e-01 -1.150109e+02
9.999584e-01 -7.098440e-03 5.730670e-03 7.619571e+01 7.060837e-03 9.999536e-01 6.555588e-03 1.716360e+00 -5.776938e-03 -6.514851e-03 9.999621e-01 -1.145996e+02
9.999839e-01 5.659231e-03 4.019663e-04 7.597316e+01 -5.656479e-03 9.999626e-01 -6.546000e-03 1.727682e+00 -4.389968e-04 6.543620e-03 9.999785e-01 -1.141099e+02
9.999610e-01 -6.267385e-03 -6.229260e-03 7.593540e+01 6.312917e-03 9.999533e-01 7.316627e-03 1.724027e+00 6.183113e-03 -7.355665e-03 9.999538e-01 -1.138088e+02
9.999859e-01 5.202566e-03 1.106039e-03 7.588917e+01 -5.195408e-03 9.999662e-01 -6.379771e-03 1.720279e+00 -1.139193e-03 6.373934e-03 9.999790e-01 -1.133376e+02
9.999721e-01 -7.074692e-03 2.411047e-03 7.570780e+01 7.058124e-03 9.999519e-01 6.812501e-03 1.723242e+00 -2.459127e-03 -6.795293e-03 9.999739e-01 -1.126335e+02
9.999867e-01 5.138979e-03 -5.097323e-04 7.557027e+01 -5.141980e-03 9.999683e-01 -6.071260e-03 1.721203e+00 4.785157e-04 6.073799e-03 9.999814e-01 -1.118809e+02
9.999784e-01 -6.546841e-03 -6.551387e-04 7.547674e+01 6.551319e-03 9.999535e-01 7.082996e-03 1.717586e+00 6.087373e-04 -7.087134e-03 9.999747e-01 -1.112701e+02
9.999791e-01 5.922947e-03 -2.594481e-03 7.541451e+01 -5.939811e-03 9.999610e-01 -6.541310e-03 1.717253e+00 2.555635e-03 6.556583e-03 9.999752e-01 -1.110566e+02
9.999678e-01 -5.847658e-03 -5.503913e-03 7.544092e+01 5.885632e-03 9.999588e-01 6.908736e-03 1.713783e+00 5.463287e-03 -6.940907e-03 9.999610e-01 -1.110520e+02
9.999738e-01 5.349935e-03 -4.880014e-03 7.547477e+01 -5.378305e-03 9.999686e-01 -5.818810e-03 1.703900e+00 4.848730e-03 5.844903e-03 9.999712e-01 -1.107278e+02
9.999680e-01 -6.243525e-03 -4.996697e-03 7.550830e+01 6.278754e-03 9.999553e-01 7.065916e-03 1.690393e+00 4.952358e-03 -7.097063e-03 9.999626e-01 -1.102220e+02
9.999464e-01 5.727287e-03 -8.622528e-03 7.566553e+01 -5.784236e-03 9.999615e-01 -6.594281e-03 1.679748e+00 8.584428e-03 6.643802e-03 9.999411e-01 -1.101213e+02
9.999599e-01 -4.276145e-03 -7.869832e-03 7.646292e+01 4.304818e-03 9.999841e-01 3.630089e-03 1.674195e+00 7.854185e-03 -3.663821e-03 9.999624e-01 -1.108856e+02
