9.999196e-01 -1.005611e-03 -1.264254e-02 -1.743321e-01 1.006197e-03 9.999995e-01 3.995961e-05 -4.807686e-03 1.264249e-02 -5.267775e-05 9.999202e-01 3.811709e-01
9.999989e-01 -4.537512e-04 1.394631e-03 -3.947061e-01 4.536355e-04 9.999999e-01 8.328907e-05 -7.956328e-03 -1.394671e-03 -8.265582e-05 9.999989e-01 7.171045e-01
9.999151e-01 -7.932903e-04 -1.300819e-02 -7.645763e-01 7.900544e-04 9.999997e-01 -2.538977e-04 -7.483674e-03 1.300840e-02 2.435985e-04 9.999155e-01 1.041727e+00
9.999927e-01 -4.173500e-04 3.786777e-03 -1.088731e+00 4.181136e-04 9.999999e-01 -2.008489e-04 -6.700055e-03 -3.786697e-03 2.024312e-04 9.999927e-01 1.310564e+00
9.998506e-01 -5.769067e-04 -1.727791e-02 -1.336298e+00 5.858195e-04 9.999997e-01 5.107912e-04 -1.038087e-02 1.727762e-02 -5.208371e-04 9.998507e-01 1.709187e+00
9.999989e-01 -9.067405e-04 1.169302e-03 -1.620645e+00 9.064973e-04 9.999996e-01 2.085821e-04 -1.565843e-02 -1.169498e-03 -2.075213e-04 9.999992e-01 2.217269e+00
9.999018e-01 -4.459602e-04 -1.400616e-02 -1.973806e+00 4.401333e-04 9.999998e-01 -4.191040e-04 -1.623392e-02 1.400635e-02 4.128977e-04 9.999019e-01 2.572316e+00
9.999879e-01 -6.961594e-04 4.870098e-03 -2.307205e+00 6.950059e-04 9.999997e-01 2.385580e-04 -1.558828e-02 -4.870272e-03 -2.351698e-04 9.999880e-01 2.847174e+00
9.998653e-01 -5.731239e-04 -1.640135e-02 -2.668141e+00 5.648153e-04 9.999997e-01 -5.112012e-04 -1.536665e-02 1.640165e-02 5.018681e-04 9.998655e-01 3.170933e+00
9.999640e-01 -5.628410e-04 8.468417e-03 -2.988634e+00 5.616340e-04 9.999998e-01 1.449118e-04 -1.421366e-02 -8.468509e-03 -1.401499e-04 9.999640e-01 3.411877e+00
9.998793e-01 -4.718287e-04 -1.553079e-02 -3.242851e+00 4.657909e-04 9.999998e-01 -3.923751e-04 -1.405622e-02 1.553099e-02 3.850932e-04 9.998794e-01 3.638236e+00
9.999758e-01 -4.789638e-04 6.934611e-03 -3.458720e+00 4.770164e-04 9.999998e-01 2.824736e-04 -1.514728e-02 -6.934758e-03 -2.791584e-04 9.999758e-01 3.891703e+00
9.998631e-01 -6.810413e-04 -1.653001e-02 -3.716692e+00 6.723547e-04 9.999996e-01 -5.310542e-04 -1.601213e-02 1.653038e-02 5.198670e-04 9.998633e-01 4.171934e+00
9.999557e-01 -3.293800e-04 9.405482e-03 -3.949717e+00 3.284362e-04 9.999999e-01 1.019008e-04 -1.601875e-02 -9.405530e-03 -9.880679e-05 9.999557e-01 4.393293e+00
9.998905e-01 -6.873689e-04 -1.478556e-02 -4.115825e+00 6.804766e-04 9.999997e-01 -4.711741e-04 -1.635987e-02 1.478589e-02 4.610609e-04 9.998907e-01 4.567670e+00
9.999486e-01 -3.056337e-04 1.013150e-02 -4.253310e+00 3.044899e-04 9.999999e-01 1.144435e-04 -1.702023e-02 -1.013155e-02 -1.113524e-04 9.999486e-01 4.722153e+00
9.998950e-01 -6.297933e-04 -1.447661e-02 -4.378456e+00 6.230472e-04 9.999997e-01 -4.705045e-04 -1.774976e-02 1.447692e-02 4.614351e-04 9.998952e-01 4.867542e+00
9.999046e-01 -2.571722e-04 1.381161e-02 -4.514892e+00 2.589986e-04 1.000000e+00 -1.304499e-04 -1.608269e-02 -1.381159e-02 1.340149e-04 9.999045e-01 4.908802e+00
9.998680e-01 -6.840707e-04 -1.623589e-02 -4.659690e+00 6.781569e-04 9.999997e-01 -3.697438e-04 -1.517957e-02 1.623615e-02 3.586843e-04 9.998682e-01 4.985244e+00
9.999205e-01 -3.397864e-04 1.260529e-02 -4.791200e+00 3.383015e-04 9.999999e-01 1.199368e-04 -1.551264e-02 -1.260535e-02 -1.156627e-04 9.999204e-01 5.108624e+00
9.998666e-01 -8.214210e-04 -1.631008e-02 -4.979661e+00 8.100309e-04 9.999994e-01 -7.049391e-04 -1.442740e-02 1.631067e-02 6.916333e-04 9.998668e-01 5.224771e+00
9.999184e-01 -5.421754e-04 1.276047e-02 -5.276648e+00 5.406026e-04 9.999998e-01 1.267041e-04 -1.137909e-02 -1.276055e-02 -1.197953e-04 9.999185e-01 5.354469e+00
9.998422e-01 -7.207867e-04 -1.774768e-02 -5.604422e+00 7.056225e-04 9.999994e-01 -8.606829e-04 -8.509764e-03 1.774830e-02 8.480239e-04 9.998422e-01 5.516131e+00
9.999378e-01 -5.646278e-04 1.113929e-02 -5.920197e+00 5.610328e-04 9.999998e-01 3.258586e-04 -6.406815e-03 -1.113949e-02 -3.195889e-04 9.999378e-01 5.709760e+00
9.998281e-01 -8.168389e-04 -1.852060e-02 -6.317471e+00 7.981094e-04 9.999992e-01 -1.018643e-03 -3.141289e-03 1.852144e-02 1.003686e-03 9.998281e-01 5.926533e+00
9.999312e-01 -4.898734e-04 1.171987e-02 -6.700463e+00 4.863878e-04 9.999998e-01 3.002582e-04 -1.257246e-04 -1.172004e-02 -2.945372e-04 9.999312e-01 6.143764e+00
9.998026e-01 -8.593163e-04 -1.984759e-02 -7.087169e+00 8.431501e-04 9.999993e-01 -8.228671e-04 2.481151e-03 1.984831e-02 8.059703e-04 9.998028e-01 6.383296e+00
9.999375e-01 -4.000632e-04 1.117492e-02 -7.466686e+00 3.992574e-04 9.999999e-01 7.434000e-05 4.652631e-03 -1.117497e-02 -6.987388e-05 9.999375e-01 6.647094e+00
9.998355e-01 -8.511603e-04 -1.811867e-02 -7.794458e+00 8.353898e-04 9.999993e-01 -8.779540e-04 6.725194e-03 1.811943e-02 8.626737e-04 9.998356e-01 6.866277e+00
9.999471e-01 -4.503168e-04 1.027236e-02 -8.144989e+00 4.482665e-04 9.999999e-01 2.018896e-04 8.698330e-03 -1.027247e-02 -1.972745e-04 9.999471e-01 7.106904e+00
9.998244e-01 -1.014592e-03 -1.871344e-02 -8.565697e+00 9.956862e-04 9.999990e-01 -1.019549e-03 1.216552e-02 1.871448e-02 1.000738e-03 9.998245e-01 7.346641e+00
9.999549e-01 -3.996439e-04 9.490278e-03 -8.996726e+00 3.985465e-04 9.999999e-01 1.175213e-04 1.514311e-02 -9.490349e-03 -1.137341e-04 9.999549e-01 7.630172e+00
9.998031e-01 -8.661406e-04 -1.982465e-02 -9.347724e+00 8.485158e-04 9.999992e-01 -8.974286e-04 1.610299e-02 1.982544e-02 8.804309e-04 9.998032e-01 7.937843e+00
9.999694e-01 -3.428696e-04 7.819804e-03 -9.650173e+00 3.399527e-04 9.999999e-01 3.743331e-04 1.505543e-02 -7.819958e-03 -3.716638e-04 9.999693e-01 8.295472e+00
9.997942e-01 -9.916538e-04 -2.026147e-02 -1.000664e+01 9.760388e-04 9.999992e-01 -7.805498e-04 1.478824e-02 2.026226e-02 7.606137e-04 9.997945e-01 8.641773e+00
9.999521e-01 -2.354417e-04 9.784372e-03 -1.033332e+01 2.346035e-04 1.000000e+00 8.681021e-05 1.495244e-02 -9.784421e-03 -8.451122e-05 9.999520e-01 8.953129e+00
9.998059e-01 -8.542199e-04 -1.968110e-02 -1.059447e+01 8.418167e-04 9.999994e-01 -6.384862e-04 1.438616e-02 1.968166e-02 6.217951e-04 9.998062e-01 9.241192e+00
9.999599e-01 -4.610724e-04 8.938966e-03 -1.090491e+01 4.595679e-04 9.999999e-01 1.703445e-04 1.398755e-02 -8.939074e-03 -1.662302e-04 9.999599e-01 9.554335e+00
9.998853e-01 -4.739314e-04 -1.514148e-02 -1.117372e+01 4.618947e-04 9.999996e-01 -7.984442e-04 1.443387e-02 1.514189e-02 7.913596e-04 9.998851e-01 9.788489e+00
9.999795e-01 -6.888115e-04 6.372693e-03 -1.137319e+01 6.857073e-04 9.999996e-01 4.892533e-04 1.359299e-02 -6.373060e-03 -4.848742e-04 9.999795e-01 1.000829e+01
9.998745e-01 -5.381075e-04 -1.583286e-02 -1.176570e+01 5.183986e-04 9.999991e-01 -1.248893e-03 1.610144e-02 1.583355e-02 1.240529e-03 9.998740e-01 1.027330e+01
9.999671e-01 -6.721775e-04 8.078376e-03 -1.212025e+01 6.689031e-04 9.999997e-01 4.080061e-04 1.845202e-02 -8.078682e-03 -4.025899e-04 9.999672e-01 1.051134e+01
9.998323e-01 -2.555952e-04 -1.831317e-02 -1.236887e+01 2.437029e-04 9.999998e-01 -6.516192e-04 1.694050e-02 1.831337e-02 6.470478e-04 9.998322e-01 1.083898e+01
9.999858e-01 -8.069822e-04 5.258116e-03 -1.255071e+01 8.027605e-04 9.999994e-01 8.049274e-04 1.237947e-02 -5.258799e-03 -8.006959e-04 9.999858e-01 1.121215e+01
9.998388e-01 -5.648445e-04 -1.794418e-02 -1.279205e+01 5.471131e-04 9.999994e-01 -9.930442e-04 9.492187e-03 1.794477e-02 9.830674e-04 9.998386e-01 1.155863e+01
9.999774e-01 -6.243733e-04 6.696978e-03 -1.314848e+01 6.214106e-04 9.999997e-01 4.444462e-04 1.049657e-02 -6.697292e-03 -4.402754e-04 9.999774e-01 1.184616e+01
9.998470e-01 -3.967933e-04 -1.749068e-02 -1.344575e+01 3.810719e-04 9.999995e-01 -9.021764e-04 1.001479e-02 1.749107e-02 8.953740e-04 9.998467e-01 1.216541e+01
9.999728e-01 -8.609833e-04 7.319020e-03 -1.368324e+01 8.574563e-04 9.999995e-01 4.849924e-04 8.647234e-03 -7.319474e-03 -4.787043e-04 9.999730e-01 1.245380e+01
9.998561e-01 -2.469425e-04 -1.696019e-02 -1.396015e+01 2.316097e-04 9.999996e-01 -9.060143e-04 8.424643e-03 1.696045e-02 9.019567e-04 9.998559e-01 1.273091e+01
9.999828e-01 -8.081922e-04 5.814074e-03 -1.419276e+01 8.053534e-04 9.999996e-01 4.905651e-04 6.537105e-03 -5.814510e-03 -4.858752e-04 9.999829e-01 1.306049e+01
9.998864e-01 -3.767793e-04 -1.506715e-02 -1.436059e+01 3.628903e-04 9.999995e-01 -9.245428e-04 3.970002e-03 1.506754e-02 9.189710e-04 9.998862e-01 1.336281e+01
9.999639e-01 -7.327823e-04 8.465267e-03 -1.463222e+01 7.310051e-04 9.999997e-01 2.130065e-04 5.480261e-03 -8.465465e-03 -2.068116e-04 9.999641e-01 1.356818e+01
9.998844e-01 -1.202724e-04 -1.520153e-02 -1.479426e+01 1.058842e-04 9.999995e-01 -9.473132e-04 5.095019e-03 1.520168e-02 9.455952e-04 9.998841e-01 1.377000e+01
9.999813e-01 -1.008612e-03 6.024054e-03 -1.496827e+01 1.005687e-03 9.999994e-01 4.885072e-04 2.997099e-03 -6.024588e-03 -4.824408e-04 9.999816e-01 1.405311e+01
9.998612e-01 1.725244e-05 -1.665971e-02 -1.509032e+01 -2.387807e-05 9.999999e-01 -3.975173e-04 -2.078214e-03 1.665975e-02 3.978610e-04 9.998612e-01 1.440270e+01
9.999942e-01 -1.402950e-03 3.114757e-03 -1.526254e+01 1.400482e-03 9.999987e-01 7.942467e-04 -8.374703e-03 -3.115915e-03 -7.898808e-04 9.999947e-01 1.481167e+01
9.998501e-01 4.885269e-04 -1.730709e-02 -1.539744e+01 -5.079114e-04 9.999992e-01 -1.115668e-03 -1.493602e-02 1.730658e-02 1.124293e-03 9.998497e-01 1.523860e+01
9.999955e-01 -1.860345e-03 2.364350e-03 -1.556001e+01 1.857628e-03 9.999976e-01 1.150845e-03 -2.161356e-02 -2.366535e-03 -1.146449e-03 9.999964e-01 1.568782e+01
9.998994e-01 5.675524e-04 -1.417387e-02 -1.591636e+01 -5.890569e-04 9.999987e-01 -1.513079e-03 -2.157812e-02 1.417305e-02 1.521277e-03 9.998985e-01 1.600841e+01
9.999838e-01 -1.864894e-03 5.382261e-03 -1.638072e+01 1.860304e-03 9.999979e-01 8.576061e-04 -1.748664e-02 -5.383901e-03 -8.475805e-04 9.999851e-01 1.625242e+01
9.998680e-01 6.455031e-04 -1.623525e-02 -1.680618e+01 -6.692231e-04 9.999987e-01 -1.455645e-03 -1.517959e-02 1.623435e-02 1.466319e-03 9.998672e-01 1.655723e+01
9.999820e-01 -1.723942e-03 5.743954e-03 -1.711574e+01 1.719194e-03 9.999982e-01 8.313712e-04 -1.523327e-02 -5.745430e-03 -8.214822e-04 9.999831e-01 1.686871e+01
9.998934e-01 5.967087e-04 -1.458615e-02 -1.738952e+01 -6.144249e-04 9.999991e-01 -1.210160e-03 -1.495535e-02 1.458547e-02 1.218994e-03 9.998930e-01 1.711429e+01
9.999914e-01 -1.737018e-03 3.758129e-03 -1.772660e+01 1.733454e-03 9.999980e-01 9.511637e-04 -1.479727e-02 -3.759829e-03 -9.446419e-04 9.999924e-01 1.741617e+01
9.999379e-01 4.962500e-04 -1.113631e-02 -1.810053e+01 -5.141012e-04 9.999986e-01 -1.600191e-03 -1.154082e-02 1.113556e-02 1.605817e-03 9.999368e-01 1.760429e+01
9.999768e-01 -1.968586e-03 6.519339e-03 -1.850017e+01 1.962070e-03 9.999976e-01 1.005793e-03 -6.917864e-03 -6.521360e-03 -9.929796e-04 9.999782e-01 1.776044e+01
9.998732e-01 7.757671e-04 -1.590345e-02 -1.883160e+01 -7.968717e-04 9.999988e-01 -1.320768e-03 -6.039046e-03 1.590246e-02 1.333274e-03 9.998728e-01 1.802253e+01
9.999889e-01 -1.925468e-03 4.298892e-03 -1.911224e+01 1.921458e-03 9.999977e-01 9.365509e-04 -6.980367e-03 -4.300744e-03 -9.282813e-04 9.999902e-01 1.832083e+01
9.997870e-01 6.451737e-04 -2.063035e-02 -1.945302e+01 -6.634913e-04 9.999994e-01 -8.810783e-04 -9.527219e-03 2.062983e-02 8.945796e-04 9.997869e-01 1.874587e+01
9.999640e-01 -1.841980e-03 8.286409e-03 -1.973594e+01 1.837531e-03 9.999982e-01 5.444605e-04 -1.122902e-02 -8.287456e-03 -5.292153e-04 9.999654e-01 1.910087e+01
9.998719e-01 1.028288e-03 -1.597057e-02 -1.987154e+01 -1.041899e-03 9.999991e-01 -8.439996e-04 -1.384094e-02 1.596975e-02 8.605322e-04 9.998722e-01 1.934357e+01
9.999522e-01 -2.242543e-03 9.520663e-03 -1.987099e+01 2.238676e-03 9.999974e-01 4.167365e-04 -1.824343e-02 -9.521635e-03 -3.954038e-04 9.999545e-01 1.951413e+01
9.998097e-01 1.257689e-03 -1.947032e-02 -1.996948e+01 -1.266680e-03 9.999991e-01 -4.494705e-04 -2.353012e-02 1.946980e-02 4.740486e-04 9.998104e-01 1.982974e+01
9.999795e-01 -2.327735e-03 5.963809e-03 -2.013524e+01 2.324665e-03 9.999972e-01 5.214902e-04 -2.864900e-02 -5.965070e-03 -5.076165e-04 9.999820e-01 2.021287e+01
9.998043e-01 1.204072e-03 -1.974844e-02 -2.026480e+01 -1.211811e-03 9.999992e-01 -3.799240e-04 -3.534549e-02 1.974803e-02 4.037819e-04 9.998050e-01 2.062312e+01
9.999736e-01 -2.300791e-03 6.889729e-03 -2.023517e+01 2.297154e-03 9.999972e-01 5.357889e-04 -4.653648e-02 -6.891008e-03 -5.199488e-04 9.999760e-01 2.104885e+01
9.998377e-01 9.806179e-04 -1.798835e-02 -2.023961e+01 -9.820911e-04 9.999995e-01 -7.307725e-05 -5.583898e-02 1.798833e-02 9.073235e-05 9.998383e-01 2.141813e+01
9.999626e-01 -2.018029e-03 8.404862e-03 -2.040005e+01 2.018826e-03 9.999980e-01 -8.634708e-05 -5.892501e-02 -8.404737e-03 1.033112e-04 9.999646e-01 2.171152e+01
9.997788e-01 1.154409e-03 -2.100049e-02 -2.049596e+01 -1.155417e-03 9.999993e-01 -3.587573e-05 -6.605583e-02 2.100050e-02 6.013284e-05 9.997796e-01 2.211295e+01
9.999519e-01 -2.429867e-03 9.497334e-03 -2.060407e+01 2.428703e-03 9.999970e-01 1.340631e-04 -7.192726e-02 -9.497700e-03 -1.109910e-04 9.999548e-01 2.248093e+01
9.998939e-01 1.565530e-03 -1.448439e-02 -2.066952e+01 -1.572971e-03 9.999986e-01 -5.023333e-04 -7.434830e-02 1.448365e-02 5.250642e-04 9.998951e-01 2.265529e+01
9.999354e-01 -2.472159e-03 1.109352e-02 -2.063312e+01 2.471356e-03 9.999969e-01 8.609851e-05 -7.821755e-02 -1.109377e-02 -5.867747e-05 9.999384e-01 2.278697e+01
9.999160e-01 1.684385e-03 -1.285575e-02 -2.049127e+01 -1.691078e-03 9.999984e-01 -5.097322e-04 -8.242819e-02 1.285494e-02 5.314302e-04 9.999173e-01 2.279147e+01
9.999482e-01 -2.455750e-03 9.872503e-03 -2.034261e+01 2.455591e-03 9.999970e-01 2.820273e-05 -8.881444e-02 -9.872613e-03 -3.959027e-06 9.999512e-01 2.287949e+01
9.999096e-01 1.365780e-03 -1.337591e-02 -2.026411e+01 -1.370472e-03 9.999990e-01 -3.416777e-04 -9.501513e-02 1.337550e-02 3.599788e-04 9.999106e-01 2.304098e+01
9.999698e-01 -2.196468e-03 7.448498e-03 -2.032526e+01 2.195777e-03 9.999976e-01 1.009656e-04 -9.799312e-02 -7.448772e-03 -8.460785e-05 9.999722e-01 2.322947e+01
9.998471e-01 1.298051e-03 -1.744170e-02 -2.042608e+01 -1.306892e-03 9.999990e-01 -4.954956e-04 -1.023230e-01 1.744111e-02 5.182150e-04 9.998478e-01 2.354552e+01
9.999548e-01 -2.354779e-03 9.211304e-03 -2.053095e+01 2.353277e-03 9.999972e-01 1.738963e-04 -1.057265e-01 -9.211760e-03 -1.522123e-04 9.999575e-01 2.381835e+01
9.998660e-01 1.669069e-03 -1.628483e-02 -2.059450e+01 -1.678621e-03 9.999984e-01 -5.729401e-04 -1.089251e-01 1.628392e-02 6.002001e-04 9.998673e-01 2.403924e+01
9.999759e-01 -2.903821e-03 6.308821e-03 -2.071348e+01 2.901860e-03 9.999957e-01 3.199741e-04 -1.129716e-01 -6.309796e-03 -3.016596e-04 9.999800e-01 2.433810e+01
9.999063e-01 1.958214e-03 -1.355030e-02 -2.089937e+01 -1.969199e-03 9.999977e-01 -7.973852e-04 -1.137754e-01 1.354878e-02 8.239944e-04 9.999080e-01 2.455408e+01
9.999596e-01 -2.785743e-03 8.548939e-03 -2.092881e+01 2.782789e-03 9.999961e-01 3.574187e-04 -1.166287e-01 -8.549974e-03 -3.336149e-04 9.999633e-01 2.472200e+01
9.998928e-01 1.903746e-03 -1.451580e-02 -2.096593e+01 -1.912915e-03 9.999980e-01 -6.178085e-04 -1.201965e-01 1.451467e-02 6.455105e-04 9.998945e-01 2.491216e+01
9.999581e-01 -2.814390e-03 8.711912e-03 -2.101920e+01 2.813356e-03 9.999960e-01 1.309298e-04 -1.229999e-01 -8.712320e-03 -1.064151e-04 9.999620e-01 2.509816e+01
9.999322e-01 1.933363e-03 -1.148008e-02 -2.096975e+01 -1.941394e-03 9.999979e-01 -6.885386e-04 -1.266685e-01 1.147880e-02 7.107801e-04 9.999339e-01 2.520765e+01
9.999580e-01 -2.803040e-03 8.718601e-03 -2.099665e+01 2.801807e-03 9.999961e-01 1.535752e-04 -1.283367e-01 -8.719072e-03 -1.291415e-04 9.999619e-01 2.531557e+01
9.998812e-01 1.607204e-03 -1.532765e-02 -2.124168e+01 -1.614909e-03 9.999986e-01 -4.903766e-04 -1.275898e-01 1.532692e-02 5.150718e-04 9.998825e-01 2.550878e+01
9.999841e-01 -2.657895e-03 4.977221e-03 -2.153708e+01 2.657674e-03 9.999965e-01 5.092308e-05 -1.278756e-01 -4.977414e-03 -3.769501e-05 9.999875e-01 2.579967e+01
9.999400e-01 1.627763e-03 -1.083359e-02 -2.179632e+01 -1.636183e-03 9.999984e-01 -7.683944e-04 -1.264142e-01 1.083240e-02 7.860748e-04 9.999411e-01 2.597654e+01
9.999971e-01 -2.387327e-03 2.277147e-04 -2.196554e+01 2.387131e-03 9.999968e-01 8.556877e-04 -1.303336e-01 -2.298336e-04 -8.551422e-04 9.999995e-01 2.632605e+01
9.998668e-01 1.287803e-03 -1.627028e-02 -2.211245e+01 -1.291889e-03 9.999991e-01 -2.406541e-04 -1.386893e-01 1.627003e-02 2.616421e-04 9.998677e-01 2.685858e+01
9.999953e-01 -2.739242e-03 -1.384674e-03 -2.229831e+01 2.740590e-03 9.999958e-01 9.722310e-04 -1.470220e-01 1.381926e-03 -9.760216e-04 9.999985e-01 2.742543e+01
9.999324e-01 1.992952e-03 -1.145822e-02 -2.240275e+01 -2.000881e-03 9.999978e-01 -6.805599e-04 -1.539239e-01 1.145692e-02 7.034408e-04 9.999342e-01 2.789597e+01
9.999953e-01 -3.027809e-03 5.362148e-04 -2.242310e+01 3.027478e-03 9.999952e-01 6.167229e-04 -1.616706e-01 -5.381600e-04 -6.150968e-04 9.999996e-01 2.830040e+01
9.999234e-01 1.894367e-03 -1.223106e-02 -2.240587e+01 -1.903193e-03 9.999979e-01 -7.100647e-04 -1.711693e-01 1.222977e-02 7.332887e-04 9.999250e-01 2.870653e+01
9.999953e-01 -2.973493e-03 6.672384e-04 -2.238848e+01 2.973090e-03 9.999954e-01 6.042505e-04 -1.810527e-01 -6.691138e-04 -6.022641e-04 9.999995e-01 2.913044e+01
9.999745e-01 2.136735e-03 -6.815986e-03 -2.215412e+01 -2.140431e-03 9.999976e-01 -5.350161e-04 -1.907812e-01 6.814909e-03 5.495919e-04 9.999767e-01 2.925708e+01
9.999760e-01 -2.281970e-03 6.534406e-03 -2.180592e+01 2.277993e-03 9.999972e-01 6.159560e-04 -1.919374e-01 -6.535876e-03 -6.010561e-04 9.999784e-01 2.890979e+01
9.999432e-01 1.842479e-03 -1.049665e-02 -2.149344e+01 -1.848377e-03 9.999981e-01 -5.522169e-04 -1.987019e-01 1.049570e-02 5.715876e-04 9.999448e-01 2.884018e+01
9.999802e-01 -2.658387e-03 5.698476e-03 -2.124356e+01 2.654705e-03 9.999963e-01 6.534979e-04 -2.075877e-01 -5.700274e-03 -6.383572e-04 9.999835e-01 2.893726e+01
9.998597e-01 1.447202e-03 -1.669076e-02 -2.116688e+01 -1.454468e-03 9.999989e-01 -4.231931e-04 -2.191545e-01 1.669021e-02 4.474100e-04 9.998607e-01 2.936485e+01
9.999332e-01 -2.383013e-03 1.130789e-02 -2.088661e+01 2.373874e-03 9.999968e-01 8.216041e-04 -2.301479e-01 -1.130989e-02 -7.947057e-04 9.999356e-01 2.948676e+01
9.998898e-01 1.800606e-03 -1.474030e-02 -2.061227e+01 -1.812145e-03 9.999981e-01 -7.695216e-04 -2.370309e-01 1.473897e-02 7.961484e-04 9.998911e-01 2.945408e+01
9.999946e-01 -2.875619e-03 1.591810e-03 -2.057189e+01 2.874779e-03 9.999957e-01 5.295251e-04 -2.472544e-01 -1.593410e-03 -5.249460e-04 9.999985e-01 2.984730e+01
9.997924e-01 1.423947e-03 -2.032884e-02 -2.066871e+01 -1.407082e-03 9.999987e-01 8.438751e-04 -2.604259e-01 2.033010e-02 -8.150956e-04 9.997931e-01 3.052186e+01
9.999881e-01 -2.625350e-03 4.100348e-03 -2.075861e+01 2.624947e-03 9.999965e-01 1.037302e-04 -2.714924e-01 -4.100692e-03 -9.296537e-05 9.999915e-01 3.111458e+01
9.997298e-01 1.553513e-03 -2.319474e-02 -2.085954e+01 -1.539269e-03 9.999986e-01 6.319513e-04 -2.836090e-01 2.319577e-02 -5.960779e-04 9.997308e-01 3.175219e+01
9.999740e-01 -2.973099e-03 6.563689e-03 -2.098135e+01 2.972846e-03 9.999956e-01 4.833766e-05 -2.935003e-01 -6.563892e-03 -2.882292e-05 9.999784e-01 3.233314e+01
9.997586e-01 1.596118e-03 -2.191338e-02 -2.104097e+01 -1.578778e-03 9.999984e-01 8.085930e-04 -3.043371e-01 2.191473e-02 -7.738020e-04 9.997596e-01 3.288460e+01
9.999913e-01 -3.084093e-03 2.810599e-03 -2.116624e+01 3.082925e-03 9.999952e-01 4.200046e-04 -3.171531e-01 -2.811970e-03 -4.113352e-04 9.999959e-01 3.360601e+01
9.997879e-01 1.957290e-03 -2.050231e-02 -2.131601e+01 -1.943446e-03 9.999979e-01 6.951981e-04 -3.270013e-01 2.050372e-02 -6.552063e-04 9.997896e-01 3.422594e+01
9.999819e-01 -3.489494e-03 4.901382e-03 -2.149324e+01 3.490404e-03 9.999939e-01 -1.771365e-04 -3.343608e-01 -4.900825e-03 1.942423e-04 9.999879e-01 3.476586e+01
9.998814e-01 2.527307e-03 -1.519270e-02 -2.167278e+01 -2.526791e-03 9.999968e-01 5.320425e-05 -3.371968e-01 1.519288e-02 -1.481008e-05 9.998847e-01 3.508429e+01
9.999657e-01 -3.305546e-03 7.585774e-03 -2.183662e+01 3.310278e-03 9.999943e-01 -6.112869e-04 -3.384718e-01 -7.583802e-03 6.363782e-04 9.999710e-01 3.532164e+01
9.998188e-01 2.353485e-03 -1.889399e-02 -2.199465e+01 -2.344669e-03 9.999971e-01 4.888154e-04 -3.418719e-01 1.889518e-02 -4.444276e-04 9.998214e-01 3.563361e+01
9.999606e-01 -3.194750e-03 8.277424e-03 -2.211384e+01 3.201151e-03 9.999946e-01 -7.600854e-04 -3.462890e-01 -8.275044e-03 7.865539e-04 9.999654e-01 3.597300e+01
9.998863e-01 2.132315e-03 -1.492987e-02 -2.223261e+01 -2.125138e-03 9.999976e-01 4.966123e-04 -3.484006e-01 1.493099e-02 -4.648288e-04 9.998885e-01 3.619500e+01
9.999738e-01 -3.167754e-03 6.498760e-03 -2.243928e+01 3.173068e-03 9.999946e-01 -8.073728e-04 -3.494743e-01 -6.496261e-03 8.279739e-04 9.999785e-01 3.645199e+01
9.998447e-01 1.954148e-03 -1.751348e-02 -2.268968e+01 -1.946520e-03 9.999980e-01 4.526287e-04 -3.511803e-01 1.751443e-02 -4.184692e-04 9.998466e-01 3.678411e+01
9.999476e-01 -3.041452e-03 9.776181e-03 -2.295544e+01 3.052340e-03 9.999947e-01 -1.098818e-03 -3.508342e-01 -9.772881e-03 1.128602e-03 9.999515e-01 3.703267e+01
9.998977e-01 2.051699e-03 -1.416093e-02 -2.318115e+01 -2.045328e-03 9.999978e-01 4.643862e-04 -3.494916e-01 1.416194e-02 -4.353759e-04 9.998997e-01 3.719328e+01
9.998881e-01 -3.090066e-03 1.463369e-02 -2.338357e+01 3.105931e-03 9.999946e-01 -1.061529e-03 -3.456272e-01 -1.463043e-02 1.106862e-03 9.998923e-01 3.720260e+01
9.998631e-01 2.069833e-03 -1.642047e-02 -2.354476e+01 -2.062309e-03 9.999978e-01 4.751585e-04 -3.440858e-01 1.642151e-02 -4.412304e-04 9.998651e-01 3.727967e+01
9.999203e-01 -3.171359e-03 1.221919e-02 -2.373045e+01 3.183614e-03 9.999944e-01 -9.835166e-04 -3.432937e-01 -1.221610e-02 1.022341e-03 9.999248e-01 3.741890e+01
9.998657e-01 2.347741e-03 -1.622343e-02 -2.385679e+01 -2.339685e-03 9.999971e-01 5.155679e-04 -3.442367e-01 1.622469e-02 -4.775420e-04 9.998683e-01 3.759418e+01
9.999121e-01 -3.191043e-03 1.286321e-02 -2.389590e+01 3.205961e-03 9.999942e-01 -1.139173e-03 -3.452437e-01 -1.285960e-02 1.180313e-03 9.999165e-01 3.768034e+01
9.998532e-01 2.335293e-03 -1.697515e-02 -2.398597e+01 -2.326508e-03 9.999971e-01 5.372578e-04 -3.461010e-01 1.697645e-02 -4.976872e-04 9.998558e-01 3.782188e+01
9.999141e-01 -3.153042e-03 1.271918e-02 -2.406292e+01 3.166095e-03 9.999945e-01 -1.006157e-03 -3.476362e-01 -1.271603e-02 1.046342e-03 9.999185e-01 3.797930e+01
9.998525e-01 2.120655e-03 -1.704806e-02 -2.420117e+01 -2.113503e-03 9.999977e-01 4.375530e-04 -3.471370e-01 1.704905e-02 -4.014584e-04 9.998546e-01 3.810056e+01
9.999820e-01 -3.241058e-03 5.033646e-03 -2.427623e+01 3.239869e-03 9.999947e-01 2.445563e-04 -3.548999e-01 -5.034508e-03 -2.282422e-04 9.999872e-01 3.851440e+01
9.995949e-01 2.169097e-03 -2.837810e-02 -2.404500e+01 -2.162680e-03 9.999976e-01 2.568409e-04 -3.726521e-01 2.837868e-02 -1.953653e-04 9.995973e-01 3.899117e+01
9.998743e-01 -3.515710e-03 1.545739e-02 -2.432603e+01 3.523851e-03 9.999937e-01 -4.994324e-04 -3.751272e-01 -1.545564e-02 5.538408e-04 9.998803e-01 3.937207e+01
9.995790e-01 2.771175e-03 -2.888204e-02 -2.452507e+01 -2.762425e-03 9.999961e-01 3.429030e-04 -3.786918e-01 2.888298e-02 -2.629754e-04 9.995828e-01 3.975714e+01
9.998900e-01 -3.939096e-03 1.429570e-02 -2.470711e+01 3.944466e-03 9.999922e-01 -3.473817e-04 -3.840681e-01 -1.429432e-02 4.037340e-04 9.998977e-01 4.019481e+01
9.996487e-01 2.784117e-03 -2.636020e-02 -2.494124e+01 -2.779036e-03 9.999961e-01 2.294189e-04 -3.867311e-01 2.636084e-02 -1.560837e-04 9.996525e-01 4.054511e+01
9.998935e-01 -3.623808e-03 1.413669e-02 -2.504031e+01 3.629924e-03 9.999933e-01 -4.068861e-04 -3.925746e-01 -1.413521e-02 4.581596e-04 9.998999e-01 4.091512e+01
9.995568e-01 2.347567e-03 -2.967780e-02 -2.518768e+01 -2.343026e-03 9.999972e-01 1.878478e-04 -3.991514e-01 2.967826e-02 -1.182301e-04 9.995596e-01 4.135954e+01
9.998757e-01 -3.556805e-03 1.535918e-02 -2.542882e+01 3.562485e-03 9.999936e-01 -3.424260e-04 -4.026425e-01 -1.535796e-02 3.971021e-04 9.998819e-01 4.176518e+01
9.996103e-01 2.653994e-03 -2.779026e-02 -2.558432e+01 -2.643357e-03 9.999964e-01 4.195368e-04 -4.075485e-01 2.779137e-02 -3.459152e-04 9.996137e-01 4.216782e+01
9.998969e-01 -3.680841e-03 1.387910e-02 -2.573615e+01 3.687686e-03 9.999931e-01 -4.675236e-04 -4.136294e-01 -1.387738e-02 5.186590e-04 9.999035e-01 4.258802e+01
9.997438e-01 2.391090e-03 -2.250925e-02 -2.592924e+01 -2.394148e-03 9.999971e-01 -1.088267e-04 -4.146118e-01 2.250903e-02 1.626877e-04 9.997467e-01 4.282185e+01
9.999095e-01 -3.445137e-03 1.299982e-02 -2.620262e+01 3.450095e-03 9.999940e-01 -3.588857e-04 -4.147986e-01 -1.299861e-02 4.037057e-04 9.999154e-01 4.310094e+01
9.997070e-01 2.164620e-03 -2.411155e-02 -2.655573e+01 -2.167271e-03 9.999976e-01 -8.374646e-05 -4.141269e-01 2.411141e-02 1.359765e-04 9.997093e-01 4.340864e+01
9.999206e-01 -3.345925e-03 1.214616e-02 -2.689389e+01 3.350490e-03 9.999943e-01 -3.553168e-04 -4.143543e-01 -1.214500e-02 3.959860e-04 9.999261e-01 4.374451e+01
9.997453e-01 2.048959e-03 -2.247699e-02 -2.726259e+01 -2.053691e-03 9.999979e-01 -1.873695e-04 -4.132061e-01 2.247665e-02 2.334809e-04 9.997474e-01 4.404401e+01
9.998454e-01 -3.404469e-03 1.725080e-02 -2.765119e+01 3.417316e-03 9.999939e-01 -7.151497e-04 -4.087776e-01 -1.724836e-02 7.739925e-04 9.998509e-01 4.420475e+01
9.997173e-01 1.860560e-03 -2.370460e-02 -2.811209e+01 -1.862218e-03 9.999983e-01 -4.777471e-05 -4.036291e-01 2.370457e-02 9.190262e-05 9.997191e-01 4.440150e+01
9.999130e-01 -3.102966e-03 1.282050e-02 -2.854752e+01 3.110357e-03 9.999950e-01 -5.564283e-04 -4.015263e-01 -1.281881e-02 5.962582e-04 9.999176e-01 4.471734e+01
9.997710e-01 1.747149e-03 -2.132856e-02 -2.894753e+01 -1.746917e-03 9.999985e-01 2.959733e-05 -3.988773e-01 2.132867e-02 7.666891e-06 9.997726e-01 4.497049e+01
9.999510e-01 -3.053270e-03 9.414011e-03 -2.937639e+01 3.057910e-03 9.999952e-01 -4.783366e-04 -3.973571e-01 -9.412605e-03 5.071024e-04 9.999555e-01 4.530604e+01
9.997087e-01 1.806654e-03 -2.407014e-02 -2.979026e+01 -1.805301e-03 9.999984e-01 7.802968e-05 -3.974755e-01 2.407034e-02 -3.455493e-05 9.997103e-01 4.570551e+01
9.999270e-01 -3.009035e-03 1.169677e-02 -3.014457e+01 3.015370e-03 9.999953e-01 -5.237998e-04 -3.977090e-01 -1.169524e-02 5.590337e-04 9.999314e-01 4.604608e+01
9.997419e-01 1.900532e-03 -2.264182e-02 -3.045905e+01 -1.891306e-03 9.999981e-01 4.289476e-04 -3.980704e-01 2.264269e-02 -3.860162e-04 9.997436e-01 4.634980e+01
9.999535e-01 -3.125232e-03 9.117301e-03 -3.078584e+01 3.131835e-03 9.999948e-01 -7.098575e-04 -3.992050e-01 -9.115135e-03 7.383805e-04 9.999581e-01 4.670262e+01
9.997245e-01 1.912788e-03 -2.339516e-02 -3.117789e+01 -1.903681e-03 9.999981e-01 4.116281e-04 -3.996341e-01 2.339600e-02 -3.669797e-04 9.997263e-01 4.709980e+01
9.999344e-01 -3.132918e-03 1.101627e-02 -3.156449e+01 3.143260e-03 9.999946e-01 -9.214454e-04 -3.992617e-01 -1.101342e-02 9.560141e-04 9.999388e-01 4.744934e+01
9.997582e-01 2.125065e-03 -2.188800e-02 -3.188405e+01 -2.112298e-03 9.999976e-01 6.065014e-04 -3.995179e-01 2.188934e-02 -5.601227e-04 9.997603e-01 4.776914e+01
9.999430e-01 -3.386453e-03 1.012227e-02 -3.219482e+01 3.395544e-03 9.999938e-01 -8.809234e-04 -4.003542e-01 -1.011933e-02 9.152461e-04 9.999483e-01 4.809533e+01
9.998202e-01 2.129826e-03 -1.884581e-02 -3.259453e+01 -2.120573e-03 9.999976e-01 5.110874e-04 -3.979958e-01 1.884696e-02 -4.710336e-04 9.998223e-01 4.835716e+01
9.999653e-01 -3.456174e-03 7.570712e-03 -3.303982e+01 3.463503e-03 9.999935e-01 -9.549472e-04 -3.957803e-01 -7.567463e-03 9.811376e-04 9.999708e-01 4.867245e+01
9.997459e-01 2.238244e-03 -2.243406e-02 -3.349005e+01 -2.224320e-03 9.999973e-01 6.456947e-04 -3.952847e-01 2.243555e-02 -5.956322e-04 9.997482e-01 4.907922e+01
9.999383e-01 -3.306387e-03 1.060339e-02 -3.374431e+01 3.313499e-03 9.999943e-01 -6.529176e-04 -3.977697e-01 -1.060127e-02 6.880140e-04 9.999435e-01 4.944198e+01
9.997486e-01 1.891211e-03 -2.234266e-02 -3.404019e+01 -1.880750e-03 9.999981e-01 4.893464e-04 -3.986297e-01 2.234365e-02 -4.472046e-04 9.997503e-01 4.974699e+01
9.999548e-01 -3.314012e-03 8.907210e-03 -3.458270e+01 3.323032e-03 9.999940e-01 -9.976915e-04 -3.956673e-01 -8.903950e-03 1.027248e-03 9.999598e-01 5.012195e+01
9.997012e-01 1.910230e-03 -2.437313e-02 -3.512912e+01 -1.893281e-03 9.999979e-01 7.185280e-04 -3.937150e-01 2.437455e-02 -6.721703e-04 9.997027e-01 5.054557e+01
9.999306e-01 -3.104887e-03 1.136298e-02 -3.553783e+01 3.120538e-03 9.999942e-01 -1.359578e-03 -3.933902e-01 -1.135879e-02 1.394944e-03 9.999345e-01 5.092864e+01
9.998242e-01 1.832931e-03 -1.866068e-02 -3.585625e+01 -1.815336e-03 9.999979e-01 9.599171e-04 -3.917551e-01 1.866250e-02 -9.258753e-04 9.998255e-01 5.115027e+01
9.999621e-01 -3.123542e-03 8.115793e-03 -3.628878e+01 3.137350e-03 9.999937e-01 -1.688861e-03 -3.890450e-01 -8.110565e-03 1.714262e-03 9.999656e-01 5.143899e+01
9.998102e-01 1.581522e-03 -1.941863e-02 -3.683237e+01 -1.555735e-03 9.999979e-01 1.343112e-03 -3.851653e-01 1.942081e-02 -1.312649e-03 9.998106e-01 5.175853e+01
9.999866e-01 -2.873632e-03 4.301274e-03 -3.739925e+01 2.882701e-03 9.999936e-01 -2.102885e-03 -3.820907e-01 -4.295302e-03 2.115259e-03 9.999885e-01 5.216082e+01
9.997847e-01 1.656194e-03 -2.068730e-02 -3.789768e+01 -1.622315e-03 9.999973e-01 1.654474e-03 -3.812271e-01 2.069008e-02 -1.620558e-03 9.997847e-01 5.260504e+01
9.999957e-01 -2.881152e-03 3.485335e-04 -3.840810e+01 2.881771e-03 9.999943e-01 -1.777994e-03 -3.821668e-01 -3.435066e-04 1.778994e-03 9.999983e-01 5.315334e+01
9.997495e-01 1.567014e-03 -2.233124e-02 -3.889940e+01 -1.531875e-03 9.999976e-01 1.590661e-03 -3.843761e-01 2.233378e-02 -1.556056e-03 9.997494e-01 5.375043e+01
9.999893e-01 -2.847156e-03 3.640214e-03 -3.933265e+01 2.853326e-03 9.999945e-01 -1.690030e-03 -3.865166e-01 -3.635479e-03 1.700402e-03 9.999919e-01 5.427573e+01
9.997757e-01 1.497628e-03 -2.112737e-02 -3.973153e+01 -1.470191e-03 9.999981e-01 1.314253e-03 -3.883442e-01 2.112939e-02 -1.282899e-03 9.997760e-01 5.475512e+01
9.999713e-01 -2.740664e-03 7.058002e-03 -4.018453e+01 2.752959e-03 9.999947e-01 -1.732379e-03 -3.873277e-01 -7.053313e-03 1.751762e-03 9.999736e-01 5.514024e+01
9.998238e-01 1.439541e-03 -1.872110e-02 -4.067854e+01 -1.417981e-03 9.999983e-01 1.165082e-03 -3.843591e-01 1.872284e-02 -1.138333e-03 9.998241e-01 5.547424e+01
9.999736e-01 -2.519372e-03 6.810621e-03 -4.106533e+01 2.532515e-03 9.999949e-01 -1.921322e-03 -3.834944e-01 -6.805841e-03 1.938522e-03 9.999749e-01 5.581609e+01
9.998622e-01 1.491760e-03 -1.653477e-02 -4.134381e+01 -1.469425e-03 9.999980e-01 1.363042e-03 -3.836389e-01 1.653686e-02 -1.338560e-03 9.998624e-01 5.610129e+01
9.999868e-01 -2.669674e-03 4.363633e-03 -4.163105e+01 2.676719e-03 9.999951e-01 -1.608503e-03 -3.851000e-01 -4.359412e-03 1.620165e-03 9.999892e-01 5.644444e+01
9.998864e-01 1.696054e-03 -1.498340e-02 -4.190820e+01 -1.679949e-03 9.999980e-01 1.087622e-03 -3.857247e-01 1.498531e-02 -1.062329e-03 9.998872e-01 5.676029e+01
9.999942e-01 -2.670508e-03 2.071130e-03 -4.213504e+01 2.673794e-03 9.999952e-01 -1.583975e-03 -3.879744e-01 -2.066984e-03 1.589507e-03 9.999966e-01 5.710264e+01
9.998424e-01 1.651412e-03 -1.767938e-02 -4.239581e+01 -1.623147e-03 9.999974e-01 1.613208e-03 -3.921108e-01 1.768209e-02 -1.584260e-03 9.998424e-01 5.756015e+01
9.999828e-01 -2.730589e-03 5.185402e-03 -4.259503e+01 2.739016e-03 9.999949e-01 -1.618065e-03 -3.959074e-01 -5.181050e-03 1.632243e-03 9.999852e-01 5.792662e+01
9.998762e-01 1.791285e-03 -1.563610e-02 -4.269030e+01 -1.768812e-03 9.999974e-01 1.451246e-03 -4.012506e-01 1.563875e-02 -1.423412e-03 9.998767e-01 5.826089e+01
9.999583e-01 -2.646454e-03 8.728949e-03 -4.273961e+01 2.659961e-03 9.999953e-01 -1.535651e-03 -4.058787e-01 -8.724936e-03 1.558809e-03 9.999607e-01 5.851124e+01
9.998722e-01 1.829419e-03 -1.588787e-02 -4.277016e+01 -1.808559e-03 9.999975e-01 1.327484e-03 -4.111144e-01 1.589035e-02 -1.298583e-03 9.998729e-01 5.876763e+01
9.999772e-01 -2.696799e-03 6.181714e-03 -4.277518e+01 2.706683e-03 9.999951e-01 -1.590502e-03 -4.181883e-01 -6.177486e-03 1.607201e-03 9.999796e-01 5.908047e+01
9.998330e-01 1.710016e-03 -1.819805e-02 -4.278863e+01 -1.684056e-03 9.999975e-01 1.442002e-03 -4.267124e-01 1.820057e-02 -1.411117e-03 9.998334e-01 5.947303e+01
9.999364e-01 -2.640194e-03 1.096250e-02 -4.265981e+01 2.659244e-03 9.999950e-01 -1.723185e-03 -4.358736e-01 -1.095799e-02 1.752230e-03 9.999384e-01 5.971463e+01
9.998723e-01 2.103446e-03 -1.584307e-02 -4.245547e+01 -2.081586e-03 9.999969e-01 1.396417e-03 -4.422322e-01 1.584605e-02 -1.363262e-03 9.998735e-01 5.976312e+01
9.999667e-01 -3.162718e-03 7.517405e-03 -4.240688e+01 3.176384e-03 9.999933e-01 -1.806093e-03 -4.502700e-01 -7.511732e-03 1.829914e-03 9.999701e-01 6.006249e+01
9.999127e-01 2.275051e-03 -1.302335e-02 -4.227786e+01 -2.256075e-03 9.999964e-01 1.471956e-03 -4.578832e-01 1.302674e-02 -1.442448e-03 9.999141e-01 6.024063e+01
9.999879e-01 -3.336724e-03 3.581421e-03 -4.226693e+01 3.343322e-03 9.999927e-01 -1.836420e-03 -4.654079e-01 -3.575357e-03 1.848375e-03 9.999919e-01 6.056958e+01
9.998654e-01 2.267945e-03 -1.625073e-02 -4.227870e+01 -2.241177e-03 9.999961e-01 1.665504e-03 -4.742966e-01 1.625453e-02 -1.628861e-03 9.998666e-01 6.098325e+01
9.999832e-01 -3.405264e-03 4.666879e-03 -4.225829e+01 3.414668e-03 9.999922e-01 -2.007330e-03 -4.833430e-01 -4.660096e-03 2.023235e-03 9.999871e-01 6.135578e+01
9.999461e-01 2.267629e-03 -1.013859e-02 -4.202970e+01 -2.246274e-03 9.999952e-01 2.117628e-03 -4.949209e-01 1.014343e-02 -2.094743e-03 9.999464e-01 6.157324e+01
9.999944e-01 -3.298973e-03 4.069106e-04 -4.190835e+01 3.299890e-03 9.999920e-01 -2.261044e-03 -5.038621e-01 -3.995359e-04 2.262378e-03 9.999973e-01 6.179846e+01
9.998823e-01 1.475331e-03 -1.527749e-02 -4.154809e+01 -1.425309e-03 9.999936e-01 3.284985e-03 -5.255639e-01 1.528232e-02 -3.262825e-03 9.998779e-01 6.241143e+01
9.999928e-01 -3.606854e-03 1.110898e-03 -4.058021e+01 3.607666e-03 9.999932e-01 -7.242528e-04 -5.562023e-01 -1.108364e-03 7.282586e-04 9.999991e-01 6.267451e+01
9.997708e-01 -7.122349e-04 -2.139849e-02 -3.922159e+01 7.956021e-04 9.999921e-01 3.887949e-03 -5.938253e-01 2.139564e-02 -3.904086e-03 9.997635e-01 6.285679e+01
9.999553e-01 -5.547342e-03 -7.651968e-03 -3.741351e+01 5.555211e-03 9.999841e-01 1.006657e-03 -6.482376e-01 7.646179e-03 -1.049117e-03 9.999702e-01 6.330036e+01
9.996613e-01 2.120589e-03 -2.594021e-02 -3.557010e+01 -2.039709e-03 9.999930e-01 3.144263e-03 -7.076156e-01 2.594678e-02 -3.090291e-03 9.996586e-01 6.367753e+01
9.999425e-01 -7.017386e-03 -8.093506e-03 -3.363590e+01 7.028861e-03 9.999743e-01 1.389269e-03 -7.708576e-01 8.083470e-03 -1.446073e-03 9.999663e-01 6.420153e+01
9.993818e-01 -3.051895e-03 -3.502536e-02 -3.080582e+01 3.279223e-03 9.999739e-01 6.435023e-03 -8.510139e-01 3.500488e-02 -6.545905e-03 9.993657e-01 6.473710e+01
9.998413e-01 -6.524638e-03 -1.657348e-02 -2.738244e+01 6.570006e-03 9.999748e-01 2.683812e-03 -9.453855e-01 1.655548e-02 -2.792270e-03 9.998590e-01 6.512687e+01
9.993120e-01 -3.087710e-03 -3.696225e-02 -2.383404e+01 3.339547e-03 9.999716e-01 6.753870e-03 -1.043461e+00 3.694042e-02 -6.872664e-03 9.992939e-01 6.548918e+01
9.998447e-01 -6.249236e-03 -1.646993e-02 -2.023456e+01 6.293526e-03 9.999767e-01 2.637922e-03 -1.142069e+00 1.645299e-02 -2.741162e-03 9.998609e-01 6.580177e+01
9.992632e-01 -3.835488e-03 -3.818954e-02 -1.663953e+01 4.110924e-03 9.999661e-01 7.136807e-03 -1.241592e+00 3.816094e-02 -7.288547e-03 9.992450e-01 6.622819e+01
9.998499e-01 -5.040259e-03 -1.657059e-02 -1.295015e+01 5.078720e-03 9.999845e-01 2.278878e-03 -1.343409e+00 1.655879e-02 -2.362689e-03 9.998601e-01 6.654248e+01
9.990545e-01 -4.983194e-03 -4.318994e-02 -9.498146e+00 5.316223e-03 9.999570e-01 7.599765e-03 -1.443396e+00 4.315027e-02 -7.822192e-03 9.990380e-01 6.719223e+01
9.999855e-01 -2.029365e-03 -4.976784e-03 -6.298224e+00 2.032221e-03 9.999978e-01 5.652258e-04 -1.533769e+00 4.975578e-03 -5.753269e-04 9.999874e-01 6.751137e+01
9.991682e-01 -7.756692e-03 -4.003706e-02 -3.171746e+00 8.065356e-03 9.999389e-01 7.554168e-03 -1.618119e+00 3.997607e-02 -7.870802e-03 9.991696e-01 6.787852e+01
9.999717e-01 1.592453e-03 -7.337391e-03 -2.862429e-01 -1.595525e-03 9.999986e-01 -4.156175e-04 -1.704884e+00 7.336680e-03 4.273170e-04 9.999730e-01 6.833053e+01
9.991506e-01 -1.188606e-02 -3.945896e-02 2.748958e+00 1.222524e-02 9.998903e-01 8.365951e-03 -1.790661e+00 3.935522e-02 -8.841244e-03 9.991862e-01 6.886699e+01
9.998948e-01 3.741297e-03 -1.400887e-02 5.935506e+00 -3.739201e-03 9.999930e-01 1.742149e-04 -1.884847e+00 1.400939e-02 -1.218111e-04 9.999019e-01 6.941852e+01
9.991933e-01 -1.203567e-02 -3.831467e-02 8.993171e+00 1.233952e-02 9.998942e-01 7.704377e-03 -1.976371e+00 3.821791e-02 -8.170949e-03 9.992360e-01 7.002108e+01
9.999271e-01 3.142154e-03 -1.165099e-02 1.227090e+01 -3.130972e-03 9.999946e-01 9.758092e-04 -2.069724e+00 1.165397e-02 -9.392567e-04 9.999316e-01 7.044527e+01
9.992943e-01 -1.240057e-02 -3.545798e-02 1.565996e+01 1.267827e-02 9.998906e-01 7.618607e-03 -2.160700e+00 3.535964e-02 -8.062779e-03 9.993421e-01 7.068200e+01
9.999380e-01 3.786906e-03 -1.046053e-02 1.902980e+01 -3.771609e-03 9.999918e-01 1.479158e-03 -2.250437e+00 1.046604e-02 -1.439611e-03 9.999442e-01 7.083837e+01
9.989500e-01 -1.271386e-02 -4.401593e-02 2.246383e+01 1.308318e-02 9.998815e-01 8.113240e-03 -2.343403e+00 4.390756e-02 -8.680589e-03 9.989979e-01 7.118819e+01
9.998932e-01 2.769305e-03 -1.434282e-02 2.590078e+01 -2.749071e-03 9.999952e-01 1.428327e-03 -2.444355e+00 1.434671e-02 -1.388745e-03 9.998961e-01 7.186978e+01
9.988810e-01 -1.264024e-02 -4.557633e-02 2.937575e+01 1.301865e-02 9.998831e-01 8.016246e-03 -2.548411e+00 4.546966e-02 -8.600617e-03 9.989287e-01 7.262423e+01
9.999243e-01 3.008540e-03 -1.192128e-02 3.284490e+01 -2.987974e-03 9.999940e-01 1.740087e-03 -2.651351e+00 1.192645e-02 -1.704337e-03 9.999274e-01 7.330678e+01
9.990364e-01 -1.169473e-02 -4.230584e-02 3.639400e+01 1.202127e-02 9.998998e-01 7.473121e-03 -2.752137e+00 4.221419e-02 -7.974487e-03 9.990768e-01 7.374242e+01
9.998918e-01 3.442743e-03 -1.429805e-02 3.981231e+01 -3.419520e-03 9.999928e-01 1.646203e-03 -2.854019e+00 1.430364e-02 -1.597136e-03 9.998964e-01 7.433130e+01
9.990519e-01 -1.248765e-02 -4.170843e-02 4.337103e+01 1.282044e-02 9.998880e-01 7.721628e-03 -2.955867e+00 4.160730e-02 -8.249022e-03 9.991000e-01 7.480617e+01
9.999020e-01 3.114144e-03 -1.364096e-02 4.694992e+01 -3.093140e-03 9.999940e-01 1.558195e-03 -3.057815e+00 1.364576e-02 -1.515854e-03 9.999057e-01 7.528526e+01
9.986471e-01 -1.277799e-02 -5.040718e-02 5.043924e+01 1.320758e-02 9.998792e-01 8.199126e-03 -3.164414e+00 5.029628e-02 -8.853783e-03 9.986951e-01 7.611347e+01
9.998895e-01 2.476958e-03 -1.465040e-02 5.403208e+01 -2.438782e-03 9.999936e-01 2.620761e-03 -3.273751e+00 1.465684e-02 -2.584750e-03 9.998892e-01 7.699609e+01
9.988807e-01 -1.080724e-02 -4.605110e-02 5.758436e+01 1.114361e-02 9.999130e-01 7.054516e-03 -3.381464e+00 4.597081e-02 -7.559786e-03 9.989142e-01 7.770011e+01
9.999183e-01 2.542900e-03 -1.251810e-02 6.088887e+01 -2.519820e-03 9.999951e-01 1.856426e-03 -3.483477e+00 1.252282e-02 -1.824742e-03 9.999199e-01 7.842510e+01
9.993041e-01 -8.541841e-03 -3.631179e-02 6.405266e+01 8.767464e-03 9.999432e-01 6.059724e-03 -3.576988e+00 3.625790e-02 -6.373857e-03 9.993221e-01 7.881253e+01
9.999980e-01 1.876170e-03 -5.863024e-04 6.726230e+01 -1.875556e-03 9.999977e-01 9.895629e-04 -3.658314e+00 5.882200e-04 -9.884737e-04 9.999993e-01 7.873913e+01
9.994177e-01 -8.098697e-03 -3.314813e-02 7.063427e+01 8.300688e-03 9.999478e-01 5.961527e-03 -3.737270e+00 3.309806e-02 -6.233195e-03 9.994327e-01 7.842832e+01
9.999974e-01 2.078884e-03 8.514939e-04 7.408146e+01 -2.079609e-03 9.999974e-01 8.913242e-04 -3.816002e+00 -8.495715e-04 -8.931065e-04 9.999992e-01 7.802543e+01
9.993932e-01 -8.252700e-03 -3.384176e-02 7.754916e+01 8.460435e-03 9.999462e-01 6.000836e-03 -3.895686e+00 3.379035e-02 -6.283496e-03 9.994092e-01 7.763988e+01
9.999975e-01 1.687094e-03 -1.420076e-03 8.105929e+01 -1.685033e-03 9.999976e-01 1.427577e-03 -3.977480e+00 1.422553e-03 -1.425196e-03 9.999980e-01 7.730860e+01
