9.999824e-01 -1.230813e-04 -5.936824e-03 1.194390e-01 1.551240e-04 9.999854e-01 5.397127e-03 9.414982e-03 5.936073e-03 -5.397954e-03 9.999678e-01 -5.876756e-01
9.999992e-01 3.347087e-06 -1.286141e-03 1.904012e-01 -4.220184e-06 9.999998e-01 -6.788679e-04 1.746636e-02 1.286139e-03 6.788735e-04 9.999989e-01 -1.066560e+00
9.999774e-01 -1.895000e-04 -6.726033e-03 2.966351e-01 2.383052e-04 9.999736e-01 7.256102e-03 3.078635e-02 6.724481e-03 -7.257542e-03 9.999511e-01 -1.785528e+00
9.999993e-01 3.164466e-04 -1.101623e-03 4.468933e-01 -3.182395e-04 9.999986e-01 -1.627698e-03 3.513756e-02 1.101107e-03 1.628048e-03 9.999981e-01 -2.262722e+00
9.998486e-01 -1.082370e-03 -1.736951e-02 7.387493e-01 1.159017e-03 9.999896e-01 4.403298e-03 2.821906e-03 1.736457e-02 -4.422764e-03 9.998394e-01 -1.459915e+00
9.999960e-01 7.970079e-04 2.706955e-03 9.983915e-01 -7.914029e-04 9.999975e-01 -2.071035e-03 -1.646937e-02 -2.708599e-03 2.068885e-03 9.999942e-01 -1.198705e+00
9.999494e-01 -8.115121e-04 -1.002268e-02 1.102920e+00 8.886761e-04 9.999700e-01 7.696895e-03 -6.198385e-03 1.001613e-02 -7.705413e-03 9.999201e-01 -1.805740e+00
9.999954e-01 7.420865e-04 2.932603e-03 1.216327e+00 -7.351865e-04 9.999970e-01 -2.353228e-03 2.968882e-03 -2.934340e-03 2.351062e-03 9.999929e-01 -2.394553e+00
9.999447e-01 -5.799785e-04 -1.050270e-02 1.305715e+00 6.492605e-04 9.999780e-01 6.594388e-03 4.307451e-03 1.049865e-02 -6.600842e-03 9.999231e-01 -2.685228e+00
9.999341e-01 -1.020189e-03 -1.143801e-02 1.204826e+00 9.739860e-04 9.999913e-01 -4.044258e-03 -1.149512e-02 1.144203e-02 4.032852e-03 9.999264e-01 -1.320281e+00
9.999354e-01 -1.595382e-03 -1.125268e-02 1.087798e+00 1.666251e-03 9.999788e-01 6.291378e-03 -2.929837e-02 1.124241e-02 -6.309723e-03 9.999169e-01 2.857460e-01
9.998299e-01 4.118352e-04 -1.843749e-02 1.127820e+00 -4.854787e-04 9.999919e-01 -3.989932e-03 -6.426529e-02 1.843570e-02 3.998205e-03 9.998221e-01 1.935513e+00
9.999956e-01 -1.568684e-03 -2.534792e-03 1.071281e+00 1.583905e-03 9.999807e-01 6.014157e-03 -9.027203e-02 2.525308e-03 -6.018146e-03 9.999787e-01 3.222126e+00
9.999841e-01 1.421520e-03 -5.450646e-03 1.203349e+00 -1.427328e-03 9.999984e-01 -1.061822e-03 -8.347367e-02 5.449128e-03 1.069586e-03 9.999846e-01 2.681930e+00
9.999945e-01 -1.811968e-03 -2.760150e-03 1.369225e+00 1.834249e-03 9.999656e-01 8.091237e-03 -7.045619e-02 2.745394e-03 -8.096257e-03 9.999635e-01 1.859266e+00
9.999826e-01 1.260315e-03 -5.768984e-03 1.543777e+00 -1.264721e-03 9.999989e-01 -7.602281e-04 -5.449797e-02 5.768020e-03 7.675117e-04 9.999831e-01 1.026559e+00
9.999948e-01 -1.884469e-03 2.621282e-03 1.539822e+00 1.863514e-03 9.999665e-01 7.973503e-03 -3.194091e-02 -2.636220e-03 -7.968577e-03 9.999648e-01 2.227809e-01
9.999996e-01 8.423677e-04 1.401240e-04 1.145431e+00 -8.419737e-04 9.999958e-01 -2.787964e-03 -3.466845e-03 -1.424715e-04 2.787846e-03 9.999961e-01 8.294456e-02
9.999966e-01 -2.214773e-03 1.365595e-03 7.218754e-01 2.205432e-03 9.999744e-01 6.803908e-03 2.512700e-02 -1.380629e-03 -6.800874e-03 9.999759e-01 1.293347e-01
9.999701e-01 1.799093e-03 -7.517885e-03 7.741643e-01 -1.806586e-03 9.999979e-01 -9.899997e-04 3.879725e-02 7.516088e-03 1.003553e-03 9.999713e-01 -4.851907e-01
9.999967e-01 -2.222211e-03 1.260586e-03 8.563609e-01 2.213046e-03 9.999714e-01 7.225310e-03 5.207332e-02 -1.276606e-03 -7.222497e-03 9.999731e-01 -1.159587e+00
9.999643e-01 1.940743e-03 -8.219737e-03 9.556973e-01 -1.948979e-03 9.999976e-01 -9.941588e-04 6.464279e-02 8.217788e-03 1.010144e-03 9.999657e-01 -1.859224e+00
9.999965e-01 -2.296555e-03 1.305209e-03 1.024424e+00 2.287537e-03 9.999738e-01 6.869335e-03 7.671151e-02 -1.320951e-03 -6.866326e-03 9.999756e-01 -2.464478e+00
9.999594e-01 2.212725e-03 -8.730698e-03 1.037076e+00 -2.237463e-03 9.999935e-01 -2.824729e-03 8.337366e-02 8.724391e-03 2.844150e-03 9.999579e-01 -2.816079e+00
9.999898e-01 -2.787186e-03 3.543297e-03 9.870173e-01 2.758398e-03 9.999634e-01 8.103591e-03 9.875568e-02 -3.565754e-03 -8.093736e-03 9.999609e-01 -3.279880e+00
9.999782e-01 2.129238e-03 -6.254949e-03 8.868083e-01 -2.141857e-03 9.999957e-01 -2.011508e-03 1.194754e-01 6.250639e-03 2.024862e-03 9.999784e-01 -3.833867e+00
9.999967e-01 -2.439478e-03 -7.908528e-04 9.609056e-01 2.446558e-03 9.999558e-01 9.078410e-03 1.354379e-01 7.686710e-04 -9.080315e-03 9.999585e-01 -4.579950e+00
9.999852e-01 2.023311e-03 -5.055365e-03 1.112702e+00 -2.030220e-03 9.999970e-01 -1.361898e-03 1.521217e-01 5.052595e-03 1.372142e-03 9.999863e-01 -5.485615e+00
9.999971e-01 -2.381289e-03 -3.699782e-04 1.180236e+00 2.384159e-03 9.999655e-01 7.959109e-03 1.675134e-01 3.510122e-04 -7.959969e-03 9.999683e-01 -6.192614e+00
9.999783e-01 2.195644e-03 -6.210010e-03 1.220179e+00 -2.213431e-03 9.999935e-01 -2.858841e-03 1.772569e-01 6.203693e-03 2.872525e-03 9.999766e-01 -6.687345e+00
9.999971e-01 -2.421608e-03 8.345262e-05 1.231700e+00 2.420886e-03 9.999669e-01 7.771457e-03 1.875451e-01 -1.022696e-04 -7.771233e-03 9.999698e-01 -7.149397e+00
9.999782e-01 2.227362e-03 -6.211205e-03 1.240442e+00 -2.245468e-03 9.999932e-01 -2.909688e-03 1.982973e-01 6.204683e-03 2.923572e-03 9.999765e-01 -7.612978e+00
9.999968e-01 -2.472889e-03 5.997953e-04 1.233165e+00 2.468011e-03 9.999650e-01 8.000311e-03 2.101950e-01 -6.195585e-04 -7.998805e-03 9.999678e-01 -8.104445e+00
9.999710e-01 2.215869e-03 -7.283638e-03 1.281326e+00 -2.233836e-03 9.999945e-01 -2.459549e-03 2.214485e-01 7.278148e-03 2.475749e-03 9.999704e-01 -8.661111e+00
9.999966e-01 -2.464486e-03 8.992069e-04 1.309194e+00 2.457750e-03 9.999695e-01 7.417109e-03 2.313521e-01 -9.174592e-04 -7.414874e-03 9.999721e-01 -9.140892e+00
9.999775e-01 2.200052e-03 -6.335398e-03 1.295535e+00 -2.214141e-03 9.999951e-01 -2.217726e-03 2.439903e-01 6.330488e-03 2.231704e-03 9.999775e-01 -9.625048e+00
9.999957e-01 -2.399198e-03 1.684427e-03 1.221862e+00 2.388512e-03 9.999772e-01 6.317366e-03 2.536432e-01 -1.699546e-03 -6.313316e-03 9.999786e-01 -9.914758e+00
9.999696e-01 2.323015e-03 -7.446349e-03 1.202653e+00 -2.342284e-03 9.999939e-01 -2.580067e-03 2.598216e-01 7.440310e-03 2.597431e-03 9.999689e-01 -1.018839e+01
9.999960e-01 -2.597377e-03 1.160640e-03 1.222599e+00 2.588872e-03 9.999702e-01 7.269453e-03 2.705879e-01 -1.179487e-03 -7.266419e-03 9.999729e-01 -1.065955e+01
9.999723e-01 2.340067e-03 -7.072624e-03 1.252353e+00 -2.350398e-03 9.999962e-01 -1.452772e-03 2.840983e-01 7.069198e-03 1.469355e-03 9.999739e-01 -1.126820e+01
9.999933e-01 -2.778222e-03 2.395133e-03 1.215304e+00 2.760716e-03 9.999697e-01 7.281525e-03 3.011249e-01 -2.415290e-03 -7.274864e-03 9.999706e-01 -1.185420e+01
9.999882e-01 2.397696e-03 -4.236095e-03 1.045873e+00 -2.403485e-03 9.999962e-01 -1.362063e-03 3.233255e-01 4.232813e-03 1.372229e-03 9.999901e-01 -1.237817e+01
9.999894e-01 -2.817668e-03 3.644786e-03 8.324446e-01 2.794410e-03 9.999758e-01 6.370643e-03 3.433620e-01 -3.662648e-03 -6.360391e-03 9.999731e-01 -1.273908e+01
9.999395e-01 2.630678e-03 -1.068317e-02 8.491686e-01 -2.654929e-03 9.999939e-01 -2.256463e-03 3.506046e-01 1.067717e-02 2.284690e-03 9.999404e-01 -1.309675e+01
9.999923e-01 -2.705555e-03 2.847179e-03 8.955586e-01 2.688555e-03 9.999786e-01 5.957862e-03 3.542971e-01 -2.863238e-03 -5.950162e-03 9.999782e-01 -1.340855e+01
9.999391e-01 2.716658e-03 -1.069317e-02 9.700663e-01 -2.747300e-03 9.999922e-01 -2.851944e-03 3.547381e-01 1.068534e-02 2.881148e-03 9.999388e-01 -1.366333e+01
9.999526e-01 -4.437179e-03 8.672202e-03 4.818916e-01 4.372300e-03 9.999624e-01 7.485940e-03 3.834718e-01 -8.705093e-03 -7.447668e-03 9.999344e-01 -1.325876e+01
9.999770e-01 2.068434e-03 -6.457131e-03 -1.039797e-01 -2.090906e-03 9.999918e-01 -3.475454e-03 4.209591e-01 6.449889e-03 3.488876e-03 9.999731e-01 -1.292906e+01
9.999968e-01 -2.538901e-03 2.208675e-04 -2.091769e-01 2.537621e-03 9.999810e-01 5.616302e-03 4.228998e-01 -2.351229e-04 -5.615724e-03 9.999842e-01 -1.284063e+01
9.999773e-01 2.299423e-03 -6.336937e-03 -2.809654e-01 -2.320951e-03 9.999916e-01 -3.392005e-03 4.226424e-01 6.329084e-03 3.406637e-03 9.999742e-01 -1.277613e+01
9.999933e-01 -2.777528e-03 2.371678e-03 -4.333834e-01 2.763740e-03 9.999794e-01 5.796908e-03 4.290657e-01 -2.387731e-03 -5.790315e-03 9.999804e-01 -1.273511e+01
9.999917e-01 1.954848e-03 -3.577580e-03 -7.022016e-01 -1.965080e-03 9.999940e-01 -2.859003e-03 4.451423e-01 3.571970e-03 2.866010e-03 9.999895e-01 -1.273420e+01
9.999951e-01 -2.777773e-03 1.417051e-03 -9.614181e-01 2.769621e-03 9.999798e-01 5.722804e-03 4.609419e-01 -1.432920e-03 -5.718852e-03 9.999826e-01 -1.274041e+01
9.999682e-01 2.522355e-03 -7.563087e-03 -1.049572e+00 -2.550258e-03 9.999900e-01 -3.681974e-03 4.622616e-01 7.553725e-03 3.701145e-03 9.999646e-01 -1.269643e+01
9.999963e-01 -2.702249e-03 -3.143566e-05 -1.034943e+00 2.702397e-03 9.999747e-01 6.572811e-03 4.645924e-01 1.367314e-05 -6.572873e-03 9.999784e-01 -1.288555e+01
9.999756e-01 2.683445e-03 -6.447836e-03 -1.043578e+00 -2.706267e-03 9.999901e-01 -3.533354e-03 4.675835e-01 6.438291e-03 3.550718e-03 9.999730e-01 -1.308352e+01
9.999948e-01 -2.739314e-03 -1.686670e-03 -1.029448e+00 2.749332e-03 9.999784e-01 5.966683e-03 4.669552e-01 1.670288e-03 -5.971290e-03 9.999808e-01 -1.320259e+01
9.999766e-01 2.744803e-03 -6.270663e-03 -9.783509e-01 -2.763376e-03 9.999918e-01 -2.955231e-03 4.678286e-01 6.262501e-03 2.972491e-03 9.999760e-01 -1.343258e+01
9.999888e-01 -4.685490e-03 -7.046776e-04 -1.422580e+00 4.690135e-03 9.999663e-01 6.741412e-03 4.878368e-01 6.730667e-04 -6.744642e-03 9.999770e-01 -1.269802e+01
9.999997e-01 -6.004380e-04 -5.355129e-04 -2.510556e+00 5.999516e-04 9.999994e-01 -9.081306e-04 5.426622e-01 5.360582e-04 9.078097e-04 9.999994e-01 -1.096806e+01
9.999934e-01 -3.125944e-03 1.861775e-03 -3.232495e+00 3.116903e-03 9.999834e-01 4.839801e-03 5.860178e-01 -1.876874e-03 -4.833966e-03 9.999866e-01 -1.006002e+01
9.999500e-01 2.957699e-03 -9.552291e-03 -3.253110e+00 -2.980438e-03 9.999928e-01 -2.367149e-03 5.864026e-01 9.545221e-03 2.395501e-03 9.999516e-01 -1.013438e+01
9.999923e-01 -2.976053e-03 2.569069e-03 -3.280041e+00 2.963566e-03 9.999838e-01 4.850662e-03 5.842948e-01 -2.583464e-03 -4.843011e-03 9.999849e-01 -1.012690e+01
9.999005e-01 2.313438e-03 -1.391301e-02 -3.327610e+00 -2.356361e-03 9.999925e-01 -3.069507e-03 5.751830e-01 1.390581e-02 3.101987e-03 9.998985e-01 -9.618773e+00
9.999902e-01 -3.228205e-03 3.027440e-03 -3.388744e+00 3.213696e-03 9.999834e-01 4.785090e-03 5.660074e-01 -3.042837e-03 -4.775314e-03 9.999840e-01 -9.062475e+00
9.999105e-01 2.430221e-03 -1.315563e-02 -3.437846e+00 -2.471083e-03 9.999922e-01 -3.090749e-03 5.574643e-01 1.314802e-02 3.122981e-03 9.999087e-01 -8.579191e+00
9.999885e-01 -3.053850e-03 3.705202e-03 -3.499049e+00 3.035887e-03 9.999837e-01 4.843889e-03 5.515482e-01 -3.719935e-03 -4.832585e-03 9.999814e-01 -8.210489e+00
9.999092e-01 2.730617e-03 -1.319979e-02 -3.532259e+00 -2.766737e-03 9.999925e-01 -2.718963e-03 5.470202e-01 1.319227e-02 2.755237e-03 9.999092e-01 -8.026194e+00
9.999798e-01 -3.036183e-03 5.578342e-03 -3.463226e+00 2.996904e-03 9.999708e-01 7.036286e-03 5.523363e-01 -5.599542e-03 -7.019427e-03 9.999597e-01 -8.403960e+00
9.999448e-01 2.868004e-03 -1.011252e-02 -3.510653e+00 -2.898675e-03 9.999912e-01 -3.019634e-03 5.605000e-01 1.010377e-02 3.048781e-03 9.999443e-01 -8.699315e+00
9.999767e-01 -3.367699e-03 5.933421e-03 -3.663263e+00 3.330738e-03 9.999751e-01 6.228145e-03 5.670859e-01 -5.954248e-03 -6.208238e-03 9.999630e-01 -8.667081e+00
9.999417e-01 2.446380e-03 -1.051250e-02 -3.884568e+00 -2.481219e-03 9.999915e-01 -3.302325e-03 5.766040e-01 1.050433e-02 3.328217e-03 9.999393e-01 -8.450536e+00
9.999214e-01 -5.070961e-03 -1.147060e-02 -4.249275e+00 5.156338e-03 9.999591e-01 7.425773e-03 5.747451e-01 1.143248e-02 -7.484336e-03 9.999066e-01 -6.796608e+00
9.999518e-01 1.488993e-03 9.700977e-03 -4.921146e+00 -1.469469e-03 9.999969e-01 -2.019335e-03 6.033749e-01 -9.703953e-03 2.004984e-03 9.999509e-01 -5.622346e+00
9.995450e-01 -6.501654e-03 -2.945440e-02 -5.680930e+00 6.736782e-03 9.999462e-01 7.890604e-03 6.185593e-01 2.940151e-02 -8.085442e-03 9.995350e-01 -3.150701e+00
9.997250e-01 1.080115e-03 2.342420e-02 -6.336406e+00 -1.000493e-03 9.999937e-01 -3.410567e-03 6.329734e-01 -2.342773e-02 3.386194e-03 9.997198e-01 -1.037210e+00
9.994228e-01 -1.387202e-03 -3.394394e-02 -6.394910e+00 1.613224e-03 9.999767e-01 6.632207e-03 6.254736e-01 3.393395e-02 -6.683138e-03 9.994017e-01 -6.749687e-01
9.999804e-01 2.099524e-04 6.257685e-03 -6.458752e+00 -1.874899e-04 9.999935e-01 -3.589928e-03 5.952176e-01 -6.258398e-03 3.588685e-03 9.999740e-01 1.068899e+00
9.995852e-01 -2.274426e-03 -2.870886e-02 -6.642757e+00 2.463797e-03 9.999754e-01 6.562613e-03 5.744839e-01 2.869323e-02 -6.630625e-03 9.995663e-01 2.708885e+00
9.999523e-01 3.700256e-04 9.764123e-03 -6.797493e+00 -3.353322e-04 9.999936e-01 -3.554532e-03 5.584658e-01 -9.765376e-03 3.551089e-03 9.999460e-01 4.110095e+00
9.992133e-01 -1.900348e-03 -3.961222e-02 -6.835008e+00 2.155053e-03 9.999773e-01 6.388269e-03 5.213057e-01 3.959918e-02 -6.468610e-03 9.991947e-01 6.017610e+00
9.996931e-01 1.262704e-03 2.474255e-02 -6.869795e+00 -1.147713e-03 9.999885e-01 -4.661164e-03 5.041452e-01 -2.474815e-02 4.631336e-03 9.996830e-01 6.799782e+00
9.995443e-01 -1.244206e-03 -3.015975e-02 -6.947470e+00 1.482867e-03 9.999678e-01 7.892182e-03 5.101910e-01 3.014896e-02 -7.933309e-03 9.995139e-01 6.640439e+00
9.997071e-01 1.131419e-03 2.417593e-02 -7.031382e+00 -1.000516e-03 9.999848e-01 -5.425995e-03 5.113699e-01 -2.418170e-02 5.400218e-03 9.996930e-01 6.670998e+00
9.995230e-01 -1.029512e-03 -3.086683e-02 -7.068522e+00 1.283302e-03 9.999655e-01 8.203406e-03 5.144301e-01 3.085732e-02 -8.239105e-03 9.994898e-01 6.529846e+00
9.997151e-01 9.861193e-04 2.384962e-02 -7.041582e+00 -8.873512e-04 9.999910e-01 -4.151509e-03 5.217976e-01 -2.385350e-02 4.129164e-03 9.997069e-01 6.161773e+00
9.995581e-01 -1.049200e-03 -2.970630e-02 -7.026552e+00 1.305452e-03 9.999621e-01 8.608093e-03 5.313401e-01 2.969614e-02 -8.643070e-03 9.995216e-01 5.757487e+00
9.997303e-01 9.390864e-04 2.320618e-02 -7.008815e+00 -8.390584e-04 9.999903e-01 -4.319759e-03 5.399944e-01 -2.321001e-02 4.299123e-03 9.997214e-01 5.374639e+00
9.994852e-01 -1.289847e-03 -3.205886e-02 -7.097672e+00 1.509313e-03 9.999756e-01 6.822472e-03 5.386481e-01 3.204928e-02 -6.867347e-03 9.994627e-01 5.655256e+00
9.998149e-01 5.555998e-04 1.923324e-02 -7.136953e+00 -4.573886e-04 9.999868e-01 -5.110337e-03 5.263006e-01 -1.923583e-02 5.100595e-03 9.998020e-01 6.332720e+00
9.995386e-01 -1.308391e-03 -3.034702e-02 -7.179345e+00 1.513128e-03 9.999762e-01 6.724552e-03 5.153701e-01 3.033750e-02 -6.767369e-03 9.995168e-01 6.905284e+00
9.997408e-01 8.683618e-04 2.275206e-02 -7.264425e+00 -7.593077e-04 9.999882e-01 -4.801344e-03 5.149740e-01 -2.275597e-02 4.782824e-03 9.997296e-01 7.073696e+00
9.995170e-01 -9.350551e-04 -3.106280e-02 -7.286073e+00 1.148454e-03 9.999759e-01 6.852803e-03 5.101904e-01 3.105564e-02 -6.885168e-03 9.994939e-01 7.218281e+00
9.997396e-01 8.063795e-04 2.280376e-02 -7.267255e+00 -7.227286e-04 9.999930e-01 -3.676287e-03 5.133036e-01 -2.280657e-02 3.658849e-03 9.997332e-01 7.009508e+00
9.995635e-01 -7.108082e-04 -2.953523e-02 -7.228795e+00 9.261007e-04 9.999731e-01 7.276312e-03 5.169620e-01 2.952926e-02 -7.300489e-03 9.995373e-01 6.731938e+00
9.997766e-01 8.478330e-04 2.111874e-02 -7.168506e+00 -7.617811e-04 9.999914e-01 -4.082370e-03 5.175470e-01 -2.112202e-02 4.065370e-03 9.997686e-01 6.494030e+00
9.995986e-01 -8.324952e-04 -2.831913e-02 -7.189381e+00 1.024685e-03 9.999765e-01 6.772741e-03 5.163458e-01 2.831283e-02 -6.799041e-03 9.995760e-01 6.483290e+00
9.997830e-01 6.008545e-04 2.082156e-02 -7.261879e+00 -5.024865e-04 9.999887e-01 -4.729235e-03 5.151222e-01 -2.082416e-02 4.717747e-03 9.997720e-01 6.619382e+00
9.996420e-01 -6.737635e-04 -2.674837e-02 -7.319372e+00 8.816823e-04 9.999695e-01 7.762118e-03 5.182175e-01 2.674232e-02 -7.782923e-03 9.996121e-01 6.552430e+00
9.998093e-01 5.380729e-04 1.952308e-02 -7.370644e+00 -4.333638e-04 9.999855e-01 -5.367173e-03 5.181419e-01 -1.952569e-02 5.357689e-03 9.997950e-01 6.587187e+00
9.995811e-01 -6.812844e-04 -2.893237e-02 -7.364642e+00 9.076246e-04 9.999691e-01 7.810674e-03 5.167380e-01 2.892615e-02 -7.833662e-03 9.995509e-01 6.560060e+00
9.997983e-01 8.603484e-04 2.006437e-02 -7.299377e+00 -7.602984e-04 9.999872e-01 -4.993535e-03 5.149412e-01 -2.006841e-02 4.977274e-03 9.997862e-01 6.408354e+00
9.996067e-01 -9.280054e-04 -2.802694e-02 -7.271685e+00 1.166944e-03 9.999631e-01 8.510190e-03 5.176613e-01 2.801801e-02 -8.539550e-03 9.995709e-01 6.188708e+00
9.997972e-01 6.676841e-04 2.012908e-02 -7.170862e+00 -6.480153e-04 9.999993e-01 -9.836316e-04 5.366317e-01 -2.012972e-02 9.703887e-04 9.997969e-01 5.312855e+00
9.997357e-01 -9.207659e-04 -2.297091e-02 -7.156804e+00 1.089677e-03 9.999725e-01 7.341835e-03 5.505878e-01 2.296352e-02 -7.364926e-03 9.997092e-01 4.817650e+00
9.998815e-01 9.769308e-04 1.536649e-02 -7.166852e+00 -9.202794e-04 9.999928e-01 -3.693309e-03 5.570738e-01 -1.536998e-02 3.678730e-03 9.998751e-01 4.541529e+00
9.997414e-01 -9.992752e-04 -2.271843e-02 -7.037626e+00 1.225304e-03 9.999499e-01 9.937419e-03 5.695064e-01 2.270736e-02 -9.962686e-03 9.996925e-01 3.847647e+00
9.999880e-01 3.543142e-04 -4.879085e-03 -7.016766e+00 -3.883244e-04 9.999756e-01 -6.971474e-03 5.440824e-01 4.876496e-03 6.973285e-03 9.999638e-01 5.090173e+00
9.999191e-01 -1.340999e-03 -1.265139e-02 -7.054002e+00 1.455673e-03 9.999579e-01 9.059302e-03 5.221687e-01 1.263871e-02 -9.076985e-03 9.998789e-01 6.090456e+00
9.999986e-01 1.425480e-04 1.665331e-03 -7.299576e+00 -1.335028e-04 9.999852e-01 -5.430169e-03 5.281642e-01 -1.666080e-03 5.429939e-03 9.999839e-01 6.698748e+00
9.998778e-01 -3.161038e-03 -1.531149e-02 -7.520867e+00 3.281081e-03 9.999640e-01 7.821350e-03 5.198328e-01 1.528621e-02 -7.870632e-03 9.998522e-01 8.092844e+00
9.999916e-01 2.511035e-03 3.236979e-03 -7.544707e+00 -2.490416e-03 9.999767e-01 -6.357875e-03 5.078327e-01 -3.252868e-03 6.349761e-03 9.999745e-01 8.652710e+00
9.999489e-01 -2.903392e-03 -9.682834e-03 -7.682090e+00 2.990120e-03 9.999554e-01 8.954575e-03 5.139409e-01 9.656404e-03 -8.983070e-03 9.999130e-01 8.679759e+00
9.999157e-01 9.028387e-04 1.295568e-02 -8.351150e+00 -8.672792e-04 9.999958e-01 -2.750034e-03 5.592417e-01 -1.295811e-02 2.738567e-03 9.999123e-01 8.880388e+00
9.999595e-01 -3.370951e-03 -8.339777e-03 -9.001888e+00 3.431220e-03 9.999680e-01 7.222986e-03 6.056942e-01 8.315162e-03 -7.251310e-03 9.999391e-01 9.095111e+00
9.999948e-01 3.115066e-03 8.306702e-04 -8.891179e+00 -3.114567e-03 9.999950e-01 -6.004596e-04 6.210675e-01 -8.325362e-04 5.978699e-04 9.999995e-01 8.322370e+00
9.999732e-01 -3.449980e-03 -6.456753e-03 -8.765220e+00 3.503772e-03 9.999591e-01 8.338573e-03 6.396074e-01 6.427721e-03 -8.360974e-03 9.999444e-01 7.427372e+00
9.999954e-01 3.025616e-03 3.284368e-04 -8.604195e+00 -3.026289e-03 9.999933e-01 2.068132e-03 6.672746e-01 -3.221769e-04 -2.069115e-03 9.999978e-01 6.140209e+00
9.999781e-01 -3.450767e-03 -5.653201e-03 -8.411988e+00 3.498037e-03 9.999588e-01 8.373163e-03 6.942397e-01 5.624074e-03 -8.392755e-03 9.999490e-01 4.905530e+00
9.999947e-01 3.201161e-03 -5.268627e-04 -8.244983e+00 -3.201809e-03 9.999941e-01 -1.234726e-03 7.090865e-01 5.229073e-04 1.236407e-03 9.999991e-01 4.062749e+00
9.999785e-01 -3.480996e-03 -5.560885e-03 -8.131271e+00 3.525158e-03 9.999622e-01 7.951518e-03 7.243250e-01 5.532995e-03 -7.970950e-03 9.999529e-01 3.283173e+00
9.999942e-01 3.229958e-03 -1.075540e-03 -8.037373e+00 -3.230973e-03 9.999943e-01 -9.435931e-04 7.404610e-01 1.072486e-03 9.470633e-04 9.999990e-01 2.495060e+00
9.999931e-01 -3.688024e-03 -3.574824e-04 -8.170591e+00 3.691614e-03 9.999367e-01 1.062752e-02 7.776865e-01 3.182649e-04 -1.062877e-02 9.999435e-01 1.463130e+00
9.999926e-01 3.151572e-03 2.215782e-03 -8.391822e+00 -3.145930e-03 9.999918e-01 -2.544855e-03 8.108851e-01 -2.223784e-03 2.537866e-03 9.999943e-01 7.027313e-01
9.999553e-01 -3.171516e-03 -8.902575e-03 -8.320132e+00 3.239616e-03 9.999655e-01 7.645539e-03 8.194902e-01 8.878020e-03 -7.674039e-03 9.999311e-01 2.132998e-01
9.999941e-01 3.160719e-03 1.329275e-03 -8.238047e+00 -3.155645e-03 9.999878e-01 -3.801558e-03 8.243223e-01 -1.341274e-03 3.797341e-03 9.999919e-01 -1.539813e-01
9.999568e-01 -3.072139e-03 -8.768618e-03 -8.194698e+00 3.135989e-03 9.999686e-01 7.277282e-03 8.266765e-01 8.745986e-03 -7.304467e-03 9.999351e-01 -3.977763e-01
9.999956e-01 2.969659e-03 -6.794888e-05 -8.089076e+00 -2.969856e-03 9.999907e-01 -3.116306e-03 8.313121e-01 5.869421e-05 3.116495e-03 9.999951e-01 -8.074647e-01
9.999667e-01 -3.055856e-03 -7.563289e-03 -7.967261e+00 3.121957e-03 9.999569e-01 8.743480e-03 8.418466e-01 7.536244e-03 -8.766802e-03 9.999332e-01 -1.412103e+00
9.999954e-01 2.997169e-03 5.052105e-04 -7.832634e+00 -2.995536e-03 9.999904e-01 -3.202121e-03 8.513881e-01 -5.148026e-04 3.200594e-03 9.999947e-01 -2.014010e+00
9.999551e-01 -3.153099e-03 -8.931819e-03 -7.697323e+00 3.243283e-03 9.999437e-01 1.010045e-02 8.662998e-01 8.899468e-03 -1.012897e-02 9.999091e-01 -2.801554e+00
9.999859e-01 2.909276e-03 4.442698e-03 -7.595272e+00 -2.893623e-03 9.999896e-01 -3.525665e-03 8.798161e-01 -4.452909e-03 3.512760e-03 9.999839e-01 -3.474688e+00
9.999031e-01 -2.921028e-03 -1.361064e-02 -7.445467e+00 3.054770e-03 9.999472e-01 9.815936e-03 8.926894e-01 1.358125e-02 -9.856563e-03 9.998592e-01 -4.192558e+00
9.999672e-01 2.639064e-03 7.661832e-03 -7.244049e+00 -2.632755e-03 9.999962e-01 -8.333862e-04 9.142843e-01 -7.664002e-03 8.131876e-04 9.999703e-01 -5.266854e+00
9.999086e-01 -2.845296e-03 -1.321888e-02 -7.094462e+00 2.955399e-03 9.999610e-01 8.317207e-03 9.314069e-01 1.319470e-02 -8.355515e-03 9.998780e-01 -6.120013e+00
9.999780e-01 2.724494e-03 6.045980e-03 -6.980393e+00 -2.708018e-03 9.999926e-01 -2.731658e-03 9.425808e-01 -6.053377e-03 2.715226e-03 9.999780e-01 -6.729700e+00
9.999074e-01 -2.799753e-03 -1.331774e-02 -6.861444e+00 2.924836e-03 9.999517e-01 9.382084e-03 9.569772e-01 1.329083e-02 -9.420168e-03 9.998673e-01 -7.464228e+00
9.999745e-01 2.710031e-03 6.613483e-03 -6.864212e+00 -2.680158e-03 9.999862e-01 -4.521614e-03 9.589979e-01 -6.625645e-03 4.503774e-03 9.999679e-01 -7.662316e+00
9.997363e-01 -3.025516e-03 -2.276280e-02 -6.871068e+00 3.224890e-03 9.999567e-01 8.727143e-03 9.580071e-01 2.273541e-02 -8.798250e-03 9.997028e-01 -7.404907e+00
9.999206e-01 2.863257e-03 1.226777e-02 -6.800586e+00 -2.823171e-03 9.999906e-01 -3.283643e-03 9.571377e-01 -1.227706e-02 3.248749e-03 9.999194e-01 -7.513704e+00
9.994928e-01 -3.968884e-03 -3.159745e-02 -6.925492e+00 4.174569e-03 9.999705e-01 6.446270e-03 9.463256e-01 3.157093e-02 -6.574907e-03 9.994799e-01 -6.467521e+00
9.999635e-01 1.003745e-03 8.486663e-03 -7.236455e+00 -9.828364e-04 9.999965e-01 -2.467453e-03 9.336576e-01 -8.489110e-03 2.459022e-03 9.999609e-01 -4.489895e+00
9.996910e-01 -3.455801e-03 -2.461693e-02 -7.407133e+00 3.567101e-03 9.999836e-01 4.478851e-03 9.204367e-01 2.460105e-02 -4.565278e-03 9.996869e-01 -3.104201e+00
9.998486e-01 3.478736e-03 1.704995e-02 -7.327514e+00 -3.465615e-03 9.999937e-01 -7.990369e-04 9.233852e-01 -1.705262e-02 7.398279e-04 9.998543e-01 -3.454892e+00
9.997172e-01 -3.434787e-03 -2.353150e-02 -7.302617e+00 3.561783e-03 9.999793e-01 5.357060e-03 9.318249e-01 2.351261e-02 -5.439359e-03 9.997087e-01 -3.882782e+00
9.998672e-01 3.323659e-03 1.595545e-02 -7.180139e+00 -3.323603e-03 9.999945e-01 -2.998799e-05 9.407923e-01 -1.595546e-02 -2.304505e-05 9.998727e-01 -4.459389e+00
9.998760e-01 -3.995750e-03 -1.523486e-02 -7.519173e+00 4.073425e-03 9.999788e-01 5.070892e-03 9.655985e-01 1.521427e-02 -5.132321e-03 9.998711e-01 -4.565901e+00
9.998837e-01 3.534033e-03 1.483676e-02 -7.844935e+00 -3.528757e-03 9.999937e-01 -3.817751e-04 9.917725e-01 -1.483802e-02 3.293759e-04 9.998899e-01 -4.819951e+00
9.997473e-01 -3.680135e-03 -2.217616e-02 -7.686120e+00 3.844056e-03 9.999656e-01 7.353703e-03 1.006104e+00 2.214833e-02 -7.437091e-03 9.997270e-01 -5.624344e+00
9.998687e-01 3.416270e-03 1.584153e-02 -7.562328e+00 -3.411798e-03 9.999941e-01 -3.093297e-04 1.022081e+00 -1.584249e-02 2.552415e-04 9.998745e-01 -6.425411e+00
9.998657e-01 -3.807553e-03 -1.593868e-02 -7.781697e+00 3.947705e-03 9.999537e-01 8.771009e-03 1.058737e+00 1.590455e-02 -8.832753e-03 9.998345e-01 -7.268010e+00
9.997701e-01 3.152251e-03 2.121074e-02 -8.200695e+00 -3.116061e-03 9.999936e-01 -1.739019e-03 1.094901e+00 -2.121609e-02 1.672525e-03 9.997735e-01 -7.772529e+00
9.996155e-01 -3.175325e-03 -2.754674e-02 -8.165605e+00 3.374554e-03 9.999685e-01 7.188955e-03 1.109010e+00 2.752304e-02 -7.279150e-03 9.995947e-01 -8.345513e+00
9.997526e-01 2.862657e-03 2.205796e-02 -8.105790e+00 -2.888722e-03 9.999952e-01 1.149906e-03 1.133773e+00 -2.205456e-02 -1.213340e-03 9.997560e-01 -9.309654e+00
9.997288e-01 -3.273196e-03 -2.305462e-02 -8.291311e+00 3.466965e-03 9.999590e-01 8.369854e-03 1.172844e+00 2.302627e-02 -8.447515e-03 9.996992e-01 -1.028963e+01
9.997431e-01 2.994236e-03 2.246830e-02 -8.469105e+00 -2.977275e-03 9.999953e-01 -7.882784e-04 1.200699e+00 -2.247056e-02 7.211821e-04 9.997472e-01 -1.098495e+01
9.995971e-01 -2.912133e-03 -2.823327e-02 -8.389786e+00 3.121290e-03 9.999680e-01 7.366971e-03 1.217867e+00 2.821091e-02 -7.452127e-03 9.995742e-01 -1.171698e+01
9.998439e-01 3.019350e-03 1.740764e-02 -8.191815e+00 -2.972375e-03 9.999919e-01 -2.723767e-03 1.219703e+00 -1.741572e-02 2.671600e-03 9.998448e-01 -1.213708e+01
9.994874e-01 -3.325453e-03 -3.184225e-02 -8.036074e+00 3.488750e-03 9.999810e-01 5.074165e-03 1.206207e+00 3.182478e-02 -5.182654e-03 9.994800e-01 -1.194290e+01
9.997831e-01 3.261657e-03 2.056912e-02 -7.968106e+00 -3.218614e-03 9.999926e-01 -2.125373e-03 1.205572e+00 -2.057590e-02 2.058709e-03 9.997862e-01 -1.210861e+01
9.995160e-01 -3.107454e-03 -3.095199e-02 -7.879294e+00 3.257840e-03 9.999831e-01 4.809432e-03 1.196309e+00 3.093652e-02 -4.907942e-03 9.995093e-01 -1.204873e+01
9.997435e-01 3.003511e-03 2.244697e-02 -7.760586e+00 -2.999038e-03 9.999955e-01 -2.329264e-04 1.201011e+00 -2.244757e-02 1.655478e-04 9.997480e-01 -1.250954e+01
9.995574e-01 -2.953179e-03 -2.960196e-02 -7.629782e+00 3.120945e-03 9.999793e-01 5.622813e-03 1.209810e+00 2.958474e-02 -5.712711e-03 9.995460e-01 -1.308042e+01
9.997399e-01 3.095195e-03 2.259461e-02 -7.610745e+00 -3.030664e-03 9.999912e-01 -2.889723e-03 1.208426e+00 -2.260336e-02 2.820496e-03 9.997405e-01 -1.315625e+01
9.995996e-01 -2.873635e-03 -2.814903e-02 -7.671261e+00 3.043346e-03 9.999774e-01 5.988053e-03 1.213322e+00 2.813119e-02 -6.071323e-03 9.995858e-01 -1.334975e+01
9.997867e-01 2.843298e-03 2.045665e-02 -7.608435e+00 -2.827429e-03 9.999957e-01 -8.046059e-04 1.223741e+00 -2.045885e-02 7.465950e-04 9.997904e-01 -1.390214e+01
9.996195e-01 -2.840621e-03 -2.743541e-02 -7.452614e+00 3.045094e-03 9.999679e-01 7.413975e-03 1.237084e+00 2.741347e-02 -7.494698e-03 9.995961e-01 -1.463731e+01
9.997805e-01 2.836315e-03 2.075674e-02 -7.427236e+00 -2.772279e-03 9.999913e-01 -3.113181e-03 1.245525e+00 -2.076539e-02 3.054955e-03 9.997797e-01 -1.506487e+01
9.996638e-01 -2.793500e-03 -2.577853e-02 -7.498407e+00 2.988382e-03 9.999672e-01 7.524447e-03 1.257649e+00 2.575667e-02 -7.598953e-03 9.996394e-01 -1.544731e+01
9.996883e-01 2.553639e-03 2.483343e-02 -7.781223e+00 -2.491792e-03 9.999937e-01 -2.521084e-03 1.280803e+00 -2.483972e-02 2.458419e-03 9.996884e-01 -1.577741e+01
9.996923e-01 -2.716918e-03 -2.465463e-02 -8.056525e+00 2.904408e-03 9.999671e-01 7.572079e-03 1.303699e+00 2.463325e-02 -7.641357e-03 9.996674e-01 -1.612881e+01
9.998450e-01 2.674602e-03 1.740258e-02 -7.968598e+00 -2.630730e-03 9.999933e-01 -2.543399e-03 1.312278e+00 -1.740926e-02 2.497223e-03 9.998453e-01 -1.663298e+01
9.997010e-01 -2.636953e-03 -2.430916e-02 -7.904749e+00 2.803027e-03 9.999730e-01 6.800198e-03 1.319414e+00 2.429057e-02 -6.866304e-03 9.996814e-01 -1.704239e+01
9.998647e-01 2.377510e-03 1.627373e-02 -7.794334e+00 -2.385553e-03 9.999970e-01 4.748526e-04 1.337395e+00 -1.627255e-02 -5.136097e-04 9.998675e-01 -1.789464e+01
9.997585e-01 -2.494895e-03 -2.183586e-02 -7.654299e+00 2.657876e-03 9.999688e-01 7.438090e-03 1.355837e+00 2.181662e-02 -7.494331e-03 9.997339e-01 -1.877600e+01
9.998861e-01 2.530429e-03 1.488117e-02 -7.638305e+00 -2.480807e-03 9.999913e-01 -3.352087e-03 1.362038e+00 -1.488952e-02 3.314788e-03 9.998837e-01 -1.911975e+01
9.997563e-01 -2.565989e-03 -2.192743e-02 -7.614903e+00 2.741071e-03 9.999646e-01 7.958299e-03 1.371823e+00 2.190624e-02 -8.016464e-03 9.997279e-01 -1.957730e+01
9.998560e-01 2.566496e-03 1.677245e-02 -7.663209e+00 -2.513187e-03 9.999917e-01 -3.198639e-03 1.382192e+00 -1.678052e-02 3.156027e-03 9.998542e-01 -1.997225e+01
9.997078e-01 -2.596221e-03 -2.403427e-02 -7.580773e+00 2.835001e-03 9.999469e-01 9.906248e-03 1.399217e+00 2.400727e-02 -9.971491e-03 9.996621e-01 -2.075137e+01
9.998524e-01 2.631959e-03 1.697662e-02 -7.460648e+00 -2.566956e-03 9.999893e-01 -3.849656e-03 1.410297e+00 -1.698657e-02 3.805510e-03 9.998485e-01 -2.139429e+01
9.996838e-01 -2.472106e-03 -2.502244e-02 -7.384920e+00 2.643378e-03 9.999733e-01 6.813995e-03 1.410352e+00 2.500493e-02 -6.877985e-03 9.996637e-01 -2.162882e+01
9.998483e-01 2.626476e-03 1.722130e-02 -7.336402e+00 -2.570959e-03 9.999914e-01 -3.245074e-03 1.412910e+00 -1.722967e-02 3.200306e-03 9.998464e-01 -2.191666e+01
9.996695e-01 -2.526464e-03 -2.558516e-02 -7.232629e+00 2.701701e-03 9.999731e-01 6.816951e-03 1.415577e+00 2.556725e-02 -6.883822e-03 9.996494e-01 -2.226471e+01
9.998467e-01 2.583946e-03 1.731855e-02 -7.139678e+00 -2.529895e-03 9.999919e-01 -3.142183e-03 1.418441e+00 -1.732653e-02 3.097888e-03 9.998451e-01 -2.260676e+01
9.996685e-01 -2.489945e-03 -2.562777e-02 -7.036943e+00 2.672377e-03 9.999713e-01 7.086735e-03 1.422599e+00 2.560938e-02 -7.152873e-03 9.996464e-01 -2.299526e+01
9.998229e-01 2.437330e-03 1.865931e-02 -6.995408e+00 -2.388504e-03 9.999937e-01 -2.638535e-03 1.431380e+00 -1.866562e-02 2.593501e-03 9.998224e-01 -2.344993e+01
9.997222e-01 -2.446215e-03 -2.344253e-02 -7.060775e+00 2.631403e-03 9.999656e-01 7.872116e-03 1.446373e+00 2.342246e-02 -7.931616e-03 9.996942e-01 -2.393404e+01
9.998270e-01 2.443788e-03 1.843988e-02 -7.093534e+00 -2.397884e-03 9.999940e-01 -2.511066e-03 1.459022e+00 -1.844591e-02 2.466415e-03 9.998268e-01 -2.441741e+01
9.996412e-01 -2.334766e-03 -2.668409e-02 -6.947156e+00 2.528712e-03 9.999706e-01 7.236798e-03 1.465105e+00 2.666640e-02 -7.301679e-03 9.996177e-01 -2.495063e+01
9.998186e-01 2.268337e-03 1.891272e-02 -6.866342e+00 -2.217402e-03 9.999939e-01 -2.713687e-03 1.471376e+00 -1.891876e-02 2.671258e-03 9.998175e-01 -2.540832e+01
9.996370e-01 -2.213759e-03 -2.684963e-02 -6.815889e+00 2.400161e-03 9.999732e-01 6.912216e-03 1.477518e+00 2.683361e-02 -6.974151e-03 9.996156e-01 -2.581746e+01
9.998396e-01 2.348345e-03 1.775542e-02 -6.750493e+00 -2.284766e-03 9.999909e-01 -3.600235e-03 1.478145e+00 -1.776372e-02 3.559091e-03 9.998359e-01 -2.606190e+01
9.994056e-01 -3.157078e-03 -3.432944e-02 -6.876868e+00 3.364176e-03 9.999765e-01 5.976577e-03 1.472144e+00 3.430977e-02 -6.088515e-03 9.993927e-01 -2.519448e+01
9.996427e-01 8.641292e-04 2.671535e-02 -7.168358e+00 -7.799841e-04 9.999947e-01 -3.159940e-03 1.479283e+00 -2.671793e-02 3.137974e-03 9.996381e-01 -2.428647e+01
9.993495e-01 -1.264386e-03 -3.604239e-02 -7.144278e+00 1.497756e-03 9.999781e-01 6.448619e-03 1.479867e+00 3.603344e-02 -6.498407e-03 9.993295e-01 -2.428032e+01
9.996107e-01 1.300003e-03 2.787069e-02 -7.045382e+00 -1.235475e-03 9.999965e-01 -2.332345e-03 1.484226e+00 -2.787363e-02 2.297004e-03 9.996088e-01 -2.471328e+01
9.993796e-01 -1.183912e-03 -3.519877e-02 -6.912726e+00 1.519455e-03 9.999536e-01 9.507614e-03 1.499780e+00 3.518588e-02 -9.555199e-03 9.993351e-01 -2.557456e+01
9.995165e-01 3.947738e-04 3.109112e-02 -7.139692e+00 -2.637620e-04 9.999911e-01 -4.217778e-03 1.511185e+00 -3.109250e-02 4.207538e-03 9.995077e-01 -2.548848e+01
9.990609e-01 -1.232307e-03 -4.331110e-02 -7.202512e+00 1.494837e-03 9.999807e-01 6.029637e-03 1.501904e+00 4.330283e-02 -6.088718e-03 9.990434e-01 -2.484594e+01
9.995262e-01 1.362414e-03 3.074958e-02 -7.170820e+00 -1.241805e-03 9.999915e-01 -3.941057e-03 1.490570e+00 -3.075468e-02 3.901005e-03 9.995194e-01 -2.460933e+01
9.990149e-01 -1.367902e-03 -4.435515e-02 -7.029169e+00 1.656660e-03 9.999777e-01 6.474037e-03 1.479726e+00 4.434530e-02 -6.541142e-03 9.989948e-01 -2.451333e+01
9.993713e-01 1.090190e-03 3.543858e-02 -6.889195e+00 -1.064558e-03 9.999992e-01 -7.421388e-04 1.488902e+00 -3.543936e-02 7.039462e-04 9.993716e-01 -2.516125e+01
9.990985e-01 -1.147859e-03 -4.243636e-02 -6.770112e+00 1.558027e-03 9.999524e-01 9.633701e-03 1.511424e+00 4.242328e-02 -9.691134e-03 9.990527e-01 -2.621630e+01
9.993575e-01 1.043361e-03 3.582646e-02 -6.658082e+00 -9.374467e-04 9.999951e-01 -2.972964e-03 1.526751e+00 -3.582938e-02 2.937468e-03 9.993536e-01 -2.697291e+01
9.990751e-01 -8.805929e-04 -4.299023e-02 -6.549291e+00 1.280737e-03 9.999561e-01 9.281150e-03 1.539583e+00 4.298017e-02 -9.327626e-03 9.990324e-01 -2.768701e+01
9.993178e-01 8.254226e-04 3.692117e-02 -6.429513e+00 -6.887217e-04 9.999929e-01 -3.715063e-03 1.549596e+00 -3.692398e-02 3.687101e-03 9.993113e-01 -2.828794e+01
9.990024e-01 -6.011146e-04 -4.465249e-02 -6.327447e+00 9.544672e-04 9.999684e-01 7.892498e-03 1.554288e+00 4.464634e-02 -7.927244e-03 9.989714e-01 -2.869960e+01
9.993286e-01 7.193696e-04 3.662992e-02 -6.208640e+00 -5.948042e-04 9.999940e-01 -3.411420e-03 1.559510e+00 -3.663215e-02 3.387343e-03 9.993231e-01 -2.915564e+01
9.990002e-01 -4.520696e-04 -4.470239e-02 -6.080795e+00 7.840749e-04 9.999722e-01 7.409767e-03 1.562403e+00 4.469780e-02 -7.437409e-03 9.989729e-01 -2.953441e+01
9.993876e-01 6.470469e-04 3.498570e-02 -5.997118e+00 -4.701367e-04 9.999871e-01 -5.064623e-03 1.555224e+00 -3.498853e-02 5.045074e-03 9.993750e-01 -2.951597e+01
9.988867e-01 -5.445158e-04 -4.717105e-02 -5.945544e+00 8.553680e-04 9.999781e-01 6.569966e-03 1.545048e+00 4.716644e-02 -6.603000e-03 9.988652e-01 -2.931285e+01
9.992761e-01 5.898811e-04 3.803939e-02 -5.864714e+00 -4.509623e-04 9.999932e-01 -3.660439e-03 1.543643e+00 -3.804129e-02 3.640635e-03 9.992695e-01 -2.950788e+01
9.989572e-01 -3.198014e-04 -4.565470e-02 -5.851850e+00 5.981557e-04 9.999813e-01 6.083423e-03 1.542577e+00 4.565190e-02 -6.104388e-03 9.989388e-01 -2.961806e+01
9.992964e-01 5.736674e-04 3.750059e-02 -5.827474e+00 -4.255814e-04 9.999921e-01 -3.956754e-03 1.539623e+00 -3.750256e-02 3.938011e-03 9.992888e-01 -2.969341e+01
9.989804e-01 -3.109321e-04 -4.514457e-02 -5.828983e+00 6.187544e-04 9.999767e-01 6.804782e-03 1.541808e+00 4.514140e-02 -6.825778e-03 9.989573e-01 -2.988419e+01
9.992434e-01 5.184783e-04 3.888849e-02 -5.873801e+00 -3.530247e-04 9.999909e-01 -4.261300e-03 1.543479e+00 -3.889034e-02 4.244348e-03 9.992345e-01 -2.998152e+01
9.988842e-01 -2.512674e-04 -4.722625e-02 -5.832597e+00 5.813007e-04 9.999755e-01 6.974747e-03 1.543438e+00 4.722334e-02 -6.994417e-03 9.988599e-01 -3.017410e+01
9.989176e-01 -1.909156e-04 4.651391e-02 -6.157356e+00 3.151788e-04 9.999964e-01 -2.664201e-03 1.565390e+00 -4.651323e-02 2.675978e-03 9.989141e-01 -3.024453e+01
9.988453e-01 1.841783e-04 -4.804268e-02 -6.389879e+00 1.731483e-04 9.999724e-01 7.433428e-03 1.585801e+00 4.804273e-02 -7.433163e-03 9.988176e-01 -3.057542e+01
9.990973e-01 -2.912273e-04 4.247900e-02 -6.377618e+00 4.034557e-04 9.999965e-01 -2.633418e-03 1.594910e+00 -4.247808e-02 2.648179e-03 9.990939e-01 -3.100275e+01
9.989990e-01 6.091332e-05 -4.473171e-02 -6.527006e+00 3.261884e-04 9.999626e-01 8.646513e-03 1.618589e+00 4.473056e-02 -8.652449e-03 9.989616e-01 -3.154707e+01
9.988269e-01 -6.201697e-04 4.841873e-02 -6.909180e+00 6.992456e-04 9.999984e-01 -1.616239e-03 1.653801e+00 -4.841765e-02 1.648200e-03 9.988258e-01 -3.204830e+01
9.987889e-01 9.779905e-04 -4.919210e-02 -6.781077e+00 -3.282075e-04 9.999126e-01 1.321544e-02 1.688822e+00 4.920072e-02 -1.318329e-02 9.987019e-01 -3.355158e+01
9.992853e-01 -1.656371e-03 3.776560e-02 -6.299095e+00 1.680823e-03 9.999984e-01 -6.157282e-04 1.718549e+00 -3.776452e-02 6.787657e-04 9.992864e-01 -3.532180e+01
9.990178e-01 1.615068e-03 -4.428214e-02 -6.199358e+00 -1.300431e-03 9.999737e-01 7.133186e-03 1.732162e+00 4.429249e-02 -7.068594e-03 9.989936e-01 -3.602657e+01
9.993319e-01 -1.548177e-03 3.651539e-02 -6.115598e+00 1.668893e-03 9.999932e-01 -3.275643e-03 1.735832e+00 -3.651007e-02 3.334395e-03 9.993277e-01 -3.640129e+01
9.990188e-01 1.729190e-03 -4.425387e-02 -6.031837e+00 -1.413346e-03 9.999733e-01 7.167392e-03 1.739575e+00 4.426508e-02 -7.097814e-03 9.989946e-01 -3.676944e+01
9.993397e-01 -1.601994e-03 3.629807e-02 -5.957219e+00 1.738699e-03 9.999915e-01 -3.734893e-03 1.741881e+00 -3.629178e-02 3.795539e-03 9.993340e-01 -3.707799e+01
9.990345e-01 1.899538e-03 -4.389075e-02 -5.860598e+00 -1.540160e-03 9.999650e-01 8.220384e-03 1.747251e+00 4.390483e-02 -8.144849e-03 9.990025e-01 -3.754668e+01
9.993557e-01 2.813133e-04 3.589065e-02 -5.175455e+00 -4.043278e-04 9.999941e-01 3.420279e-03 1.762593e+00 -3.588947e-02 -3.432586e-03 9.993499e-01 -3.938732e+01
9.986653e-01 -2.839687e-04 -5.164796e-02 -4.474538e+00 7.299312e-04 9.999626e-01 8.616007e-03 1.787992e+00 5.164358e-02 -8.642207e-03 9.986282e-01 -4.118315e+01
9.990335e-01 4.215805e-04 4.395357e-02 -4.368691e+00 -2.339968e-04 9.999908e-01 -4.272820e-03 1.793191e+00 -4.395497e-02 4.258406e-03 9.990244e-01 -4.161719e+01
9.985296e-01 1.226292e-05 -5.420923e-02 -4.247911e+00 3.905179e-04 9.999724e-01 7.419523e-03 1.791542e+00 5.420782e-02 -7.429783e-03 9.985020e-01 -4.185558e+01
9.990047e-01 -7.863656e-05 4.460524e-02 -4.077245e+00 1.559789e-04 9.999985e-01 -1.730444e-03 1.799712e+00 -4.460503e-02 1.735680e-03 9.990032e-01 -4.250987e+01
9.987229e-01 2.993748e-04 -5.052115e-02 -3.936618e+00 1.101072e-04 9.999672e-01 8.102188e-03 1.812143e+00 5.052192e-02 -8.097404e-03 9.986901e-01 -4.320493e+01
9.991200e-01 -1.316300e-04 4.194249e-02 -3.844931e+00 3.399590e-04 9.999876e-01 -4.959915e-03 1.812666e+00 -4.194132e-02 4.969809e-03 9.991077e-01 -4.344229e+01
9.984969e-01 1.965623e-04 -5.480840e-02 -3.850196e+00 1.937981e-04 9.999747e-01 7.116873e-03 1.804063e+00 5.480841e-02 -7.116797e-03 9.984715e-01 -4.304314e+01
9.990491e-01 -3.009592e-04 4.359873e-02 -3.739866e+00 4.667653e-04 9.999927e-01 -3.792864e-03 1.799243e+00 -4.359727e-02 3.809607e-03 9.990419e-01 -4.309808e+01
9.986444e-01 5.604756e-04 -5.204860e-02 -3.575570e+00 2.975115e-06 9.999414e-01 1.082477e-02 1.813312e+00 5.205162e-02 -1.081025e-02 9.985859e-01 -4.395556e+01
9.989328e-01 -6.022633e-04 4.618295e-02 -3.430484e+00 7.402134e-04 9.999953e-01 -2.969983e-03 1.829797e+00 -4.618094e-02 3.000999e-03 9.989286e-01 -4.480609e+01
9.985358e-01 8.369115e-04 -5.408841e-02 -3.244887e+00 -3.456752e-04 9.999586e-01 9.090821e-03 1.838356e+00 5.409378e-02 -9.058814e-03 9.984948e-01 -4.547745e+01
9.989114e-01 -1.074237e-03 4.663483e-02 -3.085543e+00 1.167464e-03 9.999974e-01 -1.971889e-03 1.852784e+00 -4.663259e-02 2.024188e-03 9.989101e-01 -4.631717e+01
9.985240e-01 1.266933e-03 -5.429681e-02 -2.955097e+00 -8.361404e-04 9.999680e-01 7.956024e-03 1.863909e+00 5.430515e-02 -7.898881e-03 9.984931e-01 -4.696907e+01
9.990086e-01 -1.001025e-03 4.450733e-02 -2.802189e+00 1.151532e-03 9.999937e-01 -3.356098e-03 1.867018e+00 -4.450369e-02 3.404022e-03 9.990034e-01 -4.738448e+01
9.985112e-01 1.348928e-03 -5.453032e-02 -2.600559e+00 -9.080233e-04 9.999667e-01 8.109467e-03 1.868141e+00 5.453944e-02 -8.047879e-03 9.984792e-01 -4.780297e+01
9.989582e-01 -1.437551e-03 4.561153e-02 -2.429283e+00 1.530135e-03 9.999968e-01 -1.994994e-03 1.876885e+00 -4.560852e-02 2.062708e-03 9.989573e-01 -4.847653e+01
9.986481e-01 1.518907e-03 -5.195810e-02 -2.332628e+00 -1.023641e-03 9.999538e-01 9.557329e-03 1.895467e+00 5.197021e-02 -9.491222e-03 9.986035e-01 -4.933887e+01
9.988186e-01 -1.761721e-03 4.856151e-02 -2.382345e+00 1.882784e-03 9.999952e-01 -2.447362e-03 1.916765e+00 -4.855696e-02 2.535901e-03 9.988172e-01 -5.005046e+01
9.983871e-01 1.916524e-03 -5.674057e-02 -2.342715e+00 -1.454091e-03 9.999654e-01 8.190124e-03 1.928680e+00 5.675431e-02 -8.094409e-03 9.983554e-01 -5.056041e+01
