9.999724e-01 6.750753e-04 -7.392221e-03 1.862529e-01 -6.738457e-04 9.999998e-01 1.688334e-04 -6.044470e-03 7.392333e-03 -1.638483e-04 9.999727e-01 -2.554283e-01
9.999999e-01 -2.286498e-04 3.371003e-04 3.241376e-01 2.287650e-04 9.999999e-01 -3.415913e-04 -1.109309e-02 -3.370218e-04 3.416691e-04 9.999999e-01 -4.692144e-01
9.999856e-01 7.829135e-04 -5.315571e-03 5.664922e-01 -7.826724e-04 9.999997e-01 4.744151e-05 -1.795300e-02 5.315607e-03 -4.328119e-05 9.999859e-01 -7.990381e-01
9.999782e-01 -3.007669e-03 -5.871846e-03 3.130788e-01 3.018161e-03 9.999939e-01 1.778863e-03 -9.045694e-03 5.866460e-03 -1.796545e-03 9.999812e-01 -2.330659e-01
9.999146e-01 -2.059095e-03 -1.290734e-02 -7.950808e-02 2.076218e-03 9.999970e-01 1.313386e-03 -4.062498e-03 1.290460e-02 -1.340073e-03 9.999158e-01 1.557218e+00
9.999842e-01 -2.986341e-03 -4.760186e-03 -4.881418e-01 2.995514e-03 9.999937e-01 1.921032e-03 7.059663e-04 4.754420e-03 -1.935260e-03 9.999868e-01 3.138528e+00
9.999948e-01 7.048390e-04 -3.144820e-03 -1.028458e+00 -7.088280e-04 9.999989e-01 -1.267501e-03 2.551175e-02 3.143923e-03 1.269723e-03 9.999943e-01 4.198951e+00
9.998084e-01 -4.477592e-03 -1.905657e-02 -1.207866e+00 4.564574e-03 9.999794e-01 4.523373e-03 1.372508e-02 1.903592e-02 -4.609491e-03 9.998082e-01 5.738803e+00
9.999376e-01 -2.518529e-03 -1.088287e-02 -1.373647e+00 2.529413e-03 9.999963e-01 9.864267e-04 -1.581923e-02 1.088034e-02 -1.013893e-03 9.999403e-01 8.305090e+00
9.997649e-01 -4.512533e-03 -2.120938e-02 -1.539180e+00 4.617317e-03 9.999774e-01 4.894090e-03 -4.224745e-02 2.118681e-02 -4.990869e-03 9.997631e-01 1.086041e+01
9.999227e-01 -4.170689e-03 -1.171662e-02 -2.029411e+00 4.190724e-03 9.999898e-01 1.685868e-03 -5.432374e-02 1.170947e-02 -1.734840e-03 9.999299e-01 1.401557e+01
9.999945e-01 4.263580e-05 3.319120e-03 -2.545586e+00 -4.096068e-05 9.999999e-01 -5.047280e-04 -4.136568e-02 -3.319141e-03 5.045900e-04 9.999944e-01 1.610349e+01
9.998676e-01 -3.603646e-04 -1.626611e-02 -2.539786e+00 3.788576e-04 9.999993e-01 1.133838e-03 -4.998350e-02 1.626569e-02 -1.139851e-03 9.998671e-01 1.633841e+01
9.999988e-01 -9.017375e-04 1.225228e-03 -2.591482e+00 9.015969e-04 9.999996e-01 1.153358e-04 -5.875249e-02 -1.225331e-03 -1.142303e-04 9.999992e-01 1.684728e+01
9.999480e-01 1.030421e-03 -1.014610e-02 -2.632901e+00 -1.032267e-03 9.999995e-01 -1.767328e-04 -6.237025e-02 1.014592e-02 1.871964e-04 9.999485e-01 1.701438e+01
9.999962e-01 -6.256855e-04 2.686626e-03 -2.501028e+00 6.252918e-04 9.999998e-01 1.474320e-04 -6.821345e-02 -2.686717e-03 -1.457509e-04 9.999964e-01 1.683463e+01
9.999373e-01 7.307559e-04 -1.117695e-02 -2.518761e+00 -7.327544e-04 9.999997e-01 -1.747070e-04 -7.042280e-02 1.117682e-02 1.828853e-04 9.999375e-01 1.681701e+01
9.999915e-01 -5.172253e-04 4.086114e-03 -2.630171e+00 5.178017e-04 9.999999e-01 -1.399768e-04 -6.702282e-02 -4.086041e-03 1.420921e-04 9.999916e-01 1.687188e+01
9.999501e-01 8.023612e-04 -9.960327e-03 -2.756202e+00 -8.064479e-04 9.999996e-01 -4.062760e-04 -6.198851e-02 9.959997e-03 4.142875e-04 9.999503e-01 1.692222e+01
9.999919e-01 -5.496917e-04 3.980817e-03 -2.785919e+00 5.498712e-04 9.999998e-01 -4.396472e-05 -5.911260e-02 -3.980792e-03 4.615400e-05 9.999921e-01 1.681964e+01
9.999647e-01 8.014205e-04 -8.368768e-03 -2.824853e+00 -8.062306e-04 9.999995e-01 -5.713897e-04 -5.425320e-02 8.368306e-03 5.781160e-04 9.999648e-01 1.668617e+01
9.999946e-01 -5.392930e-04 3.232261e-03 -2.857310e+00 5.390066e-04 9.999999e-01 8.951949e-05 -5.049496e-02 -3.232308e-03 -8.777611e-05 9.999948e-01 1.656869e+01
9.999672e-01 6.983196e-04 -8.073025e-03 -2.921705e+00 -7.031795e-04 9.999996e-01 -5.991618e-04 -4.605440e-02 8.072603e-03 6.048182e-04 9.999672e-01 1.649469e+01
9.999994e-01 -5.728702e-04 9.853899e-04 -2.990143e+00 5.725490e-04 9.999998e-01 3.262964e-04 -4.436522e-02 -9.855763e-04 -3.257313e-04 9.999995e-01 1.648334e+01
9.999803e-01 6.501361e-04 -6.242602e-03 -3.099783e+00 -6.556420e-04 9.999994e-01 -8.799722e-04 -3.917687e-02 6.242026e-03 8.840471e-04 9.999801e-01 1.646673e+01
9.999981e-01 -4.654225e-04 1.914189e-03 -3.214238e+00 4.650341e-04 9.999999e-01 2.033909e-04 -3.338383e-02 -1.914283e-03 -2.024996e-04 9.999981e-01 1.643124e+01
9.999673e-01 8.575218e-04 -8.037511e-03 -3.179499e+00 -8.633851e-04 9.999994e-01 -7.260271e-04 -3.532767e-02 8.036883e-03 7.329422e-04 9.999674e-01 1.627012e+01
9.999984e-01 -3.063795e-04 1.742967e-03 -3.048156e+00 3.052822e-04 9.999998e-01 6.298946e-04 -4.035704e-02 -1.743159e-03 -6.293608e-04 9.999983e-01 1.605508e+01
9.999431e-01 3.980288e-04 -1.065731e-02 -3.064641e+00 -4.042883e-04 9.999997e-01 -5.851857e-04 -4.409236e-02 1.065708e-02 5.894603e-04 9.999430e-01 1.606052e+01
9.999940e-01 -3.229489e-04 3.442185e-03 -3.175411e+00 3.222054e-04 9.999999e-01 2.165954e-04 -4.204052e-02 -3.442255e-03 -2.154843e-04 9.999941e-01 1.613181e+01
9.999622e-01 3.866177e-04 -8.683509e-03 -3.285466e+00 -3.939895e-04 9.999996e-01 -8.472236e-04 -3.732891e-02 8.683178e-03 8.506121e-04 9.999619e-01 1.610948e+01
9.999971e-01 -4.895050e-04 2.361779e-03 -3.401456e+00 4.882714e-04 9.999997e-01 5.229320e-04 -3.306261e-02 -2.362034e-03 -5.217766e-04 9.999971e-01 1.611556e+01
9.999528e-01 7.964527e-04 -9.680499e-03 -3.432094e+00 -8.057115e-04 9.999992e-01 -9.525572e-04 -3.358842e-02 9.679732e-03 9.603113e-04 9.999527e-01 1.604943e+01
9.999927e-01 -1.172097e-03 3.624746e-03 -3.607676e+00 1.169482e-03 9.999991e-01 7.236674e-04 -2.668734e-02 -3.625591e-03 -7.194223e-04 9.999932e-01 1.614181e+01
9.999784e-01 7.181970e-04 -6.535734e-03 -3.980083e+00 -7.280301e-04 9.999986e-01 -1.502238e-03 -6.434390e-03 6.534646e-03 1.506963e-03 9.999775e-01 1.642069e+01
9.999981e-01 -1.302875e-03 -1.424153e-03 -4.222278e+00 1.304953e-03 9.999981e-01 1.458466e-03 1.949973e-03 1.422251e-03 -1.460321e-03 9.999979e-01 1.677709e+01
9.999760e-01 1.115415e-03 -6.832164e-03 -4.400081e+00 -1.126818e-03 9.999980e-01 -1.665301e-03 7.391687e-03 6.830292e-03 1.672959e-03 9.999753e-01 1.694360e+01
9.999987e-01 -1.241847e-03 1.074047e-03 -4.614423e+00 1.240693e-03 9.999987e-01 1.074762e-03 1.693477e-02 -1.075380e-03 -1.073427e-03 9.999988e-01 1.712020e+01
9.999475e-01 1.043347e-03 -1.019709e-02 -4.779055e+00 -1.053986e-03 9.999989e-01 -1.038072e-03 2.059167e-02 1.019600e-02 1.048765e-03 9.999475e-01 1.739891e+01
9.999983e-01 -1.018976e-03 1.549821e-03 -4.845084e+00 1.017791e-03 9.999992e-01 7.651707e-04 1.835108e-02 -1.550599e-03 -7.635913e-04 9.999985e-01 1.746026e+01
9.999623e-01 1.197254e-03 -8.597338e-03 -4.901946e+00 -1.207099e-03 9.999986e-01 -1.140077e-03 1.759249e-02 8.595961e-03 1.150411e-03 9.999624e-01 1.742260e+01
9.999989e-01 -1.500611e-03 -1.714020e-04 -5.024752e+00 1.500808e-03 9.999982e-01 1.154181e-03 1.906956e-02 1.696701e-04 -1.154436e-03 9.999993e-01 1.752012e+01
9.999642e-01 1.035984e-03 -8.398406e-03 -5.215529e+00 -1.046044e-03 9.999987e-01 -1.193428e-03 2.399367e-02 8.397158e-03 1.202169e-03 9.999640e-01 1.785077e+01
9.999811e-01 -2.018033e-03 -5.800062e-03 -5.271659e+00 2.031682e-03 9.999952e-01 2.348236e-03 1.560895e-02 5.795296e-03 -2.359975e-03 9.999804e-01 1.836988e+01
9.999979e-01 1.922581e-03 7.738623e-04 -5.254448e+00 -1.920422e-03 9.999943e-01 -2.781119e-03 1.653847e-02 -7.792051e-04 2.779627e-03 9.999958e-01 1.849436e+01
9.999710e-01 -1.591795e-03 -7.447606e-03 -5.253778e+00 1.609608e-03 9.999959e-01 2.386399e-03 1.529007e-02 7.443777e-03 -2.398317e-03 9.999694e-01 1.839535e+01
9.999981e-01 1.442539e-03 -1.312819e-03 -5.344359e+00 -1.445597e-03 9.999962e-01 -2.330779e-03 1.601763e-02 1.309452e-03 2.332671e-03 9.999964e-01 1.846166e+01
9.999622e-01 -1.730664e-03 -8.515805e-03 -5.464001e+00 1.751209e-03 9.999956e-01 2.405656e-03 1.631746e-02 8.511604e-03 -2.420477e-03 9.999608e-01 1.871025e+01
9.999971e-01 1.650605e-03 -1.776543e-03 -5.560436e+00 -1.654676e-03 9.999960e-01 -2.292133e-03 1.482629e-02 1.772753e-03 2.295066e-03 9.999958e-01 1.892982e+01
9.999667e-01 -1.609332e-03 -8.000877e-03 -5.656312e+00 1.627224e-03 9.999962e-01 2.230172e-03 1.355554e-02 7.997258e-03 -2.243116e-03 9.999655e-01 1.912134e+01
9.999984e-01 1.806259e-03 1.396694e-04 -5.763435e+00 -1.805892e-03 9.999950e-01 -2.585208e-03 1.513450e-02 -1.443386e-04 2.584951e-03 9.999966e-01 1.919496e+01
9.999739e-01 -1.884514e-03 -6.974100e-03 -5.892766e+00 1.899889e-03 9.999958e-01 2.198512e-03 1.960644e-02 6.969928e-03 -2.211704e-03 9.999733e-01 1.922548e+01
9.999975e-01 1.693107e-03 1.431326e-03 -6.077248e+00 -1.689228e-03 9.999949e-01 -2.706793e-03 2.666699e-02 -1.435902e-03 2.704368e-03 9.999953e-01 1.931714e+01
9.999649e-01 -1.561804e-03 -8.236349e-03 -6.169039e+00 1.579949e-03 9.999963e-01 2.197002e-03 2.752310e-02 8.232888e-03 -2.209937e-03 9.999637e-01 1.932444e+01
9.999985e-01 1.731269e-03 8.582423e-05 -6.232622e+00 -1.731051e-03 9.999954e-01 -2.484347e-03 2.603188e-02 -9.012523e-05 2.484194e-03 9.999969e-01 1.933934e+01
9.999894e-01 -1.843468e-03 -4.221441e-03 -6.391349e+00 1.850466e-03 9.999969e-01 1.654539e-03 3.415827e-02 4.218378e-03 -1.662332e-03 9.999897e-01 1.932775e+01
9.999963e-01 1.667698e-03 2.160296e-03 -6.599002e+00 -1.662131e-03 9.999953e-01 -2.576130e-03 4.623690e-02 -2.164583e-03 2.572529e-03 9.999943e-01 1.932502e+01
9.999258e-01 -1.477715e-03 -1.209526e-02 -6.681166e+00 1.507533e-03 9.999958e-01 2.456475e-03 4.484851e-02 1.209158e-02 -2.474526e-03 9.999238e-01 1.944556e+01
9.999584e-01 1.296528e-03 9.031988e-03 -6.911728e+00 -1.265641e-03 9.999933e-01 -3.424690e-03 5.889135e-02 -9.036368e-03 3.413116e-03 9.999533e-01 1.947320e+01
9.999948e-01 -1.633898e-03 -2.772058e-03 -7.320340e+00 1.637546e-03 9.999978e-01 1.314081e-03 9.104503e-02 2.769905e-03 -1.318613e-03 9.999953e-01 1.941995e+01
9.999906e-01 1.636607e-03 4.027503e-03 -7.580590e+00 -1.625378e-03 9.999948e-01 -2.790057e-03 1.095766e-01 -4.032049e-03 2.783484e-03 9.999880e-01 1.937877e+01
9.999555e-01 -1.490897e-03 -9.311810e-03 -7.675335e+00 1.510908e-03 9.999966e-01 2.142243e-03 1.128822e-01 9.308584e-03 -2.156216e-03 9.999543e-01 1.934136e+01
9.999956e-01 1.518700e-03 2.532786e-03 -7.763400e+00 -1.512354e-03 9.999957e-01 -2.505817e-03 1.148473e-01 -2.536581e-03 2.501975e-03 9.999937e-01 1.932594e+01
9.999563e-01 -1.432828e-03 -9.233396e-03 -7.849462e+00 1.451241e-03 9.999970e-01 1.987684e-03 1.172366e-01 9.230521e-03 -2.000996e-03 9.999554e-01 1.930227e+01
9.999986e-01 1.593484e-03 5.452154e-04 -7.942208e+00 -1.592323e-03 9.999965e-01 -2.122441e-03 1.185457e-01 -5.485958e-04 2.121570e-03 9.999976e-01 1.934980e+01
9.999616e-01 -1.842772e-03 -8.569953e-03 -8.089886e+00 1.859131e-03 9.999965e-01 1.901263e-03 1.235471e-01 8.566419e-03 -1.917122e-03 9.999615e-01 1.943027e+01
9.999934e-01 1.642996e-03 3.234392e-03 -8.227217e+00 -1.635151e-03 9.999957e-01 -2.426710e-03 1.302854e-01 -3.238366e-03 2.421405e-03 9.999918e-01 1.938973e+01
9.999356e-01 -1.660026e-03 -1.122260e-02 -8.333236e+00 1.684575e-03 9.999962e-01 2.178351e-03 1.324209e-01 1.121894e-02 -2.197116e-03 9.999347e-01 1.942229e+01
9.999955e-01 1.626714e-03 2.502053e-03 -8.382506e+00 -1.620515e-03 9.999956e-01 -2.477667e-03 1.317083e-01 -2.506073e-03 2.473601e-03 9.999938e-01 1.940164e+01
9.999706e-01 -1.246006e-03 -7.559606e-03 -8.326475e+00 1.260212e-03 9.999974e-01 1.874690e-03 1.328477e-01 7.557251e-03 -1.884161e-03 9.999697e-01 1.914744e+01
9.999763e-01 -1.634227e-04 -6.879172e-03 -8.429502e+00 1.599083e-04 9.999999e-01 -5.113881e-04 1.279577e-01 6.879255e-03 5.102753e-04 9.999762e-01 1.963479e+01
9.997208e-01 -5.023702e-03 -2.308949e-02 -8.722815e+00 5.145857e-03 9.999731e-01 5.234125e-03 1.159743e-01 2.306258e-02 -5.351479e-03 9.997197e-01 2.181679e+01
9.999829e-01 -1.542456e-03 -5.647410e-03 -8.989936e+00 1.540597e-03 9.999988e-01 -3.335699e-04 9.275885e-02 5.647917e-03 3.248632e-04 9.999840e-01 2.440289e+01
9.998848e-01 -1.844333e-03 -1.506915e-02 -9.165701e+00 1.891528e-03 9.999933e-01 3.118204e-03 8.019252e-02 1.506330e-02 -3.146348e-03 9.998816e-01 2.582264e+01
9.999636e-01 1.456889e-03 8.404091e-03 -9.347144e+00 -1.426581e-03 9.999925e-01 -3.611202e-03 8.617027e-02 -8.409289e-03 3.599081e-03 9.999582e-01 2.608344e+01
9.999118e-01 -1.130262e-03 -1.323530e-02 -9.291739e+00 1.172556e-03 9.999942e-01 3.188196e-03 8.816053e-02 1.323162e-02 -3.203433e-03 9.999073e-01 2.582254e+01
9.999910e-01 -8.231464e-04 -4.173885e-03 -9.389220e+00 8.187048e-04 9.999991e-01 -1.065674e-03 8.022530e-02 4.174758e-03 1.062247e-03 9.999907e-01 2.657086e+01
9.999070e-01 -2.884139e-03 -1.333154e-02 -9.481241e+00 2.930858e-03 9.999896e-01 3.486200e-03 6.453473e-02 1.332134e-02 -3.524948e-03 9.999051e-01 2.787738e+01
9.999960e-01 1.442054e-03 -2.417278e-03 -9.683149e+00 -1.447078e-03 9.999968e-01 -2.077865e-03 6.360864e-02 2.414274e-03 2.081354e-03 9.999949e-01 2.867015e+01
9.998844e-01 -3.762072e-03 -1.473078e-02 -9.929227e+00 3.823385e-03 9.999841e-01 4.136319e-03 6.212620e-02 1.471499e-02 -4.192161e-03 9.998829e-01 2.977492e+01
9.999963e-01 2.679311e-03 4.890551e-04 -9.981108e+00 -2.677809e-03 9.999918e-01 -3.048373e-03 5.102181e-02 -4.972189e-04 3.047051e-03 9.999952e-01 3.040453e+01
9.999499e-01 -2.743817e-03 -9.625007e-03 -1.011014e+01 2.771645e-03 9.999920e-01 2.879003e-03 5.224758e-02 9.617031e-03 -2.905535e-03 9.999495e-01 3.058623e+01
9.999964e-01 2.694732e-03 -2.078255e-05 -1.028108e+01 -2.694781e-03 9.999922e-01 -2.903681e-03 5.638944e-02 1.295748e-05 2.903726e-03 9.999958e-01 3.083776e+01
9.999565e-01 -2.845879e-03 -8.878169e-03 -1.042383e+01 2.870108e-03 9.999922e-01 2.717498e-03 5.863676e-02 8.870366e-03 -2.742861e-03 9.999569e-01 3.107883e+01
9.999950e-01 3.086096e-03 -6.448750e-04 -1.050432e+01 -3.087890e-03 9.999913e-01 -2.798617e-03 5.703948e-02 6.362323e-04 2.800594e-03 9.999959e-01 3.120239e+01
9.999589e-01 -3.084715e-03 -8.526514e-03 -1.057329e+01 3.107080e-03 9.999918e-01 2.610937e-03 5.564806e-02 8.518390e-03 -2.637322e-03 9.999602e-01 3.127135e+01
9.999943e-01 3.027686e-03 1.467761e-03 -1.076907e+01 -3.023154e-03 9.999907e-01 -3.080413e-03 6.342914e-02 -1.477074e-03 3.075957e-03 9.999942e-01 3.140586e+01
9.999684e-01 -3.037300e-03 -7.353132e-03 -1.099813e+01 3.055677e-03 9.999922e-01 2.489245e-03 7.447806e-02 7.345514e-03 -2.511635e-03 9.999699e-01 3.156656e+01
9.999910e-01 3.256654e-03 -2.705230e-03 -1.107151e+01 -3.263465e-03 9.999915e-01 -2.517301e-03 7.248334e-02 2.697009e-03 2.526106e-03 9.999932e-01 3.169576e+01
9.999552e-01 -3.459781e-03 -8.808015e-03 -1.117065e+01 3.484422e-03 9.999901e-01 2.783725e-03 7.008523e-02 8.798297e-03 -2.814290e-03 9.999573e-01 3.200578e+01
9.999933e-01 3.606639e-03 -5.539646e-04 -1.124529e+01 -3.608261e-03 9.999891e-01 -2.955657e-03 6.819695e-02 5.432983e-04 2.957635e-03 9.999955e-01 3.212741e+01
9.999587e-01 -3.439415e-03 -8.408723e-03 -1.125839e+01 3.463289e-03 9.999900e-01 2.826219e-03 6.487688e-02 8.398919e-03 -2.855223e-03 9.999607e-01 3.211266e+01
9.999929e-01 3.551243e-03 -1.265986e-03 -1.124426e+01 -3.554722e-03 9.999899e-01 -2.756141e-03 5.960066e-02 1.256185e-03 2.760621e-03 9.999954e-01 3.209878e+01
9.999674e-01 -3.513765e-03 -7.268257e-03 -1.129244e+01 3.531567e-03 9.999908e-01 2.437790e-03 5.822470e-02 7.259625e-03 -2.463378e-03 9.999706e-01 3.208232e+01
9.999938e-01 3.500895e-03 -4.247920e-04 -1.141329e+01 -3.502064e-03 9.999900e-01 -2.781711e-03 6.103358e-02 4.150491e-04 2.783181e-03 9.999960e-01 3.213472e+01
9.999813e-01 -3.805947e-03 -4.777207e-03 -1.169630e+01 3.816783e-03 9.999902e-01 2.261154e-03 7.546468e-02 4.768555e-03 -2.279345e-03 9.999860e-01 3.232900e+01
9.999932e-01 3.467151e-03 -1.231447e-03 -1.194437e+01 -3.470537e-03 9.999902e-01 -2.758260e-03 8.579927e-02 1.221871e-03 2.762514e-03 9.999954e-01 3.257074e+01
9.999723e-01 -3.262179e-03 -6.684584e-03 -1.202231e+01 3.277594e-03 9.999920e-01 2.296314e-03 8.598446e-02 6.677039e-03 -2.318159e-03 9.999750e-01 3.258092e+01
9.999630e-01 2.460473e-03 -8.240934e-03 -1.209348e+01 -2.469159e-03 9.999964e-01 -1.043902e-03 7.854125e-02 8.238335e-03 1.064211e-03 9.999655e-01 3.308479e+01
9.999626e-01 -3.744088e-03 -7.797768e-03 -1.212090e+01 3.763735e-03 9.999898e-01 2.506410e-03 6.552124e-02 7.788304e-03 -2.535664e-03 9.999665e-01 3.372919e+01
9.999827e-01 3.060841e-03 -5.032557e-03 -1.212192e+01 -3.069726e-03 9.999937e-01 -1.758724e-03 5.483777e-02 5.027142e-03 1.774141e-03 9.999858e-01 3.406939e+01
9.999852e-01 -2.801861e-03 -4.660500e-03 -1.208188e+01 2.809835e-03 9.999946e-01 1.705258e-03 4.878190e-02 4.655697e-03 -1.718327e-03 9.999877e-01 3.399686e+01
9.999911e-01 3.309972e-03 -2.623380e-03 -1.199946e+01 -3.315437e-03 9.999923e-01 -2.081321e-03 4.799028e-02 2.616471e-03 2.090000e-03 9.999944e-01 3.374701e+01
9.996916e-01 -7.579456e-03 -2.365070e-02 -1.219717e+01 7.733796e-03 9.999493e-01 6.441167e-03 3.790527e-02 2.360068e-02 -6.622090e-03 9.996995e-01 3.531452e+01
9.999603e-01 9.042127e-04 -8.862497e-03 -1.255621e+01 -9.108914e-04 9.999993e-01 -7.495481e-04 2.250310e-02 8.861813e-03 7.575906e-04 9.999604e-01 3.789818e+01
9.999882e-01 -4.496509e-03 -1.848290e-03 -1.296549e+01 4.499792e-03 9.999883e-01 1.775673e-03 2.888219e-02 1.840284e-03 -1.783968e-03 9.999967e-01 3.971389e+01
9.999843e-01 4.415696e-03 -3.449006e-03 -1.306676e+01 -4.423052e-03 9.999880e-01 -2.128022e-03 3.321952e-02 3.439568e-03 2.143243e-03 9.999918e-01 3.968578e+01
9.999325e-01 -5.858799e-03 -1.003508e-02 -1.323338e+01 5.891869e-03 9.999773e-01 3.268994e-03 3.407923e-02 1.001570e-02 -3.327898e-03 9.999443e-01 4.022273e+01
9.999830e-01 5.764712e-03 8.570928e-04 -1.328394e+01 -5.761826e-03 9.999778e-01 -3.332758e-03 3.163242e-02 -8.762864e-04 3.327763e-03 9.999941e-01 4.037233e+01
9.999385e-01 -5.511414e-03 -9.619417e-03 -1.325131e+01 5.543661e-03 9.999791e-01 3.328833e-03 2.905504e-02 9.600869e-03 -3.381955e-03 9.999482e-01 4.026202e+01
9.999837e-01 5.701268e-03 1.785428e-04 -1.326241e+01 -5.700609e-03 9.999776e-01 -3.497429e-03 2.404096e-02 -1.984788e-04 3.496354e-03 9.999939e-01 4.025002e+01
9.999563e-01 -5.645075e-03 -7.455449e-03 -1.335730e+01 5.668528e-03 9.999790e-01 3.128309e-03 2.533340e-02 7.437634e-03 -3.170433e-03 9.999673e-01 4.027037e+01
9.999816e-01 5.949017e-03 -1.155595e-03 -1.335648e+01 -5.952763e-03 9.999770e-01 -3.265582e-03 1.888821e-02 1.136141e-03 3.272401e-03 9.999940e-01 4.040345e+01
9.999566e-01 -6.516420e-03 -6.652859e-03 -1.342372e+01 6.536113e-03 9.999743e-01 2.942629e-03 2.067003e-02 6.633512e-03 -2.985985e-03 9.999735e-01 4.054271e+01
9.999727e-01 6.556837e-03 -3.413551e-03 -1.347936e+01 -6.566450e-03 9.999745e-01 -2.812617e-03 1.637050e-02 3.395022e-03 2.834955e-03 9.999902e-01 4.078461e+01
9.999628e-01 -6.700171e-03 -5.431548e-03 -1.348742e+01 6.713868e-03 9.999743e-01 2.507300e-03 1.542843e-02 5.414609e-03 -2.543673e-03 9.999821e-01 4.085794e+01
9.999718e-01 7.084547e-03 -2.474915e-03 -1.341674e+01 -7.091276e-03 9.999712e-01 -2.720823e-03 1.056620e-02 2.455567e-03 2.738296e-03 9.999932e-01 4.070898e+01
9.999771e-01 -6.367934e-03 -2.286697e-03 -1.319251e+01 6.373165e-03 9.999771e-01 2.287242e-03 5.915042e-03 2.272080e-03 -2.301763e-03 9.999948e-01 4.033513e+01
9.999745e-01 7.146870e-03 -7.627507e-05 -1.291196e+01 -7.147032e-03 9.999716e-01 -2.385703e-03 1.886216e-03 5.922242e-05 2.386187e-03 9.999972e-01 3.990358e+01
9.999693e-01 -6.300651e-03 -4.663855e-03 -1.268396e+01 6.311165e-03 9.999776e-01 2.243052e-03 -2.798813e-03 4.649618e-03 -2.272416e-03 9.999866e-01 3.954761e+01
9.999774e-01 6.337464e-03 2.242897e-03 -1.281063e+01 -6.330569e-03 9.999753e-01 -3.068301e-03 7.671610e-03 -2.262287e-03 3.054033e-03 9.999928e-01 3.941367e+01
9.999705e-01 -6.308869e-03 -4.388238e-03 -1.289760e+01 6.317946e-03 9.999779e-01 2.057659e-03 1.609627e-02 4.375159e-03 -2.085322e-03 9.999883e-01 3.923293e+01
9.999749e-01 7.077062e-03 -3.025575e-04 -1.265971e+01 -7.077705e-03 9.999726e-01 -2.177639e-03 1.068400e-02 2.871378e-04 2.179725e-03 9.999976e-01 3.887805e+01
9.999733e-01 -6.862582e-03 -2.521610e-03 -1.273924e+01 6.866576e-03 9.999752e-01 1.578377e-03 1.932057e-02 2.510716e-03 -1.595649e-03 9.999956e-01 3.874263e+01
9.999726e-01 7.035760e-03 -2.301978e-03 -1.273669e+01 -7.040629e-03 9.999730e-01 -2.113903e-03 1.934546e-02 2.287042e-03 2.130051e-03 9.999951e-01 3.866319e+01
9.999680e-01 -6.648602e-03 -4.440338e-03 -1.283602e+01 6.655809e-03 9.999766e-01 1.610107e-03 2.716361e-02 4.429530e-03 -1.639609e-03 9.999888e-01 3.867358e+01
9.999766e-01 6.690928e-03 -1.459162e-03 -1.299875e+01 -6.693838e-03 9.999756e-01 -1.998667e-03 3.441454e-02 1.445754e-03 2.008387e-03 9.999969e-01 3.877741e+01
9.999790e-01 -6.081563e-03 -2.238722e-03 -1.320006e+01 6.084009e-03 9.999809e-01 1.087205e-03 4.694669e-02 2.232068e-03 -1.100802e-03 9.999969e-01 3.889467e+01
9.999631e-01 6.608977e-03 -5.491807e-03 -1.307101e+01 -6.615389e-03 9.999775e-01 -1.150005e-03 3.924812e-02 5.484083e-03 1.186293e-03 9.999843e-01 3.873211e+01
9.999762e-01 -6.885545e-03 -4.389805e-04 -1.324746e+01 6.885923e-03 9.999759e-01 8.645279e-04 4.626049e-02 4.330173e-04 -8.675295e-04 9.999995e-01 3.882980e+01
9.999700e-01 7.039873e-03 -3.246288e-03 -1.343886e+01 -7.046529e-03 9.999731e-01 -2.043360e-03 5.755549e-02 3.231816e-03 2.066173e-03 9.999926e-01 3.882851e+01
9.999750e-01 -6.578504e-03 -2.600287e-03 -1.332933e+01 6.583641e-03 9.999764e-01 1.972039e-03 5.488850e-02 2.587252e-03 -1.989109e-03 9.999947e-01 3.859878e+01
9.999677e-01 7.081953e-03 -3.798151e-03 -1.321165e+01 -7.090734e-03 9.999722e-01 -2.303424e-03 5.060528e-02 3.781733e-03 2.330280e-03 9.999901e-01 3.837599e+01
9.999750e-01 -6.927590e-03 1.384246e-03 -1.292008e+01 6.924098e-03 9.999729e-01 2.511753e-03 4.790958e-02 -1.401609e-03 -2.502105e-03 9.999959e-01 3.802825e+01
9.999578e-01 6.603927e-03 -6.393610e-03 -1.277288e+01 -6.618595e-03 9.999755e-01 -2.275732e-03 4.466322e-02 6.378425e-03 2.317952e-03 9.999770e-01 3.790639e+01
9.999759e-01 -6.490345e-03 -2.449298e-03 -1.284064e+01 6.495318e-03 9.999768e-01 2.028120e-03 4.304040e-02 2.436078e-03 -2.043980e-03 9.999949e-01 3.794933e+01
9.999433e-01 6.484066e-03 -8.450923e-03 -1.291765e+01 -6.499831e-03 9.999772e-01 -1.839288e-03 3.967394e-02 8.438804e-03 1.894113e-03 9.999626e-01 3.815302e+01
9.999709e-01 -6.970129e-03 -3.095162e-03 -1.296825e+01 6.976949e-03 9.999732e-01 2.198010e-03 3.449079e-02 3.079759e-03 -2.219541e-03 9.999928e-01 3.839523e+01
9.999196e-01 5.601084e-03 -1.137614e-02 -1.299832e+01 -5.611106e-03 9.999839e-01 -8.492365e-04 2.648326e-02 1.137120e-02 9.130003e-04 9.999349e-01 3.881787e+01
9.999345e-01 -7.681123e-03 -8.486102e-03 -1.306928e+01 7.708574e-03 9.999651e-01 3.206853e-03 1.387965e-02 8.461174e-03 -3.272058e-03 9.999589e-01 3.980338e+01
9.998130e-01 2.465460e-03 -1.918232e-02 -1.330488e+01 -2.435135e-03 9.999957e-01 1.604150e-03 -1.999609e-03 1.918619e-02 -1.557139e-03 9.998147e-01 4.187034e+01
9.999248e-01 -8.430383e-03 -8.908731e-03 -1.354951e+01 8.459855e-03 9.999588e-01 3.275706e-03 -2.320976e-02 8.880749e-03 -3.350826e-03 9.999550e-01 4.420692e+01
9.995104e-01 -1.126626e-03 -3.126766e-02 -1.423053e+01 1.280169e-03 9.999872e-01 4.891042e-03 -2.742838e-02 3.126175e-02 -4.928676e-03 9.994991e-01 4.788568e+01
9.998652e-01 -6.354612e-03 1.514012e-02 -1.493547e+01 6.377171e-03 9.999786e-01 -1.442167e-03 -2.041972e-02 -1.513063e-02 1.538524e-03 9.998843e-01 5.129438e+01
9.995865e-01 4.991682e-03 -2.831739e-02 -1.499401e+01 -4.916894e-03 9.999842e-01 2.710080e-03 -3.120373e-02 2.833047e-02 -2.569726e-03 9.995953e-01 5.202457e+01
9.998617e-01 -5.384299e-03 1.573778e-02 -1.502650e+01 5.416958e-03 9.999833e-01 -2.033285e-03 -3.886850e-02 -1.572657e-02 2.118255e-03 9.998741e-01 5.233066e+01
9.996375e-01 5.279117e-03 -2.640040e-02 -1.508545e+01 -5.218343e-03 9.999836e-01 2.370397e-03 -4.342194e-02 2.641248e-02 -2.231772e-03 9.996486e-01 5.257470e+01
9.998599e-01 -5.047236e-03 1.596187e-02 -1.501084e+01 5.082188e-03 9.999848e-01 -2.149886e-03 -5.281207e-02 -1.595077e-02 2.230707e-03 9.998703e-01 5.260002e+01
9.996562e-01 5.073762e-03 -2.572400e-02 -1.499613e+01 -5.012078e-03 9.999844e-01 2.461820e-03 -6.089651e-02 2.573609e-02 -2.332043e-03 9.996661e-01 5.267489e+01
9.998809e-01 -5.344771e-03 1.447733e-02 -1.504756e+01 5.375493e-03 9.999834e-01 -2.083942e-03 -6.683497e-02 -1.446595e-02 2.161517e-03 9.998930e-01 5.292792e+01
9.997011e-01 5.134599e-03 -2.390385e-02 -1.511153e+01 -5.084029e-03 9.999847e-01 2.175870e-03 -7.029359e-02 2.391466e-02 -2.053692e-03 9.997119e-01 5.309078e+01
9.998796e-01 -5.136027e-03 1.464220e-02 -1.518409e+01 5.168695e-03 9.999842e-01 -2.194085e-03 -7.359404e-02 -1.463070e-02 2.269503e-03 9.998904e-01 5.324035e+01
9.996267e-01 4.760173e-03 -2.690180e-02 -1.521049e+01 -4.686377e-03 9.999851e-01 2.805539e-03 -8.231627e-02 2.691475e-02 -2.678421e-03 9.996341e-01 5.355016e+01
9.999020e-01 -5.557919e-03 1.285269e-02 -1.527576e+01 5.581471e-03 9.999828e-01 -1.797246e-03 -9.117115e-02 -1.284248e-02 1.868808e-03 9.999158e-01 5.409831e+01
9.998021e-01 5.342692e-03 -1.916307e-02 -1.540719e+01 -5.318451e-03 9.999850e-01 1.315734e-03 -8.910227e-02 1.916982e-02 -1.213556e-03 9.998155e-01 5.423853e+01
9.999282e-01 -5.564292e-03 1.061719e-02 -1.551570e+01 5.577808e-03 9.999837e-01 -1.243802e-03 -8.775696e-02 -1.061010e-02 1.302934e-03 9.999429e-01 5.434823e+01
9.996952e-01 4.693395e-03 -2.423930e-02 -1.553545e+01 -4.640103e-03 9.999867e-01 2.254358e-03 -9.836382e-02 2.424956e-02 -2.141199e-03 9.997036e-01 5.480239e+01
9.999409e-01 -5.968798e-03 9.084791e-03 -1.548039e+01 5.976034e-03 9.999818e-01 -7.694602e-04 -1.143484e-01 -9.080033e-03 8.237062e-04 9.999584e-01 5.528634e+01
9.997026e-01 4.646617e-03 -2.394042e-02 -1.549119e+01 -4.599209e-03 9.999874e-01 2.034954e-03 -1.263629e-01 2.394957e-02 -1.924242e-03 9.997113e-01 5.578104e+01
9.999108e-01 -5.281338e-03 1.226458e-02 -1.553418e+01 5.298175e-03 9.999851e-01 -1.340691e-03 -1.330888e-01 -1.225732e-02 1.405552e-03 9.999239e-01 5.622526e+01
9.996702e-01 4.467382e-03 -2.528897e-02 -1.544428e+01 -4.404245e-03 9.999870e-01 2.551784e-03 -1.470078e-01 2.530004e-02 -2.439564e-03 9.996769e-01 5.647118e+01
9.999158e-01 -5.389087e-03 1.180628e-02 -1.538965e+01 5.407866e-03 9.999842e-01 -1.559231e-03 -1.608380e-01 -1.179769e-02 1.622947e-03 9.999291e-01 5.678532e+01
9.997259e-01 5.204878e-03 -2.282497e-02 -1.536016e+01 -5.160187e-03 9.999847e-01 2.016445e-03 -1.701496e-01 2.283512e-02 -1.898112e-03 9.997374e-01 5.689455e+01
9.999275e-01 -5.390109e-03 1.076876e-02 -1.538708e+01 5.406846e-03 9.999842e-01 -1.525624e-03 -1.773567e-01 -1.076037e-02 1.583739e-03 9.999409e-01 5.715244e+01
9.997141e-01 4.713438e-03 -2.344119e-02 -1.544880e+01 -4.659734e-03 9.999864e-01 2.345151e-03 -1.836295e-01 2.345192e-02 -2.235252e-03 9.997225e-01 5.755685e+01
9.999179e-01 -5.015402e-03 1.179177e-02 -1.548021e+01 5.038254e-03 9.999855e-01 -1.909050e-03 -1.909957e-01 -1.178203e-02 1.968304e-03 9.999287e-01 5.784138e+01
9.997575e-01 5.017915e-03 -2.144167e-02 -1.549137e+01 -4.978250e-03 9.999858e-01 1.902906e-03 -1.963396e-01 2.145091e-02 -1.795703e-03 9.997683e-01 5.785005e+01
9.998943e-01 -4.955863e-03 1.366558e-02 -1.557204e+01 4.984585e-03 9.999854e-01 -2.068465e-03 -1.953904e-01 -1.365513e-02 2.136364e-03 9.999045e-01 5.784912e+01
9.997547e-01 5.175810e-03 -2.153310e-02 -1.564316e+01 -5.139469e-03 9.999853e-01 1.742733e-03 -1.959527e-01 2.154180e-02 -1.631637e-03 9.997666e-01 5.786099e+01
9.998939e-01 -5.011428e-03 1.368068e-02 -1.568469e+01 5.038080e-03 9.999855e-01 -1.914364e-03 -1.968658e-01 -1.367089e-02 1.983085e-03 9.999046e-01 5.781569e+01
9.997573e-01 5.207415e-03 -2.140565e-02 -1.573574e+01 -5.172478e-03 9.999852e-01 1.687207e-03 -1.970285e-01 2.141412e-02 -1.576078e-03 9.997694e-01 5.777642e+01
9.998903e-01 -4.962750e-03 1.395409e-02 -1.576201e+01 4.989423e-03 9.999858e-01 -1.877259e-03 -1.973948e-01 -1.394458e-02 1.946677e-03 9.999009e-01 5.771580e+01
9.997713e-01 5.122366e-03 -2.076263e-02 -1.590215e+01 -5.089027e-03 9.999857e-01 1.658257e-03 -1.911411e-01 2.077083e-02 -1.552217e-03 9.997831e-01 5.778487e+01
9.998845e-01 -4.643100e-03 1.447045e-02 -1.587787e+01 4.675309e-03 9.999867e-01 -2.192714e-03 -1.914333e-01 -1.446008e-02 2.260115e-03 9.998929e-01 5.762939e+01
9.997947e-01 5.324301e-03 -1.954953e-02 -1.569441e+01 -5.281280e-03 9.999835e-01 2.251601e-03 -1.967500e-01 1.956120e-02 -2.147892e-03 9.998064e-01 5.735488e+01
9.999103e-01 -5.233068e-03 1.232561e-02 -1.574382e+01 5.260666e-03 9.999837e-01 -2.207730e-03 -1.962742e-01 -1.231385e-02 2.272374e-03 9.999216e-01 5.735029e+01
9.997904e-01 5.579477e-03 -1.969766e-02 -1.584451e+01 -5.542303e-03 9.999828e-01 1.941339e-03 -1.934718e-01 1.970815e-02 -1.831762e-03 9.998041e-01 5.740552e+01
9.999288e-01 -5.308017e-03 1.068369e-02 -1.586413e+01 5.329471e-03 9.999838e-01 -1.980617e-03 -1.970571e-01 -1.067300e-02 2.037415e-03 9.999410e-01 5.738983e+01
9.997818e-01 5.737410e-03 -2.008706e-02 -1.579250e+01 -5.698002e-03 9.999817e-01 2.018574e-03 -2.046699e-01 2.009827e-02 -1.903678e-03 9.997962e-01 5.731803e+01
9.999267e-01 -5.437870e-03 1.081415e-02 -1.568895e+01 5.455999e-03 9.999838e-01 -1.647569e-03 -2.145015e-01 -1.080501e-02 1.706450e-03 9.999402e-01 5.729112e+01
9.997938e-01 5.748255e-03 -1.947804e-02 -1.551884e+01 -5.715386e-03 9.999821e-01 1.742782e-03 -2.240684e-01 1.948771e-02 -1.631098e-03 9.998088e-01 5.714237e+01
9.999161e-01 -5.265489e-03 1.183145e-02 -1.544735e+01 5.286033e-03 9.999846e-01 -1.705788e-03 -2.277090e-01 -1.182229e-02 1.768187e-03 9.999286e-01 5.700910e+01
9.997899e-01 5.730318e-03 -1.967963e-02 -1.541828e+01 -5.701740e-03 9.999826e-01 1.508011e-03 -2.321781e-01 1.968793e-02 -1.395487e-03 9.998052e-01 5.695510e+01
9.999485e-01 -6.005156e-03 8.178515e-03 -1.540647e+01 6.013554e-03 9.999814e-01 -1.002552e-03 -2.405989e-01 -8.172342e-03 1.051683e-03 9.999661e-01 5.709328e+01
9.998377e-01 6.149667e-03 -1.693498e-02 -1.544942e+01 -6.134745e-03 9.999807e-01 9.330143e-04 -2.438053e-01 1.694039e-02 -8.289715e-04 9.998562e-01 5.717532e+01
9.999518e-01 -5.704974e-03 7.984616e-03 -1.537354e+01 5.713469e-03 9.999831e-01 -1.041545e-03 -2.511065e-01 -7.978540e-03 1.087115e-03 9.999676e-01 5.707900e+01
9.998439e-01 6.139292e-03 -1.656847e-02 -1.527752e+01 -6.122823e-03 9.999807e-01 1.044614e-03 -2.571162e-01 1.657456e-02 -9.430056e-04 9.998622e-01 5.693460e+01
9.999450e-01 -5.679913e-03 8.817032e-03 -1.516926e+01 5.690450e-03 9.999831e-01 -1.170412e-03 -2.631008e-01 -8.810236e-03 1.220521e-03 9.999604e-01 5.676502e+01
9.998464e-01 6.078239e-03 -1.643745e-02 -1.505021e+01 -6.058240e-03 9.999808e-01 1.266210e-03 -2.695569e-01 1.644483e-02 -1.166434e-03 9.998641e-01 5.661713e+01
9.999404e-01 -5.399190e-03 9.493634e-03 -1.492825e+01 5.415514e-03 9.999839e-01 -1.694595e-03 -2.739076e-01 -9.484331e-03 1.745907e-03 9.999535e-01 5.637946e+01
9.998885e-01 5.859487e-03 -1.373394e-02 -1.488668e+01 -5.840787e-03 9.999820e-01 1.401378e-03 -2.717694e-01 1.374191e-02 -1.321005e-03 9.999047e-01 5.617698e+01
9.999568e-01 -5.650603e-03 7.379252e-03 -1.494361e+01 5.663413e-03 9.999825e-01 -1.716115e-03 -2.701264e-01 -7.369425e-03 1.757833e-03 9.999713e-01 5.614486e+01
9.998871e-01 5.884093e-03 -1.382869e-02 -1.503803e+01 -5.865362e-03 9.999818e-01 1.394676e-03 -2.675042e-01 1.383665e-02 -1.313409e-03 9.999034e-01 5.615903e+01
9.999717e-01 -5.508983e-03 5.115385e-03 -1.495999e+01 5.517376e-03 9.999835e-01 -1.627967e-03 -2.737158e-01 -5.106332e-03 1.656145e-03 9.999856e-01 5.604279e+01
9.999005e-01 5.881985e-03 -1.281856e-02 -1.487162e+01 -5.862650e-03 9.999816e-01 1.545406e-03 -2.786115e-01 1.282741e-02 -1.470102e-03 9.999166e-01 5.588983e+01
9.999683e-01 -5.392470e-03 5.854237e-03 -1.472723e+01 5.401818e-03 9.999842e-01 -1.581987e-03 -2.850089e-01 -5.845613e-03 1.613561e-03 9.999816e-01 5.569579e+01
9.999158e-01 6.241901e-03 -1.137486e-02 -1.451009e+01 -6.228983e-03 9.999799e-01 1.170816e-03 -2.909414e-01 1.138194e-02 -1.099864e-03 9.999346e-01 5.535012e+01
9.999623e-01 -7.727212e-03 -3.969448e-03 -1.461665e+01 7.728950e-03 9.999700e-01 4.226552e-04 -2.962887e-01 3.966063e-03 -4.533186e-04 9.999920e-01 5.589724e+01
9.997861e-01 3.579768e-03 -2.036865e-02 -1.479916e+01 -3.510929e-03 9.999880e-01 3.414412e-03 -3.126962e-01 2.038063e-02 -3.342169e-03 9.997867e-01 5.757650e+01
9.999761e-01 -6.577017e-03 -2.127921e-03 -1.485121e+01 6.576157e-03 9.999783e-01 -4.112593e-04 -3.334319e-01 2.130580e-03 3.972563e-04 9.999977e-01 5.890346e+01
9.998237e-01 3.868214e-03 -1.837620e-02 -1.485680e+01 -3.812406e-03 9.999880e-01 3.071096e-03 -3.536812e-01 1.838786e-02 -3.000497e-03 9.998264e-01 5.996898e+01
9.999636e-01 -4.671385e-03 7.133901e-03 -1.490945e+01 4.693491e-03 9.999842e-01 -3.084931e-03 -3.553887e-01 -7.119378e-03 3.118302e-03 9.999698e-01 6.004091e+01
9.999673e-01 5.096689e-03 -6.286539e-03 -1.476808e+01 -5.082352e-03 9.999845e-01 2.294476e-03 -3.460903e-01 6.298136e-03 -2.262450e-03 9.999776e-01 5.949587e+01
9.999818e-01 -4.724141e-03 3.750218e-03 -1.473002e+01 4.734785e-03 9.999848e-01 -2.834203e-03 -3.420359e-01 -3.736771e-03 2.851909e-03 9.999890e-01 5.922017e+01
9.999252e-01 5.010775e-03 -1.115771e-02 -1.469238e+01 -4.980199e-03 9.999838e-01 2.766514e-03 -3.459136e-01 1.117139e-02 -2.710739e-03 9.999339e-01 5.911291e+01
9.999882e-01 -4.536428e-03 1.758106e-03 -1.460484e+01 4.541363e-03 9.999857e-01 -2.812885e-03 -3.535779e-01 -1.745320e-03 2.820837e-03 9.999945e-01 5.900811e+01
9.999433e-01 5.076535e-03 -9.365650e-03 -1.445086e+01 -5.050789e-03 9.999834e-01 2.770696e-03 -3.610827e-01 9.379560e-03 -2.723236e-03 9.999523e-01 5.881182e+01
9.999843e-01 -4.369184e-03 3.509181e-03 -1.421733e+01 4.379037e-03 9.999865e-01 -2.804760e-03 -3.687157e-01 -3.496879e-03 2.820083e-03 9.999899e-01 5.851626e+01
9.999451e-01 5.051518e-03 -9.185628e-03 -1.399435e+01 -5.025260e-03 9.999832e-01 2.879428e-03 -3.757477e-01 9.200019e-03 -2.833110e-03 9.999537e-01 5.823636e+01
9.999890e-01 -4.425648e-03 1.526360e-03 -1.383792e+01 4.430003e-03 9.999861e-01 -2.861398e-03 -3.837933e-01 -1.513676e-03 2.868128e-03 9.999947e-01 5.805687e+01
9.999506e-01 4.976641e-03 -8.600603e-03 -1.368296e+01 -4.953098e-03 9.999839e-01 2.756605e-03 -3.908755e-01 8.614183e-03 -2.713869e-03 9.999592e-01 5.784927e+01
9.999895e-01 -4.539372e-03 5.845347e-04 -1.356427e+01 4.540893e-03 9.999862e-01 -2.626787e-03 -3.971410e-01 -5.726028e-04 2.629414e-03 9.999964e-01 5.770258e+01
9.999332e-01 4.763119e-03 -1.052792e-02 -1.352065e+01 -4.733924e-03 9.999849e-01 2.796254e-03 -4.059756e-01 1.054108e-02 -2.746229e-03 9.999407e-01 5.771209e+01
9.999899e-01 -4.486984e-03 1.589460e-04 -1.346497e+01 4.487392e-03 9.999864e-01 -2.663560e-03 -4.146403e-01 -1.469926e-04 2.664247e-03 9.999964e-01 5.772529e+01
9.999443e-01 4.727756e-03 -9.435497e-03 -1.343873e+01 -4.703243e-03 9.999855e-01 2.618511e-03 -4.203345e-01 9.447740e-03 -2.573989e-03 9.999521e-01 5.767299e+01
9.999893e-01 -4.514970e-03 1.045480e-03 -1.345935e+01 4.518013e-03 9.999855e-01 -2.925861e-03 -4.240254e-01 -1.032255e-03 2.930553e-03 9.999952e-01 5.763270e+01
9.999444e-01 4.913367e-03 -9.332262e-03 -1.336899e+01 -4.887350e-03 9.999841e-01 2.808702e-03 -4.310395e-01 9.345914e-03 -2.762936e-03 9.999525e-01 5.750396e+01
9.999877e-01 -4.263273e-03 2.552420e-03 -1.319537e+01 4.270669e-03 9.999867e-01 -2.899005e-03 -4.382900e-01 -2.540026e-03 2.909870e-03 9.999925e-01 5.727505e+01
9.999422e-01 4.847255e-03 -9.601326e-03 -1.304132e+01 -4.819567e-03 9.999842e-01 2.904836e-03 -4.446629e-01 9.615254e-03 -2.858395e-03 9.999497e-01 5.707191e+01
9.999827e-01 -4.845340e-03 3.331608e-03 -1.316793e+01 4.855817e-03 9.999833e-01 -3.143829e-03 -4.395708e-01 -3.316320e-03 3.159952e-03 9.999895e-01 5.712069e+01
9.999723e-01 4.946270e-03 -5.561880e-03 -1.336009e+01 -4.934414e-03 9.999855e-01 2.143399e-03 -4.260158e-01 5.572401e-03 -2.115895e-03 9.999822e-01 5.709743e+01
9.999845e-01 -4.857704e-03 2.723833e-03 -1.346097e+01 4.865793e-03 9.999837e-01 -2.970608e-03 -4.158518e-01 -2.709359e-03 2.983816e-03 9.999919e-01 5.696045e+01
9.999568e-01 5.245853e-03 -7.674969e-03 -1.340130e+01 -5.225906e-03 9.999829e-01 2.616824e-03 -4.153684e-01 7.688565e-03 -2.576602e-03 9.999671e-01 5.675393e+01
9.999853e-01 -4.737979e-03 2.621081e-03 -1.331118e+01 4.745929e-03 9.999841e-01 -3.035119e-03 -4.149560e-01 -2.606660e-03 3.047514e-03 9.999920e-01 5.649664e+01
9.999561e-01 4.732221e-03 -8.083109e-03 -1.338012e+01 -4.709701e-03 9.999850e-01 2.802993e-03 -4.107135e-01 8.096252e-03 -2.764801e-03 9.999634e-01 5.642681e+01
9.999871e-01 -4.845472e-03 1.494826e-03 -1.358542e+01 4.850226e-03 9.999831e-01 -3.193046e-03 -4.020063e-01 -1.479330e-03 3.200256e-03 9.999938e-01 5.657537e+01
9.999621e-01 5.129476e-03 -7.033146e-03 -1.373664e+01 -5.111491e-03 9.999836e-01 2.572910e-03 -3.956389e-01 7.046229e-03 -2.536863e-03 9.999720e-01 5.666677e+01
9.999847e-01 -5.240805e-03 -1.753387e-03 -1.387705e+01 5.236310e-03 9.999830e-01 -2.558883e-03 -3.923048e-01 1.766768e-03 2.549663e-03 9.999952e-01 5.684140e+01
9.999841e-01 5.254787e-03 -2.039221e-03 -1.411232e+01 -5.251493e-03 9.999849e-01 1.617765e-03 -3.804910e-01 2.047691e-03 -1.607030e-03 9.999966e-01 5.699753e+01
9.999866e-01 -5.032202e-03 -1.188499e-03 -1.422863e+01 5.029205e-03 9.999842e-01 -2.511928e-03 -3.709979e-01 1.201121e-03 2.505917e-03 9.999961e-01 5.688630e+01
9.999804e-01 5.346059e-03 -3.249819e-03 -1.419367e+01 -5.339322e-03 9.999836e-01 2.078246e-03 -3.691978e-01 3.260876e-03 -2.060854e-03 9.999926e-01 5.669260e+01
9.999672e-01 -5.210793e-03 -6.198919e-03 -1.417569e+01 5.198432e-03 9.999845e-01 -2.008670e-03 -3.743744e-01 6.209289e-03 1.976379e-03 9.999788e-01 5.667352e+01
9.999766e-01 5.300702e-03 -4.316615e-03 -1.410244e+01 -5.290623e-03 9.999833e-01 2.343293e-03 -3.836840e-01 4.328964e-03 -2.320401e-03 9.999879e-01 5.671686e+01
9.999814e-01 -4.851390e-03 -3.709162e-03 -1.389441e+01 4.843098e-03 9.999858e-01 -2.241491e-03 -3.924550e-01 3.719983e-03 2.223486e-03 9.999906e-01 5.649608e+01
9.999798e-01 5.611577e-03 -2.992427e-03 -1.362365e+01 -5.604402e-03 9.999814e-01 2.401214e-03 -3.998294e-01 3.005846e-03 -2.384395e-03 9.999926e-01 5.619304e+01
9.999755e-01 -5.053464e-03 -4.836506e-03 -1.344332e+01 5.042048e-03 9.999845e-01 -2.369714e-03 -4.072673e-01 4.848406e-03 2.345271e-03 9.999855e-01 5.599703e+01
9.999787e-01 5.546296e-03 -3.441033e-03 -1.329468e+01 -5.537925e-03 9.999817e-01 2.437580e-03 -4.152689e-01 3.454490e-03 -2.418472e-03 9.999911e-01 5.585469e+01
9.999752e-01 -5.010054e-03 -4.943197e-03 -1.315103e+01 4.997838e-03 9.999844e-01 -2.480701e-03 -4.239469e-01 4.955549e-03 2.455935e-03 9.999847e-01 5.570603e+01
9.999830e-01 5.826249e-03 -1.089730e-04 -1.283095e+01 -5.825990e-03 9.999805e-01 2.253057e-03 -4.329614e-01 1.220979e-04 -2.252384e-03 9.999975e-01 5.534463e+01
9.999758e-01 -4.958618e-03 -4.881540e-03 -1.257896e+01 4.948619e-03 9.999856e-01 -2.058458e-03 -4.392638e-01 4.891677e-03 2.034251e-03 9.999860e-01 5.502892e+01
9.999809e-01 5.809596e-03 -2.095253e-03 -1.236543e+01 -5.805173e-03 9.999809e-01 2.111301e-03 -4.471685e-01 2.107479e-03 -2.099098e-03 9.999956e-01 5.475975e+01
9.999844e-01 -5.165373e-03 -2.146295e-03 -1.219377e+01 5.160043e-03 9.999836e-01 -2.481811e-03 -4.492001e-01 2.159080e-03 2.470697e-03 9.999946e-01 5.441588e+01
9.999764e-01 5.592619e-03 -3.980483e-03 -1.206444e+01 -5.582570e-03 9.999812e-01 2.531569e-03 -4.537009e-01 3.994566e-03 -2.509289e-03 9.999889e-01 5.421458e+01
9.999765e-01 -5.049387e-03 -4.639757e-03 -1.195242e+01 5.037099e-03 9.999838e-01 -2.656321e-03 -4.615005e-01 4.653095e-03 2.632888e-03 9.999857e-01 5.408489e+01
9.999806e-01 5.584271e-03 -2.768742e-03 -1.181105e+01 -5.577133e-03 9.999811e-01 2.579374e-03 -4.687134e-01 2.783093e-03 -2.563882e-03 9.999928e-01 5.390459e+01
9.999798e-01 -5.040086e-03 -3.871289e-03 -1.165483e+01 5.029489e-03 9.999836e-01 -2.742329e-03 -4.752315e-01 3.885046e-03 2.722803e-03 9.999887e-01 5.369590e+01
9.999821e-01 5.922758e-03 -9.046860e-04 -1.136691e+01 -5.920632e-03 9.999797e-01 2.336352e-03 -4.805008e-01 9.185056e-04 -2.330954e-03 9.999969e-01 5.325664e+01
9.999846e-01 -5.008810e-03 -2.391334e-03 -1.112940e+01 5.002635e-03 9.999842e-01 -2.581473e-03 -4.811856e-01 2.404226e-03 2.569470e-03 9.999938e-01 5.280629e+01
9.999826e-01 5.755215e-03 1.282249e-03 -1.104159e+01 -5.757088e-03 9.999824e-01 1.461581e-03 -4.747621e-01 -1.273815e-03 -1.468938e-03 9.999981e-01 5.236490e+01
