1.000000e+00 1.197625e-11 1.704638e-10 5.551115e-17 1.197625e-11 1.000000e+00 3.562503e-10 0.000000e+00 1.704638e-10 3.562503e-10 1.000000e+00 2.220446e-16 0.000000e+00 0.000000e+00 0.000000e+00 1.000000e+00
9.971080e-01 -7.427747e-02 -1.607509e-02 5.415070e-01 7.244043e-02 9.928898e-01 -9.445738e-02 -3.220293e-02 2.297685e-02 9.301973e-02 9.953991e-01 -4.993717e-01
9.960328e-01 -3.744509e-02 8.072453e-02 7.386865e-01 3.809551e-02 9.992528e-01 -6.531824e-03 -5.651898e-02 -8.041962e-02 9.581155e-03 9.967150e-01 -1.363871e+00
9.974574e-01 -7.103876e-02 -5.683871e-03 9.183441e-01 7.033437e-02 9.941375e-01 -8.211983e-02 -7.992381e-02 1.148424e-02 8.151126e-02 9.966063e-01 -2.188234e+00
9.941325e-01 -2.440345e-02 1.053803e-01 1.074036e+00 2.581556e-02 9.995940e-01 -1.205673e-02 -1.024910e-01 -1.050433e-01 1.470644e-02 9.943589e-01 -2.946206e+00
9.970017e-01 -7.674570e-02 9.884041e-03 1.230725e+00 7.718750e-02 9.953744e-01 -5.719985e-02 -1.246152e-01 -5.448480e-03 5.779127e-02 9.983138e-01 -3.707448e+00
9.989031e-01 -2.839262e-02 -3.723506e-02 1.371387e+00 2.943185e-02 9.991839e-01 2.766538e-02 -1.401959e-01 3.641918e-02 -2.873094e-02 9.989235e-01 -4.159728e+00
9.967187e-01 -3.786363e-02 7.154172e-02 1.455954e+00 3.650752e-02 9.991298e-01 2.016938e-02 -1.506001e-01 -7.224315e-02 -1.749139e-02 9.972337e-01 -4.153515e+00
9.998961e-01 -7.813275e-03 -1.211196e-02 1.515628e+00 8.588217e-03 9.978281e-01 6.530894e-02 -1.578508e-01 1.157538e-02 -6.540618e-02 9.977916e-01 -3.943782e+00
9.950633e-01 -1.697926e-02 9.777909e-02 1.542690e+00 1.363158e-02 9.993012e-01 3.480416e-02 -1.591473e-01 -9.830171e-02 -3.329946e-02 9.945994e-01 -3.504523e+00
9.985383e-01 -2.183389e-02 -4.944274e-02 1.612236e+00 2.349185e-02 9.991725e-01 3.320395e-02 -1.662319e-01 4.867685e-02 -3.431691e-02 9.982249e-01 -3.289072e+00
9.962270e-01 -5.342360e-02 6.839414e-02 1.765516e+00 5.202044e-02 9.984007e-01 2.213619e-02 -1.786184e-01 -6.946735e-02 -1.849478e-02 9.974128e-01 -3.164109e+00
9.982975e-01 1.084048e-02 -5.731098e-02 1.942833e+00 -9.349957e-03 9.996127e-01 2.621211e-02 -1.914551e-01 5.757294e-02 -2.563163e-02 9.980122e-01 -3.084841e+00
9.787938e-01 -8.707229e-02 1.854213e-01 2.122694e+00 7.638501e-02 9.950200e-01 6.403522e-02 -2.053452e-01 -1.900736e-01 -4.851387e-02 9.805705e-01 -2.820459e+00
9.954736e-01 2.730050e-02 9.103289e-02 2.330123e+00 -2.681408e-02 9.996189e-01 -6.562382e-03 -2.213526e-01 -9.117736e-02 4.091715e-03 9.958263e-01 -2.430713e+00
9.874133e-01 -8.790729e-02 1.314809e-01 2.474263e+00 7.137233e-02 9.895128e-01 1.255802e-01 -2.336583e-01 -1.411415e-01 -1.146154e-01 9.833323e-01 -2.025184e+00
9.983387e-01 5.466066e-02 -1.822047e-02 2.575461e+00 -5.475690e-02 9.984881e-01 -4.825262e-03 -2.377780e-01 1.792917e-02 5.814943e-03 9.998224e-01 -1.473750e+00
9.793957e-01 -9.916151e-02 1.759289e-01 2.706492e+00 7.911367e-02 9.899125e-01 1.175340e-01 -2.470147e-01 -1.858090e-01 -1.011940e-01 9.773611e-01 -9.922395e-01
9.988805e-01 4.593311e-02 1.131143e-02 2.855757e+00 -4.562185e-02 9.986102e-01 -2.638868e-02 -2.590151e-01 -1.250783e-02 2.584309e-02 9.995878e-01 -5.670022e-01
9.747591e-01 -9.483513e-02 2.021162e-01 2.979475e+00 8.180760e-02 9.940526e-01 7.188142e-02 -2.725402e-01 -2.077310e-01 -5.353243e-02 9.767201e-01 -3.471009e-01
9.999615e-01 2.273249e-03 8.475587e-03 3.110455e+00 -1.780950e-03 9.983355e-01 -5.764603e-02 -2.873162e-01 -8.592523e-03 5.762872e-02 9.983011e-01 -3.215926e-01
9.894800e-01 -7.422025e-02 1.241803e-01 3.188661e+00 6.251586e-02 9.934514e-01 9.563528e-02 -2.983715e-01 -1.304652e-01 -8.686595e-02 9.876402e-01 -3.098466e-01
9.990269e-01 1.508796e-02 -4.144489e-02 3.234173e+00 -1.606271e-02 9.995998e-01 -2.328771e-02 -3.059344e-01 4.107693e-02 2.393077e-02 9.988694e-01 -1.672875e-01
9.836958e-01 -7.672623e-02 1.626519e-01 3.273061e+00 6.257982e-02 9.939386e-01 9.038723e-02 -3.141442e-01 -1.686011e-01 -7.873481e-02 9.825347e-01 -4.046233e-02
9.951504e-01 3.224513e-02 -9.292994e-02 3.317086e+00 -3.287678e-02 9.994455e-01 -5.273760e-03 -3.201538e-01 9.270836e-02 8.303421e-03 9.956587e-01 1.922962e-01
9.691696e-01 -9.750035e-02 2.262830e-01 3.399983e+00 7.803244e-02 9.925604e-01 9.345960e-02 -3.294247e-01 -2.337119e-01 -7.292079e-02 9.695676e-01 4.688287e-01
9.954593e-01 3.402008e-02 -8.890167e-02 3.478185e+00 -3.619967e-02 9.990794e-01 -2.302021e-02 -3.389225e-01 8.803667e-02 2.613390e-02 9.957744e-01 6.928379e-01
9.852097e-01 -9.657261e-02 1.415470e-01 3.554515e+00 8.254561e-02 9.913706e-01 1.018355e-01 -3.479503e-01 -1.501600e-01 -8.864528e-02 9.846796e-01 8.321772e-01
9.930886e-01 2.782401e-02 -1.140210e-01 3.628654e+00 -3.519756e-02 9.973817e-01 -6.317380e-02 -3.583831e-01 1.119647e-01 6.675045e-02 9.914677e-01 7.862576e-01
9.824335e-01 -1.016436e-01 1.565025e-01 3.708580e+00 8.480559e-02 9.902225e-01 1.107583e-01 -3.688557e-01 -1.662302e-01 -9.554035e-02 9.814477e-01 7.719510e-01
9.931595e-01 4.007826e-02 -1.096718e-01 3.737603e+00 -4.329973e-02 9.986931e-01 -2.715061e-02 -3.759057e-01 1.084403e-01 3.171365e-02 9.935970e-01 8.542667e-01
9.905408e-01 -9.570082e-02 9.833789e-02 3.735168e+00 8.466279e-02 9.902218e-01 1.108738e-01 -3.781832e-01 -1.079870e-01 -1.014994e-01 9.889574e-01 1.024044e+00
9.962692e-01 3.535935e-02 -7.872311e-02 3.758017e+00 -4.167764e-02 9.959135e-01 -8.012008e-02 -3.867644e-01 7.556842e-02 8.310217e-02 9.936717e-01 9.081309e-01
9.928285e-01 -1.103578e-01 4.596440e-02 3.835212e+00 1.059298e-01 9.903254e-01 8.963526e-02 -3.975508e-01 -5.541166e-02 -8.412344e-02 9.949135e-01 7.344805e-01
9.964262e-01 7.215109e-02 -4.392010e-02 3.912347e+00 -7.221994e-02 9.973887e-01 1.919508e-05 -4.038495e-01 4.380680e-02 3.152781e-03 9.990350e-01 9.400627e-01
9.934119e-01 -1.112104e-01 2.766060e-02 3.943206e+00 1.073950e-01 9.876671e-01 1.139299e-01 -4.055915e-01 -3.998965e-02 -1.102087e-01 9.931037e-01 1.275521e+00
9.909199e-01 1.076267e-01 -8.058672e-02 3.933057e+00 -1.075556e-01 9.941853e-01 5.235335e-03 -4.019384e-01 8.068159e-02 3.479758e-03 9.967339e-01 1.707820e+00
9.918057e-01 -1.219512e-01 3.807178e-02 3.953451e+00 1.164754e-01 9.855831e-01 1.227166e-01 -3.995753e-01 -5.248833e-02 -1.172766e-01 9.917112e-01 2.214306e+00
9.935748e-01 1.028443e-01 -4.724557e-02 3.954072e+00 -1.035607e-01 9.945386e-01 -1.296825e-02 -3.969123e-01 4.565383e-02 1.777771e-02 9.987991e-01 2.657706e+00
9.671375e-01 -1.656702e-01 1.928687e-01 4.043241e+00 1.735029e-01 9.845327e-01 -2.433469e-02 -4.146820e-01 -1.858540e-01 5.699827e-02 9.809228e-01 2.173424e+00
9.809948e-01 6.864731e-02 -1.814848e-01 4.223003e+00 -7.586840e-02 9.965669e-01 -3.314256e-02 -4.364572e-01 1.785866e-01 4.628164e-02 9.828351e-01 1.386014e+00
9.755142e-01 -1.339632e-01 1.744300e-01 4.357623e+00 1.186162e-01 9.883210e-01 9.566494e-02 -4.486590e-01 -1.852084e-01 -7.263229e-02 9.800114e-01 1.353553e+00
9.900897e-01 8.286603e-02 -1.133826e-01 4.396737e+00 -8.148977e-02 9.965338e-01 1.672759e-02 -4.533152e-01 1.143758e-01 -7.322292e-03 9.934106e-01 1.633330e+00
9.858012e-01 -1.314161e-01 1.045266e-01 4.389934e+00 1.289691e-01 9.911988e-01 2.986378e-02 -4.566941e-01 -1.075312e-01 -1.595905e-02 9.940736e-01 1.675101e+00
9.951632e-01 8.748383e-02 -4.468639e-02 4.440396e+00 -8.858972e-02 9.957934e-01 -2.339411e-02 -4.690908e-01 4.245181e-02 2.723971e-02 9.987271e-01 1.392096e+00
9.872510e-01 -1.420854e-01 7.174390e-02 4.446331e+00 1.356246e-01 9.868368e-01 8.808532e-02 -4.752362e-01 -8.331516e-02 -7.723209e-02 9.935259e-01 1.421015e+00
9.862546e-01 1.260005e-01 -1.068916e-01 4.393720e+00 -1.253267e-01 9.920300e-01 1.302509e-02 -4.704546e-01 1.076809e-01 5.503249e-04 9.941854e-01 1.757954e+00
9.326355e-01 -1.747026e-01 3.157055e-01 4.693277e+00 2.049871e-01 9.765947e-01 -6.513855e-02 -4.922992e-01 -2.969364e-01 1.254661e-01 9.466187e-01 1.496983e+00
9.644558e-01 1.403367e-03 -2.642404e-01 5.112095e+00 1.857800e-03 9.999252e-01 1.209137e-02 -5.196881e-01 2.642376e-01 -1.215250e-02 9.643811e-01 8.529922e-01
9.321517e-01 -5.216653e-02 3.582903e-01 5.245733e+00 7.988204e-02 9.948125e-01 -6.298318e-02 -5.392762e-01 -3.531460e-01 8.733084e-02 9.314833e-01 2.720526e-01
9.648808e-01 -2.806676e-02 -2.611845e-01 5.397496e+00 3.012775e-02 9.995385e-01 3.889524e-03 -5.621408e-01 2.609548e-01 -1.162183e-02 9.652810e-01 -5.779225e-01
9.662657e-01 -2.891655e-02 2.559189e-01 5.540980e+00 5.224869e-02 9.950233e-01 -8.484518e-02 -5.814754e-01 -2.521918e-01 9.535441e-02 9.629677e-01 -1.328323e+00
9.713037e-01 -2.010105e-02 -2.369917e-01 5.644752e+00 3.390879e-02 9.979471e-01 5.433079e-02 -5.976895e-01 2.354130e-01 -6.080780e-02 9.699913e-01 -1.874029e+00
9.731700e-01 -2.114695e-02 2.291136e-01 5.613932e+00 3.063523e-02 9.988105e-01 -3.793530e-02 -6.022613e-01 -2.280388e-01 4.393644e-02 9.726602e-01 -2.015812e+00
9.419745e-01 2.584118e-02 -3.346883e-01 5.491715e+00 7.160169e-03 9.952590e-01 9.699582e-02 -5.916164e-01 3.356080e-01 -9.376402e-02 9.373236e-01 -1.753913e+00
9.711453e-01 -3.044848e-02 2.365368e-01 5.385249e+00 3.572519e-02 9.991986e-01 -1.805333e-02 -5.818360e-01 -2.357976e-01 2.598273e-02 9.714548e-01 -1.435358e+00
9.497514e-01 3.955332e-02 -3.104961e-01 5.283854e+00 -1.125206e-02 9.956569e-01 9.241623e-02 -5.728603e-01 3.128029e-01 -8.427873e-02 9.460716e-01 -1.134445e+00
9.638511e-01 -5.393230e-02 2.609259e-01 5.201834e+00 6.090665e-02 9.979681e-01 -1.871120e-02 -5.662520e-01 -2.593866e-01 3.392693e-02 9.651775e-01 -8.489318e-01
9.410114e-01 7.597182e-02 -3.297361e-01 5.059021e+00 -3.014114e-02 9.894155e-01 1.419455e-01 -5.504095e-01 3.370298e-01 -1.236337e-01 9.333411e-01 -3.931309e-01
9.321598e-01 -5.749183e-02 3.574533e-01 5.188260e+00 9.322882e-02 9.921331e-01 -8.354831e-02 -5.535313e-01 -3.498379e-01 1.112053e-01 9.301864e-01 6.226697e-02
9.853794e-01 -4.763791e-02 -1.635788e-01 5.955063e+00 2.788312e-02 9.922603e-01 -1.210044e-01 -5.986317e-01 1.680771e-01 1.146742e-01 9.790812e-01 -6.866679e-01
9.901964e-01 -1.269982e-01 5.816017e-02 6.219464e+00 1.240589e-01 9.909300e-01 5.164336e-02 -6.157562e-01 -6.419127e-02 -4.392178e-02 9.969706e-01 -1.256544e+00
9.879330e-01 1.164059e-01 -1.021670e-01 6.118621e+00 -1.137350e-01 9.930082e-01 3.160909e-02 -6.056099e-01 1.051322e-01 -1.960769e-02 9.942649e-01 -8.745792e-01
9.891559e-01 -1.417270e-01 3.852274e-02 6.023005e+00 1.390591e-01 9.881592e-01 6.483821e-02 -5.957831e-01 -4.725593e-02 -5.877816e-02 9.971519e-01 -5.028727e-01
9.906561e-01 1.262308e-01 -5.163605e-02 5.961799e+00 -1.269454e-01 9.918510e-01 -1.078803e-02 -5.901226e-01 4.985348e-02 1.724219e-02 9.986077e-01 -1.758619e-01
9.737838e-01 -2.044791e-01 9.966676e-02 6.134975e+00 2.056257e-01 9.786299e-01 -1.260719e-03 -6.075852e-01 -9.727908e-02 2.172171e-02 9.950201e-01 -6.500588e-01
9.788646e-01 9.100021e-02 -1.831476e-01 6.373000e+00 -1.018394e-01 9.935103e-01 -5.065494e-02 -6.291973e-01 1.773494e-01 6.823597e-02 9.817795e-01 -1.409615e+00
9.706105e-01 -1.862333e-01 1.524216e-01 6.596084e+00 1.829254e-01 9.824831e-01 3.557113e-02 -6.489501e-01 -1.563762e-01 -6.643934e-03 9.876752e-01 -1.935552e+00
9.405090e-01 1.477601e-01 -3.059571e-01 7.008298e+00 -1.176544e-01 9.864071e-01 1.147108e-01 -6.658518e-01 3.187479e-01 -7.188934e-02 9.451094e-01 -1.715254e+00
9.365706e-01 -1.530904e-01 3.152759e-01 7.268696e+00 1.404996e-01 9.881105e-01 6.242925e-02 -6.766949e-01 -3.210848e-01 -1.417324e-02 9.469444e-01 -1.193145e+00
9.602607e-01 1.032898e-01 -2.592887e-01 7.328954e+00 -9.774085e-02 9.946228e-01 3.423856e-02 -6.850920e-01 2.614309e-01 -7.534849e-03 9.651928e-01 -1.044761e+00
9.593448e-01 -1.516788e-01 2.380149e-01 7.378501e+00 1.162852e-01 9.808323e-01 1.563512e-01 -6.814147e-01 -2.571679e-01 -1.223171e-01 9.585944e-01 -4.111488e-01
9.104645e-01 2.659729e-01 -3.167219e-01 7.342424e+00 -2.459104e-01 9.638568e-01 1.025095e-01 -6.554131e-01 3.325393e-01 -1.544606e-02 9.429629e-01 9.633756e-01
9.482443e-01 -2.205789e-01 2.284246e-01 7.464721e+00 1.956414e-01 9.724331e-01 1.268794e-01 -6.457093e-01 -2.501145e-01 -7.562333e-02 9.652584e-01 2.167532e+00
9.425959e-01 2.112338e-01 -2.586374e-01 7.690227e+00 -2.078896e-01 9.773118e-01 4.054072e-02 -6.554917e-01 2.613329e-01 1.555451e-02 9.651234e-01 2.678771e+00
7.054341e-01 -1.834034e-01 6.846356e-01 7.923644e+00 3.549063e-01 9.275243e-01 -1.172185e-01 -7.000754e-01 -6.135179e-01 3.256714e-01 7.193983e-01 1.040742e+00
7.754948e-01 1.642264e-01 -6.096208e-01 8.103949e+00 -1.146573e-01 9.861542e-01 1.198063e-01 -7.296736e-01 6.208555e-01 -2.301165e-02 7.835872e-01 -3.577857e-01
8.215466e-01 -1.906408e-01 5.373242e-01 8.260454e+00 2.557268e-01 9.655354e-01 -4.842704e-02 -7.433234e-01 -5.095734e-01 1.771933e-01 8.419843e-01 -5.598084e-01
7.355439e-01 2.436323e-01 -6.321539e-01 8.484532e+00 -9.276839e-02 9.605311e-01 2.622481e-01 -7.539853e-01 6.710956e-01 -1.342511e-01 7.291141e-01 -4.871157e-01
7.827323e-01 -1.300459e-01 6.086199e-01 8.721970e+00 3.262668e-01 9.185141e-01 -2.233423e-01 -7.744424e-01 -5.299812e-01 3.733897e-01 7.613803e-01 -1.104143e+00
8.521917e-01 2.026384e-01 -4.823972e-01 8.921027e+00 -7.647565e-02 9.602984e-01 2.682880e-01 -7.987191e-01 5.176107e-01 -1.917412e-01 8.338552e-01 -1.958300e+00
8.546869e-01 -1.239436e-01 5.041313e-01 9.059070e+00 2.808117e-01 9.271313e-01 -2.481378e-01 -8.155633e-01 -4.366408e-01 3.536461e-01 8.272118e-01 -2.537989e+00
8.520181e-01 2.729035e-01 -4.467536e-01 8.995951e+00 -8.419422e-02 9.136999e-01 3.975724e-01 -8.124465e-01 5.166976e-01 -3.011248e-01 8.014658e-01 -2.385031e+00
8.870561e-01 -1.331536e-01 4.420426e-01 8.861241e+00 2.562239e-01 9.384931e-01 -2.314736e-01 -7.966315e-01 -3.840324e-01 3.185919e-01 8.666131e-01 -1.876326e+00
8.890941e-01 2.914120e-01 -3.529741e-01 8.760043e+00 -1.417053e-01 9.085041e-01 3.931156e-01 -7.829804e-01 4.352371e-01 -2.994985e-01 8.490403e-01 -1.260204e+00
8.705197e-01 -2.003244e-01 4.495170e-01 8.699363e+00 3.120265e-01 9.310112e-01 -1.893609e-01 -7.742387e-01 -3.805718e-01 3.051036e-01 8.729702e-01 -7.228020e-01
8.868181e-01 3.379612e-01 -3.151760e-01 8.648383e+00 -2.023124e-01 8.971248e-01 3.927298e-01 -7.666286e-01 4.154797e-01 -2.845159e-01 8.639603e-01 -1.980231e-01
8.676964e-01 -2.485480e-01 4.304960e-01 8.573927e+00 3.532314e-01 9.176286e-01 -1.821686e-01 -7.564481e-01 -3.497578e-01 3.101317e-01 8.840180e-01 3.653598e-01
9.060745e-01 3.588077e-01 -2.242457e-01 8.528190e+00 -2.712453e-01 8.993221e-01 3.429954e-01 -7.500137e-01 3.247385e-01 -2.499538e-01 9.121776e-01 9.024100e-01
8.562679e-01 -3.319607e-01 3.957364e-01 8.464353e+00 4.106626e-01 9.022194e-01 -1.317438e-01 -7.419750e-01 -3.133073e-01 2.753221e-01 9.088654e-01 1.426496e+00
8.702513e-01 4.108353e-01 -2.718033e-01 8.349648e+00 -3.087267e-01 8.848257e-01 3.489576e-01 -7.294793e-01 3.838626e-01 -2.197678e-01 8.968565e-01 1.881549e+00
8.878594e-01 -3.420338e-01 3.077639e-01 8.209080e+00 4.039850e-01 8.996477e-01 -1.656204e-01 -7.125162e-01 -2.202313e-01 2.713796e-01 9.369372e-01 2.400445e+00
8.987772e-01 4.137750e-01 -1.448786e-01 8.187945e+00 -3.521052e-01 8.781817e-01 3.237573e-01 -7.071151e-01 2.611924e-01 -2.399732e-01 9.349820e-01 2.917661e+00
8.497430e-01 -4.199148e-01 3.187607e-01 8.234482e+00 4.743278e-01 8.728568e-01 -1.146039e-01 -7.103383e-01 -2.301085e-01 2.485809e-01 9.408813e-01 3.292497e+00
8.681477e-01 4.541614e-01 -2.001422e-01 8.224761e+00 -3.828457e-01 8.694360e-01 3.122661e-01 -7.109957e-01 3.158301e-01 -1.944695e-01 9.286727e-01 3.490659e+00
8.160485e-01 -4.367611e-01 3.785558e-01 8.327509e+00 5.231876e-01 8.365516e-01 -1.626531e-01 -7.252172e-01 -2.456409e-01 3.307886e-01 9.111748e-01 3.151787e+00
8.649996e-01 4.390521e-01 -2.429175e-01 8.484589e+00 -3.847545e-01 8.911205e-01 2.405583e-01 -7.470214e-01 3.220864e-01 -1.146192e-01 9.397461e-01 2.357046e+00
8.562463e-01 -4.400709e-01 2.705178e-01 8.547562e+00 4.856330e-01 8.642660e-01 -1.311675e-01 -7.565271e-01 -1.760764e-01 2.436841e-01 9.537375e-01 2.131310e+00
8.720988e-01 4.664697e-01 -1.478167e-01 8.588410e+00 -4.089121e-01 8.606470e-01 3.034429e-01 -7.614938e-01 2.687649e-01 -2.041882e-01 9.413143e-01 2.328625e+00
8.442969e-01 -4.722797e-01 2.532087e-01 8.677073e+00 5.098200e-01 8.534658e-01 -1.080725e-01 -7.695407e-01 -1.650645e-01 2.203361e-01 9.613562e-01 2.570514e+00
8.630321e-01 5.015387e-01 -6.028723e-02 8.784392e+00 -4.632535e-01 8.333861e-01 3.014364e-01 -7.750265e-01 2.014245e-01 -2.322210e-01 9.515785e-01 3.025232e+00
8.218338e-01 -5.149789e-01 2.436922e-01 8.866263e+00 5.426511e-01 8.378498e-01 -5.947664e-02 -7.780636e-01 -1.735482e-01 1.811197e-01 9.680272e-01 3.614019e+00
8.528549e-01 5.170912e-01 -7.249288e-02 8.915465e+00 -4.981726e-01 8.474014e-01 1.836710e-01 -7.831325e-01 1.564052e-01 -1.205308e-01 9.803110e-01 3.907343e+00
8.155715e-01 -5.375049e-01 2.143164e-01 9.079670e+00 5.703467e-01 8.092339e-01 -1.408727e-01 -8.007348e-01 -9.771231e-02 2.371264e-01 9.665523e-01 3.397681e+00
8.659147e-01 4.934037e-01 -8.212525e-02 9.289734e+00 -4.841038e-01 8.679969e-01 1.105667e-01 -8.251906e-01 1.258385e-01 -5.598416e-02 9.904698e-01 2.533728e+00
6.936883e-01 -5.080493e-01 5.105707e-01 9.615058e+00 6.156214e-01 7.861817e-01 -5.411645e-02 -8.675779e-01 -3.739075e-01 3.518582e-01 8.581311e-01 9.354264e-01
7.251758e-01 4.547131e-01 -5.170648e-01 9.959607e+00 -4.221086e-01 8.868561e-01 1.879110e-01 -9.028641e-01 5.440077e-01 8.198895e-02 8.350649e-01 -7.410399e-01
5.006671e-01 -3.414029e-01 7.954725e-01 1.028099e+01 5.924988e-01 8.051060e-01 -2.737890e-02 -9.468604e-01 -6.310924e-01 4.850242e-01 6.053709e-01 -2.338616e+00
7.353582e-01 3.849584e-01 -5.577234e-01 1.053231e+01 -3.554318e-01 9.198005e-01 1.662388e-01 -9.833865e-01 5.769893e-01 7.598759e-02 8.132092e-01 -3.905526e+00
5.543521e-01 -3.082762e-01 7.730844e-01 1.071653e+01 4.743024e-01 8.802943e-01 1.092149e-02 -1.014880e+00 -6.839086e-01 3.606214e-01 6.342091e-01 -5.093167e+00
8.000460e-01 2.659135e-01 -5.377885e-01 1.093411e+01 -2.657948e-01 9.607352e-01 7.963050e-02 -1.051283e+00 5.378472e-01 7.923336e-02 8.393107e-01 -6.413799e+00
7.256404e-01 -2.291854e-01 6.487835e-01 1.114656e+01 3.447583e-01 9.371043e-01 -5.456358e-02 -1.080942e+00 -5.954727e-01 2.632671e-01 7.590143e-01 -7.683413e+00
7.365629e-01 2.558943e-01 -6.260937e-01 1.128179e+01 -1.495989e-01 9.643783e-01 2.181620e-01 -1.098030e+00 6.596175e-01 -6.702712e-02 7.486067e-01 -8.258828e+00
7.317326e-01 -2.434344e-01 6.366373e-01 1.154016e+01 3.267854e-01 9.449910e-01 -1.425650e-02 -1.113418e+00 -5.981460e-01 2.184757e-01 7.710316e-01 -8.177874e+00
9.552399e-01 8.297271e-02 -2.839581e-01 1.197204e+01 -1.229914e-01 9.843619e-01 -1.261140e-01 -1.163422e+00 2.690535e-01 1.553935e-01 9.505067e-01 -9.654681e+00
9.477180e-01 -2.241631e-01 2.271157e-01 1.222016e+01 2.442104e-01 9.676064e-01 -6.402429e-02 -1.186989e+00 -2.054067e-01 1.161410e-01 9.717610e-01 -1.102143e+01
8.964051e-01 2.283628e-01 -3.798793e-01 1.274546e+01 -1.841176e-01 9.714640e-01 1.495271e-01 -1.206816e+00 4.031855e-01 -6.409441e-02 9.128710e-01 -1.138761e+01
9.438951e-01 -3.207966e-01 7.843248e-02 1.319228e+01 3.297059e-01 9.018187e-01 -2.793152e-01 -1.226864e+00 1.887151e-02 2.895039e-01 9.569908e-01 -1.222493e+01
9.648041e-01 2.555979e-01 6.182857e-02 1.330274e+01 -2.622295e-01 9.174892e-01 2.990809e-01 -1.240836e+00 1.971740e-02 -3.047677e-01 9.522226e-01 -1.244457e+01
9.521871e-01 -3.008656e-01 -5.309977e-02 1.376046e+01 2.697743e-01 9.095720e-01 -3.160706e-01 -1.262255e+00 1.433928e-01 2.866334e-01 9.472485e-01 -1.238832e+01
9.736921e-01 2.018118e-01 1.058100e-01 1.421018e+01 -2.227728e-01 9.407164e-01 2.557831e-01 -1.287142e+00 -4.791718e-02 -2.726256e-01 9.609262e-01 -1.252026e+01
8.987058e-01 -2.967625e-01 3.228931e-01 1.437468e+01 4.023909e-01 8.507639e-01 -3.380567e-01 -1.320476e+00 -1.743833e-01 4.337427e-01 8.840010e-01 -1.367229e+01
9.441433e-01 3.060078e-01 -1.222809e-01 1.456770e+01 -2.624084e-01 9.226057e-01 2.827375e-01 -1.346142e+00 1.993370e-01 -2.348572e-01 9.513710e-01 -1.472910e+01
9.307583e-01 -3.360333e-01 1.441203e-01 1.477207e+01 3.627262e-01 8.982201e-01 -2.482547e-01 -1.361765e+00 -4.602988e-02 2.833413e-01 9.579139e-01 -1.482355e+01
9.553341e-01 2.928434e-01 3.974407e-02 1.491166e+01 -2.950964e-01 9.380062e-01 1.818311e-01 -1.381074e+00 1.596784e-02 -1.854377e-01 9.825263e-01 -1.535491e+01
9.168425e-01 -3.983968e-01 -2.607231e-02 1.515327e+01 3.788101e-01 8.886760e-01 -2.583755e-01 -1.400497e+00 1.261058e-01 2.270132e-01 9.656927e-01 -1.594267e+01
9.543818e-01 2.976140e-01 -2.410984e-02 1.543946e+01 -2.820818e-01 9.251517e-01 2.540160e-01 -1.416752e+00 9.790398e-02 -2.356273e-01 9.668995e-01 -1.602703e+01
9.339751e-01 -3.571163e-01 -1.259047e-02 1.576958e+01 3.431570e-01 9.061802e-01 -2.471451e-01 -1.433233e+00 9.966877e-02 2.265068e-01 9.688967e-01 -1.597972e+01
9.582907e-01 2.805252e-01 -5.463055e-02 1.607329e+01 -2.582044e-01 9.317542e-01 2.552735e-01 -1.450923e+00 1.225129e-01 -2.305204e-01 9.653243e-01 -1.614821e+01
8.602696e-01 -3.596157e-01 -3.614040e-01 1.675187e+01 2.157896e-01 8.990596e-01 -3.809550e-01 -1.473352e+00 4.619211e-01 2.497367e-01 8.510349e-01 -1.666887e+01
9.856107e-01 1.235014e-01 -1.154080e-01 1.746792e+01 -7.662948e-02 9.350354e-01 3.461745e-01 -1.491214e+00 1.506636e-01 -3.323496e-01 9.310447e-01 -1.719710e+01
9.832527e-01 -1.516976e-01 1.010044e-01 1.774261e+01 1.764884e-01 9.307917e-01 -3.201228e-01 -1.510275e+00 -4.545216e-02 3.325877e-01 9.419764e-01 -1.738661e+01
9.900775e-01 1.401209e-01 -1.061073e-02 1.794053e+01 -1.275211e-01 9.276326e-01 3.510499e-01 -1.524537e+00 5.903229e-02 -3.462136e-01 9.362966e-01 -1.732870e+01
9.837295e-01 -1.739798e-01 4.480247e-02 1.821877e+01 1.795101e-01 9.418336e-01 -2.841225e-01 -1.541047e+00 7.235092e-03 2.875422e-01 9.577406e-01 -1.723392e+01
7.514103e-01 1.141123e-01 -6.498930e-01 1.959028e+01 1.648318e-01 9.212431e-01 3.523373e-01 -1.578899e+00 6.389155e-01 -3.718729e-01 6.734222e-01 -1.749743e+01
9.530392e-01 1.007245e-01 -2.856062e-01 2.078885e+01 -1.974958e-01 9.216562e-01 -3.339839e-01 -1.592798e+00 2.295903e-01 3.747058e-01 8.982671e-01 -1.780835e+01
9.395751e-01 -2.646333e-01 2.171816e-01 2.084895e+01 1.489338e-01 8.871888e-01 4.367091e-01 -1.600442e+00 -3.082488e-01 -3.779753e-01 8.729933e-01 -1.773739e+01
9.284166e-01 1.501396e-01 -3.398539e-01 2.087268e+01 -2.529298e-01 9.254377e-01 -2.821196e-01 -1.602959e+00 2.721563e-01 3.478837e-01 8.971666e-01 -1.753500e+01
9.411093e-01 -3.067013e-01 1.422939e-01 2.115917e+01 2.290165e-01 8.878711e-01 3.990443e-01 -1.616755e+00 -2.487260e-01 -3.429567e-01 9.058234e-01 -1.735554e+01
9.316999e-01 1.696439e-01 -3.211794e-01 2.152326e+01 -2.689963e-01 9.164423e-01 -2.962675e-01 -1.637173e+00 2.440824e-01 3.624285e-01 8.994828e-01 -1.732187e+01
9.335957e-01 -3.253191e-01 1.502217e-01 2.167425e+01 2.389934e-01 8.776795e-01 4.154044e-01 -1.646696e+00 -2.669855e-01 -3.519178e-01 8.971469e-01 -1.716296e+01
9.799714e-01 1.309718e-01 -1.500084e-01 2.181448e+01 -1.870200e-01 8.640660e-01 -4.673472e-01 -1.667362e+00 6.840789e-02 4.860415e-01 8.712543e-01 -1.769940e+01
9.673587e-01 -2.525398e-01 2.099435e-02 2.192469e+01 2.180312e-01 8.716629e-01 4.389375e-01 -1.681497e+00 -1.291492e-01 -4.200326e-01 8.982723e-01 -1.819796e+01
9.629020e-01 1.753475e-01 -2.051170e-01 2.208299e+01 -2.375848e-01 9.113011e-01 -3.362793e-01 -1.690964e+00 1.279576e-01 3.725367e-01 9.191536e-01 -1.802180e+01
9.461064e-01 -3.212118e-01 4.129908e-02 2.238884e+01 2.802084e-01 8.758499e-01 3.928997e-01 -1.707912e+00 -1.623758e-01 -3.601526e-01 9.186535e-01 -1.819327e+01
9.491811e-01 1.871423e-01 -2.530473e-01 2.265081e+01 -2.660752e-01 9.065843e-01 -3.275803e-01 -1.723651e+00 1.681046e-01 3.782627e-01 9.103066e-01 -1.828100e+01
9.357760e-01 -3.294235e-01 1.257119e-01 2.286002e+01 2.578898e-01 8.825876e-01 3.931055e-01 -1.737744e+00 -2.404500e-01 -3.354389e-01 9.108593e-01 -1.830736e+01
9.485724e-01 1.897722e-01 -2.533713e-01 2.309888e+01 -2.647560e-01 9.143601e-01 -3.063491e-01 -1.753399e+00 1.735360e-01 3.576759e-01 9.175801e-01 -1.831845e+01
9.256318e-01 -3.313142e-01 1.828569e-01 2.330383e+01 2.371407e-01 8.843980e-01 4.020006e-01 -1.769201e+00 -2.949068e-01 -3.287417e-01 8.971950e-01 -1.827715e+01
9.420672e-01 1.896558e-01 -2.766588e-01 2.343864e+01 -2.747955e-01 9.093586e-01 -3.123368e-01 -1.781245e+00 1.923456e-01 3.702668e-01 9.087935e-01 -1.834866e+01
9.200427e-01 -3.540927e-01 1.677495e-01 2.359640e+01 2.643682e-01 8.769942e-01 4.012363e-01 -1.794083e+00 -2.891902e-01 -3.248069e-01 9.004829e-01 -1.839971e+01
9.375782e-01 2.454133e-01 -2.464132e-01 2.373624e+01 -3.062432e-01 9.183852e-01 -2.505668e-01 -1.804436e+00 1.648098e-01 3.103883e-01 9.362141e-01 -1.816835e+01
9.119210e-01 -3.749521e-01 1.667665e-01 2.387692e+01 3.073520e-01 8.933322e-01 3.278601e-01 -1.817460e+00 -2.719097e-01 -2.477264e-01 9.298907e-01 -1.828839e+01
9.504746e-01 2.044150e-01 -2.341206e-01 2.404700e+01 -2.708202e-01 9.143047e-01 -3.011699e-01 -1.835513e+00 1.524939e-01 3.496590e-01 9.243832e-01 -1.875163e+01
9.199121e-01 -3.649639e-01 1.433981e-01 2.425292e+01 3.012358e-01 8.918562e-01 3.374160e-01 -1.851601e+00 -2.510351e-01 -2.671964e-01 9.303695e-01 -1.892205e+01
9.449403e-01 2.775892e-01 -1.732975e-01 2.439428e+01 -3.081816e-01 9.329703e-01 -1.859852e-01 -1.861425e+00 1.100540e-01 2.291520e-01 9.671491e-01 -1.859883e+01
9.311406e-01 -3.459797e-01 1.152180e-01 2.449448e+01 2.898514e-01 8.939306e-01 3.418688e-01 -1.867718e+00 -2.212766e-01 -2.849318e-01 9.326578e-01 -1.819130e+01
9.484100e-01 2.721691e-01 -1.626115e-01 2.464563e+01 -3.007005e-01 9.347492e-01 -1.892703e-01 -1.877366e+00 1.004875e-01 2.284032e-01 9.683668e-01 -1.783505e+01
9.302192e-01 -3.524946e-01 1.021755e-01 2.481547e+01 3.026201e-01 8.942143e-01 3.298513e-01 -1.889335e+00 -2.076376e-01 -2.759137e-01 9.384872e-01 -1.751849e+01
9.575966e-01 2.729352e-01 -9.227786e-02 2.502544e+01 -2.869769e-01 9.319852e-01 -2.214676e-01 -1.904463e+00 2.555529e-02 2.385582e-01 9.707919e-01 -1.717886e+01
9.436771e-01 -3.308249e-01 5.327844e-03 2.522251e+01 3.181867e-01 9.118066e-01 2.595497e-01 -1.918688e+00 -9.072345e-02 -2.432358e-01 9.657151e-01 -1.712103e+01
9.753791e-01 2.096875e-01 -6.831362e-02 2.541051e+01 -2.204589e-01 9.352102e-01 -2.770915e-01 -1.935703e+00 5.784959e-03 2.853296e-01 9.584120e-01 -1.748823e+01
9.459114e-01 -3.244065e-01 3.480672e-03 2.564864e+01 3.108963e-01 9.094796e-01 2.760260e-01 -1.953207e+00 -9.271022e-02 -2.600140e-01 9.611439e-01 -1.763795e+01
9.631438e-01 2.680371e-01 -2.258623e-02 2.582898e+01 -2.657182e-01 9.350284e-01 -2.347673e-01 -1.966615e+00 -4.180758e-02 2.321162e-01 9.717892e-01 -1.749537e+01
9.399447e-01 -3.244941e-01 -1.058656e-01 2.606399e+01 3.412707e-01 8.990652e-01 2.742556e-01 -1.980621e+00 6.185778e-03 -2.939139e-01 9.558119e-01 -1.738114e+01
9.460244e-01 3.045092e-01 1.109592e-01 2.625080e+01 -2.741756e-01 9.345036e-01 -2.270037e-01 -1.993554e+00 -1.728165e-01 1.843288e-01 9.675523e-01 -1.701661e+01
9.489741e-01 -3.008765e-01 -9.445309e-02 2.638561e+01 3.153539e-01 9.053595e-01 2.843871e-01 -2.004433e+00 -5.140726e-05 -2.996622e-01 9.540454e-01 -1.670546e+01
9.630699e-01 2.692485e-01 1.233441e-03 2.656723e+01 -2.592000e-01 9.283482e-01 -2.664301e-01 -2.017646e+00 -7.288098e-02 2.562712e-01 9.638534e-01 -1.669673e+01
9.397254e-01 -3.312091e-01 -8.495072e-02 2.675900e+01 3.417778e-01 9.024433e-01 2.622671e-01 -2.033133e+00 -1.020204e-02 -2.754933e-01 9.612489e-01 -1.687343e+01
9.587326e-01 2.782933e-01 5.817802e-02 2.692896e+01 -2.581890e-01 9.379046e-01 -2.316751e-01 -2.047016e+00 -1.190391e-01 2.070936e-01 9.710520e-01 -1.671939e+01
9.569084e-01 -2.874063e-01 -4.151937e-02 2.709303e+01 2.867060e-01 9.123605e-01 2.922293e-01 -2.059523e+00 -4.610791e-02 -2.915405e-01 9.554466e-01 -1.644822e+01
9.745553e-01 2.214603e-01 3.460101e-02 2.728100e+01 -2.040302e-01 9.403744e-01 -2.721537e-01 -2.073918e+00 -9.280914e-02 2.581692e-01 9.616315e-01 -1.635438e+01
9.648394e-01 -2.506664e-01 -7.906558e-02 2.749765e+01 2.622239e-01 8.974045e-01 3.548292e-01 -2.087226e+00 -1.798994e-02 -3.630861e-01 9.315819e-01 -1.606549e+01
9.704840e-01 2.275406e-01 7.991259e-02 2.766733e+01 -1.961542e-01 9.375299e-01 -2.873347e-01 -2.096940e+00 -1.403008e-01 2.631786e-01 9.544908e-01 -1.566517e+01
9.649250e-01 -2.165416e-01 -1.484231e-01 2.796433e+01 2.536877e-01 9.145755e-01 3.149511e-01 -2.112417e+00 6.754410e-02 -3.415573e-01 9.374307e-01 -1.547748e+01
9.833795e-01 1.808935e-01 1.556486e-02 2.828934e+01 -1.612489e-01 9.095456e-01 -3.830477e-01 -2.133107e+00 -8.344779e-02 3.741714e-01 9.235974e-01 -1.575377e+01
9.637898e-01 -2.590503e-01 -6.326190e-02 2.844312e+01 2.642497e-01 8.959584e-01 3.569744e-01 -2.149010e+00 -3.579431e-02 -3.607652e-01 9.319695e-01 -1.608336e+01
9.804934e-01 1.927647e-01 -3.839963e-02 2.874067e+01 -1.939638e-01 9.173350e-01 -3.476701e-01 -2.169653e+00 -3.179319e-02 3.483363e-01 9.368303e-01 -1.647552e+01
9.499548e-01 -2.403862e-01 -1.995002e-01 2.916595e+01 2.969219e-01 8.932653e-01 3.375120e-01 -2.190707e+00 9.707338e-02 -3.798572e-01 9.199376e-01 -1.643654e+01
9.632444e-01 2.681774e-01 -1.552612e-02 2.974801e+01 -2.613836e-01 9.223750e-01 -2.844346e-01 -2.208470e+00 -6.195803e-02 2.780383e-01 9.585697e-01 -1.592422e+01
9.477060e-01 -2.638291e-01 -1.795761e-01 3.023325e+01 3.057718e-01 9.117919e-01 2.741150e-01 -2.228369e+00 9.141653e-02 -3.146898e-01 9.447822e-01 -1.566220e+01
9.515236e-01 2.370927e-01 1.959333e-01 3.041899e+01 -1.749659e-01 9.411544e-01 -2.891632e-01 -2.242045e+00 -2.529620e-01 2.408639e-01 9.370138e-01 -1.548672e+01
9.637314e-01 -1.936551e-01 -1.836284e-01 3.057930e+01 2.496275e-01 8.974713e-01 3.636363e-01 -2.253166e+00 9.438121e-02 -3.962865e-01 9.132630e-01 -1.512315e+01
9.665718e-01 2.554151e-01 -2.240666e-02 3.110179e+01 -2.549533e-01 9.481981e-01 -1.895237e-01 -2.267397e+00 -2.716126e-02 1.889009e-01 9.816205e-01 -1.464356e+01
9.521697e-01 -2.380951e-01 -1.915294e-01 3.164749e+01 2.719642e-01 9.460874e-01 1.759381e-01 -2.281156e+00 1.393136e-01 -2.196121e-01 9.655891e-01 -1.422264e+01
9.667389e-01 2.209173e-01 1.288856e-01 3.186455e+01 -1.912868e-01 9.590203e-01 -2.090203e-01 -2.297056e+00 -1.697801e-01 1.774140e-01 9.693807e-01 -1.453563e+01
9.255686e-01 -2.932227e-01 -2.394645e-01 3.204772e+01 3.269825e-01 9.379701e-01 1.153016e-01 -2.313901e+00 1.908015e-01 -1.850202e-01 9.640344e-01 -1.504204e+01
9.355621e-01 2.716442e-01 2.256833e-01 3.222694e+01 -2.210798e-01 9.488127e-01 -2.255621e-01 -2.331394e+00 -2.754038e-01 1.611333e-01 9.477282e-01 -1.551455e+01
8.958833e-01 -3.243122e-01 -3.036687e-01 3.239659e+01 3.707169e-01 9.223732e-01 1.086124e-01 -2.348548e+00 2.448715e-01 -2.098792e-01 9.465668e-01 -1.602100e+01
8.800814e-01 3.121238e-01 3.578204e-01 3.246443e+01 -2.241983e-01 9.374529e-01 -2.663029e-01 -2.362185e+00 -4.185592e-01 1.541455e-01 8.950125e-01 -1.631396e+01
9.269732e-01 -2.918849e-01 -2.356352e-01 3.253535e+01 3.391830e-01 9.204745e-01 1.941175e-01 -2.377935e+00 1.602362e-01 -2.598652e-01 9.522576e-01 -1.667839e+01
9.285580e-01 2.985405e-01 2.205756e-01 3.265691e+01 -2.127758e-01 9.150227e-01 -3.427243e-01 -2.395999e+00 -3.041487e-01 2.713062e-01 9.131738e-01 -1.736361e+01
8.984406e-01 -2.722265e-01 -3.445245e-01 3.278739e+01 3.597671e-01 9.062113e-01 2.221456e-01 -2.411315e+00 2.517381e-01 -3.235333e-01 9.121152e-01 -1.792268e+01
9.227506e-01 2.912338e-01 2.524168e-01 3.287531e+01 -2.118460e-01 9.304203e-01 -2.990642e-01 -2.420956e+00 -3.219514e-01 2.224882e-01 9.202425e-01 -1.797588e+01
9.172943e-01 -2.228260e-01 -3.300298e-01 3.285296e+01 3.239033e-01 8.996181e-01 2.928718e-01 -2.420079e+00 2.316414e-01 -3.755474e-01 8.973887e-01 -1.778162e+01
9.225829e-01 2.622348e-01 2.829730e-01 3.286435e+01 -1.702962e-01 9.349565e-01 -3.112161e-01 -2.423582e+00 -3.461791e-01 2.389334e-01 9.072325e-01 -1.759600e+01
9.291471e-01 -1.730373e-01 -3.267167e-01 3.293682e+01 2.822967e-01 9.026947e-01 3.247318e-01 -2.429416e+00 2.387347e-01 -3.939547e-01 8.875841e-01 -1.731643e+01
9.633157e-01 2.322733e-01 1.344320e-01 3.335770e+01 -1.731565e-01 9.206464e-01 -3.498958e-01 -2.449751e+00 -2.050358e-01 3.137823e-01 9.270927e-01 -1.723767e+01
9.547820e-01 -2.078044e-01 -2.126230e-01 3.383685e+01 2.687249e-01 9.091557e-01 3.181554e-01 -2.475654e+00 1.271933e-01 -3.609062e-01 9.238877e-01 -1.699888e+01
9.589427e-01 2.091065e-01 1.915811e-01 3.398669e+01 -1.586248e-01 9.554571e-01 -2.488774e-01 -2.483254e+00 -2.350894e-01 2.082696e-01 9.493981e-01 -1.650152e+01
9.619661e-01 -1.177240e-01 -2.465002e-01 3.405307e+01 1.989540e-01 9.202766e-01 3.369099e-01 -2.481454e+00 1.871860e-01 -3.731380e-01 9.086965e-01 -1.585048e+01
9.642859e-01 1.799699e-01 1.943285e-01 3.419140e+01 -1.282901e-01 9.592452e-01 -2.517742e-01 -2.485938e+00 -2.317204e-01 2.178518e-01 9.480750e-01 -1.525072e+01
9.212059e-01 -1.746445e-01 -3.476765e-01 3.439674e+01 2.546120e-01 9.462868e-01 1.992837e-01 -2.499605e+00 2.941979e-01 -2.721040e-01 9.161916e-01 -1.520036e+01
9.550931e-01 1.609010e-01 2.488132e-01 3.457118e+01 -1.049605e-01 9.689860e-01 -2.237172e-01 -2.512840e+00 -2.770928e-01 1.875552e-01 9.423601e-01 -1.523136e+01
9.593272e-01 -9.925619e-02 -2.642717e-01 3.465859e+01 1.840247e-01 9.297811e-01 3.188135e-01 -2.516936e+00 2.140706e-01 -3.544789e-01 9.102299e-01 -1.478739e+01
9.590335e-01 1.324592e-01 2.504183e-01 3.472139e+01 -6.261921e-02 9.612090e-01 -2.686188e-01 -2.522001e+00 -2.762854e-01 2.419334e-01 9.301261e-01 -1.448586e+01
9.676223e-01 -9.219146e-02 -2.349636e-01 3.484217e+01 1.668818e-01 9.320760e-01 3.215352e-01 -2.531908e+00 1.893611e-01 -3.503358e-01 9.172825e-01 -1.426249e+01
9.481864e-01 9.898652e-02 3.019011e-01 3.498330e+01 -1.365791e-02 9.620481e-01 -2.725380e-01 -2.543469e+00 -3.174210e-01 2.542935e-01 9.135528e-01 -1.397931e+01
9.883783e-01 -6.413151e-02 -1.378242e-01 3.511045e+01 1.042935e-01 9.456932e-01 3.078755e-01 -2.557470e+00 1.105949e-01 -3.186716e-01 9.413911e-01 -1.382573e+01
9.726765e-01 3.223367e-02 2.299161e-01 3.523597e+01 3.448058e-02 9.592753e-01 -2.803606e-01 -2.571289e+00 -2.295899e-01 2.806278e-01 9.319531e-01 -1.369495e+01
9.903230e-01 -6.802160e-04 -1.387800e-01 3.537052e+01 5.057868e-02 9.329816e-01 3.563526e-01 -2.583483e+00 1.292368e-01 -3.599235e-01 9.239875e-01 -1.343986e+01
9.789415e-01 -5.097565e-03 2.040773e-01 3.549696e+01 6.512161e-02 9.552562e-01 -2.885218e-01 -2.595514e+00 -1.934754e-01 2.957358e-01 9.354719e-01 -1.321446e+01
9.890632e-01 2.835027e-02 -1.447419e-01 3.561114e+01 3.107484e-02 9.192702e-01 3.923987e-01 -2.605327e+00 1.441815e-01 -3.926049e-01 9.083353e-01 -1.294288e+01
9.866218e-01 -1.752211e-02 1.620817e-01 3.571499e+01 6.538330e-02 9.532746e-01 -2.949451e-01 -2.612002e+00 -1.493403e-01 3.015967e-01 9.416671e-01 -1.260747e+01
9.951614e-01 2.557147e-02 -9.486809e-02 3.588413e+01 1.218902e-02 9.259498e-01 3.774497e-01 -2.622993e+00 9.749504e-02 -3.767797e-01 9.211578e-01 -1.233508e+01
9.949795e-01 -5.447986e-02 8.395078e-02 3.608872e+01 8.113791e-02 9.301921e-01 -3.579934e-01 -2.637942e+00 -5.858692e-02 3.630077e-01 9.299425e-01 -1.247821e+01
9.945833e-01 -3.009860e-02 -9.948926e-02 3.629332e+01 6.451532e-02 9.292275e-01 3.638324e-01 -2.653424e+00 8.149731e-02 -3.682802e-01 9.261360e-01 -1.265254e+01
9.934155e-01 3.874068e-03 1.145017e-01 3.643558e+01 3.680268e-02 9.356681e-01 -3.509570e-01 -2.666094e+00 -1.084953e-01 3.528601e-01 9.293646e-01 -1.269154e+01
9.956946e-01 -6.105132e-02 -6.974995e-02 3.663052e+01 8.197007e-02 9.312583e-01 3.550196e-01 -2.682744e+00 4.328079e-02 -3.592085e-01 9.322532e-01 -1.302080e+01
9.975899e-01 -3.610828e-02 5.924968e-02 3.689583e+01 5.665140e-02 9.169092e-01 -3.950545e-01 -2.703766e+00 -4.006184e-02 3.974590e-01 9.167450e-01 -1.359991e+01
9.705509e-01 -1.077821e-01 -2.154389e-01 3.719880e+01 1.844889e-01 9.076375e-01 3.770386e-01 -2.720403e+00 1.549024e-01 -4.056812e-01 9.007930e-01 -1.382556e+01
9.789442e-01 1.402609e-01 1.483077e-01 3.725949e+01 -7.126143e-02 9.156562e-01 -3.955951e-01 -2.727170e+00 -1.912854e-01 3.766969e-01 9.063715e-01 -1.387635e+01
8.151961e-01 -1.269677e-01 5.650969e-01 3.745324e+01 7.541834e-02 9.906389e-01 1.137829e-01 -2.779969e+00 -5.742538e-01 -5.013671e-02 8.171407e-01 -1.589602e+01
9.871315e-01 -1.535206e-01 -4.475327e-02 3.771113e+01 1.182971e-01 8.893784e-01 -4.416014e-01 -2.835082e+00 1.075975e-01 4.306245e-01 8.960945e-01 -1.839765e+01
9.871879e-01 7.220837e-02 1.422886e-01 3.802255e+01 -9.810010e-02 9.779586e-01 1.843187e-01 -2.871803e+00 -1.258430e-01 -1.959157e-01 9.725125e-01 -2.005023e+01
9.812627e-01 -1.789191e-01 -7.149420e-02 3.810728e+01 1.594786e-01 9.624402e-01 -2.197168e-01 -2.886246e+00 1.081204e-01 2.041981e-01 9.729404e-01 -2.053504e+01
9.748019e-01 1.131336e-01 1.922552e-01 3.821622e+01 -1.626237e-01 9.503456e-01 2.653240e-01 -2.894716e+00 -1.526918e-01 -2.899036e-01 9.447969e-01 -2.023520e+01
9.741110e-01 -2.118105e-01 -7.901928e-02 3.836488e+01 1.910097e-01 9.580920e-01 -2.134829e-01 -2.906582e+00 1.209257e-01 1.928626e-01 9.737459e-01 -2.000359e+01
9.282205e-01 1.127998e-01 3.545179e-01 3.853989e+01 -2.034631e-01 9.517066e-01 2.299073e-01 -2.920392e+00 -3.114635e-01 -2.855360e-01 9.063441e-01 -1.960415e+01
9.630035e-01 -2.627124e-01 -6.005424e-02 3.868671e+01 2.423583e-01 9.417213e-01 -2.332881e-01 -2.936439e+00 1.178420e-01 2.101026e-01 9.705515e-01 -1.950383e+01
9.578926e-01 2.001163e-01 2.059012e-01 3.876804e+01 -2.382790e-01 9.541471e-01 1.811807e-01 -2.949156e+00 -1.602028e-01 -2.226136e-01 9.616539e-01 -1.967612e+01
9.439622e-01 -2.928259e-01 -1.522770e-01 3.877046e+01 2.647144e-01 9.472627e-01 -1.806093e-01 -2.955107e+00 1.971335e-01 1.301785e-01 9.716954e-01 -1.976837e+01
9.291364e-01 2.116362e-01 3.031758e-01 3.886308e+01 -2.760569e-01 9.425646e-01 1.880548e-01 -2.961613e+00 -2.459636e-01 -2.584224e-01 9.341947e-01 -1.938984e+01
9.265830e-01 -2.966446e-01 -2.311837e-01 3.899215e+01 2.713347e-01 9.529342e-01 -1.352546e-01 -2.969726e+00 2.604255e-01 6.259644e-02 9.634626e-01 -1.902251e+01
9.435421e-01 2.292808e-01 2.390789e-01 3.908072e+01 -2.541789e-01 9.639507e-01 7.869002e-02 -2.978026e+00 -2.124181e-01 -1.350161e-01 9.678064e-01 -1.903828e+01
9.278169e-01 -3.344298e-01 -1.652649e-01 3.921391e+01 3.237863e-01 9.419885e-01 -8.843154e-02 -2.991833e+00 1.852518e-01 2.853775e-02 9.822766e-01 -1.913671e+01
9.143750e-01 2.703069e-01 3.014176e-01 3.906857e+01 -3.143516e-01 9.431669e-01 1.077931e-01 -2.974837e+00 -2.551499e-01 -1.933144e-01 9.473796e-01 -1.852427e+01
8.990398e-01 -3.068409e-01 -3.123717e-01 3.891898e+01 2.585954e-01 9.477678e-01 -1.867208e-01 -2.958995e+00 3.533494e-01 8.709149e-02 9.314286e-01 -1.809921e+01
8.829999e-01 1.712473e-01 4.370190e-01 3.889014e+01 -2.612669e-01 9.528174e-01 1.545269e-01 -2.957199e+00 -3.899370e-01 -2.506258e-01 8.860789e-01 -1.782590e+01
8.214332e-01 -2.841850e-01 -4.944556e-01 3.910669e+01 1.864449e-01 9.531786e-01 -2.380943e-01 -2.966320e+00 5.389673e-01 1.033898e-01 8.359574e-01 -1.782217e+01
9.552034e-01 2.138153e-01 2.046203e-01 3.993760e+01 -2.345793e-01 9.685484e-01 8.298550e-02 -2.999291e+00 -1.804411e-01 -1.272677e-01 9.753174e-01 -1.813488e+01
9.444390e-01 -2.717646e-01 -1.848756e-01 4.047786e+01 2.393962e-01 9.541584e-01 -1.796419e-01 -3.026568e+00 2.252209e-01 1.254023e-01 9.662038e-01 -1.820254e+01
9.514962e-01 1.963876e-01 2.368268e-01 4.054038e+01 -2.335454e-01 9.621479e-01 1.404559e-01 -3.034034e+00 -2.002786e-01 -1.889531e-01 9.613455e-01 -1.828673e+01
9.377259e-01 -2.597078e-01 -2.306987e-01 4.043609e+01 2.388268e-01 9.642590e-01 -1.147449e-01 -3.025101e+00 2.522535e-01 5.250226e-02 9.662358e-01 -1.803561e+01
9.563526e-01 2.161872e-01 1.966030e-01 4.035268e+01 -2.426063e-01 9.624470e-01 1.218111e-01 -3.016072e+00 -1.628860e-01 -1.641915e-01 9.728871e-01 -1.771432e+01
9.452964e-01 -2.980132e-01 -1.326755e-01 4.048640e+01 2.697444e-01 9.428097e-01 -1.958258e-01 -3.031107e+00 1.834465e-01 1.493250e-01 9.716221e-01 -1.809234e+01
9.726366e-01 1.983110e-01 1.210406e-01 4.065035e+01 -2.120430e-01 9.706317e-01 1.136307e-01 -3.048638e+00 -9.495159e-02 -1.361871e-01 9.861223e-01 -1.870584e+01
9.514486e-01 -2.772566e-01 -1.336949e-01 4.079213e+01 2.573320e-01 9.548048e-01 -1.487546e-01 -3.061791e+00 1.688957e-01 1.071284e-01 9.797948e-01 -1.897020e+01
