9.999057e-01 -1.372978e-04 -1.373331e-02 1.427192e-01 1.806276e-04 9.999950e-01 3.153905e-03 -1.625428e-02 1.373281e-02 -3.156088e-03 9.999007e-01 5.453503e-01
9.999980e-01 1.856712e-04 1.999669e-03 2.282219e-01 -1.852218e-04 1.000000e+00 -2.249147e-04 -2.921196e-02 -1.999710e-03 2.245446e-04 9.999980e-01 1.019611e+00
9.999073e-01 2.241271e-04 -1.361635e-02 3.247036e-01 -1.837828e-04 9.999956e-01 2.964110e-03 -4.108321e-02 1.361695e-02 -2.961333e-03 9.999029e-01 1.408104e+00
9.999998e-01 -6.325699e-04 2.710680e-04 4.056658e-01 6.324751e-04 9.999997e-01 3.498301e-04 -5.901014e-02 -2.712889e-04 -3.496578e-04 9.999999e-01 2.091056e+00
9.999303e-01 6.160986e-04 -1.179427e-02 4.752241e-01 -5.853406e-04 9.999964e-01 2.611160e-03 -7.189949e-02 1.179584e-02 -2.604074e-03 9.999270e-01 2.598668e+00
9.999999e-01 1.311396e-04 4.761864e-04 5.560657e-01 -1.310851e-04 1.000000e+00 -1.144207e-04 -7.859741e-02 -4.762011e-04 1.143590e-04 9.999999e-01 2.766373e+00
9.999529e-01 1.472287e-03 -9.589410e-03 6.413881e-01 -1.457626e-03 9.999978e-01 1.535736e-03 -7.860204e-02 9.591649e-03 -1.521687e-03 9.999528e-01 2.519413e+00
9.999996e-01 6.082876e-05 9.271372e-04 7.150950e-01 -6.050762e-05 9.999999e-01 -3.463466e-04 -7.929083e-02 -9.271579e-04 3.462910e-04 9.999995e-01 2.298365e+00
9.999399e-01 1.033280e-03 -1.091544e-02 7.447282e-01 -1.010395e-03 9.999973e-01 2.101938e-03 -8.484249e-02 1.091759e-02 -2.090784e-03 9.999382e-01 2.417069e+00
9.999998e-01 -4.095655e-04 5.656322e-04 7.909663e-01 4.094551e-04 9.999999e-01 1.954404e-04 -9.393110e-02 -5.657118e-04 -1.952080e-04 9.999998e-01 2.717008e+00
9.999344e-01 3.863954e-04 -1.145127e-02 8.472723e-01 -3.572960e-04 9.999967e-01 2.543090e-03 -1.060112e-01 1.145222e-02 -2.538832e-03 9.999312e-01 3.188320e+00
9.999990e-01 -2.508389e-04 1.415484e-03 8.931073e-01 2.508307e-04 1.000000e+00 6.032741e-06 -1.169915e-01 -1.415485e-03 -5.676977e-06 9.999990e-01 3.602395e+00
9.999402e-01 1.029035e-03 -1.088631e-02 9.370844e-01 -1.004773e-03 9.999970e-01 2.233986e-03 -1.224224e-01 1.088857e-02 -2.222915e-03 9.999382e-01 3.762702e+00
9.999999e-01 -7.792624e-05 3.581737e-04 9.756544e-01 7.807105e-05 9.999999e-01 -4.041001e-04 -1.284448e-01 -3.581419e-04 4.041288e-04 9.999999e-01 3.903650e+00
9.999529e-01 1.558145e-03 -9.582726e-03 1.006846e+00 -1.536062e-03 9.999961e-01 2.311362e-03 -1.286201e-01 9.586290e-03 -2.296534e-03 9.999514e-01 3.797668e+00
9.999987e-01 3.951772e-05 1.640887e-03 1.073371e+00 -3.737281e-05 9.999991e-01 -1.307128e-03 -1.279384e-01 -1.640937e-03 1.307065e-03 9.999978e-01 3.516385e+00
9.999267e-01 3.939066e-04 -1.209894e-02 1.094834e+00 -3.535323e-04 9.999944e-01 3.338972e-03 -1.364627e-01 1.210019e-02 -3.334450e-03 9.999212e-01 3.825584e+00
9.999947e-01 -1.215746e-03 3.028969e-03 1.079053e+00 1.216858e-03 9.999992e-01 -3.653232e-04 -1.494167e-01 -3.028522e-03 3.690078e-04 9.999953e-01 4.569988e+00
9.999444e-01 1.836426e-03 -1.038415e-02 1.065394e+00 -1.808387e-03 9.999947e-01 2.708843e-03 -1.480182e-01 1.038907e-02 -2.689915e-03 9.999424e-01 4.624573e+00
9.999951e-01 3.953304e-04 3.089374e-03 1.163029e+00 -3.893878e-04 9.999981e-01 -1.923884e-03 -1.410920e-01 -3.090128e-03 1.922672e-03 9.999934e-01 3.971952e+00
9.999496e-01 8.195512e-04 -1.000733e-02 1.067859e+00 -7.921694e-04 9.999959e-01 2.739845e-03 -1.379908e-01 1.000954e-02 -2.731780e-03 9.999462e-01 4.029812e+00
9.999700e-01 -8.561893e-04 7.701180e-03 9.521046e-01 8.613229e-04 9.999994e-01 -6.632903e-04 -1.382766e-01 -7.700608e-03 6.699043e-04 9.999701e-01 4.504628e+00
9.999389e-01 9.993170e-04 -1.100446e-02 8.488166e-01 -9.703203e-04 9.999960e-01 2.640028e-03 -1.386181e-01 1.100706e-02 -2.629190e-03 9.999360e-01 4.968370e+00
9.999593e-01 -1.031889e-03 8.968457e-03 7.242965e-01 1.037210e-03 9.999993e-01 -5.886557e-04 -1.380597e-01 -8.967843e-03 5.979346e-04 9.999596e-01 5.489526e+00
9.999073e-01 1.641275e-03 -1.351852e-02 6.520478e-01 -1.606853e-03 9.999954e-01 2.556794e-03 -1.363555e-01 1.352266e-02 -2.534835e-03 9.999054e-01 5.686694e+00
9.999822e-01 -5.117606e-04 5.952790e-03 6.138687e-01 5.190512e-04 9.999991e-01 -1.223240e-03 -1.361493e-01 -5.952158e-03 1.226309e-03 9.999815e-01 5.703738e+00
9.998925e-01 2.138690e-03 -1.450360e-02 6.824167e-01 -2.094475e-03 9.999931e-01 3.063114e-03 -1.374742e-01 1.451005e-02 -3.032408e-03 9.998901e-01 5.548045e+00
9.999893e-01 -7.734820e-04 4.556059e-03 7.834213e-01 7.814095e-04 9.999982e-01 -1.738452e-03 -1.414945e-01 -4.554706e-03 1.741995e-03 9.999881e-01 5.415704e+00
9.998953e-01 5.054946e-04 -1.446037e-02 7.855249e-01 -4.447297e-04 9.999911e-01 4.205083e-03 -1.530603e-01 1.446236e-02 -4.198213e-03 9.998866e-01 5.975557e+00
9.999408e-01 -9.044148e-04 1.084395e-02 7.018031e-01 9.225679e-04 9.999982e-01 -1.669132e-03 -1.580670e-01 -1.084242e-02 1.679038e-03 9.999398e-01 6.593979e+00
9.998629e-01 6.470804e-04 -1.654616e-02 6.158391e-01 -5.797607e-04 9.999915e-01 4.073075e-03 -1.645715e-01 1.654866e-02 -4.062925e-03 9.998548e-01 7.213269e+00
9.999262e-01 -1.464615e-03 1.205928e-02 5.299857e-01 1.478709e-03 9.999982e-01 -1.159939e-03 -1.732937e-01 -1.205756e-02 1.177687e-03 9.999266e-01 7.991569e+00
9.998090e-01 1.453286e-03 -1.949196e-02 5.326882e-01 -1.376419e-03 9.999912e-01 3.956377e-03 -1.822509e-01 1.949754e-02 -3.928793e-03 9.998022e-01 8.457932e+00
9.999580e-01 -1.332656e-03 9.071619e-03 5.476231e-01 1.347680e-03 9.999977e-01 -1.650273e-03 -1.928172e-01 -9.069398e-03 1.662430e-03 9.999575e-01 8.889083e+00
9.998297e-01 5.773941e-04 -1.844626e-02 5.535985e-01 -4.884903e-04 9.999882e-01 4.823758e-03 -2.080023e-01 1.844883e-02 -4.813926e-03 9.998182e-01 9.606046e+00
9.999572e-01 -1.606085e-03 9.116847e-03 5.547978e-01 1.619296e-03 9.999976e-01 -1.441880e-03 -2.247839e-01 -9.114510e-03 1.456582e-03 9.999574e-01 1.042432e+01
9.998569e-01 8.657484e-04 -1.689661e-02 5.356184e-01 -7.897007e-04 9.999895e-01 4.506930e-03 -2.371419e-01 1.690034e-02 -4.492942e-03 9.998471e-01 1.112267e+01
9.999546e-01 -1.143312e-03 9.464198e-03 5.215108e-01 1.160314e-03 9.999977e-01 -1.791124e-03 -2.468197e-01 -9.462129e-03 1.802024e-03 9.999536e-01 1.163989e+01
9.998241e-01 8.517319e-04 -1.873354e-02 5.179298e-01 -7.659504e-04 9.999892e-01 4.585743e-03 -2.593306e-01 1.873724e-02 -4.570588e-03 9.998140e-01 1.221008e+01
9.999506e-01 -9.003363e-05 9.939057e-03 5.281566e-01 1.095453e-04 9.999981e-01 -1.962591e-03 -2.621990e-01 -9.938861e-03 1.963584e-03 9.999487e-01 1.237475e+01
9.998603e-01 2.400262e-03 -1.654259e-02 5.741272e-01 -2.353800e-03 9.999932e-01 2.827536e-03 -2.555896e-01 1.654926e-02 -2.788204e-03 9.998592e-01 1.181938e+01
9.999549e-01 -6.605537e-04 9.477362e-03 5.720759e-01 6.797941e-04 9.999977e-01 -2.027050e-03 -2.514065e-01 -9.476001e-03 2.033402e-03 9.999530e-01 1.149137e+01
9.998273e-01 1.816427e-03 -1.849581e-02 5.399831e-01 -1.751519e-03 9.999923e-01 3.524920e-03 -2.527423e-01 1.850207e-02 -3.491916e-03 9.998227e-01 1.153545e+01
9.999497e-01 -1.194143e-03 9.956425e-03 5.323319e-01 1.207638e-03 9.999984e-01 -1.349425e-03 -2.586749e-01 -9.954797e-03 1.361382e-03 9.999495e-01 1.180771e+01
9.998383e-01 1.179623e-03 -1.794190e-02 5.482447e-01 -1.102845e-03 9.999902e-01 4.288533e-03 -2.690801e-01 1.794679e-02 -4.268054e-03 9.998298e-01 1.229595e+01
9.999755e-01 -8.797671e-04 6.940290e-03 6.192152e-01 8.923949e-04 9.999980e-01 -1.816584e-03 -2.803861e-01 -6.938677e-03 1.822734e-03 9.999743e-01 1.267820e+01
9.998382e-01 3.726108e-04 -1.798249e-02 6.295296e-01 -2.937726e-04 9.999903e-01 4.386616e-03 -2.917651e-01 1.798395e-02 -4.380625e-03 9.998287e-01 1.330261e+01
9.999297e-01 -1.341121e-03 1.177770e-02 5.417654e-01 1.353226e-03 9.999986e-01 -1.019898e-03 -3.039081e-01 -1.177632e-02 1.035765e-03 9.999301e-01 1.421802e+01
9.998059e-01 5.602437e-05 -1.970105e-02 5.285632e-01 3.695784e-05 9.999889e-01 4.719270e-03 -3.205435e-01 1.970109e-02 -4.719083e-03 9.997948e-01 1.509837e+01
9.999255e-01 -6.325724e-04 1.218692e-02 5.055894e-01 6.540982e-04 9.999982e-01 -1.762388e-03 -3.323857e-01 -1.218579e-02 1.770229e-03 9.999242e-01 1.575225e+01
9.998158e-01 2.630663e-04 -1.918874e-02 4.712520e-01 -1.772674e-04 9.999900e-01 4.472885e-03 -3.421660e-01 1.918973e-02 -4.468660e-03 9.998059e-01 1.635005e+01
9.999248e-01 -6.215940e-04 1.224751e-02 4.314254e-01 6.438341e-04 9.999982e-01 -1.812011e-03 -3.515177e-01 -1.224636e-02 1.819761e-03 9.999234e-01 1.694386e+01
9.998227e-01 2.225983e-04 -1.882776e-02 3.899279e-01 -1.367483e-04 9.999896e-01 4.560929e-03 -3.610945e-01 1.882858e-02 -4.557546e-03 9.998123e-01 1.756313e+01
9.999482e-01 -6.407577e-04 1.015480e-02 3.848207e-01 6.583212e-04 9.999983e-01 -1.726310e-03 -3.735099e-01 -1.015367e-02 1.732906e-03 9.999469e-01 1.816303e+01
9.998259e-01 2.325720e-04 -1.865676e-02 3.886105e-01 -1.482711e-04 9.999898e-01 4.519781e-03 -3.855732e-01 1.865762e-02 -4.516228e-03 9.998157e-01 1.873638e+01
9.999549e-01 -4.997403e-04 9.487635e-03 3.932655e-01 5.161340e-04 9.999984e-01 -1.725515e-03 -3.977389e-01 -9.486757e-03 1.730335e-03 9.999535e-01 1.929543e+01
9.998211e-01 3.017282e-04 -1.891134e-02 4.054834e-01 -2.191761e-04 9.999904e-01 4.367147e-03 -4.091839e-01 1.891247e-02 -4.362221e-03 9.998116e-01 1.979521e+01
9.999508e-01 -6.163409e-04 9.895947e-03 4.064426e-01 6.326650e-04 9.999984e-01 -1.646513e-03 -4.206317e-01 -9.894916e-03 1.652693e-03 9.999497e-01 2.036580e+01
9.998461e-01 2.192776e-04 -1.753974e-02 3.732806e-01 -1.467319e-04 9.999914e-01 4.137269e-03 -4.292874e-01 1.754050e-02 -4.134060e-03 9.998376e-01 2.096274e+01
9.999345e-01 -4.764779e-04 1.143687e-02 3.043912e-01 4.943548e-04 9.999987e-01 -1.560302e-03 -4.360253e-01 -1.143611e-02 1.565854e-03 9.999334e-01 2.156612e+01
9.998309e-01 6.371420e-04 -1.838077e-02 2.973566e-01 -5.572748e-04 9.999904e-01 4.349957e-03 -4.451127e-01 1.838337e-02 -4.338978e-03 9.998216e-01 2.200934e+01
9.999598e-01 1.007669e-04 8.965295e-03 3.303328e-01 -8.095237e-05 9.999976e-01 -2.210452e-03 -4.515728e-01 -8.965496e-03 2.209638e-03 9.999574e-01 2.223269e+01
9.998648e-01 -2.666133e-04 -1.644145e-02 2.722610e-01 3.400691e-04 9.999900e-01 4.465099e-03 -4.584553e-01 1.644009e-02 -4.470087e-03 9.998549e-01 2.279318e+01
9.999535e-01 -9.354221e-04 9.594291e-03 1.837298e-01 9.471055e-04 9.999988e-01 -1.213254e-03 -4.706048e-01 -9.593144e-03 1.222285e-03 9.999532e-01 2.374787e+01
9.998897e-01 -5.690419e-04 -1.484105e-02 7.174671e-02 6.357867e-04 9.999897e-01 4.492993e-03 -4.825264e-01 1.483834e-02 -4.501934e-03 9.998798e-01 2.474496e+01
9.999256e-01 -6.654302e-04 1.218364e-02 -8.821882e-02 6.835147e-04 9.999987e-01 -1.480208e-03 -4.904675e-01 -1.218264e-02 1.488426e-03 9.999247e-01 2.563742e+01
9.999182e-01 -6.502407e-04 -1.277634e-02 -2.835477e-01 7.067712e-04 9.999900e-01 4.420620e-03 -4.957801e-01 1.277333e-02 -4.429289e-03 9.999086e-01 2.658820e+01
9.999686e-01 -1.758560e-05 7.928496e-03 -3.355462e-01 2.844325e-05 9.999991e-01 -1.369312e-03 -5.056790e-01 -7.928464e-03 1.369495e-03 9.999676e-01 2.722956e+01
9.998774e-01 -6.683000e-04 -1.564226e-02 -4.216341e-01 7.341213e-04 9.999909e-01 4.202563e-03 -5.161275e-01 1.563930e-02 -4.213532e-03 9.998688e-01 2.802869e+01
9.999463e-01 -4.461995e-04 1.035292e-02 -4.664460e-01 4.511149e-04 9.999998e-01 -4.724318e-04 -5.291951e-01 -1.035271e-02 4.770774e-04 9.999463e-01 2.883976e+01
9.997858e-01 -6.948870e-04 -2.068711e-02 -4.966106e-01 7.675803e-04 9.999936e-01 3.506217e-03 -5.422784e-01 2.068454e-02 -3.521346e-03 9.997799e-01 2.971930e+01
9.998937e-01 -1.340788e-03 1.451571e-02 -6.170248e-01 1.332246e-03 9.999989e-01 5.980915e-04 -5.575288e-01 -1.451650e-02 -5.786887e-04 9.998945e-01 3.102099e+01
9.997901e-01 -3.630703e-04 -2.048511e-02 -6.672560e-01 4.383410e-04 9.999932e-01 3.670046e-03 -5.754844e-01 2.048364e-02 -3.678255e-03 9.997834e-01 3.212588e+01
9.999440e-01 -1.065418e-03 1.052491e-02 -6.859340e-01 1.066654e-03 9.999994e-01 -1.118572e-04 -5.928730e-01 -1.052479e-02 1.230780e-04 9.999446e-01 3.307331e+01
9.998628e-01 3.649421e-04 -1.656257e-02 -7.342687e-01 -3.059835e-04 9.999936e-01 3.562153e-03 -6.039919e-01 1.656377e-02 -3.556597e-03 9.998565e-01 3.391141e+01
9.999560e-01 -9.177310e-04 9.336402e-03 -7.668778e-01 9.232966e-04 9.999994e-01 -5.917987e-04 -6.147919e-01 -9.335853e-03 6.003936e-04 9.999562e-01 3.455813e+01
9.998830e-01 -2.614776e-04 -1.529373e-02 -8.847024e-01 3.195571e-04 9.999927e-01 3.795295e-03 -6.258429e-01 1.529263e-02 -3.799739e-03 9.998758e-01 3.558149e+01
9.999563e-01 -1.896703e-03 9.154723e-03 -9.825927e-01 1.895544e-03 9.999982e-01 1.352157e-04 -6.423423e-01 -9.154962e-03 -1.178560e-04 9.999581e-01 3.686415e+01
9.999790e-01 2.710556e-04 -6.476172e-03 -1.279921e+00 -2.535095e-04 9.999963e-01 2.710032e-03 -6.419009e-01 6.476883e-03 -2.708334e-03 9.999754e-01 3.812269e+01
9.999506e-01 -2.313498e-03 9.670450e-03 -1.579153e+00 2.308644e-03 9.999972e-01 5.131043e-04 -6.434075e-01 -9.671610e-03 -4.907527e-04 9.999531e-01 3.946499e+01
9.998704e-01 1.502036e-04 -1.609703e-02 -1.630293e+00 -8.938611e-05 9.999929e-01 3.778843e-03 -6.624589e-01 1.609748e-02 -3.776915e-03 9.998633e-01 4.069467e+01
9.999772e-01 -1.697406e-03 6.534135e-03 -1.643036e+00 1.697999e-03 9.999986e-01 -8.525627e-05 -6.813095e-01 -6.533980e-03 9.634995e-05 9.999786e-01 4.169995e+01
9.999373e-01 1.226057e-04 -1.119429e-02 -1.766747e+00 -8.357556e-05 9.999939e-01 3.487027e-03 -6.928469e-01 1.119465e-02 -3.485873e-03 9.999313e-01 4.279515e+01
9.999817e-01 -1.652012e-03 5.818780e-03 -1.853570e+00 1.651277e-03 9.999986e-01 1.312004e-04 -7.070901e-01 -5.818989e-03 -1.215889e-04 9.999831e-01 4.382828e+01
9.998855e-01 1.757143e-04 -1.512898e-02 -1.858353e+00 -1.213525e-04 9.999935e-01 3.594080e-03 -7.260858e-01 1.512952e-02 -3.591834e-03 9.998791e-01 4.480849e+01
9.999597e-01 -1.397015e-03 8.864896e-03 -1.916484e+00 1.400152e-03 9.999990e-01 -3.476046e-04 -7.382176e-01 -8.864401e-03 3.600035e-04 9.999606e-01 4.569878e+01
9.998794e-01 8.063906e-04 -1.551171e-02 -1.954969e+00 -7.537769e-04 9.999939e-01 3.397436e-03 -7.497223e-01 1.551436e-02 -3.385334e-03 9.998739e-01 4.636772e+01
9.999834e-01 -1.158215e-03 5.639699e-03 -1.943144e+00 1.161381e-03 9.999992e-01 -5.579886e-04 -7.629111e-01 -5.639048e-03 5.645298e-04 9.999839e-01 4.695712e+01
9.999023e-01 1.781622e-04 -1.397703e-02 -1.972268e+00 -1.256740e-04 9.999929e-01 3.756123e-03 -7.770008e-01 1.397760e-02 -3.754000e-03 9.998953e-01 4.776545e+01
9.999748e-01 -1.306657e-03 6.981381e-03 -2.024885e+00 1.310265e-03 9.999990e-01 -5.123213e-04 -7.902153e-01 -6.980704e-03 5.214565e-04 9.999755e-01 4.864637e+01
9.998999e-01 2.249044e-04 -1.414466e-02 -2.073548e+00 -1.722264e-04 9.999930e-01 3.725355e-03 -8.034438e-01 1.414540e-02 -3.722547e-03 9.998930e-01 4.950134e+01
9.999841e-01 -8.223390e-04 5.586776e-03 -2.068447e+00 8.264806e-04 9.999994e-01 -7.390051e-04 -8.166099e-01 -5.586165e-03 7.436113e-04 9.999841e-01 5.015004e+01
9.998727e-01 3.551328e-04 -1.595014e-02 -2.044503e+00 -2.967508e-04 9.999932e-01 3.662511e-03 -8.309798e-01 1.595134e-02 -3.657312e-03 9.998661e-01 5.076920e+01
9.999706e-01 -6.689795e-04 7.645077e-03 -2.049239e+00 6.770575e-04 9.999992e-01 -1.054063e-03 -8.410879e-01 -7.644365e-03 1.059209e-03 9.999702e-01 5.130458e+01
9.998628e-01 4.890503e-04 -1.655432e-02 -2.046282e+00 -4.261526e-04 9.999927e-01 3.802800e-03 -8.521341e-01 1.655606e-02 -3.795225e-03 9.998557e-01 5.183593e+01
9.999640e-01 -8.487116e-04 8.447171e-03 -2.046863e+00 8.571178e-04 9.999991e-01 -9.915563e-04 -8.630647e-01 -8.446322e-03 9.987615e-04 9.999638e-01 5.237427e+01
9.998542e-01 8.994002e-04 -1.705102e-02 -2.052562e+00 -8.423403e-04 9.999940e-01 3.353324e-03 -8.715628e-01 1.705394e-02 -3.338473e-03 9.998490e-01 5.279621e+01
9.999619e-01 -6.396319e-04 8.706834e-03 -2.037528e+00 6.478354e-04 9.999993e-01 -9.393711e-04 -8.795120e-01 -8.706227e-03 9.449766e-04 9.999617e-01 5.314474e+01
9.998152e-01 -1.129775e-04 -1.922282e-02 -2.018006e+00 1.907083e-04 9.999918e-01 4.041898e-03 -8.953634e-01 1.922221e-02 -4.044818e-03 9.998071e-01 5.385844e+01
9.999528e-01 -7.530131e-04 9.684591e-03 -1.993550e+00 7.599543e-04 9.999995e-01 -7.130427e-04 -9.117531e-01 -9.684049e-03 7.203696e-04 9.999528e-01 5.462963e+01
9.998063e-01 -7.012050e-05 -1.968288e-02 -1.971488e+00 1.480713e-04 9.999922e-01 3.958919e-03 -9.280976e-01 1.968245e-02 -3.961067e-03 9.997984e-01 5.538605e+01
9.999399e-01 1.355686e-04 1.096348e-02 -1.936135e+00 -1.219988e-04 9.999992e-01 -1.238358e-03 -9.377179e-01 -1.096364e-02 1.236946e-03 9.999391e-01 5.581756e+01
9.997889e-01 1.034996e-03 -2.051910e-02 -1.910733e+00 -9.755621e-04 9.999953e-01 2.906317e-03 -9.396509e-01 2.052202e-02 -2.885686e-03 9.997852e-01 5.580117e+01
9.999344e-01 1.043297e-03 1.140305e-02 -1.824691e+00 -1.026622e-03 9.999984e-01 -1.468070e-03 -9.383525e-01 -1.140456e-02 1.456268e-03 9.999339e-01 5.545138e+01
9.997373e-01 -7.453223e-04 -2.290731e-02 -1.781807e+00 8.262016e-04 9.999935e-01 3.521472e-03 -9.496008e-01 2.290453e-02 -3.539474e-03 9.997314e-01 5.584048e+01
9.999127e-01 1.130813e-03 1.316386e-02 -1.717078e+00 -1.124129e-03 9.999992e-01 -5.150727e-04 -9.564500e-01 -1.316443e-02 5.002305e-04 9.999132e-01 5.613529e+01
9.997358e-01 1.494744e-04 -2.298652e-02 -1.699026e+00 -1.170973e-04 9.999990e-01 1.409875e-03 -9.552046e-01 2.298671e-02 -1.406811e-03 9.997348e-01 5.590432e+01
9.999174e-01 7.297594e-04 1.283025e-02 -1.673727e+00 -7.390661e-04 9.999995e-01 7.206708e-04 -9.629522e-01 -1.282972e-02 -7.300930e-04 9.999174e-01 5.615702e+01
9.996546e-01 -1.792153e-03 -2.621963e-02 -1.646046e+00 1.868037e-03 9.999941e-01 2.869957e-03 -9.848338e-01 2.621433e-02 -2.917946e-03 9.996521e-01 5.708790e+01
9.998856e-01 1.766787e-04 1.512608e-02 -1.561262e+00 -1.991468e-04 9.999989e-01 1.483913e-03 -1.007004e+00 -1.512580e-02 -1.486755e-03 9.998845e-01 5.814598e+01
9.996825e-01 -3.968943e-04 -2.519212e-02 -1.520330e+00 4.329038e-04 9.999989e-01 1.423969e-03 -1.019903e+00 2.519152e-02 -1.434423e-03 9.996816e-01 5.869216e+01
9.998739e-01 5.126718e-04 1.587187e-02 -1.491426e+00 -5.271810e-04 9.999994e-01 9.099975e-04 -1.028641e+00 -1.587140e-02 -9.182495e-04 9.998736e-01 5.904784e+01
9.997285e-01 -1.650579e-03 -2.324338e-02 -1.591891e+00 1.698387e-03 9.999965e-01 2.037262e-03 -1.039145e+00 2.323993e-02 -2.076186e-03 9.997278e-01 6.002593e+01
9.997521e-01 -1.159394e-04 2.226408e-02 -1.754768e+00 8.320551e-05 9.999989e-01 1.471191e-03 -1.047258e+00 -2.226422e-02 -1.468973e-03 9.997510e-01 6.111006e+01
9.996624e-01 -1.140578e-03 -2.595776e-02 -1.928217e+00 1.178509e-03 9.999983e-01 1.446032e-03 -1.053669e+00 2.595606e-02 -1.476136e-03 9.996620e-01 6.213714e+01
9.997677e-01 -7.004527e-04 2.154032e-02 -1.980067e+00 6.372014e-04 9.999955e-01 2.943150e-03 -1.069046e+00 -2.154228e-02 -2.928741e-03 9.997636e-01 6.320532e+01
9.995005e-01 1.747804e-03 -3.155617e-02 -1.948545e+00 -1.785902e-03 9.999977e-01 -1.179167e-03 -1.071404e+00 3.155404e-02 1.234933e-03 9.995013e-01 6.320532e+01
9.997285e-01 1.414075e-04 2.329866e-02 -1.832207e+00 -1.967681e-04 9.999972e-01 2.373866e-03 -1.069882e+00 -2.329826e-02 -2.377805e-03 9.997257e-01 6.278170e+01
9.994483e-01 1.270636e-03 -3.318973e-02 -1.779177e+00 -1.305666e-03 9.999986e-01 -1.033761e-03 -1.074220e+00 3.318837e-02 1.076524e-03 9.994485e-01 6.270907e+01
9.997520e-01 -4.409476e-04 2.226742e-02 -1.701577e+00 3.637518e-04 9.999939e-01 3.470707e-03 -1.077577e+00 -2.226881e-02 -3.461746e-03 9.997460e-01 6.271578e+01
9.995361e-01 2.383716e-03 -3.036434e-02 -1.585892e+00 -2.461240e-03 9.999938e-01 -2.516011e-03 -1.073435e+00 3.035815e-02 2.589577e-03 9.995357e-01 6.217349e+01
9.997558e-01 -3.222485e-04 2.209584e-02 -1.379180e+00 2.230068e-04 9.999899e-01 4.493751e-03 -1.074691e+00 -2.209707e-02 -4.487726e-03 9.997458e-01 6.180666e+01
9.994874e-01 2.320139e-03 -3.193121e-02 -1.079208e+00 -2.409802e-03 9.999933e-01 -2.769779e-03 -1.073353e+00 3.192457e-02 2.845306e-03 9.994862e-01 6.122721e+01
9.997578e-01 -1.493832e-03 2.195874e-02 -1.063839e+00 1.403608e-03 9.999905e-01 4.123635e-03 -1.078137e+00 -2.196469e-02 -4.091814e-03 9.997504e-01 6.131244e+01
9.994230e-01 -3.232969e-04 -3.396558e-02 -1.076979e+00 3.154285e-04 9.999999e-01 -2.370050e-04 -1.100371e+00 3.396566e-02 2.261539e-04 9.994230e-01 6.248264e+01
9.996817e-01 -2.413817e-03 2.511334e-02 -1.097636e+00 2.289420e-03 9.999850e-01 4.981018e-03 -1.126089e+00 -2.512498e-02 -4.921936e-03 9.996722e-01 6.385643e+01
9.993314e-01 4.273822e-04 -3.655779e-02 -1.079929e+00 -4.441127e-04 9.999998e-01 -4.495195e-04 -1.151181e+00 3.655759e-02 4.654541e-04 9.993314e-01 6.504204e+01
9.995990e-01 -1.653348e-03 2.826880e-02 -1.059019e+00 1.532448e-03 9.999896e-01 4.297952e-03 -1.167134e+00 -2.827562e-02 -4.252907e-03 9.995911e-01 6.589592e+01
9.992504e-01 1.747219e-03 -3.867280e-02 -9.886464e-01 -1.805991e-03 9.999973e-01 -1.484824e-03 -1.178324e+00 3.867010e-02 1.553553e-03 9.992508e-01 6.631810e+01
9.996327e-01 -1.780196e-03 2.704142e-02 -9.357089e-01 1.672312e-03 9.999906e-01 4.011668e-03 -1.189946e+00 -2.704831e-02 -3.964973e-03 9.996263e-01 6.674387e+01
9.992926e-01 2.542983e-03 -3.752084e-02 -8.681625e-01 -2.590373e-03 9.999959e-01 -1.214453e-03 -1.197711e+00 3.751759e-02 1.310787e-03 9.992951e-01 6.699330e+01
9.996585e-01 -1.516586e-03 2.608636e-02 -8.376613e-01 1.432837e-03 9.999938e-01 3.228841e-03 -1.205649e+00 -2.609109e-02 -3.190360e-03 9.996545e-01 6.721909e+01
9.993343e-01 1.898993e-03 -3.643398e-02 -7.674657e-01 -1.901032e-03 9.999982e-01 -2.130494e-05 -1.215990e+00 3.643388e-02 9.055232e-05 9.993361e-01 6.761654e+01
9.996989e-01 -1.303982e-03 2.450482e-02 -6.947081e-01 1.245980e-03 9.999964e-01 2.382101e-03 -1.227930e+00 -2.450784e-02 -2.350851e-03 9.996969e-01 6.797841e+01
9.993411e-01 4.966293e-04 -3.629259e-02 -6.353048e-01 -4.526358e-04 9.999992e-01 1.220405e-03 -1.246290e+00 3.629316e-02 -1.203174e-03 9.993405e-01 6.876167e+01
9.997111e-01 -1.599817e-03 2.398237e-02 -5.766709e-01 1.541794e-03 9.999958e-01 2.437703e-03 -1.266324e+00 -2.398617e-02 -2.400022e-03 9.997094e-01 6.961616e+01
9.993374e-01 -2.454059e-04 -3.639673e-02 -5.375615e-01 3.181098e-04 9.999980e-01 1.991772e-03 -1.291584e+00 3.639617e-02 -2.002031e-03 9.993354e-01 7.077206e+01
9.996508e-01 -8.442666e-04 2.640991e-02 -4.715149e-01 7.813769e-04 9.999968e-01 2.391537e-03 -1.311452e+00 -2.641184e-02 -2.370065e-03 9.996483e-01 7.167238e+01
9.993314e-01 1.013976e-03 -3.654657e-02 -3.926057e-01 -9.953917e-04 9.999994e-01 5.267127e-04 -1.323701e+00 3.654708e-02 -4.899830e-04 9.993318e-01 7.210166e+01
9.996701e-01 3.245531e-04 2.568417e-02 -2.227301e-01 -3.792844e-04 9.999977e-01 2.126108e-03 -1.331835e+00 -2.568342e-02 -2.135148e-03 9.996678e-01 7.210821e+01
9.992825e-01 -1.552345e-04 -3.787489e-02 -1.226868e-01 1.586172e-04 1.000000e+00 8.631602e-05 -1.346394e+00 3.787488e-02 -9.226228e-05 9.992825e-01 7.254486e+01
9.996674e-01 -1.071886e-03 2.576564e-02 -6.513938e-02 9.780742e-04 9.999928e-01 3.653314e-03 -1.366927e+00 -2.576938e-02 -3.626898e-03 9.996613e-01 7.342502e+01
9.993654e-01 2.527187e-04 -3.561943e-02 -2.161706e-02 -2.513099e-04 1.000000e+00 4.403855e-05 -1.384041e+00 3.561944e-02 -3.505967e-05 9.993654e-01 7.420454e+01
9.996789e-01 -1.134177e-03 2.531539e-02 7.215012e-04 1.057114e-03 9.999948e-01 3.057319e-03 -1.399797e+00 -2.531872e-02 -3.029575e-03 9.996748e-01 7.494060e+01
9.993547e-01 1.722012e-04 -3.591822e-02 3.621494e-02 -1.514442e-04 9.999998e-01 5.806256e-04 -1.417868e+00 3.591832e-02 -5.748119e-04 9.993546e-01 7.576699e+01
9.997074e-01 -1.285247e-03 2.415404e-02 8.134434e-02 1.214623e-03 9.999949e-01 2.938370e-03 -1.437441e+00 -2.415769e-02 -2.908172e-03 9.997039e-01 7.661312e+01
9.994265e-01 3.893051e-04 -3.386007e-02 1.107816e-01 -3.693339e-04 9.999998e-01 5.960798e-04 -1.453556e+00 3.386029e-02 -5.832329e-04 9.994264e-01 7.740911e+01
9.997065e-01 2.493005e-04 2.422473e-02 2.003409e-01 -3.053385e-04 9.999973e-01 2.309598e-03 -1.460511e+00 -2.422409e-02 -2.316316e-03 9.997039e-01 7.762121e+01
9.993633e-01 2.153429e-04 -3.567788e-02 2.858126e-01 -2.242735e-04 9.999999e-01 -2.463008e-04 -1.472631e+00 3.567783e-02 2.541450e-04 9.993633e-01 7.793755e+01
9.997110e-01 -1.039574e-03 2.401564e-02 3.496089e-01 9.516276e-04 9.999928e-01 3.673186e-03 -1.490536e+00 -2.401929e-02 -3.649271e-03 9.997048e-01 7.868008e+01
9.993530e-01 1.984390e-05 -3.596507e-02 4.003684e-01 -2.183224e-05 1.000000e+00 -5.488227e-05 -1.510399e+00 3.596507e-02 5.563140e-05 9.993530e-01 7.953170e+01
9.997001e-01 -1.323405e-03 2.445381e-02 4.573094e-01 1.229168e-03 9.999918e-01 3.868305e-03 -1.531318e+00 -2.445873e-02 -3.837087e-03 9.996935e-01 8.045356e+01
9.993423e-01 1.453300e-04 -3.626289e-02 5.046638e-01 -1.501524e-04 1.000000e+00 -1.302510e-04 -1.551961e+00 3.626287e-02 1.356097e-04 9.993423e-01 8.135903e+01
9.996669e-01 -1.677761e-03 2.575462e-02 5.341195e-01 1.575473e-03 9.999908e-01 3.991423e-03 -1.573003e+00 -2.576108e-02 -3.949518e-03 9.996603e-01 8.233771e+01
9.993306e-01 7.696053e-04 -3.657651e-02 5.807899e-01 -7.862127e-04 9.999996e-01 -4.396520e-04 -1.591616e+00 3.657616e-02 4.681141e-04 9.993308e-01 8.315704e+01
9.996471e-01 -1.922961e-03 2.649449e-02 5.877594e-01 1.823345e-03 9.999912e-01 3.783549e-03 -1.607474e+00 -2.650153e-02 -3.733905e-03 9.996418e-01 8.398453e+01
9.994257e-01 1.299104e-03 -3.386252e-02 5.866986e-01 -1.315680e-03 9.999990e-01 -4.672159e-04 -1.619376e+00 3.386188e-02 5.114993e-04 9.994264e-01 8.464926e+01
9.996973e-01 -8.507775e-04 2.458806e-02 6.399415e-01 7.782817e-04 9.999953e-01 2.957848e-03 -1.626171e+00 -2.459046e-02 -2.937816e-03 9.996933e-01 8.489361e+01
9.993792e-01 5.725729e-04 -3.522523e-02 6.462635e-01 -5.873926e-04 9.999997e-01 -4.103541e-04 -1.638571e+00 3.522499e-02 4.307899e-04 9.993793e-01 8.547561e+01
9.996568e-01 -1.548856e-03 2.615116e-02 6.798524e-01 1.445592e-03 9.999911e-01 3.967219e-03 -1.654383e+00 -2.615707e-02 -3.928053e-03 9.996501e-01 8.625195e+01
9.993547e-01 1.728949e-03 -3.587856e-02 7.287954e-01 -1.776028e-03 9.999976e-01 -1.280334e-03 -1.662637e+00 3.587626e-02 1.343228e-03 9.993553e-01 8.659597e+01
9.996669e-01 -1.501536e-03 2.576436e-02 7.878483e-01 1.417533e-03 9.999936e-01 3.278387e-03 -1.671601e+00 -2.576912e-02 -3.240773e-03 9.996627e-01 8.688905e+01
9.993593e-01 1.288279e-03 -3.576739e-02 8.023642e-01 -1.317535e-03 9.999988e-01 -7.943785e-04 -1.681764e+00 3.576633e-02 8.409938e-04 9.993598e-01 8.740416e+01
9.996200e-01 -2.225587e-03 2.747499e-02 7.651527e-01 2.120294e-03 9.999903e-01 3.860872e-03 -1.692989e+00 -2.748332e-02 -3.801149e-03 9.996150e-01 8.818795e+01
9.994269e-01 1.367326e-03 -3.382181e-02 7.154098e-01 -1.389512e-03 9.999988e-01 -6.324586e-04 -1.703649e+00 3.382091e-02 6.790914e-04 9.994277e-01 8.893470e+01
9.996411e-01 -1.812001e-03 2.672887e-02 6.758199e-01 1.723224e-03 9.999929e-01 3.344063e-03 -1.711848e+00 -2.673474e-02 -3.296802e-03 9.996371e-01 8.953556e+01
9.994087e-01 1.931044e-03 -3.433028e-02 6.764923e-01 -1.961353e-03 9.999977e-01 -8.491959e-04 -1.719142e+00 3.432856e-02 9.160270e-04 9.994102e-01 8.991018e+01
9.996633e-01 -1.621771e-03 2.589847e-02 6.671153e-01 1.545948e-03 9.999945e-01 2.947472e-03 -1.724756e+00 -2.590311e-02 -2.906441e-03 9.996602e-01 9.023454e+01
9.994344e-01 1.663674e-03 -3.358688e-02 6.465758e-01 -1.685541e-03 9.999984e-01 -6.227159e-04 -1.731213e+00 3.358579e-02 6.789753e-04 9.994356e-01 9.063417e+01
9.996874e-01 -2.068161e-03 2.491557e-02 6.187297e-01 1.990787e-03 9.999931e-01 3.129865e-03 -1.739388e+00 -2.492187e-02 -3.079284e-03 9.996847e-01 9.119643e+01
9.995173e-01 1.323995e-03 -3.103785e-02 5.410570e-01 -1.328370e-03 9.999991e-01 -1.203145e-04 -1.747604e+00 3.103767e-02 1.614856e-04 9.995182e-01 9.193521e+01
9.996271e-01 -2.025655e-03 2.723119e-02 4.269914e-01 1.948107e-03 9.999940e-01 2.874018e-03 -1.752222e+00 -2.723685e-02 -2.819897e-03 9.996250e-01 9.265394e+01
9.994893e-01 1.814956e-03 -3.190339e-02 3.586542e-01 -1.819766e-03 9.999983e-01 -1.217267e-04 -1.758110e+00 3.190311e-02 1.797207e-04 9.994909e-01 9.319166e+01
9.997223e-01 -1.031863e-03 2.354415e-02 3.841109e-01 9.744354e-04 9.999965e-01 2.450494e-03 -1.763156e+00 -2.354660e-02 -2.426870e-03 9.997198e-01 9.336506e+01
9.994604e-01 2.162710e-03 -3.277608e-02 4.092977e-01 -2.185914e-03 9.999974e-01 -6.721424e-04 -1.768122e+00 3.277454e-02 7.434249e-04 9.994625e-01 9.349568e+01
9.997508e-01 -2.615154e-03 2.216789e-02 4.372219e-01 2.537275e-03 9.999905e-01 3.540555e-03 -1.781975e+00 -2.217694e-02 -3.483427e-03 9.997480e-01 9.407501e+01
9.995286e-01 2.270594e-03 -3.061707e-02 4.563022e-01 -2.286788e-03 9.999973e-01 -4.938997e-04 -1.794063e+00 3.061587e-02 5.636811e-04 9.995311e-01 9.466084e+01
9.998064e-01 -2.637422e-03 1.949692e-02 4.955482e-01 2.573859e-03 9.999913e-01 3.284592e-03 -1.807736e+00 -1.950542e-02 -3.233773e-03 9.998045e-01 9.521540e+01
9.995661e-01 3.746605e-03 -2.921525e-02 5.844291e-01 -3.760253e-03 9.999928e-01 -4.122059e-04 -1.811855e+00 2.921350e-02 5.218833e-04 9.995731e-01 9.524608e+01
9.998187e-01 -2.750436e-03 1.884325e-02 6.833268e-01 2.720941e-03 9.999950e-01 1.590767e-03 -1.817738e+00 -1.884753e-02 -1.539207e-03 9.998212e-01 9.522255e+01
9.995580e-01 2.839303e-03 -2.959324e-02 7.629129e-01 -2.803628e-03 9.999953e-01 1.246942e-03 -1.829938e+00 2.959664e-02 -1.163423e-03 9.995612e-01 9.566754e+01
9.998547e-01 -3.410523e-03 1.670105e-02 8.194854e-01 3.381572e-03 9.999927e-01 1.761448e-03 -1.846719e+00 -1.670694e-02 -1.704716e-03 9.998590e-01 9.632999e+01
9.996391e-01 2.631241e-03 -2.673288e-02 8.627814e-01 -2.580186e-03 9.999948e-01 1.944125e-03 -1.864478e+00 2.673785e-02 -1.874448e-03 9.996407e-01 9.713234e+01
9.998817e-01 -3.220506e-03 1.504301e-02 9.290133e-01 3.200090e-03 9.999939e-01 1.381066e-03 -1.881504e+00 -1.504736e-02 -1.332764e-03 9.998859e-01 9.782377e+01
9.996789e-01 3.065918e-03 -2.515424e-02 9.834782e-01 -3.027573e-03 9.999942e-01 1.562345e-03 -1.893808e+00 2.515888e-02 -1.485688e-03 9.996824e-01 9.835779e+01
9.998920e-01 -3.366971e-03 1.430454e-02 1.022958e+00 3.347905e-03 9.999935e-01 1.356578e-03 -1.908186e+00 -1.430901e-02 -1.308540e-03 9.998968e-01 9.893303e+01
9.996853e-01 2.987762e-03 -2.490875e-02 1.083473e+00 -2.941309e-03 9.999939e-01 1.901390e-03 -1.923068e+00 2.491427e-02 -1.827528e-03 9.996879e-01 9.955730e+01
9.998861e-01 -2.481118e-03 1.488989e-02 1.150621e+00 2.473424e-03 9.999968e-01 5.351147e-04 -1.929503e+00 -1.489117e-02 -4.982243e-04 9.998890e-01 9.977603e+01
9.996846e-01 3.579740e-03 -2.485545e-02 1.218296e+00 -3.551628e-03 9.999930e-01 1.175095e-03 -1.934459e+00 2.485948e-02 -1.086447e-03 9.996904e-01 9.980003e+01
9.998857e-01 -2.544020e-03 1.490517e-02 1.276691e+00 2.535560e-03 9.999966e-01 5.865030e-04 -1.940127e+00 -1.490661e-02 -5.486425e-04 9.998887e-01 9.987855e+01
9.996763e-01 2.898765e-03 -2.527509e-02 1.317274e+00 -2.853754e-03 9.999943e-01 1.816758e-03 -1.949874e+00 2.528021e-02 -1.744041e-03 9.996789e-01 1.002286e+02
9.998858e-01 -2.991193e-03 1.481134e-02 1.333809e+00 2.981588e-03 9.999953e-01 6.705536e-04 -1.961522e+00 -1.481328e-02 -6.263153e-04 9.998901e-01 1.007042e+02
9.997026e-01 2.442863e-03 -2.426244e-02 1.360071e+00 -2.383088e-03 9.999941e-01 2.492324e-03 -1.976175e+00 2.426838e-02 -2.433764e-03 9.997025e-01 1.013730e+02
9.998819e-01 -1.716259e-03 1.527285e-02 1.398701e+00 1.717744e-03 9.999985e-01 -8.412855e-05 -1.980556e+00 -1.527268e-02 1.103539e-04 9.998834e-01 1.015293e+02
9.996904e-01 3.019420e-03 -2.469714e-02 1.437311e+00 -2.982413e-03 9.999944e-01 1.535152e-03 -1.981167e+00 2.470163e-02 -1.461020e-03 9.996938e-01 1.013976e+02
9.998544e-01 -1.018481e-03 1.703175e-02 1.487608e+00 1.030481e-03 9.999992e-01 -6.957800e-04 -1.976340e+00 -1.703103e-02 7.132301e-04 9.998547e-01 1.009085e+02
9.996779e-01 3.581335e-03 -2.512465e-02 1.616199e+00 -3.531880e-03 9.999917e-01 2.012508e-03 -1.972867e+00 2.513164e-02 -1.923123e-03 9.996823e-01 1.003371e+02
9.998764e-01 -2.157121e-03 1.557262e-02 1.651310e+00 2.173689e-03 9.999971e-01 -1.047019e-03 -1.969071e+00 -1.557031e-02 1.080740e-03 9.998782e-01 9.993249e+01
9.996574e-01 2.808896e-03 -2.602412e-02 1.689674e+00 -2.723405e-03 9.999908e-01 3.319945e-03 -1.978112e+00 2.603321e-02 -3.247933e-03 9.996558e-01 1.002236e+02
9.998848e-01 -2.581161e-03 1.495420e-02 1.739893e+00 2.592565e-03 9.999964e-01 -7.432111e-04 -1.989624e+00 -1.495222e-02 7.818957e-04 9.998879e-01 1.006354e+02
9.996828e-01 2.809578e-03 -2.502768e-02 1.796770e+00 -2.721699e-03 9.999900e-01 3.544682e-03 -2.001375e+00 2.503739e-02 -3.475440e-03 9.996805e-01 1.010666e+02
9.998946e-01 -2.131453e-03 1.435819e-02 1.865177e+00 2.149634e-03 9.999969e-01 -1.250843e-03 -2.009089e+00 -1.435548e-02 1.281577e-03 9.998961e-01 1.012936e+02
9.996847e-01 3.206812e-03 -2.490471e-02 1.927155e+00 -3.126943e-03 9.999898e-01 3.245292e-03 -2.013565e+00 2.491487e-02 -3.166394e-03 9.996846e-01 1.013268e+02
9.998818e-01 -1.694117e-03 1.528402e-02 2.008424e+00 1.718530e-03 9.999973e-01 -1.584245e-03 -2.015974e+00 -1.528129e-02 1.610324e-03 9.998819e-01 1.011863e+02
9.996583e-01 2.361411e-03 -2.603118e-02 2.072401e+00 -2.263818e-03 9.999903e-01 3.777942e-03 -2.025201e+00 2.603985e-02 -3.717722e-03 9.996540e-01 1.014612e+02
9.998766e-01 -2.266350e-03 1.554271e-02 2.132917e+00 2.284434e-03 9.999967e-01 -1.145831e-03 -2.036471e+00 -1.554006e-02 1.181197e-03 9.998785e-01 1.018913e+02
9.996637e-01 2.715116e-03 -2.578901e-02 2.198374e+00 -2.624070e-03 9.999902e-01 3.563606e-03 -2.044906e+00 2.579843e-02 -3.494736e-03 9.996611e-01 1.021818e+02
9.998868e-01 -1.836250e-03 1.493093e-02 2.270523e+00 1.859098e-03 9.999971e-01 -1.516478e-03 -2.050764e+00 -1.492810e-02 1.544064e-03 9.998874e-01 1.022914e+02
9.996709e-01 2.258939e-03 -2.555554e-02 2.334896e+00 -2.163873e-03 9.999906e-01 3.747064e-03 -2.061259e+00 2.556377e-02 -3.690533e-03 9.996664e-01 1.026454e+02
9.998834e-01 -2.359597e-03 1.508526e-02 2.394627e+00 2.373731e-03 9.999968e-01 -9.191091e-04 -2.073890e+00 -1.508304e-02 9.548107e-04 9.998858e-01 1.031461e+02
9.996897e-01 2.642909e-03 -2.476742e-02 2.449203e+00 -2.561464e-03 9.999912e-01 3.319575e-03 -2.081940e+00 2.477598e-02 -3.255104e-03 9.996877e-01 1.034654e+02
9.998851e-01 -2.124999e-03 1.501184e-02 2.499512e+00 2.144121e-03 9.999969e-01 -1.257795e-03 -2.090572e+00 -1.500912e-02 1.289838e-03 9.998865e-01 1.037460e+02
9.996915e-01 2.509223e-03 -2.471151e-02 2.547295e+00 -2.420885e-03 9.999906e-01 3.604048e-03 -2.099330e+00 2.472032e-02 -3.543113e-03 9.996881e-01 1.040672e+02
9.998876e-01 -2.159076e-03 1.483726e-02 2.602868e+00 2.180639e-03 9.999966e-01 -1.437265e-03 -2.108360e+00 -1.483410e-02 1.469459e-03 9.998889e-01 1.043932e+02
9.996793e-01 2.281581e-03 -2.522066e-02 2.645130e+00 -2.185975e-03 9.999903e-01 3.817699e-03 -2.118110e+00 2.522913e-02 -3.761343e-03 9.996746e-01 1.047859e+02
9.998758e-01 -2.108916e-03 1.561887e-02 2.676250e+00 2.130436e-03 9.999968e-01 -1.361264e-03 -2.127727e+00 -1.561595e-02 1.394370e-03 9.998771e-01 1.051685e+02
9.996796e-01 2.382279e-03 -2.520134e-02 2.721175e+00 -2.288019e-03 9.999903e-01 3.768464e-03 -2.136550e+00 2.521008e-02 -3.709595e-03 9.996753e-01 1.055131e+02
9.998717e-01 -2.988791e-03 1.573949e-02 2.709919e+00 3.003570e-03 9.999951e-01 -9.153959e-04 -2.148484e+00 -1.573668e-02 9.625535e-04 9.998757e-01 1.061987e+02
9.997741e-01 2.817043e-03 -2.106579e-02 2.685892e+00 -2.735125e-03 9.999886e-01 3.916500e-03 -2.154233e+00 2.107658e-02 -3.857998e-03 9.997704e-01 1.066949e+02
9.999278e-01 -2.220656e-03 1.181019e-02 2.698969e+00 2.245038e-03 9.999954e-01 -2.051611e-03 -2.160490e+00 -1.180558e-02 2.077977e-03 9.999282e-01 1.069284e+02
9.997850e-01 2.998685e-03 -2.051903e-02 2.727483e+00 -2.912145e-03 9.999867e-01 4.246177e-03 -2.165726e+00 2.053149e-02 -4.185509e-03 9.997804e-01 1.071184e+02
9.999345e-01 -8.777244e-04 1.141599e-02 2.902679e+00 9.104426e-04 9.999955e-01 -2.861070e-03 -2.162325e+00 -1.141342e-02 2.871276e-03 9.999307e-01 1.066221e+02
9.997863e-01 3.319281e-03 -2.040256e-02 3.206598e+00 -3.234649e-03 9.999860e-01 4.179749e-03 -2.154623e+00 2.041615e-02 -4.112861e-03 9.997831e-01 1.058148e+02
9.999349e-01 -1.430922e-03 1.132174e-02 3.400036e+00 1.463504e-03 9.999948e-01 -2.870008e-03 -2.148765e+00 -1.131758e-02 2.886391e-03 9.999318e-01 1.052273e+02
9.997995e-01 2.791533e-03 -1.982793e-02 3.438187e+00 -2.713699e-03 9.999885e-01 3.951319e-03 -2.148033e+00 1.983874e-02 -3.896720e-03 9.997956e-01 1.050465e+02
9.999353e-01 -1.733985e-03 1.123866e-02 3.452322e+00 1.762827e-03 9.999952e-01 -2.556865e-03 -2.150573e+00 -1.123417e-02 2.576511e-03 9.999336e-01 1.050675e+02
9.998030e-01 3.135128e-03 -1.959808e-02 3.490743e+00 -3.055884e-03 9.999870e-01 4.072102e-03 -2.152564e+00 1.961060e-02 -4.011411e-03 9.997996e-01 1.050058e+02
9.999413e-01 -2.331628e-03 1.058077e-02 3.515216e+00 2.355855e-03 9.999946e-01 -2.277726e-03 -2.158153e+00 -1.057540e-02 2.302519e-03 9.999414e-01 1.051980e+02
9.998058e-01 2.330612e-03 -1.956871e-02 3.534705e+00 -2.239791e-03 9.999866e-01 4.661826e-03 -2.167196e+00 1.957931e-02 -4.617091e-03 9.997976e-01 1.056137e+02
9.999580e-01 -3.030901e-04 9.158910e-03 3.786034e+00 3.275399e-04 9.999964e-01 -2.668064e-03 -2.162525e+00 -9.158068e-03 2.670953e-03 9.999545e-01 1.051110e+02
9.998036e-01 2.335157e-03 -1.968145e-02 4.033374e+00 -2.258551e-03 9.999898e-01 3.913620e-03 -2.156816e+00 1.969039e-02 -3.868400e-03 9.997986e-01 1.044891e+02
9.999554e-01 -2.130625e-03 9.200974e-03 4.084091e+00 2.145211e-03 9.999965e-01 -1.575622e-03 -2.167540e+00 -9.197584e-03 1.595290e-03 9.999564e-01 1.048890e+02
9.999508e-01 1.798360e-03 -9.755494e-03 3.952323e+00 -1.758672e-03 9.999901e-01 4.075332e-03 -2.166262e+00 9.762727e-03 -4.057975e-03 9.999441e-01 1.055986e+02
9.999626e-01 -1.169726e-03 8.568508e-03 3.829355e+00 1.189999e-03 9.999965e-01 -2.361200e-03 -2.154253e+00 -8.565716e-03 2.371308e-03 9.999605e-01 1.057982e+02
9.998222e-01 2.249399e-03 -1.872418e-02 3.857085e+00 -2.169725e-03 9.999885e-01 4.274416e-03 -2.161223e+00 1.873358e-02 -4.233030e-03 9.998156e-01 1.060242e+02
9.999437e-01 -2.327722e-03 1.035632e-02 3.900027e+00 2.343606e-03 9.999961e-01 -1.521819e-03 -2.170658e+00 -1.035273e-02 1.546005e-03 9.999452e-01 1.064878e+02
9.997945e-01 2.725595e-03 -2.008997e-02 3.973536e+00 -2.658374e-03 9.999908e-01 3.372000e-03 -2.180404e+00 2.009898e-02 -3.317901e-03 9.997925e-01 1.067914e+02
9.999473e-01 -2.332833e-03 9.999482e-03 4.045411e+00 2.347528e-03 9.999962e-01 -1.458066e-03 -2.190354e+00 -9.996043e-03 1.481464e-03 9.999489e-01 1.071091e+02
9.997866e-01 3.685840e-03 -2.032463e-02 4.144201e+00 -3.611945e-03 9.999867e-01 3.671264e-03 -2.194704e+00 2.033789e-02 -3.597070e-03 9.997867e-01 1.070957e+02
9.999485e-01 -2.434953e-03 9.854734e-03 4.257674e+00 2.455241e-03 9.999949e-01 -2.046990e-03 -2.201891e+00 -9.849700e-03 2.071081e-03 9.999493e-01 1.070695e+02
9.997588e-01 2.846309e-03 -2.177550e-02 4.374144e+00 -2.756285e-03 9.999875e-01 4.163075e-03 -2.214544e+00 2.178708e-02 -4.102052e-03 9.997542e-01 1.073957e+02
9.999256e-01 -2.326293e-03 1.197244e-02 4.427963e+00 2.349788e-03 9.999953e-01 -1.948607e-03 -2.222792e+00 -1.196785e-02 1.976595e-03 9.999264e-01 1.076688e+02
9.997850e-01 2.575802e-03 -2.057709e-02 4.470273e+00 -2.497807e-03 9.999896e-01 3.815202e-03 -2.230181e+00 2.058670e-02 -3.762984e-03 9.997810e-01 1.079709e+02
9.999330e-01 -2.355898e-03 1.133701e-02 4.540034e+00 2.379258e-03 9.999951e-01 -2.047369e-03 -2.240418e+00 -1.133213e-02 2.074206e-03 9.999336e-01 1.083078e+02
9.997634e-01 3.041862e-03 -2.153891e-02 4.609792e+00 -2.958278e-03 9.999880e-01 3.911427e-03 -2.248651e+00 2.155055e-02 -3.846784e-03 9.997604e-01 1.085235e+02
9.999337e-01 -2.506588e-03 1.123564e-02 4.681016e+00 2.528379e-03 9.999949e-01 -1.925587e-03 -2.258038e+00 -1.123076e-02 1.953867e-03 9.999350e-01 1.088112e+02
9.997644e-01 3.012083e-03 -2.149487e-02 4.745994e+00 -2.925711e-03 9.999875e-01 4.048611e-03 -2.265643e+00 2.150680e-02 -3.984770e-03 9.997608e-01 1.090447e+02
9.999282e-01 -1.244413e-03 1.192194e-02 4.841979e+00 1.274087e-03 9.999961e-01 -2.481723e-03 -2.264959e+00 -1.191881e-02 2.496735e-03 9.999259e-01 1.087611e+02
9.997961e-01 4.492492e-03 -1.968685e-02 5.055037e+00 -4.432445e-03 9.999854e-01 3.092672e-03 -2.254622e+00 1.970046e-02 -3.004780e-03 9.998014e-01 1.077157e+02
