9.997418e-01 -3.782504e-03 -2.240678e-02 5.187185e-02 3.848675e-03 9.999884e-01 2.910778e-03 -2.475332e-02 2.239551e-02 -2.996264e-03 9.997447e-01 1.248072e+00
9.999996e-01 -4.391290e-04 7.332800e-04 1.062908e-01 4.392057e-04 9.999999e-01 -1.044231e-04 -4.849238e-02 -7.332337e-04 1.047458e-04 9.999997e-01 2.414117e+00
9.998408e-01 -1.946861e-03 -1.773548e-02 1.400748e-01 1.976521e-03 9.999967e-01 1.654930e-03 -6.488163e-02 1.773220e-02 -1.689722e-03 9.998413e-01 3.051840e+00
9.999997e-01 2.834896e-04 6.705309e-04 9.752840e-02 -2.833309e-04 9.999999e-01 -2.366894e-04 -7.616591e-02 -6.705976e-04 2.365000e-04 9.999997e-01 3.756033e+00
9.998186e-01 -2.858285e-03 -1.882961e-02 1.355526e-01 2.896562e-03 9.999938e-01 2.005897e-03 -9.359025e-02 1.882376e-02 -2.060075e-03 9.998207e-01 4.500460e+00
9.999991e-01 1.951924e-04 1.306448e-03 2.297201e-01 -1.954809e-04 1.000000e+00 2.207990e-04 -1.125151e-01 -1.306405e-03 -2.210535e-04 9.999991e-01 5.143055e+00
9.999696e-01 -1.800380e-03 -7.588609e-03 7.349930e-01 1.807291e-03 9.999980e-01 9.039552e-04 -1.259677e-01 7.586966e-03 -9.176432e-04 9.999708e-01 4.955112e+00
9.999504e-01 -1.126240e-03 -9.900026e-03 9.345856e-01 1.137356e-03 9.999987e-01 1.117348e-03 -1.446565e-01 9.898755e-03 -1.128552e-03 9.999504e-01 5.463492e+00
9.999480e-01 -1.922021e-03 -1.001269e-02 9.588831e-01 1.933897e-03 9.999974e-01 1.176552e-03 -1.651784e-01 1.001040e-02 -1.195855e-03 9.999492e-01 6.486974e+00
9.999363e-01 -1.658105e-03 -1.116410e-02 9.892934e-01 1.674657e-03 9.999975e-01 1.473394e-03 -1.879630e-01 1.116163e-02 -1.491996e-03 9.999366e-01 7.681170e+00
9.999506e-01 -1.943423e-03 -9.752187e-03 1.031898e+00 1.954388e-03 9.999975e-01 1.114933e-03 -2.105864e-01 9.749995e-03 -1.133938e-03 9.999518e-01 8.795506e+00
9.999538e-01 -1.030749e-03 -9.559509e-03 1.077446e+00 1.041415e-03 9.999988e-01 1.110877e-03 -2.309147e-01 9.558354e-03 -1.120780e-03 9.999537e-01 9.693753e+00
9.999478e-01 -1.796253e-03 -1.005841e-02 1.121244e+00 1.807323e-03 9.999978e-01 1.091513e-03 -2.514535e-01 1.005643e-02 -1.109636e-03 9.999488e-01 1.064126e+01
9.999614e-01 -1.225201e-03 -8.697451e-03 1.181481e+00 1.234185e-03 9.999987e-01 1.027742e-03 -2.715083e-01 8.696181e-03 -1.038436e-03 9.999616e-01 1.145554e+01
9.999467e-01 -1.519521e-03 -1.021129e-02 1.203036e+00 1.531190e-03 9.999982e-01 1.135037e-03 -2.907762e-01 1.020954e-02 -1.150613e-03 9.999472e-01 1.239708e+01
9.999559e-01 -1.990946e-03 -9.180644e-03 1.295333e+00 2.005873e-03 9.999967e-01 1.617006e-03 -3.131243e-01 9.177394e-03 -1.635349e-03 9.999565e-01 1.330474e+01
9.999728e-01 -5.419258e-04 -7.362059e-03 1.505922e+00 5.452547e-04 9.999998e-01 4.501830e-04 -3.303481e-01 7.361813e-03 -4.541856e-04 9.999728e-01 1.366735e+01
9.999497e-01 -2.424560e-03 -9.731836e-03 1.654333e+00 2.442122e-03 9.999954e-01 1.793189e-03 -3.507661e-01 9.727444e-03 -1.816865e-03 9.999510e-01 1.427558e+01
9.999183e-01 -2.336688e-03 -1.256526e-02 1.759506e+00 2.353110e-03 9.999964e-01 1.292373e-03 -3.754368e-01 1.256219e-02 -1.321836e-03 9.999202e-01 1.536236e+01
9.999689e-01 -1.531100e-03 -7.738709e-03 1.832823e+00 1.540103e-03 9.999981e-01 1.157584e-03 -3.980423e-01 7.736922e-03 -1.169466e-03 9.999694e-01 1.634334e+01
9.999337e-01 -1.551484e-03 -1.140845e-02 1.866917e+00 1.560938e-03 9.999984e-01 8.198655e-04 -4.149651e-01 1.140716e-02 -8.376198e-04 9.999346e-01 1.713271e+01
9.999569e-01 -1.541384e-03 -9.160737e-03 1.868817e+00 1.556530e-03 9.999974e-01 1.646368e-03 -4.352260e-01 9.158176e-03 -1.660555e-03 9.999567e-01 1.824886e+01
9.998958e-01 -2.810981e-03 -1.416031e-02 1.913071e+00 2.833862e-03 9.999947e-01 1.596066e-03 -4.615179e-01 1.415575e-02 -1.636029e-03 9.998985e-01 1.965460e+01
9.999408e-01 -2.718411e-03 -1.053414e-02 1.977712e+00 2.741833e-03 9.999938e-01 2.209592e-03 -4.904196e-01 1.052807e-02 -2.238343e-03 9.999421e-01 2.119057e+01
9.999247e-01 -1.551344e-03 -1.217203e-02 2.021003e+00 1.559751e-03 9.999986e-01 6.812016e-04 -5.153026e-01 1.217095e-02 -7.001363e-04 9.999257e-01 2.247697e+01
9.999257e-01 -2.904715e-03 -1.183684e-02 2.040651e+00 2.934651e-03 9.999925e-01 2.512456e-03 -5.405578e-01 1.182946e-02 -2.547005e-03 9.999268e-01 2.394820e+01
9.999510e-01 -1.226843e-03 -9.822824e-03 2.084682e+00 1.230335e-03 9.999992e-01 3.495264e-04 -5.641322e-01 9.822387e-03 -3.615953e-04 9.999517e-01 2.514444e+01
9.999463e-01 -1.978694e-03 -1.017292e-02 2.132690e+00 1.999660e-03 9.999959e-01 2.051176e-03 -5.863306e-01 1.016882e-02 -2.071407e-03 9.999462e-01 2.616086e+01
9.999516e-01 -1.294814e-03 -9.754332e-03 2.197256e+00 1.297906e-03 9.999991e-01 3.107503e-04 -6.086087e-01 9.753921e-03 -3.233961e-04 9.999524e-01 2.711589e+01
9.999483e-01 -2.063657e-03 -9.953211e-03 2.258307e+00 2.083332e-03 9.999959e-01 1.966730e-03 -6.305228e-01 9.949112e-03 -1.987364e-03 9.999485e-01 2.807620e+01
9.999285e-01 -1.471985e-03 -1.186468e-02 2.280484e+00 1.481256e-03 9.999986e-01 7.726676e-04 -6.531309e-01 1.186353e-02 -7.901877e-04 9.999293e-01 2.928845e+01
9.999488e-01 -2.579953e-03 -9.785095e-03 2.321759e+00 2.600708e-03 9.999944e-01 2.108943e-03 -6.771714e-01 9.779599e-03 -2.134283e-03 9.999499e-01 3.053618e+01
9.999507e-01 -7.680785e-04 -9.902596e-03 2.364520e+00 7.703194e-04 9.999997e-01 2.225061e-04 -6.989154e-01 9.902422e-03 -2.301239e-04 9.999509e-01 3.156399e+01
9.999418e-01 -2.664677e-03 -1.045226e-02 2.359675e+00 2.688065e-03 9.999939e-01 2.224205e-03 -7.184664e-01 1.044627e-02 -2.252171e-03 9.999429e-01 3.268879e+01
9.999467e-01 -8.700617e-04 -1.028556e-02 2.331229e+00 8.748033e-04 9.999995e-01 4.565310e-04 -7.387031e-01 1.028516e-02 -4.655052e-04 9.999470e-01 3.395609e+01
9.999456e-01 -2.604394e-03 -1.010255e-02 2.321755e+00 2.624868e-03 9.999945e-01 2.013914e-03 -7.584432e-01 1.009725e-02 -2.040321e-03 9.999469e-01 3.512159e+01
9.999438e-01 -8.536329e-04 -1.056563e-02 2.328379e+00 8.589146e-04 9.999995e-01 4.953936e-04 -7.788003e-01 1.056520e-02 -5.044413e-04 9.999441e-01 3.626114e+01
9.999647e-01 -2.201967e-03 -8.110181e-03 2.324296e+00 2.215844e-03 9.999961e-01 1.702466e-03 -7.971027e-01 8.106400e-03 -1.720376e-03 9.999657e-01 3.725446e+01
9.999406e-01 -5.301653e-04 -1.089029e-02 2.310850e+00 5.345647e-04 9.999998e-01 4.010969e-04 -8.141882e-01 1.089007e-02 -4.068952e-04 9.999406e-01 3.822642e+01
9.999607e-01 -2.559561e-03 -8.491794e-03 2.284837e+00 2.575478e-03 9.999949e-01 1.863914e-03 -8.319241e-01 8.486981e-03 -1.885711e-03 9.999622e-01 3.928921e+01
9.999566e-01 4.278350e-05 -9.319168e-03 2.252400e+00 -4.280468e-05 1.000000e+00 -2.044939e-06 -8.472507e-01 9.319168e-03 2.443121e-06 9.999566e-01 4.019391e+01
9.999728e-01 -1.839398e-03 -7.149104e-03 2.245650e+00 1.850573e-03 9.999971e-01 1.556847e-03 -8.610770e-01 7.146220e-03 -1.570034e-03 9.999732e-01 4.086738e+01
9.999528e-01 -1.931429e-04 -9.711019e-03 2.237255e+00 1.944594e-04 1.000000e+00 1.346451e-04 -8.753393e-01 9.710992e-03 -1.365278e-04 9.999528e-01 4.158553e+01
9.999754e-01 -1.659006e-03 -6.818719e-03 2.198802e+00 1.668136e-03 9.999977e-01 1.333414e-03 -8.869173e-01 6.816492e-03 -1.344755e-03 9.999759e-01 4.227445e+01
9.999531e-01 7.442817e-06 -9.686576e-03 2.173009e+00 -5.945667e-06 1.000000e+00 1.546173e-04 -8.990001e-01 9.686577e-03 -1.545531e-04 9.999531e-01 4.293557e+01
9.999747e-01 -1.992211e-03 -6.834004e-03 2.194277e+00 2.001409e-03 9.999971e-01 1.339165e-03 -9.146742e-01 6.831316e-03 -1.352808e-03 9.999758e-01 4.356914e+01
9.999497e-01 2.077532e-04 -1.002994e-02 2.205808e+00 -2.057544e-04 1.000000e+00 2.003461e-04 -9.293795e-01 1.002998e-02 -1.982729e-04 9.999497e-01 4.420452e+01
9.999811e-01 -1.810061e-03 -5.879343e-03 2.256451e+00 1.816375e-03 9.999978e-01 1.068771e-03 -9.446041e-01 5.877395e-03 -1.079430e-03 9.999821e-01 4.468877e+01
9.999583e-01 3.071391e-04 -9.129405e-03 2.334737e+00 -3.057978e-04 9.999999e-01 1.483510e-04 -9.601254e-01 9.129450e-03 -1.455537e-04 9.999583e-01 4.508123e+01
9.999658e-01 -2.476249e-03 -7.892600e-03 2.359556e+00 2.485895e-03 9.999962e-01 1.212461e-03 -9.731994e-01 7.889568e-03 -1.232039e-03 9.999681e-01 4.561454e+01
9.999701e-01 1.148518e-03 -7.646988e-03 2.372736e+00 -1.148762e-03 9.999993e-01 -2.745646e-05 -9.880594e-01 7.646952e-03 3.623961e-05 9.999708e-01 4.617853e+01
9.999496e-01 -3.125849e-03 -9.542917e-03 2.395335e+00 3.138403e-03 9.999942e-01 1.300779e-03 -1.002689e+00 9.538796e-03 -1.330663e-03 9.999536e-01 4.677719e+01
9.999725e-01 1.183987e-03 -7.314481e-03 2.403445e+00 -1.183954e-03 9.999993e-01 8.853337e-06 -1.018735e+00 7.314487e-03 -1.936841e-07 9.999732e-01 4.748264e+01
9.999462e-01 -3.596676e-03 -9.732244e-03 2.423737e+00 3.611001e-03 9.999924e-01 1.454758e-03 -1.032897e+00 9.726938e-03 -1.489822e-03 9.999516e-01 4.810092e+01
9.999748e-01 1.801363e-03 -6.871445e-03 2.399545e+00 -1.800767e-03 9.999984e-01 9.284090e-05 -1.045890e+00 6.871601e-03 -8.046528e-05 9.999764e-01 4.879488e+01
9.999292e-01 -4.218065e-03 -1.112951e-02 2.357236e+00 4.239146e-03 9.999893e-01 1.871240e-03 -1.058923e+00 1.112150e-02 -1.918286e-03 9.999363e-01 4.966692e+01
9.999701e-01 1.421896e-03 -7.595440e-03 2.317863e+00 -1.419634e-03 9.999989e-01 3.032276e-04 -1.075016e+00 7.595863e-03 -2.924364e-04 9.999711e-01 5.067865e+01
9.999330e-01 -4.151844e-03 -1.080222e-02 2.259556e+00 4.170472e-03 9.999899e-01 1.702450e-03 -1.088588e+00 1.079504e-02 -1.747386e-03 9.999402e-01 5.162733e+01
9.999743e-01 1.571119e-03 -7.001515e-03 2.306584e+00 -1.568027e-03 9.999987e-01 4.470958e-04 -1.105940e+00 7.002207e-03 -4.361063e-04 9.999754e-01 5.232942e+01
9.999771e-01 -2.451371e-03 -6.313692e-03 2.367275e+00 2.455899e-03 9.999967e-01 7.095205e-04 -1.118214e+00 6.311932e-03 -7.250094e-04 9.999798e-01 5.255632e+01
9.999772e-01 1.924661e-03 -6.479094e-03 2.410941e+00 -1.924420e-03 9.999981e-01 4.335639e-05 -1.126973e+00 6.479165e-03 -3.088748e-05 9.999790e-01 5.265452e+01
9.999970e-01 -2.303340e-03 -8.744788e-04 2.596056e+00 2.303703e-03 9.999973e-01 4.140350e-04 -1.136237e+00 8.735230e-04 -4.160477e-04 9.999995e-01 5.255391e+01
9.999720e-01 2.158446e-03 -7.164815e-03 2.968274e+00 -2.157247e-03 9.999977e-01 1.751658e-04 -1.144708e+00 7.165176e-03 -1.597052e-04 9.999743e-01 5.224789e+01
9.999833e-01 -2.643606e-03 -5.146951e-03 3.153387e+00 2.646757e-03 9.999963e-01 6.054636e-04 -1.154098e+00 5.145332e-03 -6.190757e-04 9.999866e-01 5.221213e+01
9.999777e-01 1.701199e-03 -6.453362e-03 3.312795e+00 -1.698157e-03 9.999984e-01 4.767722e-04 -1.165869e+00 6.454163e-03 -4.658034e-04 9.999791e-01 5.228729e+01
9.999804e-01 -2.210500e-03 -5.864801e-03 3.504811e+00 2.212817e-03 9.999975e-01 3.885075e-04 -1.175906e+00 5.863928e-03 -4.014770e-04 9.999827e-01 5.225936e+01
9.999592e-01 9.709033e-04 -8.982095e-03 3.514373e+00 -9.645642e-04 9.999993e-01 7.100962e-04 -1.188621e+00 8.982778e-03 -7.014040e-04 9.999594e-01 5.268725e+01
9.999782e-01 -2.275508e-03 -6.195338e-03 3.484050e+00 2.278398e-03 9.999973e-01 4.594558e-04 -1.198906e+00 6.194276e-03 -4.735607e-04 9.999807e-01 5.319041e+01
9.999548e-01 1.094614e-03 -9.446469e-03 3.474114e+00 -1.087026e-03 9.999991e-01 8.084131e-04 -1.211084e+00 9.447345e-03 -7.981085e-04 9.999551e-01 5.370575e+01
9.999828e-01 -2.332476e-03 -5.375886e-03 3.440800e+00 2.334531e-03 9.999972e-01 3.760469e-04 -1.221530e+00 5.374994e-03 -3.885901e-04 9.999855e-01 5.422818e+01
9.999489e-01 1.116838e-03 -1.004458e-02 3.386788e+00 -1.107178e-03 9.999989e-01 9.672811e-04 -1.229940e+00 1.004565e-02 -9.561111e-04 9.999491e-01 5.477545e+01
9.999767e-01 -2.611555e-03 -6.300229e-03 3.351809e+00 2.615620e-03 9.999964e-01 6.370094e-04 -1.241958e+00 6.298543e-03 -6.534731e-04 9.999800e-01 5.543871e+01
9.999488e-01 1.097769e-03 -1.006116e-02 3.296321e+00 -1.087372e-03 9.999989e-01 1.038857e-03 -1.252871e+00 1.006229e-02 -1.027864e-03 9.999488e-01 5.611700e+01
9.999702e-01 -2.869084e-03 -7.162397e-03 3.258576e+00 2.875337e-03 9.999955e-01 8.628217e-04 -1.266599e+00 7.159889e-03 -8.833898e-04 9.999740e-01 5.690702e+01
9.999462e-01 7.268027e-04 -1.034959e-02 3.267374e+00 -7.149397e-04 9.999991e-01 1.149922e-03 -1.284062e+00 1.035041e-02 -1.142462e-03 9.999458e-01 5.771356e+01
9.999608e-01 -3.074060e-03 -8.303731e-03 3.257933e+00 3.082741e-03 9.999947e-01 1.032770e-03 -1.301911e+00 8.300512e-03 -1.058327e-03 9.999650e-01 5.863379e+01
9.999562e-01 9.859399e-04 -9.310610e-03 3.277745e+00 -9.768138e-04 9.999990e-01 9.847274e-04 -1.319604e+00 9.311572e-03 -9.755900e-04 9.999562e-01 5.940966e+01
9.999575e-01 -3.193165e-03 -8.652106e-03 3.261731e+00 3.201692e-03 9.999944e-01 9.719011e-04 -1.335573e+00 8.648955e-03 -9.995606e-04 9.999621e-01 6.023095e+01
9.999633e-01 1.096346e-03 -8.497026e-03 3.224637e+00 -1.088042e-03 9.999989e-01 9.819458e-04 -1.350483e+00 8.498094e-03 -9.726652e-04 9.999634e-01 6.106771e+01
9.999841e-01 -2.121935e-03 -5.231059e-03 3.192427e+00 2.121855e-03 9.999977e-01 -2.078887e-05 -1.359945e+00 5.231091e-03 9.689517e-06 9.999863e-01 6.151116e+01
9.999693e-01 1.551128e-03 -7.686575e-03 3.222345e+00 -1.545066e-03 9.999985e-01 7.945810e-04 -1.370023e+00 7.687796e-03 -7.826808e-04 9.999701e-01 6.173915e+01
9.999750e-01 -2.409699e-03 -6.653040e-03 3.243758e+00 2.410827e-03 9.999971e-01 1.614158e-04 -1.381775e+00 6.652631e-03 -1.774505e-04 9.999779e-01 6.207242e+01
9.999470e-01 6.699646e-04 -1.027429e-02 3.166000e+00 -6.549195e-04 9.999987e-01 1.467690e-03 -1.391117e+00 1.027526e-02 -1.460884e-03 9.999461e-01 6.280097e+01
9.999703e-01 -2.837165e-03 -7.164174e-03 3.101084e+00 2.840634e-03 9.999959e-01 4.740658e-04 -1.404974e+00 7.162800e-03 -4.944020e-04 9.999742e-01 6.367647e+01
9.999349e-01 4.638430e-04 -1.139659e-02 3.098454e+00 -4.443191e-04 9.999984e-01 1.715650e-03 -1.423060e+00 1.139737e-02 -1.710475e-03 9.999336e-01 6.458086e+01
9.999652e-01 -3.289920e-03 -7.660847e-03 3.144837e+00 3.295065e-03 9.999944e-01 6.591302e-04 -1.443286e+00 7.658636e-03 -6.843498e-04 9.999704e-01 6.544688e+01
9.999517e-01 1.373641e-03 -9.733764e-03 3.172893e+00 -1.360136e-03 9.999981e-01 1.393911e-03 -1.461087e+00 9.735660e-03 -1.380605e-03 9.999517e-01 6.616876e+01
9.999642e-01 -3.280787e-03 -7.794497e-03 3.157314e+00 3.285086e-03 9.999945e-01 5.387696e-04 -1.476381e+00 7.792686e-03 -5.643555e-04 9.999695e-01 6.696147e+01
9.999346e-01 6.955415e-04 -1.141660e-02 3.140209e+00 -6.735612e-04 9.999979e-01 1.929068e-03 -1.492870e+00 1.141792e-02 -1.921253e-03 9.999330e-01 6.788319e+01
9.999642e-01 -3.370842e-03 -7.765116e-03 3.187824e+00 3.374996e-03 9.999942e-01 5.217889e-04 -1.512195e+00 7.763312e-03 -5.479769e-04 9.999697e-01 6.870849e+01
9.999883e-01 2.542504e-03 -4.115420e-03 3.334823e+00 -2.541890e-03 9.999968e-01 1.546032e-04 -1.515785e+00 4.115800e-03 -1.441410e-04 9.999915e-01 6.850553e+01
9.999935e-01 -3.086582e-03 1.884176e-03 3.322983e+00 3.087710e-03 9.999951e-01 -5.958159e-04 -1.496464e+00 -1.882328e-03 6.016302e-04 9.999980e-01 6.799309e+01
9.999664e-01 2.559831e-03 -7.785246e-03 3.335840e+00 -2.555783e-03 9.999966e-01 5.298942e-04 -1.491635e+00 7.786576e-03 -5.099794e-04 9.999696e-01 6.768966e+01
9.999581e-01 -3.376151e-03 -8.513731e-03 3.462077e+00 3.386821e-03 9.999935e-01 1.239125e-03 -1.504661e+00 8.509492e-03 -1.267907e-03 9.999630e-01 6.788354e+01
9.999892e-01 3.538785e-03 -3.013764e-03 3.607081e+00 -3.540602e-03 9.999936e-01 -5.977323e-04 -1.514251e+00 3.011629e-03 6.083959e-04 9.999953e-01 6.782176e+01
9.999434e-01 -4.095767e-03 -9.819214e-03 3.693029e+00 4.111175e-03 9.999903e-01 1.549437e-03 -1.527541e+00 9.812773e-03 -1.589717e-03 9.999506e-01 6.799396e+01
9.999895e-01 4.263142e-03 -1.651883e-03 3.851196e+00 -4.265130e-03 9.999902e-01 -1.201559e-03 -1.536198e+00 1.646745e-03 1.208591e-03 9.999979e-01 6.784833e+01
9.999787e-01 -4.033608e-03 -5.136002e-03 4.060686e+00 4.040125e-03 9.999910e-01 1.259013e-03 -1.542191e+00 5.130878e-03 -1.279735e-03 9.999860e-01 6.757923e+01
9.999673e-01 3.731479e-03 -7.168270e-03 4.172237e+00 -3.734173e-03 9.999930e-01 -3.623321e-04 -1.553760e+00 7.166867e-03 3.890873e-04 9.999742e-01 6.763015e+01
9.999614e-01 -4.851001e-03 -7.328690e-03 4.274803e+00 4.864266e-03 9.999866e-01 1.793228e-03 -1.568474e+00 7.319892e-03 -1.828807e-03 9.999715e-01 6.789214e+01
9.999712e-01 4.185759e-03 -6.337482e-03 4.404488e+00 -4.189144e-03 9.999911e-01 -5.208098e-04 -1.580993e+00 6.335245e-03 5.473429e-04 9.999798e-01 6.799321e+01
9.999892e-01 -3.755905e-03 -2.733231e-03 4.578180e+00 3.757629e-03 9.999927e-01 6.256975e-04 -1.588021e+00 2.730861e-03 -6.359608e-04 9.999961e-01 6.780120e+01
9.999656e-01 3.886988e-03 -7.333228e-03 4.746515e+00 -3.888658e-03 9.999924e-01 -2.133485e-04 -1.596647e+00 7.332343e-03 2.418571e-04 9.999731e-01 6.767833e+01
9.999913e-01 -3.445496e-03 -2.340373e-03 4.996999e+00 3.446252e-03 9.999940e-01 3.188700e-04 -1.604522e+00 2.339260e-03 -3.269323e-04 9.999972e-01 6.743450e+01
9.999689e-01 3.797362e-03 -6.909886e-03 5.238856e+00 -3.797136e-03 9.999928e-01 4.594903e-05 -1.612314e+00 6.910010e-03 -1.971028e-05 9.999761e-01 6.722039e+01
9.999727e-01 -4.165113e-03 -6.108151e-03 5.334137e+00 4.169974e-03 9.999910e-01 7.831490e-04 -1.624736e+00 6.104834e-03 -8.085980e-04 9.999810e-01 6.736644e+01
9.999629e-01 3.321476e-03 -7.947625e-03 5.391110e+00 -3.319578e-03 9.999945e-01 2.520984e-04 -1.638191e+00 7.948418e-03 -2.257068e-04 9.999684e-01 6.768687e+01
9.999935e-01 -2.917684e-03 -2.138339e-03 5.589987e+00 2.917608e-03 9.999957e-01 -3.919695e-05 -1.646446e+00 2.138444e-03 3.295830e-05 9.999977e-01 6.751526e+01
9.999831e-01 3.617228e-03 -4.551766e-03 5.887243e+00 -3.616764e-03 9.999935e-01 1.103866e-04 -1.652968e+00 4.552135e-03 -9.392250e-05 9.999896e-01 6.718591e+01
9.999941e-01 -2.947265e-03 -1.752475e-03 6.138890e+00 2.946960e-03 9.999956e-01 -1.768834e-04 -1.658861e+00 1.752989e-03 1.717183e-04 9.999984e-01 6.686675e+01
9.999882e-01 3.719451e-03 -3.139787e-03 6.276106e+00 -3.721702e-03 9.999928e-01 -7.110551e-04 -1.658838e+00 3.137120e-03 7.227316e-04 9.999948e-01 6.650229e+01
9.999939e-01 -3.354265e-03 9.291849e-04 6.346854e+00 3.354209e-03 9.999944e-01 6.161629e-05 -1.652786e+00 -9.293864e-04 -5.849880e-05 9.999996e-01 6.615418e+01
9.999815e-01 3.960184e-03 -4.612101e-03 6.638919e+00 -3.961797e-03 9.999921e-01 -3.404282e-04 -1.657261e+00 4.610716e-03 3.586936e-04 9.999893e-01 6.568619e+01
9.999949e-01 -3.119435e-03 6.664917e-04 6.982002e+00 3.119108e-03 9.999950e-01 4.914499e-04 -1.662052e+00 -6.680215e-04 -4.893681e-04 9.999997e-01 6.523751e+01
9.999796e-01 3.841421e-03 -5.093950e-03 7.299002e+00 -3.844071e-03 9.999925e-01 -5.103976e-04 -1.667698e+00 5.091951e-03 5.299683e-04 9.999869e-01 6.481561e+01
9.999944e-01 -3.223332e-03 9.016203e-04 7.578265e+00 3.222917e-03 9.999947e-01 4.626487e-04 -1.673042e+00 -9.031068e-04 -4.597399e-04 9.999995e-01 6.442666e+01
9.999710e-01 3.781805e-03 -6.605538e-03 7.812685e+00 -3.785152e-03 9.999927e-01 -4.941895e-04 -1.679091e+00 6.603621e-03 5.191777e-04 9.999781e-01 6.410643e+01
9.999934e-01 -3.019735e-03 2.020348e-03 8.122669e+00 3.018965e-03 9.999954e-01 3.845298e-04 -1.685254e+00 -2.021499e-03 -3.784275e-04 9.999979e-01 6.368865e+01
9.999726e-01 3.705094e-03 -6.410433e-03 8.379430e+00 -3.708209e-03 9.999930e-01 -4.739277e-04 -1.689360e+00 6.408632e-03 4.976855e-04 9.999793e-01 6.329515e+01
9.999938e-01 -3.105520e-03 1.641340e-03 8.636177e+00 3.104990e-03 9.999951e-01 3.256421e-04 -1.694562e+00 -1.642343e-03 -3.205433e-04 9.999986e-01 6.291389e+01
9.999784e-01 3.850676e-03 -5.326244e-03 8.933866e+00 -3.853053e-03 9.999925e-01 -4.360340e-04 -1.699199e+00 5.324525e-03 4.565464e-04 9.999857e-01 6.247048e+01
9.999930e-01 -3.065930e-03 2.122199e-03 9.278101e+00 3.064981e-03 9.999952e-01 4.505813e-04 -1.704793e+00 -2.123570e-03 -4.440732e-04 9.999976e-01 6.200266e+01
9.999742e-01 3.857678e-03 -6.061917e-03 9.615010e+00 -3.860601e-03 9.999924e-01 -4.703981e-04 -1.710734e+00 6.060057e-03 4.937882e-04 9.999815e-01 6.155713e+01
9.999937e-01 -3.562460e-03 7.995031e-05 9.785646e+00 3.562417e-03 9.999935e-01 5.451192e-04 -1.714635e+00 -8.189179e-05 -5.448305e-04 9.999998e-01 6.130062e+01
9.999676e-01 4.191454e-03 -6.870121e-03 9.985374e+00 -4.195342e-03 9.999910e-01 -5.514363e-04 -1.720958e+00 6.867748e-03 5.802405e-04 9.999762e-01 6.100455e+01
9.999900e-01 -3.420946e-03 2.878668e-03 1.034557e+01 3.419428e-03 9.999940e-01 5.322733e-04 -1.726954e+00 -2.880472e-03 -5.224241e-04 9.999957e-01 6.053824e+01
9.999662e-01 4.151339e-03 -7.099521e-03 1.068118e+01 -4.154429e-03 9.999913e-01 -4.204375e-04 -1.732635e+00 7.097714e-03 4.499173e-04 9.999747e-01 6.010543e+01
9.999895e-01 -4.487997e-03 -8.786775e-04 1.058215e+01 4.488333e-03 9.999899e-01 3.800209e-04 -1.729476e+00 8.769630e-04 -3.839603e-04 9.999995e-01 6.016054e+01
9.999723e-01 4.242081e-03 -6.110664e-03 1.045064e+01 -4.246625e-03 9.999907e-01 -7.308750e-04 -1.725125e+00 6.107507e-03 7.568040e-04 9.999811e-01 6.030873e+01
9.999934e-01 -3.628170e-03 -2.430938e-04 1.066218e+01 3.628287e-03 9.999933e-01 4.804424e-04 -1.730988e+00 2.413490e-04 -4.813208e-04 9.999999e-01 5.997103e+01
9.999857e-01 4.306962e-03 -3.184574e-03 1.093974e+01 -4.309044e-03 9.999905e-01 -6.470754e-04 -1.734337e+00 3.181756e-03 6.607882e-04 9.999947e-01 5.952406e+01
9.999931e-01 -3.645457e-03 -7.510738e-04 1.122240e+01 3.645907e-03 9.999932e-01 5.979346e-04 -1.739289e+00 7.488889e-04 -6.006684e-04 9.999995e-01 5.912010e+01
9.999855e-01 4.419532e-03 -3.060711e-03 1.156268e+01 -4.421731e-03 9.999900e-01 -7.117330e-04 -1.745299e+00 3.057535e-03 7.252560e-04 9.999951e-01 5.865496e+01
9.999937e-01 -3.537986e-03 -3.630572e-06 1.188752e+01 3.537988e-03 9.999936e-01 5.104897e-04 -1.749682e+00 1.824389e-06 -5.104990e-04 9.999999e-01 5.815964e+01
9.999847e-01 4.298914e-03 -3.471358e-03 1.220614e+01 -4.301139e-03 9.999905e-01 -6.335407e-04 -1.754580e+00 3.468601e-03 6.484614e-04 9.999938e-01 5.768222e+01
9.999931e-01 -3.451390e-03 1.407787e-03 1.255291e+01 3.450738e-03 9.999939e-01 4.660607e-04 -1.758295e+00 -1.409387e-03 -4.611991e-04 9.999989e-01 5.714572e+01
9.999841e-01 4.276462e-03 -3.670320e-03 1.292133e+01 -4.278130e-03 9.999907e-01 -4.466655e-04 -1.763049e+00 3.668376e-03 4.623601e-04 9.999932e-01 5.663008e+01
9.999937e-01 -3.353378e-03 1.174637e-03 1.328189e+01 3.353157e-03 9.999944e-01 1.903587e-04 -1.767845e+00 -1.175269e-03 -1.864183e-04 9.999993e-01 5.610750e+01
9.999871e-01 4.403653e-03 -2.541804e-03 1.365300e+01 -4.405275e-03 9.999901e-01 -6.327739e-04 -1.769960e+00 2.538992e-03 6.439627e-04 9.999966e-01 5.548102e+01
9.999915e-01 -3.622753e-03 1.962180e-03 1.400406e+01 3.621789e-03 9.999933e-01 4.949852e-04 -1.769678e+00 -1.963960e-03 -4.878740e-04 9.999980e-01 5.487739e+01
9.999825e-01 4.438711e-03 -3.906233e-03 1.438938e+01 -4.440662e-03 9.999900e-01 -4.908179e-04 -1.774472e+00 3.904015e-03 5.081551e-04 9.999923e-01 5.432511e+01
9.999917e-01 -3.516714e-03 2.043397e-03 1.467911e+01 3.516761e-03 9.999938e-01 -1.919076e-05 -1.774673e+00 -2.043317e-03 2.637714e-05 9.999979e-01 5.376066e+01
9.999977e-01 2.145485e-03 2.455289e-04 1.422472e+01 -2.145250e-03 9.999972e-01 -9.561264e-04 -1.741188e+00 -2.475795e-04 9.555971e-04 9.999995e-01 5.384271e+01
9.999933e-01 -2.267648e-03 2.872441e-03 1.384504e+01 2.270597e-03 9.999969e-01 -1.023675e-03 -1.711575e+00 -2.870111e-03 1.030191e-03 9.999954e-01 5.384723e+01
9.999890e-01 2.847558e-03 -3.728506e-03 1.397178e+01 -2.846105e-03 9.999959e-01 3.950475e-04 -1.705652e+00 3.729616e-03 -3.844319e-04 9.999930e-01 5.341084e+01
9.999976e-01 -2.172550e-03 -4.160921e-04 1.420314e+01 2.172277e-03 9.999974e-01 -6.581957e-04 -1.708608e+00 4.175209e-04 6.572906e-04 9.999997e-01 5.300655e+01
9.999930e-01 2.929925e-03 -2.332250e-03 1.452162e+01 -2.928737e-03 9.999956e-01 5.130087e-04 -1.713290e+00 2.333742e-03 -5.061750e-04 9.999971e-01 5.253554e+01
9.999971e-01 -2.138019e-03 -1.074912e-03 1.482178e+01 2.137315e-03 9.999975e-01 -6.559005e-04 -1.717597e+00 1.076311e-03 6.536016e-04 9.999992e-01 5.208030e+01
9.999941e-01 2.856717e-03 -1.920194e-03 1.516347e+01 -2.855417e-03 9.999957e-01 6.794818e-04 -1.723022e+00 1.922127e-03 -6.739952e-04 9.999979e-01 5.160837e+01
9.999974e-01 -1.938176e-03 -1.184401e-03 1.553532e+01 1.937275e-03 9.999978e-01 -7.621007e-04 -1.727704e+00 1.185875e-03 7.598046e-04 9.999990e-01 5.109279e+01
9.999914e-01 2.542417e-03 -3.288308e-03 1.580787e+01 -2.539774e-03 9.999964e-01 8.079531e-04 -1.732700e+00 3.290351e-03 -7.995949e-04 9.999943e-01 5.070854e+01
9.999959e-01 -1.857804e-03 -2.179011e-03 1.610882e+01 1.855939e-03 9.999979e-01 -8.577782e-04 -1.738112e+00 2.180600e-03 8.537310e-04 9.999973e-01 5.031499e+01
9.999936e-01 2.469639e-03 -2.589586e-03 1.642312e+01 -2.467343e-03 9.999966e-01 8.894668e-04 -1.743657e+00 2.591774e-03 -8.830721e-04 9.999963e-01 4.989546e+01
9.999975e-01 -1.657771e-03 -1.521848e-03 1.681918e+01 1.656490e-03 9.999983e-01 -8.431285e-04 -1.749796e+00 1.523243e-03 8.406059e-04 9.999985e-01 4.941786e+01
9.999899e-01 2.500355e-03 -3.738489e-03 1.715371e+01 -2.496857e-03 9.999964e-01 9.402439e-04 -1.754653e+00 3.740827e-03 -9.309003e-04 9.999926e-01 4.899953e+01
9.999880e-01 -1.964750e-03 -4.480917e-03 1.730191e+01 1.959337e-03 9.999973e-01 -1.212342e-03 -1.759908e+00 4.483287e-03 1.203548e-03 9.999892e-01 4.874537e+01
9.999804e-01 1.853638e-03 -5.984592e-03 1.744093e+01 -1.846123e-03 9.999975e-01 1.261038e-03 -1.765641e+00 5.986915e-03 -1.249965e-03 9.999813e-01 4.858187e+01
9.999954e-01 -7.819431e-04 2.914102e-03 1.788774e+01 7.850399e-04 9.999991e-01 -1.061480e-03 -1.770048e+00 -2.913269e-03 1.063763e-03 9.999952e-01 4.802631e+01
9.999803e-01 1.707429e-03 -6.040991e-03 1.827249e+01 -1.702910e-03 9.999983e-01 7.531923e-04 -1.775795e+00 6.042266e-03 -7.428906e-04 9.999815e-01 4.749856e+01
9.999960e-01 -8.042519e-04 2.718670e-03 1.858089e+01 8.062002e-04 9.999994e-01 -7.154071e-04 -1.779276e+00 -2.718093e-03 7.175964e-04 9.999960e-01 4.703509e+01
9.999843e-01 1.710254e-03 -5.332126e-03 1.886911e+01 -1.709783e-03 9.999985e-01 9.292136e-05 -1.780524e+00 5.332277e-03 -8.380351e-05 9.999858e-01 4.648933e+01
9.999866e-01 -8.816925e-04 5.105165e-03 1.912936e+01 8.844812e-04 9.999995e-01 -5.439137e-04 -1.778808e+00 -5.104682e-03 5.484222e-04 9.999868e-01 4.595385e+01
9.999502e-01 -4.013192e-03 -9.141472e-03 1.882689e+01 4.037231e-03 9.999884e-01 2.612854e-03 -1.761856e+00 9.130881e-03 -2.649631e-03 9.999548e-01 4.747171e+01
9.999755e-01 3.119812e-03 6.260914e-03 1.836051e+01 -3.104574e-03 9.999922e-01 -2.442057e-03 -1.732281e+00 -6.268484e-03 2.422561e-03 9.999774e-01 4.842055e+01
9.999777e-01 -2.383735e-03 -6.238549e-03 1.870332e+01 2.397013e-03 9.999949e-01 2.121825e-03 -1.731956e+00 6.233459e-03 -2.136732e-03 9.999783e-01 4.778987e+01
9.999804e-01 3.389335e-03 5.262465e-03 1.918588e+01 -3.377061e-03 9.999916e-01 -2.339459e-03 -1.736552e+00 -5.270349e-03 2.321642e-03 9.999834e-01 4.714610e+01
9.999104e-01 -4.586243e-03 -1.257691e-02 1.926334e+01 4.625930e-03 9.999844e-01 3.128355e-03 -1.740093e+00 1.256237e-02 -3.186255e-03 9.999160e-01 4.735755e+01
9.999847e-01 4.850098e-03 2.643872e-03 1.929758e+01 -4.842389e-03 9.999840e-01 -2.914027e-03 -1.744135e+00 -2.657964e-03 2.901180e-03 9.999923e-01 4.735856e+01
9.999807e-01 -4.013246e-03 -4.736786e-03 1.959315e+01 4.025825e-03 9.999884e-01 2.649158e-03 -1.745980e+00 4.726100e-03 -2.668176e-03 9.999853e-01 4.685784e+01
9.999865e-01 4.792118e-03 1.987454e-03 1.984046e+01 -4.786407e-03 9.999844e-01 -2.867897e-03 -1.748046e+00 -2.001166e-03 2.858346e-03 9.999939e-01 4.642698e+01
9.999790e-01 -3.944292e-03 -5.148685e-03 2.012972e+01 3.957000e-03 9.999891e-01 2.460469e-03 -1.751894e+00 5.138924e-03 -2.480791e-03 9.999837e-01 4.594311e+01
9.999830e-01 4.791255e-03 3.327171e-03 2.041619e+01 -4.782187e-03 9.999848e-01 -2.728059e-03 -1.753473e+00 -3.340191e-03 2.712102e-03 9.999907e-01 4.545374e+01
9.999707e-01 -4.193767e-03 -6.399078e-03 2.063130e+01 4.209095e-03 9.999883e-01 2.383888e-03 -1.755085e+00 6.389006e-03 -2.410752e-03 9.999767e-01 4.504482e+01
9.999852e-01 5.016743e-03 2.125835e-03 2.089281e+01 -5.011636e-03 9.999846e-01 -2.400382e-03 -1.759996e+00 -2.137844e-03 2.389693e-03 9.999949e-01 4.467009e+01
9.999643e-01 -4.349220e-03 -7.251046e-03 2.111038e+01 4.364357e-03 9.999883e-01 2.073142e-03 -1.765016e+00 7.241945e-03 -2.104714e-03 9.999716e-01 4.432946e+01
9.999816e-01 5.027625e-03 3.384848e-03 2.138498e+01 -5.020013e-03 9.999849e-01 -2.253145e-03 -1.769501e+00 -3.396125e-03 2.236112e-03 9.999917e-01 4.391353e+01
9.999579e-01 -4.609730e-03 -7.933185e-03 2.165330e+01 4.625233e-03 9.999874e-01 1.937031e-03 -1.772394e+00 7.924156e-03 -1.973643e-03 9.999667e-01 4.345184e+01
9.999802e-01 5.378084e-03 3.268597e-03 2.180727e+01 -5.369895e-03 9.999824e-01 -2.508674e-03 -1.772510e+00 -3.282032e-03 2.491072e-03 9.999915e-01 4.306517e+01
9.999676e-01 -4.822903e-03 -6.441434e-03 2.198382e+01 4.838044e-03 9.999856e-01 2.337234e-03 -1.772363e+00 6.430069e-03 -2.368323e-03 9.999765e-01 4.270257e+01
9.999849e-01 5.486318e-03 1.421145e-04 2.211553e+01 -5.485903e-03 9.999811e-01 -2.766124e-03 -1.775523e+00 -1.572878e-04 2.765303e-03 9.999962e-01 4.242973e+01
9.999765e-01 -6.281526e-03 2.734479e-03 2.155517e+01 6.278070e-03 9.999795e-01 1.270346e-03 -1.737238e+00 -2.742403e-03 -1.253149e-03 9.999955e-01 4.274628e+01
9.999798e-01 5.885955e-03 -2.416377e-03 2.123143e+01 -5.893065e-03 9.999783e-01 -2.946268e-03 -1.712002e+00 2.398983e-03 2.960449e-03 9.999927e-01 4.280827e+01
9.999899e-01 -4.468046e-03 5.088579e-04 2.165040e+01 4.466587e-03 9.999860e-01 2.831615e-03 -1.711118e+00 -5.215025e-04 -2.829314e-03 9.999959e-01 4.212292e+01
9.999855e-01 5.270214e-03 -1.109107e-03 2.205163e+01 -5.273483e-03 9.999817e-01 -2.966529e-03 -1.713348e+00 1.093453e-03 2.972335e-03 9.999950e-01 4.148432e+01
9.999910e-01 -4.177360e-03 -6.850713e-04 2.248483e+01 4.179429e-03 9.999866e-01 3.046963e-03 -1.715545e+00 6.723340e-04 -3.049800e-03 9.999951e-01 4.087704e+01
9.999821e-01 4.967451e-03 -3.320640e-03 2.277803e+01 -4.977563e-03 9.999830e-01 -3.043879e-03 -1.720649e+00 3.305463e-03 3.060353e-03 9.999899e-01 4.046738e+01
9.999914e-01 -4.149896e-03 -1.863636e-04 2.311220e+01 4.150407e-03 9.999874e-01 2.837378e-03 -1.726363e+00 1.745865e-04 -2.838127e-03 9.999960e-01 3.999597e+01
9.999841e-01 5.069190e-03 -2.451006e-03 2.345073e+01 -5.076553e-03 9.999826e-01 -3.007497e-03 -1.730728e+00 2.435717e-03 3.019892e-03 9.999925e-01 3.948982e+01
9.999910e-01 -4.231403e-03 -3.224285e-04 2.376569e+01 4.232327e-03 9.999868e-01 2.922505e-03 -1.734545e+00 3.100581e-04 -2.923843e-03 9.999957e-01 3.900911e+01
9.999892e-01 3.885726e-03 -2.533092e-03 2.361683e+01 -3.894554e-03 9.999863e-01 -3.489577e-03 -1.721293e+00 2.519498e-03 3.499405e-03 9.999907e-01 3.888788e+01
9.999806e-01 -3.930502e-03 4.832103e-03 2.338401e+01 3.921570e-03 9.999906e-01 1.856469e-03 -1.701411e+00 -4.839355e-03 -1.837484e-03 9.999866e-01 3.874151e+01
9.999465e-01 4.687434e-03 -9.216230e-03 2.359423e+01 -4.706829e-03 9.999868e-01 -2.083909e-03 -1.704056e+00 9.206340e-03 2.127178e-03 9.999554e-01 3.837203e+01
9.999696e-01 -4.165378e-03 6.587336e-03 2.380118e+01 4.152358e-03 9.999894e-01 1.988931e-03 -1.705494e+00 -6.595551e-03 -1.961518e-03 9.999763e-01 3.801538e+01
9.999413e-01 5.200588e-03 -9.503815e-03 2.411539e+01 -5.220784e-03 9.999842e-01 -2.101450e-03 -1.708861e+00 9.492735e-03 2.150944e-03 9.999526e-01 3.752105e+01
9.999660e-01 -4.113329e-03 7.145139e-03 2.448094e+01 4.098460e-03 9.999894e-01 2.094331e-03 -1.713279e+00 -7.153678e-03 -2.064976e-03 9.999723e-01 3.698977e+01
9.996034e-01 1.977437e-03 -2.808979e-02 2.453083e+01 -1.951475e-03 9.999976e-01 9.516087e-04 -1.732200e+00 2.809160e-02 -8.964144e-04 9.996050e-01 3.791577e+01
9.999283e-01 -5.525424e-03 1.062126e-02 2.458456e+01 5.512581e-03 9.999840e-01 1.237986e-03 -1.747384e+00 -1.062793e-02 -1.179347e-03 9.999428e-01 3.884442e+01
9.998805e-01 6.437813e-03 -1.405662e-02 2.480568e+01 -6.462230e-03 9.999777e-01 -1.692332e-03 -1.746947e+00 1.404541e-02 1.782967e-03 9.998998e-01 3.837058e+01
9.999070e-01 -6.124655e-03 1.218339e-02 2.490460e+01 6.108943e-03 9.999805e-01 1.326362e-03 -1.741886e+00 -1.219127e-02 -1.251812e-03 9.999249e-01 3.801097e+01
9.998287e-01 6.848119e-03 -1.719375e-02 2.512704e+01 -6.873404e-03 9.999754e-01 -1.411921e-03 -1.746497e+00 1.718366e-02 1.529859e-03 9.998512e-01 3.765275e+01
9.998860e-01 -6.097731e-03 1.380960e-02 2.542207e+01 6.079914e-03 9.999806e-01 1.331786e-03 -1.751280e+00 -1.381745e-02 -1.247674e-03 9.999038e-01 3.721487e+01
9.998392e-01 6.811152e-03 -1.658819e-02 2.575600e+01 -6.833066e-03 9.999759e-01 -1.264730e-03 -1.756445e+00 1.657917e-02 1.377875e-03 9.998616e-01 3.674731e+01
9.998875e-01 -6.035269e-03 1.372972e-02 2.607885e+01 6.019787e-03 9.999812e-01 1.168641e-03 -1.761880e+00 -1.373651e-02 -1.085860e-03 9.999051e-01 3.627578e+01
9.998412e-01 7.027608e-03 -1.637598e-02 2.643191e+01 -7.051686e-03 9.999741e-01 -1.413069e-03 -1.766210e+00 1.636562e-02 1.528324e-03 9.998649e-01 3.575114e+01
9.998568e-01 -6.083648e-03 1.579199e-02 2.666558e+01 6.074603e-03 9.999814e-01 6.206138e-04 -1.762971e+00 -1.579548e-02 -5.245951e-04 9.998751e-01 3.518568e+01
9.998374e-01 6.481522e-03 -1.682670e-02 2.688605e+01 -6.496941e-03 9.999785e-01 -8.618716e-04 -1.760528e+00 1.682075e-02 9.710539e-04 9.998580e-01 3.468432e+01
9.998780e-01 -5.429294e-03 1.464677e-02 2.729315e+01 5.417671e-03 9.999850e-01 8.330288e-04 -1.765820e+00 -1.465108e-02 -7.535761e-04 9.998924e-01 3.412159e+01
9.998488e-01 6.274689e-03 -1.621667e-02 2.764043e+01 -6.289091e-03 9.999799e-01 -8.373022e-04 -1.768820e+00 1.621109e-02 9.391641e-04 9.998682e-01 3.357498e+01
9.998890e-01 -5.351603e-03 1.390245e-02 2.796144e+01 5.344531e-03 9.999856e-01 5.457443e-04 -1.772851e+00 -1.390517e-02 -4.713820e-04 9.999032e-01 3.305516e+01
9.998651e-01 6.154503e-03 -1.522680e-02 2.824298e+01 -6.167087e-03 9.999807e-01 -7.796674e-04 -1.772672e+00 1.522170e-02 8.734676e-04 9.998838e-01 3.252370e+01
9.998955e-01 -5.573979e-03 1.333702e-02 2.833060e+01 5.571216e-03 9.999845e-01 2.442738e-04 -1.766564e+00 -1.333817e-02 -1.699452e-04 9.999110e-01 3.216007e+01
9.998813e-01 6.250691e-03 -1.408044e-02 2.846437e+01 -6.268601e-03 9.999796e-01 -1.228223e-03 -1.761203e+00 1.407247e-02 1.316342e-03 9.999001e-01 3.169427e+01
9.998504e-01 -6.591045e-03 1.599476e-02 2.818047e+01 6.583204e-03 9.999782e-01 5.428359e-04 -1.736493e+00 -1.599799e-02 -4.374583e-04 9.998719e-01 3.164805e+01
9.999363e-01 6.417919e-03 -9.279711e-03 2.754181e+01 -6.439240e-03 9.999767e-01 -2.269592e-03 -1.686087e+00 9.264929e-03 2.329202e-03 9.999544e-01 3.196262e+01
9.999342e-01 -6.457186e-03 9.482087e-03 2.729931e+01 6.446796e-03 9.999786e-01 1.125801e-03 -1.666132e+00 -9.489153e-03 -1.064598e-03 9.999544e-01 3.202880e+01
9.999018e-01 7.422231e-03 -1.188842e-02 2.765695e+01 -7.435516e-03 9.999718e-01 -1.073785e-03 -1.670633e+00 1.188011e-02 1.162076e-03 9.999288e-01 3.152388e+01
9.999344e-01 -6.449048e-03 9.463319e-03 2.798785e+01 6.443488e-03 9.999790e-01 6.178288e-04 -1.673679e+00 -9.467105e-03 -5.568118e-04 9.999550e-01 3.096625e+01
9.999196e-01 7.129761e-03 -1.048531e-02 2.825949e+01 -7.138597e-03 9.999742e-01 -8.056447e-04 -1.673014e+00 1.047929e-02 8.804307e-04 9.999447e-01 3.045743e+01
9.999570e-01 -6.320703e-03 6.780557e-03 2.852047e+01 6.316399e-03 9.999798e-01 6.558903e-04 -1.676361e+00 -6.784566e-03 -6.130338e-04 9.999768e-01 3.003562e+01
9.999267e-01 6.560957e-03 -1.018080e-02 2.848962e+01 -6.576300e-03 9.999773e-01 -1.474454e-03 -1.672157e+00 1.017090e-02 1.541298e-03 9.999471e-01 2.983328e+01
9.999575e-01 -5.755599e-03 7.207103e-03 2.866806e+01 5.748650e-03 9.999830e-01 9.845229e-04 -1.670901e+00 -7.212647e-03 -9.430503e-04 9.999735e-01 2.941552e+01
9.999372e-01 6.347351e-03 -9.232068e-03 2.900542e+01 -6.358196e-03 9.999791e-01 -1.145883e-03 -1.675889e+00 9.224602e-03 1.204511e-03 9.999567e-01 2.889535e+01
9.999610e-01 -5.194563e-03 7.137957e-03 2.939079e+01 5.186380e-03 9.999859e-01 1.164286e-03 -1.679824e+00 -7.143904e-03 -1.127220e-03 9.999738e-01 2.836119e+01
9.999321e-01 6.025809e-03 -9.974289e-03 2.966363e+01 -6.040725e-03 9.999807e-01 -1.466003e-03 -1.681822e+00 9.965262e-03 1.526156e-03 9.999492e-01 2.787751e+01
9.999531e-01 -5.013151e-03 8.284984e-03 2.995997e+01 5.006183e-03 9.999871e-01 8.615423e-04 -1.681624e+00 -8.289196e-03 -8.200261e-04 9.999653e-01 2.728664e+01
9.999474e-01 5.650404e-03 -8.556297e-03 3.018558e+01 -5.661285e-03 9.999832e-01 -1.248138e-03 -1.679116e+00 8.549101e-03 1.296513e-03 9.999626e-01 2.679834e+01
9.999694e-01 -4.902922e-03 6.093118e-03 3.049883e+01 4.896006e-03 9.999874e-01 1.149396e-03 -1.682834e+00 -6.098676e-03 -1.119529e-03 9.999808e-01 2.631335e+01
9.999384e-01 5.728626e-03 -9.505675e-03 3.077176e+01 -5.742753e-03 9.999824e-01 -1.459601e-03 -1.686193e+00 9.497147e-03 1.514100e-03 9.999538e-01 2.586305e+01
9.999502e-01 -5.061095e-03 8.598558e-03 3.098856e+01 5.052367e-03 9.999867e-01 1.036483e-03 -1.683249e+00 -8.603689e-03 -9.929891e-04 9.999625e-01 2.537933e+01
9.999432e-01 5.839240e-03 -8.917125e-03 3.117906e+01 -5.855981e-03 9.999811e-01 -1.852495e-03 -1.677649e+00 8.906139e-03 1.904608e-03 9.999585e-01 2.484393e+01
9.999461e-01 -5.183393e-03 8.994179e-03 3.133620e+01 5.174102e-03 9.999861e-01 1.055908e-03 -1.670408e+00 -8.999526e-03 -1.009314e-03 9.999590e-01 2.432431e+01
9.999443e-01 5.845267e-03 -8.790533e-03 3.146831e+01 -5.861070e-03 9.999813e-01 -1.773158e-03 -1.661055e+00 8.780003e-03 1.824581e-03 9.999598e-01 2.380273e+01
9.999115e-01 -5.527937e-03 1.209948e-02 3.136443e+01 5.524809e-03 9.999847e-01 2.918749e-04 -1.640192e+00 -1.210091e-02 -2.250021e-04 9.999268e-01 2.339315e+01
9.999404e-01 5.991099e-03 -9.124218e-03 3.133922e+01 -6.005447e-03 9.999808e-01 -1.545938e-03 -1.622963e+00 9.114781e-03 1.600642e-03 9.999572e-01 2.293675e+01
9.999343e-01 -5.216684e-03 1.020467e-02 3.154891e+01 5.209556e-03 9.999862e-01 7.249209e-04 -1.615621e+00 -1.020831e-02 -6.717118e-04 9.999477e-01 2.232525e+01
9.999326e-01 5.854567e-03 -1.003039e-02 3.172847e+01 -5.867942e-03 9.999819e-01 -1.304556e-03 -1.606261e+00 1.002257e-02 1.363326e-03 9.999488e-01 2.174847e+01
9.999152e-01 -5.339042e-03 1.187456e-02 3.177920e+01 5.337309e-03 9.999857e-01 1.775651e-04 -1.590168e+00 -1.187533e-02 -1.141722e-04 9.999295e-01 2.119669e+01
9.998839e-01 5.396922e-03 -1.424653e-02 3.190453e+01 -5.403655e-03 9.999853e-01 -4.342154e-04 -1.583213e+00 1.424398e-02 5.111487e-04 9.998984e-01 2.072949e+01
9.999509e-01 -4.819706e-03 8.663911e-03 3.214008e+01 4.817647e-03 9.999884e-01 2.584143e-04 -1.585179e+00 -8.665055e-03 -2.166623e-04 9.999624e-01 2.027429e+01
9.999500e-01 6.047734e-03 -7.967173e-03 3.266122e+01 -6.055834e-03 9.999812e-01 -9.930390e-04 -1.588463e+00 7.961017e-03 1.041238e-03 9.999678e-01 1.944051e+01
9.999063e-01 -4.709512e-03 1.285152e-02 3.319874e+01 4.701794e-03 9.999887e-01 6.307019e-04 -1.584248e+00 -1.285434e-02 -5.702180e-04 9.999172e-01 1.844611e+01
9.999171e-01 5.664583e-03 -1.156176e-02 3.342944e+01 -5.681173e-03 9.999829e-01 -1.402667e-03 -1.573233e+00 1.155362e-02 1.468236e-03 9.999322e-01 1.775348e+01
9.999044e-01 -5.119510e-03 1.284754e-02 3.360499e+01 5.113760e-03 9.999868e-01 4.803789e-04 -1.563079e+00 -1.284983e-02 -4.146340e-04 9.999174e-01 1.712360e+01
9.998950e-01 6.070967e-03 -1.316093e-02 3.404232e+01 -6.076419e-03 9.999815e-01 -3.743760e-04 -1.563975e+00 1.315841e-02 4.543083e-04 9.999133e-01 1.645511e+01
9.999352e-01 -5.351180e-03 1.004801e-02 3.441516e+01 5.348168e-03 9.999856e-01 3.265920e-04 -1.568086e+00 -1.004962e-02 -2.728327e-04 9.999495e-01 1.591868e+01
9.999057e-01 6.300612e-03 -1.220103e-02 3.489338e+01 -6.304304e-03 9.999801e-01 -2.641873e-04 -1.572403e+00 1.219912e-02 3.410817e-04 9.999255e-01 1.528509e+01
9.999400e-01 -5.227521e-03 9.625781e-03 3.542295e+01 5.225066e-03 9.999863e-01 2.800508e-04 -1.576377e+00 -9.627113e-03 -2.297390e-04 9.999536e-01 1.463612e+01
9.999014e-01 6.383966e-03 -1.250858e-02 3.597601e+01 -6.387059e-03 9.999796e-01 -2.073976e-04 -1.580669e+00 1.250700e-02 2.872705e-04 9.999217e-01 1.399407e+01
9.999400e-01 -5.071219e-03 9.706994e-03 3.653998e+01 5.070919e-03 9.999871e-01 5.549952e-05 -1.585089e+00 -9.707150e-03 -6.273127e-06 9.999529e-01 1.329440e+01
9.999096e-01 6.065359e-03 -1.200006e-02 3.702185e+01 -6.064653e-03 9.999816e-01 9.518686e-05 -1.588432e+00 1.200041e-02 -2.240174e-05 9.999280e-01 1.265708e+01
