1.000000e+00 1.197624e-11 1.704639e-10 3.214096e-14 1.197625e-11 1.000000e+00 3.562503e-10 -1.998401e-15 1.704639e-10 3.562503e-10 1.000000e+00 -4.041212e-14 0.000000e+00 0.000000e+00 0.000000e+00 1.000000e+00
8.064697e-01 3.972539e-03 5.912621e-01 -8.209045e-02 -5.971609e-02 9.954117e-01 7.476364e-02 1.654488e-02 -5.882522e-01 -9.560247e-02 8.030065e-01 1.698325e+00
9.748137e-01 -4.430460e-02 -2.185756e-01 -8.525419e-02 4.390273e-02 9.990134e-01 -6.697471e-03 2.144875e-02 2.186567e-01 -3.067279e-03 9.757970e-01 2.781703e+00
8.605333e-01 2.493850e-02 5.087834e-01 -1.116308e-01 -7.624077e-02 9.938559e-01 8.023542e-02 3.123201e-02 -5.036564e-01 -1.078353e-01 8.571475e-01 3.828749e+00
9.580685e-01 5.748307e-02 -2.807140e-01 -3.422018e-01 -4.573341e-02 9.977885e-01 4.823487e-02 6.973690e-02 2.828659e-01 -3.337430e-02 9.585787e-01 5.530930e+00
8.416793e-01 -2.603288e-02 5.393498e-01 -5.634079e-01 -4.516968e-02 9.919420e-01 1.183675e-01 1.074401e-01 -5.380851e-01 -1.239897e-01 8.337212e-01 7.332789e+00
9.877258e-01 9.614777e-02 -1.230992e-01 -8.711116e-01 -9.850446e-02 9.950492e-01 -1.318961e-02 1.522767e-01 1.212216e-01 2.515354e-02 9.923067e-01 9.462969e+00
6.723498e-01 -2.849007e-02 7.396851e-01 -1.117076e+00 -9.204488e-02 9.882860e-01 1.217311e-01 1.938051e-01 -7.344886e-01 -1.499301e-01 6.618515e-01 1.201167e+01
9.936605e-01 3.368093e-02 -1.072588e-01 -1.331962e+00 -3.971755e-02 9.977153e-01 -5.465086e-02 2.303884e-01 1.051731e-01 5.856446e-02 9.927280e-01 1.438431e+01
7.920717e-01 1.511327e-02 6.102409e-01 -1.642661e+00 -1.174528e-01 9.847870e-01 1.280604e-01 2.751941e-01 -5.990219e-01 -1.731075e-01 7.817970e-01 1.664630e+01
9.952360e-01 1.018835e-02 -9.696114e-02 -1.960914e+00 -1.927654e-02 9.954551e-01 -9.326077e-02 3.192461e-01 9.557029e-02 9.468555e-02 9.909092e-01 1.886954e+01
7.510818e-01 5.465996e-02 6.579425e-01 -2.263612e+00 -1.775866e-01 9.765641e-01 1.215959e-01 3.619956e-01 -6.358766e-01 -2.081703e-01 7.431864e-01 2.122415e+01
9.784873e-01 -6.332844e-02 -1.963468e-01 -2.458463e+00 4.736172e-02 9.952565e-01 -8.497823e-02 3.954722e-01 2.007970e-01 7.385080e-02 9.768453e-01 2.320850e+01
7.807927e-01 4.857517e-02 6.228990e-01 -2.496846e+00 -1.895226e-01 9.684126e-01 1.620440e-01 4.160363e-01 -5.953520e-01 -2.445762e-01 7.653356e-01 2.501449e+01
9.810568e-01 -5.257934e-02 -1.864483e-01 -2.562790e+00 4.095290e-02 9.970005e-01 -6.567238e-02 4.411736e-01 1.893421e-01 5.679273e-02 9.802674e-01 2.696083e+01
8.324695e-01 5.273481e-02 5.515557e-01 -2.647778e+00 -1.706843e-01 9.714575e-01 1.647337e-01 4.666178e-01 -5.271257e-01 -2.312777e-01 8.177097e-01 2.870070e+01
9.824722e-01 -7.558721e-02 -1.703964e-01 -2.631956e+00 6.355886e-02 9.951574e-01 -7.498022e-02 4.843445e-01 1.752388e-01 6.283577e-02 9.825187e-01 3.038647e+01
8.280632e-01 5.453544e-02 5.579760e-01 -2.515678e+00 -1.533274e-01 9.793429e-01 1.318263e-01 4.912250e-01 -5.392606e-01 -1.947135e-01 8.193196e-01 3.194604e+01
9.725965e-01 -1.602766e-02 -2.319465e-01 -2.586794e+00 1.805767e-02 9.998150e-01 6.631404e-03 5.206942e-01 2.317973e-01 -1.063809e-02 9.727059e-01 3.383004e+01
8.484195e-01 5.956703e-02 5.259621e-01 -2.820560e+00 -1.479017e-01 9.807486e-01 1.275043e-01 5.668169e-01 -5.082415e-01 -1.859678e-01 8.408963e-01 3.599903e+01
9.774108e-01 3.727705e-03 -2.113155e-01 -3.095463e+00 -1.467099e-02 9.986293e-01 -5.024236e-02 6.130162e-01 2.108386e-01 5.220764e-02 9.761257e-01 3.809782e+01
7.941801e-01 2.520844e-02 6.071594e-01 -3.234312e+00 -1.592963e-01 9.728360e-01 1.679728e-01 6.470882e-01 -5.864322e-01 -2.301189e-01 7.766226e-01 4.020281e+01
9.337336e-01 1.101310e-02 -3.577991e-01 -3.362775e+00 -3.834372e-02 9.968531e-01 -6.938077e-02 6.814271e-01 3.559091e-01 7.850251e-02 9.312175e-01 4.211051e+01
7.085956e-01 -2.700034e-02 7.050980e-01 -3.439348e+00 -1.798378e-01 9.593574e-01 2.174666e-01 7.095829e-01 -6.823127e-01 -2.808992e-01 6.749408e-01 4.421317e+01
9.582972e-01 8.448498e-03 -2.856485e-01 -3.569142e+00 -4.595509e-02 9.911099e-01 -1.248571e-01 7.462918e-01 2.820542e-01 1.327772e-01 9.501661e-01 4.655573e+01
7.878934e-01 -1.991948e-02 6.154895e-01 -3.653104e+00 -1.807496e-01 9.479740e-01 2.620590e-01 7.790752e-01 -5.886881e-01 -3.177240e-01 7.433020e-01 4.871871e+01
9.465605e-01 -2.131548e-02 -3.218211e-01 -3.689809e+00 -3.166021e-02 9.868538e-01 -1.584842e-01 8.056197e-01 3.209686e-01 1.602038e-01 9.334420e-01 5.062827e+01
6.282681e-01 -2.242715e-02 7.776736e-01 -3.802569e+00 -2.644581e-01 9.339066e-01 2.405835e-01 8.384943e-01 -7.316701e-01 -3.568130e-01 5.808127e-01 5.298949e+01
9.173741e-01 -9.690135e-02 -3.860503e-01 -3.953487e+00 6.740675e-03 9.735554e-01 -2.283514e-01 8.737626e-01 3.979689e-01 2.068814e-01 8.937678e-01 5.516446e+01
7.050417e-01 4.538070e-03 7.091514e-01 -4.091902e+00 -2.927803e-01 9.126423e-01 2.852433e-01 9.092901e-01 -6.459071e-01 -4.087340e-01 6.447795e-01 5.722448e+01
9.245343e-01 -1.223795e-01 -3.609150e-01 -4.196524e+00 3.098050e-02 9.680380e-01 -2.488827e-01 9.423669e-01 3.798376e-01 2.189192e-01 8.987757e-01 5.929465e+01
7.866913e-01 4.635913e-02 6.156034e-01 -4.211823e+00 -2.920781e-01 9.064612e-01 3.049895e-01 9.701777e-01 -5.438815e-01 -4.197368e-01 7.266456e-01 6.121862e+01
9.012449e-01 -1.008493e-01 -4.214109e-01 -4.195715e+00 2.531278e-02 9.831312e-01 -1.811417e-01 9.986165e-01 4.325702e-01 1.525859e-01 8.885947e-01 6.322043e+01
7.043291e-01 3.706147e-02 7.089054e-01 -4.429973e+00 -2.895083e-01 9.268091e-01 2.391859e-01 1.044689e+00 -6.481554e-01 -3.736996e-01 6.635082e-01 6.544148e+01
8.948538e-01 -1.306445e-01 -4.268123e-01 -4.668389e+00 3.393723e-02 9.733535e-01 -2.267845e-01 1.088134e+00 4.450674e-01 1.884541e-01 8.754428e-01 6.749054e+01
6.587824e-01 1.785292e-02 7.521217e-01 -4.792387e+00 -3.141567e-01 9.149139e-01 2.534523e-01 1.119731e+00 -6.836018e-01 -4.032540e-01 6.083378e-01 6.943027e+01
8.462574e-01 -1.546606e-01 -5.098318e-01 -4.983078e+00 1.676642e-02 9.641949e-01 -2.646642e-01 1.159011e+00 5.325103e-01 2.154260e-01 8.185502e-01 7.136922e+01
6.075027e-01 -2.308913e-02 7.939820e-01 -5.051662e+00 -3.411690e-01 8.950949e-01 2.870695e-01 1.187667e+00 -7.173174e-01 -4.452775e-01 5.358953e-01 7.331866e+01
8.688533e-01 -2.075943e-01 -4.494426e-01 -5.141767e+00 6.737113e-02 9.489712e-01 -3.080825e-01 1.213475e+00 4.904642e-01 2.373991e-01 8.385026e-01 7.510611e+01
5.969090e-01 3.836788e-02 8.013910e-01 -5.260266e+00 -4.063088e-01 8.757539e-01 2.607074e-01 1.244215e+00 -6.918185e-01 -4.812308e-01 5.383346e-01 7.705608e+01
9.105334e-01 -2.114016e-01 -3.553001e-01 -5.371443e+00 1.108417e-01 9.527462e-01 -2.828230e-01 1.276693e+00 3.983001e-01 2.181378e-01 8.909394e-01 7.933541e+01
6.422613e-01 9.251874e-02 7.608816e-01 -5.446369e+00 -4.254340e-01 8.687679e-01 2.534724e-01 1.305423e+00 -6.375785e-01 -4.865004e-01 5.973366e-01 8.145265e+01
9.139651e-01 -2.504547e-01 -3.192809e-01 -5.601364e+00 1.608015e-01 9.459287e-01 -2.817124e-01 1.342003e+00 3.725731e-01 2.061344e-01 9.048192e-01 8.370081e+01
7.408844e-01 1.595595e-01 6.524041e-01 -5.684627e+00 -4.094052e-01 8.773298e-01 2.503596e-01 1.372344e+00 -5.324263e-01 -4.525851e-01 7.153244e-01 8.563968e+01
8.874766e-01 -2.526804e-01 -3.854062e-01 -5.760202e+00 1.596418e-01 9.530687e-01 -2.572441e-01 1.400735e+00 4.323192e-01 1.667711e-01 8.861645e-01 8.742909e+01
8.008533e-01 1.380623e-01 5.827288e-01 -5.790300e+00 -3.576916e-01 8.907000e-01 2.805533e-01 1.425111e+00 -4.803027e-01 -4.331192e-01 7.627038e-01 8.902457e+01
8.734619e-01 -1.849326e-01 -4.504046e-01 -5.863289e+00 6.974171e-02 9.630413e-01 -2.601683e-01 1.456368e+00 4.818718e-01 1.958351e-01 8.540774e-01 9.078108e+01
6.768524e-01 5.155048e-02 7.343115e-01 -5.965277e+00 -3.528374e-01 8.982046e-01 2.621721e-01 1.485912e+00 -6.460469e-01 -4.365443e-01 6.261409e-01 9.265842e+01
8.432839e-01 -1.742805e-01 -5.084276e-01 -5.991896e+00 4.299487e-02 9.648100e-01 -2.594091e-01 1.510020e+00 5.357460e-01 1.968957e-01 8.211019e-01 9.440871e+01
7.797520e-01 -3.003263e-03 6.260813e-01 -5.872829e+00 -2.844726e-01 8.891060e-01 3.585609e-01 1.525694e+00 -5.577295e-01 -4.576915e-01 6.924278e-01 9.610624e+01
8.046499e-01 -1.060208e-01 -5.842072e-01 -5.740779e+00 -5.540315e-02 9.662291e-01 -2.516581e-01 1.540732e+00 5.911590e-01 2.348636e-01 7.716023e-01 9.766025e+01
8.220550e-01 -1.375254e-01 5.525507e-01 -5.615229e+00 -1.436469e-01 8.889204e-01 4.349552e-01 1.551448e+00 -5.509910e-01 -4.369293e-01 7.109864e-01 9.896392e+01
8.586401e-01 6.274363e-03 -5.125405e-01 -5.444311e+00 -1.648763e-01 9.501650e-01 -2.645795e-01 1.559733e+00 4.853380e-01 3.116844e-01 8.168843e-01 1.004052e+02
8.545475e-01 -2.215492e-01 4.697495e-01 -5.329583e+00 -5.680538e-02 8.591593e-01 5.085454e-01 1.576346e+00 -5.162574e-01 -4.612605e-01 7.216072e-01 1.019445e+02
8.724027e-01 1.038417e-01 -4.776300e-01 -5.313446e+00 -2.658890e-01 9.207664e-01 -2.854686e-01 1.599774e+00 4.101421e-01 3.760402e-01 8.308894e-01 1.034223e+02
8.462601e-01 -2.954328e-01 4.433545e-01 -5.346000e+00 2.229825e-03 8.341256e-01 5.515700e-01 1.622288e+00 -5.327653e-01 -4.657831e-01 7.065460e-01 1.048421e+02
9.038549e-01 1.092191e-01 -4.136636e-01 -5.400457e+00 -2.793878e-01 8.829230e-01 -3.773452e-01 1.643313e+00 3.240198e-01 4.566378e-01 8.285488e-01 1.060983e+02
8.536345e-01 -2.931413e-01 4.305535e-01 -5.471581e+00 -1.218446e-02 8.151363e-01 5.791411e-01 1.664537e+00 -5.207300e-01 -4.996209e-01 6.922567e-01 1.073363e+02
9.279176e-01 9.229943e-02 -3.611783e-01 -5.497825e+00 -2.529867e-01 8.675185e-01 -4.282632e-01 1.682102e+00 2.738004e-01 4.887662e-01 8.283362e-01 1.085909e+02
8.577156e-01 -2.394746e-01 4.549459e-01 -5.511178e+00 -9.287736e-02 7.981624e-01 5.952399e-01 1.699093e+00 -5.056656e-01 -5.528008e-01 6.623546e-01 1.099695e+02
9.951794e-01 1.044487e-02 -9.751341e-02 -5.529310e+00 -5.638904e-02 8.744555e-01 -4.818172e-01 1.714776e+00 8.023862e-02 4.849932e-01 8.708291e-01 1.116210e+02
8.407333e-01 -7.283316e-02 5.365286e-01 -5.460451e+00 -2.723273e-01 7.995743e-01 5.352746e-01 1.718562e+00 -4.679802e-01 -5.961345e-01 6.523942e-01 1.130734e+02
9.740974e-01 -2.244675e-01 2.735929e-02 -5.273952e+00 2.145190e-01 8.790281e-01 -4.257831e-01 1.714899e+00 7.152489e-02 4.206233e-01 9.044115e-01 1.146526e+02
8.437800e-01 1.172538e-01 5.237240e-01 -4.983150e+00 -3.899137e-01 8.044791e-01 4.480855e-01 1.708230e+00 -3.687853e-01 -5.822928e-01 7.245223e-01 1.161637e+02
9.229174e-01 -3.341093e-01 1.912971e-01 -4.885876e+00 3.752065e-01 8.919051e-01 -2.524389e-01 1.713288e+00 -8.627667e-02 3.047561e-01 9.485146e-01 1.180377e+02
7.881335e-01 3.797598e-01 4.843843e-01 -4.868125e+00 -5.107774e-01 8.426495e-01 1.704356e-01 1.725096e+00 -3.434416e-01 -3.817385e-01 8.580930e-01 1.198640e+02
8.994996e-01 -4.049163e-01 -1.641441e-01 -4.729780e+00 3.984257e-01 9.143537e-01 -7.221023e-02 1.733979e+00 1.793248e-01 -4.461460e-04 9.837898e-01 1.215627e+02
6.351647e-01 4.041592e-01 6.581953e-01 -4.788651e+00 -4.729371e-01 8.772463e-01 -8.227687e-02 1.751853e+00 -6.106524e-01 -2.590256e-01 7.483378e-01 1.234040e+02
8.288902e-01 -3.812455e-01 -4.093811e-01 -4.982798e+00 3.902005e-01 9.184156e-01 -6.524102e-02 1.781875e+00 4.008548e-01 -1.056630e-01 9.100279e-01 1.250403e+02
6.395582e-01 3.544918e-01 6.821296e-01 -5.012858e+00 -3.745983e-01 9.185661e-01 -1.261442e-01 1.790953e+00 -6.712983e-01 -1.748480e-01 7.202686e-01 1.261950e+02
8.216061e-01 -2.568590e-01 -5.089076e-01 -5.006737e+00 3.357269e-01 9.395150e-01 6.781661e-02 1.800407e+00 4.607070e-01 -2.265725e-01 8.581456e-01 1.274274e+02
6.551885e-01 2.726105e-01 7.045648e-01 -4.961149e+00 -2.352533e-01 9.598752e-01 -1.526287e-01 1.807420e+00 -7.179025e-01 -6.575059e-02 6.930317e-01 1.286242e+02
8.464509e-01 -1.393084e-01 -5.139204e-01 -4.869885e+00 2.470512e-01 9.577429e-01 1.472895e-01 1.808481e+00 4.716849e-01 -2.516380e-01 8.450986e-01 1.297469e+02
7.513783e-01 1.596327e-01 6.402719e-01 -4.708552e+00 -1.020028e-01 9.867327e-01 -1.263091e-01 1.804252e+00 -6.519403e-01 2.959638e-02 7.576925e-01 1.306592e+02
8.097730e-01 4.622546e-03 -5.867251e-01 -4.538641e+00 1.468084e-01 9.665656e-01 2.102338e-01 1.800499e+00 5.680801e-01 -2.563778e-01 7.820201e-01 1.315487e+02
6.794953e-01 3.278922e-02 7.329468e-01 -4.391390e+00 3.397292e-02 9.965231e-01 -7.607600e-02 1.796464e+00 -7.328928e-01 7.659363e-02 6.760189e-01 1.324967e+02
8.757386e-01 1.423881e-01 -4.613107e-01 -4.308735e+00 -4.204164e-02 9.743805e-01 2.209415e-01 1.798500e+00 4.809515e-01 -1.740928e-01 8.592888e-01 1.336667e+02
8.703679e-01 -8.801729e-02 4.844715e-01 -4.294950e+00 1.133018e-01 9.932922e-01 -2.309191e-02 1.808560e+00 -4.791893e-01 7.498995e-02 8.745022e-01 1.346030e+02
8.974712e-01 1.925807e-01 -3.968100e-01 -4.181261e+00 -1.157526e-01 9.709495e-01 2.094238e-01 1.810624e+00 4.256135e-01 -1.420200e-01 8.936909e-01 1.355301e+02
8.238739e-01 -1.933884e-01 5.327595e-01 -4.012184e+00 2.006354e-01 9.786333e-01 4.496977e-02 1.806742e+00 -5.300729e-01 6.984098e-02 8.450710e-01 1.364802e+02
8.840420e-01 2.693672e-01 -3.819831e-01 -3.823175e+00 -2.010982e-01 9.569287e-01 2.093964e-01 1.800623e+00 4.219352e-01 -1.082991e-01 9.001344e-01 1.373202e+02
7.223697e-01 -2.789954e-01 6.327271e-01 -3.685394e+00 2.694914e-01 9.562348e-01 1.139712e-01 1.794485e+00 -6.368331e-01 8.818519e-02 7.659419e-01 1.382580e+02
9.035214e-01 3.346064e-01 -2.677456e-01 -3.621122e+00 -3.228593e-01 9.423334e-01 8.814541e-02 1.794094e+00 2.817996e-01 6.802886e-03 9.594492e-01 1.393230e+02
8.232600e-01 -3.413977e-01 4.535313e-01 -3.662485e+00 2.755812e-01 9.388412e-01 2.064758e-01 1.806249e+00 -4.962842e-01 -4.499860e-02 8.669931e-01 1.404413e+02
8.338294e-01 3.747798e-01 -4.053007e-01 -3.734098e+00 -3.799427e-01 9.222690e-01 7.115806e-02 1.822137e+00 4.004649e-01 9.465738e-02 9.114098e-01 1.414139e+02
7.807605e-01 -3.921748e-01 4.864277e-01 -3.801498e+00 2.990781e-01 9.180837e-01 2.601433e-01 1.837827e+00 -5.486030e-01 -5.762973e-02 8.340945e-01 1.425467e+02
8.741810e-01 4.153447e-01 -2.515877e-01 -3.943680e+00 -4.443563e-01 8.931511e-01 -6.948765e-02 1.865204e+00 1.958445e-01 1.725394e-01 9.653368e-01 1.441865e+02
7.961444e-01 -4.486762e-01 4.060095e-01 -3.941063e+00 2.698236e-01 8.638051e-01 4.254832e-01 1.877633e+00 -5.416173e-01 -2.291951e-01 8.087770e-01 1.456265e+02
8.990598e-01 3.254012e-01 -2.929259e-01 -3.780462e+00 -3.931421e-01 8.944615e-01 -2.130210e-01 1.874270e+00 1.926936e-01 3.066801e-01 9.321033e-01 1.466543e+02
9.050141e-01 -4.248337e-01 2.158274e-02 -3.417920e+00 3.989642e-01 8.653184e-01 3.034002e-01 1.859087e+00 -1.475705e-01 -2.659707e-01 9.526188e-01 1.469127e+02
8.954024e-01 3.261062e-01 -3.031654e-01 -2.995627e+00 -3.944875e-01 8.967593e-01 -2.005053e-01 1.838155e+00 2.064804e-01 2.991279e-01 9.316052e-01 1.469574e+02
8.689902e-01 -4.346014e-01 2.365960e-01 -2.721322e+00 2.963706e-01 8.400107e-01 4.544738e-01 1.825522e+00 -3.962581e-01 -3.248132e-01 8.587642e-01 1.476755e+02
9.273614e-01 3.463330e-01 -1.416130e-01 -2.691509e+00 -3.735540e-01 8.786219e-01 -2.974574e-01 1.832895e+00 2.140493e-02 3.287507e-01 9.441742e-01 1.487512e+02
9.086741e-01 -3.793855e-01 1.742931e-01 -2.621354e+00 2.412698e-01 8.178612e-01 5.223906e-01 1.834910e+00 -3.407350e-01 -4.326311e-01 8.347035e-01 1.497361e+02
9.581048e-01 2.773105e-01 7.165248e-02 -2.534103e+00 -2.254734e-01 8.845270e-01 -4.083795e-01 1.836331e+00 -1.766264e-01 3.751146e-01 9.099957e-01 1.509938e+02
9.786833e-01 -1.939115e-01 6.765618e-02 -2.616449e+00 1.302072e-01 8.406049e-01 5.257656e-01 1.852036e+00 -1.588241e-01 -5.057487e-01 8.479347e-01 1.521453e+02
9.816961e-01 1.738058e-01 7.787423e-02 -2.659103e+00 -1.251838e-01 8.970063e-01 -4.239205e-01 1.867358e+00 -1.435335e-01 4.064125e-01 9.023453e-01 1.533346e+02
9.876819e-01 -8.543230e-02 1.310944e-01 -2.649444e+00 -9.194221e-04 8.346148e-01 5.508332e-01 1.876344e+00 -1.564723e-01 -5.441685e-01 8.242554e-01 1.545492e+02
9.926703e-01 2.806217e-02 1.175509e-01 -2.599795e+00 2.242183e-02 9.130182e-01 -4.073022e-01 1.882894e+00 -1.187559e-01 4.069525e-01 9.056968e-01 1.557293e+02
9.800902e-01 5.982013e-02 1.893271e-01 -2.662973e+00 -1.491148e-01 8.513718e-01 5.029222e-01 1.898577e+00 -1.311029e-01 -5.211406e-01 8.433413e-01 1.570274e+02
9.802089e-01 -1.022380e-01 1.695226e-01 -2.708875e+00 1.577106e-01 9.208739e-01 -3.565369e-01 1.912887e+00 -1.196573e-01 3.762161e-01 9.187729e-01 1.583378e+02
9.474810e-01 1.929200e-01 2.550718e-01 -2.731718e+00 -2.908760e-01 8.513497e-01 4.365716e-01 1.924077e+00 -1.329319e-01 -4.878376e-01 8.627535e-01 1.596328e+02
8.799499e-01 -2.294848e-01 4.159627e-01 -2.794775e+00 3.402097e-01 9.155346e-01 -2.146015e-01 1.940117e+00 -3.315805e-01 3.303531e-01 8.836975e-01 1.614393e+02
9.015316e-01 4.205917e-01 1.017027e-01 -2.930652e+00 -4.310759e-01 8.525336e-01 2.955673e-01 1.963484e+00 3.760814e-02 -3.103048e-01 9.498929e-01 1.630678e+02
8.557099e-01 -4.077708e-01 3.185648e-01 -3.050441e+00 4.451828e-01 8.939552e-01 -5.153910e-02 1.984729e+00 -2.637666e-01 1.859221e-01 9.464989e-01 1.645013e+02
8.605862e-01 4.922783e-01 1.305891e-01 -3.071395e+00 -5.067719e-01 8.532193e-01 1.232841e-01 1.998268e+00 -5.073103e-02 -1.722754e-01 9.837416e-01 1.658767e+02
8.347630e-01 -5.043957e-01 2.208068e-01 -3.021217e+00 4.900523e-01 8.634330e-01 1.197172e-01 2.005213e+00 -2.510368e-01 8.271392e-03 9.679422e-01 1.671552e+02
8.637543e-01 5.031771e-01 2.722789e-02 -2.948395e+00 -5.038068e-01 8.634210e-01 2.613402e-02 2.008933e+00 -1.035909e-02 -3.629097e-02 9.992876e-01 1.681648e+02
8.678183e-01 -4.940597e-01 5.288050e-02 -2.996344e+00 4.847668e-01 8.652085e-01 1.281226e-01 2.021586e+00 -1.090529e-01 -8.555240e-02 9.903475e-01 1.690771e+02
8.624526e-01 5.061204e-01 -4.203063e-03 -3.019841e+00 -5.061372e-01 8.624092e-01 -8.688913e-03 2.031820e+00 -7.728755e-04 9.621102e-03 9.999534e-01 1.698493e+02
8.941346e-01 -4.470299e-01 2.622245e-02 -3.057803e+00 4.343966e-01 8.801055e-01 1.916087e-01 2.047229e+00 -1.087334e-01 -1.599330e-01 9.811210e-01 1.709747e+02
8.678009e-01 4.922679e-01 6.777840e-02 -3.066686e+00 -4.867967e-01 8.695716e-01 -8.291091e-02 2.063841e+00 -9.975255e-02 3.895586e-02 9.942494e-01 1.722494e+02
8.828694e-01 -4.546337e-01 -1.176856e-01 -2.971324e+00 4.687611e-01 8.682746e-01 1.623644e-01 2.066929e+00 2.836709e-02 -1.985130e-01 9.796877e-01 1.730957e+02
9.006462e-01 4.297684e-01 -6.430873e-02 -2.732895e+00 -4.344705e-01 8.934466e-01 -1.139673e-01 2.056905e+00 8.476873e-03 1.305845e-01 9.914009e-01 1.732790e+02
8.760007e-01 -4.747040e-01 -8.531675e-02 -2.584318e+00 4.817050e-01 8.699613e-01 1.054871e-01 2.047307e+00 2.414712e-02 -1.335043e-01 9.907540e-01 1.731648e+02
8.863094e-01 4.494424e-01 1.116119e-01 -2.491607e+00 -4.498641e-01 8.928057e-01 -2.281151e-02 2.045417e+00 -1.099002e-01 -2.999212e-02 9.934900e-01 1.737240e+02
8.931705e-01 -4.353674e-01 -1.127016e-01 -2.373930e+00 4.468501e-01 8.874122e-01 1.132459e-01 2.044796e+00 5.070918e-02 -1.515086e-01 9.871544e-01 1.744932e+02
8.985804e-01 3.994925e-01 1.815460e-01 -2.274678e+00 -3.902124e-01 9.167149e-01 -8.583763e-02 2.040535e+00 -2.007174e-01 6.290525e-03 9.796290e-01 1.750024e+02
8.875008e-01 -4.574492e-01 -5.552079e-02 -2.194914e+00 4.573561e-01 8.891551e-01 -1.511797e-02 2.024668e+00 5.628230e-02 -1.197556e-02 9.983431e-01 1.745156e+02
8.957163e-01 4.079770e-01 1.767686e-01 -2.087837e+00 -3.831001e-01 9.099399e-01 -1.588828e-01 2.005763e+00 -2.256693e-01 7.459387e-02 9.713440e-01 1.738149e+02
8.570653e-01 -4.488772e-01 -2.528799e-01 -1.908488e+00 4.681750e-01 8.834403e-01 1.858718e-02 1.989639e+00 2.150610e-01 -1.343225e-01 9.673191e-01 1.733197e+02
8.880721e-01 3.944095e-01 2.361548e-01 -1.801711e+00 -3.818771e-01 9.189312e-01 -9.866775e-02 1.980225e+00 -2.559255e-01 -2.558015e-03 9.666931e-01 1.734340e+02
8.790707e-01 -4.443960e-01 -1.724731e-01 -1.755107e+00 4.551903e-01 8.899882e-01 2.688673e-02 1.969982e+00 1.415507e-01 -1.021434e-01 9.846472e-01 1.733910e+02
8.518874e-01 4.037469e-01 3.335811e-01 -1.654339e+00 -3.033229e-01 8.995955e-01 -3.142024e-01 1.948994e+00 -4.269463e-01 1.664822e-01 8.888197e-01 1.726644e+02
8.834191e-01 -3.817478e-01 -2.717338e-01 -1.248083e+00 4.357839e-01 8.824759e-01 1.769991e-01 1.922968e+00 1.722295e-01 -2.747816e-01 9.459556e-01 1.722228e+02
8.817503e-01 3.902728e-01 2.649595e-01 -8.695062e-01 -2.635792e-01 8.734526e-01 -4.093978e-01 1.895412e+00 -3.912064e-01 2.911488e-01 8.730349e-01 1.719249e+02
8.908043e-01 -3.083795e-01 -3.337211e-01 -9.521093e-01 4.167483e-01 8.471644e-01 3.295957e-01 1.895083e+00 1.810761e-01 -4.326830e-01 8.831743e-01 1.718561e+02
8.950843e-01 3.764594e-01 2.389610e-01 -9.694872e-01 -2.476277e-01 8.653477e-01 -4.357222e-01 1.892139e+00 -3.708161e-01 3.308347e-01 8.677810e-01 1.718138e+02
9.044541e-01 -2.668553e-01 -3.327927e-01 -1.048893e+00 3.777514e-01 8.634681e-01 3.342555e-01 1.893339e+00 1.981580e-01 -4.280316e-01 8.817723e-01 1.717580e+02
8.857461e-01 3.556159e-01 2.983138e-01 -1.093822e+00 -1.800511e-01 8.555893e-01 -4.853335e-01 1.887350e+00 -4.278264e-01 3.761706e-01 8.218639e-01 1.714647e+02
9.362545e-01 -2.234208e-01 -2.711284e-01 -1.154633e+00 3.222075e-01 8.536707e-01 4.091805e-01 1.882231e+00 1.400349e-01 -4.704567e-01 8.712409e-01 1.712802e+02
9.140039e-01 2.956047e-01 2.778753e-01 -1.174399e+00 -1.114392e-01 8.415002e-01 -5.286385e-01 1.872942e+00 -3.901002e-01 4.522115e-01 8.020764e-01 1.709773e+02
9.517546e-01 -1.731323e-01 -2.533544e-01 -1.143273e+00 2.767937e-01 8.407947e-01 4.652413e-01 1.861148e+00 1.324707e-01 -5.129224e-01 8.481522e-01 1.707159e+02
8.705194e-01 2.355367e-01 4.321094e-01 -1.114371e+00 8.757721e-02 7.898758e-01 -6.069815e-01 1.842056e+00 -4.842791e-01 5.662321e-01 6.669745e-01 1.700703e+02
9.942552e-01 -1.719658e-02 -1.056455e-01 -1.069468e+00 7.283157e-02 8.319768e-01 5.500093e-01 1.821682e+00 7.843633e-02 -5.545439e-01 8.284496e-01 1.694175e+02
9.849711e-01 1.148370e-02 1.723371e-01 -1.135606e+00 7.911075e-02 8.569737e-01 -5.092519e-01 1.820879e+00 -1.535365e-01 5.152321e-01 8.431858e-01 1.694269e+02
9.956728e-01 7.533233e-02 5.441255e-02 -1.148548e+00 -9.292336e-02 8.010059e-01 5.914007e-01 1.826408e+00 9.668218e-04 -5.938978e-01 8.045399e-01 1.701461e+02
9.915718e-01 -1.070486e-01 7.297899e-02 -1.295155e+00 1.295434e-01 8.277345e-01 -5.459616e-01 1.837515e+00 -1.962794e-03 5.508141e-01 8.346257e-01 1.705375e+02
9.525758e-01 8.340431e-02 2.926485e-01 -1.338984e+00 -2.097218e-01 8.767709e-01 4.327697e-01 1.822425e+00 -2.204908e-01 -4.736207e-01 8.526824e-01 1.700111e+02
9.194619e-01 -3.085676e-01 2.436716e-01 -1.264290e+00 3.915189e-01 7.754413e-01 -4.953824e-01 1.796989e+00 -3.609406e-02 5.508873e-01 8.337988e-01 1.690878e+02
9.292035e-01 3.118691e-01 1.982891e-01 -1.047530e+00 -3.624329e-01 8.739158e-01 3.239037e-01 1.767180e+00 -7.227243e-02 -3.728389e-01 9.250772e-01 1.678617e+02
8.846153e-01 -4.658267e-01 -2.147534e-02 -8.554682e-01 3.909737e-01 7.659929e-01 -5.102886e-01 1.741244e+00 2.541560e-01 4.430128e-01 8.597351e-01 1.666655e+02
8.170764e-01 3.562619e-01 4.532809e-01 -5.908618e-01 -4.763772e-01 8.600389e-01 1.827508e-01 1.707804e+00 -3.247321e-01 -3.652541e-01 8.724326e-01 1.654596e+02
7.317252e-01 -6.251827e-01 -2.715231e-01 -2.877707e-01 4.020385e-01 7.175636e-01 -5.687421e-01 1.675189e+00 5.504028e-01 3.070002e-01 7.764069e-01 1.639526e+02
7.779201e-01 3.046253e-01 5.495851e-01 -1.328845e-01 -5.555879e-01 7.420267e-01 3.751246e-01 1.664126e+00 -2.935343e-01 -5.971598e-01 7.464836e-01 1.640693e+02
8.102428e-01 -5.200517e-01 -2.702829e-01 6.345518e-02 3.869226e-01 8.210088e-01 -4.198041e-01 1.658102e+00 4.402244e-01 2.355647e-01 8.664362e-01 1.649603e+02
7.651665e-01 2.937943e-01 5.728920e-01 2.165257e-01 -5.455649e-01 7.683625e-01 3.346312e-01 1.656805e+00 -3.418760e-01 -5.685983e-01 7.482091e-01 1.658809e+02
8.089037e-01 -4.723840e-01 -3.500403e-01 2.189362e-01 3.052493e-01 8.462636e-01 -4.366472e-01 1.667762e+00 5.024915e-01 2.463560e-01 8.287406e-01 1.668703e+02
7.063513e-01 2.215705e-01 6.722904e-01 3.581151e-01 -5.159605e-01 8.113749e-01 2.746918e-01 1.663006e+00 -4.846159e-01 -5.409042e-01 6.874373e-01 1.676811e+02
7.951264e-01 -4.196622e-01 -4.377871e-01 4.722373e-01 2.778146e-01 8.937526e-01 -3.521722e-01 1.665387e+00 5.390668e-01 1.583978e-01 8.272346e-01 1.687577e+02
7.165607e-01 2.049302e-01 6.667416e-01 5.325137e-01 -4.809733e-01 8.374469e-01 2.595135e-01 1.675359e+00 -5.051786e-01 -5.066421e-01 6.986475e-01 1.699329e+02
7.677268e-01 -3.489898e-01 -5.374028e-01 5.772424e-01 1.668966e-01 9.186324e-01 -3.581341e-01 1.688422e+00 6.186607e-01 1.852584e-01 7.635039e-01 1.711182e+02
6.945889e-01 9.700172e-02 7.128372e-01 6.344888e-01 -4.097727e-01 8.677635e-01 2.811988e-01 1.698942e+00 -5.912974e-01 -4.874188e-01 6.424876e-01 1.722900e+02
7.388925e-01 -2.983954e-01 -6.041507e-01 6.365178e-01 8.579556e-02 9.309661e-01 -3.548821e-01 1.714170e+00 6.683390e-01 2.103863e-01 7.134848e-01 1.734035e+02
7.335895e-01 2.173992e-02 6.792450e-01 5.206836e-01 -3.521754e-01 8.669735e-01 3.526037e-01 1.738285e+00 -5.812218e-01 -4.978798e-01 6.436590e-01 1.744977e+02
7.435810e-01 -2.000408e-01 -6.380212e-01 3.877855e-01 -7.495046e-02 9.232492e-01 -3.768202e-01 1.767637e+00 6.644319e-01 3.280163e-01 6.715173e-01 1.758117e+02
6.835655e-01 -1.281537e-01 7.185505e-01 4.043631e-01 -3.155790e-01 8.357981e-01 4.492788e-01 1.785661e+00 -6.581399e-01 -5.338709e-01 5.308801e-01 1.772505e+02
7.823334e-01 -2.003959e-01 -5.897423e-01 5.316022e-01 -1.155761e-01 8.836811e-01 -4.535966e-01 1.788825e+00 6.120430e-01 4.230239e-01 6.681723e-01 1.783972e+02
7.817080e-01 -2.419056e-01 5.748168e-01 6.183385e-01 -2.174592e-01 7.581285e-01 6.147786e-01 1.795443e+00 -5.845034e-01 -6.055765e-01 5.400305e-01 1.793309e+02
8.540806e-01 -1.214796e-01 -5.057559e-01 6.811177e-01 -2.020188e-01 8.185362e-01 -5.377610e-01 1.799659e+00 4.793065e-01 5.614634e-01 6.745547e-01 1.803327e+02
8.913138e-01 -2.508158e-01 3.776920e-01 9.586939e-01 -6.334723e-02 7.559812e-01 6.515210e-01 1.787018e+00 -4.489397e-01 -6.046354e-01 6.579280e-01 1.806939e+02
6.718790e-01 -2.152228e-01 -7.087014e-01 1.472047e+00 -3.569031e-01 7.443537e-01 -5.644092e-01 1.763317e+00 6.489983e-01 6.321524e-01 4.233020e-01 1.802956e+02
7.574106e-01 -3.576919e-01 5.462469e-01 1.840411e+00 -1.135475e-02 8.292552e-01 5.587548e-01 1.738335e+00 -6.528401e-01 -4.294093e-01 6.240252e-01 1.795569e+02
7.704696e-01 -1.548505e-01 -6.183834e-01 2.043176e+00 -2.850066e-01 7.840252e-01 -5.514306e-01 1.712445e+00 5.702174e-01 6.011038e-01 5.599342e-01 1.785204e+02
8.722288e-01 -3.552258e-01 3.362017e-01 2.575757e+00 1.069333e-01 8.092631e-01 5.776318e-01 1.684270e+00 -4.772654e-01 -4.678759e-01 7.438480e-01 1.781335e+02
8.539119e-01 1.314417e-01 -5.035450e-01 3.094549e+00 -3.582651e-01 8.502709e-01 -3.855976e-01 1.659467e+00 3.774661e-01 5.096690e-01 7.731474e-01 1.786370e+02
8.345608e-01 -4.020055e-01 3.766960e-01 3.365743e+00 1.089116e-01 7.906595e-01 6.024914e-01 1.647991e+00 -5.400431e-01 -4.617891e-01 7.036365e-01 1.792275e+02
8.239410e-01 4.839854e-02 -5.646050e-01 3.780946e+00 -3.731638e-01 7.961590e-01 -4.763189e-01 1.623802e+00 4.264622e-01 6.031488e-01 6.740486e-01 1.792508e+02
7.614238e-01 -4.048932e-01 5.062562e-01 3.859895e+00 5.105589e-03 7.846743e-01 6.198872e-01 1.611100e+00 -6.482344e-01 -4.694121e-01 5.995369e-01 1.791220e+02
9.370998e-01 -1.697290e-01 -3.050181e-01 3.968863e+00 -1.039208e-01 6.985432e-01 -7.079816e-01 1.580460e+00 3.332333e-01 6.951471e-01 6.369663e-01 1.780076e+02
7.207355e-01 -7.356208e-02 6.892960e-01 4.126196e+00 -2.983747e-01 8.646097e-01 4.042556e-01 1.545891e+00 -6.257099e-01 -4.970299e-01 6.012059e-01 1.765222e+02
8.610050e-01 -4.833277e-01 -1.583182e-01 4.284254e+00 2.901710e-01 7.224758e-01 -6.275584e-01 1.509125e+00 4.176974e-01 4.943916e-01 7.623030e-01 1.750547e+02
7.901863e-01 3.014695e-01 5.335933e-01 4.361340e+00 -4.984530e-01 8.226964e-01 2.733409e-01 1.485654e+00 -3.565813e-01 -4.819614e-01 8.003518e-01 1.739571e+02
8.303606e-01 -5.444553e-01 -1.186158e-01 4.368546e+00 4.644790e-01 7.938841e-01 -3.924376e-01 1.471661e+00 3.078319e-01 2.707702e-01 9.120981e-01 1.735964e+02
7.984869e-01 4.178844e-01 4.333490e-01 4.308515e+00 -5.455444e-01 8.066562e-01 2.273479e-01 1.469722e+00 -2.545585e-01 -4.179454e-01 8.720789e-01 1.736039e+02
8.137601e-01 -5.712064e-01 -1.073209e-01 4.220728e+00 5.136056e-01 7.931801e-01 -3.272227e-01 1.466151e+00 2.720365e-01 2.111601e-01 9.388331e-01 1.734676e+02
7.887250e-01 4.861607e-01 3.762455e-01 4.117838e+00 -5.703462e-01 8.070727e-01 1.527705e-01 1.465126e+00 -2.293865e-01 -3.350841e-01 9.138383e-01 1.733402e+02
7.977741e-01 -6.006874e-01 -5.226137e-02 4.049950e+00 5.753778e-01 7.843333e-01 -2.318659e-01 1.458014e+00 1.802692e-01 1.549066e-01 9.713429e-01 1.730881e+02
7.731163e-01 5.450924e-01 3.242922e-01 4.029678e+00 -5.728485e-01 8.195746e-01 -1.191955e-02 1.447028e+00 -2.722789e-01 -1.765551e-01 9.458819e-01 1.727338e+02
7.752205e-01 -6.307818e-01 -3.387590e-02 4.051904e+00 6.280814e-01 7.754064e-01 -6.525882e-02 1.431415e+00 6.743167e-02 2.931315e-02 9.972932e-01 1.722696e+02
7.956455e-01 5.791236e-01 1.776627e-01 4.156764e+00 -5.569138e-01 8.147015e-01 -1.615811e-01 1.411068e+00 -2.383176e-01 2.961848e-02 9.707355e-01 1.716374e+02
7.569700e-01 -6.454439e-01 1.019738e-01 4.342430e+00 6.237320e-01 7.602183e-01 1.817319e-01 1.385355e+00 -1.948201e-01 -7.396130e-02 9.780464e-01 1.711510e+02
8.665009e-01 4.852211e-01 1.172032e-01 4.513610e+00 -3.964256e-01 8.115902e-01 -4.291482e-01 1.356105e+00 -3.033527e-01 3.253950e-01 8.955977e-01 1.703857e+02
8.657606e-01 -4.979288e-01 -5.025322e-02 4.712989e+00 4.888404e-01 8.198774e-01 2.980539e-01 1.328046e+00 -1.072081e-01 -2.826091e-01 9.532253e-01 1.692064e+02
9.305953e-01 3.610676e-01 -6.018743e-02 5.076649e+00 -3.432314e-01 8.035645e-01 -4.862884e-01 1.291280e+00 -1.272185e-01 4.731959e-01 8.717231e-01 1.677707e+02
8.855693e-01 -4.633197e-01 3.319570e-02 5.420466e+00 4.234569e-01 8.346170e-01 3.522765e-01 1.262444e+00 -1.909223e-01 -2.979083e-01 9.353071e-01 1.665074e+02
9.429652e-01 3.255983e-01 6.929947e-02 5.580565e+00 -2.451549e-01 8.200547e-01 -5.171164e-01 1.237720e+00 -2.252016e-01 4.706336e-01 8.531050e-01 1.657491e+02
9.202513e-01 -3.311699e-01 2.084804e-01 5.636684e+00 1.886152e-01 8.421486e-01 5.051832e-01 1.216521e+00 -3.428729e-01 -4.255729e-01 8.374520e-01 1.651174e+02
9.794471e-01 7.111723e-02 1.887478e-01 5.705452e+00 6.270058e-02 7.820649e-01 -6.200348e-01 1.191525e+00 -1.917082e-01 6.191259e-01 7.615321e-01 1.643710e+02
9.716730e-01 -1.715109e-02 2.357062e-01 5.734511e+00 -1.160403e-01 8.342317e-01 5.390659e-01 1.171642e+00 -2.058792e-01 -5.511472e-01 8.086102e-01 1.636879e+02
9.453226e-01 -2.194203e-01 2.412882e-01 5.854723e+00 3.239172e-01 7.178414e-01 -6.162640e-01 1.143756e+00 -3.798586e-02 6.607257e-01 7.496657e-01 1.626890e+02
9.588678e-01 2.348956e-01 1.593632e-01 6.024630e+00 -2.819072e-01 8.536734e-01 4.379155e-01 1.113627e+00 -3.317968e-02 -4.648287e-01 8.847787e-01 1.613754e+02
8.600854e-01 -3.597066e-01 3.617517e-01 6.324503e+00 5.071677e-01 6.794651e-01 -5.301963e-01 1.070150e+00 -5.508254e-02 6.394829e-01 7.668296e-01 1.596038e+02
9.141130e-01 4.017949e-01 5.439019e-02 6.623690e+00 -4.039966e-01 8.911978e-01 2.062843e-01 1.021160e+00 3.441155e-02 -2.105406e-01 9.769793e-01 1.572719e+02
8.610108e-01 -4.740446e-01 1.842336e-01 7.047282e+00 5.085532e-01 8.066339e-01 -3.011900e-01 9.886039e-01 -5.831567e-03 3.530204e-01 9.355974e-01 1.561681e+02
9.039511e-01 4.236772e-01 -5.805226e-02 7.472395e+00 -4.000589e-01 8.857896e-01 2.352227e-01 9.598310e-01 1.510806e-01 -1.894055e-01 9.702063e-01 1.555451e+02
8.764379e-01 -4.428433e-01 1.890675e-01 7.430534e+00 4.770437e-01 8.519493e-01 -2.158975e-01 9.542234e-01 -6.546713e-02 2.794142e-01 9.579362e-01 1.551344e+02
9.071489e-01 4.207910e-01 3.983557e-03 7.450558e+00 -4.121166e-01 8.864546e-01 2.106137e-01 9.487005e-01 8.509312e-02 -1.926997e-01 9.775612e-01 1.550481e+02
7.918280e-01 -5.077902e-01 3.393487e-01 7.751425e+00 5.597872e-01 8.256078e-01 -7.078174e-02 9.257288e-01 -2.442266e-01 2.460100e-01 9.379938e-01 1.550503e+02
8.422988e-01 5.039584e-01 -1.912032e-01 8.466317e+00 -4.936615e-01 8.636841e-01 1.017262e-01 8.875367e-01 2.164050e-01 8.705782e-03 9.762649e-01 1.550424e+02
7.819530e-01 -5.195102e-01 3.444687e-01 8.834621e+00 5.385189e-01 8.413346e-01 4.640604e-02 8.630698e-01 -3.139219e-01 1.492156e-01 9.376501e-01 1.549965e+02
8.424373e-01 4.887146e-01 -2.268422e-01 8.807607e+00 -4.895271e-01 8.701443e-01 5.667504e-02 8.564596e-01 2.250833e-01 6.330021e-02 9.722811e-01 1.547921e+02
7.382804e-01 -5.215263e-01 4.277293e-01 8.847696e+00 5.190335e-01 8.442605e-01 1.335233e-01 8.414597e-01 -4.307509e-01 1.234282e-01 8.939906e-01 1.543592e+02
8.311267e-01 4.622360e-01 -3.091380e-01 8.856502e+00 -4.907551e-01 8.711345e-01 -1.685301e-02 8.285710e-01 2.615108e-01 1.657181e-01 9.508678e-01 1.539063e+02
5.792469e-01 -4.912787e-01 6.504754e-01 8.947433e+00 4.603153e-01 8.557087e-01 2.363736e-01 8.049382e-01 -6.727428e-01 1.625051e-01 7.218097e-01 1.531273e+02
8.351118e-01 2.659375e-01 -4.815241e-01 9.121386e+00 -3.933706e-01 9.006083e-01 -1.848360e-01 7.745898e-01 3.845098e-01 3.437762e-01 8.567206e-01 1.519024e+02
6.641761e-01 -3.812479e-01 6.430553e-01 9.229323e+00 2.598741e-01 9.242863e-01 2.795717e-01 7.505952e-01 -7.009533e-01 -1.857148e-02 7.129653e-01 1.508988e+02
8.409855e-01 1.681650e-01 -5.142606e-01 9.259761e+00 -2.921500e-01 9.411411e-01 -1.700051e-01 7.342541e-01 4.554029e-01 2.932131e-01 8.406154e-01 1.503903e+02
6.100100e-01 -3.052209e-01 7.312510e-01 9.326035e+00 1.603836e-01 9.512958e-01 2.632745e-01 7.157675e-01 -7.759929e-01 -4.331945e-02 6.292523e-01 1.498385e+02
7.774278e-01 9.505530e-02 -6.217479e-01 9.356697e+00 -2.336664e-01 9.614157e-01 -1.451892e-01 7.011021e-01 5.839572e-01 2.581557e-01 7.696425e-01 1.493889e+02
5.093632e-01 -2.224021e-01 8.313161e-01 9.596402e+00 9.786137e-02 9.747303e-01 2.008083e-01 6.781384e-01 -8.549692e-01 -2.093060e-02 5.182563e-01 1.489539e+02
6.387460e-01 -3.570053e-02 -7.685889e-01 1.013217e+01 -9.699037e-02 9.872186e-01 -1.264609e-01 6.480416e-01 7.632800e-01 1.553221e-01 6.271194e-01 1.486454e+02
1.987461e-01 4.866585e-02 9.788420e-01 1.056262e+01 7.657713e-02 9.949417e-01 -6.501468e-02 6.019948e-01 -9.770547e-01 8.787833e-02 1.940141e-01 1.474651e+02
7.794176e-01 -3.662333e-01 -5.083123e-01 1.102143e+01 2.823651e-01 9.296172e-01 -2.368160e-01 5.388058e-01 5.592658e-01 4.104890e-02 8.279715e-01 1.451482e+02
1.485591e-01 6.249413e-01 7.664062e-01 1.161049e+01 1.373722e-01 7.544504e-01 -6.418204e-01 4.537262e-01 -9.793156e-01 2.006311e-01 2.623089e-02 1.418204e+02
4.718821e-01 -2.993901e-01 -8.292725e-01 1.207302e+01 7.306493e-01 6.592031e-01 1.777720e-01 4.112150e-01 4.934358e-01 -6.897948e-01 5.298153e-01 1.396800e+02
3.188490e-01 7.452935e-01 5.855535e-01 1.216037e+01 6.711911e-02 5.984932e-01 -7.983113e-01 3.887671e-01 -9.454260e-01 2.938426e-01 1.408055e-01 1.390652e+02
7.330291e-01 -1.509771e-01 -6.632302e-01 1.241804e+01 5.965039e-01 6.112652e-01 5.201327e-01 3.494131e-01 3.268814e-01 -7.768918e-01 5.381336e-01 1.376006e+02
6.902759e-01 6.168337e-01 3.782003e-01 1.265304e+01 1.940851e-01 3.456955e-01 -9.180554e-01 3.073843e-01 -6.970296e-01 7.071145e-01 1.189070e-01 1.356824e+02
9.451085e-01 -5.556697e-02 -3.219973e-01 1.284321e+01 3.050659e-01 5.031040e-01 8.085921e-01 2.649447e-01 1.170671e-01 -8.624376e-01 4.924395e-01 1.338445e+02
9.299426e-01 2.598854e-01 2.601275e-01 1.297761e+01 1.824886e-01 2.879710e-01 -9.400908e-01 2.350538e-01 -3.192250e-01 9.217008e-01 2.203703e-01 1.324846e+02
9.765912e-01 5.654748e-02 2.075378e-01 1.311517e+01 -2.089050e-01 4.792849e-01 8.524346e-01 1.977543e-01 -5.126671e-02 -8.758358e-01 4.798785e-01 1.311100e+02
9.079984e-01 -2.954870e-01 2.970294e-01 1.334131e+01 3.731602e-01 2.480092e-01 -8.940038e-01 1.616242e-01 1.905005e-01 9.225936e-01 3.354559e-01 1.296459e+02
6.766146e-01 4.130326e-01 6.095874e-01 1.371471e+01 -7.162106e-01 5.613942e-01 4.145828e-01 1.038071e-01 -1.709826e-01 -7.171057e-01 6.756659e-01 1.276186e+02
4.828160e-01 -7.318376e-01 4.809392e-01 1.403551e+01 8.200466e-01 1.851395e-01 -5.415228e-01 4.631059e-02 3.072659e-01 6.558484e-01 6.895292e-01 1.250116e+02
4.640472e-01 8.575804e-01 2.218466e-01 1.432044e+01 -8.847915e-01 4.607509e-01 6.966114e-02 -5.875911e-03 -4.247600e-02 -2.286141e-01 9.725900e-01 1.227506e+02
3.325463e-01 -8.980165e-01 2.880613e-01 1.449511e+01 9.427190e-01 3.250613e-01 -7.494009e-02 -3.767554e-02 -2.634013e-02 2.964819e-01 9.546752e-01 1.212192e+02
4.732289e-01 8.797006e-01 -4.670448e-02 1.467265e+01 -8.375134e-01 4.328279e-01 -3.335138e-01 -8.183379e-02 -2.731773e-01 1.969440e-01 9.415876e-01 1.194814e+02
3.946432e-01 -9.084758e-01 1.375808e-01 1.483280e+01 8.207437e-01 4.158548e-01 3.917200e-01 -1.166082e-01 -4.130818e-01 -4.167111e-02 9.097400e-01 1.177607e+02
5.808647e-01 7.588499e-01 -2.945217e-01 1.486327e+01 -8.016844e-01 4.706157e-01 -3.685416e-01 -1.334031e-01 -1.410612e-01 4.501862e-01 8.817222e-01 1.172670e+02
5.279357e-01 -8.432565e-01 1.010067e-01 1.489255e+01 6.009006e-01 4.549292e-01 6.572351e-01 -1.503576e-01 -6.001686e-01 -2.862829e-01 7.468867e-01 1.167739e+02
6.908718e-01 5.368310e-01 -4.842608e-01 1.509554e+01 -7.228452e-01 5.000995e-01 -4.768598e-01 -1.690372e-01 -1.381449e-02 6.794946e-01 7.335504e-01 1.165641e+02
4.820341e-01 -6.911989e-01 5.384118e-01 1.576822e+01 2.570361e-01 6.990409e-01 6.672887e-01 -2.298355e-01 -8.376011e-01 -1.832647e-01 5.146246e-01 1.145353e+02
8.552933e-01 -2.007426e-01 -4.776775e-01 1.627316e+01 -3.367291e-01 4.853376e-01 -8.068835e-01 -3.036880e-01 3.938107e-01 8.509699e-01 3.475101e-01 1.110571e+02
4.459250e-01 -1.371474e-02 8.949652e-01 1.714401e+01 -3.975717e-01 8.927978e-01 2.117755e-01 -4.011689e-01 -8.019274e-01 -4.502489e-01 3.926683e-01 1.066661e+02
5.777044e-01 -8.115494e-01 -8.743714e-02 1.812264e+01 4.097857e-01 3.810033e-01 -8.288016e-01 -5.025473e-01 7.059273e-01 4.429718e-01 5.526686e-01 1.017320e+02
2.766274e-01 7.792666e-01 5.623351e-01 1.896308e+01 -7.690842e-01 5.303831e-01 -3.566558e-01 -5.966236e-01 -5.761830e-01 -3.338223e-01 7.460401e-01 9.730700e+01
2.319622e-01 -9.398028e-01 2.509268e-01 2.021924e+01 9.598692e-01 1.793488e-01 -2.156041e-01 -7.160167e-01 1.576219e-01 2.908690e-01 9.436899e-01 9.171504e+01
4.352456e-01 7.575069e-01 -4.865641e-01 2.170748e+01 -8.973473e-01 4.088232e-01 -1.662270e-01 -8.383880e-01 7.300061e-02 5.089666e-01 8.576852e-01 8.581921e+01
2.901319e-01 -6.540531e-01 6.985972e-01 2.315203e+01 8.366584e-01 5.277367e-01 1.466173e-01 -9.474266e-01 -4.645709e-01 5.419489e-01 7.003323e-01 8.047227e+01
5.028355e-01 3.047522e-01 -8.088773e-01 2.438269e+01 -5.963058e-01 7.997539e-01 -6.937626e-02 -1.048901e+00 6.257603e-01 5.172231e-01 5.838702e-01 7.560132e+01
4.880722e-01 -1.907578e-01 8.517024e-01 2.542992e+01 4.020262e-01 9.152762e-01 -2.538648e-02 -1.129566e+00 -7.747002e-01 3.547971e-01 5.234105e-01 7.172248e+01
5.315844e-01 -2.787311e-02 -8.465466e-01 2.609494e+01 -1.078050e-01 9.891034e-01 -1.002625e-01 -1.189462e+00 8.401167e-01 1.445599e-01 5.227871e-01 6.852590e+01
3.969020e-01 8.794672e-02 9.136379e-01 2.635779e+01 5.957277e-02 9.908319e-01 -1.212570e-01 -1.223618e+00 -9.159257e-01 1.025551e-01 3.880239e-01 6.670212e+01
6.483726e-01 -9.681867e-02 -7.551418e-01 2.643891e+01 1.501324e-01 9.886636e-01 2.146103e-03 -1.245594e+00 7.463734e-01 -1.147627e-01 6.555580e-01 6.580848e+01
3.707354e-01 2.123225e-01 9.041429e-01 2.643732e+01 1.428097e-02 9.720988e-01 -2.341365e-01 -1.263826e+00 -9.286287e-01 9.971473e-02 3.573593e-01 6.497674e+01
5.016787e-01 -1.107768e-02 -8.649831e-01 2.631004e+01 1.977892e-01 9.748992e-01 1.022298e-01 -1.267526e+00 8.421389e-01 -2.223708e-01 4.912773e-01 6.453233e+01
2.175315e-01 2.828822e-01 9.341615e-01 2.633303e+01 1.233841e-01 9.414330e-01 -3.138157e-01 -1.286260e+00 -9.682233e-01 1.835254e-01 1.698881e-01 6.384662e+01
5.532434e-01 -5.726725e-02 -8.310488e-01 2.647470e+01 3.100823e-01 9.400987e-01 1.416453e-01 -1.312204e+00 7.731563e-01 -3.360579e-01 5.378610e-01 6.288991e+01
3.751970e-01 3.653752e-01 8.518968e-01 2.655566e+01 7.945368e-02 9.029779e-01 -4.222771e-01 -1.332092e+00 -9.235336e-01 2.261234e-01 3.097642e-01 6.209178e+01
