9.996761e-01 -9.906033e-04 -2.543004e-02 8.922066e-02 1.052400e-03 9.999965e-01 2.416803e-03 -2.602057e-02 2.542756e-02 -2.442783e-03 9.996737e-01 1.143274e+00
9.999696e-01 1.940477e-04 7.795831e-03 1.327738e-01 -1.879206e-04 9.999997e-01 -7.866630e-04 -4.544628e-02 -7.795981e-03 7.851748e-04 9.999693e-01 1.938817e+00
9.998257e-01 -7.027846e-04 -1.865553e-02 1.117740e-01 7.695009e-04 9.999933e-01 3.569286e-03 -4.811425e-02 1.865290e-02 -3.583020e-03 9.998196e-01 2.090138e+00
9.999606e-01 2.115616e-04 8.875848e-03 9.324139e-02 -2.057094e-04 9.999998e-01 -6.602450e-04 -5.163323e-02 -8.875985e-03 6.583939e-04 9.999604e-01 2.294155e+00
9.998772e-01 -1.008379e-03 -1.563742e-02 -7.140652e-02 1.070137e-03 9.999917e-01 3.941465e-03 -4.719186e-02 1.563332e-02 -3.957716e-03 9.998700e-01 2.581352e+00
9.999871e-01 5.288677e-04 5.052796e-03 -1.122232e-01 -5.213351e-04 9.999988e-01 -1.491970e-03 -5.181700e-02 -5.053578e-03 1.489317e-03 9.999861e-01 2.884272e+00
9.998545e-01 -1.120316e-03 -1.702257e-02 -1.293643e-01 1.188384e-03 9.999913e-01 3.989138e-03 -6.096154e-02 1.701795e-02 -4.008788e-03 9.998471e-01 3.320329e+00
9.999980e-01 4.050478e-04 1.947763e-03 -1.085119e-01 -4.006997e-04 9.999974e-01 -2.232230e-03 -7.776172e-02 -1.948662e-03 2.231446e-03 9.999956e-01 4.038527e+00
9.998503e-01 -1.033684e-03 -1.726888e-02 -8.850148e-02 1.100585e-03 9.999919e-01 3.865030e-03 -9.480525e-02 1.726474e-02 -3.883458e-03 9.998434e-01 4.722289e+00
9.999993e-01 4.658526e-04 1.116889e-03 -6.966098e-02 -4.636310e-04 9.999979e-01 -1.988532e-03 -1.115007e-01 -1.117812e-03 1.988014e-03 9.999974e-01 5.403045e+00
9.998432e-01 -9.636773e-04 -1.768012e-02 -2.808833e-02 1.030051e-03 9.999925e-01 3.745440e-03 -1.291849e-01 1.767638e-02 -3.763065e-03 9.998367e-01 6.066437e+00
9.999951e-01 3.988595e-04 3.090321e-03 -1.421895e-03 -3.935356e-04 9.999984e-01 -1.723184e-03 -1.444250e-01 -3.091003e-03 1.721960e-03 9.999937e-01 6.642357e+00
9.995979e-01 -1.614167e-03 -2.830933e-02 1.001798e-01 1.726644e-03 9.999907e-01 3.949144e-03 -1.749458e-01 2.830270e-02 -3.996437e-03 9.995914e-01 7.923311e+00
9.999922e-01 2.362239e-04 3.933007e-03 2.141233e-01 -2.272548e-04 9.999974e-01 -2.280747e-03 -2.057501e-01 -3.933535e-03 2.279836e-03 9.999897e-01 9.148484e+00
9.998053e-01 -7.888806e-04 -1.971498e-02 2.481775e-01 8.683616e-04 9.999915e-01 4.023271e-03 -2.219785e-01 1.971164e-02 -4.039608e-03 9.997975e-01 9.763313e+00
9.999999e-01 -1.121568e-06 4.915614e-04 3.043558e-01 2.196701e-06 9.999976e-01 -2.186964e-03 -2.449757e-01 -4.915574e-04 2.186966e-03 9.999975e-01 1.069634e+01
9.998142e-01 -7.474230e-04 -1.926226e-02 3.552845e-01 8.246190e-04 9.999917e-01 4.000005e-03 -2.672239e-01 1.925911e-02 -4.015147e-03 9.998065e-01 1.161058e+01
9.999972e-01 -4.637574e-04 -2.329884e-03 3.416745e-01 4.598328e-04 9.999985e-01 -1.684781e-03 -2.876578e-01 2.330662e-03 1.683705e-03 9.999959e-01 1.277683e+01
9.998192e-01 -1.337835e-03 -1.896805e-02 2.320906e-01 1.429680e-03 9.999873e-01 4.829352e-03 -3.063198e-01 1.896135e-02 -4.855598e-03 9.998084e-01 1.422808e+01
9.999990e-01 -2.842610e-05 -1.437825e-03 2.016056e-01 2.477307e-05 9.999968e-01 -2.540706e-03 -3.270829e-01 1.437893e-03 2.540669e-03 9.999957e-01 1.540429e+01
9.998148e-01 -9.477322e-04 -1.921924e-02 2.289423e-01 1.036769e-03 9.999888e-01 4.623267e-03 -3.493800e-01 1.921464e-02 -4.642337e-03 9.998046e-01 1.646528e+01
9.999850e-01 -4.015486e-04 -5.471170e-03 2.570646e-01 3.894695e-04 9.999975e-01 -2.208689e-03 -3.772322e-01 5.472043e-03 2.206525e-03 9.999826e-01 1.781664e+01
9.997204e-01 -1.641264e-03 -2.358789e-02 2.996924e-01 1.757174e-03 9.999865e-01 4.894072e-03 -4.126237e-01 2.357953e-02 -4.934152e-03 9.997098e-01 1.956672e+01
9.999909e-01 -3.052797e-04 -4.254690e-03 3.826125e-01 2.923171e-04 9.999953e-01 -3.046992e-03 -4.470759e-01 4.255601e-03 3.045722e-03 9.999863e-01 2.114040e+01
9.999102e-01 -5.482367e-04 -1.338639e-02 4.219449e-01 6.137757e-04 9.999878e-01 4.892343e-03 -4.674423e-01 1.338354e-02 -4.900121e-03 9.998984e-01 2.198142e+01
9.999740e-01 -3.597559e-04 -7.195726e-03 4.876415e-01 3.382916e-04 9.999955e-01 -2.983938e-03 -4.918406e-01 7.196767e-03 2.981427e-03 9.999697e-01 2.297880e+01
9.999426e-01 -2.486761e-04 -1.070813e-02 6.176623e-01 2.996022e-04 9.999887e-01 4.754510e-03 -5.097618e-01 1.070682e-02 -4.757446e-03 9.999314e-01 2.349079e+01
9.999740e-01 -2.192532e-04 -7.211868e-03 8.077011e-01 2.020226e-04 9.999971e-01 -2.389862e-03 -5.240621e-01 7.212371e-03 2.388344e-03 9.999711e-01 2.370652e+01
9.999416e-01 -3.585214e-04 -1.080500e-02 9.533862e-01 4.037358e-04 9.999912e-01 4.182707e-03 -5.420953e-01 1.080341e-02 -4.186826e-03 9.999329e-01 2.420756e+01
9.999766e-01 -2.169292e-04 -6.843909e-03 1.097186e+00 2.033251e-04 9.999980e-01 -1.988431e-03 -5.572013e-01 6.844327e-03 1.986993e-03 9.999746e-01 2.458329e+01
9.999508e-01 -3.508870e-04 -9.915760e-03 1.227252e+00 3.908318e-04 9.999918e-01 4.026789e-03 -5.734907e-01 9.914266e-03 -4.030467e-03 9.999427e-01 2.499447e+01
9.999655e-01 -3.718765e-04 -8.301485e-03 1.317540e+00 3.535504e-04 9.999975e-01 -2.208957e-03 -5.947328e-01 8.302286e-03 2.205947e-03 9.999631e-01 2.576236e+01
9.999443e-01 -4.072867e-04 -1.054189e-02 1.393313e+00 4.491894e-04 9.999920e-01 3.972833e-03 -6.169614e-01 1.054018e-02 -3.977348e-03 9.999365e-01 2.662828e+01
9.999668e-01 -3.585932e-04 -8.134593e-03 1.422292e+00 3.415978e-04 9.999978e-01 -2.090588e-03 -6.371507e-01 8.135324e-03 2.087740e-03 9.999647e-01 2.751862e+01
9.999605e-01 -4.713557e-04 -8.873307e-03 1.459671e+00 5.050109e-04 9.999927e-01 3.791029e-03 -6.572358e-01 8.871455e-03 -3.795362e-03 9.999534e-01 2.836078e+01
9.999590e-01 -3.376311e-04 -9.053388e-03 1.496822e+00 3.188483e-04 9.999978e-01 -2.076063e-03 -6.780609e-01 9.054069e-03 2.073092e-03 9.999569e-01 2.923584e+01
9.999672e-01 -5.448297e-04 -8.076651e-03 1.506869e+00 5.767835e-04 9.999920e-01 3.954536e-03 -6.961231e-01 8.074432e-03 -3.959065e-03 9.999596e-01 3.005504e+01
9.999514e-01 -2.119489e-04 -9.853718e-03 1.522185e+00 1.918023e-04 9.999979e-01 -2.045494e-03 -7.151019e-01 9.854131e-03 2.043505e-03 9.999494e-01 3.094032e+01
9.999708e-01 -5.684737e-04 -7.623359e-03 1.543402e+00 5.975154e-04 9.999926e-01 3.807868e-03 -7.338987e-01 7.621137e-03 -3.812312e-03 9.999637e-01 3.178460e+01
9.999404e-01 -5.369668e-04 -1.090580e-02 1.539128e+00 5.183688e-04 9.999984e-01 -1.708114e-03 -7.542319e-01 1.090670e-02 1.702359e-03 9.999391e-01 3.280948e+01
9.999745e-01 -6.758026e-04 -7.105660e-03 1.544288e+00 7.012614e-04 9.999933e-01 3.581045e-03 -7.746894e-01 7.103193e-03 -3.585938e-03 9.999683e-01 3.378392e+01
9.999633e-01 -1.112726e-04 -8.562471e-03 1.563690e+00 9.455786e-05 9.999981e-01 -1.952506e-03 -7.921066e-01 8.562672e-03 1.951625e-03 9.999614e-01 3.453000e+01
9.999792e-01 -7.597746e-04 -6.399789e-03 1.574900e+00 7.823600e-04 9.999935e-01 3.527364e-03 -8.090753e-01 6.397067e-03 -3.532299e-03 9.999733e-01 3.527690e+01
9.999689e-01 -1.036778e-04 -7.891437e-03 1.573632e+00 8.852932e-05 9.999982e-01 -1.919972e-03 -8.245904e-01 7.891622e-03 1.919214e-03 9.999670e-01 3.598186e+01
9.999900e-01 -6.201600e-04 -4.437344e-03 1.546006e+00 6.388359e-04 9.999909e-01 4.208682e-03 -8.338378e-01 4.434693e-03 -4.211475e-03 9.999813e-01 3.647015e+01
9.999602e-01 -8.088501e-05 -8.923180e-03 1.556236e+00 5.761249e-05 9.999966e-01 -2.608354e-03 -8.479501e-01 8.923361e-03 2.607737e-03 9.999568e-01 3.703454e+01
9.999867e-01 -5.626206e-04 -5.129029e-03 1.586542e+00 5.845636e-04 9.999907e-01 4.277761e-03 -8.620910e-01 5.126574e-03 -4.280703e-03 9.999777e-01 3.757246e+01
9.999692e-01 -2.423720e-04 -7.839411e-03 1.553899e+00 2.234598e-04 9.999971e-01 -2.413278e-03 -8.741682e-01 7.839973e-03 2.411452e-03 9.999664e-01 3.821405e+01
9.999564e-01 -8.294523e-04 -9.300715e-03 1.551714e+00 8.702043e-04 9.999900e-01 4.378430e-03 -8.922656e-01 9.296991e-03 -4.386333e-03 9.999472e-01 3.910825e+01
9.999765e-01 -1.572642e-04 -6.858092e-03 1.549591e+00 1.394673e-04 9.999966e-01 -2.595477e-03 -9.103875e-01 6.858477e-03 2.594460e-03 9.999731e-01 3.997568e+01
9.999954e-01 -4.011966e-04 -3.017064e-03 1.523288e+00 4.155032e-04 9.999887e-01 4.742859e-03 -9.158027e-01 3.015127e-03 -4.744092e-03 9.999842e-01 4.021904e+01
9.999670e-01 5.526671e-05 -8.117761e-03 1.544949e+00 -7.613737e-05 9.999967e-01 -2.570739e-03 -9.237575e-01 8.117592e-03 2.571273e-03 9.999637e-01 4.045861e+01
9.999762e-01 -7.457029e-04 -6.855550e-03 1.546935e+00 7.757236e-04 9.999901e-01 4.377464e-03 -9.390932e-01 6.852218e-03 -4.382679e-03 9.999669e-01 4.113913e+01
9.999632e-01 3.102211e-04 -8.572859e-03 1.674603e+00 -3.312829e-04 9.999969e-01 -2.455518e-03 -9.547280e-01 8.572072e-03 2.458268e-03 9.999602e-01 4.148398e+01
9.999898e-01 -5.479762e-04 -4.489946e-03 1.911995e+00 5.756350e-04 9.999809e-01 6.161240e-03 -9.592209e-01 4.486483e-03 -6.163762e-03 9.999709e-01 4.118216e+01
9.999851e-01 1.723157e-04 -5.460075e-03 1.887585e+00 -1.891984e-04 9.999952e-01 -3.091723e-03 -9.621925e-01 5.459517e-03 3.092711e-03 9.999803e-01 4.138427e+01
9.999719e-01 -9.512323e-04 -7.438243e-03 1.879293e+00 9.890986e-04 9.999866e-01 5.088786e-03 -9.732578e-01 7.433302e-03 -5.096001e-03 9.999594e-01 4.188463e+01
9.999912e-01 2.736736e-04 -4.188836e-03 1.861078e+00 -2.868490e-04 9.999950e-01 -3.145145e-03 -9.816621e-01 4.187955e-03 3.146319e-03 9.999863e-01 4.229282e+01
9.999867e-01 -7.064301e-04 -5.104874e-03 1.863593e+00 7.366145e-04 9.999822e-01 5.913460e-03 -9.823957e-01 5.100606e-03 -5.917143e-03 9.999695e-01 4.225181e+01
9.999944e-01 5.634955e-04 -3.307882e-03 1.936451e+00 -5.710989e-04 9.999972e-01 -2.298177e-03 -9.802257e-01 3.306578e-03 2.300054e-03 9.999919e-01 4.191853e+01
9.999762e-01 -1.002508e-03 -6.827156e-03 1.920692e+00 1.035185e-03 9.999880e-01 4.784581e-03 -9.862058e-01 6.822277e-03 -4.791535e-03 9.999652e-01 4.217855e+01
9.999824e-01 5.200846e-04 -5.908383e-03 1.939969e+00 -5.384695e-04 9.999950e-01 -3.110562e-03 -9.996142e-01 5.906736e-03 3.113689e-03 9.999777e-01 4.264783e+01
9.999835e-01 -8.274109e-04 -5.683827e-03 2.014164e+00 8.594624e-04 9.999837e-01 5.639022e-03 -1.005821e+00 5.679068e-03 -5.643815e-03 9.999679e-01 4.266982e+01
9.999970e-01 2.188070e-04 -2.450915e-03 1.929675e+00 -2.243795e-04 9.999974e-01 -2.273750e-03 -1.003963e+00 2.450411e-03 2.274293e-03 9.999944e-01 4.281630e+01
9.999867e-01 -3.856440e-04 -5.146442e-03 1.981699e+00 4.171849e-04 9.999811e-01 6.129090e-03 -1.000653e+00 5.143981e-03 -6.131156e-03 9.999680e-01 4.250383e+01
9.999974e-01 1.434459e-04 -2.277845e-03 1.962889e+00 -1.504784e-04 9.999952e-01 -3.087617e-03 -9.990044e-01 2.277391e-03 3.087952e-03 9.999926e-01 4.240252e+01
9.999963e-01 -5.481686e-04 -2.659729e-03 1.914017e+00 5.672698e-04 9.999740e-01 7.186316e-03 -9.888882e-01 2.655720e-03 -7.187799e-03 9.999706e-01 4.208670e+01
9.999973e-01 1.067666e-04 -2.331224e-03 1.890329e+00 -1.124489e-04 9.999970e-01 -2.437639e-03 -9.762142e-01 2.330957e-03 2.437896e-03 9.999943e-01 4.166110e+01
9.999968e-01 -5.759592e-04 -2.469036e-03 1.819907e+00 5.929169e-04 9.999762e-01 6.873065e-03 -9.630805e-01 2.465018e-03 -6.874508e-03 9.999733e-01 4.130691e+01
9.999992e-01 2.627658e-04 -1.210332e-03 1.688830e+00 -2.668766e-04 9.999942e-01 -3.397858e-03 -9.566563e-01 1.209433e-03 3.398179e-03 9.999935e-01 4.122735e+01
9.999184e-01 -9.577773e-04 -1.273964e-02 1.682109e+00 1.022310e-03 9.999867e-01 5.059974e-03 -9.703702e-01 1.273463e-02 -5.072586e-03 9.999060e-01 4.184100e+01
9.999995e-01 4.969618e-04 -8.084161e-04 1.698925e+00 -4.998174e-04 9.999936e-01 -3.536331e-03 -9.856154e-01 8.066538e-04 3.536734e-03 9.999934e-01 4.241200e+01
9.999070e-01 -1.347075e-03 -1.357168e-02 1.690806e+00 1.416902e-03 9.999858e-01 5.136715e-03 -1.000788e+00 1.356457e-02 -5.155468e-03 9.998947e-01 4.312548e+01
9.999990e-01 5.246797e-04 -1.347603e-03 1.681158e+00 -5.293061e-04 9.999940e-01 -3.435293e-03 -1.015867e+00 1.345793e-03 3.436004e-03 9.999932e-01 4.385375e+01
9.998584e-01 -1.515955e-03 -1.676166e-02 1.695278e+00 1.602345e-03 9.999855e-01 5.141800e-03 -1.036920e+00 1.675362e-02 -5.167930e-03 9.998463e-01 4.480015e+01
9.999997e-01 6.538761e-04 -3.337329e-04 1.702143e+00 -6.550170e-04 9.999939e-01 -3.431038e-03 -1.055942e+00 3.314876e-04 3.431256e-03 9.999941e-01 4.567001e+01
9.998214e-01 -1.495223e-03 -1.883888e-02 1.735769e+00 1.594037e-03 9.999850e-01 5.231302e-03 -1.077835e+00 1.883078e-02 -5.260398e-03 9.998088e-01 4.658486e+01
9.999987e-01 7.841209e-04 1.391655e-03 1.763422e+00 -7.792907e-04 9.999937e-01 -3.467690e-03 -1.098309e+00 -1.394365e-03 3.466602e-03 9.999930e-01 4.745127e+01
9.998729e-01 -1.366356e-03 -1.588754e-02 1.778458e+00 1.445728e-03 9.999865e-01 4.985493e-03 -1.113728e+00 1.588051e-02 -5.007829e-03 9.998614e-01 4.809419e+01
9.999942e-01 8.151938e-04 3.303169e-03 1.785050e+00 -8.034885e-04 9.999934e-01 -3.543335e-03 -1.127719e+00 -3.306036e-03 3.540661e-03 9.999883e-01 4.863348e+01
9.999019e-01 -1.085172e-03 -1.396544e-02 1.795252e+00 1.159505e-03 9.999852e-01 5.315656e-03 -1.136210e+00 1.395946e-02 -5.331328e-03 9.998883e-01 4.887062e+01
9.999985e-01 6.672188e-04 1.569892e-03 1.800524e+00 -6.614951e-04 9.999931e-01 -3.643345e-03 -1.149266e+00 -1.572312e-03 3.642302e-03 9.999921e-01 4.937473e+01
9.999123e-01 -1.413720e-03 -1.316791e-02 1.759831e+00 1.483070e-03 9.999851e-01 5.258370e-03 -1.159370e+00 1.316028e-02 -5.277439e-03 9.998995e-01 4.991135e+01
9.999840e-01 8.219511e-04 5.598159e-03 1.654491e+00 -8.051525e-04 9.999952e-01 -3.002241e-03 -1.160430e+00 -5.600599e-03 2.997686e-03 9.999798e-01 5.018336e+01
9.998449e-01 -1.205220e-03 -1.757225e-02 1.663579e+00 1.288972e-03 9.999879e-01 4.755617e-03 -1.170548e+00 1.756630e-02 -4.777530e-03 9.998343e-01 5.053671e+01
9.999988e-01 4.565378e-04 -1.512250e-03 1.698161e+00 -4.608827e-04 9.999958e-01 -2.874325e-03 -1.190885e+00 1.510931e-03 2.875019e-03 9.999947e-01 5.141781e+01
9.997436e-01 -1.685055e-03 -2.257984e-02 1.751686e+00 1.799554e-03 9.999856e-01 5.051485e-03 -1.219968e+00 2.257100e-02 -5.090824e-03 9.997323e-01 5.272052e+01
9.999999e-01 4.125663e-04 -4.659323e-05 1.789196e+00 -4.127072e-04 9.999952e-01 -3.075434e-03 -1.247915e+00 4.532433e-05 3.075453e-03 9.999953e-01 5.399660e+01
9.997681e-01 -1.604368e-03 -2.147489e-02 1.793318e+00 1.716122e-03 9.999851e-01 5.186533e-03 -1.271809e+00 2.146625e-02 -5.222184e-03 9.997559e-01 5.518234e+01
9.999867e-01 1.500576e-04 -5.164954e-03 1.930185e+00 -1.663827e-04 9.999950e-01 -3.160535e-03 -1.308184e+00 5.164454e-03 3.161353e-03 9.999817e-01 5.659796e+01
9.997075e-01 -1.966666e-03 -2.410329e-02 2.048253e+00 2.084839e-03 9.999859e-01 4.878657e-03 -1.348947e+00 2.409336e-02 -4.927482e-03 9.996976e-01 5.829066e+01
9.999566e-01 3.148515e-04 -9.313663e-03 2.174086e+00 -3.401606e-04 9.999963e-01 -2.716003e-03 -1.390405e+00 9.312773e-03 2.719054e-03 9.999529e-01 6.018613e+01
9.998220e-01 -1.964611e-03 -1.876314e-02 2.301805e+00 2.049578e-03 9.999877e-01 4.510308e-03 -1.428127e+00 1.875405e-02 -4.547962e-03 9.998138e-01 6.177026e+01
9.999980e-01 1.457315e-03 1.375570e-03 2.392802e+00 -1.453087e-03 9.999942e-01 -3.068691e-03 -1.446097e+00 -1.380034e-03 3.066686e-03 9.999943e-01 6.235057e+01
9.998722e-01 -1.798542e-03 -1.588513e-02 2.546673e+00 1.884425e-03 9.999837e-01 5.393238e-03 -1.458259e+00 1.587517e-02 -5.422484e-03 9.998593e-01 6.249765e+01
9.999988e-01 1.461950e-03 4.471309e-04 2.676526e+00 -1.460226e-03 9.999916e-01 -3.831671e-03 -1.473740e+00 -4.527287e-04 3.831015e-03 9.999926e-01 6.284020e+01
9.999155e-01 -1.530502e-03 -1.290613e-02 2.840574e+00 1.612383e-03 9.999786e-01 6.336427e-03 -1.481490e+00 1.289616e-02 -6.356701e-03 9.998966e-01 6.271019e+01
9.999986e-01 1.414612e-03 8.655775e-04 3.037055e+00 -1.412205e-03 9.999952e-01 -2.774398e-03 -1.484873e+00 -8.694979e-04 2.773172e-03 9.999958e-01 6.240515e+01
9.999014e-01 -1.647741e-03 -1.394494e-02 3.221175e+00 1.725197e-03 9.999831e-01 5.544257e-03 -1.492616e+00 1.393557e-02 -5.567768e-03 9.998874e-01 6.228280e+01
9.999988e-01 1.483619e-03 -3.411460e-04 3.400702e+00 -1.484777e-03 9.999930e-01 -3.421601e-03 -1.503932e+00 3.360674e-04 3.422104e-03 9.999941e-01 6.229345e+01
9.999171e-01 -1.757565e-03 -1.275741e-02 3.542023e+00 1.833584e-03 9.999806e-01 5.949640e-03 -1.512984e+00 1.274670e-02 -5.972539e-03 9.999009e-01 6.233575e+01
9.999969e-01 1.352371e-03 -2.070411e-03 3.590050e+00 -1.361930e-03 9.999884e-01 -4.622767e-03 -1.529943e+00 2.064135e-03 4.625573e-03 9.999872e-01 6.292213e+01
9.999013e-01 -1.754775e-03 -1.394294e-02 3.669918e+00 1.838216e-03 9.999805e-01 5.973931e-03 -1.547298e+00 1.393218e-02 -5.998972e-03 9.998849e-01 6.346278e+01
9.999987e-01 1.513465e-03 -5.142601e-04 3.810010e+00 -1.515636e-03 9.999898e-01 -4.249364e-03 -1.560844e+00 5.078236e-04 4.250139e-03 9.999908e-01 6.367014e+01
9.999389e-01 -1.545468e-03 -1.094991e-02 3.951133e+00 1.621809e-03 9.999744e-01 6.966404e-03 -1.567408e+00 1.093886e-02 -6.983737e-03 9.999158e-01 6.352141e+01
9.999983e-01 1.508522e-03 -1.031082e-03 4.113471e+00 -1.512971e-03 9.999895e-01 -4.327922e-03 -1.574039e+00 1.024543e-03 4.329475e-03 9.999901e-01 6.333320e+01
9.999261e-01 -1.584831e-03 -1.205574e-02 4.291299e+00 1.665692e-03 9.999762e-01 6.700228e-03 -1.583242e+00 1.204484e-02 -6.719815e-03 9.999049e-01 6.323225e+01
9.999983e-01 1.465935e-03 1.106938e-03 4.529242e+00 -1.463845e-03 9.999972e-01 -1.885951e-03 -1.579399e+00 -1.109699e-03 1.884327e-03 9.999976e-01 6.259617e+01
9.999406e-01 -1.671189e-03 -1.077013e-02 4.748653e+00 1.757518e-03 9.999664e-01 8.011162e-03 -1.569313e+00 1.075638e-02 -8.029616e-03 9.999099e-01 6.180245e+01
9.999977e-01 1.476636e-03 1.547263e-03 4.936563e+00 -1.474539e-03 9.999980e-01 -1.355494e-03 -1.556650e+00 -1.549261e-03 1.353210e-03 9.999979e-01 6.095919e+01
9.999455e-01 -1.697545e-03 -1.029914e-02 5.109381e+00 1.779763e-03 9.999666e-01 7.979083e-03 -1.543761e+00 1.028525e-02 -7.996978e-03 9.999151e-01 6.013990e+01
9.999968e-01 1.380826e-03 2.142165e-03 5.293459e+00 -1.380153e-03 9.999990e-01 -3.151405e-04 -1.526787e+00 -2.142598e-03 3.121834e-04 9.999977e-01 5.917852e+01
9.999458e-01 -1.623575e-03 -1.027975e-02 5.468714e+00 1.700699e-03 9.999704e-01 7.498256e-03 -1.511535e+00 1.026727e-02 -7.515333e-03 9.999190e-01 5.828423e+01
9.999970e-01 1.353440e-03 2.039095e-03 5.675178e+00 -1.352401e-03 9.999990e-01 -5.103891e-04 -1.498127e+00 -2.039784e-03 5.076304e-04 9.999978e-01 5.738414e+01
9.999469e-01 -1.684453e-03 -1.016538e-02 5.879780e+00 1.761977e-03 9.999694e-01 7.622228e-03 -1.483902e+00 1.015223e-02 -7.639735e-03 9.999193e-01 5.644852e+01
9.999969e-01 1.419972e-03 2.033757e-03 6.053038e+00 -1.418312e-03 9.999987e-01 -8.169839e-04 -1.470231e+00 -2.034914e-03 8.140973e-04 9.999976e-01 5.558655e+01
9.999466e-01 -1.571518e-03 -1.020920e-02 6.228109e+00 1.646714e-03 9.999715e-01 7.361330e-03 -1.457544e+00 1.019734e-02 -7.377750e-03 9.999208e-01 5.476093e+01
9.999968e-01 1.387300e-03 2.093688e-03 6.403468e+00 -1.385376e-03 9.999986e-01 -9.201163e-04 -1.445394e+00 -2.094961e-03 9.172133e-04 9.999974e-01 5.395079e+01
9.999459e-01 -1.701507e-03 -1.026491e-02 6.596278e+00 1.783347e-03 9.999667e-01 7.968967e-03 -1.430880e+00 1.025101e-02 -7.986842e-03 9.999156e-01 5.303903e+01
9.999955e-01 1.449580e-03 2.629795e-03 6.779594e+00 -1.447530e-03 9.999986e-01 -7.810609e-04 -1.415999e+00 -2.630924e-03 7.772511e-04 9.999962e-01 5.212914e+01
9.999422e-01 -1.871088e-03 -1.058822e-02 7.031684e+00 1.973062e-03 9.999517e-01 9.628777e-03 -1.396409e+00 1.056969e-02 -9.649112e-03 9.998976e-01 5.093845e+01
9.999938e-01 1.433307e-03 3.230221e-03 7.260153e+00 -1.429799e-03 9.999984e-01 -1.087952e-03 -1.377496e+00 -3.231775e-03 1.083327e-03 9.999942e-01 4.981775e+01
9.999372e-01 -1.754725e-03 -1.107029e-02 7.512814e+00 1.858923e-03 9.999540e-01 9.409211e-03 -1.360501e+00 1.105327e-02 -9.429199e-03 9.998945e-01 4.871144e+01
9.999987e-01 1.623314e-03 3.602520e-05 7.889348e+00 -1.623272e-03 9.999981e-01 -1.115090e-03 -1.345740e+00 -3.783523e-05 1.115030e-03 9.999994e-01 4.754142e+01
9.999754e-01 -1.840034e-03 -6.761813e-03 8.067407e+00 1.885659e-03 9.999755e-01 6.747284e-03 -1.338904e+00 6.749231e-03 -6.759869e-03 9.999544e-01 4.685421e+01
9.999951e-01 1.783428e-03 -2.558212e-03 8.277318e+00 -1.786269e-03 9.999978e-01 -1.108967e-03 -1.331641e+00 2.556229e-03 1.113531e-03 9.999961e-01 4.611151e+01
9.999767e-01 -2.023326e-03 -6.522621e-03 8.525978e+00 2.076845e-03 9.999642e-01 8.208855e-03 -1.318930e+00 6.505778e-03 -8.222211e-03 9.999450e-01 4.516006e+01
9.999974e-01 1.689716e-03 -1.547592e-03 8.762056e+00 -1.690013e-03 9.999986e-01 -1.905351e-04 -1.302416e+00 1.547267e-03 1.931505e-04 9.999988e-01 4.408874e+01
9.999766e-01 -2.124194e-03 -6.509278e-03 8.983574e+00 2.180176e-03 9.999606e-01 8.605404e-03 -1.284086e+00 6.490742e-03 -8.619394e-03 9.999418e-01 4.299689e+01
9.999979e-01 1.672832e-03 -1.218076e-03 9.191066e+00 -1.672826e-03 9.999986e-01 5.391309e-06 -1.264566e+00 1.218083e-03 -3.353243e-06 9.999993e-01 4.187308e+01
9.999811e-01 -2.098118e-03 -5.776598e-03 9.368634e+00 2.148457e-03 9.999597e-01 8.722060e-03 -1.243037e+00 5.758065e-03 -8.734306e-03 9.999453e-01 4.075668e+01
9.999970e-01 1.695933e-03 -1.751463e-03 9.535589e+00 -1.697736e-03 9.999980e-01 -1.029063e-03 -1.226277e+00 1.749715e-03 1.032034e-03 9.999979e-01 3.980446e+01
9.999823e-01 -1.960648e-03 -5.624793e-03 9.683443e+00 2.001657e-03 9.999714e-01 7.294541e-03 -1.214337e+00 5.610330e-03 -7.305671e-03 9.999576e-01 3.903601e+01
9.999967e-01 1.654415e-03 -1.979109e-03 9.885696e+00 -1.653890e-03 9.999986e-01 2.664280e-04 -1.199305e+00 1.979547e-03 -2.631535e-04 9.999980e-01 3.806679e+01
9.999811e-01 -2.123243e-03 -5.772833e-03 1.012778e+01 2.171438e-03 9.999627e-01 8.355278e-03 -1.180954e+00 5.754878e-03 -8.367656e-03 9.999484e-01 3.691779e+01
9.999978e-01 1.607676e-03 -1.323004e-03 1.036388e+01 -1.606534e-03 9.999983e-01 8.635092e-04 -1.159924e+00 1.324390e-03 -8.613815e-04 9.999988e-01 3.570736e+01
9.999798e-01 -2.175788e-03 -5.973061e-03 1.058883e+01 2.224050e-03 9.999648e-01 8.085265e-03 -1.139568e+00 5.955259e-03 -8.098387e-03 9.999495e-01 3.454018e+01
9.999979e-01 1.795453e-03 -1.009424e-03 1.077125e+01 -1.795506e-03 9.999984e-01 -5.292117e-05 -1.121398e+00 1.009328e-03 5.473389e-05 9.999995e-01 3.352596e+01
9.999812e-01 -2.312249e-03 -5.676613e-03 1.092383e+01 2.359712e-03 9.999622e-01 8.368797e-03 -1.101138e+00 5.657048e-03 -8.382035e-03 9.999489e-01 3.251092e+01
9.999980e-01 1.839865e-03 8.435362e-04 1.107710e+01 -1.840126e-03 9.999983e-01 3.088296e-04 -1.080094e+00 -8.429665e-04 -3.103808e-04 9.999996e-01 3.144592e+01
9.999715e-01 -2.548743e-03 -7.100689e-03 1.137923e+01 2.624817e-03 9.999390e-01 1.072494e-02 -1.054319e+00 7.072921e-03 -1.074327e-02 9.999173e-01 2.996882e+01
9.999979e-01 1.822178e-03 9.321301e-04 1.154929e+01 -1.821248e-03 9.999978e-01 -9.966837e-04 -1.028812e+00 -9.339442e-04 9.949844e-04 9.999991e-01 2.876226e+01
9.999848e-01 -2.032391e-03 -5.129656e-03 1.152142e+01 2.069722e-03 9.999713e-01 7.282794e-03 -1.011430e+00 5.114707e-03 -7.293301e-03 9.999603e-01 2.811341e+01
9.999981e-01 1.389891e-03 -1.396237e-03 1.185449e+01 -1.383207e-03 9.999876e-01 4.776144e-03 -9.803525e-01 1.402858e-03 -4.774203e-03 9.999876e-01 2.638943e+01
9.999875e-01 -2.187603e-03 -4.504191e-03 1.213076e+01 2.221681e-03 9.999688e-01 7.574905e-03 -9.463904e-01 4.487480e-03 -7.584818e-03 9.999612e-01 2.476162e+01
9.999978e-01 1.394176e-03 -1.562995e-03 1.238486e+01 -1.388514e-03 9.999925e-01 3.617551e-03 -9.179141e-01 1.568027e-03 -3.615373e-03 9.999922e-01 2.329483e+01
9.999808e-01 -1.908404e-03 -5.900756e-03 1.261857e+01 1.941481e-03 9.999824e-01 5.604953e-03 -8.962972e-01 5.889955e-03 -5.616302e-03 9.999669e-01 2.209274e+01
9.999986e-01 1.504608e-03 -6.775597e-04 1.277742e+01 -1.502655e-03 9.999947e-01 2.872624e-03 -8.758705e-01 6.818784e-04 -2.871602e-03 9.999956e-01 2.103993e+01
9.999769e-01 -1.918129e-03 -6.522006e-03 1.296616e+01 1.952209e-03 9.999845e-01 5.223184e-03 -8.576752e-01 6.511885e-03 -5.235796e-03 9.999651e-01 2.001222e+01
9.999977e-01 1.559797e-03 -1.451928e-03 1.315618e+01 -1.557072e-03 9.999970e-01 1.875211e-03 -8.445158e-01 1.454849e-03 -1.872945e-03 9.999972e-01 1.913041e+01
9.999779e-01 -1.728247e-03 -6.421484e-03 1.330518e+01 1.754094e-03 9.999904e-01 4.021669e-03 -8.339099e-01 6.414472e-03 -4.032844e-03 9.999713e-01 1.839504e+01
9.999970e-01 1.600934e-03 -1.876936e-03 1.343963e+01 -1.598935e-03 9.999982e-01 1.065930e-03 -8.265653e-01 1.878639e-03 -1.062926e-03 9.999977e-01 1.780190e+01
9.999755e-01 -1.652324e-03 -6.802498e-03 1.361848e+01 1.679844e-03 9.999904e-01 4.041920e-03 -8.206859e-01 6.795755e-03 -4.053248e-03 9.999687e-01 1.715141e+01
9.999975e-01 1.464350e-03 -1.717155e-03 1.385178e+01 -1.459799e-03 9.999954e-01 2.648400e-03 -8.097543e-01 1.721026e-03 -2.645886e-03 9.999950e-01 1.624463e+01
9.999742e-01 -1.722125e-03 -6.967153e-03 1.406337e+01 1.749943e-03 9.999905e-01 3.988676e-03 -7.976877e-01 6.960218e-03 -4.000766e-03 9.999678e-01 1.537155e+01
9.999976e-01 1.499865e-03 -1.627033e-03 1.425580e+01 -1.496000e-03 9.999961e-01 2.373802e-03 -7.865667e-01 1.630587e-03 -2.371362e-03 9.999959e-01 1.456511e+01
9.999691e-01 -1.704650e-03 -7.668028e-03 1.444777e+01 1.737780e-03 9.999892e-01 4.316043e-03 -7.738332e-01 7.660588e-03 -4.329236e-03 9.999613e-01 1.369865e+01
9.999990e-01 1.362070e-03 2.144950e-04 1.461469e+01 -1.362671e-03 9.999951e-01 2.830216e-03 -7.592002e-01 -2.106390e-04 -2.830505e-03 9.999960e-01 1.280175e+01
9.999674e-01 -1.636540e-03 -7.908909e-03 1.474601e+01 1.668066e-03 9.999907e-01 3.981303e-03 -7.448927e-01 7.902320e-03 -3.994366e-03 9.999608e-01 1.199143e+01
9.999976e-01 1.816113e-03 -1.261824e-03 1.490523e+01 -1.814950e-03 9.999979e-01 9.216807e-04 -7.431889e-01 1.263495e-03 -9.193880e-04 9.999988e-01 1.158936e+01
9.999652e-01 -1.949839e-03 -8.114583e-03 1.517655e+01 1.988697e-03 9.999866e-01 4.783494e-03 -7.383528e-01 8.105147e-03 -4.799465e-03 9.999556e-01 1.082757e+01
9.999990e-01 1.363945e-03 -3.773116e-04 1.539054e+01 -1.362363e-03 9.999904e-01 4.159701e-03 -7.175016e-01 3.829817e-04 -4.159183e-03 9.999913e-01 9.701587e+00
9.999686e-01 -1.650670e-03 -7.755154e-03 1.555408e+01 1.666631e-03 9.999965e-01 2.052240e-03 -7.105264e-01 7.751740e-03 -2.065101e-03 9.999678e-01 9.232018e+00
9.999962e-01 1.384632e-03 -2.390701e-03 1.578044e+01 -1.375779e-03 9.999922e-01 3.700675e-03 -7.035082e-01 2.395806e-03 -3.697371e-03 9.999903e-01 8.610707e+00
9.999926e-01 -1.703112e-03 -3.435898e-03 1.586890e+01 1.714347e-03 9.999932e-01 3.270000e-03 -6.876489e-01 3.430305e-03 -3.275867e-03 9.999888e-01 7.824954e+00
9.999879e-01 1.352414e-03 -4.725663e-03 1.601810e+01 -1.337855e-03 9.999944e-01 3.082498e-03 -6.750847e-01 4.729805e-03 -3.076139e-03 9.999841e-01 7.077172e+00
9.999935e-01 -1.526635e-03 -3.268698e-03 1.618592e+01 1.536829e-03 9.999940e-01 3.118775e-03 -6.657314e-01 3.263917e-03 -3.123779e-03 9.999898e-01 6.417462e+00
9.999908e-01 1.185704e-03 -4.126638e-03 1.635470e+01 -1.174891e-03 9.999959e-01 2.621660e-03 -6.572685e-01 4.129729e-03 -2.616787e-03 9.999880e-01 5.738162e+00
9.999956e-01 -1.546471e-03 -2.516193e-03 1.647958e+01 1.557680e-03 9.999888e-01 4.458911e-03 -6.414477e-01 2.509269e-03 -4.462812e-03 9.999869e-01 4.907887e+00
9.999848e-01 1.285055e-03 -5.363856e-03 1.661509e+01 -1.275790e-03 9.999977e-01 1.730257e-03 -6.295912e-01 5.366067e-03 -1.723387e-03 9.999841e-01 4.184658e+00
9.999956e-01 -1.612242e-03 -2.505382e-03 1.681280e+01 1.625195e-03 9.999853e-01 5.177025e-03 -6.164248e-01 2.496999e-03 -5.181074e-03 9.999835e-01 3.306873e+00
9.999868e-01 1.166155e-03 -5.010763e-03 1.699149e+01 -1.151760e-03 9.999952e-01 2.874473e-03 -5.981505e-01 5.014091e-03 -2.868663e-03 9.999833e-01 2.310325e+00
9.999953e-01 -1.553388e-03 -2.655522e-03 1.715018e+01 1.566137e-03 9.999872e-01 4.805719e-03 -5.810139e-01 2.648022e-03 -4.809855e-03 9.999849e-01 1.367506e+00
9.999924e-01 1.127718e-03 -3.726475e-03 1.729541e+01 -1.115163e-03 9.999937e-01 3.369208e-03 -5.615220e-01 3.730251e-03 -3.365027e-03 9.999874e-01 3.886505e-01
9.999950e-01 -1.531873e-03 -2.772585e-03 1.742169e+01 1.543260e-03 9.999904e-01 4.109898e-03 -5.440268e-01 2.766262e-03 -4.114157e-03 9.999877e-01 -4.979162e-01
9.999906e-01 1.215784e-03 -4.159084e-03 1.754216e+01 -1.205809e-03 9.999964e-01 2.399810e-03 -5.309140e-01 4.161986e-03 -2.394772e-03 9.999885e-01 -1.258523e+00
9.999950e-01 -1.372061e-03 -2.858987e-03 1.767053e+01 1.384895e-03 9.999890e-01 4.492014e-03 -5.161426e-01 2.852792e-03 -4.495951e-03 9.999858e-01 -2.100759e+00
9.999916e-01 9.979649e-04 -3.984076e-03 1.782896e+01 -9.840650e-04 9.999934e-01 3.489163e-03 -4.972315e-01 3.987532e-03 -3.485213e-03 9.999860e-01 -3.110547e+00
9.999903e-01 -1.602068e-03 -4.114279e-03 1.818896e+01 1.622604e-03 9.999862e-01 4.992833e-03 -4.833808e-01 4.106223e-03 -4.999460e-03 9.999791e-01 -4.247024e+00
9.999718e-01 1.370805e-03 -7.381126e-03 1.853709e+01 -1.346249e-03 9.999935e-01 3.330789e-03 -4.665582e-01 7.385644e-03 -3.320758e-03 9.999672e-01 -5.374592e+00
9.999983e-01 -1.828063e-03 1.593374e-04 1.871860e+01 1.827204e-03 9.999847e-01 5.230149e-03 -4.465349e-01 -1.688960e-04 -5.229849e-03 9.999863e-01 -6.448869e+00
9.999816e-01 1.182326e-03 -5.946485e-03 1.894881e+01 -1.152080e-03 9.999864e-01 5.087102e-03 -4.219215e-01 5.952419e-03 -5.080157e-03 9.999694e-01 -7.765831e+00
9.999929e-01 -1.871317e-03 -3.283479e-03 1.929416e+01 1.889962e-03 9.999821e-01 5.684744e-03 -3.980874e-01 3.272782e-03 -5.690910e-03 9.999785e-01 -9.202713e+00
9.999810e-01 1.379415e-03 -6.011985e-03 1.965872e+01 -1.345305e-03 9.999830e-01 5.673833e-03 -3.709344e-01 6.019709e-03 -5.665637e-03 9.999658e-01 -1.076569e+01
9.999976e-01 -1.610325e-03 -1.510633e-03 1.989611e+01 1.617649e-03 9.999869e-01 4.859508e-03 -3.441677e-01 1.502787e-03 -4.861940e-03 9.999871e-01 -1.207565e+01
9.999835e-01 1.537765e-03 -5.532774e-03 2.009797e+01 -1.512023e-03 9.999880e-01 4.653839e-03 -3.240338e-01 5.539865e-03 -4.645397e-03 9.999739e-01 -1.326267e+01
9.999955e-01 -2.317178e-03 1.902993e-03 2.034672e+01 2.301540e-03 9.999639e-01 8.178892e-03 -2.862200e-01 -1.921876e-03 -8.174476e-03 9.999647e-01 -1.498968e+01
9.999625e-01 1.714961e-03 -8.485041e-03 2.063224e+01 -1.689632e-03 9.999941e-01 2.991380e-03 -2.590271e-01 8.490121e-03 -2.976931e-03 9.999595e-01 -1.646488e+01
9.999960e-01 -2.424850e-03 1.424356e-03 2.084495e+01 2.414411e-03 9.999705e-01 7.284944e-03 -2.325771e-01 -1.441979e-03 -7.281477e-03 9.999725e-01 -1.776243e+01
9.999804e-01 1.618377e-03 -6.054039e-03 2.093924e+01 -1.599184e-03 9.999937e-01 3.173676e-03 -2.004314e-01 6.059137e-03 -3.163932e-03 9.999766e-01 -1.904439e+01
9.999905e-01 -2.108152e-03 3.818465e-03 2.095581e+01 2.084002e-03 9.999779e-01 6.317350e-03 -1.714683e-01 -3.831698e-03 -6.309332e-03 9.999728e-01 -2.008293e+01
9.999164e-01 1.684774e-03 -1.282231e-02 2.119099e+01 -1.649106e-03 9.999947e-01 2.791712e-03 -1.508358e-01 1.282694e-02 -2.770333e-03 9.999139e-01 -2.120567e+01
9.999862e-01 -2.143194e-03 4.796458e-03 2.135951e+01 2.115863e-03 9.999815e-01 5.695941e-03 -1.302784e-01 -4.808577e-03 -5.685714e-03 9.999723e-01 -2.223190e+01
9.999278e-01 1.933247e-03 -1.186285e-02 2.157616e+01 -1.904537e-03 9.999952e-01 2.430937e-03 -1.133986e-01 1.186749e-02 -2.408168e-03 9.999267e-01 -2.328844e+01
9.999854e-01 -2.172839e-03 4.951980e-03 2.176820e+01 2.145071e-03 9.999820e-01 5.605815e-03 -9.551204e-02 -4.964071e-03 -5.595111e-03 9.999720e-01 -2.427142e+01
9.999181e-01 1.975693e-03 -1.264174e-02 2.193638e+01 -1.956015e-03 9.999969e-01 1.568704e-03 -8.077693e-02 1.264480e-02 -1.543848e-03 9.999189e-01 -2.517216e+01
9.999819e-01 -2.506104e-03 5.478407e-03 2.216562e+01 2.463796e-03 9.999672e-01 7.715624e-03 -5.931852e-02 -5.497563e-03 -7.701987e-03 9.999552e-01 -2.636843e+01
9.999224e-01 2.136687e-03 -1.227506e-02 2.238344e+01 -2.114523e-03 9.999961e-01 1.818224e-03 -3.679435e-02 1.227890e-02 -1.792127e-03 9.999230e-01 -2.759578e+01
9.999839e-01 -2.639294e-03 5.018299e-03 2.258580e+01 2.602249e-03 9.999694e-01 7.374127e-03 -1.447559e-02 -5.037608e-03 -7.360950e-03 9.999602e-01 -2.875582e+01
9.999425e-01 2.191712e-03 -1.049966e-02 2.276063e+01 -2.175184e-03 9.999964e-01 1.585316e-03 6.855542e-03 1.050310e-02 -1.562386e-03 9.999436e-01 -2.987412e+01
9.999897e-01 -2.733769e-03 3.612709e-03 2.297923e+01 2.704173e-03 9.999630e-01 8.171737e-03 3.102644e-02 -3.634915e-03 -8.161884e-03 9.999601e-01 -3.114546e+01
9.999450e-01 2.242725e-03 -1.024552e-02 2.314381e+01 -2.237724e-03 9.999974e-01 4.995727e-04 5.229307e-02 1.024661e-02 -4.766184e-04 9.999474e-01 -3.220717e+01
9.999913e-01 -2.631992e-03 3.240326e-03 2.334669e+01 2.607358e-03 9.999678e-01 7.583032e-03 6.995081e-02 -3.260180e-03 -7.574517e-03 9.999660e-01 -3.323948e+01
9.999445e-01 2.095588e-03 -1.032736e-02 2.362273e+01 -2.065697e-03 9.999936e-01 2.904184e-03 9.502081e-02 1.033339e-02 -2.882689e-03 9.999425e-01 -3.466584e+01
9.999893e-01 -2.943043e-03 3.568828e-03 2.387412e+01 2.910332e-03 9.999540e-01 9.136455e-03 1.274074e-01 -3.595553e-03 -9.125971e-03 9.999519e-01 -3.623267e+01
9.999421e-01 2.399282e-03 -1.048707e-02 2.413647e+01 -2.390221e-03 9.999968e-01 8.763840e-04 1.506409e-01 1.048914e-02 -8.512667e-04 9.999446e-01 -3.753414e+01
9.999908e-01 -2.874305e-03 3.199335e-03 2.435220e+01 2.848305e-03 9.999631e-01 8.101589e-03 1.715716e-01 -3.222504e-03 -8.092402e-03 9.999621e-01 -3.868782e+01
9.999440e-01 2.407438e-03 -1.030323e-02 2.452753e+01 -2.398936e-03 9.999968e-01 8.373952e-04 1.934197e-01 1.030522e-02 -8.126313e-04 9.999466e-01 -3.978219e+01
9.999874e-01 -2.869152e-03 4.120353e-03 2.470898e+01 2.837990e-03 9.999675e-01 7.548848e-03 2.124726e-01 -4.141878e-03 -7.537060e-03 9.999630e-01 -4.082524e+01
9.999934e-01 2.052634e-03 -2.990945e-03 2.450023e+01 -2.051249e-03 9.999978e-01 4.658881e-04 2.475336e-01 2.991895e-03 -4.597497e-04 9.999954e-01 -4.149376e+01
9.999700e-01 -3.517458e-03 6.896928e-03 2.414906e+01 3.468358e-03 9.999687e-01 7.118094e-03 2.902028e-01 -6.921749e-03 -7.093960e-03 9.999509e-01 -4.199169e+01
9.999601e-01 2.276996e-03 -8.639569e-03 2.379520e+01 -2.271267e-03 9.999972e-01 6.727621e-04 3.260823e-01 8.641077e-03 -6.531123e-04 9.999625e-01 -4.214725e+01
9.999594e-01 -5.018079e-03 7.479523e-03 2.314338e+01 4.960402e-03 9.999580e-01 7.709884e-03 3.710655e-01 -7.517898e-03 -7.672470e-03 9.999423e-01 -4.153727e+01
9.999977e-01 1.168272e-03 1.816125e-03 2.225709e+01 -1.173217e-03 9.999956e-01 2.724284e-03 4.455749e-01 -1.812934e-03 -2.726408e-03 9.999946e-01 -4.136674e+01
9.999781e-01 -3.525838e-03 5.602740e-03 2.183102e+01 3.489364e-03 9.999727e-01 6.506394e-03 5.058742e-01 -5.625527e-03 -6.486702e-03 9.999631e-01 -4.204700e+01
9.999232e-01 3.110978e-03 -1.200003e-02 2.203243e+01 -3.082678e-03 9.999924e-01 2.376033e-03 5.263644e-01 1.200733e-02 -2.338858e-03 9.999252e-01 -4.315077e+01
9.999855e-01 -3.725816e-03 3.895739e-03 2.233758e+01 3.692330e-03 9.999565e-01 8.567538e-03 5.515996e-01 -3.927491e-03 -8.553030e-03 9.999557e-01 -4.461437e+01
9.999455e-01 3.046935e-03 -9.988352e-03 2.266845e+01 -3.018149e-03 9.999913e-01 2.895642e-03 5.786053e-01 9.997088e-03 -2.865338e-03 9.999459e-01 -4.609078e+01
9.999888e-01 -3.632488e-03 3.027970e-03 2.287252e+01 3.612581e-03 9.999720e-01 6.554043e-03 6.014340e-01 -3.051693e-03 -6.543031e-03 9.999739e-01 -4.728552e+01
9.999531e-01 3.164689e-03 -9.148152e-03 2.308418e+01 -3.139213e-03 9.999912e-01 2.797766e-03 6.237145e-01 9.156926e-03 -2.768917e-03 9.999542e-01 -4.847597e+01
9.999917e-01 -3.681013e-03 1.763927e-03 2.334439e+01 3.668363e-03 9.999679e-01 7.121684e-03 6.464977e-01 -1.790085e-03 -7.115154e-03 9.999731e-01 -4.976094e+01
9.999494e-01 3.014021e-03 -9.594144e-03 2.368271e+01 -2.973692e-03 9.999867e-01 4.214892e-03 6.719514e-01 9.606720e-03 -4.186149e-03 9.999451e-01 -5.126287e+01
9.999898e-01 -3.611013e-03 2.720892e-03 2.393130e+01 3.594236e-03 9.999747e-01 6.145452e-03 6.965430e-01 -2.743015e-03 -6.135610e-03 9.999774e-01 -5.258972e+01
9.999957e-01 2.415799e-03 -1.647220e-03 2.379374e+01 -2.409472e-03 9.999898e-01 3.832092e-03 7.339308e-01 1.656461e-03 -3.828107e-03 9.999913e-01 -5.350987e+01
9.999893e-01 -3.238576e-03 -3.316753e-03 2.399725e+01 3.261437e-03 9.999708e-01 6.910770e-03 7.617796e-01 3.294275e-03 -6.921513e-03 9.999706e-01 -5.491148e+01
9.999942e-01 2.384815e-03 -2.419368e-03 2.423549e+01 -2.372582e-03 9.999845e-01 5.046158e-03 7.939912e-01 2.431365e-03 -5.040389e-03 9.999843e-01 -5.643543e+01
9.999915e-01 -3.074864e-03 -2.737586e-03 2.444825e+01 3.090314e-03 9.999792e-01 5.657709e-03 8.216348e-01 2.720132e-03 -5.666121e-03 9.999802e-01 -5.779604e+01
9.999896e-01 2.491194e-03 -3.823347e-03 2.465885e+01 -2.474607e-03 9.999875e-01 4.336888e-03 8.468014e-01 3.834104e-03 -4.327382e-03 9.999833e-01 -5.908475e+01
9.999929e-01 -3.032612e-03 -2.238978e-03 2.485143e+01 3.044589e-03 9.999810e-01 5.365571e-03 8.710253e-01 2.222664e-03 -5.372350e-03 9.999831e-01 -6.031688e+01
9.999908e-01 2.468490e-03 -3.519444e-03 2.507483e+01 -2.450726e-03 9.999843e-01 5.042590e-03 8.969021e-01 3.531837e-03 -5.033918e-03 9.999811e-01 -6.168142e+01
9.999883e-01 -2.961023e-03 -3.824119e-03 2.530013e+01 2.983634e-03 9.999780e-01 5.920881e-03 9.252607e-01 3.806503e-03 -5.932222e-03 9.999752e-01 -6.310557e+01
9.999956e-01 1.927160e-03 2.260485e-03 2.536891e+01 -1.940367e-03 9.999810e-01 5.854926e-03 9.630320e-01 -2.249159e-03 -5.859286e-03 9.999803e-01 -6.453114e+01
9.999922e-01 -2.938232e-03 -2.631031e-03 2.536925e+01 2.951651e-03 9.999826e-01 5.111312e-03 1.000730e+00 2.615967e-03 -5.119038e-03 9.999835e-01 -6.583059e+01
9.999872e-01 2.319093e-03 -4.486859e-03 2.561496e+01 -2.296396e-03 9.999846e-01 5.056916e-03 1.024339e+00 4.498518e-03 -5.046548e-03 9.999771e-01 -6.714249e+01
9.999931e-01 -3.021259e-03 -2.158197e-03 2.590858e+01 3.034278e-03 9.999771e-01 6.054950e-03 1.050235e+00 2.139854e-03 -6.061457e-03 9.999793e-01 -6.861386e+01
9.999874e-01 2.320277e-03 -4.456592e-03 2.616970e+01 -2.297964e-03 9.999848e-01 5.005228e-03 1.076652e+00 4.468138e-03 -4.994924e-03 9.999775e-01 -7.003654e+01
9.999906e-01 -2.849561e-03 -3.272039e-03 2.651993e+01 2.873762e-03 9.999684e-01 7.415911e-03 1.105269e+00 3.250803e-03 -7.425244e-03 9.999671e-01 -7.173312e+01
9.999850e-01 2.086972e-03 -5.070601e-03 2.700238e+01 -2.050140e-03 9.999716e-01 7.257992e-03 1.138826e+00 5.085604e-03 -7.247487e-03 9.999608e-01 -7.377464e+01
9.999584e-01 -2.369458e-03 -8.805782e-03 2.773438e+01 2.434608e-03 9.999697e-01 7.395280e-03 1.165798e+00 8.787992e-03 -7.416412e-03 9.999339e-01 -7.586987e+01
9.999377e-01 1.644866e-03 -1.103714e-02 2.849739e+01 -1.557494e-03 9.999674e-01 7.920034e-03 1.199594e+00 1.104981e-02 -7.902350e-03 9.999077e-01 -7.811195e+01
9.999921e-01 -2.361194e-03 3.199031e-03 2.879400e+01 2.348697e-03 9.999896e-01 3.904472e-03 1.230325e+00 -3.208217e-03 -3.896928e-03 9.999873e-01 -7.967291e+01
9.999491e-01 1.910064e-03 -9.904548e-03 2.907968e+01 -1.833250e-03 9.999682e-01 7.758658e-03 1.258382e+00 9.919053e-03 -7.740106e-03 9.999208e-01 -8.123225e+01
9.999920e-01 -2.424644e-03 3.167652e-03 2.930326e+01 2.417872e-03 9.999948e-01 2.140042e-03 1.282304e+00 -3.172825e-03 -2.132366e-03 9.999927e-01 -8.250626e+01
9.999425e-01 1.923697e-03 -1.054896e-02 2.954629e+01 -1.843808e-03 9.999696e-01 7.577562e-03 1.304632e+00 1.056322e-02 -7.557676e-03 9.999156e-01 -8.374167e+01
9.999912e-01 -2.310875e-03 3.491019e-03 2.980629e+01 2.305635e-03 9.999962e-01 1.503909e-03 1.323907e+00 -3.494482e-03 -1.495846e-03 9.999928e-01 -8.492615e+01
9.999097e-01 1.858545e-03 -1.330646e-02 3.027201e+01 -1.729162e-03 9.999512e-01 9.728235e-03 1.346538e+00 1.332389e-02 -9.704348e-03 9.998641e-01 -8.654272e+01
9.999875e-01 -2.274625e-03 4.441699e-03 3.059269e+01 2.277355e-03 9.999972e-01 -6.096164e-04 1.363689e+00 -4.440300e-03 6.197242e-04 9.999899e-01 -8.780245e+01
9.999014e-01 2.063336e-03 -1.388660e-02 3.087830e+01 -1.944917e-03 9.999617e-01 8.535681e-03 1.376077e+00 1.390368e-02 -8.507832e-03 9.998671e-01 -8.883173e+01
9.999848e-01 -2.336688e-03 4.997687e-03 3.118044e+01 2.337292e-03 9.999973e-01 -1.151755e-04 1.390386e+00 -4.997405e-03 1.268548e-04 9.999875e-01 -8.996907e+01
