9.999292e-01 -6.236103e-04 -1.188009e-02 8.346448e-02 6.703247e-04 9.999921e-01 3.928585e-03 -1.968068e-02 1.187755e-02 -3.936271e-03 9.999217e-01 7.876009e-01
9.999928e-01 8.118716e-04 -3.718182e-03 1.995811e-01 -8.140484e-04 9.999995e-01 -5.839853e-04 -3.745966e-02 3.717707e-03 5.870086e-04 9.999929e-01 1.382594e+00
9.999560e-01 -2.045159e-03 -9.151801e-03 2.803134e-01 2.088814e-03 9.999865e-01 4.763089e-03 -5.944749e-02 9.141935e-03 -4.781997e-03 9.999468e-01 2.343462e+00
9.999970e-01 -3.121170e-04 -2.415517e-03 2.784985e-01 3.116125e-04 9.999999e-01 -2.092432e-04 -8.520056e-02 2.415583e-03 2.084906e-04 9.999971e-01 3.656211e+00
9.999652e-01 -2.219098e-03 -8.043836e-03 2.793123e-01 2.259144e-03 9.999851e-01 4.972773e-03 -1.111368e-01 8.032681e-03 -4.990772e-03 9.999553e-01 4.995348e+00
9.999934e-01 -2.043673e-04 -3.639338e-03 2.991063e-01 2.037256e-04 1.000000e+00 -1.766911e-04 -1.389130e-01 3.639375e-03 1.759492e-04 9.999934e-01 6.342283e+00
9.999458e-01 -2.335793e-03 -1.014552e-02 3.544917e-01 2.390451e-03 9.999827e-01 5.378663e-03 -1.703261e-01 1.013278e-02 -5.402624e-03 9.999341e-01 7.781649e+00
9.999948e-01 5.992322e-04 -3.154095e-03 4.346722e-01 -6.014639e-04 9.999996e-01 -7.066586e-04 -1.959645e-01 3.153671e-03 7.085527e-04 9.999948e-01 8.929448e+00
9.999475e-01 -1.060010e-03 -1.019036e-02 5.175735e-01 1.104783e-03 9.999898e-01 4.389046e-03 -2.140813e-01 1.018560e-02 -4.400075e-03 9.999384e-01 9.670923e+00
9.999977e-01 2.462279e-04 -2.113434e-03 5.998924e-01 -2.469940e-04 9.999999e-01 -3.622484e-04 -2.334796e-01 2.113345e-03 3.627703e-04 9.999977e-01 1.050926e+01
9.999440e-01 1.766105e-04 -1.057738e-02 6.990661e-01 -1.380666e-04 9.999933e-01 3.644611e-03 -2.478984e-01 1.057795e-02 -3.642948e-03 9.999374e-01 1.099730e+01
9.999978e-01 1.610940e-03 -1.340055e-03 7.958728e-01 -1.613296e-03 9.999972e-01 -1.758637e-03 -2.516996e-01 1.337218e-03 1.760796e-03 9.999976e-01 1.086563e+01
9.999291e-01 1.871736e-04 -1.190650e-02 9.018835e-01 -1.358123e-04 9.999907e-01 4.314389e-03 -2.593067e-01 1.190720e-02 -4.312467e-03 9.999198e-01 1.092526e+01
9.999989e-01 2.519731e-05 -1.496583e-03 1.012000e+00 -2.731707e-05 9.999990e-01 -1.416448e-03 -2.737833e-01 1.496546e-03 1.416488e-03 9.999979e-01 1.138414e+01
9.999231e-01 -4.611795e-04 -1.239333e-02 1.100726e+00 5.177919e-04 9.999894e-01 4.565164e-03 -2.919956e-01 1.239109e-02 -4.571231e-03 9.999128e-01 1.204418e+01
1.000000e+00 -7.807126e-06 -5.815019e-05 1.202245e+00 7.761067e-06 9.999997e-01 -7.935011e-04 -3.105892e-01 5.815671e-05 7.935014e-04 9.999997e-01 1.277846e+01
9.998857e-01 -8.484237e-04 -1.509829e-02 1.289562e+00 9.155546e-04 9.999897e-01 4.439911e-03 -3.326869e-01 1.509437e-02 -4.453228e-03 9.998762e-01 1.364491e+01
9.999911e-01 6.293519e-04 4.178001e-03 1.361599e+00 -6.273526e-04 9.999997e-01 -4.797876e-04 -3.477582e-01 -4.178301e-03 4.771630e-04 9.999912e-01 1.431413e+01
9.998464e-01 -9.604801e-04 -1.750158e-02 1.427847e+00 1.026061e-03 9.999925e-01 3.738580e-03 -3.651257e-01 1.749785e-02 -3.755964e-03 9.998398e-01 1.499577e+01
9.999919e-01 -7.993675e-04 3.942082e-03 1.486157e+00 7.968454e-04 9.999995e-01 6.413360e-04 -3.907496e-01 -3.942592e-03 -6.381889e-04 9.999920e-01 1.613993e+01
9.998415e-01 -1.724184e-03 -1.771901e-02 1.526895e+00 1.801642e-03 9.999889e-01 4.356473e-03 -4.210167e-01 1.771130e-02 -4.387707e-03 9.998335e-01 1.755635e+01
9.999809e-01 -1.131732e-03 6.074108e-03 1.551434e+00 1.127569e-03 9.999991e-01 6.886390e-04 -4.497556e-01 -6.074882e-03 -6.817762e-04 9.999813e-01 1.900840e+01
9.998609e-01 -1.331242e-03 -1.662442e-02 1.585982e+00 1.403101e-03 9.999897e-01 4.311587e-03 -4.776753e-01 1.661851e-02 -4.334313e-03 9.998525e-01 2.037948e+01
9.999963e-01 -8.151374e-04 2.585657e-03 1.663787e+00 8.138816e-04 9.999996e-01 4.867145e-04 -5.052511e-01 -2.586053e-03 -4.846076e-04 9.999965e-01 2.164221e+01
9.998783e-01 -1.885251e-03 -1.548360e-02 1.706813e+00 1.958327e-03 9.999870e-01 4.705812e-03 -5.358717e-01 1.547453e-02 -4.735562e-03 9.998690e-01 2.309512e+01
9.999979e-01 -2.950543e-04 2.006029e-03 1.789628e+00 2.944429e-04 9.999999e-01 3.051280e-04 -5.647165e-01 -2.006118e-03 -3.045360e-04 9.999979e-01 2.439411e+01
9.998671e-01 -1.935648e-03 -1.619024e-02 1.864878e+00 2.008651e-03 9.999879e-01 4.494043e-03 -5.935343e-01 1.618134e-02 -4.525966e-03 9.998588e-01 2.569747e+01
9.999965e-01 -1.032589e-03 2.437106e-03 1.895904e+00 1.030867e-03 9.999992e-01 7.080755e-04 -6.252215e-01 -2.437835e-03 -7.055600e-04 9.999968e-01 2.722489e+01
9.999117e-01 -9.443480e-04 -1.325596e-02 1.949906e+00 1.004993e-03 9.999891e-01 4.568997e-03 -6.514844e-01 1.325150e-02 -4.581917e-03 9.999017e-01 2.847900e+01
9.999983e-01 -1.606139e-03 9.284629e-04 1.971150e+00 1.605633e-03 9.999986e-01 5.451132e-04 -6.800250e-01 -9.293368e-04 -5.436208e-04 9.999994e-01 2.995408e+01
9.999108e-01 -2.059480e-03 -1.319858e-02 1.973129e+00 2.128829e-03 9.999840e-01 5.242359e-03 -7.157622e-01 1.318757e-02 -5.269989e-03 9.998992e-01 3.175577e+01
9.999979e-01 -1.550216e-03 1.366574e-03 1.974506e+00 1.549600e-03 9.999987e-01 4.522239e-04 -7.500516e-01 -1.367273e-03 -4.501046e-04 9.999990e-01 3.351434e+01
9.999085e-01 -1.045090e-03 -1.348439e-02 2.012917e+00 1.108965e-03 9.999882e-01 4.730411e-03 -7.798891e-01 1.347928e-02 -4.744933e-03 9.998979e-01 3.497109e+01
9.999994e-01 -7.977017e-04 7.371607e-04 2.065883e+00 7.978678e-04 9.999997e-01 -2.249391e-04 -8.055041e-01 -7.369807e-04 2.255278e-04 9.999997e-01 3.613646e+01
9.999090e-01 -8.804172e-04 -1.345803e-02 2.122717e+00 9.430328e-04 9.999888e-01 4.647035e-03 -8.304390e-01 1.345379e-02 -4.659304e-03 9.998986e-01 3.725431e+01
9.999991e-01 -3.468686e-04 1.290541e-03 2.174626e+00 3.478054e-04 9.999997e-01 -7.256313e-04 -8.516375e-01 -1.290288e-03 7.260802e-04 9.999989e-01 3.818996e+01
9.999021e-01 -1.159256e-03 -1.394276e-02 2.232538e+00 1.229108e-03 9.999867e-01 5.002420e-03 -8.751068e-01 1.393678e-02 -5.019068e-03 9.998903e-01 3.924096e+01
9.999976e-01 6.175746e-04 2.093370e-03 2.291821e+00 -6.143729e-04 9.999986e-01 -1.529657e-03 -8.919524e-01 -2.094312e-03 1.528368e-03 9.999966e-01 3.995137e+01
9.998942e-01 -1.239629e-03 -1.449363e-02 2.352320e+00 1.311842e-03 9.999868e-01 4.973966e-03 -9.093884e-01 1.448727e-02 -4.992453e-03 9.998826e-01 4.068561e+01
9.999974e-01 1.408450e-04 2.281533e-03 2.402326e+00 -1.381600e-04 9.999993e-01 -1.176890e-03 -9.296615e-01 -2.281697e-03 1.176572e-03 9.999967e-01 4.157500e+01
9.999032e-01 -1.070004e-03 -1.387330e-02 2.451831e+00 1.137217e-03 9.999877e-01 4.837787e-03 -9.485535e-01 1.386795e-02 -4.853096e-03 9.998921e-01 4.239860e+01
9.999975e-01 2.949693e-04 2.229697e-03 2.496402e+00 -2.919825e-04 9.999991e-01 -1.339681e-03 -9.658912e-01 -2.230090e-03 1.339027e-03 9.999966e-01 4.316009e+01
9.999090e-01 -1.045137e-03 -1.344919e-02 2.543949e+00 1.111110e-03 9.999874e-01 4.898820e-03 -9.832063e-01 1.344390e-02 -4.913318e-03 9.998976e-01 4.391892e+01
9.999981e-01 5.107112e-04 1.886809e-03 2.590150e+00 -5.078466e-04 9.999987e-01 -1.518263e-03 -9.996024e-01 -1.887581e-03 1.517303e-03 9.999971e-01 4.461949e+01
9.999029e-01 -1.595045e-03 -1.384177e-02 2.624230e+00 1.666820e-03 9.999852e-01 5.175479e-03 -1.019402e+00 1.383331e-02 -5.198049e-03 9.998908e-01 4.549505e+01
9.999973e-01 1.261404e-04 2.312734e-03 2.668377e+00 -1.238873e-04 9.999995e-01 -9.742337e-04 -1.041314e+00 -2.312855e-03 9.739453e-04 9.999969e-01 4.651157e+01
9.999168e-01 3.265923e-04 -1.289886e-02 2.727285e+00 -2.702844e-04 9.999904e-01 4.366850e-03 -1.053347e+00 1.290017e-02 -4.363001e-03 9.999073e-01 4.697714e+01
1.000000e+00 -2.509465e-05 -2.207737e-04 2.795860e+00 2.479254e-05 9.999991e-01 -1.369169e-03 -1.068087e+00 2.208082e-04 1.369164e-03 9.999990e-01 4.750500e+01
9.999080e-01 -1.900969e-03 -1.342866e-02 2.828663e+00 1.976786e-03 9.999822e-01 5.634974e-03 -1.094408e+00 1.341771e-02 -5.661002e-03 9.998940e-01 4.869100e+01
9.999953e-01 2.736937e-04 3.068184e-03 2.873717e+00 -2.700746e-04 9.999993e-01 -1.179830e-03 -1.116175e+00 -3.068504e-03 1.178997e-03 9.999946e-01 4.976903e+01
9.998863e-01 -1.090990e-03 -1.504223e-02 2.920933e+00 1.162058e-03 9.999882e-01 4.716643e-03 -1.134892e+00 1.503691e-02 -4.733587e-03 9.998757e-01 5.057189e+01
9.999980e-01 -8.717398e-04 1.797144e-03 2.976228e+00 8.718440e-04 9.999996e-01 -5.707146e-05 -1.162390e+00 -1.797093e-03 5.863883e-05 9.999984e-01 5.180381e+01
9.998752e-01 -2.548590e-03 -1.559277e-02 2.999184e+00 2.637827e-03 9.999802e-01 5.705136e-03 -1.198043e+00 1.557792e-02 -5.745555e-03 9.998621e-01 5.351949e+01
9.999864e-01 -9.311441e-05 5.217917e-03 3.023094e+00 9.550464e-05 9.999999e-01 -4.577936e-04 -1.227171e+00 -5.217873e-03 4.582864e-04 9.999863e-01 5.499292e+01
9.998487e-01 -1.816252e-03 -1.729993e-02 3.072126e+00 1.902643e-03 9.999858e-01 4.978533e-03 -1.252825e+00 1.729064e-02 -5.010696e-03 9.998380e-01 5.618679e+01
9.999843e-01 9.183408e-05 5.605086e-03 3.111500e+00 -8.819465e-05 9.999998e-01 -6.495133e-04 -1.277091e+00 -5.605144e-03 6.490094e-04 9.999841e-01 5.731351e+01
9.998312e-01 -1.707171e-03 -1.829175e-02 3.158993e+00 1.796977e-03 9.999864e-01 4.894358e-03 -1.301803e+00 1.828315e-02 -4.926403e-03 9.998207e-01 5.841242e+01
9.999741e-01 1.298483e-03 7.075631e-03 3.239324e+00 -1.291026e-03 9.999986e-01 -1.058370e-03 -1.318377e+00 -7.076995e-03 1.049208e-03 9.999744e-01 5.912102e+01
9.998023e-01 3.186680e-04 -1.988036e-02 3.280104e+00 -2.527159e-04 9.999945e-01 3.319887e-03 -1.323496e+00 1.988131e-02 -3.314207e-03 9.997969e-01 5.917262e+01
9.999614e-01 1.316895e-03 8.691065e-03 3.318546e+00 -1.306928e-03 9.999985e-01 -1.152311e-03 -1.327452e+00 -8.692569e-03 1.140908e-03 9.999616e-01 5.918179e+01
9.997888e-01 -1.239846e-04 -2.054951e-02 3.349954e+00 1.924127e-04 9.999944e-01 3.327985e-03 -1.336382e+00 2.054898e-02 -3.331237e-03 9.997833e-01 5.943817e+01
9.999732e-01 -2.118708e-03 7.010353e-03 3.377579e+00 2.111313e-03 9.999972e-01 1.062099e-03 -1.364627e+00 -7.012583e-03 -1.047269e-03 9.999749e-01 6.072094e+01
9.998244e-01 -2.041748e-04 -1.873923e-02 3.441058e+00 2.794317e-04 9.999919e-01 4.013492e-03 -1.392607e+00 1.873826e-02 -4.018024e-03 9.998163e-01 6.208701e+01
9.999587e-01 -5.048121e-04 9.073316e-03 3.487605e+00 5.082160e-04 9.999998e-01 -3.728307e-04 -1.407521e+00 -9.073125e-03 3.774271e-04 9.999588e-01 6.282140e+01
9.997835e-01 8.277249e-04 -2.079168e-02 3.550925e+00 -7.641143e-04 9.999950e-01 3.067194e-03 -1.420099e+00 2.079412e-02 -3.050643e-03 9.997791e-01 6.326325e+01
9.999667e-01 -4.243375e-04 8.155197e-03 3.639831e+00 4.292504e-04 9.999997e-01 -6.006513e-04 -1.429776e+00 -8.154940e-03 6.041325e-04 9.999666e-01 6.356670e+01
9.998248e-01 1.648731e-03 -1.864709e-02 3.682079e+00 -1.595695e-03 9.999946e-01 2.858733e-03 -1.437862e+00 1.865171e-02 -2.828478e-03 9.998220e-01 6.378433e+01
9.999665e-01 -2.650956e-04 8.177620e-03 3.716684e+00 2.731158e-04 9.999995e-01 -9.796110e-04 -1.441218e+00 -8.177356e-03 9.818123e-04 9.999661e-01 6.378584e+01
9.998290e-01 1.682460e-03 -1.841462e-02 3.732079e+00 -1.631413e-03 9.999948e-01 2.786786e-03 -1.445582e+00 1.841921e-02 -2.756269e-03 9.998266e-01 6.386335e+01
9.999642e-01 -3.298119e-04 8.460982e-03 3.736363e+00 3.369904e-04 9.999996e-01 -8.469877e-04 -1.449987e+00 -8.460699e-03 8.498092e-04 9.999638e-01 6.397810e+01
9.998480e-01 1.843835e-03 -1.733504e-02 3.719571e+00 -1.804147e-03 9.999957e-01 2.304843e-03 -1.448791e+00 1.733922e-02 -2.273218e-03 9.998471e-01 6.386520e+01
9.999826e-01 -1.965868e-03 5.561328e-03 3.770374e+00 1.962237e-03 9.999979e-01 6.583353e-04 -1.463304e+00 -5.562610e-03 -6.474106e-04 9.999843e-01 6.442607e+01
9.998589e-01 1.954967e-03 -1.668561e-02 3.824361e+00 -1.915649e-03 9.999954e-01 2.372037e-03 -1.475867e+00 1.669017e-02 -2.339740e-03 9.998580e-01 6.493665e+01
9.999844e-01 -2.455124e-03 5.024884e-03 3.854379e+00 2.451665e-03 9.999968e-01 6.945088e-04 -1.491422e+00 -5.026572e-03 -6.821780e-04 9.999871e-01 6.558747e+01
9.998624e-01 1.229201e-03 -1.654340e-02 3.899793e+00 -1.175573e-03 9.999940e-01 3.251049e-03 -1.512229e+00 1.654729e-02 -3.231154e-03 9.998579e-01 6.651619e+01
9.999835e-01 -2.281023e-03 5.278208e-03 3.936478e+00 2.279049e-03 9.999973e-01 3.800168e-04 -1.530961e+00 -5.279060e-03 -3.679806e-04 9.999860e-01 6.735667e+01
9.998723e-01 1.461623e-03 -1.591170e-02 3.969846e+00 -1.412338e-03 9.999942e-01 3.108197e-03 -1.547911e+00 1.591615e-02 -3.085329e-03 9.998686e-01 6.811688e+01
9.999875e-01 -2.262362e-03 4.459981e-03 4.015357e+00 2.261004e-03 9.999974e-01 3.095337e-04 -1.565557e+00 -4.460669e-03 -2.994452e-04 9.999900e-01 6.887866e+01
9.998785e-01 8.230425e-04 -1.556333e-02 4.030423e+00 -7.699173e-04 9.999939e-01 3.419187e-03 -1.585795e+00 1.556605e-02 -3.406790e-03 9.998730e-01 6.982295e+01
9.999720e-01 -1.579366e-03 7.311610e-03 4.046848e+00 1.579622e-03 9.999988e-01 -2.921543e-05 -1.600258e+00 -7.311554e-03 4.076480e-05 9.999733e-01 7.055504e+01
9.998542e-01 2.744539e-03 -1.685353e-02 4.069853e+00 -2.709752e-03 9.999942e-01 2.086547e-03 -1.607213e+00 1.685916e-02 -2.040575e-03 9.998558e-01 7.073932e+01
9.999874e-01 -1.838274e-03 4.675133e-03 4.122474e+00 1.836840e-03 9.999983e-01 3.111963e-04 -1.617367e+00 -4.675697e-03 -3.026043e-04 9.999890e-01 7.105567e+01
9.998861e-01 1.854504e-03 -1.497587e-02 4.147611e+00 -1.816267e-03 9.999951e-01 2.566422e-03 -1.628256e+00 1.498056e-02 -2.538930e-03 9.998846e-01 7.153075e+01
9.999895e-01 -2.809432e-03 3.619549e-03 4.164109e+00 2.806824e-03 9.999958e-01 7.253050e-04 -1.645689e+00 -3.621571e-03 -7.151373e-04 9.999932e-01 7.231418e+01
9.999096e-01 2.524300e-03 -1.320948e-02 4.215618e+00 -2.489026e-03 9.999933e-01 2.686100e-03 -1.659716e+00 1.321617e-02 -2.652979e-03 9.999091e-01 7.293369e+01
9.999973e-01 -2.227193e-03 6.744820e-04 4.291441e+00 2.227168e-03 9.999975e-01 3.783308e-05 -1.673147e+00 -6.745643e-04 -3.633019e-05 9.999998e-01 7.338236e+01
9.999030e-01 3.334540e-03 -1.352328e-02 4.366504e+00 -3.294206e-03 9.999901e-01 3.003762e-03 -1.685390e+00 1.353316e-02 -2.958923e-03 9.999040e-01 7.376133e+01
9.999912e-01 -4.009044e-03 1.221509e-03 4.409610e+00 4.008628e-03 9.999919e-01 3.429688e-04 -1.702763e+00 -1.222874e-03 -3.380686e-04 9.999992e-01 7.449808e+01
9.998938e-01 1.790082e-03 -1.446420e-02 4.439291e+00 -1.730626e-03 9.999900e-01 4.122041e-03 -1.729652e+00 1.447143e-02 -4.096572e-03 9.998869e-01 7.574154e+01
9.999948e-01 -2.965632e-03 1.271808e-03 4.544665e+00 2.965210e-03 9.999955e-01 3.336958e-04 -1.754703e+00 -1.272791e-03 -3.299223e-04 9.999991e-01 7.675141e+01
9.998670e-01 1.830208e-03 -1.620387e-02 4.676638e+00 -1.767049e-03 9.999908e-01 3.911251e-03 -1.779853e+00 1.621088e-02 -3.882099e-03 9.998611e-01 7.773580e+01
9.999885e-01 -2.783119e-03 3.894331e-03 4.769116e+00 2.782821e-03 9.999961e-01 8.204117e-05 -1.801534e+00 -3.894544e-03 -7.120242e-05 9.999924e-01 7.861741e+01
9.998791e-01 2.671699e-03 -1.531784e-02 4.861926e+00 -2.623846e-03 9.999916e-01 3.143230e-03 -1.814820e+00 1.532611e-02 -3.102659e-03 9.998777e-01 7.912945e+01
9.999898e-01 -1.247677e-03 4.338740e-03 4.930723e+00 1.252195e-03 9.999987e-01 -1.038557e-03 -1.819861e+00 -4.337438e-03 1.043980e-03 9.999900e-01 7.913561e+01
9.998791e-01 1.408072e-03 -1.548308e-02 4.978481e+00 -1.351949e-03 9.999925e-01 3.634686e-03 -1.831524e+00 1.548808e-02 -3.613315e-03 9.998735e-01 7.957019e+01
9.999891e-01 -2.150006e-03 4.145131e-03 5.010814e+00 2.152297e-03 9.999975e-01 -5.481390e-04 -1.847993e+00 -4.143942e-03 5.570551e-04 9.999913e-01 8.028233e+01
9.998898e-01 1.302580e-03 -1.479146e-02 5.060265e+00 -1.241656e-03 9.999907e-01 4.127340e-03 -1.866023e+00 1.479670e-02 -4.108520e-03 9.998821e-01 8.108434e+01
9.999927e-01 -1.725576e-03 3.396949e-03 5.113424e+00 1.729054e-03 9.999980e-01 -1.021279e-03 -1.881625e+00 -3.395180e-03 1.027146e-03 9.999937e-01 8.172245e+01
9.998802e-01 8.495318e-04 -1.545688e-02 5.159360e+00 -7.809437e-04 9.999898e-01 4.442901e-03 -1.900321e+00 1.546050e-02 -4.430298e-03 9.998707e-01 8.252054e+01
9.999837e-01 -1.706837e-03 5.452086e-03 5.200608e+00 1.712211e-03 9.999981e-01 -9.811530e-04 -1.917017e+00 -5.450400e-03 9.904727e-04 9.999847e-01 8.329010e+01
9.998690e-01 1.234854e-03 -1.613875e-02 5.248061e+00 -1.168818e-03 9.999909e-01 4.100600e-03 -1.932163e+00 1.614367e-02 -4.081200e-03 9.998614e-01 8.392763e+01
9.999869e-01 -1.485598e-03 4.902706e-03 5.303649e+00 1.491325e-03 9.999982e-01 -1.164509e-03 -1.946488e+00 -4.900967e-03 1.171806e-03 9.999873e-01 8.450022e+01
9.998764e-01 1.422961e-03 -1.565615e-02 5.363165e+00 -1.359316e-03 9.999908e-01 4.075046e-03 -1.959630e+00 1.566181e-02 -4.053261e-03 9.998691e-01 8.501005e+01
9.999859e-01 -1.266493e-03 5.152565e-03 5.426725e+00 1.273474e-03 9.999983e-01 -1.351663e-03 -1.970878e+00 -5.150844e-03 1.358207e-03 9.999858e-01 8.543260e+01
9.998794e-01 2.957578e-03 -1.524350e-02 5.549328e+00 -2.910100e-03 9.999908e-01 3.135883e-03 -1.972121e+00 1.525263e-02 -3.091145e-03 9.998789e-01 8.522567e+01
9.999892e-01 -1.881281e-03 4.258876e-03 5.608290e+00 1.887513e-03 9.999972e-01 -1.459820e-03 -1.977906e+00 -4.256117e-03 1.467843e-03 9.999899e-01 8.531375e+01
9.998942e-01 2.479130e-03 -1.433079e-02 5.658870e+00 -2.422466e-03 9.999892e-01 3.970062e-03 -1.986490e+00 1.434048e-02 -3.934927e-03 9.998894e-01 8.560861e+01
9.999932e-01 -8.071818e-04 3.592422e-03 5.855808e+00 8.155984e-04 9.999969e-01 -2.341931e-03 -1.985976e+00 -3.590521e-03 2.344845e-03 9.999908e-01 8.521107e+01
9.999139e-01 2.658775e-03 -1.284851e-02 6.016478e+00 -2.610647e-03 9.999895e-01 3.761135e-03 -1.985962e+00 1.285838e-02 -3.727269e-03 9.999104e-01 8.485267e+01
9.999939e-01 -1.054048e-03 3.317225e-03 6.140399e+00 1.061696e-03 9.999968e-01 -2.304512e-03 -1.986354e+00 -3.314786e-03 2.308020e-03 9.999918e-01 8.457567e+01
9.999123e-01 2.559635e-03 -1.299337e-02 6.212225e+00 -2.511434e-03 9.999899e-01 3.724631e-03 -1.988212e+00 1.300277e-02 -3.691673e-03 9.999086e-01 8.442103e+01
9.999924e-01 -6.999452e-04 3.847160e-03 6.291330e+00 7.088038e-04 9.999971e-01 -2.301674e-03 -1.987846e+00 -3.845537e-03 2.304384e-03 9.999900e-01 8.414364e+01
9.999098e-01 2.808934e-03 -1.313333e-02 6.491350e+00 -2.753851e-03 9.999873e-01 4.210380e-03 -1.987295e+00 1.314499e-02 -4.173833e-03 9.999049e-01 8.373205e+01
9.999953e-01 -6.950687e-04 2.997966e-03 6.749970e+00 7.034146e-04 9.999959e-01 -2.783590e-03 -1.984412e+00 -2.996019e-03 2.785686e-03 9.999916e-01 8.310369e+01
9.999257e-01 3.251153e-03 -1.174493e-02 7.013255e+00 -3.203040e-03 9.999864e-01 4.113009e-03 -1.979019e+00 1.175814e-02 -4.075085e-03 9.999226e-01 8.234833e+01
9.999958e-01 -8.560337e-04 2.755046e-03 7.338976e+00 8.627992e-04 9.999966e-01 -2.455272e-03 -1.975028e+00 -2.752935e-03 2.457639e-03 9.999932e-01 8.160272e+01
9.999217e-01 2.990460e-03 -1.215417e-02 7.571534e+00 -2.942934e-03 9.999880e-01 3.926285e-03 -1.973111e+00 1.216576e-02 -3.890209e-03 9.999184e-01 8.104107e+01
9.999969e-01 -8.897891e-04 2.337608e-03 7.743979e+00 8.956426e-04 9.999965e-01 -2.504029e-03 -1.971428e+00 -2.335372e-03 2.506116e-03 9.999941e-01 8.056859e+01
9.999314e-01 3.491053e-03 -1.117884e-02 7.982488e+00 -3.448810e-03 9.999868e-01 3.795936e-03 -1.966552e+00 1.119194e-02 -3.757123e-03 9.999303e-01 7.981779e+01
9.999975e-01 -4.933817e-04 2.178387e-03 8.333351e+00 4.987715e-04 9.999968e-01 -2.474197e-03 -1.958236e+00 -2.177159e-03 2.475278e-03 9.999946e-01 7.879448e+01
9.999233e-01 3.225124e-03 -1.195743e-02 8.707004e+00 -3.179364e-03 9.999876e-01 3.844033e-03 -1.949878e+00 1.196968e-02 -3.805722e-03 9.999211e-01 7.777219e+01
9.999971e-01 -4.023207e-04 2.395280e-03 9.104002e+00 4.080064e-04 9.999971e-01 -2.373534e-03 -1.941771e+00 -2.394318e-03 2.374505e-03 9.999943e-01 7.674548e+01
9.999264e-01 3.004773e-03 -1.175589e-02 9.453191e+00 -2.961069e-03 9.999886e-01 3.733346e-03 -1.936185e+00 1.176697e-02 -3.698262e-03 9.999239e-01 7.586325e+01
9.999946e-01 -8.005419e-04 3.173023e-03 9.625741e+00 8.093249e-04 9.999958e-01 -2.767595e-03 -1.936657e+00 -3.170794e-03 2.770149e-03 9.999911e-01 7.540140e+01
9.999039e-01 2.974064e-03 -1.354112e-02 9.816582e+00 -2.912384e-03 9.999853e-01 4.572483e-03 -1.933855e+00 1.355452e-02 -4.532607e-03 9.998979e-01 7.483300e+01
9.999885e-01 -3.003840e-04 4.776645e-03 1.005996e+01 3.165067e-04 9.999943e-01 -3.374825e-03 -1.928966e+00 -4.775604e-03 3.376299e-03 9.999829e-01 7.407085e+01
9.998886e-01 2.649613e-03 -1.468969e-02 1.028518e+01 -2.580837e-03 9.999856e-01 4.699001e-03 -1.924868e+00 1.470193e-02 -4.660567e-03 9.998811e-01 7.342145e+01
9.999881e-01 -2.796766e-04 4.874500e-03 1.057326e+01 2.955714e-04 9.999946e-01 -3.260294e-03 -1.920541e+00 -4.873562e-03 3.261697e-03 9.999828e-01 7.270728e+01
9.999036e-01 2.061610e-03 -1.372921e-02 1.068136e+01 -2.003233e-03 9.999889e-01 4.264483e-03 -1.919154e+00 1.373785e-02 -4.236570e-03 9.998967e-01 7.233478e+01
9.999904e-01 -5.844793e-04 4.337237e-03 1.072541e+01 5.982159e-04 9.999948e-01 -3.166419e-03 -1.919414e+00 -4.335364e-03 3.168984e-03 9.999856e-01 7.212368e+01
9.998900e-01 2.632809e-03 -1.459513e-02 1.082548e+01 -2.562740e-03 9.999851e-01 4.817509e-03 -1.914542e+00 1.460759e-02 -4.779576e-03 9.998819e-01 7.166936e+01
9.999810e-01 -3.493201e-05 6.163515e-03 1.103853e+01 5.759313e-05 9.999932e-01 -3.676443e-03 -1.907805e+00 -6.163344e-03 3.676729e-03 9.999742e-01 7.086723e+01
9.998962e-01 2.947576e-03 -1.410613e-02 1.126287e+01 -2.879498e-03 9.999841e-01 4.843975e-03 -1.900143e+00 1.412018e-02 -4.802854e-03 9.998888e-01 7.002389e+01
9.999807e-01 1.414647e-04 6.210974e-03 1.155161e+01 -1.182863e-04 9.999930e-01 -3.731982e-03 -1.889936e+00 -6.211458e-03 3.731176e-03 9.999737e-01 6.897559e+01
9.998901e-01 2.820087e-03 -1.455548e-02 1.185370e+01 -2.750236e-03 9.999846e-01 4.816766e-03 -1.879821e+00 1.456884e-02 -4.776206e-03 9.998825e-01 6.793026e+01
9.999818e-01 2.884844e-04 6.020510e-03 1.219517e+01 -2.666410e-04 9.999934e-01 -3.628568e-03 -1.868522e+00 -6.021516e-03 3.626897e-03 9.999753e-01 6.680851e+01
9.998908e-01 2.533613e-03 -1.455756e-02 1.250435e+01 -2.464251e-03 9.999855e-01 4.780694e-03 -1.858525e+00 1.456946e-02 -4.744300e-03 9.998826e-01 6.577588e+01
9.999854e-01 3.300687e-04 5.394251e-03 1.285424e+01 -3.114019e-04 9.999940e-01 -3.460885e-03 -1.848876e+00 -5.395361e-03 3.459155e-03 9.999795e-01 6.474680e+01
9.999095e-01 2.475094e-03 -1.322511e-02 1.308542e+01 -2.415194e-03 9.999868e-01 4.543336e-03 -1.840417e+00 1.323618e-02 -4.510984e-03 9.999022e-01 6.385231e+01
9.999836e-01 8.352635e-04 5.674084e-03 1.334303e+01 -8.139532e-04 9.999926e-01 -3.756911e-03 -1.829788e+00 -5.677179e-03 3.752231e-03 9.999768e-01 6.276147e+01
9.999021e-01 2.216604e-03 -1.381575e-02 1.364714e+01 -2.150569e-03 9.999862e-01 4.792749e-03 -1.817405e+00 1.382618e-02 -4.762568e-03 9.998931e-01 6.162684e+01
9.999899e-01 7.641633e-04 4.426679e-03 1.396579e+01 -7.484334e-04 9.999934e-01 -3.553893e-03 -1.807688e+00 -4.429365e-03 3.550545e-03 9.999839e-01 6.057150e+01
9.999404e-01 2.598794e-03 -1.060109e-02 1.418084e+01 -2.553317e-03 9.999875e-01 4.301235e-03 -1.797015e+00 1.061213e-02 -4.273911e-03 9.999346e-01 5.950572e+01
9.999922e-01 1.421292e-03 3.691420e-03 1.445912e+01 -1.406047e-03 9.999905e-01 -4.129227e-03 -1.780682e+00 -3.697254e-03 4.124005e-03 9.999847e-01 5.801360e+01
9.999517e-01 1.980445e-03 -9.626851e-03 1.463313e+01 -1.939970e-03 9.999892e-01 4.211966e-03 -1.763800e+00 9.635089e-03 -4.193087e-03 9.999448e-01 5.670931e+01
9.999989e-01 9.808975e-04 1.100024e-03 1.499619e+01 -9.776400e-04 9.999951e-01 -2.957515e-03 -1.753420e+00 -1.102920e-03 2.956437e-03 9.999950e-01 5.561787e+01
9.999441e-01 1.904944e-03 -1.039743e-02 1.539938e+01 -1.860685e-03 9.999892e-01 4.264813e-03 -1.742465e+00 1.040545e-02 -4.245229e-03 9.999369e-01 5.447863e+01
9.999985e-01 4.796371e-04 1.645723e-03 1.563726e+01 -4.745151e-04 9.999950e-01 -3.110956e-03 -1.737053e+00 -1.647206e-03 3.110171e-03 9.999938e-01 5.373080e+01
9.999298e-01 1.874343e-03 -1.170270e-02 1.584900e+01 -1.820585e-03 9.999878e-01 4.602696e-03 -1.732605e+00 1.171118e-02 -4.581067e-03 9.999209e-01 5.309580e+01
9.999979e-01 9.403083e-04 1.805298e-03 1.634170e+01 -9.350019e-04 9.999952e-01 -2.937673e-03 -1.724009e+00 -1.808051e-03 2.935979e-03 9.999941e-01 5.198174e+01
9.999326e-01 1.273431e-03 -1.154111e-02 1.658999e+01 -1.224953e-03 9.999904e-01 4.206572e-03 -1.719262e+00 1.154636e-02 -4.192152e-03 9.999246e-01 5.127204e+01
9.999975e-01 1.072545e-03 1.957136e-03 1.676588e+01 -1.067053e-03 9.999955e-01 -2.804942e-03 -1.716531e+00 -1.960135e-03 2.802847e-03 9.999942e-01 5.075210e+01
9.999380e-01 1.782824e-03 -1.099247e-02 1.707781e+01 -1.737938e-03 9.999901e-01 4.091609e-03 -1.708564e+00 1.099966e-02 -4.072252e-03 9.999312e-01 4.980696e+01
9.999991e-01 1.062884e-03 8.335768e-04 1.752366e+01 -1.060658e-03 9.999959e-01 -2.665003e-03 -1.697826e+00 -8.364059e-04 2.664117e-03 9.999961e-01 4.863142e+01
9.999542e-01 7.727452e-04 -9.543225e-03 1.775010e+01 -7.362812e-04 9.999924e-01 3.823902e-03 -1.701064e+00 9.546108e-03 -3.816701e-03 9.999472e-01 4.826968e+01
9.999821e-01 1.384959e-04 -5.975530e-03 1.814375e+01 -1.413204e-04 9.999999e-01 -4.723457e-04 -1.704243e+00 5.975463e-03 4.731822e-04 9.999820e-01 4.795485e+01
9.999679e-01 1.867677e-03 -7.797013e-03 1.865088e+01 -1.848929e-03 9.999954e-01 2.411011e-03 -1.698293e+00 7.801480e-03 -2.396518e-03 9.999667e-01 4.702518e+01
9.999976e-01 8.343002e-05 -2.211642e-03 1.880811e+01 -8.549383e-05 9.999996e-01 -9.333161e-04 -1.697154e+00 2.211563e-03 9.335034e-04 9.999971e-01 4.657847e+01
9.999779e-01 2.736172e-03 -6.062366e-03 1.904134e+01 -2.723510e-03 9.999941e-01 2.095895e-03 -1.691382e+00 6.068065e-03 -2.079339e-03 9.999794e-01 4.577957e+01
9.999961e-01 8.280931e-05 -2.782543e-03 1.929381e+01 -8.576819e-05 9.999994e-01 -1.063459e-03 -1.681896e+00 2.782453e-03 1.063694e-03 9.999956e-01 4.478188e+01
9.999799e-01 3.106733e-03 -5.528190e-03 1.978274e+01 -3.089536e-03 9.999904e-01 3.116657e-03 -1.675857e+00 5.537819e-03 -3.099515e-03 9.999799e-01 4.375172e+01
9.999811e-01 -4.713500e-04 -6.122078e-03 2.031918e+01 4.638539e-04 9.999991e-01 -1.225873e-03 -1.666110e+00 6.122651e-03 1.223010e-03 9.999805e-01 4.259613e+01
9.999927e-01 3.375463e-03 -1.799752e-03 2.057843e+01 -3.371248e-03 9.999916e-01 2.340088e-03 -1.657891e+00 1.807635e-03 -2.334004e-03 9.999956e-01 4.167339e+01
9.999817e-01 -7.703981e-04 -5.996127e-03 2.075637e+01 7.599573e-04 9.999982e-01 -1.743431e-03 -1.651554e+00 5.997459e-03 1.738843e-03 9.999805e-01 4.087222e+01
9.999885e-01 3.211626e-03 -3.564138e-03 2.094540e+01 -3.200288e-03 9.999898e-01 3.182468e-03 -1.646123e+00 3.574322e-03 -3.171025e-03 9.999886e-01 4.016299e+01
9.999877e-01 -1.593375e-03 -4.694254e-03 2.096368e+01 1.581862e-03 9.999957e-01 -2.455438e-03 -1.647352e+00 4.698146e-03 2.447983e-03 9.999860e-01 3.999701e+01
9.999741e-01 2.942613e-03 -6.574491e-03 2.105502e+01 -2.908754e-03 9.999825e-01 5.153739e-03 -1.648748e+00 6.589541e-03 -5.134482e-03 9.999651e-01 3.989766e+01
9.999945e-01 -2.973338e-04 -3.303674e-03 2.136807e+01 2.843658e-04 9.999923e-01 -3.925265e-03 -1.639926e+00 3.304816e-03 3.924304e-03 9.999868e-01 3.892613e+01
9.999798e-01 3.301616e-03 -5.434572e-03 2.173080e+01 -3.273660e-03 9.999814e-01 5.145173e-03 -1.628167e+00 5.451459e-03 -5.127279e-03 9.999720e-01 3.778883e+01
9.999938e-01 -3.308696e-04 -3.504253e-03 2.209883e+01 3.167754e-04 9.999919e-01 -4.021969e-03 -1.616966e+00 3.505556e-03 4.020835e-03 9.999858e-01 3.665266e+01
9.999776e-01 3.299194e-03 -5.832050e-03 2.252943e+01 -3.268647e-03 9.999809e-01 5.239584e-03 -1.604605e+00 5.849225e-03 -5.220404e-03 9.999693e-01 3.540436e+01
9.999951e-01 -2.747016e-04 -3.124752e-03 2.289985e+01 2.620302e-04 9.999917e-01 -4.055044e-03 -1.592755e+00 3.125840e-03 4.054206e-03 9.999869e-01 3.423640e+01
9.999807e-01 3.012593e-03 -5.427706e-03 2.327909e+01 -2.984186e-03 9.999818e-01 5.234320e-03 -1.582298e+00 5.443377e-03 -5.218022e-03 9.999716e-01 3.316511e+01
9.999882e-01 -8.763073e-04 -4.776851e-03 2.360524e+01 8.584276e-04 9.999926e-01 -3.743864e-03 -1.575624e+00 4.780097e-03 3.739719e-03 9.999816e-01 3.235847e+01
9.999878e-01 3.455147e-03 -3.543854e-03 2.387966e+01 -3.437464e-03 9.999817e-01 4.983879e-03 -1.569065e+00 3.561009e-03 -4.971636e-03 9.999813e-01 3.153224e+01
9.999872e-01 -6.932869e-04 -5.009799e-03 2.418407e+01 6.742744e-04 9.999926e-01 -3.795870e-03 -1.560105e+00 5.012394e-03 3.792444e-03 9.999802e-01 3.056713e+01
9.999850e-01 3.631500e-03 -4.091929e-03 2.456647e+01 -3.610634e-03 9.999805e-01 5.095298e-03 -1.549523e+00 4.110353e-03 -5.080448e-03 9.999786e-01 2.946272e+01
9.999878e-01 -7.117000e-04 -4.889853e-03 2.490573e+01 6.921070e-04 9.999917e-01 -4.007499e-03 -1.538456e+00 4.892665e-03 4.004066e-03 9.999800e-01 2.836126e+01
9.999887e-01 3.560483e-03 -3.136363e-03 2.514806e+01 -3.544755e-03 9.999812e-01 5.006039e-03 -1.528492e+00 3.154128e-03 -4.994865e-03 9.999826e-01 2.738176e+01
9.999908e-01 -8.233971e-04 -4.198397e-03 2.532732e+01 8.065101e-04 9.999916e-01 -4.022479e-03 -1.519357e+00 4.201674e-03 4.019056e-03 9.999831e-01 2.651753e+01
9.999901e-01 3.235789e-03 -3.053846e-03 2.543829e+01 -3.220547e-03 9.999824e-01 4.983080e-03 -1.511928e+00 3.069916e-03 -4.973196e-03 9.999829e-01 2.584270e+01
9.999939e-01 -4.062993e-04 -3.481789e-03 2.566791e+01 3.925461e-04 9.999921e-01 -3.949977e-03 -1.502148e+00 3.483367e-03 3.948587e-03 9.999861e-01 2.493349e+01
9.999752e-01 3.765135e-03 -5.944304e-03 2.615411e+01 -3.733848e-03 9.999792e-01 5.265807e-03 -1.489268e+00 5.964007e-03 -5.243482e-03 9.999685e-01 2.356606e+01
9.999889e-01 -6.114812e-04 -4.663757e-03 2.659509e+01 5.927997e-04 9.999918e-01 -4.006151e-03 -1.476061e+00 4.666168e-03 4.003342e-03 9.999811e-01 2.222731e+01
9.999902e-01 2.645941e-03 -3.542713e-03 2.674144e+01 -2.629170e-03 9.999854e-01 4.730200e-03 -1.473201e+00 3.555177e-03 -4.720840e-03 9.999825e-01 2.170192e+01
9.999608e-01 -2.920937e-03 -8.359801e-03 2.678091e+01 2.905063e-03 9.999940e-01 -1.910448e-03 -1.489570e+00 8.365330e-03 1.886088e-03 9.999632e-01 2.232507e+01
9.999931e-01 3.299628e-03 -1.693865e-03 2.685179e+01 -3.290740e-03 9.999809e-01 5.223588e-03 -1.492487e+00 1.711068e-03 -5.217978e-03 9.999849e-01 2.248902e+01
9.999769e-01 -5.664921e-04 -6.774684e-03 2.702423e+01 5.373296e-04 9.999906e-01 -4.305764e-03 -1.483827e+00 6.777059e-03 4.302024e-03 9.999678e-01 2.160999e+01
9.999945e-01 3.319814e-03 -1.258841e-04 2.718592e+01 -3.319135e-03 9.999817e-01 5.059517e-03 -1.475676e+00 1.426784e-04 -5.059072e-03 9.999872e-01 2.076166e+01
9.999723e-01 -7.217689e-04 -7.407969e-03 2.733242e+01 6.895532e-04 9.999903e-01 -4.350493e-03 -1.467855e+00 7.411037e-03 4.345265e-03 9.999631e-01 1.996993e+01
9.999941e-01 3.433613e-03 2.271087e-04 2.749658e+01 -3.434781e-03 9.999797e-01 5.357615e-03 -1.458137e+00 -2.087081e-04 -5.358364e-03 9.999856e-01 1.911360e+01
9.999679e-01 -1.195976e-03 -7.921440e-03 2.760381e+01 1.160267e-03 9.999892e-01 -4.511008e-03 -1.453657e+00 7.926749e-03 4.501673e-03 9.999584e-01 1.854063e+01
9.999926e-01 3.817955e-03 3.808791e-04 2.781271e+01 -3.820066e-03 9.999764e-01 5.703109e-03 -1.449113e+00 -3.590959e-04 -5.704523e-03 9.999837e-01 1.783353e+01
9.999583e-01 -1.321747e-03 -9.039633e-03 2.805092e+01 1.278246e-03 9.999876e-01 -4.816499e-03 -1.447605e+00 9.045887e-03 4.804744e-03 9.999475e-01 1.713954e+01
9.999903e-01 3.691587e-03 -2.406459e-03 2.836246e+01 -3.675318e-03 9.999706e-01 6.730764e-03 -1.440931e+00 2.431235e-03 -6.721855e-03 9.999745e-01 1.627089e+01
9.999829e-01 -5.931141e-04 -5.826189e-03 2.876180e+01 5.608713e-04 9.999845e-01 -5.534301e-03 -1.436191e+00 5.829381e-03 5.530939e-03 9.999677e-01 1.524148e+01
9.999799e-01 2.343816e-03 -5.886841e-03 2.894066e+01 -2.303526e-03 9.999739e-01 6.841809e-03 -1.438640e+00 5.902724e-03 -6.828111e-03 9.999593e-01 1.487399e+01
9.999676e-01 -2.599870e-03 -7.614109e-03 2.901523e+01 2.570066e-03 9.999890e-01 -3.921667e-03 -1.456498e+00 7.624221e-03 3.901972e-03 9.999633e-01 1.551024e+01
9.999953e-01 2.199584e-03 -2.113581e-03 2.909521e+01 -2.183569e-03 9.999691e-01 7.549871e-03 -1.468640e+00 2.130122e-03 -7.545221e-03 9.999693e-01 1.609900e+01
9.999581e-01 9.305290e-05 -9.150118e-03 2.941288e+01 -1.419411e-04 9.999857e-01 -5.342474e-03 -1.464915e+00 9.149490e-03 5.343549e-03 9.999439e-01 1.542479e+01
9.999958e-01 2.636840e-03 -1.212084e-03 2.992333e+01 -2.628476e-03 9.999731e-01 6.851650e-03 -1.454605e+00 1.230118e-03 -6.848435e-03 9.999758e-01 1.420362e+01
9.999620e-01 3.506030e-04 -8.714802e-03 3.038773e+01 -3.983822e-04 9.999849e-01 -5.481482e-03 -1.443351e+00 8.712748e-03 5.484746e-03 9.999470e-01 1.296631e+01
9.999947e-01 2.520427e-03 -2.061755e-03 3.091324e+01 -2.505861e-03 9.999721e-01 7.037422e-03 -1.431904e+00 2.079434e-03 -7.032219e-03 9.999731e-01 1.167794e+01
9.999678e-01 3.609786e-04 -8.022813e-03 3.138737e+01 -4.060350e-04 9.999842e-01 -5.615196e-03 -1.421073e+00 8.020659e-03 5.618273e-03 9.999521e-01 1.047865e+01
9.999931e-01 2.757486e-03 -2.486478e-03 3.188637e+01 -2.740345e-03 9.999726e-01 6.871249e-03 -1.408965e+00 2.505358e-03 -6.864389e-03 9.999733e-01 9.115079e+00
9.999742e-01 4.176771e-05 -7.177984e-03 3.228531e+01 -8.183325e-05 9.999844e-01 -5.581613e-03 -1.398492e+00 7.177639e-03 5.582057e-03 9.999587e-01 7.998217e+00
9.999939e-01 2.705100e-03 -2.187532e-03 3.264200e+01 -2.689783e-03 9.999721e-01 6.975281e-03 -1.389981e+00 2.206340e-03 -6.969355e-03 9.999733e-01 7.005666e+00
9.999827e-01 4.850958e-04 -5.860084e-03 3.296984e+01 -5.196217e-04 9.999825e-01 -5.891733e-03 -1.379258e+00 5.857123e-03 5.894676e-03 9.999655e-01 5.887031e+00
9.999926e-01 2.452544e-03 -2.971207e-03 3.334071e+01 -2.431694e-03 9.999725e-01 7.001164e-03 -1.368140e+00 2.988296e-03 -6.993887e-03 9.999711e-01 4.713192e+00
9.999794e-01 8.152879e-05 -6.419058e-03 3.367515e+01 -1.194179e-04 9.999826e-01 -5.902531e-03 -1.359625e+00 6.418465e-03 5.903176e-03 9.999620e-01 3.786561e+00
9.999925e-01 1.110144e-03 -3.698484e-03 3.376462e+01 -1.084058e-03 9.999746e-01 7.047817e-03 -1.357528e+00 3.706214e-03 -7.043755e-03 9.999683e-01 3.485232e+00
9.999776e-01 -6.819778e-04 -6.658161e-03 3.377862e+01 6.493438e-04 9.999878e-01 -4.902386e-03 -1.366241e+00 6.661423e-03 4.897953e-03 9.999658e-01 3.846769e+00
9.999988e-01 7.412097e-04 -1.331115e-03 3.380337e+01 -7.310229e-04 9.999706e-01 7.637593e-03 -1.373361e+00 1.336737e-03 -7.636611e-03 9.999699e-01 4.282786e+00
9.999793e-01 7.672769e-04 -6.382774e-03 3.393190e+01 -8.005036e-04 9.999861e-01 -5.204859e-03 -1.371418e+00 6.378692e-03 5.209861e-03 9.999661e-01 4.076803e+00
9.999940e-01 1.956901e-03 -2.850894e-03 3.422256e+01 -1.939217e-03 9.999789e-01 6.192791e-03 -1.364866e+00 2.862952e-03 -6.187226e-03 9.999768e-01 3.162585e+00
9.999765e-01 1.072667e-03 -6.768480e-03 3.453653e+01 -1.105973e-03 9.999873e-01 -4.919120e-03 -1.353958e+00 6.763118e-03 4.926491e-03 9.999650e-01 2.005784e+00
9.999963e-01 1.900128e-03 -1.934962e-03 3.486099e+01 -1.888570e-03 9.999805e-01 5.958095e-03 -1.342236e+00 1.946245e-03 -5.954419e-03 9.999804e-01 8.774671e-01
9.999819e-01 9.396902e-04 -5.936797e-03 3.513907e+01 -9.687463e-04 9.999876e-01 -4.893371e-03 -1.331974e+00 5.932124e-03 4.899034e-03 9.999704e-01 -1.348800e-01
9.999844e-01 1.405956e-04 -5.580264e-03 3.518320e+01 -1.017959e-04 9.999758e-01 6.952811e-03 -1.342520e+00 5.581107e-03 -6.952135e-03 9.999603e-01 1.586467e-01
9.999782e-01 1.565585e-04 -6.602102e-03 3.531647e+01 -1.779216e-04 9.999948e-01 -3.235441e-03 -1.347700e+00 6.601561e-03 3.236546e-03 9.999730e-01 3.026863e-01
9.999952e-01 2.628591e-03 -1.635383e-03 3.560046e+01 -2.621508e-03 9.999872e-01 4.318309e-03 -1.337154e+00 1.646713e-03 -4.314001e-03 9.999893e-01 -7.030307e-01
9.999737e-01 5.614094e-04 -7.228733e-03 3.606232e+01 -5.833827e-04 9.999952e-01 -3.038052e-03 -1.324659e+00 7.226993e-03 3.042189e-03 9.999693e-01 -1.988285e+00
9.999924e-01 2.306589e-03 -3.143428e-03 3.650502e+01 -2.293192e-03 9.999883e-01 4.259174e-03 -1.311585e+00 3.153215e-03 -4.251933e-03 9.999860e-01 -3.260574e+00
9.999888e-01 5.801798e-04 -4.696112e-03 3.673996e+01 -5.956804e-04 9.999944e-01 -3.300145e-03 -1.301175e+00 4.694171e-03 3.302906e-03 9.999835e-01 -4.238135e+00
9.999903e-01 2.377963e-03 -3.718831e-03 3.712872e+01 -2.361317e-03 9.999872e-01 4.474373e-03 -1.289617e+00 3.729423e-03 -4.465548e-03 9.999831e-01 -5.401353e+00
9.999868e-01 8.529493e-04 -5.057433e-03 3.753004e+01 -8.697785e-04 9.999941e-01 -3.326493e-03 -1.275911e+00 5.054566e-03 3.330848e-03 9.999817e-01 -6.662612e+00
9.999908e-01 2.022040e-03 -3.771169e-03 3.784724e+01 -2.005422e-03 9.999883e-01 4.405226e-03 -1.264324e+00 3.780033e-03 -4.397623e-03 9.999832e-01 -7.767599e+00
9.999840e-01 9.663051e-04 -5.573721e-03 3.841000e+01 -9.828754e-04 9.999951e-01 -2.971088e-03 -1.252972e+00 5.570822e-03 2.976519e-03 9.999801e-01 -9.075766e+00
9.999781e-01 2.052110e-03 -6.295944e-03 3.906138e+01 -2.023580e-03 9.999877e-01 4.534506e-03 -1.236694e+00 6.305172e-03 -4.521667e-03 9.999699e-01 -1.060755e+01
9.999888e-01 1.113419e-03 -4.604674e-03 3.961202e+01 -1.128004e-03 9.999944e-01 -3.166195e-03 -1.221284e+00 4.601123e-03 3.171354e-03 9.999844e-01 -1.205949e+01
9.999897e-01 1.827340e-03 -4.154488e-03 3.993965e+01 -1.810456e-03 9.999901e-01 4.064431e-03 -1.213001e+00 4.161874e-03 -4.056867e-03 9.999831e-01 -1.308967e+01
9.999713e-01 1.823506e-03 -7.351677e-03 4.042629e+01 -1.844077e-03 9.999944e-01 -2.792447e-03 -1.197379e+00 7.346544e-03 2.805924e-03 9.999691e-01 -1.457485e+01
9.999960e-01 1.895726e-03 -2.099279e-03 4.087077e+01 -1.888762e-03 9.999927e-01 3.314772e-03 -1.176830e+00 2.105548e-03 -3.310794e-03 9.999923e-01 -1.621581e+01
9.999773e-01 1.150496e-03 -6.646493e-03 4.128269e+01 -1.167123e-03 9.999962e-01 -2.498434e-03 -1.161011e+00 6.643593e-03 2.506134e-03 9.999748e-01 -1.757350e+01
9.999846e-01 2.335157e-03 -5.027301e-03 4.188575e+01 -2.316789e-03 9.999906e-01 3.656420e-03 -1.144144e+00 5.035793e-03 -3.644717e-03 9.999807e-01 -1.916517e+01
9.999818e-01 2.174090e-03 -5.629618e-03 4.257187e+01 -2.190467e-03 9.999934e-01 -2.904672e-03 -1.117292e+00 5.623266e-03 2.916951e-03 9.999799e-01 -2.129660e+01
9.999804e-01 1.958166e-03 -5.946724e-03 4.340960e+01 -1.933196e-03 9.999893e-01 4.201835e-03 -1.087056e+00 5.954888e-03 -4.190257e-03 9.999735e-01 -2.367274e+01
9.999830e-01 2.121026e-03 -5.434355e-03 4.411401e+01 -2.138295e-03 9.999927e-01 -3.173941e-03 -1.062290e+00 5.427583e-03 3.185507e-03 9.999802e-01 -2.578588e+01
9.999856e-01 1.863877e-03 -5.039524e-03 4.461498e+01 -1.844506e-03 9.999909e-01 3.845880e-03 -1.041334e+00 5.046646e-03 -3.836529e-03 9.999799e-01 -2.758061e+01
9.999811e-01 2.249961e-03 -5.729634e-03 4.522740e+01 -2.267438e-03 9.999928e-01 -3.045626e-03 -1.020670e+00 5.722740e-03 3.058561e-03 9.999789e-01 -2.946937e+01
9.999914e-01 1.284269e-03 -3.952944e-03 4.564406e+01 -1.268413e-03 9.999912e-01 4.011350e-03 -1.004649e+00 3.958061e-03 -4.006302e-03 9.999841e-01 -3.097669e+01
9.999795e-01 2.200403e-03 -6.020892e-03 4.601349e+01 -2.219182e-03 9.999927e-01 -3.114077e-03 -9.905965e-01 6.013996e-03 3.127375e-03 9.999770e-01 -3.235748e+01
9.999950e-01 1.416696e-03 -2.821549e-03 4.639323e+01 -1.405924e-03 9.999917e-01 3.816304e-03 -9.764074e-01 2.826932e-03 -3.812318e-03 9.999887e-01 -3.376725e+01
9.999789e-01 1.975526e-03 -6.195867e-03 4.676910e+01 -1.991478e-03 9.999947e-01 -2.569565e-03 -9.636909e-01 6.190758e-03 2.581849e-03 9.999775e-01 -3.503058e+01
9.999924e-01 9.434843e-04 -3.778301e-03 4.722989e+01 -9.287174e-04 9.999919e-01 3.908385e-03 -9.520181e-01 3.781958e-03 -3.904846e-03 9.999852e-01 -3.626551e+01
9.999707e-01 2.005123e-03 -7.387279e-03 4.778614e+01 -2.021923e-03 9.999954e-01 -2.267434e-03 -9.404940e-01 7.382698e-03 2.282305e-03 9.999701e-01 -3.754250e+01
9.999882e-01 9.726302e-04 -4.768136e-03 4.840648e+01 -9.533766e-04 9.999914e-01 4.038742e-03 -9.287424e-01 4.772023e-03 -4.034148e-03 9.999805e-01 -3.886640e+01
9.999733e-01 1.971221e-03 -7.032329e-03 4.899636e+01 -1.987075e-03 9.999955e-01 -2.248303e-03 -9.178477e-01 7.027865e-03 2.262217e-03 9.999727e-01 -4.012558e+01
9.999884e-01 8.248976e-04 -4.751304e-03 4.953874e+01 -8.061932e-04 9.999919e-01 3.937418e-03 -9.083304e-01 4.754514e-03 -3.933542e-03 9.999810e-01 -4.130192e+01
