9.999737e-01 -2.358311e-04 -7.254255e-03 -1.191506e-01 2.337051e-04 9.999999e-01 -2.939082e-04 4.385241e-03 7.254323e-03 2.922044e-04 9.999736e-01 -4.364124e-03
9.999988e-01 1.529155e-04 -1.544970e-03 -1.462651e-01 -1.526749e-04 1.000000e+00 1.558403e-04 3.696129e-03 1.544994e-03 -1.556036e-04 9.999988e-01 -6.363223e-02
9.999799e-01 3.666936e-05 -6.343559e-03 -1.476198e-01 -3.928734e-05 9.999999e-01 -4.125689e-04 3.950112e-03 6.343543e-03 4.128091e-04 9.999798e-01 -2.100432e-01
9.999993e-01 -4.075144e-05 -1.166163e-03 -2.039595e-01 4.089615e-05 1.000000e+00 1.240374e-04 5.416990e-03 1.166158e-03 -1.240843e-04 9.999993e-01 -2.895304e-01
9.999687e-01 2.594416e-04 -7.903584e-03 -1.740864e-01 -2.619988e-04 9.999999e-01 -3.225095e-04 2.152462e-03 7.903499e-03 3.245695e-04 9.999687e-01 -4.090876e-01
9.999988e-01 -2.787154e-04 -1.533883e-03 -1.909384e-01 2.794065e-04 9.999999e-01 4.503305e-04 -1.081423e-03 1.533757e-03 -4.507578e-04 9.999987e-01 -3.899282e-01
9.999655e-01 5.240937e-04 -8.293113e-03 -1.765626e-01 -5.282447e-04 9.999997e-01 -4.983498e-04 -6.597805e-03 8.292850e-03 5.027126e-04 9.999655e-01 -4.146098e-01
9.999968e-01 -6.308091e-04 -2.461699e-03 -2.213591e-01 6.328501e-04 9.999995e-01 8.284008e-04 -1.092093e-02 2.461175e-03 -8.299553e-04 9.999966e-01 -2.856637e-01
9.999826e-01 4.355491e-04 -5.887822e-03 -3.188575e-01 -4.418813e-04 9.999993e-01 -1.074214e-03 -1.025313e-02 5.887350e-03 1.076797e-03 9.999821e-01 -2.398033e-01
9.999978e-01 -3.244198e-04 -2.049348e-03 -3.613647e-01 3.258244e-04 9.999997e-01 6.850629e-04 -9.950621e-03 2.049126e-03 -6.857284e-04 9.999977e-01 -3.132019e-01
9.999806e-01 6.867593e-04 -6.187464e-03 -2.910065e-01 -6.919667e-04 9.999994e-01 -8.394897e-04 -1.351069e-02 6.186883e-03 8.437543e-04 9.999805e-01 -4.867596e-01
9.999999e-01 5.952940e-06 5.113084e-04 -1.147693e-01 -6.223827e-06 9.999999e-01 5.299116e-04 -1.690078e-02 -5.113049e-04 -5.299140e-04 9.999997e-01 -8.113680e-01
9.999735e-01 7.104203e-05 -7.283673e-03 -1.106833e-01 -7.655639e-05 9.999997e-01 -7.568007e-04 -1.458459e-02 7.283617e-03 7.573375e-04 9.999732e-01 -9.878591e-01
9.999999e-01 -4.652398e-04 -1.895720e-04 -2.262961e-01 4.653258e-04 9.999998e-01 4.534111e-04 -1.019794e-02 1.893613e-04 -4.534986e-04 9.999999e-01 -1.004723e+00
9.999833e-01 1.261056e-04 -5.776258e-03 -3.638995e-01 -1.315545e-04 9.999995e-01 -9.429501e-04 -3.817497e-03 5.776136e-03 9.436935e-04 9.999829e-01 -1.039244e+00
9.999916e-01 -5.446672e-04 -4.055059e-03 -4.853278e-01 5.496889e-04 9.999991e-01 1.237363e-03 -2.163280e-03 4.054382e-03 -1.239580e-03 9.999910e-01 -8.700792e-01
9.999892e-01 3.758009e-04 -4.640233e-03 -5.868366e-01 -3.820046e-04 9.999990e-01 -1.336106e-03 -1.782575e-03 4.639726e-03 1.337863e-03 9.999883e-01 -7.748515e-01
9.999925e-01 -4.571967e-04 -3.853414e-03 -6.313495e-01 4.614585e-04 9.999993e-01 1.105147e-03 -1.533223e-03 3.852907e-03 -1.106916e-03 9.999920e-01 -8.379444e-01
9.999957e-01 4.531017e-04 -2.898552e-03 -7.022529e-01 -4.575085e-04 9.999987e-01 -1.519814e-03 1.065741e-03 2.897859e-03 1.521133e-03 9.999946e-01 -9.205932e-01
9.999935e-01 -1.571868e-04 -3.612782e-03 -6.987452e-01 1.606581e-04 9.999995e-01 9.605231e-04 2.049878e-03 3.612629e-03 -9.610966e-04 9.999930e-01 -1.103086e+00
9.999996e-01 2.934065e-04 -8.419382e-04 -7.805426e-01 -2.947998e-04 9.999986e-01 -1.655057e-03 9.098499e-03 8.414511e-04 1.655304e-03 9.999983e-01 -1.245905e+00
9.999935e-01 2.347804e-04 -3.611457e-03 -6.840834e-01 -2.304965e-04 9.999993e-01 1.186526e-03 9.424823e-03 3.611733e-03 -1.185685e-03 9.999928e-01 -1.528661e+00
9.999997e-01 1.241256e-04 -7.445071e-04 -6.310757e-01 -1.253618e-04 9.999986e-01 -1.660424e-03 1.191980e-02 7.442996e-04 1.660516e-03 9.999983e-01 -1.769477e+00
9.999916e-01 2.637652e-04 -4.095878e-03 -5.873402e-01 -2.595387e-04 9.999994e-01 1.032358e-03 1.215561e-02 4.096148e-03 -1.031285e-03 9.999911e-01 -1.985858e+00
9.999988e-01 2.822486e-05 -1.540515e-03 -5.320918e-01 -3.029591e-05 9.999991e-01 -1.344321e-03 1.173152e-02 1.540475e-03 1.344365e-03 9.999979e-01 -2.172473e+00
9.999840e-01 2.208455e-04 -5.661081e-03 -5.080160e-01 -2.147142e-04 9.999994e-01 1.083617e-03 9.188871e-03 5.661317e-03 -1.082383e-03 9.999834e-01 -2.294491e+00
9.999985e-01 3.341873e-04 -1.708469e-03 -4.159157e-01 -3.367072e-04 9.999989e-01 -1.474793e-03 4.900021e-03 1.707973e-03 1.475365e-03 9.999975e-01 -2.497746e+00
9.999961e-01 2.954066e-04 -2.773092e-03 -2.260227e-01 -2.922387e-04 9.999993e-01 1.142689e-03 2.056514e-03 2.773428e-03 -1.141873e-03 9.999955e-01 -2.852140e+00
9.999991e-01 3.205394e-04 -1.318728e-03 -5.098111e-02 -3.225777e-04 9.999988e-01 -1.545638e-03 3.131805e-04 1.318231e-03 1.546061e-03 9.999979e-01 -3.202974e+00
9.999965e-01 3.625773e-04 -2.634050e-03 1.470051e-01 -3.592526e-04 9.999991e-01 1.262529e-03 -1.997505e-03 2.634506e-03 -1.261577e-03 9.999957e-01 -3.560009e+00
9.999978e-01 6.742735e-05 -2.087916e-03 1.851152e-01 -7.112133e-05 9.999984e-01 -1.769148e-03 -1.405728e-03 2.087793e-03 1.769292e-03 9.999963e-01 -3.755753e+00
9.999973e-01 3.169221e-04 -2.307012e-03 2.151377e-01 -3.143372e-04 9.999993e-01 1.120670e-03 6.199032e-04 2.307366e-03 -1.119941e-03 9.999967e-01 -3.977912e+00
9.999997e-01 -4.960817e-05 -7.745788e-04 1.974672e-01 4.818024e-05 9.999983e-01 -1.843273e-03 5.466430e-03 7.746686e-04 1.843234e-03 9.999980e-01 -4.189796e+00
9.999961e-01 5.880549e-04 -2.719259e-03 2.999215e-01 -5.845706e-04 9.999990e-01 1.281920e-03 6.075536e-03 2.720011e-03 -1.280325e-03 9.999955e-01 -4.492066e+00
9.999997e-01 2.659099e-05 -7.346564e-04 4.329035e-01 -2.791546e-05 9.999984e-01 -1.802753e-03 6.769789e-03 7.346070e-04 1.802772e-03 9.999981e-01 -4.834239e+00
9.999978e-01 4.509498e-04 -2.063828e-03 4.985211e-01 -4.484761e-04 9.999992e-01 1.198854e-03 1.094329e-02 2.064367e-03 -1.197925e-03 9.999972e-01 -5.135490e+00
9.999998e-01 -2.021014e-04 -6.364210e-04 4.722510e-01 2.008484e-04 9.999980e-01 -1.968000e-03 1.870142e-02 6.368172e-04 1.967871e-03 9.999979e-01 -5.387516e+00
9.999982e-01 5.261700e-04 -1.828232e-03 4.269750e-01 -5.240063e-04 9.999992e-01 1.183714e-03 2.697172e-02 1.828854e-03 -1.182753e-03 9.999976e-01 -5.615228e+00
9.999851e-01 -4.195843e-04 5.436667e-03 2.278108e-01 4.354408e-04 9.999957e-01 -2.915755e-03 4.977034e-02 -5.435420e-03 2.918079e-03 9.999810e-01 -5.896881e+00
9.999992e-01 5.207880e-04 1.114100e-03 -2.633314e-02 -5.216504e-04 9.999996e-01 7.740951e-04 7.932536e-02 -1.113696e-03 -7.746750e-04 9.999991e-01 -6.239595e+00
9.999684e-01 -6.447303e-04 7.929108e-03 -3.996942e-01 6.686846e-04 9.999952e-01 -3.018793e-03 1.155501e-01 -7.927124e-03 3.023999e-03 9.999640e-01 -6.457172e+00
9.999888e-01 6.183631e-04 -4.696883e-03 -6.307347e-01 -6.118335e-04 9.999988e-01 1.391496e-03 1.376596e-01 4.697739e-03 -1.388606e-03 9.999880e-01 -6.635498e+00
9.999798e-01 -4.004524e-04 6.339179e-03 -8.027507e-01 4.190008e-04 9.999956e-01 -2.924954e-03 1.561579e-01 -6.337981e-03 2.927550e-03 9.999756e-01 -6.896998e+00
9.999886e-01 5.238602e-04 -4.752786e-03 -9.574772e-01 -5.159638e-04 9.999985e-01 1.662470e-03 1.720824e-01 4.753650e-03 -1.659998e-03 9.999873e-01 -7.096068e+00
9.999974e-01 -3.810011e-04 2.265035e-03 -1.048214e+00 3.872040e-04 9.999962e-01 -2.738789e-03 1.818195e-01 -2.263984e-03 2.739658e-03 9.999937e-01 -7.311599e+00
9.999999e-01 1.929871e-04 -5.081031e-04 -1.298410e+00 -1.923129e-04 9.999991e-01 1.326422e-03 2.018350e-01 5.083590e-04 -1.326323e-03 9.999990e-01 -7.420513e+00
9.999988e-01 -3.763901e-04 1.474699e-03 -1.536300e+00 3.806803e-04 9.999957e-01 -2.910120e-03 2.211428e-01 -1.473597e-03 2.910677e-03 9.999947e-01 -7.572995e+00
9.999946e-01 3.432168e-04 3.282396e-03 -1.813385e+00 -3.465639e-04 9.999994e-01 1.019253e-03 2.453912e-01 -3.282044e-03 -1.020384e-03 9.999941e-01 -7.760747e+00
9.999938e-01 -1.546510e-04 -3.508718e-03 -1.925023e+00 1.465648e-04 9.999973e-01 -2.304719e-03 2.580962e-01 3.509065e-03 2.304190e-03 9.999912e-01 -8.028801e+00
9.999867e-01 2.899327e-04 5.148072e-03 -2.082354e+00 -2.935975e-04 9.999997e-01 7.111575e-04 2.757165e-01 -5.147864e-03 -7.126588e-04 9.999865e-01 -8.329534e+00
9.999773e-01 -4.734094e-04 6.725682e-03 -2.492046e+00 4.976681e-04 9.999934e-01 -3.605671e-03 3.142504e-01 -6.723931e-03 3.608935e-03 9.999709e-01 -8.633641e+00
9.999977e-01 4.014514e-04 2.120678e-03 -2.759292e+00 -4.038917e-04 9.999993e-01 1.150455e-03 3.459473e-01 -2.120214e-03 -1.151308e-03 9.999971e-01 -9.037835e+00
1.000000e+00 -1.057179e-04 7.389760e-05 -2.837681e+00 1.059028e-04 9.999969e-01 -2.507460e-03 3.616911e-01 -7.363262e-05 2.507467e-03 9.999969e-01 -9.447795e+00
9.999998e-01 5.893972e-04 3.492958e-04 -2.782406e+00 -5.899801e-04 9.999984e-01 1.671193e-03 3.713018e-01 -3.483100e-04 -1.671398e-03 9.999985e-01 -9.869552e+00
9.999992e-01 1.009630e-04 -1.222438e-03 -2.680136e+00 -1.045769e-04 9.999956e-01 -2.956569e-03 3.790922e-01 1.222134e-03 2.956694e-03 9.999949e-01 -1.038143e+01
9.999997e-01 7.296094e-04 2.676906e-06 -2.448918e+00 -7.296137e-04 9.999965e-01 2.542442e-03 3.821367e-01 -8.215776e-07 -2.542443e-03 9.999968e-01 -1.091939e+01
9.999999e-01 -1.315469e-04 5.007378e-04 -2.417468e+00 1.335131e-04 9.999923e-01 -3.928834e-03 3.936677e-01 -5.002174e-04 3.928899e-03 9.999922e-01 -1.140405e+01
9.999997e-01 6.984687e-04 3.656594e-04 -2.336977e+00 -6.995032e-04 9.999957e-01 2.837077e-03 4.041133e-01 -3.636759e-04 -2.837331e-03 9.999959e-01 -1.191556e+01
9.999998e-01 -9.042595e-05 -6.503706e-04 -2.184038e+00 8.812357e-05 9.999937e-01 -3.539110e-03 4.101840e-01 6.506863e-04 3.539051e-03 9.999935e-01 -1.241090e+01
9.999997e-01 7.254118e-04 1.106672e-04 -2.027309e+00 -7.256838e-04 9.999967e-01 2.478769e-03 4.174591e-01 -1.088684e-04 -2.478848e-03 9.999969e-01 -1.295473e+01
9.999970e-01 -3.797848e-04 2.399544e-03 -1.972406e+00 3.880999e-04 9.999939e-01 -3.465786e-03 4.309905e-01 -2.398214e-03 3.466707e-03 9.999911e-01 -1.345251e+01
9.999993e-01 2.759193e-04 1.110955e-03 -2.229223e+00 -2.778100e-04 9.999985e-01 1.702086e-03 4.544224e-01 -1.110483e-03 -1.702393e-03 9.999979e-01 -1.363632e+01
1.000000e+00 3.047614e-04 2.024967e-05 -2.148346e+00 -3.046948e-04 9.999948e-01 -3.215973e-03 4.662380e-01 -2.122999e-05 3.215966e-03 9.999948e-01 -1.419031e+01
9.999992e-01 3.544776e-04 1.253789e-03 -1.963744e+00 -3.575630e-04 9.999969e-01 2.461577e-03 4.752067e-01 -1.252912e-03 -2.462022e-03 9.999962e-01 -1.478999e+01
9.999980e-01 3.689321e-04 -1.967389e-03 -1.765377e+00 -3.751104e-04 9.999950e-01 -3.140844e-03 4.799250e-01 1.966220e-03 3.141575e-03 9.999931e-01 -1.533315e+01
9.999977e-01 1.387073e-04 2.147509e-03 -1.656108e+00 -1.443252e-04 9.999966e-01 2.616111e-03 4.865045e-01 -2.147138e-03 -2.616414e-03 9.999943e-01 -1.573298e+01
9.999785e-01 3.479639e-04 -6.555694e-03 -1.557518e+00 -3.675821e-04 9.999955e-01 -2.991556e-03 4.863188e-01 6.554623e-03 2.993900e-03 9.999740e-01 -1.600449e+01
9.999975e-01 3.104421e-04 2.217448e-03 -1.279734e+00 -3.164292e-04 9.999963e-01 2.700208e-03 4.802123e-01 -2.216601e-03 -2.700902e-03 9.999939e-01 -1.641763e+01
9.999895e-01 5.418260e-04 -4.539675e-03 -1.137215e+00 -5.577846e-04 9.999937e-01 -3.514811e-03 4.850465e-01 4.537741e-03 3.517306e-03 9.999835e-01 -1.689318e+01
9.999727e-01 -3.237072e-04 7.379688e-03 -1.257120e+00 3.084659e-04 9.999978e-01 2.066366e-03 5.024606e-01 -7.380341e-03 -2.064033e-03 9.999706e-01 -1.723072e+01
9.999607e-01 6.827159e-04 -8.835020e-03 -1.235261e+00 -7.065888e-04 9.999961e-01 -2.699228e-03 5.090241e-01 8.833142e-03 2.705364e-03 9.999573e-01 -1.751016e+01
9.999455e-01 -6.278302e-04 1.041944e-02 -1.419156e+00 6.149740e-04 9.999990e-01 1.237029e-03 5.255710e-01 -1.042021e-02 -1.230553e-03 9.999450e-01 -1.771238e+01
9.999767e-01 5.725704e-04 -6.803723e-03 -1.643502e+00 -5.924167e-04 9.999956e-01 -2.915302e-03 5.470733e-01 6.802024e-03 2.919264e-03 9.999726e-01 -1.793374e+01
9.999550e-01 -4.434943e-04 9.480582e-03 -1.802885e+00 4.295002e-04 9.999988e-01 1.478072e-03 5.655901e-01 -9.481226e-03 -1.473932e-03 9.999540e-01 -1.820498e+01
9.999554e-01 7.469621e-04 -9.415790e-03 -1.754653e+00 -7.716041e-04 9.999963e-01 -2.613720e-03 5.742844e-01 9.413802e-03 2.620868e-03 9.999523e-01 -1.861802e+01
9.999755e-01 -8.296243e-05 7.004503e-03 -1.600649e+00 6.630974e-05 9.999972e-01 2.377639e-03 5.765913e-01 -7.004681e-03 -2.377116e-03 9.999726e-01 -1.900672e+01
9.999545e-01 4.552087e-04 -9.529313e-03 -1.627055e+00 -4.856393e-04 9.999948e-01 -3.191287e-03 5.834892e-01 9.527810e-03 3.195769e-03 9.999495e-01 -1.924520e+01
9.999740e-01 -2.346389e-04 7.212117e-03 -1.693383e+00 2.170468e-04 9.999970e-01 2.439942e-03 5.914844e-01 -7.212668e-03 -2.438312e-03 9.999710e-01 -1.940890e+01
9.999327e-01 8.731457e-04 -1.156722e-02 -1.510568e+00 -9.084135e-04 9.999950e-01 -3.044032e-03 5.900574e-01 1.156450e-02 3.054334e-03 9.999285e-01 -1.980835e+01
9.999474e-01 1.585362e-04 1.025379e-02 -1.219844e+00 -1.832967e-04 9.999971e-01 2.413884e-03 5.909058e-01 -1.025338e-02 -2.415636e-03 9.999445e-01 -2.040734e+01
9.999214e-01 4.789729e-04 -1.252699e-02 -1.084130e+00 -5.133949e-04 9.999961e-01 -2.744748e-03 5.936523e-01 1.252563e-02 2.750963e-03 9.999178e-01 -2.078304e+01
9.999569e-01 -1.512355e-04 9.279187e-03 -1.099211e+00 1.324131e-04 9.999979e-01 2.029044e-03 5.981694e-01 -9.279475e-03 -2.027727e-03 9.999549e-01 -2.099276e+01
9.999484e-01 3.715127e-04 -1.015461e-02 -1.213970e+00 -4.021457e-04 9.999954e-01 -3.014774e-03 6.090812e-01 1.015344e-02 3.018701e-03 9.999439e-01 -2.115681e+01
9.999549e-01 -2.615159e-04 9.492238e-03 -1.346823e+00 2.452251e-04 9.999985e-01 1.717353e-03 6.224885e-01 -9.492672e-03 -1.714947e-03 9.999535e-01 -2.138499e+01
9.999702e-01 5.120960e-04 -7.697140e-03 -1.452419e+00 -5.349681e-04 9.999954e-01 -2.969735e-03 6.369096e-01 7.695583e-03 2.973763e-03 9.999660e-01 -2.166487e+01
9.999778e-01 -5.467567e-06 6.663367e-03 -1.413856e+00 -8.400119e-06 9.999978e-01 2.081170e-03 6.436376e-01 -6.663363e-03 -2.081179e-03 9.999756e-01 -2.201111e+01
9.999916e-01 6.787391e-05 -4.092518e-03 -1.581034e+00 -8.265248e-05 9.999935e-01 -3.611034e-03 6.633360e-01 4.092246e-03 3.611341e-03 9.999851e-01 -2.229292e+01
9.999693e-01 1.866831e-05 7.835151e-03 -1.739556e+00 -3.579906e-05 9.999976e-01 2.186276e-03 6.825963e-01 -7.835091e-03 -2.186488e-03 9.999669e-01 -2.254536e+01
9.999995e-01 -1.102928e-04 -1.029701e-03 -2.009871e+00 1.061212e-04 9.999918e-01 -4.050306e-03 7.119686e-01 1.030139e-03 4.050194e-03 9.999913e-01 -2.279724e+01
9.999988e-01 1.586786e-04 1.554892e-03 -2.161135e+00 -1.628513e-04 9.999964e-01 2.683931e-03 7.275504e-01 -1.554460e-03 -2.684181e-03 9.999952e-01 -2.302270e+01
9.999998e-01 -9.657653e-05 6.170661e-04 -2.330311e+00 9.912631e-05 9.999915e-01 -4.133568e-03 7.447415e-01 -6.166620e-04 4.133627e-03 9.999913e-01 -2.325550e+01
9.999981e-01 6.576183e-04 -1.853217e-03 -2.237579e+00 -6.520284e-04 9.999952e-01 3.015260e-03 7.504486e-01 1.855192e-03 -3.014045e-03 9.999937e-01 -2.370110e+01
9.999974e-01 3.346417e-04 2.259089e-03 -2.036439e+00 -3.257379e-04 9.999922e-01 -3.940596e-03 7.559440e-01 -2.260390e-03 3.939849e-03 9.999897e-01 -2.428605e+01
9.999903e-01 9.380090e-05 4.414245e-03 -2.137621e+00 -1.036112e-04 9.999975e-01 2.222257e-03 7.800064e-01 -4.414026e-03 -2.222692e-03 9.999878e-01 -2.477405e+01
9.999891e-01 -8.403321e-05 4.659105e-03 -2.355608e+00 1.028535e-04 9.999918e-01 -4.039403e-03 8.109396e-01 -4.658728e-03 4.039838e-03 9.999810e-01 -2.512657e+01
9.999857e-01 3.014356e-04 -5.340876e-03 -2.447823e+00 -2.858692e-04 9.999957e-01 2.915082e-03 8.226013e-01 5.341732e-03 -2.913513e-03 9.999815e-01 -2.536532e+01
9.999308e-01 -3.005095e-04 1.175707e-02 -2.698207e+00 3.594648e-04 9.999874e-01 -5.012674e-03 8.492941e-01 -1.175541e-02 5.016553e-03 9.999183e-01 -2.567225e+01
9.999637e-01 5.062282e-04 -8.507755e-03 -2.850118e+00 -4.750296e-04 9.999932e-01 3.668698e-03 8.669104e-01 8.509554e-03 -3.664522e-03 9.999571e-01 -2.591704e+01
9.999451e-01 -3.343879e-04 1.047488e-02 -2.992287e+00 3.866268e-04 9.999875e-01 -4.985447e-03 8.825759e-01 -1.047308e-02 4.989222e-03 9.999327e-01 -2.614381e+01
9.999496e-01 4.922782e-04 -1.002505e-02 -3.123851e+00 -4.544250e-04 9.999928e-01 3.777779e-03 8.957764e-01 1.002684e-02 -3.773033e-03 9.999426e-01 -2.634388e+01
9.999316e-01 -3.611445e-04 1.168610e-02 -3.278788e+00 4.224854e-04 9.999861e-01 -5.247016e-03 9.127014e-01 -1.168404e-02 5.251593e-03 9.999179e-01 -2.659132e+01
9.999462e-01 6.361057e-04 -1.035442e-02 -3.384332e+00 -5.937225e-04 9.999914e-01 4.095800e-03 9.266514e-01 1.035694e-02 -4.089431e-03 9.999380e-01 -2.684517e+01
9.999461e-01 -3.984668e-04 1.037952e-02 -3.483072e+00 4.538681e-04 9.999857e-01 -5.335761e-03 9.394962e-01 -1.037725e-02 5.340184e-03 9.999319e-01 -2.710715e+01
9.999374e-01 7.375814e-04 -1.116481e-02 -3.498878e+00 -6.877650e-04 9.999898e-01 4.465079e-03 9.481837e-01 1.116799e-02 -4.457120e-03 9.999277e-01 -2.739728e+01
9.999292e-01 -5.071019e-04 1.189130e-02 -3.586720e+00 5.758527e-04 9.999831e-01 -5.778897e-03 9.611434e-01 -1.188817e-02 5.785334e-03 9.999126e-01 -2.769250e+01
9.999693e-01 6.309445e-04 -7.813195e-03 -3.743967e+00 -5.979716e-04 9.999909e-01 4.221762e-03 9.813360e-01 7.815788e-03 -4.216960e-03 9.999606e-01 -2.800564e+01
9.999490e-01 -4.957083e-04 1.008617e-02 -3.918292e+00 5.511476e-04 9.999848e-01 -5.494545e-03 9.987282e-01 -1.008329e-02 5.499823e-03 9.999340e-01 -2.819923e+01
9.999397e-01 5.737288e-04 -1.096503e-02 -4.088096e+00 -5.257484e-04 9.999903e-01 4.378144e-03 1.011425e+00 1.096744e-02 -4.372115e-03 9.999303e-01 -2.829403e+01
9.999833e-01 -2.244415e-04 5.774258e-03 -4.108278e+00 2.527058e-04 9.999880e-01 -4.894632e-03 1.012774e+00 -5.773091e-03 4.896009e-03 9.999713e-01 -2.841196e+01
9.999321e-01 5.971238e-04 -1.163720e-02 -4.051432e+00 -5.442748e-04 9.999895e-01 4.544016e-03 1.011152e+00 1.163979e-02 -4.537373e-03 9.999220e-01 -2.857881e+01
9.999828e-01 -1.749039e-04 5.862921e-03 -4.028615e+00 2.037707e-04 9.999879e-01 -4.923402e-03 1.010916e+00 -5.861989e-03 4.924511e-03 9.999707e-01 -2.871801e+01
9.999127e-01 3.411440e-04 -1.321211e-02 -4.109167e+00 -2.787114e-04 9.999888e-01 4.726951e-03 1.012623e+00 1.321357e-02 -4.722855e-03 9.999015e-01 -2.870829e+01
9.999824e-01 4.347907e-05 5.940536e-03 -4.175934e+00 -1.301863e-05 9.999869e-01 -5.127518e-03 1.014148e+00 -5.940681e-03 5.127350e-03 9.999692e-01 -2.871157e+01
9.998765e-01 1.218814e-04 -1.571237e-02 -4.223567e+00 -4.003088e-05 9.999864e-01 5.209508e-03 1.010820e+00 1.571279e-02 -5.208236e-03 9.998630e-01 -2.862602e+01
9.999916e-01 -2.378328e-04 4.103968e-03 -4.237004e+00 2.573852e-04 9.999886e-01 -4.764417e-03 1.002852e+00 -4.102789e-03 4.765433e-03 9.999802e-01 -2.840626e+01
9.998683e-01 -5.664211e-05 -1.622882e-02 -4.279544e+00 1.437698e-04 9.999856e-01 5.367581e-03 9.960853e-01 1.622828e-02 -5.369206e-03 9.998539e-01 -2.810462e+01
9.999913e-01 -4.597353e-04 4.155628e-03 -4.348184e+00 4.790226e-04 9.999891e-01 -4.641491e-03 9.896392e-01 -4.153449e-03 4.643441e-03 9.999806e-01 -2.766511e+01
9.998473e-01 -3.294640e-04 -1.747106e-02 -4.389149e+00 4.279748e-04 9.999840e-01 5.635068e-03 9.800852e-01 1.746893e-02 -5.641684e-03 9.998315e-01 -2.719475e+01
9.999872e-01 -2.974012e-04 5.040977e-03 -4.378719e+00 3.222088e-04 9.999878e-01 -4.921122e-03 9.692326e-01 -5.039452e-03 4.922683e-03 9.999752e-01 -2.686421e+01
9.998571e-01 6.881605e-05 -1.690611e-02 -4.357882e+00 2.256960e-05 9.999854e-01 5.405222e-03 9.592371e-01 1.690624e-02 -5.404830e-03 9.998425e-01 -2.668056e+01
9.999874e-01 -4.362460e-05 5.016540e-03 -4.335231e+00 6.829444e-05 9.999879e-01 -4.917662e-03 9.492030e-01 -5.016265e-03 4.917942e-03 9.999753e-01 -2.651225e+01
9.998404e-01 -2.518636e-04 -1.786515e-02 -4.309861e+00 3.508540e-04 9.999846e-01 5.538050e-03 9.377418e-01 1.786348e-02 -5.543434e-03 9.998251e-01 -2.625191e+01
9.999774e-01 2.248584e-04 6.712732e-03 -4.267232e+00 -1.898590e-04 9.999864e-01 -5.214087e-03 9.282580e-01 -6.713814e-03 5.212694e-03 9.999639e-01 -2.613485e+01
9.998990e-01 2.990835e-04 -1.421194e-02 -4.104853e+00 -2.265111e-04 9.999869e-01 5.107765e-03 9.202739e-01 1.421329e-02 -5.104029e-03 9.998860e-01 -2.633245e+01
9.999861e-01 -1.435326e-04 5.271254e-03 -4.014122e+00 1.696078e-04 9.999878e-01 -4.946586e-03 9.118137e-01 -5.270479e-03 4.947411e-03 9.999739e-01 -2.637454e+01
9.998641e-01 -2.477560e-05 -1.648432e-02 -3.928523e+00 1.147951e-04 9.999851e-01 5.459983e-03 9.011165e-01 1.648394e-02 -5.461133e-03 9.998492e-01 -2.631087e+01
9.999891e-01 -1.879103e-04 4.664591e-03 -3.872983e+00 2.105364e-04 9.999882e-01 -4.850614e-03 8.896195e-01 -4.663625e-03 4.851542e-03 9.999774e-01 -2.616553e+01
9.998716e-01 3.285694e-05 -1.602306e-02 -3.809944e+00 5.426474e-05 9.999852e-01 5.436795e-03 8.780035e-01 1.602300e-02 -5.436966e-03 9.998568e-01 -2.605126e+01
9.999962e-01 -5.935501e-04 2.693951e-03 -3.746763e+00 6.055102e-04 9.999900e-01 -4.441023e-03 8.641584e-01 -2.691288e-03 4.442636e-03 9.999865e-01 -2.578747e+01
9.998709e-01 -1.321418e-04 -1.607036e-02 -3.684959e+00 2.212522e-04 9.999846e-01 5.543351e-03 8.503561e-01 1.606938e-02 -5.546190e-03 9.998555e-01 -2.552353e+01
9.999956e-01 -2.906489e-04 2.964952e-03 -3.625761e+00 3.042685e-04 9.999894e-01 -4.594174e-03 8.368591e-01 -2.963585e-03 4.595055e-03 9.999851e-01 -2.528897e+01
9.998955e-01 2.651250e-05 -1.445647e-02 -3.531398e+00 5.043733e-05 9.999858e-01 5.322460e-03 8.254693e-01 1.445641e-02 -5.322632e-03 9.998813e-01 -2.520493e+01
9.999850e-01 2.038500e-04 5.473056e-03 -3.434036e+00 -1.759904e-04 9.999870e-01 -5.090359e-03 8.160436e-01 -5.474023e-03 5.089319e-03 9.999721e-01 -2.523786e+01
9.998320e-01 -7.369032e-04 -1.831651e-02 -3.375827e+00 8.472906e-04 9.999815e-01 6.019622e-03 8.027406e-01 1.831174e-02 -6.034129e-03 9.998141e-01 -2.501062e+01
9.999871e-01 6.931832e-05 5.081718e-03 -3.321458e+00 -4.405833e-05 9.999876e-01 -4.970740e-03 7.893634e-01 -5.082000e-03 4.970451e-03 9.999747e-01 -2.474371e+01
9.998386e-01 -5.155681e-04 -1.795958e-02 -3.263773e+00 6.209170e-04 9.999826e-01 5.860798e-03 7.760111e-01 1.795625e-02 -5.871003e-03 9.998215e-01 -2.451888e+01
9.999833e-01 1.455766e-04 5.785873e-03 -3.192750e+00 -1.165998e-04 9.999875e-01 -5.008245e-03 7.634977e-01 -5.786530e-03 5.007485e-03 9.999707e-01 -2.434859e+01
9.998429e-01 -3.717835e-04 -1.772288e-02 -3.137103e+00 4.721741e-04 9.999839e-01 5.660603e-03 7.512386e-01 1.772049e-02 -5.668081e-03 9.998269e-01 -2.418919e+01
9.999877e-01 -1.449218e-04 4.954129e-03 -3.069460e+00 1.682731e-04 9.999889e-01 -4.713461e-03 7.379253e-01 -4.953391e-03 4.714236e-03 9.999766e-01 -2.396946e+01
9.998668e-01 9.964789e-05 -1.632167e-02 -2.975896e+00 -1.140752e-05 9.999854e-01 5.406322e-03 7.263672e-01 1.632197e-02 -5.405415e-03 9.998522e-01 -2.389732e+01
9.999779e-01 1.010657e-04 6.654074e-03 -2.863560e+00 -6.764597e-05 9.999874e-01 -5.022513e-03 7.161727e-01 -6.654498e-03 5.021951e-03 9.999652e-01 -2.392716e+01
9.998965e-01 3.765271e-04 -1.438378e-02 -2.728774e+00 -3.049436e-04 9.999876e-01 4.978533e-03 7.088697e-01 1.438548e-02 -4.973631e-03 9.998842e-01 -2.409945e+01
9.999784e-01 1.249175e-04 6.566987e-03 -2.606495e+00 -9.195975e-05 9.999874e-01 -5.018801e-03 7.016847e-01 -6.567531e-03 5.018088e-03 9.999658e-01 -2.425297e+01
9.998928e-01 3.582980e-04 -1.463498e-02 -2.487631e+00 -2.856158e-04 9.999876e-01 4.968108e-03 6.941562e-01 1.463658e-02 -4.963395e-03 9.998806e-01 -2.440107e+01
9.999803e-01 8.402712e-05 6.279377e-03 -2.364584e+00 -5.288601e-05 9.999877e-01 -4.959305e-03 6.861904e-01 -6.279717e-03 4.958875e-03 9.999680e-01 -2.453757e+01
9.999187e-01 4.569925e-04 -1.274675e-02 -2.191287e+00 -3.957545e-04 9.999884e-01 4.806290e-03 6.795349e-01 1.274880e-02 -4.800854e-03 9.999072e-01 -2.478071e+01
9.999787e-01 1.831542e-04 6.523059e-03 -2.022405e+00 -1.506503e-04 9.999876e-01 -4.983103e-03 6.736244e-01 -6.523891e-03 4.982014e-03 9.999663e-01 -2.503333e+01
9.999069e-01 2.424626e-04 -1.364304e-02 -1.916961e+00 -1.754442e-04 9.999879e-01 4.913242e-03 6.694954e-01 1.364406e-02 -4.910390e-03 9.998949e-01 -2.522012e+01
9.999871e-01 2.049367e-04 5.076180e-03 -1.840429e+00 -1.795433e-04 9.999875e-01 -5.002447e-03 6.636065e-01 -5.077142e-03 5.001470e-03 9.999746e-01 -2.534777e+01
9.999086e-01 1.430984e-04 -1.352149e-02 -1.767992e+00 -7.773054e-05 9.999883e-01 4.834753e-03 6.579647e-01 1.352202e-02 -4.833259e-03 9.998969e-01 -2.547456e+01
9.999874e-01 2.682963e-04 5.008873e-03 -1.696043e+00 -2.433933e-04 9.999876e-01 -4.971771e-03 6.529988e-01 -5.010145e-03 4.970488e-03 9.999751e-01 -2.561094e+01
9.999226e-01 2.834406e-04 -1.243837e-02 -1.560318e+00 -2.236975e-04 9.999884e-01 4.804236e-03 6.469543e-01 1.243959e-02 -4.801081e-03 9.999111e-01 -2.580979e+01
9.999842e-01 2.489190e-04 5.617531e-03 -1.425409e+00 -2.217612e-04 9.999883e-01 -4.834610e-03 6.406699e-01 -5.618669e-03 4.833287e-03 9.999725e-01 -2.599110e+01
9.998793e-01 -6.154422e-05 -1.553782e-02 -1.365911e+00 1.390816e-04 9.999875e-01 4.989189e-03 6.318995e-01 1.553731e-02 -4.990747e-03 9.998668e-01 -2.599748e+01
9.999945e-01 1.842498e-05 3.320947e-03 -1.341121e+00 -4.098939e-06 9.999907e-01 -4.313873e-03 6.208852e-01 -3.320996e-03 4.313835e-03 9.999852e-01 -2.580815e+01
9.999122e-01 1.677263e-05 -1.325297e-02 -1.359614e+00 4.021970e-05 9.999908e-01 4.300047e-03 6.146965e-01 1.325292e-02 -4.300202e-03 9.999029e-01 -2.575686e+01
9.999922e-01 2.558766e-04 3.931627e-03 -1.366884e+00 -2.383201e-04 9.999900e-01 -4.465329e-03 6.093878e-01 -3.932731e-03 4.464357e-03 9.999823e-01 -2.577173e+01
9.999097e-01 -4.260218e-05 -1.343734e-02 -1.271592e+00 1.056151e-04 9.999890e-01 4.688697e-03 6.003856e-01 1.343699e-02 -4.689692e-03 9.998987e-01 -2.582109e+01
9.999848e-01 5.197528e-04 5.487347e-03 -1.138934e+00 -4.939071e-04 9.999888e-01 -4.710407e-03 5.925788e-01 -5.489734e-03 4.707624e-03 9.999739e-01 -2.597415e+01
9.999162e-01 -1.198316e-04 -1.294367e-02 -9.910262e-01 1.801751e-04 9.999891e-01 4.660927e-03 5.843701e-01 1.294297e-02 -4.662868e-03 9.999054e-01 -2.613579e+01
9.999790e-01 6.833316e-04 6.449610e-03 -8.019715e-01 -6.526089e-04 9.999884e-01 -4.764450e-03 5.765183e-01 -6.452792e-03 4.760140e-03 9.999679e-01 -2.637600e+01
9.998984e-01 -1.871527e-04 -1.425103e-02 -6.677602e-01 2.566953e-04 9.999881e-01 4.878137e-03 5.695813e-01 1.424995e-02 -4.881299e-03 9.998865e-01 -2.654294e+01
9.999863e-01 5.569745e-04 5.202684e-03 -5.652739e-01 -5.323020e-04 9.999886e-01 -4.742487e-03 5.602948e-01 -5.205267e-03 4.739652e-03 9.999752e-01 -2.661158e+01
9.999072e-01 -1.151783e-04 -1.362630e-02 -4.298187e-01 1.796532e-04 9.999888e-01 4.730500e-03 5.516663e-01 1.362560e-02 -4.732508e-03 9.998960e-01 -2.675509e+01
9.999774e-01 7.056768e-04 6.691865e-03 -2.651860e-01 -6.734695e-04 9.999882e-01 -4.813965e-03 5.443222e-01 -6.695183e-03 4.809349e-03 9.999660e-01 -2.697662e+01
9.999185e-01 8.982289e-05 -1.276790e-02 -1.031531e-01 -3.381643e-05 9.999904e-01 4.386630e-03 5.403452e-01 1.276817e-02 -4.385840e-03 9.999089e-01 -2.728459e+01
9.999619e-01 5.872568e-04 8.705626e-03 4.684318e-02 -5.453482e-04 9.999883e-01 -4.815596e-03 5.401513e-01 -8.708352e-03 4.810665e-03 9.999505e-01 -2.762315e+01
9.999041e-01 1.797206e-04 -1.384864e-02 2.363298e-01 -1.178793e-04 9.999900e-01 4.466182e-03 5.370021e-01 1.384931e-02 -4.464121e-03 9.998941e-01 -2.797239e+01
9.999397e-01 4.434855e-04 1.097514e-02 5.111457e-01 -3.909147e-04 9.999884e-01 -4.791693e-03 5.326803e-01 -1.097714e-02 4.787113e-03 9.999283e-01 -2.840249e+01
9.998935e-01 6.296146e-04 -1.457754e-02 8.390992e-01 -5.611939e-04 9.999888e-01 4.697168e-03 5.285138e-01 1.458033e-02 -4.688487e-03 9.998827e-01 -2.889390e+01
9.995800e-01 -7.947421e-03 -2.786712e-02 9.096469e-01 8.025710e-03 9.999642e-01 2.698676e-03 4.847068e-01 2.784467e-02 -2.921196e-03 9.996080e-01 -2.587011e+01
9.992367e-01 -1.376304e-02 -3.655932e-02 1.148656e+00 1.415209e-02 9.998457e-01 1.040401e-02 3.982956e-01 3.641049e-02 -1.091346e-02 9.992773e-01 -2.023238e+01
9.999446e-01 5.160533e-03 9.171129e-03 1.234788e+00 -5.114317e-03 9.999741e-01 -5.055679e-03 3.761848e-01 -9.196982e-03 5.008494e-03 9.999452e-01 -1.820475e+01
9.999550e-01 -5.259077e-03 -7.895039e-03 1.310179e+00 5.296885e-03 9.999746e-01 4.775476e-03 3.889666e-01 7.869724e-03 -4.817080e-03 9.999574e-01 -1.866354e+01
9.999717e-01 4.341898e-03 -6.138145e-03 1.370587e+00 -4.363873e-03 9.999841e-01 -3.571157e-03 3.763655e-01 6.122542e-03 3.597841e-03 9.999748e-01 -1.836815e+01
9.999561e-01 -5.212308e-03 -7.785979e-03 1.408735e+00 5.248478e-03 9.999755e-01 4.632311e-03 3.632992e-01 7.761643e-03 -4.672971e-03 9.999590e-01 -1.802433e+01
9.999552e-01 3.012346e-03 -8.978295e-03 1.495913e+00 -3.033624e-03 9.999926e-01 -2.357245e-03 3.452356e-01 8.971128e-03 2.384375e-03 9.999569e-01 -1.746512e+01
9.999113e-01 -5.476837e-03 -1.213845e-02 1.520075e+00 5.532680e-03 9.999742e-01 4.571723e-03 3.250693e-01 1.211310e-02 -4.638475e-03 9.999159e-01 -1.647926e+01
9.999662e-01 2.236952e-03 -7.909449e-03 1.543406e+00 -2.253367e-03 9.999953e-01 -2.066946e-03 3.047605e-01 7.904788e-03 2.084699e-03 9.999666e-01 -1.545891e+01
9.999311e-01 -4.700056e-03 -1.076003e-02 1.607273e+00 4.744228e-03 9.999804e-01 4.083317e-03 2.849150e-01 1.074063e-02 -4.134083e-03 9.999338e-01 -1.469344e+01
9.999794e-01 2.666015e-03 -5.844644e-03 1.682764e+00 -2.678444e-03 9.999942e-01 -2.119725e-03 2.673520e-01 5.838958e-03 2.135335e-03 9.999807e-01 -1.414816e+01
9.999715e-01 -2.857480e-03 -6.984441e-03 1.911852e+00 2.876527e-03 9.999922e-01 2.718613e-03 2.562927e-01 6.976618e-03 -2.738626e-03 9.999719e-01 -1.428158e+01
9.999936e-01 3.287538e-03 -1.390852e-03 2.089482e+00 -3.290816e-03 9.999918e-01 -2.360710e-03 2.497981e-01 1.383080e-03 2.365271e-03 9.999962e-01 -1.448294e+01
9.999355e-01 -3.493886e-03 -1.080811e-02 2.172084e+00 3.525197e-03 9.999896e-01 2.879267e-03 2.427392e-01 1.079794e-02 -2.917182e-03 9.999374e-01 -1.455153e+01
9.999937e-01 3.324435e-03 1.259886e-03 2.259411e+00 -3.321286e-03 9.999914e-01 -2.493766e-03 2.366837e-01 -1.268166e-03 2.489565e-03 9.999961e-01 -1.466701e+01
9.999886e-01 -3.302480e-03 -3.461163e-03 2.525737e+00 3.311421e-03 9.999912e-01 2.580638e-03 2.376674e-01 3.452610e-03 -2.592069e-03 9.999907e-01 -1.518914e+01
9.999757e-01 3.977715e-03 -5.730179e-03 2.651648e+00 -3.994019e-03 9.999880e-01 -2.836635e-03 2.337019e-01 5.718826e-03 2.859452e-03 9.999796e-01 -1.547401e+01
9.999934e-01 -3.600201e-03 5.168463e-04 2.838899e+00 3.598854e-03 9.999902e-01 2.585405e-03 2.331890e-01 -5.261491e-04 -2.583528e-03 9.999965e-01 -1.588102e+01
9.999724e-01 4.318156e-03 -6.040563e-03 3.042553e+00 -4.335081e-03 9.999867e-01 -2.791517e-03 2.301013e-01 6.028428e-03 2.817626e-03 9.999779e-01 -1.625275e+01
9.999929e-01 -3.549085e-03 1.240858e-03 3.341576e+00 3.545735e-03 9.999901e-01 2.691599e-03 2.253756e-01 -1.250398e-03 -2.687179e-03 9.999956e-01 -1.667422e+01
9.999749e-01 4.325508e-03 -5.606672e-03 3.646083e+00 -4.341401e-03 9.999866e-01 -2.825652e-03 2.210774e-01 5.594375e-03 2.849921e-03 9.999803e-01 -1.712357e+01
9.999929e-01 -3.415783e-03 1.576122e-03 3.989558e+00 3.411603e-03 9.999907e-01 2.647707e-03 2.162407e-01 -1.585151e-03 -2.642311e-03 9.999953e-01 -1.761867e+01
9.999900e-01 4.363337e-03 -9.587412e-04 4.565716e+00 -4.365967e-03 9.999867e-01 -2.757315e-03 2.117527e-01 9.466971e-04 2.761473e-03 9.999957e-01 -1.833395e+01
9.999950e-01 -2.836183e-03 -1.427742e-03 5.165223e+00 2.840039e-03 9.999923e-01 2.705283e-03 2.085756e-01 1.420059e-03 -2.709323e-03 9.999953e-01 -1.904153e+01
9.999840e-01 3.457606e-03 -4.483327e-03 5.301687e+00 -3.472197e-03 9.999887e-01 -3.250889e-03 2.073498e-01 4.472036e-03 3.266404e-03 9.999847e-01 -1.940346e+01
9.999580e-01 -2.475183e-03 8.824178e-03 5.969982e+00 2.449692e-03 9.999928e-01 2.898363e-03 2.035306e-01 -8.831288e-03 -2.876624e-03 9.999569e-01 -2.029678e+01
9.999840e-01 4.183976e-03 -3.810852e-03 6.978584e+00 -4.195383e-03 9.999867e-01 -2.990043e-03 2.033493e-01 3.798291e-03 3.005982e-03 9.999883e-01 -2.140137e+01
9.998815e-01 -6.551407e-03 -1.393020e-02 7.207045e+00 6.625588e-03 9.999641e-01 5.285698e-03 1.832865e-01 1.389507e-02 -5.377367e-03 9.998890e-01 -2.084273e+01
9.999884e-01 3.580319e-03 -3.216210e-03 7.279448e+00 -3.589620e-03 9.999894e-01 -2.890505e-03 1.695682e-01 3.205827e-03 2.902016e-03 9.999907e-01 -2.017565e+01
9.999906e-01 -3.322454e-03 -2.802518e-03 7.452842e+00 3.330776e-03 9.999900e-01 2.970031e-03 1.661003e-01 2.792623e-03 -2.979337e-03 9.999917e-01 -2.047334e+01
9.999804e-01 3.966608e-03 -4.843776e-03 7.633063e+00 -3.981459e-03 9.999874e-01 -3.060297e-03 1.618058e-01 4.831576e-03 3.079522e-03 9.999836e-01 -2.077670e+01
9.999937e-01 -3.403245e-03 -9.586108e-04 7.899064e+00 3.405904e-03 9.999903e-01 2.785897e-03 1.568961e-01 9.491206e-04 -2.789144e-03 9.999957e-01 -2.119747e+01
9.999877e-01 4.032367e-03 -2.886447e-03 8.253081e+00 -4.040744e-03 9.999876e-01 -2.902181e-03 1.540173e-01 2.874709e-03 2.913808e-03 9.999916e-01 -2.175790e+01
9.999901e-01 -3.642457e-03 -2.548579e-03 8.548278e+00 3.649667e-03 9.999893e-01 2.829769e-03 1.504513e-01 2.538245e-03 -2.839042e-03 9.999927e-01 -2.225066e+01
9.999929e-01 3.768480e-03 -1.191547e-04 8.978517e+00 -3.768827e-03 9.999882e-01 -3.060569e-03 1.481909e-01 1.076195e-04 3.060995e-03 9.999953e-01 -2.295210e+01
9.999913e-01 -4.131833e-03 -4.936300e-04 9.621308e+00 4.133500e-03 9.999856e-01 3.425414e-03 1.471628e-01 4.794698e-04 -3.427425e-03 9.999940e-01 -2.381904e+01
9.999898e-01 4.397798e-03 -1.040864e-03 1.035384e+01 -4.401101e-03 9.999852e-01 -3.192380e-03 1.460061e-01 1.026809e-03 3.196928e-03 9.999944e-01 -2.480186e+01
9.999965e-01 -2.633438e-03 3.006322e-04 1.103836e+01 2.632549e-03 9.999923e-01 2.923571e-03 1.479551e-01 -3.083288e-04 -2.922769e-03 9.999957e-01 -2.579345e+01
9.999908e-01 3.351188e-03 -2.659918e-03 1.133463e+01 -3.360301e-03 9.999885e-01 -3.428788e-03 1.524927e-01 2.648397e-03 3.437695e-03 9.999906e-01 -2.647443e+01
9.999383e-01 -6.048926e-03 -9.312634e-03 1.156385e+01 6.102324e-03 9.999650e-01 5.716237e-03 1.424324e-01 9.277732e-03 -5.772713e-03 9.999403e-01 -2.636479e+01
9.999751e-01 5.280836e-03 -4.685986e-03 1.173984e+01 -5.298886e-03 9.999786e-01 -3.847974e-03 1.348418e-01 4.665565e-03 3.872708e-03 9.999816e-01 -2.639400e+01
9.999829e-01 -5.361326e-03 -2.338590e-03 1.175294e+01 5.369538e-03 9.999794e-01 3.519349e-03 1.382022e-01 2.319673e-03 -3.531845e-03 9.999911e-01 -2.666418e+01
9.999749e-01 6.086446e-03 3.630165e-03 1.235932e+01 -6.070965e-03 9.999725e-01 -4.260583e-03 1.358694e-01 -3.655998e-03 4.238437e-03 9.999843e-01 -2.754585e+01
9.999891e-01 -4.630819e-03 -5.101043e-04 1.314679e+01 4.632893e-03 9.999807e-01 4.140936e-03 1.361293e-01 4.909186e-04 -4.143254e-03 9.999913e-01 -2.865002e+01
9.999798e-01 5.962919e-03 2.182816e-03 1.380501e+01 -5.953485e-03 9.999730e-01 -4.303379e-03 1.380071e-01 -2.208418e-03 4.290296e-03 9.999884e-01 -2.962139e+01
9.999375e-01 -4.840533e-03 -1.008093e-02 1.418600e+01 4.884391e-03 9.999787e-01 4.330556e-03 1.368505e-01 1.005975e-02 -4.379524e-03 9.999398e-01 -3.016731e+01
9.999689e-01 4.750737e-03 6.297965e-03 1.416077e+01 -4.718362e-03 9.999756e-01 -5.145447e-03 1.497005e-01 -6.322256e-03 5.115570e-03 9.999669e-01 -3.055407e+01
9.999329e-01 -4.416139e-03 -1.071049e-02 1.418185e+01 4.463774e-03 9.999802e-01 4.427591e-03 1.576036e-01 1.069072e-02 -4.475102e-03 9.999328e-01 -3.092716e+01
9.999925e-01 3.123788e-03 2.310386e-03 1.432638e+01 -3.115172e-03 9.999882e-01 -3.723544e-03 1.532950e-01 -2.321990e-03 3.716319e-03 9.999904e-01 -3.109241e+01
9.997635e-01 -6.754075e-03 -2.067219e-02 1.441964e+01 6.887126e-03 9.999560e-01 6.371756e-03 1.355605e-01 2.062825e-02 -6.512620e-03 9.997660e-01 -3.032273e+01
9.999867e-01 2.548573e-03 4.494018e-03 1.444620e+01 -2.530334e-03 9.999886e-01 -4.059506e-03 1.239555e-01 -4.504313e-03 4.048080e-03 9.999817e-01 -2.965927e+01
9.999554e-01 -1.819598e-03 -9.262578e-03 1.449176e+01 1.850494e-03 9.999928e-01 3.327989e-03 1.333078e-01 9.256456e-03 -3.344980e-03 9.999516e-01 -3.012997e+01
9.999889e-01 1.539570e-03 4.444944e-03 1.434471e+01 -1.521622e-03 9.999907e-01 -4.038396e-03 1.439412e-01 -4.451120e-03 4.031587e-03 9.999820e-01 -3.022490e+01
9.999842e-01 -1.639993e-03 -5.376524e-03 1.422466e+01 1.654877e-03 9.999948e-01 2.764926e-03 1.629124e-01 5.371962e-03 -2.773780e-03 9.999817e-01 -3.059187e+01
9.999853e-01 1.391642e-03 5.240920e-03 1.394865e+01 -1.369089e-03 9.999898e-01 -4.304448e-03 1.879991e-01 -5.246857e-03 4.297209e-03 9.999770e-01 -3.076398e+01
9.999404e-01 -2.383107e-03 -1.065661e-02 1.384889e+01 2.425375e-03 9.999892e-01 3.955154e-03 1.995390e-01 1.064707e-02 -3.980764e-03 9.999354e-01 -3.094357e+01
9.999741e-01 2.442386e-03 6.768225e-03 1.381368e+01 -2.409573e-03 9.999853e-01 -4.852025e-03 2.093608e-01 -6.779976e-03 4.835590e-03 9.999653e-01 -3.122340e+01
9.999493e-01 -1.536168e-03 -9.955205e-03 1.410161e+01 1.580684e-03 9.999888e-01 4.465286e-03 2.127641e-01 9.948234e-03 -4.480795e-03 9.999405e-01 -3.181874e+01
9.999734e-01 2.150331e-03 6.966976e-03 1.419042e+01 -2.113594e-03 9.999838e-01 -5.276234e-03 2.201123e-01 -6.978210e-03 5.261368e-03 9.999618e-01 -3.225280e+01
9.999560e-01 -2.008055e-03 -9.166329e-03 1.419629e+01 2.047959e-03 9.999885e-01 4.345864e-03 2.347459e-01 9.157497e-03 -4.364445e-03 9.999485e-01 -3.269134e+01
9.999802e-01 2.312587e-03 5.851192e-03 1.415160e+01 -2.282098e-03 9.999838e-01 -5.212151e-03 2.434938e-01 -5.863151e-03 5.198695e-03 9.999693e-01 -3.298147e+01
9.999808e-01 -2.430162e-03 -5.697251e-03 1.403473e+01 2.452614e-03 9.999892e-01 3.937181e-03 2.672973e-01 5.687621e-03 -3.951078e-03 9.999760e-01 -3.336950e+01
9.999604e-01 2.600629e-03 8.512107e-03 1.393796e+01 -2.554463e-03 9.999820e-01 -5.430001e-03 2.851129e-01 -8.526075e-03 5.408042e-03 9.999490e-01 -3.376475e+01
9.999485e-01 -1.647489e-03 -1.001489e-02 1.427263e+01 1.700202e-03 9.999847e-01 5.257160e-03 2.845932e-01 1.000607e-02 -5.273916e-03 9.999360e-01 -3.434795e+01
9.999746e-01 2.389706e-03 6.721236e-03 1.454747e+01 -2.353145e-03 9.999824e-01 -5.442372e-03 2.827746e-01 -6.734123e-03 5.426417e-03 9.999626e-01 -3.481762e+01
9.999404e-01 -1.794985e-03 -1.076472e-02 1.468858e+01 1.848606e-03 9.999859e-01 4.973315e-03 2.866128e-01 1.075564e-02 -4.992918e-03 9.999297e-01 -3.523423e+01
9.999835e-01 2.319250e-03 5.247496e-03 1.476411e+01 -2.290725e-03 9.999826e-01 -5.435584e-03 2.902187e-01 -5.260011e-03 5.423474e-03 9.999715e-01 -3.556649e+01
9.999538e-01 -3.105764e-03 -9.093839e-03 1.452779e+01 3.150053e-03 9.999832e-01 4.859998e-03 3.076721e-01 9.078592e-03 -4.888419e-03 9.999468e-01 -3.563089e+01
9.999528e-01 3.532930e-03 9.045809e-03 1.432954e+01 -3.475353e-03 9.999737e-01 -6.372929e-03 3.253436e-01 -9.068086e-03 6.341190e-03 9.999388e-01 -3.582604e+01
9.999001e-01 -2.905290e-03 -1.383435e-02 1.448065e+01 2.985640e-03 9.999788e-01 5.790865e-03 3.275507e-01 1.381723e-02 -5.831591e-03 9.998875e-01 -3.622740e+01
9.999335e-01 3.323558e-03 1.104547e-02 1.444421e+01 -3.249294e-03 9.999720e-01 -6.734639e-03 3.392758e-01 -1.106754e-02 6.698300e-03 9.999163e-01 -3.652578e+01
9.999355e-01 -3.031825e-03 -1.094757e-02 1.434525e+01 3.089952e-03 9.999812e-01 5.296530e-03 3.575948e-01 1.093131e-02 -5.330015e-03 9.999260e-01 -3.690578e+01
9.999378e-01 3.552095e-03 1.057370e-02 1.430876e+01 -3.483905e-03 9.999731e-01 -6.460594e-03 3.712621e-01 -1.059636e-02 6.423354e-03 9.999232e-01 -3.727033e+01
9.999590e-01 -3.254214e-03 -8.446011e-03 1.415740e+01 3.296155e-03 9.999823e-01 4.956551e-03 3.925918e-01 8.429731e-03 -4.984186e-03 9.999520e-01 -3.758363e+01
9.999436e-01 3.598914e-03 9.996723e-03 1.406570e+01 -3.535769e-03 9.999737e-01 -6.327150e-03 4.103969e-01 -1.001923e-02 6.291446e-03 9.999300e-01 -3.792451e+01
9.999058e-01 -3.598761e-03 -1.324363e-02 1.400586e+01 3.673547e-03 9.999774e-01 5.626907e-03 4.214913e-01 1.322308e-02 -5.675027e-03 9.998965e-01 -3.816456e+01
9.999605e-01 4.149220e-03 7.859387e-03 1.404485e+01 -4.099512e-03 9.999716e-01 -6.330257e-03 4.256085e-01 -7.885429e-03 6.297787e-03 9.999491e-01 -3.847078e+01
9.999260e-01 -3.668476e-03 -1.160017e-02 1.413821e+01 3.736458e-03 9.999759e-01 5.844156e-03 4.299873e-01 1.157845e-02 -5.887067e-03 9.999156e-01 -3.881872e+01
