1.000000e+00 1.197625e-11 1.704638e-10 5.551115e-17 1.197625e-11 1.000000e+00 3.562503e-10 0.000000e+00 1.704638e-10 3.562503e-10 1.000000e+00 2.220446e-16 0.000000e+00 0.000000e+00 0.000000e+00 1.000000e+00
8.301287e-01 -2.054263e-02 5.571933e-01 1.598003e-01 1.547433e-01 9.685526e-01 -1.948341e-01 -3.806242e-02 -5.356686e-01 2.479593e-01 8.072022e-01 -1.375005e+00
9.409993e-01 4.639791e-02 -3.352127e-01 2.476804e-01 3.699615e-03 9.890867e-01 1.472883e-01 -5.918718e-02 3.383883e-01 -1.398383e-01 9.305582e-01 -2.123155e+00
8.800199e-01 -6.013381e-02 4.711145e-01 3.187590e-01 1.293596e-01 9.847968e-01 -1.159367e-01 -7.233716e-02 -4.569804e-01 1.629697e-01 8.744197e-01 -2.190714e+00
9.371145e-01 7.647848e-02 -3.405401e-01 4.054780e-01 -2.133903e-02 9.864267e-01 1.628099e-01 -8.562768e-02 3.483693e-01 -1.453047e-01 9.260267e-01 -2.309563e+00
7.955419e-01 -5.110292e-02 6.037396e-01 5.003028e-01 2.001382e-01 9.626706e-01 -1.822360e-01 -1.069675e-01 -5.718896e-01 2.658077e-01 7.760725e-01 -2.903329e+00
8.410140e-01 1.375944e-01 -5.232239e-01 6.218344e-01 1.496416e-02 9.608320e-01 2.767271e-01 -1.210977e-01 5.408064e-01 -2.405610e-01 8.060142e-01 -3.025290e+00
7.889311e-01 -3.389764e-02 6.135460e-01 7.666507e-01 2.085305e-01 9.539935e-01 -2.154330e-01 -1.354935e-01 -5.780163e-01 2.979048e-01 7.597038e-01 -2.991331e+00
8.281644e-01 1.449554e-01 -5.414163e-01 8.934641e-01 3.416841e-02 9.511241e-01 3.069129e-01 -1.496806e-01 5.594428e-01 -2.726736e-01 7.827342e-01 -3.142264e+00
7.900887e-01 -6.094095e-02 6.099558e-01 1.089258e+00 1.954563e-01 9.681530e-01 -1.564500e-01 -1.626848e-01 -5.809963e-01 2.428291e-01 7.768380e-01 -2.721770e+00
8.486024e-01 1.088781e-01 -5.177061e-01 1.231256e+00 -9.571506e-03 9.815923e-01 1.907482e-01 -1.800309e-01 5.289446e-01 -1.569142e-01 8.340237e-01 -2.965593e+00
7.416119e-01 -1.761031e-02 6.705980e-01 1.384722e+00 2.341295e-01 9.435889e-01 -2.341437e-01 -2.044481e-01 -6.286455e-01 3.306506e-01 7.038998e-01 -3.800555e+00
8.309874e-01 1.381426e-01 -5.388661e-01 1.512141e+00 1.679837e-02 9.620029e-01 2.725220e-01 -2.239546e-01 5.560376e-01 -2.355144e-01 7.970917e-01 -4.336734e+00
7.659403e-01 -2.010773e-02 6.425972e-01 1.612059e+00 2.303510e-01 9.417355e-01 -2.450974e-01 -2.399480e-01 -6.002282e-01 3.357529e-01 7.259450e-01 -4.663048e+00
8.342030e-01 2.193307e-01 -5.059639e-01 1.721756e+00 -1.468353e-02 9.260120e-01 3.772083e-01 -2.521712e-01 5.512620e-01 -3.072389e-01 7.757025e-01 -4.484671e+00
7.793144e-01 -8.996509e-02 6.201413e-01 1.865372e+00 2.800400e-01 9.353193e-01 -2.162299e-01 -2.644769e-01 -5.605770e-01 3.421754e-01 7.541017e-01 -4.189353e+00
8.745155e-01 2.131826e-01 -4.356327e-01 1.958839e+00 -7.968877e-02 9.491680e-01 3.045158e-01 -2.792695e-01 4.784060e-01 -2.315887e-01 8.470504e-01 -4.304548e+00
8.213490e-01 -1.400369e-01 5.529696e-01 2.030202e+00 2.919205e-01 9.360276e-01 -1.965573e-01 -2.916273e-01 -4.900695e-01 3.228653e-01 8.096850e-01 -4.401698e+00
9.003289e-01 2.333371e-01 -3.673714e-01 2.121404e+00 -1.205962e-01 9.448275e-01 3.045611e-01 -3.058622e-01 4.181680e-01 -2.299016e-01 8.787951e-01 -4.486929e+00
7.832839e-01 -1.725400e-01 5.972406e-01 2.207771e+00 3.346247e-01 9.266793e-01 -1.711486e-01 -3.206085e-01 -5.239206e-01 3.339093e-01 7.835890e-01 -4.530395e+00
9.184504e-01 2.558239e-01 -3.016671e-01 2.265642e+00 -1.846046e-01 9.517641e-01 2.450841e-01 -3.370972e-01 3.498143e-01 -1.694085e-01 9.213744e-01 -4.869889e+00
7.728266e-01 -2.352618e-01 5.893988e-01 2.336373e+00 3.654236e-01 9.242939e-01 -1.102108e-01 -3.538197e-01 -5.188494e-01 3.005541e-01 8.002891e-01 -5.228908e+00
9.512510e-01 2.505054e-01 -1.799127e-01 2.434932e+00 -2.387682e-01 9.673905e-01 8.453008e-02 -3.797786e-01 1.952211e-01 -3.745189e-02 9.800439e-01 -5.967470e+00
8.833735e-01 -2.877868e-01 3.699054e-01 2.515461e+00 3.237488e-01 9.453945e-01 -3.762874e-02 -3.976860e-01 -3.388775e-01 1.529967e-01 9.283071e-01 -6.544781e+00
9.644261e-01 2.417475e-01 -1.069600e-01 2.583624e+00 -2.394312e-01 9.703113e-01 3.418770e-02 -4.151115e-01 1.120493e-01 -7.361947e-03 9.936754e-01 -6.949945e+00
8.848278e-01 -2.971371e-01 3.588722e-01 2.671688e+00 3.105488e-01 9.503219e-01 2.115985e-02 -4.333641e-01 -3.473315e-01 9.272452e-02 9.331468e-01 -7.447662e+00
9.688498e-01 2.196957e-01 -1.142970e-01 2.774997e+00 -2.277162e-01 9.717219e-01 -6.246572e-02 -4.564819e-01 9.734149e-02 8.654719e-02 9.914808e-01 -8.201489e+00
8.892389e-01 -2.785223e-01 3.628766e-01 2.888306e+00 2.862459e-01 9.575697e-01 3.351980e-02 -4.810837e-01 -3.568156e-01 7.406482e-02 9.312341e-01 -9.041851e+00
9.767268e-01 1.670744e-01 -1.345025e-01 3.021633e+00 -1.819234e-01 9.774861e-01 -1.068865e-01 -5.072945e-01 1.136163e-01 1.288681e-01 9.851316e-01 -1.000315e+01
8.887402e-01 -2.279073e-01 3.977424e-01 3.155471e+00 2.406329e-01 9.704421e-01 1.838051e-02 -5.357872e-01 -3.901751e-01 7.937442e-02 9.173130e-01 -1.108588e+01
9.803051e-01 1.277400e-01 -1.506133e-01 3.253833e+00 -1.435336e-01 9.846719e-01 -9.909294e-02 -5.608699e-01 1.356465e-01 1.187594e-01 9.836139e-01 -1.205410e+01
8.685440e-01 -1.902266e-01 4.576518e-01 3.366364e+00 2.078078e-01 9.780940e-01 1.216924e-02 -5.894832e-01 -4.499414e-01 8.453409e-02 8.890482e-01 -1.311298e+01
9.744521e-01 7.977118e-02 -2.099517e-01 3.469040e+00 -1.009371e-01 9.906212e-01 -9.209423e-02 -6.159682e-01 2.006361e-01 1.109333e-01 9.733648e-01 -1.420520e+01
8.740046e-01 -1.604327e-01 4.586691e-01 3.617680e+00 1.676132e-01 9.855275e-01 2.532573e-02 -6.434354e-01 -4.560941e-01 5.474418e-02 8.882462e-01 -1.517561e+01
9.785479e-01 -2.619325e-02 -2.043476e-01 3.839912e+00 -7.303356e-03 9.868510e-01 -1.614676e-01 -6.782121e-01 2.058900e-01 1.594962e-01 9.654897e-01 -1.647028e+01
8.390038e-01 -8.866931e-03 5.440533e-01 4.092434e+00 9.538243e-02 9.867819e-01 -1.310101e-01 -7.225633e-01 -5.357003e-01 1.618111e-01 8.287595e-01 -1.835508e+01
9.395645e-01 -7.770021e-02 -3.334384e-01 4.296292e+00 6.431425e-02 9.966248e-01 -5.101564e-02 -7.575319e-01 3.362769e-01 2.648764e-02 9.413906e-01 -1.985882e+01
8.532867e-01 4.075130e-02 5.198472e-01 4.477909e+00 4.381857e-02 9.878115e-01 -1.493601e-01 -7.885666e-01 -5.195976e-01 1.502259e-01 8.411008e-01 -2.102536e+01
9.510521e-01 -1.030539e-01 -2.913414e-01 4.661790e+00 1.153625e-01 9.930001e-01 2.534192e-02 -8.192703e-01 2.866904e-01 -5.771135e-02 9.562834e-01 -2.218543e+01
9.536566e-01 7.324063e-02 2.918475e-01 4.888192e+00 -2.124261e-02 9.838917e-01 -1.774992e-01 -8.453997e-01 -3.001465e-01 1.630736e-01 9.398506e-01 -2.316856e+01
9.353300e-01 -1.177221e-01 -3.336155e-01 5.089422e+00 1.629017e-01 9.804056e-01 1.107607e-01 -8.654027e-01 3.140395e-01 -1.579444e-01 9.361799e-01 -2.372761e+01
9.470874e-01 6.762147e-02 3.137719e-01 5.270179e+00 -2.076599e-02 9.884170e-01 -1.503353e-01 -8.818009e-01 -3.203034e-01 1.358649e-01 9.375215e-01 -2.375041e+01
9.699744e-01 -8.388604e-03 -2.430625e-01 5.379409e+00 6.323772e-02 9.737289e-01 2.187534e-01 -8.871013e-01 2.348419e-01 -2.275559e-01 9.450225e-01 -2.325213e+01
9.618921e-01 2.750458e-02 2.720425e-01 5.494331e+00 5.183724e-02 9.585412e-01 -2.801992e-01 -9.034289e-01 -2.684707e-01 2.836233e-01 9.205875e-01 -2.362993e+01
9.721072e-01 2.108368e-02 -2.335874e-01 5.553065e+00 4.643917e-02 9.589297e-01 2.798165e-01 -9.146748e-01 2.298934e-01 -2.828593e-01 9.312033e-01 -2.383813e+01
9.802614e-01 -9.552848e-03 1.974748e-01 5.657777e+00 5.405437e-02 9.737245e-01 -2.212210e-01 -9.245431e-01 -1.901727e-01 2.275288e-01 9.550209e-01 -2.365538e+01
9.824792e-01 4.827524e-02 -1.800112e-01 5.749855e+00 1.161608e-02 9.481309e-01 3.176680e-01 -9.310542e-01 1.860097e-01 -3.141932e-01 9.309581e-01 -2.333552e+01
9.532581e-01 -4.522919e-02 2.987528e-01 5.877592e+00 1.625843e-01 9.101770e-01 -3.809779e-01 -9.520979e-01 -2.546866e-01 4.117428e-01 8.749872e-01 -2.393082e+01
9.747760e-01 8.461948e-02 -2.065220e-01 5.987922e+00 -5.134643e-03 9.335954e-01 3.582922e-01 -9.696912e-01 2.231265e-01 -3.481942e-01 9.104808e-01 -2.451251e+01
9.483133e-01 -4.063825e-02 3.147226e-01 6.046540e+00 1.561798e-01 9.231061e-01 -3.514015e-01 -9.837097e-01 -2.762420e-01 3.823921e-01 8.817407e-01 -2.488214e+01
9.722713e-01 1.295382e-01 -1.947005e-01 6.095735e+00 -4.969064e-02 9.279916e-01 3.692728e-01 -9.962895e-01 2.285154e-01 -3.493586e-01 9.086965e-01 -2.513895e+01
9.493547e-01 -9.078702e-02 3.008046e-01 6.102824e+00 1.859682e-01 9.340095e-01 -3.050281e-01 -1.003562e+00 -2.532618e-01 3.455199e-01 9.035898e-01 -2.515656e+01
9.891919e-01 1.386576e-01 -4.768066e-02 6.085364e+00 -1.185159e-01 9.475589e-01 2.967929e-01 -1.016222e+00 8.633284e-02 -2.879342e-01 9.537508e-01 -2.550943e+01
9.117142e-01 -1.536920e-01 3.809934e-01 6.101140e+00 2.767200e-01 9.151915e-01 -2.930025e-01 -1.034892e+00 -3.036498e-01 3.725630e-01 8.769228e-01 -2.614515e+01
9.747747e-01 2.114908e-01 7.131492e-02 6.143071e+00 -2.213823e-01 9.567850e-01 1.885533e-01 -1.059805e+00 -2.835575e-02 -1.995849e-01 9.794702e-01 -2.702064e+01
8.938090e-01 -2.767571e-01 3.528612e-01 6.239815e+00 3.682891e-01 9.019593e-01 -2.254610e-01 -1.086265e+00 -2.558685e-01 3.314740e-01 9.081059e-01 -2.794909e+01
9.465248e-01 3.223775e-01 -1.279103e-02 6.291267e+00 -3.156362e-01 9.334860e-01 1.702281e-01 -1.107084e+00 6.681798e-02 -1.570878e-01 9.853217e-01 -2.876248e+01
8.831047e-01 -3.401235e-01 3.231749e-01 6.337670e+00 4.016492e-01 9.040712e-01 -1.460586e-01 -1.127682e+00 -2.424951e-01 2.587880e-01 9.349999e-01 -2.948583e+01
9.344648e-01 3.525124e-01 -5.010612e-02 6.388044e+00 -3.440819e-01 9.302411e-01 1.275115e-01 -1.145709e+00 9.156016e-02 -1.019144e-01 9.905706e-01 -3.000905e+01
8.580319e-01 -3.872754e-01 3.373411e-01 6.465120e+00 4.412048e-01 8.920232e-01 -9.814751e-02 -1.166090e+00 -2.629060e-01 2.330502e-01 9.362521e-01 -3.074398e+01
9.349232e-01 3.539900e-01 2.469233e-02 6.516398e+00 -3.539286e-01 9.352465e-01 -6.960885e-03 -1.188072e+00 -2.555750e-02 -2.231427e-03 9.996709e-01 -3.149117e+01
8.671545e-01 -4.076576e-01 2.861091e-01 6.575040e+00 4.172179e-01 9.083217e-01 2.968068e-02 -1.208252e+00 -2.719786e-01 9.363209e-02 9.577373e-01 -3.217860e+01
9.439828e-01 3.275552e-01 4.005100e-02 6.669348e+00 -3.162118e-01 9.325785e-01 -1.740906e-01 -1.234841e+00 -9.437500e-02 1.516739e-01 9.839148e-01 -3.307461e+01
8.828173e-01 -3.846505e-01 2.695879e-01 6.793456e+00 3.589346e-01 9.226452e-01 1.410384e-01 -1.260349e+00 -3.029845e-01 -2.774673e-02 9.525915e-01 -3.398166e+01
9.672301e-01 2.528850e-01 -2.269673e-02 6.898173e+00 -2.490293e-01 9.274436e-01 -2.789852e-01 -1.286829e+00 -4.950122e-02 2.754950e-01 9.600271e-01 -3.493250e+01
9.003895e-01 -3.123863e-01 3.028425e-01 7.001632e+00 2.471326e-01 9.400691e-01 2.349374e-01 -1.310813e+00 -3.580841e-01 -1.366928e-01 9.236292e-01 -3.586364e+01
9.840262e-01 1.383150e-01 -1.120780e-01 7.105158e+00 -1.672325e-01 9.340516e-01 -3.155644e-01 -1.332895e+00 6.103932e-02 3.292667e-01 9.422620e-01 -3.669240e+01
9.635408e-01 -1.936199e-01 1.846629e-01 7.146825e+00 1.242013e-01 9.349737e-01 3.322624e-01 -1.346105e+00 -2.369875e-01 -2.972130e-01 9.249331e-01 -3.709273e+01
9.987018e-01 4.988104e-02 -1.032923e-02 7.227314e+00 -4.969279e-02 9.094393e-01 -4.128569e-01 -1.367164e+00 -1.119992e-02 4.128342e-01 9.107373e-01 -3.777885e+01
9.120338e-01 -1.104717e-01 3.949561e-01 7.344420e+00 6.045831e-03 9.665544e-01 2.563904e-01 -1.397440e+00 -4.100704e-01 -2.314489e-01 8.821982e-01 -3.890412e+01
9.862294e-01 -1.329931e-01 -9.830761e-02 7.465726e+00 8.477360e-02 9.169158e-01 -3.899729e-01 -1.423590e+00 1.420035e-01 3.762688e-01 9.155636e-01 -3.996302e+01
9.149758e-01 3.869326e-02 4.016492e-01 7.540042e+00 -1.453079e-01 9.602061e-01 2.385159e-01 -1.444645e+00 -3.764371e-01 -2.765991e-01 8.841878e-01 -4.075407e+01
9.675353e-01 -2.388217e-01 -8.270241e-02 7.593062e+00 1.995528e-01 9.226857e-01 -3.298936e-01 -1.464924e+00 1.550941e-01 3.026802e-01 9.403885e-01 -4.148343e+01
8.848487e-01 1.609146e-01 4.372061e-01 7.691967e+00 -2.295870e-01 9.672020e-01 1.086739e-01 -1.488963e+00 -4.053794e-01 -1.965368e-01 8.927714e-01 -4.234710e+01
9.325199e-01 -3.348853e-01 -1.351243e-01 7.797005e+00 2.930782e-01 9.204500e-01 -2.586058e-01 -1.512351e+00 2.109784e-01 2.015531e-01 9.564855e-01 -4.331287e+01
9.193932e-01 2.540912e-01 3.002561e-01 8.188529e+00 -3.005828e-01 9.462200e-01 1.196564e-01 -1.538911e+00 -2.537047e-01 -2.002632e-01 9.463237e-01 -4.382303e+01
8.952386e-01 -4.251217e-01 -1.334891e-01 8.656022e+00 3.659937e-01 8.724307e-01 -3.239033e-01 -1.570807e+00 2.541583e-01 2.411146e-01 9.366255e-01 -4.437032e+01
8.331979e-01 3.286441e-01 4.447183e-01 8.742268e+00 -3.836455e-01 9.227440e-01 3.687341e-02 -1.592697e+00 -3.982429e-01 -2.013370e-01 8.949112e-01 -4.517611e+01
8.677211e-01 -4.827243e-01 -1.184791e-01 8.869430e+00 4.551733e-01 8.674730e-01 -2.007682e-01 -1.617863e+00 1.996931e-01 1.202823e-01 9.724479e-01 -4.612811e+01
8.721998e-01 4.056394e-01 2.733573e-01 9.003339e+00 -3.985028e-01 9.133303e-01 -8.380519e-02 -1.643746e+00 -2.836602e-01 -3.583879e-02 9.582549e-01 -4.716871e+01
8.701233e-01 -4.916975e-01 3.345325e-02 9.116351e+00 4.926967e-01 8.694773e-01 -3.548514e-02 -1.669065e+00 -1.163889e-02 4.735875e-02 9.988101e-01 -4.818572e+01
8.842948e-01 4.346040e-01 1.707103e-01 9.214132e+00 -4.014137e-01 8.943456e-01 -1.975169e-01 -1.693373e+00 -2.385157e-01 1.061378e-01 9.653212e-01 -4.917332e+01
8.738578e-01 -4.852917e-01 2.940237e-02 9.284744e+00 4.793132e-01 8.700652e-01 1.150885e-01 -1.715057e+00 -8.143349e-02 -8.647808e-02 9.929200e-01 -5.002478e+01
8.966125e-01 4.054726e-01 1.779833e-01 9.376050e+00 -3.275131e-01 8.777377e-01 -3.497310e-01 -1.739714e+00 -2.980290e-01 2.552813e-01 9.197881e-01 -5.090881e+01
9.079694e-01 -4.174904e-01 3.596223e-02 9.448775e+00 3.924851e-01 8.773635e-01 2.760230e-01 -1.762642e+00 -1.467889e-01 -2.365058e-01 9.604780e-01 -5.175960e+01
9.403981e-01 3.182231e-01 1.199396e-01 9.512117e+00 -2.362706e-01 8.650332e-01 -4.425988e-01 -1.785128e+00 -2.445969e-01 3.878809e-01 8.886624e-01 -5.259747e+01
9.350050e-01 -3.349176e-01 1.166016e-01 9.619033e+00 2.751146e-01 8.924942e-01 3.574438e-01 -1.810019e+00 -2.237805e-01 -3.021330e-01 9.266272e-01 -5.358319e+01
9.781204e-01 2.046417e-01 3.744617e-02 9.654547e+00 -1.656444e-01 8.749751e-01 -4.549511e-01 -1.829573e+00 -1.258664e-01 4.387942e-01 8.897287e-01 -5.432168e+01
9.458416e-01 -2.353972e-01 2.235437e-01 9.721272e+00 1.322361e-01 9.082742e-01 3.969278e-01 -1.852504e+00 -2.964746e-01 -3.458703e-01 8.902115e-01 -5.508885e+01
9.994480e-01 2.374195e-02 2.324036e-02 9.812317e+00 -8.791361e-03 8.635756e-01 -5.041428e-01 -1.876248e+00 -3.203914e-02 5.036601e-01 8.633076e-01 -5.595080e+01
9.472471e-01 -7.356364e-02 3.119475e-01 9.897224e+00 -5.394580e-02 9.228223e-01 3.814301e-01 -1.900679e+00 -3.159315e-01 -3.781369e-01 8.701723e-01 -5.687218e+01
9.739799e-01 -2.060682e-01 9.433505e-02 1.009389e+01 2.237308e-01 8.078317e-01 -5.453003e-01 -1.936233e+00 3.616220e-02 5.522172e-01 8.329156e-01 -5.821108e+01
9.444444e-01 1.558943e-01 2.893470e-01 1.024486e+01 -2.528356e-01 9.070882e-01 3.365488e-01 -1.963642e+00 -2.099972e-01 -3.910089e-01 8.961101e-01 -5.934239e+01
9.220215e-01 -3.239254e-01 2.120112e-01 1.034523e+01 3.846235e-01 8.287828e-01 -4.064283e-01 -1.992754e+00 -4.405876e-02 4.562801e-01 8.887448e-01 -6.033880e+01
8.931976e-01 3.328721e-01 3.023147e-01 1.043635e+01 -3.872935e-01 9.110985e-01 1.410792e-01 -2.023065e+00 -2.284771e-01 -2.430961e-01 9.427102e-01 -6.139765e+01
8.648117e-01 -4.709714e-01 1.740308e-01 1.052231e+01 4.992652e-01 8.433842e-01 -1.985884e-01 -2.050814e+00 -5.324534e-02 2.586290e-01 9.645081e-01 -6.235068e+01
8.739402e-01 4.386020e-01 2.094203e-01 1.063467e+01 -4.357792e-01 8.979161e-01 -6.199381e-02 -2.078311e+00 -2.152325e-01 -3.708213e-02 9.758585e-01 -6.332078e+01
8.411980e-01 -5.186255e-01 1.530149e-01 1.072291e+01 5.238541e-01 8.517783e-01 7.116388e-03 -2.102738e+00 -1.340255e-01 7.417119e-02 9.881983e-01 -6.427281e+01
8.898470e-01 4.452580e-01 9.958681e-02 1.080636e+01 -4.195177e-01 8.842755e-01 -2.050895e-01 -2.126577e+00 -1.793799e-01 1.407199e-01 9.736636e-01 -6.517030e+01
8.320800e-01 -5.036738e-01 2.322833e-01 1.094188e+01 4.789926e-01 8.636780e-01 1.569280e-01 -2.157140e+00 -2.796585e-01 -1.931466e-02 9.599052e-01 -6.635885e+01
9.202970e-01 3.698503e-01 -1.275308e-01 1.104968e+01 -3.905996e-01 8.870029e-01 -2.462882e-01 -2.179886e+00 2.203036e-02 2.764718e-01 9.607695e-01 -6.730425e+01
8.313689e-01 -4.486619e-01 3.279151e-01 1.109137e+01 3.467588e-01 8.799251e-01 3.247925e-01 -2.197265e+00 -4.342628e-01 -1.563150e-01 8.871198e-01 -6.785246e+01
9.397870e-01 2.668526e-01 -2.135184e-01 1.113058e+01 -3.243278e-01 8.933602e-01 -3.109968e-01 -2.213398e+00 1.077586e-01 3.615207e-01 9.261160e-01 -6.835246e+01
8.368196e-01 -3.728486e-01 4.008952e-01 1.117843e+01 2.292501e-01 9.036057e-01 3.618580e-01 -2.232322e+00 -4.971694e-01 -2.109046e-01 8.416305e-01 -6.889803e+01
9.800678e-01 1.038099e-01 -1.693828e-01 1.125356e+01 -1.659447e-01 8.965363e-01 -4.107129e-01 -2.254035e+00 1.092218e-01 4.306347e-01 8.958931e-01 -6.964140e+01
8.903652e-01 -2.203289e-01 3.983781e-01 1.130618e+01 7.023435e-02 9.310847e-01 3.579781e-01 -2.272553e+00 -4.497967e-01 -2.907514e-01 8.444801e-01 -7.032651e+01
9.799308e-01 -2.283279e-02 -1.980261e-01 1.132623e+01 -6.243206e-02 9.082831e-01 -4.136713e-01 -2.290037e+00 1.893091e-01 4.177324e-01 8.886291e-01 -7.098505e+01
8.697911e-01 -9.103314e-02 4.849499e-01 1.130326e+01 -8.672111e-02 9.393311e-01 3.318683e-01 -2.305553e+00 -4.857395e-01 -3.307115e-01 8.091273e-01 -7.157699e+01
9.708270e-01 -2.033733e-01 -1.270206e-01 1.133526e+01 1.293602e-01 8.902614e-01 -4.366928e-01 -2.324995e+00 2.018932e-01 4.075217e-01 8.905982e-01 -7.228850e+01
8.633494e-01 8.738609e-02 4.969824e-01 1.143243e+01 -2.142472e-01 9.551896e-01 2.042324e-01 -2.346966e+00 -4.568654e-01 -2.828010e-01 8.433846e-01 -7.312722e+01
9.252153e-01 -3.444641e-01 -1.591263e-01 1.152186e+01 2.732845e-01 8.958687e-01 -3.503353e-01 -2.368137e+00 2.632342e-01 2.806488e-01 9.230081e-01 -7.394822e+01
8.429731e-01 2.292143e-01 4.866797e-01 1.160709e+01 -3.046902e-01 9.490192e-01 8.078587e-02 -2.388488e+00 -4.433511e-01 -2.163869e-01 8.698371e-01 -7.470299e+01
8.895905e-01 -3.663644e-01 -2.727744e-01 1.161599e+01 3.171285e-01 9.252019e-01 -2.084012e-01 -2.400627e+00 3.287221e-01 9.888717e-02 9.392354e-01 -7.519758e+01
8.050058e-01 2.802448e-01 5.229039e-01 1.156207e+01 -3.147583e-01 9.488692e-01 -2.396889e-02 -2.408425e+00 -5.028846e-01 -1.452933e-01 8.520546e-01 -7.547591e+01
8.961172e-01 -3.789850e-01 -2.309640e-01 1.151076e+01 3.705199e-01 9.253083e-01 -8.074337e-02 -2.417629e+00 2.443134e-01 -1.322123e-02 9.696062e-01 -7.583968e+01
7.905620e-01 3.228931e-01 5.203382e-01 1.145481e+01 -2.905545e-01 9.457423e-01 -1.454291e-01 -2.425868e+00 -5.390639e-01 -3.621589e-02 8.414859e-01 -7.612971e+01
9.285952e-01 -3.585417e-01 -9.570175e-02 1.139680e+01 3.663341e-01 9.268501e-01 8.214736e-02 -2.437699e+00 5.924792e-02 -1.113405e-01 9.920146e-01 -7.641249e+01
7.981535e-01 2.877718e-01 5.292810e-01 1.145477e+01 -1.192675e-01 9.366297e-01 -3.293936e-01 -2.458490e+00 -5.905305e-01 1.997806e-01 7.818961e-01 -7.691969e+01
9.541607e-01 -1.776442e-01 -2.408733e-01 1.136226e+01 2.494548e-01 9.167255e-01 3.120685e-01 -2.461369e+00 1.653776e-01 -3.578505e-01 9.190176e-01 -7.684410e+01
8.896359e-01 2.028982e-01 4.091214e-01 1.129094e+01 -1.612793e-02 9.092790e-01 -4.158744e-01 -2.467149e+00 -4.563857e-01 3.633785e-01 8.121996e-01 -7.695269e+01
9.523823e-01 -1.048243e-01 -2.863213e-01 1.133790e+01 2.042905e-01 9.164780e-01 3.439964e-01 -2.481548e+00 2.263479e-01 -3.861088e-01 8.942520e-01 -7.744831e+01
8.832104e-01 1.606231e-01 4.406128e-01 1.136494e+01 6.095848e-02 8.922294e-01 -4.474493e-01 -2.495482e+00 -4.649983e-01 4.220509e-01 7.782349e-01 -7.793633e+01
9.284336e-01 2.256526e-02 -3.708124e-01 1.130623e+01 1.508920e-01 8.892040e-01 4.319119e-01 -2.498495e+00 3.394741e-01 -4.569541e-01 8.221619e-01 -7.818302e+01
8.743532e-01 1.137977e-01 4.717591e-01 1.130246e+01 1.437823e-01 8.677235e-01 -4.757967e-01 -2.505551e+00 -4.635010e-01 4.838450e-01 7.423347e-01 -7.841431e+01
9.482326e-01 3.825763e-02 -3.152638e-01 1.141732e+01 1.096143e-01 8.922814e-01 4.379711e-01 -2.522408e+00 2.980598e-01 -4.498559e-01 8.418967e-01 -7.895897e+01
9.133552e-01 6.083879e-02 4.025927e-01 1.148445e+01 1.476519e-01 8.719785e-01 -4.667466e-01 -2.535183e+00 -3.794485e-01 4.857491e-01 7.874431e-01 -7.937017e+01
9.734109e-01 7.621655e-02 -2.160146e-01 1.153023e+01 3.587974e-02 8.806520e-01 4.724031e-01 -2.544825e+00 2.262387e-01 -4.675929e-01 8.545016e-01 -7.957148e+01
9.163907e-01 -3.074800e-02 3.991022e-01 1.152525e+01 2.150990e-01 8.786848e-01 -4.261989e-01 -2.549621e+00 -3.375803e-01 4.764112e-01 8.118325e-01 -7.957017e+01
9.734528e-01 1.754736e-01 -1.469648e-01 1.144157e+01 -8.172151e-02 8.662139e-01 4.929454e-01 -2.545587e+00 2.138019e-01 -4.678489e-01 8.575583e-01 -7.926338e+01
8.298574e-01 -1.588848e-01 5.348759e-01 1.154209e+01 4.108859e-01 8.225627e-01 -3.931454e-01 -2.556469e+00 -3.775042e-01 5.460276e-01 7.478933e-01 -7.925693e+01
9.457809e-01 3.106794e-01 -9.474573e-02 1.165717e+01 -2.373305e-01 8.601617e-01 4.514377e-01 -2.568303e+00 2.217490e-01 -4.044751e-01 8.872583e-01 -7.930750e+01
6.288358e-01 -3.188802e-01 7.091410e-01 1.179954e+01 6.070786e-01 7.712121e-01 -1.915395e-01 -2.589629e+00 -4.858200e-01 5.509513e-01 6.785511e-01 -7.949421e+01
8.706332e-01 4.810117e-01 -1.030806e-01 1.190323e+01 -4.451120e-01 8.595006e-01 2.512650e-01 -2.611100e+00 2.094592e-01 -1.728772e-01 9.624138e-01 -7.981785e+01
6.093588e-01 -4.883818e-01 6.246320e-01 1.201711e+01 6.231252e-01 7.821137e-01 3.623338e-03 -2.633233e+00 -4.903028e-01 3.870160e-01 7.809109e-01 -8.039719e+01
8.491612e-01 4.991121e-01 -1.726627e-01 1.213488e+01 -4.957550e-01 8.660103e-01 6.521604e-02 -2.655049e+00 1.820778e-01 3.021945e-02 9.828197e-01 -8.085018e+01
4.853652e-01 -5.589686e-01 6.722906e-01 1.225538e+01 5.118326e-01 8.050617e-01 2.998383e-01 -2.678837e+00 -7.088356e-01 1.985692e-01 6.768473e-01 -8.113515e+01
8.823128e-01 3.791140e-01 -2.789206e-01 1.238213e+01 -4.392671e-01 8.761005e-01 -1.987270e-01 -2.702885e+00 1.690223e-01 2.978600e-01 9.395269e-01 -8.135083e+01
5.023537e-01 -5.225994e-01 6.888618e-01 1.254433e+01 2.523662e-01 8.506117e-01 4.612711e-01 -2.728739e+00 -8.270139e-01 -5.787582e-02 5.591944e-01 -8.150200e+01
9.513659e-01 9.920642e-02 -2.916521e-01 1.269453e+01 -2.169697e-01 8.878603e-01 -4.057441e-01 -2.755347e+00 2.186939e-01 4.492908e-01 8.662048e-01 -8.164351e+01
6.425105e-01 -2.862139e-01 7.108177e-01 1.280455e+01 -3.892512e-02 9.142369e-01 4.033061e-01 -2.779116e+00 -7.652876e-01 -2.867971e-01 5.762659e-01 -8.197993e+01
9.211087e-01 -1.657243e-01 -3.522700e-01 1.293796e+01 6.005198e-03 9.108088e-01 -4.127848e-01 -2.802319e+00 3.892591e-01 3.781042e-01 8.399491e-01 -8.224198e+01
6.291173e-01 -5.593191e-02 7.752954e-01 1.309553e+01 -1.893694e-01 9.563280e-01 2.226568e-01 -2.824900e+00 -7.538903e-01 -2.868945e-01 5.910507e-01 -8.251997e+01
8.562864e-01 -3.101827e-01 -4.129896e-01 1.322649e+01 1.883576e-01 9.320576e-01 -3.094996e-01 -2.845450e+00 4.809315e-01 1.872306e-01 8.565335e-01 -8.279017e+01
6.164223e-01 1.206706e-01 7.781144e-01 1.334187e+01 -2.545485e-01 9.656665e-01 5.189702e-02 -2.864264e+00 -7.451366e-01 -2.300583e-01 6.259749e-01 -8.293246e+01
7.999546e-01 -3.242622e-01 -5.049026e-01 1.344504e+01 2.675163e-01 9.458933e-01 -1.836326e-01 -2.880725e+00 5.371291e-01 1.182808e-02 8.434171e-01 -8.303068e+01
6.378987e-01 2.128617e-01 7.401183e-01 1.358854e+01 -2.251728e-01 9.705975e-01 -8.507505e-02 -2.898304e+00 -7.364662e-01 -1.123852e-01 6.670735e-01 -8.312531e+01
7.679034e-01 -2.636062e-01 -5.838117e-01 1.373972e+01 3.105051e-01 9.503465e-01 -2.069044e-02 -2.914064e+00 5.602775e-01 -1.653882e-01 8.116254e-01 -8.300267e+01
6.039926e-01 2.518301e-01 7.561577e-01 1.381575e+01 -1.622651e-01 9.677509e-01 -1.926871e-01 -2.925982e+00 -7.802967e-01 -6.316458e-03 6.253776e-01 -8.282190e+01
7.025391e-01 -1.783611e-01 -6.889312e-01 1.388080e+01 2.935497e-01 9.545160e-01 5.222818e-02 -2.936757e+00 6.482803e-01 -2.389279e-01 7.229426e-01 -8.288507e+01
6.746396e-01 2.633695e-01 6.895636e-01 1.394805e+01 -1.162899e-01 9.604378e-01 -2.530532e-01 -2.948638e+00 -7.289294e-01 9.053038e-02 6.785766e-01 -8.311336e+01
7.354365e-01 -1.412060e-01 -6.627171e-01 1.399917e+01 3.053634e-01 9.421653e-01 1.381223e-01 -2.957530e+00 6.048854e-01 -3.039497e-01 7.360219e-01 -8.311029e+01
7.082578e-01 2.660472e-01 6.539035e-01 1.414325e+01 -5.009579e-02 9.428751e-01 -3.293584e-01 -2.971672e+00 -7.041742e-01 2.005128e-01 6.811265e-01 -8.332093e+01
7.327461e-01 -1.433651e-01 -6.652290e-01 1.431827e+01 3.384233e-01 9.248701e-01 1.734504e-01 -2.987496e+00 5.903836e-01 -3.522241e-01 7.262130e-01 -8.374377e+01
6.794687e-01 3.034167e-01 6.680274e-01 1.444739e+01 -2.287670e-02 9.188040e-01 -3.940505e-01 -3.002177e+00 -7.333478e-01 2.524627e-01 6.312397e-01 -8.409545e+01
7.471166e-01 -6.722661e-02 -6.612846e-01 1.453898e+01 3.337340e-01 8.983215e-01 2.857274e-01 -3.014113e+00 5.748377e-01 -4.341649e-01 6.935867e-01 -8.420737e+01
6.922908e-01 2.850102e-01 6.629500e-01 1.459067e+01 2.476826e-02 9.087723e-01 -4.165566e-01 -3.024629e+00 -7.211935e-01 3.047984e-01 6.220755e-01 -8.430181e+01
7.633657e-01 -2.345446e-02 -6.455407e-01 1.465570e+01 3.056261e-01 8.935255e-01 3.289450e-01 -3.036470e+00 5.690918e-01 -4.483994e-01 6.892550e-01 -8.450752e+01
6.987741e-01 2.652944e-01 6.643295e-01 1.473812e+01 1.024512e-01 8.819981e-01 -4.599817e-01 -3.050278e+00 -7.079679e-01 3.894846e-01 5.891377e-01 -8.480562e+01
8.218105e-01 4.164137e-02 -5.682372e-01 1.480795e+01 2.571491e-01 8.628637e-01 4.351329e-01 -3.063422e+00 5.084308e-01 -5.037185e-01 6.984024e-01 -8.497350e+01
6.599971e-01 1.945696e-01 7.256353e-01 1.487579e+01 2.459109e-01 8.567203e-01 -4.533851e-01 -3.077052e+00 -7.098814e-01 4.776745e-01 5.175861e-01 -8.507059e+01
8.736233e-01 1.676942e-01 -4.567943e-01 1.492442e+01 9.762894e-02 8.592486e-01 5.021558e-01 -3.092184e+00 4.767084e-01 -4.832913e-01 7.342878e-01 -8.527760e+01
6.156797e-01 5.929035e-02 7.857628e-01 1.498652e+01 4.334247e-01 8.072948e-01 -4.005224e-01 -3.111765e+00 -6.580893e-01 5.871625e-01 4.713371e-01 -8.563542e+01
8.703212e-01 3.229326e-01 -3.718274e-01 1.510921e+01 -7.862956e-02 8.364336e-01 5.423986e-01 -3.133076e+00 4.861671e-01 -4.428244e-01 7.533579e-01 -8.587488e+01
4.891142e-01 -1.464283e-01 8.598407e-01 1.529383e+01 5.993566e-01 7.726175e-01 -2.093652e-01 -3.155248e+00 -6.336710e-01 6.177547e-01 4.656610e-01 -8.573078e+01
8.096541e-01 5.066984e-01 -2.961704e-01 1.540018e+01 -3.497058e-01 8.217652e-01 4.498976e-01 -3.176451e+00 4.713449e-01 -2.606889e-01 8.425409e-01 -8.586123e+01
5.138496e-01 -3.843805e-01 7.669486e-01 1.547878e+01 6.481757e-01 7.596039e-01 -5.357320e-02 -3.195822e+00 -5.619847e-01 5.246460e-01 6.394683e-01 -8.623126e+01
7.353081e-01 5.812227e-01 -3.485716e-01 1.553819e+01 -4.797022e-01 8.096607e-01 3.381351e-01 -3.212873e+00 4.787565e-01 -8.142289e-02 8.741639e-01 -8.659195e+01
4.559352e-01 -5.204057e-01 7.220118e-01 1.559163e+01 6.329365e-01 7.599178e-01 1.480412e-01 -3.229062e+00 -6.257111e-01 3.894904e-01 6.758571e-01 -8.676881e+01
7.444008e-01 5.768323e-01 -3.363509e-01 1.564733e+01 -5.709470e-01 8.110526e-01 1.273312e-01 -3.245398e+00 3.462470e-01 9.725313e-02 9.330889e-01 -8.676931e+01
5.226714e-01 -6.120301e-01 5.934929e-01 1.614412e+01 5.876081e-01 7.630010e-01 2.693438e-01 -3.275067e+00 -6.176822e-01 2.079629e-01 7.584327e-01 -8.673120e+01
6.671073e-01 4.607838e-01 -5.853599e-01 1.708765e+01 -5.917491e-01 8.050975e-01 -4.063183e-02 -3.321905e+00 4.525493e-01 3.734920e-01 8.097548e-01 -8.695074e+01
4.064293e-01 -5.877648e-01 6.995339e-01 1.769386e+01 4.444337e-01 7.961178e-01 4.107008e-01 -3.354337e+00 -7.983069e-01 1.439756e-01 5.847881e-01 -8.710538e+01
5.427386e-01 4.004472e-01 -7.382932e-01 1.797577e+01 -5.483501e-01 8.347724e-01 4.967063e-02 -3.373827e+00 6.361972e-01 3.778850e-01 6.726485e-01 -8.714543e+01
4.324538e-01 -5.644137e-01 7.031507e-01 1.817546e+01 4.118532e-01 8.173864e-01 4.028106e-01 -3.391823e+00 -8.020977e-01 1.153979e-01 5.859374e-01 -8.742445e+01
6.200208e-01 3.224744e-01 -7.152514e-01 1.827164e+01 -5.000680e-01 8.648905e-01 -4.354763e-02 -3.409511e+00 6.045711e-01 3.846748e-01 6.975092e-01 -8.793774e+01
4.068054e-01 -5.125373e-01 7.561844e-01 1.835432e+01 2.989685e-01 8.568866e-01 4.199562e-01 -3.426102e+00 -8.632075e-01 5.523489e-02 5.018186e-01 -8.836542e+01
5.108817e-01 2.721280e-01 -8.154424e-01 1.843327e+01 -4.566132e-01 8.895997e-01 1.080349e-02 -3.437976e+00 7.283572e-01 3.668224e-01 5.787374e-01 -8.854125e+01
4.649879e-01 -5.653294e-01 6.813141e-01 1.865776e+01 2.976260e-01 8.245997e-01 4.810968e-01 -3.450905e+00 -8.337895e-01 -2.092745e-02 5.516856e-01 -8.807761e+01
7.673741e-01 -2.265619e-02 -6.407993e-01 1.921674e+01 -3.577938e-01 8.141881e-01 -4.572541e-01 -3.501818e+00 5.320908e-01 5.801589e-01 6.166806e-01 -8.948282e+01
6.336324e-01 -2.736977e-01 7.236018e-01 1.978015e+01 8.894310e-02 9.548981e-01 2.832998e-01 -3.544460e+00 -7.685045e-01 -1.151485e-01 6.293979e-01 -9.147961e+01
5.703887e-01 -7.077837e-02 -8.183197e-01 2.014021e+01 -1.604386e-01 9.674892e-01 -1.955100e-01 -3.571772e+00 8.055533e-01 2.428068e-01 5.404893e-01 -9.240221e+01
6.589920e-01 -2.301861e-01 7.160613e-01 2.050183e+01 8.260291e-02 9.684095e-01 2.352868e-01 -3.592004e+00 -7.476003e-01 -9.590337e-02 6.571882e-01 -9.246301e+01
6.905212e-01 1.237643e-01 -7.126450e-01 2.082044e+01 -1.899428e-01 9.817016e-01 -1.355501e-02 -3.608782e+00 6.979271e-01 1.447218e-01 7.013939e-01 -9.202559e+01
6.177977e-01 -2.746469e-01 7.368142e-01 2.117057e+01 1.476041e-01 9.608689e-01 2.344013e-01 -3.628974e+00 -7.723594e-01 -3.605578e-02 6.341616e-01 -9.155352e+01
7.296357e-01 2.372765e-01 -6.413514e-01 2.152580e+01 -2.533159e-01 9.649337e-01 6.880429e-02 -3.648306e+00 6.351872e-01 1.122624e-01 7.641560e-01 -9.078565e+01
5.619415e-01 -3.947384e-01 7.269136e-01 2.187215e+01 2.040314e-01 9.177813e-01 3.406592e-01 -3.666206e+00 -8.016190e-01 -4.311728e-02 5.962784e-01 -8.980487e+01
7.410562e-01 2.832187e-01 -6.087881e-01 2.212565e+01 -3.651463e-01 9.308801e-01 -1.141819e-02 -3.680718e+00 5.634749e-01 2.307582e-01 7.932507e-01 -8.896962e+01
5.808946e-01 -4.840210e-01 6.544350e-01 2.250150e+01 2.583881e-01 8.720614e-01 4.156254e-01 -3.700306e+00 -7.718789e-01 -7.233633e-02 6.316410e-01 -8.820639e+01
7.284816e-01 2.506461e-01 -6.375665e-01 2.273185e+01 -4.191095e-01 8.992404e-01 -1.253555e-01 -3.716223e+00 5.419057e-01 3.585294e-01 7.601282e-01 -8.769994e+01
5.823664e-01 -4.895155e-01 6.490177e-01 2.286173e+01 1.048105e-01 8.369217e-01 5.371935e-01 -3.716643e+00 -8.061415e-01 -2.448195e-01 5.387014e-01 -8.654541e+01
5.318125e-01 1.248325e-01 -8.376111e-01 2.317214e+01 -4.952695e-01 8.481417e-01 -1.880525e-01 -3.735595e+00 6.869378e-01 5.148519e-01 5.128781e-01 -8.641019e+01
4.684274e-01 -4.743733e-01 7.453494e-01 2.349331e+01 1.602928e-01 8.752610e-01 4.563161e-01 -3.757606e+00 -8.688395e-01 -9.427680e-02 4.860348e-01 -8.637892e+01
5.807875e-01 1.624603e-01 -7.976795e-01 2.375580e+01 -3.987265e-01 9.110669e-01 -1.047578e-01 -3.775290e+00 7.097204e-01 3.788980e-01 5.939135e-01 -8.596829e+01
5.100749e-01 -3.604874e-01 7.809433e-01 2.399511e+01 2.124494e-01 9.326072e-01 2.917344e-01 -3.797521e+00 -8.334799e-01 1.710456e-02 5.522849e-01 -8.620851e+01
5.532436e-01 9.727107e-02 -8.273209e-01 2.429407e+01 -2.270938e-01 9.731528e-01 -3.744447e-02 -3.818658e+00 8.014673e-01 2.085954e-01 5.604802e-01 -8.646155e+01
3.428099e-01 -3.680540e-01 8.643018e-01 2.449728e+01 6.610095e-02 9.272229e-01 3.686305e-01 -3.828820e+00 -9.370763e-01 -6.923899e-02 3.421899e-01 -8.562171e+01
3.415873e-01 6.570943e-02 -9.375502e-01 2.469092e+01 -3.373927e-01 9.396324e-01 -5.707040e-02 -3.842861e+00 8.772025e-01 3.358171e-01 3.431364e-01 -8.548704e+01
3.831676e-01 -3.271572e-01 8.638002e-01 2.500732e+01 2.004739e-01 9.423372e-01 2.679755e-01 -3.862892e+00 -9.016611e-01 7.048985e-02 4.266595e-01 -8.578117e+01
2.769601e-01 2.031469e-01 -9.391616e-01 2.538771e+01 -2.577088e-01 9.572914e-01 1.310698e-01 -3.880576e+00 9.256777e-01 2.057291e-01 3.174843e-01 -8.563161e+01
1.242109e-01 -4.127411e-01 9.023394e-01 2.570229e+01 1.688762e-01 9.049079e-01 3.906694e-01 -3.895936e+00 -9.777794e-01 1.038582e-01 1.821015e-01 -8.473658e+01
3.617517e-01 3.090123e-01 -8.795721e-01 2.589638e+01 -4.272712e-01 8.935023e-01 1.381775e-01 -3.905171e+00 8.285982e-01 3.258299e-01 4.552580e-01 -8.386382e+01
8.122763e-03 -5.323768e-01 8.464685e-01 2.606162e+01 2.012927e-01 8.300390e-01 5.201120e-01 -3.914011e+00 -9.794975e-01 1.661632e-01 1.139058e-01 -8.293556e+01
3.525950e-01 3.033628e-01 -8.852388e-01 2.627971e+01 -5.265007e-01 8.463707e-01 8.033520e-02 -3.925519e+00 7.736109e-01 4.377530e-01 4.581468e-01 -8.201187e+01
2.459715e-02 -6.820031e-01 7.309355e-01 2.644708e+01 1.031632e-01 7.289849e-01 6.767114e-01 -3.927593e+00 -9.943603e-01 5.876044e-02 8.828854e-02 -8.068974e+01
4.413643e-01 2.509045e-01 -8.615361e-01 2.661451e+01 -6.642079e-01 7.369101e-01 -1.256635e-01 -3.928478e+00 6.033451e-01 6.277025e-01 4.918986e-01 -7.926505e+01
1.206962e-01 -7.861882e-01 6.060863e-01 2.683537e+01 -8.128816e-02 6.006718e-01 7.953525e-01 -3.931689e+00 -9.893557e-01 -1.452637e-01 8.591042e-03 -7.772397e+01
5.332658e-01 8.796430e-02 -8.413619e-01 2.714663e+01 -6.534665e-01 6.744464e-01 -3.436620e-01 -3.942171e+00 5.372235e-01 7.330650e-01 4.171409e-01 -7.625131e+01
2.558129e-01 -7.770435e-01 5.751201e-01 2.742366e+01 -2.330121e-01 5.278145e-01 8.167725e-01 -3.950678e+00 -9.382245e-01 -3.429509e-01 -4.603878e-02 -7.481872e+01
5.499170e-01 -9.946864e-02 -8.292751e-01 2.767523e+01 -6.164054e-01 6.216471e-01 -4.833211e-01 -3.961041e+00 5.635918e-01 7.769562e-01 2.805413e-01 -7.371199e+01
3.523481e-01 -7.399776e-01 5.729607e-01 2.780520e+01 -3.021358e-01 4.894988e-01 8.179883e-01 -3.963504e+00 -8.857566e-01 -4.613285e-01 -5.109975e-02 -7.270994e+01
6.178330e-01 -2.951111e-01 -7.288290e-01 2.806284e+01 -5.519516e-01 4.973908e-01 -6.692921e-01 -3.981952e+00 5.600284e-01 8.157891e-01 1.444174e-01 -7.240876e+01
4.327588e-01 -4.974427e-01 7.518448e-01 2.832418e+01 -3.955699e-01 6.446328e-01 6.541965e-01 -4.004632e+00 -8.100891e-01 -5.805164e-01 8.219711e-02 -7.233598e+01
6.271905e-01 -4.366030e-01 -6.449882e-01 2.859785e+01 -2.108716e-01 7.019964e-01 -6.802457e-01 -4.024994e+00 7.497768e-01 5.626534e-01 3.482183e-01 -7.208884e+01
4.995419e-01 -1.619317e-01 8.510206e-01 2.926002e+01 -4.784687e-01 7.673649e-01 4.268709e-01 -4.057625e+00 -7.221672e-01 -6.204266e-01 3.058517e-01 -7.148986e+01
6.796381e-01 -5.250677e-01 -5.122460e-01 3.017764e+01 6.960701e-02 7.413248e-01 -6.675271e-01 -4.109959e+00 7.302376e-01 4.180209e-01 5.403809e-01 -7.082654e+01
5.585208e-01 8.327412e-02 8.252999e-01 3.064622e+01 -5.498683e-01 7.820959e-01 2.932080e-01 -4.134361e+00 -6.210470e-01 -6.175690e-01 4.826066e-01 -7.056679e+01
5.344463e-01 -7.156995e-01 -4.496014e-01 3.109042e+01 2.049360e-01 6.258030e-01 -7.525768e-01 -4.165452e+00 8.199807e-01 3.100723e-01 4.811307e-01 -7.079161e+01
1.384763e-01 1.180534e-01 9.833045e-01 3.125320e+01 -7.404768e-01 6.716660e-01 2.364075e-02 -4.173027e+00 -6.576613e-01 -7.313879e-01 1.804257e-01 -6.978262e+01
4.373481e-01 -7.167563e-01 -5.431272e-01 3.143144e+01 5.104498e-01 6.950854e-01 -5.062582e-01 -4.178991e+00 7.403835e-01 -5.582814e-02 6.698623e-01 -6.848379e+01
-4.703278e-02 4.108541e-01 9.104872e-01 3.155087e+01 -5.484890e-01 7.511685e-01 -3.672952e-01 -4.183150e+00 -8.348340e-01 -5.166671e-01 1.900194e-01 -6.714133e+01
4.534246e-01 -4.259348e-01 -7.829340e-01 3.171592e+01 6.216356e-01 7.806323e-01 -6.467161e-02 -4.185245e+00 6.387295e-01 -4.573760e-01 6.187341e-01 -6.545979e+01
4.544730e-03 4.715144e-01 8.818467e-01 3.191137e+01 -1.169801e-01 8.760517e-01 -4.678130e-01 -4.189082e+00 -9.931239e-01 -1.010324e-01 5.913923e-02 -6.382618e+01
5.538305e-01 -3.355532e-02 -8.319530e-01 3.198830e+01 4.363141e-01 8.627102e-01 2.556581e-01 -4.188381e+00 7.091557e-01 -5.045841e-01 4.924359e-01 -6.242120e+01
2.657079e-01 3.825727e-01 8.848940e-01 3.203447e+01 1.864181e-01 8.801753e-01 -4.365086e-01 -4.194321e+00 -9.458581e-01 2.809440e-01 1.625511e-01 -6.177540e+01
5.270127e-01 2.420667e-01 -8.146541e-01 3.206623e+01 3.058734e-01 8.403134e-01 4.475655e-01 -4.198760e+00 7.929054e-01 -4.850537e-01 3.688141e-01 -6.118267e+01
2.217277e-01 2.339474e-01 9.466285e-01 3.217180e+01 3.822474e-01 8.722402e-01 -3.050967e-01 -4.205782e+00 -8.970640e-01 4.294946e-01 1.039740e-01 -6.036964e+01
5.808322e-01 4.437454e-01 -6.824397e-01 3.223059e+01 4.967415e-02 8.174701e-01 5.738249e-01 -4.208547e+00 8.125063e-01 -3.671956e-01 4.527703e-01 -5.942543e+01
5.238250e-01 -1.856675e-02 8.516235e-01 3.241532e+01 5.127043e-01 8.052624e-01 -2.978032e-01 -4.222720e+00 -6.802512e-01 5.926278e-01 4.313358e-01 -5.919773e+01
7.463385e-01 5.486145e-01 -3.768302e-01 3.254297e+01 -2.662269e-01 7.649896e-01 5.864420e-01 -4.230236e+00 6.100017e-01 -3.373619e-01 7.169971e-01 -5.832841e+01
4.932491e-01 -2.534816e-01 8.321373e-01 3.261410e+01 6.746008e-01 7.154088e-01 -1.819451e-01 -4.245960e+00 -5.491986e-01 6.511047e-01 5.238736e-01 -5.821524e+01
7.605126e-01 4.994217e-01 -4.149681e-01 3.285875e+01 -4.103166e-01 8.649432e-01 2.889873e-01 -4.290907e+00 5.032503e-01 -4.951017e-02 8.627212e-01 -5.981126e+01
6.354220e-01 -2.995597e-01 7.116901e-01 3.312433e+01 5.386150e-01 8.323788e-01 -1.305354e-01 -4.325110e+00 -5.532926e-01 4.662720e-01 6.902591e-01 -6.131599e+01
7.375422e-01 4.746501e-01 -4.803528e-01 3.323604e+01 -3.397616e-01 8.755484e-01 3.434780e-01 -4.345713e+00 5.836040e-01 -9.012412e-02 8.070217e-01 -6.188874e+01
4.279185e-01 -2.402993e-01 8.712876e-01 3.337002e+01 5.496713e-01 8.344311e-01 -3.982766e-02 -4.379230e+00 -7.174589e-01 4.959647e-01 4.891541e-01 -6.301779e+01
6.440891e-01 4.445689e-01 -6.225012e-01 3.350369e+01 -3.533783e-01 8.946660e-01 2.733065e-01 -4.408517e+00 6.784342e-01 4.394464e-02 7.333457e-01 -6.403190e+01
3.115948e-01 -2.372687e-01 9.201153e-01 3.362211e+01 4.651242e-01 8.824697e-01 7.004789e-02 -4.440586e+00 -8.285941e-01 4.061413e-01 3.853324e-01 -6.508212e+01
3.417168e-01 4.414050e-01 -8.296935e-01 3.359865e+01 -2.043801e-01 8.966119e-01 3.928305e-01 -4.448624e+00 9.173104e-01 3.533606e-02 3.966017e-01 -6.531738e+01
2.658388e-01 -3.040284e-01 9.148205e-01 3.371312e+01 4.367465e-01 8.839737e-01 1.668622e-01 -4.453112e+00 -8.594081e-01 3.551862e-01 3.677779e-01 -6.469090e+01
4.807705e-01 5.138114e-01 -7.105333e-01 3.385500e+01 -4.080459e-01 8.483407e-01 3.373673e-01 -4.461937e+00 7.761175e-01 1.277339e-01 6.175158e-01 -6.393550e+01
4.125648e-01 -3.729712e-01 8.310732e-01 3.391006e+01 5.370681e-01 8.364942e-01 1.087905e-01 -4.478263e+00 -7.357636e-01 4.014598e-01 5.454190e-01 -6.441393e+01
5.231561e-01 6.090554e-01 -5.961201e-01 3.396487e+01 -4.612826e-01 7.905231e-01 4.028544e-01 -4.476706e+00 7.166074e-01 6.422412e-02 6.945136e-01 -6.356405e+01
4.474199e-01 -5.243957e-01 7.244478e-01 3.406249e+01 6.179522e-01 7.668469e-01 1.734384e-01 -4.485609e+00 -6.464909e-01 3.700743e-01 6.671540e-01 -6.326521e+01
4.878312e-01 5.918558e-01 -6.416599e-01 3.416815e+01 -5.271304e-01 7.856358e-01 3.238981e-01 -4.499975e+00 6.958119e-01 1.802309e-01 6.952428e-01 -6.342896e+01
2.037347e-01 -4.466969e-01 8.711797e-01 3.425708e+01 5.482308e-01 7.892969e-01 2.765020e-01 -4.526569e+00 -8.111320e-01 4.212745e-01 4.057002e-01 -6.424644e+01
5.682110e-01 4.133547e-01 -7.115294e-01 3.432463e+01 -5.192106e-01 8.509217e-01 7.970349e-02 -4.556055e+00 6.384017e-01 3.241452e-01 6.981212e-01 -6.521792e+01
3.232555e-01 -5.674075e-01 7.573339e-01 3.435070e+01 3.529669e-01 8.148413e-01 4.598349e-01 -4.562233e+00 -8.780207e-01 1.186696e-01 4.636780e-01 -6.471426e+01
5.467218e-01 3.536954e-01 -7.589432e-01 3.438574e+01 -5.523847e-01 8.335356e-01 -9.464550e-03 -4.568103e+00 6.292586e-01 4.244031e-01 6.510880e-01 -6.424204e+01
1.897894e-01 -6.365741e-01 7.474981e-01 3.444850e+01 6.812458e-02 7.680387e-01 6.367697e-01 -4.570838e+00 -9.794585e-01 -6.992918e-02 1.891320e-01 -6.303087e+01
