9.999509e-01 6.366685e-04 -9.886815e-03 -2.203695e-02 -6.177171e-04 9.999980e-01 1.919773e-03 -6.711826e-03 9.888017e-03 -1.913572e-03 9.999493e-01 3.089949e-01
9.999990e-01 -1.369044e-03 4.487316e-04 -2.328674e-02 1.368515e-03 9.999984e-01 1.176915e-03 -1.998482e-02 -4.503418e-04 -1.176299e-03 9.999992e-01 9.719726e-01
9.999569e-01 7.604833e-04 -9.258401e-03 -4.271630e-02 -7.440085e-04 9.999981e-01 1.782764e-03 -3.220863e-02 9.259739e-03 -1.775799e-03 9.999556e-01 1.605679e+00
9.999986e-01 -1.447795e-03 8.456656e-04 -9.613016e-02 1.446883e-03 9.999984e-01 1.078149e-03 -4.353599e-02 -8.472249e-04 -1.076923e-03 9.999991e-01 2.307377e+00
9.999495e-01 2.313466e-06 -1.005035e-02 -1.088403e-01 2.503448e-05 9.999963e-01 2.720972e-03 -6.174682e-02 1.005032e-02 -2.721087e-03 9.999458e-01 3.245385e+00
9.999989e-01 -1.442442e-03 2.905435e-04 -1.319828e-01 1.442168e-03 9.999985e-01 9.405204e-04 -7.995069e-02 -2.918994e-04 -9.400997e-04 9.999995e-01 4.215257e+00
9.999603e-01 4.349858e-04 -8.901990e-03 -1.273914e-01 -4.119621e-04 9.999966e-01 2.588028e-03 -9.510097e-02 8.903085e-03 -2.584259e-03 9.999570e-01 4.991313e+00
9.999981e-01 -1.697650e-03 -9.284431e-04 -1.574538e-01 1.698413e-03 9.999982e-01 8.210501e-04 -1.114853e-01 9.270480e-04 -8.226247e-04 9.999992e-01 5.910307e+00
9.999718e-01 -3.247328e-05 -7.516447e-03 -1.881542e-01 5.588959e-05 9.999951e-01 3.115159e-03 -1.303724e-01 7.516309e-03 -3.115492e-03 9.999669e-01 6.941065e+00
9.999991e-01 -8.506516e-04 -1.039424e-03 -1.943073e-01 8.508490e-04 9.999996e-01 1.894066e-04 -1.441149e-01 1.039263e-03 -1.902901e-04 9.999994e-01 7.650744e+00
9.999669e-01 5.006398e-04 -8.119413e-03 -1.846813e-01 -4.788711e-04 9.999963e-01 2.682795e-03 -1.556609e-01 8.120726e-03 -2.678819e-03 9.999634e-01 8.192124e+00
9.999984e-01 -1.147820e-03 -1.372904e-03 -1.888915e-01 1.148192e-03 9.999993e-01 2.704833e-04 -1.684507e-01 1.372593e-03 -2.720585e-04 9.999990e-01 8.837243e+00
9.999728e-01 3.871900e-04 -7.361054e-03 -2.091464e-01 -3.661151e-04 9.999958e-01 2.864173e-03 -1.817024e-01 7.362132e-03 -2.861401e-03 9.999688e-01 9.528601e+00
9.999990e-01 -1.098869e-03 -8.931821e-04 -2.349764e-01 1.099036e-03 9.999994e-01 1.861692e-04 -1.938269e-01 8.929773e-04 -1.871499e-04 9.999996e-01 1.019309e+01
9.999648e-01 1.516344e-05 -8.389156e-03 -2.593205e-01 1.138750e-05 9.999950e-01 3.164861e-03 -2.094233e-01 8.389162e-03 -3.164846e-03 9.999598e-01 1.101824e+01
9.999994e-01 -9.641233e-04 -5.550856e-04 -2.792135e-01 9.642064e-04 9.999995e-01 1.493944e-04 -2.243124e-01 5.549416e-04 -1.499288e-04 9.999998e-01 1.178648e+01
9.999679e-01 3.821375e-04 -8.008237e-03 -2.904113e-01 -3.591813e-04 9.999958e-01 2.867825e-03 -2.361536e-01 8.009299e-03 -2.864858e-03 9.999638e-01 1.239544e+01
9.999999e-01 -4.367899e-04 -1.507881e-04 -3.034511e-01 4.367455e-04 9.999999e-01 -2.952519e-04 -2.450101e-01 1.509174e-04 2.951867e-04 9.999999e-01 1.285141e+01
9.999660e-01 5.660933e-05 -8.250522e-03 -3.308314e-01 -3.153439e-05 9.999954e-01 3.039302e-03 -2.554300e-01 8.250655e-03 -3.038939e-03 9.999613e-01 1.343073e+01
1.000000e+00 -5.329741e-05 1.241558e-04 -3.283439e-01 5.333865e-05 9.999999e-01 -3.315591e-04 -2.642371e-01 -1.241378e-04 3.315665e-04 9.999999e-01 1.386132e+01
9.999698e-01 1.060799e-03 -7.693660e-03 -3.752598e-01 -1.046084e-03 9.999976e-01 1.916328e-03 -2.662505e-01 7.695674e-03 -1.908222e-03 9.999686e-01 1.398093e+01
9.999997e-01 -7.846678e-04 -1.013423e-04 -4.226753e-01 7.846969e-04 9.999997e-01 2.864769e-04 -2.726808e-01 1.011179e-04 -2.865557e-04 1.000000e+00 1.438249e+01
9.999597e-01 6.539606e-04 -8.952432e-03 -4.101340e-01 -6.322741e-04 9.999969e-01 2.425034e-03 -2.829695e-01 8.953989e-03 -2.419276e-03 9.999570e-01 1.484879e+01
9.999998e-01 -6.388651e-04 1.724503e-04 -4.111424e-01 6.388554e-04 9.999998e-01 5.673768e-05 -2.921552e-01 -1.724862e-04 -5.662680e-05 1.000000e+00 1.527332e+01
9.999527e-01 4.961588e-04 -9.717328e-03 -3.841789e-01 -4.693142e-04 9.999961e-01 2.764650e-03 -3.045621e-01 9.718661e-03 -2.759960e-03 9.999490e-01 1.578320e+01
9.999999e-01 -2.480190e-04 -4.446846e-04 -3.317481e-01 2.480205e-04 1.000000e+00 3.119399e-06 -3.154652e-01 4.446841e-04 -3.228987e-06 9.999999e-01 1.619492e+01
9.999507e-01 7.420552e-04 -9.900684e-03 -2.834829e-01 -7.174027e-04 9.999966e-01 2.493309e-03 -3.248874e-01 9.902500e-03 -2.486084e-03 9.999479e-01 1.653078e+01
9.999997e-01 7.369320e-04 -1.455395e-04 -2.573243e-01 -7.370422e-04 9.999994e-01 -7.590698e-04 -3.262931e-01 1.449803e-04 7.591776e-04 9.999997e-01 1.645601e+01
9.999526e-01 9.188987e-04 -9.696453e-03 -2.404707e-01 -8.950397e-04 9.999966e-01 2.464653e-03 -3.271838e-01 9.698685e-03 -2.455858e-03 9.999500e-01 1.634386e+01
9.999998e-01 6.127445e-04 1.824277e-04 -2.049085e-01 -6.125262e-04 9.999991e-01 -1.193700e-03 -3.262150e-01 -1.831586e-04 1.193589e-03 9.999993e-01 1.609753e+01
9.999602e-01 9.493728e-04 -8.875471e-03 -1.323762e-01 -9.262623e-04 9.999962e-01 2.607621e-03 -3.263534e-01 8.877912e-03 -2.599297e-03 9.999572e-01 1.585853e+01
9.999990e-01 1.030949e-03 9.827546e-04 -5.049084e-02 -1.029637e-03 9.999986e-01 -1.333831e-03 -3.236391e-01 -9.841280e-04 1.332819e-03 9.999986e-01 1.544831e+01
9.999679e-01 1.168687e-03 -7.931170e-03 3.463451e-03 -1.150319e-03 9.999966e-01 2.320132e-03 -3.178038e-01 7.933855e-03 -2.310935e-03 9.999659e-01 1.491615e+01
9.999992e-01 1.059048e-03 6.413586e-04 5.975554e-02 -1.058194e-03 9.999986e-01 -1.329840e-03 -3.116099e-01 -6.427657e-04 1.329161e-03 9.999989e-01 1.434509e+01
9.999684e-01 1.285686e-03 -7.843404e-03 1.296084e-01 -1.266880e-03 9.999963e-01 2.402125e-03 -3.059328e-01 7.846463e-03 -2.392113e-03 9.999664e-01 1.377333e+01
9.999990e-01 1.135458e-03 8.787711e-04 2.016920e-01 -1.134227e-03 9.999984e-01 -1.400425e-03 -2.993447e-01 -8.803594e-04 1.399427e-03 9.999986e-01 1.314586e+01
9.999665e-01 1.172227e-03 -8.103667e-03 2.562637e-01 -1.153044e-03 9.999965e-01 2.371426e-03 -2.928678e-01 8.106419e-03 -2.362003e-03 9.999644e-01 1.255768e+01
9.999977e-01 1.527299e-04 -2.125900e-03 2.188538e-01 -1.559893e-04 9.999988e-01 -1.533193e-03 -2.921305e-01 2.125663e-03 1.533522e-03 9.999966e-01 1.246037e+01
9.999628e-01 4.117310e-05 -8.628869e-03 2.601109e-01 -5.996695e-06 9.999917e-01 4.076596e-03 -3.031222e-01 8.628965e-03 -4.076394e-03 9.999545e-01 1.287003e+01
9.999986e-01 1.150027e-04 -1.653713e-03 2.976319e-01 -1.174351e-04 9.999989e-01 -1.470919e-03 -3.138617e-01 1.653543e-03 1.471112e-03 9.999976e-01 1.328784e+01
9.999616e-01 -1.675271e-04 -8.762993e-03 3.278544e-01 2.039571e-04 9.999913e-01 4.156536e-03 -3.253957e-01 8.762220e-03 -4.158165e-03 9.999530e-01 1.376120e+01
9.999992e-01 1.216745e-03 -2.069123e-04 3.202808e-01 -1.217175e-03 9.999971e-01 -2.091577e-03 -3.301398e-01 2.043671e-04 2.091828e-03 9.999978e-01 1.394721e+01
9.999607e-01 1.201707e-04 -8.860577e-03 2.877307e-01 -8.749392e-05 9.999932e-01 3.688192e-03 -3.325287e-01 8.860960e-03 -3.687272e-03 9.999539e-01 1.402426e+01
9.999992e-01 1.181360e-03 -5.124637e-04 2.439710e-01 -1.182420e-03 9.999972e-01 -2.073167e-03 -3.354167e-01 5.100134e-04 2.073772e-03 9.999977e-01 1.414446e+01
9.999696e-01 1.683332e-04 -7.793368e-03 1.864356e-01 -1.406519e-04 9.999937e-01 3.552327e-03 -3.356114e-01 7.793916e-03 -3.551123e-03 9.999633e-01 1.417045e+01
9.999981e-01 1.536271e-03 -1.160815e-03 1.132401e-01 -1.539131e-03 9.999958e-01 -2.467340e-03 -3.322245e-01 1.157020e-03 2.469122e-03 9.999963e-01 1.400854e+01
9.999723e-01 2.708171e-04 -7.442000e-03 7.913065e-02 -2.462249e-04 9.999945e-01 3.305250e-03 -3.268496e-01 7.442854e-03 -3.303326e-03 9.999668e-01 1.366325e+01
9.999979e-01 2.017378e-03 -3.444694e-04 1.023851e-01 -2.018190e-03 9.999951e-01 -2.374140e-03 -3.199730e-01 3.396785e-04 2.374831e-03 9.999971e-01 1.311263e+01
9.999749e-01 4.183360e-04 -7.069793e-03 1.679311e-01 -3.947887e-04 9.999944e-01 3.331773e-03 -3.134004e-01 7.071147e-03 -3.328900e-03 9.999695e-01 1.248936e+01
9.999976e-01 2.157726e-03 -2.889889e-04 2.461114e-01 -2.158403e-03 9.999949e-01 -2.364197e-03 -3.062198e-01 2.838864e-04 2.364815e-03 9.999972e-01 1.181905e+01
9.999751e-01 5.714287e-05 -7.057172e-03 2.914706e-01 -3.442202e-05 9.999948e-01 3.219643e-03 -3.001233e-01 7.057319e-03 -3.219321e-03 9.999699e-01 1.125659e+01
9.999963e-01 2.602428e-03 -7.829299e-04 3.797342e-01 -2.604201e-03 9.999940e-01 -2.271357e-03 -2.926703e-01 7.770145e-04 2.273388e-03 9.999971e-01 1.057186e+01
9.999853e-01 4.572075e-04 -5.404369e-03 5.425145e-01 -4.410980e-04 9.999955e-01 2.981682e-03 -2.834821e-01 5.405708e-03 -2.979255e-03 9.999810e-01 9.658613e+00
9.999937e-01 2.497209e-03 -2.519233e-03 7.335796e-01 -2.503087e-03 9.999941e-01 -2.332785e-03 -2.738341e-01 2.513393e-03 2.339077e-03 9.999941e-01 8.677081e+00
9.999890e-01 9.736362e-04 -4.589679e-03 9.486467e-01 -9.594386e-04 9.999948e-01 3.094601e-03 -2.612454e-01 4.592668e-03 -3.090164e-03 9.999847e-01 7.570354e+00
9.999888e-01 2.229475e-03 -4.164945e-03 1.202516e+00 -2.239409e-03 9.999947e-01 -2.382099e-03 -2.495909e-01 4.159612e-03 2.391400e-03 9.999885e-01 6.424593e+00
9.999961e-01 1.114340e-03 -2.548218e-03 1.391588e+00 -1.106489e-03 9.999946e-01 3.080386e-03 -2.376694e-01 2.551637e-03 -3.077555e-03 9.999920e-01 5.363710e+00
9.999852e-01 2.523576e-03 -4.811802e-03 1.718734e+00 -2.534021e-03 9.999944e-01 -2.165770e-03 -2.238332e-01 4.806310e-03 2.177932e-03 9.999861e-01 4.078506e+00
9.999904e-01 2.005076e-04 -4.370312e-03 2.000840e+00 -1.865844e-04 9.999949e-01 3.186087e-03 -2.122084e-01 4.370928e-03 -3.185242e-03 9.999854e-01 3.004395e+00
9.999894e-01 2.986872e-03 -3.516318e-03 2.242161e+00 -2.994770e-03 9.999930e-01 -2.242919e-03 -2.032857e-01 3.509595e-03 2.253426e-03 9.999913e-01 2.050734e+00
9.999921e-01 3.224308e-04 -3.969399e-03 2.461448e+00 -3.115214e-04 9.999962e-01 2.748733e-03 -1.898506e-01 3.970270e-03 -2.747475e-03 9.999883e-01 8.769279e-01
9.999922e-01 2.029434e-03 -3.397091e-03 2.584971e+00 -2.036401e-03 9.999958e-01 -2.048778e-03 -1.847492e-01 3.392920e-03 2.055680e-03 9.999921e-01 2.474831e-01
9.999823e-01 7.823676e-04 -5.903840e-03 2.836469e+00 -7.620077e-04 9.999938e-01 3.450074e-03 -1.779001e-01 5.906502e-03 -3.445514e-03 9.999766e-01 -5.696878e-01
9.999951e-01 2.466108e-03 -1.934666e-03 3.103992e+00 -2.470973e-03 9.999938e-01 -2.516540e-03 -1.658269e-01 1.928448e-03 2.521309e-03 9.999950e-01 -1.705364e+00
9.999841e-01 5.965930e-05 -5.641084e-03 3.245156e+00 -4.128713e-05 9.999947e-01 3.256947e-03 -1.574433e-01 5.641248e-03 -3.256663e-03 9.999788e-01 -2.509775e+00
9.999960e-01 1.980928e-03 -2.034531e-03 3.334733e+00 -1.985279e-03 9.999957e-01 -2.138966e-03 -1.544726e-01 2.030285e-03 2.142997e-03 9.999956e-01 -2.942520e+00
9.999823e-01 4.932749e-04 -5.930040e-03 3.505024e+00 -4.729675e-04 9.999940e-01 3.425451e-03 -1.502616e-01 5.931694e-03 -3.422586e-03 9.999766e-01 -3.532128e+00
9.999956e-01 2.624009e-03 -1.348245e-03 3.756089e+00 -2.627237e-03 9.999937e-01 -2.398427e-03 -1.412187e-01 1.341943e-03 2.401960e-03 9.999962e-01 -4.494605e+00
9.999772e-01 5.040423e-04 -6.731786e-03 3.976196e+00 -4.833010e-04 9.999951e-01 3.082409e-03 -1.298427e-01 6.733306e-03 -3.079086e-03 9.999726e-01 -5.561886e+00
9.999959e-01 2.873745e-03 -2.039025e-04 4.219566e+00 -2.874211e-03 9.999932e-01 -2.324020e-03 -1.167016e-01 1.972227e-04 2.324597e-03 9.999973e-01 -6.706438e+00
9.999703e-01 -3.320311e-04 -7.703944e-03 4.376286e+00 3.558521e-04 9.999952e-01 3.090913e-03 -1.074813e-01 7.702880e-03 -3.093563e-03 9.999655e-01 -7.548504e+00
9.999969e-01 2.502885e-03 5.512813e-05 4.508022e+00 -2.502767e-03 9.999948e-01 -2.026910e-03 -1.025895e-01 -6.020069e-05 2.026766e-03 9.999979e-01 -8.121050e+00
9.999757e-01 3.768138e-04 -6.964288e-03 4.641106e+00 -3.571778e-04 9.999960e-01 2.820593e-03 -9.412009e-02 6.965322e-03 -2.818038e-03 9.999718e-01 -8.905516e+00
9.999961e-01 2.744857e-03 4.696847e-04 4.799000e+00 -2.743889e-03 9.999941e-01 -2.050591e-03 -8.419613e-02 -4.753103e-04 2.049295e-03 9.999978e-01 -9.825375e+00
9.999739e-01 2.113792e-04 -7.226356e-03 4.979026e+00 -1.926245e-04 9.999966e-01 2.595953e-03 -7.518706e-02 7.226880e-03 -2.594494e-03 9.999705e-01 -1.077665e+01
9.999956e-01 2.420887e-03 -1.712681e-03 5.112174e+00 -2.423550e-03 9.999959e-01 -1.554449e-03 -6.652873e-02 1.708911e-03 1.558594e-03 9.999973e-01 -1.161526e+01
9.999868e-01 6.552921e-04 -5.089229e-03 5.282540e+00 -6.427758e-04 9.999968e-01 2.460660e-03 -5.722754e-02 5.090825e-03 -2.457357e-03 9.999840e-01 -1.250175e+01
9.999958e-01 2.373745e-03 -1.677244e-03 5.443509e+00 -2.376684e-03 9.999956e-01 -1.752207e-03 -4.640725e-02 1.673077e-03 1.756186e-03 9.999971e-01 -1.348193e+01
9.999878e-01 9.785976e-04 -4.837853e-03 5.661943e+00 -9.655630e-04 9.999959e-01 2.695963e-03 -3.587261e-02 4.840471e-03 -2.691259e-03 9.999847e-01 -1.449540e+01
9.999943e-01 2.338516e-03 -2.431993e-03 5.944348e+00 -2.343082e-03 9.999955e-01 -1.876659e-03 -2.272555e-02 2.427593e-03 1.882348e-03 9.999953e-01 -1.570145e+01
9.999835e-01 -4.367291e-04 -5.724286e-03 6.023850e+00 4.504411e-04 9.999970e-01 2.394377e-03 -1.600154e-02 5.723224e-03 -2.396916e-03 9.999807e-01 -1.630931e+01
9.999919e-01 1.639951e-03 -3.676929e-03 6.021930e+00 -1.642777e-03 9.999984e-01 -7.657881e-04 -1.988072e-02 3.675667e-03 7.718229e-04 9.999929e-01 -1.622025e+01
9.999839e-01 -3.158295e-04 -5.658930e-03 6.010500e+00 3.284099e-04 9.999975e-01 2.222360e-03 -1.978078e-02 5.658214e-03 -2.224183e-03 9.999815e-01 -1.629498e+01
9.999945e-01 2.283170e-03 -2.398233e-03 6.053738e+00 -2.285507e-03 9.999969e-01 -9.725726e-04 -1.697762e-02 2.396005e-03 9.780491e-04 9.999967e-01 -1.662274e+01
9.999870e-01 2.197991e-04 -5.092426e-03 6.203100e+00 -2.087338e-04 9.999976e-01 2.173376e-03 -1.155991e-02 5.092892e-03 -2.172286e-03 9.999847e-01 -1.723119e+01
9.999947e-01 2.129251e-03 -2.456398e-03 6.343476e+00 -2.132063e-03 9.999971e-01 -1.142991e-03 -5.203228e-03 2.453957e-03 1.148223e-03 9.999963e-01 -1.789757e+01
9.999847e-01 2.996931e-06 -5.537728e-03 6.451841e+00 8.870525e-06 9.999977e-01 2.143042e-03 -3.195907e-04 5.537721e-03 -2.143059e-03 9.999824e-01 -1.844981e+01
9.999960e-01 2.006532e-03 -1.984047e-03 6.534373e+00 -2.008645e-03 9.999974e-01 -1.063723e-03 3.105366e-03 1.981908e-03 1.067704e-03 9.999975e-01 -1.888667e+01
9.999865e-01 -1.627816e-04 -5.187961e-03 6.592005e+00 1.741540e-04 9.999976e-01 2.191750e-03 6.169446e-03 5.187591e-03 -2.192624e-03 9.999841e-01 -1.925392e+01
9.999951e-01 2.177689e-03 -2.233379e-03 6.669511e+00 -2.180255e-03 9.999970e-01 -1.147221e-03 9.603247e-03 2.230874e-03 1.152085e-03 9.999968e-01 -1.967394e+01
9.999858e-01 -1.435189e-04 -5.330885e-03 6.746017e+00 1.552771e-04 9.999976e-01 2.205390e-03 1.325713e-02 5.330556e-03 -2.206187e-03 9.999834e-01 -2.012066e+01
9.999948e-01 2.897111e-03 -1.421901e-03 6.901659e+00 -2.898600e-03 9.999953e-01 -1.046131e-03 1.980006e-02 1.418863e-03 1.050248e-03 9.999984e-01 -2.082280e+01
9.999715e-01 -9.194717e-05 -7.554343e-03 7.403265e+00 1.090849e-04 9.999974e-01 2.268252e-03 3.125381e-02 7.554115e-03 -2.269012e-03 9.999689e-01 -2.205088e+01
9.999868e-01 2.322632e-03 -4.593446e-03 7.800807e+00 -2.327110e-03 9.999968e-01 -9.698483e-04 4.099682e-02 4.591179e-03 9.805256e-04 9.999890e-01 -2.309743e+01
9.999971e-01 6.974957e-05 -2.392893e-03 7.908838e+00 -6.522680e-05 9.999982e-01 1.890234e-03 4.660841e-02 2.393020e-03 -1.890073e-03 9.999954e-01 -2.370310e+01
9.999805e-01 1.583300e-03 -6.040019e-03 7.979885e+00 -1.587631e-03 9.999985e-01 -7.124130e-04 4.877714e-02 6.038882e-03 7.219891e-04 9.999815e-01 -2.404998e+01
9.999976e-01 1.155256e-03 -1.846005e-03 8.145361e+00 -1.152189e-03 9.999980e-01 1.662047e-03 5.527242e-02 1.847921e-03 -1.659917e-03 9.999969e-01 -2.478295e+01
9.999853e-01 9.160820e-04 -5.341135e-03 8.217247e+00 -9.213378e-04 9.999991e-01 -9.817060e-04 6.282848e-02 5.340231e-03 9.866132e-04 9.999853e-01 -2.540565e+01
9.999971e-01 1.001619e-03 -2.187740e-03 8.295488e+00 -9.968286e-04 9.999971e-01 2.189903e-03 6.497866e-02 2.189927e-03 -2.187716e-03 9.999952e-01 -2.577076e+01
9.999843e-01 1.620706e-03 -5.360101e-03 8.435730e+00 -1.626390e-03 9.999981e-01 -1.056265e-03 7.039620e-02 5.358379e-03 1.064966e-03 9.999851e-01 -2.640625e+01
9.999975e-01 1.422841e-03 -1.733117e-03 8.628275e+00 -1.419757e-03 9.999974e-01 1.779844e-03 8.088976e-02 1.735645e-03 -1.777380e-03 9.999969e-01 -2.738761e+01
9.999850e-01 1.183699e-03 -5.350710e-03 8.763517e+00 -1.190285e-03 9.999985e-01 -1.227914e-03 9.133536e-02 5.349249e-03 1.234265e-03 9.999849e-01 -2.827294e+01
9.999963e-01 1.415835e-03 -2.314292e-03 8.917350e+00 -1.410426e-03 9.999963e-01 2.337049e-03 9.769613e-02 2.317592e-03 -2.333777e-03 9.999946e-01 -2.894686e+01
9.999871e-01 1.783776e-03 -4.756707e-03 9.155065e+00 -1.790811e-03 9.999973e-01 -1.475223e-03 1.095611e-01 4.754063e-03 1.483723e-03 9.999876e-01 -3.001652e+01
9.999953e-01 9.454047e-04 -2.924361e-03 9.347808e+00 -9.386966e-04 9.999969e-01 2.294512e-03 1.194242e-01 2.926521e-03 -2.291757e-03 9.999931e-01 -3.095339e+01
9.999876e-01 1.655150e-03 -4.702738e-03 9.525501e+00 -1.661494e-03 9.999977e-01 -1.345470e-03 1.272589e-01 4.700500e-03 1.353268e-03 9.999880e-01 -3.176117e+01
9.999944e-01 5.330452e-04 -3.300168e-03 9.663206e+00 -5.254167e-04 9.999972e-01 2.312075e-03 1.326319e-01 3.301391e-03 -2.310329e-03 9.999919e-01 -3.238680e+01
9.999886e-01 1.214060e-03 -4.628645e-03 9.744193e+00 -1.219449e-03 9.999986e-01 -1.161782e-03 1.342107e-01 4.627229e-03 1.167414e-03 9.999886e-01 -3.272412e+01
9.999946e-01 -4.674837e-04 -3.265283e-03 9.725903e+00 4.769585e-04 9.999957e-01 2.901596e-03 1.303899e-01 3.263912e-03 -2.903138e-03 9.999905e-01 -3.250571e+01
9.999812e-01 2.526301e-03 -5.578851e-03 9.799769e+00 -2.533167e-03 9.999960e-01 -1.224100e-03 1.339953e-01 5.575737e-03 1.238210e-03 9.999837e-01 -3.284126e+01
9.999959e-01 -1.261677e-05 -2.877268e-03 9.983903e+00 1.841201e-05 9.999980e-01 2.014247e-03 1.428482e-01 2.877237e-03 -2.014292e-03 9.999938e-01 -3.370956e+01
9.999864e-01 1.650293e-03 -4.940221e-03 9.974256e+00 -1.658353e-03 9.999973e-01 -1.627946e-03 1.469448e-01 4.937521e-03 1.636117e-03 9.999865e-01 -3.402879e+01
9.999953e-01 -1.410762e-03 -2.711989e-03 9.985785e+00 1.421636e-03 9.999909e-01 4.012116e-03 1.403174e-01 2.706304e-03 -4.015954e-03 9.999883e-01 -3.369805e+01
9.999852e-01 2.284995e-03 -4.940000e-03 1.002167e+01 -2.296580e-03 9.999946e-01 -2.340885e-03 1.347637e-01 4.934625e-03 2.352196e-03 9.999851e-01 -3.355082e+01
9.999962e-01 -2.393129e-03 -1.336388e-03 1.003077e+01 2.398785e-03 9.999881e-01 4.247339e-03 1.252922e-01 1.326207e-03 -4.250530e-03 9.999901e-01 -3.302990e+01
9.999847e-01 2.008151e-03 -5.152437e-03 9.992145e+00 -2.019060e-03 9.999957e-01 -2.113164e-03 1.163501e-01 5.148171e-03 2.123535e-03 9.999845e-01 -3.236572e+01
9.999943e-01 -2.800264e-03 1.905642e-03 9.884893e+00 2.790997e-03 9.999844e-01 4.848009e-03 1.107515e-01 -1.919188e-03 -4.842663e-03 9.999864e-01 -3.155990e+01
9.999519e-01 1.977011e-03 -9.602507e-03 9.869108e+00 -1.993009e-03 9.999966e-01 -1.656798e-03 9.745636e-02 9.599199e-03 1.675857e-03 9.999525e-01 -3.078143e+01
9.999973e-01 -2.139359e-03 8.990263e-04 9.914568e+00 2.135159e-03 9.999869e-01 4.646506e-03 8.846614e-02 -9.089553e-04 -4.644575e-03 9.999888e-01 -3.032110e+01
9.999316e-01 2.558332e-03 -1.141707e-02 9.990460e+00 -2.591040e-03 9.999926e-01 -2.850989e-03 7.883099e-02 1.140969e-02 2.880377e-03 9.999308e-01 -3.004968e+01
9.999954e-01 -2.735434e-03 1.331202e-03 1.005627e+01 2.728458e-03 9.999827e-01 5.213601e-03 6.657127e-02 -1.345440e-03 -5.209945e-03 9.999855e-01 -2.958846e+01
9.999315e-01 2.377633e-03 -1.146461e-02 1.011103e+01 -2.406305e-03 9.999940e-01 -2.487787e-03 5.278132e-02 1.145862e-02 2.515204e-03 9.999312e-01 -2.902873e+01
9.999960e-01 -2.719710e-03 7.554237e-04 1.019008e+01 2.715841e-03 9.999834e-01 5.075234e-03 3.884259e-02 -7.692145e-04 -5.073163e-03 9.999868e-01 -2.850664e+01
9.999250e-01 3.049039e-03 -1.186192e-02 1.028249e+01 -3.081306e-03 9.999916e-01 -2.702923e-03 3.055180e-02 1.185358e-02 2.739271e-03 9.999260e-01 -2.824792e+01
9.999964e-01 -2.477027e-03 1.021656e-03 1.036512e+01 2.472147e-03 9.999857e-01 4.749954e-03 2.305086e-02 -1.033408e-03 -4.747412e-03 9.999882e-01 -2.805879e+01
9.999253e-01 2.948954e-03 -1.186348e-02 1.045231e+01 -2.980462e-03 9.999921e-01 -2.639076e-03 1.330695e-02 1.185561e-02 2.674238e-03 9.999261e-01 -2.777278e+01
9.999958e-01 -2.550957e-03 1.375882e-03 1.056096e+01 2.544728e-03 9.999866e-01 4.509850e-03 1.903426e-03 -1.387368e-03 -4.506330e-03 9.999889e-01 -2.745296e+01
9.999107e-01 2.359779e-03 -1.315321e-02 1.066694e+01 -2.387463e-03 9.999950e-01 -2.089420e-03 -1.431804e-02 1.314822e-02 2.120637e-03 9.999113e-01 -2.687540e+01
9.999927e-01 -3.215653e-03 2.071732e-03 1.074354e+01 3.204501e-03 9.999805e-01 5.363409e-03 -3.124999e-02 -2.088938e-03 -5.356731e-03 9.999835e-01 -2.615850e+01
9.999090e-01 2.343901e-03 -1.328313e-02 1.083368e+01 -2.378574e-03 9.999938e-01 -2.595085e-03 -4.907135e-02 1.327696e-02 2.626445e-03 9.999084e-01 -2.544254e+01
9.999921e-01 -3.305339e-03 2.188227e-03 1.092415e+01 3.293838e-03 9.999809e-01 5.238634e-03 -6.679764e-02 -2.205501e-03 -5.231386e-03 9.999839e-01 -2.472800e+01
9.999213e-01 2.707611e-03 -1.225073e-02 1.099828e+01 -2.739733e-03 9.999929e-01 -2.606115e-03 -8.176406e-02 1.224359e-02 2.639474e-03 9.999216e-01 -2.412075e+01
9.999943e-01 -3.211807e-03 9.990780e-04 1.109590e+01 3.206854e-03 9.999828e-01 4.920578e-03 -9.792556e-02 -1.014865e-03 -4.917346e-03 9.999874e-01 -2.352614e+01
9.999157e-01 2.424402e-03 -1.275683e-02 1.118436e+01 -2.448485e-03 9.999952e-01 -1.872557e-03 -1.160193e-01 1.275223e-02 1.903635e-03 9.999169e-01 -2.279613e+01
9.999940e-01 -3.347203e-03 9.037435e-04 1.127660e+01 3.342711e-03 9.999823e-01 4.925927e-03 -1.345460e-01 -9.202157e-04 -4.922877e-03 9.999875e-01 -2.204648e+01
9.999122e-01 2.530763e-03 -1.300959e-02 1.136262e+01 -2.550990e-03 9.999956e-01 -1.538493e-03 -1.533379e-01 1.300564e-02 1.571546e-03 9.999142e-01 -2.128163e+01
9.999936e-01 -3.262234e-03 1.477852e-03 1.144989e+01 3.255008e-03 9.999829e-01 4.865250e-03 -1.704183e-01 -1.493699e-03 -4.860409e-03 9.999871e-01 -2.058389e+01
9.999074e-01 2.702996e-03 -1.333728e-02 1.154717e+01 -2.728586e-03 9.999945e-01 -1.900894e-03 -1.873521e-01 1.333207e-02 1.937110e-03 9.999092e-01 -1.992037e+01
9.999938e-01 -3.510014e-03 3.782519e-04 1.163874e+01 3.507926e-03 9.999793e-01 5.384630e-03 -2.067415e-01 -3.971443e-04 -5.383270e-03 9.999854e-01 -1.913958e+01
9.999209e-01 2.765202e-03 -1.226650e-02 1.172613e+01 -2.786849e-03 9.999946e-01 -1.748018e-03 -2.251759e-01 1.226160e-02 1.782065e-03 9.999232e-01 -1.838134e+01
9.999946e-01 -3.224302e-03 7.008245e-04 1.180002e+01 3.220814e-03 9.999827e-01 4.922156e-03 -2.408749e-01 -7.166831e-04 -4.919873e-03 9.999876e-01 -1.775556e+01
9.999234e-01 3.051000e-03 -1.199130e-02 1.187743e+01 -3.074303e-03 9.999934e-01 -1.925392e-03 -2.545330e-01 1.198534e-02 1.962110e-03 9.999262e-01 -1.722670e+01
9.999946e-01 -3.181978e-03 8.784696e-04 1.195742e+01 3.177961e-03 9.999847e-01 4.536204e-03 -2.679934e-01 -8.928904e-04 -4.533388e-03 9.999893e-01 -1.673723e+01
9.999214e-01 2.901491e-03 -1.220101e-02 1.203135e+01 -2.919965e-03 9.999946e-01 -1.496644e-03 -2.824334e-01 1.219660e-02 1.532154e-03 9.999244e-01 -1.617132e+01
9.999947e-01 -3.085452e-03 1.085181e-03 1.210950e+01 3.080843e-03 9.999863e-01 4.223385e-03 -2.954130e-01 -1.098198e-03 -4.220020e-03 9.999905e-01 -1.568012e+01
9.999105e-01 2.732826e-03 -1.309486e-02 1.218099e+01 -2.747888e-03 9.999956e-01 -1.132413e-03 -3.112279e-01 1.309171e-02 1.168296e-03 9.999136e-01 -1.506038e+01
9.999935e-01 -3.199155e-03 1.669942e-03 1.226056e+01 3.191715e-03 9.999851e-01 4.439153e-03 -3.273037e-01 -1.684119e-03 -4.433795e-03 9.999888e-01 -1.441899e+01
9.999094e-01 2.961482e-03 -1.312784e-02 1.233553e+01 -2.980202e-03 9.999946e-01 -1.406650e-03 -3.418699e-01 1.312360e-02 1.445646e-03 9.999128e-01 -1.385524e+01
9.999936e-01 -3.069125e-03 1.845423e-03 1.241155e+01 3.061301e-03 9.999864e-01 4.227661e-03 -3.550109e-01 -1.858374e-03 -4.221986e-03 9.999894e-01 -1.336615e+01
9.999119e-01 2.981263e-03 -1.293146e-02 1.246440e+01 -3.001256e-03 9.999943e-01 -1.526937e-03 -3.672517e-01 1.292684e-02 1.565614e-03 9.999152e-01 -1.288314e+01
9.999882e-01 -2.405799e-03 4.217657e-03 1.250341e+01 2.389463e-03 9.999896e-01 3.873924e-03 -3.731729e-01 -4.226933e-03 -3.863801e-03 9.999836e-01 -1.265562e+01
9.998917e-01 3.277787e-03 -1.434839e-02 1.255511e+01 -3.306020e-03 9.999926e-01 -1.944388e-03 -3.805968e-01 1.434191e-02 1.991614e-03 9.998952e-01 -1.247262e+01
9.999879e-01 -3.210893e-03 3.730162e-03 1.261485e+01 3.193788e-03 9.999844e-01 4.582462e-03 -3.922660e-01 -3.744817e-03 -4.570494e-03 9.999825e-01 -1.204631e+01
9.998924e-01 3.354148e-03 -1.427907e-02 1.267846e+01 -3.382908e-03 9.999923e-01 -1.990478e-03 -4.033112e-01 1.427229e-02 2.038569e-03 9.998961e-01 -1.164643e+01
9.999898e-01 -3.832088e-03 2.408002e-03 1.273026e+01 3.820249e-03 9.999807e-01 4.901988e-03 -4.189290e-01 -2.426740e-03 -4.892739e-03 9.999851e-01 -1.103063e+01
9.999150e-01 3.136014e-03 -1.265507e-02 1.276643e+01 -3.155598e-03 9.999939e-01 -1.527895e-03 -4.356634e-01 1.265020e-02 1.567700e-03 9.999188e-01 -1.030301e+01
9.999906e-01 -3.493800e-03 2.561378e-03 1.281682e+01 3.481783e-03 9.999830e-01 4.680786e-03 -4.503950e-01 -2.577688e-03 -4.671824e-03 9.999858e-01 -9.702925e+00
9.998921e-01 2.822147e-03 -1.441312e-02 1.288043e+01 -2.842950e-03 9.999949e-01 -1.423057e-03 -4.671511e-01 1.440903e-02 1.463880e-03 9.998951e-01 -9.005487e+00
9.999864e-01 -3.271413e-03 4.057611e-03 1.295720e+01 3.253239e-03 9.999847e-01 4.477385e-03 -4.813030e-01 -4.072196e-03 -4.464125e-03 9.999817e-01 -8.426158e+00
9.998697e-01 2.738817e-03 -1.590743e-02 1.305242e+01 -2.770393e-03 9.999942e-01 -1.963271e-03 -4.987413e-01 1.590196e-02 2.007086e-03 9.998715e-01 -7.774843e+00
9.999849e-01 -3.393735e-03 4.323357e-03 1.313231e+01 3.371643e-03 9.999813e-01 5.106845e-03 -5.153348e-01 -4.340607e-03 -5.092191e-03 9.999776e-01 -7.111979e+00
9.998709e-01 3.081709e-03 -1.576672e-02 1.322786e+01 -3.119571e-03 9.999923e-01 -2.377399e-03 -5.301967e-01 1.575927e-02 2.426278e-03 9.998729e-01 -6.558924e+00
9.999843e-01 -3.554447e-03 4.341231e-03 1.333886e+01 3.533738e-03 9.999824e-01 4.768580e-03 -5.457121e-01 -4.358104e-03 -4.753165e-03 9.999792e-01 -5.985327e+00
9.998709e-01 3.018965e-03 -1.578114e-02 1.345393e+01 -3.059576e-03 9.999921e-01 -2.549863e-03 -5.629871e-01 1.577332e-02 2.597818e-03 9.998722e-01 -5.377689e+00
9.999799e-01 -3.321426e-03 5.391768e-03 1.355842e+01 3.294580e-03 9.999822e-01 4.980248e-03 -5.762550e-01 -5.408213e-03 -4.962385e-03 9.999731e-01 -4.911153e+00
9.998641e-01 3.165084e-03 -1.618128e-02 1.365883e+01 -3.212633e-03 9.999906e-01 -2.913401e-03 -5.912236e-01 1.617190e-02 2.964990e-03 9.998648e-01 -4.413283e+00
9.999765e-01 -3.633553e-03 5.812772e-03 1.373346e+01 3.602284e-03 9.999790e-01 5.380840e-03 -6.049265e-01 -5.832202e-03 -5.359775e-03 9.999686e-01 -3.890473e+00
9.998626e-01 3.751740e-03 -1.614943e-02 1.381281e+01 -3.807698e-03 9.999868e-01 -3.435686e-03 -6.169447e-01 1.613632e-02 3.496706e-03 9.998637e-01 -3.508685e+00
9.999775e-01 -3.808922e-03 5.514541e-03 1.391152e+01 3.776571e-03 9.999757e-01 5.865138e-03 -6.296267e-01 -5.536746e-03 -5.844181e-03 9.999676e-01 -3.085213e+00
9.998345e-01 3.994433e-03 -1.775077e-02 1.403426e+01 -4.067253e-03 9.999835e-01 -4.068186e-03 -6.405324e-01 1.773422e-02 4.139710e-03 9.998342e-01 -2.827935e+00
9.999707e-01 -4.304745e-03 6.327294e-03 1.414244e+01 4.259987e-03 9.999659e-01 7.070206e-03 -6.586053e-01 -6.357514e-03 -7.043046e-03 9.999550e-01 -2.183031e+00
9.997482e-01 2.578946e-03 -2.229150e-02 1.431192e+01 -2.649423e-03 9.999916e-01 -3.132694e-03 -6.864027e-01 2.228323e-02 3.190966e-03 9.997466e-01 -1.066351e+00
9.999714e-01 -4.925421e-03 5.744424e-03 1.447446e+01 4.881080e-03 9.999584e-01 7.707566e-03 -7.165977e-01 -5.782148e-03 -7.679307e-03 9.999538e-01 1.932594e-01
9.997831e-01 2.940857e-03 -2.061588e-02 1.461408e+01 -3.003725e-03 9.999909e-01 -3.019199e-03 -7.438907e-01 2.060682e-02 3.080469e-03 9.997829e-01 1.367426e+00
9.999663e-01 -4.859495e-03 6.610933e-03 1.473681e+01 4.812394e-03 9.999631e-01 7.121852e-03 -7.675790e-01 -6.645297e-03 -7.089798e-03 9.999528e-01 2.416321e+00
9.998246e-01 4.514078e-03 -1.817449e-02 1.485114e+01 -4.580315e-03 9.999830e-01 -3.604554e-03 -7.742615e-01 1.815791e-02 3.687168e-03 9.998283e-01 2.718506e+00
9.999848e-01 -2.437055e-03 4.946556e-03 1.537926e+01 2.410397e-03 9.999826e-01 5.388034e-03 -7.718049e-01 -4.959601e-03 -5.376030e-03 9.999733e-01 1.995991e+00
9.997948e-01 2.395694e-03 -2.011522e-02 1.559963e+01 -2.471128e-03 9.999900e-01 -3.726112e-03 -7.804324e-01 2.010610e-02 3.775055e-03 9.997907e-01 2.173316e+00
9.999682e-01 -1.131049e-03 7.895872e-03 1.583991e+01 1.070109e-03 9.999696e-01 7.717954e-03 -7.886758e-01 -7.904362e-03 -7.709260e-03 9.999390e-01 2.295270e+00
9.997805e-01 -9.844541e-04 -2.092931e-02 1.586928e+01 9.201000e-04 9.999948e-01 -3.084263e-03 -8.160605e-01 2.093224e-02 3.064330e-03 9.997762e-01 3.563713e+00
9.999320e-01 -5.508607e-05 1.165772e-02 1.592483e+01 -3.091222e-05 9.999728e-01 7.376584e-03 -8.327503e-01 -1.165781e-02 -7.376444e-03 9.999048e-01 4.402719e+00
9.996154e-01 1.682818e-03 -2.768009e-02 1.628935e+01 -1.795814e-03 9.999902e-01 -4.057868e-03 -8.349917e-01 2.767299e-02 4.106016e-03 9.996086e-01 4.131650e+00
9.998828e-01 -6.436708e-04 1.529739e-02 1.648688e+01 5.608296e-04 9.999852e-01 5.419019e-03 -8.388051e-01 -1.530065e-02 -5.409805e-03 9.998683e-01 3.955536e+00
9.996330e-01 8.603036e-04 -2.707643e-02 1.657389e+01 -9.331020e-04 9.999960e-01 -2.676126e-03 -8.484863e-01 2.707402e-02 2.700410e-03 9.996298e-01 4.302636e+00
9.998758e-01 4.416310e-04 1.575385e-02 1.671924e+01 -5.145643e-04 9.999892e-01 4.625763e-03 -8.507091e-01 -1.575164e-02 -4.633296e-03 9.998652e-01 4.122669e+00
9.996348e-01 1.681321e-03 -2.696990e-02 1.693636e+01 -1.778099e-03 9.999921e-01 -3.564798e-03 -8.466523e-01 2.696370e-02 3.611451e-03 9.996299e-01 3.442134e+00
9.998540e-01 9.937658e-04 1.705668e-02 1.703050e+01 -1.067423e-03 9.999901e-01 4.309806e-03 -8.403922e-01 -1.705223e-02 -4.327384e-03 9.998452e-01 2.763464e+00
9.996371e-01 1.317358e-03 -2.690490e-02 1.710852e+01 -1.410622e-03 9.999931e-01 -3.447764e-03 -8.357060e-01 2.690017e-02 3.484466e-03 9.996321e-01 2.219309e+00
9.998778e-01 1.480822e-04 1.563497e-02 1.713572e+01 -2.281562e-04 9.999869e-01 5.119771e-03 -8.393910e-01 -1.563400e-02 -5.122713e-03 9.998647e-01 2.208111e+00
9.996486e-01 1.615087e-03 -2.646048e-02 1.718484e+01 -1.703255e-03 9.999931e-01 -3.309865e-03 -8.410757e-01 2.645495e-02 3.353772e-03 9.996444e-01 2.088443e+00
9.998676e-01 -1.275271e-05 1.627068e-02 1.725987e+01 -6.648289e-05 9.999881e-01 4.869254e-03 -8.431442e-01 -1.627055e-02 -4.869692e-03 9.998558e-01 1.910192e+00
9.996413e-01 1.783028e-03 -2.672112e-02 1.736322e+01 -1.873384e-03 9.999926e-01 -3.356825e-03 -8.437377e-01 2.671493e-02 3.405680e-03 9.996373e-01 1.633598e+00
9.998563e-01 1.507707e-04 1.695111e-02 1.749456e+01 -2.356526e-04 9.999874e-01 5.005537e-03 -8.438322e-01 -1.695014e-02 -5.008813e-03 9.998438e-01 1.288680e+00
9.996126e-01 1.777935e-03 -2.777541e-02 1.764985e+01 -1.887790e-03 9.999905e-01 -3.929400e-03 -8.423084e-01 2.776816e-02 3.980312e-03 9.996065e-01 7.979752e-01
9.998457e-01 -8.573954e-05 1.756700e-02 1.775547e+01 -7.588689e-06 9.999859e-01 5.312532e-03 -8.428990e-01 -1.756721e-02 -5.311846e-03 9.998316e-01 4.974239e-01
9.996151e-01 1.879954e-03 -2.767859e-02 1.786386e+01 -1.981704e-03 9.999914e-01 -3.649189e-03 -8.447220e-01 2.767149e-02 3.702635e-03 9.996102e-01 2.668432e-01
9.998634e-01 -5.821182e-04 1.651904e-02 1.798346e+01 4.910483e-04 9.999847e-01 5.516515e-03 -8.493772e-01 -1.652200e-02 -5.507650e-03 9.998483e-01 1.654778e-01
9.996030e-01 1.726284e-03 -2.812403e-02 1.808162e+01 -1.830124e-03 9.999916e-01 -3.666899e-03 -8.566364e-01 2.811746e-02 3.716914e-03 9.995977e-01 2.059880e-01
9.998611e-01 -1.805508e-04 1.666377e-02 1.819666e+01 8.578994e-05 9.999838e-01 5.687144e-03 -8.581945e-01 -1.666453e-02 -5.684925e-03 9.998450e-01 4.816294e-03
9.996520e-01 2.144328e-03 -2.629121e-02 1.829183e+01 -2.259039e-03 9.999881e-01 -4.334172e-03 -8.576278e-01 2.628161e-02 4.392057e-03 9.996449e-01 -3.460763e-01
9.998608e-01 2.105375e-04 1.668343e-02 1.841183e+01 -2.996344e-04 9.999857e-01 5.338087e-03 -8.533812e-01 -1.668207e-02 -5.342343e-03 9.998466e-01 -9.394583e-01
9.996429e-01 2.213018e-03 -2.662890e-02 1.854483e+01 -2.326899e-03 9.999883e-01 -4.246385e-03 -8.488935e-01 2.661919e-02 4.306832e-03 9.996364e-01 -1.541074e+00
9.998651e-01 6.722152e-04 1.641226e-02 1.880430e+01 -7.592885e-04 9.999857e-01 5.299691e-03 -8.405381e-01 -1.640846e-02 -5.311438e-03 9.998513e-01 -2.485566e+00
9.996571e-01 2.226977e-03 -2.609083e-02 1.908263e+01 -2.341536e-03 9.999877e-01 -4.361058e-03 -8.304997e-01 2.608080e-02 4.420655e-03 9.996501e-01 -3.505774e+00
9.999025e-01 1.159144e-03 1.391654e-02 1.964130e+01 -1.241953e-03 9.999816e-01 5.943230e-03 -8.175279e-01 -1.390940e-02 -5.959934e-03 9.998855e-01 -4.823815e+00
9.994485e-01 3.278241e-03 -3.304315e-02 2.088881e+01 -3.386572e-03 9.999891e-01 -3.223064e-03 -7.970730e-01 3.303222e-02 3.333190e-03 9.994487e-01 -6.968173e+00
9.998990e-01 1.325962e-03 1.414950e-02 2.227313e+01 -1.417399e-03 9.999782e-01 6.454110e-03 -7.730602e-01 -1.414064e-02 -6.473515e-03 9.998791e-01 -9.379297e+00
9.995474e-01 2.725040e-03 -2.995913e-02 2.331263e+01 -2.857959e-03 9.999863e-01 -4.394773e-03 -7.477999e-01 2.994674e-02 4.478406e-03 9.995415e-01 -1.169214e+01
9.998250e-01 1.497158e-03 1.864838e-02 2.403367e+01 -1.612186e-03 9.999798e-01 6.154737e-03 -7.328318e-01 -1.863879e-02 -6.183725e-03 9.998072e-01 -1.347446e+01
9.994492e-01 1.784020e-03 -3.313726e-02 2.463518e+01 -1.952871e-03 9.999853e-01 -5.063849e-03 -7.190682e-01 3.312773e-02 5.125773e-03 9.994380e-01 -1.503892e+01
9.997988e-01 1.692684e-03 1.998674e-02 2.528364e+01 -1.826996e-03 9.999759e-01 6.703686e-03 -7.023968e-01 -1.997491e-02 -6.738854e-03 9.997778e-01 -1.668530e+01
9.994089e-01 1.900658e-03 -3.432471e-02 2.609046e+01 -2.072825e-03 9.999854e-01 -4.980951e-03 -6.867783e-01 3.431474e-02 5.049157e-03 9.993983e-01 -1.848183e+01
9.997285e-01 1.349568e-03 2.326294e-02 2.680233e+01 -1.501978e-03 9.999775e-01 6.535393e-03 -6.749573e-01 -2.325360e-02 -6.568560e-03 9.997080e-01 -2.011036e+01
9.993395e-01 1.339743e-03 -3.631432e-02 2.716288e+01 -1.535786e-03 9.999844e-01 -5.371166e-03 -6.667390e-01 3.630656e-02 5.423390e-03 9.993260e-01 -2.119808e+01
9.997039e-01 2.301482e-04 2.433048e-02 2.736071e+01 -4.032017e-04 9.999747e-01 7.107928e-03 -6.687627e-01 -2.432823e-02 -7.115634e-03 9.996787e-01 -2.153589e+01
9.992458e-01 2.432028e-03 -3.875450e-02 2.772830e+01 -2.644475e-03 9.999818e-01 -5.431563e-03 -6.618018e-01 3.874058e-02 5.529953e-03 9.992340e-01 -2.247442e+01
9.996810e-01 8.647149e-04 2.524166e-02 2.844669e+01 -1.046609e-03 9.999736e-01 7.193774e-03 -6.448960e-01 -2.523477e-02 -7.217898e-03 9.996555e-01 -2.420962e+01
9.992913e-01 2.815834e-03 -3.753640e-02 2.930916e+01 -3.031078e-03 9.999793e-01 -5.678615e-03 -6.303243e-01 3.751963e-02 5.788367e-03 9.992791e-01 -2.606285e+01
9.997798e-01 9.545770e-04 2.096461e-02 3.038517e+01 -1.119187e-03 9.999686e-01 7.841462e-03 -6.088531e-01 -2.095646e-02 -7.863199e-03 9.997495e-01 -2.827959e+01
9.994822e-01 2.178747e-03 -3.210173e-02 3.082657e+01 -2.400233e-03 9.999736e-01 -6.862608e-03 -5.958747e-01 3.208593e-02 6.936107e-03 9.994610e-01 -2.962224e+01
9.997644e-01 1.172057e-03 2.167237e-02 3.110235e+01 -1.337682e-03 9.999700e-01 7.629274e-03 -5.846084e-01 -2.166278e-02 -7.656468e-03 9.997360e-01 -3.078656e+01
9.994112e-01 2.006827e-03 -3.425287e-02 3.166306e+01 -2.225483e-03 9.999774e-01 -6.346648e-03 -5.693865e-01 3.423936e-02 6.419140e-03 9.993930e-01 -3.227080e+01
9.997036e-01 9.530570e-04 2.432557e-02 3.196449e+01 -1.136712e-03 9.999709e-01 7.537149e-03 -5.583100e-01 -2.431768e-02 -7.562567e-03 9.996757e-01 -3.338189e+01
9.993618e-01 1.913720e-03 -3.567038e-02 3.252413e+01 -2.128995e-03 9.999797e-01 -5.998119e-03 -5.466918e-01 3.565818e-02 6.070233e-03 9.993456e-01 -3.472234e+01
9.997075e-01 1.015011e-03 2.416298e-02 3.309075e+01 -1.205118e-03 9.999684e-01 7.854388e-03 -5.347502e-01 -2.415424e-02 -7.881211e-03 9.996772e-01 -3.603188e+01
9.994149e-01 1.620436e-03 -3.416408e-02 3.349835e+01 -1.841280e-03 9.999776e-01 -6.433768e-03 -5.273769e-01 3.415289e-02 6.492910e-03 9.993955e-01 -3.705965e+01
9.996813e-01 5.258469e-04 2.523989e-02 3.368475e+01 -7.189310e-04 9.999705e-01 7.641468e-03 -5.259977e-01 -2.523512e-02 -7.657178e-03 9.996522e-01 -3.758958e+01
9.993097e-01 8.277644e-04 -3.713997e-02 3.387821e+01 -1.050694e-03 9.999815e-01 -5.983317e-03 -5.272592e-01 3.713433e-02 6.018210e-03 9.992922e-01 -3.794473e+01
9.996769e-01 2.002124e-03 2.534111e-02 3.422434e+01 -2.184193e-03 9.999720e-01 7.159064e-03 -5.183444e-01 -2.532607e-02 -7.212100e-03 9.996532e-01 -3.903980e+01
9.993864e-01 1.499076e-03 -3.499293e-02 3.462764e+01 -1.721405e-03 9.999785e-01 -6.324300e-03 -5.040269e-01 3.498269e-02 6.380657e-03 9.993675e-01 -4.046754e+01
9.997649e-01 1.298178e-03 2.164491e-02 3.520593e+01 -1.459938e-03 9.999711e-01 7.459204e-03 -4.880991e-01 -2.163460e-02 -7.489051e-03 9.997379e-01 -4.205611e+01
9.994395e-01 2.298734e-03 -3.339849e-02 3.590230e+01 -2.499942e-03 9.999790e-01 -5.983972e-03 -4.753063e-01 3.338403e-02 6.064113e-03 9.994242e-01 -4.371664e+01
9.998406e-01 1.087683e-03 1.782246e-02 3.687985e+01 -1.224078e-03 9.999700e-01 7.643846e-03 -4.553374e-01 -1.781361e-02 -7.664444e-03 9.998119e-01 -4.567503e+01
9.995313e-01 1.750985e-03 -3.056309e-02 3.734312e+01 -1.947524e-03 9.999776e-01 -6.402061e-03 -4.456613e-01 3.055119e-02 6.458583e-03 9.995123e-01 -4.692037e+01
9.998109e-01 1.851815e-03 1.935844e-02 3.805568e+01 -2.003023e-03 9.999676e-01 7.794472e-03 -4.331094e-01 -1.934338e-02 -7.831774e-03 9.997822e-01 -4.863389e+01
9.993019e-01 2.634944e-03 -3.726533e-02 3.922534e+01 -2.841777e-03 9.999808e-01 -5.498424e-03 -4.124759e-01 3.725012e-02 5.600486e-03 9.992903e-01 -5.084140e+01
9.997384e-01 4.335848e-04 2.286584e-02 3.989901e+01 -6.029106e-04 9.999724e-01 7.398782e-03 -3.940546e-01 -2.286200e-02 -7.410633e-03 9.997112e-01 -5.250131e+01
9.993471e-01 3.930221e-03 -3.591458e-02 4.092249e+01 -4.126265e-03 9.999770e-01 -5.386152e-03 -3.791892e-01 3.589258e-02 5.530829e-03 9.993403e-01 -5.451081e+01
9.998427e-01 -2.927080e-04 1.773535e-02 4.196877e+01 1.618479e-04 9.999728e-01 7.379433e-03 -3.549411e-01 -1.773703e-02 -7.375402e-03 9.998155e-01 -5.680343e+01
9.996455e-01 3.438637e-03 -2.640237e-02 4.214700e+01 -3.621118e-03 9.999699e-01 -6.866895e-03 -3.428565e-01 2.637796e-02 6.960067e-03 9.996278e-01 -5.787567e+01
9.998457e-01 7.052878e-06 1.756588e-02 4.240179e+01 -1.416554e-04 9.999706e-01 7.661454e-03 -3.301722e-01 -1.756531e-02 -7.662760e-03 9.998164e-01 -5.906058e+01
9.995097e-01 4.411916e-03 -3.099815e-02 4.329866e+01 -4.596039e-03 9.999722e-01 -5.871094e-03 -3.142062e-01 3.097139e-02 6.010684e-03 9.995022e-01 -6.096978e+01
9.998965e-01 -7.996736e-04 1.436791e-02 4.421912e+01 6.853701e-04 9.999681e-01 7.958586e-03 -2.902516e-01 -1.437382e-02 -7.947914e-03 9.998651e-01 -6.314525e+01
9.997270e-01 3.888066e-03 -2.304108e-02 4.454178e+01 -4.044292e-03 9.999691e-01 -6.737618e-03 -2.779820e-01 2.301417e-02 6.828964e-03 9.997118e-01 -6.425875e+01
9.998811e-01 -1.855308e-03 1.530902e-02 4.464717e+01 1.738195e-03 9.999692e-01 7.659607e-03 -2.715072e-01 -1.532276e-02 -7.632086e-03 9.998535e-01 -6.487989e+01
9.996983e-01 4.493913e-03 -2.414737e-02 4.477877e+01 -4.655535e-03 9.999671e-01 -6.641169e-03 -2.646980e-01 2.411673e-02 6.751584e-03 9.996864e-01 -6.558576e+01
9.998601e-01 -2.008386e-03 1.660801e-02 4.490899e+01 1.880500e-03 9.999685e-01 7.712261e-03 -2.582574e-01 -1.662298e-02 -7.679951e-03 9.998323e-01 -6.629070e+01
9.996739e-01 4.378995e-03 -2.515974e-02 4.502424e+01 -4.546195e-03 9.999679e-01 -6.592234e-03 -2.533019e-01 2.513007e-02 6.704465e-03 9.996617e-01 -6.688289e+01
9.998616e-01 -1.981803e-03 1.652072e-02 4.514197e+01 1.853508e-03 9.999680e-01 7.777345e-03 -2.472823e-01 -1.653561e-02 -7.745647e-03 9.998333e-01 -6.753723e+01
