9.999864e-01 -4.657848e-04 -5.198046e-03 -1.354137e-01 4.802609e-04 9.999960e-01 2.784009e-03 5.830085e-03 5.196728e-03 -2.786468e-03 9.999826e-01 -4.751645e-04
1.000000e+00 1.188597e-04 -1.071315e-04 -2.449735e-01 -1.188612e-04 1.000000e+00 -1.412539e-05 8.776378e-03 1.071302e-04 1.413884e-05 1.000000e+00 2.439036e-02
9.999892e-01 -3.314409e-04 -4.643511e-03 -3.043155e-01 3.488849e-04 9.999929e-01 3.756344e-03 1.637272e-02 4.642232e-03 -3.757924e-03 9.999822e-01 -2.306229e-01
9.999999e-01 4.906058e-05 4.426982e-04 -4.241437e-01 -4.885186e-05 9.999999e-01 -4.714105e-04 2.356002e-02 -4.427209e-04 4.713895e-04 9.999998e-01 -3.481332e-01
9.999843e-01 -3.544741e-04 -5.594316e-03 -5.191537e-01 3.767434e-04 9.999920e-01 3.980154e-03 3.297979e-02 5.592860e-03 -3.982199e-03 9.999764e-01 -5.748696e-01
9.999969e-01 5.018032e-05 2.482140e-03 -6.795621e-01 -4.956857e-05 1.000000e+00 -2.465094e-04 4.445947e-02 -2.482152e-03 2.463863e-04 9.999969e-01 -7.629877e-01
9.999864e-01 -5.063149e-04 -5.190743e-03 -8.789974e-01 5.243285e-04 9.999938e-01 3.469552e-03 5.635700e-02 5.188954e-03 -3.472227e-03 9.999805e-01 -8.520458e-01
9.999931e-01 1.004931e-05 -3.708816e-03 -9.473962e-01 -1.425012e-05 9.999994e-01 -1.132640e-03 5.247170e-02 3.708803e-03 1.132685e-03 9.999925e-01 -5.575404e-01
9.999842e-01 -8.560409e-04 -5.559196e-03 -1.029421e+00 8.730584e-04 9.999949e-01 3.059445e-03 4.643758e-02 5.556548e-03 -3.064251e-03 9.999799e-01 -1.073503e-01
9.999998e-01 5.073169e-04 -2.330933e-04 -1.148783e+00 -5.074171e-04 9.999998e-01 -4.302190e-04 5.259629e-02 2.328753e-04 4.303379e-04 9.999999e-01 -1.498685e-01
9.999854e-01 -6.707155e-04 -5.364396e-03 -1.182986e+00 6.939118e-04 9.999904e-01 4.323454e-03 6.052380e-02 5.361445e-03 -4.327114e-03 9.999763e-01 -4.527080e-01
9.999994e-01 2.891505e-04 -1.098046e-03 -1.300913e+00 -2.909852e-04 9.999986e-01 -1.671166e-03 6.233153e-02 1.097561e-03 1.671485e-03 9.999980e-01 -3.102340e-01
9.999590e-01 -1.221626e-03 -8.976751e-03 -1.375540e+00 1.254054e-03 9.999927e-01 3.607708e-03 5.477813e-02 8.972278e-03 -3.618818e-03 9.999532e-01 2.073009e-01
9.999999e-01 4.413557e-04 1.789061e-05 -1.464969e+00 -4.413279e-04 9.999987e-01 -1.524582e-03 5.025558e-02 -1.856312e-05 1.524575e-03 9.999988e-01 6.044786e-01
9.999517e-01 -1.312115e-03 -9.745187e-03 -1.555008e+00 1.347493e-03 9.999925e-01 3.624675e-03 4.461441e-02 9.740358e-03 -3.637632e-03 9.999459e-01 1.084701e+00
9.999984e-01 2.936869e-04 1.737123e-03 -1.685131e+00 -2.912124e-04 9.999989e-01 -1.424571e-03 4.291923e-02 -1.737539e-03 1.424064e-03 9.999975e-01 1.488981e+00
9.999683e-01 -9.221378e-04 -7.914984e-03 -1.807236e+00 9.529743e-04 9.999920e-01 3.893085e-03 4.545371e-02 7.911330e-03 -3.900505e-03 9.999611e-01 1.623680e+00
9.999945e-01 5.923437e-04 3.251855e-03 -1.909295e+00 -5.910999e-04 9.999998e-01 -3.834420e-04 5.480275e-02 -3.252081e-03 3.815184e-04 9.999946e-01 1.418023e+00
9.999825e-01 -1.125579e-03 -5.810217e-03 -2.107499e+00 1.146845e-03 9.999927e-01 3.658067e-03 6.547880e-02 5.806057e-03 -3.664667e-03 9.999764e-01 1.388206e+00
9.999998e-01 5.803331e-04 2.018897e-04 -2.258181e+00 -5.800964e-04 9.999991e-01 -1.170308e-03 7.052395e-02 -2.025683e-04 1.170192e-03 9.999993e-01 1.482620e+00
9.999868e-01 -1.085861e-03 -5.015129e-03 -2.388888e+00 1.106292e-03 9.999911e-01 4.072841e-03 7.632517e-02 5.010661e-03 -4.078337e-03 9.999791e-01 1.479874e+00
9.999986e-01 7.664001e-04 1.456696e-03 -2.529550e+00 -7.652473e-04 9.999994e-01 -7.917667e-04 8.497664e-02 -1.457302e-03 7.906516e-04 9.999986e-01 1.370047e+00
9.999824e-01 -1.352901e-03 -5.776077e-03 -2.685178e+00 1.373200e-03 9.999929e-01 3.511801e-03 9.063727e-02 5.771285e-03 -3.519671e-03 9.999772e-01 1.431918e+00
9.999993e-01 1.064621e-03 4.123847e-04 -2.765454e+00 -1.064527e-03 9.999994e-01 -2.284547e-04 9.802921e-02 -4.126273e-04 2.280162e-04 9.999999e-01 1.274382e+00
9.999863e-01 -1.330483e-03 -5.071945e-03 -2.802894e+00 1.355304e-03 9.999871e-01 4.893460e-03 1.109142e-01 5.065369e-03 -4.900268e-03 9.999752e-01 8.405796e-01
9.999932e-01 1.005851e-03 3.536719e-03 -3.035317e+00 -1.001850e-03 9.999989e-01 -1.132680e-03 1.272436e-01 -3.537854e-03 1.129130e-03 9.999931e-01 6.431989e-01
9.999702e-01 -1.086464e-03 -7.647624e-03 -3.147124e+00 1.126311e-03 9.999858e-01 5.207989e-03 1.398134e-01 7.641856e-03 -5.216448e-03 9.999572e-01 3.357617e-01
9.999988e-01 1.107526e-03 1.068538e-03 -3.139896e+00 -1.106239e-03 9.999987e-01 -1.204786e-03 1.440064e-01 -1.069871e-03 1.203603e-03 9.999987e-01 8.402834e-02
9.999746e-01 -1.434527e-03 -6.983292e-03 -3.170785e+00 1.469097e-03 9.999867e-01 4.947888e-03 1.514426e-01 6.976100e-03 -4.958022e-03 9.999634e-01 -1.679459e-01
9.999982e-01 1.127795e-03 1.517991e-03 -3.172704e+00 -1.128386e-03 9.999993e-01 3.888509e-04 1.659717e-01 -1.517551e-03 -3.905624e-04 9.999988e-01 -7.068095e-01
9.999655e-01 -1.305125e-03 -8.209316e-03 -3.105630e+00 1.343419e-03 9.999882e-01 4.660953e-03 1.753469e-01 8.203136e-03 -4.671821e-03 9.999554e-01 -1.208572e+00
9.999987e-01 1.101077e-03 1.187061e-03 -3.044599e+00 -1.101371e-03 9.999994e-01 2.475272e-04 1.844950e-01 -1.186788e-03 -2.488336e-04 9.999993e-01 -1.694801e+00
9.999714e-01 -1.346077e-03 -7.446465e-03 -3.004668e+00 1.384657e-03 9.999856e-01 5.178300e-03 1.966277e-01 7.439387e-03 -5.188463e-03 9.999589e-01 -2.246494e+00
9.999975e-01 1.114239e-03 1.935043e-03 -2.969368e+00 -1.115258e-03 9.999992e-01 5.259648e-04 2.094469e-01 -1.934455e-03 -5.281208e-04 9.999980e-01 -2.833573e+00
9.999680e-01 -1.427189e-03 -7.866809e-03 -2.874978e+00 1.474489e-03 9.999809e-01 6.010096e-03 2.241073e-01 7.858080e-03 -6.021504e-03 9.999510e-01 -3.561584e+00
9.999978e-01 1.133967e-03 1.790553e-03 -2.814145e+00 -1.133894e-03 9.999994e-01 -4.162171e-05 2.375083e-01 -1.790598e-03 3.959202e-05 9.999984e-01 -4.196259e+00
9.999695e-01 -1.341573e-03 -7.700341e-03 -2.752489e+00 1.388839e-03 9.999802e-01 6.136113e-03 2.509095e-01 7.691956e-03 -6.146621e-03 9.999515e-01 -4.843487e+00
9.999981e-01 1.139155e-03 1.595101e-03 -2.701047e+00 -1.137821e-03 9.999990e-01 -8.367785e-04 2.615308e-01 -1.596052e-03 8.349627e-04 9.999984e-01 -5.381972e+00
9.999703e-01 -1.300749e-03 -7.601995e-03 -2.696379e+00 1.342991e-03 9.999837e-01 5.554176e-03 2.722788e-01 7.594646e-03 -5.564221e-03 9.999557e-01 -5.846322e+00
9.999889e-01 1.008551e-03 4.607323e-03 -2.818608e+00 -1.008344e-03 9.999995e-01 -4.717560e-05 2.913392e-01 -4.607368e-03 4.253001e-05 9.999894e-01 -6.359201e+00
9.999778e-01 -1.252967e-03 -6.538847e-03 -2.938378e+00 1.289809e-03 9.999833e-01 5.633213e-03 3.098131e-01 6.531680e-03 -5.641523e-03 9.999628e-01 -6.867196e+00
9.999993e-01 1.098344e-03 5.118049e-04 -2.925155e+00 -1.097919e-03 9.999991e-01 -8.297370e-04 3.197110e-01 -5.127154e-04 8.291751e-04 9.999995e-01 -7.330001e+00
9.999760e-01 -1.253215e-03 -6.812391e-03 -2.899326e+00 1.291772e-03 9.999832e-01 5.658279e-03 3.298103e-01 6.805184e-03 -5.666944e-03 9.999608e-01 -7.814123e+00
9.999993e-01 1.038329e-03 5.372917e-04 -2.849095e+00 -1.038263e-03 9.999995e-01 -1.232174e-04 3.414128e-01 -5.374190e-04 1.226602e-04 9.999998e-01 -8.395618e+00
9.999781e-01 -1.290415e-03 -6.496991e-03 -2.838916e+00 1.324493e-03 9.999854e-01 5.243694e-03 3.540214e-01 6.490129e-03 -5.252185e-03 9.999651e-01 -8.912577e+00
9.999988e-01 1.060809e-03 1.161298e-03 -2.822891e+00 -1.060972e-03 9.999994e-01 1.395034e-04 3.665080e-01 -1.161149e-03 -1.407346e-04 9.999993e-01 -9.462644e+00
9.999714e-01 -1.317289e-03 -7.441213e-03 -2.783170e+00 1.358623e-03 9.999837e-01 5.552359e-03 3.803936e-01 7.433777e-03 -5.562311e-03 9.999569e-01 -1.007768e+01
9.999979e-01 1.075262e-03 1.766709e-03 -2.742776e+00 -1.076067e-03 9.999993e-01 4.550326e-04 3.941057e-01 -1.766218e-03 -4.569320e-04 9.999983e-01 -1.071479e+01
9.999643e-01 -1.311658e-03 -8.353286e-03 -2.654288e+00 1.355871e-03 9.999851e-01 5.289471e-03 4.060263e-01 8.346223e-03 -5.300609e-03 9.999511e-01 -1.135027e+01
9.999982e-01 1.042012e-03 1.594745e-03 -2.572179e+00 -1.043182e-03 9.999992e-01 7.329877e-04 4.190446e-01 -1.593980e-03 -7.346493e-04 9.999985e-01 -1.201591e+01
9.999673e-01 -1.359069e-03 -7.966167e-03 -2.475281e+00 1.406678e-03 9.999812e-01 5.973868e-03 4.345095e-01 7.957898e-03 -5.984879e-03 9.999504e-01 -1.278461e+01
9.999989e-01 1.113209e-03 9.437630e-04 -2.352117e+00 -1.114503e-03 9.999984e-01 1.371379e-03 4.508863e-01 -9.422346e-04 -1.372429e-03 9.999986e-01 -1.365204e+01
9.999667e-01 -1.445772e-03 -8.033462e-03 -2.224375e+00 1.501280e-03 9.999750e-01 6.907856e-03 4.711014e-01 8.023274e-03 -6.919687e-03 9.999439e-01 -1.464618e+01
9.999991e-01 1.103219e-03 7.722291e-04 -2.065463e+00 -1.103716e-03 9.999992e-01 6.434793e-04 4.885808e-01 -7.715182e-04 -6.443303e-04 9.999995e-01 -1.554684e+01
9.999656e-01 -1.235236e-03 -8.202520e-03 -1.940320e+00 1.284264e-03 9.999813e-01 5.974572e-03 5.023935e-01 8.194987e-03 -5.984901e-03 9.999485e-01 -1.633765e+01
9.999992e-01 8.015584e-04 9.515748e-04 -1.779443e+00 -8.033848e-04 9.999978e-01 1.920680e-03 5.201834e-01 -9.500329e-04 -1.921442e-03 9.999977e-01 -1.730237e+01
9.999584e-01 -1.141559e-03 -9.053024e-03 -1.634987e+00 1.186408e-03 9.999870e-01 4.950197e-03 5.349481e-01 9.047256e-03 -4.960732e-03 9.999468e-01 -1.813605e+01
9.999989e-01 7.513191e-04 1.275049e-03 -1.480030e+00 -7.548689e-04 9.999958e-01 2.785983e-03 5.524226e-01 -1.272950e-03 -2.786942e-03 9.999953e-01 -1.908342e+01
9.999585e-01 -1.015419e-03 -9.050952e-03 -1.346329e+00 1.046562e-03 9.999935e-01 3.436824e-03 5.647933e-01 9.047403e-03 -3.446154e-03 9.999531e-01 -1.980636e+01
9.999967e-01 6.566833e-04 2.468966e-03 -1.234514e+00 -6.644256e-04 9.999949e-01 3.136389e-03 5.791297e-01 -2.466893e-03 -3.138019e-03 9.999920e-01 -2.059075e+01
9.999507e-01 -9.245435e-04 -9.888496e-03 -1.036157e+00 9.881766e-04 9.999788e-01 6.432121e-03 6.030273e-01 9.882339e-03 -6.441576e-03 9.999304e-01 -2.183814e+01
9.999932e-01 1.229541e-03 -3.472420e-03 -5.270061e-01 -1.219162e-03 9.999948e-01 2.989391e-03 6.166848e-01 3.476077e-03 -2.985137e-03 9.999895e-01 -2.306861e+01
9.998852e-01 -1.824965e-03 -1.504061e-02 -6.532035e-02 1.879650e-03 9.999917e-01 3.622473e-03 6.176251e-01 1.503387e-02 -3.650329e-03 9.998803e-01 -2.386893e+01
9.999687e-01 1.412958e-03 7.790650e-03 6.224278e-02 -1.440035e-03 9.999929e-01 3.471107e-03 6.329674e-01 -7.785690e-03 -3.482217e-03 9.999636e-01 -2.471578e+01
9.998717e-01 -1.687897e-03 -1.592645e-02 1.745001e-01 1.730047e-03 9.999950e-01 2.633152e-03 6.454223e-01 1.592193e-02 -2.660369e-03 9.998697e-01 -2.541746e+01
9.999623e-01 1.305930e-03 8.581569e-03 2.311922e-01 -1.327178e-03 9.999961e-01 2.470748e-03 6.556396e-01 -8.578309e-03 -2.482043e-03 9.999601e-01 -2.593914e+01
9.998969e-01 -1.622364e-03 -1.427043e-02 2.441269e-01 1.664758e-03 9.999942e-01 2.959395e-03 6.675692e-01 1.426555e-02 -2.982847e-03 9.998938e-01 -2.647971e+01
9.999791e-01 1.355566e-03 6.326903e-03 3.636972e-01 -1.375006e-03 9.999943e-01 3.069379e-03 6.789576e-01 -6.322706e-03 -3.078014e-03 9.999753e-01 -2.717474e+01
9.998998e-01 -1.591731e-03 -1.406332e-02 5.078649e-01 1.642171e-03 9.999923e-01 3.575821e-03 6.929489e-01 1.405752e-02 -3.598558e-03 9.998947e-01 -2.798871e+01
9.999754e-01 1.164644e-03 6.914398e-03 6.410762e-01 -1.188360e-03 9.999934e-01 3.426885e-03 7.079713e-01 -6.910361e-03 -3.435017e-03 9.999702e-01 -2.881947e+01
9.998903e-01 -1.414258e-03 -1.474667e-02 7.573679e-01 1.449492e-03 9.999961e-01 2.378870e-03 7.190018e-01 1.474324e-02 -2.399984e-03 9.998884e-01 -2.949128e+01
9.999724e-01 1.149146e-03 7.337543e-03 8.629892e-01 -1.172707e-03 9.999942e-01 3.207564e-03 7.291197e-01 -7.333814e-03 -3.216080e-03 9.999679e-01 -3.012534e+01
9.998907e-01 -1.460865e-03 -1.470978e-02 9.766907e-01 1.509968e-03 9.999933e-01 3.327558e-03 7.432280e-01 1.470482e-02 -3.349407e-03 9.998863e-01 -3.088965e+01
9.999724e-01 1.104076e-03 7.352421e-03 1.087926e+00 -1.125938e-03 9.999950e-01 2.969990e-03 7.560594e-01 -7.349104e-03 -2.978186e-03 9.999686e-01 -3.160803e+01
9.998832e-01 -1.216463e-03 -1.523584e-02 1.238659e+00 1.285399e-03 9.999890e-01 4.515641e-03 7.721749e-01 1.523018e-02 -4.534698e-03 9.998737e-01 -3.251965e+01
9.999560e-01 8.329450e-04 9.340041e-03 1.375872e+00 -8.529458e-04 9.999974e-01 2.137636e-03 7.858102e-01 -9.338236e-03 -2.145508e-03 9.999541e-01 -3.332820e+01
9.998657e-01 -1.064967e-03 -1.635583e-02 1.429350e+00 1.119394e-03 9.999939e-01 3.318919e-03 7.977913e-01 1.635220e-02 -3.336782e-03 9.998607e-01 -3.390832e+01
9.999522e-01 8.075639e-04 9.743930e-03 1.493433e+00 -8.291271e-04 9.999972e-01 2.209162e-03 8.087817e-01 -9.742119e-03 -2.217134e-03 9.999501e-01 -3.450640e+01
9.998672e-01 -6.149143e-04 -1.628545e-02 1.785791e+00 7.105315e-04 9.999825e-01 5.866197e-03 8.228922e-01 1.628156e-02 -5.876990e-03 9.998502e-01 -3.563368e+01
9.999799e-01 -8.883482e-05 6.344049e-03 2.290179e+00 4.041546e-05 9.999709e-01 7.631991e-03 8.554600e-01 -6.344542e-03 -7.631580e-03 9.999508e-01 -3.756010e+01
9.999202e-01 -4.536366e-04 -1.262750e-02 2.478569e+00 4.747354e-04 9.999985e-01 1.667925e-03 8.805543e-01 1.262673e-02 -1.673788e-03 9.999189e-01 -3.872629e+01
9.999840e-01 7.284599e-05 5.654035e-03 2.585872e+00 -1.023785e-04 9.999864e-01 5.223169e-03 8.955703e-01 -5.653577e-03 -5.223663e-03 9.999704e-01 -3.951409e+01
9.999238e-01 -3.407865e-04 -1.234195e-02 2.690244e+00 3.527577e-04 9.999995e-01 9.678026e-04 9.089210e-01 1.234161e-02 -9.720832e-04 9.999234e-01 -4.021811e+01
9.999864e-01 1.384301e-05 5.210963e-03 2.779718e+00 -3.924101e-05 9.999881e-01 4.873910e-03 9.215467e-01 -5.210833e-03 -4.874048e-03 9.999745e-01 -4.089049e+01
9.999302e-01 -2.984204e-04 -1.181251e-02 2.863655e+00 3.123673e-04 9.999993e-01 1.178868e-03 9.341243e-01 1.181215e-02 -1.182476e-03 9.999295e-01 -4.155820e+01
9.999854e-01 -4.652895e-05 5.401931e-03 2.899141e+00 2.304527e-05 9.999906e-01 4.347282e-03 9.471247e-01 -5.402082e-03 -4.347094e-03 9.999760e-01 -4.213314e+01
9.999353e-01 -1.816025e-04 -1.137209e-02 2.937422e+00 1.901080e-04 9.999997e-01 7.468571e-04 9.578244e-01 1.137195e-02 -7.489713e-04 9.999351e-01 -4.266134e+01
9.999918e-01 -1.228776e-04 4.052009e-03 3.025869e+00 1.030250e-04 9.999880e-01 4.899325e-03 9.691425e-01 -4.052562e-03 -4.898867e-03 9.999798e-01 -4.327887e+01
9.999390e-01 -5.323266e-05 -1.104087e-02 3.094184e+00 5.161672e-05 1.000000e+00 -1.466325e-04 9.774482e-01 1.104088e-02 1.460531e-04 9.999390e-01 -4.377381e+01
9.999918e-01 -2.535571e-04 4.030112e-03 3.159131e+00 2.314291e-04 9.999849e-01 5.490237e-03 9.887152e-01 -4.031443e-03 -5.489259e-03 9.999768e-01 -4.435038e+01
9.999480e-01 -4.064611e-05 -1.019890e-02 3.219916e+00 4.544954e-05 9.999999e-01 4.707568e-04 1.002218e+00 1.019888e-02 -4.711964e-04 9.999479e-01 -4.500486e+01
9.999931e-01 -4.014844e-04 3.700160e-03 3.337594e+00 3.695800e-04 9.999628e-01 8.619151e-03 1.026005e+00 -3.703483e-03 -8.617723e-03 9.999560e-01 -4.609209e+01
9.999671e-01 -1.437580e-04 -8.113692e-03 3.495847e+00 1.603345e-04 9.999979e-01 2.042431e-03 1.055437e+00 8.113381e-03 -2.043665e-03 9.999650e-01 -4.738593e+01
9.999951e-01 -3.693459e-04 3.097867e-03 3.616261e+00 3.498729e-04 9.999802e-01 6.284172e-03 1.075870e+00 -3.100126e-03 -6.283057e-03 9.999755e-01 -4.835065e+01
9.999465e-01 1.004278e-04 -1.033995e-02 3.719863e+00 -1.061609e-04 9.999998e-01 -5.538989e-04 1.087501e+00 1.033989e-02 5.549663e-04 9.999464e-01 -4.897084e+01
9.999857e-01 -7.032280e-04 5.294886e-03 3.704320e+00 6.721148e-04 9.999825e-01 5.875595e-03 1.102171e+00 -5.298925e-03 -5.871951e-03 9.999687e-01 -4.947556e+01
9.999589e-01 1.869881e-04 -9.065162e-03 3.697718e+00 -1.767505e-04 9.999993e-01 1.130137e-03 1.121968e+00 9.065367e-03 -1.128489e-03 9.999583e-01 -5.020973e+01
9.999974e-01 -6.003836e-04 2.193372e-03 3.777992e+00 5.896338e-04 9.999878e-01 4.898495e-03 1.135048e+00 -2.196285e-03 -4.897189e-03 9.999856e-01 -5.084090e+01
9.999501e-01 4.182118e-04 -9.978073e-03 3.860694e+00 -4.210512e-04 9.999999e-01 -2.824457e-04 1.142062e+00 9.977953e-03 2.866322e-04 9.999502e-01 -5.131401e+01
9.999955e-01 -7.248564e-04 2.903062e-03 3.973554e+00 7.069665e-04 9.999808e-01 6.158779e-03 1.153398e+00 -2.907470e-03 -6.156698e-03 9.999768e-01 -5.199464e+01
9.999580e-01 4.005767e-04 -9.155677e-03 4.046196e+00 -4.003931e-04 9.999999e-01 2.190346e-05 1.167328e+00 9.155685e-03 -1.823727e-05 9.999581e-01 -5.268852e+01
9.999960e-01 -8.595392e-04 2.701627e-03 4.119302e+00 8.416112e-04 9.999777e-01 6.630217e-03 1.183206e+00 -2.707265e-03 -6.627916e-03 9.999744e-01 -5.343030e+01
9.999650e-01 5.432487e-04 -8.346477e-03 4.179045e+00 -5.468853e-04 9.999998e-01 -4.334093e-04 1.197041e+00 8.346239e-03 4.379581e-04 9.999651e-01 -5.410036e+01
9.999981e-01 -8.789117e-04 1.722285e-03 4.264287e+00 8.676009e-04 9.999781e-01 6.557190e-03 1.209904e+00 -1.728010e-03 -6.555683e-03 9.999770e-01 -5.478424e+01
9.999681e-01 4.777046e-04 -7.976190e-03 4.367521e+00 -4.699960e-04 9.999994e-01 9.683074e-04 1.228044e+00 7.976647e-03 -9.645283e-04 9.999677e-01 -5.566880e+01
9.999989e-01 -9.612908e-04 1.139531e-03 4.492764e+00 9.533420e-04 9.999754e-01 6.955728e-03 1.246888e+00 -1.146189e-03 -6.954633e-03 9.999752e-01 -5.661498e+01
9.999670e-01 6.031611e-04 -8.096577e-03 4.590971e+00 -6.045830e-04 9.999998e-01 -1.731595e-04 1.262528e+00 8.096470e-03 1.780482e-04 9.999672e-01 -5.738218e+01
9.999989e-01 -8.882772e-04 1.214562e-03 4.683289e+00 8.815479e-04 9.999843e-01 5.530009e-03 1.271754e+00 -1.219455e-03 -5.528931e-03 9.999840e-01 -5.792325e+01
9.999810e-01 4.551969e-04 -6.151455e-03 4.588547e+00 -4.642977e-04 9.999988e-01 -1.478077e-03 1.282098e+00 6.150774e-03 1.480905e-03 9.999800e-01 -5.813653e+01
9.999992e-01 -6.704432e-04 -1.102587e-03 4.667715e+00 6.773904e-04 9.999798e-01 6.312452e-03 1.290095e+00 1.098333e-03 -6.313193e-03 9.999795e-01 -5.865258e+01
9.999842e-01 3.694974e-04 -5.601538e-03 4.753705e+00 -3.703411e-04 9.999999e-01 -1.495676e-04 1.303092e+00 5.601482e-03 1.516392e-04 9.999843e-01 -5.934007e+01
9.999987e-01 -5.921021e-04 -1.466647e-03 4.815636e+00 5.993472e-04 9.999876e-01 4.944260e-03 1.311495e+00 1.463701e-03 -4.945132e-03 9.999867e-01 -5.980971e+01
9.999822e-01 4.505642e-04 -5.949590e-03 4.877296e+00 -4.534500e-04 9.999998e-01 -4.836862e-04 1.318255e+00 5.949370e-03 4.863749e-04 9.999822e-01 -6.024612e+01
9.999979e-01 -6.542848e-04 -1.938585e-03 4.953326e+00 6.635174e-04 9.999884e-01 4.765649e-03 1.323745e+00 1.935445e-03 -4.766924e-03 9.999868e-01 -6.064294e+01
9.999801e-01 5.303507e-04 -6.286398e-03 5.007334e+00 -5.392528e-04 9.999989e-01 -1.414445e-03 1.326447e+00 6.285640e-03 1.417806e-03 9.999792e-01 -6.087889e+01
9.999957e-01 -6.169352e-04 -2.875295e-03 5.000493e+00 6.270767e-04 9.999936e-01 3.527491e-03 1.320842e+00 2.873101e-03 -3.529278e-03 9.999896e-01 -6.074499e+01
9.998463e-01 -5.283458e-04 -1.752241e-02 4.952262e+00 5.073491e-04 9.999991e-01 -1.202696e-03 1.295970e+00 1.752303e-02 1.193620e-03 9.998457e-01 -5.948447e+01
9.999853e-01 7.015596e-06 5.426081e-03 4.957811e+00 -2.109038e-05 9.999966e-01 2.593892e-03 1.283131e+00 -5.426045e-03 -2.593967e-03 9.999819e-01 -5.902006e+01
9.999020e-01 -1.093083e-04 -1.400229e-02 4.969501e+00 1.145900e-04 9.999999e-01 3.764108e-04 1.284572e+00 1.400225e-02 -3.779790e-04 9.999019e-01 -5.918862e+01
9.999790e-01 -9.516089e-05 6.475386e-03 5.085178e+00 6.565826e-05 9.999896e-01 4.556207e-03 1.292069e+00 -6.475752e-03 -4.555685e-03 9.999687e-01 -5.971544e+01
9.999014e-01 -5.119582e-07 -1.404395e-02 5.193776e+00 -2.134512e-06 1.000000e+00 -1.884151e-04 1.297558e+00 1.404395e-02 1.884259e-04 9.999014e-01 -6.015038e+01
9.999895e-01 -7.463082e-05 4.572018e-03 5.236542e+00 6.345220e-05 9.999970e-01 2.445143e-03 1.291708e+00 -4.572186e-03 -2.444827e-03 9.999866e-01 -6.012544e+01
9.998984e-01 1.118101e-04 -1.425705e-02 5.291362e+00 -1.107841e-04 1.000000e+00 7.276440e-05 1.289229e+00 1.425706e-02 -7.117811e-05 9.998984e-01 -6.025063e+01
9.999740e-01 -2.082450e-04 7.208921e-03 5.365590e+00 1.771808e-04 9.999907e-01 4.309532e-03 1.294788e+00 -7.209751e-03 -4.308142e-03 9.999647e-01 -6.068462e+01
9.998947e-01 1.132376e-04 -1.450947e-02 5.472788e+00 -1.089100e-04 9.999999e-01 2.990559e-04 1.300975e+00 1.450950e-02 -2.974447e-04 9.998947e-01 -6.116460e+01
9.999793e-01 -2.199608e-04 6.436083e-03 5.586444e+00 1.940089e-04 9.999918e-01 4.032620e-03 1.305785e+00 -6.436917e-03 -4.031287e-03 9.999712e-01 -6.160271e+01
9.998852e-01 1.512529e-04 -1.515340e-02 5.700489e+00 -1.537306e-04 1.000000e+00 -1.623318e-04 1.307456e+00 1.515338e-02 1.646422e-04 9.998852e-01 -6.193446e+01
9.999910e-01 -3.861325e-04 4.223921e-03 5.729314e+00 3.774745e-04 9.999978e-01 2.050421e-03 1.297317e+00 -4.224703e-03 -2.048807e-03 9.999890e-01 -6.168285e+01
9.998278e-01 7.889532e-05 -1.855889e-02 5.748617e+00 -8.778236e-05 9.999999e-01 -4.780323e-04 1.282874e+00 1.855885e-02 4.795785e-04 9.998277e-01 -6.115435e+01
9.999956e-01 -7.245797e-04 2.874029e-03 5.752757e+00 7.183663e-04 9.999974e-01 2.162415e-03 1.265433e+00 -2.875588e-03 -2.160341e-03 9.999935e-01 -6.043039e+01
9.998640e-01 2.928287e-04 -1.648883e-02 5.780303e+00 -3.045737e-04 9.999997e-01 -7.097782e-04 1.251110e+00 1.648862e-02 7.147032e-04 9.998638e-01 -5.994983e+01
9.999851e-01 -4.962717e-04 5.427425e-03 5.843363e+00 4.774813e-04 9.999939e-01 3.462906e-03 1.247950e+00 -5.429110e-03 -3.460263e-03 9.999793e-01 -5.998589e+01
9.998920e-01 4.564273e-04 -1.469013e-02 5.936670e+00 -4.581572e-04 9.999999e-01 -1.143848e-04 1.245267e+00 1.469008e-02 1.211023e-04 9.998921e-01 -6.013833e+01
9.999972e-01 -6.791686e-04 2.263036e-03 5.974089e+00 6.751564e-04 9.999982e-01 1.773325e-03 1.233122e+00 -2.264236e-03 -1.771792e-03 9.999959e-01 -5.981056e+01
9.998686e-01 3.845531e-04 -1.620825e-02 6.038136e+00 -3.877236e-04 9.999999e-01 -1.924599e-04 1.217091e+00 1.620818e-02 1.987184e-04 9.998686e-01 -5.938852e+01
9.999993e-01 -7.403780e-04 8.812992e-04 6.169809e+00 7.387686e-04 9.999981e-01 1.825358e-03 1.196553e+00 -8.826486e-04 -1.824705e-03 9.999979e-01 -5.884976e+01
9.999094e-01 2.814781e-04 -1.345424e-02 6.255293e+00 -2.873773e-04 9.999999e-01 -4.365139e-04 1.177940e+00 1.345412e-02 4.403402e-04 9.999094e-01 -5.836499e+01
9.999990e-01 -5.956923e-04 -1.296637e-03 6.382703e+00 5.985989e-04 9.999973e-01 2.242268e-03 1.158471e+00 1.295298e-03 -2.243041e-03 9.999966e-01 -5.790392e+01
9.999296e-01 1.104517e-04 -1.186418e-02 6.480795e+00 -1.198733e-04 9.999997e-01 -7.933983e-04 1.136926e+00 1.186409e-02 7.947641e-04 9.999293e-01 -5.730297e+01
9.999953e-01 -5.985872e-04 -3.000145e-03 6.515346e+00 6.052684e-04 9.999973e-01 2.226472e-03 1.120821e+00 2.998805e-03 -2.228276e-03 9.999930e-01 -5.671318e+01
9.999620e-01 4.965172e-04 -8.698122e-03 6.568388e+00 -4.997670e-04 9.999998e-01 -3.714239e-04 1.109639e+00 8.697935e-03 3.757563e-04 9.999621e-01 -5.647079e+01
9.999922e-01 -7.803096e-04 -3.875861e-03 6.616594e+00 7.877708e-04 9.999978e-01 1.923811e-03 1.095708e+00 3.874351e-03 -1.926848e-03 9.999906e-01 -5.610989e+01
9.999526e-01 4.697144e-04 -9.728274e-03 6.655551e+00 -4.744716e-04 9.999998e-01 -4.866778e-04 1.080547e+00 9.728043e-03 4.912699e-04 9.999526e-01 -5.564897e+01
9.999941e-01 -7.603906e-04 -3.351751e-03 6.696086e+00 7.666667e-04 9.999980e-01 1.871502e-03 1.067670e+00 3.350321e-03 -1.874060e-03 9.999926e-01 -5.527740e+01
9.999534e-01 5.244681e-04 -9.639119e-03 6.736243e+00 -5.255256e-04 9.999999e-01 -1.071509e-04 1.055422e+00 9.639061e-03 1.122110e-04 9.999535e-01 -5.493744e+01
9.999965e-01 -6.581048e-04 -2.545331e-03 6.807631e+00 6.637304e-04 9.999973e-01 2.209850e-03 1.047042e+00 2.543870e-03 -2.211531e-03 9.999943e-01 -5.482260e+01
9.999724e-01 5.341553e-04 -7.413192e-03 6.949093e+00 -5.219160e-04 9.999985e-01 1.652883e-03 1.046457e+00 7.414064e-03 -1.648969e-03 9.999712e-01 -5.514132e+01
9.999967e-01 -6.559918e-04 -2.478173e-03 7.012271e+00 6.579524e-04 9.999995e-01 7.903120e-04 1.038165e+00 2.477654e-03 -7.919394e-04 9.999966e-01 -5.504379e+01
9.999528e-01 3.610774e-04 -9.713651e-03 7.055738e+00 -3.538219e-04 9.999997e-01 7.486739e-04 1.025040e+00 9.713917e-03 -7.452022e-04 9.999525e-01 -5.471522e+01
9.999949e-01 -6.704178e-04 -3.110279e-03 7.083143e+00 6.725788e-04 9.999995e-01 6.937229e-04 1.010849e+00 3.109813e-03 -6.958108e-04 9.999949e-01 -5.425302e+01
9.999807e-01 3.153549e-04 -6.211702e-03 7.075571e+00 -3.055975e-04 9.999987e-01 1.571739e-03 1.007951e+00 6.212189e-03 -1.569810e-03 9.999795e-01 -5.418435e+01
9.999951e-01 -4.354751e-04 -3.085189e-03 7.230724e+00 4.479880e-04 9.999917e-01 4.056207e-03 1.015824e+00 3.083398e-03 -4.057569e-03 9.999870e-01 -5.479267e+01
9.999534e-01 1.359995e-04 -9.658011e-03 7.350134e+00 -1.457833e-04 9.999995e-01 -1.012300e-03 1.009200e+00 9.657868e-03 1.013661e-03 9.999528e-01 -5.480054e+01
9.999991e-01 -3.300728e-04 1.307361e-03 7.335008e+00 3.261256e-04 9.999954e-01 3.018476e-03 1.005526e+00 -1.308351e-03 -3.018047e-03 9.999946e-01 -5.473761e+01
9.999358e-01 1.959092e-04 -1.133204e-02 7.344915e+00 -2.134181e-04 9.999988e-01 -1.543863e-03 9.965846e-01 1.133172e-02 1.546182e-03 9.999346e-01 -5.449795e+01
9.999985e-01 -4.485659e-04 1.693405e-03 7.343156e+00 4.435789e-04 9.999956e-01 2.944355e-03 9.882404e-01 -1.694718e-03 -2.943599e-03 9.999942e-01 -5.424852e+01
9.999418e-01 2.227248e-04 -1.078211e-02 7.316247e+00 -2.354790e-04 9.999993e-01 -1.181627e-03 9.826041e-01 1.078184e-02 1.184097e-03 9.999412e-01 -5.403596e+01
9.999882e-01 -2.713816e-04 -4.845985e-03 7.517923e+00 2.902907e-04 9.999923e-01 3.901681e-03 9.682354e-01 4.844890e-03 -3.903041e-03 9.999806e-01 -5.385512e+01
9.998724e-01 -1.963442e-04 -1.597087e-02 7.995700e+00 2.096333e-04 9.999996e-01 8.304307e-04 9.552628e-01 1.597070e-02 -8.336733e-04 9.998721e-01 -5.398615e+01
9.999990e-01 -1.411088e-04 1.391843e-03 8.269846e+00 1.372783e-04 9.999962e-01 2.752018e-03 9.445709e-01 -1.392226e-03 -2.751823e-03 9.999952e-01 -5.403718e+01
9.999415e-01 -1.839046e-05 -1.081669e-02 8.423317e+00 3.211325e-05 9.999992e-01 1.268521e-03 9.452010e-01 1.081666e-02 -1.268794e-03 9.999407e-01 -5.438671e+01
9.999995e-01 -6.401859e-05 9.574930e-04 8.535668e+00 6.182927e-05 9.999974e-01 2.286665e-03 9.431146e-01 -9.576366e-04 -2.286604e-03 9.999969e-01 -5.457704e+01
9.999028e-01 -2.161599e-04 -1.393826e-02 8.621061e+00 2.216075e-04 9.999999e-01 3.893120e-04 9.330860e-01 1.393818e-02 -3.923635e-04 9.999028e-01 -5.435602e+01
9.999992e-01 -1.901897e-04 -1.239902e-03 8.899476e+00 1.944646e-04 9.999940e-01 3.448386e-03 9.251412e-01 1.239239e-03 -3.448624e-03 9.999933e-01 -5.441178e+01
9.999012e-01 -5.104132e-04 -1.405025e-02 9.257503e+00 5.389117e-04 9.999978e-01 2.024632e-03 9.263669e-01 1.404919e-02 -2.032005e-03 9.998992e-01 -5.476928e+01
9.999937e-01 3.177514e-04 3.548821e-03 9.417662e+00 -3.264183e-04 9.999970e-01 2.441962e-03 9.274104e-01 -3.548034e-03 -2.443104e-03 9.999907e-01 -5.513408e+01
9.999136e-01 -4.394421e-04 -1.313803e-02 9.556107e+00 4.699301e-04 9.999972e-01 2.317612e-03 9.308250e-01 1.313698e-02 -2.323586e-03 9.999110e-01 -5.552480e+01
9.999928e-01 2.487902e-04 3.790250e-03 9.736279e+00 -2.592633e-04 9.999961e-01 2.762995e-03 9.359244e-01 -3.789548e-03 -2.763957e-03 9.999890e-01 -5.603311e+01
9.999056e-01 -3.875363e-04 -1.373262e-02 9.896414e+00 4.186845e-04 9.999973e-01 2.265407e-03 9.399032e-01 1.373171e-02 -2.270943e-03 9.999031e-01 -5.650051e+01
9.999499e-01 -6.276319e-04 9.994174e-03 9.636582e+00 5.954262e-04 9.999946e-01 3.225130e-03 9.567086e-01 -9.996145e-03 -3.219017e-03 9.999449e-01 -5.634308e+01
9.998075e-01 -9.170427e-04 -1.959722e-02 9.429332e+00 9.223610e-04 9.999995e-01 2.623554e-04 9.597012e-01 1.959697e-02 -2.803811e-04 9.998079e-01 -5.568561e+01
9.999481e-01 6.648059e-04 1.016989e-02 9.610536e+00 -7.174442e-04 9.999864e-01 5.173155e-03 9.649558e-01 -1.016631e-02 -5.180182e-03 9.999349e-01 -5.621365e+01
9.997942e-01 -7.589465e-04 -2.027022e-02 9.731886e+00 7.266197e-04 9.999985e-01 -1.602095e-03 9.625699e-01 2.027141e-02 1.587036e-03 9.997933e-01 -5.642332e+01
9.999489e-01 5.470543e-04 1.009545e-02 9.856317e+00 -5.985557e-04 9.999868e-01 5.099159e-03 9.600668e-01 -1.009252e-02 -5.104940e-03 9.999360e-01 -5.663420e+01
9.997949e-01 -6.368259e-04 -2.023987e-02 9.978169e+00 6.070202e-04 9.999987e-01 -1.478718e-03 9.587711e-01 2.024078e-02 1.466128e-03 9.997941e-01 -5.688648e+01
9.999658e-01 6.288871e-04 8.249785e-03 1.015537e+01 -6.680393e-04 9.999885e-01 4.743985e-03 9.478346e-01 -8.246706e-03 -4.749334e-03 9.999547e-01 -5.690960e+01
9.997092e-01 -9.778799e-04 -2.409604e-02 1.038962e+01 9.429534e-04 9.999985e-01 -1.460780e-03 9.346457e-01 2.409743e-02 1.437633e-03 9.997086e-01 -5.687481e+01
9.998864e-01 5.348091e-04 1.506006e-02 1.039660e+01 -6.231725e-04 9.999826e-01 5.863341e-03 9.359575e-01 -1.505666e-02 -5.872060e-03 9.998694e-01 -5.693145e+01
9.998613e-01 -2.145350e-03 -1.651497e-02 1.003575e+01 2.127165e-03 9.999971e-01 -1.118573e-03 9.556506e-01 1.651732e-02 1.083287e-03 9.998630e-01 -5.662765e+01
9.999378e-01 1.949017e-03 1.097990e-02 9.985407e+00 -2.019122e-03 9.999776e-01 6.377354e-03 9.604137e-01 -1.096723e-02 -6.399127e-03 9.999194e-01 -5.681448e+01
9.998343e-01 -2.047856e-03 -1.808871e-02 1.003042e+01 2.003620e-03 9.999950e-01 -2.463267e-03 9.630836e-01 1.809366e-02 2.426616e-03 9.998334e-01 -5.700184e+01
9.999696e-01 1.651463e-03 7.621937e-03 1.022624e+01 -1.726770e-03 9.999497e-01 9.884400e-03 9.783746e-01 -7.605229e-03 -9.897260e-03 9.999221e-01 -5.793211e+01
9.999029e-01 -2.083474e-03 -1.377877e-02 1.042142e+01 2.052189e-03 9.999953e-01 -2.284209e-03 9.933764e-01 1.378346e-02 2.255711e-03 9.999025e-01 -5.886193e+01
9.999960e-01 1.879308e-03 2.132964e-03 1.060542e+01 -1.892428e-03 9.999792e-01 6.165941e-03 9.937832e-01 -2.121331e-03 -6.169952e-03 9.999787e-01 -5.930149e+01
9.999220e-01 -1.930660e-03 -1.234182e-02 1.077552e+01 1.903738e-03 9.999958e-01 -2.192693e-03 9.944279e-01 1.234601e-02 2.169026e-03 9.999214e-01 -5.972320e+01
9.999970e-01 1.645985e-03 1.814125e-03 1.094881e+01 -1.658808e-03 9.999735e-01 7.089455e-03 9.997139e-01 -1.802408e-03 -7.092442e-03 9.999732e-01 -6.030831e+01
9.999209e-01 -1.907272e-03 -1.243559e-02 1.118075e+01 1.908236e-03 9.999982e-01 6.569885e-05 1.013225e+00 1.243544e-02 -8.942409e-05 9.999227e-01 -6.123131e+01
9.999935e-01 1.390548e-03 3.319122e-03 1.140644e+01 -1.417699e-03 9.999654e-01 8.192155e-03 1.031681e+00 -3.307615e-03 -8.196807e-03 9.999609e-01 -6.228103e+01
9.999421e-01 -1.767293e-03 -1.061306e-02 1.154913e+01 1.755054e-03 9.999978e-01 -1.162391e-03 1.047224e+00 1.061509e-02 1.143697e-03 9.999430e-01 -6.312342e+01
9.999973e-01 1.481249e-03 1.800562e-03 1.168917e+01 -1.494147e-03 9.999731e-01 7.183679e-03 1.058418e+00 -1.789872e-03 -7.186350e-03 9.999726e-01 -6.383425e+01
9.999457e-01 -1.758992e-03 -1.026695e-02 1.185058e+01 1.756913e-03 9.999984e-01 -2.115337e-04 1.072548e+00 1.026730e-02 1.934837e-04 9.999473e-01 -6.467630e+01
9.999987e-01 1.556196e-03 4.376203e-04 1.205127e+01 -1.559257e-03 9.999737e-01 7.085126e-03 1.085143e+00 -4.265827e-04 -7.085799e-03 9.999748e-01 -6.551232e+01
9.999611e-01 -1.924515e-03 -8.610639e-03 1.224164e+01 1.932896e-03 9.999977e-01 9.651929e-04 1.103473e+00 8.608761e-03 -9.817992e-04 9.999625e-01 -6.651418e+01
9.999982e-01 1.548329e-03 1.071890e-03 1.239666e+01 -1.555287e-03 9.999775e-01 6.521939e-03 1.120377e+00 -1.061768e-03 -6.523594e-03 9.999782e-01 -6.743789e+01
9.999569e-01 -1.903342e-03 -9.086831e-03 1.257266e+01 1.911264e-03 9.999978e-01 8.632273e-04 1.135882e+00 9.085168e-03 -8.805579e-04 9.999583e-01 -6.834012e+01
9.999985e-01 1.646367e-03 5.998743e-04 1.273731e+01 -1.649702e-03 9.999829e-01 5.602641e-03 1.148510e+00 -5.906398e-04 -5.603622e-03 9.999841e-01 -6.913294e+01
9.999587e-01 -1.893051e-03 -8.887590e-03 1.291297e+01 1.902979e-03 9.999976e-01 1.108805e-03 1.161651e+00 8.885469e-03 -1.125673e-03 9.999599e-01 -6.996361e+01
9.999984e-01 1.749177e-03 -3.738939e-04 1.312111e+01 -1.747315e-03 9.999864e-01 4.922369e-03 1.170808e+00 3.824992e-04 -4.921707e-03 9.999878e-01 -7.072113e+01
9.999450e-01 -1.907945e-03 -1.031400e-02 1.332516e+01 1.912230e-03 9.999981e-01 4.056081e-04 1.177669e+00 1.031320e-02 -4.253089e-04 9.999467e-01 -7.139049e+01
9.999982e-01 1.681488e-03 8.755468e-04 1.350906e+01 -1.685904e-03 9.999857e-01 5.068007e-03 1.185632e+00 -8.670123e-04 -5.069474e-03 9.999868e-01 -7.206462e+01
9.999367e-01 -1.886016e-03 -1.109657e-02 1.368815e+01 1.892571e-03 9.999980e-01 5.802547e-04 1.194318e+00 1.109545e-02 -6.012194e-04 9.999383e-01 -7.275038e+01
9.999967e-01 1.531850e-03 2.060464e-03 1.386364e+01 -1.544088e-03 9.999811e-01 5.950974e-03 1.207093e+00 -2.051309e-03 -5.954136e-03 9.999802e-01 -7.356683e+01
9.999438e-01 -1.904622e-03 -1.042908e-02 1.402395e+01 1.917975e-03 9.999974e-01 1.270576e-03 1.222531e+00 1.042664e-02 -1.290508e-03 9.999448e-01 -7.443818e+01
9.999965e-01 1.478957e-03 2.190082e-03 1.417909e+01 -1.491132e-03 9.999834e-01 5.568437e-03 1.236556e+00 -2.181810e-03 -5.571683e-03 9.999821e-01 -7.525577e+01
9.999392e-01 -1.770931e-03 -1.088238e-02 1.437746e+01 1.780230e-03 9.999981e-01 8.449597e-04 1.247060e+00 1.088086e-02 -8.642818e-04 9.999404e-01 -7.603489e+01
9.999987e-01 1.397989e-03 -8.084971e-04 1.463117e+01 -1.393788e-03 9.999856e-01 5.173108e-03 1.254079e+00 8.157177e-04 -5.171974e-03 9.999863e-01 -7.677888e+01
9.999358e-01 -1.697815e-03 -1.120609e-02 1.487569e+01 1.700414e-03 9.999985e-01 2.224232e-04 1.259126e+00 1.120570e-02 -2.414642e-04 9.999372e-01 -7.744381e+01
9.999984e-01 1.286204e-03 1.255232e-03 1.506207e+01 -1.293964e-03 9.999799e-01 6.201582e-03 1.270674e+00 -1.247230e-03 -6.203196e-03 9.999800e-01 -7.823296e+01
9.999444e-01 -1.734234e-03 -1.039845e-02 1.524748e+01 1.748680e-03 9.999975e-01 1.380368e-03 1.286622e+00 1.039603e-02 -1.398475e-03 9.999450e-01 -7.915429e+01
9.999993e-01 1.129545e-03 -2.827674e-04 1.554521e+01 -1.127604e-03 9.999764e-01 6.772439e-03 1.301541e+00 2.904108e-04 -6.772115e-03 9.999770e-01 -8.020674e+01
9.999621e-01 -1.468014e-03 -8.582033e-03 1.571900e+01 1.470533e-03 9.999989e-01 2.873603e-04 1.315903e+00 8.581602e-03 -2.999699e-04 9.999631e-01 -8.107079e+01
9.999991e-01 9.812944e-04 -9.646686e-04 1.593074e+01 -9.734477e-04 9.999667e-01 8.100829e-03 1.334231e+00 9.725860e-04 -8.099882e-03 9.999667e-01 -8.212111e+01
9.999646e-01 -1.213268e-03 -8.324870e-03 1.620149e+01 1.229004e-03 9.999975e-01 1.885399e-03 1.356852e+00 8.322561e-03 -1.895564e-03 9.999636e-01 -8.343288e+01
9.999987e-01 7.084579e-04 1.433843e-03 1.640806e+01 -7.184068e-04 9.999756e-01 6.950242e-03 1.376297e+00 -1.428884e-03 -6.951263e-03 9.999748e-01 -8.456673e+01
9.999462e-01 -9.824735e-04 -1.032733e-02 1.660720e+01 9.835757e-04 9.999995e-01 1.016798e-04 1.389912e+00 1.032723e-02 -1.118324e-04 9.999467e-01 -8.544661e+01
9.999972e-01 5.339435e-04 2.312385e-03 1.682995e+01 -5.545483e-04 9.999601e-01 8.919309e-03 1.411364e+00 -2.307530e-03 -8.920566e-03 9.999575e-01 -8.666222e+01
9.999467e-01 -1.143583e-03 -1.026277e-02 1.701464e+01 1.149472e-03 9.999992e-01 5.679801e-04 1.435047e+00 1.026212e-02 -5.797469e-04 9.999472e-01 -8.786050e+01
9.999955e-01 5.507816e-04 2.949015e-03 1.717328e+01 -5.733709e-04 9.999705e-01 7.664702e-03 1.454483e+00 -2.944706e-03 -7.666358e-03 9.999663e-01 -8.886565e+01
9.999364e-01 -9.411833e-04 -1.123849e-02 1.733445e+01 9.354766e-04 9.999994e-01 -5.130023e-04 1.469353e+00 1.123896e-02 5.024561e-04 9.999367e-01 -8.972571e+01
9.999991e-01 4.555088e-04 1.267859e-03 1.751078e+01 -4.639346e-04 9.999778e-01 6.653576e-03 1.479790e+00 -1.264800e-03 -6.654158e-03 9.999771e-01 -9.045008e+01
9.999364e-01 -8.343562e-04 -1.124429e-02 1.769844e+01 8.282629e-04 9.999995e-01 -5.465198e-04 1.488524e+00 1.124474e-02 5.371715e-04 9.999366e-01 -9.115392e+01
9.999994e-01 6.126429e-04 -9.004003e-04 1.792453e+01 -6.081657e-04 9.999875e-01 4.964010e-03 1.490631e+00 9.034305e-04 -4.963460e-03 9.999873e-01 -9.171746e+01
9.999675e-01 -1.014047e-03 -7.992176e-03 1.805985e+01 1.026030e-03 9.999984e-01 1.495320e-03 1.503775e+00 7.990647e-03 -1.503472e-03 9.999669e-01 -9.249571e+01
9.999991e-01 6.045671e-04 -1.198569e-03 1.822161e+01 -5.983531e-04 9.999864e-01 5.177884e-03 1.517013e+00 1.201683e-03 -5.177162e-03 9.999859e-01 -9.330537e+01
9.999690e-01 -1.065818e-03 -7.795375e-03 1.832726e+01 1.076081e-03 9.999986e-01 1.312589e-03 1.531611e+00 7.793965e-03 -1.320937e-03 9.999688e-01 -9.407018e+01
9.999998e-01 5.989766e-04 2.129882e-06 1.846752e+01 -5.989783e-04 9.999819e-01 5.984294e-03 1.547755e+00 1.454820e-06 -5.984294e-03 9.999821e-01 -9.496775e+01
9.999609e-01 -8.898532e-04 -8.801147e-03 1.864119e+01 8.959207e-04 9.999994e-01 6.855119e-04 1.560591e+00 8.800531e-03 -6.933705e-04 9.999610e-01 -9.578931e+01
9.999997e-01 6.227446e-04 -5.290191e-04 1.883599e+01 -6.197019e-04 9.999834e-01 5.731936e-03 1.572215e+00 5.325801e-04 -5.731606e-03 9.999834e-01 -9.660210e+01
9.999605e-01 -6.901100e-04 -8.862272e-03 1.899129e+01 6.886437e-04 9.999997e-01 -1.684671e-04 1.581002e+00 8.862386e-03 1.623572e-04 9.999607e-01 -9.725495e+01
9.999999e-01 4.236192e-04 1.281325e-04 1.916129e+01 -4.246156e-04 9.999689e-01 7.881297e-03 1.598021e+00 -1.247897e-04 -7.881350e-03 9.999689e-01 -9.821082e+01
9.999687e-01 -4.492540e-04 -7.898936e-03 1.933863e+01 4.491080e-04 9.999999e-01 -2.021851e-05 1.615550e+00 7.898944e-03 1.667014e-05 9.999688e-01 -9.915971e+01
9.999979e-01 4.405214e-04 -1.982790e-03 1.956712e+01 -4.275200e-04 9.999784e-01 6.552611e-03 1.625908e+00 1.985634e-03 -6.551750e-03 9.999766e-01 -9.997973e+01
9.999429e-01 -7.322300e-04 -1.065826e-02 1.984824e+01 7.447259e-04 9.999990e-01 1.168525e-03 1.639410e+00 1.065740e-02 -1.176396e-03 9.999425e-01 -1.009261e+02
9.999930e-01 4.290739e-04 3.709979e-03 1.998588e+01 -4.500918e-04 9.999838e-01 5.666355e-03 1.653151e+00 -3.707487e-03 -5.667985e-03 9.999771e-01 -1.017212e+02
9.999249e-01 -6.051393e-04 -1.223819e-02 2.013549e+01 6.058531e-04 9.999998e-01 5.465082e-05 1.662466e+00 1.223815e-02 -6.206150e-05 9.999251e-01 -1.023989e+02
9.999960e-01 3.734252e-04 2.797933e-03 2.029283e+01 -3.885561e-04 9.999853e-01 5.409403e-03 1.670820e+00 -2.795871e-03 -5.410469e-03 9.999815e-01 -1.030499e+02
9.999285e-01 -6.195744e-04 -1.194046e-02 2.046277e+01 6.305745e-04 9.999994e-01 9.175269e-04 1.682441e+00 1.193988e-02 -9.249909e-04 9.999283e-01 -1.038170e+02
9.999971e-01 2.528010e-04 2.400414e-03 2.065390e+01 -2.691685e-04 9.999767e-01 6.820901e-03 1.699089e+00 -2.398633e-03 -6.821527e-03 9.999739e-01 -1.047789e+02
9.999217e-01 -2.117982e-04 -1.251105e-02 2.083929e+01 1.963124e-04 9.999992e-01 -1.238962e-03 1.706076e+00 1.251130e-02 1.236409e-03 9.999210e-01 -1.053995e+02
9.999941e-01 -5.363422e-05 3.425606e-03 2.100810e+01 3.255540e-05 9.999811e-01 6.153169e-03 1.711885e+00 -3.425871e-03 -6.153021e-03 9.999752e-01 -1.060167e+02
9.999323e-01 -2.204128e-04 -1.163311e-02 2.114916e+01 2.244442e-04 9.999999e-01 3.452724e-04 1.725188e+00 1.163304e-02 -3.478603e-04 9.999323e-01 -1.068082e+02
9.999924e-01 -1.960416e-04 3.882173e-03 2.128693e+01 1.714069e-04 9.999799e-01 6.345001e-03 1.739018e+00 -3.883339e-03 -6.344287e-03 9.999723e-01 -1.076122e+02
9.999287e-01 -1.898697e-04 -1.194269e-02 2.141412e+01 1.952502e-04 9.999999e-01 4.493981e-04 1.753762e+00 1.194260e-02 -4.516981e-04 9.999286e-01 -1.084135e+02
9.999902e-01 -3.305154e-04 4.410645e-03 2.153264e+01 2.995296e-04 9.999753e-01 7.024102e-03 1.772385e+00 -4.412857e-03 -7.022712e-03 9.999656e-01 -1.093264e+02
9.999399e-01 -1.314034e-04 -1.096612e-02 2.163192e+01 1.387776e-04 9.999998e-01 6.717211e-04 1.791083e+00 1.096603e-02 -6.732028e-04 9.999396e-01 -1.102212e+02
9.999943e-01 -2.153720e-04 3.367383e-03 2.174832e+01 1.948451e-04 9.999814e-01 6.095047e-03 1.805944e+00 -3.368633e-03 -6.094356e-03 9.999758e-01 -1.110331e+02
9.999390e-01 -4.031124e-05 -1.104476e-02 2.188565e+01 4.680371e-05 9.999998e-01 5.876046e-04 1.819939e+00 1.104473e-02 -5.880859e-04 9.999388e-01 -1.118511e+02
9.999947e-01 -3.344745e-04 3.225921e-03 2.201137e+01 3.150045e-04 9.999817e-01 6.034203e-03 1.834192e+00 -3.227880e-03 -6.033155e-03 9.999766e-01 -1.126501e+02
9.999422e-01 3.766983e-05 -1.074804e-02 2.211356e+01 -3.529302e-05 1.000000e+00 2.213591e-04 1.847381e+00 1.074805e-02 -2.209672e-04 9.999422e-01 -1.133823e+02
