1.000000e+00 1.197625e-11 1.704638e-10 1.665335e-16 1.197625e-11 1.000000e+00 3.562503e-10 -1.110223e-16 1.704638e-10 3.562503e-10 1.000000e+00 2.220446e-16 0.000000e+00 0.000000e+00 0.000000e+00 1.000000e+00
9.697472e-01 -6.727481e-02 2.346580e-01 1.509759e-01 4.396376e-02 9.936887e-01 1.031990e-01 -9.845393e-03 -2.401197e-01 -8.976055e-02 9.665845e-01 6.277645e-01
9.952720e-01 7.208675e-03 -9.685946e-02 2.307029e-01 -1.587885e-02 9.959012e-01 -8.904286e-02 -1.430485e-02 9.582057e-02 9.015988e-02 9.913070e-01 9.817589e-01
9.923227e-01 -4.680826e-02 1.144758e-01 4.744749e-01 2.710063e-02 9.854130e-01 1.680084e-01 -2.752729e-02 -1.206701e-01 -1.636162e-01 9.791162e-01 1.366484e+00
9.971013e-01 -4.761336e-02 -5.934610e-02 6.630581e-01 3.126329e-02 9.674946e-01 -2.509516e-01 -4.792331e-02 6.936568e-02 2.483689e-01 9.661787e-01 1.050184e+00
9.067870e-01 -3.713621e-03 4.215728e-01 7.881992e-01 -3.069519e-02 9.967257e-01 7.480431e-02 -7.813201e-02 -4.204702e-01 -8.077184e-02 9.037039e-01 2.278095e-02
9.868855e-01 -1.424086e-01 7.600529e-02 9.150922e-01 1.560149e-01 9.623249e-01 -2.226884e-01 -1.121050e-01 -4.142903e-02 2.316259e-01 9.719224e-01 -1.155584e+00
9.755299e-01 1.114982e-01 1.894981e-01 9.980785e-01 -1.311121e-01 9.868726e-01 9.429760e-02 -1.345943e-01 -1.764964e-01 -1.168356e-01 9.773425e-01 -1.973529e+00
9.257289e-01 -2.063339e-01 3.169420e-01 1.154082e+00 2.822157e-01 9.347769e-01 -2.157462e-01 -1.698102e-01 -2.517543e-01 2.891685e-01 9.235807e-01 -3.142375e+00
9.421343e-01 1.795186e-01 2.831185e-01 1.467693e+00 -1.193334e-01 9.688073e-01 -2.171913e-01 -2.271886e-01 -3.132771e-01 1.708378e-01 9.341691e-01 -5.633984e+00
9.549907e-01 -2.257346e-01 1.924488e-01 1.709148e+00 2.361198e-01 9.711788e-01 -3.254630e-02 -2.681617e-01 -1.795554e-01 7.652238e-02 9.807671e-01 -7.464159e+00
9.724342e-01 1.724383e-01 1.569610e-01 1.860866e+00 -1.471424e-01 9.759868e-01 -1.606205e-01 -2.989010e-01 -1.808890e-01 1.330972e-01 9.744559e-01 -8.648829e+00
8.711737e-01 -1.751534e-01 4.586695e-01 2.505009e+00 2.603860e-01 9.568239e-01 -1.291791e-01 -3.716383e-01 -4.162397e-01 2.319686e-01 8.791673e-01 -1.142082e+01
7.796832e-01 -5.542503e-02 -6.237165e-01 2.964858e+00 9.186471e-03 9.969802e-01 -7.711056e-02 -4.083489e-01 6.261068e-01 5.439205e-02 7.778379e-01 -1.343829e+01
7.622285e-01 -3.954737e-02 6.460989e-01 3.072611e+00 7.372003e-03 9.985976e-01 5.242659e-02 -4.199272e-01 -6.472661e-01 -3.519799e-02 7.614510e-01 -1.350783e+01
8.116907e-01 -8.259750e-02 -5.782178e-01 3.247772e+00 9.284274e-03 9.916502e-01 -1.286226e-01 -4.406240e-01 5.840137e-01 9.903343e-02 8.056801e-01 -1.410965e+01
7.925334e-01 3.894962e-02 6.085834e-01 3.572865e+00 -9.573853e-03 9.986299e-01 -5.144514e-02 -4.714033e-01 -6.097534e-01 3.494550e-02 7.918204e-01 -1.522630e+01
7.724355e-01 -1.549669e-01 -6.158966e-01 3.870779e+00 1.161293e-01 9.878875e-01 -1.029191e-01 -5.014816e-01 6.243856e-01 7.974722e-03 7.810756e-01 -1.636811e+01
6.949890e-01 2.584693e-01 6.709575e-01 4.245318e+00 -6.428207e-02 9.517537e-01 -3.000545e-01 -5.447059e-01 -7.161411e-01 1.654040e-01 6.780733e-01 -1.800091e+01
7.102974e-01 -3.360668e-01 -6.184955e-01 4.622652e+00 3.281809e-01 9.354330e-01 -1.313864e-01 -5.878247e-01 6.227157e-01 -1.096550e-01 7.747264e-01 -1.995355e+01
4.860274e-01 5.193445e-01 7.028930e-01 5.045366e+00 -1.334433e-01 8.389472e-01 -5.275988e-01 -6.466849e-01 -8.636957e-01 1.626312e-01 4.770544e-01 -2.231648e+01
6.584677e-01 -5.318132e-01 -5.325364e-01 5.603818e+00 6.157173e-01 7.875648e-01 -2.517641e-02 -7.136152e-01 4.327961e-01 -3.113141e-01 8.460326e-01 -2.516199e+01
6.723290e-01 6.939214e-01 2.577728e-01 6.027391e+00 -5.001415e-01 6.825413e-01 -5.329125e-01 -7.551603e-01 -5.457400e-01 2.293697e-01 8.059513e-01 -2.708123e+01
6.702680e-01 -6.826461e-01 -2.910929e-01 6.458152e+00 7.348060e-01 6.654081e-01 1.314999e-01 -7.970080e-01 1.039277e-01 -3.020370e-01 9.476142e-01 -2.840876e+01
7.499537e-01 6.611493e-01 -2.123839e-02 6.862505e+00 -5.981670e-01 6.641041e-01 -4.485108e-01 -8.333669e-01 -2.824281e-01 3.490664e-01 8.935251e-01 -2.961898e+01
7.823046e-01 -6.227688e-01 1.258953e-02 7.056116e+00 5.124512e-01 6.549536e-01 5.553643e-01 -8.543046e-01 -3.541091e-01 -4.280126e-01 8.315119e-01 -2.946674e+01
8.849494e-01 4.640460e-01 -3.906179e-02 7.248581e+00 -3.648734e-01 6.388080e-01 -6.773417e-01 -8.773649e-01 -2.893647e-01 6.136657e-01 7.346308e-01 -2.942757e+01
8.574732e-01 -4.063994e-01 3.155619e-01 7.365195e+00 -3.424776e-02 5.668624e-01 8.231003e-01 -8.888632e-01 -5.133876e-01 -7.165937e-01 4.721511e-01 -2.828350e+01
9.913098e-01 -5.725776e-02 1.184332e-01 7.729731e+00 1.301528e-01 5.576787e-01 -8.197895e-01 -9.115819e-01 -1.910836e-02 8.280797e-01 5.602846e-01 -2.710981e+01
8.109713e-01 7.551113e-02 5.801927e-01 8.191544e+00 -5.224115e-01 5.399809e-01 6.599294e-01 -9.437653e-01 -2.634610e-01 -8.382832e-01 4.773569e-01 -2.626005e+01
7.733043e-01 -5.734226e-01 2.705307e-01 8.241379e+00 6.000818e-01 5.241703e-01 -6.042742e-01 -9.505905e-01 2.047003e-01 6.296284e-01 7.494437e-01 -2.523303e+01
7.479775e-01 6.074876e-01 2.673734e-01 8.483759e+00 -6.598044e-01 6.368436e-01 3.988589e-01 -9.748924e-01 7.202677e-02 -4.747516e-01 8.771676e-01 -2.546333e+01
6.970442e-01 -6.956281e-01 1.738703e-01 8.984659e+00 6.126218e-01 4.517691e-01 -6.485362e-01 -1.010024e+00 3.725908e-01 5.585751e-01 7.410600e-01 -2.668446e+01
6.582981e-01 5.642082e-01 4.983099e-01 9.244847e+00 -7.441934e-01 5.873658e-01 3.180842e-01 -1.036474e+00 -1.132245e-01 -5.802332e-01 8.065418e-01 -2.702364e+01
5.666513e-01 -7.749712e-01 2.798676e-01 9.263487e+00 8.147211e-01 5.777040e-01 -4.987662e-02 -1.038893e+00 -1.230277e-01 2.562767e-01 9.587421e-01 -2.584719e+01
4.631274e-01 8.102320e-01 3.592175e-01 9.292241e+00 -7.191861e-01 5.804216e-01 -3.819451e-01 -1.039692e+00 -5.179618e-01 -8.145496e-02 8.515167e-01 -2.424814e+01
7.132856e-01 -7.005918e-01 -1.986802e-02 9.242322e+00 5.750994e-01 5.688460e-01 5.879413e-01 -1.031019e+00 -4.006050e-01 -4.307961e-01 8.086596e-01 -2.242398e+01
7.586379e-01 5.926243e-01 2.706752e-01 9.228971e+00 -1.697088e-01 5.808659e-01 -7.961117e-01 -1.026962e+00 -6.290210e-01 5.580245e-01 5.412404e-01 -2.064906e+01
9.771934e-01 -1.412999e-01 1.585165e-01 9.217821e+00 -5.985067e-02 5.329534e-01 8.440252e-01 -1.021492e+00 -2.037426e-01 -8.342632e-01 5.123416e-01 -1.888102e+01
7.844921e-01 -2.957065e-02 6.194334e-01 9.042237e+00 5.057049e-01 6.086452e-01 -6.114030e-01 -9.979967e-01 -3.589355e-01 7.928913e-01 4.924313e-01 -1.657518e+01
7.709761e-01 5.546292e-01 3.130211e-01 8.895033e+00 -6.160978e-01 5.250429e-01 5.871571e-01 -9.764908e-01 1.613050e-01 -6.455357e-01 7.465014e-01 -1.447337e+01
4.961186e-01 -6.298949e-01 5.975774e-01 8.754014e+00 8.069818e-01 5.884847e-01 -4.965918e-02 -9.564074e-01 -3.203851e-01 5.068710e-01 8.002720e-01 -1.250690e+01
5.649158e-01 8.178612e-01 1.094222e-01 8.617066e+00 -8.216415e-01 5.697602e-01 -1.669237e-02 -9.418652e-01 -7.599646e-02 -8.047605e-02 9.938552e-01 -1.081536e+01
5.383515e-01 -8.178404e-01 2.032603e-01 8.620678e+00 7.478627e-01 5.748222e-01 3.320856e-01 -9.455383e-01 -3.884316e-01 -2.676799e-02 9.210887e-01 -9.837811e+00
7.022193e-01 6.952762e-01 -1.532292e-01 8.754746e+00 -6.967590e-01 6.268833e-01 -3.486318e-01 -9.631426e-01 -1.463385e-01 3.515798e-01 9.246495e-01 -9.491184e+00
5.939765e-01 -7.521549e-01 2.854030e-01 8.913361e+00 3.533901e-01 5.626531e-01 7.473533e-01 -9.778286e-01 -7.227083e-01 -3.430517e-01 6.000068e-01 -8.648082e+00
8.160039e-01 2.189527e-01 -5.349741e-01 9.106371e+00 -5.506720e-01 5.758802e-01 -6.042535e-01 -9.945857e-01 1.757781e-01 7.876685e-01 5.904917e-01 -8.419978e+00
7.573941e-01 -5.610011e-01 3.341137e-01 9.567267e+00 1.790521e-01 6.705191e-01 7.199615e-01 -1.031143e+00 -6.279288e-01 -4.854708e-01 6.082956e-01 -9.457018e+00
8.885479e-01 4.181604e-03 -4.587648e-01 9.904894e+00 -3.669352e-01 6.067194e-01 -7.051596e-01 -1.061415e+00 2.753928e-01 7.949051e-01 5.406336e-01 -9.761263e+00
8.741051e-01 -3.119247e-01 3.723484e-01 1.049964e+01 4.587209e-02 8.161482e-01 5.760190e-01 -1.102617e+00 -4.835660e-01 -4.864208e-01 7.277079e-01 -1.098376e+01
7.216249e-01 -3.076277e-01 -6.201796e-01 1.128467e+01 -2.510690e-01 7.185599e-01 -6.485646e-01 -1.142196e+00 6.451526e-01 6.237283e-01 4.412949e-01 -1.223036e+01
7.156587e-01 -2.212347e-01 6.624861e-01 1.187330e+01 -1.973912e-01 8.457775e-01 4.956784e-01 -1.178063e+00 -6.699771e-01 -4.855055e-01 5.616183e-01 -1.316719e+01
7.916847e-01 -4.604228e-01 -4.015548e-01 1.232431e+01 -2.796430e-02 6.292850e-01 -7.766714e-01 -1.224641e+00 6.102896e-01 6.261080e-01 4.853198e-01 -1.481514e+01
4.905616e-01 1.088812e-01 8.645775e-01 1.251653e+01 -5.843925e-01 7.770840e-01 2.337219e-01 -1.258863e+00 -6.464014e-01 -6.199076e-01 4.448369e-01 -1.625335e+01
5.757938e-01 -6.336227e-01 -5.167047e-01 1.260372e+01 2.857874e-01 7.480937e-01 -5.989002e-01 -1.275962e+00 7.660203e-01 1.971753e-01 6.118291e-01 -1.667733e+01
4.490067e-01 2.825054e-01 8.476931e-01 1.269315e+01 -6.028181e-01 7.960488e-01 5.400690e-02 -1.294147e+00 -6.595478e-01 -5.352542e-01 5.277306e-01 -1.716779e+01
4.835532e-01 -6.689648e-01 -5.645019e-01 1.302226e+01 4.341718e-01 7.432934e-01 -5.089300e-01 -1.318444e+00 7.600468e-01 1.003921e-03 6.498675e-01 -1.743480e+01
3.811834e-01 4.583112e-01 8.029010e-01 1.338642e+01 -5.857131e-01 7.916601e-01 -1.738229e-01 -1.346456e+00 -7.152897e-01 -4.040112e-01 5.702066e-01 -1.777442e+01
4.281061e-01 -6.515453e-01 -6.262699e-01 1.370333e+01 6.302752e-01 7.118920e-01 -3.097789e-01 -1.373232e+00 6.476714e-01 -2.621041e-01 7.154181e-01 -1.793223e+01
9.907129e-02 6.455887e-01 7.572318e-01 1.399002e+01 -3.859408e-01 7.263379e-01 -5.687557e-01 -1.403407e+00 -9.171884e-01 -2.358993e-01 3.211183e-01 -1.777003e+01
3.328578e-01 -4.147084e-01 -8.468900e-01 1.407775e+01 7.359512e-01 6.757523e-01 -4.165007e-02 -1.420008e+00 5.895605e-01 -6.094061e-01 5.301345e-01 -1.806068e+01
2.402679e-01 7.540400e-01 6.113059e-01 1.424855e+01 -1.676599e-01 6.525252e-01 -7.389865e-01 -1.443998e+00 -9.561179e-01 7.506328e-02 2.832031e-01 -1.878205e+01
3.441869e-01 -3.409367e-01 -8.748129e-01 1.447334e+01 8.041210e-01 5.880351e-01 8.720166e-02 -1.473882e+00 4.846904e-01 -7.334690e-01 4.765484e-01 -1.996690e+01
3.486209e-01 8.300654e-01 4.352642e-01 1.463620e+01 -1.923087e-01 5.178674e-01 -8.335650e-01 -1.498020e+00 -9.173226e-01 2.068931e-01 3.401682e-01 -2.087933e+01
4.702688e-01 -2.845406e-01 -8.353945e-01 1.474509e+01 8.260434e-01 4.751170e-01 3.031769e-01 -1.518003e+00 3.106439e-01 -8.326467e-01 4.584756e-01 -2.152009e+01
4.417781e-01 8.164083e-01 3.719000e-01 1.484678e+01 -7.170947e-03 4.177471e-01 -9.085351e-01 -1.539940e+00 -8.970957e-01 3.987041e-01 1.904059e-01 -2.221043e+01
5.964109e-01 -1.246248e-01 -7.929456e-01 1.509362e+01 7.625528e-01 3.964059e-01 5.112491e-01 -1.566119e+00 2.506140e-01 -9.095774e-01 3.314538e-01 -2.307127e+01
6.742833e-01 7.277187e-01 1.255689e-01 1.541959e+01 -1.337736e-01 2.875924e-01 -9.483645e-01 -1.594019e+00 -7.262552e-01 6.226685e-01 2.912683e-01 -2.410723e+01
6.861596e-01 -2.807603e-01 -6.710877e-01 1.562790e+01 7.267040e-01 3.063498e-01 6.148586e-01 -1.619896e+00 3.295973e-02 -9.095732e-01 4.142345e-01 -2.517331e+01
7.491332e-01 6.613431e-01 3.774583e-02 1.578797e+01 -1.210838e-01 1.927334e-01 -9.737518e-01 -1.646474e+00 -6.512589e-01 7.248994e-01 2.244609e-01 -2.622422e+01
8.473775e-01 -2.605387e-01 -4.626780e-01 1.595515e+01 5.209401e-01 2.391767e-01 8.193997e-01 -1.672692e+00 -1.028235e-01 -9.353684e-01 3.383980e-01 -2.723974e+01
9.013872e-01 4.291507e-01 -5.771309e-02 1.617599e+01 -1.147103e-01 1.081367e-01 -9.874958e-01 -1.702966e+00 -4.175437e-01 8.967364e-01 1.467010e-01 -2.840881e+01
9.298178e-01 -2.799449e-01 -2.388927e-01 1.650095e+01 3.113371e-01 2.522267e-01 9.162155e-01 -1.739321e+00 -1.962348e-01 -9.262897e-01 3.216821e-01 -2.979625e+01
9.518639e-01 1.939930e-01 -2.373224e-01 1.676988e+01 -2.643818e-01 1.278228e-01 -9.559098e-01 -1.767502e+00 -1.551046e-01 9.726397e-01 1.729582e-01 -3.086717e+01
9.302404e-01 -3.661192e-01 -2.468873e-02 1.695973e+01 1.094129e-01 2.125187e-01 9.710122e-01 -1.792632e+00 -3.502594e-01 -9.059760e-01 2.377517e-01 -3.172470e+01
9.931047e-01 2.076556e-02 -1.153770e-01 1.710398e+01 -1.171580e-01 1.411093e-01 -9.830372e-01 -1.814587e+00 -4.132549e-03 9.897762e-01 1.425692e-01 -3.232231e+01
9.260136e-01 -1.925718e-01 3.246766e-01 1.719561e+01 -2.909113e-01 1.840574e-01 9.388789e-01 -1.832107e+00 -2.405607e-01 -9.638667e-01 1.144183e-01 -3.262142e+01
9.293487e-01 -3.673521e-01 3.692514e-02 1.727534e+01 9.721408e-02 1.469940e-01 -9.843486e-01 -1.849524e+00 3.561747e-01 9.183927e-01 1.723205e-01 -3.302634e+01
8.678052e-01 4.982942e-02 4.943998e-01 1.754423e+01 -4.925835e-01 2.171943e-01 8.427266e-01 -1.871616e+00 -6.538823e-02 -9.748557e-01 2.130275e-01 -3.350258e+01
8.282558e-01 -5.524985e-01 9.347538e-02 1.788360e+01 1.673975e-01 8.476545e-02 -9.822387e-01 -1.898320e+00 5.347620e-01 8.291925e-01 1.626943e-01 -3.400749e+01
3.265743e-01 2.922054e-01 8.988689e-01 1.814298e+01 -9.184813e-01 3.225169e-01 2.288557e-01 -1.943991e+00 -2.230275e-01 -9.003327e-01 3.737109e-01 -3.549697e+01
2.494624e-01 -9.559799e-01 1.545024e-01 1.836991e+01 6.562399e-01 4.956042e-02 -7.529229e-01 -1.979332e+00 7.121219e-01 2.892166e-01 6.397156e-01 -3.709261e+01
9.796042e-02 6.975680e-01 7.097905e-01 1.847231e+01 -9.903021e-01 1.389308e-01 1.362535e-04 -1.999137e+00 -9.851673e-02 -7.029204e-01 7.044128e-01 -3.771192e+01
3.073612e-02 -9.995248e-01 2.348951e-03 1.862048e+01 8.794999e-01 2.592853e-02 -4.751922e-01 -2.021674e+00 4.749055e-01 1.667147e-02 8.798789e-01 -3.834856e+01
4.002635e-02 9.217411e-01 3.857346e-01 1.878783e+01 -9.795193e-01 1.124362e-01 -1.670332e-01 -2.046197e+00 -1.973319e-01 -3.711487e-01 9.073636e-01 -3.917712e+01
1.112906e-02 -9.958826e-01 -8.996656e-02 1.892271e+01 9.934922e-01 2.121191e-02 -1.119076e-01 -2.068345e+00 1.133552e-01 -8.813565e-02 9.896377e-01 -3.983771e+01
7.523131e-02 9.957167e-01 5.374566e-02 1.905384e+01 -9.364360e-01 8.906908e-02 -3.393438e-01 -2.087792e+00 -3.426774e-01 -2.480009e-02 9.391257e-01 -4.033643e+01
8.475936e-02 -9.634417e-01 -2.541575e-01 1.915480e+01 9.611344e-01 1.179221e-02 2.758291e-01 -2.106736e+00 -2.627482e-01 -2.676586e-01 9.269964e-01 -4.081545e+01
2.687705e-01 9.157693e-01 -2.985448e-01 1.928604e+01 -8.218263e-01 5.637334e-02 -5.669423e-01 -2.129019e+00 -5.023584e-01 3.977293e-01 7.677548e-01 -4.147933e+01
2.927770e-01 -8.770410e-01 -3.808945e-01 1.942308e+01 8.084455e-01 1.434072e-02 5.883963e-01 -2.148338e+00 -5.105854e-01 -4.802014e-01 7.132385e-01 -4.202859e+01
5.054679e-01 7.691239e-01 -3.910889e-01 1.956648e+01 -6.979723e-01 9.799286e-02 -7.093885e-01 -2.165347e+00 -5.072838e-01 6.315424e-01 5.863595e-01 -4.204959e+01
6.020882e-01 -7.513214e-01 -2.701963e-01 1.970264e+01 4.650817e-01 5.495037e-02 8.835607e-01 -2.182023e+00 -6.489907e-01 -6.576447e-01 3.825108e-01 -4.188044e+01
8.695347e-01 3.642571e-01 -3.335060e-01 1.987042e+01 -3.868696e-01 8.262343e-02 -9.184254e-01 -2.202675e+00 -3.069875e-01 9.276261e-01 2.127639e-01 -4.190200e+01
8.437617e-01 -5.138232e-01 1.550870e-01 2.006578e+01 -9.589216e-02 1.399859e-01 9.854992e-01 -2.225611e+00 -5.280823e-01 -8.463981e-01 6.884308e-02 -4.209658e+01
9.673523e-01 -2.469833e-01 -5.682151e-02 2.031961e+01 -2.499833e-02 1.301234e-01 -9.911826e-01 -2.249751e+00 2.521994e-01 9.602433e-01 1.197010e-01 -4.208286e+01
7.631714e-01 -9.395275e-02 6.393295e-01 2.057968e+01 -6.056894e-01 2.407749e-01 7.583982e-01 -2.273546e+00 -2.251881e-01 -9.660229e-01 1.268464e-01 -4.219758e+01
7.120234e-01 -6.941539e-01 1.057026e-01 2.072847e+01 2.852502e-01 1.484046e-01 -9.468941e-01 -2.293904e+00 6.416035e-01 7.043624e-01 3.036751e-01 -4.260916e+01
4.635544e-01 2.397079e-01 8.530284e-01 2.092332e+01 -8.749423e-01 2.759141e-01 3.979288e-01 -2.314745e+00 -1.399759e-01 -9.308123e-01 3.376318e-01 -4.279845e+01
3.862251e-01 -9.182044e-01 8.792526e-02 2.109302e+01 6.497544e-01 2.031650e-01 -7.324911e-01 -2.335667e+00 6.547132e-01 3.400363e-01 6.750748e-01 -4.282882e+01
1.225390e-01 6.625127e-01 7.389595e-01 2.119774e+01 -9.443653e-01 3.068183e-01 -1.184766e-01 -2.355772e+00 -3.052186e-01 -6.833297e-01 6.632512e-01 -4.306583e+01
1.009348e-01 -9.887681e-01 -1.102262e-01 2.135714e+01 9.256991e-01 1.339327e-01 -3.537558e-01 -2.382579e+00 3.645453e-01 -6.633002e-02 9.288202e-01 -4.386041e+01
1.077632e-01 9.482813e-01 2.985793e-01 2.155053e+01 -8.949283e-01 2.233314e-01 -3.862984e-01 -2.405628e+00 -4.330017e-01 -2.255783e-01 8.727107e-01 -4.453266e+01
1.496580e-01 -9.270729e-01 -3.437126e-01 2.170848e+01 9.848275e-01 1.088828e-01 1.351272e-01 -2.425466e+00 -8.784838e-02 -3.587205e-01 9.293020e-01 -4.476917e+01
2.940928e-01 9.519832e-01 -8.507325e-02 2.186588e+01 -6.819062e-01 1.466210e-01 -7.165935e-01 -2.448418e+00 -6.697114e-01 2.687569e-01 6.922834e-01 -4.523633e+01
4.474341e-01 -7.923644e-01 -4.146822e-01 2.201754e+01 7.852566e-01 1.261788e-01 6.061774e-01 -2.473964e+00 -4.279893e-01 -5.968564e-01 6.786661e-01 -4.608930e+01
6.435492e-01 6.997154e-01 -3.102301e-01 2.215278e+01 -5.411976e-01 1.293697e-01 -8.308842e-01 -2.494690e+00 -5.412481e-01 7.026107e-01 4.619401e-01 -4.661587e+01
7.375250e-01 -6.573625e-01 -1.546978e-01 2.229996e+01 3.533361e-01 1.804050e-01 9.179366e-01 -2.520570e+00 -5.755089e-01 -7.316615e-01 3.653231e-01 -4.736277e+01
8.956743e-01 2.529809e-01 -3.657433e-01 2.240856e+01 -4.133576e-01 1.702626e-01 -8.945089e-01 -2.539704e+00 -1.640213e-01 9.523714e-01 2.570714e-01 -4.792693e+01
8.506765e-01 -4.924013e-01 1.840936e-01 2.248709e+01 -1.093761e-01 1.767448e-01 9.781606e-01 -2.556426e+00 -5.141851e-01 -8.522337e-01 9.649569e-02 -4.803328e+01
9.687192e-01 -2.121607e-01 -1.287284e-01 2.254873e+01 -1.030798e-01 1.278522e-01 -9.864220e-01 -2.577431e+00 2.257382e-01 9.688352e-01 1.019834e-01 -4.854114e+01
8.547728e-01 -1.287651e-01 5.027753e-01 2.265337e+01 -4.639729e-01 2.445297e-01 8.514308e-01 -2.599486e+00 -2.325781e-01 -9.610540e-01 1.492738e-01 -4.925904e+01
8.506906e-01 -5.165622e-01 -9.741141e-02 2.274644e+01 3.390801e-02 2.388475e-01 -9.704649e-01 -2.614133e+00 5.245719e-01 8.222624e-01 2.207009e-01 -4.955767e+01
7.399498e-01 -2.878507e-02 6.720459e-01 2.283670e+01 -6.357554e-01 2.964583e-01 7.126904e-01 -2.628845e+00 -2.197484e-01 -9.546119e-01 2.010640e-01 -4.969874e+01
7.290188e-01 -6.810614e-01 -6.846099e-02 2.292759e+01 1.819144e-01 2.891962e-01 -9.398259e-01 -2.643307e+00 6.598778e-01 6.726967e-01 3.347243e-01 -4.981370e+01
5.409567e-01 1.150772e-01 8.331405e-01 2.304686e+01 -8.082317e-01 3.451490e-01 4.771098e-01 -2.658849e+00 -2.326531e-01 -9.314663e-01 2.797197e-01 -4.978262e+01
5.246778e-01 -8.442477e-01 -1.093575e-01 2.316448e+01 3.632086e-01 3.381804e-01 -8.681668e-01 -2.673506e+00 7.699303e-01 4.157882e-01 4.840738e-01 -4.974922e+01
4.789537e-01 3.004681e-01 8.248165e-01 2.332923e+01 -8.516426e-01 3.868764e-01 3.535978e-01 -2.687093e+00 -2.128572e-01 -8.718059e-01 4.411873e-01 -4.971816e+01
4.562507e-01 -8.577969e-01 -2.366852e-01 2.356416e+01 3.308746e-01 4.104491e-01 -8.497373e-01 -2.701121e+00 8.260492e-01 3.093801e-01 4.710909e-01 -4.958668e+01
3.997240e-01 2.346972e-01 8.860801e-01 2.377440e+01 -8.638443e-01 4.197691e-01 2.785083e-01 -2.712452e+00 -3.065839e-01 -8.767617e-01 3.705336e-01 -4.921253e+01
3.743114e-01 -8.483081e-01 -3.745187e-01 2.378709e+01 3.097197e-01 4.950559e-01 -8.117841e-01 -2.710987e+00 8.740507e-01 1.878642e-01 4.480428e-01 -4.886381e+01
3.112014e-01 2.493200e-01 9.170568e-01 2.368268e+01 -8.698177e-01 4.634642e-01 1.691690e-01 -2.693111e+00 -3.828458e-01 -8.503179e-01 3.610936e-01 -4.804738e+01
2.348243e-01 -9.010067e-01 -3.647525e-01 2.391267e+01 1.670933e-01 4.070760e-01 -8.979805e-01 -2.705403e+00 9.575685e-01 1.499199e-01 2.461436e-01 -4.830427e+01
3.985161e-01 2.403953e-01 8.850961e-01 2.418432e+01 -8.665390e-01 4.148666e-01 2.774814e-01 -2.725885e+00 -3.004916e-01 -8.775510e-01 3.736429e-01 -4.906156e+01
3.376677e-01 -8.789645e-01 -3.367519e-01 2.419156e+01 2.716899e-01 4.335519e-01 -8.591958e-01 -2.729984e+00 9.012020e-01 1.986306e-01 3.852023e-01 -4.911563e+01
-2.082421e-02 5.331599e-01 8.457582e-01 2.456411e+01 -8.414436e-01 4.475135e-01 -3.028273e-01 -2.779997e+00 -5.399436e-01 -7.179639e-01 4.393049e-01 -5.112790e+01
3.322404e-02 -8.229153e-01 -5.671918e-01 2.445297e+01 5.864350e-01 4.755951e-01 -6.556701e-01 -2.768224e+00 8.093146e-01 -3.108371e-01 4.983875e-01 -5.057643e+01
-8.793687e-03 5.349386e-01 8.448452e-01 2.452520e+01 -7.886615e-01 5.157110e-01 -3.347465e-01 -2.772470e+00 -6.147648e-01 -6.692405e-01 4.173505e-01 -5.018216e+01
-1.685183e-02 -7.141758e-01 -6.997635e-01 2.475903e+01 5.719850e-01 5.671468e-01 -5.926024e-01 -2.782032e+00 8.200910e-01 -4.102406e-01 3.989404e-01 -4.964228e+01
-6.908022e-03 5.373570e-01 8.433266e-01 2.499896e+01 -7.166366e-01 5.855143e-01 -3.789525e-01 -2.795007e+00 -6.974125e-01 -6.069765e-01 3.810449e-01 -4.943672e+01
-8.819564e-02 -7.635699e-01 -6.396738e-01 2.521870e+01 5.164163e-01 5.140853e-01 -6.848580e-01 -2.812919e+00 8.517839e-01 -3.907395e-01 3.489798e-01 -4.983770e+01
3.131609e-02 6.485790e-01 7.605029e-01 2.550593e+01 -7.492344e-01 5.188479e-01 -4.116365e-01 -2.844162e+00 -6.615641e-01 -5.569041e-01 5.021860e-01 -5.111989e+01
-9.037850e-02 -7.911530e-01 -6.049038e-01 2.569122e+01 5.990935e-01 4.420117e-01 -6.676171e-01 -2.860727e+00 7.955619e-01 -4.227322e-01 4.340263e-01 -5.167274e+01
7.567822e-02 5.791271e-01 8.117171e-01 2.588585e+01 -8.322712e-01 4.850320e-01 -2.684560e-01 -2.871530e+00 -5.491789e-01 -6.552525e-01 5.186971e-01 -5.171315e+01
-3.900191e-02 -8.486431e-01 -5.275261e-01 2.610332e+01 5.734333e-01 4.133358e-01 -7.073385e-01 -2.888900e+00 8.183234e-01 -3.300886e-01 4.705193e-01 -5.212101e+01
4.590942e-03 4.920520e-01 8.705537e-01 2.625387e+01 -8.330880e-01 4.834140e-01 -2.688406e-01 -2.898363e+00 -5.531215e-01 -7.240136e-01 4.121420e-01 -5.193177e+01
2.341753e-02 -7.634853e-01 -6.454005e-01 2.636402e+01 5.295514e-01 5.570436e-01 -6.397482e-01 -2.902497e+00 8.479546e-01 -3.267914e-01 4.173493e-01 -5.138504e+01
2.522133e-02 4.320452e-01 9.014992e-01 2.649669e+01 -7.398403e-01 6.145394e-01 -2.738206e-01 -2.909252e+00 -6.723097e-01 -6.600593e-01 3.351439e-01 -5.095669e+01
-3.635619e-02 -7.542316e-01 -6.556012e-01 2.664791e+01 4.409364e-01 5.766155e-01 -6.878151e-01 -2.923152e+00 8.968017e-01 -3.140848e-01 3.116046e-01 -5.115430e+01
-5.149989e-02 4.765098e-01 8.776595e-01 2.680946e+01 -6.957699e-01 6.133217e-01 -3.738191e-01 -2.940466e+00 -7.164161e-01 -6.299007e-01 2.999552e-01 -5.168430e+01
-4.171185e-02 -7.410633e-01 -6.701383e-01 2.700567e+01 5.930841e-01 5.214052e-01 -6.135046e-01 -2.963148e+00 8.040593e-01 -4.230388e-01 4.177641e-01 -5.247823e+01
-5.392694e-02 6.970914e-01 7.149513e-01 2.721417e+01 -6.307236e-01 5.313013e-01 -5.656029e-01 -2.990646e+00 -7.741315e-01 -4.814380e-01 4.110206e-01 -5.359685e+01
-1.132491e-01 -7.182349e-01 -6.865226e-01 2.741822e+01 7.464028e-01 3.945615e-01 -5.359143e-01 -3.015437e+00 6.557877e-01 -5.731142e-01 4.914088e-01 -5.463086e+01
-1.602300e-01 8.152225e-01 5.565417e-01 2.757858e+01 -5.484020e-01 3.952792e-01 -7.368918e-01 -3.036236e+00 -8.207202e-01 -4.232807e-01 3.837341e-01 -5.530682e+01
1.045949e-01 -6.490513e-01 -7.535199e-01 2.769922e+01 9.583097e-01 2.683535e-01 -9.812724e-02 -3.060967e+00 2.658993e-01 -7.118418e-01 6.500606e-01 -5.606120e+01
1.267638e-01 9.665149e-01 2.231140e-01 2.778814e+01 -5.149787e-01 2.563655e-01 -8.179693e-01 -3.077722e+00 -8.477782e-01 -1.121009e-02 5.302324e-01 -5.672258e+01
3.837661e-02 -5.070034e-01 -8.610893e-01 2.806237e+01 9.794988e-01 1.896271e-01 -6.799727e-02 -3.094545e+00 1.977607e-01 -8.408265e-01 5.038865e-01 -5.702044e+01
4.020187e-02 9.700179e-01 2.396854e-01 2.824933e+01 -3.554833e-01 2.380699e-01 -9.038553e-01 -3.110651e+00 -9.338177e-01 -4.886751e-02 3.543960e-01 -5.687059e+01
2.295602e-01 -3.509904e-01 -9.078039e-01 2.818002e+01 9.679151e-01 1.802546e-01 1.750677e-01 -3.111658e+00 1.021888e-01 -9.188656e-01 3.811082e-01 -5.664213e+01
3.195892e-01 9.472328e-01 2.475559e-02 2.840623e+01 2.146507e-01 -4.692553e-02 -9.755630e-01 -3.152999e+00 -9.229235e-01 3.170932e-01 -2.183211e-01 -5.813082e+01
3.235086e-01 7.235468e-02 -9.434548e-01 2.851375e+01 9.411927e-01 -1.273037e-01 3.129699e-01 -3.172031e+00 -9.746048e-02 -9.892212e-01 -1.092835e-01 -5.904318e+01
3.527079e-01 9.334597e-01 6.519220e-02 2.852284e+01 2.938812e-01 -4.435961e-02 -9.548121e-01 -3.170057e+00 -8.883867e-01 3.559285e-01 -2.899722e-01 -5.846710e+01
3.906142e-01 3.189462e-01 -8.635357e-01 2.837777e+01 9.196570e-01 -9.379153e-02 3.813584e-01 -3.158595e+00 4.064046e-02 -9.431206e-01 -3.299574e-01 -5.814529e+01
4.141223e-01 9.064718e-01 8.253240e-02 2.821202e+01 3.089457e-01 -5.469152e-02 -9.495059e-01 -3.144248e+00 -8.561865e-01 4.187096e-01 -3.026996e-01 -5.779577e+01
5.885699e-01 3.098669e-01 -7.467047e-01 2.813530e+01 8.027335e-01 -1.143883e-01 5.852643e-01 -3.141780e+00 9.593974e-02 -9.438738e-01 -3.160661e-01 -5.744737e+01
5.747241e-01 7.653753e-01 2.896426e-01 2.815759e+01 5.757837e-01 -1.266890e-01 -8.077271e-01 -3.151782e+00 -5.815198e-01 6.309917e-01 -5.135018e-01 -5.726437e+01
6.912589e-01 5.436060e-01 -4.760816e-01 2.846098e+01 6.510622e-01 -1.827061e-01 7.367065e-01 -3.171969e+00 3.134950e-01 -8.192137e-01 -4.802185e-01 -5.728526e+01
7.309249e-01 6.266825e-01 2.702182e-01 2.896863e+01 5.159866e-01 -2.483218e-01 -8.198135e-01 -3.197970e+00 -4.466617e-01 7.386510e-01 -5.048643e-01 -5.738627e+01
8.107206e-01 4.676065e-01 -3.522446e-01 2.922542e+01 5.078186e-01 -2.623225e-01 8.205530e-01 -3.217558e+00 2.912942e-01 -8.441156e-01 -4.501295e-01 -5.740584e+01
7.537486e-01 4.349280e-01 4.926465e-01 2.923724e+01 6.267409e-01 -2.503083e-01 -7.379306e-01 -3.223790e+00 -1.976332e-01 8.649759e-01 -4.612567e-01 -5.719887e+01
8.041504e-01 5.941724e-01 -1.735640e-02 2.917430e+01 2.489646e-01 -3.101463e-01 9.175107e-01 -3.221254e+00 5.397765e-01 -7.421378e-01 -3.973322e-01 -5.682201e+01
6.189633e-01 1.964284e-01 7.604606e-01 2.920101e+01 7.714512e-01 -3.338390e-01 -5.416776e-01 -3.229903e+00 1.474705e-01 9.219368e-01 -3.581690e-01 -5.654584e+01
6.240119e-01 7.132454e-01 3.192024e-01 2.925478e+01 3.151894e-03 -4.107870e-01 9.117259e-01 -3.237991e+00 7.814085e-01 -5.679217e-01 -2.585841e-01 -5.631604e+01
5.501360e-01 -3.609401e-02 8.342947e-01 2.966212e+01 7.474261e-01 -4.242854e-01 -5.112105e-01 -3.258523e+00 3.724307e-01 9.048089e-01 -2.064371e-01 -5.616565e+01
4.782774e-01 7.302760e-01 4.877988e-01 3.007348e+01 -2.659846e-01 -4.089030e-01 8.729551e-01 -3.286706e+00 8.369605e-01 -5.472616e-01 -1.326852e-03 -5.600843e+01
1.921586e-01 -2.687164e-01 9.438573e-01 3.015754e+01 8.174192e-01 -4.883848e-01 -3.054605e-01 -3.304907e+00 5.430478e-01 8.302240e-01 1.258066e-01 -5.632828e+01
2.749758e-01 8.127951e-01 5.135683e-01 3.032044e+01 -3.107679e-01 -4.303489e-01 8.474805e-01 -3.321169e+00 9.098415e-01 -3.926372e-01 1.342552e-01 -5.675612e+01
2.368839e-01 -3.675537e-01 8.993277e-01 3.051868e+01 7.942969e-01 -4.597660e-01 -3.971243e-01 -3.335726e+00 5.594448e-01 8.084055e-01 1.830356e-01 -5.676816e+01
2.643773e-01 7.423070e-01 6.156988e-01 3.072701e+01 -4.332399e-01 -4.789592e-01 7.634797e-01 -3.351581e+00 8.616309e-01 -4.685920e-01 1.949711e-01 -5.665538e+01
1.634792e-01 -5.221916e-01 8.370128e-01 3.083165e+01 7.597990e-01 -4.745264e-01 -4.444436e-01 -3.361408e+00 6.292694e-01 7.086188e-01 3.191855e-01 -5.639104e+01
1.812778e-01 7.056731e-01 6.849554e-01 3.084038e+01 -5.607537e-01 -4.980037e-01 6.614738e-01 -3.364316e+00 8.078946e-01 -5.040018e-01 3.054318e-01 -5.621882e+01
1.129791e-01 -6.287678e-01 7.693418e-01 3.091217e+01 7.024111e-01 -4.971007e-01 -5.094208e-01 -3.371328e+00 7.027478e-01 5.979481e-01 3.854915e-01 -5.603143e+01
1.034296e-01 6.438517e-01 7.581275e-01 3.099594e+01 -6.898545e-01 -5.026521e-01 5.210006e-01 -3.379510e+00 7.165215e-01 -5.768846e-01 3.921749e-01 -5.587244e+01
3.731447e-02 -7.289067e-01 6.835954e-01 3.106847e+01 6.372465e-01 -5.095790e-01 -5.781403e-01 -3.387844e+00 7.697562e-01 4.571917e-01 4.454785e-01 -5.578870e+01
8.505747e-02 5.744579e-01 8.141028e-01 3.118478e+01 -7.588137e-01 -4.921741e-01 4.265752e-01 -3.397344e+00 6.457298e-01 -6.540357e-01 3.940434e-01 -5.571363e+01
9.425613e-03 -7.924498e-01 6.098644e-01 3.130463e+01 5.819719e-01 -4.916105e-01 -6.477868e-01 -3.408226e+00 8.131542e-01 3.610297e-01 4.565498e-01 -5.561601e+01
2.665809e-02 5.265620e-01 8.497187e-01 3.143452e+01 -8.342587e-01 -4.565780e-01 3.091098e-01 -3.418339e+00 5.507283e-01 -7.171255e-01 4.271175e-01 -5.555738e+01
2.032752e-03 -8.644871e-01 5.026510e-01 3.157089e+01 4.820718e-01 -4.395419e-01 -7.578982e-01 -3.428218e+00 8.761294e-01 2.438545e-01 4.158513e-01 -5.545788e+01
-2.257047e-03 4.246544e-01 9.053527e-01 3.166707e+01 -8.957356e-01 -4.033637e-01 1.869641e-01 -3.436984e+00 4.445815e-01 -8.105347e-01 3.812884e-01 -5.532554e+01
-8.158297e-02 -9.154102e-01 3.941680e-01 3.177034e+01 4.568503e-01 -3.858383e-01 -8.015090e-01 -3.446923e+00 8.857946e-01 1.146863e-01 4.496832e-01 -5.522287e+01
-6.209648e-02 4.078149e-01 9.109506e-01 3.188037e+01 -9.381627e-01 -3.353025e-01 8.615700e-02 -3.456895e+00 3.405802e-01 -8.492698e-01 4.034178e-01 -5.526302e+01
-2.327094e-01 -9.031873e-01 3.606924e-01 3.197314e+01 5.561144e-01 -4.278357e-01 -7.125260e-01 -3.476065e+00 7.978616e-01 3.477476e-02 6.018369e-01 -5.571040e+01
-3.476408e-01 5.940109e-01 7.254633e-01 3.198591e+01 -9.175584e-01 -3.747518e-01 -1.328448e-01 -3.489162e+00 1.929574e-01 -7.118371e-01 6.753187e-01 -5.614616e+01
-4.711118e-01 -8.725930e-01 1.289775e-01 3.202877e+01 7.476512e-01 -4.726140e-01 -4.665338e-01 -3.509213e+00 4.680507e-01 -1.233594e-01 8.750492e-01 -5.675326e+01
-4.885927e-01 8.518786e-01 1.886265e-01 3.224947e+01 -8.542366e-01 -4.230306e-01 -3.022002e-01 -3.543201e+00 -1.776431e-01 -3.087845e-01 9.343956e-01 -5.798345e+01
-5.861846e-01 -8.094398e-01 -3.456464e-02 3.255005e+01 7.570381e-01 -5.320417e-01 -3.792425e-01 -3.563798e+00 2.885842e-01 -2.484729e-01 9.246515e-01 -5.860983e+01
-5.409201e-01 7.884337e-01 2.928783e-01 3.267763e+01 -8.364632e-01 -4.678740e-01 -2.853475e-01 -3.576303e+00 -8.794744e-02 -3.993321e-01 9.125783e-01 -5.857171e+01
-5.769730e-01 -8.031115e-01 -1.487081e-01 3.286933e+01 7.486267e-01 -4.471991e-01 -4.894599e-01 -3.583901e+00 3.265887e-01 -3.937320e-01 8.592525e-01 -5.817869e+01
-5.039227e-01 7.930751e-01 3.421896e-01 3.345019e+01 -8.622936e-01 -4.848982e-01 -1.460260e-01 -3.613097e+00 5.011753e-02 -3.686537e-01 9.282148e-01 -5.842605e+01
-5.325757e-01 -6.620698e-01 5.272824e-01 3.501166e+01 7.512073e-01 -6.567678e-01 -6.590662e-02 -3.709731e+00 3.899369e-01 3.609981e-01 8.471302e-01 -6.183157e+01
-3.897896e-01 9.204633e-01 -2.848494e-02 3.634141e+01 -4.739287e-01 -1.739821e-01 8.632044e-01 -3.799391e+00 7.895921e-01 3.499679e-01 5.040504e-01 -6.622416e+01
-4.250831e-01 -1.002463e-01 8.995860e-01 3.680241e+01 9.019443e-01 -1.305374e-01 4.116509e-01 -3.844156e+00 7.616314e-02 9.863623e-01 1.459058e-01 -6.867021e+01
-2.874944e-01 9.084135e-01 -3.035322e-01 3.697565e+01 -4.916070e-01 1.320229e-01 8.607511e-01 -3.882591e+00 8.219912e-01 3.966797e-01 4.086266e-01 -7.026482e+01
-4.789264e-01 -3.512490e-01 8.045207e-01 3.708808e+01 8.286214e-01 1.217209e-01 5.464161e-01 -3.907291e+00 -2.898551e-01 9.283362e-01 2.327571e-01 -7.126844e+01
-4.583346e-01 8.572810e-01 -2.345179e-01 3.707859e+01 -3.168855e-01 8.890074e-02 9.442882e-01 -3.911543e+00 8.303692e-01 5.071153e-01 2.309137e-01 -7.127935e+01
-3.361902e-01 -4.150685e-01 8.453959e-01 3.694435e+01 9.225186e-01 3.554650e-02 3.843121e-01 -3.896161e+00 -1.895667e-01 9.090955e-01 3.709581e-01 -7.088201e+01
-3.971112e-01 9.172946e-01 2.955136e-02 3.659074e+01 -8.995700e-02 -7.094745e-02 9.934154e-01 -3.855337e+00 9.133512e-01 3.918381e-01 1.106911e-01 -7.033094e+01
1.088835e-01 -1.444042e-01 9.835099e-01 3.608468e+01 9.939157e-01 -7.192722e-04 -1.101412e-01 -3.796747e+00 1.661226e-02 9.895185e-01 1.434473e-01 -6.966161e+01
3.610258e-02 9.983295e-01 4.510915e-02 3.550727e+01 4.217259e-01 -5.614222e-02 9.049836e-01 -3.729950e+00 9.060044e-01 -1.364854e-02 -4.230483e-01 -6.893789e+01
5.011727e-01 4.134274e-01 7.601998e-01 3.491380e+01 8.243172e-01 3.921291e-02 -5.647686e-01 -3.661575e+00 -2.633005e-01 9.096923e-01 -3.211429e-01 -6.816004e+01
2.874362e-01 8.735000e-01 -3.929099e-01 3.441672e+01 7.710710e-01 3.231705e-02 6.359285e-01 -3.604248e+00 5.681813e-01 -4.857503e-01 -6.642414e-01 -6.744203e+01
4.367549e-01 7.577418e-01 4.848427e-01 3.396435e+01 6.344440e-01 1.226342e-01 -7.631787e-01 -3.552744e+00 -6.377507e-01 6.409276e-01 -4.271837e-01 -6.669392e+01
2.665887e-01 7.174748e-01 -6.435529e-01 3.358021e+01 8.494404e-01 1.405870e-01 5.086122e-01 -3.505912e+00 4.553916e-01 -6.822501e-01 -5.719731e-01 -6.562931e+01
3.114088e-01 8.197344e-01 4.806871e-01 3.317208e+01 5.488302e-01 2.577987e-01 -7.951888e-01 -3.455970e+00 -7.757641e-01 5.114444e-01 -3.696142e-01 -6.471911e+01
-7.393940e-03 5.848977e-01 -8.110733e-01 3.281526e+01 9.320954e-01 2.977674e-01 2.062349e-01 -3.414448e+00 3.621375e-01 -7.544728e-01 -5.473821e-01 -6.409892e+01
2.089215e-02 8.646131e-01 5.020036e-01 3.254732e+01 4.143667e-01 4.494693e-01 -7.913770e-01 -3.379274e+00 -9.098702e-01 2.245472e-01 -3.488765e-01 -6.326642e+01
-2.198608e-01 4.758366e-01 -8.516107e-01 3.216960e+01 8.656459e-01 4.976717e-01 5.458929e-02 -3.334194e+00 4.497981e-01 -7.251913e-01 -5.213245e-01 -6.242044e+01
-6.659647e-02 8.215287e-01 5.662646e-01 3.178491e+01 1.432116e-01 5.695185e-01 -8.094067e-01 -3.289838e+00 -9.874489e-01 2.719204e-02 -1.555804e-01 -6.185980e+01
-4.272021e-01 1.749986e-01 -8.870591e-01 3.142209e+01 7.573378e-01 6.051846e-01 -2.453387e-01 -3.249804e+00 4.939006e-01 -7.766126e-01 -3.910692e-01 -6.136264e+01
-3.015822e-01 6.810952e-01 6.672013e-01 3.114804e+01 -4.760589e-02 6.881533e-01 -7.240019e-01 -3.217682e+00 -9.522510e-01 -2.501088e-01 -1.751106e-01 -6.075899e+01
-4.814011e-01 6.057932e-03 -8.764795e-01 3.088070e+01 5.938939e-01 7.376914e-01 -3.210940e-01 -3.186382e+00 6.446263e-01 -6.751108e-01 -3.587232e-01 -6.015482e+01
-4.054201e-01 6.342787e-01 6.582743e-01 3.077207e+01 5.000293e-03 7.216378e-01 -6.922528e-01 -3.182055e+00 -9.141168e-01 -2.773616e-01 -2.957380e-01 -6.011731e+01
-3.503756e-01 2.460988e-02 -9.362859e-01 3.077014e+01 6.768830e-01 6.975816e-01 -2.349666e-01 -3.190634e+00 6.473533e-01 -7.160826e-01 -2.610735e-01 -6.031243e+01
-3.116584e-01 6.617568e-01 6.818702e-01 3.076523e+01 4.998543e-02 7.280360e-01 -6.837142e-01 -3.194653e+00 -9.488786e-01 -1.790017e-01 -2.599767e-01 -6.026791e+01
-3.257856e-01 -1.309606e-02 -9.453530e-01 3.111062e+01 7.072167e-01 6.602298e-01 -2.528658e-01 -3.218780e+00 6.274617e-01 -7.509495e-01 -2.058316e-01 -6.104116e+01
-1.661796e-01 8.210362e-01 5.461538e-01 3.154355e+01 -1.331751e-01 5.300943e-01 -8.374154e-01 -3.244258e+00 -9.770613e-01 -2.118954e-01 2.125073e-02 -6.231721e+01
-2.449803e-01 -1.517197e-01 -9.575833e-01 3.170785e+01 8.454607e-01 4.499858e-01 -2.875916e-01 -3.259025e+00 4.745322e-01 -8.800534e-01 1.803539e-02 -6.277327e+01
-2.988966e-01 9.214723e-01 2.480918e-01 3.201468e+01 1.750619e-01 3.085111e-01 -9.349728e-01 -3.292903e+00 -9.380907e-01 -2.360288e-01 -2.535276e-01 -6.385961e+01
-3.950201e-01 1.305304e-01 -9.093519e-01 3.196885e+01 9.036548e-01 2.334576e-01 -3.590343e-01 -3.299381e+00 1.654302e-01 -9.635660e-01 -2.101748e-01 -6.454051e+01
-3.840877e-01 8.990423e-01 2.102370e-01 3.201460e+01 1.145830e-01 2.723562e-01 -9.553496e-01 -3.301859e+00 -9.161591e-01 -3.428484e-01 -2.076236e-01 -6.428605e+01
-3.990893e-01 2.136060e-01 -8.916839e-01 3.211270e+01 8.994119e-01 2.802901e-01 -3.354036e-01 -3.306347e+00 1.782860e-01 -9.358472e-01 -3.039806e-01 -6.405890e+01
-3.670413e-01 8.730300e-01 3.210907e-01 3.189837e+01 2.244880e-02 3.533958e-01 -9.352045e-01 -3.279493e+00 -9.299337e-01 -3.360506e-01 -1.493093e-01 -6.350309e+01
-5.239571e-01 1.024000e-01 -8.455668e-01 3.170324e+01 7.922763e-01 4.230337e-01 -4.397052e-01 -3.252087e+00 3.126775e-01 -9.003092e-01 -3.027806e-01 -6.288196e+01
-4.740870e-01 7.573497e-01 4.490690e-01 3.150723e+01 -4.832124e-02 4.868802e-01 -8.721311e-01 -3.230115e+00 -8.791511e-01 -4.351656e-01 -1.942275e-01 -6.243850e+01
-6.067759e-01 1.646231e-02 -7.947024e-01 3.126796e+01 6.746356e-01 5.393725e-01 -5.039287e-01 -3.202660e+00 4.203448e-01 -8.419063e-01 -3.383843e-01 -6.187008e+01
-5.879906e-01 6.496883e-01 4.818425e-01 3.120413e+01 -2.011398e-02 5.837717e-01 -8.116687e-01 -3.192328e+00 -8.086176e-01 -4.869453e-01 -3.301845e-01 -6.143805e+01
-5.461526e-01 1.083120e-01 -8.306539e-01 3.123124e+01 7.023321e-01 5.996568e-01 -3.835900e-01 -3.194244e+00 4.565598e-01 -7.928936e-01 -4.035751e-01 -6.112753e+01
-5.418383e-01 6.683147e-01 5.096731e-01 3.117133e+01 1.290722e-01 6.653766e-01 -7.352648e-01 -3.185303e+00 -8.305129e-01 -3.326100e-01 -4.467874e-01 -6.066383e+01
-5.720607e-01 2.250779e-01 -7.887246e-01 3.103602e+01 6.653319e-01 6.896977e-01 -2.857455e-01 -3.167308e+00 4.796665e-01 -6.882274e-01 -5.443005e-01 -6.010586e+01
-5.404316e-01 6.215549e-01 5.671007e-01 3.090044e+01 1.751344e-01 7.423431e-01 -6.467261e-01 -3.150847e+00 -8.229591e-01 -2.501924e-01 -5.100413e-01 -5.961467e+01
-5.429737e-01 2.426690e-01 -8.039225e-01 3.085114e+01 6.337574e-01 7.464992e-01 -2.027079e-01 -3.146719e+00 5.509366e-01 -6.195569e-01 -5.591227e-01 -5.929978e+01
-5.474222e-01 5.939529e-01 5.895329e-01 3.083522e+01 2.858911e-01 7.948092e-01 -5.352986e-01 -3.144784e+00 -7.865083e-01 -1.244921e-01 -6.049020e-01 -5.894232e+01
-5.480721e-01 3.466354e-01 -7.612233e-01 3.075521e+01 5.890798e-01 8.060563e-01 -5.707996e-02 -3.134782e+00 5.938029e-01 -4.797052e-01 -6.459729e-01 -5.842354e+01
-5.824083e-01 5.355969e-01 6.115035e-01 3.073311e+01 3.740761e-01 8.444560e-01 -3.833551e-01 -3.131140e+00 -7.217116e-01 5.479669e-03 -6.921722e-01 -5.791515e+01
-5.189885e-01 4.378750e-01 -7.341092e-01 3.069918e+01 5.612212e-01 8.223404e-01 9.373945e-02 -3.130535e+00 6.447339e-01 -3.633480e-01 -6.725299e-01 -5.763580e+01
-4.582923e-01 5.219503e-01 7.193997e-01 3.064685e+01 4.332760e-01 8.379149e-01 -3.319196e-01 -3.127683e+00 -7.760413e-01 1.595824e-01 -6.101585e-01 -5.745090e+01
-4.390046e-01 5.085064e-01 -7.407403e-01 3.061832e+01 5.278723e-01 8.131157e-01 2.453440e-01 -3.123877e+00 7.270666e-01 -2.833091e-01 -6.253880e-01 -5.702712e+01
-5.759962e-01 4.627828e-01 6.738400e-01 3.068844e+01 5.668887e-01 8.200349e-01 -7.861260e-02 -3.127191e+00 -5.889529e-01 3.367117e-01 -7.346834e-01 -5.640677e+01
-4.477629e-01 6.563265e-01 -6.072429e-01 3.079552e+01 4.159596e-01 7.540630e-01 5.082978e-01 -3.133576e+00 7.915087e-01 -2.499163e-02 -6.106467e-01 -5.584174e+01
-5.413869e-01 3.173115e-01 7.785972e-01 3.076512e+01 6.447536e-01 7.510397e-01 1.422400e-01 -3.125106e+00 -5.396230e-01 5.790102e-01 -6.111908e-01 -5.513403e+01
-6.365514e-01 6.760228e-01 -3.712082e-01 3.050694e+01 4.000033e-01 7.009101e-01 5.905272e-01 -3.094194e+00 6.593934e-01 2.274164e-01 -7.165766e-01 -5.451684e+01
-6.142638e-01 3.319374e-01 7.158893e-01 3.071516e+01 6.766482e-01 6.883311e-01 2.614338e-01 -3.099601e+00 -4.059892e-01 6.449945e-01 -6.474217e-01 -5.410978e+01
-5.884891e-01 7.222539e-01 -3.633591e-01 3.108113e+01 3.452143e-01 6.308607e-01 6.948683e-01 -3.118187e+00 7.311003e-01 2.834857e-01 -6.205870e-01 -5.375539e+01
-6.009568e-01 2.500544e-01 7.591599e-01 3.102343e+01 7.099577e-01 6.033088e-01 3.632884e-01 -3.105285e+00 -3.671660e-01 7.572920e-01 -5.400906e-01 -5.306406e+01
-6.302285e-01 7.304019e-01 -2.632965e-01 3.097611e+01 2.364361e-01 5.035615e-01 8.309776e-01 -3.090325e+00 7.395336e-01 4.614530e-01 -4.900522e-01 -5.228696e+01
-6.434622e-01 1.522648e-01 7.501812e-01 3.092244e+01 7.167267e-01 4.639923e-01 5.205901e-01 -3.079430e+00 -2.688107e-01 8.726549e-01 -4.076937e-01 -5.164529e+01
-5.726913e-01 7.656452e-01 -2.929371e-01 3.093409e+01 1.337888e-01 4.398428e-01 8.880534e-01 -3.086326e+00 8.087801e-01 4.693887e-01 -3.543289e-01 -5.159819e+01
-6.044884e-01 1.425913e-01 7.837483e-01 3.101028e+01 7.686674e-01 3.627152e-01 5.268662e-01 -3.097164e+00 -2.091509e-01 9.209264e-01 -3.288624e-01 -5.168504e+01
