9.999589e-01 -1.557504e-04 -9.069059e-03 1.663496e-01 2.035693e-04 9.999861e-01 5.272073e-03 7.199017e-03 9.068112e-03 -5.273703e-03 9.999450e-01 -6.298707e-01
9.999999e-01 -1.482731e-05 -4.591566e-04 3.463340e-01 1.510006e-05 9.999998e-01 5.939797e-04 1.705011e-02 4.591481e-04 -5.939858e-04 9.999997e-01 -1.375802e+00
9.999724e-01 -2.930108e-04 -7.426682e-03 5.052770e-01 3.411435e-04 9.999789e-01 6.480616e-03 3.180195e-02 7.424627e-03 -6.482971e-03 9.999514e-01 -2.239942e+00
9.999997e-01 -5.125141e-05 -7.565345e-04 6.667558e-01 5.174565e-05 9.999998e-01 6.532421e-04 4.699460e-02 7.565012e-04 -6.532803e-04 9.999995e-01 -3.115457e+00
9.999758e-01 -2.798027e-04 -6.952228e-03 8.254880e-01 3.280782e-04 9.999758e-01 6.943724e-03 6.385648e-02 6.950116e-03 -6.945838e-03 9.999517e-01 -4.059505e+00
9.999996e-01 -2.622058e-05 -8.496158e-04 9.805656e-01 2.666235e-05 9.999999e-01 5.199226e-04 8.035909e-02 8.496024e-04 -5.199443e-04 9.999995e-01 -4.980888e+00
9.999763e-01 -3.288915e-04 -6.873153e-03 1.139268e+00 3.770151e-04 9.999754e-01 7.001557e-03 9.742254e-02 6.870681e-03 -7.003983e-03 9.999519e-01 -5.922476e+00
1.000000e+00 -1.268316e-04 -1.894471e-04 1.321030e+00 1.271313e-04 9.999987e-01 1.582327e-03 1.181482e-01 1.892466e-04 -1.582351e-03 9.999987e-01 -7.015745e+00
9.999684e-01 -3.361458e-04 -7.940491e-03 1.493797e+00 3.877071e-04 9.999788e-01 6.492820e-03 1.370199e-01 7.938140e-03 -6.495695e-03 9.999474e-01 -8.019359e+00
9.999993e-01 -1.668776e-04 1.180412e-03 1.607405e+00 1.647671e-04 9.999984e-01 1.787863e-03 1.574630e-01 -1.180708e-03 -1.787666e-03 9.999977e-01 -8.999846e+00
9.999702e-01 -4.498488e-04 -7.700449e-03 1.710508e+00 5.023933e-04 9.999766e-01 6.822987e-03 1.804761e-01 7.697200e-03 -6.826654e-03 9.999471e-01 -1.003792e+01
9.999980e-01 -1.965551e-04 2.013474e-03 1.789350e+00 1.924731e-04 9.999979e-01 2.027349e-03 2.041998e-01 -2.013868e-03 -2.026957e-03 9.999959e-01 -1.105615e+01
9.999724e-01 -3.160880e-04 -7.426717e-03 1.855524e+00 3.637233e-04 9.999794e-01 6.413583e-03 2.266042e-01 7.424536e-03 -6.416107e-03 9.999519e-01 -1.202869e+01
1.000000e+00 -2.041153e-04 -2.328046e-04 2.058629e+00 2.048012e-04 9.999956e-01 2.950071e-03 2.495777e-01 2.322018e-04 -2.950117e-03 9.999956e-01 -1.322549e+01
9.999866e-01 -4.035576e-04 -5.164889e-03 2.111978e+00 4.342889e-04 9.999822e-01 5.950312e-03 2.765781e-01 5.162395e-03 -5.952476e-03 9.999690e-01 -1.427447e+01
9.999861e-01 5.236632e-04 -5.252138e-03 2.159618e+00 -5.314900e-04 9.999988e-01 -1.488947e-03 2.730871e-01 5.251352e-03 1.491718e-03 9.999851e-01 -1.437058e+01
9.990526e-01 -2.860905e-03 -4.342503e-02 2.567969e+00 3.014873e-03 9.999894e-01 3.480531e-03 2.034330e-01 4.341461e-02 -3.608155e-03 9.990506e-01 -1.174264e+01
9.999928e-01 -2.265088e-04 -3.781913e-03 2.888097e+00 2.178936e-04 9.999974e-01 -2.278290e-03 1.344489e-01 3.782419e-03 2.277450e-03 9.999903e-01 -8.988792e+00
9.987890e-01 -3.053279e-03 -4.910445e-02 3.220672e+00 3.238297e-03 9.999880e-01 3.688732e-03 5.457727e-02 4.909260e-02 -3.843281e-03 9.987868e-01 -5.708792e+00
9.999932e-01 3.708869e-06 -3.688509e-03 3.554457e+00 -1.254748e-05 9.999971e-01 -2.396265e-03 -2.531950e-02 3.688490e-03 2.396296e-03 9.999903e-01 -2.463974e+00
9.987487e-01 -3.430161e-03 -4.989275e-02 3.889119e+00 3.609670e-03 9.999873e-01 3.508240e-03 -1.040402e-01 4.988009e-02 -3.683947e-03 9.987484e-01 7.711616e-01
9.999975e-01 5.386759e-04 -2.168318e-03 4.236251e+00 -5.426044e-04 9.999982e-01 -1.811644e-03 -1.824328e-01 2.167339e-03 1.812817e-03 9.999960e-01 3.879583e+00
9.992931e-01 -3.341460e-03 -3.744570e-02 4.400563e+00 3.446728e-03 9.999903e-01 2.747016e-03 -2.330695e-01 3.743616e-02 -2.874140e-03 9.992949e-01 6.067826e+00
9.999977e-01 2.116771e-03 -4.432276e-04 4.611457e+00 -2.116714e-03 9.999978e-01 1.272042e-04 -2.773973e-01 4.434962e-04 -1.262650e-04 9.999999e-01 8.004147e+00
9.985534e-01 -5.868035e-03 -5.344798e-02 4.896035e+00 5.917560e-03 9.999822e-01 7.683941e-04 -3.548516e-01 5.344252e-02 -1.083565e-03 9.985703e-01 1.131065e+01
9.999910e-01 2.554450e-03 -3.384914e-03 5.219191e+00 -2.547647e-03 9.999947e-01 2.012467e-03 -4.301618e-01 3.390038e-03 -2.003825e-03 9.999922e-01 1.464046e+01
9.974157e-01 -7.743867e-03 -7.142763e-02 5.611920e+00 7.800579e-03 9.999694e-01 5.150547e-04 -5.476471e-01 7.142146e-02 -1.070901e-03 9.974457e-01 1.979153e+01
9.998779e-01 3.189697e-03 1.529981e-02 5.926908e+00 -3.188841e-03 9.999949e-01 -8.033700e-05 -6.309750e-01 -1.529999e-02 3.153919e-05 9.998829e-01 2.339873e+01
9.973494e-01 -7.334482e-03 -7.239050e-02 6.341559e+00 7.424009e-03 9.999720e-01 9.677312e-04 -7.143848e-01 7.238138e-02 -1.502595e-03 9.973759e-01 2.671627e+01
9.999563e-01 3.507194e-03 8.663313e-03 6.723786e+00 -3.521980e-03 9.999924e-01 1.692063e-03 -8.101022e-01 -8.657312e-03 -1.722501e-03 9.999610e-01 3.077341e+01
9.972443e-01 -8.240675e-03 -7.372870e-02 7.233990e+00 8.198770e-03 9.999660e-01 -8.710035e-04 -9.135694e-01 7.373337e-02 2.641180e-04 9.972780e-01 3.490561e+01
9.998345e-01 4.282769e-03 1.768089e-02 7.736818e+00 -4.324620e-03 9.999879e-01 2.329506e-03 -1.001102e+00 -1.767070e-02 -2.405583e-03 9.998410e-01 3.818936e+01
9.978950e-01 -5.387265e-03 -6.462694e-02 8.128219e+00 5.409538e-03 9.999854e-01 1.696734e-04 -1.054103e+00 6.462508e-02 -5.189188e-04 9.979095e-01 4.027249e+01
9.999485e-01 2.206332e-03 9.904995e-03 8.519373e+00 -2.230013e-03 9.999947e-01 2.380413e-03 -1.126750e+00 -9.899690e-03 -2.402378e-03 9.999481e-01 4.329875e+01
9.974129e-01 -6.919298e-03 -7.155126e-02 9.004464e+00 6.917096e-03 9.999760e-01 -2.785470e-04 -1.227792e+00 7.155147e-02 -2.171012e-04 9.974369e-01 4.737082e+01
9.999863e-01 2.270992e-03 4.712736e-03 9.529562e+00 -2.279597e-03 9.999957e-01 1.821307e-03 -1.331443e+00 -4.708580e-03 -1.832025e-03 9.999872e-01 5.146103e+01
9.974205e-01 -7.010747e-03 -7.143657e-02 1.001580e+01 6.989747e-03 9.999754e-01 -5.439446e-04 -1.436451e+00 7.143863e-02 4.321740e-05 9.974450e-01 5.577704e+01
9.999465e-01 3.541490e-03 9.716645e-03 1.045664e+01 -3.572205e-03 9.999887e-01 3.145592e-03 -1.517608e+00 -9.705395e-03 -3.180133e-03 9.999478e-01 5.923547e+01
9.946541e-01 -9.692519e-03 -1.028071e-01 1.084566e+01 9.777156e-03 9.999522e-01 3.193665e-04 -1.654364e+00 1.027991e-01 -1.322820e-03 9.947013e-01 6.580225e+01
9.999876e-01 2.849577e-03 4.078552e-03 1.144905e+01 -2.858030e-03 9.999938e-01 2.068472e-03 -1.813847e+00 -4.072632e-03 -2.080102e-03 9.999895e-01 7.268985e+01
9.981668e-01 -8.163808e-03 -5.996920e-02 1.160948e+01 8.080957e-03 9.999660e-01 -1.623951e-03 -1.893736e+00 5.998042e-02 1.136365e-03 9.981989e-01 7.662560e+01
9.984790e-01 7.179494e-03 5.466346e-02 1.165895e+01 -7.635944e-03 9.999377e-01 8.145925e-03 -1.873959e+00 -5.460157e-02 -8.550942e-03 9.984716e-01 7.582831e+01
9.980212e-01 -7.600537e-03 -6.241802e-02 1.175615e+01 7.482383e-03 9.999697e-01 -2.126476e-03 -1.859110e+00 6.243229e-02 1.655232e-03 9.980478e-01 7.507577e+01
9.997233e-01 6.414787e-03 2.263116e-02 1.201272e+01 -6.541399e-03 9.999633e-01 5.525043e-03 -1.903604e+00 -2.259489e-02 -5.671554e-03 9.997286e-01 7.695657e+01
9.974420e-01 -1.000391e-02 -7.077654e-02 1.231483e+01 9.637567e-03 9.999383e-01 -5.515588e-03 -1.967863e+00 7.082735e-02 4.819365e-03 9.974769e-01 7.958299e+01
9.982933e-01 9.207206e-03 5.766890e-02 1.255550e+01 -9.735071e-03 9.999132e-01 8.879141e-03 -1.971233e+00 -5.758214e-02 -9.425397e-03 9.982963e-01 7.915988e+01
9.976447e-01 -9.703858e-03 -6.790345e-02 1.267160e+01 9.358644e-03 9.999416e-01 -5.400160e-03 -1.973273e+00 6.795188e-02 4.751957e-03 9.976773e-01 7.892090e+01
9.986072e-01 8.847849e-03 5.201385e-02 1.284454e+01 -9.237604e-03 9.999310e-01 7.257681e-03 -1.985080e+00 -5.194605e-02 -7.728055e-03 9.986200e-01 7.902480e+01
9.982329e-01 -9.333981e-03 -5.868447e-02 1.279495e+01 9.099201e-03 9.999495e-01 -4.266672e-03 -1.982229e+00 5.872134e-02 3.725150e-03 9.982675e-01 7.894148e+01
9.985738e-01 8.588351e-03 5.269369e-02 1.275584e+01 -9.023170e-03 9.999271e-01 8.019490e-03 -1.974986e+00 -5.262098e-02 -8.483516e-03 9.985785e-01 7.863695e+01
9.979718e-01 -8.877658e-03 -6.303509e-02 1.294417e+01 8.665906e-03 9.999559e-01 -3.631869e-03 -1.970503e+00 6.306455e-02 3.078246e-03 9.980047e-01 7.806918e+01
9.985642e-01 8.137050e-03 5.294645e-02 1.315784e+01 -8.596501e-03 9.999273e-01 8.455719e-03 -1.965157e+00 -5.287379e-02 -8.898732e-03 9.985616e-01 7.738398e+01
9.980674e-01 -8.584228e-03 -6.154498e-02 1.318408e+01 8.247617e-03 9.999496e-01 -5.721296e-03 -1.969150e+00 6.159099e-02 5.202639e-03 9.980879e-01 7.737283e+01
9.985321e-01 7.519965e-03 5.363784e-02 1.333870e+01 -8.180281e-03 9.998933e-01 1.210174e-02 -1.955328e+00 -5.354112e-02 -1.252275e-02 9.984871e-01 7.656851e+01
9.980731e-01 -7.956578e-03 -6.153605e-02 1.347053e+01 7.538467e-03 9.999469e-01 -7.023752e-03 -1.945462e+00 6.158867e-02 6.546330e-03 9.980801e-01 7.597283e+01
9.985792e-01 7.129489e-03 5.280899e-02 1.363858e+01 -7.787097e-03 9.998946e-01 1.225732e-02 -1.936824e+00 -5.271604e-02 -1.265113e-02 9.985294e-01 7.533838e+01
9.981742e-01 -7.604478e-03 -5.992002e-02 1.378705e+01 7.175597e-03 9.999471e-01 -7.369468e-03 -1.929969e+00 5.997289e-02 6.926051e-03 9.981760e-01 7.480913e+01
9.986839e-01 6.930057e-03 5.081764e-02 1.393946e+01 -7.547644e-03 9.998999e-01 1.197120e-02 -1.924107e+00 -5.072959e-02 -1.233900e-02 9.986362e-01 7.428970e+01
9.983131e-01 -7.392198e-03 -5.758689e-02 1.410699e+01 7.098179e-03 9.999607e-01 -5.308535e-03 -1.909391e+00 5.762387e-02 4.890818e-03 9.983264e-01 7.347022e+01
9.986573e-01 6.378908e-03 5.140952e-02 1.421906e+01 -7.006524e-03 9.999030e-01 1.203721e-02 -1.892997e+00 -5.132775e-02 -1.238125e-02 9.986051e-01 7.265468e+01
9.983117e-01 -6.982586e-03 -5.766286e-02 1.435224e+01 6.732632e-03 9.999671e-01 -4.527876e-03 -1.874278e+00 5.769258e-02 4.132009e-03 9.983258e-01 7.172846e+01
9.986047e-01 5.638390e-03 5.250539e-02 1.450913e+01 -6.367341e-03 9.998855e-01 1.372646e-02 -1.849977e+00 -5.242198e-02 -1.404163e-02 9.985263e-01 7.056607e+01
9.981378e-01 -5.968785e-03 -6.070640e-02 1.477002e+01 5.679057e-03 9.999717e-01 -4.944025e-03 -1.829773e+00 6.073419e-02 4.590063e-03 9.981434e-01 6.943765e+01
9.986830e-01 4.790248e-03 5.108209e-02 1.499709e+01 -5.434229e-03 9.999074e-01 1.247537e-02 -1.814663e+00 -5.101760e-02 -1.273653e-02 9.986165e-01 6.847494e+01
9.983791e-01 -5.447539e-03 -5.665319e-02 1.513081e+01 5.200852e-03 9.999763e-01 -4.500865e-03 -1.794337e+00 5.667637e-02 4.198924e-03 9.983838e-01 6.750545e+01
9.990534e-01 5.075253e-03 4.320319e-02 1.552065e+01 -5.555657e-03 9.999240e-01 1.100686e-02 -1.790103e+00 -4.314405e-02 -1.123647e-02 9.990057e-01 6.677265e+01
9.982844e-01 -5.801919e-03 -5.826293e-02 1.589147e+01 5.623441e-03 9.999790e-01 -3.226795e-03 -1.780016e+00 5.828042e-02 2.893620e-03 9.982961e-01 6.580482e+01
9.985806e-01 4.724552e-03 5.305232e-02 1.598462e+01 -5.330696e-03 9.999221e-01 1.128971e-02 -1.758990e+00 -5.299485e-02 -1.155649e-02 9.985279e-01 6.486865e+01
9.982567e-01 -5.283099e-03 -5.878408e-02 1.616231e+01 5.152543e-03 9.999839e-01 -2.372282e-03 -1.736187e+00 5.879567e-02 2.065259e-03 9.982679e-01 6.373044e+01
9.984914e-01 3.828346e-03 5.477417e-02 1.630062e+01 -4.519834e-03 9.999116e-01 1.250606e-02 -1.707441e+00 -5.472145e-02 -1.273477e-02 9.984204e-01 6.246531e+01
9.981855e-01 -4.495270e-03 -6.004561e-02 1.644620e+01 4.417713e-03 9.999892e-01 -1.424327e-03 -1.675739e+00 6.005137e-02 1.156478e-03 9.981946e-01 6.107859e+01
9.983900e-01 2.871021e-03 5.664917e-02 1.663343e+01 -3.683658e-03 9.998917e-01 1.424587e-02 -1.637803e+00 -5.660213e-02 -1.443161e-02 9.982925e-01 5.945702e+01
9.981807e-01 -3.682098e-03 -6.018099e-02 1.677868e+01 3.397057e-03 9.999825e-01 -4.838020e-03 -1.612618e+00 6.019775e-02 4.624780e-03 9.981758e-01 5.832225e+01
9.985316e-01 2.483524e-03 5.411524e-02 1.693290e+01 -3.281889e-03 9.998870e-01 1.466921e-02 -1.586188e+00 -5.407269e-02 -1.482527e-02 9.984269e-01 5.707808e+01
9.983076e-01 -3.352227e-03 -5.805751e-02 1.711549e+01 3.134447e-03 9.999877e-01 -3.841769e-03 -1.556667e+00 5.806967e-02 3.653288e-03 9.983058e-01 5.573075e+01
9.986467e-01 2.303326e-03 5.195615e-02 1.724031e+01 -2.895194e-03 9.999317e-01 1.131929e-02 -1.538150e+00 -5.192653e-02 -1.145440e-02 9.985852e-01 5.483952e+01
9.983014e-01 -2.868696e-03 -5.818985e-02 1.735794e+01 2.649650e-03 9.999891e-01 -3.841130e-03 -1.520772e+00 5.820023e-02 3.680422e-03 9.982981e-01 5.396016e+01
9.986351e-01 1.460250e-03 5.220861e-02 1.752516e+01 -2.265313e-03 9.998794e-01 1.536427e-02 -1.488346e+00 -5.217988e-02 -1.546157e-02 9.985180e-01 5.250592e+01
9.984643e-01 -2.311175e-03 -5.535069e-02 1.768784e+01 2.150903e-03 9.999933e-01 -2.954958e-03 -1.451355e+00 5.535715e-02 2.831365e-03 9.984626e-01 5.097476e+01
9.987533e-01 1.102493e-03 4.990564e-02 1.783817e+01 -1.711885e-03 9.999245e-01 1.216979e-02 -1.427934e+00 -4.988845e-02 -1.224005e-02 9.986798e-01 4.984948e+01
9.984315e-01 -1.807753e-03 -5.595754e-02 1.800826e+01 1.672680e-03 9.999956e-01 -2.460579e-03 -1.402812e+00 5.596174e-02 2.363120e-03 9.984301e-01 4.864036e+01
9.987765e-01 4.737034e-04 4.944996e-02 1.818036e+01 -1.090911e-03 9.999218e-01 1.245523e-02 -1.376738e+00 -4.944019e-02 -1.249394e-02 9.986989e-01 4.740060e+01
9.984164e-01 -1.139849e-03 -5.624469e-02 1.834223e+01 9.601142e-04 9.999943e-01 -3.222499e-03 -1.353163e+00 5.624805e-02 3.163394e-03 9.984118e-01 4.627993e+01
9.987246e-01 -1.556720e-04 5.048846e-02 1.846639e+01 -4.792893e-04 9.999210e-01 1.256403e-02 -1.327119e+00 -5.048642e-02 -1.257220e-02 9.986456e-01 4.514201e+01
9.984862e-01 -5.079118e-04 -5.499992e-02 1.856435e+01 3.492263e-04 9.999957e-01 -2.894759e-03 -1.300549e+00 5.500115e-02 2.871169e-03 9.984822e-01 4.399283e+01
9.987595e-01 -9.306086e-04 4.978528e-02 1.879678e+01 1.707582e-04 9.998835e-01 1.526464e-02 -1.267095e+00 -4.979368e-02 -1.523720e-02 9.986433e-01 4.235535e+01
9.983522e-01 6.056211e-05 -5.738293e-02 1.907002e+01 -2.091953e-04 9.999966e-01 -2.584186e-03 -1.232011e+00 5.738258e-02 2.591932e-03 9.983489e-01 4.072405e+01
9.986903e-01 -1.255097e-03 5.114696e-02 1.921681e+01 6.418847e-04 9.999277e-01 1.200390e-02 -1.208259e+00 -5.115833e-02 -1.195535e-02 9.986190e-01 3.959105e+01
9.982968e-01 5.858423e-04 -5.833603e-02 1.940545e+01 -6.937867e-04 9.999981e-01 -1.830144e-03 -1.182123e+00 5.833485e-02 1.867499e-03 9.982953e-01 3.832496e+01
9.986750e-01 -1.925251e-03 5.142544e-02 1.961551e+01 1.317591e-03 9.999289e-01 1.184762e-02 -1.158062e+00 -5.144460e-02 -1.176416e-02 9.986066e-01 3.708101e+01
9.982413e-01 1.322486e-03 -5.926759e-02 1.983752e+01 -1.504978e-03 9.999943e-01 -3.034585e-03 -1.138543e+00 5.926324e-02 3.118444e-03 9.982375e-01 3.597663e+01
9.986661e-01 -2.350943e-03 5.157925e-02 2.001405e+01 1.797167e-03 9.999403e-01 1.078018e-02 -1.121617e+00 -5.160151e-02 -1.067310e-02 9.986107e-01 3.505108e+01
9.983049e-01 1.874554e-03 -5.817053e-02 2.017243e+01 -2.019772e-03 9.999950e-01 -2.437717e-03 -1.102314e+00 5.816567e-02 2.551076e-03 9.983037e-01 3.405445e+01
9.986179e-01 -2.897541e-03 5.247689e-02 2.035464e+01 2.321395e-03 9.999364e-01 1.103668e-02 -1.082552e+00 -5.250553e-02 -1.089961e-02 9.985611e-01 3.303245e+01
9.982170e-01 2.393243e-03 -5.964131e-02 2.055128e+01 -2.512668e-03 9.999950e-01 -1.927458e-03 -1.060789e+00 5.963640e-02 2.073880e-03 9.982180e-01 3.188652e+01
9.985710e-01 -3.846111e-03 5.330319e-02 2.076915e+01 3.175704e-03 9.999149e-01 1.265624e-02 -1.034460e+00 -5.334733e-02 -1.246888e-02 9.984982e-01 3.054681e+01
9.981975e-01 3.150095e-03 -5.993168e-02 2.098897e+01 -3.272735e-03 9.999927e-01 -1.948268e-03 -1.008419e+00 5.992511e-02 2.140896e-03 9.982006e-01 2.923889e+01
9.985536e-01 -4.533433e-03 5.357341e-02 2.121331e+01 3.851252e-03 9.999103e-01 1.282997e-02 -9.804967e-01 -5.362677e-02 -1.260509e-02 9.984815e-01 2.786929e+01
9.981955e-01 3.728014e-03 -5.993144e-02 2.144723e+01 -3.757330e-03 9.999929e-01 -3.764577e-04 -9.480471e-01 5.992961e-02 6.009603e-04 9.982024e-01 2.630344e+01
9.985540e-01 -5.251173e-03 5.350060e-02 2.168518e+01 4.583917e-03 9.999103e-01 1.258703e-02 -9.161416e-01 -5.356189e-02 -1.232359e-02 9.984885e-01 2.477989e+01
9.981943e-01 4.493685e-03 -5.989920e-02 2.195588e+01 -4.537136e-03 9.999895e-01 -5.893972e-04 -8.865820e-01 5.989592e-02 8.601034e-04 9.982043e-01 2.324356e+01
9.985866e-01 -5.710317e-03 5.284165e-02 2.217002e+01 5.150339e-03 9.999292e-01 1.072740e-02 -8.618385e-01 -5.289917e-02 -1.044009e-02 9.985453e-01 2.201060e+01
9.981869e-01 5.210625e-03 -5.996525e-02 2.241849e+01 -5.231726e-03 9.999863e-01 -1.948888e-04 -8.375696e-01 5.996342e-02 5.082569e-04 9.982004e-01 2.068712e+01
9.985555e-01 -6.733328e-03 5.330677e-02 2.272862e+01 6.062320e-03 9.999005e-01 1.273939e-02 -8.066789e-01 -5.338724e-02 -1.239782e-02 9.984969e-01 1.907666e+01
9.981863e-01 5.945688e-03 -5.990575e-02 2.301935e+01 -6.006971e-03 9.999816e-01 -8.429375e-04 -7.780726e-01 5.989963e-02 1.201260e-03 9.982037e-01 1.757152e+01
9.986309e-01 -6.994356e-03 5.184009e-02 2.325636e+01 6.458055e-03 9.999240e-01 1.050560e-02 -7.573238e-01 -5.190963e-02 -1.015643e-02 9.986001e-01 1.642178e+01
9.982542e-01 6.447119e-03 -5.871171e-02 2.348097e+01 -6.485165e-03 9.999789e-01 -4.574936e-04 -7.335446e-01 5.870752e-02 8.374497e-04 9.982749e-01 1.522991e+01
9.986336e-01 -7.374285e-03 5.173625e-02 2.369433e+01 6.941137e-03 9.999394e-01 8.546933e-03 -7.178723e-01 -5.179614e-02 -8.176145e-03 9.986242e-01 1.426417e+01
9.979617e-01 7.417645e-03 -6.338337e-02 2.409361e+01 -7.447928e-03 9.999722e-01 -2.414952e-04 -7.067301e-01 6.337982e-02 7.130774e-04 9.979892e-01 1.323549e+01
9.987400e-01 -8.088638e-03 4.952785e-02 2.443274e+01 7.734315e-03 9.999431e-01 7.341520e-03 -6.975021e-01 -4.958442e-02 -6.949205e-03 9.987458e-01 1.236792e+01
9.983246e-01 7.809603e-03 -5.733222e-02 2.459859e+01 -7.810476e-03 9.999695e-01 2.088697e-04 -6.829299e-01 5.733210e-02 2.392719e-04 9.983551e-01 1.149552e+01
9.988031e-01 -8.665428e-03 4.813740e-02 2.483762e+01 8.288012e-03 9.999334e-01 8.034479e-03 -6.674201e-01 -4.820382e-02 -7.625899e-03 9.988084e-01 1.050686e+01
9.983681e-01 8.205586e-03 -5.651435e-02 2.506419e+01 -8.198664e-03 9.999663e-01 3.543583e-04 -6.508776e-01 5.651535e-02 1.095618e-04 9.984017e-01 9.519974e+00
9.987213e-01 -8.840917e-03 4.977472e-02 2.522836e+01 8.508028e-03 9.999400e-01 6.895836e-03 -6.381238e-01 -4.983271e-02 -6.463533e-03 9.987367e-01 8.701422e+00
9.982885e-01 8.488511e-03 -5.786174e-02 2.541332e+01 -8.505898e-03 9.999638e-01 -5.420324e-05 -6.275585e-01 5.785919e-02 5.462763e-04 9.983246e-01 7.937730e+00
9.987618e-01 -9.014196e-03 4.892420e-02 2.558496e+01 8.728187e-03 9.999436e-01 6.056473e-03 -6.193282e-01 -4.897604e-02 -5.621954e-03 9.987841e-01 7.270375e+00
9.982717e-01 8.855212e-03 -5.809620e-02 2.574401e+01 -8.865370e-03 9.999607e-01 8.290600e-05 -6.100745e-01 5.809465e-02 4.322813e-04 9.983110e-01 6.602446e+00
9.986827e-01 -9.494413e-03 5.042528e-02 2.588482e+01 9.165649e-03 9.999352e-01 6.747075e-03 -5.977988e-01 -5.048608e-02 -6.276006e-03 9.987050e-01 5.840584e+00
9.982506e-01 9.213208e-03 -5.840199e-02 2.600026e+01 -9.254929e-03 9.999571e-01 -4.439239e-04 -5.867489e-01 5.839539e-02 9.836533e-04 9.982930e-01 5.182445e+00
9.986365e-01 -9.827284e-03 5.126976e-02 2.610549e+01 9.497613e-03 9.999327e-01 6.669800e-03 -5.760934e-01 -5.133185e-02 -6.173765e-03 9.986626e-01 4.527377e+00
9.981857e-01 9.617389e-03 -5.943789e-02 2.625061e+01 -9.664332e-03 9.999532e-01 -5.023571e-04 -5.668837e-01 5.943028e-02 1.075873e-03 9.982319e-01 3.858102e+00
9.986246e-01 -1.031661e-02 5.140418e-02 2.638278e+01 9.958758e-03 9.999244e-01 7.212790e-03 -5.541035e-01 -5.147471e-02 -6.690948e-03 9.986519e-01 3.119119e+00
9.981870e-01 1.007045e-02 -5.933996e-02 2.649995e+01 -1.016918e-02 9.999474e-01 -1.361996e-03 -5.459359e-01 5.932312e-02 1.962965e-03 9.982369e-01 2.520291e+00
9.986835e-01 -1.062095e-02 5.018405e-02 2.666650e+01 1.028317e-02 9.999227e-01 6.984123e-03 -5.395787e-01 -5.025435e-02 -6.458877e-03 9.987156e-01 1.914033e+00
9.982737e-01 1.028316e-02 -5.782566e-02 2.675840e+01 -1.035626e-02 9.999459e-01 -9.645108e-04 -5.285993e-01 5.781262e-02 1.561703e-03 9.983262e-01 1.313552e+00
9.986009e-01 -1.093578e-02 5.173603e-02 2.676906e+01 1.064303e-02 9.999258e-01 5.930576e-03 -5.185241e-01 -5.179705e-02 -5.371651e-03 9.986432e-01 8.934011e-01
9.983028e-01 1.055170e-02 -5.727211e-02 2.672512e+01 -1.067213e-02 9.999414e-01 -1.797326e-03 -5.123970e-01 5.724979e-02 2.405491e-03 9.983570e-01 6.879934e-01
9.986163e-01 -1.104687e-02 5.141502e-02 2.667991e+01 1.078246e-02 9.999272e-01 5.417094e-03 -5.068783e-01 -5.147112e-02 -4.855217e-03 9.986627e-01 4.979577e-01
9.980789e-01 1.047589e-02 -6.106381e-02 2.659401e+01 -1.063534e-02 9.999408e-01 -2.286749e-03 -5.088321e-01 6.103624e-02 2.931790e-03 9.981312e-01 7.989374e-01
9.987099e-01 -1.182097e-02 4.938385e-02 2.652340e+01 1.161200e-02 9.999224e-01 4.516368e-03 -5.181613e-01 -4.943341e-02 -3.937096e-03 9.987697e-01 1.453322e+00
9.983573e-01 1.095305e-02 -5.623882e-02 2.639913e+01 -1.107371e-02 9.999370e-01 -1.834290e-03 -5.166290e-01 5.621519e-02 2.454049e-03 9.984157e-01 1.663983e+00
9.986836e-01 -1.146190e-02 4.999601e-02 2.640257e+01 1.116159e-02 9.999180e-01 6.281775e-03 -5.098471e-01 -5.006391e-02 -5.715471e-03 9.987297e-01 1.324565e+00
9.983006e-01 1.116625e-02 -5.719433e-02 2.648828e+01 -1.121816e-02 9.999369e-01 -5.865336e-04 -5.003714e-01 5.718417e-02 1.227152e-03 9.983629e-01 7.673628e-01
9.986641e-01 -1.189457e-02 5.028449e-02 2.659004e+01 1.152885e-02 9.999050e-01 7.556942e-03 -4.869430e-01 -5.036960e-02 -6.967124e-03 9.987063e-01 4.120058e-02
9.982919e-01 1.163980e-02 -5.725165e-02 2.670433e+01 -1.164731e-02 9.999321e-01 2.024824e-04 -4.705735e-01 5.725013e-02 4.646909e-04 9.983598e-01 -7.489534e-01
9.987205e-01 -1.226372e-02 4.906041e-02 2.688315e+01 1.194876e-02 9.999061e-01 6.708057e-03 -4.599767e-01 -4.913807e-02 -6.113262e-03 9.987733e-01 -1.469022e+00
9.982719e-01 1.207740e-02 -5.750995e-02 2.708129e+01 -1.209415e-02 9.999269e-01 5.678562e-05 -4.491157e-01 5.750643e-02 6.388466e-04 9.983449e-01 -2.195437e+00
9.985091e-01 -1.290253e-02 5.303802e-02 2.706748e+01 1.252249e-02 9.998935e-01 7.491542e-03 -4.293449e-01 -5.312903e-02 -6.816204e-03 9.985644e-01 -2.911347e+00
9.983268e-01 1.255849e-02 -5.644437e-02 2.705676e+01 -1.259844e-02 9.999206e-01 -3.520220e-04 -4.117375e-01 5.643546e-02 1.062544e-03 9.984057e-01 -3.574320e+00
9.987275e-01 -1.321902e-02 4.866892e-02 2.718871e+01 1.285919e-02 9.998877e-01 7.699257e-03 -3.976763e-01 -4.876523e-02 -7.063616e-03 9.987853e-01 -4.327914e+00
9.983532e-01 1.294072e-02 -5.588751e-02 2.734359e+01 -1.297671e-02 9.999158e-01 -2.812434e-04 -3.842513e-01 5.587917e-02 1.006016e-03 9.984370e-01 -5.116409e+00
9.987314e-01 -1.372695e-02 4.844705e-02 2.747309e+01 1.334136e-02 9.998768e-01 8.273321e-03 -3.676078e-01 -4.855464e-02 -7.616476e-03 9.987915e-01 -5.980965e+00
9.983073e-01 1.328053e-02 -5.662248e-02 2.767046e+01 -1.319415e-02 9.999112e-01 1.899171e-03 -3.438947e-01 5.664267e-02 -1.148871e-03 9.983939e-01 -7.134608e+00
9.986732e-01 -1.387351e-02 4.959139e-02 2.777961e+01 1.363209e-02 9.998935e-01 5.202939e-03 -3.308198e-01 -4.965829e-02 -4.520002e-03 9.987560e-01 -7.869097e+00
9.982942e-01 1.371467e-02 -5.674980e-02 2.789970e+01 -1.354964e-02 9.999028e-01 3.291909e-03 -3.129571e-01 5.678943e-02 -2.517355e-03 9.983830e-01 -8.748615e+00
9.985864e-01 -1.415341e-02 5.123396e-02 2.800521e+01 1.399911e-02 9.998963e-01 3.369381e-03 -3.012352e-01 -5.127633e-02 -2.647388e-03 9.986810e-01 -9.371880e+00
9.981669e-01 1.406504e-02 -5.886442e-02 2.806560e+01 -1.399771e-02 9.999008e-01 1.555958e-03 -2.955062e-01 5.888047e-02 -7.291386e-04 9.982648e-01 -9.760626e+00
9.985744e-01 -1.441924e-02 5.139262e-02 2.811681e+01 1.423896e-02 9.998911e-01 3.872244e-03 -2.878174e-01 -5.144286e-02 -3.134947e-03 9.986710e-01 -1.022091e+01
9.981517e-01 1.433235e-02 -5.905751e-02 2.829521e+01 -1.410826e-02 9.998916e-01 4.209688e-03 -2.737694e-01 5.911144e-02 -3.368709e-03 9.982457e-01 -1.110312e+01
9.988644e-01 -1.509246e-02 4.518942e-02 2.877667e+01 1.481823e-02 9.998697e-01 6.397406e-03 -2.533895e-01 -4.528009e-02 -5.720514e-03 9.989580e-01 -1.247411e+01
9.984568e-01 1.491265e-02 -5.349401e-02 2.891236e+01 -1.498836e-02 9.998872e-01 -1.014530e-03 -2.482826e-01 5.347285e-02 1.814752e-03 9.985677e-01 -1.296896e+01
9.988725e-01 -1.520180e-02 4.497294e-02 2.901309e+01 1.496787e-02 9.998727e-01 5.533892e-03 -2.467985e-01 -4.505134e-02 -4.854504e-03 9.989729e-01 -1.328581e+01
9.983717e-01 1.502016e-02 -5.502951e-02 2.908307e+01 -1.517660e-02 9.998819e-01 -2.426012e-03 -2.543646e-01 5.498657e-02 3.257222e-03 9.984818e-01 -1.325114e+01
9.988061e-01 -1.540412e-02 4.635884e-02 2.906886e+01 1.519416e-02 9.998727e-01 4.877955e-03 -2.612774e-01 -4.642808e-02 -4.167747e-03 9.989129e-01 -1.298757e+01
9.982693e-01 1.544770e-02 -5.674365e-02 2.922531e+01 -1.540720e-02 9.998806e-01 1.151325e-03 -2.560135e-01 5.675467e-02 -2.750720e-04 9.983881e-01 -1.346413e+01
9.987502e-01 -1.590566e-02 4.738149e-02 2.949500e+01 1.559887e-02 9.998550e-01 6.837573e-03 -2.433660e-01 -4.748338e-02 -6.089929e-03 9.988535e-01 -1.424675e+01
9.983970e-01 1.560122e-02 -5.440668e-02 2.966723e+01 -1.564748e-02 9.998775e-01 -4.242872e-04 -2.399068e-01 5.439339e-02 1.274934e-03 9.985188e-01 -1.465497e+01
9.989158e-01 -1.621779e-02 4.363780e-02 2.970279e+01 1.609743e-02 9.998656e-01 3.108157e-03 -2.499497e-01 -4.368234e-02 -2.402331e-03 9.990426e-01 -1.436393e+01
9.982432e-01 1.556188e-02 -5.716917e-02 2.968838e+01 -1.557873e-02 9.998786e-01 1.508025e-04 -2.556999e-01 5.716458e-02 7.400857e-04 9.983645e-01 -1.397948e+01
9.988231e-01 -1.721199e-02 4.534582e-02 2.962998e+01 1.696099e-02 9.998387e-01 5.914272e-03 -2.462803e-01 -4.544030e-02 -5.138201e-03 9.989538e-01 -1.365045e+01
9.983340e-01 1.601864e-02 -5.543093e-02 2.978541e+01 -1.602221e-02 9.998716e-01 3.799938e-04 -2.381314e-01 5.542989e-02 5.087653e-04 9.984625e-01 -1.378155e+01
9.991179e-01 -1.639089e-02 3.866147e-02 3.010414e+01 1.619564e-02 9.998545e-01 5.358189e-03 -2.459208e-01 -3.874367e-02 -4.727316e-03 9.992380e-01 -1.403127e+01
9.988048e-01 1.531055e-02 -4.641756e-02 2.987866e+01 -1.532200e-02 9.998826e-01 1.090609e-04 -2.360954e-01 4.641379e-02 6.022793e-04 9.989221e-01 -1.359863e+01
9.990909e-01 -1.734006e-02 3.894603e-02 2.968438e+01 1.714947e-02 9.998393e-01 5.222412e-03 -2.200360e-01 -3.903033e-02 -4.549760e-03 9.992277e-01 -1.327766e+01
9.988590e-01 1.529063e-02 -4.524313e-02 2.944551e+01 -1.530674e-02 9.998828e-01 -9.662026e-06 -1.997930e-01 4.523768e-02 7.021758e-04 9.989760e-01 -1.296695e+01
9.990875e-01 -1.677577e-02 3.927763e-02 2.924233e+01 1.665727e-02 9.998557e-01 3.342348e-03 -1.926102e-01 -3.932804e-02 -2.685039e-03 9.992227e-01 -1.255065e+01
9.989680e-01 1.468664e-02 -4.297924e-02 2.882187e+01 -1.466075e-02 9.998921e-01 9.177003e-04 -1.712224e-01 4.298808e-02 -2.866456e-04 9.990755e-01 -1.207351e+01
9.988767e-01 -1.636782e-02 4.446870e-02 2.848512e+01 1.620793e-02 9.998608e-01 3.953949e-03 -1.434302e-01 -4.452723e-02 -3.228762e-03 9.990030e-01 -1.213937e+01
9.984203e-01 1.651445e-02 -5.370437e-02 2.862407e+01 -1.645741e-02 9.998634e-01 1.504240e-03 -1.395324e-01 5.372188e-02 -6.180291e-04 9.985557e-01 -1.256287e+01
9.991330e-01 -1.717489e-02 3.792401e-02 2.877683e+01 1.707869e-02 9.998501e-01 2.859093e-03 -1.496149e-01 -3.796743e-02 -2.208921e-03 9.992765e-01 -1.229273e+01
9.983620e-01 1.595955e-02 -5.494111e-02 2.894211e+01 -1.590949e-02 9.998725e-01 1.348595e-03 -1.676591e-01 5.495563e-02 -4.723012e-04 9.984887e-01 -1.166761e+01
9.990947e-01 -1.645906e-02 3.922743e-02 2.904511e+01 1.643213e-02 9.998645e-01 1.008912e-03 -1.862325e-01 -3.923872e-02 -3.634079e-04 9.992298e-01 -1.113999e+01
9.985609e-01 1.632826e-02 -5.108252e-02 2.916718e+01 -1.622675e-02 9.998655e-01 2.401473e-03 -1.971419e-01 5.111486e-02 -1.569114e-03 9.986915e-01 -1.100307e+01
9.990301e-01 -1.639866e-02 4.086524e-02 2.929607e+01 1.637992e-02 9.998655e-01 7.936217e-04 -2.052650e-01 -4.087276e-02 -1.234828e-04 9.991644e-01 -1.102820e+01
9.985755e-01 1.640357e-02 -5.077386e-02 2.936062e+01 -1.632692e-02 9.998649e-01 1.924087e-03 -2.140857e-01 5.079856e-02 -1.092365e-03 9.987083e-01 -1.093379e+01
9.992477e-01 -1.682858e-02 3.494059e-02 2.937254e+01 1.682306e-02 9.998584e-01 4.519957e-04 -2.281849e-01 -3.494325e-02 1.361521e-04 9.993893e-01 -1.036432e+01
9.990204e-01 1.424042e-02 -4.189777e-02 2.912769e+01 -1.407739e-02 9.998922e-01 4.183566e-03 -2.207857e-01 4.195283e-02 -3.589657e-03 9.991131e-01 -9.475651e+00
9.995611e-01 -1.466383e-02 2.573970e-02 2.924726e+01 1.473651e-02 9.998879e-01 -2.636398e-03 -2.408613e-01 -2.569815e-02 3.014555e-03 9.996652e-01 -8.960522e+00
9.992231e-01 1.435380e-02 -3.670463e-02 2.920789e+01 -1.419002e-02 9.998882e-01 4.718625e-03 -2.484357e-01 3.676826e-02 -4.194120e-03 9.993150e-01 -8.568522e+00
9.994462e-01 -1.465636e-02 2.987397e-02 2.912336e+01 1.469512e-02 9.998914e-01 -1.078043e-03 -2.407800e-01 -2.985493e-02 1.516448e-03 9.995531e-01 -8.686381e+00
9.991987e-01 1.462699e-02 -3.725684e-02 2.927319e+01 -1.433638e-02 9.998648e-01 8.055329e-03 -2.278361e-01 3.736963e-02 -7.514745e-03 9.992733e-01 -9.431368e+00
9.994053e-01 -1.510932e-02 3.099577e-02 2.939810e+01 1.509889e-02 9.998858e-01 5.705515e-04 -2.080474e-01 -3.100085e-02 -1.022105e-04 9.995194e-01 -1.040598e+01
9.992371e-01 1.465574e-02 -3.620076e-02 2.956664e+01 -1.421353e-02 9.998216e-01 1.244272e-02 -1.717660e-01 3.637666e-02 -1.191869e-02 9.992671e-01 -1.192372e+01
9.994958e-01 -1.524236e-02 2.785478e-02 2.989940e+01 1.520823e-02 9.998833e-01 1.436656e-03 -1.357842e-01 -2.787343e-02 -1.012309e-03 9.996109e-01 -1.367784e+01
9.993354e-01 1.498716e-02 -3.322877e-02 3.026288e+01 -1.454224e-02 9.998019e-01 1.359118e-02 -9.957739e-02 3.342588e-02 -1.309892e-02 9.993554e-01 -1.559809e+01
9.995741e-01 -1.564125e-02 2.463541e-02 3.056984e+01 1.568657e-02 9.998756e-01 -1.647596e-03 -6.941476e-02 -2.460658e-02 2.033340e-03 9.996951e-01 -1.706643e+01
9.993641e-01 1.565912e-02 -3.203450e-02 3.073404e+01 -1.530487e-02 9.998193e-01 1.127394e-02 -4.733482e-02 3.220525e-02 -1.077649e-02 9.994232e-01 -1.817641e+01
9.995372e-01 -1.635935e-02 2.564868e-02 3.091152e+01 1.639585e-02 9.998648e-01 -1.213194e-03 -2.253718e-02 -2.562536e-02 1.633164e-03 9.996703e-01 -1.932816e+01
9.993068e-01 1.628623e-02 -3.347541e-02 3.106595e+01 -1.597553e-02 9.998270e-01 9.527903e-03 -4.635320e-03 3.362479e-02 -8.986511e-03 9.993941e-01 -2.024396e+01
9.994315e-01 -1.721556e-02 2.898692e-02 3.116070e+01 1.717951e-02 9.998513e-01 1.492242e-03 2.850402e-02 -2.900830e-02 -9.934128e-04 9.995787e-01 -2.151058e+01
9.992069e-01 1.711818e-02 -3.595317e-02 3.145838e+01 -1.680194e-02 9.998176e-01 9.079755e-03 4.929833e-02 3.610204e-02 -8.468470e-03 9.993122e-01 -2.279749e+01
9.995575e-01 -1.801420e-02 2.366988e-02 3.203733e+01 1.794353e-02 9.998339e-01 3.194478e-03 7.014994e-02 -2.372350e-02 -2.768343e-03 9.997147e-01 -2.448738e+01
9.993178e-01 1.770545e-02 -3.241120e-02 3.232740e+01 -1.755331e-02 9.998336e-01 4.972628e-03 8.318689e-02 3.249385e-02 -4.400312e-03 9.994622e-01 -2.540976e+01
9.995200e-01 -1.762107e-02 2.548003e-02 3.229753e+01 1.768079e-02 9.998414e-01 -2.120209e-03 8.500179e-02 -2.543863e-02 2.569698e-03 9.996731e-01 -2.552071e+01
9.993138e-01 1.779178e-02 -3.248628e-02 3.229620e+01 -1.762654e-02 9.998302e-01 5.365785e-03 8.496186e-02 3.257624e-02 -4.789482e-03 9.994578e-01 -2.563622e+01
9.995609e-01 -1.775683e-02 2.372226e-02 3.237139e+01 1.781202e-02 9.998391e-01 -2.117062e-03 8.324553e-02 -2.368085e-02 2.538674e-03 9.997163e-01 -2.578753e+01
9.993303e-01 1.773428e-02 -3.200728e-02 3.246103e+01 -1.755549e-02 9.998287e-01 5.858190e-03 8.293133e-02 3.210569e-02 -5.292363e-03 9.994705e-01 -2.598636e+01
9.995724e-01 -1.791210e-02 2.311167e-02 3.243352e+01 1.800135e-02 9.998313e-01 -3.659518e-03 7.809344e-02 -2.304223e-02 4.073995e-03 9.997262e-01 -2.575076e+01
9.993598e-01 1.734016e-02 -3.129437e-02 3.228980e+01 -1.715083e-02 9.998330e-01 6.308494e-03 8.037862e-02 3.139853e-02 -5.767731e-03 9.994903e-01 -2.540413e+01
9.995922e-01 -1.904502e-02 2.127586e-02 3.199049e+01 1.912155e-02 9.998114e-01 -3.399674e-03 8.602872e-02 -2.120710e-02 3.805115e-03 9.997679e-01 -2.452155e+01
9.994693e-01 1.579678e-02 -2.848982e-02 3.133585e+01 -1.557448e-02 9.998466e-01 8.007869e-03 1.166907e-01 2.861195e-02 -7.559905e-03 9.995620e-01 -2.330343e+01
9.995015e-01 -2.032790e-02 2.415828e-02 3.050152e+01 2.039781e-02 9.997884e-01 -2.650804e-03 1.581579e-01 -2.409929e-02 3.142258e-03 9.997046e-01 -2.178692e+01
9.994626e-01 1.717431e-02 -2.791886e-02 2.990134e+01 -1.698723e-02 9.998317e-01 6.924232e-03 1.876569e-01 2.803308e-02 -6.446247e-03 9.995862e-01 -2.076624e+01
9.994459e-01 -2.019401e-02 2.646042e-02 2.931329e+01 2.027741e-02 9.997902e-01 -2.887264e-03 2.199913e-01 -2.639657e-02 3.422213e-03 9.996457e-01 -1.995014e+01
9.993840e-01 1.841599e-02 -2.987503e-02 2.896122e+01 -1.824529e-02 9.998157e-01 5.976507e-03 2.382125e-01 2.997959e-02 -5.427747e-03 9.995358e-01 -1.945786e+01
9.995763e-01 -1.865342e-02 2.234632e-02 2.891007e+01 1.873222e-02 9.998190e-01 -3.322546e-03 2.401282e-01 -2.228030e-02 3.739735e-03 9.997448e-01 -1.941742e+01
9.993459e-01 1.862826e-02 -3.099708e-02 2.896815e+01 -1.843823e-02 9.998095e-01 6.405251e-03 2.376168e-01 3.111049e-02 -5.829530e-03 9.994990e-01 -1.946785e+01
9.995972e-01 -1.865033e-02 2.139084e-02 2.891079e+01 1.872870e-02 9.998186e-01 -3.468952e-03 2.372157e-01 -2.132227e-02 3.868178e-03 9.997652e-01 -1.928446e+01
9.994840e-01 1.821888e-02 -2.645197e-02 2.880337e+01 -1.804281e-02 9.998135e-01 6.879651e-03 2.441993e-01 2.657237e-02 -6.398834e-03 9.996264e-01 -1.928843e+01
9.996917e-01 -1.881344e-02 1.620227e-02 2.860527e+01 1.888090e-02 9.998137e-01 -4.020342e-03 2.480944e-01 -1.612362e-02 4.325016e-03 9.998607e-01 -1.876523e+01
9.994897e-01 1.673102e-02 -2.721148e-02 2.832657e+01 -1.653313e-02 9.998353e-01 7.481221e-03 2.461387e-01 2.733217e-02 -7.027512e-03 9.996017e-01 -1.770921e+01
9.997472e-01 -1.709341e-02 1.460556e-02 2.833208e+01 1.717501e-02 9.998375e-01 -5.479945e-03 2.325053e-01 -1.450951e-02 5.729410e-03 9.998783e-01 -1.718757e+01
9.994587e-01 1.659580e-02 -2.840657e-02 2.835009e+01 -1.638212e-02 9.998359e-01 7.738641e-03 2.159006e-01 2.853033e-02 -7.269092e-03 9.995665e-01 -1.657350e+01
9.997375e-01 -1.693399e-02 1.543382e-02 2.834348e+01 1.701131e-02 9.998433e-01 -4.892191e-03 2.075052e-01 -1.534856e-02 5.153456e-03 9.998689e-01 -1.615088e+01
9.996674e-01 1.485168e-02 -2.108417e-02 2.798772e+01 -1.467297e-02 9.998553e-01 8.605817e-03 2.273970e-01 2.120893e-02 -8.293587e-03 9.997407e-01 -1.563454e+01
9.998767e-01 -1.504420e-02 4.498121e-03 2.822701e+01 1.507283e-02 9.998659e-01 -6.400596e-03 2.075622e-01 -4.401226e-03 6.467606e-03 9.999694e-01 -1.532538e+01
9.996077e-01 1.447627e-02 -2.397517e-02 2.815794e+01 -1.426784e-02 9.998591e-01 8.841823e-03 1.951808e-01 2.409979e-02 -8.496281e-03 9.996735e-01 -1.426506e+01
9.998154e-01 -1.509281e-02 1.188691e-02 2.816595e+01 1.515542e-02 9.998717e-01 -5.194294e-03 1.926677e-01 -1.180699e-02 5.373486e-03 9.999159e-01 -1.411012e+01
9.995739e-01 1.499094e-02 -2.504589e-02 2.849931e+01 -1.472558e-02 9.998338e-01 1.074591e-02 1.889560e-01 2.520282e-02 -1.037252e-02 9.996285e-01 -1.448438e+01
9.997834e-01 -1.491995e-02 1.450839e-02 2.875614e+01 1.503048e-02 9.998586e-01 -7.539642e-03 1.825558e-01 -1.439385e-02 7.756077e-03 9.998663e-01 -1.466264e+01
9.996286e-01 1.509961e-02 -2.268476e-02 2.889037e+01 -1.484570e-02 9.998257e-01 1.131990e-02 1.830957e-01 2.285173e-02 -1.097892e-02 9.996786e-01 -1.497863e+01
9.997963e-01 -1.502203e-02 1.348285e-02 2.901521e+01 1.511638e-02 9.998618e-01 -6.923512e-03 1.863601e-01 -1.337698e-02 7.125913e-03 9.998851e-01 -1.538129e+01
9.996746e-01 1.381621e-02 -2.144243e-02 2.871501e+01 -1.359128e-02 9.998514e-01 1.060072e-02 1.989980e-01 2.158571e-02 -1.030584e-02 9.997139e-01 -1.480752e+01
9.997279e-01 -1.591779e-02 1.705397e-02 2.826104e+01 1.604131e-02 9.998459e-01 -7.130680e-03 2.236786e-01 -1.693784e-02 7.402307e-03 9.998291e-01 -1.417149e+01
9.996115e-01 1.463929e-02 -2.371813e-02 2.799652e+01 -1.440165e-02 9.998447e-01 1.015916e-02 2.341617e-01 2.386317e-02 -9.813628e-03 9.996671e-01 -1.371830e+01
9.997878e-01 -1.327541e-02 1.575074e-02 2.843748e+01 1.332884e-02 9.999057e-01 -3.292466e-03 2.375019e-01 -1.570554e-02 3.501707e-03 9.998705e-01 -1.467735e+01
9.994073e-01 1.343734e-02 -3.169259e-02 2.897917e+01 -1.309271e-02 9.998532e-01 1.105669e-02 2.441085e-01 3.183651e-02 -1.063519e-02 9.994365e-01 -1.568320e+01
9.998173e-01 -1.369550e-02 1.333204e-02 2.922841e+01 1.381212e-02 9.998668e-01 -8.694855e-03 2.243071e-01 -1.321118e-02 8.877411e-03 9.998733e-01 -1.526467e+01
9.996343e-01 1.364905e-02 -2.334438e-02 2.939766e+01 -1.339210e-02 9.998484e-01 1.112832e-02 2.123600e-01 2.349273e-02 -1.081162e-02 9.996655e-01 -1.514577e+01
9.997601e-01 -1.348658e-02 1.725742e-02 2.937051e+01 1.361357e-02 9.998810e-01 -7.262535e-03 2.183146e-01 -1.715742e-02 7.495727e-03 9.998247e-01 -1.542995e+01
9.995860e-01 1.364819e-02 -2.532803e-02 2.944360e+01 -1.337271e-02 9.998499e-01 1.101440e-02 2.199337e-01 2.547455e-02 -1.067113e-02 9.996185e-01 -1.571534e+01
9.997674e-01 -1.353016e-02 1.679734e-02 2.954616e+01 1.365164e-02 9.998813e-01 -7.138823e-03 2.223704e-01 -1.669876e-02 7.366474e-03 9.998334e-01 -1.608483e+01
9.996046e-01 1.346717e-02 -2.468536e-02 2.966268e+01 -1.314262e-02 9.998257e-01 1.326287e-02 2.332037e-01 2.485967e-02 -1.293320e-02 9.996073e-01 -1.674945e+01
9.997449e-01 -1.362969e-02 1.801292e-02 2.974639e+01 1.374944e-02 9.998841e-01 -6.540595e-03 2.472645e-01 -1.792169e-02 6.786594e-03 9.998164e-01 -1.747712e+01
9.995851e-01 1.362582e-02 -2.537639e-02 2.983695e+01 -1.332035e-02 9.998372e-01 1.216798e-02 2.560217e-01 2.553806e-02 -1.182491e-02 9.996039e-01 -1.804621e+01
9.997614e-01 -1.351688e-02 1.715716e-02 2.993876e+01 1.365277e-02 9.998762e-01 -7.827573e-03 2.597018e-01 -1.704924e-02 8.059948e-03 9.998222e-01 -1.847032e+01
9.995605e-01 1.375267e-02 -2.626173e-02 3.004731e+01 -1.345501e-02 9.998436e-01 1.147759e-02 2.600543e-01 2.641547e-02 -1.111919e-02 9.995892e-01 -1.877818e+01
9.997519e-01 -1.357796e-02 1.765759e-02 3.017199e+01 1.371644e-02 9.998759e-01 -7.745223e-03 2.604058e-01 -1.755024e-02 7.985500e-03 9.998141e-01 -1.912707e+01
9.995544e-01 1.376559e-02 -2.648421e-02 3.028007e+01 -1.347479e-02 9.998473e-01 1.112725e-02 2.594865e-01 2.663334e-02 -1.076543e-02 9.995873e-01 -1.940414e+01
9.997655e-01 -1.350046e-02 1.693093e-02 3.037628e+01 1.362604e-02 9.998803e-01 -7.324213e-03 2.600011e-01 -1.683002e-02 7.553197e-03 9.998298e-01 -1.970048e+01
9.995493e-01 1.346994e-02 -2.682940e-02 3.040256e+01 -1.320737e-02 9.998634e-01 9.940217e-03 2.514155e-01 2.695963e-02 -9.581391e-03 9.995906e-01 -1.950921e+01
9.997980e-01 -1.359350e-02 1.480276e-02 3.042519e+01 1.371732e-02 9.998715e-01 -8.295682e-03 2.386228e-01 -1.468809e-02 8.497061e-03 9.998560e-01 -1.910059e+01
9.995491e-01 1.353739e-02 -2.680065e-02 3.046462e+01 -1.327268e-02 9.998616e-01 1.003018e-02 2.267081e-01 2.693272e-02 -9.669944e-03 9.995905e-01 -1.877640e+01
9.998138e-01 -1.342264e-02 1.386580e-02 3.055957e+01 1.353346e-02 9.998770e-01 -7.929538e-03 2.168052e-01 -1.375765e-02 8.115713e-03 9.998724e-01 -1.864377e+01
9.996675e-01 1.357807e-02 -2.192230e-02 3.068290e+01 -1.332849e-02 9.998451e-01 1.149116e-02 2.159348e-01 2.207494e-02 -1.119514e-02 9.996936e-01 -1.891960e+01
9.998137e-01 -1.351611e-02 1.377905e-02 3.077523e+01 1.361801e-02 9.998804e-01 -7.328518e-03 2.197389e-01 -1.367835e-02 7.514796e-03 9.998782e-01 -1.932047e+01
9.992927e-01 1.255266e-02 -3.544824e-02 3.061468e+01 -1.216805e-02 9.998650e-01 1.104487e-02 2.086581e-01 3.558209e-02 -1.060572e-02 9.993105e-01 -1.810636e+01
9.998660e-01 -1.552006e-02 5.198261e-03 3.033406e+01 1.555658e-02 9.998541e-01 -7.060235e-03 1.788902e-01 -5.087928e-03 7.140156e-03 9.999616e-01 -1.548781e+01
9.990929e-01 1.362928e-02 -4.034286e-02 3.042414e+01 -1.320636e-02 9.998552e-01 1.073101e-02 1.321909e-01 4.048327e-02 -1.018850e-02 9.991283e-01 -1.332176e+01
