9.999875e-01 1.080082e-03 -4.887151e-03 3.634453e-01 -1.081184e-03 9.999994e-01 -2.228012e-04 -3.403021e-03 4.886907e-03 2.280816e-04 9.999880e-01 -5.548940e-01
9.999986e-01 -2.143048e-04 1.635811e-03 5.776789e-01 2.148726e-04 9.999999e-01 -3.469194e-04 -1.271403e-03 -1.635737e-03 3.472711e-04 9.999986e-01 -1.053654e+00
9.999910e-01 7.000559e-04 -4.191969e-03 7.727818e-01 -7.013657e-04 9.999997e-01 -3.109980e-04 2.439709e-03 4.191749e-03 3.139346e-04 9.999912e-01 -1.560283e+00
9.999998e-01 9.298387e-05 5.580078e-04 9.949631e-01 -9.275811e-05 9.999999e-01 -4.045409e-04 4.414041e-03 -5.580450e-04 4.044898e-04 9.999998e-01 -2.085062e+00
9.999973e-01 7.220705e-04 -2.191372e-03 1.160756e+00 -7.231251e-04 9.999996e-01 -4.804520e-04 1.074013e-02 2.191024e-03 4.820347e-04 9.999975e-01 -2.637268e+00
9.999990e-01 -1.035120e-04 1.423724e-03 1.299201e+00 1.041494e-04 9.999999e-01 -4.476599e-04 2.043144e-02 -1.423677e-03 4.478084e-04 9.999989e-01 -3.217844e+00
9.999928e-01 1.623694e-04 3.787465e-03 1.082504e+00 -1.577733e-04 9.999993e-01 -1.213797e-03 4.695534e-02 -3.787659e-03 1.213190e-03 9.999921e-01 -3.547201e+00
1.000000e+00 -4.517162e-05 -1.577705e-04 9.739152e-01 4.502305e-05 9.999996e-01 -9.417748e-04 7.123764e-02 1.578133e-04 9.417684e-04 9.999995e-01 -4.110280e+00
9.999881e-01 2.858780e-04 4.874493e-03 1.035188e+00 -2.838938e-04 9.999999e-01 -4.077510e-04 9.156280e-02 -4.874610e-03 4.063616e-04 9.999880e-01 -4.780967e+00
9.999993e-01 6.377899e-04 -9.904216e-04 1.381655e+00 -6.381232e-04 9.999997e-01 -3.362865e-04 1.014899e-01 9.902072e-04 3.369190e-04 9.999995e-01 -5.648085e+00
9.999816e-01 1.255452e-04 6.059966e-03 1.560674e+00 -1.211801e-04 9.999997e-01 -7.206858e-04 1.182232e-01 -6.060055e-03 7.199375e-04 9.999814e-01 -6.400767e+00
9.999803e-01 5.297378e-04 -6.258049e-03 1.745891e+00 -5.304677e-04 9.999999e-01 -1.149725e-04 1.271670e-01 6.257988e-03 1.182906e-04 9.999804e-01 -7.033588e+00
9.999773e-01 5.175931e-04 6.721896e-03 1.953520e+00 -5.102722e-04 9.999993e-01 -1.090778e-03 1.382754e-01 -6.722456e-03 1.087323e-03 9.999768e-01 -7.757150e+00
9.999892e-01 -4.904139e-04 -4.626605e-03 2.007105e+00 4.915824e-04 9.999998e-01 2.514145e-04 1.525825e-01 4.626481e-03 -2.536854e-04 9.999893e-01 -8.244598e+00
9.999991e-01 8.697572e-04 -9.827287e-04 2.058588e+00 -8.704965e-04 9.999993e-01 -7.520556e-04 1.589995e-01 9.820736e-04 7.529097e-04 9.999992e-01 -8.612933e+00
9.999963e-01 -5.875244e-04 -2.669649e-03 2.062596e+00 5.844430e-04 9.999992e-01 -1.154904e-03 1.776834e-01 2.670326e-03 1.153340e-03 9.999958e-01 -9.296408e+00
9.999910e-01 1.603949e-04 4.235549e-03 2.131874e+00 -1.587428e-04 9.999999e-01 -3.903977e-04 2.039521e-01 -4.235612e-03 3.897211e-04 9.999910e-01 -1.025863e+01
9.999408e-01 -8.138635e-04 -1.085121e-02 2.215661e+00 8.292714e-04 9.999987e-01 1.415498e-03 1.994322e-01 1.085004e-02 -1.424412e-03 9.999401e-01 -1.026935e+01
9.998309e-01 -4.064557e-03 -1.793534e-02 2.293445e+00 4.122922e-03 9.999863e-01 3.218439e-03 1.683670e-01 1.792201e-02 -3.291841e-03 9.998340e-01 -8.504411e+00
9.998627e-01 -3.568010e-03 -1.618196e-02 2.415380e+00 3.615100e-03 9.999893e-01 2.881700e-03 1.275621e-01 1.617151e-02 -2.939803e-03 9.998649e-01 -6.166541e+00
9.998245e-01 -3.987918e-03 -1.830498e-02 2.524071e+00 4.051209e-03 9.999859e-01 3.421827e-03 8.596791e-02 1.829108e-02 -3.495384e-03 9.998266e-01 -3.705765e+00
9.998836e-01 -3.352092e-03 -1.488731e-02 2.541952e+00 3.392329e-03 9.999907e-01 2.678324e-03 4.812462e-02 1.487820e-02 -2.728514e-03 9.998856e-01 -1.205888e+00
9.999296e-01 -2.672355e-03 -1.156455e-02 2.544549e+00 2.693058e-03 9.999948e-01 1.775012e-03 2.234033e-02 1.155974e-02 -1.806032e-03 9.999316e-01 6.027463e-01
9.998167e-01 -3.091607e-03 -1.889460e-02 2.619574e+00 3.158298e-03 9.999889e-01 3.500780e-03 -9.780657e-03 1.888357e-02 -3.559812e-03 9.998154e-01 2.548465e+00
9.998889e-01 -3.921712e-03 -1.437911e-02 2.731941e+00 3.957744e-03 9.999891e-01 2.478231e-03 -4.721929e-02 1.436924e-02 -2.534866e-03 9.998935e-01 4.720408e+00
9.999044e-01 -2.923448e-03 -1.351494e-02 2.997276e+00 2.980416e-03 9.999868e-01 4.196919e-03 -8.017111e-02 1.350249e-02 -4.236797e-03 9.998999e-01 6.210328e+00
9.998245e-01 -5.541525e-03 -1.789860e-02 3.282839e+00 5.615235e-03 9.999759e-01 4.070557e-03 -1.229190e-01 1.787562e-02 -4.170348e-03 9.998315e-01 8.192519e+00
9.998721e-01 -3.987385e-03 -1.549121e-02 3.557791e+00 4.057763e-03 9.999816e-01 4.514293e-03 -1.642719e-01 1.547292e-02 -4.576574e-03 9.998698e-01 1.024029e+01
9.998763e-01 -4.693934e-03 -1.501184e-02 3.831195e+00 4.743669e-03 9.999834e-01 3.279151e-03 -2.059933e-01 1.499620e-02 -3.349958e-03 9.998819e-01 1.214867e+01
9.996560e-01 -7.651243e-03 -2.508835e-02 4.158042e+00 7.849095e-03 9.999388e-01 7.797228e-03 -2.601977e-01 2.502716e-02 -7.991466e-03 9.996548e-01 1.495089e+01
9.997937e-01 -6.798187e-03 -1.913993e-02 4.476034e+00 6.869407e-03 9.999697e-01 3.657753e-03 -3.202577e-01 1.911449e-02 -3.788479e-03 9.998101e-01 1.824097e+01
9.995861e-01 -7.736027e-03 -2.770914e-02 4.780571e+00 7.965551e-03 9.999348e-01 8.182546e-03 -3.812683e-01 2.764404e-02 -8.399877e-03 9.995825e-01 2.172554e+01
9.998084e-01 -6.850223e-03 -1.833933e-02 5.104429e+00 6.920245e-03 9.999690e-01 3.757400e-03 -4.431072e-01 1.831302e-02 -3.883593e-03 9.998248e-01 2.517402e+01
9.996793e-01 -6.070978e-03 -2.458529e-02 5.422411e+00 6.260883e-03 9.999511e-01 7.654758e-03 -4.992127e-01 2.453761e-02 -7.806228e-03 9.996684e-01 2.819370e+01
9.997937e-01 -8.294252e-03 -1.853831e-02 5.698549e+00 8.351203e-03 9.999606e-01 2.996760e-03 -5.588336e-01 1.851273e-02 -3.150960e-03 9.998237e-01 3.144227e+01
9.992674e-01 -9.817036e-03 -3.699112e-02 6.018085e+00 1.023147e-02 9.998868e-01 1.103099e-02 -6.310250e-01 3.687864e-02 -1.140138e-02 9.992547e-01 3.580356e+01
9.998584e-01 -6.865172e-03 -1.536173e-02 6.306851e+00 6.892283e-03 9.999748e-01 1.712639e-03 -6.985136e-01 1.534959e-02 -1.818275e-03 9.998805e-01 3.986114e+01
9.994463e-01 -6.696177e-03 -3.259354e-02 6.563988e+00 7.009388e-03 9.999303e-01 9.504829e-03 -7.608583e-01 3.252762e-02 -9.728025e-03 9.994235e-01 4.353090e+01
9.996649e-01 -1.197258e-02 -2.295228e-02 6.911613e+00 1.210616e-02 9.999105e-01 5.689867e-03 -8.349743e-01 2.288210e-02 -5.965825e-03 9.997204e-01 4.795089e+01
9.993946e-01 -9.219845e-03 -3.354889e-02 7.279763e+00 9.537738e-03 9.999110e-01 9.327838e-03 -9.092763e-01 3.345990e-02 -9.642170e-03 9.993935e-01 5.232913e+01
9.998656e-01 -8.403178e-03 -1.407787e-02 7.653003e+00 8.474204e-03 9.999516e-01 4.993225e-03 -9.735166e-01 1.403523e-02 -5.111853e-03 9.998884e-01 5.591135e+01
9.994280e-01 -9.631472e-03 -3.241857e-02 8.049024e+00 9.938137e-03 9.999073e-01 9.311742e-03 -1.037599e+00 3.232587e-02 -9.628595e-03 9.994310e-01 5.941526e+01
9.998887e-01 -6.883386e-03 -1.323405e-02 8.381782e+00 6.929124e-03 9.999702e-01 3.413410e-03 -1.099184e+00 1.321016e-02 -3.504732e-03 9.999066e-01 6.282760e+01
9.992494e-01 -9.391529e-03 -3.758198e-02 8.604812e+00 9.737250e-03 9.999118e-01 9.026661e-03 -1.167484e+00 3.749390e-02 -9.385831e-03 9.992528e-01 6.699341e+01
9.998846e-01 -6.255277e-03 -1.384566e-02 8.639292e+00 6.291825e-03 9.999768e-01 2.597709e-03 -1.230900e+00 1.382909e-02 -2.684524e-03 9.999008e-01 7.157025e+01
9.999313e-01 3.284478e-04 -1.171596e-02 8.739567e+00 -3.092900e-04 9.999986e-01 1.636933e-03 -1.255913e+00 1.171648e-02 -1.633196e-03 9.999300e-01 7.278501e+01
9.999959e-01 -1.648363e-03 2.331169e-03 8.739142e+00 1.649718e-03 9.999985e-01 -5.796910e-04 -1.255127e+00 -2.330210e-03 5.835338e-04 9.999971e-01 7.277789e+01
9.999071e-01 -3.419141e-06 -1.362876e-02 8.653357e+00 2.061376e-05 9.999992e-01 1.261480e-03 -1.256366e+00 1.362874e-02 -1.261644e-03 9.999063e-01 7.307690e+01
9.999987e-01 -5.524088e-04 1.492708e-03 8.741192e+00 5.520972e-04 9.999998e-01 2.089182e-04 -1.268873e+00 -1.492824e-03 -2.080943e-04 9.999989e-01 7.339916e+01
9.990967e-01 -9.883985e-03 -4.132929e-02 8.862087e+00 1.019189e-02 9.999218e-01 7.246057e-03 -1.304146e+00 4.125444e-02 -7.660735e-03 9.991193e-01 7.591802e+01
9.999001e-01 5.408850e-03 1.305665e-02 8.931267e+00 -5.374619e-03 9.999820e-01 -2.655359e-03 -1.334666e+00 -1.307078e-02 2.584919e-03 9.999112e-01 7.758165e+01
9.997368e-01 -6.963265e-03 -2.186001e-02 8.797801e+00 7.027280e-03 9.999712e-01 2.852928e-03 -1.332637e+00 2.183952e-02 -3.005793e-03 9.997570e-01 7.798519e+01
9.997909e-01 7.774323e-03 1.891378e-02 8.990034e+00 -7.711104e-03 9.999644e-01 -3.413162e-03 -1.332504e+00 -1.893964e-02 3.266602e-03 9.998153e-01 7.757231e+01
9.996873e-01 -7.150822e-03 -2.396095e-02 9.159637e+00 7.227143e-03 9.999691e-01 3.100151e-03 -1.335932e+00 2.393804e-02 -3.272350e-03 9.997081e-01 7.727715e+01
9.997994e-01 7.913459e-03 1.840078e-02 9.352167e+00 -7.851002e-03 9.999632e-01 -3.464055e-03 -1.340597e+00 -1.842752e-02 3.318895e-03 9.998247e-01 7.696039e+01
9.996518e-01 -7.604854e-03 -2.526586e-02 9.458662e+00 7.688290e-03 9.999653e-01 3.206821e-03 -1.342330e+00 2.524060e-02 -3.399955e-03 9.996756e-01 7.673101e+01
9.997999e-01 8.408013e-03 1.815325e-02 9.581615e+00 -8.343615e-03 9.999586e-01 -3.620341e-03 -1.345984e+00 -1.818294e-02 3.468152e-03 9.998287e-01 7.647210e+01
9.997358e-01 -7.619029e-03 -2.168784e-02 9.813119e+00 7.687925e-03 9.999657e-01 3.095106e-03 -1.349090e+00 2.166352e-02 -3.261022e-03 9.997600e-01 7.606647e+01
9.997951e-01 8.405176e-03 1.841321e-02 1.002886e+01 -8.341719e-03 9.999590e-01 -3.520428e-03 -1.351042e+00 -1.844205e-02 3.366109e-03 9.998243e-01 7.566893e+01
9.997321e-01 -7.614595e-03 -2.185930e-02 1.024209e+01 7.680741e-03 9.999662e-01 2.943622e-03 -1.353092e+00 2.183615e-02 -3.110728e-03 9.997567e-01 7.525980e+01
9.997704e-01 8.524897e-03 1.965801e-02 1.049642e+01 -8.457761e-03 9.999581e-01 -3.495831e-03 -1.354232e+00 -1.968699e-02 3.328765e-03 9.998007e-01 7.477950e+01
9.997447e-01 -7.677086e-03 -2.124908e-02 1.078703e+01 7.743652e-03 9.999654e-01 3.052148e-03 -1.356441e+00 2.122491e-02 -3.215914e-03 9.997696e-01 7.428664e+01
9.997706e-01 8.606925e-03 1.961267e-02 1.110620e+01 -8.540828e-03 9.999576e-01 -3.451384e-03 -1.360147e+00 -1.964155e-02 3.283083e-03 9.998017e-01 7.378459e+01
9.997288e-01 -7.688981e-03 -2.198191e-02 1.138951e+01 7.760304e-03 9.999649e-01 3.161137e-03 -1.363488e+00 2.195683e-02 -3.330865e-03 9.997534e-01 7.333928e+01
9.997976e-01 8.508246e-03 1.823048e-02 1.162616e+01 -8.444596e-03 9.999580e-01 -3.565548e-03 -1.367515e+00 -1.826005e-02 3.410877e-03 9.998275e-01 7.295274e+01
9.998115e-01 -7.615285e-03 -1.785760e-02 1.175281e+01 7.651657e-03 9.999688e-01 1.969304e-03 -1.357605e+00 1.784204e-02 -2.105573e-03 9.998386e-01 7.237211e+01
9.995741e-01 8.064558e-03 2.804597e-02 1.164901e+01 -7.946380e-03 9.999591e-01 -4.322658e-03 -1.328175e+00 -2.807968e-02 4.097953e-03 9.995973e-01 7.175134e+01
9.997488e-01 -7.908226e-03 -2.097034e-02 1.157225e+01 7.967617e-03 9.999645e-01 2.750107e-03 -1.306091e+00 2.094785e-02 -2.916500e-03 9.997763e-01 7.131280e+01
9.997890e-01 8.835602e-03 1.854621e-02 1.182135e+01 -8.775232e-03 9.999559e-01 -3.333997e-03 -1.307228e+00 -1.857485e-02 3.170545e-03 9.998224e-01 7.083638e+01
9.997735e-01 -8.072993e-03 -1.969150e-02 1.204205e+01 8.127594e-03 9.999633e-01 2.694347e-03 -1.305239e+00 1.966903e-02 -2.853781e-03 9.998025e-01 7.034838e+01
9.997773e-01 9.001787e-03 1.908671e-02 1.236636e+01 -8.939663e-03 9.999545e-01 -3.337645e-03 -1.306953e+00 -1.911589e-02 3.166273e-03 9.998123e-01 6.977408e+01
9.997861e-01 -8.016290e-03 -1.906543e-02 1.271954e+01 8.076454e-03 9.999626e-01 3.080755e-03 -1.308975e+00 1.904002e-02 -3.234076e-03 9.998135e-01 6.919669e+01
9.998230e-01 8.945466e-03 1.655372e-02 1.298897e+01 -8.890171e-03 9.999547e-01 -3.410932e-03 -1.311751e+00 -1.658348e-02 3.263162e-03 9.998572e-01 6.873541e+01
9.998051e-01 -8.102580e-03 -1.800183e-02 1.329020e+01 8.155848e-03 9.999626e-01 2.887562e-03 -1.314577e+00 1.797776e-02 -3.033819e-03 9.998338e-01 6.822603e+01
9.998342e-01 9.067960e-03 1.578790e-02 1.355720e+01 -9.018318e-03 9.999542e-01 -3.212632e-03 -1.316456e+00 -1.581631e-02 3.069718e-03 9.998702e-01 6.775411e+01
9.997874e-01 -8.411549e-03 -1.882339e-02 1.379461e+01 8.466676e-03 9.999601e-01 2.850853e-03 -1.319499e+00 1.879866e-02 -3.009618e-03 9.998188e-01 6.735414e+01
9.998300e-01 9.413551e-03 1.585680e-02 1.408398e+01 -9.361168e-03 9.999505e-01 -3.374488e-03 -1.323732e+00 -1.588778e-02 3.225475e-03 9.998686e-01 6.687435e+01
9.998273e-01 -8.294916e-03 -1.662742e-02 1.439777e+01 8.336157e-03 9.999623e-01 2.412529e-03 -1.323730e+00 1.660678e-02 -2.550720e-03 9.998588e-01 6.624192e+01
9.998212e-01 9.256616e-03 1.648742e-02 1.468771e+01 -9.209760e-03 9.999533e-01 -2.915621e-03 -1.322449e+00 -1.651364e-02 2.763254e-03 9.998598e-01 6.566131e+01
9.998131e-01 -8.356170e-03 -1.743194e-02 1.487655e+01 8.392285e-03 9.999628e-01 1.999593e-03 -1.318318e+00 1.741459e-02 -2.145512e-03 9.998461e-01 6.514925e+01
9.998057e-01 9.024640e-03 1.752339e-02 1.503673e+01 -8.973998e-03 9.999553e-01 -2.966503e-03 -1.312634e+00 -1.754938e-02 2.808671e-03 9.998421e-01 6.465117e+01
9.997898e-01 -8.152997e-03 -1.881007e-02 1.532201e+01 8.199358e-03 9.999635e-01 2.388851e-03 -1.313043e+00 1.878991e-02 -2.542578e-03 9.998202e-01 6.411799e+01
9.998100e-01 8.909778e-03 1.733448e-02 1.547852e+01 -8.856253e-03 9.999558e-01 -3.162150e-03 -1.308903e+00 -1.736189e-02 3.008030e-03 9.998447e-01 6.368465e+01
9.997834e-01 -8.200430e-03 -1.912617e-02 1.563103e+01 8.241407e-03 9.999639e-01 2.064592e-03 -1.305754e+00 1.910855e-02 -2.221771e-03 9.998149e-01 6.322791e+01
9.997838e-01 9.130337e-03 1.868003e-02 1.590956e+01 -9.080883e-03 9.999550e-01 -2.730518e-03 -1.304464e+00 -1.870412e-02 2.560296e-03 9.998218e-01 6.265494e+01
9.998213e-01 -8.055482e-03 -1.710397e-02 1.615307e+01 8.080923e-03 9.999663e-01 1.418855e-03 -1.297502e+00 1.709197e-02 -1.556817e-03 9.998527e-01 6.197772e+01
9.996653e-01 8.716169e-03 2.435743e-02 1.617208e+01 -8.638936e-03 9.999573e-01 -3.274275e-03 -1.275329e+00 -2.438493e-02 3.062756e-03 9.996980e-01 6.135054e+01
9.997611e-01 -8.428846e-03 -2.016436e-02 1.621260e+01 8.473741e-03 9.999618e-01 2.142033e-03 -1.259596e+00 2.014554e-02 -2.312388e-03 9.997944e-01 6.085876e+01
9.997680e-01 9.440452e-03 1.936086e-02 1.644128e+01 -9.381411e-03 9.999511e-01 -3.138108e-03 -1.257172e+00 -1.938953e-02 2.955748e-03 9.998076e-01 6.032292e+01
9.997621e-01 -8.851613e-03 -1.993461e-02 1.666979e+01 8.906397e-03 9.999568e-01 2.661053e-03 -1.255883e+00 1.991019e-02 -2.837965e-03 9.997977e-01 5.985849e+01
9.998113e-01 9.810257e-03 1.676466e-02 1.700872e+01 -9.763960e-03 9.999483e-01 -2.841200e-03 -1.260929e+00 -1.679167e-02 2.676974e-03 9.998554e-01 5.939112e+01
9.997731e-01 -8.936367e-03 -1.933639e-02 1.732996e+01 8.986193e-03 9.999565e-01 2.491433e-03 -1.265394e+00 1.931328e-02 -2.664628e-03 9.998099e-01 5.891175e+01
9.998163e-01 9.804718e-03 1.647197e-02 1.764484e+01 -9.761742e-03 9.999487e-01 -2.687433e-03 -1.270027e+00 -1.649748e-02 2.526144e-03 9.998607e-01 5.847355e+01
9.997383e-01 -9.081606e-03 -2.099649e-02 1.787989e+01 9.134269e-03 9.999554e-01 2.413612e-03 -1.275440e+00 2.097363e-02 -2.604767e-03 9.997766e-01 5.813916e+01
9.998027e-01 9.983460e-03 1.717521e-02 1.811729e+01 -9.931471e-03 9.999458e-01 -3.109641e-03 -1.279409e+00 -1.720533e-02 2.938451e-03 9.998477e-01 5.772246e+01
9.998015e-01 -9.164557e-03 -1.768991e-02 1.843624e+01 9.213009e-03 9.999540e-01 2.659390e-03 -1.280766e+00 1.766472e-02 -2.821839e-03 9.998400e-01 5.716030e+01
9.998279e-01 9.998630e-03 1.562972e-02 1.877140e+01 -9.956512e-03 9.999466e-01 -2.770251e-03 -1.283894e+00 -1.565658e-02 2.614156e-03 9.998740e-01 5.667220e+01
9.997783e-01 -9.128105e-03 -1.897280e-02 1.901907e+01 9.170576e-03 9.999556e-01 2.152720e-03 -1.286860e+00 1.895231e-02 -2.326234e-03 9.998177e-01 5.623718e+01
9.997975e-01 9.928673e-03 1.750262e-02 1.928223e+01 -9.879761e-03 9.999471e-01 -2.878814e-03 -1.287043e+00 -1.753028e-02 2.705309e-03 9.998427e-01 5.571365e+01
9.997729e-01 -8.979647e-03 -1.932459e-02 1.960079e+01 9.031633e-03 9.999558e-01 2.604559e-03 -1.289973e+00 1.930035e-02 -2.778500e-03 9.998099e-01 5.522094e+01
9.998116e-01 9.991211e-03 1.663955e-02 1.985821e+01 -9.935452e-03 9.999448e-01 -3.430337e-03 -1.290978e+00 -1.667291e-02 3.264369e-03 9.998557e-01 5.469755e+01
9.998035e-01 -9.212428e-03 -1.755372e-02 2.008900e+01 9.263437e-03 9.999531e-01 2.826781e-03 -1.289206e+00 1.752685e-02 -2.988833e-03 9.998419e-01 5.419584e+01
9.997709e-01 1.031253e-02 1.875794e-02 2.028346e+01 -1.023043e-02 9.999377e-01 -4.467575e-03 -1.280741e+00 -1.880284e-02 4.274649e-03 9.998141e-01 5.354032e+01
9.998727e-01 -9.671855e-03 -1.269340e-02 2.039656e+01 9.709086e-03 9.999487e-01 2.874695e-03 -1.263228e+00 1.266495e-02 -2.997569e-03 9.999153e-01 5.284876e+01
9.998293e-01 1.035545e-02 1.530410e-02 2.056450e+01 -1.029822e-02 9.999397e-01 -3.813991e-03 -1.253052e+00 -1.534267e-02 3.655734e-03 9.998756e-01 5.227690e+01
9.998268e-01 -9.498741e-03 -1.600228e-02 2.078620e+01 9.543960e-03 9.999507e-01 2.751750e-03 -1.249627e+00 1.597535e-02 -2.903998e-03 9.998682e-01 5.171236e+01
9.998335e-01 1.022173e-02 1.511896e-02 2.103525e+01 -1.017658e-02 9.999435e-01 -3.060202e-03 -1.249370e+00 -1.514939e-02 2.905832e-03 9.998810e-01 5.124920e+01
9.997766e-01 -9.374690e-03 -1.894439e-02 2.127432e+01 9.423462e-03 9.999525e-01 2.486832e-03 -1.253108e+00 1.892018e-02 -2.664798e-03 9.998174e-01 5.084177e+01
9.998095e-01 1.034558e-02 1.655257e-02 2.150561e+01 -1.029272e-02 9.999417e-01 -3.275485e-03 -1.252361e+00 -1.658549e-02 3.104489e-03 9.998576e-01 5.033725e+01
9.997808e-01 -9.560174e-03 -1.862903e-02 2.170022e+01 9.609854e-03 9.999505e-01 2.579124e-03 -1.250157e+00 1.860345e-02 -2.757580e-03 9.998231e-01 4.986279e+01
9.998216e-01 1.034500e-02 1.580443e-02 2.196396e+01 -1.029907e-02 9.999425e-01 -2.985089e-03 -1.252177e+00 -1.583440e-02 2.821785e-03 9.998706e-01 4.939346e+01
9.997806e-01 -9.405999e-03 -1.871582e-02 2.225319e+01 9.455817e-03 9.999520e-01 2.575118e-03 -1.255372e+00 1.869070e-02 -2.751526e-03 9.998215e-01 4.891202e+01
9.998152e-01 1.032490e-02 1.621814e-02 2.253497e+01 -1.027710e-02 9.999426e-01 -3.028479e-03 -1.258603e+00 -1.624848e-02 2.861243e-03 9.998639e-01 4.843629e+01
9.997840e-01 -9.423068e-03 -1.852436e-02 2.283188e+01 9.472564e-03 9.999518e-01 2.585983e-03 -1.261788e+00 1.849910e-02 -2.760897e-03 9.998251e-01 4.795434e+01
9.998143e-01 1.031111e-02 1.627757e-02 2.314897e+01 -1.026413e-02 9.999429e-01 -2.967246e-03 -1.265601e+00 -1.630723e-02 2.799619e-03 9.998631e-01 4.745904e+01
9.997916e-01 -9.308245e-03 -1.817174e-02 2.347103e+01 9.351280e-03 9.999537e-01 2.284695e-03 -1.267930e+00 1.814963e-02 -2.454147e-03 9.998323e-01 4.690262e+01
9.997888e-01 1.023625e-02 1.782211e-02 2.371531e+01 -1.018081e-02 9.999431e-01 -3.198641e-03 -1.264266e+00 -1.785384e-02 3.016521e-03 9.998361e-01 4.631829e+01
9.998432e-01 -9.623386e-03 -1.486473e-02 2.378083e+01 9.650308e-03 9.999519e-01 1.740447e-03 -1.249334e+00 1.484726e-02 -1.883623e-03 9.998880e-01 4.576852e+01
9.997643e-01 1.015749e-02 1.918571e-02 2.375261e+01 -1.009135e-02 9.999428e-01 -3.541156e-03 -1.229763e+00 -1.922059e-02 3.346711e-03 9.998097e-01 4.524994e+01
9.998788e-01 -9.987087e-03 -1.194208e-02 2.354536e+01 1.000361e-02 9.999491e-01 1.324998e-03 -1.201815e+00 1.192823e-02 -1.444300e-03 9.999278e-01 4.485732e+01
9.998481e-01 1.061010e-02 1.382473e-02 2.358432e+01 -1.057155e-02 9.999400e-01 -2.858374e-03 -1.187120e+00 -1.385423e-02 2.711791e-03 9.999003e-01 4.433927e+01
9.998662e-01 -1.015929e-02 -1.282292e-02 2.361978e+01 1.018030e-02 9.999469e-01 1.574325e-03 -1.174865e+00 1.280624e-02 -1.704655e-03 9.999165e-01 4.387961e+01
9.998536e-01 1.092442e-02 1.316807e-02 2.383552e+01 -1.089144e-02 9.999374e-01 -2.573435e-03 -1.169058e+00 -1.319536e-02 2.429639e-03 9.999100e-01 4.330296e+01
9.998395e-01 -1.021190e-02 -1.471834e-02 2.409959e+01 1.024364e-02 9.999454e-01 2.082464e-03 -1.168919e+00 1.469627e-02 -2.232899e-03 9.998895e-01 4.280069e+01
9.998502e-01 1.086339e-02 1.347685e-02 2.423269e+01 -1.082229e-02 9.999366e-01 -3.119197e-03 -1.162341e+00 -1.350988e-02 2.972879e-03 9.999043e-01 4.232641e+01
9.998433e-01 -1.047068e-02 -1.427415e-02 2.424936e+01 1.050199e-02 9.999426e-01 2.120488e-03 -1.150851e+00 1.425113e-02 -2.270063e-03 9.998959e-01 4.197290e+01
9.999226e-01 1.029417e-02 6.985094e-03 2.419905e+01 -1.027852e-02 9.999446e-01 -2.273496e-03 -1.148438e+00 -7.008111e-03 2.201523e-03 9.999730e-01 4.189485e+01
9.997889e-01 -1.038928e-02 -1.772902e-02 2.422046e+01 1.043029e-02 9.999431e-01 2.222462e-03 -1.155121e+00 1.770492e-02 -2.406911e-03 9.998404e-01 4.196118e+01
9.998992e-01 1.067345e-02 9.364543e-03 2.429341e+01 -1.065322e-02 9.999408e-01 -2.208313e-03 -1.158278e+00 -9.387559e-03 2.108327e-03 9.999537e-01 4.181554e+01
9.997517e-01 -1.094225e-02 -1.940908e-02 2.417834e+01 1.098636e-02 9.999373e-01 2.167768e-03 -1.157402e+00 1.938414e-02 -2.380465e-03 9.998093e-01 4.201234e+01
9.998678e-01 1.114874e-02 1.183511e-02 2.409683e+01 -1.111771e-02 9.999346e-01 -2.684759e-03 -1.155590e+00 -1.186427e-02 2.552825e-03 9.999264e-01 4.204510e+01
9.997661e-01 -1.084288e-02 -1.871506e-02 2.418780e+01 1.088535e-02 9.999384e-01 2.169207e-03 -1.157395e+00 1.869038e-02 -2.372419e-03 9.998225e-01 4.183301e+01
9.998584e-01 1.113649e-02 1.261844e-02 2.425721e+01 -1.110500e-02 9.999351e-01 -2.563172e-03 -1.156969e+00 -1.264617e-02 2.422680e-03 9.999171e-01 4.162448e+01
9.998171e-01 -1.094076e-02 -1.568712e-02 2.417178e+01 1.096817e-02 9.999385e-01 1.662203e-03 -1.145792e+00 1.566797e-02 -1.833958e-03 9.998756e-01 4.144752e+01
9.998628e-01 1.109524e-02 1.230267e-02 2.418324e+01 -1.106492e-02 9.999356e-01 -2.530483e-03 -1.139791e+00 -1.232995e-02 2.394007e-03 9.999211e-01 4.117537e+01
9.998254e-01 -1.036336e-02 -1.554589e-02 2.433571e+01 1.039078e-02 9.999446e-01 1.684348e-03 -1.136913e+00 1.552758e-02 -1.845587e-03 9.998777e-01 4.075804e+01
9.998163e-01 1.056999e-02 1.598924e-02 2.423854e+01 -1.052461e-02 9.999404e-01 -2.919605e-03 -1.121357e+00 -1.601915e-02 2.750787e-03 9.998679e-01 4.049205e+01
9.998383e-01 -1.088764e-02 -1.431459e-02 2.393758e+01 1.091109e-02 9.999393e-01 1.561030e-03 -1.099087e+00 1.429672e-02 -1.716965e-03 9.998963e-01 4.046558e+01
9.997914e-01 1.058364e-02 1.746731e-02 2.359187e+01 -1.052122e-02 9.999379e-01 -3.661554e-03 -1.071245e+00 -1.750498e-02 3.477012e-03 9.998407e-01 4.037477e+01
9.997580e-01 -1.007082e-02 -1.955999e-02 2.373456e+01 1.012977e-02 9.999444e-01 2.917349e-03 -1.068629e+00 1.952952e-02 -3.114781e-03 9.998044e-01 3.998130e+01
9.998121e-01 1.086476e-02 1.605169e-02 2.399326e+01 -1.081311e-02 9.999361e-01 -3.301660e-03 -1.071906e+00 -1.608654e-02 3.127471e-03 9.998657e-01 3.956043e+01
9.997549e-01 -1.000107e-02 -1.975323e-02 2.428089e+01 1.005888e-02 9.999454e-01 2.829602e-03 -1.076093e+00 1.972385e-02 -3.027603e-03 9.998009e-01 3.911106e+01
9.998061e-01 1.072800e-02 1.651213e-02 2.449405e+01 -1.067380e-02 9.999374e-01 -3.367417e-03 -1.077504e+00 -1.654722e-02 3.190517e-03 9.998580e-01 3.871377e+01
9.996989e-01 -1.032965e-02 -2.225590e-02 2.457752e+01 1.039944e-02 9.999414e-01 3.022366e-03 -1.079334e+00 2.222338e-02 -3.252904e-03 9.997477e-01 3.852300e+01
9.997934e-01 1.108520e-02 1.703893e-02 2.477357e+01 -1.102573e-02 9.999328e-01 -3.580356e-03 -1.084859e+00 -1.707748e-02 3.391749e-03 9.998484e-01 3.821115e+01
9.996752e-01 -1.058562e-02 -2.318141e-02 2.487613e+01 1.066710e-02 9.999373e-01 3.394276e-03 -1.087952e+00 2.314403e-02 -3.640451e-03 9.997255e-01 3.801695e+01
9.998042e-01 1.078015e-02 1.659553e-02 2.481073e+01 -1.071317e-02 9.999341e-01 -4.119644e-03 -1.086947e+00 -1.663885e-02 3.941046e-03 9.998538e-01 3.796663e+01
9.996821e-01 -1.028453e-02 -2.302112e-02 2.487380e+01 1.036618e-02 9.999404e-01 3.430197e-03 -1.090152e+00 2.298447e-02 -3.667747e-03 9.997291e-01 3.779068e+01
9.997734e-01 1.098875e-02 1.823410e-02 2.509276e+01 -1.091481e-02 9.999318e-01 -4.149397e-03 -1.093586e+00 -1.827846e-02 3.949434e-03 9.998251e-01 3.736078e+01
9.997172e-01 -1.034443e-02 -2.141089e-02 2.532093e+01 1.042769e-02 9.999385e-01 3.780692e-03 -1.093685e+00 2.137047e-02 -4.002889e-03 9.997636e-01 3.695289e+01
9.998157e-01 1.104043e-02 1.570531e-02 2.550024e+01 -1.097652e-02 9.999311e-01 -4.149288e-03 -1.098705e+00 -1.575003e-02 3.976133e-03 9.998681e-01 3.667323e+01
9.996465e-01 -1.067619e-02 -2.435013e-02 2.558390e+01 1.077535e-02 9.999342e-01 3.944949e-03 -1.106000e+00 2.430641e-02 -4.205935e-03 9.996957e-01 3.658573e+01
9.998609e-01 1.079953e-02 1.271077e-02 2.563347e+01 -1.075377e-02 9.999355e-01 -3.662694e-03 -1.116881e+00 -1.274951e-02 3.525495e-03 9.999125e-01 3.668851e+01
9.997474e-01 -1.050894e-02 -1.986468e-02 2.561077e+01 1.056851e-02 9.999400e-01 2.896457e-03 -1.116036e+00 1.983305e-02 -3.105665e-03 9.997985e-01 3.655888e+01
9.997991e-01 1.085318e-02 1.685288e-02 2.562762e+01 -1.078896e-02 9.999342e-01 -3.897009e-03 -1.112880e+00 -1.689407e-02 3.714401e-03 9.998504e-01 3.632258e+01
9.997448e-01 -9.940693e-03 -2.028527e-02 2.589813e+01 1.001304e-02 9.999439e-01 3.467797e-03 -1.118468e+00 2.024966e-02 -3.670029e-03 9.997882e-01 3.591147e+01
9.998881e-01 9.640663e-03 1.143982e-02 2.584139e+01 -9.603132e-03 9.999483e-01 -3.331161e-03 -1.118824e+00 -1.147134e-02 3.220930e-03 9.999290e-01 3.594244e+01
9.996889e-01 -1.007565e-02 -2.281801e-02 2.583977e+01 1.016184e-02 9.999417e-01 3.664803e-03 -1.127971e+00 2.277976e-02 -3.895535e-03 9.997329e-01 3.618424e+01
9.998665e-01 1.006504e-02 1.287512e-02 2.577674e+01 -1.002000e-02 9.999435e-01 -3.557542e-03 -1.131022e+00 -1.291020e-02 3.428057e-03 9.999108e-01 3.634643e+01
9.997358e-01 -1.113247e-02 -2.011133e-02 2.545775e+01 1.120895e-02 9.999304e-01 3.694081e-03 -1.117522e+00 2.006881e-02 -3.918531e-03 9.997909e-01 3.678888e+01
9.998190e-01 4.230168e-03 -1.854667e-02 2.543676e+01 -4.172831e-03 9.999864e-01 3.129120e-03 -1.155262e+00 1.855965e-02 -3.051163e-03 9.998231e-01 3.966487e+01
9.998338e-01 -1.436305e-02 -1.123044e-02 2.552947e+01 1.439411e-02 9.998928e-01 2.689509e-03 -1.184258e+00 1.119061e-02 -2.850713e-03 9.999333e-01 4.211075e+01
9.998871e-01 1.471328e-02 3.055994e-03 2.559323e+01 -1.470547e-02 9.998886e-01 -2.562039e-03 -1.187469e+00 -3.093350e-03 2.516810e-03 9.999920e-01 4.199873e+01
9.998064e-01 -1.448766e-02 -1.331803e-02 2.561906e+01 1.452124e-02 9.998916e-01 2.428038e-03 -1.195971e+00 1.328141e-02 -2.620961e-03 9.999084e-01 4.202921e+01
9.998776e-01 1.413338e-02 6.711630e-03 2.546597e+01 -1.411625e-02 9.998970e-01 -2.593479e-03 -1.191423e+00 -6.747594e-03 2.498418e-03 9.999741e-01 4.213929e+01
9.998455e-01 -1.412850e-02 -1.045909e-02 2.521994e+01 1.414692e-02 9.998985e-01 1.689871e-03 -1.178136e+00 1.043415e-02 -1.837573e-03 9.999439e-01 4.226007e+01
9.998942e-01 1.426367e-02 2.841153e-03 2.513670e+01 -1.425800e-02 9.998963e-01 -2.005622e-03 -1.177471e+00 -2.869466e-03 1.964900e-03 9.999940e-01 4.228901e+01
9.998353e-01 -1.384561e-02 -1.172925e-02 2.514257e+01 1.386504e-02 9.999026e-01 1.576785e-03 -1.182073e+00 1.170628e-02 -1.739152e-03 9.999300e-01 4.224210e+01
9.998810e-01 1.442658e-02 5.467384e-03 2.521979e+01 -1.441559e-02 9.998940e-01 -2.043065e-03 -1.184076e+00 -5.496279e-03 1.964006e-03 9.999830e-01 4.204086e+01
9.998497e-01 -1.438455e-02 -9.682658e-03 2.509747e+01 1.439986e-02 9.998952e-01 1.513198e-03 -1.176731e+00 9.659877e-03 -1.652399e-03 9.999520e-01 4.202743e+01
9.998870e-01 1.472216e-02 3.026294e-03 2.499990e+01 -1.471659e-02 9.998900e-01 -1.854782e-03 -1.174968e+00 -3.053268e-03 1.810036e-03 9.999937e-01 4.213522e+01
9.998190e-01 -1.442077e-02 -1.241083e-02 2.499772e+01 1.444138e-02 9.998945e-01 1.572348e-03 -1.180923e+00 1.238684e-02 -1.751292e-03 9.999217e-01 4.216416e+01
9.998913e-01 1.459206e-02 2.114931e-03 2.501216e+01 -1.458888e-02 9.998924e-01 -1.511439e-03 -1.188602e+00 -2.136759e-03 1.480420e-03 9.999966e-01 4.220563e+01
9.998019e-01 -1.467732e-02 -1.344442e-02 2.503917e+01 1.470087e-02 9.998906e-01 1.654336e-03 -1.198605e+00 1.341867e-02 -1.851652e-03 9.999083e-01 4.233025e+01
9.998940e-01 1.454104e-02 7.414589e-04 2.505365e+01 -1.454022e-02 9.998937e-01 -1.101503e-03 -1.209589e+00 -7.573971e-04 1.090605e-03 9.999991e-01 4.256701e+01
9.998423e-01 -1.476142e-02 -9.874222e-03 2.495027e+01 1.477287e-02 9.998903e-01 1.087810e-03 -1.210514e+00 9.857081e-03 -1.233509e-03 9.999507e-01 4.287721e+01
9.998908e-01 1.477590e-02 -3.890053e-04 2.488151e+01 -1.477624e-02 9.998904e-01 -8.879744e-04 -1.214139e+00 3.758420e-04 8.936250e-04 9.999995e-01 4.311231e+01
9.998351e-01 -1.466077e-02 -1.071718e-02 2.491976e+01 1.467253e-02 9.998918e-01 1.019766e-03 -1.223964e+00 1.070107e-02 -1.176846e-03 9.999420e-01 4.321305e+01
9.998880e-01 1.476148e-02 2.480808e-03 2.482372e+01 -1.475888e-02 9.998905e-01 -1.064339e-03 -1.223705e+00 -2.496248e-03 1.027605e-03 9.999964e-01 4.338838e+01
9.998499e-01 -1.446905e-02 -9.525874e-03 2.480250e+01 1.447334e-02 9.998952e-01 3.819906e-04 -1.223108e+00 9.519349e-03 -5.198041e-04 9.999546e-01 4.334962e+01
9.998746e-01 1.512978e-02 4.673192e-03 2.497246e+01 -1.512678e-02 9.998854e-01 -6.769584e-04 -1.226091e+00 -4.682898e-03 6.061828e-04 9.999889e-01 4.304775e+01
9.998745e-01 -1.523757e-02 -4.335678e-03 2.475660e+01 1.523512e-02 9.998838e-01 -5.973952e-04 -1.208477e+00 4.344277e-03 5.312661e-04 9.999904e-01 4.294092e+01
9.998592e-01 1.543526e-02 6.577392e-03 2.464589e+01 -1.542734e-02 9.998802e-01 -1.254383e-03 -1.190857e+00 -6.595966e-03 1.152735e-03 9.999776e-01 4.257752e+01
9.998719e-01 -1.495711e-02 -5.691862e-03 2.470789e+01 1.495913e-02 9.998881e-01 3.127916e-04 -1.181250e+00 5.686546e-03 -3.978964e-04 9.999838e-01 4.215466e+01
9.998723e-01 1.556078e-02 3.642627e-03 2.492072e+01 -1.555919e-02 9.998788e-01 -4.643194e-04 -1.181864e+00 -3.649411e-03 4.075833e-04 9.999933e-01 4.175884e+01
9.998667e-01 -1.488441e-02 -6.715799e-03 2.507488e+01 1.487980e-02 9.998890e-01 -7.352093e-04 -1.174050e+00 6.725997e-03 6.351820e-04 9.999772e-01 4.123563e+01
9.998212e-01 1.557619e-02 1.072100e-02 2.523250e+01 -1.556650e-02 9.998783e-01 -9.868756e-04 -1.160711e+00 -1.073507e-02 8.198103e-04 9.999420e-01 4.050726e+01
9.998648e-01 -1.537982e-02 -5.819931e-03 2.526152e+01 1.537916e-02 9.998817e-01 -1.570192e-04 -1.141707e+00 5.821658e-03 6.749269e-05 9.999831e-01 3.995428e+01
9.998490e-01 1.543153e-02 7.993258e-03 2.493983e+01 -1.542066e-02 9.998801e-01 -1.419522e-03 -1.112493e+00 -8.014205e-03 1.296046e-03 9.999670e-01 3.984824e+01
9.998638e-01 -1.537098e-02 -6.007836e-03 2.472035e+01 1.536763e-02 9.998817e-01 -6.041951e-04 -1.089391e+00 6.016413e-03 5.117871e-04 9.999818e-01 3.956607e+01
9.998501e-01 1.524196e-02 8.212110e-03 2.472572e+01 -1.523832e-02 9.998838e-01 -5.052894e-04 -1.076560e+00 -8.218857e-03 3.800745e-04 9.999662e-01 3.918802e+01
9.997860e-01 -1.470486e-02 -1.455027e-02 2.487622e+01 1.471032e-02 9.998918e-01 2.682681e-04 -1.079575e+00 1.454475e-02 -4.822493e-04 9.998941e-01 3.894114e+01
9.998681e-01 1.479446e-02 6.705525e-03 2.476735e+01 -1.479148e-02 9.998905e-01 -4.939694e-04 -1.077754e+00 -6.712098e-03 3.947192e-04 9.999774e-01 3.903392e+01
9.998456e-01 -1.543057e-02 -8.411301e-03 2.431184e+01 1.542981e-02 9.998809e-01 -1.554588e-04 -1.050635e+00 8.412699e-03 2.565043e-05 9.999646e-01 3.943427e+01
9.998460e-01 1.483367e-02 9.375103e-03 2.384612e+01 -1.482489e-02 9.998896e-01 -1.005703e-03 -1.021909e+00 -9.388987e-03 8.665627e-04 9.999555e-01 3.992627e+01
9.996998e-01 -1.505884e-02 -1.932602e-02 2.372147e+01 1.508018e-02 9.998858e-01 9.589307e-04 -1.022435e+00 1.930937e-02 -1.250082e-03 9.998128e-01 4.028523e+01
9.998383e-01 1.480759e-02 1.020018e-02 2.355567e+01 -1.479844e-02 9.998900e-01 -9.720157e-04 -1.019338e+00 -1.021345e-02 8.209114e-04 9.999475e-01 4.065294e+01
9.997096e-01 -1.502925e-02 -1.883648e-02 2.339217e+01 1.504597e-02 9.998865e-01 7.465165e-04 -1.016340e+00 1.882312e-02 -1.029712e-03 9.998223e-01 4.098364e+01
9.998420e-01 1.442391e-02 1.038727e-02 2.311254e+01 -1.441749e-02 9.998958e-01 -6.929416e-04 -1.006255e+00 -1.039618e-02 5.430734e-04 9.999458e-01 4.149474e+01
9.997805e-01 -1.522494e-02 -1.438938e-02 2.271168e+01 1.523000e-02 9.998840e-01 2.415567e-04 -9.858579e-01 1.438403e-02 -4.606534e-04 9.998964e-01 4.213184e+01
9.997932e-01 1.446119e-02 1.430138e-02 2.212676e+01 -1.444680e-02 9.998950e-01 -1.108686e-03 -9.503755e-01 -1.431591e-02 9.018475e-04 9.998971e-01 4.283417e+01
9.997999e-01 -1.547327e-02 -1.267771e-02 2.154583e+01 1.547775e-02 9.998802e-01 2.552755e-04 -9.136689e-01 1.267224e-02 -4.514463e-04 9.999196e-01 4.354565e+01
9.998505e-01 1.457446e-02 9.299988e-03 2.110803e+01 -1.456933e-02 9.998937e-01 -6.195150e-04 -8.900931e-01 -9.308028e-03 4.839275e-04 9.999566e-01 4.420515e+01
9.998188e-01 -1.554162e-02 -1.099433e-02 2.061375e+01 1.554223e-02 9.998792e-01 -2.958076e-05 -8.617626e-01 1.099347e-02 -1.413007e-04 9.999396e-01 4.487729e+01
9.998118e-01 1.535775e-02 1.185135e-02 2.034227e+01 -1.533557e-02 9.998805e-01 -1.960226e-03 -8.408774e-01 -1.188003e-02 1.778109e-03 9.999278e-01 4.478353e+01
9.998735e-01 -1.560863e-02 -3.050349e-03 1.998316e+01 1.560914e-02 9.998782e-01 1.439990e-04 -8.018325e-01 3.047730e-03 -1.915937e-04 9.999953e-01 4.452720e+01
9.997320e-01 1.486403e-02 1.775034e-02 1.933561e+01 -1.481021e-02 9.998853e-01 -3.159617e-03 -7.463634e-01 -1.779527e-02 2.895883e-03 9.998375e-01 4.452556e+01
9.998632e-01 -1.505853e-02 -6.840623e-03 1.883089e+01 1.506204e-02 9.998865e-01 4.615079e-04 -7.040804e-01 6.832897e-03 -5.644781e-04 9.999765e-01 4.448358e+01
9.998735e-01 1.486163e-02 5.670661e-03 1.859941e+01 -1.485394e-02 9.998887e-01 -1.395133e-03 -6.870277e-01 -5.690764e-03 1.310724e-03 9.999829e-01 4.445884e+01
9.998483e-01 -1.508088e-02 -8.719691e-03 1.827202e+01 1.508495e-02 9.998861e-01 4.012967e-04 -6.673009e-01 8.712646e-03 -5.327715e-04 9.999619e-01 4.464031e+01
9.998648e-01 1.508926e-02 6.534094e-03 1.794529e+01 -1.507966e-02 9.998851e-01 -1.517122e-03 -6.469447e-01 -6.556235e-03 1.418384e-03 9.999775e-01 4.485612e+01
9.997861e-01 -1.513047e-02 -1.410403e-02 1.778631e+01 1.514755e-02 9.998847e-01 1.104817e-03 -6.397921e-01 1.408568e-02 -1.318221e-03 9.998999e-01 4.491720e+01
9.998409e-01 1.515298e-02 9.409498e-03 1.760180e+01 -1.513457e-02 9.998834e-01 -2.024515e-03 -6.302131e-01 -9.439079e-03 1.881783e-03 9.999537e-01 4.497572e+01
9.998194e-01 -1.540940e-02 -1.112127e-02 1.727574e+01 1.542353e-02 9.998803e-01 1.185773e-03 -6.068053e-01 1.110167e-02 -1.357087e-03 9.999375e-01 4.510312e+01
9.998157e-01 1.213110e-02 -1.488118e-02 1.720753e+01 -1.209622e-02 9.999239e-01 2.431884e-03 -6.271719e-01 1.490955e-02 -2.251430e-03 9.998863e-01 4.673991e+01
9.995676e-01 -2.142795e-02 -2.013763e-02 1.730898e+01 2.149812e-02 9.997635e-01 3.274869e-03 -6.703174e-01 2.006270e-02 -3.706373e-03 9.997919e-01 4.929039e+01
9.998486e-01 1.714151e-02 2.988446e-03 1.729885e+01 -1.713870e-02 9.998527e-01 -9.635434e-04 -6.870317e-01 -3.004522e-03 9.121790e-04 9.999951e-01 5.045621e+01
9.998019e-01 -1.769957e-02 -9.105743e-03 1.712406e+01 1.770322e-02 9.998432e-01 3.199827e-04 -6.763279e-01 9.098652e-03 -4.811198e-04 9.999585e-01 5.050188e+01
9.998231e-01 1.802174e-02 5.387437e-03 1.713076e+01 -1.801710e-02 9.998373e-01 -9.090371e-04 -6.708554e-01 -5.402943e-03 8.118099e-04 9.999851e-01 5.027076e+01
9.997230e-01 -1.818006e-02 -1.494453e-02 1.709829e+01 1.819551e-02 9.998340e-01 8.983538e-04 -6.739309e-01 1.492571e-02 -1.170028e-03 9.998879e-01 5.032328e+01
9.998288e-01 1.793973e-02 4.521026e-03 1.705850e+01 -1.793606e-02 9.998388e-01 -8.503752e-04 -6.795242e-01 -4.535553e-03 7.691399e-04 9.999894e-01 5.053691e+01
9.997360e-01 -1.771759e-02 -1.462740e-02 1.708232e+01 1.772912e-02 9.998426e-01 6.590600e-04 -6.861331e-01 1.461342e-02 -9.182165e-04 9.998928e-01 5.053959e+01
9.998430e-01 1.754490e-02 2.473631e-03 1.707814e+01 -1.754450e-02 9.998461e-01 -1.839234e-04 -6.942332e-01 -2.476477e-03 1.404955e-04 9.999969e-01 5.073744e+01
9.997382e-01 -1.780787e-02 -1.436498e-02 1.710864e+01 1.781523e-02 9.998412e-01 3.851518e-04 -7.043991e-01 1.435584e-02 -6.409661e-04 9.998967e-01 5.094870e+01
9.998400e-01 1.748781e-02 3.763111e-03 1.718537e+01 -1.748771e-02 9.998471e-01 -5.990083e-05 -7.142901e-01 -3.763583e-03 -5.917345e-06 9.999929e-01 5.101579e+01
9.997448e-01 -1.729836e-02 -1.452804e-02 1.726098e+01 1.729883e-02 9.998504e-01 -9.377137e-05 -7.215990e-01 1.452749e-02 -1.575702e-04 9.998945e-01 5.095439e+01
9.998324e-01 1.756656e-02 5.154002e-03 1.734292e+01 -1.756738e-02 9.998457e-01 1.124624e-04 -7.286692e-01 -5.151231e-03 -2.029863e-04 9.999867e-01 5.086383e+01
9.997353e-01 -1.710601e-02 -1.538630e-02 1.738868e+01 1.710204e-02 9.998537e-01 -3.894627e-04 -7.354049e-01 1.539071e-02 1.262229e-04 9.998815e-01 5.080368e+01
9.998262e-01 1.726344e-02 7.034731e-03 1.736942e+01 -1.726420e-02 9.998510e-01 4.723432e-05 -7.382846e-01 -7.032867e-03 -1.686755e-04 9.999753e-01 5.078203e+01
9.997483e-01 -1.708125e-02 -1.454882e-02 1.732850e+01 1.707169e-02 9.998540e-01 -7.810174e-04 -7.396574e-01 1.456004e-02 5.324483e-04 9.998939e-01 5.073483e+01
9.998148e-01 1.746894e-02 8.074234e-03 1.738248e+01 -1.747095e-02 9.998474e-01 1.783621e-04 -7.416641e-01 -8.069885e-03 -3.193940e-04 9.999674e-01 5.055102e+01
9.997371e-01 -1.736056e-02 -1.497777e-02 1.734329e+01 1.735379e-02 9.998492e-01 -5.819529e-04 -7.402392e-01 1.498562e-02 3.218792e-04 9.998877e-01 5.052072e+01
9.997890e-01 1.766537e-02 1.048454e-02 1.720233e+01 -1.766268e-02 9.998439e-01 -3.490658e-04 -7.319577e-01 -1.048907e-02 1.638067e-04 9.999450e-01 5.052888e+01
9.997374e-01 -1.748064e-02 -1.481499e-02 1.713736e+01 1.747616e-02 9.998472e-01 -4.316608e-04 -7.266628e-01 1.482027e-02 1.726388e-04 9.998902e-01 5.043843e+01
9.998027e-01 1.773174e-02 8.954541e-03 1.707697e+01 -1.772995e-02 9.998428e-01 -2.792499e-04 -7.237695e-01 -8.958085e-03 1.204309e-04 9.999599e-01 5.037125e+01
9.997392e-01 -1.748283e-02 -1.469220e-02 1.708995e+01 1.747836e-02 9.998471e-01 -4.331164e-04 -7.238458e-01 1.469753e-02 1.762082e-04 9.998920e-01 5.023501e+01
9.998197e-01 1.788457e-02 6.382322e-03 1.712256e+01 -1.788691e-02 9.998400e-01 3.094404e-04 -7.263474e-01 -6.375766e-03 -4.235450e-04 9.999796e-01 5.012446e+01
9.997628e-01 -1.759120e-02 -1.283868e-02 1.719925e+01 1.758290e-02 9.998451e-01 -7.595816e-04 -7.282251e-01 1.285005e-02 5.336607e-04 9.999173e-01 4.993251e+01
9.998354e-01 1.773896e-02 3.801375e-03 1.720425e+01 -1.774190e-02 9.998423e-01 7.406005e-04 -7.305158e-01 -3.787638e-03 -8.079226e-04 9.999925e-01 4.988912e+01
9.997654e-01 -1.767908e-02 -1.251531e-02 1.729377e+01 1.766770e-02 9.998434e-01 -1.018644e-03 -7.388211e-01 1.253136e-02 7.972881e-04 9.999212e-01 4.985578e+01
9.998501e-01 1.729641e-02 7.823874e-04 1.733826e+01 -1.729757e-02 9.998493e-01 1.499064e-03 -7.471877e-01 -7.563410e-04 -1.512373e-03 9.999986e-01 4.994885e+01
9.997177e-01 -1.812491e-02 -1.536553e-02 1.732559e+01 1.811663e-02 9.998357e-01 -6.777257e-04 -7.586993e-01 1.537529e-02 3.991630e-04 9.998817e-01 5.042485e+01
9.998512e-01 1.721560e-02 1.133321e-03 1.734706e+01 -1.721739e-02 9.998505e-01 1.589206e-03 -7.713836e-01 -1.105792e-03 -1.608483e-03 9.999981e-01 5.078293e+01
9.997920e-01 -1.679711e-02 -1.156494e-02 1.745945e+01 1.677729e-02 9.998576e-01 -1.808899e-03 -7.793667e-01 1.159368e-02 1.614495e-03 9.999315e-01 5.067709e+01
9.998503e-01 1.684635e-02 3.948971e-03 1.746329e+01 -1.685344e-02 9.998564e-01 1.769771e-03 -7.777131e-01 -3.918590e-03 -1.836060e-03 9.999906e-01 5.057618e+01
9.998186e-01 -1.662118e-02 -9.295374e-03 1.746512e+01 1.659955e-02 9.998593e-01 -2.399451e-03 -7.773496e-01 9.333948e-03 2.244717e-03 9.999539e-01 5.043995e+01
9.997432e-01 1.723274e-02 1.471950e-02 1.817313e+01 -1.725108e-02 9.998506e-01 1.119591e-03 -7.810248e-01 -1.469800e-02 -1.373231e-03 9.998910e-01 4.960768e+01
9.998227e-01 -1.534440e-02 -1.091091e-02 1.922832e+01 1.532577e-02 9.998810e-01 -1.789525e-03 -7.783171e-01 1.093707e-02 1.621990e-03 9.999389e-01 4.847724e+01
9.997748e-01 1.743705e-02 1.209519e-02 2.021357e+01 -1.744720e-02 9.998475e-01 7.343842e-04 -7.743069e-01 -1.208054e-02 -9.452465e-04 9.999266e-01 4.727577e+01
