9.999319e-01 1.646771e-03 -1.155760e-02 1.286746e-01 -1.624949e-03 9.999969e-01 1.897244e-03 -3.821140e-03 1.156069e-02 -1.878335e-03 9.999314e-01 -1.126018e-01
1.000000e+00 -5.214919e-05 5.329366e-06 3.264441e-01 5.215182e-05 9.999999e-01 -4.884747e-04 -4.042078e-03 -5.303552e-06 4.884757e-04 9.999999e-01 -4.624919e-01
9.999249e-01 1.074759e-03 -1.220533e-02 5.267918e-01 -1.050574e-03 9.999975e-01 1.987721e-03 -7.331968e-03 1.220743e-02 -1.974749e-03 9.999235e-01 -6.386473e-01
9.999996e-01 7.229116e-04 -5.730483e-04 9.427461e-01 -7.229849e-04 9.999997e-01 -1.278277e-04 -5.260762e-03 5.729561e-04 1.282426e-04 9.999998e-01 -1.249846e+00
9.998961e-01 1.483897e-03 -1.433723e-02 1.601594e+00 -1.452308e-03 9.999965e-01 2.213440e-03 2.431798e-03 1.434047e-02 -2.192388e-03 9.998948e-01 -2.311045e+00
9.999979e-01 5.066169e-04 1.973964e-03 1.968079e+00 -5.055832e-04 9.999997e-01 -5.241103e-04 7.723521e-03 -1.974229e-03 5.231119e-04 9.999979e-01 -3.046400e+00
9.998941e-01 2.136962e-03 -1.439583e-02 2.403681e+00 -2.105538e-03 9.999954e-01 2.197691e-03 1.148530e-02 1.440046e-02 -2.167148e-03 9.998940e-01 -3.875200e+00
9.999997e-01 7.098194e-04 -1.797072e-04 3.008333e+00 -7.098788e-04 9.999997e-01 -3.308036e-04 2.213591e-02 1.794726e-04 3.309318e-04 9.999999e-01 -5.162213e+00
9.999165e-01 2.640305e-03 -1.265228e-02 3.712951e+00 -2.616146e-03 9.999947e-01 1.925655e-03 3.535815e-02 1.265730e-02 -1.892395e-03 9.999181e-01 -6.689121e+00
9.999920e-01 9.906875e-04 -3.871500e-03 4.645073e+00 -9.899436e-04 9.999995e-01 1.940327e-04 5.608685e-02 3.871690e-03 -1.901979e-04 9.999925e-01 -8.714596e+00
9.999410e-01 3.544806e-03 -1.026408e-02 5.533958e+00 -3.530820e-03 9.999928e-01 1.380366e-03 7.527680e-02 1.026890e-02 -1.344045e-03 9.999464e-01 -1.068425e+01
9.999779e-01 8.506256e-04 -6.591043e-03 6.697871e+00 -8.467265e-04 9.999995e-01 5.943360e-04 1.064828e-01 6.591545e-03 -5.887413e-04 9.999781e-01 -1.328431e+01
9.999777e-01 1.695099e-03 -6.463565e-03 7.196582e+00 -1.687710e-03 9.999979e-01 1.148494e-03 1.209462e-01 6.465498e-03 -1.137561e-03 9.999785e-01 -1.455705e+01
9.999907e-01 9.400825e-04 -4.217279e-03 7.395748e+00 -9.411718e-04 9.999995e-01 -2.563364e-04 1.252652e-01 4.217036e-03 2.603039e-04 9.999911e-01 -1.516902e+01
9.999546e-01 1.687363e-03 -9.383125e-03 7.636901e+00 -1.670860e-03 9.999970e-01 1.766437e-03 1.305405e-01 9.386077e-03 -1.750680e-03 9.999544e-01 -1.574036e+01
9.999802e-01 4.242914e-05 -6.297044e-03 7.907693e+00 -3.549068e-05 9.999994e-01 1.101954e-03 1.178536e-01 6.297087e-03 -1.101708e-03 9.999796e-01 -1.564918e+01
9.999040e-01 -1.987375e-03 -1.370933e-02 8.207456e+00 2.047889e-03 9.999882e-01 4.401419e-03 8.413484e-02 1.370042e-02 -4.429072e-03 9.998963e-01 -1.452071e+01
9.999587e-01 5.423849e-04 -9.072444e-03 8.573232e+00 -5.373877e-04 9.999997e-01 5.532204e-04 5.643355e-02 9.072741e-03 -5.483215e-04 9.999587e-01 -1.372018e+01
9.998628e-01 -2.248249e-03 -1.641208e-02 9.008788e+00 2.327798e-03 9.999856e-01 4.829439e-03 2.946657e-02 1.640098e-02 -4.866981e-03 9.998536e-01 -1.299789e+01
9.999694e-01 6.839410e-04 -7.788729e-03 9.440219e+00 -6.812708e-04 9.999997e-01 3.454542e-04 3.117932e-03 7.788963e-03 -3.401367e-04 9.999696e-01 -1.231242e+01
9.998485e-01 -4.831072e-04 -1.739817e-02 1.003057e+01 5.598200e-04 9.999901e-01 4.404655e-03 -9.654737e-03 1.739587e-02 -4.413728e-03 9.998389e-01 -1.232398e+01
9.999890e-01 -3.113147e-04 -4.675937e-03 1.040687e+01 3.115555e-04 1.000000e+00 5.072848e-05 -3.254260e-02 4.675922e-03 -5.218403e-05 9.999891e-01 -1.171973e+01
9.998881e-01 -1.551425e-03 -1.487703e-02 1.067782e+01 1.628898e-03 9.999852e-01 5.196909e-03 -6.634061e-02 1.486875e-02 -5.220561e-03 9.998758e-01 -1.057015e+01
9.999916e-01 -8.129178e-04 -4.020920e-03 1.095266e+01 8.156483e-04 9.999994e-01 6.774334e-04 -1.035067e-01 4.020368e-03 -6.807066e-04 9.999917e-01 -9.189972e+00
9.998085e-01 5.229377e-04 -1.956142e-02 1.136569e+01 -4.237530e-04 9.999870e-01 5.074235e-03 -1.231074e-01 1.956382e-02 -5.064975e-03 9.997958e-01 -8.731736e+00
9.999969e-01 -2.704690e-04 -2.486134e-03 1.177577e+01 2.679381e-04 9.999994e-01 -1.018369e-03 -1.360126e-01 2.486408e-03 1.017700e-03 9.999964e-01 -8.605216e+00
9.997363e-01 8.894413e-04 -2.294673e-02 1.231668e+01 -7.517528e-04 9.999817e-01 6.008290e-03 -1.463697e-01 2.295165e-02 -5.989456e-03 9.997186e-01 -8.682580e+00
9.999942e-01 9.811634e-04 -3.253564e-03 1.301163e+01 -9.826917e-04 9.999994e-01 -4.682324e-04 -1.471857e-01 3.253103e-03 4.714277e-04 9.999946e-01 -9.188445e+00
9.997794e-01 2.689190e-03 -2.083242e-02 1.397509e+01 -2.587602e-03 9.999846e-01 4.901848e-03 -1.354928e-01 2.084528e-02 -4.846861e-03 9.997710e-01 -1.036033e+01
9.999991e-01 -1.263906e-03 3.494100e-04 1.447056e+01 1.264191e-03 9.999989e-01 -8.160407e-04 -1.398287e-01 -3.483779e-04 8.164824e-04 9.999996e-01 -1.063182e+01
9.996880e-01 2.042762e-04 -2.497719e-02 1.491945e+01 -5.689192e-05 9.999826e-01 5.901331e-03 -1.541000e-01 2.497796e-02 -5.898070e-03 9.996706e-01 -1.043567e+01
9.999978e-01 1.287259e-03 1.684125e-03 1.557165e+01 -1.285031e-03 9.999983e-01 -1.323373e-03 -1.569907e-01 -1.685826e-03 1.321207e-03 9.999977e-01 -1.086724e+01
9.997176e-01 2.973378e-04 -2.376093e-02 1.621717e+01 -1.613335e-04 9.999836e-01 5.725584e-03 -1.608924e-01 2.376224e-02 -5.720134e-03 9.997013e-01 -1.128437e+01
9.999795e-01 -4.756900e-05 6.409380e-03 1.655885e+01 6.481441e-05 9.999964e-01 -2.690435e-03 -1.794278e-01 -6.409228e-03 2.690796e-03 9.999758e-01 -1.097914e+01
9.995552e-01 -1.898892e-03 -2.976162e-02 1.688102e+01 2.135680e-03 9.999663e-01 7.926404e-03 -2.100331e-01 2.974556e-02 -7.986441e-03 9.995256e-01 -1.001913e+01
9.999696e-01 -1.255865e-04 7.796315e-03 1.721238e+01 1.428484e-04 9.999975e-01 -2.213569e-03 -2.427234e-01 -7.796018e-03 2.214616e-03 9.999672e-01 -8.958758e+00
9.996070e-01 -1.513982e-03 -2.799319e-02 1.747085e+01 1.713643e-03 9.999733e-01 7.109881e-03 -2.763743e-01 2.798168e-02 -7.155058e-03 9.995828e-01 -7.888460e+00
9.999770e-01 -3.209518e-04 6.772362e-03 1.776272e+01 3.339034e-04 9.999981e-01 -1.911335e-03 -3.068507e-01 -6.771736e-03 1.913553e-03 9.999752e-01 -6.894456e+00
9.995575e-01 -1.242392e-03 -2.971967e-02 1.811321e+01 1.448590e-03 9.999750e-01 6.917572e-03 -3.338876e-01 2.971033e-02 -6.957564e-03 9.995343e-01 -6.156571e+00
9.999947e-01 -1.767362e-04 3.265318e-03 1.851462e+01 1.813158e-04 9.999990e-01 -1.402173e-03 -3.578723e-01 -3.265067e-03 1.402759e-03 9.999937e-01 -5.500608e+00
9.996288e-01 -1.178142e-03 -2.721901e-02 1.892218e+01 1.346541e-03 9.999801e-01 6.169323e-03 -3.820180e-01 2.721120e-02 -6.203685e-03 9.996105e-01 -4.883504e+00
9.999995e-01 3.810179e-04 9.247189e-04 1.956377e+01 -3.797361e-04 9.999990e-01 -1.385639e-03 -3.992986e-01 -9.252456e-04 1.385287e-03 9.999986e-01 -4.720069e+00
9.995896e-01 -1.935491e-03 -2.858064e-02 2.021909e+01 2.124359e-03 9.999761e-01 6.579370e-03 -4.188391e-01 2.856722e-02 -6.637386e-03 9.995698e-01 -4.429405e+00
9.999982e-01 -1.660141e-03 -9.603056e-04 2.071376e+01 1.659851e-03 9.999986e-01 -3.025781e-04 -4.719384e-01 9.608069e-04 3.009842e-04 9.999995e-01 -2.685756e+00
9.997937e-01 -2.627024e-03 -2.014030e-02 2.103521e+01 2.795067e-03 9.999615e-01 8.320042e-03 -5.222513e-01 2.011767e-02 -8.374620e-03 9.997625e-01 -5.698073e-01
9.999881e-01 1.093973e-03 4.761517e-03 2.122005e+01 -1.078651e-03 9.999942e-01 -3.219113e-03 -5.523432e-01 -4.765011e-03 3.213940e-03 9.999835e-01 6.063439e-01
9.996609e-01 -4.364312e-03 -2.567151e-02 2.139677e+01 4.615621e-03 9.999419e-01 9.738329e-03 -6.027791e-01 2.562752e-02 -9.853517e-03 9.996230e-01 2.587982e+00
9.999647e-01 1.911529e-03 8.179769e-03 2.161854e+01 -1.886287e-03 9.999934e-01 -3.092520e-03 -6.441005e-01 -8.185626e-03 3.076982e-03 9.999618e-01 4.265373e+00
9.997252e-01 -3.434187e-03 -2.319025e-02 2.174002e+01 3.611536e-03 9.999645e-01 7.610037e-03 -6.715467e-01 2.316329e-02 -7.691698e-03 9.997021e-01 5.413424e+00
9.999348e-01 2.814876e-03 1.106406e-02 2.181927e+01 -2.772554e-03 9.999888e-01 -3.838568e-03 -6.928062e-01 -1.107474e-02 3.807643e-03 9.999314e-01 6.239802e+00
9.997087e-01 -3.086869e-03 -2.393796e-02 2.189896e+01 3.261075e-03 9.999685e-01 7.241781e-03 -7.119635e-01 2.391485e-02 -7.317735e-03 9.996872e-01 6.948270e+00
9.999331e-01 3.828808e-03 1.091260e-02 2.200407e+01 -3.784294e-03 9.999844e-01 -4.096791e-03 -7.189454e-01 -1.092811e-02 4.055221e-03 9.999321e-01 7.129561e+00
9.998185e-01 -1.633468e-03 -1.897961e-02 2.210137e+01 1.730447e-03 9.999855e-01 5.094336e-03 -7.146980e-01 1.897101e-02 -5.126255e-03 9.998069e-01 6.628032e+00
9.999402e-01 3.744647e-03 1.027291e-02 2.218715e+01 -3.704910e-03 9.999856e-01 -3.884391e-03 -7.108850e-01 -1.028731e-02 3.846100e-03 9.999397e-01 6.178836e+00
9.998408e-01 -1.671138e-03 -1.776389e-02 2.224025e+01 1.759024e-03 9.999863e-01 4.933004e-03 -7.069853e-01 1.775540e-02 -4.963466e-03 9.998300e-01 5.743316e+00
9.999773e-01 2.304943e-03 6.332633e-03 2.225191e+01 -2.287655e-03 9.999936e-01 -2.735848e-03 -7.177601e-01 -6.338898e-03 2.721300e-03 9.999762e-01 6.167582e+00
9.998663e-01 -2.495087e-03 -1.616264e-02 2.232049e+01 2.596184e-03 9.999772e-01 6.237044e-03 -7.300094e-01 1.614671e-02 -6.278171e-03 9.998499e-01 6.741552e+00
9.999761e-01 3.031314e-03 6.210477e-03 2.231815e+01 -3.006890e-03 9.999877e-01 -3.938111e-03 -7.392043e-01 -6.222338e-03 3.919344e-03 9.999730e-01 7.161101e+00
9.998591e-01 -1.610980e-03 -1.671088e-02 2.234188e+01 1.715376e-03 9.999791e-01 6.234726e-03 -7.387109e-01 1.670048e-02 -6.262514e-03 9.998409e-01 7.057377e+00
9.999431e-01 4.622931e-03 9.615608e-03 2.248666e+01 -4.571468e-03 9.999751e-01 -5.367094e-03 -7.298814e-01 -9.640181e-03 5.322832e-03 9.999394e-01 6.175369e+00
9.998634e-01 -1.419423e-03 -1.646532e-02 2.267195e+01 1.518072e-03 9.999810e-01 5.980394e-03 -7.191268e-01 1.645652e-02 -6.004573e-03 9.998466e-01 5.138430e+00
9.999424e-01 4.682839e-03 9.655479e-03 2.284875e+01 -4.632148e-03 9.999754e-01 -5.265629e-03 -7.080857e-01 -9.679899e-03 5.220601e-03 9.999395e-01 4.110625e+00
9.998600e-01 -1.798930e-03 -1.663294e-02 2.300186e+01 1.897240e-03 9.999808e-01 5.896703e-03 -6.980558e-01 1.662201e-02 -5.927435e-03 9.998443e-01 3.173448e+00
9.999495e-01 4.321785e-03 9.075486e-03 2.312195e+01 -4.275624e-03 9.999779e-01 -5.099532e-03 -6.912559e-01 -9.097324e-03 5.060472e-03 9.999458e-01 2.454945e+00
9.998595e-01 -1.985801e-03 -1.664722e-02 2.321373e+01 2.085630e-03 9.999799e-01 5.981577e-03 -6.857119e-01 1.663501e-02 -6.015457e-03 9.998435e-01 1.861505e+00
9.999385e-01 4.974644e-03 9.908327e-03 2.335613e+01 -4.924697e-03 9.999751e-01 -5.058846e-03 -6.784841e-01 -9.933246e-03 5.009740e-03 9.999381e-01 1.061889e+00
9.998559e-01 -1.160598e-03 -1.693891e-02 2.361806e+01 1.256199e-03 9.999833e-01 5.634372e-03 -6.631913e-01 1.693208e-02 -5.654839e-03 9.998407e-01 -2.787686e-01
9.999344e-01 4.687910e-03 1.044694e-02 2.381299e+01 -4.633126e-03 9.999754e-01 -5.262029e-03 -6.471198e-01 -1.047135e-02 5.213283e-03 9.999316e-01 -1.570134e+00
9.998514e-01 -1.680056e-03 -1.715463e-02 2.395288e+01 1.780754e-03 9.999813e-01 5.856430e-03 -6.376046e-01 1.714447e-02 -5.886109e-03 9.998357e-01 -2.489069e+00
9.999203e-01 5.249493e-03 1.148014e-02 2.414557e+01 -5.189561e-03 9.999728e-01 -5.244010e-03 -6.259573e-01 -1.150735e-02 5.184015e-03 9.999204e-01 -3.609422e+00
9.998300e-01 -1.913839e-03 -1.833741e-02 2.434562e+01 2.019299e-03 9.999815e-01 5.734283e-03 -6.132667e-01 1.832609e-02 -5.770337e-03 9.998154e-01 -4.774619e+00
9.999349e-01 4.560560e-03 1.045784e-02 2.450110e+01 -4.506451e-03 9.999764e-01 -5.191698e-03 -6.032308e-01 -1.048127e-02 5.144233e-03 9.999318e-01 -5.728036e+00
9.998275e-01 -1.984416e-03 -1.846547e-02 2.465119e+01 2.097881e-03 9.999790e-01 6.127366e-03 -5.957329e-01 1.845293e-02 -6.165048e-03 9.998107e-01 -6.534736e+00
9.999071e-01 5.484881e-03 1.247652e-02 2.485460e+01 -5.417411e-03 9.999706e-01 -5.435100e-03 -5.848225e-01 -1.250597e-02 5.367005e-03 9.999074e-01 -7.632835e+00
9.997921e-01 -2.704720e-03 -2.021184e-02 2.502100e+01 2.820676e-03 9.999797e-01 5.710744e-03 -5.723828e-01 2.019598e-02 -5.766568e-03 9.997794e-01 -8.731338e+00
9.999070e-01 4.965898e-03 1.269950e-02 2.512292e+01 -4.903796e-03 9.999759e-01 -4.916536e-03 -5.665181e-01 -1.272361e-02 4.853804e-03 9.999073e-01 -9.349139e+00
9.997779e-01 -2.943373e-03 -2.086684e-02 2.524822e+01 3.068713e-03 9.999774e-01 5.977223e-03 -5.637444e-01 2.084877e-02 -6.039931e-03 9.997644e-01 -9.828480e+00
9.998918e-01 5.559196e-03 1.361787e-02 2.542305e+01 -5.492815e-03 9.999729e-01 -4.907071e-03 -5.597482e-01 -1.364478e-02 4.831740e-03 9.998952e-01 -1.046938e+01
9.997470e-01 -3.056362e-03 -2.228286e-02 2.562272e+01 3.187918e-03 9.999777e-01 5.870777e-03 -5.520072e-01 2.226442e-02 -5.940328e-03 9.997345e-01 -1.132186e+01
9.998822e-01 5.758835e-03 1.423003e-02 2.587640e+01 -5.690387e-03 9.999721e-01 -4.845946e-03 -5.442316e-01 -1.425754e-02 4.764401e-03 9.998870e-01 -1.221147e+01
9.997486e-01 -2.971515e-03 -2.222583e-02 2.607462e+01 3.096324e-03 9.999796e-01 5.583193e-03 -5.352272e-01 2.220879e-02 -5.650608e-03 9.997374e-01 -1.311792e+01
9.998709e-01 5.789431e-03 1.499189e-02 2.626183e+01 -5.717904e-03 9.999721e-01 -4.809510e-03 -5.260886e-01 -1.501932e-02 4.723167e-03 9.998760e-01 -1.399764e+01
9.997243e-01 -3.300121e-03 -2.324522e-02 2.642322e+01 3.430228e-03 9.999787e-01 5.559530e-03 -5.182487e-01 2.322638e-02 -5.637735e-03 9.997143e-01 -1.476434e+01
9.998553e-01 5.829246e-03 1.598250e-02 2.669287e+01 -5.759240e-03 9.999736e-01 -4.422651e-03 -5.107700e-01 -1.600786e-02 4.329965e-03 9.998625e-01 -1.554396e+01
9.996323e-01 -4.116581e-03 -2.680045e-02 2.697189e+01 4.267868e-03 9.999753e-01 5.590202e-03 -5.048391e-01 2.677677e-02 -5.702528e-03 9.996252e-01 -1.621487e+01
9.998075e-01 7.558222e-03 1.810655e-02 2.750569e+01 -7.486976e-03 9.999640e-01 -3.999337e-03 -4.933652e-01 -1.813613e-02 3.863004e-03 9.998281e-01 -1.741475e+01
9.995691e-01 -5.057861e-03 -2.891500e-02 2.782295e+01 5.200526e-03 9.999747e-01 4.860896e-03 -4.785522e-01 2.888968e-02 -5.009175e-03 9.995701e-01 -1.853810e+01
9.997496e-01 6.904650e-03 2.128307e-02 2.792753e+01 -6.824614e-03 9.999694e-01 -3.830853e-03 -4.765732e-01 -2.130887e-02 3.684645e-03 9.997662e-01 -1.892110e+01
9.995366e-01 -4.574208e-03 -3.009352e-02 2.817632e+01 4.723165e-03 9.999769e-01 4.880582e-03 -4.711054e-01 3.007050e-02 -5.020457e-03 9.995352e-01 -1.962071e+01
9.997524e-01 6.909303e-03 2.115182e-02 2.839650e+01 -6.829171e-03 9.999692e-01 -3.858336e-03 -4.650364e-01 -2.117783e-02 3.712932e-03 9.997688e-01 -2.034729e+01
9.995572e-01 -4.390396e-03 -2.943038e-02 2.863244e+01 4.536506e-03 9.999777e-01 4.899701e-03 -4.590579e-01 2.940821e-02 -5.031043e-03 9.995548e-01 -2.109813e+01
9.997418e-01 7.279047e-03 2.152697e-02 2.888893e+01 -7.195747e-03 9.999663e-01 -3.944458e-03 -4.511006e-01 -2.155496e-02 3.788537e-03 9.997605e-01 -2.201173e+01
9.995271e-01 -4.998935e-03 -3.034221e-02 2.903862e+01 5.137042e-03 9.999768e-01 4.475423e-03 -4.467799e-01 3.031913e-02 -4.629176e-03 9.995295e-01 -2.262271e+01
9.997575e-01 6.708122e-03 2.097360e-02 2.913383e+01 -6.643935e-03 9.999730e-01 -3.128496e-03 -4.457053e-01 -2.099402e-02 2.988391e-03 9.997751e-01 -2.294663e+01
9.995759e-01 -4.073667e-03 -2.883320e-02 2.937085e+01 4.198067e-03 9.999821e-01 4.255270e-03 -4.396770e-01 2.881535e-02 -4.374510e-03 9.995752e-01 -2.369569e+01
9.997817e-01 6.626117e-03 1.981709e-02 2.962343e+01 -6.559980e-03 9.999727e-01 -3.400491e-03 -4.301737e-01 -1.983908e-02 3.269749e-03 9.997978e-01 -2.461873e+01
9.996003e-01 -4.454970e-03 -2.791753e-02 2.977429e+01 4.576702e-03 9.999803e-01 4.298047e-03 -4.245668e-01 2.789783e-02 -4.424099e-03 9.996010e-01 -2.523244e+01
9.997946e-01 7.066950e-03 1.899736e-02 3.012768e+01 -7.011391e-03 9.999710e-01 -2.989551e-03 -4.171603e-01 -1.901794e-02 2.855740e-03 9.998151e-01 -2.611310e+01
9.996373e-01 -3.598034e-03 -2.668976e-02 3.057963e+01 3.707008e-03 9.999850e-01 4.034639e-03 -4.046738e-01 2.667484e-02 -4.132115e-03 9.996356e-01 -2.739108e+01
9.998564e-01 6.004055e-03 1.584686e-02 3.099109e+01 -5.958624e-03 9.999780e-01 -2.912525e-03 -3.932915e-01 -1.586400e-02 2.817682e-03 9.998702e-01 -2.850628e+01
9.996653e-01 -3.538813e-03 -2.562661e-02 3.133874e+01 3.645753e-03 9.999848e-01 4.127494e-03 -3.849678e-01 2.561161e-02 -4.219541e-03 9.996631e-01 -2.940401e+01
9.998500e-01 5.722187e-03 1.634972e-02 3.167497e+01 -5.674929e-03 9.999796e-01 -2.935356e-03 -3.784723e-01 -1.636618e-02 2.842133e-03 9.998620e-01 -3.018869e+01
9.995884e-01 -2.072264e-03 -2.861367e-02 3.251455e+01 2.222974e-03 9.999838e-01 5.236291e-03 -3.660274e-01 2.860236e-02 -5.297744e-03 9.995768e-01 -3.170349e+01
9.998978e-01 5.693529e-03 1.311477e-02 3.351543e+01 -5.653613e-03 9.999793e-01 -3.078629e-03 -3.436455e-01 -1.313203e-02 3.004169e-03 9.999093e-01 -3.371497e+01
9.996813e-01 -2.839343e-03 -2.508283e-02 3.413898e+01 2.953160e-03 9.999855e-01 4.501790e-03 -3.289408e-01 2.506969e-02 -4.574430e-03 9.996752e-01 -3.509726e+01
9.998832e-01 6.087264e-03 1.402108e-02 3.476545e+01 -6.045520e-03 9.999772e-01 -3.017604e-03 -3.142257e-01 -1.403913e-02 2.932487e-03 9.998971e-01 -3.657218e+01
9.996985e-01 -3.562851e-03 -2.429272e-02 3.516748e+01 3.663591e-03 9.999849e-01 4.103698e-03 -3.017644e-01 2.427773e-02 -4.191460e-03 9.996965e-01 -3.770270e+01
9.998850e-01 5.928920e-03 1.395606e-02 3.560405e+01 -5.892658e-03 9.999792e-01 -2.637961e-03 -2.950499e-01 -1.397141e-02 2.555420e-03 9.998991e-01 -3.861249e+01
9.996746e-01 -3.070363e-03 -2.532227e-02 3.609077e+01 3.168782e-03 9.999876e-01 3.847463e-03 -2.829502e-01 2.531014e-02 -3.926452e-03 9.996719e-01 -3.985923e+01
9.998523e-01 6.030834e-03 1.609308e-02 3.641480e+01 -5.986094e-03 9.999781e-01 -2.826805e-03 -2.716075e-01 -1.610978e-02 2.730053e-03 9.998665e-01 -4.093687e+01
9.996438e-01 -3.113044e-03 -2.650544e-02 3.692684e+01 3.228750e-03 9.999854e-01 4.323727e-03 -2.608886e-01 2.649159e-02 -4.407767e-03 9.996393e-01 -4.211266e+01
9.998800e-01 5.838751e-03 1.434837e-02 3.754770e+01 -5.802159e-03 9.999798e-01 -2.590485e-03 -2.502953e-01 -1.436321e-02 2.506924e-03 9.998937e-01 -4.335103e+01
9.996169e-01 -3.083624e-03 -2.750462e-02 3.827241e+01 3.206673e-03 9.999850e-01 4.430794e-03 -2.390813e-01 2.749055e-02 -4.517295e-03 9.996119e-01 -4.469014e+01
9.998867e-01 5.628659e-03 1.395978e-02 3.895596e+01 -5.594344e-03 9.999812e-01 -2.495896e-03 -2.294424e-01 -1.397356e-02 2.417518e-03 9.998994e-01 -4.591213e+01
9.996661e-01 -3.052443e-03 -2.565870e-02 3.952927e+01 3.158825e-03 9.999866e-01 4.106562e-03 -2.207729e-01 2.564582e-02 -4.186243e-03 9.996623e-01 -4.700269e+01
9.998808e-01 5.641039e-03 1.437105e-02 4.001305e+01 -5.606435e-03 9.999813e-01 -2.447024e-03 -2.117828e-01 -1.438459e-02 2.366163e-03 9.998937e-01 -4.806128e+01
9.997024e-01 -3.045379e-03 -2.420236e-02 4.043153e+01 3.139800e-03 9.999876e-01 3.864300e-03 -2.029122e-01 2.419029e-02 -3.939141e-03 9.996996e-01 -4.906332e+01
9.998939e-01 5.750898e-03 1.338399e-02 4.091435e+01 -5.720822e-03 9.999810e-01 -2.284374e-03 -1.930591e-01 -1.339687e-02 2.207565e-03 9.999078e-01 -5.013410e+01
9.996485e-01 -2.812358e-03 -2.636221e-02 4.158377e+01 2.922192e-03 9.999872e-01 4.128754e-03 -1.791065e-01 2.635026e-02 -4.204339e-03 9.996439e-01 -5.147864e+01
9.998547e-01 5.631015e-03 1.608925e-02 4.200342e+01 -5.587222e-03 9.999806e-01 -2.765505e-03 -1.683038e-01 -1.610451e-02 2.675209e-03 9.998667e-01 -5.256393e+01
9.996557e-01 -3.060769e-03 -2.606144e-02 4.238845e+01 3.169882e-03 9.999864e-01 4.146515e-03 -1.597417e-01 2.604839e-02 -4.227700e-03 9.996517e-01 -5.350514e+01
9.998551e-01 5.653550e-03 1.605576e-02 4.276703e+01 -5.610701e-03 9.999806e-01 -2.712475e-03 -1.511625e-01 -1.607078e-02 2.621998e-03 9.998674e-01 -5.445894e+01
9.996478e-01 -3.095470e-03 -2.635613e-02 4.317587e+01 3.202574e-03 9.999868e-01 4.022512e-03 -1.423979e-01 2.634333e-02 -4.105503e-03 9.996445e-01 -5.545029e+01
9.998476e-01 5.419740e-03 1.659399e-02 4.347885e+01 -5.377402e-03 9.999822e-01 -2.594906e-03 -1.367629e-01 -1.660775e-02 2.505278e-03 9.998589e-01 -5.619492e+01
9.996503e-01 -3.211761e-03 -2.624643e-02 4.373486e+01 3.318948e-03 9.999863e-01 4.041338e-03 -1.324779e-01 2.623310e-02 -4.127036e-03 9.996473e-01 -5.681328e+01
9.998486e-01 4.475591e-03 1.681326e-02 4.374151e+01 -4.419079e-03 9.999845e-01 -3.396766e-03 -1.313992e-01 -1.682820e-02 3.321953e-03 9.998529e-01 -5.696382e+01
9.996472e-01 -4.475814e-03 -2.618039e-02 4.372568e+01 4.623312e-03 9.999738e-01 5.576121e-03 -1.402336e-01 2.615474e-02 -5.695194e-03 9.996417e-01 -5.648468e+01
9.998120e-01 4.758890e-03 1.879797e-02 4.374307e+01 -4.711766e-03 9.999856e-01 -2.550354e-03 -1.472091e-01 -1.880984e-02 2.461303e-03 9.998200e-01 -5.608552e+01
9.995408e-01 -4.132379e-03 -3.002005e-02 4.377823e+01 4.262678e-03 9.999818e-01 4.277731e-03 -1.558653e-01 3.000183e-02 -4.403733e-03 9.995401e-01 -5.580243e+01
9.997956e-01 3.644279e-03 1.988509e-02 4.380031e+01 -3.618086e-03 9.999925e-01 -1.352975e-03 -1.697809e-01 -1.988988e-02 1.280753e-03 9.998014e-01 -5.518598e+01
9.995775e-01 -3.380597e-03 -2.886895e-02 4.383184e+01 3.492088e-03 9.999866e-01 3.812458e-03 -1.792906e-01 2.885568e-02 -3.911660e-03 9.995759e-01 -5.480723e+01
9.998025e-01 3.916989e-03 1.948351e-02 4.385681e+01 -3.880995e-03 9.999907e-01 -1.884831e-03 -1.859709e-01 -1.949071e-02 1.808843e-03 9.998084e-01 -5.456186e+01
9.996530e-01 -3.161659e-03 -2.615131e-02 4.382161e+01 3.259811e-03 9.999878e-01 3.711480e-03 -1.878371e-01 2.613926e-02 -3.795441e-03 9.996511e-01 -5.431256e+01
9.998397e-01 3.149436e-03 1.762405e-02 4.381074e+01 -3.126460e-03 9.999942e-01 -1.331005e-03 -1.960899e-01 -1.762814e-02 1.275691e-03 9.998438e-01 -5.382619e+01
9.996193e-01 -1.828746e-03 -2.753162e-02 4.392868e+01 1.942870e-03 9.999896e-01 4.119060e-03 -1.978856e-01 2.752380e-02 -4.170982e-03 9.996124e-01 -5.389137e+01
9.998572e-01 3.314346e-03 1.657071e-02 4.410556e+01 -3.265349e-03 9.999902e-01 -2.982965e-03 -1.938213e-01 -1.658044e-02 2.928431e-03 9.998582e-01 -5.437176e+01
9.996771e-01 -2.161520e-03 -2.531904e-02 4.409497e+01 2.272946e-03 9.999879e-01 4.372924e-03 -1.968462e-01 2.530928e-02 -4.429061e-03 9.996699e-01 -5.429798e+01
9.998531e-01 3.631385e-03 1.675250e-02 4.410544e+01 -3.583950e-03 9.999895e-01 -2.860582e-03 -1.979351e-01 -1.676271e-02 2.800122e-03 9.998556e-01 -5.436296e+01
9.996921e-01 -1.530396e-03 -2.476547e-02 4.419298e+01 1.630229e-03 9.999906e-01 4.011495e-03 -1.961916e-01 2.475910e-02 -4.050633e-03 9.996852e-01 -5.475150e+01
9.998510e-01 4.007772e-03 1.678752e-02 4.432824e+01 -3.961407e-03 9.999882e-01 -2.794151e-03 -1.913297e-01 -1.679852e-02 2.727234e-03 9.998552e-01 -5.533734e+01
9.997026e-01 -1.850918e-03 -2.431782e-02 4.447357e+01 1.941416e-03 9.999913e-01 3.698420e-03 -1.865988e-01 2.431077e-02 -3.744531e-03 9.996974e-01 -5.593746e+01
9.998703e-01 3.586950e-03 1.570285e-02 4.457530e+01 -3.546662e-03 9.999903e-01 -2.592663e-03 -1.853280e-01 -1.571200e-02 2.536635e-03 9.998733e-01 -5.629075e+01
9.997717e-01 -2.645256e-03 -2.120469e-02 4.450789e+01 2.726281e-03 9.999891e-01 3.793115e-03 -1.830700e-01 2.119443e-02 -3.850060e-03 9.997680e-01 -5.614402e+01
9.998793e-01 3.519765e-03 1.513031e-02 4.451456e+01 -3.491901e-03 9.999922e-01 -1.867540e-03 -1.811574e-01 -1.513677e-02 1.814482e-03 9.998838e-01 -5.616594e+01
9.997173e-01 -1.412512e-03 -2.373576e-02 4.473273e+01 1.485627e-03 9.999942e-01 3.063060e-03 -1.790822e-01 2.373130e-02 -3.097457e-03 9.997136e-01 -5.670224e+01
9.999029e-01 2.559525e-03 1.369491e-02 4.488223e+01 -2.532757e-03 9.999948e-01 -1.971504e-03 -1.804663e-01 -1.369989e-02 1.936627e-03 9.999043e-01 -5.698287e+01
9.998366e-01 -2.642239e-03 -1.788387e-02 4.477345e+01 2.714623e-03 9.999882e-01 4.024433e-03 -1.827097e-01 1.787303e-02 -4.072324e-03 9.998320e-01 -5.643254e+01
9.999124e-01 3.129518e-03 1.286455e-02 4.474007e+01 -3.107118e-03 9.999936e-01 -1.760751e-03 -1.836361e-01 -1.286998e-02 1.720625e-03 9.999157e-01 -5.618807e+01
9.996251e-01 8.198122e-04 -2.736597e-02 4.564306e+01 -7.114554e-04 9.999919e-01 3.969069e-03 -1.713910e-01 2.736900e-02 -3.948112e-03 9.996176e-01 -5.766350e+01
9.999444e-01 2.043912e-03 1.034752e-02 4.654976e+01 -2.027807e-03 9.999967e-01 -1.566552e-03 -1.517028e-01 -1.035069e-02 1.545483e-03 9.999452e-01 -5.923466e+01
9.998038e-01 -7.104488e-04 -1.979455e-02 4.674827e+01 7.658137e-04 9.999958e-01 2.789571e-03 -1.533863e-01 1.979248e-02 -2.804183e-03 9.998002e-01 -5.950400e+01
9.999532e-01 1.184638e-03 9.605514e-03 4.679664e+01 -1.176601e-03 9.999990e-01 -8.422651e-04 -1.624598e-01 -9.606502e-03 8.309242e-04 9.999535e-01 -5.919895e+01
9.999198e-01 -1.975199e-03 -1.250784e-02 4.667011e+01 2.018893e-03 9.999919e-01 3.481690e-03 -1.657539e-01 1.250086e-02 -3.506663e-03 9.999157e-01 -5.843042e+01
9.999655e-01 1.967011e-03 8.073027e-03 4.662474e+01 -1.959423e-03 9.999976e-01 -9.476891e-04 -1.684836e-01 -8.074872e-03 9.318384e-04 9.999670e-01 -5.795385e+01
9.998429e-01 -3.831147e-04 -1.771818e-02 4.671381e+01 4.316294e-04 9.999962e-01 2.734420e-03 -1.733903e-01 1.771706e-02 -2.741639e-03 9.998393e-01 -5.799006e+01
9.999755e-01 1.960704e-03 6.724114e-03 4.683016e+01 -1.955276e-03 9.999978e-01 -8.136164e-04 -1.760819e-01 -6.725694e-03 8.004493e-04 9.999771e-01 -5.817426e+01
9.998417e-01 -1.220920e-03 -1.774946e-02 4.690308e+01 1.270847e-03 9.999953e-01 2.801920e-03 -1.866973e-01 1.774595e-02 -2.824034e-03 9.998385e-01 -5.787093e+01
9.999762e-01 2.177072e-04 6.897616e-03 4.694236e+01 -2.206157e-04 9.999999e-01 4.210067e-04 -2.040573e-01 -6.897524e-03 -4.225180e-04 9.999761e-01 -5.709795e+01
9.998994e-01 -1.340256e-03 -1.411791e-02 4.692163e+01 1.383288e-03 9.999944e-01 3.038761e-03 -2.180625e-01 1.411376e-02 -3.057985e-03 9.998957e-01 -5.624132e+01
9.999806e-01 1.051319e-03 6.136471e-03 4.693709e+01 -1.050674e-03 9.999994e-01 -1.081917e-04 -2.277549e-01 -6.136582e-03 1.017426e-04 9.999812e-01 -5.570765e+01
9.998612e-01 -1.052875e-03 -1.662632e-02 4.698375e+01 1.093790e-03 9.999964e-01 2.452015e-03 -2.386260e-01 1.662368e-02 -2.469860e-03 9.998588e-01 -5.528204e+01
9.999801e-01 1.290658e-03 6.172390e-03 4.705442e+01 -1.292171e-03 9.999991e-01 2.412766e-04 -2.497284e-01 -6.172074e-03 -2.492472e-04 9.999809e-01 -5.488997e+01
9.998351e-01 -1.105150e-03 -1.812445e-02 4.714953e+01 1.142607e-03 9.999972e-01 2.056448e-03 -2.637077e-01 1.812212e-02 -2.076819e-03 9.998336e-01 -5.445668e+01
9.999703e-01 8.016808e-04 7.660405e-03 4.719244e+01 -8.082579e-04 9.999993e-01 8.556169e-04 -2.767591e-01 -7.659714e-03 -8.617827e-04 9.999703e-01 -5.390587e+01
9.998195e-01 -1.250929e-03 -1.895551e-02 4.725337e+01 1.293936e-03 9.999966e-01 2.256804e-03 -2.919704e-01 1.895262e-02 -2.280924e-03 9.998178e-01 -5.327626e+01
9.999776e-01 1.172694e-04 6.695738e-03 4.730784e+01 -1.257170e-04 9.999992e-01 1.261331e-03 -3.119061e-01 -6.695585e-03 -1.262144e-03 9.999768e-01 -5.241848e+01
9.998764e-01 -1.640253e-03 -1.563528e-02 4.728640e+01 1.675746e-03 9.999960e-01 2.257286e-03 -3.278731e-01 1.563152e-02 -2.283208e-03 9.998752e-01 -5.144444e+01
9.999414e-01 1.175295e-03 1.075982e-02 4.724911e+01 -1.186057e-03 9.999988e-01 9.939408e-04 -3.340270e-01 -1.075864e-02 -1.006644e-03 9.999416e-01 -5.084985e+01
9.997925e-01 -7.205174e-04 -2.035850e-02 4.730314e+01 7.378166e-04 9.999994e-01 8.422608e-04 -3.430183e-01 2.035788e-02 -8.571073e-04 9.997924e-01 -5.056822e+01
9.999552e-01 5.419662e-04 9.450327e-03 4.735793e+01 -5.577559e-04 9.999985e-01 1.668327e-03 -3.559624e-01 -9.449409e-03 -1.673523e-03 9.999540e-01 -5.006301e+01
9.997933e-01 -9.194476e-04 -2.030847e-02 4.741536e+01 9.507580e-04 9.999984e-01 1.532171e-03 -3.713585e-01 2.030703e-02 -1.551163e-03 9.997926e-01 -4.943701e+01
9.999589e-01 3.992521e-04 9.052177e-03 4.748068e+01 -4.137033e-04 9.999986e-01 1.594688e-03 -3.871492e-01 -9.051528e-03 -1.598367e-03 9.999578e-01 -4.879357e+01
9.998077e-01 -8.127301e-04 -1.959441e-02 4.754539e+01 8.419376e-04 9.999985e-01 1.482435e-03 -4.022427e-01 1.959318e-02 -1.498648e-03 9.998069e-01 -4.817947e+01
9.999674e-01 4.394797e-04 8.067058e-03 4.762814e+01 -4.502973e-04 9.999990e-01 1.339273e-03 -4.174970e-01 -8.066461e-03 -1.342862e-03 9.999666e-01 -4.759196e+01
9.998022e-01 -1.231603e-03 -1.984910e-02 4.768217e+01 1.267764e-03 9.999976e-01 1.809350e-03 -4.349550e-01 1.984682e-02 -1.834156e-03 9.998014e-01 -4.685552e+01
9.999499e-01 2.417932e-04 1.000430e-02 4.771243e+01 -2.587903e-04 9.999985e-01 1.697785e-03 -4.524620e-01 -1.000388e-02 -1.700289e-03 9.999485e-01 -4.604134e+01
9.997897e-01 -5.603514e-04 -2.050113e-02 4.777177e+01 5.907055e-04 9.999987e-01 1.474613e-03 -4.673513e-01 2.050028e-02 -1.486413e-03 9.997887e-01 -4.543932e+01
9.999605e-01 -4.163624e-05 8.883377e-03 4.783741e+01 2.617464e-05 9.999985e-01 1.740694e-03 -4.845546e-01 -8.883436e-03 -1.740392e-03 9.999590e-01 -4.474553e+01
9.998031e-01 -1.398249e-03 -1.979325e-02 4.785005e+01 1.437285e-03 9.999971e-01 1.958150e-03 -5.047014e-01 1.979045e-02 -1.986214e-03 9.998022e-01 -4.375895e+01
9.999091e-01 1.214504e-03 1.342535e-02 4.787035e+01 -1.240019e-03 9.999974e-01 1.892364e-03 -5.101207e-01 -1.342302e-02 -1.908839e-03 9.999081e-01 -4.324861e+01
9.997231e-01 -3.188929e-04 -2.352783e-02 4.794555e+01 2.986343e-04 9.999996e-01 -8.645293e-04 -5.146094e-01 2.352809e-02 8.572634e-04 9.997228e-01 -4.331976e+01
9.998917e-01 1.896498e-03 1.459292e-02 4.803632e+01 -1.937983e-03 9.999941e-01 2.829262e-03 -5.162536e-01 -1.458747e-02 -2.857236e-03 9.998895e-01 -4.347163e+01
9.997364e-01 2.260554e-04 -2.295706e-02 4.822911e+01 -2.728817e-04 9.999979e-01 -2.036593e-03 -5.119272e-01 2.295655e-02 2.042320e-03 9.997344e-01 -4.416033e+01
9.999119e-01 2.147851e-03 1.309745e-02 4.848303e+01 -2.184697e-03 9.999937e-01 2.799552e-03 -5.055854e-01 -1.309135e-02 -2.827919e-03 9.999103e-01 -4.503095e+01
9.994914e-01 1.629352e-03 -3.184917e-02 4.972454e+01 -1.636639e-03 9.999986e-01 -2.027107e-04 -4.889668e-01 3.184879e-02 2.547328e-04 9.994927e-01 -4.697271e+01
9.998666e-01 5.811572e-04 1.632387e-02 5.015594e+01 -6.064807e-04 9.999986e-01 1.546455e-03 -4.780039e-01 -1.632295e-02 -1.556148e-03 9.998656e-01 -4.783851e+01
9.997046e-01 5.560790e-05 -2.430333e-02 5.016780e+01 -2.887981e-05 9.999994e-01 1.100148e-03 -4.803374e-01 2.430337e-02 -1.099122e-03 9.997040e-01 -4.768780e+01
9.999028e-01 2.208585e-03 1.376299e-02 5.027059e+01 -2.211368e-03 9.999975e-01 1.870247e-04 -4.774190e-01 -1.376255e-02 -2.174413e-04 9.999053e-01 -4.812433e+01
9.997082e-01 3.190599e-04 -2.415300e-02 5.055050e+01 -2.844603e-04 9.999989e-01 1.435966e-03 -4.689006e-01 2.415343e-02 -1.428677e-03 9.997072e-01 -4.888786e+01
9.998595e-01 2.653720e-03 1.655394e-02 5.088522e+01 -2.641780e-03 9.999962e-01 -7.430725e-04 -4.548732e-01 -1.655585e-02 6.992365e-04 9.998627e-01 -5.011553e+01
9.996546e-01 -4.741782e-05 -2.627949e-02 5.121693e+01 9.439656e-05 9.999984e-01 1.786447e-03 -4.423717e-01 2.627936e-02 -1.788311e-03 9.996530e-01 -5.119301e+01
9.998312e-01 1.695231e-03 1.829598e-02 5.129204e+01 -1.679839e-03 9.999982e-01 -8.565690e-04 -4.390254e-01 -1.829740e-02 8.256904e-04 9.998322e-01 -5.151084e+01
9.999370e-01 -2.072827e-03 -1.103428e-02 5.090181e+01 2.090775e-03 9.999965e-01 1.615362e-03 -4.213986e-01 1.103090e-02 -1.638331e-03 9.999378e-01 -5.073393e+01
9.997496e-01 7.313100e-04 2.236625e-02 5.046876e+01 -7.438576e-04 9.999996e-01 5.527239e-04 -4.074847e-01 -2.236584e-02 -5.692225e-04 9.997497e-01 -4.957408e+01
9.999690e-01 -1.958945e-03 -7.629496e-03 4.997828e+01 1.969101e-03 9.999972e-01 1.324015e-03 -3.868408e-01 7.626881e-03 -1.338997e-03 9.999700e-01 -4.841889e+01
9.997352e-01 8.594182e-04 2.299708e-02 4.947500e+01 -8.699989e-04 9.999995e-01 4.501162e-04 -3.643511e-01 -2.299668e-02 -4.700041e-04 9.997354e-01 -4.726780e+01
9.999969e-01 -2.408832e-03 -7.035697e-04 4.881421e+01 2.409537e-03 9.999966e-01 1.003873e-03 -3.326365e-01 7.011492e-04 -1.005566e-03 9.999992e-01 -4.590229e+01
9.996076e-01 7.420922e-04 2.800190e-02 4.806194e+01 -7.467718e-04 9.999997e-01 1.566838e-04 -2.926503e-01 -2.800178e-02 -1.775331e-04 9.996079e-01 -4.448727e+01
9.999968e-01 -2.389691e-03 -8.717737e-04 4.731380e+01 2.390662e-03 9.999965e-01 1.114920e-03 -2.530544e-01 8.691064e-04 -1.117001e-03 9.999990e-01 -4.303547e+01
9.996993e-01 7.104620e-04 2.451096e-02 4.664377e+01 -7.245316e-04 9.999996e-01 5.651660e-04 -2.196889e-01 -2.451054e-02 -5.827547e-04 9.996994e-01 -4.157156e+01
9.999675e-01 -2.802620e-03 7.558542e-03 4.572616e+01 2.800646e-03 9.999960e-01 2.717179e-04 -1.726730e-01 -7.559273e-03 -2.505406e-04 9.999714e-01 -3.985132e+01
9.994916e-01 4.464662e-04 3.188073e-02 4.473523e+01 -4.740737e-04 9.999995e-01 8.584278e-04 -1.177994e-01 -3.188033e-02 -8.731049e-04 9.994913e-01 -3.808795e+01
9.999794e-01 -2.161926e-03 -6.039036e-03 4.398144e+01 2.164561e-03 9.999976e-01 4.299882e-04 -7.998877e-02 6.038092e-03 -4.430516e-04 9.999817e-01 -3.656869e+01
9.994682e-01 1.422236e-04 3.260768e-02 4.323072e+01 -1.783183e-04 9.999994e-01 1.104054e-03 -4.534957e-02 -3.260751e-02 -1.109281e-03 9.994676e-01 -3.497478e+01
9.998262e-01 -1.802692e-03 -1.855805e-02 4.279495e+01 1.828553e-03 9.999974e-01 1.376700e-03 -2.802784e-02 1.855552e-02 -1.410395e-03 9.998268e-01 -3.373833e+01
9.999188e-01 1.351134e-03 1.267357e-02 4.277740e+01 -1.372947e-03 9.999976e-01 1.712692e-03 -3.594160e-02 -1.267123e-02 -1.729953e-03 9.999182e-01 -3.313011e+01
9.997430e-01 -1.405774e-03 -2.262458e-02 4.281003e+01 1.413895e-03 9.999989e-01 3.430024e-04 -4.684491e-02 2.262408e-02 -3.749035e-04 9.997440e-01 -3.268171e+01
9.998440e-01 1.400985e-03 1.760784e-02 4.275948e+01 -1.433556e-03 9.999973e-01 1.837375e-03 -5.039601e-02 -1.760522e-02 -1.862330e-03 9.998433e-01 -3.221701e+01
9.997876e-01 -1.482385e-03 -2.055421e-02 4.265077e+01 1.485521e-03 9.999989e-01 1.373551e-04 -5.117449e-02 2.055399e-02 -1.678600e-04 9.997887e-01 -3.168345e+01
9.998214e-01 1.468879e-03 1.884376e-02 4.251153e+01 -1.500996e-03 9.999974e-01 1.690357e-03 -4.973910e-02 -1.884123e-02 -1.718339e-03 9.998210e-01 -3.117055e+01
9.997741e-01 -1.660861e-03 -2.118992e-02 4.238110e+01 1.667331e-03 9.999986e-01 2.876924e-04 -5.084856e-02 2.118941e-02 -3.229584e-04 9.997754e-01 -3.060791e+01
9.998978e-01 1.000938e-03 1.426167e-02 4.232218e+01 -1.037518e-03 9.999962e-01 2.557802e-03 -6.090089e-02 -1.425905e-02 -2.572337e-03 9.998950e-01 -2.988518e+01
9.996771e-01 -2.442656e-03 -2.529119e-02 4.235258e+01 2.463834e-03 9.999966e-01 8.062771e-04 -7.887726e-02 2.528913e-02 -8.683304e-04 9.996798e-01 -2.898624e+01
9.996140e-01 1.623226e-03 2.773415e-02 4.211723e+01 -1.662670e-03 9.999976e-01 1.399221e-03 -7.683211e-02 -2.773182e-02 -1.444793e-03 9.996144e-01 -2.813814e+01
9.993111e-01 -2.839339e-03 -3.700453e-02 4.206457e+01 2.916533e-03 9.999937e-01 2.032279e-03 -9.350563e-02 3.699852e-02 -2.138804e-03 9.993130e-01 -2.714989e+01
9.996897e-01 7.108109e-04 2.489875e-02 4.216042e+01 -7.706590e-04 9.999968e-01 2.394173e-03 -1.178990e-01 -2.489697e-02 -2.412618e-03 9.996871e-01 -2.596965e+01
9.997304e-01 -1.896980e-03 -2.314284e-02 4.188617e+01 1.895010e-03 9.999982e-01 -1.070060e-04 -1.165297e-01 2.314300e-02 6.312091e-05 9.997322e-01 -2.491263e+01
9.996343e-01 1.211681e-03 2.701592e-02 4.168602e+01 -1.289036e-03 9.999951e-01 2.846090e-03 -1.100735e-01 -2.701234e-02 -2.879873e-03 9.996310e-01 -2.420199e+01
9.993670e-01 -9.271564e-04 -3.556426e-02 4.163801e+01 8.922388e-04 9.999991e-01 -9.976581e-04 -1.166920e-01 3.556515e-02 9.652943e-04 9.993669e-01 -2.376342e+01
9.995559e-01 -8.082651e-04 2.978971e-02 4.154542e+01 6.770099e-04 9.999900e-01 4.415906e-03 -1.299140e-01 -2.979298e-02 -4.393776e-03 9.995464e-01 -2.269052e+01
9.993737e-01 -8.917510e-04 -3.537523e-02 4.147229e+01 8.643957e-04 9.999993e-01 -7.885583e-04 -1.438508e-01 3.537591e-02 7.574859e-04 9.993738e-01 -2.163672e+01
9.996570e-01 -5.243164e-04 2.618475e-02 4.147940e+01 4.103142e-04 9.999904e-01 4.358975e-03 -1.610417e-01 -2.618678e-02 -4.346736e-03 9.996476e-01 -2.073928e+01
9.997028e-01 -1.123159e-03 -2.435462e-02 4.121226e+01 1.087051e-03 9.999983e-01 -1.495739e-03 -1.613324e-01 2.435626e-02 1.468820e-03 9.997023e-01 -1.952385e+01
9.995656e-01 -3.915297e-04 2.947035e-02 4.093767e+01 2.675993e-04 9.999911e-01 4.209105e-03 -1.561461e-01 -2.947174e-02 -4.199390e-03 9.995568e-01 -1.844286e+01
9.994023e-01 -3.935820e-04 -3.456639e-02 4.084501e+01 3.493090e-04 9.999991e-01 -1.286821e-03 -1.632685e-01 3.456686e-02 1.273977e-03 9.994016e-01 -1.763144e+01
9.995822e-01 -2.029565e-04 2.890459e-02 4.079673e+01 8.714752e-05 9.999920e-01 4.007820e-03 -1.700428e-01 -2.890517e-02 -4.003626e-03 9.995741e-01 -1.699788e+01
9.993248e-01 -4.404144e-04 -3.673915e-02 4.074471e+01 3.951868e-04 9.999992e-01 -1.238282e-03 -1.799213e-01 3.673967e-02 1.222927e-03 9.993241e-01 -1.624489e+01
9.992535e-01 -8.598741e-04 3.862295e-02 4.054811e+01 7.029978e-04 9.999914e-01 4.075152e-03 -1.794606e-01 -3.862613e-02 -4.044958e-03 9.992455e-01 -1.532703e+01
9.993627e-01 2.022274e-04 -3.569650e-02 4.031767e+01 -2.756613e-04 9.999979e-01 -2.052246e-03 -1.728650e-01 3.569601e-02 2.060778e-03 9.993606e-01 -1.450162e+01
9.992921e-01 -9.550727e-04 3.760762e-02 4.007811e+01 8.002094e-04 9.999911e-01 4.132725e-03 -1.691500e-01 -3.761123e-02 -4.099705e-03 9.992840e-01 -1.366971e+01
9.992304e-01 2.903334e-04 -3.922414e-02 3.996091e+01 -3.503634e-04 9.999988e-01 -1.523554e-03 -1.724655e-01 3.922365e-02 1.536124e-03 9.992293e-01 -1.298520e+01
9.992717e-01 -6.015472e-04 3.815339e-02 3.981441e+01 4.697348e-04 9.999939e-01 3.463689e-03 -1.711487e-01 -3.815524e-02 -3.443244e-03 9.992659e-01 -1.240018e+01
9.991767e-01 6.276428e-04 -4.056402e-02 3.972636e+01 -6.870503e-04 9.999987e-01 -1.450597e-03 -1.711349e-01 4.056306e-02 1.477272e-03 9.991759e-01 -1.199310e+01
9.993589e-01 -4.173426e-04 3.579922e-02 3.964889e+01 3.035997e-04 9.999949e-01 3.182642e-03 -1.730573e-01 -3.580036e-02 -3.169733e-03 9.993539e-01 -1.162509e+01
9.992151e-01 6.479175e-04 -3.960814e-02 3.958509e+01 -6.968959e-04 9.999990e-01 -1.222765e-03 -1.744150e-01 3.960730e-02 1.249407e-03 9.992145e-01 -1.125421e+01
9.995100e-01 9.786916e-05 3.130189e-02 3.959441e+01 -1.930653e-04 9.999954e-01 3.038240e-03 -1.769921e-01 -3.130145e-02 -3.042794e-03 9.995054e-01 -1.116861e+01
9.991852e-01 6.736357e-04 -4.035511e-02 3.961022e+01 -7.228848e-04 9.999990e-01 -1.205797e-03 -1.829835e-01 4.035425e-02 1.233986e-03 9.991847e-01 -1.097161e+01
9.994123e-01 -7.675644e-04 3.426949e-02 3.957698e+01 6.561657e-04 9.999945e-01 3.261814e-03 -1.876105e-01 -3.427180e-02 -3.237410e-03 9.994073e-01 -1.055148e+01
9.993224e-01 8.400045e-04 -3.679769e-02 3.947362e+01 -8.939418e-04 9.999986e-01 -1.449334e-03 -1.866759e-01 3.679642e-02 1.481246e-03 9.993217e-01 -1.011880e+01
9.995973e-01 -5.409971e-04 2.837276e-02 3.949684e+01 4.321344e-04 9.999925e-01 3.842890e-03 -1.939062e-01 -2.837463e-02 -3.829081e-03 9.995900e-01 -9.814548e+00
9.992913e-01 3.416253e-04 -3.764099e-02 3.949294e+01 -3.972802e-04 9.999988e-01 -1.471085e-03 -2.027134e-01 3.764044e-02 1.484996e-03 9.992902e-01 -9.266547e+00
9.993275e-01 -1.324678e-03 3.664481e-02 3.931725e+01 1.186267e-03 9.999921e-01 3.798617e-03 -2.041109e-01 -3.664955e-02 -3.752591e-03 9.993211e-01 -8.431524e+00
9.993062e-01 2.080714e-04 -3.724300e-02 3.913600e+01 -2.548300e-04 9.999992e-01 -1.250741e-03 -2.067505e-01 3.724271e-02 1.259363e-03 9.993055e-01 -7.528872e+00
9.990773e-01 -1.019609e-03 4.293584e-02 3.881356e+01 8.929179e-04 9.999952e-01 2.969791e-03 -1.967356e-01 -4.293866e-02 -2.928712e-03 9.990734e-01 -6.644792e+00
9.990753e-01 1.009248e-03 -4.298400e-02 3.867735e+01 -1.055269e-03 9.999989e-01 -1.047959e-03 -1.939685e-01 4.298290e-02 1.092349e-03 9.990752e-01 -6.196609e+00
9.994062e-01 -5.420024e-04 3.445315e-02 3.870103e+01 4.336105e-04 9.999949e-01 3.153480e-03 -1.998946e-01 -3.445469e-02 -3.136668e-03 9.994013e-01 -5.973812e+00
9.989094e-01 1.444303e-04 -4.668948e-02 3.875046e+01 -1.664066e-04 9.999999e-01 -4.667902e-04 -2.161660e-01 4.668940e-02 4.740502e-04 9.989093e-01 -5.317646e+00
9.994563e-01 -2.378932e-03 3.288472e-02 3.882741e+01 2.212880e-03 9.999846e-01 5.085025e-03 -2.450371e-01 -3.289631e-02 -5.009490e-03 9.994462e-01 -4.065190e+00
