0.9999828112829463 0.0005109083809858362 -0.005840899869164923 -0.009059375151991844 -0.0005077431450224337 0.9999997234680604 0.0005433789664719036 -0.02377755008637905 0.005841175870837575 -0.000540403949615265 0.9999827941659882 1.1218091249465942
0.9999824424502685 0.0007882938849774148 -0.0058731068393974625 -0.0088886097073555 -0.0007830283462242159 0.999999289515651 0.0008987963076801127 -0.024170435965061188 0.005873811182280156 -0.0008941817178835903 0.9999823492348506 1.1227494478225708
0.9999825997166787 0.0006851126316577887 -0.005859256314122833 -0.008950995281338692 -0.0006806380311032134 0.9999994752630562 0.0007656405701921906 -0.024023512378335 0.00585977778958053 -0.0007616392151479735 0.9999825413025782 1.1224135160446167
0.9999827008858831 0.0006470620207787398 -0.005846301370594996 -0.008984754793345928 -0.0006429006142223576 0.9999995386890943 0.0007136528560931704 -0.023952415212988853 0.005846760451291613 -0.0007098819197888885 0.9999826555795283 1.1221948862075806
0.999983158633991 0.00035969423127007885 -0.005792501052746125 -0.009157337248325348 -0.0003577230241807043 0.9999998777620658 0.0003413357455563117 -0.023532969877123833 0.005792623121181367 -0.0003392578860019306 0.9999831650690237 1.1212246417999268
0.9999827172680237 0.0007224763320665441 -0.005834654506448846 -0.00892163161188364 -0.0007177495283098925 0.9999994126002452 0.0008121790316320497 -0.024065952748060226 0.005835237859301973 -0.0008079771744396744 0.9999826484354671 1.1225504875183105
0.9999826869187797 0.0007035210019690295 -0.005842167482798337 -0.008940042927861214 -0.0006989410648395534 0.999999446882204 0.00078594953609826 -0.024033309891819954 0.00584271718339667 -0.0007818525981287087 0.9999826255302784 1.1224223375320435
0.9999828027361007 0.0005292583486535858 -0.005840729205556195 -0.009056906215846539 -0.0005259941930111633 0.9999997046504926 0.0005603829371276097 -0.023785214871168137 0.00584102406784762 -0.000557301110429282 0.9999827857784906 1.1217937469482422
0.9999827970520376 0.0004886572236344448 -0.005845238583767949 -0.009083906188607216 -0.0004856890946964212 0.9999997524135104 0.0005091944827682915 -0.02373298443853855 0.005845485958128086 -0.0005063467544860668 0.9999827868052917 1.1216704845428467
0.99998254074672 0.00068748504375519 -0.005869034507321543 -0.008950031362473965 -0.0006829699830607035 0.9999994693458684 0.0007712716662301657 -0.02404051460325718 0.005869561630629341 -0.0007672498260047496 0.9999824796335023 1.1222162246704102
0.9999824483084659 0.0007315345173086488 -0.005879449996036081 -0.008923403918743134 -0.0007266770742491354 0.9999993929570613 0.000828266827983156 -0.02410140633583069 0.0058800523327316905 -0.0008239798289779699 0.9999823728655448 1.122436761856079
0.9999823987489601 0.0007029885830834142 -0.005891349533636267 -0.008943450637161732 -0.0006983289949620003 0.9999994417911661 0.0007929400800706184 -0.02406570501625538 0.005891903672856274 -0.0007888120231344156 0.9999823314672622 1.1224443912506104
0.9999826628801419 0.0005072681530728645 -0.0058665678348819306 -0.009070645086467266 -0.0005041065499644178 0.999999726930366 0.0005403848440558404 -0.023779701441526413 0.005866840352922191 -0.000537418100067655 0.9999826455324408 1.1216877698898315
0.9999827803561098 0.00046354665761546925 -0.005850138097565994 -0.009093035943806171 -0.00046073821472375194 0.999999777985725 0.0004814029478890609 -0.02371196076273918 0.005850359951479286 -0.0004786992761187706 0.9999827719193173 1.1216005086898804
0.9999826311498835 0.0006566304537872355 -0.005857152465404254 -0.008971464820206165 -0.000652367535727704 0.9999995209808468 0.000729694919188242 -0.023982685059309006 0.005857628799621954 -0.0007258612291063227 0.9999825805034414 1.1222503185272217
0.9999821792791264 0.0008839541940359648 -0.005904214524580454 -0.008825330063700676 -0.0008779110556372013 0.9999990882536449 0.0010260429121270358 -0.024327000603079796 0.005905116116369816 -0.0010208412520967113 0.9999820435821787 1.1231476068496704
0.999981618872783 0.0011757937178700825 -0.005948060667232489 -0.00864311121404171 -0.0011674602538752138 0.9999983324638071 0.0014043169730517506 -0.02475234866142273 0.005949701935700861 -0.0013973470357061836 0.9999813240596737 1.1241480112075806
0.9999816633956596 0.0011527772594990564 -0.005945080070069605 -0.008656904101371765 -0.0011446218706199684 0.9999983995956544 0.0013750079647989254 -0.02472049556672573 0.005946655633451077 -0.0013681778831511216 0.9999813825147232 1.1240792274475098
0.9999815735859534 0.0011735455163933198 -0.005956112782775654 -0.008644546382129192 -0.001165213423636671 0.9999983380663936 0.0014021919012455403 -0.024753842502832413 0.005957748420130487 -0.0013952259213098111 0.9999812791139596 1.1241494417190552
0.9999818080927151 0.001075436178892151 -0.005935227093314208 -0.008710626512765884 -0.0010678995873822277 0.9999986197463577 0.0012728298592001102 -0.02460068091750145 0.005936587748475554 -0.0012664684774333524 0.999981576322034 1.1237660646438599
0.9999820824212068 0.0009478058083268479 -0.0059107106760807404 -0.008788293227553368 -0.0009412821978299222 0.9999989449580089 0.001106377283261139 -0.02441258914768696 0.005911753070848056 -0.0011007938129230731 0.9999819195508539 1.1233357191085815
0.9999821104093123 0.000960333772413031 -0.005903949557986737 -0.008783956989645958 -0.0009537370549932893 0.9999989179321424 0.001120053647820526 -0.024421414360404015 0.005905018794857605 -0.0011144027950549553 0.9999819442667165 1.1233587265014648
0.9999824775239657 0.0007442614947597439 -0.005872880031028995 -0.008921200409531593 -0.000739351947601783 0.9999993754766493 0.0008380960619075814 -0.024100299924612045 0.005873500125906068 -0.0008337392511004491 0.9999824032827439 1.1225749254226685
0.9999824699248778 0.000711892689908596 -0.005878184391382139 -0.008941009640693665 -0.0007072036991184563 0.9999994301442661 0.0007997337502499174 -0.024063505232334137 0.005878750366275735 -0.0007955626571115119 0.9999824035322771 1.1224780082702637
0.9999823313825698 0.0008002133053882493 -0.0058903804075799105 -0.00888575054705143 -0.0007948435145186939 0.9999992665005132 0.0009139049309199574 -0.024192163720726967 0.005891107405874487 -0.0009092068528183526 0.999982233940399 1.122793197631836
0.9999823725330199 0.0008056917693870144 -0.005882642603905025 -0.008880899287760258 -0.0008002935543296052 0.9999992566129937 0.0009199476543463129 -0.024196060374379158 0.005883379425078324 -0.0009152235970410826 0.9999822739490475 1.1228150129318237
0.9999824500177287 0.0007392605351828966 -0.005878192783607003 -0.008924731984734535 -0.0007343699018825114 0.9999993824796937 0.000834110950635267 -0.024099592119455338 0.005878805779011365 -0.0008297795441451273 0.9999823753989469 1.1225650310516357
0.9999826890135017 0.0006203317396646143 -0.00585122738053001 -0.009000664576888084 -0.0006163739615579883 0.9999995800771619 0.0006781803882193862 -0.023917779326438904 0.005851645620286034 -0.0006745621040473287 0.999982651454265 1.1221271753311157
0.9999828265046076 0.0004791918803168408 -0.005840982023405372 -0.009089536033570766 -0.0004762980440970115 0.9999997631562153 0.0004968175585626251 -0.023717334493994713 0.005841218710945146 -0.0004940269781552183 0.9999828179030457 1.1216306686401367
0.9999827561545127 0.0005162235675127548 -0.0058498638319776615 -0.009065589867532253 -0.0005130294470139414 0.999999718520231 0.0005475036487737664 -0.023778140544891357 0.005850144819646136 -0.0005444930552986169 0.9999827395174888 1.1217786073684692
0.9999829601390623 0.00034306447012587987 -0.005827670056523829 -0.009174617938697338 -0.00034119248996692406 0.99999988988294 0.0003222138927005415 -0.02352367900311947 0.005827779954936302 -0.0003202200449633267 0.9999829670748995 1.1211544275283813
0.9999829968291363 0.00031485144625654105 -0.005822964982393086 -0.009191300719976425 -0.00031318275082423824 0.9999999096356014 0.00028748104888604584 -0.023486750200390816 0.00582305497002837 -0.0002856525086055125 0.9999830050723163 1.1210755109786987
0.9999828997330913 0.0003473743648665777 -0.005837771188447261 -0.009167838841676712 -0.0003454389953486943 0.9999998850476931 0.0003325304508785163 -0.023543326184153557 0.0058378860299361695 -0.00033050817070463833 0.9999829047794019 1.121193766593933
0.9999831279883451 0.00022405263653760572 -0.005804613601398141 -0.00924826692789793 -0.000223070814006842 0.9999999607050313 0.00016979207362894223 -0.023350493982434273 0.0058046514156677885 -0.00016849436901403796 0.9999831386736431 1.120736837387085
0.9999833122353396 0.00012345830020199264 -0.0057758124006323415 -0.009310925379395485 -0.00012325441196332703 0.9999999917684893 3.565629365229375e-05 -0.0231920313090086 0.005775816755154086 -3.4943804267406194e-05 0.9999833192207466 1.1203736066818237
0.9999832880336755 0.00014988457774425042 -0.005779376088488011 -0.009297335520386696 -0.00014948432217695858 0.9999999863990273 6.968774821149397e-05 -0.02322821319103241 0.005779386455001591 -6.882265747499928e-05 0.9999832968383248 1.1204472780227661
0.9999833436793941 0.00019798372897517888 -0.005768289713718025 -0.00926091056317091 -0.0001972297675108609 0.9999999719334458 0.00013127652517812172 -0.0232949648052454 0.005768315542437992 -0.00013013666015505846 0.9999833546615924 1.1206516027450562
0.9999829657697973 0.0005406724449566149 -0.005811698852092192 -0.009047850035130978 -0.0005373562238445035 0.9999996919419041 0.0005721576578263932 -0.023786019533872604 0.005812006411631067 -0.0005690249590118558 0.9999829482506524 1.1218278408050537
0.9999825711894554 0.0007561821609462081 -0.005855382640362495 -0.008912607096135616 -0.000751205224916487 0.9999993547833195 0.0008521288954761968 -0.024108286947011948 0.0058560232270415315 -0.0008477154498497924 0.9999824940320107 1.1226065158843994
0.9999827951692475 0.0005068040351856097 -0.005844015329264498 -0.009062377735972404 -0.000503678914011062 0.9999997293903788 0.0005362151812430866 -0.023768628016114235 0.005844285503835305 -0.0005332624484571385 0.9999827798307882 1.121773600578308
0.9999826736847766 0.0005745895092595533 -0.005858513219408911 -0.009026236832141876 -0.000570942479767009 0.9999996422173267 0.0006241713736580825 -0.02386624738574028 0.005858869765657673 -0.0006208156850028717 0.9999826439658615 1.121989130973816
0.9999826183230479 0.0006423040844083227 -0.005860929725305615 -0.008978748694062233 -0.000638151129447694 0.999999544029233 0.0007104255503258451 -0.023963578045368195 0.0058613833621256346 -0.0007066730430146134 0.9999825722472832 1.1222552061080933
0.9999824536100441 0.0007021429690664758 -0.005882131185800827 -0.008949145674705505 -0.0006975141399227083 0.99999944551966 0.0007889451166265207 -0.024051669985055923 0.005882681876541345 -0.0007848284038128741 0.9999823888940824 1.122415542602539
0.99998292759776 0.00041727223162871854 -0.0058284128970199495 -0.009123355150222778 -0.0004148341677625255 0.9999998259622619 0.0004195093079460478 -0.023633329197764397 0.005828586932241267 -0.00041708432110088744 0.9999829266617719 1.1214420795440674
0.9999829409226814 0.0004340192473702939 -0.005824902653098117 -0.009115172550082207 -0.0004314677793542545 0.9999998104355867 0.00043927707225852237 -0.023650147020816803 0.005825092203608152 -0.00043675632078429545 0.9999829386268226 1.1214741468429565
0.9999829734535594 0.0003464871672381806 -0.005825182368089633 -0.009170169942080975 -0.0003445766306920797 0.9999998865197903 0.0003289792586009309 -0.023532235994935036 0.0058252956941381075 -0.000326966435506743 0.9999829793666623 1.1211742162704468
0.9999828298663191 0.0005165691931389839 -0.0058372192709136425 -0.009058460593223572 -0.0005133817516389818 0.999999718319543 0.0005475399633840498 -0.023777207359671593 0.005837500468960148 -0.0005445338401956805 0.999982813387896 1.1218088865280151
0.999982605253144 0.0006226064165203209 -0.005865283657683747 -0.008993135765194893 -0.0006185880916790124 0.9999995727636807 0.0006868924436791303 -0.02393876016139984 0.005865708815464438 -0.0006832523007339925 0.9999825631611713 1.1221715211868286
0.9999824312639761 0.0007038467895011575 -0.005885725366021436 -0.008937505073845387 -0.0006991816289223904 0.9999994398436747 0.0007946429303358296 -0.024069152772426605 0.005886281375970459 -0.0007905137784151486 0.9999823632342367 1.1225074529647827
0.9999822956956782 0.0008846600385685658 -0.005884358233209994 -0.008827428333461285 -0.0008786489856583529 0.9999990896611742 0.0010240374905895668 -0.024317635223269463 0.0058852588014961515 -0.0010188490753253365 0.9999821626786153 1.12288236618042
0.9999826530744321 0.0007183000560256865 -0.00584616072728278 -0.008926468901336193 -0.0007135737349390628 0.9999994169554971 0.000810494411157618 -0.024072248488664627 0.005846739496891849 -0.0008063086848261732 0.9999825826000971 1.1221787929534912
0.999982706045975 0.0005859934496310669 -0.005851856171025654 -0.009014156647026539 -0.0005822527534092906 0.9999996251043836 0.0006409156134628512 -0.023885689675807953 0.005852229549541683 -0.0006374972701295631 0.9999826723531414 1.1219329833984375
0.9999825583959563 0.0005616401963944739 -0.005879410188772814 -0.009031381458044052 -0.0005580456797629805 0.9999996564102003 0.0006129963301961531 -0.023866508156061172 0.005879752452046724 -0.0006097046591014825 0.9999825282330344 1.1219645738601685
0.9999827781692842 0.00041550915035328125 -0.005854119659343324 -0.009123532101511955 -0.0004130352868918183 0.9999998249029013 0.0004237877042446752 -0.023653125390410423 0.0058542947219728785 -0.0004213624478515773 0.9999827746951422 1.121373176574707
0.9999830746899053 0.00031781385899878347 -0.005809417188872746 -0.009182129055261612 -0.000316111968248788 0.9999999068569195 0.0002938696577327649 -0.02349449135363102 0.0058095100436157 -0.0002920282575957274 0.9999830820131659 1.1208817958831787
0.999982966928808 0.00031942121176145106 -0.005827848861077586 -0.009182000532746315 -0.00031769166335138813 0.9999999052244369 0.0002976963615243593 -0.02350488305091858 0.005827943399272466 -0.00029583983184260364 0.9999829736323156 1.1210591793060303
0.9999828062772205 0.00045707197793846965 -0.0058462154546562745 -0.009097691625356674 -0.00045430359545828617 0.9999997840612499 0.00047485334268665836 -0.023704946041107178 0.005846431234388388 -0.000472189221489049 0.9999827979916259 1.1214581727981567
0.9999827958672334 0.0004872730326275211 -0.005845556820592784 -0.009069767780601978 -0.0004842648932413033 0.9999997496120693 0.0005160070852143601 -0.02375929057598114 0.0058458067932731774 -0.0005131674098102972 0.9999827814528335 1.1215206384658813
0.9999830170587556 0.0004056945600734665 -0.005813863258818585 -0.009133851155638695 -0.00040335631281431395 0.9999998373055459 0.0004033516660203025 -0.02360556274652481 0.005814025950511977 -0.000400999757475374 0.9999830180065266 1.121167778968811
0.9999833266746371 4.2455213122935064e-05 -0.005774475758145503 -0.009363862685859203 -4.284501352128512e-05 0.9999999968120972 -6.738034431847348e-05 -0.023080192506313324 0.005774472879090157 6.762662835600566e-05 0.9999833253057814 1.120090126991272
0.9999830802429807 0.000300845822094757 -0.005809364814853093 -0.009196072816848755 -0.00029929629252632917 0.9999999194067499 0.00026759712849448866 -0.02346288040280342 0.005809444852135613 -0.00026585387946507697 0.9999830896931332 1.1209726333618164
0.9999824058223015 0.0007233780533010935 -0.005887679511814666 -0.008923307061195374 -0.0007185541865547708 0.9999994044993779 0.0008213895363329012 -0.024105722084641457 0.005888270180861649 -0.0008171444678971321 0.9999823301184855 1.1224315166473389
0.9999821610502605 0.0008810195771041917 -0.0059077394793405945 -0.008826947771012783 -0.0008749711372834775 0.999999090543198 0.0010263227007236623 -0.024327820166945457 0.005908638316898504 -0.0010211352906735745 0.9999820224763835 1.1229432821273804
0.9999826231050105 0.0005833843560850347 -0.005866272301532817 -0.009016582742333412 -0.0005796455119939431 0.999999627828478 0.0006390258103534288 -0.02389347366988659 0.005866642915934219 -0.0006356143476573088 0.9999825890960793 1.1219013929367065
0.999982863242845 0.0003469798725620205 -0.0058440418897891516 -0.009163138456642628 -0.0003450280436505789 0.999999884368332 0.0003349910025108548 -0.023554930463433266 0.0058441574491682 -0.0003329689035111497 0.9999828673309451 1.1211717128753662
0.9999826780051267 0.00048149697910909007 -0.005866161466766875 -0.009085655212402344 -0.00047852682301672455 0.9999997566196346 0.0005077132570425607 -0.02374359220266342 0.005866404501457872 -0.00050489734682613 0.9999826650381969 1.12166166305542
0.9999826960144477 0.0005301092972566487 -0.005858895442775423 -0.009050989523530006 -0.0005267955263052835 0.9999997004276415 0.000567125295186205 -0.023808393627405167 0.005859194326003986 -0.0005640290417499463 0.9999826757064794 1.1218743324279785
0.9999826065304374 0.0006142674949881922 -0.005865945110316955 -0.009003872983157635 -0.0006103257720110105 0.9999995867925987 0.0006737336892386548 -0.023921027779579163 0.005866356539170598 -0.0006701418331942093 0.9999825682335062 1.1221221685409546
0.9999828567665582 0.0004248165685178606 -0.005840008893491375 -0.009123812429606915 -0.0004223183524246287 0.9999998188019712 0.00042900260343811257 -0.023644911125302315 0.005840190082707154 -0.0004265289060122903 0.9999828549794691 1.1214454174041748
0.9999829503137231 0.0003930263851397868 -0.005826200487745039 -0.009140935726463795 -0.0003907838763419632 0.9999998491327946 0.00038603413155035676 -0.023594750091433525 0.005826351330361716 -0.00038375076457857507 0.9999829530374638 1.1213557720184326
0.999983159148706 0.0002184945852993457 -0.0057994550684014445 -0.00925857201218605 -0.00021757482949107422 0.9999999636544668 0.0001592239273219534 -0.023330822587013245 0.005799489647183126 -0.00015795943040782228 0.9999831703427068 1.1206692457199097
0.9999830355069974 0.0003264928300883635 -0.005815677143966775 -0.009179857559502125 -0.0003247377201000048 0.999999901449617 0.0003027311832418287 -0.023506367579102516 0.005815775410390338 -0.0003008374778242195 0.9999830429828236 1.121005654335022
0.9999832055769106 0.00014184919094463433 -0.0057938280034069475 -0.009299051947891712 -0.00014147798038655085 0.9999999879131679 6.447980237192116e-05 -0.023234164342284203 0.005793837079785721 -6.365902038621035e-05 0.9999832135588186 1.1203522682189941
0.9999830918964331 0.0003817735940412406 -0.005802600294103067 -0.00913979671895504 -0.00037958869063396775 0.9999998566519863 0.0003776353177225375 -0.02360164187848568 0.005802743633504324 -0.000375426331177564 0.9999830934677817 1.1209335327148438
0.9999828662161643 0.0006204075808974263 -0.005820856340634394 -0.008992258459329605 -0.0006164646403859566 0.9999995793623682 0.0006791512597533035 -0.02391299419105053 0.005821275242753295 -0.0006755512712116596 0.9999828280450759 1.1218271255493164
0.9999830615237264 0.0002511727257967617 -0.005814944358859361 -0.009234759956598282 -0.0002499873133916026 0.999999947826246 0.00020458213033442853 -0.02339012734591961 0.005814995440923211 -0.000203125002707075 0.9999830721408512 1.1208057403564453
0.9999834299004114 -9.787154081043105e-05 -0.005755896608707882 -0.009455419145524502 9.643976524048275e-05 0.9999999643426161 -0.0002490263800866467 -0.02287263050675392 0.00575592077606319 0.00024846715637703626 0.999983403682327 1.119561791419983
0.9999833244575669 5.573914753478067e-05 -0.005774746742475254 -0.009353450499475002 -5.603395099342832e-05 0.9999999971352693 -5.088867701094149e-05 -0.02309984341263771 0.005774743889440685 5.121141029061595e-05 0.9999833247161687 1.120155692100525
0.9999834866811209 -3.3968028157219385e-05 -0.005746756584494715 -0.009418069384992123 3.2986668045838204e-05 0.9999999848589689 -0.00017086234678665075 -0.02294972725212574 0.005746762301339902 0.0001706699589304409 0.999983472660832 1.1197588443756104
0.9999833887783853 -7.905749211856027e-06 -0.005763861968816495 -0.009393157437443733 7.144056796514894e-06 0.999999991239995 -0.00013217023962734293 -0.023007098585367203 0.005763862963229804 0.0001321268667609291 0.9999833800750051 1.1199181079864502
0.9999832398219501 0.00016551348772550319 -0.0057872861067425705 -0.009284911677241325 -0.0001649860362073522 0.9999999821929667 9.161699567118765e-05 -0.02325798012316227 0.005787301167536663 -9.066063875887848e-05 0.9999832493226297 1.1205257177352905
0.9999830410444854 0.0003367952400935826 -0.005814137286710984 -0.009171867743134499 -0.00033496626537994785 0.9999998941145917 0.0003155446181362029 -0.02351929247379303 0.005814242945004111 -0.0003135917269757253 0.9999830479759169 1.1210741996765137
0.9999828958835058 0.0005716493513422971 -0.005820752310223389 -0.009026352316141129 -0.000568077207981986 0.999999649331131 0.000615325849397829 -0.023839743807911873 0.005821102019689432 -0.0006120086880720726 0.999982869961602 1.1217738389968872
0.9999831553219978 0.00027717470552909027 -0.005797606958361236 -0.009217878803610802 -0.0002758262153750304 0.9999999347239064 0.00023339254880135518 -0.023412205278873444 0.005797671270427088 -0.0002317894853934658 0.9999831664990538 1.1208961009979248
0.9999833722425252 7.118751439404581e-05 -0.005766296108005587 -0.009349229745566845 -7.138433923835143e-05 0.9999999968765881 -3.392786313931678e-05 -0.023108020424842834 0.005766293674754823 3.433892223255951e-05 0.9999833742008389 1.1201497316360474
0.9999834908900894 -6.0891179631870166e-05 -0.005745801905295496 -0.009430868551135063 5.9716814651462536e-05 0.9999999772949731 -0.00020455795182307084 -0.02291657216846943 0.005745814230611897 0.00020421145376595855 0.9999834718216646 1.1196959018707275
0.999983387246729 8.9674732441002e-05 -0.005763435520686126 -0.009334862232208252 -8.973632895634203e-05 0.9999999959193151 -1.0428868956066433e-05 -0.02313474752008915 0.005763434561961327 1.0945885249642526e-05 0.999983391213193 1.1202378273010254
0.9999831642551005 0.000288832392133742 -0.005795496717795267 -0.00920712761580944 -0.0002874002680227637 0.9999999279631429 0.00024794111220611495 -0.02342991717159748 0.0057955679137304435 -0.0002462713106227804 0.999983175229963 1.1209635734558105
0.9999826227351047 0.0006566807066968719 -0.005858583299001574 -0.008972072042524815 -0.0006524369125937253 0.9999995234405911 0.0007262538582595508 -0.02397969178855419 0.0058590574239354605 -0.0007224188819541006 0.9999825746267096 1.1222470998764038
0.9999824666415364 0.000797112234293145 -0.005867795292501024 -0.008887132629752159 -0.00079180080978492 0.9999992747929528 0.0009074497488093787 -0.024178292602300644 0.005868514376431306 -0.0009027877131033905 0.999982372601317 1.1225847005844116
0.9999828784327696 0.0004997443001286071 -0.005830359932943209 -0.009076439775526524 -0.0004967011392868619 0.9999997396769387 0.0005233870779549846 -0.023741597309708595 0.00583061997487503 -0.0005204821703267963 0.9999828663377285 1.1215964555740356
0.9999830473542642 0.00033430385585936335 -0.005813195765783596 -0.00917370431125164 -0.00033248643007230443 0.9999998955534051 0.0003136015830656878 -0.02351759374141693 0.005813299996833514 -0.00031166345798167103 0.9999830540609356 1.1209805011749268
0.9999831489747788 0.00035920692570307365 -0.005794198552893409 -0.009158792905509472 -0.00035722803105488204 0.999999877519812 0.0003425616662773326 -0.023539621382951736 0.005794320893741887 -0.0003404860436214631 0.9999831548154373 1.1209280490875244
0.9999834293333105 0.00024814538355715475 -0.005751476563504629 -0.009227714501321316 -0.0002470200277765017 0.9999999502093057 0.0001963733485475258 -0.02337050437927246 0.005751525006274513 -0.0001949493646097475 0.9999834408403208 1.120363473892212
0.9999835033346389 7.075406305343974e-05 -0.005743522651235242 -0.009338933043181896 -7.093487645149494e-05 0.9999999969949788 -3.1277568255917906e-05 -0.02311403676867485 0.005743520420960796 3.1684468350002806e-05 0.9999835053485977 1.1198718547821045
0.9999834532160472 0.00013413034057295275 -0.005751113210586235 -0.00929707195609808 -0.00013384374121259415 0.9999999897819739 5.021856859797996e-05 -0.023208564147353172 0.005751119887654921 -4.944798713393293e-05 0.9999834609506969 1.1201075315475464
0.9999833467926592 0.00025366695671630936 -0.005765569393172939 -0.009225833229720592 -0.0002525063376497898 0.9999999477124633 0.00020202876140458983 -0.02337159775197506 0.005765620339726592 -0.00020056955416580154 0.9999833585585074 1.1205850839614868
0.9999834577296873 -5.9940446227259847e-05 -0.005751580141265519 -0.009428873658180237 5.87856219128973e-05 0.999999978081135 -0.00020095268079318974 -0.022925738245248795 0.005751592060390769 0.00020061124636403785 0.9999834393348214 1.1196304559707642
0.9999837715093562 0.000173288715789015 -0.005694443690534971 -0.009284219704568386 -0.00017282598677076597 0.9999999817239174 8.175171823952791e-05 -0.023204905912280083 0.005694457753113114 -8.076624368260607e-05 0.9999837831823635 1.1200463771820068
0.9999835059344852 -0.00015176512279753968 -0.005741500354722881 -0.009484651498496532 0.00014993731930628906 0.9999999379495168 -0.00031877854864427853 -0.022796522825956345 0.005741548377925589 0.0003179124255180291 0.999983466640281 1.1193442344665527
0.9999834071906404 -5.60658143114249e-05 -0.0057603992936814 -0.009428611025214195 5.493990258518324e-05 0.9999999793581328 -0.00019561528963876087 -0.022932415828108788 0.005760410142106506 0.00019529556805550545 0.9999833896293658 1.1197105646133423
0.9999835403739308 -0.00012533025957968822 -0.0057361375110132765 -0.00946680549532175 0.0001237012347406744 0.9999999519223237 -0.00028434724348269495 -0.022834280505776405 0.00573617287254695 0.0002836329959406388 0.9999835078005537 1.1193227767944336
0.9999837033752105 0.0001418789830505843 -0.005707263298067913 -0.009300149977207184 -0.00014156291620350144 0.9999999884240605 5.5783689274965796e-05 -0.02321646176278591 0.005707271146534082 -5.49748433530966e-05 0.999983711884262 1.119739055633545
0.999983523221005 5.421004452156517e-05 -0.005740239348419681 -0.009352500550448895 -5.4496955957667126e-05 0.9999999972737218 -4.9826084285691775e-05 -0.023108122870326042 0.005740236631695943 5.0138088883270095e-05 0.999983523449054 1.1197092533111572
0.9999834625749868 0.00016286882185359843 -0.005748743365871059 -0.009282764047384262 -0.00016231520032898445 0.9999999821447217 9.676947753528265e-05 -0.023291733115911484 0.0057487590239564445 -9.583476878623306e-05 0.9999834711560894 1.1198642253875732
0.9999835465398695 0.000565743929456146 -0.005708465936706914 -0.009036777541041374 -0.0005623262878446207 0.9999996617238985 0.0006002842944191292 -0.023842234164476395 0.005708803612864828 -0.0005970643972059483 0.9999835264020178 1.120689868927002
0.9999837802640562 0.0005500113272923385 -0.005668923738039581 -0.009052729234099388 -0.0005468210764586686 0.9999996912783857 0.000564295883059445 -0.023765945807099342 0.00566923235704792 -0.0005611868433484308 0.9999837723052354 1.1206178665161133
0.9999841432727425 0.0003813412896380137 -0.005618521326785028 -0.009158309549093246 -0.0003794992185149611 0.9999998738961784 0.0003289193975736876 -0.023463530465960503 0.005618646048815275 -0.00032678195753578607 0.9999841618896421 1.1201986074447632
0.9999837491054537 0.00023482587425819305 -0.005696172557977281 -0.00923939049243927 -0.00023391567902466865 0.9999999597686049 0.0001604563618608101 -0.023300832137465477 0.005696210008117766 -0.00015912133022965322 0.999983763804166 1.1202173233032227
0.9999831984307853 0.00043516861736429786 -0.005780439811164557 -0.009107350371778011 -0.00043260711187362294 0.99999980769039 0.00044437626994046746 -0.02367280423641205 0.005780632078137411 -0.00044186814434974363 0.9999831943814455 1.1208544969558716
0.9999831084396835 0.0005928016362416733 -0.005781991138716096 -0.009014073759317398 -0.0005890270831818048 0.9999996123429158 0.0006544930201084175 -0.02393353171646595 0.0057823768818195 -0.0006510762153246706 0.9999830699653661 1.1209912300109863
0.9999835160917295 0.000705187535261286 -0.00569826775097056 -0.008941450156271458 -0.0007008962263839755 0.9999994693203781 0.0007550519466246143 -0.02395440824329853 0.005698797180237218 -0.0007510456060540059 0.9999834796841376 1.1215728521347046
0.9999831381582063 0.0003866657698715961 -0.005794297959913336 -0.009138476103544235 -0.00038446666146919867 0.9999998536497339 0.0003806388012902188 -0.023586176335811615 0.005794444291911431 -0.00037840466862676516 0.9999831404705055 1.1209262609481812
0.9999837315927772 -2.500110938556322e-05 -0.005704027062474166 -0.0094080101698637 2.4055670753143643e-05 0.9999999859628791 -0.00016581787192881066 -0.02294095605611801 0.0057040311280368025 0.00016567796013916339 0.9999837181573029 1.1195193529129028
0.9999835196983302 -0.0002468228813188482 -0.005735800746593955 -0.009542645886540413 0.00024430878177311076 0.9999998737901202 -0.0004390136247621164 -0.022664517164230347 0.005735908381287035 0.0004376050831922495 0.9999834537915279 1.119075894355774
0.9999834525344322 -8.978684386544032e-05 -0.005752094891387431 -0.009444032795727253 8.84293616140466e-05 0.9999999681826709 -0.00023625178340979316 -0.022890321910381317 0.005752115920673124 0.00023573921996235305 0.999983428657423 1.119626760482788
0.9999836234365111 -0.00027126973565934115 -0.005716578654844028 -0.009562917053699493 0.0002685580723699099 0.9999998510720792 -0.0004751130198855425 -0.022610479965806007 0.005716706687269165 0.00047357000582291196 0.9999835473627063 1.1189281940460205
0.999983687797901 -0.00047968638086850004 -0.005691576151286429 -0.00969405472278595 0.0004754614416366146 0.9999996104647054 -0.000743644306556349 -0.022310979664325714 0.005691930650262702 0.0007409260510780555 0.9999835263413389 1.1182057857513428
0.9999835304922072 -0.00018489215698662607 -0.005736249578874488 -0.009496452286839485 0.00018283982648998636 0.9999999190935644 -0.00035830498505345877 -0.02275795489549637 0.005736315362556526 0.0003572502690690106 0.9999834833927541 1.1193439960479736
0.9999831673404885 0.0002585711240020669 -0.0057963934182198775 -0.009224341250956059 -0.00025733418760910887 0.9999999439610757 0.00021414238684513824 -0.02339557185769081 0.005796448464433886 -0.00021264717206791303 0.9999831778416974 1.1208508014678955
0.9999834892303875 -4.9475172033927044e-05 -0.005746200381748762 -0.009421225637197495 4.8396193463338694e-05 0.9999999811735526 -0.0001879114242128823 -0.0229348074644804 0.005746209570518261 0.00018763022742529528 0.9999834727986607 1.1197212934494019
0.9999836579561827 -0.00029148650107670723 -0.0057095408039031905 -0.009574566967785358 0.0002886278731105597 0.9999998325992417 -0.0005014932091348028 -0.022579895332455635 0.005709686026622577 0.0004998370810921366 0.9999835746892892 1.118863582611084
0.9999837618339334 -0.0005745632568668921 -0.005669739457749852 -0.00975570548325777 0.0005696483504425876 0.9999994606534521 -0.0008684431827602043 -0.022164126858115196 0.005670235375338938 0.0008651993231060368 0.9999835497951551 1.1178441047668457
0.9999836962295057 -0.00040856443410235664 -0.005695643096099299 -0.009639058262109756 0.0004048770627435841 0.9999997077351049 -0.0006485401051498871 -0.022425152361392975 0.005695906401883822 0.0006462234962536722 0.999983569387744 1.1185333728790283
0.9999836599554142 -0.00036028223971218095 -0.00570526238506274 -0.009621870703995228 0.0003569198344067359 0.9999997620423515 -0.0005903587656821192 -0.022477339953184128 0.005705473723230253 0.0005883127978878426 0.9999835505935313 1.1185799837112427
0.99998378588537 -0.0008161342545869881 -0.00563576891301544 -0.009908710606396198 0.0008094879185122887 0.9999989744007173 -0.0011814934715506404 -0.021810395643115044 0.005636727390268589 0.001176912227833445 0.9999834209535354 1.1169826984405518
0.9999837036661843 -0.0007417058884057835 -0.005660589583766694 -0.00985686294734478 0.0007355979371128673 0.9999991451273569 -0.00108103664606405 -0.02193588763475418 0.005661386555929485 0.0010768551111093373 0.999983394404794 1.1173017024993896
0.9999835972538302 -0.0003877174998170254 -0.005714446467483348 -0.009630859829485416 0.00038417452385768475 0.9999997333297849 -0.0006210879923413279 -0.022459018975496292 0.005714685750294236 0.0006188824600418848 0.9999834795391752 1.1185811758041382
0.999983529123922 -0.00026401656879445273 -0.005733391327787243 -0.00955688301473856 0.0002613698680570872 0.9999998589482372 -0.0004623735476108692 -0.022634232416749 0.005733512593359831 0.0004608673961786014 0.9999834570804583 1.1189810037612915
0.9999836538059151 -0.00043549490949130716 -0.005701093329866868 -0.00966594833880663 0.00043159439552865365 0.9999996719889274 -0.0006853818759265189 -0.022378714755177498 0.0057013899401631525 0.0006829101126117963 0.9999835137573662 1.118367075920105
0.9999837059583825 -0.000531374244783516 -0.0056837891543889815 -0.00972762517631054 0.0005267717279358699 0.9999995322098578 -0.0008112284589075798 -0.022233031690120697 0.005684217561478143 0.0008082211812832284 0.9999835180887914 1.1180087327957153
0.9999837089594475 -0.0006713437426844964 -0.0056684312897429074 -0.00981523934751749 0.0006657357654748228 0.9999992871947992 -0.000991163853548209 -0.02203335240483284 0.005669092660906657 0.0009873740290139582 0.9999834431033993 1.1175243854522705
0.9999836648192642 -0.0004472403048285326 -0.005698251551445869 -0.009666510857641697 0.00044326682691504734 0.9999996577647665 -0.0006985591386917521 -0.022373085841536522 0.005698562025105548 0.0006960218817177935 0.9999835208364117 1.1182518005371094
0.99998363476871 -0.00019206255053647628 -0.005717806112118909 -0.009507843293249607 0.00018994420738176486 0.9999999131317323 -0.0003710225407888488 -0.022729242220520973 0.005717876874958489 0.000369930404769226 0.9999835843830329 1.119149088859558
0.9999836896989498 -0.000489505436092673 -0.005690406005069506 -0.009702924638986588 0.0004852035020969434 0.9999995954964173 -0.0007573536581357079 -0.02229365147650242 0.0056907744320125915 0.0007545803005475291 0.9999835227117165 1.1181081533432007
0.9999837525473704 -0.0006380742099834147 -0.00566458317818012 -0.009791511110961437 0.0006327179049695965 0.9999993511265423 -0.0009473196649770511 -0.02208223193883896 0.005665183962829276 0.000943720190244645 0.9999835074054323 1.1176608800888062
0.999983745918901 -0.0006069668721184708 -0.005669170064324971 -0.009772227145731449 0.0006018223468513941 0.9999994056566586 -0.0009091183596737642 -0.02212294191122055 0.00566971849961865 0.000905691749557406 0.9999835168714478 1.1177561283111572
0.9999835476340619 -4.897397813428194e-05 -0.005736031968695601 -0.00941433571279049 4.7949168807828756e-05 0.9999999828658793 -0.00017879910192202246 -0.022979646921157837 0.005736040626917043 0.00017852112228861408 0.9999835328484844 1.119361162185669
0.9999837875561673 -5.09361081105333e-05 -0.0056940346271046865 -0.009426342323422432 4.9795264560002784e-05 0.9999999786602376 -0.00020049926655897122 -0.022895976901054382 0.005694044718247658 0.00020021248001520316 0.999983768753128 1.1193856000900269
0.9999832616863069 9.240241708326556e-05 -0.0057851369049158365 -0.009310867637395859 -9.235003076626744e-05 0.9999999956922819 9.322459195955169e-06 -0.023202095180749893 0.005785137741412859 -8.788045582552708e-06 0.9999832659120269 1.1201058626174927
0.9999833111364864 0.00030068976126710185 -0.005769491674016756 -0.009205888956785202 -0.0002991918224093764 0.9999999213139948 0.00026049233694301 -0.023426927626132965 0.005769569547417111 -0.00025876180489362764 0.9999833224157121 1.1206207275390625
0.9999836389554319 -0.0002585866013675693 -0.005714451366684538 -0.00954935047775507 0.00025597669561355714 0.9999998626091063 -0.00045744693671438783 -0.022637901827692986 0.005714568871219628 0.00045597668602658035 0.9999835677589297 1.1189130544662476
0.9999832776394844 0.0005722036805337438 -0.005754739293991358 -0.009025158360600471 -0.000568669736296365 0.9999996487576637 0.000615710386613965 -0.02386506460607052 0.005755089584432647 -0.0006124275444061385 0.9999832517979379 1.1210309267044067
0.9999840165463229 0.0002954963734770265 -0.005646178687991573 -0.009220042265951633 -0.00029417507850421884 0.9999999291544579 0.00023484484732431453 -0.023384790867567062 0.005646247683785698 -0.00023318012863378723 0.999984032629582 1.1198099851608276
0.9999839629361839 3.7272897981815336e-05 -0.005663257117189825 -0.009362917393445969 -3.783914580148109e-05 0.9999999942961788 -9.987913170158499e-05 -0.023009104654192924 0.0056632533621029345 0.00010009182274534465 0.9999839586428291 1.1195495128631592
0.9999833018819919 0.00014667738098884475 -0.00577706179079175 -0.009296711534261703 -0.0001462869143394862 0.9999999869872774 6.801164174346152e-05 -0.0232321098446846 0.005777071691385936 -6.716539753371832e-05 0.9999833103264683 1.120302438735962
0.9999833713470511 3.364313553783919e-05 -0.005766792654943294 -0.009365827776491642 -3.408479171263308e-05 0.9999999964939186 -7.648783907622205e-05 -0.023071501404047012 0.005766790061433713 7.668312711298493e-05 0.9999833689877473 1.1199073791503906
0.9999835983650485 -0.00031731949669526233 -0.005718593290894785 -0.009592604823410511 0.00031427978649794803 0.9999998088682446 -0.0005324393771210455 -0.02255064994096756 0.005718761151285178 0.0005306334059662172 0.9999835069635314 1.1186853647232056
0.999983665745927 -0.0005356149435197994 -0.0056904620172580685 -0.009724314324557781 0.0005309943719273723 0.999999528159641 -0.0008134651018886515 -0.022241946309804916 0.005690895036333032 0.0008104302112381675 0.9999834783217959 1.1179945468902588
0.9999837823287768 -0.0006277125111379743 -0.005660481996842878 -0.009791647084057331 0.0006224134682447013 0.9999993665098972 -0.0009378599461253739 -0.022083373740315437 0.005661067117405436 0.0009343215759895227 0.999983539545669 1.1175954341888428
0.9999838181819615 -0.0006986500424183132 -0.005645818128870569 -0.009829849936068058 0.0006928590176304624 0.9999992319816011 -0.0010276101351274114 -0.021994849666953087 0.0056465317326428646 0.0010236817505247008 0.9999835342419725 1.117287516593933
0.999984027992084 -0.0006313001618255532 -0.005616513227340622 -0.009793608449399471 0.0006259567826746592 0.9999993499114739 -0.0009530764586349643 -0.022049421444535255 0.005617111253432384 0.0009495455415405866 0.9999837730805592 1.1174405813217163
0.9999837561475937 -0.0004821754735106303 -0.005679343955284364 -0.009692675434052944 0.0004779768197056062 0.9999996115106707 -0.0007406191107684297 -0.022339671850204468 0.005679698857290267 0.0007378924854991441 0.9999835981332745 1.1178861856460571
0.9999841022313755 -0.0004964775788469556 -0.005616831359713457 -0.009710348211228848 0.0004920903756156988 0.9999995728199437 -0.0007824365738291992 -0.022232266142964363 0.005617217422530897 0.0007796601461800137 0.9999839193699487 1.1178306341171265
0.999983790478996 -0.0007809650961377962 -0.005639935529604556 -0.009882846847176552 0.0007745744053036244 0.9999990556664085 -0.0011352095762588565 -0.02186594530940056 0.00564081676267984 0.0011308226253465919 0.9999834510762865 1.117140531539917
0.9999837761319683 -0.0006558944953782927 -0.0056583809752170635 -0.009806576184928417 0.0006503894863140234 0.9999993134959965 -0.0009746799742581618 -0.02204514481127262 0.005659016377945741 0.0009709840096830456 0.9999835162259862 1.1175689697265625
0.999983797093556 -0.0006406294941068196 -0.00565642503749639 -0.00979707669466734 0.0006352371209133147 0.9999993421636475 -0.0009550633864965104 -0.022066084668040276 0.005657033158268507 0.0009514547405383298 0.9999835462194979 1.1176269054412842
0.9999837021688027 -0.00029059874794661576 -0.005701837347946201 -0.009569714777171612 0.0002877784170425556 0.9999998358565955 -0.0004954496587443087 -0.02260909415781498 0.00570198038907771 0.0004938007182631779 0.9999836216561213 1.1186093091964722
