0.999983180407806 0.0003300356048019057 -0.005790507576092171 -0.00918390229344368 -0.0003283139860718456 0.9999999016238179 0.00029826545377568096 -0.023479823023080826 0.005790605444663572 -0.0002963593324486968 0.9999831903885835 1.121086597442627
0.999982832217113 0.0005689547159332757 -0.0058319432072462 -0.009032143279910088 -0.0005654099088952532 0.9999996544369814 0.0006094567687927994 -0.02383759617805481 0.005832287945245063 -0.0006061488672938224 0.999982808352661 1.121904730796814
0.9999830004886221 0.000441775154798188 -0.00581408363247842 -0.009114470332860947 -0.00043919904944433755 0.9999998048288283 0.0004443495251568651 -0.023648101836442947 0.005814278800317164 -0.0004417884314272819 0.9999829993479961 1.121485710144043
0.999983088920278 0.0003831552753817929 -0.005803022100138071 -0.009152119979262352 -0.00038102662744993095 0.9999998597274241 0.00036791825371588414 -0.023559682071208954 0.005803162255953034 -0.0003657009258811313 0.9999830946424365 1.1212680339813232
0.9999828898506609 0.0005342699215216876 -0.0058253378933935335 -0.009051020257174969 -0.0005309881392564845 0.9999996994723067 0.0005648954702503938 -0.023789238184690475 0.0058256379493767324 -0.0005617926194759834 0.999982873019101 1.121792197227478
0.9999825677466445 0.0008135897067670533 -0.005848271079252575 -0.008875023573637009 -0.0008081928232155841 0.9999992454874758 0.000925120986455984 -0.02419256791472435 0.005849019335570896 -0.0009203783287980925 0.9999824707846352 1.1226080656051636
0.9999825974115462 0.0008330796885305621 -0.005840449665074625 -0.008862324059009552 -0.0008275519255964118 0.9999992074539678 0.0009488146535825174 -0.024209726601839066 0.005841235474465497 -0.0009439648663849007 0.9999824942960067 1.12265145778656
0.9999824702990344 0.0008741634703233569 -0.005856187571100203 -0.008834537118673325 -0.0008682971965690582 0.9999991188309153 0.0010041899080725579 -0.02428354322910309 0.005857060236943666 -0.0009990873936731876 0.9999823481790869 1.1228188276290894
0.999982798713123 0.0006987610259613641 -0.005823573722198383 -0.008951105177402496 -0.0006942641191913818 0.9999994593242548 0.0007741760331703367 -0.02400822564959526 0.005824111537572535 -0.0007701196180655089 0.9999827431713866 1.122202754020691
0.9999829555413821 0.00046575114115844423 -0.005819940085342804 -0.009098037146031857 -0.0004629890313888116 0.999999779564693 0.000475932476693137 -0.023686446249485016 0.005820160468516658 -0.0004732297962588793 0.9999829507475019 1.1215693950653076
0.9999829788493816 0.0004509448054567331 -0.005817100678161481 -0.009110667742788792 -0.0004483002366774993 0.9999997955838922 0.00045591564104419243 -0.023660246282815933 0.005817305081842457 -0.0004533000732246002 0.9999829765954161 1.121503472328186
0.9999832063456728 0.00029812270476899615 -0.005787758588651727 -0.009204735048115253 -0.00029663931134954827 0.9999999229381632 0.0002571551803383011 -0.02343403361737728 0.005787834806434326 -0.000255433985041099 0.999983217720044 1.1209737062454224
0.9999831959735574 0.00030011107867049084 -0.005789447629096528 -0.009204963222146034 -0.0002986122821673575 0.9999999216811317 0.0002597468677151835 -0.023436160758137703 0.005789525128586194 -0.0002580137027529372 0.9999832072728594 1.1209675073623657
0.9999832207922058 0.00028263977725121294 -0.005786039129004209 -0.009215948171913624 -0.00028127088709955345 0.9999999322645843 0.00023739737650792282 -0.023410648107528687 0.005786105835026061 -0.0002357659488094049 0.9999832325562678 1.1208915710449219
0.999983207211446 0.0002735931132623637 -0.005788820425515958 -0.009220011532306671 -0.00027228586610799407 0.9999999372542406 0.00022660962512426205 -0.02340172417461872 0.005788882061124856 -0.00022502960573343776 0.9999832189622779 1.1208877563476562
0.9999831687915189 0.00028964754199883077 -0.005794673241368376 -0.00920993834733963 -0.0002882156285844591 0.9999999277282288 0.0002479421079528837 -0.023427385836839676 0.005794744638399203 -0.00024626781939687093 0.9999831800019124 1.1209462881088257
0.9999833722140749 0.00015014609333549714 -0.005764785470176039 -0.00930157583206892 -0.0001497719922443072 0.9999999866504421 6.532584176441867e-05 -0.023213617503643036 0.005764795201638637 -6.446135213557716e-05 0.9999833813524187 1.1204191446304321
0.9999834829167902 5.1103769901012086e-05 -0.0057472847510803915 -0.009361122734844685 -5.146752787087089e-05 0.9999999966819478 -6.314426058585524e-05 -0.023069079965353012 0.005747281505100839 6.343901616495699e-05 0.9999834822289776 1.1200839281082153
0.999983426807018 8.813894265558997e-05 -0.005756591250040879 -0.009337645955383778 -8.82257523139607e-05 0.9999999959982016 -1.4826105408354662e-05 -0.023125456646084785 0.005756589920246906 1.5333739286247377e-05 0.9999834305814104 1.1202183961868286
0.9999833194223735 0.0001947702082538137 -0.005772602669319561 -0.009270153939723969 -0.00019406075757621104 0.9999999735490884 0.00012345948822563006 -0.023283634334802628 0.00577262656285919 -0.00012233719320285834 0.9999833307691571 1.12057626247406
0.9999832732290629 0.00024151881147117498 -0.005778834722790644 -0.009240939281880856 -0.00024045962951443344 0.9999999541651671 0.00018398051699188426 -0.02335250936448574 0.005778878892674516 -0.00018258786313545225 0.9999832854705204 1.1207118034362793
0.9999832848794007 0.00029547588915201337 -0.00577430998497631 -0.009204206988215446 -0.0002940179380182762 0.9999999246870347 0.0002533364903633719 -0.02342817559838295 0.005774384404920647 -0.0002516345050981222 0.9999832964429057 1.120821237564087
0.999983218630568 0.00024862617335148367 -0.005787973935267712 -0.009237943217158318 -0.0002475047210227411 0.9999999504612068 0.00019447106929820329 -0.02336519956588745 0.0057880219991362555 -0.00019303525493321027 0.9999832306287579 1.1207581758499146
0.9999829660052296 0.00045855053100353954 -0.005818713843711879 -0.009096207097172737 -0.000455826354811499 0.9999997858995366 0.00046949250870201477 -0.02368832379579544 0.0058189278839617135 -0.00046683218824800625 0.9999829609278299 1.1214969158172607
0.9999828385788355 0.0006310203396746527 -0.005824462305260919 -0.008991687558591366 -0.0006270114417508716 0.9999995653183967 0.000690086711462532 -0.02392599917948246 0.005824895232225379 -0.0006864228640863913 0.999982799561665 1.121889591217041
0.9999834419876231 0.0001575520916749467 -0.005752471462318283 -0.009291775524616241 -0.00015711850293669878 0.9999999847820836 7.582617551549737e-05 -0.023227693513035774 0.005752483321350208 -7.492110028039915e-05 0.9999834515243072 1.1202149391174316
0.9999834705089613 0.00018639828793136598 -0.005746648112730337 -0.009267061948776245 -0.0001857479387052266 0.9999999762845863 0.0001137036950405276 -0.02327258512377739 0.005746669170620286 -0.00011263438753491543 0.9999834814170373 1.1203242540359497
0.9999829989377969 0.0005756284121375795 -0.005802627620486343 -0.00901859626173973 -0.0005720490582408383 0.9999996451140928 0.0006184913612725579 -0.023847918957471848 0.005802981582415785 -0.0006151614585968311 0.9999829733456138 1.1216232776641846
0.9999830381597337 0.0005595243223063248 -0.005797441277128903 -0.009034414775669575 -0.0005560739047840586 0.9999996673314174 0.0005967569583672568 -0.023812834173440933 0.0057977732485350415 -0.0005935230304623218 0.9999830166336683 1.121546745300293
0.9999838430653275 4.771154659458679e-05 -0.005684305754175875 -0.009361240081489086 -4.8120077905398854e-05 0.999999996269396 -7.173330103685126e-05 -0.023060930892825127 0.005684302310463246 7.200567128232161e-05 0.999983841630667 1.1194586753845215
0.9999839192607743 -1.0139713860780759e-05 -0.005671077238655047 -0.00939994677901268 9.30213311858897e-06 0.9999999890461698 -0.00014771976840482692 -0.022971346974372864 0.005671078674371215 0.000147664639846353 0.9999839084014416 1.1192140579223633
0.9999838948447561 -2.7143352160041085e-05 -0.005675325043617122 -0.0094041982665658 2.616729819572232e-05 0.9999999848559649 -0.0001720562213008131 -0.02293401211500168 0.0056753296278524035 0.00017190494238588435 0.9999838804112328 1.1193729639053345
0.9999836396481295 7.040265469610645e-05 -0.005719744709886 -0.009343655779957771 -7.063721701168303e-05 0.9999999966725771 -4.080722339007762e-05 -0.023086275905370712 0.005719741817917133 4.121058261786774e-05 0.9999836412938086 1.119903326034546
0.9999833204781422 0.0003276161320733071 -0.005766405568343799 -0.009178324602544308 -0.00032591754596100005 0.999999903227839 0.0002955030715099636 -0.023479003459215164 0.005766501821889577 -0.0002936187699081729 0.9999833304834415 1.1208324432373047
0.9999829366252126 0.0005874791811435485 -0.005812170560755382 -0.009013433940708637 -0.0005838074718762476 0.9999996289839321 0.0006334041629196442 -0.023858601227402687 0.005812540516105681 -0.0006300001663058324 0.9999829085902112 1.121882438659668
0.9999823336633574 0.0010150917110234247 -0.005856786661999186 -0.00874900072813034 -0.0010080962615981568 0.9999987751710016 0.001197246183632749 -0.024542449042201042 0.005857994803114103 -0.0011913208279396856 0.9999821321661562 1.122737169265747
0.9999835724628934 0.0006953582501273618 -0.005689576544301647 -0.008960931561887264 -0.0006911792339036919 0.999999489965613 0.0007364372211074105 -0.02390446327626705 0.00569008573011936 -0.0007324926061005072 0.9999835430540676 1.1216766834259033
0.9999832531322433 0.00023251040518918562 -0.005782680517473579 -0.009244785644114017 -0.00023151302370057113 0.9999999582110638 0.00017314615379811614 -0.023342128843069077 0.005782720534103889 -0.0001718044882906812 0.9999832651731939 1.1207531690597534
0.9999823101522735 0.0009877178165004804 -0.0058654749199965545 -0.008753873407840729 -0.000980976577447462 0.9999988552044746 0.0011520740837750074 -0.024459997192025185 0.005866606129325586 -0.001146299810247774 0.9999821343050426 1.1231601238250732
0.9999818805722996 0.001296959872853197 -0.005878471074656301 -0.008565034717321396 -0.0012878832245395075 0.9999979731873019 0.0015475716747412507 -0.02487916871905327 0.005880466298458983 -0.0015399728493451883 0.9999815241291892 1.1240710020065308
0.9999824393634082 0.0009608170353563255 -0.0058478881172694995 -0.008782901801168919 -0.0009543289815493588 0.9999989261788362 0.0011121588777540535 -0.024393007159233093 0.005848950418879245 -0.0011065585384250007 0.9999822824966443 1.1229852437973022
0.9999823148993746 0.0011149725747703078 -0.0058418083369019885 -0.008675562217831612 -0.0011073340039762548 0.9999985280148456 0.0013106408910912414 -0.02461680769920349 0.005843261066495783 -0.0013041488792590354 0.9999820775872982 1.123382329940796
0.9999826326220702 0.0008718598055305985 -0.005828748983573197 -0.008844321593642235 -0.0008660747731211511 0.9999991299938524 0.0009949502629639799 -0.02424721047282219 0.005829611369668529 -0.000989884850833213 0.9999825177268156 1.122636079788208
0.9999830855470891 0.0003254545027668489 -0.005807124855692525 -0.00918873306363821 -0.0003237447303470371 0.9999999039746473 0.0002953642595171124 -0.02348407916724682 0.005807220425689528 -0.0002934792375217555 0.9999830948875409 1.1210497617721558
0.9999829485930063 0.000469679602053973 -0.005820818182064135 -0.00908997654914856 -0.0004668690855254186 0.9999997737975312 0.00048418812828466206 -0.023701060563325882 0.005821044278668103 -0.0004814623121341551 0.9999829416732808 1.1215866804122925
0.9999827715969184 0.0005833605394393183 -0.005840907448874671 -0.009022296406328678 -0.0005796821518616693 0.9999996326284115 0.0006314361762474282 -0.023865777999162674 0.00584127365803962 -0.000628039427811675 0.999982742395352 1.1220173835754395
0.999983034875191 0.0003218623138006065 -0.005816043883380439 -0.009187145158648491 -0.00032015429312700857 0.9999999053552628 0.00029460260323361696 -0.023490114137530327 0.005816138154398023 -0.0002927355738454047 0.9999830432776611 1.121083378791809
0.999982892136126 0.0003989393035717499 -0.005835776083900521 -0.009134910069406033 -0.00039662920064929044 0.9999998425365972 0.0003970038516186241 -0.023612895980477333 0.00583593354541944 -0.0003946824205274473 0.9999828929063941 1.121351718902588
0.9999832025365297 0.0003690670802622725 -0.005784326605267369 -0.009155108593404293 -0.00036703308366866136 0.9999998704458014 0.0003526968899679433 -0.023539360612630844 0.005784456024694969 -0.00035056792632393995 0.9999832084443357 1.1209754943847656
0.9999834827171652 0.00010199448812958252 -0.005746641625621644 -0.009327643550932407 -0.00010193797522129361 0.9999999947530467 1.0126977683360693e-05 -0.023175612092018127 0.005746642628365189 -9.541009401567763e-06 0.9999834878674102 1.1198883056640625
0.9999834649028155 0.00038842435637171177 -0.005737512307478739 -0.009139515459537506 -0.0003863377834864323 0.9999998588408214 0.0003647758952402304 -0.023537706583738327 0.005737653185418544 -0.00036255324584775464 0.9999834738089762 1.120944857597351
0.9999829334489438 0.0005603994174738193 -0.005815390213702673 -0.009036771953105927 -0.0005568498580876693 0.9999996577026067 0.0006119745947637799 -0.0238778255879879 0.005815731173316178 -0.0006087258512528887 0.9999829032157287 1.121258020401001
0.9999840265859931 0.00024259612542155276 -0.005646921283634323 -0.00925332959741354 -0.00024161393380145958 0.999999955566058 0.00017461554543768374 -0.02334452234208584 0.005646963393774113 -0.00017324838136607837 0.9999840407673651 1.1194782257080078
0.9999842673207852 9.650498048029952e-07 -0.005609376969082547 -0.009392200969159603 -1.8672723844465842e-06 0.999999987064048 -0.0001608366169545485 -0.02291080914437771 0.00560937674130457 0.00016084456079835623 0.9999842543868386 1.1193939447402954
0.9999834363510369 0.00014354096644053624 -0.00575381782490393 -0.009308626875281334 -0.0001431086154732301 0.9999999869058169 7.555322428582713e-05 -0.02328640967607498 0.00575382859454522 -7.472855194613487e-05 0.9999834437990199 1.1196357011795044
0.9999843584423286 0.00029431286472889225 -0.005585360384250067 -0.009224746376276016 -0.0002930150020330338 0.999999929883354 0.00023318553881555834 -0.023419290781021118 0.005585428622127273 -0.00023154529704615858 0.999984374564864 1.1191412210464478
0.9999847660938067 0.0002628491430861468 -0.005513482623766545 -0.009247656911611557 -0.0002619368925613168 0.9999999518867054 0.00016617957520932486 -0.02329142950475216 0.005513526038653673 -0.00016473285913960468 0.9999847868311329 1.1190223693847656
0.999984529590672 0.0001539636954434104 -0.0055602944619109855 -0.009310432709753513 -0.00015374431142566264 0.9999999873860212 3.98828811318668e-05 -0.02316860482096672 0.005560300532289312 -3.902740048400007e-05 0.9999845406479306 1.1189357042312622
0.9999842324420081 0.00022698998412560648 -0.005611001952859913 -0.00925701204687357 -0.00022618477205599868 0.9999999640320419 0.0001441400829204242 -0.02329941652715206 0.0056110344693987655 -0.0001428686869855944 0.999984247816295 1.119406819343567
0.9999843531167659 0.0004292005869674165 -0.005577571917925229 -0.009138897061347961 -0.00042698972767256756 0.9999998298094869 0.0003975685728525187 -0.02358238399028778 0.00557774160534023 -0.0003951807862291726 0.9999843661931573 1.1196229457855225
0.9999847349880199 -0.00011862377506970256 -0.005524103487418324 -0.009479641914367676 0.00011677140051296459 0.9999999368527139 -0.0003356471483597811 -0.02267470397055149 0.00552414295431801 0.00033499696740123594 0.9999846856935621 1.118635654449463
0.9999836296926966 -0.0003381203481159611 -0.0057119192264779165 -0.009599153883755207 0.0003349338668004274 0.9999997877738597 -0.000558812616447184 -0.022527558729052544 0.00571210696017575 0.0005568903533195518 0.9999835307179863 1.1186779737472534
0.9999834670421842 0.00023697176420021154 -0.005745388296382869 -0.00925107579678297 -0.00023580942629367277 0.9999999515955923 0.0002029845509471588 -0.02345673181116581 0.0057454361198878935 -0.00020162637829413625 0.9999834745187524 1.1195604801177979
0.9999848994955093 -4.6693268866338544e-05 -0.00549532534937259 -0.00944036990404129 4.5343432409589434e-05 0.9999999687735096 -0.00024575791632448497 -0.022779464721679688 0.0054953366530133265 0.0002455050283424178 0.9999848703867232 1.118518352508545
0.9999840741676745 -0.0003438893636410663 -0.005633218540478674 -0.009609876200556755 0.00034065271151814696 0.9999997763692228 -0.0005755147565006553 -0.022506605833768845 0.005633415194121011 0.0005735866197787539 0.9999839676873028 1.1180311441421509
0.9999843170899353 -0.000218575290220164 -0.005596230786684833 -0.009538372978568077 0.00021617567473179047 0.9999998844449983 -0.0004293926727053378 -0.02263772301375866 0.005596323994640432 0.000428176169612403 0.9999842487874069 1.118289589881897
0.9999839749145677 -0.00043264610097271713 -0.005644708266398642 -0.009671061299741268 0.0004288202845299752 0.9999996775610603 -0.0006789631353139436 -0.02240913175046444 0.0056450001970780915 0.000676531689466809 0.9999838380082191 1.1176376342773438
0.9999844350783287 -0.0004581679328952537 -0.005560547025337437 -0.009688465856015682 0.0004540141165013363 0.9999996169926789 -0.00074825508847366 -0.022257471457123756 0.005560887722094382 0.0007457188750968451 0.9999842600916784 1.1176626682281494
0.9999839474160822 -0.000262834631440106 -0.005660020150711588 -0.00955104548484087 0.000260159859461005 0.9999998541500995 -0.00047330394792594315 -0.02260577119886875 0.005660143725866924 0.0004718238401276449 0.9999838699475438 1.118632197380066
0.9999837437417776 -3.544631576247038e-05 -0.005701841433927592 -0.009412516839802265 3.44272927153887e-05 0.9999999834197483 -0.0001788162877112516 -0.022929206490516663 0.005701847677768224 0.00017861708186344162 0.999983728382116 1.11946702003479
0.9999836777084642 -0.0002505865200587464 -0.005708022691826774 -0.00955178402364254 0.00024801658808163644 0.9999998675727076 -0.0004509349613058867 -0.022632479667663574 0.005708134934151511 0.00044951191670126507 0.999983607432947 1.1189182996749878
0.9999836348212978 -0.0003527539495949948 -0.005710136096165584 -0.009615199640393257 0.00034944084454883366 0.9999997700476321 -0.0005812020126193745 -0.022494331002235413 0.005710339804411731 0.0005791971463646428 0.999983528139331 1.1186609268188477
0.9999836139829626 -0.00032619047276473087 -0.005715362223711443 -0.009596213698387146 0.00032308122848423817 0.9999997993348391 -0.000544930088074269 -0.022539695724844933 0.005715538827840417 0.0005430746325920927 0.9999835187071088 1.1187098026275635
0.9999835746428682 -0.0003523837613821648 -0.005720687909277189 -0.009614900685846806 0.00034908552975005286 0.9999997722975182 -0.0005775328597444981 -0.022503210231661797 0.0057208901198637935 0.000575526364191677 0.9999834699561989 1.1186401844024658
0.9999835752397959 -0.00019881099056807055 -0.005727977376467438 -0.009512974880635738 0.00019663936434515883 0.9999999085854162 -0.00037968687027795307 -0.022725490853190422 0.005728052338769556 0.00037855428818186414 0.9999835229207804 1.1192528009414673
0.9999834499568497 3.214554177952733e-05 -0.005753153836022682 -0.009372254833579063 -3.2637077408400015e-05 0.9999999958256344 -8.534373180605808e-05 -0.02304779179394245 0.0057531510685864175 8.553008549070278e-05 0.9999834468316896 1.1200158596038818
0.9999833037699285 0.00014919311158570245 -0.005776670563123473 -0.009295686148107052 -0.00014880621658662954 0.999999986656626 6.740517862439523e-05 -0.023227037861943245 0.005776680542431531 -6.654444872105912e-05 0.9999833126276395 1.1204525232315063
0.9999834370202482 6.15270418553962e-05 -0.005755162864291497 -0.009356999769806862 -6.18038707633996e-05 0.9999999969418275 -4.792313378565248e-05 -0.023087382316589355 0.005755159898122558 4.827803137764493e-05 0.9999834377647356 1.1200693845748901
0.9999834899280513 -9.436702678326178e-05 -0.005745517050621904 -0.009446540847420692 9.29616878525611e-05 0.9999999656998634 -0.00024486403671909545 -0.022878598421812057 0.005745539960640996 0.00024432588103362007 0.9999834644009992 1.119620680809021
0.9999834999474567 -8.187749726796804e-05 -0.0057439645637773346 -0.009446781128644943 8.058694416775798e-05 0.9999999714604068 -0.00022491093702414874 -0.02291177026927471 0.005743982814991555 0.00022444433743026761 0.9999834780065919 1.1193345785140991
0.9999840209555364 -0.0004750557866121075 -0.005633130177553305 -0.009693320840597153 0.00047082892530044565 0.9999996066637103 -0.0007516598618980547 -0.022277479991316795 0.005633485042205739 0.0007489956104641249 0.9999838512955372 1.117933988571167
0.9999836809920357 -0.00019515105200066158 -0.005709611693075598 -0.009504619985818863 0.00019300530720665175 0.9999999105505502 -0.0003763613199137738 -0.02272922731935978 0.005709684629661487 0.0003752531927115438 0.9999836292092342 1.1190546751022339
0.9999836134797755 8.826024202113158e-06 -0.005724744014570222 -0.00938625168055296 -9.498519703874968e-06 0.9999999930582794 -0.0001174445378925559 -0.023000609129667282 0.005724742938262315 0.00011749698997908249 0.9999836066220027 1.1197128295898438
0.9999833251998752 0.0001074836910180347 -0.005773886858679203 -0.009318619966506958 -0.00010739634981457966 0.9999999941138619 1.5436981298741066e-05 -0.023173559457063675 0.0057738884839170345 -1.4816629517298865e-05 0.9999833308571913 1.1203559637069702
0.9999831252348658 0.00037020679885644105 -0.0057976023007414385 -0.00915640126913786 -0.00036816575741595715 0.9999998698827522 0.0003531125238823627 -0.023548854514956474 0.0057977322710304835 -0.00035097208654920716 0.9999831314172798 1.121070384979248
0.9999830402575948 0.0004911125128836362 -0.005803275426593198 -0.009073801338672638 -0.00048815997029291074 0.9999997507094658 0.0005101772724427674 -0.023724162951111794 0.005803524534333854 -0.0005073356932077986 0.9999830307127584 1.1214330196380615
0.9999829093982813 0.0005026054291206899 -0.005824800351155066 -0.00906964298337698 -0.0004995374497976904 0.9999997357585069 0.0005281526788773785 -0.02375124767422676 0.005825064264404934 -0.0005252339465173006 0.9999828962315388 1.121558427810669
0.9999828068298406 0.0005557936991424754 -0.00583756268293409 -0.009032567963004112 -0.0005523082697310965 0.9999996682781993 0.0005986644019722409 -0.023837244138121605 0.005837893480389804 -0.0005954299748884514 0.9999827820831998 1.1217623949050903
0.9999825316672272 0.0007131004048626133 -0.005867524879843319 -0.008936597034335136 -0.0007084104835341781 0.9999994280034399 0.0008013409885444301 -0.024063633754849434 0.005868092960222634 -0.000797170374316099 0.9999824648484615 1.1223485469818115
0.9999827283617003 0.0005747643931225912 -0.005849155852047155 -0.009031819179654121 -0.0005711427419453908 0.9999996441851189 0.000620826548340596 -0.02385505475103855 0.005849510599824755 -0.0006174751227376022 0.9999827008254766 1.1219698190689087
0.9999829552049665 0.00045540529046781254 -0.0058208165718690785 -0.009104513563215733 -0.0004527129909463898 0.9999997899522602 0.0004638387469137457 -0.02367267943918705 0.005821026583838983 -0.0004611956815973748 0.9999829513286982 1.121535301208496
0.9999824934905782 0.0006771692036448749 -0.0058782781692817716 -0.008963043801486492 -0.0006727483941177646 0.9999994894441636 0.0007540033225516558 -0.024014275521039963 0.005878785755922022 -0.0007500355203868237 0.9999824385081741 1.1223623752593994
0.9999819817855157 0.0009828210280963025 -0.005922007019558597 -0.00876916479319334 -0.0009760168143943686 0.9999988604293132 0.0011517513852441132 -0.02446681633591652 0.0059231322364935455 -0.0011459506543145704 0.9999818014852107 1.1234809160232544
0.9999820233269737 0.0009330233256223787 -0.0059230473884238355 -0.008805922232568264 -0.0009266031196941591 0.9999989803661398 0.0010865879344356948 -0.024390215054154396 0.005924055160972332 -0.0010810800870114732 0.9999818682537674 1.1232435703277588
0.9999826671701706 0.0004909792713949314 -0.00586722239113167 -0.009082257747650146 -0.0004879451219797289 0.9999997465046684 0.0005185558380424374 -0.023755304515361786 0.0058674755039857225 -0.0005156839674570166 0.9999826532501731 1.1217035055160522
0.9999823449762858 0.0006832401331618112 -0.0059027890567836284 -0.008953745476901531 -0.0006787135455297741 0.9999994741279816 0.0007688248716418678 -0.024047380313277245 0.005903311244679712 -0.0007648049951312829 0.9999822828378849 1.1224455833435059
0.999982768760056 0.0005491011356230329 -0.005844713073866687 -0.009049836546182632 -0.0005456764129284506 0.9999996785223639 0.0005875307835733288 -0.023815583437681198 0.005845033808742616 -0.0005843313376246789 0.9999827469194971 1.121867299079895
0.9999826986866126 0.0004566240898161804 -0.005864624615438224 -0.009100984781980515 -0.0004538625728781918 0.9999997855182877 0.00047219926264167476 -0.023704903200268745 0.00586483897514201 -0.00046952935935732287 0.9999826914531953 1.1215901374816895
0.9999833442416004 2.557944362997189e-05 -0.005771532298844632 -0.00938170775771141 -2.6104304147533073e-05 0.9999999955311283 -9.086423114955882e-05 -0.023047348484396935 0.005771529948795918 9.101337957140399e-05 0.9999833404405368 1.11997652053833
0.999983610415642 -0.00031875651376589496 -0.005716405722266441 -0.009594885632395744 0.0003156909538277081 0.9999998058946847 -0.0005371683289398631 -0.022543879225850105 0.005716575838585547 0.0005353549073992932 0.9999835169420563 1.1187700033187866
0.9999836558556581 -0.00026125928641149854 -0.005711371563644506 -0.009553568437695503 0.0002586167236332336 0.9999998591805258 -0.00046341808223049374 -0.022628622129559517 0.005711491831649639 0.00046193345185722534 0.9999835826045061 1.1189095973968506
0.9999835576814943 3.1748825312142536e-05 -0.0057344013352511715 -0.009369264356791973 -3.2215547974590165e-05 0.999999996176429 -8.12976034089279e-05 -0.023068558424711227 0.0057343987322218725 8.148100356916023e-05 0.9999835548807919 1.1196426153182983
0.9999837451137347 -8.976411860435024e-06 -0.0057017039324163375 -0.009399321861565113 8.140092645175431e-06 0.9999999892061291 -0.00014670201128717957 -0.02295912615954876 0.005701705187730556 0.000146653214264426 0.9999837343931083 1.119596004486084
0.999983541497774 -0.00015501446455619086 -0.005735216132327502 -0.009488794952630997 0.00015314917057857036 0.9999999352412401 -0.0003256729130943636 -0.022783268243074417 0.005735266244934264 0.00032478920941224386 0.9999835004804171 1.1193819046020508
0.9999836012972033 -0.0002504089057333335 -0.005721401231891125 -0.009554756805300713 0.0002478382237707453 0.9999998680316031 -0.00045001443484651865 -0.022637121379375458 0.00572151316446917 0.00044858907327475567 0.9999835313918687 1.1189895868301392
0.9999837111471732 -0.0005341483243060693 -0.0056826161136290625 -0.009728283621370792 0.0005295252581919703 0.9999995276735361 -0.0008150188378202673 -0.022230694070458412 0.005683048770525586 0.0008119964733335916 0.9999835216734321 1.1180227994918823
0.9999837197365945 -0.0004197511074895923 -0.005690700376209385 -0.009655898436903954 0.00041595846820172925 0.9999996906244317 -0.000667629832777182 -0.02239292487502098 0.005690978854007423 0.000665251868576164 0.9999835849650907 1.1184182167053223
0.999983735427323 -0.0004977024138222718 -0.005681652323478709 -0.009706451557576656 0.0004933407084633543 0.9999995825820907 -0.0007690582485604402 -0.022277703508734703 0.005682032714001954 0.0007662427497741563 0.9999835635530643 1.1181288957595825
0.9999836003357059 -0.00036726870261311956 -0.005715257941638563 -0.009618867188692093 0.00036386736649659683 0.9999997560962763 -0.0005961609914669672 -0.022486228495836258 0.005715475498939753 0.000594071618770769 0.9999834900730776 1.1186071634292603
0.9999836370194312 -0.0004049276026844324 -0.005706288375723333 -0.009648473002016544 0.00040124575446628545 0.9999997106125142 -0.0006463565054547671 -0.02242225781083107 0.00570654845198512 0.0006440563051513086 0.9999835101121621 1.1184707880020142
0.9999836621003192 -0.00041608616051813646 -0.005701088031399439 -0.009652753360569477 0.0004123215719538705 0.9999996962125394 -0.0006614875283834249 -0.022405050694942474 0.005701361535286298 0.000659126039487592 0.9999835298791215 1.118443250656128
0.999983642714719 -0.00034094413165493205 -0.005709471087630802 -0.00960631761699915 0.0003377272114330362 0.9999997837018698 -0.0005643904185176249 -0.02251327410340309 0.005709662278284036 0.0005624529428733561 0.9999835415662376 1.1187063455581665
0.9999836303829337 -0.00019214914577029963 -0.005718570177401646 -0.00950623583048582 0.00019002930475897777 0.9999999130366107 -0.0003712352812807096 -0.022731050848960876 0.00571864101263758 0.00037014250838628647 0.9999835799349367 1.1192699670791626
0.999983536089941 -0.00011655550677706471 -0.005737069275452907 -0.00945973675698042 0.00011498734146895396 0.9999999559418178 -0.00027366818121800444 -0.022843239828944206 0.005737100920221615 0.0002730039852258753 0.9999835054348921 1.1194242238998413
0.9999836768436926 -0.0002655482126986729 -0.0057074977280850946 -0.009556020610034466 0.00026288851985583933 0.9999998565193646 -0.0004667449798709093 -0.022619403898715973 0.005707620852464885 0.00046523692548983034 0.9999836031749759 1.1189031600952148
0.9999837674729567 -0.0005658368454485891 -0.00566962249674475 -0.009752277284860611 0.0005609812544507418 0.9999994745884979 -0.0008579759669778602 -0.022172830998897552 0.005670104992274504 0.0008547814879192879 0.999983559493847 1.1178505420684814
0.9999838224693195 -0.0006212115068466322 -0.005654104342204787 -0.009782142005860806 0.0006160244884467182 0.999999387897878 -0.0009190852512757064 -0.022142378613352776 0.0056546718276493865 0.0009155873160108248 0.9999835930586004 1.1173111200332642
0.999983627862036 -0.00026986742970986353 -0.0057158708392430185 -0.009556484408676624 0.00026718125199027675 0.9999998535235416 -0.00047070911753436054 -0.022621294483542442 0.005715997031062193 0.0004691742374927038 0.9999835534914937 1.1189093589782715
0.999983753996109 -0.0006051022590545965 -0.0056679445220482235 -0.009779366664588451 0.0005999610166994669 0.9999994071282108 -0.0009087298854190616 -0.022115804255008698 0.005668491036190352 0.000905314576431763 0.9999835241717184 1.1177008152008057
0.9999837154165926 -0.0008335386186582577 -0.005645716517680485 -0.00995671097189188 0.0008266792838730041 0.9999989175275931 -0.0012171873328970474 -0.02176499366760254 0.00564672497899625 0.0012125003146206165 0.9999833220309219 1.1166207790374756
0.9999837553422941 -0.0006201687540314043 -0.005666078206256516 -0.009781986474990845 0.0006149579832514954 0.9999993864801718 -0.0009213392201785556 -0.022123580798506737 0.005666646115801407 0.000917839853311628 0.9999835232101587 1.1174978017807007
0.9999837366702008 -0.0005871755427778966 -0.00567288462639267 -0.009760536253452301 0.000582179780191693 0.9999994413506207 -0.00088225004954868 -0.02215414308011532 0.005673399492890904 0.0008789330625003128 0.9999835198716355 1.1177821159362793
0.9999836894526763 -0.0005545868770749066 -0.0056844755263368695 -0.00974231120198965 0.0005498170435561641 0.9999994955239085 -0.0008406266396418141 -0.02220158837735653 0.0056849388591577385 0.0008374875070331686 0.9999834899061302 1.1179251670837402
0.9999837188004459 -0.0005161554722357777 -0.005682932126907635 -0.009713258594274521 0.0005116729092198512 0.9999995568856327 -0.0007902021084327248 -0.02226341888308525 0.005683337475861201 0.0007872814405802355 0.9999835397960651 1.1179972887039185
0.999983769172194 -0.00039004360327130603 -0.0056841233413543 -0.009635238908231258 0.0003864689825834864 0.999999726894192 -0.0006299629091619401 -0.022432468831539154 0.005684367501990219 0.0006277559469778252 0.9999836468105733 1.1184046268463135
0.9999836463988975 -0.00029983809196967924 -0.005711132276867488 -0.009576092474162579 0.0002969311739400741 0.9999998259512555 -0.0005098326559391511 -0.022579096257686615 0.005711284150102865 0.0005081285051277693 0.9999835613842757 1.1187177896499634
0.9999837406807011 -0.00046204619678314563 -0.005683738870202001 -0.009683582000434399 0.00045794950725584126 0.9999996344600438 -0.0007220540337866168 -0.022329866886138916 0.005684070414888526 0.0007194394282645503 0.9999835867405164 1.1181854009628296
0.9999837685703461 -0.0005638508822164225 -0.005669626798156977 -0.00974477268755436 0.0005590216671469234 0.9999994796713269 -0.0008533181415319358 -0.022184940055012703 0.005670104992274503 0.0008501348467337429 0.9999835634549792 1.1179203987121582
0.9999837769545529 -0.0005256434476185987 -0.005671818638891285 -0.00972289964556694 0.0005210868301769993 0.9999995403613743 -0.0008048264131004534 -0.022235380485653877 0.0056722390836348785 0.0008018578463690981 0.9999835912292621 1.1180264949798584
0.9999838092998092 -0.0006163138449505541 -0.0056569687543315435 -0.009777072817087173 0.0006111100852415121 0.9999993886289348 -0.0009215672631693628 -0.022104961797595024 0.0056575332704878745 0.0009180953116924309 0.9999835745742488 1.1177220344543457
0.9999837642578322 -0.0004387931436788615 -0.005681433033479367 -0.009663447737693787 0.00043486961930311254 0.999999666147738 -0.0006918040380868432 -0.022365232929587364 0.005681734695588779 0.0006893221235144847 0.9999836212287977 1.118363380432129
0.9999835894505866 -0.0002567910915142236 -0.005723188609157711 -0.009548111818730831 0.00025419427708352557 0.9999998644264112 -0.00045445839058861053 -0.022641805931925774 0.005723304534110659 0.0004529961308856179 0.9999835191540486 1.1189817190170288
0.9999836044401637 -0.0002192520786211996 -0.005722130668192255 -0.00952761247754097 0.00021693197506584001 0.9999998940201804 -0.00040607898962495 -0.022691495716571808 0.005722219095424439 0.00040483101862514166 0.9999835460248683 1.1191141605377197
0.9999836348443788 -0.0002616135794132057 -0.005715032962195622 -0.009554784744977951 0.0002589721283841806 0.9999998593152531 -0.00046292862362616317 -0.022624488919973373 0.005715153266591897 0.0004614410134771905 0.9999835619125598 1.118973970413208
0.9999835982722028 -0.00023986200965179415 -0.005722381741359728 -0.00953967310488224 0.00023738616058546682 0.9999998779339052 -0.0004333358805083947 -0.022662311792373657 0.00572248498366609 0.0004319703588202521 0.9999835331480318 1.1190766096115112
0.9999836785911345 -0.0002991570560719677 -0.0057055285818535095 -0.009578682482242584 0.00029624597403832503 0.9999998255282034 -0.0005110595712577223 -0.022569257766008377 0.005705680473476502 0.0005093609901733706 0.999983592746259 1.11884605884552
0.9999836137201171 -0.00022373757306160346 -0.005720335021165648 -0.00952817965298891 0.0002213787368886836 0.9999998902154942 -0.0004129896544874661 -0.022683780640363693 0.005720426794464489 0.0004117165265818331 0.9999835534681514 1.1191349029541016
0.9999837284486517 -0.0003980688985062337 -0.005690727465325391 -0.00964338518679142 0.000394431762918017 0.9999997172570317 -0.0006402417047589318 -0.02242078259587288 0.005690980716622407 0.0006379866833667235 0.9999836027213018 1.1184755563735962
0.9999837267119815 -0.0004982878726306595 -0.005683134734672527 -0.009703664109110832 0.0004939275443940108 0.9999995826310992 -0.000768617725236627 -0.022281263023614883 0.005683515355600006 0.0007657981605150513 0.9999835554679783 1.1181446313858032
0.999983692485624 -0.00044311456113876424 -0.0056937169144972875 -0.009670179337263107 0.00043915395213005347 0.9999996607775666 -0.0006968418457188099 -0.02236463874578476 0.005694023763829431 0.000694330063675082 0.9999835478642334 1.1182756423950195
0.9999838102825765 -0.0006223441051279563 -0.005656134771643609 -0.009785052388906479 0.0006170895478801443 0.9999993764996137 -0.0009306991318202712 -0.022093530744314194 0.0056567104601597295 0.0009271937224153378 0.9999835708343269 1.1175696849822998
0.999983907408994 -0.0006423737244296503 -0.005636690433028492 -0.009796412661671638 0.0006370091208060895 0.999999342554044 -0.0009534730510140835 -0.02208501659333706 0.005637299213244087 0.0009498670839452392 0.9999836591715399 1.1172735691070557
0.9999840096617078 -0.0005822701506463814 -0.005625067320946656 -0.009899546392261982 0.0005769908073880526 0.9999993916316537 -0.0009401159132993002 -0.022023599594831467 0.005625611300268214 0.0009368552683926875 0.9999837372676139 1.116420030593872
0.9999837651710228 -0.000652633262786207 -0.005660694675488898 -0.010201465338468552 0.0006462368939122785 0.9999991507965331 -0.0011317173188460765 -0.021709026768803596 0.005661428464773705 0.0011280407958644807 0.9999833377370352 1.1145026683807373
0.9999835561136657 -0.0007723328768600157 -0.005682517416946924 -0.010189388878643513 0.0007652900743946851 0.9999989365650088 -0.0012414507453125758 -0.02163630723953247 0.005683470187184673 0.0012370815568608661 0.9999830837548466 1.114886999130249
0.9999837807863813 -0.0007520549139031994 -0.005645580358242173 -0.009864108636975288 0.0007458694477649061 0.9999991194153968 -0.001097655318495844 -0.02191084995865822 0.005646400883907079 0.0010934266494856389 0.9999834611508436 1.1172504425048828
0.9999837629170023 -0.0007085149950797473 -0.005654370774427179 -0.009842938743531704 0.000702631542437993 0.9999992098210899 -0.0010424327851787016 -0.021967492997646332 0.005655104885722304 0.0010384429198522966 0.9999834705759061 1.1173450946807861
0.9999837754642692 -0.0007736894989055856 -0.00564359927573712 -0.00987812876701355 0.0007673640323783903 0.9999990751229001 -0.0011229006127174879 -0.021889468654990196 0.005644462832513764 0.0011185516990790175 0.9999834443036688 1.117048740386963
0.9999839737607712 -0.0006364782904819738 -0.005625577037308496 -0.009795215912163258 0.0006311273708378105 0.99999934682866 -0.0009529010939611855 -0.022068481892347336 0.0056261798637020875 0.0009493353668952903 0.9999837222987693 1.1173242330551147
0.9999839192127485 -0.0007236380806449925 -0.0056247367796097335 -0.009849024936556816 0.0007176478307179785 0.9999991733222271 -0.0010669285139420588 -0.02193303406238556 0.005625504199866872 0.001062874776743367 0.9999836118655678 1.117182731628418
0.9999837479193816 -0.0007513336189515687 -0.0056514949260988495 -0.009865108877420425 0.0007451555757015038 0.9999991226441075 -0.0010951959565589167 -0.02191418781876564 0.005652312825267978 0.0010909669143907062 0.9999834304381834 1.1172138452529907
0.9999837957768979 -0.0007170140020763515 -0.005647483913084152 -0.009848122484982014 0.0007111093781965477 0.9999991985642893 -0.001047470396593188 -0.021982582286000252 0.0056482304379299846 0.0010434374443753802 0.9999835042295548 1.117093801498413
0.9999839884409716 -0.0006224119199394435 -0.005624541322565304 -0.009784003719687462 0.0006171513569777589 0.9999993706011336 -0.0009369746739287941 -0.02208314649760723 0.005625120966691106 0.0009334884781938955 0.9999837431745436 1.1174163818359375
0.9999840050024936 -0.0005831004056029301 -0.005625809549697121 -0.00976407341659069 0.0005781314241589515 0.9999994414169953 -0.0008848331783570226 -0.022143570706248283 0.00562632235380071 0.000881566568165528 0.9999837835370915 1.1174362897872925
0.999984000086594 -0.0006970501291239918 -0.0056137057218933655 -0.009832355193793774 0.0006912525207469574 0.9999992258513009 -0.0010346336314719469 -0.021968994289636612 0.005614422567556797 0.0010307365891924461 0.9999837077879401 1.1171795129776
0.9999838411435703 -0.0007244901359512485 -0.005638489673081775 -0.009849246591329575 0.0007185053929506845 0.999999176505109 -0.0010633621696162824 -0.02194141037762165 0.005639255425217169 0.0010592937016614449 0.9999835382120561 1.1172524690628052
0.9999838029671754 -0.0006387959300994317 -0.005655593962174147 -0.00979217141866684 0.0006334230533375635 0.9999993464721425 -0.0009517512927767187 -0.02207215689122677 0.005656198240938235 0.0009481534936338308 0.9999835540779717 1.1176546812057495
0.9999836801571113 -0.0003310394538506774 -0.005703492992895839 -0.009597486816346645 0.00032789028883435157 0.9999997932991125 -0.0005530729523301972 -0.022524073719978333 0.005703674902946854 0.0005511938063017038 0.9999835820042192 1.1187505722045898
