0.9998965136463704 -8.353556087462842e-05 -0.014385931309570889 -0.018633993342518806 9.222061083175008e-05 0.9999998139094035 0.000603055981630314 -0.019020522013306618 0.01438587825586469 -0.0006043202529384928 0.9998963352787323 0.915433943271637
0.9999574754214376 -1.6477465385056967e-05 -0.009222097227757296 -0.013148579746484756 2.016309118699217e-05 0.9999999199731222 0.00039955875573827225 -0.02123892866075039 0.009222089906026078 -0.0003997277106579122 0.9999573957301995 1.0137628316879272
0.9999149627154207 -5.623155709216805e-05 -0.013040865608944267 -0.017400797456502914 6.348344315471961e-05 0.9999998435969901 0.0005556760275747808 -0.01971643790602684 0.013040832322785365 -0.000556456653444864 0.9999148098954839 0.943660318851471
0.9998404555708386 -0.00015059936258310814 -0.017861711108677947 -0.022553831338882446 0.00016313388543813377 0.9999997414844364 0.0007002987904444641 -0.01750742271542549 0.01786160102659617 -0.0007031009120074325 0.9998402216643788 0.8552150726318359
0.9998587387658701 -0.00019555151395357018 -0.016806673470048408 -0.02152872085571289 0.00020538000115515512 0.9999998089226275 0.0005830726914573311 -0.01772945374250412 0.016806556237925842 -0.0005864420805060412 0.9998585878778596 0.8893148899078369
0.9999007162243525 -0.0001992541157486446 -0.01408964129508031 -0.018663879483938217 0.00020520616079640743 0.9999998903260761 0.0004209967545720813 -0.018773363903164864 0.014089555864478 -0.00042384623762191403 0.9999006474494896 0.9463797807693481
0.9997400776600448 -0.00029248941245583034 -0.02279674472883003 -0.028472108766436577 0.00030975303552460215 0.999999667951582 0.0007537571113776537 -0.015324183739721775 0.02279651669323236 -0.0007606225539453411 0.9997398362974168 0.7892484068870544
0.9996792020531252 -0.00033519716211137133 -0.02532549358431538 -0.03111501969397068 0.00035589719101611757 0.9999996063007459 0.0008128564094873878 -0.014191827736794949 0.025325211146525785 -0.0008216089188478749 0.9996789277758975 0.741138756275177
0.9996676411110236 -0.0002881624114361354 -0.025778368411264987 -0.03154963627457619 0.0003119060208080351 0.9999995308658931 0.0009170510500518685 -0.014172994531691074 0.025778092058111147 -0.0009247866882978196 0.9996672620124285 0.728280246257782
0.9993912507977164 -0.00043356705372836127 -0.03488466494873727 -0.041964173316955566 0.0004742755267902773 0.9999992162635617 0.0011586781204582354 -0.010433824732899666 0.03488413524369532 -0.0011745177189221676 0.99939067316862 0.5664798021316528
0.9995982830125394 -0.0002986853925280894 -0.028340490211341832 -0.034215573221445084 0.0003280400614036253 0.9999994145679678 0.0010311418134399002 -0.013209577649831772 0.02834016563291376 -0.001040024402406098 0.9995977957964599 0.6703855991363525
0.9995447356143826 -0.0003315114398273899 -0.030169713385103766 -0.03638548403978348 0.00036439438766215133 0.9999993456021954 0.0010844408288032505 -0.01241170335561037 0.030169334137569 -0.0010949407957504943 0.9995442023154101 0.6412212252616882
0.9994984095012546 -0.00039121072453965 -0.03166664425908378 -0.03819169104099274 0.00042540363434842273 0.99999933380091 0.0010730468228294565 -0.011666329577565193 0.03166620337536918 -0.0010859796982938491 0.9994979100587877 0.6256741881370544
0.9993703739112322 -0.00046980931538662395 -0.03547724661992955 -0.04259663075208664 0.0005101731975890181 0.9999992328840969 0.0011286959406569313 -0.01007273979485035 0.0354766891329023 -0.001146084824596151 0.9993698469624458 0.5638431906700134
0.9995065542550362 -0.0003866819472975113 -0.03140857332474298 -0.03794526308774948 0.0004201757079798569 0.9999993501422735 0.001059795926137609 -0.011794148944318295 0.03140814310968647 -0.0010724700938806878 0.9995060671923403 0.6325678825378418
0.999539688682188 -0.0004142450203019758 -0.030335443793985437 -0.036960866302251816 0.00044364357090910007 0.9999994384914672 0.0009623913614299019 -0.01212601363658905 0.030335028094545843 -0.000975406486403947 0.9995393112092639 0.6590883731842041
0.9997869300332483 -0.0003047654340555568 -0.020639807477858894 -0.02593647688627243 0.00031714624591747164 0.9999997717549448 0.000596580520252138 -0.01608346961438656 0.02063962094980369 -0.0006029992443185854 0.9997867984920384 0.8294166326522827
0.9997314574066655 -0.0002149285331424416 -0.023172545765839228 -0.028511852025985718 0.00023532595371979678 0.9999995872922882 0.0008775174917597581 -0.015391860157251358 0.023172347598803586 -0.0008827349423692864 0.9997310953880456 0.7635769248008728
0.9997257354512493 -0.000215570333284432 -0.02341809996327737 -0.02868017368018627 0.00023643048189753087 0.9999995777735844 0.0008880052252646184 -0.015276540070772171 0.023417898647954596 -0.0008932984295716651 0.9997253643080333 0.755171537399292
0.9999064033631185 -6.810359511033664e-05 -0.013681369643881086 -0.017893042415380478 7.607791686060947e-05 0.9999998275459497 0.0005823402967127527 -0.01936051994562149 0.013681327625005697 -0.0005833266417217663 0.9999062361063892 0.9262652397155762
0.999899397219849 -9.430467685745479e-05 -0.014184024323527543 -0.018591737374663353 0.00010247661695127154 0.9999998292002197 0.0005754112219711196 -0.019103683531284332 0.014183967636929957 -0.0005768068648298888 0.999899236101276 0.9239503741264343
0.9997114672361853 -0.00020349951814307746 -0.02401959334417704 -0.02930722013115883 0.0002264460932615443 0.9999995206268434 0.0009526112797024695 -0.015058360993862152 0.02401938797389236 -0.0009577755632116158 0.9997110340830145 0.7424194812774658
0.9995466432146715 -0.00031703914884782623 -0.03010660267217718 -0.036387115716934204 0.0003498194507752769 0.9999993517760803 0.0010835468476258477 -0.012601333670318127 0.03010623962958688 -0.0010935874895217459 0.9995461061910894 0.6401113271713257
0.999607047644781 -0.00029164679803537005 -0.028029720673419144 -0.03405945375561714 0.000320284053588437 0.9999994313706649 0.0010171904797407743 -0.013357529416680336 0.028029408074551305 -0.001025768244904288 0.9996065726487088 0.678608775138855
0.9997481371387197 -0.00019787042000025658 -0.022441549299388783 -0.027569036930799484 0.0002171168664699791 0.9999996107531357 0.0008551922845836859 -0.01570616289973259 0.022441371346829553 -0.0008598493322705604 0.9997477909508976 0.7725304365158081
0.9997251271923393 -0.00017878667503605766 -0.023444361701385457 -0.028677720576524734 0.0002013305811105046 0.9999995196670168 0.0009592349723966748 -0.015375662595033646 0.023444178941853976 -0.0009636913717517107 0.9997246829866121 0.7499330043792725
0.9996801773530548 -0.00022306709317485336 -0.025288203740820105 -0.030673226341605186 0.00024832640885247086 0.9999994734360264 0.000995721680566874 -0.01453427504748106 0.025287968312222155 -0.001001682955044662 0.9996797063509382 0.7181868553161621
0.9996892411379307 -0.00025938135576271414 -0.024926970822405158 -0.03053904138505459 0.0002816576713010069 0.9999995641452335 0.0008901563343397625 -0.014627414755523205 0.024926729067909263 -0.0008969005829246657 0.9996888784753584 0.7334616184234619
0.9997145953363363 -0.0001915150302499701 -0.023889143841888977 -0.029194233939051628 0.00021444809804989988 0.9999995186789059 0.0009574204770265174 -0.015178237110376358 0.023888948983128502 -0.0009622702062182204 0.9997141552226475 0.7439489960670471
0.9995877305564945 -0.00028474741380201817 -0.028710413438808004 -0.034798409789800644 0.00031559111143425163 0.99999937798854 0.001069777913228719 -0.013185964897274971 0.028710090964107687 -0.0010783976277706482 0.9995871986652236 0.6621798276901245
0.9996619106318748 -0.00022462213270492347 -0.026000268781817007 -0.03169722482562065 0.00025150905999108146 0.9999994370596862 0.0010308363125301773 -0.014292849227786064 0.02600002259656655 -0.001037027100893464 0.9996614043763867 0.7080590724945068
0.9996248724418533 -0.0002594110501076348 -0.027386987813846887 -0.03311731666326523 0.0002878792678019253 0.9999994223889818 0.0010355419982281005 -0.013713590800762177 0.02738670336378378 -0.0010430376838860972 0.999624369726576 0.6839794516563416
0.9994927917304833 -0.0003512073729264567 -0.031843930853238556 -0.038446515798568726 0.000387307821576465 0.999999289360142 0.001127506923296886 -0.011825663037598133 0.03184351223492757 -0.001139268445950652 0.9994922174764304 0.6130211353302002
0.9995847747781548 -0.0002787151749106155 -0.028813197489286863 -0.034837208688259125 0.0003100248685297453 0.9999993663825335 0.0010821825687591074 -0.013142868876457214 0.028812877612037737 -0.0010906660270254551 0.9995842278324178 0.6607640385627747
0.9996549971519357 -0.00021667003461298167 -0.02626480008032828 -0.031807348132133484 0.0002442348037661882 0.9999994228117441 0.0010462913262489469 -0.01424146257340908 0.026264558220616258 -0.001052345131055063 0.9996544730811747 0.7009878158569336
0.9995093943760079 -0.00033499024953953223 -0.031318657947598645 -0.03780641034245491 0.00037105749854552544 0.9999992747096639 0.0011458169483384458 -0.011973569169640541 0.03131825139497325 -0.0011568758269753642 0.9995087937421473 0.6223705410957336
0.9992554102718828 -0.0005218767969357674 -0.03857917426513718 -0.04622320458292961 0.0005687181033962779 0.9999991144391975 0.001203195968818576 -0.008836555294692516 0.03857851218087437 -0.001224240756277945 0.9992548221712421 0.5091263651847839
0.9994828063441823 -0.0003575825658203427 -0.03215574531971805 -0.03874100744724274 0.0003943252861816007 0.9999992766483138 0.0011363144010368342 -0.011655943468213081 0.03215531573358634 -0.001148406529913184 0.9994822243704565 0.6087684035301208
0.9992460831161081 -0.000515152949914449 -0.038820097817421254 -0.04655483737587929 0.0005640958691332744 0.9999990598728703 0.0012498196773332942 -0.008686061948537827 0.03881941747330048 -0.0012707756739948894 0.9992454342934072 0.5059322714805603
0.9983561275948472 -0.0010125643388670391 -0.05730634526193902 -0.0679258182644844 0.001099371038292914 0.9999982956344741 0.001483277272424631 -0.00016023032367229462 0.05730474567730903 -0.0015438398901386921 0.9983555392149894 0.2270197868347168
0.9981044343769969 -0.0011273931513744665 -0.06153265037081634 -0.07275623083114624 0.0012230137802723793 0.9999981024722095 0.0015163407510828937 0.0017564352601766586 0.061530824098724325 -0.001588721707022573 0.9981039192634549 0.1629805564880371
0.997831814547975 -0.0012459364644894675 -0.06580362845787291 -0.07756379246711731 0.001348838901595256 0.9999979360624568 0.0015193763338031817 0.00361836701631546 0.06580159959691609 -0.0016048405380701786 0.9978314356530035 0.097503662109375
0.998044407032088 -0.0011545362936628712 -0.062498229078228516 -0.07380709052085876 0.0012510533847450676 0.9999980846073203 0.00150520666998615 0.002138553187251091 0.06249637155384808 -0.0015804517194359612 0.9980439397716746 0.14773833751678467
0.9975096550902304 -0.001362054249380548 -0.07051689733667413 -0.08313264697790146 0.0014805497508231249 0.9999975785555332 0.001628144804748358 0.005903821438550949 0.07051450896237335 -0.001728493937402118 0.9975092562650753 0.0273439884185791
0.9958646079210385 -0.0018842961888516883 -0.09083023790648778 -0.10657861083745956 0.002060806828340058 0.9999961661013984 0.0018495560875626245 0.015279537066817284 0.09082640456107882 -0.0020290910224659646 0.9958646730475633 -0.27940571308135986
0.996152022606465 -0.0018062659717346535 -0.08762354284259673 -0.10283783823251724 0.0019713720539351926 0.9999964408566422 0.0017977670241576477 0.01376289315521717 0.08761998373244538 -0.0019635878609165344 0.9961520379808689 -0.23127508163452148
0.9960531365156381 -0.00183112365260902 -0.08874004858871687 -0.10416357219219208 0.0020010682723155993 0.9999963304286804 0.0018261585206333193 0.014309177175164223 0.08873637902871914 -0.001996525817966202 0.9960531456310597 -0.24782907962799072
0.9950547889148454 -0.002096793893355639 -0.09930544050051272 -0.11635933071374893 0.0023001082468647313 0.9999954866543994 0.001932918229833988 0.01917603798210621 0.09930093936959906 -0.00215177280383088 0.9950551207416178 -0.4077720642089844
0.9948828089487766 -0.0021539522147740017 -0.10101265736554277 -0.11817283183336258 0.0023558358051600377 0.999995459030831 0.0018793497217812554 0.01982646994292736 0.10100815064068441 -0.0021077019651989455 0.9948833655743645 -0.43495380878448486
0.9976688524473536 -0.0013158921552046457 -0.06822850785570862 -0.08027414232492447 0.001422245884589983 0.9999978482007894 0.0015102352249272205 0.004657737910747528 0.0682263737349743 -0.001603752358288208 0.9976685771865068 0.060088157653808594
0.9969699808830418 -0.0015401468830019637 -0.07777200759685962 -0.09158898890018463 0.001681323373996145 0.9999970556461927 0.0017498144637328155 0.009316252544522285 0.07776908363726079 -0.001875272386671781 0.9969696349356366 -0.08147573471069336
0.9959669189790193 -0.0018707404155798237 -0.08970170917957387 -0.10504017770290375 0.002035088780529417 0.9999964141117086 0.0017407404686837196 0.014552252367138863 0.08969813104571742 -0.0019162708632826818 0.9959671546757372 -0.2642843723297119
0.9982724101720799 -0.0010560861291578297 -0.05874589152710701 -0.06944720447063446 0.0011434093904313576 0.999998290900782 0.0014528628569380904 0.0003989916294813156 0.05874425677623895 -0.001517523509866437 0.9982719115642814 0.2043360471725464
0.9990962418389733 -0.0006193204796313567 -0.042500776291538596 -0.05074206367135048 0.000673800623248847 0.9999989696552248 0.0012675492924977443 -0.007053595036268234 0.04249994748185002 -0.0012950407840339442 0.9990956297239058 0.4497670531272888
0.9994802873084397 -0.000372022114338106 -0.03223378478220501 -0.038794174790382385 0.0004079660826257776 0.999999302359283 0.001108532644118968 -0.01162642426788807 0.0322333498959462 -0.0011211068165406088 0.9994797418026999 0.6074802875518799
0.9994764474392769 -0.0003619523165083548 -0.032352743387277214 -0.039017580449581146 0.000399348239892775 0.9999992596691889 0.0011494268387106865 -0.011550595983862877 0.032352303397837526 -0.0011617450644733276 0.9994758520410884 0.6057116985321045
0.9996594166846723 -0.00023011486104575608 -0.026095932265612486 -0.03163658827543259 0.0002565891619759777 0.9999994558634899 0.0010111551443374653 -0.014272743836045265 0.02609568538403744 -0.0010175066951571116 0.9996589317784654 0.7050480842590332
0.999594212748376 -0.0002798062878853114 -0.02848388225639037 -0.03448614105582237 0.00031060469057265957 0.999999371971666 0.0010768384279152999 -0.013198967091739178 0.02848356306154208 -0.0010852486880437472 0.9995936718840333 0.6681691408157349
0.9991097741789188 -0.000612218822742687 -0.04218156384326419 -0.050486620515584946 0.0006671532288140389 0.9999989476362922 0.0012882673937654814 -0.007120693102478981 0.04218073075137007 -0.0013152621113815533 0.9991091311958165 0.4553775191307068
0.9989682012142796 -0.0007054398442148423 -0.04540963903548004 -0.05417340621352196 0.0007652516700157148 0.9999988624659035 0.0012997910525723144 -0.005691898986697197 0.045408670456069694 -0.0013331997318492919 0.9989676046929084 0.40594857931137085
0.9990922509168254 -0.0006322357078933317 -0.042594300510287675 -0.05094438046216965 0.0006867206372417746 0.9999989646756331 0.0012645404019632743 -0.006973793730139732 0.04259345692377427 -0.0012926429017620473 0.9990916507015816 0.44849950075149536
0.9990688938342157 -0.0006429625014227746 -0.043138520745362875 -0.051535364240407944 0.0006987418903613917 0.9999989392835809 0.0012779638036850872 -0.006717776879668236 0.04313765330482169 -0.0013069165752408358 0.99906828337027 0.44043856859207153
0.9993867635808303 -0.0004376165533003154 -0.035012930057138486 -0.042071688920259476 0.00047865339830952897 0.9999992083756502 0.0011636747817060655 -0.01035262830555439 0.035012393096703356 -0.0011797202319064769 0.9993861819085836 0.565043032169342
0.9991366386478031 -0.0006024980275386359 -0.04154051405189554 -0.049769673496484756 0.0006561468446577497 0.9999989682724794 0.0012778596538201574 -0.007379801943898201 0.04153970128548307 -0.00130401307640213 0.9991360031382159 0.4654689431190491
0.9988611352944391 -0.0007759780386671914 -0.047705662728731175 -0.056792743504047394 0.0008394163470589931 0.9999987899455857 0.001309766223599392 -0.004634547978639603 0.0477045886524581 -0.0013483194902165789 0.9988605779867638 0.3713639974594116
0.9991622014077968 -0.0005920711113765737 -0.04092120146970487 -0.049016449600458145 0.0006432212951486385 0.9999990282796555 0.0012368128839405632 -0.007726093754172325 0.04092042942456212 -0.001262098072055961 0.9991616113343055 0.47393137216567993
0.9991284490423833 -0.0006080954074419786 -0.04173694447533669 -0.04998432844877243 0.0006614514290733258 0.9999989816456528 0.001264590710340859 -0.00734507292509079 0.041736132980534586 -0.0012910955166646337 0.99912783380116 0.4616004228591919
0.999125076416641 -0.0006096333065057121 -0.04181758030629045 -0.050046101212501526 0.0006628303030167255 0.9999989887093859 0.0012582671397576004 -0.007327977567911148 0.04181677093500711 -0.0012848842115887054 0.9991244700942581 0.46020424365997314
0.9993374239688506 -0.0004709662029523487 -0.03639356050371159 -0.043744273483753204 0.0005146410988022697 0.999999158672615 0.0011907134842042927 -0.009750070050358772 0.03639296909900404 -0.0012086541679566497 0.9993368255774732 0.5433653593063354
0.999191397832676 -0.0005713395947413169 -0.040202289340915416 -0.04821319505572319 0.0006215096555106396 0.9999990436899253 0.0012354533512131454 -0.008052289485931396 0.04020154503164409 -0.001259440471954738 0.9991907973889503 0.4847085475921631
0.9991028939861158 -0.0006288662501450226 -0.04234396953295323 -0.05064500495791435 0.0006825285462250114 0.9999989822605077 0.001252849844350453 -0.007098807021975517 0.04234313856283957 -0.0012806268731873152 0.9991023063788111 0.4521305561065674
0.9995299312164381 -0.0003400355631652949 -0.030656173575282285 -0.03704317659139633 0.0003734558096451042 0.9999993422551765 0.001084444545456635 -0.012315957807004452 0.030655784661631078 -0.0010953835080514903 0.9995294007690567 0.6318431496620178
0.9994617097653129 -0.0003817491862745129 -0.03280464876440995 -0.03960113599896431 0.0004192672817193848 0.9999992659374881 0.0011368110799474334 -0.011381249874830246 0.03280419070704236 -0.0011499530615596268 0.9994611361528832 0.5980425477027893
0.9994105710531379 -0.0004327089873743655 -0.0343267130697441 -0.04124727100133896 0.0004731832410087301 0.9999992024583582 0.0011709740678261763 -0.01053396426141262 0.03432617900175788 -0.001186526687158093 0.9994099787322316 0.5781434178352356
0.9993234120341382 -0.00048053334411217224 -0.03677617772625729 -0.044164542108774185 0.0005243209979181911 0.9999991651423507 0.0011810173974253608 -0.00962098129093647 0.03677557950514456 -0.0011995008574718375 0.9993228296950659 0.5368188619613647
0.9993115105628205 -0.00048134903888315554 -0.03709815574603532 -0.04462353512644768 0.0005263115309306444 0.999999138818229 0.0012022308319615499 -0.009494220837950706 0.037097545105124356 -0.001220928295878092 0.9993109033135134 0.5313650965690613
0.9992468046730749 -0.0005243352325491436 -0.038801397181200854 -0.04654842987656593 0.0005720427363392942 0.9999990940868696 0.001218438569511512 -0.008749139495193958 0.03880072316023498 -0.0012397169046921327 0.9992461993844354 0.5052815079689026
0.9990734252921554 -0.000636919475781366 -0.043033535859619367 -0.051421452313661575 0.0006923928086268486 0.9999989485288567 0.0012741794925342617 -0.006801346316933632 0.043032679061363786 -0.0013027949808022113 0.9990728157937435 0.4415610432624817
0.9992531647042143 -0.0005954703314524585 -0.03863622967754915 -0.04619118198752403 0.000638136973999132 0.9999992001647026 0.001091994119541404 -0.008586369454860687 0.03863554852482859 -0.001115833786483307 0.9992527454578978 0.5179945230484009
0.9997514559792157 -0.0001735637432865268 -0.022293410305867234 -0.027340853586792946 0.0001939298098798121 0.9999995658816727 0.0009113877853153071 -0.015788253396749496 0.022293242444013636 -0.0009154846221528405 0.9997510556279695 0.7720620632171631
0.9994984152122312 -0.0003839731491324489 -0.031666552588795825 -0.03809153288602829 0.00041942696201895276 0.999999292696769 0.0011129631553481395 -0.011636096984148026 0.03166610284297324 -0.0011256867159100017 0.9994978693124642 0.6205524206161499
0.9993922750057941 -0.0004527989733952166 -0.034855066085617545 -0.041820116341114044 0.0004926197169786555 0.9999992358125565 0.0011338871713799557 -0.01037335954606533 0.03485452602686655 -0.0011503683725956678 0.9993917343404686 0.5682854056358337
0.9995281492426475 -0.00035001624417796624 -0.03071410685982244 -0.037014707922935486 0.0003838700403303064 0.9999993253481452 0.001096333456019905 -0.01216033287346363 0.030713702403974634 -0.0011076063756873605 0.9995276092698774 0.6328766345977783
0.999468140407819 -0.0003779466689001539 -0.03260818096815587 -0.039339277893304825 0.0004149623428111082 0.999999277253566 0.0011284053349702842 -0.011482489295303822 0.03260773092367183 -0.0011413363489383664 0.9994675748794195 0.6010192036628723
0.9994937754760379 -0.00035215629584205003 -0.03181302831542765 -0.038411714136600494 0.0003882750081683563 0.9999992871052996 0.001129172887576579 -0.011838303878903389 0.03181260799074691 -0.0011409534763981277 0.9994931996757113 0.6134575009346008
0.9991544544876289 -0.0005859338213377993 -0.04111000801612941 -0.04929161071777344 0.0006392560652908053 0.9999989714386291 0.0012839288794088486 -0.007584040984511375 0.04110921343460855 -0.0013091230810751248 0.9991538013577024 0.47176647186279297
0.9988027896011608 -0.0008003124566362598 -0.04891162423096061 -0.05809662491083145 0.0008654065185214422 0.9999987678935046 0.0013096881422231075 -0.004178857430815697 0.048910515806896177 -0.0013504486084009463 0.9988022515653732 0.3521052598953247
0.9993588669957569 -0.0004449872428449743 -0.035800236637636165 -0.043117593973875046 0.00048807666509896266 0.9999991670249986 0.0011948767627326564 -0.01007644273340702 0.035799675112017815 -0.0012115839479119167 0.9993582517426928 0.5513028502464294
0.9991259490419029 -0.0005969224351021293 -0.0417969093920014 -0.050046153366565704 0.0006516914102975487 0.9999989468729684 0.0012967464130108487 -0.007303342223167419 0.04179609131751971 -0.0013228516773939 0.9991252858445817 0.46096372604370117
0.9990996838047654 -0.0006072020124336941 -0.04241996142070209 -0.050714701414108276 0.0006625404763954304 0.999998947835128 0.0012904916714693408 -0.00709599070250988 0.04241913319876886 -0.0013174347623660496 0.999099034883085 0.4506598114967346
0.9987067714467649 -0.0008113299445118123 -0.050834303478071906 -0.06039680913090706 0.0008849875486637404 0.9999985909710325 0.0014264827333261795 -0.003268599510192871 0.05083307450290888 -0.0014696256907478326 0.9987060822568925 0.3233112692832947
0.9983293492028107 -0.0009951049537197541 -0.05777127561707623 -0.06842008233070374 0.0010845706784964476 0.9999982607741228 0.0015172854620927182 -5.783699452877045e-05 0.05776966528149916 -0.0015774076395195264 0.998328692144227 0.21889984607696533
0.9980727350016221 -0.001127106392943897 -0.06204470386391544 -0.07330667972564697 0.001223973949234827 0.9999980907675445 0.0015232691940160242 0.001893928274512291 0.06204286851970638 -0.0015962745518327116 0.9980722089976264 0.15427017211914062
0.9986522173157272 -0.0008788524558315791 -0.051893896257095916 -0.061524685472249985 0.0009499117902451004 0.9999986447619615 0.0013446716442259633 -0.0028179604560136795 0.05189264416053694 -0.0013921539429642147 0.9986516987365649 0.3070420026779175
0.9994436571043216 -0.00039603064559995274 -0.03334995402797012 -0.04023272171616554 0.0004341515353512784 0.9999992607089859 0.0011358230173005215 -0.011176400817930698 0.033349479551925944 -0.0011496700439792358 0.9994430901619193 0.5892006158828735
0.9996613698719461 -0.00022670539161408527 -0.026021033615327125 -0.03161638230085373 0.0002533548203960693 0.9999994468307603 0.0010208572421009652 -0.014357408508658409 0.02602078778745089 -0.0010271041033804787 0.9996608743269297 0.7043147087097168
0.9996306737417286 -0.00024793481655815394 -0.027174521945835826 -0.03296000882983208 0.00027696055850346665 0.999999395210088 0.001064364743735998 -0.013793166726827621 0.027174241617881595 -0.0010714979166629415 0.9996301378433465 0.6875674724578857
0.9993625051280689 -0.000446724043376891 -0.035698512318858545 -0.043012216687202454 0.0004893052591992283 0.9999991792751354 0.0011840732322055062 -0.010129410773515701 0.0356979540662199 -0.00120078586141519 0.9993619035108359 0.5527892708778381
0.9993206565933186 -0.00047409226835728324 -0.036851058905001954 -0.044363174587488174 0.0005188802500157192 0.9999991383754792 0.0012058240276298453 -0.009600529447197914 0.036850455481377484 -0.0012241261456850281 0.9993200415512513 0.5351157784461975
0.9995248828204462 -0.00033820364203672617 -0.030820354330700534 -0.0372367799282074 0.0003720438144173363 0.9999993342828642 0.0010922532803998583 -0.012282044626772404 0.030819964409025066 -0.0011032008542888041 0.999524343246177 0.628826379776001
0.9994965901892392 -0.00034904933233004097 -0.03172450731922312 -0.03838532045483589 0.00038530947029835665 0.9999992795392232 0.0011368630728990855 -0.01187884621322155 0.03172408764166339 -0.0011485145179853426 0.9994960045831628 0.6145192980766296
0.998835232625961 -0.0007755202919698235 -0.04824496484938757 -0.057526011019945145 0.0008426058785884581 0.999998706285671 0.0013701979116404015 -0.004333924502134323 0.048243839817900765 -0.0014092534408113343 0.9988345938764654 0.3636312484741211
0.9986619831096845 -0.0008713690892445293 -0.05170574636674742 -0.06142134591937065 0.0009439671896644257 0.9999986027331695 0.0013796585278038746 -0.002816068008542061 0.051704471928228246 -0.0014266210494781255 0.998661410256251 0.31071633100509644
0.9988266839261769 -0.0007861132147180827 -0.048421457052118845 -0.057598017156124115 0.0008511598109230886 0.9999987629451442 0.001322737750615138 -0.004359966143965721 0.04842035733049493 -0.001362400159379991 0.998826117430753 0.3599163293838501
0.9993788572906853 -0.00043474114835831786 -0.0352379142472742 -0.04247776046395302 0.0004765616031140865 0.9999991921163639 0.0011784123464097151 -0.01034831814467907 0.03523737347480319 -0.0011944734210762537 0.9993782570897988 0.5597352385520935
0.9992983395547057 -0.0004888612352886022 -0.037451162570749055 -0.04505405202507973 0.0005347547229319509 0.9999991184015703 0.0012154149367096664 -0.009331191889941692 0.037450535384615596 -0.001234589314187958 0.9992977199957132 0.5259706377983093
0.9993611763167561 -0.00044393125873859273 -0.03573572716241743 -0.043060459196567535 0.0004868436478251018 0.9999991709004001 0.0011921332873358742 -0.010119209997355938 0.03573516830870951 -0.001208769436127775 0.9993605638719182 0.5520970821380615
0.9993365061691163 -0.0004688258200983813 -0.03641878141912217 -0.04372519627213478 0.000511568252961103 0.999999191319342 0.0011643275244490828 -0.00986568909138441 0.03641820610115155 -0.0011821856927050358 0.9993359378614188 0.5414758920669556
0.9996752685189966 -0.00019904061123308798 -0.025481716863402875 -0.031141119077801704 0.00022552497035021135 0.9999994374258809 0.0010364778863282522 -0.014699580147862434 0.02548149622685644 -0.0010418880727692892 0.9996747510161913 0.7109612822532654
0.9996391990115867 -0.00024478963461213723 -0.026859111629162317 -0.03263974189758301 0.0002731937630094182 0.9999994073734688 0.0010538585667761952 -0.013950269669294357 0.02685883773808667 -0.0010608160753407157 0.9996386734738774 0.6913296580314636
0.9990873625865104 -0.000637096212873096 -0.042708734801521944 -0.05104328691959381 0.0006936787277734227 0.9999989013023128 0.0013100396903951508 -0.00676380842924118 0.04270785325620832 -0.0013384702399824716 0.999086706831626 0.4492344260215759
0.9992364792762523 -0.0005471872903105144 -0.039066085927175094 -0.046697717159986496 0.000594279727110041 0.9999991107724686 0.0011938533738220021 -0.008578015491366386 0.03906539792714329 -0.0012161580249140317 0.999235915909978 0.5024895071983337
0.9996020881049458 -0.0002841054612428528 -0.02820611175471481 -0.03407639265060425 0.00031389252576715634 0.9999993977749407 0.0010516278992265637 -0.013318279758095741 0.028205795995058118 -0.0010600631316370485 0.9996015752980997 0.6714232563972473
0.99989114842283 -9.022230231382484e-05 -0.014754089792661497 -0.019029617309570312 9.93679371777875e-05 0.999999803396275 0.0006191392606180961 -0.018875662237405777 0.014754031031782942 -0.0006205379498007228 0.9998909608057099 0.9091251492500305
0.9999900931024555 7.579532032525837e-05 -0.004450612543449873 -0.007503832690417767 -7.439371783291495e-05 0.9999999475924966 0.00031508820804999156 -0.023106668144464493 0.004450636192416041 -0.0003147539888896559 0.9999900463341669 1.0904216766357422
0.9999996899498557 -0.0001380654242681792 0.0007752664906113803 -0.0027935816906392574 0.00013830584232039144 0.999999942365544 -0.00031006515914533606 -0.024482080712914467 -0.0007752236366515697 0.0003101722868945954 0.9999996514106722 1.2053289413452148
0.9999998426311211 -0.0001459669775262939 0.0005416930630488592 -0.0030727589037269354 0.00014614084635224478 0.9999999378178527 -0.0003209472602275634 -0.024311505258083344 -0.0005416461816637005 0.0003210263732031499 0.9999998017807212 1.2037112712860107
0.9999983518715886 5.39533571029934e-05 -0.0018147570476266626 -0.004523490555584431 -5.363483693395266e-05 0.9999999831501334 0.00017556490961097654 -0.023861002177000046 0.0018147664893645111 -0.00017546728605913675 0.9999983379155292 1.150970697402954
0.9999998659831174 7.044252391595012e-05 0.0005129050571576761 -0.0019287662580609322 -7.047479970752033e-05 0.9999999955378411 6.290961774055657e-05 -0.024708492681384087 -0.00051290062335676 -6.294575619077788e-05 0.9999998664853821 1.1804274320602417
0.9999998994634657 -8.837760980111596e-05 0.0004396162606375298 -0.0032988355960696936 8.850869787263024e-05 0.9999999516283489 -0.000298176978115761 -0.024495340883731842 -0.0004395898872039418 0.00029821585800087364 0.9999998589140066 1.1826303005218506
0.9999997046941358 -0.00016776072808417236 0.000749978652528029 -0.003114760387688875 0.00016804628392121747 0.9999999134120124 -0.0003807051535312619 -0.02451750636100769 -0.000749914720215145 0.0003808310722323751 0.9999996462977407 1.1950576305389404
0.9999999256614057 0.00014915499819734924 0.00035556992267127643 -0.0019242586567997932 -0.0001492265628446237 0.9999999686150547 0.0002012494045205408 -0.02490929141640663 -0.0003555398941571653 -0.0002013024500373541 0.9999999165343503 1.1656720638275146
0.9999998420796906 -0.0001415220969783385 0.0005438861001253243 -0.003448106348514557 0.00014172562117416646 0.9999999199503172 -0.0003741833873417226 -0.02452455833554268 -0.0005438331013697834 0.0003742604108459546 0.9999997820873276 1.1884580850601196
0.9999603183763592 3.0291882526193202e-05 -0.008908465358979259 -0.012361817993223667 -2.597704821916774e-05 0.9999998823082313 0.000484467456453743 -0.021379804238677025 0.008908478985957492 -0.00048421681636428085 0.9999602014761545 1.0119521617889404
0.9999750926726351 8.495758750948143e-05 -0.00705739445996062 -0.010056563653051853 -8.168444323235114e-05 0.9999998889804218 0.00046407628267405176 -0.022205578163266182 0.007057433103253059 -0.0004634882444370239 0.9999749885955351 1.0327987670898438
0.9999998629301882 -4.976902354114423e-06 0.0005235597725396205 -0.0026042263489216566 5.05475258091448e-06 0.9999999889324446 -0.00014869283912052945 -0.02462305873632431 -0.0005235590267153525 0.00014869546520434145 0.9999998518877912 1.1769241094589233
0.9999988491575917 9.052773544557557e-05 -0.0015144266972501495 -0.004094736650586128 -9.019848779175686e-05 0.9999999722845714 0.0002174743417074333 -0.024059046059846878 0.0015144463427368365 -0.00021733749243077471 0.9999988296076598 1.1485791206359863
0.9999998526807798 5.758424656130681e-05 0.0005397429695411307 -0.001987168565392494 -5.7590825910201174e-05 0.9999999982675423 1.2174247358264621e-05 -0.024728432297706604 -0.0005397422675611871 -1.2205329808159091e-05 0.9999998542646467 1.1786025762557983
0.9999997972278375 -0.00015121527245377808 0.0006186099133568677 -0.003517301520332694 0.0001514648606684159 0.9999999071475643 -0.0004034392871794895 -0.024616451933979988 -0.0006185488497357012 0.00040353290303756753 0.9999997272792209 1.1837279796600342
0.9999998957385803 -0.00011499102890198922 0.00044192747411835704 -0.0036494294181466103 0.00011514894445943856 0.9999999295298445 -0.00035732482033987856 -0.02454538829624653 -0.00044188635382691596 0.0003573756705668578 0.9999998385095275 1.1811139583587646
0.9999858120382036 4.569837104942193e-05 -0.0053266907131291116 -0.008555660955607891 -4.400046747988796e-05 0.9999999481927234 0.0003188706779597613 -0.02270047552883625 0.00532670500903833 -0.00031863177695326604 0.9999857622424118 1.0830520391464233
0.9999424620379683 -9.469450647657281e-05 -0.010726772412849871 -0.014758715406060219 9.893196438208074e-05 0.9999999172888366 0.0003945057498489521 -0.020324967801570892 0.010726734168098759 -0.00039554427145837873 0.9999423886998774 1.0021476745605469
0.9999784029484969 8.559002529124671e-06 -0.006572181016701539 -0.009996868669986725 -6.46981640162908e-06 0.9999999494474576 0.0003179044244923868 -0.02218509279191494 0.006572183405405855 -0.0003178550378896218 0.9999783524524218 1.0651588439941406
0.9999971718626024 0.0001283990911415995 -0.002374822197678086 -0.005043652839958668 -0.00012768768984468054 0.9999999469351813 0.0002997090066242563 -0.023968378081917763 0.0023748605540226337 -0.00029940492344579284 0.999997135192917 1.12196946144104
0.999994955580519 0.00012516963680029891 -0.003173821998368752 -0.005946293938905001 -0.0001241355932436153 0.9999999391575694 0.00032599879060492444 -0.023716900497674942 0.0031738626104159252 -0.0003256031618536573 0.9999949102764027 1.107629418373108
0.999998402637602 0.00016137288172122916 -0.0017800789415018965 -0.0042947581969201565 -0.0001608013763916359 0.9999999354884652 0.0003211946189143592 -0.024262912571430206 0.0017801306587675193 -0.00032090786670627315 0.9999983640751515 1.1272691488265991
0.9999975598334668 0.00013651811521124936 -0.002204924015937852 -0.004845514893531799 -0.00013583655933815952 0.9999999429554782 0.0003092530828166851 -0.02403111383318901 0.002204966108807006 -0.00030895281889573505 0.9999975213332354 1.124820351600647
0.9999723822579587 8.861537916059854e-06 -0.0074320012658911205 -0.011000532656908035 -6.150051596964947e-06 0.9999999334189108 0.00036486209872805636 -0.021884048357605934 0.007432004004299702 -0.00036480631486947903 0.9999723157332071 1.0477094650268555
0.9999836176498733 2.999372755692552e-05 -0.005723943767034544 -0.00900219101458788 -2.8232697746774956e-05 0.9999999522492636 0.00030774077586371673 -0.02254771627485752 0.005723952724005004 -0.00030757413197228403 0.9999835707467232 1.0772751569747925
0.9999771509087308 1.1563125533820715e-05 -0.00675999458222611 -0.01013505831360817 -9.263712185384355e-06 0.9999999420954016 0.0003401813889510774 -0.022092964500188828 0.006759998124351443 -0.0003401109934712886 0.9999770931125729 1.057136058807373
0.9998997144069125 -8.149306891767307e-05 -0.014161726160842089 -0.01832856424152851 9.010049718615236e-05 0.9999998116204066 0.000607158176952167 -0.01910393498837948 0.014161674013878713 -0.0006083732663023995 0.9998995333887768 0.9229404330253601
0.9999563368357434 -7.711778012774432e-05 -0.009344435504032344 -0.013282708823680878 8.045856643983165e-05 0.9999999329884609 0.0003571407178984789 -0.020873773843050003 0.009344407335947982 -0.0003578769638894945 0.9999562760319164 1.0215861797332764
0.9999127402114345 -0.00024811513577723096 -0.013207967358374316 -0.01788603886961937 0.0002522125120835223 0.9999999205912425 0.0003085552748390239 -0.018971124663949013 0.013207889752312124 -0.0003118595649979534 0.9999127233873478 0.9779218435287476
0.9999088415626924 -0.00012754352281807858 -0.01350156647964808 -0.017785988748073578 0.00013418343449841068 0.9999998705140881 0.0004908835025336098 -0.019240373745560646 0.013501502122374226 -0.0004926504409219664 0.9999087292028122 0.9456871747970581
0.9999731291029109 -0.00017163788710816927 -0.007328820680632563 -0.011271500959992409 0.00017265811456038346 0.9999999754930561 0.0001385751165655046 -0.021226754412055016 0.007328796716285352 -0.00013983677328847745 0.9999731342312994 1.0746290683746338
0.9999950011387401 -0.00011739973396765807 -0.0031597333484598036 -0.0063759321346879005 0.00011735572076412655 0.9999999930142033 -1.4114807627281689e-05 -0.022911805659532547 0.0031597349834612096 1.3743924284785705e-05 0.9999950079305089 1.1547328233718872
0.9999781176322763 2.941757383566565e-05 -0.006615390480969903 -0.010039242915809155 -2.7073362262080844e-05 0.9999999368173462 0.0003544465214741465 -0.02222547121345997 0.006615400489948693 -0.0003542596644820288 0.9999780552474378 1.0600851774215698
0.9998848748990271 -0.00014740158566992092 -0.015172844852881767 -0.019678030163049698 0.0001560863615770062 0.9999998246798993 0.0005712068089698434 -0.01849215477705002 0.01517275799598769 -0.0005735093228761431 0.9998847226064873 0.9194535613059998
0.9998996969370941 -0.00011061415324203039 -0.014162762075838633 -0.01837550848722458 0.00011849093752880039 0.9999998387877428 0.0005553236771931643 -0.019028224050998688 0.014162698365969461 -0.000556946135483801 0.9998995488477815 0.9279307723045349
0.9999761177893948 4.571562846377251e-05 -0.0069109884192827715 -0.010405365377664566 -4.3014725168628385e-05 0.999999922649606 0.000390961014810709 -0.02219395525753498 0.006911005757743593 -0.0003906544035299159 0.9999760424072934 1.050258994102478
0.9999361105332746 -1.4285881708848054e-06 -0.01130375378121579 -0.015212789177894592 7.662490768018862e-06 0.9999998479241178 0.0005514463055889796 -0.020449772477149963 0.01130375127439779 -0.0005514976888875802 0.9999359584780547 0.9696004390716553
0.9999627040185428 3.2295793291149704e-05 -0.008636522963896148 -0.012312576174736023 -2.837354662968698e-05 0.9999998964174672 0.00045426863934160523 -0.021535146981477737 0.008636536740269301 -0.00045400664815982124 0.9999626013562194 1.0194809436798096
0.9999601448646495 4.3617251945196855e-05 -0.00892786535542296 -0.012604925781488419 -3.9365727298715854e-05 0.9999998857544986 0.0004763835945635571 -0.021530112251639366 0.008927885113997775 -0.00047601315631797583 0.9999600323407262 1.0104053020477295
0.9999709413592679 9.45473446746718e-05 -0.007622827418941447 -0.011059477925300598 -9.086295275736812e-05 0.9999998788980436 0.000483681529005061 -0.022142432630062103 0.007622872226606371 -0.00048297484126963615 0.9999708288516816 1.027158260345459
0.9999837078400854 8.895650448374317e-05 -0.0057075512380563844 -0.00893382914364338 -8.670215818844555e-05 0.9999999181410277 0.0003952223089641336 -0.022729141637682915 0.005707585928437206 -0.0003947210129287635 0.9999836336951677 1.0663611888885498
0.9998492177539611 -0.00011922714253666963 -0.01736454841569043 -0.022058937698602676 0.00013172881030412077 0.9999997329787325 0.0007188115083067578 -0.017830129712820053 0.017364458077144544 -0.0007209905355973238 0.9998489664786051 0.8693044185638428
0.9995176932287128 -0.00037694935348591004 -0.031052195283705362 -0.037594687193632126 0.00041066994643136417 0.9999993329476295 0.0010795621754986515 -0.011935006827116013 0.031051767630000796 -0.0010917936987251185 0.9995171812998371 0.6374129056930542
0.9993736045816616 -0.00044826171814559267 -0.03538640313579766 -0.04246757552027702 0.0004903170556847424 0.9999991838404879 0.001179791313482409 -0.010156894102692604 0.035385845399566906 -0.0011964028546058655 0.9993730087237537 0.5598595142364502
0.9995618461317587 -0.00034629319596252226 -0.029597226875037404 -0.035878490656614304 0.0003760468330790464 0.9999994295698429 0.000999724345898382 -0.01268932968378067 0.029596863794147808 -0.0010104162562433318 0.9995614061739976 0.6555308103561401
