0.9993871403960354 -0.0005706918370219655 -0.03500025602567637 -0.041956380009651184 0.0006063354289236956 0.9999993083730628 0.0010077751457264034 -0.009799879975616932 0.03499965668950726 -0.0010283794162994756 0.9993867952236478 0.5832550525665283
0.9995184609934559 -0.0004890972463927167 -0.03102590719313548 -0.03726274147629738 0.0005188497833725964 0.9999994132783154 0.0009509142585566872 -0.011417921632528305 0.031025423900017533 -0.0009665541414754097 0.999518128322301 0.6499879360198975
0.9995197578786221 -0.0005476373079923445 -0.030983119656347455 -0.03731963783502579 0.0005744867963078842 0.9999994671669298 0.0008576892079232999 -0.01126562338322401 0.030982633444907762 -0.0008750767025896028 0.9995195399118434 0.6621508598327637
0.9996605199693743 -0.00044077370694039906 -0.026050921924174825 -0.03185109421610832 0.00046032794707148527 0.9999996168167038 0.0007446238155831764 -0.013481019996106625 0.02605058373129722 -0.0007563629980761325 0.9996603398166168 0.7434293627738953
0.9997563246962227 -0.00036874589006442393 -0.022071593879228257 -0.027443179860711098 0.00038296681091855756 0.9999997218135449 0.0006400853494116718 -0.015173926949501038 0.02207135171036791 -0.0006483820643395281 0.9997561877949923 0.8117876052856445
0.9997419653936691 -0.00043895952503642823 -0.022711449652963633 -0.028294596821069717 0.0004521677359325051 0.9999997316340042 0.0005764340882767786 -0.014702496118843555 0.022711190526749223 -0.0005865547331030601 0.9997418955802556 0.8149442672729492
0.9994114316020322 -0.0006177035000618326 -0.03429881667875703 -0.04103359952569008 0.0006506565593654793 0.9999993374428553 0.0009496103898801146 -0.009765067137777805 0.034298207376169454 -0.0009713682292647563 0.9994111713476815 0.6092608571052551
0.999614053499361 -0.0005177799104814817 -0.027775455901579885 -0.03376952186226845 0.0005384768091944158 0.9999995829382236 0.0007376761516196786 -0.012540447525680065 0.02777506236360716 -0.0007523478869581592 0.9996139154110223 0.7242279648780823
0.9993896830109505 -0.0005696221939741787 -0.03492759685160098 -0.04199323058128357 0.0006058514667227477 0.9999992894225815 0.0010266929104403022 -0.009831905364990234 0.03492698720577119 -0.0010472272380961673 0.9993893179736513 0.5890296697616577
0.9989997116824204 -0.0008121920299511907 -0.04470924292075329 -0.053144048899412155 0.0008640001265457251 0.999998977559588 0.001139466348598572 -0.005480146035552025 0.044708271742729816 -0.0011769553452630887 0.9989993919987605 0.432736873626709
0.9992720425554458 -0.000662113497377111 -0.03814376191179334 -0.04519285634160042 0.0007038290700845883 0.9999991688712095 0.001080222907564508 -0.008189195767045021 0.038143014979247374 -0.0011062832397330741 0.999271678046409 0.5370035767555237
0.9994882582548322 -0.0005460788895778312 -0.0319831738351244 -0.038286156952381134 0.0005756411505704841 0.9999994156087879 0.000915106194909001 -0.010879491455852985 0.03198265542426392 -0.0009330487278531514 0.999487988508158 0.642304539680481
0.9995675699278732 -0.0004740125402589372 -0.029401504393458653 -0.03550231456756592 0.0005001483055606594 0.9999994863355144 0.0008815783461423444 -0.012096250429749489 0.02940107141175872 -0.000895902237757859 0.9995672935620801 0.6826368570327759
0.9994950496136378 -0.000531120129697992 -0.03177048487573407 -0.03811950609087944 0.0005610029832115029 0.9999994086249082 0.0009316788537341919 -0.011008583009243011 0.031769971254067025 -0.0009490317389303962 0.9994947564971384 0.6440179347991943
0.999398455616328 -0.0005666642218558637 -0.034675723544833 -0.04132596775889397 0.0006030935831484278 0.9999992772119044 0.001040122011190756 -0.00980311818420887 0.03467510908170272 -0.0010604090379975086 0.9993980750145778 0.5905672907829285
0.9994881797537886 -0.000537698174889302 -0.03198576891573804 -0.03832050785422325 0.0005676927259327468 0.9999994076457432 0.000928672779408242 -0.010909573175013065 0.03198525062317312 -0.0009463555542244658 0.9994878929500535 0.6396352648735046
0.9996427210161963 -0.00045628415458297765 -0.026724934501433296 -0.03253753110766411 0.0004769129609279606 0.9999995932627983 0.0007655248305129698 -0.013125475496053696 0.02672457433455811 -0.0007779967922231318 0.9996425320321403 0.7350269556045532
0.9995710586596921 -0.00048500308262754827 -0.029282477046048437 -0.03537464514374733 0.0005105988510183238 0.9999994941227582 0.0008666273945122486 -0.012071594595909119 0.029282041915751893 -0.0008812072613307816 0.9995708006414588 0.6911171674728394
0.9995125319609168 -0.0005124729893978443 -0.03121595464681896 -0.03739965334534645 0.0005417973352085064 0.9999994198924744 0.0009309513210254054 -0.011257322505116463 0.031215459450802282 -0.0009474102330540993 0.9995122297926752 0.6516563892364502
0.9996918484136378 -0.0003618459008982965 -0.02482090415091158 -0.030261922627687454 0.0003816263845791579 0.9999996133932039 0.0007921961535965219 -0.014181231148540974 0.024820607902050457 -0.000801424349008179 0.9996916000159178 0.7566524744033813
0.9996004752489155 -0.00036998273978545163 -0.028262218506595767 -0.03398944064974785 0.00039776671242648605 0.9999994431741188 0.0009774625797256682 -0.01282067596912384 0.028261841125177756 -0.0009883138289730566 0.9996000658123181 0.686954915523529
0.9997392172147413 -0.0002852592446488836 -0.02283453940897567 -0.02791464515030384 0.0003034050742738463 0.9999996409696815 0.0007912053270602772 -0.015171511098742485 0.022834305512049746 -0.0007979271094567641 0.9997389448271539 0.7815756797790527
0.9997360320336399 -0.00026924918337240076 -0.022973762393433194 -0.028178337961435318 0.0002885738578894369 0.9999996073647477 0.0008378517044664589 -0.015129617415368557 0.022973527782236988 -0.0008442601657000279 0.9997357172003064 0.7802485227584839
0.9997860622339423 -0.0001887105973176302 -0.020683185225143376 -0.025387000292539597 0.0002054003972329428 0.999999655050076 0.0008048045756826616 -0.016299370676279068 0.020683026215328013 -0.0008088807320509141 0.9997857561190481 0.8098199963569641
0.9997875318291327 -0.0001912651882716068 -0.020612001762042528 -0.025496477261185646 0.00020816066926712052 0.9999996441413163 0.0008175490055157214 -0.016262128949165344 0.020611838058418253 -0.0008216659104556471 0.9997872158599473 0.814079999923706
0.99967470315369 -0.0003226214264027796 -0.025502623198351563 -0.030848918482661247 0.00034538955536978514 0.9999995457468612 0.0008883761176048502 -0.014006255194544792 0.02550232500453468 -0.000896895471342698 0.9996743604783893 0.7365890741348267
0.9998761347841828 -0.0001241298900043215 -0.015738477715866273 -0.02004597708582878 0.00013406293548858255 0.9999997925145224 0.000630077805744594 -0.018341198563575745 0.01573839623887199 -0.0006321097075439146 0.999875943965623 0.90204918384552
0.9999042662575801 -0.00012423136224693285 -0.013836288753083618 -0.01805059239268303 0.0001316824587471532 0.9999998468183012 0.0005376086903322805 -0.019005123525857925 0.013836219845757447 -0.0005393792195633393 0.9999041294496374 0.94234699010849
0.9998555410940865 -0.00026994784206580953 -0.01699482484799555 -0.02168932557106018 0.00027864568897727215 0.9999998314198341 0.0005094279961919452 -0.017327329143881798 0.0169946844640169 -0.0005140899394597914 0.999855447758076 0.9059005975723267
0.9999760361765483 -7.058733094700742e-05 -0.006922578281793652 -0.010428041219711304 7.2141195486974e-05 0.9999999722619053 0.0002242138197461099 -0.021786579862236977 0.006922562263119421 -0.00022470784979881879 0.9999760135313726 1.0727485418319702
0.9999998240630723 -0.00015611309722367162 0.0005722783634075619 -0.0034567108377814293 0.00015633696162501665 0.9999999112774337 -0.00039115710285122384 -0.024521902203559875 -0.0005722172478867297 0.00039124650229278385 0.999999759746769 1.187665581703186
0.9999967742499858 5.5743066081378255e-05 -0.0025393665221717715 -0.0053628296591341496 -5.517684290906641e-05 0.9999999736026349 0.00022304763120967972 -0.0236212108284235 0.0025393788884980313 -0.0002229067974860977 0.9999967509284321 1.1303232908248901
0.9999936078020472 -2.4228990521939995e-05 -0.0035754395536462175 -0.006722602061927319 2.4761555298857734e-05 0.9999999886068356 0.00014890666286235287 -0.023051375523209572 0.003575435905052523 -0.00014899424446571265 0.9999935970089029 1.1245635747909546
0.999987825862386 -1.4976797699132191e-05 -0.004934359402624122 -0.008250987157225609 1.6033570664003835e-05 0.9999999769463395 0.0002141267040021547 -0.02266613021492958 0.004934356081936747 -0.00021420321259435685 0.9999878030491375 1.0964481830596924
0.9999663222801065 -8.336147207352471e-05 -0.008206543514955495 -0.012097138911485672 8.570428560783192e-05 0.9999999556778577 0.0002851298966340234 -0.0212898850440979 0.008206519382375991 -0.0002858236300584901 0.9999662851038924 1.0481594800949097
0.999742224915033 -0.00042133509960470936 -0.02270035679618091 -0.028385698795318604 0.000434978030179831 0.9999997277494739 0.0005960663484995172 -0.014807462692260742 0.02270009947232251 -0.0006057868539294688 0.9997421360061978 0.812092661857605
0.9997355271754329 -0.0005037021298230168 -0.022991780866729986 -0.02881852723658085 0.0005152269252061981 0.999999744591618 0.0004953361628983179 -0.01441542524844408 0.022991525492556206 -0.0005070511445051858 0.999735531355499 0.8181642293930054
0.9991687631017956 -0.0008158788204739807 -0.040756805362760606 -0.04881354421377182 0.0008568405921396425 0.9999991452636765 0.0009875708155388445 -0.006815366446971893 0.04075596478832652 -0.001021671995478127 0.9991686081540523 0.5149515867233276
0.9983474160152896 -0.0011464068965473587 -0.05745539736892948 -0.06762707233428955 0.0012230600077287378 0.9999984083792144 0.0012989854715663755 0.00034336186945438385 0.05745381675582167 -0.001367110187729794 0.9983472291492189 0.23323041200637817
0.9985718619021201 -0.0010216632842619771 -0.053415286402547425 -0.06307195127010345 0.001094158838137415 0.999998519641077 0.0013279804557696393 -0.0014330949634313583 0.05341385057987771 -0.0013845287239965037 0.9985715015192664 0.29569828510284424
0.9972027325700463 -0.0015275899444238883 -0.07472868675276956 -0.08789803087711334 0.0016486311726973068 0.9999974271930061 0.0015580829965515736 0.007891485467553139 0.07472611437836355 -0.0016769246642075039 0.9972026853922835 -0.034798264503479004
0.9979058992984595 -0.0012704359489751195 -0.0646699477178712 -0.07625874131917953 0.0013674124467216396 0.9999980061100394 0.0014553209769492508 0.003351351246237755 0.06466796988102529 -0.0015407038797087098 0.9979056467938348 0.11850666999816895
0.9983031017429508 -0.0011224503280804561 -0.058220762238775293 -0.06876446306705475 0.001207134995876887 0.9999982640706385 0.001419394522549694 0.0006764847785234451 0.05821906797179718 -0.001487266274043368 0.9983027237083573 0.22075945138931274
0.9969682169623627 -0.0015967850307270646 -0.07779347430506471 -0.09152902662754059 0.0017293752380883106 0.9999971646636987 0.0016370479067673075 0.009370503947138786 0.07779063972081092 -0.001766618840839809 0.9969681516626787 -0.0805819034576416
0.9982207025195313 -0.0011569113693820575 -0.0596161942553877 -0.07037486135959625 0.0012413787648172434 0.9999982775133921 0.0013798365883368226 0.0011200904846191406 0.05961449521865456 -0.0014513877261595949 0.9982204192629466 0.19631248712539673
0.9975793555474579 -0.0013879826233829005 -0.06952339814591468 -0.08191800862550735 0.0014982869567003066 0.9999977002854208 0.0015344575799837643 0.005567820742726326 0.06952110846148504 -0.001634909204382622 0.9975791409959309 0.0445864200592041
0.9977713421957878 -0.0012993646860237867 -0.06671326962628188 -0.07873064279556274 0.0014070258157771066 0.9999977826614225 0.001566828194829252 0.004377396777272224 0.06671108581915008 -0.0016572035635640631 0.9977709580385565 0.0884544849395752
0.9961031851266308 -0.0018521281107680995 -0.0881760409750997 -0.10342661291360855 0.0020135329355464 0.999996456297808 0.0017415731232575521 0.014056747779250145 0.08817250288893147 -0.0019123318978372342 0.9961033845545421 -0.23866713047027588
0.9969607196025264 -0.0015774156132385266 -0.07788989234550947 -0.09152118861675262 0.0017097706447317298 0.9999972056483811 0.001632599084593522 0.009228399023413658 0.07788709940647653 -0.0017608110096524513 0.9969606307626361 -0.08434760570526123
0.9956254438498756 -0.0019762328971806744 -0.09341343619776656 -0.10946423560380936 0.0021544980578658128 0.9999960454708654 0.0018075344393580527 0.01643511839210987 0.0934094946825897 -0.0020008863453264574 0.9956257644099896 -0.31852495670318604
0.9956780563663556 -0.0019648377301853225 -0.09285121153334665 -0.10880138725042343 0.0021408002133349938 0.9999960965040272 0.0017955364532108 0.016199728474020958 0.09284732115124718 -0.0019865521393268703 0.9956783760661043 -0.309464693069458
0.9958949725981496 -0.0018883252142797493 -0.09049661751477872 -0.10607447475194931 0.00205900839639927 0.9999962732565598 0.0017927513534831535 0.015057479962706566 0.09049289495951932 -0.001971725355361063 0.9958951492305647 -0.27473413944244385
0.9963226974850611 -0.0017716280251327996 -0.08566179901351682 -0.10055138915777206 0.0019279678506421768 0.9999966235063991 0.0017423879499732166 0.012853285297751427 0.08565842291367777 -0.0019011338569090127 0.9963227490497243 -0.2014155387878418
0.9988999536147553 -0.0008406358883969112 -0.046884709658300265 -0.05561189725995064 0.0008966421098760498 0.9999989094251075 0.0011735337756104472 -0.004671880975365639 0.046883672012405044 -0.0012142816390115685 0.9988996179890822 0.39759737253189087
0.9991326449553284 -0.0006307704963853761 -0.041636041035990966 -0.04961350932717323 0.000684588327083316 0.9999989486016128 0.0012783326998836188 -0.007139228284358978 0.04163519092537291 -0.0013057274792468074 0.9991320262869956 0.46862339973449707
0.9990258660012376 -0.0006751938503046152 -0.04412327247317118 -0.05266280472278595 0.0007324322760123148 0.9999989111811747 0.0012810852532298027 -0.006274541839957237 0.04412235945003678 -0.001312154613411955 0.9990252727768363 0.4253658056259155
0.9991827008584695 -0.0006024531297909808 -0.04041741401179339 -0.04811163246631622 0.0006514116873506127 0.9999990700316242 0.0011981647216470954 -0.00781952403485775 0.04041665458678997 -0.0012235138385084515 0.9991821640951659 0.48515188694000244
0.9996312439681558 -0.00033641517653892113 -0.02715258565047939 -0.03314265236258507 0.00036193415917137655 0.9999994974574292 0.0009349270311805468 -0.013489117845892906 0.027152257481506948 -0.0009444097194551996 0.9996308633710446 0.7111454010009766
0.9998497954942329 -0.00020868643536013355 -0.01733040392237698 -0.021928738802671432 0.0002191812020979042 0.9999997937695527 0.000603672471685707 -0.017437923699617386 0.017330274370063785 -0.0006073802961250009 0.9998496350349059 0.8845945596694946
0.9997722106597946 -0.0002969400571689832 -0.02134100791973072 -0.026568492874503136 0.0003116014109322766 0.9999997177418584 0.0006836817713632566 -0.015750065445899963 0.021340798883553207 -0.0006901759241221521 0.9997720209928891 0.8271143436431885
0.999622325801872 -0.0003039286615454211 -0.027479326516946956 -0.03326434642076492 0.00033152937558504565 0.9999994451769445 0.0009998670294276866 -0.013460307382047176 0.027479007382535073 -0.0010085996094107738 0.9996218719496381 0.6934854984283447
0.9996377893047663 -0.0002737095910499705 -0.026911248149042905 -0.03256070986390114 0.0003008828012153868 0.9999994490282488 0.0010056901802980645 -0.013807946816086769 0.026910958054657413 -0.0010134230402859556 0.9996373208870915 0.6929178237915039
0.9997286933849902 -0.0002570514811769301 -0.02329106153175953 -0.028458725661039352 0.00027722612821337535 0.9999995892122162 0.0008629722316523921 -0.015058128163218498 0.02329083013578562 -0.0008691949923878042 0.9997283539700428 0.7660393118858337
0.9997218111343003 -0.00033810108593424447 -0.023583596630078002 -0.028995726257562637 0.000356068138914804 0.999999649590748 0.0007576502237085829 -0.014722468331456184 0.023583332203804153 -0.0007658368212132416 0.9997215812095527 0.78388512134552
0.99981245454375 -0.0001971387117386126 -0.019365352450437127 -0.024029213935136795 0.0002111586842041637 0.999999717114596 0.0007219298702270426 -0.01676146313548088 0.019365204651937 -0.0007258836379027348 0.9998122133389512 0.838165283203125
0.999917803427805 -4.787311148861387e-05 -0.012821236144725863 -0.016914600506424904 5.521235450484586e-05 0.9999998348407035 0.0005720753111356964 -0.019718211144208908 0.012821206640154372 -0.0005727361791412965 0.9999176409252712 0.9503377079963684
0.9998881514549711 -0.00010696974571580345 -0.014955705848748035 -0.019293081015348434 0.00011615547038593105 0.9999998051682947 0.0006133280357097702 -0.018684320151805878 0.014955637327358341 -0.0006149966229091657 0.9998879690701785 0.9161816835403442
0.9998188707722762 -0.0002058463920385642 -0.019031113338766708 -0.02383391186594963 0.00021919258046354214 0.9999997315374256 0.0006991993199421756 -0.016820810735225677 0.019030964301967702 -0.000703244153351148 0.9998186474783303 0.8512862920761108
0.9996914082186598 -0.0003159425151167159 -0.024839253493620737 -0.03021753579378128 0.00033737428345542334 0.9999995744642681 0.0008586325614779186 -0.01429702341556549 0.024838971645099784 -0.0008667477198752332 0.9996910894051243 0.7505463361740112
0.9996393192565332 -0.0003743349352262142 -0.026853142640868966 -0.03287534415721893 0.00039669000555190713 0.9999995792122363 0.0008271713181651684 -0.013566047884523869 0.026852821702273322 -0.0008375253467024507 0.9996390471154671 0.7171535491943359
0.9998920479810742 -0.00014888479815302667 -0.014692522503982303 -0.019140439108014107 0.00015681223399450494 0.99999984276485 0.0005384052365416359 -0.01865256577730179 0.014692440033446354 -0.0005406510818862151 0.9998919141098559 0.9324550628662109
0.9999002249873561 -0.00020941821226487525 -0.014124312876989628 -0.01861213706433773 0.00021541044585758008 0.9999998874490227 0.00042272956107460295 -0.018651410937309265 0.014124222760015457 -0.000425729907761566 0.9999001575584789 0.9568401575088501
0.9998510873188717 -0.0001844878526869377 -0.017255988859004406 -0.021903114393353462 0.00019520408110476693 0.9999997891611365 0.0006193327452443974 -0.017610518261790276 0.017255870961403057 -0.0006226089581935687 0.9998509125241866 0.8855275511741638
0.9998010606984387 -0.00022460955028084099 -0.019944637796345453 -0.024846769869327545 0.0002390154416433922 0.9999997122983182 0.0007199131197411174 -0.016424307599663734 0.01994447035887754 -0.000724536977139202 0.9998008267391426 0.8345967531204224
0.9997766157970579 -0.0002749505980396576 -0.021133927877955636 -0.02618371695280075 0.000290122609837091 0.999999702419397 0.0007148356375911731 -0.015835467725992203 0.021133725044422576 -0.0007208073849140965 0.9997763980523148 0.8218064308166504
0.999600004862865 -0.000341734123666662 -0.028279206070000274 -0.03382290527224541 0.00037048625187092196 0.9999994198138039 0.0010114899868034842 -0.012909846380352974 0.02827884400215103 -0.0010215624527902614 0.9995995515165349 0.6809837818145752
0.9996503274209271 -0.00030376256130600424 -0.0264410781841342 -0.031904976814985275 0.0003291760247684804 0.9999994880994838 0.0009567883334015683 -0.013761481270194054 0.026440774012457847 -0.0009651575397646468 0.9996499156907609 0.7127430438995361
0.9997250194835365 -0.0002765831552240572 -0.02344800461447623 -0.028680015355348587 0.00029631610543502174 0.9999996048994457 0.0008380917121314931 -0.0149524612352252 0.0234477635481065 -0.0008448092746472316 0.9997247064476708 0.7703949213027954
0.9997407477119026 -0.00024502640714926994 -0.022767901231901717 -0.027906712144613266 0.0002642092314582612 0.9999996126881754 0.0008395337878592622 -0.015348250046372414 0.022767686705676634 -0.0008453316264902229 0.9997404252387283 0.7788989543914795
0.99959570821311 -0.0003171312330330387 -0.028430961111298347 -0.034115422517061234 0.00034711168485158163 0.9999993889569506 0.001049570961714733 -0.012985222041606903 0.028430610887023925 -0.001059015347608446 0.9995952074970569 0.6741685271263123
0.9997228372507662 -0.00027150458672747357 -0.02354092106392458 -0.028707891702651978 0.00029149469746246506 0.9999995998798064 0.0008457369974462809 -0.014949354343116283 0.023540682023252713 -0.0008523646443184562 0.9997225163836181 0.7661624550819397
0.9996147887211224 -0.0002813438599871209 -0.02775238756681166 -0.03336888179183006 0.00031064867182855206 0.9999993987829534 0.0010516326045007037 -0.013401012867689133 0.027752075011226927 -0.0010598487460979156 0.9996142751347676 0.6824072003364563
0.9993221530122133 -0.00047558996662226303 -0.03681043755809484 -0.04425029084086418 0.0005208303604201215 0.9999991208621644 0.0012194304548863654 -0.009557024575769901 0.03680982524775709 -0.00123777586108631 0.9993215221719922 0.5368110537528992
0.9995130431545637 -0.0003671709238877888 -0.031201630557005495 -0.03748952969908714 0.0004019219959797219 0.999999305958002 0.0011074936674725303 -0.011874498799443245 0.0312012022622904 -0.0011194949874811708 0.9995124970246048 0.6296471953392029
0.9996280858617638 -0.0002666549096141098 -0.027269375708031365 -0.032920949161052704 0.0002953243377614075 0.9999994079524563 0.0010473195656874464 -0.013644053600728512 0.02726908029036033 -0.001054983363055857 0.9996275727840953 0.6890624761581421
0.9998179028121171 -0.0002204389977747903 -0.019081735325379743 -0.023904526606202126 0.0002335022698408039 0.999999739923704 0.0006823702911836865 -0.01674754172563553 0.019081579941649596 -0.0006867016619835448 0.9998176942561867 0.8524630069732666
0.9993435863805119 -0.0005348180926735788 -0.03622306350578638 -0.04353036358952522 0.0005761423157010097 0.9999991951302699 0.0011303976489176408 -0.009456092491745949 0.03622242979382447 -0.0011505252801954624 0.9993430901704435 0.5671604871749878
0.9983657836384701 -0.001000360137716899 -0.05713809009354566 -0.06771870702505112 0.0010879373232516797 0.9999982807297185 0.0015016424299409974 -0.00022841431200504303 0.057136489674497415 -0.0015613510821049057 0.9983651555069788 0.22954928874969482
0.9993979724085581 -0.00048760879064981054 -0.03469084869717605 -0.041574541479349136 0.0005252546967270925 0.9999992830822231 0.0010760773873994855 -0.01027910877019167 0.034690299121896404 -0.0010936510903333848 0.9993975120411929 0.5790013670921326
0.9992981566283224 -0.0005319299439941906 -0.03745545634177824 -0.04465124383568764 0.0005774017277303788 0.9999991094386127 0.0012032162007538003 -0.008980931714177132 0.03745478295866882 -0.0012239985766432791 0.9992975738292388 0.5348496437072754
0.9993999521343779 -0.00048047441822125596 -0.034633868079331796 -0.04115218296647072 0.0005203615474570288 0.9999992117581812 0.0011426753153661114 -0.010122377425432205 0.03463329175321126 -0.0011600117886702106 0.9993994143859537 0.5804948210716248
0.9993970492350717 -0.0005826006058610734 -0.03471596976560006 -0.04167996719479561 0.000616460794771045 0.9999993447098247 0.0009646533108763482 -0.009858667850494385 0.03471538500896278 -0.000985472706737614 0.9993967534904364 0.5972179770469666
0.999328009181273 -0.0005890692741826541 -0.03664946197673259 -0.043875571340322495 0.0006288917600955529 0.9999992243713678 0.0010750589830800438 -0.009102707728743553 0.036648800266145656 -0.0010973850979629262 0.9993276045346686 0.566283106803894
0.9980788962361813 -0.0011446177857993213 -0.061945191404102214 -0.07316739857196808 0.001243281785184218 0.9999980192897687 0.0015542415971560863 0.0021361075341701508 0.06194328969605228 -0.001628271065926376 0.9980783424135439 0.16012072563171387
0.9981023379317455 -0.001200786616804179 -0.0615652590889103 -0.07231602072715759 0.0012874709728667253 0.9999982350064188 0.001368357607207796 0.0019078552722930908 0.061563507321121445 -0.0014450244108947814 0.9981021222654395 0.166703999042511
0.9995087926549802 -0.0004758785434180348 -0.03133603269394282 -0.03761574998497963 0.0005063997348211394 0.9999994051361328 0.0009660676420805058 -0.011389845050871372 0.03133555432240687 -0.000981461661205489 0.9995084390680826 0.6422668695449829
0.9995497870109181 -0.0004301640864013794 -0.030000637414671027 -0.03615368530154228 0.00045925546426293283 0.9999994310422282 0.0009628082041120272 -0.012056864798069 0.03000020618006372 -0.0009761526920166003 0.999549415864506 0.6657112836837769
0.9996708808356255 -0.00026574353751073593 -0.025652668276354613 -0.031012635678052902 0.00029020347425094814 0.9999995068437171 0.0009497864318006031 -0.0142473503947258 0.025652403225973817 -0.0009569183323414399 0.9996704649613477 0.7210829257965088
0.9999054247896778 -0.00015286688154863897 -0.013752021956472526 -0.018166838213801384 0.00015931571508641943 0.9999998778707869 0.00046784283143195144 -0.019039645791053772 0.013751948759274206 -0.0004699894983096504 0.9999053270261112 0.949275016784668
0.999824398031535 -0.00019617150667282265 -0.018738586329251638 -0.023548007011413574 0.00020921700469997753 0.9999997371393355 0.0006942258314736687 -0.016998611390590668 0.018738445216287047 -0.0006980243549552206 0.9998241762594443 0.8539694547653198
0.9997386746102415 -0.00030362667310274887 -0.022858046710107927 -0.02811216190457344 0.000321372761303624 0.9999996498338638 0.0007726912050948912 -0.015067817643284798 0.022857804096334085 -0.0007798352348537914 0.9997384221129547 0.7877689599990845
0.999761526946824 -0.00028175196540844384 -0.021835976112486076 -0.026921816170215607 0.00029791759508163086 0.9999996839853821 0.0007370713958250597 -0.015555302612483501 0.021835761540684007 -0.0007434009456485805 0.999761294946435 0.8038270473480225
0.9998864333280413 -0.00012209872358925824 -0.015070021182149042 -0.019474094733595848 0.00013092530080184074 0.999999820481009 0.0005847191768630491 -0.01864929124712944 0.015069947083328889 -0.0005866258193084653 0.9998862698152496 0.9155867099761963
0.9999497441547214 -1.276566056447361e-05 -0.010025417794060793 -0.013851398602128029 1.7525678721419114e-05 0.9999998871729174 0.0004747072817532755 -0.020853005349636078 0.010025410602970122 -0.00047485912718887765 0.9999496315570356 0.9978362321853638
0.9999848646235351 1.3479162136844296e-05 -0.005501848976676079 -0.008786925114691257 -1.1930469060143048e-05 0.9999999603024551 0.0002815186531506683 -0.022537516430020332 0.005501852552901752 -0.00028144875262088115 0.9999848250874038 1.084165334701538
0.9999926916279265 3.701292352821652e-05 -0.003822998924736156 -0.006852267310023308 -3.609616938710338e-05 0.9999999705800945 0.00023986845784844756 -0.02316928841173649 0.003823007690496775 -0.00023972870918375486 0.9999926635442605 1.1129777431488037
0.9999824268310634 -7.513661505222684e-06 -0.005928403883136626 -0.009338609874248505 9.160560691908183e-06 0.9999999613796854 0.0002777709699349317 -0.022311968728899956 0.0059284015671027595 -0.000277820396122329 0.9999823882802569 1.0803214311599731
0.9999765987338063 -1.8594414353631618e-05 -0.006841172342210593 -0.010361254215240479 2.0599791204320692e-05 0.9999999568448151 0.00029306316105597616 -0.02200869284570217 0.006841166597640688 -0.000293197229728775 0.9999765559626723 1.0645489692687988
0.9999768498083867 1.4814704188483977e-05 -0.006804382985952477 -0.010288048535585403 -1.2483275209212792e-05 0.9999999412077373 0.00034267869743782 -0.02211984433233738 0.006804387662590939 -0.00034258582337487004 0.9999767912024211 1.0588887929916382
0.9999163401905754 -0.00012047783141975836 -0.01293437686855735 -0.01718895696103573 0.0001267799979556686 0.9999998736598548 0.0004864227655159447 -0.01940257102251053 0.012934316631266355 -0.0004880218917530354 0.9999162291351789 0.9593008756637573
0.9999247696327835 -0.00013002702876233394 -0.012265323795024293 -0.016495108604431152 0.00013531087424967502 0.9999998984098527 0.00042996657064913954 -0.01965368539094925 0.012265266641712591 -0.00043159385579179884 0.9999246856443498 0.974541425704956
0.999989681032252 5.369732279286501e-05 -0.004542570374990754 -0.007609612308442593 -5.238728560433227e-05 0.9999999570088712 0.00028850966623438087 -0.023024747148156166 0.004542585671897204 -0.0002882687161808277 0.9999896408546242 1.092167615890503
0.9999945257164523 0.00011228358287516978 -0.003306951696678913 -0.006129079964011908 -0.0001112175260259181 0.9999999417958945 0.00032255056861893005 -0.023605434224009514 0.003306987721334251 -0.0003221810118992672 0.9999944800005679 1.1049880981445312
0.9999997550480223 0.00016755853980912302 -0.0006795793043175291 -0.0030246281530708075 -0.00016736683450448506 0.9999999461923559 0.00028214114868809723 -0.024647656828165054 0.000679626542909862 -0.0002820273405401065 0.9999997292841339 1.1448274850845337
0.9999998695230192 0.00013094882175906992 0.0004937675070948003 -0.0018598407041281462 -0.0001310202478889767 0.9999999809585342 0.0001446258152103278 -0.024946261197328568 -0.0004937485591126454 -0.00014469048988116715 0.9999998676385027 1.1619631052017212
0.9999997798669328 8.368814845929916e-05 0.0006582266932192431 -0.0018981804605573416 -8.369881466617648e-05 0.9999999963664076 1.6176928402985206e-05 -0.024930439889431 -0.0006582253370103299 -1.6232017635912424e-05 0.99999978323794 1.1641963720321655
0.9999996386972166 -0.00018969135666323906 0.0008286269519649352 -0.003372678067535162 0.0001900625275199786 0.9999998816402965 -0.0004478790335651498 -0.02464887499809265 -0.0008285418951073969 0.00044803636267806994 0.9999995563907745 1.1838105916976929
0.999999863552506 6.435858123718164e-05 0.0005184138716080707 -0.0020220386795699596 -6.437306587045643e-05 0.9999999975381889 2.792365128084148e-05 -0.024755842983722687 -0.0005184120732052542 -2.7957019361034423e-05 0.9999998652336546 1.1709140539169312
0.9999996068700355 0.00017186345196998825 -0.0008698981134454956 -0.003224659711122513 -0.0001716062467268458 0.9999999415449149 0.00029573884163106495 -0.024596605449914932 0.0008699488892937319 -0.00029558944541698153 0.9999995779078156 1.1415331363677979
0.9999979757494354 0.00014925578213248675 -0.00200654422904447 -0.004574168473482132 -0.00014861782840456291 0.9999999383683262 0.00031808188402960425 -0.024137264117598534 0.0020065915809381737 -0.0003177830319062526 0.9999979362999566 1.1257853507995605
0.9999990287670864 0.00016083425415756066 -0.0013844122314981711 -0.0038218731060624123 -0.00016041515319404254 0.9999999412792224 0.000302834163223618 -0.024394486099481583 0.001384460856311184 -0.00030261178840091177 0.9999989958466173 1.1332091093063354
0.9999998695132328 7.324727003050957e-05 0.0005055772490476597 -0.001974748447537422 -7.328075810665727e-05 0.9999999951224805 6.62191016437923e-05 -0.02473358064889908 -0.0005055723962132775 -6.62561420871675e-05 0.9999998700033295 1.1729635000228882
0.9999968277251358 6.217247787648217e-05 -0.002518069547891555 -0.005345409736037254 -6.161156596752632e-05 0.9999999732750258 0.0002228316913207856 -0.023671556264162064 0.0025180833345946102 -0.00022267584222935156 0.99999680483079 1.1307611465454102
0.9999621234774729 1.0706186039575662e-05 -0.00870353352383605 -0.012328526005148888 -7.000603040278334e-06 0.9999999093284143 0.0004257865126732898 -0.021458834409713745 0.008703537293222485 -0.00042570945537760273 0.9999620328842715 1.02033269405365
0.9999828601005897 0.00011197645292944509 -0.005853799306273974 -0.009000418707728386 -0.00010946740937953994 0.9999999020151299 0.0004289366114074477 -0.02278289571404457 0.005853846763490486 -0.00042828845923198927 0.9999827743751714 1.0580942630767822
0.9999842385295444 9.873215176227645e-05 -0.005613639144877071 -0.008775088004767895 -9.647133307429176e-05 0.9999999141396843 0.00040300608615742714 -0.02280815690755844 0.005613678452546304 -0.0004024581789372026 0.9999841621954045 1.0645546913146973
0.9999828446440665 6.438127787521915e-05 -0.0058571556759398884 -0.009122966788709164 -6.222519218195437e-05 0.9999999302441899 0.00036829287404425157 -0.022605855017900467 0.005857178978535112 -0.0003679220932113345 0.9999827788955903 1.066288948059082
0.9999998784361576 -0.00014460698328238957 0.0004713984413340901 -0.0035777008160948753 0.0001447869997355697 0.9999999166076398 -0.00038186573320926333 -0.02447689138352871 -0.00047134318157136313 0.00038193393915419825 0.9999998159810187 1.1843485832214355
0.9999995992864311 -0.00017765595163550098 0.0008774197056817131 -0.0032811753917485476 0.0001780340568332221 0.9999998913277796 -0.0004308692417978341 -0.024701958522200584 -0.0008773430638453835 0.0004310252797324305 0.9999995222430641 1.1852573156356812
0.9999994725389268 -0.0001933078129471922 0.0010087387954935464 -0.0032152249477803707 0.00019376877961826782 0.9999998768500485 -0.00045689555462124603 -0.024798380210995674 -0.0010086503497870034 0.0004570907757119828 0.9999993868460594 1.1825348138809204
0.9999999341633493 0.00019103022753274367 0.00030851377542963603 -0.0018893517553806305 -0.0001911109909306399 0.9999999474755099 0.0002617738849472222 -0.025052573531866074 -0.00030846375250030364 -0.0002618328280862444 0.9999999181468386 1.1538652181625366
0.999998928635473 0.00015667882043318804 -0.0014553967341647115 -0.003915080800652504 -0.0001562339105998085 0.9999999410370521 0.0003058052613121908 -0.02433878555893898 0.0014554445615578542 -0.00030557755136002883 0.9999988941511329 1.132021188735962
0.9999999260679587 0.00016013482235014215 0.00034960108084461025 -0.0019002032931894064 -0.00016020900919451158 0.9999999646549624 0.0002121865858721886 -0.02496761828660965 -0.00034956709002671314 -0.00021224257942757663 0.9999999163779649 1.1612752676010132
0.999999881486289 -8.03500987176698e-05 0.0004801783725808374 -0.0033306253608316183 8.049222169794809e-05 0.9999999529621023 -0.0002959675580186293 -0.024592068046331406 -0.00048015456897175214 0.000296006173566436 0.9999998409159548 1.1765903234481812
0.999999851014745 -2.8233812746514785e-05 0.0005451360748322376 -0.0027422329876571894 2.8338046255390023e-05 0.9999999813198288 -0.00019119962730171835 -0.024616176262497902 -0.0005451306663545279 0.00019121504690709713 0.9999998331346674 1.1754554510116577
0.9999998380473855 -0.00015528135608752793 0.0005475334730305246 -0.0035648620687425137 0.00015550078177352326 0.9999999076161956 -0.0004007332127205955 -0.024554826319217682 -0.0005474711960505985 0.0004008182897039072 0.999999769809968 1.1838420629501343
0.9999998133561239 8.34057072353994e-05 0.0006052530091198113 -0.0019197901710867882 -8.342139980711042e-05 0.9999999961849756 2.590209313490871e-05 -0.02488027513027191 -0.0006052508464283596 -2.5952579353699893e-05 0.9999998164989212 1.1659034490585327
0.9999999316803605 0.00018268351553861077 -0.0003213502877966184 -0.0025418782606720924 -0.00018258979663662053 0.999999940801754 0.0002916461116567725 -0.024789482355117798 0.0003214035477102156 -0.00029158741644791733 0.9999999058382646 1.1509281396865845
0.9999999090567608 0.00013488016784906005 0.0004045909174121402 -0.001911422237753868 -0.00013495124895285618 0.9999999754651242 0.0001756642008059744 -0.02487829513847828 -0.00040456721386866246 -0.0001757187848801227 0.9999999027241343 1.1638615131378174
0.9999999156865981 0.00011624289963370244 0.000393845635649777 -0.0019448266830295324 -0.00011629942109279367 0.9999999829422674 0.00014349184354539205 -0.024827701970934868 -0.000393828949023696 -0.0001435376354665326 0.9999999121478491 1.1692728996276855
0.9999999865348237 0.00015109378339365353 6.403921502489728e-05 -0.0022261841222643852 -0.00015110836741532365 0.9999999626384926 0.00022779217476608606 -0.024813784286379814 -6.400479465078278e-05 -0.00022780184856005723 0.9999999720048517 1.1644521951675415
0.9999987650795503 0.00017379833168117522 -0.0015619326215841065 -0.004012732766568661 -0.00017328544947137523 0.9999999310321889 0.00032849318207738096 -0.02437566965818405 0.001561989605428046 -0.0003282221162180576 0.9999987262285462 1.127701759338379
0.9999995308945345 0.00021135978043200284 -0.0009452712593129072 -0.0032529900781810284 -0.00021102863556594375 0.9999999163422136 0.00035040331078597616 -0.024721328169107437 0.0009453452414004367 -0.00035020366710577556 0.9999994918397537 1.1330918073654175
0.9999997530337201 0.0001300465690507768 0.0006906666259667015 -0.0017671100795269012 -0.00013010072641848094 0.9999999884660633 7.836883255343757e-05 -0.025106512010097504 -0.0006906564264028023 -7.845866942872983e-05 0.9999997584189395 1.1558297872543335
0.9999994661185045 -0.000185621130046476 0.0010165173395879211 -0.003394233761355281 0.00018610306607853036 0.9999998703301151 -0.0004740310133195096 -0.024893397465348244 -0.0010164292176038654 0.0004742199372367427 0.9999993709933505 1.1766141653060913
0.9999995065236168 -0.00018821203261749726 0.000975463353256226 -0.0031900531612336636 0.0001886454666460792 0.9999998835213648 -0.00044426359814895037 -0.024763543158769608 -0.0009753796238807605 0.00044444739565482796 0.9999994255503859 1.1845370531082153
0.9999999553833138 0.00019097084168780913 0.00022970308877862073 -0.002028580754995346 -0.00019103125049120377 0.9999999471707967 0.0002629932813350058 -0.02503596618771553 -0.00022965285259529466 -0.00026303715006940805 0.999999939035511 1.1562482118606567
0.9999706565665206 8.3599113735699e-05 -0.007660223045707579 -0.011165885254740715 -7.99621741465526e-05 0.9999998839489502 0.00047508750468548005 -0.022076286375522614 0.00766026187362499 -0.00047446103589770714 0.999970547203643 1.0280375480651855
0.999919302551026 -2.732783003904312e-05 -0.012703843475882968 -0.016694920137524605 3.492806415651859e-05 0.9999998205634258 0.0005980410912520774 -0.019802626222372055 0.012703824853183516 -0.0005984365515215916 0.99991912408344 0.9443953037261963
0.9999149057991145 -4.6187846236152275e-05 -0.013045268392447755 -0.017090296372771263 5.386148426334479e-05 0.9999998257475395 0.0005878807966891876 -0.019619658589363098 0.013045238966329796 -0.0005885334089608083 0.9999147340492278 0.9411808252334595
0.9999743529515507 6.879191181444856e-05 -0.007161613421595952 -0.010559553280472755 -6.577774290706043e-05 0.999999909168493 0.000421113160727161 -0.022215481847524643 0.007161641740275231 -0.00042063128565107965 0.99997426664735 1.0402542352676392
0.9999840580071667 9.427502174957179e-05 -0.0056457810566368635 -0.008857281878590584 -9.204306378874153e-05 0.999999917518099 0.00039559053252429037 -0.0227829497307539 0.005645817885268168 -0.00039506457103692276 0.9999839842039426 1.0665221214294434
0.9999330417609801 -2.4976135899193045e-05 -0.01157200807235715 -0.01550338976085186 3.125716708552822e-05 0.9999998523054932 0.0005425974395323313 -0.020221220329403877 0.011571992811247735 -0.0005429228163531162 0.9999328948570458 0.9692106246948242
0.9999343421140954 -6.382113709591135e-05 -0.011458943568828383 -0.01543692871928215 6.93119255211794e-05 0.9999998829856178 0.0004787740672434617 -0.02014167793095112 0.011458911672061797 -0.00047953687339357456 0.9999342295309621 0.979694664478302
0.9999208385208019 -6.087687997889361e-05 -0.012582248839591947 -0.016666891053318977 6.767897588283694e-05 0.9999998518096237 0.0005401854186894319 -0.019759751856327057 0.012582214090220858 -0.000540994210528414 0.9999206944622416 0.9570838212966919
0.9998212222841724 -0.00014728699830791978 -0.01890771738535424 -0.02355917915701866 0.00016195458078849874 0.99999968717939 0.0007742169182360102 -0.017079761251807213 0.018907597438544622 -0.000777140696946625 0.9998209333732915 0.8395305275917053
0.9998493838358439 -0.00012540357332224597 -0.01735493926891995 -0.02176824025809765 0.00013789005819981606 0.9999997325282233 0.0007182825450832645 -0.017726343125104904 0.01735484455176569 -0.0007205674337073891 0.9998491336962583 0.8662959933280945
0.9999844980187396 8.495474920762122e-05 -0.005567450484808909 -0.008673649281263351 -8.287379354018546e-05 0.9999999266274502 0.00037400137599160314 -0.022782443091273308 0.005567481849503971 -0.0003735341824872577 0.9999844316878491 1.0687108039855957
