0.9995902275256333 0.0006832501782475204 -0.028616607144212502 -0.034561142325401306 -0.0006513619575657779 0.9999991565882586 0.0011236326675464338 -0.012798367068171501 0.028617350730850425 -0.0011045324645596291 0.9995898295026725 0.6919079422950745
0.9996723289935557 0.0006596514897075303 -0.025589050480866092 -0.030943509191274643 -0.0006333084995517865 0.9999992612008307 0.0010375539201449282 -0.0142140444368124 0.02558971599968593 -0.0010210081806426817 0.9996720081993646 0.7570189833641052
0.9993481318938677 0.0008153786218137379 -0.03609219358726055 -0.0429263599216938 -0.0007657680043473985 0.9999987430342862 0.0013883548579819607 -0.009400426410138607 0.03609328025548136 -0.0013598115866742116 0.9993475001383895 0.5651922225952148
0.9994900264671097 0.0007455744381231016 -0.0319238329705875 -0.03832998871803284 -0.0007062589360867967 0.9999989783237261 0.0012427991871125387 -0.011335899122059345 0.031924726954070407 -0.0012196189001107936 0.999489531880473 0.6375856399536133
0.999695832545019 0.0006289419341673655 -0.024654549766004116 -0.029971957206726074 -0.0006045961609187479 0.9999993223009955 0.000994917600347987 -0.014622753486037254 0.02465515880304019 -0.000979708932655867 0.9996955353080276 0.7648640275001526
0.9997897430743214 0.0005584201344440688 -0.0204977513482643 -0.02518957108259201 -0.0005411469478450688 0.999999493837918 0.0008482239610623826 -0.016484474763274193 0.02049821463841818 -0.0008369533205202426 0.9997895392060151 0.8369298577308655
0.9996849511226704 0.0006259496708684631 -0.025091964567836928 -0.03043830394744873 -0.0006009593796478932 0.9999993159412218 0.0010034764134951991 -0.014394686557352543 0.025092575529189056 -0.0009880810179168664 0.9996846434497301 0.751986026763916
0.999457634388256 0.0007400279174020457 -0.032922475935327024 -0.03931766003370285 -0.0006988124834488491 0.9999989577625507 0.0012633823352221183 -0.010726791806519032 0.0329233765604881 -0.0012396904829193585 0.9994571098568273 0.6132187247276306
0.999168169171434 0.0009271662598102636 -0.04076898425680285 -0.04832430183887482 -0.000861991134367791 0.999998322442192 0.0016161943219371983 -0.007088629528880119 0.04077041434531958 -0.0015797074186887135 0.9991672922181664 0.4676588773727417
0.9990313163679013 0.0010329189480165041 -0.04399274934196425 -0.05187443643808365 -0.0009548729129994702 0.9999979330173235 0.0017950428407912985 -0.005863917991518974 0.04399451254347623 -0.0017512965274574914 0.9990302376938021 0.40515393018722534
0.9990727346957852 0.0010060622268860781 -0.0430425211422483 -0.050948549062013626 -0.0009317260233834265 0.9999980398190096 0.00174706747322257 -0.006283722817897797 0.04304419442970921 -0.0017053436411102643 0.9990717137067605 0.42274391651153564
0.9992353845196037 0.0008869569530681391 -0.039087845058572525 -0.04648855701088905 -0.0008272357151619489 0.9999984658412735 0.0015440194852582158 -0.007823828607797623 0.03908915457043206 -0.0015105040425965862 0.9992345852563882 0.4967540502548218
0.9993901069316348 0.0007726604843319707 -0.03491156202394074 -0.04169365018606186 -0.0007263234712599229 0.9999988385184655 0.001339931317298153 -0.009708344005048275 0.034912556786786696 -0.0013137570155593126 0.9993895073599249 0.5737061500549316
0.9995941101227566 0.0006656186681591753 -0.028481080732367568 -0.03436266630887985 -0.000634269021892892 0.9999991830915319 0.0011097382922085795 -0.012760581448674202 0.028481796128455597 -0.0010912231934508108 0.9995937157271647 0.6892677545547485
0.9996451477354107 0.0006353263057366096 -0.02663033926810504 -0.032195620238780975 -0.0006077156370315793 0.9999992694399441 0.0010448929527669478 -0.013615532778203487 0.026630983661022463 -0.0010283384965437212 0.9996448035323262 0.7213613390922546
0.9993927444462073 0.0007661311675895437 -0.03483612193272944 -0.04157855361700058 -0.0007203569055759053 0.9999988607139961 0.0013265205005305043 -0.009809297509491444 0.0348370985331232 -0.0013006205225916114 0.9993921577399183 0.5782610177993774
0.9994341674612764 0.0007535849994298883 -0.03362702812670521 -0.040251728147268295 -0.0007106065977855981 0.9999989154377622 0.0012900238613493525 -0.010413975454866886 0.033627963798731154 -0.0012653983358221123 0.9994336190151917 0.6014522910118103
0.9995246631553643 0.0007052197447382512 -0.030821265536435556 -0.03701767697930336 -0.0006687916824001551 0.9999990656805599 0.0011922062292403618 -0.011685527861118317 0.030822077506900657 -0.001171026523661385 0.99952420092514 0.648986279964447
0.9995828407989554 0.0006701235700306583 -0.02887378247981303 -0.034883052110672 -0.0006380411741245708 0.9999991688879782 0.0011203244232853738 -0.012596046552062035 0.028874509238267412 -0.0011014344075692079 0.9995824376000689 0.6826887130737305
0.9997595010666859 0.0005710592464582713 -0.021922908525750025 -0.02692284807562828 -0.0005517065819431857 0.9999994528288462 0.0008887979836029522 -0.015843989327549934 0.02192340408647364 -0.0008764892157069694 0.999759269084271 0.8074207305908203
0.9995006610204085 0.00070602019592951 -0.031590032530052055 -0.037914082407951355 -0.000668153867409148 0.9999990456785943 0.0012092197114453407 -0.011279064230620861 0.03159085611654539 -0.0011875088985019901 0.9995001789056569 0.6327608823776245
0.9993271754118314 0.0008266038022037488 -0.03666760436087202 -0.04381566122174263 -0.000774437322249915 0.9999986678303734 0.001436866142964668 -0.008855698630213737 0.03666874323242024 -0.001407502622759221 0.9993264842913562 0.5387879014015198
0.9991175642617516 0.000996146176366442 -0.04198929002090921 -0.049699146300554276 -0.0009245316694436831 0.9999980849330492 0.0017249264987888849 -0.006829956546425819 0.04199092788754389 -0.0016845839335987158 0.9991165718534117 0.4374684691429138
0.9993170779068122 0.0008270322607829299 -0.03694176256528715 -0.044157031923532486 -0.0007744349648870011 0.9999986660926995 0.0014380762521801396 -0.008753148838877678 0.036942902623854385 -0.001408485165540725 0.9993163853931663 0.5359417200088501
0.999602081619047 0.0006687928688044205 -0.028199842889040698 -0.034080907702445984 -0.0006379071216087469 0.9999991868778788 0.001104227370235742 -0.012947088107466698 0.028200558458515386 -0.001085799097261207 0.9996016954482161 0.6968534588813782
0.9995313751372837 0.0006964262957526993 -0.030603024467953283 -0.036801084876060486 -0.0006606804136474947 0.9999990877352348 0.0011781468882572043 -0.011784695088863373 0.030603817042365578 -0.001157375960469083 0.9995309234152411 0.6523926854133606
0.9993765556233145 0.0007739897649620882 -0.035297322990902234 -0.04219210892915726 -0.0007269910286012896 0.9999988321365947 0.0013443249202606273 -0.009564420208334923 0.03529832226217947 -0.0013178259713006245 0.9993759511716224 0.5687665343284607
0.9993773514349389 0.0007752051615632797 -0.03527475720461396 -0.04210687056183815 -0.0007282739970996672 0.9999988326132336 0.00134327553223905 -0.009618019685149193 0.0352757573394552 -0.001316749455230295 0.9993767493368056 0.5712104439735413
0.9991756023558205 0.000909788974373872 -0.04058679515440201 -0.0483245886862278 -0.0008459896664948311 0.9999983795774247 0.0015890701712010277 -0.007130872458219528 0.04058817510516414 -0.001553424136198687 0.9991747529411887 0.4730749726295471
0.998829979607105 0.0011326172603447978 -0.04834655123389608 -0.05706045776605606 -0.00103859134655291 0.9999975203913396 0.0019699084209526645 -0.00402151420712471 0.04834866250564781 -0.0019173912781808129 0.9988286792261228 0.3314049243927002
0.9992462081976882 0.0008456954320917618 -0.03881108349142295 -0.04621386528015137 -0.000788985618415837 0.9999985987695902 0.0014764689464476179 -0.008002648130059242 0.03881227775119616 -0.0014447346095495491 0.999245475265048 0.5105202198028564
0.9992992192708967 0.000817292406351735 -0.03742195074684098 -0.044633474200963974 -0.0007645360668157157 0.9999986937702544 0.001424058421411788 -0.008623644709587097 0.037423065737309795 -0.001394450037676384 0.9992985388060535 0.5337572693824768
0.9994018333820993 0.000766197628371629 -0.03457438898510141 -0.041241999715566635 -0.000721004521895517 0.999998869435681 0.001319575628550523 -0.009971152991056442 0.03457536095224791 -0.0012938580116596957 0.9994012559260007 0.5844312906265259
0.9992462387545359 0.0008599443912552681 -0.038809983645413784 -0.04624082148075104 -0.0008023602973403908 0.9999985541642464 0.0014992956246824046 -0.007946176454424858 0.03881121684341511 -0.0014670259237275149 0.9992454839938346 0.5067052841186523
0.9995154527831992 0.0007110423849504245 -0.03111838791331365 -0.03733106702566147 -0.0006739627372866618 0.9999990504368825 0.0012020397508032536 -0.011569326743483543 0.03111921306565142 -0.0011804846718895127 0.9995149828962618 0.6444980502128601
0.9994274671954323 0.0007521793698033681 -0.03382561221202885 -0.04047761112451553 -0.0007089166970216445 0.9999989154206096 0.0012909665839751802 -0.010324962437152863 0.03382654656389856 -0.0012662479219721675 0.9994269164695136 0.5975126624107361
0.9991879912756236 0.0009188849630342482 -0.04028043868937716 -0.047970011830329895 -0.0008551630422345516 0.9999983556926284 0.001599158594527036 -0.007360417395830154 0.04028184189874092 -0.0015634137213044689 0.9991871340999046 0.47548913955688477
0.9994353083969354 0.000744990216771772 -0.03359329276952704 -0.040257420390844345 -0.0007022636271814314 0.9999989295212762 0.0012836596508541134 -0.010381235741078854 0.03359421312250343 -0.0012593434313987876 0.999434761702234 0.5994717478752136
0.9993568415426732 0.000793641926372217 -0.03585070981647701 -0.042760610580444336 -0.0007451245277401475 0.9999987885165249 0.0013666583044124202 -0.009430998004972935 0.0358517510212639 -0.0013390660833445098 0.9993562222004394 0.5646701455116272
0.9993456957098839 0.0007948470248253413 -0.03616004264841212 -0.043187759816646576 -0.0007455754082454355 0.9999987752839938 0.0013760624341641143 -0.009258619509637356 0.036161092121760885 -0.0013482020320502112 0.9993450644136098 0.5578402280807495
0.9996224242937328 0.0006610472215648047 -0.027469471521869106 -0.03336058184504509 -0.0006316527464988129 0.9999992186656285 0.0010787413684082033 -0.013346387073397636 0.02747016315801122 -0.0010609828947424876 0.9996220608066675 0.7117561101913452
0.9995599790121946 0.0006894275125307338 -0.029654224772301778 -0.03584995120763779 -0.0006556003599662529 0.9999991233523547 0.0011504271772209095 -0.012291737832129002 0.029654991912142596 -0.0011304796446827494 0.9995595547392181 0.6715589761734009
0.9997125771610915 0.0006103784206539952 -0.023966445379164866 -0.02941879630088806 -0.0005874632334505659 0.9999993635995524 0.0009631653231609177 -0.014950712211430073 0.023967018022237076 -0.000948809081952636 0.9997122995184404 0.7751454710960388
0.9998229717847229 0.0005362100832185309 -0.01880791243897669 -0.023501895368099213 -0.0005214736193140488 0.9999995532292513 0.0007884202956471174 -0.017296096310019493 0.018808326795063904 -0.0007784728928379957 0.9998228047124778 0.8723762035369873
0.9998240455105725 0.0005373549331690175 -0.018750713814360227 -0.02343219518661499 -0.0005227165199753501 0.9999995548172221 0.0007855780018151618 -0.01733560673892498 0.018751127601080032 -0.000775638467966851 0.9998238812904273 0.8760746717453003
0.9998030449569425 0.0005564250126461511 -0.01983838919951137 -0.024665173143148422 -0.000540175461907277 0.9999995142499245 0.0008244455017115768 -0.016847439110279083 0.019838838305111038 -0.0008135669119629463 0.9998028598696762 0.8578910827636719
0.9995168505896217 0.0007141636607373382 -0.031073386646283434 -0.03753816708922386 -0.0006772618211446501 0.9999990529607374 0.0011980793186465212 -0.011671913787722588 0.031074212843278323 -0.001176455648900937 0.9995163876837021 0.6484445333480835
0.9996044670251931 0.0006769922365716967 -0.02811496371670125 -0.03425539657473564 -0.0006461683057421886 0.9999991802517718 0.001105424038660802 -0.013077160343527794 0.028115689033001847 -0.0010868198085315433 0.9996040850521288 0.702061653137207
0.9996527063461748 0.0006629521815891229 -0.026344395783039105 -0.03205903246998787 -0.0006353942502406746 0.999999242234434 0.0010544215022301976 -0.01390083134174347 0.026345074851198344 -0.0010373162307274082 0.9996523700797804 0.7408353090286255
0.9995414113167869 0.0007169520287399432 -0.030272975450628327 -0.03654592111706734 -0.0006814375316138799 0.9999990675528414 0.001183442579171796 -0.012107601389288902 0.030273795694236418 -0.0011622707241320718 0.9995409678552588 0.6661027669906616
0.9995388954643545 0.0007210941458455774 -0.030355831023573653 -0.03670235350728035 -0.000685299432023578 0.9999990576574952 0.0011895582417979214 -0.012074567377567291 0.030356660201468103 -0.001168206897338155 0.9995384477217764 0.6649316549301147
0.9997198403026704 0.0006256038042233317 -0.023661139555881876 -0.028950251638889313 -0.0006029496657337985 0.9999993530349057 0.0009645628388972726 -0.015122112818062305 0.023661727682131924 -0.0009500261310781723 0.9997195707264345 0.7925963401794434
0.9997412022607344 0.000618921123486438 -0.022740831974767083 -0.02787172421813011 -0.0005977408677331464 0.9999993812794935 0.0009381612257198443 -0.0155488271266222 0.022741398552347837 -0.0009243253070779902 0.9997409536548006 0.8133848309516907
0.9997502541609409 0.0006055190465083254 -0.022339710199966962 -0.02750486135482788 -0.0005852135133320048 0.9999994097199056 0.0009154698161852892 -0.015749309211969376 0.02234025134769092 -0.0009021676811149712 0.999750018386195 0.8194769620895386
0.9997985963339873 0.0005581454754238227 -0.02006128715253924 -0.024823516607284546 -0.0005415040580770313 0.9999995048145485 0.0008349515031795683 -0.01672329381108284 0.020061743242885403 -0.0008239200724825366 0.999798403486308 0.8500888347625732
0.999896990232541 0.00047115875181782024 -0.01434527564519332 -0.01826675608754158 -0.0004620191960112108 0.9999996882001962 0.0006404199972570102 -0.019298776984214783 0.014345572911825734 -0.0006337262350218651 0.9998968961492433 0.9528495669364929
0.9998298672374271 0.000520185193674115 -0.018438166594154218 -0.023018747568130493 -0.0005060843121066051 0.9999995759328242 0.0007694237072711671 -0.017438789829611778 0.01843855901795316 -0.0007599615362329503 0.9998297064999646 0.8731839656829834
0.9990869655733927 0.0009624818900650777 -0.04271192866122729 -0.050642650574445724 -0.0008913018680062395 0.9999981822900647 0.0016855258962184382 -0.0061986614018678665 0.04271347331148055 -0.0016459177312463514 0.9990860073849955 0.434958815574646
0.9986023094621144 0.0012806379000145779 -0.05283736843844932 -0.06195591390132904 -0.0011652177528107778 0.9999968675980622 0.002215188852472599 -0.00231204554438591 0.05284003978537421 -0.0021505256642575838 0.9986006736603212 0.24561262130737305
0.9991741256075353 0.0009136726472236251 -0.04062304664487209 -0.0483262836933136 -0.0008496110050595187 0.99999836832035 0.0015942138432359814 -0.00713157095015049 0.040624436950655936 -0.0015583834353582102 0.9991732715417836 0.4722833037376404
0.9992759153439545 0.0008448966906283054 -0.03803854838297945 -0.045337896794080734 -0.0007894623587386388 0.9999986045153704 0.0014723167105627267 -0.008275754749774933 0.038039739256286155 -0.0014412206264943477 0.999275187883908 0.5189332962036133
0.9992273049411147 0.0008848489634100215 -0.039293893958590384 -0.04690499231219292 -0.0008248890236240693 0.9999984707079086 0.0015421218963427763 -0.007728468626737595 0.03929519841171053 -0.0015085172045513839 0.999226506732897 0.49442172050476074
0.9994783985488244 0.0007374078868248497 -0.03228601963522335 -0.038831677287817 -0.0006974938681041866 0.9999989786120783 0.0012475083584165924 -0.011081341654062271 0.03228690658117523 -0.0012243383555254287 0.9994778920311393 0.6264509558677673
0.9994301845268201 0.0007647157161440862 -0.03374494727451678 -0.04034379869699478 -0.000721316837018476 0.9999988971363574 0.0012982403820891927 -0.01043737307190895 0.03374590284326483 -0.0012731598259981616 0.9994296338939278 0.6026621460914612
0.9993274300193621 0.0008092929632323295 -0.036661050936878416 -0.04371045529842377 -0.0007585822280221279 0.9999987363026163 0.0013971206726016339 -0.009068045765161514 0.03666213528833339 -0.0013683705894765835 0.9993267810871626 0.551062285900116
0.9994651165705478 0.0007426857136801839 -0.032694482356380415 -0.03921215236186981 -0.0007018275371865544 0.9999989584629695 0.0012611546630247965 -0.010873977094888687 0.032695384945417315 -0.0012375342042618008 0.9994645968279037 0.6187623143196106
0.9994461096684438 0.0007586684005009386 -0.03327008101689119 -0.039802659302949905 -0.0007163042987486783 0.9999989175327301 0.0012852398682879037 -0.010648144409060478 0.03327102007399256 -0.001260696484299013 0.999445571238179 0.6105270385742188
0.9993321925666004 0.0008127183040540886 -0.036530923735786806 -0.043569415807724 -0.0007622117968242132 0.9999987344458109 0.0013964741150136802 -0.009166100062429905 0.03653201244399764 -0.0013676972381988213 0.9993315473210364 0.5549463629722595
0.9993483522304585 0.0007933829800584415 -0.0360865825164275 -0.04299382120370865 -0.0007442654875285349 0.9999987783889703 0.0013745142601636604 -0.009280518628656864 0.03608762894888013 -0.001346760563081994 0.9993477219030592 0.558387041091919
0.9995509380888369 0.0007059342749996952 -0.029957032939274042 -0.036129336804151535 -0.0006711110998056827 0.9999990874545721 0.0011724759758818162 -0.012178306467831135 0.029957833293098597 -0.001151844964256503 0.9995504997135265 0.6682931184768677
0.9996261542362013 0.0006593122795183789 -0.027333442415105453 -0.033136919140815735 -0.0006301070087390997 0.9999992214309763 0.0010770805904363003 -0.013386063277721405 0.027334131266593186 -0.0010594549347815716 0.9996257913955309 0.7132025361061096
0.9995485563457893 0.000690860398828426 -0.030036747809271923 -0.036113981157541275 -0.0006562363543432851 0.999999108897416 0.001162565362176319 -0.012060211040079594 0.030037524213818112 -0.001142329323542274 0.9995481190131973 0.6624969244003296
0.9996096788981084 0.0006712334973204394 -0.02792918364028269 -0.03379867225885391 -0.0006407402828618287 0.9999991889115439 0.001100739816747162 -0.013107528910040855 0.02792989984068109 -0.0010824148217432185 0.9996092982125783 0.7029213309288025
0.9993807071171266 0.0007732752868140475 -0.03517960044405188 -0.04187311977148056 -0.0007264742849429431 0.9999988341474072 0.001343107940509628 -0.00965340156108141 0.0351805980220014 -0.0013167190882439684 0.9993801037511489 0.5708281993865967
0.9991040892340631 0.0009948871847967793 -0.04230873521227533 -0.050161346793174744 -0.000922726380693231 0.9999980863508547 0.0017250712026919371 -0.006654161959886551 0.04231037049943278 -0.0016844863067153068 0.9991030953080282 0.43397587537765503
0.9994299770925016 0.0007515997779040765 -0.03375138495907303 -0.04042740538716316 -0.0007081138075203361 0.9999989038250457 0.001300355160047817 -0.01021663285791874 0.033752325308299656 -0.001275714106106252 0.9994294137605727 0.5921126008033752
0.9993625971114146 0.000804054445170457 -0.03568967625486737 -0.042690061032772064 -0.0007547035822074464 0.9999987404851147 0.0013962273048357305 -0.00928448885679245 0.0356907539459598 -0.0013684022190011342 0.9993619452221181 0.5555045008659363
0.9993605028625249 0.0008240991730002072 -0.035747813624254186 -0.04266509413719177 -0.0007735549922373023 0.9999986816167825 0.0014277175388699244 -0.009338092058897018 0.0357489430757797 -0.0013991516179000837 0.999359822808439 0.550562858581543
0.9993459130593098 0.0008262925760174342 -0.03615333030625755 -0.04334506019949913 -0.0007750356916595591 0.9999986746970351 0.001431755513416652 -0.009175085462629795 0.03615446544109311 -0.001402798899473358 0.9993452290294463 0.5455124378204346
0.9997711372410957 0.000555205513372075 -0.021386090958469436 -0.02633374184370041 -0.000536791271878443 0.9999994802830262 0.0008667691777491274 -0.0160575769841671 0.021386561078781275 -0.0008550909395976696 0.9997709156725396 0.812987208366394
0.9996271812357218 0.000647077907138859 -0.027296150367896545 -0.0329526923596859 -0.0006182004766029744 0.999999240356159 0.0010663560733873536 -0.013337167911231518 0.02729681964800027 -0.001049084022666933 0.9996268218989611 0.7107073664665222
0.9995497832749737 0.0006874832239481744 -0.02999596842526908 -0.03619249910116196 -0.0006529736442972587 0.9999991137173488 0.001160254255128723 -0.01205556932836771 0.02999673949569858 -0.0011401453124409075 0.999549346299768 0.6621401906013489
0.9995498103733563 0.0006843777202745855 -0.029995136434499466 -0.036125797778367996 -0.000649972952109764 0.9999991197356632 0.0011567467575261002 -0.012053556740283966 0.029995901682559428 -0.001136729974757941 0.9995493753323123 0.6615791320800781
0.9995367397139074 0.0007034769899838585 -0.030427143839284108 -0.03665517643094063 -0.000667877016698023 0.9999990805875295 0.0011801543906920055 -0.011928548105061054 0.030427946075647107 -0.0011592860819773178 0.9995362905634778 0.6576804518699646
0.9994612686396097 0.0007331502224096395 -0.032812116360476526 -0.039344221353530884 -0.0006922976465006762 0.9999989711047202 0.0012563890598873795 -0.010761002078652382 0.03281300372216357 -0.0012329964527669026 0.9994607478568015 0.6135625839233398
0.9994643372767633 0.0007268966865352538 -0.03271865115079532 -0.03921349346637726 -0.0006861734366092361 0.9999989759896273 0.0012558605462847357 -0.010708645917475224 0.032719530527427 -0.0012327371593031475 0.9994638125921123 0.6101386547088623
0.9993935382389041 0.0008186782070165049 -0.03481214575859227 -0.04164504632353783 -0.0007700103488788556 0.999998707519487 0.0014113976824349157 -0.009848356246948242 0.0348132562450963 -0.0013837360112100244 0.999392876932923 0.562738299369812
0.9994392468198215 0.0007871704885463436 -0.033474950020114 -0.04016298055648804 -0.0007422752388484537 0.9999988084429409 0.0013535657234100078 -0.010430614463984966 0.03347597561979278 -0.0013279590806044052 0.9994386402280946 0.5862230062484741
0.999549338043657 0.0006892515437454613 -0.03001076055011128 -0.03616136685013771 -0.0006540526194100899 0.9999990867441242 0.00118267750815906 -0.011816751211881638 0.030011548304906127 -0.0011625159038512211 0.9995488760061286 0.6498971581459045
0.9995440537138832 0.0006875091464556836 -0.030186288549462356 -0.03644241392612457 -0.0006522276844783333 0.9999990927243894 0.0011786218418078308 -0.011785110458731651 0.030187071475475433 -0.0011583961204727116 0.99954359526444 0.649200439453125
0.999577187071362 0.0006532347423584453 -0.029069234095083288 -0.03510330244898796 -0.0006210407187296225 0.999999183857205 0.0011165094489563234 -0.012334398925304413 0.02906993971319955 -0.001097984196291028 0.9995767769590166 0.6714456677436829
0.9995336963527939 0.0006908068855511567 -0.03052724424456862 -0.03679502382874489 -0.0006549140452100557 0.9999990825451266 0.0011857472320412736 -0.011630753986537457 0.03052803535955204 -0.0011652015927649825 0.999533231744865 0.6443945169448853
0.9993686960200696 0.000831757629404173 -0.03551784895502011 -0.042358119040727615 -0.0007812119192429733 0.9999986624239664 0.0014369614522701058 -0.009502521716058254 0.035518996650847665 -0.0014083073258367477 0.9993680090674271 0.5512434840202332
0.9992945611796741 0.0008840128715894837 -0.0375446203598506 -0.04470982402563095 -0.0008272512598502327 0.9999984914243792 0.0015273520611535762 -0.008687367662787437 0.03754591391983315 -0.0014952157732240489 0.999293784969023 0.5155937075614929
0.9993174650662985 0.000842580276456058 -0.03693093651595167 -0.043999649584293365 -0.0007891049355487792 0.9999986191521516 0.0014625345093443654 -0.00877527054399252 0.03693211782267865 -0.0014323938941708178 0.9993167500451816 0.5325155854225159
0.9994597565256422 0.0007277508070234919 -0.03285826326005233 -0.03925637900829315 -0.0006868999963389933 0.9999989771806698 0.0012545142523579123 -0.010689090006053448 0.03285914262574508 -0.0012312661683065514 0.9994592341509101 0.6105766892433167
0.9991678770571748 0.0009647675437072598 -0.04077527045459379 -0.048294469714164734 -0.0008973845203897434 0.9999982015338668 0.001670817181693025 -0.007323060184717178 0.040776809071839164 -0.001632835759862214 0.999166945855046 0.4588768482208252
0.9988564429887125 0.0011691518815352105 -0.047795809270420264 -0.05604948475956917 -0.0010738104297316926 0.9999973824666755 0.002020393763161624 -0.004492562264204025 0.04779804631046637 -0.001966759689216155 0.9988550838961711 0.32941508293151855
0.9986661060133311 0.0012679336405475381 -0.05161783649527794 -0.06048005446791649 -0.0011565475670357154 0.9999969381547009 0.0021877108923474865 -0.0029165130108594894 0.051620452321684114 -0.0021250942347293533 0.9986645146777762 0.262750506401062
0.998822926231819 0.0011625519139966958 -0.048491344658132755 -0.05706460773944855 -0.001066199556110937 0.9999974058841581 0.0020128197786364365 -0.004118289798498154 0.04849355887345356 -0.001958749091125204 0.9988215746817772 0.32340753078460693
0.9992646656445315 0.0008720811084475843 -0.038332329290856795 -0.045554980635643005 -0.0008145266129325954 0.9999985175481092 0.0015170523987047195 -0.008150817826390266 0.0383335954577602 -0.0014847141556138077 0.9992638946160102 0.508999764919281
0.9990615371326964 0.0010238067227162709 -0.043301233722011195 -0.0510462261736393 -0.0009477617618354207 0.9999979725804304 0.001776677424700976 -0.006204685196280479 0.04330296490653407 -0.0017339708253486968 0.9990604819406482 0.4154571294784546
0.9988716946104628 0.0011553239878864627 -0.04747634076575099 -0.05573371797800064 -0.0010617202553345774 0.9999974428522213 0.0019967571505084885 -0.004617089405655861 0.047478526263165614 -0.001944097606013808 0.9988703669788069 0.3367074131965637
0.9990068085275398 0.0010721662240191802 -0.044544887194917095 -0.05246233567595482 -0.00099051765142586 0.9999977889553482 0.001854982263375687 -0.005809511989355087 0.044546777553511434 -0.001809017413762798 0.9990056616784486 0.39009207487106323
0.9990890288077133 0.001030050658351355 -0.04266206173758434 -0.05031091719865799 -0.0009549727372798115 0.9999979595067751 0.0017801711595745095 -0.006629675626754761 0.042663808352411306 -0.0017378083690552564 0.9990879738436156 0.421761155128479
0.9988684547376196 0.0011543368388912557 -0.0475444806107148 -0.05585338920354843 -0.0010606442105414488 0.9999974458808129 0.0019958120427140103 -0.004576969891786575 0.047546663015809024 -0.0019431259129495206 0.9988671278492189 0.33603060245513916
0.9987081137091551 0.0012253335722878815 -0.0507996276476276 -0.05952334776520729 -0.001118919819912224 0.9999971201007415 0.002123160064527508 -0.003119977191090584 0.05080208292912402 -0.0020635764729277847 0.9987066085804192 0.2816625237464905
0.9988735367693667 0.0011269482513804887 -0.04743824964619696 -0.05592440813779831 -0.0010353726533506265 0.9999975530945567 0.001954944594493253 -0.004508867859840393 0.047440336690678 -0.001903626154883139 0.9988722594316739 0.3435862064361572
0.9995373494884989 0.000723712402230184 -0.030406631149549664 -0.036758020520210266 -0.0006877216006722782 0.9999990505922097 0.0011940911517444584 -0.012046683579683304 0.030407466459833093 -0.0011726274078171053 0.9995368982326045 0.6639522314071655
0.9996082562855504 0.0006752468563149631 -0.027979957245232723 -0.033901605755090714 -0.0006447682086137659 0.9999991889935498 0.0010983106119605854 -0.013153034262359142 0.027980676184094895 -0.0010798397687717376 0.9996078809745125 0.7058885097503662
0.999100175661398 0.0009565699171652487 -0.04240193353323282 -0.050346970558166504 -0.0008864982752847268 0.9999982103868517 0.001671329979778112 -0.006362155079841614 0.04240345639415538 -0.0016322368354385244 0.9990992356561691 0.4412388801574707
0.999099086802494 0.0009481366760492801 -0.042427771415260336 -0.05051165074110031 -0.0008786152351335828 0.9999982408591402 0.0016572006194344238 -0.006340334191918373 0.042429268031520924 -0.0016184299391672479 0.9990981622937963 0.44306427240371704
0.9997992576165107 0.0005619346228812917 -0.020028197596234754 -0.024858783930540085 -0.0005452730141783137 0.999999500753663 0.0008373588029133218 -0.016749998554587364 0.0200286581381336 -0.0008262698738395315 0.999799064878179 0.8524532318115234
0.9999893713555265 0.000351817335457307 -0.004597107845362668 -0.007153218612074852 -0.00035032768362201506 0.9999998858739834 0.00032484232313271453 -0.02374756708741188 0.004597221605873629 -0.00032322837635632545 0.9999893804820748 1.1418828964233398
0.9999987045627189 0.0003786716880929923 0.001564442596125433 0.0005636722780764103 -0.0003790207193538299 0.999999903349009 0.00022281217804009793 -0.02690868079662323 -0.0015643580722569197 -0.00022340484555906706 0.9999987514362688 1.2662851810455322
0.9999985123134114 0.0003846258836692399 0.001681497515259671 0.0006879079155623913 -0.00038500915902227854 0.999999899978728 0.00022761915933446335 -0.026984432712197304 -0.0016814097988538516 -0.00022826621265274087 0.999998560376776 1.267090082168579
0.9999993941330805 0.00032470720418414776 0.0010518073506960923 -0.0003659897483885288 -0.00032489230592478645 0.9999999317664423 0.00017581837105765344 -0.02648163214325905 -0.0010517501894358246 -0.00017615998865067492 0.9999994313944368 1.2498605251312256
0.9999997311971024 0.0003083268740021624 0.0006652369965346644 -0.0007166825234889984 -0.00030844080865272935 0.9999999377819535 0.00017117346881304548 -0.02617419883608818 -0.0006651841777643668 -0.00017137860903827792 0.9999997640796631 1.2396185398101807
0.9999991377665589 0.0003441316226398734 0.001267296163010031 -6.125867366790771e-05 -0.00034437634939167127 0.9999999220979877 0.0001928962105893405 -0.02665441855788231 -0.001267229682599159 -0.00019333247109399256 0.9999991783754059 1.2551352977752686
0.9999987037483908 0.0003743780260008719 0.0015659957316846776 0.0004841219633817673 -0.00037472136065336433 0.9999999058210792 0.00021895601048372006 -0.026910709217190742 -0.0015659136118819038 -0.00021954253871299338 0.9999987498570354 1.2637739181518555
0.9999983553656738 0.0003872993118606632 0.0017717971639436214 0.0007369676604866982 -0.0003877063502577395 0.9999998985310293 0.00022939423825582442 -0.027066592127084732 -0.001771708139930566 -0.00023008079799801561 0.999998404055273 1.2660925388336182
0.9999982343292129 0.00039591808375112744 0.0018370049885668956 0.0008919942192733288 -0.00039635350308193245 0.9999998934458946 0.00023666875724692743 -0.027122067287564278 -0.0018369110913856188 -0.00023739644273021394 0.9999982846988148 1.2691617012023926
0.9999982140002537 0.00039691109099374277 0.0018478251780786447 0.0009092218242585659 -0.0003973506197359142 0.9999998928527105 0.00023750168967242013 -0.027131106704473495 -0.0018477307130344246 -0.00023823549997413577 0.9999982645660236 1.2694103717803955
0.999987240487906 0.0003263120942409461 -0.005041069509562672 -0.007272783666849136 -0.00032474144301952 0.9999998984788562 0.00031238641586500124 -0.023462418466806412 0.005041170933253103 -0.00031074538577985285 0.9999872449351177 1.1181796789169312
0.9999852899875805 0.000343030026910182 -0.005413145005942358 -0.007778544910252094 -0.00034115961226686097 0.9999998817907093 0.0003464515644897034 -0.023259442299604416 0.005413263209347816 -0.00034459972173151544 0.9999852888080195 1.1089938879013062
0.9999988611137417 0.0003588915760043629 0.0014659358978415386 0.00022161100059747696 -0.0003591914857660483 0.9999999146158279 0.0002043277114226498 -0.026817873120307922 -0.0014658624411794418 -0.00020485403040981052 0.9999989046404651 1.2585546970367432
0.9999989903847183 0.00035459375567068607 0.0013760424456865914 0.00013172253966331482 -0.00035487252756933365 0.9999999165598308 0.0002023507357323591 -0.02674439363181591 -0.001375970578562031 -0.00020283885109670754 0.9999990327802158 1.2580339908599854
0.9999985207818993 0.0003795119217622778 0.0016776187630794892 0.0005956673994660378 -0.0003798869822614498 0.9999999029217205 0.00022325418270153488 -0.026984605938196182 -0.0016775338725952278 -0.00022389115798919826 0.9999985678754022 1.2642700672149658
0.9999980418189771 0.000407796548570669 0.0019365072129112794 0.0011050598695874214 -0.0004082748290852884 0.9999998862519877 0.0002465921229004088 -0.027209941297769547 -0.0019364064332208102 -0.00024738226717976717 0.999998094564254 1.2730498313903809
0.9999983643253225 0.0003853495060750083 0.0017671594262021837 0.0007036644965410233 -0.0003857522381471454 0.9999998997051852 0.0002275628047838117 -0.027064820751547813 -0.001767071557750832 -0.0002282441182689147 0.9999984126801064 1.265151858329773
0.9999991922196758 0.0003336960979404835 0.0012264611327773695 -0.00022623827680945396 -0.00033391960193551967 0.9999999276805446 0.00018203462637773462 -0.026633495464920998 -0.001226400299835856 -0.00018244401874699148 0.999999231327947 1.2509310245513916
0.9999999571107294 0.00028471505025517047 -6.867226148788272e-05 -0.001925341784954071 -0.0002847037931423706 0.999999946043663 0.0001638792885631401 -0.025765473023056984 6.871891668245806e-05 -0.00016385973028114765 0.9999999842138495 1.2198166847229004
0.9999993475355219 0.0003162412380238978 0.0010976884847881789 -0.0005562147125601768 -0.00031642753366127434 0.9999999355637491 0.00016954678820976812 -0.026510484516620636 -0.001097634796371042 -0.00016989401644648138 0.9999993831667481 1.2441542148590088
0.9999993809871524 0.0003098062104622714 0.0010686652535223608 -0.0006627817638218403 -0.00030998099095056207 0.9999999386079879 0.00016338851209569564 -0.02647925727069378 -0.0010686145691390849 -0.00016371967687038878 0.9999994156292142 1.2417738437652588
0.9999992838297616 0.0003163762087924298 0.0011542296384421736 -0.0005370695143938065 -0.0003165707915720839 0.9999999357115823 0.0001684035775263793 -0.026554565876722336 -0.0011541762853531717 -0.00016876885231104666 0.9999993196968568 1.243282437324524
0.9999996483050635 0.00028604052338012265 0.0007883974687071999 -0.0011097961105406284 -0.00028615421063839263 0.999999948676716 0.0001440914060877568 -0.02625955082476139 -0.0007883562122628408 -0.00014431695866686607 0.9999996788334976 1.2351064682006836
0.999999185387979 0.000318747751663342 0.001235970569581787 -0.0004894416779279709 -0.0003189598630416789 0.9999999344395635 0.00017142191914138792 -0.02660631388425827 -0.0012359158481997047 -0.0001718160045026293 0.9999992214953353 1.242499589920044
0.999998971702363 0.00028561787593668023 -0.0014053528543626148 -0.0032616823446005583 -0.0002853348031814243 0.9999999389664971 0.0002016210599499895 -0.025105517357587814 0.0014054103551678944 -0.00020121985654343003 0.9999989921656434 1.1874946355819702
0.9999974820944691 0.00029244839833865774 -0.002224922168549568 -0.0044563524425029755 -0.00029194637397645843 0.999999931855089 0.00022595825320338662 -0.024769935756921768 0.002224988098061685 -0.00022530812630236325 0.9999974993289792 1.1708248853683472
0.999999652175857 0.00027520066368619397 0.0007873453877967839 -0.0009535369463264942 -0.00027531024385024844 0.9999999524316587 0.00013907174289832418 -0.02614949271082878 -0.0007873070777081243 -0.00013928845877652312 0.9999996803730942 1.230621099472046
0.9999946025698666 0.0003210285124998803 -0.003269827492169095 -0.005685366224497557 -0.00032015738545974773 0.9999999131228182 0.0002669337080595663 -0.024340834468603134 0.003269912901426932 -0.00026588540788272954 0.999994618472803 1.161685585975647
0.9999725093210923 0.0003636895360765572 -0.007405965973416868 -0.010351882316172123 -0.000360740109554672 0.9999998551003825 0.00039958201597922705 -0.02243076078593731 0.007406110224093248 -0.00039689940222171983 0.9999724956228612 1.075814127922058
0.9999698638944748 0.0003778339322283625 -0.007754259757402407 -0.010785495862364769 -0.0003746083441434347 0.9999998427126812 0.0004174244859338728 -0.02229323610663414 0.007754416254890608 -0.0004145070959777373 0.9999698481516397 1.0747324228286743
0.9999977341548661 0.0003073279163626875 -0.0021064744684719094 -0.004231935366988182 -0.0003068418137849682 0.999999926223854 0.00023108524103487407 -0.024821758270263672 0.0021065453320099703 -0.00023043836298490742 0.9999977546799422 1.1828292608261108
0.9999999069428801 0.00028767221549131234 0.00032149483233225067 -0.0013780491426587105 -0.00028772367958543934 0.9999999458007026 0.00016004273116553564 -0.02595244161784649 -0.00032144877506040903 -0.0001601352179485464 0.9999999355136963 1.2280961275100708
0.9999990096308683 0.000339942442216783 0.0013657146184253733 -0.00012117810547351837 -0.0003402023248568647 0.9999999240692549 0.00019006278675031752 -0.026723245158791542 -0.001365649904317742 -0.0001905272178062797 0.9999990493494073 1.2503191232681274
0.9999990203761647 0.0003398671984064814 0.001357842773624857 -0.00011490238830447197 -0.00034012438852181343 0.9999999242623296 0.0001891843938883891 -0.026711195707321167 -0.001357778373215076 -0.00018964604400193552 0.9999990602356919 1.2509410381317139
0.9999804042797389 0.0003613811084035903 -0.006249836815858665 -0.008869007229804993 -0.00035907650476937056 0.9999998671321957 0.00036986437392725355 -0.022965583950281143 0.006249969647453979 -0.00036761295660923 0.9999804011780034 1.1050294637680054
0.9999908735190173 0.0003387342689191388 -0.004258889264599222 -0.006695755757391453 -0.00033742438618594657 0.9999998955543629 0.0003082791708234035 -0.023882770910859108 0.004258993244496371 -0.00030683930422347225 0.9999908833715361 1.1429426670074463
0.9999995373553375 0.0003021630011789248 0.0009132286853388538 -0.0008074347861111164 -0.0003023046741400869 0.9999999422934247 0.00015500010083191755 -0.026367392390966415 -0.0009131817973439036 -0.00015527610242208496 0.9999995709940764 1.2415823936462402
0.9999995153446309 0.0002871002763767541 -0.0009417451538806191 -0.002976485062390566 -0.0002869262677985713 0.9999999417422133 0.0001849023719366285 -0.025356721132993698 0.0009417981845387163 -0.0001846320709004808 0.9999995394634831 1.2025485038757324
0.9999845076038415 0.0003484355616601338 -0.005555460823608177 -0.008395576849579811 -0.00034652702779059135 0.9999998806190953 0.0003445008195991566 -0.0233002919703722 0.005555580196728805 -0.0003425703651287703 0.9999845089671255 1.1158851385116577
0.9999989939515409 0.0003518131802562418 0.001374162797006442 7.069623097777367e-05 -0.0003520882842438264 0.9999999180247682 0.00019996073993152968 -0.026747945696115494 -0.001374092335535286 -0.00020044436538280505 0.9999990358456903 1.2561450004577637
0.999998706142907 0.00037047804755671734 0.0015653940488204977 0.00042962608858942986 -0.0003708158066368585 0.9999999080316881 0.00021548144377726527 -0.026884904131293297 -0.0015653140737092745 -0.00021606163783198875 0.9999987515538302 1.262281060218811
0.9999989848148397 0.0003569838010519645 0.0013794679610768543 0.0001838277094066143 -0.0003572636359711345 0.999999915654713 0.00020261604344284313 -0.026759076863527298 -0.0013793955140798911 -0.00020310867148952262 0.9999990280069692 1.2595860958099365
0.9999982490492358 0.00030958240015908537 -0.0018455506495657064 -0.0038694716058671474 -0.000309171525819758 0.9999999273618659 0.0002229108131254223 -0.024944748729467392 0.0018456195247728993 -0.0002223398311092598 0.9999982721252919 1.191693902015686
0.999825978210862 0.0005398697645659553 -0.018647301019997335 -0.02317279577255249 -0.0005253147705572683 0.9999995535711297 0.0007854310495531855 -0.01737806387245655 0.018647716725779605 -0.0007754986647798655 0.9998258154612414 0.8797958493232727
0.9998094336390284 0.0005467612192890739 -0.019514032350447796 -0.024309206753969193 -0.0005310052694793652 0.9999995288663194 0.0008125887909364121 -0.0169841218739748 0.019514467448768023 -0.0008020718848406784 0.9998092529282187 0.8594293594360352
0.9997743118817645 0.0005544800747529179 -0.021237180914396473 -0.02638651803135872 -0.0005364197747971493 0.9999994896759998 0.0008560967029532798 -0.016194086521863937 0.02123764476511721 -0.0008445114482959358 0.9997740991070153 0.8197735548019409
