0.9998653193034446 0.0005053781083902189 -0.016403897317045214 -0.02047954499721527 -0.0004937170989908125 0.9999996225733748 0.0007149101577745358 -0.01835649274289608 0.016404252425720817 -0.0007067149885809976 0.9998651914414652 0.9150835871696472
0.999786997151662 0.0005651606618260313 -0.020631066862602528 -0.025179874151945114 -0.0005475917527249036 0.9999994826629177 0.000857214774368954 -0.016417475417256355 0.0206315406534558 -0.0008457347831164986 0.9997867894020912 0.8356014490127563
0.9997588789079106 0.00057571988667179 -0.02195114100472824 -0.026781298220157623 -0.0005561989042912859 0.9999994444619874 0.0008953873436105363 -0.015812788158655167 0.021951644302334983 -0.0008829622462616288 0.9997586437186202 0.8067789077758789
0.9997965576971399 0.0005532773264220167 -0.020162765215845913 -0.024677235633134842 -0.0005364436407325211 0.9999995030713407 0.0008402888144749922 -0.016609441488981247 0.020163220109138725 -0.0008293016770038845 0.9997963576716804 0.8401569128036499
0.9998861219017421 0.0004858376407728463 -0.015083341475999244 -0.018894758075475693 -0.00047578110753395 0.999999662156785 0.0006703123552395113 -0.018935050815343857 0.015083662043167918 -0.000663059652430494 0.9998860152493708 0.9395384788513184
0.9999075239802118 0.00046342345174739294 -0.013591494636968142 -0.017230626195669174 -0.00045506138151503315 0.9999997052941211 0.0006183290468443074 -0.019620157778263092 0.013591777179655972 -0.0006120869019087829 0.9999074401877022 0.9669274687767029
0.9996728148972216 0.0006497446814751981 -0.025570314572057835 -0.030876290053129196 -0.0006236096922378796 0.9999992750596942 0.0010300441919959982 -0.014219705946743488 0.02557096530084161 -0.0010137612808804673 0.9996724953811865 0.751838207244873
0.9997606918811628 0.0005895212102407928 -0.021868045958463582 -0.026604700833559036 -0.0005699014567188663 0.9999994295316894 0.0009034094450785374 -0.015863215550780296 0.021868566062465754 -0.0008907306206163723 0.9997604575183663 0.8160666227340698
0.9997900616728276 0.0005677768520191548 -0.02048194838607078 -0.025081690400838852 -0.0005503994998040866 0.9999994838293158 0.0008540500525557198 -0.016506178304553032 0.020482422723739777 -0.0008425975005696585 0.9997898581146029 0.84184730052948
0.9997881662138605 0.0005683867686206816 -0.020574246892838044 -0.025120645761489868 -0.0005508676854180218 0.9999994809081677 0.0008571628714795709 -0.01645136997103691 0.020574723412949227 -0.0008456476076580904 0.999787960337893 0.839748740196228
0.9996741029399833 0.000642565459871962 -0.025520090532148723 -0.030775975435972214 -0.0006165931696316804 0.9999992840037643 0.0010255753612656475 -0.014204352162778378 0.02552073125916362 -0.0010095056157600805 0.9996737833785624 0.7485029697418213
0.9997317897912908 0.0006002954938765423 -0.023151417365288623 -0.028108127415180206 -0.0005786583667912821 0.99999938957318 0.0009412798528176681 -0.015266217291355133 0.023151968279096675 -0.0009276306305903891 0.9997315268942039 0.7881936430931091
0.9997003646043235 0.0006193391937587829 -0.024470337736658687 -0.029605135321617126 -0.0005954070550009082 0.9999993373567004 0.000985279959961588 -0.014667834155261517 0.024470931744049372 -0.000970414923484271 0.9997000709185004 0.7635729312896729
0.9997454611110965 0.000593131554931721 -0.022553518189393766 -0.027491267770528793 -0.0005724942865791159 0.9999994115612376 0.0009214811284028404 -0.015551763586699963 0.022554051477563966 -0.0009083348153145853 0.9997452123865412 0.8005125522613525
0.9997471890572809 0.0005887039457458255 -0.022476908144348908 -0.027396108955144882 -0.0005682625526174068 0.9999994191791093 0.0009158160925119506 -0.015588270500302315 0.02247743423383834 -0.0009028117789851907 0.9997469429216351 0.800523042678833
0.9997195108847708 0.0006071159423796821 -0.023675535190302237 -0.028879627585411072 -0.0005846180264576965 0.9999993710234376 0.0009571700437233483 -0.015057271346449852 0.023676101412138606 -0.0009430604232863761 0.9997192370155534 0.7785079479217529
0.9998560839825207 0.00049732818629801 -0.016957711750532446 -0.021172961220145226 -0.000485149297753512 0.999999621457818 0.0007222979857074274 -0.01807696372270584 0.01695806455047043 -0.0007139670135106134 0.9998559467732371 0.8966150879859924
0.9998270448817311 0.0005224902079152701 -0.018590517126959222 -0.023015853017568588 -0.0005081035044831961 0.9999995678155513 0.000778588170667518 -0.017338775098323822 0.018590915897121994 -0.0007690076029560144 0.9998268782511366 0.8671280741691589
0.9998034709781526 0.000543881263232545 -0.019817255440898063 -0.024324797093868256 -0.0005276598927386218 0.9999995214909675 0.0008237674875363194 -0.01676856353878975 0.019817693989864067 -0.000813148822437446 0.99980327954749 0.8455673456192017
0.9999195929763955 0.00043467881354769024 -0.01267354079364796 -0.01624135673046112 -0.00042737112594756364 0.9999997408755316 0.0005793123424593289 -0.019999727606773376 0.012673789324425134 -0.0005738494562794107 0.9999195196419366 0.9740936160087585
0.9998804897928646 0.0004706607104277327 -0.015452657055558037 -0.019298573955893517 -0.00046035363698440103 0.9999996692118096 0.0006705600645625857 -0.018717307597398758 0.015452967550277944 -0.0006633662389137743 0.9998803757145767 0.9207704067230225
0.9998436716335526 0.0004994989555507179 -0.017674354164435392 -0.022011587396264076 -0.0004864610653813547 0.9999996064221672 0.0007419643806688997 -0.01773230731487274 0.01767471781863459 -0.0007332505054325491 0.9998435211040414 0.8782190680503845
0.9998926507427879 0.0004515021166378431 -0.014645242790754874 -0.018519341945648193 -0.00044222084943444623 0.9999996993539139 0.0006369715868863558 -0.019096873700618744 0.014645525981739665 -0.000630426776752537 0.9998925497926252 0.9316131472587585
0.9999736360410757 0.00033965705633984153 -0.007253403054761646 -0.01020541787147522 -0.00033688167641715794 0.9999998695850333 0.0003838497791973072 -0.0224416796118021 0.007253532486095404 -0.0003813961208166779 0.9999736200537855 1.063827633857727
0.9999781170070448 0.0003269392196393899 -0.00660746682104719 -0.009370112791657448 -0.0003245704092487484 0.9999998826802144 0.0003595742015099317 -0.02271829918026924 0.006607583604769445 -0.00035742174474000845 0.9999781058046231 1.0734869241714478
0.999940330781843 0.0003894957065015213 -0.010917104423497836 -0.014362511225044727 -0.00038398765443459925 0.9999997979419233 0.000506625694390742 -0.02077960968017578 0.01091729954614148 -0.0005024034311108628 0.9999402782973654 0.9944537878036499
0.9999679776948456 0.000343323271589336 -0.007995355777708156 -0.011065801605582237 -0.00034010626338398705 0.9999998606706365 0.0004037157878435684 -0.022104905918240547 0.007995493268745399 -0.00040098358935543245 0.9999679551363387 1.0464428663253784
0.9999951374151792 0.0002758987534950506 -0.0031062881184192475 -0.0055224415846168995 -0.00027515152081718594 0.9999999331102263 0.00024097963296749642 -0.024312980473041534 0.003106354396620692 -0.00024012376128371163 0.9999951464396923 1.1361839771270752
0.9999976390341347 0.00027095325949600784 -0.002156040465139135 -0.004433633293956518 -0.00027049796432407905 0.9999999410576088 0.00021146070545883798 -0.02477003075182438 0.0021560976340243543 -0.0002108770016505101 0.9999976533841879 1.1602929830551147
0.9999981184740228 0.00024946608686689253 -0.0019237502658586525 -0.004154384136199951 -0.00024909517591883935 0.9999999503429234 0.0001930433725893088 -0.024860860779881477 0.001923798328105594 -0.00019256381246229062 0.9999981309578386 1.1541764736175537
0.9999997957005279 0.00018365730701270814 -0.0006122653800819034 -0.0033234532456845045 -0.0001836033125306571 0.999999979251491 8.824307768041389e-05 -0.02530054934322834 0.0006122815738643191 -8.813064570046883e-05 0.9999998086721132 1.1647634506225586
0.9999999437819376 0.00018186594939487697 -0.0002817106643233351 -0.0033951362129300833 -0.00018184759297901892 0.9999999813411992 6.518477254298811e-05 -0.02552626095712185 0.0002817225139574965 -6.513354047220276e-05 0.9999999581950229 1.1821156740188599
0.9999998471475919 0.00024566106516227623 -0.0004953336589292683 -0.00244436739012599 -0.0002455828618212897 0.9999999573728323 0.00015793476916561077 -0.025499051436781883 0.0004953724362382168 -0.00015781309956738472 0.9999998648505783 1.1872872114181519
0.9999886831350283 0.00031717528021834635 -0.0047468939016383745 -0.0073714954778552055 -0.00031573158306443194 0.9999999036804427 0.00030488140780334866 -0.023617273196578026 0.004746990145265609 -0.00030337921317542105 0.9999886869588144 1.1187483072280884
0.9999357448410432 0.0004118575541808431 -0.01132857283790022 -0.014862122014164925 -0.00040591431126304393 0.9999997787952417 0.0005269184377374625 -0.020643150433897972 0.011328787347305021 -0.0005222861506683988 0.9999356908293736 0.9994285106658936
0.9998029353078094 0.0005319553503936505 -0.019844585493107466 -0.02463672310113907 -0.0005159515808974419 0.9999995375768432 0.0008115664271649645 -0.01678972691297531 0.01984500803361473 -0.0008011676508193799 0.999802747438984 0.8412898778915405
0.9996747131213705 0.0006090215319266033 -0.025497000578098672 -0.031082551926374435 -0.0005837492564790149 0.9999993309996056 0.0009986176180800145 -0.014126824215054512 0.0254975917002268 -0.0009834089257421746 0.9996743998544594 0.7390559911727905
0.9987882072808756 0.0011710852815193034 -0.049201072711049024 -0.057576984167099 -0.0010721395798577377 0.9999973497743756 0.0020373907200521182 -0.0036598332226276398 0.04920332827539034 -0.0019821714073865733 0.9987868158336571 0.31162458658218384
0.9977723964110101 0.0016620910273271138 -0.066689447543425 -0.07736462354660034 -0.0014750634950801453 0.9999948405723527 0.002853597091508078 0.003523668274283409 0.06669384640216695 -0.0027488692388071344 0.997769700166322 -0.00019633769989013672
0.997795907647681 0.0016509485590332014 -0.06633702624022009 -0.07692236453294754 -0.0014658529272205457 0.9999948962091364 0.002838808002352357 0.0033914726227521896 0.0663413743958925 -0.0027353106832473375 0.9977932351538218 0.005992531776428223
0.9977928149581992 0.0016584207431040805 -0.06638334172389962 -0.07690984755754471 -0.0014724833643529236 0.9999948552184618 0.002849794615366984 0.003403361886739731 0.06638772635461238 -0.0027457562249611437 0.9977901235291009 0.0036780834197998047
0.9981873663712736 0.0014844035022773137 -0.060164592270062926 -0.07010611891746521 -0.0013328971553804977 0.9999958393557301 0.002558252607089518 0.0007449984550476074 0.060168139425726526 -0.0024734222184917363 0.9981851918259332 0.11467421054840088
0.9983096074544462 0.0014212788665858025 -0.05810256130785534 -0.06777478754520416 -0.0012807588180975462 0.9999961647114275 0.002455650481162788 -8.244998753070831e-05 0.05810582863189851 -0.0023770841001458554 0.9983075989644581 0.1525532603263855
0.9986966260536302 0.001233141926004432 -0.05102478290091718 -0.05985137075185776 -0.0011256509437870639 0.9999970866426642 0.002135325768239028 -0.003073485568165779 0.051027267407222104 -0.002075106545236746 0.9986951045808613 0.27743858098983765
0.9996114808272413 0.0006666476348121737 -0.027864726435070188 -0.033714622259140015 -0.0006362785266527232 0.9999991939720139 0.0010987287925097503 -0.013101018965244293 0.027865436440271674 -0.0010805721882265105 0.9996110992859871 0.70198655128479
0.9998731713475371 0.000488290639130766 -0.015918630332746916 -0.02008001320064068 -0.0004773959397286282 0.9999996492423147 0.0006881920985145471 -0.01858627051115036 0.01591896078692461 -0.0006805053265511624 0.9998730537423063 0.9212919473648071
0.9995744475898879 0.0006777634786078237 -0.029162722130095086 -0.035220567137002945 -0.0006451171428313718 0.9999991547621522 0.0011288484632259906 -0.012516921386122704 0.029163462572919855 -0.0011095547070640614 0.9995740399485721 0.6794339418411255
0.9993804845043283 0.0007698377851905792 -0.035185999228086816 -0.04211961477994919 -0.0007232990573302583 0.9999988468269576 0.0013353588389968141 -0.009671424515545368 0.035186986662232085 -0.0013090815634308748 0.9993798888686386 0.5720800161361694
0.999194227891824 0.0008841976696968702 -0.04012621514849101 -0.04783263057470322 -0.0008228542976751365 0.9999984675548264 0.0015452504017631802 -0.007386902347207069 0.040127519964070595 -0.0015109872535049185 0.9991934242473042 0.4853270649909973
0.9991173208854297 0.0009403503843059796 -0.041996367079500004 -0.04999358952045441 -0.0008721075262000651 0.9999982695582104 0.0016432617100595754 -0.006533296778798103 0.04199783964901196 -0.00160518588946524 0.9991164120577122 0.44989466667175293
0.9989179567203518 0.001069192657234963 -0.04649486604668008 -0.054944928735494614 -0.0009835114941385635 0.9999977760315397 0.0018656465675425888 -0.004690440371632576 0.04649675737917545 -0.0018178996220366383 0.9989167867215897 0.367739737033844
0.99905904248373 0.0009791588153713576 -0.04335978412662006 -0.051439039409160614 -0.0009058107138384535 0.9999981255963915 0.001711230742683478 -0.0059606824070215225 0.04336137841955105 -0.0016703447902424627 0.999058056776401 0.42505937814712524
0.9994734480646338 0.0007427159971635961 -0.032438788305649315 -0.03899550065398216 -0.0007023984611799211 0.9999989667357887 0.0012542582493398106 -0.011038938537240028 0.03243968634547666 -0.0012308128622427427 0.9994729370270636 0.6245315074920654
0.9996018535085142 0.0006804496657948595 -0.028207648795938546 -0.03415067121386528 -0.0006493359265712827 0.9999991707198317 0.001112170177247831 -0.013037228025496006 0.028208382179720222 -0.0010934111308265166 0.9996014663989352 0.6997988224029541
0.9998239253035885 0.0005418569753157882 -0.018756992870446656 -0.0233173705637455 -0.000527049430241206 0.9999995455929871 0.0007943756775038609 -0.017323484644293785 0.018757414785139436 -0.0007843499456422008 0.9998237565619956 0.8742338418960571
0.9998189138674558 0.0005380589357757972 -0.019022354362251515 -0.023636016994714737 -0.0005230173351740924 0.9999995466579018 0.0007956989747522781 -0.01719420589506626 0.019022773871561028 -0.0007856058636149885 0.9998187420216021 0.866563618183136
0.9998092038948556 0.0005437086282928321 -0.019525885077570696 -0.02421293780207634 -0.0005279618159538464 0.999999531277353 0.0008116042108017364 -0.016961675137281418 0.01952631720155833 -0.0008011404381357363 0.9998090223190339 0.8562893867492676
0.9997670477353461 0.0005680058195311902 -0.021576089356954018 -0.02663002535700798 -0.0005492113090826874 0.9999994646222399 0.0008769961069402534 -0.016038909554481506 0.021576575944488075 -0.0008649419764304312 0.9997668244375232 0.815259575843811
0.9998588363041098 0.0005057427299575363 -0.016794394567302907 -0.021207153797149658 -0.000493651566172216 0.9999996160007372 0.000724090124911277 -0.018198860809206963 0.016794754321584286 -0.0007156973304920237 0.9998587020197446 0.9051488637924194
0.9999778413606344 0.0003679790377981927 -0.0066469074879341086 -0.009372095577418804 -0.0003654405974995523 0.9999998598405346 0.0003831084446304185 -0.022796815261244774 0.006647047532183937 -0.0003806709056246412 0.9999778356787544 1.0984042882919312
0.9998505335870516 0.0005191109697626043 -0.017281232869494692 -0.021552637219429016 -0.0005063752336657487 0.999999597001893 0.0007413367485206569 -0.01798688992857933 0.017281610741228998 -0.000732475155243746 0.9998503935141178 0.9020771384239197
0.9995060052944745 0.0007397752508979354 -0.03141970898752006 -0.03766581788659096 -0.000701498448924485 0.9999989984247994 0.0012292474627294944 -0.011577373370528221 0.031420586885168876 -0.0012065993438707212 0.9995055231652377 0.6455870866775513
0.999805350623224 0.0005608062531310336 -0.019721723086970386 -0.02440008521080017 -0.0005445206576172523 0.9999995063602375 0.0008311296742114699 -0.016889501363039017 0.01972217945426214 -0.000820229009713702 0.9998051624501376 0.8584500551223755
0.9997081266027532 0.0006278046294231474 -0.024150930950191003 -0.029329054057598114 -0.0006043051942471138 0.9999993369035332 0.000980310015371622 -0.014882172457873821 0.024151530378959937 -0.0009654293559379765 0.9997078430854252 0.7784949541091919
0.9998163884393798 0.0005464817194975045 -0.019154392858182736 -0.023775674402713776 -0.0005311410121886088 0.9999995341460406 0.0008059757608962848 -0.01714354008436203 0.019154824386052666 -0.0007956540908184511 0.9998162129298102 0.8665295839309692
0.9999466642277777 0.00041262367618831854 -0.010319808207623323 -0.013627954758703709 -0.0004074526670153248 0.9999997903993315 0.0005031735459578479 -0.021123532205820084 0.010320013665902917 -0.0004989418754309295 0.9999466227629057 1.0261441469192505
0.9999547086985192 0.0003971966357383147 -0.009509089677393794 -0.01270691305398941 -0.0003927161603434449 0.9999998110032136 0.00047304075412079466 -0.02148125320672989 0.009509275770402505 -0.0004692849563029194 0.9999546756958301 1.039032220840454
0.9998956776124057 0.0004793836761909714 -0.014436207373096267 -0.018268875777721405 -0.00047009807756949603 0.9999996804564775 0.0006466024593674341 -0.0192660354077816 0.014436512730763717 -0.0006397485709215614 0.9998955834595633 0.9551624059677124
0.9998783467448208 0.0004908228086337441 -0.015590086716075025 -0.019656118005514145 -0.0004802476207913291 0.9999996520752323 0.0006820642471732066 -0.018744079396128654 0.015590416064587189 -0.000674494169783971 0.9998782345788653 0.9310591816902161
0.9999544512992787 0.00039626328219055846 -0.009536157620812925 -0.01280036848038435 -0.0003917660951456834 0.9999998111790744 0.00047345658893492316 -0.021475620567798615 0.009536343433648727 -0.0004696990803686498 0.9999544177294727 1.037598729133606
0.9999997033162343 0.0002736635714048275 -0.0007200525628501317 -0.0026811761781573296 -0.00027353763132051 0.9999999472766613 0.00017499668293109743 -0.025419367477297783 0.0007201004151037915 -0.00017479966953995425 0.9999997254501963 1.1995335817337036
0.9999996557121167 0.00027795880852315476 0.0007818660684711871 -0.0012465347535908222 -0.00027806556192313305 0.9999999520330218 0.00013643129241724041 -0.026247752830386162 -0.0007818281086879488 -0.00013664865547327758 0.9999996850359273 1.2312954664230347
0.9999999508289263 0.00026028179273081796 -0.00017491579087378314 -0.002071191556751728 -0.00026025520527598776 0.9999999545805446 0.00015200703074282382 -0.02566477470099926 0.00017495534759167256 -0.00015196150052341502 0.9999999731491642 1.206396460533142
0.9999967270733221 0.00029566753879066307 -0.0025413428241680765 -0.004824109375476837 -0.000295064677253236 0.9999999282431256 0.00023759330719190305 -0.024627184495329857 0.0025414128904376293 -0.00023684266906622651 0.9999967425577296 1.163692593574524
0.9999649524965569 0.00037455413208420813 -0.008363820165495053 -0.011343466117978096 -0.00037096475264959916 0.9999998384401355 0.0004307027457382714 -0.02197255939245224 0.008363980135730517 -0.00042758496820340856 0.9999649298887356 1.0565108060836792
0.999989621611531 0.0003242258039352624 -0.004544397303816846 -0.007067760918289423 -0.00032283581855433986 0.9999999008873024 0.000306598140174695 -0.02370734140276909 0.004544496260437853 -0.0003051278639566786 0.9999896271715649 1.127062201499939
0.9999997235482725 0.00026615456458371723 0.0006943090998115146 -0.0014595692045986652 -0.00026624238488632136 0.9999999565694542 0.00012639652670360882 -0.02617526240646839 -0.0006942754286447618 -0.00012658134627165275 0.9999997509793648 1.2270042896270752
0.9999347884322607 0.0004232916058429976 -0.01141226126350849 -0.014771963469684124 -0.00041717712947331984 0.9999997681753647 0.0005381565382254003 -0.020606372505426407 0.011412486415010442 -0.0005333605097991434 0.99993473321032 1.0026805400848389
0.9999166928920533 0.00045459535552874237 -0.01289963638564672 -0.016693051904439926 -0.0004469540013959681 0.9999997229568598 0.000595246439972117 -0.01998075470328331 0.012899903408157954 -0.0005894313076135696 0.9999166190552059 0.9807173609733582
0.9999978547880154 0.00029245583301326693 -0.00205058258863651 -0.004200018011033535 -0.000292007076833451 0.9999999333549283 0.00021913923811064926 -0.024840224534273148 0.0020506465405237145 -0.00021853998338301607 0.9999978735422597 1.1766566038131714
0.9999977605826874 0.0002900760946992091 -0.002096350512060518 -0.0042931088246405125 -0.0002896087533439555 0.9999999331473328 0.00022323104607595827 -0.0248191487044096 0.002096415125903956 -0.00022262342471011915 0.9999977777387461 1.1717008352279663
0.999998498943221 0.0002819468478207746 -0.0017095664010933552 -0.0037853328976780176 -0.0002815941911028048 0.9999999390267891 0.00020652149890692024 -0.0249798484146595 0.0017096245249412266 -0.0002060397849385719 0.9999985173646962 1.178195834159851
0.9999940668046313 0.00031393211157205515 -0.0034304230298439617 -0.005781637504696846 -0.0003130036796490872 0.9999999142450486 0.0002711799989751695 -0.02423587627708912 0.0034305078677778957 -0.00027010465498016143 0.9999940793120949 1.151055932044983
0.9999987062571782 0.0002861471106452808 -0.0015829099155641165 -0.003645738121122122 -0.000285823845822349 0.9999999382536232 0.0002044443172358429 -0.025040358304977417 0.0015829683189758292 -0.00020399161933781814 0.999998726298549 1.1845548152923584
0.9999976224172181 0.00030350845635546337 -0.0021594079113238514 -0.004273183643817902 -0.0003030070384551771 0.9999999270594415 0.00023252493606896386 -0.02478976733982563 0.0021594783270998436 -0.00023187006742565261 0.9999976414420317 1.177847146987915
0.9999997950359075 0.0002900398196107981 -0.0005707933476164248 -0.0024488577619194984 -0.0002899371098396811 0.9999999417652369 0.00018001665198522153 -0.025531290099024773 0.0005708455263736781 -0.00017985112091474824 0.9999998208944635 1.2108745574951172
0.9999192819314775 0.00045837795892382765 -0.01269722455047269 -0.016133587807416916 -0.00045089814826497346 0.9999997231449806 0.0005919466378157445 -0.020048463717103004 0.012697492370473974 -0.000586173701988559 0.9999192117805782 0.9887688159942627
0.9997158347480525 0.000627421987971715 -0.02382973133826808 -0.029059384018182755 -0.000604419020260935 0.9999993444646645 0.0009724957015967479 -0.01505403034389019 0.023830325882223537 -0.0009578162092421283 0.9997155586247805 0.7869583368301392
0.9999355780994639 0.0004387782049812293 -0.011342271579277403 -0.014778695069253445 -0.0004326085699199127 0.9999997571493292 0.0005463983053730051 -0.020682290196418762 0.011342508572466778 -0.0005414563414681687 0.9999355250836496 1.0133122205734253
0.9999061116794115 0.00047391386199585074 -0.013694642449221302 -0.017394857481122017 -0.00046538802219495796 0.9999996959268938 0.0006257476402201248 -0.019613852724432945 0.013694934835529644 -0.000619315567260962 0.9999060281886889 0.9713807106018066
0.9997527585230839 0.0006025711849921763 -0.022227432003071545 -0.027130816131830215 -0.0005823475049491312 0.9999994106199177 0.0009163139202935391 -0.015763694420456886 0.022227971047030618 -0.0009031432799181517 0.999752520194547 0.8167282938957214
0.9996082201494603 0.000697992332516517 -0.02798069006175718 -0.033727552741765976 -0.0006668794875545945 0.9999991490278307 0.0011212561543903934 -0.013167581520974636 0.027981448879167203 -0.001102157120572001 0.9996078349874536 0.7130043506622314
0.9997878168839406 0.0005797252176363235 -0.020590899181822216 -0.025298740714788437 -0.0005620695116793465 0.9999994694566909 0.0008632289387227644 -0.016504544764757156 0.020591388693042802 -0.0008514722594685081 0.9997876122990739 0.8466674089431763
0.9998034314508746 0.0005656746627705429 -0.019818639489941864 -0.02436119318008423 -0.000549235835393201 0.9999995006440164 0.000834896230086972 -0.01684543304145336 0.01981910187302905 -0.0008238470087297385 0.9998032428818446 0.8597984313964844
0.9997362130139757 0.0006205621663353908 -0.022959078619847455 -0.0279456228017807 -0.0005989393816669272 0.9999993706565966 0.0009486611765522075 -0.015437152236700058 0.022959652873937617 -0.0009346598357274727 0.9997359555157052 0.8054035902023315
0.9998425200114537 0.0005417919490215794 -0.01773814078841035 -0.02189594879746437 -0.0005282253558537701 0.9999995644219116 0.0007695024107045002 -0.01778705231845379 0.017738549972275773 -0.0007600114937435338 0.9998423706902054 0.9014260768890381
0.9998129968932565 0.0005451006793761715 -0.019330652047323628 -0.02390902489423752 -0.0005295734257723753 0.9999995330569099 0.000808355088613379 -0.01705939508974552 0.0193310836559172 -0.0007979669240733413 0.9998128187083203 0.8620415925979614
0.9999307337853736 0.000430876004043481 -0.011761886639203708 -0.015302851796150208 -0.0004243911176439306 0.9999997565779027 0.0005538378051814947 -0.020454831421375275 0.011762122411520979 -0.0005488078027167999 0.9999306732400862 0.9959843754768372
0.9999864709584015 0.0003408517553783857 -0.005190541420960473 -0.0077069601975381374 -0.00033913048677855625 0.9999998872194794 0.0003324929191172124 -0.0234279353171587 0.005190654166363641 -0.0003307281499679439 0.9999864737726285 1.1195158958435059
0.9999386258092188 0.0004208554939403607 -0.011071020523180783 -0.01437915675342083 -0.00041504904247787426 0.9999997751262483 0.0005267653609744823 -0.020770831033587456 0.011071239725695044 -0.0005221380147093218 0.9999385756249382 1.0111536979675293
0.9998741171573966 0.0004707961090865668 -0.01585964027777192 -0.020004048943519592 -0.00046010457370503804 0.99999966446112 0.000677776828130719 -0.01857784390449524 0.015859954050939495 -0.0006703944146278237 0.9998739982761983 0.9110782742500305
0.9999492594886416 0.0003980359019714217 -0.010065784397559722 -0.013360254466533661 -0.00039311202410457347 0.9999998021204198 0.0004911436221496897 -0.021204138174653053 0.010065977898541172 -0.0004871617203924265 0.999949218091801 1.0219781398773193
0.9999708080362737 0.000353675576209421 -0.007632692111492954 -0.010590887628495693 -0.0003506342120088298 0.9999998586078164 0.00039979994610714624 -0.0222995076328516 0.0076328324317662555 -0.00039711199217760235 0.9999707906589744 1.0631541013717651
0.9999956360616785 0.0002922505381392421 -0.0029398039428333127 -0.005270645022392273 -0.00029152822595618306 0.9999999272165617 0.0002461263190768317 -0.02442198432981968 0.002939875659413474 -0.00024526820916864273 0.9999956484778386 1.150646686553955
0.9999958794884395 0.0003103074828360179 -0.0028538947788956655 -0.005057213362306356 -0.00030957938024904345 0.9999999194237819 0.00025556415547615605 -0.0244799442589283 0.0028539738524094057 -0.0002546795954441524 0.9999958949773513 1.163068413734436
0.9999983808517705 0.00029083139506396014 -0.0017758690653689863 -0.0038016256876289845 -0.00029045591135352694 0.9999999354111736 0.0002116908416732068 -0.024952460080385208 0.0017759305170104934 -0.00021117468724652898 0.9999984007367464 1.1824274063110352
0.9999976949406758 0.00029568832570773385 -0.002126659763421272 -0.004229567013680935 -0.0002952056795457935 0.9999999306030964 0.0002272606634137122 -0.024795858189463615 0.0021267268141627335 -0.00022663233752377745 0.9999977128328053 1.1740050315856934
0.9999984111292917 0.0002889384274229024 -0.0017590490265219495 -0.003829382359981537 -0.00028856600755388143 0.9999999358998839 0.00021196671411042182 -0.024964122101664543 0.0017591101590957435 -0.0002114587755680436 0.9999984304070856 1.1806963682174683
0.9999800709146257 0.0003499072391660955 -0.006303597266935473 -0.008958199061453342 -0.00034761549450422995 0.9999998730956896 0.000364653358813577 -0.02291468158364296 0.006303724061831845 -0.0003624548635245559 0.9999800656460226 1.095941185951233
0.9998826797898259 0.0004734307411482421 -0.015310209653991103 -0.019273865967988968 -0.0004632860181071575 0.9999996708040296 0.0006661515572354479 -0.018829235807061195 0.015310519990557242 -0.0006589803981277621 0.9998825699663202 0.9268581867218018
0.9997529049979926 0.0005787433233223726 -0.02222147619400491 -0.02728515863418579 -0.0005588264415351319 0.9999994366131024 0.0009024890505221543 -0.01572757586836815 0.022221985984228736 -0.0008898481015212504 0.9997526651673769 0.8017630577087402
0.9999381704478737 0.0004017676912603152 -0.011112779313978546 -0.014593402855098248 -0.00039604813431618857 0.999999787991105 0.0005168787287391157 -0.02072160877287388 0.011112984623143992 -0.0005124455748444454 0.9999381175714317 0.997819721698761
0.9999515037420985 0.0003813202516936638 -0.009840973467149516 -0.013076253235340118 -0.0003766618885255247 0.9999998161491367 0.00047521312497997384 -0.021271076053380966 0.009841152866266478 -0.0004714833592706406 0.9999514635289577 1.0179941654205322
0.9999903526798081 0.0002866383085986175 -0.004383193561018149 -0.006998928263783455 -0.00028542978256406473 0.9999999210826823 0.00027634121776033563 -0.023745285347104073 0.004383272425087525 -0.000275087457823068 0.9999903555783617 1.1105413436889648
0.9999947026635428 0.00025580003900520817 -0.0032448746035627367 -0.005636377725750208 -0.0002550450668122032 0.9999999403133928 0.00023307772320961732 -0.024222686886787415 0.0032449340311778685 -0.00023224889925843392 0.9999947082177897 1.1207207441329956
0.9999865040528565 0.00027519377758469034 -0.005188061346147136 -0.007971138693392277 -0.0002736874832625379 0.9999999201936048 0.0002910462947510106 -0.023319382220506668 0.005188141026235967 -0.0002896224593527617 0.9999864995646307 1.083630084991455
0.9999991049679353 0.00022413372000876038 -0.0013190251716744177 -0.00329450611025095 -0.00022390699429480776 0.9999999601349786 0.00017203400486162496 -0.025099316611886024 0.0013190636777129286 -0.00017173851192408562 0.9999991152880574 1.1505420207977295
0.9999997295807397 0.00019978132640458067 -0.0007077611667282193 -0.0028466153889894485 -0.00019969764211311039 0.9999999730621838 0.0001183067337155317 -0.02526509389281273 0.0007077847831388635 -0.00011816536348693743 0.9999997425387906 1.1608140468597412
0.9999999763120437 0.00017097955982309237 0.00013469187888588103 -0.003152847057208419 -0.0001709857436970045 0.9999999843284829 4.590108304636588e-05 -0.02567271701991558 -0.00013468402862808028 -4.592411235014427e-05 0.9999999898755941 1.1895159482955933
0.999999874206368 0.0002087812315464682 0.0004560675886636206 -0.002465196419507265 -0.000208816802528748 0.999999975159767 7.79487547764196e-05 -0.02593780867755413 -0.00045605130309777573 -7.804397954656437e-05 0.9999998929631674 1.2022463083267212
0.9999999005292396 0.0002053087549123803 0.00039596695062085984 -0.0025245393626391888 -0.0002053382310945743 0.9999999761502912 7.440179932155847e-05 -0.02589857392013073 -0.0003959516658363815 -7.448309907396732e-05 0.9999999188372698 1.2019627094268799
0.9999999720686468 0.00020808704213531575 -0.00011208250676337476 -0.0023926966823637486 -0.00020807540287164764 0.9999999729601976 0.00010384714974063893 -0.025570081546902657 0.00011210411297890964 -0.00010382382522729786 0.9999999883266404 1.1846586465835571
0.9999939835007625 0.0002617950951717927 -0.0034589630822482644 -0.005900631658732891 -0.00026096608067548204 0.9999999371194096 0.00024012055548335725 -0.02413327246904373 0.0034590257271302997 -0.00023921643875944283 0.9999939889401906 1.1195849180221558
0.999977184772487 0.0003133357007483179 -0.006747722225350469 -0.009740971028804779 -0.00031095107483028987 0.999999888839652 0.00035444338506627923 -0.022651176899671555 0.006747832535037751 -0.00035233708688117937 0.9999771710467479 1.061644196510315
0.9999999720076926 0.00020497077296934528 -0.00011820150645614491 -0.002537280786782503 -0.00020495903740755443 0.9999999740668492 9.928793533261479e-05 -0.025572627782821655 0.00011822185451565906 -9.9263706086333e-05 0.9999999880851548 1.1843955516815186
0.9999999408986041 0.00019156683192303678 0.00028549069469239964 -0.0027813375927507877 -0.00019158494808615119 0.9999999796359061 6.343023292225194e-05 -0.02580239064991474 -0.00028547853774987136 -6.348492489335837e-05 0.9999999572358332 1.1969643831253052
0.9999999539188622 0.0001875940542775383 0.00023868545085869845 -0.0028483339119702578 -0.00018760818867540982 0.9999999806494612 5.919666518394745e-05 -0.025765789672732353 -0.00023867434129758473 -5.924144180119653e-05 0.9999999697625048 1.1962283849716187
0.9999999661956602 0.0001801370684694203 0.00018750817166192761 -0.002986987354233861 -0.00018014711845075002 0.9999999823379891 5.358205495334303e-05 -0.025724919512867928 -0.0001874985162358544 -5.361583219884792e-05 0.999999980984824 1.1931763887405396
0.9999999511861863 0.00016938017843531067 -0.000262560430904397 -0.003640266600996256 -0.00016936753735574312 0.9999999844972934 4.816689684800866e-05 -0.025539766997098923 0.00026256858535158255 -4.812242528320939e-05 0.9999999643709844 1.1822457313537598
0.9999998834031332 0.00018768386109201417 -0.00044493649874475236 -0.003129737451672554 -0.00018764537013837731 0.9999999786492392 8.654903658048013e-05 -0.025400936603546143 0.0004449527331023789 -8.646553621513862e-05 0.9999998972703826 1.1716817617416382
0.9999998264671647 0.00020548691128815348 -0.0005521238720478295 -0.002640274353325367 -0.00020542095806591748 0.9999999717600668 0.00011950772267087012 -0.025349918752908707 0.000552148413728695 -0.00011939428411758901 0.9999998404385544 1.1675409078598022
0.9999984263116585 0.00023849977426923446 -0.0017579795403979777 -0.003821626538410783 -0.0002381674938553674 0.9999999537360934 0.0001892195976688702 -0.02489735372364521 0.0017580245878983075 -0.00018880060631480976 0.9999984368507181 1.1481393575668335
0.9999966033790881 0.00024971412922083754 -0.0025943926341749 -0.004903704859316349 -0.00024916202813946335 0.9999999462476759 0.00021312655622401003 -0.02453150972723961 0.002594445715432668 -0.0002124794081833712 0.9999966118462256 1.1346126794815063
0.9999999454718468 0.00017842796089061173 -0.00027788444669818305 -0.003490213304758072 -0.00017841114402910959 0.9999999822521205 6.054107530766143e-05 -0.025540366768836975 0.0002778952439869407 -6.0491494324425096e-05 0.9999999595575052 1.1824915409088135
0.9999999736905378 0.00018672764315274986 -0.00013323554576400237 -0.0032095876522362232 -0.0001867190558046158 0.999999980490328 6.446190892714536e-05 -0.025624092668294907 0.0001332475799849477 -6.443702961588253e-05 0.9999999890464757 1.1892389059066772
0.999998387987435 0.00023901031931965246 -0.0017795776462844071 -0.0038648038171231747 -0.00023867520026050242 0.9999999537464608 0.00018852380630824764 -0.02489549107849598 0.0017796226231077874 -0.00018809876135439697 0.9999983987798059 1.148835301399231
0.9999811070053843 0.00030062265661138696 -0.006139646431551398 -0.009002408012747765 -0.00029859157709991816 0.999999900399893 0.00033172771122649223 -0.02291412651538849 0.006139745544907776 -0.00032988819718579734 0.9999810971705521 1.0702391862869263
0.999985010981872 0.0002943147568414148 -0.005467283640799076 -0.008278872817754745 -0.0002926205802838502 0.999999908927826 0.00031067271435985665 -0.02323075942695141 0.005467374578446053 -0.0003090682179693623 0.9999850060336182 1.0846887826919556
0.9999938086110598 0.0002642904514876495 -0.0035089727990337536 -0.006003111135214567 -0.00026343693511218357 0.9999999356060792 0.00024369821206065054 -0.02411908656358719 0.0035090369801877293 -0.00024277231019066616 0.9999938138414043 1.1193227767944336
0.9999939367793576 0.0002619603626875614 -0.0034724316106406056 -0.005922732409089804 -0.0002611200850301372 0.999999936520414 0.00024243652615037856 -0.024123849347233772 0.003472494898972404 -0.0002415283345667969 0.9999939417032686 1.1183311939239502
0.9999989134285844 0.00023124018128484612 -0.0014559085235579508 -0.0034562142100185156 -0.0002309808629105727 0.9999999574320235 0.00017828009373536675 -0.025036295875906944 0.001455949687104066 -0.00017794361301422268 0.9999989242727109 1.1516687870025635
0.999999550962404 0.00021597551331370706 -0.0009227294123910917 -0.0029145211447030306 -0.00021583939917087876 0.9999999658123859 0.0001476095562975359 -0.025232065469026566 0.0009227612608948658 -0.0001474103286533278 0.9999995633908301 1.1594805717468262
0.999999877483119 0.00019727001917461503 -0.000454002518327321 -0.0027610929682850838 -0.0001972226093530098 0.9999999750947619 0.00010446874132366758 -0.025367919355630875 0.0004540231155708843 -0.00010437918896316587 0.9999998914839919 1.1692098379135132
0.9999936126093288 0.0002632600375203236 -0.0035644683610020454 -0.006013661623001099 -0.0002623867948058422 0.99999993545353 0.0002454508219270007 -0.024076616391539574 0.003564532748320785 -0.00024451398470828027 0.9999936171392284 1.1166131496429443
0.9999935708641774 0.0002642937227280595 -0.003576084330563188 -0.0060500409454107285 -0.00026341641261779495 0.9999999350981077 0.00024579579667182425 -0.024077875539660454 0.0035761490607546815 -0.0002448522171116872 0.9999935755820067 1.1172581911087036
0.9999969813622039 0.00024683276212295204 -0.0024446554086532007 -0.004744958132505417 -0.00024632604973933385 0.9999999481185732 0.0002075724639595369 -0.02459743432700634 0.0024447065175056105 -0.00020696965506366438 0.9999969902822732 1.1370640993118286
0.9999990235898067 0.0002327215325515841 -0.0013779187644021639 -0.003366135060787201 -0.00023247726041794638 0.9999999572358081 0.00017743366370534606 -0.02507188729941845 0.0013779599981107256 -0.0001771131556778815 0.999999034928121 1.1543954610824585
0.9999849838013405 0.00029293377683667056 -0.005472326894001251 -0.008170217275619507 -0.0002912428175678528 0.9999999096019595 0.0003097962130229244 -0.023208558559417725 0.005472417149088355 -0.0003081977851581844 0.9999849787195161 1.083886742591858
0.9999157051766117 0.0003973461385733025 -0.01297785256526492 -0.01673954539000988 -0.00039011052835888804 0.9999997670721433 0.0005600619919950225 -0.01976707950234413 0.012978072080831418 -0.0005549519847471214 0.9999156272773015 0.9498621821403503
0.9999385947647651 0.000388688557079487 -0.011074999822667663 -0.014615217223763466 -0.0003830654714481118 0.9999997966596449 0.0005098445969392817 -0.02070663683116436 0.011075195741433988 -0.0005055708397835155 0.9999385403300617 0.9900166392326355
0.9999950589589612 0.00027738134104253817 -0.0031313123854397372 -0.0054728128015995026 -0.00027662402947173603 0.9999999323893645 0.0002422816807045395 -0.02429615706205368 0.003131379378147221 -0.0002414142873312171 0.9999950680790041 1.136595606803894
0.9999999738163844 0.00022883815118901753 5.755049531531741e-07 -0.0019028917886316776 -0.00022883822185026706 0.9999999658868042 0.0001259343429924776 -0.0256678257137537 -5.466863512992587e-07 -0.00012593447139259132 0.999999992070105 1.1938221454620361
0.9999998902517849 0.00022773321717676332 0.0004094313129570983 -0.0021540536545217037 -0.00022777157650654773 0.9999999696753513 9.36451047511569e-05 -0.025927294045686722 -0.0004094099744402597 -9.373835128939719e-05 0.9999999117982934 1.2131786346435547
0.9999996765315822 0.0002717316603631617 0.0007570327838795038 -0.0013617654331028461 -0.0002718314414622314 0.9999999543806312 0.0001317057444980149 -0.026218686252832413 -0.0007569969607235142 -0.00013191148720824222 0.9999997047774369 1.228376865386963
0.9999937952388535 0.00029438058962049263 -0.0035103879931751153 -0.0058622839860618114 -0.00029347015437178824 0.999999923172236 0.0002598668711512674 -0.024158673360943794 0.003510464223242607 -0.00025883506463314 0.9999938048034831 1.1380211114883423
0.9999629757767541 0.00035364058367006606 -0.008597791230106655 -0.011730401776731014 -0.00035001699007015333 0.9999998492975615 0.0004229573986235889 -0.021840596571564674 0.008597939509299867 -0.00041993236594682523 0.9999629488601078 1.0379365682601929
0.9999444028666041 0.00038278918222248555 -0.010537772449272998 -0.013983853161334991 -0.0003776121367439368 0.9999998070469305 0.000493269881804867 -0.020953141152858734 0.010537959234352128 -0.0004892632666423567 0.9999443544701032 1.0004936456680298
