0.6008618119603518 -0.7040363770525964 -0.37854704161355857 -0.7765416502952576 0.48042334657574837 0.6965579715100476 -0.5329168794387791 0.823039710521698 0.6388728284977232 0.1383465652355062 0.7567705972716281 1.0432555675506592
0.6867834549310865 -0.5944177917975062 -0.41832520223804026 -0.7111157774925232 0.4837146841836791 0.8033404454064081 -0.34736757632127613 0.852608859539032 0.5425390219495776 0.03621626111031656 0.8392495410145813 1.0874640941619873
0.8881160781588296 -0.35737935527791875 -0.2890152731897025 -0.387252539396286 0.3145205987933052 0.9310824245017376 -0.18483049455830197 0.41586634516716003 0.33515164426044514 0.07324967716724017 0.9393124401094743 1.0435247421264648
0.840866815708549 -0.42239047169519495 -0.33842176002922075 -0.40741226077079773 0.31429964908826336 0.8901096675199615 -0.3300310748558354 0.39246925711631775 0.44063446168355846 0.17114633857787953 0.8812208587909313 0.9771487712860107
0.8114038989911975 -0.4617213899322623 -0.3583811808408784 -0.4503168761730194 0.33444874373798794 0.8696278733799365 -0.3631685554295288 0.44608911871910095 0.4793409543466574 0.174816246154952 0.8600415859517067 0.9807274341583252
0.7965686104928602 -0.4871778817601274 -0.3579611156273681 -0.4735569655895233 0.35164370182271826 0.8550231802299028 -0.3811588490878301 0.46336981654167175 0.49175721219509316 0.17774440298715272 0.8523976604032014 0.9786016941070557
0.7895289155656511 -0.4949250528159672 -0.3628956924253019 -0.5031518340110779 0.37320044683047193 0.8566026641782974 -0.3563050690183614 0.5239576697349548 0.4872017220528509 0.14588032018663516 0.8610188233778525 1.0072333812713623
0.8268564415031935 -0.4442474313799072 -0.34489512153266355 -0.4638373553752899 0.3531161774681991 0.8873762259052821 -0.29643278986702054 0.4866606891155243 0.4377412367540022 0.12331931483126436 0.8906037032455143 1.0174164772033691
0.8770102095456314 -0.3729893223901142 -0.30287300595413114 -0.395870178937912 0.317069838047325 0.9229033695442579 -0.2184401251704868 0.41498908400535583 0.36099835200921737 0.09554232500215973 0.9276593415579939 1.0311315059661865
0.8805844401053087 -0.365555511426947 -0.3015629485029669 -0.3866982161998749 0.30991398379588775 0.9256460155383515 -0.21710084423082285 0.40591391921043396 0.3585029518597888 0.09771705062760036 0.9284002431734175 1.0304951667785645
0.9015983749933073 -0.32851901735883 -0.28141717332639204 -0.35174915194511414 0.28451997406767876 0.9404016127775395 -0.18626108300428776 0.36883828043937683 0.32583547162019555 0.08786388290413485 0.9413347882209886 1.02907133102417
0.916419998729438 -0.299578931487274 -0.2653805752832717 -0.3176867663860321 0.2604672846192104 0.949885860980241 -0.17283993969254224 0.3291020095348358 0.3038604606917989 0.08927101947871796 0.9485249103262383 1.0225889682769775
0.8913574971318314 -0.34729352260084834 -0.29132288181049465 -0.3607740104198456 0.2920988048658306 0.9315052884345486 -0.21673990360434844 0.3657943904399872 0.3466411696593911 0.10809767239845133 0.9317482453534359 1.0166969299316406
0.8800740713019717 -0.36599578546113065 -0.3025172954504617 -0.38266298174858093 0.3062557818929593 0.9243882482457648 -0.2274066018440501 0.3938739001750946 0.36287329066645846 0.10748698307151512 0.9256184545432744 1.0191435813903809
0.879913592214377 -0.3672880748027326 -0.30141589265347846 -0.38594934344291687 0.3092060650737104 0.9243186493095166 -0.223666367297954 0.3986261785030365 0.36075432022087184 0.103607454588621 0.9268882434229293 1.022118330001831
0.8661724573611566 -0.39233813815234353 -0.3095416926039011 -0.41173455119132996 0.3295021585921297 0.914050822368706 -0.23651516148065227 0.4262406527996063 0.375730756782117 0.10286826273562048 0.9210019103833026 1.026780605316162
0.8442617892016021 -0.4210169372746111 -0.3316123788733103 -0.44411084055900574 0.3476017928358053 0.9011298895592194 -0.2591098526886294 0.4775674045085907 0.4079154629472185 0.10348749040775687 0.9071357750732032 1.0378780364990234
0.7809018014552157 -0.50985784452093 -0.36088412941617376 -0.5071973204612732 0.3759225916165655 0.8449899348258153 -0.3803606382833915 0.5136012434959412 0.498873312170819 0.16135981043474004 0.8515212445853485 1.0064358711242676
0.601573842751332 -0.7044322378757008 -0.37667510398064263 -0.7169908881187439 0.4314820204909421 0.683381004805507 -0.5889088794236932 0.7274171710014343 0.6722590108808137 0.1917436426910885 0.7150539824216786 1.0210907459259033
0.7332826680406489 -0.563778688369051 -0.3800659407156342 -0.5601572394371033 0.38702998133968103 0.805687471236805 -0.44841442019213523 0.5618335604667664 0.5590208603401072 0.18171760848336932 0.8089959137546315 1.0043044090270996
0.8007956616138401 -0.47792686584088645 -0.36098783808870805 -0.47911855578422546 0.355436410776283 0.8643207007363037 -0.3558295718081596 0.49039313197135925 0.4820697732018939 0.15663855587374426 0.8620168772007091 0.9943363666534424
0.843799709135472 -0.41886616469133864 -0.3354894736644673 -0.43161603808403015 0.33225729851454977 0.898672819723798 -0.28634289003481733 0.4447530210018158 0.42143461942121735 0.13014722112456517 0.8974712042103898 1.0061979293823242
0.8776666902204717 -0.3660066921744382 -0.3094192659822087 -0.37763354182243347 0.29911495198683785 0.9227423072534306 -0.2430573592848556 0.38493427634239197 0.3744748674815901 0.12077141916919627 0.9193382608901384 1.0122528076171875
0.8625644740144107 -0.3934316621024646 -0.3181101309665183 -0.39771410822868347 0.31550850592662205 0.9097897435942275 -0.26969798875538686 0.3995835483074188 0.3955210624684784 0.13226545167216647 0.9088833475412365 1.00211501121521
0.856180706653066 -0.40160785935776827 -0.3250626475883192 -0.41394588351249695 0.32463071631341317 0.9075893444499413 -0.2662639289629112 0.428487628698349 0.4019570817648285 0.12244471872235639 0.9074347333423524 1.0121142864227295
0.8152778724615042 -0.4606607884005578 -0.35087551739159467 -0.4565980136394501 0.34693416033522384 0.8737139896800764 -0.3409700172006563 0.46325036883354187 0.4636363651258774 0.15625460718807344 0.8721386464693354 1.0022673606872559
0.7745715431896648 -0.5145988378703903 -0.36773218589514906 -0.5116462111473083 0.3702893321896002 0.8403032466727699 -0.39594982522761824 0.5132424235343933 0.512761869630885 0.17052416161249773 0.8414254425431844 0.9957716464996338
0.7897802844654204 -0.49326850360610774 -0.3646001722708184 -0.4854142367839813 0.35585291289953536 0.852606978837219 -0.38266178803087353 0.48590323328971863 0.49961565893257875 0.17247470245882662 0.84890321613309 0.9958066940307617
0.8193394130979531 -0.45219779429354895 -0.352420318625858 -0.44734665751457214 0.3360914494997897 0.8768605494775452 -0.34374134802648915 0.4469928443431854 0.464462553622391 0.1631953786293805 0.8704262201224071 0.9888970851898193
0.8351266043754021 -0.4311438413095587 -0.34158240991779426 -0.4322225749492645 0.3304886593059388 0.8897015393848793 -0.3149736764974791 0.434158056974411 0.439705356727176 0.15015378422475273 0.885501575576471 0.99570631980896
0.8378084925677787 -0.42732901288860187 -0.339804126703841 -0.42813512682914734 0.32899178186250816 0.8918534059649957 -0.3104221476241166 0.4319135844707489 0.4357078576847551 0.14828154643208338 0.8877900910347398 0.997445821762085
0.8411900512382038 -0.4243089428439018 -0.33520324986574773 -0.43363329768180847 0.33512913278413664 0.8955737830910515 -0.2926364013572729 0.44337543845176697 0.42436748468423086 0.13382645501795565 0.8955460445337841 1.0043113231658936
0.8994813767433197 -0.33324215030078486 -0.2826356703511625 -0.36276695132255554 0.29158193883570827 0.9395015907238405 -0.17976855668381586 0.38482722640037537 0.32544312227599953 0.07928701211599615 0.9422315765633025 1.0320885181427002
0.9312432522189023 -0.2717664385304568 -0.24275297750024294 -0.2917388379573822 0.24190169847652487 0.9592634587951911 -0.1459355504819131 0.3008832633495331 0.27252444563916545 0.07717913907759014 0.9590483861726203 1.028816819190979
0.9276727855186262 -0.2753593134366743 -0.25219129943714574 -0.290628045797348 0.23908707946613728 0.9568310575099384 -0.1652625057802457 0.2932339608669281 0.2868110378637226 0.09301384782975132 0.9534609864443526 1.015527367591858
0.9311095151407357 -0.2691301548740993 -0.24617885886449978 -0.28462859988212585 0.23569565588646868 0.9590591663861978 -0.15701297133313052 0.28878721594810486 0.2783570164566206 0.08817298400334674 0.9564219237770086 1.0197502374649048
0.8989607460234296 -0.3212974548446189 -0.2977205445033472 -0.3167649209499359 0.2519244964834808 0.9352595622812613 -0.24864351838125343 0.3005281388759613 0.3583345157538471 0.14851766451110837 0.9217043333670631 0.9832520484924316
0.9146313066652291 -0.2966808814548751 -0.27464527566847796 -0.3041348159313202 0.2456660212072796 0.9473734434087961 -0.20526023664593496 0.2959265410900116 0.3210884284617562 0.12026642633303415 0.9393818221602124 0.9957283735275269
0.9221418376144209 -0.2850425026062487 -0.26154388356271135 -0.2963460385799408 0.24218972062876162 0.9525726821361216 -0.18425369594599011 0.29162630438804626 0.3016596932685253 0.10656480167466974 0.9474414876398315 1.0038896799087524
0.9358657142007961 -0.2613182143856851 -0.23636445547863244 -0.27985498309135437 0.2323163294896843 0.9619681260914853 -0.14368871715091647 0.28364190459251404 0.26492355130466166 0.07956202118041487 0.9609814757578905 1.0204919576644897
0.9366658700462067 -0.2597985080283543 -0.23486545747900842 -0.27938541769981384 0.2323081162080517 0.962735029988218 -0.13847093983017347 0.28707167506217957 0.26208774682241276 0.07513985134285467 0.9621143464816044 1.0268644094467163
0.9327359477428886 -0.26514726179909254 -0.24433702410526825 -0.2824877202510834 0.23323262014817053 0.9604779635659507 -0.15193625769717714 0.2892213761806488 0.2749658100328005 0.08472904498840586 0.9577133142273622 1.0216994285583496
0.9290498198692305 -0.27156545263608173 -0.2512342276353081 -0.28379079699516296 0.2329339722853974 0.9569737173531255 -0.1730406566408181 0.2768675982952118 0.2874164169916108 0.1022424042650594 0.9523330793445138 1.0052763223648071
0.9376227984329047 -0.2563131720095872 -0.23487666063964793 -0.273255318403244 0.22690588280414328 0.9630421800224 -0.1451326284698783 0.2747078835964203 0.2633955356639914 0.08278476521732184 0.9611292704106935 1.0206756591796875
0.9219656553453238 -0.289078794782984 -0.25770677284558224 -0.30450019240379333 0.2506304118753144 0.9526797205188487 -0.17200507770219461 0.30673715472221375 0.2952350368890478 0.09399361956508087 0.9507899202632393 1.0256208181381226
0.9315674200501709 -0.2722746385837272 -0.24093290162443323 -0.29296013712882996 0.24176613547352113 0.9588573267386239 -0.14880108433025144 0.29374179244041443 0.27153503943186985 0.08036882569603898 0.9590670332239412 1.0213227272033691
0.9374293984050468 -0.25953637216390946 -0.23209264212798475 -0.2772301137447357 0.23181159646792743 0.9626128350011834 -0.14014247619467557 0.2800053060054779 0.25978742607936767 0.0775719112500208 0.9625451115849459 1.0297391414642334
0.9143293234630495 -0.3016061736539971 -0.27025100234670163 -0.3155324161052704 0.2559337541969886 0.947523145391626 -0.19156670485706756 0.31324121356010437 0.3138467806402312 0.10598870204391775 0.9435393968037625 1.016215205192566
0.9044533547781753 -0.32523287208429086 -0.276021209232746 -0.3352527320384979 0.27513837471449565 0.9392596041133183 -0.2051591354055634 0.3293602168560028 0.32598006655310974 0.10961284138592427 0.9390005437769109 1.0081912279129028
0.9185590959994049 -0.2982217516498112 -0.2594474397631913 -0.3276779353618622 0.26748977671775104 0.9522071269336511 -0.14748154721269302 0.3525860011577606 0.29102990655299343 0.06607097895203663 0.9544297874815495 1.0446256399154663
0.9254931527040716 -0.2816465647597674 -0.25325409543954086 -0.29235050082206726 0.2419425215022099 0.9540393171155692 -0.17684116513643217 0.2850695550441742 0.2914210709386516 0.10239235301857413 0.9510991354513414 1.0133329629898071
0.8911821905767231 -0.3504512405468349 -0.288059423032918 -0.3606695830821991 0.2939513727478233 0.9297495339796675 -0.2217169243072378 0.3570326268672943 0.3455240854970075 0.11291471145858553 0.9315918496196073 1.0161888599395752
0.8615567756073441 -0.39840441637236557 -0.31463287085120556 -0.42114779353141785 0.3347023867679584 0.9117689759312892 -0.23801606420794402 0.44270631670951843 0.3816991415983387 0.0997559799921935 0.918887648060898 1.034935712814331
0.8743619339860487 -0.3747397201422792 -0.3083202078097751 -0.39994093775749207 0.3161242973937458 0.9218946604782529 -0.22399924905900356 0.42021045088768005 0.3681801692018286 0.0983889075524941 0.9245339290026838 1.0329952239990234
0.8705535099568513 -0.3770411816241443 -0.31619066030051507 -0.37695690989494324 0.29584251443763926 0.9145042256580057 -0.27596961409703624 0.36492666602134705 0.39320960434992164 0.14670367620861077 0.9076696747351746 1.0001134872436523
0.8542930743679067 -0.40247143880134084 -0.32893781180674414 -0.39386698603630066 0.30706912575342926 0.9013653496954663 -0.305367087907971 0.38108643889427185 0.41939467700014404 0.15986634204093242 0.8936167285734957 0.9872586727142334
0.8577028429378919 -0.39543968460440015 -0.3285928925832548 -0.38770148158073425 0.29997409305762146 0.903934657852972 -0.30482401123679187 0.3715800940990448 0.4175660147934879 0.16287906609568598 0.8939289866187815 0.9893910884857178
0.8537898029123826 -0.4000221322526912 -0.3332045410117412 -0.3912927806377411 0.30008652545422004 0.9011314524263105 -0.3129060285275141 0.37382420897483826 0.42543042872325015 0.1671657834488211 0.8894180969377075 0.9821047782897949
0.8984125736814799 -0.33031126000201455 -0.2893947459213802 -0.3421560227870941 0.27212709190064294 0.9359514579172598 -0.22347642890527464 0.3335011899471283 0.3446762151711628 0.12202188303102346 0.9307572007547644 1.000440239906311
0.9432660664808628 -0.245281362307067 -0.22379942164918531 -0.2633316218852997 0.21789033153386125 0.9658508175232096 -0.14019986345860622 0.25390586256980896 0.2505452678654788 0.08348204354552614 0.9644987388046075 1.0282883644104004
0.9151872639181727 -0.2964220127379727 -0.2730682374908112 -0.3009645640850067 0.24218714995248783 0.9460472575475822 -0.21526720810330077 0.2798158824443817 0.3221453963039983 0.13087618901491507 0.9376000036204523 1.0123467445373535
0.8929700335248723 -0.3421337858807475 -0.2924875925325633 -0.3396373689174652 0.266893996450819 0.9257106313163301 -0.2680063837419384 0.2889544665813446 0.3624529126453506 0.16125848699162404 0.9179453069154357 0.9776332378387451
0.8724273325502703 -0.3806015473924732 -0.30661541308563534 -0.3964974582195282 0.3159750712212711 0.9178427914530308 -0.24025895309940173 0.4023284614086151 0.37286767597357173 0.11272565058655845 0.9210117392921245 1.0248539447784424
0.8167936275620109 -0.4659097683975194 -0.3402591037516276 -0.4746515452861786 0.3598246207997864 0.8724063337109028 -0.3308072417094142 0.4682905375957489 0.45097052258477055 0.1477676439985108 0.8802217397603562 1.0149927139282227
0.8007206635109007 -0.47945089465728397 -0.35912847093901246 -0.4997112452983856 0.3699805494022095 0.8673153900706451 -0.33298409453102124 0.5203933119773865 0.47112717188748765 0.13375669612746455 0.8718648600272653 1.0204849243164062
0.8227721820933669 -0.4561067578505821 -0.3391350200382579 -0.4595129191875458 0.35188187844494423 0.8773460737391451 -0.3262560505439917 0.45360109210014343 0.44634636774076764 0.14909893472971786 0.8823516462653007 1.0011823177337646
0.9213363048802768 -0.27475330482488947 -0.27504551404696415 -0.267043799161911 0.21358280590999923 0.9488756230876961 -0.23241651604296082 0.2326171100139618 0.32484118939747925 0.1553887814410604 0.9329161421441335 0.9792181253433228
0.9266401474671405 -0.27784947557681017 -0.25325423199577074 -0.29042181372642517 0.23176105252663814 0.9525938252911365 -0.1971086465605824 0.2539012134075165 0.29601495170653286 0.12395431795178131 0.9471063696477222 1.0014668703079224
0.9141813175955833 -0.2901574504141675 -0.2829861702068736 -0.2755938470363617 0.2195053608503431 0.9413880852589739 -0.2561364274959809 0.22664687037467957 0.3407197016862458 0.17203815536558498 0.9242905160074092 0.9702937602996826
0.9106700500797906 -0.30090562520392655 -0.28308278755216815 -0.2921343743801117 0.23327883295431767 0.9400474364211966 -0.24878063303522663 0.25032052397727966 0.34097074065547534 0.160519849235447 0.9262679590800311 0.9789009094238281
0.9337461076292107 -0.2555055079159667 -0.25066938766411595 -0.2614043653011322 0.21185199345631922 0.9589833473921691 -0.18833393824028236 0.23825499415397644 0.2885081270187768 0.12275127229122593 0.9495763190997357 0.9966228008270264
0.9300207263322757 -0.26598378382481885 -0.25360219899405 -0.2700655162334442 0.21934172452844763 0.955412110127833 -0.19767879932346694 0.23890241980552673 0.2948739670999668 0.12821983685574145 0.9468944064484773 0.995065450668335
0.9343190164219782 -0.2532193223696769 -0.2508544405245982 -0.25773879885673523 0.20849837463811857 0.9590795131941678 -0.19155916878213158 0.23104223608970642 0.28909583761363683 0.12667463104299959 0.9488820445790879 0.9958419799804688
0.9277226908249288 -0.26668528971502126 -0.26116960998203737 -0.26264235377311707 0.21425502997919738 0.953392868932842 -0.21245427648465592 0.2318647801876068 0.3056556740143516 0.14114175044125166 0.9416228625225773 0.9919884204864502
0.9193808153322925 -0.28563615256126074 -0.27046423931627067 -0.2882636487483978 0.22943099929316849 0.947869709652829 -0.221143460418796 0.25342902541160583 0.3195314271902951 0.14126217424583865 0.9369870144057875 0.9879773855209351
0.9480986660941094 -0.22442831034653477 -0.22525730368973676 -0.2315283715724945 0.18984773644515596 0.967816577726599 -0.16519354964472724 0.20101574063301086 0.2550818619918347 0.11385519484228132 0.9601928130798549 0.9963301420211792
0.9556914374805473 -0.21337538673530482 -0.20279255573596341 -0.22721311450004578 0.1896539016015189 0.973180911957733 -0.1301933570057861 0.20706412196159363 0.22513390223084154 0.0859642770962089 0.9705281392775996 1.0115225315093994
0.9623115057468155 -0.19418921572829423 -0.19038674954451687 -0.2114233672618866 0.17559533333956373 0.9782685248404049 -0.11025866050313354 0.20099815726280212 0.2076604074364299 0.0726721528606919 0.9754977772306443 1.0255643129348755
0.9387278577761996 -0.24160838300938903 -0.24579543993836842 -0.24011489748954773 0.196807677423037 0.9612169695197527 -0.19320630324762475 0.2096763551235199 0.2829430104142131 0.13299370950105768 0.9498715313614211 0.994483232498169
0.9329981690571325 -0.25886595800358203 -0.2500056645816778 -0.2678641974925995 0.2145594872558643 0.9578395887162038 -0.19106948661802195 0.235036700963974 0.28892670863826225 0.12462639397359435 0.9492047297399014 0.9874163866043091
0.9283979441309105 -0.22262671125440647 -0.2975140412981319 -0.26081928610801697 0.17182753390011374 0.967119911148408 -0.18749500274434336 0.2572384774684906 0.32947314902326214 0.12294887106575317 0.9361255360133879 1.0303380489349365
0.8625157259461563 -0.3819858225717219 -0.33189373879267386 -0.3783678710460663 0.2822552393058642 0.9075337694837353 -0.31098944858472544 0.34671875834465027 0.4199983361633281 0.1745545433406052 0.8905796477683445 0.9671392440795898
0.9521845357612855 -0.2089018461203643 -0.22294534878433656 -0.21029040217399597 0.17298857206459586 0.9701102131288658 -0.1701796942003342 0.17648473381996155 0.25183241211591084 0.12347547558349703 0.9598615749874103 0.9865628480911255
0.9241486070887416 -0.26545484951831455 -0.27474183315095624 -0.25248250365257263 0.20299919381886275 0.9504408966234895 -0.23548551831148637 0.2175111472606659 0.32363664706709383 0.16185124309916984 0.9322357511822977 0.9786553382873535
0.9098764784485207 -0.30501701702257683 -0.2812284005799691 -0.30031976103782654 0.23837637644113616 0.9391453377155352 -0.24735144592657418 0.25364717841148376 0.33956074143061976 0.15802105547623166 0.9272151039026841 0.967429518699646
0.968679571527784 -0.18059633330762112 -0.17042550308152807 -0.2027798593044281 0.1679617955948899 0.982037786227125 -0.0859687247937781 0.19440242648124695 0.18288992023971615 0.05465117398529104 0.981613226406786 1.031866192817688
0.9770355187135813 -0.14627151119577997 -0.1549394726484702 -0.16004744172096252 0.1332764583217948 0.9868709648064788 -0.09123094036087002 0.1402212679386139 0.16624975437359935 0.06848608496937574 0.9837025339686207 1.0139622688293457
0.9719183230130424 -0.1594927855160123 -0.17302261343494643 -0.1715969741344452 0.14225134704093903 0.9839295511410789 -0.10792216017275284 0.15207788348197937 0.18745486831916083 0.08027882510138208 0.9789872228909773 1.0091876983642578
0.9575702365086494 -0.19228451825914136 -0.21467628231972774 -0.19532927870750427 0.1613066345299106 0.9748669537483516 -0.15367040100827253 0.1739855706691742 0.2388292524156188 0.11252149362348227 0.9645203479778628 1.0088462829589844
0.9110615332844232 -0.2986574182912162 -0.28420174008802523 -0.28604385256767273 0.22681760547738367 0.9387572810949447 -0.2594003489526046 0.23290619254112244 0.3442682913295122 0.1718677214920027 0.9230064083711476 0.9499003887176514
0.9531474530728472 -0.21779068322576478 -0.20994559057241288 -0.23257598280906677 0.191663467007963 0.971726063123371 -0.13788971557459304 0.21056827902793884 0.23404069756183885 0.09119033143271968 0.9679407395796288 1.0099663734436035
0.20580952733710467 -0.9617769778145726 -0.1806307930645962 0.15031293034553528 0.8153483176744978 0.2706038979622325 -0.5118404549007552 1.9457013607025146 0.5411557625329735 -0.041935371150295775 0.8398761011743596 1.977844476699829
0.13428466804648254 -0.9669887738172331 -0.216564861505947 -1.433201789855957 0.35154837189254695 0.25081690473603013 -0.9019449110219186 1.7121741771697998 0.9264887317972872 0.04498434850124211 0.3736241938667426 1.177647352218628
0.929386951879781 -0.2744740417562419 -0.24678714325832093 -0.2885473668575287 0.23714076325601863 0.9563763232100378 -0.17061238760888084 0.2763199508190155 0.28285005228559384 0.10004163535869884 0.9539326596342086 1.022758960723877
0.9271967577403204 -0.2785488889690545 -0.25043300279704134 -0.2917635142803192 0.23862801580201132 0.954604818007241 -0.17828716025490277 0.2751637399196625 0.28872624146452747 0.10554694638627722 0.9515760608581427 1.0194512605667114
0.9173868139982064 -0.29685144766895305 -0.26510498207137984 -0.3026319444179535 0.24549310006838157 0.9463455729491471 -0.21015040894170453 0.27326521277427673 0.31326437927258083 0.1277077702271748 0.9410399322571638 1.0079138278961182
0.9007799730483703 -0.3278336749186064 -0.28481664583436667 -0.33253416419029236 0.26447987753417457 0.9343152931737435 -0.23896720971959723 0.30013689398765564 0.3444500465009194 0.13992860512069533 0.9283179147977761 1.0032680034637451
0.9245289568810803 -0.2823524746368237 -0.2559751705827006 -0.29107221961021423 0.23654200064536585 0.95175250258202 -0.1954867150461866 0.26327750086784363 0.2988211669528592 0.12018424978058911 0.9467109676588772 1.009036898612976
0.9207610075262515 -0.2894310904121441 -0.26158901147043534 -0.2954352796077728 0.23963734922152594 0.9487135361912231 -0.20619545849903 0.26480039954185486 0.30785241249228934 0.1271702408206498 0.9428969307258854 1.0068888664245605
0.9160584801521755 -0.29864029645629925 -0.2676767346516683 -0.3042270839214325 0.24554375105660647 0.9453747541331423 -0.2144174446372114 0.27318260073661804 0.3170885164403423 0.13069256895552256 0.9393478190539799 1.0060571432113647
0.9183700412051266 -0.29453885681446995 -0.2642788853528012 -0.3018821179866791 0.24415915102110525 0.9473130325176845 -0.20732662008242306 0.27333852648735046 0.31142057798024037 0.12587644834747055 0.9418982659299673 1.00823175907135
0.9119255359859134 -0.3077746140305343 -0.27141592395281444 -0.31261834502220154 0.25284298195765176 0.9423743132560946 -0.21909148817301557 0.2830967605113983 0.32320619315162713 0.13116951121910783 0.9371938518977668 1.0055750608444214
0.9291873027543409 -0.27496413216849924 -0.2469932841616077 -0.288156121969223 0.23581877336353715 0.9556027829177377 -0.17667152404728848 0.26799675822257996 0.2846058019953728 0.10591528360297675 0.9527756767308198 1.0158404111862183
0.9401340853210981 -0.25302305952102405 -0.22831389131650032 -0.2695406377315521 0.2229780300790974 0.9633072924838161 -0.14939832110684825 0.25486668944358826 0.25773765677430127 0.08954547223684808 0.9620566036789999 1.0212079286575317
0.9575724715814499 -0.2130992753396273 -0.19401974260141375 -0.23529204726219177 0.19563257191643085 0.9750022341328204 -0.10534960959287577 0.22804614901542664 0.21161960796380763 0.0629233047903124 0.9753244584442193 1.0303834676742554
0.9773156705299504 -0.15700038156274573 -0.1421441533294474 -0.1790829598903656 0.14979067304662028 0.9868868661840791 -0.06014206199996765 0.17252400517463684 0.14972252470765285 0.037485911253692314 0.9880171921847546 1.0359615087509155
0.9833595967026474 -0.13384390802319412 -0.12284018828496213 -0.15148839354515076 0.12807538200142782 0.9903069545971397 -0.05374785764778677 0.13947424292564392 0.1288433160780742 0.037120667580435064 0.990969957133105 1.0327709913253784
0.9754272645450965 -0.1602463886849465 -0.151204320359915 -0.17682752013206482 0.14965822186270483 0.9855721690906789 -0.07905641114285508 0.16187641024589539 0.1616912743810382 0.05448480914280396 0.985336154498407 1.0277764797210693
0.9621141683688926 -0.19846638869043687 -0.18694228944786712 -0.2129506766796112 0.17968371550915202 0.9772440333889623 -0.11272915144938594 0.19577118754386902 0.2050611845392975 0.07486782864387681 0.9758815086010652 1.0233509540557861
0.9480538849081909 -0.23318754727368085 -0.2163732864911281 -0.24904140830039978 0.2060073548918726 0.9683446796413709 -0.140959395361589 0.22997459769248962 0.24239389645975204 0.0890626139675654 0.9660812852717537 1.0206971168518066
0.9404539483154273 -0.24944003530256167 -0.23092431635966781 -0.2585237920284271 0.21482562327253593 0.96262722155893 -0.16492053813670615 0.23422500491142273 0.26343181790263986 0.10549171105822042 0.9588926823240017 1.0131423473358154
0.9181008288722852 -0.2929166122907826 -0.26700323269225473 -0.29724225401878357 0.2408703226423411 0.9473359712678885 -0.2110356491498555 0.2721657454967499 0.31475761419574505 0.12943884960095164 0.9403048593513621 1.0094280242919922
0.9194866207865272 -0.29169553091645756 -0.26354899248135827 -0.29843565821647644 0.24072468696376761 0.9477897074062623 -0.20915615128641957 0.2662298381328583 0.31079893706505685 0.12887353404837426 0.9416982706478298 1.0007054805755615
0.9560174952999323 -0.21541702508803623 -0.19906293975188993 -0.23652967810630798 0.19553851439479242 0.973945462842383 -0.11486916382134069 0.22420796751976013 0.21862122053616334 0.07089245877353109 0.9732312270063685 1.0273566246032715
0.9656285563847937 -0.19086862927860296 -0.17643882070430478 -0.2093193233013153 0.17570197353235903 0.9795471511590119 -0.0980622004296124 0.193821519613266 0.19154714195480121 0.06369101203129456 0.9794146963341811 1.0248881578445435
0.9738862457740175 -0.16710719334840296 -0.1536904883960287 -0.18811723589897156 0.15800316153428057 0.9849725212846154 -0.06974333845895302 0.18259862065315247 0.16303552139752367 0.043638494995216194 0.9856546558086104 1.0342317819595337
0.9713982054093679 -0.16580031526191258 -0.1699875936252683 -0.17966708540916443 0.1506344948394655 0.9836578347068449 -0.09862308646711523 0.1660868227481842 0.1835613671008091 0.07019629391137003 0.9804987021047963 1.0227762460708618
0.9522278831114144 -0.21290425082874662 -0.21893797889860206 -0.21863660216331482 0.18023526979632623 0.970540449377045 -0.15989522708464166 0.1889629065990448 0.2465305379594992 0.1127963479109753 0.9625485326732082 0.9970148801803589
0.9290259353862368 -0.26774188876377664 -0.25539203664353616 -0.2663334310054779 0.21805934239557995 0.9537961397271839 -0.20669554188595718 0.23341426253318787 0.2989329934512668 0.13633489957720907 0.9444849710734085 0.9975507259368896
0.9552857439298694 -0.21730937359305766 -0.2005137990088185 -0.23536762595176697 0.1959776238240102 0.9731198810815567 -0.12095647152637855 0.2194826304912567 0.22140893930609645 0.07625177501153517 0.9721953242033925 1.0229461193084717
0.9345803549756089 -0.26122421590271777 -0.24149838326513792 -0.2839526832103729 0.22022963671304213 0.957951088773779 -0.18392557905406465 0.242063969373703 0.2793894543587976 0.1187081317481738 0.952811582764374 1.0214154720306396
0.899049204332408 -0.3294448699893727 -0.28840354683489794 -0.3415932357311249 0.2686264360417756 0.9351717513071649 -0.230854138833558 0.32051536440849304 0.3457605617313196 0.13007641290708766 0.9292630202243426 1.0009204149246216
0.9377923082088929 -0.24713799936161096 -0.24386142773259062 -0.2504722774028778 0.20556725525037028 0.9612578214101315 -0.183645049883402 0.22629711031913757 0.27979937496904145 0.12209099086086764 0.952263671320893 1.007382869720459
0.9258233250510786 -0.276048797790476 -0.25816318875819216 -0.2839148938655853 0.2274643799570304 0.9524542016875593 -0.202709026780945 0.24946853518486023 0.30184619699795584 0.12894981553359064 0.944595584592541 0.9877057075500488
0.9730042106848473 -0.16446625612049284 -0.16190632040555097 -0.18211576342582703 0.1518741999763558 0.9845296558625488 -0.08738182939669124 0.1683196723461151 0.17377293624468215 0.06043349505761699 0.9829296817697704 1.0225882530212402
0.9693213611843475 -0.1756188947892703 -0.17197122592084826 -0.18915149569511414 0.15959784600153817 0.9817902073808371 -0.10303648015514982 0.16959187388420105 0.18693481832819034 0.07242922396442256 0.9796986175413939 1.0183368921279907
0.9495939294947637 -0.22766098796374634 -0.2155036974765508 -0.23910090327262878 0.19895284413108755 0.968932268761993 -0.14692863697689548 0.2154606282711029 0.2422584051768792 0.09664746820847456 0.965386001561058 1.017124056816101
0.9566914879073606 -0.2119801411115267 -0.19951395124135454 -0.22638580203056335 0.18917790978032256 0.9736488732653933 -0.12735615430821595 0.20464429259300232 0.22125350938854846 0.08409691649143392 0.9715835492740108 1.0191715955734253
0.9362446390741418 -0.2533985955569402 -0.24338267722806384 -0.2585507333278656 0.21076386584504936 0.9592886551854938 -0.18799965129344434 0.2244933545589447 0.28111308873650775 0.12471739173899074 0.9515361283413485 0.9946539402008057
0.944421228904445 -0.23732941814119038 -0.22747151399544974 -0.24958214163780212 0.2048157588321687 0.9660383619115112 -0.1575448769377395 0.2275063693523407 0.25713624273645475 0.10219897553345918 0.9609559417950913 1.0120853185653687
0.9303335031512968 -0.26662622621877685 -0.25177376433332066 -0.26714226603507996 0.21976592151380595 0.9549858710393625 -0.19926094915055126 0.2364698350429535 0.2935685825414983 0.1300478435327727 0.9470507091687602 1.003123164176941
0.8846872485559597 -0.35425596970378725 -0.3030365987330817 -0.34980663657188416 0.27281120729716657 0.9205229882632151 -0.2796631424625401 0.30561527609825134 0.3780244931423728 0.16474263567209896 0.9110199485062126 0.99640953540802
0.960678868575093 -0.19864588063915023 -0.19399980819159438 -0.21477660536766052 0.17755228664482503 0.9766660580452102 -0.12082465216015975 0.1940925419330597 0.21347434735928536 0.0816285805801264 0.9735324739586249 1.0180611610412598
0.9714626914859128 -0.16807112436060173 -0.16736886271678283 -0.18092021346092224 0.15216236011196815 0.982888318191755 -0.10381315006943401 0.15542206168174744 0.18195289284895108 0.07538336101784168 0.9804134299700059 1.0092413425445557
0.9719600423366314 -0.17287015867593464 -0.1594038404190173 -0.19079932570457458 0.16164481122243035 0.9835205410353086 -0.08098333388098615 0.17983856797218323 0.1707765531501301 0.052945760934862376 0.9838862308687879 1.0301958322525024
0.9685992046908031 -0.18046885313550698 -0.171016296651223 -0.1983848512172699 0.16663086898112783 0.981699247775563 -0.09219945997395208 0.1866907775402069 0.18452570058108034 0.060807729482763875 0.9809447924629667 1.0287120342254639
0.9588443254917687 -0.2052446770221236 -0.19619424565037477 -0.21874842047691345 0.18362201932281932 0.9752868858265842 -0.1228757272796126 0.20028671622276306 0.2165652638168125 0.08179311027689157 0.9728357382514208 1.0187313556671143
0.9417697513335624 -0.24724178040331396 -0.22790620328573621 -0.2598284184932709 0.2158820302032785 0.9642096774573515 -0.15393065624787286 0.24297139048576355 0.2578074562700439 0.09576638199592549 0.961438565676965 1.0171400308609009
0.9105432831547868 -0.3090272558668785 -0.2746144290329414 -0.31698891520500183 0.25367755968266437 0.9421500325513449 -0.21909133227252087 0.2902286946773529 0.32643318644885033 0.12982862278745266 0.9362616640074309 1.0131701231002808
0.6438422579677215 -0.6757259645429515 -0.3589729344916185 -0.627659022808075 0.39086779369544356 0.693771827167036 -0.6048991814186631 0.563119113445282 0.6577913914811307 0.24914869590630054 0.7107991366212453 0.9657182693481445
0.07813803479532117 -0.5437154972957143 0.8356242609682887 -1.1337823867797852 0.032864352273164865 0.8391362376066469 0.5429275357587104 40.210079193115234 -0.9964007135023489 -0.014961040599987208 0.08343731417162842 12.842609405517578
-0.029581778536287684 -0.37662782257857774 0.9258922192341559 36.68987274169922 0.27385750875513803 0.8878000605410326 0.3698825724493776 -26.997652053833008 -0.9613152361619264 0.2645043208778618 0.07687965244381373 54.31356430053711
0.9609276368829579 -0.19112521825926862 -0.20022294478875627 -0.20362147688865662 0.16617946645187134 0.9768250622849445 -0.1348969333298053 0.17738577723503113 0.22136499633931686 0.0963532492309497 0.9704192855453425 1.0069020986557007
0.9572163173786602 -0.2025821907169418 -0.20663343811774665 -0.20950576663017273 0.17369155783451365 0.9733613744808304 -0.14966254509999583 0.17641517519950867 0.23144797359461977 0.10736894650276267 0.9669042066543256 0.999082088470459
0.9400943873802244 -0.24069674534915317 -0.2414282907915421 -0.2468782365322113 0.2014067648921065 0.9635054468477482 -0.17633085081861552 0.22688159346580505 0.27505973509748066 0.11714235217480487 0.9542640155926754 1.0045828819274902
0.9375942750487304 -0.24133961567702958 -0.25034409380033146 -0.23943480849266052 0.19348007753880356 0.9602716795874439 -0.20110634246061887 0.20409271121025085 0.2889332708280998 0.14011956068719605 0.947039636826993 0.984785795211792
0.9247214243211673 -0.2744143494060312 -0.26379357884811216 -0.26790758967399597 0.21741173495205177 0.9496214709264014 -0.22572372374368538 0.22400984168052673 0.31244587516331424 0.1513797436767596 0.9377962189611282 0.9805411100387573
0.9172814830434716 -0.2970608452326568 -0.2652348677968808 -0.3014422357082367 0.24539718529512838 0.9461742630676789 -0.21103195340413 0.2727876603603363 0.3136477360268965 0.12848781318862112 0.9408060265257702 1.0074522495269775
0.9247733947731969 -0.2838632236708998 -0.2534084421774893 -0.3021436631679535 0.242993885830052 0.9530298541044915 -0.18079841989017353 0.28119155764579773 0.2928278329818887 0.10562086646461745 0.9503136812644521 1.017469048500061
0.9527102206451973 -0.22184345994909618 -0.20767454046173447 -0.23643752932548523 0.19727990290773903 0.9713400253993949 -0.13258655650485524 0.2189711034297943 0.23113605384468236 0.08534655432362728 0.969170826159244 1.023349642753601
0.9484639311392149 -0.23133863221356346 -0.21656086574795538 -0.24519583582878113 0.20334845694711282 0.9684660437442358 -0.14395460107831126 0.2247137725353241 0.24303410539505468 0.09249842895933501 0.9655974649173847 1.0200775861740112
0.9604626009974986 -0.20368144359553797 -0.18980374501035874 -0.22374364733695984 0.1849992126089408 0.9763793770426688 -0.11161811421020229 0.20448574423789978 0.20805500094732526 0.0720914809156222 0.975456782722946 1.0219452381134033
0.9624909140290213 -0.19686709175128597 -0.1866938365264615 -0.21210619807243347 0.1783174138975206 0.9776248950929431 -0.11159061069557602 0.19617733359336853 0.20448506134306904 0.0741141867654366 0.9760599095381485 1.026697039604187
0.9586369131044182 -0.20777011146101557 -0.1945426678574874 -0.22366246581077576 0.1863541342937897 0.9747815239329229 -0.12277262410904081 0.19983574748039246 0.2151450800395949 0.08144053893783366 0.97318037030772 1.0177640914916992
0.9639206975304607 -0.19450389053180062 -0.18172816358611923 -0.21225294470787048 0.17795679814222382 0.9785840576085415 -0.10346313444590031 0.19748851656913757 0.19796026588019575 0.06739049459972803 0.9778907169874588 1.0259310007095337
0.9485620885466496 -0.23205907404544224 -0.21535679772226787 -0.2427215278148651 0.20358222934109477 0.9680465039990849 -0.14642486807799862 0.21979007124900818 0.24245461445088592 0.09505026169517553 0.9654953172766559 1.0155681371688843
0.9285028605759269 -0.27567070870753924 -0.24877318638270474 -0.2904072701931 0.23634207154878367 0.955473106784891 -0.17667361836691411 0.27166804671287537 0.28639983086299214 0.10524638982649928 0.9523120992144005 1.0174720287322998
0.9355594494970163 -0.2609332288751024 -0.23799656830646365 -0.27211233973503113 0.22420498759530363 0.9594907259973949 -0.17061556277896117 0.2480127513408661 0.2728747698015145 0.10626098434423303 0.9561631467547602 1.0127577781677246
0.9395337697940185 -0.2539557895810487 -0.22974497242574643 -0.27041420340538025 0.22346451639948678 0.9630020286367195 -0.15063433457186018 0.2558726966381073 0.2594993358892935 0.09018619506238038 0.961523033989923 1.0218654870986938
0.9357443165883963 -0.2578893691735908 -0.24057357967940504 -0.2676498591899872 0.2211605603792752 0.9604262817976434 -0.16932029932964054 0.2521401345729828 0.2747190938126446 0.10523512008641173 0.9557483920965593 1.019446849822998
0.6746008494601974 -0.31233058640153893 -0.6688522248640957 -0.4310407340526581 0.149358941297006 0.9450905416336832 -0.29068156936618583 0.6976801753044128 0.7229146564859626 0.09619497342700395 0.6842082479224876 1.128983736038208
0.17375921414945264 -0.978553127995998 -0.11064136291375004 -1.2006406784057617 0.2746530076180851 0.15604636182226272 -0.9487967423892091 1.242206335067749 0.9457132022471212 0.1344741932538841 0.29587705291930344 1.0470764636993408
0.8326877485055622 -0.4269758489332739 -0.352594296488823 -0.3947378098964691 0.28658978572356 0.8771343794889591 -0.3853590209628454 0.33761700987815857 0.47381157458177603 0.2198338116537783 0.8527459686484067 0.9651849269866943
0.8122899830131873 -0.13959341667651473 -0.5663026236183376 -0.261728972196579 0.07340388717060559 0.9876839106199014 -0.1381751137174256 0.5106067061424255 0.5786163261131513 0.07066944688587451 0.8125324463873204 1.107375144958496
-0.5383550716767039 -0.4399277010305642 -0.7187749541170265 -0.644772469997406 -0.2410913838625799 0.8976772475452311 -0.3688502458543902 1.9674980640411377 0.8074953630995023 -0.025281952171073818 -0.5893318771857013 1.4388911724090576
0.34227552451673277 -0.43415512459808825 0.8332807408682944 -2.4030561447143555 -0.6824996734122971 -0.7244086089865159 -0.09708945884249479 2.5752737522125244 0.645787628488579 -0.5354824880530074 -0.544258067353767 1.0965259075164795
0.11627619173934328 -0.28433799717681735 -0.9516468623371127 -0.5161451697349548 0.021034765556581403 0.9586361218058634 -0.28385616887253506 1.2174956798553467 0.9929941519830693 0.012988045676300825 0.11744754061680124 1.2870914936065674
0.019842811798616217 -0.9891466564608339 0.14558555846057714 -1.544090747833252 0.06853930252833085 -0.1439258874924262 -0.9872120860881151 1.6653220653533936 0.9974510648793027 0.02956739626465127 0.06493952763359498 1.1068689823150635
0.9207640211954179 -0.2836082033756535 -0.2678805783368371 -0.2861938178539276 0.22910147607681638 0.9488795485410928 -0.21711774690217345 0.2524361312389374 0.31576277635508 0.13854237380125362 0.9386692067656454 0.9902834892272949
