0.9385238233379658 -0.2502631020666233 -0.23778438294193657 -0.2619722783565521 0.2150204446386681 0.9626557678328762 -0.16449948645963813 0.24619433283805847 0.2700726595093922 0.103258183220925 0.9572870552678739 1.0100154876708984
0.9420310904467526 -0.2378164174162624 -0.23668708507013342 -0.24412080645561218 0.20081527265652963 0.9647493587300421 -0.17009380088015102 0.22532638907432556 0.2687948118911267 0.11270326719872341 0.9565810591179126 1.0055553913116455
0.9364174706956082 -0.2504935786785099 -0.24571383277478095 -0.2548193633556366 0.20830393682905982 0.9603693823880707 -0.185202913781266 0.22935757040977478 0.28236818248087886 0.12224408538816575 0.9514854665784739 0.9971585273742676
0.9315134376736867 -0.26232263750646156 -0.2519316361337024 -0.26567384600639343 0.2174919858491667 0.9569436349812445 -0.1922397346030956 0.24112698435783386 0.29151320986318363 0.12428078419665814 0.9484589264458041 0.9978821277618408
0.9171077046008449 -0.29483771166252976 -0.26829868047266375 -0.2967089116573334 0.24237672166774357 0.946757229622414 -0.21190628341625165 0.2742069661617279 0.3164916791250075 0.12931153057362896 0.9397401476500505 1.0025988817214966
0.9325039281947491 -0.26364036055140233 -0.24684040226366674 -0.27968260645866394 0.22647627482780058 0.9592496908233729 -0.16896309536518936 0.26667293906211853 0.2813270709360988 0.10165525536631206 0.9542123915643336 1.0138863325119019
0.9454986739485581 -0.23108432476569513 -0.22941728881908813 -0.24005553126335144 0.19741820894022472 0.9670917001085735 -0.16049826902475525 0.22111722826957703 0.258956190002 0.10645975027535841 0.9600041735487177 1.0043129920959473
0.9476752512089687 -0.2276173131515566 -0.22383470910402614 -0.23707374930381775 0.1961148926956719 0.9683491035658847 -0.15439871270872826 0.2175903022289276 0.2518939600486341 0.10242251889508244 0.9623196249241742 1.0038845539093018
0.957252468469994 -0.20345592111399866 -0.205604960474589 -0.2180754840373993 0.1791115683872083 0.9750715924117653 -0.1309749431817336 0.20208671689033508 0.22712718392560885 0.08854986072963812 0.9698309978995228 1.0124748945236206
0.9616588465797948 -0.19392587502152248 -0.19392013250809081 -0.20847365260124207 0.1729329953605258 0.9775914861629792 -0.12003776612922261 0.19201549887657166 0.2128530993677447 0.08190019034650915 0.9736456834551009 1.0111497640609741
0.9691666846374595 -0.1733887954228605 -0.1750778769880544 -0.18869444727897644 0.15790706602606064 0.9824892377481386 -0.09889517788104038 0.17829862236976624 0.1891594456744791 0.06819987779234449 0.9795751532073651 1.0188771486282349
0.9569596930231482 -0.20436149686613553 -0.20606922265994665 -0.21251794695854187 0.17848868371463023 0.9743077352151237 -0.13735438429768154 0.19515487551689148 0.22884478520355428 0.0946615851262219 0.9688494457791316 1.013893485069275
0.937802693783113 -0.24852071701619066 -0.24241196494169892 -0.2579716145992279 0.20911587628904593 0.9617415813522161 -0.1769849738876246 0.23353299498558044 0.2771220991133717 0.11528479479921541 0.9538934732301618 0.999004602432251
0.9625582302027208 -0.19176984730406446 -0.19158804538379287 -0.20565137267112732 0.17162223234244098 0.9782043643945952 -0.1168846903797224 0.19139161705970764 0.20982722138655813 0.07962755267080715 0.9744906310585314 1.0124419927597046
0.9561297768077182 -0.20446282875087315 -0.20978751526440964 -0.21417149901390076 0.1778093244649148 0.9741877311272927 -0.13907590968384465 0.19799545407295227 0.23280827741932725 0.09567244211500703 0.9678052953899338 1.009009599685669
0.9560290502655694 -0.20632124116022232 -0.20842264870790506 -0.22044596076011658 0.1811618729144105 0.9743450756504871 -0.1335366966709504 0.2049548327922821 0.2306270384201653 0.08990672389622378 0.9688797397756812 1.0070247650146484
0.9649001755199829 -0.18854291079727897 -0.18280925050334754 -0.2023971974849701 0.1705771890132055 0.979229379886166 -0.1096049458560523 0.186050683259964 0.19967742453732604 0.07457474341789114 0.9770197202586529 1.0143027305603027
0.9715672586262253 -0.17050218914740373 -0.1642743603288857 -0.19001206755638123 0.158590449884511 0.9838342773473242 -0.08318163211849607 0.18210157752037048 0.17580139695392077 0.05476420557637414 0.9829011906680339 1.0292842388153076
0.9604660111902477 -0.1949341056641307 -0.19876049858364672 -0.20269498229026794 0.17074940389265444 0.976369675507164 -0.13246470405484484 0.18285933136940002 0.2198856121227523 0.09328960927648904 0.9710547700219807 1.00885808467865
0.9051248136953819 -0.31309728376376333 -0.28760939228866167 -0.3035303056240082 0.24447044411865515 0.9367636809138318 -0.2504156705823259 0.2725984752178192 0.34782649925692455 0.15634544131672626 0.9244310841778042 0.9971145391464233
0.8693122780853301 -0.3762327551539783 -0.3205387295153901 -0.3614952266216278 0.2766022686508462 0.9077718604322125 -0.3153433595061816 0.3117912709712982 0.40961853979928553 0.18547011445698308 0.8932040575904336 0.9803577661514282
0.9289972813680946 -0.257916317467915 -0.26541142476253465 -0.2462744414806366 0.20095119527017927 0.9537723594467246 -0.22346566509178512 0.2130955159664154 0.3107775222408712 0.1542642523049889 0.937880521244901 0.9873577356338501
0.9106762656208052 -0.29551979032386116 -0.2886811264386459 -0.2883809506893158 0.2248420475569272 0.9407700025265925 -0.25376732649520367 0.24466261267662048 0.34657581116597397 0.16619222566972236 0.9231821874590036 0.966278076171875
0.9045249394525307 -0.22592254282496213 -0.36165403157147147 -0.24945339560508728 0.14588073315678105 0.9608878740610597 -0.23540030836015724 0.26249369978904724 0.40069120978882955 0.16016709439182636 0.9021047922897006 1.0134483575820923
0.8082655159051492 -0.4665052342831466 -0.3592766652386561 -0.4186513125896454 0.3002659179985431 0.8514215654479734 -0.43002522760718837 0.3482787311077118 0.506504920298979 0.23969602474081303 0.8282503132727305 0.9380836486816406
0.8484627529973496 -0.4053905257419549 -0.3402491416812383 -0.3612067401409149 0.2739331324982235 0.8864449790720877 -0.3730629142619191 0.30234000086784363 0.45284831422438654 0.2233244740653087 0.8631654439257772 0.9577802419662476
0.8004508756248001 -0.4750078867271753 -0.3655761251209849 -0.40533968806266785 0.28989417177139454 0.8406210803793669 -0.45751236966316366 0.32966575026512146 0.5246329811253465 0.26023778889471294 0.8105778977659845 0.9346846342086792
0.7238887416081019 -0.5862672893448216 -0.3636973401295552 -0.5550526976585388 0.34654786586855435 0.7648166162409693 -0.5431023109724943 0.4401955306529999 0.5965648887044801 0.2671071114103639 0.7568118158426322 0.9487323760986328
0.6595228781848513 -0.650493961639143 -0.37667914598738095 -0.6115486025810242 0.3744293896426966 0.7188160868745839 -0.5857525633081839 0.5553421378135681 0.6517915351725329 0.24527747373398062 0.7176397115239018 0.9528591632843018
0.8856550499578244 -0.3409047470227763 -0.3152762057966642 -0.31750354170799255 0.24737661538456554 0.920996734281925 -0.3009482108318742 0.2770836055278778 0.392963029616121 0.18854434199775486 0.9000172711984773 0.9682804346084595
0.8356515831026139 -0.4249083328287976 -0.3480507726621894 -0.3807397782802582 0.28347418896455057 0.8763975549828564 -0.3893195471729638 0.32225868105888367 0.47045596589796324 0.22667208542898065 0.8528135492816068 0.9450398683547974
0.7880811481057354 -0.49459715410160954 -0.3664720441656292 -0.4374534785747528 0.31157855304650417 0.8339450294794123 -0.45547172589308893 0.37569770216941833 0.5308925590755562 0.24476385141840495 0.8113222219051048 0.9405379295349121
0.8565718834903444 -0.39322485899508874 -0.33415388473291197 -0.37635180354118347 0.28313917972788094 0.8995136678255293 -0.3327271649536386 0.3355937898159027 0.43141257899698093 0.19039267754657913 0.8818354806991028 0.9668042659759521
0.9171643062685298 -0.2882152452645713 -0.2752119323431484 -0.2872065007686615 0.22749346799709344 0.9456836164093679 -0.2322266558204619 0.24720236659049988 0.3271946780215444 0.15038108275971027 0.9329143436684825 0.9815462827682495
0.9657584401461506 -0.18332411994234696 -0.18358350234658283 -0.19834229350090027 0.16474225310860033 0.9799642840458672 -0.11193744697451595 0.17937681078910828 0.20042610939489808 0.07786057437390691 0.9766100069275296 1.0084866285324097
0.9532150582327992 -0.20742545683899488 -0.2198993692882621 -0.24740323424339294 0.1802433349558863 0.9739765003570893 -0.13741221545458338 0.21821758151054382 0.24267960969603808 0.09134799728122629 0.9657961226006696 1.0389901399612427
0.9140967742165516 -0.3020651164825127 -0.27052495776046465 -0.31092652678489685 0.24955897648206984 0.9449085630978645 -0.21182097309178582 0.2846164405345917 0.3196050760299605 0.12611293664305562 0.9391209307576678 1.0081933736801147
0.9342943207096019 -0.25965924706053717 -0.24427688737524597 -0.26850470900535583 0.2206319436462415 0.9593619583738345 -0.175915258769678 0.24956724047660828 0.28002797669637475 0.11046134274521562 0.953615553578201 1.0101550817489624
0.9300407014799857 -0.2696579164844325 -0.24961751073971328 -0.28036007285118103 0.22905809795775076 0.9566273135228067 -0.17999047414270303 0.2624206244945526 0.28732678495154873 0.11022155460440763 0.9514696671728395 1.0157990455627441
0.9430692030951198 -0.24089601531937227 -0.2293241984108618 -0.2539844214916229 0.20901888911745725 0.9655900227837144 -0.15474822096764063 0.23827096819877625 0.2587113877772675 0.09800519222875066 0.9609700308181134 1.0103423595428467
0.9533142693176483 -0.21771931042827047 -0.20926109476440277 -0.23311981558799744 0.193781918772493 0.9725219141841883 -0.12903369477920423 0.22267493605613708 0.2316041274938961 0.08245864598791508 0.9693090837445146 1.0196696519851685
0.9318665752282989 -0.2686185251400523 -0.24386220273725126 -0.29253432154655457 0.2276293504159997 0.9562941237578103 -0.1835386272572393 0.2538381516933441 0.2825058668443386 0.11552331720421155 0.9522839904044716 1.021653652191162
0.9096101375006079 -0.31214890739266987 -0.2741759605977294 -0.3297059237957001 0.261257381956019 0.942875892021155 -0.2067114719090313 0.30852314829826355 0.32303866352127586 0.11639635672508761 0.9392006761132118 1.0129809379577637
0.972023799150718 -0.17092296243020821 -0.16110578760145874 -0.19102820754051208 0.1605485391008445 0.984140100221514 -0.07544819234794914 0.18832740187644958 0.1714464945024812 0.047472139725002506 0.9840490310308428 1.0313087701797485
0.9730901782857396 -0.1611522280338765 -0.1646981005462564 -0.17700251936912537 0.1481415616972864 0.9849964817134036 -0.08852123310316794 0.16869774460792542 0.1764924435258246 0.06174050867893609 0.9823637447332579 1.0227476358413696
0.9732427741662365 -0.16382729019933792 -0.1611183463145966 -0.18147024512290955 0.15170904815867572 0.9847703238161287 -0.08492216458537816 0.17016026377677917 0.17257713417482912 0.05820677208898781 0.9832746841259487 1.0170183181762695
0.977126666770014 -0.1513241842921964 -0.14941374881591127 -0.16839799284934998 0.14161267324840116 0.9871757138574527 -0.07368826735288952 0.16067448258399963 0.15864844109654655 0.05084389066870023 0.9860251370625932 1.0304102897644043
0.965168694669757 -0.17985562406650507 -0.1900035402857674 -0.1913265883922577 0.15852220753323776 0.9797659549133517 -0.12218585561151112 0.1721855103969574 0.2081348133981106 0.08781018212243928 0.9741505383498782 1.00954270362854
0.9528339158938919 -0.21661000203599 -0.2125738359730105 -0.22780629992485046 0.18837426910524824 0.9712804417470665 -0.14535968567208393 0.2027888000011444 0.23795517111711506 0.09846019752972218 0.9662726975554223 1.002537727355957
0.9564641548051708 -0.20505353541755572 -0.207676113661615 -0.21695098280906677 0.17995147466948502 0.9745755245445431 -0.13349162416798627 0.20321771502494812 0.22976898689141775 0.09030833057636725 0.9690462414618828 1.0171657800674438
0.9498560566604923 -0.22244275890548823 -0.2197559797500265 -0.23295244574546814 0.19205530226918802 0.9696400429652199 -0.15137023468534685 0.2108231484889984 0.2467554102662595 0.10157463309764395 0.96373977889024 1.0019323825836182
0.9557694145445182 -0.2139984312759007 -0.20176594765391442 -0.22927400469779968 0.1913984254992743 0.973420089206408 -0.12577747272777867 0.2121504247188568 0.2233192086176809 0.08159657677158991 0.9713241115722034 1.0186679363250732
0.9424180864062475 -0.24657883489253377 -0.22593589488487156 -0.26114246249198914 0.21663001373415883 0.9647678048005055 -0.14931349560556217 0.24569997191429138 0.2547932251138662 0.09177124279127231 0.9626310048157707 1.0221720933914185
0.9417655858716064 -0.23759223665081153 -0.23796535535908317 -0.24722084403038025 0.20014045755919785 0.964707396334271 -0.1711240389482044 0.2252800166606903 0.2702246815446452 0.11353223569196731 0.9560800452592234 1.0114823579788208
0.9379219077300301 -0.2474391859039855 -0.2430562574369029 -0.24841424822807312 0.20076557517022064 0.9587351845418148 -0.20129587613297734 0.19965717196464539 0.28283507354398535 0.14000248283778888 0.9488960037710261 0.9845401048660278
0.9550249772441662 -0.21720123155906074 -0.2018685657773573 -0.23720857501029968 0.1955423759422535 0.9730893468166266 -0.12190283968328786 0.21953853964805603 0.2229135977248547 0.0769463977143717 0.9717966761767317 1.0221316814422607
0.9721298589020078 -0.16718978021860145 -0.16435058509667128 -0.1827685534954071 0.15351899673607425 0.9837860231895698 -0.09271989116689244 0.16616275906562805 0.1771876267472186 0.06490483778045289 0.9820345752367283 1.0248407125473022
0.9520473420827356 -0.2235371047786429 -0.20889476111281619 -0.2392955720424652 0.1986902146623463 0.9709340483553426 -0.1334513856868325 0.2201835811138153 0.23265437247262138 0.08554669211306191 0.9687898154078022 1.0216312408447266
0.9299970054437111 -0.2644858352411892 -0.255250490347229 -0.2653885781764984 0.21628204144724977 0.9552491516166589 -0.20179478903842846 0.23531600832939148 0.29719967768007494 0.13246245238717363 0.9455823868359835 1.0048304796218872
0.8723393021920967 -0.37481691237259435 -0.3139051195034598 -0.36557337641716003 0.2818155056144936 0.9101639221655916 -0.30361432045177783 0.31648775935173035 0.3995048968989664 0.17639137447058592 0.8996009784154997 0.9821697473526001
0.8798684624173915 -0.3661052788015864 -0.30298253031629946 -0.37831947207450867 0.28282016723093395 0.9157757188089232 -0.28525004092456496 0.3213082253932953 0.38189559024780745 0.1652929450206877 0.9093041298023814 1.0148942470550537
0.8436118607675204 -0.4204718314445379 -0.3339497976253888 -0.40943238139152527 0.30881218635479635 0.8887131165827201 -0.33885694617729056 0.36956390738487244 0.4392653661866964 0.1827359717611855 0.8795757515378438 0.9977583885192871
0.8752493474011183 -0.37143053707298884 -0.30980306002941266 -0.366060346364975 0.2828615142364234 0.9126486532575986 -0.29506236539241915 0.31675323843955994 0.39233651835865907 0.1706217800773479 0.9038585423203361 0.9909323453903198
0.9234393606171734 -0.2849921754570548 -0.25698094713655595 -0.29582616686820984 0.23922352906804423 0.9511431269261152 -0.19518928054952805 0.26797255873680115 0.3000530793096059 0.11876957535272686 0.9464998349536867 1.0111234188079834
0.9402997838208437 -0.23791983333289338 -0.24337310749818514 -0.24522098898887634 0.19696932048780844 0.9635644445121784 -0.1809603494097767 0.21961542963981628 0.27755972930712763 0.12221994182123348 0.9529023467744051 1.0065913200378418
0.9346029590867185 -0.24416085470365215 -0.25865572852100427 -0.23302969336509705 0.18761482732932108 0.9561956765721825 -0.22470092271918923 0.18441739678382874 0.302188658676229 0.16147849743866233 0.9394715053860938 0.9696632623672485
0.9431095530283717 -0.22941794018038034 -0.24064866446755112 -0.23054704070091248 0.18572314637852552 0.9638560346929848 -0.19101952069141062 0.19163009524345398 0.27577397245912344 0.13545830764226643 0.9516300557489804 0.9835494756698608
0.958699687826351 -0.20169376127623606 -0.2005356208355562 -0.2127825915813446 0.17694002190568736 0.9749612030055507 -0.13469551322142972 0.18785539269447327 0.222681694823962 0.09364976933348088 0.9703826995026827 1.0080382823944092
0.9570359357246667 -0.20720950526387602 -0.20284584950131807 -0.2205389440059662 0.1830391149172466 0.974254254151269 -0.13162572194850658 0.19956740736961365 0.22489753253853773 0.08884182121306554 0.9703237762013374 1.0149447917938232
0.954978040335692 -0.2029230150396175 -0.21642364113893026 -0.21135923266410828 0.17252805704758037 0.9733134928913836 -0.15131065424140255 0.18933835625648499 0.24135246426748608 0.10715920176450366 0.9645029255887232 1.0043721199035645
0.9294934176222376 -0.2588723264887562 -0.2627300994846822 -0.2740097939968109 0.20158203269448802 0.9530637697920253 -0.22590735889866728 0.20945212244987488 0.3088797026217336 0.1570177355845884 0.938050510377878 0.9960886240005493
0.7894684454371512 -0.49492981423647925 -0.36302073307029215 -0.4535309970378876 0.31756436977524544 0.8354862152568272 -0.4484592012269056 0.38159021735191345 0.5252546474885295 0.23876193812177676 0.8167620780839632 0.9589639902114868
0.9146977451006869 -0.29628629333109385 -0.27484989993056164 -0.2942030131816864 0.23379909204169297 0.9426760688853848 -0.23811722682594222 0.247030109167099 0.3296452937146209 0.15354563339580268 0.9315351409350497 0.9783997535705566
0.9458405530557753 -0.23494404959148524 -0.22402442223270844 -0.24677035212516785 0.20335335192268927 0.9667154437176354 -0.1552696529899589 0.22317060828208923 0.25304754979440525 0.10130421728323595 0.9621353299321665 1.0149911642074585
0.9351036797230585 -0.25196714225212197 -0.2491860096267334 -0.25264009833335876 0.2059719288382837 0.9586447972391948 -0.19640701936758784 0.22017404437065125 0.28836898706177216 0.13233560349173598 0.9483304357392761 0.9975308179855347
0.9412348337044321 -0.24277337623306305 -0.23481498166384218 -0.25064751505851746 0.2049527100864751 0.9631370457106576 -0.17424528059019762 0.22031936049461365 0.2684611227898748 0.11587976083918632 0.9562951984498581 0.9964643716812134
0.9603025176766884 -0.19301365412924393 -0.20140706011331883 -0.2035820186138153 0.1681560761619505 0.9765922406594062 -0.13413101629994698 0.18299344182014465 0.2225816897088117 0.09493853171140224 0.9702804061727996 1.0137972831726074
0.9498463019421101 -0.21846602883019833 -0.22375119426287138 -0.22261902689933777 0.1831164765771346 0.9685703819074943 -0.16834420482317372 0.1887538731098175 0.25349626958374355 0.11892859008133369 0.9599977248766751 0.9923044443130493
0.9524133833718348 -0.21999186043851957 -0.21097945045670552 -0.23145756125450134 0.19253408924395446 0.9707972023974958 -0.14312028610995933 0.20710620284080505 0.23630355827455396 0.09568893958025955 0.9669561805939243 1.0059067010879517
0.9449944711579721 -0.23767600532457273 -0.2247121847471077 -0.24597474932670593 0.205252490375469 0.965810789382959 -0.15836961295063431 0.22308918833732605 0.25467010950547886 0.10353567310072107 0.9614694481469747 1.0150068998336792
0.8880182124548398 -0.3488302415131219 -0.2995682175305121 -0.34003695845603943 0.26722581189021166 0.9217117952609571 -0.2811365005410021 0.2938421666622162 0.37418447296504487 0.16960197252013515 0.911713305326379 1.0089619159698486
0.8695521588568116 -0.324752627379176 -0.37204136065467336 -0.3411247432231903 0.2182852882460592 0.9285259758011417 -0.30031823986876466 0.31839999556541443 0.4429792048875359 0.17993121817200064 0.8782904876886387 1.0275599956512451
0.7338813413848188 -0.5721254205206647 -0.3661839427955187 -0.5062412619590759 0.33966951909722387 0.775927290347302 -0.5315651022128468 0.4180898368358612 0.5882540221396534 0.2657241864948432 0.7637721271087169 0.9551947116851807
0.6561198424563601 -0.6653606974815086 -0.35609253654346845 -0.5934440493583679 0.3632126950892375 0.692034470139568 -0.6238307705336918 0.48648330569267273 0.6615007864402382 0.2799704169828797 0.6957249996610576 0.9378373622894287
0.7159637903002289 -0.5899954757659025 -0.37323074572534487 -0.5252479910850525 0.33930195370173005 0.7612890754846114 -0.5525514706902657 0.43765661120414734 0.6101393571907321 0.26896892408520523 0.7452420296006717 0.9418087005615234
0.7890245679930735 -0.4961972105620529 -0.3622548265155086 -0.448320597410202 0.31346062347781734 0.8322663149665858 -0.45724743684447 0.36587902903556824 0.5283773922417967 0.24722683754474828 0.8122168566124326 0.9413297176361084
0.8994353950384741 -0.3247784359855512 -0.2924635663988999 -0.3212026059627533 0.24536696611331846 0.9289986205074189 -0.27704984215057565 0.2579343020915985 0.3616780641569656 0.17742753623407076 0.9152641407230909 0.9914638996124268
0.7988965709239287 -0.48489410561222357 -0.35586791834683507 -0.42766448855400085 0.30962674337882157 0.838797017392908 -0.4478290336695321 0.352431982755661 0.5156506072435223 0.24758285472803487 0.8202482437007124 0.9733567237854004
0.13523734978940022 -0.7107094137203374 -0.6903643881829613 -0.8231686949729919 0.07118990681010662 0.7019344380936281 -0.7086748491279704 1.206022024154663 0.9882524254411464 0.046692331998708425 0.1455230900655104 1.0755956172943115
0.39811579152220367 -0.8057015508348215 -0.43857590850731065 -1.0587153434753418 0.48793186794694404 0.5908449667391189 -0.6425143714508303 1.312941312789917 0.7768051935861753 0.041799955280038326 0.6283521743068384 1.2877957820892334
0.7582693936649003 -0.5416700728706403 -0.362796166996538 -0.4662477672100067 0.3224864048052684 0.7952754943922755 -0.5133608932660282 0.37281832098960876 0.5665951335361408 0.2722690216962575 0.777714301320045 0.9510183334350586
-0.398421692202881 -0.6212356763855981 -0.6747787708337609 -0.7079004645347595 -0.12410927076201175 0.7654413134623239 -0.6314241716595859 1.4866783618927002 0.9087667710106451 -0.16782678579654986 -0.3820695301592166 1.1813194751739502
0.6821733228678777 -0.1598355466862714 0.7135069415099609 -2.764327049255371 -0.5943755285575565 0.4471170574120329 0.6684340416399585 2.5759260654449463 -0.42586064460022993 -0.8800789367930045 0.2100089912217356 0.5773904323577881
0.22279265671893625 -0.27793419032898325 0.9344067732836115 -2.202728271484375 -0.7755896641806764 -0.6312310670613783 -0.002830687665446807 2.067161798477173 0.5906133294535637 -0.7240855790738594 -0.35619653177571786 0.6903455257415771
0.4980100998459869 0.7975614901553009 -0.3404138802584964 -19.45984649658203 0.6433709308431655 -0.07661889732391694 0.7617108309055778 101.58524322509766 0.5814290892253231 -0.5983520819668993 -0.5512848630322514 9.633312225341797
-0.5371815239717037 0.8290150202443104 0.15546738086416553 39.588539123535156 -0.724418919438108 -0.5478690503081458 0.41839781652701585 -23.20920753479004 0.4320338406462645 0.11213206465492404 0.8948592965448043 74.02741241455078
0.38782834825384627 -0.8611025442850028 -0.3287728402964396 -0.9724497199058533 0.4078400887312298 0.4801891764196234 -0.77658535710709 1.027696132659912 0.8265927862704803 0.16709507196604761 0.5374231132080807 1.0559914112091064
0.8992439975205846 -0.3144567456264447 -0.30410062159295925 -0.28377851843833923 0.22333819709604633 0.9277689630777303 -0.2989394602048392 0.22522851824760437 0.3761386481619329 0.2009022306488868 0.9045208737664461 0.9500641822814941
0.8396530977018372 -0.42174210419707003 -0.34222254903371985 -0.37151142954826355 0.2768664539195764 0.8744529883051613 -0.39834273928135366 0.2902770936489105 0.4672554357240889 0.23971977138233957 0.8510034012826804 0.9527655839920044
0.7691006174096904 -0.5221109571091493 -0.36862499747928285 -0.47968122363090515 0.32732943469378073 0.817156590181948 -0.4744581628608175 0.40472158789634705 0.54894415151551 0.24424425395243216 0.7993779224673001 0.9511301517486572
0.9146416830139299 -0.2865553926609139 -0.28516065407134145 -0.2713557183742523 0.21545510682654997 0.9423805132016756 -0.2559258980253982 0.2265300452709198 0.3420667897294412 0.1726411749111319 0.9236803213717927 0.9686118364334106
0.9108299225382033 -0.2962665784973298 -0.28742819394509017 -0.28346845507621765 0.22472804437265564 0.9399871083530879 -0.25675190788471675 0.24045822024345398 0.34624580615726247 0.1692641444473279 0.9227477938868354 0.9677369594573975
0.9341533640801809 -0.24602443132632476 -0.25851396783972747 -0.24424585700035095 0.19456337202352778 0.9583654385382272 -0.20899947483729714 0.20953330397605896 0.29916982910132406 0.14494021321217304 0.9431276413876833 0.985191822052002
0.9542303546911991 -0.19808244374947018 -0.2240709165959438 -0.19884243607521057 0.16007993332083595 0.9711436116802742 -0.17678942400661166 0.157599538564682 0.2526239203517852 0.13282857738766454 0.9584037374172036 0.9764251708984375
0.9743522077600499 -0.14951919046843026 -0.16817189692330153 -0.16089680790901184 0.13165942456952068 0.9848547808202691 -0.11281337073894294 0.12981238961219788 0.1824926605514287 0.08777854166665545 0.9792810405944435 0.9948526620864868
0.9762578261911229 -0.13690597891591694 -0.16786128123441038 -0.1434357464313507 0.11829058384781438 0.986141796756747 -0.11632581167702191 0.11637451499700546 0.18146072460322235 0.09370757507506677 0.9789233349961702 1.004755973815918
0.9440113036961848 -0.21428405983288257 -0.25084856028163177 -0.23674973845481873 0.1707919383316004 0.9679508910194049 -0.1841227481211249 0.1951800286769867 0.28226365741052223 0.13097104365575618 0.9503545724775346 0.984657883644104
0.9227749159002576 -0.2808922931835498 -0.26379153552636864 -0.28014323115348816 0.22602769223280916 0.948990380768913 -0.2198379847796651 0.24009951949119568 0.31208642541639525 0.14323678591116334 0.9391939555984464 0.9918512105941772
0.9404972104389075 -0.2419146855323343 -0.2386258202299683 -0.2518554627895355 0.20213235057717804 0.962788073416463 -0.17939241493764524 0.21761664748191833 0.27314375337316094 0.12048406787126374 0.9543982813178231 1.0060226917266846
0.9627632520081743 -0.18839798744577269 -0.193889450226224 -0.20215973258018494 0.16520926252384643 0.9776988356334253 -0.12965680227960075 0.17321589589118958 0.2139925703359154 0.09279647152466075 0.9724176030459348 1.0055574178695679
0.9847260807726936 -0.12313060408619134 -0.1230991477769882 -0.1398802101612091 0.11643520973247604 0.9913717631837603 -0.06020688578956014 0.12389852851629257 0.1294503293955079 0.044954215589780036 0.9905663686599211 1.0241491794586182
0.9742021536025667 -0.15783539875774105 -0.16130142843479509 -0.17660829424858093 0.1425252338077691 0.9844681746096596 -0.10251327186645127 0.14474841952323914 0.17497634595613545 0.07687912642394597 0.9815665429690079 1.0239179134368896
0.882236945562352 -0.35853568349388165 -0.3051395345516328 -0.3479784429073334 0.26941900545745856 0.9159810258229615 -0.29730818998243136 0.2924294173717499 0.38609761898142536 0.18008587949611896 0.9047086296830509 0.9898495674133301
0.607522144119343 -0.7139513708007823 -0.3481239499608153 -0.6159650683403015 0.35317525381976744 0.6353691341302092 -0.6867119508818609 0.514549195766449 0.7114661513339755 0.29424395240397405 0.6381507752715723 0.9476053714752197
0.44510831822509966 -0.8565236738466132 -0.26123893505204077 -0.765192449092865 0.34399088751041773 0.4328955044045242 -0.8332297111698239 0.6411191821098328 0.8267701339287836 0.2810136623131579 0.4873217286728839 0.8928661346435547
0.3338705579470085 -0.9158020430833512 -0.2232421743768706 -0.9015607237815857 0.2866172988153505 0.32424834309274475 -0.9015062595575263 0.7627672553062439 0.8979871795053342 0.23700132886962783 0.3707416830598971 0.9622294902801514
0.1307124174876138 -0.9880985209892841 0.08108992991323083 -1.0736827850341797 0.17152230620266185 -0.058019963775138794 -0.9834702752388866 0.9066037535667419 0.9764703591965624 0.14246050899221346 0.16189700734792917 0.859445333480835
0.26899787565460875 -0.95775011270483 -0.10175885468691803 -0.9291686415672302 0.27751662777032443 0.178246777294638 -0.9440405752376659 0.792094886302948 0.9222931552409436 0.22570513507220297 0.3137395859590304 0.8882443904876709
0.6972750622757813 -0.6093680108828781 -0.37746273304917244 -0.5860344767570496 0.36995231097124864 0.7569711172460485 -0.5386371833268684 0.5230458378791809 0.6139566557464287 0.23593506515122858 0.7532541867767796 0.9588015079498291
0.9593022320611224 -0.1925733177837935 -0.20653025163469532 -0.19683656096458435 0.16244343603116795 0.9745934673006826 -0.15420669111689422 0.160934716463089 0.23097912817598112 0.11438133926727505 0.9662119599624548 0.9988611936569214
0.9314631034365514 -0.25326415537760033 -0.2612159155511377 -0.2433147132396698 0.19615137362934149 0.954236535730913 -0.22573717571456475 0.19682464003562927 0.3064329054779706 0.1590279896028889 0.9385142369528512 0.9800510406494141
0.9367320102936999 -0.24338653435733673 -0.25158723295240615 -0.2377772033214569 0.19206355744743367 0.9582345275454587 -0.21189190668915941 0.19225427508354187 0.29265121013206086 0.15016519274870604 0.9443546389439635 0.9780803918838501
0.9085659617700237 -0.29949318572998257 -0.29122452646406305 -0.2901957929134369 0.225182879028564 0.9383105361169867 -0.2624233389092137 0.2416064441204071 0.35185304333672984 0.17285013599404273 0.9199577524981906 0.9769097566604614
0.9476817166382545 -0.22188337515112694 -0.22949320639425297 -0.2206229865550995 0.18045182333383797 0.965405681720798 -0.18822595239948864 0.171052485704422 0.2633182549787695 0.13696582614924602 0.9549365733189771 0.9739829301834106
0.9667946499076855 -0.177451996062049 -0.18389914084484132 -0.18984803557395935 0.1561469588375232 0.9798437822865176 -0.12459650701462242 0.15627852082252502 0.20230232859675412 0.09174394480316704 0.9750163159846531 1.0076773166656494
0.9712197189860552 -0.1654520051174313 -0.17134144698603862 -0.17771026492118835 0.1482086565929971 0.9829259478341571 -0.10904483107980312 0.15206864476203918 0.18645764013187302 0.08051220452170724 0.9791584822486642 1.0090956687927246
0.9591142222546724 -0.1950006591587708 -0.20512106570623 -0.20185574889183044 0.16737882252676783 0.975246827619377 -0.14449205856341593 0.17539677023887634 0.22821971527098045 0.10425146591768272 0.9680120833004341 1.007430076599121
0.9085656314081738 -0.3020946503616638 -0.2885261091248603 -0.31622347235679626 0.22976902924905557 0.9382080872326594 -0.2587890613012486 0.2499510943889618 0.3488763199499406 0.16883248287607133 0.9218356177237284 0.9964619874954224
0.5649891735377892 -0.6366267194297479 -0.5248748935634118 -0.6073006987571716 0.25241950857637263 0.7390000522955391 -0.6246305423186196 0.6463724970817566 0.785539066803904 0.22042083117370567 0.5782240324558849 1.045022964477539
0.4091866880173193 -0.8784141758118191 -0.24689023893677842 -0.8026725649833679 0.33168291704027575 0.39526335848171545 -0.8565940228517874 0.6835698485374451 0.8500309976071876 0.2686175965468334 0.4530914807545293 0.9072024822235107
-0.08207083687041788 -0.9727357009633337 -0.2169092755203454 -1.0397696495056152 -0.06930112649488868 0.2226867328353593 -0.9724237619914748 1.1853716373443604 0.9942141276414898 -0.06477557479857027 -0.08568776638229131 1.0229136943817139
0.16520580342464652 -0.9856499657984442 0.03465815108084619 -0.9941624999046326 0.1920160385164541 -0.0023243196047555426 -0.9813890352407768 0.8286451697349548 0.9673866256400616 0.16878608491194008 0.18887661070877643 0.8542897701263428
0.08096198478194888 -0.9839363516335116 0.1591050374887671 -1.0838403701782227 0.10868346947699936 -0.14996222688352728 -0.9826999714921006 0.9020485281944275 0.9907739704304961 0.09685342762271232 0.09479637690925963 0.8290250301361084
0.47627226013418206 -0.6745686904524881 -0.5640228861384027 -0.6732043623924255 0.23438026570515608 0.7156329703059251 -0.6579782236967268 0.7822040915489197 0.8474848820331009 0.18118094180220656 0.49894172109877416 1.0089547634124756
0.11890219953866715 -0.9856620853544645 0.11971850500050085 -1.1462798118591309 0.16284281069901219 -0.09958276766005197 -0.9816137180117287 0.9204232096672058 0.9794613243760636 0.13621132801588887 0.14866737426764248 0.9365837574005127
-0.056739248504156445 -0.8709120976694213 0.4881524104337008 -1.446601390838623 -0.1575232087687734 -0.47500682643492276 -0.865768417961416 1.2942445278167725 0.9858839162793831 -0.12601838347349092 -0.1102373378141689 0.8698718547821045
0.6532966503296214 -0.6648367908415039 -0.3622092326427735 -0.5749601721763611 0.35672736688174156 0.6922857945853441 -0.6272845959633937 0.49103590846061707 0.6677941841508623 0.28059297952534235 0.6894334684763824 0.9346163272857666
0.7329058429705991 -0.503002849750168 -0.45807986037673154 -0.48164746165275574 0.26715768377640836 0.8320212089721961 -0.48617638755874415 0.46065065264701843 0.6256802676597533 0.23394196067327389 0.7441742818033719 1.0032730102539062
0.599263722081893 -0.6401467581991639 -0.48072353735141393 -0.6179494261741638 0.2886705544543492 0.7328831645575645 -0.6160775747412884 0.6166397929191589 0.74669424960125 0.23042221046416156 0.6239818126654296 1.0233571529388428
-0.44505585050059715 -0.8440265209844469 -0.29923990678063217 -1.3372812271118164 -0.4293463102688089 0.49436273439259776 -0.7558222229482496 2.1052019596099854 0.7858670598732014 -0.20790555240003844 -0.5823986997645899 1.1893784999847412
0.1895905707259937 -0.7256486533797394 0.6614298506568652 -2.27077579498291 -0.39842564505179323 -0.672550266769581 -0.6236450465074088 2.701151132583618 0.8973920106936848 -0.14529339460669427 -0.416626221722552 1.3732917308807373
0.018460661903832554 -0.9984941389615725 -0.051659059432597354 -1.7359323501586914 0.15809472896196386 0.053932995602136935 -0.9859499422687865 2.1818583011627197 0.9872513664900726 0.010034263538900856 0.15885229906651127 1.3764455318450928
0.47900414921114043 -0.8315648439923705 -0.281167094935479 -0.7168993353843689 0.33672206514640524 0.46986351841939333 -0.8159941941595472 0.579788863658905 0.8106622452551075 0.29618943987673413 0.5050728064580936 0.8843650817871094
0.6897013485271632 -0.6235654414480977 -0.3680736204503816 -0.5447861552238464 0.3529935422668087 0.7333770382140528 -0.5809936995685191 0.46515390276908875 0.6322243343606313 0.2707845269804441 0.7259257062470195 0.919907808303833
0.7542298645937999 -0.5344771432781781 -0.3814072556572776 -0.5134636759757996 0.34949972737827883 0.8185356457680795 -0.4559049650634895 0.4894842803478241 0.5558662176435323 0.21055540819516078 0.8041636451385018 0.980180025100708
0.7254943121870617 -0.5802303613084667 -0.3701225888811279 -0.4952182471752167 0.3205790860315571 0.7607925690660934 -0.564290453980027 0.3902066648006439 0.6090049692600166 0.2907359535208187 0.7379604005276614 0.9315929412841797
0.8334891309103545 -0.4333282368066815 -0.34281555950731685 -0.40063902735710144 0.29888566708847114 0.8754214614383681 -0.3798744830364256 0.34214040637016296 0.46471843804973106 0.2141585955293987 0.8591698722007737 0.9612582921981812
0.9117074275067298 -0.3006375656056209 -0.2800118225643097 -0.3030758798122406 0.23960354003498233 0.9427347847020673 -0.2320372153673866 0.26996180415153503 0.33373598881715627 0.1444582287703692 0.9315321303684388 0.9951767921447754
0.9463432053563472 -0.22031279032962514 -0.2364250665497385 -0.22538277506828308 0.180611348908225 0.9672420332841638 -0.17838831153937 0.19505909085273743 0.267981488766342 0.12611551635500898 0.9551339163766951 0.992579460144043
0.9656405266943106 -0.17415022384838239 -0.1928991258121521 -0.1816008985042572 0.1484041555362999 0.9788508080954786 -0.1408094531996548 0.1433883011341095 0.21334146297682474 0.10734428268140965 0.9710626267911464 0.9795828461647034
0.9822423060407836 -0.13214850497548541 -0.13317967133323028 -0.14731529355049133 0.12351699751112044 0.9897886212187507 -0.07114799105893256 0.12787941098213196 0.14122182391373156 0.05343461367529654 0.9885348443589889 1.017674446105957
0.9688489170751214 -0.16179278730396773 -0.1874963195872856 -0.16760346293449402 0.13914144946621965 0.9819224595400553 -0.12832747364164787 0.14597168564796448 0.2048693069320144 0.09824142419174024 0.9738465945157763 1.0101966857910156
0.9464408620119801 -0.21374320902598953 -0.24199903989332683 -0.20723769068717957 0.1663094063224715 0.9651537501252595 -0.20203816468136626 0.16117867827415466 0.2767505665444733 0.15097045808508341 0.9490084534412182 0.9644716382026672
0.9230206367278178 -0.2670218109409757 -0.2770058783787372 -0.2460213601589203 0.19760685941649597 0.9467548447708629 -0.25417866357042707 0.19226518273353577 0.3301279044342103 0.17987389022507128 0.9266396011012997 0.9433375597000122
0.8914338973433668 -0.3316069931926685 -0.30884042600173456 -0.31285473704338074 0.23512497158251644 0.9210926418727597 -0.3103298129831877 0.24299558997154236 0.38737818008444436 0.20402241826225104 0.8990622884099223 0.9661405086517334
0.77510126618613 -0.5132847241319355 -0.3684519224124923 -0.43264028429985046 0.3027039553980006 0.8135300865588881 -0.49652705228405575 0.3472844064235687 0.5546064753886881 0.2733268926327797 0.7859415164124145 0.9382270574569702
0.5367360241507498 -0.7813646981099989 -0.31840799130410724 -0.6540257334709167 0.3329960433017414 0.5429066068742077 -0.7709513936414667 0.522089421749115 0.7752600051106925 0.30776878457667745 0.5515888865051255 0.8893008232116699
0.5474718633897212 -0.773947124515063 -0.3182458283331484 -0.6452659964561462 0.3355970735059265 0.5514394866711169 -0.7637336556641672 0.5021921992301941 0.7665827829079153 0.3113203189558312 0.5616319933500898 0.8645403385162354
0.7298049639461264 -0.5678569298011615 -0.38068782732889145 -0.4880220592021942 0.3226760489308708 0.777028124911427 -0.5404696666261616 0.4169701039791107 0.602714594186963 0.2715986015675165 0.7503128131523639 0.9218478202819824
0.6793051552240248 -0.6312962206968212 -0.37417855072140926 -0.523227870464325 0.3286065313172275 0.7175752065077861 -0.61408759194513 0.4345427453517914 0.6561724267764715 0.2941953513215645 0.6949005983585406 0.8993024826049805
0.10940008246334182 -0.4359740008491177 -0.8932851126827467 -0.5612191557884216 0.023565535256262315 0.8995641620683994 -0.4361524777761377 1.1440694332122803 0.9937184145949495 0.026664375218480807 0.10868635419917355 1.1645424365997314
-0.030471563718281913 -0.9268125779436109 0.37428589229368536 -1.5057811737060547 -0.10207827013293164 -0.3696164013068972 -0.9235603622133242 1.5150291919708252 0.9943095647589992 -0.066348784845363 -0.0833446349701816 0.9601190090179443
0.40507451972874886 -0.8815645063334066 -0.24240184537181403 -0.8026642203330994 0.33407217355248475 0.38950927012188274 -0.8582996629074469 0.693272054195404 0.8510642844841054 0.2666956123790858 0.4522864512820415 0.9203705787658691
0.5950791986690409 -0.7222319703767217 -0.3525077705202686 -0.621210515499115 0.3533984216485635 0.6291011522505644 -0.6923447810255496 0.5356666445732117 0.7217965799917012 0.2874242877746598 0.6296006479583016 0.9370126724243164
0.594692098617244 -0.7230700962748405 -0.3514412379264998 -0.6121003031730652 0.34706336579684793 0.625207408443899 -0.6990441449212108 0.5220233798027039 0.7251815827528862 0.29374365065470986 0.6227570471187479 0.916508674621582
0.5934396431643819 -0.7282252575535035 -0.342808057347059 -0.6448912024497986 0.36236026726556214 0.622033663316152 -0.6940959288230399 0.5397951006889343 0.7186963382598811 0.2876840210415266 0.6330193341511909 0.9199082851409912
0.4217557633563275 -0.8723676218430466 -0.24717768595815554 -0.8758677840232849 0.37343360362779 0.41553875496097403 -0.8293822320299887 0.7465161681175232 0.8262381132320658 0.25749228238025046 0.5010272495157576 0.9594600200653076
0.4532089562040588 -0.8418844439282358 -0.2929713724719071 -0.7988385558128357 0.3717511213804578 0.47722407857668764 -0.7962777672263643 0.732775866985321 0.8101868585510382 0.2519677794843558 0.5292537126302691 0.9680461883544922
0.34999498538120377 -0.9174296265764392 -0.18927860546777753 -0.8180064558982849 0.30190472582546324 0.30174978276138475 -0.9043232857378545 0.7013034224510193 0.8867677524201381 0.259364509683327 0.3825872506820692 0.9179732799530029
