0.9998834200156705 -0.006075113922323564 -0.014008546269922368 -0.001593656837940216 0.006000854956278368 0.9999677529351673 -0.005336930727063766 -0.026970401406288147 0.014040516997585054 0.005252245293449121 0.9998876325876911 0.6607953310012817
0.9998251454969971 -0.008312058548925976 -0.016750764597118276 -0.0014152377843856812 0.008277087782396319 0.9999634201554989 -0.002155961214878944 -0.026774320751428604 0.01676807233260132 0.002016936686359618 0.9998573716869082 0.68465256690979
0.9998243394449392 -0.0074175365247221795 -0.01721250723734889 -0.0012332312762737274 0.007403775858716689 0.9999722192430833 -0.0008630440875591953 -0.02678770013153553 0.017218430721911312 0.0007354549392038625 0.9998514813458584 0.6999292969703674
0.9998273513213145 -0.006310124008772092 -0.017477124614742923 -0.0015857089310884476 0.006353120125748548 0.9999769249496362 0.002405708406693673 -0.026698201894760132 0.017461541010837033 -0.002516327336446093 0.9998443692306634 0.7210489511489868
0.99978396732687 -0.006237799869810134 -0.01982696469277625 -0.0019344035536050797 0.006325920690444107 0.9999703773088926 0.0043848867864084325 -0.026622122153639793 0.01979902531850016 -0.004509363313773329 0.9997938108624909 0.7430261969566345
0.9997686534924614 -0.006391566026329817 -0.02053746278393637 -0.0018145814538002014 0.006452029932982671 0.9999750405425023 0.0028791668524970225 -0.026718085631728172 0.02051854779496835 -0.003011009091930552 0.9997849383845676 0.7396919131278992
0.9997233344772064 -0.006030469860518316 -0.022735169562530907 -0.0013539530336856842 0.006075236051010673 0.9999797396506085 0.0019004723691080929 -0.026841117069125175 0.022723248198709443 -0.0020380680956786673 0.9997397162610562 0.7636392712593079
0.9997400531351659 -0.008178808226117251 -0.021282228579170635 -0.0015508923679590225 0.00811575395565754 0.9999624230766025 -0.003047453445243463 -0.026964303106069565 0.021306353395804258 0.0028739399384980317 0.9997688631749856 0.6998187899589539
0.999792418146171 -0.006958080214169625 -0.019149562323073528 -0.0017822925001382828 0.006926811074228293 0.9999745664686716 -0.0016987360402976022 -0.026717165485024452 0.019160895223711345 0.0015657380131551004 0.9998151872014649 0.694205105304718
0.999743090951895 -0.010228625285099074 -0.020226895924204444 -0.0014659259468317032 0.010118864659343644 0.9999335591876871 -0.005521393687329828 -0.026837270706892014 0.02028202829988788 0.005315301968997748 0.9997801692837388 0.6576458215713501
0.9994861244380548 0.012229051875630184 -0.029630007526501204 -0.005649413913488388 -0.011531795192907354 0.9996552099317824 0.023589806185578193 -0.019066672772169113 0.029908272357764346 -0.023235996782308487 0.9992825344706604 0.6631567478179932
0.9998871257666837 -0.014380834762140237 0.004350553710029811 0.003828641027212143 0.014386319200532962 0.999895752599251 -0.0012319715246630516 -0.028150569647550583 -0.00433238339718588 0.0012944209211932895 0.9999897774120384 0.6568157076835632
0.9997792043890149 -0.008638428400280196 -0.01915515664362826 -0.0011663194745779037 0.008610188266904543 0.9999617206117856 -0.0015562676909958815 -0.02661602571606636 0.01916786710297113 0.001390994568936505 0.9998153119475778 0.7003403306007385
0.9998265200389982 -0.007486802254075981 -0.01705513467301923 -0.0010149087756872177 0.007419812318858768 0.999964521513841 -0.003987743565952251 -0.026744192466139793 0.01708438503017804 0.003860505874007282 0.9998465983752394 0.687647819519043
0.9998207078720203 -0.007235457632589754 -0.01749857888913337 -0.0007193833589553833 0.0071885827868935145 0.9999704073560377 -0.002740198846056637 -0.026518451049923897 0.017517887652573973 0.002613917566976918 0.9998431332199791 0.720075786113739
0.9997701511559578 -0.007892786513083313 -0.019933609273083033 -0.0009211748838424683 0.007774899789009909 0.9999518668319582 -0.005984559511958873 -0.026919836178421974 0.019979884655920953 0.00582820215334145 0.9997833946754645 0.6922826766967773
0.9998057193602016 -0.009777087775556663 -0.017115258959732614 -0.0014027226716279984 0.009698848753810342 0.9999421608854956 -0.004648356322000429 -0.026955297216773033 0.017159716416082132 0.004481454928327437 0.9998427179783053 0.641076922416687
0.9998782526007514 -0.0035427149250120992 -0.015196353083162008 -0.001703798770904541 0.00363049954512789 0.9999768609749495 0.005752998152199007 -0.026255805045366287 0.01517562022194998 -0.005807468092592118 0.9998679782177408 0.7484926581382751
0.9986858809242435 0.041865890779769155 0.02955940513244439 0.027963100001215935 -0.04033815255825543 0.9979083704548378 -0.05051452884425265 -0.016255255788564682 -0.03161241355471693 0.049255774944531754 0.9982857927186277 0.8561869859695435
0.9966673345018564 0.02285695926161673 0.07830570700962391 0.030140532180666924 -0.020517751896306273 0.9993226828069884 -0.030548281204751726 -0.02898670732975006 -0.0789509100269648 0.028839816933464754 0.9964612479997192 0.8748470544815063
0.9990489894239217 -0.0019793847335710006 0.04355684523834823 0.012581398710608482 0.002675515741771199 0.9998695356041457 -0.015929638610646328 -0.029315724968910217 -0.04351963173737167 0.016031026380951587 0.9989239449761013 0.7477095127105713
0.9997382080084858 -0.006700672333127149 -0.021877304181861373 -0.0003383941948413849 0.0066336934483490866 0.9999730897623857 -0.0031327084609063856 -0.0267056655138731 0.02189770671131923 0.0029867610135008178 0.999755755021912 0.7573450207710266
0.9998702045911477 -0.004233625005998499 -0.01554510823909058 -0.00011577457189559937 0.004207061592672408 0.9999896345481395 -0.0017410999494569456 -0.026476368308067322 0.015552318271303425 0.00167547473485054 0.9998776516058357 0.7617954015731812
0.999819023964348 -0.0068690550302582375 -0.01774078357824766 0.0002643764019012451 0.0068202082005524335 0.9999727872100396 -0.0028124010180515615 -0.026552511379122734 0.01775961933939056 0.00269089620322006 0.9998386644846976 0.759300947189331
0.9998174301241738 -0.005764436226285152 -0.018217510666565084 -0.00016695261001586914 0.005730735993353385 0.9999817712298809 -0.0019015448785332178 -0.026490407064557076 0.018228139917934722 0.0017967979696346817 0.9998322391442421 0.7601961493492126
0.9997917540821595 -0.007942125096221312 -0.01879816794995503 -1.6149133443832397e-05 0.007868659193697574 0.9999611255774931 -0.003978886312338286 -0.02684079110622406 0.01882903799486802 0.0038301413484421055 0.9998153816307482 0.7285944819450378
0.9998617397262921 -0.007988974823484866 -0.014583473961384518 -0.0004160907119512558 0.007952835306450655 0.9999651639343068 -0.002534428618759174 -0.026784449815750122 0.01460321341695475 0.002418098241353849 0.9998904434780814 0.6941550970077515
0.9997960994759189 -0.005430700845855346 -0.019449086381156496 -0.0017063990235328674 0.005531993976516275 0.9999713950702269 0.005158108563053909 -0.026170209050178528 0.019420517896870017 -0.005264649050723937 0.9997975429830733 0.7543188333511353
0.9995546109221108 -0.006215292091063488 -0.029188181316598102 -0.0001329854130744934 0.006057121855322378 0.9999665065429298 -0.005504277169496773 -0.026692161336541176 0.029221414393858808 0.005325029253593926 0.9995587791642225 0.8058910369873047
0.9997587789113379 -0.007786737770625321 -0.020536569932736726 -0.00054202601313591 0.007738463054284186 0.9999671073036567 -0.002429094546268213 -0.0267891027033329 0.02055480915182984 0.0022695871097510923 0.9997861515319579 0.7314785718917847
0.9998083436988479 -0.009009704857435553 -0.01738105544977967 -0.0006690416485071182 0.008966784183584247 0.9999565570278288 -0.0025457490951352082 -0.026847265660762787 0.017403236813059712 0.0023894090131788884 0.9998456971318106 0.6883395314216614
0.9998302751819073 -0.007797748604845854 -0.01669179278469309 -0.0011379662901163101 0.007771032751702803 0.9999684192433196 -0.0016648020868894036 -0.026559922844171524 0.01670424735339698 0.0015348070602435593 0.9998592963450629 0.6912437677383423
0.9997143637165069 -0.00915510630682867 -0.022076571459583947 -0.0009571481496095657 0.009133512945188986 0.9999577067292372 -0.001078746533912082 -0.026560356840491295 0.02208551380836579 0.0008768017535498048 0.999755700808205 0.7198798060417175
0.9997119034419811 -0.008974024811108245 -0.02226155868532902 -0.0007688868790864944 0.008916957081452266 0.9999567013325289 -0.002661453846087581 -0.026711903512477875 0.022284478742350528 0.0024621817270318873 0.9997486382427958 0.7191336154937744
0.9997239325803277 -0.0095089049167158 -0.021485794223380993 -0.0008703004568815231 0.009372309657437032 0.9999352814026435 -0.0064492494060503615 -0.02683127112686634 0.021545728992302084 0.00624609746171051 0.9997483522510499 0.6765440106391907
0.9998184861267698 -0.009234751208037335 -0.01666475830307262 -0.0011883527040481567 0.009196661168862157 0.9999549228765728 -0.0023608554069126046 -0.026788121089339256 0.0166858090160267 0.0022071667433292185 0.999858346063305 0.6586008071899414
0.9997866053010945 -0.008922741920265551 -0.018631385808291 -0.0010672081261873245 0.008840245656836708 0.9999507741033314 -0.004505488527853359 -0.02667868137359619 0.01867066997297717 0.004339821053012943 0.9998162691394792 0.6722455024719238
0.9997575660509758 -0.00966093265395357 -0.019785739917543413 -0.0008400380611419678 0.009549836954114153 0.9999381434261414 -0.005701748471406039 -0.026631103828549385 0.019839600247452897 0.005511415583778725 0.9997879848049206 0.6758475303649902
0.9985678442107411 0.013427695073122366 -0.05178761930554449 -0.003453625366091728 -0.012064998104695999 0.999575030897858 0.026536643086105614 -0.023031912744045258 0.05212193711909067 -0.025873820950314243 0.9983054888461669 0.6654231548309326
0.9997903183082419 -0.015189303674795573 0.013733334299402204 0.0012812335044145584 0.014931722796316554 0.9997142374618098 0.018667808400726234 -0.02825717255473137 -0.014012960837676523 -0.01845883176225153 0.9997314181611653 0.6091382503509521
0.9998678491816835 -0.006328199416763462 -0.014974580626376053 -0.0015662815421819687 0.006309256194690848 0.9999792358479068 -0.0013119296117009012 -0.026627233251929283 0.014982571844109997 0.0012172777735492807 0.9998870140049615 0.6767390966415405
0.9998006596982901 -0.006952780777566728 -0.018716295208268934 -0.0003242865204811096 0.006896643468233329 0.999971529035274 -0.0030622585992101134 -0.02661551721394062 0.018737053550012785 0.002932568552559398 0.9998201452591104 0.7312631011009216
0.9997187690782013 -0.010191917171830208 -0.02141279003605171 -0.0007486678659915924 0.010336453951896401 0.9999244633098533 0.0066502176055913695 -0.02639045938849449 0.021343394117754752 -0.0068696796769532635 0.999748601913836 0.7568190693855286
0.9990324179552288 0.0016645222283511165 -0.043948347412393785 -0.0022392459213733673 0.0004571157642756147 0.9988365579292381 0.04822158841483551 -0.020618285983800888 0.04397748196187663 -0.04819501955413104 0.997869340730774 0.7673443555831909
0.9999046777078707 -0.013009840802668132 0.004623801488875311 0.00012960843741893768 0.012960809541261973 0.9998610794574673 0.010480419943093013 -0.026473354548215866 -0.004759507742868661 -0.010419492714987643 0.999934388476368 0.6987600326538086
0.9998787494917066 -0.004202219970453381 -0.014994254306932932 0.00040542706847190857 0.004215144048108958 0.9999907714257006 0.0008304360818181833 -0.02795538492500782 0.014990626256255794 -0.0008935383328188582 0.9998872349988739 0.727951169013977
0.9997361217196664 -0.009335204041609146 -0.020989066068356037 -0.0010069049894809723 0.0092000997848543 0.9999363940547619 -0.0065242630778302065 -0.026636488735675812 0.021048636366021778 0.006329439964289009 0.9997584173673505 0.6717299818992615
0.9996645384586533 -0.007575143755354919 -0.024767473535537873 -0.0022865310311317444 0.007424206432280445 0.9999533404413607 -0.006180461068167863 -0.02618744783103466 0.02481313577721984 0.005994508924837826 0.9996741339834954 0.6148955225944519
0.9998217052756952 -0.007343730193525461 -0.017396185974113104 -0.002213791012763977 0.00725157241277226 0.9999593698206692 -0.005354755399902649 -0.0266642477363348 0.017434803042866508 0.005227650972967569 0.999834335931789 0.6002748012542725
0.9998376258249662 -0.010854603342031227 -0.014384003996872652 -0.0010237526148557663 0.010961207175123378 0.9999128868179303 0.007353279043855978 -0.026592917740345 0.014302934033229254 -0.007509751109054962 0.9998695063438634 0.6799935102462769
0.9997899563905868 -0.008321692901367224 -0.018729456152385936 5.677342414855957e-06 0.008399291750933862 0.999956449468338 0.004068299983778926 -0.026808831840753555 0.01869478533151711 -0.00422475962992637 0.9998163113329758 0.7651262879371643
0.9998978385028996 0.001812411038450761 -0.014178424575968318 0.0006281621754169464 -0.0016939274988075706 0.9999635850654001 0.008364158820862192 -0.025835776701569557 0.014193067563338943 -0.00833928710259607 0.9998644973814014 0.9272543787956238
0.9999185268613113 0.008946440434453 -0.00910499000866207 0.004562219604849815 -0.008975761855822028 0.9999546459320544 -0.0031846158335441825 -0.0268947035074234 0.009076086084465152 0.0032660805949140956 0.9999534776073009 1.090904951095581
0.9998161087834139 -0.0015777482098062647 -0.01911175888765064 -0.0014247223734855652 0.001698141467279065 0.9999788083024451 0.006284843799119962 -0.026726750656962395 0.01910143797598357 -0.006316142541827445 0.9997976002224858 0.8806008100509644
0.9988441004949228 -0.0024926992739301252 -0.04800259739658339 0.008988387882709503 0.002828798512286723 0.9999719512506504 0.006935027825746679 -0.03161865472793579 0.047983964044934956 -0.0070628013066165556 0.9988231355111062 0.7746943831443787
0.9997840496902023 0.006595196568670985 -0.019706784803189974 0.008487541228532791 -0.006196522993462178 0.9997762855401265 0.020223302756433473 -0.03385293111205101 0.019835752767418318 -0.02009682198277792 0.9996012508287202 0.7508159875869751
0.9995041270341583 -0.0009623837754146203 0.03147338334456342 -0.0019581150263547897 -0.00041151275350861813 0.9990482383572238 0.04361706194347652 -0.02673729881644249 -0.03148540453827333 -0.043608385120251655 0.9985524413110534 0.8137636184692383
0.9999944091338244 -0.0023245378535897447 -0.0024037938474162648 -0.0007980726659297943 0.002355048546763591 0.9999157026399599 0.012768765029474747 -0.02734924666583538 0.0023739097362862394 -0.012774354692225313 0.9999155866445734 0.7724947929382324
0.9995307186222915 -0.005750322435203438 -0.030087810194447787 -0.003073573112487793 0.005843857521284522 0.9999783590167758 0.003021725895508797 -0.025611426681280136 0.03006978316644213 -0.0031961367317213 0.9995426918597903 0.5944758057594299
0.9998368441079479 -0.006475273712796158 -0.016862858435131748 -0.0024946480989456177 0.006543595895407519 0.9999705917741208 0.003999617440734666 -0.026647087186574936 0.01683646391070669 -0.004109308610824222 0.9998498122546828 0.6529203057289124
0.999865969899835 0.0019922908339941275 -0.016250323488926986 -0.0003231372684240341 -0.0018429447866811848 0.9999559794611642 0.009200146432355226 -0.025638336315751076 0.016267937508339332 -0.009168964886851564 0.9998256269430826 0.9175384640693665
0.9998448278215553 0.0068982877558136785 -0.01620906858898128 0.0029918700456619263 -0.006969239936412656 0.999966361849996 -0.004324911928739453 -0.02717156521975994 0.016178688858897665 0.00443720571087627 0.999859270713777 1.0306328535079956
0.9999101783519835 0.007237463238764174 -0.011280707157460063 0.0026190616190433502 -0.007226188256531977 0.9999733500169027 0.0010399323316834213 -0.026682032272219658 0.011287932998826352 -0.0009583224096609496 0.9999358300344945 1.0044453144073486
0.9997222536840749 -0.004691202167396791 0.023095629696078458 -0.0024964362382888794 0.003716723773825969 0.9991083094508392 0.04205677056877864 -0.02570447139441967 -0.023272332354597518 -0.04195924937973057 0.9988482467013026 0.8860355615615845
0.9999009157314557 -0.008661246193885107 -0.01109691550683171 0.0032373666763305664 0.008878780829310186 0.9997663887961101 0.01970621943881205 -0.030094420537352562 0.010923642724930417 -0.019802793943139708 0.999744228981425 0.66383296251297
0.9998541683163324 -0.012278166292265186 -0.011869655974570025 -0.0007332675158977509 0.012516439788640416 0.9997173514157874 0.02021276856891 -0.027330871671438217 0.011618125299397576 -0.020358386741155594 0.9997252398803509 0.7325975298881531
0.9999791858943069 -0.003929400070887272 -0.00511738148292221 0.001794496551156044 0.004001755547782084 0.9998910744002912 0.01420652269792973 -0.02674797736108303 0.005061000957778937 -0.014226705511604168 0.9998859870603204 0.8677379488945007
0.9999925247880799 0.0003012789390054835 0.0038548150361225574 0.002636237069964409 -0.0003530145195057117 0.9999097861632125 0.013427394229264752 -0.02757442183792591 -0.0038504218873810407 -0.01342865466232511 0.9999024179814996 0.9002788662910461
0.9999777311938212 -0.00278579358435338 -0.00606436068873061 0.0003031790256500244 0.0027620615284600523 0.9999885091835986 -0.003918228793301316 -0.02642291598021984 0.006075206380909753 0.003901391401670706 0.9999739351665923 0.714246928691864
0.9999474643335576 -0.007527818697283483 -0.006957048120395635 0.00037805549800395966 0.007525842017191848 0.9999716323173143 -0.0003102621123317224 -0.027265841141343117 0.006959186361992395 0.00025788816744478016 0.9999757513154368 0.6793261766433716
0.9999561495963243 0.0010310176991222683 0.009307840082314944 -7.351860404014587e-05 -0.0011367405713708372 0.9999348231285767 0.011360339594204944 -0.025915853679180145 -0.009295520715229006 -0.011370422038181243 0.9998921475825814 0.6963361501693726
0.9993705351831192 -0.0020656143458392933 -0.03541562713238356 0.0015333741903305054 0.0019311480858728285 0.9999907985709443 -0.003830592710718943 -0.02738080359995365 0.03542321378525937 0.003759788666833057 0.9993653285532296 0.5925129652023315
0.9994021117547572 -0.011554547466891767 -0.03258698287609806 0.0023593641817569733 0.010958158521742967 0.9997702655741544 -0.018421043281995314 -0.026277536526322365 0.03279234334328846 0.018052936232650293 0.9992991312472136 0.5835347771644592
0.9992296432554191 -0.009025542026904497 -0.03819240278862161 0.0034055281430482864 0.008577789602193506 0.9998927414876293 -0.011871269767519515 -0.02814585343003273 0.03829545097251412 0.011534518259264345 0.9991998865709194 0.5932740569114685
0.9993185783664147 -0.01601239693983997 -0.03325630881455952 0.004185575991868973 0.0152778595498872 0.9996362506368339 -0.022225062886465863 -0.027608539909124374 0.03360008838235796 0.02170183303259071 0.9991997120214375 0.5964949727058411
0.9990894454322045 -0.012292609278570416 -0.04085549881098787 0.006626129150390625 0.011910054956434664 0.9998830475014608 -0.009593847514227826 -0.029970504343509674 0.04096865407729345 0.009098520556439595 0.9991190050773627 0.6068502068519592
0.9999833937351398 -0.005079872533114458 0.002721607796926418 -0.001768544316291809 0.004993312119457057 0.9995094007868099 0.030919647036640695 -0.026851391419768333 -0.002877340443997658 -0.030905543739595812 0.9995181680580548 0.5898604989051819
0.9994428891583876 -0.007064929233832047 -0.03261898351659851 0.001126835122704506 0.006837658155154811 0.9999516030841981 -0.007073748673499345 -0.027730919420719147 0.032667380392195904 0.006846770352767367 0.9994428267760234 0.586054265499115
0.9996017800493187 -0.006469054115385419 -0.027466937599333007 0.0008839387446641922 0.006146800536381065 0.9999114764135986 -0.011800685553956792 -0.027978412806987762 0.027540845400956446 0.011627152498769163 0.9995530557000818 0.5818204283714294
0.9997912913298392 -0.008665158587587821 -0.018501048826063043 1.1187046766281128e-05 0.008446286413377146 0.999893807137115 -0.011875802906293613 -0.02750539407134056 0.018601989862259798 0.011717059165929146 0.9997583090415735 0.6035076379776001
0.9994330965308986 -0.013399678978094798 -0.030885824611676885 0.0006929673254489899 0.013224593268149582 0.9998953438197328 -0.005866135057285486 -0.028475459665060043 0.0309611965458584 0.005454357056730463 0.9995057049849922 0.5992735028266907
0.9995448390670354 -0.012864144487892472 -0.027287881578617956 -0.002323860302567482 0.012911799715518495 0.9999154052732949 0.0015708995029534594 -0.02707090601325035 0.027265364889551506 -0.0019225201524740035 0.9996263821016843 0.6335355043411255
0.9996820731653339 -0.003686109718964558 -0.02494323930446881 -0.0015592854470014572 0.0035944092500065725 0.9999866200671967 -0.003720202780412924 -0.026750659570097923 0.024956618641228417 0.0036293638180375206 0.9996819468732406 0.7474316954612732
0.99972542548523 -0.004345043540748672 -0.023025946994755533 -0.0008081402629613876 0.004145451064675777 0.9999534848487805 -0.008708810151252475 -0.02689054235816002 0.023062716098644402 0.008610965997446393 0.9996969352712574 0.7312377691268921
0.9997463203686355 -0.007079342548662948 -0.021381716920131192 -0.0009713247418403625 0.006930949805959099 0.9999514355189909 -0.0070063213098580865 -0.026789354160428047 0.02143027867670436 0.0068563483421123245 0.9997468347753098 0.6970286965370178
0.9996959073106897 -0.011732749272028543 -0.021689525139501464 -0.0011525917798280716 0.011746902997162863 0.9999308647940846 0.0005252638669794279 -0.026392674073576927 0.021681862840461804 -0.0007798888859457695 0.9997646165958732 0.687143087387085
0.9998233539218987 -0.00934197474441828 -0.01630915265241908 -0.0005112327635288239 0.009340237109220686 0.9999563623412809 -0.0001827127141012177 -0.026839034631848335 0.01631014785674226 3.0349085792782767e-05 0.9998669802307824 0.6912861466407776
0.9997517518981908 -0.010736629889271194 -0.019523302874244836 -0.0014933235943317413 0.010807618186883044 0.9999353502855649 0.0035342097294016736 -0.02663937397301197 0.01948409519647354 -0.0037443327717566676 0.9998031556293815 0.698226273059845
0.9998714835550473 -0.006937543958186847 -0.01445291864146972 -0.001174233853816986 0.006978211081420754 0.999971828619801 0.0027652372184128935 -0.02697719819843769 0.014433327528046134 -0.002865737356978909 0.9998917274414609 0.7064505815505981
0.9998333776748637 -0.008140300868235072 -0.016338677701949772 -0.0005822628736495972 0.008147455585534672 0.999966739967759 0.00037138354070097594 -0.026904553174972534 0.01633511110324381 -0.0005044403108149084 0.9998664459242633 0.7125484347343445
0.9996873243535663 -0.012718508784042373 -0.021528888989410622 -0.0009766686707735062 0.012711156625262378 0.9999190955820468 -0.0004783174993089 -0.026802828535437584 0.021533230692494267 0.00020451086116331793 0.9997681121896478 0.6772566437721252
0.9999437844402536 -0.004928887038568214 -0.009387972723893202 -0.0007556136697530746 0.004976388659628797 0.9999749004441996 0.0050432169813751536 -0.026582708582282066 0.00936287964313578 -0.005089651675109709 0.9999432143530022 0.7213846445083618
0.9998802480472413 0.00010826777435710636 -0.015475071666274346 0.0009158048778772354 -0.0001557923810213324 0.9999952758016163 -0.0030698702225949517 -0.02659139223396778 0.015474666190949225 0.003071913497902445 0.9998755412818838 0.8464648723602295
0.9998646859262432 0.003604873265759428 -0.016050380878746027 0.0011064447462558746 -0.003688803880856015 0.9999796622855047 -0.005202666748552113 -0.026451539248228073 0.016031299496409666 0.005261169461794704 0.9998576486342197 0.884506344795227
0.999864619570316 0.004992549634712926 -0.01567855158017135 0.0015933923423290253 -0.005121540705942787 0.9999532811608037 -0.00819788488208067 -0.026584822684526443 0.015636890749267798 0.008277073389030906 0.999843476602117 0.9101136326789856
0.9998233471079351 0.001191455511829373 -0.018757798688784362 0.0013213902711868286 -0.001316496161634118 0.9999769878062322 -0.00665512553080896 -0.02668936178088188 0.018749437744690678 0.006678644453611378 0.999801907525946 0.8774994611740112
0.9999068585072218 -0.0046264374900963825 -0.01284018638373045 0.002831796184182167 0.0045190851781501725 0.9999546999260955 -0.008377109576989552 -0.026900481432676315 0.012878360896143949 0.008318303424526984 0.999882469917723 0.742150604724884
0.9998610484294663 -0.008728691963671644 -0.014201893188295397 -0.00011838041245937347 0.008631150972368684 0.9999388409519214 -0.006915026292096803 -0.027080433443188667 0.014261383748451487 0.006791486754131602 0.9998752365376632 0.6389336585998535
0.9998001090701262 -0.00846915463796404 -0.018111193309171186 -0.0011066403239965439 0.008326934651244703 0.9999340159782143 -0.007913649536999724 -0.026924608275294304 0.018177020181476808 0.007761256947093548 0.9998046603351695 0.6507692337036133
0.9998538509974048 -0.008854330218113396 -0.014624550661423721 -0.0011034198105335236 0.008848827657192897 0.9999607511482106 -0.0004409219887567281 -0.02639637514948845 0.014627880733491201 0.00031144742008102407 0.9998929583239157 0.6862467527389526
0.9997790764454081 -0.008000807230698589 -0.019436702025399422 -0.0007853452116250992 0.00785580261552756 0.9999408264790225 -0.007525284427542465 -0.026790495961904526 0.019495760237365333 0.007370931020349055 0.9997827687596244 0.689110517501831
0.9998841263837107 -0.005963972288560903 -0.014005885920733555 -0.0011600274592638016 0.005931734314912379 0.9999796642009642 -0.0023421598032569795 -0.026542436331510544 0.01401956967601416 0.002258809214603886 0.9998991696401348 0.7027806639671326
0.9997465805144096 -0.00744923359784487 -0.02124343824689658 -0.0008972063660621643 0.007422498562891983 0.9999715589616089 -0.0013370800174449483 -0.02664194628596306 0.0212527942828428 0.0011790617854562598 0.9997734386092065 0.7371756434440613
0.9998156848206271 -0.009038659410600385 -0.016938093833711924 2.7898699045181274e-05 0.009050666458801787 0.9999588419349695 0.0006323549052548786 -0.026501258835196495 0.016931681053929202 -0.0007855393903839032 0.9998563402332128 0.7338131666183472
0.9997628067001129 -0.011783625804309701 -0.018316017635312425 8.974224328994751e-06 0.011700955866068865 0.9999208954126518 -0.004614168287045762 -0.026969317346811295 0.018368940386788178 0.004398758923250593 0.9998216005613211 0.6772257089614868
0.9997900014195742 -0.0040521946441743045 -0.020088125348413362 -0.0021052900701761246 0.004072105467760184 0.9999912573405189 0.0009503681326709645 -0.026510976254940033 0.02008409864811662 -0.0010319695217805478 0.9997977615600061 0.7232977747917175
0.9996298104401916 0.00014463855210401755 -0.027207005696980216 -0.00015169940888881683 -0.0003930743470065768 0.9999582781992226 -0.009126190519799966 -0.02662009187042713 0.02720455057272577 0.00913350647534706 0.9995881609380938 0.8457245826721191
0.9996602663124952 -0.002049906196716778 -0.025983645637522118 -0.0007402244955301285 0.0018904998573195213 0.9999792525956722 -0.006157953271239751 -0.026423901319503784 0.025995729770889965 0.006106739128697052 0.9996434013041318 0.816633939743042
0.9995691113806258 -0.0005601475500332717 -0.02934753496409265 -0.0007517170161008835 0.00036051123703806283 0.9999767648094111 -0.006807339638363347 -0.026436826214194298 0.02935066618314511 0.0067938263170510375 0.9995460881413021 0.8405877351760864
0.9995869181244977 0.0014166798736324083 -0.028705158639249877 -0.00040892697870731354 -0.0016903888785030738 0.9999533200636673 -0.009513163463772662 -0.02644187957048416 0.02869034157705847 0.009557756629286542 0.9995426522107034 0.8635678291320801
0.999653917960597 -0.00146096092365168 -0.02626613597786775 -0.0003675278276205063 0.0012512376137740545 0.9999672229490519 -0.007999214461129382 -0.026524117216467857 0.026276961591138213 0.00796358089937104 0.9996229802624574 0.8261090517044067
0.9996857908492369 0.0002697298749096527 -0.025064852282236223 -0.0004883408546447754 -0.00043675632606178554 0.9999777363226933 -0.006658536089399031 -0.02633274346590042 0.025062498240346797 0.006667391149225127 0.9996636519736105 0.8471306562423706
0.99968356207463 0.0023209547455936715 -0.02504773216975403 -0.000137990340590477 -0.002516379678335671 0.9999666204591114 -0.007773403430754069 -0.026287108659744263 0.025028854370371886 0.007833973235319742 0.9996560334996506 0.8826035857200623
0.9996274739002338 0.0005829674543194745 -0.02728687546760019 0.001011587679386139 -0.0009297520720521461 0.9999189463978284 -0.012697881545399022 -0.026844151318073273 0.027277261316371766 0.012718521282117454 0.9995469925078432 0.8905747532844543
0.9998857232303302 0.006796005811268361 -0.013503880374644074 0.002479778602719307 -0.0069717851775888354 0.9998910247291004 -0.013012796687374178 -0.02704840898513794 0.013413973743713803 0.013105455780040253 0.9998241407053544 0.9469291567802429
0.999539928685228 -0.0014478459714044806 -0.030295786934371904 -0.0006672628223896027 0.0012090858717339864 0.9999680809015781 -0.007897802819165304 -0.02680296078324318 0.03030625472216164 0.007857539058683066 0.9995097748419759 0.8390330076217651
0.9996008485977776 -0.004402182314499909 -0.02790634826473222 -0.001149231567978859 0.004283576854837347 0.9999815438044413 -0.004308482309918249 -0.026575932279229164 0.02792479994433838 0.004187223585632958 0.9996012568553084 0.7880662679672241
0.9995696863335407 -0.0038448116420526195 -0.029080226727180494 -0.0013834647834300995 0.0037383339487511895 0.9999861117322729 -0.00371499688532159 -0.026499923318624496 0.029094106316481013 0.0036046866725793817 0.999570177232013 0.7921243906021118
0.9995349009660117 -0.003924222565873282 -0.03024206057991111 -0.0008078143000602722 0.0037359893421609453 0.99997331285553 -0.006278213151187885 -0.026569297537207603 0.030265890611392596 0.006162309144304559 0.9995228870873891 0.8081895709037781
0.9995059368471679 -0.010534823703312775 -0.029612492242381133 -0.0011083316057920456 0.010412875243602272 0.9999366703608817 -0.0042693438318291595 -0.02690166048705578 0.029655593678531177 0.003958883318983027 0.9995523363018269 0.7186787128448486
0.9996905409788868 -0.0038765922805768945 -0.024572226387347205 -0.002248896285891533 0.003895939234719385 0.9999921373484586 0.0007395260245618194 -0.026385575532913208 0.024569166343615424 -0.0008350290724290437 0.9996977837284766 0.7567159533500671
0.9996688384080816 -0.0014868545917585926 -0.02569051924853902 0.002532176673412323 0.0010490999616927525 0.9998541794613023 -0.01704462387487952 -0.027213988825678825 0.025712115920455938 0.01701202742734396 0.999524626018641 0.7516124844551086
0.999803852621758 -0.006784002273602118 -0.018607353273417317 -0.000730784609913826 0.006692828123610298 0.9999653125139363 -0.004957804011211054 -0.026708897203207016 0.018640341584794093 0.004832295733658138 0.9998145761007611 0.6917113661766052
0.9997976125114169 -0.006922265431921233 -0.018889580666607304 -0.00011826306581497192 0.006825630080280092 0.9999633118730288 -0.005175488569252092 -0.02654973603785038 0.018924713748889616 0.005045507825116501 0.9998081806328195 0.7268643975257874
0.999694856184327 -0.0031239510251775725 -0.02450378437283064 -0.0004855245351791382 0.0029934684647709734 0.9999811552859244 -0.005359871227801212 -0.026458285748958588 0.02452006658123727 0.005284884390455628 0.9996853686694785 0.7881090641021729
0.9996991901191948 -0.007146080810527775 -0.023461943740352615 -0.00044689886271953583 0.00705794751075138 0.9999677305036305 -0.003837098950255585 -0.026536623015999794 0.023488606854420783 0.0036703515455581096 0.9997173669930769 0.7564833760261536
0.9997391082881351 -0.010500346151334052 -0.020284429741720393 -0.0005038641393184662 0.010463555731690373 0.9999434140925336 -0.0019190139180974104 -0.02657606638967991 0.02030343223926527 0.001706266002183176 0.9997924081006194 0.7079275250434875
0.9998564452796138 -0.0076292017713389 -0.015128916456472007 -0.000833168625831604 0.007606490228137444 0.9999698562423037 -0.0015581762274574772 -0.026652216911315918 0.015140348054914711 0.00144287458871637 0.9998843372979184 0.6912181973457336
0.999797978861531 -0.010987338661944804 -0.016830919568632904 -3.4067779779434204e-05 0.01090205385973458 0.9999273058737789 -0.005150552363202357 -0.026796482503414154 0.016886286922751945 0.004966020251104102 0.9998450839789275 0.6733023524284363
0.9997118827561522 -0.0027200741244413147 -0.023848536074718693 -0.002708280459046364 0.00262523358199105 0.9999885252075217 -0.004007193771930027 -0.026180725544691086 0.02385916228180697 0.003943431252520218 0.9997075520996964 0.5891984105110168
0.9997975825035504 -0.006377902966017779 -0.01908183360717568 -0.0022743940353393555 0.006324991742333712 0.9999759870460649 -0.002831927030700481 -0.026248594745993614 0.019099437151792926 0.002710661359126827 0.999813914593851 0.6151500344276428
0.9998326070675317 -0.007982206097094463 -0.016463360239207452 -0.001659240573644638 0.007956906520211287 0.9999670606318478 -0.001601652250242051 -0.026795705780386925 0.01647560266488082 0.001470386726543152 0.9998631868809368 0.653205931186676
0.9998211805756396 -0.003987462751840606 -0.01848531885407754 -0.0008141007274389267 0.003971778912438892 0.9999917207651373 -0.0008850838662317928 -0.026491552591323853 0.01848869504873009 0.0008115059964299885 0.9998287401417368 0.7568632960319519
0.9997776655798025 -0.004210861894443774 -0.020661269319833694 0.00016093812882900238 0.004102365774953817 0.999977588968134 -0.005290761431628723 -0.026822926476597786 0.020683084945173607 0.005204825029128629 0.999772534026399 0.77382493019104
0.9990984485223358 0.013857714350005053 -0.040127969214188985 -0.0036066602915525436 -0.013278160645826906 0.9998041727452779 0.014673329921788564 -0.021948184818029404 0.04032344987875973 -0.014127275537898526 0.9990868027732881 0.739620566368103
0.999899226375492 -0.014161052711265429 0.0010008395484163977 0.0026259049773216248 0.014152811697879936 0.9998693393027216 0.007810393292499366 -0.027702398598194122 -0.0011113121691339353 -0.007795441517189919 0.9999689975578318 0.6852568984031677
0.9999284947039796 -0.00023329401319445607 -0.011956213988412564 -0.0003365222364664078 0.00019969238232766653 0.999996027766862 -0.0028115073269907136 -0.026314400136470795 0.011956822403370593 0.002808918724472068 0.9999245693419146 0.7701613306999207
0.9999244936788441 0.006174922372887152 -0.010624371736527385 0.0017832424491643906 -0.00621635260952686 0.9999731859844103 -0.003870952392086491 -0.02599325031042099 0.010600184023927737 0.003936704951680941 0.9999360671826885 0.9000115394592285
0.9999817296065062 -0.0009429296388392092 -0.0059708740462356665 -0.0035273823887109756 0.0011093607424607509 0.9996092059051037 0.027932146149382813 -0.023532407358288765 0.005942202615436389 -0.027938259671346614 0.9995919887006963 0.7533559799194336
0.9994432345241558 -0.03225649108759113 -0.008528759968999818 0.0008264351636171341 0.0319473872537438 0.9989047495151347 -0.0341857549831011 -0.01797524094581604 0.009622131341443449 0.03389424993743699 0.9993791044491704 0.6248394250869751
0.9995169893268108 -0.008257515752666623 -0.029959998008388555 0.00973266176879406 0.0073937013866845055 0.999557002491005 -0.028829359184720443 -0.030146099627017975 0.030184784691508454 0.02859391901771333 0.9991352593960118 0.6653151512145996
0.9999872955252527 -0.0030154910002204395 -0.004039257619770597 0.002801980823278427 0.0030721480804511434 0.9998959463064474 0.014094625433343121 -0.02611115761101246 0.003996335103950324 -0.014106855566073256 0.9998925071885354 0.7095104455947876
0.9993474353603052 -0.03422715454107899 -0.011541461380668198 0.004902077838778496 0.03377717791798845 0.9987384557399344 -0.03715641637870247 -0.022579552605748177 0.012798659721897174 0.03674233142074754 0.9992428110279757 0.6286830902099609
0.9995640195350181 -0.026362514465710387 -0.013296190508692176 0.004733653739094734 0.025991337081212203 0.9992877902968454 -0.02735621611953725 -0.024869726970791817 0.014007899475975293 0.026998703574305873 0.9995373173411676 0.6326092481613159
0.9996265302431608 -0.023692917503883013 -0.013617844696350188 0.003303438425064087 0.02341278406290196 0.999518235291983 -0.0203749567171218 -0.02399289608001709 0.01409402626802018 0.020048515629713257 0.9996996626210305 0.6287045478820801
0.9994120722219197 -0.027694898655559887 -0.02021144442008703 0.003981743007898331 0.02708068141619157 0.999181316249705 -0.03005551449470566 -0.024422038346529007 0.021027282066941905 0.029490504335548295 0.9993438665258881 0.6073185205459595
0.9996226333788162 -0.023259972605929324 -0.014613846556323877 0.0016842912882566452 0.022903959037485683 0.9994477759184891 -0.024073883608475934 -0.023336632177233696 0.015165734311583455 0.02373008398545369 0.9996033631480206 0.602906346321106
0.999632499748579 -0.02117845538471983 -0.0169215387576006 0.0026619918644428253 0.020784544067401593 0.9995165025818985 -0.02312496041856847 -0.0248554777354002 0.017403108179799058 0.02276475552180495 0.9995893645551233 0.6006160974502563
0.9994123021797955 -0.022691817132550068 -0.02569302798238842 0.004015298560261726 0.02182426799645613 0.9991984849180695 -0.03355725054072499 -0.025995487347245216 0.026433909625701378 0.03297679748940206 0.999106490444959 0.5887810587882996
0.9994186325623525 -0.011282581762133205 -0.03217297368876894 0.002613810822367668 0.0108932601540756 0.9998656207294406 -0.012250606782778433 -0.027526717633008957 0.03230686878069536 0.011893016106581514 0.9994072355138698 0.5816893577575684
0.9994653431214618 -0.008269095313055386 -0.03163305173077864 0.0029265061020851135 0.007790356808580471 0.9998537052958437 -0.015227552231634417 -0.02886120043694973 0.03175434206362204 0.014972977956163426 0.9993835458377482 0.584911584854126
0.9995543477858326 -0.008498101056039181 -0.02861622093987374 0.002163892611861229 0.008154159632005876 0.9998933694563474 -0.01211442932736501 -0.028559770435094833 0.028716119221337835 0.011875689271503419 0.999517059634898 0.5948063731193542
0.9996304617692344 -0.00877860176085936 -0.025726951901677432 0.0020794477313756943 0.008407143249742613 0.9998593616490451 -0.014511266834504885 -0.026393672451376915 0.025850722338172573 0.014289614196616058 0.9995636783520631 0.6136279106140137
0.9994560063543628 -0.021985874938088627 -0.0245827717191201 0.003938794136047363 0.021168022122745284 0.9992295517232664 -0.03304871861859237 -0.026537645608186722 0.02529043695942422 0.032510371670078676 0.9991513746836735 0.586751401424408
0.999366558030328 -0.010073994683535056 -0.034132057097848535 0.0037601664662361145 0.009596291881946746 0.9998541058209841 -0.014130755642799961 -0.02882223203778267 0.03426943058662003 0.013794263446670407 0.9993174292602087 0.590625524520874
0.9995262525959007 -0.008856328867050626 -0.029476020942364668 0.0028565004467964172 0.008465431912043669 0.9998749156068192 -0.013360000104753997 -0.028612621128559113 0.029590654506763233 0.01310414359106004 0.9994762001101409 0.599402904510498
0.9995306023060918 -0.006700575324618688 -0.02989443667207062 0.0021051857620477676 0.006285987533000014 0.9998830622219447 -0.013940883845782858 -0.0283818319439888 0.0299843528253704 0.013746423970827912 0.9994558391513143 0.5945245027542114
0.9996692727648469 -0.00793814064709871 -0.024460805646360807 0.0008429009467363358 0.007684997492734333 0.9999161201647274 -0.010425615006078026 -0.027633829042315483 0.024541513876263306 0.010234185741189752 0.9996464252618902 0.594035804271698
0.9998829641793211 -0.0055437810636158455 -0.01425918775711836 0.00027488917112350464 0.005425533974317877 0.9999506855698593 -0.008318053225443158 -0.026587052270770073 0.014304598039357214 0.008239716007635045 0.9998637334932423 0.6275761723518372
0.9997992430415563 -0.0060844743253053385 -0.019090646550482742 0.0021570101380348206 0.005848024765201143 0.9999058036873627 -0.012417099446911415 -0.027833309024572372 0.019164399804751323 0.012302964053982839 0.999740647796022 0.6261633038520813
0.9997187431064583 -0.003802939307459799 -0.02340880890321338 0.002086227759718895 0.0035857848083586776 0.9999502167923999 -0.009311610179801756 -0.027578813955187798 0.023443055025988587 0.0092250522739018 0.9996826104227242 0.6221306920051575
