0.9999817910856021 -0.0039451718364625745 0.004566521259363349 0.0007104780524969101 0.0038597189582291642 0.9998200599178846 0.01857283918418297 -0.02440444566309452 -0.004638972601225543 -0.01855487550426622 0.9998170815345309 0.7487919926643372
0.9997201167418445 -0.007656199744056394 -0.022384610498104474 0.004387188702821732 0.007304946228101792 0.9998495655568053 -0.015731624724491303 -0.027693457901477814 0.022501687542877305 0.015563703330081679 0.9996256525301739 0.7158198356628418
0.9998209388608598 -0.0064675496733196565 0.017783728985002047 0.0015912353992462158 0.0062306046095858564 0.9998915129589607 0.013346980139321145 -0.02604607678949833 -0.017868121937905688 -0.013233786830063736 0.999752767990441 0.7448986172676086
0.9998672764488263 -0.015400562553024974 -0.005315276084759445 0.002922266721725464 0.015391063405344215 0.9998798878954683 -0.0018234443777684509 -0.024597996845841408 0.005342719724964522 0.001741394612517823 0.999984211320731 0.6406856179237366
0.999525824210328 -0.026956248894001895 -0.014882452157810318 0.004915377125144005 0.026462400441176308 0.9991233564644569 -0.032438556226947586 -0.02391093783080578 0.015743827347748818 0.032029349240386217 0.9993629234105506 0.6223022937774658
0.9996707625249539 -0.008111983292562047 -0.024342602158314908 0.003341667354106903 0.007744718077109831 0.999855330615005 -0.015143882681290213 -0.027613632380962372 0.024461927452326636 0.014950370156614438 0.9995889657941893 0.694686233997345
0.9999793807229366 -0.004482429678683866 0.004598472914811637 0.0029997900128364563 0.0044777397318634116 0.9999894447459899 0.0010296812616884688 -0.026699280366301537 -0.004603039850608939 -0.0010090692655286971 0.9999888968400356 0.757958710193634
0.999951727564211 -0.00348853278728952 -0.009185460268383782 0.0026863720268011093 0.0034015068993294385 0.9999493452322161 -0.00947294676835272 -0.026960454881191254 0.009218041666420545 0.009441245079661686 0.9999129415100007 0.7491469979286194
0.9996949341763055 -0.004824836476456839 0.02422311984876526 -0.0017778519541025162 0.004033628506148646 0.9994601238726223 0.03260660407949144 -0.02489340305328369 -0.024367363897364422 -0.032498949852230216 0.9991746843446323 0.7209446430206299
0.9993952930331456 -0.02586775753301214 -0.02323590719999514 0.00452038086950779 0.024878896808267027 0.9988127166202478 -0.04188314232820336 -0.0253999512642622 0.024291742564029717 0.04127973156276859 0.9988522888822496 0.5955253839492798
0.999485339473738 -0.014552791504392669 -0.02858797713193176 0.004135284572839737 0.014081834200850685 0.9997629300731999 -0.01660679369984383 -0.027163291350007057 0.02882287498855603 0.016195675684549174 0.9994533215545959 0.5981521606445312
0.999666379744879 -0.011712012423644355 -0.023020816074917665 0.003443928435444832 0.011539360678952228 0.999904396991582 -0.007618400883473904 -0.027271630242466927 0.023107842021440225 0.007350213730815252 0.9997059577671942 0.6114213466644287
0.9998292446023319 -0.0031280872995510674 -0.018212542595043252 -0.0007647033780813217 0.0030829518560335635 0.9999921081286559 -0.0025058108985602017 -0.025995245203375816 0.018220237259247114 0.0024492346258272587 0.9998309978211137 0.7607829570770264
0.9999549095710382 -0.0024461883417249584 -0.00917578265731292 0.0027749277651309967 0.0025178421553094374 0.9999663659152702 0.007805607541336685 -0.02652396447956562 0.009156380052093863 -0.007828358755526876 0.99992743611901 0.9186457991600037
0.9992480319539059 -0.008661593998093506 0.037793483904742034 0.00040410831570625305 0.00703204572364741 0.9990486424494193 0.043039056134084194 -0.024805711582303047 -0.038130315618761096 -0.04274092663226324 0.998358298518838 0.8559154272079468
0.9998945784830314 -0.007352673859944873 -0.012520787010008185 0.0044119153171777725 0.0072399629195809174 0.9999330768744642 -0.009023564112357392 -0.029422443360090256 0.012586296403779776 0.008931962800863776 0.9998808954987389 0.6452062726020813
0.9997461004366827 -0.010696447202349382 -0.01983231400754321 0.002677464857697487 0.01047246059913912 0.99988058991595 -0.011363691228267876 -0.028044484555721283 0.01995149695250763 0.011153112864993594 0.9997387387926782 0.6280235052108765
0.9997729788790969 -0.008012557830833057 -0.019743090442589324 0.003027917817234993 0.007734385630206236 0.9998703107006587 -0.0141259002648067 -0.028437940403819084 0.019853714567807337 0.013969992712079793 0.9997052912341138 0.631769597530365
0.9996485817493218 -0.009328813520224548 -0.02481302570978514 0.002913542091846466 0.008954204697928526 0.9998448988262844 -0.015165767678724507 -0.028626251965761185 0.024950655798939982 0.014938257239796277 0.9995770671868381 0.615075409412384
0.9998632073787246 -0.006669088069842647 -0.015135712558255052 0.003945164382457733 0.006437099172555116 0.9998618512814489 -0.015324558926001536 -0.027250921353697777 0.01523582241206977 0.015225032556631385 0.9997680071391949 0.6583268046379089
0.9998817250010645 -0.004981654213004916 -0.01455057147323717 0.002763736993074417 0.004763570924066256 0.9998763811638758 -0.014984351260008738 -0.028641439974308014 0.014623419605110273 0.014913266306680951 0.9997818512491208 0.6517478227615356
0.9999335233620865 -0.008165365867648756 -0.008140986238257321 0.00035739876329898834 0.008120974419499098 0.9999520574819389 -0.005471061333546462 -0.02723146788775921 0.008185269156350311 0.005404584894792806 0.9999518947584196 0.6379502415657043
0.999916810380476 -0.007725309548516744 -0.010329177649500719 0.001212911680340767 0.0077419337288991644 0.9999687976298203 0.0015704231624096157 -0.027229933068156242 0.01031672334962427 -0.0016502603283407042 0.9999454194405692 0.7630162835121155
0.9999750947829286 0.003959612077881108 0.005842198735566767 0.0013421326875686646 -0.004029682824389656 0.9999195017400712 0.012031279907926842 -0.026568647474050522 -0.0057940892474985985 -0.012054522474190471 0.9999105545086078 0.8554707765579224
0.9998734975161918 0.00267788259604604 0.015678581234911653 0.001700863242149353 -0.0029018769564782025 0.9998938051304529 0.014281371498323155 -0.026866290718317032 -0.0156386724138397 -0.014325062182952292 0.9997750869663572 0.8509238958358765
0.9999855449708539 0.005310513724430413 -0.0008416016437884126 -0.00020913966000080109 -0.0053010535257597465 0.9999268652848589 0.01087027658859626 -0.026774698868393898 0.000899266846504027 -0.010865658083070256 0.9999405626303798 0.8282942175865173
0.9999568897863728 0.008179362746827479 -0.004395064711642566 0.0025774184614419937 -0.008184187896381244 0.9999659246788501 -0.0010809947496336438 -0.02750570699572563 0.004386073100216373 0.0011169181831358946 0.9999897573758101 0.9594298005104065
0.9999968964744738 -0.002033291295850855 -0.0014397110567133233 0.002574590966105461 0.002047201242337941 0.9999505961615469 0.009726983254855617 -0.026620779186487198 0.0014198621390738733 -0.009729900445178703 0.9999516553458137 0.8934925198554993
0.9998743394108665 -0.004348715048549401 0.015244476544307996 0.0038364194333553314 0.004054881203595348 0.9998064216581319 0.01925297768103401 -0.02689465507864952 -0.015325251257586802 -0.01918874379911787 0.9996984189170771 0.8543622493743896
0.9999594705788296 -0.0021229973274423794 0.008749290374338166 0.004659036174416542 0.002108403098912268 0.999996371258822 0.0016769333799360351 -0.02705683745443821 -0.00875281875051181 -0.0016584183838582673 0.9999603181188665 0.8025820255279541
0.9999351412781925 -0.0002502998894625857 0.011386421164126756 0.003852296620607376 0.00016058682787708047 0.9999689458557589 0.007879183713639668 -0.026944559067487717 -0.011388039727374113 -0.007876844170599496 0.9999041293429486 0.8358438014984131
0.9999467793397238 -0.0010658442849700044 0.010261698888301 0.004587823525071144 0.0009166698236626104 0.9998940027661181 0.014530758713326148 -0.02661299519240856 -0.010276098702734786 -0.014520578787042692 0.9998417647743773 0.917621910572052
0.9993546563194996 -0.006115202379968707 0.03539597706500991 0.0015059411525726318 0.004670918907435648 0.9991587241471571 0.040743422502106975 -0.02630079723894596 -0.0356153535584703 -0.04055179725335318 0.9985424869931314 0.90095055103302
0.9999901593351262 -0.004410022884608397 -0.0004826293261255209 0.002293430268764496 0.004411146421583926 0.9999875044251445 0.002352186391297993 -0.02717781253159046 0.00047225009958016016 -0.002354292192844885 0.9999971171399019 0.7617767453193665
0.9999865907214364 -0.005148355870534024 -0.0005592934369729757 0.0022015683352947235 0.005150023346145199 0.9999821721373832 0.0030220302670241027 -0.027088334783911705 0.000543724978700254 -0.0030248701180361813 0.999995277250806 0.7479631900787354
0.9999840618880245 -0.005523985213079541 -0.001166857871897643 0.0017779264599084854 0.005531032964679195 0.9999659416075358 0.0061256264412483915 -0.027097104117274284 0.0011329802607119867 -0.006131982739682812 0.9999805573826969 0.753797173500061
0.9999822121407284 -0.005146543483861219 0.003014712640423309 0.0027621611952781677 0.005117364981980651 0.9999407501297829 0.009607747161983609 -0.027110956609249115 -0.0030639807076417143 -0.009592148875832337 0.999949300065842 0.7901840806007385
0.9999870748871652 -0.00478725144260753 -0.0017123907954066462 0.0019269101321697235 0.004805608041492224 0.9999292482369448 0.010881390152442301 -0.026864806190133095 0.001660177690033977 -0.010889478588223365 0.9999393296926139 0.8161656856536865
0.9999770244577801 0.006611051353043528 0.0014981844251325512 0.0016478169709444046 -0.006630878627723238 0.9998849836732514 0.013640046677570822 -0.027276234701275826 -0.0014078370604198491 -0.0136496675691875 0.9999058478527176 0.9217324256896973
0.9999913828440665 0.0032679963874342535 -0.00256016351490836 0.00358528271317482 -0.00325159198267816 0.9999743244621168 0.006385731446836064 -0.02688957378268242 0.002580966328632432 -0.006377351812833017 0.9999763337182863 0.9921756982803345
0.9999486298832142 -0.004403471690010701 0.00912945955456367 0.0062273237854242325 0.004267558931515388 0.9998805709175006 0.01485368110804317 -0.026684589684009552 -0.009193776995837068 -0.014813957566047963 0.999847999010741 0.9455997943878174
0.9999912603566417 0.0008959846401324616 -0.004083677492163041 0.003873813897371292 -0.0008686737294213095 0.9999772798594673 0.006684696762952172 -0.027724746614694595 0.004089574096060078 -0.006681090957729634 0.9999693187329937 0.9205056428909302
0.9999423792718308 0.00216451640741485 -0.01051441890510635 0.0008955672383308411 -0.002081368148020151 0.9999665292626785 0.007912538213830415 -0.0268253181129694 0.010531193798541222 -0.00789019791101284 0.9999134156186238 0.9150691628456116
0.9999829039395614 0.0057739184319981545 -0.0009239559203358152 0.003102395683526993 -0.005768138474196588 0.9999645101038436 0.006140611640769453 -0.027270207181572914 0.0009593785199725305 -0.0061351771548091615 0.9999807194111968 0.9784207344055176
0.9999680197813717 0.006526893296255403 -0.004621588300708028 0.003836076706647873 -0.006503522065396479 0.9999660797241104 0.005054067860510294 -0.027511654421687126 0.004654418896795405 -0.005023849628824321 0.9999765483848307 1.0052679777145386
0.9999709159721167 0.006730189329714424 -0.003587723717393747 0.00369160994887352 -0.006717615896490311 0.9999712932732101 0.003505177052752267 -0.02762603387236595 0.003611211230788387 -0.003480974158208949 0.9999874209070616 0.9935535788536072
0.9999939068435707 -0.0023582177124053 -0.0025739240379097257 0.001226307824254036 0.0023879742999692 0.999929638777318 0.011619598676588969 -0.02654196508228779 0.0025463413900571547 -0.011625674341009187 0.9999291774129017 0.8991396427154541
0.9999777191439371 -0.006333947873823587 -0.002107681195210477 0.0027716495096683502 0.006333288038830366 0.9999798934605205 -0.0003195892723067933 -0.02724764496088028 0.00210966307882714 0.00030623359948092355 0.9999977277687565 0.7318964600563049
0.9999736658102651 -0.005214602513430411 -0.005047336585506507 0.0003587789833545685 0.00521927521819104 0.9999859626566174 0.0009130475974343555 -0.027523107826709747 0.005042504554013226 -0.0009393669918242906 0.9999868452822155 0.6863336563110352
0.9998078094613757 -0.0024480833579752473 0.01945124746431385 -0.023459913209080696 0.002897945577972213 0.9997281902630692 -0.023133255386035462 0.04574936255812645 -0.019389328288331252 0.023185178049797934 0.9995431463760464 1.099372386932373
0.9967708593614497 0.06612560324385403 -0.04555500547112043 -0.010118616744875908 -0.06576906984152708 0.9977916897687332 0.009282956459918827 0.023994531482458115 0.04606824698225169 -0.006256870151506942 0.9989186994925512 0.802143931388855
0.9854648532696834 -0.03362664426390767 0.16651808239860905 -0.010404597036540508 0.04595109916425663 0.9964371586513451 -0.07072118030993786 0.002535726875066757 -0.16354668891713459 0.07734492649413209 0.9834989796079401 1.0700181722640991
0.9848220157786344 -0.0297162128861091 0.17100451435390437 0.0018245000392198563 0.05449185287510624 0.9883555973437842 -0.14206988128892503 0.031016219407320023 -0.16479149009565094 0.1492318997095424 0.974973643182797 1.0261011123657227
0.9645405584803142 -0.1503821986080972 0.2169025250850671 -0.006331262178719044 0.2054994520846798 0.9435916425468613 -0.25962431956311877 0.07413478195667267 -0.16562453392954726 0.294991536247247 0.9410358692967602 1.183950662612915
0.9543459098078646 -0.10907532647769966 0.2780763520811902 -0.017689354717731476 0.182696285696042 0.9496580588064352 -0.25450272795564155 0.07741665840148926 -0.23631748057617116 0.2936871541245485 0.926229941146557 1.3431843519210815
0.9571807970562223 -0.16422014466992219 0.23840441655180256 -0.01869388483464718 0.23407934659386048 0.923592601569075 -0.3036174662713919 0.08967900276184082 -0.17032845107323352 0.34642235841737795 0.9224856466870015 1.220589518547058
0.9429657667082652 -0.027496009223982057 0.3317522152044329 0.000686105340719223 0.1336618420497544 0.9439939945080398 -0.3016783888723577 0.12286671996116638 -0.304877147054613 0.32881500545064796 0.8938291880411661 1.2566494941711426
0.9140203991929212 -0.237837746276251 0.3286334071658673 -0.007712084800004959 0.3624383519782407 0.8426640481056709 -0.39819058633456006 0.1472710818052292 -0.18222280558291817 0.483063669174569 0.8564136504336515 1.2926956415176392
0.9082923529803394 -0.12069594146831855 0.4005464907230058 0.007733462378382683 0.28488131639823566 0.8796114497449173 -0.3809545025916524 0.16195352375507355 -0.3063456170482077 0.46012627309329035 0.8333283720866774 1.4139875173568726
0.8992079326993893 -0.1680180206062422 0.40397405674381015 0.0016826484352350235 0.3291043194051882 0.86815586640036 -0.37147777670203663 0.174373060464859 -0.28829748649500686 0.46698537063402823 0.8359480982061391 1.465498447418213
0.9100225592365084 -0.1761538204556194 0.3752715992711475 -0.008419672958552837 0.30397143688916867 0.8990630547705806 -0.3150983800372924 0.1509835422039032 -0.2818870469464134 0.40081848146696186 0.8717133919347282 1.4420814514160156
0.9673225587397487 -0.15462646422952114 0.2009420909442874 -0.02673231065273285 0.19242740011496895 0.9637719045717134 -0.18470357777586766 0.07423095405101776 -0.16510228053597353 0.21733470159661333 0.9620326732724476 1.2125887870788574
0.9978964161893141 -0.029321233097280516 0.05781874995343299 0.0034057460725307465 0.03105734039719785 0.9990862944844382 -0.029360139318579122 -0.013568958267569542 -0.05690504515396898 0.031094074403473324 0.9978952722470507 0.6882732510566711
0.9990034058955408 -0.022299086588328316 -0.038664528271217455 0.014304382726550102 0.02073392385432322 0.9989676465247277 -0.04041961897952693 -0.03193041682243347 0.039525933394578605 0.03957766964050869 0.9984344288209989 0.5840080976486206
0.9997249702535951 -0.018920441374926152 0.01385643351032948 0.0058735813945531845 0.01918490824165928 0.999631414400968 -0.019208712566933708 -0.01738516427576542 -0.013487888908473153 0.019469264005039986 0.9997194729582367 0.8010929822921753
0.9999522833689208 0.009457089611536894 0.002448354827366601 -0.0007534176111221313 -0.009440058184511794 0.9999317951115636 -0.006876803504449318 -0.026274746283888817 -0.002513222384581256 0.006853362754526821 0.9999733572111811 0.7644907832145691
0.9994237712736748 -0.0027522611397609482 -0.03383120559075317 0.0009734909981489182 0.0028192478431676143 0.9999941586573784 0.0019324835627782997 -0.028420140966773033 0.033825689271676965 -0.0020267485636297666 0.9994256926032848 0.5241091251373291
0.9996526887000501 -0.004239215916233501 -0.026010209979479407 -4.15705144405365e-05 0.004355806424600037 0.9999807120389415 0.004427471116044193 -0.027846165001392365 0.025990939289538398 -0.004539228845029201 0.9996518726418414 0.5378760695457458
0.9995105270611269 -0.0037347162602975894 -0.031060556795452852 -0.0007568765431642532 0.0037127938185506503 0.9999928161336152 -0.0007634416955979238 -0.027556145563721657 0.031063184898677335 0.0006477465682766224 0.9995172129424955 0.5576772689819336
0.9998530586472956 -0.0101276714955962 -0.013830812836720933 -0.001228155568242073 0.010080885958363407 0.9999432410692387 -0.003448242775736208 -0.027125593274831772 0.013864950484642483 0.003308309239359837 0.9998984039581394 0.60863196849823
0.9996233522471839 -0.0030204698903003643 -0.02727692071595566 -0.0028827860951423645 0.0033189192696690684 0.9999350544864886 0.010902824587458457 -0.02607300505042076 0.027242217548947102 -0.010989247960859662 0.9995684558909764 0.7877725958824158
0.9999638717353542 0.008006491149271476 -0.002855052279153072 0.003050372004508972 -0.008017419060265847 0.9999604988537436 -0.003836889858256864 -0.02731870301067829 0.0028242194766245608 0.0038596413886455854 0.9999885634109517 0.7852224111557007
0.9997364129840339 -0.00467462846686461 -0.022477820234931934 -0.002704700455069542 0.004667147980057915 0.9999890345985872 -0.00038524319296666 -0.026036685332655907 0.022479374625406685 0.00028023433455743723 0.9997472676557652 0.6002101898193359
0.9994669102863253 -0.003773907737751307 -0.03242919769426207 0.0023949500173330307 0.0038345184405467365 0.999991015518774 0.0018070279633055793 -0.028937626630067825 0.03242208677793117 -0.0019304150118568022 0.9994724017134472 0.6405317187309265
0.9998619639971333 -0.014032779853689354 -0.008895731637872356 -0.0007935967296361923 0.014115556933110587 0.9998570106096824 0.009311787537185937 -0.027620850130915642 0.008763789378075367 -0.00943607038165082 0.9999170748474542 0.6430370211601257
0.9998360305744972 -0.008204614554391877 -0.01614299430239867 -0.0005819424986839294 0.008091008759675706 0.999942130375337 -0.007090238196544416 -0.02693854831159115 0.01620023278487892 0.006958462505952547 0.9998445540469124 0.6495691537857056
0.9998351210677078 -0.006902203690380206 -0.01679554297241805 -0.00046800822019577026 0.0068299316001522005 0.999967185432994 -0.0043566146895366595 -0.026670310646295547 0.016825062075935465 0.004241183965869209 0.9998494534902282 0.7012658715248108
0.9997530089933947 -0.005477030945587227 -0.021538875102353507 -9.152851998806e-05 0.005351572231408062 0.9999684038657699 -0.00587809023381864 -0.026854777708649635 0.021570389039276182 0.005761371552501349 0.9997507313898444 0.7453598976135254
0.9997667709684498 -0.005961439929351019 -0.020757285499029523 -0.00023039989173412323 0.005767548170450453 0.999939296029044 -0.009388271674904787 -0.026759857311844826 0.02081199306700383 0.00926636341339067 0.9997404640473798 0.7224620580673218
0.9998081166010548 -0.007634218360958467 -0.01804019646979769 -4.008784890174866e-05 0.007531273189809223 0.9999550069289891 -0.0057674987460726804 -0.026960549876093864 0.01808341513078095 0.005630526410797993 0.9998206275475343 0.6993586421012878
0.999857011990815 -0.0069354207803580745 -0.015422565007110587 -0.00040315277874469757 0.0068314632842092545 0.9999536592054359 -0.0067831077726577885 -0.02697785012423992 0.01546889401979584 0.006676779182986883 0.9998580568948504 0.6811773777008057
0.9998435039497465 -0.00782767379839177 -0.015864902533569494 -0.0005980152636766434 0.007724134674633082 0.9999485384066285 -0.0065771028558194375 -0.026916686445474625 0.015915569516100257 0.006453530921431172 0.9998525124165187 0.666366696357727
0.9998230063888595 -0.0077986717583456 -0.017121232851300898 -0.0005669984966516495 0.007684012013883841 0.9999476782459505 -0.006752535072362368 -0.026728661730885506 0.017172997842932698 0.006619780157873659 0.9998306189829096 0.6812857985496521
0.9997737979027523 -0.008558108907891677 -0.01947079348734943 -0.0011945273727178574 0.008450747203394157 0.9999486692928169 -0.005589602063549985 -0.026627780869603157 0.019517630460961947 0.005423794930229347 0.9997948012216026 0.6346794962882996
0.9998274805253081 -0.008549636126633649 -0.016489781942668723 -0.0013564955443143845 0.008443232055308158 0.999943153905962 -0.006511588827459833 -0.02689288556575775 0.016544516278054776 0.006371238396092527 0.999842830800134 0.626878559589386
0.999773981278351 -0.00784920893085607 -0.019757942149817114 -0.0009516626596450806 0.007696264777958535 0.9999399224027018 -0.007805068465204042 -0.026730144396424294 0.01981801875322822 0.007651242019354573 0.9997743268499438 0.6748096346855164
0.9997718067632331 -0.005447425791659621 -0.020655748682275637 -0.0017936322838068008 0.005387147570637882 0.999981070514642 -0.002972751830039141 -0.026152458041906357 0.02067155152457455 0.0028607979018435118 0.9997822276840752 0.6234588623046875
0.9998185013881172 -0.004661197677837388 -0.01847261535969835 -0.0022947732359170914 0.004648707592807745 0.9999889362001059 -0.0007190237109245318 -0.026170743629336357 0.01847576249403016 0.0006330194218374416 0.9998291081413241 0.609792172908783
0.9998668129756053 -0.007673278251994115 -0.014404065775787386 -0.0014267992228269577 0.007630071452975309 0.999966232508586 -0.003052188101498225 -0.026551783084869385 0.014426999675200197 0.0029418775385644798 0.9998915976429243 0.6665553450584412
0.9998319365034084 -0.012375734877266197 -0.013525528976410281 0.0011078715324401855 0.012322318242585225 0.9999159741823279 -0.0040255494201772235 -0.02725849114358425 0.013574211615138037 0.0038582069998193314 0.9999004225510527 0.6746177077293396
0.9994786801323159 0.0023917669350319998 -0.03219700936255058 -0.0032538920640945435 -0.0020687541019534543 0.9999472371858119 0.010061963075231668 -0.025254851207137108 0.032219376428313025 -0.009990109878783238 0.9994308928020889 0.5593705773353577
0.9995811727664816 -0.00038203487344899673 -0.028936708522920376 0.0015820302069187164 0.0005805712203037548 0.9999763496307593 0.0068529640448029994 -0.025419119745492935 0.028933406087827598 -0.0068668936570094406 0.9995577541011125 0.5701335072517395
0.9999425324040777 -0.006686759489328507 -0.008379685963787875 0.0009546857327222824 0.006697099825897017 0.9999768463086486 0.0012065241526843702 -0.02803635224699974 0.008371424206298382 -0.0012625744100510487 0.9999641619391252 0.5782749056816101
0.9997139490472446 -0.005695619857613426 -0.023228861246330213 -0.0027455296367406845 0.005708792842010083 0.9999835792964152 0.000500821143454429 -0.02591446228325367 0.0232256273252353 -0.000633286639900279 0.9997300481546915 0.5986244082450867
0.9998965588836555 -0.008431519875144287 -0.01165251068308347 -0.0005234740674495697 0.00837511480799818 0.9999530158158142 -0.004880943844243559 -0.026748700067400932 0.011693116974407513 0.0047828478391912475 0.9999201945065265 0.651843249797821
0.9998668151805052 -0.0064655660001213255 -0.01498493767393926 -0.0005659610033035278 0.006356189820717114 0.999952895416024 -0.007335243695588731 -0.026816226541996002 0.015031658316925023 0.007239019644174009 0.9998608132349397 0.6789330840110779
0.9998752063237933 -0.0072875292681515835 -0.014016550792464074 -0.00032249465584754944 0.007204078334168489 0.9999560793673065 -0.005995047265911157 -0.02653694897890091 0.014059624259099365 0.0058933227920400484 0.9998837911038272 0.6882833242416382
0.9998270521065035 -0.007755467092116203 -0.016903212895846995 -0.0006591081619262695 0.00762624676098196 0.9999413056402002 -0.007695819313905696 -0.026861002668738365 0.016961905446023384 0.007565580265569484 0.9998275130035608 0.6776034235954285
0.9998332852413103 -0.009962468191186662 -0.015301991736658482 -0.0006074085831642151 0.009880396027417943 0.9999364456954959 -0.0054297646542383355 -0.02675960585474968 0.015355113086869605 0.005277669693967799 0.999868174663386 0.6539660692214966
0.9998475308991723 -0.008890382418677303 -0.015029173472893209 -0.0009278543293476105 0.008781200163240296 0.9999346875137378 -0.007315137079812773 -0.02667411044239998 0.015093226246291813 0.007182047566886246 0.9998602965985924 0.6427009701728821
0.9999035952167483 -0.005225067787358561 -0.012864639102539018 -0.0010111331939697266 0.005137124797039111 0.9999632772033996 -0.006859605925754301 -0.026887156069278717 0.01290000858297055 0.006792857370393224 0.9998937177856978 0.659826934337616
0.9998971475740304 -0.006907791368621637 -0.012568877902381096 -0.0005789455026388168 0.0068672670224449 0.9999710914588642 -0.003264489272432725 -0.026575103402137756 0.012591064965276295 0.003177839671063346 0.999915679654072 0.68705815076828
0.9998998373985487 -0.007330676315835415 -0.012106872226473279 -8.512288331985474e-07 0.007305108321827363 0.9999709958392444 -0.002154732622856587 -0.026589015498757362 0.012122316724210307 0.0020660747861787395 0.9999243875274848 0.7147732973098755
0.9999033425984588 -0.007184406812239281 -0.011903350754503786 -8.418411016464233e-05 0.007135275724369376 0.9999658703871962 -0.004164841067059808 -0.026879698038101196 0.011932866410285549 0.00407950481466717 0.9999204790080564 0.6910951137542725
0.999871762741999 -0.008735344110386324 -0.013422065209228328 -0.000604851171374321 0.008659421750248138 0.9999462363745882 -0.005704276925884692 -0.026709042489528656 0.013471172412190707 0.005587318101646799 0.9998936490398725 0.655167281627655
0.9998624333821583 -0.009914046620034039 -0.013297593418539668 -0.0003059227019548416 0.009842759809839547 0.9999368933786779 -0.005415656887624161 -0.02663901448249817 0.013350445327209321 0.005284026855955151 0.9998969170218251 0.6569060683250427
0.9998735054896966 -0.008536173897804996 -0.013420385796703207 -0.0002749655395746231 0.00842198117875261 0.9999280452539936 -0.008542514123614625 -0.026896202936768532 0.013492340522335527 0.008428407305882365 0.9998734513414763 0.6358836889266968
0.9998172940357503 -0.009634078251058248 -0.016509484646180142 -5.568377673625946e-05 0.009488440472351332 0.9999155788152171 -0.008877203390252787 -0.027243424206972122 0.016593614568038415 0.008718932209953052 0.9998243006532125 0.6182935237884521
0.9998884490319805 -0.00884089061148338 -0.012038610618181731 -0.0004185531288385391 0.00875845183074629 0.9999379518598418 -0.006883454937252063 -0.02665005251765251 0.012098719516912106 0.0067772474899820394 0.999903840327914 0.6409854888916016
0.999879205842391 -0.008584112989262017 -0.012957111104584978 -0.0001147836446762085 0.008484185840360463 0.9999339951327558 -0.007747513696116277 -0.026941630989313126 0.013022761405139973 0.007636647303160295 0.999886038158025 0.6418339610099792
0.9998565341204979 -0.008612475799414486 -0.014585487209873047 0.00016679242253303528 0.008465359150544834 0.9999129741640158 -0.010118388850202248 -0.02705499343574047 0.014671362274756808 0.009993465819029459 0.9998424284705696 0.6244094967842102
0.9999098178553156 -0.008052801272531973 -0.01074749032166778 -0.0003079809248447418 0.007970556879655121 0.9999387923408181 -0.007673447400884942 -0.026689866557717323 0.010808625239937664 0.007587091910018814 0.9999128010265551 0.63845294713974
0.9999301434892576 -0.005584958784346875 -0.010417119416126368 -0.0004964526742696762 0.005532758043894807 0.9999720275599862 -0.005033158650178777 -0.026800712570548058 0.01044493800749471 0.0049751716500336775 0.9999330732289398 0.6769363880157471
0.9998246499000589 -0.008307904550012837 -0.016782376893998283 -0.0007237512618303299 0.00819450362120361 0.9999432037339931 -0.006814647210210734 -0.026685740798711777 0.016838039156220428 0.0066759290129110894 0.9998359427472028 0.6771477460861206
0.9998243772387082 -0.007675145915412632 -0.017096982611167634 -0.001293182373046875 0.007531718665789394 0.9999360372411982 -0.00843769164574179 -0.026752760633826256 0.017160649555562964 0.00830744013197483 0.9998182327529764 0.6536068916320801
0.9998618598039264 -0.007304187304281439 -0.01493017606250686 -0.0013249479234218597 0.007200144994309626 0.9999495040750712 -0.007010507262680474 -0.02683049440383911 0.01498062820760188 0.006902039397392012 0.999863962062171 0.6480385065078735
0.9998773830941439 -0.006359328410567929 -0.014310056567786649 -0.0013308916240930557 0.006262428529525848 0.9999572285398292 -0.006806106071511807 -0.02687373198568821 0.01435272676947802 0.0067156558213351545 0.999874441718144 0.6500914692878723
0.9998307488502143 -0.009638195555245442 -0.015670955301399576 -0.001007692888379097 0.009547078660462296 0.9999371443287344 -0.00587883328107518 -0.02682948112487793 0.015726631637784424 0.005728226438835909 0.9998599204284542 0.6398376226425171
0.9997924805099755 -0.009399523766741547 -0.018073319248779102 -0.0014137811958789825 0.00925338886064621 0.9999239539454747 -0.008152369020193794 -0.027044422924518585 0.018148573230518623 0.007983437793720679 0.9998034276850074 0.6110111474990845
0.9997471633587299 -0.007567761261075319 -0.021174001645143173 -0.0013714730739593506 0.007441496752417584 0.9999540965474736 -0.006035637829572622 -0.02686670981347561 0.021218705951516377 0.005876545534697852 0.9997575869831256 0.5952052474021912
0.9998754252822646 -0.00721270658633277 -0.014039614678124828 -0.0014892201870679855 0.007107966815628024 0.9999466422721967 -0.007495959999079746 -0.02686069905757904 0.014092931716242615 0.007395233076742388 0.9998733418805515 0.625304639339447
0.9998956108093331 -0.005965545810042013 -0.013159777635614123 -0.0009553413838148117 0.005871237838939961 0.9999568907699586 -0.00719341142402264 -0.026210732758045197 0.013202122953113226 0.0071153963252197 0.9998875312177193 0.6355427503585815
0.9998805632074462 -0.0020261502903905987 -0.015321685121459759 -0.00028498657047748566 0.001971288231147678 0.999991595194372 -0.003594935788749373 -0.02618420496582985 0.015328840225866726 0.0035643029635880432 0.9998761535318831 0.6283553242683411
0.9996714187057425 -0.006070184789321459 -0.0249039651355329 0.0012493859976530075 0.005777541730246481 0.99991361504597 -0.011806034781218347 -0.027531715109944344 0.02497347862040065 0.011658271841210738 0.9996201328821229 0.6025668382644653
0.9995977461675808 -0.008022351430884247 -0.027202715566874272 0.0026009660214185715 0.007703252366369065 0.9999005280463168 -0.01181498690972836 -0.028524568304419518 0.027294793636752482 0.011600684902901748 0.9995601124245159 0.5990822315216064
0.9994387789398067 -0.008568224592830874 -0.03238383360003584 0.002662571147084236 0.008114478603377922 0.9998674233404466 -0.014117045708335413 -0.028704535216093063 0.03250049827776989 0.013846345000133344 0.9993758033601944 0.5874497890472412
0.9994289819721556 -0.008152331929394574 -0.032790996907895595 0.0027472637593746185 0.007765110154741215 0.9998988169418594 -0.011918848205868788 -0.02860146388411522 0.03288484542133929 0.011657416625598509 0.9993911604468151 0.6027981638908386
0.9994831397494576 -0.011011062714517147 -0.03020281202906429 0.002141634002327919 0.010514329062076859 0.9998076486091663 -0.016556408637867972 -0.027041874825954437 0.030379306130002153 0.016230288984077686 0.9994066617141156 0.5975984930992126
0.9995139655690545 -0.011933574489471981 -0.028799695004066723 0.0025036856532096863 0.011376946064799243 0.9997467859942493 -0.019414659214303503 -0.027142928913235664 0.02902408879985195 0.01907757044471634 0.9993966422673559 0.5928010940551758
0.999494590359195 -0.009924120455764305 -0.03020059065456088 0.0031271222978830338 0.009389047383876756 0.9997973428320325 -0.01780783690487132 -0.027850983664393425 0.030371197406888432 0.017515281875740977 0.9993852136533165 0.6009774208068848
0.9995187112872957 -0.013827632019745057 -0.027769450468268186 0.002314554527401924 0.013180060546746338 0.999640028978419 -0.023368749816996416 -0.0260651633143425 0.0280825887440453 0.02299149966295784 0.9993411625429429 0.5935301780700684
0.999520822559613 -0.019451326092571792 -0.0240784381344689 0.0018125269562005997 0.01880209484960287 0.9994612334204885 -0.026902121084827507 -0.024446135386824608 0.02458874740651804 0.02643650511767051 0.999348039823035 0.5874781012535095
0.9993209309359027 -0.02818704701270569 -0.02373114776205414 0.0016970112919807434 0.027291378891791646 0.9989330191954503 -0.037255923008925385 -0.022716958075761795 0.024755961536276416 0.03658296791904432 0.9990239380648738 0.5810067057609558
0.9993406976621568 -0.029305164453046643 -0.021433089662791803 0.0019556134939193726 0.028352581229648385 0.9986521716809403 -0.043473798253171304 -0.02295185998082161 0.022678208344787107 0.04283745246068143 0.9988246350250624 0.5801995992660522
0.9994824485545116 -0.025025063682037177 -0.020213392075258862 0.002469327300786972 0.024294247105205904 0.9990698716537408 -0.035625568225208376 -0.024072375148534775 0.021086123139860215 0.03511606101896632 0.9991607666784375 0.5907394886016846
0.9995755054202142 -0.02306066644500513 -0.01780490457810818 0.0027133412659168243 0.02253232411704155 0.9993159300571299 -0.029325182078518055 -0.024629227817058563 0.018468983020402372 0.02891154781684756 0.9994113362720208 0.5964390635490417
0.9995279204999402 -0.02381158892179482 -0.01941505534591116 0.00287446565926075 0.023182384780061672 0.9992185564052879 -0.03201333427248522 -0.024460118263959885 0.02016217193098254 0.031548134150091514 0.9992988552253392 0.5983191132545471
0.999483303901834 -0.026539260415180378 -0.018132646748040958 0.002857636660337448 0.02589004863501184 0.9990467754096046 -0.035146065574225595 -0.024011313915252686 0.01904811285011515 0.034658450633089234 0.9992176745817515 0.5971526503562927
0.9995069781328928 -0.024631902662960396 -0.019469720975269528 0.002373363822698593 0.023995361050220026 0.9991908536617956 -0.03227786558434823 -0.02369774878025055 0.020249032365078315 0.03179476890644297 0.9992892821192787 0.5939282774925232
0.9994844402404984 -0.024515534404055135 -0.020732638279310427 0.0019510947167873383 0.02381169805506473 0.9991536900948804 -0.03353962739085965 -0.022989407181739807 0.021537333931375198 0.03302865638603644 0.9992223231615981 0.5912236571311951
0.9994832067667857 -0.02630246473570206 -0.018479711578107735 0.0009095389395952225 0.025780627186367082 0.999277353296095 -0.02793081544511476 -0.02139945700764656 0.01920100656373123 0.027439962433987778 0.9994390275592409 0.5964269638061523
0.9993721683614908 -0.03185536915349691 -0.015508209456504777 0.002674899995326996 0.031154220097774857 0.9985663428275394 -0.04352784789227154 -0.02199099399149418 0.01687257166385101 0.04301737356147821 0.9989318404662656 0.5977723598480225
0.9992500594365347 -0.009439267217035216 -0.0375528820530099 0.0017817877233028412 0.008763868991988591 0.9997976016567613 -0.018109398711143445 -0.028976906090974808 0.037716220865472855 0.01776670919988581 0.9991305373812941 0.6503937840461731
0.9998360287789595 -0.006211501048304268 -0.017009785720184266 0.00037098489701747894 0.006115065918546216 0.9999649686329043 -0.005715546851049162 -0.026885241270065308 0.017044691969393407 0.005610593704913808 0.9998389868943632 0.7263638973236084
0.9998357588864917 -0.006099146140835435 -0.01706621423240914 0.00022469647228717804 0.005997865017521033 0.9999641349385416 -0.005979502642043354 -0.026836741715669632 0.017102072012050166 0.00587615971254511 0.9998364815708255 0.7243074178695679
0.9998252805241615 -0.005844853402071872 -0.017755171457651184 0.0004054289311170578 0.005765562434081598 0.9999731920117665 -0.0045137066384625495 -0.026679955422878265 0.017781077430825434 0.004410549456437676 0.999832176087013 0.7506762146949768
0.9998552155224657 -0.0072445369927985745 -0.015396904763104569 0.00048083625733852386 0.007144437162111117 0.9999530498132649 -0.006546387308062128 -0.0267342459410429 0.015443607420573238 0.006435437274224981 0.9998600302727023 0.7141135334968567
0.9999277389452849 -0.007339606793166671 -0.00952087495413041 -0.00012078136205673218 0.007312758309410072 0.9999691951710221 -0.0028517143837821367 -0.026808694005012512 0.009541512127469105 0.0027818844584593465 0.9999506091128608 0.6669254899024963
0.9998982609802649 -0.0018673046234170287 -0.01414145898009247 -0.00015583448112010956 0.0018588862891369697 0.9999980871843035 -0.0006084155638702391 -0.026096221059560776 0.014142568027283134 0.0005820663000606924 0.9998998194661385 0.792156994342804
0.9996652749025332 0.0036124088181752295 -0.02561813140283951 0.0002740565687417984 -0.003867640053163992 0.9999433121734885 -0.009920372973463838 -0.026447586715221405 0.025580842723842066 0.010016134086754228 0.9996225775478935 0.893731415271759
0.9996109618233098 0.0037321273958311743 -0.027640481685004676 0.0002167578786611557 -0.004034883187560622 0.9999323905872752 -0.010905685309962651 -0.026703905314207077 0.027597911521354896 0.011012968696881006 0.9995584374113108 0.8897165656089783
0.9996178235080264 0.0032913656844513637 -0.02744765631173843 -0.00028830021619796753 -0.003566414714500068 0.9999438592175399 -0.009977930607938853 -0.026640119031071663 0.027413274360431585 0.010072007002770679 0.9995734425562616 0.8749445080757141
0.9996848980851036 0.0015562166421380771 -0.02505359715367392 -0.00011620856821537018 -0.0017859293164979133 0.9999565513878644 -0.009149087001744497 -0.026578349992632866 0.025038270648196113 0.009190948060551169 0.9996442424566331 0.8509426116943359
0.9997960626721168 -0.0010512131127026086 -0.020167499010146906 7.236376404762268e-06 0.0009163169535802293 0.9999771559209114 -0.00669686490575497 -0.026689346879720688 0.020174078134407424 0.006677019343766586 0.9997741864961857 0.8013297915458679
0.9997147666758159 0.0014633935401785927 -0.02383786420099686 -0.001015249639749527 -0.0016194472872580372 0.9999773779378954 -0.006528476310365107 -0.02632931061089039 0.02382777120929267 0.006565218335879575 0.9996945209549764 0.8361331820487976
0.9997017430455671 0.005103450092592797 -0.02388262441205688 0.0006875395774841309 -0.005335310779915638 0.9999391586328954 -0.009654713430189362 -0.02653633803129196 0.023831899012388344 0.009779255068244074 0.9996681483171171 0.9193110466003418
0.9997380472736751 0.005307151049993939 -0.02226366953472149 0.0011388398706912994 -0.005545409963806539 0.9999278716120614 -0.010653637956396374 -0.026476353406906128 0.022205523226261813 0.010774308381757159 0.9996953681082765 0.9301275610923767
0.9995319257856686 0.0009534903393470262 -0.030578099865178596 -0.00017646141350269318 -0.001308426351852326 0.9999319821009848 -0.01158961570015103 -0.026524528861045837 0.030564969420463054 0.011624200091540955 0.9994651872959646 0.8694186210632324
0.9996531822109981 0.001704136520530934 -0.02627948276021418 -6.785988807678223e-05 -0.0019305431607491374 0.9999612212932872 -0.008592375267743176 -0.02634289860725403 0.026263821095367793 0.0086401289548613 0.9996177068625354 0.8593266606330872
0.9996673189469288 0.003717284687803351 -0.02552318992619503 0.0006703175604343414 -0.00396922124529434 0.9999438328364656 -0.009827332039980157 -0.026321643963456154 0.02548522537009835 0.009925369860510956 0.9996259251945034 0.900996744632721
0.9995710393265422 0.0014433147046023563 -0.029251567177160386 0.0007440578192472458 -0.0018376811720495897 0.9999077281904687 -0.013459496011584533 -0.0266580730676651 0.029229441793615262 0.013507477471365412 0.9994814594502464 0.8815327286720276
