0.9999989728886423 0.0001808476857701747 -0.0014218001882484203 -0.003749854164198041 -0.00018059494320903636 0.9999999678705311 0.0001778887383797372 -0.01760534569621086 0.0014218323133333957 -0.00017763178574394228 0.9999989734193838 0.8063041567802429
0.9999936415489931 6.591351553285866e-05 -0.0035654616801072993 -0.006544793955981731 -6.4019089472828e-05 0.9999998567373174 0.0005314385202621198 -0.020985107868909836 0.0035654961982908547 -0.0005312068835260149 0.9999935025069447 0.9538881778717041
0.9999990876835149 -0.00010847464503357196 -0.0013464268971992608 -0.0026690938975661993 0.0001087650219349687 0.9999999708448143 0.00021559346183330132 -0.015539397485554218 0.0013464034715196906 -0.0002157397092948397 0.9999990703266028 0.7408943176269531
0.9999991403304022 -4.55377905231374e-05 -0.0013104444918119224 -0.0018651641439646482 4.5617050266268944e-05 0.9999999971322432 6.0453272631223145e-05 -0.012725511565804482 0.001310441735145421 -6.051299927363672e-05 0.9999991395399476 0.5948027968406677
0.9999977796882594 -0.0002136781507102446 -0.0020964160368199102 -0.0016943651717156172 0.0002142257078449307 0.9999999430020003 0.00026096617105110347 -0.012154391966760159 0.0020963601545595616 -0.00026141469783427513 0.9999977684657393 0.5536088943481445
0.9999570103180813 -0.00033346776417640987 -0.009266407878747166 -0.009230628609657288 0.0003360414513248593 0.9999999053981102 0.0002761881857041827 -0.012592675164341927 0.00926631490227069 -0.0002792902096140718 0.9999570277792497 0.3860442340373993
0.9999365045006197 -0.0005771748316109067 -0.011254058658787336 -0.010804882273077965 0.0005816020809153625 0.9999997547716889 0.00039012252047117475 -0.012838099151849747 0.011253830730073482 -0.0003966431333816123 0.9999365949739628 0.3243691325187683
0.999932034462812 -0.0009957147042482068 -0.011616152860971053 -0.008858689107000828 0.0009938502636027008 0.9999994923069115 -0.00016627559211729255 -0.0014025671407580376 0.011616312526582559 0.0001547195745244277 0.9999325163955506 -0.13679653406143188
0.9999541017208141 -0.0007918356104833021 -0.009548164644869468 -0.008095844648778439 0.000791162202704956 0.9999996842705617 -7.430441164166567e-05 -0.007986713200807571 0.009548220467111963 6.67468542248109e-05 0.9999544124762731 0.14207005500793457
0.9999906733649574 -0.00014230497877587998 -0.004316588049831269 -0.004259319975972176 0.000142723242230896 0.9999999851503312 9.658888821270218e-05 -0.01200160663574934 0.004316574240651679 -9.72040648052397e-05 0.9999906788256552 0.4961642622947693
0.9999994698163068 -4.762175733055156e-05 -0.001028639525537768 -0.001697229454293847 4.766600322699577e-05 0.9999999979399266 4.2989523261601174e-05 -0.012904500588774681 0.0010286374761820504 -4.3038531604200666e-05 0.9999994700261733 0.6039848327636719
0.999999645841092 -5.0281257142022846e-05 -0.000840112781588574 -0.0022429933305829763 5.045347919599469e-05 0.9999999777190698 0.0002049787951211882 -0.015044594183564186 0.0008401024562785735 -0.00020502110913887014 0.999999626097034 0.7315188646316528
0.9999981326817237 -0.00017796065639441306 -0.0019243084656733406 -0.0016565124969929457 0.00017855008639687883 0.9999999371990858 0.0003061399870274899 -0.012600877322256565 0.0019242538639519693 -0.0003064830008094971 0.999998101655817 0.5903185606002808
0.9999547133763683 -0.0007245211381301896 -0.009489271073454212 -0.008110027760267258 0.0007239975439348737 0.9999997361960272 -5.861255977813932e-05 -0.006813263986259699 0.009489311036185322 5.1739696462291464e-05 0.9999549741358669 0.11388635635375977
0.999965928489108 -0.000495648134900752 -0.008239914674458634 -0.007845565676689148 0.0004955153274054289 0.9999998770673959 -1.8159110354111408e-05 -0.008955880999565125 0.008239922662033645 1.4075487628078023e-05 0.9999660511619404 0.2339772880077362
0.9999938617833763 -0.00010485340837091271 -0.003502199499239048 -0.003458514576777816 0.00010515441821504104 0.9999999907934759 8.576477408870706e-05 -0.012423898093402386 0.0035021904742670823 -8.613251939676051e-05 0.9999938636027078 0.527080237865448
0.9999995106752108 -2.33848774984641e-05 -0.0009889906403044567 -0.0012402867432683706 2.3521783180177727e-05 0.9999999901435501 0.00013841829925889223 -0.012745238840579987 0.0009889873936615482 -0.00013844149435079557 0.9999995013688197 0.6134749054908752
0.9999996776521618 8.180315957389728e-05 -0.0007987514102080319 -0.0024539914447814226 -8.169459980839449e-05 0.999999987422677 0.0001359435104939618 -0.01577921397984028 0.0007987625207705594 -0.00013587821299606174 0.9999996717577194 0.7396500110626221
0.9999982795451201 -2.5519229096467658e-05 -0.001854792594593681 -0.004005000926554203 2.6111604227844253e-05 0.9999999486662765 0.0003193518883260843 -0.017426995560526848 0.00185478434976627 -0.0003193997705057244 0.9999982288778329 0.8309978246688843
0.9999972020970712 6.816635500613507e-05 -0.0023645615613221843 -0.005002006888389587 -6.728824201027885e-05 0.9999999287517322 0.0003714415473284507 -0.018779641017317772 0.002364586712667648 -0.0003712814008804712 0.9999971354357969 0.8801482915878296
0.9999954056647335 8.521301876484444e-05 -0.0030300805544603254 -0.006025813519954681 -8.399041977096122e-05 0.9999999150213766 0.0004036122508180683 -0.020310303196310997 0.003030114689986554 -0.0004033558987503615 0.9999953278435778 0.9371652603149414
0.9999946822933338 0.0001545074223372719 -0.0032575316592610747 -0.00670865923166275 -0.000152917604188893 0.9999998690958878 0.0004882872248265185 -0.021599097177386284 0.0032576066768372526 -0.00048778649432138426 0.9999945750168224 0.9858791828155518
0.9999938469072963 0.00010777402336111993 -0.0035063559869479154 -0.006843565031886101 -0.00010598748480301108 0.9999998644882412 0.0005096961377947339 -0.02154514193534851 0.0035064104437989092 -0.0005093213717352667 0.9999937228190687 0.98008131980896
0.9999909277471378 0.00038521167850819396 -0.00424217342650301 -0.008456464856863022 -0.0003828662000384226 0.9999997734183608 0.0005536936873401569 -0.023727696388959885 0.004242385754579083 -0.0005520644792713081 0.9999908486520861 1.056023359298706
0.9999915203497546 -1.7041142268885527e-05 -0.004118123138782685 -0.007033298723399639 1.9186434600573417e-05 0.9999998641473227 0.0005209003908396773 -0.021375898271799088 0.004118113702586962 -0.0005209749858868295 0.9999913848251878 0.9654542207717896
0.9999981443604693 0.00022639273922207546 -0.0019131183825266814 -0.004768628627061844 -0.00022571847097162118 0.9999999123434538 0.00035265316769115423 -0.019054453819990158 0.0019131980529459606 -0.00035222068713790407 0.9999981078051087 0.8755009174346924
0.9999932954431426 0.0001524042743890176 -0.0036586666561130863 -0.007417135871946812 -0.00015052513786023596 0.9999998566335934 0.0005138822582626686 -0.02268744818866253 0.003658744449435887 -0.0005133280916070542 0.9999931750183718 1.0220825672149658
0.9999957437311402 2.7327595453542987e-05 -0.002917494268470937 -0.005610022693872452 -2.609315312223596e-05 0.9999999101296889 0.0004231545364747676 -0.019682595506310463 0.0029175055700708065 -0.0004230766087906107 0.9999956545742746 0.9082626104354858
0.9999980808270142 -4.913392132768048e-06 -0.001959162613715183 -0.0038308321963995695 5.488678645555021e-06 0.9999999568745578 0.0002936337121421962 -0.017094271257519722 0.0019591610864878573 -0.0002936439018223092 0.9999980377286228 0.8036023378372192
0.999998604648113 9.089376941269543e-05 -0.0016680647917787794 -0.0038005204405635595 -9.04884860814233e-05 0.9999999663716851 0.0002430400425365601 -0.017352206632494926 0.0016680868265101557 -0.00024288876275248438 0.9999985792446847 0.8065308332443237
0.9999984636593653 -4.751121639788321e-05 -0.001752261850604622 -0.0038627542089670897 4.788765837746495e-05 0.9999999757858622 0.0002147907050190878 -0.017274141311645508 0.001752251603207446 -0.0002148742867442894 0.9999984417204657 0.8065074682235718
0.9999974426210357 0.00013837223260999187 -0.002257344571299374 -0.0047712307423353195 -0.00013757808471758398 0.999999928599014 0.00035195772142862785 -0.01845063641667366 0.0022573931112984435 -0.0003516462601966877 0.999997390257219 0.8718181848526001
0.9999971006389325 0.00016188827580520084 -0.0024026039862501685 -0.005188437178730965 -0.00016110433380371413 0.9999999337286126 0.00032647842800907664 -0.019424475729465485 0.002402656680056067 -0.00032609041151563414 0.9999970604486401 0.8887710571289062
0.999997250386057 2.656714412765384e-06 -0.0023450401420196734 -0.004337666556239128 -1.8914393584452745e-06 0.9999999467493519 0.00032633987788255 -0.017728030681610107 0.002345040884136623 -0.00032633454507264984 0.9999971971405802 0.8291637897491455
0.9999982774909338 -6.64974834663685e-05 -0.0018548836217973247 -0.0039942916482687 6.684011165711354e-05 0.9999999807173852 0.00018465543404831382 -0.017595265060663223 0.001854871306908645 -0.0001847790966060464 0.9999982626530511 0.8101946115493774
0.9999993539830064 -3.6046454529180705e-05 -0.0011361048468547942 -0.0021256734617054462 3.624803108379547e-05 0.999999983606297 0.00017740768315843103 -0.014321851544082165 0.0011360984333118444 -0.00017744875011385617 0.9999993388959271 0.7104774713516235
0.9999985918457178 -2.7356659585173772e-05 -0.001677962512931335 -0.004052332602441311 2.7880998552560907e-05 0.9999999507947881 0.00031246291182866146 -0.01782858744263649 0.001677953882425322 -0.0003125092551030684 0.9999985434033062 0.8418564796447754
0.9999978339031304 7.971527734130627e-05 -0.0020798640632835094 -0.005171414464712143 -7.898395263243034e-05 0.9999999350339102 0.0003517011663847928 -0.019805293530225754 0.0020798919641188936 -0.00035153612868134103 0.999997775233409 0.9224122762680054
0.9999970258979745 -5.1615976716834194e-05 -0.0024383459551055434 -0.004572076722979546 5.254656833137449e-05 0.9999999258154126 0.00038158619897505323 -0.018450912088155746 0.0024383260782734934 -0.00038171319081111143 0.9999969544258502 0.8607825636863708
0.9999995199497769 1.6311242478635715e-05 -0.0009797112630941084 -0.0026332149282097816 -1.6090378381033174e-05 0.9999999744577336 0.00022544540773025327 -0.015947427600622177 0.0009797149153647736 -0.00022542953558020765 0.9999994946699768 0.7560036778450012
0.9999988241619474 -3.457440897164647e-05 -0.0015331273049823651 -0.003594375913962722 3.5013573768208555e-05 0.9999999583675563 0.0002864243981956053 -0.01705176755785942 0.0015331173382002459 -0.0002864777416728877 0.999998783740126 0.8073294162750244
0.9999988634196025 2.075213729736025e-05 -0.0015075572467257682 -0.0036602679174393415 -2.033554313513979e-05 0.999999961608015 0.0002763520120972223 -0.017275195568799973 0.0015075629237425502 -0.00027632104100552303 0.999998825449667 0.8215278387069702
0.9999973993323741 9.299479053317634e-05 -0.0022787453691243626 -0.005123999901115894 -9.214974421314165e-05 0.9999999269557447 0.0003709406016174593 -0.019610825926065445 0.002278779698218652 -0.0003707296511213538 0.9999973348577549 0.9029624462127686
0.9999970456387751 0.00012053852048803627 -0.0024277940988916714 -0.005490955896675587 -0.00011960359178142234 0.999999918644327 0.0003852354088686368 -0.020186027511954308 0.002427840337083073 -0.0003849438978497492 0.9999969787001824 0.9281491041183472
0.999995518195572 2.155427077940394e-05 -0.0029938477219931367 -0.005895659327507019 -2.0117442769750294e-05 0.999999884618675 0.000479956169641384 -0.020420920103788376 0.0029938577216642626 -0.00047989379001148923 0.9999954032483811 0.9398186802864075
0.9999976976549368 -1.9440462881474226e-05 -0.0021457648737834324 -0.004537132568657398 2.0239201605172644e-05 0.9999999305218626 0.00037221854384791246 -0.018402734771370888 0.002145757488598901 -0.0003722611154402635 0.9999976285704191 0.8532699346542358
0.9999979004465304 6.161360978966254e-05 -0.0020482446861245685 -0.004690405912697315 -6.101463507801332e-05 0.9999999553621243 0.00029249438257832473 -0.018633779138326645 0.0020482626163300303 -0.00029236879556865456 0.9999978595680803 0.8766445517539978
0.9999971340276945 9.00278498452515e-05 -0.0023924530055563537 -0.00526126753538847 -8.924954158943713e-05 0.9999999430672369 0.00032542286731920963 -0.01947564259171486 0.0023924821664684285 -0.00032520840933226406 0.9999970851300387 0.9107033014297485
0.9999975502979372 -0.00014170212278811359 -0.0022089179778555703 -0.0034911499824374914 0.00014234569113314433 0.9999999474714267 0.0002911955492943736 -0.01646392047405243 0.002208876598796779 -0.0002915092659082501 0.9999975179401792 0.7824746370315552
0.9999999290800332 3.074094552484912e-05 -0.00037535972437163935 -0.0016417792066931725 -3.0727585294157866e-05 0.9999999988942685 3.559885366420473e-05 -0.014257370494306087 0.0003753608182990135 -3.558731724158859e-05 0.9999999289188969 0.6777109503746033
0.9999982853258335 7.922226746512663e-05 -0.0018501538382818747 -0.004718503914773464 -7.863966590455463e-05 0.9999999473066757 0.00031496420212932466 -0.01897469349205494 0.0018501786929693816 -0.00031481816658862936 0.9999982388626122 0.8939443230628967
0.9999970623479141 9.055946389846796e-05 -0.0024222086049688982 -0.005518659949302673 -8.96312640146996e-05 0.9999999225199336 0.0003833097491191175 -0.020153366029262543 0.0024222431296214014 -0.0003830915174694627 0.9999969929850343 0.9292001724243164
0.9999986144520333 -8.893964098967206e-05 -0.0016622826937028588 -0.004071083851158619 8.922846442772923e-05 0.9999999809371615 0.00017367774102166846 -0.018159139901399612 0.0016622672151790979 -0.00017382582331503145 0.9999986033251689 0.8526779413223267
0.9999993810237163 -0.00016372826036031805 -0.0011005204408031937 -0.0030239687766879797 0.00016387046243664574 0.9999999782366605 0.00012912455089690624 -0.016209322959184647 0.001100499275514106 -0.00012930481376542704 0.9999993860906163 0.791244387626648
0.9999985792038053 -0.0002757938368182533 -0.001662987712019405 -0.0030446245800703764 0.00027598431338982267 0.9999999553828968 0.00011431038116235871 -0.016118314117193222 0.0016629561117231016 -0.00011476917727248152 0.9999986107015382 0.792877197265625
0.9999794340763898 0.00020559077293056294 -0.006410082425181822 -0.009869161061942577 -0.00018951125288209282 0.9999968345481437 0.0025089797085207036 -0.026557961478829384 0.0064105779574520514 -0.0025077133262842045 0.9999763076513987 1.1894760131835938
0.9999993444350664 -3.296019102051951e-05 -0.0011445711262229052 -0.0025136126205325127 3.320705645583555e-05 0.9999999761928515 0.00021566545317025233 -0.015803197398781776 0.0011445639905993973 -0.00021570331962555007 0.9999993217224445 0.7460981607437134
0.9999998689897265 1.6153361653038462e-05 -0.0005116244708786913 -0.0017472158651798964 -1.609022250623825e-05 0.9999999922551637 0.00012341303685314543 -0.014939389191567898 0.0005116264604516604 -0.00012340478853319363 0.9999998615048021 0.7102164626121521
0.9999996308093612 2.795390144980011e-05 -0.0008588362594544565 -0.0025447469670325518 -2.7792072282676888e-05 0.9999999818590237 0.00018843978558599823 -0.01609177328646183 0.0008588415115015239 -0.00018841584717639166 0.9999996134452885 0.7502313852310181
0.9999997014496702 -0.00014428633702620873 -0.0007591324150066852 -0.0023210509680211544 0.0001444772550895683 0.999999957950553 0.00025144624707723964 -0.015386965125799179 0.000759096102827637 -0.0002515558493754493 0.9999996802463297 0.7514636516571045
0.9999994822094924 -0.00029393445787953673 -0.000974260376616771 -0.001778283854946494 0.00029413731478142725 0.9999999350930645 0.00020807956849263622 -0.014165807515382767 0.0009741991516253549 -0.00020836602708208682 0.9999995037596827 0.7169432044029236
0.999991380505863 -0.0002765478789775531 -0.004142756962301749 -0.0038976797368377447 0.0002775240629143645 0.9999999338628182 0.000235063296914848 -0.011823739856481552 0.004142691682055292 -0.00023621098553198321 0.9999913911179423 0.4767877757549286
0.999915101724115 -0.00036830381815046003 -0.01302511790158609 -0.012273905798792839 0.0003677946529966261 0.9999999315029842 -4.1486385161614234e-05 -0.005285727791488171 0.013025132288998438 3.6692294320187315e-05 0.9999151686930895 0.15488046407699585
0.9999315466752792 -0.0004953924226375724 -0.01169001924428302 -0.010809743776917458 0.0004953517720134128 0.9999998772929971 -6.372813438882698e-06 -0.006395231932401657 0.011690020966879284 5.81705451088489e-07 0.9999316693701903 0.16022944450378418
0.9999215988389011 -0.0008557277135117762 -0.012492554003741036 -0.010496100410819054 0.000855957690533674 0.9999996335828361 1.3062380869547174e-05 -0.0029876763001084328 0.012492538248413511 -2.375445443762966e-05 0.999921964917182 0.014837682247161865
0.9998928937404742 -0.000639998867351016 -0.014621608965860507 -0.01272808201611042 0.0006382270990143346 0.999999788415143 -0.00012584053124468274 -0.0032130698673427105 0.014621686409946929 0.00011649514586288124 0.9998930906428998 -0.006948590278625488
0.9999253099260155 -0.0006914178715501602 -0.012202315792063738 -0.010584970936179161 0.0006904733575087923 0.9999997582925614 -8.16171654342534e-05 -0.003197656013071537 0.012202369274240047 7.318569548779989e-05 0.999925545642249 0.03264281153678894
0.9999232503848272 -0.0006888787961513615 -0.01237007622637111 -0.010565650649368763 0.000687763648945964 0.9999997590346313 -9.440255528590678e-05 -0.0041231755167245865 0.01237013827752977 8.588762116292855e-05 0.9999234832237471 0.03264594078063965
0.9999457180003725 -0.0008175771089963741 -0.010387137256744379 -0.008632750250399113 0.0008168935290867299 0.9999996638887294 -7.005276901798678e-05 -0.004197779577225447 0.010387191039050848 6.156378120283488e-05 0.9999460497807965 0.048887282609939575
0.9999170846492624 -0.0007406397453414841 -0.012855943344905921 -0.010807634331285954 0.0007394091732021794 0.9999997215895937 -0.00010047293098400223 -0.003184597473591566 0.012856014179923526 9.095879779629911e-05 0.9999173538977623 -0.014171719551086426
0.9999138584902818 -0.0010964327083239555 -0.013079504363422574 -0.009811146184802055 0.0010947124348955404 0.9999993911856573 -0.00013868309042186673 3.310851752758026e-05 0.013079648457109154 0.00012435284798217622 0.9999144500069032 -0.20866739749908447
0.9999279674797916 -0.000560156664236267 -0.011989415175241632 -0.010634173639118671 0.0005586149655609686 0.9999998352709896 -0.0001319367810623112 -0.006630610208958387 0.011989487105504302 0.00012522981057824933 0.9999281156745427 0.10605302453041077
0.9999750389678371 -0.0002582032960859034 -0.007060791197174493 -0.0070484476163983345 0.0002590157601034217 0.9999999599399865 0.00011415279646701323 -0.010882558301091194 0.007060761439690799 -0.00011597880329425686 0.9999750657875468 0.43146103620529175
0.9999426487020174 -0.0005774482934267832 -0.010694197504359852 -0.009721418842673302 0.0005786708974004299 0.9999998263839132 0.00011123010402642876 -0.005923682823777199 0.010694131418041382 -0.00011741214570241345 0.9999428092484098 0.23024290800094604
0.9999447300365146 -0.00026071428896360586 -0.010510418653002536 -0.010052674449980259 0.00026077705949573875 0.9999999659870741 4.601744500324851e-06 -0.008903526701033115 0.0105104170957719 -7.342366232473515e-06 0.9999447640137742 0.2946614623069763
0.999990843377254 -0.0002999761696229326 -0.004268861200150371 -0.00434297788888216 0.0003006517149651803 0.9999999423840201 0.00015760870166335142 -0.011502239853143692 0.004268813675341125 -0.0001588906989407023 0.9999908759501515 0.5156396627426147
0.9999953894482395 -0.0002292911976419921 -0.0030279543937030313 -0.003245319938287139 0.00022975050292127548 0.9999999621552516 0.00015134134157314966 -0.011849102564156055 0.003027919577873397 -0.0001520363178508368 0.9999954042834336 0.552538275718689
0.9999956235688119 -0.0002259915580662726 -0.0029498764446607806 -0.003232285613194108 0.0002263834518027368 0.9999999655947991 0.00013251767234448124 -0.011652601882815361 0.002949846395294444 -0.0001331848956019409 0.9999956403245105 0.553900957107544
0.9999948032722863 -0.00022736199862336573 -0.00321585679764482 -0.0034034547861665487 0.0002279236058973157 0.9999999588401369 0.00017427149605349742 -0.010919795371592045 0.0032158170425649487 -0.0001750035600893528 0.9999948139338037 0.5424307584762573
0.9999863655417616 -0.00028568059985412835 -0.005214126693249898 -0.005204050801694393 0.0002866258026661746 0.9999999426271121 0.00018053094414629002 -0.010612484999001026 0.005214074819911976 -0.0001820229859533272 0.9999863900530871 0.48105624318122864
0.9999818448769859 -0.00015781862067378174 -0.0060237039853011185 -0.006083098240196705 0.0001584786877708775 0.999999981490726 0.00010910111448636169 -0.010305712930858135 0.006023686655619328 -0.00011005376244531795 0.9999818513789359 0.44445207715034485
0.9999849789171377 -0.00012604829548754169 -0.005479603262911142 -0.005552967078983784 0.00012634749285296072 0.9999999905463054 5.425587704384147e-05 -0.010214663110673428 0.005479596372247824 -5.494739619591435e-05 0.9999849853894711 0.4591800570487976
0.9999963022277105 -0.0002547998343851712 -0.0027075095474886042 -0.0030428615864366293 0.00025533502203394355 0.9999999479336219 0.00019732404822116068 -0.011816726997494698 0.0027074591283835813 -0.00019801464057172822 0.9999963152208463 0.5645299553871155
0.9999877334051347 -0.00024009879903998384 -0.004947261043055701 -0.004981439560651779 0.00024097517661382943 0.9999999553807652 0.00017654866690977066 -0.011283035390079021 0.0049472184331898015 -0.0001777386683624047 0.9999877466442977 0.4943526089191437
0.9999912638960019 -0.0001965171297817231 -0.004175345817331433 -0.0042727794498205185 0.00019714892084301695 0.9999999691801995 0.0001509036214010375 -0.010994968935847282 0.004175316033501557 -0.00015172546801334058 0.9999912718196107 0.5129213333129883
0.9999964364620448 -0.00017085883804589513 -0.002664182889518185 -0.002863785019144416 0.00017117697137742721 0.9999999782468502 0.00011918365434472288 -0.01167572196573019 0.0026641624679831204 -0.00011963927638747028 0.999996443956071 0.5458199381828308
0.9999998991603595 -0.00018552975898293673 -0.000408971856385712 -0.00105107924900949 0.00018559956078986796 0.999999968216549 0.0001706449644995217 -0.012022748589515686 0.0004089401836680398 -0.00017072085228866542 0.9999999018111535 0.6265829801559448
0.9999980326601837 -0.0002098473039164607 -0.0019724704993822457 -0.0021208750549703836 0.00021005451339943984 0.999999972442401 0.00010484416234563191 -0.010378532111644745 0.0019724484437608956 -0.00010525828241247931 0.9999980491820124 0.5603966116905212
0.9999836986481216 -0.00013802119694611577 -0.00570818606667211 -0.005698376335203648 0.0001388536261956494 0.9999999797842037 0.00014543473674918925 -0.009239776991307735 0.00570816587820014 -0.0001462249683007271 0.9999836975973987 0.46952712535858154
0.9999792103479245 -0.00016542737645502107 -0.006446045743303169 -0.006332711316645145 0.00016694367074990757 0.999999958524916 0.0002346912379176607 -0.00917809922248125 0.006446006651597115 -0.00023576248530668805 0.9999791964907561 0.4429660439491272
0.99999596613373 -0.00011221189790223873 -0.0028381551680947657 -0.0030626694206148386 0.00011249319883920643 0.9999999887766371 9.895456633214489e-05 -0.011146540753543377 0.002838144032361426 -9.927344031631849e-05 0.9999959675334875 0.5283408164978027
0.999999884393015 2.2240503727799958e-05 -0.00048033250672679495 -0.002022350672632456 -2.2132739600087453e-05 0.9999999745869639 0.00022435733518733859 -0.015046486631035805 0.00048033748434023714 -0.0002243466781757706 0.9999998594722248 0.7300513386726379
0.9999991601523666 -0.00020421203799358734 -0.001279840617104828 -0.0030372447799891233 0.0002045230750279858 0.9999999495845178 0.00024290177813667975 -0.016335999593138695 0.0012797909491139004 -0.00024316333107475218 0.9999991515030006 0.7925407290458679
0.9999997343420007 -0.00018315017617047231 -0.0007055295462650467 -0.002097823889926076 0.00018329033393949134 0.9999999634820224 0.0001985965938512669 -0.014710316434502602 0.000705493147499384 -0.00019872585783863226 0.9999997313936899 0.7330260872840881
0.9999994579497172 -0.00016786295921823488 -0.0010275807992484935 -0.002517426386475563 0.00016809952374848152 0.9999999593906809 0.00023013297720791823 -0.015235170722007751 0.0010275421267165689 -0.0002303055883072396 0.9999994455581034 0.7566710114479065
0.9999996609624001 -0.000194048573983721 -0.0008002626039747712 -0.0022680112160742283 0.00019420754237320332 0.9999999614262239 0.00019857235639928868 -0.015011006966233253 0.0008002240404230291 -0.00019872770610936474 0.9999996600743339 0.7478523254394531
0.9999997545926267 -0.0003900449211298794 -0.0005819618938727014 -0.0017042621038854122 0.0003902006564053401 0.9999998880897495 0.00026751436650144893 -0.014830823987722397 0.0005818574861252169 -0.0002677413827644429 0.9999997948781879 0.7509231567382812
0.999999707164715 -0.0004766381226905665 -0.0005987374919953299 -0.0018832555506378412 0.0004768355684548547 0.9999998319725154 0.0003296707170543577 -0.014929143711924553 0.0005985802577592922 -0.0003299561198474901 0.9999997664152898 0.7544418573379517
0.9999997153499365 -0.0002516714176311968 -0.0007113097380788436 -0.0023022477980703115 0.0002518997984862908 0.9999999167528881 0.000320999545620918 -0.015047908760607243 0.0007112288924536568 -0.0003211786330280604 0.9999996954988277 0.7448469400405884
0.9999994879786528 -0.0001467293374682422 -0.0010012556785656435 -0.0026034293696284294 0.00014690502206669135 0.9999999738281077 0.00017539298291703508 -0.015389853157103062 0.0010012299170647076 -0.00017553998259963775 0.9999994833620505 0.7589314579963684
0.9999993874437899 -0.0001557045709511335 -0.0010958412891174405 -0.0025358584243804216 0.00015594733724718895 0.9999999633196713 0.00022145221507018775 -0.015146935358643532 0.0010958067677994882 -0.00022162297294934163 0.9999993750451972 0.7486017942428589
0.9999996957743139 -0.0001355657021251971 -0.0007681622355329751 -0.002340449020266533 0.00013567703140047045 0.9999999803008915 0.0001448791208560515 -0.01506858505308628 0.0007681425797611219 -0.00014498329875185263 0.9999996944683635 0.7452279329299927
0.999999497553526 -0.00014237724598841633 -0.0009922809157519264 -0.0025837558787316084 0.00014255202645658855 0.999999974338854 0.00017607160855257232 -0.015379630029201508 0.0009922558216981384 -0.00017621297174136804 0.9999994921885577 0.7596687078475952
0.9999997126536976 -0.0002511147197111196 -0.0007152859010234478 -0.0021044411696493626 0.0002513150046331959 0.999999929239786 0.0002799306910477505 -0.014858049340546131 0.0007152155556926432 -0.00028011037269023124 0.9999997050024007 0.7476533055305481
0.9999997003356151 -0.0004405662417943693 0.0006365768350532953 -0.0007780527230352163 0.00044042226880752566 0.9999998774105286 0.00022628997631859676 -0.013358194380998611 -0.0006366764527400999 -0.00022600954589358568 0.999999771781364 0.7098821997642517
0.9999999638532141 -0.000252637131658215 -9.202201131312175e-05 -0.0022202192340046167 0.00025265409569267264 0.9999999510844774 0.00018438262171558876 -0.015104172751307487 9.19754249151391e-05 -0.00018440586478880172 0.999999978767499 0.7502620816230774
0.999999167920053 -0.00011026804449542272 -0.0012853015833459457 -0.003045141464099288 0.0001104961422337489 0.999999978160514 0.00017739665760454855 -0.01592961698770523 0.0012852819940930857 -0.00017753853086291375 0.9999991582647786 0.7800157070159912
0.9999991385142974 -0.00012779431810300949 -0.0013063840457983786 -0.0029829966370016336 0.0001280387298118861 0.9999999743169853 0.00018700832138188905 -0.015786301344633102 0.0013063601136455874 -0.00018717542803076446 0.9999991291939271 0.774782121181488
0.9999993615928429 -0.0001308407718247232 -0.0011223611712988378 -0.0027242691721767187 0.00013104163455371405 0.9999999754127348 0.00017889276039180363 -0.015446877107024193 0.0011223377372362026 -0.0001790397222278317 0.999999354151182 0.7608098387718201
0.999999391957168 -0.00014857559708522267 -0.0010927079143718162 -0.002624319400638342 0.00014879330777979363 0.999999969097721 0.0001991610112171578 -0.0153244249522686 0.0010926782901384937 -0.00019932347774374908 0.9999993831619625 0.7583081722259521
0.9999995278202962 -0.00012419104304652856 -0.0009638131405754808 -0.0025747541803866625 0.0001244002204659198 0.9999999687233952 0.00021697417850234966 -0.015403637662529945 0.0009637861641811355 -0.0002170939746187218 0.9999995119930991 0.7622592449188232
0.999999577889852 -0.0001973375417145723 -0.000897372839187053 -0.0022703553549945354 0.0001975564963323354 0.9999999507389257 0.00024391305225910414 -0.014977500773966312 0.000897324661779378 -0.00024409023113494316 0.9999995676141118 0.7444889545440674
0.9999997028798503 -0.0001948392504836607 -0.0007458403835938088 -0.002201963448897004 0.00019498899328810872 0.999999960848773 0.00020070312734149625 -0.015022980980575085 0.0007458012495463416 -0.00020084849837410357 0.9999997017201441 0.7490105628967285
0.9999997807050197 -0.0002090305485117835 -0.0006284076242518195 -0.0018721050582826138 0.00020914749040082875 0.9999999608246257 0.00018603245471384485 -0.014459087513387203 0.0006283687131676659 -0.00018616384379542235 0.9999997852478687 0.7254716753959656
0.9999998524452568 -0.00014684609160884 -0.0005230159560701028 -0.0019081579521298409 0.00014692726053479527 0.9999999771690423 0.00015515893508826414 -0.014696968719363213 0.0005229931596459516 -0.00015523575749546865 0.9999998511899963 0.7275181412696838
0.9999998619541322 -0.0001867744859324589 -0.0004911283012648008 -0.0012823664583265781 0.00018684735636130458 0.9999999715428693 0.00014833181109413687 -0.013434501364827156 0.0004911005826909341 -0.0001484235566422688 0.9999998683953243 0.6799767017364502
0.9999998889043745 -0.00014683751147973024 -0.0004479173856436866 -0.0014760619960725307 0.00014690787652323517 0.9999999768743398 0.0001570649424464608 -0.013963224366307259 0.0004478943122600117 -0.00015713072758921547 0.9999998873503037 0.6885040998458862
0.9999999617577482 -0.00013301455672342266 -0.00024246985254802047 -0.0011685320641845465 0.00013303341801541006 0.9999999881266783 7.777372574935975e-05 -0.013290958479046822 0.00024245950463144272 -7.780597936836754e-05 0.9999999675798084 0.6686079502105713
0.9999998688023328 -0.00017614117817155834 -0.0004810089424142715 -0.0014784845989197493 0.00017621786151519674 0.9999999717719803 0.0001593841395087379 -0.013877580873668194 0.00048098085472622664 -0.00015946888096511253 0.9999998716135385 0.6941171884536743
0.9999999706989983 -0.00014627869325821316 -0.00019288480100812115 -0.0007000393234193325 0.00014629783968925117 0.9999999843728739 9.925318210825103e-05 -0.01262260228395462 0.00019287027936810551 -9.928139782972974e-05 0.9999999764721293 0.6394844055175781
0.9999999882983933 -0.000151994750514271 -1.734384877502278e-05 -0.0009848715271800756 0.0001519961692173511 0.9999999851007817 8.182665232544e-05 -0.013245619833469391 1.7331411295007364e-05 -8.182928756650998e-05 0.9999999965017949 0.6631465554237366
0.9999999048235977 -0.0001664809966737494 -0.0004032826219388033 -0.0016521955840289593 0.00016654966816798212 0.9999999716374398 0.00017025371470673304 -0.014192482456564903 0.0004032542664925639 -0.00017032086508945882 0.999999904188395 0.7068324089050293
0.9999998041803979 -0.0001571112362370293 -0.0006057682936406513 -0.0018877186812460423 0.00015721014295543882 0.9999999743203585 0.00016323067611853135 -0.014257978647947311 0.0006057426327114217 -0.0001633258770748064 0.9999998032002412 0.7127725481987
0.9999992887523736 -8.461513376578542e-06 -0.0011926538263184257 -0.0031148872803896666 8.772428414365534e-06 0.9999999659827228 0.00026068678051827327 -0.01609104871749878 0.0011926515799429095 -0.00026069705757573395 0.9999992548093487 0.7859178781509399
0.9999993480744536 -0.00015393425636107247 -0.0011314393102344205 -0.0024330259766429663 0.000154192057926837 0.9999999621730319 0.00022776905889518702 -0.015174093656241894 0.0011314042059747985 -0.00022794336936238316 0.9999993339829498 0.7441468238830566
0.9999985917543864 5.1336492349390395e-05 -0.0016774545622207876 -0.0041430070996284485 -5.086417566482919e-05 0.9999999590546176 0.00028160894635247927 -0.01790347695350647 0.001677468950352289 -0.00028152322743439325 0.9999985534202501 0.8474307060241699
0.9999956884245285 7.557677041463375e-05 -0.002935544328629281 -0.005988092161715031 -7.441787870519795e-05 0.9999999192633608 0.00039488637749957186 -0.020355766639113426 0.0029355739358603895 -0.00039466621793537093 0.9999956133125003 0.9408091306686401
0.9999956516839447 4.805139639494087e-05 -0.002948610565358616 -0.005879905074834824 -4.682158932153865e-05 0.9999999118977185 0.00041714780835547553 -0.020196275785565376 0.0029486303501139927 -0.00041700793583200266 0.9999955658318891 0.9343289136886597
0.9999969428147517 2.34658658050237e-06 -0.0024727223143149353 -0.004976226016879082 -1.3885187186420337e-06 0.9999999249378266 0.0003874563371442798 -0.018830381333827972 0.0024727230379068656 -0.00038745171919726205 0.9999968677560661 0.8837153315544128
0.9999984719667266 -5.75574639609108e-05 -0.0017472124513690747 -0.0038353472482413054 5.8115184257826365e-05 0.9999999473808184 0.00031915667906901046 -0.017241748049855232 0.0017471939895831318 -0.00031925773096053427 0.9999984226925881 0.8247324228286743
0.9999986116086788 -0.00010068996250344279 -0.001663322652438143 -0.0035923172254115343 0.00010117953382484772 0.9999999515892827 0.00029425182082030987 -0.016878288239240646 0.0016632929437106953 -0.00029441970649420957 0.9999985733857922 0.8091704845428467
0.9999985469814741 1.3758094452911824e-05 -0.0017046541161711544 -0.004007410258054733 -1.3251454931739723e-05 0.9999999557421827 0.00029722051064317505 -0.017540259286761284 0.0017046581299147423 -0.0002971974896290721 0.9999985029060356 0.8355206251144409
0.9999979712071625 -6.161842530324285e-05 -0.002013401283504153 -0.004202959127724171 6.227182419528926e-05 0.9999999454227155 0.0003244638432160219 -0.017722634598612785 0.0020133811806670922 -0.0003245885631168617 0.9999979204670807 0.8422335386276245
0.9999985088721852 -6.74996296014661e-05 -0.001725600534925658 -0.003741353517398238 6.801963445608777e-05 0.9999999522987506 0.0003012902684872272 -0.017065081745386124 0.0017255801156308309 -0.0003014071939425304 0.9999984657623071 0.8188130259513855
0.9999984379313263 -4.427626188802402e-05 -0.0017669676057963939 -0.0039081452414393425 4.4835202466161465e-05 0.9999999489754664 0.0003162892176486239 -0.017334602773189545 0.001766953511533463 -0.00031636794593350217 0.9999983888920075 0.8294315338134766
0.9999984368672671 -0.00012097738124475566 -0.0017639805824703708 -0.003682629903778434 0.00012152932808165979 0.9999999436950642 0.00031279464612040504 -0.016961699351668358 0.0017639426420724025 -0.0003130085325557918 0.9999983952647193 0.813258171081543
0.9999992728969656 -5.0899228388045314e-05 -0.0012048297841717572 -0.0031428660731762648 5.12008227725427e-05 0.9999999673662859 0.0002502916355624008 -0.016352301463484764 0.0012048170052025645 -0.0002503531418508435 0.9999992428693576 0.7928303480148315
0.9999983709528172 -1.8954646009658665e-05 -0.0018049189548118114 -0.004003881476819515 1.952170898959888e-05 0.9999999504614101 0.00031415932312635987 -0.017475001513957977 0.001804912910619911 -0.0003141940464485852 0.999998321784335 0.8357435464859009
0.9999974246990474 2.740362562899186e-05 -0.0022693268416421955 -0.004952876828610897 -2.6660917090934165e-05 0.999999946078339 0.0003273110363231574 -0.018925055861473083 0.002269335688785426 -0.00032724969106395654 0.9999973715081312 0.8882668018341064
0.9999960530288136 5.581888812017103e-05 -0.0028090587473118367 -0.005742507055401802 -5.4672114325962374e-05 0.9999999151443216 0.0004083164326899954 -0.020086154341697693 0.0028090813007165256 -0.0004081612438958193 0.9999959712252068 0.9308362007141113
0.9999971580300979 -5.0841960187233634e-05 -0.0023835575978335775 -0.004728731699287891 5.1736793745398355e-05 0.9999999282144005 0.0003753591582128512 -0.01847895048558712 0.0023835383427330895 -0.0003754814090812405 0.9999970888751026 0.8721243739128113
0.9999981319082599 -2.0474438603771154e-07 -0.001932920057484622 -0.004390118643641472 8.100422593215701e-07 0.9999999509678119 0.00031315126962744847 -0.018154341727495193 0.0019329198985933577 -0.00031315225037907866 0.9999980828763292 0.8628759384155273
0.9999983026044924 1.0330645461471212e-05 -0.0018424661222078945 -0.003984387964010239 -9.663140142804417e-06 0.9999999343235364 0.0003622975935955271 -0.017490681260824203 0.0018424697439692267 -0.0003622791746248721 0.999998237027967 0.8362650275230408
0.9999992960361924 -0.00015847115090436963 -0.001175931126322313 -0.002570788376033306 0.00015879636427511916 0.999999949174035 0.0002764699658237937 -0.015444271266460419 0.0011758872540408043 -0.0002766565047864419 0.9999992703749059 0.754409909248352
0.9999997575123926 -0.00011071576718829347 -0.0006875443077616822 -0.0021138854790478945 0.00011087970123552335 0.9999999654354184 0.00023840061690598606 -0.014831922017037868 0.0006875178892898019 -0.00023847679380422165 0.9999997352239504 0.7327836155891418
0.9999986866658447 -6.977087589602592e-05 -0.001619196902951091 -0.0035762435290962458 7.035218558067422e-05 0.9999999331002424 0.0003589569343391505 -0.016814453527331352 0.0016191717498874928 -0.00035907037694975647 0.9999986246747086 0.8102995157241821
0.9999991756756458 3.3294018816544544e-05 -0.001283565166895809 -0.003404938383027911 -3.287864389038215e-05 0.9999999470912895 0.0003236300563455613 -0.0167296901345253 0.0012835758739292164 -0.0003235875876873915 0.9999991238616409 0.8022102117538452
0.9999977741761389 -1.0711204453142165e-05 -0.0021098644595574593 -0.0045804791152477264 1.1519441492338288e-05 0.9999999265648039 0.0003830635574084714 -0.018380263820290565 0.002109860201547067 -0.0003830870092366637 0.9999977008644935 0.863253116607666
0.9999971239322307 5.455409297204303e-05 -0.002397738750900957 -0.005407215096056461 -5.3641052052847184e-05 0.9999999260359921 0.00038085515326232166 -0.019798532128334045 0.002397759350762029 -0.0003807254406679444 0.9999970528947746 0.9180457592010498
0.9999963083866403 3.31688905237149e-05 -0.002717004401212212 -0.005747688934206963 -3.191819967679832e-05 0.9999998935240969 0.00046036183979801515 -0.02038531005382538 0.00271701938160818 -0.0004602734184310964 0.9999962029698214 0.9402283430099487
0.9999964426560367 4.730596765339948e-05 -0.0026669153375050245 -0.005703429691493511 -4.611818935571133e-05 0.9999998997303517 0.00044543506720737074 -0.02022872120141983 0.002666936141831243 -0.0004453104893350926 0.9999963445684107 0.9348807334899902
0.9999964468017011 4.929057814982442e-05 -0.0026653244476475694 -0.005716308951377869 -4.812664817519303e-05 0.9999999034640431 0.0004367559157273077 -0.02021905779838562 0.00266534571829952 -0.0004366260907149663 0.9999963526382777 0.9332162141799927
0.9999963286782971 5.227560834629771e-05 -0.002709224462491352 -0.00590590201318264 -5.107688659653655e-05 0.9999999007806437 0.0004425266711155954 -0.020631911233067513 0.002709247327034787 -0.00044238666770718833 0.9999962321293803 0.9494085311889648
0.999996326313347 7.0450491634748e-05 -0.0027096856899622 -0.005918319337069988 -6.920834217628198e-05 0.9999998924930844 0.000458501935820914 -0.020621642470359802 0.002709717700339043 -0.0004583127185740509 0.999996223682588 0.9492180347442627
0.999995449121213 0.0001420425093868565 -0.0030135628065929127 -0.006617821753025055 -0.00014067342785076576 0.9999998868141254 0.0004545137216344855 -0.021627778187394142 0.0030136270257697423 -0.0004540877249875842 0.9999953559174601 0.9870740175247192
0.999991840587594 0.00023191015577876987 -0.0040329859800821675 -0.008282625116407871 -0.00022964066716937354 0.9999998150435799 0.0005631855553801141 -0.023976314812898636 0.004033115842605399 -0.0005622548225257558 0.999991708888686 1.0711283683776855
