0.9999915770469778 6.533039704568192e-05 0.004103847833129945 0.00393714802339673 -6.479075564120261e-05 0.9999999892379486 -0.00013162925450607008 -0.02148217149078846 -0.004103856388355584 0.00013136225439689804 0.9999915705178228 0.3556307256221771
0.9999954692939036 -1.0479951216808698e-06 0.0030102143722945942 0.003734420984983444 1.3424399536431028e-06 0.9999999952153861 -9.781321805036804e-05 -0.02280477248132229 -0.003010214255384105 9.781681591946712e-05 0.9999954645107183 0.2799338102340698
0.9999946122495511 0.00014594919544129228 0.0032793552265458588 0.0036116824485361576 -0.00014542770773090825 0.9999999767436268 -0.0001592593080813601 -0.02244558557868004 -0.003279378394047831 0.0001587815409185196 0.9999946102183604 0.2910551428794861
0.9999885680128373 -7.373264076696814e-05 0.004781046656583836 0.0053458078764379025 7.42799917558008e-05 0.9999999907083059 -0.0001143060390906329 -0.021430252119898796 -0.004781038184073696 0.00011465986845169656 0.9999885641981096 0.3225761651992798
0.9999881466356728 0.00031063031690641414 0.0048590222224493464 0.004631356336176395 -0.0003095648597143021 0.999999927879395 -0.00022002454925836436 -0.020763222128152847 -0.004859090218309188 0.00021851775869457987 0.9999881706761532 0.3555302321910858
0.999988193553381 -1.8212856235626767e-05 0.004859261480711624 0.004803127609193325 1.88705521025027e-05 0.9999999906684839 -0.0001353031207053176 -0.021001562476158142 -0.004859258971111062 0.00013539322020319705 0.9999881845656616 0.36704713106155396
0.9999960860954801 0.00014561845243347553 0.002794027377737888 0.0013033943250775337 -0.00014519835213841703 0.9999999781247433 -0.00015055879747490988 -0.021776320412755013 -0.0027940492407569108 0.00015015252003107478 0.9999960853638683 0.40891844034194946
0.9999861109910646 1.4486613662934133e-05 0.00527044733435274 0.004618162289261818 -1.3615532440407918e-05 0.999999986243219 -0.00016531236804318976 -0.02031669020652771 -0.00527044965666476 0.00016523831207157654 0.9999860974317176 0.42334112524986267
0.9999882914862562 6.762546934275374e-05 0.004838627614728414 0.004069096874445677 -6.674957795690738e-05 0.9999999813588093 -0.00018118188324918154 -0.02052357792854309 -0.004838639777040524 0.00018085678552743763 0.9999882773592554 0.4173504114151001
0.9999883998815792 0.000160966492526376 0.004813958045828651 0.0035965736024081707 -0.00015981412014404522 0.9999999584860495 -0.00023976518941516944 -0.02020742930471897 -0.004813996440143805 0.0002389930696410746 0.9999883840928288 0.44148120284080505
0.9999801769931387 4.713088685992093e-05 0.006296300457457791 0.004811861086636782 -4.575225993600758e-05 0.9999999749504985 -0.00021910210606876967 -0.018903393298387527 -0.0062963106262151755 0.0002188096928310529 0.9999801541004784 0.5026485919952393
0.999981103345261 0.00013535438445277985 0.006146107026804646 0.005021580029278994 -0.0001336227198128574 0.9999999512654648 -0.0002821595944112 -0.019209440797567368 -0.006146144918815196 0.0002813330030015806 0.9999810726980678 0.45747774839401245
0.9999812799272556 3.953713573837143e-05 0.00611867893114494 0.004679558798670769 -3.798629637390793e-05 0.9999999671281659 -0.00025357584349444093 -0.019026746973395348 -0.006118688755675285 0.00025333867058490925 0.9999812485579063 0.5061962008476257
0.9999826398521419 9.129989243816079e-05 0.005891660094644359 0.004037924110889435 -8.958353852011336e-05 0.9999999534772226 -0.00029158247869031295 -0.018933799117803574 -0.005891686441996911 0.0002910496210163341 0.9999826015091398 0.5268434286117554
0.9999820713456475 7.383336351167593e-05 0.005987615209948203 0.003714596852660179 -7.217591675925814e-05 0.9999999590230298 -0.00027702811317241276 -0.018312372267246246 -0.005987635418511257 0.0002765909848141461 0.9999820356984028 0.5856689214706421
0.9999807930998755 3.458743025674313e-05 0.006197760486910728 0.0044103022664785385 -3.316838100036901e-05 0.999999973214712 -0.00022906425550314467 -0.017704755067825317 -0.006197768243645892 0.0002288542862076883 0.9999807674623113 0.6198923587799072
0.9999842275579137 9.560248425299427e-05 0.005615647386336217 0.003492428455501795 -9.40205666595456e-05 0.9999999558289246 -0.0002819614900286198 -0.018881862983107567 -0.005615674094505943 0.00028142905645792425 0.9999841923761348 0.549400806427002
0.9999717009290735 0.00014717027473932492 0.007521680791264524 0.005495770834386349 -0.00014524270831268633 0.9999999564756529 -0.0002568136442450416 -0.017199581488966942 -0.007521718259222859 0.0002557139073683215 0.9999716787813674 0.6258645057678223
0.9999814401641881 9.820412692211279e-05 0.006091771754278729 0.004429197870194912 -9.709110179578798e-05 0.9999999785412342 -0.0001830050531867933 -0.017187461256980896 -0.006091789595408296 0.000182410199811542 0.9999814282405672 0.6960723996162415
0.999981518546266 2.1166291296055128e-05 0.006079647842726413 0.004184258170425892 -1.9748209619381092e-05 0.9999999725880938 -0.00023331056481915477 -0.01787562109529972 -0.006079652614391054 0.00023318619074073527 0.999981491552863 0.6098573803901672
0.9999780321593816 0.00014953927910881827 0.006626676139250674 0.004993326961994171 -0.0001482700208003842 0.9999999705705159 -0.0001920285604752035 -0.017058778554201126 -0.006626704660043516 0.00019104180461338872 0.9999780249027361 0.666312038898468
0.9999913839142329 0.0001487207186306304 0.004148491225150198 0.0018853195942938328 -0.0001481600667554987 0.9999999798505442 -0.00013545296538797482 -0.0176779106259346 -0.004148511286222711 0.0001348371575767548 0.9999913857994223 0.799793004989624
0.9999851113968832 0.0002517359758605511 0.005451019497472866 0.003861634526401758 -0.00025086673781103013 0.9999999557094806 -0.00016014654794448474 -0.017203083261847496 -0.005451059570691908 0.00015877668410701652 0.9999851302592061 0.716827929019928
0.9999862292323065 -2.089350772916601e-05 0.005247943331831684 0.003731224685907364 2.223777368987949e-05 0.999999966960983 -0.0002560927843193479 -0.017572959885001183 -0.005247937807768228 0.00025620596030125764 0.9999861966583697 0.6671234369277954
0.9999929760178935 -2.9829231225654568e-05 0.0037479361111394755 0.0012477939017117023 3.052989491671021e-05 0.9999999820701259 -0.00018688946761193323 -0.01958249695599079 -0.0037479304691703103 0.0001870025789992845 0.9999929589988288 0.5808658599853516
0.9999961541123553 4.5695097748628956e-05 0.002773025866599023 0.0003277277573943138 -4.52405892301439e-05 0.9999999855342265 -0.00016396595977336942 -0.020546745508909225 -0.0027730333189256184 0.00016383987585455516 0.9999961417139105 0.5387896299362183
0.9999910440365096 -4.915921969967348e-05 0.004231953466524803 0.0021617591846734285 4.991423035612513e-05 0.9999999828585379 -0.00017830169330937078 -0.019828539341688156 -0.004231944628810819 0.00017851133114609973 0.9999910293489455 0.5430465340614319
0.9999911454708952 2.488947609612236e-06 0.0042082031334506045 0.001826586900278926 -1.541451733389499e-06 0.9999999746508103 -0.00022515772929959267 -0.019276946783065796 -0.004208203587181857 0.00022514924889191086 0.9999911201257663 0.5906323194503784
0.9999914178163641 -1.003571214592235e-06 0.004142981126054622 0.0019874863792210817 1.977942326789538e-06 0.999999972342781 -0.00023518189806886802 -0.0189514122903347 -0.0041429807754495025 0.00023518807427235926 0.9999913901613674 0.6051859855651855
0.9999904543561038 -4.862857578172713e-06 0.0043693446906268975 0.002298410050570965 5.747833808868564e-06 0.9999999794743692 -0.0002025295613854147 -0.01874268241226673 -0.004369343616070931 0.00020255274237747869 0.99999043385862 0.6070878505706787
0.9999839961888469 0.00026540708770488383 0.005651276427665538 0.004213560372591019 -0.00026442114197767406 0.9999999496913331 -0.00017521070392288726 -0.017052751034498215 -0.005651322645520017 0.00017371358291723484 0.9999840160602304 0.690709114074707
0.9999853148061972 0.00015101757868208083 0.005417320891535699 0.003843404818326235 -0.0001498677946552412 0.9999999661603417 -0.00021264750180584647 -0.017572296783328056 -0.005417352821726246 0.0002118324971011165 0.9999853035997072 0.6473444700241089
0.9999901061738896 -1.8082306734865627e-05 0.004448283642379568 0.0021644593216478825 1.9109334615037114e-05 0.9999999731739929 -0.00023083943906609987 -0.01903584972023964 -0.004448279348940335 0.0002309221589214152 0.9999900796936888 0.5900115370750427
0.9999827294201273 2.5598819441456325e-05 0.005877091642321678 0.004206242971122265 -2.4197729626213128e-05 0.9999999712733878 -0.00023846948014314705 -0.017560893669724464 -0.005877097578029912 0.00023832314936239377 0.9999827013134448 0.6508011221885681
0.9999898701451772 2.9003972055786233e-05 0.004500973872581671 0.002294285222887993 -2.803651857102627e-05 0.9999999764931666 -0.0002150060933982298 -0.018793663010001183 -0.004500980002808752 0.0002148777237801513 0.9999898474517521 0.6057758927345276
0.9999870308700894 0.00017006786536016271 0.0050901049639129154 0.003168323542922735 -0.00016938267930278786 0.9999999765365599 -0.00013504216864748697 -0.017427748069167137 -0.005090127810814899 0.0001341782416513384 0.9999870362135045 0.7458590865135193
0.9999924858660294 0.0002112704025400457 0.0038708624744644977 0.0015939343720674515 -0.0002108121334775217 0.9999999707227553 -0.00011879702540605512 -0.017744427546858788 -0.0038708874594316875 0.00011798010797265097 0.9999925011273688 0.8124226331710815
0.9999926307822872 6.826044048276218e-05 0.003838453025938793 0.001629566540941596 -6.766072577802064e-05 0.9999999854854925 -0.00015636828600942493 -0.01775766909122467 -0.0038384636439936183 0.00015610742117988212 0.9999926208864377 0.8141872882843018
0.9999937623133142 0.00018000065924378818 0.0035274543549422047 0.0010262182913720608 -0.0001796442330147832 0.9999999787270445 -0.00010136005411337983 -0.017986923456192017 -0.0035274725247793856 0.00010072573502903152 0.9999937733765715 0.839195728302002
0.99999464224157 -5.298532282070194e-05 0.0032730231759357095 0.0008804951794445515 5.355984785697204e-05 0.9999999831750142 -0.00017544604365866585 -0.01795920543372631 -0.0032730138248018795 0.00017562040628448186 0.9999946282545601 0.8495882153511047
0.9999919229841345 3.394362180523469e-05 0.004019056397110973 0.0018386889714747667 -3.330862591937909e-05 0.9999999869532972 -0.0001580630910678229 -0.018895231187343597 -0.004019061709909323 0.00015792794514364833 0.9999919110681526 0.6162721514701843
0.999984181319872 0.0005115339082506299 0.005601378677204285 0.0033670663833618164 -0.0005105879910646436 0.9999998551487399 -0.00017030091567366826 -0.017631832510232925 -0.005601464980530499 0.0001674382250519717 0.9999842976539741 0.7125697135925293
0.9999863314191757 0.0003010143512010283 0.005219805090182065 0.0035373386926949024 -0.0003002506883599535 0.9999999441079035 -0.00014708403940160103 -0.017145944759249687 -0.0052198490728429065 0.0001455147789000885 0.999986365907609 0.719557523727417
0.9999853363671893 9.905460175047058e-05 0.005414539572763894 0.0037539310287684202 -9.811863166742218e-05 0.999999980199763 -0.00017312772115394512 -0.017371786758303642 -0.005414556614652197 0.00017259391525862406 0.9999853262863446 0.7240055203437805
0.9999816220448342 0.000292587969853952 0.006055573041630442 0.004290739074349403 -0.00029179039400907927 0.9999999486388015 -0.0001325924602779995 -0.017337443307042122 -0.006055611525567724 0.00013082306545594106 0.9999816560589385 0.6811926364898682
0.9999889723916979 0.0002820207338957144 0.004687809648630486 0.0024499327410012484 -0.00028155693915062334 0.999999955403163 -9.959599525002692e-05 -0.01767289824783802 -0.004687837527704676 9.827501160841367e-05 0.9999890072002473 0.7769055366516113
0.9999919814612047 0.0004194378952548952 0.003982597788588993 0.0014962262939661741 -0.00041917668559643244 0.9999999099394922 -6.642224051505463e-05 -0.017775699496269226 -0.003982625289918973 6.475229576465778e-05 0.9999920672200057 0.8104137182235718
0.9999902586795142 -3.9113648836234445e-05 0.004413730417808133 0.002620976883918047 4.012500401079587e-05 0.9999999729630193 -0.0002290500927455562 -0.01757211424410343 -0.004413721339489295 0.00022922496244591256 0.999990233212232 0.7759954929351807
0.9999919527839916 1.9555496221397453e-05 0.00401173090346695 0.002238154411315918 -1.8652689455054616e-05 0.9999999744957607 -0.00022507899745609312 -0.01830941066145897 -0.00401173520268229 0.00022500235662606199 0.9999919276447201 0.6336572170257568
0.999988585106459 0.00019178965022374495 0.004774188256910925 0.003116876818239689 -0.00019104971632947945 0.9999999696689106 -0.00015544189908623082 -0.017205772921442986 -0.004774217924252049 0.00015452801742131455 0.9999885914170741 0.7447346448898315
0.9999924972990525 2.7507750575512244e-05 0.003873575728967087 0.001844238955527544 -2.687859676345477e-05 0.9999999864398802 -0.0001624739375600914 -0.017643770202994347 -0.0038735801457334858 0.00016236860228667456 0.9999924844784043 0.8053848147392273
0.9999871728248662 1.3196158728169818e-05 0.005064978933111578 0.0035087247379124165 -1.204669604320164e-05 0.9999999741689143 -0.0002269736724197496 -0.017662690952420235 -0.0050649817974582805 0.00022690974472703028 0.9999871471530818 0.6684447526931763
0.999984035155001 0.000362455143927934 0.005638976980873312 0.0040033902041614056 -0.0003615815398575777 0.9999999224705709 -0.00015594115131820316 -0.017191840335726738 -0.0056390330653590896 0.00015389971176192773 0.9999840886838984 0.701662003993988
0.9999955489644263 0.00011305900172985566 0.002981487715482818 0.0007939445786178112 -0.00011264008158091357 0.9999999837614302 -0.00014067462893028389 -0.01780341938138008 -0.0029815035716008373 0.00014033816776300176 0.999995545460904 0.8475703001022339
0.9999889621285023 0.0001624494365847027 0.004695660905739559 0.003349174978211522 -0.0001616324934090767 0.9999999717372378 -0.00017435727994062533 -0.0174349844455719 -0.004695689097269102 0.0001735963840269764 0.9999889601231594 0.6768568754196167
0.9999821536447046 5.742893357507724e-05 0.005974034986150844 0.004516024142503738 -5.616582625594808e-05 0.9999999760353311 -0.0002116004176549175 -0.016911836341023445 -0.005974046994971405 0.0002112611047476043 0.999982132906007 0.6835999488830566
0.999986640513489 2.7079339958608667e-05 0.005168951659258648 0.00336572271771729 -2.6089141061783243e-05 0.9999999812978816 -0.00019163400883005584 -0.0180213525891304 -0.005168956751910775 0.00019149659518911984 0.999986622518097 0.6342979073524475
0.9999902174060781 1.3623084004846966e-05 0.004423223548113395 0.0018872658256441355 -1.2687406292057385e-05 0.9999999775395334 -0.0002115655047440628 -0.019238386303186417 -0.004423226330940373 0.00021150731585036644 0.9999901951186726 0.5827540755271912
0.999989307130895 4.98650391346827e-05 0.004624190453550162 0.0026748788077384233 -4.917241071755081e-05 0.9999999875564392 -0.00014989728423760396 -0.01846667006611824 -0.004624197870642712 0.00014966829881334624 0.9999892971394512 0.6226087212562561
0.9999816316446665 0.0003612034746751572 0.006050281424903711 0.0042696017771959305 -0.0003602376362405957 0.9999999221982678 -0.00016072430965109594 -0.017233071848750114 -0.006050339008360447 0.00015854181833076784 0.9999816839634493 0.6853395104408264
0.9999971976469171 0.00023490010258001836 0.0023557419754141407 -0.00020574359223246574 -0.0002347236795793035 0.999999969627371 -7.516682499880285e-05 -0.017945121973752975 -0.0023557595605589662 7.461366593021046e-05 0.9999972224109895 0.8783381581306458
0.9999954307706632 0.00014679913416281907 0.0030194184554987137 0.0009111682884395123 -0.00014645771784409277 0.9999999828572651 -0.00011329433337258907 -0.017561718821525574 -0.0030194350352476685 0.00011285159856858869 0.999995435127873 0.8351359367370605
0.9999931022921503 0.0002870895584113166 0.003703099742948518 0.0016553353052586317 -0.0002866413885070633 0.9999999515304527 -0.00012155577460884653 -0.0173272043466568 -0.003703134460854605 0.00012049347450052694 0.9999931361146872 0.798580527305603
0.9999931391579306 4.864335827837495e-05 0.0037039534137856167 0.0018954526167362928 -4.77131627480668e-05 0.9999999673050249 -0.0002512238110030603 -0.017362190410494804 -0.0037039655130547988 0.0002510453600641257 0.9999931087841083 0.7853139638900757
0.9999913449588466 0.00020561838324137984 0.004155445641248527 0.0026152466889470816 -0.00020481391846938798 0.9999999602042293 -0.00019401752104276183 -0.01690700836479664 -0.004155485369448363 0.00019316474870836208 0.9999913472769272 0.7436356544494629
0.9999922412848113 0.0002468632266611047 0.003931466485496716 0.0023430120199918747 -0.0002461134467755635 0.999999951436287 -0.0001911951745886286 -0.016896508634090424 -0.003931513493627828 0.00019022610439209536 0.9999922534778348 0.755082905292511
0.999996401597565 0.0002188840245900332 0.0026737392740949703 0.00039175478741526604 -0.00021852753776315954 0.9999999671956574 -0.00013362035708289804 -0.017386430874466896 -0.002673768433746236 0.0001330355906028911 0.9999964166255272 0.8346307873725891
0.9999951723329571 0.0001779273305511714 0.003102201257942614 0.000972243957221508 -0.00017738880460442164 0.9999999691513798 -0.0001738690649557008 -0.01744525320827961 -0.003102232098302578 0.00017331792980095735 0.9999951730468022 0.8177798986434937
0.9999972534136269 0.00018570156309261784 0.0023363818462515383 -0.00014786282554268837 -0.00018537010937472862 0.9999999727253144 -0.00014208199249898787 -0.017772428691387177 -0.002336408167375553 0.00014164850690014268 0.9999972605625355 0.8686013221740723
0.9999959681338322 0.00023491435471563444 0.002829934862455625 0.0007104058749973774 -0.0002345076736629052 0.9999999621296275 -0.0001440378241204219 -0.017537053674459457 -0.0028299685918374454 0.00014337360193797993 0.9999959853528311 0.8332009315490723
0.9999960106192717 0.00013574379905479728 0.0028214037574907226 0.0008108792826533318 -0.00013528122159773008 0.99999997737801 -0.00016414314092448349 -0.017348822206258774 -0.002821425975078493 0.00016376080314806663 0.9999960063609589 0.8249679207801819
0.9999948713843606 0.0002701336808850374 0.0031912744742963245 0.0012249280698597431 -0.0002696963182636808 0.999999954181701 -0.00013747905941036845 -0.017273804172873497 -0.0031913114658019192 0.00013661767935682772 0.9999948984203558 0.8025896549224854
0.999993699066601 1.3000984630093965e-05 0.0035498814165458446 0.0017864946275949478 -1.2247387242372425e-05 0.9999999773872962 -0.00021230970144315501 -0.017158417031168938 -0.003549884096508592 0.0002122648869214932 0.9999936766132673 0.7847167253494263
0.9999913113029917 0.0004304103526164846 0.004146331565543371 0.0022078859619796276 -0.00042976101706047073 0.9999998952504654 -0.00015749452827644298 -0.017229760065674782 -0.00414639891849252 0.0001557112281835285 0.9999913915279581 0.7638765573501587
0.9999990976093627 0.00019841207844672505 0.00132868849137697 -0.0015225461684167385 -0.00019826165352082234 0.9999999739227444 -0.00011334384417224623 -0.018070600926876068 -0.0013287109455161223 0.00011308031391450799 0.9999991108696376 0.9257967472076416
0.9999836505951533 1.7701139356466327e-05 0.00571823653409078 0.004076712764799595 -1.6135288938286065e-05 0.9999999623645578 -0.00027388051281621907 -0.017118705436587334 -0.005718241166879544 0.00027378376963414037 0.9999836132459395 0.7072196006774902
0.9999889135148959 0.0005440674460062763 0.00467726821040579 0.002235467778518796 -0.0005433211252835347 0.9999998394675123 -0.00016083253513867463 -0.01742101088166237 -0.004677354963298916 0.00015828949344383897 0.9999890485875249 0.7652938365936279
0.99999707680053 2.0290331190227048e-05 0.0024178458796078107 0.0002825651317834854 -1.988486264009104e-05 0.9999999857369307 -0.00016772218261460088 -0.017499521374702454 -0.0024178492482605407 0.00016767361379600466 0.9999970629409728 0.8535347580909729
0.9999971956386554 0.0002499756495384353 0.0023550428870117534 0.00016050133854150772 -0.00024969983225713125 0.9999999619323212 -0.0001174110311933758 -0.01732628047466278 -0.0023550721472595224 0.0001168226481165733 0.9999972199899609 0.846593976020813
0.9999994154412628 0.00017859802818827978 0.0010664051188427673 -0.0017736740410327911 -0.00017847756905896552 0.9999999776824755 -0.00011305222747020367 -0.017904145643115044 -0.0010664252859481531 0.00011286183199129322 0.999999424999493 0.9295841455459595
0.9999994795836047 0.00024472623572951703 0.0009904249541210686 -0.0019198250956833363 -0.00024467182492260187 0.999999968552178 -5.505762128702107e-05 -0.018048804253339767 -0.0009904383970187663 5.481526355315857e-05 0.9999995080134135 0.9362747073173523
0.9999994174193623 0.0002734451008713164 0.0010442167938051077 -0.001824460458010435 -0.000273366772260641 0.9999999598112547 -7.515381854992655e-05 -0.017879804596304893 -0.0010442373022828393 7.486832059230416e-05 0.9999994519814451 0.9327217936515808
0.9999998967186718 0.0002220451726532182 0.00039655842765714237 -0.0030719819478690624 -0.00022202918050352537 0.9999999745366155 -4.037091642325971e-05 -0.018601052463054657 -0.0003965673817265301 4.028286471098337e-05 0.9999999205557979 0.9936536550521851
0.9999997172168154 0.00026055595511474797 0.000705462177346225 -0.0026637385599315166 -0.00026054755635017136 0.9999999659855183 -1.1997213515293083e-05 -0.018317103385925293 -0.0007054652792957208 1.1813403676277806e-05 0.9999997510895606 0.9712435007095337
0.9999997202924698 0.0002515484215127 0.0007043709064523926 -0.0025530923157930374 -0.00025152610313320306 0.9999999678625171 -3.177395446618162e-05 -0.018245287239551544 -0.0007043788765037758 3.1596777909506925e-05 0.9999997514259901 0.9675527215003967
0.999999191625289 3.561670300923999e-05 0.0012710154280893172 -0.0015625846572220325 -3.54143602869613e-05 0.9999999866974321 -0.00015921984272257496 -0.018138354644179344 -0.0012710210820673998 0.00015917470181498 0.9999991795840749 0.9326692223548889
0.9999987772735939 0.00022585382640990726 0.0015473982572543777 -0.0012049837969243526 -0.00022567925329033606 0.9999999681509689 -0.00011299086677155747 -0.017966600134968758 -0.001547423727390852 0.00011264151293140106 0.9999987963951245 0.9106684327125549
0.9999989342109833 0.00026435507688669333 0.0014358597740059752 -0.001442542765289545 -0.00026420385351433876 0.9999999595322238 -0.00010550769845373952 -0.01805240660905838 -0.0014358876073956603 0.00010512822631939474 0.9999989635868803 0.9197115302085876
0.9999980092490314 0.0001568519518585518 0.0019891946710172623 -0.00045081041753292084 -0.00015653838103603984 0.9999999752987435 -0.0001577917845742347 -0.017772024497389793 -0.0019892193718310525 0.00015748008513672015 0.9999980091011748 0.8804476261138916
0.9999979839201298 0.0001041310349476751 0.0020053210225314064 -0.0003651352599263191 -0.0001037717721332015 0.999999978548998 -0.00017925797859819791 -0.017781173810362816 -0.0020053396458340955 0.00017904952148359163 0.9999979732750331 0.8790082335472107
0.9999994810766993 0.0003194311699800057 0.000967372761738798 -0.0020614261738955975 -0.00031935800161760297 0.9999999461331939 -7.578968612101862e-05 -0.018121669068932533 -0.000967396919217627 7.54807085599763e-05 0.9999995292228211 0.9438473582267761
0.9999990670906999 0.00028797370990009516 0.0013352486181320697 -0.001612247433513403 -0.00028785080753341305 0.9999999543172321 -9.223581905937512e-05 -0.018105195835232735 -0.0013352751186252172 9.185138061873453e-05 0.9999991043014396 0.9274755716323853
0.9999989104162582 0.00022051382594364882 0.0014596369236345758 -0.0014079860411584377 -0.00022035511902820218 0.999999969793258 -0.00010889033239973248 -0.018037449568510056 -0.0014596608913675056 0.0001085685752865512 0.9999989288008995 0.9200150370597839
0.9999986927713197 0.00019746979532997617 0.0016048243926938815 -0.0010147616267204285 -0.00019729812142855102 0.999999974798173 -0.00010713124711413459 -0.018006624653935432 -0.0016048455074348163 0.00010681447823119459 0.9999987065299455 0.9085689783096313
0.9999989088859919 0.0003360072680064033 0.0014385151865719747 -0.00127443578094244 -0.0003359443835984567 0.9999999426046099 -4.3956210467282834e-05 -0.01778622902929783 -0.0014385298736140251 4.3472901408395897e-05 0.9999989643704187 0.9111440777778625
0.9999984288592197 0.00015149666038273503 0.001766161899171318 -0.0006993613205850124 -0.00015129740420563592 0.9999999821754917 -0.00011295181170024816 -0.017793964594602585 -0.0017661789795126073 0.00011268441852629906 0.9999984339557909 0.8958674669265747
0.9999975454813056 0.00020922863625210197 0.0022057322460665323 -0.0001948927529156208 -0.00020892625355787878 0.9999999687466543 -0.0001373190100763711 -0.01754181832075119 -0.00220576090819923 0.00013685783764977132 0.999997557941392 0.8655367493629456
0.9999975882097423 0.0001493164585240977 0.0021911821682001694 -0.00022666854783892632 -0.00014897599190998828 0.9999999768063068 -0.0001555427269815735 -0.017692074179649353 -0.002191205342467704 0.00015521591830817676 0.9999975872606724 0.8672994375228882
0.9999976973067438 0.0002587529500568144 0.0021303586837269155 -0.00017337175086140633 -0.0002584867517094617 0.9999999587511359 -0.00012522909490561362 -0.017636621370911598 -0.002130390999249779 0.00012467813704528867 0.999997722942184 0.8651923537254333
0.9999979780755817 0.0002488886383228173 0.0019954696674245927 -0.0004402920603752136 -0.00024866506164354467 0.999999962778382 -0.00011228945288057485 -0.017569176852703094 -0.0019954975407190092 0.00011179302225193023 0.9999980027439478 0.8749619722366333
0.9999905046258349 3.298980583668224e-05 0.004357702357977874 0.0027639332693070173 -3.202041390951005e-05 0.9999999747287901 -0.00022252440842261773 -0.017152074724435806 -0.004357709588890491 0.000222382760036902 0.9999904804112122 0.7534561157226562
0.9999917168350012 0.0003907842179240813 0.004051363854507137 0.00207143509760499 -0.000390292053022355 0.9999999163609314 -0.0001222711877187074 -0.017239829525351524 -0.004051411297305306 0.00012068895980996879 0.9999917857166003 0.7750561237335205
0.9999981723310631 0.00028493374688062285 0.0018905415344277125 -0.0007723076269030571 -0.00028473976872602104 0.9999999541702135 -0.00010287290844329935 -0.017846815288066864 -0.0018905707597478526 0.00010233440806640024 0.9999982076333295 0.8884705901145935
0.9999995633897215 0.00028989795160680465 0.0008883577795134696 -0.002223377116024494 -0.00028983418626212247 0.9999999554127776 -7.190679813428693e-05 -0.018104188144207 -0.0008883785855375492 7.164929028490486e-05 0.9999996028248553 0.9454606771469116
0.9999997053922683 0.00026841567123573186 0.0007191442161378294 -0.002480712253600359 -0.000268354799188637 0.9999999604023928 -8.474027393638766e-05 -0.01821211352944374 -0.0007191669332789488 8.454726316953846e-05 0.9999997378253066 0.9546555280685425
0.9999997108594292 0.0002568362771272811 0.0007157626593479058 -0.0023894822224974632 -0.0002567694309315905 0.9999999626652966 -9.348189427091792e-05 -0.018209781497716904 -0.0007157866421668226 9.329808127078683e-05 0.9999997394724414 0.9540344476699829
0.999999899841158 0.00025849460067440476 0.0003653740767239867 -0.0029113353230059147 -0.0002584687237542885 0.9999999640857847 -7.08685319050213e-05 -0.018275897949934006 -0.0003653923827347185 7.077408703560744e-05 0.9999999307397155 0.9758285284042358
0.9999999091283945 0.00016734894866304306 0.00039209377940396974 -0.002778539899736643 -0.00016731161605677903 0.9999999814676702 -9.524432861453482e-05 -0.01833011396229267 -0.00039210971117581835 9.517871811565188e-05 0.9999999185954895 0.9744988679885864
0.9999996110458012 0.00010308301362484142 0.0008759464244275544 -0.0020346366800367832 -0.0001029669841282344 0.9999999859199893 -0.0001325059289028492 -0.018156927078962326 -0.0008759600712046939 0.00013241568380253056 0.9999996075799431 0.9461973905563354
0.9999998020598457 0.00014291363545229272 0.0006127446139076536 -0.0023799361661076546 -0.000142836885112609 0.9999999819489441 -0.0001252985850126827 -0.01819841004908085 -0.0006127625097232675 0.00012521103767904138 0.9999998044221321 0.9584864377975464
0.9999996990001163 0.00026427190513852 0.0007294929999762651 -0.0023141615092754364 -0.00026420823018635206 0.9999999612792352 -8.738157323828981e-05 -0.018134649842977524 -0.0007295160642245719 8.718880888198938e-05 0.9999997301021755 0.9514498710632324
0.9999999353520086 0.0002887367743526863 0.00021430598235726384 -0.0032443650998175144 -0.00028872452075266156 0.9999999566827661 -5.720679409820555e-05 -0.018377328291535378 -0.00021432249077932045 5.714491500785068e-05 0.9999999754001642 0.9921722412109375
0.999999985979633 0.00010556055471764785 0.00012999116578046432 -0.003275488968938589 -0.00010554483054049143 0.9999999871139575 -0.00012096434847302736 -0.01866387203335762 -0.00013000393316911848 0.00012095062688149874 0.9999999842349616 1.0031946897506714
0.9999998960552328 0.00015595067704776553 0.00042844942574202536 -0.002613944001495838 -0.00015590286890963925 0.9999999816181692 -0.00011161521963039029 -0.018250223249197006 -0.0004284668243354106 0.00011154841153391637 0.9999999019865615 0.9684275388717651
0.9999995932975146 0.00014391899140289743 0.0008903325948715617 -0.0021300315856933594 -0.0001438205141563468 0.999999983533873 -0.00011067029275390236 -0.01819732040166855 -0.0008903485077681435 0.00011054219965245466 0.9999995975298975 0.9493371248245239
0.9999979217920798 1.689936609500645e-05 0.0020386578753035177 -0.0004328545182943344 -1.65476377246884e-05 0.9999999849770058 -0.00017254611974477455 -0.01787298545241356 -0.002038660760596819 0.00017251202618609682 0.9999979070487616 0.8838757276535034
0.9999954443277806 0.00017313178672624308 0.003013527678459487 0.0008543981239199638 -0.0001726752492486265 0.999999973576755 -0.00015175555148135838 -0.01749097928404808 -0.003013553872542081 0.00015123449848981275 0.9999954478002305 0.824653685092926
0.999997933925305 0.000313203735378272 0.0020084940978518317 -0.000590114388614893 -0.00031302401831887275 0.9999999469766572 -8.979223961191825e-05 -0.017742741852998734 -0.002008522114619616 8.916334720116489e-05 0.9999979789423638 0.8784322738647461
0.9999967348887662 0.00012227772403908483 0.0025525007277653255 0.0003578583709895611 -0.00012185239724175366 0.9999999786671683 -0.0001667862601570654 -0.017594465985894203 -0.0025525210675575493 0.00016647468724873414 0.9999967284558378 0.8469284772872925
0.9999993354909393 0.0003253735052256827 0.0011059610126500253 -0.0017997026443481445 -0.00032530341289519003 0.999999945069151 -6.355615045294183e-05 -0.017958268523216248 -0.0011059816313860997 6.319633532735992e-05 0.9999993864052387 0.9278939366340637
0.9999999177983399 0.00020925833148651156 0.0003472956430093139 -0.002937495242804289 -0.00020923418749738468 0.9999999756915872 -6.955486563906999e-05 -0.01834063045680523 -0.0003473101895022385 6.948219379985816e-05 0.9999999372739263 0.9795147180557251
0.9999999195843164 0.0002872410484706607 0.00027986414833791417 -0.0033429223112761974 -0.0002872348456585353 0.9999999585015714 -2.2203595196605527e-05 -0.018479034304618835 -0.0002798705145079558 2.2123206675635032e-05 0.999999960591529 0.9960466623306274
0.9999999684924431 0.00013329818152191207 0.000212712734408576 -0.0034016515128314495 -0.0001332818044301395 0.9999999881531791 -7.700390878077406e-05 -0.018754493445158005 -0.0002127229963696169 7.69755556175018e-05 0.9999999744118448 1.0068790912628174
0.9999999525368408 0.00019109424972293197 0.0002416801686956364 -0.003461464773863554 -0.00019108408527245097 0.9999999808580797 -4.207983666752285e-05 -0.018718186765909195 -0.00024168820528423034 4.203365343631716e-05 0.9999999699099913 1.0066802501678467
0.9999999448840076 0.00022386311414090824 0.00024518827082504736 -0.003392463084310293 -0.0002238527937270175 0.9999999740579821 -4.211842705183845e-05 -0.018657075241208076 -0.0002451976932266114 4.2063538651026256e-05 0.9999999690543746 1.0044647455215454
0.9999999683713909 0.0001765073248086082 0.00017917137391766581 -0.0034493147395551205 -0.00017649399401066534 0.9999999816560952 -7.441558368006343e-05 -0.01868284121155739 -0.00017918450552656265 7.438395865500692e-05 0.9999999811799695 1.0074567794799805
0.9999998598402701 9.821495495713021e-05 0.0005202626864892369 -0.0027252803556621075 -9.81417091060125e-05 0.9999999852703821 -0.00014080994441242347 -0.018429163843393326 -0.0005202765084683143 0.00014075886520730353 0.9999998547496378 0.9763162136077881
0.9999969137293466 5.202788086017214e-06 0.0024844525981760684 0.00019778497517108917 -4.734425600356296e-06 0.9999999822182901 -0.00018852322045069135 -0.017796218395233154 -0.0024844535348446184 0.00018851087616102494 0.9999968959723239 0.8584235906600952
0.9999983349140392 0.0003924556039538056 0.0017821750049115109 -0.0010513816960155964 -0.00039230812519169996 0.9999999195942805 -8.310094843313864e-05 -0.017927071079611778 -0.0017822074750473535 8.240164832797572e-05 0.9999984084719757 0.9003193378448486
0.9999986498828531 5.6569465289475236e-05 0.0016422644021875817 -0.0008621723391115665 -5.6277087255708616e-05 0.9999999825603552 -0.00017807913724863814 -0.017922693863511086 -0.0016422744473886467 0.00017798647496388258 0.9999986356267965 0.8998463153839111
0.9999977006899274 0.00020051304075747298 0.0021350431795126527 -0.00011691451072692871 -0.0002002228975702212 0.9999999706926228 -0.00013610857525230143 -0.017666317522525787 -0.002135070408484435 0.00013568077776464387 0.9999977115299199 0.8664982318878174
0.9999957240055648 0.00010025529224017306 0.0029226562340309704 0.0011616959236562252 -9.970725933502238e-05 0.9999999774216503 -0.0001876570302218691 -0.01724991388618946 -0.0029226749816526226 0.0001873648177583785 0.9999957114234922 0.8171589374542236
0.9999922505207551 0.0003792001944083118 0.003918559129046592 0.002213665982708335 -0.00037874183558002296 0.9999999213491716 -0.0001177126695509736 -0.017096390947699547 -0.003918603457515849 0.00011622763506172009 0.999992315489514 0.7692544460296631
0.9999956518114206 0.00014670268263969915 0.002945307551856988 0.0011259131133556366 -0.00014621410805792074 0.9999999755166098 -0.00016609700274110441 -0.01720026321709156 -0.0029453318466217547 0.000165665635003363 0.9999956487781387 0.8200865387916565
0.9999970927677446 0.00026350524124560225 0.0023968773533526036 0.00013384828343987465 -0.00026330186975296867 0.9999999617096365 -8.516367444716164e-05 -0.01757260039448738 -0.0023968997026498785 8.4532324567874e-05 0.9999971238589148 0.8597327470779419
0.9999969513272721 4.321057198361249e-05 0.0024689003641091643 0.0005615917034447193 -4.2726077160553436e-05 0.9999999798220602 -0.00019629152153323147 -0.017428357154130936 -0.002468908796160763 0.00019618543667716443 0.9999969329956121 0.8473541736602783
0.9999982851941829 0.00041767744093112536 0.0018042046029310632 -0.0006439234130084515 -0.00041757462591538147 0.9999999111704747 -5.736265880522351e-05 -0.017526406794786453 -0.0018042284017529594 5.660917037725874e-05 0.999998370776311 0.8809840083122253
0.9999998283398495 0.00021986353125692557 0.0005431208882664445 -0.0025715637020766735 -0.00021981876855936086 0.999999972438719 -8.247587771850505e-05 -0.018260465934872627 -0.0005431390067350558 8.235647539584587e-05 0.9999998491087039 0.9699586629867554
0.9999987599573372 0.00012930446371848357 0.001569510797388546 -0.0009160940535366535 -0.00012906937083020077 0.9999999804373826 -0.00014988772977334998 -0.017813092097640038 -0.0015695301478373235 0.00014968496813504034 0.9999987570839901 0.9003366827964783
0.9999956194788858 0.00020687694507760758 0.0029526640460577876 0.0009859190322458744 -0.00020637048755029445 0.9999999639429629 -0.00017182926005378604 -0.01734192669391632 -0.0029526994871058657 0.00017121916463332717 0.9999956261153027 0.8186156153678894
0.9999931491209572 0.00015543257565267792 0.003698317437088316 0.0020374427549540997 -0.00015468908740947214 0.9999999677708953 -0.00020131938446211754 -0.01714908517897129 -0.0036983486094853122 0.00020074591589807188 0.9999931409357965 0.7756956815719604
0.9999967488891339 0.00039403362081075926 0.0025193151187886125 0.00017346488311886787 -0.00039378469405129733 0.999999917536302 -9.930258498605593e-05 -0.017509644851088524 -0.0025193540395936896 9.831019440907189e-05 0.999996821590113 0.8475653529167175
0.9999985951412044 0.00019325317729437474 0.0016650431907871723 -0.000849167350679636 -0.00019301810201684122 0.9999999713831934 -0.00014134222567030092 -0.017745446413755417 -0.0016650704579731497 0.00014102064362797018 0.9999986038257994 0.8915979862213135
0.9999956960796157 0.0001684401356395803 0.0029290698465172685 0.0009726220741868019 -0.0001679131406808358 0.9999999696730797 -0.00018016386187933957 -0.017362277954816818 -0.002929100104512932 0.00017967125715121968 0.999995694036138 0.8190171122550964
0.9999977527049864 0.0002912745726332885 0.0020999390707060975 -0.0003998582251369953 -0.00029102659584980033 0.9999999506434014 -0.00011839221111312798 -0.017645489424467087 -0.002099973451700942 0.00011778080693166267 0.9999977881171458 0.8713396787643433
0.9999971801744226 6.865918226948453e-05 0.0023738005646170798 0.00029107043519616127 -6.818605397399627e-05 0.9999999777965612 -0.00019939292746511727 -0.01759638637304306 -0.002373814202065894 0.00019923050511841793 0.9999971626526449 0.8526555299758911
0.9999840050186052 1.7357319358102053e-05 0.005655917756968481 0.0038900189101696014 -1.5829109340775624e-05 0.9999999633595388 -0.00027024130005647213 -0.017212383449077606 -0.005655922240397595 0.0002701474494113082 0.999983968653481 0.6959989070892334
0.999980811042921 0.0002946536194327627 0.006187949998702549 0.0045099579729139805 -0.0002931398808460061 0.9999999268914276 -0.0002455323805074941 -0.016990134492516518 -0.006188021893314962 0.00024371373407188233 0.9999808243104783 0.6681711077690125
0.9999946217120935 0.00037676086029121226 0.0032580052395306982 0.0011617885902523994 -0.00037635527120790746 0.9999999213530724 -0.00012510219267881828 -0.0172811821103096 -0.003258052116908334 0.000123875352397688 0.9999946848615248 0.8032119274139404
0.9999918970736223 -3.059165601273504e-05 0.004025524965601644 0.0022475235164165497 3.1536458359871276e-05 0.9999999719748489 -0.00023463962463105562 -0.01736549660563469 -0.0040255176747710135 0.00023476467416390622 0.9999918700134507 0.7710011601448059
0.9999863870407034 0.00015998775978621146 0.005215375077281119 0.0036579445004463196 -0.00015905682949479366 0.999999971345787 -0.00017891156962130991 -0.01701126992702484 -0.0052154035514998765 0.00017807959308097654 0.9999863838340265 0.712085485458374
0.9999845518868533 0.00011343105153116268 0.00555725841094261 0.003504454158246517 -0.00011199793466661821 0.9999999603965432 -0.00025819251561603476 -0.018108323216438293 -0.0055572874779045095 0.00025756612556440564 0.9999845249880516 0.6102654337882996
0.9999907989209329 -2.323033888483288e-05 0.004289700901701367 0.0021192128770053387 2.40187589479696e-05 0.9999999828309353 -0.0001837422891575322 -0.0202057845890522 -0.004289696559655569 0.0001838436318221185 0.9999907823099898 0.525816798210144
0.9999966440417966 6.020019320117085e-06 0.002590727485415245 0.0005990453064441681 -5.631281525041727e-06 0.9999999887256024 -0.00015005693487147556 -0.021563611924648285 -0.002590728359552 0.00015004184217084896 0.9999966328013373 0.4767519533634186
0.9999974182961539 0.0001460469162341028 0.00226761357506158 -0.0003434354439377785 -0.00014560894324787985 0.9999999707153003 -0.00019330658154125989 -0.02132469043135643 -0.002267641740485319 0.00019297589766455555 0.9999974102772667 0.49666333198547363
0.9999874533513394 7.658701201299074e-05 0.005008719829705396 0.0026156946551054716 -7.533088125668862e-05 0.9999999656679114 -0.0002509769601316274 -0.018935872241854668 -0.0050087388793210435 0.00025059649993314714 0.9999874247890487 0.5821071863174438
