0.9999927644604499 0.00010470171649647902 0.0038026391226944956 0.001578307244926691 -0.00010403680412226796 0.9999999792664144 -0.0001750528894017868 -0.017659159377217293 -0.00380265737219015 0.00017465600837812673 0.9999927546198464 0.8042736649513245
0.9999912562730948 7.202889252023125e-05 0.004181170792483523 0.002348235109820962 -7.122184488221308e-05 0.9999999788067648 -0.00019316810911101798 -0.018290577456355095 -0.004181184617555957 0.00019286862940421685 0.9999912402100757 0.6389049887657166
0.9999926102265775 0.0003681599703633209 0.0038267414953849933 0.0015118313021957874 -0.00036776366383312964 0.9999999269392883 -0.0001042655540730302 -0.01750674657523632 -0.0038267796022038334 0.00010285744710132479 0.9999926725622652 0.7979934811592102
0.9999939020827893 2.678071884550212e-05 0.003492145476610739 0.0012484504841268063 -2.6143742711140907e-05 0.9999999830146082 -0.00018244804121883546 -0.01772875152528286 -0.0034921503033849763 0.00018235563091293446 0.9999938857976494 0.8196331262588501
0.9999898175431639 0.0003344740883879061 0.004500326329775511 0.0025133085437119007 -0.00033392503750591287 0.9999999367128469 -0.00012275329629016425 -0.01732616499066353 -0.004500367102759542 0.00012124927472156412 0.9999898659459275 0.7615301609039307
0.9999939834509568 0.00022924455689037353 0.0034612871623583476 0.0011156941764056683 -0.00022877974250246454 0.9999999647599161 -0.0001346848013427447 -0.017674945294857025 -0.003461317916139902 0.00013389211861930062 0.9999940006575958 0.8206266164779663
0.9999934396929434 0.00033958253286806527 0.003606279908565169 0.0011643040925264359 -0.00033924834181078747 0.999999938104653 -9.328050526274085e-05 -0.017627637833356857 -0.003606311361783467 9.205646883489764e-05 0.9999934930008136 0.813753604888916
0.9999900551189147 0.00012355952956732906 0.00445807091834089 0.002440376440063119 -0.00012276173644296137 0.999999976403443 -0.00017922798320047943 -0.017505066469311714 -0.004458092958471054 0.00017867892027237793 0.9999900466909746 0.7721631526947021
0.9999884581415283 0.0003620641528472258 0.0047908760449422464 0.0028948478866368532 -0.00036147252572327204 0.999999926936634 -0.00012435569809624722 -0.01724712736904621 -0.004790920719645199 0.00012262249273598726 0.9999885159552494 0.7465757131576538
0.9999948199156878 0.0001249766689844828 0.003216290195781069 0.0009653209708631039 -0.00012446589225787095 0.9999999796121979 -0.00015900894860139682 -0.017634442076086998 -0.0032163100026167154 0.00015860780649265855 0.9999948150833239 0.8271006941795349
0.9999954978502361 0.0003700943427126084 0.00297780278656957 0.00042469706386327744 -0.00036994000658509735 0.9999999302003872 -5.2379499772800714e-05 -0.017604300752282143 -0.002977821964076629 5.127765556997551e-05 0.9999955649636413 0.8373976349830627
0.9999936000767699 0.0002663867247362469 0.003567750497680596 0.001069065649062395 -0.00026603801996648486 0.9999999597890653 -9.821221557806991e-05 -0.0177023746073246 -0.0035677765166484514 9.726242974929258e-05 0.9999936307350895 0.821650505065918
0.9999888130822021 -0.00010226263572401442 0.004728980101661041 0.0028340730350464582 0.00010338474742012625 0.9999999665617597 -0.00023704023591254367 -0.017533261328935623 -0.004728955703172971 0.00023752648857627476 0.9999887902167327 0.7600259780883789
0.9999838767003473 3.9017207809545785e-05 0.0056784519899080515 0.004097279626876116 -3.768777134385792e-05 0.9999999718588265 -0.0002342263386733339 -0.017191670835018158 -0.00567846096896748 0.00023400855397170622 0.9999838500300994 0.7041310667991638
0.9999886348504659 6.75956183355243e-05 0.004767137582932942 0.0031745636370033026 -6.67658720084374e-05 0.9999999825958328 -0.0001742143876304187 -0.017732560634613037 -0.004767149276094136 0.0001738941255601435 0.9999886219595766 0.6621399521827698
0.9999882841012335 0.0002139964626589508 0.004835893483539591 0.0029742522165179253 -0.00021314612481977718 0.9999999617340813 -0.000176353522203516 -0.017279310151934624 -0.004835931037519614 0.0001753207041074451 0.9999882914482802 0.7449314594268799
0.9999929523193034 0.00020854062922395745 0.00374857606690694 0.001332851592451334 -0.0002080270275887832 0.9999999689227441 -0.00013740184357402467 -0.01774119958281517 -0.003748604604278398 0.00013662107007281495 0.9999929646243537 0.8137257695198059
0.999990251688301 3.309024318031078e-05 0.004415363337707957 0.002330233808606863 -3.224746092377997e-05 0.9999999812498618 -0.00019094600600240037 -0.017633667215704918 -0.004415369573369058 0.0001908017603445192 0.999990234005422 0.7795716524124146
0.9999939718482731 0.00032780027167207893 0.003456705671165834 0.0008452427573502064 -0.0003275012363639673 0.9999999425804894 -8.707444074127112e-05 -0.017823949456214905 -0.0034567340157088166 8.594184046227765e-05 0.9999940217841029 0.8312879800796509
0.9999988831413735 0.00022490315013505905 0.0014775434269882837 -0.0018416051752865314 -0.00022479059173312387 0.9999999718203114 -7.634504779049494e-05 -0.018428001552820206 -0.0014775605555933154 7.601282466260565e-05 0.9999989055178287 0.9438433647155762
0.9999994137756697 0.00012260625169715705 0.0010758327120343695 -0.0023104283027350903 -0.00012248579217866745 0.9999999862228286 -0.00011203380611640956 -0.018544742837548256 -0.001075846433257469 0.00011190196621748132 0.9999994150160301 0.9646342992782593
0.9999982157715533 0.00019227486637605248 0.001879224330790433 -0.0012059751898050308 -0.0001920754716156132 0.9999999759052852 -0.00010628472124324017 -0.018311377614736557 -0.0018792447213916341 0.00010592357870740897 0.9999982286081673 0.9189399480819702
0.9999997351649555 0.00024814110054020144 0.0006841754253774944 -0.0029410761781036854 -0.0002481067022907485 0.9999999679533982 -5.0361359741128435e-05 -0.01859612949192524 -0.000684187900175228 5.019159789509672e-05 0.9999997646838326 0.9886016845703125
0.9999982717104073 -3.186603787141948e-05 0.001858913864146888 -0.0011402270756661892 3.213525345565529e-05 0.9999999890009476 -0.00014479444201222243 -0.01841655559837818 -0.0018589092296754238 0.00014485392843367178 0.999998261735397 0.9240353107452393
0.9999961577874724 0.00016375094028781866 0.0027672361520962698 -3.343075513839722e-05 -0.00016348851899488344 0.9999999821177884 -9.505748981444556e-05 -0.01805085316300392 -0.0027672516683653068 9.460471324315206e-05 0.9999961666767285 0.8740184307098389
0.9999940359928983 0.00015664640496514145 0.0034501363071533938 0.0009751380421221256 -0.0001562418414942202 0.9999999808876683 -0.00011752935779805565 -0.0176689475774765 -0.0034501546517646214 0.00011698960120209536 0.9999940413554034 0.8305950164794922
0.9999929177333736 4.153240776554268e-05 0.003763344012158301 0.0015647683758288622 -4.104301326143231e-05 0.9999999906921813 -0.00013011959404064227 -0.017853321507573128 -0.003763349381309814 0.0001299642135207856 0.9999929101302357 0.8153349161148071
0.9999949133965301 4.9746985132158474e-05 0.003189154481038972 0.0006576180458068848 -4.931679695154408e-05 0.9999999896755466 -0.00013496948001535171 -0.017827540636062622 -0.00318916116243741 0.0001348115145951378 0.9999949055254911 0.8490957021713257
0.9999999073876733 1.877164402738146e-05 0.00042996775486312574 -0.0026147388853132725 -1.8732315249901097e-05 0.9999999956408975 -9.147297687163425e-05 -0.01859288290143013 -0.00042996947008701217 9.146491410857765e-05 0.9999999033802075 0.9792055487632751
0.9999986790324691 0.00010052140251123063 0.0016222912080956682 -0.0008814036846160889 -0.00010040590504684061 0.9999999924192408 -7.127532635628128e-05 -0.017522897571325302 -0.001622298360493239 7.111234458689105e-05 0.9999986815446625 0.8971256017684937
0.999995478673266 0.00017011271791016273 0.0030022815805605288 0.00085416529327631 -0.00016976544917716405 0.9999999788708053 -0.00011592273888342019 -0.01754840835928917 -0.003002301237056915 0.0001154125310777616 0.9999954864234287 0.8327696323394775
0.9999859319492127 9.682015812051905e-05 0.005303445061581313 0.0034982124343514442 -9.527382157760661e-05 0.9999999528808388 -0.0002918239521325338 -0.01730489172041416 -0.0053034730661286195 0.0002913145672598106 0.9999858940551409 0.7266383767127991
0.9999911227605801 2.7042313549639773e-05 0.004213510264396729 0.002453666878864169 -2.6234276302648512e-05 0.9999999812568734 -0.00019182809044401944 -0.01723237708210945 -0.00421351537289774 0.00019171584914765284 0.9999911047270551 0.7659176588058472
0.9999924245996359 0.0002442558758987142 0.003884724238394435 0.001875207293778658 -0.00024183533727529027 0.9999997763511189 -0.0006235490209142367 -0.01689246855676174 -0.0038848756750924757 0.0006226048336843431 0.9999922600221514 0.689812183380127
0.9999894457528805 0.00032918608445043566 0.0045825778082509185 0.0028438023291528225 -0.0003264336902557611 0.9999997659057485 -0.000601356378712835 -0.016497613862156868 -0.004582774693647464 0.0005998541240641756 0.999989319118528 0.6949045658111572
0.9999899348535685 0.0001423026253695118 0.004484410944457827 0.0027195296715945005 -0.00014065514471718385 0.9999999225090872 -0.0003676927382922747 -0.01675853691995144 -0.004484462920598719 0.0003670582819406579 0.999989877379032 0.729925811290741
0.99998969260495 0.0002515431677700146 0.004533366286997324 0.0026177281979471445 -0.00025082086922576245 0.9999999557608821 -0.0001598972331155404 -0.017314210534095764 -0.004533406307501734 0.00015875852211896788 0.9999897114585642 0.7545345425605774
0.9999998972818046 0.0004015567391849605 0.00021021076563161638 -0.0022424161434173584 -0.0004014946393204762 0.9999998757775181 -0.0002953760371305099 -0.017263276502490044 -0.00021032934975701684 0.00029529160829448774 0.9999999342822135 0.9285363554954529
0.9999911455904668 0.00027944215873172863 -0.004198887084128301 -0.006773068103939295 -0.00028172155747440954 0.9999998132847376 -0.000542276178218635 -0.017639221623539925 0.0041987347653061275 0.0005434542936922729 0.9999910376017381 1.073623776435852
0.9999972343175294 -8.612878235963802e-06 0.002351868004523928 0.000656480435281992 9.747785523306449e-06 0.9999998835278124 -0.00048254465345881316 -0.01719512604176998 -0.0023518635744983725 0.000482566244398411 0.9999971179296203 0.8014780282974243
0.99999618947818 -0.00017145418142226025 0.002755291741970388 0.00090457359328866 0.00017174769024186286 0.9999999796026638 -0.0001062892411823334 -0.021473944187164307 -0.0027552734620349354 0.00010676205115748654 0.9999961985277813 0.4989321827888489
0.9999959595651977 0.0005537566283712271 0.0027882264749444657 0.0003095325082540512 -0.0005525892497921952 0.9999997593599346 -0.00041943437319243225 -0.018311787396669388 -0.0027884580685497875 0.00041789193451915335 0.9999960249260647 0.7311866879463196
0.9999930116602094 2.0126376554902226e-05 -0.0037384790588041584 -0.004941580351442099 -2.1546063825324874e-05 0.9999999276780112 -0.00037971007258795177 -0.01784222014248371 0.0037384711462420156 0.00037978796855335327 0.9999929397723702 0.9846116900444031
0.9999974018771493 0.0010114338838576862 -0.002042851059151957 -0.004985305014997721 -0.0010122371581230685 0.9999994107708217 -0.00039221670696842876 -0.017528394237160683 0.0020424531541772626 0.00039428353769182465 0.999997836460462 1.0412933826446533
0.9999169518340358 0.0003617121418106465 -0.012882491966113947 -0.015441427007317543 -0.00036986979795689825 0.9999997326065986 -0.0006308589889831266 -0.018577633425593376 0.012882260332064516 0.0006355714420017974 0.9999168182492377 1.4714632034301758
0.9999904914197978 -2.4140141198085724e-05 -0.004360789750134348 -0.005691646132618189 2.138388869336071e-05 0.9999997999967475 -0.0006320990382427889 -0.017813613638281822 0.00436080413692225 0.000631999777235756 0.9999902919346572 1.0854389667510986
0.9999947941354304 0.0009638422575591037 -0.0030794009386754294 -0.005661098752170801 -0.0009647746254402361 0.9999994892125953 -0.00030130461477890103 -0.017293548211455345 0.0030791089556360942 0.0003042739741150731 0.9999952132412376 1.0942869186401367
0.9998857752124349 0.0008322562591700526 -0.01509118541887863 -0.018726645037531853 -0.0008438661840119393 0.9999993528855774 -0.0007629667684626985 -0.018804559484124184 0.0150905406692863 0.0007756145597972975 0.9998858304848425 1.5847188234329224
0.9999127840362966 0.000560031143360475 -0.013195100829515376 -0.0163401048630476 -0.0005705227030592073 0.999999524126933 -0.0007913594333247305 -0.01898452825844288 0.013194651364394022 0.0007988185187415112 0.999912627715215 1.4865648746490479
0.9999466558567885 0.00047032838135712 -0.010318150611362794 -0.013504035770893097 -0.0004772353460909419 0.9999996637136437 -0.0006669475419959199 -0.018162263557314873 0.010317833457151643 0.0006718361504287574 0.999946544045699 1.3213568925857544
0.9999605167399723 0.0003275794965914337 -0.00888018315131494 -0.012360647320747375 -0.0003349341023000348 0.9999996021684413 -0.0008267297661222743 -0.01857345923781395 0.00887990879877723 0.0008296714003079915 0.999960228641666 1.1719369888305664
0.9999286230405494 0.0002563688921056301 -0.01194500310683285 -0.016533352434635162 -0.0002661276846634498 0.9999996321537528 -0.0008153946374133812 -0.021160945296287537 0.01194478967108846 0.0008185153330435294 0.9999283234474174 1.1280224323272705
0.9999194630559969 0.00024336425265223215 -0.012688899701979547 -0.017463786527514458 -0.00025426848364951517 0.999999599809763 -0.0008577457965842061 -0.021853022277355194 0.012688685879341022 0.000860903103645421 0.9999191247778498 1.1064708232879639
0.999905582839503 0.0002536146351408782 -0.01373903511934891 -0.019095247611403465 -0.00026440156620340154 0.9999996582511526 -0.0007833194686841146 -0.02289174683392048 0.013738831762768241 0.0007868781322877988 0.9999053081790292 1.0829252004623413
0.9999257983835526 0.00030486479589827563 -0.012178045182677741 -0.017194217070937157 -0.0003138105900455285 0.9999996823516806 -0.0007326796378366963 -0.022425169125199318 0.012177817946113905 0.0007364468713676079 0.9999255764286046 1.051863193511963
0.9999665222009103 0.00045233851062064347 -0.008170059197358397 -0.012630034238100052 -0.00045856765918450624 0.9999996056175965 -0.0007605789593614863 -0.02036215178668499 0.008169711936077129 0.0007643000217734243 0.9999663352595218 1.0383201837539673
0.9999823634564765 0.00038834638302285906 -0.005926378581065472 -0.009787824004888535 -0.00039330237011840397 0.9999995739468155 -0.0008351164188535122 -0.019226573407649994 0.005926051741672341 0.0008374325490285958 0.999982090148359 1.029994010925293
0.9999857480454637 0.00034918877025320405 -0.005327454660285905 -0.008783308789134026 -0.00035323335054225483 0.9999996501236167 -0.0007582735947837035 -0.01973251812160015 0.005327188015711257 0.0007601446225624191 0.999985521519186 0.9467064142227173
0.9999746476580299 0.0005060092163466065 -0.007102675261639251 -0.011415649205446243 -0.0005109366781607378 0.9999996300744434 -0.0006919499171004086 -0.020531242713332176 0.007102322501142847 0.0006955613918537203 0.9999745362805197 0.9732118844985962
0.999964771616179 0.0004870289577806327 -0.008379637784365186 -0.01259293407201767 -0.000493091656878991 0.9999996181830708 -0.0007214529300289743 -0.020737702026963234 0.00837928321640902 0.000725559443887385 0.9999646299626165 1.0124235153198242
0.9999480840260286 0.0004553089267065165 -0.01017948655168487 -0.014791524037718773 -0.00046181186627830973 0.999999690807372 -0.0006364864184682296 -0.021579615771770477 0.010179193606314613 0.0006411543823380836 0.9999479851165177 1.0172981023788452
0.9999202849393812 0.0002703208257740699 -0.012623418451350314 -0.01726163923740387 -0.00027808542433150826 0.9999997732390689 -0.0006133435478687223 -0.022518912330269814 0.012623249789317849 0.0006168050438271817 0.9999201333688078 1.0404106378555298
0.9998858556733211 0.0001445230636488305 -0.015108101717785602 -0.020040230825543404 -0.0001534864207994457 0.9999998129157238 -0.000592123666596724 -0.02403067797422409 0.015108013315770967 0.0005943749674972264 0.999885690792727 1.036361575126648
0.9999902696165301 -0.00011074023112957838 -0.0044100350180916415 -0.007668530102819204 0.00010913271518172966 0.9999999275229514 -0.00036475216597883233 -0.02275773510336876 0.004410075091204485 0.000364267337704815 0.9999902092255688 0.6991311311721802
0.9999208894312915 0.0004197458810420692 -0.012571344094038733 -0.016635458916425705 -0.00042695812571942745 0.9999997458175406 -0.0005710268063271208 -0.020987574011087418 0.012571101212473651 0.0005763490695838891 0.9999208144828551 1.1230363845825195
0.9999999905587681 -1.075685714129185e-05 0.0001369918032222248 -0.0029914495535194874 1.0814925201950248e-05 0.9999999101017885 -0.0004238861319330403 -0.020769091323018074 -0.00013698723122434128 0.000423887609487138 0.9999999007768918 0.6609200239181519
0.99999970688844 0.0001866691503013096 0.0007425480874013815 -0.0013183741830289364 -0.00018654452789912084 0.9999999685059568 -0.00016789646851875695 -0.02287391386926174 -0.0007425794051066571 0.0001677579010239545 0.9999997102165148 0.4187881350517273
0.9999977272871267 4.00629676882574e-05 0.0021316227481446076 0.0008898032829165459 -3.9790149445742074e-05 0.9999999910127327 -0.0001280284301155797 -0.02227555587887764 -0.002131627858186003 0.0001279433215560078 0.9999977198939911 0.4086562991142273
0.9999845154317605 1.855287132969558e-05 0.005564939577195221 0.005362693686038256 -1.7608334162996903e-05 0.9999999854325284 -0.00016977894203091726 -0.020221801474690437 -0.005564942646014989 0.0001696783237616316 0.9999845011911999 0.4060353636741638
0.9999862865608071 0.0001014669931269845 0.005236066727725429 0.005030626431107521 -0.00010055209546961637 0.9999999796333805 -0.00017499290087799905 -0.020547812804579735 -0.005236084377087919 0.0001744640036420021 0.9999862763971854 0.39173683524131775
0.99998515554028 -2.4604869545985848e-05 0.0054486781592240855 0.005686863791197538 2.5332323555700825e-05 0.9999999907758589 -0.0001334412073479249 -0.020598046481609344 -0.00544867482566121 0.00013357725416337775 0.9999851469395742 0.3810833692550659
0.9999839141291273 -7.2420918476249784e-06 0.005671986472326542 0.006498265080153942 7.973784062872999e-06 0.9999999916504894 -0.00012897844767867858 -0.020842857658863068 -0.005671985490894466 0.00012902160014336173 0.9999839058374979 0.3416202664375305
0.9999863711644279 9.243093063345401e-05 0.005220051907988638 0.00567991379648447 -9.161167800189133e-05 0.9999999834505154 -0.00015718228033685482 -0.021035071462392807 -0.00522006635010392 0.00015670192041085347 0.9999863630829215 0.3486955165863037
0.9999845053043579 1.512218116864743e-05 0.005566769486748835 0.0062467362731695175 -1.434637166050231e-05 0.9999999901803103 -0.00013940430875747768 -0.02081543207168579 -0.005566771540182097 0.00013932228578613704 0.9999844957017686 0.3488291800022125
0.9999834843023836 0.0002970669038314679 0.005739588288283345 0.0059258961118757725 -0.00029585509281193157 0.9999999337671316 -0.00021197994282588317 -0.020298784598708153 -0.00573965088035924 0.0002102783554035144 0.9999835059593656 0.3620271682739258
0.9999828617702508 0.0001249188259210698 0.005853252178639006 0.004651350900530815 -0.0001235974939448947 0.9999999668002295 -0.00022610439987127195 -0.019246771931648254 -0.005853280229008544 0.00022537707754141236 0.9999828440107029 0.48276785016059875
0.9999811143021615 -3.620375280305464e-05 0.006145708119946771 0.0053732991218566895 3.7305266995392425e-05 0.9999999832624328 -0.00017911853944502123 -0.019379137083888054 -0.006145701532319244 0.00017934442394869837 0.9999810989155011 0.47073519229888916
0.999984530750513 0.00027560625249088526 0.005555384853439934 0.003731741104274988 -0.00027460788276404086 0.9999999460098118 -0.00018047405375340683 -0.01869126409292221 -0.005555434293281287 0.00017894570948270082 0.9999845524448094 0.5248547196388245
0.9999829344773633 -1.797031767857752e-05 0.005842125564270223 0.004001430235803127 1.9121612200987538e-05 0.9999999804103272 -0.0001970119507831172 -0.018812227994203568 -0.005842121909457553 0.00019712029953068087 0.9999829152316465 0.548973560333252
0.9999866231144047 2.226947163217423e-05 0.005172339540320097 0.003221658058464527 -2.1152928163324038e-05 0.9999999764649542 -0.00021592277466148075 -0.019434846937656403 -0.005172344227074954 0.00021581047616049394 0.9999866000507383 0.5322818160057068
0.9999857778703332 0.00011292823921600599 0.005332101300337881 0.003891317406669259 -0.00011180361960681006 0.9999999714446137 -0.00021121250453181114 -0.019562184810638428 -0.005332124999933906 0.0002106133524146965 0.9999857619411391 0.4876139760017395
0.9999850922508079 8.07645136636534e-05 0.0054597393011690505 0.00387593568302691 -7.966001248925082e-05 0.9999999763206925 -0.00020251641194752608 -0.019406549632549286 -0.005459755528025723 0.00020207846998273026 0.9999850750055554 0.5036270022392273
0.9999785065210064 5.379936263936394e-05 0.006556188042296429 0.0052986592054367065 -5.237827867653741e-05 0.9999999750997874 -0.00021692611704670806 -0.018785104155540466 -0.00655619954953279 0.00021657805270543297 0.9999784844392472 0.5017011165618896
0.9999849373032627 0.0001722145283578879 0.0054859373626015145 0.003567841136828065 -0.00017087717982098275 0.9999999555725955 -0.00024424536199301236 -0.019017118960618973 -0.005485979181475375 0.00024330426149399924 0.9999849223040601 0.5293998718261719
0.9999842192765985 8.451344978058365e-05 0.00561729964029229 0.0038339535240083933 -8.275887489787107e-05 0.9999999477211898 -0.00031258372737837304 -0.01811126619577408 -0.005617325764155694 0.0003121139131828366 0.9999841739928512 0.5911693572998047
0.9999846324602485 0.00014954729559069578 0.005541884061206502 0.004132786765694618 -0.00014780324180332856 0.9999999394292028 -0.0003151123484495856 -0.017429782077670097 -0.005541930849729685 0.00031428839751810017 0.9999845939939573 0.6273598074913025
0.999983694524036 6.349193906252919e-05 0.00571022371131082 0.004662563558667898 -6.157018387964082e-05 0.9999999414138525 -0.00033672155269241365 -0.016714785248041153 -0.005710244755875116 0.0003363644827633303 0.9999836398480542 0.6509453058242798
0.999979449567862 -6.015253548834227e-06 0.006410959816763742 0.0048294877633452415 8.087786509746217e-06 0.9999999477207854 -0.00032325379149280615 -0.0177200548350811 -0.006410957537150282 0.0003232989989620213 0.999979397338372 0.5809236168861389
0.9999825774813161 -2.3295842058275623e-05 0.005902896841985614 0.00495688384398818 2.4438737242004514e-05 0.9999999809717477 -0.0001935439282160212 -0.019385339692234993 -0.005902892220895021 0.00019368481553820366 0.9999825590227164 0.48303428292274475
0.9999860794664264 0.00024365925033166354 0.005270816211528124 0.0037745293229818344 -0.00024218373792796625 0.9999999313119391 -0.0002805764676135308 -0.019352398812770844 -0.005270884214537738 0.00027929605586735415 0.9999860697896297 0.4875822365283966
0.999979740451848 0.00012950606762426309 0.0063641114094988415 0.004525608383119106 -0.00012745957742467414 0.9999999400440907 -0.00032197184752655637 -0.018159985542297363 -0.0063641527252406155 0.00032115415757146963 0.9999796970039423 0.558225691318512
0.999971634153768 0.00021829500057672015 0.00752882694283565 0.006296870764344931 -0.00021573182068181391 0.9999999185009637 -0.00034125920800607244 -0.016444485634565353 -0.007528900824422519 0.0003396253203558767 0.9999715997502217 0.6234073638916016
0.9999812374631597 -3.578859287842881e-05 0.006125637993263053 0.005037885624915361 3.827665561271773e-05 0.9999999168270073 -0.00040605526257147606 -0.01615070179104805 -0.006125622951628931 0.00040628211288052914 0.9999811556615951 0.6763642430305481
0.999986380513739 7.12426781781841e-05 0.00521859286703976 0.003962029702961445 -6.962193313976666e-05 0.9999999492929014 -0.00031075228173331227 -0.01734858751296997 -0.005218614741244858 0.00031038472092320804 0.9999863347673842 0.6450693607330322
0.9999836211677924 0.00012426800655989658 0.005722058511714238 0.004605630412697792 -0.00012248077084192356 0.9999999436114743 -0.00031269075613517456 -0.01656203530728817 -0.005722097046512729 0.00031198479248842966 0.9999835800006315 0.68186354637146
0.9999854623837513 6.73949796280279e-05 0.005391704653593217 0.004301894921809435 -6.568029509723581e-05 0.9999999472177001 -0.0003181991445529072 -0.0168518777936697 -0.005391725814031511 0.0003178403899431279 0.999985414028741 0.6671633720397949
0.9999861934354461 8.117301322266917e-05 0.005254174476423642 0.00406382093206048 -7.960429296642309e-05 0.9999999521983578 -0.00029877489696932696 -0.0169883631169796 -0.005254198477724134 0.0002983525170701069 0.9999861520961841 0.6708649396896362
0.9999912870483326 0.00025287124210806764 0.004166759358851997 0.002578337211161852 -0.00025229719607075193 0.9999999586105791 -0.00013829304137097191 -0.017081094905734062 -0.004166794156725385 0.00013724057472744658 0.9999913094579775 0.7594863772392273
0.9999882330682222 1.2781156221807964e-05 0.004851140251231033 0.0034226193092763424 -1.1887408471177094e-05 0.9999999829528513 -0.0001842633617624769 -0.016877278685569763 -0.004851142523631736 0.0001842035260623525 0.9999882161732089 0.7358824610710144
0.9999828927910958 0.00014037523669374987 0.005847599502809485 0.0043805926106870174 -0.00013935573475071228 0.9999999750207775 -0.00017475246445122224 -0.016964271664619446 -0.005847623887659555 0.00017393457839906437 0.9999828873743947 0.696590006351471
0.9999922426112566 -3.9232606321119266e-07 0.003938872574155668 0.0022474450524896383 7.60527515963526e-07 0.9999999956306987 -9.347739685076223e-05 -0.01721257157623768 -0.003938872520271928 9.347966733123066e-05 0.9999922382422879 0.788475513458252
0.9999944490129341 8.55111875158552e-05 0.0033308604226869724 0.0014866082929074764 -8.532055355561948e-05 0.9999999947142735 -5.737470121370061e-05 -0.017223702743649483 -0.003330865311259789 5.70901918723961e-05 0.9999944510230987 0.8093589544296265
0.99999483509793 7.577047948934614e-05 0.0032131038418564115 0.0013945545069873333 -7.559851074274512e-05 0.9999999957036745 -5.364248665907383e-05 -0.017061032354831696 -0.0032131078925688064 5.33993037355773e-05 0.999994836529762 0.8100005984306335
0.999996548254347 3.931100090357075e-05 0.0026271532190560525 0.0008950191549956799 -3.916928749774663e-05 0.9999999977752483 -5.399324247853262e-05 -0.017300816252827644 -0.0026271553357396925 5.389015238785477e-05 0.9999965475693869 0.8383716940879822
0.9999977308832351 3.749610028755891e-05 0.0021299817894175556 0.00018513714894652367 -3.750116851183178e-05 0.9999999992940943 2.3395299603747706e-06 -0.017262360081076622 -0.0021299817001907396 -2.4194014577201967e-06 0.9999977315834787 0.8623228073120117
0.999996495451082 -0.00012041220668867873 0.002644728049290688 0.0007317201234400272 0.0001206097724815116 0.9999999899483583 -7.454237889542661e-05 -0.01722066104412079 -0.002644719046894494 7.486109770631372e-05 0.9999964999223644 0.8441176414489746
0.9999950917736945 1.2254446120305235e-05 0.0031330940536204504 0.0012009763158857822 -1.2120762014970452e-05 0.9999999990154372 -4.2687382639512374e-05 -0.017371539026498795 -0.003133094573645953 4.2649197632783536e-05 0.9999950909376698 0.8273928761482239
0.99999261596502 -5.296832228977307e-05 0.0038425525101680254 0.002155882306396961 5.336325018260318e-05 0.9999999933051007 -0.00010267503444590488 -0.017170455306768417 -0.0038425470459182063 0.00010287932738079882 0.9999926120967316 0.7906265258789062
0.9999958526543256 9.106018176809963e-05 0.002878607682848278 0.0009273048490285873 -9.104841124961277e-05 0.9999999958461891 -4.220008703175914e-06 -0.01743697188794613 -0.0028786080551658454 3.957898545206807e-06 0.9999958567914168 0.8396970629692078
0.9999980150443274 -8.991236866782529e-05 0.0019904329105271193 -7.224874570965767e-05 9.001708642644303e-05 0.9999999945692334 -5.252102014170229e-05 -0.017387790605425835 -0.001990428177428217 5.2700088861138385e-05 0.999998017707221 0.8811711072921753
0.9999955358527904 -2.5021722009895176e-05 0.002987917067812269 0.001043176744133234 2.540563245533483e-05 0.9999999914276059 -0.00012844976508450868 -0.01730070821940899 -0.002987913828164352 0.00012852510158868014 0.9999955279161271 0.8317281007766724
0.9999909601575129 4.6709108728742416e-05 0.0042517551098957395 0.0027864747680723667 -4.583937754849517e-05 0.9999999780074643 -0.00020465537437069914 -0.016887614503502846 -0.004251764575658998 0.00020445862651062444 0.9999909403062925 0.7535815238952637
0.999993161267943 0.0001658230649780338 0.003694579821497589 0.0018940784502774477 -0.00016524666004442902 0.9999999741290531 -0.00015631837695750543 -0.01712017133831978 -0.003694605647107689 0.00015570679096223975 0.9999931627988804 0.7823855876922607
0.9999938015978402 0.0002532213053226975 0.0035117865638469364 0.0015639867633581161 -0.0002527112581065894 0.999999957456938 -0.00014568164665054834 -0.01726733148097992 -0.0035118233041415096 0.00014479327565636353 0.9999938230469165 0.7961408495903015
0.9999944292538222 0.00013428228779155258 0.0033351805932385677 0.0013560752850025892 -0.0001337748645129331 0.9999999794445524 -0.0001523652857756205 -0.01739787682890892 -0.003335200984641592 0.00015191827365530045 0.999994426662084 0.8082460165023804
0.9999938731288321 5.5607481861225554e-05 0.003500087513907183 0.0015849382616579533 -5.509833248199986e-05 0.9999999878876665 -0.0001455638706316996 -0.017354529350996017 -0.003500095565953252 0.00014537012979506022 0.9999938640804524 0.8078421950340271
0.999987833344195 0.00011640665845217478 0.004931491972279706 0.003585477825254202 -0.00011550258271089212 0.9999999764729983 -0.00018361142790888075 -0.01716999150812626 -0.004931513229849261 0.00018303959391241913 0.9999878232627492 0.698723316192627
0.9999858340557526 3.2904048815255036e-05 0.005322650199295812 0.003962041810154915 -3.185420239567878e-05 0.9999999800238892 -0.0001973259500080366 -0.017010169103741646 -0.005322656585792653 0.00019715360592290046 0.9999858151280572 0.6997278332710266
0.9999862259683701 0.0001556664153740752 0.005246297885458568 0.0039046993479132652 -0.00015456136170563598 0.9999999657865088 -0.00021103972740499114 -0.01732732728123665 -0.005246330557762269 0.0002102259455920208 0.9999862158153633 0.67215895652771
0.999986057836399 8.111133800061708e-05 0.005279919863830563 0.0038133030757308006 -8.025400577133497e-05 0.9999999835622735 -0.00016258765902015212 -0.01684601791203022 -0.005279932964743251 0.00016216165747718657 0.9999860479084117 0.7137641310691833
0.999986731189712 0.00010191162262388976 0.005150442557245388 0.003819916397333145 -0.00010087090598050076 0.9999999744452517 -0.0002023229002937366 -0.016954584047198296 -0.005150463044682189 0.00020180068590260584 0.9999867159152207 0.712369978427887
0.9999841100965696 2.4449325575898163e-05 0.005637282732131963 0.004216587636619806 -2.288976894664281e-05 0.999999961452496 -0.0002767147714840688 -0.017201639711856842 -0.005637289280318324 0.00027658133841384683 0.9999840721093177 0.6580256819725037
0.9999847453555127 4.881828745811689e-05 0.00552328462468392 0.003942439332604408 -4.745078668989515e-05 0.9999999681918363 -0.0002477190934844442 -0.01751933991909027 -0.0055232965422202926 0.0002474532304171869 0.9999847158643004 0.6387321352958679
0.9999881817955463 8.272744846714391e-05 0.004861010739223363 0.0033758357167243958 -8.175703000918293e-05 0.9999999766915926 -0.0001998314348853484 -0.0175812765955925 -0.0048610271574656755 0.00019943165143571299 0.9999881652509648 0.6622804999351501
0.9999896529471544 7.861549869848352e-05 0.004548386332923439 0.002907518297433853 -7.761680220550009e-05 0.9999999728432887 -0.00021974770611816815 -0.017164573073387146 -0.004548403484979729 0.00021939240117468346 0.9999896318926075 0.7458729147911072
0.9999898358769195 0.00040574727375974434 0.004490379939519549 0.002636815421283245 -0.00040511477046504743 0.9999999078921964 -0.00014176607930052167 -0.017178893089294434 -0.004490437047120704 0.00013994551913414373 0.9999899081442659 0.7497373819351196
0.9999958885957805 0.00011182999761292839 0.002865359591257184 0.0007596923969686031 -0.00011125887325218946 0.9999999739148089 -0.00019947893296779238 -0.017473984509706497 -0.0028653818242423286 0.00019915931614968003 0.9999958749527761 0.8276588320732117
0.9999922559162332 0.00022004879835374483 0.003929336596583707 0.002215348184108734 -0.0002193513747525019 0.9999999601144547 -0.00017792150983065612 -0.017107488587498665 -0.003929375591274413 0.0001770582266072541 0.9999922642990031 0.7634789943695068
0.9999899617422701 0.00012741583662230014 0.004478859218352271 0.0029873831663280725 -0.00012651895033141905 0.9999999718900189 -0.0002005315852249267 -0.017189430072903633 -0.004478884643351323 0.0001999629116702031 0.999989949753089 0.7150704860687256
0.9999904758054731 0.00011336726020030661 0.004362963007882446 0.0028329717461019754 -0.00011259129964996633 0.999999977802339 -0.00017809694326729737 -0.01750098168849945 -0.004362983101397379 0.00017760401536198283 0.9999904663721905 0.6878136396408081
0.9999906943968778 0.00018709045127110222 0.004310001950442548 0.0028125219978392124 -0.00018633494940900963 0.9999999672059328 -0.0001756912628879394 -0.017285050824284554 -0.004310034679257713 0.00017488652397938654 0.9999906964646057 0.7120334506034851
0.9999900071433439 0.00032663794642229216 0.00445857837288557 0.003003648016601801 -0.00032586388950559203 0.9999999317098321 -0.00017433604540949724 -0.016970301046967506 -0.004458635013176364 0.00017288141360413144 0.9999900452933701 0.7354275584220886
0.9999932492986513 0.00012903546019669884 0.003672152907342974 0.0021213488653302193 -0.0001283323977999877 0.9999999733923312 -0.00019169280659899659 -0.016982540488243103 -0.0036721775448050626 0.0001912202563504211 0.9999932392505924 0.7702926993370056
0.9999906855506557 0.00021812066740015365 0.0043105957017193375 0.0027174686547368765 -0.00021742983010605792 0.9999999634446006 -0.0001607329027562755 -0.016973618417978287 -0.004310630603311813 0.0001597941535267141 0.9999906964215367 0.7463929653167725
0.9999917579333624 0.00025208853296905846 0.00405222367533047 0.0024299626238644123 -0.0002515059980943621 0.9999999579660579 -0.00014426577959568556 -0.017170937731862068 -0.004052259872748271 0.00014324543198755105 0.9999917793015449 0.7638079524040222
0.9999893950376014 3.87736489750454e-05 0.004605247977726118 0.003210327820852399 -3.761383107604529e-05 0.999999967557394 -0.0002519333464685614 -0.016965731978416443 -0.004605257596695012 0.0002517574537053976 0.9999893640537648 0.7196111083030701
0.9999904772115092 0.0001276495127910201 0.004362246198940009 0.0029854944441467524 -0.0001267294982729075 0.9999999696714023 -0.0002111796131803151 -0.017569640651345253 -0.004362273023613932 0.00021062477688939062 0.9999904630601589 0.6725051999092102
0.9999922468746059 0.00015100280774390607 0.003934893750701784 0.0025547146797180176 -0.0001502137001243867 0.9999999685504143 -0.0002008357903070812 -0.017040064558386803 -0.003934923953719237 0.00020024315825212607 0.9999922381079546 0.7283349633216858
0.9999926022654521 0.0002592302912582402 0.00383773553354479 0.0022729765623807907 -0.0002585781399475835 0.9999999520460785 -0.00017042648360469418 -0.01690792478621006 -0.003837779529217304 0.00016943286831893378 0.9999926213431719 0.7605109810829163
0.9999964470929416 0.0002976764719306263 0.0026489979637814923 0.0004847142845392227 -0.00029739150115255146 0.9999999499503789 -0.00010797006556981244 -0.017342031002044678 -0.00264902997134834 0.00010718189248120533 0.9999964855699509 0.8321981430053711
0.9999975106694395 0.00011464032021902243 0.0022283429989945706 -8.800998330116272e-07 -0.00011434260018486915 0.999999984520633 -0.0001337329559484999 -0.01747451350092888 -0.002228358295690125 0.0001334778285103569 0.9999975082983834 0.8567206859588623
0.9999982971775453 0.0003588725809974537 0.001810207855567776 -0.0008626091293990612 -0.00035879059102961403 0.9999999345941681 -4.5617663132380395e-05 -0.01761174201965332 -0.0018102241080981327 4.496809990721367e-05 0.9999983605319303 0.8850088119506836
0.9999984314325601 -1.730101655359899e-05 0.0017711106950675068 -0.0005039363168179989 1.7594634693819604e-05 0.9999999861059516 -0.0001657664780910189 -0.01771756261587143 -0.0017711078025310278 0.00016579738012080075 0.9999984178429385 0.8850240707397461
0.9999973318548834 0.0001785768068146595 0.002303126882821946 0.0003288206644356251 -0.00017832966096745448 0.9999999783196637 -0.0001075137400638774 -0.017119979485869408 -0.00230314603234977 0.00010710273736543819 0.9999973420201462 0.8378742337226868
0.9999974691462935 0.0001818341394027895 0.0022424623416126108 0.00031070876866579056 -0.000181581803366262 0.999999977160065 -0.000112729402735853 -0.01705086976289749 -0.002242482788448849 0.00011232192707825532 0.9999974793241871 0.8377821445465088
0.9999990384776696 0.0002959771268855013 0.001354784586868164 -0.0013820221647620201 -0.000295915160651392 0.9999999551619105 -4.593903170919035e-05 -0.01758045144379139 -0.0013547981230248288 4.55380862391144e-05 0.9999990812237423 0.9059387445449829
0.9999996534339461 0.0001323775084521079 0.0008219538808999403 -0.00226704403758049 -0.0001323076273886129 0.999999987628721 -8.507202261966341e-05 -0.01815628632903099 -0.0008219651323537131 8.496324236878354e-05 0.9999996585772258 0.951278567314148
0.9999992990724696 0.00022338240576173134 0.0011627359417125296 -0.001687940675765276 -0.0002233010081556337 0.9999999726088993 -7.013458714601665e-05 -0.017852237448096275 -0.0011627515766967163 6.987489787875049e-05 0.9999993215629046 0.9201161861419678
0.9999997086259267 0.00029001306514993595 0.0007061448036186547 -0.0027116346172988415 -0.00029000003462880856 0.9999999577778382 -1.8555365093794035e-05 -0.018187493085861206 -0.0007061501551020004 1.8350577669739364e-05 0.9999997505075762 0.9640900492668152
0.9999997583619719 7.947359598749939e-05 0.0006906228675418692 -0.0025373161770403385 -7.940452302942732e-05 0.9999999918432302 -0.00010004229547530694 -0.01843198388814926 -0.0006906308126295897 9.998743272189357e-05 0.9999997565157671 0.9688690900802612
0.9999996050184381 0.0001638712895429929 0.0008735611989465232 -0.0018766741268336773 -0.00016380032908859638 0.9999999832797053 -8.130216018721621e-05 -0.017909809947013855 -0.000873574507430155 8.115903846249552e-05 0.9999996151403212 0.9322416186332703
0.9999996757318139 0.00019455194463088914 0.0007814638880227818 -0.0020398786291480064 -0.00019450287512916482 0.9999999791081684 -6.286727899436181e-05 -0.017881294712424278 -0.0007814761026479516 6.271526163547323e-05 0.9999996926809015 0.9379115700721741
0.999999850091108 0.00026066397817386066 0.0004815309464044745 -0.00281163165345788 -0.00026064289721855743 0.9999999650716116 -4.384125999806901e-05 -0.018254060298204422 -0.0004815423574226138 4.371574580490304e-05 0.9999998831029392 0.9740906357765198
0.9999998759115588 0.00014204550977224006 0.0004774933927670728 -0.002750387880951166 -0.00014201259662279455 0.9999999875383176 -6.896221380235365e-05 -0.018412113189697266 -0.00047750318258951637 6.889439516836295e-05 0.9999998836221298 0.9767760038375854
0.9999997544714122 0.00026014868159568823 0.0006506764010866127 -0.0024793557822704315 -0.00026012519967881135 0.9999999655132025 -3.617284001014052e-05 -0.018048280850052834 -0.0006506857889635057 3.600357379991525e-05 0.9999997876558508 0.9565042853355408
0.9999999247470295 0.00017062884952042529 0.00034841316163417485 -0.0032486910931766033 -0.00017061269786779952 0.999999984369779 -4.638695247810717e-05 -0.018596608191728592 -0.0003484210711407342 4.632750527787215e-05 0.999999938228258 0.9969234466552734
0.9999999755090241 0.00021475554971714153 5.3497711499029194e-05 -0.0039288937114179134 -0.00021475379414877713 0.9999999764018489 -3.281934892690082e-05 -0.01882622018456459 -5.3504758373902266e-05 3.280785928660024e-05 0.9999999980304426 1.023418664932251
