0.9999998541429623 0.00016516723590678293 0.0005142313077304058 0.0005301337223500013 -0.0001651349744840738 0.9999999843946179 -6.27790078592284e-05 -0.008955818600952625 -0.0005142416687408309 6.269408112858731e-05 0.99999986581247 0.5615641474723816
0.9999992879033028 0.0002538495455529367 -0.001166084600435366 -0.0011032992042601109 -0.0002537721755975122 0.9999999655888695 6.649768848141142e-05 -0.008278924971818924 0.0011661014407170782 -6.620172130264386e-05 0.9999993179121484 0.5056142807006836
0.9999953067509694 0.00034841973059988824 -0.0030438593472930904 -0.0032316921278834343 -0.0003485624301574442 0.9999999381779177 -4.6350764343718237e-05 -0.005705331917852163 0.0030438430095945414 4.741152181918834e-05 0.9999953663752051 0.44889989495277405
0.9999640345503097 0.0005147471534791258 -0.00846549710501331 -0.008888970129191875 -0.0005144282931976859 0.999999866888012 3.9843307857423105e-05 -0.003323093056678772 0.008465516487383466 -3.5486983648136914e-05 0.9999641662436088 0.3601365387439728
0.9999955622017298 0.0003031569645464314 -0.0029637261515151835 -0.003131966106593609 -0.00030299860881122394 0.9999999526443848 5.3880155439893154e-05 -0.006834697909653187 0.0029637423453104813 -5.298191142982601e-05 0.9999956067024633 0.4651321470737457
0.9999999613913498 0.0002688338617386148 7.032534086620234e-05 0.00015574460849165916 -0.0002688375058997537 0.9999999625208369 5.181428641391167e-05 -0.008179044350981712 -7.031140879575755e-05 -5.1833190502672024e-05 0.9999999961848131 0.5193541049957275
0.999999038600471 0.0001431109922100558 0.001379245220172939 0.0016189927700906992 -0.00014322916647294747 0.999999986080564 8.558199277137468e-05 -0.010221745818853378 -0.0013792329532507227 -8.577945863613433e-05 0.9999990451787166 0.5560914278030396
0.9999994379527862 0.0002962485214761576 -0.0010180034011570266 -0.0010793260298669338 -0.00029607782564088314 0.9999999420865631 0.00016782369098885538 -0.009255006909370422 0.0010180530597212751 -0.00016752218843050788 0.9999994677520001 0.48527899384498596
0.999979892341856 0.0005953913765825647 -0.006313510994560049 -0.006275912746787071 -0.0005946854570697051 0.9999998167121478 0.00011368763234045872 -0.004861338064074516 0.0063135775260061 -0.00010993079317689787 0.9999800631282824 0.36683642864227295
0.9999713573602113 0.0006188463397483717 -0.007543307522878754 -0.007983359508216381 -0.0006180541670667817 0.9999998032427837 0.00010734729023419548 -0.005383041221648455 0.007543372470156206 -0.00010268204287644757 0.9999715430891895 0.3548769950866699
0.9999866554983273 0.00045579538885010966 -0.005145976664659523 -0.0051906537264585495 -0.00045444937578622836 0.9999998622237227 0.00026273237417297885 -0.007997754961252213 0.005146095707870664 -0.00026039028225730725 0.9999867248598185 0.41194987297058105
0.9999992000252443 0.00012764493462420835 0.001258433805310659 0.0014750135596841574 -0.00012802956314996342 0.9999999451192818 0.0003055648290434637 -0.011958269402384758 -0.001258394732444281 -0.0003057257013296613 0.999999161486895 0.5529249906539917
0.999999987491146 0.00014123975179775107 7.119719483434824e-05 0.0002811115700751543 -0.0001412558771247423 0.9999999643645365 0.00022653411027784843 -0.01120634377002716 -7.116519667569383e-05 -0.00022654416446637145 0.9999999718066279 0.5081111788749695
0.9999861690702017 0.0004662329653785873 -0.005238730296914796 -0.00536836963146925 -0.0004654241317258945 0.9999998795824719 0.00015561304216101467 -0.007306037470698357 0.005238802218009943 -0.00015317265838816514 0.9999862656504124 0.40671277046203613
0.999982401813187 0.0004743337322792184 -0.005913634368181176 -0.0061975158751010895 -0.0004728911027445741 0.9999998580897577 0.00024534561277651687 -0.008170880377292633 0.005913749904676096 -0.00024254479006099203 0.9999824842136436 0.4035370349884033
0.9999993208091359 0.00010372886571241341 0.001160871047669333 0.0012290398590266705 -0.00010408730129798788 0.9999999469325435 0.0003087081857859562 -0.01213954109698534 -0.0011608389641149114 -0.0003088288080486836 0.9999992785385731 0.5561142563819885
0.9999999617320978 0.00018834532089409003 -0.00020263722004835275 -5.603628233075142e-05 -0.0001882965356134238 0.999999953293376 0.00024074397286892948 -0.01125597208738327 0.0002026825535846756 -0.00024070580776964124 0.999999950490247 0.527359664440155
0.9999999006813275 0.0001420641599546194 0.0004224394746691243 0.00047800689935684204 -0.00014218254512683438 0.9999999506290601 0.00028022491214194057 -0.01219438761472702 -0.00042239964389614854 -0.0002802849478300448 0.9999998715094363 0.5552812814712524
0.9999992822211183 2.4719492147156705e-05 0.0011978923970430077 0.0007086179684847593 -2.4952946722512662e-05 0.9999999807008902 0.00019487321423710094 -0.013079669326543808 -0.001197887556757862 -0.00019490296530638585 0.9999992635388466 0.6225851774215698
0.999999596243087 5.3267663604903663e-05 0.0008970374679853884 0.0003566271625459194 -5.318418802584701e-05 0.999999994253726 -9.308055619701135e-05 -0.012468556873500347 -0.0008970424210145211 9.303281040572975e-05 0.9999995933298128 0.6257057189941406
0.9999997935690299 5.127717809863679e-05 0.0006404939881110001 -0.0002409401349723339 -5.1251784166773814e-05 0.9999999979000201 -3.9663766731661786e-05 -0.01253422163426876 -0.0006404960206120064 3.963093208419316e-05 0.9999997940970973 0.6362839937210083
0.9999992307626805 -3.259175073433327e-05 0.0012399241206094234 0.00037588574923574924 3.239629342898464e-05 0.9999999870474912 0.00015765626330869526 -0.014129596762359142 -0.001239929242842931 -0.00015761597308797294 0.9999992188660336 0.6783615946769714
0.9999999917674828 -9.90246119981917e-05 -8.160367912985299e-05 -0.0014363005757331848 9.900788218060973e-05 0.9999999740879463 -0.00020499157529886474 -0.014698494225740433 8.162397622654094e-05 0.00020498349420381928 0.9999999756596465 0.7269313335418701
0.9999999279196649 0.00010446152751686771 -0.0003650321279226145 -0.0025482065975666046 -0.00010462281037761153 0.9999998969153817 -0.00044184080122250055 -0.015683863312005997 0.0003649859349284019 0.0004418789600615689 0.9999998357641126 0.7785203456878662
0.9999996476736849 -0.00016860096605263698 -0.0008223297515544698 -0.006463341414928436 0.0001695597909362982 0.9999993057816986 0.0011660555724130495 -0.02101982943713665 0.0008221325825821266 -0.0011661945956417407 0.9999989820435727 1.0021122694015503
0.9999964049911834 -0.0006620746154798335 -0.002598396026854852 -0.010910538956522942 0.0006667907173114863 0.9999981313818526 0.001814558608101648 -0.026309344917535782 0.0025971897982521577 -0.0018162846710980595 0.9999949778449615 1.2213890552520752
0.999999737787158 -0.0003063157959711226 -0.0006561983302317097 -0.005625775083899498 0.0003068310059199292 0.9999996446680641 0.000785186907408608 -0.02285909280180931 0.0006559575819109577 -0.0007853880435162655 0.999999476442499 1.034346342086792
0.9999996791531596 -0.0007368573280868326 0.00031422103091954036 -0.005433261394500732 0.0007366071759771158 0.99999941231343 0.0007954763750680492 -0.022293468937277794 -0.00031480699885234924 -0.0007952446623757493 0.9999996342411736 1.025498628616333
0.9999999979231786 5.458638365250665e-05 -3.426323273266929e-05 -0.003353837877511978 -5.456613719545944e-05 0.9999998240880643 0.000590632183857795 -0.01886354386806488 3.429546718034328e-05 -0.0005906303130188995 0.9999998249898117 0.899398922920227
0.999999924237314 -0.00037589822643074557 0.00010112314140356992 -0.004467152990400791 0.00037583671505285286 0.9999997447754976 0.0006076147655335731 -0.021271798759698868 -0.00010135151690718368 -0.0006075767137097655 0.9999998102891855 0.9844242930412292
0.9999999548162887 -0.0002856558861097261 9.363832050270952e-05 -0.0029848217964172363 0.00028566148774486656 0.9999999574098916 -5.9814122886592124e-05 -0.02010708674788475 -9.362123025836826e-05 5.9840869045912804e-05 0.9999999938270677 0.9257677793502808
0.9999999464539062 -0.00013076399895038562 -0.0002999882688132286 -0.00422160979360342 0.00013090720221277483 0.9999998774796471 0.0004773929148554633 -0.020819272845983505 0.000299925806251943 -0.0004774321599179044 0.9999998410515091 0.9704364538192749
0.9999999389805836 -0.00014847873963467952 -0.0003162165284004768 -0.004181479103863239 0.0001487193915323339 0.999999699268335 0.0007611476742217594 -0.019885241985321045 0.0003161034190568094 -0.0007611946553066687 0.9999996603306048 0.9313323497772217
0.9999998205842839 -0.00038561737836670916 0.00045840008462888965 -0.003786311484873295 0.0003852488753169985 0.9999996028197108 0.0008037062429642277 -0.01739957183599472 -0.00045870982565580026 -0.0008035295006496481 0.9999995719627273 0.842440664768219
0.9999999692492382 -0.00021389124597281025 0.00012550720327485042 -0.005900231190025806 0.0002138386848925245 0.9999998895011549 0.00041865343089124673 -0.021144893020391464 -0.0001255967357104135 -0.00041862657972204187 0.999999904488619 0.9887758493423462
0.9999986425893909 -0.0013962871134399254 -0.0008747580653398378 -0.011129493825137615 0.0013977156551952838 0.9999976872450245 0.001634593389788416 -0.027521271258592606 0.000872473680552894 -0.0016358138340164406 0.9999982814499121 1.2414377927780151
0.999985129663723 -0.0021676147700125763 0.005004188009674861 -0.005017878487706184 0.0021530509172913957 0.9999934367930373 0.0029138878834688484 -0.030620984733104706 -0.005010471352567641 -0.0029030702813916186 0.9999832335393262 1.3334711790084839
0.999998331928664 -0.0008519190037550401 0.0016156651572940088 -0.00526154600083828 0.0008504132189941893 0.9999992036680581 0.0009324487154093287 -0.02230382338166237 -0.0016164582414689205 -0.000931073177011123 0.9999982600812327 1.034318208694458
0.9999997803289249 6.943301879726538e-05 0.0006591821888424014 -0.0012046401388943195 -6.949571618048513e-05 0.9999999930639796 9.509146283208861e-05 -0.01538019347935915 -0.000659175581782974 -9.513725228155175e-05 0.9999997782182033 0.7444679737091064
0.9999998026294973 -0.0005928505813899657 -0.00020801239030191065 -0.006324916146695614 0.0005930177879512057 0.9999995004009999 0.0008046910298748277 -0.020411783829331398 0.00020753522483422788 -0.000804814226100118 0.9999996546015363 0.9666171669960022
0.999999178872096 -0.0003655801486371418 -0.0012282533489399155 -0.00808674469590187 0.00036757703057472174 0.9999986105732893 0.001625957754049948 -0.02196536585688591 0.0012276572244945012 -0.0016264078966494618 0.9999979238253914 1.0373953580856323
0.9999981865413768 -0.0010290961991040082 0.0016024590386948564 -0.007184216752648354 0.001027594924798644 0.9999990326661115 0.0009373982675009224 -0.02792474627494812 -0.0016034221615760552 -0.0009357498887925902 0.9999982767032738 1.2469801902770996
0.999998750326913 -0.0006205290383520839 0.001454059257675428 -0.006043144501745701 0.0006197531503218165 0.9999996653796486 0.0005339912203415121 -0.026958607137203217 -0.0014543901281760551 -0.0005330893952213563 0.9999988002818062 1.2061214447021484
0.9999939179882544 -0.0014660233383475903 0.003164610887884618 -0.005292007699608803 0.0014613823602073555 0.9999978541693156 0.0014683386399383755 -0.028803668916225433 -0.0031667567158802173 -0.0014637050029570463 0.9999939145912673 1.2697219848632812
0.9999971492674304 -0.0005073537229131631 0.0023332486391228133 -0.003252125345170498 0.0005063160592406476 0.999999772676699 0.0004452983250270619 -0.02453232742846012 -0.00233347403248404 -0.0004441156943444344 0.9999971788261153 1.1025655269622803
0.9999993070579336 -0.00015277497487395977 0.001167280368958514 -0.0006177229806780815 0.0001525426635946376 0.9999999685438272 0.0001991057016079726 -0.014727644622325897 -0.0011673107506089014 -0.00019892750358261365 0.9999992989064842 0.7101869583129883
0.9999984747738121 6.794501716034513e-05 0.0017452316533685826 0.00070397206582129 -6.830454294405853e-05 0.9999999764603993 0.00020594584251356683 -0.014307492412626743 -0.0017452176192927229 -0.0002060647356499894 0.9999984558752008 0.680616021156311
0.9999980859280139 -0.00036824354942328934 0.0019215975116406677 -0.0024907169863581657 0.00036784263151228594 0.9999999105080974 0.00020898706988904453 -0.02262151427567005 -0.0019216742978136502 -0.00020827982438735923 0.999998131891959 1.0304293632507324
0.999999024769517 1.5111629953280463e-05 0.001396506947227221 0.0003696149215102196 -1.5213756818804083e-05 0.9999999972110306 7.311962962506277e-05 -0.014105761423707008 -0.0013965058383756206 -7.314080443366193e-05 0.999999022210455 0.6771867871284485
0.9999994110123233 -3.080680037553075e-05 0.0010849082669679283 0.00038586906157433987 3.084176199851928e-05 0.9999999990056927 -3.22087030453487e-05 -0.013666532002389431 -0.001084907273642111 3.224214455737956e-05 0.9999994109681525 0.653972864151001
0.9999961691051353 0.00026228624642501454 -0.0027555364230077094 -0.0033709341660141945 -0.00026204718923343866 0.9999999618710436 8.711591111705751e-05 -0.011122836731374264 0.0027555591672473122 -8.639349681068146e-05 0.9999961997076986 0.5061438083648682
0.9999996277856595 0.00013201776517935828 0.0008526428631121824 0.0005498253740370274 -0.0001322083087176019 0.9999999663018898 0.00022342153486047358 -0.012657789513468742 -0.0008526133387680042 -0.00022353417817064654 0.9999996115414074 0.5623507499694824
0.9999993866180112 5.407933457507453e-05 0.0011062725825160685 0.000771132530644536 -5.4289950905178005e-05 0.9999999804088611 0.00019035461280458702 -0.012941727414727211 -0.0011062622665921349 -0.0001904145555286886 0.9999993699628488 0.5833356380462646
0.999998989134244 -0.00023832041314108372 0.001401760989200528 -0.0006452728994190693 0.00023773397975345725 0.9999998841674214 0.00041850651003790494 -0.015002509579062462 -0.0014018605654753124 -0.0004181728407653795 0.9999989299586427 0.7206329107284546
0.9999992995556574 -6.563404504807425e-05 0.0011817700144689507 -2.762768417596817e-06 6.560739168160753e-05 0.9999999975926243 2.2592520084598075e-05 -0.01433150377124548 -0.001181771494462467 -2.2514971411578352e-05 0.9999993014543617 0.6953017711639404
0.9999990298436197 7.381835010297079e-05 0.001390993411323995 0.0007483826484531164 -7.391978473023719e-05 0.9999999946128291 7.287116557308965e-05 -0.01317141018807888 -0.0013909880246012634 -7.297391681018969e-05 0.9999990299130908 0.6287128925323486
0.9999997095915206 9.470313344117492e-05 0.0007562064472494234 0.00043763499706983566 -9.478020013040175e-05 0.9999999903188902 0.00010187704874070738 -0.013068359345197678 -0.0007561967918527643 -0.00010194869255315876 0.9999997088863957 0.5911432504653931
0.9999990302900966 0.00025426058350287955 -0.0013692225613119514 -0.0016152211464941502 -0.0002540011199326823 0.9999999497548228 0.0001896675599486151 -0.011717724613845348 0.0013692707174995848 -0.0001893195919620935 0.9999990446274409 0.5154180526733398
0.9999928665709801 0.0004920448336570784 -0.0037449564798036914 -0.0037295264191925526 -0.0004906467884750254 0.9999998096111549 0.0003742237069516932 -0.010779074393212795 0.00374513990164739 -0.00037238358658364765 0.9999929176037106 0.4171964228153229
0.9999853651666045 0.0005858764652735752 -0.005378308412531743 -0.0052025895565748215 -0.0005842577022324507 0.9999997835543454 0.00030254619483150943 -0.009510924108326435 0.005378484503115467 -0.00029939944900335034 0.9999854910269548 0.35835590958595276
0.9999779591904372 0.0006457430270236459 -0.006607885385743106 -0.0062686363235116005 -0.0006435157228929044 0.9999997354193975 0.0003391882207880108 -0.008984668180346489 0.006608102665853232 -0.0003349284666642306 0.9999781101614572 0.3272073268890381
0.999977805329998 0.0006029415113323381 -0.006635157039138274 -0.006323745474219322 -0.0006009354956598057 0.9999997731326574 0.00030432082283841 -0.008882874622941017 0.006635339021494682 -0.0003003267671540772 0.9999779407966469 0.341717004776001
0.9999844571390646 0.0005799173511648771 -0.0055451939692398935 -0.005279574543237686 -0.0005783867793848991 0.999999794198641 0.000277617379304921 -0.008831538259983063 0.005545353823166682 -0.00027440579745566793 0.9999845867574333 0.3714669942855835
0.9999836918846815 0.0006151728284338171 -0.005677810059665105 -0.005413074046373367 -0.0006130611175128705 0.9999997422684357 0.0003736564310180603 -0.010349015705287457 0.005678038459597768 -0.00037016949280568965 0.9999838112958619 0.3525855541229248
0.999971467913328 0.0006034816468768212 -0.007529885069912751 -0.0071825431659817696 -0.0006008177834551108 0.9999997561305761 0.0003560291838679464 -0.008615137077867985 0.007530098090682233 -0.0003514949367550378 0.9999715866333675 0.3325313925743103
0.9999991132459743 8.04578341269559e-05 0.00132929823655431 0.0010371683165431023 -8.072140669471689e-05 0.9999999770950507 0.00019822702187153628 -0.012523481622338295 -0.0013292822571899562 -0.00019833414891649813 0.9999990968357151 0.5739350318908691
0.9999998652924392 -1.408782956501365e-05 0.0005188609027239906 -0.0011754091829061508 1.4074708150039741e-05 0.9999999995810952 2.529253018131565e-05 -0.015187066979706287 -0.0005188612588234918 -2.52852239584443e-05 0.9999998650718167 0.7378437519073486
0.9999999586424079 -8.597946248492752e-05 0.00027444984077579064 -0.0013489178381860256 8.59907581533177e-05 0.9999999954562999 -4.114596187204029e-05 -0.015164991840720177 -0.00027444630182108757 4.116956032022574e-05 0.9999999614921469 0.7400306463241577
0.9999999945258525 -0.0001010868504276058 -2.7013767431302863e-05 -0.0017742179334163666 0.00010108500001698076 0.9999999925453763 -6.849138756768678e-05 -0.01522933691740036 2.7020690808576025e-05 6.848865650607357e-05 0.9999999972895931 0.7489435076713562
0.9999997282505318 -3.1541002726359376e-05 0.0007365487270516028 -0.00023734895512461662 3.158321820877839e-05 0.999999997859393 -5.730369989520634e-05 -0.01380594540387392 -0.000736546918058787 5.7326946902124256e-05 0.999999727106092 0.6811266541481018
0.9999993773050156 3.385781979380744e-05 0.0011154565115943087 0.0007189188618212938 -3.3827140970053535e-05 0.9999999990491257 -2.7522234377843832e-05 -0.012227275408804417 -0.0011154574423765014 2.748448453522286e-05 0.9999993774994551 0.6231914758682251
0.999999497745104 3.4044895483951546e-05 0.0010016738417358893 -0.00014567701146006584 -3.411431164351421e-05 0.9999999970180291 6.928315796211773e-05 -0.014174469746649265 -0.0010016714800110554 -6.931729457791455e-05 0.9999994959245525 0.6962346434593201
0.999999978186004 -2.8552858288179407e-05 -0.00020691236266526385 -0.002409640233963728 2.8551111501673696e-05 0.9999999995567571 -8.445105170055602e-06 -0.016056906431913376 0.00020691260370544256 8.43919740789658e-06 0.999999978557977 0.7839623689651489
0.9999999797455078 -0.00012167508750800169 -0.00016032515999909926 -0.002366528380662203 0.00012166072323508373 0.9999999885851345 -8.960133387336642e-05 -0.01620342954993248 0.00016033606041914903 8.958182678361865e-05 0.9999999831337218 0.7866755127906799
0.9999999299046095 -7.412274070159603e-05 -0.00036701034845136664 -0.0029515502974390984 7.411700327054735e-05 0.9999999971309292 -1.5646462476657785e-05 -0.016920212656259537 0.000367011507157069 1.5619259672716388e-05 0.9999999325292941 0.8180515766143799
0.9999999466967514 -0.00014070247223943043 -0.00029463419520000286 -0.002580246888101101 0.00014068041541904027 0.999999987300921 -7.488109893869088e-05 -0.01637115143239498 0.00029464472741416454 7.483964568630764e-05 0.9999999537917551 0.7951566576957703
0.999999994284972 -5.718681141074859e-05 -9.033119277868436e-05 -0.0020188279449939728 5.718020584484837e-05 0.9999999956914352 -7.3126968552287e-05 -0.015510608442127705 9.03353742876462e-05 7.312180297816705e-05 0.9999999932463609 0.7636061906814575
0.9999999857824905 2.1425740950957415e-05 -0.00016726014632717037 -0.002484213560819626 -2.1421619416716836e-05 0.9999999994669132 2.464321281180961e-05 -0.016157913953065872 0.00016726067423710012 -2.4639629478246294e-05 0.9999999857083778 0.7888919115066528
0.9999999629298557 -3.444901522535678e-05 -0.00027009915276937315 -0.002547633368521929 3.443952760343666e-05 0.9999999987898653 -3.513101323396453e-05 -0.016245372593402863 0.0002701003626713266 3.512170984442534e-05 0.999999962906129 0.7908462285995483
0.9999999594132656 3.333457346940374e-05 -0.00028295277604663987 -0.0027366606518626213 -3.333769220892641e-05 0.9999999993836075 -1.1017410909860564e-05 -0.016514509916305542 0.0002829524086115365 1.1026843455257338e-05 0.9999999599081708 0.8021694421768188
0.9999999786506991 -0.00017081556973602894 -0.00011627829770485578 -0.0018170983530580997 0.00017079631505920523 0.9999999717057564 -0.0001655811143463479 -0.015562624670565128 0.00011630657824723388 0.00016556125090653749 0.9999999795311258 0.7549661993980408
0.9999997542717839 -2.2872042875615724e-05 0.0007006662838787908 -0.0005475063808262348 2.290698214207277e-05 0.9999999984947354 -4.985778936054281e-05 -0.014105269685387611 -0.0007006651424746067 4.987382725912954e-05 0.9999997532904493 0.6950490474700928
0.9999999689432336 -5.1766175430115766e-05 0.00024379047404183364 -0.0011181174777448177 5.179080338777432e-05 0.9999999935567635 -0.00010101577119521166 -0.014208272099494934 -0.00024378524327090103 0.00010102839416249736 0.9999999651810089 0.7078654170036316
0.9999999876384706 2.1753443962361337e-05 0.00015572362021982962 -0.0015892209485173225 -2.1743003261200787e-05 0.9999999975159214 -6.704773421862428e-05 -0.01481472235172987 -0.00015572507835212904 6.704434749062947e-05 0.9999999856273775 0.7345044612884521
0.999999867086239 -4.559302812223213e-05 0.000513564776991225 -0.0007468997500836849 4.563619466556574e-05 0.9999999954271931 -8.404136747133604e-05 -0.014098069630563259 -0.0005135609429423619 8.406479344321795e-05 0.999999864594125 0.6976874470710754
0.9999999739701839 0.0001501531224456972 0.0001717954343613491 -0.002351418137550354 -0.0001501700146155714 0.9999999838912136 9.831856023247927e-05 -0.016268743202090263 -0.00017178066875511987 -9.834435619615416e-05 0.9999999804098946 0.7878684997558594
0.9999997950249562 -0.0001270933278748958 -0.0006275327332750642 -0.0035994648933410645 0.00012702423333834712 0.9999999858666044 -0.00011014369995563792 -0.01805243268609047 0.000627546722935268 0.00011006396551458923 0.9999997970354962 0.8577969074249268
0.9999999713858537 -8.268832927816951e-05 -0.00022447924612967106 -0.0022916379384696484 8.267042928885215e-05 0.9999999934029146 -7.974817123548031e-05 -0.015888890251517296 0.00022448583889180475 7.97296111579105e-05 0.9999999716246482 0.775958240032196
0.9999998599029428 -4.541854838438093e-05 -0.0005273815032588755 -0.003237313125282526 4.5390698282092926e-05 0.9999999975748599 -5.28201142299975e-05 -0.01719893142580986 0.0005273839009928153 5.279616861536096e-05 0.9999998595393829 0.8286783695220947
0.9999998983819516 -6.42139666385525e-05 -0.00044622040866846115 -0.0030225906521081924 6.418001433715122e-05 0.9999999950446649 -7.610253674570417e-05 -0.016927670687437057 0.0004462252933030451 7.607389058008703e-05 0.9999998975478702 0.8171752691268921
0.9999999498156324 -6.885731939745263e-05 -0.00030923680597853 -0.0026437253691256046 6.883219575825683e-05 0.9999999943299646 -8.12539212241097e-05 -0.016375429928302765 0.00030924239915235244 8.123263169806828e-05 0.9999999488851978 0.7954889535903931
0.999999984759908 -3.205335942635566e-05 -0.00017161808138252882 -0.0023567560128867626 3.2042576792471616e-05 0.9999999975127303 -6.283162242372676e-05 -0.015921223908662796 0.00017162009492024526 6.282612238061538e-05 0.9999999832997106 0.7786936163902283
0.9999999130793691 4.352166034195286e-06 -0.0004169200319666871 -0.0031007500365376472 -4.373540404883944e-06 0.9999999986763134 -5.126641720199071e-05 -0.01690644770860672 0.00041691980829485593 5.1268236162486794e-05 0.9999999117747168 0.8179036378860474
0.9999998764221302 -0.00019014727531543158 -0.00045934707799634715 -0.0027876514941453934 0.00019005760703121012 0.999999962878963 -0.00019524389501479863 -0.016836468130350113 0.0004593841860395663 0.00019515656848053322 0.9999998754400339 0.8079152703285217
0.9999999973240625 -6.790658786940601e-05 -2.721341744855761e-05 -0.0017193946987390518 6.790249114887777e-05 0.9999999863675253 -0.00015051312478345968 -0.015199625864624977 2.7223637910304993e-05 0.00015051127652185856 0.9999999883026145 0.7455282211303711
0.9999999143625634 -6.355878802666764e-06 0.0004138048680593836 -0.0009496081620454788 6.3946319071934915e-06 0.9999999955944477 -9.364941763430054e-05 -0.014378804713487625 -0.00041380427101199614 9.365205574421712e-05 0.999999909997655 0.7102442979812622
0.9999999875237516 0.00012861949625952635 9.170344544274813e-05 -0.002129161264747381 -0.00012862360286957283 0.999999990725498 4.477692379410724e-05 -0.015763789415359497 -9.169768540686188e-05 -4.478871846300761e-05 0.9999999947927527 0.7721031308174133
0.9999998880605206 3.2085813367906495e-06 -0.0004731475999763133 -0.0030969944782555103 -3.227533197408099e-06 0.999999999192626 -4.0054101342874054e-05 -0.01704205945134163 0.00047314747107746424 4.005562395882499e-05 0.9999998872635025 0.8214948177337646
0.9999998958807513 -5.1956579860605255e-06 -0.0004563019739419123 -0.0028820550069212914 5.179612377674765e-06 0.9999999993682751 -3.51656256541314e-05 -0.01657198928296566 0.0004563021563622188 3.5163258525360694e-05 0.9999998952759381 0.8032025098800659
0.9999999586418169 -7.167030482288183e-05 0.00027853138401019137 -0.0010556736961007118 7.170676669103341e-05 0.9999999888616917 -0.00013089979395139353 -0.014636006206274033 -0.0002785219992796892 0.00013091976112258522 0.9999999526427549 0.7174023985862732
0.9999997393696963 -7.115407960891877e-07 0.0007219834022789057 -0.0007005673833191395 7.578644779155184e-07 0.9999999979413685 -6.416142756532101e-05 -0.014498524367809296 -0.0007219833551391346 6.41619580084829e-05 0.9999997373116045 0.707327127456665
0.9999997948538102 3.572115749438724e-05 0.0006395438506433741 -0.001196994911879301 -3.573000149618255e-05 0.9999999992662264 1.3817188804176183e-05 -0.015394228510558605 -0.0006395433566081161 -1.3840036872372903e-05 0.9999997953963535 0.7411568760871887
0.9999999972512175 2.52644746389178e-05 6.970847292103429e-05 -0.002308120019733906 -2.526483049235415e-05 0.9999999996678186 5.104004811816694e-06 -0.016516856849193573 -6.970834394787832e-05 -5.105765970539126e-06 0.9999999975573389 0.7915781736373901
0.9999998343396163 0.00011284710684253541 -0.0005644344699968477 -0.004275599494576454 -0.0001128175156748645 0.9999999922601945 5.245778779128104e-05 -0.018730007112026215 0.0005644403853378182 -5.239410100643747e-05 0.999999839330942 0.8883461952209473
0.9999990412993729 -0.00019997463688066166 -0.0013701862936646623 -0.005844646133482456 0.00019981256620908413 0.9999999730258743 -0.00011841954529781175 -0.021072586998343468 0.0013702099376106556 0.00011814565132939779 0.9999990542827186 0.9768384695053101
0.9999999002318185 -0.00019365668509761251 -0.00040253377664361254 -0.0032222229056060314 0.00019358650017654071 0.9999999660562852 -0.00017438949348024855 -0.01790372096002102 0.00040256753467134403 0.00017431155097670262 0.999999903777427 0.8419468402862549
0.999999889965271 0.0001395586254731408 0.0004478759159489923 -0.0020676497370004654 -0.00013961835725399547 0.9999999813638043 0.0001333383124696445 -0.016480304300785065 -0.0004478572990906779 -0.00013340082949743785 0.9999998908140233 0.7884771227836609
0.9999999964324173 -4.967233305656259e-05 6.832147777934775e-05 -0.002227479126304388 4.9680807808131366e-05 0.9999999910721821 -0.0001240461721467108 -0.016742173582315445 -6.83153155066088e-05 0.00012404956597037258 0.9999999899723613 0.7924749851226807
0.9999996081837785 2.759131044824414e-05 0.0008847999826585266 -0.000599786639213562 -2.7579354225293752e-05 0.9999999995282255 -1.3525108732390715e-05 -0.014852255582809448 -0.0008848003554165744 1.3500701220893442e-05 0.9999996084729545 0.715428352355957
0.9999989265657463 2.6764708307639077e-05 0.0014649747456641129 0.00145065994001925 -2.700440402932282e-05 0.9999999862532098 0.0001635981117555992 -0.012767581269145012 -0.0014649703468696718 -0.00016363749691370688 0.9999989135417359 0.5890761613845825
0.9999982203498698 9.601454287339682e-05 0.0018841651469117533 0.0007881489582359791 -9.65526467133417e-05 0.9999999545825731 0.00028550383262835287 -0.01405821181833744 -0.0018841376488178416 -0.00028568524566319935 0.9999981842029819 0.6792105436325073
0.9999997752967965 1.9528720751204545e-05 -0.0006700932664869262 -0.00444797333329916 -1.954551570450859e-05 0.9999999994950582 -2.5057066030443595e-05 -0.018944207578897476 0.0006700927768161228 2.507015771850419e-05 0.9999997751735537 0.8926228284835815
0.9999998767280196 6.496001285798494e-06 -0.0004964894236554687 -0.003936155699193478 -6.520333803612559e-06 0.9999999987778736 -4.900753333151089e-05 -0.018366150557994843 0.0004964891046956963 4.901076456702739e-05 0.9999998755482493 0.8691974878311157
0.9999999994145687 -1.7016357346361057e-05 2.968680097530618e-05 -0.002501595765352249 1.7017856085903488e-05 0.9999999985808022 -5.048552487924449e-05 -0.01677185483276844 -2.968594185344257e-05 5.048603005539533e-05 0.9999999982849529 0.8017541766166687
0.9999996276306967 -9.055146269421627e-05 0.0008582184457754367 -0.00016295257955789566 9.053859398274467e-05 0.9999999957883782 1.5033519682263837e-05 -0.014647412113845348 -0.0008582198034681418 -1.4955812192832022e-05 0.9999996316174785 0.7011424899101257
0.9999991849775117 6.020074514253032e-06 0.001276717694214233 0.0003443043678998947 -6.063683333634744e-06 0.9999999993983982 3.4153110873862794e-05 -0.013817702420055866 -0.0012767174878418855 -3.416082465011356e-05 0.9999991844124144 0.673600435256958
0.9999995603028979 -4.35776209658222e-06 0.000937749977775108 -0.00044470420107245445 4.320478527417659e-06 0.9999999992002157 3.97605611995231e-05 -0.014695748686790466 -0.0009377501502921768 -3.97564921882765e-05 0.9999995595219415 0.7111350297927856
0.9999998082266368 1.1493096266408979e-06 0.0006193103978796542 -0.0009519062004983425 -1.1660312115760398e-06 0.9999999996348211 2.6999969318080046e-05 -0.015016910620033741 -0.0006193103666221704 -2.7000686275458705e-05 0.999999807862798 0.7294360399246216
0.9999998293101493 2.4742149588261362e-05 -0.000583752942791504 -0.0038023116067051888 -2.4780685004532125e-05 0.999999997514557 -6.600608773000005e-05 -0.017910104244947433 0.0005837513082081231 6.602054226122657e-05 0.9999998274378342 0.8555281162261963
0.9999996814303047 7.367118708868835e-06 -0.0007981760551003599 -0.004468412138521671 -7.417498274693661e-06 0.9999999979807123 -6.311542095140625e-05 -0.01881742849946022 0.0007981755885098142 6.312132131425742e-05 0.9999996794656631 0.8906453847885132
0.9999997044501758 -4.577059543574047e-05 -0.0007674663598039513 -0.004340602084994316 4.5694393148338917e-05 0.9999999940249756 -9.930796043028904e-05 -0.018877241760492325 0.0007674709006028016 9.927286217026578e-05 0.9999997005666129 0.8888193368911743
0.9999999608991059 -8.591292366832539e-05 -0.0002661216946113298 -0.00271251006051898 8.589537112154894e-05 0.9999999941351325 -6.596756991186995e-05 -0.016903046518564224 0.00026612736051735973 6.594470871075685e-05 0.9999999624137611 0.808868944644928
0.999999883259876 -4.040151153046529e-05 -0.0004815059209667264 -0.0031625349074602127 4.036844153008336e-05 0.9999999968260443 -6.86898817356053e-05 -0.01713690347969532 0.000481508694613497 6.867043607312306e-05 0.9999998817168669 0.8252035975456238
0.9999998990834322 -2.9677705417906326e-05 -0.0004482771007550471 -0.0030308845452964306 2.964697302436433e-05 0.9999999972100737 -6.856317791469335e-05 -0.01687530241906643 0.0004482791343021838 6.854988093641925e-05 0.9999998971733605 0.8153903484344482
0.9999997934838327 -9.22674444050328e-05 -0.0006360180896985715 -0.003576683346182108 9.219928884390882e-05 0.9999999900049826 -0.00010718827130426567 -0.017731375992298126 0.0006360279733294232 0.00010712960875259264 0.9999997919958103 0.846203088760376
0.9999998245762712 -5.870152266451589e-05 -0.0005894078030908383 -0.0035237916745245457 5.868325265612512e-05 0.9999999977971892 -3.101447490441385e-05 -0.017867745831608772 0.0005894096223893858 3.097988109671274e-05 0.999999825818257 0.8497378826141357
0.9999996452494083 -1.2123695958655368e-06 -0.0008423179850680713 -0.00483896117657423 1.231487306369662e-06 0.999999999741687 2.269602962935727e-05 -0.01921537145972252 0.0008423179573345132 -2.2697058881833867e-05 0.9999996449925882 0.9108390808105469
0.9999991012699461 -9.688981496605331e-05 -0.0013371879687341028 -0.006211712025105953 9.685638535149397e-05 0.9999999949953013 -2.5064671671535938e-05 -0.02111194282770157 0.0013371903905532803 2.4935133951975127e-05 0.9999991056496492 0.9833409190177917
0.9999994203482468 -9.75182204268267e-06 -0.0010766652555622063 -0.005028463900089264 9.787772375752526e-06 0.9999999993948147 3.338518196477713e-05 -0.01999686285853386 0.0010766649293442708 -3.3395700767444196e-05 0.9999994198385104 0.9346219301223755
0.9999992102390737 -0.00022602580018057198 -0.0012362983324317276 -0.005098369903862476 0.00022581931782250216 0.9999999605326455 -0.00016715365157581508 -0.019650151953101158 0.0012363360646761533 0.0001668743395183375 0.9999992218127423 0.9250250458717346
0.9999998449086579 -0.00014981195906183827 -0.000536413121168398 -0.003154722973704338 0.0001497509553247105 0.9999999823162417 -0.00011376364700587474 -0.017300177365541458 0.000536430154837426 0.00011368330098477439 0.9999998496593865 0.8256592750549316
0.9999999883388211 -3.74958563708937e-05 -0.0001480419476430068 -0.0021415879018604755 3.748411888870322e-05 0.9999999961542705 -7.92868189553913e-05 -0.015654653310775757 0.0001480449200008532 7.928126880884755e-05 0.9999999858985908 0.7678017616271973
0.999999881169919 -5.7106869500056514e-05 0.00048414765653975825 -0.0008277064189314842 5.7174839543153156e-05 0.9999999885124621 -0.00014037846534030538 -0.014444366097450256 -0.0004841396344033929 0.00014040612972369883 0.9999998729474585 0.708465039730072
0.9999999957009345 8.863373226287634e-05 2.724321298410918e-05 -0.0022862013429403305 -8.863334868998512e-05 0.9999999959729351 -1.408046100271532e-05 -0.015696611255407333 -2.7244460878209645e-05 1.4078046284986638e-05 0.999999999529774 0.7695658802986145
0.999999852759514 -5.242824051146187e-05 0.0005401224214267002 -0.0007338486611843109 5.247813255753969e-05 0.9999999943580248 -9.235797847299041e-05 -0.014724263921380043 -0.0005401175762130343 9.238630949018571e-05 0.9999998498688757 0.7149457335472107
0.9999995653799533 1.9900018189708314e-05 0.0009321179613503939 8.477829396724701e-05 -1.9807545618280735e-05 0.9999999948819166 -9.921606724544704e-05 -0.013207415118813515 -0.0009321199309812794 9.919756115511419e-05 0.9999995606560426 0.6633738279342651
0.9999997328543228 1.0335281679111834e-05 0.0007308792411493691 -0.0005548037588596344 -1.0268908958657505e-05 0.9999999958235153 -9.081585143865915e-05 -0.013877393677830696 -0.0007308801767042687 9.080832184520987e-05 0.9999997287839711 0.6881601810455322
0.9999999220527477 6.607050602580598e-05 0.00038926749999081324 -0.0018496336415410042 -6.608347254118467e-05 0.9999999972621331 3.329727050459884e-05 -0.015775956213474274 -0.0003892652989575392 -3.332299205731492e-05 0.9999999236810496 0.7640452980995178
0.9999999139795327 -9.196150666458768e-05 -0.0004044551998843017 -0.003131998237222433 9.191426795328876e-05 0.9999999889532519 -0.00011681294231134842 -0.017582885921001434 0.0004044659377105599 0.00011677575705942727 0.99999991138536 0.8344429731369019
0.9994877782604387 -0.0010788624077435875 -0.03198463949957529 -0.049408815801143646 0.0009452260563902778 0.9999907627433481 -0.004192967407402577 -0.03680454194545746 0.03198886768416405 0.004160586963683983 0.9994795655041693 1.519336462020874
0.9999012747505589 -0.0016507504548391738 -0.013954059450319758 -0.03274683654308319 0.0015495221243137971 0.999972430051281 -0.00726210152242859 -0.015033135190606117 0.013965662655007531 0.007239762445802062 0.9998762653980415 0.97807776927948
0.9999999696151055 0.00013405343488811155 0.00020688031551228746 -0.002315108198672533 -0.0001340546587354144 0.9999999909972582 5.901870903445107e-06 -0.016586046665906906 -0.00020687952248373052 -5.929603994212456e-06 0.9999999785828514 0.7962651252746582
0.9999968605815572 -0.0005081198555009018 -0.00245369950122061 -0.009874540381133556 0.0005072094151573392 0.99999980230518 -0.00037165603735826963 -0.024286668747663498 0.002453887861948927 0.0003704103310854655 0.9999969206105326 1.1379475593566895
0.9999986786371508 -0.00044291908265657045 -0.0015641440595695862 -0.007879751734435558 0.00044267479613338426 0.9999998897699706 -0.00015652179397076667 -0.022199660539627075 0.0015642132136433414 0.00015582917999598978 0.9999987644763815 1.0447819232940674
0.9999995897789188 -0.0008012490638154941 -0.00042242387694226886 -0.008856176398694515 0.0008014276119234804 0.9999995895295068 0.00042267552647717746 -0.023571766912937164 0.0004220850351798442 -0.00042301389524568333 0.9999998214517178 1.1053147315979004
0.9999996966571871 -0.000311993111917759 -0.000713684686446272 -0.003998439759016037 0.00031175978546751676 0.9999998979318682 -0.0003270200134748278 -0.0181645005941391 0.0007137866415934729 0.00032679741609091913 0.9999996918559919 0.8685073852539062
0.9999999903617065 -6.6069800871571e-05 0.00012211211221981763 -0.0018133637495338917 6.607302024231248e-05 0.9999999974697474 -2.6360211326099288e-05 -0.014859303832054138 -0.0001221103702969299 2.636827938809437e-05 0.9999999921968854 0.737151026725769
0.9999997968225749 -0.0005000740188042366 0.0003953236453232508 -0.005154554732143879 0.0004998986231803825 0.9999997766378185 0.00044365040244943795 -0.01791178621351719 -0.00039554541506259597 -0.00044345269056368376 0.9999998234467523 0.8765887022018433
0.9999999249996205 -0.00023207881240452116 -0.0003100647961617615 -0.00575382262468338 0.00023212868730336145 0.9999999601254982 0.00016082684569479426 -0.018852220848202705 0.00031002745929473066 -0.00016089880856683182 0.999999938997272 0.913531482219696
0.9999997172779975 -5.275305695138033e-06 -0.000751941550912488 -0.0065635861828923225 5.47515311632145e-06 0.9999999646672616 0.0002657733960646875 -0.020296715199947357 0.0007519401223084242 -0.0002657774379198266 0.9999996819741523 0.9691011905670166
0.9999986922230653 -0.0005273518756979288 -0.0015288728392700236 -0.011520450934767723 0.0005277715967437701 0.9999998231523829 0.0002741392799174097 -0.02721613645553589 0.0015287280010290382 -0.00027494581706398214 0.9999987936970208 1.2527668476104736
0.9999994486510697 -0.0004750009214877322 -0.0009365210521432987 -0.009199261665344238 0.00047549623306035926 0.9999997471723889 0.000528732910491059 -0.023604411631822586 0.0009362696667452143 -0.0005291779312072102 0.9999994216847469 1.1004788875579834
0.9999998719070439 -0.0002057611449497425 0.00046243729006525535 -0.003166445065289736 0.00020569349758297974 0.9999999681392657 0.00014632721106941918 -0.01736193150281906 -0.0004624673837861507 -0.0001462320719823278 0.9999998823700432 0.8306347131729126
0.9999998630999869 -0.0005038501546466718 -0.0001411914626712835 -0.007185052148997784 0.0005040019059682816 0.9999992932152025 0.0010768245791594794 -0.02150280587375164 0.0001406488046485673 -0.001076895592508473 0.9999994102567245 1.0083844661712646
0.9999991610245773 -0.00025419339050073163 -0.0012701715875248945 -0.007916435599327087 0.0002541916804910654 0.9999999676921577 -1.507715821711136e-06 -0.021918784826993942 0.0012701719297397876 1.1848475064296598e-06 0.9999991933306072 1.0374329090118408
0.9999993389620444 -0.0004486438914408356 -0.00105867565059669 -0.005927438847720623 0.00044836627496360165 0.9999998650431144 -0.00026245273197773183 -0.021028980612754822 0.001058793255536115 0.00026197788402866173 0.9999994051620383 0.9835875034332275
