0.9999991806514437 -5.9151764949040854e-05 -0.001278748415536194 -0.008572346530854702 5.935643870494789e-05 0.9999999854351235 0.0001600205179898716 -0.023525536060333252 0.0012787389314153138 -0.000160096288829237 0.999999169597617 1.091286301612854
0.9999963305612226 -2.6536917586909354e-06 -0.002709032492935238 -0.007299255579710007 6.610914948356642e-07 0.9999997294901415 -0.0007355400782518005 -0.020886331796646118 0.0027090337120118857 0.0007355355883141748 0.9999960600541111 0.9746650457382202
0.9999920132129105 8.482789242814093e-05 -0.003995787108834513 -0.010523021221160889 -9.033350922899654e-05 0.99999904689763 -0.0013776950638447153 -0.01895126886665821 0.003995666433471675 0.001378045013959239 0.9999910677809538 0.9811538457870483
0.9999999724151613 -3.274070969504819e-05 -0.00023258917123975765 -0.002826669719070196 3.2741788484112126e-05 0.9999999994532489 4.634367895355373e-06 -0.016589848324656487 0.00023258901938009538 -4.64198315296551e-06 0.9999999729403997 0.807976245880127
0.9999997736090348 -4.3892863478816165e-05 -0.0006714575904791527 -0.004201918840408325 4.3877800020511034e-05 0.9999999987853977 -2.24486829011861e-05 -0.019101209938526154 0.0006714585750005726 2.241921573712981e-05 0.999999774320355 0.8970167636871338
0.9999999984726788 -4.1418391672144495e-05 -3.659451948647693e-05 -0.0027335803024470806 4.142048889976828e-05 0.999999997499897 5.731098375030004e-05 -0.01713492162525654 3.6592145666214786e-05 -5.7312499425655945e-05 0.999999997688146 0.8211907148361206
0.9999997939010964 -0.00022188331123405332 -0.0006024662320759023 -0.0027291649021208286 0.00022170115499378352 0.9999999297011424 -0.00030240090612829564 -0.016710538417100906 0.0006025332874375864 0.0003022672763443045 0.9999997727940397 0.7973923683166504
0.999999675728139 3.007878511456353e-05 0.0008047601403494727 0.0006008159834891558 -3.0141393128328165e-05 0.9999999965204875 7.77850955581799e-05 -0.013290203176438808 -0.0008047577978681253 -7.780932692642648e-05 0.9999996731552442 0.6074827909469604
0.9999995726413327 5.935376368859895e-05 0.0009226019091459681 0.00033079786226153374 -5.951802291382973e-05 0.9999999823845458 0.0001780126765436194 -0.013400080613791943 -0.0009225913271715794 -0.00017806751190992806 0.9999995585585046 0.6188992261886597
0.9999999660709821 9.317598214153571e-06 0.00026032905567378026 -0.0014407457783818245 -9.312156144709657e-06 0.999999999738116 -2.0905783805090582e-05 -0.014994001016020775 -0.00026032925039729806 2.090335887096243e-05 0.999999965895865 0.7371562123298645
0.9999999999967176 -1.8082420995576082e-06 -1.8150897834092278e-06 -0.002042821142822504 1.8082757515329427e-06 0.9999999998264938 1.8540285691548518e-05 -0.015732387080788612 1.8150562577691733e-06 -1.854028897367051e-05 0.9999999998264815 0.767591118812561
0.9999998939551317 -8.103751383571229e-05 -0.0004533460562960728 -0.00291516724973917 8.099737966498979e-05 0.9999999927994767 -8.854643380915917e-05 -0.016857728362083435 0.0004533532286145989 8.850970457662281e-05 0.9999998933184354 0.813356339931488
0.9999998252823131 -3.346585440764453e-05 0.0005901824971050256 -0.0005668215453624725 3.353771148870631e-05 0.9999999920267462 -0.00012174452582820686 -0.014064405113458633 -0.0005901784181147744 0.0001217642979275985 0.9999998184314288 0.6916131973266602
0.9999997537482259 -4.406273462419769e-05 0.0007004012873469164 -0.0002886829897761345 4.412035020103104e-05 0.9999999956445306 -8.224557132232224e-05 -0.01386613491922617 -0.0007003976603315566 8.227645301928338e-05 0.9999997513368206 0.6827524304389954
0.9999966574507775 0.00011544635923824296 -0.002582974914789437 -0.005508738569915295 -0.0001170675601138886 0.9999997962654794 -0.0006275063233064259 -0.016518887132406235 0.0025829019452278563 0.0006278066084067626 0.9999964672319616 0.8169072270393372
0.9999983322615781 5.2174032866389994e-05 -0.0018255826283451004 -0.005098098888993263 -5.317734675939749e-05 0.9999998475882206 -0.0005495413592699167 -0.01639075204730034 0.0018255536783158633 0.0005496375224191428 0.9999981826245294 0.8353877067565918
0.9999999570913009 2.094175608707128e-05 -0.0002921965763675118 -0.0029545300640165806 -2.0930217734570616e-05 0.9999999990011806 3.949132401036039e-05 -0.016788393259048462 0.00029219740309333525 -3.948520657787439e-05 0.9999999565307971 0.814411461353302
0.9999998374762499 -0.0002511989016797368 -0.0005118071759402174 -0.0028882217593491077 0.00025109895867354246 0.9999999493978236 -0.00019532962652190657 -0.017055073752999306 0.0005118562166293082 0.00019520108052728297 0.9999998499498645 0.8184449672698975
0.9999999934076137 -7.243491100034542e-05 8.909521029392832e-05 -0.0015151025727391243 7.243846694434797e-05 0.9999999965799643 -3.9909150878582204e-05 -0.015184118412435055 -8.909231917342752e-05 3.991560453593144e-05 0.9999999952346518 0.7418187260627747
0.9999999314976176 -6.180001505865743e-06 -0.0003700899454620304 -0.0025273538194596767 6.181213035046566e-06 0.9999999999755418 3.27246367810058e-06 -0.016395919024944305 0.00037008992522914817 -3.2747510587240515e-06 0.9999999315113594 0.7929049730300903
0.9999994407143213 -7.928484927409989e-06 -0.001057595472560524 -0.004781980998814106 7.957267459216704e-06 0.9999999995981254 2.72108621433152e-05 -0.019335974007844925 0.001057595256394593 -2.7219262494708524e-05 0.999999440375536 0.9140915870666504
0.9999995494529345 -0.00018752249063509402 -0.0009305531924620077 -0.004303181543946266 0.00018741296514043822 0.9999999755015204 -0.00011778514102066009 -0.018991339951753616 0.000930575257027873 0.00011761069021989022 0.9999995600986117 0.8965837955474854
0.9999993703789432 -0.0002861461218241481 -0.0010850631844021934 -0.004529991187155247 0.00028594884030100446 0.9999999425607291 -0.00018196647842103736 -0.019419889897108078 0.0010851151910790573 0.0001816560912918778 0.9999993947628601 0.9114209413528442
0.9999999623524237 -0.00013798719035005422 -0.00023718070453224426 -0.00292008463293314 0.00013797148813689093 0.9999999882894779 -6.621867316044326e-05 -0.017025712877511978 0.00023718983908339246 6.618594649270904e-05 0.9999999696801999 0.8229641914367676
0.9999999789624942 -0.00016644465057690847 -0.00011987989572527617 -0.0019076489843428135 0.00016644322192705738 0.9999999860771974 -1.1927221130040905e-05 -0.015574073418974876 0.00011988187927836542 1.1907267683033127e-05 0.9999999927432759 0.7638411521911621
0.9999999299862805 9.42830307349324e-05 -0.0003621300099429028 -0.00314490869641304 -9.42519680846615e-05 0.9999999918780014 8.579372761738042e-05 -0.016924655064940453 0.00036213809589434115 -8.575959014450281e-05 0.9999999307506438 0.8217613697052002
0.9999997757215646 -0.00022861946527006304 -0.0006295156555372568 -0.0033842897973954678 0.00022850558994039178 0.9999999575194183 -0.00018095954510037522 -0.017797399312257767 0.000629556999669502 0.00018081565666880632 0.9999997854818182 0.8471659421920776
0.9999999458584314 0.00013156427897019536 -0.00030161892289683553 -0.0031208060681819916 -0.00013153484043283256 0.9999999865845076 9.761951797665808e-05 -0.017255593091249466 0.00030163176209196523 -9.75798392944895e-05 0.9999999497482263 0.8304581642150879
0.9999995195737826 -0.0001237725529411111 -0.0009723849849227713 -0.004537009634077549 0.00012366386888713947 0.9999999861006569 -0.0001118299301874293 -0.01944550685584545 0.0009723988128832134 0.00011170962757211564 0.999999520980639 0.9145889282226562
0.9999994921875205 -0.0002715329775959498 -0.0009705125156239567 -0.00433789286762476 0.0002713258199251283 0.9999999403835552 -0.00021357711754485195 -0.019360609352588654 0.0009705704509961244 0.00021331368398367707 0.9999995062450139 0.9089854955673218
0.9999999502090751 -0.0001186362244839505 -0.00029241630150184843 -0.002402225974947214 0.00011862647784810829 0.9999999924078183 -3.334848846118141e-05 -0.01632785052061081 0.0002924202556205341 3.33137984848168e-05 0.9999999566902914 0.7909387350082397
0.9999997378342684 9.751474742813222e-05 -0.0007175111622880486 -0.0038333600386977196 -9.739824677727463e-05 0.9999999820697691 0.00016240086984389683 -0.017852138727903366 0.0007175269859027128 -0.00016233094293870403 0.9999997294018079 0.8579084873199463
0.9999998281182753 -0.00020674809457693364 -0.0005486516614467803 -0.0030756741762161255 0.00020653742495569812 0.9999999049408811 -0.00038400588708147943 -0.017360864207148552 0.0005487310017778972 0.0003838925039765323 0.9999997757603916 0.8253331184387207
0.9999999217079156 -0.0002521396579372385 -0.0003049750075743996 -0.002452099695801735 0.00025209420984894867 0.999999957116064 -0.00014905159898715036 -0.01668580062687397 0.00030501257631505456 0.00014897470488403188 0.999999942386931 0.8003586530685425
0.9999999901626877 -0.00013837673536492223 -2.2945663684751197e-05 -0.001555867027491331 0.00013837601484851717 0.9999999899330717 -3.13995983891313e-05 -0.015145041048526764 2.2950008427675708e-05 3.13964229507449e-05 0.9999999992437808 0.7404866218566895
0.9999999955136702 -5.926000632766237e-05 7.389797901626613e-05 -0.0013846834190189838 5.926424155517426e-05 0.9999999966016028 -5.7310945148702363e-05 -0.014895807020366192 -7.389458251815927e-05 5.7315324399265414e-05 0.9999999956272723 0.7343149185180664
0.9999999965814987 7.491058578902731e-05 -3.500580428570697e-05 -0.002301162574440241 -7.491450485701373e-05 0.9999999909256141 -0.00011196690773499538 -0.015603200532495975 3.4997416461403385e-05 0.00011196952979473158 0.9999999931190025 0.7732202410697937
0.999999965738865 -0.00020673989549142212 -0.0001605642690196232 -0.002242356538772583 0.0002067269034325445 0.9999999753573723 -8.092738839737196e-05 -0.016288336366415024 0.00016058099598271735 8.089419267057143e-05 0.9999999838349365 0.7851166129112244
0.999985591664168 0.0006356259191622683 -0.005330332424387283 -0.007439837791025639 -0.0006437903468891888 0.9999986221383702 -0.0015301161230857941 -0.016146598383784294 0.005329352498459602 0.001533525693219362 0.999984623032222 0.6890848875045776
0.9999999510467695 0.0002882913467003464 0.00012163288225703707 -0.0026901266537606716 -0.0002882627369376114 0.9999999308007591 -0.00023516605094015084 -0.015168126672506332 -0.00012170067017765769 0.00023513097720047192 0.9999999649511846 0.7474489808082581
0.9999998690486112 -0.00028199323883398836 -0.00042706272812209097 -0.004595033824443817 0.0002820730953602837 0.9999999427438262 0.00018694147025358307 -0.01803666725754738 0.00042700998743944396 -0.00018706190867897232 0.9999998913351505 0.8710851073265076
0.9999997447327655 -0.0007133475372771455 -4.08618976604397e-05 -0.006202206015586853 0.0007133629339540124 0.99999967410296 0.0003780308164542362 -0.020279500633478165 4.0592216991735703e-05 -0.0003780598693185571 0.9999999277115009 0.9702938795089722
0.9999974816499624 -0.0013400604114375176 0.001800258822121931 -0.0070932237431406975 0.0013374698330445693 0.9999980695954467 0.0014394373295604933 -0.024539463222026825 -0.0018021842798741931 -0.0014370259126871802 0.9999973435406454 1.126700520515442
0.9999955813170096 -0.0018127423639554092 0.002356122148394213 -0.008236117660999298 0.0018083713213262846 0.9999966425352954 0.001855993346184264 -0.028275474905967712 -0.002359478675563107 -0.0018517244014153369 0.9999955019784444 1.268223524093628
0.9999837448643508 -0.0018350995411377928 0.005398371675153526 -0.00237673195078969 0.0018247637665134149 0.9999964939999815 0.0019189124371675108 -0.027015797793865204 -0.005401874143795263 -0.0019090304919545532 0.9999835875444734 1.1989772319793701
0.9999943876358559 -0.001381715017213573 0.0030521402983152575 -0.0032647522166371346 0.001377837504382942 0.9999982415826083 0.0012721617439616735 -0.024564241990447044 -0.003053892696364632 -0.001267949250755059 0.9999945330071043 1.1015594005584717
0.9999993038065826 -0.00029969671337196053 0.0011413011128535392 -0.002693577203899622 0.0002996362054345293 0.9999999536946296 5.3187247374105565e-05 -0.019908323884010315 -0.0011413170000483996 -5.284523521078042e-05 0.9999993473012303 0.9269914031028748
0.9999999510829964 -0.00012472239510462674 -0.000286841992140037 -0.002739379648119211 0.00012469270279609 0.9999999868666275 -0.00010353006504693712 -0.01687595061957836 0.0002868549008905123 0.00010349429287928123 0.9999999535015973 0.81615149974823
0.9999999311596601 -0.00019739537421216286 -0.0003141906130482689 -0.0020051398314535618 0.00019738752920532205 0.9999999802065876 -2.4999753688332382e-05 -0.015606439672410488 0.0003141955416650991 2.4937734658531738e-05 0.9999999503296343 0.7595689296722412
0.9981044747627116 -0.0014442028163048869 -0.06152537473983492 -0.08711814135313034 0.0009463396676750755 0.9999665814724068 -0.008120368194974931 -0.04799152910709381 0.06153504611101811 0.008046751929440401 0.998072486287194 1.6119170188903809
0.9871181171689042 -0.01232731361799942 -0.15951758553802536 -0.24606472253799438 0.008646639070888798 0.9996805981586013 -0.02374736402296221 -0.08508287370204926 0.1597593765313809 0.022062162274464094 0.9869094196561708 2.292468786239624
0.9828929949133469 -0.02014887464719598 -0.18307207160220518 -0.3091256320476532 0.014324144829142987 0.9993499373309785 -0.033083555302944455 -0.07782905548810959 0.18361965969139876 0.02989524388629119 0.9825426682683017 2.226884603500366
0.9918918359357828 -0.014536538845123062 -0.12625084095698616 -0.21899211406707764 0.010723299987750385 0.9994670884422001 -0.03083099022483629 -0.03221288323402405 0.1266317363116952 0.02922718185654352 0.9915191249791452 1.27247154712677
0.9994510854783796 -0.0014483527011347611 -0.03309728101433554 -0.0488269180059433 0.0013044258771553326 0.9999896017011075 -0.004369778345805663 -0.01673547923564911 0.03310326583918553 0.0043242067611968076 0.9994425821560069 0.8599503040313721
0.9999516742191347 -0.0005100172071861528 -0.009817795516198501 -0.026283549144864082 0.00047774670601010956 0.9999944770890782 -0.003289004321365851 -0.025898033753037453 0.009819418742186822 0.0032841549581956067 0.9999463952341526 1.1698148250579834
0.9999923726276698 0.0003013040162544243 -0.003894085563169237 -0.009466836228966713 -0.0003062174407510511 0.9999991577628776 -0.0012612313088525746 -0.0174889974296093 0.0038937022693670354 0.0012624141258870067 0.9999916226615163 0.8969287872314453
0.9889133522306682 -0.005377164721744957 -0.14839632030295694 -0.21514813601970673 0.0026106413173638153 0.999819267114414 -0.01883129466362316 -0.08768346160650253 0.14847075918110827 0.018235109167519418 0.9887486609153179 2.975216865539551
0.9998840320155099 -0.0004544146849463276 -0.015222221510039222 -0.02531370334327221 0.00042526852546079545 0.9999980704136775 -0.0019178935326674893 -0.014818048104643822 0.01522306365643421 0.0019111975867242275 0.9998822959012208 0.8452431559562683
0.999999464464185 1.6860028193455208e-05 -0.0010347884243252657 -0.00600181519985199 -1.7915047199152827e-05 0.9999994800986449 -0.0010195496512126554 -0.016829838976264 0.0010347706967014975 0.0010195676434907647 0.9999989448651563 0.8339150547981262
0.9994910287408766 -0.00025683545875136867 -0.031900117586794924 -0.04618975520133972 0.0001276437920201762 0.9999917830715078 -0.004051851000312377 -0.030817702412605286 0.03190089612482028 0.004045716872632299 0.9994828487780167 1.3177564144134521
0.9999491877443338 -0.00026956432141695254 -0.010077165500472563 -0.02580360323190689 0.00023781557907763583 0.9999950053289547 -0.0031516282925711453 -0.0191947091370821 0.010077964734887862 0.0031490716442796217 0.9999442574336741 1.024482011795044
0.9999999740954836 -1.6871945977934534e-05 -0.00022698980069869434 -0.0018300809897482395 1.6794764547349616e-05 0.9999999420524418 -0.0003400191890540042 -0.014419486746191978 0.0002269955243305788 0.00034001536800571416 0.9999999164312873 0.7191756963729858
0.999999972257349 8.41044072631561e-05 0.00022002670179788625 -0.0010523954406380653 -8.405930730755969e-05 0.9999999754594073 -0.00020497613827727938 -0.012051594443619251 -0.00022004393579491352 0.00020495763729855564 0.9999999547865154 0.6674814224243164
0.9999976470542201 0.0003977244602180897 -0.0021325340038766557 -0.0034796092659235 -0.00039913388278380024 0.9999997021963402 -0.0006605296171431097 -0.011846763081848621 0.0021322706600147875 0.0006613792295298702 0.9999975079965688 0.613633930683136
0.9999998390587481 0.00021339920642080473 -0.0005256836085578106 -0.001824722159653902 -0.00021354210365735315 0.9999999402649457 -0.0002717901298465156 -0.012260334566235542 0.0005256255773580494 0.0002719023416879015 0.999999824893419 0.6520201563835144
0.9999974327516825 0.00012910743122378904 -0.0022622602226718197 -0.002728672232478857 -0.00013019614814600183 0.999999875790484 -0.00048111119217603094 -0.005806772969663143 0.0022621978266474177 0.0004814044946112282 0.9999973253517759 0.5040838718414307
0.9999868465160077 0.0005704816358133238 -0.005097189978179446 -0.005157384090125561 -0.000568397970253548 0.9999997543190001 0.000410226384700515 -0.009155290201306343 0.005097422752515714 -0.0004073237563567367 0.9999869250988432 0.38219529390335083
0.999989939015304 0.0004949514367085921 -0.004458350731409132 -0.004198475740849972 -0.0004928035950209757 0.9999997620037573 0.00048284267213346275 -0.009948461316525936 0.004458588654012685 -0.0004806407229924249 0.9999899449353029 0.40310418605804443
0.9999900184350636 0.0005355576858810589 -0.004435787213782011 -0.004504673182964325 -0.0005341097415697735 0.9999998037020094 0.0003276014748726919 -0.009302756749093533 0.004435961792533669 -0.00032522900773488566 0.9999901081856097 0.39733457565307617
0.9999813184154877 0.0006668427056768916 -0.006076030022086763 -0.005915990099310875 -0.0006640659631787336 0.9999996741651341 0.0004590054709784642 -0.009424561634659767 0.006076334126754523 -0.00045496201130004646 0.9999814354142523 0.34475672245025635
0.9999811693994127 0.0006595440849616153 -0.006101298893117115 -0.006124961189925671 -0.0006569428515077414 0.9999996924774636 0.0004283352288473717 -0.009410730563104153 0.0061015795227967705 -0.0004243189583450144 0.9999812951654389 0.3460957407951355
0.9999726566798666 0.0006427213830410337 -0.007367007658017488 -0.007257560268044472 -0.0006394997747711207 0.9999996988741594 0.00043964943805078354 -0.009424304589629173 0.007367288011715992 -0.0004349262168374131 0.9999727665824395 0.35360169410705566
0.9999697239959225 0.0005193161327967731 -0.007764109882853449 -0.007635955698788166 -0.0005171060842780835 0.9999998252153572 0.0002866540646257712 -0.007738794665783644 0.0077642573898865684 -0.0002826305174267146 0.9999698177581033 0.3700781464576721
0.9999540476601684 0.0006220600090495356 -0.009566379115990897 -0.009413987398147583 -0.0006195959530022984 0.9999997741108638 0.00026053613224083364 -0.007142611779272556 0.009566539024158563 -0.0002545968702107928 0.9999542072072765 0.32310426235198975
0.9999820577293942 0.00039129103566316284 -0.005977550552894445 -0.0057489024475216866 -0.0003886234789940207 0.9999998243946695 0.00044741750325798187 -0.009257085621356964 0.005977724573662926 -0.0004450864590803361 0.9999820341920979 0.41842615604400635
0.999998863072884 0.00017803855771602835 -0.0014973827871285264 -0.0017369561828672886 -0.00017782145674883688 0.999999973660026 0.00014511883638865177 -0.011261123232543468 0.001497408584435831 -0.00014485240461059384 0.9999988683920157 0.5283660888671875
0.9999963867572662 0.00021154119149202218 -0.002679873641793464 -0.0025476585142314434 -0.00021100806520672584 0.9999999578938368 0.00019921827400395841 -0.009641180746257305 0.0026799156718253173 -0.00019865207922782415 0.9999963892881529 0.4775172173976898
0.999999989287735 9.662959060508835e-05 -0.00010994204106806381 -0.0002954835072159767 -9.662736478232779e-05 0.9999999951265339 2.025055125249027e-05 -0.010937275364995003 0.00010994399733474203 -2.02399276258538e-05 0.9999999937513315 0.5655952095985413
0.9999974865839036 0.000241267105796021 -0.0022290392681887927 -0.00242595374584198 -0.00024113370756549083 0.9999999691204102 6.011417185655144e-05 -0.009445535019040108 0.0022290537029292356 -5.9576524261576846e-05 0.9999975138820232 0.496428519487381
0.9999999362645403 0.00010567674516906408 0.00034103275684949465 0.00024739373475313187 -0.00010574243271660006 0.9999999758616348 0.0001926013191931929 -0.011926164850592613 -0.0003410123951369938 -0.00019263736855100455 0.9999999233006925 0.5650210976600647
0.9999908071053898 0.00022885372789277662 -0.00428174388329546 -0.004607696086168289 -0.00022887484608003078 0.9999999737982855 -4.442152962356091e-06 -0.007647999562323093 0.004281742754503165 5.422095598355428e-06 0.999990833282778 0.44773587584495544
0.9999997202255924 5.920155921344923e-05 0.0007456835204257963 -0.0002941098064184189 -5.9047648815997306e-05 0.9999999769516472 -0.0002064220929632064 -0.012181398458778858 -0.0007456957237487789 0.00020637800435294564 0.9999997006729587 0.6573835015296936
0.9999982666891983 0.00022092472733063035 -0.0018487322315092216 -0.0024470658972859383 -0.00022119180083562137 0.9999999651316425 -0.00014425983903470108 -0.00946235004812479 0.0018487002964813616 0.00014466851339911421 0.9999982806876395 0.5390282273292542
0.9999999614278803 7.117650618978114e-05 0.0002684737284048755 1.8109101802110672e-05 -7.123661237134967e-05 0.999999972401962 0.00022387813701701622 -0.012272861786186695 -0.00026845778613192225 -0.0002238972535404842 0.9999999389002165 0.5799188613891602
0.9999999417760599 6.590726815442854e-05 0.00033481951672342455 -0.0010850992985069752 -6.581266801950638e-05 0.9999999579188334 -0.0002825438441165519 -0.012380541302263737 -0.00033483812432672834 0.0002825217923000355 0.999999904032429 0.6771093010902405
0.9999994389488523 2.2568721977655423e-05 0.0010590527056357983 0.00027397205121815205 -2.2433035517749464e-05 0.9999999915394368 -0.00012813229626821543 -0.011686415411531925 -0.0010590555884577868 0.00012810846661248288 0.9999994309945788 0.6332802772521973
0.9999999621737635 3.778826555647831e-05 0.00027244177163440714 -0.0011732988059520721 -3.771368009886501e-05 0.9999999618147793 -0.0002737665402011423 -0.01240252424031496 -0.0002724521063938795 0.00027375625506376335 0.9999999254136787 0.6794454455375671
0.9999996468562515 0.00023327988042470694 0.0008073833473722652 0.00032548909075558186 -0.00023327753069496456 0.999999972786283 -3.0044734502424948e-06 -0.010597565211355686 -0.0008073840262835704 2.816127995632242e-06 0.9999996740614987 0.5831315517425537
0.9999925091503583 0.00011722082823559804 -0.003868837350897324 -0.004121837206184864 -0.00011809318942605784 0.9999999676567763 -0.00022525639730795098 -0.0034312433563172817 0.003868810821025195 0.0002257115932882861 0.9999924906503586 0.47214895486831665
0.999994619836731 0.00023235020594625068 -0.0032720499649900653 -0.00317463930696249 -0.00023200772983896322 0.9999999675688412 0.00010504632112739458 -0.00827842392027378 0.0032720742664080413 -0.00010428661507673912 0.9999946413127906 0.4578147828578949
0.9999975848091137 0.0001753116111747325 -0.002190808476041536 -0.0018930756486952305 -0.0001747982506710495 0.9999999572243857 0.00023451396202895706 -0.009222673252224922 0.0021908494953488834 -0.00023413044614380588 0.9999975726777656 0.4879295527935028
0.9999984679844461 5.1018494220441066e-05 0.0017496930798292262 0.0012068673968315125 -5.123894556150796e-05 0.999999990755622 0.0001259496973383993 -0.013170883059501648 -0.0017496866378904964 -0.0001260391568099707 0.9999984613542162 0.6368626356124878
0.9999999674674995 -9.439576774527456e-05 0.00023696927755680568 -0.0013521830551326275 9.441871378891628e-05 0.9999999908553049 -9.682198224997816e-05 -0.014449695125222206 -0.00023696013580444482 9.68443534345114e-05 0.9999999672355319 0.7160576581954956
0.9999999655309545 -4.031119863995032e-05 0.0002594476772190225 -0.0011043762788176537 4.033317045340172e-05 0.9999999956010801 -8.468220169378061e-05 -0.014331994578242302 -0.0002594442624366792 8.469266312225495e-05 0.9999999627579131 0.7118211388587952
0.9999999726738119 -7.401661205841514e-05 0.00022175192625752932 -0.0012985947541892529 7.403942746453927e-05 0.9999999919668698 -0.00010288062827191986 -0.014408603310585022 -0.00022174430960061607 0.00010289704384624371 0.9999999701208294 0.7147099375724792
0.9999999666951846 -7.773024782497015e-06 0.0002579713354410724 -0.0011896602809429169 7.800870358748324e-06 0.9999999941440784 -0.00010793975197042134 -0.014214920811355114 -0.00025797049491204537 0.00010794176077645187 0.9999999608998994 0.7084783911705017
0.9999999837843335 8.965939560134863e-05 0.00015618106657187857 -0.0015934919938445091 -8.961602630172183e-05 0.9999999574339203 -0.00027767089387539855 -0.01253485307097435 -0.00015620595572838383 0.00027765689304621016 0.9999999492531733 0.6876154541969299
0.9999997556952692 0.0002558595311436598 -0.0006504961968685851 -0.003068482968956232 -0.00025606175323135606 0.999999918914971 -0.0003108093144115145 -0.013669567182660103 0.0006504166205976218 0.0003109758056759691 0.9999997401261002 0.7064179182052612
0.9999999676385615 -1.1494710776076322e-06 -0.0002544043134570727 -0.0026436452753841877 1.0517207914609104e-06 0.999999926182394 -0.00038423183161637035 -0.014343738555908203 0.0002544047363409329 0.0003842315516197697 0.9999998938221668 0.7325565814971924
0.9999999878128404 6.333711893051333e-06 0.0001559942416379113 -0.001478211022913456 -6.321056778732343e-06 0.9999999966893178 -8.112588165392659e-05 -0.01481853798031807 -0.00015599475494942541 8.112489461677395e-05 0.9999999845421939 0.7329533100128174
0.9999999528670326 -7.031393884072266e-05 0.00029886766702386694 -0.001196976751089096 7.03380876785947e-05 0.9999999942626544 -8.07913625620973e-05 -0.014486473053693771 -0.0002988619845502338 8.081238053432807e-05 0.9999999520754353 0.7143220901489258
0.9999999616795884 -1.755955060321221e-05 0.000276283340166121 -0.0011373874731361866 1.7580001422813745e-05 0.999999997106071 -7.401892829454998e-05 -0.014223204925656319 -0.00027628203962745966 7.40237825196274e-05 0.9999999590943563 0.7094544768333435
0.9999999735689439 -3.7284032702081e-05 0.0002268744409339521 -0.001190725713968277 3.729895702087908e-05 0.9999999971409942 -6.577840800880215e-05 -0.01445379201322794 -0.00022687198780100152 6.578686845023091e-05 0.9999999721005939 0.7180402278900146
0.9999999247932717 3.06322537169565e-05 0.0003866201182781983 -0.0012120706960558891 -3.0598663862637586e-05 0.9999999957572386 -8.688638793183978e-05 -0.01421530544757843 -0.0003866227781637411 8.687455133835707e-05 0.9999999214878167 0.7060030102729797
0.9999999711750462 8.626425759819732e-05 0.00022407227571827663 -0.0017163464799523354 -8.622880664214876e-05 0.9999999837659883 -0.00015821699075136285 -0.01400060672312975 -0.00022408592055193124 0.0001581976647058286 0.999999962379499 0.7096522450447083
0.9999999985374654 7.551912364030465e-06 5.35540658702537e-05 -0.0015706117264926434 -7.545792915082993e-06 0.9999999934431678 -0.00011426602943013702 -0.014277569018304348 -5.355492844614912e-05 0.00011426562515512818 0.9999999920376184 0.7147365808486938
0.999999838103718 -2.5608192836142954e-05 0.0005684511925714153 -0.0005474244244396687 2.561396565995655e-05 0.9999999996204706 -1.0148077446637316e-05 -0.014024343341588974 -0.0005684509324817472 1.0162636093027193e-05 0.999999838380116 0.6958377361297607
0.9999999467795658 -1.8516764342888702e-05 0.0003257268717629392 -0.0010528326965868473 1.853325511328848e-05 0.9999999985468313 -5.062465638965898e-05 -0.014507954008877277 -0.00032572593388477086 5.0630690474604414e-05 0.9999999456695731 0.7167385816574097
0.9999998333639218 -6.679477570347193e-05 0.00057342007884772 -0.0008125565946102142 6.681110147371673e-05 0.9999999973633871 -2.8451764803264094e-05 -0.014339599758386612 -0.0005734181769065846 2.849007088924855e-05 0.9999998351899417 0.7053729295730591
0.9999999855749984 -1.7558966391329204e-05 0.00016894284728107331 -0.001177467405796051 1.757278689528176e-05 0.9999999964995975 -8.180465850403249e-05 -0.01421438716351986 -0.00016894141028445602 8.180762612065292e-05 0.9999999823831559 0.7108556628227234
0.9999999646450591 -3.6967943710788104e-05 0.00026333106812578095 -0.0010910369455814362 3.699076156421758e-05 0.9999999955620356 -8.66464783213897e-05 -0.014293896034359932 -0.00026332786381499376 8.665621607476206e-05 0.9999999615745674 0.710999608039856
0.9999999613558084 -4.976573402342122e-05 0.0002735173729413332 -0.0010650740005075932 4.979051210013145e-05 0.9999999946576819 -9.058444147103755e-05 -0.014277632348239422 -0.0002735128634788955 9.059805654054207e-05 0.9999999584913518 0.7090506553649902
0.9999998809908137 -1.8428777270402345e-05 0.00048752306506012 -0.000607816968113184 1.8472096667256165e-05 0.9999999958820748 -8.885174363516651e-05 -0.013829721137881279 -0.00048752142562354285 8.88607386341781e-05 0.999999877213307 0.689137876033783
0.9999996854936423 5.0048657693289776e-05 0.0007915224242853574 0.00011019734665751457 -5.002531044704011e-05 0.9999999983131249 -2.951640330735148e-05 -0.012227966450154781 -0.0007915239002065235 2.947679786925432e-05 0.9999996863104675 0.632003903388977
0.9999999068032035 7.491082850578758e-05 0.00042518460955863973 -1.6546808183193207e-05 -7.490634772664602e-05 0.9999999971388225 -1.0554346839314565e-05 -0.011584876105189323 -0.0004251853989769772 1.0522496829471634e-05 0.9999999095533227 0.6014176607131958
0.9999997767618514 0.00012763191149447998 -0.0006558859218019144 -0.0009530480019748211 -0.0001276292869981452 0.9999999918472083 4.0433060322611095e-06 -0.010568804107606411 0.0006558864325094908 -3.959594877089257e-06 0.9999997848986314 0.5586259961128235
0.9999997075563807 9.663197933036884e-05 -0.0007586497306974047 -0.0008159358985722065 -9.658077380374123e-05 0.9999999930557947 6.753195572778055e-05 -0.010360145010054111 0.0007586562511757352 -6.745866500045424e-05 0.9999997099449686 0.5406723022460938
0.9999998616134457 6.0189647085177246e-05 0.0005226378249687554 1.1836178600788116e-05 -6.0176216765880664e-05 0.9999999978588358 -2.5712869137914722e-05 -0.011056751012802124 -0.0005226393714982208 2.568141521255399e-05 0.9999998630942668 0.605860710144043
0.9999996637968754 0.0001019879306495773 -0.0008136366497498682 -0.0008355015888810158 -0.00010191701442623109 0.9999999910044921 8.720055906219066e-05 -0.010125911794602871 0.0008136455358353637 -8.711760632691997e-05 0.9999996651956761 0.5376628637313843
0.999999944957759 9.483549845031863e-05 -0.00031794764868378606 -0.0003072340041399002 -9.479430102221338e-05 0.9999999871108117 0.00012958555791801204 -0.01102767325937748 0.0003179599338966761 -0.00012955541116021387 0.9999999410584363 0.5485643148422241
0.999999388863554 5.528858829264492e-05 0.001104181004359034 0.0009271870367228985 -5.535154653807729e-05 0.9999999968443115 5.698757025350496e-05 -0.011259077116847038 -0.0011041778501122731 -5.7048653552573056e-05 0.9999993887681763 0.5923067331314087
0.9999994918304661 7.4663266061865405e-06 0.0010081086565060045 0.0002153497189283371 -7.38488195792853e-06 0.9999999967089569 -8.079325173173421e-05 -0.012401081621646881 -0.0010081092564170806 8.078576591163608e-05 0.9999994885945627 0.6523117423057556
0.9999998587209242 2.1603324784198094e-05 0.0005311227991956311 -0.0005787769332528114 -2.1569629912300316e-05 0.9999999977546478 -6.344647749845027e-05 -0.0136672742664814 -0.0005311241686579331 6.343501241257393e-05 0.999999856941548 0.6885060667991638
0.9999999503911546 -2.5082171249647754e-05 0.0003139881738765996 -0.0009927982464432716 2.510898645269847e-05 0.9999999960383346 -8.53983016589562e-05 -0.014257200993597507 -0.0003139860306578568 8.540618134724922e-05 0.9999999470592771 0.7083816528320312
0.9999999161992763 -4.465933888052861e-05 0.00040694837965649615 -0.0007614921778440475 4.4704972036262676e-05 0.9999999927145463 -0.00011212659165053463 -0.01396351121366024 -0.00040694336919223857 0.00011214477487017784 0.9999999109103178 0.6929976940155029
0.99999978138745 9.823024352694576e-05 0.000653892859540994 -0.0010911752469837666 -9.824821270726268e-05 0.9999999947969413 2.744824761493813e-05 -0.015094004571437836 -0.0006538901598907034 -2.7512485419158666e-05 0.9999997858353382 0.7364217042922974
0.9999999178230602 -2.279034879407291e-05 -0.000404764712964364 -0.0030776835046708584 2.2804723620955532e-05 0.9999999991095117 3.5509452020898225e-05 -0.01701415702700615 0.00040476390333112874 -3.551867965025079e-05 0.9999999174522995 0.8225811719894409
0.9999997982858045 -0.0002201267465217058 -0.000595795741454754 -0.003215326927602291 0.0002200485588072729 0.9999999671701548 -0.000131294786419382 -0.017451494932174683 0.0005958246233890418 0.00013116365594110916 0.9999998138945393 0.8354699611663818
0.9999999517717282 -0.00017909599736478865 -0.0002537344377788097 -0.0021481486037373543 0.00017906835025289898 0.9999999780290136 -0.00010897934617424774 -0.01592601090669632 0.0002537539499687091 0.00010893390511118683 0.9999999618711678 0.7732975482940674
0.9999999608760013 -6.662559943058386e-05 0.00027167816511286454 -0.0010110409930348396 6.664350517896231e-05 0.9999999956079548 -6.589942048986785e-05 -0.014349457807838917 -0.0002716737733312495 6.591752349682271e-05 0.9999999609241198 0.7103856205940247
0.9999997163604183 -1.5772575562645196e-05 0.0007530141493303967 -0.00013584643602371216 1.5802225054601795e-05 0.9999999991002063 -3.936848203784605e-05 -0.013614285737276077 -0.0007530135277104814 3.938037017044328e-05 0.9999997157098665 0.6763667464256287
0.9999998725169942 2.764306807908702e-05 0.0005041843476351438 -0.0007311981171369553 -2.7621220165640997e-05 0.9999999986793523 -4.334009629203204e-05 -0.014212474226951599 -0.0005041855450225262 4.332616458003618e-05 0.9999998719598818 0.7083242535591125
0.9999999959051313 -8.152408905344555e-05 -3.928816637301273e-05 -0.0018263212405145168 8.152129158635595e-05 0.9999999941424087 -7.120015088558157e-05 -0.015482893213629723 3.929397067032013e-05 7.119694777195952e-05 0.9999999966934892 0.7561011910438538
0.9999999969841787 -6.922033329820364e-05 3.5216300737639716e-05 -0.0015784576535224915 6.922262551887771e-05 0.9999999954855836 -6.509270855813472e-05 -0.01498703844845295 -3.5211794839677e-05 6.509514612662488e-05 0.9999999972613756 0.7375988364219666
0.9999999333288511 -4.291622227704643e-05 0.0003626299648958976 -0.0008257748559117317 4.294103916625397e-05 0.9999999967368148 -6.842833942260476e-05 -0.014206700958311558 -0.00036262702702674415 6.84439065679342e-05 0.9999999319085332 0.7044048309326172
0.9999998570286444 -2.3221104649152235e-05 0.0005342316642713439 -0.0005551688373088837 2.3256245124346438e-05 0.9999999975666298 -6.577147906570069e-05 -0.01401427760720253 -0.0005342301356849621 6.578389388480066e-05 0.9999998551353102 0.6944305896759033
0.9999998582572219 -8.024924105065952e-06 0.0005323731182760579 -0.0005189739167690277 8.055739732335599e-06 0.9999999982924247 -5.788139572047253e-05 -0.013936297036707401 -0.0005323726528731828 5.7885676175484005e-05 0.9999998566142934 0.6940135955810547
0.9999999620730273 -4.0841811883625796e-05 0.0002723708694554129 -0.000968695618212223 4.085620349450013e-05 0.9999999977697259 -5.2832934885557646e-05 -0.014367945492267609 -0.00027236871105516336 5.2844060921432806e-05 0.9999999615113946 0.7129479050636292
0.9999999999890905 1.717692703891896e-07 -4.667923580654529e-06 -0.0018901475705206394 -1.7183887251562828e-07 0.9999999998888204 -1.4910729033718383e-05 -0.01541408896446228 4.667921018930504e-06 1.491072983568644e-05 0.9999999998779404 0.757820725440979
0.9999999220859332 -7.371109240142012e-05 -0.0003878076867501538 -0.0029291510581970215 7.370172119870615e-05 0.9999999969917208 -2.4178797098729738e-05 -0.016964102163910866 0.0003878094678290672 2.415021312085376e-05 0.999999924510289 0.8182511329650879
0.9999998698799061 -0.0002119326464482523 -0.0004640309516396339 -0.002736235037446022 0.0002118638419771368 0.9999999665574826 -0.00014831974258209504 -0.016906842589378357 0.00046406236991683664 0.00014822141190250557 0.9999998813382578 0.8106792569160461
0.9999999654770895 6.533864473676786e-05 -0.0002545126349078404 -0.0025770682841539383 -6.532941362854924e-05 0.9999999972079913 3.627788914046487e-05 -0.016268249601125717 0.0002545150045453493 -3.626126072684697e-05 0.9999999669536161 0.791959822177887
0.9999999015209164 -0.00012332769324500828 -0.00042631964199325563 -0.0025033834390342236 0.00012328410480680726 0.999999987171109 -0.00010226832792710149 -0.016426971182227135 0.0004263322490410228 0.00010221575942038561 0.9999999038963712 0.7928450107574463
0.9999993947933155 -5.829036293991789e-05 0.0010986424513804278 0.00041601620614528656 5.830572575522701e-05 0.9999999982028998 -1.3951429810959421e-05 -0.01336891483515501 -0.0010986416361721501 1.4015478512934082e-05 0.9999993963948784 0.6599112153053284
0.999999455759796 -9.412945728117449e-06 0.0010432600387550101 0.00014607608318328857 9.416780654726981e-06 0.9999999999489241 -3.6709947255825633e-06 -0.013506206683814526 -0.0010432600041468505 3.6808168786304424e-06 0.9999994557973596 0.6687823534011841
0.9999999010061045 1.4842694503264737e-06 0.00044495570393389216 -0.001134510152041912 -1.5059024771597797e-06 0.9999999988170089 4.8618051915669884e-05 -0.014876428991556168 -0.00044495563124522425 -4.8618717162676305e-05 0.9999998998253484 0.7288466095924377
0.9999999167441277 -4.677470579579099e-05 0.0004053688007320072 -0.0010020770132541656 4.679413526277205e-05 0.9999999977569436 -4.79209943580791e-05 -0.014973040670156479 -0.0004053665583323296 4.793995925086768e-05 0.9999999166898534 0.7282419800758362
0.9999999629039443 -1.8562253925009562e-05 0.00027174906156713345 -0.0014774017035961151 1.8543943001063082e-05 0.9999999975577524 6.738410213600063e-05 -0.015453150495886803 -0.0002717503117042693 -6.737906033720793e-05 0.9999999608059142 0.753510594367981
0.9999996428608358 -4.312012377804562e-05 -0.0008440490840193941 -0.004576981067657471 4.310293777033693e-05 0.9999999988634052 -2.037956414080407e-05 -0.01911338046193123 0.0008440499618293805 2.0343175867319963e-05 0.9999996435828452 0.9048887491226196
0.999999555559837 -0.00023237686606609472 -0.000913718293812003 -0.004366723820567131 0.0002322740972999599 0.9999999666875078 -0.00011257764862163466 -0.01909879595041275 0.0009137444238149452 0.00011236536549572452 0.9999995762224865 0.8972833156585693
0.9999999833995461 -0.00011986916552978114 0.00013723079475588145 -0.002095042262226343 0.00011988288087617805 0.9999999878200672 -9.993978617897509e-05 -0.01604841835796833 -0.00013721881338564707 9.995623614294952e-05 0.9999999855898741 0.7759599685668945
0.9999999796270176 -1.77950544923022e-05 0.00020107038600727307 -0.0017267889343202114 1.778453796925714e-05 0.9999999984739819 5.2304361782962433e-05 -0.015709420666098595 -0.00020107131645940416 -5.230078477345216e-05 0.9999999784174765 0.7588726282119751
0.9999998887361662 -0.00010476256219356787 -0.00045994832382713547 -0.003537866286933422 0.00010473202197959817 0.9999999923096067 -6.64228123204557e-05 -0.017545124515891075 0.0004599552789139588 6.637463361203842e-05 0.9999998920177687 0.8423634767532349
0.9999998237898051 -8.708175112758496e-05 -0.00058722834366934 -0.003314132336527109 8.705554976876941e-05 0.9999999952141179 -4.4644102095140625e-05 -0.017589977011084557 0.0005872322285455223 4.459297274209675e-05 0.9999998265848734 0.8380180597305298
0.9999994547074559 2.7271216136405533e-05 -0.001043954535400108 -0.005047086626291275 -2.7278614954223694e-05 0.9999999996029246 -7.07306072357713e-06 -0.019502460956573486 0.0010439543420946115 7.101534500490748e-06 0.9999994550543017 0.9213539361953735
0.9999990288034066 -0.00014215912625329367 -0.0013864281540698757 -0.005447422154247761 0.00014209997611624395 0.9999999889894998 -4.276209960488629e-05 -0.020899556577205658 0.0013864342178273245 4.2565046666900606e-05 0.9999990379937255 0.9630099534988403
