0.9999707228543564 0.0014700629739883178 -0.0075094839361920795 -0.00791615154594183 -0.0014714080812219589 0.9999989024101456 -0.00017359943003124415 -0.029262326657772064 0.007509220491764307 0.00018464386288496705 0.9999717883591764 0.31589287519454956
0.9999792367000494 0.0013822212755541083 -0.006294095100311607 -0.006483468227088451 -0.001383452352278509 0.9999990247424346 -0.00019124269506815366 -0.02891930565237999 0.0062938246222258255 0.00019994630491070337 0.9999801737000087 0.3075631856918335
0.9999950921849127 0.0011596206578799425 -0.0029104786579035027 -0.0034763673320412636 -0.0011602513157008931 0.9999993037943744 -0.00021500616565748635 -0.026709996163845062 0.002910227306020619 0.00021838199713913455 0.9999957414340978 0.34815043210983276
0.9999904699058806 0.000695671815107812 0.004310004424833621 0.00418452825397253 -0.000693931576732134 0.9999996771158669 -0.00040524946504973147 -0.023689251393079758 -0.0043102849538325 0.00040225475481794036 0.999990629773464 0.3712369203567505
0.9999909817019333 0.0007466831886850519 0.004180786889957773 0.0042674727737903595 -0.0007457694807633758 0.9999996976910177 -0.00022010396327975127 -0.02391556091606617 -0.004180949973997487 0.00021698407504849862 0.9999912362492114 0.35592296719551086
0.9999585145729273 0.0004114917792171863 0.00909943996194137 0.009177571162581444 -0.0004079634662625641 0.9999998408875193 -0.0003896033200504791 -0.021431155502796173 -0.009099598832670258 0.000385874918122436 0.9999585233406596 0.38906675577163696
0.9999709422848541 0.0004200209206479689 0.00761171257782638 0.007127714343369007 -0.0004175849159680174 0.9999998610916381 -0.00032162018389952256 -0.02098917029798031 -0.007611846607701594 0.00031843230199464923 0.9999709787749292 0.44310641288757324
0.9999559192723533 0.000271140739087342 0.009385413943044098 0.008624549955129623 -0.00026774120052072735 0.9999998981022246 -0.00036346965468099485 -0.01938398741185665 -0.009385511538122103 0.0003609407706776445 0.9999558899746166 0.49534010887145996
0.9999303494053319 0.00012359171822890592 0.011801739838595062 0.011087149381637573 -0.00011867384245044131 0.999999905843917 -0.0004174070868043453 -0.018343273550271988 -0.011801790315448526 0.00041597745633828416 0.9999302699229111 0.5048274993896484
0.9999513184173785 0.00023718730691875197 0.009864306236513982 0.00899364985525608 -0.00023321952931162397 0.9999998914449101 -0.0004033842076287668 -0.019099263474345207 -0.009864400843307194 0.0004010640213896694 0.9999512651842853 0.495836466550827
0.9999382094227428 0.0001055462849177914 0.01111603330420873 0.010080374777317047 -0.00010092240776733676 0.9999999081608762 -0.000416524796597847 -0.01761140301823616 -0.011116076245966831 0.00041537720244434073 0.9999381282412793 0.5583008527755737
0.9999039429608081 -3.1769994395465506e-05 0.013860153032949884 0.013139816001057625 3.82304268231216e-05 0.9999998907607202 -0.00046585081573269783 -0.01695670746266842 -0.01386013671879894 0.00046633594704891684 0.9999038349466018 0.5286931991577148
0.9999091415509359 6.325340990868675e-05 0.013479786418044405 0.01310532446950674 -5.767275134246371e-05 0.9999999124772517 -0.000414390325901126 -0.0179835706949234 -0.0134798114498576 0.0004135752586685702 0.9999090576841382 0.48574012517929077
0.9999593137893201 0.00013222321957241426 0.009019605479857796 0.0075833760201931 -0.00012941652840683024 0.999999943028638 -0.0003117596559036723 -0.0179427582770586 -0.009019646187864022 0.0003105796855558283 0.9999592739321461 0.595293402671814
0.9999627761981597 0.00010974167433944791 0.008627524258695148 0.007063155062496662 -0.00010729531377638486 0.9999999539114933 -0.0002840153642294309 -0.017913062125444412 -0.008627555029387045 0.00028307909917534306 0.9999627418861359 0.5995422005653381
0.999942166935895 9.88008813005056e-05 0.010754209498246535 0.00970726553350687 -9.424021556671001e-05 0.9999999054219689 -0.0004245878407497475 -0.017766306176781654 -0.010754250430787433 0.000423549806512571 0.9999420816743502 0.559106171131134
0.9999461917151805 0.00011313637241621555 0.010373084134836247 0.009251497685909271 -0.00010874739009108974 0.9999999043364758 -0.00042367563547294736 -0.01782486028969288 -0.010373131075634943 0.0004225247923868241 0.9999461083600891 0.5585318803787231
0.9999691128384449 0.00014153845787116102 0.007858329081829919 0.006273715756833553 -0.0001390508364908312 0.9999999400549493 -0.00031710402497811053 -0.01826920546591282 -0.007858373493176665 0.0003160015233026126 0.9999690725762868 0.6002011299133301
0.9999871600732145 0.00016810522949674059 0.005064724014120816 0.003240502206608653 -0.00016632500035310135 0.9999999242459345 -0.0003519149325496235 -0.019084256142377853 -0.005064782789187881 0.00035106802376421787 0.999987112280224 0.6062038540840149
0.9999830711144233 0.00013351811389016038 0.005817186388595977 0.004047015681862831 -0.00013184021810474107 0.999999949600522 -0.0002888202048049346 -0.01884833537042141 -0.005817224658141818 0.0002880483762785068 0.9999830383188556 0.6174494624137878
0.9999885932751885 0.00013379209456735968 0.004774454857348415 0.0030100923031568527 -0.0001328538979056603 0.9999999718058596 -0.00019682002353703802 -0.019387248903512955 -0.004774481055699968 0.00019618347352701879 0.9999885828561711 0.6540480256080627
0.9999922577544308 0.00014367276412645844 0.003932402488701796 0.00203883764334023 -0.0001425259738669429 0.9999999472390411 -0.00029190454272938205 -0.0195169560611248 -0.003932444219956983 0.0002913418132383904 0.9999922254709809 0.6287530064582825
0.9999908026319372 0.00018086383570206378 0.00428508340722349 0.002480465918779373 -0.0001799136245471208 0.9999999591440047 -0.00022213301514524645 -0.019499842077493668 -0.004285123407981298 0.00022136002721886695 0.999990794316186 0.6441025137901306
0.9999936360593642 0.0001829645505744075 0.003562915203257638 0.0016865392681211233 -0.00018197564623810423 0.9999999448346065 -0.0002778770385263305 -0.01972348242998123 -0.003562965848355487 0.0002772269063367488 0.9999936141894139 0.6403116583824158
0.999999059492361 0.0003745315576647626 0.0013193712540988287 -0.0008781207725405693 -0.00037386720788346826 0.9999998032317275 -0.000503745786689681 -0.02087251842021942 -0.001319559663182582 0.0005032520432659887 0.9999990027493411 0.5930752158164978
0.9999946403358663 0.00028605063383265535 0.003261514153945776 0.0012163775973021984 -0.0002847667148666587 0.999999881790665 -0.0003941149249757122 -0.019898341968655586 -0.003261626505228449 0.000393184041980974 0.9999946035848641 0.6120178699493408
0.9999927386231188 0.0002335303433139234 0.0038037040650164646 0.0017933950293809175 -0.00023192335043832913 0.9999998836765255 -0.0004229166533178869 -0.019678395241498947 -0.0038038023864276327 0.00042203141456984315 0.9999926764616283 0.5983486771583557
0.9999948972379751 0.00028758772899791 0.0031816334342033258 0.0011001944076269865 -0.0002862053178167002 0.9999998644550709 -0.0004349440834076255 -0.01990525983273983 -0.0031817580875302363 0.00043403126358326137 0.9999948440028752 0.6040019392967224
0.9999935477801906 0.00019175663831995967 0.0035871475269013274 0.0016975859180092812 -0.00019074996614008567 0.9999999423342883 -0.0002809730782585922 -0.019704842939972878 -0.0035872011984988575 0.0002802870170892348 0.999993526692423 0.63908451795578
0.9999966849662119 0.00025767698125896815 0.002561963926405902 0.00046717701479792595 -0.00025656734653033467 0.9999998731523316 -0.00043343802029629705 -0.020107608288526535 -0.002562075288427384 0.00043277926714811027 0.9999966242304633 0.6060352921485901
0.9999930122319817 0.0002467452163480612 0.0037302284120914867 0.0018506799824535847 -0.00024583841064428953 0.9999999401226738 -0.00024355312617491487 -0.01968212053179741 -0.0037302882843041926 0.00024263439085800022 0.9999930130145255 0.6459478139877319
0.9999922987302905 0.00023626772866352805 0.0039174810362797375 0.002125721424818039 -0.00023548416604034903 0.9999999521780885 -0.00020047700147272202 -0.01966182328760624 -0.003917528215184094 0.00019955295279045594 0.9999923065460563 0.6684413552284241
0.9999925401940599 0.00019136479162047581 0.0038578408143314386 0.00212688441388309 -0.0001908246744498213 0.9999999719407321 -0.00014037264423321478 -0.019750161096453667 -0.0038578675684650615 0.00013963542586305542 0.9999925486521251 0.6751391887664795
0.999999173053047 0.0004330934037865035 0.0012109183810259296 -0.000989415217190981 -0.0004324755742935326 0.9999997762125419 -0.000510430939146945 -0.021024303510785103 -0.0012111391743104163 0.0005099068244253785 0.9999991365680926 0.5879021286964417
0.9999971244660465 0.00040608799240295844 0.002363504216298548 0.000280692707747221 -0.0004049328119763445 0.9999997983487775 -0.0004892155167526266 -0.020607924088835716 -0.0023637024042420843 0.0004882570495883739 0.9999970872537567 0.5842757821083069
0.999988605877573 0.0001454526171254582 0.004771473416538487 0.00288760126568377 -0.00014379307283109705 0.9999999290587372 -0.00034814662613166347 -0.01919402740895748 -0.004771523716882051 0.00034745655448188673 0.999988555852197 0.6132457256317139
0.9999840290144151 0.00033358458106832616 0.005641846986950753 0.0035122137051075697 -0.00033292382456251787 0.9999999376122742 -0.00011805580998003285 -0.019121486693620682 -0.005641886016566667 0.00011617561923590132 0.9999840776859404 0.7082692384719849
0.9999860154309067 0.0003122359926467035 0.005279341938516951 0.00308559974655509 -0.0003117939032368175 0.9999999478168866 -8.456232330119129e-05 -0.019441913813352585 -0.005279368066425407 8.291507410400635e-05 0.9999860606018017 0.7321217656135559
0.9999851740828483 0.0003047762215174002 0.005436793719668299 0.0029980381950736046 -0.00030432464385462556 0.9999999501747698 -8.388664214653513e-05 -0.019441166892647743 -0.005436819015432631 8.223084813767941e-05 0.999985217009272 0.747590184211731
0.9999913811581121 0.0003791756750750965 0.004134469167687405 0.00017607538029551506 -0.0003787348598440527 0.999999922512359 -0.0001074019632218148 -0.019830219447612762 -0.004134509571529052 0.0001058351699405217 0.9999914472781852 0.8692758083343506
0.9999872040318233 0.00018370081193142093 0.005055494696637714 0.0032935962080955505 -0.00018331274438137098 0.9999999802163834 -7.722480256712736e-05 -0.019445324316620827 -0.00505550878288068 7.629707779396515e-05 0.99998721792316 0.7002866268157959
0.9999890336944762 0.0003146988780007216 0.0046726283186638495 0.002178762573748827 -0.0003143307011669735 0.9999999474357091 -7.952854645959512e-05 -0.019442256540060043 -0.004672653100594794 7.805892378955848e-05 0.9999890800502805 0.7693639993667603
0.9999913050149817 0.0002637862423574287 0.004161767803770099 0.00220686849206686 -0.00026325218488560824 0.9999999570451537 -0.00012887194577281474 -0.019617097452282906 -0.004161801619648322 0.0001277752307658479 0.9999913315028133 0.7159545421600342
0.9999869885975073 0.00024016997880420933 0.005095581818573698 0.002647578250616789 -0.00023989670180689832 0.9999999697537248 -5.424132816396442e-05 -0.019095871597528458 -0.005095594691589963 5.3018209136148916e-05 0.9999870159676116 0.7613259553909302
0.999989993706375 0.0002673901799437724 0.00446553351970284 0.0014363178052008152 -0.00026698058310488024 0.9999999600992002 -9.231991073360743e-05 -0.019309239462018013 -0.004465558026962025 9.112677621050856e-05 0.9999900251939607 0.7998835444450378
0.9999876431362807 0.00022671890864223266 0.00496610242375388 0.0031981845386326313 -0.00022614843958209142 0.9999999677659565 -0.00011543383293511295 -0.0194094181060791 -0.00496612843470894 0.00011430933022103398 0.9999876621747628 0.6882808804512024
0.9999867025996612 0.00036493604613929817 0.005144068967173055 0.002687586471438408 -0.0003644349488416786 0.9999999287572555 -9.83496409583237e-05 -0.019526120275259018 -0.005144104492024576 9.647365465288493e-05 0.9999867643533134 0.7525594234466553
0.9999879765705204 0.0002135200037117538 0.004899094161685433 0.0027324960101395845 -0.00021322809753101423 0.999999975460527 -6.010594292468947e-05 -0.019510162994265556 -0.004899106875285399 5.90605957174019e-05 0.9999879975598063 0.7525008916854858
0.999989603396776 0.00030974906218321035 0.0045494124759996955 0.0021144626662135124 -0.0003094801965602626 0.9999999503228129 -5.980283821927532e-05 -0.01942928321659565 -0.004549430773870735 5.8394263405588604e-05 0.9999896495813062 0.7711484432220459
0.9999891517004332 0.0002784475720682742 0.004649618091612504 0.0023437454365193844 -0.000278180863618393 0.9999999596252395 -5.800798939938292e-05 -0.01941176876425743 -0.004649634056069096 5.6713925335116166e-05 0.9999891887848966 0.7609279155731201
0.9999900198243346 0.0002839457156059761 0.004458657483772401 0.0016773890238255262 -0.0002836012759148396 0.9999999567522034 -7.788393769342636e-05 -0.019611185416579247 -0.004458679405755711 7.661867944678157e-05 0.9999900571043367 0.7962270379066467
0.9999942838567583 0.00018625700943554846 0.0033760275674311275 0.001559933414682746 -0.00018573979225075573 0.9999999709668178 -0.00015351577617939423 -0.01975255273282528 -0.003376056062803676 0.0001528878360022202 0.9999942894190801 0.6946420073509216
0.9999891825503171 0.0004288668154082563 0.004631506839366109 0.0019890586845576763 -0.00042843683061050694 0.9999999038188239 -9.383083254856304e-05 -0.01936112530529499 -0.004631546634832677 9.184550942704434e-05 0.9999892701125206 0.7756125330924988
0.9999890158914823 0.00022314647718776277 0.0046816986270754 0.0026057963259518147 -0.00022298247530451326 0.9999999745074223 -3.555236499298064e-05 -0.019304562360048294 -0.004681706441111837 3.450803773345048e-05 0.9999890401569382 0.7534768581390381
0.9999767415506247 0.00017269678068117933 0.006818103373883706 0.004653898999094963 -0.0001726232131994467 0.9999999850358777 -1.1378508287108578e-05 -0.018227282911539078 -0.006818105236888524 1.0201280728323823e-05 0.9999767563983237 0.7240104079246521
0.9999884462314799 0.00020596324760794037 0.004802601658630423 0.0020592103246599436 -0.0002058632833437252 0.9999999785831186 -2.1308939845845257e-05 -0.018888935446739197 -0.004802605944632126 2.032001430124919e-05 0.9999884672151163 0.7821421027183533
0.9999882968360936 0.00019003685319813693 0.004834260733874694 0.002324756933376193 -0.00018976726615697515 0.9999999804135913 -5.6224562845289e-05 -0.01937505230307579 -0.004834271323927884 5.530652039665705e-05 0.9999883133126882 0.7621794939041138
0.9999903643100971 0.00036517225734033527 0.004374692695668957 0.000963517464697361 -0.0003646335158604558 0.999999925839828 -0.00012394651049795036 -0.01984173059463501 -0.0043747376330680226 0.00012235015660937986 0.9999904233046839 0.8285366296768188
0.999989316715456 0.0002356471019189455 0.0046163757861625585 0.0026884120889008045 -0.0002351847473865839 0.999999967274033 -0.00010069790409014215 -0.01957964524626732 -0.004616399364256465 9.961112713266956e-05 0.9999893394104425 0.7059752941131592
0.9999869745241566 0.00031101544955965197 0.005094511891603357 0.0029406340327113867 -0.00031064910419458316 0.9999999491058511 -7.270095673249022e-05 -0.019165031611919403 -0.005094534243443251 7.111740421249929e-05 0.9999870202473415 0.7307703495025635
0.9999913000676954 0.00038682972613491516 0.0041533301920216575 0.0010449576657265425 -0.0003864649229945835 0.9999999213942505 -8.863609078479981e-05 -0.019442111253738403 -0.004153364152620747 8.70302032239795e-05 0.9999913709587499 0.8127061724662781
0.9999934030832119 0.00033454139412346243 0.003616887074895736 -0.0001446879468858242 -0.00033428334211011205 0.9999999415388675 -7.195073821338032e-05 -0.019623566418886185 -0.0036169109339486915 7.074119846091648e-05 0.9999934564540804 0.8687383532524109
0.9999913811940107 0.0002776893240863415 0.004142514494153011 0.0011256576981395483 -0.0002774868204260044 0.9999999602774399 -4.945890597733026e-05 -0.01946868561208248 -0.0041425280638119006 4.830898652506404e-05 0.9999914185269204 0.8124414086341858
0.9999710456624302 0.00011673843584494749 0.007608824411393386 0.005970887374132872 -0.00011678044781828429 0.9999999931682745 5.077193041308881e-06 -0.01801878772675991 -0.007608823766708412 -5.965607956680869e-06 0.9999710524636694 0.674149751663208
0.9999295503808677 -2.603419306503358e-05 0.011869860881084052 0.01066659763455391 2.8012482451038926e-05 0.9999999857467433 -0.00016649869009899155 -0.016496064141392708 -0.011869856377240837 0.00016681946459931571 0.9999295368578976 0.6061084866523743
0.9999516609351976 3.013970974673741e-05 0.009832338711512576 0.008372756652534008 -2.859332197834254e-05 0.9999999872012786 -0.0001574162162738436 -0.017261961475014687 -0.009832343330150277 0.00015712746769458574 0.999951648998889 0.630720853805542
0.9999737621681013 8.83426314139146e-05 0.007243422599339354 0.0056309509091079235 -8.790762763170575e-05 0.9999999943136527 -6.037336347851255e-05 -0.018178187310695648 -0.007243427891692537 5.973502731570865e-05 0.9999737642478946 0.6731379628181458
0.9999772323202317 0.00014328582782114022 0.006746429451252824 0.005173994228243828 -0.00014290095679938774 0.9999999881348013 -5.753011243429686e-05 -0.018437160179018974 -0.006746437614454883 5.656473138355632e-05 0.9999772409309851 0.6761584877967834
0.9999919188997236 0.00031899115963179636 0.004007540378978019 0.000808382872492075 -0.0003187253534191553 0.9999999469649177 -6.696500124317019e-05 -0.01943828910589218 -0.004007561527681186 6.568715536864881e-05 0.9999919675356397 0.8234281539916992
0.9999918808990755 0.0001968832254602735 0.004024844459683977 0.0011903343256562948 -0.00019675429444053876 0.9999999801180303 -3.242971861142653e-05 -0.019260911270976067 -0.004024850764529742 3.163754987937014e-05 0.9999918997548873 0.807816207408905
0.9999877850773294 0.00019767437187503105 0.004938686159226307 0.0025578374043107033 -0.00019751120916868746 0.9999999799326853 -3.3525378685390325e-05 -0.01881472021341324 -0.004938692687228312 3.254952330046873e-05 0.9999878040531642 0.7598192691802979
0.9999894284398365 0.000211469380347294 0.004593287414337169 0.0020839483477175236 -0.00021130178219492615 0.9999999769922813 -3.697288262712426e-05 -0.01891171745955944 -0.004593295127288683 3.6001921949288177e-05 0.9999894501162178 0.7693619728088379
0.9999908302458601 0.0001821814953314757 0.004278578513748699 0.0016875604633241892 -0.0001820417936720447 0.9999999828845441 -3.304083806070387e-05 -0.01921209506690502 -0.004278584459948162 3.226165497733279e-05 0.9999908462952073 0.7830600738525391
0.9999903811485802 0.0003256950196999835 0.00437396079899559 0.0016045565716922283 -0.00032539586560427426 0.9999999446709587 -6.910578848107943e-05 -0.019173432141542435 -0.004373983064399673 6.768185500245946e-05 0.999990431799884 0.7881385087966919
0.9999910928334683 0.0002463366140795865 0.004213498783492509 0.0012863657902926207 -0.00024606453791705497 0.9999999676077164 -6.509077966684424e-05 -0.019338777288794518 -0.004213514681249932 6.40534072612559e-05 0.9999911210561783 0.8071799278259277
0.9999849586232877 9.689066249931093e-05 0.005483898192105177 0.0033866926096379757 -9.698430321774229e-05 0.9999999951557405 1.680965020242502e-05 -0.018757984042167664 -0.005483896536841605 -1.7341249407222277e-05 0.9999849631759743 0.7418094277381897
0.9999883806425572 0.00032430293668886737 0.004809720104315365 0.0018006274476647377 -0.0003241161189850715 0.9999999466894535 -3.9621107244364463e-05 -0.01897907815873623 -0.004809732697147991 3.8061739058941935e-05 0.999988432444439 0.7926210165023804
0.9999923659316796 0.00018700437226118485 0.0039029614046539635 0.0006976192817091942 -0.0001868840714759014 0.9999999820508375 -3.1187629561515216e-05 -0.019262541085481644 -0.0039029671668221644 3.0457990154905363e-05 0.9999923829307928 0.8300603032112122
0.9999926712400685 0.0002568521800513332 0.00381988129520871 0.0005201594904065132 -0.0002566900315133333 0.9999999661332436 -4.293878426880067e-05 -0.01928103156387806 -0.003819892194762069 4.19579441307147e-05 0.9999927033049546 0.8341429829597473
0.9999945155298561 0.00037641467702433426 0.0032904744642248875 -0.0008116466924548149 -0.00037618446011810665 0.9999999267516232 -7.058328804212116e-05 -0.01949932798743248 -0.0032905007917885453 6.934507557032836e-05 0.9999945838832329 0.8901460766792297
0.999994251392814 0.0002752867910982787 0.003379555963128629 -0.0004487396217882633 -0.0002750354569756819 0.9999999593777211 -7.483350279847997e-05 -0.019629748538136482 -0.003379576426518217 7.390357489137406e-05 0.9999942864843971 0.8803958892822266
0.9999942318389168 0.00043138537787853554 0.0033690051276189176 -0.0009146309457719326 -0.00043111993956492385 0.9999999039065428 -7.951416498621655e-05 -0.01950768753886223 -0.0033690391051276773 7.806126104869156e-05 0.9999943217248521 0.8987730145454407
0.9999953121491989 0.00037274082888887717 0.003039201194482833 -0.0016296366229653358 -0.00037245252538696576 0.9999999260863961 -9.54270331590482e-05 -0.019768811762332916 -0.003039236539395958 9.429462765131015e-05 0.9999953770642046 0.9340213537216187
0.9999950531538805 0.0004087365739593119 0.003118750099230042 -0.0013571861200034618 -0.000408494783863711 0.9999999135111587 -7.816448818543995e-05 -0.01963984966278076 -0.003118781778178065 7.689010837003497e-05 0.9999951336322251 0.9177526235580444
0.9999953486632388 0.000430722135197142 0.003019458615261704 -0.0017917146906256676 -0.00043042260435091027 0.9999999023832441 -9.984930394234441e-05 -0.01983048766851425 -0.0030195013278173422 9.854919626869568e-05 0.9999954364394804 0.9435862302780151
0.9999953039086237 0.00043359099986548747 0.0030338357806493207 -0.0016415165737271309 -0.00043330461955407734 0.9999999016060968 -9.505210816806535e-05 -0.019775651395320892 -0.003033876695876997 9.373708673595609e-05 0.9999953933921659 0.9343506097793579
0.9999945127119528 0.00033255585933055935 0.0032960510591834207 -0.0013124225661158562 -0.0003321975192465719 0.9999999388529958 -0.0001092648767276088 -0.01991693302989006 -0.003296087194314747 0.00010816933717458595 0.9999945620395154 0.926885187625885
0.9999956967184831 0.0004318730077582198 0.0029017288330742365 -0.0021219486370682716 -0.00043154756041117526 0.9999999005235084 -0.00011278154345197196 -0.0199116300791502 -0.0029017772517248228 0.00011152882412235262 0.9999957836161625 0.9571558833122253
0.999995337899143 0.00041116035671245145 0.0030257440637768934 -0.0018518571741878986 -0.0004108130486775188 0.9999999089571634 -0.00011540495370186476 -0.019907154142856598 -0.0030257912382465027 0.00011416140052897313 0.9999954157667708 0.9459357261657715
0.9999947002535577 0.000363239585544939 0.00323535497295949 -0.0011183880269527435 -0.00036295886785883816 0.9999999303152085 -8.735238208997212e-05 -0.01974901743233204 -0.00323538647734752 8.617761836638907e-05 0.9999947624101642 0.9117428064346313
0.9999951675632744 0.0004262582127847886 0.003079473012552294 -0.0015982342883944511 -0.000425965784590045 0.9999999047053879 -9.5615719356415e-05 -0.019792208448052406 -0.003079513476080754 9.430350716158552e-05 0.9999952538405367 0.9330079555511475
0.9999953079751877 0.0005612420905904899 0.0030114838411408025 -0.002314130775630474 -0.0005608637255240433 0.9999998347168526 -0.00012648378978504294 -0.019982926547527313 -0.003011554331419879 0.0001247941642734652 0.9999954574731456 0.9701392650604248
0.9999961964597878 0.000485909513460699 0.0027149508102474085 -0.002921932376921177 -0.0004855197616858285 0.999999871736315 -0.00014421482068303977 -0.020161859691143036 -0.0027150205373711648 0.00014289610988579005 0.9999963041152619 1.0020618438720703
0.9999945422633678 0.0004232107643900698 0.0032766348783609634 -0.00122390640899539 -0.0004228771337331892 0.9999999053329753 -0.00010251326658904079 -0.019813258200883865 -0.0032766779528896027 0.00010112709313297896 0.999994626563015 0.9207954406738281
0.9999951844335052 0.0004650284375619007 0.0030683641166552936 -0.0016456996090710163 -0.0004647708629447099 0.9999998884105474 -8.465776877891855e-05 -0.019769877195358276 -0.0030684031425281637 8.323127486547722e-05 0.9999952889762581 0.936125636100769
0.9999948384457242 0.0003744238900730222 0.003191063875913814 -0.001452331431210041 -0.00037410952399388205 0.9999999251095497 -9.911084117329953e-05 -0.019872818142175674 -0.0031911007464003045 9.791652221966133e-05 0.9999949036312039 0.934170126914978
0.9999939328882579 0.00044663016824413233 0.003454664696776298 -0.0006804731674492359 -0.00044642324177714176 0.9999998985128005 -6.0668590973043847e-05 -0.01947111263871193 -0.0034546914425950463 5.9125980276735254e-05 0.9999940307877616 0.8872295618057251
0.9999951601906493 0.0004003351895549729 0.0030853406640868673 -0.0018753581680357456 -0.0004000278647125552 0.9999999149663704 -0.00010022454332614443 -0.01991390995681286 -0.0030853805251407035 9.898983602069699e-05 0.9999952353026624 0.949618935585022
0.9999949113319232 0.0003696250496357267 0.0031687044010235625 -0.001330454833805561 -0.0003693660621501854 0.9999999283962476 -8.231774481887512e-05 -0.019795674830675125 -0.0031687346008329527 8.11469140644709e-05 0.9999949762554846 0.9228984117507935
0.9999943201328991 0.0003537882364981608 0.003351795910277842 -0.0007809880189597607 -0.00035354420955470536 0.9999999348096794 -7.339705954563012e-05 -0.019667018204927444 -0.003351821658789454 7.221163462439845e-05 0.9999943800227314 0.8975628614425659
0.9999897019431688 0.00018623484956905873 0.0045344596363309266 0.0018268749117851257 -0.00018600499611992085 0.9999999813948505 -5.1112038218323317e-05 -0.019484087824821472 -0.004534469070809375 5.026807971658731e-05 0.9999897179788232 0.7907795906066895
0.9999876084209166 0.00032508620916032327 0.004967627559691608 0.0026410191785544157 -0.00032472105642885593 0.9999999445169171 -7.431283784808794e-05 -0.019117072224617004 -0.004967651442151066 7.26988237255527e-05 0.9999876585008587 0.7500720620155334
0.999994513057553 0.0004475070020513074 0.003282315077918111 -0.001106776762753725 -0.00044723586593628295 0.9999998965173681 -8.333866700336374e-05 -0.0197260994464159 -0.0032823520328925334 8.187024070274584e-05 0.9999946097166704 0.9138072729110718
0.9999957955763359 0.0005160123081213427 0.0028535172943543624 -0.0025847721844911575 -0.0005156730684809152 0.9999998598862574 -0.00011961919724093458 -0.019931552931666374 -0.0028535786195154384 0.00011814721229200793 0.9999959215568326 0.9798486232757568
0.9999963913303609 0.0005638263055346594 0.0026266758751917517 -0.003389245830476284 -0.0005634079030258349 0.999999828481439 -0.00016002695997327767 -0.020283758640289307 -0.0026267656520777127 0.00015854649254207543 0.9999965374766151 1.0208302736282349
0.999996479328141 0.0005359379627417282 0.002598865487712294 -0.0031443629413843155 -0.0005355692534932188 0.9999998464200983 -0.00014256701801652273 -0.020221993327140808 -0.0025989414956559776 0.00014117464363565098 0.9999966127806745 1.009125828742981
0.999996453535003 0.0006188827023036695 0.002590347779318731 -0.003755750134587288 -0.0006184137152061265 0.9999997922477191 -0.0001818488272522756 -0.02040361985564232 -0.002590459784261691 0.00018024627573789054 0.9999966285090098 1.0450135469436646
0.9999962613688296 0.0005440950793900209 0.002679777772161561 -0.003178497776389122 -0.0005437029629227624 0.9999998413815955 -0.00014705057736628656 -0.02024140954017639 -0.0026798573565950524 0.0001455930244837156 0.9999963985771247 1.0139899253845215
0.9999961739296367 0.0005051774744581118 0.002719728259763824 -0.002773442305624485 -0.0005048050931181572 0.999999863118564 -0.0001376033098156247 -0.020118750631809235 -0.002719797401576044 0.00013622985065825298 0.9999962920648866 0.9900743961334229
0.9999960124260405 0.0004482051157628743 0.002788233166773292 -0.0021566362120211124 -0.0004478784007048361 0.9999998927640824 -0.00011779966844707418 -0.01996759884059429 -0.0027882856661885828 0.00011655040930065725 0.999996105931941 0.9583392143249512
0.9999965810301688 0.0005762807651800343 0.0025506525542567044 -0.0033403150737285614 -0.000575909067160104 0.9999998234392803 -0.00014645871170750622 -0.020204581320285797 -0.0025507365052501044 0.00014498926703641787 0.9999967363553708 1.0198700428009033
0.9999960730093558 0.00046497783315411015 0.00276365002888291 -0.0025950404815375805 -0.0004645958772906729 0.9999998824360263 -0.00013884741499419804 -0.020099367946386337 -0.002763714264947393 0.00013756288933200513 0.9999961714726279 0.987967848777771
0.999996156708206 0.0005164228907358394 0.0027239449728360663 -0.0027076154947280884 -0.000516089116101185 0.9999998592325667 -0.00012323502256542774 -0.0200528334826231 -0.0027240082307799173 0.00012182875058393755 0.9999962824615469 0.9867600202560425
0.9999963864782965 0.0005526844696426834 0.0026308877259906055 -0.0031472472473978996 -0.0005523172910150706 0.9999998376322853 -0.00014028903490273615 -0.02019020915031433 -0.002630964834390229 0.00013883544318347982 0.9999965293683575 1.0098358392715454
0.9999963018221931 0.0005515890560897936 0.002663098092493885 -0.0031273402273654938 -0.0005511906065790308 0.9999998367918215 -0.00015035040913990454 -0.020224012434482574 -0.002663180589494756 0.00014888197846437705 0.9999964426453246 1.0084209442138672
0.9999952637338374 0.000396467884445461 0.0030521014251495907 -0.001964650582522154 -0.0003960514919785756 0.999999912182814 -0.00013703130964957117 -0.020132659003138542 -0.003052155485636072 0.00013582187130971565 0.9999953329387646 0.9587819576263428
0.9999950147381473 0.0003881487903852695 0.003133662293413161 -0.001531179528683424 -0.00038780624032065696 0.9999999187619645 -0.00010991990060557361 -0.019932817667722702 -0.0031337047041170517 0.00010870409883364311 0.9999950840270398 0.9340196847915649
0.9999951384056307 0.0005456541157140587 0.003070085778861 -0.0020059794187545776 -0.0005452605134208599 0.9999998430196617 -0.00012904117350756488 -0.019939737394452095 -0.003070155708765317 0.0001273665496136945 0.9999952789496989 0.9552232027053833
0.99999603701844 0.00042897811718158794 0.0027824315248593783 -0.0021074768155813217 -0.0004286583903277016 0.9999999014553436 -0.00011550449411253081 -0.01992669142782688 -0.002782480799566029 0.00011431132375170722 0.999996122359243 0.9556053876876831
0.9999962617519661 0.0005190244087169952 0.002684603463560027 -0.002639736980199814 -0.0005186590070728068 0.9999998561386704 -0.0001368045067532256 -0.02004987560212612 -0.0026846740822276307 0.00013541160157725293 0.9999963870878587 0.9816848039627075
0.9999965214754809 0.0006567434822801202 0.002554549850081675 -0.004037689417600632 -0.0006562232451777424 0.9999997637786386 -0.000204484032351156 -0.02050449140369892 -0.0025546835401979084 0.0002028069660558468 0.9999967162252804 1.0596487522125244
0.9999962481945917 0.0005781779380422326 0.00267755616423333 -0.0031986506655812263 -0.0005777710771872733 0.9999998214280674 -0.0001527233298490892 -0.020233049988746643 -0.002677643987356894 0.00015117574235163579 0.9999964036778192 1.0141093730926514
0.9999961646511053 0.0005044863083424425 0.002723265804905697 -0.0031193410977721214 -0.0005040616802348187 0.999999860697531 -0.0001566101564802735 -0.0202922485768795 -0.0027233444332277388 0.00015523686188833612 0.9999962796413868 1.0133476257324219
0.9999959481866266 0.0005436279055889385 0.0027942940128740596 -0.0025994679890573025 -0.0005432837276488418 0.9999998447421516 -0.0001239292716784913 -0.019990118220448494 -0.0027943609504483867 0.00012241067507274989 0.9999960882736021 0.9802755117416382
0.9999962535411248 0.0005883304285504817 0.0026733445384453944 -0.003669189289212227 -0.0005878305498396275 0.9999998095991639 -0.00018776815633395064 -0.02043270319700241 -0.002673454499158243 0.00018619597927832973 0.9999964089796014 1.0419962406158447
0.9999962560988267 0.0005845272210801603 0.002673222074058501 -0.003216281533241272 -0.0005841218988572622 0.9999998177877036 -0.00015240133375630567 -0.020192591473460197 -0.002673310669692678 0.00015083927562680724 0.9999964153223629 1.0133699178695679
0.9999965946193836 0.0005438420166359672 0.0025524469625259273 -0.0034358417615294456 -0.0005434427825543287 0.9999998399942436 -0.00015710324217911532 -0.020327627658843994 -0.0025525319934637677 0.00015571559830314223 0.9999967301611912 1.0246905088424683
0.9999960134072271 0.00047193563264314337 0.0027839623580869096 -0.0024943924508988857 -0.00047155689120175344 0.9999998794737534 -0.0001366988547630437 -0.020134253427386284 -0.0027840265356068807 0.0001353855131655751 0.9999961154259608 0.9762293100357056
0.999995799121972 0.000497499902236166 0.002855561635852405 -0.002273669932037592 -0.0004971533279376102 0.9999998689679134 -0.00012207671731563898 -0.02004632167518139 -0.0028556219948371346 0.00012065655251584447 0.9999959154241677 0.9660967588424683
0.9999948241456607 0.0003723679556141907 0.0031957822195413737 -0.001305021345615387 -0.0003720139032966196 0.9999999245999506 -0.00011138109743772603 -0.019958799704909325 -0.0031958234533307835 0.00011019164552781203 0.9999948872720582 0.9229177236557007
0.999993930941772 0.0003489884566105411 0.0034664515977714675 -0.0004417784512042999 -0.00034863224709278577 0.9999999338858366 -0.00010336284929337763 -0.019674086943268776 -0.0034664874410311663 0.0001021537051682572 0.9999939864966397 0.8798623085021973
0.9999929098732743 0.00024738960966532033 0.003757525989633031 0.000689629465341568 -0.0002472586192666468 0.9999999688076484 -3.532531173987881e-05 -0.019363712519407272 -0.0037575346115420417 3.4395980590886734e-05 0.999992939850357 0.825337827205658
0.9999929004236477 0.0003168087921653914 0.003754828157243192 0.00035583600401878357 -0.00031661065090039586 0.9999999484549874 -5.336402311402896e-05 -0.019398393109440804 -0.0037548448698922336 5.2174825665188474e-05 0.9999929491840387 0.8438076376914978
0.9999925371267752 0.0002727876355057995 0.003853735546304321 0.0006471886299550533 -0.00027261849398156396 0.9999999618532086 -4.441551151219441e-05 -0.019352979958057404 -0.0038537475152990407 4.336458046402608e-05 0.999992573347223 0.8309493660926819
0.9999936434792335 0.00028380633757498457 0.003554216522700624 -5.572056397795677e-05 -0.0002836427818918204 0.9999999586912673 -4.6521347155214464e-05 -0.019388923421502113 -0.003554229578933599 4.5512923579360506e-05 0.9999936826703826 0.8596986532211304
0.9999933896985392 0.0002059635763794674 0.0036301705511796777 0.00044697290286421776 -0.0002058150423896471 0.9999999779676495 -4.1290057676561626e-05 -0.019388588145375252 -0.003630178975446436 4.054264103096036e-05 0.9999934100567366 0.835718035697937
0.9999943472753238 0.00040835574457497134 0.00333746355561298 -0.0005996013060212135 -0.00040814223984351854 0.9999999146199481 -6.465298515871009e-05 -0.019487982615828514 -0.0033374896720780615 6.32904598422015e-05 0.9999944285629828 0.8804476261138916
0.9999959965338968 0.0005155516998753638 0.002782287300671374 -0.0024325689300894737 -0.0005152236868943064 0.9999998602382492 -0.00011860874580982236 -0.019960805773735046 -0.0027823480607545516 0.00011717477064267786 0.9999961223971531 0.9717569351196289
0.999994171814902 0.0002625181973856628 0.003404030026909212 -0.0006881398148834705 -0.0002621887609376486 0.9999999609022485 -9.722425071343518e-05 -0.01975448802113533 -0.0034040554169543313 9.633118565755612e-05 0.9999942015466994 0.8967529535293579
0.9999926072023134 0.0003606227027140328 0.003828249206308266 0.00021207891404628754 -0.0003604088187100792 0.9999999334532423 -5.6559649984728867e-05 -0.019425582140684128 -0.003828269348244537 5.5179497076505955e-05 0.9999926706276502 0.8511162996292114
0.9999922020764709 0.0003437374222326538 0.003934162024537844 0.00014764303341507912 -0.0003433710214520917 0.9999999366481814 -9.380818147213226e-05 -0.01967082917690277 -0.0039341940206840086 9.245657273018314e-05 0.999992256754616 0.858138918876648
0.9999930783666235 0.0003529036198301417 0.00370387336163222 -0.00030094757676124573 -0.0003526219061287227 0.9999999348865299 -7.67119753978847e-05 -0.019680427387356758 -0.003703900192393975 7.540537754087726e-05 0.9999931376951513 0.8804574012756348
0.9999934093664219 0.0002682570147136058 0.0036206714700185907 7.310649380087852e-05 -0.0002680380999510318 0.9999999622204839 -6.0947581321001025e-05 -0.019598163664340973 -0.0036206876828475936 5.9976701736454376e-05 0.9999934434902553 0.8580708503723145
0.9999938616731275 0.00037108016408994083 0.0034840946568829253 -0.0005173981189727783 -0.00037084896790249883 0.9999999289907905 -6.700341193574294e-05 -0.019617753103375435 -0.0034841192731172132 6.571092773931925e-05 0.9999939282790496 0.8844461441040039
0.999994729520565 0.00044540816129796316 0.0032159823789121847 -0.0013039452023804188 -0.00044515102218369257 0.9999998976662934 -8.067198844484647e-05 -0.019730219617486 -0.0032160179817708294 7.92399654214929e-05 0.9999948254612963 0.919362485408783
0.999994386178087 0.00035878362991007505 0.0033314991547055174 -0.0008955332450568676 -0.00035854064366648076 0.999999933020753 -7.353296053311075e-05 -0.019698331132531166 -0.003331525313986711 7.233806988086314e-05 0.9999944478377296 0.9027183055877686
0.9999897719835131 0.0001419395344382079 0.004520595262859611 0.0019416231662034988 -0.00014174065601775301 0.9999999889729191 -4.431420408029287e-05 -0.019322244450449944 -0.004520601502948137 4.3672998695734446e-05 0.9999897810751474 0.780112624168396
0.9999863497938966 0.0002947018402108557 0.005216644199484254 0.0032402658835053444 -0.0002944380037719639 0.9999999553350363 -5.1343815149865935e-05 -0.018801845610141754 -0.005216659097599839 4.9807135991722263e-05 0.9999863919009642 0.7211356163024902
0.9999929317706626 0.0003904483455687272 0.003739513177447775 0.00014993920922279358 -0.00039023169393366866 0.9999999221388036 -5.866525159311291e-05 -0.019461512565612793 -0.003739535792035232 5.720556037193779e-05 0.9999930062753359 0.8508203029632568
0.9999905377057325 0.00020495109330231564 0.004345399181826362 0.0014415285550057888 -0.00020453403639128794 0.9999999744344247 -9.642083846460747e-05 -0.019525501877069473 -0.0043454188322899915 9.553114406787005e-05 0.9999905540598735 0.7932575345039368
0.9999907444552042 0.0002953194493722954 0.004292294298969394 0.0014308495447039604 -0.0002949640175193219 0.9999999530170156 -8.343976570938122e-05 -0.0194674301892519 -0.004292318738690264 8.217292105809265e-05 0.9999907845812661 0.7928867936134338
0.9999834684110828 0.0001341729988322009 0.0057484695482860676 0.0042289975099265575 -0.00013382384818800877 0.9999999891776016 -6.112261881404965e-05 -0.0190279558300972 -0.005748477687078902 6.0352326043898634e-05 0.9999834755444101 0.6738410592079163
0.9999891064925991 0.00031805504412869904 0.0046567947262291425 0.0028353978414088488 -0.00031684181933886807 0.9999999156763751 -0.0002612632852652693 -0.01946227252483368 -0.004656877429657054 0.00025978497187839156 0.9999891229430317 0.6256245374679565
0.9999937170203331 0.0003857416352101505 0.0035237938715080115 0.0016935071907937527 -0.00038442587667896806 0.9999998561470665 -0.0003740622831945359 -0.019958680495619774 -0.0035239376559967157 0.00037270529542052596 0.9999937214573698 0.5934927463531494
0.9999988044019027 0.0005910192101333482 0.0014289475354002362 -0.00043537095189094543 -0.0005904894589627475 0.9999997567954169 -0.00037112168708494295 -0.0213784109801054 -0.0014291665279200102 0.0003702774649154952 0.9999989101882236 0.5616017580032349
0.999990308851339 0.0003525784947495973 0.00438838145667632 0.0025143222883343697 -0.00035100552239304846 0.9999998738833581 -0.00035920522242505903 -0.01970880851149559 -0.004388507551265014 0.000357661395188188 0.9999903064929178 0.5956881046295166
0.9999751265970982 0.00019583999171966465 0.0070503782745796285 0.005491112358868122 -0.00019500631462538622 0.999999973913742 -0.00011893297402229363 -0.01847578026354313 -0.00705040138249429 0.00011755514747047182 0.9999751387015242 0.6386211514472961
