0.9999879818107424 0.0001799877417001038 0.004899371234275722 0.00261469604447484 -0.00017974342566807845 0.999999982580749 -5.030708543921974e-05 -0.019299518316984177 -0.004899380203591043 4.942585106987758e-05 0.999987996743314 0.7564853429794312
0.999985473135147 0.00023104310846814766 0.005385177597678807 0.003453691489994526 -0.0002307091749226142 0.9999999714253244 -6.263088235036213e-05 -0.018973777070641518 -0.005385191914232847 6.138756263962638e-05 0.9999854978646512 0.7144737243652344
0.9999911600464914 0.00040115595609658904 0.004185558836280303 0.0007291138172149658 -0.0004007954489857744 0.999999915899645 -8.696960210820731e-05 -0.01933874748647213 -0.004185593372647203 8.529128036792466e-05 0.999991236728361 0.8299692869186401
0.9999944094828981 0.00040866667373011095 0.003318733869995722 -0.0013686087913811207 -0.00040835576715036564 0.9999999121709354 -9.435936085890559e-05 -0.019854571670293808 -0.003318772140040568 9.300360922583497e-05 0.9999944885357175 0.929531455039978
0.9999924989388763 0.0003314968550383784 0.0038590381983239913 9.739212691783905e-05 -0.0003312358026856533 0.9999999428099355 -6.828593055009606e-05 -0.019690144807100296 -0.0038590606141965696 6.700716671794067e-05 0.9999925515528679 0.8639512062072754
0.9999925915035126 0.00034037719835611235 0.0038341989322412907 7.347250357270241e-05 -0.00034010695636165454 0.9999999396336188 -7.113379694940152e-05 -0.019612936303019524 -0.00383422291310709 6.982923222598699e-05 0.9999926469022316 0.8635090589523315
0.9999919656935834 0.0003876939060811092 0.00398976712583743 0.00032715778797864914 -0.00038739021078449824 0.9999999220082909 -7.689107200523071e-05 -0.019568264484405518 -0.0039897966248687204 7.534485751093829e-05 0.9999920378913248 0.8507707118988037
0.999993179857599 0.00039882959059319513 0.0036716717235988055 -0.0006559547036886215 -0.00039846908025082116 0.9999999157188094 -9.891797844471584e-05 -0.019787734374403954 -0.0036717108655627863 9.745425615533142e-05 0.9999932544982432 0.8990828990936279
0.9999917237110365 0.00032934816171414574 0.004055125055857727 0.0005376115441322327 -0.0003290606263355543 0.9999999432981569 -7.15736508185966e-05 -0.01958203874528408 -0.004055148398574986 7.02386764636307e-05 0.9999917753851749 0.8441745638847351
0.9999926565458432 0.0003260855661262563 0.003818445048824374 0.00017019687220454216 -0.00032586330267334653 0.9999999451760772 -5.882984695919217e-05 -0.019541222602128983 -0.0038184640230461875 5.758512383022137e-05 0.9999927079816424 0.8562788367271423
0.999990760643848 0.0002944183103083404 0.004288583075665324 0.001292405417189002 -0.00029419107277104154 0.9999999552883946 -5.3617361591135464e-05 -0.019419986754655838 -0.004288598669848894 5.2355203345538076e-05 0.9999908025478942 0.8057766556739807
0.9999922930161159 0.0003681277153814441 0.003908758160360364 0.00023258430883288383 -0.0003678564723291345 0.9999999298829334 -7.011237148341306e-05 -0.019568508490920067 -0.00390878369659684 6.867396914043806e-05 0.9999923583177522 0.8538734316825867
0.9999932177706587 0.00040412580967434913 0.003660750607988453 -0.0005867625586688519 -0.0004038358577742406 0.9999999152627417 -7.994441423037314e-05 -0.019759558141231537 -0.003660782605387613 7.846552966714669e-05 0.9999932962344682 0.8931405544281006
0.9999898675146458 0.0002707596455863434 0.004493501669684159 0.0013627761509269476 -0.0002703215093848368 0.9999999586502101 -9.811146557732909e-05 -0.019574526697397232 -0.0044935280485044575 9.689578131056873e-05 0.999989899357431 0.8063179850578308
0.9999920578437134 0.00036893623192261907 0.003968392061269084 0.00012122746556997299 -0.00036859547196020225 0.9999999283189455 -8.659954818416207e-05 -0.019593864679336548 -0.003968423726521549 8.513612905226945e-05 0.9999921221514527 0.8631739616394043
0.999992833194113 0.0003160824311631324 0.003772751291514702 -0.00014364393427968025 -0.00031576944246105394 0.9999999466540502 -8.355570624786769e-05 -0.019626455381512642 -0.0037727775007444695 8.236378784847443e-05 0.9999928796577187 0.871845006942749
0.999993834886515 0.0004671228739389214 0.003480227748567229 -0.001246446743607521 -0.0004667303431841851 0.9999998846288926 -0.0001136001251493583 -0.019824817776679993 -0.0034802804122664385 0.00011197509690024694 0.9999939375365381 0.9250556230545044
0.9999911675771764 0.0002693264991524158 0.004194309343884834 0.0006301570683717728 -0.0002689851743868889 0.9999999604662451 -8.194195531468655e-05 -0.019673490896821022 -0.004194331247207996 8.08130245383928e-05 0.9999912004886061 0.843371570110321
0.9999931301158362 0.0004792369026104384 0.003675602416405074 -0.0007603722624480724 -0.00047885742993624574 0.9999998799272553 -0.00010412029991842637 -0.019759410992264748 -0.0036756518733554355 0.00010235949509743965 0.9999932395300678 0.9039492607116699
0.9999954391479525 0.0004842632463842505 0.0029811360925913687 -0.0023788781836628914 -0.0004839445494524588 0.9999998771072646 -0.00010762494863728927 -0.019969262182712555 -0.002981187845038418 0.0001061817532126363 0.9999955506123358 0.9773343801498413
0.9999950127801502 0.00044800955316391905 0.0031262920955982087 -0.002131211571395397 -0.00044764952032588226 0.9999998930929825 -0.0001158616847591365 -0.020003866404294968 -0.003126343668517264 0.00011446162377444933 0.9999951064249277 0.967055082321167
0.999995522961868 0.0005274833621109951 0.0029454740744009316 -0.0027327658608555794 -0.0005271082915773917 0.9999998528719742 -0.0001281127588996226 -0.02007145620882511 -0.00294554121838794 0.0001265596015266728 0.9999956538753547 0.9932636022567749
0.9999952930797215 0.00047824044581268327 0.0030306937288391146 -0.002333237323909998 -0.00047788763422208026 0.9999998789512862 -0.00011713591374487436 -0.01997949928045273 -0.0030307493811091465 0.00011568703133934 0.9999954005767726 0.973020076751709
0.9999919254270284 0.0003508835105289097 0.0040032438730437225 -0.0006220825016498566 -0.00035039100957678676 0.999999930958987 -0.00012372615814903898 -0.019961606711149216 -0.004003287010124425 0.00012232245845088862 0.9999919793330001 0.9131238460540771
0.9999876215026127 0.00030156623513814763 0.00496647755989228 0.001981379697099328 -0.0003011091164567852 0.9999999503618145 -9.278829613459462e-05 -0.019334735348820686 -0.004966505295182478 9.129169588495174e-05 0.9999876626693845 0.7853788137435913
0.9999912967257094 0.0003609629881753017 0.004156462264391899 0.00041999807581305504 -0.0003606374016719426 0.9999999318433622 -7.908182647960716e-05 -0.019624557346105576 -0.004156490526713802 7.758216245760214e-05 0.999991358746419 0.8513326644897461
0.9999626611825035 1.6915027423951957e-05 0.008641525020904609 0.006223752629011869 -1.6913928773623198e-05 0.9999999998569392 -2.0021859617610007e-07 -0.017908819019794464 -0.008641525023055052 5.40489815514148e-08 0.9999626613255479 0.7196404933929443
0.9999853242929743 5.505855468865388e-06 0.00541767185793358 0.002581797307357192 -4.845896263607394e-06 0.9999999925670893 -0.00012182913594531624 -0.01870400458574295 -0.005417672488438124 0.00012180109454079613 0.9999853168868537 0.7600117921829224
0.9999439142351542 -0.0001492958085527736 0.01058990532724415 0.0069107841700315475 0.00014887667170984117 0.9999999881031123 4.0367209674457716e-05 -0.0171626228839159 -0.010589911227912445 -3.8788355789786015e-05 0.9999439245655969 0.7968324422836304
0.999947470111737 -0.0002953130492533596 0.01024547740907194 0.007596494629979134 0.0002974026199327658 0.9999999352873749 -0.00020242758640590523 -0.017038041725754738 -0.010245416966552406 0.00020546398473132995 0.9999474932293858 0.7001922130584717
0.999976563954676 5.472209722236207e-05 0.006846060684185719 0.004649823531508446 -5.396693793159548e-05 0.9999999924397258 -0.0001104903511012124 -0.018477480858564377 -0.006846066678691359 0.00011011830071231676 0.9999765593477632 0.7155996561050415
0.9999920994474981 0.00033096021465539317 0.003961250802534464 0.0004173591732978821 -0.00033071225650046636 0.9999999433143691 -6.325078018878487e-05 -0.019383002072572708 -0.003961271511480253 6.194024628120477e-05 0.9999921522149149 0.8432635068893433
0.9999903387192994 0.0002055313663701645 0.004390925291797135 0.0015288169961422682 -0.00020529274919428133 0.9999999774262575 -5.479390132104075e-05 -0.019386786967515945 -0.004390936454542925 5.389194681711967e-05 0.9999903583398743 0.7996075749397278
0.9999766703159091 0.0001266098156677927 0.006829552976753691 0.005062336102128029 -0.0001262429948075127 0.9999999905656812 -5.4141885457040774e-05 -0.018422843888401985 -0.006829559767215649 5.327843912297503e-05 0.9999766768654127 0.6898258924484253
0.9999862315530015 0.00017257822715434189 0.005244704108156243 0.0030186909716576338 -0.00017238926100414848 0.999999984475505 -3.648194435016718e-05 -0.01895287074148655 -0.00524471032272414 3.5577311385059524e-05 0.9999862457793534 0.7426899671554565
0.9999850594775624 0.0001598747383651535 0.0054639968634638365 0.0034009842202067375 -0.0001596200686732736 0.9999999861541132 -4.704473518436383e-05 -0.018825002014636993 -0.005464004309074683 4.617186875686559e-05 0.9999850711510992 0.722536563873291
0.9999895564314352 0.00027843887340114675 0.004561743072054845 0.0017787229735404253 -0.00027813881818460604 0.9999999591142069 -6.641070954228662e-05 -0.019423402845859528 -0.004561761376867509 6.514121815056492e-05 0.9999895929907282 0.7846657633781433
0.9999894437135138 0.0002498505963263296 0.004588031845639472 0.0020450663287192583 -0.00024964791377485296 0.9999999678367222 -4.4749007258105854e-05 -0.019351202994585037 -0.004588042878639477 4.360314229616879e-05 0.9999894739252557 0.7736237645149231
0.999984456667724 0.00012337896296485515 0.005574154697225915 0.004035065416246653 -0.0001229374625595152 0.9999999892792897 -7.954747662102145e-05 -0.019019028171896935 -0.005574164451952188 7.886096775376944e-05 0.9999844611150769 0.6817222237586975
0.9999832889012762 0.00012726074668274173 0.0057797684113455525 0.004120225086808205 -0.00012601914855839624 0.9999999689080158 -0.00021518164699258063 -0.018881548196077347 -0.005779795615818154 0.00021444968957677176 0.9999832738471027 0.6266551613807678
0.9999876561182405 0.00030962234437451036 0.004959006468197433 0.0034016729332506657 -0.00030789537517379864 0.9999998916966846 -0.0003490086780063909 -0.019736437126994133 -0.004959113992005683 0.00034747751472752157 0.9999876431475497 0.5761234164237976
0.9999906181641051 0.0009226997163387721 -0.004232281772833969 -0.006165642291307449 -0.0009241632231686365 0.9999995138434228 -0.0003438535373616888 -0.024546507745981216 0.004231962441720962 0.00034776163054876943 0.9999909847372327 0.5235638618469238
0.9999898924591002 0.0003481997101236975 0.004482603774457417 0.0028199702501296997 -0.0003466210328969161 0.9999998776398263 -0.0003529506926948181 -0.019952993839979172 -0.004482726123294127 0.00035139336048088606 0.9999898907935066 0.5801620483398438
0.9999996692169506 0.00036484052718426934 -0.0007269507403756104 -0.0037968503311276436 -0.00036497258145151533 0.9999999169208128 -0.0001815306647722577 -0.020715581253170967 0.000726884450237698 0.00018179592181329383 0.99999971929458 0.7744452357292175
0.9999554013264677 0.0009931810566265625 -0.00939196195754366 -0.015121628530323505 -0.0009963264728681527 0.9999994491399664 -0.0003302322262660146 -0.023801282048225403 0.009391628803495766 0.00033957495867723686 0.9999558400235807 0.8823055028915405
0.9999086201306253 0.0014209436380296274 -0.013443671657939762 -0.017536722123622894 -0.0014280662954989226 0.9999988449930015 -0.0005202300633004439 -0.02715446799993515 0.013442916912806153 0.0005393809791276725 0.9999094944308885 0.694831132888794
0.9999935144722036 0.0002683975150306683 0.0035915144861983447 0.0007335124537348747 -0.0002685003329363211 0.9999999635576898 2.814587570066523e-05 -0.018907353281974792 -0.0035915068010321633 -2.9110015995095897e-05 0.9999935500949519 0.7944271564483643
0.9999986999027668 0.00035691626076532473 0.001572515042646118 -0.0025454736314713955 -0.00035708218871051124 0.9999999307086282 0.00010523806154485455 -0.01947917230427265 -0.0015724773725089764 -0.00010579944183835016 0.9999987580599244 0.9156173467636108
0.9999886731919875 0.00023822200468968021 0.0047536026343338155 0.0026144185103476048 -0.00023838954515530437 0.9999999709839174 3.467836880026534e-05 -0.018825232982635498 -0.004753594235252354 -3.581118517488764e-05 0.9999887009658688 0.7292527556419373
0.999986236429959 0.000304339629863995 0.005237778922046816 0.00335694313980639 -0.0003042387256366869 0.999999953518167 -2.006145994659546e-05 -0.01876319758594036 -0.005237784784082544 1.8467648644876134e-05 0.9999862825406666 0.7143456935882568
0.9999879844870747 0.00018960770323870306 0.004898462044046362 0.0026907618157565594 -0.00018947814111298754 0.9999999816868456 -2.6913616818612647e-05 -0.018908370286226273 -0.00489846705736914 2.5985141955283465e-05 0.9999880021006554 0.7311819195747375
0.9999978118863142 0.00039799594721335766 0.0020537336266225 -0.002483340911567211 -0.00039805470526443773 0.9999999203785548 2.8201686135662873e-05 -0.019658327102661133 -0.0020537222389444745 -2.9019122760604373e-05 0.999997890689203 0.9162582159042358
0.9999974169122966 0.00033967972364859223 0.0022473954747159112 -0.002700961194932461 -0.0003396395272707114 0.9999999421556454 -1.8267389284499408e-05 -0.0195594672113657 -0.0022474015497785144 1.7504037761607925e-05 0.9999974744367521 0.9181784987449646
0.9999977069965367 0.0004382410554673753 0.002096174240362715 -0.0032644998282194138 -0.00043828124012703826 0.9999999037797189 1.871115777676734e-05 -0.01976662501692772 -0.002096165838670707 -1.962982871760628e-05 0.9999978028493095 0.9313636422157288
0.9999979867850177 0.00042839053766483264 0.001960333507162386 -0.0033787982538342476 -0.00042838379206254203 0.999999908236206 -3.860934983911621e-06 -0.019857661798596382 -0.001960334981262759 3.0211521095139794e-06 0.9999980785369712 0.9348827600479126
0.9999966737819956 0.00034251161788721843 0.0025563862651658015 -0.0013372600078582764 -0.00034254839808642296 0.9999999412329981 1.3949745162660315e-05 -0.01947641372680664 -0.00255638133698486 -1.4825384782789476e-05 0.9999967323419952 0.8714265823364258
0.9999955964525816 0.0002464639254731008 0.0029574196487856027 -0.0008949041366577148 -0.00024665053673654194 0.9999999676139288 6.273479253487261e-05 -0.019160093739628792 -0.002957404091143167 -6.346396542296706e-05 0.9999956248571125 0.8577316999435425
0.9999972952268114 0.0003174294512481005 0.0023040784720886795 -0.00190737284719944 -0.00031752412253514855 0.9999999487600381 4.072288445219407e-05 -0.019494254142045975 -0.0023040654273849205 -4.1454374801130114e-05 0.9999973447784958 0.8920746445655823
0.9999966576896493 0.0002833219824239215 0.0025698906951043842 -0.0018900856375694275 -0.0002834381924907534 0.9999999588253753 4.4855757609934616e-05 -0.01928582601249218 -0.0025698778806679296 -4.558401286159085e-05 0.9999966968194327 0.8836570978164673
0.9999970378701748 0.00029556193704623326 0.00241596647691567 -0.002071320079267025 -0.0002956711807119258 0.9999999552830505 4.486033516337139e-05 -0.0194550771266222 -0.0024159531098734617 -4.557453394202472e-05 0.9999970805425047 0.8847978115081787
0.9999970130938391 0.00029315491178347685 0.0024264920353527066 -0.00200170511379838 -0.0002933072703236462 0.9999999550364184 6.243401501598325e-05 -0.019368426874279976 -0.0024264736234107702 -6.314553628679054e-05 0.999997054114859 0.8815214037895203
0.9999970074276447 0.0002967374411241326 0.0024283909582808708 -0.0014145579189062119 -0.00029684999156729373 0.999999954882618 4.5987441074253556e-05 -0.019415367394685745 -0.0024283772025226395 -4.670817128899647e-05 0.9999970503969046 0.8672575950622559
0.9999908157947343 0.00020021497571702496 0.004281149395328918 0.0011717600282281637 -0.00020030473841157423 0.9999999797280967 2.0538202556207896e-05 -0.018602730706334114 -0.004281145196486146 -2.1395548438872063e-05 0.9999908356270256 0.8159415125846863
0.9999892783068267 0.0010883096595177349 -0.004500983612185787 -0.0062104566022753716 -0.0010893993787638911 0.9999993778852939 -0.0002396623019904516 -0.02520337700843811 0.004500719985259412 0.0002445631011557261 0.9999898418026576 0.5057539939880371
0.9999964409552666 0.00033059296632516187 0.0026474110165903395 -0.0011956901289522648 -0.0003307508828770765 0.9999999435489046 5.9211832269192616e-05 -0.019117705523967743 -0.002647391292125816 -6.008725506270857e-05 0.9999964938482876 0.8680146932601929
0.9999825192395724 0.0003254922824267232 0.0059038351986083135 0.004092082846909761 -0.00032503655615251435 0.9999999441218362 -7.815088953954326e-05 -0.018624208867549896 -0.005903860306224253 7.623056114151836e-05 0.9999825691592759 0.6667165160179138
0.999957522167694 0.0015054415541212122 -0.0090932670681789 -0.009598842822015285 -0.001508427583395288 0.9999988106320983 -0.0003215285597666064 -0.030087050050497055 0.009092772210484218 0.000335231436799184 0.9999586036998793 0.31889379024505615
0.9999942314762306 0.0007424476689901693 0.0033144812146455372 0.0029633771628141403 -0.0007411171092801285 0.9999996443097582 -0.00040264846710058653 -0.02366001158952713 -0.0033147789811327328 0.00040018972567677183 0.9999944260287106 0.40241944789886475
0.9999503776307281 0.00036753515957629147 0.009955259618442886 0.010282653383910656 -0.00036359585490544736 0.999999854892772 -0.000397507847940251 -0.021328246220946312 -0.009955404271973086 0.00039386843152725866 0.9999503661649612 0.38410383462905884
0.9999545545450923 0.0003850094864000747 0.00952578669826028 0.0097793685272336 -0.0003816537701078228 0.9999998644794813 -0.0003540923864463997 -0.021352719515562057 -0.009525921736248572 0.00035044074215018445 0.9999545659710548 0.3870643377304077
0.9999533684593302 0.0003274482684216758 0.00965161564038737 0.009665986523032188 -0.0003232619954931743 0.9999998530100079 -0.00043529489344690345 -0.02075992338359356 -0.009651756758255577 0.00043215459444373173 0.9999533273277735 0.42388400435447693
0.9996956866696117 -0.0004561873076237208 0.024664264580844295 0.025052759796380997 0.0004768851850291717 0.9999995390878208 -0.0008333094660698124 -0.014506671577692032 -0.024663873067582616 0.0008448179012691929 0.9996954434466628 0.3604288101196289
0.9996925922158312 -0.0008541650200860552 0.024778851283097758 0.02633606269955635 0.0008786095710207434 0.9999991380872172 -0.000975638275271919 -0.015054712072014809 -0.024777996569802105 0.000997109292367797 0.9996924810455692 0.3179498016834259
0.9999358192546919 0.0003084479756959484 0.011325291664870929 0.011966405436396599 -0.00030309072263990256 0.999999841375282 -0.0004747477483273249 -0.021058250218629837 -0.01132543630338167 0.00047128468782819055 0.9999357541278744 0.36807528138160706
0.9999145341840155 0.00018738628129956017 0.013072460133624805 0.013577836565673351 -0.00018340584889556832 0.99999993645854 -0.00030568809442741633 -0.01971585303544998 -0.01307251658473685 0.0003032644028970284 0.9999145050157259 0.3877568244934082
0.9999432876227392 0.0002726028879996698 0.010646465417832105 0.010415359400212765 -0.000268680819445649 0.9999998955218257 -0.0003698201653263431 -0.01964041031897068 -0.010646565119553945 0.00036693869089294564 0.9999432563936576 0.45171189308166504
0.9999477879935545 0.000317949722133807 0.01021372580262585 0.00994799379259348 -0.0003144336870602728 0.9999998907595944 -0.00034585004752770663 -0.019737577065825462 -0.010213834649800814 0.00034262045054005375 0.9999477787329561 0.46206265687942505
0.9999548681018211 0.0003030681156922766 0.009495783758421566 0.008763882331550121 -0.0003005278012683251 0.9999999186755384 -0.0002689460114297593 -0.01901235617697239 -0.009495864495142971 0.000266080126371518 0.9999548778614243 0.5064618587493896
0.999958236483731 0.0003180891245967859 0.009133679852921663 0.008540121838450432 -0.0003146581784384853 0.9999998794037052 -0.0003770713540811758 -0.01956833340227604 -0.009133798693730644 0.00037418161919058445 0.9999582159818171 0.49978068470954895
0.99997611608571 0.0004986646204050629 0.006893373030265276 0.006306718103587627 -0.0004962846935022044 0.9999998166619259 -0.0003469547765991811 -0.020890936255455017 -0.006893544780519513 0.00034352541443951283 0.9999761802316334 0.4782828986644745
0.9999824389462597 0.0005434951899499757 0.005901390689419589 0.005209945607930422 -0.0005415937136812463 0.9999998009144068 -0.000323801477235619 -0.021197285503149033 -0.005901565499083098 0.0003205996348411093 0.9999825342177406 0.47576916217803955
0.9999689024302522 0.00040844691811189117 0.00787574399993637 0.007217916660010815 -0.00040593785704352397 0.9999998663506421 -0.00032017675543312917 -0.020183948799967766 -0.007875873722557249 0.00031696973607218775 0.9999689345891167 0.48431533575057983
0.9999623754614049 0.0003715322265244896 0.008666580951482818 0.008070921525359154 -0.0003685128920882358 0.9999998708552439 -0.00034998249013381666 -0.019872445613145828 -0.008666709862013141 0.0003467755753931613 0.9999623832359233 0.4907577931880951
0.9999761849730798 0.0004722254935047649 0.006885237088702591 0.0060768513940274715 -0.0004703223806493972 0.9999998507504739 -0.0002780213798641477 -0.020274490118026733 -0.006885367349867531 0.0002747764776786078 0.9999762578253267 0.5009831190109253
0.9999595446409847 0.0002449835703709239 0.008991610781453373 0.008009190671145916 -0.0002433739146325447 0.9999999541645361 -0.00018011125346700812 -0.01860753819346428 -0.008991654493616658 0.00017791564348685186 0.9999595584299854 0.5409534573554993
0.999953962740329 0.00012387930613425564 0.00959463672213872 0.008549964986741543 -0.00012234510453099852 0.9999999796375135 -0.00016048877708524112 -0.017913056537508965 -0.00959465640800641 0.00015930753178902918 0.9999539575348069 0.5856204628944397
0.9999540935635877 0.00012081791377181819 0.009581031700984942 0.008489402942359447 -0.00011887590370678076 0.9999999722764494 -0.0002032624403539104 -0.01788695901632309 -0.009581055993108717 0.0002021141554977194 0.9999540802036486 0.5877768993377686
0.9999499340094826 0.00018053596430847826 0.010004842887170037 0.00917577650398016 -0.00017726144529102653 0.9999999304383974 -0.00032817918941338683 -0.018554627895355225 -0.010004901439363558 0.0003263892858871122 0.9999498964534287 0.5293965339660645
0.9999692405838676 0.0004680389483155445 0.007829356657225756 0.007462736219167709 -0.0004650210797384777 0.9999998168880758 -0.0003872714940962785 -0.020792227238416672 -0.007829536481720002 0.00038361876596483465 0.999969275125553 0.45486757159233093
0.999936263548326 0.0002153077933128455 0.011288156783422836 0.010639546439051628 -0.00021106243400675722 0.9999999065563626 -0.00037727962494500677 -0.01829935796558857 -0.011288236959859912 0.0003748730726342648 0.9999362155540311 0.5027047991752625
0.9997803717367348 -0.00024782715927670977 0.020955831447491087 0.020227566361427307 0.00026253085970384416 0.999999721305472 -0.0006989038032270863 -0.014198494143784046 -0.02095565239987137 0.0007042518566443127 0.9997801581656931 0.46967649459838867
0.9998331103481896 -0.0004975475475407916 0.01826208908922243 0.017955049872398376 0.000507792457669469 0.9999997163048374 -0.0005563605524218765 -0.014768289402127266 -0.018261807092527692 0.0005655410527037969 0.9998330793512649 0.5080279111862183
0.9999231851916693 -8.96331121386593e-05 0.01239417936178483 0.011282218620181084 9.368560753514739e-05 0.9999999423471307 -0.00032638741170560936 -0.016697118058800697 -0.012394149392105352 0.000327523496542546 0.999923135940561 0.5727271437644958
0.9999496320958716 7.738089744612408e-05 0.010036298298102741 0.009020734578371048 -7.515079077973158e-05 0.9999999724050196 -0.00022258104059298472 -0.01791180856525898 -0.010036315244671959 0.00022181559389886757 0.9999496103175164 0.5705763101577759
0.9999580406035491 0.00011270816695430562 0.009159930631817493 0.008003720082342625 -0.00011129603603255613 0.9999999818446457 -0.0001546735283202669 -0.017924899235367775 -0.00915994789848556 0.00015364757434271719 0.9999580349929289 0.6003286838531494
0.9999586766262805 0.00011906573217972333 0.009090151988237101 0.007902072742581367 -0.00011684641064843622 0.9999999632401877 -0.0002446763976252834 -0.018129626289010048 -0.009090180786659251 0.00024360413513898973 0.9999586537803906 0.5903016328811646
0.9999625941629754 0.00011182426936976226 0.008648570412815667 0.007468114607036114 -0.00010998834397882708 0.9999999713186958 -0.0002127561321593861 -0.018220672383904457 -0.008648593956062421 0.0002117969319006907 0.9999625777821103 0.5917617082595825
0.9999713238499786 0.00012129807967528504 0.007572104363863634 0.006064753048121929 -0.0001204086653471349 0.9999999857988909 -0.00011791510254339459 -0.01810126192867756 -0.007572118559206856 0.00011699997421190223 0.9999713242546165 0.6496498584747314
0.9999310808320239 -0.00011446468802891793 0.011739696926922647 0.00983867421746254 0.0001172024134004954 0.9999999661002608 -0.00023251467018916552 -0.016527343541383743 -0.011739669914230796 0.00023387456628397952 0.9999310603501586 0.6236203908920288
0.9996491652533082 -0.0006557928345850373 0.02647860162702511 0.02548053115606308 0.0006803496024442584 0.999999346813355 -0.0009184210811603746 -0.011502498760819435 -0.026477982037591982 0.0009361135732232355 0.9996489584642179 0.4641936123371124
0.9997724228460565 -0.0006904574424048548 0.02132195546956835 0.020097285509109497 0.0007061977987330119 0.9999994836793976 -0.0007307021329558253 -0.013235609978437424 -0.021321439941877577 0.0007455933598613193 0.9997723942424829 0.5384292006492615
0.9997920694453099 -0.0003702673437749036 0.020388250939161422 0.018840882927179337 0.0003820927320830317 0.99999976104686 -0.000576117493648551 -0.013471697457134724 -0.02038803274983077 0.0005837879037222688 0.9997919720183168 0.5441091060638428
0.9996271497991662 -0.0007293349150715135 0.027295227696006674 0.02626485750079155 0.0007552871483617345 0.999999272500504 -0.0009404997533618682 -0.010982582345604897 -0.027294521899434543 0.0009607648225303443 0.9996269734282068 0.46241623163223267
0.9990800459053284 -0.0014803255523443827 0.042858727350051175 0.0428486242890358 0.0015514187064560488 0.9999974753156344 -0.0016255652414934865 -0.005044901743531227 -0.042856212779528315 0.0016905616274391876 0.9990798201483101 0.23926454782485962
0.9985002081688745 -0.0024613253216170246 0.05469256041158733 0.056643370538949966 0.002577173849436267 0.9999945824347402 -0.0020477490371669546 -0.0006252285093069077 -0.05468722393451458 0.002185630076340273 0.9985011419920888 0.008838772773742676
0.9987854257603354 -0.0023354116454840073 0.04921604556637308 0.051218003034591675 0.002424566158832727 0.9999955262040698 -0.0017518706534167985 -0.0025487132370471954 -0.049211734044703366 0.0018690704350017321 0.9987866197582054 0.07580417394638062
0.9989706179805234 -0.0018192638220894987 0.04532543094948269 0.0461919941008091 0.0018995499373369983 0.9999967023082582 -0.0017283178654274546 -0.004296815022826195 -0.04532213721401772 0.0018126366856127062 0.9989707794658457 0.17091572284698486
0.9989160816467711 -0.001983359304510794 0.04650514071939321 0.04777317866683006 0.002068334762422298 0.9999962782511611 -0.0017791782195936499 -0.0038219625130295753 -0.046501438889263516 0.0018734379348490288 0.9989164661829999 0.13949573040008545
0.9991266936270603 -0.0015395576806771852 0.04175499783267422 0.04218912124633789 0.0016080118078129137 0.99999741770886 -0.0016058871810044888 -0.005639122799038887 -0.04175241765316945 0.0016716272790452378 0.9991265892179807 0.23192572593688965
0.998231298447943 -0.00297077335625341 0.059375494141939045 0.06244529411196709 0.003102049130325922 0.9999929437734056 -0.002118889943220625 0.0014549773186445236 -0.059368780433210075 0.0022993279592550867 0.9982334701866137 -0.08835715055465698
0.9995758463968897 -0.0019256736505245161 0.029058889877860008 0.029837526381015778 0.0019572603152746746 0.9999975242637485 -0.001058583219268536 -0.010602636262774467 -0.029056779449900674 0.001115010029345763 0.9995771407553469 0.3736363351345062
0.9999549300518294 8.226593091138659e-05 0.009493739903613534 0.008328461088240147 -8.057016768422021e-05 0.9999999807334694 -0.00017900142122306262 -0.017610888928174973 -0.009493754446420656 0.00017822844142230114 0.999954917414347 0.6097376942634583
0.9999677964909838 0.0001112930547589692 0.008024561970755828 0.006611313205212355 -0.00010982375642638478 0.9999999771258048 -0.0001835405474520772 -0.018118899315595627 -0.00802458221398863 0.0001826533492630978 0.9999677858401466 0.6242934465408325
0.9999775328821455 0.0001416224064387641 0.006701766485941667 0.005156943574547768 -0.00014139289666318278 0.9999999894012872 -3.471994524538129e-05 -0.018373439088463783 -0.006701771332033764 3.3771583012072016e-05 0.9999775423080729 0.6778279542922974
0.999827684925821 -0.00016624374911917148 0.0185626727302151 0.01665550470352173 0.00017520261530446423 0.9999998689701571 -0.00048100281927607365 -0.013951587490737438 -0.018562590334238994 0.00048417216404896435 0.9998275830448962 0.5612188577651978
0.999971471709043 0.00010010101499127288 0.007552863552178946 0.006060284096747637 -9.938580582765638e-05 0.9999999905421693 -9.506904488650004e-05 -0.018189309164881706 -0.007552872997253127 9.431568529868686e-05 0.999971472200102 0.654887318611145
0.9999365104441151 -9.645088533665033e-05 0.011267909214787512 0.009732812643051147 9.91064694685918e-05 0.9999999674485751 -0.00023511860056047682 -0.01678364910185337 -0.01126788617060383 0.00023622039568551716 0.9999364874536637 0.6092656850814819
0.9999607023616602 0.00012055873063035985 0.008864490846489282 0.007692762650549412 -0.00011817365548663865 0.9999999566800616 -0.00026958275529670797 -0.01821090839803219 -0.008864522963034865 0.00026852461204373017 0.9999606732902901 0.5808711051940918
0.999957489076133 0.00013756292910790114 0.009219605034685923 0.008125972002744675 -0.00013505287535698666 0.9999999536503057 -0.00027287379317792723 -0.018240338191390038 -0.009219642144678315 0.00027161705889129005 0.9999574613066783 0.5648066401481628
0.9999672900177458 0.00014597168558162232 0.008086877446381134 0.0068589430302381516 -0.00014409133521520978 0.9999999624508369 -0.00023310086282553148 -0.018441615626215935 -0.00808691116885151 0.00023192798913147415 0.9999672735030658 0.5908331871032715
0.999975432791633 0.00015681617393754595 0.007007797219776998 0.005491979420185089 -0.00015546018132636045 0.9999999690899165 -0.00019404199979050635 -0.01847427897155285 -0.007007827432089393 0.0001929477992937807 0.9999754262609799 0.6228662729263306
0.9999586369199439 0.00021910763997162345 0.009092658634842847 0.008006707765161991 -0.00021637909359396883 0.9999999312699694 -0.00030106501674445857 -0.01856793463230133 -0.009092723975549439 0.00029908510253430227 0.9999586156030688 0.5458403825759888
0.9999704494628608 0.00030332003283086383 0.007681679373787929 0.006564594339579344 -0.00030123080520303336 0.9999999173297502 -0.00027313091087133973 -0.019233161583542824 -0.007681761584818429 0.0002708088812431365 0.9999704581643918 0.5364329218864441
0.9999772458201277 0.00019328321324379617 0.0067431805248616816 0.005240299738943577 -0.0001918543406451802 0.9999999590082393 -0.00021254512740520704 -0.018695583567023277 -0.006743221329852025 0.00021124658266169838 0.9999772419115235 0.611069917678833
0.9999794494238871 0.0001191531784185154 0.006409877722714641 0.004889356903731823 -0.00011808875583213241 0.9999999791767274 -0.00016643794832592817 -0.01868079975247383 -0.006409897420850562 0.00016567759344489151 0.9999794426716929 0.6337618231773376
0.9999862312109137 0.00025782086414052907 0.005241270551606818 0.0034074480645358562 -0.00025761151424634173 0.9999999659932562 -4.061765616732942e-05 -0.018883580341935158 -0.005241280845447486 3.9266885268014276e-05 0.9999862636222614 0.7091629505157471
0.9999904633213593 0.0001841237114369475 0.004363412058510673 0.0019294372759759426 -0.00018398150198373675 0.9999999825311439 -3.299271471727912e-05 -0.019267164170742035 -0.00436341805702794 3.2189612972062634e-05 0.9999904797280266 0.7705425024032593
0.9999838746538499 9.807783146135506e-05 0.005678099419039391 0.004054437391459942 -9.799954995579796e-05 0.9999999950991348 -1.406479451358027e-05 -0.018811821937561035 -0.0056781007706563375 1.350811652623007e-05 0.999983879364647 0.6974460482597351
0.9999769888145298 0.00021476447890108154 0.006780539627822675 0.005339314695447683 -0.00021311927475136907 0.9999999476785826 -0.00024335777543696194 -0.01878141239285469 -0.00678059153766106 0.00024190711179815125 0.9999769822647663 0.6017351150512695
0.9999747540550531 0.00017518641776703337 0.007103559829787213 0.005518453661352396 -0.00017462457813046547 0.9999999815760594 -7.971284609375085e-05 -0.01826811581850052 -0.007103573663519605 7.847037752912569e-05 0.9999747662234318 0.6523374915122986
0.9999731582589457 0.00017798151483442126 0.0073246900419034885 0.005864968989044428 -0.00017723130753244214 0.9999999789827495 -0.0001030706765530724 -0.018218424171209335 -0.007324708232633791 0.00010176974556326566 0.9999731687861558 0.6455619931221008
0.9999733490911933 0.0001115045067044469 0.00729990918353522 0.005698551423847675 -0.00011127348026117636 0.9999999932953773 -3.205399261372937e-05 -0.018058130517601967 -0.007299912708756715 3.124085204525284e-05 0.9999733547942435 0.679796040058136
0.9999814918368862 0.0001011767423071062 0.006083234907743106 0.004234337247908115 -0.00010104450547437529 0.9999999946520076 -2.2045250900444995e-05 -0.0184788815677166 -0.006083237105676681 2.143016542040808e-05 0.9999814967123465 0.7160770297050476
0.9999813821820936 0.00012577789847875254 0.006100776107186922 0.004281125031411648 -0.00012562510302863676 0.9999999917858637 -2.5428450335831435e-05 -0.018444303423166275 -0.00610077925541136 2.466156628655344e-05 0.9999813897689717 0.712954580783844
0.9999879831710546 0.0001346426613236715 0.004900549442663483 0.0028856107965111732 -0.00013463354198214853 0.9999999909345048 -2.190772543055343e-06 -0.018908990547060966 -0.004900549693209022 1.5309678877920066e-06 0.9999879922330869 0.744924008846283
0.9999807662091696 7.032443967264971e-05 0.0062017954009585055 0.004456641152501106 -7.024096338014075e-05 0.999999997439562 -1.3677831492454191e-05 -0.01845787651836872 -0.006201796346965029 1.3241948332254399e-05 0.9999807685884372 0.7047272324562073
0.9999765626017946 9.001159829001309e-05 0.006845885261332498 0.005187195260077715 -8.993499344135945e-05 0.9999999958897493 -1.1497756379568383e-05 -0.018187548965215683 -0.0068458862681256205 1.088180225599541e-05 0.9999765665868328 0.6946095824241638
0.9999772216477899 9.3099951488812e-05 0.006748890128456782 0.004999327939003706 -9.303812229178907e-05 0.9999999956270629 -9.47534243468822e-06 -0.018186267465353012 -0.006748890981098231 8.847222536895722e-06 0.999977225936797 0.7036694288253784
0.999980251680519 0.0001527984241305736 0.006282746342771638 0.004325218498706818 -0.0001526871917693514 0.9999999881779806 -1.8184065382711548e-05 -0.018328528851270676 -0.006282749046993424 1.7224411382301938e-05 0.9999802631890953 0.7161083221435547
0.9999912402614201 0.00023749587866331735 0.004178874984281175 0.0013001244515180588 -0.00023730558892220315 0.9999999707835605 -4.603189566003336e-05 -0.01914801448583603 -0.004178885794574833 4.5039822043483936e-05 0.999991267404336 0.7977119088172913
0.999991743440988 0.0001441677740867243 0.004061067040311826 0.0014356225728988647 -0.00014416476240091932 0.9999999896077255 -1.0343322088535504e-06 -0.019143998622894287 -0.0040610671472254755 4.48860903867871e-07 0.9999917538327123 0.7949752807617188
0.9999924488560893 0.0002949085597326086 0.003874952869788302 0.0005937106907367706 -0.0002947275025317816 0.999999955449395 -4.729595389074351e-05 -0.0191630981862545 -0.0038749666451384506 4.615354157044821e-05 0.999992491223484 0.8261364102363586
0.9999940527125245 0.00021855142059224025 0.0034419144175054724 -9.940611198544502e-05 -0.00021845664312084844 0.999999975748802 -2.7912197708052325e-05 -0.019424157217144966 -0.0034419204342853844 2.7160122636630988e-05 0.9999940762054803 0.8609431385993958
0.9999920355312765 0.00018920619336384466 0.003986611973883501 0.0011939969845116138 -0.00018918363165867713 0.9999999820865569 -6.036469841598499e-06 -0.018920190632343292 -0.003986613044607035 5.282220033089998e-06 0.999992053412691 0.8027524948120117
0.9999920063287732 0.0001600317698734407 0.003995205675241214 0.0012907616328448057 -0.00016007602419712324 0.9999999871299756 1.0757090292722916e-05 -0.018891064450144768 -0.00399520390234662 -1.1396540944422154e-05 0.9999920190761011 0.7988088726997375
0.9999939792737005 0.00035880143046429524 0.003451474740349334 -0.00031980499625205994 -0.0003586475991683119 0.9999999346649446 -4.518855980062872e-05 -0.01925346814095974 -0.003451490728566938 4.3950424603461926e-05 0.9999940426223102 0.8644816875457764
0.9999951326768013 0.00033272439398310353 0.003102243895021112 -0.0012687360867857933 -0.0003324643927626482 0.9999999411782737 -8.432601353609432e-05 -0.019666830077767372 -0.003102271769863522 8.329421746137255e-05 0.9999951844743749 0.912321925163269
0.9999950950190151 0.00038714212459043214 0.0031080635267486624 -0.0014653438702225685 -0.0003868687369554741 0.9999999212447185 -8.856148753092577e-05 -0.01968424953520298 -0.003108097567854684 8.73586405275428e-05 0.9999951660373047 0.9212148189544678
0.9999955307800302 0.0005552553131616279 0.0029377051422463515 -0.002682727761566639 -0.0005548386135619963 0.9999998359013401 -0.00014265835354391505 -0.02002977952361107 -0.002937783871981647 0.00014102776372417462 0.9999956747591918 0.9841858148574829
0.9999955598050045 0.0004166717888646513 0.0029507210805808596 -0.002420890610665083 -0.0004162486933540038 0.9999999030005329 -0.00014399982494700108 -0.02007313445210457 -0.002950780795027145 0.00014277095176545515 0.999995636245056 0.9760306477546692
0.999995388470149 0.0003924127908022393 0.0030114864498078948 -0.0017347941175103188 -0.0003921003496278223 0.9999999176852867 -0.00010433952161982148 -0.019811974838376045 -0.0030115271460811202 0.00010315823556513376 0.9999954600210078 0.9355618953704834
0.9999952950216173 0.0004169541734827207 0.003039092602421062 -0.0016349940560758114 -0.00041670947378300526 0.9999999098839323 -8.115012168908053e-05 -0.019770126789808273 -0.0030391261644319035 7.98833212003795e-05 0.9999953786547277 0.9323588609695435
0.9999954090713957 0.000552006030660502 0.002979450532101372 -0.002531233709305525 -0.0005516734530368796 0.9999998415063048 -0.00011244450074701203 -0.01999640092253685 -0.002979512129919775 0.00011080030075914029 0.9999955551055016 0.9811347723007202
0.9999954957373366 0.00040800403874631427 0.0029735564132418258 -0.002305272500962019 -0.0004076249222125777 0.9999999087160332 -0.0001281009290864296 -0.020056825131177902 -0.002973608407500235 0.00012688825638455513 0.9999955707663956 0.9720048904418945
0.9999951562920061 0.0005021843478614888 0.0030716776208813018 -0.0019728699699044228 -0.0005019178919682196 0.999999870209655 -8.751629938879612e-05 -0.019825022667646408 -0.00307172117152294 8.59741455291185e-05 0.9999952785575992 0.951202392578125
0.9999954877216737 0.0004779302127959403 0.0029658251808579086 -0.002443656325340271 -0.00047757168989593653 0.9999998785703591 -0.0001215917255753327 -0.020031942054629326 -0.0029658829330781004 0.0001201747827760665 0.9999955945385203 0.9764434099197388
0.9999957600346021 0.0005775615574424037 0.002854178597352645 -0.0028571379370987415 -0.0005771821798910377 0.9999998244868954 -0.00013374195103592045 -0.020101066678762436 -0.002854255340616434 0.00013209400295005746 0.9999959178804805 0.9927166700363159
