0.9999962584635279 0.0004466803015126638 -0.002698802633336858 -0.006023054476827383 -0.0004464186587906744 0.9999998955972498 9.754932642318015e-05 -0.020731721073389053 0.0026988459249369795 -9.63441655869025e-05 0.9999963534675892 0.9338793754577637
0.9999949233678751 0.0003677568860305912 -0.0031651213801139923 -0.006884277332574129 -0.0003676299903355474 0.9999999315969224 4.067359386873723e-05 -0.02185981348156929 0.0031651361216041727 -3.9509793841481805e-05 0.9999949901636049 0.980568528175354
0.9999978224308781 0.000362186839263113 -0.0020552260691407585 -0.004954275209456682 -0.00036196677215681616 0.9999999287175116 0.00010744778868840655 -0.019383061677217484 0.002055264838814101 -0.00010670363116712028 0.9999978822481462 0.8887184858322144
0.9999963473445995 0.00038621245903223646 -0.0026750957731353528 -0.006115600932389498 -0.00038594708109763136 0.9999999205505159 9.971866599822283e-05 -0.020359572023153305 0.002675134073191581 -9.868585635500075e-05 0.9999964169529769 0.9298193454742432
0.9999952849107128 0.0003950531593977631 -0.0030453389537689695 -0.0068620783276855946 -0.00039483617070501005 0.9999999194707259 7.185360005223229e-05 -0.021570872515439987 0.0030453670945217496 -7.06508512850875e-05 0.9999953603630952 0.9764007329940796
0.9999966406775063 0.0004293844953434178 -0.0025562203851825934 -0.005994107108563185 -0.000429072441765118 0.9999999004301763 0.00012262331490792895 -0.020856335759162903 0.0025562727832103694 -0.00012152609925430885 0.9999967253450709 0.9435017108917236
0.9999998976876817 0.0002045301380182068 -0.000403474967017286 -0.001974666491150856 -0.00020448870207031796 0.9999999738148143 0.0001027362719646004 -0.017017710953950882 0.0004034959691161034 -0.00010265375538109099 0.999999913326601 0.7828055620193481
0.999999787746904 0.00025959520189129567 0.0005975922339577529 -0.00026938365772366524 -0.0002596974944747619 0.9999999516404313 0.0001711033209114025 -0.014250928536057472 -0.000597547787457314 -0.00017125847780006932 0.999999806803569 0.6818862557411194
0.9999998716292661 0.0002205848222325706 0.00045616201904751343 -5.1374081522226334e-05 -0.00022069976056596254 0.9999999439106281 0.0002519332379003764 -0.014192957431077957 -0.0004561064208131756 -0.00025203388040790487 0.9999998642229189 0.6548848152160645
0.9999998877968874 0.00035437069133779285 -0.00031436861445088994 -0.0017848378047347069 -0.00035431104841125114 0.9999999192277286 0.00018975831325478224 -0.015477103181183338 0.00031443583384327807 -0.00018964690768993517 0.9999999325820762 0.7322086095809937
0.9999998369924721 0.0003174490614529901 -0.00047459574688732056 -0.0019802269525825977 -0.0003173676538417775 0.9999999349163079 0.00017159589883897656 -0.01560945063829422 0.0004746501889559127 -0.00017144524952884032 0.9999998726568543 0.7394192814826965
0.9999994070502897 0.00035743158642333883 -0.001028660162619848 -0.002964384388178587 -0.0003572819058862851 0.9999999255619892 0.0001456902738202801 -0.016697626560926437 0.0010287121603541295 -0.00014532266576986434 0.9999994603161614 0.7843505144119263
0.9999998320607485 0.00030034860716626635 -0.0004956502689014247 -0.0020419787615537643 -0.00030025217973186284 0.9999999359877337 0.00019461026975455277 -0.015723729506134987 0.0004957086880971888 -0.00019446141699822736 0.9999998582288169 0.748322069644928
0.9999999237364262 0.0002727400061931561 0.0002795353835372984 -0.0007337876595556736 -0.00027279584574774895 0.9999999428432195 0.00019973979122397446 -0.014614388346672058 -0.0002794808905280604 -0.00019981603208247265 0.9999999409819909 0.6972870826721191
0.9999999384353255 0.00027725453810873883 0.00021507967430174803 -0.0007252371869981289 -0.00027730623438483956 0.9999999326626807 0.0002403661507202587 -0.014491254463791847 -0.00021501301721276443 -0.0002404257788567682 0.9999999479824223 0.689429759979248
0.9999993572490976 0.000401355175403754 -0.0010603845599689628 -0.0030947518534958363 -0.0004011863495762559 0.9999999068174164 0.00015941979679433155 -0.016674619168043137 0.0010604484451200952 -0.00015899428251635233 0.9999994250847914 0.7866638898849487
0.9999976649409046 0.0004319198705276924 -0.0021174413718905404 -0.0050525241531431675 -0.0004316960056818505 0.9999999011821643 0.00010618013000228742 -0.01928785815834999 0.0021174870239575707 -0.00010526579108289848 0.9999977525813827 0.8875187635421753
0.9999987836017525 0.0002795136894671798 -0.0015344924609875775 -0.003879790659993887 -0.0002793719150945533 0.9999999566877973 9.260527333538544e-05 -0.01853170618414879 0.001534518278966943 -9.217646659296898e-05 0.9999988183778772 0.8492552042007446
0.9999998245491925 0.00034520808505407474 -0.00048138649999465694 -0.0020094248466193676 -0.0003451156453453878 0.9999999219967926 0.0001920978925847459 -0.01599920727312565 0.000481452776190608 -0.0001919317248684093 0.9999998656827097 0.7427871823310852
0.9999998530893157 0.00030490225814867015 -0.00044816956609439743 -0.0018343208357691765 -0.00030481352012575244 0.999999933931273 0.00019805597142618639 -0.016285859048366547 0.0004482299241973323 -0.0001979193341865936 0.9999998799589289 0.7473791837692261
0.999998000412935 0.00040527328353656754 -0.001958296121068379 -0.004669253248721361 -0.00040507211101625676 0.9999999126410216 0.000103123879392727 -0.019101440906524658 0.001958337743346842 -0.00010233042204379552 0.9999980772190356 0.8762626051902771
0.9999985333547841 0.00028419610607565945 -0.0016889407492048894 -0.004050615709275007 -0.0002839600788204262 0.9999999498851777 0.00013998684181096738 -0.018966276198625565 0.0016889804482792684 -0.00013950704475166828 0.9999985639403839 0.8564125299453735
0.9999998605365256 0.00020839775261069485 -0.0004852806473439932 -0.0018118876032531261 -0.0002082918880773369 0.9999999545034837 0.00021819147677976593 -0.015969716012477875 0.00048532609587881385 -0.00021809036632774176 0.9999998584475767 0.7493374943733215
0.9999987168326877 0.00022274120320925098 0.0015864171375670716 0.0007844641804695129 -0.00022298966414173294 0.9999999629006763 0.00015644249996100369 -0.013608728535473347 -0.0015863822325213944 -0.00015679605384379626 0.9999987294023978 0.6593028903007507
0.999999506687198 0.0002442802261105457 0.000962783740986008 -1.8400605767965317e-05 -0.00024446829479920866 0.9999999510611056 0.0001952256110340057 -0.014017914421856403 -0.0009627360041120302 -0.00019546088482613172 0.999999517467098 0.6729598045349121
0.9999993733600091 0.00044663262833449167 -0.0010265470687844795 -0.003354331012815237 -0.0004465468954927044 0.999999896791449 8.3743427103873e-05 -0.01718708500266075 0.001026584365382997 -8.328497322024976e-05 0.9999994695939364 0.8027449250221252
0.9999993552920893 0.00026991427205368666 -0.0011029785542079412 -0.003182105254381895 -0.0002697590227737018 0.9999999536884986 0.0001409009223549085 -0.01778019778430462 0.0011030165342972378 -0.00014060329309804577 0.9999993817924282 0.8197278380393982
0.9999981171960473 0.0004662419541373933 -0.0018836726893636832 -0.00450034299865365 -0.00046607069534590484 0.9999998872161399 9.135542901919554e-05 -0.01880798116326332 0.0018837150706495533 -9.047733237469685e-05 0.9999982217141113 0.8593586087226868
0.99999639271392 0.00041472110684057664 -0.0026537832524776077 -0.0059309606440365314 -0.00041460838975082044 0.9999999131244007 4.3024113434240896e-05 -0.02072805166244507 0.0026538008649365417 -4.192367743289796e-05 0.9999964777854844 0.9352430701255798
0.9999965441248465 0.00035923296212739015 -0.002604359814342483 -0.005665924865752459 -0.0003591640363970396 0.9999999351378975 2.693316623471934e-05 -0.02068410813808441 0.0026043693206993157 -2.599768077390986e-05 0.999996608286529 0.9296507835388184
0.9999971900613808 0.0004065938219636514 -0.002335497978313203 -0.005264673847705126 -0.0004064641768220792 0.999999915826268 5.598508654459437e-05 -0.01981557346880436 0.0023355205449159338 -5.5035632966712875e-05 0.9999972711537084 0.8997636437416077
0.9999980465308006 0.00034039117187693765 -0.0019470666227414332 -0.004534154664725065 -0.0003402007281099704 0.9999999373159059 9.814096716934123e-05 -0.01909385621547699 0.001947099907010149 -9.747838197124938e-05 0.9999980996481531 0.869552731513977
0.9999979182020765 0.000369243777007067 -0.0020068010729069633 -0.004679484758526087 -0.000369054902055089 0.9999999274353478 9.44869216089417e-05 -0.019144287332892418 0.002006835815991954 -9.374610513285878e-05 0.9999979819088013 0.8744786977767944
0.9999990809454584 0.0003994330098162752 -0.0012955931109757087 -0.0034359642304480076 -0.0003992702327661682 0.999999912366832 0.00012589523382448487 -0.017276832833886147 0.0012956432841509477 -0.00012537782635690896 0.9999991527940816 0.8057960271835327
0.9999975364790924 0.00043403549008978694 -0.002176843802245304 -0.0050568063743412495 -0.0004338367408868815 0.9999999016817025 9.177291220921484e-05 -0.019362211227416992 0.002176883420922655 -9.082829130414097e-05 0.9999976264615796 0.88746577501297
0.9999980520620659 0.00035218958475593284 -0.00194212115233396 -0.004646438639611006 -0.00035197618606537843 0.9999999319821689 0.00011021988143748689 -0.019071776419878006 0.0019421598385293663 -0.00010953608633992332 0.999998108006714 0.8758836984634399
0.999997274717875 0.0004134155077366429 -0.0022977476886590774 -0.005379099864512682 -0.00041312934310757423 0.9999999068477432 0.00012501460186990958 -0.019759610295295715 0.002297799157593801 -0.00012406499417660707 0.9999973523599492 0.9045481085777283
0.9999870902050428 0.0008036672042922928 -0.005017324214787691 -0.007702547591179609 -0.000805478634701892 0.9999996111525676 -0.0003590249049887149 -0.018080396577715874 0.0050170337272723905 0.0003630616175091909 0.9999873486993929 0.7803006768226624
0.9999882643799463 0.00030540587374420673 -0.004835062526514676 -0.00129234092310071 -0.0003018548979692594 0.9999996842303152 0.0007351346072430157 0.007953516207635403 0.00483528551417555 -0.0007336664926769605 0.9999880408022259 0.02920711040496826
0.999999897719334 0.0002650451659547092 -0.0003664865367336265 -0.001155715435743332 -0.00026493545199303734 0.9999999200894764 0.0002993831111130888 -0.009233678691089153 0.0003665658574938645 -0.00029928598521572594 0.9999998880286793 0.537917971611023
0.9999975870266697 0.0004337298346166421 0.0021535596737828613 8.364254608750343e-05 -0.0004337747138011202 0.999999905712225 2.0372499363516033e-05 -0.015565447509288788 -0.0021535506345677314 -2.1306609936367196e-05 0.9999976808801572 0.7645158767700195
0.9999998661471059 0.00015427925500775813 -0.0004938660563563902 -0.004255991894751787 -0.00015418871353028508 0.9999999713015809 0.00018336487665497028 -0.02068398892879486 0.0004938943315797801 -0.000183288703539165 0.9999998612368105 0.9464271068572998
0.9999995785474325 0.0002477802151543957 0.0008840304987009326 -0.004932128358632326 -0.0002479307577256292 0.9999999547835952 0.0001701856260962704 -0.024884410202503204 -0.0008839882900972013 -0.00017040473272249678 0.9999995947633831 1.1582562923431396
0.9999991263249091 0.00023087793326816196 0.0013015547618890724 -0.0024827513843774796 -0.0002310626762114946 0.9999999632525878 0.0001417916166099277 -0.019995588809251785 -0.0013015219775049053 -0.0001420922334566421 0.9999991429248022 0.9654155969619751
0.9999897267394603 -0.00012673641703234641 0.004531043303685159 0.0013711859937757254 0.00012649769643443884 0.9999999905961438 5.2972115648164094e-05 -0.021033819764852524 -0.004531049974572019 -5.239840491145785e-05 0.9999897333675656 0.8920726776123047
0.9999985323923645 0.000395163157225926 -0.0016670510480316942 -0.004552470054477453 -0.0003948211778248363 0.9999999009502969 0.00020546443570277872 -0.019161386415362358 0.0016671320748858926 -0.00020480594710332598 0.9999985893615897 0.8690453767776489
0.9999888921372301 0.0009468003506858363 -0.0046172688086258285 -0.0066629028879106045 -0.0009495772303013937 0.9999993695971198 -0.0005992565783678671 -0.017845381051301956 0.004616698521547724 0.0006036343752348825 0.999989160801407 0.7166030406951904
0.9999593088975173 0.001229520628055849 -0.00893693617660231 -0.008183490484952927 -0.0012334259833365847 0.999999146237179 -0.00043149189615322264 -0.008725343272089958 0.008936398018391313 0.00044249738756389783 0.9999599716921267 0.4232276678085327
0.999991192491119 -0.0003538616445298926 -0.004182071511359259 -0.005277577321976423 0.0003488751630218134 0.9999992274984194 -0.001193016632294392 -0.004883228801190853 0.004182490443529862 0.0011915471039095136 0.9999905434498813 0.38455820083618164
0.9761822582285296 0.020647651240314646 -0.21596729664027148 -0.23173674941062927 -0.021960618916643082 0.9997520589830612 -0.003681273682840704 -0.03259730339050293 0.2158377398339935 0.008336369556847308 0.976393657807119 0.7006549835205078
0.9889328323837466 -0.004118906540982872 -0.14830673498653854 -0.15648594498634338 0.001884464908507076 0.9998826409730951 -0.015203719040988216 0.06445719301700592 0.14835195255024228 0.014755978096193783 0.9888245341237015 -2.399664878845215
0.9513478055067423 -0.009108064050115747 -0.30798440890208234 -0.3450864255428314 -0.00015811747662460972 0.999548438501201 -0.030048196096846752 0.07078603655099869 0.30811901589543234 0.02863498313374673 0.9509167733217039 -3.00199031829834
0.9099331566451496 -0.004036472876305442 -0.41473528584449215 -0.46499618887901306 -0.009800362685885789 0.9994641913538282 -0.031229522773545983 0.06205150857567787 0.41463912421407956 0.03248133445776482 0.9094060476942212 -3.3637146949768066
0.9045897943297811 -0.022869939443098654 -0.42566920239109746 -0.4899694323539734 0.0029992590399851513 0.9988765601576617 -0.047292938297467814 0.13932226598262787 0.42627257528442425 0.041504017124442676 0.9036421349864772 -5.732126235961914
0.9017052689331314 -0.019948634436922248 -0.43189079633899463 -0.5005589127540588 -8.431292165107795e-05 0.998926856364712 -0.046315532218090566 0.11620572954416275 0.43235124710073425 0.041799373409368026 0.9007359277352179 -4.80092716217041
0.973511960065285 -0.03531671329737565 -0.22589199492615508 -0.2696512043476105 0.025377226438032797 0.9985839620047103 -0.04675539760592483 0.223126620054245 0.2272233702508611 0.03978442646119562 0.9730296703713581 -7.571221828460693
0.9848152343148701 0.0014507693143058437 -0.1735996818250093 -0.1927471160888672 -0.0037109307005623203 0.9999125225235598 -0.012695522592920378 0.009304610081017017 0.17356607748832553 0.013146960445988886 0.9847344688678001 -0.40448427200317383
0.9864020083578868 -0.008958982078767292 -0.1641061075878653 -0.18391044437885284 0.005752215271598388 0.9997833201525833 -0.020005618314529204 0.0689556896686554 0.16424977907746752 0.01878960842566344 0.9862398089147556 -2.3841028213500977
0.8925806455752276 0.024764708881202958 -0.45020717490788476 -0.5093384981155396 -0.03374723307243616 0.9993591329004076 -0.011935147611146224 -0.037109725177288055 0.4496230814854417 0.025846328222291957 0.8928443604083307 0.4197458028793335
0.844117778925105 -0.014750978431584382 -0.5359548338599607 -0.6300401091575623 -0.012266802651915784 0.9988284642354807 -0.04681051789597848 0.10299985855817795 0.5360174445437818 0.0460880425739877 0.8429479174162848 -4.590997695922852
0.8897403668072695 -0.03929740931691778 -0.4547722433203725 -0.5323643088340759 0.011634908820997847 0.9979160519204814 -0.06346796212394294 0.22721843421459198 0.4563186480633819 0.0511787743153137 0.8883434158528951 -8.505594253540039
0.9888274690910435 -0.03646717546049283 -0.14453505278974743 -0.17328913509845734 0.030379765055056518 0.9985649473422942 -0.044103467148069835 0.26127350330352783 0.14593596625301458 0.03921977885219315 0.9885163138262232 -8.996082305908203
0.9999614720124632 -8.767080191983233e-05 -0.00877763091602486 -0.010715818032622337 7.583998495035491e-05 0.9999990883547941 -0.001348160924060047 -0.007096651941537857 0.008777741108289045 0.0013474432867361962 0.9999605670513336 0.45873400568962097
0.9996453398035837 -0.006757106742268151 -0.025759194813727078 -0.03285413980484009 0.006545947266703606 0.999944352721931 -0.008272970077329102 0.05830949917435646 0.025813662726538546 0.008101417653253128 0.9996339439257995 -1.5244871377944946
0.9734236350349307 0.022718969451094178 -0.2278821519611888 -0.24530787765979767 -0.024209691401359357 0.9996998760964826 -0.003748142863913167 -0.04091791808605194 0.2277286051369767 0.009165487426078648 0.9736815065731759 0.9571387767791748
0.9966172842752188 -0.021069624194831115 -0.07943588370614828 -0.0939190685749054 0.01921385614341627 0.9995259964251119 -0.024054317751450546 0.1580788940191269 0.07990504624858326 0.02244667919038875 0.9965497128479522 -5.0837507247924805
0.9999980772332784 0.00018801233386038716 -0.0019519685214467138 -0.0022383108735084534 -0.0001875980237809007 0.9999999598395233 0.00021243336227131854 -0.008948701433837414 0.0019520083831469578 -0.00021206676837441307 0.9999980723436211 0.4758731424808502
0.9999995487226382 9.51354403489949e-05 -0.0009452532823233176 -0.000903087668120861 -9.500922537071742e-05 0.9999999865662789 0.0001335690424229554 -0.011448818258941174 0.0009452659767747165 -0.00013347917436413764 0.9999995443276677 0.5204337239265442
0.9999884334075643 0.0002558582866259346 -0.004802872850924925 -0.0046728444285690784 -0.0002551758567062549 0.9999999572609788 0.00014270011323513234 -0.008957074955105782 0.004802909156661314 -0.00014147288548669606 0.9999884559578951 0.396828830242157
0.9999889006128883 0.00027589122566285944 -0.004703459902966657 -0.004551517311483622 -0.0002753153967879331 0.9999999545271487 0.00012307368904479935 -0.00935637578368187 0.004703493644037841 -0.00012177738807281996 0.999988931097644 0.39809107780456543
0.999958741712342 0.0004566096289463581 -0.009072286410629795 -0.008506601676344872 -0.0004558971656702195 0.9999998928307228 8.059973472196375e-05 -0.007249986752867699 0.009072322240974382 -7.646037965416886e-05 0.9999588427145221 0.28942662477493286
0.999967216876402 0.00045958710845001927 -0.008084179126684979 -0.0073570492677390575 -0.0004588874387110275 0.9999998908036339 8.840270683901666e-05 -0.007693871855735779 0.008084218872666412 -8.469008046862634e-05 0.9999673185823669 0.3074002265930176
0.9999493783192955 0.00044417945319048146 -0.010052039766523222 -0.010225588455796242 -0.00044302384063941877 0.9999998949982549 0.00011718940137636582 -0.006569298449903727 0.010052090764165727 -0.00011273017578828212 0.999949470104953 0.3346542418003082
0.999954486404713 0.0004835840603602755 -0.009528445074784331 -0.009300816804170609 -0.0004823768268961405 0.9999998753363528 0.0001289956412416425 -0.006548216566443443 0.009528506267169577 -0.00012439346908580458 0.9999545950164843 0.3124416768550873
0.999970232772907 0.00037794239683678184 -0.0077065379803863115 -0.00791805237531662 -0.0003768010646546371 0.9999999178277832 0.000149550609050891 -0.007984734140336514 0.007706593868638634 -0.00014664232562813852 0.9999702930122336 0.3762051463127136
0.9999974988748339 0.00011134225062829488 -0.0022337965395044395 -0.0023166569881141186 -0.00011093055603315247 0.9999999768407881 0.0001844256898349407 -0.009738032706081867 0.002233817022142852 -0.00018417743227101442 0.9999974880669377 0.46675050258636475
0.9999998418370061 9.631909266828529e-05 -0.0005541196577609441 -0.0005444460548460484 -9.619133265968866e-05 0.9999999687886695 0.00023058596544841672 -0.010572176426649094 0.0005541418502971063 -0.00023053262746991712 0.9999998198907425 0.511039137840271
0.999998757228868 0.00017730007599628386 0.0015665584581793495 0.0012614205479621887 -0.000177573071634083 0.9999999690737609 0.00017412720024090328 -0.011720524169504642 -0.001566527536965752 -0.00017440516243795874 0.9999987577863862 0.5885025262832642
0.999998355123449 0.0001908002476476796 0.0018037033186417075 0.0014360945206135511 -0.00019116434153274608 0.9999999613889046 0.0002016888290720928 -0.011980659328401089 -0.001803664766720212 -0.00020203330107609584 0.9999983529866209 0.609022855758667
0.9999995957573742 0.0001640844215047003 0.0008840596079569736 0.0008639856241643429 -0.00016428731136065598 0.9999999601857292 0.0002294302048160073 -0.011586653999984264 -0.0008840219268363523 -0.00022957535184661273 0.9999995829001082 0.552617073059082
0.9999974323279843 0.0002119439696275059 0.0022561952911500575 0.0017090134788304567 -0.00021245179669855097 0.9999999521547305 0.00022484388076609465 -0.01186198927462101 -0.0022561475288971496 -0.0002253226361840618 0.9999974295107149 0.6110925078392029
0.9999996240631551 0.00029306524664722946 0.0008160798424545392 -0.0002335682511329651 -0.0002932307103642478 0.9999999364759715 0.0002026420564168399 -0.012782667763531208 -0.0008160204032696154 -0.0002028812799081415 0.9999996464748812 0.6552442908287048
0.9999998536495931 0.00032260345434953713 0.00043431302505769195 -0.0008000144734978676 -0.00032267901552109524 0.999999932815081 0.00017391977003165807 -0.013163110241293907 -0.00043425688875981466 -0.00017405988827778253 0.999999890562049 0.6747163534164429
0.999999774979326 0.00023115579186786209 0.0006297684472425933 -0.00012596603482961655 -0.0002313014557343206 0.9999999465151235 0.00023123448439766217 -0.013332342728972435 -0.0006297149623691575 -0.0002313800987237454 0.9999997749611327 0.6540065407752991
0.9999999072300039 0.0003286534017220327 0.00027843657268239203 -0.0009395349770784378 -0.00032870692434059816 0.9999999275051519 0.00019220158324836917 -0.01326011586934328 -0.0002783733847930241 -0.0001922930894472594 0.9999999427658114 0.6759672164916992
0.9999999281347067 0.0003761980795069804 -4.6963672638296025e-05 -0.0014638975262641907 -0.0003761896254905528 0.9999999130602824 0.00017989105995947264 -0.01345156878232956 4.7031343226564816e-05 -0.00017987337978512736 0.9999999827168099 0.6840370893478394
0.9999999307096601 0.00036918176800923087 -4.780687534851646e-05 -0.0015204260125756264 -0.000369174114034493 0.999999919053323 0.00016001194063871888 -0.013326304964721203 4.786594496985634e-05 -0.00015999428049058556 0.9999999860553407 0.6843737959861755
0.9999985288313652 0.0002881280499542884 -0.0016909516055056738 -0.0022491738200187683 -0.0002878783580379098 0.9999999476250668 0.00014790508639509422 -0.008596574887633324 0.001690994132546318 -0.00014741808043005562 0.999998559402339 0.5066767334938049
0.9999816135572043 0.0003974488940292859 -0.006050998422258543 -0.006521679926663637 -0.0003962541080507345 0.9999999017603655 0.00019865029750889933 -0.006878186482936144 0.006051076781151714 -0.00019624891205393942 0.9999816728101334 0.40842169523239136
0.9999538288052306 0.0004944625897854297 -0.009596653818238744 -0.009793810546398163 -0.0004930806736324859 0.9999998677243193 0.00014636527460414208 -0.006463945843279362 0.009596724920987561 -0.00014162659221522592 0.9999539403456039 0.34508103132247925
0.9999995977160772 0.00010447516853296332 -0.0008908718333146619 -0.001048265490680933 -0.00010428155124976998 0.9999999709360179 0.00021737829200400637 -0.010492394678294659 0.0008908945180560712 -0.0002172853030594715 0.9999995795469392 0.5137181878089905
0.9999999033422446 0.00025929191073156404 0.00035508197121455115 -0.00034240446984767914 -0.00025934059477675 0.9999999569775022 0.00013706731751359083 -0.014203532598912716 -0.00035504641549138086 -0.00013715939143458085 0.9999999275646694 0.6562687158584595
0.999999892330452 0.000289967722864872 -0.0003622951892892795 -0.0017263321205973625 -0.00028990565895004294 0.9999999432972224 0.00017134836095071096 -0.014895559288561344 0.00036234485424017747 -0.00017124331107612502 0.9999999196909642 0.7172585129737854
0.9999998676758651 0.0003336476050338506 -0.0003915705908591059 -0.0018651653081178665 -0.0003335782908827629 0.9999999286862769 0.00017706768463232397 -0.01475532352924347 0.0003916296411436557 -0.0001769370417535371 0.9999999076597493 0.7144931554794312
0.9999998746432993 0.0003395117063329038 -0.0003680287859812797 -0.0018175076693296432 -0.00033944117930866823 0.9999999240192178 0.00019168005814760897 -0.01463906280696392 0.00036809383564177626 -0.00019155510999409623 0.9999999139067804 0.711581289768219
0.9999997611036974 0.0003775768459744208 -0.0005789890102205925 -0.0021757385693490505 -0.00037747412029387034 0.9999999129996959 0.00017752151872886334 -0.014362519606947899 0.0005790559878635066 -0.00017730292295233598 0.9999998166289016 0.710964024066925
0.9999997492872736 0.0003971397913409569 -0.000586263913464757 -0.002217720728367567 -0.00039702940627541096 0.999999903438425 0.00018838999790111397 -0.013668821193277836 0.0005863386740186474 -0.00018815718665586036 0.9999998104018983 0.7011727690696716
0.9999997308724415 0.0003854111073130205 -0.0006242702323786656 -0.0022209957242012024 -0.00038529110301304504 0.999999907278004 0.00019234019197856216 -0.013917733915150166 0.0006243443045414549 -0.00019209961444810448 0.9999997866459411 0.706349790096283
0.9999997774386374 0.0003771270598764741 -0.0005503615688082472 -0.0021125460043549538 -0.0003770225840306167 0.999999910891667 0.00018992269314911162 -0.014241455122828484 0.0005504331447533163 -0.000189715152138835 0.9999998305157428 0.7105413675308228
0.9999996560580766 0.00039728765761164463 -0.0007280427501050958 -0.0023389235138893127 -0.0003971812553502339 0.9999999104235598 0.00014628712540049155 -0.015780717134475708 0.000728100802959007 -0.00014599791015278084 0.9999997242768777 0.7431725859642029
0.9999996348258957 0.0002807722495459743 -0.0008071648031484575 -0.002434978261590004 -0.00028064420111997883 0.9999999480188495 0.00015874864045839861 -0.015519367530941963 0.0008072093334039963 -0.00015852205636615423 0.9999996616418677 0.743615984916687
0.9999997451380381 0.00035975623128009336 -0.0006166841276534298 -0.0021277330815792084 -0.000359641202095575 0.9999999179138563 0.00018662927618554961 -0.014894742518663406 0.0006167512180772547 -0.00018640744359986355 0.9999997924350786 0.7173187732696533
0.9999996948037203 0.00040202799972004444 -0.000669899957702878 -0.0023097353987395763 -0.0004019186028583509 0.999999905876047 0.0001634299032750671 -0.014849942177534103 0.0006699655980463542 -0.00016316060814181387 0.9999997622623282 0.7187958359718323
0.9999997625222286 0.00035774927612177766 -0.0005890423939256783 -0.0022033434361219406 -0.0003576559687057442 0.9999999234795034 0.00015850298244466429 -0.015028823167085648 0.0005890990531790945 -0.000158292270275721 0.999999813952914 0.7232752442359924
0.9999999317321313 0.0003256040041294702 -0.00017469334605210965 -0.0015016687102615833 -0.00032557196940559185 0.9999999301884305 0.0001833740081131789 -0.014636443927884102 0.0001747530411677879 -0.00018331712033790995 0.9999999679281034 0.7059027552604675
0.9999998661892475 0.00027727105076223306 0.00043674048501502854 -0.0005833124741911888 -0.0002773461054589776 0.9999999467818194 0.00017180074503911764 -0.014175450429320335 -0.0004366928263993958 -0.00017192185032294585 0.9999998898711202 0.6837294697761536
0.9999999455233715 0.00029267246431469954 0.00015263054243821114 -0.0009566200897097588 -0.0002927009982709095 0.9999999396862154 0.00018695906189210754 -0.01472730003297329 -0.00015257581546311558 -0.0001870037268193465 0.9999999708751127 0.7003315091133118
0.9999997946774346 0.0003320366420802337 -0.0005480846254828719 -0.002049427479505539 -0.0003319601035722442 0.9999999351386833 0.00013973230956501224 -0.01577182300388813 0.0005481309861802395 -0.00013955033864577435 0.9999998400390495 0.7417224645614624
0.9999998552967639 0.00027330639986880914 -0.00046336817174702104 -0.0018878672271966934 -0.00027322631962368234 0.9999999477305348 0.00017287656158609707 -0.015409132465720177 0.00046341539579768337 -0.00017274993219010203 0.9999998777018082 0.7338093519210815
0.9999999488505467 0.00027724303236823617 0.0001594841841256882 -0.0010724239982664585 -0.00027727166225868197 0.9999999454462347 0.00017952145512188466 -0.014685042202472687 -0.00015943440435263234 -0.00017956566638429688 0.9999999711684207 0.7024372220039368
0.9999998711831707 0.0003412397178233547 -0.0003757513760611184 -0.0017774449661374092 -0.00034117328472272484 0.9999999261623261 0.00017685059158067398 -0.015228349715471268 0.0003758116967624788 -0.00017672237246813167 0.999999913767382 0.724541187286377
0.9999999001675044 0.00029077224863249427 -0.00033928819673357657 -0.0017115436494350433 -0.00029070807267999525 0.9999999398493441 0.0001891827805618978 -0.015124536119401455 0.0003393431854276756 -0.00018908412785755322 0.9999999245466946 0.7235855460166931
0.999999954362551 0.0002969068532681845 5.586784654704939e-05 -0.0011394871398806572 -0.00029691690269927746 0.9999999397280243 0.00017995638541652063 -0.014628639444708824 -5.581441289566437e-05 -0.0001799729653117275 0.9999999822472413 0.7028003334999084
0.9999996962959281 0.00026924105364190866 0.0007313804118976788 -4.456797614693642e-05 -0.0002693827733997602 0.9999999449607514 0.00019367864072829418 -0.013935307040810585 -0.0007313282254017528 -0.00019387560319106956 0.9999997137855978 0.6642223596572876
0.999999451947879 0.0002264716645829344 0.001022161693023294 0.0004593650810420513 -0.000226649948695043 0.9999999591235681 0.00017430623226556368 -0.013256702572107315 -0.001022122175818403 -0.00017453780963194517 0.9999994624012607 0.6379735469818115
0.9999999679828937 0.00020773809303627113 0.00014449600824418494 -0.0002460242249071598 -0.00020776083894483459 0.9999999660274579 0.00015741828670641205 -0.01245464850217104 -0.00014446330156059876 -0.00015744830227823098 0.9999999771701931 0.5929691195487976
0.9999997128786151 0.00021916529786610028 0.0007254028257659944 0.00048670871183276176 -0.00021927127644163195 0.9999999652991525 0.00014601986581568157 -0.013326001353561878 -0.0007253707981065157 -0.00014617888389379557 0.9999997262344321 0.6102116703987122
0.9999995658724671 0.00011683753923184306 0.0009244478711596609 0.0006516124121844769 -0.00011702063564498595 0.9999999735493664 0.00019800867891053196 -0.012584208510816097 -0.0009244247118606388 -0.00019811677242701647 0.9999995530942483 0.5882728099822998
0.9999999723558645 0.00015437626180867507 0.00017735907185588697 -4.06140461564064e-05 -0.0001544039581248934 0.999999975887284 0.0001561564908722446 -0.012351518496870995 -0.00017733496072395996 -0.00015618387149813728 0.9999999720794548 0.5755307078361511
0.9999996827921996 0.0001647679893637974 -0.0007792733857284518 -0.0007942109368741512 -0.00016465043903231286 0.9999999750585306 0.00015090782321848582 -0.011697443202137947 0.0007792982310708394 -0.0001507794676442608 0.9999996849798599 0.5418636202812195
0.9999998165437317 0.00019279453585994806 0.0005742323309606601 0.00018401490524411201 -0.00019290507398526206 0.9999999628756894 0.00019244805120667945 -0.012996839359402657 -0.0005741952067099711 -0.00019255878823116684 0.9999998166104721 0.6135614514350891
0.9999997285151082 0.00023921267241523004 0.0006969555275144262 -4.5620836317539215e-06 -0.0002393507803071197 0.9999999517373297 0.00019808216071356543 -0.013150261715054512 -0.0006969081101144692 -0.0001982489237866014 0.9999997375081907 0.6369801759719849
0.9999998937427379 0.00029610116723735906 0.0003533250792305403 -0.0008426173590123653 -0.0002961699330174902 0.9999999372093934 0.00019458823145697608 -0.013883499428629875 -0.0003532674392425792 -0.0001946928550456125 0.9999999186484009 0.683576762676239
0.9999998741022 0.000279644807224946 0.00041664657152971397 -0.0005966685712337494 -0.00027972361506756405 0.9999999429976253 0.0001891016795341512 -0.014121646992862225 -0.00041659366647715074 -0.00018921820161185962 0.9999998953230891 0.6826828718185425
0.9999997179866713 0.00028352461867334075 0.0006954425701024658 -0.0002489238977432251 -0.0002836185225288701 0.9999999506768659 0.0001349325734181799 -0.01388932392001152 -0.0006954042790946336 -0.00013512977575963188 0.9999997490763846 0.6724060773849487
0.9999998391549437 0.00039290633038931735 -0.00040904119848945677 -0.0019472460262477398 -0.00039282185023530584 0.9999999015053653 0.00020659199760498427 -0.01599297486245632 0.00040912232950476016 -0.0002064312840552697 0.9999998950025167 0.7499294877052307
0.9999982651104539 0.0004273546858731864 -0.0018130482769630754 -0.0043817856349051 -0.0004271668829670214 0.9999999033593381 0.00010397003548119258 -0.018284037709236145 0.0018130925338307434 -0.00010319538092352587 0.9999983510217288 0.8491965532302856
0.9999983173772016 0.0003566496847810521 -0.0017994565202926122 -0.004294412676244974 -0.0003564559002461554 0.9999999306364966 0.00010801015476484969 -0.01854209415614605 0.0017994949172636533 -0.00010736854613060609 0.9999983751436992 0.854472279548645
0.9999990892988129 0.0003485255154944531 -0.001303814215967099 -0.0033594085834920406 -0.00034835953669981 0.9999999311911926 0.0001275274210277839 -0.01718674600124359 0.001303858572813351 -0.00012707310877219327 0.9999991419022554 0.8038288354873657
0.9999993062565332 0.0003867587210003537 -0.0011126114075701776 -0.0031249201856553555 -0.0003865999536405485 0.9999999150586758 0.0001429094723616635 -0.016712713986635208 0.0011126665845482405 -0.00014247923770056408 0.9999993708361714 0.7872308492660522
0.9999995682376663 0.0002787438291966016 -0.0008864684755182717 -0.0025559705682098866 -0.0002785936600226364 0.9999999468241735 0.0001695205660783166 -0.016366014257073402 0.0008865156811912944 -0.00016927352838863211 0.9999995927181266 0.7699557542800903
0.9999993790793502 0.00038176364493656593 -0.0010469467195121174 -0.002947199624031782 -0.0003816052951933668 0.9999999157209496 0.0001514446840268987 -0.01655462756752968 0.0010470044473510224 -0.0001510450695798159 0.9999994404833805 0.7779499292373657
0.999999111299276 0.00029858097953563647 -0.0012993267706476934 -0.003233834635466337 -0.0002984265170360623 0.9999999483818394 0.0001190711241621244 -0.01729998178780079 0.001299362255951722 -0.00011868326478087405 0.999999148785643 0.8022173047065735
0.9999993909034292 0.00034963694996460325 -0.0010468747652099904 -0.002922492567449808 -0.00034950132217813064 0.9999999305088165 0.00012973506894755634 -0.016585087403655052 0.0010469200526352343 -0.00012936910581177492 0.9999994436108642 0.7791242003440857
0.9999992084545207 0.00038328192510323535 -0.0011984094867233026 -0.00322940805926919 -0.00038311808642014204 0.9999999172339783 0.00013694001723171898 -0.016860829666256905 0.0011984618741691453 -0.0001364807764881662 0.9999992725308022 0.7916764616966248
0.9999995907818665 0.000270382819167035 -0.0008633245221576846 -0.002470218576490879 -0.0002702333113017019 0.9999999484724638 0.0001732888545432354 -0.016329854726791382 0.0008633713320017206 -0.00017305548458594318 0.9999996123207959 0.7664003372192383
0.9999993460643106 0.0003523601296499637 -0.0010879858869051982 -0.002971662674099207 -0.00035221149007950574 0.9999999286153705 0.00013680760276004158 -0.01665637269616127 0.0010880340147843746 -0.00013642431216625523 0.9999993987850141 0.7812657356262207
0.9999994732342076 0.0003086176648485611 -0.0009789210616125397 -0.002732816617935896 -0.0003084842490305711 0.9999999431112461 0.0001364367008770106 -0.01656014285981655 0.0009789631126989643 -0.00013613464727827194 0.9999995115491719 0.7731212973594666
0.999998181642772 0.00042817382629340854 -0.0018583267537596658 -0.004385983105748892 -0.0004279457662145978 0.9999999008520315 0.00012311924372823745 -0.018327269703149796 0.0018583792859480212 -0.00012232375678695594 0.99999826573016 0.8477585315704346
0.9999972340950843 0.0003989437853769797 -0.002317896899555718 -0.005175251979380846 -0.00039880980017668215 0.9999999187778725 5.826655501684042e-05 -0.019683413207530975 0.00231791995637122 -5.7341993857747516e-05 0.9999973119758729 0.8963965177536011
0.9999981648654542 0.0003604609277651464 -0.0018815774347852874 -0.004313233774155378 -0.00036036273344731566 0.9999999336898577 5.252599648004318e-05 -0.018703144043684006 0.001881596243587043 -5.1847849700180476e-05 0.9999982284521189 0.8536525964736938
0.9999983478020588 0.00039110626699663086 -0.001775226475891019 -0.004164948593825102 -0.00039097534518236674 0.9999999208240432 7.40957948171895e-05 -0.01829524151980877 0.0017752553146654752 -7.340160261208146e-05 0.9999984215391405 0.8402873873710632
0.9999988020938154 0.00030680487590676025 -0.0015171294283516205 -0.003746290225535631 -0.0003066630602447717 0.999999948588283 9.370805123331675e-05 -0.017777882516384125 0.0015171581004404218 -9.324269142657692e-05 0.9999988447678821 0.8275390267372131
0.999999161026993 0.000384711743591679 -0.00123690831687324 -0.003375748638063669 -0.0003845633308602698 0.9999999188288008 0.00012022244504391875 -0.016995439305901527 0.0012369544674583604 -0.000119746674598227 0.9999992278018915 0.8002983927726746
0.9999992613667055 0.00040863968629505657 -0.0011446744735115128 -0.0032340162433683872 -0.0004084797279000463 0.999999906776115 0.00013997168668121622 -0.016734471544623375 0.0011447315647866469 -0.000139504006975994 0.9999993350639172 0.7884809970855713
0.9999993462243881 0.00036847708792965507 -0.0010824857651819744 -0.0030910619534552097 -0.0003683259101869735 0.9999999223884404 0.00013985398419713436 -0.01667550951242447 0.0010825372141573981 -0.0001394551852092852 0.9999994043325382 0.7865138053894043
0.9999992169541285 0.00037017729236874674 -0.0011954329349297174 -0.003268477041274309 -0.00037001657070437924 0.9999999224765649 0.00013466477474101212 -0.017152538523077965 0.001195482692097341 -0.00013422233929722647 0.9999992764024864 0.8024976849555969
0.9999986932542265 0.0003958568729440695 -0.001567414168590861 -0.003983892034739256 -0.00039560114119740114 0.999999908389975 0.00016346185804859423 -0.018087711185216904 0.0015674787324999823 -0.00016284157361167852 0.9999987582457517 0.8381785154342651
0.9999954281096686 0.00040088346317636325 -0.002997174037224142 -0.00672524468973279 -0.00040042366051617627 0.999999907970815 0.00015401056279603178 -0.02103549987077713 0.002997235501684438 -0.00015280971927743948 0.9999954966041281 0.9633251428604126
0.999995376431432 0.0004116499400329222 -0.003012915545686046 -0.00677389046177268 -0.00041175976441237025 0.9999999145850146 -3.583098808458902e-05 -0.02165316231548786 0.0030129005385138127 3.707141981284481e-05 0.9999954605177239 0.9765033721923828
0.9999991710544985 0.00037126488631190896 -0.001232904173012827 -0.003496334422379732 -0.00037113441319170255 0.9999999255060077 0.00010605294090746748 -0.017503762617707253 0.0012329434549019224 -0.00010559527982858649 0.9999992343497438 0.8135170936584473
0.9999991607553439 0.00038486474672033856 -0.001237080326568788 -0.003421058412641287 -0.0003846698915936112 0.9999999135726048 0.00015774618012228238 -0.017407577484846115 0.0012371409305948166 -0.00015727018017952992 0.9999992223739017 0.8107819557189941
0.9999983850464524 0.0003296322476302867 -0.001766705144741665 -0.004434730391949415 -0.00032934809086757494 0.9999999327837242 0.00016112846491374324 -0.01863972842693329 0.0017667581391283716 -0.0001605463437322106 0.9999984263940366 0.8643391132354736
0.9999990020941183 0.0003758549424654314 -0.0013618163714768754 -0.0036672926507890224 -0.0003757162664950457 0.9999999242078628 0.0001020860197603648 -0.018024709075689316 0.0013618546377969858 -0.00010157426132538212 0.9999990675168725 0.8241743445396423
0.9999977658459309 0.0003874524093829277 -0.0020780240079144342 -0.0049928841181099415 -0.00038713802299008014 0.9999999135569713 0.0001516911378678074 -0.019460193812847137 0.002078082601380594 -0.00015088631686028454 0.999997829400655 0.8915314674377441
0.9999959365432814 0.00044963862579940517 -0.0028150882813068687 -0.00611900957301259 -0.00044934997833406495 0.9999998937205273 0.0001031674900219361 -0.020887814462184906 0.0028151343702092118 -0.00010190211094709191 0.9999960323093474 0.9373831152915955
