0.9999993078633015 0.0003483410055553891 -0.0011238022343947902 -0.003024318255484104 -0.00034891806510289447 0.9999998073725173 -0.0005133333347299273 -0.019065702334046364 0.0011236232028695894 0.0005137250943342711 0.9999992367784216 0.6851391792297363
0.9998518412748811 0.0013133534632580731 -0.01716305922353326 -0.02008727565407753 -0.0013232980245605225 0.9999989630873487 -0.0005680726763228405 -0.023944035172462463 0.017162295346723182 0.0005907003537652585 0.999852542473901 0.48662346601486206
0.9999833273475293 0.0004416191637909956 -0.005757603622934308 -0.008729102090001106 -0.0004444890795531933 0.9999997776174652 -0.0004971865633878823 -0.019676726311445236 0.005757382775429448 0.0004997374659038878 0.9999833012635976 0.6952523589134216
0.9999973338296911 0.00024075485679924807 0.002296599792879737 0.0004580467939376831 -0.0002399460360922075 0.9999999091021435 -0.000352450854714357 -0.017822103574872017 -0.002296684438378793 0.00035189885500356107 0.9999973007002503 0.8557712435722351
0.9999974029755101 0.0001282241982501285 0.002275434198277338 0.0006861272267997265 -0.00012726190895872997 0.9999999024193652 -0.00042304333925490814 -0.017906013876199722 -0.002275488220632025 0.00042275266450121293 0.9999973217131848 0.8369288444519043
0.9999979286258456 9.876076742339314e-05 0.0020329757324326517 0.0008046929724514484 -9.785502061967465e-05 0.9999998959225972 -0.0004456222496226561 -0.017716405913233757 -0.0020330195308411714 0.00044542238969002917 0.9999978342128955 0.7631945610046387
0.999999937538613 0.00028428483766004 -0.00021001166774261627 -0.002092944923788309 -0.00028435731887181773 0.9999998999957497 -0.00034518025068090333 -0.01828545704483986 0.00020991351722902864 0.0003452399474752373 0.9999999183728434 0.7458876371383667
0.9999515285695514 0.0006171608324230163 -0.009826475661433255 -0.013662340119481087 -0.0006216584638439928 0.9999997034135691 -0.0004546575945887393 -0.02073761075735092 0.009826192150174365 0.0004607442684494522 0.9999516156607514 0.6877466440200806
0.9999960087370374 0.00017573364043898588 0.0028198630609896328 0.0013130030129104853 -0.00017488661986123978 0.9999999395210628 -0.0003006202605289931 -0.017591340467333794 -0.0028199157195400843 0.0003001259043552734 0.9999959789918039 0.809696614742279
0.9999987818404672 0.00014300578196867962 0.0015543059310442228 0.00023048976436257362 -0.0001422514591918045 0.999999872070155 -0.00048541136726652285 -0.017889807000756264 -0.001554375148834259 0.00048518967367131716 0.9999986742535595 0.7542675733566284
0.9999971494706899 0.00023673883033210766 0.002375921972803335 0.0006558201275765896 -0.0002361854593562853 0.9999999449204116 -0.00023318576799297999 -0.017604656517505646 -0.0023759770460644956 0.00023262394506757238 0.9999971503055279 0.8331626057624817
0.9999974126159619 0.0001426588351008764 0.0022703325392129923 0.0010985247790813446 -0.0001416572596560928 0.9999998925881434 -0.0004413127266427165 -0.017666874453425407 -0.002270395252511857 0.0004409899757111987 0.9999973254130426 0.7591644525527954
0.9999952037442391 0.00013927812643341943 0.003094041066478896 0.0020022601820528507 -0.00013791199466063904 0.9999998929206485 -0.0004417453714417667 -0.017715521156787872 -0.0030941022606386804 0.00044131654734294405 0.9999951158735255 0.7829210162162781
0.9999925973014748 6.898497717650985e-05 0.003847152625445289 0.0031301858834922314 -6.695209757962973e-05 0.9999998580826162 -0.0005285377604875482 -0.01757754385471344 -0.003847188540632797 0.0005282762729438656 0.9999924600038305 0.7252427339553833
0.9999944355033262 0.00013966283970319742 0.003333085158722431 0.0022249161265790462 -0.00013847843363335268 0.9999999271945665 -0.0003555764128357148 -0.017500145360827446 -0.0033331345768672685 0.00035511287382000185 0.999994382038589 0.7734401822090149
0.9999987087962499 0.0003387916057871746 0.0015708679386930928 -0.0011701788753271103 -0.0003384659781484606 0.9999999211813152 -0.0002075527522808784 -0.01801697164773941 -0.0015709381320095789 0.0002070207989345745 0.9999987446470991 0.9252858757972717
0.9999989252068356 0.0003595108446633166 0.0014213856359635811 -0.001530421432107687 -0.0003591800410341406 0.9999999083546276 -0.00023298161846073618 -0.018108343705534935 -0.0014214692651186092 0.00023247083470263451 0.9999989626906817 0.9441351890563965
0.9999973913229044 0.00020231053595335915 0.002275174242313582 0.00033075083047151566 -0.00020131748180267155 0.9999998843846137 -0.0004366944361018332 -0.017989367246627808 -0.0022752623271538493 0.0004362352645579351 0.9999973164364675 0.8633334040641785
0.999996442563592 0.00017654615995906298 0.0026615205456411886 0.0012145054060965776 -0.00017560700090442824 0.9999999222429901 -0.0003530951655476845 -0.01770256645977497 -0.0026615826762848853 0.0003526265277932213 0.9999963958095999 0.8112593293190002
0.9999982754931123 0.0001787001013818376 0.0018485337634687354 5.48437237739563e-05 -0.00017806420736053268 0.9999999249242023 -0.00034415799742306427 -0.017833830788731575 -0.00184859512575762 0.0003438282462208561 0.9999982322375363 0.8533018231391907
0.9999967323042233 0.0002196942365722497 0.0025469816093260235 0.0009192847646772861 -0.00021909779986357473 0.9999999485145361 -0.00023445059060657944 -0.01760743372142315 -0.002547032985637011 0.00023389178642647834 0.9999967289534514 0.8065144419670105
0.999995898844107 0.00017682349901849482 0.0028585010786379293 0.0014951641205698252 -0.0001760200855476074 0.999999944940738 -0.0002813102387599377 -0.017542976886034012 -0.002858550663511697 0.00028080593145839454 0.9999958749095582 0.7971633076667786
0.999996676951047 0.0002714741089242553 0.002563667035997477 0.0006884001195430756 -0.0002708354304550238 0.9999999322062426 -0.00024947079920868687 -0.01764429546892643 -0.002563734587059774 0.00024877563833977103 0.999996682682322 0.8458678722381592
0.9999341013457752 -5.2039485866205146e-05 0.011479993802652449 0.01080101914703846 5.85146273296343e-05 0.9999998394081164 -0.0005637018535549675 -0.016002696007490158 -0.01147996262430398 0.0005643364539205429 0.9999339438095456 0.6822586059570312
0.9999428027911044 0.00014028029882092382 0.010694459673531234 0.009717119857668877 -0.00013494319231061386 0.9999998660084509 -0.0004997733640647075 -0.01626010425388813 -0.010694528348920866 0.0004983016338948192 0.9999426877370904 0.707394003868103
0.999998289733427 0.00048409400520187036 0.0017849882955272352 -0.0013988558202981949 -0.0004838059681654461 0.9999998698771364 -0.00016179460819151195 -0.018225092440843582 -0.0017850663870593462 0.0001609307434891203 0.9999983938183549 0.9568570852279663
0.9999985710021975 0.0002834529906806049 0.0016666277223950246 -0.001034506130963564 -0.00028293442728541586 0.9999999114975255 -0.00031137284865695946 -0.01812812127172947 -0.0016667158344595156 0.0003109008573457091 0.9999985626984591 0.9325988292694092
0.9999962476102306 0.0002726687720865041 0.0027258791607655992 0.0010718600824475288 -0.0002716400048874501 0.9999998917505383 -0.00037777059115571735 -0.017771143466234207 -0.0027259818719338677 0.000377028715784663 0.9999962134289216 0.8318877816200256
0.9998881144235484 -0.00040507321094533633 0.014953078285570829 0.013201620429754257 0.00041189654820676387 0.9999998124575095 -0.0004532396485659846 -0.01446444634348154 -0.014952891885993518 0.0004593480589175263 0.9998880937502987 0.7603844404220581
0.9984427934719428 -0.0013309409459392484 0.05576931737203195 0.056446731090545654 0.0013303387707955497 0.9999991139506996 4.792255327399039e-05 -0.0072383880615234375 -0.055769331739755686 2.6344157159624914e-05 0.998443679404746 0.4082190990447998
0.9980009384080352 -0.0014657036007355048 0.06318210703700748 0.06431296467781067 0.001454890273058505 0.9999989180689413 0.00021715257365680183 -0.005995181389153004 -0.06318235695963263 -0.00012479543932772473 0.9980019910777351 0.34163331985473633
0.998437631244776 -0.0011149764019035412 0.05586638830229963 0.05716022849082947 0.0011155234469743707 0.9999993775747068 2.1392467908647952e-05 -0.00798788946121931 -0.05586637738174342 4.0961221063799613e-05 0.9984382535742601 0.3634081780910492
0.9986599351501374 -0.0012044784750154711 0.051738604131989926 0.052549950778484344 0.001205971910168904 0.9999992728128421 2.3535527111705966e-06 -0.008139537647366524 -0.05173856934314501 6.004490445661858e-05 0.9986606615046646 0.40241220593452454
0.9996629296064392 -0.0007264043825993106 0.02595186905300016 0.025631869211792946 0.0007345410464900333 0.9999996840174581 -0.0003039974256222968 -0.012350533157587051 -0.02595164002760034 0.0003229576701429639 0.9996631473042412 0.5937725305557251
0.9990394295439265 -0.0008317554853298759 0.04381240006389622 0.04401300847530365 0.000836378495768116 0.9999996464345928 -8.718773770681244e-05 -0.00961232092231512 -0.04381231205446805 0.0001237477370032718 0.9990397719805453 0.48972827196121216
0.9990531895414452 -0.0008217983826067372 0.04349769090979041 0.04367437958717346 0.0008266811034495962 0.9999996538562038 -9.42646587180607e-05 -0.009668519720435143 -0.04349759838679048 0.00013013412707212936 0.9990535230905752 0.49408042430877686
0.9999228143122301 0.00028663708924443716 0.012421081156188557 0.01081889308989048 -0.00028276801366565327 0.9999999109590455 -0.0003132477480045633 -0.015464745461940765 -0.012421169838626336 0.00030971128531557586 0.9999228063299486 0.7265013456344604
0.9999911136476132 0.0006684616493598725 -0.004162425354266797 -0.007202344015240669 -0.0006686717808896318 0.9999997752340116 -4.909150476829201e-05 -0.019135218113660812 0.004162391602906901 5.187436489833917e-05 0.9999913358650636 0.8229870796203613
0.9990735491811273 0.0022115673979497667 -0.04297850970275349 -0.055970944464206696 -0.0021587860017798425 0.999996857690509 0.0012744614966560856 -0.028254050761461258 0.04298119320847049 -0.0011804993656352235 0.9990751840835722 0.932268500328064
0.9987841005525587 0.002254791263153962 -0.049246689226541615 -0.060915641486644745 -0.002207178474677358 0.9999970427709822 0.0010211818991298282 -0.030182307586073875 0.049248846144827454 -0.0009112440122129913 0.9987861236459751 0.8652209639549255
0.9980477871436066 0.0026925404836153637 -0.06239683328097897 -0.07275382429361343 -0.0026463401589907625 0.9999961597223908 0.0008230578556956596 -0.03553224354982376 0.06239880977641405 -0.000656327825862909 0.9980510797410481 0.6810784935951233
0.9917837940768088 0.005431920875026958 -0.12781001542217837 -0.14587540924549103 -0.005211204471688709 0.999984297190362 0.0020612425019730764 -0.05390215665102005 0.12781920495201135 -0.001378262785224573 0.9917965271350422 0.6215049624443054
0.9948713797022493 0.0044997149544073805 -0.10104796096246639 -0.11908011883497238 -0.004314670500021674 0.9999885910397694 0.0020497338298413963 -0.045983679592609406 0.10105603132826506 -0.00160323286706459 0.9948794440416159 0.6595712304115295
0.9936588929634733 0.004046082833977757 -0.11236384493379215 -0.12803742289543152 -0.003973097158795551 0.9999917257435684 0.0008734662939272723 -0.04914768785238266 0.11236644932350345 -0.00042149507760688774 0.9936667466551993 0.5851669907569885
0.9797669928215567 0.00797817353668642 -0.19998247054285248 -0.23690016567707062 -0.007165500107872896 0.9999628684555939 0.004787203595542908 -0.07150459289550781 0.20001323802590773 -0.0032573696565821194 0.9797877801632926 0.8802192807197571
0.9950930283096788 0.004652252608256422 -0.09883431365240228 -0.11474000662565231 -0.004509090743992996 0.9999884364777649 0.001671828764329099 -0.04629805311560631 0.09884094854934819 -0.001217972259032524 0.9951024989584947 0.537266194820404
0.986709598736339 0.006589456980309751 -0.16235992984193318 -0.19338130950927734 -0.006035304426708584 0.9999741584133404 0.0039060985661567003 -0.06000431999564171 0.16238147327219868 -0.0028742933455419522 0.9867238699736183 0.9316085577011108
0.994691645702061 0.0046373872604445416 -0.10279603401844883 -0.12928108870983124 -0.004335978180618834 0.9999856213698527 0.0031553679289036025 -0.041954025626182556 0.10280918861533059 -0.0026928967574384828 0.9946974510087533 1.1090487241744995
0.9980117697183551 0.003076704804100971 -0.06295269169134228 -0.08186860382556915 -0.002937238029912452 0.9999930232119203 0.002307847533810366 -0.032975442707538605 0.0629593530493477 -0.002118351961337061 0.9980138438160943 1.059312105178833
0.9996949023736657 0.0014912964368316757 -0.02465518612877967 -0.03350032866001129 -0.0014637526993521264 0.9999982844098965 0.0011351675202964308 -0.023770233616232872 0.024656836701864568 -0.001098732088131466 0.9996953701961695 0.9290052056312561
0.9997847748085844 0.0013434644546591549 -0.02070263664867573 -0.028472932055592537 -0.0013238619757453556 0.9999986623799473 0.0009605351556616375 -0.023131508380174637 0.020703899401252886 -0.0009329209908420449 0.9997852160379286 0.9062273502349854
0.9999267752941019 0.0011385405127161859 -0.012047729057373708 -0.017458241432905197 -0.0011335075424890894 0.9999992674490655 0.0004245727074581924 -0.02126896381378174 0.01204820362502656 -0.00041088542649015834 0.9999273333410666 0.9095185995101929
0.9997916577108211 0.0014863313652961362 -0.02035760277933828 -0.027742302045226097 -0.0014712567508073553 0.9999986323501447 0.0007554478233039455 -0.023328229784965515 0.0203586977830604 -0.000725339171055727 0.9997924771209601 0.9048378467559814
0.9997084074726832 0.0015081457797489922 -0.024100322087863894 -0.03190881758928299 -0.00148907707436615 0.9999985639629234 0.0008091486622450379 -0.023638663813471794 0.024101507793047972 -0.0007730254834357605 0.9997092175996497 0.8570165634155273
0.9998961213286165 0.00109862556860914 -0.014371484747540872 -0.020569676533341408 -0.0010866813847382026 0.9999990576968125 0.0008388856031795042 -0.021907106041908264 0.014372392826417774 -0.0008231812359114015 0.9998963729792684 0.9254109859466553
0.9999998212622181 0.0005386006668917896 -0.00025958592810710284 -0.0030904626473784447 -0.0005384942687383743 0.9999997710553136 0.0004097721848841973 -0.018609914928674698 0.00025980657224833624 -0.0004096323261078949 0.9999998823509445 0.9041285514831543
0.9999990743800248 0.00046881782409296526 0.001277281856841215 -0.0008260086178779602 -0.0004686823295000558 0.9999998845103258 -0.00010637767246922694 -0.018032381311058998 -0.0012773315810772888 0.00010577893456783587 0.9999991786170873 0.8710200190544128
0.9999988305158057 0.000506235623581627 0.001443153669687157 -0.00043403031304478645 -0.0005060409974689924 0.9999998628185304 -0.00013522362693244432 -0.017894670367240906 -0.0014432219267303187 0.0001344931738680404 0.9999989495104764 0.8611392974853516
0.9999989573190529 0.0004093832555559994 0.0013848343430085811 -0.0006303968839347363 -0.0004092914183433674 0.9999999140225413 -6.659913926126944e-05 -0.018098708242177963 -0.0013848614885164912 6.603226900719524e-05 0.9999990388987369 0.8601452708244324
0.9999997848481466 0.0005565103301076369 -0.00034727498207999167 -0.0028708558529615402 -0.0005564676936297672 0.9999998376246791 0.0001228589492007093 -0.018651539459824562 0.0003473432979654814 -0.0001226656754590453 0.9999999321528804 0.8805750608444214
0.9999627025823198 0.0008449139158125129 -0.008595322259107504 -0.013020886108279228 -0.0008410995548301147 0.9999995462026326 0.00044737687409221455 -0.020324014127254486 0.008595696353519424 -0.0004401306663643244 0.9999629594585964 0.8807238936424255
0.999830146189525 0.0012529109993964563 -0.018387740063980265 -0.02490806207060814 -0.0012435329466215798 0.9999990908618233 0.0005214415954178001 -0.02268783375620842 0.018388376666894232 -0.0004984872659924052 0.9998307952418759 0.8672027587890625
0.9996285703842895 0.0014988097040148237 -0.02721166736774033 -0.03503001481294632 -0.0014793771817494723 0.9999986361646238 0.0007342424984015967 -0.02464243210852146 0.02721273074528743 -0.0006937134592113854 0.9996294243603581 0.8517648577690125
0.9990675556080822 0.0020541754437286954 -0.04312539500732957 -0.05232307314872742 -0.0020172660922192533 0.9999975608900268 0.0008993617240545622 -0.029096785932779312 0.04312713726651709 -0.0008115277221968145 0.9990692625909134 0.806740403175354
0.9991860849990164 0.002023652999312715 -0.04028737237494183 -0.050536952912807465 -0.0019813766587211774 0.9999974438150607 0.0010892703434946676 -0.02808637171983719 0.04028947369816499 -0.0010085593107570523 0.9991875405134123 0.8607956171035767
0.9996634314392104 0.0016362638994504586 -0.025891050261328104 -0.030192336067557335 -0.001649887194111093 0.9999985115112534 -0.0005048242512653363 -0.026837609708309174 0.025890185697093233 0.000547371655561888 0.9996646431022961 0.4449760913848877
0.9996143010983382 0.0018369964856615175 -0.0277105482369497 -0.032057590782642365 -0.0018544167572083076 0.9999980987834579 -0.0006029659689712722 -0.027146466076374054 0.027709387906831032 0.0006541203106613291 0.9996158071721594 0.4279855191707611
0.9999736420894513 0.0008165839961392974 -0.007214451949736721 -0.00933950673788786 -0.0008206892764502361 0.9999995030034958 -0.0005660935195420276 -0.02140003629028797 0.007213986101270946 0.0005719994218502918 0.9999738152677758 0.5206397175788879
0.9998790326149357 2.9417431787364154e-05 0.015553754261770528 0.016166094690561295 -2.1229521724622556e-05 0.9999998611253651 -0.0005265914530530423 -0.016352679580450058 -0.01555376759271673 0.0005261975538979694 0.9998788943816179 0.4696803689002991
0.9998906599200176 4.40374595832846e-05 0.014787368441141266 0.015249213203787804 -3.635247053966974e-05 0.9999998641558986 -0.0005199679627938369 -0.016549330204725266 -0.014787389330432632 0.0005193735520795809 0.9998905256916397 0.4701637029647827
0.9999438785578927 0.00023735749567904723 0.010591666347514059 0.010812497697770596 -0.00023098367213521032 0.9999997915208909 -0.0006029964489997493 -0.017790133133530617 -0.010591807265099933 0.0006005161059824663 0.99994372491619 0.4528936743736267
0.9998034421406236 -0.00014497353352945798 0.019825641639950847 0.021202949807047844 0.00015598785266550608 0.9999998343681398 -0.0005540139738903669 -0.015659529715776443 -0.019825558038829516 0.000556997637356726 0.9998032991554295 0.44909292459487915
0.9998974304341892 0.00012330366796581553 0.01432178087078646 0.015465522184967995 -0.00011524060676680099 0.9999998344150837 -0.0005638168209414468 -0.017299789935350418 -0.014321848019997658 0.0005621085397773956 0.9998972790758465 0.4286009669303894
0.9997282597069325 -0.00017765450635129134 0.023310409310536503 0.025634827092289925 0.00018983187992856104 0.9999998466836787 -0.0005201888856768702 -0.015431629493832588 -0.0233103133227706 0.0005244725882179492 0.9997281401567621 0.3789423704147339
0.9997288211620547 -0.00011108271801212372 0.023286730095875282 0.02552766166627407 0.00012085353895612569 0.9999999052597034 -0.0004181805906480971 -0.01565556973218918 -0.023286681437046933 0.0004208814726642765 0.9997287398721892 0.3664098381996155
0.999750871297377 -0.00022262732827715162 0.022319179581875535 0.02379455976188183 0.00023453388986450648 0.9999998315952556 -0.000530851499791305 -0.014882439747452736 -0.02231905764116869 0.0005359538534517983 0.9997507551482405 0.4533386826515198
0.9998403035910317 -3.0022957447213287e-05 0.017870825767585665 0.01944228634238243 4.003910848414448e-05 0.9999998423326338 -0.0005601174673687684 -0.016183452680706978 -0.01787080613355675 0.0005607435505522388 0.9998401471509369 0.44060564041137695
0.9997200310796613 -0.0002474499055178087 0.023660055507649037 0.0247097946703434 0.0002559664291067787 0.9999999035425668 -0.00035692582419439504 -0.013978596776723862 -0.023659964904199342 0.00036288207597751543 0.9997199979881021 0.4652472138404846
0.9997196512249605 -0.0003717128178309364 0.023674475373798506 0.024637509137392044 0.000383625425643647 0.9999998020928832 -0.0004986438885245469 -0.014279796741902828 -0.023674285336126442 0.0005075862250133816 0.9997195959718145 0.4936840534210205
0.9998625901657353 -6.725719830886465e-05 0.016576979928095863 0.017291473224759102 7.680045308050101e-05 0.9999998317053947 -0.0005750572778925816 -0.01570511795580387 -0.01657693846153819 0.0005762513789365178 0.9998624270596386 0.5127303004264832
0.9999124934248568 2.5173433710510558e-05 0.013228940213942737 0.013785014860332012 -1.701064571748863e-05 0.9999998094167801 -0.0006171523649438521 -0.01661675237119198 -0.013228953228572864 0.000616873327238857 0.9999123032865305 0.5092635154724121
0.9999097549694704 7.93598103542531e-05 0.013434121441857315 0.01384469773620367 -7.145694226383586e-05 0.999999824135244 -0.0005887473030514909 -0.01645815558731556 -0.013434165802143138 0.0005877342102929167 0.9999095847913945 0.5111468434333801
0.9998410411570381 -0.00012125532195190865 0.01782912547370105 0.018760498613119125 0.0001314595471756619 0.9999998282451891 -0.0005711637066800516 -0.01559336856007576 -0.017829053154823835 0.0005734167239194067 0.9998408853696988 0.4975038170814514
0.9999063037742161 3.649239221477162e-05 0.013688766960181243 0.014477291144430637 -2.836096274490877e-05 0.9999998230516592 -0.0005942157063104605 -0.016601119190454483 -0.013688786222329259 0.0005937718039316964 0.9999061278774143 0.4994420111179352
0.9999607888374086 0.0002259263043750884 0.008852668805084458 0.009048448875546455 -0.00022030259736729955 0.9999997733418788 -0.0006362255546583897 -0.017408030107617378 -0.008852810538643494 0.0006342503415833286 0.9999606119603266 0.5271304249763489
0.999959245086145 0.0002536646679650379 0.009024623038294984 0.009041901677846909 -0.00024892411447100383 0.9999998304644268 -0.0005264103940443886 -0.017065495252609253 -0.009024755040018161 0.0005241424939358848 0.9999591387007339 0.5430494546890259
0.9999896103262704 0.00034800345294126744 0.004545121902720419 0.003788890317082405 -0.00034509647837700135 0.9999997354302377 -0.0006403498069323115 -0.017938371747732162 -0.004545343544162501 0.0006387746483443217 0.999989465854023 0.5817110538482666
0.9999975668342695 0.0004988429392216776 0.0021488325349770404 0.0016991388984024525 -0.000497233100926813 0.9999995954010479 -0.0007496379023749703 -0.0193604938685894 -0.0021492056171362206 0.0007485676077169766 0.999997410277523 0.508015513420105
0.9999931484464709 0.0005501218182432347 0.003660659243872991 0.003391302190721035 -0.0005479059614188543 0.9999996661046882 -0.000606291654166595 -0.01918056607246399 -0.0036609915558632063 0.0006042818031044311 0.9999931159684703 0.4607924818992615
0.9999762629675645 0.00032998758525169233 0.006882195116225116 0.006385825574398041 -0.0003249860376754248 0.9999996823143334 -0.0007278429139926 -0.017980992794036865 -0.006882433108976005 0.0007255890198404114 0.9999760525307967 0.5219534635543823
0.999998472802539 0.0005738524242681466 0.001650783445884582 0.0011945217847824097 -0.0005726514996504159 0.9999995711388514 -0.0007278683764564855 -0.019579773768782616 -0.0016512004269600745 0.0007269219412418649 0.9999983725594965 0.4919198155403137
0.999695040393311 -0.0003539406495328112 0.0246921230159207 0.025259356945753098 0.00035818428224892833 0.9999999218340689 -0.00016743917247273566 -0.012668903917074203 -0.024692061822308445 0.0001762324406482138 0.9996950890271946 0.5103813409805298
0.9996062853747457 -0.00028872842658813036 0.028056922054963702 0.028977977111935616 0.00030184466339896657 0.9999998471434322 -0.0004632525357156205 -0.01350903045386076 -0.028056784012103136 0.0004715389786108147 0.9996062197294944 0.4742733836174011
0.9999996331818741 0.0006483097581613364 0.0005597593896128716 -0.0001922929659485817 -0.0006479244048210315 0.9999995531951296 -0.0006883338625720805 -0.019705021753907204 -0.0005602053930696285 0.0006879709283093852 0.999999606432882 0.4921784996986389
0.9999942156817956 0.0005193990585472862 0.003361372869594543 0.0028563248924911022 -0.0005171039597131211 0.999999632634057 -0.0006836192257257581 -0.018898408859968185 -0.003361726705922876 0.0006818770922336862 0.9999941169012874 0.510191023349762
0.9999948687450794 0.000531815028185386 0.0031590593990904066 0.002909728093072772 -0.000529583486654044 0.9999996097125957 -0.0007071887914327301 -0.019229061901569366 -0.0031594342597763623 0.0007055121769756469 0.9999947601001348 0.4844900071620941
0.999995839169447 0.0005068059386584043 0.002839857660845146 0.0024879607371985912 -0.0005048427475196614 0.9999996331532829 -0.000691973337562137 -0.019176214933395386 -0.002840207315249556 0.0006905367768342664 0.9999957281815589 0.5008540749549866
0.9999976319492851 0.0005338156224674056 0.0021097717182070454 0.001547889318317175 -0.0005323972131815842 0.9999996319405116 -0.0006728090727863918 -0.019096486270427704 -0.0021101300976795376 0.0006716842429571634 0.9999975480926182 0.5166386365890503
0.9999895307417886 0.0003117117462872117 0.004565220980952035 0.004046039655804634 -0.000308981956361663 0.999999773076176 -0.0005986465965205266 -0.017970208078622818 -0.004565406550170643 0.0005972297582248124 0.9999894001336455 0.5733632445335388
0.9999922675212418 0.00020982159427672292 0.003926941892112599 0.002731106011196971 -0.0002086408520123728 0.9999999329085448 -0.00030108454124189654 -0.01766994409263134 -0.003927004802686807 0.00030026289260990345 0.9999922442076614 0.7487095594406128
0.9999929608919917 9.327256580474524e-05 0.003750928777741382 0.00275914603844285 -9.128366965487094e-05 0.9999998551669492 -0.0005304086839345755 -0.01772434264421463 -0.0037509777070618 0.0005300625517871146 0.9999928245742227 0.7571568489074707
0.9999751758521218 6.572083138104834e-05 0.007045804445910027 0.006096739787608385 -6.184187306556634e-05 0.9999998464244826 -0.0005507509361015448 -0.016864512115716934 -0.00704583955965637 0.0005503015384346742 0.9999750263447162 0.6513617038726807
0.9999849777095186 9.58923654762191e-05 0.005480434284561296 0.004383595194667578 -9.29468669145516e-05 0.9999998511147754 -0.0005377093139948418 -0.017045361921191216 -0.005480485030823665 0.0005371918471732515 0.9999848377394258 0.6859626173973083
0.9998067033621755 -0.00046500272945947444 0.019655525546790262 0.018686167895793915 0.0004740678523685064 0.999999783414166 -0.0004565427609000164 -0.013494950719177723 -0.019655308996051935 0.0004657725655024524 0.999806707261052 0.6306999325752258
0.9990442974602446 -0.0008581166180619545 0.043700747682797116 0.04366365820169449 0.0008686896301925785 0.9999995978353906 -0.00022295152521520088 -0.009212694130837917 -0.043700538789494196 0.0002607008362200187 0.9990446411169929 0.4656728506088257
0.9997065238118291 -0.00017924834087668063 0.024224659297926703 0.02346205711364746 0.00019236259006307144 0.999999836221486 -0.0005390302725478127 -0.013434456661343575 -0.02422455871016597 0.0005435319982040614 0.9997063945620556 0.6172441840171814
0.9998911208023699 -0.00013717304427368496 0.014755599755227729 0.013896678574383259 0.00014482636361410256 0.9999998555552411 -0.0005176048891793088 -0.015045253559947014 -0.0147555266224203 0.0005196855326297803 0.9998909962396111 0.6368779540061951
0.9998171861697676 -0.00037430819698162443 0.019116854682235524 0.01851470395922661 0.0003838208071985501 0.9999998043540537 -0.0004939366780715595 -0.014097332954406738 -0.019116666057553012 0.0005011838262107821 0.9998171342268625 0.6140744090080261
0.9996174908934701 -0.0005195225766945978 0.027651437505776387 0.027256855741143227 0.0005307711756461367 0.9999997793561516 -0.0003994616471756239 -0.012642590329051018 -0.027651223875312568 0.0004139854354511163 0.9996175460816287 0.562738299369812
0.9993016579529248 -0.00028998376388288734 0.03736458646837247 0.03784908354282379 0.0003018056365486104 0.9999999061731359 -0.0003107524371445234 -0.011553939431905746 -0.03736449284940914 0.000321812268454897 0.9993016517103184 0.4798552989959717
0.9999832705755863 8.271272456175669e-05 0.005783746844301889 0.005182599648833275 -7.939384749986482e-05 0.9999998320784658 -0.0005740554480329547 -0.01710580661892891 -0.005783793354776401 0.0005735866505007933 0.9999831092237428 0.6492551565170288
0.9999729538604557 0.00014497942697184628 0.007353266523173548 0.007015651557594538 -0.0001407365454213844 0.9999998233316204 -0.00057752052153212 -0.01695362851023674 -0.007353348952678143 0.0005764700285034708 0.999972797600758 0.622073769569397
0.9999779693467552 0.00014975719170981638 0.0066361430005087724 0.006202145479619503 -0.00014595967197674948 0.9999998253388235 -0.0005727286411593716 -0.017218001186847687 -0.006636227611665142 0.0005717474143177298 0.9999778165479373 0.6133096218109131
0.9999933896919679 0.00011880788360182999 0.0036340689392671457 0.0026728457305580378 -0.00011687611611769052 0.9999998517753899 -0.0005317792516633118 -0.017476886510849 -0.0036341315801761264 0.0005313510005753277 0.9999932553541413 0.6829695105552673
0.9999891584805366 0.00011392650112970743 0.004655098510312061 0.0038008224219083786 -0.0001114873404491966 0.9999998563755228 -0.0005242323024189835 -0.01720811054110527 -0.004655157565677964 0.0005237076343918298 0.9999890275589791 0.6966922283172607
0.9999937733606503 0.0003149648405162171 0.0035148310168426986 0.002974027767777443 -0.0003128858251367387 0.9999997758001667 -0.0005920321579139937 -0.018161829560995102 -0.0035150166981323698 0.000590928730740342 0.9999936477102475 0.5777453780174255
0.9999826239398528 0.0001926204499436761 0.005891919528353375 0.005438522435724735 -0.00018947497486785712 0.9999998392493393 -0.0005344160634512412 -0.017480535432696342 -0.0058920215206860185 0.0005332904061010211 0.9999824996887405 0.6006032824516296
0.9999624527315688 0.00014949295681068113 0.008664339497101419 0.008579742163419724 -0.00014464560429260136 0.9999998326917263 -0.0005600840728397669 -0.017009127885103226 -0.008664421776109845 0.0005588097845903853 0.9999623070530761 0.5742605328559875
0.9999806077015286 0.0002081612476929715 0.0062242180052443745 0.0059362673200666904 -0.0002046457098378042 0.9999998191945895 -0.0005654475415559143 -0.01745276339352131 -0.006224334584137837 0.00056416281671655 0.9999804694989304 0.5908568501472473
0.999972107761582 0.00010953124035855004 0.007468045377925068 0.0072524454444646835 -0.00010539986864969083 0.9999998412101102 -0.0005535978887985687 -0.016957495361566544 -0.007468104828338385 0.0005527953167123632 0.9999719605206994 0.6152700185775757
0.9999745671302657 0.0001195861035674026 0.007130974113141701 0.006810739170759916 -0.00011558027672438237 0.9999998353087894 -0.000562159758647015 -0.016926182433962822 -0.007131040165228059 0.0005613212613497919 0.9999744162650382 0.6331976652145386
0.9999775288764476 0.00021781974568516662 0.006700320642494721 0.006450630258768797 -0.00021383296990888228 0.9999997996945776 -0.0005957233132366085 -0.017355410382151604 -0.0067004490606847504 0.0005942771772021071 0.9999773751525692 0.5869951248168945
0.999987361415048 0.0003638273777223227 0.005014443120515079 0.0046218205243349075 -0.00036088442764611205 0.9999997621343931 -0.0005877870247702667 -0.018068678677082062 -0.005014655780763405 0.0005859699615385095 0.9999872548520826 0.5517450571060181
0.9999947680323593 0.0001925585709821067 0.003229060096222126 0.0023025325499475002 -0.00019081898340172853 0.9999998365183431 -0.0005390282024687903 -0.0177912600338459 -0.0032291633628304174 0.0005384092163257733 0.9999946412953883 0.6426563262939453
0.9999913477213136 0.00022608074640272064 0.004153717612843983 0.0034823077730834484 -0.00022381544238127054 0.9999998259910697 -0.0005458245856561139 -0.0176522359251976 -0.0041538402904897544 0.0005448901968846393 0.999991224314251 0.6299951672554016
0.999990810485461 0.00011344096576946333 0.0042855659811151725 0.0035587437450885773 -0.0001115502880228588 0.9999998963569289 -0.00044140986057944416 -0.01739594154059887 -0.004285615610906836 0.0004409277481175783 0.9999907194977146 0.7028939723968506
0.9999918609873407 0.00011062100120250357 0.004033078485333351 0.003066716715693474 -0.00010878375832751761 0.999999890224421 -0.00045576006779241636 -0.017254425212740898 -0.004033128459234833 0.0004553176249201907 0.9999917632464237 0.7388612031936646
0.9999881971834164 0.00013061440554339472 0.004856792536015439 0.0042373305186629295 -0.00012802808950130155 0.9999998498545744 -0.0005328223315708354 -0.017209673300385475 -0.004856861401062356 0.000532194236897094 0.9999880637620756 0.6980097889900208
0.9999836879516589 0.00019904348110806353 0.005708258253744771 0.005367949604988098 -0.00019593043276746328 0.9999998317952601 -0.0005459127370752257 -0.017551559954881668 -0.005708365953960246 0.000544785410610264 0.9999835587483384 0.5922266840934753
0.9999916219980202 0.00013164606398939307 0.004091283793990826 0.0032180803827941418 -0.00012945765411836264 0.9999998484244473 -0.0005351558638889464 -0.01741037145256996 -0.004091353625015325 0.0005346217323497566 0.9999914874663278 0.6653602719306946
0.9999822842212132 4.990790365884972e-05 0.0059522057194395395 0.004971576854586601 -4.7104127003254005e-05 0.9999998878817159 -0.00047118760313365253 -0.016780074685811996 -0.005952228568073949 0.0004708988822241502 0.9999821744557833 0.7014568448066711
0.9999727192030111 2.212669340682701e-05 0.0073864985036938705 0.0064660608768463135 -1.9055690277732604e-05 0.999999913361514 -0.00041582910562469095 -0.016394447535276413 -0.007386507064661954 0.0004156770066475551 0.9999726329885281 0.7209276556968689
0.9999649904987912 1.3807414999865098e-05 0.008367651170287057 0.0073111290112137794 -1.0343769156574971e-05 0.9999999142584338 -0.00041397600343570434 -0.01610013097524643 -0.008367656168770022 0.0004138749572902235 0.9999649049030476 0.7197576761245728
0.9999635484548329 2.5265873634575774e-05 0.008538215460769586 0.007669204846024513 -2.1356426638030426e-05 0.9999998949049577 -0.000457967222066922 -0.016115710139274597 -0.008538226134387433 0.00045776818268193425 0.9999634439032102 0.6974455714225769
0.9999553809074063 -1.9774553431686533e-05 0.009446470414416819 0.009068397805094719 2.430781852410101e-05 0.9999998846124089 -0.0004797752581144227 -0.0161754097789526 -0.00944645983706988 0.0004799834740662838 0.9999552660056402 0.6632105708122253
0.9999505759725782 2.8788936164598126e-05 0.009942071379067 0.009703600779175758 -2.3368957335161503e-05 0.9999998510663561 -0.000545271636371248 -0.016235074028372765 -0.009942085596148415 0.0005450123510090589 0.9999504277190626 0.6387638449668884
0.9999450359412019 5.76657685706254e-05 0.01048435840703747 0.010303042829036713 -5.242825053513688e-05 0.9999998737108283 -0.0004998295764911982 -0.016247287392616272 -0.010484385906033218 0.0004992524272597027 0.9999449126822871 0.6193941831588745
0.9999517693778579 -4.2870050805844166e-05 0.009821256551485231 0.009172365069389343 4.7219657595889644e-05 0.9999999009176914 -0.00044264535616763437 -0.015985406935214996 -0.009821236602143549 0.00044308776347824064 0.9999516723246372 0.6861777305603027
0.9999701741055684 2.1615748374142163e-05 0.007723369215496396 0.006886914372444153 -1.830151490166192e-05 0.9999999077313563 -0.0004291879935540292 -0.016371767967939377 -0.007723377780091266 0.0004290338432814536 0.9999700822352775 0.7027685046195984
0.9999961429839292 0.00021895575145912226 0.002768767892814115 0.001364735420793295 -0.00021799512325786633 0.9999999159482855 -0.00034724853998727796 -0.01755523681640625 -0.002768843692159442 0.0003466436227460122 0.9999961066638248 0.8109830617904663
0.9999835143724797 9.084729814691062e-05 0.005741317795896217 0.004789402242749929 -8.841127085083062e-05 0.9999999059703829 -0.0004245499649515046 -0.016847852617502213 -0.005741355825259547 0.0004240353687762249 0.9999834283763377 0.7565760016441345
0.9999902980213399 0.00018636961309644707 0.004401037327650798 0.003228716319426894 -0.00018478255596214555 0.9999999177622713 -0.0003610136533312756 -0.01713975891470909 -0.0044011042476943775 0.0003601969158582268 0.9999902502222624 0.7769283652305603
0.9999951073100409 0.0001539699082727127 0.0031243638148676536 0.0019321918953210115 -0.0001526704057996807 0.9999999017514202 -0.000416159702170852 -0.017549775540828705 -0.003124427583974515 0.00041568066813897403 0.9999950325685899 0.7947935461997986
0.9999782991841905 5.018225081230614e-05 0.006587764600774325 0.005591884721070528 -4.761542805549908e-05 0.9999999228978215 -0.00038979112595770375 -0.016496680676937103 -0.006587783653439371 0.00038946898794088044 0.9999782244731346 0.7452539801597595
0.9999885397252636 0.0001160267692670727 0.004786121177316219 0.0037450981326401234 -0.00011422641934278779 0.9999999226255678 -0.00037643217674183395 -0.01700318045914173 -0.004786164483202126 0.0003758811612410433 0.9999884756050404 0.773560643196106
0.9999978694051236 0.0003139396989839888 0.002040251719378133 3.3695250749588013e-06 -0.00031356782488361796 0.9999999341687729 -0.0001825860582780792 -0.01765221171081066 -0.0020403089060780336 0.0001819459119672985 0.9999979020154255 0.8661251664161682
0.999998796273105 0.0003125090506502272 0.0015197994716680452 -0.0010170289315283298 -0.000312187814896883 0.9999999288821364 -0.0002115998348678691 -0.017922809347510338 -0.0015198654904466662 0.00021112511728331543 0.9999988227168447 0.9155328273773193
0.9999981339162328 0.00025648613506088245 0.0019147790772704822 -0.0001588268205523491 -0.00025599034929672625 0.9999999336508507 -0.00025916642386863585 -0.017804766073822975 -0.001914845422820915 0.00025867577527756273 0.9999981332251826 0.8732109665870667
0.9999990512098466 0.0004179957987519157 0.0013125772049224316 -0.0018142303451895714 -0.00041783861804261683 0.9999999055028448 -0.00012002162650755915 -0.018121179193258286 -0.0013126272494232592 0.00011947306718684269 0.9999991313675679 0.9575764536857605
0.9999984626924162 0.00018831125254998156 0.001743316286860887 -0.0006203181110322475 -0.00018765709785522727 0.9999999119329099 -0.0003753917762039137 -0.018080057576298714 -0.0017433868238276688 0.00037506405343625324 0.9999984099634048 0.9044443368911743
0.9999979892188914 0.00025865480765768496 0.0019886316561684137 2.6151537895202637e-06 -0.0002579984693097102 0.9999999121711108 -0.0003302946561375771 -0.017775660380721092 -0.0019887169138098587 0.00032978092806401014 0.9999979681227236 0.8735440373420715
0.9999989074703095 0.000338063891746362 0.0014390173704814959 -0.0011381590738892555 -0.00033773976782630713 0.999999917546027 -0.00022547680293763016 -0.017965110018849373 -0.001439093477394296 0.000224990543204924 0.9999989391940468 0.9300441741943359
0.9999994157640759 0.0003703865777367651 0.001015522176106231 -0.002105348277837038 -0.0003702298495597612 0.9999999195272913 -0.00015451624421704432 -0.018185263499617577 -0.0010155793251273107 0.00015414017732061916 0.9999994724195811 0.971515417098999
0.9999993640770174 0.00028198429716618184 0.0010919388341156374 -0.002010804135352373 -0.0002816330708463883 0.9999999085656345 -0.0003217942458885197 -0.018272005021572113 -0.0010920294751991617 0.0003214865151651346 0.9999993520588133 0.9735013246536255
0.9999976490597317 0.00020946769658559074 0.0021582396284192283 0.00036144163459539413 -0.00020889446644076245 0.9999999428506723 -0.00026582278665851657 -0.01770954206585884 -0.0021582951863641057 0.00026537131740939323 0.9999976356671811 0.8635376691818237
0.9999982243716921 0.00034618738875110365 0.0018524059368299028 -0.0004110955633223057 -0.00034576968347797246 0.999999914726834 -0.00022580888063359936 -0.017791276797652245 -0.0018524839510561273 0.00022516797386650832 0.9999982587997814 0.8894094824790955
0.9999992744176035 0.00048485267524183806 0.0011027611478419067 -0.0021102260798215866 -0.0004847620245168933 0.9999998791022968 -8.24692113422403e-05 -0.01813993975520134 -0.0011028009999383616 8.19345747774459e-05 0.9999993885581527 0.9719105362892151
0.9999993823880041 0.0002670004178073408 0.0010788579087322883 -0.0019335327669978142 -0.00026671181274472806 0.999999928615528 -0.00026764481680738826 -0.01828444004058838 -0.0010789292929964977 0.00026735690735820675 0.9999993822157416 0.964146614074707
