0.9988007937593879 0.0027479697680746354 -0.048881725089964245 -0.05510706454515457 -0.002775740897321557 0.9999960224953209 -0.0005002559434663365 -0.03311040997505188 0.04888015597446502 0.0006353390368808714 0.9988044486766269 0.3674503564834595
0.9984034040601569 0.0031857081287822516 -0.05639586886296874 -0.0627518892288208 -0.003208796631364698 0.9999948009654 -0.0003188516087855158 -0.035656996071338654 0.05639455989073325 0.0004993054056318957 0.9984084356158267 0.2830455005168915
0.999030310941406 0.002594762414264934 -0.04395116640467305 -0.04972846806049347 -0.0026177622574799805 0.9999964651889572 -0.0004657578277291569 -0.03136368840932846 0.04394980251469916 0.0005803598920460285 0.999033572029146 0.3825356960296631
0.9999122726973159 0.0012851274698089036 -0.013183146690943778 -0.015942813828587532 -0.0012927379021549319 0.9999990026587119 -0.0005687796565771239 -0.023912208154797554 0.013182402588486342 0.0005857721124690821 0.9999129367765112 0.4041832685470581
0.9998330038850366 -2.0567699936102568e-05 0.018274679728912814 0.019007563591003418 2.7234475123376315e-05 0.9999999331769179 -0.0003645606165995732 -0.015716128051280975 -0.01827467100956902 0.00036499743770339717 0.9998329376332641 0.4447351396083832
0.9997888239362337 -0.00021294437005649422 0.020549019122525488 0.021216798573732376 0.00022318517070202056 0.9999998520526907 -0.0004960675117119757 -0.014946706593036652 -0.020548910447569613 0.0005005489904681101 0.999788723546193 0.4826699197292328
0.9997470896873695 -0.00029527814673083267 0.022487095687323752 0.023237833753228188 0.00030468091263805274 0.9999998675902718 -0.0004147155412919044 -0.014315101318061352 -0.02248697025337707 0.0004214620442912965 0.9997470472767443 0.4889172613620758
0.999896210979117 -2.878919247450942e-05 0.014407166299696638 0.014135652221739292 3.692871931894551e-05 0.9999998398761801 -0.0005646980460565857 -0.015968190506100655 -0.014407147735565402 0.000565171474799754 0.9998960519350645 0.5305184125900269
0.999954169972691 0.0009397852063378228 -0.009527578810590062 -0.012150214985013008 -0.0009454810372939236 0.9999993770069674 -0.0005933390976198181 -0.022031133994460106 0.009527015263668562 0.0006023200499695072 0.9999544355573022 0.49700942635536194
0.999783221313371 0.0013402681526560488 -0.020777729941883687 -0.024722257629036903 -0.0013517843689502622 0.9999989404187435 -0.0005402225560018367 -0.024354208260774612 0.020776983883103336 0.0005681924578233675 0.9997839737153482 0.515562117099762
0.9997802113284372 -0.0002798169342266903 0.02096308036879977 0.021178022027015686 0.0002904775142166546 0.9999998300475514 -0.0005054974599219892 -0.014455287717282772 -0.020962935359323434 0.0005114756607826474 0.9997801226938697 0.5116897821426392
0.9997561848048717 -0.0003175470944040839 0.022078725240601043 0.022593904286623 0.0003282388732394225 0.9999998306247163 -0.00048063476851127135 -0.014345800504088402 -0.02207856887683648 0.000487764678346939 0.9997561197021848 0.5130977034568787
0.9999654195365547 0.00018776148888150024 0.008314113103989962 0.007392438128590584 -0.0001830051737184493 0.999999819184938 -0.0005728343549211756 -0.017098257318139076 -0.008314219156904447 0.0005712930203307943 0.999965273089069 0.5439645051956177
0.9999333460160876 2.5975592030324966e-05 0.011545685355973064 0.011159253306686878 -1.937956454565614e-05 0.9999998365577611 -0.0005714095578510028 -0.016314685344696045 -0.011545698311621961 0.0005711477207729468 0.9999331830881388 0.572725772857666
0.9998510070871018 -0.00021135839074165757 0.017260328923262964 0.01749180629849434 0.00022023567530085074 0.999999844461989 -0.0005124180378016629 -0.015148477628827095 -0.017260217934773878 0.0005161430313419189 0.9998508981209226 0.558122992515564
0.9999987023036797 0.0004817067659144478 0.0015373189481250969 5.211867392063141e-05 -0.00048080516203895544 0.999999712249684 -0.0005867937843399537 -0.019029740244150162 -0.001537601168297197 0.0005860538719738602 0.9999986461608368 0.5399046540260315
0.9999809984881208 0.0006729367616348461 -0.006127790696108367 -0.008824296295642853 -0.0006764344361918135 0.9999996094888617 -0.0005687341885725201 -0.020467886701226234 0.006127405580994759 0.0005728684304077035 0.999981063182002 0.5547343492507935
0.9999550370452479 0.0009212604285758594 -0.009437964137453287 -0.01201692409813404 -0.0009270844736422102 0.9999993825376031 -0.0006127306025496102 -0.021770451217889786 0.009437393825407822 0.0006214528423858774 0.9999552736968534 0.5292168259620667
0.9997006226334726 0.0014987188580483726 -0.0244216901141555 -0.028604110702872276 -0.0015105725681620597 0.9999987500701331 -0.00046693542160439547 -0.02569977566599846 0.024420959783833775 0.000503686366862135 0.9997016370014007 0.5220364332199097
0.999576562990679 0.001812633563205927 -0.0290415061473552 -0.033685989677906036 -0.0018269680499882418 0.9999982220201259 -0.0004670592376398697 -0.027097485959529877 0.029040607904891602 0.0005199193713278628 0.9995780973872737 0.4532279968261719
0.9998086290204378 0.001270561397189843 -0.01952155244873424 -0.023406634107232094 -0.0012813190579851318 0.9999990340825982 -0.0005385678622130212 -0.023987986147403717 0.019520849308991523 0.0005634781331476883 0.999809291282417 0.5136499404907227
0.9993315889542785 0.0019341416227397687 -0.03650526556950542 -0.04257950186729431 -0.0019498180047699649 0.9999980215512353 -0.0003938316435855568 -0.02890419214963913 0.03650443161953363 0.00046474702624116023 0.9993333830520906 0.5287361145019531
0.9977422114333824 0.003525400917198268 -0.06706751130314018 -0.07656806707382202 -0.003530517804041122 0.9999937668108795 4.223060232406803e-05 -0.03764856606721878 0.06706724213846255 0.0001946477881754862 0.9977484388081895 0.37729597091674805
0.997789669804201 0.0034187597462185387 -0.06636329492890407 -0.07594400644302368 -0.0034179311524866265 0.9999941509152153 0.00012602378406256646 -0.03755977749824524 0.06636333760940548 0.00010107994323189492 0.9977955187332647 0.4120270013809204
0.9970701486327295 0.004038785990906088 -0.07638590781830627 -0.08686963468790054 -0.004040892536774152 0.9999918274981004 0.0001269823446058453 -0.04042394459247589 0.076385796408844 0.00018205693960782947 0.9970783203752139 0.3169018030166626
0.9980595318583775 0.003304568464684538 -0.062179182158485856 -0.07111027091741562 -0.0033027860312736523 0.9999945371479996 0.00013144804789950404 -0.03594180941581726 0.06217927686189006 7.417155711879038e-05 0.998064993889432 0.40907740592956543
0.9984054265397991 0.0030034068409871377 -0.056370061231375036 -0.0640459880232811 -0.0030118726018608256 0.9999954621742682 -6.522500798800585e-05 -0.03523217886686325 0.05636960953662549 0.0002349004449093224 0.9984099418287405 0.40524351596832275
0.9982407395416849 0.0032287292647441746 -0.05920305082176663 -0.06743394583463669 -0.0032431369171423527 0.9999947301725816 -0.0001472752600402788 -0.03549562767148018 0.059202263319964095 0.00033901976422632814 0.9982459501963395 0.37919119000434875
0.9974665420598176 0.0037509420286550538 -0.07103821439991469 -0.08076149970293045 -0.003754823076173294 0.9999929475140595 7.890380409333394e-05 -0.03906113654375076 0.07103800936750139 0.00018803202209460255 0.99747359156474 0.35034531354904175
0.9976970727858011 0.003480475518592779 -0.06773800443479198 -0.07735937833786011 -0.003484158568908883 0.9999939282678613 6.376894022490277e-05 -0.03828874230384827 0.06773781509400877 0.0001723878635952303 0.9977031415650218 0.3872395157814026
0.9976189589390818 0.0036452122106522726 -0.06887035061070629 -0.07864544540643692 -0.003661974763408667 0.9999932880866033 -0.00011714339709037165 -0.03841695934534073 0.06886946134633593 0.0003690659597353972 0.9976256116821492 0.3429584801197052
0.9984612489201223 0.002886153217030145 -0.05537873711522627 -0.06365429610013962 -0.0028927707073123153 0.9999958151564458 -3.9334850262290506e-05 -0.03421004116535187 0.05537839183747059 0.00019947231225384845 0.9984654194954837 0.45908239483833313
0.9979292419158673 0.003287734841518837 -0.06423720828954589 -0.07319453358650208 -0.003287343274844242 0.999994590423969 0.00011178994660438748 -0.03709312528371811 0.064237228329186 9.961129799667575e-05 0.9979346514547801 0.43824201822280884
0.9975923310259502 0.0036433877822278932 -0.06925508503842608 -0.07914191484451294 -0.003664086147787877 0.9999932724487908 -0.00017184254549664177 -0.03861201927065849 0.06925399303226425 0.00042518540328459616 0.997598969359161 0.33893558382987976
0.9995166841653284 0.0016398487528196603 -0.031043662335733253 -0.036907680332660675 -0.0016580365292726067 0.9999984685754076 -0.0005601443624960715 -0.02734243869781494 0.03104269624267108 0.000611345162011025 0.9995178724100325 0.529913067817688
0.9996957510578319 0.0013282918354502072 -0.024630082373338337 -0.030481906607747078 -0.001326237227589873 0.9999991155716269 9.975359877662845e-05 -0.024632887914776802 0.02463019309168546 -6.705791668759675e-05 0.9996966285286264 0.7457380890846252
0.9999999547913448 0.00019148186485400313 0.00023184478353136637 -0.001506576780229807 -0.00019136849160697692 0.9999998621635372 -0.0004889284271521743 -0.018284596502780914 -0.00023193837250171272 0.0004888840372618663 0.999999853598484 0.7297080159187317
0.999997887597855 0.0003698579294002895 -0.002021881534571553 -0.0042472658678889275 -0.000370725055792185 0.999999839469732 -0.00042851306076572567 -0.018969250842928886 0.0020217227210449925 0.00042926171771852617 0.9999978641835277 0.7010453939437866
0.9999967180467125 0.00016448240201562508 0.0025567247296621144 0.0013341542799025774 -0.00016292134382125728 0.9999998002108649 -0.0006107658030973363 -0.018148250877857208 -0.002556824679082654 0.0006103472535637633 0.999996545055927 0.6578250527381897
0.9999816558009972 0.0006769741476009572 -0.0060191168371873365 -0.00821161363273859 -0.0006811678629531578 0.9999995266941099 -0.0006947099387380874 -0.02048926241695881 0.006018643687635276 0.0006987972237935741 0.9999816436368227 0.5632383823394775
0.9963636693380794 0.003360074180849026 -0.08513605772325385 -0.09701593965291977 -0.003328722469180781 0.9999943296318026 0.0005102067860761484 -0.04180332273244858 0.08513728930310847 -0.0002249571972151528 0.9963692043436397 0.59304279088974
0.9962597843059935 0.004598140774122907 -0.08628614764837392 -0.0977572426199913 -0.0046093033116603125 0.9999893746644726 6.986514548478506e-05 -0.0433523952960968 0.08628555207887792 0.0003281151913348818 0.9962703929370103 0.24122053384780884
0.9960293473295839 0.004630240197471795 -0.0889050062365267 -0.10081174224615097 -0.0046262297633772285 0.9999892673993809 0.00025116573390997253 -0.04488269239664078 0.0889052150122791 0.00016112654394675205 0.9960400778994073 0.24041125178337097
0.9959325279898461 0.004609271883801009 -0.08998418919152004 -0.10202798247337341 -0.004581836674031556 0.9999893725375968 0.0005114533758210349 -0.04334697127342224 0.08998559031559758 -9.708019540968373e-05 0.9959430626853067 0.3463112711906433
0.9980432396767137 0.003230536066517689 -0.062444017906705514 -0.07208524644374847 -0.003213650512636209 0.9999947674488395 0.00037084407007359607 -0.03615347295999527 0.06244488919033057 -0.00016944516695420128 0.9980483991782879 0.5300049185752869
0.9995997914429592 0.0016128567236755507 -0.028242798026775057 -0.032946616411209106 -0.0016277838544583173 0.9999985473706589 -0.0005055455420763695 -0.026766572147607803 0.028241941627931307 0.0005513163890571685 0.9996009647771071 0.5200487375259399
0.9999679418753848 0.0005120160485498201 -0.007990811039779009 -0.011759595945477486 -0.0005146001793898181 0.9999998159651922 -0.0003213350859271881 -0.02005433477461338 0.007990645040470678 0.00032543685732150054 0.999968021330027 0.7461094856262207
0.9996373729565519 0.001474500780419413 -0.02688770045898911 -0.03169039636850357 -0.0014833128827033278 0.9999988525218482 -0.0003077951901764458 -0.0260170865803957 0.026887215761692153 0.00034756644779373124 0.9996384130405097 0.6062995791435242
0.9989563331332514 0.0023919568958217295 -0.04561275079598285 -0.05295570194721222 -0.00240324884013758 0.9999970936218717 -0.00019272472952512035 -0.03134530782699585 0.04561215723883579 0.0003021423795564422 0.9989591782560494 0.5059393048286438
0.9988595394248828 0.002559619701230127 -0.04767671178779297 -0.05493072420358658 -0.002575541222109775 0.9999966461548233 -0.00027251884069232903 -0.03240598365664482 0.047675854342889505 0.0003950013802426506 0.9988627818106877 0.45547783374786377
0.9995251480443424 0.0016884129833604805 -0.030767315263644106 -0.03615325689315796 -0.0017009026639811281 0.9999984813504884 -0.0003797720948903401 -0.02728862687945366 0.030766627326740088 0.0004319239678638569 0.9995265019421061 0.560077965259552
0.9993448269655095 0.002088294856237417 -0.03613247627646398 -0.041449569165706635 -0.002103320575920343 0.9999977166355246 -0.00037784426930838094 -0.0292387455701828 0.03613160472260719 0.0004535948967431337 0.9993469374505727 0.47665807604789734
0.9995206496517525 0.0017673502581910564 -0.030908694453244276 -0.035928867757320404 -0.0017809942033716068 0.9999983283708749 -0.0004139022876703944 -0.027619291096925735 0.030907911275055426 0.0004687520891196713 0.9995221264644883 0.5091737508773804
0.9990494481970017 0.0024625038648441264 -0.04352167427825644 -0.0498369038105011 -0.002480118152021895 0.9999968629948836 -0.0003507340086768054 -0.031421467661857605 0.043520674066689635 0.00045833951221637293 0.9990524214743054 0.43128854036331177
0.9999955655769924 0.0004254560077105244 0.002947509717836123 0.0010591307654976845 -0.0004246993352808477 0.9999998767040674 -0.00025733698674349 -0.017659571021795273 -0.0029476188399871796 0.0002560840401845364 0.9999956229724902 0.5863123536109924
0.9999483947880684 9.058028193564454e-05 0.010158718225122342 0.008762870915234089 -8.684710278277409e-05 0.9999999285440936 -0.0003679257914916766 -0.015551755204796791 -0.010158750826043849 0.00036702454935739315 0.9999483312024847 0.7489897012710571
0.9999898389534373 0.00023400357858180436 0.004501914282136244 0.0034430590458214283 -0.00023223396667042755 0.9999998955737529 -0.0003935986125815986 -0.01728208363056183 -0.004502005915502101 0.0003925491157964184 0.9999897888718307 0.7674676179885864
0.9999983518206663 0.00013197814106993768 0.0018107837310451494 0.00046908482909202576 -0.00013101455589996022 0.9999998497750081 -0.000532245382218792 -0.018219975754618645 -0.0018108537037763168 0.0005320072659565989 0.9999982188869798 0.7400580048561096
0.9999945337773687 0.00039984735635663143 -0.003282154395314964 -0.005128784105181694 -0.00040210361189338634 0.9999996833090599 -0.0006868001639850567 -0.019414138048887253 0.003281878740656488 0.000688116175919605 0.9999943778682259 0.6260676980018616
0.9999955731760027 0.00012137136877925456 0.0029730283195338043 0.0019113740418106318 -0.00012028776417589054 0.9999999262789728 -0.00036465449769851896 -0.01775316894054413 -0.0029730723589746198 0.0003642952645078495 0.9999955140547925 0.7281969785690308
0.999999904205242 0.0002466346766848808 -0.00036160868731165277 -0.002212250605225563 -0.00024678245961024263 0.9999998860337053 -0.00040869425465095096 -0.018262222409248352 0.0003615078479250918 0.00040878345418145505 0.9999998511040705 0.7571816444396973
0.9999978296665392 0.00010809744689922052 0.0020806194157571454 0.0008074198849499226 -0.00010731764559432835 0.9999999239661325 -0.0003749008564444904 -0.017806965857744217 -0.0020806597833850264 0.00037467675560754024 0.9999977652336002 0.7854072451591492
0.9999983710660801 0.00017491746955270945 0.0017964601484667213 0.0003077564761042595 -0.00017401285468421498 0.9999998580038868 -0.0005036980570414693 -0.017829321324825287 -0.001796547998965919 0.0005033846293918578 0.9999982595080865 0.7325958013534546
0.9999771735390204 6.441479048142493e-06 0.006756652974629727 0.005825968459248543 -3.4140122819267928e-06 0.9999998996048 -0.0004480834017535395 -0.0166923925280571 -0.006756655182614043 0.00044805010629901356 0.9999770731681031 0.7158908247947693
0.9999771324419455 0.00031442621062352494 0.006755422217859977 0.00609287153929472 -0.00030991438377366357 0.9999997282503726 -0.0006689187210048491 -0.017652660608291626 -0.006755630707655169 0.0006668098219533839 0.9999769581437379 0.5592021346092224
0.9999920111925003 0.00034794288614523885 0.003982020457786357 0.003040935145691037 -0.0003458550358508573 0.9999998023817681 -0.0005249959225448142 -0.01784997247159481 -0.003982202339463019 0.0005236145266252643 0.9999919339136466 0.5922415256500244
0.9999973257683795 0.00039605056052636713 0.0022785082932383085 0.0014186876360327005 -0.00039464368606930306 0.999999731246078 -0.0006178706435805441 -0.018592895939946175 -0.0022787523888949915 0.0006169697923397487 0.9999972133140296 0.5676741600036621
0.999996758036475 0.00015940156034557925 0.002541359416110964 0.0013900124467909336 -0.0001583657704710786 0.9999999043222856 -0.00040776917771078293 -0.01773945987224579 -0.0025414241720026916 0.0004073653913960059 0.9999966876028218 0.7356127500534058
0.9999980937227713 0.00015964041029080107 0.0019460384794271614 0.0005732295103371143 -0.00015873124239817852 0.9999998782013942 -0.0004673345589053974 -0.017776308581233025 -0.0019461128478831138 0.0004670247709305753 0.9999979972643182 0.7219120264053345
0.9999851715126641 5.532157231288922e-05 0.005445520573072408 0.00439211493358016 -5.291742777561624e-05 0.9999999010798395 -0.000441633397209791 -0.016920065507292747 -0.005445544466254558 0.00044133868551292707 0.9999850755214456 0.7215319871902466
0.9999758772527476 6.361330832638931e-05 0.006945564479925381 0.005918725393712521 -6.02464842839798e-05 0.999999880595647 -0.0004849526294302001 -0.016550572589039803 -0.006945594500035888 0.0004845224851992078 0.9999757616837532 0.7082005739212036
0.9999905823027009 0.00014049391335843933 0.004337691478853608 0.0033186753280460835 -0.0001388301144887306 0.9999999166863355 -0.0003838665411677183 -0.017260154709219933 -0.004337745048377212 0.00038326072382420425 0.999990518494607 0.7545135617256165
0.99998910890262 0.00011084519684306207 0.004665810699718553 0.003918281756341457 -0.00010856200760074903 0.9999998742554973 -0.0004895950158614929 -0.017244230955839157 -0.004665864382274416 0.000489083153857852 0.9999889951930643 0.7331303358078003
0.999994789943109 0.00018694515854781877 0.003222598042791875 0.002073870971798897 -0.00018593318422491042 0.9999999333155447 -0.0003143211053906378 -0.017526360228657722 -0.0032226565887035624 0.00031372027984422334 0.9999947580183096 0.768942654132843
0.9999968346210353 0.0001744167355972779 0.0025100451613627884 0.0009405515156686306 -0.00017331488654981619 0.9999998885385316 -0.0004391866054768086 -0.017791790887713432 -0.0025101214830835147 0.00043875018709238955 0.9999967533889365 0.8285343647003174
0.9998970246844148 -0.00016707656565607775 0.014349638067796254 0.013420012779533863 0.0001741656098490795 0.9999998634199264 -0.0004927742581579298 -0.015206675045192242 -0.01434955377689093 0.0004952227280383748 0.9998969172173972 0.6314969062805176
0.9999823582782722 0.00029665836343435845 0.0059325480226132855 0.004386178217828274 -0.0002942130100472342 0.9999998714095486 -0.0004130612435672913 -0.017628196626901627 -0.0059326697978167725 0.0004113085236447929 0.9999823169708395 0.7598891258239746
0.9999973720164064 0.0001711883903531946 0.0022861878349083532 -0.00018526148051023483 -0.0001700965668865059 0.999999871406395 -0.00047775972178042267 -0.01832975447177887 -0.0022862693278369642 0.00047736959353373643 0.9999972725416966 0.8961771130561829
0.9999966724353443 0.00020610975608295758 0.002571504813773514 0.0011028801091015339 -0.0002053193470755877 0.9999999316031426 -0.00030763237123864444 -0.017529338598251343 -0.0025715680439236653 0.00030710336788267325 0.999996646357035 0.8159798383712769
0.9999982906691453 0.00026440544926749045 0.0018299586188208403 -0.00019768252968788147 -0.00026402992062367917 0.9999999440392296 -0.0002054500894729529 -0.01770833320915699 -0.0018300128385381547 0.00020496657446190394 0.9999983045194201 0.8645070791244507
0.9999989747561 0.00025240760033277054 0.0014095308269544042 -0.0008366354741156101 -0.0002520284690376018 0.9999999320204763 -0.00026914808815536103 -0.01790970005095005 -0.0014095986661582355 0.0002687925703165468 0.9999989703905472 0.8992383480072021
0.9999989719822721 0.0004670216913272629 0.0013557009771470725 -0.0017970958724617958 -0.0004670164182897687 0.9999998909389812 -4.2060932950048545e-06 -0.01804560422897339 -0.0013557027936297469 3.572954356447216e-06 0.9999990810281627 0.9527199268341064
0.9999995098304892 0.0002476596883278122 0.0009586466816754194 -0.002177809365093708 -0.0002473671844516511 0.9999999228226039 -0.0003052282137686638 -0.018305279314517975 -0.0009587222004138555 0.0003049909264245696 0.9999994939160106 0.9719533324241638
0.9999993129314853 0.000372254840258839 0.0011115587664025422 -0.0018171900883316994 -0.0003720938604612422 0.9999999202566957 -0.00014502676027064622 -0.018040474504232407 -0.0011116126646766513 0.0001446130564348052 0.9999993717019764 0.9500143527984619
0.9999994409591992 0.00043483425594813063 0.0009638466986774385 -0.0024004047736525536 -0.0004347521184014305 0.9999999018464618 -8.542635510886345e-05 -0.018175717443227768 -0.000963883750378037 8.500727295798126e-05 0.99999953185083 0.9842047691345215
0.9999995107353687 0.0002956664688656088 0.0009439864204952198 -0.001998092047870159 -0.00029543980769366167 0.9999999274997774 -0.00024024104519632846 -0.01821412704885006 -0.000944057383277504 0.00023996203648834555 0.9999995255868265 0.9609047770500183
0.9999995664355694 0.00029967442436118567 0.0008816597486236422 -0.002383285202085972 -0.0002994846330489922 0.9999999319580306 -0.00021539008436797423 -0.01825767196714878 -0.0008817242355333226 0.00021512594743620434 0.9999995881415147 0.9797807931900024
0.9999993318917321 0.00030336640239125645 0.0011154303723440143 -0.0017580203711986542 -0.00030314422657286565 0.999999934182051 -0.00019934761515711616 -0.018081368878483772 -0.0011154907742975105 0.00019900934569380615 0.9999993580376004 0.9420144557952881
0.9999990716366355 0.0002964656950893502 0.0013299751721688022 -0.0012715542688965797 -0.0002961641381624317 0.9999999303947912 -0.00022692998005778876 -0.018010985106229782 -0.0013300423565498771 0.0002265358784336662 0.9999990898339985 0.9198004007339478
0.9999995965352241 0.0002862833792149465 0.0008514524151414907 -0.002191334031522274 -0.00028612145864847404 0.999999940962955 -0.0001902855664001239 -0.018142297863960266 -0.0008515068404692212 0.0001900418708196105 0.9999996194100212 0.9638209342956543
0.9999991252635693 0.00029332009043951776 0.0012897423855710013 -0.0013670357875525951 -0.00029306764864598734 0.9999999378643244 -0.00019591503517620655 -0.017990559339523315 -0.0012897997712478229 0.0001955368820338896 0.9999991490905771 0.9243320226669312
0.9999995129726441 0.00043290632398287665 0.0008869309945515969 -0.0028406092897057533 -0.00043284111498738024 0.9999999036074992 -7.371269291365563e-05 -0.018349338322877884 -0.0008869628197490207 7.332875681295912e-05 0.9999996039598463 1.0069656372070312
0.9999994118426264 0.00029805941821616405 0.0010428206866388468 -0.0020398395135998726 -0.00029779276799630827 0.9999999229309229 -0.0002558468595053927 -0.018248170614242554 -0.0010428968638357154 0.00025553616456837775 0.9999994235335338 0.9624452590942383
0.9999993187093468 0.00026955004276392144 0.001135748042632902 -0.0016603143885731697 -0.00026924821195545236 0.9999999284014 -0.00026589959570041006 -0.018116086721420288 -0.001135819634562324 0.00026559361641579005 0.9999993196866627 0.9465242028236389
0.9999993553095564 0.0003466867046012599 0.0010812903405505493 -0.001970500685274601 -0.00034649491140384246 0.9999999242074513 -0.00017755666161684355 -0.01816447824239731 -0.0010813518151306944 0.0001771818855470097 0.9999993996422355 0.9640541076660156
0.9999993820459947 0.0002946612446432245 0.001071952601142548 -0.001961855683475733 -0.00029438829141461415 0.9999999242111658 -0.0002547806821970263 -0.01821676269173622 -0.0010720275938934374 0.0002544649544595556 0.9999993930020279 0.965491771697998
0.9999978594661593 0.0002819776142139292 0.002049768700258281 3.788992762565613e-05 -0.00028142404292804394 0.9999999238560532 -0.0002703486557358692 -0.017777426168322563 -0.0020498447764497525 0.00026977122285072873 0.9999978626776557 0.869944155216217
0.9999956308966068 0.0001682491287569121 0.00295125057016663 0.001689595403149724 -0.00016705372188292305 0.9999999039153988 -0.0004052927917788358 -0.01763174682855606 -0.002951318476756004 0.0004047980036207686 0.9999955629190687 0.8005561828613281
0.9999952561001386 0.0002227474091372798 0.003072158981770287 0.0016880910843610764 -0.0002218672594134742 0.9999999342517109 -0.0002868300761238347 -0.017532145604491234 -0.0030722226704374103 0.00028614710393690856 0.9999952397725189 0.8009774684906006
0.9999982935736311 0.00031930962271116615 0.0018195854448167421 -0.00039623863995075226 -0.0003189474550964469 0.999999929270984 -0.00019932523182394866 -0.017789358273148537 -0.0018196489625838246 0.00019874453954316223 0.9999983246877272 0.8903908133506775
0.9999969595486735 0.00022865895023662945 0.00245532248249943 0.0008173114620149136 -0.00022769151133577857 0.9999998963462401 -0.00039428934135898907 -0.017787188291549683 -0.0024554123857829075 0.0003937290864545811 0.9999969079589308 0.8423627614974976
0.9999963257398656 0.00016967849999610424 0.002705497361876029 0.0013289493508636951 -0.00016870896758044995 0.9999999214786017 -0.00035858063902245165 -0.0176868699491024 -0.0027055579928615503 0.00035812287983719106 0.9999962758450405 0.8154597878456116
0.9999988051170327 0.0004073543553853123 0.0014912501253001112 -0.0015431358478963375 -0.00040721624469779974 0.999999912770724 -9.291649180178341e-05 -0.018085870891809464 -0.0014912878451570648 9.230911950152013e-05 0.9999988837691717 0.9484963417053223
0.999999116545161 0.00033185813487985184 0.0012871593048893195 -0.001650901511311531 -0.0003315408515314819 0.9999999146087888 -0.00024670443725591983 -0.018141185864806175 -0.0012872410658516416 0.00024627747341169124 0.9999991411785536 0.9486812949180603
0.9999975741475216 0.00025468304822371334 0.0021878838217749535 0.0002896296791732311 -0.00025382078215063525 0.999999890020397 -0.0003943782509489067 -0.01797793060541153 -0.002187984022607464 0.0003938219638625515 0.9999975288120356 0.8585036993026733
0.9999979424875606 0.00022481265993188736 0.002016055533293257 1.070881262421608e-05 -0.0002241945228649571 0.9999999277967203 -0.0003068279159592674 -0.017867639660835266 -0.0020161243665273634 0.0003063752960486576 0.9999979206861965 0.8657987713813782
0.9999993954337225 0.0004025662721093982 0.0010232656478542117 -0.002232220023870468 -0.000402399898316992 0.9999999057865895 -0.00016279168857338984 -0.01818671263754368 -0.0010233310858920647 0.00016237982816237688 0.9999994632129959 0.9779053926467896
0.9999995302156055 0.00029888143652498204 0.000922083757276461 -0.002454944886267185 -0.0002986132498700578 0.9999999130825794 -0.0002909724400286361 -0.01840694062411785 -0.0009221706433921842 0.00029069695690691185 0.9999995325481827 0.9917997121810913
0.9999989662039452 0.00025096314597086917 0.0014158419899803877 -0.0010345601476728916 -0.0002505124366608681 0.9999999179001791 -0.0003185014203079838 -0.018070830032229424 -0.0014159218058584504 0.0003181464050156352 0.9999989469735981 0.9172123670578003
0.9999983947455997 0.0002543600542694842 0.0017736423501807034 -0.0002970527857542038 -0.0002538591963901288 0.999999927843869 -0.00028260885530780223 -0.017859915271401405 -0.0017737141066053069 0.00028215814622699337 0.9999983871612236 0.8779810667037964
0.9999992573737593 0.0003981489477339238 0.0011518373778101785 -0.0019334647804498672 -0.00039803691480589314 0.9999999160309451 -9.749213791875135e-05 -0.01807781122624874 -0.0011518760974836074 9.703359172230981e-05 0.9999993318827457 0.9584290981292725
0.9999996514930863 0.00048653242494739576 0.0006784540550646268 -0.0034217899665236473 -0.0004864484333989913 0.9999998740011654 -0.0001239579539694649 -0.01858212985098362 -0.0006785142791441431 0.00012362787785704158 0.9999997621672319 1.0464794635772705
0.9999997127432101 0.00036890231386066657 0.000662136375682472 -0.003179994411766529 -0.0003687369413420422 0.9999999008013489 -0.00024986068169421163 -0.018604638054966927 -0.0006622284841830566 0.0002496164557781138 0.9999997495724985 1.0309929847717285
0.9999995117593728 0.00030188259510120427 0.000940929282446525 -0.002104894258081913 -0.00030162975556239854 0.9999999183714873 -0.00026884290796192595 -0.018287070095539093 -0.0009410103646345972 0.0002685589644324301 0.9999995211876734 0.9694127440452576
0.9999995025715442 0.000329330634090776 0.0009414871203103357 -0.002217912580817938 -0.00032908429495200406 0.999999911584256 -0.00026179191550740387 -0.018307292833924294 -0.0009415732531655853 0.00026148195665946187 0.9999995225333838 0.9744580984115601
0.9999988486480199 0.00023572002481929037 0.0014990459313183472 -0.000927239190787077 -0.0002352568658517922 0.9999999245439525 -0.0003091379888857287 -0.018060291185975075 -0.001499118688220679 0.00030878497211152327 0.9999988286468137 0.9083154797554016
0.9999975763941701 0.00020066430691550403 0.002192473402821819 0.00044855521991848946 -0.00020002535697224085 0.9999999374667533 -0.000291644211907374 -0.017746884375810623 -0.002192531788302987 0.0002912049548017101 0.9999975539990245 0.8435676693916321
0.9999980601965313 0.0002890407586133847 0.0019483476627170195 -0.00022992119193077087 -0.0002886570604543629 0.9999999388919695 -0.0001972134858835 -0.017745766788721085 -0.0019484045463928994 0.00019665069901903296 0.9999980825222748 0.870416522026062
0.9999996451189767 0.0002909204163843712 0.0007906498795543933 -0.0022728764452040195 -0.00029073087909109295 0.999999928979093 -0.0002398277817042996 -0.018204225227236748 -0.0007907195941998357 0.00023959783025943488 0.9999996586776433 0.9705934524536133
0.9999993182422618 0.00033732645454610474 0.0011179113895355914 -0.0015915436670184135 -0.0003371737446004444 0.9999999338013762 -0.00013678855708436184 -0.017963392660021782 -0.0011179574579303795 0.00013641153345836336 0.9999993657813069 0.9309582710266113
0.9999997278124813 0.00039350533850179283 0.0006241221927756595 -0.0029375972226262093 -0.00039341315713086204 0.9999999116886205 -0.00014781352618203444 -0.0183312576264143 -0.0006241803030702232 0.00014756794806674225 0.9999997943113036 1.0053322315216064
0.9999997307369066 0.00041388469262641444 0.0006059913988638081 -0.003273734822869301 -0.0004137806868322237 0.9999998996446843 -0.00017174447479725751 -0.018544521182775497 -0.0006060624204585117 0.00017149368101557268 0.9999998016391103 1.0341038703918457
0.999999622417903 0.00037946027272411556 0.0007817761531105642 -0.0027864333242177963 -0.0003792969120699554 0.9999999062058154 -0.00020909857389016714 -0.01842818409204483 -0.0007818554243863816 0.00020880196965748427 0.9999996725518632 1.0066392421722412
0.999999548728192 0.000468653454892824 0.0008263820854875931 -0.002981109544634819 -0.00046855761623996225 0.9999998834798858 -0.00011616356868831743 -0.018429895862936974 -0.0008264364296552568 0.00011577630864689431 0.9999996517992762 1.0160753726959229
0.9999981700066127 0.00018723617944681387 0.0019039238533554673 -0.00018940865993499756 -0.00018644824559408644 0.9999998969137202 -0.00041401642660946885 -0.01803494244813919 -0.0019040011759409862 0.000413660685699943 0.9999981018303784 0.8885568976402283
0.999998275545311 0.0003848481662793811 0.0018168099219939484 -0.000858464278280735 -0.00038459895630175224 0.999999916586442 -0.0001375163667498163 -0.017949312925338745 -0.0018168626933689465 0.00013681738640927536 0.9999983401441003 0.9140751361846924
0.9999990187293665 0.00022950699274274267 0.0013819793214495987 -0.001330372877418995 -0.0002290375501759636 0.9999999160262212 -0.0003398372426723341 -0.018226593732833862 -0.0013820572004231604 0.00033952038404184894 0.9999989873213893 0.9322843551635742
0.9999969193083466 0.00021344905353681677 0.002473017047634997 0.0008904803544282913 -0.00021254399045462268 0.9999999103494722 -0.00036623230306369293 -0.017768971621990204 -0.0024730949978661767 0.00036570554990312696 0.9999968750254085 0.8226385712623596
0.999998361186853 0.0003194617330941848 0.0017820122922493475 -0.000835709273815155 -0.00031918156477746837 0.9999999366580642 -0.00015750237052639975 -0.017964065074920654 -0.0017820624953534935 0.00015693332693755138 0.9999983998113167 0.9076585173606873
0.9999985853679582 0.0002171476294955514 0.0016679655240691928 -0.0005789338611066341 -0.00021659297808572937 0.9999999211973838 -0.00033270513651489794 -0.018050773069262505 -0.001668037638760861 0.0003323433962393489 0.9999985535981052 0.8921517133712769
0.9999991541353942 0.0002967060013089259 0.0012663704215703328 -0.0015764478594064713 -0.000296426227533077 0.9999999316214406 -0.00022110767845232566 -0.01806986704468727 -0.0012664359389528803 0.00022073210601844087 0.9999991737083335 0.938151478767395
0.9999976420438 0.0001558012760398317 0.002166017728886325 0.000607282854616642 -0.00015493346451990857 0.9999999076733125 -0.000400810413531124 -0.01785753108561039 -0.002166079975678962 0.0004004738798067766 0.999997573856162 0.8366001844406128
0.9999926498142394 6.631278363618123e-05 0.0038335258067080393 0.0028652488254010677 -6.494403279752395e-05 0.9999999341056122 -0.00035717088882672167 -0.01733098179101944 -0.0038335492390960753 0.00035691929892861946 0.9999925882269556 0.7742843627929688
0.9999877444495353 0.00012097299161024513 0.00494937534102026 0.0039685009978711605 -0.00011895387259259803 0.9999999095923185 -0.00040824665472460105 -0.01708919182419777 -0.004949424280377848 0.0004076529040733933 0.9999876684331676 0.7619431018829346
0.9999967945016919 0.0001252840717245427 0.0025288911092651327 0.0011623965110629797 -0.0001244015519884166 0.999999931316502 -0.0003491292673328394 -0.01761767268180847 -0.002528934675908215 0.0003488135502207614 0.9999967414039469 0.8222906589508057
0.9999845263526936 8.552724657515425e-05 0.0055623502469148095 0.004675006959587336 -8.316580811164931e-05 0.9999999063271102 -0.00042476960734606176 -0.016920549795031548 -0.005562386055248332 0.0004243004372576865 0.9999844397941957 0.7545574903488159
0.9999968124872091 0.00026110246903255854 0.0025113424542329986 0.0007282877340912819 -0.00026056882169840314 0.9999999434058328 -0.00021281969045271412 -0.017620360478758812 -0.0025113978798522994 0.00021216463454304794 0.9999968239283848 0.8333638906478882
0.9999994880175385 0.00039793692367109533 0.0009303821077559763 -0.002557307481765747 -0.0003978404789617327 0.9999999154696675 -0.00010384417129738074 -0.018291207030415535 -0.0009304233525405343 0.00010347397446761922 0.9999995618026651 0.9892078638076782
0.9999965423546824 0.00019787272501644134 0.0026222366530137013 0.0010617300868034363 -0.00019673378858395745 0.9999998862142765 -0.00043458859891454585 -0.017810044810175896 -0.002622322347870935 0.0004340712137100007 0.9999964674976033 0.8220505118370056
0.9999970856808694 0.0003028293609248191 0.0023951877057254733 0.00045196665450930595 -0.00030228023340004564 0.9999999279503057 -0.0002296215222560266 -0.017626086249947548 -0.002395257069291771 0.0002288968351669079 0.9999971051707152 0.8512414693832397
0.9999973691053672 0.00034756410234664534 0.0022673732684339353 0.00015117507427930832 -0.00034674917925102183 0.9999998751558936 -0.0003597960583754391 -0.017906157299876213 -0.002267498037559803 0.00035900890197003514 0.9999973647791567 0.8725534677505493
0.9999967859503548 0.00011410617380153808 0.002532798598664932 0.0009188498370349407 -0.0001131083529084422 0.9999999159460113 -0.0003940995697030677 -0.017885703593492508 -0.0025328433549671025 0.00039381182236974174 0.9999967148029977 0.8369282484054565
0.9999972116762139 0.00013446247586158843 0.00235765978046581 0.0011037248186767101 -0.0001335578103007968 0.999999917404367 -0.00038386660564687804 -0.01768983155488968 -0.002357711201387603 0.00038355065142477743 0.9999971470393249 0.8040597438812256
0.9999971347936052 0.0001406274959744757 0.0023896921322958528 0.0012463564053177834 -0.00013968083933179977 0.9999999117162153 -0.00039630395446487674 -0.0176561139523983 -0.002389747652557549 0.00039596902476946857 0.9999970661530403 0.781092643737793
0.9999980963868386 0.0003111121938991085 0.0019262481412758367 -0.00035677943378686905 -0.0003107272619826871 0.999999931698052 -0.0002001311062149799 -0.01781800575554371 -0.0019263102729368585 0.00019953218743193424 0.9999981247560609 0.8867034912109375
0.9999973871165632 0.0002458155451816245 0.0022727372844667084 0.0005659493617713451 -0.00024523303992711866 0.9999999370146756 -0.00025657630605512065 -0.01758424937725067 -0.002272800211762167 0.0002560182853779148 0.9999973844134967 0.8333279490470886
0.9999932696518421 0.0001625425160705209 0.0036652736525980916 0.002708401530981064 -0.0001607496743296066 0.9999998673079395 -0.0004894319617352048 -0.017602117732167244 -0.003665352719747885 0.0004888394761417189 0.9999931630893314 0.7634742259979248
0.9999739373470204 5.1142310001311424e-05 0.0072195575461036846 0.0062610674649477005 -4.7760527936589915e-05 0.999999889070602 -0.00046859120326942487 -0.016530990600585938 -0.0072195807100790925 0.0004682341806596342 0.9999738288630972 0.693767249584198
0.9999976432582641 0.00015246992510469006 0.0021656940779767693 0.0008055050857365131 -0.00015190944928223578 0.9999999549317583 -0.00025895945689891666 -0.017609238624572754 -0.002165733463901744 0.0002586298572036574 0.9999976213517511 0.7776046991348267
0.9999938848124653 0.0001856919740797517 0.003492256600602748 0.0027196672745049 -0.0001840601813756246 0.9999998737473325 -0.00046757584258413215 -0.017604809254407883 -0.0034923429847772787 0.00046693019788685095 0.9999937927390684 0.7372809648513794
0.9999588283083694 0.0007110340928609248 -0.009046331779870647 -0.011698655784130096 -0.0007154957672458556 0.9999996239946949 -0.0004899757906616462 -0.021033480763435364 0.00904597998891007 0.0004964282296270858 0.999958961060429 0.604438841342926
0.9999715100152947 0.00010670989026290997 0.007547699697982354 0.007007717154920101 -0.00010267752317306647 0.9999998518105014 -0.0005346366070581553 -0.01691184937953949 -0.007547755630506189 0.0005338463961587544 0.9999713727867252 0.6147106885910034
0.9999993768227734 0.0005039123916073864 0.000996205986196537 -0.0005051237531006336 -0.0005033320907078539 0.9999997035727739 -0.0005826758715760462 -0.018876411020755768 -0.0009964993084859376 0.0005821740860239044 0.9999993340310094 0.535841703414917
0.9999750151771926 0.0010724651337088243 -0.006987048011155919 -0.008734536357223988 -0.0010746748465274838 0.9999993737050236 -0.0003125116550054768 -0.02145746350288391 0.006986708477348979 0.00032001265170622045 0.9999755414491671 0.4580381512641907
0.9998272526876574 0.0014478788283740843 -0.018530203181539865 -0.02192033641040325 -0.001457139817186117 0.9999988201339975 -0.00048628609409359836 -0.02426885813474655 0.01852947723504295 0.0005132031863541848 0.9998281827873652 0.4572482705116272
0.9999780541438094 -9.330191736221954e-06 0.006625039147661164 0.00526992604136467 1.2248510115142862e-05 0.9999999029234247 -0.00044045784720420756 -0.016541212797164917 -0.006625034394968886 0.00044052932783864815 0.9999779571836455 0.7028443813323975
0.9999200319848095 -9.081445728633239e-05 0.01264600285590577 0.012210914865136147 9.755755697684298e-05 0.999999853407748 -0.0005326039852871527 -0.015526168048381805 -0.012645952633957864 0.0005337951071477113 0.9999198942639169 0.6626337766647339
