0.9999999137295298 0.00015543580354663894 0.0003852020817278276 -0.00034171389415860176 -0.0001555134876043875 0.9999999675765824 0.0002016491731778548 -0.009593202732503414 -0.0003851707257369923 -0.0002017090599006478 0.9999999054784791 0.5443258285522461
0.9999999668596428 0.00016483952986139333 0.00019775905151361362 -0.0002513667568564415 -0.0001648821126613847 0.999999963223503 0.000215329703666266 -0.009255488403141499 -0.00019772354939361097 -0.0002153623034603742 0.9999999572622371 0.5282339453697205
0.999980750916011 0.0003953538009407667 -0.006192050776826502 -0.0066990177147090435 -0.0003938966634452287 0.9999998944467273 0.00023654165112624355 -0.005191334057599306 0.006192143640876131 -0.00023409806977525875 0.9999808010933132 0.4135162830352783
0.9999682680173437 0.0003773243480826579 -0.007957423246877994 -0.008985407650470734 -0.0003754884710529523 0.999999902544566 0.00023220522444544194 -0.004611266776919365 0.007957510088068795 -0.00022920993542479572 0.9999683122459448 0.4010387659072876
0.9999988171115559 0.00024146852900023402 -0.001519035364459146 -0.0018065855838358402 -0.00024106831485959596 0.9999999361890687 0.0002636435586691007 -0.0075017837807536125 0.001519098929150377 -0.0002632770555126595 0.9999988115111115 0.4717693328857422
0.9999999743864257 0.00014662532378045462 -0.00017241856684476834 -0.0007910002022981644 -0.00014657445698468207 0.9999999457469718 0.000294994884433133 -0.007827071473002434 0.00017246181121098258 -0.00029496960471945026 0.9999999416249262 0.5069659352302551
0.9999973732452077 0.00019440338495738566 -0.0022837928997472973 -0.0031018084846436977 -0.00019381259962817355 0.9999999477025666 0.00025890450077777863 -0.00677338195964694 0.002283843112222122 -0.0002584611928602281 0.9999973586257369 0.4683693051338196
0.9999955535240653 0.0002552638387660265 -0.002971156756347069 -0.0033340449444949627 -0.0002547157539782009 0.9999999504760255 0.00018484542508325575 -0.007435292471200228 0.0029712037935563625 -0.0001840878027391411 0.9999955690200322 0.45081278681755066
0.99997244460557 0.00036584625063804555 -0.007414592779190222 -0.008414870128035545 -0.00036413460709246734 0.999999906745357 0.00023219660913445164 -0.004813598934561014 0.007414677036003882 -0.00022949030103690054 0.9999724845707774 0.4043884575366974
0.9999717063300918 0.0004239803663953568 -0.007510444722760881 -0.008451787754893303 -0.0004223925912694576 0.9999998881090478 0.0002129938747879153 -0.005341269075870514 0.007510534187631142 -0.0002098154922014966 0.999971773528471 0.39580368995666504
0.9999977069931 0.00018128260948090572 -0.002133810009742229 -0.0024096244014799595 -0.00018088315755247523 0.9999999660826179 0.00018739275957170912 -0.008307160809636116 0.0021338439084174327 -0.00018700635958663914 0.9999977058667664 0.4729440212249756
0.9999999922900664 0.00010661313014970647 -6.366716189812864e-05 -0.0003549358807504177 -0.00010659998502336995 0.9999999730107103 0.00020643406130954657 -0.010882088914513588 6.36891687612429e-05 -0.00020642727279944888 0.999999976665735 0.5267634391784668
0.9999995112357974 0.00011750848629789098 -0.0009816923765533713 -0.0010325168259441853 -0.00011740200807143416 0.9999999872199952 0.00010852086574276996 -0.010430497117340565 0.0009817051161300032 -0.00010840556004533976 0.9999995122515309 0.509978711605072
0.9999851289873233 0.0002359740807077062 -0.005448497080806765 -0.005689210724085569 -0.00023533074134506543 0.9999999652628238 0.00011871728339249133 -0.007962360978126526 0.005448524905743174 -0.00011743331908902237 0.999985149782619 0.41498398780822754
0.9999993823374423 0.00013989661428277897 -0.001102612203328528 -0.0012574749998748302 -0.00013970210974807224 0.9999999746693403 0.00017647843839220284 -0.011167881079018116 0.0011026368641346587 -0.00017632429213704025 0.9999993765506505 0.5149021148681641
0.99999996715188 0.0001738248417726434 0.00018836444203008745 -0.00012100208550691605 -0.00017385853158926955 0.999999968892438 0.00017885282702093328 -0.012790867127478123 -0.0001883333471061714 -0.00017888556991124918 0.9999999662652509 0.5964792966842651
0.9999995065041181 0.00012783303755823722 0.0009852158316482537 0.0008628950454294682 -0.00012795043284286376 0.9999999847225561 0.00011909481233224017 -0.011232673190534115 -0.0009852005923450563 -0.00011922081235154374 0.9999995075829742 0.5546908378601074
0.9999999112579865 0.00015229439365932262 -0.0003927982136739803 -0.0005027730949223042 -0.00015222758742035217 0.9999999739460272 0.0001701020466823029 -0.012792461551725864 0.0003928241090280861 -0.00017004223686269417 0.9999999083874243 0.5702935457229614
0.9999998930916688 0.00025795725975067004 0.00038376386396851036 -0.0004988773725926876 -0.00025803624244430346 0.9999999455368931 0.00020577538423397214 -0.014165723696351051 -0.00038371076181329685 -0.00020587438722031355 0.9999999051908897 0.6772717833518982
0.9999996819319124 0.00030147830205992936 0.000738408360957413 -0.0002844966948032379 -0.0003016107130185651 0.9999999384565456 0.0001792146282547206 -0.01297644805163145 -0.0007383542861913811 -0.00017943728312451373 0.9999997113175632 0.6633837223052979
0.9999998612525386 0.0002654564180541236 0.0004550030705096962 -0.0005014329217374325 -0.00026555402175731143 0.999999941742869 0.00021446519660064448 -0.013911588117480278 -0.00045494611283963577 -0.0002145859947394286 0.9999998734884349 0.6759756803512573
0.9999998854369304 0.000349091774179082 -0.0003275073422015076 -0.0017877821810543537 -0.00034902708760532644 0.999999919577398 0.0001975481956108782 -0.015129907056689262 0.0003275762783126067 -0.00019743386404533255 0.9999999268568228 0.7220045924186707
0.9999999081563853 0.0002547123876468696 -0.00034468655459223897 -0.001559362281113863 -0.00025463536972713716 0.9999999426112618 0.0002234687942319276 -0.015405016019940376 0.0003447434550812559 -0.00022338100431947713 0.9999999156264351 0.7275267839431763
0.9999998700587113 0.0002990207279427898 -0.0004128791161729901 -0.001805783249437809 -0.00029894118132828523 0.9999999367482256 0.0001927114804275759 -0.01557983085513115 0.0004129367147848139 -0.00019258802881566328 0.9999998961965549 0.7335968017578125
0.9999999468219626 0.0003261164987534852 -2.025115656483464e-06 -0.001378101296722889 -0.0003261161910735634 0.9999999355564269 0.00015011785988879912 -0.015621082857251167 2.0740714368450766e-06 -0.00015011719148282158 0.9999999887302633 0.7391016483306885
0.999999896841418 0.00044872268709962994 7.046348926459262e-05 -0.003153866622596979 -0.0004487266673897206 0.9999998977270969 5.648162328412325e-05 -0.019672278314828873 -7.04381374723152e-05 -5.651323630426944e-05 0.9999999959223614 0.9365859031677246
0.9999996700222951 0.0002572287630512417 -0.0007705768387888505 -0.0037382920272648335 -0.0002572078508324323 0.999999966551123 2.7237371532467915e-05 -0.020662764087319374 0.0007705838192493086 -2.703916413213644e-05 0.9999997027346864 0.9080212116241455
0.9999999321672932 0.00021946125406738465 0.00029580765238666816 -0.0015646172687411308 -0.00021951224594328358 0.999999961053128 0.00017236042647002359 -0.01742256060242653 -0.0002957698144305407 -0.00017242534818049187 0.9999999413948566 0.7888344526290894
0.999999754719554 0.0003195924669201501 -0.0006232346968297623 -0.002242390066385269 -0.0003194908197510131 0.9999999356475022 0.000163188872396858 -0.016337482258677483 0.0006232868106573558 -0.00016298971460563115 0.999999792473931 0.7603747844696045
0.9999998547339218 0.00034377695054365573 -0.00041515002508026527 -0.002080000936985016 -0.0003437134602139366 0.999999929226772 0.00015299512365131947 -0.016078297048807144 0.0004152025918958149 -0.00015285240877468967 0.9999999021214695 0.7577297687530518
0.9999997976971295 0.00030931351352081574 -0.0005558154823498872 -0.0020310631953179836 -0.00030920916766994175 0.9999999345583908 0.00018781082232672663 -0.015771759673953056 0.0005558735384017587 -0.00018763892108938267 0.9999998278981075 0.7424581050872803
0.9999998082852037 0.0003307194762717517 -0.0005235018463494167 -0.002101864665746689 -0.00033062578716121574 0.9999999293151695 0.0001790425768215594 -0.015742965042591095 0.0005235610222130144 -0.0001788694592864187 0.9999998469447743 0.7424383759498596
0.999999738826457 0.0003150448793629188 -0.0006504565638013642 -0.0024596410803496838 -0.0003149299259399072 0.9999999347765327 0.0001768221468696626 -0.01659148558974266 0.0006505122282882612 -0.00017661725245093096 0.9999997728200675 0.774743914604187
0.9999999345511178 0.0003092604029848485 -0.00018776518079687351 -0.0018663294613361359 -0.000309228166060107 0.9999999374498609 0.00017169221131008424 -0.01595688797533512 0.00018781826665459448 -0.00017163413779051317 0.9999999676330101 0.7629548907279968
0.9999998377031427 0.0003542198428559587 -0.0004462308717036942 -0.00401660380885005 -0.0003541505564555834 0.9999999252234703 0.00015533974667066797 -0.019278552383184433 0.00044628586275675323 -0.00015518168854799377 0.9999998883737797 0.9201101064682007
0.9999985980528832 2.3834388519934492e-05 0.0016743130501147964 -0.003863363992422819 -2.3666513926635057e-05 0.9999999946914575 -0.00010028449934319162 -0.02512526698410511 -0.0016743154314463546 0.00010024473359650883 0.9999985933084251 1.1308724880218506
0.9999872724139189 -0.00013926616223234218 0.005043373385606985 0.0005500279366970062 0.00013946466487028925 0.9999999895140136 -3.9007433065377925e-05 -0.024671191349625587 -0.00504336790030674 3.97103089739552e-05 0.9999872813507747 1.03999662399292
0.9999995003686185 0.0003207222314126851 -0.0009467839055928339 -0.003421891015022993 -0.000320563386256591 0.9999999345209277 0.00016792038614967414 -0.01741252839565277 0.0009468376993992476 -0.00016761679799654953 0.9999995377013833 0.8141829967498779
0.9999989788727361 0.0003063222132453339 -0.0013958582259026647 -0.0038831993006169796 -0.0003059959182311203 0.9999999258129697 0.00023396699162759498 -0.0176104549318552 0.0013959297916347898 -0.00023353962579796542 0.9999989984191285 0.8259752988815308
0.9999998240763186 0.0002858464577386361 0.0005197491072392507 -0.0005614040419459343 -0.00028592566521577024 0.9999999475213942 0.00015232768225927353 -0.014619148336350918 -0.000519705537635153 -0.00015247626507045955 0.9999998533285606 0.6982079744338989
0.9999996343906439 0.0004258134293098502 0.0007415534382053775 -0.003350818995386362 -0.00042592513628356 0.9999998979706046 0.00015048773457478694 -0.021012060344219208 -0.0007414892828468003 -0.00015080352580429239 0.9999997137259289 0.9954846501350403
0.9999997453128575 0.00018476731874796952 0.000689373090492616 -0.004704477731138468 -0.0001846796235878585 0.9999999748477003 -0.00012727150148980832 -0.027124717831611633 -0.0006893965887673808 0.0001271441559125295 0.9999997542833232 1.1678330898284912
0.9999974862444639 5.973845236798359e-05 0.002241413855222479 -0.0036110724322497845 -5.93182670099621e-05 0.9999999806568394 -0.0001875304344772079 -0.028693608939647675 -0.0022414250146443786 0.00018739700628599615 0.9999974704449335 1.207088589668274
0.9999894838947255 -5.9270595079881564e-05 0.004585693726878628 0.0004612882621586323 5.934084477270479e-05 0.9999999981240663 -1.5183257667671943e-05 -0.02491738647222519 -0.004585692818355454 1.5455216938557772e-05 0.9999894855359789 1.036102294921875
0.9999995289466918 0.0003521809384565229 -0.0009044749756113228 -0.0031882147304713726 -0.0003519904413474687 0.999999915840044 0.00021076677732834872 -0.017404727637767792 0.0009045491275321835 -0.00021044831150010781 0.9999995687510992 0.8118165731430054
0.9999999584954383 0.00026859339905715063 0.0001042435004621424 -0.0011966931633651257 -0.00026860946714649873 0.9999999520423496 0.0001541565840272722 -0.01569518633186817 -0.00010420209002197813 -0.0001541845784201834 0.9999999826845198 0.7374409437179565
0.9999995394843245 0.0003775768395302497 -0.0008823076953935623 -0.003451577853411436 -0.0003773783233453889 0.9999999034460398 0.00022515219802835703 -0.018248267471790314 0.0008823926224586049 -0.0002248191305434781 0.9999995854197233 0.8533064126968384
0.9999982274708169 0.00042173867317744283 -0.001834990930674683 -0.005141616333276033 -0.00042177090904604327 0.9999999109070633 -1.7180379894791553e-05 -0.020970772951841354 0.001834983521559331 1.795429523498872e-05 0.9999983162551418 0.9297485947608948
0.9999997461100323 0.0003339418663556519 -0.000629494004013105 -0.0023857904598116875 -0.00033382833560069636 0.9999999279984257 0.00018044884551184572 -0.01649453118443489 0.0006295542181127977 -0.0001802386567620638 0.9999997855877336 0.7722377777099609
0.9999999558005829 0.0002790255723211014 -0.00010268184765107478 -0.0015049455687403679 -0.00027901048086047953 0.9999999502782473 0.00014695800111840088 -0.015662234276533127 0.0001027228475859226 -0.00014692934531125416 0.9999999839298918 0.7394145727157593
0.999999309318341 0.0002269294492191131 0.0011531981034976484 0.0007527708075940609 -0.0002271238686761413 0.9999999600174168 0.0001684633883581743 -0.013791460543870926 -0.0011531598280858756 -0.00016872519081821813 0.9999993208768798 0.6469215750694275
0.999999103563057 0.00023451957543883955 0.001318284358916086 0.0008874759078025818 -0.00023477052873543462 0.99999995435109 0.00019021203087712569 -0.013649665750563145 -0.001318239690293117 -0.0001905213546800006 0.9999991129724727 0.6461167931556702
0.9999996093863371 0.0002747765724904923 0.0008400744063370233 -1.4390330761671066e-05 -0.00027493647692230106 0.9999999441100973 0.00019023600040053005 -0.014472443610429764 -0.0008400220869891922 -0.00019046689318938004 0.9999996290425591 0.6839888095855713
0.9999998766773526 0.00023258892920909938 0.00043880254087429795 -0.000496608205139637 -0.00023267004468817293 0.9999999558541325 0.0001848144572411153 -0.01489223912358284 -0.000438759535706267 -0.0001849165306561016 0.999999886647967 0.7028272747993469
0.9999999463438772 0.0003255652450428622 -3.632511242725314e-05 -0.0014330134727060795 -0.00032555953630698786 0.999999934672808 0.00015705211883008447 -0.015392758883535862 3.6376240765786965e-05 -0.0001570402844165186 0.999999987007559 0.7302217483520508
0.9999999425988755 0.0002964326183748767 0.00016410346988122044 -0.0010751965455710888 -0.0002964592168852434 0.999999942920485 0.00016208318765929673 -0.015293226577341557 -0.00016405541377056157 -0.00016213182834170858 0.9999999733995455 0.7236222624778748
0.9999999172198922 0.0002684211720218448 0.00030579451150763526 -0.0008392282761633396 -0.00026847760940831183 0.999999946933534 0.00018453374374310474 -0.015367509797215462 -0.00030574496251642804 -0.00018461582744680127 0.999999936218505 0.7232120037078857
0.9999998202594199 0.00021904724810730493 0.0005581213403768766 0.0004945481196045876 -0.00021913808618312787 0.9999999627534567 0.00016270090390683374 -0.01345011405646801 -0.0005580856804035207 -0.0001628231803052671 0.9999998310144782 0.6045277118682861
0.9999994311491456 0.0001276412209285495 -0.001058966054209923 -0.0007393066771328449 -0.00012751972873613837 0.9999999852805385 0.00011479390942180774 -0.011296955868601799 0.0010589806910572665 -0.00011465880505722066 0.9999994327064663 0.4695011079311371
0.9999988890854266 3.5293476193889336e-05 0.0014901618311284977 0.001725627575069666 -3.568344106456397e-05 0.9999999651284859 0.0002616671907785944 -0.012496867217123508 -0.00149015254401953 -0.0002617200741905766 0.999998855473344 0.5629615187644958
0.9999999305143396 4.369898667740405e-05 0.00037021846934515054 0.000713009387254715 -4.376701862269493e-05 0.9999999821591803 0.00018375551024442152 -0.011656997725367546 -0.0003702104328105554 -0.00018377170083469076 0.9999999145860953 0.5031217336654663
0.9999993674020914 0.00014459558279939272 0.0011154763711392983 0.0011855755001306534 -0.0001447883747070321 0.9999999745960385 0.00017275488132496633 -0.012998592108488083 -0.0011154513632090327 -0.00017291628005139102 0.9999993629339053 0.5877010226249695
0.9999996607611038 8.416245067597747e-05 -0.0008193865747247508 -0.0005206894129514694 -8.406132602285754e-05 0.9999999888470522 0.0001234487291495201 -0.010716448538005352 0.0008193969553337532 -0.0001233798085489128 0.9999996566829671 0.4662988781929016
0.9999924396129444 0.00033606463292765653 -0.0038739872888374164 -0.002784228418022394 -0.00033579910028872396 0.9999999412256652 6.919270460716283e-05 -0.00965700764209032 0.0038740103143672655 -6.789130003741301e-05 0.9999924936892554 0.35144639015197754
0.9999718841063521 0.0004575761179088433 -0.007484759240536077 -0.00674104830250144 -0.0004568249441186201 0.9999998904463596 0.0001020697764733387 -0.007749308831989765 0.007484805125245529 -9.864768196855948e-05 0.9999719835879763 0.3238043189048767
0.9999975893444292 -2.7832906591021442e-05 0.0021955706911574707 0.00228886934928596 2.7266482563171005e-05 0.9999999663425576 0.00025801438480007607 -0.01236267015337944 -0.0021955777985504478 -0.00025795389732629536 0.9999975564459732 0.5685127377510071
0.9999998165712706 0.0003660336929279957 -0.000482573062748955 -0.0022145151160657406 -0.0003659473100287179 0.999999917006285 0.00017908095727441742 -0.016282983124256134 0.000482638572362548 -0.00017890432811161965 0.9999998675266161 0.76512211561203
0.9999992149125124 0.0003284162864620996 -0.001209263040720659 -0.003298650961369276 -0.000328266294555975 0.9999999384037996 0.00012423218905299169 -0.017320238053798676 0.0012093037661088384 -0.00012383513122233365 0.9999992611243579 0.8082805871963501
0.9999997788358117 0.00033041539918864587 -0.0005771949339067231 -0.0022074063308537006 -0.00033030862421062787 0.9999999283217279 0.00018507499040027709 -0.01564846932888031 0.0005772560441612204 -0.00018488429700379698 0.9999998162966113 0.7480026483535767
0.9999999167653285 0.0002787319834519919 -0.000297956066514061 -0.0016325549222528934 -0.0002786722970104426 0.9999999411023441 0.00020034235511418345 -0.015202186070382595 0.0002980118907871575 -0.00020025930633728968 0.9999999355425596 0.7264475226402283
0.9999999505565837 0.00030529360669987235 7.538331132418326e-05 -0.0011269035749137402 -0.00030530825018773995 0.9999999345135607 0.00019431867237724293 -0.014210343360900879 -7.532398213925944e-05 -0.0001943416779163377 0.9999999782788047 0.6954174041748047
0.9999997359076673 0.00039278172351203054 -0.0006114794461680934 -0.0023083011619746685 -0.00039267925806708257 0.9999999088430758 0.00016768076899060708 -0.015752997249364853 0.0006115452523689519 -0.00016744060941215709 0.9999997989880031 0.7472319006919861
0.9999992253658079 0.0003422349647517475 -0.0011967217777760005 -0.0031725787557661533 -0.0003420745755873587 0.999999932484196 0.00013422588588718977 -0.016955655068159103 0.0011967676337696928 -0.0001338164138170002 0.9999992749199363 0.7947788238525391
0.9999991973437812 0.0003084152557920272 -0.0012288986220462092 -0.0032157455570995808 -0.0003082386859500641 0.9999999421454279 0.0001438681802199051 -0.017110787332057953 0.0012289429220904082 -0.0001434892706467902 0.9999992345547687 0.8004169464111328
0.9999988453405159 0.00039760656036933893 -0.0014667060571264907 -0.00374916335567832 -0.00039743978130652683 0.9999999145228456 0.00011399965476056637 -0.017643332481384277 0.0014667512587672436 -0.0001134165957951985 0.9999989178881247 0.8185863494873047
0.9999991039187216 0.00031055093376112543 -0.0013021980920503813 -0.0032216948457062244 -0.00031037859267491266 0.9999999430483034 0.00013254628870215413 -0.01703859679400921 0.0013022391802617141 -0.0001321419955187118 0.999999143355438 0.7989473938941956
0.9999999143309587 0.0002732238246392052 -0.00031094503801776827 -0.001808080356568098 -0.00027317694219488155 0.9999999513158715 0.00015080654049186052 -0.015340754762291908 0.0003109862268194539 -0.00015072158455773242 0.9999999402852834 0.7350223064422607
0.9999995703681565 0.00040341150446591636 -0.0008345793315926969 -0.0027110720984637737 -0.00040328139159361665 0.9999999065039517 0.00015606475324202263 -0.016148746013641357 0.0008346422118797269 -0.000155728115877395 0.9999996395605011 0.7655297517776489
0.9999993238724204 0.00034880079531924565 -0.0011093208313108116 -0.0030838060192763805 -0.0003486548530483721 0.9999999305407727 0.0001317506842714007 -0.01695205271244049 0.0011093667090017018 -0.0001313638250997053 0.9999993760243303 0.7902290225028992
0.9999990304490881 0.0004062507014969818 -0.0013319389068793565 -0.0035046334378421307 -0.00040608704940891795 0.9999999099654496 0.00012313570291142735 -0.01725309155881405 0.0013319888109245227 -0.0001225947003844067 0.9999991053877735 0.8075605630874634
0.9999993644069396 0.0002617490541374568 -0.0010966645563935367 -0.003047030884772539 -0.00026158731402478467 0.9999999548895394 0.00014762451032939198 -0.017001107335090637 0.00109670314749844 -0.00014733754296458452 0.9999993877667398 0.7983591556549072
0.9999999558958221 0.00029432170536553313 -3.978803076200354e-05 -0.001290732529014349 -0.00029431410896507297 0.9999999384886207 0.0001907929762422628 -0.014779653400182724 3.984418282872628e-05 -0.00019078125764867423 0.9999999810074761 0.7110732197761536
0.9999997906342409 0.0002837918193330865 -0.0005815442177657896 -0.0021507632918655872 -0.00028368847124956095 0.9999999439561404 0.00017778798280559618 -0.015782993286848068 0.0005815946399489033 -0.00017762296819277823 0.9999998150988607 0.750277578830719
0.9999996756040465 0.0003668087965108977 -0.0007171074595879936 -0.0025001992471516132 -0.00036667299617102643 0.999999914821338 0.00018949467197440482 -0.015930049121379852 0.0007171769068183118 -0.00018923166656231627 0.9999997249242925 0.7588419914245605
0.9999997617931071 0.0002659361853639512 -0.0006369393020198676 -0.0022209733724594116 -0.0002658257526753781 0.9999999496243867 0.00017345862164715582 -0.015995563939213753 0.0006369853988578189 -0.00017328926545874854 0.9999997821101924 0.7570279240608215
0.9999988495634409 0.00046014349015466636 -0.0014453856798039776 -0.003942390438169241 -0.0004599166548458165 0.9999998818720274 0.00015726602327829003 -0.01770523190498352 0.0014454578740003313 -0.0001566010854068898 0.9999989430632588 0.8285359144210815
0.9999982015836627 0.0003728643528423577 -0.001859516500449276 -0.004481398966163397 -0.00037278195124524027 0.999999929519555 4.465985357118861e-05 -0.018948301672935486 0.0018595330214571247 -4.396657906476811e-05 0.9999982701004451 0.8686211109161377
0.9999983287636696 0.00037973705609864526 -0.0017883706650242452 -0.004438397008925676 -0.00037952273614075185 0.9999999207597778 0.00012017874360886075 -0.01853599026799202 0.0017884161596356605 -0.00011949981543375446 0.9999983936424266 0.860195517539978
0.9999988434848908 0.00036371188042942426 -0.0014767337433027846 -0.003854681272059679 -0.0003635255163296379 0.9999999259276887 0.0001264666581947776 -0.017849497497081757 0.001476779631343767 -0.00012592968153766104 0.9999989016312145 0.8322254419326782
0.9999988236756467 0.0003738713303294775 -0.0014875710238023048 -0.0038672038353979588 -0.00037370027591361593 0.9999999235309965 0.00011526536634910341 -0.01784747838973999 0.0014876140044650888 -0.00011470932505760989 0.9999988869225527 0.832612156867981
0.9999987520893874 0.00040807663907413964 -0.001526202189896103 -0.004009263124316931 -0.00040787152025573457 0.9999999077474157 0.0001347070269196459 -0.017846932634711266 0.001526257019890812 -0.00013408436440990684 0.9999988262797573 0.8351861238479614
0.999998925591182 0.0004202414556499854 -0.001404355225876161 -0.0037597105838358402 -0.0004200379877117676 0.9999999012461015 0.00014517532779253838 -0.01741430163383484 0.001404416095881684 -0.00014458528927177653 0.9999990033547651 0.8193992376327515
0.9999975964669282 0.0004174186030801349 -0.0021523991442212024 -0.005233775358647108 -0.00041713432638339123 0.9999999042184889 0.00013252156909365144 -0.01945510134100914 0.0021524542550294093 -0.0001316234110065445 0.9999976748052753 0.8984088897705078
0.9999978025399322 0.0003850535921066851 -0.002060739924883093 -0.004951044451445341 -0.000384986664798397 0.9999999253522845 3.2873899768541346e-05 -0.019586332142353058 0.002060752429266758 -3.2080470138761686e-05 0.999997876132879 0.8941265344619751
0.9999992983590076 0.00036150045299152277 -0.0011280952596806114 -0.0031967968679964542 -0.00036133667059923773 0.9999999241494554 0.00014538532937842478 -0.01691325381398201 0.0011281477309764002 -0.00014497760518486624 0.9999993531318864 0.7966850996017456
0.9999996343900656 0.0003388280368290587 -0.0007851211987220188 -0.0025528534315526485 -0.0003387097597338509 0.9999999312711056 0.000150776267125544 -0.016106028109788895 0.0007851722319880973 -0.0001505102837876618 0.9999996804255592 0.7639639377593994
0.9999983009825612 0.000428700337449692 -0.0017928323991959789 -0.004315112251788378 -0.00042852525154285606 0.9999999033769502 9.804182279173376e-05 -0.01839541085064411 0.0017928742565295598 -9.727338226212747e-05 0.9999983880685955 0.8488845825195312
0.9999982549020879 0.0003843970751412046 -0.001828231841790667 -0.004312641452997923 -0.00038424261819434237 0.9999999225803284 8.483482478115667e-05 -0.018488459289073944 0.0018282643105080743 -8.413219214652517e-05 0.9999983251842901 0.8511908054351807
0.9999989315903691 0.00033288119164990947 -0.0014233791596829537 -0.003631529863923788 -0.0003327253514147642 0.9999999386275148 0.00010972149711954032 -0.017522001639008522 0.001423415596549348 -0.00010924778556093413 0.9999989809759611 0.8194886445999146
0.9999996704646188 0.00030839967005686405 -0.0007509729003389562 -0.002522070426493883 -0.00030828505073409926 0.9999999408155992 0.00015273874875510813 -0.016322840005159378 0.0007510199604727961 -0.0001525071847036054 0.9999997063552456 0.7711150646209717
0.9999999356136268 0.00032882584547517596 0.00014368822487177528 -0.001134558580815792 -0.00032885163128922387 0.9999999298235712 0.0001794699345094394 -0.014876417815685272 -0.00014362920043529633 -0.00017951717506116733 0.9999999735721181 0.7130718231201172
0.9999993924230729 0.0003924618799209502 -0.0010301102649539085 -0.0030878917314112186 -0.00039231635220862574 0.9999999130367473 0.00014147218010018115 -0.01704801619052887 0.0010301656978099279 -0.00014106796504342932 0.9999994594290861 0.7973077297210693
0.9999982082122032 0.0003992735706323838 -0.0018504467024804295 -0.00455861771479249 -0.00039904881693876473 0.9999999129591356 0.00012182677350323489 -0.018566478043794632 0.0018504951836268043 -0.00012108813664807577 0.9999982805011408 0.8615380525588989
0.9999945002766696 0.000528400415184178 -0.003274173088758494 -0.007210902404040098 -0.0005282820215559207 0.9999998597736326 3.7024596519268744e-05 -0.021902503445744514 0.0032741921934452685 -3.529470611597814e-05 0.9999946391955129 0.9869592189788818
0.9999926727395129 0.0004321227446132609 -0.003803647883131607 -0.008178722113370895 -0.00043232413313105885 0.9999999051894563 -5.2124103529991754e-05 -0.023350194096565247 0.0038036249984950057 5.3768130376918196e-05 0.9999927647467549 1.0415040254592896
0.99999700736677 0.0003844653635293499 -0.0024160802735671352 -0.005621045362204313 -0.0003846733765242289 0.9999999223468492 -8.563112151528555e-05 -0.0205836221575737 0.002416047163750627 8.656026700953243e-05 0.9999970776074412 0.928745687007904
0.9999972628357804 0.00045728708134119893 -0.0022946044260684895 -0.005497168283909559 -0.00045716122507075114 0.9999998939687174 5.537299048864692e-05 -0.019892454147338867 0.002294629504121845 -5.4323834753204387e-05 0.9999973658587104 0.9109466075897217
0.9999976195428423 0.0004103109141175068 -0.002143024405640362 -0.005178577732294798 -0.000410412325543838 0.9999999146818929 -4.6882090590898745e-05 -0.02008431777358055 0.0021430049865681297 4.7761502620106673e-05 0.9999977026215945 0.9107147455215454
0.9999981555702159 0.000415602068494464 -0.0018751349515821495 -0.004647424910217524 -0.0004154847164527527 0.9999999117034618 6.297236248181277e-05 -0.018846813589334488 0.0018751609574583308 -6.219315642004309e-05 0.9999982399501484 0.8694121837615967
0.9999980662011377 0.00016344938660585855 0.0019598158797201944 0.0012800642289221287 -0.0001634266579728365 0.9999999865767443 -1.1757468404464043e-05 -0.013910151086747646 -0.001959817775164084 1.1437159508420255e-05 0.9999980794898953 0.6629118323326111
0.9999991088200684 0.0002033920242116844 0.0013194660866071963 7.295375689864159e-05 -0.00020378586717621045 0.9999999347266008 0.00029835903683736697 -0.015139189548790455 -0.0013194053166327153 -0.00029862765948644976 0.9999990849951472 0.7136434316635132
0.9999961215272027 0.00045664220055526537 -0.002747436705822846 -0.00634658383205533 -0.0004566048897595436 0.999999895655056 1.4207452706070931e-05 -0.020982898771762848 0.0027474429068641854 -1.2952904568668529e-05 0.9999962256877252 0.9529300928115845
0.9999974618476901 0.00041784008461507715 -0.002213980090515391 -0.0052186655811965466 -0.00041780058470472633 0.9999999125538209 1.830360332719623e-05 -0.019700314849615097 0.0022139875448904545 -1.7378554693521213e-05 0.9999975489755647 0.9012395143508911
0.9999983796937489 0.000425193970038259 -0.0017492341080150963 -0.0044531323947012424 -0.0004250671139684916 0.9999999070023443 7.28920537523061e-05 -0.018447458744049072 0.001749264938602144 -7.214839375090653e-05 0.9999984674322175 0.8566608428955078
0.9999999568862692 0.00029158501970709546 -3.472226851068734e-05 -0.001560551580041647 -0.00029158424143127374 0.9999999572380471 2.241726692286363e-05 -0.016077794134616852 3.472880356511282e-05 -2.2407141490047157e-05 0.9999999991459151 0.7548215389251709
0.9999993153375788 0.00021028194612425407 0.00115113243238058 0.0005843741819262505 -0.0002105293195118602 0.9999999547737515 0.0002147787251939172 -0.013680380769073963 -0.0011510872162308584 -0.0002150209252706523 0.9999993143818762 0.6537781357765198
0.9999995332671014 0.0002535364479675617 0.0009323008361285406 0.00018658628687262535 -0.00025370114640199047 0.9999999522339683 0.00017654401649021156 -0.013754956424236298 -0.0009322560312533784 -0.00017678045988222833 0.9999995498235794 0.6641513109207153
0.9999999205787753 0.0003465038114940165 -0.00019692016631748914 -0.0017201537266373634 -0.000346467875441892 0.9999999233277383 0.00018249528460513313 -0.015486013144254684 0.00019698338653086994 -0.00018242704359947842 0.999999963958959 0.7354925870895386
0.999998782333311 0.00039315773903615204 -0.0015102181590027043 -0.0038870251737535 -0.0003929379743006474 0.9999999121692292 0.00014581249094825445 -0.017723092809319496 0.0015102753536683437 -0.00014521889133309077 0.9999988489892526 0.8285621404647827
0.999997352869234 0.00041975479391335676 -0.002262313072391506 -0.005372328218072653 -0.00041951200272173997 0.9999999061951315 0.0001077933565776874 -0.019587863236665726 0.002262358106953702 -0.0001068440037467943 0.9999974351567881 0.9007412195205688
0.999997215581116 0.0004535345475422779 -0.002315844647101465 -0.0054267398081719875 -0.00045349063075723916 0.9999998969832142 1.9488686903026335e-05 -0.01977134868502617 0.0023158532473233893 -1.843841878860868e-05 0.999997318238285 0.9049365520477295
0.9999983270214944 0.00038266717164652225 -0.0017887202263120404 -0.0043414016254246235 -0.00038259356884429174 0.9999999259503553 4.1490298811264934e-05 -0.018739506602287292 0.0017887359708332403 -4.0805876543838144e-05 0.9999983993779725 0.8598931431770325
0.999999105078501 0.0003690812383701841 -0.0012859320499678647 -0.0034041921608150005 -0.0003689225617438662 0.9999999243059704 0.0001236292740410895 -0.017200522124767303 0.0012859775818760478 -0.00012315475405649156 0.9999991655469348 0.8061175346374512
0.9999989648178336 0.00037759207705095866 -0.0013884478689408846 -0.0036352393217384815 -0.00037742592893678017 0.999999921583863 0.00011992471102585778 -0.01751316338777542 0.0013884930426848923 -0.00011940055065522029 0.9999990289148181 0.817289412021637
0.9999991994531767 0.00034290151276078105 -0.0012179948923467705 -0.003301935736089945 -0.00034271633557881275 0.9999999296842591 0.0001522399085852161 -0.017081551253795624 0.0012180470099975138 -0.00015182235996378217 0.9999992466554423 0.8033298254013062
0.9999985046609521 0.0004324895158196023 -0.001674403977142334 -0.004229877609759569 -0.0004322871516150567 0.9999998992170653 0.0001212174813315523 -0.018189437687397003 0.001674456233680797 -0.00012049347674438738 0.9999985908378289 0.8414193391799927
0.9999962186415053 0.00041903396784897655 -0.0027179244331088192 -0.0061625041998922825 -0.00041888593591606077 0.9999999107529067 5.503408829993984e-05 -0.020650193095207214 0.0027179472516943516 -5.389537987641065e-05 0.9999963049221856 0.9393981695175171
0.9999961025313333 0.0004394396934337837 -0.002757138897323911 -0.0062181358225643635 -0.0004393516899169407 0.9999999029561358 3.2524016635252206e-05 -0.02084873616695404 0.0027571529221043973 -3.131253624004147e-05 0.9999961985564192 0.9397437572479248
0.9999960975875711 0.00046489645238351955 -0.002754756054119162 -0.006129253190010786 -0.0004647302813265301 0.9999998901547358 6.096131789620722e-05 -0.021003790199756622 0.002754784092222677 -5.9680861443985824e-05 0.9999962037941945 0.9409546256065369
0.9999961862694449 0.0002704805768159567 -0.002748506289434873 -0.00613402808085084 -0.00027028191238202565 0.9999999608346827 7.265205236338561e-05 -0.021039128303527832 0.002748525832757783 -7.190890375193115e-05 0.9999962202102846 0.9549347162246704
0.9999986162220346 0.0003878742887316074 -0.0016177476786908799 -0.004078075755387545 -0.00038784893271964587 0.9999999246588022 1.5987342275705596e-05 -0.018118655309081078 0.001617753757886846 -1.5359878442183685e-05 0.99999869131757 0.8349326252937317
0.9999992298444036 0.0003792155716820421 -0.0011817386130698055 -0.003329524304717779 -0.00037902185454900784 0.9999999146993939 0.00016414517506095765 -0.016922473907470703 0.0011818007586731855 -0.0001636971438829146 0.9999992882748525 0.8006597757339478
0.9999996991868529 0.00030123338815305287 -0.0007147619527416258 -0.0024563679471611977 -0.0003011549866928429 0.9999999486254739 0.00010979400283646373 -0.016209745779633522 0.0007147949896405426 -0.00010957871568261778 0.9999997385302796 0.7663177847862244
0.9999993431118817 0.00043962319107366307 -0.001058540152699204 -0.003293404821306467 -0.00043942811709211135 0.999999886429233 0.00018451138373892152 -0.016623936593532562 0.001058621147963296 -0.00018404611022941887 0.9999994227239805 0.7897168397903442
0.9999997152087411 0.0002851104947316744 -0.0006987806827347979 -0.0024443031288683414 -0.00028505691300077747 0.9999999564239009 7.677729212685352e-05 -0.016797851771116257 0.0006988025422964041 -7.657807799706688e-05 0.9999997529053719 0.7827620506286621
0.9999999004244554 0.0003229554512944103 0.00030797866149888153 -0.0009786761365830898 -0.0003230114477291615 0.9999999313085799 0.00018178679882067792 -0.013191466219723225 -0.00030791993130573737 -0.00018188626135247886 0.99999993605135 0.6788173913955688
0.9999994213129421 0.000420957362452747 -0.000990034686028332 -0.0031288727186620235 -0.0004207774062585676 0.9999998949168533 0.00018196883365476278 -0.01633106917142868 0.0009901111831126356 -0.00018155214412446085 0.9999994933592035 0.7822936773300171
0.9999978779386052 0.0004256332302757656 -0.002015677216226418 -0.004983037244528532 -0.0004254176238043245 0.9999999037433623 0.00010739232551274986 -0.018957819789648056 0.0020157227319465214 -0.0001065345930079582 0.9999979627540491 0.8789716362953186
0.9999996187920919 0.00029683241761378293 -0.0008211614862101112 -0.002761689480394125 -0.00029679345435099205 0.9999999548253492 4.75704159996986e-05 -0.017404265701770782 0.000821175569556016 -4.7326682511407546e-05 0.9999996617153771 0.8046303391456604
0.999998046709644 0.0005630817152010334 -0.0018946017731692698 -0.004627436865121126 -0.0005628928413363378 0.9999998365535578 0.0001002222877863248 -0.01872996799647808 0.0018946578968410588 -9.915563424779649e-05 0.9999982002181876 0.8578205108642578
0.9999969632672078 0.0002654157061211906 -0.002450104256107767 -0.005562724079936743 -0.0002652261004428723 0.9999999618080285 7.771137162474102e-05 -0.02045327052474022 0.0024501247883520288 -7.706130403854452e-05 0.9999969954705249 0.9285053014755249
0.9999979723707876 0.0004076537179320229 -0.001972073213599373 -0.0049308775924146175 -0.000407384829147315 0.9999999076687813 0.0001367480522852676 -0.01893490180373192 0.001972128777367384 -0.00013594438230173387 0.9999980461116963 0.8730096817016602
0.999989293466853 0.00038501123851376125 -0.004611368344676663 -0.010490179061889648 -0.00038545060426468307 0.9999999212591322 -9.439047042777152e-05 -0.024870388209819794 0.004611331640181595 9.616691454801378e-05 0.9999893631296428 1.1249016523361206
0.9999960291109407 0.00017945636539382884 -0.0028123936004143474 -0.007761792745441198 -0.00017934358860044426 0.9999999831037936 4.035207402331634e-05 -0.02325325272977352 0.002812400794332105 -3.9847529028851847e-05 0.9999960443991498 1.0663557052612305
0.9999971691723403 0.00014760183743918164 -0.0023748391531750244 -0.006432836409658194 -0.0001473365789830817 0.999999982888529 0.00011186989844061206 -0.020875362679362297 0.002374855624740597 -0.00011151968107974539 0.9999971738080675 0.9750407934188843
0.9999982766632569 0.00035818041336221755 -0.0018216413774503391 -0.004710834007710218 -0.0003580835453014182 0.9999999344568467 5.350212410781448e-05 -0.019093692302703857 0.0018216604214671475 -5.2849732102932986e-05 0.9999983393787286 0.8642476797103882
0.9999998498871714 0.00027184075695340634 0.0004757396739077324 -0.0005470714531838894 -0.00027191799371899874 0.9999999498606698 0.00016229375299413052 -0.014257634058594704 -0.00047569553199780116 -0.00016242309080941774 0.9999998736662421 0.6863725185394287
0.9999996313386491 0.0002551139721808762 0.000819902083665907 0.00020596850663423538 -0.00025528586889021976 0.999999945457419 0.000209557352405585 -0.013748200610280037 -0.0008198485779377594 -0.00020976658456572196 0.9999996419230804 0.6548174619674683
0.9999996001518173 0.00038679305880466016 -0.000806279935875705 -0.0027864021249115467 -0.00038667221061529903 0.9999999139871729 0.0001500341568663184 -0.01618541218340397 0.0008063378986957478 -0.00014972233083025363 0.9999996637011518 0.7724179625511169
0.9999976399439832 0.00034884321502979306 -0.0021443914930356725 -0.0051813977770507336 -0.0003485283062075941 0.9999999284265195 0.0001472242366318776 -0.019046759232878685 0.0021444426977301465 -0.00014647650803951843 0.9999976899524063 0.885715126991272
0.9999943269576604 0.0003783074534515419 -0.003347078721207593 -0.007375003304332495 -0.000378150982383257 0.9999999273784217 4.738127625428879e-05 -0.021964870393276215 0.003347096402827416 -4.611530635176376e-05 0.9999943973938296 0.9928357005119324
0.9999983410560819 0.0003346337848867172 -0.0017905042066096982 -0.00441661337390542 -0.00033471933573505334 0.999999942854265 -4.7480866177058606e-05 -0.0193304605782032 0.001790488215588061 4.8080103787631654e-05 0.99999839591884 0.8727794885635376
0.9999997773874884 0.0002201328084164526 0.0006298940552643197 -9.379535913467407e-05 -0.00022027096112092726 0.9999999517015784 0.0002192659230796936 -0.014496831223368645 -0.0006298457572179932 -0.00021940462163731313 0.9999997775779426 0.6846492886543274
0.9999999465110129 0.00031810050013010013 -7.609233254746457e-05 -0.0013904799707233906 -0.00031808505244208845 0.9999999288189417 0.00020293844086227887 -0.01574026793241501 7.615688195066573e-05 -0.00020291422617371843 0.9999999765129727 0.7324799299240112
0.9999987668422275 0.0004552461479956263 -0.0015030186187986615 -0.003883227240294218 -0.00045502927931182884 0.9999998860156052 0.0001446275601741864 -0.01770941913127899 0.0015030842886176574 -0.00014394346434668228 0.9999988600083002 0.8224183320999146
0.9999980936001482 0.00029393196626881116 -0.001930388579602189 -0.004513468127697706 -0.00029386041044162747 0.9999999561254567 3.7351623013990416e-05 -0.01917726919054985 0.0019303994737432679 -3.678428702654811e-05 0.9999981361006569 0.8695607781410217
