0.9999997117765261 0.00041648966147509446 0.0006348095989203856 -0.002124306745827198 -0.00041632326388534046 0.9999998789547432 -0.0002622316519416394 -0.017588485032320023 -0.0006349187388516397 0.0002619672903561534 0.9999997641256392 0.8406075239181519
0.9999996818885667 0.0005359050254375973 0.0005907863989598896 -0.002223777584731579 -0.0005357919351811882 0.9999998381149308 -0.00019156490929158799 -0.0183001309633255 -0.0005908889639179793 0.00019124830976462265 0.9999998071371397 0.8624870777130127
0.9999991183918577 0.00044863737178818004 0.0012497759862330963 -0.0008900659158825874 -0.00044837942517268525 0.9999998781223504 -0.00020666682223341733 -0.016203071922063828 -0.0012498685523732993 0.00020610626619596228 0.9999991976740825 0.778609037399292
0.9999995171028453 0.00047539096400658556 0.0008601148223401929 -0.0015991833060979843 -0.00047516211025379996 0.9999998516637388 -0.0002662582756978249 -0.01665988378226757 -0.0008602412715323348 0.00026584945314841736 0.9999995946544293 0.7992298603057861
0.9999992742977303 0.0006545807165300134 -0.0010113990795015842 -0.004325426183640957 -0.000654815086460431 0.9999997588321952 -0.00023141467909282618 -0.019184613600373268 0.0010112473559982325 0.0002320767905303582 0.9999994617594291 0.8986591696739197
0.99999929292077 0.0006206643068885993 -0.001014363730727594 -0.004356683231890202 -0.0006209231691759055 0.9999997747397411 -0.0002549017168099654 -0.019332971423864365 0.0010142052938343687 0.00025553137851663625 0.9999994530455187 0.908458948135376
0.9999997442512519 0.0006786770107166234 -0.00022559908084942892 -0.0027524977922439575 -0.0006786982048565231 0.9999997652773591 -9.38827607985823e-05 -0.01803414337337017 0.00022553531182476036 9.403585047937358e-05 0.9999999701455402 0.8429383039474487
0.9999985775696423 0.0004036801606607896 0.0016376510677427946 0.0004795314744114876 -0.0004034727681990479 0.9999999105443459 -0.00012696859928131257 -0.013843834400177002 -0.0016377021759502043 0.0001263076710676762 0.9999986509880675 0.6748555302619934
0.9999997632953047 0.00040949397303454343 0.0005529231598611439 -4.197470843791962e-05 -0.00040945023001472336 0.9999999130370951 -7.922317422476512e-05 -0.013904120773077011 -0.0005529555531897095 7.899676095728219e-05 0.9999998439998218 0.655694842338562
0.9999998537436855 0.000473139157823823 0.000262015162447876 -0.0012037325650453568 -0.00047310380554046793 0.999999878977921 -0.00013497011836675955 -0.014795804396271706 -0.0002620789903863917 0.00013484613825606406 0.9999999565655601 0.7161937355995178
0.9999997798145697 0.00045796615336481344 0.00048024765978430656 -0.001214408315718174 -0.0004578806733545566 0.9999998793152608 -0.00017808636365378868 -0.01514650322496891 -0.00048032915935267216 0.00017786642831992707 0.9999998688237076 0.7334790229797363
0.9999998161274807 0.00048751771810335887 0.00036065423811926066 -0.0014321357011795044 -0.00048744622262128864 0.9999998615367063 -0.00019829964316835433 -0.015387492254376411 -0.00036075086277142506 0.00019812380716045574 0.9999999153028825 0.7428483963012695
0.9999998426474491 0.000486825419796706 0.0002787581173896599 -0.001245727762579918 -0.00048678609149872197 0.9999998715601792 -0.0001411344272807231 -0.01496247947216034 -0.00027882678941282594 0.0001409987094984233 0.9999999511874917 0.721061646938324
0.9999993265877679 0.00045009906355710194 0.0010696891340290723 -0.00019251182675361633 -0.00044996735528196483 0.9999998911552107 -0.00012336509133579912 -0.0141205545514822 -0.0010697445441110699 0.0001228836830696247 0.9999994202729373 0.6877259016036987
0.9999998316815744 0.0004536516590427936 0.00036171396954570457 -0.0011149495840072632 -0.00045360530029637153 0.9999998888988944 -0.00012823584173268045 -0.014780957251787186 -0.0003617721037612333 0.00012807174477444822 0.9999999263592841 0.7162664532661438
0.9999998844619244 0.0004284271459583645 0.0002180053172150501 -0.0017644008621573448 -0.0004283914129436527 0.9999998948039986 -0.00016392921909041199 -0.015802837908267975 -0.00021807552600923655 0.00016383580854447452 0.9999999628004457 0.7625429630279541
0.9999991920952983 0.0005813183705813554 -0.001130432529059111 -0.004430009983479977 -0.0005816334330922254 0.9999997920977152 -0.00027840092691260943 -0.01886589452624321 0.0011302704544664042 0.0002790581993439474 0.999999322307381 0.890927791595459
0.9999998262214624 0.000580123051142271 -0.00010494898996870604 -0.002520829439163208 -0.0005801387305840016 0.9999998205545649 -0.0001494318955183941 -0.01736684888601303 0.00010486228224892276 0.00014949275452415438 0.999999983327909 0.8201043605804443
0.999999726438042 0.00046832509047184276 0.0005725342353905227 -0.0011847801506519318 -0.0004682459026093023 0.999999880790429 -0.00013843735985352454 -0.015695061534643173 -0.0005725990008280402 0.00013816923517250416 0.9999998265198083 0.7543303966522217
0.9999970970218021 0.0003191487514490398 0.0023883241076219767 0.000550560187548399 -0.00031856792969830506 0.9999999195943895 -0.000243568652714517 -0.015110178850591183 -0.002388401650218725 0.0002428071021736148 0.999997118286982 0.7430647015571594
0.9999990914311532 0.0004245514795300786 0.001279411157274149 -0.001455407589673996 -0.0004241012681224432 0.99999984806765 -0.0003521403007703801 -0.016888614743947983 -0.0012795604645758996 0.0003515973809324231 0.999999119551762 0.8134351372718811
0.9999958759658267 0.00040478318088063505 0.0028432730989697264 0.0012849606573581696 -0.0004046624298944864 0.9999999171977555 -4.30441630550998e-05 -0.01493770256638527 -0.0028432902870935716 4.189341973841768e-05 0.9999959569644692 0.7216732501983643
0.999983389259593 0.0001809204768614156 0.005760943731564294 0.0051241060718894005 -0.0001803549531740533 0.9999999788667326 -9.868447249621379e-05 -0.01167161576449871 -0.005760961463858552 9.764381853711432e-05 0.9999834007565809 0.5958014726638794
0.9999580619219293 0.00012505793318815818 0.009157442757267105 0.008464371785521507 -0.00012206286592496496 0.9999999388822752 -0.00032762188980725235 -0.005370134953409433 -0.009157483169301445 0.000326490366267364 0.9999580160716973 0.470973938703537
0.9999720006885381 -3.446363150122332e-06 0.007483169588118825 0.006751681677997112 4.504536463358135e-06 0.9999999899942529 -0.00014139025066058834 -0.009287308901548386 -0.007483169025961974 0.00014142000004119362 0.9999719906985955 0.571345865726471
0.9999998574898272 0.00047599123515434206 0.00024176986887639325 -0.002319089137017727 -0.00047591860211902676 0.9999998416333721 -0.0003003909369196452 -0.016697382554411888 -0.00024191281404120795 0.0003002758313328507 0.999999925656305 0.807325005531311
0.9999997565245613 0.0005976756138772109 -0.0003601870048087575 -0.0032891854643821716 -0.0005977455310517175 0.9999998025249103 -0.0001940371619843919 -0.018590819090604782 0.0003600709624008924 0.00019425241491357614 0.999999916307447 0.8739439845085144
0.9999996332448035 0.000581600566005889 -0.0006286899396642004 -0.003991886042058468 -0.0005817714781211355 0.999999793858959 -0.0002717056986324868 -0.019199062138795853 0.0006285317858772902 0.0002720713528584882 0.9999997654624591 0.9069125056266785
0.9999998384752956 0.0005677397549748112 2.6850576078745967e-05 -0.0035081664100289345 -0.0005677303779986086 0.9999997783044697 -0.0003479557865253274 -0.01937844790518284 -2.704811845907722e-05 0.00034794048643416517 0.9999999391029067 0.9155505895614624
0.9999993113806533 0.0006907928674315726 -0.0009487061892316251 -0.004461177624762058 -0.0006910070038258256 0.9999997358509405 -0.00022540490214452137 -0.019792992621660233 0.0009485502305330918 0.00022606030954767687 0.9999995245744853 0.9251958131790161
0.9999998123290862 0.0005621527168038365 -0.00024356952905566905 -0.0030913716182112694 -0.0005622172283514375 0.9999998068774485 -0.00026487139174286673 -0.017667440697550774 0.00024342058384442823 0.00026500828101974714 0.9999999352585132 0.842095673084259
0.9999995656158274 0.0005997338072951652 -0.000713503690615081 -0.0040337881073355675 -0.0005999453248255786 0.9999997761442244 -0.0002962720169733255 -0.018915913999080658 0.0007133258465484245 0.00029669995148088094 0.9999997015676431 0.8944796323776245
0.9999997671481254 0.0005722058144552221 -0.0003718658371044667 -0.003101079724729061 -0.0005722910051953404 0.9999998100154947 -0.00022902397269609817 -0.017675455659627914 0.0003717347176068932 0.0002292367348411511 0.999999904631905 0.8387091159820557
0.9999997754212051 0.0005488965574818519 -0.00038453882593074597 -0.0032181711867451668 -0.0005490007251309582 0.99999981262284 -0.00027083664597702816 -0.0176379457116127 0.00038439009257433613 0.0002710476972471376 0.9999998893886952 0.8399856686592102
0.9999993238089158 0.0006382163540290562 -0.0009721427861951841 -0.0042809490114450455 -0.0006384582274031196 0.9999997653058255 -0.0002485143575546957 -0.019122879952192307 0.0009719839521117328 0.00024913486207155973 0.9999994965893819 0.8986167311668396
0.9999991723576759 0.0006737399822554287 -0.0010960649612917464 -0.004545341245830059 -0.0006740049129022806 0.9999997437315004 -0.0002413592985236686 -0.019490517675876617 0.001095902066995319 0.00024209785193326852 0.9999993701934464 0.912606954574585
0.9999983568933902 0.0007007090151824021 -0.00167189036601064 -0.005379826761782169 -0.0007011374560331374 0.9999997215146676 -0.0002556889811800136 -0.020176436752080917 0.0016717107368395 0.0002568607860137496 0.9999985697018516 0.9399422407150269
0.999952393200253 0.0014685996512238406 -0.00964647853628392 -0.016555631533265114 -0.001477412454864119 0.9999984977406041 -0.0009065147396668132 -0.021759524941444397 0.009645132737540398 0.0009207234109362195 0.9999530607397907 0.9582897424697876
0.9999243137775462 0.000835620939235268 0.01227470790485395 0.013481907546520233 -0.0008141707991510858 0.9999981331078399 -0.0017524002810458514 0.00878088641911745 -0.012276149331666755 0.0017422739397441106 0.9999231273648519 -0.12189912796020508
0.9999818435172904 0.0004077645091661901 0.006012184616806441 0.0071625192649662495 -0.0003990683877265106 0.999998872678395 -0.0014475449426307172 0.011391575448215008 -0.006012768096593858 0.0014451193874842516 0.9999808789420789 -0.061209797859191895
0.9999994275943237 0.0006108260092830032 -0.000878466055873016 -0.0036180391907691956 -0.0006109782763865072 0.9999997983752705 -0.00017307502399541445 -0.017676807940006256 0.0008783601600263216 0.00017361164860296962 0.999999599171132 0.8370159864425659
0.999999498536202 0.0006131183289727792 -0.0007918416882979174 -0.0038141952827572823 -0.0006132521959742293 0.9999997977097338 -0.0001688260513688352 -0.018662577494978905 0.0007917380177695491 0.0001693115653628949 0.9999996722421989 0.8760738372802734
0.9999998140973778 0.0005678187307075241 -0.00022223208320699993 -0.0024311449378728867 -0.0005678453064222439 0.9999998316308637 -0.00011954058817321873 -0.016898445785045624 0.0002221641684049315 0.00011966675939569547 0.999999968161474 0.7993996739387512
0.9999998255098264 0.0005890611054477878 -4.457948824181258e-05 -0.001934104599058628 -0.00058906573152372 0.9999998211104819 -0.00010382951420605973 -0.016393091529607773 4.451831833859309e-05 0.00010385575633768188 0.9999999936160505 0.7783753871917725
0.9999967687143246 0.00048734715745561876 0.002495005742977427 -0.00012396089732646942 -0.00048652686908009943 0.9999998274039743 -0.00032936852788920107 -0.013980226591229439 -0.002495165829165174 0.0003281535762729273 0.9999968332263435 0.6784244775772095
0.9999951688467417 0.00032808652238158553 0.0030910584612053264 0.0006483374163508415 -0.00032713866882800674 0.9999998993213309 -0.00030714429740677225 -0.01598193123936653 -0.0030911589199060802 0.00030613160879533073 0.9999951754983472 0.7726947665214539
0.9997971215868648 0.0021618152420776215 -0.020026038586764834 -0.0294976606965065 -0.002192042469427655 0.9999964910394122 -0.0014875680403652908 -0.024998821318149567 0.02002275246892142 0.0015311641719984166 0.9997983521289913 1.0549101829528809
0.9998734259593955 0.0012345361256069455 0.01586215561566242 0.014558816328644753 -0.0011563605028268292 0.9999871460109968 -0.004936663161358195 0.03424070402979851 -0.01586804621270122 0.004917695937711115 0.9998620011661887 -0.686058759689331
0.9998993083801898 0.001175618016385414 0.014141818238726477 0.012443767860531807 -0.0011222067962954568 0.9999922103203325 -0.0037841710534598457 0.02403944730758667 -0.014146156818160015 0.003767919974607361 0.9998928387714059 -0.37731289863586426
0.9999788195581939 0.001283135553961624 0.006380752161873553 -0.0017716679722070694 -0.0012614642825553265 0.9999934269971521 -0.003399216138353474 0.010564384050667286 -0.006385071876254143 0.0033910950505058285 0.999973865324236 0.13628140091896057
0.9999981000043118 0.0019493047435047662 1.4099046378582273e-05 -0.007788820192217827 -0.0019492181851393244 0.9999873042808305 -0.004646700509422335 0.01156130712479353 -2.315670272571187e-05 0.004646664198593809 0.9999892039295186 -0.3428717255592346
0.9998799144270573 -0.001645629440207028 0.015409368224759667 0.011315441690385342 0.0018137026249754676 0.9999389528112158 -0.010899593276692973 0.09187633544206619 -0.015390490834566195 0.010926232404387958 0.9998218592515951 -2.548395872116089
0.9988258806629429 -0.0011954752835286965 0.048429649562465274 0.059617940336465836 0.00192475229189339 0.9998854212869739 -0.015014647061636972 0.15177620947360992 -0.048406150916093016 0.015090233153173763 0.9987137374727912 -4.384835243225098
0.9988844627940989 0.00025529294924620785 0.04722038557714793 0.05781175196170807 0.000309050885826848 0.9999286250430384 -0.011943588534801586 0.1257156878709793 -0.04722006433810129 0.011944858519410743 0.9988130885600452 -3.5237560272216797
0.9995168008919642 -0.0003763651560542862 0.03108091189078396 0.02968159317970276 0.0007358613696710895 0.9999329583496432 -0.011555834637755205 0.10399693250656128 -0.031074478961649433 0.011573122111160213 0.9994500685886524 -2.793442726135254
0.9995944169397836 0.0029286721231024256 0.028327098376105708 0.04097446799278259 -0.0026984001388756997 0.9999630344210809 -0.008163848851787607 0.08798796683549881 -0.02834996048506459 0.008084099886795124 0.9995653690827407 -2.5630478858947754
0.9999507479500248 0.0006052804069758827 0.009906326756899436 0.005975809413939714 -0.0005902132719061527 0.999998664819206 -0.0015238136692802085 -0.0006198827177286148 -0.009907235864720108 0.0015178917728054556 0.9999497700795208 0.3846608102321625
0.9998626274340602 0.0004021433518897303 0.01656998917868468 0.016241038218140602 -0.0003710504851871446 0.9999981649209382 -0.0018794883061870693 0.007571331225335598 -0.016570714595171773 0.0018730818135314984 0.999860941822574 0.14467355608940125
0.9998920708420501 0.0028029873671617717 -0.01442185594908482 -0.033737409859895706 -0.002925779465401903 0.9999595918456752 -0.008500264134171006 0.03310924023389816 0.01439744705551836 0.008541541877809469 0.9998598679718239 -0.6047546863555908
0.9996216777845393 0.0004519150402314326 0.027500855914300702 0.022092124447226524 -4.412368127753571e-05 0.9998900713038608 -0.014827115736407883 0.12818364799022675 -0.02750453337767187 0.01482029287013237 0.9995118106170231 -3.451848268508911
0.9991863417169623 0.0006420664437472993 0.04032669434699172 0.04256794601678848 -6.383396005722779e-05 0.9998971984814912 -0.014338353953332262 0.13174745440483093 -0.04033175487750841 0.01432411322027682 0.9990836648294042 -3.6324386596679688
0.999800815375177 0.0030775734123387123 0.01971948571903936 0.03101496398448944 -0.0029219611279310722 0.999964404811473 -0.007915254462348156 0.07926364243030548 -0.019743143576912755 0.00785605829462387 0.9997742198265432 -2.3828272819519043
0.9996184246913895 0.00041667529221518654 0.027619402585967866 0.0247031282633543 -0.0001721900528893641 0.9999607901802345 -0.008853725357532592 0.06572308391332626 -0.027622008762770982 0.008845591208154887 0.9995793015804637 -1.585167646408081
0.999235844453707 0.0008827963844578444 0.039076179821357894 0.04165088012814522 -0.0005309432608961574 0.9999592343872806 -0.009013748546403045 0.07775738835334778 -0.03908254416157191 0.008986113406120702 0.9991955787070474 -2.010066509246826
0.9995627565861437 0.00042404225793337433 0.029565450006271556 0.029951540753245354 -0.00018466150258577825 0.9999671863320663 -0.008098898644896666 0.0653688907623291 -0.029567914130680894 0.008089897854381913 0.9995300355700506 -1.6575849056243896
0.99989937575102 0.002142023434041868 0.014023198933513286 0.021335773169994354 -0.002075500202765528 0.9999865332732224 -0.004756634431089297 0.0350443497300148 -0.014033198909343262 0.004727050646092067 0.9998903561493931 -1.0831661224365234
0.9999998226437835 0.00030226316584328956 0.0005131757786416835 5.9478916227817535e-05 -0.00030219120168865134 0.9999999444975327 -0.00014030470020518824 -0.01193226408213377 -0.0005132181591020284 0.0001401495981160522 0.9999998584825955 0.5779480338096619
0.9999998074258296 0.0003336485566038932 0.0005232847640026276 8.978042751550674e-05 -0.00033358678989653623 0.9999999373838345 -0.00011811934918613367 -0.012048617005348206 -0.0005233241415869051 0.0001179447655547726 0.9999998561104272 0.5844058990478516
0.9999997028229005 0.00032244910957119824 0.0007002718630963132 0.00021155644208192825 -0.00032236267036536676 0.9999999404093451 -0.00012354600297480566 -0.011903045699000359 -0.0007003116586653046 0.0001233202247519934 0.9999997471778195 0.5878573656082153
0.9999992622784086 0.0002091920064247261 -0.0011965288726333036 -0.001583244651556015 -0.00020939113043231874 0.9999999642506291 -0.00016629520462751795 -0.010710302740335464 0.0011964940422306343 0.00016654562448119054 0.9999992703320147 0.5175361633300781
0.9999918906498936 0.00016692950414291802 -0.0040237754649675725 -0.004349780268967152 -0.00016766151749628882 0.9999999694581811 -0.000181585387186268 -0.01005307212471962 0.004023745030115507 0.00018225854694730982 0.9999918880959761 0.42119300365448
0.9999973272329208 0.0001404690478346056 -0.0023077685025063265 -0.002840964123606682 -0.00014083573840566977 0.9999999774846817 -0.00015873226116330439 -0.010569611564278603 0.002307746153576598 0.0001590568531900622 0.9999973245007249 0.47616177797317505
0.9999840506779463 0.00029039104076831665 -0.005640395621788401 -0.006659137085080147 -0.000291330185119264 0.9999999438380356 -0.00016568237471185096 -0.00833932776004076 0.005640347192335472 0.00016732294969093952 0.9999840791165531 0.4205012023448944
0.9999876955533871 0.0002911662819165613 -0.004952167608523022 -0.005871963687241077 -0.00029199293363566176 0.9999999435579999 -0.0001662050654804008 -0.008743984624743462 0.004952118935701825 0.00016764901836691394 0.9999877241305782 0.40984728932380676
0.999998356620601 0.000249661240249082 0.0017956685002255706 0.0010161586105823517 -0.0002494227190528055 0.9999999600424517 -0.0001330541336296423 -0.01054542325437069 -0.001795701646935082 0.0001326060344513764 0.9999983789343037 0.5427087545394897
0.9999970500370141 0.0005012921319734786 0.0023766832914400896 0.0006882059387862682 -0.0005007826216751785 0.9999998515025439 -0.00021496896525152596 -0.012128674425184727 -0.0023767907007595655 0.0002137781294114564 0.9999971525783842 0.6531113982200623
0.9999981799443864 0.0005661698863919707 0.001821965854325746 -0.0002431413158774376 -0.0005650494432182271 0.9999996509886921 -0.0006154198734296025 -0.011483743786811829 -0.0018223136506388834 0.0006143892525396578 0.9999981508476928 0.5966435670852661
0.9999990846068302 0.000642581212041177 0.0011907455173720725 -0.0013592178001999855 -0.0006420193378100946 0.9999996824239406 -0.00047218977908125245 -0.012733438052237034 -0.0011910485595003591 0.00047142486519339037 0.9999991795806259 0.6404106616973877
0.9999998009823504 0.0006036905793759374 0.00018328378054529296 -0.0024015065282583237 -0.0006036151969943349 0.9999997333371335 -0.00041106490490129766 -0.008390547707676888 -0.0001835318876809156 0.00041095419021682666 0.9999998987163449 0.5514053702354431
0.9999938714631758 0.0008891468774068011 -0.0033862152796238837 -0.00671031791716814 -0.0008917964962553848 0.9999992973355263 -0.0007810425488166466 -0.009766532108187675 0.0033855184387073037 0.0007840575770905598 0.9999939617410782 0.5778342485427856
0.9999867305075233 0.0006500565718091659 -0.005110404614891286 -0.00825519859790802 -0.0006539713691223814 0.9999994939986766 -0.0007644107793647888 -0.007028538733720779 0.005109905118769098 0.0007677426943244725 0.9999866496313002 0.497094988822937
0.9999800341884159 0.0012504716315803767 -0.006194154117659835 -0.010681811720132828 -0.0012546887663772912 0.999998983722607 -0.0006769858585698762 -0.008381363935768604 0.006193301271069915 0.0006847440775864162 0.9999805868840225 0.5548755526542664
0.9999997412160488 0.0004894780133200578 0.0005272372423053469 -0.0018446799367666245 -0.0004892326293315733 0.9999997720069985 -0.00046544321376660653 -0.012905102223157883 -0.0005274649463185334 0.0004651851516550381 0.9999997526917219 0.6453792452812195
0.9999981828632577 0.0005247842001227048 0.0018327224901669714 0.00024926383048295975 -0.0005244610386857041 0.9999998468403344 -0.00017680477016560896 -0.013148595578968525 -0.0018328149938176969 0.00017584325734634924 0.999998304932737 0.670310914516449
0.9999991747786579 0.000638348360446043 0.0011148781879423524 -0.0014192461967468262 -0.0006379382771084571 0.9999997287520371 -0.00036814481762564703 -0.014182268641889095 -0.0011151128901746529 0.0003674332903542848 0.9999993107577722 0.6930544376373291
0.9999990416547456 0.0006353486729186044 0.001230049452083468 -0.0012175487354397774 -0.0006349014982807542 0.999999732239002 -0.00036389835411503675 -0.013312749564647675 -0.0012302803250605631 0.00036311704513468867 0.9999991772778284 0.6810392141342163
0.99999948587626 0.0005884962361017444 0.0008257841094930119 -0.0010862359777092934 -0.0005882849172746716 0.9999997941615812 -0.0002561203839459642 -0.01429405715316534 -0.0008259346653968578 0.0002556344559318547 0.9999996262414067 0.702642023563385
0.999998786472258 0.00027340387128199916 0.0015337223785965397 0.0004891124553978443 -0.00027304376927115935 0.9999999351124489 -0.0002349940390454775 -0.012456711381673813 -0.0015337865273570533 0.00023457498053442436 0.9999987962360091 0.6284515857696533
0.9999989934048453 0.00065062821302057 -0.0012609013540022908 -0.0024307239800691605 -0.0006507351687999562 0.9999997847087776 -8.441645868947395e-05 -0.007467480376362801 0.0012608461588116302 8.523688657171244e-05 0.9999992015004997 0.530367374420166
0.9999999052959959 0.0003569785915276305 0.00024894634891565965 -0.0009376741945743561 -0.000356911939442692 0.9999999004673075 -0.00026772979470550575 -0.010944927111268044 -0.00024904189794238313 0.0002676409174262135 0.9999999331732341 0.5825669765472412
0.9999994180139604 0.0005208505407814008 0.0009448208587183726 -0.0006063086912035942 -0.0005207108282887 0.9999998534615384 -0.00014811190206617553 -0.013685891404747963 -0.0009448978644300646 0.0001476198374151885 0.9999995426881003 0.683804452419281
0.9999968765860894 0.00027093344221390395 0.002484635412988552 0.001319709699600935 -0.00027071865886149626 0.9999999595902732 -8.678052697754265e-05 -0.013450361788272858 -0.0024846588243320044 8.610761875927347e-05 0.9999969095232268 0.6725226640701294
0.9999973195911336 0.0003807437097728737 0.002283822404557126 0.0006798864342272282 -0.00038025848980694795 0.9999999050406498 -0.00021289004697033618 -0.013776775449514389 -0.0022839032442330924 0.00021202103347942258 0.999997369413066 0.683539092540741
0.9999998548561893 0.0005323860382939306 -8.278107636058457e-05 -0.002274550497531891 -0.0005324065283718278 0.9999998275948346 -0.00024769656773499703 -0.015458625741302967 8.264919189430397e-05 0.00024774060496885326 0.9999999658968514 0.7489744424819946
0.9999997012151378 0.0004988307520710058 0.0005905400207617595 -0.0013326779007911682 -0.0004987076197336298 0.9999998538806608 -0.0002086369263925927 -0.015132434666156769 -0.0005906440089873442 0.00020834235724692584 0.9999998038665392 0.730836033821106
0.9999997256929019 0.0005025920896303063 0.0005440728924627693 -0.0015310971066355705 -0.000502452871958018 0.99999984100587 -0.00025598700360742344 -0.01504505891352892 -0.0005442014630014345 0.0002557135624009989 0.9999998192276545 0.7302254438400269
0.9999995190027706 0.0007636219245522857 -0.0006155288649121626 -0.0037586335092782974 -0.0007640371348565203 0.9999994805768855 -0.0006746059706352961 -0.014940116554498672 0.0006150134012826316 0.0006750759330620623 0.9999995830154134 0.7394992113113403
0.9999623305198954 0.0006888954832201895 -0.008652338656857108 -0.01148296520113945 -0.000695155138934472 0.999999498835668 -0.0007204774429987302 -0.011022456921637058 0.00865183798695734 0.0007264650206691409 0.9999623082636772 0.5839125514030457
0.9999995907362811 0.0006515942059149698 0.0006276561651612895 -0.003052329644560814 -0.0006511421072969127 0.9999995286398964 -0.000720231866548731 -0.014885181561112404 -0.0006281251682203727 0.0007198228784259177 0.9999995436567944 0.7098363637924194
0.9999998452120671 0.0005233020954527892 0.0001890258156461988 -0.0018700752407312393 -0.0005232577168685239 0.9999998355472468 -0.00023474846345047064 -0.015166042372584343 -0.00018914862892321097 0.00023464951789751697 0.999999954581199 0.7367576956748962
0.999999703529313 0.0007349068896860345 -0.00022989812865919642 -0.0032909661531448364 -0.0007350073016809684 0.999999634402728 -0.0004369881884390424 -0.015344811603426933 0.00022957689897867245 0.0004371570356880613 0.9999998780940794 0.7484715580940247
0.9999987569303064 0.0008262310627254605 -0.0013429371069053216 -0.005238584242761135 -0.0008270843330873678 0.9999994563879406 -0.0006349451386990944 -0.01542787067592144 0.0013424117654717957 0.0006360550716594784 0.9999988966816902 0.7377058267593384
0.9999995331419763 0.0006564170386994954 0.000709106833164429 -0.002352215349674225 -0.0006560648038776621 0.9999996613601042 -0.0004968487193691038 -0.015344325453042984 -0.0007094327329976148 0.0004963832673758643 0.9999996251543544 0.7450422048568726
0.9999988564935796 0.0004239299228490393 0.0014516524905340306 -0.0005830405279994011 -0.00042348322365859853 0.9999998628954996 -0.0003080112674633294 -0.014747487381100655 -0.0014517828666987937 0.0003073961647741442 0.9999988989164466 0.7243232727050781
0.9999982837330538 0.00032280349323767616 0.0018243708097669558 -7.914938032627106e-05 -0.00032235643037882024 0.9999999179475081 -0.00024533917080622297 -0.014760423451662064 -0.001824449856414149 0.0002447506520767897 0.9999983057384845 0.7297475934028625
0.9999989254840773 0.0003860147479911112 0.001414221801959181 -0.0007144641131162643 -0.00038562480520144745 0.9999998875609871 -0.0002759918889662256 -0.014775315299630165 -0.0014143281798849442 0.0002754462334016542 0.9999989619020473 0.7238757014274597
0.9999998252419292 0.0004074924893048133 0.000428329291789971 -0.0015924498438835144 -0.0004074032383546408 0.9999998952883984 -0.00020843654565919802 -0.015336776152253151 -0.0004284141832657776 0.00020826200649267206 0.9999998865441057 0.746688723564148
0.9999998820057482 0.00048535222231728897 -2.0535575357767186e-05 -0.002211027778685093 -0.0004853570645514047 0.9999998542592158 -0.00023645309668331185 -0.015882451087236404 2.0420809328947282e-05 0.00023646303586978017 0.9999999718341112 0.7684679627418518
0.9999956154775091 0.00033687101361646454 0.0029420305365635353 0.0017011938616633415 -0.00033628497311138423 0.9999999235184893 -0.00019968833851413329 -0.013812046498060226 -0.002942097580765598 0.00019869810231624074 0.9999956522809935 0.683372437953949
0.9999979166318336 0.00033870020134069324 0.0020129615410418807 4.223547875881195e-06 -0.0003381767501722329 0.9999999089206675 -0.00026037500263253744 -0.014475877396762371 -0.0020130495467685036 0.0002596937233833744 0.9999979400932244 0.7115437984466553
0.9999998419551747 0.0005452416967601038 -0.00013711716726501317 -0.0022503258660435677 -0.0005452705899884892 0.9999998291279308 -0.00021077023645898983 -0.01528383418917656 0.00013700222311416565 0.00021084496910653682 0.9999999683873942 0.740300714969635
0.9999997120617242 0.0006516230131085769 0.00038892662184390725 -0.0019530784338712692 -0.0006514836615467869 0.9999997235889332 -0.00035831703265579645 -0.015152771025896072 -0.0003891600019647521 0.0003580635501429361 0.9999998601724837 0.7350914478302002
0.9999994607665201 0.0007188733056879526 -0.0007494583638882737 -0.002553297206759453 -0.0007190565861312244 0.9999997116351391 -0.00024430977157645963 -0.015143529511988163 0.0007492825199977119 0.00024484854280903636 0.9999996893123998 0.7187928557395935
0.9999998007844177 0.0005713373286152332 -0.0002683370677442047 -0.0016688667237758636 -0.0005713646205471204 0.9999998316056726 -0.00010164200326899906 -0.014446248300373554 0.00026827895068714185 0.00010179530132721857 0.9999999588320598 0.7036395072937012
0.9999998292386061 0.000491644538557087 0.000315924684343867 -0.0011743074283003807 -0.0004916014901873926 0.9999998698717663 -0.00013632470506112247 -0.014682725071907043 -0.0003159916665298595 0.0001361693727365154 0.9999999408035825 0.7091149091720581
0.9999996281190945 0.00043128728313224734 0.000746828596110009 -0.0007512718439102173 -0.0004311804312890501 0.999999896784408 -0.00014322921745561524 -0.014591656625270844 -0.0007468902919657149 0.00014290714631523446 0.9999997108661778 0.7110794186592102
0.9999995556514969 0.0005047917830574517 0.0007961671086006076 -0.0009023100137710571 -0.0005046605624287421 0.9999998590450744 -0.00016500772208208542 -0.015183160081505775 -0.0007962502909191801 0.00016460585462033746 0.999999669445139 0.7334606647491455
0.999999048558133 0.00038854976203191166 0.0013235980925484696 0.00012383237481117249 -0.00038842442744995044 0.9999999200556607 -9.494806888670628e-05 -0.01401224173605442 -0.0013236348787838664 9.44338607178664e-05 0.999999119536089 0.6857274174690247
0.999997686375962 0.0003995552116031151 0.0021136694055138247 0.000737589318305254 -0.00039914263029163806 0.9999999012099737 -0.00019561493595574746 -0.014136827550828457 -0.002113747355671497 0.00019477082781024573 0.9999977470656826 0.6929833889007568
0.9999987392859607 0.00033951376213794894 0.0015511791948449494 0.0006353333592414856 -0.0003393072076300157 0.9999999335347401 -0.00013342089173895132 -0.013429836370050907 -0.0015512243899743232 0.00013289439725222335 0.9999987880202512 0.6445858478546143
0.9999994699045487 0.000409622925268597 0.0009446690852770747 5.054939538240433e-05 -0.0004095391768488395 0.9999999121920707 -8.884544628329092e-05 -0.013486681506037712 -0.0009447053954592419 8.845852018714504e-05 0.9999995498533016 0.661759614944458
0.9999993540703485 0.00046553460755014136 0.0010368878507131649 -0.00038134772330522537 -0.000465411478712753 0.9999998846171673 -0.00011898658632749068 -0.013785512186586857 -0.001036943123447877 0.00011850392996266673 0.9999994553527404 0.6860384941101074
0.9999995471361441 0.0004827732653088903 0.0008201569854428603 -0.0008110096678137779 -0.00048262564046338375 0.9999998673030601 -0.00018018421997618823 -0.01455309335142374 -0.0008202438647347733 0.00017978830958688774 0.9999996474380208 0.7079386711120605
0.9999997538152189 0.00044946220380254014 0.000538844345691007 -0.0010204371064901352 -0.0004493915900842661 0.9999998904220533 -0.00013116051242642381 -0.014746367931365967 -0.000538903238338517 0.00013091832801938376 0.9999998462218336 0.713318407535553
0.9999997986957634 0.000478922382476467 0.00041622323877761017 -0.0010501695796847343 -0.00047887002385500445 0.9999998774182108 -0.0001258851212116387 -0.014645123854279518 -0.0004162834769583898 0.000125685779038148 0.9999999054555715 0.7072960138320923
0.9999998873468133 0.00047330931195661244 -3.5842096589179634e-05 -0.0020401915535330772 -0.00047331590158873117 0.9999998710456918 -0.0001840669904052528 -0.015853649005293846 3.5754971346604235e-05 0.00018408393430378173 0.9999999824173433 0.7635706663131714
0.9999997568848518 0.0005365877730155438 -0.0004453131474089491 -0.003026139922440052 -0.0005366845025164555 0.9999998324130633 -0.0002171257472256148 -0.01722966879606247 0.0004451965657591147 0.00021736468710403778 0.9999998772762978 0.8213034868240356
0.9999997382967855 0.0005700240892764732 -0.00044550970628759635 -0.0031784353777766228 -0.0005701059750276666 0.9999998206172752 -0.00018369701927108126 -0.017918098717927933 0.0004454049146447384 0.00018395095894246816 0.9999998838882468 0.846686065196991
0.999999846597269 0.0005536946135926267 -1.5090178602974916e-05 -0.002000954933464527 -0.0005536965482713572 0.9999998384530777 -0.00012850661875345794 -0.016285251826047897 1.5019022742588213e-05 0.0001285149544199969 0.9999999916291678 0.773957371711731
0.9999998607775995 0.0004963172788240231 0.00017920362712903673 -0.0015872400254011154 -0.0004962907103029952 0.9999998658553332 -0.00014827287774091087 -0.0155378058552742 -0.00017927719348102966 0.00014818392000260817 0.9999999729506064 0.7461864352226257
0.9999997238633038 0.00048115845505843454 0.0005663566515488587 -0.0010395031422376633 -0.00048107359051093257 0.9999998730386461 -0.00014996963629304946 -0.014834906905889511 -0.000566428738801956 0.00014969713565305922 0.9999998283746108 0.7166575193405151
0.9999997035804461 0.000408915724802186 0.0006524009122222718 -0.0009814249351620674 -0.00040881895214202286 0.9999999054134047 -0.00014845957805063642 -0.014916213229298592 -0.0006524615579698532 0.00014819282018700328 0.9999997761663768 0.7253687977790833
0.9999998761760434 0.0004767822304820968 0.0001425713960700878 -0.0020227674394845963 -0.0004767505560119173 0.9999998616864213 -0.00022211718995518572 -0.01612859219312668 -0.00014267727787978303 0.0002220491914594086 0.9999999651686751 0.7779734134674072
0.9999998615496574 0.0004937682819041036 0.0001819163272779403 -0.0018950700759887695 -0.0004937280210997522 0.999999853630918 -0.0002212934339501952 -0.015938347205519676 -0.00018202556832969273 0.00022120358612377075 0.9999999589678322 0.7679544687271118
0.9999998805336815 0.0004741658847289593 0.00011874062533536498 -0.0019122269004583359 -0.00047414099523163523 0.9999998656389589 -0.00020955281068280696 -0.015786247327923775 -0.00011883997217512582 0.00020949648585003326 0.9999999709941412 0.7613652944564819
0.9999996759777359 0.0005086891840556219 0.0006239228611837166 -0.0012035639956593513 -0.0005085837863257691 0.9999998563781575 -0.0001690745282914768 -0.015352163463830948 -0.0006240087779586072 0.00016875715645644934 0.9999997910670114 0.7377679347991943
0.9999994486971904 0.00044823794798966657 0.0009495725657108967 -0.0006282804533839226 -0.0004480891052430563 0.9999998872907839 -0.0001569540488290272 -0.0145893394947052 -0.0009496428114460928 0.00015652846917848633 0.9999995368385773 0.7080727815628052
0.9999998506476641 0.0004313754956185143 0.00033558878316904725 -0.0016654888167977333 -0.0004313034339560894 0.9999998839245645 -0.00021477477829013504 -0.01552957110106945 -0.00033568139279186436 0.00021463000561844226 0.9999999206259785 0.7534737586975098
0.9999998842792651 0.0004798084471507627 -3.500443494199697e-05 -0.002474844455718994 -0.0004798176226203009 0.9999998504114799 -0.0002625872561916 -0.016680017113685608 3.487843812210047e-05 0.00026260402154956475 0.9999999649113106 0.8004927635192871
0.9999998416307422 0.0005198691754938011 -0.00021557952388643074 -0.0027041910216212273 -0.0005199098815955608 0.999999847022481 -0.00018880871235164916 -0.017138516530394554 0.00021548133507799373 0.00018892076437489172 0.9999999589383688 0.8183412551879883
0.9999998348045445 0.0005161473855315021 0.0002529481369206432 -0.0018347669392824173 -0.0005161168989748271 0.9999998595424511 -0.00012057538915213164 -0.01644464209675789 -0.0002530103360640382 0.00012044481842559636 0.9999999607394069 0.7850688695907593
0.9999997764651141 0.0004606821068565051 0.0004846047029812173 -0.0017308704555034637 -0.00046055005701059416 0.9999998568006662 -0.0002725661239605195 -0.015864688903093338 -0.00048473019992239055 0.0002723428783088965 0.9999998454329829 0.7687031030654907
0.999999739071356 0.0005055372681179916 0.0005160322572250627 -0.001466493122279644 -0.000505439468680054 0.9999998542847887 -0.00018963476746422408 -0.015667011961340904 -0.0005161280494735973 0.00018937389491316774 0.9999998488746709 0.7564882040023804
0.9999996516203161 0.0004975201064606528 0.0006702484536832489 -0.0011508194729685783 -0.0004973964699874827 0.9999998592565167 -0.0001846177079591975 -0.01529562659561634 -0.0006703402103718654 0.00018428426442726215 0.9999997583416267 0.7371270656585693
0.9999992518690621 0.0004492888497138972 0.0011377173838640342 -0.00047583412379026413 -0.00044908377777985617 0.9999998828721774 -0.00018049762286901844 -0.014749754220247269 -0.0011377983461750294 0.0001799865574123711 0.9999993365096611 0.716124415397644
0.9999997237019521 0.0004590244388131093 0.0005847158150113349 -0.0016039013862609863 -0.00045887621728121997 0.9999998625592559 -0.00025360222184018155 -0.016042398288846016 -0.00058483214426512 0.00025333383958900575 0.9999997968966439 0.7706080079078674
0.9999998314954596 0.000547311394217394 -0.0001935440262708462 -0.002444072626531124 -0.000547341737854663 0.9999998379215246 -0.00015676079330390475 -0.016900114715099335 0.00019345819793318376 0.0001568667016126898 0.9999999689833812 0.8021840453147888
0.9999997624104143 0.0005065063656602896 -0.00046757931540889695 -0.0027408041059970856 -0.0005065797360153216 0.9999998593937531 -0.00015681021915490054 -0.016847973689436913 0.0004674998242901218 0.00015704704810459163 0.999999878390062 0.8033006191253662
0.9999978713833759 0.0007056284832978179 -0.001938895861276998 -0.005776471458375454 -0.000706110189214578 0.9999997200091466 -0.00024777011390271367 -0.020537562668323517 0.0019387204847542113 0.00024913866061860386 0.9999980896445803 0.9550776481628418
0.9999978854143534 0.0008146711020805573 -0.0018882472871051062 -0.005641216412186623 -0.0008149848778229006 0.9999996542196096 -0.00016540952365889228 -0.020635567605495453 0.0018881118798272879 0.00016694806687086853 0.9999982035793227 0.9546345472335815
0.9999994546307625 0.0006300705630092527 -0.0008329161202548314 -0.0034690573811531067 -0.0006301561864797828 0.9999997961942212 -0.00010254119553711041 -0.017850711941719055 0.000832851342312909 0.0001030660068602941 0.9999996478679579 0.8400181531906128
0.9999995759023492 0.0005680837244873895 -0.0007248972367331232 -0.0033773770555853844 -0.0005682323682034909 0.9999998175710545 -0.00020486540364394716 -0.017613697797060013 0.000724780723789364 0.00020527722683454376 0.9999997162770411 0.8362188339233398
0.9999993465708477 0.0006242752355360169 -0.0009576733826821616 -0.004356123507022858 -0.0006245525846457371 0.9999997631094947 -0.0002893354861281401 -0.019259382039308548 0.0009574925308396785 0.0002899334144542993 0.999999499573209 0.9010897874832153
0.9999996003323463 0.0006497687174391062 -0.0006141138014709297 -0.0036069517955183983 -0.0006498513385154038 0.999999779822021 -0.0001343471133579172 -0.018702641129493713 0.000614026371705056 0.00013474614233960832 0.9999998024075263 0.8836843967437744
0.999999847993398 0.0005507299858046058 2.663951031995991e-05 -0.0033976053819060326 -0.000550720236320748 0.9999997818827938 -0.0003646115550535802 -0.018972057849168777 -2.6840307025963203e-05 0.00036459682871279784 0.999999933174373 0.8939895629882812
0.9999997694537797 0.0006609440458572039 -0.00015570920218524665 -0.003438461571931839 -0.000660965051882154 0.9999997724645578 -0.0001348926708031322 -0.019626613706350327 0.00015562001024828738 0.00013499555804503773 0.9999999787793056 0.9217019081115723
