0.9999935084971718 0.00039641623794539236 0.0035813150772906134 0.002115180715918541 -0.0003955245466315246 0.999999890607826 -0.00024968914447572884 -0.011719035916030407 -0.0035814136663540803 0.0002482710255956513 0.9999935558980608 0.6396499872207642
0.9999982159549425 0.0004925498827866779 0.0018235902898111522 0.0003261631354689598 -0.0004921433764997205 0.9999998539531773 -0.0002233573845210881 -0.01253274455666542 -0.00182370003813515 0.00022245951815887043 0.9999983123135427 0.6594125032424927
0.9999985353618526 0.0006163637419312022 -0.0015966746340615886 -0.002834351733326912 -0.0006165702434143302 0.9999998016202597 -0.00012884322235689897 -0.009013171307742596 0.001596594903023035 0.00012982749571597733 0.9999987170139454 0.5710761547088623
0.9999889202734694 0.00020814277085167373 0.004702765876344377 0.004081131890416145 -0.0002076921305725181 0.9999999737939226 -9.631268246580908e-05 -0.010395391844213009 -0.004702785799891928 9.533488788318424e-05 0.999988937297298 0.5886310935020447
0.9999904850662195 0.00024661688222545416 0.004355336627717259 0.003448127768933773 -0.00024592691540083856 0.9999999571268594 -0.0001589535525875315 -0.010977677069604397 -0.004355375641619857 0.00015788094565261765 0.9999905028432158 0.6130964756011963
0.9999930174552732 0.00038528583416208784 0.003717068135410722 0.00261931074783206 -0.00038448843014210265 0.9999999029207933 -0.00021523719642928266 -0.010537036694586277 -0.003717150702403466 0.00021380652383381644 0.99999306851469 0.6038472056388855
0.9999956251707902 0.00040478029296599254 0.0029301522477817505 0.0015619066543877125 -0.0004042422670670202 0.9999999013279873 -0.00018420696391203688 -0.013129573315382004 -0.002930226522006549 0.00018302166665053565 0.9999956901285123 0.6613925695419312
0.9999938952657329 0.0002599231616673409 0.003484518792737619 0.0027105705812573433 -0.00025966577394753666 0.9999999635252395 -7.431827610085362e-05 -0.012248340994119644 -0.0034845379826819235 7.341301213837586e-05 0.9999939262843437 0.6378910541534424
0.9999858925944757 0.00016922315312706412 0.005309046576796484 0.004612459801137447 -0.00016860907450440884 0.9999999790442796 -0.00011611382649109596 -0.010534606873989105 -0.005309066114689428 0.0001152170349964442 0.9999859001716099 0.5945586562156677
0.9999947608455069 0.00027361741431275986 0.003225432536560201 0.0023507010191679 -0.0002730257104621769 0.9999999458210175 -0.000183888344717984 -0.00985184870660305 -0.003225482676862952 0.0001830067552886944 0.9999947813713972 0.5843949317932129
0.9999993262914811 0.00031931963896244777 0.0011159980072711604 0.0005033793859183788 -0.00031921587728869105 0.9999999447118267 -9.31534616869461e-05 -0.012030044570565224 -0.0011160276912994232 9.27971546457219e-05 0.9999993729352437 0.6089591979980469
0.9999998789740681 0.0004341110762076026 0.00023151549136327516 -0.0010779937729239464 -0.0004340787529980771 0.9999998960370684 -0.0001396477300961901 -0.014426341280341148 -0.00023157608992064796 0.00013954721723940272 0.9999999634495437 0.6938318014144897
0.9999991711662707 0.0004807186034433264 0.0011943937357701915 -0.00011752918362617493 -0.0004805460649368899 0.9999998740629332 -0.00014473975687865674 -0.014193721115589142 -0.0011944631644455373 0.0001441656757037546 0.9999992762367416 0.6902872323989868
0.9999994446450599 0.00041851784208364536 0.0009672395710760188 1.624971628189087e-05 -0.00041842410840725646 0.9999999077455725 -9.710876495272976e-05 -0.013701282441616058 -0.0009672801235946412 9.670399466775369e-05 0.9999995275086384 0.6641142964363098
0.9999995689311504 0.000431761112652313 0.0008220218094753172 -0.00016845855861902237 -0.0004316943493022477 0.9999999035074848 -8.13941644429696e-05 -0.013955742120742798 -0.0008220568729913686 8.103926718632707e-05 0.9999996588275093 0.6766571998596191
0.9999997843735248 0.0005384050332839443 -0.0003759959093552391 -0.0023447321727871895 -0.0005384650227670862 0.9999998423131168 -0.0001594652328568815 -0.015760721638798714 0.0003759099931816122 0.00015966765911784676 0.9999999165989542 0.7542935013771057
0.9999992955160544 0.0006484907337064459 -0.000994196742818062 -0.0031676767393946648 -0.0006486892396406813 0.9999997697298648 -0.0001993551805123023 -0.015825357288122177 0.0009940672338969647 0.00019999996479893003 0.9999994859150423 0.7537374496459961
0.9999989298171875 0.0004772678500968963 0.001382960548543236 -0.0006665866822004318 -0.00047676556706039786 0.9999998202808065 -0.0003635009611447875 -0.013963989913463593 -0.0013831337873209154 0.0003628412241621582 0.9999989776430636 0.7026207447052002
0.9999979872364578 0.0004195455699120392 0.00196201542999945 0.0004100422374904156 -0.00041922174543440285 0.9999998984388466 -0.0001654552035555001 -0.014082934707403183 -0.001962084646732571 0.00016463235100016497 0.9999980615581351 0.6909449100494385
0.9999955391713687 0.00037051568789148355 0.002963841339977645 0.001230587251484394 -0.00036952232045314357 0.9999998753784569 -0.0003357027336212452 -0.012971853837370872 -0.0029639653537484384 0.00033460603057947595 0.9999955514641983 0.6453101634979248
0.9999972308730947 0.0005089158541049667 0.0022976620282666766 0.0010819369927048683 -0.0005085282033124979 0.9999998563688899 -0.0001692963850489293 -0.010330705903470516 -0.0022977478558653228 0.0001681274903027007 0.9999973460404472 0.5862356424331665
0.9999993532693935 0.0007970522497720396 0.0008112758506177599 -0.0017585456371307373 -0.0007967227437799989 0.9999996000358953 -0.0004063999495158612 -0.014163732528686523 -0.0008115994481306094 0.00040575332476290875 0.9999995883352029 0.6952165365219116
0.9999982111129724 0.00045196962781135996 0.001836707464573842 -1.2647360563278198e-06 -0.00045176239468310865 0.9999998915434983 -0.00011324190983360529 -0.015111787244677544 -0.0018367584472748161 0.0001124119518940936 0.9999983068395463 0.7339955568313599
0.9999978261551653 0.0008680912919579374 -0.0018958118188485723 -0.004095642827451229 -0.0008693397852036219 0.9999994057547379 -0.0006578286318404458 -0.011962013319134712 0.00189523963696448 0.0006594753064624567 0.9999979865774923 0.6058507561683655
0.9999973476701762 0.0007714933833621435 -0.002170126856133083 -0.004396479576826096 -0.0007724722920236478 0.9999996002664374 -0.00045028160415748307 -0.011928445659577847 0.002169778599382287 0.00045195677272869456 0.9999975438949362 0.6144258975982666
0.9999695338752036 0.0008492629647715133 -0.007759515050878352 -0.008821282535791397 -0.0008536445435061539 0.9999994780731865 -0.000561377188909052 -0.00811576284468174 0.007759034244123577 0.000567983953604993 0.999969736932987 0.4483846426010132
0.9999906624357957 0.0008586807810045435 -0.004235293205297372 -0.005446381866931915 -0.0008606426083206341 0.9999995231981188 -0.00046140853451322585 -0.010242647491395473 0.004234894983260826 0.00046504929987262016 0.9999909246556338 0.5235555171966553
0.9999995995513631 0.0008774976899902444 -0.00017576950099158255 -0.0036361422389745712 -0.0008776064497011457 0.9999994229234518 -0.0006196448036687583 -0.014827311038970947 0.00017522566267529183 0.0006197988119805723 0.9999997925726783 0.7291088104248047
0.9999814205031509 0.00085981041832321 -0.006034846687782169 -0.008479699492454529 -0.0008635547709939112 0.9999994362504254 -0.0006178770013927916 -0.012465758249163628 0.0060343120285568765 0.0006230769421984422 0.9999815992574393 0.6184693574905396
0.9999836612092929 0.0009565244592239439 -0.005635811868457675 -0.0070465439930558205 -0.0009603795356946168 0.9999993067058112 -0.0006813655730385341 -0.01026282086968422 0.0056351562183457726 0.0006867669587345328 0.9999838865529479 0.5019038915634155
0.999960943270651 0.0008861605364611464 -0.008793557458355531 -0.010649742558598518 -0.0008917515794652019 0.9999994027337918 -0.0006319107373811879 -0.00942135974764824 0.008792992231902778 0.0006397277257671518 0.9999611362628282 0.5109671950340271
0.9999881782061242 0.0010037884997285286 -0.00475771548589227 -0.006576811894774437 -0.0010073353633212126 0.99999921649439 -0.0007431595197442803 -0.01200156006962061 0.004756965783216114 0.0007479433493231813 0.9999884058614297 0.5594048500061035
0.9999720365167067 0.0008563016361942327 -0.007429194582048088 -0.008990922942757607 -0.0008614315825956497 0.99999939274994 -0.0006873393483740269 -0.009154006838798523 0.007428601500860599 0.0006937198708178667 0.9999721669289012 0.49947765469551086
0.9999611278278092 0.0008978699912472408 -0.008771354673849359 -0.010527420789003372 -0.0009028169330279483 0.9999994356353862 -0.0005600450824462109 -0.010748368687927723 0.008770846875933892 0.0005679422398024765 0.9999613740973654 0.5335993766784668
0.9999991387289111 0.0009783191057858168 -0.0008748903721152913 -0.005246168002486229 -0.0009788037986457792 0.9999993676531358 -0.0005537476431431876 -0.018586572259664536 0.0008743480769820372 0.000554603512235977 0.9999994639650486 0.8690316677093506
0.9999992872821638 0.000789435881395409 0.0008956707844750687 -0.0028629088774323463 -0.0007894373922618471 0.9999996883933647 1.3333177854089389e-06 -0.02374558337032795 -0.0008956694528092078 -2.0403928435506925e-06 0.9999995988859538 1.0543298721313477
0.999999655643374 0.0007326796021281718 -0.0003897354666959905 -0.0028363484889268875 -0.0007327017100994499 0.9999997299730876 -5.6585827271640346e-05 -0.01740572601556778 0.00038969390217551435 5.687136762887035e-05 0.9999999224521521 0.8158087730407715
0.9999997875941259 0.0005334560971165615 -0.0003744813686007728 -0.0023239990696310997 -0.0005335027810974749 0.9999998499280137 -0.00012457420453067646 -0.0160872433334589 0.0003744148575326597 0.00012477396492200138 0.999999922122483 0.7670242190361023
0.9999971368251527 0.00036623828003955536 0.0023647856179126845 0.0007785046473145485 -0.0003662221084855994 0.9999999329142438 -7.271501646217066e-06 -0.015645500272512436 -0.0023647881223715097 6.405444051528047e-06 0.9999972038641439 0.7498661875724792
0.9999914983799537 0.00014441617612013266 0.004120960055978278 0.003204602748155594 -0.00014387192340918593 0.9999999808901168 -0.00013236553817290626 -0.013014753349125385 -0.0041209790929520864 0.00013177152240184746 0.999991500047666 0.6527808904647827
0.9999947326489205 0.00048129836504398827 0.0032098327522704275 0.0018423502333462238 -0.0004811411379525605 0.9999998830138173 -4.975496787137038e-05 -0.013810347765684128 -0.0032098563237490368 4.8210323211421874e-05 0.9999948472357972 0.6731617450714111
0.9999994295249418 0.0006409327214665874 0.0008544910986837653 -0.001880495809018612 -0.0006408086759284135 0.9999997841064587 -0.0001454347862687154 -0.018112536519765854 -0.0008545841281180151 0.00014488713799225706 0.9999996243467721 0.8524790406227112
0.9999980787421008 0.0007350851287569414 0.0018171851752053166 -0.001003894954919815 -0.0007351416262237555 0.9999997293205818 3.042289983818855e-05 -0.018192864954471588 -0.0018171623199094455 -3.175872985280205e-05 0.9999983484548794 0.858747124671936
0.9999988606159488 0.0006728935022774072 0.0013512886957809972 -0.0007153796032071114 -0.0006727981905298128 0.9999997711516733 -7.098729743675096e-05 -0.01737290993332863 -0.0013513361534320293 7.007807196555155e-05 0.9999990844894132 0.8147385716438293
0.9999996391031877 0.0006179314160219995 -0.0005830559662786761 -0.0027413470670580864 -0.0006179699559114726 0.9999998068836952 -6.592197137252637e-05 -0.01701372116804123 0.000583015118423945 6.62822586512722e-05 0.9999998278500023 0.8016011714935303
0.9999995976893105 0.0004964137335125771 0.000747124234829518 -0.0010513979941606522 -0.0004963326809775423 0.9999998709226113 -0.00010866752195235195 -0.015857478603720665 -0.0007471780824429567 0.00010829665605975003 0.9999997149983331 0.7546453475952148
0.999998973209395 0.0006317448567593921 -0.0012862653659371811 -0.004267243668437004 -0.0006319635853470059 0.9999997859204269 -0.00016965001374500636 -0.018623093143105507 0.0012861579150504083 0.00017046271242233144 0.9999991583697865 0.8727161884307861
0.9999997320655538 0.0007019272805946468 0.00020776648783547394 -0.0020841239020228386 -0.0007018973598591096 0.9999997432949199 -0.00014404926429956876 -0.01671670936048031 -0.0002078675466091225 0.00014390339495452999 0.9999999680414475 0.781366229057312
0.9999998605705808 0.0005265818837506601 3.962750072325585e-05 -0.0018237615004181862 -0.0005265774918750071 0.9999998552244028 -0.00011075792720413886 -0.0159249696880579 -3.968581810410825e-05 0.00011073704481128526 0.9999999930811714 0.7629368901252747
0.999999738247426 0.0004825949696634794 0.0005390799332641411 -0.0011460212990641594 -0.0004825225753876464 0.9999998745523758 -0.00013441427234714634 -0.01527983695268631 -0.0005391447332895301 0.00013415411892612618 0.9999998456628024 0.7353633642196655
0.9999999413459574 0.0003224273298799182 -0.00011553657000246707 -0.0005530901253223419 -0.0003224527239496254 0.9999999238470179 -0.00021984130525538078 -0.01174711249768734 0.0001154656783589619 0.00021987854744251256 0.9999999691605503 0.55952388048172
0.9999957081620842 0.00029811063369973324 0.0029145818673710134 0.002384851686656475 -0.00029766475182397997 0.9999999439296539 -0.00015341572472562162 -0.012244513258337975 -0.002914627438808317 0.00015254749800197573 0.9999957408290066 0.6113895773887634
0.9999993646261385 0.0004392219073803985 0.0010381866089815164 -0.00043425336480140686 -0.0004390742371246666 0.9999998934591499 -0.00014246228536426785 -0.014612149447202682 -0.0010382490709289402 0.00014200635385412392 0.9999994509363801 0.7092100381851196
0.9999995115598176 0.0006116794486496723 -0.0007763558325098121 -0.0031696269288659096 -0.0006118139585652418 0.9999997978717128 -0.00017303240748891137 -0.01648208498954773 0.000776249835218726 0.00017350730830807372 0.9999996836656537 0.7889068126678467
0.9999998572362331 0.0005302206909592262 -6.62837224493258e-05 -0.0020400406792759895 -0.0005302330101401225 0.9999998421329126 -0.00018597608545626966 -0.0156541895121336 6.618510361677509e-05 0.00018601120472330076 0.9999999805096814 0.7532438039779663
0.9999997633540905 0.00048711757590345683 0.0004858067829785166 -0.0011410834267735481 -0.00048704629815370543 0.99999987061373 -0.00014682788186302014 -0.015022113919258118 -0.0004858782425636771 0.00014659123672153485 0.9999998712166631 0.7248289585113525
0.9999998417676668 0.0005082547213116539 0.0002411260661177195 -0.0014143018051981926 -0.0005082233802807365 0.9999998624017253 -0.0001300212532835061 -0.015299979597330093 -0.00024119211685504102 0.00012989868680554365 0.9999999624763464 0.7352317571640015
0.9999997275765531 0.0005173353837203349 0.0005265082338652796 -0.0011976249516010284 -0.0005172903094728188 0.9999998625294835 -8.574234600549487e-05 -0.015599452890455723 -0.0005265525190353927 8.546996504003327e-05 0.9999998577186547 0.744161069393158
0.9999973031254684 0.0003590664948653751 0.002294518041409918 0.0013621700927615166 -0.00035878860808615263 0.9999999282518736 -0.00012151947367658607 -0.013048521243035793 -0.0022945615103540187 0.00012069589901950639 0.9999973602065034 0.6385726928710938
0.9999962414577517 0.00021822705918892745 0.0027330289643801176 0.002407034859061241 -0.00021797925423221973 0.9999999721049341 -9.096799072606218e-05 -0.012727429158985615 -0.0027330487398191912 9.037190520357519e-05 0.9999962611317624 0.611191987991333
0.9999998394701967 0.0005245864800718041 0.00021416957251373147 -0.0016208076849579811 -0.0005245652056627658 0.9999998574776187 -9.937850565491298e-05 -0.01588084176182747 -0.00021422167461025027 9.926614379584865e-05 0.999999972127653 0.7578679323196411
0.9999993457369081 0.00043662716722200353 0.0010572996134910041 -0.0003804303705692291 -0.00043652972092960216 0.9999999004525453 -9.239427624555369e-05 -0.014831574633717537 -0.0010573398500906236 9.193267309017264e-05 0.9999994367902539 0.715766429901123
0.9999987389554217 0.00032374568703710544 0.001554759240803544 0.0009105480276048183 -0.0003234762992482197 0.9999999326278294 -0.00017351490082159662 -0.012653212063014507 -0.0015548153107568167 0.00017301175424613456 0.9999987763073925 0.6029126644134521
0.9999999273823998 0.00013981197165588224 0.0003545247629555335 -1.917220652103424e-05 -0.00013971118930581545 0.9999999498318836 -0.00028428333359446247 -0.011339506134390831 -0.00035456449138307266 0.0002842337818742181 0.9999998967475839 0.5233386158943176
0.9999963649687266 0.0001733173026307528 -0.0026907267504849086 -0.003221474587917328 -0.00017394980044068033 0.9999999572973358 -0.0002348335437478368 -0.010563964955508709 0.002690685934867339 0.0002353007415018485 0.999996352414728 0.4772282540798187
0.9999957569806354 0.0002650271924772789 0.0029009966069115482 0.0019210390746593475 -0.0002647985038203785 0.9999999618033774 -7.921487339512104e-05 -0.013339610770344734 -0.0029010174901987736 7.84463577237811e-05 0.9999957889629788 0.6586151719093323
0.9999997173806306 0.0005559531080363827 -0.0005061173783552029 -0.0027807261794805527 -0.0005560265332115125 0.9999998349125271 -0.00014494624230027654 -0.016722384840250015 0.0005060367114876589 0.00014522761602694587 0.9999998614178836 0.7947994470596313
0.9999997881668784 0.0005945353124403283 -0.0002649414282998059 -0.002339213155210018 -0.0005945594399390436 0.9999998191092164 -9.09978384519252e-05 -0.016667166724801064 0.000264887278946028 9.115534260279561e-05 0.9999999607627157 0.7872506380081177
0.9999998571805111 0.0004847672514647785 0.00022503259665404638 -0.0012171650305390358 -0.0004847419331792142 0.9999998761788339 -0.00011255032421811035 -0.01476864144206047 -0.0002250871295015705 0.00011244122540780015 0.9999999683463772 0.7129610180854797
0.9999998618512211 0.00051869964379152 8.513646529281488e-05 -0.0014908220618963242 -0.0005186875182414026 0.9999998553448444 -0.00014238521114481677 -0.014879721216857433 -8.521030813568826e-05 0.00014234103225257917 0.9999999862391167 0.7168664336204529
0.9999994997711538 0.0005003739591561979 0.0008660735209129967 -0.0006519639864563942 -0.0005002452671761668 0.999999863806207 -0.00014880268961543593 -0.013649282976984978 -0.0008661478599500947 0.00014836936600017483 0.9999996138871335 0.6889612674713135
0.9999992006896692 0.00041823146327241997 0.0011931900377395613 -0.00011370331048965454 -0.00041808412751417147 0.9999999049486041 -0.0001237273016510097 -0.01430341973900795 -0.0011932416709755987 0.0001232283489386123 0.9999992804942855 0.6980084776878357
0.999999869097382 0.00045909470900833393 0.00022591429181875288 -0.00158015638589859 -0.0004590558351736744 0.9999998798254921 -0.0001720951537697685 -0.0154554583132267 -0.00022599327264415564 0.0001719914239681538 0.9999999596729947 0.7459807991981506
0.999999861427061 0.0004970003151833893 0.00017359880522325007 -0.0015178285539150238 -0.0004969753029901641 0.999999866126242 -0.00014409387911071866 -0.015344759449362755 -0.0001736703966862597 0.00014400758482438183 0.999999974550204 0.737714946269989
0.9999998126497982 0.000439605237007219 0.00042596666992883637 -0.0010950108990073204 -0.00043954443427902327 0.9999998932010374 -0.00014282368045629467 -0.014966394752264023 -0.00042602941047393525 0.00014263642241929377 0.999999899076891 0.7247308492660522
0.999995189341952 0.00021665102406270717 0.003094245511835066 0.0021582809276878834 -0.00021631171274702694 0.9999999705553843 -0.0001099930619125416 -0.01351767685264349 -0.0030942692508356983 0.00010932321122720823 0.9999952067616319 0.6723189353942871
0.9999909864284988 0.00014618194414748863 0.004243311513080156 0.003428703173995018 -0.0001457857560946225 0.9999999849855836 -9.367681518094185e-05 -0.012734449468553066 -0.004243325143228276 9.30573564409908e-05 0.9999909927254631 0.6406994462013245
0.9999988497661972 0.00036781414568819393 0.0014714547348206135 -0.00031869392842054367 -0.00036756672905136105 0.9999999182661913 -0.00016841113477306224 -0.015033604577183723 -0.0014715165585506746 0.00016787008325705712 0.999998903228725 0.7328391075134277
0.9999998425620865 0.0005608221248415149 1.8824084832804194e-05 -0.001881590113043785 -0.0005608196496850784 0.9999998341290004 -0.00013123753996993859 -0.015897078439593315 -1.8897682626459345e-05 0.00013122696239151259 0.9999999912111808 0.7567370533943176
0.9999997445163546 0.0005138513509396993 -0.0004969144945030695 -0.0028095385059714317 -0.0005139579108894501 0.9999998449529498 -0.00021433931637045763 -0.016459451988339424 0.0004968042789106664 0.0002145946547457532 0.9999998535673107 0.7892616987228394
0.9999997800510344 0.000634838655058454 -0.0001920358420323248 -0.0024693775922060013 -0.0006348639285768124 0.999999789817749 -0.00013157602374720172 -0.01687871292233467 0.00019195227212384565 0.0001316979114362916 0.9999999729049922 0.7956709861755371
0.9999998630406094 0.0005138839792532911 9.92069475186381e-05 -0.0015587229281663895 -0.0005138695207239195 0.9999998573531101 -0.0001457116163562187 -0.015093032270669937 -9.928181223231214e-05 0.0001456606169730706 0.9999999844630532 0.7261847853660583
0.9999997621784654 0.0005426809336878224 0.00042560594048277083 -0.0013714330270886421 -0.0005426120437515955 0.9999998396702335 -0.00016196196197436246 -0.015083064325153828 -0.000425693765914216 0.00016173098454712198 0.9999998963139477 0.724369466304779
0.9999995601643773 0.0006093827070007511 0.0007129682800666406 -0.0017752526327967644 -0.0006091248738087121 0.9999997490356957 -0.00036179474004910286 -0.015635676681995392 -0.0007131885725951218 0.0003613602942052628 0.9999996803903478 0.7537696361541748
0.9999997531837487 0.0005624112706319092 -0.0004211009431074522 -0.0028719278052449226 -0.0005624868720689808 0.9999998257056211 -0.00017943591086737808 -0.017191464081406593 0.000420999952933297 0.00017967273033199304 0.9999998952383693 0.814411997795105
0.9999992905184267 0.00058528416613848 -0.0010374994399070159 -0.003873922862112522 -0.000585497639894221 0.9999998074880659 -0.0002054661640686295 -0.01787644624710083 0.0010373789840834857 0.0002060734717676293 0.9999994406891273 0.8457373380661011
0.9999995627583299 0.0006128780987984509 -0.0007063027572276992 -0.0034846821799874306 -0.0006130030983778593 0.9999997964889781 -0.00017677444280151156 -0.018030349165201187 0.000706194272302883 0.0001772073312869324 0.9999997349435705 0.8498655557632446
0.9999996199760603 0.000625444583475047 -0.0006073440603854166 -0.003215019591152668 -0.0006255235148862885 0.9999997959386753 -0.00012978035272345984 -0.017909664660692215 0.0006072627660313307 0.00013016021139521653 0.9999998071451075 0.8411003947257996
0.9999997548831994 0.0005500346020896253 -0.0004332383611661676 -0.0027147922664880753 -0.0005501039170777263 0.9999998359104496 -0.00015988981938971838 -0.016673319041728973 0.0004331503451430935 0.00016012810631754325 0.9999998933698784 0.7934936285018921
0.9999997260877037 0.000598897446555174 -0.00043490960673494216 -0.0026951516047120094 -0.0005989465202831009 0.9999998142791643 -0.00011271513915830667 -0.01701698824763298 0.00043484202115413656 0.00011297559587983568 0.9999998990744605 0.8029598593711853
0.9999996903222652 0.0005717013760178023 -0.0005408446264451993 -0.002731648273766041 -0.000571776694471403 0.9999998268590006 -0.00013911642708074466 -0.016569042578339577 0.0005407649997500315 0.00013942562635221615 0.9999998440668426 0.787121057510376
0.99999922257202 0.0006156062676623004 -0.0010843819800787414 -0.003951089456677437 -0.000615798179272694 0.9999997947931604 -0.00017665287859323743 -0.018225912004709244 0.0010842730089368796 0.0001773205017073155 0.9999993964545587 0.8573325872421265
0.9999993121918896 0.0006401909247214365 -0.0009827366522057674 -0.0038266098126769066 -0.0006403409193264597 0.9999997833806662 -0.00015232244644690333 -0.018380235880613327 0.000982638923878162 0.00015295162816961853 0.9999995055131501 0.8612525463104248
0.9999995275246627 0.0006132593968402319 -0.0007542303123955426 -0.003464808687567711 -0.000613367987857917 0.9999998015573656 -0.0001437530572115161 -0.017971621826291084 0.0007541420048109329 0.00014421561002083737 0.999999705235804 0.8458084464073181
0.999999822077504 0.0005421337811003809 -0.00024886929043865363 -0.002273465506732464 -0.0005421767014273782 0.9999998381567907 -0.0001724262650519458 -0.015940619632601738 0.0002487757720578153 0.00017256116550441093 0.9999999541666287 0.7628638744354248
0.9999997798327739 0.0005414268021020856 -0.0003836553419354825 -0.0027246568351984024 -0.000541496880565528 0.999999836722892 -0.00018257961905429008 -0.016675865277647972 0.0003835564257940743 0.00018278732702711221 0.9999999097366264 0.7965916395187378
0.9999998152114319 0.0005261701114529039 -0.00030450306331505054 -0.0027886172756552696 -0.0005262519280858964 0.9999998254373019 -0.0002686713113349583 -0.016562122851610184 0.00030436164334634496 0.0002688315070117491 0.9999999175468018 0.794509768486023
0.9999998597021674 0.0005296013870333095 -1.0863531905637932e-05 -0.0022444948554039 -0.0005296034576194797 0.9999998414257362 -0.00019149067918316717 -0.016464393585920334 1.0762116453662002e-05 0.00019149640568149912 0.9999999816066515 0.7882329225540161
0.9999997796228058 0.0005641820575067161 -0.00034993277331140776 -0.002832416445016861 -0.0005642598599513715 0.9999998161019579 -0.00022227654154981057 -0.01698007434606552 0.00034980730452290884 0.0002224739455827911 0.999999914070093 0.8088939189910889
0.9999997804968872 0.0005756678560957547 -0.000328043742290544 -0.0025036782026290894 -0.0005757157870664855 0.9999998236124189 -0.00014603582939763342 -0.01636565662920475 0.00032795961629487934 0.00014622465730359935 0.9999999355304178 0.780974268913269
0.9999995363142458 0.0005936014634734784 -0.000758293212381972 -0.003317425027489662 -0.0005937825618780753 0.9999997952411427 -0.00023862091640083698 -0.01697087474167347 0.0007581514113895295 0.0002390710670420203 0.9999996840256812 0.8063628673553467
0.9999986696487537 0.0006908557685433976 -0.0014776396819464195 -0.004703869111835957 -0.0006911625863697996 0.9999997396936315 -0.00020713992408948512 -0.018992383033037186 0.0014774961934959474 0.0002081609377849257 0.9999988868363915 0.8895359039306641
0.9999989141550044 0.0006905256481900845 -0.0013018690952559823 -0.004522254690527916 -0.0006907839847623478 0.9999997418075165 -0.00019799592555177982 -0.01903924159705639 0.0013017320378583368 0.0001988950208801548 0.9999991329668602 0.8911374807357788
0.9999977185661987 0.0007368995698680662 -0.00200495421937612 -0.00598558597266674 -0.000737406332670595 0.9999996963568967 -0.00025202780611401386 -0.020940259099006653 0.002004767891403678 0.00025350569706734065 0.9999979583181974 0.9720077514648438
0.9999966806531098 0.0008946032787849557 -0.002416271453383875 -0.0068533774465322495 -0.0008951057303918143 0.9999995779948452 -0.00020687161077493648 -0.02234898880124092 0.002416085365683579 0.00020903374252040458 0.9999970594138767 1.0261509418487549
0.9999979631644123 0.000790879376296067 -0.0018569267188247051 -0.005474301055073738 -0.0007911968405817993 0.9999996725139475 -0.00017023383131436164 -0.02008173242211342 0.0018567914762807696 0.0001717026791291618 0.9999982614202905 0.9303715229034424
0.9999979619910759 0.0007658640834821516 -0.0018680112152821837 -0.005331713706254959 -0.0007661722542766672 0.9999996929988842 -0.00016426263784811675 -0.019760485738515854 0.0018678848389460704 0.00016569352144322179 0.999998241774397 0.918511152267456
0.9999988277943735 0.0007526245450276279 -0.0013334039797914046 -0.0045088790357112885 -0.0007528031519947379 0.9999997077390403 -0.00013345129644753325 -0.019133415073156357 0.0013333031513682054 0.000134454930734042 0.9999991021118861 0.8911687135696411
0.9999993522325435 0.0006217141687967978 -0.0009534180542316553 -0.0037272516638040543 -0.0006218967545484094 0.9999997883392661 -0.0001912219920743604 -0.017863266170024872 0.0009532989670086318 0.00019181479580063142 0.9999995272139703 0.8428833484649658
0.9999995326570804 0.0005484147783300228 0.0007961952346846079 -0.0009345505386590958 -0.0005483410078865183 0.9999998453487275 -9.286904835348876e-05 -0.01567894220352173 -0.0007962460423105683 9.243241845433516e-05 0.9999996787241925 0.7488871216773987
0.9999994140426064 0.0003831167308501941 0.0010124900071310872 -0.0008015390485525131 -0.00038298489998401614 0.9999999181598145 -0.00013039528660781577 -0.015419748611748219 -0.0010125398808846404 0.00013000744181761756 0.9999994789303916 0.7443482875823975
0.9999975818825203 0.0007679946863176552 -0.0020606827203039214 -0.005742261186242104 -0.0007684354413671909 0.9999996820466398 -0.00021310464950631178 -0.020196955651044846 0.002060518401864476 0.00021468763582992829 0.9999978540842648 0.938410758972168
0.9999981900161837 0.0007879472981453988 -0.0017317919654176491 -0.005381344817578793 -0.0007882154930735927 0.9999996774710692 -0.00015418850072033608 -0.020404543727636337 0.0017316699144520906 0.00015555324689956772 0.999998488560105 0.9450522661209106
0.9999990505784884 0.0006736871244246869 -0.0012020764452806724 -0.004207594320178032 -0.0006739104440630989 0.9999997557389246 -0.0001853828595975805 -0.018527232110500336 0.0012019512616145873 0.0001861927754621426 0.999999260322434 0.8687885999679565
0.9999994914014767 0.0006720185863790398 -0.0007520557210188325 -0.00326703954488039 -0.0006720846777747757 0.9999997703114083 -8.763171081909066e-05 -0.01766255870461464 0.0007519966581417863 8.813711137666156e-05 0.9999997133663968 0.8310133218765259
0.9999998699499701 0.0005099601752293258 -6.376698357904006e-06 -0.0019104797393083572 -0.0005099613576130324 0.9999998525194955 -0.00018681648931315837 -0.0156258512288332 6.28142844783945e-06 0.00018681971688742005 0.9999999825294682 0.751136302947998
0.9999998460624276 0.0005492059251057445 -7.90441202832068e-05 -0.001830603927373886 -0.0005492138136947294 0.9999998442007899 -9.981273957974062e-05 -0.01557251252233982 7.898929022021707e-05 9.985613633756068e-05 0.9999999918947221 0.7457979321479797
0.9999996285169079 0.0005606675047238673 -0.0006546892355557063 -0.003111748956143856 -0.0005608182327342346 0.9999998162759218 -0.0002300674515728657 -0.016677144914865494 0.0006545601239295386 0.0002304345277667719 0.9999997592254573 0.7965757846832275
0.9999993643351806 0.0006289383015161207 -0.0009358236200743785 -0.003834540955722332 -0.0006291338308966281 0.9999997803260867 -0.0002086585756265012 -0.0181276835501194 0.0009356921811281905 0.00020924720128872635 0.9999995403477698 0.8552024364471436
0.9999986711388376 0.0006760831689445733 -0.0014834527655186625 -0.004883692599833012 -0.0006764450830278817 0.9999997415699294 -0.00024347920629861462 -0.019421430304646492 0.0014832877699564933 0.00024448235707769274 0.9999988700422459 0.9065561890602112
0.9999981707974226 0.0007903374378799505 -0.0017417716680463487 -0.0054260436445474625 -0.0007906346115123047 0.9999996730096584 -0.00016993377468689071 -0.020397745072841644 0.0017416367934797402 0.000171310568809701 0.999998468675812 0.9453349113464355
0.9999992528104473 0.000677736652738231 -0.001017374845826779 -0.00413165520876646 -0.0006779096731438462 0.9999997558150148 -0.0001697303333304607 -0.018926285207271576 0.0010172595649311379 0.00017041989475892805 0.9999994680698772 0.8862912058830261
0.999999662191659 0.000590924462967164 -0.0005713360189351515 -0.0030141733586788177 -0.0005910166628055687 0.9999998123536112 -0.00016122048993092664 -0.017062705010175705 0.0005712406425945792 0.0001615581045765521 0.9999998237915378 0.8124556541442871
0.9999997370876628 0.0005576833349487028 -0.000463480208196533 -0.002849886193871498 -0.0005577932623366438 0.9999998163292038 -0.00023708276083782864 -0.016637859866023064 0.00046334790596403114 0.00023734122464320426 0.9999998644889214 0.7947919964790344
0.9999995488178612 0.0005667697395143706 -0.000762322855715458 -0.003660234622657299 -0.0005669451882598621 0.9999998128471888 -0.0002299537803237636 -0.018099598586559296 0.000762192382200418 0.00023038587184767356 0.9999996829925111 0.8542439341545105
0.9999996269689388 0.0005848779948855097 -0.0006355939850218936 -0.003387283533811569 -0.0005850084936939438 0.9999998078389715 -0.00020515136380254854 -0.018004482612013817 0.0006354738743671911 0.00020552311515449625 0.999999776966577 0.8510403633117676
0.9999998344941893 0.0005151364266483909 -0.00025621486335061804 -0.0026871562004089355 -0.0005151823320918474 0.9999998512490684 -0.00017913404480137264 -0.01635984145104885 0.00025612254676668836 0.0001792660125244649 0.9999999511324679 0.7952459454536438
0.9999994950936211 0.0007043016031689093 -0.0007167787347448333 -0.004616055637598038 -0.0007046735146878465 0.9999996171693809 -0.0005187449557018582 -0.018835920840501785 0.00071641310743605 0.0005192497887744872 0.9999996085658814 0.8883718252182007
0.9999993282459212 0.0005706237694696494 -0.0010089084298945568 -0.00487800408154726 -0.0005709454891172179 0.9999997862513506 -0.00031861968157109624 -0.020634856075048447 0.001008726402278017 0.0003191954992540062 0.9999994402924826 0.9663153290748596
0.9999985611397221 0.0008222864635250532 -0.0014837666451007494 -0.005616271868348122 -0.0008226780046265386 0.9999996269389961 -0.0002632921740669944 -0.021435709670186043 0.001483549589974588 0.0002645124574092666 0.9999988645562422 0.987549901008606
0.9999989911385111 0.000765274418204696 -0.0011966942068284494 -0.004077831283211708 -0.000765381853738437 0.9999997031060956 -8.932154443843548e-05 -0.0178641676902771 0.0011966254960442807 9.023738235574958e-05 0.9999992799720593 0.8429275751113892
0.9999998549714464 0.0005113549498323074 0.00016903609589887766 -0.0020945128053426743 -0.000511311540759853 0.9999998363207018 -0.0002567471094117908 -0.016070015728473663 -0.00016916735713642093 0.0002566606420694908 0.9999999527538591 0.769875168800354
0.9999996156204812 0.0005048332062674814 0.000716869809331223 -0.001218683086335659 -0.0005047355449308537 0.9999998633175164 -0.00013640739713729292 -0.015261633321642876 -0.0007169385743313325 0.00013604551503122598 0.9999997337453137 0.735666036605835
0.9999998000241691 0.0005192317578191648 0.00036104016846814804 -0.0017346283420920372 -0.0005191434209985048 0.9999998353001731 -0.0002447237928987272 -0.015773870050907135 -0.0003611671773700618 0.000244536312331707 0.9999999048801264 0.7612696290016174
0.9999990284441993 0.0005560471044399716 0.0012782496920558514 -0.0013916557654738426 -0.0005554184896418738 0.9999997246836646 -0.0004920801727637771 -0.01474032737314701 -0.0012785229598880482 0.000491369731167084 0.9999990619669743 0.7167812585830688
0.999999770852414 0.0006705436331142308 9.309326262370131e-05 -0.0029432568699121475 -0.0006704806539714603 0.9999995474776433 -0.0006749075501048489 -0.00884163286536932 -9.354577545758223e-05 0.0006748449782198088 0.9999997679166946 0.5517638325691223
0.9999988857556388 0.000633940101535301 0.001351520413557779 -0.0018307780846953392 -0.0006332966314807979 0.9999996859495749 -0.00047648308237544553 -0.016306888312101364 -0.0013518220508458398 0.0004756266381315742 0.9999989731776946 0.7787498235702515
0.9999988638132995 0.000646905842479323 -0.0013615744346575675 -0.004421425051987171 -0.0006471706219506519 0.999999771760459 -0.00019403405898579354 -0.01874203234910965 0.0013614486021260453 0.00019491500950058572 0.9999990542324741 0.8776469826698303
0.9999998032122962 0.000595728273983092 -0.00019668043166104794 -0.002376595512032509 -0.0005957437596985886 0.9999998194489093 -7.868622063175699e-05 -0.017017344012856483 0.0001966335205437783 7.880337628709321e-05 0.9999999775626429 0.8051098585128784
0.9999996010780647 0.000383053559853376 0.0008069161551624223 -0.0018380600959062576 -0.00038279939898079796 0.9999998770854794 -0.0003151089430836909 -0.016661759465932846 -0.0008070367595830998 0.00031479993036059753 0.9999996247962658 0.8071629405021667
0.9999793648545433 0.002183849042717594 -0.006041578308918403 -0.015829674899578094 -0.002194887977140898 0.9999959329603738 -0.0018211341190409564 -0.023892104625701904 0.006037576655577487 0.0018343571272667139 0.9999800912028488 1.0482332706451416
0.9999997721658974 0.0005740428190608871 -0.00035516615116922673 -0.003381716087460518 -0.0005741426222067641 0.9999997957091608 -0.0002809659872393703 -0.01799045503139496 0.00035500479210466053 0.00028116983925108817 0.9999998974575542 0.8557314872741699
0.9999990317094063 0.0007511890332530563 -0.0011714500784387265 -0.00509493425488472 -0.000751558010500296 0.9999996681042125 -0.0003145664027393156 -0.020204715430736542 0.0011712133908074124 0.0003154465108379785 0.9999992643760754 0.9467990398406982
0.9999997051602865 0.0006411931528367913 -0.00042255257772314865 -0.003558582626283169 -0.0006412712929188435 0.9999997773073594 -0.00018481439451861867 -0.01880694553256035 0.00042243398189948837 0.00018508531086583826 0.9999998936464737 0.8861179351806641
0.9999993241193629 0.0007432343146537385 -0.000894071345227853 -0.004207568243145943 -0.0007435226922128236 0.9999996716627715 -0.00032225510808173705 -0.01866813376545906 0.0008938315406165469 0.0003229196526093835 0.9999995483939352 0.8820595741271973
0.9999998066459195 0.0005406489496558903 0.0003072569565249394 -0.0018102526664733887 -0.0005406051221513236 0.9999998436904853 -0.00014270636764073736 -0.016330689191818237 -0.00030733406254552777 0.0001425402353633648 0.9999999426140262 0.7782517671585083
0.9999995573658936 0.000488927922713891 0.0008038765473455153 -0.0005810605362057686 -0.0004888324585219909 0.9999998734472134 -0.00011894698376643882 -0.014356860890984535 -0.000803934602114384 0.00011855397016745985 0.9999996698170014 0.6955510377883911
0.9999995469927937 0.0004771979980083564 0.0008235874442212491 -0.000517931766808033 -0.00047709871505936715 0.9999998788991304 -0.00012074162828788819 -0.014298704452812672 -0.0008236449621473885 0.00012034864107968347 0.9999996535625306 0.692982017993927
0.9999998662273463 0.0004970706059394638 0.00014305978534208638 -0.001974828541278839 -0.0004970446048934835 0.9999998599608396 -0.00018172771295314836 -0.016185909509658813 -0.00014315009681250778 0.00018165658154846844 0.9999999732544677 0.777281641960144
0.9999979387510801 0.0007436188791806373 -0.0018893185421730372 -0.005632460117340088 -0.0007441268446486298 0.9999996871791867 -0.0002681730187316153 -0.020218074321746826 0.0018891185326352586 0.00026957835860559343 0.9999981792776816 0.943000316619873
0.9999970320094876 0.0008590564601697572 -0.0022799110100407594 -0.0064365193247795105 -0.0008595117387264951 0.9999996108750736 -0.0001987190782177952 -0.02152247540652752 0.002279739411962654 0.00020067809869783826 0.9999973812548281 0.9910832643508911
0.999999223214171 0.0007751397711072331 -0.0009760785778923848 -0.0041055092588067055 -0.0007752278193178089 0.9999996954760675 -8.983095745454388e-05 -0.019272692501544952 0.0009760086491052979 9.058757094255146e-05 0.9999995196003892 0.8969249725341797
0.9999997888575228 0.0005815973951593958 -0.00028987821525046554 -0.002670811489224434 -0.0005816344323685387 0.9999998226970009 -0.00012770024935613975 -0.017335936427116394 0.00028980389372180185 0.00012786882554437597 0.999999949831632 0.8191596865653992
0.9999997470600557 0.000494774167237799 0.000510958264982676 -0.0012972895056009293 -0.0004947290380295749 0.9999998737102956 -8.844530595418195e-05 -0.01603614166378975 -0.0005110019609065073 8.819249769192303e-05 0.9999998655495309 0.7648153305053711
0.9999997837492953 0.0006043924187971514 -0.00025925116565139424 -0.0031398627907037735 -0.0006044416350344126 0.99999979931242 -0.0001898036610945744 -0.018260464072227478 0.0002591363977290797 0.00018996032224784983 0.9999999483817005 0.8586376905441284
0.9999997737686649 0.000672653413425028 -6.53313383668108e-08 -0.002440284937620163 -0.0006726533930167251 0.9999997082778632 -0.00036191380373504385 -0.015772661194205284 -1.781112361397997e-07 0.00036191376580414726 0.999999934509195 0.7513076066970825
