0.9999189470419092 -5.8778614418899505e-05 -0.012731688484784072 -0.015656746923923492 6.67667740142483e-05 0.9999998012070243 0.0006269992896173046 -0.021508214995265007 0.01273164909966435 -0.0006277985232380438 0.999918752189505 0.44909411668777466
0.9999239985499307 -8.311091070947463e-05 -0.012328431226017794 -0.015222243964672089 9.09574584639327e-05 0.9999997936788108 0.000635900209810752 -0.02155662700533867 0.012328375832155644 -0.000636973243243873 0.9999237998039794 0.4490309953689575
0.9996301508310992 4.456032751092858e-05 -0.027194844433663427 -0.0338977612555027 -2.067933894131842e-05 0.9999996139712429 0.0008784245728132354 -0.02412189543247223 0.027194873078558092 -0.0008775373168095382 0.9996297658665927 0.4409480094909668
0.9997881215563854 -2.6357697434744175e-05 0.0205842488331691 0.022833073511719704 2.706288214898191e-05 0.9999999990564833 -3.3979899068754376e-05 -0.014783579856157303 -0.02058424791811562 3.452976856092289e-05 0.999788121326384 0.4825003743171692
0.9997264364672768 -5.643146701086948e-05 0.023389079587059394 0.025518735870718956 5.828292891437648e-05 0.9999999952221859 -7.847756823275489e-05 -0.01399858295917511 -0.023389075046706412 7.981928369489489e-05 0.9997264349797607 0.5118716955184937
0.9997379803484969 -5.038612909275616e-05 0.022890349712198343 0.02481544017791748 5.257924050205423e-05 0.9999999940854698 -9.520758487470079e-05 -0.013923374004662037 -0.022890344779671012 9.638619581918526e-05 0.9997379770847807 0.527085542678833
0.9997156826385798 -4.197078750501017e-05 0.023844331085855094 0.025816017761826515 4.43051347074689e-05 0.9999999942779542 -9.737118291388833e-05 -0.013800637796521187 -0.023844326862671506 9.839992489685217e-05 0.999715678777682 0.525423526763916
0.9998061096993004 -7.022402049384638e-05 0.01969106590659037 0.021018030121922493 7.080475318010195e-05 0.9999999970787671 -2.8795014916966816e-05 -0.014190231449902058 -0.01969106382696646 3.0183652904235165e-05 0.9998061117508282 0.5713383555412292
0.9999936216608227 -0.00014268710420494552 0.0035687922412229634 0.002967294305562973 0.00014172185935618352 0.9999999533128952 0.00027071963619572836 -0.017519867047667503 -0.003568830702807327 -0.0002702121335819848 0.9999935951958977 0.5422388315200806
0.9998601905674424 -0.00012452788036768263 0.01672075988839156 0.01783345267176628 0.00012427172710997769 0.9999999921444688 1.635850529211666e-05 -0.014689125120639801 -0.01672076179413109 -1.4278300508852617e-05 0.999860198188304 0.5813407897949219
0.999783055665151 5.1124745767098135e-05 0.020828801960603074 0.022035440430045128 -4.998225705638251e-05 0.9999999972178591 -5.537197665867728e-05 -0.013873159885406494 -0.02082880473353264 5.431889348826045e-05 0.9997830554389439 0.580574631690979
0.9998246134333738 -0.00010650507240510592 0.01872781432721534 0.019916992634534836 0.0001061821723372506 0.9999999941963956 1.823610435355837e-05 -0.014315754175186157 -0.018727816160764126 -1.624434597743475e-05 0.9998246189397271 0.577881932258606
0.9998829847107904 -6.69476815687896e-05 0.015297463967907099 0.016148516908288002 6.630446930346686e-05 0.9999999968964306 4.2554157706341136e-05 -0.01478226576000452 -0.015297466769332555 -4.153488798918907e-05 0.9998829860465146 0.6044415831565857
0.9999162650564803 -0.00011774314907925854 0.012940209119228286 0.013667935505509377 0.00011672789788983201 0.9999999900500016 7.921233825319236e-05 -0.015223903581500053 -0.012940218317183378 -7.769522200378032e-05 0.9999162688512254 0.6095759868621826
0.9998565219274196 -1.820645071253826e-05 0.016939162545090647 0.017864439636468887 1.7899220226102324e-05 0.9999999996725673 1.828889859629271e-05 -0.0144823482260108 -0.01693916287252014 -1.798307673953217e-05 0.9998565219259149 0.6006016135215759
0.999955992770813 -0.00011006312718197495 0.00938085325786287 0.009456731379032135 0.00010939089921123052 0.99999999141237 7.21726475540041e-05 -0.015558365732431412 -0.00938086112085086 -7.114329146251594e-05 0.9999559962234654 0.6598548293113708
0.9999601942446408 -0.00010796497650889998 0.008921786244028717 0.008874407038092613 0.00010739213694879457 0.9999999921413334 6.46858735448621e-05 -0.01574651524424553 -0.00892179315772419 -6.372516898465799e-05 0.9999601979808765 0.6439794898033142
0.999993743017006 -0.0002584409741473203 0.0035280497588388807 0.0027285022661089897 0.0002575165672384747 0.99999993239784 0.0002624681559945406 -0.016946248710155487 -0.0035281173528610146 -0.0002615579824728094 0.9999937419681016 0.6130893230438232
0.9999986777414162 -0.0003509889223068318 -0.0015878671844872805 -0.003494887612760067 0.00035139388196334456 0.999999905809349 0.00025476191381947045 -0.01797276735305786 0.0015877776163154605 -0.0002553195437723423 0.9999987068862497 0.6507518887519836
0.99866069322379 0.00013297888998356342 -0.05173782104412681 -0.06354975700378418 -5.377946402043488e-05 0.9999988247760128 0.0015321730850651949 -0.029893692582845688 0.051737963987274586 -0.0015273386029847021 0.9986595267253217 0.3896072506904602
0.9995245196393586 -0.0001953894376828594 -0.0308333660614149 -0.03890843316912651 0.0002254866614982495 0.9999995015526992 0.0009726510776625429 -0.0247376449406147 0.03083316064685968 -0.0009791411139532995 0.9995240654867716 0.5276041030883789
0.9992275009523623 -0.00015422021432319252 -0.03929856939663125 -0.049114152789115906 0.00020303411923342264 0.9999992128912976 0.0012381413212137974 -0.026917818933725357 0.039298347517965376 -0.0012451638086468976 0.9992267457636662 0.4848872423171997
0.999473583797115 -0.00018184093193449199 -0.032442598934531997 -0.041649289429187775 0.0002098600724149307 0.9999996079644713 0.0008602497624313511 -0.025297850370407104 0.03244242978726207 -0.0008666053191796086 0.9994732301291113 0.5995359420776367
0.9984583042049319 -6.891615143317907e-05 -0.055506846557662436 -0.0701373815536499 0.00014553962119640552 0.9999990421817173 0.0013763916109158874 -0.03065229207277298 0.0555066985365773 -0.0013823480791787803 0.9984573578933441 0.5234795212745667
0.9948442031750014 0.0004973898953648376 -0.10141382554853284 -0.12537124752998352 -0.0002119104888238039 0.9999959851112974 0.0028257486141697917 -0.04172121360898018 0.1014148238821179 -0.0027896889750911296 0.9948403143883852 0.23086780309677124
0.9959529467001026 0.00043110607180314687 -0.08987514732637172 -0.11126663535833359 -0.0002177769615779591 0.9999971359633852 0.0023834089496925295 -0.038562335073947906 0.08987591742272885 -0.002354190430131563 0.9959501881393673 0.2714705765247345
0.99418012615743 0.0006376686721329732 -0.1077286876011251 -0.1329396814107895 -0.00031634274531691957 0.9999954505648603 0.0029997961346107656 -0.043171659111976624 0.107730110372466 -0.0029482585107687737 0.9941758049212873 0.17090541124343872
0.996879092641556 0.0003298220661962182 -0.07894280126491734 -0.09797894209623337 -0.00016667009774784408 0.9999978368399532 0.002073291222282587 -0.035838641226291656 0.07894331431619844 -0.0020536632680474556 0.9968769912040075 0.3316856920719147
0.9964234130445129 0.00027011033139049854 -0.0845003489763971 -0.10507997125387192 -8.273908293587711e-05 0.9999975303840815 0.00222089621148197 -0.03740723431110382 0.08450074018000181 -0.002205961501680424 0.9964209746100715 0.3449770212173462
0.9967990022283669 0.0002166342064802146 -0.07994812209271969 -0.09943339228630066 -4.160731694762645e-05 0.9999975990768692 0.0021909151804241616 -0.03653271496295929 0.07994840477059569 -0.002180575638958508 0.996796618004154 0.3437455892562866
0.9975947266830612 0.0001348987291514907 -0.06931625420117475 -0.08670733869075775 -8.908769812179446e-06 0.9999983475486931 0.00181791653204928 -0.03383813425898552 0.06931638489406976 -0.0018129264233693986 0.9975930794081328 0.4032596945762634
0.998206389964413 4.779055086143529e-05 -0.059866524454634175 -0.07527211308479309 4.0126185395984136e-05 0.9999989226469075 0.001467342807045243 -0.03164001926779747 0.059866530082369966 -0.0014671131815201604 0.9982053126260194 0.4900023937225342
0.998129974882368 -0.0001494005036496384 -0.061127170070379454 -0.07697644829750061 0.00024627781652326137 0.9999987257074949 0.0015773175404609802 -0.03205356374382973 0.06112685652444982 -0.0015894221830170157 0.9981287397668517 0.5054383277893066
0.995611042457644 0.00035946435685030325 -0.09358698051427841 -0.11639797687530518 -0.00012007690017431015 0.999996706935381 0.0025635327054570087 -0.03990315645933151 0.09358759382493931 -0.0025410438347374885 0.9956078070095113 0.29694512486457825
0.9996802583869356 -0.00026653169096997175 -0.02528457933774373 -0.03477960079908371 0.0002722177056939187 0.9999999384311442 0.0002214389937394399 -0.023080570623278618 0.02528451876049167 -0.00022825110065514284 0.9996802693924117 0.6541131138801575
0.9999998130874681 -0.0003225314372815144 0.000519421313175545 -0.002123442944139242 0.00032259073711944 0.9999999414598595 -0.00011408546628067472 -0.01832396723330021 -0.0005193844866191361 0.00011425300546096422 0.9999998585929928 0.892279863357544
0.9999990416957479 -0.0003471302667771622 0.0013401895999808986 -0.0008819913491606712 0.0003471801361530821 0.9999999390492803 -3.69782227525811e-05 -0.01816871389746666 -0.0013401766820350489 3.744347452398531e-05 0.9999991012618198 0.859544038772583
0.9999990129620498 -0.0003394768940856381 0.0013633892931637559 -0.0009166128002107143 0.0003395262121848229 0.9999999417150651 -3.5941869693912596e-05 -0.018193136900663376 -0.001363377012264408 3.640474062036444e-05 0.9999990699384763 0.8521098494529724
0.9999990246522604 -0.00027358174796503237 0.0013696158422074561 -0.0010229633189737797 0.0002737358167682351 0.999999956228219 -0.00011230433090281046 -0.01796817220747471 -0.0013695850578417789 0.00011267913427826053 0.9999990557696453 0.8869994282722473
0.9999976176025667 -0.00023206376765559094 0.002170468981288742 0.0001904219388961792 0.00023201223317364418 0.9999999727972759 2.3995235581753835e-05 -0.01778755709528923 -0.002170474490670848 -2.3491603060183248e-05 0.9999976442415403 0.837781548500061
0.999406676765497 -0.0005070735784267555 -0.034438892446363334 -0.04550028592348099 0.0005363555690184893 0.9999995024986988 0.0008410261940204622 -0.02571401372551918 0.03443844885080777 -0.0008589986853931597 0.9994064515311123 0.5820654630661011
0.9907609844403786 0.0007066556006474453 -0.1356177434873237 -0.1681271344423294 -0.0002666590727645351 0.9999946423942865 0.003262525963385973 -0.049484144896268845 0.13561932238317065 -0.0031962197335178334 0.990755864769795 0.19673743844032288
0.9974919152321311 0.00020983278619470875 -0.07078018802416856 -0.08883697539567947 -9.213341808196693e-05 0.9999986077328596 0.0016661463848002683 -0.03397414833307266 0.07078043909137673 -0.00165544632777636 0.9974905457895266 0.434848427772522
0.9999430911209429 -0.00017493468790908662 -0.010666954455165998 -0.015163373202085495 0.00017552051861151452 0.999999983139137 5.398401000326414e-05 -0.019847609102725983 0.010666944831635997 -5.585320721174398e-05 0.9999431049656665 0.6885495781898499
0.9999992695318308 -0.0003115016534482688 0.0011678623740204472 -0.0010863994248211384 0.0003115028912942419 0.9999999514825877 -8.78028356236938e-07 -0.017430299893021584 -0.001167862043851502 1.2418202210062988e-06 0.9999993180481197 0.8762160539627075
0.9999998771293526 -0.00037974271766960004 -0.00031864831440186564 -0.0020543839782476425 0.00037978203311219176 0.9999999202775958 0.0001233304893001555 -0.01796037331223488 0.00031860145514327757 -0.0001234514910511497 0.9999999416264194 0.7627720236778259
0.999999857869576 -0.0003325279678622772 0.00041675649710024563 -0.0035268557257950306 0.00033259214788818384 0.9999999328426185 -0.00015393901858214132 -0.01842186041176319 -0.0004167052800829468 0.0001540776066412403 0.9999999013083953 1.0068004131317139
0.9999998586936041 -0.00043548719084769363 0.0003048994556455105 -0.0030298354104161263 0.0004355085041304254 0.9999999027273707 -6.983975597351201e-05 -0.01870548725128174 -0.0003048690116680004 6.997253241054617e-05 0.9999999510793639 0.9133760333061218
0.998364064771116 -2.1354148668437037e-05 -0.05717686348249122 -0.07201845943927765 0.00010274510686348888 0.9999989857325506 0.0014205552834990417 -0.031001843512058258 0.057176775155111006 -0.0014241059900148157 0.9983630543569766 0.5018678903579712
0.9999985616158381 -0.0003504283697962593 -0.0016595078223363652 -0.004211725201457739 0.0003504468843860407 0.9999999385344547 1.086590346934895e-05 -0.018207402899861336 0.001659503912612973 -1.144745718595754e-05 0.9999986229569117 0.8303856253623962
0.9999166918971777 -0.00027655053442335185 -0.012904758238966816 -0.01874174363911152 0.00027903556699747947 0.9999999428735438 0.00019076703361551385 -0.02037910372018814 0.012904704745038615 -0.00019435202770803786 0.9999167119429159 0.7315611839294434
0.9997889025544405 -0.0002468999268862711 -0.02054481368651144 -0.02719724178314209 0.0002586897501162425 0.9999998034032477 0.000571203185549349 -0.022305693477392197 0.020544668617443043 -0.0005763973387347325 0.9997887698696697 0.6372504234313965
0.9998940683066282 -0.00027725543930629475 -0.014552501319060654 -0.02018607035279274 0.00028088880275398646 0.9999999298905661 0.00024762944736302404 -0.02083709090948105 0.01455243164218181 -0.00025169085022892296 0.9998940760825695 0.6917253136634827
0.9991471931397637 -0.00017860057240176157 -0.04128988426682017 -0.05156950280070305 0.00022971091796859344 0.9999992133474152 0.0012331007441847713 -0.027541475370526314 0.04128963155352724 -0.001241533884628516 0.9991464481845429 0.48095574975013733
0.9999753572637556 7.905247907069666e-05 0.007019872928313417 0.005944219417870045 -7.76977604035578e-05 0.9999999783076133 -0.0001932558682432271 -0.015936605632305145 -0.007019888053391101 0.00019270567748499082 0.9999753417141043 0.67948979139328
0.9999352448293104 0.00026140759991024633 0.011377074062082285 0.010292086750268936 -0.00025786325347841924 0.9999999177688029 -0.00031299988868219446 -0.014226912520825863 -0.011377154947081535 0.00031004589098826353 0.9999352300108523 0.7762595415115356
0.9999815132281576 2.74089694120105e-06 0.006080558725228203 0.005223024636507034 -3.2914204392497244e-06 0.9999999958968963 9.052830281406466e-05 -0.016250088810920715 -0.006080558452150292 -9.054664291325556e-05 0.9999815091341514 0.7540518641471863
0.9999989426357673 -0.00024372084810499078 0.0014336413414726462 2.9469840228557587e-05 0.0002435630377705387 0.9999999642609761 0.000110250140240143 -0.0175577774643898 -0.001433668160493387 -0.00010990084162538551 0.9999989662581711 0.7140733003616333
0.9999996893017372 -0.000266325332389388 0.0007419347992501526 -0.0006761457771062851 0.00026618584933452627 0.9999999468833435 0.00018809147673425435 -0.017535176128149033 -0.0007419848533661177 -0.00018789392574987003 0.999999707077132 0.6792423129081726
0.999999761841365 -0.00028642422934607373 -0.0006279158979479735 -0.0015539433807134628 0.0002865950327621193 0.9999999219550645 0.0002719432896702524 -0.018212826922535896 0.0006278379577951479 -0.0002721231824819539 0.999999765884209 0.5654089450836182
0.9999999324673207 -0.00030865583586273544 0.00019949167801726052 -0.0012452071532607079 0.00030864017518224593 0.9999999492872225 7.852894490890366e-05 -0.01747805066406727 -0.00019951590631761364 -7.846736845918293e-05 0.9999999770181376 0.7057358026504517
0.9999996546235099 -0.0002661340665023355 0.0007873534906305263 -0.0008965744636952877 0.0002660824080729755 0.999999962440895 6.571423487226691e-05 -0.017678678035736084 -0.0007873709498547875 -6.550471126332351e-05 0.9999996878780113 0.7504326105117798
0.9999996206223473 -0.00024596846508781467 0.0008356163445205419 -0.0009065461345016956 0.0002459162131249927 0.9999999678011475 6.263321484620466e-05 -0.01756715402007103 -0.0008356317234103739 -6.242769947749282e-05 0.9999996489111408 0.7463894486427307
0.9999051113013357 0.00010114221779299108 0.013775273634835501 0.014336539432406425 -9.753986222015555e-05 0.9999999608736999 -0.00026218042137294114 -0.014672994613647461 -0.013775299613369294 0.00026081190512155513 0.9999050820441465 0.6534020304679871
0.9999692743703372 -9.795634393041736e-05 0.00783841309296717 0.007604834157973528 9.773156180679094e-05 0.9999999948020285 2.9060024717369203e-05 -0.016329117119312286 -0.007838415898837098 -2.8293071476149264e-05 0.9999692787459519 0.5810558199882507
0.9999936448315261 -0.00012258643768520928 0.0035630421166274583 0.0024200216867029667 0.00012242428504283658 0.9999999914606371 4.572767236150199e-05 -0.016864148899912834 -0.0035630476917938077 -4.529117887073458e-05 0.9999936512997746 0.6348507404327393
0.9999979441507609 -0.0001918141299623082 0.0020186385488353614 0.000913914991542697 0.00019148910820177502 0.9999999686728496 0.00016120242252789672 -0.017340736463665962 -0.0020186694064995934 -0.00016081554382452087 0.9999979495539917 0.6043746471405029
0.9999949111198516 -0.0002370751137732362 0.0031814351777160912 0.0027295760810375214 0.00023661618730224247 0.9999999615479025 0.00014462701286500486 -0.017020588740706444 -0.0031814693428487664 -0.00014387349781356978 0.9999949287637596 0.6260735392570496
0.9999913729712303 -0.00014614483060498907 0.0041512196764219465 0.003353673964738846 0.000146164478327276 0.9999999893081617 -4.429618550093686e-06 -0.016891486942768097 -0.004151218984671925 5.036341194073153e-06 0.9999913836406673 0.7476739287376404
0.9999841817022026 -0.00014818937861542852 0.005622667097046903 0.005053616128861904 0.00014816207237258343 0.9999999890100978 5.2729933196595e-06 -0.01614130288362503 -0.005622667816655946 -4.439843900521279e-06 0.9999841926685198 0.7094879746437073
0.9999959421326835 -0.0001941619751431133 0.002842185654504472 0.0016461580526083708 0.00019393546727631777 0.9999999779968894 7.997034207181476e-05 -0.01694059930741787 -0.0028422011191671153 -7.941881695978497e-05 0.9999959577845554 0.7208281755447388
0.9999986851674045 -0.0003214190759631738 0.0015894506093661821 0.00030029634945094585 0.00032137850896743383 0.999999948025673 2.5777994545668216e-05 -0.01740282215178013 -0.0015894588122947438 -2.526714538500526e-05 0.9999987364903294 0.7679028511047363
0.9999970432929374 -0.0003189203948355279 0.0024107457695082546 0.0011600996367633343 0.00031867872431371635 0.9999999441586684 0.00010063066606831749 -0.017495516687631607 -0.002410777728060755 -9.98621151464448e-05 0.9999970890849154 0.7546837329864502
0.999998356522412 -0.00028357761420137365 0.001790680376840694 0.00013271532952785492 0.0002835531077489581 0.9999999597016631 1.393941554829425e-05 -0.017574824392795563 -0.0017906842575854574 -1.343163965333895e-05 0.999998396633455 0.8184235095977783
0.9999956728574593 -0.00023500054644889462 0.0029324121641096396 0.0013220345135778189 0.0002348972915513778 0.9999999717795179 3.555594981741928e-05 -0.01740339770913124 -0.0029324204370231918 -3.4866980286694586e-05 0.9999956998380913 0.7930628061294556
0.9997276675967659 0.00027362900400520324 0.023334861660143345 0.024164069443941116 -0.00026794328170385835 0.9999999336519905 -0.00024678414075528595 -0.012759293429553509 -0.023334927639220366 0.0002404645140258297 0.9997276745838786 0.6391180157661438
0.9999822159520173 9.425889828252569e-05 0.005963127950395871 0.004499027971178293 -9.403940895541373e-05 0.99999999489053 -3.7088127019880225e-05 -0.015992801636457443 -0.00596313141581344 3.652669841486899e-05 0.9999822197066894 0.8469457030296326
0.9999993738432857 -0.00026781970820083893 0.0010865475783969404 -0.002358799334615469 0.00026792637399608007 0.9999999593032685 -9.802509604513495e-05 -0.01814156398177147 -0.001086521281125386 9.831614941891702e-05 0.999999404902543 0.9456862211227417
0.9999992437671733 -0.0002543418071800303 0.0012032353579585642 -0.0015353932976722717 0.0002544260172835555 0.9999999651953173 -6.98338441844445e-05 -0.017760785296559334 -0.0012032175544142072 7.013992575377927e-05 0.99999927367369 0.8953227996826172
0.9999993477188127 -0.0002555942382966939 0.00111320866603108 -0.0016398080624639988 0.0002556865022488636 0.9999999638892876 -8.273956642187222e-05 -0.017763720825314522 -0.0011131874780758654 8.302414488250023e-05 0.9999993769601208 0.903820276260376
0.9999994093502441 -0.00030761502024771276 0.0010424356872766713 -0.0014174850657582283 0.00030769444622974663 0.9999999497715408 -7.603317344194472e-05 -0.017789222300052643 -0.001042412245970545 7.635388020449611e-05 0.999999453773248 0.8651093244552612
0.9999996392155884 -0.0003392063963672322 0.0007787860511661408 -0.0017760084010660648 0.00033924199516818484 0.9999999414187106 -4.55789864545014e-05 -0.017628449946641922 -0.0007787705448601045 4.584316694412035e-05 0.9999996957073749 0.8973822593688965
0.9999999100302274 -0.00033280412220667693 0.0002630227244455693 -0.0033110291697084904 0.00033283907992174823 0.99999993578119 -0.0001328749900729528 -0.018118226900696754 -0.00026297848621012845 0.0001329625223598231 0.9999999565816408 0.9653111696243286
0.9999999234079229 -0.0003624684479639836 0.00014765084754204947 -0.0036245263181626797 0.000362489229589085 0.999999924396059 -0.0001407459942661554 -0.01825856603682041 -0.00014759982039696468 0.00014079950532810105 0.999999979194896 0.9767335057258606
0.999999926346004 -0.0003799114833692568 -5.454586223926544e-05 -0.004012468736618757 0.00037990429197914147 0.9999999191519205 -0.00013179105024062313 -0.01827874779701233 5.459592676272896e-05 0.00013177031832651125 0.9999999898279338 1.0020924806594849
0.9999999296778549 -0.00035784020355037166 0.00011222599554287312 -0.004143683705478907 0.00035786322811100723 0.9999999149114772 -0.00020520952305765755 -0.018473777920007706 -0.00011215255377622752 0.00020524967018392665 0.9999999726471884 1.0241665840148926
0.999999870268673 -0.00033438864208290174 0.0003842484526086995 -0.003163142129778862 0.0003344312797408034 0.9999999379279116 -0.00011090487834089986 -0.017996687442064285 -0.00038421134342592683 0.00011103336865480715 0.9999999200266142 0.9752033352851868
0.9999999205741781 -0.00032295974416489154 0.0002335565063693872 -0.003522472456097603 0.0003229968987229322 0.9999999351862278 -0.00015906144754132033 -0.01820584386587143 -0.0002335051207873045 0.00015913687293496798 0.9999999600754065 0.9819519519805908
0.9999998885290947 -0.00032783168342121827 0.0003398060992681504 -0.0030876719392836094 0.00032787068902259296 0.9999999396679453 -0.00011473847048411495 -0.018028298392891884 -0.0003397684638610183 0.00011484987015401492 0.9999999356834469 0.9575272798538208
0.9999998896813351 -0.0003182580935326884 0.0003454693959571352 -0.003456761594861746 0.0003183126845006744 0.9999999368602736 -0.00015797621301131496 -0.018199918791651726 -0.0003454190969359155 0.00015808616287442997 0.9999999278472038 0.986497163772583
0.9999998881341485 -0.0003164343121234365 0.0003515693630127096 -0.0034358580596745014 0.00031648017666020654 0.9999999414169449 -0.00013040860768269582 -0.018061494454741478 -0.00035152807665863515 0.0001305198578285404 0.9999999296962867 0.9950699210166931
0.9999999305001925 -0.0003537413188957966 0.0001177569067996796 -0.003991664852946997 0.00035375798382524985 0.9999999274124088 -0.00014152902810293629 -0.018271498382091522 -0.00011770683358692623 0.00014157067571262703 0.9999999830514223 1.0172227621078491
0.9999999188407979 -0.00034865840146891547 0.00020188045147053515 -0.003978839609771967 0.00034869627196739555 0.9999999216115857 -0.00018758393431505104 -0.018352435901761055 -0.00020181503293076715 0.00018765431405169948 0.9999999620282747 1.0199264287948608
0.9999999368424286 -0.00033610221232486045 0.00011554411119814332 -0.004069783259183168 0.0003361237724458282 0.9999999260954529 -0.00018662769971369072 -0.01842319592833519 -0.00011548137667615324 0.0001866665250492783 0.9999999759098297 1.0179798603057861
0.9999998720435279 -0.0004229990672069566 -0.0002774611987467244 -0.004954848904162645 0.00042293919737267544 0.9999998872762798 -0.00021580051672337095 -0.018717387691140175 0.0002775524508875426 0.00021568313989359816 0.999999938222708 1.058738350868225
0.9999999269636081 -0.00037565724318170004 7.038759737338322e-05 -0.003622919786721468 0.00037566867193708557 0.9999999162454064 -0.0001624260714608282 -0.018312083557248116 -7.032657494787282e-05 0.0001624525020130401 0.9999999843316785 0.9730846881866455
0.9999998524689988 -0.00036137942572659357 0.00040554517732535903 -0.003183840773999691 0.0003614381119404399 0.9999999242200854 -0.00014464547749933106 -0.018262991681694984 -0.00040549287469358755 0.00014479203564283802 0.999999907305393 0.9610424041748047
0.9999998361128354 -0.0003184621029806753 0.00047576905276344484 -0.0031258603557944298 0.00031853831408727723 0.9999999364477985 -0.00016011789919091664 -0.01818675920367241 -0.00047571803104437294 0.00016026942362161028 0.9999998740030255 0.9686667919158936
0.9999998177347973 -0.00032778786026909745 0.0005070359860217722 -0.002780741546303034 0.0003278552241497764 0.9999999374401073 -0.00013278077357318615 -0.018093561753630638 -0.0005069924303760007 0.0001329469837687207 0.9999998626418782 0.9498687386512756
0.9999998125137853 -0.0003204872388746504 0.0005217857067547491 -0.003022589720785618 0.00032055936418840084 0.9999999390781226 -0.00013815008161357527 -0.018127281218767166 -0.0005217413996283776 0.00013831731900673934 0.9999998543271049 0.9624432921409607
0.9999987075924387 -0.00028925800767184924 0.0015815003184521499 -0.0006318152882158756 0.0002893538351004513 0.999999956315256 -6.036426333011885e-05 -0.017944516614079475 -0.0015814827885181676 6.0821798497245205e-05 0.9999987476056649 0.8451138138771057
0.9999993069515215 -0.0003056057183221287 0.0011369703698764578 -0.0011103162541985512 0.00030564255810596776 0.9999999527719873 -3.222809745162024e-05 -0.017818400636315346 -0.0011369604670887347 3.257558164832606e-05 0.9999993531296548 0.8720852732658386
0.9999998795214093 -0.0003567077037414635 0.00033721918732813986 -0.003115369938313961 0.00035675573813921213 0.9999999262247513 -0.0001423932395428199 -0.01821615919470787 -0.00033716836968420496 0.0001425135272675731 0.9999999330036901 0.9630958437919617
0.9999999132482709 -0.0003877503565656021 -0.0001521614658409436 -0.004554061684757471 0.0003877226816675967 0.999999908297961 -0.0001818658618147495 -0.01852508634328842 0.0001522319704401927 0.00018180684958598917 0.9999999718858479 1.037043809890747
0.9999999120934391 -0.00040553043265747975 -0.00010657477671846952 -0.0044477893970906734 0.00040550795187645124 0.999999895547289 -0.00021087606070447623 -0.01866724155843258 0.0001066602822465797 0.0002108328252476581 0.999999972086552 1.0210860967636108
0.9999998975058543 -0.0004010309249755818 -0.00021014870596726306 -0.00441076559945941 0.00040099513938520517 0.9999999051001506 -0.00017030146386919323 -0.018494995310902596 0.00021021698217776262 0.0001702171778046492 0.999999963417466 1.0143183469772339
0.999999914938479 -0.0003817942710456499 -0.00015606463278420286 -0.004270957317203283 0.0003817646136650738 0.999999909074405 -0.00019001831904199353 -0.018458476290106773 0.0001561371664995372 0.00018995872292450466 0.999999969768434 1.0075469017028809
0.999999892044686 -0.0003860065835459208 -0.0002586687724956193 -0.004417567979544401 0.00038595622354471785 0.9999999065627474 -0.00019471078533241394 -0.018452495336532593 0.00025874390797134565 0.0001946109294897686 0.9999999475890867 1.0168838500976562
0.9999999236840352 -0.0003783716344760364 -9.729763725443316e-05 -0.004022243898361921 0.00037835309621645305 0.9999999102832778 -0.0001904793191813009 -0.01840278133749962 9.736970049654056e-05 0.00019044249178237812 0.9999999771253992 0.9911115169525146
0.9999999193641471 -0.0003790873954505685 0.00013253092637016114 -0.0037680878303945065 0.0003791129760373686 0.999999909503646 -0.00019304417036680776 -0.018505800515413284 -0.00013245773376484424 0.00019309439899443958 0.9999999725847508 0.985141396522522
0.9999998853080756 -0.0003844862326564656 -0.0002855769119399285 -0.004254392813891172 0.00038443320663176654 0.9999999088610675 -0.00018571205234460355 -0.018349694088101387 0.0002856482896401185 0.00018560224579693382 0.9999999419784289 1.0013586282730103
0.9999999351768005 -0.0003364108514460358 0.00012835160095180947 -0.0035602268762886524 0.0003364402378232734 0.999999917183637 -0.0002289993129047253 -0.018301330506801605 -0.00012827455246836188 0.0002290424807034064 0.99999996554259 0.9691863059997559
0.999999933431894 -0.00035797877961992554 7.062153588674024e-05 -0.0033180913887917995 0.0003579891564742486 0.9999999251205781 -0.00014697823796455082 -0.018068106845021248 -7.056891550838321e-05 0.00014700350992454886 0.9999999867049982 0.9504133462905884
0.9999998481024651 -0.00040539801351670713 -0.00037342669554792855 -0.004481499549001455 0.0004053351002367633 0.9999999036495554 -0.00016853585942824804 -0.018399612978100777 0.00037349498367071903 0.00016838447088099546 0.9999999160740798 1.0137217044830322
0.9999999113450452 -0.0003983976066459843 -0.0001363423969526594 -0.004280526656657457 0.0003983728826062337 0.9999999042115899 -0.00018131700894068108 -0.018484115600585938 0.00013641462015504414 0.00018126267775233433 0.9999999742674464 1.0103284120559692
0.9999998726444911 -0.0003642605203580143 0.00034932116268033414 -0.0031294203363358974 0.0003643167984164992 0.9999999206669808 -0.00016105682858921018 -0.01838434673845768 -0.00034926246832344256 0.00016118407164534263 0.9999999260177087 0.9528271555900574
0.9999997242901294 -0.00036779365812477564 0.0006450949470301392 -0.0018963199108839035 0.0003678464691557438 0.9999999290030539 -8.174877905191136e-05 -0.018037516623735428 -0.0006450648345478731 8.198605241150131e-05 0.9999997885848011 0.8829014897346497
0.9999999090955018 -0.0003824251696710471 0.00018857353391084976 -0.003058556467294693 0.0003824456185787413 0.9999999209906749 -0.00010841583332365217 -0.018100835382938385 -0.0001885320580683283 0.00010848794258998936 0.9999999763430145 0.9448233842849731
0.9999998507852654 -0.0003523550744034996 0.00041746299044368704 -0.002815837040543556 0.0003524108830154089 0.9999999289762427 -0.00013361915635902278 -0.018154164776206017 -0.0004174158794061163 0.00013376625492216436 0.9999999039352817 0.9305442571640015
0.99999992597365 -0.0003838321660323376 2.693627360772863e-05 -0.003424602560698986 0.00038383544252188135 0.9999999189249821 -0.00012173899235005364 -0.018114397302269936 -2.688954408274545e-05 0.0001217493224346605 0.9999999922270274 0.9598066806793213
0.9999999299968314 -0.00037389067209254296 -1.4563568184313846e-05 -0.0037528318352997303 0.0003738887674362588 0.9999999215798311 -0.00013056615582386242 -0.018197687342762947 1.4612384509989895e-05 0.00013056070152925992 0.9999999913701906 0.9843430519104004
0.9999998398473443 -0.00041825305020316925 -0.0003812737490401357 -0.005018217954784632 0.00041818449087236114 0.9999998963827156 -0.00017987854157873153 -0.018615320324897766 0.00038134894428226663 0.00017971907000208004 0.9999999111370154 1.0601692199707031
0.9999998613091106 -0.00040808286354398115 -0.0003329416406104967 -0.004852533806115389 0.0004080164923564581 0.9999998968828031 -0.00019939138646199765 -0.018557783216238022 0.00033302297448644145 0.00019925551312786763 0.9999999246964666 1.047580361366272
0.9999998458839527 -0.0004219209737015229 -0.00036085282592626243 -0.004818072076886892 0.0004218685842530805 0.9999999004652272 -0.00014524611028976628 -0.018420184031128883 0.00036091407238913835 0.00014509385543421272 0.9999999243443995 1.047499656677246
0.9999999177849217 -0.0003921441262507476 -0.00010321401794680328 -0.004541193600744009 0.00039212133044662275 0.9999998987469263 -0.00022078722508832776 -0.018609989434480667 0.00010330058790953632 0.00022074673451825076 0.9999999702999331 1.0331088304519653
0.9999998750639137 -0.0004069086516201239 -0.0002903403277078971 -0.004666843917220831 0.00040686359987114786 0.9999999051857803 -0.00015521095726268676 -0.018405335023999214 0.00029040345686084197 0.0001550928089603182 0.9999999458060249 1.0420336723327637
0.9999999029680475 -0.00037390788294201007 0.00023293087115535573 -0.004058531951159239 0.0003739600672000982 0.9999999049822121 -0.00022402998646630422 -0.018574729561805725 -0.0002328470824448245 0.00022411707157246746 0.999999947776886 1.018474817276001
0.9999995198331453 -0.0003326005476010101 0.0009217973498348168 -0.0019284491427242756 0.00033264053181067827 0.9999999437410062 -4.322338146184911e-05 -0.017947908490896225 -0.0009217829218550823 4.352998786808473e-05 0.9999995742106017 0.9093931913375854
0.9999999212230095 -0.00035008301780957733 0.0001870717909086319 -0.0035584522411227226 0.00035011519523760334 0.9999999239175485 -0.00017200071706422623 -0.018209218978881836 -0.00018701156214565625 0.00017206620019112484 0.9999999677099485 0.9857481122016907
0.999999667099884 -0.00032590804725556044 0.0007480535178682743 -0.002451652195304632 0.00032597141369614027 0.9999999432937459 -8.458807314108258e-05 -0.018057988956570625 -0.0007480259075152232 8.483188904444314e-05 0.9999997166303558 0.935010552406311
0.9999991279184359 -0.00033080812914429745 0.0012785649568429014 -0.0008053230121731758 0.00033083212137318725 0.9999999451029356 -1.855351702250907e-05 -0.017920218408107758 -0.0012785587489991836 1.8976491199314685e-05 0.9999991824633747 0.8421220779418945
0.9999994682978863 -0.0003421781464284631 0.0009727888057563871 -0.0014571859501302242 0.00034225340947732443 0.9999999384511548 -7.720291621925335e-05 -0.018011944368481636 -0.0009727623287315888 7.753581545577111e-05 0.9999995238607111 0.8607027530670166
0.9999997401148033 -0.0003225367709478763 0.0006447793087350386 -0.001271889079362154 0.0003225250424202721 0.999999947821464 1.829388355349092e-05 -0.017819730564951897 -0.0006447851755415278 -1.8085921325279917e-05 0.9999997919624667 0.780075192451477
0.999999020638287 -0.00029062086357394023 0.0013690368806808617 -0.0006469041109085083 0.0002906783350052149 0.9999999568802397 -4.1780673955406866e-05 -0.017681250348687172 -0.0013690246793127735 4.217858239805149e-05 0.9999990619957575 0.8390313982963562
0.9999994394478747 -0.0003210971697970878 0.0010089601298478121 -0.001403233502060175 0.0003211828441287917 0.999999944829286 -8.475261272320451e-05 -0.017844732850790024 -0.001008932860358683 8.507662589906441e-05 0.9999994874080941 0.8658814430236816
0.9999994332296416 -0.0003081266923503214 0.0010191164490972737 -0.0015565287321805954 0.0003081902372494812 0.9999999505751864 -6.21964793414964e-05 -0.017857586964964867 -0.0010190972343321779 6.251052583060766e-05 0.9999994787664946 0.8755441308021545
0.999999823880257 -0.0003854821312351254 0.00045126819242074655 -0.002505735494196415 0.00038549975576144033 0.9999999249356664 -3.8969217090159176e-05 -0.017901789397001266 -0.0004512531366097439 3.914317400487178e-05 0.999999897419204 0.9266631603240967
0.9999999197086976 -0.0003959614028004551 6.162114713608828e-05 -0.004410069901496172 0.000395972506905534 0.9999999053503099 -0.00018029183277198696 -0.01853911764919758 -6.154975269664793e-05 0.00018031621857623076 0.9999999818488444 1.043070912361145
0.999999415039153 -0.000310402574127948 0.0010361330000396387 -0.0023302026093006134 0.00031059646490084726 0.9999999342853583 -0.00018697356817568342 -0.01826378144323826 -0.001036074894873674 0.00018729527805044603 0.999999445734492 0.9338170289993286
0.9999993142617831 -0.0002883026010965066 0.0011350584012730228 -0.001228200737386942 0.00028833383872453697 0.9999999580575905 -2.7357181418036483e-05 -0.017552679404616356 -0.0011350504665193766 2.768443840418726e-05 0.9999993554467977 0.8790600895881653
0.9999996383954406 -0.00026390908267266526 0.0008084311870699732 -0.0026643131859600544 0.0002640188327342716 0.9999999559461418 -0.00013565312565867607 -0.017983106896281242 -0.000808395351363506 0.0001358665176642435 0.9999996640185662 0.9669626951217651
0.99999928463729 -0.00023768378168581277 0.0011722761312180352 -0.0018061636947095394 0.0002378231829751828 0.9999999646660664 -0.00011877709878101802 -0.01790974661707878 -0.0011722478584068926 0.00011905580825316289 0.9999993058300954 0.9184504747390747
0.9999999283816722 -0.00035910248535216084 0.00011950755446481059 -0.0037728548049926758 0.00035911802065425485 0.9999999270673484 -0.00012999825013432887 -0.018235351890325546 -0.0001194608630540931 0.00013004115814048423 0.9999999844091996 0.99256432056427
0.9999998548489133 -0.0003230644439543442 0.00043119777054074506 -0.0031145657412707806 0.0003231279053524385 0.9999999369730386 -0.00014711313887004772 -0.018137797713279724 -0.00043115021633925244 0.00014725244954880325 0.9999998962130981 0.9632352590560913
0.9999992865652388 -0.00032464948638397963 0.0011495528365397557 -0.0013955598697066307 0.00032471929143101203 0.9999999454462928 -6.053753218059176e-05 -0.01810017041862011 -0.0011495331203486576 6.091077097355566e-05 0.9999993374315219 0.8630444407463074
0.9999996001238142 -0.0002500073402764276 0.0008586317847489364 -0.0028168405406177044 0.0002501433943410045 0.9999999561766589 -0.00015835075845364958 -0.018057551234960556 -0.000858592158268871 0.00015856547620207842 0.9999996188381752 0.9815878868103027
0.9999967120127805 -0.00017815513647975406 0.0025581681678948985 0.0004855396691709757 0.000178283651897121 0.999999982857003 -5.000933039376577e-05 -0.017476560547947884 -0.0025581592146211476 5.046524552686585e-05 0.9999967266319882 0.8381585478782654
0.9999953260689014 -0.0002288350599073836 0.0030488481214289236 0.0018651732243597507 0.0002287490204715366 0.9999999734288492 2.856899036211508e-05 -0.01688539795577526 -0.003048854578004141 -2.7871435811279213e-05 0.9999953518436703 0.7912255525588989
0.9999989455410985 -0.00025445900352063394 0.0014297437905122672 -0.0011302339844405651 0.0002545277358811487 0.9999999664610196 -4.7891451760740076e-05 -0.01767236366868019 -0.0014297315561490264 4.825531071106168e-05 0.9999989767690276 0.8900383710861206
0.9999973613075488 -0.0002492108364536535 0.0022836969805633102 0.0003399394918233156 0.00024918063146435124 0.9999999688632343 1.3510873376221114e-05 -0.017623038962483406 -0.002283700276512427 -1.2941784669491526e-05 0.9999973922693787 0.8219159841537476
0.9999912218036964 -0.00015765357531187713 0.004187058740983894 0.0032946746796369553 0.00015749877149684937 0.9999999869013608 3.730167517963592e-05 -0.01674063876271248 -0.00418706456688158 -3.6641891130318636e-05 0.9999912335354167 0.7565181255340576
0.9999828270003885 -0.00011042905462531402 0.00585948032977844 0.005552779883146286 0.00010952202869044123 0.9999999819718272 0.00015511695826944135 -0.016488729044795036 -0.005859497353561773 -0.00015447255227318818 0.9999828210669393 0.6942940950393677
0.9998576202472235 -9.964601710832307e-05 0.01687392379473664 0.018075503408908844 9.978482597558696e-05 0.9999999949942304 -7.384294769335112e-06 -0.01472307275980711 -0.016873922974454104 9.067004944654535e-06 0.999857625185327 0.5720522999763489
0.9998626385460241 -7.287081234896528e-05 0.016574037819040724 0.017637381330132484 7.303216727562608e-05 0.9999999972914713 -9.13014203308101e-06 -0.01457359828054905 -0.016574037108828606 1.0339325805929075e-05 0.999862641159781 0.5889994502067566
0.9998652438878757 -0.00011671836892194536 0.016415859461536668 0.017567679286003113 0.00011634964051584301 0.9999999929572078 2.3416770238731876e-05 -0.014844517223536968 -0.01641586207909041 -2.1503635338707606e-05 0.9998652504261729 0.5728589296340942
0.9998945823810806 -4.903083539385537e-05 0.014519701131271342 0.015200380235910416 4.8479458343657056e-05 0.9999999980904154 3.8326377423592744e-05 -0.014688970521092415 -0.01451970298271905 -3.761842990198713e-05 0.9998945828486857 0.6171244978904724
0.9999764263645464 -9.461888821830007e-05 0.006865694608497887 0.00669323094189167 9.427511930702169e-05 0.9999999942863164 5.0394140386413614e-05 -0.015892166644334793 -0.006865699337507016 -4.9745688234977423e-05 0.9999764295712044 0.6975388526916504
