0.9999980817626489 -0.00023067703872254125 0.0019450601857627556 -0.00032044388353824615 0.00023077617226621432 0.9999999720837759 -5.074254285498043e-05 -0.01788277179002762 -0.0019450484263244965 5.119131906323718e-05 0.9999981070812424 0.8509173393249512
0.9999978576243735 -0.00024301496031999594 0.0020556484117452106 0.000433431938290596 0.00024296310146354304 0.9999999701599221 2.5477179266175692e-05 -0.017442695796489716 -0.00205565454174021 -2.497767797085157e-05 0.9999978868280278 0.8145732283592224
0.9999981344955786 -0.00023849055718585946 0.0019168014024211282 -0.00012073572725057602 0.0002385788457028318 0.999999970489789 -4.5831813810513806e-05 -0.017798246815800667 -0.0019167904154011022 4.628903657709371e-05 0.9999981618842247 0.8374858498573303
0.9999987477111452 -0.00028567582898944506 0.0015565877623174708 -0.0005196933634579182 0.0002856562341061447 0.9999999591182004 1.2810667640678837e-05 -0.017622029408812523 -0.0015565913583794602 -1.2366002599783212e-05 0.9999987884344784 0.8535323143005371
0.9999991114249808 -0.0003033275991149443 0.0012981300460777855 -0.001352332066744566 0.0003033903001371723 0.9999999528201459 -4.8104385478798125e-05 -0.01818177103996277 -0.0012981153934444449 4.84981827987395e-05 0.9999991562718199 0.8765900135040283
0.9999991640463315 -0.00032191839340253546 0.0012523079439871834 -0.0014991536736488342 0.00032205369648997793 0.9999999423256688 -0.00010784282935349265 -0.01826118677854538 -0.0012522731551707945 0.00010824604960438865 0.9999992100470569 0.8857728242874146
0.9999992514362636 -0.00034857260429395625 0.0011728700063710533 -0.0010932921431958675 0.0003485594085557629 0.9999999391875567 1.1455199213750893e-05 -0.017882660031318665 -0.0011728739280145854 -1.104637576307068e-05 0.9999993121221267 0.8645679950714111
0.9999968909382749 -0.00028116667310862316 0.0024777124702799157 0.0010410218965262175 0.0002810897866272369 0.9999999600019311 3.1379412135914425e-05 -0.017810102552175522 -0.0024777211940211165 -3.0682854905790584e-05 0.9999969299734108 0.7800470590591431
0.9999972710914706 -0.00025295708048671836 0.002322460403843659 0.0008917315863072872 0.0002528118487959163 0.9999999660694738 6.2826908912728e-05 -0.01761450618505478 -0.0023224762175528104 -6.223959195538937e-05 0.9999973011115841 0.795290470123291
0.9999975650788672 -0.000267910771074576 0.002190447478373213 0.0006479544099420309 0.00026780343414287486 0.9999999629256393 4.929544323152941e-05 -0.017733078449964523 -0.0021904606039439794 -4.870871384399499e-05 0.9999975997520213 0.788479745388031
0.9999988242520129 -0.0003409133523574852 0.0014950828330335384 -0.00044899526983499527 0.00034092518618112516 0.9999999418556667 -7.660313840220542e-06 -0.01797621324658394 -0.0014950801345996727 8.170016226830128e-06 0.9999988823336963 0.8196502923965454
0.9999989896663652 -0.00032139537082647644 0.0013846917578441249 -0.0009646890684962273 0.0003214556492722965 0.9999999473952665 -4.3309693253865204e-05 -0.018111711367964745 -0.0013846777654678603 4.3754766484685185e-05 0.9999990403760426 0.8580151200294495
0.9999974085690957 -0.00024485225317329986 0.0022633829695766277 0.0003896662965416908 0.00024483377523078134 0.999999969992586 8.440933418680433e-06 -0.017783496528863907 -0.002263384968439925 -7.886758947350209e-06 0.999997438509861 0.8166539669036865
0.999990118841055 -0.00016362048149009647 0.004442459745509239 0.0037906221114099026 0.00016332915605539886 0.9999999844877367 6.59402211176107e-05 -0.016813604161143303 -0.004442470465767363 -6.521398635076086e-05 0.9999901300529404 0.7365872859954834
0.9999982050142721 -0.0002068976286373712 0.0018833909857633596 -0.0004856209270656109 0.0002069683009742276 0.9999999778853278 -3.732916198213241e-05 -0.017635205760598183 -0.0018833832207976922 3.7718897209213026e-05 0.9999982257208903 0.8815807104110718
0.9999993161670714 -0.00025508755771990805 0.0011413131591554797 -0.0021461271680891514 0.0002552011946955265 0.9999999624937732 -9.942234267572514e-05 -0.01782381907105446 -0.0011412877549465536 9.97135391691916e-05 0.9999993437595198 0.9576151371002197
0.9999980869569338 -0.00021479367718743003 0.0019442083604960586 -0.0004406166262924671 0.00021488058497617742 0.9999999759233941 -4.449208541357036e-05 -0.017745312303304672 -0.001944198757067488 4.490977292811382e-05 0.9999981090353648 0.8709184527397156
0.9999915022433176 -0.00011333106836125024 0.0041209946884474945 0.003003814024850726 0.00011317253879239994 0.9999999928470684 3.87019355656582e-05 -0.01710480824112892 -0.004120999045102006 -3.823522325478503e-05 0.9999915079164113 0.7710657119750977
0.9999993797131762 -0.0003012644559445799 0.0010722933319494902 -0.0017711254768073559 0.0003013115595058176 0.9999999536479133 -4.3766593044416696e-05 -0.017971612513065338 -0.001072280096927615 4.408966027267311e-05 0.9999994241355816 0.9221169948577881
0.9999998317860676 -0.0003071024308066042 0.0004920527749964087 -0.003455291036516428 0.00030719426690735494 0.9999999354109075 -0.00018657401508013588 -0.018343163654208183 -0.00049199544588161 0.00018672513948728186 0.9999998615370921 0.9994245767593384
0.999999852841253 -0.0003165692808148281 0.0004405693619846067 -0.003247661516070366 0.0003166407472308135 0.9999999367224425 -0.00016215347099676172 -0.018181081861257553 -0.0004405180012987585 0.00016229294934644594 0.9999998898024385 0.9820455312728882
0.9999997992886976 -0.00029052373691055303 0.0005630439792196401 -0.003436815459281206 0.00029060884975846865 0.9999999463592093 -0.00015108962442989638 -0.018217556178569794 -0.0005630000538952181 0.00015125321966766558 0.9999998300766868 1.0095480680465698
0.9999997208417417 -0.0002966358167954477 0.0006858014514293959 -0.003730801399797201 0.00029673537241639477 0.9999999454514584 -0.00014506963445638888 -0.018331415951251984 -0.0006857583811704177 0.000145273095508096 0.999999754315555 1.05029296875
0.9999899391088782 -8.88851462496294e-05 0.0044848389550577236 0.002791169099509716 8.843561137303693e-05 0.9999999910462225 0.00010043255205050221 -0.017324160784482956 -0.004484847841863551 -0.0001000349221346308 0.999989938015803 0.8036180734634399
0.999967882400922 4.921543941980477e-05 0.00801447094048186 0.007848437875509262 -4.980516713059202e-05 0.9999999960671685 7.338329458313681e-05 -0.015590544790029526 -0.00801446729737121 -7.378009975255637e-05 0.9999678809194003 0.7281497716903687
0.9999975905167637 -0.0001832733717722456 0.0021875492082644604 -7.215235382318497e-05 0.00018334955719371464 0.9999999825919781 -3.462634528416439e-05 -0.01774735003709793 -0.002187542824096503 3.5027348031240636e-05 0.9999976067118751 0.867456316947937
0.9999967934402094 -0.0001484691455563493 0.002528055816693352 0.00040004774928092957 0.00014856942212333797 0.9999999881843177 -3.94777377377547e-05 -0.017580943182110786 -0.0025280499255966563 3.9853202941809915e-05 0.99999680368254 0.8560537695884705
0.9999983143675525 -0.0001824260513986363 0.0018270147206767224 -0.0008148336783051491 0.0001825344743322733 0.9999999815895801 -5.917774220476253e-05 -0.01759733445942402 -0.001827003891478773 5.9511135624476154e-05 0.999998329256207 0.9112204909324646
0.9999982706634337 -0.00016953223195292813 0.0018520067397954408 -0.0009872093796730042 0.00016968994847099835 0.9999999819899059 -8.50029953704438e-05 -0.017620505765080452 -0.0018519922956930974 8.53171152998995e-05 0.9999982814212866 0.9252464771270752
0.9999979024501001 -0.000195848128132072 0.002038808208425544 -0.000473028514534235 0.00019594155353354142 0.9999999797626837 -4.562389308594207e-05 -0.01772117055952549 -0.0020387992318114784 4.6023284635265535e-05 0.9999979205876128 0.8753912448883057
0.9999967839814318 -9.574398288365467e-05 0.0025343361819899998 6.658537313342094e-05 9.599649764531888e-05 0.9999999904406209 -9.951598063059485e-05 -0.017576999962329865 -0.0025343266297069736 9.975894798268015e-05 0.9999967836131706 0.8876598477363586
0.9999797227105158 0.00011785993585614994 0.006367124691359205 0.00525186862796545 -0.0001174040531820883 0.999999990518075 -7.197317701622355e-05 -0.016215793788433075 -0.006367133113740633 7.122419134939678e-05 0.9999797270660172 0.7943519353866577
0.9999002647711133 0.00033612089030131257 0.014119048601269855 0.013791881501674652 -0.00033412264446846705 0.9999999338292944 -0.0001438869889383772 -0.013924895785748959 -0.014119096030425271 0.0001391551444805665 0.9999003109126078 0.6927675008773804
0.9999594402295985 0.00013024175722051818 0.009005605631612767 0.008912909775972366 -0.00013044320683665587 0.999999991255057 2.178198964055224e-05 -0.015129140578210354 -0.009005602715934655 -2.2955826246147353e-05 0.999959448474163 0.7233632802963257
0.9999892563156372 1.4010099255678507e-05 0.004635413359775056 0.003141531255096197 -1.3640382039382033e-05 0.9999999967236776 -7.979088155625429e-05 -0.016597101464867592 -0.0046354144624661175 7.972679549907003e-05 0.9999892532304531 0.8272709250450134
0.9999972304737377 -0.00019122988730997512 0.002345735702127908 0.0003245808184146881 0.00019125173935954394 0.9999999816700595 -9.091338835413703e-06 -0.017611505463719368 -0.002345733920595012 9.539939689821784e-06 0.9999972487168967 0.8351162075996399
0.9999977848794529 -0.00023296472475370982 0.0020918804040114688 0.00021234061568975449 0.00023293939446500972 0.999999972793327 1.2352493619801607e-05 -0.017724215984344482 -0.0020918832247936382 -1.186518490293553e-05 0.999997811939502 0.8304058909416199
0.9999889172942016 2.1031450435404964e-05 0.004707955654946835 0.0033575661946088076 -2.052830877384879e-05 0.9999999940734778 -0.00010691881636365606 -0.01671903394162655 -0.004707957875702817 0.00010682098504649164 0.999988911799485 0.8126015663146973
0.9999945371785797 -0.00023522678045851994 0.003297010973595643 0.002170373685657978 0.00023472408118736096 0.9999999607696203 0.00015285733135185703 -0.017005549743771553 -0.003297046800390574 -0.00015208260844811117 0.9999945531618041 0.7517361044883728
0.9999343387282152 -0.00014320343070578498 0.011458521935429426 0.012324867770075798 0.0001425555390728175 0.999999988193927 5.7359083832672227e-05 -0.015592718496918678 -0.011458530014166865 -5.572184179079651e-05 0.9999343473373595 0.5899512767791748
0.9999952044180118 -0.0002660433109234656 0.003085508375567098 0.0025435001589357853 0.00026564440237061225 0.9999999563063032 0.0001296936514960534 -0.016894258558750153 -0.0030855427448782807 -0.00012887338151107723 0.9999952313974408 0.6076711416244507
0.999321644012779 0.0001484967120201656 -0.03682702480954524 -0.04446913301944733 -0.00010536099127793495 0.9999993061984183 0.0011732441107496414 -0.027331771329045296 0.03682717348179002 -0.0011685681017428921 0.9993209663276026 0.3541567027568817
0.9981981564059003 0.00025418266458332716 -0.06000313274350563 -0.07363606989383698 -0.00015180450193275996 0.99999852511656 0.001710765938987374 -0.03183650225400925 0.06000347909292365 -0.0016985746606586723 0.9981967227660423 0.33385393023490906
0.9886570761661504 0.0004756268385178973 -0.15018974507505276 -0.18503855168819427 4.1006134668192376e-05 0.999994093506729 0.0034367528500642234 -0.053583789616823196 0.15019049259222692 -0.003403928725162508 0.9886512171661644 0.2342924177646637
0.9618810033709083 0.001472860613524601 -0.27346437800157375 -0.3453454375267029 6.793076281356807e-05 0.9999841784584428 0.00562478605855279 -0.08436064422130585 0.273468335899398 -0.005428951501547439 0.9618656848780955 0.12693631649017334
0.9906784059341553 0.0006688562763207521 -0.13621985408538057 -0.1709725260734558 -0.0002761828000468529 0.9999957524333818 0.0029015234369916365 -0.04992806911468506 0.13622121618463734 -0.0028368550326161924 0.9906743826882282 0.3995586037635803
0.9977148229154091 -0.00025794299261336676 -0.0675652691868124 -0.08353479206562042 0.00035438204794938696 0.9999989355773475 0.0014153648066851116 -0.03369710594415665 0.06756483218537547 -0.0014360743659272124 0.9977138523355169 0.4886873960494995
0.9956372477475467 -8.147437072205901e-05 -0.09330843616531619 -0.11845637857913971 0.00020548879081997936 0.9999991083818031 0.0013194733629317053 -0.03924650698900223 0.09330824546655465 -0.0013328906652664372 0.9956363767613291 0.6245185732841492
0.9999260815068174 -0.0004163713531159733 -0.012151467290750942 -0.017285631969571114 0.000415952855964014 0.9999999128083149 -3.696734274462715e-05 -0.0198584645986557 0.012151481623386551 3.191017265061335e-05 0.9999261675124307 0.7740138173103333
0.9999996197205204 -0.0003180953276541399 0.0008120185819543868 -0.0013135513290762901 0.00031820432520858786 0.9999999403809662 -0.00013410470502632442 -0.01684419997036457 -0.000811975875462538 0.00013436304185398458 0.9999996613208181 0.8112840056419373
0.999989305162651 -4.7552727459438975e-05 0.0046246404245952 0.003049045568332076 4.835108363783061e-05 0.999999983949628 -0.00017251932288882366 -0.016286812722682953 -0.004624632146603658 0.00017274108419869027 0.9999892914116765 0.8115517497062683
0.999996095628555 -0.0003862705420916326 0.0027675842741398554 0.0013734474778175354 0.0003865402169100627 0.9999999205979139 -9.690627853240646e-05 -0.016446679830551147 -0.002767546622347149 9.79756827999426e-05 0.9999961655358779 0.7426056265830994
0.9999843251343717 -0.0006241951484026398 -0.005564159053399346 -0.009697673842310905 0.000624009526884764 0.9999998046901641 -3.509620591976263e-05 -0.01854051649570465 0.005564179873545817 3.1623567533027476e-05 0.9999845193313167 0.7974984645843506
0.9999228633998664 -0.0006803875939113294 -0.012401787086304059 -0.018669787794351578 0.000680634426525283 0.9999997682453945 1.5682294008321493e-05 -0.01974482834339142 0.012401773542094499 -2.412216757085462e-05 0.9999230947583576 0.7737044095993042
0.9998928923144884 -0.0007361917061298541 -0.014617178959650742 -0.021851131692528725 0.000736570808967574 0.9999997285204951 2.055186605740312e-05 -0.020259130746126175 0.014617159861272901 -3.131625212573052e-05 0.9998931631213818 0.7940577268600464
0.9999999252287298 -0.00020694265150807644 -0.0003266760999059929 -0.0024240571074187756 0.00020686753814638966 0.9999999521645768 -0.0002299492686108926 -0.0168446097522974 0.000326723670590662 0.00022988167273673484 0.9999999202030269 0.7831627130508423
0.9999536130329417 -2.4499125656118002e-06 0.00963181064824627 0.008622199296951294 4.930052199831865e-06 0.9999999668422127 -0.0002574709071690783 -0.014430726878345013 -0.009631809698095531 0.00025750644920386373 0.9999535798887708 0.7380080223083496
0.9999992074125672 -0.0005808415552400261 -0.0011170484882458782 -0.003932294901460409 0.00058070917947213 0.9999998243286435 -0.00011882563278729866 -0.01775122433900833 0.0011171173108778054 0.00011817685829655557 0.9999993690413729 0.8105944991111755
0.9999731930725304 -0.000772713114948763 -0.007281212177248977 -0.011763585731387138 0.0007725073143333552 0.9999997011332902 -3.1076999161435655e-05 -0.0187668614089489 0.0072812340147418745 2.545137641843523e-05 0.9999734911403654 0.8023231029510498
0.9998960179024554 -0.0007856710833829923 -0.014399170245567888 -0.021504277363419533 0.0007856891296911302 0.9999996913365519 -4.4036417764496716e-06 -0.020120130851864815 0.014399169260884359 -6.910087661973732e-06 0.9998963265643327 0.7981493473052979
0.9998999790994514 -0.0007080332508633985 -0.014125526037353562 -0.020975252613425255 0.0007077632980066015 0.9999997492448793 -2.4110000248834852e-05 -0.020046962425112724 0.014125539565987432 1.4110059850622261e-05 0.9999002294893604 0.7857931852340698
0.999916221052457 -0.0006484688442486955 -0.012927890946777463 -0.019471660256385803 0.0006473944681401157 0.9999997866304052 -8.729001326488432e-05 -0.01995859667658806 0.012927944793212628 7.891325511577958e-05 0.9999164275158807 0.7898755073547363
0.9996334311108876 0.00018124092696058923 -0.027073428988612952 -0.03363226354122162 -0.00016229225293940626 0.9999997403619071 0.0007020949678373091 -0.02438272163271904 0.027073549207662258 -0.0006974437938795403 0.999633200981968 0.42086508870124817
0.9998680847619351 0.00013605097597572773 0.016241753742481546 0.01669207587838173 -0.00013247953265516847 0.9999999668110618 -0.0002209684330377249 -0.015040170401334763 -0.016241783266405962 0.00021878758398897165 0.9998680696013449 0.5295404195785522
0.9995931387947388 -8.880034254652785e-05 -0.028522780176233813 -0.03745035454630852 9.631891204828914e-05 0.9999999609803715 0.00026222494763341285 -0.023521529510617256 0.028522755777620343 -0.0002648655416303365 0.999593108344138 0.6608526706695557
0.9999105449390222 -1.3801125000344645e-05 0.013375422583106642 0.01395709253847599 1.4118169990157024e-05 0.9999999996216432 -2.3609127211846045e-05 -0.014959337189793587 -0.013375422252213444 2.379585174565016e-05 0.9999105447555459 0.6040647625923157
0.9998185337074091 -9.169168192343596e-05 0.01904970466443959 0.021063705906271935 9.215427169904992e-05 0.9999999954798873 -2.3405470262820953e-05 -0.015000429004430771 -0.01904970243224584 2.515673461833943e-05 0.9998185376378966 0.4970601201057434
0.99969370054063 -3.449109998578511e-05 0.024748816330172133 0.027135515585541725 3.766390624062001e-05 0.9999999911327024 -0.00012773419481498465 -0.013842294923961163 -0.02474881170502414 0.00012862720699799573 0.9996936929751183 0.5062135457992554
0.9998022806827942 -8.756000110998875e-05 0.01988446314914464 0.022064726799726486 8.837132156749049e-05 0.9999999952983305 -3.992303668772594e-05 -0.01480802707374096 -0.019884459559993323 4.167235941932123e-05 0.9998022837198471 0.5039509534835815
0.999987430514647 -0.00010427379760132159 0.005012777642140465 0.00499964552000165 0.00010339294289262676 0.9999999791703458 0.00017598070286881703 -0.01763654127717018 -0.005012795887902231 -0.0001754602050494626 0.9999874204664292 0.48858845233917236
0.9997483314230401 -3.935878446969933e-05 0.022433730579935838 0.024794219061732292 4.129904617297497e-05 0.9999999954470189 -8.602529139853848e-05 -0.014325080439448357 -0.022433727091944588 8.69301332109225e-05 0.9997483284966852 0.49609166383743286
0.9997288767916821 -3.344806688187837e-05 0.023284582668987336 0.025752373039722443 3.564177958687808e-05 0.9999999949657904 -9.379809768553264e-05 -0.014221526682376862 -0.023284579414402817 9.460257080761449e-05 0.9997288729509858 0.49256467819213867
0.9997171128475549 -2.9121626243354125e-05 0.023784310620233992 0.026464426890015602 3.080439934936362e-05 0.9999999970485194 -7.038501346019754e-05 -0.014310581609606743 -0.023784308500309007 7.109776384675999e-05 0.9997171107939835 0.4762612581253052
0.9993949361015368 0.00010541742466548764 0.03478146894212824 0.03798394277691841 -9.70903652682347e-05 0.9999999662221976 -0.00024109969953682155 -0.012320887297391891 -0.03478149318339605 0.00023757687328854446 0.9993949125791882 0.4443206787109375
0.9996650998357407 -4.602061219964452e-05 0.025878293075511767 0.028209956362843513 4.8806745964165526e-05 0.9999999930810958 -0.00010703135201424322 -0.013613923452794552 -0.025878287970813985 0.00010825854247299547 0.9996650951652698 0.5060379505157471
0.9997877082193306 -7.090459757366247e-05 0.02060420991148882 0.022457463666796684 7.257867834965148e-05 0.9999999941259081 -8.050167139380521e-05 -0.014297176152467728 -0.020604204082519187 8.19800078744528e-05 0.9997877074926478 0.5353990197181702
0.9997926132449813 -5.884161907864425e-05 0.02036484810735742 0.02253694087266922 6.0567877167006624e-05 0.9999999946251739 -8.414977711042555e-05 -0.014587100595235825 -0.020364843046390767 8.536578117990621e-05 0.9997926114351815 0.5107541084289551
0.9996923871230775 4.632556648279736e-06 0.024801836760661524 0.02663617581129074 -1.4033530455046351e-06 0.9999999915207058 -0.00013021758364624496 -0.013620682060718536 -0.024801837153599782 0.00013014272130756145 0.9996923786528927 0.5262979865074158
0.9997720216201095 -8.394414659509675e-05 0.02135176196522496 0.02352132461965084 8.5248596324577e-05 0.9999999945553353 -6.018310581313409e-05 -0.014377727173268795 -0.021351756796952316 6.198959310276595e-05 0.9997720233328067 0.5219014883041382
0.9998745312098863 -0.00014044928006171092 0.015839889892599802 0.017635179683566093 0.0001408026085953972 0.9999999898627827 -2.1191032689099848e-05 -0.015409310348331928 -0.01583988675576211 2.341867169260901e-05 0.999874540849566 0.5225774049758911
0.9999177083143992 -0.00018924787755147138 0.012827345185994628 0.014419922605156898 0.00018843306270208807 0.999999980151486 6.473027391150003e-05 -0.0161457397043705 -0.012827357181457841 -6.230785120841662e-05 0.9999177241280758 0.5144298076629639
0.9999338731294487 -0.00017784484473924053 0.011498597286245962 0.01283254288136959 0.00017740797033677437 0.9999999835021715 3.901370672735949e-05 -0.016030391678214073 -0.011498604034930688 -3.697118406675216e-05 0.9999338881838038 0.5405970215797424
0.9998936822293361 -0.0001292973758239471 0.014581067177967474 0.016599319875240326 0.00012927995205468156 0.9999999916410626 2.137528370897071e-06 -0.015935592353343964 -0.014581067332462054 -2.5226144797222e-07 0.9998936905868457 0.4953097701072693
0.9999485118546034 -0.00014659196102167528 0.010146533918582895 0.011770801618695259 0.00014545280425441704 0.9999999830362936 0.00011300838146798163 -0.016919076442718506 -0.010146550312580325 -0.00011152672106408515 0.9999485162139822 0.49435460567474365
0.9999948083019667 -0.0002068587580421286 0.0032156769998455364 0.0031815555412322283 0.0002062466070147858 0.9999999605488697 0.0001906950345648769 -0.01765143685042858 -0.003215716319921459 -0.00019003082206336735 0.9999948115149582 0.5212396383285522
0.9999918192240745 -0.0001511306795305294 0.004042108910374234 0.0038345088250935078 0.00015044106718590858 0.9999999740785301 0.00017091057343334473 -0.017096402123570442 -0.004042134635427933 -0.0001703010760740818 0.9999918160390776 0.5597040057182312
0.9999979651312851 -0.00017399247826303398 0.0020098407665647333 0.0005533832591027021 0.00017372160516379093 0.999999975805028 0.00013494720311746784 -0.017110660672187805 -0.002009864197734997 -0.0001345977757535348 0.9999979711626148 0.6816024780273438
0.9999991385151444 -0.00020861813939230525 -0.0012959349677891666 -0.0020420276559889317 0.00020895416381843258 0.9999999445868305 0.0002591611337141363 -0.018417879939079285 0.0012958808302637843 -0.0002594317014583019 0.9999991266936515 0.5496885776519775
0.9999997114654933 -0.0001518919802430657 0.0007443102555581987 0.0006444072350859642 0.00015171705292788042 0.9999999608619723 0.00023507018038675277 -0.018651457503437996 -0.0007443459317025584 -0.00023495718800245697 0.9999996953720806 0.4933199882507324
0.9999979908514652 -0.00020464997489068136 -0.0019940941353277365 -0.0028807600028812885 0.0002052189882478577 0.999999938287645 0.0002851488608812388 -0.01870950683951378 0.0019940356565602718 -0.0002855575139557457 0.999997971137295 0.5241998434066772
0.9999996569480755 -0.0002871959512431009 0.000776931281756889 -5.357852205634117e-05 0.00028699178804303984 0.9999999242648365 0.0002628802663887305 -0.017661241814494133 -0.00077700672106404 -0.00026265720330941126 0.9999996636358177 0.5963941216468811
0.9998435019027446 0.00021862875761761554 0.017689655291211068 0.018527526408433914 -0.00021301651887285856 0.9999999263853158 -0.00031914467735063835 -0.013903154991567135 -0.017689723763196996 0.00031532654302568924 0.9998434748711181 0.6282753348350525
0.9998319673046461 7.596440736485664e-05 0.01833115885945029 0.01889178901910782 -7.569530249410396e-05 0.9999999970169303 -1.537403783416575e-05 -0.014081083238124847 -0.01833115997264683 1.3983871878216435e-05 0.9998319700722261 0.6314831376075745
0.999996902111018 -0.00026412760394176245 -0.00247507676164877 -0.004535289015620947 0.0002647409108904019 0.9999999343357316 0.00024746875083841524 -0.01820979081094265 0.0024750112357964558 -0.00024812323828410116 0.9999969063723355 0.6290019154548645
0.999998729730441 -0.00024547827600889725 -0.001574889812174526 -0.0035966006107628345 0.00024576659440179034 0.9999999530766248 0.00018288118921869147 -0.01789591647684574 0.0015748448449163365 -0.00018326801221598007 0.9999987431374853 0.669853687286377
0.9999991688451412 -0.00027427676561797093 -0.0012597941429624453 -0.0031563062220811844 0.0002745500790302655 0.9999999388136825 0.00021678303727104038 -0.01785922609269619 0.0012597346073299775 -0.00021712873367227785 0.9999991829615823 0.6648645997047424
0.9999946418689425 -0.0002546777943114074 -0.0032636440717082335 -0.005627864506095648 0.0002553826391492717 0.999999944158145 0.0002155537400639904 -0.018297404050827026 0.003263588992709219 -0.0002163860631350779 0.9999946510676738 0.6529698967933655
0.9999999560480503 -0.000262964864766913 -0.0001369429735275948 -0.001426982693374157 0.00026298980280372946 0.9999999488344954 0.0001821191112576053 -0.01764175295829773 0.00013689507559337512 -0.0001821551178587186 0.9999999740396256 0.6461775898933411
0.9999968942831835 -0.0002509387478664188 0.0024796075763221016 0.0017062658444046974 0.0002506768814906869 0.9999999629712155 0.00010591821774113694 -0.01704290695488453 -0.002479634063490183 -0.00010529630849459382 0.9999969201590567 0.6784754991531372
0.9999976729359844 -0.000343065436158429 0.0021298893686779344 0.0007665669545531273 0.00034288908212773064 0.9999999377553925 8.316422635573509e-05 -0.017339223995804787 -0.0021299177668753938 -8.243371701659695e-05 0.9999977283249142 0.8003467917442322
0.999998666426373 -0.00030082174026554374 0.0016051952393769824 -0.0005534659139811993 0.0003008560499775987 0.9999999545195214 -2.1132743884197446e-05 -0.01797252893447876 -0.0016051888091831424 2.1615648401289334e-05 0.9999987114499953 0.8379153609275818
0.9999989288636584 -0.0003263531795912305 0.0014268024175396606 -9.834766387939453e-05 0.0003262935542730492 0.9999999458833307 4.202204957124948e-05 -0.017712565138936043 -0.0014268160543553564 -4.1556448127840635e-05 0.9999989812339857 0.7817053198814392
0.9999990467951909 -0.0003396540175759198 0.001338298867237197 -0.0007014656439423561 0.0003396937200501836 0.9999999418707539 -2.9439179373677052e-05 -0.01794617809355259 -0.0013382887903073443 2.9893763032860447e-05 0.999999104044337 0.8297923803329468
0.9999989002653186 -0.00031464495054318463 0.0014492986954458414 -0.0006419648416340351 0.00031464284042808613 0.9999999504985224 1.683961601610363e-06 -0.017901232466101646 -0.0014492991535534293 -1.2279482915355881e-06 0.9999989497646763 0.8330976963043213
0.9999983798952582 -0.0003135857141948552 0.0017725323293818582 0.00014846306294202805 0.00031359702467675043 0.9999999508098282 -6.103046485752649e-06 -0.017865389585494995 -0.0017725303283624976 6.658897462815598e-06 0.999998429044713 0.7984752655029297
0.9999991985953671 -0.00035032075230035525 0.0012165870269198473 -0.0010829418897628784 0.00035036156684282776 0.9999999380677588 -3.3335434573657745e-05 -0.018047422170639038 -0.0012165752734793677 3.3761653195438335e-05 0.9999992594021032 0.8525349497795105
0.9999986637815849 -0.0002969932150461739 0.0016075540660757323 -0.000247112475335598 0.00029704398050589385 0.9999999553913178 -3.134065200184454e-05 -0.01783531904220581 -0.0016075446864038637 3.1818124382553755e-05 0.9999987073930089 0.8199720978736877
0.9999987699504651 -0.0002878455683099807 0.0015418308874979383 -0.0004173717461526394 0.0002878508121516363 0.9999999585659006 -3.179140825143618e-06 -0.01774124801158905 -0.0015418299085119666 3.622954187809684e-06 0.9999988113729973 0.8271875977516174
0.9999690284995264 0.00019697548473464926 0.007867861359462458 0.006982055027037859 -0.00019542885619003414 0.9999999614314923 -0.00019734380177013756 -0.015626169741153717 -0.0078678999279018 0.00019580008259034604 0.9999690284269069 0.7780066728591919
0.9999984758598671 -0.0002827727052088876 0.0017228805938402153 -0.00021589966490864754 0.0002827943683645369 0.9999999599376552 -1.2330202114230667e-05 -0.017836716026067734 -0.0017228770381729707 1.2817404250577336e-05 0.9999985157641116 0.8227466940879822
0.9999959743311858 -0.00023323253934687832 0.002827883308235613 0.0017405713442713022 0.00023315714174443762 0.9999999724545934 2.6991846222091738e-05 -0.01739022694528103 -0.0028278895257172537 -2.6332396372523143e-05 0.9999960011657223 0.7590653300285339
0.999998721509905 -0.0002214393392727822 0.0015836486903403806 2.0222971215844154e-05 0.00022129798622771323 0.9999999715145139 8.943250192364443e-05 -0.017350705340504646 -0.0015836684491035136 -8.908192931901207e-05 0.9999987420285352 0.7383636236190796
0.9999999172444349 -0.0002506431662373481 -0.00032045144156254307 -0.001997081097215414 0.00025069998506836716 0.9999999528605101 0.00017728083579244717 -0.017644524574279785 0.0003204069922266294 -0.00017736115829308628 0.999999932941187 0.6891690492630005
0.9999991746772711 -0.0002914368693795152 -0.0012512830724081823 -0.0034829014912247658 0.00029156680944239375 0.9999999521212531 0.00010366429679744544 -0.017971627414226532 0.0012512528009001923 -0.00010402904385407647 0.9999992117718822 0.730833888053894
0.9999991598374136 -0.00034519636930345824 0.0012494654591323619 -0.00043033063411712646 0.0003451899131891931 0.9999999404074732 5.3827488726340325e-06 -0.017834078520536423 -0.0012494672427789256 -4.951441476879022e-06 0.9999992194032417 0.797411322593689
0.9999998682244338 -0.00030459552071342356 0.0004132465164902426 -0.0013966099359095097 0.00030456105460808803 0.9999999501381924 8.346362275619561e-05 -0.01782388426363468 -0.0004132719185306585 -8.33377529628541e-05 0.999999911130566 0.7479508519172668
0.9999994929508631 -0.00026939906329185014 0.0009703206489011305 -0.0006718970835208893 0.00026933252753486876 0.9999999613700864 6.870091347639582e-05 -0.0176981333643198 -0.0009703391193794655 -6.843953972876912e-05 0.9999995268788996 0.7482635378837585
0.9999998407741432 -0.0003110709123647435 0.00047083603951578797 -0.0012647570110857487 0.0003110488255846971 0.9999999505206493 4.698220530888967e-05 -0.017830563709139824 -0.0004708506310165967 -4.6835744830973436e-05 0.9999998880530421 0.7585341930389404
0.9999990299799388 -0.0003204713814652982 0.0013554841476745294 -0.00041330233216285706 0.000320452856815243 0.9999999485586044 1.3883607781199857e-05 -0.017923712730407715 -0.0013554885272454987 -1.3449225546331714e-05 0.9999990812345632 0.7915710806846619
0.9999992379793173 -0.00032197760346833773 0.0011917932735902486 -0.0002854354679584503 0.0003219169370855698 0.9999999468793955 5.109492378967854e-05 -0.017757881432771683 -0.001191809661702581 -5.071122641401649e-05 0.9999992885087976 0.7684410214424133
0.9999995935845025 -0.00024765212315138385 0.000866890567167877 -0.0007504280656576157 0.0002475142887725958 0.9999999567115722 0.00015910226409596967 -0.017571499571204185 -0.0008669299316550489 -0.00015888763163216763 0.9999996115935315 0.709570586681366
0.999999957112819 -0.0002507858361275428 0.00015126408822894205 -0.0012508882209658623 0.0002507487817645832 0.9999999385662031 0.0002449339468186716 -0.017616618424654007 -0.00015132550490086372 -0.00024489600702829703 0.9999999585632677 0.616091787815094
0.9999976160721892 -0.00026198714527756405 -0.0021677667480042065 -0.0040398878045380116 0.0002625121950410507 0.9999999362794083 0.000241926696136914 -0.0180673711001873 0.00216770322818834 -0.00024249518460849056 0.9999976211265702 0.6145498752593994
0.9999997769233806 -0.0003424430686377819 0.0005734857743022333 -0.0008754637092351913 0.00034239379952771647 0.999999937684585 8.60076271198606e-05 -0.017832577228546143 -0.0005735151912809866 -8.58112499603315e-05 0.999999831858363 0.7313436269760132
0.9999990545614181 -0.00031503280712717686 0.0013385180612098958 -0.00028513604775071144 0.00031497105539140895 0.9999999493226885 4.63449529280565e-05 -0.01781848818063736 -0.0013385325935580162 -4.592331466535018e-05 0.9999991031103703 0.7686069011688232
0.9999992250834798 -0.0003358821992836463 0.0011987558500850305 -0.0008036238141357899 0.0003359096839127777 0.9999999433240967 -2.2726365500684347e-05 -0.017825257033109665 -0.0011987481487628338 2.312902158833893e-05 0.9999992812337039 0.8373196125030518
0.9999993775632482 -0.00033357136593239003 0.0010647080631357546 -0.0013944399543106556 0.0003336504961263518 0.9999999415899851 -7.414426946926639e-05 -0.017993178218603134 -0.0010646832685408977 7.449946369264311e-05 0.9999994304495216 0.8663445115089417
0.9999983234129572 -0.000312972903401076 0.0018042226127482 0.0002312494907528162 0.0003129762941773287 0.9999999510216433 -1.5970164276202419e-06 -0.017843903973698616 -0.0018042220245574729 2.161692657292061e-06 0.9999983723877821 0.7921602725982666
0.9999986749376665 -0.0002536008014019927 0.001608045255910038 0.00017813942395150661 0.0002534530707693143 0.9999999636420683 9.20728150224634e-05 -0.017602259293198586 -0.0016080685471845152 -9.166512901219784e-05 0.9999987028556847 0.7370234727859497
0.9999987983151539 -0.0003232193208943438 0.0015162115679905773 0.00025322125293314457 0.0003231468546152954 0.999999946634179 4.80390417801843e-05 -0.01766727864742279 -0.0015162270142231628 -4.7549025053268286e-05 0.9999988493967039 0.7569738030433655
0.9999972604950278 -0.00021263019521972879 0.0023310493001583417 0.0010317028500139713 0.00021249170986180804 0.9999999756441859 5.965652516466358e-05 -0.017246302217245102 -0.0023310619281623297 -5.916103308375345e-05 0.9999972813214341 0.7299480438232422
0.999995789708703 -0.0002287865291118851 0.0028927878580223003 0.0017975899390876293 0.00022881873187089274 0.9999999737626614 -1.080112672459995e-05 -0.01713196001946926 -0.002892785310970952 1.1463005297954284e-05 0.9999958158221184 0.765758752822876
0.999996316531417 -0.00021192149259328773 0.002705921816806295 0.0013855085708200932 0.00021193782897475244 0.9999999775246435 -5.75052761856216e-06 -0.01721620373427868 -0.0027059205373293417 6.323993631903687e-06 0.9999963389703246 0.7818148732185364
0.9999936737437795 -0.000152703806624522 0.003553752097106973 0.0025311000645160675 0.00015251905346780123 0.9999999870034603 5.2259145161426007e-05 -0.01693139225244522 -0.003553760031090889 -5.1716799650573863e-05 0.9999936840375616 0.7462626099586487
0.9999946093954164 -0.00017354759976046004 0.0032788811108300834 0.002230944111943245 0.0001733506484511124 0.9999999831536711 6.0350724475555105e-05 -0.01705021597445011 -0.0032788915293163507 -5.978200298190663e-05 0.9999946226337674 0.7401819229125977
0.9999943809029683 -0.0001502119387934067 0.0033489698211369066 0.002328083384782076 0.00014991133706472918 0.999999984712368 9.001030607659702e-05 -0.016963185742497444 -0.003348983290561675 -8.950775175627725e-05 0.9999943881338946 0.7184010744094849
0.9999937380866701 -0.00014138681476309523 0.0035360708727379423 0.0024680057540535927 0.00014113218191952863 0.9999999874301337 7.225953128214014e-05 -0.01672869361937046 -0.003536081044834968 -7.176002540152637e-05 0.9999937454711121 0.6840331554412842
0.9999946815732255 -0.0001864066754577669 0.00325608320140717 0.002036524470895529 0.00018637369322050938 0.9999999825780008 1.0432842903394348e-05 -0.017055805772542953 -0.0032560850894312525 -9.825939165403803e-06 0.9999946988926197 0.771428644657135
0.9999959913750665 -0.00017246817318707937 0.002826214522457437 0.001466925023123622 0.0001724946388523899 0.9999999850812069 -9.120599944742854e-06 -0.0170747097581625 -0.002826212907280517 9.608070237049184e-06 0.9999960062061686 0.7966428399085999
0.9999983772394052 -0.00019529575588781 0.0017909154430341037 -0.00036081019788980484 0.00019540112093086148 0.999999979188804 -5.865827923875354e-05 -0.017413882538676262 -0.001790903950050028 5.9008130935470685e-05 0.9999983945892525 0.8638874292373657
0.9999987317723634 -0.0002442367788594228 0.0015737859004629523 -0.0007529179565608501 0.00024434715599874843 0.9999999677012289 -6.99428937728406e-05 -0.01764860562980175 -0.0015737687670045225 7.032735517825879e-05 0.9999987591521957 0.860999584197998
0.9999990263677591 -0.00026507099050683455 0.001370036825718336 -0.0007171663455665112 0.0002651020787061661 0.9999999646070942 -2.250995626856242e-05 -0.01755722425878048 -0.0013700308104923472 2.287313396254518e-05 0.9999990612457583 0.8489624261856079
0.999999696994082 -0.000294157107490417 0.0007207519273560334 -0.0022599957883358 0.00029424838696187123 0.9999999487025014 -0.00012654201607197548 -0.017921891063451767 -0.0007207146671498384 0.0001267540578210199 0.9999997322518531 0.9074897766113281
0.9999995805385437 -0.0003215874639227051 0.0008576154382756537 -0.0016970238648355007 0.0003216302917172091 0.9999999470369177 -4.980077707390662e-05 -0.01774854212999344 -0.0008575993775480959 5.007659128799392e-05 0.9999996310077534 0.872248113155365
0.9999994985671516 -0.0003141885003257344 0.000950868567181587 -0.0015902118757367134 0.00031424980539603167 0.9999999485547411 -6.432398834284355e-05 -0.01781564950942993 -0.0009508483084064746 6.462276635087685e-05 0.9999995458555934 0.8693146705627441
0.9999994317665462 -0.0003130545738426258 0.0010190502534940232 -0.0015392731875181198 0.00031307531064185627 0.9999999507881122 -2.0189686721934152e-05 -0.01771189644932747 -0.0010190438828708635 2.0508714724151032e-05 0.9999994805643441 0.8826086521148682
0.9999998990617937 -0.00031834847364440027 0.0003170656898744495 -0.0032877284102141857 0.00031839737278718013 0.9999999374249737 -0.00015418547810602435 -0.018119486048817635 -0.00031701658532244247 0.00015428641542547574 0.9999999378480914 0.968514084815979
0.9999999230213922 -0.0003550967612500831 0.00016692363468376952 -0.003410537261515856 0.0003551161368136694 0.9999999302114034 -0.00011605911278997352 -0.01805727370083332 -0.00016688241081933803 0.0001161183811321964 0.999999979333391 0.9692919254302979
0.9999998952828778 -0.00035669415751279465 0.00028671154841138443 -0.0033759837970137596 0.00035672087608625913 0.9999999320372038 -9.31440005161667e-05 -0.01805879734456539 -0.00028667830500487434 9.324626675712836e-05 0.9999999545603409 0.9799854755401611
0.9999999260291421 -0.00037310283614112183 9.346648702898202e-05 -0.004119477700442076 0.000373121089433172 0.9999999113092929 -0.00019535111779436825 -0.018460368737578392 -9.339359268328077e-05 0.00019538597766154418 0.999999976550978 1.016068696975708
0.999999897832724 -0.00031998860298738084 0.00031928331615283016 -0.00332117872312665 0.000320043549121366 0.9999999339844547 -0.0001720558433544561 -0.018164483830332756 -0.0003192282391662171 0.00017215801034165603 0.9999999342274735 0.9670232534408569
0.9999999329863012 -0.0003546065149943697 9.100336738629728e-05 -0.003590288572013378 0.00035462165229155725 0.999999923281323 -0.00016637557550275195 -0.01827205717563629 -9.09443625416301e-05 0.00016640783611781583 0.9999999820187775 0.9691433310508728
0.9999999154644567 -0.0004070739591400682 -5.798165244998649e-05 -0.0041170367039740086 0.0004070681690123875 0.9999999121639166 -9.983819678734712e-05 -0.018242767080664635 5.8022288887144845e-05 9.981458586237174e-05 0.9999999933352315 1.014380931854248
0.9999999293081219 -0.00037425437019849455 3.6296255081412826e-05 -0.004340483341366053 0.000374261750165177 0.9999999092513001 -0.00020353263711048752 -0.018589530140161514 -3.622007880865824e-05 0.00020354620702233429 0.9999999786285237 1.0284440517425537
0.9999998735691018 -0.00032392628833167406 0.00038462129451646956 -0.002658674493432045 0.00032397416001436904 0.9999999397816098 -0.0001244086829116013 -0.017974844202399254 -0.00038458097211230264 0.00012453327454331437 0.9999999182944664 0.9215130805969238
0.9999999278379688 -0.0003623678677419497 -0.00011407710188043565 -0.00379610201343894 0.0003623506409979398 0.9999999229513906 -0.00015099412365740625 -0.018121734261512756 0.00011413180850958489 0.00015095277685037406 0.9999999820935943 0.9763017296791077
0.9999998630470494 -0.0004080824035805502 -0.00032768069042023596 -0.004449895117431879 0.0004080319421561133 0.9999999048895989 -0.0001540478099867898 -0.01841016113758087 0.00032774352345495974 0.0001539140847009684 0.9999999344473167 1.0108764171600342
