0.999993465130737 -0.00012271186781390536 0.003613120205480742 0.004294109996408224 0.00012469981105572758 0.9999998409853559 -0.000549981109078387 -0.019419988617300987 -0.00361305214173256 0.0005504280704306872 0.9999933214192785 0.44772595167160034
0.999926837267891 9.64781077702772e-05 -0.012095900272703828 -0.015557859092950821 -0.0001012646766540128 0.9999999168181792 -0.0003951064410918635 -0.021411344408988953 0.012095861147423014 0.0003963024214551139 0.9999267638619804 0.4777124524116516
0.999999943306469 -0.00014773623555614036 0.0003025905872602301 0.000570567324757576 0.00014791168384904624 0.9999998209303895 -0.0005798804382157462 -0.01976804807782173 -0.00030250486372243693 0.0005799251620235551 0.999999786088784 0.4439752995967865
0.9997764231400365 -0.0003636005755639795 0.02114170115993547 0.025082679465413094 0.00038066202682770443 0.9999996051549671 -0.0008029858846511328 -0.015626752749085426 -0.021141400846109954 0.0008108541984025742 0.9997761667922139 0.4816845655441284
0.999296949016395 -0.000531901348414667 0.037487661536558047 0.04408387839794159 0.0005678586631994704 0.999999388907565 -0.0009485362590383495 -0.013963701203465462 -0.03748713410041648 0.0009691570830550718 0.9992966403983781 0.40101662278175354
0.9995326199884205 -0.00035806227627800744 0.03056817577955516 0.03516397625207901 0.00038375040840826985 0.9999995781785161 -0.0008344929079921953 -0.01415895577520132 -0.030567864084811727 0.000845833432626895 0.9995323357706325 0.4949614405632019
0.999687108347687 -0.0004264427328171225 0.025010068973026444 0.02916351705789566 0.0004430865107572363 0.9999996840732985 -0.000659945184961 -0.015310182236135006 -0.025009779642849662 0.0006708203178166976 0.9996869814708589 0.4970152974128723
0.9999948831279603 -0.0001013902056639075 0.0031974111282693733 0.002551100915297866 0.00010257492715167421 0.9999999261546589 -0.0003703634173642474 -0.017786310985684395 -0.003197373340932401 0.0003706894964755887 0.99999481968309 0.5818601250648499
0.9999916008479667 -0.0001202653684747967 0.004096799941647904 0.003548224689438939 0.00012169900988364595 0.9999999314516301 -0.00034969427474206374 -0.01754527911543846 -0.004096757604708141 0.00035018991410327494 0.999991546936349 0.5898910164833069
0.9999216238890938 8.46627505025124e-05 -0.01251954117436559 -0.016970636323094368 -8.537884255667354e-05 0.9999999947498515 -5.666348527791269e-05 -0.020517408847808838 0.012519536311349621 5.772794814911416e-05 0.9999216258677642 0.601168155670166
0.999982931485428 -0.0001745941977452948 0.005840056050728329 0.005756257101893425 0.00017666127770198963 0.9999999219373629 -0.0003534346626909733 -0.017142146825790405 -0.005839993887196766 0.0003544603418500559 0.9999828842681575 0.6094418168067932
0.9999716680509033 -0.00020762709942472786 0.00752462533829281 0.007877040654420853 0.00021033820065600157 0.9999999132560619 -0.0003595075939137242 -0.01689663901925087 -0.007524550042058229 0.0003610801245171406 0.9999716249813333 0.5979498624801636
0.9999680750761137 -0.00023124699380555603 0.00798719934645901 0.008439061231911182 0.00023439101315474322 0.999999895424394 -0.0003926984266540976 -0.01684197038412094 -0.007987107700862162 0.0003945580175338017 0.9999680247060633 0.6008416414260864
0.9999845281410722 -0.00020949368816629865 0.005558740043511197 0.005310696549713612 0.00021129381023963 0.9999999254318374 -0.000323251055599174 -0.017117932438850403 -0.005558671909950325 0.0003244205816683687 0.9999844978387832 0.6278730034828186
0.9999506219026799 -0.0002417892978381389 0.009934550537352307 0.01085134781897068 0.0002454949219454237 0.9999999007537309 -0.0003717859220642219 -0.016467975452542305 -0.00993445965752819 0.0003742064456915102 0.9999505820193562 0.6196204423904419
0.9999735057623973 -0.00022353433555888743 0.007275837110678627 0.007886452600359917 0.0002265928319259413 0.9999998863201434 -0.0004195418791875982 -0.016969911754131317 -0.007275742501547306 0.00042117941628090736 0.9999734427368309 0.5921621918678284
0.9999765962668801 -0.000232720993199164 0.006837598953174407 0.006943441927433014 0.00023459634327904243 0.9999999350894925 -0.0002734694983593755 -0.016808604821562767 -0.006837534867249122 0.0002750671738634428 0.9999765859533858 0.6415581703186035
0.9999585890976892 -0.0002705262551412158 0.009096532597863952 0.00973176583647728 0.00027224660165035293 0.9999999452908094 -0.00018788338453110522 -0.01651916839182377 -0.009096481272811595 0.00019035210419719267 0.9999586080406178 0.6551526188850403
0.9997972457887094 0.00017493977689711908 -0.020135459006090112 -0.027100177481770515 -0.00017214445773996813 0.9999999753047414 0.00014055889413144357 -0.021909018978476524 0.020135483098181323 -0.00013706418755177533 0.9997972512133707 0.6084455847740173
0.999024942400103 0.0005976427989341359 -0.04414529743422282 -0.05840279906988144 -0.0005810070615026438 0.999999755293938 0.0003896701921924911 -0.02697276696562767 0.04414551951518524 -0.00036364151176872245 0.9990250451673299 0.5537095069885254
0.9991906830290669 0.00048065424339392693 -0.04022123716900757 -0.05339649319648743 -0.0004651885286675965 0.9999998142313293 0.00039387426946110285 -0.0260520800948143 0.04022141901450078 -0.00037484504219057293 0.9991907210055819 0.5711706280708313
0.9996215186959918 0.000189972387006288 -0.027509694117011423 -0.039146482944488525 -0.0001793491206962251 0.9999999083997846 0.00038863133672627605 -0.022832004353404045 0.02750976542634021 -0.00038355040758066526 0.9996214612018257 0.736145555973053
0.9993574519968095 0.00032469878468262297 -0.035841005972822776 -0.04999242350459099 -0.0003044515724085431 0.9999997909914881 0.0005703737549858533 -0.02452271431684494 0.03584118368141251 -0.0005590954118433849 0.999357341977651 0.7437319159507751
0.9995700213798702 0.0001769292473595019 -0.029321341283902524 -0.0425848625600338 -0.00015968699336829748 0.9999998129727335 0.0005903850961680199 -0.023051442578434944 0.029321440256402934 -0.0005854490063678722 0.9995698626863212 0.799645721912384
0.9985841768783537 0.0006081579769964593 -0.05319089989891564 -0.07136599719524384 -0.000567622364758657 0.9999995368967751 0.0007771815018138752 -0.02836988866329193 0.053191347915168254 -0.0007458888058896275 0.9985840596348698 0.6661046743392944
0.9971413777949772 0.0009645987906252514 -0.07555224840007901 -0.10053076595067978 -0.0008963361831041217 0.9999991589135562 0.0009374185974096812 -0.033108845353126526 0.07555308908695246 -0.0008670186578358635 0.9971414037176801 0.612093448638916
0.996318061243192 0.0012507194683290155 -0.08572488869294988 -0.1130196675658226 -0.0011865455896921593 0.9999989764136731 0.0007995506049173075 -0.035608403384685516 0.0857258009596334 -0.0006948902199515624 0.9963185254613163 0.5109274983406067
0.9979564036748638 0.0008324465487795705 -0.06389306219830326 -0.08461638540029526 -0.0007924730567565993 0.9999994741112774 0.0006509712924102231 -0.03092767298221588 0.0638935704964681 -0.0005990074395634553 0.9979565385523063 0.5550457239151001
0.9983560618191052 0.0006598986515971417 -0.057312637025503446 -0.07696758955717087 -0.0006115397698873251 0.9999994420834485 0.0008613082503309625 -0.029194872826337814 0.05731317342598763 -0.0008248433559545114 0.9983559083740033 0.6786084175109863
0.9977806140678717 0.0008359410870391763 -0.06658188486998617 -0.08996529877185822 -0.0007858669211905557 0.9999993883646755 0.0007782566781959095 -0.031103365123271942 0.06658249472288699 -0.0007242049254028964 0.9977806607284503 0.6777812242507935
0.9991552832691601 0.0004319820277397974 -0.04109176689864357 -0.057285211980342865 -0.00040989854489378554 0.9999997670195792 0.0005458424413046185 -0.02560380846261978 0.04109199311919103 -0.0005285379036031773 0.999155227554346 0.7621520757675171
0.9996523632322957 -2.8939539384392154e-05 -0.026365732430360285 -0.04121089726686478 4.767734268189437e-05 0.9999997467712255 0.0007100594029758884 -0.02209741622209549 0.02636570520500612 -0.0007110696082803013 0.9996521114713133 0.941179633140564
0.999681895049007 -2.4523748171261027e-05 -0.025221183751216143 -0.03880630433559418 4.131347956261029e-05 0.9999997779152067 0.000665178723599769 -0.022153278812766075 0.025221161837299246 -0.0006660091018139471 0.9996816740480209 0.8945006132125854
0.9986822205404648 0.0006124469594183342 -0.05131712467673775 -0.06975477188825607 -0.0005768736568952383 0.9999995829664389 0.0007080139348577501 -0.02791133150458336 0.05131753689675613 -0.0006774774312637114 0.9986821573609793 0.7052841186523438
0.9998131720835547 -0.00017899570218272146 -0.019328447655193398 -0.031090838834643364 0.00019093216215931077 0.9999997922196164 0.0006157155464654535 -0.020843228325247765 0.019328333428684542 -0.0006192909359147733 0.9998129985180264 0.9167735576629639
0.9998701751089096 -0.00025855620196282587 -0.016111054477257962 -0.02731119655072689 0.0002701980665863787 0.9999997039878508 0.00072042849468025 -0.020443100482225418 0.016110863436934728 -0.0007246881408998126 0.9998699489965759 1.010265588760376
0.9999254388453394 -0.0003314275946402632 -0.012206838481146065 -0.022220918908715248 0.00033964595959887813 0.9999997170708105 0.0006711921638749265 -0.019896110519766808 0.012206612575870735 -0.0006752881223817863 0.999925268505289 1.0708074569702148
0.9999978538150661 -0.0002803708659780984 -0.002052743880625291 -0.0078074573539197445 0.00028109892839166815 0.9999998976928095 0.00035439774737929913 -0.018693283200263977 0.0020526443078114982 -0.00035497401088129937 0.999997830320045 1.0276598930358887
0.9999999100904153 -0.00023344589578995273 0.00035400872166785574 -0.0035231225192546844 0.0002333339118111034 0.9999999227423177 0.00031633944437287114 -0.018350720405578613 -0.0003540825424629277 -0.00031625681369108104 0.9999998873035841 0.9545896053314209
0.9999994598831227 -0.00018066494865752952 0.0010235202193443283 -0.0019365069456398487 0.00018043681671911683 0.9999999588617977 0.0002229774838231302 -0.018409237265586853 -0.0010235604614542131 -0.00022279268265900176 0.9999994513435507 0.9074878096580505
0.9998604108937555 -0.00011053093150075881 -0.016707678183511022 -0.026353145018219948 0.0001203746704998233 0.9999998197829489 0.0005881700508004646 -0.020803485065698624 0.016707610161518935 -0.0005900991299249106 0.9998602440069851 0.8714026808738708
0.9982776588492519 0.0006696763659384096 -0.058662316490416096 -0.07927503436803818 -0.0006211763162968111 0.9999994500587603 0.0008449983201477246 -0.029370345175266266 0.0586628501049933 -0.0008071033031056667 0.9982775258422967 0.703609049320221
0.9980648470353001 0.0007066206967629171 -0.062177663188591824 -0.08599238097667694 -0.0006439523314523 0.9999992643472377 0.0010279252784497035 -0.029503870755434036 0.06217834380069862 -0.0009858966346250719 0.9980645678361836 0.8305136561393738
0.9999915627055892 -0.0003384041096921832 -0.004093897933745889 -0.01010621152818203 0.00034027425916747747 0.9999998380812386 0.0004561259966378589 -0.018753835931420326 0.004093742915955207 -0.0004575151962550496 0.9999915159384019 1.015745759010315
0.9999985283406699 -0.0003129768755101145 -0.0016868200763016658 -0.007386517245322466 0.00031364288803619123 0.9999998729661467 0.0003945831085387648 -0.018488001078367233 0.0016866963666299722 -0.00039511158696718023 0.9999984994699745 1.0230522155761719
0.9999999585153644 -0.00022889257651321742 0.00017486411198724828 -0.0044025578536093235 0.00022883240063179935 0.9999999146251154 0.0003440719315458221 -0.018623296171426773 -0.0001749428525691623 -0.00034403190269759307 0.9999999255185212 1.0004620552062988
0.9999998539872617 -0.0002620603168800157 -0.000472599032953987 -0.005850788671523333 0.0002622457060356262 0.9999998886810127 0.0003922564875497661 -0.01877378486096859 0.00047249618548531573 -0.0003923803673423909 0.9999998113924834 1.0401151180267334
0.9999988884894989 -0.00022109162065715826 -0.001474495934838937 -0.006405286956578493 0.00022163498361726027 0.999999907596487 0.0003683543828773353 -0.018767258152365685 0.0014744143585228465 -0.00036868077332993235 0.9999988450877264 1.005829095840454
0.9999976453345014 -0.00030176750209088036 -0.002149014152488568 -0.006714723538607359 0.0003025260782399667 0.9999998920503322 0.0003526716546707618 -0.018289722502231598 0.002148907495658916 -0.00035332095707061873 0.9999976286776266 0.9381107091903687
0.9999523657726405 -0.0001848396984103125 -0.009758689460437186 -0.016882462427020073 0.0001893964392809476 0.9999998734772597 0.00046601979932321176 -0.019484184682369232 0.009758602086781892 -0.0004678458618659921 0.9999522742639078 0.8791453242301941
0.9999996372396593 -0.0002679692469860408 -0.0008085252208358373 -0.004336280282586813 0.0002681990364658562 0.9999999236744971 0.00028411314181603944 -0.018133489415049553 0.0008084490255400717 -0.0002843298844362458 0.9999996327832777 0.893792986869812
0.9999976023400454 -0.00024114209013547207 -0.002176502849107198 -0.005630702245980501 0.00024171113881289898 0.9999999366773171 0.0002611916663955291 -0.018300717696547508 0.002176439726980838 -0.0002617171251290174 0.9999975973042439 0.850057065486908
0.9999761201731651 -0.00022141732673258937 -0.006907246759105637 -0.012353457510471344 0.00022363538138687417 0.9999999236817907 0.00032034922964928634 -0.0187763012945652 0.0069071753010868835 -0.00032188628452846146 0.9999760933735266 0.8282475471496582
0.9999999641442067 -0.0002528140222203254 8.829867011423527e-05 -0.0030432967469096184 0.0002527888678421006 0.9999999275009438 0.00028477341005983726 -0.018184706568717957 -8.837065842388368e-05 -0.00028475107892821067 0.9999999555537237 0.900489330291748
0.9999995792238832 -0.00031097455630870087 -0.0008630451212235003 -0.004306253511458635 0.00031123893633443737 0.9999999046808675 0.0003062165571086253 -0.017995230853557587 0.0008629498134008071 -0.00030648504150554976 0.9999995806921812 0.8851159811019897
0.9999999367820185 -0.00024250181569539133 -0.0002600554328213024 -0.0027699717320501804 0.00024256047119169477 0.9999999451475744 0.0002255421595946776 -0.01792484149336815 0.00026000072417341354 -0.00022560522450467866 0.9999999407509512 0.826844334602356
0.9999998938794848 -0.00022349613019909822 0.0004028529491875408 -0.0014663697220385075 0.0002234424064531121 0.9999999661391944 0.00013339827884788604 -0.017929671332240105 -0.0004028827495457131 -0.00013330825025917878 0.9999999099571961 0.7698336839675903
0.9999998304512139 -0.00019496305530731053 -0.0005487139063969685 -0.0026268111541867256 0.00019505075355522527 0.9999999682133985 0.00015977611189934318 -0.01798761822283268 0.000548682738516277 -0.00015988311187042627 0.9999998366923084 0.7674809694290161
0.9999663854069073 -9.917004348013674e-05 -0.008198671937990792 -0.012937735766172409 0.00010027508040078172 0.9999999859446078 0.00013437147099262965 -0.01919352076947689 0.008198658497130624 -0.00013518907663807064 0.9999663812962717 0.72160804271698
0.9999959413580272 -0.00020390342290291585 -0.002841776005881837 -0.005724302027374506 0.00020441904701774802 0.9999999626978512 0.00018115504391555827 -0.01815326139330864 0.002841738961743954 -0.00018173522181505366 0.999995945737773 0.7488733530044556
0.9999996885954366 -0.00022837536154352904 0.0007554162588061104 -0.0014274758286774158 0.0002281967806999715 0.9999999460021136 0.00023647832728923465 -0.01787334680557251 -0.0007554702238387209 -0.0002363058700904564 0.9999996867120893 0.8347399234771729
0.9999989380541774 -0.0002500239335310903 0.0014357501697485019 -0.00038052676245570183 0.0002497188707947299 0.999999946209904 0.0002126515335979971 -0.017927294597029686 -0.001435803260492264 -0.0002122927738624564 0.9999989466998329 0.8312180042266846
0.9999946034689792 -0.000217213754736415 0.0032780865003998764 0.002322946675121784 0.00021703902704973084 0.9999999750074733 5.365737474723228e-05 -0.017340177670121193 -0.0032780980735920492 -5.294561247891331e-05 0.9999946256204492 0.7505587935447693
0.9999994141576969 -0.00022023248759647478 0.0010598027714527564 -0.0005638701841235161 0.00022012362592932822 0.9999999704853428 0.00010283434590646008 -0.017603276297450066 -0.0010598253876368503 -0.0001026009980329279 0.9999994331214308 0.7626984119415283
0.9999996394673518 -0.0002443598572595839 0.0008132363903312317 -0.0009052217938005924 0.0002444215869586238 0.9999999672556399 -7.58076977592189e-05 -0.01766401343047619 -0.0008132178393441228 7.600644295716614e-05 0.9999996664498276 0.6955284476280212
0.999999388314192 -0.00023559505374574802 -0.0010806785889701145 -0.0032805525697767735 0.00023571503868591805 0.9999999660696514 0.00011090138332679634 -0.0177767276763916 0.001080652424484948 -0.00011115604768540019 0.9999994099171613 0.7405325174331665
0.9999915212775846 -0.00020301309411263025 0.004112925798705766 0.0029642560984939337 0.00020305287618759587 0.9999999793419381 -9.254881248239246e-06 -0.016936136409640312 -0.004112923834878613 1.0089944191643527e-05 0.9999915418420905 0.7414143681526184
0.9999988087273026 -0.00022357134031655656 0.0015272720226360476 -0.00021149730309844017 0.0002232699685894278 0.9999999555732277 0.0001974944643278814 -0.017863858491182327 -0.0015273161088863764 -0.00019715323508159673 0.9999988142173496 0.818999707698822
0.9999993975749977 -0.00020981976702869236 0.001077416032380463 -0.0010899114422500134 0.00020959183456625589 0.999999955634957 0.0002116632853801677 -0.01793709024786949 -0.0010774603957220818 -0.00021143734026609484 0.9999993971864916 0.8431565761566162
0.9999948050349603 -0.00023148612762331357 0.0032150143489791264 0.0017853088211268187 0.00023099077852896624 0.999999961395132 0.00015444414642583516 -0.017478596419095993 -0.0032150499765413124 -0.00015370070542644143 0.9999948199014539 0.8132658004760742
0.9999721359864009 -0.00024004506173064169 0.007461208291109841 0.0069511448964476585 0.00024007787353068973 0.9999999711751749 -3.5020046556281157e-06 -0.01662871055305004 -0.0074612072354028934 5.29317809622197e-06 0.9999721647918869 0.7605224847793579
0.9999843431597816 -0.0002726774824652673 0.00558919334885855 0.00466274144127965 0.00027211687480227227 0.9999999578694094 0.00010106228754396931 -0.017056452110409737 -0.005589220670792673 -9.953979140112407e-05 0.999984375229995 0.7927404642105103
0.9999898981295787 -0.00017032391719123014 0.004491617588182665 0.003918149974197149 0.0001702553454083789 0.9999999853841136 1.5648970437507605e-05 -0.017188068479299545 -0.004491620187927636 -1.4884090449717625e-05 0.9999899125123971 0.7551419734954834
0.9999953858424591 -0.00023097105400276275 0.0030290173594897133 0.0019463023636490107 0.00023053093559939286 0.9999999628209195 0.000145649057028745 -0.017583971843123436 -0.003029050887589849 -0.0001449501027752202 0.9999954019095231 0.7819111347198486
0.9999986495666107 -0.00022207217690477652 0.0016283577319190694 -0.0008438099175691605 0.0002216531069135549 0.9999999422732229 0.000257533397758228 -0.01810791715979576 -0.0016284148289214915 -0.0002571721194260822 0.9999986410628996 0.8792793154716492
0.9999878222449698 -0.00015196835427207537 0.004932774815683198 0.004604965448379517 0.0001522192713535973 0.999999987139929 -5.049193530109601e-05 -0.01754925772547722 -0.004932767079071052 5.124218381087158e-05 0.9999878325175674 0.7491936683654785
0.9999777129422616 -0.0003242092944540032 0.0066684711214073066 0.006039709318429232 0.0003233795368047722 0.9999999398367283 0.0001255078273429956 -0.0167902372777462 -0.006668511411014419 -0.0001233485830403643 0.9999777576229822 0.782865583896637
0.9999874724747235 -0.0002867418699508914 0.004997266524228637 0.0035384148359298706 0.00028600023812803884 0.9999999479833226 0.0001491214805318919 -0.01737091690301895 -0.0049973090236596135 -0.0001476903929928566 0.9999875024669408 0.8284838199615479
0.9999980906609861 -0.00025951980956465164 0.0019368334596890527 -0.00022140657529234886 0.000259008043393014 0.9999999314840524 0.0002644744296375502 -0.017879948019981384 -0.001936901963338687 -0.00026397226922143135 0.9999980893628875 0.855032205581665
0.999999841609473 -0.00027482813874073853 0.0004911726000699521 -0.0032093292102217674 0.0002746526488975381 0.9999998984444255 0.00035731927070786274 -0.018293090164661407 -0.0004912707515787413 -0.00035718431225620004 0.9999998155361909 0.9424891471862793
0.999999967511434 -0.0002477103160836679 -6.0139255638259464e-05 -0.004427299369126558 0.00024773401045870123 0.999999891575871 0.0003943045858180371 -0.018341559916734695 6.004157580412682e-05 -0.00039431947154663184 0.9999999204535787 0.9743360280990601
0.9999999561657174 -0.0002492323072248856 0.00015984936788044713 -0.004530558828264475 0.0002491712306548312 0.9999998959969636 0.00038199445008447157 -0.018531979992985725 -0.00015994455661376915 -0.0003819546034763047 0.9999999142642062 0.9976345300674438
0.9999999767334077 -0.00020173410662338353 7.639721447033511e-05 -0.0047758654691278934 0.0002017054244264425 0.9999999092485843 0.0003752569053977485 -0.01876230537891388 -7.647290965374442e-05 -0.00037524148693422933 0.9999999266728576 1.0189599990844727
0.9999998251832347 -0.00024789236598493907 0.0005368266718956392 -0.0035760896280407906 0.0002476962891035388 0.9999999026058136 0.00036528743792949844 -0.018406793475151062 -0.0005369171715790949 -0.00036515440409660966 0.9999997891910841 0.9714539051055908
0.999999941406473 -0.0002513938350672038 0.00023235358944088147 -0.00431580888107419 0.00025130565205227465 0.9999998964231974 0.00037947208586789873 -0.01854449324309826 -0.00023244896231740684 -0.00037941367186298966 0.9999999010063679 0.9943349361419678
0.9999999689648393 -0.00024412779217887037 -4.9718615787901994e-05 -0.004270207602530718 0.0002441459195168628 0.9999999036132655 0.0003649194829297747 -0.018483804538846016 4.962952400799629e-05 -0.0003649316102016087 0.9999999321809125 0.9744599461555481
0.999999919027162 -0.00026285819559793133 -0.0003047150112867294 -0.004384119529277086 0.00026297234275653896 0.9999998952513907 0.0003746234835598461 -0.018160082399845123 0.0003046165065153386 -0.0003747035848459107 0.9999998834029968 0.945559024810791
0.9999999618996256 -0.00024600036325709494 -0.00012523804721152187 -0.004670105408877134 0.0002460478746917945 0.999999897721965 0.00037949506300572757 -0.018439924344420433 0.0001251446784790668 -0.0003795258631021706 0.999999920149461 0.9835830926895142
0.9999999343275421 -0.00021370722973176559 -0.00029270143828141043 -0.0049536158330738544 0.00021381776633645639 0.9999999058260676 0.0003776636324433783 -0.01860419660806656 0.000292620701267905 -0.00037772619240901596 0.9999998858480181 0.9976621270179749
0.9999999701511092 -0.00024244394640615517 -3.0310284515556144e-05 -0.0037664384581148624 0.00024245471009326107 0.9999999073754946 0.0003556187783995131 -0.01821332983672619 3.022406408802972e-05 -0.0003556261166559321 0.9999999363082833 0.9346115589141846
0.9999999391624569 -0.0002580758443180813 0.0002346741178729536 -0.0036908616311848164 0.0002579891685922832 0.9999998985294148 0.00036930035107335624 -0.018221627920866013 -0.00023476940156034372 -0.0003692397852254699 0.9999999042726502 0.9461725950241089
0.9999999644297903 -0.0002462381585807039 -0.00010250457567987787 -0.0050957114435732365 0.0002462778584744168 0.9999998946084745 0.00038746645902920624 -0.018570544198155403 0.0001024091558493811 -0.0003874916898543252 0.9999999196812747 1.0105857849121094
0.9999999568231513 -0.0002203596139959211 -0.00019441022667878526 -0.0051651992835104465 0.00022043531608410193 0.9999998998653278 0.00038945809286761624 -0.01863757148385048 0.000194324386376569 -0.000389500930931811 0.9999999052635244 1.014806866645813
0.9999998436459323 -0.00023632612145832823 0.0005068116762153456 -0.0036339303478598595 0.00023613995504802537 0.9999999046433884 0.000367356959645291 -0.018409794196486473 -0.0005068984439329651 -0.0003672372237210968 0.9999998040953754 0.9760000705718994
0.999999966685826 -0.0002273307627616025 -0.00012226639502034366 -0.005062432494014502 0.00022737901007251275 0.9999998962399185 0.00039473907623416673 -0.01863645762205124 0.0001221766459986804 -0.00039476686389562524 0.9999999146159916 1.010909080505371
0.9999999059867024 -0.00023252702320429212 0.00036600241711764623 -0.0035999054089188576 0.00023239997559442572 0.999999912746688 0.00034712658676445425 -0.018435871228575706 -0.0003660831014946186 -0.0003470414951771336 0.9999998727726733 0.9634391069412231
0.9999998652614059 -0.0002568796994706051 0.00045109864780967833 -0.0037095039151608944 0.00025671461716267736 0.9999999000796213 0.00036597589147956453 -0.01840190775692463 -0.00045119261451274733 -0.0003658600385518124 0.9999998312858143 0.9723952412605286
0.9999993791816408 -0.00021666850941176417 0.001093019254294836 -0.001961194910109043 0.0002163493812411103 0.9999999339413459 0.0002920791836348666 -0.018230758607387543 -0.0010930824664528032 -0.00029184252826739565 0.9999993599991255 0.9112484455108643
0.9999989890795782 -0.000267906333279757 0.001396447642621 -0.001416688784956932 0.0002674817166179986 0.9999999179436275 0.00030424705380929307 -0.018053557723760605 -0.001396529037746169 -0.0003038732220271176 0.9999989786833344 0.8961946964263916
0.9999998387488302 -0.00025172741761239484 0.0005090536517183585 -0.003293524496257305 0.0002515501613354046 0.9999999077251795 0.00034824150862564367 -0.018321415409445763 -0.0005091412666811961 -0.000348113399943075 0.9999998097960975 0.9473829865455627
0.9999985680501293 -0.00019317013494814724 0.0016812444764166602 -0.0006320751272141933 0.00019279998597549616 0.9999999571429764 0.00022032296853015404 -0.018167223781347275 -0.0016812869641810893 -0.00021999850912723327 0.9999985624363665 0.8738523721694946
0.9999981210764314 -0.00027378967124166244 0.0019190838499565785 -0.0001957342028617859 0.000273304368633495 0.999999930612397 0.00025314012651869977 -0.017975129187107086 -0.0019191530239479676 -0.00025261515688778275 0.9999981265168718 0.8558743000030518
0.9999996728151179 -0.00026413077829142817 0.0007645943949657516 -0.003154667094349861 0.00026386185345841505 0.9999999033062306 0.00035180172205413437 -0.01836901530623436 -0.0007646872426968879 -0.0003515998596557299 0.9999996458154169 0.9605480432510376
0.9999999492142247 -0.00024293207502545225 0.00020628997667094352 -0.004090959671884775 0.00024285672822309829 0.9999999038271291 0.0003651935676267111 -0.018549544736742973 -0.00020637867406261373 -0.0003651434501712732 0.9999999120390478 0.9774658679962158
0.9999999671349505 -0.0002256163525747575 0.00012176764226797482 -0.0038321116007864475 0.0002255756320209896 0.9999999186721678 0.00033432213743399383 -0.01841759867966175 -0.00012184306090610933 -0.000334294658633616 0.9999999367006726 0.9515575170516968
0.9999999620380842 -0.0002542431226748296 0.00010622741806458055 -0.0039506577886641026 0.00025420413667019644 0.999999900397888 0.00036685756151476817 -0.01833922043442726 -0.00010632067849612177 -0.0003668305441390526 0.9999999270656297 0.955536961555481
0.9999998975173884 -0.00024691232879545837 -0.0003794726804467431 -0.004778440576046705 0.00024705929305156847 0.9999998944850804 0.0003872874052223326 -0.01840696856379509 0.0003793770143715771 -0.0003873811177842714 0.9999998530044648 0.9722416996955872
0.9999998476830129 -0.0002603953957778703 -0.00048664996505357435 -0.005328851286321878 0.00026059377926828016 0.9999998829633638 0.0004076323591842137 -0.018505819141864777 0.000486543762508198 -0.000407759115048455 0.999999798503815 0.9995505809783936
0.999999876585778 -0.00024282899859782956 -0.00043343108551240723 -0.004781349096447229 0.00024299405418742005 0.999999897972779 0.00038079958118634007 -0.01840302161872387 0.00043333857210967215 -0.00038090485536693564 0.9999998335645726 0.9653720259666443
0.9999999566966641 -0.00021403107046749555 -0.00020198359170309435 -0.004096657503396273 0.0002140999353657216 0.9999999189458958 0.00034098301996005173 -0.01836956851184368 0.0002019105943707219 -0.000341026249868278 0.9999999214666015 0.9442879557609558
0.999999894483338 -0.0002644597645509446 -0.0003756252729857023 -0.005009801592677832 0.00026460755489283154 0.9999998875874638 0.0003934563529209254 -0.018467450514435768 0.0003755211773862581 -0.00039355570468976506 0.9999998520488654 0.9822020530700684
0.9999999018591511 -0.00020673945797938852 -0.0003918424231864829 -0.005622541066259146 0.00020689775688787187 0.9999998969932316 0.00040398866880730834 -0.0187347624450922 0.00039175886242564216 -0.0004040697004779282 0.9999998416263228 1.0313578844070435
0.999999937898555 -0.00022555121365772885 -0.00027079426811745205 -0.005187757778912783 0.0002256590004933381 0.9999998953071386 0.00039807502651577684 -0.01868523843586445 0.00027070445346186786 -0.00039813610895862527 0.9999998841033618 1.0160300731658936
0.9999999607045604 -0.0002422767420234879 -0.00014104204469984107 -0.004227976780384779 0.00024232917064643256 0.9999999015113566 0.0003718250265911377 -0.018298998475074768 0.0001409519462527561 -0.0003718591905818282 0.9999999209266427 0.9523842334747314
0.9999998844416188 -0.00023216373494337988 -0.00042097119705252953 -0.005259859841316938 0.0002323294096234966 0.9999998955717794 0.0003935472975633055 -0.018524305894970894 0.0004208797856807774 -0.00039364505607529667 0.9999998339518739 1.0011000633239746
0.9999996962985737 -0.00019390586590638275 0.0007548531487144342 -0.002269949298352003 0.0001937059715574776 0.9999999461592599 0.0002648763378548273 -0.018223075196146965 -0.0007549044691482316 -0.00026473003784895067 0.9999996800185739 0.8963202834129333
0.9999989253397286 -0.0002339804015043065 0.0014472638183013165 -9.661121293902397e-05 0.00023369413582055617 0.9999999530986904 0.00019796380448646486 -0.017746753990650177 -0.001447310070073205 -0.00019762537467530672 0.9999989331183171 0.7997949719429016
0.999999232448074 -0.00024458046653908 0.0012146125548028587 -0.0012773838825523853 0.00024425272088525425 0.99999993372663 0.0002699765616646037 -0.01802666485309601 -0.0012146785052997982 -0.00026967968202224184 0.9999992259141993 0.8667923212051392
0.9999996931429518 -0.00023048309817680452 0.0007487266149947954 -0.0018230355344712734 0.00023028137434225675 0.9999999371707674 0.0002694975881628068 -0.01803549751639366 -0.0007487886825919476 -0.0002693250876716648 0.9999996833897029 0.8672370910644531
0.9999999434396921 -0.000276004540002292 0.00019220329465400302 -0.0031553427688777447 0.00027594226287905077 0.999999909450261 0.0003239681119597463 -0.017993655055761337 -0.0001922926939197617 -0.0003239150566239505 0.9999999290512754 0.899019718170166
0.9999999656491707 -0.0002545856121931811 -6.23524143952153e-05 -0.004601670894771814 0.00025461033423818916 0.9999998888606739 0.0003968024918565896 -0.018413109704852104 6.22513872601009e-05 -0.0003968183537951646 0.9999999193299762 0.9848617911338806
0.9999999550185951 -0.0002205757073422245 0.00020324656332622556 -0.0044234502129256725 0.00022049783078579205 0.9999999023053435 0.0003831057430560251 -0.01856820657849312 -0.00020333104729038378 -0.0003830609103970623 0.9999999059604079 1.0018291473388672
0.9999999682461147 -0.00025038467371551256 2.855318661590216e-05 -0.004587686154991388 0.0002503736479863319 0.999999894351747 0.0003854990674574304 -0.01853528805077076 -2.8649706657530844e-05 -0.0003854919062508426 0.9999999252875894 0.9929947257041931
0.9999999705434189 -0.00021641083316213908 0.00010990683745350898 -0.00468165660277009 0.00021636885491646852 0.9999999037019497 0.0003818122710854765 -0.018657730892300606 -0.00010998945518139192 -0.00038178847942202496 0.9999999210699354 1.0092065334320068
0.9999997691884492 -0.0002233649641450896 0.000641662794044727 -0.0031818924471735954 0.00022314859131228277 0.9999999182307848 0.0003372582541949832 -0.018465111032128334 -0.0006417380732543197 -0.00033711499020329394 0.99999973726283 0.9586350917816162
0.9999996604497041 -0.0002693513728553778 0.0007788134015884802 -0.0033065523020923138 0.00026907526438398716 0.9999999009259716 0.0003546075988001716 -0.01836848258972168 -0.0007789088384718609 -0.0003543979189711183 0.9999996338515011 0.9633586406707764
0.9999999444231726 -0.00019304527392178028 0.00027182195286206697 -0.0035178526304662228 0.00019295913692090252 0.9999999311775007 0.0003168781556060497 -0.01848883368074894 -0.0002718831059849496 -0.0003168256874655467 0.9999999128505266 0.9506559371948242
0.9999999058435048 -0.00021672071389381006 0.0003759589249785131 -0.003137584775686264 0.00021659911209407452 0.9999999242308587 0.0003234549444819039 -0.018224284052848816 -0.0003760289958789089 -0.0003233734816571858 0.9999998770158851 0.9228075742721558
0.9999995961081224 -0.00025513487508410957 0.0008617945161054056 -0.002026946283876896 0.00025487809279495195 0.9999999230989922 0.0002980590006314484 -0.018068883568048477 -0.0008618704950784324 -0.00029783922770519286 0.9999995842354359 0.887370228767395
0.9999999720512625 -0.00023614685955479 1.1494984454055258e-05 -0.0039855134673416615 0.00023614267039837457 0.9999999062045242 0.00036308068223686395 -0.018317731097340584 -1.158072373875297e-05 -0.00036307795763289215 0.9999999340201394 0.9538885354995728
0.9999999110497554 -0.0002582963147900653 0.00033344189231798255 -0.0031394329853355885 0.00025818090258550503 0.999999906771591 0.0003461205442962922 -0.018138417974114418 -0.00033353126289279025 -0.00034603442518006656 0.9999998845085302 0.9195138216018677
0.9999995597276673 -0.00023676913446627328 0.0009080114801148186 -0.0019179889932274818 0.00023650457116362815 0.9999999295577718 0.00029146189923226864 -0.018103301525115967 -0.000908080425334078 -0.0002912470220439422 0.999999545282453 0.8901742100715637
0.9999984795361784 -0.00022981652366802296 0.0017286149648114795 -3.962591290473938e-05 0.00022945467858393194 0.9999999517255393 0.00020952200156342568 -0.01775672845542431 -0.0017286630329815557 -0.00020912504420165628 0.9999984839942679 0.8240175247192383
0.9999990938948523 -0.0002486305958500775 0.0013230239230394188 -0.0012728185392916203 0.00024825606160164715 0.9999999290702435 0.00028324624573471114 -0.018093211576342583 -0.0013230942528805033 -0.0002829175403752913 0.9999990846892126 0.8845084309577942
0.9999991309775572 -0.00026934227597408977 0.0012905420832462426 -0.0013964800164103508 0.0002689377264517052 0.9999999146525265 0.0003136358378982155 -0.018003446981310844 -0.001290626448492143 -0.00031328848988787506 0.9999991180664572 0.8856217861175537
0.9999987985157109 -0.00023608960023453252 0.001532066850894319 -0.0005926722660660744 0.00023570092788612165 0.9999999399982816 0.0002538671033603235 -0.017977939918637276 -0.0015321266943506202 -0.00025350568876464786 0.9999987941606023 0.853440523147583
0.9999996355556029 -0.0002905333654188322 0.0008027945097372295 -0.0021731555461883545 0.000290275639128195 0.9999999063064005 0.00032113430737713274 -0.018001839518547058 -0.0008028877347515961 -0.00032090115865213116 0.9999996261967959 0.8894848823547363
0.99999993674595 -0.0002361091316494827 -0.00026600859602495257 -0.005170448217540979 0.00023620997841874734 0.9999999002275849 0.000379143331126349 -0.018662722781300545 0.0002659190502819497 -0.0003792061410287242 0.9999998927448746 1.009537935256958
0.9999993063707343 -0.00015519471736646055 0.0011675498487763623 -0.0013144835829734802 0.00015494276696707712 0.9999999646939612 0.00021588148306862833 -0.0180874802172184 -0.001167583311220552 -0.00021570042992277242 0.9999992951110193 0.8735315203666687
0.9999856870380937 -0.00030411180740980544 0.005341650958279345 0.004125330597162247 0.00030323937711241304 0.9999999405527709 0.0001641351109027885 -0.017147421836853027 -0.005341700556158234 -0.00016251296273385815 0.9999857198103905 0.8117143511772156
0.9999829791487564 -0.00027755636769941945 0.005827896296255141 0.004475311376154423 0.00027676064403459527 0.9999999522702132 0.00013734306140356098 -0.017285551875829697 -0.0058279341385321475 -0.0001357277913754251 0.9999830082364615 0.8319356441497803
0.9999928546553895 -0.0002852037047923363 0.0037695221197550782 0.002054014476016164 0.00028451839040788526 0.9999999429008763 0.00018233904980017123 -0.017687365412712097 -0.003769573908291201 -0.00018126524855870485 0.9999928787023731 0.8408039808273315
0.9999996436981934 -0.0002575973157192382 0.0008038949617342712 -0.0026311599649488926 0.00025732155241910224 0.9999999080276275 0.0003431185734000508 -0.018216680735349655 -0.0008039832742216254 -0.0003429115916467478 0.9999996180111947 0.9325884580612183
0.9999988438059706 -0.00026156477264098525 0.0014979888489938236 -0.0011469265446066856 0.0002610982228227725 0.9999999173547689 0.0003116378881268006 -0.01804294064640999 -0.0014980702386855433 -0.0003112464055866544 0.9999988294549323 0.8915866613388062
0.9999989315808104 -0.00028251952652704203 0.001434231485775822 -0.0012554298155009747 0.00028208695433291675 0.9999999146721856 0.0003017988928283795 -0.01801188848912716 -0.0014343166274762922 -0.0003013939923890202 0.99999892594816 0.8872464895248413
0.9999972965702804 -0.00026287653361575027 0.002310356695197045 -3.071501851081848e-05 0.0002622332312651301 0.9999999267684834 0.00027874138665366047 -0.017900658771395683 -0.0023104298005756185 -0.00027813478079435515 0.9999972922739244 0.8787850141525269
0.999981250540929 -0.0001764969750581195 0.0061210632587484015 0.005495300050824881 0.0001766179807517375 0.9999999842181826 -1.922819328676019e-05 -0.01721113733947277 -0.006121059768428948 2.030892260135094e-05 0.9999812659319468 0.7828369140625
0.9999521974768745 -0.0002658145765006019 0.009774052577144102 0.009837829507887363 0.00026631158507713635 0.9999999633115507 -4.95483280177259e-05 -0.0162429828196764 -0.00977403904788144 5.214890291707651e-05 0.9999522315796803 0.7250243425369263
0.9999992911522473 -0.00025647552862375565 0.0011627189283446577 -0.001653490588068962 0.00025611862096796325 0.9999999200470211 0.0003070980356595113 -0.018069999292492867 -0.001162797598512851 -0.0003068000240052579 0.9999992768874837 0.890842616558075
0.9999992739519836 -0.00022481593461374526 0.0011838721642378662 -0.0006077652797102928 0.00022456914798765187 0.9999999530302961 0.0002085859622342799 -0.017835626378655434 -0.001183919002079788 -0.00020831994962760658 0.9999992774690366 0.8165187835693359
0.9999954601325182 -0.00019980240569274248 0.003006624910376401 0.001941049238666892 0.00019947394650513927 0.9999999741050594 0.00010954462523020879 -0.017439881339669228 -0.0030066467197996795 -0.00010894438457559348 0.9999954740930697 0.7728453874588013
0.9999878187672525 -0.00010204438967803584 0.004934764842945297 0.004878112114965916 0.00010254640991362944 0.9999999895931817 -0.00010147842334986944 -0.017263086512684822 -0.00493475443628632 0.00010198322963598779 0.9999878188248468 0.7254346609115601
0.9999027539129867 -0.00026045628409336906 0.013943273638183958 0.015963371843099594 0.00026723744159001887 0.9999998469325885 -0.0004844780174163443 -0.01603120192885399 -0.013943145318579013 0.0004881570685993644 0.9999026704641314 0.6064460277557373
0.9999102308717962 -0.0002534647503089533 0.013396490343792235 0.015458233654499054 0.00026023771585900334 0.9999998392123859 -0.0005038368123253824 -0.016153357923030853 -0.013396360484930682 0.0005072778553815787 0.9999101360597037 0.59540194272995
0.999930751584843 1.2909829240123983e-05 -0.011768256808366944 -0.016008779406547546 -1.3305690914512758e-05 0.9999999993483496 -3.3559794897769306e-05 -0.020193735137581825 0.011768256367446932 3.371405572285437e-05 0.9999307511050117 0.6331063508987427
0.9999690562836617 -6.918507099642312e-05 -0.007866491504423067 -0.011653721332550049 6.867195398224835e-05 0.9999999954970691 -6.54982806266153e-05 -0.019514646381139755 0.007866496000503995 6.495604652380544e-05 0.999969056531944 0.6649295091629028
0.9999690249554414 -0.00024779326593999914 0.007866875374700077 0.007734295912086964 0.0002478510306028052 0.9999999692646581 -6.3678499676200585e-06 -0.016528096050024033 -0.007866873554998632 8.317465892426812e-06 0.9999690556368679 0.729584276676178
