0.9999995291573122 0.00018910492319770583 0.0009518006525985837 -0.0009883185848593712 -0.00018915976757609968 0.9999999804543247 5.753201569507634e-05 -0.016737651079893112 -0.0009517897544075876 -5.771203099677176e-05 0.9999995453826892 0.8246399164199829
0.9999947330887252 9.359204211294763e-05 0.003244231085972997 0.002238107845187187 -9.386033154572772e-05 0.9999999921882614 8.254523267964717e-05 -0.015009467490017414 -0.0032442233350530184 -8.284930252657087e-05 0.9999947340616078 0.7560927271842957
0.9999972877129768 6.933214096304523e-05 0.0023280377453382736 0.000669870525598526 -6.959577569628092e-05 0.9999999911753376 0.00011316250429214966 -0.016011914238333702 -0.0023280298789954273 -0.00011332421895569482 0.9999972837135626 0.7964198589324951
0.9999984195658277 0.00013292095127266927 0.0017729066155669924 0.00032141804695129395 -0.00013316982537194883 0.9999999812966043 0.00014025900576295289 -0.01551935076713562 -0.0017728879390471479 -0.00014049488175722302 0.9999984185635213 0.7741708159446716
0.999999617765092 0.00015020300196789794 0.0008613412379068362 -0.0007009981200098991 -0.00015032871577513193 0.9999999780589348 0.00014588833836674502 -0.015411529690027237 -0.0008613193061417172 -0.00014601776692526813 0.9999996184038595 0.7695057988166809
0.9999999680354902 0.00016619256796894958 -0.00019054933457271495 -0.00240514799952507 -0.00016617531744946433 0.9999999820938895 9.054272151642162e-05 -0.01690301112830639 0.00019056437868811721 -9.05110540261055e-05 0.9999999777464831 0.8273729085922241
0.9999999713097191 0.00022716848834539746 7.599367712140914e-05 -0.00181480310857296 -0.00022718528121435776 0.9999999497637311 0.0002210415877257674 -0.017066584900021553 -7.59434596204252e-05 -0.00022105884602892953 0.9999999726827884 0.8156518340110779
0.9999979486312454 0.0002389736574309858 0.002011373881720202 0.0016777850687503815 -0.00023936245587188908 0.9999999527164481 0.00019306143094167534 -0.012673046439886093 -0.00201132765001904 -0.0001935424822934933 0.9999979585491121 0.6354057192802429
0.9999987498764121 0.0002050157717698491 0.0015678693013850113 0.001086725853383541 -0.0002053303987946435 0.9999999588169042 0.0002005133841998394 -0.013108761981129646 -0.0015678281284090877 -0.00020083506476223942 0.999998750789338 0.66562819480896
0.9999987339700112 0.0001891874857661511 0.0015799577432263367 0.000628509558737278 -0.00018950156179415104 0.9999999623155988 0.00019864027636335484 -0.014125218614935875 -0.0015799201034321178 -0.00019893942933871812 0.9999987321369815 0.7135065793991089
0.9999981787908265 0.00016428533992784378 0.0019014271895702055 0.000993749126791954 -0.0001646990976926304 0.9999999627950137 0.00021744925484437578 -0.01417624019086361 -0.001901391395102884 -0.00021776202216624853 0.9999981686435552 0.7157821655273438
0.9999983062310575 0.0001685196187499756 0.0018327946297092257 0.0009615207090973854 -0.0001689235595347427 0.9999999614788088 0.0002202435299195517 -0.01398974098265171 -0.0018327574437520988 -0.0002205527590706475 0.9999982961768651 0.705852746963501
0.9999954620871121 0.00020910617920102907 0.003005341875599154 0.002363462932407856 -0.00020956732526406427 0.9999999663166695 0.00015312803907534852 -0.012247569859027863 -0.0030053097543500497 -0.0001537571656520199 0.999995472225757 0.6691162586212158
0.9999943534623338 0.00019770490087739679 0.003354691672997713 0.002635003998875618 -0.0001982486822373065 0.9999999672649301 0.00016176402067287794 -0.01239925716072321 -0.0033546595816419745 -0.00016242817046972647 0.999994359922185 0.6758570671081543
0.9999934250893124 0.0001111520086618215 0.0036245583698112207 0.0031509744003415108 -0.00011170224901859628 0.9999999822689841 0.000151606855025079 -0.013578420504927635 -0.0036245414541376565 -0.0001520107295451547 0.9999934197743428 0.7072396278381348
0.9999990117055891 -7.176905404012853e-05 0.0014040787185905959 -0.0014945007860660553 7.1779113517104e-05 0.9999999973985745 -7.114077471843635e-06 -0.017316006124019623 -0.001404078204367379 7.214853966769294e-06 0.9999990142556852 0.8511675596237183
0.9999999866710964 0.00013388419056801942 -9.344961710137859e-05 -0.002679193392395973 -0.00013388140355985508 0.9999999905929925 2.982926301390998e-05 -0.017851533368229866 9.345360988903118e-05 -2.9816751450418936e-05 0.9999999951886922 0.8718788027763367
0.9999998580065197 0.00019518785028136917 0.0004958715995729681 -0.0013501113280653954 -0.00019531840592106037 0.9999999462749746 0.0002632503904954892 -0.017293553799390793 -0.0004958201896544473 -0.00026334720596602027 0.9999998424052818 0.8249249458312988
0.9999948769832468 0.00010452160297215369 0.003199231547622028 0.002518225461244583 -0.00010515557770299196 0.9999999748697214 0.0001979971234591773 -0.014010615646839142 -0.00319921077224772 -0.00019833252615819263 0.9999948628441266 0.714613139629364
0.9999969957099375 9.936782441515261e-05 0.0024492237820693753 0.0010737711563706398 -9.969208264196655e-05 0.9999999862829999 0.00013227051291959995 -0.015621691942214966 -0.0024492106050402695 -0.00013251428376030315 0.999996991899164 0.7830458879470825
0.9999992590263479 8.225578354533241e-05 0.0012145701878399535 -0.0011833282187581062 -8.231879409726678e-05 0.999999995268686 5.1828989123114075e-05 -0.017589669674634933 -0.0012145659188593301 -5.192893267240819e-05 0.9999992610662343 0.8635886907577515
0.9999911885506921 4.402484851276137e-05 0.004197723524323328 0.0031075840815901756 -4.443530421146667e-05 0.9999999942413443 9.768733229395032e-05 -0.015456611290574074 -0.004197719199480079 -9.787299864877273e-05 0.9999911847483449 0.7705550193786621
0.9999327870637397 -0.0002789789513037285 0.011590665454854755 0.012322278693318367 0.0002786717414536494 0.9999999607756629 2.8119977630277252e-05 -0.011530543677508831 -0.011590672845100455 -2.488809667710212e-05 0.9999328255855892 0.6232119798660278
0.9996453308425965 -0.0004614314126518541 0.026627046506273053 0.026375655084848404 0.00045870071191083316 0.9999998888931548 0.00010866156211296575 -0.005125448573380709 -0.026627093687684025 -9.640917801977869e-05 0.9996454314340749 0.4691532552242279
0.9998512228711297 -0.0006841737204740178 0.017235545521587046 0.018429309129714966 0.0006829513188195168 0.9999997638388973 7.680915083278976e-05 -0.011371467262506485 -0.0172355940020241 -6.502668484331621e-05 0.9998514540025071 0.631941556930542
0.9999967455003457 2.3249854591107092e-05 0.0025511660394253875 0.0005403598770499229 -2.322907678793069e-05 0.9999999996967971 -8.174064262023703e-06 -0.0165933296084404 -0.002551166228697673 8.114776427705816e-06 0.9999967457372166 0.829806923866272
0.9999999574128976 0.00014131128965429824 -0.0002553533282834702 -0.003170950338244438 -0.00014129141144254782 0.9999999869871017 7.786227109871026e-05 -0.01911495253443718 0.00025536432777852774 -7.782618855061202e-05 0.9999999643660715 0.9137726426124573
0.9999998678099825 0.00016748076469858146 0.0004861380573301989 -0.0018879091367125511 -0.0001675104249440593 0.9999999841113419 6.097190472853543e-05 -0.017922675237059593 -0.0004861278379848885 -6.105332986122315e-05 0.9999998799761007 0.8699353933334351
0.9999849678381957 -0.0001180336873617631 0.005481803142344709 0.004198453854769468 0.00011817518551960672 0.9999999926924825 -2.5488436603562823e-05 -0.015059037134051323 -0.005481800093792179 2.6135866560588206e-05 0.999984974479441 0.7529489994049072
0.9999993355180081 0.00012091986338959635 0.0011464475257254923 -0.0010100370272994041 -0.00012100289253853702 0.999999990061607 7.235389722198256e-05 -0.017252186313271523 -0.0011464387653082782 -7.249257261087722e-05 0.9999993402112748 0.8464552164077759
0.9999283060497222 -0.0004979819349424775 0.011963894621976483 0.011491835117340088 0.0005001736376513188 0.9999998586768373 -0.0001802016591950934 -0.014697587117552757 -0.01196380319403013 0.0001861727645198501 0.9999284138141272 0.7305620908737183
0.9999996939272141 0.0001396587046552953 0.0007698317507002767 -0.001318126916885376 -0.00013975148048603716 0.9999999829792211 0.000120461949812389 -0.01706402190029621 -0.0007698149140372696 -0.00012056949806914993 0.9999996964239511 0.8356908559799194
0.9999994858981477 0.0001604641982557067 0.0010012265884048863 -0.0005166139453649521 -0.0001606390557027474 0.9999999718610318 0.0001745652577804884 -0.015666570514440536 -0.0010011985487572703 -0.00017472600412987187 0.9999994835360113 0.7771503329277039
0.9999989312549938 0.0001522497457840216 0.001454066327685432 -0.00012661702930927277 -0.00015243251238131168 0.9999999804965639 0.0001255834425982188 -0.015651052817702293 -0.0014540471792789317 -0.0001258049553650398 0.9999989349593897 0.7820600271224976
0.9999974702447378 0.00012358776438896964 0.002245936372376283 0.0009177541360259056 -0.00012402914440737354 0.9999999730247308 0.00019638561192618484 -0.015535388141870499 -0.0022459120409328093 -0.00019666367668530894 0.9999974585980217 0.7698980569839478
0.9999991386209021 0.00015529327627795993 0.0013033193975389187 1.2509524822235107e-05 -0.00015555443462173308 0.9999999678452866 0.00020028041195293338 -0.015128526836633682 -0.0013032882534297105 -0.00020048297654758852 0.9999991306227742 0.7549482583999634
0.9999996413582389 -0.00018498721815244715 -0.000826476329386899 -0.004525237716734409 0.0001848278692257495 0.9999999643184815 -0.00019287740906454191 -0.017288511618971825 0.0008265119797523157 0.00019272458403172212 0.9999996398675264 0.8283723592758179
0.9985687274985332 0.0007521917833717534 0.05347831962095843 0.043792396783828735 -0.0006834726053463483 0.9999989171778726 -0.0013032683071388352 0.00753382220864296 -0.053479242021162755 0.0012648520086079127 0.9985681603286971 0.0852389931678772
0.9968447983101829 -0.0022012140727276047 0.07934483435319714 0.08228357136249542 0.0023651845248856018 0.9999952572988855 -0.001972633239765259 0.03025258332490921 -0.07934011585631515 0.002154074358375556 0.996845276850708 -0.7041645646095276
0.9978433775064185 -0.001728954782338419 0.06561710662581564 0.06748053431510925 0.0017929175104954966 0.9999979732726847 -0.0009159133819692994 0.0148987527936697 -0.06561539006501134 0.0010315841620250471 0.9978444550232931 -0.1708049178123474
0.9996059515252097 -0.0009938696716758637 0.02805269859488881 0.02752186357975006 0.001002634385541703 0.9999994528487363 -0.0002983731167316765 -0.004444173537194729 -0.028052386701827765 0.0003263821434785829 0.9996064010774578 0.4483069181442261
0.9999890721821029 1.8311234894847982e-05 0.004674952521222557 0.004013607278466225 -1.8993545964981818e-05 0.9999999891753394 0.00014590601877531652 -0.013659422285854816 -0.004674949798898401 -0.0001459932182665092 0.9999890617053558 0.7010056972503662
0.9999876852422873 7.844617547605773e-05 0.00496217794624505 0.0046582515351474285 -7.93263412090122e-05 0.9999999811575883 0.00017717831482901052 -0.01327071338891983 -0.004962163953784473 -0.0001775697643418951 0.9999876726229554 0.6802152991294861
0.9999504204618175 -0.0002373725177133081 0.009954911979644198 0.0085913660004735 0.00023404022609790567 0.9999999161974897 0.00033590204877282514 -0.011623243801295757 -0.009954990879312604 -0.0003335555450538717 0.9999503922181797 0.6163700819015503
0.9985863457488341 -0.0006793879808352811 0.05314930400260665 0.049819208681583405 0.0007121182807517412 0.9999995683091593 -0.0005968827769702352 0.0032361801713705063 -0.053148875543554276 0.0006338875820846114 0.9985863984728558 0.08859571814537048
0.9993777224935994 -5.080690515339406e-05 0.03527272603818294 0.03053678572177887 6.463266441123005e-05 0.9999999215383224 -0.00039082728610389275 -0.001653626561164856 -0.035272703413900826 0.0003928638533397579 0.9993776473645324 0.33757972717285156
0.9983333949776152 0.0012564334040268568 0.05769622039241393 0.04228687658905983 -0.0011694670442491696 0.9999981287464247 -0.0015410549896841663 0.010244902223348618 -0.05769804866112173 0.0014710128313719225 0.9983329962001399 0.1145181953907013
0.995925779942985 -0.0016425230320802691 0.09016175998196879 0.07768334448337555 0.0018760911961724625 0.9999951004657571 -0.0025058583966748463 0.03991245850920677 -0.09015720230120669 0.00266480066226866 0.9959239818935228 -0.6209641098976135
0.9949548661368002 -0.0021420264719079958 0.1003006783291902 0.08876372873783112 0.0024248885465799727 0.9999934194987753 -0.002698309597375864 0.04548831284046173 -0.10029423844986661 0.0029279142303474015 0.9949535130105431 -0.787422239780426
0.9920146283280751 0.00196259614769518 0.12610759453526899 0.08444982767105103 -0.0013078459816421397 0.9999852340538559 -0.0052745817979347595 0.05118275433778763 -0.12611608431123705 0.005067532991096773 0.9920025470669845 -0.6724305748939514
0.9947300556320323 0.0028798885670840387 0.10248815865325817 0.025741301476955414 -0.002369728950300316 0.9999841914052516 -0.005099149369009336 0.03147980943322182 -0.10250122344146115 0.004829407978887101 0.9947211549030097 -0.31171733140945435
0.9780760731413767 0.006652043807419637 0.20814164759011722 0.08752022683620453 -0.004108577196727882 0.9999115469125505 -0.012649819934250506 0.12799015641212463 -0.20820738397511962 0.011517320180259118 0.9780168897284456 -1.3801863193511963
0.9662599622751635 -0.002748920525193312 0.2575541277866565 0.17419780790805817 0.0068748423624681275 0.9998620442044003 -0.015120486165753816 0.24827677011489868 -0.2574770316872758 0.016380964420439653 0.9661455595085895 -5.2212324142456055
0.9714287818484711 0.0017878832902469412 0.23732451468345175 0.12410961091518402 0.0024157229025014338 0.9998453334309724 -0.017420490784306308 0.21525244414806366 -0.23731895431940067 0.017496076407247044 0.9712742152611167 -3.772355556488037
0.9737111158777172 -0.003673989115400647 0.22775681026074845 0.12840361893177032 0.007878872343882954 0.9998148427415507 -0.01755572853164856 0.25227972865104675 -0.2276501398786292 0.018888674852092207 0.9735597730882128 -5.007974624633789
0.974905244804371 0.00039905055561437544 0.22261986526719305 0.11053067445755005 0.003856506930569729 0.999818061854173 -0.0186807533161592 0.23326055705547333 -0.22258681678667222 0.019070499438105685 0.974726333410541 -4.348691940307617
0.9720124438954056 0.004794955338733177 0.23488043195588035 0.09215639531612396 0.00025131943698120844 0.9997698950466086 -0.021449797132710162 0.2385168969631195 -0.23492923562430876 0.02090849974994332 0.9717875739518309 -3.89984130859375
0.9759541086495428 -0.007238379868317107 0.21785587820152694 0.1218358725309372 0.011901369128709325 0.999727147360658 -0.020099458773394373 0.2870974540710449 -0.21765094813241406 0.022208932594861844 0.9757739636258277 -6.0348711013793945
0.9810246231793287 0.0035824051938165417 0.1938500840569418 0.06276930868625641 0.0003477963493094152 0.9997951583882968 -0.0202366079425324 0.21925973892211914 -0.19388287122269335 0.019920031032798987 0.9808224225669481 -3.6730799674987793
0.9730417059100024 0.0013326643283724207 0.2306253727705184 0.09885653853416443 0.004046187686724968 0.9997307538275557 -0.022848374484662818 0.27356263995170593 -0.23059372698526834 0.023165574829377308 0.9727743259450613 -5.076346397399902
0.9702439579049056 -0.006118257250280778 0.24205212057993497 0.15206049382686615 0.011223312512099258 0.9997425951007509 -0.01971752513557105 0.3040817081928253 -0.24186917828710575 0.021847436221110853 0.9700628794698233 -6.613134860992432
0.9783161535388064 -0.019726491798071906 0.20617557868568057 0.1921337991952896 0.02116788698834366 0.9997644730573668 -0.004787376397839329 0.2354339361190796 -0.20603258064074084 0.00904786901245148 0.9785033018752928 -6.045210838317871
0.9854530642407192 0.002327177527897443 0.16993187583067162 0.10871633887290955 -0.0009910702331147048 0.999967930920577 -0.007947006368019342 0.10399231314659119 -0.16994492036648282 0.007662987353112046 0.9854237680645094 -1.6349773406982422
0.9961207587417917 -0.014565396266516328 0.0867829662737833 0.08703084290027618 0.014789102541312455 0.9998887622332019 -0.0019353567573312117 0.11539526283740997 -0.08674512349233128 0.003211291228611062 0.9962253616320683 -3.182142734527588
0.9883333688749444 -0.0008955299917666057 0.15230347991538826 0.12034153938293457 0.0016036910115295381 0.9999884676374254 -0.004526893779790455 0.0753612220287323 -0.15229766952728716 0.004718327901684308 0.9883234072095882 -1.2741734981536865
0.9959866136129965 -0.00828299866297957 0.08911822168818549 0.09326133131980896 0.008406507655144887 0.9999641539652203 -0.0010106501199407402 0.06512412428855896 -0.08910665593971916 0.001755767003341977 0.9960205425338727 -1.5981767177581787
0.9999985178855946 0.00040445967143272796 -0.001673510976589145 -0.0018180077895522118 -0.00040426129485223616 0.9999999112206798 0.00011887572720392206 -0.009592855349183083 0.001673558908453544 -0.00011819901530214894 0.9999985926137962 0.4904463589191437
0.9999997517899777 0.00033888907619919744 -0.0006177169068970908 -0.0009695524349808693 -0.0003388303787853575 0.9999999380725705 9.512533613754116e-05 -0.010395752266049385 0.0006177491055807574 -9.491601127293331e-05 0.9999998046884776 0.5378983616828918
0.9999989561151985 0.00038721067455139334 -0.0013920619263380841 -0.001427304930984974 -0.00038701541166733785 0.9999999152344243 0.00014053545874973553 -0.009826653636991978 0.0013921162251689346 -0.0001399965626274179 0.99999902120621 0.4836577773094177
0.9999999269800987 0.00037030714749525164 -9.44055800059257e-05 -6.033480167388916e-05 -0.0003702929799095098 0.999999920184827 0.00015004482117255208 -0.010110495612025261 9.446113514065286e-05 -0.0001500098524927536 0.9999999842870687 0.49135884642601013
0.9999992440800536 0.0003228646470444609 -0.0011864222440528495 -0.001343240961432457 -0.00032271828795057007 0.9999999402940152 0.00012355109394216666 -0.00987753551453352 0.0011864620634966785 -0.00012316812039204312 0.99999928856844 0.4889770448207855
0.9999994410318939 0.0002693780707331866 -0.0010224340343913552 -0.001373778097331524 -0.0002692385548197368 0.9999999544269028 0.00013658987095926698 -0.009225742891430855 0.0010224707821117904 -0.00013631451594806746 0.9999994679857847 0.48910605907440186
0.9999852651564607 0.00044543117599932144 -0.005410273655767811 -0.006459757685661316 -0.0004445933873279962 0.9999998889920612 0.00015605314862943145 -0.007247305009514093 0.005410342566121996 -0.00015364547731971335 0.9999853521859129 0.44006407260894775
0.9999916984058081 0.00047930253569265676 -0.004046404397339187 -0.004844668321311474 -0.00047884557416368723 0.9999998788670376 0.00011389831712664309 -0.007593567483127117 0.0040464584989384446 -0.00011195976875209279 0.9999918067857491 0.4344078302383423
0.9999615286502762 9.43422537287094e-05 0.00877110705337267 0.00836375541985035 -9.403649123438363e-05 0.999999994956491 -3.527259756017642e-05 -0.008232757449150085 -0.008771110336831861 3.4446436444199705e-05 0.9999615324785759 0.5474036335945129
0.999946993752132 4.743258848460996e-05 0.010295991269576043 0.009862333536148071 -4.756003166473119e-05 0.9999999987954157 1.2133096771351668e-05 -0.009019886143505573 -0.010295990681669465 -1.2622131312217632e-05 0.999946994803507 0.587104320526123
0.9999344193717377 0.00011830849001933341 0.01145176662385116 0.010348692536354065 -0.00011757940117208833 0.999999991017769 -6.433930587058245e-05 -0.006643266417086124 -0.011451774132874876 6.298859459648656e-05 0.9999344243007371 0.5308483242988586
0.9998941465438232 0.00011530799743024387 0.01454930965595626 0.013442769646644592 -0.00011423204783182787 0.9999999906792743 -7.478295578687464e-05 -0.00538939842954278 -0.01454931814341901 7.311304231600223e-05 0.999894150395953 0.5194084048271179
0.99993146749479 8.17113987821813e-05 0.011706990944019734 0.010876559652388096 -8.099999734607984e-05 0.9999999948442477 -6.124136859643647e-05 -0.007278090342879295 -0.011706995887779278 6.028890533662788e-05 0.999931468958014 0.5449471473693848
0.9999191786329582 5.816550337380266e-05 0.012713489637554844 0.011746073141694069 -5.718255409971425e-05 0.9999999953480676 -7.767895391855992e-05 -0.006756490562111139 -0.012713494096648008 7.694568599031821e-05 0.9999191773074539 0.5411815047264099
0.9999288084214519 7.954506816922616e-05 0.011931963855022567 0.010948266834020615 -7.777788917449178e-05 0.9999999859389874 -0.00014856858673859132 -0.005724001210182905 -0.011931975505145433 0.00014762996694402873 0.9999288005482878 0.5333898663520813
0.9999364570369659 1.4316503875798612e-05 0.011273051201769262 0.010126651264727116 -1.1915028154684859e-05 0.9999999772242447 -0.00021309514773259689 -0.0079143475741148 -0.011273053995794516 0.00021294728831304348 0.9999364344332394 0.5825018882751465
0.9999494788397507 -5.9853317322595396e-05 0.01005167576531324 0.009926894679665565 6.119885703897254e-05 0.999999989208921 -0.00013355469837457952 -0.010695128701627254 -0.010051667663153071 0.0001341631021044244 0.9999494717121717 0.6171062588691711
0.9999906921552394 0.0001461188011367547 0.004312105307326093 0.0035809273831546307 -0.00014614178641587057 0.9999999893087125 5.0153172781340085e-06 -0.008210736326873302 -0.004312104528391986 -5.645449369165349e-06 0.9999907028181139 0.5271914005279541
0.9999864691482161 0.000103299964454861 0.00520104312625156 0.004149205982685089 -0.00010230778284880804 0.999999976520026 -0.00019103158114641922 -0.00841209664940834 -0.005201062737686744 0.00019049688913566084 0.9999864562369501 0.5730141401290894
0.9999909223871828 0.0001382464391572975 0.004258641937744851 0.0028634173795580864 -0.00013743747366655598 0.9999999724578202 -0.00019025062429521995 -0.008228879421949387 -0.004258668121923924 0.0001896636002845402 0.9999909138454941 0.5908623337745667
0.9999780413429856 -2.4924983462913934e-05 0.0066269307066893005 0.0055707404389977455 2.5994355905852443e-05 0.9999999866562697 -0.00016128159802640798 -0.011609626933932304 -0.006626926598320161 0.0001614503192944673 0.9999780286474572 0.6594127416610718
0.9999911307669193 0.0001999964653800076 0.004206945318394405 0.0034993253648281097 -0.00020094988319816726 0.9999999542245407 0.00022620800360231657 -0.009071586653590202 -0.00420689988501839 -0.00022705138248116033 0.9999911251811323 0.5571298003196716
0.999957315222343 0.0006377164832570571 -0.009217431909764743 -0.010594971477985382 -0.000637002186282089 0.9999997938796132 8.042975880332058e-05 -0.0010391511023044586 0.009217481301247043 -7.455480139852261e-05 0.9999575153375483 0.3612063527107239
0.999981204970918 0.0005386528938410484 -0.006107336405553961 -0.007015019655227661 -0.00053777316078328 0.9999998447877129 0.000145686573545874 -0.007087932899594307 0.006107413932114743 -0.0001423994737597058 0.9999813394346174 0.4234684407711029
0.9999965809086205 0.0003681205452213418 -0.002588949272038318 -0.003348361700773239 -0.00036802396441240875 0.9999999315654645 3.7781321324109725e-05 -0.00816391222178936 0.0025889630029453823 -3.6828396771561516e-05 0.9999966479515013 0.48325785994529724
0.999968610025521 5.195492950107817e-05 0.007923147374155377 0.007991801016032696 -5.219810645891912e-05 0.9999999981730057 3.0485177685900966e-05 -0.010201763361692429 -0.007923145775824576 -3.089779404707729e-05 0.999968610910533 0.5912332534790039
0.9999283513388015 -3.517365651188672e-05 0.011970419862309884 0.011530758813023567 3.542172344278113e-05 0.9999999991622938 -2.0511314065988877e-05 -0.009637563489377499 -0.011970419130824273 2.0933857359653346e-05 0.9999283517470668 0.6018491983413696
0.9999885897484424 6.151208985538946e-05 0.004776671349801698 0.004083167761564255 -6.179922559932153e-05 0.9999999962925556 5.996452472838833e-05 -0.012338446453213692 -0.004776667643549221 -6.025903510843686e-05 0.99998858984244 0.6776292324066162
0.9999933271562425 7.589228449913238e-05 0.003652380504493713 0.0028661927208304405 -7.634616435906916e-05 0.9999999893814614 0.00012413033615141526 -0.01387335080653429 -0.003652371045175984 -0.00012440835309137445 0.9999933223318594 0.7092168927192688
0.9999902658759341 2.0745061505741224e-05 0.004412224271332098 0.0035423245280981064 -2.1086824340159126e-05 0.9999999967813895 7.741166777108816e-05 -0.013405198231339455 -0.0044122226512210575 -7.75039540344689e-05 0.9999902630948027 0.6885731220245361
0.9999767192717197 0.00013112810321952545 0.006822295800458933 0.005911142565310001 -0.00013085268112479406 0.9999999906057648 -4.0817228795395335e-05 -0.01309926901012659 -0.006822301088654473 3.9923562843666114e-05 0.999976727036167 0.6663000583648682
0.9999983015075469 7.248014546314848e-05 0.0018416646409433234 0.00038845278322696686 -7.170172026231572e-05 0.9999999080760184 -0.0004227372919540627 -0.011219298467040062 -0.0018416951117105904 0.00042260452341506084 0.9999982147806726 0.6405565738677979
0.9999823449493501 -0.00016739815641162643 0.005939845743440751 0.00420030951499939 0.00016938782818992905 0.999999929719195 -0.0003344687856056688 -0.014296602457761765 -0.005939789336525524 0.00033546901811258285 0.9999823030249962 0.7334721088409424
0.9999751485299834 -0.0002951733119597484 0.0070438054454731065 0.005646826699376106 0.00029637083472772966 0.9999999418071426 -0.00016896757062073508 -0.015193209983408451 -0.007043755160856506 0.0001710509500277546 0.999975177819333 0.764021635055542
0.9999803431578937 -0.000297177047322564 0.006262985200661597 0.004948786459863186 0.0002977392324626486 0.9999999517302055 -8.883094145256834e-05 -0.014816157519817352 -0.006262958499831696 9.069393172334796e-05 0.999980383370314 0.750407338142395
0.9999869169218251 -0.000236196881899447 0.0051098137163464 0.0030022175051271915 0.0002378769272952364 0.9999999178553268 -0.0003281827340015645 -0.014928154647350311 -0.005109735780863959 0.00032939394714709544 0.9999868909640152 0.7554059028625488
0.9999876017873807 -0.00019983363526280835 0.004975574141881499 0.003395785577595234 0.0002007456614982455 0.9999999631423105 -0.00018280196164570587 -0.014486774802207947 -0.004975537428512803 0.0001837985201505637 0.9999876050458834 0.7431415915489197
0.9999764079599148 -0.0002618347655662946 0.006864034246802845 0.005464078858494759 0.00026288920478539213 0.9999999537835129 -0.00015271620009932153 -0.014384536072611809 -0.006863993943160845 0.00015451707771736887 0.9999764305780515 0.7143281698226929
0.9999975747182653 6.74061017281627e-05 0.0022013663948053388 0.0009197322651743889 -6.762093561400525e-05 0.9999999929589343 9.751687004029646e-05 -0.014449341222643852 -0.002201359806073312 -9.766549198965872e-05 0.9999975722352806 0.7316001653671265
0.99999830757033 0.0001066227599980249 0.0018367057637423297 0.0007545752450823784 -0.00010700554350217145 0.9999999725782478 0.00020831062662601628 -0.01444524060934782 -0.0018366835027226918 -0.00020850681177343402 0.9999982915578507 0.7261337637901306
0.9999980596356234 0.00015286840328465804 0.001964015335857983 0.0007990840822458267 -0.00015319876582125047 0.9999999741432599 0.00016805837603048844 -0.014721039682626724 -0.0019639895942593463 -0.00016835893466150983 0.9999980571981841 0.7407046556472778
0.9999998533220594 0.0001775069933607453 0.0005117100029656416 -0.001458275131881237 -0.00017755121605113122 0.9999999805072673 8.637725934503006e-05 -0.016364404931664467 -0.0005116946604234142 -8.646810140868363e-05 0.999999865345912 0.8097248077392578
0.9999992000086476 0.00015532415801003928 0.0012553312194501151 -0.00017604324966669083 -0.00015553553047868148 0.9999999737446018 0.00016828396871463504 -0.015474950894713402 -0.001255305047925147 -0.00016847908269605898 0.9999991979116959 0.7697722911834717
0.999993552907903 4.0490110885393634e-05 0.0035906132038922333 0.002696705050766468 -4.117746150436292e-05 0.9999999808436201 0.0001913561502480398 -0.014402087777853012 -0.00359060538707734 -0.00019150276889429616 0.9999935354189265 0.7280900478363037
0.9999888446291666 -2.661703176730907e-05 0.0047233366127679526 0.0040434617549180984 2.6150029018480058e-05 0.9999999947642088 9.893309773341669e-05 -0.013721958734095097 -0.004723339221342954 -9.880847870853589e-05 0.9999888400894703 0.7062802314758301
0.999972604029255 -0.0003091802729183192 0.007395647267807769 0.0068230475299060345 0.0003092577103674402 0.999999952136336 -9.327085235133619e-06 -0.014027424156665802 -0.007395644030074233 1.1613990651306825e-05 0.9999726517832854 0.7162283658981323
0.9999636683220359 -0.0003813633738326067 0.008515667790282538 0.007908816449344158 0.0003816756937598853 0.9999999265475501 -3.505080615062633e-05 -0.014200267381966114 -0.008515653797692188 3.829975610770968e-05 0.999963740429385 0.720954954624176
0.9999862618899149 -2.238385798587217e-05 0.005241710636551843 0.004555193707346916 2.1759831971434368e-05 0.9999999926700079 0.0001191070687835708 -0.013918017968535423 -0.005241713264205857 -0.00011899137373485368 0.9999862550470925 0.7090127468109131
0.9999981419672866 0.00016626933622237351 0.0019205250537451955 0.0007897801697254181 -0.00016659377849722579 0.9999999718806856 0.00016877541530094174 -0.014612318947911263 -0.0019204969375650753 -0.00016909504923610092 0.9999981415474615 0.7340517640113831
0.9999913181503719 6.965902412117117e-05 0.004166385904094842 0.003208261914551258 -7.004454789936654e-05 0.999999993279285 9.238609648313655e-05 -0.014443101361393929 -0.004166379440568427 -9.267712701796577e-05 0.9999913163089502 0.7342702746391296
0.9999949694020206 8.858779726664315e-05 0.0031706975343265185 0.0020011169835925102 -8.894369048017047e-05 0.9999999897608988 0.00011210362287446287 -0.014695378951728344 -0.003170687570848409 -0.00011238507246630352 0.9999949670422965 0.7440925240516663
0.9999893097611169 0.00011613423181403133 0.004622431862678638 0.004251539241522551 -0.00011711657522594912 0.9999999706175725 0.00021224646445919753 -0.013108436018228531 -0.004622407077780265 -0.0002127855588827626 0.999989293980247 0.6726130247116089
0.9999953562058853 0.00015474431604456314 0.003043619697187511 0.0023252740502357483 -0.00015534867223570837 0.9999999682660913 0.00019832954001945986 -0.013750458136200905 -0.0030435889102325394 -0.0001988014412966577 0.999995348511448 0.6969793438911438
0.9999874140183552 0.00016823024416076288 0.005014329812409367 0.004663017578423023 -0.00016882250020507075 0.9999999788240526 0.00011768966779835634 -0.011867103166878223 -0.005014309907264633 -0.00011853471825414143 0.9999874212437248 0.6369442939758301
0.9999800319749218 0.00012027838830828601 0.006318321339067917 0.006055773701518774 -0.00012094301741443057 0.9999999871939513 0.00010480879614907159 -0.011477178893983364 -0.006318308651922106 -0.00010557086017214252 0.99998003371596 0.644917905330658
0.9999717653792248 -5.0985139807085824e-05 0.007514375880418933 0.007128376048058271 5.067393203795685e-05 0.9999999978505728 4.160537398842199e-05 -0.01148667000234127 -0.007514377985523139 -4.12234163037932e-05 0.9999717658134758 0.6503254175186157
0.9999753336395245 -7.24807132170483e-05 0.007023308270848739 0.006519514136016369 7.215407731992015e-05 0.9999999963036088 4.676078495018656e-05 -0.012356659397482872 -0.007023311634142889 -4.625287120379242e-05 0.9999753351730037 0.6600362658500671
0.999996166358221 0.00014006982599980002 0.002765438356707047 0.0018983138725161552 -0.00014042500071133297 0.9999999819177026 0.00012823967104799773 -0.012995747849345207 -0.0027654203441931586 -0.00012862751610624482 0.9999961679452984 0.6897376775741577
0.9999975845366065 0.00017225507117360204 0.0021911752881327976 0.0011920658871531487 -0.00017258499870583132 0.999999973799709 0.00015038284449457617 -0.012936657294631004 -0.002191149326515785 -0.0001507606452345869 0.9999975880650198 0.6909584999084473
0.9999990567986071 0.00023582289892094845 0.001353066686027122 0.00014297757297754288 -0.00023599811216303362 0.9999999637886444 0.00012933522760635304 -0.014756271615624428 -0.0013530361368224361 -0.00012965442680071927 0.9999990762410446 0.7384437918663025
0.9999999118660249 0.00014426729526089723 0.0003942776811909955 -0.0018898490816354752 -0.00014429013616013096 0.9999999879137899 5.790316597772753e-05 -0.017299385741353035 -0.0003942693228925299 -5.796005125479529e-05 0.9999999205961635 0.8481785655021667
0.9999997392251514 0.00018496672221043745 0.0006980952230124408 -0.0011023534461855888 -0.0001850582779932071 0.9999999742846142 0.00013108853591769503 -0.016390029340982437 -0.000698070958043845 -0.0001312176900329479 0.9999997477393956 0.8066080808639526
0.9999997185374514 0.0001502812512246143 0.0007350786106798385 -0.0006174501031637192 -0.00015044489691919702 0.999999963913759 0.00022257316521936933 -0.015192177146673203 -0.0007350451355798564 -0.00022268369139917017 0.9999997050602678 0.7550135254859924
0.9999990874127045 0.00017281904440693145 0.0013398907927113545 0.0003921380266547203 -0.00017313511758934328 0.9999999572154608 0.00023578233181751409 -0.014265297912061214 -0.0013398499877074713 -0.0002360140987955065 0.9999990745492497 0.7181129455566406
0.9999938296101233 0.0001487070930749397 0.0035097902900562846 0.0027969619259238243 -0.00014924035202109034 0.9999999773612649 0.00015167329029373153 -0.012902727350592613 -0.0035097676557049756 -0.00015219615674880472 0.9999938291646268 0.6801348924636841
0.9999951294248605 0.00014671671800487574 0.0031176274249856356 0.0022758105769753456 -0.00014715445431019632 0.9999999793478547 0.00014017794589767506 -0.014099729247391224 -0.0031176067941517827 -0.00014063603591292292 0.9999951303628345 0.7145140171051025
0.9999948898168702 0.00010791173439790164 0.003195104881427533 0.002298378385603428 -0.00010841775099486134 0.9999999816092273 0.00015819967285453861 -0.014416160061955452 -0.003195087751066006 -0.0001585452705106763 0.999994883125739 0.7277234792709351
0.9999951265332008 9.679279061850413e-05 0.0031205033253341743 0.002214895561337471 -9.734952995393386e-05 0.9999999793728789 0.00017826191620053453 -0.014360079541802406 -0.003120486006498844 -0.00017856482697894532 0.9999951153289128 0.7234106063842773
0.9999921793693984 9.207356646432933e-05 0.0039538237820363606 0.0034217857755720615 -9.277574246059536e-05 0.9999999799589793 0.00017741111272855805 -0.01349950022995472 -0.003953807367923816 -0.00017777654419871757 0.9999921678707278 0.6889033317565918
0.9999955248841274 0.00010240374465410371 0.002989937322316736 0.002214280888438225 -0.0001028946216294521 0.9999999812545791 0.00016402297999184692 -0.013778887689113617 -0.0029899204697017424 -0.00016432989443948128 0.9999955166755851 0.7007609009742737
0.9999917045391133 0.00011209208915781192 0.004071644424811059 0.003387218341231346 -0.00011260572226700308 0.9999999857320794 0.00012591978538776795 -0.013064255937933922 -0.0040716302521053484 -0.00012637723128638365 0.9999917028935218 0.6862448453903198
0.9999915400310878 9.254869000230572e-05 0.004112335223836742 0.003589011263102293 -9.324573327112816e-05 0.9999999813198157 0.00016930918900010317 -0.01344931498169899 -0.004112319477673915 -0.00016969121436303101 0.9999915299808321 0.6871615052223206
0.9999961038682934 0.00012380930046264108 0.0027887128734555415 0.001701829954981804 -0.00012418171603343392 0.9999999833955209 0.00013337113397397497 -0.014666559174656868 -0.002788696314563617 -0.00013371692149262136 0.9999961026387303 0.7399653792381287
0.9999992713432381 0.00014638005037943691 0.0011982845544454875 -0.00043589621782302856 -0.00014653461660866024 0.9999999809558359 0.00012890280768182333 -0.015903228893876076 -0.0011982656628256774 -0.00012907830392369464 0.9999992737488325 0.7906002998352051
0.9999970709042784 9.559331481388749e-05 0.002418479849396969 0.0012875450775027275 -9.610445409090581e-05 0.9999999730724863 0.00021123200678752318 -0.015057473443448544 -0.002418459591905596 -0.00021146381475441195 0.9999970531637868 0.7510217428207397
0.9999932138397584 6.227181830100519e-05 0.0036835304603497943 0.0025818105787038803 -6.259244772910882e-05 0.9999999942627815 8.692883809085063e-05 -0.014869831502437592 -0.0036835250259997635 -8.715880936562372e-05 0.9999932120003242 0.7542728781700134
0.999996859492831 5.5061467235339964e-05 0.002505588296217983 0.0006688274443149567 -5.520944538595727e-05 0.9999999967360418 5.899011617339643e-05 -0.016215795651078224 -0.0025055850399574985 -5.912826305471343e-05 0.999996859268796 0.8071691393852234
0.9999957036208638 8.790620502715133e-05 0.0029300191658742625 0.0015236679464578629 -8.821318427517784e-05 0.9999999906343139 0.00010464132030771532 -0.015397942624986172 -0.0029300099398112656 -0.00010489933704953904 0.9999957020097043 0.7665144801139832
0.9999913639017828 5.1277035966175625e-05 0.00415565789232136 0.003206830471754074 -5.155356723978883e-05 0.9999999964642288 6.643622752418538e-05 -0.014115091413259506 -0.004155654470975076 -6.664989276297664e-05 0.999991363009556 0.7197325229644775
0.9999977774924537 5.2144024257458924e-05 0.0021076743472517997 0.00021542422473430634 -5.2192658138308043e-05 0.9999999983730108 2.3019669605778314e-05 -0.016305992379784584 -0.0021076731434844257 -2.3129623571061894e-05 0.9999977785870031 0.8095526695251465
0.9999999843778004 0.0001766898245528398 -5.010482293743307e-06 -0.0021774061024188995 -0.00017668907058143967 0.9999999731281678 0.00015008209762517672 -0.017198381945490837 5.0370001386003825e-06 -0.00015008120998310457 0.9999999887251295 0.8346704244613647
0.9999998093377468 0.00017186839260686958 -0.0005931152720965503 -0.0032929545268416405 -0.00017180349153905414 0.9999999792495835 0.00010947325245232745 -0.018345672637224197 0.0005931340747810938 -0.00010937133230527914 0.9999998181149241 0.8828744292259216
0.9999991795035009 0.00017654523829072557 -0.001268788439312906 -0.0046333614736795425 -0.00017646442073638286 0.9999999823944044 6.38083009661538e-05 -0.020173395052552223 0.0012687996820268286 -6.358435259468586e-05 0.9999991930518729 0.9534193873405457
0.9999987282769512 0.00020998731770137375 -0.0015809332074969323 -0.004794644191861153 -0.0002099050174262901 0.99999997660628 5.2223777295788516e-05 -0.020298590883612633 0.0015809441368439382 -5.189186506913779e-05 0.9999987489606527 0.9487956762313843
0.9999998529408918 0.00018291155609159235 -0.0005105502501765658 -0.0029515689238905907 -0.00018284136397512453 0.9999999738277409 0.00013752655634353443 -0.017899487167596817 0.000510575392010737 -0.00013743318641488156 0.9999998602124346 0.8612878322601318
0.9999999873257845 0.00015428615466541988 -3.929647895643338e-05 -0.002346576191484928 -0.00015428025224497154 0.9999999768246325 0.00015016104108756743 -0.01739208586513996 3.9319645815332995e-05 -0.00015015497651370833 0.9999999879537241 0.8431205749511719
0.9999998903730659 0.00017893836362844432 -0.0004327065035500918 -0.0028948336839675903 -0.00017888196248040927 0.999999975501119 0.00013038023247543965 -0.017746571451425552 0.0004327298229747153 -0.00013030281479372143 0.9999998978830332 0.8552880883216858
0.9999999674673657 0.0002183988922770732 0.00013178464029165978 -0.0021853651851415634 -0.00021840713992347265 0.9999999741914619 6.257313126711678e-05 -0.017793726176023483 -0.0001317709709879358 -6.260191193781992e-05 0.9999999893587059 0.8590980768203735
0.9999995377878821 4.009763604891902e-05 0.0009606332296575863 -0.0019143018871545792 -4.0165401312804195e-05 0.9999999967066167 7.052309759366212e-05 -0.01886836811900139 -0.0009606303986843524 -7.056164921621542e-05 0.9999995361050379 0.9152026176452637
0.9999999702684772 0.00019056232974394062 -0.00015214809620797245 -0.002993454225361347 -0.00019056116845614097 0.9999999818139815 7.647075003491658e-06 -0.019369661808013916 0.00015214955068543274 -7.618081257140705e-06 0.9999999883962395 0.9236884117126465
0.99999996295282 7.589621972582287e-05 0.00026140796244295195 -0.002805253490805626 -7.591935992252405e-05 0.9999999932008847 8.85126065552532e-05 -0.019566796720027924 -0.0002614012428933734 -8.853244920129805e-05 0.9999999619156973 0.9386690258979797
