0.9999976788006298 -0.00016398822067813086 0.002148371759178494 -0.0003929673694074154 0.00016352907707443853 0.9999999637544538 0.00021389093460069255 -0.01840698905289173 -0.002148406756903371 -0.00021353911686619866 0.9999976693720102 0.9023888111114502
0.9999701435385723 -0.0002709923679952039 0.007722602837352491 0.00724507961422205 0.000270807593771193 0.9999999630198201 2.4972093373677474e-05 -0.016847798600792885 -0.007722609319015966 -2.2880008303300882e-05 0.9999701799462877 0.7740530967712402
0.9999973671606186 -0.00026594676125468833 0.0022792420123569847 3.7299469113349915e-05 0.0002653229957888773 0.9999999272719815 0.000273970325870057 -0.01796761155128479 -0.002279314708113075 -0.00027336486923134733 0.9999973649945831 0.8648898005485535
0.999999015225537 -0.00022511114966323678 0.0013852338885639904 -0.002893370110541582 0.00022462784573717656 0.999999913855767 0.0003490426748801979 -0.018658168613910675 -0.0013853123426319036 -0.000348731169047655 0.9999989796476217 1.0028043985366821
0.9999995109968205 -0.00021092434788258152 0.0009661868554193664 -0.0020507597364485264 0.00021068307645785188 0.9999999466037888 0.00024981005020823676 -0.018387524411082268 -0.0009662394948505835 -0.000249606368831195 0.9999995020388258 0.9089184999465942
0.9999993960670666 -0.0002422770343705547 0.0010719922296601944 -0.0017408099956810474 0.00024196269660647167 0.9999999277006087 0.00029334762710151954 -0.018075494095683098 -0.0010720632235489426 -0.00029308806780859684 0.9999993823897237 0.89157634973526
0.9999991069111386 -0.00027197301208409474 0.0013085135099952735 -0.002122587524354458 0.00027154587932885164 0.9999999098000733 0.0003265925300986165 -0.018240991979837418 -0.0013086022163215857 -0.00032623691697078027 0.9999990905644431 0.9312393069267273
0.9999994528438565 -0.00019850488654093174 0.001027087044685403 -0.002671920694410801 0.00019819875537087478 0.9999999359116545 0.0002981508679896091 -0.018523501232266426 -0.001027146163265316 -0.0002979471374806158 0.9999994280989676 0.9563145637512207
0.9999989884503524 -0.00025498739891097275 0.001399314009712043 -0.0020105307921767235 0.0002545451767047007 0.9999999176131484 0.0003161968512256756 -0.0183438491076231 -0.0013993945206396058 -0.0003158403427449948 0.9999989709693969 0.9404245615005493
0.9999988923648526 -0.00021929198330587472 0.001472134536796082 -0.0013429285027086735 0.00021890678710258512 0.9999999417665388 0.00026181431953130574 -0.01827981136739254 -0.0014721918648499801 -0.00026149176929493053 0.9999988821359592 0.9034276008605957
0.9999987646487065 -0.0002447067561329052 0.0015526814433282224 -0.0008523650467395782 0.0002442995462061086 0.9999999357197503 0.00026244661742852866 -0.017971688881516457 -0.0015527455659818806 -0.0002620669738427526 0.9999987601502858 0.8643456697463989
0.9999994761950944 -0.0002657719476978456 0.0009884203602931324 -0.0016977055929601192 0.0002655063482869533 0.9999999286177313 0.00026883249646595514 -0.018025023862719536 -0.0009884917378736348 -0.0002685699237697408 0.9999994753770025 0.8747259378433228
0.9999988137889059 -0.000178646612522377 0.0015298712914446793 -0.000789386685937643 0.00017831814104884847 0.9999999610234191 0.00021483900984980162 -0.018147818744182587 -0.001529909612076875 -0.0002145659512006503 0.9999988066683034 0.8632097244262695
0.9999983054567378 -0.00023109305079065313 0.0018263843118341058 7.927278056740761e-05 0.00023072655353117288 0.9999999532069727 0.00020087635427348385 -0.017966177314519882 -0.0018264306475015957 -0.00020045461852211835 0.9999983119830931 0.8277643322944641
0.9999988830968625 -0.00026638425148624794 0.0014706612315502766 -0.001055241096764803 0.00026598293603354793 0.999999927342977 0.00027306980463867527 -0.018032589927315712 -0.0014707338661919221 -0.0002726783288538753 0.9999988812935862 0.8745790719985962
0.9999995323237909 -0.00022203635485648805 0.0009413033819029055 -0.0031166388653218746 0.00022171403580294408 0.9999999167654569 0.00034250834431020594 -0.018578531220555305 -0.000941379352858227 -0.0003422994839554852 0.999999498317863 0.9815669059753418
0.999999207748719 -0.00023320686066982557 0.0012369787767671605 -0.002028300426900387 0.0002328207643321153 0.9999999241430522 0.00031226332023892675 -0.01826583594083786 -0.0012370515048823413 -0.00031197507850364177 0.999999186187231 0.9285010099411011
0.9999995478885046 -0.00019599777385505653 0.0009304878608172954 -0.002758805174380541 0.0001957174898837208 0.9999999354552499 0.00030130409932393093 -0.018504850566387177 -0.0009305468556919098 -0.0003011218503523976 0.999999521703976 0.9536337852478027
0.9999995503380702 -0.000256031551197404 0.0009131108924186381 -0.0028646448627114296 0.00025573044253630254 0.9999999128962198 0.0003298628398046752 -0.018323160707950592 -0.0009131952681777854 -0.0003296291812253112 0.9999995287093912 0.9472651481628418
0.9999998160795476 -0.0002243374415801783 0.0005634834367012713 -0.0036557763814926147 0.00022414452612042475 0.9999999162600215 0.00034240207597430037 -0.018557371571660042 -0.0005635602031208962 -0.00034227571127165953 0.9999997826235939 0.9868160486221313
0.9999993784678063 -0.0002549276991777135 0.0010853920348684728 -0.0029935166239738464 0.0002545558920755735 0.9999999088858704 0.0003426799509834833 -0.018504595384001732 -0.0010854792945853807 -0.0003424034450591739 0.9999993522470811 0.9783751964569092
0.9999995416509693 -0.00023407060650955508 0.0009283904365731867 -0.0034712529741227627 0.00023373469621115308 0.9999999071938674 0.00036191207281919456 -0.018571877852082253 -0.0009284750633912486 -0.000361694909880489 0.9999995035553012 0.9982243776321411
0.9999993504540489 -0.00021174053086604218 0.0011199363500632295 -0.0037420792505145073 0.00021134143255371218 0.9999999141339719 0.0003564643713554814 -0.01885925605893135 -0.0011200117318539687 -0.00035622745086290086 0.9999993093376235 1.0351383686065674
0.9999929071220947 -6.814838449850499e-05 0.003765774993194165 0.0024252785369753838 6.801523685259359e-05 0.9999999970573585 3.548535676914842e-05 -0.01832306571304798 -0.003765777400382576 -3.5228974997749755e-05 0.9999929088146026 0.8447178602218628
0.9999603361045403 -0.00033230095722089445 0.008900325486693368 0.008317233994603157 0.00033166905531120585 0.9999999423716107 7.247353452648474e-05 -0.016970597207546234 -0.00890034905680684 -6.951869739765383e-05 0.9999603886923811 0.8038346767425537
0.9999985279296085 -0.00027436162476730667 0.001693772214642519 -0.0022085965611040592 0.00027381075568081424 0.9999999095532174 0.000325455415614312 -0.018511725589632988 -0.0016938613539228887 -0.0003249911634709885 0.9999985126061227 0.9724764227867126
0.9999994226147396 -0.00021659156065780667 0.0010525484708237408 -0.003550269640982151 0.00021622303621027196 0.9999999152943028 0.00035022704911739135 -0.018763739615678787 -0.0010526242378900415 -0.00034999926167533535 0.9999993847411761 1.02030348777771
0.9999991419624074 -0.00023709197779239014 0.0012883562561372425 -0.0027058287523686886 0.00023664616787488722 0.999999912081963 0.00034617142737134875 -0.018524309620261192 -0.0012884382173358605 -0.00034586624577237816 0.999999110151354 0.9818463325500488
0.9999959534164246 -0.00029573963829040273 0.0028294326008752512 0.00025091483257710934 0.00029492595828357334 0.9999999150402132 0.00028799001013116307 -0.018029145896434784 -0.0028295175305486876 -0.0002871543716343062 0.9999959556782776 0.9048458337783813
0.9999324597027589 -0.0003372965250273655 0.011617326019531358 0.010499458760023117 0.00033726198937586156 0.9999999431150116 4.931878412405883e-06 -0.01619732566177845 -0.011617327022185356 -1.0134628272968474e-06 0.9999325165789099 0.8332754969596863
0.9999622315493174 -0.0003770226432858612 0.008682933193103533 0.007194511592388153 0.00037575948420428315 0.9999999185821673 0.000147106998332516 -0.01667734794318676 -0.008682987948827287 -0.00014383874783108357 0.9999622918043937 0.8488643169403076
0.9999597218342111 -0.00031894845879491314 0.0089695585804481 0.007884232327342033 0.00031845629422182887 0.9999999477080198 5.62987270247305e-05 -0.01667270064353943 -0.008969576067804337 -5.3440047028934576e-05 0.9999597711154812 0.8211906552314758
0.9999311811905114 -0.00029382562480430524 0.011728024106861537 0.011208022013306618 0.000294745543081175 0.9999999536203774 -7.670924435499068e-05 -0.01596248894929886 -0.011728001023778554 8.01607481507634e-05 0.9999312214178738 0.7748079299926758
0.9999925377429805 -0.00028550051248267056 0.003852654644715422 0.0020072804763913155 0.0002846519640473857 0.9999999351110006 0.0002207968619055804 -0.017641177400946617 -0.003852717432337745 -0.00021969854855123321 0.9999925541227468 0.8553977012634277
0.9999847769306702 -0.0002796755796379832 0.00551068856750029 0.003993822727352381 0.0002787942070646733 0.9999999482236414 0.00016070626844938028 -0.017307529225945473 -0.005510733227795683 -0.0001591674739571573 0.9999848031270312 0.8403934240341187
0.9999849805212407 -0.00031706461364495016 0.005471581303816605 0.003921876661479473 0.00031602572966370684 0.9999999318744045 0.00019073259900822406 -0.0172133632004261 -0.005471641405619685 -0.00018900057383005163 0.9999850125972445 0.8334242105484009
0.999998383034841 -0.0002777911612219992 0.0017767272651016556 -0.0007620449177920818 0.00027725303498866137 0.9999999156262921 0.0003031141099388135 -0.017946919426321983 -0.0017768113176131707 -0.00030262101678726194 0.999998375679712 0.8799495697021484
0.9999972970649715 -0.0002845637242832278 0.002307571502354224 -3.3579301089048386e-05 0.0002839178822384417 0.9999999204386539 0.0002802022886149387 -0.017870180308818817 -0.0023076510541675294 -0.0002795463704322955 0.9999972982965701 0.8748132586479187
0.9999911758649408 -0.0002440265588589449 0.004193881649692163 0.0031401559244841337 0.00024372641931432186 0.99999996770117 7.20769833155368e-05 -0.017293855547904968 -0.0041938991029329045 -7.105418754099384e-05 0.9999912030421152 0.7834300398826599
0.9999598398377434 -0.00022788079079049005 0.008959173065603017 0.009567450731992722 0.00023027794420099143 0.999999937965985 -0.00026653347689269195 -0.01649842970073223 -0.008959111771970056 0.0002685858728203011 0.9999598302821399 0.675489068031311
0.9999236363545129 -0.00026082175590805485 0.012355299736536486 0.014033300802111626 0.0002658913709563083 0.9999998811419483 -0.0004086781965877988 -0.016231508925557137 -0.012355191675844793 0.0004119321560164001 0.9999235868557917 0.6258836984634399
0.9998527245202306 -5.5746423379213284e-05 -0.01716176453073828 -0.022878006100654602 6.0012079213816286e-05 0.9999999674371334 0.0002480408896465065 -0.021405285224318504 0.017161750144509578 -0.00024903427247794887 0.9998526953076182 0.6582306623458862
0.9995910635065125 0.0002775394391173153 -0.02859420797607241 -0.03819838538765907 -0.0002731789608852746 0.9999999504559101 0.00015640151081306377 -0.023665931075811386 0.02859424996698599 -0.00014852621650541487 0.9995910898006186 0.6038985252380371
0.9998283952180619 -0.00021060651510671296 -0.018523924005758453 -0.026696346700191498 0.0002199047493398983 0.9999998508596182 0.0004999226370009412 -0.02061835303902626 0.018523815956128946 -0.0005039103467511102 0.9998282924166461 0.8167549967765808
0.9999726342714353 -0.0003986451604963025 -0.007387272181429276 -0.011800186708569527 0.0004011280074851604 0.9999998635630968 0.0003346193504025294 -0.018592320382595062 0.00738713777914809 -0.00033757343507110103 0.9999726577460046 0.8194926977157593
0.9999733031572435 -4.973729225899523e-05 -0.007306880250341367 -0.010790439322590828 4.982210851628062e-05 0.9999999986936052 1.1425701038576578e-05 -0.019330190494656563 0.007306879672512267 -1.1789440189180549e-05 0.9999733043289006 0.7014604210853577
0.9999817757240299 -0.00043616707205705845 -0.006021459798167261 -0.010478513315320015 0.0004378934743604039 0.9999998634001027 0.00028539285319541697 -0.018402010202407837 0.006021334496671308 -0.00028802441006904145 0.9999818301213368 0.839707612991333
0.9999851278681955 -0.00031492539575528957 -0.005444709764916965 -0.00941753201186657 0.00031560574050525976 0.9999999424965429 0.00012409644559051216 -0.018503373488783836 0.005444670370705089 -0.0001258129816690097 0.9999851697578561 0.8104472160339355
0.9999757983169113 -0.00035627265386453406 -0.00694808248740413 -0.011009898036718369 0.0003550121551361185 0.9999999203028028 -0.00018264927459560413 -0.019458577036857605 0.006948147006603217 0.00018017820043782717 0.9999758451027657 0.7176003456115723
0.9999982193505117 -0.0004075222173273905 -0.0018426126690594114 -0.004973862785845995 0.00040798029447784977 0.999999885966238 0.00024823293550983657 -0.017881672829389572 0.0018425112985030643 -0.00024898424315331844 0.999998271577987 0.8375059366226196
0.9999903614280464 -0.0003655245824756299 -0.004375322020661798 -0.008758554235100746 0.000367108615749666 0.9999998673682873 0.00036124046273987596 -0.018302280455827713 0.004375189398086029 -0.00036284319930814747 0.9999903629848357 0.8586398959159851
0.9999877683442341 -0.00034032249733841405 -0.004934302637281033 -0.008982077240943909 0.0003417152264219255 0.9999999020183794 0.0002814141709408586 -0.018096262589097023 0.004934206382236623 -0.0002830968551225248 0.9999877866571912 0.8163597583770752
0.9999998588616643 -0.0002836876543347559 -0.0004492192849293346 -0.001857216004282236 0.0002837238974076076 0.9999999565007055 8.061846399033124e-05 -0.017538052052259445 0.00044919639492566727 -8.074590685828622e-05 0.9999998958513431 0.7544225454330444
0.999994403056216 -0.0002033233944929964 -0.0033395382674126376 -0.0052156527526676655 0.00020344857598526868 0.9999999786144628 3.7145000379263337e-05 -0.01788194663822651 0.0033395306435472522 -3.782421678573777e-05 0.9999944230366535 0.70201575756073
0.9999988849526286 -0.00020012869977686516 -0.0014798790501842187 -0.0028259246610105038 0.0002001194146049865 0.9999999799554865 -6.42235122004093e-06 -0.017624838277697563 0.001479880305817562 6.126191529606034e-06 0.9999989049577755 0.7058861255645752
0.9999700981100391 -0.0001341470356003693 -0.007732068958014826 -0.01165967807173729 0.00013476582039390178 0.9999999877583736 7.950739786680879e-05 -0.018782174214720726 0.007732058197679995 -8.054703906181581e-05 0.9999701039472141 0.7259007096290588
0.9999813999874502 -0.0003576544403546471 -0.006088658509075712 -0.009990649297833443 0.0003592531682809574 0.9999999012818774 0.0002614830701169023 -0.018371757119894028 0.006088564387433671 -0.00026366557638848284 0.9999814297596549 0.7716166377067566
0.999975813398747 -0.00023428594551082516 -0.006951095425202433 -0.011136848479509354 0.00023549987216951886 0.9999999571631744 0.00017382019370298192 -0.018664060160517693 0.006951054403811139 -0.00017545297166734038 0.9999758257372675 0.7649485468864441
0.9999899216784633 -0.0002673156213180953 -0.004481638523985434 -0.007521362509578466 0.0002677172815685077 0.9999999602011044 8.90238573010848e-05 -0.01809152215719223 0.004481614548153442 -9.022277217264056e-05 0.9999899534449801 0.7549135684967041
0.9999939201489486 -0.00018711006463700212 -0.003482047524358524 -0.005624987650662661 0.00018715710645836727 0.9999999823992 1.3183974945875907e-05 -0.01803523860871792 0.003482044996217297 -1.3835584728481435e-05 0.9999939375672339 0.7101334929466248
0.9999885701364366 -0.00022061335245046422 -0.004776078541394364 -0.007511616218835115 0.00022097634468050759 0.9999999727365211 7.547457859751967e-05 -0.01823514513671398 0.004776061760482039 -7.652911631136814e-05 0.9999885916236015 0.7168897390365601
0.9999916833533897 -0.00019325213938901415 -0.004073803832397147 -0.006661501247435808 0.00019335249952407574 0.9999999810135763 2.424165813617857e-05 -0.018095973879098892 0.004073799070297883 -2.5029136680439347e-05 0.9999917017329081 0.7235629558563232
0.9999857777398685 -0.00026319607166427943 -0.005326823238851587 -0.008206166326999664 0.0002636214628358136 0.999999962118998 7.915634323456712e-05 -0.018247922882437706 0.005326802203427599 -8.055948238695644e-05 0.9999858092435389 0.726963222026825
0.9998295797351493 -8.5527906236731e-05 -0.018460882200262506 -0.025139251723885536 8.935888985557297e-05 0.9999999746462486 0.00020669419696340644 -0.02097870409488678 0.01846086405408799 -0.00020830861602278678 0.9998295620283975 0.7262933254241943
0.9995068281555318 -0.00011209115532984231 -0.03140203665434887 -0.041207462549209595 0.00011137135908261626 0.9999999934938801 -2.4671034718379726e-05 -0.02460695616900921 0.03140203921544824 2.116158015852576e-05 0.999506834136365 0.6136823892593384
0.9998468048848286 1.9007417667139014e-06 -0.01750333562455933 -0.02264300547540188 -8.688642376945349e-06 0.9999999247949437 -0.0003877300784934289 -0.022323910146951675 0.01750333357124524 0.0003878227603630443 0.9998467297078085 0.5341435670852661
0.9999792686092641 -9.276655330841008e-05 -0.006438458359581086 -0.007970832288265228 8.942573368980908e-05 0.999999861232262 -0.0005191709690020738 -0.020511798560619354 0.006438505627832154 0.0005185844420032198 0.99997913814012 0.4730099141597748
0.9999863348297583 -0.0002294824203777297 0.005222785805087376 0.00610197801142931 0.00023249704283668292 0.9999998067352973 -0.0005766060126763253 -0.01811826601624489 -0.005222652474763835 0.0005778124155120518 0.9999861949216804 0.5209975242614746
0.9999943771022133 -0.00022866325064122353 0.0033456654157761165 0.0043889922089874744 0.00023078546223442457 0.9999997724262406 -0.0006339444278829194 -0.01853448897600174 -0.0033455196945968543 0.0006347129942176606 0.9999942023018874 0.5076428055763245
0.9999921605373767 -0.00012502727575072813 -0.003957680124766191 -0.005037073511630297 0.0001231270946734846 0.9999998770445924 -0.0004803649852406298 -0.019509876146912575 0.003957739696873489 0.00047987392178187296 0.9999920529771781 0.5248053669929504
0.9999714045711285 -0.0003148820258523423 0.007555851332193382 0.009693346917629242 0.0003201857465727419 0.99999970322491 -0.0007007361696279364 -0.017840703949332237 -0.007555628440580243 0.000703135407676431 0.9999712086252616 0.506848931312561
0.9999813902849949 -0.00035124094052434965 0.006090625049256159 0.008380062878131866 0.0003559674317287029 0.9999996363615576 -0.0007749606055921296 -0.018752599135041237 -0.006090350636578775 0.0007771142479525256 0.9999811516836552 0.4573259949684143
0.9999758689304798 -0.00037838003043171953 0.006936741690750447 0.009628523141145706 0.0003840012449568771 0.9999995989987676 -0.0008090397690260688 -0.01868925243616104 -0.006936432784616056 0.0008116839634763505 0.9999756132373269 0.45536530017852783
0.9999781308619148 -0.00037362589139169986 0.006602893426699914 0.009405411779880524 0.0003792688388163816 0.9999995639437428 -0.0008533858870410901 -0.018914654850959778 -0.006602571700404173 0.0008558714959500594 0.9999778365198517 0.443334698677063
0.9999716836838596 -0.0003929913910210966 0.007515143926329094 0.00991396140307188 0.0003982767436429828 0.9999996744191562 -0.0007018099578495716 -0.01794176548719406 -0.007514865674270627 0.0007047831922279214 0.9999715146315666 0.500484824180603
0.9998890499015468 -0.0003761866113864733 0.01489115074853059 0.01777111552655697 0.0003852615017011494 0.9999997418346862 -0.0006065510170433301 -0.016253354027867317 -0.014890918727780249 0.0006122207072477092 0.9998889366950954 0.5391543507575989
0.9999087479133764 -0.00037188845277923057 0.01350398257117222 0.01633988879621029 0.0003808119094049049 0.9999997108534555 -0.0006582365037678998 -0.016454437747597694 -0.013503733875987375 0.0006633189157009378 0.999908600412769 0.5379852652549744
0.9998685620931176 -0.0003248150366113552 0.01620965863409351 0.019006963819265366 0.00033460274764488397 0.999999763353096 -0.0006011112655216579 -0.01589237153530121 -0.016209459548150257 0.0006064560530324675 0.9998684341613215 0.5561770796775818
0.9998960656826994 -0.0003428517576955341 0.014413198289467006 0.017073368653655052 0.0003510243694254183 0.9999997790626154 -0.0005644967783735111 -0.016191603615880013 -0.014413001566339992 0.000569497491627196 0.9998959651175996 0.5593580603599548
0.9999157479868898 -0.0002626241869073021 0.012977979671559553 0.015111889690160751 0.0002697299149591596 0.9999998146879222 -0.0005457745820392972 -0.016191696748137474 -0.01297783393297733 0.0005492291487852074 0.9999156335280244 0.5919172167778015
0.9999351862152905 -0.0003269070833900163 0.011380531637429105 0.01364998146891594 0.00033330605295199864 0.9999997874399579 -0.0005603812217025829 -0.016592800617218018 -0.011380346025792052 0.0005641381013552912 0.9999350826291352 0.566562294960022
0.9999853825096439 -0.0002759727891218659 0.0053998709300112566 0.006723855156451464 0.00027892132001786703 0.9999998124298382 -0.0005452918354384094 -0.017634335905313492 -0.005399719431447882 0.0005467900037679885 0.9999852719169184 0.5572375059127808
0.9999457145356836 -0.00030328627313449516 0.010415181186975854 0.01263514719903469 0.0003095933449199537 0.9999997696931343 -0.0006039583088345337 -0.016778413206338882 -0.010414995616023506 0.0006071499934589341 0.9999455781367321 0.5566462874412537
0.9999861793547724 -0.0002822012752976867 0.005249901130937998 0.0066656810231506824 0.00028499313504843716 0.9999998183811525 -0.0005310523275151459 -0.017581166699528694 -0.0052497503138129314 0.0005325411738113305 0.9999860781638614 0.5672406554222107
0.9999777120754315 -0.00029895524619171323 0.006669780966905378 0.008158835582435131 0.00030233622717712027 0.9999998263250184 -0.0005059078365798038 -0.017176339402794838 -0.006669628564729455 0.0005079130773577353 0.9999776287893218 0.5844743251800537
0.9999754762853498 -0.00029517933377969856 0.006997120625552901 0.007892882451415062 0.00029693098118560416 0.9999999248405499 -0.00024930079587285074 -0.016879446804523468 -0.0069970465112103265 0.00025137234398409016 0.9999754887756321 0.6456227898597717
0.999998105501994 -0.00027923741490246107 0.0019264005006899181 0.0007606069557368755 0.00027937698760430516 0.9999999583689928 -7.218387224421254e-05 -0.01747187040746212 -0.001926380264054042 7.272192746081267e-05 0.9999981418835735 0.7021065354347229
0.9999985157724093 -0.00015526318337376167 -0.0017159097652280427 -0.0031378427520394325 0.00015487833761941607 0.9999999628260925 -0.00022441148428169254 -0.018256692215800285 0.001715944544282407 0.00022414539395203243 0.9999985026454606 0.6425352096557617
0.9999592323332286 -7.761864201833424e-05 -0.009029266132225475 -0.011119037866592407 7.377067222965324e-05 0.9999999063283828 -0.0004264986677550797 -0.020414825528860092 0.009029298390686929 0.00042581518536719947 0.9999591443914095 0.5396326780319214
0.9999713900551436 -0.00010999330567333415 -0.007563529113877205 -0.009692976251244545 0.00010762172824753133 0.9999999449231394 -0.0003139606371145549 -0.019662873819470406 0.007563563230870094 0.000313137654643154 0.9999713468175284 0.5761862397193909
0.9999832847169866 -0.00010400782486334567 -0.005780957446483719 -0.00804123841226101 0.00010291373456628693 0.9999999767388741 -0.00018955477878243216 -0.019137561321258545 0.005780977027192374 0.00018895667040047187 0.9999832721600834 0.6177080869674683
0.9999985189452838 -0.0002661768673176344 0.0017003696993516694 0.00023904046975076199 0.0002659785619493207 0.9999999578007496 0.00011684992077237509 -0.01747032441198826 -0.0017004007303431997 -0.00011639748582383307 0.9999985475434361 0.7524716258049011
0.9999930092598582 -0.00021564210581905458 0.0037329519009492627 0.002952997572720051 0.00021607007033088978 0.9999999701312269 -0.00011424215323476668 -0.01721004769206047 -0.0037329271540320736 0.00011504793377734014 0.9999930259850992 0.6997237801551819
0.9999823706724774 -0.00017811085884189307 -0.0059352018309606625 -0.009384218603372574 0.00017865159437446942 0.999999979939756 9.057646451880941e-05 -0.018828583881258965 0.005935185579247177 -9.163520098668594e-05 0.9999823824323758 0.6965662240982056
0.9999926187003213 -0.00019153162251862163 -0.003837428893371731 -0.0062672835774719715 0.00019117617237722254 0.9999999774019157 -9.299376006353295e-05 -0.018547391518950462 0.003837446617898938 9.225944868111711e-05 0.9999926327186861 0.662541925907135
0.9999961385676013 -0.00015533342449876815 -0.0027746569903340144 -0.004236930515617132 0.0001546538695498893 0.9999999579972663 -0.00024512781662102936 -0.018531691282987595 0.002774694950334031 0.0002446977586363076 0.9999961205879448 0.625198245048523
0.9999990102415727 -7.053200660671864e-05 -0.001405183657412542 -0.00288736866787076 7.040310219414437e-05 0.9999999933095342 -9.178417501915084e-05 -0.018046855926513672 0.0014051901217332474 9.168515488635576e-05 0.9999990085167855 0.6699927449226379
0.9999976369839434 -0.00012682551069965876 -0.002170240037228918 -0.004225074779242277 0.00012684123795043807 0.9999999919303801 7.10914279821808e-06 -0.01815040037035942 0.0021702391180952398 -7.38440193217122e-06 0.9999976450010475 0.69899582862854
0.9999983937930994 -0.0001572992901877163 -0.0017854041992334364 -0.003961464855819941 0.00015747259268724764 0.9999999829038573 9.692609396333616e-05 -0.01806141436100006 0.0017853889223041302 -9.720709050822318e-05 0.9999984014673112 0.7237586379051208
0.9999999417714052 -0.00026077162703056427 0.00022012574684302522 -0.002618516329675913 0.00026071216311827856 0.9999999295317442 0.00027012159149798743 -0.01799028180539608 -0.00022019617137805883 -0.0002700641863095693 0.9999999392894886 0.8621145486831665
0.9999999537824891 -0.00020199496006543358 0.00022722908234044714 -0.003241331782191992 0.0002019277829033706 0.9999999359168754 0.00029562039111559625 -0.01828412339091301 -0.00022728878160799547 -0.0002955744935879494 0.9999999304877619 0.9183577299118042
0.9999995608631713 -0.00024564876130420626 0.0009043949084791212 -0.001543235033750534 0.0002454145515465023 0.9999999363271289 0.0002590703296902783 -0.017987877130508423 -0.0009044584911992801 -0.00025884826425207004 0.9999995574761089 0.8542085886001587
0.999999734901935 -0.00022396945259687515 0.0006928446753855652 -0.0022464897483587265 0.00022378049473049494 0.9999999377531047 0.0002727931027948214 -0.01816570945084095 -0.0006929057295800404 -0.0002726379853536685 0.999999722775051 0.8894084095954895
0.9999997211498701 -0.00022556215133474612 0.0007119142490229567 -0.002341845538467169 0.00022536119494513608 0.9999999347471774 0.00028234371389161054 -0.01817457191646099 -0.0007119778886240638 -0.00028218319731417095 0.9999997067300216 0.8951130509376526
0.9999997941313536 -0.0002210503812049488 0.0006023902216916154 -0.0022143558599054813 0.00022089049015221193 0.9999999403635312 0.00026548130885956653 -0.01810290850698948 -0.000602448870511716 -0.00026534819193395646 0.9999997833228242 0.8748267889022827
0.9999993995728147 -0.0002633779988976916 -0.0010637133257587336 -0.003826477099210024 0.0002636578888848043 0.9999999306594034 0.00026299373690430965 -0.018084008246660233 0.0010636439852360687 -0.0002632740354055687 0.9999993996739471 0.8294052481651306
0.9999996354512632 -0.0002252677460922221 -0.0008236211403605255 -0.0035808845423161983 0.0002254378059868608 0.9999999532902132 0.00020639129503799536 -0.018024390563368797 0.0008235746085875115 -0.0002065768951411568 0.9999996395253601 0.8246030807495117
0.9999993102056713 -0.0002058887262934958 0.0011563727831847483 -0.0007751821540296078 0.00020565207439027225 0.9999999578891846 0.0002047653612737662 -0.017902079969644547 -0.0011564148933683692 -0.00020452740956615093 0.9999993104363287 0.8246827721595764
0.9999989092672159 -0.0002192852622263665 0.0014606088978761375 -0.00022183172404766083 0.0002189905561492863 0.9999999556344716 0.00020192620281960717 -0.01784377358853817 -0.0014606531125157876 -0.00020160612301721526 0.9999989129231374 0.8134808540344238
0.9999926501980261 -0.00013438262367530086 0.0038316434122416146 0.0036822836846113205 0.00013452505101372453 0.9999999902701967 -3.6913642068783006e-05 -0.01731765829026699 -0.0038316384144084074 3.742882278632187e-05 0.9999926585461236 0.7108174562454224
0.9999986398694543 -0.0002024216757570742 0.0016368520724136797 0.0001278473064303398 0.00020214423311390662 0.9999999651763668 0.00016966135262668215 -0.01787063479423523 -0.0016368863585478532 -0.00016933024165819503 0.9999986459642427 0.8120558261871338
0.9999956170988331 -0.00019927425385127265 0.0029539927041656246 0.0019133610185235739 0.00019896380208925412 0.9999999746532673 0.00010538913969171123 -0.017499933019280434 -0.0029540136306337368 -0.00010480094016176315 0.9999956314005745 0.7799478769302368
0.999999964449843 -0.00014972452487941213 -0.00022064197171371648 -0.0012844470329582691 0.00014968817152843233 0.9999999752223097 -0.0001647690251656326 -0.017908751964569092 0.00022066663621072576 0.0001647359918147596 0.9999999620841438 0.6645852327346802
0.999999455026137 -0.00016692437198906918 0.0010305744428853497 0.00014325184747576714 0.00016685943631811924 0.9999999840884832 6.309485880469067e-05 -0.017698366194963455 -0.001030584958557029 -6.292286334901804e-05 0.9999994669675358 0.7163892388343811
0.9999999880594571 -0.00014419020581297152 5.559020033946602e-05 -0.001243826001882553 0.00014418846175101412 0.9999999891126082 3.137628179121974e-05 -0.01780404895544052 -5.559472388676285e-05 -3.1368265951094516e-05 0.9999999979626293 0.7073256969451904
0.9999971887192401 -0.00022023823273530248 0.0023609423408742962 0.0013693571090698242 0.00021992057202872113 0.9999999667310019 0.0001348070354953973 -0.01752523146569729 -0.0023609719519913685 -0.00013428743672484026 0.9999972038852538 0.7586447596549988
0.9999984883081149 -0.00019498104043735753 -0.0017278205576703408 -0.004178779665380716 0.0001952926523599538 0.999999964697465 0.00018018282177592975 -0.018102111294865608 0.0017277853644398356 -0.00018051998005452966 0.9999984910839974 0.7425878643989563
0.9999988039386482 -0.00019844711237121772 0.001533864406386775 0.00014788145199418068 0.0001983228782640539 0.999999977041692 8.114586723934694e-05 -0.017514122650027275 -0.0015338804743348776 -8.084156977996984e-05 0.9999988203369699 0.7502591609954834
0.999999940774311 -0.00017347175628693558 0.0002972522907217478 -0.0012950599193572998 0.0001734484781388895 0.999999981889621 7.833507003734317e-05 -0.017782505601644516 -0.0002972658742605744 -7.828350744044567e-05 0.9999999527523451 0.7315637469291687
0.9999989622121652 -0.00020520843993973863 0.0014259958234451734 0.00011315476149320602 0.000205030479390016 0.9999999711759427 0.00012494245073568926 -0.017634142190217972 -0.001426021421587586 -0.00012464994846464475 0.9999989754621228 0.7564234733581543
0.9999983341786395 -0.00014747084511629405 0.0018193109397645285 0.0010540971998125315 0.00014750671013055887 0.9999999889292095 -1.957935077315033e-05 -0.017545238137245178 -0.0018193080322399134 1.9847678728878793e-05 0.9999983448608067 0.7066080570220947
0.9999997109774853 -0.00011202416892418409 0.0007519943692890099 -0.00022713933140039444 0.00011211270273404507 0.9999999867897981 -0.00011769089004120413 -0.017802227288484573 -0.0007519811751308656 0.00011777516414706892 0.9999997103266195 0.6552671194076538
0.9999937680840622 -0.0002891703362336379 -0.0035185470801765146 -0.004594156052917242 0.00028764077394010604 0.9999998639264446 -0.0004352124508570534 -0.018960097804665565 0.0035186724519260513 0.00043419766104435786 0.9999937151885341 0.5464086532592773
0.9999985796438007 -0.00023274810731476484 0.0016692928741868253 0.0006830843631178141 0.00023251185546989715 0.99999996292673 0.0001417207665879694 -0.017675116658210754 -0.0016693257975408705 -0.00014133243491050012 0.9999985966872776 0.7630936503410339
0.9999982651135731 -0.00017535101882758152 0.0018544599925320367 0.00015663402155041695 0.00017502636143696123 0.9999999693302379 0.00017522926610102045 -0.01790834404528141 -0.0018544906622865293 -0.00017490438271322182 0.9999982651349152 0.8240613341331482
0.9999982731412969 -0.00024699324841776323 0.0018419307152310522 0.00019053881987929344 0.00024658933495869264 0.999999945504098 0.00021951196130585957 -0.017814889550209045 -0.0018419848328257659 -0.00021905738176960992 0.9999982795513896 0.8108710050582886
0.999999403724831 -0.0001721097647691642 0.0010783914925312536 -0.001401614397764206 0.00017186888403749215 0.9999999602635616 0.0002234590827726203 -0.018063394352793694 -0.0010784299091699883 -0.00022327360758714107 0.9999993935687296 0.8676415681838989
0.999998714334361 -0.00016639882461185 0.001594879636733785 -0.00026012491434812546 0.00016611408228198827 0.9999999702422652 0.00017866611298700166 -0.017895931378006935 -0.0015949093191049792 -0.00017840095131491313 0.9999987122178527 0.8301360607147217
0.9999978445453936 -0.0002002774252228856 0.002066589828596261 0.0010172019246965647 0.00020002362484947567 0.9999999724286646 0.00012301715116353308 -0.017692793160676956 -0.0020666144091759132 -0.00012260351921705508 0.9999978570343342 0.7613620162010193
0.9999997726153005 -0.00020088632543934317 0.0006437499761400766 -0.0005293935537338257 0.0002008662448716456 0.9999999793378563 3.1257618038086e-05 -0.01771870255470276 -0.0006437562420668517 -3.112830329023844e-05 0.9999997923044432 0.6956538558006287
0.9999989453132897 -0.00016770098973286948 0.0014426533492638226 0.0003639941569417715 0.00016767947482672436 0.9999999858287806 1.5034366323954425e-05 -0.017686087638139725 -0.0014426558500977783 -1.4792447111446493e-05 0.9999989592620993 0.7062413096427917
0.9999970113690599 -0.00024048023523585245 0.0024329862728905815 0.001498000929132104 0.0002402575681527795 0.9999999669234343 9.181193190580261e-05 -0.01741776615381241 -0.0024330082713707336 -9.12271141485485e-05 0.9999970360697898 0.7362087965011597
0.9999906155458089 -0.00024609278779241323 0.004325304457951745 0.0036956528201699257 0.00024577867032020965 0.999999967120625 7.315459121440916e-05 -0.017208486795425415 -0.004325322318555729 -7.209083712009359e-05 0.9999906431511006 0.7600456476211548
0.9999748293377191 -0.000254430158116305 0.007090554018826222 0.006906487978994846 0.0002544145521048931 0.999999967631803 3.1029393018286055e-06 -0.01680717058479786 -0.007090554578799111 -1.2989210739161382e-06 0.9999748617010717 0.7347036600112915
0.9999978978292859 -0.00021268553741497992 0.002039387621619199 0.0009599402546882629 0.00021249129150829448 0.9999999728670971 9.546337675857668e-05 -0.017619282007217407 -0.002039407869964282 -9.50298239686579e-05 0.9999979158902645 0.7456446290016174
0.9999966758250002 -0.0001936702634616181 0.0025711535891422125 0.00176954735070467 0.0001936543198627901 0.9999999812282016 6.449908013116676e-06 -0.017548801377415657 -0.0025711547900324192 -5.951971572925599e-06 0.9999966945583472 0.7112541794776917
0.9999992142395048 -0.00031623201874376506 0.0012130612856575806 0.000277545303106308 0.0003165037269989518 0.999999924869435 -0.00022380016653859676 -0.017741015180945396 -0.0012129904217411413 0.00022418392910325592 0.9999992391976117 0.6491857171058655
0.9999966085329449 -0.0003575506101403919 0.0025797442060698818 0.0019042596686631441 0.00035813536633980337 0.9999999102831896 -0.00022621377423486983 -0.01755240559577942 -0.002579663091750461 0.00022713690467461098 0.9999966468679579 0.6525602340698242
0.9999939908187129 -0.0002656213335896024 0.003456554899125452 0.002396276220679283 0.0002651716484680898 0.999999956319827 0.00013055397550573058 -0.0174177885055542 -0.0034565894260636166 -0.0001296366106226025 0.9999940175740494 0.7847224473953247
0.9999918275670155 -0.0002801750471988341 0.0040331502728153616 0.002476517576724291 0.00027938838663445334 0.9999999418392801 0.00019561075057934616 -0.017508933320641518 -0.0040332048434957146 -0.00019448233661581985 0.9999918476844254 0.8275054097175598
0.9999856447379457 -0.0002887090400553781 0.0053504172851282835 0.004263604525476694 0.00028801804263782396 0.9999999500834087 0.00012991838647680542 -0.01715811900794506 -0.0053504545266663366 -0.00012837550475056366 0.9999856779754837 0.8030034303665161
0.9999973853683795 -0.00027803762399574176 0.0022697910662029864 9.425543248653412e-05 0.0002774544617051301 0.9999999284247979 0.0002572341745084518 -0.017804250121116638 -0.0022698624245209233 -0.00025660373827738887 0.9999973909361439 0.8555116057395935
0.9999993864556768 -0.00023728611393830222 0.0010820275272974266 -0.0013417145237326622 0.00023698178138522263 0.9999999323322056 0.0002813809146230785 -0.018042661249637604 -0.001082094221862778 -0.00028112432117248894 0.99999937502041 0.8612641096115112
0.9999995317791824 -0.00022967203447690591 0.0009400490266723168 -0.0008908254094421864 0.00022945854561132076 0.9999999478632123 0.00022720552059606055 -0.017854344099760056 -0.0009401011604153399 -0.00022698971193124237 0.9999995323426301 0.8034994006156921
0.999999275253851 -0.00023131122494681166 0.001181518891211419 -0.00045230891555547714 0.00023106176616774108 0.9999999509885439 0.00021126611275752355 -0.017795665189623833 -0.0011815677015267893 -0.00021099295580145804 0.9999992796896103 0.7968838214874268
0.9999995606982327 -0.0002727290665235742 0.0008967843652451581 -0.00183763075619936 0.0002724812128357299 0.9999999246533444 0.00027649103810117854 -0.017915979027748108 -0.0008968597048181788 -0.0002762465597466827 0.9999995596651571 0.8694115877151489
0.9999998869568251 -0.00022739358295271377 0.00041758651217658127 -0.0037011108361184597 0.000227245236887861 0.9999999110751775 0.00035525939683395396 -0.01848614029586315 -0.0004176672587498986 -0.00035516446212842314 0.9999998497061214 0.9730470776557922
0.999999870066153 -0.00025380238738519155 0.00044209956474751915 -0.004111454356461763 0.00025363141702632985 0.9999998930528703 0.0003867367994995272 -0.01846282184123993 -0.00044219767218924233 -0.00038662461891025347 0.9999998274912965 0.9871478080749512
0.9999999070604142 -0.00022557330706193617 0.0003674178089674132 -0.004531641956418753 0.00022542944962403193 0.999999897942615 0.0003915307431786786 -0.018678389489650726 -0.00036750609035426766 -0.00039144787999551586 0.999999855853905 1.0126910209655762
0.9999998513462682 -0.0002099431488378291 0.0005032209405106184 -0.004128545988351107 0.00020975754012282462 0.9999999099698934 0.00036886580048354806 -0.018774505704641342 -0.0005032983360532357 -0.00036876019126365063 0.9999998053533339 1.0104557275772095
0.999999946419553 -0.00027294805630420746 0.00018072147061615567 -0.0037821014411747456 0.000272872810834557 0.9999998761359423 0.00041625536571458273 -0.018287137150764465 -0.00018083506432425896 -0.0004162060294357689 0.9999998970356052 0.9497289061546326
0.999999915166298 -0.00026906585882774896 -0.0003118829266553847 -0.0044173127971589565 0.00026918721269735246 0.9999998880603465 0.00038912406618794783 -0.018441321328282356 0.00031177819174225854 -0.00038920798807282715 0.9999998756557427 0.9521638751029968
0.9999999672542785 -0.00025364901719717304 -3.3964957882920297e-05 -0.004877424333244562 0.000253661610243354 0.9999998989048582 0.0003712762599406043 -0.01860298588871956 3.387078059078548e-05 -0.0003712848633888036 0.999999930500158 1.0000734329223633
0.9999999769304023 -0.00021449674338259048 1.141674871677496e-05 -0.004617531318217516 0.0002144920828465912 0.9999998943075925 0.00040666687892807255 -0.018741721287369728 -1.1503976231282934e-05 -0.00040666442074421957 0.9999999172458504 1.005669116973877
0.9999999224974501 -0.0002774797037514319 -0.00027930289668180546 -0.004919730592519045 0.00027758960984324607 0.9999998840352815 0.00039353961979332727 -0.018434109166264534 0.00027919366503540897 -0.0003936171208751212 0.9999998835582231 0.981448233127594
0.9999999235366729 -0.00023353184377175698 -0.00031367104779418957 -0.005266915541142225 0.00023365990067840718 0.9999998893561984 0.0004082776526184372 -0.018727662041783333 0.00031357566725544563 -0.0004083509137460428 0.9999998674599072 1.0183296203613281
