0.9999907516884731 0.00022164843202989075 0.00429504476053657 0.004167879465967417 -0.00022186955658432615 0.9999999740860802 5.100724012247734e-05 -0.00765649089589715 -0.0042950333435603305 -5.195970806816064e-05 0.9999907749518324 0.5105539560317993
0.999995641129019 0.00017363576960547226 0.0029474690128501444 0.0027632396668195724 -0.00017377200188323328 0.9999999838452982 4.5964056778254694e-05 -0.009191717952489853 -0.0029474609842302887 -4.647604401771321e-05 0.999995655147423 0.5317692160606384
0.9999662125216519 0.00044076450076892227 -0.008208504233891228 -0.009548492729663849 -0.00043934271329318006 0.999999888174475 0.00017501147937549428 -0.005683977156877518 0.008208580454818266 -0.00017139921965672787 0.9999662943465767 0.42723190784454346
0.999999909560363 0.00025955991516325315 -0.00033690935947976733 -0.0008266856893897057 -0.000259536506947487 0.9999999639038065 6.952112896148243e-05 -0.007327067665755749 0.0003369273922169572 -6.943368239569947e-05 0.9999999408294464 0.4755844473838806
0.9999827796029739 0.00017917739678698373 0.005865866770584636 0.006230038125067949 -0.0001798139314909715 0.9999999780027897 0.00010798782223900222 -0.008145761676132679 -0.005865847292575059 -0.00010904072721145039 0.9999827898247348 0.5080640316009521
0.9999432106189922 9.425939288780945e-05 0.010656765557567616 0.011389825493097305 -9.52571126076128e-05 0.9999999911277853 9.311558542513687e-05 -0.007904856465756893 -0.010656756685999951 -9.412543016542853e-05 0.9999432107261588 0.5374761819839478
0.999972449263406 0.0001050816907488423 0.007422241708770229 0.007773268036544323 -0.00010633628890922703 0.9999999801269408 0.00016863781249730524 -0.011956540867686272 -0.0074222238405211175 -0.0001694224200400512 0.9999724405648913 0.630010187625885
0.9999827658179806 0.0001552456764575159 0.005868898176075434 0.006355509161949158 -0.00015657886486933532 0.9999999620444432 0.0002267028249053159 -0.01107812486588955 -0.0058688627586847295 -0.00022761786328201082 0.99998275217127 0.5917184352874756
0.9999671880764766 0.0001270603387409259 0.008099791731576983 0.00887057464569807 -0.00012806933037206306 0.9999999841047338 0.00012405151675740235 -0.008987798355519772 -0.008099775840800896 -0.00012508478129173776 0.9999671884542645 0.5436281561851501
0.9999928331011205 0.00024793880211700786 0.00377786616287628 0.00392191344872117 -0.00024833947281213263 0.9999999635892677 0.00010558867934193689 -0.009587915614247322 -0.0037778398457907337 -0.00010652611588979273 0.9999928582636408 0.537326455116272
0.9999999553249105 0.00029735806705511597 -3.0468945790195402e-05 -9.460281580686569e-05 -0.0002973536463928857 0.9999999452794361 0.00014498942498249363 -0.010020062327384949 3.051205789807374e-05 -0.00014498035845294567 0.9999999890248548 0.49647653102874756
0.9999653690481316 -1.5620387022139906e-06 0.0083223014841918 0.008764386177062988 6.230174723346183e-07 0.9999999936339927 0.0001128345082676025 -0.01078200712800026 -0.008322301607463839 -0.00011282541576194292 0.999965362683318 0.6009929180145264
0.9999756057949563 3.694996343939489e-05 0.0069847297521522566 0.007174159400165081 -3.782366391549771e-05 0.9999999914777876 0.00012495517274899038 -0.01125379092991352 -0.006984725075537841 -0.000125216312637571 0.9999755986705348 0.5969769954681396
0.9999754585079809 6.692067094686595e-05 0.007005562317008433 0.007231556810438633 -6.737600679656948e-05 0.9999999956332859 6.476034523201792e-05 -0.011121299117803574 -0.00700555795261139 -6.52307627308068e-05 0.9999754586502213 0.598459005355835
0.9999790579187569 7.253557971337725e-05 0.006471357083716266 0.006798840593546629 -7.349347788228617e-05 0.9999999863793669 0.00014778353877446557 -0.011582020670175552 -0.00647134627600763 -0.00014825604641829066 0.9999790496293012 0.6010177135467529
0.999980864957174 5.6559548801896605e-05 0.006185993899052548 0.006279635243117809 -5.7376075843213296e-05 0.9999999896659066 0.0001318187094017017 -0.012338674627244473 -0.006185986379519184 -0.00013217111510016976 0.9999808578684435 0.6369034051895142
0.9999737013510435 -2.8643057362942613e-05 0.007252295213873479 0.007120778784155846 2.8080077628551484e-05 0.9999999965848081 7.772961359811076e-05 -0.012530959211289883 -0.00725229741551928 -7.75239244016985e-05 0.9999736987402408 0.6543244123458862
0.9999736644045895 2.712273517321948e-06 0.007257443758043227 0.007237928453832865 -3.406989522485581e-06 0.9999999954137786 9.571225291759962e-05 -0.012399342842400074 -0.007257443465161173 -9.573445831327464e-05 0.9999736598277295 0.6503983736038208
0.9999829921867642 4.3030539002254626e-05 0.005832108159049835 0.005898954812437296 -4.3655690129307896e-05 0.9999999933157386 0.00010706401696054442 -0.011995738372206688 -0.005832103513044142 -0.00010731680074233176 0.9999829873811443 0.6091530323028564
0.999967274991212 6.572541579710759e-05 0.008089785338310212 0.007744069676846266 -6.638111913158983e-05 0.9999999945336849 8.078476049991921e-05 -0.008856026455760002 -0.008089779984476922 -8.131912582221326e-05 0.9999672738880022 0.5449396371841431
0.9999205471418267 -3.702754913914648e-05 0.012605476292101729 0.01273023895919323 3.687125659534384e-05 0.9999999992404819 1.2631180187951389e-05 -0.008887497708201408 -0.012605476750229286 -1.2165396853710746e-05 0.9999205477476211 0.5829753875732422
0.999957968355757 -6.873135712611845e-05 0.009168249441827623 0.009558209218084812 6.787009899310345e-05 0.9999999932552643 9.425031100850024e-05 -0.012123556807637215 -0.009168255857941988 -9.362409951574783e-05 0.9999579662761088 0.6400437951087952
0.999985498818035 3.9598232831757336e-05 0.0053852191808558166 0.004967339802533388 -4.0566716523670255e-05 0.9999999830253786 0.00017973197863156994 -0.013615760020911694 -0.005385211972375022 -0.00017994783296537044 0.9999854834500299 0.7038601636886597
0.9999560701654691 -7.026142946698411e-05 0.00937298258628811 0.00970554817467928 6.91239297744297e-05 0.9999999902075263 0.00012168331657703331 -0.012286322191357613 -0.00937299104414719 -0.00012103007365899939 0.9999560652301718 0.6472906470298767
0.9999562526968708 -9.686484266673239e-05 0.0093532512868059 0.009572405368089676 9.615806953822396e-05 0.9999999924877405 7.601410838324648e-05 -0.01216808333992958 -0.009353258579636496 -7.511139238335977e-05 0.9999562544992763 0.6388880610466003
0.9998960199985105 0.00019761559428901307 0.014419089403116802 0.014382870867848396 -0.0001997010690646618 0.999999969807592 0.0001431932188612608 -0.004641832318156958 -0.01441906067055673 -0.00014605783719889167 0.9998960292732875 0.46854937076568604
0.999945171272698 0.00023075490304024144 0.010469059202682773 0.009965299628674984 -0.00023096171325209954 0.9999999731563769 1.854541708130665e-05 -0.004039838910102844 -0.010469054642209374 -2.096235210928007e-05 0.9999451977260945 0.48894500732421875
0.9999518628737715 0.0002844551402699825 0.009807702103299107 0.010300339199602604 -0.0002861563032534818 0.999999944256876 0.00017204887343173756 -0.008376453071832657 -0.009807652616400729 -0.0001748471272706912 0.9999518885319623 0.49020516872406006
0.9999694566195376 0.0005202941218756045 0.007798405096810997 0.00778215192258358 -0.0005208083766250598 0.9999998623368752 6.39129565837204e-05 -0.005925212521106005 -0.007798370769722558 -6.79724791647057e-05 0.9999695899341543 0.4542654752731323
0.9999803876017351 -3.196739062784845e-05 0.006262857971352276 0.005738409236073494 3.31620443934067e-05 0.9999999812767292 -0.00019064841999165378 -0.01240598876029253 -0.006262851759558575 0.00019085237009298792 0.9999803699389356 0.6408548355102539
0.9999805452384323 -2.275401318976622e-05 0.0062376780057075394 0.006043430417776108 2.2216972472701398e-05 0.9999999960409536 8.616553345508486e-05 -0.012498282827436924 -0.006237679941623967 -8.602527480462974e-05 0.999980541784988 0.6404043436050415
0.9999463750414909 -1.0361661476360334e-05 0.010356009560557338 0.010541630908846855 9.375937826861424e-06 0.9999999954214526 9.523227847246446e-05 -0.009863171726465225 -0.010356010499906488 -9.513007434370845e-05 0.9999463705603391 0.5847124457359314
0.9999677180524894 0.0003603640381443677 0.008027016298524313 0.007772194221615791 -0.00036025688912713486 0.9999999349980465 -1.479446190652337e-05 -0.007375508546829224 -0.008027021108144608 1.1902196391801482e-05 0.9999677828762619 0.5172714591026306
0.9999932892356735 2.572988310227333e-05 0.0036634439523082272 0.003233433235436678 -2.5694848766451862e-05 0.9999999996237086 -9.610289845386524e-06 -0.012588360346853733 -0.0036634441982013387 9.51609371467733e-06 0.99999328952051 0.606839120388031
0.9999905912320912 -5.3293916675704655e-05 0.004337580783221435 0.0031874817796051502 5.369168134722628e-05 0.9999999943646435 -9.158556788615729e-05 -0.014441403560340405 -0.004337575877823998 9.181759818403583e-05 0.9999905884582277 0.7340521812438965
0.9999814547945822 -0.0008177237488365625 0.006035014066375337 0.004677176475524902 0.0008182988209365548 0.9999996608856265 -9.282064233499773e-05 -0.01951008290052414 -0.006034936118171704 9.775736585196909e-05 0.9999817848288772 0.8957318067550659
0.9999519208316994 -0.0006181596152362114 0.009786414240427354 0.009113874286413193 0.0006189757365677748 0.9999998052052602 -8.036466553227203e-05 -0.018802959471940994 -0.009786362655894611 8.641835462881835e-05 0.9999521086721281 0.8183811902999878
0.999999745490315 0.00020896295339873096 0.0006821684461074106 -0.0006232615560293198 -0.00020904001361202578 0.9999999717785778 0.00011289426864871002 -0.014824580401182175 -0.0006821448361358484 -0.00011303684041728528 0.9999997609505189 0.737701952457428
0.9999715317933002 -8.054598096607024e-05 0.007545138521296839 0.007612391375005245 7.911059178503156e-05 0.999999978718291 0.00019053853014146393 -0.013138491660356522 -0.007545153707836219 -0.00018993620547768376 0.9999715168842375 0.6741043329238892
0.9999466004522007 -0.0005495891650152332 0.010319602503800984 0.009741861373186111 0.0005489051577123731 0.999999846963143 6.911453056505323e-05 -0.016146153211593628 -0.010319638909118595 -6.344635684049682e-05 0.9999467490958432 0.792924165725708
0.9999897651002754 -6.743466872288228e-06 0.004524339644825651 0.0038716034032404423 6.334053773385378e-06 0.9999999958843115 9.05055614077007e-05 -0.014623049646615982 -0.004524340236526133 -9.047597768175579e-05 0.9999897610273425 0.7477216720581055
0.9999941245078215 0.00023821996953942806 0.0034196785055820066 0.003030381165444851 -0.00023842676784462257 0.9999999697724068 6.0065480151408096e-05 -0.01268258597701788 -0.003419664093416504 -6.088047013030292e-05 0.9999941510784234 0.6276923418045044
0.9999955114613355 9.064468168796443e-06 0.0029961600453678114 0.0017651254311203957 -9.288284592850583e-06 0.9999999971677761 7.468718476777803e-05 -0.016236748546361923 -0.002996159359882406 -7.471467871864857e-05 0.9999955087133177 0.8127356767654419
0.9999998796754641 0.0002170134590390714 -0.00043994796920240637 -0.00263784546405077 -0.00021696076460896158 0.9999999692857858 0.00011981841968914104 -0.017457377165555954 0.0004399739578994636 -0.00011972295382425899 0.9999998960446598 0.836039662361145
0.9999995445296421 0.00022053431385912688 0.0009286038579064412 -0.0003849519416689873 -0.00022069852551107408 0.9999999600278515 0.0001767383843430998 -0.015206972137093544 -0.000928564843909826 -0.00017694324534622846 0.9999995532291096 0.7494881749153137
0.9999998938881723 0.00023592566934357612 0.0003956800758294727 -0.0013317717239260674 -0.00023600314406614002 0.9999999529890612 0.00019576616478300318 -0.016312982887029648 -0.00039563387096471967 -0.00019585952575183776 0.9999999025564383 0.7895870208740234
0.9999998042304338 0.00021496620479250495 0.0005876466836242191 -0.0010121939703822136 -0.00021503206112480363 0.9999999706078195 0.00011200702007687365 -0.015867767855525017 -0.0005876225886279859 -0.00011213336102690079 0.9999998210628852 0.7785863280296326
0.9999927111531454 4.523813576615357e-05 0.003817799640219939 0.0021029701456427574 -4.518079300823946e-05 0.9999999988652509 -1.5106089343613817e-05 -0.018518734723329544 -0.0038178003192590156 1.4933488022350312e-05 0.9999927120622996 0.8466421365737915
0.9999989957103478 0.00021486933457489233 0.0014008602588010239 0.0002660471946001053 -0.00021512969582941855 0.9999999596154879 0.0001857100861828007 -0.0149898836389184 -0.001400820298825324 -0.00018601126631745824 0.999999001550651 0.7403961420059204
0.9999977417698831 0.0002575760854791887 0.00210952831092273 0.0014666598290205002 -0.00025795644069527606 0.9999999505232339 0.0001800333435438878 -0.013409014791250229 -0.002109481834266205 -0.00018057710340180086 0.9999977587366388 0.6571452021598816
0.9999921470101644 0.0003527305464255802 -0.00394734077112398 -0.004366640001535416 -0.00035244622130300556 0.9999999352463714 7.272491918744627e-05 -0.010998799465596676 0.003947366167819826 -7.133312274041714e-05 0.9999922065755926 0.5135772228240967
0.999981267688914 0.00048553224957722645 -0.006101518639411897 -0.006506282836198807 -0.00048424729786895583 0.9999998602652208 0.00021207096298896268 -0.010519681498408318 0.006101620754109267 -0.00020911234649567938 0.9999813630744323 0.4433854818344116
0.9999993269241771 0.0002536781831953094 -0.0011321654350412028 -0.0013576354831457138 -0.0002536314321534243 0.9999999669770413 4.143685755972592e-05 -0.011956613510847092 0.0011321759092804934 -4.1149676928854817e-05 0.9999993582420015 0.5559937953948975
0.9999984487062116 0.0002543618536258035 0.0017429530165066957 0.0006971731781959534 -0.00025455381643664624 0.9999999615604587 0.00010991558511743552 -0.014052994549274445 -0.0017429249911764084 -0.00011035908994829263 0.9999984750155104 0.6859556436538696
0.9999972859195675 0.00025571433910451404 -0.002315764166548903 -0.0029379837214946747 -0.00025561748715247215 0.9999999664428539 4.211876961716713e-05 -0.01094693224877119 0.0023157748592118037 -4.1526705486347714e-05 0.9999973177275696 0.5553260445594788
0.9999991892821717 0.00023676704802104635 0.0012511500167494765 0.0007770154625177383 -0.0002370355605837488 0.9999999489086633 0.00021446867833614493 -0.013274706900119781 -0.001251099173710687 -0.00021476507150815837 0.9999991943130864 0.656667947769165
0.9999999650173097 0.0002641610393414655 -1.3576620213477498e-05 -0.0005150875076651573 -0.00026415850386340034 0.9999999477344959 0.00018641697938198492 -0.013185657560825348 1.362586360691304e-05 -0.00018641338648093435 0.9999999825321924 0.638498067855835
0.9999999392712899 0.0002721704458058559 -0.00021767100213464848 -0.0007420573383569717 -0.0002721281541608155 0.9999999440973514 0.0001942976123074645 -0.013289326801896095 0.00021772387203402362 -0.00019423836609999587 0.9999999574338856 0.6345952153205872
0.9999925980192939 0.0003830331062778339 -0.00382847126964662 -0.0038120876997709274 -0.00038233414492866224 0.9999999101109396 0.000183299520676422 -0.010531735606491566 0.0038285411352937193 -0.0001818344086076422 0.999992654577534 0.448706716299057
0.9999952206718231 0.00036627280670673435 -0.003069931227740953 -0.002680347301065922 -0.0003656431709929002 0.999999912005254 0.0002056564025787502 -0.009935874491930008 0.003070006283950924 -0.00020453292029046926 0.999995266602648 0.40595385432243347
0.9999940537287451 0.000455096815242585 -0.003418390562994755 -0.0033327657729387283 -0.0004545646542084234 0.9999998844469874 0.0001564512308452971 -0.01092599704861641 0.0034184613684463245 -0.00015489642101962323 0.9999941450473456 0.44236674904823303
0.9999991630819869 0.00028256104061202055 -0.0012625349833337279 -0.0014426326379179955 -0.00028243779102728466 0.999999955332226 9.779795591249196e-05 -0.011758862063288689 0.001262562560831293 -9.744128647183356e-05 0.9999991982201665 0.5386092662811279
0.9999904818707627 0.0004020993413232297 -0.0043444774138194425 -0.004546334035694599 -0.00040138490649922623 0.9999999057801653 0.00016531732203266004 -0.010278846137225628 0.004344543478469799 -0.00016357194086048988 0.9999905490484315 0.45492637157440186
0.9999908154739886 0.0004071279435284943 -0.004266522530745394 -0.004068821668624878 -0.0004060340619388611 0.9999998844793303 0.00025725020328255875 -0.009471728466451168 0.004266626771620088 -0.000255515487087863 0.9999908652621923 0.37489742040634155
0.999973348162038 0.0006454982995009917 -0.0072722965801161 -0.006823701784014702 -0.0006438970235793759 0.9999997679390042 0.00022252766343428917 -0.007795465178787708 0.007272438533728052 -0.00021783912254053802 0.9999735317416607 0.2639222741127014
0.999991187475366 0.0002755604345758233 -0.004189157200964266 -0.004800093360245228 -0.0002754285047698515 0.999999961555325 3.207003847760988e-05 -0.01060121413320303 0.0041891658771472185 -3.091594255549834e-05 0.9999912249282282 0.5122020244598389
0.999999568305954 0.00023441125241518298 0.0008991325097498574 0.0001932084560394287 -0.0002346028816324287 0.9999999497904417 0.0002130272325680623 -0.013480789959430695 -0.0008990825286244265 -0.0002132380796832311 0.9999995730899729 0.6693849563598633
0.9999999196455158 0.00023664827379689087 -0.0003235839246204403 -0.0009511550888419151 -0.00023659060130157137 0.9999999561246505 0.00017825707342280722 -0.01320750080049038 0.00032362609465180016 -0.00017818050218375457 0.9999999317589273 0.6476917266845703
0.9999998421486374 0.0002670235252807851 0.0004943694342969968 -0.00010567344725131989 -0.0002670885004634011 0.9999999557029499 0.00013136906568477058 -0.012275920249521732 -0.0004943343337668573 -0.00013150108533886584 0.999999869170507 0.63161700963974
0.9999997605829242 0.00018325240204926445 0.0006672725462685078 -0.00022370554506778717 -0.00018336768204121255 0.9999999682744822 0.00017270589808566217 -0.01358024962246418 -0.0006672408763282687 -0.00017282821295702013 0.9999997624599823 0.6846392750740051
0.9999966040702498 0.00018706207383293723 0.0025993952659750944 0.0019090529531240463 -0.00018751127102867844 0.9999999675302987 0.00017256571186328857 -0.012989955022931099 -0.0025993629010735726 -0.00017305254175248267 0.9999966066769059 0.6639729738235474
0.999999325339222 0.00018075290636307057 0.0011474534796442558 0.0007108431309461594 -0.00018096978380398453 0.9999999657821169 0.00018890659754491323 -0.013460788875818253 -0.0011474192949642893 -0.0001891141245051775 0.9999993238321763 0.6675078868865967
0.9999994012922863 0.00016258028645276725 0.0010821195494978796 5.7987868785858154e-05 -0.00016284728992449517 0.9999999563203786 0.0002466576593764246 -0.014259565621614456 -0.0010820794005583902 -0.0002468337319365913 0.9999993840884501 0.7161430716514587
0.9999977387238055 0.00023028488710619572 0.0021141230206705936 0.001493692398071289 -0.00023058016662211983 0.9999999636964064 0.00013942730284346538 -0.012386680580675602 -0.0021140908359196355 -0.00013991446239819047 0.9999977555194216 0.6550500988960266
0.999998268258246 0.00019509312035963748 0.001850788800430615 0.0010577235370874405 -0.00019548350565955187 0.999999958685193 0.00021075059083417239 -0.013887227512896061 -0.001850747607975249 -0.00021111202455151816 0.9999982650809975 0.6978533267974854
0.9999748450963601 -6.0355784644215216e-05 0.007092639261213921 0.007115708664059639 5.929693074380291e-05 0.999999987066914 0.00014949931744072238 -0.012795645743608475 -0.007092648192632815 -0.00014907498506073496 0.9999748357425122 0.6667852997779846
0.9999613046804977 -8.91085240328894e-06 0.008797105334912686 0.009244799613952637 7.865815396836404e-06 0.9999999929090327 0.0001188278727727972 -0.011942754499614239 -0.008797106331390336 -0.00011875407828370353 0.9999612976598959 0.6324913501739502
0.9999929543566692 8.821961245028573e-05 0.0037527928693991404 0.003211292903870344 -8.90279533680715e-05 0.999999972874895 0.00021523065078607706 -0.013661157339811325 -0.0037527737800396393 -0.00021556323781625464 0.9999929350857667 0.6960254907608032
0.9999990281150216 0.00020893718484666832 0.001378446322936597 0.0005581853911280632 -0.00020924814134787247 0.9999999526950154 0.000225444411347902 -0.013698210939764977 -0.0013783991540085683 -0.00022573262957288742 0.9999990245298005 0.6909805536270142
0.9999995589691661 0.00019556153717925474 0.000918595209281344 -0.0005496349185705185 -0.0001956405878997463 0.9999999771672148 8.596703028340716e-05 -0.015222777612507343 -0.000918578376462668 -8.614670687608178e-05 0.999999574396165 0.759033203125
0.9999984860795956 0.000187745829330394 0.0017299104082131866 0.0006403056904673576 -0.0001881154224969799 0.9999999595176237 0.00021348849827903052 -0.014560529962182045 -0.0017298702566071406 -0.00021381359790175982 0.9999984809151665 0.7263467907905579
0.999999015876065 0.0001906890420222342 0.001389922512532918 0.0005724886432290077 -0.0001909748382736819 0.9999999606511409 0.00020549045674073476 -0.013757008127868176 -0.0013898832730627124 -0.00020575569473970176 0.9999990129440536 0.6942930221557617
0.9999960345429901 0.0001103298710249465 0.0028140230301512458 0.0017225705087184906 -0.00011050454433145007 0.9999999919775124 6.191704500523144e-05 -0.013672035187482834 -0.0028140161762761915 -6.222776180853636e-05 0.9999960387124867 0.703383207321167
0.9999941828361045 1.343021616277887e-06 0.003410907818668383 0.0018659355118870735 -8.130202339253978e-07 0.9999999879273207 -0.0001553856403593707 -0.014756150543689728 -0.0034109079861758614 0.0001553819633185611 0.9999941707645875 0.7426892518997192
0.9999985853916212 9.661515914391333e-05 0.001679249912080768 0.0002614166587591171 -9.674227476267195e-05 0.9999999924615162 7.561679398907172e-05 -0.015097029507160187 -0.001679242593693185 -7.577914147731108e-05 0.9999985871999185 0.7532709836959839
0.9999998606425863 0.00018236239294986358 -0.0004954379533188272 -0.0030345357954502106 -0.000182322692850694 0.9999999801651777 8.017530711312761e-05 -0.017736293375492096 0.0004954525644527641 -8.008496635831465e-05 0.9999998740565693 0.8615471124649048
0.9999994306003757 0.000214619569314094 -0.0010453407890194605 -0.0037677157670259476 -0.00021453919852715975 0.999999974022251 7.699629727018471e-05 -0.018623854964971542 0.0010453572867760185 -7.677198685345799e-05 0.9999994506669517 0.8891271948814392
0.9999997174191614 0.0001779981876381139 -0.0007303959489173749 -0.0032882653176784515 -0.00017790621366263023 0.9999999762383919 0.00012598648580117345 -0.018140384927392006 0.0007304183569281322 -0.00012585650822206023 0.9999997253245437 0.8707969188690186
0.9999998348723105 0.00020316598525957577 -0.0005375676089396417 -0.002837046980857849 -0.00020307661824894274 0.9999999655533192 0.0001662926566358518 -0.017582109197974205 0.0005376013754336487 -0.00016618346176422598 0.9999998416838966 0.8472285270690918
0.9999999783966 0.00020571685354153156 -2.9788845698060785e-05 -0.0017578154802322388 -0.00020571173602462885 0.9999999641018673 0.00017169433742246013 -0.015899691730737686 2.9824165047562302e-05 -0.00017168820579811602 0.9999999848168394 0.7832010984420776
0.9999999690981829 0.0002141814851981663 -0.00012621380730304003 -0.0017323708161711693 -0.000214154698932593 0.9999999545534871 0.00021220459245551495 -0.0156970527023077 0.00012625925186184056 -0.00021217755661810325 0.9999999695196427 0.7725838422775269
0.999999855136268 0.00019092759795225544 -0.0005032634449565256 -0.002833802253007889 -0.00019086532178234938 0.9999999741232573 0.00012378979520342868 -0.017426755279302597 0.0005032870668219561 -0.00012369372173141408 0.9999998657009866 0.8438222408294678
0.9999997230494818 0.00016979273451612516 -0.0007246180975232425 -0.003318391740322113 -0.00016972462563376013 0.9999999811737683 9.40532555888781e-05 -0.01801944524049759 0.0007246340534408707 -9.393024400545064e-05 0.9999997330412634 0.8709613084793091
0.9999999699130047 0.00021683408819709668 -0.00011470382714118839 -0.002084404230117798 -0.00021680921958723345 0.9999999530011421 0.0002167751736488822 -0.017036061733961105 0.00011475082599736145 -0.0002167502982795224 0.9999999699257777 0.8147311210632324
0.9999997118239202 0.00018604977139382816 0.0007360282325963883 -0.0007591359317302704 -0.0001861556389715553 0.9999999723380737 0.00014377040707612418 -0.015228098258376122 -0.00073600146378506 -0.00014390738145087198 0.9999997187962159 0.7577800750732422
0.9999988916194394 0.00017055425360636205 0.0014790778002544084 0.00013571139425039291 -0.00017074735229066887 0.9999999769169206 0.00013042814120053673 -0.014856282621622086 -0.0014790555210384662 -0.00013068054525474583 0.9999988976580728 0.7426080703735352
0.9999987266945594 0.00014292299270963647 0.0015893968284155077 3.5872682929039e-05 -0.00014303255222356865 0.9999999874028824 6.881804988376554e-05 -0.015445739030838013 -0.0015893869727120473 -6.904529774223252e-05 0.9999987345400982 0.7718436121940613
0.999999486106153 0.00017369448294881056 0.0009988081182010474 -0.0005235578864812851 -0.00017385652306236242 0.999999971740815 0.00016214894058992318 -0.015551414340734482 -0.0009987799255991472 -0.00016232250656921717 0.9999994880449012 0.7694686651229858
0.9999996190986935 0.0001477574906796107 0.0008602152010724958 -0.0008884910494089127 -0.00014783711041184557 0.9999999847944252 9.249507277336043e-05 -0.015744023025035858 -0.0008602015211525758 -9.262220927152525e-05 0.9999996257371647 0.7846450209617615
0.9999991789298411 0.00012921199321822347 0.0012749289801034908 -9.657256305217743e-05 -0.0001294606458629766 0.9999999726168394 0.00019495194680779141 -0.014831947162747383 -0.001274903755062277 -0.0001951168398677591 0.9999991682745711 0.740033745765686
0.9999991144785388 0.00015735988174403977 0.0013214688817175552 -0.00014260411262512207 -0.00015749953896014918 0.9999999820233878 0.00010557991763210786 -0.015175946056842804 -0.0013214522439186688 -0.00010578795487844565 0.9999991212860516 0.7539642453193665
0.9999996430099128 0.00020570194346345626 -0.0008195527788321553 -0.0033910758793354034 -0.00020563350755474437 0.9999999753640069 8.35873563404089e-05 -0.01802017167210579 0.000819569952723307 -8.341879898801378e-05 0.9999996606731407 0.8681017160415649
0.9999992471889265 0.00020080895841109137 -0.0012104946684958523 -0.004044950939714909 -0.00020074873689260544 0.9999999786064233 4.98708089406069e-05 -0.01867659203708172 0.0012105046571042402 -4.962776612159391e-05 0.9999992661075107 0.8938361406326294
0.9999989428549977 0.000197152552444376 -0.0014406317219609844 -0.004833647981286049 -0.00019711069351909473 0.9999999801474292 2.919787565385016e-05 -0.02011849544942379 0.001440637449796452 -2.891388086964049e-05 0.999998961863324 0.9537295699119568
0.9999992632263541 0.00020755698324226115 -0.001196021257145263 -0.003987103700637817 -0.00020745191443194625 0.9999999746123145 8.797200333879627e-05 -0.018873529508709908 0.0011960394859846745 -8.772382162384654e-05 0.9999992808967809 0.8965538740158081
0.9999995089851377 0.0002201610173292021 -0.0009662083678270543 -0.003509141504764557 -0.000220040460014232 0.9999999679938216 0.00012487814803842443 -0.01819758489727974 0.0009662358302025313 -0.00012466548178767148 0.9999995254233065 0.8697082996368408
0.9999989631154964 0.00019321533412670235 -0.0014270374090568597 -0.004561099223792553 -0.00019318621279230933 0.9999999811285019 2.054466108210471e-05 -0.019619155675172806 0.0014270413516700813 -2.0268955827095356e-05 0.9999989815705564 0.9309184551239014
0.9999988939268328 0.00020813868052285122 -0.00147269256823573 -0.004527229815721512 -0.000208083348113018 0.9999999776390571 3.772539650313919e-05 -0.01951063610613346 0.001472700387419186 -3.741891197575074e-05 0.9999989148761083 0.9221908450126648
0.9999989869880422 0.00020173502234998602 -0.0014090159225637463 -0.004239283502101898 -0.00020163031241054777 0.9999999769007686 7.445588921446236e-05 -0.018700938671827316 0.0014090309103770363 -7.41717134690983e-05 0.9999990045647298 0.8927571773529053
0.9999937520035548 0.00023640499238894317 0.0035270478495453244 0.0028503555804491043 -0.0002369178824705638 0.9999999614225812 0.00014499914978287026 -0.014112242497503757 -0.0035270134349580213 -0.00014583386453658444 0.999993769434947 0.704524040222168
0.9999978150351898 0.00014526456660270872 0.002085383190724847 0.0008668648079037666 -0.00014552880872907085 0.9999999814019201 0.00012656036255210057 -0.015096347779035568 -0.0020853647672045084 -0.00012686356935365183 0.9999978175773299 0.7518038749694824
0.999999125182221 0.00018705919997286208 -0.0013094440227458908 -0.004300189204514027 -0.00018695883575079442 0.9999999795765012 7.676842601255814e-05 -0.019250264391303062 0.0013094583562428153 -7.652354672420077e-05 0.9999991397311102 0.9172695875167847
0.9999989008844116 0.00020914167875241488 -0.0014678180156150308 -0.004451705142855644 -0.00020909465146351134 0.9999999776215411 3.2192293133948395e-05 -0.019565485417842865 0.001467824715517755 -3.18853448545103e-05 0.9999989222363838 0.9249773621559143
0.9999987196513593 0.00019552916988082434 -0.0015882266795608775 -0.004630908370018005 -0.00019541431204641465 0.9999999782804445 7.247314727368285e-05 -0.019455328583717346 0.0015882408156796253 -7.216269225882712e-05 0.99999873614103 0.9219129681587219
0.9999988347943248 0.00023635454316233738 0.0015081599791075533 0.00017657596617937088 -0.00023660451295581355 0.9999999583026686 0.00016556861299050205 -0.015504865907132626 -0.0015081207833274213 -0.00016592525752633075 0.9999988490195936 0.7623008489608765
0.9999969565226119 0.00017997626377150026 0.0024606003450009235 0.0017305351793766022 -0.00018028547929007556 0.9999999758802898 0.0001254454691913439 -0.013724998570978642 -0.0024605777084451045 -0.00012588869791343478 0.9999969648500822 0.6926910877227783
0.9999980242944625 0.00023459371629696075 0.0019739232406196473 0.0014210538938641548 -0.00023499916002659774 0.9999999513402252 0.0002051705190144582 -0.013402956537902355 -0.001973875012854457 -0.00020563398396143025 0.9999980307641102 0.675136387348175
0.9999998465951534 0.00016055284772100337 0.0005301249406682604 -0.0011940812692046165 -0.00016060388970838053 0.9999999824719558 9.624177288324036e-05 -0.01591987907886505 -0.0005301094794855007 -9.632689824678872e-05 0.9999998548525236 0.7846412062644958
0.9999994498171103 0.00018411098317700262 -0.0010326996767332306 -0.0037371190264821053 -0.00018401195788115876 0.9999999784633421 9.598392753727956e-05 -0.018321719020605087 0.0010327173261875991 -9.579384563914604e-05 0.9999994621590869 0.8789851665496826
0.9999992770383599 0.00019559908108205502 -0.0011864500651903936 -0.003986791707575321 -0.00019545011332504367 0.9999999730028765 0.00012567219110849493 -0.01870414987206459 0.0011864746145247528 -0.00012544020845262554 0.9999992882711184 0.8921295404434204
0.9999983397645821 0.00021114908570316312 -0.0018099403700150226 -0.005132293328642845 -0.00021111262462843446 0.9999999775089545 2.033593096839346e-05 -0.020069552585482597 0.0018099446232208024 -1.995379594402578e-05 0.9999983618498116 0.9452242851257324
0.9999996717326208 0.0002187105642935939 -0.0007801925017225636 -0.003075649030506611 -0.00021861379471494326 0.9999999684016039 0.00012411607559831246 -0.017446476966142654 0.0007802196225666639 -0.00012394547401164388 0.9999996879473814 0.8417709469795227
0.9999999311920571 0.0001924602808691779 -0.00031713549308783995 -0.0020937761291861534 -0.0001924046922288119 0.9999999661243381 0.00017530475405439817 -0.01595432125031948 0.00031716922154686827 -0.0001752437236350963 0.9999999343466588 0.7852102518081665
0.9999999831047577 0.00017132059402195284 -6.663136008304072e-05 -0.0017246175557374954 -0.00017130745891255105 0.9999999659052702 0.00019708681523358278 -0.015542246401309967 6.66651228415222e-05 -0.0001970753974547736 0.9999999783585242 0.7690921425819397
0.9999999770270961 0.00016441258525551596 -0.00013752930268853884 -0.00213495921343565 -0.00016439304663785727 0.9999999763958041 0.0001420680032221333 -0.01641218550503254 0.00013755265720996206 -0.00014204539109734774 0.9999999804511865 0.8056578636169434
0.9999996346777732 0.00018526974991683027 0.0008344575720821395 -0.0006189364939928055 -0.00018541601137145848 0.999999967462347 0.00017520333108855276 -0.015491459518671036 -0.0008344250850535135 -0.0001753579888775559 0.9999996364921103 0.7713661193847656
0.999997782056607 8.783159920578644e-05 0.002104321143904447 0.000605323351919651 -8.810029925720045e-05 0.9999999879786324 0.00012759730451365235 -0.016038618981838226 -0.002104309911532319 -0.0001277824128325651 0.9999977777732564 0.8008638620376587
0.9999990399429123 2.4664250162577342e-05 0.0013854619909838331 -0.0010952223092317581 -2.4818268364385417e-05 0.9999999935148306 0.00011115031361929699 -0.017944201827049255 -0.0013854592405597368 -0.00011118459167615149 0.9999990340698731 0.8788662552833557
0.9999997978560531 0.00015639789098222643 0.0006163015114540507 -0.001778310164809227 -0.00015641086188188937 0.9999999875473587 2.0998211882161323e-05 -0.01805116795003414 -0.0006162982197034163 -2.1094603888085532e-05 0.9999998098657431 0.8800481557846069
0.9999999717262195 0.00010250414226305265 -0.0002145704116932438 -0.003152106888592243 -0.00010248561062336501 0.9999999910179905 8.637545365112112e-05 -0.01928888075053692 0.00021457926360775935 -8.635346082929639e-05 0.9999999732494096 0.918744683265686
0.9999997529452075 0.0001756450323434349 0.0006806308447138835 -0.001231115311384201 -0.00017571937386416086 0.9999999786027237 0.00010916617622436914 -0.01643659546971321 -0.0006806116556536835 -0.00010928574928020787 0.9999997624121715 0.805741548538208
0.9999982783115878 1.7094257181868578e-05 0.0018555542692985899 0.0001378469169139862 -1.727605807382971e-05 0.999999995052628 9.796061239022396e-05 -0.01570483297109604 -0.001855552585554571 -9.799250039588832e-05 0.9999982736595459 0.7825671434402466
0.999990733199045 0.00012859433096333876 0.004303136011601336 0.003637193236500025 -0.00012922649159169197 0.9999999809001895 0.00014662924123331044 -0.013603491708636284 -0.0043031170737230775 -0.00014718396161893886 0.9999907307172058 0.6987278461456299
0.9999893442509038 -2.647511245782696e-05 0.004616349609324231 0.0033724047243595123 2.632936843017756e-05 0.999999999153089 3.163204192252731e-05 -0.014758233912289143 -0.004616350442876462 -3.151015928975878e-05 0.999989344101075 0.7492243051528931
0.9999793734933503 -4.595150148157795e-05 0.0064226533696325125 0.0060007208958268166 4.5493168307812274e-05 0.9999999964084859 7.150804308393008e-05 -0.013085800223052502 -0.006422656632467409 -7.121438127207646e-05 0.9999793719923895 0.6797900199890137
0.9998899768196305 -1.9374232182411858e-05 0.014833539034150878 0.014068622142076492 1.879500401199534e-05 0.9999999990555261 3.918795352182732e-05 -0.007510562893003225 -0.014833539779377498 -3.890484551288973e-05 0.9998899762393993 0.5653601884841919
0.9999873569771108 -4.7733307168269375e-05 0.005028280766217339 0.0038921129889786243 4.803045838905615e-05 0.9999999971074977 -5.897524868997456e-05 -0.014323749579489231 -0.0050282779365893645 5.921601369466577e-05 0.9999873563772975 0.7315188646316528
0.9999998788845115 0.0002033096395160034 -0.0004482144047508681 -0.0026539210230112076 -0.00020323553439522465 0.9999999656734712 0.00016537343746633604 -0.01717546582221985 0.0004482480113791802 -0.00016528232434297822 0.9999998858777301 0.8329037427902222
0.9999977005288693 0.00015314215963556078 0.002139038207461373 0.0008533736690878868 -0.0001534742852575786 0.9999999761939805 0.00015510539123493017 -0.015619715675711632 -0.0021390144033648023 -0.0001554333219345896 0.999997700226288 0.7736641764640808
0.9999999866059974 -0.00014774666837481503 7.041965102413992e-05 -0.0014463476836681366 0.00014773407582620695 0.99999997310382 0.00017879318279181395 -0.016392268240451813 -7.044606522720592e-05 -0.0001787827770149935 0.9999999815370352 0.835616946220398
0.9999975420436101 -0.0009056215810214139 -0.002023797492309317 -0.010789632797241211 0.0009033586200818637 0.9999989661030685 -0.0011188100809855724 -0.013624961487948895 0.0020248086184657048 0.0011169791160892074 0.9999973262502818 0.7422295212745667
0.9999974485464406 0.0001637869176792835 0.0022530145260533556 0.00150307547301054 -0.0001642349011073275 0.9999999667817878 0.0001986537706943247 -0.014008499681949615 -0.002252981914323453 -0.0001990232874563341 0.9999974422278414 0.7091585993766785
0.9999997682661756 0.00014511917222830633 0.0006651375956528997 -0.0013441545888781548 -0.00014516587185131935 0.9999999870020305 7.016272983210015e-05 -0.01624702848494053 -0.0006651274050501869 -7.025926885199646e-05 0.9999997763345603 0.8081661462783813
0.9999999302916113 0.0002263260299429605 0.00029697356900885204 -0.001223021186888218 -0.0002263907309906346 0.9999999506437596 0.00021785250841995123 -0.01598316617310047 -0.0002969242486580094 -0.0002179197252971767 0.9999999321734897 0.7814658284187317
0.9999998350821839 0.00012601603402270626 0.0005603173781096298 -0.0014958502724766731 -0.00012604752125783888 0.999999990479016 5.61603988680118e-05 -0.016352050006389618 -0.0005603102956641226 -5.623101622278987e-05 0.9999998414452101 0.8082131147384644
0.9999993422672192 8.170292937336526e-05 0.0011440234963701293 -0.0003911210224032402 -8.182620748075033e-05 0.9999999908513005 0.00010771197923172161 -0.015450695529580116 -0.0011440146855195706 -0.00010780551948999883 0.9999993398039667 0.7613322734832764
0.9999945320622917 0.00024571781585317224 0.0032977974881553324 0.0028881486505270004 -0.000246047687060562 0.999999964767956 9.96223971558385e-05 -0.01111446600407362 -0.0032977728929693474 -0.00010043326787113127 0.9999945572887409 0.6120638847351074
0.9999983858105622 0.00023666059105921985 0.001781114267708326 0.0015882579609751701 -0.00023683532421113298 0.999999967162994 9.789300395861559e-05 -0.011063223704695702 -0.0017810910418056887 -9.831467671581234e-05 0.9999984090231969 0.581243634223938
0.9999982762103727 0.00019446776233875983 0.001846553159924197 0.0011754939332604408 -0.00019482688574308724 0.9999999621439816 0.0001943052240925286 -0.013614363968372345 -0.0018465153039189065 -0.0001946646473527059 0.999998276241968 0.6826582551002502
0.9999999814320931 0.00019221831128384 1.3708895209786803e-05 -0.001830119639635086 -0.00019221974229043524 0.9999999760697925 0.00010446044550765461 -0.01598694920539856 -1.3688815671298659e-05 -0.00010446307868834712 0.9999999944500405 0.7908139228820801
0.9999993976093154 0.00025946627952368856 0.0010665168804203369 -0.00032448582351207733 -0.00025967993311595665 0.9999999462441901 0.000200194779131213 -0.015591440722346306 -0.0010664648792943366 -0.00020047161156791754 0.9999994112317239 0.764567494392395
0.9999957183061242 0.00022775646939931265 0.0029174468991406246 0.003035029862076044 -0.00022827137125923676 0.9999999584301286 0.00017615879821164068 -0.01194486953318119 -0.0029174066565567976 -0.00017682401355783605 0.9999957287267124 0.5775457620620728
0.9999928967528067 0.00018881373220885436 0.0037644114155040544 0.004004909656941891 -0.00018948483169849565 0.9999999662201826 0.00017791889254646225 -0.011479255743324757 -0.0037643776948127917 -0.00017863092760809877 0.9999928987505674 0.5661123394966125
0.9999774019502481 0.00012743980486396703 0.0067215584449138634 0.007036303170025349 -0.0001283030672065719 0.9999999835770558 0.0001280008265191297 -0.009973937645554543 -0.006721542022125729 -0.0001288603305149744 0.9999774018785926 0.5468136668205261
0.9999835027333067 7.045881041272401e-05 0.005743630975517584 0.004901814740151167 -7.041329033305997e-05 0.999999997487956 -8.127529379372204e-06 -0.014030136168003082 -0.005743631533745381 7.722967341907399e-06 0.9999835051825408 0.7218641042709351
0.9999774821678301 2.4201857873098118e-05 0.006710780249516525 0.006662331055849791 -2.5267740264966287e-05 0.9999999870805248 0.00015874662709833493 -0.012681710533797741 -0.006710776320853458 -0.00015891261872074845 0.9999774698601721 0.6598276495933533
