0.9999391955958415 1.7746486623391663e-05 -0.011027456470278826 -0.013511150144040585 -1.7055516671987575e-05 0.9999999978855797 6.275308964261241e-05 -0.020680826157331467 0.011027457560609013 -6.256119501070913e-05 0.9999391937842251 0.4558604955673218
0.9996943223836695 0.00041712244223055786 -0.02472019018382173 -0.031121034175157547 -0.0004081395835904444 0.9999998488422605 0.000368425754662299 -0.02258181944489479 0.024720340125824226 -0.00035822384702791744 0.9996943415163153 0.4773622155189514
0.9990807050440212 0.0010407467666487464 -0.04285629072738114 -0.05432301387190819 -0.001012769850504968 0.9999992596635878 0.0006745142746971052 -0.025515135377645493 0.042856960997859066 -0.000630490637973473 0.9990810194251436 0.4121773838996887
0.9998907362400337 -0.00044735228897563155 0.01477550193031526 0.01737343892455101 0.00045197855124015076 0.999999849880271 -0.0003097657573040094 -0.016247481107711792 -0.01477536113780034 0.0003164101210889675 0.999890788330347 0.5215451121330261
0.9995578926816358 -0.0005637726216731002 0.02972711452999018 0.03476937860250473 0.0005808436318427097 0.999999671344443 -0.0005656250363347023 -0.014330011792480946 -0.029726785876099174 0.0005826417745344922 0.9995578916351167 0.5006918907165527
0.9994776300935587 -0.00047331562069824365 0.03231474763768068 0.03737208992242813 0.0004931681723335748 0.9999996945429899 -0.0006063819597345365 -0.014009883627295494 -0.03231445075686082 0.0006220018090788579 0.9994775582203095 0.5223289132118225
0.9996146456093613 -0.0003539869442356905 0.02775671047718414 0.03158394992351532 0.0003635212188795506 0.9999998766522559 -0.00033844910466921486 -0.014427974820137024 -0.027756587246892176 0.00034840883504547567 0.9996146509909153 0.5828042030334473
0.9997819359740827 -0.000373165820012542 0.02087920609568188 0.023755110800266266 0.0003786651466762671 0.9999998946531392 -0.00025943480343030336 -0.015072658658027649 -0.0208791070839219 0.00026728445767130966 0.9997819719550842 0.6008621454238892
0.9999814839112695 -3.128635958732758e-05 -0.006085298331183497 -0.008816472254693508 3.2507816282241486e-05 0.9999999793466747 0.00020062375861088047 -0.01889299415051937 0.006085291928714796 -0.0002008178636037373 0.9999814642753777 0.5595956444740295
0.999954552663253 3.256022928073323e-05 -0.009533705883076362 -0.012997343204915524 -2.95617244875087e-05 0.9999999500585576 0.00031465693462313156 -0.01945020817220211 0.009533715652251275 -0.0003143608015168035 0.9999545036866169 0.6011617183685303
0.9998612933966732 -0.0002813537232603419 0.016652771757706106 0.018812015652656555 0.00028338904664592773 0.9999999526619149 -0.00011986165434162146 -0.015634533017873764 -0.016652737245873055 0.00012456424185110717 0.9998613257977176 0.6293943524360657
0.9998573550553466 -0.0003109214204923756 0.01688706219556116 0.019102172926068306 0.00031310968019933354 0.9999999429245041 -0.00012693823917538663 -0.015560751780867577 -0.016887021763906072 0.0001322076347208435 0.9998573953404989 0.627647876739502
0.9999280213287289 -0.0003116881399081017 0.011993957316776169 0.01343913096934557 0.0003120996394972696 0.9999999507708204 -3.2437201975022354e-05 -0.01606559194624424 -0.01199394661603234 3.617817694303592e-05 0.9999280693808488 0.6292146444320679
0.9998645961307153 -0.000248686508520391 0.016453800757934685 0.01854870468378067 0.00025042191308020776 0.9999999632975044 -0.00010341109730692162 -0.015701143071055412 -0.016453774437094407 0.00010751748730746187 0.9998646217097408 0.6344606876373291
0.9998458085904418 -0.00021478167104027873 0.01755884144696903 0.01973642036318779 0.00021695564663426942 0.9999999690345771 -0.00012190608100737105 -0.015645155683159828 -0.017558814720060288 0.00012569677393718255 0.9998458242278896 0.6427494883537292
0.9999119972935389 -0.0002749808458360059 0.013263561134963438 0.014871693216264248 0.0002750693156306325 0.9999999621566942 -4.845859714213551e-06 -0.016033517196774483 -0.01326355930050783 8.493831949663015e-06 0.9999120350923562 0.6467128396034241
0.9998858633303643 -0.00011507645028596872 0.01510784794409568 0.016794444993138313 0.00011541334377184277 0.9999999931103137 -2.1427365778564298e-05 -0.016008632257580757 -0.015107845374222158 2.316856737881992e-05 0.9998858697228227 0.6629998087882996
0.9998910742245608 -5.7730275430659154e-05 0.014759280242256695 0.016189150512218475 5.653582611477356e-05 0.9999999950932709 8.134592077742422e-05 -0.016253039240837097 -0.014759284865959314 -8.050263200856927e-05 0.9998910725821948 0.6902933120727539
0.9995689318798577 0.0006339278679358257 -0.029352147383426844 -0.038670863956213 -0.0006157366461175867 0.9999996127443129 0.0006287921808076184 -0.02315843477845192 0.029352534625527397 -0.0006104479357580573 0.9995689351237236 0.5368780493736267
0.9974305875654684 0.001992650108846208 -0.0716118170021402 -0.09317490458488464 -0.001907054522215651 0.9999973831958021 0.001263623597979553 -0.03127480298280716 0.0716141475677369 -0.0011238091883363258 0.997431777577321 0.3987713158130646
0.9974916174639475 0.0019577661674172247 -0.07075761613276407 -0.09184415638446808 -0.001876633659381112 0.9999975033334867 0.0012130840457313789 -0.030730370432138443 0.07075981440949627 -0.0010772550428039891 0.9974928010699158 0.40367424488067627
0.9966116913261077 0.002376268921605797 -0.08221611799475761 -0.10721907019615173 -0.0022626312000083217 0.9999963519505207 0.0014753256262891804 -0.033359892666339874 0.08221932383672614 -0.0012843020139543047 0.9966134322575474 0.3739307224750519
0.9963214451513445 0.0024773326126759677 -0.08565886267434752 -0.1121060848236084 -0.002351375042053126 0.9999960009893423 0.001571318152062986 -0.033956121653318405 0.08566241280134576 -0.0013641218602328173 0.996323285989343 0.41909027099609375
0.9923418658510997 0.003825234822173024 -0.12346249980343409 -0.16143228113651276 -0.0035728803824691163 0.9999910513903331 0.0022653178647994874 -0.04144338518381119 0.12347006035849457 -0.0018068530131826663 0.9923466528775406 0.28333717584609985
0.9869317714746472 0.005145043265790458 -0.16105653350208493 -0.2103261798620224 -0.004732078781518374 0.9999844595281462 0.00294756384274678 -0.048675790429115295 0.16106919595105879 -0.0021469122000465786 0.9869407808392989 0.14144805073738098
0.9828893541798648 0.0059935906766976806 -0.18409941420517426 -0.2408466786146164 -0.005463268335592941 0.9999793377890878 0.003387726965201923 -0.053328223526477814 0.18411591495300297 -0.002323976268736694 0.9829017901068859 0.11435854434967041
0.9806903382033956 0.006408497549036606 -0.19546199557375213 -0.2559972405433655 -0.005803794242494632 0.9999764368440247 0.0036662963762892384 -0.055758483707904816 0.19548088532360472 -0.002461080228679523 0.9807044236451713 0.07827717065811157
0.9869327743789704 0.0050954675846828935 -0.16105196387105025 -0.2098899930715561 -0.00469297943819222 0.999984842347259 0.0028794130861234425 -0.0483417734503746 0.1610641946573519 -0.0020859735907436065 0.9869417277193004 0.11698299646377563
0.9866254400358329 0.005206160326421731 -0.16292064623231362 -0.21299125254154205 -0.0047804943869691995 0.9999840593407491 0.003004652694316127 -0.04919568449258804 0.1629336918734589 -0.0021856255518495297 0.9866346005961031 0.15205973386764526
0.9884915197124204 0.004802313975902999 -0.15120004377349322 -0.1977178007364273 -0.004432521139938537 0.9999863046798861 0.0027826622162281196 -0.04705149680376053 0.15121133625814376 -0.002080440612580025 0.9884992683628471 0.20619171857833862
0.9898886577636666 0.004432350536718643 -0.14177728837711054 -0.1849975436925888 -0.004112051662782534 0.999988288920599 0.00255206833283838 -0.044862184673547745 0.14178693967347386 -0.001943267962098646 0.9898952911533918 0.195622056722641
0.984670936991544 0.005668630029066564 -0.17433018234886474 -0.22886408865451813 -0.005174324994279054 0.9999812015250371 0.003289826347474722 -0.051939912140369415 0.1743455540157203 -0.0023373553723224478 0.984681758013631 0.19669726490974426
0.9907856426803371 0.0042964558759038774 -0.1353711591344997 -0.17745260894298553 -0.003991238539944405 0.9999888446341543 0.002525989344138286 -0.044037915766239166 0.13538050182145467 -0.0019624153882011725 0.9907917382842952 0.27874642610549927
0.9883362628017465 0.0048078685707673065 -0.15221141885838663 -0.19912345707416534 -0.004432464306062997 0.9999862409714466 0.0028055530597689616 -0.04725433140993118 0.1522228133075081 -0.002098158145119058 0.9883439749607145 0.1957198977470398
0.9967255012986233 0.0021346571546280455 -0.08083141901414573 -0.11040455102920532 -0.0019791948056690984 0.9999960346524354 0.0020033640024801915 -0.0338372141122818 0.08083537498477641 -0.0018368228650080254 0.9967257738379364 0.7422084212303162
0.9998887573286791 0.0006929745681352277 -0.014899421262510497 -0.024873830378055573 -0.0006807626888533592 0.9999994282346798 0.0008246771942748624 -0.02410956472158432 0.014899984223860683 -0.0008144424848997683 0.999888657378194 1.0570147037506104
0.9996160498586912 0.0010942969441448272 -0.02768673651957773 -0.04270332306623459 -0.0010649845623500317 0.9999988567672964 0.001073439323949643 -0.026036564260721207 0.027687879528567008 -0.0010435412297943232 0.9996160724742842 1.0571200847625732
0.9999954378359753 0.0003560900043676856 -0.0029995844952884414 -0.008377489633858204 -0.0003544029064269369 0.9999997787391783 0.0005629566357687514 -0.021919211372733116 0.0029997842948288017 -0.000561891006005037 0.9999953427754958 1.0219142436981201
0.9999990901229358 0.00031293925559163947 -0.0013121822750261929 -0.0057571521028876305 -0.0003122360559553055 0.9999998075679806 0.0005360714944978803 -0.0213051475584507 0.0013123497803347397 -0.0005356612961204741 0.9999989954020103 0.990950345993042
0.999996439445732 4.069859181657061e-05 0.0026682277794651847 0.0013383517507463694 -4.177018210591252e-05 0.9999999185037101 0.00040155675215282203 -0.01894937828183174 -0.0026682112192201726 -0.00040166677474846266 0.9999963596497199 0.8143042325973511
0.9953308675627854 0.002928663130750844 -0.09647739118041776 -0.12702970206737518 -0.002777264711209298 0.9999946924115009 0.0017035109484385875 -0.03689445182681084 0.09648186812783344 -0.0014276137762571732 0.9953337184288841 0.4723210334777832
0.9836780029957538 0.005807929034035009 -0.17984397232774132 -0.23500856757164001 -0.005303930584744486 0.999980544407412 0.0032831580845443086 -0.05259016156196594 0.17985954170584886 -0.0022756904428128623 0.9836896698097274 0.139909029006958
0.9800756495619792 0.006532270060992729 -0.1985171291942202 -0.2593053877353668 -0.00593507691631875 0.9999758957728853 0.0036031562848684476 -0.05605163425207138 0.19853588088217666 -0.0023531513053912886 0.9800907951211827 0.050420403480529785
0.9976778086281541 0.0020048481890638137 -0.06808061952319931 -0.0951204001903534 -0.0018862061772554316 0.999996588652016 0.0018069063581593902 -0.03184347227215767 0.06808400984945513 -0.001674296290708704 0.9976781867590119 0.8316656947135925
0.9975858745795452 0.0021781477129748645 -0.06940949871526537 -0.09440796077251434 -0.0020628684815558874 0.999996371517213 0.0017324912802089629 -0.032509736716747284 0.06941302048601376 -0.0015851261617483795 0.9975867480886359 0.7723920345306396
0.9999998563767297 0.000148642723720216 0.0005149289861943136 -0.002420819364488125 -0.0001488999937121257 0.999999864104328 0.0004996199732508929 -0.020103152841329575 -0.0005148546513440438 -0.000499696574416645 0.9999997426139777 0.9083113670349121
0.9999996690740669 0.00024303742690358964 -0.0007763920180371808 -0.00463268905878067 -0.00024252740047723243 0.9999997548016317 0.000656945306924296 -0.020654253661632538 0.0007765514899641362 -0.0006567567931861716 0.9999994828190152 0.9587761163711548
0.9998559624844252 0.00020446006809756806 -0.01697093045251503 -0.026561271399259567 -0.0001959798492507718 0.9999998551187959 0.0005013524567065375 -0.022990064695477486 0.016971030500303633 -0.0004979542827525169 0.9998558576941428 0.8493760824203491
0.9959723306543777 0.0025944359580573114 -0.08962357654627845 -0.11705092340707779 -0.0024600269240160066 0.9999956778581786 0.0016101343096690344 -0.03462562710046768 0.08962736657082038 -0.0013831728097371911 0.9959744083030238 0.3868352770805359
0.9990897401493039 0.0010035115743952986 -0.04264603255775216 -0.05578054487705231 -0.000971277153857317 0.9999992267772023 0.0007765730411653311 -0.02569679543375969 0.04264677888290271 -0.0007344450407788252 0.9990899423182055 0.5114558935165405
0.9999943737183047 -4.7197063422608225e-05 -0.0033541473093399313 -0.00663294643163681 4.8615822858216665e-05 0.9999999093933576 0.0004229063469310746 -0.019570449367165565 0.0033541270454942275 -0.0004230670321722673 0.9999942854066961 0.7882984280586243
0.9995809662427054 0.0005342572058407365 -0.028941432143860146 -0.03830094635486603 -0.0005165408320614036 0.9999996746291627 0.0006196185421693965 -0.023070786148309708 0.028941753762833162 -0.0006044094696429435 0.999580916973871 0.5808504819869995
0.9998763358029293 0.00023450115533818825 -0.0157244430907918 -0.023079764097929 -0.0002252904691219126 0.9999998020293919 0.0005875247920430971 -0.021105095744132996 0.015724577753056763 -0.0005839095691008248 0.9998761906876785 0.7303162813186646
0.9952521035246258 0.002850631933569355 -0.09728887052169428 -0.12635797262191772 -0.0026988014105270453 0.999994926496304 0.0016921739267054595 -0.03613150864839554 0.09729320069128274 -0.0014215763190906026 0.9952547473988832 0.3065790832042694
0.9999931929782276 0.00017755333608131425 -0.003685440546565919 -0.007177974097430706 -0.00017589456140952 0.9999998830969439 0.0004504078175735333 -0.019500121474266052 0.003685520087137263 -0.00044975650268917354 0.9999931073066334 0.786091685295105
0.9999790596238868 0.0002621596752977161 0.006466187905721744 0.005007295869290829 -0.00026544212396193567 0.9999998363573674 0.0005067797525505402 -0.0188278928399086 -0.006466053990362356 -0.0005084855390435468 0.9999789655729018 0.8875882029533386
0.9999992508272217 0.00016053287584037463 0.0012134966793782478 -0.0014294637367129326 -0.00016108766969223583 0.9999998825541557 0.00045710221767356383 -0.019948460161685944 -0.0012134231569245497 -0.00045729735457728584 0.9999991592413324 0.8978130221366882
0.9999995237946601 3.9085950491361503e-05 0.0009751321663852054 -0.0012174854055047035 -3.9496982124829735e-05 0.9999999103896783 0.0004214980712026531 -0.019458670169115067 -0.000975115604350555 -0.0004215363852607658 0.999999435728158 0.8499773740768433
0.9999999984065944 -3.465462014250363e-05 -4.456308726558858e-05 -0.0021054339595139027 3.467311870232405e-05 0.9999999132134418 0.00041517572642619046 -0.01914094388484955 4.454869564101992e-05 -0.00041517727090586157 0.9999999128216199 0.8055093288421631
0.9999678845840148 4.9675487617239316e-06 -0.008014348126619103 -0.012015570886433125 -1.3735680855716765e-06 0.9999998994459174 0.0004484487362631648 -0.01959369145333767 0.00801434954843464 -0.0004484233258926381 0.9999677840399844 0.7199630737304688
0.9999996579948115 -5.040865606881911e-05 -0.0008255114942513647 -0.00286177359521389 5.0708094412971666e-05 0.9999999329337044 0.00036271376537832183 -0.01848781295120716 0.0008254931549739165 -0.00036275550144312165 0.9999995934846658 0.746439516544342
0.999978734920323 4.324830306032281e-05 0.006521337035843344 0.0059118689969182014 -4.5487463937589375e-05 0.9999999400684658 0.00034321124063316135 -0.0178634375333786 -0.0065213218017058615 -0.000343500581302026 0.9999786769573187 0.7886741757392883
0.9999938901231282 -8.805177668343389e-05 0.0034945619607906968 0.002617428544908762 8.687838695315046e-05 0.999999939802834 0.00033592629326209056 -0.017906375229358673 -0.003494591329334926 -0.00033562063888753935 0.9999938375761263 0.7534857988357544
0.9999997812473036 -0.00011166378264272303 -0.0006519482683684996 -0.002435070462524891 0.00011189713774508825 0.9999999296899095 0.00035790949524142616 -0.01826784946024418 0.0006519082570018754 -0.0003579823680929473 0.9999997234320861 0.7329206466674805
0.9999166838707481 -9.570224583515308e-05 0.012907988147111039 0.013979815877974033 9.491310120112957e-05 0.9999999935892987 6.174872517920497e-05 -0.01634315587580204 -0.012907993973853464 -6.0518443329127083e-05 0.9999166865439781 0.6931897401809692
0.9999426149849802 -0.00020640743991778038 0.010710935205145159 0.011580086313188076 0.00020610484629561307 0.9999999783295463 2.9354717669634604e-05 -0.01645859144628048 -0.010710941032066455 -2.7145457494581513e-05 0.9999426358573436 0.6474530100822449
0.9999342477472938 -0.00014138792656608726 0.01146648121734954 0.012536940164864063 0.0001410135347359836 0.9999999894978235 3.34594628919946e-05 -0.016473636031150818 -0.011466485827690614 -3.1840333809492885e-05 0.9999342571834192 0.6648797392845154
0.9999384849444876 -0.00010781807892019268 0.01109119931227964 0.011889924295246601 0.00010562472822939488 0.9999999747520261 0.00019834153347102115 -0.016476541757583618 -0.011091220417052437 -0.00019715782756748166 0.9999384710863221 0.702350378036499
0.9999658875251051 -4.690368067287093e-05 0.008259635958915016 0.008244920521974564 4.4764066100952776e-05 0.9999999653981638 0.000259229338035741 -0.017118820920586586 -0.008259647831926538 -0.00025885076019142053 0.9999658550240487 0.7410843968391418
0.999923923220137 7.18474000802613e-05 0.012334610249248479 0.012722176499664783 -7.461255948054515e-05 0.9999999721914155 0.00022371887390311977 -0.016629578545689583 -0.012334593832620987 -0.00022462217093249 0.9999239007743863 0.7524597644805908
0.9998196772278231 -4.2552191736005784e-05 0.018989766121851312 0.021034151315689087 4.3030107064291785e-05 0.9999999987677158 -2.4758391941883218e-05 -0.015667615458369255 -0.018989765044926686 2.5571059109362736e-05 0.9998196778267866 0.6780264377593994
0.999903372333991 1.8240529727826604e-05 0.013901282760786057 0.014788917265832424 -2.0287379611634262e-05 0.999999988974889 0.00014710079623289266 -0.016259538009762764 -0.013901279924326423 -0.0001473686028267413 0.9999033616799977 0.7213912010192871
0.9999337394083037 -0.0001309000291973931 0.011510849582375603 0.01227361336350441 0.000129345027144845 0.9999999824094289 0.00013583447657655455 -0.016532642766833305 -0.011510867160630139 -0.0001343366049520713 0.9999337387501664 0.7052094340324402
0.9999904791566347 -3.4712631345150004e-05 0.004363529662688468 0.00363861839286983 3.298143789143282e-05 0.9999999207258837 0.00039681286638517386 -0.017968906089663506 -0.004363543091192254 -0.0003966651729094703 0.9999904010281458 0.7776384353637695
0.9999765985137447 0.0001056046842825125 0.006840414646202889 0.006341750267893076 -0.00010804690804198655 0.9999999305597347 0.00035666005069036875 -0.018148647621273994 -0.006840376506230631 -0.00035739078996734205 0.9999765404853638 0.8101620674133301
0.9999147586193521 0.00011498240415552406 0.0130561201836328 0.013393147848546505 -0.00011846529235902761 0.9999999576076967 0.0002659898104451032 -0.016656432300806046 -0.013056089046005907 -0.00026751383420105127 0.9999147298520865 0.7692047953605652
0.9999588450865111 0.00015034148877045905 0.009071137232303902 0.00849031563848257 -0.0001536316835149183 0.9999999226713823 0.00036201455092313054 -0.01773068681359291 -0.009071082105038857 -0.0003633932663299994 0.999958790858292 0.8217288255691528
0.9999874316515714 0.0001395200351037693 0.005011693631287095 0.0036893505603075027 -0.0001417238888113282 0.9999998934254415 0.0004393898557331155 -0.018751325085759163 -0.005011631793479961 -0.0004400946100392695 0.9999873448516742 0.8506861329078674
0.9999920575627821 0.00010957789695937757 0.003984068779232785 0.0025460049510002136 -0.000111338995778579 0.9999998962010577 0.0004418161401888131 -0.018736356869339943 -0.003984019952407175 -0.0004422562133088505 0.9999919659649573 0.8398029208183289
0.9999990339928096 0.0001890196333268312 0.0013770566532175237 -0.001019774004817009 -0.00018971421128661527 0.9999998548550892 0.0005042800004684843 -0.019644122570753098 -0.0013769611345239756 -0.0005045407605472398 0.9999989247077495 0.8843324184417725
0.9999999239082411 0.0003446051385830014 0.00018284094313613953 -0.0038845622912049294 -0.0003447148031123858 0.9999997605324773 0.0006000889039708865 -0.0210119616240263 -0.0001826341056317568 -0.0006001518862887803 0.9999998032312291 1.0008881092071533
0.9999999399592311 0.0003441999863171601 4.009867546133234e-05 -0.004180862568318844 -0.00034422620377469644 0.9999997258079724 0.000655661727477491 -0.02105039916932583 -3.987298570896877e-05 -0.0006556754911258871 0.9999997842498745 1.0078800916671753
0.9999998042084921 0.00035126189211141253 0.0005178784224246317 -0.0036567309871315956 -0.0003515510645547741 0.9999997823041036 0.0005583937627042457 -0.021333342418074608 -0.0005176821672349935 -0.0005585757140862023 0.9999997099991306 1.02212655544281
0.9999988682820999 0.0002617531698771929 0.001481526171828661 -0.0012858710251748562 -0.0002625588187234717 0.9999998177656076 0.0005436281987509961 -0.01992195099592209 -0.0014813836054393815 -0.0005440165712788157 0.9999987547735167 0.9154846668243408
0.9999998811805937 0.00040494023812706495 0.00027140781483247936 -0.00415382394567132 -0.00040512059275296577 0.9999996969657364 0.0006647899972617178 -0.021420300006866455 -0.0002711385323668164 -0.0006648998711665878 0.9999997421959954 1.0377345085144043
0.9999999247219464 0.0003877793556229145 1.3537818569253944e-05 -0.004418748430907726 -0.00038778774211032106 0.9999997294482436 0.0006250792801405345 -0.02143365889787674 -1.3295422066107223e-05 -0.0006250844828858791 0.9999998045462912 1.0331090688705444
0.9999999534799173 0.00029885999278709055 6.1015305044977814e-05 -0.003790527582168579 -0.0002988936461652686 0.9999998028167901 0.0005522942771273256 -0.020932205021381378 -6.085023435010551e-05 -0.000552312488521547 0.9999998456240698 0.9830553531646729
0.9999998039261311 0.00024601111215727996 -0.0005758699787282927 -0.004412926733493805 -0.00024567677839943823 0.9999998012904662 0.0005805703652463857 -0.02072720415890217 0.0005760126910586773 -0.0005804287735305571 0.9999996656558535 0.9643175601959229
0.9999997388390892 0.0003640149822923542 -0.0006243515407319299 -0.005244734697043896 -0.0003636210457267288 0.9999997348404746 0.0006309506447715701 -0.02144799754023552 0.0006245810506669554 -0.000630723452631783 0.9999996060431413 1.0320677757263184
0.999999883825382 0.000282184833796014 0.00039079526889344184 -0.003047297243028879 -0.0002823920734795909 0.9999998194924019 0.0005303488291430246 -0.020575210452079773 -0.0003906455419557208 -0.0005304591250162407 0.999999783004565 0.9548205137252808
0.99999994219202 0.0003386217246585215 -3.084289786932868e-05 -0.00407598540186882 -0.0003386036040789381 0.9999997711897307 0.000585634771490049 -0.021034371107816696 3.1041199468498864e-05 -0.0005856242941193069 0.9999998280403003 0.997069776058197
0.9999998540979199 0.00028323055597962165 -0.00045998325098646535 -0.004586490802466869 -0.0002829593273952715 0.9999997861488374 0.0005896069018584399 -0.021054649725556374 0.0004601501473091351 -0.0005894766592822544 0.9999997203895161 0.9928296208381653
0.9999998480719302 0.000301459847299015 -0.00046149547941087946 -0.0047217560932040215 -0.0003011942953934851 0.9999997891113728 0.0005753774474311767 -0.021178200840950012 0.0004616688352841731 -0.000575238360209443 0.999999727981321 1.0049026012420654
0.9999994111647231 0.0002744592559605319 0.0010499249133310996 -0.002088562585413456 -0.0002750313811141119 0.9999998137674315 0.0005448145018655824 -0.020296860486268997 -0.001049775188418068 -0.0005451029433585639 0.9999993004171727 0.9394738674163818
0.9999998119714836 0.00038367497343052024 0.00047838322681591016 -0.0038954131305217743 -0.0003839804112161726 0.9999997224057873 0.0006385510093460302 -0.021389182657003403 -0.00047813809797795027 -0.0006387345790683833 0.9999996817009974 1.0356545448303223
0.9999996719042221 0.00029882943319618066 0.0007529225846057082 -0.002890242263674736 -0.0002992428721598205 0.9999998044937323 0.0005490593784759726 -0.020826328545808792 -0.0007527583623017626 -0.0005492845050486401 0.9999995658205962 0.9795252680778503
0.9999996094051645 0.0003997153823681862 0.0007883001529688716 -0.003198063001036644 -0.0004001933762167601 0.999999736125345 0.0006062957213271089 -0.021090485155582428 -0.0007880575992303625 -0.0006066109570108202 0.9999995054940611 1.0113457441329956
0.9999874486339523 0.00022524573411096568 0.0050051812072797585 0.0034925751388072968 -0.0002273694087115514 0.999999884377893 0.00042373028257411074 -0.019043250009417534 -0.005005085185131599 -0.0004248629892718221 0.999987384227286 0.8706222772598267
0.9999891460404745 0.00023781336192094216 0.004653089946231002 0.002993511501699686 -0.00024017372547325582 0.9999998427778373 0.0005067157809530849 -0.019098278135061264 -0.0046529687108787295 -0.0005078278310278558 0.9999890459365391 0.8792197704315186
0.9999981096420284 0.00028031268564485644 0.0019240938564456817 -0.000820402055978775 -0.00028131143330350616 0.9999998258431226 0.0005188232862846769 -0.020074304193258286 -0.0019239480886027497 -0.0005193635751235089 0.9999980143406434 0.925796389579773
0.9999854137057008 0.00014201855305703598 0.005399278337751876 0.004502414725720882 -0.00014406681567310592 0.9999999178126544 0.00037897155123839995 -0.018564272671937943 -0.005399224073008166 -0.00037974388028487536 0.9999853519797149 0.8219715356826782
0.9999890792634695 0.0001360052300918922 0.0046714940196794065 0.0034611509181559086 -0.0001383312400675994 0.9999998666312612 0.0004975961492691867 -0.018587084487080574 -0.0046714257209693666 -0.0004982369287134527 0.9999889647099592 0.8329709768295288
0.9999974787909952 0.00026818329567020297 0.0022294594352762005 -0.00027437135577201843 -0.0002693592466579033 0.9999998247651929 0.0005271766120492726 -0.019865231588482857 -0.002229317664636086 -0.0005277758084407913 0.99999737579428 0.9106426239013672
0.9999994517536823 0.0004283254332261652 0.0009555258541772095 -0.003082039300352335 -0.0004289488411345751 0.9999996952443618 0.0006523143990852291 -0.021152371540665627 -0.0009552461601277302 -0.0006527239131640853 0.9999993307279095 1.0196796655654907
0.9999990860127009 0.0002913218846528155 0.0013202671404737164 -0.0018734629265964031 -0.0002920039481533878 0.999999824008127 0.0005164469083975743 -0.02048761211335659 -0.0013201164558307521 -0.000516831959589295 0.9999989950881293 0.9513310790061951
0.9999996240347852 0.00038459356999413584 0.0007771859970877412 -0.003100209403783083 -0.0003850634270436924 0.9999997431512667 0.000604502735811354 -0.0209820494055748 -0.0007769533096032654 -0.0006048017744428421 0.9999995152790666 1.0004769563674927
0.9999984504001251 0.00034922242052251264 0.0017254683566556076 -0.0013227281160652637 -0.000350198156408964 0.9999997789433864 0.0005652206912956656 -0.020302532240748405 -0.001725270587491472 -0.0005658240712671958 0.9999983516409018 0.9485220313072205
0.9999991528234652 0.0003005404630293041 0.0012665021837261884 -0.0020241872407495975 -0.000301243613172264 0.9999998005933964 0.0005550364422778708 -0.020544197410345078 -0.0012663351202679297 -0.0005554174977579373 0.9999990439529258 0.9605001211166382
0.9999994534505363 0.0003374002932060456 0.000989575500094623 -0.002617601305246353 -0.0003379432686174433 0.9999997924274674 0.0005485794097235818 -0.020811565220355988 -0.0009893902038322431 -0.0005489135302768454 0.9999993599002753 0.979917049407959
0.9999989473738111 0.0002976363318792063 0.0014200929137468635 -0.001657445915043354 -0.00029843207892446674 0.9999997985741443 0.0005601695859410484 -0.020330388098955154 -0.0014199259008826433 -0.0005605927975723874 0.9999988347723968 0.9450185894966125
0.9999996424648845 0.0003360550056648823 0.0007759749588715896 -0.002798526082187891 -0.00033652769047304195 0.9999997578735088 0.0006090993660409576 -0.020643725991249084 -0.00077577008009659 -0.0006093602853273193 0.9999995134302946 0.9712538719177246
0.9999999256297624 0.00037754834500253605 -7.872558187447928e-05 -0.004434029571712017 -0.0003774993544800455 0.9999997356881272 0.0006213838695412404 -0.021345224231481552 7.896016351792986e-05 -0.0006213541044724355 0.9999998038421656 1.0251235961914062
0.9999999476801222 0.00026506592334239 0.0001854179315024365 -0.0036284485831856728 -0.00026516433333526897 0.9999998239038711 0.0005309238205754278 -0.020964547991752625 -0.0001852771690383312 -0.0005309729590197537 0.9999998418700313 0.9817919135093689
0.9999999711737946 0.0002399232992894636 -9.445659762918279e-06 -0.0036704782396554947 -0.000239917763587813 0.9999998019970554 0.0005817605320874325 -0.020572716370224953 9.585235798904642e-06 -0.000581758249135918 0.999999830732717 0.9578089118003845
0.9999999220580408 0.0003255834756647609 0.00022333677032547195 -0.0038454183377325535 -0.00032572732512525543 0.9999997393519142 0.0006443584510000106 -0.020921828225255013 -0.00022312691964911975 -0.0006444311476662505 0.9999997674614098 0.9963650703430176
0.9999988278143602 0.00010071906793522237 0.0015278172584462805 -0.0008774739690124989 -0.00010133084674538646 0.9999999147241357 0.00040035456932086796 -0.01980491913855076 -0.0015277768048212773 -0.0004005089150474615 0.9999987527445442 0.8799804449081421
0.9999989364867329 0.0001807375090100356 0.0014471901589665874 -0.0011834865435957909 -0.0001814435673312215 0.9999998645813815 0.00048776577452174126 -0.01988164894282818 -0.0014471018054190276 -0.00048802783912141833 0.9999988338619167 0.9001761078834534
0.999998586685899 2.3676245134454532e-05 0.0016810906101534483 -9.981682524085045e-05 -2.4338680456564118e-05 0.9999999220733728 0.0003940315679110021 -0.019126610830426216 -0.0016810811499637346 -0.00039407192654781006 0.9999985093356307 0.8295717239379883
0.9999998884320004 -0.00012393860076922569 0.0004558236608181159 -0.001092374324798584 0.0001237879984975658 0.9999999377531174 0.0003304092801532637 -0.01858139969408512 -0.00045586458290837743 -0.0003303528177915208 0.9999998415272362 0.7696564793586731
0.9999992224387582 0.00010989490584195182 -0.0012421936197760896 -0.0043384479358792305 -0.00010924499424394633 0.9999998571361975 0.0005232524401404787 -0.019702177494764328 0.0012422509450892261 -0.0005231163298448192 0.999999091580535 0.8683500289916992
0.9999999147749769 0.0004125734125348032 -1.5271484104881023e-05 -0.004561299458146095 -0.00041256311401187694 0.9999996915615824 0.0006683325645753089 -0.021383890882134438 1.5547215641443604e-05 -0.0006683262071656128 0.9999997765491575 1.03623628616333
0.99999981144807 0.0003457069458500698 0.0005075337741157295 -0.003421311266720295 -0.000345991168562323 0.999999783330174 0.0005600265316521883 -0.021136339753866196 -0.0005073400590866225 -0.0005602020282616962 0.9999997143898351 1.0028650760650635
0.9999999074431523 0.0003510521145560643 0.0002487490696590654 -0.0037093968130648136 -0.00035120257738135616 0.9999997552597827 0.00060509265769494 -0.021000612527132034 -0.00024853658972317784 -0.0006051799630038565 0.999999785993365 0.997441291809082
0.999999637658855 0.0003363624506515336 0.0007820118032128134 -0.0028163203969597816 -0.00033679795274067385 0.9999997882511269 0.0005568346615297873 -0.020766548812389374 -0.0007818243393513355 -0.0005570978397400196 0.9999995391962434 0.977737307548523
0.9999996404417579 0.0003936166208005377 0.0007511207031528176 -0.0031775045208632946 -0.0003940734558022599 0.9999997374276995 0.0006081534702311336 -0.020957276225090027 -0.0007508811266154462 -0.000608449248295757 0.9999995329834139 1.0014952421188354
0.9999987994163829 0.0003426142403129603 0.0015112184736105832 -0.001682911068201065 -0.0003435728045961092 0.999999739946967 0.0006340849518940342 -0.020294593647122383 -0.0015110008340795485 -0.000634603404191365 0.9999986570765976 0.9548451900482178
0.9999996855027729 0.0003283715930228164 0.000721918591004355 -0.002875444944947958 -0.0003287506070032018 0.9999998081734931 0.0005249533456113439 -0.02087712474167347 -0.0007217460727548725 -0.0005251905116899719 0.999999601628687 0.9777531623840332
0.9999934143830816 3.5382100982991643e-05 0.0036290409991147623 0.002373164054006338 -3.669254228057429e-05 0.9999999341545696 0.0003610325660759114 -0.018591955304145813 -0.003629027986068285 -0.00036116334719403417 0.9999933498363441 0.8146466612815857
0.9999957134826296 1.0373700727022614e-05 0.0029279529970281776 0.0015853927470743656 -1.1610185485015363e-05 0.9999999107695249 0.00042228680502596886 -0.018539607524871826 -0.0029279483550886044 -0.0004223189889636308 0.9999956243729776 0.8069295883178711
0.9999960927898871 -7.83703672947212e-06 0.002795414734951004 0.0014687399379909039 6.807216951788994e-06 0.9999999321155646 0.0003684053854410542 -0.018627198413014412 -0.00279541743239239 -0.0003683849170092355 0.9999960249590654 0.8058719038963318
0.9999986540387847 4.5426166127607244e-05 0.0016400783768316294 -0.00010660034604370594 -4.605752737849089e-05 0.9999999248567767 0.0003849222583656278 -0.019087592139840126 -0.0016400607680483992 -0.00038499727822994097 0.9999985809878795 0.8275240659713745
0.999988608399713 -0.00010437476683096856 0.0047720201920984145 0.004221384413540363 0.00010280708490298978 0.9999999406739525 0.0003287594791933197 -0.01781557686626911 -0.004772054223187301 -0.00032826513661169424 0.9999885598048067 0.7643194794654846
0.9999900814139109 -8.960851905822393e-05 0.004452981485861067 0.003809383837506175 8.817851529901537e-05 0.9999999444860161 0.0003213292926146572 -0.017899058759212494 -0.0044530100325003655 -0.00032093344818632814 0.9999900338020237 0.7686781883239746
0.9999826576587129 -8.307984434345297e-05 0.005888758745069029 0.005500704050064087 8.131312648008106e-05 0.9999999516178223 0.0003002541079237101 -0.01755499094724655 -0.0058887834052226045 -0.00029977006742984896 0.9999826160328557 0.7564327120780945
0.9999720038390664 -3.847387157985444e-06 0.00748274837737946 0.007123151794075966 1.5978507787736519e-06 0.9999999548078243 0.00030063565224618366 -0.017515281215310097 -0.007482749195879532 -0.00030061527928675893 0.9999719586543038 0.7723236083984375
0.9999597053436733 -5.39728420722298e-05 0.008976902356964495 0.008990432135760784 5.193223428296447e-05 0.9999999727618988 0.00022755053240559403 -0.01703741028904915 -0.008976914393999669 -0.0002270751727387566 0.9999596809095999 0.7425926327705383
0.9999973707892653 0.00013209870614369572 0.002289315288121771 0.0004202136769890785 -0.00013327460224739658 0.9999998592776067 0.0005135003867888113 -0.01900603249669075 -0.0022892471332271454 -0.0005138041442725254 0.9999972476726445 0.8481831550598145
0.9999726342133035 3.3657335562884344e-05 -0.007397951857835768 -0.012327644042670727 -3.0339492632558206e-05 0.9999998989218901 0.00044859305063942387 -0.02019304782152176 0.007397966208511612 -0.00044835632443179964 0.999972534159106 0.8035505414009094
0.9999987002819607 6.688658725137263e-05 0.001610888131983334 -9.200535714626312e-05 -6.747888928876683e-05 0.999999930145517 0.00036763509174492 -0.01903686299920082 -0.0016108634295989356 -0.0003677433148648741 0.999998634941001 0.814002275466919
0.9999780083657585 5.367120743915417e-05 0.0066317346337629954 0.006056381855159998 -5.6452615092175857e-05 0.9999999105328836 0.00041922228845113393 -0.017877021804451942 -0.006631711540274414 -0.0004195874478305737 0.9999779219304895 0.8051006197929382
0.9999694075283485 0.00010787192122685616 0.007821276817256551 0.007333625573664904 -0.00011087045050306167 0.9999999205291003 0.00038294847730766717 -0.017875075340270996 -0.007821234886304667 -0.0003838039104514696 0.9999693400196886 0.8137086629867554
0.99998531450617 0.00026237295593314994 0.005413125938666916 0.003926627337932587 -0.0002652772060184987 0.9999998212683775 0.0005358089366076924 -0.018935076892375946 -0.0054129843893956225 -0.0005372370469136958 0.9999852053787371 0.8775805830955505
0.999976307109437 -7.307697171282067e-05 -0.006883304404818034 -0.011153677478432655 7.593666365448915e-05 0.999999910924225 0.0004151929253621648 -0.0196226816624403 0.006883273450640696 -0.00041570578341304173 0.9999762235849938 0.7398828268051147
0.999971408272511 7.37327668184856e-05 0.007561560749640318 0.006945313885807991 -7.648184544574517e-05 0.9999999310922928 0.00036327116198376025 -0.017805136740207672 -0.007561533443602625 -0.0003638390975542748 0.9999713450059919 0.8088580965995789
0.9999860829122702 0.0001788972081454964 0.005272758060344224 0.003957145847380161 -0.00018145030273277374 0.9999998665403498 0.0004837303691662081 -0.018658611923456192 -0.0052726708186312385 -0.000484680380594509 0.99998598191543 0.8534685969352722
0.9999969740846119 0.0003038957596035959 0.0024412023650704417 3.895699046552181e-05 -0.0003051277248225833 0.9999998262900264 0.0005042985111143684 -0.01982896961271763 -0.0024410486868301417 -0.0005050418636732289 0.9999968931021858 0.9101971983909607
0.9999973921745186 -0.00028322542246337793 0.0022661481686488136 0.0016046182718127966 0.00028260466395030017 0.9999999224628976 0.0002742422339548683 -0.018039682880043983 -0.0022662256653108196 -0.0002736010947373199 0.9999973946784436 0.725881040096283
0.9998888113210896 -0.00019159901018215084 0.014910676869869239 0.01669595018029213 0.00019156708082061178 0.9999999816446553 3.569652523280162e-06 -0.01588587462902069 -0.014910677280120516 -7.128607773116623e-07 0.999888829671849 0.6523639559745789
0.9999874392650633 0.00012072816474375748 0.005010662312734463 0.0038007404655218124 -0.00012303556325881512 0.9999998865427727 0.00046019201684820914 -0.018459225073456764 -0.005010606186100985 -0.0004608027261582124 0.9999873406631186 0.8355108499526978
0.9999843216701437 -6.378982106467474e-05 0.005599316454832494 0.005260619334876537 6.186819242541935e-05 0.9999999391372921 0.00034336240187019776 -0.01787782832980156 -0.005599338017069106 -0.00034301059893332257 0.999984264754951 0.7689789533615112
0.9999773713733391 0.00012136319006638166 -0.006726218272032372 -0.01068779919296503 -0.00011818201376727947 0.9999998809877433 0.0004733471355369217 -0.01979243941605091 0.006726274918448335 -0.0004725415063208836 0.9999772667067217 0.7504376173019409
0.999998303477106 -0.00014445738787290747 0.001836348271041602 0.0008827520068734884 0.00014392295186207787 0.9999999472557961 0.0002911607610353706 -0.01800069957971573 -0.0018363902345078645 -0.0002908959744106586 0.9999982715237254 0.7189449667930603
0.9999481904566588 -0.0003753110647641786 0.010172292959711582 0.011571022681891918 0.00037630580318934057 0.9999999246009426 -9.587518716825057e-05 -0.01647467166185379 -0.010172256209711702 9.969811279106717e-05 0.9999482562932395 0.6089725494384766
0.9999986781002851 -0.0003131777097932589 0.0015955304459665807 0.001698854612186551 0.00031327145754749604 0.9999999492189665 -5.850690252293412e-05 -0.018176358193159103 -0.001595512041886157 5.9006659331045724e-05 0.9999987254289566 0.5203841328620911
0.9999869254074087 -0.0003999682415732966 0.005097944648886633 0.006220280192792416 0.00040078205656181564 0.9999999071074587 -0.00015861531188939753 -0.01723332330584526 -0.005097880734238215 0.00016065640279943493 0.9999869928161764 0.5457395315170288
0.9999216793468597 -0.0002008225913080709 0.012513786095432102 0.01381644606590271 0.00020090208254257622 0.9999999798061956 -5.095221148038792e-06 -0.016291210427880287 -0.012513784819495642 7.608867774055228e-06 0.999921699500314 0.658629298210144
0.9998347819303923 -0.00021234795180317164 0.018175911271571633 0.02040627971291542 0.00021511639198735165 0.9999999655585989 -0.0001503586995932525 -0.015603212639689445 -0.018175878717205888 0.00015424379407297974 0.999834793174207 0.632035493850708
0.9998207962127865 -0.00018128160817916248 0.018929939181325208 0.02118847891688347 0.00018395673870893008 0.9999999733391965 -0.00013957623388602267 -0.015559535473585129 -0.018929913374033675 0.00014303351117206023 0.9998208029047339 0.6405915021896362
