0.9999307006661445 -4.8466177075011026e-05 -0.011772489810693107 -0.016005489975214005 5.1714039895065855e-05 0.9999999606902332 0.0002755815489248856 -0.01969449408352375 0.01177247599153513 -0.0002761712543148567 0.9999306638654838 0.598211407661438
0.9999596710175639 4.87371636516919e-05 0.00898075515387668 0.008984057232737541 -5.185116369227075e-05 0.9999999386215044 0.00034650893761194407 -0.017538266256451607 -0.008980737714788642 -0.00034696062586464906 0.9999596121686225 0.7936407327651978
0.9999747603930444 1.7246489767832685e-05 0.007104806783563062 0.006867718417197466 -2.0055821120478554e-05 0.9999999216513428 0.00039534171560317997 -0.01758887618780136 -0.0071047994086541385 -0.00039547423006761176 0.9999746823922573 0.7841206192970276
0.9999939798117594 0.0003787910604959312 0.0034491821596810725 0.0010722661390900612 -0.00038071911314437864 0.9999997716496921 0.0005583489231988957 -0.019805198535323143 -0.0034489698744785196 -0.0005596587314061814 0.9999938956758231 0.9252142310142517
0.999997291563115 0.00028012459222648495 0.002310497056335715 -0.00015760213136672974 -0.00028131476087060855 0.999999827919008 0.0005148047783506024 -0.019939089193940163 -0.0023103524492644775 -0.0005154533609612475 0.9999971982857717 0.912072479724884
0.9999957412118352 5.903244009439661e-05 0.0029178885111776523 0.0015797452069818974 -6.0138698174214486e-05 0.9999999263547258 0.00037904337505194796 -0.018867161124944687 -0.0029178659204336216 -0.00037921723880298796 0.9999956711170086 0.8178954124450684
0.9999870509425646 5.0139056066272924e-05 0.005088755571634387 0.004199068062007427 -5.236335705196407e-05 0.999999903158137 0.0004369688726115407 -0.01819724217057228 -0.005088733169623014 -0.00043722967860145945 0.9999869567274049 0.8052964210510254
0.9999938826531264 8.028250302899267e-05 0.003496885906736403 0.002336236648261547 -8.154678467128965e-05 0.999999931368659 0.00036140392793199263 -0.01891205459833145 -0.0034968566523284946 -0.00036168687690086074 0.9999938205689853 0.8154742121696472
0.9999898640272438 -5.3667670275230955e-05 0.004502106457639702 0.003936365712434053 5.1887368635149444e-05 0.9999999204226204 0.0003955533515387927 -0.01788761094212532 -0.004502127327800714 -0.0003953157397633956 0.9999897872353449 0.7668620347976685
0.9999965282555296 3.577069020810892e-05 0.002634804991968574 0.0012432176154106855 -3.6831143132359264e-05 0.9999999183462579 0.00040243129187004373 -0.018920475617051125 -0.002634790381581815 -0.0004025269376112165 0.9999964479195463 0.8169214725494385
0.9999967197995051 1.5573298287579457e-06 0.0025613253999382363 0.0011566074099391699 -2.5662846252363043e-06 0.9999999224118821 0.00039391578258853065 -0.01865564100444317 -0.0025613245877530214 -0.00039392106355577987 0.9999966422156384 0.8058397769927979
0.9999128817725493 0.00020705632581166373 -0.013197954121531299 -0.01969131827354431 -0.00019965660461422602 0.9999998221539333 0.0005619869590755031 -0.02076740190386772 0.013198068137281969 -0.0005593029410600187 0.9999127452821391 0.744085431098938
0.9999953406808233 -3.619012705863596e-06 0.0030526387841693903 0.0019703947473317385 2.6063741612573963e-06 0.9999999449743547 0.0003317295497417784 -0.018707195296883583 -0.003052639816729427 -0.00033172004778907514 0.9999952856648671 0.795182466506958
0.9999576606773641 -4.968034147923657e-05 0.00920186853400348 0.009631123393774033 4.73220002139001e-05 0.9999999659824079 0.0002565069418285626 -0.016882088035345078 -0.009201880964330533 -0.0002560606306736598 0.9999576290121855 0.7267029285430908
0.999991414476282 0.0003130605807942281 0.004131944675071874 0.0022398405708372593 -0.0003153704734110999 0.9999997943692877 0.0005583930939304189 -0.0193471796810627 -0.004131769014550849 -0.0005596913931815528 0.9999913075773985 0.8939236402511597
0.9999931880261456 0.0002077827318556275 0.003685203880648615 0.0019451857078820467 -0.0002095876154892303 0.9999998582874178 0.0004893855081244304 -0.019174406304955482 -0.003685101672551049 -0.0004901545475370811 0.9999930898632161 0.8692624568939209
0.9999825273849009 0.00011879442063895791 0.005910229504097418 0.0050280047580599785 -0.00012124948026376453 0.9999999065222459 0.0004150350138251127 -0.018423695117235184 -0.005910179647778426 -0.00041574437433367496 0.999982448312542 0.8280578851699829
0.9999881793358583 4.521416774106749e-05 0.004862010307913559 0.0039243013598024845 -4.718527848566884e-05 0.9999999167540625 0.00040529670288036776 -0.018366144970059395 -0.004861991578017845 -0.0004055213273145444 0.999988098224348 0.8098739385604858
0.9999969670882415 0.0003294040556428053 0.0024407595716405234 6.852904334664345e-06 -0.00033086706609827593 0.9999997658460031 0.0005990283160700183 -0.019805604591965675 -0.0024405616777701564 -0.0005998340662285148 0.9999968419239083 0.9132971167564392
0.9999954862057187 0.0004076793037747757 0.002976804624665823 0.000310985604301095 -0.00040930442330284393 0.9999997675377653 0.0005453387060385945 -0.020192354917526245 -0.0029765816093671685 -0.0005465546637920458 0.9999954206094757 0.9479008913040161
0.999996896173178 0.00044503744059944664 0.0024514456321661966 -0.0006289775483310223 -0.000446600055005137 0.9999996974436899 0.0006369151593082943 -0.020448846742510796 -0.0024511614393734732 -0.0006380079981881067 0.999996792371552 0.9731467962265015
0.9999993028081365 0.0004603654438796601 0.001087403742156604 -0.003138575702905655 -0.00046108112634470614 0.9999996772212936 0.0006579981026916598 -0.021280663087964058 -0.0010871004715772134 -0.0006584990252829616 0.9999991922954727 1.0364246368408203
0.999998793478529 0.0005071921962305136 0.0014682634512941661 -0.0029357168823480606 -0.0005081629759848206 0.9999996525053241 0.0006608779170374846 -0.021574508398771286 -0.0014679277489582513 -0.0006616232367990273 0.9999987037205681 1.0627975463867188
0.9999618200599422 0.00033546147158981544 0.00873188914318714 0.008050252683460712 -0.00033926720368494947 0.9999998481122538 0.0004343653227755198 -0.018676510080695152 -0.008731742104089795 -0.00043731118234602913 0.9999617819890705 0.8632268905639648
0.9998928593465889 0.0001982913095885353 0.014636615327963662 0.015189966186881065 -0.0002031244295985188 0.9999999253412777 0.0003287216219214357 -0.016848720610141754 -0.014636549052571765 -0.00033165945661181833 0.9998928249736749 0.801508903503418
0.9999933775481913 0.0005713242260116202 0.003594224309800332 0.0006099243182688951 -0.0005740475714266636 0.999999548926201 0.0007567144639912366 -0.020299896597862244 -0.003593790359234467 -0.0007587727084223696 0.9999932544446641 0.980337381362915
0.9999963186947606 0.0006878884044265281 0.002624767888823687 -0.002253239043056965 -0.0006899223222959874 0.9999994624131037 0.0007740676283198148 -0.022180477157235146 -0.0026242340056371 -0.0007758756646979441 0.9999962556994085 1.1309013366699219
0.9999930885519203 0.0005770454495038776 0.003672855420605149 0.0003453346434980631 -0.0005790990140921911 0.999999676595221 0.0005580804469735891 -0.021127663552761078 -0.00367253219500377 -0.000560203536782531 0.9999930993158274 1.0267353057861328
0.9999956537560996 0.0004977220239195092 0.0029059837745448736 -0.0001338091678917408 -0.0004996404190847414 0.999999657732767 0.0006594647832637274 -0.020443903282284737 -0.002905654549775218 -0.0006609138640199028 0.9999955601723948 0.9782422780990601
0.9999896627689051 0.0003633292734427511 0.004532366619169554 0.0026366710662841797 -0.00036539499162740996 0.9999998297532159 0.0004549505900755389 -0.01963370479643345 -0.004532200550681367 -0.00045660199120901634 0.9999896252825776 0.9101530909538269
0.999481071472567 0.00012147020880685957 0.03221138017902242 0.03583492338657379 -0.00011111703549424794 0.9999999415962773 -0.0003232034132049085 -0.014689536765217781 -0.032211417557343996 0.00031945646065896163 0.9994810265965612 0.6651211977005005
0.999811104225335 0.0002802378245593852 0.01943392226181517 0.02053140476346016 -0.00028302828817440106 0.9999999500299666 0.0001408369722740078 -0.016037587076425552 -0.01943388182285469 -0.00014631071851530457 0.9998111335799723 0.7636245489120483
0.9996651557535066 0.00011203263674794158 0.02587593130701946 0.028711341321468353 -0.00010760976958758835 0.9999999793632645 -0.00017231833349969612 -0.015131425112485886 -0.025875950078301974 0.0001694761306913458 0.9996651471794874 0.6781328320503235
0.99986799932564 0.00014039568655915247 0.016246975521395906 0.01721642166376114 -0.00014288661909551858 0.9999999782159856 0.0001521559789029433 -0.016110749915242195 -0.016246953805428437 -0.00015445736961390013 0.9998679976051663 0.7327781319618225
0.9996400548821353 0.00019257987823665063 0.026827664606370722 0.029282644391059875 -0.00018813702228555676 0.9999999681681709 -0.00016813125144386564 -0.015445244498550892 -0.02682769613109302 0.00016302345648682971 0.9996400592931688 0.7150894999504089
0.9995884631744878 5.032095384104601e-05 0.028686264243830535 0.031772855669260025 -4.104971821747304e-05 0.9999999467397238 -0.0003237830599077057 -0.015061511658132076 -0.0286862790090646 0.0003224722481911555 0.9995884120017913 0.6696913242340088
0.9996536739883322 -7.836654539919713e-05 0.02631588760262619 0.02932075411081314 8.544214008030653e-05 0.9999999605055206 -0.00026774726533828843 -0.0151903685182333 -0.026315865580865686 0.00026990302325063004 0.999653641203336 0.6432144641876221
0.9999921433419116 -2.4771486818127748e-05 0.0039639173583060185 0.002629920607432723 2.2872435554816393e-05 0.9999998849560772 0.00047912908941668197 -0.01817181706428528 -0.003963928771021338 -0.00047903466061892364 0.9999920288654767 0.8049312829971313
0.9999999869477272 -0.00015539872604192765 4.4224209740732664e-05 -0.0018518767319619656 0.00015538706011851097 0.9999999531660403 0.00026367172419071997 -0.018830323591828346 -4.4265181919570334e-05 -0.0002636648488792671 0.9999999642607196 0.7713974714279175
0.9999753895918158 -0.00041440279706698915 0.007003462073696378 0.008151933550834656 0.00041569550153196743 0.999999896831033 -0.0001831261123452924 -0.01743563637137413 -0.007003385463183259 0.00018603291321610374 0.9999754586907665 0.5682836771011353
0.9999706936345454 -0.0005258374501073055 0.007637759293296725 0.009473279118537903 0.0005274529267126336 0.9999998389517595 -0.00020949908223716053 -0.01713244430720806 -0.007637647900785825 0.00021352150107327005 0.9999708099455266 0.5442354083061218
0.9982932390596443 0.0016011552322536431 -0.05837846477705883 -0.07563462853431702 -0.0015471592117425805 0.9999983325836266 0.0009701176940161878 -0.029162542894482613 0.05837992074487248 -0.0008781411554812765 0.9982940517312189 0.474673330783844
0.9954930002059756 0.002890326019265763 -0.09479099406804087 -0.12480902671813965 -0.0027299323921331758 0.9999946144032522 0.001821711729357656 -0.03677826374769211 0.09479574890278247 -0.0015547282697798213 0.9954955292767353 0.48108747601509094
0.99513751910611 0.0030203735193848323 -0.09844894824801495 -0.12980666756629944 -0.002851318142851922 0.9999942091914511 0.0018578397166759046 -0.03776784613728523 0.09845398951888731 -0.0015680967342654028 0.9951403685010709 0.5185253024101257
0.9909708227497441 0.004336905785119308 -0.1340075360078921 -0.17531833052635193 -0.004061050733500146 0.9999890352856268 0.002331775173917216 -0.04504918307065964 0.13401617934277724 -0.0017665097601647735 0.9909775694321401 0.399679034948349
0.996496986944803 0.0025012184682822753 -0.0835912610031874 -0.10863388329744339 -0.002388413471626899 0.9999960972711672 0.0014494562852167129 -0.03484202176332474 0.08359456017599246 -0.0012447283270363683 0.9964990718311655 0.41656917333602905
0.9996429472648378 0.0005134520204404542 -0.026715432818729897 -0.034465402364730835 -0.0005013745739903873 0.9999997690749663 0.0004587739651192593 -0.023053448647260666 0.026715662207886983 -0.0004452157198717326 0.9996429738540443 0.584801971912384
0.9997461674976748 0.0004254649609974 -0.022525975079394845 -0.031586237251758575 -0.00041181637477319356 0.9999997288242055 0.0006105397515908252 -0.023273736238479614 0.02252622873416726 -0.0006011082113624824 0.9997460716041516 0.77705317735672
0.9999912415078158 -7.037679403247656e-05 -0.0041847287562731175 -0.00783559214323759 7.19468016099512e-05 0.999999927089533 0.00037502611389744154 -0.019708573818206787 0.004184702058027016 -0.00037532390708377327 0.9999911736613728 0.8193094730377197
0.9999680189814932 1.1300093201761067e-05 -0.007997555034855138 -0.013464371673762798 -6.473846706687775e-06 0.9999998178784104 0.0006034908739307119 -0.02076641656458378 0.007997560397830826 -0.0006034197987325802 0.9999678369388834 0.8631922006607056
0.9999365567788809 0.00011444477194968052 -0.01126362817168126 -0.018333908170461655 -0.0001079978880202446 0.9999998300211485 0.0005729695717726969 -0.021759407594799995 0.011263691830474657 -0.0005717167726834735 0.9999363991706072 0.8768263459205627
0.9998937627877588 0.0002705240050157365 -0.014573604732523704 -0.02256745472550392 -0.0002611219715724344 0.9999997565771029 0.0006470402234003016 -0.022077390924096107 0.01457377622488726 -0.0006431659952500856 0.999893590030484 0.869712233543396
0.9998802707812577 0.000306755449812012 -0.01547094061434557 -0.023871641606092453 -0.00029766665636767715 0.9999997817802905 0.000589774476414288 -0.022463904693722725 0.015471118154816204 -0.0005850986800134577 0.9998801438985446 0.8852108716964722
0.9998619855526374 0.0003759136695092685 -0.016609290642607945 -0.02514694631099701 -0.0003660150892524571 0.9999997536145796 0.0005990022826086995 -0.022403718903660774 0.016609511723466988 -0.0005928403606427223 0.999861876791297 0.8632558584213257
0.9998505324077644 0.0004088149453224001 -0.017284262039514282 -0.026008233428001404 -0.00039807779591789403 0.9999997256759788 0.000624645527922583 -0.0224897600710392 0.017284512662453358 -0.0006176716827227664 0.9998504208648982 0.8590458631515503
0.9998562963956172 0.000353571217667844 -0.016948791857634937 -0.02607102319598198 -0.00034258610839664325 0.9999997293945276 0.0006510342769069898 -0.022886257618665695 0.01694901745818114 -0.0006451343002902898 0.9998561469576195 0.8982317447662354
0.9998821267730198 0.0002811552757645097 -0.015351010115743611 -0.02393016219139099 -0.00027158911631719397 0.999999767655424 0.0006252427127333987 -0.02251453511416912 0.015351182339306994 -0.0006209998460852919 0.9998819708145439 0.8719315528869629
0.9998131142896071 0.0004897971937846724 -0.0193260599508998 -0.028894469141960144 -0.0004782365934229195 0.9999997039583585 0.0006028042434144927 -0.02292480133473873 0.019326349481408118 -0.000593449158840029 0.9998130525422331 0.8481823801994324
0.9998134612922096 0.00047126249979639856 -0.019308561068809585 -0.028996918350458145 -0.0004584642665004802 0.9999996722952083 0.0006672480744094318 -0.02306005172431469 0.019308869190297125 -0.0006582713215282643 0.9998133497055637 0.8756483793258667
0.9997980590278014 0.0005040278372680292 -0.020089477847362886 -0.03001509979367256 -0.0004914759749657719 0.9999996809455781 0.0006297301862330196 -0.02316397614777088 0.02008978883926998 -0.000619729522195403 0.9997979877553826 0.871505081653595
0.9997695105747707 0.0005644255139868733 -0.021461760154350532 -0.03184529393911362 -0.0005497907822556378 0.9999996123358327 0.0006877923235990811 -0.023370129987597466 0.02146214004193091 -0.0006758343168378944 0.9997694333159006 0.8653998970985413
0.9998477497188146 0.0004060469143565845 -0.017444555257329394 -0.026134997606277466 -0.0003976217941431565 0.9999998026407186 0.00048643132376213934 -0.022530391812324524 0.017444749328422562 -0.00047942092909687044 0.9998477138426838 0.8424109220504761
0.9997611516852125 0.000571433910257282 -0.021847495150335433 -0.0324275940656662 -0.0005562877093813401 0.9999996007332517 0.0006993406337051303 -0.023340528830885887 0.021847886054310005 -0.0006870201043404073 0.9997610703954892 0.8466746211051941
0.999851870683833 0.0003889694240518605 -0.01720713203376113 -0.025646593421697617 -0.0003807741344316945 0.9999998125230732 0.000479546532991734 -0.022138582542538643 0.01720731533675964 -0.00047292346728552433 0.9998518313441725 0.817893922328949
0.9999467855935299 0.000191332667138202 -0.010314522430918523 -0.01601140946149826 -0.00018659798375456884 0.9999998767946385 0.00045999119621423234 -0.020669618621468544 0.010314609171456487 -0.0004580420489667436 0.9999466980970145 0.7974120378494263
0.9999707883570641 -7.475012750368678e-05 -0.007643091322913542 -0.011665335856378078 7.707008261787317e-05 0.9999999510522 0.000303242147893467 -0.019449383020401 0.007643068281411816 -0.0003038223433718325 0.9999707451716923 0.6874213218688965
0.9997569199781046 0.00021339442349182987 -0.022046664571172703 -0.026133064180612564 -0.00021074730838307218 0.9999999703028744 0.0001223920844435171 -0.023108212277293205 0.022046690034238436 -0.00011771605815575165 0.999756935260498 0.3586673140525818
0.9999897361540442 -0.00022385103552627548 -0.004525204667070217 -0.004955613054335117 0.00022345868104627187 0.9999999712303456 -8.720966550710847e-05 -0.019770558923482895 0.004525224058855575 8.61975741341679e-05 0.9999897574061423 0.44298499822616577
0.9999922257533256 -0.0002486456246949683 -0.003935302817261545 -0.004170105326920748 0.00024831024127238473 0.9999999654976816 -8.571265909220229e-05 -0.01975085772573948 0.003935323993562138 8.473481674881325e-05 0.9999922529925303 0.4421384632587433
0.9999971328022993 -0.00037469328740309665 0.0023651621764377508 0.0033776003401726484 0.00037511886391950155 0.9999999135337947 -0.00017949440380741032 -0.01825999654829502 -0.002365094716582919 0.00018038110611007916 0.9999971868908621 0.48932942748069763
0.9999357952685908 -0.0005595464905148724 0.011317784601942046 0.014106052927672863 0.0005632446236847547 0.9999997890291615 -0.00032356935362288196 -0.017041144892573357 -0.01131760116212328 0.00032992326026850627 0.99993589947285 0.4884844422340393
0.9999795067216453 -0.00048173222207960315 0.006383891509229275 0.008395635522902012 0.0004834493101585448 0.999999847378548 -0.00026743157177109796 -0.01790538616478443 -0.006383761704505158 0.00027051237916772065 0.9999795869964312 0.4756588637828827
0.9999556177315628 -0.0005456549747209793 0.009405574290644566 0.012085752561688423 0.0005487031376952493 0.9999997977803139 -0.00032150302927340656 -0.017439085990190506 -0.009405396958924976 0.0003266496283647605 0.9999557149234486 0.47799748182296753
0.9999992601502946 -0.0003885321058618502 0.001152710573494043 0.0021855197846889496 0.00038877391294039806 0.9999999024705735 -0.000209555931168564 -0.018882116302847862 -0.001152629041863609 0.00021000391992881506 0.9999993136720873 0.4527660012245178
0.9999620120594863 -0.000517551930681849 0.008700952703137461 0.011471143923699856 0.000520658346065161 0.9999998015305275 -0.00035475877971149946 -0.017582429572939873 -0.008700767370172604 0.0003592755267996859 0.9999620830652858 0.457675039768219
0.9998638238624301 -0.0005300476437064616 0.016494022574719176 0.019610676914453506 0.0005357614903102151 0.9999997979969627 -0.0003420024265775227 -0.015874821692705154 -0.016493837965296163 0.00035079271612387363 0.999863905866016 0.539609968662262
0.9998577483507892 -0.0006199974261749285 0.01685522666953671 0.020434997975826263 0.0006266421837637018 0.9999997280199696 -0.000388946732080164 -0.015969453379511833 -0.01685498093927884 0.0003994535998141011 0.9998578649259895 0.5108867287635803
0.9998112606086584 -0.0005906997969097573 0.01941891433306662 0.023683391511440277 0.0006007862909862377 0.9999996876424716 -0.0005135862065233613 -0.01583567075431347 -0.019418604892154648 0.0005251558900924832 0.9998113031944244 0.47710299491882324
0.9998351015958796 -0.0006247943918490237 0.01814880846571363 0.021843086928129196 0.0006320176862925528 0.9999997233385726 -0.00039227085379414 -0.015822235494852066 -0.018148558356008836 0.00040367653689183335 0.9998352198611791 0.5131118297576904
0.9998424555237759 -0.0005763804270890516 0.01774068538105782 0.020954597741365433 0.000582421170466288 0.99999977416716 -0.00033533745606999986 -0.015648363158106804 -0.01774048809268231 0.0003456171762506348 0.9998425654226775 0.5471627712249756
0.9999567787259455 -0.0005568796423967709 0.009280655423725137 0.011618951335549355 0.0005591988213684233 0.9999998130694713 -0.00024730082943083336 -0.017181240022182465 -0.009280515972089856 0.0002524798723483843 0.999956903209936 0.5138179063796997
0.9999813863177576 -0.0004686156521874644 0.006083372205141429 0.007440140005201101 0.00046969436599143317 0.9999998742242053 -0.00017589421898119833 -0.01725824549794197 -0.006083289013216311 0.00017874827059308172 0.9999814806504357 0.5510492324829102
0.9999867486898254 -0.0004411145007412929 0.005129119100735567 0.0063369194976985455 0.00044195592790587134 0.9999998890665331 -0.00016291678696548023 -0.017408622428774834 -0.0051290466667874585 0.0001651814726961088 0.9999868327109969 0.5495048761367798
0.9999929942874215 -0.0004611524056546933 0.0037146621025008057 0.004956790246069431 0.0004617623462110665 0.9999998800474313 -0.00016334215112140656 -0.01780252531170845 -0.0037145863312916107 0.00016505629788107597 0.99999308727851 0.5293717384338379
0.9999941410561721 -0.000429681567859661 0.00339606052336777 0.004204785916954279 0.00043010632531092303 0.9999998997735249 -0.00012434423504097532 -0.01754133030772209 -0.003396006754566728 0.00012580417362732614 0.9999942256390446 0.5710921287536621
0.9999911111516596 -0.00032457824025891466 0.004203839511108483 0.0049558356404304504 0.000324682901722274 0.9999999469973415 -2.4214199787573572e-05 -0.01717597432434559 -0.004203831428891457 2.5578899362065423e-05 0.9999911635344771 0.6042970418930054
0.9999983288707935 -0.00019907270389059634 0.0018173127630490486 0.0009762737900018692 0.00019872887084029033 0.9999999623215502 0.0001893772267344487 -0.01787305623292923 -0.0018173503944121025 -0.0001890157577472697 0.9999983307539004 0.6785862445831299
0.9999926836186315 -0.00013817176757668405 -0.003822776186228702 -0.006002368405461311 0.0001390739616429882 0.9999999625425132 0.00023574012179314676 -0.01869562827050686 0.0038227434704077973 -0.0002362700456572052 0.999992665377514 0.6471534371376038
0.9998647246172658 0.00010373773428932796 -0.016447544027063013 -0.021117661148309708 -9.923093194967178e-05 0.9999999573118002 0.0002748265276651622 -0.020824898034334183 0.01644757183482827 -0.00027315724527935797 0.9998646922288326 0.5432700514793396
0.9999507650443232 -8.153388455808232e-05 -0.009922743546984223 -0.012848841957747936 8.338862783350573e-05 0.9999999791311476 0.00018650480411832736 -0.01937042362987995 0.00992272813344678 -0.0001873230655312898 0.9999507509754966 0.580981433391571
0.9999925485688345 -0.00018329036778323758 -0.003856061650005371 -0.005858232267200947 0.0001842338137171224 0.9999999531848002 0.0002443118898468298 -0.018513571470975876 0.0038560166894669305 -0.00024502048631730845 0.9999925355222669 0.6463844180107117
0.9999947096280909 -0.00010188773004354902 0.003251205118226451 0.0027199704200029373 0.00010109166864278444 0.9999999648741661 0.00024501457319053735 -0.017438502982258797 -0.00325122996800385 -0.00024468460722182057 0.9999946848024435 0.6978665590286255
0.9999947558885619 -0.00015691503574823322 0.003234744664939937 0.002330632647499442 0.00015606391812367142 0.999999953140637 0.00026336814074846794 -0.017672069370746613 -0.0032347858397830825 -0.00026286193269004843 0.9999947335182198 0.7055690884590149
0.9999479338315058 -3.5440999245752207e-06 -0.01020439187516442 -0.014089726842939854 7.109742792251916e-06 0.9999999389393928 0.00034938612223356727 -0.01964794471859932 0.010204390013818725 -0.0003494404816384413 0.9999478727992753 0.6381964087486267
0.9999892817569815 -0.00012061699092832031 -0.004628371495198795 -0.007179290056228638 0.00012206911474511002 0.9999999434201013 0.00031346279708855074 -0.01878235675394535 0.0046283334243866535 -0.0003140244185292447 0.9999892399012987 0.6775221824645996
0.9999789441690644 -0.0001474544650479915 -0.006487640226134598 -0.009068837389349937 0.00014890880209187038 0.9999999638949332 0.0002236879541076447 -0.018873538821935654 0.006487607008110305 -0.0002246493109063774 0.9999789300220256 0.6230751276016235
0.999979191806413 -0.00015276034217511918 -0.006449233944464976 -0.008907893672585487 0.00015424962105933652 0.9999999615553155 0.0002304266078516479 -0.01886109635233879 0.006449198496478751 -0.0002314166049822409 0.9999791769257536 0.6259053945541382
0.9999836875689888 -0.00013380253657766886 -0.005710227036497376 -0.008279484696686268 0.00013541952365594742 0.9999999508462016 0.00028278816642897197 -0.0188911035656929 0.005710188918044045 -0.0002835568296917661 0.999983656535468 0.6549825072288513
0.9999950376309483 -8.702924730949523e-05 -0.003149148994340345 -0.005731821991503239 8.819600168915925e-05 0.9999999275269709 0.0003703613350540225 -0.018862232565879822 0.0031491165338437556 -0.00037063723953441975 0.9999949728339104 0.7397764325141907
0.999999949968314 4.688270915844074e-06 -0.00031629320081626015 -0.002522118389606476 -4.5496330563659175e-06 0.999999903927433 0.0004383200028706407 -0.01908149942755699 0.0003162952253920818 -0.00043831854192275015 0.999999853917082 0.812416136264801
0.9999993888556753 4.091763693552879e-05 0.0011048140220039314 -0.0009309002198278904 -4.1344209460715593e-05 0.9999999246151337 0.00038608338958690615 -0.019372472539544106 -0.001104798141097712 -0.0003861288312965745 0.9999993151625622 0.8400276899337769
0.9999986391197682 -2.870699369841902e-05 0.0016495255438228786 0.00016538705676794052 2.8067953565740767e-05 0.9999999245549761 0.0003874302925436893 -0.018750343471765518 -0.0016495365413333517 -0.0003873834664910935 0.9999985644805938 0.7971619963645935
0.9999981544444744 -1.0857267704168177e-06 0.0019212252513600338 0.000440170057117939 3.325727222492445e-07 0.9999999231609473 0.00039201784277487727 -0.018690098077058792 -0.0019212255293591719 -0.0003920164803370695 0.9999980776059245 0.8016633987426758
0.9999966234777983 -3.695291625381869e-05 0.0025983970991162878 0.0014060831163078547 3.595239426504212e-05 0.9999999252030168 0.00038509919026913554 -0.018497584387660027 -0.0025984111353021507 -0.00038500447137620515 0.9999965500096134 0.787090539932251
0.9999999971973796 -5.009355154012134e-05 5.564060422002053e-05 -0.0017663859762251377 5.0072466357976424e-05 0.9999999269675861 0.00037888991900006147 -0.01876937970519066 -5.5659580098138345e-05 -0.00037888713187589395 0.9999999266732735 0.7823870778083801
0.9999992280023883 -6.970830508788202e-05 -0.0012406189502243352 -0.003416377119719982 7.017445204878726e-05 0.9999999269633316 0.0003756978543443539 -0.018794644623994827 0.0012405926703530088 -0.000375784624061541 0.9999991598575184 0.7695330381393433
0.999999228042261 -6.907371098451698e-05 0.0012406223052196157 -0.00018076878041028976 6.863142701376144e-05 0.9999999340842107 0.0003565407428252441 -0.01831820234656334 -0.0012406468510352414 -0.0003564553219116661 0.9999991668671501 0.7588772177696228
0.9999999887770443 -3.4201664549931184e-05 0.00014586348792866748 -0.001818153541535139 3.4144735110797846e-05 0.9999999232589083 0.000390277227519414 -0.01904677413403988 -0.0001458768248657613 -0.0003902722426691924 0.9999999132037604 0.8035847544670105
0.9999999917241704 -0.0001082743484354759 6.948614555736364e-05 -0.0014894604682922363 0.00010824976525575572 0.9999999315921038 0.0003536916396680272 -0.018340621143579483 -6.952443653579474e-05 -0.0003536841148819904 0.9999999350369476 0.7390983700752258
0.9999876184674621 -0.00013755242561317783 0.00497433323207699 0.0046865008771419525 0.0001360870705600159 0.9999999472511073 0.000294920483906416 -0.017516786232590675 -0.004974373536714345 -0.00029423988990130576 0.9999875844383291 0.726222038269043
0.9999806239495284 -7.638508159932324e-05 0.00622461973385707 0.006000960245728493 7.452513307021545e-05 0.9999999525115674 0.00029903656512787026 -0.017487147822976112 -0.006224642280192066 -0.0002985668803663143 0.9999805821546244 0.7417932748794556
0.999993436807366 -0.00017897931050834433 0.0036186058917091327 0.0030109090730547905 0.00017795843575218515 0.9999999442797103 0.0002824382619882655 -0.017663348466157913 -0.003618656240684755 -0.0002817924468474526 0.9999934129383199 0.7130176424980164
0.9999876183020232 -0.0001618955251509622 -0.004973633730558954 -0.0071148136630654335 0.00016310239230151827 0.9999999573566719 0.0002422483510107331 -0.01881905272603035 0.004973594299542657 -0.00024305656312470123 0.9999876020647708 0.6346968412399292
0.9999994762291351 -0.0002688281982569132 -0.0009875590389382882 -0.0020647523924708366 0.0002690381965332919 0.9999999412274684 0.00021251707842112415 -0.018019234761595726 0.0009875018503136524 -0.00021278265821367628 0.9999994897816878 0.6463688015937805
0.9999963471086912 -0.00010059760642404546 -0.0027010459818165612 -0.004908484406769276 0.00010159807690071339 0.9999999262902829 0.0003702664714668523 -0.018606314435601234 0.002701008534802457 -0.00037053954000104965 0.9999962836197666 0.713424026966095
0.9999966278765972 -0.0001229560917332113 0.0025940542079484303 0.0017759770853444934 0.00012208369649251982 0.9999999359446549 0.00033646137513715124 -0.01802096888422966 -0.0025940954117610994 -0.00033614354882126573 0.9999965788324023 0.7426856160163879
0.9999970624906189 -0.0001924142015704462 -0.002416192647124951 -0.003946950659155846 0.00019300329727019007 0.999999951709069 0.00024358076054442098 -0.018430016934871674 0.0024161456620472007 -0.00024404637817138693 0.9999970513364052 0.646030843257904
0.9999771980277924 -0.0001793590777147871 0.006750648473042464 0.006845081225037575 0.00017801096022072366 0.9999999640955535 0.00020030224661264656 -0.017163602635264397 -0.006750684156690383 -0.00019909598990958734 0.9999771940520461 0.6993189454078674
0.9999999711934825 -0.0001370764269656089 0.00019703575182458956 -0.0012520691379904747 0.00013701049639700658 0.999999934639906 0.0003345867714816756 -0.0182223878800869 -0.00019708160290545898 -0.0003345597658772304 0.9999999246142997 0.7213689088821411
0.9999964426504659 -0.00010896509518442037 0.0026651103206704204 0.001792150316759944 0.00010808381490803796 0.9999999394396979 0.00033081488690875235 -0.017910266295075417 -0.002665146206546175 -0.0003305256547939597 0.9999963938677424 0.7337613701820374
0.9999804246086226 -0.00019296578679879912 0.0062540517877336605 0.006352180615067482 0.00019146734860215386 0.9999999528238764 0.00024019262912062763 -0.01726704090833664 -0.006254097841651402 -0.00023899048054208872 0.9999804143800702 0.702877938747406
0.9999797349947811 -0.0004184094692029038 0.006352521805037941 0.007305404171347618 0.00041880091099703707 0.9999999104854648 -6.028979623678048e-05 -0.016854049637913704 -0.006352496010573262 6.294901638282352e-05 0.9999798207123267 0.6093403100967407
0.9999762724208274 -0.0003812862708306352 0.006878169533127148 0.007829926908016205 0.00038120579873356103 0.9999999272564282 1.3010649314247019e-05 -0.01682068035006523 -0.006878173993566489 -1.0388342492334751e-05 0.9999763450275192 0.6227220296859741
0.9999932179392431 -0.00016609934494659558 0.0036791964509954164 0.0032873780000954866 0.0001651612118320479 0.9999999537755383 0.0002552855175249064 -0.01750829815864563 -0.003679238683683776 -0.00025467612561860163 0.999993199148264 0.7044455409049988
0.9999875427117131 -5.545980873579448e-05 0.004991126686353282 0.004469725769013166 5.375622484855193e-05 0.9999999402590269 0.00034145601542623973 -0.01792055554687977 -0.004991145325263825 -0.00034118345768181904 0.9999874859527943 0.770200252532959
0.9999986929077859 8.821852819218983e-05 0.001614434951139048 -0.0002373747993260622 -8.901837827371608e-05 0.9999998733414449 0.0004953713987449051 -0.018980849534273148 -0.0016143910457213438 -0.0004955144656299855 0.9999985741024665 0.8326441645622253
0.999999347631614 0.00016816868850182414 0.0011298033628283086 -0.0013502789661288261 -0.00016868985975984483 0.9999998794125342 0.0004612143194729891 -0.019732782617211342 -0.0011297256647809601 -0.00046140460496217964 0.9999992554125793 0.8841762542724609
0.99999308507848 5.409551983957026e-05 0.0037184497977858556 0.002454122994095087 -5.551971176545399e-05 0.9999999251507573 0.00038290474199505426 -0.018632708117365837 -0.003718428806031637 -0.0003831085414998011 0.9999930132331225 0.8192012310028076
0.9999209274149718 -5.1362327387843974e-05 0.012575224828775633 0.013402942568063736 4.974641679918653e-05 0.9999999904663424 0.00012881230346292884 -0.016534263268113136 -0.012575231324987444 -0.00012817654556543482 0.9999209204371596 0.7074711322784424
0.9999739024229929 -8.620820188635454e-06 0.007224569095249262 0.00689324177801609 6.104423965477601e-06 0.999999939313466 0.00034833288705336313 -0.017508694902062416 -0.007224571659730389 -0.00034827969457629384 0.9999738417906678 0.7712026238441467
0.9999978229570415 -0.00011816956513230911 0.0020832947777937746 0.0010640188120305538 0.00011745159559890502 0.9999999336760266 0.0003447507288712917 -0.01805805414915085 -0.0020833353786650966 -0.0003445052920383903 0.9999977705124166 0.7423290014266968
0.9999695312919564 -2.4261002796118457e-05 0.007806144960781873 0.007705755066126585 2.2318954355204935e-05 0.9999999687823974 0.0002488715906516652 -0.017323540523648262 -0.007806150754967098 -0.0002486897828627595 0.9999695006167851 0.7524259090423584
0.9999450419226262 8.316509230953256e-05 0.01048361664334922 0.010508222505450249 -8.587307575039799e-05 0.9999999630679589 0.00025785634720777235 -0.017126111313700676 -0.010483594811520941 -0.00025874243632484367 0.999945012134257 0.7719370126724243
0.9999601397703961 0.0001345947641485131 0.008927527912005935 0.008674188517034054 -0.0001382685846754825 0.9999999060214652 0.00041090006042128745 -0.01782292127609253 -0.00892747176801322 -0.0004121180784995787 0.9999600644058347 0.8212779760360718
0.9999434547026607 0.00012209835548286063 0.010633554875959437 0.010887659154832363 -0.00012583003717773136 0.9999999307401868 0.00035026621839646455 -0.01736205443739891 -0.010633511372552164 -0.00035158443309437075 0.9999434008104042 0.7882550358772278
0.9999171037087355 6.149109436956941e-05 0.012875633171990218 0.013567676767706871 -6.449282083161797e-05 0.9999999708416769 0.00023271725742264731 -0.016516344621777534 -0.012875618486519504 -0.00023352835192834846 0.9999170785185634 0.7350586652755737
0.9998881115739213 -1.902392294036462e-05 0.014958742301010361 0.016194075345993042 1.7667018308356423e-05 0.9999999957178086 9.084194767660109e-05 -0.01610218547284603 -0.014958743965124375 -9.056750713995169e-05 0.9998881076283049 0.6946280002593994
0.999873714414779 2.3824327519268597e-05 0.01589196824795952 0.017187969759106636 -2.5033811905769404e-05 0.9999999968056632 7.590771855284764e-05 -0.01605553738772869 -0.015891966388744877 -7.629596904611928e-05 0.9998737118172594 0.7009586095809937
0.9999488841920618 4.092879012743266e-06 0.01011083509404343 0.010344899259507656 -7.179405040710347e-06 0.9999999533906738 0.0003052328723531831 -0.016934270039200783 -0.010110833373503 -0.0003052898599087434 0.9999488376145026 0.7550588846206665
0.9999587732666488 9.46032347881602e-05 0.009079802711884535 0.008783767931163311 -9.760752244314519e-05 0.999999940643299 0.0003304333063418889 -0.01751856505870819 -0.00907977091287774 -0.0003313059407030576 0.9999587231463823 0.7956653237342834
0.9999547670036442 7.929422177393983e-05 0.009510923147318946 0.009345686063170433 -8.219128114916218e-05 0.9999999503495498 0.00030421290441307654 -0.017389440909028053 -0.009510898552771822 -0.00030498085891026913 0.9999547238727334 0.7859379053115845
0.9999762667863021 9.084698889856414e-05 0.006888948465099337 0.006266037933528423 -9.381734326680758e-05 0.9999999027812126 0.0004308548145276945 -0.017964372411370277 -0.006888908653501569 -0.00043149089180120616 0.9999761780928453 0.8140929937362671
0.9999777012089331 9.25284637416848e-05 0.006677463843487416 0.005992693826556206 -9.519614675758364e-05 0.9999999157930379 0.00039918869063626663 -0.01813318580389023 -0.006677426344882183 -0.000399815458039071 0.999977625812202 0.8192893266677856
0.9999579634427413 7.230901174701565e-05 0.009168757759485786 0.00895185861736536 -7.516424676750118e-05 0.9999999487944684 0.00031106493941266756 -0.017390651628375053 -0.009168734797196314 -0.00031174102608431617 0.9999579176744147 0.7819235920906067
0.9999832963015423 2.2106950835966797e-05 0.005779846813237329 0.005131585989147425 -2.3933746259330203e-05 0.9999999497874914 0.0003159939718723108 -0.017912931740283966 -0.00577983953735352 -0.00031612702699133606 0.9999832466189746 0.7782357335090637
0.9999984241360809 0.0002967360038609974 0.0017503351389860896 -0.000992986373603344 -0.0002977803702164086 0.9999997777954016 0.0005964360806806824 -0.019909627735614777 -0.0017501577659944333 -0.0005969563562242729 0.9999982902939898 0.9205079674720764
0.9999993682111376 0.00037789143175396173 0.0010586667990935368 -0.0025093145668506622 -0.0003785019438803863 0.9999997621694093 0.0005765391601748697 -0.020730692893266678 -0.001058448678101486 -0.000576939503365228 0.9999992734133387 0.9804795980453491
0.999999535950814 0.0003410995727419501 0.0009009712746794321 -0.002627134323120117 -0.00034164210109993807 0.9999997603936444 0.0006020741882892614 -0.020560553297400475 -0.0009007656915526041 -0.0006023817186165368 0.9999994128785444 0.9688211679458618
0.9999997884080126 0.00038144078416761196 0.0005269600161800903 -0.003772580996155739 -0.00038177920198552667 0.9999997208755633 0.0006422565195590863 -0.021236233413219452 -0.0005267148862622152 -0.0006424575660372082 0.9999996549097929 1.02571439743042
0.9999994152723509 0.0003713452991694643 0.0010156562535857166 -0.0029354821890592575 -0.00037190670278445755 0.9999997781501092 0.0005526166277161081 -0.021237201988697052 -0.0010154508166755423 -0.0005529940339543199 0.9999993315283955 1.0158543586730957
0.9999981467063154 0.0004298574553576875 0.0018766476767292015 -0.0013850773684680462 -0.00043093873605199633 0.999999741367072 0.0005758103809056391 -0.020472100004553795 -0.0018763996749812134 -0.0005766180339377213 0.9999980733160952 0.9711793661117554
0.9999971779267374 0.0004732934719831395 0.0023281176625351394 -0.0010246257297694683 -0.00047470023402587647 0.9999997050828966 0.0006037332257116573 -0.020742695778608322 -0.0023278312329388733 -0.0006048366799315084 0.9999971076829881 0.9951549768447876
0.9999990915415065 0.00044338715169897294 0.0012729194773268236 -0.002548671793192625 -0.00044425200774307773 0.9999996706468512 0.000679224810327565 -0.020909901708364487 -0.0012726178985327712 -0.0006797896903135146 0.9999989591642892 1.0071461200714111
0.9999982807761868 0.00043744271088552093 0.001801967964479155 -0.0017586895264685154 -0.000438348621352645 0.9999997777375691 0.0005023696828470998 -0.020964356139302254 -0.001801747806013444 -0.0005031587093341292 0.9999982502665474 0.999566912651062
0.9999977452185786 0.00045718345506342586 0.0020737745892726715 -0.0014303862117230892 -0.00045858890585735897 0.9999996654796934 0.0006773010531632939 -0.020582769066095352 -0.0020734642447173567 -0.000678250536017352 0.9999976203582868 0.9917374849319458
0.9999981363850075 0.00040434265285586195 0.0018877853509219763 -0.0014719897881150246 -0.00040536660535702763 0.9999997709253424 0.0005420582790503277 -0.02076888643205166 -0.00188756574119564 -0.0005428225140017379 0.9999980712177854 0.9859992265701294
0.9999991109213991 0.0004133847983482295 0.0012677812980340048 -0.0026848716661334038 -0.0004142668587912653 0.9999996722842852 0.0006955676040487163 -0.020833520218729973 -0.0012674933454884134 -0.0006960921854104149 0.9999989544575977 1.0073566436767578
