0.9999899467567054 -9.438804290442023e-05 -0.004483020903192461 -0.005993024446070194 9.585396384416841e-05 0.9999999420133353 0.000326780267460602 -0.00950339064002037 0.004482989799087126 -0.00032720669758263665 0.999989897818092 0.509400486946106
0.999919162800693 -2.572025709308511e-05 -0.012714841816940376 -0.015739547088742256 3.1381799199350704e-05 0.999999900463472 0.0004450710383258189 -0.009160822257399559 0.012714829104007635 -0.0004454340746423387 0.999919064079359 0.4582216441631317
0.9999999823644277 -0.00010160250876636532 0.0001579495941606908 9.346380829811096e-05 0.00010155102222167519 0.9999999417245827 0.00032594205097838917 -0.013105697929859161 -0.00015798270148620417 -0.00032592600528746804 0.9999999344068502 0.5770105123519897
0.9999259515291821 -2.3632295452554918e-05 -0.012169260453052699 -0.01501050591468811 2.8990391325315527e-05 0.9999999027263674 0.00044012136136590174 -0.008343520574271679 0.012169248868226483 -0.00044044156267479203 0.9999258549478621 0.4413600265979767
0.9999715179628873 -0.00024862551745308406 0.007543304869273979 0.008428039960563183 0.0002472132459392249 0.9999999517418985 0.00018815369086970385 -0.009650328196585178 -0.007543351285057161 -0.00018628352698745525 0.9999715311696816 0.5233157277107239
0.9992691572416413 -0.00018218638064593557 0.03822457578185331 0.04051243141293526 0.00017387884922005642 0.9999999605378422 0.00022065914824880584 -0.00416295463219285 -0.03822461447452064 -0.00021385143585936911 0.9992691494866824 0.4824237823486328
0.999540046327877 -0.0001257230022115212 0.03032622595365739 0.0320625901222229 0.00012294261903950454 0.999999988067029 9.354706995821311e-05 -0.005627409555017948 -0.0303262373527939 -8.977565699554304e-05 0.9995400498571098 0.4861517548561096
0.9999873297662261 -0.00026339658916971366 0.005027019917412228 0.0059639145620167255 0.00026218504795412376 0.9999999364289138 0.00024166333871570406 -0.00968808215111494 -0.005027083251138256 -0.00024034226732659489 0.9999873352545926 0.5279347896575928
0.9999714975207498 -0.0002897998636911903 0.007544545191588723 0.008671149611473083 0.00028825357436054825 0.99999993722845 0.00020604119154996327 -0.008692228235304356 -0.007544604428715154 -0.00020386057674677633 0.9999715182868356 0.5260143876075745
0.9999939817721624 -7.815698048139257e-05 -0.0034684738636126355 -0.004381733946502209 7.941777335334588e-05 0.9999999308295209 0.0003633645151767163 -0.009509633295238018 0.0034684452242233163 -0.00036363778683745824 0.9999939188091529 0.47952786087989807
0.9999992130240842 -0.0001252346714446278 0.0012483058476629911 0.0015534721314907074 0.0001249238864172307 0.9999999611864719 0.0002490403127323121 -0.010363992303609848 -0.0012483369876935787 -0.0002488841735256565 0.9999991898553885 0.48975446820259094
0.9999508417913588 -0.0002520631409130125 0.009912137253171117 0.010523471981287003 0.00025226784790621245 0.9999999679922495 -1.9401872750677703e-05 -0.011967171914875507 -0.009912132045408917 2.190143252237747e-05 0.999950873372608 0.6677197217941284
0.9999968816365099 -0.00021158684200639792 0.002488362566838947 0.002646639011800289 0.00021100967990165474 0.999999950777925 0.00023220478501879057 -0.009447119198739529 -0.002488411575833739 -0.0002316789923311588 0.9999968770614605 0.5222631692886353
0.9999603894354441 -0.00033068016262112574 0.008894392095309263 0.009867100045084953 0.0003300214951737695 0.9999999426911308 7.552183746697048e-05 -0.010281922295689583 -0.008894416559155205 -7.25835054263964e-05 0.9999604412604066 0.5800426006317139
0.9998603378699811 -0.0004570966446054645 0.01670616105468365 0.018686996772885323 0.0004558875254876001 0.9999998931812831 7.618390066275228e-05 -0.010040908120572567 -0.01670619409355833 -6.85571302332955e-05 0.9998604394508409 0.6558374762535095
0.9999744806246218 -0.0003428912311280224 0.007135861904587208 0.008063673973083496 0.00034250094109335784 0.9999999397832439 5.591613210641753e-05 -0.011711466126143932 -0.00713588064804013 -5.347066574381926e-05 0.9999745378499718 0.618492066860199
0.9997498477100403 -0.00063443181851756 0.022357090598259362 0.024879971519112587 0.0006346208906699698 0.9999997986272149 -1.3618963755956612e-06 -0.009771515615284443 -0.022357085232119364 1.5549832442355183e-05 0.9997500490113148 0.6724434494972229
0.9995432165246635 -0.0002143998182277718 0.03022105776189665 0.03129250556230545 0.00021993888116271767 0.9999999596204904 -0.00017996084679284055 -0.00902040209621191 -0.030221017958012315 0.00018652542928352338 0.9995432233184546 0.6555922627449036
0.9995284070926634 -0.0004589981925446092 0.030704278781011438 0.03243222087621689 0.0004597269327711806 0.9999998941865451 -1.6674706401705803e-05 -0.009810814633965492 -0.03070426787842552 3.078242663538047e-05 0.9995285123429406 0.7427195906639099
0.9993421673802271 -0.00026145617204973565 0.03626519180233631 0.03783635050058365 0.00026750300041293866 0.9999999511173447 -0.00016188716100870037 -0.008191470056772232 -0.036265147703200024 0.00017148171397114208 0.999342188470039 0.617764413356781
0.9987454884112589 -1.7183808125771414e-05 0.05007443542240565 0.04992048442363739 1.203328541983276e-05 0.9999999946067313 0.00010315879681311849 -0.005709821358323097 -0.05007443692500174 -0.00010242682293336106 0.9987454832315338 0.653032660484314
0.9996657009594191 -0.00024897958155897413 0.02585390366039672 0.025789201259613037 0.00024521966505765215 0.9999999588927179 0.00014859972465564074 -0.012893942184746265 -0.02585393959591028 -0.00014221016231422248 0.9996657209205688 0.8325815796852112
0.9997682486212566 -7.90708585797544e-05 0.021527721583680763 0.020869052037596703 6.98870516461023e-05 0.9999999062414203 0.0004273557656761096 -0.014349428936839104 -0.021527753356659476 -0.00042575221639805865 0.9997681604104348 0.8878535032272339
0.9995766613294341 -0.0004382263772898372 0.029091340346286253 0.030390026047825813 0.00043671895793901175 0.9999999029463693 5.817046661603183e-05 -0.013696885667741299 -0.029091363014698907 -4.544110096694916e-05 0.9995767556986571 0.8871145844459534
0.9994182483207313 -0.00044335587506404226 0.03410232190172633 0.03483451157808304 0.00044110762869841336 0.9999999000145702 7.345004681654612e-05 -0.012180226854979992 -0.0341023510565008 -5.836452278128777e-05 0.9994183439611269 0.809368908405304
0.9989875404409796 -0.0011745675862471214 0.044972374127540835 0.05111934244632721 0.0011592979302194292 0.9999992611770757 0.0003656140201717168 -0.014275862835347652 -0.044972770339297044 -0.00031310747051897016 0.9989881640398552 0.9115207195281982
0.9993818854337307 -0.0006708416220526252 0.03514821529522514 0.039495062083005905 0.0006636649193602961 0.9999997564786859 0.00021585051241292463 -0.013740770518779755 -0.03514835153739344 -0.00019239045459750162 0.9993820872769917 0.8509649038314819
0.9985258720847221 0.00024257166511393479 0.05427728748226601 0.0530683696269989 -0.00023579521003030623 0.999999963586678 -0.0001312526635475391 -0.008381261490285397 -0.05427731734402681 0.00011826085593049286 0.9985258929223146 0.5673089623451233
0.9994720668768831 -0.0003620163895329252 0.03248778965988273 0.03392418473958969 0.0003574400895316721 0.9999999253622739 0.00014666979483219744 -0.013115120120346546 -0.03248784033193757 -0.00013497992454463017 0.9994721216777315 0.7913057804107666
0.9991702278428037 3.954633115971808e-05 0.04072903422188682 0.03921264037489891 -3.305762505774078e-05 0.9999999866555986 -0.00015998748793335027 -0.010878385975956917 -0.040729040005300414 0.00015850832962809234 0.9991702158167829 0.7610173225402832
0.9991746156234695 5.334377440070312e-05 0.04062123395631099 0.038213908672332764 -4.7113624202240515e-05 0.9999999869814254 -0.000154329047711437 -0.010942930355668068 -0.040621241659974335 0.00015228785337536227 0.999174605128859 0.7825092673301697
0.9997308951536034 -0.00027537881599323365 0.02319615144550888 0.02306731976568699 0.0002744096135170916 0.9999999613387135 4.4965941397143853e-05 -0.015188965946435928 -0.02319616293138352 -3.858859389114507e-05 0.9997309320693151 0.9179074764251709
0.9994753074835431 -0.0008134533244942386 0.03237974713251549 0.035880252718925476 0.0008112170647330305 0.9999996675849269 8.220042204951333e-05 -0.014410321600735188 -0.03237980323520608 -5.5890288677577375e-05 0.999475635130104 0.8760721683502197
0.9995582511319638 -0.0006728057351632256 0.029712790620414462 0.03186166658997536 0.0006619615511914944 0.9999997106651823 0.00037480188965748886 -0.016552656888961792 -0.029713034192330515 -0.00035496759637767725 0.9995584072964876 0.9682021141052246
0.9995128781254027 -0.0010202289988582604 0.031192396417459592 0.033531688153743744 0.0010315000945262198 0.9999994084041782 -0.000345251862901171 -0.01623915322124958 -0.03119202572820575 0.00037725864301961525 0.9995133391840688 0.9395663738250732
0.9991346810763054 -0.0006477619210608872 0.04158689066332017 0.04623014107346535 0.0005858934536410872 0.9999987035700276 0.0014998623686369892 -0.02791736274957657 -0.04158780830255789 -0.0014741990223495435 0.9991337652876275 1.3901373147964478
0.9995000840446957 -0.00038007501814007723 0.03161388203980968 0.034711986780166626 0.00034269759194150654 0.9999992359388951 0.0011877205002791351 -0.025310412049293518 -0.031614309307762725 -0.0011762927386036377 0.9994994506163505 1.2405686378479004
0.9996010108718557 -0.00021759728355780957 0.028244852900775972 0.030564384534955025 0.0001851047721366801 0.9999993181673612 0.0011529965463886302 -0.025841163471341133 -0.02824508453142983 -0.0011473082562416012 0.9996003695895563 1.2334141731262207
0.9996896768373801 -0.00033495806617884566 0.024908589439556057 0.027924038469791412 0.00032561891564303395 0.9999998751686898 0.00037899198736951337 -0.014339955523610115 -0.024908713276607392 -0.00037076366949387947 0.9996896611134902 0.8148670196533203
0.9997042668602757 -0.0008761124628260048 0.02430249469316183 0.025891650468111038 0.0008730990582441998 0.9999996097895234 0.00013460622379020932 -0.017770815640687943 -0.024302603140264032 -0.00011334793103943717 0.9997046416981634 0.9476261138916016
0.9992828395681547 -0.0008178003141114786 0.03785680582473607 0.041762273758649826 0.0007757783621463749 0.9999990666085846 0.0011246999120750837 -0.020405668765306473 -0.03785769026945988 -0.0010945248309816363 0.999282541277919 1.1331257820129395
0.9989925236216236 -0.0013873994240536625 0.04485546645546967 0.050119563937187195 0.0013428027695137667 0.9999985737969743 0.0010243460057060701 -0.026380375027656555 -0.04485682365952605 -0.0009630819567178005 0.9989929618592529 1.3758915662765503
0.9993372022177226 -0.0007526035815561014 0.03639491518748427 0.039289943873882294 0.000706505660537835 0.9999989319312012 0.001279447618738981 -0.03083990514278412 -0.03639583923207119 -0.0012528863900999883 0.9993366665755277 1.4935095310211182
0.9992116118660556 -0.0007125141260068241 0.03969442071197446 0.043765079230070114 0.0006569716725289406 0.9999987869294861 0.0014122775144078288 -0.028874441981315613 -0.039695378827521985 -0.0013850859816084199 0.9992108678535092 1.4256517887115479
0.9995576512090283 -0.0002976385858521816 0.02973908742316106 0.03201545774936676 0.000264944604081853 0.9999993562719817 0.0011032950551054313 -0.0266871340572834 -0.02973939666245723 -0.0010949278031286355 0.9995570866234997 1.2929482460021973
0.9995756446019484 -0.0003671930146500648 0.029127236186934115 0.031990550458431244 0.0003407929044848006 0.9999995266678782 0.0009113310133269201 -0.023345310240983963 -0.029127557034459732 -0.0009010179296722429 0.9995752966074616 1.1600837707519531
0.9998551298695855 -0.0005110250860014681 0.017013468983024273 0.0166804026812315 0.0004968821059073937 0.9999995275253877 0.0008354981595676717 -0.025608208030462265 -0.017013887905110953 -0.0008269234325432587 0.9998549113826413 1.1873753070831299
0.9999440549742139 0.00035990399251001207 0.010571536825001655 0.00911172479391098 -0.0003655079093045717 0.9999997937214833 0.0005281675482040768 -0.021760571748018265 -0.010571344554711407 -0.0005320019801800159 0.9999439802549933 1.0163065195083618
0.9999385230468678 0.00025932464160853124 0.011085254962281771 0.010127360001206398 -0.00026410336694080073 0.9999998728351265 0.00042962674788699654 -0.01956598460674286 -0.011085142139824304 -0.0004325279889024882 0.999938464378323 0.9184155464172363
0.9999328363463587 0.00027978834705439943 0.01158639352029319 0.011047093197703362 -0.00028657793725272204 0.9999997882094668 0.0005843407460370523 -0.019818734377622604 -0.011586227574673279 -0.0005876219043328208 0.9999327047512174 0.9201644659042358
0.9999996183500653 0.00013338160362775576 -0.0008634286721247477 -0.0019031176343560219 -0.00013323909215992596 0.9999999774932822 0.0001651083883833394 -0.012467164546251297 0.0008634506751134171 -0.00016499328291731495 0.9999996136149997 0.5633372068405151
0.9999955234495472 -0.00016259442518595042 0.0029877489718547383 0.0019163992255926132 0.00016192734962180104 0.9999999619112208 0.00022351082817440788 -0.01626778580248356 -0.0029877851996696573 -0.00022302602934456113 0.9999955116894229 0.763394832611084
0.9999980768936152 -0.00021886230018688683 0.0019489249254783243 0.0004521496593952179 0.00021839933401167748 0.9999999478861525 0.00023775917099155575 -0.017917843535542488 -0.0019489768604314015 -0.0002373330698496127 0.9999980725792484 0.8108958005905151
0.9999976970651044 -9.29490407873133e-05 0.0021441140275361573 0.0014900509268045425 9.241495463127206e-05 0.9999999646814532 0.0002491918302750208 -0.014784334227442741 -0.002144137113950762 -0.00024899310820188016 0.9999976703365205 0.6804734468460083
0.9999427638383803 0.00010451520374196127 0.01069851035581348 0.011248664930462837 -0.00011025759799604374 0.9999998501885549 0.0005361586799643132 -0.017004217952489853 -0.010698452716320507 -0.0005373075843534207 0.9999426255591051 0.7899588942527771
0.9999883686651101 5.0746998146797805e-05 0.0048228579943733856 0.00392116280272603 -5.2712911269482866e-05 0.9999999155834202 0.000407497854455163 -0.017709309235215187 -0.004822836907951345 -0.0004077473415966736 0.9999882869245342 0.8122563362121582
0.9999994048109696 0.0002079568619059009 0.001071042319417611 -0.0006340537220239639 -0.00020815369765675765 0.9999999614684214 0.00018367142866252404 -0.015201483853161335 -0.0010710040824147332 -0.00018389426076243816 0.9999994095664039 0.7091217041015625
0.9999999402048981 0.00022790014885347025 0.00026009944666889964 -0.0012619765475392342 -0.00022795922135012737 0.9999999482282739 0.00022710799793264003 -0.014972914010286331 -0.0002600476752565677 -0.0002271672764200304 0.9999999403851157 0.6756179332733154
0.9999978557046989 0.00020494394568629557 -0.002060724140550267 -0.0021220501512289047 -0.00020427599879676336 0.9999999265382885 0.0003243373768043921 -0.01066446304321289 0.0020607904601476807 -0.0003239157248472235 0.9999978241082741 0.40155255794525146
0.9999993400034293 0.00017329340576484225 -0.001135764985179588 -0.0007062582299113274 -0.0001729550836260359 0.9999999406496536 0.00029797185858065835 -0.010018456727266312 0.0011358165543297381 -0.0002977752255922622 0.9999993106250974 0.34632372856140137
0.9999986879002315 0.00019795330028275237 -0.0016077973462546844 -0.0014475509524345398 -0.00019746356665852258 0.9999999340671377 0.00030475212914339193 -0.01030506007373333 0.0016078575669377353 -0.0003044342478797382 0.9999986610560203 0.36911535263061523
0.9999968721017374 0.00012506700132811852 -0.0024980282197705366 -0.003669080324470997 -0.0001245158555248933 0.9999999678745302 0.00022078664041987994 -0.01309792697429657 0.002498055752643257 -0.0002204749057008209 0.9999968555491926 0.5644435882568359
0.9999969822487615 0.00020131357298908993 -0.0024484620101990354 -0.0026658261194825172 -0.0002005313640292045 0.9999999287860819 0.000319710811958093 -0.010392753407359123 0.0024485261979603403 -0.0003192188537237154 0.9999969514047438 0.4022597670555115
0.9999995832692785 0.0001474823647543468 -0.0009009496222159615 -0.00021560490131378174 -0.00014720836584332475 0.9999999429017798 0.0003041810879680292 -0.009556898847222328 0.0009009944321195086 -0.00030404833388483125 0.99999954788172 0.29102951288223267
0.9999970861896522 0.00011527090380975913 -0.0024112911114618284 -0.002204863354563713 -0.0001144145371655888 0.9999999303414643 0.0003552835212463921 -0.00877052079886198 0.0024113318973474226 -0.000355006599261102 0.9999970297199865 0.30031460523605347
0.9999915329073391 0.00011082958264723625 -0.004113615251062182 -0.005180600099265575 -0.00010960003739160825 0.999999949257307 0.0002991207369699997 -0.011122007854282856 0.004113648193752705 -0.00029866735190167194 0.9999914943120021 0.47900494933128357
0.9999994300825711 0.00017364021487744827 -0.0010534152119704534 -0.0018890472128987312 -0.0001733998987689935 0.9999999589246201 0.0002282175129138028 -0.01230876985937357 0.0010534547964390045 -0.00022803472075754724 0.9999994191164103 0.5493908524513245
0.9999999901666724 0.000113230469077179 8.2737633921259e-05 -0.0009128591045737267 -0.00011325107862705446 0.9999999625534659 0.00024913301664800943 -0.014043862000107765 -8.27094213746837e-05 -0.0002491423843244875 0.9999999655436114 0.63337641954422
0.9999999703854726 0.00022372491331937582 9.579257134093803e-05 -0.0014228150248527527 -0.00022374874691397887 0.9999999440011494 0.00024886581907085614 -0.01471170037984848 -9.573688849286437e-05 -0.0002488872451686138 0.9999999644447929 0.6664349436759949
0.9999996181312824 0.00012881062559350854 0.0008643755620320329 -8.596759289503098e-05 -0.00012908777983344064 0.9999999402782781 0.0003205928653142775 -0.014104630798101425 -0.000864334214642494 -0.00032070432321213614 0.999999575037461 0.6368333697319031
0.9999994290493198 0.00012161663872254573 -0.0010616545706593566 -0.0017748326063156128 -0.00012128291569564334 0.9999999432211986 0.0003144011031868074 -0.01146742608398199 0.001061692746785263 -0.00031427216311749254 0.9999993870205715 0.5387641787528992
0.9999996257339344 0.00015715699934017654 0.0008507841491564506 -0.00029006507247686386 -0.00015739135290207418 0.999999949692498 0.0002753960120949591 -0.014406425878405571 -0.0008507408259447342 -0.0002755298150918406 0.999999600161604 0.6595122814178467
0.9999989984361146 0.00014731304231081231 0.001407631214118518 -0.0004975572228431702 -0.0001475155649966211 0.9999999787843735 0.00014377207812315412 -0.015369294211268425 -0.0014076100047525123 -0.00014397958164009055 0.9999989989514761 0.7345240116119385
0.9999994101269586 0.00015055473401340345 0.0010756760695378965 -0.0002842545509338379 -0.0001507556234671517 0.9999999712120666 0.00018667781771515896 -0.014497898519039154 -0.0010756479333422133 -0.00018683987181545878 0.9999994040360152 0.6754883527755737
0.999999170381301 0.00017864979644261156 0.001275664909118148 -0.00028416700661182404 -0.00017888139664124113 0.9999999675403503 0.00018144074712208078 -0.015347937121987343 -0.0012756324533579719 -0.00018166878931603344 0.9999991698788031 0.7163470983505249
0.9999125021873615 -0.0003215590050946362 0.013224392962108143 0.014363100752234459 0.000320374496938837 0.9999999444767155 9.168831968080846e-05 -0.012671032920479774 -0.013224421711051265 -8.744353891083498e-05 0.9999125496882395 0.698270320892334
0.9997317408011238 -0.0005971192322778643 0.02315361490949357 0.02650928497314453 0.0005970008369026691 0.999999821722675 1.2025763134613378e-05 -0.009535753168165684 -0.023153617962543487 1.8001903652607674e-06 0.9997319190523047 0.6276604533195496
0.9999865044871873 -8.828437184353762e-05 0.00519452109113334 0.004336044657975435 8.802664588902044e-05 0.9999999948834641 4.9843568442994685e-05 -0.01419670321047306 -0.005194525464963517 -4.9385639509825896e-05 0.9999865071420977 0.7180353403091431
0.9999996695098256 0.00020868802435267375 0.0007857668536637976 -0.0012893909588456154 -0.00020883817036450796 0.9999999599518651 0.0001910049396169224 -0.015887025743722916 -0.0007857269617518103 -0.00019116897460371877 0.9999996730437289 0.7480455040931702
0.9999994578878314 0.00020831046658501156 0.0010202111512259138 -0.0012393612414598465 -0.0002085335084757637 0.9999999543810053 0.00021852176860232561 -0.016278214752674103 -0.0010201655843133299 -0.00021873439834976696 0.9999994557085737 0.7755006551742554
0.9999996309130107 0.00020277258749277238 0.0008348994673455754 -0.0013907775282859802 -0.00020291271351683345 0.9999999653424255 0.00016775451979849336 -0.016525400802493095 -0.0008348654223919416 -0.0001679238695989155 0.9999996374005847 0.7797253131866455
0.9999991531750184 0.00018120414881310972 0.0012887258446451556 -0.0003721676766872406 -0.00018146783489755063 0.9999999626254199 0.00020449592632056635 -0.014865659177303314 -0.0012886887409693033 -0.00020472961543711158 0.9999991486831945 0.7020320892333984
0.9999937719998423 0.0001958757515661641 0.0035238606978141027 0.0008675642311573029 -0.00019684292141164097 0.9999999430559816 0.00027411840152558845 -0.015142426826059818 -0.003523806804003397 -0.0002748103413505459 0.9999937536129336 0.8036735653877258
0.9999139705457248 -0.0003064210035641886 0.013113260984662874 0.012054484337568283 0.00030561369370212676 0.9999999512796744 6.356822405912988e-05 -0.014284856617450714 -0.013113279824419538 -5.9555163193502014e-05 0.9999140154760454 0.8272699117660522
0.9999994615489453 0.000202868399845783 0.0010177161842241835 -0.000776403583586216 -0.00020306798076221363 0.9999999601722942 0.00019600715517481212 -0.015315141528844833 -0.0010176763800329545 -0.00019621371520507213 0.9999994629173374 0.7192891836166382
0.9999997576454559 0.00028133343904821254 0.000636836341404987 -0.0025565074756741524 -0.0002814868110108563 0.9999999314005298 0.00024075736950338693 -0.017875073477625847 -0.0006367685646196128 -0.00024093657218562229 0.9999997682376548 0.8435814380645752
0.9999995929023037 0.0002937336151635862 -0.0008531798109592467 -0.005271382629871368 -0.0002935960627614729 0.9999999438847313 0.00016134399769561513 -0.02139655500650406 0.0008532271552385607 -0.00016109344177952015 0.999999623026091 1.0076202154159546
0.9999999573208003 0.0002532881394064617 -0.0001456142715775391 -0.003676994703710079 -0.00025326061090876276 0.9999999500618122 0.00018903818705569254 -0.01920907571911812 0.00014566214543650235 -0.00018900130062831722 0.9999999715305234 0.9064936637878418
0.9999999707565094 0.00024172607438665154 -7.4488496352940995e-06 -0.0030878260731697083 -0.0002417245923079407 0.999999951117189 0.0001983301320341108 -0.0184023380279541 7.496790835422581e-06 -0.00019832832566410422 0.9999999803048365 0.8648514747619629
0.9999999090439822 0.00023925511692279627 0.00035308499933558665 -0.001968919299542904 -0.00023932979042581121 0.9999999490026102 0.00021146164820708482 -0.01649974286556244 -0.0003530343880478068 -0.00021154613273226882 0.9999999153074739 0.7694913148880005
0.9999999590640968 0.00023280184017175756 0.00016635837346850641 -0.0026650289073586464 -0.00023283256935012606 0.9999999558335237 0.000184721265020963 -0.01758027821779251 -0.00016631536267062747 -0.0001847599911067587 0.9999999691014727 0.8295734524726868
0.9999999681282061 0.00024845302528457905 -4.48851995681129e-05 -0.0033493265509605408 -0.0002484437676087126 0.9999999478909386 0.0002061402789810597 -0.018632151186466217 4.493641340513312e-05 -0.0002061291209629086 0.9999999777457519 0.8765208125114441
0.9999999166511935 0.0002663463013391467 -0.00030944668985211175 -0.004003572277724743 -0.0002662828438147695 0.9999999435156004 0.0002050908166246001 -0.019556794315576553 0.00030950129755364785 -0.00020500839918594243 0.9999999310902491 0.9173943996429443
0.9999999642380436 0.0002493651367724451 9.664853885695068e-05 -0.0026840483769774437 -0.00024938518051359184 0.9999999473896214 0.00020743140120072084 -0.017642371356487274 -9.659680761250313e-05 -0.00020745549649587731 0.9999999738156365 0.8268753290176392
0.9999998635253332 0.0002252173243240191 0.00047140902740945806 -0.002101258374750614 -0.0002253076512599537 0.9999999562694254 0.00019156620000944857 -0.017050251364707947 -0.0004713658627674735 -0.0001916723859262637 0.9999998705379513 0.8055411577224731
0.9999990755271082 0.00018419219379785118 0.0013472261000584682 -0.0005556419491767883 -0.00018442647567526744 0.9999999678941647 0.00017377728487673943 -0.015427270904183388 -0.001347194048385315 -0.00017402558838592184 0.9999990773912197 0.7375117540359497
0.999997864251522 0.00015320044722587348 0.002061073025679143 0.0002094348892569542 -0.0001536793539271884 0.9999999612325395 0.00023220158339769535 -0.015308165922760963 -0.0020610373723901534 -0.0002325178318445002 0.9999978490278902 0.7419125437736511
0.999999851008613 0.0002254707096904431 0.0004971375170148507 -0.0025510434061288834 -0.00022553557260852246 0.9999999660620872 0.00013042058788113355 -0.017731325700879097 -0.0004971080941205333 -0.00013053269064415438 0.9999998679223709 0.8527398109436035
0.999999835982089 0.00021952465882790417 0.0005290035154540438 -0.00238767359405756 -0.00021959771404314845 0.9999999663601342 0.00013804555155616215 -0.017367420718073845 -0.0005289731932558284 -0.00013816169687693366 0.9999998505493419 0.8338608741760254
0.9999986957863026 0.00015029519934293552 0.0016080538072975484 -2.6108697056770325e-05 -0.00015054607084473873 0.9999999765171736 0.0001558894893777574 -0.01547970250248909 -0.0016080303400940186 -0.00015613137224694564 0.9999986949298585 0.7313482761383057
0.9999978608910929 0.00013598598229629363 0.00206390916722691 0.00046551413834095 -0.00013631885698668045 0.9999999777249258 0.00016114377700562682 -0.014995604753494263 -0.0020638872079583735 -0.00016142478204013883 0.9999978571535202 0.7153692841529846
0.9999999109755107 0.000278095465730307 0.00031735135617861476 -0.0024813488125801086 -0.00027817477680468336 0.9999999300846658 0.0002498988947180099 -0.017438340932130814 -0.0003172818382413764 -0.000249987151613562 0.9999999184193265 0.8154042363166809
0.9999999206088113 0.00028124042675506275 -0.00028228743135360533 -0.0038055069744586945 -0.0002811941983895706 0.9999999470513629 0.00016378978800009664 -0.018966592848300934 0.0002823334807167458 -0.00016371039740865572 0.9999999467433546 0.8933005332946777
0.9999998447716935 0.00030388848405836315 -0.00046702074704878406 -0.0047737183049321175 -0.0003037918241448832 0.9999999324248924 0.00020702835127627637 -0.020570702850818634 0.0004670836290216333 -0.00020688644205495656 0.9999998695154332 0.9714936017990112
0.9999998686878387 0.00028734173231955936 -0.00042433363550680976 -0.004287460818886757 -0.00028728293966689326 0.999999949128257 0.00013860734552605068 -0.019854243844747543 0.0004243734415949938 -0.00013848542351101262 0.9999999003644799 0.9312671422958374
0.9999999116554432 0.00033208920281960105 -0.00025769335885389064 -0.003671742044389248 -0.0003320270330559387 0.9999999157758023 0.00024126010376519867 -0.018793214112520218 0.0002577734570254058 -0.00024117452128980324 0.9999999376938457 0.8806206583976746
0.9999999212418235 0.0002999589431761756 -0.00025988647380369276 -0.003914479166269302 -0.0002999029152768484 0.9999999317878245 0.00021559820894766354 -0.019116321578621864 0.0002599511266871776 -0.00021552025125640698 0.9999999429882149 0.8998010754585266
0.9999998906211753 0.00028180634775461217 -0.0003732865117539441 -0.003902627155184746 -0.00028174743296118296 0.9999999478476495 0.00015787046119585451 -0.01915561780333519 0.00037333098118426297 -0.00015776527141172331 0.9999999178670455 0.9014549255371094
0.9999997924334033 0.00024070537249170655 0.0005976571540129627 -0.0017897943034768105 -0.0002408288050736627 0.9999999496870441 0.0002064640299391159 -0.016480548307299614 -0.0005976074269418321 -0.00020660792014232454 0.9999998000892453 0.7783637046813965
0.9999945066218291 3.068862010517571e-05 0.0033144810111699987 0.003085788805037737 -3.10161958467658e-05 0.9999999946402213 9.878032828600451e-05 -0.013058297336101532 -0.0033144779619731445 -9.888258824047821e-05 0.9999945022139239 0.6282645463943481
0.999997893827165 0.00017809714867014545 0.002044657095846075 0.0002606036141514778 -0.0001786125151013566 0.9999999523281862 0.00025187535535628274 -0.01590610295534134 -0.002044612140090954 -0.00025224002620966035 0.9999978779658313 0.7525190114974976
0.9999999256298086 0.0002849135460502135 -0.00025993200749719817 -0.00426398403942585 -0.00028485727411991846 0.9999999359923737 0.00021649845698921042 -0.019759785383939743 0.00025999367420266253 -0.00021642439736506655 0.9999999427818832 0.9354904890060425
0.9999998343238399 0.00029504629782653316 -0.0004942671088472329 -0.004301163367927074 -0.0002949515422030701 0.9999999381136822 0.0001917712687661194 -0.019614988937973976 0.0004943236596617405 -0.00019162545214817723 0.9999998594618928 0.9257515668869019
0.999999963551648 0.0002638456296766741 -5.729036807512676e-05 -0.003599798306822777 -0.00026383462763383353 0.9999999467708003 0.00019196272001334834 -0.01880582422018051 5.7341013550342684e-05 -0.00019194759783369548 0.9999999799340636 0.8934791684150696
0.9999990242041473 0.00014599976562017225 0.0013893433059985793 -0.0006081685423851013 -0.00014617093567981265 0.9999999817400526 0.00012310139031670685 -0.016716837882995605 -0.0013893253078551097 -0.00012330435180589903 0.9999990272851399 0.7912846803665161
0.9999970305946544 0.00011671706332875702 0.0024341690575612465 0.001465698704123497 -0.0001172521488494513 0.9999999689960704 0.00021968111399792097 -0.014112190343439579 -0.0024341433415579457 -0.00021996587322830864 0.9999970132761433 0.6711090803146362
0.9999993570411766 0.00018987734250571793 0.0011179730890147324 -0.0006716679781675339 -0.000190067776283832 0.9999999674472021 0.00017023464631582376 -0.01587042771279812 -0.0011179407289193357 -0.00017044702752093012 0.999999360577964 0.7427545785903931
0.9999986732083098 0.00018185020262035284 0.0016187995934431206 -0.0005451440811157227 -0.00018223654220751864 0.9999999549505117 0.0002385137672744805 -0.01606099121272564 -0.0016187561467401205 -0.00023880845525683212 0.9999986612986335 0.7705749869346619
0.9999999122609272 0.00027495342643688746 -0.0003160359965922556 -0.003919847309589386 -0.0002748997825692731 0.9999999478040171 0.0001697706469534775 -0.019242916256189346 0.00031608265911753445 -0.00016968375383121108 0.9999999356495861 0.9095178842544556
0.9999999432538635 0.0002792602917148001 -0.0001884302495409905 -0.003997271880507469 -0.0002792220720862901 0.9999999404480111 0.00020282753364262235 -0.019467759877443314 0.00018848687999580723 -0.00020277490824822288 0.9999999616775155 0.9198238849639893
0.9999998111898271 0.00029341613728821054 -0.0005399326632348039 -0.004735499620437622 -0.0002933253767446036 0.9999999428399473 0.0001681675529614642 -0.020497005432844162 0.0005399819754460315 -0.00016800914525785934 0.999999840096184 0.9687619805335999
0.9999999601119682 0.00026231388665605773 -0.00010472577068574487 -0.0032547060400247574 -0.00026229590067475066 0.9999999508564787 0.00017172041445414943 -0.018315685912966728 0.0001047708101884854 -0.0001716929384642142 0.999999979772306 0.8638856410980225
0.9999998140726234 0.00022286218954554492 0.0005676153301867443 -0.002055433578789234 -0.00022295565064979296 0.9999999615991777 0.0001645977545204451 -0.016700999811291695 -0.0005675786257738822 -0.00016472427696247698 0.9999998253601927 0.8012101650238037
0.9999999170772181 0.000228891939797962 0.0003368293884066873 -0.002521255984902382 -0.00022895197801205038 0.9999999579097716 0.0001782174149097544 -0.017523489892482758 -0.00033678858169965695 -0.00017829451788619886 0.9999999273922554 0.8330546617507935
0.9999999634677298 0.0002656556195924242 -4.991623791956906e-05 -0.0038752546533942223 -0.0002656462870677831 0.9999999472544409 0.00018687740778738308 -0.01952403038740158 4.996588032026276e-05 -0.0001868641408970594 0.9999999812926016 0.9274861216545105
0.9999972386145326 2.4263545616066702e-05 0.0023499307628109846 0.0003124810755252838 -2.4925115460421524e-05 0.9999999600686658 0.00028149850023141833 -0.016352318227291107 -0.002349923838823412 -0.00028155629520113776 0.9999971992880803 0.8102376461029053
0.999881723201537 -0.00017687094350209316 0.015378827139757691 0.014091377146542072 0.00017866661271461409 0.999999977381858 -0.00011538858470431302 -0.014178737066686153 -0.015378806383029344 0.0001181226198645191 0.9998817321870024 0.8926990628242493
0.9993379689808465 -0.0007335214219577346 0.03637424500330165 0.03865426033735275 0.0007315923025789832 0.9999997301854691 6.634524679413305e-05 -0.01179182343184948 -0.03637428385466157 -3.969020652624441e-05 0.9993382359835673 0.8686307668685913
0.9999884225083444 0.00012730769258272395 0.0048102642364257694 0.0014568353071808815 -0.00012869497787803394 0.9999999502201188 0.0002880926284974723 -0.01770835556089878 -0.004810227320563604 -0.0002887083499569642 0.9999883891129002 0.931991457939148
0.9998398598806721 -0.00046069882956612754 0.01788972751012487 0.016961265355348587 0.00046178473145401056 0.9999998917774072 -5.656885960578536e-05 -0.015184149146080017 -0.017889699512844765 6.482100367590628e-05 0.9998399644190954 0.8741536140441895
0.999994551920901 0.00015238796320974298 0.0032974090472167213 0.0009052921086549759 -0.00015350466937177695 0.9999999309570624 0.0003384112682979684 -0.01563425362110138 -0.0032973572497500114 -0.00033891559229218737 0.9999945062706037 0.8108314275741577
0.9998702029785427 -0.00037310893367666396 0.016107078734873492 0.01583869569003582 0.00037063217893003564 0.9999999190301531 0.0001567529115922092 -0.013488092459738255 -0.016107135916597487 -0.000150762763843476 0.9998702603053825 0.7955727577209473
0.9999175835203568 -7.513390530399311e-05 0.01283824449475043 0.011356376111507416 7.326540740915582e-05 0.9999999866563675 0.00014601179857595507 -0.014547441154718399 -0.012838255293878258 -0.0001450591655842038 0.9999175756825399 0.8523935079574585
0.999843718894989 -0.0004483655601335458 0.01767305164827846 0.017976276576519012 0.00044697265172685067 0.9999998966826714 8.276530232554535e-05 -0.013177047483623028 -0.01767308693145711 -7.485299691330474e-05 0.9998438160009503 0.789849042892456
0.9999112239002008 -0.0001419747050121871 0.013323819331758753 0.012635753490030766 0.00014272498483619426 0.9999999882824065 -5.5360321372207477e-05 -0.013081314042210579 -0.013323811315870359 5.7257048610877894e-05 0.9999112324469854 0.76645427942276
0.9973970046091859 -0.00042857196499850096 0.07210431001468698 0.07356958091259003 0.0004205327383702971 0.9999999035527962 0.0001266752302523952 0.0022485116496682167 -0.07210435734988024 -9.602327227314076e-05 0.997397088641576 0.5746365785598755
0.9996267669461919 -0.0007726013670188676 0.027308055438493514 0.02716388925909996 0.0007724853783557577 0.9999997015236513 1.4796920914811374e-05 -0.015463892370462418 -0.02730805871980616 6.303675322733286e-06 0.9996270654045035 0.978002667427063
0.9999999615479476 0.0002462662326371559 0.00012750312160044063 -0.0027465177699923515 -0.00024629112983941417 0.9999999506015337 0.000195288528786819 -0.017506301403045654 -0.00012745502233172038 -0.00019531992416545128 0.9999999728026718 0.8205422759056091
0.999915961156912 -2.0612582901724913e-05 0.012964189090360428 0.012221373617649078 1.7138176888532682e-05 0.9999999639113073 0.00026811129625175666 -0.016084276139736176 -0.012964194148966112 -0.00026786658192275376 0.9999159254245141 0.895523190498352
0.9997467521102353 -0.0004796818034719883 0.022498923316528332 0.02185601368546486 0.0004773262265703854 0.9999998800223975 0.0001100675430241198 -0.015786461532115936 -0.022498973414558993 -9.930034248254244e-05 0.9997468611277222 0.9544029235839844
0.9999877928967458 6.367237416172546e-05 0.004940648067180734 0.0015490204095840454 -6.437310082424187e-05 0.999999987892857 0.00014167000255855392 -0.021853387355804443 -0.004940638986898191 -0.00014198631801437038 0.9999877848885388 1.0650486946105957
0.9999937211014326 5.1214418813896786e-05 0.003543322564110306 0.002302996814250946 -5.187602522317995e-05 0.9999999812395156 0.00018662756038302162 -0.014311511069536209 -0.003543312939613819 -0.00018681020205820975 0.9999937049978666 0.718801736831665
0.9999463168947784 -0.00010308954018753453 0.010361114858643406 0.00734817935153842 0.00010190158001229396 0.9999999881744159 0.00011518348803874269 -0.021784860640764236 -0.010361126610329991 -0.00011412149065664991 0.9999463155748162 1.1076608896255493
0.9999234657116337 0.00032231209610302506 0.01236765273396844 0.010039972141385078 -0.0003292587126222152 0.9999997891935234 0.0005596441808556248 -0.024447623640298843 -0.012367469746698138 -0.0005636735063038499 0.9999233610453567 1.1832475662231445
0.9999677331585879 0.0002634801417971074 0.008028899045954331 0.005309570115059614 -0.0002673008913916561 0.9999998515550733 0.00047480529142885383 -0.02190195769071579 -0.008028772752339491 -0.00047693610283369085 0.9999676551469278 1.0522117614746094
0.9998302232170505 -4.822624572436856e-07 0.018426197152702356 0.018098071217536926 -1.3702110002479009e-05 0.9999997037120135 0.0007696675499099587 -0.024243425577878952 -0.018426192064423266 -0.0007697893560097083 0.9998299269727589 1.1675665378570557
0.9999826647563935 0.0003015462096691824 0.00588041296046473 0.004034072160720825 -0.0003046756756189974 0.9999998124485391 0.0005312961690266155 -0.01871384307742119 -0.005880251647238707 -0.0005330785776697467 0.9999825690819791 0.8844120502471924
0.9999795636533205 0.00038644476836534157 0.006381452511435147 0.004513328429311514 -0.0003899664853409432 0.999999772364943 0.0005506325475891524 -0.01859474368393421 -0.006381238269725533 -0.0005531098472787713 0.9999794867234236 0.8793789148330688
0.9999980006512418 0.0003554580831748582 -0.0019678269918576136 -0.004413614049553871 -0.00035447975795366814 0.9999998134255565 0.0004974866360257062 -0.01682610996067524 0.001968003460357435 -0.0004967880865406498 0.9999979400798668 0.7470266819000244
0.9999962798960682 -9.84287936677512e-07 0.002727671728030852 0.00014980509877204895 3.2782485485035153e-07 0.999999971039317 0.0002406683568693043 -0.019352320581674576 -0.002727671885922576 -0.00024066656735941528 0.9999962509358155 0.9061121940612793
0.9999594648219554 0.00014296180691547318 0.009002681539970837 0.006497010588645935 -0.00014745653696436383 0.9999998648253472 0.0004986039078239016 -0.02299579605460167 -0.009002609041720889 -0.0004999112010690013 0.999959350733435 1.0948622226715088
0.999996895277553 0.00023353974638175358 0.002480905971981322 -0.00011891592293977737 -0.00023419657158952746 0.9999999376051272 0.0002644649460776759 -0.01847660355269909 -0.002480844054109075 -0.0002650451446604954 0.9999968875770817 0.8719491958618164
0.9999996089223953 0.0003183735714887711 -0.0008251020090394119 -0.0033386945724487305 -0.00031802260297026313 0.999999858922658 0.00042546008964069743 -0.016744088381528854 0.0008252373478844785 -0.000425197522164154 0.9999995690951005 0.7568667531013489
0.9999994881282379 -0.00011198770218711658 0.0010055854100686722 -0.0005132937803864479 0.00011167490348518776 0.9999999453689999 0.00031111205873297004 -0.017203958705067635 -0.001005620195857116 -0.00031099960082987675 0.9999994460034816 0.772149920463562
0.9997563647418671 -0.0001658543414085768 0.022072237096952434 0.023167842999100685 0.00015227457234935306 0.9999997981102107 0.0006169213827241467 -0.021615074947476387 -0.02207233495988277 -0.000613410038459087 0.9997561881566642 1.0705119371414185
0.9997738662759537 -0.000465728296209925 0.02126027772127338 0.023680435493588448 0.00046382828563750037 0.9999998879854032 9.430006737872699e-05 -0.014369170181453228 -0.021260319258021656 -8.441762478567745e-05 0.9997739703046443 0.7919260263442993
0.9999532377379625 -0.0002916894296582594 0.009666294773231393 0.01054497342556715 0.00029140177724019673 0.9999999570568199 3.116669885660855e-05 -0.00973520614206791 -0.009666303449126565 -2.8348465955022515e-05 0.9999532797956084 0.5887793302536011
