0.9992366430773473 0.001167669317617251 -0.03904827371188897 -0.04922880604863167 -0.0011491975582550776 0.9999992169162004 0.0004954916325775036 -0.02313925325870514 0.03904882170419492 -0.0004502392148058804 0.9992372024740489 0.433971643447876
0.9994501041753314 0.0009849534748629252 -0.03314391543815546 -0.041432105004787445 -0.0009702256306514718 0.999999423328244 0.00046044044700635544 -0.022379916161298752 0.03314434983741379 -0.0004280301764687947 0.999450483447791 0.4346063435077667
0.9989283610356864 0.0014619436328332071 -0.04626005014450512 -0.059188298881053925 -0.001436401447487569 0.9999987970395631 0.0005853804818676301 -0.023812074214220047 0.046260850288763235 -0.0005183051623458973 0.998929259302339 0.44469910860061646
0.9996964514707278 0.0009456657071116541 -0.024619314231003248 -0.03142237663269043 -0.0009356291436165043 0.9999994744404039 0.0004191861416251636 -0.0208858922123909 0.02461969770204544 -0.0003960243503980028 0.9996968108630604 0.4773818254470825
0.9998633650067857 -8.385084294903983e-05 0.01653010242989584 0.02006763033568859 8.09303443421491e-05 0.9999999809992581 0.0001773464467715942 -0.015534613281488419 -0.01653011698646069 -0.00017598442815938058 0.9998633527947179 0.48905181884765625
0.9995589460056741 -0.0003273844683591623 0.029695223175392374 0.03597654029726982 0.0003242482195159661 0.9999999413341629 0.00011042990281347143 -0.014144960790872574 -0.029695257586332263 -0.00010075257402099225 0.9995589935195425 0.43746429681777954
0.9998997395588148 -9.029503040023356e-05 0.014159896787111704 0.016939353197813034 8.785488181305093e-05 0.9999999811848949 0.00017295007825989463 -0.01591307483613491 -0.014159912137224333 -0.00017168872215002858 0.9998997286784554 0.5063068270683289
0.9999956913160701 0.00032912622743477317 0.0029170233494389716 0.0024844456929713488 -0.00032960831700824366 0.9999999321015605 0.00016478844526957522 -0.01673995517194271 -0.0029169689151783223 -0.00016574921040513163 0.9999957319006652 0.5564455986022949
0.9998733249754724 0.0006311713028871623 -0.0159039499898675 -0.02094435505568981 -0.0006264674308207057 0.9999997585446405 0.00030074776687394973 -0.019329659640789032 0.015904135973133393 -0.00029074636295315097 0.9998734789589636 0.5464550256729126
0.9997878721647936 0.0007464438212824768 -0.02058284464829316 -0.027077864855527878 -0.0007407975545976335 0.9999996858636924 0.0002819423690204894 -0.019932635128498077 0.02058304863661366 -0.00026663484021397757 0.9997881110588807 0.5540601015090942
0.9998232934314292 0.0007171371195994126 -0.01878477112669044 -0.02533123269677162 -0.0007126118714397774 0.9999997154411121 0.0002475924385264785 -0.019802343100309372 0.01878494333904506 -0.00023416243640910365 0.9998235199632496 0.5733799338340759
0.9999772699298461 0.0003701539511559041 -0.00673220689703074 -0.00976346805691719 -0.0003685932142095894 0.9999999049085508 0.00023307065891696566 -0.01794329471886158 0.006732292528880726 -0.0002305839154256371 0.9999773112767929 0.5743146538734436
0.9999424156356964 0.0006086331395625671 -0.010714241846700943 -0.014382212422788143 -0.000605881778344163 0.9999997826435314 0.000260038767555108 -0.018416408449411392 0.010714397786102678 -0.0002535322294842954 0.9999425670514731 0.5443689823150635
0.9999172567985641 5.547704426406043e-05 0.012863766117747423 0.014477149583399296 -5.6378015000648545e-05 0.9999999959833316 6.967680022825284e-05 -0.015402225777506828 -0.01286376220061501 -7.039626854588735e-05 0.9999172559099136 0.6021424531936646
0.9999279986545155 9.348468110141278e-05 0.0119995319654287 0.01335701160132885 -9.42483788825865e-05 0.9999999935691734 6.307849126523633e-05 -0.015519486740231514 -0.011999525991389152 -6.420488596408554e-05 0.9999280010349316 0.6095242500305176
0.9999633274972808 0.00039315607382472175 -0.008555062177909767 -0.01178279984742403 -0.00039121237971320694 0.9999998972856029 0.0002288703956869294 -0.01822739653289318 0.008555151280967893 -0.00022551515620350664 0.9999633785941736 0.5714750289916992
0.9996261375801653 0.0008944628729459464 -0.027327367284990245 -0.03576604276895523 -0.000885742924414889 0.9999995528844846 0.00033119526303118413 -0.020846940577030182 0.02732765130836682 -0.00030686641935314253 0.9996264828959707 0.5404912233352661
0.9999565936496035 0.00039804418271035364 -0.009308725880037585 -0.013067060150206089 -0.0003963072518373339 0.9999999037162995 0.00018843554122186055 -0.018222687765955925 0.009308799989430013 -0.00018473824635110644 0.9999566551178789 0.5959499478340149
0.9976744333854508 0.0018167063734727273 -0.06813533992703719 -0.08925436437129974 -0.0017739922966060766 0.9999981902137041 0.000687401373882649 -0.027179516851902008 0.06813646542308976 -0.0005649312080395518 0.9976758506310448 0.46501046419143677
0.9964260574040767 0.0022492657229102537 -0.08443964074932693 -0.11041533946990967 -0.0021869675123184114 0.999997263904224 0.0008302753554068454 -0.0298125259578228 0.08444127722428003 -0.0006426412478771957 0.9964282501580125 0.4189797043800354
0.99674998175546 0.002197580062283414 -0.08052729048192388 -0.1046639010310173 -0.0021355165793581123 0.9999973527028347 0.0008568291905680323 -0.028954705223441124 0.08052896025300203 -0.0006820771161512965 0.9967520360307162 0.4061007499694824
0.9961620656065624 0.0022234475678367836 -0.08749968758447088 -0.11509887129068375 -0.002163130260073611 0.999997352980195 0.0007841556486679922 -0.03042621910572052 0.08750119950003474 -0.0005918728887732047 0.9961642383525614 0.45906510949134827
0.9966259988226229 0.002109532099180117 -0.08204979186525713 -0.10810469835996628 -0.002056826249855875 0.9999976205509193 0.000726882574993536 -0.029580093920230865 0.08205113001407957 -0.0005556679066260209 0.9966279663428026 0.47987672686576843
0.9939582966735306 0.0027379571317626434 -0.10972423645028631 -0.144368976354599 -0.002646440796035164 0.999996018282927 0.000979678215088206 -0.03410901129245758 0.10972648187637654 -0.0006833805943013918 0.9939615848542621 0.4267332851886749
0.9934221222394433 0.0028852875688546143 -0.11447341246300674 -0.15058062970638275 -0.002788636816314582 0.9999956072953404 0.0010044375191256547 -0.034929804503917694 0.11447580770620205 -0.0006786056794232243 0.9934258044485982 0.42419594526290894
0.9919058244085864 0.0032390160881115666 -0.1269344093581561 -0.16678941249847412 -0.003121817584032979 0.9999944974156325 0.0011222269952577506 -0.03690683841705322 0.1269373458021516 -0.0007168774217515778 0.9919104779804816 0.406807541847229
0.9941610158886095 0.0028174003055986417 -0.10786999927155708 -0.14093849062919617 -0.0027184377539163133 0.9999957384998766 0.001064461490302209 -0.03354743495583534 0.10787253859766996 -0.0007650082380384216 0.9941644381986763 0.3594497740268707
0.9906467735186042 0.00348482925906252 -0.13640684030580882 -0.17925694584846497 -0.003341911397568414 0.9999936007878271 0.0012767190789265044 -0.038341276347637177 0.13641041655749772 -0.0008089180619039089 0.9906520801503316 0.35406461358070374
0.9948274325685782 0.002570369770357469 -0.10154689856541545 -0.13334178924560547 -0.002490078560162527 0.9999964789084874 0.0009174308646139846 -0.03268200904130936 0.10154889914605357 -0.0006598256366343612 0.9948303301128057 0.42253634333610535
0.9931507231933245 0.002952352574935345 -0.11680293076310169 -0.1534641683101654 -0.002845075938271194 0.9999953639765096 0.0010851582344501669 -0.03509588539600372 0.11680559303167862 -0.0007454124774897176 0.9931545185905144 0.3893600404262543
0.9963330190084918 0.002158134516161386 -0.08553278721539799 -0.112810418009758 -0.0021007073867583105 0.9999975036431881 0.0007614038792075588 -0.03012608364224434 0.08553421690703443 -0.0005789324677422306 0.9963350654148926 0.4724560081958771
0.9932467382093755 0.002890439449015656 -0.11598518179589908 -0.15311726927757263 -0.0027924627856037876 0.9999955938238011 0.0010072162499490387 -0.0352264940738678 0.11598758204233418 -0.0006765299510868236 0.9932504332338334 0.43525540828704834
0.995070083576071 0.002470102954905697 -0.09914346858620135 -0.13073167204856873 -0.0023952735848018275 0.99999674957891 0.000873782620781798 -0.032394278794527054 0.09914530466121368 -0.0006319992140785041 0.9950727657516452 0.45008063316345215
0.9947355561580944 0.0025259164675769936 -0.10244409724745245 -0.13552208244800568 -0.0024510777737451615 0.9999966293875605 0.0008564060165074246 -0.03307141363620758 0.10244591515816394 -0.0006007990653130327 0.9947383945077668 0.4756138324737549
0.9948773827489027 0.0024286485481224947 -0.10105985830646735 -0.13588333129882812 -0.002382960349205724 0.9999969966909554 0.0005728080337555491 -0.03326079994440079 0.10106094594188039 -0.0003290521221996053 0.9948801821978531 0.6292543411254883
0.9995635241331827 0.0006153927066043452 -0.029536122194179858 -0.04676365852355957 -0.0006329839588432596 0.999999627828052 -0.0005862380624939027 -0.023131711408495903 0.029535750435035722 0.0006046780752827645 0.9995635416573901 1.005995273590088
0.9996300036974484 0.0005358893916464077 -0.027195009292142348 -0.04348905384540558 -0.0005561008333657938 0.9999995747879297 -0.0007356465342195382 -0.02288694866001606 0.027194603503322447 0.0007504975150526427 0.999629876651242 0.9937549233436584
0.99944554433249 0.00068025423024049 -0.03328875437914311 -0.04904167726635933 -0.0006872578020279429 0.9999997440484049 -0.00019894682272589997 -0.022873539477586746 0.03328861052441558 0.00022171447169936444 0.9994457560328358 0.8378670811653137
0.9999957833012179 0.00034735410736319653 -0.002883179652317684 -0.0077584851533174515 -0.00034802951810530624 0.99999991211572 -0.00023376057502640546 -0.01840374432504177 0.0028830982012356416 0.00023476302095348062 0.9999958163067911 0.8325938582420349
0.9999978321133492 0.00017974982865417264 0.0020744779104468723 0.0006171714048832655 -0.0001794247112836753 0.9999999715933973 -0.0001569075453696367 -0.017327917739748955 -0.0020745060556223967 0.0001565349926117174 0.9999978359583691 0.7137984037399292
0.9962298179248024 0.002180595094728527 -0.08672597582355437 -0.11471030861139297 -0.0021293157962157783 0.9999974992243528 0.0006837830651985705 -0.03069436177611351 0.0867272499953439 -0.0004965380882795131 0.9962319697531151 0.5265552997589111
0.9881154122723953 0.003829357533157118 -0.15366609271611598 -0.20360322296619415 -0.0036882161146411497 0.99999247423083 0.0012035545666511651 -0.041936397552490234 0.1536695451013193 -0.0006224970573893198 0.9881220994420515 0.45899179577827454
0.9929295988658734 0.0029987395968837038 -0.11866684143805924 -0.157398983836174 -0.0029138477787868772 0.9999953596855096 0.0008888748901005046 -0.03600211441516876 0.11866895629092501 -0.0005368130757294979 0.9929337292309814 0.5267350673675537
0.9944528223180297 0.0026015570298889264 -0.10515139601890822 -0.1394052803516388 -0.00253074607533643 0.9999964721611303 0.0008068392626101594 -0.03390957787632942 0.10515312410008179 -0.0005362520990686723 0.9944558979289523 0.513788104057312
0.9973521470297737 0.0018869208254738564 -0.07269892946185091 -0.09708423912525177 -0.0018600351381645702 0.9999981744204597 0.00043752146539157 -0.028733406215906143 0.07269962231253732 -0.000301140409573905 0.9973538360231379 0.5847612023353577
0.9999547292690852 0.00033670197977807173 -0.00950926096851645 -0.017674017697572708 -0.00034030928606773906 0.9999998707543887 -0.0003777311158769863 -0.01963658258318901 0.009509132556671664 0.0003809501055245089 0.9999547146121353 0.8903564810752869
0.9997104833352951 0.0006712396146449973 -0.024052005049279904 -0.035232871770858765 -0.000673818694211539 0.9999997680712802 -9.912493783522186e-05 -0.02119944803416729 0.02405193293434409 0.00011530293014930585 0.9997107037675231 0.760211169719696
0.999864744346681 0.00040383549355488046 -0.016441713093231385 -0.027145985513925552 -0.0004123954935000979 0.9999997811964147 -0.0005172398664147168 -0.02078913524746895 0.01644150061590887 0.0005239503951837324 0.999864692112628 0.8683850765228271
0.9992596347127124 0.0008124442810603513 -0.03846455989747643 -0.053174059838056564 -0.0008062902343854838 0.9999996595469831 0.000175504916597832 -0.022799065336585045 0.03846468939006676 -0.00014436137983456392 0.999259949577645 0.6522104144096375
0.9989134323244249 0.0012055114366916221 -0.046588640933305704 -0.06277067214250565 -0.0011947447699758357 0.9999992527657018 0.00025894588728575605 -0.024474099278450012 0.04658891828290391 -0.0002030029899595591 0.9989141261805315 0.6140539646148682
0.9988160352767298 0.0012313643107384968 -0.04863138303615028 -0.06513378024101257 -0.0012151802096993021 0.999999196017508 0.0003623553443143575 -0.02444939687848091 0.048631790128808555 -0.00030283043413356463 0.998816728575666 0.5774333477020264
0.9997145066683304 0.0005665689590989565 -0.023886903451702905 -0.03340493515133858 -0.0005642883670104491 0.9999998355653541 0.00010221498553792249 -0.020430317148566246 0.02388695743570636 -8.870670209945704e-05 0.9997146619889025 0.6428588628768921
0.9999151127418816 0.00034696777943389893 -0.013024857916709428 -0.02028214931488037 -0.0003464800636915527 0.9999999391876765 3.9701499113122365e-05 -0.01909712143242359 0.01302487089977854 -3.518527536116456e-05 0.9999151721521384 0.7232250571250916
0.9991477465976187 0.0012027605338723517 -0.041259348467940306 -0.05380013957619667 -0.001187163808168905 0.9999992143112 0.0004025159320091132 -0.023066483438014984 0.041259800181209595 -0.00035319128118677784 0.9991483894522003 0.5160530805587769
0.9999984760402257 0.000343501964803595 0.001711701967731716 -0.0011398240458220243 -0.0003431800490735931 0.9999999233743954 -0.00018835779103149188 -0.01764107123017311 -0.001711766537842823 0.00018777008201650966 0.999998517297759 0.8001776337623596
0.9999847990213833 0.0002639702794906413 0.0055074536634581875 0.004455019719898701 -0.00026206742100035393 0.9999999057245076 -0.0003462248440279645 -0.017009252682328224 -0.0055075445373091265 0.0003447762568936524 0.9999847739253344 0.7518231272697449
0.9999541822619035 0.00032309970721476947 -0.009567078107074224 -0.015375410206615925 -0.0003227448555737179 0.9999999471715542 3.8634785597446914e-05 -0.0185677669942379 0.009567090084548275 -3.5545290197028855e-05 0.9999542337146466 0.7108281254768372
0.9999997098153645 0.0002544767050508185 0.0007180604384515671 -0.0015281753148883581 -0.00025442845402500337 0.9999999653693183 -6.728687691776841e-05 -0.017251180484890938 -0.0007180775365273758 6.710416238489881e-05 0.9999997399308076 0.724573016166687
0.9999989550433422 0.00027503041013289954 0.0014192499769627497 -0.0006938914302736521 -0.00027486589580166235 0.9999999554835866 -0.00011611013809574961 -0.017195113003253937 -0.0014192818476017322 0.00011571991334940341 0.9999989861234554 0.728232741355896
0.9999842700798137 0.0002989929986923679 -0.005600910294666056 -0.010120933875441551 -0.0002994020131339377 0.9999999525736556 -7.218809634026852e-05 -0.01814570091664791 0.00560088844529996 7.38638846448803e-05 0.9999843121733211 0.7268377542495728
0.9999981218906637 0.0002826904663108329 0.0019173683123520466 -0.00048501137644052505 -0.0002823164366980186 0.9999999410694019 -0.00019534232020980207 -0.017337914556264877 -0.0019174234207719756 0.00019480064874578584 0.9999981427683415 0.7633478045463562
0.9999884405963488 0.00027002648194140533 0.004800599898105657 0.0034541036002337933 -0.0002686856383433018 0.9999999247179414 -0.0002799502446003192 -0.017062606289982796 -0.004800675130686282 0.00027865715629438637 0.9999884378673981 0.7578691840171814
0.9999912649063011 0.0002593714188896099 0.004171670835899508 0.002544314367696643 -0.0002583186400810392 0.9999999346563667 -0.00025290065763245226 -0.017080090939998627 -0.0041717361585097874 0.00025182082818431603 0.9999912665637107 0.7607319951057434
0.9999967450434589 0.00026175769129561916 0.00253798845512941 0.000449782470241189 -0.0002613974504754423 0.9999999557152839 -0.0001422701765736124 -0.01709091290831566 -0.0025380255830482717 0.00014160628977886362 0.9999967691816801 0.7466375231742859
0.9999849806178035 0.0002574771730176688 0.005474691253090485 0.004292995668947697 -0.00025652231631759773 0.999999951765629 -0.00017511436594549448 -0.016578376293182373 -0.005474736076974093 0.00017370735535453778 0.9999849984327976 0.721782386302948
0.9999883754177955 0.0002561673889126864 0.004814915113206867 0.0037407884374260902 -0.00025555910365109144 0.9999999592868279 -0.00012694836474684963 -0.0165965985506773 -0.004814947437207522 0.00012571639363466062 0.9999884001710049 0.7202014327049255
0.9999805769840113 0.0002603713885545094 0.006227187283470082 0.005783764645457268 -0.0002590978390118796 0.9999999453559465 -0.00020532027031616972 -0.016479382291436195 -0.0062272404027152095 0.00020370283160900724 0.9999805898026836 0.7132458090782166
0.9999646067988776 0.0001816034373056541 0.008411430898326439 0.008700452744960785 -0.00018090449529572578 0.9999999801209444 -8.385507739827825e-05 -0.016074886545538902 -0.008411445959485429 8.233044383728215e-05 0.9999646197734039 0.6722357273101807
0.9999926600172918 0.00029749786672328123 0.003819869966443583 0.002019147388637066 -0.00029659092461789473 0.9999999276968707 -0.00023799175773104396 -0.01720372587442398 -0.003819940492295254 0.00023685707211038988 0.9999926759498605 0.7716197967529297
0.9999737695086942 0.0003126079244682813 0.0072361986469725225 0.006376291159540415 -0.0003107603878778229 0.9999999188328311 -0.00025644163533114164 -0.01653091236948967 -0.007236278225318134 0.0002541861848427615 0.9999737854898143 0.7511504888534546
0.9999274543601433 0.0003170663269356465 0.01204099189383072 0.012532399967312813 -0.0003138926879706094 0.9999999155015772 -0.0002654585060359893 -0.01570371724665165 -0.012041075044339362 0.0002616596688674268 0.9999274693926524 0.7116250395774841
0.9999300051711865 0.0003444097119358187 0.011826501608733291 0.012239152565598488 -0.0003418828082377723 0.9999999182979397 -0.0002156855570726487 -0.015634305775165558 -0.01182657492668432 0.00021162718261738157 0.9999300412226043 0.7168029546737671
0.9999817505951828 0.000244182315595298 0.00603646018709838 0.004800986964255571 -0.0002420409310697241 0.9999999075287147 -0.00035546975912156603 -0.016922563314437866 -0.006036546428328055 0.0003540022015659809 0.9999817172277 0.7735652327537537
0.9999980970445878 0.0003862654409806733 0.00191225160805928 -0.0013309505302459002 -0.000385593849281141 0.999999863861152 -0.000351560892337205 -0.018004141747951508 -0.0019123871435506592 0.0003508228708741565 0.999998109847577 0.8435024619102478
0.9999916109940892 0.0004256065886877605 0.004073917092661428 0.0011984285665675998 -0.00042338478307672533 0.9999997611943885 -0.0005462201857887162 -0.018200328573584557 -0.0040741485946971115 0.0005444907690398 0.9999915523858343 0.8557935953140259
0.9998948854060861 0.0004141387869175292 0.0144929854693492 0.015046427957713604 -0.00040875832270694895 0.9999998464431116 -0.0003742063423224109 -0.015481441281735897 -0.014493138217212114 0.0003682428793432304 0.9998949011480148 0.7422949075698853
0.9999069388686073 0.00040329833333396315 0.01363638342325477 0.013905399478971958 -0.0003979901692946503 0.9999998439792076 -0.0003919762568944538 -0.01567908376455307 -0.013636539379066531 0.00038651263259332005 0.9999069433711061 0.7619019746780396
0.9999786399795785 0.0003398384063684848 0.006527181202444481 0.005055719055235386 -0.0003372232253055647 0.9999998624360998 -0.00040175648983369994 -0.017018664628267288 -0.006527316836825232 0.00039954679120963055 0.9999786170200204 0.7988499402999878
0.9999946009758434 0.00039189827507362274 0.0032625810190197685 0.00018312479369342327 -0.0003903225237113006 0.9999998068898336 -0.00048359965141631686 -0.01815798692405224 -0.003262769910851421 0.0004823235815929604 0.9999945608334434 0.8565844297409058
0.9999972351937827 0.0003991763376950716 0.002317382800026399 -0.0015127009246498346 -0.00039782492662529377 0.9999997505764738 -0.0005835943093317198 -0.018644627183675766 -0.002317615179055708 0.0005826707831641619 0.9999971445732434 0.895603597164154
0.999998086166152 0.0004181711839333768 0.0019112291578681426 -0.002503000432625413 -0.00041695359669232166 0.9999997099199346 -0.0006374243050980007 -0.01891442947089672 -0.0019114951559349941 0.0006366261913023139 0.999997970444621 0.9302126169204712
0.9999983023465433 0.0005274633656010003 0.0017655272383230564 -0.003313299035653472 -0.0005261868036525082 0.9999995998845492 -0.0007234349928857531 -0.019149649888277054 -0.0017659081173644706 0.0007225047676095421 0.9999981797760342 0.9795013666152954
0.9999976104532564 0.0004938894931272696 0.0021295917320825076 -0.0029880485963076353 -0.0004920269526810811 0.9999994961114856 -0.0008750350005002601 -0.01967010088264942 -0.0021300228295985596 0.000873985093032833 0.9999973495728887 0.9868390560150146
0.999997885031239 0.0005299870649897672 0.001987220863302708 -0.0031656913924962282 -0.0005284281685188326 0.9999995523448969 -0.0007849036095549215 -0.019340522587299347 -0.001987635962473476 0.0007838518460270695 0.9999977174371769 0.9864305853843689
0.9999981463712839 0.0004982856349519097 0.0018598294066604058 -0.0032869174610823393 -0.0004967567909992843 0.9999995384404667 -0.0008224059482635663 -0.019466284662485123 -0.001860238341308532 0.0008214805409404257 0.9999979323393794 0.9866373538970947
0.9999994019341174 0.00034380284733220525 0.0010382345638966794 -0.0036090000066906214 -0.00034307079064137936 0.9999996925023107 -0.0007051933894706986 -0.019255537539720535 -0.0010384766921371698 0.0007048367797658845 0.9999992123853267 0.9333688020706177
0.9999991137485098 0.0004038032934759257 0.0012686390719806287 -0.003385822521522641 -0.0004029821758192855 0.9999997092186199 -0.0006474318818139258 -0.01904798299074173 -0.0012689001382101862 0.0006469200690928997 0.9999989856929172 0.9374005794525146
0.9999993219107521 0.0004679340385982387 0.0010664031937757106 -0.004260800778865814 -0.0004671521764739034 0.999999622014019 -0.0007333080276399643 -0.019339540973305702 -0.001066745930477163 0.0007328093578187042 0.9999991625214318 0.9863615036010742
0.9999993515121116 0.00043933090457810105 0.001050696774818433 -0.004143989644944668 -0.00043855484541766455 0.9999996309736053 -0.0007387301948999644 -0.01935402862727642 -0.0010510209340883548 0.0007382689276807187 0.9999991751566532 0.9719372987747192
0.9999977068394429 0.00039247850089186177 0.002105297243126411 -0.0022067378740757704 -0.00039098974525473445 0.9999996732765237 -0.0007075124485686306 -0.019100630655884743 -0.0021055742387015536 0.0007066876764962144 0.999997533571785 0.9256850481033325
0.9999981746512134 0.00045667903712595437 0.0018553001098560358 -0.0025457513984292746 -0.00045555279756977397 0.9999997117585223 -0.0006074162660259004 -0.01880519650876522 -0.0018555769693570947 0.0006065699701239799 0.9999980944516752 0.9303680658340454
0.9999994201390764 0.00042647510892276 0.000988858176222114 -0.004157961346209049 -0.00042576219447227503 0.9999996494098526 -0.0007210455781404661 -0.01932234689593315 -0.0009891653375296557 0.0007206241416071808 0.9999992511261104 0.9682817459106445
0.999998635490018 0.0003952651605469887 0.0016039898861564138 -0.0029766999650746584 -0.0003941749618256266 0.9999996911548098 -0.0006799385150126605 -0.019099030643701553 -0.001604258146778151 0.0006793053345776252 0.9999984824488789 0.9363338947296143
0.9999980319640295 0.0005071422592958546 0.001918039310555537 -0.00330511131323874 -0.0005055539528606743 0.9999995290156366 -0.0008284827733848959 -0.0195152647793293 -0.0019184585658144954 0.0008275114705458033 0.9999978173683668 0.9902048110961914
0.9999977433915408 0.0005542029014347465 0.002050870783410081 -0.0033671220298856497 -0.0005524093187886667 0.9999994646005561 -0.0008750100260887086 -0.019619209691882133 -0.002051354618470247 0.0008738751314012948 0.9999975141401523 1.0099431276321411
0.9999980065198393 0.00044025896918853104 0.0019475955401034649 -0.002712362678721547 -0.0004388054443176241 0.999999624957827 -0.0007466819856739253 -0.01926366612315178 -0.0019479235431143255 0.0007458258816518743 0.9999978246664464 0.9501473903656006
0.9999967518506818 0.0004663587687572378 0.002505752897734692 -0.0017503181006759405 -0.0004646324711259879 0.9999996543726802 -0.0006894716722166524 -0.018945613875985146 -0.0025060735728381824 0.0006883051785488048 0.9999966229099119 0.9307438135147095
0.9999951226261834 0.0004512126123694313 0.0030904904178099438 -0.0008800372015684843 -0.00044900242304662507 0.9999996430030701 -0.0007158146102644347 -0.018957726657390594 -0.003090812299094623 0.0007144234812829982 0.9999949682265511 0.9190742373466492
0.9999907241995661 0.00044494897408343167 0.004284102617598941 0.0014871314633637667 -0.0004428887888002931 0.9999997858459028 -0.00048182742752994417 -0.01790595054626465 -0.0042843160887603765 0.00047992557717547817 0.9999907071103673 0.856297492980957
0.9999954560122973 0.00044426313222739095 0.0029817084073329655 -0.0006617021281272173 -0.000442470886205581 0.9999997210804552 -0.0006017129931259312 -0.01858726516366005 -0.002981974894575243 0.0006003909397880908 0.999995373667522 0.8958642482757568
0.9999875472151368 0.00021907490924429608 0.004985721696913875 0.004213834181427956 -0.0002178820494657087 0.9999999475123846 -0.00023979708271630877 -0.017060115933418274 -0.004985773968749365 0.0002387077973134376 0.9999875424606651 0.7245661616325378
0.9999817891716 0.0002769702827156646 0.00602864932038412 0.005345301702618599 -0.0002760825606060178 0.999999950925026 -0.00014808229207399992 -0.016648169606924057 -0.006028690038922612 0.00014641519043142253 0.9999818165641846 0.7312572598457336
0.9999950465164021 0.0004598517773979203 0.0031137564133107963 -0.0005150719080120325 -0.0004579834193220075 0.9999997146933444 -0.0006007199158224918 -0.018579550087451935 -0.003114031767056377 0.000599290891357138 0.9999949718156492 0.8976889848709106
0.9999973387592157 0.0005542109622337746 0.002239492062045229 -0.0027013386134058237 -0.000552514660560874 0.9999995600839602 -0.0007579969895527889 -0.01920309290289879 -0.0022399111670976996 0.0007567576201437963 0.9999972050540282 0.9813916087150574
0.9999985057630315 0.00041494868248972554 0.0016781803522923618 -0.0031068839598447084 -0.00041368990558380837 0.9999996329087126 -0.0007503619804042441 -0.019318941980600357 -0.0016784910979621354 0.0007496666129141408 0.9999983103323742 0.9563133716583252
0.999997489955971 0.0004029665351085012 0.0022040189946669966 -0.0019287581089884043 -0.0004015573474570966 0.9999997147185146 -0.00063977698129965 -0.01887614093720913 -0.0022042761746145804 0.0006388903354100148 0.9999973664893748 0.9175475835800171
0.9999964505243709 0.0005389025474189397 0.002609314604180619 -0.0020589435007423162 -0.0005369882660648989 0.9999995862390352 -0.0007342788029072998 -0.019084656611084938 -0.0026097092292654933 0.0007328750252776671 0.9999963261492194 0.9621961116790771
0.9999969515472718 0.00045807189830667807 0.0024263277394605785 -0.0019373951945453882 -0.0004563324686593093 0.9999996385466278 -0.0007174031584382792 -0.019054224714636803 -0.0024266554846828717 0.000716293759341539 0.9999967991280817 0.9403847455978394
0.9999972920011208 0.0003901579310580823 0.0022942901328607294 -0.0015239000786095858 -0.00038882518222236516 0.9999997554436181 -0.0005813154749525113 -0.01869654282927513 -0.0022945163766204353 0.0005804218229718762 0.9999971991486298 0.8963757753372192
0.9999968019979482 0.00040524643526871815 0.0024963511778569075 -0.0013272997457534075 -0.0004037220563636102 0.9999997317725469 -0.0006111164664592702 -0.018735356628894806 -0.0024965981610365552 0.0006101066800766263 0.999996697378277 0.9015495181083679
0.9999982895263732 0.0004914739217532694 0.001783086568751724 -0.002986864885315299 -0.0004902906710793302 0.9999996593771906 -0.0006639733127496753 -0.019014617428183556 -0.0017834122869597247 0.0006630979463304492 0.9999981898692256 0.9598312377929688
0.9999992328010405 0.0005613352219014052 0.0011042192257625285 -0.005253461189568043 -0.0005602524834699133 0.9999993622587403 -0.0009806116799269534 -0.020136956125497818 -0.0011047689734313198 0.0009799922860391644 0.9999989095497225 1.0641010999679565
0.9999993601528006 0.00048633184066006603 0.001021359549690646 -0.004754991270601749 -0.00048545266315488527 0.9999995116252156 -0.0008608629632593411 -0.01974821835756302 -0.0010217777159538743 0.0008603665907251492 0.9999991078694161 1.017753005027771
0.9999987919164924 0.00039673777789287916 0.0015029187242411631 -0.0032092139590531588 -0.0003956829149629187 0.999999675239247 -0.000702108561218104 -0.019209954887628555 -0.0015031967891425636 0.0007015130337505704 0.999998624138492 0.9470329284667969
0.99999867295083 0.0005270176790919866 0.0015415410940263058 -0.0037550090346485376 -0.0005258600931120932 0.9999995795572045 -0.0007512366979997691 -0.019304074347019196 -0.0015419363609174876 0.0007504250661284919 0.9999985296461584 0.9925624132156372
0.9999969982992845 0.0003234175082339597 0.002428743200857306 -0.0012623316142708063 -0.00032175968631379304 0.9999997150290618 -0.0006829439939434966 -0.018965408205986023 -0.0024289633847808627 0.0006821604722995768 0.9999968173919179 0.8915197253227234
0.9999969983536001 0.00036897833478833025 0.0024222177397185372 -0.0006011894438415766 -0.00036803012011303593 0.9999998554842754 -0.00039189955256388096 -0.018094008788466454 -0.002422361992114294 0.00039100692713431133 0.99999698963345 0.8423115015029907
0.999997330476887 0.00035683730270910424 0.0022829161698876025 -0.0009290985763072968 -0.0003558728070358983 0.999999847265071 -0.00042287631718736246 -0.018185390159487724 -0.002283066719250968 0.00042206276052365426 0.9999973047310584 0.8520037531852722
0.9999992492239941 0.00022703089402913092 0.0012041629545346789 -0.0018883857410401106 -0.00022660035351835834 0.9999999103630166 -0.00035766777652021644 -0.01818809099495411 -0.0012042440482322129 0.0003573946442406405 0.999999211032359 0.8209506273269653
0.9999999267303151 0.0003820415587727859 2.4158056877645468e-05 -0.00436223391443491 -0.00038203120476536646 0.9999998357948252 -0.0004271562724092191 -0.018568597733974457 -2.432124435891831e-05 0.00042714701198003985 0.9999999084769494 0.890515923500061
0.9999989920773831 0.0005447925121150884 0.001311123692357677 -0.0047560930252075195 -0.0005435406648913122 0.9999993963105644 -0.0009549565708556456 -0.0200099628418684 -0.0013116431540353528 0.0009542429592898209 0.9999986845054403 1.0428434610366821
0.9999980144646782 0.0005474127221539704 0.0019160913372358985 -0.003584684571251273 -0.0005457215232904914 0.999999461213039 -0.0008830411375081713 -0.01963060162961483 -0.0019165736928237272 0.0008819937319154822 0.9999977744136916 1.0144169330596924
0.9999979891201881 0.0005272537567817489 0.0019348795973001484 -0.0035284317564219236 -0.0005255049141559428 0.9999994530899265 -0.0009042479930428176 -0.019751235842704773 -0.0019353553072464001 0.0009032293859721021 0.9999977192856547 1.0106059312820435
0.999998098214366 0.00045494407528996885 0.001896468702451208 -0.002941541140899062 -0.00045349895848864386 0.9999996065695123 -0.0007623644241485094 -0.019306605681777 -0.0018968147895005796 0.0007615029277134318 0.9999979111012909 0.9629824161529541
0.9999955412399398 0.00032554175958300754 0.002968420927371971 -4.0911370888352394e-05 -0.00032399199882531796 0.9999998109861199 -0.0005225484748673793 -0.01839190348982811 -0.0029685904776491903 0.000521584400319496 0.9999954576998281 0.8491666913032532
0.9999957119611156 0.0004897980684693366 0.0028872404184316115 -0.0006223940290510654 -0.0004884290865306944 0.9999997679843653 -0.0004748349642086536 -0.01823081076145172 -0.002887472321795004 0.00047342271589769435 0.9999957191780988 0.8867380619049072
0.9999986158350375 0.00040376142826763185 0.0016140956349334262 -0.0031727838795632124 -0.00040251951362401685 0.9999996227937065 -0.000769669075848712 -0.0193825401365757 -0.0016144057887717523 0.0007690183055098282 0.9999984011511195 0.9539574384689331
0.9999979356143632 0.0003049261031619113 0.0020089268486005608 -0.0015159177128225565 -0.00030388381348702955 0.9999998190876789 -0.0005191138961077443 -0.0185397956520319 -0.002009084776538379 0.0005185023441047043 0.9999978473645228 0.8653333187103271
0.9999986038776265 0.00036457012406964945 0.0016307456643248502 -0.0020366304088383913 -0.00036382523196719233 0.9999998293666833 -0.00045705339311921016 -0.018308300524950027 -0.001630912014077545 0.0004564594485971398 0.9999985658843583 0.8714281320571899
0.9999978393507182 0.00030521793477527806 0.002056243153740037 -0.0012759703677147627 -0.0003042278629866051 0.9999998376613773 -0.00048179106052007275 -0.01839137263596058 -0.002056389871204841 0.0004811644530781208 0.9999977698682464 0.8548403978347778
0.9999979775609601 0.0003134010563971703 0.001986618676970419 -0.0011394282337278128 -0.0003126303381379643 0.9999998757607491 -0.0003882534717083749 -0.018173934891819954 -0.001986740109202585 0.00038763160922066387 0.9999979513006386 0.8367327451705933
0.9999971902657865 0.00030320704943099706 0.002351069122294958 -0.0007003908976912498 -0.00030214820411769044 0.9999998527836089 -0.0004507096887782561 -0.018244653940200806 -0.002351205434533931 0.00044999805109076515 0.9999971346632743 0.8394145965576172
0.9999991800759619 0.0002519947483935922 0.0012555262047977767 -0.0017355571035295725 -0.00025164746289186473 0.9999999300398786 -0.0002767558356173063 -0.01778341457247734 -0.0012555958579781737 0.00027643965871451237 0.9999991735297369 0.8026849627494812
0.9999912913412488 0.0003513915976283488 0.004158577353817801 0.0020555690862238407 -0.0003500522179123369 0.9999998866318278 -0.000322799902583837 -0.01740993745625019 -0.004158690311540969 0.0003213413722035764 0.9999913009794715 0.8014999628067017
0.9999936390130878 0.00036149217680079464 0.003548416092917732 0.0008051556069403887 -0.00035986857131534665 0.999999830280257 -0.00045818562699167885 -0.017999539151787758 -0.003548581121201144 0.0004569057490491115 0.9999935993840975 0.8365103006362915
0.9999911701416525 0.0002867722530948803 0.004192541043734644 0.0020933113992214203 -0.0002852940095103207 0.9999998969346348 -0.0003531827401372254 -0.017402851954102516 -0.004192641894639013 0.00035198351473925555 0.9999911488916032 0.8013911843299866
0.9999985769614139 0.00036053384465231604 0.001648056580804651 -0.0016948000993579626 -0.0003599235373874256 0.9999998665549815 -0.0003706009524433191 -0.01810789667069912 -0.0016481899750659269 0.00037000725070948594 0.9999985732812023 0.8459460139274597
0.9999999061607157 0.00037409244013064213 0.0002184797614525984 -0.004594755358994007 -0.00037397157423882236 0.9999997771723612 -0.0005529923051283164 -0.018925370648503304 -0.00021868658301006796 0.0005529105480155844 0.9999998232330365 0.9264513254165649
0.9999982622037229 0.0002946824235248666 0.0018408562691828016 -0.0014569142367690802 -0.0002939009686852222 0.9999998665996128 -0.00042476225982127547 -0.01828601025044918 -0.0018409811935840084 0.00042422049223027856 0.9999982154110172 0.842967689037323
0.9999791948632402 0.0003206821780571095 0.006442592925714466 0.005138786509633064 -0.0003183775444438047 0.9999998849704003 -0.0003587407493170719 -0.01690344512462616 -0.00644270722639043 0.0003566821087511811 0.9999791819340381 0.7837916612625122
0.9999945370637997 0.0005181378644195667 0.003264563632377732 -0.0004645420704036951 -0.0005161456440647762 0.9999996800940052 -0.00061106919476773 -0.01848285272717476 -0.003264879206111846 0.0006093808662370813 0.9999944845941546 0.908720850944519
0.9999966730402766 0.0005051002307626194 0.002529581414984337 -0.0019527215044945478 -0.0005032018914941261 0.9999995913662213 -0.0007510361155601453 -0.01914260908961296 -0.0025299597298272056 0.0007497607267405294 0.9999965185752488 0.9503976702690125
0.9999981168401709 0.00033131935688664145 0.0019122090878739791 -0.001895303139463067 -0.0003301906790367771 0.9999997711220333 -0.0005905336540585813 -0.018761197105050087 -0.0019124043054419338 0.000589901148372141 0.9999979973611985 0.8849881887435913
0.9999880559874883 0.000378648234096253 0.004872833660034031 0.0025142107624560595 -0.0003764379453648273 0.9999998258605969 -0.0004545032988797097 -0.017539534717798233 -0.0048730049083531984 0.0004526635507955336 0.9999880243877286 0.8323843479156494
0.9999998279239092 0.00025106928230680654 0.0005302040809373473 -0.003118763444945216 -0.000250806053610659 0.9999998453044898 -0.0004964748934349345 -0.0185898095369339 -0.0005303286485123345 0.0004963418296103275 0.9999997361981215 0.8409856557846069
0.9999957850057909 0.0004608221941535567 0.002866638023426628 -0.0011583457235246897 -0.0004589003189783362 0.9999996695512098 -0.0006710499001096466 -0.01881994493305683 -0.0028669463108369165 0.0006697315705348578 0.9999956660298454 0.9189062118530273
0.9999956264897503 0.0002173823233128359 0.002949533233781427 0.0009570042602717876 -0.0002163418252525737 0.9999999142648335 -0.00035308149242566864 -0.01778784580528736 -0.0029496097345778458 0.0003524418408167032 0.9999955877838473 0.776980996131897
0.999989693978746 0.00029421017886937335 0.004530494086086147 0.002997195813804865 -0.00029317534240598183 0.9999999307856887 -0.00022907823107724918 -0.017038272693753242 -0.004530561169658461 0.00022774764103717437 0.9999897110203182 0.768031120300293
0.9999981064773622 0.00028622115021516346 0.0019248686041446195 -0.0008450045716017485 -0.00028558487998751414 0.9999999044999339 -0.0003308192847941362 -0.017957177013158798 -0.001924963107795748 0.00033026894501102504 0.9999980927179098 0.8104144930839539
0.999996826608773 0.0002053854957068353 0.0025108941000036612 0.0002519774716347456 -0.00020454521147163503 0.9999999229990741 -0.00033490760215866506 -0.017841201275587082 -0.002510962691826377 0.0003343929480011505 0.9999967916187112 0.7853354811668396
0.9999763350531242 0.00034165093214248243 -0.006871143162717457 -0.012406868860125542 -0.0003423458281388989 0.9999999364040038 -9.995660284572244e-05 -0.01851387321949005 0.006871108575473727 0.00010230654457432765 0.9999763884214042 0.7588388919830322
0.99999647352451 0.00012481788441291022 0.0026528021109754143 0.0016735470853745937 -0.00012473074341568828 0.9999999916761563 -3.301407888833827e-05 -0.01684671826660633 -0.002652806209641386 3.268307648556157e-05 0.999996480769323 0.683622419834137
0.9998182117280847 0.0007855831177757891 -0.01905062613197211 -0.02436843514442444 -0.0007805799687081444 0.9999996588816318 0.0002700583875184161 -0.019633855670690536 0.019050831786763662 -0.0002551387569208675 0.9998184838821732 0.5350998640060425
0.9999980334177927 0.00024786331044533477 -0.0019676697708432556 -0.0025531838182359934 -0.00024753581980650123 0.9999999554723034 0.00016667756269364076 -0.017809471115469933 0.0019677109964799187 -0.0001661901661586774 0.999998050245231 0.5315654277801514
0.9991230701978072 0.0013174709863926388 -0.04184919197197721 -0.05407826602458954 -0.00129899129327616 0.9999990464386477 0.0004687679756890529 -0.022889576852321625 0.04184976965441244 -0.0004139951630786167 0.9991238288560018 0.4961696267127991
0.9998889004451766 0.0006056521117557204 -0.014893621186756923 -0.01916871964931488 -0.0006024355630879886 0.9999997942357508 0.00022045373169341098 -0.019340677186846733 0.014893751640450292 -0.00021145679231589765 0.9998890595701591 0.5446117520332336
0.9999723989228104 0.00019748274827788786 0.007427138959524792 0.008804031647741795 -0.00019807368376427925 0.9999999772764129 7.882886398970743e-05 -0.016244083642959595 -0.007427123223412847 -8.029780900168993e-05 0.9999724153159858 0.5638641715049744
0.9999960181296277 0.00035042817189190697 -0.00280016517127333 -0.005241124890744686 -0.0003503490401307934 0.9999999382144881 2.8750144819450635e-05 -0.017519991844892502 0.002800175073124381 -2.776899516013748e-05 0.9999960791165351 0.6499733924865723
