0.999963298970803 -0.00043626679243473425 0.0085563066047144 0.01033767033368349 0.00043509407814133213 0.9999998956972627 0.00013891942457880773 -0.009812758304178715 -0.008556366318199969 -0.00013519152775847746 0.9999633844889918 0.5739151835441589
0.9999997117460884 -0.00031581587256647345 0.0006904839423867536 0.0010222429409623146 0.00031572963817926367 0.999999942345494 0.00012499521568392344 -0.010913870297372341 -0.0006905233780503509 -0.00012477717340826525 0.9999997538040303 0.5694252252578735
0.9999866318331588 -0.00017478469385789888 -0.0051677466351958525 -0.006265971809625626 0.00017584029419861024 0.999999963770144 0.00020381339974603633 -0.009781241416931152 0.005167710824506456 -0.00020471937322318076 0.999986626337979 0.5081306099891663
0.9999913774855546 -2.4152044010971468e-05 -0.004152634250928229 -0.005078270100057125 2.539121002223899e-05 0.999999955170582 0.00029835234288631547 -0.009228214621543884 0.004152626858949136 -0.0002984552107473399 0.9999913332697726 0.4850011467933655
0.9999833876054067 -0.0002667428451755487 0.0057578955764783085 0.0069500841200351715 0.0002662103410723434 0.9999999602183729 9.324863152518645e-05 -0.010345068760216236 -0.005757920220825134 -9.171427109685102e-05 0.9999834188341442 0.5698345303535461
0.9999522019516632 -0.0004672862163272338 0.009766035818696565 0.011367524974048138 0.0004661708675651197 0.9999998845582131 0.00011648297185655808 -0.01082981750369072 -0.009766089122175123 -0.00011192476280756507 0.9999523043506151 0.6138601899147034
0.9999470596906205 -0.0005098598940473946 0.010277054975569144 0.01207183301448822 0.0005082650356551652 0.9999998583832863 0.00015779753048284439 -0.010386481881141663 -0.010277133974798566 -0.0001525657089191736 0.9999471772253613 0.6075963377952576
0.9999594391011377 -0.00044869466163243723 0.008995489182851708 0.010610575787723064 0.00044703203164670033 0.999999882626745 0.00018683912657153654 -0.010645648464560509 -0.008995571960740537 -0.00018281027640355404 0.9999595223135296 0.6049205660820007
0.9999080093534133 -0.0005499974514688911 0.013552502857318212 0.015716463327407837 0.0005472706654720816 0.9999998292534539 0.00020490944722579795 -0.009954521432518959 -0.013552613242948914 -0.0001974737102157191 0.9999081396200457 0.6085168123245239
0.9999382827152146 -0.0005033620917048745 0.011098530855574693 0.013138646259903908 0.0005023349989698298 0.9999998692858034 9.533060766606511e-05 -0.009879196994006634 -0.011098577390653227 -8.97495436339013e-05 0.9999384048654812 0.5838195085525513
0.9998555910601485 -0.0005229613981454212 0.01698598060569174 0.01954907551407814 0.0005203506831203312 0.9999998521169986 0.0001581175111897462 -0.009368105791509151 -0.01698606078310867 -0.00014925601099594296 0.9998557153218236 0.5816515684127808
0.9999249366806028 -0.0006244975998830187 0.0122364621946335 0.014675545506179333 0.0006223370662104959 0.9999997900812059 0.0001803721720875628 -0.011169008910655975 -0.012236572267958663 -0.00017274342877059512 0.9999251154255698 0.6453723907470703
0.9998708166785546 -0.0007426363299089493 0.01605610307147839 0.01901545748114586 0.0007398321158586159 0.9999997100177928 0.00018059006323898176 -0.010708450339734554 -0.016056232528235962 -0.00016868791330697664 0.9998710761600154 0.6531236171722412
0.9999300827556645 -0.0005476414626276512 0.011812268583050598 0.01380469836294651 0.0005459985695795378 0.9999998408169816 0.00014230802292292274 -0.00985172763466835 -0.011812344636511849 -0.00013584859138827818 0.999930222595231 0.6035700440406799
0.9999469940302261 -0.0004981708636188303 0.01028401457143922 0.012133518233895302 0.0004963867633008465 0.9999998613059857 0.00017603462868153103 -0.010936098173260689 -0.010284100840430955 -0.00017092044908846853 0.999947102628986 0.6294053792953491
0.99991051627017 -0.0006803747404489726 0.013360259822875014 0.015693075954914093 0.0006777693645704306 0.9999997504069669 0.00019953619374142665 -0.010639876127243042 -0.013360392247633267 -0.00019046316368792875 0.9999107278366268 0.6467425227165222
0.9999483498175006 -0.0005685064499750855 0.010147635077860224 0.011844070628285408 0.0005664630796000916 0.9999998187033431 0.00020423726436884787 -0.01157288532704115 -0.010147749348330029 -0.00019847845486000747 0.9999484905681223 0.6530286073684692
0.9999004624485497 -0.000773479074118369 0.014087828977466674 0.01622220128774643 0.0007701065306566871 0.9999996735001366 0.000244817384197649 -0.012478695251047611 -0.014088013738916095 -0.00023394388657635188 0.9999007316424716 0.7125512361526489
0.9998815583486206 -0.0008864499656954249 0.015365008323856668 0.017458263784646988 0.0008824051252463489 0.9999995742230505 0.00027002761416612057 -0.012190638110041618 -0.01536524114775961 -0.0002564374695551568 0.9998819148300939 0.7201916575431824
0.9997635408133293 -0.0008647552840161421 0.021728199619238175 0.024339672178030014 0.0008604415955483525 0.9999996082134767 0.0002078777380241478 -0.010575701482594013 -0.02172837086979477 -0.00018913273667451724 0.9997638931908638 0.6958805918693542
0.9995348123809277 -0.0008427811116818628 0.030486858785738574 0.03388188034296036 0.0008378234064907148 0.9999996336447812 0.0001753916842380405 -0.007027138024568558 -0.030486995433517374 -0.00014976749031697583 0.9995351522978747 0.6214123368263245
0.999674134375756 -0.0009216808331246114 0.02551030310530811 0.027836669236421585 0.0009152948388484808 0.9999995467941356 0.0002620054987747203 -0.011859161779284477 -0.025510533029335532 -0.00023857067141955782 0.9996745249272855 0.7378236055374146
0.9999277823943274 -0.0006313228248307249 0.01200130940578041 0.012673093006014824 0.000627524826241362 0.9999997518331474 0.0003202284122901413 -0.014142731204628944 -0.012001508594959064 -0.0003126741665614062 0.9999279304161428 0.7633000016212463
0.9997161381242474 -0.0009035857724055982 0.02380812270407367 0.026370923966169357 0.0008967310735076713 0.9999995533589013 0.0002985889804213767 -0.012254388071596622 -0.0238083818711421 -0.00027715473896268894 0.999716501883373 0.7441486716270447
0.9997329321655264 -0.0006809441189837446 0.023099797809195025 0.02405736967921257 0.0006739525626112281 0.9999997247039597 0.00031045120056751203 -0.011629884131252766 -0.02310000284983142 -0.0002948001211083585 0.9997331158670428 0.6812849044799805
0.9997439479541902 -0.000794577733962071 0.02261431350260475 0.025490082800388336 0.0007809819695452799 0.9999995089668704 0.0006100271972551078 -0.013910559006035328 -0.022614787112255664 -0.0005922096274440724 0.9997440775976743 0.7586857676506042
0.999666403014257 -0.0006726941816978991 0.025819182153489526 0.027396664023399353 0.00066442822715182 0.9999997252373336 0.00032872539951872093 -0.012156009674072266 -0.025819396191005827 -0.0003114607442915513 0.9996665753002532 0.689315915107727
0.9995076733304464 -0.0005159463006181774 0.03137108147597208 0.03309066221117973 0.000505832297009658 0.9999998175064526 0.0003303342981568943 -0.01189255528151989 -0.03137124618571125 -0.00031430315956937533 0.9995077519090481 0.5589504241943359
0.9998836548866803 -0.0007687062697375013 0.015234361854865245 0.016174856573343277 0.0007619246178231175 0.9999996080555943 0.0004509540271993342 -0.014508902095258236 -0.015234702535030413 -0.0004392941255678904 0.9998838486841062 0.7561824321746826
0.9998551221490019 -0.0007212012411680158 0.017006310039932495 0.017747942358255386 0.0007131994405126514 0.9999996321091061 0.0004765796998431039 -0.013028030283749104 -0.017006647493336937 -0.0004643817631946967 0.999855268671729 0.7134896516799927
0.9998907515720781 -0.0007309142941383206 0.01476315294643559 0.01574590429663658 0.0007253272728728074 0.9999996633010306 0.0003837944409484675 -0.013842401094734669 -0.014763428496540104 -0.0003730443945435063 0.9998909450619641 0.7483359575271606
0.9998936712818982 -0.000633980078037681 0.014568603216087312 0.01509129535406828 0.0006279541900901001 0.9999997153943446 0.0004181922581704072 -0.014623746275901794 -0.014568864195340916 -0.0004089993768903738 0.9998937848169511 0.7962149977684021
0.999733013913891 -0.0006617631715296057 0.023096817100036176 0.024412069469690323 0.0006512142634929417 0.9999996801986385 0.0004642441209491331 -0.01244217250496149 -0.023097116933304466 -0.00044907919749145056 0.9997331251475283 0.6376477479934692
0.9996698387743559 -0.00040565319969627 0.025691416666557377 0.026422295719385147 0.0004032757664092731 0.9999999139098045 9.771918840162121e-05 -0.012058245949447155 -0.025691454094879742 -8.732619956826369e-05 0.9996699163026891 0.6070964932441711
0.9997326275708386 -0.0008260517512162442 0.023108245472373286 0.023641586303710938 0.0008009880123875092 0.9999990809458957 0.001093858111525756 -0.016813311725854874 -0.023109127818054048 -0.0010750562164146403 0.9997323704200143 0.9183255434036255
0.99985167829547 -0.0008042204725623408 0.017203913483950232 0.01710744947195053 0.0007908771385693623 0.9999993811907603 0.0007823882973919301 -0.022597607225179672 -0.01720453205069587 -0.0007686660703576753 0.9998516956175993 1.0657694339752197
0.9999335826786934 -0.0005077923072750772 0.011514007917548932 0.011633395217359066 0.0005037762352008065 0.9999998112595384 0.00035169644926371827 -0.021886197850108147 -0.011514184333141195 -0.00034587260696687005 0.9999336497644643 0.9973961114883423
0.9999607603637997 -0.00040792086982324147 0.008849369085716752 0.007969683036208153 0.0004032372053994028 0.9999997776964524 0.0005310431260471955 -0.023107271641492844 -0.008849583742044503 -0.0005274538932484506 0.9999607025578469 1.0515966415405273
0.9998905781102286 -0.00044755850554562357 0.014786192808716755 0.015131870284676552 0.00044474679760435825 0.9999998823895829 0.00019344535647474107 -0.0205807164311409 -0.014786277647821105 -0.00018684807741783078 0.9998906595628929 0.986539900302887
0.999936161068681 -0.0005888568938679691 0.011283928163006288 0.011231839656829834 0.0005838805830867666 0.9999997308413445 0.00044429798960889875 -0.01862504705786705 -0.011284186753773465 -0.00043768115954472957 0.9999362357493147 0.93491530418396
0.9998184982084894 -0.000929705047945719 0.019029090589002668 0.019928816705942154 0.0009107299751568498 0.9999990794652117 0.0010058029833629688 -0.01876046136021614 -0.019030008172173662 -0.000988290065120202 0.9998184245510352 0.931419849395752
0.9998082597194534 -0.0006184070043587421 0.019571953646353626 0.020269572734832764 0.0006023341970672506 0.9999994765488893 0.0008271006362516426 -0.022763025015592575 -0.019572454886219517 -0.0008151531907589936 0.9998081088563958 1.1002684831619263
0.9997759101243942 -0.0008015029925712096 0.02115389155433227 0.02176344022154808 0.0007817197255639307 0.9999992493988984 0.0009434595437463481 -0.023942800238728523 -0.021154631861845644 -0.0009267117097140889 0.9997757862421939 1.1505670547485352
0.9999421029507761 -0.00048573669875422664 0.010749642144690784 0.010451989248394966 0.0004820009306147141 0.9999998225480146 0.0003501128991568845 -0.022339317947626114 -0.010749810299829271 -0.00034491129113561203 0.9999421596346055 1.038704514503479
0.9999807630657203 -0.00033330703221033366 0.006193739171269 0.0045891632325947285 0.00033044179252937194 0.9999998379322708 0.0004636201606639044 -0.023837322369217873 -0.006193892695323582 -0.0004615645717591295 0.9999807111396821 1.0874476432800293
0.9999953435579907 -0.00043264042331156666 0.0030208748070640287 0.0009519853629171848 0.00043157395200740095 0.9999998443282847 0.0003536768722989611 -0.021151680499315262 -0.003021027351711013 -0.0003523714945441111 0.9999953746033378 0.9869904518127441
0.9999996448344848 -0.00012247745942720747 -0.000833864603295552 -0.0029837246984243393 0.00012303974088581868 0.9999997650971091 0.0006742899593355907 -0.021141715347766876 0.0008337818220972092 -0.000674392318335773 0.9999994250012719 0.9772402048110962
0.999937396792985 -0.0004758843523631066 0.011179267818243157 0.009713836014270782 0.00047318299056846547 0.9999998582115643 0.00024428407449021255 -0.02535124309360981 -0.011179382484120839 -0.00023897894214512465 0.9999374801938066 1.1624338626861572
0.9999989228449458 -0.00036210091040310703 0.0014223894961826104 -0.0002588154748082161 0.0003617303504225279 0.9999999005756053 0.00026076796797642576 -0.01916489005088806 -0.001422483779081004 -0.00026025316563799963 0.9999989544035474 0.8901835083961487
0.9999994751058788 -0.0003768663722418055 0.0009527642438417218 0.00019524386152625084 0.0003766119721623575 0.9999998933896811 0.0002671779347926999 -0.015996836125850677 -0.0009528648326462502 -0.00026681897213169366 0.9999995104280035 0.7852351665496826
0.999988763664222 -8.830159127938909e-05 -0.004739699160223006 -0.006146993488073349 8.920072363042326e-05 0.9999999780681289 0.0001894913512461559 -0.014436091296374798 0.004739682323884688 -0.0001899120066525887 0.9999887496091634 0.6331707835197449
0.9999993013084659 -0.0002676775376383891 -0.0011514040627876824 -0.001840047538280487 0.0002678956406468613 0.9999999462037399 0.00018927346111570346 -0.015374710783362389 0.001151353336592438 -0.00018958178500098248 0.9999993192218888 0.7252554893493652
0.9999865104342339 -0.0001267342802945903 -0.00519258008950195 -0.007109706290066242 0.00012735472167836164 0.9999999847913505 0.00011915566840957996 -0.015882790088653564 0.005192564909421941 -0.00011981536064344567 0.9999865113659987 0.7090206146240234
0.9999995939487608 -0.00029269353413401524 -0.0008523102768519857 -0.0016815941780805588 0.00029290150597457336 0.9999999273619788 0.00024389494514313482 -0.015148734673857689 0.0008522388284684027 -0.00024414448907293776 0.9999996070411464 0.7196819186210632
0.9999914273459911 -0.00025702031762593483 -0.004132695861508336 -0.005887259729206562 0.0002577246658617649 0.9999999523557426 0.00016990146880201159 -0.014983264729380608 0.004132651996479634 -0.00017096510995551946 0.9999914459426176 0.6793438792228699
0.999999494704844 -0.00039712276137887566 0.000923516956407188 0.0006784358993172646 0.00039698761683192675 0.9999999104670099 0.00014651554185518594 -0.013820112682878971 -0.0009235750583785201 -0.00014614884302596444 0.9999995628247179 0.6846771240234375
0.9999988948874295 -0.0002694979735696696 -0.001462051559106846 -0.0028528310358524323 0.0002697419384195932 0.9999999497301781 0.00016667011557425137 -0.01639755442738533 0.0014620065683513728 -0.0001670643080066344 0.9999989173125693 0.7825244665145874
0.9999954009436692 -0.00023745336624814037 -0.0030235256587402785 -0.005552034825086594 0.0002379991384494453 0.9999999554511892 0.00018015002007706673 -0.01868501678109169 0.003023482746817109 -0.0001808687880588364 0.9999954129087599 0.8557230234146118
0.9999977099383974 -0.00024332563933069726 -0.0021262433053387286 -0.0033776462078094482 0.00024373953860602258 0.9999999513988109 0.00019440527885235148 -0.01542796939611435 0.0021261958982120104 -0.00019492308321449452 0.999997720645399 0.698868989944458
0.9999909077869493 -8.640060732690593e-05 -0.004263435043275178 -0.005204631015658379 8.718412361828439e-05 0.9999999793467624 0.00018359031420890927 -0.01328944880515337 0.004263419092906794 -0.00018396034881450985 0.9999908946666607 0.5951749682426453
0.9999937481119315 -0.00013262414108219489 -0.0035335743784682505 -0.004680652171373367 0.00013337022915758077 0.9999999688651411 0.0002109077973331154 -0.014489194378256798 0.0035335462969854413 -0.00021137775238577535 0.9999937346653792 0.6369872689247131
0.9999990915399474 -0.00025161683698250254 -0.0013242387425457453 -0.002184147946536541 0.0002518047571456792 0.9999999582516057 0.0001417432576031019 -0.015126461163163185 0.0013242030222707626 -0.00014207657844998427 0.9999991131499075 0.7167716026306152
0.9999988925046394 -0.00020057540196122422 -0.001474706412332719 -0.002131144516170025 0.0002007389851490538 0.9999999737159629 0.00011077875630019684 -0.014520939439535141 0.0014746841540779077 -0.00011107466468184266 0.9999989064839342 0.6688414216041565
0.9999922730144418 -0.00010985514009216942 -0.003929611082274676 -0.004504632204771042 0.00011069606120586463 0.9999999710224261 0.00021377915843979423 -0.013269048184156418 0.003929587483664683 -0.0002142124990402031 0.9999922561976233 0.5469865202903748
0.9999967420782415 -8.428256948196521e-05 -0.0025512211490701475 -0.0017447201535105705 8.501422001853865e-05 0.9999999552943369 0.00028667735647730334 -0.010841823183000088 0.002551196873111898 -0.00028689331258098896 0.999996704537941 0.36510786414146423
0.9999996495593585 -0.0002148520941210615 -0.0008091475380229791 -0.0016286391764879227 0.00021501237536541247 0.9999999572818938 0.0001980047714688202 -0.014051826670765877 0.0008091049617179324 -0.00019817867881407242 0.9999996530371261 0.6681302785873413
0.999998945132564 -0.0002444380338152499 -0.0014317764514083944 -0.0022293413057923317 0.000244716859180192 0.9999999511283001 0.00019456889860464298 -0.014532668516039848 0.0014317288213960288 -0.0001949190731964846 0.9999989560790236 0.6642122864723206
0.9999911219487924 -0.00010550058857035737 -0.004212468779860637 -0.00535134132951498 0.00010627931859116569 0.9999999773064484 0.000184639673883667 -0.014007809571921825 0.004212449204670491 -0.00018508573295469743 0.9999911104679728 0.6246787309646606
0.9999981187200908 -0.0002667992466319188 -0.0019212949905453968 -0.0031231343746185303 0.0002670925259037334 0.9999999527191747 0.00015239170035891112 -0.015921253710985184 0.0019212542417141357 -0.0001529045771994979 0.9999981426994394 0.7528176307678223
0.9999999296136454 -0.00035716766188048497 -0.00011490851120897456 -0.0014261016622185707 0.00035719159203040466 0.9999999145124553 0.00020830086161753347 -0.01583992876112461 0.00011483410305401643 -0.00020834189131005171 0.9999999717033923 0.7576509118080139
0.9999996633978041 -0.00040457147662999616 0.0007138110385816108 4.918081685900688e-05 0.00040446261380594104 0.999999906554429 0.00015264706730089934 -0.014355422928929329 -0.000713872728528552 -0.00015235830604113304 0.9999997335863016 0.7104589939117432
0.9999971617349561 -0.0004309940137169494 0.0023432383984640114 0.0018716678023338318 0.000430565905741088 0.999999890525251 0.0001832006736236162 -0.014331666752696037 -0.002343317100332216 -0.00018219123508814633 0.9999972378318457 0.7163071632385254
0.9999970205404025 -0.0004973960656996467 0.0023898760368667345 0.0013979403302073479 0.0004968749854945332 0.9999998526591052 0.00021862528818075008 -0.01571914367377758 -0.002389984428098464 -0.00021743716717438505 0.9999971203436097 0.7939634323120117
0.999999607694396 -0.0004015291573003684 -0.0007895475854311867 -0.0023052487522363663 0.0004016771372230016 0.9999999017919484 0.00018727405233807346 -0.016384661197662354 0.0007894723118988374 -0.0001875911220832306 0.9999996707714656 0.7873174548149109
0.9999999320270626 -0.000336552718213464 -0.00015059262246837902 -0.001187831163406372 0.0003365862430466163 0.9999999185684645 0.00022264942234027842 -0.015357893891632557 0.0001505176769370933 -0.00022270009461117034 0.9999999638745477 0.7396827936172485
0.9998788256503908 -0.0007621989063158268 0.015548410491846052 0.017416149377822876 0.0007569536734274257 0.9999996546068258 0.00034323077603091003 -0.013333833776414394 -0.015548666731653303 -0.00033141975882709817 0.9998790572483313 0.7390555739402771
0.9998476249224069 -0.0008001657386427441 0.017438081081734644 0.019040804356336594 0.0007955001360270964 0.9999996459180356 0.0002744874085576548 -0.0154009610414505 -0.017438294542644655 -0.00026057358764490594 0.9998479074263494 0.8786708116531372
0.9999971410189238 -0.00047362885939236074 0.0023438493300145125 0.0004142867401242256 0.0004730382411863655 0.999999856230596 0.00025253437260517583 -0.018311241641640663 -0.0023439686006075464 -0.0002514249202495076 0.9999972212944936 0.8876651525497437
0.999999905068465 -0.0004310565464014877 -6.366564771118069e-05 -0.0013533765450119972 0.0004310703339757586 0.9999998836081057 0.0002167075037548287 -0.01610926166176796 6.357222711286751e-05 -0.00021673492755447434 0.9999999744922712 0.7819620370864868
0.9999995197075064 -0.0003520783494962546 -0.0009146723962798303 -0.002641035243868828 0.0003522554167145095 0.9999999192501831 0.00019343151012796858 -0.01707175187766552 0.0009146042193733751 -0.00019375361553037503 0.9999995629792339 0.81781005859375
0.999999460835662 -0.0004148633643549533 -0.0009519541868930147 -0.0025939233601093292 0.0004150413665059939 0.9999998964239319 0.0001867961167684718 -0.016873177140951157 0.0009518765934278922 -0.00018719111642124639 0.9999995294451076 0.8064330816268921
0.9999998808737006 -0.0003096063431755513 -0.00037735460340167026 -0.0010280897840857506 0.00030965626807305616 0.9999999433113197 0.0001322510975742818 -0.012545440346002579 0.00037731363623123485 -0.00013236793203792754 0.999999920056572 0.6439394950866699
0.9999911370910829 -0.0006785549977033866 0.004155153715405797 0.002475154586136341 0.0006778844226212065 0.9999997569860045 0.00016279017770274011 -0.015742015093564987 -0.004155263167733948 -0.00015997202093095226 0.9999913540611038 0.8134431838989258
0.9999388991264563 -0.0007777795804227979 0.01102692489748947 0.011471045203506947 0.0007763002111751476 0.9999996890962192 0.00013843932630941354 -0.01402440294623375 -0.011027029144457958 -0.00012987066341910966 0.9999391920321246 0.794209361076355
0.9999895157291263 -0.0005891962153671381 0.004541065915303569 0.004034212790429592 0.0005883901179336783 0.9999998109054374 0.000178846745716255 -0.015210515819489956 -0.004541170432438403 -0.00017617295232907795 0.999989673313777 0.7982473969459534
0.9999983868544211 -0.00031383929975776744 -0.00176855688332446 -0.003985854797065258 0.0003142219262209519 0.9999999272879057 0.00021607583051997715 -0.018652886152267456 0.0017684889416416398 -0.00021663120130871596 0.9999984127576333 0.9007795453071594
0.999998137752612 -0.0003536018102853581 -0.0018972235154781144 -0.004703572951257229 0.00035398649194790427 0.9999999168581571 0.00020242836339476826 -0.0199747271835804 0.0018971517787037056 -0.00020309957791976243 0.9999981797811884 0.9439542293548584
0.9999991441028458 -0.0003790251366487478 -0.001252251381219361 -0.003262115642428398 0.00037927838460248656 0.9999999076713773 0.00020200283194839137 -0.017845258116722107 0.001252174701449733 -0.00020247761093572747 0.9999991955303436 0.8489633798599243
0.9999990466617881 -0.0003643953376702336 -0.0013318752016548592 -0.003246619366109371 0.0003646601736715215 0.9999999137890999 0.00019860702514117045 -0.017624398693442345 0.0013318027153587093 -0.00019909251764384852 0.9999990933314373 0.856794536113739
0.9999997998610742 -0.00040143132863484536 -0.0004890099180323883 -0.0022303909063339233 0.0004015324777949703 0.9999998980101142 0.00020676419036325566 -0.017159318551421165 0.000488926866534671 -0.00020696050234574655 0.999999859058925 0.8242211937904358
0.9999995411958865 -0.0003921354834978838 -0.0008739781340194026 -0.002669236622750759 0.0003922970468900347 0.9999999059952024 0.00018469600209157085 -0.01737886294722557 0.0008739056260051849 -0.00018503877639330764 0.9999996010247243 0.845680832862854
0.9999989363598427 -0.00037332141047863695 -0.0014099327316674562 -0.0029781144112348557 0.00037356356363933094 0.999999915520962 0.0001714885794828562 -0.016628192737698555 0.001409868592199322 -0.00017201509657645 0.999998991340171 0.8066855669021606
0.9999986460106944 -0.0003676542517328273 -0.0016039972348572936 -0.003752809949219227 0.0003679655198032565 0.9999999135278704 0.00019376694307350216 -0.018276391550898552 0.0016039258569157705 -0.0001943568963914207 0.9999986948227696 0.8709789514541626
0.9999994699177635 -0.00039523257988896055 -0.0009507656913834794 -0.0030054673552513123 0.0003954253117859712 0.9999999013096269 0.00020253286006521304 -0.017881710082292557 0.0009506855499672626 -0.00020290870952609233 0.9999995275124087 0.8530000448226929
0.9999998943904184 -0.00044333352781262896 -0.0001211384951246499 -0.0016595646739006042 0.00044335684491506803 0.9999998831846014 0.00019252400210954695 -0.016494542360305786 0.0001210531286287645 -0.00019257768935816388 0.9999999741299864 0.8063614368438721
0.99999976528416 -0.00047325415101107256 0.0004954413522798091 -0.0007886150851845741 0.0004731661554232868 0.9999998722659932 0.00017771265221070228 -0.015832379460334778 -0.0004955253922454458 -0.0001774781844188319 0.9999998614780303 0.7873800992965698
0.9999999165615056 -0.0003788362297492611 -0.00015284008903500862 -0.0017878487706184387 0.0003788649639343999 0.999999910555564 0.0001880164961358778 -0.01714925840497017 0.00015276884790378628 -0.0001880743862028844 0.9999999706448517 0.8518511056900024
0.9999999032644497 -0.00039278595045652895 -0.000197965371068859 -0.0025504212826490402 0.0003928299583964646 0.9999998981311349 0.00022231136554209745 -0.01877870038151741 0.00019787803012133963 -0.0002223891107651661 0.9999999556936832 0.9064643979072571
0.9999995535456896 -0.000489077003815367 0.0008085246477060334 -0.0008535198867321014 0.0004889024261407744 0.9999998571365515 0.0002161048230952426 -0.016981931403279305 -0.0008086302240968034 -0.00021570943695245473 0.9999996497932385 0.8394268751144409
0.9999992720338002 -0.00047827899283971724 0.00110778205198431 0.00013870280236005783 0.00047807493400136674 0.9999998687089932 0.00018446233773765917 -0.015284878201782703 -0.001107870131003599 -0.00018393260062392184 0.9999993693960868 0.7560797929763794
0.9999994992399475 -0.0004541257225094395 0.0008917901560900823 0.00036520184949040413 0.00045400575492316034 0.9999998878643335 0.0001347222883250752 -0.014219049364328384 -0.0008918512369451224 -0.0001343173429984863 0.9999995932800285 0.7088569402694702
0.9999978824344995 -0.00022343856490346137 -0.0020457765578443194 -0.0038276948034763336 0.0002238091467598199 0.9999999585891259 0.00018091769465132166 -0.017569616436958313 0.002045736049136866 -0.00018137517505212541 0.9999978910313078 0.8368352055549622
0.999998175435628 -0.0003335107694304267 -0.0018809295526316543 -0.004523962736129761 0.00033390500219911265 0.9999999223537173 0.000209284517240979 -0.019528508186340332 0.0018808596079440913 -0.00020991218717431303 0.999998209150401 0.9276973605155945
0.9999970637930315 -0.0003207212728778039 -0.0024019873398284106 -0.005401815287768841 0.00032125364297287353 0.9999999239212023 0.00022125479979063562 -0.020554354414343834 0.0024019161959670824 -0.00022202579732404526 0.9999970907473346 0.9781122207641602
0.9999965376352968 -0.0002696329404723792 -0.002617635478088748 -0.005864505656063557 0.00027033538826376746 0.9999999275468726 0.00026800191749536345 -0.021452367305755615 0.002617563026287804 -0.000268708629078286 0.9999965380737458 1.0163427591323853
0.9999975298944691 -0.0003416006129983841 -0.0021962499814994355 -0.004871368408203125 0.0003420666033408463 0.9999999190648917 0.0002118033253292669 -0.01938503235578537 0.0021961774515999385 -0.0002125540659239605 0.9999975658097223 0.9152314066886902
0.9999989596400657 -0.000322495969128873 -0.0014059570180095053 -0.003383946605026722 0.0003227875795145261 0.9999999264405248 0.00020718861906226534 -0.018149688839912415 0.0014058900970935477 -0.00020764222897427196 0.9999989901783601 0.8797744512557983
0.9999974292053102 -0.00038124678843850303 -0.002235225638966503 -0.004836194217205048 0.00038171220629106987 0.9999999055581532 0.00020779671922491967 -0.019123198464512825 0.0022351462060358125 -0.00020864939793242558 0.9999974802902588 0.9119565486907959
0.9999979902580617 -0.0004107837509613497 -0.0019623293677278747 -0.004219641909003258 0.0004111829527922253 0.9999998948529777 0.00020303352662991722 -0.018142977729439735 0.001962245758521145 -0.00020383999496869715 0.9999980540185264 0.8735383749008179
0.9999995848884016 -0.0004608069880913632 0.0007860533977872088 2.9593706130981445e-05 0.0004606997133767681 0.9999998845415202 0.00013664816234818566 -0.015372883528470993 -0.0007861162754587984 -0.00013628597104888915 0.9999996817236171 0.7465604543685913
0.9999998097214053 -0.0003056323382251633 -0.0005358600817246687 -0.0015579769387841225 0.0003057406451405059 0.9999999328497032 0.0002020476360098417 -0.01600421778857708 0.0005357982934500786 -0.00020221143177159297 0.9999998360153495 0.784294843673706
0.9999975539095975 -0.0003480278441065865 -0.0021842736644360596 -0.005105963908135891 0.00034857169182470147 0.9999999083460204 0.00024860757478490297 -0.02050338312983513 0.0021841869418804047 -0.00024936834263492095 0.9999975835684967 0.986041247844696
0.9999968789289078 -0.00037771322493496877 -0.0024697095301075256 -0.0055470895022153854 0.0003782916141718669 0.9999999011328 0.0002337302821601589 -0.020489711314439774 0.0024696210029156204 -0.00023466382307601186 0.9999969229477619 0.9693784713745117
0.9999975868441386 -0.00037637898699619345 -0.002164404019073628 -0.005118931643664837 0.00037689622844303255 0.999999900515961 0.00023857347179532216 -0.020354151725769043 0.0021643140097083353 -0.0002393886517919661 0.9999976292161602 0.9712423086166382
0.9999996463432088 -0.00042533912846112363 -0.0007255343433906305 -0.002554861828684807 0.0004254744721454419 0.9999998921133798 0.000186399309715228 -0.017507964745163918 0.0007254549821952422 -0.00018670794013562371 0.9999997194275677 0.8365906476974487
0.9999999078029167 -0.000428859482197445 2.1764716054310786e-05 -0.0009797252714633942 0.00042885576344327595 0.9999998934926602 0.00017057960819577987 -0.015620363876223564 -2.1837868418653057e-05 -0.0001705702585449179 0.9999999852144472 0.7635177969932556
0.9999987202814793 -0.00037078183725932967 -0.0015562635486656073 -0.0032473718747496605 0.0003710812921021049 0.999999912691449 0.00019213476782542016 -0.01693892665207386 0.0015561921727082761 -0.00019271202223548954 0.9999987705632433 0.8017831444740295
0.9999996907792262 -0.00044690698562153855 -0.00064708237350168 -0.0018755150958895683 0.0004470366813933787 0.9999998800188772 0.00020030086511575075 -0.015873026102781296 0.000646992780008164 -0.00020059007273540058 0.9999997705819563 0.7870936989784241
0.9999987223484909 -0.00045455904260382313 -0.0015325395470074802 -0.0038804300129413605 0.00045491969237991623 0.9999998689143896 0.00023498782404301165 -0.01864265650510788 0.0015324325302732776 -0.0002356847062297483 0.9999987980509076 0.9044121503829956
0.9999983182353115 -0.00039198598660511897 -0.0017916119934478722 -0.0041783833876252174 0.0003923766379778752 0.999999899323999 0.00021769833679939236 -0.018989240750670433 0.0017915264783782087 -0.0002184009573725667 0.9999983713656234 0.9149183630943298
0.9999972296096042 -0.0003104543265392485 -0.0023333219296603593 -0.005393890663981438 0.00031098005130735917 0.9999999263439359 0.0002249522846097279 -0.02077368274331093 0.0023332519203870276 -0.00022567727797748147 0.9999972524988466 0.9890257120132446
0.9999992384775706 -0.0004272904292282579 -0.0011577854587329795 -0.003262168727815151 0.0004275133837427798 0.9999998901208949 0.0001923291591734144 -0.017944272607564926 0.0011577031511075728 -0.00019282398148955695 0.9999993112709261 0.8544208407402039
0.9999998246719055 -0.000482139285671616 -0.0003437991677822653 -0.0017524007707834244 0.00048222086212722123 0.9999998555910536 0.00023723598428915436 -0.016095012426376343 0.00034368473734658887 -0.00023740172982610782 0.9999999127606063 0.8033291101455688
0.9999998127508699 -0.0004680971283575714 -0.0003941868890046454 -0.002073102630674839 0.000468193640221923 0.9999998604384398 0.00024478115979199584 -0.017314311116933823 0.00039407225263333345 -0.0002449656697514275 0.9999998923494344 0.8459777235984802
0.9999998585004722 -0.0004618246963312898 -0.0002640397420971687 -0.001740393228828907 0.0004618808331066405 0.9999998707366651 0.00021258586296688895 -0.016643941402435303 0.00026394153056490203 -0.00021270778778214285 0.999999942545131 0.8248070478439331
0.9999976654005506 -0.0005599221096478718 0.002087026755926294 -6.167171522974968e-05 0.0005593029249440029 0.9999997994099742 0.00029725452039244495 -0.017584795132279396 -0.0020871927766677035 -0.00029608654625317934 0.9999977779770666 0.8623838424682617
0.9999318332319213 -0.0008657131209070548 0.01164385804798932 0.01098533533513546 0.0008631000327474747 0.9999996012075164 0.0002294409334470475 -0.015457812696695328 -0.011644052034532809 -0.00021937547893762286 0.999932181663645 0.8520976305007935
0.9998841787802946 -0.0009889212170852335 0.01518720052156661 0.016087539494037628 0.0009835596910473543 0.9999994513269154 0.00036049438596138465 -0.014707198366522789 -0.015187548689305372 -0.00034551511480903935 0.9998846028338046 0.8427979946136475
0.9999580905042862 -0.0007334590303902061 0.009125747797981764 0.008489486761391163 0.000730456128945661 0.9999996779763705 0.0003323868211744893 -0.015502736903727055 -0.009125988651390912 -0.0003257069326001838 0.9999583042537967 0.8228191137313843
0.9999351379399175 -0.0007310085121331373 0.011365981683661297 0.011740077286958694 0.0007283670590486394 0.9999997067656508 0.00023653760761407384 -0.014876209199428558 -0.011366151261769661 -0.00022824365864542796 0.9999353771671081 0.8097848892211914
0.9999874257915815 -0.0007469008606815782 0.0049588706204565704 0.002977184019982815 0.0007458409857338332 0.9999996986234209 0.00021557896770091133 -0.016811788082122803 -0.004959030142085628 -0.00021187772801435298 0.9999876814880663 0.8611401319503784
0.9999316098452844 -0.0007900126413674359 0.01166839801532735 0.012392634525895119 0.0007884323745234353 0.9999996793828378 0.00014003075334932102 -0.013910958543419838 -0.011668504900304022 -0.00013082143387032548 0.9999319121215922 0.7839359641075134
0.999946754280573 -0.0007724304002815178 0.010290381675339622 0.0104222958907485 0.0007697240553694288 0.9999996681297884 0.00026695541168508336 -0.014176281169056892 -0.010290584464743981 -0.0002590204431376915 0.9999470169862922 0.773900032043457
0.9997931111581575 -0.0010060190574843247 0.020315580384235532 0.022720977663993835 0.0010013440254908318 0.9999994697848785 0.00024029170717091098 -0.01266701240092516 -0.020315811350644378 -0.00021989910845577704 0.9997935884239043 0.7761043906211853
0.9999225747808959 -0.0007904049935973347 0.012418522596908713 0.012430358678102493 0.0007883279524612182 0.9999996744520488 0.00017214771476662842 -0.014527853578329086 -0.012418654620497514 -0.00016234451770067994 0.9999228723565006 0.8010059595108032
0.9992627517614779 -0.001094675222634371 0.03837648535543635 0.04103473946452141 0.001090323313526487 0.9999993965751698 0.00013432932818743226 -0.00894217286258936 -0.03837660924509943 -9.238751745260416e-05 0.9992633423314374 0.7205344438552856
0.9998657812622858 -0.0008848998837979008 0.016359596967977497 0.017567168921232224 0.0008819940688998966 0.9999995939610515 0.00018483558798568952 -0.014125512912869453 -0.016359753886334278 -0.0001703817120910365 0.9998661557542843 0.8299024105072021
0.9999990440704184 -0.000369508890077568 -0.0013324118842766258 -0.0042707109823822975 0.0003697904815198531 0.999999909346002 0.00021109947261968007 -0.020332753658294678 0.001332333760356338 -0.00021159198405571898 0.9999990900573776 0.9723333716392517
0.9999758735056583 -0.00044662434333917985 0.006932022308925545 0.005732926540076733 0.0004441251172752507 0.9999998358295747 0.00036206864486257117 -0.01763760671019554 -0.0069321828795632515 -0.00035898122419455335 0.9999759076962829 0.8927351236343384
0.9999403915086311 -0.000726553817000578 0.010894289748148177 0.010334007441997528 0.0007229988667353157 0.999999684104392 0.0003302480202916905 -0.017106719315052032 -0.010894526249649594 -0.000322351775563626 0.9999406009294395 0.9365905523300171
0.9999999065012752 -0.00042588913105285193 7.493923456436004e-05 -0.0019147368147969246 0.0004258732711467153 0.9999998869444069 0.0002115257206489059 -0.017980271950364113 -7.502931259742291e-05 -0.0002114937862545596 0.9999999748204901 0.8555827140808105
0.999995293154521 -0.0003229123446857025 0.003051130351431708 0.0004318077117204666 0.00032159539778081923 0.9999998549301047 0.00043210666474760497 -0.021537475287914276 -0.003051269441380815 -0.00043112340140925376 0.9999952519324324 1.0462124347686768
0.9999603279803259 -0.000439637241647568 0.008896582747026434 0.0056762611493468285 0.0004353276644821356 0.9999997869821499 0.0004863388522934304 -0.026439432054758072 -0.008896794664567033 -0.00048244662965977883 0.9999603063571804 1.255537509918213
0.99998695384919 -0.00041505807338122915 0.005091154899791994 0.001531907357275486 0.00041321027375377037 0.9999998483844041 0.0003639896130060817 -0.024859145283699036 -0.005091305204721016 -0.0003618811468328313 0.9999869737418322 1.1900854110717773
0.9999005170171934 -0.00048668153757810864 0.014096780122799817 0.012159105390310287 0.0004750998813684668 0.999999546894371 0.0008249188781783736 -0.02564600296318531 -0.0140971752082574 -0.0008181394342237792 0.9999002951789814 1.2364661693572998
0.9999752149703243 -0.0005187262410236615 0.007021422088196182 0.004286165814846754 0.0005175097745667816 0.999999850767672 0.00017506646457586956 -0.022529810667037964 -0.007021511851942117 -0.0001714284709863492 0.9999753341875951 1.061939001083374
0.9999975506126828 -0.000338544287053223 0.0021872714510328727 0.0003394242376089096 0.0003375909715642726 0.9999998478803234 0.00043620140531552734 -0.019466519355773926 -0.0021874187917996207 -0.00043546193379510845 0.9999975127828736 0.9333227872848511
0.9999991925125262 -0.00030564298139160395 -0.0012335139494127592 -0.0025121262297034264 0.00030588446752248516 0.9999999340902092 0.00019558698787724198 -0.016195004805922508 0.0012334540883220165 -0.00019596414270079692 0.9999992200942293 0.7696409821510315
0.9999997728153914 -0.000317084177828813 -0.0005948334134105944 -0.0031605269759893417 0.0003172062812848178 0.9999999286385648 0.00020519025402785537 -0.01984642632305622 0.0005947683083794313 -0.00020537889230683976 0.9999998020350653 0.9190952181816101
0.9999997458060886 -0.00022518740596663424 -0.000676519319937323 -0.0028865421190857887 0.0002254408207910267 0.9999999044506052 0.00037453333225181837 -0.019461702555418015 0.0006764349151067735 -0.00037468575211849333 0.9999997010231517 0.9310877323150635
0.999982178974199 -0.00029850708324305 0.00596260241286019 0.004393677692860365 0.0002942494592203834 0.9999997011538884 0.0007149191488931187 -0.02105330117046833 -0.005962814039389535 -0.0007131519157649906 0.9999819679689611 1.0050634145736694
0.9999926221563573 -0.0002975269812488291 -0.003829766382958623 -0.006870929151773453 0.0002984127211322289 0.9999999288617305 0.00023070843445922536 -0.018149778246879578 0.0038296974685316167 -0.00023184958333610832 0.9999926398044489 0.8357518911361694
0.9999956062455188 -0.0002326333423702553 -0.002955227806020763 -0.0050330860540270805 0.00023328057694057652 0.9999999488816658 0.00021867061593468457 -0.015303971245884895 0.002955176784878177 -0.00021935905239726526 0.9999956093962494 0.6823387145996094
0.9999873334339668 -0.00039488681584140154 0.005017672371434149 0.004266779404133558 0.0003932168041513255 0.9999998669763274 0.0003338081372016545 -0.016173040494322777 -0.005017803520397344 -0.0003318308759046685 0.9999873556881109 0.791741132736206
0.9999281635895898 -0.0005664275551328053 0.011972753241213543 0.011762415990233421 0.0005583129168816213 0.9999996122012873 0.0006810902741293898 -0.01819341816008091 -0.01197313438649405 -0.0006743568042637254 0.9999280920625558 0.901263952255249
0.9999246376703675 -0.0005810033573693645 0.0122630100253985 0.012338283471763134 0.000576888214025439 0.9999997761027383 0.000339108333924415 -0.016402898356318474 -0.012263204302824654 -0.0003320083919782444 0.9999247489639683 0.8385801315307617
0.9999925442156187 -0.0004646954633749806 0.0038334803117461604 0.0031837192364037037 0.0004638889875990565 0.9999998700873844 0.00021126339423417092 -0.014802682213485241 -0.003833577986869584 -0.00020948350979905898 0.9999926298710796 0.7240697145462036
