0.9999383002199778 -0.00031709469466115696 0.01110383736085061 0.01225065067410469 0.00032472417414587635 0.9999997124543587 -0.0006853068003889718 -0.01651499792933464 -0.011103616860839957 0.0006888702015269924 0.9999381156603908 0.7006287574768066
0.9997766580587056 -0.00044431247816147313 0.021129046059584693 0.023701073601841927 0.000461414682699155 0.9999995698990058 -0.000804548503420645 -0.015579823404550552 -0.021128679501021614 0.0008141180660793444 0.999776433066072 0.6330071091651917
0.9999846849938256 -0.00015267876219075523 0.005532311180269271 0.004914485849440098 0.00015584684764801673 0.999999824135269 -0.0005722247736040917 -0.017953868955373764 -0.005532222840760724 0.0005730782032358035 0.9999845329262916 0.8151443600654602
0.9999980101680436 -7.236768980238671e-05 0.001993595463104802 -0.0009618869516998529 7.359818763904347e-05 0.9999998068490238 -0.0006171589920278152 -0.02015002816915512 -0.0019935504156693984 0.0006173044889981006 0.9999978223435827 0.9767167568206787
0.9999998273443899 -0.00022544275979552 0.0005426663360831059 -0.0020220133010298014 0.00022579016597449336 0.9999997695764532 -0.0006402076547855522 -0.020023761317133904 -0.0005425218808594671 0.000640330072972202 0.9999996478236411 0.9160890579223633
0.9999995134601093 -0.00019405280738305964 0.0009671727106314114 -0.0010218541137874126 0.00019460636609300712 0.9999998173084863 -0.0005722860786954493 -0.019170308485627174 -0.0009670614802169679 0.0005724740182220437 0.9999993685325964 0.8515667915344238
0.999991717525209 -0.00016781671960932555 0.004066536429322445 0.003047511912882328 0.00017013406373656174 0.9999998233519558 -0.0005695177409300549 -0.018206708133220673 -0.004066440136377697 0.0005702048802817761 0.9999915694299685 0.8190675973892212
0.999993244294451 -0.0002752001576526392 0.003665464545110127 0.0031387615017592907 0.0002773028647934686 0.9999997972966154 -0.0005731577873623268 -0.01796858385205269 -0.003665306068994616 0.0005741703590962402 0.999993117906228 0.7677820324897766
0.9999934579206383 -0.00012590682404505546 0.0036150053106883255 0.002040071180090308 0.00012800371786662185 0.9999998237076856 -0.0005798272553828712 -0.018788157030940056 -0.003614931669182452 0.0005802861962268261 0.9999932977460187 0.8676030039787292
0.9999993419989578 -0.00022931507025657403 0.0011240179048301552 -0.0005248952656984329 0.0002299752356128656 0.9999998011347806 -0.0005872323139179493 -0.018900133669376373 -0.0011238830200827647 0.000587490423800971 0.9999991958706564 0.8267966508865356
0.999999353239253 -0.00015575023765273453 -0.001126615701418932 -0.0033159966114908457 0.0001551875236465654 0.9999998631867671 -0.0004995430704236797 -0.018416574224829674 0.0011266933512349322 0.0004993679106380259 0.9999992405966025 0.7738050222396851
0.9999984834906237 -0.00023474683029207696 0.0017256623014720333 0.0003920618910342455 0.00023572497432076497 0.9999998116759227 -0.0005666408527324987 -0.018527192994952202 -0.0017255289593441792 0.0005670467751180332 0.9999983505025224 0.8026227951049805
0.9999575183775161 -0.0003220901363457727 0.009211823827202046 0.010205249302089214 0.00032820223896757727 0.9999997270181268 -0.0006620022372715514 -0.016845446079969406 -0.00921160808815026 0.0006649974555474867 0.9999573511179436 0.7336021065711975
0.9998388975097875 -0.00039566420961202234 0.01794498471011371 0.020206138491630554 0.00040993321083657093 0.9999996027560971 -0.0007914811501985913 -0.0160058680921793 -0.017944664420814226 0.0007987098858149681 0.9998386625257812 0.6824609041213989
0.9999755895874218 -0.0001312015797488265 0.006985915504334331 0.006518734619021416 0.0001358795958087654 0.9999997668774784 -0.0006691649456806295 -0.017962098121643066 -0.006985826080262106 0.0006700978544633057 0.9999753742982084 0.8332515954971313
0.9999913006107602 -0.00010525541146288486 0.004169847011437817 0.002174980705603957 0.00010796517953475523 0.9999997831631108 -0.0006496285490990271 -0.01933000236749649 -0.004169777730340928 0.0006500730960086396 0.9999910951396765 0.9258651733398438
0.9999963189090815 -8.684865358450965e-05 0.002711941296912346 5.9840502217411995e-05 8.854605885104059e-05 0.9999998002753104 -0.0006257866526058012 -0.019864212721586227 -0.002711886406542503 0.0006260244807419145 0.9999961268752331 0.9569183588027954
0.9999689958451522 -0.0001841574010246975 0.00787232078170588 0.00787081103771925 0.00018976782273611608 0.9999997285676577 -0.0007119359414006971 -0.01772596873342991 -0.007872187536630746 0.0007134077816031527 0.9999687593683744 0.8137475252151489
0.9999936130311066 -8.64355354020936e-05 0.0035730135587749407 0.001507330103777349 8.855914100228795e-05 0.9999998195466394 -0.0005941918602811895 -0.019265204668045044 -0.0035729615547210624 0.0005945044882078159 0.9999934402335555 0.9146361947059631
0.9999960144259302 -0.00015983195355527262 0.0028187915852771824 0.0007165280403569341 0.00016163972241839107 0.999999781424328 -0.0006411114538754057 -0.01942352019250393 -0.002818688499061798 0.0006415645273676187 0.9999958216863221 0.9053140878677368
0.9999940279354159 -8.695479564234492e-05 0.0034549287064196362 0.0012929695658385754 8.896493162214007e-05 0.9999998268740676 -0.0005816674960249567 -0.01932930387556553 -0.0034548775295036335 0.0005819713897652298 0.9999938625464447 0.9242933988571167
0.9999979158592475 -7.795655393001722e-05 0.0020401470380931167 -0.0009989738464355469 7.92073186519841e-05 0.9999998089772599 -0.0006130021566531948 -0.020226359367370605 -0.0020400988608429553 0.0006131624736469619 0.9999977310116352 0.9864070415496826
0.999996766793284 -6.436323097475726e-05 0.0025420976284964113 -0.0006964327767491341 6.593303453273204e-05 0.9999998072078855 -0.0006174439462801087 -0.02050130069255829 -0.002542057397712706 0.00061760955816692 0.999996578245456 1.0211374759674072
0.9999877560510719 -0.000288872762817425 0.004940070897158458 0.0039548128843307495 0.0002921341719220067 0.9999997398679166 -0.0006594859550797289 -0.0189057607203722 -0.00493987910455764 0.0006609210438881534 0.9999875803117788 0.8594302535057068
0.9999354910811762 -0.00028942927234372115 0.01135473059754799 0.012549344450235367 0.00029749592840084887 0.9999997045919328 -0.0007087398813241635 -0.016633596271276474 -0.01135452211320084 0.0007120721474015513 0.9999352817961957 0.7428159713745117
0.9999956818725422 -8.422589872925066e-05 0.0029375401729830916 0.0007352880202233791 8.587533340799553e-05 0.999999838738731 -0.0005613803874587968 -0.01931103877723217 -0.0029374924165039723 0.0005616302255884856 0.9999955278448964 0.9191786050796509
0.9999972221141836 -4.965733536360511e-05 0.002356543669248714 -0.0010491712018847466 5.12284779879686e-05 0.9999997764705804 -0.0006666591575946953 -0.020739825442433357 -0.0023565100379745138 0.0006667780278371649 0.9999970011292546 1.0345203876495361
0.9999845891223239 -0.00016982931385592392 0.005549114871888987 0.0044431076385080814 0.00017372640625687804 0.9999997386364435 -0.0007018163439867534 -0.01872384548187256 -0.005548994232564436 0.0007027695561655249 0.9999843572666315 0.8720366954803467
0.9998851948968316 -0.000258214843902538 0.015150259113945531 0.0164848193526268 0.00027096623032765884 0.9999996108122445 -0.00083961459124086 -0.016676146537065506 -0.015150036416699575 0.000843623407801684 0.9998848757212596 0.7964012622833252
0.9995778401673487 -0.00048107537498199806 0.02905012930886735 0.03274044767022133 0.0005125337352853704 0.9999992903443222 -0.0010754627014961668 -0.015495491214096546 -0.02904959131465574 0.0010898978556272772 0.9995773773786178 0.7323189973831177
0.9990039732248985 -0.0006332527277298772 0.04461681826228027 0.050141751766204834 0.0006944076602970165 0.9999988406358881 -0.0013551844454639528 -0.014182737097144127 -0.04461590836089571 0.0013848169058504767 0.9990032547510892 0.6412660479545593
0.9994493884811478 -0.000537873284823766 0.03317575254594333 0.0371972993016243 0.0005748905773264846 0.9999992228391436 -0.0011062648569011408 -0.015024940483272076 -0.033175131732734585 0.0011247281622624073 0.9994489209664881 0.6731550693511963
0.999790812295321 -0.00042485047455388593 0.02044874450758981 0.022899547591805458 0.0004416632093278734 0.9999995681664877 -0.0008176799176816765 -0.015762651339173317 -0.020448388285435583 0.0008265403272224824 0.9997905681929669 0.6656601428985596
0.9998238403494127 -0.00033325165875630375 0.018766385168280084 0.02097720466554165 0.0003483519883111484 0.9999996182167711 -0.0008013845546353033 -0.01585077866911888 -0.018766110940856822 0.0008077806905989559 0.9998235747223164 0.6722861528396606
0.9994322884149074 -0.0005144524785983912 0.033687330146352605 0.03763831406831741 0.0005519422379451131 0.9999992387304949 -0.0011035842502035583 -0.014888526871800423 -0.03368673675956258 0.0011215511930309655 0.9994318115256358 0.6525624990463257
0.9994445190674436 -0.0005258124446366188 0.03332231725615314 0.03725305572152138 0.000562833253031123 0.9999992348245546 -0.0011016210940801143 -0.01500432938337326 -0.03332171251265364 0.0011197640727872665 0.9994440502617671 0.6696175932884216
0.9994410234766553 -0.0005437933108203902 0.03342670909273765 0.03746494650840759 0.0005809673264664485 0.9999992235924435 -0.001102402592272387 -0.014904490672051907 -0.03342608366083262 0.0011212062009182122 0.9994405634292385 0.6454854011535645
0.9993951683227298 -0.0005395379736468421 0.03477076979242059 0.03881214186549187 0.0005790583320411135 0.9999991978026058 -0.0011265369913254172 -0.014920040033757687 -0.03477013408991413 0.0011459899300272315 0.9993946790344891 0.663101077079773
0.9997173506489366 -0.00037045040913559116 0.023771444591472433 0.02585632912814617 0.00039168896576129267 0.9999995283085122 -0.0008887983500840441 -0.01587468944489956 -0.023771104122971943 0.0008978581443538523 0.9997170241921097 0.7130528688430786
0.999698496081111 -0.000576684730999846 0.02454759393272006 0.028042180463671684 0.0005973204405920779 0.9999994743957047 -0.0008333166298333818 -0.015323796309530735 -0.02454710046942274 0.0008477281612271795 0.9996983151008652 0.567049503326416
0.9996289517278103 -0.0005976284911920906 0.027232365078072703 0.031671855598688126 0.0006202484006346335 0.9999994696504584 -0.0008221865501936806 -0.015285584144294262 -0.0272318592732929 0.0008387723101799866 0.9996287922531698 0.5005967020988464
0.9997099341552618 0.00014679338302373994 -0.024083729009126364 -0.030475644394755363 -0.00015684794575655277 0.9999999013396915 -0.00041559515056074095 -0.02117936685681343 0.02408366562640011 0.0004192520840235634 0.9997098585478118 0.5659313201904297
0.9990478461657739 0.00022872915145762373 -0.04362738537322109 -0.05737347528338432 -0.00023917115084884046 0.9999999439911982 -0.00023412552428629145 -0.02480284869670868 0.043627329378371 0.00024433701273889123 0.9990478449157154 0.6060450077056885
0.9986473040831771 0.0006903676733490923 -0.05199120540897324 -0.06760360300540924 -0.0007113978410258407 0.9999996724623366 -0.0003859900666951498 -0.026386719197034836 0.051990921904831025 0.0004224543707882716 0.9986474681146448 0.6169632077217102
0.9991359177340249 0.0004161728818430445 -0.04156013346851034 -0.05704183876514435 -0.00043086938998475 0.999999847779277 -0.00034466359218645134 -0.02623012289404869 0.04155998370255634 0.00036227276384397756 0.9991359449609888 0.8127472400665283
0.9999551563922363 -0.00017706993681186294 -0.009468571741067227 -0.013707645237445831 0.00017275704229236414 0.9999998809672909 -0.000456311744746891 -0.01944521814584732 0.00946865141308929 0.0004546555196332718 0.9999550679549436 0.7040868401527405
0.9999992095175899 -0.00010813461280159498 -0.0012527055122973447 -0.002891233889386058 0.0001078150118508465 0.999999961626156 -0.00025519327881926083 -0.018251381814479828 0.0012527330594526139 0.0002550580166338088 0.9999991828023109 0.7353993058204651
0.9999999434101565 -0.0002613876105629088 -0.00021179282629677426 -0.0021189663093537092 0.0002613128528066738 0.9999999035791686 -0.0003529266877669911 -0.01893063262104988 0.00021188505653915311 0.0003528713236072814 0.9999999152932725 0.8140966892242432
0.9999502419151067 -0.0002542232462784374 0.009972415176902874 0.010332542471587658 0.0002603568252405886 0.9999997777557872 -0.000613761109641697 -0.01709054969251156 -0.009972256928249582 0.0006163269564197387 0.9999500858707098 0.7812381386756897
0.9999993674769909 -0.00032228109823188427 0.0010775808609853035 -0.000623390544205904 0.0003224495764187069 0.9999999358172783 -0.00015617845585200668 -0.018900232389569283 -0.0010775304584589587 0.00015652582255772145 0.9999994072137134 0.8258119821548462
0.9999974436133154 -0.00043438932039384636 -0.002219025180614462 -0.004741529934108257 0.00043379179617761954 0.999999869530475 -0.00026974749383616085 -0.02006770297884941 0.0022191420665298263 0.0002687842093383973 0.9999975015786475 0.8670897483825684
0.9999974137339476 -0.0003275191247276772 -0.002250612503101028 -0.004796645604074001 0.0003275189692840519 0.9999999463655652 -4.3762687385829586e-07 -0.0199795700609684 0.002250612525721869 -2.9949254523468034e-07 0.9999974673683776 0.8702367544174194
0.9999967452794487 -0.00032819750365024305 -0.002530161439146537 -0.005095701664686203 0.00032812626395548885 0.9999999457584182 -2.8571240940874645e-05 -0.020305205136537552 0.002530170678916531 2.7740935529238183e-05 0.9999967987282641 0.8864129185676575
0.9999965234224035 -0.0002996157067845417 -0.0026198041023075772 -0.005188792012631893 0.0002995951246691936 0.9999999550873583 -8.248794058525005e-06 -0.02032930962741375 0.0026198064561135164 7.463884844312679e-06 0.9999965682733231 0.8880341053009033
0.9999968018371144 -0.00032122820294120167 -0.002508610767741574 -0.005085598677396774 0.00032121323641496816 0.9999999483907449 -6.368959402460825e-06 -0.020260276272892952 0.002508612684163425 5.563140049879537e-06 0.9999968534107753 0.8863804936408997
0.9999982402118072 -0.0004160184758744831 -0.0018293446685090091 -0.004067167639732361 0.00041560499408930526 0.9999998880073945 -0.00022640160603729851 -0.02007843181490898 0.0018294386508870128 0.0002256409228382824 0.9999983011187551 0.8686478734016418
0.9999973830993507 -0.00033126290813962413 -0.002263638517137038 -0.004626017063856125 0.0003309797786634747 0.9999999373572616 -0.00012545062472722648 -0.01979614980518818 0.0022636799324752977 0.00012470107786002904 0.9999974300981002 0.8506191372871399
0.9999956084580188 -0.00038932824111305176 -0.002937939447567557 -0.005567564629018307 0.0003886444255031954 0.9999998972584542 -0.00023332079173685744 -0.020199917256832123 0.002938029984092578 0.00023217795331004234 0.9999956570271747 0.870097279548645
0.9999934264715838 -0.0003166907284041682 -0.0036120244466609844 -0.0065931230783462524 0.0003168000434800562 0.9999999493780543 2.9692106153926144e-05 -0.020423131063580513 0.0036120148605985536 -3.083620047377584e-05 0.9999934761776075 0.8905777931213379
0.9999965976689125 -0.00027523933367641434 -0.002594011161844072 -0.005047274753451347 0.0002751141713830586 0.9999999609747661 -4.86071854388752e-05 -0.020137567073106766 0.0025940244392215124 4.7893370829787976e-05 0.9999966343660529 0.8706448078155518
0.9999977039292071 -0.0002557423942022276 -0.0021276118399180186 -0.004423700273036957 0.00025565471787970806 0.9999999664600092 -4.148066136736659e-05 -0.019926657900214195 0.0021276223769215886 4.09366321201398e-05 0.9999977357710431 0.8621242046356201
0.9999981374096916 -0.00034373534133917943 -0.001899216460347619 -0.004141702316701412 0.0003434700854588505 0.9999999312154987 -0.00013999035195213602 -0.019968727603554726 0.001899264449342374 0.0001393377671675227 0.9999981866881252 0.8632724285125732
0.9999886039957679 -9.34445386884485e-05 -0.004773169461989464 -0.007687335833907127 9.257032454812189e-05 0.9999999789026653 -0.00018337230799708693 -0.019026365131139755 0.0047731864964290415 0.00018292836443926946 0.9999885915488652 0.7489340901374817
0.9999204314451023 -0.0002180609088951878 -0.012612819989201142 -0.019152099266648293 0.00020982086530595953 0.9999997637195948 -0.0006546265796084723 -0.021874532103538513 0.012612959757505864 0.0006519280591134528 0.9999202409372264 0.8785819411277771
0.9995804923917295 0.00011542817428104783 -0.02896249136805334 -0.04131101444363594 -0.00013113897657510395 0.9999998453016644 -0.0005405545452991458 -0.02359132282435894 0.028962424492379863 0.0005441258900317793 0.9995803528954235 0.8111221194267273
0.9997347221078635 -0.0001612119547610884 -0.02303170472672536 -0.033285584300756454 0.00014729664565843085 0.9999998056090937 -0.0006058757905143849 -0.02192111499607563 0.02303179792399193 0.0006023225722117385 0.9997345515145047 0.7718901634216309
0.9996192379376627 0.00023910083702334255 -0.02759206363642053 -0.03388532996177673 -0.00024871517405118936 0.999999909552933 -0.0003450143300859996 -0.021573465317487717 0.027591978647584194 0.0003517455266279039 0.9996192069930409 0.4310484528541565
0.9998642403691294 -0.00010305394938230676 -0.0164769600032237 -0.020211460068821907 9.76068118748433e-05 0.9999999403251253 -0.00033139501591399116 -0.020368114113807678 0.016476993171528367 0.00032974176231365424 0.9998641907611233 0.4494057297706604
0.9999290376642669 -0.000104199887209347 -0.011912547091054666 -0.014000114053487778 9.973497427221082e-05 0.9999999245634962 -0.0003754010346576284 -0.01991927996277809 0.011912585309159233 0.0003741862977457297 0.9999289726254893 0.4133549928665161
0.9999691588996833 -7.690106240374939e-05 -0.007853364609264677 -0.0090100122615695 7.312997410571887e-05 0.9999998818985403 -0.00048047363295967527 -0.019409751519560814 0.007853400630703685 0.00047988449827364346 0.9999690464256389 0.4102936089038849
0.9999902654512094 -0.0002278012703120044 -0.004406484925770486 -0.004788115620613098 0.00022589663454639552 0.9999998808587622 -0.00043272759558136894 -0.018936948850750923 0.0044065829766723906 0.00043172797305856577 0.9999901977706717 0.4372483193874359
0.9999968122164725 -0.00020986022389771975 -0.002516250301377119 -0.002220965689048171 0.00020861868749981686 0.9999998563891768 -0.0004936596690079197 -0.018879804760217667 0.002516353539545009 0.0004931331584924645 0.9999967123868717 0.41010338068008423
0.9999999009336454 -0.0002455264390030834 0.00037128084598991683 0.0015930410008877516 0.0002457224196262648 0.9999998304728107 -0.0005278966202567493 -0.0186748169362545 -0.00037115117047038527 0.0005279877999877932 0.9999997917378239 0.4046074450016022
0.9999926901041551 -0.00038615821649285077 0.0038040268251891963 0.005953606218099594 0.00038821920904576543 0.99999977826516 -0.0005410688279148864 -0.018655724823474884 -0.003803817043530329 0.0005425416690433733 0.9999926182849734 0.36874154210090637
0.9999909387423779 -0.00021568439882350282 0.004251577751621226 0.0064679887145757675 0.00021835190664883894 0.9999997796206526 -0.0006269617940841685 -0.018133459612727165 -0.004251441588783653 0.0006278844531301653 0.999990765460127 0.39812663197517395
0.9999883058402782 -0.0003000495898945708 0.004826816024406989 0.006431705318391323 0.0003028880003782439 0.9999997816511262 -0.0005873300254606749 -0.01743954047560692 -0.004826638742343874 0.0005887851417833742 0.9999881783753783 0.4903682470321655
0.9999614057414503 -0.00039593262775010156 0.008776688722799807 0.011211502365767956 0.00040136852842780155 0.9999997287343003 -0.0006176039427945295 -0.017121627926826477 -0.00877644181243322 0.0006211027934654189 0.9999612934011161 0.4754868745803833
0.9998984953014931 -0.00039015655107394235 0.014242432084275019 0.017638998106122017 0.0004002948220513743 0.99999966854724 -0.0007089918653584646 -0.016648732125759125 -0.014242150745760669 0.0007146210711696815 0.9998983200600245 0.4493981599807739
0.9999316448157712 -0.0003898060100139194 0.011685621391299333 0.014479657635092735 0.0003973938892756428 0.9999997117217355 -0.00064701973892806 -0.016874967142939568 -0.011685365810405846 0.000651619306307897 0.9999315114637385 0.4757978320121765
0.9999271483476392 -0.0004116584940041916 0.012063520822824494 0.014560398645699024 0.0004194991644310555 0.9999997024302538 -0.0006474255593696593 -0.016582496464252472 -0.012063250714854912 0.00065243903025315 0.9999270234899658 0.5161679983139038
0.9999646653855979 -0.0003408652290409063 0.008399511364662752 0.010905709117650986 0.0003461590859006319 0.9999997423846648 -0.000628811968304997 -0.01732194423675537 -0.008399294860684215 0.0006316973166525691 0.9999645257729615 0.45846372842788696
0.9999950133488913 -0.00026738987909754767 0.003146709392940625 0.0045035723596811295 0.00026918291308207254 0.9999998016605658 -0.000569402659562362 -0.01771942339837551 -0.0031465565163157658 0.0005702468605509728 0.9999948869872326 0.47889482975006104
0.9999991622823575 -0.0002735546928411156 0.0012651491662987256 0.002301979809999466 0.0002742308514880026 0.9999998196566353 -0.0005343071557450343 -0.018103230744600296 -0.0012650027759075956 0.0005346536510796369 0.9999990569562803 0.46948814392089844
0.9999957358257255 -0.0002950472099954333 0.0029053876693764355 0.004136769101023674 0.00029663852225840195 0.9999998062367965 -0.0005472951271411881 -0.017622239887714386 -0.0029052256285189066 0.0005481546432842181 0.9999956295857169 0.5038478374481201
0.9999938323889394 -0.00028651178100414285 0.003500442126556588 0.004775772336870432 0.0002884986882122673 0.9999997975692362 -0.0005671243195714853 -0.017379367724061012 -0.0035002789301605626 0.0005681306947309337 0.9999937126176969 0.5171521902084351
0.9999972722002384 -0.00019034020356430582 0.0023279524670868587 0.0031437380239367485 0.0001916809457137334 0.9999998159010638 -0.0005757223751633166 -0.017186202108860016 -0.0023278424553992015 0.0005761670288384268 0.9999971245863948 0.5566498637199402
0.9999995718674116 -0.0002279523025983923 0.0008968292712147088 0.00039198785088956356 0.0002284619887324829 0.999999812443542 -0.0005682587448380461 -0.017494626343250275 -0.0008966995671192294 0.0005684633929468139 0.99999943638947 0.6600945591926575
0.9999929706186855 -0.00023712715333801173 -0.0037419893011439802 -0.004797674715518951 0.0002355017885315357 0.9999998777469125 -0.00043479313217807263 -0.017885465174913406 0.003742091944931959 0.0004339088306782684 0.999992904210326 0.5748425126075745
0.9999688072012739 -0.00014623514770564073 -0.007897039935536568 -0.009595062583684921 0.00014307681806795448 0.9999999095636283 -0.00040050188487283423 -0.01870839297771454 0.00789709778880922 0.0003993595087520178 0.9999687376905826 0.5132033824920654
0.9999844001831127 -8.676031702841295e-05 -0.005584967597718061 -0.006593331694602966 8.412855189807487e-05 0.999999885325715 -0.0004714561947040105 -0.01834455132484436 0.005585007860954813 0.0004709789848373091 0.9999842928096365 0.5163019895553589
0.9999967259658077 -0.00017583626372823583 -0.0025528688320583946 -0.003427916904911399 0.00017452512301239858 0.9999998527707872 -0.0005138087050736052 -0.01765429601073265 0.0025529588024044976 0.0005133614830993869 0.9999966094249225 0.6032196283340454
0.999997733607975 -0.00012664435105742022 0.0021252623654267476 0.0014196098782122135 0.0001278750774355465 0.9999998242220153 -0.0005789679638505766 -0.017430461943149567 -0.0021251886688303467 0.0005792384197717504 0.9999975740250449 0.7010883688926697
0.999999083038983 -0.00024107473243876223 0.001332593023614873 0.00024894881062209606 0.0002418052467186036 0.9999998205823215 -0.0005480561536665648 -0.017487356439232826 -0.0013324606620335197 0.0005483778791052875 0.9999989619146041 0.7059932351112366
0.9999846890891256 -0.00013419620815190625 -0.005532050135499636 -0.007679399102926254 0.000131495749475508 0.9999998720340324 -0.0004885087367898822 -0.01804557628929615 0.0055321149836056165 0.00048777381619744843 0.9999845787713486 0.6332446336746216
0.9999833485782568 -0.00016044289660068005 -0.005768606789613475 -0.007927581667900085 0.00015769023676846133 0.9999998735012108 -0.0004776309780699047 -0.01809508726000786 0.00576868269238933 0.00047671337186457296 0.9999832473818525 0.6246605515480042
0.9999731023695461 -0.00017789609683781395 -0.007332318214842547 -0.010024955496191978 0.00017476474252721706 0.9999998932647827 -0.00042770048822090477 -0.01823330670595169 0.007332393518473441 0.0004264075533862831 0.9999730267271654 0.6163862943649292
0.9999751977184033 -7.253954646224022e-05 -0.007042633460204934 -0.009645966812968254 6.89938260830323e-05 0.9999998707596587 -0.0005037067779432467 -0.018217850476503372 0.007042669088673803 0.000503208386637778 0.9999750734860482 0.6346017122268677
0.9999860453380565 -0.00018334824970852464 -0.005279726562437236 -0.007748777978122234 0.00018082855572422305 0.9999998695457027 -0.00047771289616466394 -0.01817542500793934 0.005279813461497591 0.00047675150451378744 0.9999859480401787 0.6604489088058472
0.9999813714679192 -0.00016051458959755508 -0.006101717152198234 -0.009092649444937706 0.00015746031292736187 0.9999998620839354 -0.0005010372835853483 -0.018471609801054 0.006101796734467366 0.0005000671717040582 0.9999812588291016 0.6921164989471436
0.9999888085758172 -0.0001149332031900009 -0.004729642003014973 -0.008207149803638458 0.00011243315649729775 0.9999998538363191 -0.000528853595937113 -0.018759844824671745 0.004729702094550887 0.0005283159087326892 0.9999886753360747 0.7610631585121155
0.9999980539337264 -0.00016608375529147975 -0.001965844588598313 -0.004320139065384865 0.00016505369992177965 0.9999998490242643 -0.0005241266306083616 -0.018359282985329628 0.0019659313407225393 0.0005238011407003833 0.9999979303710227 0.7609779834747314
0.9999999384185329 -0.0001744441622136802 0.00030451956384624167 -0.0013406556099653244 0.0001746015204375304 0.9999998512199015 -0.0005167924959051244 -0.018242908641695976 -0.00030442936710580446 0.0005168456336591348 0.9999998200966596 0.7715312242507935
0.9999999068725623 -0.00020745717985774608 0.00037843940787870564 -0.0012696413323283195 0.00020765692589504208 0.9999998391253161 -0.000527852198233097 -0.018401727080345154 -0.00037832984026895837 0.000527930734639652 0.9999997890778135 0.7849736213684082
0.9999995689084887 -0.00015830355099873415 -0.0009149441634765316 -0.0028536466415971518 0.0001578597311114351 0.9999998698643331 -0.000485130520603943 -0.01822591945528984 0.0009150208422937722 0.0004849858786286654 0.999999463762634 0.7535225749015808
0.9999993214873232 -0.0001529421874696875 -0.001154830541673167 -0.003188673174008727 0.00015235556026298093 0.9999998593376188 -0.0005080477589580078 -0.018173731863498688 0.0011549080811675474 0.0005078714693869778 0.9999992041266303 0.7520949840545654
0.999993442197222 -0.00014193644850796526 -0.003618758985591987 -0.006603723391890526 0.00014004460541270318 0.9999998534104945 -0.0005230358477330561 -0.01854485459625721 0.003618832692970566 0.0005225256300929 0.9999933154861117 0.755057692527771
0.9999982883355524 -0.00010730936508868996 -0.0018471087313688156 -0.004408830776810646 0.00010640552087567012 0.9999998745727103 -0.0004894205028061455 -0.0188012532889843 0.0018471610190943916 0.0004892231225157956 0.9999981743267864 0.7958600521087646
0.9999997987670205 -0.00016492204986043896 -0.0006125901043416647 -0.002680994337424636 0.00016461737977772924 0.9999998627648227 -0.0004973645083218847 -0.01864442601799965 0.0006126720466469934 0.0004972635652578884 0.9999996886809065 0.795405387878418
0.9999999034204957 -0.0002047960478292875 0.0003888670442581481 -0.0013094274327158928 0.00020500003349710417 0.999999841386653 -0.0005245966594850734 -0.01853008009493351 -0.00038875954725607766 0.0005246763265768869 0.9999997867903607 0.7953321933746338
0.9999991817317907 -0.0001673590246197274 0.0012682770620778719 -0.00030211545526981354 0.0001679877877739285 0.999999863044994 -0.0004956713596641738 -0.018465610221028328 -0.0012681939333056935 0.0004958840091300007 0.999999072891169 0.8032689690589905
0.9999978571806675 -0.00019821630598411776 0.002060666001476068 0.0008265601936727762 0.00019936612447856586 0.9999998245597748 -0.0005577934818900142 -0.018298204988241196 -0.002060555076188878 0.0005582031136339167 0.9999977212584348 0.792188823223114
0.9999998443367784 -0.00015897560841672849 -0.0005348393917227586 -0.002570532960817218 0.00015869598975990106 0.9999998507423885 -0.000522810466028265 -0.018420299515128136 0.000534922426005832 0.0005227255077792716 0.9999997203079817 0.7823449969291687
0.9999996513827358 -0.0002586083947005597 -0.0007939496870474627 -0.0021754552144557238 0.0002582191333223826 0.9999998464408197 -0.000490348056662846 -0.01768583245575428 0.0007940763732529775 0.0004901428727189569 0.9999995646012444 0.6917890310287476
0.9999991846410728 -0.00021993398646282534 0.0012579134436696714 0.000705955782905221 0.00022057234663838286 0.9999998469672181 -0.0005073592227248597 -0.01739783026278019 -0.0012578016656312546 0.0005076362699651262 0.9999990801197709 0.6749241948127747
0.9999997960138329 -0.00018245936227431447 0.0006121118145649566 -0.0007868085522204638 0.00018277690567445424 0.9999998487449067 -0.0005187511603789193 -0.01794404350221157 -0.0006120170709740252 0.0005188629344642515 0.9999996781081282 0.744770884513855
0.99999984976075 -0.0002581988942324391 0.00048354090705712556 -0.00010157539509236813 0.00025845848847373345 0.999999822481961 -0.0005368754573966684 -0.01749674417078495 -0.0004834022005704515 0.0005370003519888554 0.9999997389764333 0.6452335715293884
0.999999276781348 -0.00019454607095350393 0.0011868397564215464 0.0006178510375320911 0.0001952262961038323 0.9999998167496538 -0.0005730509160858803 -0.01745673082768917 -0.001186728054128569 0.0005732822039744842 0.9999991315116431 0.6625944972038269
0.9999821304557994 -0.0002969912567200761 0.005970809432083919 0.006402675993740559 0.0003005708431273779 0.9999997756519946 -0.0005986260344409925 -0.01693742722272873 -0.005970630305846456 0.0006004099884917647 0.9999819953787153 0.6603737473487854
0.9999945501419216 -0.0002630880485546367 0.0032909681150400023 0.0029637780971825123 0.0002649125000071211 0.9999998114760674 -0.0005539577569950416 -0.017272064462304115 -0.003290821754948483 0.0005548265565946836 0.9999944313143293 0.6922776699066162
0.9999990210055087 -0.0002283791086716557 0.0013805183835858183 0.0007558598881587386 0.00022915088154821077 0.9999998175528331 -0.0005589133874636078 -0.01753845065832138 -0.0013803904875728961 0.0005592291872950724 0.9999988908917942 0.679563045501709
0.9999911183096712 -0.0002908218413294183 0.0042046075238180046 0.0042127445340156555 0.00029325316530213525 0.9999997901630351 -0.0005776473547956436 -0.01717427559196949 -0.004204438649068563 0.000578875238775932 0.9999909937589957 0.6757972836494446
0.9999873574378341 -0.00032362561220260216 0.0050179907294239596 0.0060601322911679745 0.0003264883881089826 0.9999997844271511 -0.0005696937630374392 -0.01694820448756218 -0.005017805280188571 0.00057132487635342 0.9999872475277151 0.572127640247345
0.9999804642643628 -0.0002889495227829177 0.00624400494899905 0.007126549258828163 0.00029259467332365115 0.999999787320511 -0.0005828784525173714 -0.016806092113256454 -0.0062438351985765715 0.000584694028146298 0.9999803361341196 0.6223450899124146
0.9999909292005518 -0.00019110893698897382 0.004254996356220887 0.0038039013743400574 0.0001934463495188498 0.9999998306278087 -0.0005489288332668289 -0.017644809558987617 -0.004254890730337021 0.0005497469675557978 0.999990796799223 0.7618353962898254
0.9999791240136396 -0.0002580695007849135 0.00645638730607663 0.006618439219892025 0.00026194137651254024 0.9999997863775687 -0.0005988585239950758 -0.01709357276558876 -0.0064562313797271505 0.0006005372172109492 0.9999789779947484 0.7257782220840454
0.9999902967891966 -0.0001717767046226957 0.004401910973480634 0.0038238242268562317 0.00017418623318157025 0.9999998352224059 -0.0005470048605238199 -0.01771792396903038 -0.00440181628545198 0.0005477663051116189 0.9999901619343383 0.7764890193939209
0.9999956503741672 -0.00017918722901300358 0.0029439980779378924 0.0016985981492325664 0.00018087881270368808 0.9999998187133504 -0.0005743310202718791 -0.018421387299895287 -0.002943894631446287 0.0005748610290237762 0.9999955014994796 0.8177353143692017
0.9999875121150154 -0.0001966349063718259 0.004993690893120074 0.004607317969202995 0.00019969584197045777 0.9999997925014109 -0.0006124693511976865 -0.017702285200357437 -0.00499356942408273 0.0006134589220583138 0.9999873438861905 0.7752460241317749
0.9999580893955833 -0.0002562923125227268 0.009151708397086828 0.009601552970707417 0.0002622377070361813 0.9999997553690309 -0.000648454519330797 -0.016925694420933723 -0.009151539964387207 0.0006508272652354708 0.9999579119843751 0.7463700175285339
0.9999691449761693 -0.00021772831951059557 0.007852495782108136 0.007947024889290333 0.0002228519167371395 0.9999997628700255 -0.0006516110160685096 -0.017270784825086594 -0.007852352045874509 0.0006533408543312934 0.9999689563746846 0.7726154327392578
0.9999665330040802 -0.00023994445081382986 0.008177731865237894 0.008524931035935879 0.00024524153763607064 0.9999997607863825 -0.0006467486107197705 -0.017080191522836685 -0.00817757472527286 0.0006487324855236609 0.9999663526428149 0.7566496133804321
0.9998760068735983 -0.00028420492141585576 0.015744526225650812 0.01728188991546631 0.000296519588234296 0.9999996519732935 -0.0007798265354314299 -0.016349030658602715 -0.015744299115595987 0.000784398402734625 0.9998757431623713 0.7148534655570984
0.9997730386013594 -0.00039214957043147755 0.02130064563619859 0.023713819682598114 0.0004101983265220736 0.9999995605684104 -0.0008429711255833148 -0.015652457252144814 -0.021300305705257244 0.0008515172928714472 0.9997727601286015 0.6517089009284973
0.9999517049747355 -0.00021834476202006815 0.009825479310674711 0.010358728468418121 0.00022494371212804825 0.9999997499042811 -0.0006705159966753426 -0.01700587198138237 -0.009825330449708675 0.0006726937938779234 0.9999515040063762 0.7720010876655579
0.9999169267351314 -0.0002993079192788932 0.012886040638580632 0.014072340913116932 0.0003087921775782829 0.9999996829258795 -0.000734026928295453 -0.016569029539823532 -0.012885816852678028 0.0007379450588311677 0.9999167021112955 0.748708963394165
0.9998963026398541 -0.0003185652007981239 0.014397308198454773 0.015882601961493492 0.0003294932515431732 0.9999996594433227 -0.0007566686427782307 -0.016416730359196663 -0.014397062247057212 0.0007613339941292478 0.9998960670835759 0.7191277146339417
0.9998261682891417 -0.0003764927393508566 0.018641122752399878 0.020631693303585052 0.0003915504503437589 0.9999996000353251 -0.0008041252606470856 -0.015963830053806305 -0.018640812549287112 0.0008112844181858984 0.999825915809895 0.6796188950538635
0.9997877099463254 -0.00038044678154731314 0.020600735436594294 0.02288293093442917 0.0003979877333365952 0.999999561777239 -0.0008473789552891389 -0.015804540365934372 -0.020600404026286847 0.0008553979051667148 0.999787423229747 0.6733322739601135
0.9999481135378984 -0.00025621293007303066 0.010183544909949277 0.010835420340299606 0.000262852983306525 0.9999997537459949 -0.0006507044329056653 -0.016830921173095703 -0.010183375683321188 0.000653347445314984 0.9999479346430035 0.7572391033172607
0.9999679995624221 -0.00020334687401092033 0.007997405902945943 0.00818630214780569 0.00020836626035474395 0.999999781853479 -0.0006267986085190954 -0.017131851986050606 -0.007997276700801994 0.0006284449402498855 0.9999678237935097 0.7613268494606018
0.9999641454287974 -0.00022825021070829648 0.00846497245689544 0.008664100430905819 0.00023403921942306656 0.9999997394408489 -0.0006828937531728631 -0.017233485355973244 -0.008464814380626347 0.0006848504038564157 0.9999639382984897 0.778035044670105
0.999981125200729 -0.00016093844323258742 0.00614193301013738 0.005863752216100693 0.0001646253802237865 0.9999998065760948 -0.0005997885101407531 -0.017588792368769646 -0.006141835293111623 0.0006007883073101222 0.9999809582750272 0.7866726517677307
0.9999830345733846 -0.00015727447327763426 0.005822871297338735 0.005249114707112312 0.00016120424892419302 0.9999997595833481 -0.000674423039523586 -0.01795068010687828 -0.0058227638278952045 0.0006753502692430709 0.9999828195141247 0.8135486841201782
0.9999646349539139 -0.00023917843178007542 0.008406642323999472 0.008522496558725834 0.00024485731415991555 0.9999997425469431 -0.0006745005137986007 -0.017226168885827065 -0.008406478833708583 0.0006765350879174027 0.9999644360745502 0.7748953104019165
0.9999735984970064 -0.00020044953376114187 0.007263754465281927 0.007088130339980125 0.0002050938739966231 0.9999997750336223 -0.0006386463867316863 -0.017437541857361794 -0.007263624814810939 0.0006401192770502401 0.9999734146475397 0.7838735580444336
0.9999955786146809 -0.00012384238001461985 0.0029710964567303253 0.0013424678472802043 0.00012545840311522095 0.999999844306473 -0.0005437345120374171 -0.018641754984855652 -0.002971028656773771 0.0005441048569945905 0.9999954384589093 0.8499323725700378
0.9999990736333507 -0.00015626797194192026 0.0013521511606194485 -0.0009739222005009651 0.0001570407703080722 0.9999998243942576 -0.0005714452295548084 -0.019413350149989128 -0.0013520616245868418 0.0005716570430468425 0.9999989225682138 0.8932065963745117
0.999999930096768 -0.0001232284713352374 0.00035301728405731967 -0.0028351207729429007 0.00012342359437772017 0.9999998396109457 -0.0005527609782439883 -0.020249255001544952 -0.0003529491115468486 0.0005528045102662853 0.9999997849170259 0.9646443128585815
0.9999999630928136 -0.00013177204950236068 -0.00023759313707308322 -0.0037553368601948023 0.00013164537305786095 0.9999998492357306 -0.0005331022528832893 -0.02054399810731411 0.0002376633492289842 0.000533070955170819 0.9999998296757302 0.9883824586868286
0.9999999370439226 -0.00016508456395968908 0.00031410068107738074 -0.0026614980306476355 0.00016527525071262389 0.9999998020210477 -0.0006071589226366479 -0.020226500928401947 -0.00031400038632605924 0.0006072107974811178 0.9999997663493753 0.9461302757263184
0.9999991718877728 -0.00012012702378916222 0.0012813248094816695 -0.0014933028724044561 0.0001208914040142145 0.9999998147901639 -0.0005964938448495585 -0.019819166511297226 -0.0012812529171374208 0.0005966482520409284 0.9999990012004143 0.9372642040252686
0.9999987201913939 -9.279384814426823e-05 0.0015971865501786986 -0.0014734661672264338 9.376124033047662e-05 0.9999998122160376 -0.0006056209369245871 -0.020173819735646248 -0.0015971300523554255 0.0006057699160376839 0.9999985411081381 0.9781644344329834
0.9999998834290669 -9.262958715375038e-05 0.00047387932265837514 -0.003104459261521697 9.289973839876141e-05 0.9999998331810894 -0.0005700942308542456 -0.020687511190772057 -0.0004738264360131 0.0005701381876629366 0.9999997252154401 1.0118587017059326
0.9999996154724274 -9.182048885930431e-05 0.0008721376006880172 -0.002469749888405204 9.237625488823859e-05 0.9999997927042295 -0.0006372269023578284 -0.020531905815005302 -0.0008720789094118927 0.0006373072221318134 0.9999994166587698 0.9917441606521606
0.9999995240640043 -9.603073160446887e-05 0.0009709015727426612 -0.0022347180638462305 9.66186388509021e-05 0.9999998120182673 -0.0006054983642757717 -0.020336449146270752 -0.0009708432437799943 0.0006055918832857213 0.9999993453607193 0.9794103503227234
0.9999999637540855 -9.588685906096223e-05 0.00025159001881882556 -0.0034355155657976866 9.603210884736481e-05 0.9999998287057918 -0.0005773787496679868 -0.020806923508644104 -0.0002515346126881184 0.0005774028894604382 0.9999998016681011 1.0199283361434937
0.9999999924601944 -9.147747284807644e-05 -8.1923644651687e-05 -0.004041064530611038 9.14291245488811e-05 0.9999998217866487 -0.0005899723608690902 -0.0211469829082489 8.197759923242222e-05 0.0005899648662137028 0.9999998226105494 1.0444917678833008
