0.9999985774416956 -8.125729948457666e-05 0.0016847883653699188 0.0002648447407409549 8.158561410225112e-05 0.9999999776979577 -0.0001948021343993985 -0.016572382301092148 -0.0016847724987003225 0.00019493931177542556 0.9999985617691118 0.71400386095047
0.9998462655771835 -0.00017604074251494704 0.017533231904497654 0.01957559771835804 0.00018072053244402959 0.9999999484711946 -0.0002653256432610119 -0.01466455776244402 -0.017533184292907913 0.00026845346858163225 0.9998462458704767 0.6259621381759644
0.9999971497070799 -6.633631978381622e-05 0.002386666547447251 0.0011287139495834708 6.679342715358737e-05 0.9999999794434861 -0.0001914462466785848 -0.01658327504992485 -0.002386653798546266 0.00019160511463888011 0.9999971335814547 0.7070768475532532
0.9999861924576401 5.643213336384911e-05 0.005254684527723087 0.0026620712596923113 -5.326278190007474e-05 0.9999998166046449 -0.000603285796849568 -0.016682805493474007 -0.005254717608742896 0.0006029975878394189 0.9999860120705496 0.8690822720527649
0.9999914186078833 1.1077849807267815e-05 0.004142775383081641 0.0019290156196802855 -8.775335454680194e-06 0.9999998455001856 -0.0005558080592686089 -0.016791537404060364 -0.004142780900181815 0.0005557669354180106 0.9999912642066064 0.8313458561897278
0.9999958809118185 -7.45577521874283e-05 0.0028692508670543826 0.00145442015491426 7.510221592013447e-05 0.9999999791961017 -0.00018965087277526954 -0.016270631924271584 -0.0028692366674200045 0.0001898655786847474 0.9999958657074581 0.7076416015625
0.9999304767888212 -9.92531881859664e-05 0.011791172023412884 0.012635407969355583 0.00010253528538931277 0.9999999561713158 -0.0002777478748237007 -0.015217002481222153 -0.011791143939259239 0.0002789375760880399 0.9999304431401379 0.6816514134407043
0.9999271356043451 -0.00012176336104338808 0.012070984043317691 0.013256093487143517 0.0001249635157661727 0.999999957249629 -0.0002643574480512035 -0.015226569026708603 -0.01207095133822725 0.00026584661841032466 0.9999271080730665 0.6532498598098755
0.9999393533070502 -6.228469044983935e-05 0.01101298454076502 0.011263510212302208 6.550479447817704e-05 0.9999999552134733 -0.0002920311162510509 -0.015168506652116776 -0.011012965858464018 0.000292734808818546 0.9999393126031858 0.725433349609375
0.9999771548437668 -8.118895388691189e-05 0.006758934747354201 0.006405725609511137 8.291079258709817e-05 0.9999999641853574 -0.00025447020310454395 -0.015812808647751808 -0.006758913845115784 0.00025502477832994495 0.999977125761383 0.7119895815849304
0.9999966104087552 -6.440904353682048e-05 0.0026028873343193495 0.001071233069524169 6.491570917858967e-05 0.9999999789639955 -0.00019457121800128398 -0.016223816201090813 -0.002602874747418949 0.0001947395267616063 0.9999965935539809 0.7155126929283142
0.9999518538719401 -6.047815753631956e-05 0.009812557284548874 0.00985681265592575 6.359226353047284e-05 0.99999994771843 -0.00031704756920823164 -0.01540705468505621 -0.009812537597080135 0.0003176563073241103 0.9999518054388303 0.7169010639190674
0.9999339601738559 -0.00010653126366018834 0.011491907679729903 0.012496395036578178 0.00010997823178346668 0.9999999491573915 -0.0002993158918572089 -0.01532316766679287 -0.011491875208951147 0.00030055998477418396 0.999933921050725 0.6668577790260315
0.999810648104836 -0.00020356278405520893 0.019458327224636345 0.021716827526688576 0.0002082311380389101 0.9999999500241461 -0.00023788967791869609 -0.014417167752981186 -0.01945827782670469 0.00024189646267966174 0.9998106405265551 0.6275272369384766
0.9998626287071117 -0.00011016922883802728 0.016574425409219693 0.017894593998789787 0.00011532358703508244 0.9999999452918131 -0.00031002716215453496 -0.014693732373416424 -0.016574390347009558 0.0003118959955136759 0.9998625867115507 0.7006710171699524
0.9999496959985424 3.2043118744937173e-05 0.010030176751272648 0.009215305559337139 -2.680992423325845e-05 0.9999998634617507 -0.0005218790169745442 -0.015407966449856758 -0.010030192104401184 0.0005215838560929658 0.9999495603262348 0.8027541637420654
0.9999864977537242 4.366347590029973e-05 0.005196383717722385 0.0030141917522996664 -4.0687592032915834e-05 0.9999998351292213 -0.0005727879625766387 -0.016441594809293747 -0.005196407870903954 0.0005725688003117511 0.9999863346617333 0.8360947370529175
0.9999290634300741 -7.056143282949556e-05 0.011910630921095275 0.012395404279232025 7.414773770003632e-05 0.9999999520528834 -0.0003006598467622147 -0.015163240022957325 -0.011910609135025285 0.00030152166532135033 0.9999290207183296 0.7046132683753967
0.999988879663667 6.970667003437611e-05 0.0047154734633914775 0.0018697208724915981 -6.73191163625508e-05 0.9999998694730446 -0.000506480039169552 -0.01659025438129902 -0.004715508152932053 0.000506156965434384 0.9999887538307547 0.8680763244628906
0.9999771218183444 7.384198588113702e-05 0.006763903256309747 0.004696713760495186 -6.951273050752599e-05 0.9999997926010936 -0.0006402856781991678 -0.016342366114258766 -0.0067639491334496185 0.0006398008522428757 0.9999769195571412 0.8542907238006592
0.9999766308247057 6.266956731230772e-05 0.006836218033030922 0.005078636575490236 -5.891206515071322e-05 0.9999998470991863 -0.0005498463167181322 -0.0160738043487072 -0.006836251446398381 0.0005494307315410256 0.9999764816194591 0.8325399160385132
0.9999984827827315 -5.485197003929608e-05 0.0017410983591523274 -0.0006567228119820356 5.549593939212643e-05 0.9999999300775326 -0.00036981769894455717 -0.016993040218949318 -0.0017410779521810917 0.00036991376173977345 0.9999984159044318 0.8030449151992798
0.999995276151114 0.00012100971808933695 0.0030713241614927973 -0.0017525753937661648 -0.00011841836656726538 0.999999636911327 -0.0008438923535908454 -0.017838040366768837 -0.003071425165505589 0.0008435246659804886 0.9999949273939295 0.9980670213699341
0.9999828035157471 2.9021535107808218e-05 0.0058644548372259 0.004301506094634533 -2.5525646651789367e-05 0.9999998219536678 -0.0005961887911606039 -0.016540583223104477 -0.005864471095395157 0.0005960288448074644 0.9999826262132697 0.8182014226913452
0.9999390023998604 -3.352644394147593e-05 0.011044924424806904 0.010978197678923607 3.7717916912378514e-05 0.9999999273601027 -0.0003792850491975502 -0.015203368850052357 -0.011044910906425785 0.00037967850526153866 0.9999389310289415 0.7558896541595459
0.9999802791979753 8.174822428709004e-05 0.0062796920598553845 0.0039003167767077684 -7.796483061074034e-05 0.9999998153230959 -0.0006027232023885643 -0.016373513266444206 -0.006279740171692829 0.0006022217210758802 0.9999801008981999 0.8676171898841858
0.9999761687119233 9.047579700680264e-05 0.006903174802455396 0.004556602798402309 -8.565020758197225e-05 0.9999997517996626 -0.0006993315773722868 -0.016464674845337868 -0.006903236361666916 0.0006987236530452004 0.9999759282667716 0.8790256381034851
0.999962347449616 8.155321609049447e-05 0.008677386249693038 0.0074021113105118275 -7.609049548045668e-05 0.99999979874106 -0.000629863537321753 -0.015876995399594307 -0.008677435870688649 0.0006291795547339645 0.9999621524036787 0.830858051776886
0.9997267989342994 -9.129636367651676e-05 0.023373471234564076 0.02576831728219986 0.00010352311192841581 0.9999998584547063 -0.0005218941777003739 -0.01392312627285719 -0.023373420279118574 0.0005241712901336145 0.9997266668789596 0.6988341212272644
0.9994668572168569 -0.00018895457708379936 0.032649128950501094 0.036954086273908615 0.00020671846984391103 0.9999998324500138 -0.000540710105493881 -0.012915033847093582 -0.03264902131049069 0.0005471710077817487 0.9994667288166 0.5913125872612
0.9994468003946723 -0.00025994473556522333 0.03325696332479838 0.03853362426161766 0.00027060576258498283 0.9999999134378251 -0.00031606465140615776 -0.012831347994506359 -0.033256878286661073 0.0003248893304875096 0.9994467842229268 0.5185897946357727
0.9996231293566603 -0.0002272114594971481 0.027450822030511662 0.0319400317966938 0.00023503021930623575 0.9999999327306275 -0.00028160173472814847 -0.013505603186786175 -0.02745075620077094 0.00028794738002318337 0.9996231155141986 0.5262026190757751
0.9995630869955574 -0.00023064987939798613 0.029556419210463637 0.03467172756791115 0.0002390413573303955 0.9999999321229078 -0.00028038082866619566 -0.013158399611711502 -0.029556352534455533 0.00028732353320185043 0.999563074282982 0.4821487069129944
0.999662089401417 -0.00020949178907787058 0.025993520861628677 0.03069901652634144 0.00021397253923838026 0.9999999627261007 -0.00016959820117246519 -0.013608889654278755 -0.025993484363318206 0.00017510279180529687 0.9996620969656028 0.45803946256637573
0.9997371338626672 -0.00017306801240472052 0.022926692380770736 0.02621999755501747 0.00018006952870925353 0.9999999377850622 -0.00030332299029397564 -0.013754913583397865 -0.02292663845888095 0.00030737165564302026 0.999737102828359 0.5537183284759521
0.9993952277483684 -0.00021290911007941979 0.034772595869418825 0.03869384527206421 0.0002296885723189662 0.9999998591143553 -0.00047855452100321975 -0.012802019715309143 -0.034772489081842044 0.0004862519724090953 0.9993951358507168 0.6460962891578674
0.9993966408166518 -0.00014975877301688783 0.034732288964340996 0.038091160356998444 0.0001683744643044289 0.9999998437526629 -0.000533052239277384 -0.012709791772067547 -0.03473220370826402 0.0005385786478620491 0.9993965098791411 0.704626202583313
0.9992395266991183 -0.00020421329929836172 0.03899136544223546 0.04316972941160202 0.0002246758695512217 0.9999998393437887 -0.0005204163237348147 -0.01233088318258524 -0.038991252902095944 0.0005287809799509951 0.9992394120468826 0.6721825003623962
0.9996677765714884 -0.00013535629146211749 0.025774370279219545 0.028245335444808006 0.0001484089894796939 0.9999998617225144 -0.0005045093885952699 -0.013684950768947601 -0.025774298426684588 0.0005081669270040892 0.9996676584280327 0.6751319169998169
0.99975085084684 -0.0002090802671606117 0.022320226622084466 0.025762692093849182 0.00021438793469422647 0.9999999493114583 -0.00023540368331265464 -0.01425998006016016 -0.022320176272439735 0.00024013021997172234 0.999750844995214 0.5469762682914734
0.9996628574522132 -0.0002937725905234331 0.025963149426475072 0.03026912920176983 0.00029956009277876344 0.9999999311463261 -0.00021902304440612864 -0.014273690059781075 -0.025963083295849707 0.00022672672586993727 0.9996628766242972 0.5117972493171692
0.9999670446194812 -0.00011211017063004907 0.008117703264489125 0.009292646311223507 0.00011230357539277506 0.999999993420893 -2.336923229012049e-05 -0.015928182750940323 -0.008117700591153267 2.4280109248757665e-05 0.9999670506309639 0.5031890869140625
0.9997113368881879 0.00032557820442913397 -0.024023673658805013 -0.030709419399499893 -0.0003167871842345083 0.9999998814704338 0.0003697363902173282 -0.01992058753967285 0.024023791189399436 -0.00036201926902703637 0.9997113215318395 0.4758196473121643
0.9994332113225137 0.0004865871927573824 -0.03366035261952829 -0.04454478994011879 -0.0004694010145313916 0.9999997554222408 0.0005184767549849617 -0.020678803324699402 0.0336605966711034 -0.0005023826845616056 0.9994331952879006 0.5545495748519897
0.9993796459607412 0.0005648504730793088 -0.035213693122508945 -0.047058653086423874 -0.0005584020350891694 0.9999998254772688 0.00019295750506063085 -0.021662937477231026 0.03521379596905707 -0.00017317440519034672 0.9993797869599298 0.607629656791687
0.9999039759245267 0.00028907016629514784 -0.01385479587587619 -0.01952190324664116 -0.00029152505829557334 0.9999999421646745 -0.00017516788528933194 -0.01880817301571369 0.013854744438769832 0.00017919008513048252 0.9999040023659519 0.6104287505149841
0.999999945448712 -1.6749296484660738e-05 -0.00032988184817880174 -0.003068826161324978 1.664076033226373e-05 0.9999999457360309 -0.00032901522738464073 -0.017134856432676315 0.0003298873410516948 0.00032900971995166286 0.999999891463467 0.7678680419921875
0.9999739201897115 -2.4487434849989453e-05 0.00722207316399821 0.0058252206072211266 2.7496658822091722e-05 0.9999999128561051 -0.00041657138193841413 -0.01586317829787731 -0.007222062333874048 0.0004167591007175802 0.9999738337214119 0.7768948674201965
0.9995551085781859 -0.00016936265946428008 0.029825429276729258 0.03365156054496765 0.00017750494661698793 0.9999999477012462 -0.00027035069662436137 -0.013398236595094204 -0.0298253819295835 0.00027552458115014626 0.9995550863654089 0.5289891958236694
0.9999999995912389 -2.7883903374754566e-05 -6.325403824699584e-06 -0.00368279917165637 2.7881845863494403e-05 0.9999999467842816 -0.00032504466943297506 -0.01722850650548935 6.334467002243622e-06 0.0003250444929361749 0.9999999471529749 0.8400193452835083
0.9999570246611889 -0.0001233458657898903 -0.009270038648267533 -0.015815848484635353 0.00012162593133980983 0.9999999752868785 -0.00018610044498024332 -0.01953294314444065 0.00927006137389645 0.00018496497016641576 0.9999570149511849 0.8826322555541992
0.9997323502874368 5.9542711766553594e-05 -0.023134913948897766 -0.036117080599069595 -6.483249459824253e-05 0.9999999719293139 -0.00022789936094838768 -0.022732948884367943 0.0231348997297389 0.00022933825793355924 0.9997323260845665 1.013737440109253
0.9992025762130745 0.00016818403302719677 -0.03992722634100887 -0.061085768043994904 -0.00018394564857075163 0.9999999066081652 -0.0003910852329569553 -0.027702849358320236 0.039927156837840205 0.00039811781183440815 0.9992025138324335 1.2543799877166748
0.999035508519532 0.0002560559384022886 -0.043908850502794756 -0.06648758798837662 -0.00027024453892652336 0.9999999131753937 -0.0003172019773067534 -0.02821671962738037 0.04390876546897613 0.0003287621657609748 0.9990354909763862 1.2320291996002197
0.9988139718668475 0.00032115874995835707 -0.048688257933816134 -0.07350382208824158 -0.0003381532689379347 0.9999998847500882 -0.0003408110580866051 -0.029351547360420227 0.048688142868045306 0.0003568709401628381 0.9988139653545064 1.2956550121307373
0.9991504410240841 0.0002683869155704635 -0.041210728819596365 -0.06195114552974701 -0.00027729062613250486 0.9999999394340698 -0.00021033726714036053 -0.027245622128248215 0.04121066987185987 0.0002215859220248545 0.9991504549307838 1.1509017944335938
0.999194952680654 0.00027196016960619114 -0.040116986117756 -0.060163237154483795 -0.000279018094472947 0.9999999465674874 -0.00017033474571615765 -0.026630189269781113 0.040116937649938296 0.00018139098320830128 0.9991949751729652 1.0976372957229614
0.9991611593252923 0.00032063474689317863 -0.04094966286914551 -0.0611262172460556 -0.00032611042132867286 0.9999999387567419 -0.00012703741671763393 -0.026603927835822105 0.04094961962864479 0.00014028496437680556 0.99916120269574 1.0798590183258057
0.9990387272547442 0.0002815783556909605 -0.04383539846801922 -0.06592440605163574 -0.0002917465584813144 0.9999999320019681 -0.00022556596420929975 -0.02778414636850357 0.043835331972805106 0.00023813796043834976 0.9990387414715934 1.1763298511505127
0.9986825643233059 0.0003247617297828469 -0.0513130611681336 -0.07696419209241867 -0.00034078550287161384 0.999999895868624 -0.0003035259166479391 -0.030137499794363976 0.05131295725123221 0.0003206127881306101 0.9986825710032058 1.2902343273162842
0.9987126316202439 0.0003472848998445943 -0.05072434164546065 -0.07617097347974777 -0.0003642644947409183 0.9999998806810668 -0.0003254984334147194 -0.030013013631105423 0.05072422255239546 0.00034355647370443057 0.9987126389584767 1.2945812940597534
0.9991742987681128 0.00028801675218259793 -0.040628041148943694 -0.061018019914627075 -0.00029716406631386823 0.9999999318424034 -0.0002191088906683199 -0.027231283485889435 0.040627975272803 0.0002310011661015649 0.9991743162550234 1.1548559665679932
0.9994013698594304 0.00025819279651848276 -0.03459530690098851 -0.052760083228349686 -0.000267771902452907 0.9999999270870544 -0.00027225740344990026 -0.02490260824561119 0.034595234083642415 0.00028135807310702185 0.9994013661269092 1.0857124328613281
0.9995803168188877 0.00027190412850713365 -0.028967504145107504 -0.04444681480526924 -0.0002799192245359288 0.9999999236568996 -0.0002726378964728842 -0.023277368396520615 0.028967427802268787 0.0002806320362302405 0.9995803166190201 0.9869754910469055
0.9996801354650524 0.0003132419044784547 -0.025288903417988503 -0.038733210414648056 -0.0003212124830984322 0.999999900013662 -0.0003111192813827679 -0.02180466614663601 0.025288803433847432 0.0003191428768202436 0.9996801361279061 0.8986960053443909
0.9998479310869662 0.00016689618390277857 -0.01743808609844659 -0.024991508573293686 -0.00016827059903347467 0.999999982851021 -7.734961612701678e-05 -0.019763505086302757 0.01743807289004546 8.02721708487517e-05 0.999847942024316 0.6999182105064392
0.9994362656348617 0.0005124300724005105 -0.03356915770858237 -0.04225904867053032 -0.0004918299781482483 0.9999996856618623 0.0006219159508758664 -0.020968519151210785 0.03356946584495157 -0.0006050550373798627 0.9994362035023981 0.35068708658218384
0.999931274221197 0.00023330597411635833 -0.011721450537201155 -0.014584358781576157 -0.00023071609402354996 0.9999999486755271 0.00022230390799128362 -0.018607361242175102 0.011721501800433685 -0.00021958430269784267 0.9999312767276943 0.36413663625717163
0.9999913848709218 0.00010762993444729867 -0.00414953006177024 -0.004670494701713324 -0.00010744690989584878 0.9999999932449977 4.4330199003008304e-05 -0.017880460247397423 0.0041495348049965675 -4.388396290996468e-05 0.9999913896804813 0.38012459874153137
0.9999980815617733 2.0039020412823476e-05 0.0019586911983244765 0.00286808330565691 -2.0101649255350362e-05 0.9999999992873956 3.195516122601098e-05 -0.01709156110882759 -0.001958690556578577 -3.19944728454764e-05 0.9999980812519877 0.38174283504486084
0.9999967682763472 2.8364148999793365e-06 0.0025423274409471573 0.003654766594991088 -2.7515583957098712e-06 0.9999999994390697 -3.338098530815789e-05 -0.017197562381625175 -0.0025423275342034125 3.3373882067623316e-05 0.9999967677232229 0.371309369802475
0.9999956847878876 -3.3593189796321522e-06 0.0029377532773785416 0.004148303996771574 3.376575303099887e-06 0.9999999999770766 -5.869026864461846e-06 -0.01706669107079506 -0.002937753257595265 5.87892108352903e-06 0.9999956847763073 0.37045010924339294
0.9999952552061117 4.016746873420396e-06 0.0030805111799251635 0.004441302269697189 -3.9803807612841855e-06 0.9999999999223245 -1.1811350709462874e-05 -0.017056383192539215 -0.0030805112271290883 1.1799033059602717e-05 0.9999952551444246 0.3680369555950165
0.999985081871339 6.682334793593026e-06 0.005462233070673993 0.007944421842694283 -6.4259070131067055e-06 0.9999999988765857 -4.696314349237816e-05 -0.017263390123844147 -0.005462233378361089 4.692734308836513e-05 0.9999850807908813 0.27908703684806824
0.9999751154274716 -5.03469768911612e-05 0.007054501470444786 0.009679606184363365 4.971239031134078e-05 0.9999999947026157 9.013016544956634e-05 -0.01654827408492565 -0.007054505970855738 -8.977722646837654e-05 0.9999751126330878 0.3354484736919403
0.9998895009649973 -0.00019941265805765925 0.01486425560060412 0.017920635640621185 0.0002006391914340887 0.9999999765894791 -8.102441454905471e-05 -0.015282269567251205 -0.014864239095330285 8.399781365441025e-05 0.9998895175670579 0.47969427704811096
0.9998567518507949 -0.00021562597365430404 0.01692422180833384 0.02043430507183075 0.0002182157768181253 0.9999999647637061 -0.00015117692172203696 -0.01523663755506277 -0.016924188614316042 0.00015484839811674554 0.9998567636725377 0.4708499610424042
0.9998154517197165 -0.0002345066720081236 0.019209568165888487 0.023497596383094788 0.0002356863343462607 0.9999999704768365 -5.914624129050326e-05 -0.0150585463270545 -0.01920955372857306 6.366275865878075e-05 0.9998154774720194 0.4153458774089813
0.9997754123097788 -0.00026564523215085893 0.021190903081814545 0.02515745349228382 0.00026813158721366274 0.9999999574987409 -0.00011449003800574262 -0.014692777767777443 -0.021190871767441756 0.00012014627543037137 0.9997754410459425 0.4866297245025635
0.999772039405523 -0.0002647528064293525 0.021349452659801853 0.02538979798555374 0.00026813727810751314 0.9999999519354238 -0.00015566486518554633 -0.014784698374569416 -0.021349410420939536 0.00016135396385562388 0.9997720623420004 0.48728305101394653
0.9999019183768518 -0.00019091794451409888 0.014004184254337831 0.017058994621038437 0.00019214153812561707 0.9999999778404037 -8.602802322284743e-05 -0.015565622597932816 -0.014004167519717402 8.871037095751656e-05 0.9999019329026968 0.4631097912788391
0.9999634645840151 -0.00012765982955766463 0.008547116478693474 0.010431967675685883 0.00012857420215957286 0.9999999860705739 -0.00010643084956701366 -0.016040608286857605 -0.008547102772692935 0.0001075258997536641 0.9999634670688591 0.4860531985759735
0.9999380597112084 -0.00016049841334530676 0.011128835574451624 0.013393895700573921 0.00016173655977548277 0.9999999808314417 -0.00011035579502117454 -0.01568693108856678 -0.011128817649197884 0.00011214889913147992 0.9999380665022987 0.5010362267494202
0.9999707757264241 -0.00011870313312432999 0.007644187508131557 0.009404124692082405 0.00011924183279828021 0.9999999904395667 -7.001608114543244e-05 -0.016054384410381317 -0.007644179123921613 7.092554190504569e-05 0.9999707803206495 0.49018463492393494
0.9999866350213507 -8.477607441728797e-05 0.0051693898763048585 0.006395033095031977 8.529689408706992e-05 0.9999999913090474 -0.00010053031940588473 -0.016255971044301987 -0.005169381308812096 0.00010096990872108621 0.99998663356165 0.5053234100341797
0.999988960934138 -8.674719890635516e-05 0.004697923454705996 0.005704536102712154 8.690728542220672e-05 0.9999999956499096 -3.38718839283484e-05 -0.016087014228105545 -0.004697920495978552 3.4279793788960664e-05 0.9999889641230593 0.5220767855644226
0.9999957473195413 -6.693889389056626e-05 0.002915623778212744 0.003015898633748293 6.726110250701604e-05 0.9999999916424426 -0.00011041312611206856 -0.01615368202328682 -0.0029156163629127188 0.00011060876463014305 0.9999957434644036 0.5988063812255859
0.9999928914975942 8.805217231824188e-06 -0.0037705273833897597 -0.005128145683556795 -8.961797089175762e-06 0.9999999990982857 -4.1510416029517017e-05 -0.017113469541072845 0.003770527014481591 4.1543911653953925e-05 0.9999928906747969 0.5399537086486816
0.9999620514314437 0.00010286639615877163 -0.008711206318504255 -0.011095426976680756 -0.00010210554536143796 0.999999990934011 8.778630606093726e-05 -0.017897693440318108 0.008711215269789492 -8.68935122243765e-05 0.9999620528690282 0.4711291193962097
0.9999890547803278 5.361936533067613e-05 -0.004678401918419977 -0.005954456981271505 -5.3237153763663374e-05 0.9999999952355213 8.182153020670279e-05 -0.01734299398958683 0.00467840628334835 -8.157156984978162e-05 0.9999890528704437 0.4784645438194275
0.9999907120498462 1.0897722491198673e-05 -0.004309953048651334 -0.0058234394527971745 -1.0767384723733335e-05 0.9999999994840676 3.0264313161431174e-05 -0.01709173060953617 0.004309953376239775 -3.021762514538303e-05 0.9999907116512583 0.5480965375900269
0.999998208882097 -3.383972514181558e-05 0.0018923761441955779 0.0007196082733571529 3.3949076976065024e-05 0.9999999977560041 -5.775337198226157e-05 -0.016063466668128967 -0.0018923741855908598 5.781751296255001e-05 0.9999982077869325 0.6675238013267517
0.9999992847373791 -8.849060179406074e-05 0.0011927674306072842 0.00034358655102550983 8.864463421196383e-05 0.9999999877394101 -0.00012908643772934603 -0.016340509057044983 -0.0011927559930466937 0.00012919207783122837 0.999999280321015 0.6379860043525696
0.9999836592393644 -4.859193008967377e-06 -0.005716750006688767 -0.007999954745173454 5.453839427726273e-06 0.9999999945768491 0.00010400268063685667 -0.017095396295189857 0.005716749470316871 -0.00010403215939053186 0.9999836538428033 0.5837005376815796
0.9999766580527616 8.273445962337839e-06 -0.006832516460317069 -0.009430419653654099 -7.728108155547423e-06 0.9999999967828079 7.984147165020599e-05 -0.017319170758128166 0.006832517098899651 -7.978680556860741e-05 0.9999766548995827 0.5727256536483765
0.9999739366568576 7.679923788644161e-06 -0.007219830192313305 -0.009933281689882278 -7.258472596291595e-06 0.999999998268359 5.840031522688275e-05 -0.01740649715065956 0.00721983062832112 -5.834638817982658e-05 0.9999739349810062 0.5748305916786194
0.9999876723808216 -1.3479005054387645e-05 -0.004965370550488432 -0.007279729004949331 1.3972917596701629e-05 0.9999999949585445 9.943675954099267e-05 -0.01691572740674019 0.004965369185147151 -9.950491443602774e-05 0.999987667527769 0.6107873320579529
0.9999929837282531 -3.842046142834316e-05 -0.003745800065889621 -0.00588197773322463 3.850415968625119e-05 0.9999999990106837 2.2272448823413496e-05 -0.016818389296531677 0.00374579920646608 -2.241652143774987e-05 0.9999929842182915 0.6289023756980896
0.9999733969477133 1.032518238640267e-05 -0.00729419565419376 -0.011096678674221039 -1.0020860221897124e-05 0.9999999990779389 4.1757687193160964e-05 -0.017422733828425407 0.007294196078623803 -4.168348219614335e-05 0.9999733961291439 0.6667181849479675
0.9999853157748371 6.606817432758935e-07 -0.0054192466508290495 -0.00995219498872757 -1.1592530168941071e-06 0.999999995767607 -9.199696670124574e-05 -0.017514746636152267 0.005419246567111952 9.200189807510166e-05 0.9999853115432723 0.7473189234733582
0.9999988876769268 -6.061843655228451e-05 -0.0014902920232827282 -0.004918262828141451 6.025328362838493e-05 0.9999999681564092 -0.0002450647316114819 -0.017227349802851677 0.0014903068312673632 0.0002449746640323585 0.9999988594858311 0.7917073369026184
0.9999998077841852 -6.0787702170764166e-05 0.0006170384495383627 -0.0020188940688967705 6.093369945799639e-05 0.9999999701552603 -0.00023659366626812916 -0.016825059428811073 -0.0006170240491376902 0.000236631219226523 0.9999997816434707 0.7739828824996948
0.9999990193023278 -5.478331987482359e-05 0.0013994260144696308 -0.0011477225925773382 5.5242000600044954e-05 0.9999999447716924 -0.0003277269182993066 -0.016943002119660378 -0.001399407983213104 0.0003278039039910118 0.9999989671004148 0.8001558780670166
0.9999999834554922 -7.824952879238357e-05 -0.00016421335523490412 -0.0025550159625709057 7.821517483419925e-05 0.9999999750590426 -0.00020919918814508206 -0.016736190766096115 0.00016422972087716195 0.00020918634070769468 0.999999964634836 0.7460579872131348
0.9999950818642473 -5.2269081187833756e-05 -0.0031358436281183322 -0.006478618364781141 5.192267167023817e-05 0.9999999925414732 -0.00011054903611414083 -0.01698186621069908 0.003135849383026103 0.00011038567103986192 0.9999950771197078 0.7273181080818176
0.9999982733302942 -6.281841760978534e-05 -0.0018572534227484462 -0.0051715075969696045 6.253282927614059e-05 0.9999999862134727 -0.0001538268486354761 -0.017042288556694984 0.0018572630603025885 0.00015371044371610942 0.9999982634720043 0.7601351141929626
0.9999970921000453 -4.4319033569775574e-05 -0.0024111879390289 -0.005934090819209814 4.402943143402714e-05 0.9999999918114191 -0.00012016060686534425 -0.017214518040418625 0.0024111932446866614 0.00012005409421628493 0.9999970858628298 0.7599049210548401
0.9999987003247734 -5.727496253985129e-05 -0.0016112319332926065 -0.004627928603440523 5.696260642581902e-05 0.9999999795776892 -0.0001939068924702483 -0.01698620431125164 0.0016112430063975295 0.00019381486048378703 0.9999986831650202 0.7506508827209473
0.9999998434854224 -5.379177914239227e-05 -0.0005568981726928318 -0.0017133546061813831 5.373210256402951e-05 0.9999999928133747 -0.00010717327613078019 -0.01670628786087036 0.000556903933731813 0.00010714333604686732 0.9999998391891438 0.6339683532714844
0.9999979000457003 -5.853536219716023e-05 0.0020485306443376403 0.001373410108499229 5.8717776915360164e-05 0.9999999943168051 -8.898658495716154e-05 -0.016236472874879837 -0.0020485254238334603 8.910668325477835e-05 0.9999978977995837 0.64899742603302
0.9999978353871435 -5.76768093829144e-05 0.0020798784612113307 0.0007038002368062735 5.8023414990962143e-05 0.9999999844410118 -0.00016658709327114907 -0.016303090378642082 -0.002079868820638502 0.00016670741432567085 0.9999978231747944 0.6976941823959351
0.9999999675778121 -5.388054887703203e-05 -0.00024888001265008176 -0.0025844047777354717 5.3824944618382116e-05 0.9999999735933608 -0.0002234192307212128 -0.016716783866286278 0.00024889204402877803 0.00022340582752457505 0.9999999440712916 0.7317107319831848
0.9999998248767756 -5.0180467044082395e-05 0.0005896849484609746 0.00010995077900588512 5.024615960036415e-05 0.9999999925339608 -0.00011138851658507573 -0.016585685312747955 -0.000589679354530578 0.00011141812648239386 0.9999998199321136 0.5999746918678284
0.9999999973089604 -7.166418375390295e-05 -1.5694706262558374e-05 -0.001551307737827301 7.166319115185673e-05 0.999999995432809 -6.323581812065328e-05 -0.016609273850917816 1.5699237934167282e-05 6.323469321774822e-05 0.9999999978774536 0.6747779846191406
0.9999995208230403 -7.12931198795905e-05 0.0009763559702787489 -0.0007530790753662586 7.140255099601882e-05 0.9999999911735986 -0.00011204676835383365 -0.016592606902122498 -0.0009763479734973508 0.00011211642897056193 0.9999995170871538 0.7131833434104919
0.9999962747685257 -7.85529253555921e-05 0.002728420515467699 0.0017119859112426639 7.908809473303859e-05 0.9999999776569145 -0.0001960388833279905 -0.016322927549481392 -0.0027284050550785972 0.00019625393861797102 0.9999962586381247 0.6980345249176025
0.9999905780050424 -8.08187803599029e-05 0.004340203850740734 0.00410374766215682 8.16009771991778e-05 0.9999999804626398 -0.00018004444056963812 -0.01608738861978054 -0.00434018921497251 0.00018039690906729102 0.9999905650627577 0.6573689579963684
0.999997988776557 -5.3121092775039247e-05 0.0020048992468822296 0.001335191773250699 5.327181015977592e-05 0.9999999957594584 -7.512121555217263e-05 -0.016207827255129814 -0.0020048952478593104 7.522786907869225e-05 0.9999979873658809 0.6409754753112793
0.9999958444772457 -6.963258440660078e-05 0.0028820443340386043 0.002467320067808032 7.013366106960189e-05 0.9999999824442198 -0.00017376083966386257 -0.016284331679344177 -0.0028820321840257335 0.00017396224591725056 0.9999958318051266 0.6390382647514343
0.9999992355100207 -5.812044781769398e-06 -0.0012365053962124567 -0.0019275825470685959 5.815543660261575e-06 0.9999999999790967 2.8260553488229846e-06 -0.016706159338355064 0.001236505379761449 -2.833244139449811e-06 0.9999992355229173 0.5757243037223816
0.9999967582311047 -6.91988188202831e-05 0.002545336678216837 0.0023761624470353127 6.957863700489195e-05 0.9999999864590886 -0.00014913294850591181 -0.016343867406249046 -0.0025453263239267744 0.00014930956610814696 0.9999967495049965 0.6190334558486938
0.9999883025578445 -9.743729167946966e-05 0.004835830172288405 0.005517210811376572 9.813202052033932e-05 0.9999999848995849 -0.00014342571882572093 -0.016098570078611374 -0.004835816124251761 0.00014389859089737123 0.9999882970193242 0.5688877105712891
0.9999804442842948 -0.00010765369701233117 0.00625295607423061 0.007082199677824974 0.00010840556377202358 0.9999999869357517 -0.00011990300408647913 -0.01592223346233368 -0.006252943084538765 0.00012057851452588767 0.9999804428905615 0.5778759717941284
0.9999813154981292 -8.360723971992619e-05 0.00611241887145859 0.0064583830535411835 8.451166181739241e-05 0.999999985520278 -0.00014770654118424715 -0.015707582235336304 -0.006112406433616268 0.00014822035203765306 0.9999813080844647 0.6226097941398621
0.9999494550667241 -0.00012443010639909643 0.010053448607828863 0.011109614744782448 0.00012680826705201815 0.999999964131975 -0.0002359146292089222 -0.015451561659574509 -0.010053418892349102 0.00023717756531558534 0.9999494349792781 0.6141969561576843
0.9999809461643946 -6.852015169444162e-05 0.0061727314173312346 0.00564041081815958 6.975586489212549e-05 0.9999999775722646 -0.00019997397168257516 -0.015815773978829384 -0.006172717576643973 0.00020040074563015613 0.9999809285167691 0.713798463344574
0.9999800393791433 -4.572592691083247e-05 0.006318128870706517 0.00546843558549881 4.793851122517935e-05 0.9999999375851487 -0.00035004513695990707 -0.015896277502179146 -0.006318112470223095 0.0003503410315334359 0.9999799791575706 0.7497408986091614
0.9999577098722947 -4.235974256836703e-05 0.009196557649913761 0.008967878296971321 4.557633749429386e-05 0.9999999378682863 -0.00034955145730069994 -0.015443889424204826 -0.009196542271606127 0.0003499558201401693 0.9999576496738103 0.7245822548866272
0.9999152589084674 -0.00010422438419898308 0.013017839271179847 0.013853512704372406 0.0001078518620181199 0.9999999555551482 -0.0002779526533926053 -0.015016205608844757 -0.013017809723159775 0.00027933309758621183 0.9999152257081759 0.6686263680458069
0.9998977883767718 -9.025145055704286e-05 0.01429701555979166 0.015086088329553604 9.487171182178601e-05 0.9999999435014736 -0.0003224847418589903 -0.01484649907797575 -0.014296985647315609 0.0003238081625101586 0.9998977404463294 0.6887534260749817
0.9999301394215906 -5.132018181379683e-05 0.011820052561519589 0.012194344773888588 5.5416244945920026e-05 0.9999999385345834 -0.00034620784081253354 -0.015138091519474983 -0.011820034067545799 0.0003468386774605474 0.9999300808044398 0.7089381217956543
0.9997964705015713 -0.00017757470841656914 0.020173895008754505 0.022523099556565285 0.00018387304571762847 0.9999999349374508 -0.0003103478660435241 -0.014326058328151703 -0.020173838586257643 0.00031399413661725706 0.9997964381034663 0.6168959736824036
0.9997492571529837 -0.00020379833981971275 0.022391545018019335 0.025185704231262207 0.00021056741424855843 0.9999999328464031 -0.000299947584514371 -0.014149466529488564 -0.02239148238552679 0.0003045873045385487 0.9997492329295145 0.6037288904190063
0.9997656378645233 -0.00019494069471521886 0.021647894665971282 0.024200623854994774 0.00020132725811823732 0.9999999368557253 -0.00029284105101592083 -0.01421040017157793 -0.021647836212392742 0.0002971307314389818 0.9997656139819225 0.6178503632545471
0.9997697823953936 -0.00017486964670507054 0.021455806432613692 0.02373320236802101 0.00018192602445811642 0.9999999300104458 -0.00032692816466995463 -0.014200769364833832 -0.021455747761118717 0.00033075626961683426 0.9997697442352921 0.6442251801490784
0.9998105002336359 -0.00014255109857879135 0.01946646608275726 0.021390283480286598 0.00014982234862295912 0.999999919558927 -0.0003720690843566308 -0.014403301291167736 -0.019466411477997117 0.0003749150890199818 0.9998104411651468 0.6700602769851685
0.9998161152806948 -0.00018985103458663856 0.019175494298852427 0.02137952856719494 0.00019534776211410816 0.9999999403695014 -0.0002847810489195586 -0.014466868713498116 -0.01917543908943137 0.00028847457193502727 0.999816092748136 0.6206835508346558
0.9997973826082813 -0.0001839891095272107 0.020128583597383575 0.022348325699567795 0.00019026792116692086 0.9999999338427219 -0.00031002043396761547 -0.014329703524708748 -0.020128525225347697 0.00031378744219301435 0.9997973514716335 0.6280817985534668
0.9998287015272587 -0.0001527666485773242 0.018507951390329846 0.020378295332193375 0.00015787303814374857 0.9999999498789247 -0.00027444170917727354 -0.014405881986021996 -0.018507908537151285 0.00027731660424744315 0.999828675532504 0.6419447064399719
0.9999184810554717 -3.68015719066166e-05 0.012768315838919948 0.013213235884904861 4.147766849232447e-05 0.9999999321757217 -0.00036596195809534334 -0.015008650720119476 -0.012768301504942828 0.0003664617252343539 0.9999184147631658 0.7206903696060181
0.9998513041210632 -0.00010789659667318692 0.017244071611242192 0.018610142171382904 0.00011420304920839702 0.9999999269638136 -0.00036473282149248037 -0.014567372389137745 -0.017244030998370827 0.00036664791278378324 0.9998512434178572 0.6806378960609436
0.9999542557998952 -2.4414177862167916e-05 0.009564816340382302 0.009100716561079025 2.7468310558667126e-05 0.9999999486854971 -0.0003191778414517731 -0.015313897281885147 -0.00956480805710392 0.000319425970262399 0.9999542051583562 0.7552201747894287
0.9999571306945675 -1.2032478897813779e-05 0.00925940755702587 0.008619008585810661 1.6139639059329383e-05 0.9999999015273525 -0.00044349159770522636 -0.015467518009245396 -0.009259401308924203 0.0004436220290243412 0.9999570324203414 0.7740881443023682
0.9999016205115498 -4.781681568365328e-05 0.014026653625463174 0.014498230069875717 5.32516962369859e-05 0.9999999236609155 -0.00038709484628129595 -0.014874355867505074 -0.014026634045038362 0.00038780370718642166 0.9999015467263022 0.7228916883468628
0.9999257419341984 -1.2218491875893149e-05 0.01218648710872738 0.012127034366130829 1.714054775114588e-05 0.9999999183298351 -0.00040379019854640215 -0.015070091933012009 -0.012186481179747709 0.0004039690969314743 0.9999256604795299 0.7499936819076538
0.9999846438446008 4.702383919652939e-05 0.005541648107332835 0.0034404434263706207 -4.435052809500549e-05 0.9999998826010698 -0.0004825255199872162 -0.016187693923711777 -0.005541670146951736 0.00048227233523027025 0.9999845285330053 0.82536381483078
0.9999929963491749 4.047571699267385e-05 0.003742407556027285 0.0008435567142441869 -3.8427354126524406e-05 0.9999998494335962 -0.0005474085526407571 -0.016766050830483437 -0.003742429149300094 0.0005472609079619546 0.9999928473392004 0.862001895904541
0.9999981120003427 5.041246046344898e-05 0.0019425381165126812 -0.0020561725832521915 -4.933442672741637e-05 0.9999998447675741 -0.0005550053533571401 -0.01736561954021454 -0.00194256579415321 0.0005549084715028487 0.9999979592552797 0.9124873280525208
0.999999341280901 5.696894199415231e-05 0.0011463822678695092 -0.003689055796712637 -5.617907831933066e-05 0.9999997610435852 -0.0006890258948503619 -0.018107697367668152 -0.0011464212470103487 0.0006889610382766347 0.9999991055251061 0.9796521663665771
0.999997724687629 3.700032346677435e-05 0.002132897217608824 -0.0019048000685870647 -3.556822536952215e-05 0.999999773933281 -0.0006714672651405446 -0.01768438145518303 -0.002132921579937756 0.0006713898739738436 0.9999974999374602 0.9278924465179443
0.9999821519245706 5.748918679860535e-05 0.00597432232960763 0.0037446182686835527 -5.4078924741354536e-05 0.9999998355287134 -0.0005709798732741393 -0.016248883679509163 -0.005974354172171743 0.0005706465974546491 0.9999819905651731 0.8464984893798828
0.9999916452074702 8.274565604741607e-05 0.004086889821569901 0.0006126395892351866 -7.997755689349475e-05 0.9999997673184955 -0.0006774706971104268 -0.016945665702223778 -0.004086944928383514 0.0006771381775200853 0.999991419145705 0.9100281000137329
0.9999981935851876 8.554814635030225e-05 0.0018988174940742474 -0.0027022692374885082 -8.41952495096201e-05 0.9999997425825994 -0.0007125629055288523 -0.017719849944114685 -0.0018988779637213104 0.0007124017469319784 0.9999979433709998 0.9659435153007507
0.9999977815762453 8.522715417607177e-05 0.002104656485212327 -0.0025883917696774006 -8.361786305915584e-05 0.9999997041134586 -0.0007647097806744597 -0.01779646798968315 -0.0021047210365111755 0.0007645320973463496 0.9999974928168726 0.9720723628997803
0.9999917509095888 7.445512014985597e-05 0.004061104432230265 0.0005621681921184063 -7.167871828502537e-05 0.9999997636411222 -0.0006837981138555924 -0.016996242105960846 -0.0040611543846229056 0.0006835013783826044 0.9999915198895086 0.910598874092102
0.9999939367255223 5.7987252386871634e-05 0.003481831367400361 0.00012465054169297218 -5.592904649407491e-05 0.9999998236643178 -0.0005912218495154017 -0.01691262051463127 -0.003481865036759856 0.0005910235292666188 0.9999937636340809 0.8899315595626831
0.9999975473995304 8.562950206056818e-05 0.0022131115001537273 -0.0022566071711480618 -8.405590786187729e-05 0.9999997436244782 -0.0007111157304240627 -0.01758967526257038 -0.0022131718252520155 0.0007109279612449434 0.999997298222303 0.9575510025024414
