0.999931982118762 0.00022027120950176445 -0.011661158460397279 -0.014319779351353645 -0.00021786504380676193 0.9999999547164308 0.0002076101141437558 -0.018461905419826508 0.011661203662869346 -0.00020505543414485607 0.9999319848276694 0.3644731938838959
0.9999561579074642 0.0002019769127297649 -0.009361702210048232 -0.011281497776508331 -0.00020075024434759085 0.9999999711416286 0.00013197000251861062 -0.018416903913021088 0.009361728594778435 -0.00013008485267137164 0.9999561695972725 0.3468831479549408
0.9999695285039926 0.00014669331816387086 -0.007805161405945978 -0.009994836524128914 -0.00014495555584339895 0.9999999645830464 0.00022320795779513517 -0.017751378938555717 0.00780519387262691 -0.00022206975480469407 0.9999695143521299 0.41233760118484497
0.9996494979693278 -0.00030300932815604154 0.026472427070777998 0.03172929212450981 0.0003077151062238101 0.9999999375719485 -0.00017368797360956895 -0.014404532499611378 -0.02647237278907977 0.00018177306133020202 0.9996495288037052 0.4396843910217285
0.9987063939595303 -0.0005192115251375185 0.05084554143426378 0.06036561354994774 0.0005296191702327317 0.9999998414694946 -0.00019121851344403352 -0.012000330723822117 -0.05084543409083841 0.00021789992548444147 0.9987065106184781 0.33354759216308594
0.9978037301775707 -0.0005453155701698751 0.06623759260913926 0.07745403796434402 0.0005754106076963396 0.9999997397200764 -0.00043527280162643255 -0.010049263946712017 -0.06623733800778774 0.0004724306385232636 0.9978037842496558 0.3526618182659149
0.9988410486199669 -0.0004735946864869641 0.048128321182411025 0.056286051869392395 0.0004855439857130581 0.9999998541362566 -0.00023658931278576026 -0.01223653182387352 -0.04812820211479254 0.0002596835341677922 0.9988411328763245 0.4258327782154083
0.9995298054653811 -0.00034173586626983686 0.03066025444993948 0.035548824816942215 0.0003490070013340087 0.9999999122313049 -0.000231800550935282 -0.013670055195689201 -0.030660172544366877 0.00024239220304882167 0.9995298370061644 0.5231513977050781
0.9996155374687377 -0.0003528356328343517 0.027724587609257972 0.032409798353910446 0.00035767481262223376 0.9999999216546988 -0.00016958574581273352 -0.01403762772679329 -0.027724525601272858 0.00017943693312580234 0.9996155853539759 0.5045368671417236
0.999707307956619 -0.00028508278209321585 0.024191261768181083 0.027788881212472916 0.00028942128783918493 0.999999942657664 -0.0001758407984630704 -0.014189589768648148 -0.0241912102518136 0.00018279079739586036 0.9997073331400929 0.5561932921409607
0.9997059753424978 -0.0002955111944263368 0.024246144799515035 0.0280586089938879 0.00030060010005561276 0.9999999335521783 -0.0002062406813633795 -0.01423377264291048 -0.024246082241981444 0.00021346843507037575 0.9997059977449081 0.5417904853820801
0.9996397544166313 -0.0003253021220395807 0.026837577543187514 0.030867233872413635 0.00033089980627803946 0.999999924416995 -0.0002041355492389462 -0.013986014761030674 -0.026837509108995402 0.00021294255951893691 0.9996397865032639 0.5577279925346375
0.9998296868014044 -0.00023959706417601764 0.018453725473551442 0.021105483174324036 0.0002432996993385598 0.9999999507214474 -0.00019839949525500238 -0.014773538336157799 -0.018453677028241956 0.00020285549106175703 0.9998296958251379 0.5813055038452148
0.9997141846856092 -0.0002699821400688568 0.023905565210462415 0.027370885014533997 0.00027563035496417244 0.9999999348747496 -0.0002329772608335124 -0.014180243015289307 -0.023905500753907023 0.00023949977178904032 0.9997141939942457 0.574425458908081
0.9996477344121627 -0.00028352305544920495 0.026539154080472808 0.03029441460967064 0.0002904385156522845 0.999999924869781 -0.0002567214459482343 -0.01386025920510292 -0.026539079300131597 0.0002643390043349667 0.9996477416544249 0.5828958749771118
0.9997800896930997 -0.0002577373965810916 0.02096916366220276 0.02380106784403324 0.00026226511009058554 0.9999999428872026 -0.00021317270925810716 -0.014424692839384079 -0.020969107522016053 0.00021862531039856654 0.9997801001883885 0.5969928503036499
0.9997933002557722 -0.0002507414163873568 0.020329630897131974 0.023392023518681526 0.00025409362085063826 0.9999999545460077 -0.0001623096253314489 -0.014554020948708057 -0.020329589275323738 0.00016744170549861642 0.9997933185229695 0.5602923631668091
0.9997698365683322 -0.0002442087556969864 0.0214526047419348 0.024322420358657837 0.0002492021802735753 0.9999999424778777 -0.00023009240390072866 -0.014347374439239502 -0.021452547317355797 0.00023538548091768362 0.9997698399168039 0.5942516326904297
0.9999983332957239 -2.0010532589671434e-05 -0.0018256520351872044 -0.003652514424175024 2.0104475063646247e-05 0.9999999984749403 5.143860629930223e-05 -0.016764316707849503 0.0018256510030890678 -5.147522434217345e-05 0.9999983321729676 0.5776849985122681
0.9996298183063052 0.00033750460371114436 -0.027205007692445094 -0.035589899867773056 -0.0003255421677068109 0.9999998483799475 0.00044414229613446994 -0.019797150045633316 0.027205153467690046 -0.0004351215056103663 0.9996297766143598 0.5084697604179382
0.9995997865116274 0.0003361182954115664 -0.02828699047973738 -0.0372931994497776 -0.0003227946124485632 0.9999998348121703 0.0004755830850179681 -0.01992778107523918 0.02828714565924667 -0.00046626186212325895 0.9995997298870828 0.5260287523269653
0.9998756203626489 0.0001091501111685867 -0.01577123618048677 -0.021882494911551476 -0.0001050401142551368 0.9999999603107429 0.0002614289321076034 -0.018447527661919594 0.015771264089535126 -0.00025973980322149175 0.9998755921434688 0.6144073605537415
0.9997057395056358 0.0002611819541356095 -0.024256260706814275 -0.03329315036535263 -0.0002525953119623031 0.999999904351796 0.0003570602294301924 -0.019619759172201157 0.024256351644434966 -0.00035082814297028575 0.9997057098589144 0.6186923980712891
0.9997850876651398 0.00020788379610525 -0.020730057084725837 -0.030081167817115784 -0.0002066565946057166 0.9999999767651451 6.134135161554397e-05 -0.019580114632844925 0.020730069354938995 -5.7044165599333235e-05 0.9997851073958357 0.716916561126709
0.9990408504514051 0.0005568915665934199 -0.04378434653064507 -0.05875512212514877 -0.0005312807813928845 0.9999996809257344 0.0005965644642917306 -0.022330354899168015 0.04378466478190597 -0.0005727304879175197 0.9990408275489665 0.5557684302330017
0.9994195769657946 0.0004123428773929072 -0.03406375127408914 -0.04629354178905487 -0.00039866148172886575 0.9999998371262117 0.0004084318458966536 -0.02102263644337654 0.03406391413995948 -0.0003946148770892204 0.9994195785717648 0.6080245971679688
0.9981706633247962 0.0008657322305660006 -0.06045310070990401 -0.07949525862932205 -0.0008155961231568299 0.9999993027353895 0.000854009191566757 -0.02459806203842163 0.06045379790137862 -0.0008031416066598554 0.998170673423568 0.4472481310367584
0.9987562558673824 0.0006913722349681938 -0.04985442177180242 -0.06545516103506088 -0.000650058815745989 0.9999994317915286 0.000844890617915226 -0.022764991968870163 0.04985497757801243 -0.0008114314837898112 0.9987561377982331 0.46353328227996826
0.9986443286224355 0.0007046935954144297 -0.052048134617688716 -0.06917956471443176 -0.0006677538315112532 0.9999995127084284 0.0007271091566786754 -0.023407001048326492 0.05204862164423729 -0.0006913680942926263 0.9986443125533198 0.515192985534668
0.9991142513187443 0.0005276812016293162 -0.042076529851380835 -0.0563117153942585 -0.000503274074117525 0.9999996989204686 0.0005906557188300639 -0.022091278806328773 0.04207682886091841 -0.000568956519703002 0.9991142160741621 0.5465563535690308
0.9991272882445872 0.0005076618830457346 -0.04176606474675423 -0.05646611750125885 -0.0004889953726943167 0.9999997759509517 0.00045714502278629965 -0.022339345887303352 0.04176628746421027 -0.0004363226545541715 0.9991273126353808 0.5860068798065186
0.9996256233555194 0.0003107629343845351 -0.02735903063867451 -0.03780943527817726 -0.00030213589777981174 0.9999999033295611 0.0003194601191157379 -0.0201847143471241 0.027359127270229044 -0.00031107437542389667 0.9996256206139098 0.6362963914871216
0.9989322649431843 0.0006112960077168679 -0.04619476564147556 -0.06294351071119308 -0.0005917784638585002 0.9999997297725128 0.00043618018191704305 -0.022996967658400536 0.04619501979358397 -0.00040837738959610616 0.998932356756041 0.6298263669013977
0.9994902243526277 0.0003870578006007705 -0.03192399739683681 -0.043799057602882385 -0.00037630801108364404 0.9999998704614099 0.0003427381571973932 -0.020861048251390457 0.0319241259209245 -0.0003305501816651856 0.9994902405330243 0.6312077045440674
0.9999587350665141 7.757055586794825e-05 -0.009084170131944999 -0.015327883884310722 -7.865207908586366e-05 0.9999999898622445 -0.00011869861702643664 -0.018249768763780594 0.009084160832334199 0.00011940820780354735 0.9999587310302623 0.754931628704071
0.999953399321725 0.00015731713954561337 -0.009652690622034457 -0.01846049539744854 -0.00016302175538175683 0.9999998125420576 -0.000590203149069295 -0.019182607531547546 0.00965259596348977 0.0005917492437715892 0.9999532375186344 0.9722071290016174
0.9999851666538164 0.00011669735162533348 -0.005445443422452605 -0.012514697387814522 -0.00012021808545989576 0.9999997839711037 -0.0006462239224768724 -0.018853431567549706 0.005445366833459163 0.0006468689775964456 0.9999849646572567 0.9867017269134521
0.9999997532629291 -5.210893483523598e-05 -0.0007005417469352917 -0.0038625746965408325 5.1842669896526254e-05 0.9999999264192578 -0.00038009711365387985 -0.01739104464650154 0.0007005615018446367 0.0003800607019152964 0.9999996823836718 0.812637448310852
0.9999986494965362 -7.030190946557265e-05 0.0016419691668112144 -8.462113328278065e-05 7.054845331264918e-05 0.9999999862473697 -0.00015009388907147016 -0.016425756737589836 -0.0016419585923428193 0.0001502095247542587 0.9999986407036158 0.713297963142395
0.9999895482271214 -0.0001198626820011358 0.004570456153938269 0.004490881692618132 0.0001208854501592696 0.9999999677166607 -0.00022350254023372284 -0.016167236492037773 -0.004570429216774776 0.00022405270588553655 0.9999895304337738 0.6816502213478088
0.999482065708932 0.00044539241125549214 -0.03217766231107494 -0.0416666679084301 -0.0004272325666764255 0.9999997455813734 0.0005712350848171257 -0.020376093685626984 0.03217790854825012 -0.0005571918773196301 0.9994820017082208 0.4997551143169403
0.9985332539704701 0.0007572338972983917 -0.054136561693271155 -0.07266592979431152 -0.000730517589287732 0.9999996014411543 0.0005132850907566051 -0.024117451161146164 0.054136928793535315 -0.00047298452134722594 0.9985334091688902 0.5714557766914368
0.9991438914537647 0.0005806930661902355 -0.04136601221039085 -0.05564979836344719 -0.0005590706987779915 0.9999997009951371 0.0005342748262259481 -0.021998222917318344 0.04136631009143908 -0.0005106909036290555 0.9991439173533608 0.5891494750976562
0.999935684788562 0.00011806629757783587 -0.011340738370086164 -0.018319781869649887 -0.0001200114186291121 0.9999999782061797 -0.00017083588399659737 -0.018358126282691956 0.011340717952967835 0.0001721859147506926 0.9999356771654474 0.7770769596099854
0.9999756789723265 5.1588441910586196e-05 -0.006974152455094122 -0.011667806655168533 -5.2992379540447766e-05 0.9999999783710348 -0.00020112120082955214 -0.017709190025925636 0.006974141928721036 0.0002014858862891344 0.9999756600776818 0.7248125672340393
0.9999900766001005 -9.08622024637086e-05 0.004454036976113576 0.003842212725430727 9.159070264112728e-05 0.9999999824630086 -0.00016335582385170033 -0.01602882891893387 -0.004454022055133229 0.00016376215118276623 0.9999900673854164 0.6806659698486328
0.9999961496306308 -3.414828401704135e-05 0.002774807706409959 0.0005598284769803286 3.5105615180686425e-05 0.9999999398850478 -0.00034496013711904177 -0.016778575256466866 -0.0027747957598057904 0.00034505622022663787 0.9999960907147067 0.8015944957733154
0.99999991343395 -5.540893736731497e-05 -0.00041238567236518445 -0.0036764168180525303 5.522137039370942e-05 0.9999998950395097 -0.0004548313647185239 -0.017774274572730064 0.00041241083080358233 0.0004548085528436103 0.9999998115332259 0.8440285921096802
0.9997687654476389 0.00022551379385165473 -0.02150266910948935 -0.03047887235879898 -0.00022325265110601278 0.9999999692948872 0.00010755685893137587 -0.019565675407648087 0.02150269270480279 -0.00010273146018469867 0.9997687850961788 0.6725003719329834
0.9996888484221702 0.00027344531904257885 -0.024942565385550255 -0.03485305607318878 -0.00026866261442091743 0.9999999448782726 0.00019509959260578826 -0.020082950592041016 0.024942617359743315 -0.00018833775223286843 0.9996888667821285 0.6448474526405334
0.9999720951651291 2.3540929048431585e-05 -0.007470497767041805 -0.01244264654815197 -2.4392660134052835e-05 0.9999999932134414 -0.00011392153491895662 -0.0177156999707222 0.0074704950345240596 0.00011410058127040008 0.9999720889529854 0.7317028641700745
0.9999999577637338 -4.8808407091187885e-05 0.0002865139971083807 -0.0024778805673122406 4.887274620279248e-05 0.9999999735931078 -0.00022455564799608822 -0.017113134264945984 -0.0002865030293389543 0.00022456964123756024 0.9999999337422433 0.786340594291687
0.9998441274728689 0.00016488826706545723 -0.017654845507036988 -0.025624655187129974 -0.00016428427587874785 0.9999999858694713 3.5661386090814264e-05 -0.019070785492658615 0.017654851137708833 -3.2755413950568546e-05 0.9998441404330921 0.70420241355896
0.9999772836101833 4.611712326582937e-07 -0.006740345939652901 -0.011527465656399727 -1.1873027654449943e-06 0.9999999941969445 -0.00010772511837394562 -0.017642730847001076 0.006740345850858575 0.00010773067407953781 0.9999772778078073 0.7402125597000122
0.9999959596040574 2.7393289351720983e-05 -0.0028425385077244453 -0.006666569504886866 -2.7855285174869013e-05 0.9999999864105661 -0.00016248984763829339 -0.016854112967848778 0.002842534017964543 0.00016256837083572552 0.9999959467777264 0.7432198524475098
0.9999994078850378 -9.38438065451488e-06 0.0010881826624470402 -0.001547343097627163 9.684831957558594e-06 0.9999999618378276 -0.0002760987994079334 -0.016504768282175064 -0.001088180029903394 0.0002761091747919282 0.9999993698137744 0.7449783682823181
0.9999941024502055 -6.883145065919417e-05 0.0034337045649599327 0.002114957431331277 6.969441120899004e-05 0.9999999660202381 -0.0002512015364436961 -0.016244010999798775 -0.003433687157717308 0.000251439364988047 0.9999940732678113 0.7303603887557983
0.9999996814351239 -9.598446358828082e-05 0.0007924119089321219 -0.001183998305350542 9.619588637541101e-05 0.9999999597886184 -0.000266775397725059 -0.016918985173106194 -0.0007923862707746952 0.0002668515395057417 0.9999996504570657 0.7539137601852417
0.9999975239099953 -4.8627952304484016e-05 -0.00222481666669656 -0.0050545441918075085 4.8389449737964535e-05 0.999999993077445 -0.00010725470107024305 -0.016839921474456787 0.0022248218668716327 0.00010714677784368049 0.9999975193405374 0.7124112248420715
0.9999906138667422 2.1818258068912335e-06 -0.0043326866556940595 -0.008480116724967957 -2.6677717148315778e-06 0.9999999937073698 -0.00011215232492530885 -0.017318518832325935 0.004332686383733227 0.00011216283086755118 0.9999906075799913 0.7468025088310242
0.9999956015091579 -3.557575716491729e-05 0.002965753985560064 0.00092695327475667 3.64428859970706e-05 0.9999999566084081 -0.0002923270393845605 -0.01629888080060482 -0.002965743457115511 0.000292433834221146 0.9999955594142401 0.7472846508026123
0.999973309712448 -3.909404471306488e-05 0.00730604779534189 0.006389148533344269 4.14398393989949e-05 0.9999999476450591 -0.00032092463081909525 -0.015767056494951248 -0.0073060348665923225 0.0003212188266956966 0.9999732589789555 0.7544307112693787
0.9999860026495051 -5.2277430090702305e-05 0.005290725104780267 0.004105276428163052 5.390674179249642e-05 0.9999999511722751 -0.000307814084188903 -0.01598959043622017 -0.005290708754716931 0.00030809498135939774 0.9999859566405697 0.7370685338973999
0.9999791407427305 -4.369642611979883e-05 0.00645880562123666 0.005941739305853844 4.507927308469422e-05 0.9999999760950968 -0.00021395715714925647 -0.015607502311468124 -0.006458796117676426 0.0002142438524242715 0.999979118808129 0.6928831338882446
0.9999946186464233 -3.1490677215309484e-05 0.0032805009575291202 0.0015902752056717873 3.241066523505326e-05 0.9999999601659083 -0.00028038853602097724 -0.016105961054563522 -0.003280491997228461 0.0002804933503694637 0.9999945798331794 0.7201432585716248
0.999999517134888 1.9830318994591462e-05 -0.0009825155213689456 -0.0033868099562823772 -1.994697198638451e-05 0.9999999927539295 -0.00011871924794180957 -0.016475383192300797 0.0009825131600090112 0.00011873878882600751 0.9999995102843755 0.6744296550750732
0.9999436748944853 -8.661360376612446e-05 0.010613177497602214 0.01138393022119999 8.951600136236416e-05 0.9999999587299268 -0.0002729963927600448 -0.015332575887441635 -0.01061315341439421 0.00027393106542075187 0.99994364138004 0.650774359703064
0.9999312147180609 -9.684030349922479e-05 0.011728446377041209 0.01256759837269783 0.0001001010051110631 0.9999999565062511 -0.0002774297842463305 -0.015223180875182152 -0.0117284190005426 0.0002785847304311358 0.9999311809211152 0.6722280979156494
0.999949127543748 -0.00010116462304677492 0.010086232706811495 0.010903412476181984 0.00010313858488944025 0.9999999756319257 -0.0001951885755496379 -0.015334904193878174 -0.010086212714850759 0.0001962189255956135 0.9999491136108896 0.6372886300086975
0.9999220863136752 -0.00011352294786532029 0.012482324088383267 0.013620840385556221 0.00011585012992816295 0.9999999760442885 -0.00018571529270251482 -0.014989238232374191 -0.01248230270641282 0.0001871469018068981 0.9999220755114784 0.6339499354362488
0.9999087776977591 -0.00011715366882753603 0.013506389524651632 0.014967000111937523 0.00012088633780662877 0.9999999547301377 -0.0002755471212929478 -0.015075705014169216 -0.013506356631863042 0.0002771547232167925 0.9999087465943043 0.6285094022750854
0.9999271899917798 -6.476315684761555e-05 0.01206691844991327 0.012649204581975937 6.790668828835648e-05 0.99999996386868 -0.0002600986745053655 -0.015095711685717106 -0.012066901169108323 0.0002608991611885159 0.9999271582609419 0.701595664024353
0.9999278151812391 -7.391175795142202e-05 0.012014947520729716 0.012475768104195595 7.784428562475175e-05 0.9999999435593749 -0.00032683560727426845 -0.015151465311646461 -0.012014922685604274 0.00032774730971176283 0.9999277644982961 0.6915107369422913
0.9999593165146962 -7.000381305653612e-05 0.009020000827498207 0.00950115080922842 7.205513764845715e-05 0.9999999716180082 -0.00022709478234086042 -0.015537974424660206 -0.009019984673991928 0.000227735480734835 0.9999592931779934 0.6546656489372253
0.9998954860112176 -8.75693787868397e-05 0.01445715691258744 0.015454946085810661 9.213623945503482e-05 0.9999999460725222 -0.000315223518168093 -0.014849516563117504 -0.014457128529021765 0.00031652260097198834 0.999895440157689 0.6821427345275879
0.9998785227608427 -3.8164581459501305e-05 0.015586476993213827 0.016483208164572716 4.437527959522397e-05 0.9999999197650751 -0.0003981214365571292 -0.014715224504470825 -0.015586460548496018 0.0003987647281386452 0.9998784442292283 0.7290624380111694
0.9998319236119441 -5.9954582821880014e-05 0.01833360117072584 0.019486218690872192 6.699504249274284e-05 0.999999924255932 -0.00038340552201663827 -0.014416431076824665 -0.018333576795146182 0.0003845693409908148 0.9998318518972669 0.7371907234191895
0.9999568150492989 -2.56882808834948e-05 0.009293405004339637 0.00870400108397007 2.908087265816331e-05 0.999999932994306 -0.0003649187395033246 -0.015405097976326942 -0.009293395007493505 0.00036517324083304117 0.9999567487935361 0.7571587562561035
0.9999938501106893 1.9967091069762746e-06 0.003507098061628738 0.0011277105659246445 -4.5085952490899576e-07 0.9999999028572094 -0.00044077814012410173 -0.01656852476298809 -0.0035070986010451713 0.00044077384817876343 0.9999937529693962 0.8189657926559448
0.9999982583068436 3.928364108863708e-05 0.0018659689371716792 -0.0017887325957417488 -3.827143424997481e-05 0.9999998521204615 -0.0005424890341663459 -0.017157580703496933 -0.001865989972177567 0.0005424166760094164 0.9999981119310041 0.8868664503097534
0.9999994580638102 3.753147301720824e-05 0.0010404150491904822 -0.003187870141118765 -3.692891236150759e-05 0.9999998316007476 -0.0005791672746482868 -0.017628930509090424 -0.0010404366109863067 0.0005791285393804094 0.9999992910506454 0.9232765436172485
0.9999989043858892 6.895432804461834e-05 0.0014786724864157192 -0.003031096886843443 -6.80150327555179e-05 0.999999795903201 -0.0006352696371929007 -0.01774543896317482 -0.0014787159892143574 0.0006351683692249237 0.9999987049792446 0.9560059309005737
0.9999999101198096 4.52447097208788e-05 0.00042156054009121646 -0.004858255852013826 -4.4922958445717934e-05 0.9999997077409734 -0.000763216807722312 -0.018704703077673912 -0.0004215949484092628 0.0007631978013776152 0.9999996198933355 1.0119813680648804
0.9999997037625659 5.6532926647866675e-05 0.0007676449757831096 -0.00405312143266201 -5.603695586042855e-05 0.9999997897072351 -0.0006461001046880054 -0.01805897429585457 -0.0007676813402827507 0.0006460568968013438 0.9999994966377963 0.973530650138855
0.9999999263227447 3.977678580595432e-05 0.0003818014043098324 -0.0044709378853440285 -3.951092509536339e-05 0.9999997567923014 -0.0006963147453778777 -0.01835990697145462 -0.00038182900861527194 0.0006962996087486314 0.9999996846866817 0.9811168909072876
0.9999999032394599 4.914493722685507e-05 0.0004371565467842626 -0.004504020791500807 -4.884762718195061e-05 0.9999997675495326 -0.0006800843996289221 -0.018251581117510796 -0.00043718986787214757 0.0006800629797635707 0.9999996731896283 0.9800947904586792
0.9999994526427785 -1.003792078906768e-05 0.0010462377280960346 -0.0023331078700721264 1.0553256605371943e-05 0.9999998786383237 -0.0004925565617479245 -0.01738611049950123 -0.001046232656879119 0.0004925673333587483 0.9999993313871014 0.8618696928024292
0.9999999599943976 -1.6879727205823467e-05 0.0002823584204088042 -0.0034136963076889515 1.70255786868693e-05 0.9999998664416184 -0.0005165528768194079 -0.01767835021018982 -0.00028234966342582246 0.0005165576634699035 0.9999998267234087 0.8817746639251709
0.9999999785191094 1.3719917857014807e-05 -0.00020681766046671667 -0.004746691323816776 -1.3838626768601241e-05 0.9999998351730638 -0.0005739880988138984 -0.018026642501354218 0.00020680975130802872 0.0005739909485565351 0.9999998138820415 0.9360489845275879
0.9999991051872819 3.3893407505940805e-05 0.0013373391015999764 -0.0027986066415905952 -3.302847151421758e-05 0.9999997902951328 -0.0006467757036134256 -0.01774575747549534 -0.0013373607425859449 0.000646730954603878 0.9999988966020497 0.9246978759765625
0.9999984548404938 9.609256222470999e-06 0.0017579033783376254 -0.0015244975220412016 -8.7714417712407e-06 0.9999998863849894 -0.0004766057811115228 -0.017099542543292046 -0.0017579077584404818 0.0004765896253324467 0.9999983413099456 0.8609564304351807
0.9999999034737453 2.578295902598827e-05 0.0004386202671771444 -0.0040532383136451244 -2.551613485154939e-05 0.9999998146473112 -0.0006083208607578359 -0.017972800880670547 -0.0004386358701895262 0.0006083096101450158 0.9999997187789561 0.9414365291595459
0.9999999994304075 2.9433347920834504e-06 3.3623229494184113e-05 -0.004228365607559681 -2.924689339353478e-06 0.9999998462453956 -0.000554527394455129 -0.017917586490511894 -3.362485648423103e-05 0.0005545272958017736 0.9999998456844117 0.9206222295761108
0.9999992701053171 6.282504360967066e-06 0.0012082008786021249 -0.002563794609159231 -5.632257148311712e-06 0.9999998551559779 -0.0005381972692976621 -0.017573636025190353 -0.0012082040848281417 0.0005381900715723019 0.9999991252967855 0.8946540951728821
0.999999281068425 2.1145632952565354e-06 0.001199107235596417 -0.002468330319970846 -1.5157712429092014e-06 0.9999998753158532 -0.0004993655785362607 -0.01745556853711605 -0.0011991081420268772 0.0004993634019543136 0.9999991563875728 0.8861150741577148
0.9999994486954145 -1.649855032613812e-05 0.0010499222185660197 -0.002450590953230858 1.706101162217952e-05 0.99999985636163 -0.0005357104079772104 -0.01763598620891571 -0.0010499132293117772 0.0005357280253727793 0.9999993053386056 0.8809890747070312
0.9999944076320754 -2.200199529704198e-05 0.003344281759558527 0.0010828676167875528 2.3427358497414976e-05 0.9999999089149331 -0.0004261704881607037 -0.016714440658688545 -0.0033442720783433215 0.0004262464525462327 0.9999943170629662 0.8131785988807678
0.9999661692381143 -5.7018279094982316e-05 0.008225395319764996 0.007863612845540047 5.957741880370134e-05 0.9999999499014678 -0.0003108819596350863 -0.015613807365298271 -0.008225377181730425 0.000311361490083327 0.9999661225382791 0.7293202877044678
0.9999707118094134 -4.658368230464393e-05 0.007653323025694792 0.006994468159973621 4.863220844166181e-05 0.9999999630449345 -0.00026747904175200744 -0.01560896821320057 -0.007653310282707035 0.0002678434057755117 0.9999706771208977 0.7438002824783325
0.9999865494835977 -6.680398875446928e-05 0.005186172877549269 0.004405091516673565 6.847854817997136e-05 0.9999999455837155 -0.0003227123407583581 -0.01608317345380783 -0.005186151036865426 0.00032306314169999034 0.999986499642685 0.7379446029663086
0.9999654382398846 -0.00011463738868859977 0.008313193368672691 0.008972796611487865 0.00011636339390990343 0.999999971776493 -0.0002071390206746989 -0.015633685514330864 -0.008313169388168793 0.00020809921298016383 0.9999654233569486 0.6325116753578186
0.9999674245026362 -6.050175392004914e-05 0.008071324123277834 0.007711161393672228 6.262375936219034e-05 0.9999999635455025 -0.0002626542578658447 -0.015565686859190464 -0.008071307937998491 0.0002631511584323903 0.9999673918381731 0.7315999269485474
0.9999863291089097 -1.1062791607918256e-05 0.005228907429075954 0.003727339208126068 1.3308695288267797e-05 0.9999999076839473 -0.0004294822179125508 -0.016248811036348343 -0.005228902195091585 0.00042954593644358867 0.9999862369413505 0.7895350456237793
0.9999983046616127 -4.398198751132543e-05 0.001840852923280071 -0.0006662087980657816 4.473076565576868e-05 0.9999999162902578 -0.00040671689895025007 -0.017028985545039177 -0.001840834880965177 0.0004067985521881965 0.9999982229193604 0.8127744197845459
0.9999982481792992 -3.26006369751175e-05 0.0018715169064244443 -0.0008185054175555706 3.3328989062861346e-05 0.9999999237266848 -0.00038914753342033276 -0.0169972013682127 -0.001871504077220179 0.00038920922747013323 0.999998172992664 0.8190320730209351
0.9999979750286897 -4.621793218219461e-05 0.0020119151131897813 -0.00035269418731331825 4.69637786951692e-05 0.9999999301994316 -0.00037066903758463984 -0.016921838745474815 -0.0020118978412005215 0.0003707627741266024 0.9999979073988314 0.8035088181495667
0.9999980744118806 -4.433343687128219e-06 0.0019624354452798783 -0.0010745564941316843 5.314621225386003e-06 0.9999998991546573 -0.00044906840308455196 -0.017080284655094147 -0.0019624332565028324 0.000449077967964841 0.9999979735902933 0.8454832434654236
0.9999985729401657 -1.1362678670264708e-05 0.0016893751866740184 -0.0013938776683062315 1.2181740144359288e-05 0.999999882399848 -0.00048482150841090243 -0.017302393913269043 -0.0016893694791322276 0.0004848413960711315 0.9999984554785989 0.854304313659668
0.9999986036619873 -4.629178999560117e-05 0.0016704882955619316 -0.0009270161390304565 4.696481525697599e-05 0.9999999177513327 -0.00040285435812028214 -0.017154259607195854 -0.001670469509317151 0.0004029322497736184 0.9999985235875204 0.8169537782669067
0.9999944857133443 -5.296262954629732e-05 0.003320502652239725 0.0018135022837668657 5.4212199762351086e-05 0.9999999277557389 -0.00037623071911941557 -0.016655227169394493 -0.003320482486184264 0.00037640865622847635 0.9999944163407024 0.7671986222267151
0.9999973612039847 3.264859817972717e-06 0.0022972971962022548 -0.00047698034904897213 -2.335616707070886e-06 0.9999999181885013 -0.00040449664438323065 -0.016878334805369377 -0.002297298328881769 0.00040449021139338476 0.9999972794003276 0.8304697871208191
0.9999999406078257 5.305899289862008e-05 0.0003405423448674329 -0.004618355073034763 -5.2830697658357314e-05 0.9999997739123502 -0.0006703612207128791 -0.018210792914032936 -0.00034057783656626375 0.000670343189809007 0.9999997173233328 0.9817745685577393
0.9999998200111889 1.3272224197300826e-05 0.0005998345085367544 -0.003578603733330965 -1.2903637683365801e-05 0.9999998111238736 -0.0006144800347320294 -0.018008407205343246 -0.0005998425507591216 0.0006144721840853304 0.9999996313063566 0.9288182258605957
0.9999997997822896 -1.4954304865980674e-05 0.0006326229124529375 -0.0030295848846435547 1.5276983110707606e-05 0.999999869801495 -0.0005100623557584032 -0.017727162688970566 -0.0006326152024584115 0.0005100719182044353 0.9999996698122674 0.8870431780815125
0.999999382287944 -4.2983399850689334e-05 0.001110664736938962 -0.001871342770755291 4.3428983783088716e-05 0.9999999185899959 -0.0004011657075737012 -0.01734044775366783 -0.001110647403053726 0.0004012136948096562 0.9999993027447156 0.8383584022521973
0.9999979245643776 -0.00010206559102357271 0.0020348094634389476 0.0007738235872238874 0.00010264278203824162 0.999999954530199 -0.000283556095768133 -0.016824552789330482 -0.002034780429596063 0.000283764365769956 0.9999978895709671 0.7377162575721741
0.9999978483088291 -7.503673381049784e-05 0.0020731008660624974 0.00036259950138628483 7.543702238755783e-05 0.9999999785283212 -0.00019300935984344457 -0.016528941690921783 -0.0020730863387575836 0.00019316533310335387 0.9999978324977441 0.7414575815200806
0.9999984584665066 -4.080377264629171e-05 0.0017553915981704201 -0.0008076210506260395 4.1453478201087924e-05 0.9999999306592681 -0.00037008521797171303 -0.017019174993038177 -0.0017553763755771877 0.0003701574145603032 0.9999983908173397 0.8109902143478394
0.9999998902035631 -5.233166535508987e-05 0.0004656761302389754 -0.0025665187276899815 5.251867366214393e-05 0.9999999179871149 -0.00040158131460530527 -0.0174393467605114 -0.0004656550766285637 0.0004016057272058242 0.9999998109390767 0.8331608772277832
0.9999970295879101 -1.6477006687930878e-05 -0.002437323093990974 -0.006151198875159025 1.600117132778196e-05 0.999999980811081 -0.00019524804701477047 -0.01742381788790226 0.0024373262643247553 0.00019520846702320298 0.9999970106626996 0.7831873297691345
0.999999949550875 5.156723106965747e-05 0.0003134311223322037 -0.00464498158544302 -5.136018813720773e-05 0.9999997805236271 -0.0006605413150963997 -0.01817960850894451 -0.00031346511582810445 0.0006605251838912572 0.9999997327230157 0.9781108498573303
0.9999981157636236 1.8715422867510362e-05 0.0019411643245605987 -0.0015647872351109982 -1.761576819513117e-05 0.9999998393792483 -0.0005665078657439547 -0.017445523291826248 -0.0019411746152035913 0.0005664726032084565 0.9999979554728614 0.8881151080131531
0.9999990316952289 -7.169179896695174e-06 0.0013916023884651563 -0.0019469736143946648 7.854820729230395e-06 0.9999998785954725 -0.0004926939639719488 -0.017385827377438545 -0.0013915986873066642 0.0004927044176813205 0.9999989103471315 0.8655235767364502
0.999999353701406 -1.3389988812051687e-05 0.0011368454065428175 -0.002263838890939951 1.3948597719087232e-05 0.9999998791848888 -0.00049136101230172 -0.017455823719501495 -0.001136838689876256 0.0004913765521350334 0.9999992330731444 0.8677898645401001
0.9999969372693477 -2.153996076141331e-05 0.002474871300471392 -0.00012844405137002468 2.262381447249256e-05 0.9999999038587323 -0.00043791630340612 -0.016963114961981773 -0.002474861629834136 0.0004379709532155797 0.9999968416156907 0.8249255418777466
0.9999943805606181 1.2310203708618188e-05 0.0033524163888476203 0.0006936895661056042 -1.068471639762303e-05 0.9999998823848079 -0.00048488782916464247 -0.01682424545288086 -0.0033524219636204763 0.00048484928474851793 0.9999942630776181 0.8425830602645874
0.9999991688745308 -3.351542207947171e-05 0.001288847145225694 -0.0016494870651513338 3.4075619264149686e-05 0.9999999049676633 -0.00043463032112602706 -0.017249008640646935 -0.0012888324559248775 0.00043467387815830796 0.999999074984332 0.8345639705657959
0.9999994008180585 -4.777649981561462e-05 0.0010936548494495323 -0.0012080473825335503 4.810269006391147e-05 0.9999999543717016 -0.0002982326701684586 -0.016726098954677582 -0.0010936405510348114 0.00029828509921308823 0.9999993574879659 0.7642977237701416
0.99999855510236 -4.058052194803161e-05 0.0016994547400953945 -0.0005909798201173544 4.104681191181432e-05 0.9999999615257472 -0.0002743422379228225 -0.016610920429229736 -0.0016994435417589358 0.0002744115987254397 0.9999985182938638 0.7713457942008972
0.9999986135583768 -2.845584461303965e-05 -0.0016649539298710441 -0.00458506029099226 2.8147479843560234e-05 0.9999999824483513 -0.00018523232945788533 -0.016965849325060844 0.0016649591715907426 0.00018518520838689233 0.9999985968077131 0.7385894060134888
0.9999995841967309 -3.902040194420535e-05 0.0009110893331239009 -0.002005358226597309 3.9345131112622655e-05 0.9999999357142936 -0.0003564033791548189 -0.017073001712560654 -0.0009110753675507709 0.0003564390778903959 0.9999995214463143 0.8148713111877441
0.9999998808375056 -5.80564664885054e-05 0.0004847209723705944 -0.002024664543569088 5.8204038056619495e-05 0.9999999519649349 -0.00030443787154532973 -0.016911203041672707 -0.0004847032744999038 0.00030446604798567634 0.9999998361815671 0.7752712368965149
0.9999624081694194 -7.093070875712267e-05 0.00867047962052066 0.008711691945791245 7.31551399718645e-05 0.9999999644958754 -0.00025623538658559617 -0.015520895831286907 -0.008670461137725292 0.00025686004437861724 0.9999623778555754 0.6892922520637512
0.9999614345308043 -5.046087759738467e-05 0.008782192482279513 0.00847090408205986 5.2820505147673514e-05 0.9999999625719034 -0.00026845145971650755 -0.015446354635059834 -0.008782178607282514 0.00026890498660322537 0.9999613997695201 0.7318934202194214
0.9999847594750132 -2.9069348578022088e-05 0.005520867021810746 0.004213207401335239 3.11270183760589e-05 0.9999999300919118 -0.00037262216785713403 -0.016033222898840904 -0.005520855803973802 0.00037278833702891393 0.9999846904728328 0.7687696218490601
0.9999682677534569 -3.6518063489873405e-05 0.007966313613056063 0.007259821984916925 3.937692032183159e-05 0.9999999348876943 -0.00035871167398009266 -0.015638573095202446 -0.007966299994895332 0.0003590139801492161 0.9999682040811864 0.7481248378753662
0.9999958399720164 8.335697275745868e-06 0.0028844356773963476 0.00026778143364936113 -7.237311202443602e-06 0.9999999274665212 -0.00038080779013722484 -0.016700435429811478 -0.002884438642476653 0.00038078533040752086 0.9999957674991676 0.8248167037963867
0.9999998782831049 2.9769540525716165e-05 0.0004924911670180147 -0.003979346714913845 -2.947766111233434e-05 0.999999823945053 -0.0005926558277250426 -0.017871331423521042 -0.0004925087234041899 0.0005926412381010933 0.999999703105716 0.9389156103134155
0.9999989085199532 -4.76068517141529e-05 0.0014767167942511125 -0.0010519761126488447 4.827438098034796e-05 0.9999998966811025 -0.0004520037267520768 -0.01727028377354145 -0.0014766951232039673 0.00045207452098815356 0.9999988074993594 0.8177699446678162
0.9999107650327571 -6.369114458332032e-05 0.013358814133155966 0.013800118118524551 6.826268880914502e-05 0.9999999392714731 -0.00034175613414390093 -0.014972842298448086 -0.01335879155505551 0.0003426375461184964 0.9999107086573782 0.710875391960144
0.9999229919343063 -3.4434854459348744e-05 0.012410036880931825 0.01269327662885189 3.8382545309018e-05 0.9999999487437853 -0.0003178666499500934 -0.015040142461657524 -0.01241002529914848 0.00031831850045710116 0.9999229420037361 0.7316820621490479
0.9999758987689767 1.5078751514736408e-05 0.006942741087529885 0.005752624943852425 -1.231306531611113e-05 0.999999920563272 -0.00039839909424513396 -0.015814069658517838 -0.006942746543382195 0.00039830400591204054 0.9999758195198288 0.7819429636001587
0.999999125656483 -2.666877492984505e-05 -0.0013221100733499924 -0.00469022523611784 2.623543645211916e-05 0.9999999459362989 -0.0003277790430859768 -0.017324119806289673 0.0013221187433373554 0.0003277440703596834 0.9999990722924962 0.7950448393821716
0.9999766956073868 -3.1501574242938264e-05 0.006826950254877049 0.005410593003034592 3.389411737919235e-05 0.9999999380564601 -0.000350340212900453 -0.015811139717698097 -0.006826938795723357 0.0003505634418878641 0.9999766347330085 0.7667738795280457
0.9999822060021051 -4.4202027573255516e-05 0.005965377217223752 0.004732287023216486 4.621163774137405e-05 0.9999999422348012 -0.000336741560260901 -0.01595459133386612 -0.0059653619879728205 0.00033701123813323965 0.9999821502805825 0.764481246471405
0.9999912159393176 -3.2287219800817356e-05 0.004191300721832536 0.0023246528580784798 3.365788118525769e-05 0.9999999459837279 -0.000326955178488281 -0.016181599348783493 -0.004191289938960382 0.0003270933767958598 0.9999911630102392 0.7719270586967468
0.9998269132729285 -0.0001442991033664068 0.01860437241340395 0.020590346306562424 0.00015086475508569453 0.9999999268416561 -0.00035150605696171575 -0.014515388756990433 -0.018604320330330028 0.00035425196001644165 0.9998268618968963 0.6575223803520203
0.9998530713660243 -0.00015857321856858263 0.017140902381786702 0.018923193216323853 0.0001621092496814375 0.9999999658677264 -0.0002049027499532807 -0.014529800973832607 -0.01714086930464018 0.00020765134269610646 0.9998530629449514 0.6355334520339966
0.999980666413404 -6.47708875319729e-05 0.006217926031778374 0.005364233162254095 6.640129087401078e-05 0.9999999634723671 -0.00026200407089627993 -0.01590707339346409 -0.006217908834416044 0.00026241188373295595 0.9999806341873477 0.7286288142204285
0.9999766923968268 -0.00010625639227823307 0.006826666293364311 0.0070665981620550156 0.00010769931255331408 0.9999999719403473 -0.000210998015994951 -0.015862608328461647 -0.0068266436819224684 0.0002117283254037501 0.9999766757815686 0.6655014157295227
0.9999841697481489 -7.57629399742425e-05 0.005626234360794902 0.0055798115208745 7.626109762030676e-05 0.9999999931912534 -8.83274491720467e-05 -0.01583796553313732 -0.005626227630540067 8.875511373410423e-05 0.9999841687172749 0.6264556050300598
0.999999667213435 -2.7388742766049302e-05 -0.0008153667130819166 -0.002192107029259205 2.7321113185597784e-05 0.9999999961860309 -8.295478219296359e-05 -0.016783401370048523 0.0008153689819993235 8.293247786047066e-05 0.9999996641477576 0.6199815273284912
0.9999756429379029 -9.851477939243942e-05 0.006978812632973181 0.008118771016597748 9.89991531071646e-05 0.9999999927148797 -6.906090322876006e-05 -0.01609206385910511 -0.006978805778612045 6.975011764840956e-05 0.9999756454058397 0.4984980821609497
0.9999560224721711 0.00014916923063331339 -0.009377146163705679 -0.011929165571928024 -0.0001482295483583979 0.9999999839231154 0.00010090475602153224 -0.018093792721629143 0.009377161064835207 -9.951034833907945e-05 0.9999560285072813 0.45860999822616577
0.9999959082132586 -6.0913532130763645e-05 0.0028600430559204268 0.002993243746459484 6.075069309122004e-05 0.9999999965288818 5.70227104268464e-05 -0.01630210503935814 -0.0028600465194475837 -5.684872750415802e-05 0.9999959084426939 0.5136849880218506
0.9998864744234942 0.00017830039891435895 -0.01506673401647171 -0.01969597488641739 -0.00017538391330473076 0.9999999656287419 0.00019489227312811816 -0.01850730925798416 0.015066768247979147 -0.0001922276850979244 0.9998864713271598 0.5314902663230896
0.9998834930915026 -0.00019668123468209674 0.015263078314258549 0.0174323208630085 0.0001986589796742223 0.9999999720674925 -0.0001280610177130884 -0.014941995963454247 -0.01526305270072342 0.00013107824528441398 0.9998835042347427 0.566632866859436
