0.9999992732036552 -0.0003131258198029042 0.0011642784812547582 -0.0012251902371644974 0.00031336363672850346 0.999999930076393 -0.000204084394555005 -0.017480432987213135 -0.0011642144957508534 0.00020444908876626378 0.9999993014023448 0.7951654195785522
0.9999588524586048 -0.00017299229541835684 0.009069920800960168 0.008958552032709122 0.0001754509765279967 0.9999999480812717 -0.00027028579065440403 -0.015805061906576157 -0.009069873572702072 0.0002718659955202046 0.9999588308936801 0.6978546380996704
0.9999981808942745 -0.00027374398121884837 0.0018876632047351782 -0.00026569399051368237 0.00027389631598457676 0.999999959254934 -8.044214280779176e-05 -0.017307251691818237 -0.0018876411072697864 8.095902047262581e-05 0.9999982151267507 0.8092800378799438
0.9999963814958566 -0.00030289640711337213 0.0026730598496114404 -0.0012509117368608713 0.0003034820838087921 0.9999999300343382 -0.00021870057891699245 -0.01835191808640957 -0.0026729934189694523 0.00021951101332134718 0.9999964034540809 0.9515111446380615
0.999997446336659 -0.0003284348592361056 0.0022359451478049627 -0.0007117302156984806 0.0003290919000866803 0.9999999027804293 -0.00029349216889058036 -0.018036870285868645 -0.0022358485373681586 0.0002942272508475685 0.9999974572025885 0.8600651621818542
0.9999994416070008 -0.0002632938964196979 0.001023455915217614 -0.0012424541637301445 0.0002634974121424384 0.999999945539393 -0.0001987217267999788 -0.017246274277567863 -0.0010234035372618311 0.00019899129382025952 0.9999994565236847 0.7749829292297363
0.9999897341810597 -0.00015668447265678354 0.004528463588128534 0.0035170302726328373 0.0001577534912186118 0.9999999597772502 -0.00023571027448002072 -0.01626773551106453 -0.00452842647384122 0.00023642223566190424 0.9999897186762458 0.712715744972229
0.9999988054358127 -0.00011393500514542243 0.0015414751902893258 0.000430903397500515 0.00011421689064152924 0.9999999767728837 -0.00018278056296735723 -0.016326194629073143 -0.0015414543293809197 0.00018295640712747847 0.9999987952220261 0.6653127670288086
0.9999842818362256 -0.00017675530393203854 0.005604001967412006 0.005010613705962896 0.0001780136268223398 0.9999999590581539 -0.0002240420483344497 -0.01634117215871811 -0.005603962137353472 0.00022503611551978018 0.9999842723598756 0.7269694209098816
0.9999990648738946 -0.00026574977285428395 -0.0013415022899605365 -0.004192556254565716 0.0002655651916201818 0.9999999552473888 -0.00013776918566028455 -0.017489660531282425 0.0013415388420546025 0.00013741280051603026 0.999999090695215 0.7608643174171448
0.9999983274372479 -0.0003134067319268161 0.0018019153496030465 -0.0007018593605607748 0.0003136807748745028 0.9999999392800099 -0.00015180364994423227 -0.01743772067129612 -0.0018018676639049405 0.00015236862224622346 0.9999983650270258 0.827826738357544
0.999991184436193 -0.0002645181189862811 0.004190594237720752 0.0022920616902410984 0.0002655490790512259 0.9999999346157663 -0.0002454631341183026 -0.01706681214272976 -0.00419052903427544 0.00024657377866288557 0.9999911892950782 0.8081082701683044
0.9999884043360582 -0.00022608320084562266 0.004810413683927887 0.003507483983412385 0.00022758919839860532 0.9999999252655816 -0.0003125251797658685 -0.0170076172798872 -0.004810342667731432 0.0003136163540232014 0.9999883810566008 0.7678040862083435
0.9999684921554313 -0.0001511178343945643 0.007936741131790206 0.00759834935888648 0.00015319020147797614 0.9999999543353941 -0.00026050330441156685 -0.01601739227771759 -0.007936701402666837 0.00026171092748699927 0.9999684696420358 0.7125709652900696
0.9999648409818158 -0.00015066090425780662 0.008384157769475256 0.007214474957436323 0.00015358272539498465 0.9999999277062377 -0.0003478503495968017 -0.01648612692952156 -0.00838410475590473 0.00034912578132041244 0.9999647918295077 0.8114029765129089
0.9999911067926621 -0.0002919471266564904 0.004207267814287351 0.0001924165990203619 0.00029344029092829584 0.999999894186311 -0.00035428824697052565 -0.01841464638710022 -0.004207163935665112 0.00035551967810312584 0.9999910866489642 0.9638437032699585
0.999991696150278 -0.0002621852268065422 0.004066803338816471 0.001068012323230505 0.0002633794153950393 0.9999999223588193 -0.00029311028404172505 -0.01770632341504097 -0.004066726173878757 0.00029417896238387856 0.999991687563934 0.8858729600906372
0.9999858009877509 -0.00024954312135554456 0.005323114794597872 0.0028053277637809515 0.00025105884241602086 0.9999999281348698 -0.0002840769483087373 -0.017368584871292114 -0.0053230435226031495 0.0002854093297350479 0.9999857917736485 0.8712469339370728
0.9999939236025016 -0.0002798531039592187 0.0034748295374990566 0.0001283152960240841 0.00028044737126386115 0.9999999461336292 -0.0001705344861419744 -0.017841551452875137 -0.003474781625717321 0.00017150795671603105 0.9999939482205252 0.9209256172180176
0.999995324966561 -0.0003148660205091132 0.0030415299457633264 -0.0016440413892269135 0.0003158898396027558 0.9999998936122 -0.00033613865857434885 -0.018962442874908447 -0.003041423783539883 0.0003370978755215941 0.9999953180422352 1.007296085357666
0.9999981734884801 -0.00032289444602022515 0.001883814980477742 -0.0013846918009221554 0.0003231841102741522 0.9999999360006715 -0.00015346232111443947 -0.017930136993527412 -0.0018837653077836867 0.00015407085988212887 0.9999982138436225 0.8908110857009888
0.9999999034142535 -0.00043951176449199544 9.445334891579859e-07 -0.004925399553030729 0.00043951192450125996 0.9999998878090055 -0.0001766670436797397 -0.019344985485076904 -8.668861390945678e-07 0.000176667441749953 0.9999999843939315 1.012737512588501
0.9999981217327244 -0.0003619929132914118 0.0019040725180477106 -0.0029671015217900276 0.0003624751713044202 0.9999999023170206 -0.00025293813325766046 -0.01913686841726303 -0.0019039807702404936 0.00025362783718439736 0.9999981552633718 1.018782615661621
0.9999808131882564 -0.0002271084494638985 0.006190450476817512 0.003355930559337139 0.00022995693972212452 0.9999998680197478 -0.0004594347539319957 -0.017885973677039146 -0.006190345318285701 0.0004608494758910138 0.9999807334357004 0.8964956998825073
0.9999403342674595 -0.00015289875305338912 0.010922661170811513 0.01028328388929367 0.00015737577368529646 0.9999999039655573 -0.0004090253560708851 -0.016186540946364403 -0.010922597582392923 0.0004107199135258464 0.9999402623013064 0.7992834448814392
0.9999897224510749 -0.0002880554284715231 0.004524601230184482 0.0004584197886288166 0.0002890422413452282 0.999999934585685 -0.0002174470236875854 -0.018413817510008812 -0.004524538297415214 0.00021875258974592677 0.999989740297619 1.001103162765503
0.9999890299443916 -0.00033139639688103284 0.0046722764582665935 -0.0011123234871774912 0.00033331395194228646 0.9999998605490023 -0.00040963860322042645 -0.019899794831871986 -0.004672140053955849 0.00041119144439304156 0.9999890009539665 1.1321635246276855
0.9999905052478203 -0.0003176166946529238 0.0043460940906245565 -0.0008201561868190765 0.0003194914538863511 0.9999998562203996 -0.0004306789887702723 -0.0193825364112854 -0.004345956674908015 0.00043206343949974535 0.9999904629454044 1.0613245964050293
0.9999958017448953 -0.00032765569769097736 0.0028790856755782825 -0.0019221589900553226 0.00032843625200160636 0.9999999094409237 -0.00027064325673405377 -0.018940510228276253 -0.002878996737045833 0.0002715877166130981 0.9999958188002087 1.0215545892715454
0.9999834335943416 -0.00022187994127713734 0.00575180894698386 0.00282794120721519 0.00022442810404936934 0.9999998769669838 -0.0004423777158161446 -0.017846673727035522 -0.0057517100845798485 0.00044366125478427596 0.9999833603594581 0.8923081755638123
0.9999379623168515 -0.0001829966751277904 0.011137236184956342 0.010835284367203712 0.00018677901985892902 0.9999999252408481 -0.00033857332389658913 -0.01584968902170658 -0.011137173394553451 0.00034063252165056227 0.9999379217422772 0.752426266670227
0.9999600348238825 -0.00017666173038280436 0.008938542702946946 0.006609594915062189 0.00017975942006779634 0.999999924071051 -0.00034575199610902685 -0.01707906275987625 -0.008938480943106878 0.00034734496532214245 0.9999599906545784 0.9183943867683411
0.99993743305457 -0.00016096697043122338 0.011184992886570577 0.009089323692023754 0.00016732582190993815 0.9999998249258508 -0.0005675828906358985 -0.017078697681427002 -0.011184899566269087 0.0005694189168359551 0.9999372849253049 0.9070989489555359
0.9999550242039462 -0.0001796643020554808 0.009482472780027434 0.007564759347587824 0.00018357790511898774 0.9999998983389973 -0.0004118508807286154 -0.01673985831439495 -0.009482397821128707 0.0004135731298957044 0.999954955529912 0.8798627853393555
0.9999730228086595 -0.00018952619533190796 0.007342869652483925 0.005310012027621269 0.00019236655218905156 0.999999906955529 -0.00038611402849337276 -0.01693500392138958 -0.007342795790547717 0.0003875161347395688 0.9999729662251994 0.8475162982940674
0.9999617175289628 -0.0002144246498427202 0.00874742811326155 0.007965181022882462 0.00021706108895171934 0.999999931307845 -0.0003004476480869728 -0.01616060733795166 -0.008747363089000123 0.0003023348724803781 0.9999616953826853 0.7639894485473633
0.9999772332545395 -0.00018106280015476545 0.006745382780788896 0.005553221330046654 0.000183034837951905 0.9999999406937243 -0.00029173754725060765 -0.01633801870048046 -0.006745329557928147 0.00029296554538033325 0.999977207090414 0.7647327780723572
0.999960417784976 -0.00018838373051396548 0.008895356927441565 0.007751225959509611 0.00019136280268465864 0.9999999258947746 -0.000334051976952336 -0.016244955360889435 -0.008895293338291529 0.0003357409948676706 0.9999603797323224 0.7936046123504639
0.9999951169328383 -0.000254276421066243 0.0031147157142668094 0.0009634041925892234 0.0002550045483372322 0.9999999402543571 -0.00023337515370400573 -0.01689254492521286 -0.0031146561863772673 0.00023416828079137183 0.9999951220291311 0.7910799980163574
0.9999966791759125 -0.00014229127179633564 0.00257320623754245 0.0018185381777584553 0.00014285936862442274 0.9999999654653027 -0.0002205914640494458 -0.016438739374279976 -0.0025731747604375846 0.00022095833812243423 0.9999966649689712 0.6767783164978027
0.9999929013940668 -5.693251936203421e-06 0.0037679077832492793 0.004052804782986641 6.3112351103878576e-06 0.9999999865320156 -0.0001640004175890899 -0.016133548691868782 -0.0037679067988074613 0.00016402303356664692 0.9999928879621095 0.54209303855896
0.9999778101044027 0.00020259136470491136 -0.006658697736238829 -0.008907338604331017 -0.0002025395061691249 0.999999979453068 8.462421014397525e-06 -0.01685144379734993 0.006658699313836439 -7.113583882931431e-06 0.9999778305906813 0.554149866104126
0.999807445420279 0.0003484475263891726 -0.019620159696018307 -0.026861580088734627 -0.00034517000962107423 0.9999999259048448 0.00017043464822757577 -0.018237827345728874 0.019620217629791114 -0.00016362953954447476 0.9998074916130272 0.6415190696716309
0.9998787722417405 0.00022201218411936057 -0.015568928381232295 -0.021364567801356316 -0.0002208473827990106 0.9999999726844125 7.653500998356166e-05 -0.017894983291625977 0.015568944947662599 -7.30873747298926e-05 0.9998787939602742 0.6230448484420776
0.9997025843274843 -1.4166437997583741e-05 -0.024387346888516816 -0.0360742062330246 3.0659710155110463e-05 0.9999997710888017 0.0006759307110126826 -0.020419495180249214 0.024387331730449515 -0.0006764773876127469 0.9997023559187067 0.8630439043045044
0.9999266691587116 0.0003238802114387251 -0.012105841844860053 -0.016127556562423706 -0.0003230175661798191 0.9999999451496943 7.321379671191929e-05 -0.017242366448044777 0.012105864893350887 -6.9298028313328e-05 0.9999267189314259 0.5728893280029297
0.9999347513180172 0.0002171658160913698 -0.011421293516197625 -0.0163520947098732 -0.00021605723675980167 0.9999999718285554 9.829627984191075e-05 -0.0174110047519207 0.011421314541035121 -9.582221302187497e-05 0.999934770068657 0.6490564942359924
0.9999247620686924 0.000129207315849608 -0.012265949100592588 -0.017125926911830902 -0.0001282414625153409 0.9999999886146208 7.952914833905257e-05 -0.018097644671797752 0.012265959236687895 -7.795016147865416e-05 0.999924767253905 0.6474885940551758
0.9994523315786393 -0.0002486063473131561 0.03309040792897569 0.03775700926780701 0.00027021468553241925 0.9999997531907316 -0.0006485387419043558 -0.01418386772274971 -0.033090238531108596 0.0006571250718880534 0.9994521520816264 0.48721468448638916
0.9999500364576281 -0.00014974723422907796 0.009995107010633875 0.010201268829405308 0.0001519931847891728 0.9999999633731814 -0.0002239457691198064 -0.015614669770002365 -0.009995073109285362 0.00022545376814273678 0.9999500225931987 0.6700577735900879
0.9999867181617487 -1.7888489329868064e-05 -0.0051539480107609306 -0.00882532075047493 1.7870481376876426e-05 0.9999999998340571 -3.5400634286947365e-06 -0.017095761373639107 0.005153948073232056 3.447912878201184e-06 0.9999867183154837 0.6727166771888733
0.9999193017777588 -0.000284948337599137 -0.012700737644903903 -0.019709037616848946 0.0002870452995809832 0.9999999454718413 0.00016328291569801633 -0.01895887963473797 0.012700690425160676 -0.00016691542609917803 0.9999193290470813 0.8155174851417542
0.9994747275624968 -0.0006757998571853713 -0.0324008064471459 -0.04776749387383461 0.0006951060699742075 0.999999587537636 0.0005845956798032939 -0.02400338649749756 0.032400398013355765 -0.0006068106050390805 0.9994747850693709 1.0682374238967896
0.9983788312463014 -0.0005291704328774317 -0.056915984555502466 -0.08235503733158112 0.0005915500214106396 0.9999992427497022 0.001079151793936191 -0.0282195582985878 0.05691537040063427 -0.001111070958649779 0.998378388254415 1.2188456058502197
0.9981919032606201 -0.0005250353818735278 -0.06010531260037156 -0.08687195926904678 0.0005925745205283493 0.9999992129631569 0.0011058609787214261 -0.028889410197734833 0.060104684679134816 -0.0011394783518869642 0.9981914287694055 1.246220350265503
0.9989747716856664 -0.00041571985751940146 -0.04526845162550069 -0.06581056863069534 0.00045263117219185756 0.9999995734371999 0.0008051400125395478 -0.025538884103298187 0.04526809760297192 -0.0008248044725242503 0.9989745337279572 1.100191593170166
0.9991335381629958 -0.00047472542315345136 -0.04161667398611372 -0.06057790294289589 0.0005074451046976844 0.9999995704288839 0.0007756555381080827 -0.024714890867471695 0.04161628788538906 -0.0007961016396737038 0.9991333498611785 1.0674108266830444
0.9985763187800226 -0.00035783929288226774 -0.05334048671299374 -0.07721185684204102 0.0004112962222326874 0.9999994241697125 0.0009912091912877641 -0.02677888423204422 0.05334010130432984 -0.001011736766054166 0.9985758909474832 1.1439849138259888
0.9984314341069253 -0.0005773182526604261 -0.0559851595587944 -0.08109084516763687 0.0006345198372879396 0.9999992947269811 0.0010039572283477047 -0.027659263461828232 0.05598454047113909 -0.0010379061496149982 0.9984310962600574 1.2107558250427246
0.9977742355402172 -0.000581417905264395 -0.06668010831840662 -0.09611164033412933 0.0006629622302683422 0.9999990592833776 0.0012007970023201501 -0.030003555119037628 0.06667934742644263 -0.0012423307043542779 0.9977736823755198 1.303041934967041
0.9976535593968213 -0.000528179216125963 -0.06846237250905722 -0.09870859980583191 0.0006183562695103479 0.9999989690200795 0.0012959916289317008 -0.03019368089735508 0.06846161740988317 -0.0013352847988187242 0.9976528574389635 1.3070812225341797
0.9979728504833366 -0.00034319684145353184 -0.06364017531474861 -0.09194598346948624 0.00042418956184100666 0.9999991172899675 0.00125915944243069 -0.028826016932725906 0.06363968699938385 -0.0012836024360578125 0.997972115143207 1.2369111776351929
0.9989022341395797 -0.00027551713322028975 -0.04684282998780204 -0.06799663603305817 0.0003176043479415174 0.9999995525903984 0.0008910367454488998 -0.02511035092175007 0.04684256353398042 -0.0009049360822033769 0.9989018747265682 1.0681843757629395
0.9990423822587757 0.0001796023868461045 -0.04375255642465258 -0.062205079942941666 -0.000137927380310505 0.999999533966405 0.0009555328409949336 -0.023020947352051735 0.04375270765047038 -0.0009485831303045347 0.9990419414435496 0.8993198871612549
0.9992714228324985 -3.5404323024717016e-05 -0.03816572096591116 -0.05536497384309769 7.023521925653692e-05 0.9999995823158654 0.0009112821233903508 -0.022856662049889565 0.03816567276136837 -0.000913298761822221 0.9992710079393095 0.9545775651931763
0.9997689231204064 2.7658835472332455e-05 -0.02149650198641135 -0.031345050781965256 -1.888896564217857e-05 0.9999999165201285 0.00040817023764999914 -0.01982644386589527 0.021496511481399576 -0.00040766987225769163 0.9997688401822721 0.779327929019928
0.9994736297447703 0.0010282703889608782 -0.03242539290156554 -0.04124072566628456 -0.001017622634598283 0.9999994227514768 0.0003448780748742438 -0.01906086504459381 0.03242572881196758 -0.0003116997275615735 0.9994740991913159 0.4398907721042633
0.9995966839736391 0.0008746204786715287 -0.02838493311463639 -0.03607811778783798 -0.0008668611791282538 0.9999995834737934 0.0002856640251484731 -0.018783381208777428 0.028385171139174294 -0.0002609430156797457 0.9995970257899639 0.4570544958114624
0.999663364879884 0.0009184901548393345 -0.02592900485679181 -0.03268352523446083 -0.0009120439476520437 0.9999995501746265 0.0002604349873155166 -0.018516279757022858 0.025929232400239338 -0.00023669892380400178 0.9996637529093241 0.4204983711242676
0.9998730161952168 0.0006224314835753823 -0.015923695040041274 -0.02046043798327446 -0.0006201794906315647 0.9999997969778034 0.00014636171579014365 -0.017497370019555092 0.015923782907317625 -0.00013646758114369283 0.9998731992180411 0.4870675802230835
0.9999330762915094 0.00046941567884731966 -0.011559523654523597 -0.014584939926862717 -0.00046869155955754996 0.9999998880286896 6.535159480289329e-05 -0.01739579811692238 0.01155955303725182 -5.992937006243223e-05 0.9999331843388588 0.4714978039264679
0.9999382896893294 0.0005502552376110581 -0.011095676290883328 -0.01395106129348278 -0.0005496704467907686 0.9999998473769399 5.575389516342842e-05 -0.01734846830368042 0.01109570527630009 -4.9651489228981216e-05 0.99993843953473 0.44905489683151245
0.9999897435383535 0.0003282338406098843 -0.004517198318017266 -0.005799895618110895 -0.0003284327255516694 0.999999945129104 -4.3286652666323295e-05 -0.016847001388669014 0.004517183862010295 4.476980445387423e-05 0.9999897964707549 0.4770306646823883
0.9999892447024751 0.00024316500133222385 0.004631560229100613 0.0062562450766563416 -0.00024224085855985617 0.9999999506413646 -0.00020009156671628174 -0.016569308936595917 -0.004631608655759208 0.0001989674615455804 0.9999892542488691 0.39193809032440186
0.9999797419088182 0.00027845103882892503 0.006359106619009255 0.008190091699361801 -0.00027746357456108673 0.9999999493131991 -0.00015616518104452783 -0.016141634434461594 -0.0063591497810433755 0.00015439759698252544 0.9999797684830649 0.40789371728897095
0.9999080625651435 -0.0001842678974762221 0.01355848304798971 0.015422012656927109 0.0001887892582182511 0.9999999270035969 -0.0003321918371584686 -0.015425064601004124 -0.013558420845977826 0.0003347209922502748 0.9999080243632513 0.5693194270133972
0.9999237870476485 -0.00014817235956344154 0.012344964205742248 0.01452721282839775 0.00015191860570178253 0.9999999426992832 -0.0003025263095966373 -0.015583991073071957 -0.012344918672329825 0.00030437868292299366 0.9999237522614368 0.5278524160385132
0.9997552592451713 -0.00020987285369251498 0.022121879780112947 0.02537446841597557 0.00022010106095968416 0.999999870013055 -0.0004599232501592794 -0.01478517334908247 -0.022121780379152387 0.00046467973740589753 0.9997551754832772 0.5257138013839722
0.9998938954812729 -0.00020744467729159552 0.014565532808364978 0.016840735450387 0.00021239455323025054 0.9999999202246213 -0.0003382887897483712 -0.015455057844519615 -0.014565461470185257 0.0003413465356125373 0.9998938597744781 0.5456857681274414
0.9998487646664908 -0.0002363843617819412 0.01738941969491619 0.019898448139429092 0.00024319374650897267 0.9999998945855625 -0.0003894684398223655 -0.015192915685474873 -0.017389325797571714 0.00039363853655820127 0.9998487167551942 0.5566297769546509
0.9999415676701949 -0.00010103837416102798 0.010809765793954257 0.012654395774006844 0.000103742677539599 0.9999999634657015 -0.00024961180427214856 -0.01568315550684929 -0.01080974017865617 0.00025071865291991885 0.9999415416200226 0.5325841307640076
0.999991549403372 2.4098105022129006e-05 0.004111026772552637 0.004896973725408316 -2.3492072003151283e-05 0.9999999888511443 -0.00014746468604471348 -0.016200467944145203 -0.004111030280338884 0.00014736686334318715 0.999991538820725 0.5241963863372803
0.9999997240101904 4.42142667459583e-05 0.0007416364620008835 0.0006058221915736794 -4.4130709222665574e-05 0.9999999926775783 -0.00011268240363721185 -0.01638629473745823 -0.0007416414387401604 0.00011264964359496324 0.9999997186389776 0.5460137724876404
0.9999996612943928 4.7924005691648525e-05 0.0008216534482231753 0.0009037712588906288 -4.784975207384333e-05 0.9999999947699892 -9.039038818868841e-05 -0.01637950725853443 -0.000821657775795397 9.035104165916901e-05 0.9999996583575358 0.5521054863929749
0.9999954027712608 -5.6973786028035925e-05 0.003031697598991282 0.0033131346572190523 5.7454567876634235e-05 0.999999985788651 -0.00015849817166524175 -0.01615433767437935 -0.0030316885256658505 0.00015867162788837455 0.9999953918333813 0.5879783034324646
0.9999972911814998 2.9041637160065972e-05 0.0023273990301135665 0.0024858287069946527 -2.876561175419582e-05 0.9999999925495392 -0.0001186316169876494 -0.01612171344459057 -0.0023274024580297484 0.00011856434657923329 0.99999728456646 0.5732250809669495
0.9999945928565794 -0.00017706864978841 0.0032837332865595635 0.002052874071523547 0.00017764442347142825 0.9999999688999175 -0.0001750503438708222 -0.016323147341609 -0.0032837021885071534 0.00017563273425503186 0.9999945932119233 0.7100027799606323
0.9999978107016744 -4.4180899348692856e-05 -0.002092042042262165 -0.003572346642613411 4.3926797425246473e-05 0.9999999916532445 -0.00012150698619249389 -0.016549162566661835 0.002092047393088328 0.00012141482347045692 0.9999978042956624 0.6138463020324707
0.9999521395429287 0.0002206726204189374 -0.009781100506242214 -0.013072878122329712 -0.0002205627119147292 0.9999999756002084 1.231552134348556e-05 -0.017101624980568886 0.00978110298528377 -1.015758586383768e-05 0.9999521638164568 0.573485791683197
0.9999834891605813 0.0001371964109421003 -0.005744787496023497 -0.008059456944465637 -0.00013729254844164064 0.9999999904418742 -1.6340377381265255e-05 -0.016701580956578255 0.005744785199272964 1.7128824103503008e-05 0.9999834984386581 0.597295880317688
0.9999896771471035 4.283717685937294e-05 -0.00454354093276217 -0.006987782660871744 -4.307160251352457e-05 0.9999999977464207 -5.149752854313755e-05 -0.016671007499098778 0.004543538716514202 5.169269453078573e-05 0.9999896767386134 0.6322751045227051
0.9999845342653343 -0.0001867221952060423 0.0055584498706565755 0.004231333266943693 0.0001880164232472626 0.9999999553390593 -0.0002323181099664882 -0.016491787508130074 -0.005558406243463495 0.0002333595968597214 0.9999845247119235 0.777457058429718
0.9999836807599519 -0.0002635996118578007 0.005706901876090247 0.004261699505150318 0.000265421492283002 0.9999999140588646 -0.0003184865697130152 -0.01678250916302204 -0.005706817432696461 0.00031999610666649645 0.9999836647852212 0.7836582660675049
0.9999729489674021 1.9170571998541903e-05 -0.007355335881251521 -0.011321006342768669 -1.9676161812170182e-05 0.9999999974489505 -6.86654709169905e-05 -0.017087748274207115 0.007355334546131343 6.880833822408075e-05 0.9999729467936253 0.6798031330108643
0.999989994977354 -7.566589262440991e-05 -0.004472607725298497 -0.00772955222055316 7.528773390050429e-05 0.9999999935772877 -8.471824865497337e-05 -0.01690428890287876 0.0044726141068541295 8.438066854671342e-05 0.9999899942514194 0.6978231072425842
0.9999613359817859 6.692218612100308e-05 -0.008793296477595516 -0.012819571420550346 -6.718313034703495e-05 0.999999997311622 -2.9379975624253102e-05 -0.017123468220233917 0.008793294487783614 2.9969600859774862e-05 0.9999613377895539 0.6476370096206665
0.9999914134328649 -8.658763744481605e-05 -0.004143134456227924 -0.007195245940238237 8.639250545527595e-05 0.9999999951506283 -4.7276617923441994e-05 -0.01698264479637146 0.004143138529706976 4.691827621347666e-05 0.9999914160640576 0.6931442022323608
0.9999907839043851 -0.000120612119579377 -0.004291568362407825 -0.007648354861885309 0.00012031225338601635 0.9999999903032716 -7.013143159618258e-05 -0.017036639153957367 0.004291576779494268 6.961445699796199e-05 0.9999907887188624 0.7142171263694763
0.999973108622905 -6.735500300982952e-05 -0.007333314008494233 -0.011739557608962059 6.728626242888398e-05 0.9999999976900027 -9.620458844425362e-06 -0.017413750290870667 0.007333314639540332 9.126768846189795e-06 0.9999731108450364 0.7219539880752563
0.9999961757632075 -0.0004641078271540855 -0.002726364407985071 -0.006796089466661215 0.00046396208020762044 0.9999998909066932 -5.409057418478575e-05 -0.018561018630862236 0.0027263892144158163 5.2825437627489046e-05 0.9999962819987507 0.885391116142273
0.9999961925665088 -0.00030942336675886104 -0.002742099499601764 -0.006350105162709951 0.00030914659908654914 0.999999947077665 -0.00010135604198906688 -0.017674479633569717 0.0027421307164112096 0.00010050794534801927 0.9999962353015569 0.798909068107605
0.9999995708970812 -0.0003122529609466968 -0.0008721833188335181 -0.0037551652640104294 0.00031215001775550185 0.9999999442999417 -0.00011816293770484793 -0.01742161624133587 0.0008722201669800289 0.00011789063496232656 0.9999996126668143 0.7922084331512451
0.9999998892318995 -0.0003963848262232757 0.0002538016120516339 -0.002956707961857319 0.00039642375131470475 0.9999999096680985 -0.00015333624638426424 -0.018060436472296715 -0.00025374080896387486 0.0001534368423866387 0.9999999560363677 0.8652686476707458
0.9999997776574064 -0.0003847607493051064 0.0005446506253061531 -0.002326664049178362 0.00038486023318759293 0.9999999092766161 -0.0001825633054316198 -0.01789029873907566 -0.000544580332699412 0.00018277287920668209 0.9999998350131544 0.8381080627441406
0.9999995180837583 -0.0003802935231869195 -0.000905101699612586 -0.003898035269230604 0.0003802030879181929 0.9999999227140779 -0.00010008720950690757 -0.01776161417365074 0.0009051396921784962 9.974303881218305e-05 0.9999995853866457 0.8196468353271484
0.9999997525581922 -0.000410990612587056 -0.0005709380621436627 -0.003559536300599575 0.0004109111529465708 0.9999999058759681 -0.00013928416804383307 -0.018030378967523575 0.0005709952528902183 0.00013904952876173018 0.99999982731481 0.8367205262184143
0.9999999121204314 -0.0003866426770585146 -0.00016206964509897845 -0.0030309674330055714 0.00038662005492786603 0.9999999155196574 -0.00013959087115039331 -0.017868293449282646 0.00016212360319539383 0.00013952819950811745 0.9999999771239092 0.8304479718208313
0.9999998668116882 -0.0004187015233233706 -0.00030177084070639483 -0.0035164481960237026 0.00041865044416406914 0.9999998980332939 -0.00016930802496547222 -0.018188603222370148 0.00030184169946378015 0.00016918166591912468 0.9999999401345744 0.8608862161636353
0.999999596246717 -0.0003227306808158731 -0.000838660426070365 -0.003653904888778925 0.00032259856765005544 0.9999999355368531 -0.00015765929535109635 -0.01750144548714161 0.0008387112534994006 0.0001573886810434432 0.9999996358960517 0.7886253595352173
0.9999997781173271 -0.00023785669525089255 0.000622245521966714 -0.0016568978317081928 0.0002379542992545497 0.9999999593975781 -0.0001567883734554121 -0.01690203882753849 -0.0006222082035376747 0.00015693640466393256 0.9999997941139372 0.7606983780860901
0.9999997840299237 -0.00019856585165298253 -0.0006265075484683124 -0.003422429785132408 0.00019847003791935704 0.9999999686016139 -0.00015299155261862734 -0.016915207728743553 0.0006265379076949279 0.00015286717660012878 0.9999997920409166 0.7572759389877319
0.9999998560458829 -0.0002973154642763425 -0.0004466673572428277 -0.003360350616276264 0.0002972456637001921 0.99999994360329 -0.0001563279633963628 -0.017389308661222458 0.0004467138107732749 0.00015619517095725202 0.9999998880249136 0.7945992350578308
0.9999958742954008 -0.00010116537140488123 -0.002870741671527402 -0.005281061865389347 0.00010093793229135002 0.9999999917558592 -7.937137704205204e-05 -0.016767559573054314 0.0028707496774954405 7.908128285073013e-05 0.9999958762627174 0.6819050908088684
0.9999982573166571 -0.00019798460100558667 -0.0018563851287203253 -0.004619274754077196 0.00019777499312308258 0.9999999740473148 -0.00011309474537910377 -0.016984770074486732 0.0018564074715601865 0.00011272740173470841 0.9999982705204205 0.7342528700828552
0.9999988764038357 -0.00019909206525149686 -0.001485783771415063 -0.004105063155293465 0.00019891021582030879 0.9999999727093738 -0.00012253969662292968 -0.01700562611222267 0.0014858081275483698 0.0001222440213671621 0.999998888714686 0.7318544387817383
0.9999999823776238 -0.00018761937562419983 6.612230814841549e-06 -0.00221771327778697 0.00018762038772315927 0.9999999706338369 -0.00015339789731384597 -0.016773412004113197 -6.583450202949613e-06 0.00015339913519991973 0.9999999882126814 0.7327139377593994
0.9999930419834422 -0.00020824936156128265 0.0037245962070515813 0.0020988639444112778 0.00020910409210466517 0.9999999518955255 -0.00022909479684212532 -0.016575587913393974 -0.003724548319036657 0.00022987203110506752 0.9999930374250957 0.7577112317085266
0.9999888485703711 -0.00023302250837009973 0.0047168247173087 0.003160733263939619 0.00023418024096412342 0.9999999425926234 -0.0002448966404280768 -0.01676471158862114 -0.0047167673800987235 0.00024599849662930966 0.9999888457329019 0.7881948947906494
0.9999951459597914 -0.0002136577783282602 0.003108441282832518 0.001928093726746738 0.00021429584063353054 0.9999999560392648 -0.0002049359917829555 -0.016486018896102905 -0.0031083973600144503 0.00020560112305317577 0.999995147785243 0.7121697664260864
0.9999960884779201 -0.00020532313695987333 0.00278942131441528 0.0008974719094112515 0.00020591665152806723 0.9999999562236244 -0.00021248783964778866 -0.016666345298290253 -0.0027893775636347227 0.00021306139679367757 0.9999960869811685 0.7590571641921997
0.9999995990479964 -0.00021502470813811883 0.0008692917930159752 -0.001180966617539525 0.00021517925314842458 0.9999999610615345 -0.0001776930459096382 -0.016811547800898552 -0.0008692535507717518 0.00017788002822204463 0.9999996063784026 0.7422221302986145
0.9999813362294347 -0.00016474439223078738 0.0061073768575275154 0.006215929985046387 0.00016608520423353558 0.999999962220075 -0.0002190332252027495 -0.01600051485002041 -0.006107340542295711 0.00022004348214960172 0.9999813258118208 0.6486181020736694
0.9999925433287726 -0.00020890290747624797 0.003856118051667401 0.002922393847256899 0.00020964508793546593 0.9999999595799691 -0.00019206508687266672 -0.016332406550645828 -0.003856077772847917 0.000192872070914491 0.9999925467045113 0.7026301622390747
0.9999890197061317 -0.00019885320783744276 0.004681978702604377 0.004068430978804827 0.0001999242877096045 0.9999999539547881 -0.0002282995863212277 -0.016446592286229134 -0.004681933088916587 0.00022923312078186958 0.9999890134170113 0.7128390669822693
0.9999798147770157 -0.00021291674551575054 0.006350173618497448 0.005305924918502569 0.00021452669809051322 0.9999999450228795 -0.0002528488365102588 -0.016334479674696922 -0.006350119433631811 0.0002542060144787902 0.9999798054773311 0.7548884749412537
0.9999911598197628 -0.0002458380159559942 0.004197600028066086 0.002440200187265873 0.0002466753113726988 0.9999999497844019 -0.00019895347384487445 -0.016853321343660355 -0.004197550906953811 0.0001999871593542481 0.9999911702467776 0.799940288066864
0.9999914528339588 -0.00026657927419003116 0.0041259174154327305 0.0013901545898988843 0.00026783928222205174 0.9999999176676353 -0.00030483904224563565 -0.017564747482538223 -0.004125835811965566 0.00030594151949478264 0.9999914419026992 0.865973174571991
0.9999838879552145 -0.00021954752279340444 0.0056723565524942204 0.0037125933449715376 0.00022142717239078026 0.9999999207891196 -0.00033074425523994317 -0.017030589282512665 -0.0056722834890999465 0.00033199494014590124 0.9999838573593973 0.8258498907089233
0.9999503871295319 -0.00017319690421208165 0.009959582437618604 0.009304165840148926 0.0001764114043079561 0.9999999326371377 -0.0003218768966311376 -0.016010524705052376 -0.009959526018630588 0.00032361791131849945 0.9999503503239208 0.7608821392059326
0.9999130047360507 -0.00022511462906518457 0.01318833890701949 0.013131165876984596 0.00023022250678764202 0.9999998990835017 -0.00038578567083868883 -0.015677960589528084 -0.01318825073010032 0.00038878836175596534 0.9999129556547859 0.7438147068023682
0.9999399724059529 -0.00018379296517274035 0.010955263800011075 0.01050235889852047 0.000187590627683418 0.9999999226764583 -0.0003456252790691574 -0.015930624678730965 -0.0109551994294164 0.00034765963682789456 0.9999399295648905 0.7563844919204712
0.9998509067002784 -0.00024029808666209732 0.01726576460689897 0.018001766875386238 0.00024790212308364976 0.999999873230957 -0.00043827229842742006 -0.015282810665667057 -0.017265657102139766 0.0004424871746669837 0.9998508395205415 0.7224933505058289
0.9998599749035341 -0.0002043163125634692 0.01673286708093545 0.017251508310437202 0.00021224461676768228 0.9999998660643914 -0.0004720417581936532 -0.015411614440381527 -0.01673276839397731 0.00047552712146194397 0.9998598843517175 0.742127001285553
0.9998748564607092 -0.00015581098751597436 0.015819201642696457 0.016108835116028786 0.00016291750317079827 0.9999998864012074 -0.0004479458219104448 -0.015484421513974667 -0.015819130050773386 0.00045046698921866397 0.9998747682604698 0.7598686218261719
0.9998603494736936 -0.00017307617183301522 0.016710822690173707 0.01725694164633751 0.00018131715604181091 0.9999998627077357 -0.0004916386875061855 -0.015453668311238289 -0.01671073530496506 0.0004945999887500239 0.9998602435822813 0.7449992299079895
0.9998247408435018 -0.00023335443985856436 0.01871985958627389 0.019695375114679337 0.00024272495493462843 0.9999998463933669 -0.0004982949314871256 -0.015217233449220657 -0.018719740431444663 0.0005027513778122068 0.9998246439047356 0.7192846536636353
0.9999011903193634 -0.00015390998753292672 0.014056525517921638 0.014108207076787949 0.0001596849666141205 0.9999999033158142 -0.00040971828592771266 -0.01562550477683544 -0.014056461099141633 0.00041192241760276905 0.9999011182218421 0.7535916566848755
0.9997561764700034 -0.00025343179479692964 0.022079931666670972 0.02352346107363701 0.0002658775020479922 0.9999998074442533 -0.0005607322090766998 -0.014865065924823284 -0.0220797853076831 0.0005664660464470248 0.9997560513430188 0.696333110332489
0.9999481129978603 -0.00016705937434618402 0.010185450563622436 0.009280094876885414 0.00017080440784731057 0.9999999181359921 -0.0003668158443520331 -0.01614554412662983 -0.010185388449775172 0.0003685365312297099 0.9999480596725775 0.8040737509727478
0.9999673174556378 -0.00018251812253646508 0.008082741348750495 0.006185267586261034 0.0001857908124503041 0.9999999010724742 -0.00040414949736580704 -0.0168593917042017 -0.008082666784537406 0.00040563798781394043 0.9999672524415353 0.851839005947113
0.9999576416330429 -0.00017990922571314911 0.009202313423997232 0.008061290718615055 0.00018347020763400618 0.999999908623768 -0.0003861232168682352 -0.01640341989696026 -0.00920224311599553 0.0003877952116739384 0.9999575832686644 0.8039227724075317
0.9999690164448736 -0.000170138066208572 0.007870019270021952 0.006527383346110582 0.00017261936504755641 0.9999999356125618 -0.00031460678140358674 -0.016481149941682816 -0.007869965236702168 0.0003159555514963352 0.9999689814285554 0.8161312341690063
0.9999735172143296 -0.00019733980307142074 0.007275020756357368 0.005136863328516483 0.00020023906384034255 0.9999999008311451 -0.0003977964527653977 -0.017049770802259445 -0.007274941533828238 0.00039924266135287064 0.9999734575632382 0.8565264940261841
0.9999387271455092 -0.00017693562393313844 0.011068452845975716 0.010315228253602982 0.0001808600077037754 0.999999921143967 -0.00035355581928199985 -0.01596076786518097 -0.011068389416541955 0.00035553599637472267 0.9999386802948863 0.7804120779037476
0.9999622983709892 -0.00019734655651272313 0.008681180273775645 0.007287843618541956 0.00020021925160543618 0.999999925491992 -0.00033004281840824965 -0.016367120668292046 -0.008681114494144479 0.00033176851467381954 0.9999622633783699 0.8098115921020508
0.9999833227134748 -0.00021349698301329007 0.005771370197538988 0.0038159159012138844 0.0002150317000775596 0.9999999416886901 -0.000265299801585596 -0.01683981902897358 -0.005771313220295598 0.0002665364046501436 0.9999833103117565 0.8287349939346313
0.9999976251430144 -0.00033536232129505845 0.002153425282063266 -0.0020872438326478004 0.00033597651840908626 0.9999999029863459 -0.00028486326304413747 -0.018586600199341774 -0.0021533295407464635 0.0002855860868635489 0.9999976408034554 0.9561715126037598
0.9999994737737786 -0.0003775003267299149 0.0009539107237914943 -0.0032041636295616627 0.0003776356468127953 0.999999918658748 -0.00014168209254729485 -0.01849689893424511 -0.0009538571611629734 0.0001420422486836433 0.9999995349901496 0.9522552490234375
0.9999998865130179 -0.00042810850209224356 0.00020903842090825653 -0.004660904873162508 0.00042814826237485177 0.9999998902568998 -0.00019019793172695386 -0.01918502151966095 -0.00020895697261607952 0.0001902874095786461 0.9999999600638416 1.0017544031143188
0.9999987108218285 -0.0003667413881264429 0.001563283542845967 -0.0026910584419965744 0.00036725740903685605 0.9999998781724941 -0.0003298135720331738 -0.018829764798283577 -0.0015631623961078018 0.00033038727430825164 0.9999987236829717 0.9505401849746704
0.999996768117492 -0.00030686212300256633 0.0025238047088361982 -0.0015555466525256634 0.00030741368463303026 0.9999999289518056 -0.00021815868146452116 -0.018291223794221878 -0.0025237375848882852 0.0002189338285061321 0.9999967914031431 0.9532098770141602
0.9999977929933023 -0.0003465078157375417 0.002072182631499883 -0.002659149933606386 0.0003470270896874591 0.9999999084764541 -0.0002502384512579494 -0.018849799409508705 -0.0020720957322672216 0.0002509570024879217 0.9999978217175572 0.999716579914093
0.9999992169493543 -0.0003938874807360837 0.0011878355655500642 -0.0038296268321573734 0.00039414469731388944 0.9999998989286834 -0.00021631592850426882 -0.01919555850327015 -0.0011877502413578378 0.00021678393820738376 0.9999992711267786 1.0233674049377441
0.9999992498264136 -0.00038628559420316756 0.0011623811982908723 -0.0038506845012307167 0.00038661716113951765 0.9999998846405778 -0.00028503684379781576 -0.019263027235865593 -0.0011622709585726724 0.0002854860264897495 0.9999992838117175 1.015520691871643
0.999996161859273 -0.00032445101707142437 0.0027515447043237754 -0.002162097953259945 0.00032523721830470995 0.9999999064156871 -0.00028528821987302655 -0.018971577286720276 -0.002751451884769259 0.0002861820296423663 0.9999961737988657 1.0234440565109253
0.9999976434715937 -0.0003372516876003239 0.0021446007924297707 -0.002297735773026943 0.0003377089179676955 0.9999999203254526 -0.00021284213766040183 -0.018603753298521042 -0.0021445288401895544 0.00021356588690494248 0.9999976776901364 0.9802014827728271
0.9999998329545225 -0.00044823150363638433 0.0003649375924072431 -0.004908791743218899 0.00044830077349492686 0.9999998815100593 -0.00018975321888120707 -0.019582659006118774 -0.0003648524957951904 0.00018991678898874358 0.9999999154071313 1.0461955070495605
