0.9997664315532427 0.0006871819582372748 -0.02160116015983563 -0.027547575533390045 -0.0006824145336038451 0.9999997411465654 0.00022807280813733958 -0.018090836703777313 0.021601311295820057 -0.00021327859189001924 0.999766641703224 0.48281997442245483
0.9997386310806124 0.000653724540876764 -0.022852618433959797 -0.029343178495764732 -0.0006490977772473621 0.99999976731159 0.00020987815964083816 -0.018223837018013 0.022852750318923892 -0.00019498972018328436 0.9997388227841661 0.502413809299469
0.9999147011416798 0.00043573630644425955 -0.013053757107310476 -0.01724950596690178 -0.0004342830807862922 0.9999998991827692 0.00011416066401173576 -0.017350127920508385 0.01305380553521291 -0.00010848190038503173 0.9999147895659541 0.5223408937454224
0.999872586290733 -0.00013290902186691506 0.015962252957296585 0.0178369227796793 0.00013884231993970683 0.9999999216890567 -0.0003706004460561911 -0.015252907760441303 -0.015962202451134708 0.0003727694627107586 0.9998725264431645 0.5531608462333679
0.9997208707772642 -0.0002460445521052781 0.02362456337006794 0.026680681854486465 0.00025747508689891467 0.9999998512687042 -0.00048080052906599336 -0.014721003361046314 -0.023624441558005197 0.0004867490600946815 0.9997207854378264 0.5544017553329468
0.9995741567212373 -0.00024159809902528853 0.02917956211778587 0.0331607386469841 0.0002589465314682429 0.9999997919727344 -0.000590763219556828 -0.014282741583883762 -0.029179413320370537 0.0005980675934106024 0.9995740113435485 0.5268208980560303
0.9998146756987673 -0.00025422092317790157 0.019249665687773993 0.02150871232151985 0.0002621847388791974 0.9999998810912505 -0.00041118930869996404 -0.01503372099250555 -0.019249558865894658 0.0004161600739005157 0.9998146234649008 0.5886821150779724
0.999802876676034 -0.00023612539237407196 0.019853262581416665 0.02191976271569729 0.0002448761881504619 0.9999998739451712 -0.00043834380859463293 -0.014898882247507572 -0.01985315657471325 0.0004431189920693302 0.9998028084675393 0.6097087860107422
0.9997538911127732 -0.00025973449859780526 0.022183095880869995 0.02476625330746174 0.00027016054689460586 0.9999998544602047 -0.0004670041207310151 -0.014785030856728554 -0.022182971355265618 0.00047288218418152294 0.9997538157788105 0.5832805037498474
0.9999672858431928 -6.310441020848437e-05 0.008088464701771495 0.008009206503629684 6.495851468907272e-05 0.9999999716775432 -0.00022896572750316443 -0.015605690889060497 -0.008088450023939112 0.00022948365173559347 0.9999672616208312 0.6106836199760437
0.9996798886305418 -0.00024312219297128914 0.025299430017810792 0.028007542714476585 0.0002569485226334757 0.9999998194240056 -0.0005432581449891139 -0.014481183141469955 -0.025299293371229513 0.0005495848930468979 0.9996797705822406 0.6014462113380432
0.9997587920499912 -0.00027747995213974716 0.021960890774713353 0.024253973737359047 0.0002881461526431708 0.999999842069327 -0.00048252783969213067 -0.014784167520701885 -0.021960753414613225 0.0004887393963264469 0.9997587141121929 0.6075618863105774
0.9999962138977102 3.932333828865185e-05 0.002751480314246223 0.0017620583530515432 -3.8840800863138455e-05 0.9999999838583854 -0.0001754269669011007 -0.01601254753768444 -0.002751487168206853 0.00017531943301769517 0.9999961992835069 0.5774660110473633
0.9999739769685188 -5.038815231769572e-05 0.007214072830168808 0.0070058424025774 5.2161324799013617e-05 0.9999999684785429 -0.00024560559832705064 -0.015608450397849083 -0.007214060227158421 0.0002459755025208515 0.9999739480761944 0.617456316947937
0.9998191401865089 -0.00021784590278471806 0.019016820445925297 0.020922018215060234 0.00022589310510896506 0.9999998858592081 -0.0004210152915550836 -0.014941406436264515 -0.01901672655887408 0.0004252349154278058 0.9998190752762479 0.6114025115966797
0.9999581761082499 -0.00016053747485475373 0.009144411516430126 0.009163942188024521 0.0001632961797852613 0.9999999413858723 -0.00030093622247649753 -0.015545792877674103 -0.00914436266889717 0.0003024168836195223 0.9999581437117299 0.6536248326301575
0.9999730690350548 -0.00014057177092391906 0.007337672941117627 0.0069379666820168495 0.00014267847144048263 0.9999999487560127 -0.00028658476167902085 -0.015770409256219864 -0.0073376322793785404 0.0002876239716340191 0.999973037849013 0.6648407578468323
0.9999899596142238 -0.00013191413812671418 0.0044792041037983584 0.0033770552836358547 0.0001328595535816146 0.9999999689619967 -0.00021077083477381026 -0.016003280878067017 -0.004479176161119795 0.0002113638236109503 0.9999899461025855 0.6706808805465698
0.9999402450374961 0.00018985760720103368 -0.010930247409858727 -0.015360284596681595 -0.00018940431637029005 0.9999999811596064 4.2506366430030825e-05 -0.01720503345131874 0.010930255274085587 -4.043359042527621e-05 0.999940262158079 0.6152669191360474
0.9997246678592557 0.0005731710184830104 -0.023457620269002027 -0.03102714754641056 -0.000569116982723913 0.9999998219428883 0.0001794994484019671 -0.018281828612089157 0.023457718976087567 -0.00016609989636519838 0.9997248160525293 0.5605048537254333
0.9996247355259934 0.0006654221857318577 -0.027385129868274613 -0.03622758761048317 -0.0006587111447204497 0.9999997507709746 0.0002540819084517803 -0.018608715385198593 0.027385292114844265 -0.00023594767029420122 0.9996249247115045 0.5575318932533264
0.9993947833550922 0.0007937763775190819 -0.034776959638400676 -0.04620247706770897 -0.0007817870891078224 0.9999996301988788 0.0003583448800741793 -0.01942366175353527 0.034777231223542815 -0.00033093982574441543 0.9993950343419044 0.5609393119812012
0.9997654360346193 0.0002153825963781653 -0.02165702012846141 -0.030648047104477882 -0.00021097538264706726 0.9999999565709436 0.00020578507907140721 -0.018954843282699585 0.021657063510442092 -0.0002011677111986467 0.9997654380561756 0.7108542919158936
0.9996097933197161 0.0003466324984912677 -0.02793100329787343 -0.038767583668231964 -0.0003370488817250392 0.9999998827079832 0.00034782477129902324 -0.019562851637601852 0.027931120589159232 -0.0003382749343226875 0.9996097929055633 0.6963026523590088
0.9987509184942885 0.001108413677149775 -0.049953720841748414 -0.0662955567240715 -0.0010812718973980352 0.9999992527706371 0.0005703588794204038 -0.0211859829723835 0.04995431570844425 -0.0005156329001758524 0.9987513706948358 0.5580933094024658
0.9988318188634417 0.0011330764433838917 -0.0483085268221023 -0.06391488760709763 -0.001106383396679912 0.9999992201694595 0.0005792894371054046 -0.020756404846906662 0.048309145528852813 -0.0005251649701183306 0.9988322935608489 0.5495114326477051
0.9986029543515494 0.001249423824344138 -0.05282592640422093 -0.06954705715179443 -0.0012178851940391117 0.9999990604212426 0.0006292156114640535 -0.021362312138080597 0.05282666292707826 -0.0005640006549030201 0.9986035377402034 0.5214757323265076
0.9986610721929811 0.001304105212700648 -0.05171423591197501 -0.06801201403141022 -0.0012757751765572476 0.9999990175194738 0.0005808250903281068 -0.020918209105730057 0.051714942560773275 -0.0005140716690125292 0.9986617547729836 0.5085595846176147
0.9987205080624602 0.0011678634203238709 -0.05055672923056928 -0.067042276263237 -0.001142039006301919 0.9999992022431475 0.0005396850719394836 -0.02112632989883423 0.0505573191770461 -0.0004812567924287718 0.9987210450719111 0.5432166457176208
0.9977185235607076 0.0012883548129087748 -0.0674987991427851 -0.09024364501237869 -0.0012306287544424162 0.9999988406600455 0.000896789514816056 -0.023964161053299904 0.06749987627181796 -0.0008116775475515541 0.9977189523522384 0.6403777599334717
0.9991541390823491 0.0008571620360813327 -0.04111291315211703 -0.05493837967514992 -0.0008395328572797303 0.9999995481064128 0.00044606227295979273 -0.020307008177042007 0.04111327692110134 -0.00041116932486656737 0.9991544071866945 0.591275691986084
0.9992857571495213 0.0006949241040405286 -0.03778217355576691 -0.05094977840781212 -0.0006805766436534476 0.999999691339649 0.00039260162922075397 -0.020215574651956558 0.03778243472224338 -0.00036660755144548077 0.9992859216587429 0.6268579363822937
0.9992512845724446 0.000698795003908513 -0.03868309664262006 -0.052127689123153687 -0.0006825160304460607 0.9999996728933935 0.00043403337945391936 -0.020343167707324028 0.03868338728948068 -0.0004073065784007657 0.9992514346495398 0.6288471817970276
0.9991156789208302 0.0006460403131131356 -0.042040965337189505 -0.05759681388735771 -0.0006264618397441459 0.999999689113255 0.0004788725894453214 -0.02127768285572529 0.042041261638208254 -0.00045211205183048257 0.9991157730286119 0.7123935222625732
0.9998597596837248 -0.00016966679856566673 -0.016746109350572434 -0.026436014100909233 0.00017448153348963483 0.9999999438649312 0.0002860530170024837 -0.019715292379260063 0.016746059876828825 -0.00028893478767638085 0.9998597331602517 0.903234601020813
0.9998761975532188 -0.00014443052911655967 -0.015734316201801116 -0.02544233575463295 0.0001492134083413064 0.9999999430225349 0.00030280403723178774 -0.019597908481955528 0.015734271571152356 -0.00030511432029947384 0.9998761621337795 0.9163844585418701
0.9999346138778904 -0.000637082184044158 -0.011417622132725227 -0.02042115293443203 0.0006388753871771278 0.9999997841519218 0.0001534090935480998 -0.021064437925815582 0.011417521934053059 -0.00016069350048306325 0.9999348050600524 1.0806760787963867
0.999985446747606 -0.0005300981898413608 -0.005368918783106418 -0.010866738855838776 0.0005300099802245785 0.9999998593853451 -1.785246715285548e-05 -0.019362272694706917 0.005368927491718279 1.5006626803333551e-05 0.9999855870923288 0.9352884292602539
0.9999998596654702 -0.0003594214499980541 -0.0003892110755573448 -0.003399412613362074 0.0003593854863688711 0.9999999311459287 -9.246734742721572e-05 -0.01778041198849678 0.0003892442835066674 9.232745763916465e-05 0.9999999199822611 0.832837700843811
0.9999996838692984 -0.000333552861070313 0.0007218059239041043 -0.0016813636757433414 0.0003337040099028664 0.9999999224189501 -0.00020929339985829593 -0.017674019560217857 -0.0007217360574933171 0.00020953420322540508 0.9999997175962004 0.7954126000404358
0.9984955685445754 0.0010918171855233733 -0.054821597314186 -0.07331681996583939 -0.0010454302650941588 0.9999990708878473 0.0008748136963066812 -0.022203074768185616 0.05482250151540146 -0.0008161854420512662 0.9984957822489379 0.6649290323257446
0.9964386076463938 0.0016844913405886766 -0.08430458872824963 -0.11247222125530243 -0.0015853924040582295 0.9999979714594303 0.0012424201984346267 -0.0259125716984272 0.08430651055903683 -0.0011043395980429359 0.9964392569100291 0.6519573926925659
0.9980168463773997 0.0010384692382469926 -0.0629388268761877 -0.08577758818864822 -0.0009740253558050984 0.9999989695601422 0.001054586772092849 -0.02377106249332428 0.06293985717743376 -0.0009911913512733925 0.9980168294764319 0.7631371021270752
0.9997913555243096 -0.00017112731897187073 -0.02042586924231825 -0.03104887343943119 0.00017867143452500182 0.9999999165039399 0.00036751684566050307 -0.02026604674756527 0.02042580464466617 -0.000371089684659878 0.9997913026212341 0.8943621516227722
0.9999162026560552 -0.0005015566502249336 -0.012935845810068026 -0.021072475239634514 0.0005037675719898407 0.9999998590547633 0.00016765645666105304 -0.02010345831513405 0.01293575989761138 -0.00017415906713066256 0.999916314390605 0.9400290250778198
0.9999976219293057 -0.0003461375470063564 0.0021532126071837766 -0.0013945023529231548 0.00034675122412297687 0.9999998993722325 -0.0002846385659734673 -0.018363498151302338 -0.00215311386641579 0.0002853845181901731 0.9999976413253957 0.9084099531173706
0.9999945173516752 -0.0004695712517181549 -0.003277921510590605 -0.008140670135617256 0.00046940658511981427 0.9999998885280071 -5.100422477621404e-05 -0.01886819116771221 0.003277945095311833 4.9465267195409395e-05 0.9999946263001314 0.9320313930511475
0.9999994236931722 -0.00046272802508574113 -0.0009687600829949537 -0.004873673897236586 0.00046247614324168465 0.9999998592026964 -0.00026021222982051435 -0.018922949209809303 0.0009688803540873541 0.0002597640514315196 0.999999496896622 0.9040186405181885
0.9999172045244054 8.981283860020429e-06 -0.012867945268601928 -0.019406534731388092 -8.079829217588003e-06 0.9999999975099143 7.010626596091088e-05 -0.018131591379642487 0.01286794586620391 -6.99964906791269e-05 0.9999172021070927 0.7425752282142639
0.9998797246846823 9.899298801377888e-06 -0.01550922520590914 -0.02322159893810749 -7.154604786921216e-06 0.9999999843050946 0.00017702717866194603 -0.01854984648525715 0.015509226714938257 -0.00017689492428531303 0.9998797090624902 0.760876476764679
0.9999997584302248 -0.0004094673438601573 -0.0005616724900700231 -0.004192143213003874 0.00040939741637021525 0.9999999084332947 -0.0001246080156062901 -0.018386753275990486 0.0005617234615526977 0.00012437803823847892 0.9999998344984143 0.8892840147018433
0.9999806152566283 -0.00024159704250273478 -0.006221795708994686 -0.011266574263572693 0.00024127808557628284 0.9999999695396624 -5.201499635012961e-05 -0.018287241458892822 0.006221808086145973 5.051280509526091e-05 0.999980643088953 0.8107244968414307
0.9999988489291007 -0.0004077891954126799 -0.001461454222969271 -0.004662793129682541 0.00040772551544488415 0.9999999159176299 -4.3870687074390124e-05 -0.01800091378390789 0.0014614719900789203 4.3274764399759655e-05 0.9999989311128873 0.8370668888092041
0.9999927636443355 -0.00024155155441863823 -0.0037966184705421355 -0.007851852104067802 0.000241343325098929 0.9999999693474306 -5.5304045771324425e-05 -0.01763172075152397 0.0037966317129442453 5.438735704576688e-05 0.9999927912888431 0.7939074039459229
0.999992106059136 -0.00022262413018919099 0.003967147326538636 0.0014501209370791912 0.00022356849855706886 0.9999999467804137 -0.0002376053374750207 -0.01711628958582878 -0.003967094218727113 0.0002384903910038866 0.9999921026117122 0.8392828702926636
0.9999943450894192 -0.00037563840060761617 0.003341958254642377 -0.00043231016024947166 0.0003765754413881956 0.9999998899621002 -0.00027976190704757383 -0.017990874126553535 -0.003341852797584995 0.00028101882442384843 0.999994376508338 0.9263026714324951
0.9999971847653413 -0.0005229698256038323 -0.00231451160148159 -0.0068853492848575115 0.0005227578335388157 0.9999998591120084 -9.21965872553409e-05 -0.018878618255257607 0.002314559491427857 9.098639862982208e-05 0.9999973172643194 0.9289596080780029
0.9999975771462148 -0.0002718852676173601 -0.0021844404550025657 -0.005478111561387777 0.0002716203163003994 0.9999999557196234 -0.00012158599859375316 -0.01747645065188408 0.002184473415716486 0.00012099236560132905 0.9999976067155079 0.7794770002365112
0.9999897532986516 -0.0001732532007487328 -0.004523635819761921 -0.008449045941233635 0.00017296962730893156 0.9999999830513231 -6.307821470851385e-05 -0.017358150333166122 0.004523646671594876 6.229511676306059e-05 0.9999897663176901 0.7540459632873535
0.9999504848548441 3.6279517840755536e-05 -0.009951207080526357 -0.014966621994972229 -3.606149725954615e-05 0.999999999105836 2.208838960562315e-05 -0.0175185464322567 0.009951207872984466 -2.172844046894198e-05 0.9999504852690178 0.7020213603973389
0.9999973430864395 -0.00016436987298084488 -0.0022993048094771796 -0.005716631654649973 0.000164100611710312 0.9999999796565906 -0.00011729368229830905 -0.01707044057548046 0.0022993240422491414 0.0001169160533333903 0.9999973497162807 0.760918915271759
0.9999962845128226 -0.0002077692041128379 0.0027180493938741327 0.0010401266627013683 0.0002083447764980038 0.9999999559347702 -0.00021147792218698444 -0.016518862918019295 -0.0027180053355030814 0.0002120434278369535 0.999996283735385 0.7311204075813293
0.9999966791102847 -0.00020760163519458526 0.0025687876446313417 0.0007661923300474882 0.0002080703082590509 0.9999999617580083 -0.00018218322795072385 -0.016448985785245895 -0.0025687497248597585 0.00018271711137738634 0.9999966840641563 0.7301325798034668
0.9999946121213003 -0.00010881678112622212 0.0032808363688064954 0.0018832498462870717 0.00010928547884805601 0.9999999838495105 -0.00014268028324276524 -0.01597493141889572 -0.0032808207898102288 0.0001430380622722934 0.9999946078629915 0.6810567378997803
0.9999998225849933 -0.00013724775346821264 -0.0005796490625859478 -0.0034280591644346714 0.00013718389732216972 0.9999999845180725 -0.00011020178205793463 -0.016819950193166733 0.0005796641785588789 0.00011012224398900007 0.9999998259312504 0.7446398138999939
0.9999900625663297 -0.00015761185242541253 0.004455325699804574 0.003577197901904583 0.00015869200754823324 0.9999999581049133 -0.0002420888633868498 -0.01641441322863102 -0.0044552873570741095 0.0002427934822244109 0.9999900456834009 0.7151429653167725
0.9999711217102252 -7.278608242010528e-05 0.007599371538516065 0.007783365435898304 7.468294990531095e-05 0.9999999661297526 -0.00024932499023329216 -0.015611391514539719 -0.007599353133734182 0.0002498853336378989 0.9999710932768352 0.6076873540878296
0.999966166853368 -0.00019619287590065415 0.008223542845831149 0.008156055584549904 0.00019837370404981853 0.9999999453759608 -0.00026437841939339594 -0.015801530331373215 -0.008223490527465595 0.0002660008092943063 0.9999661511506845 0.6701027154922485
0.9999911576007932 -0.00019255516992996185 0.004200909750551908 0.0033469554036855698 0.00019351739455282732 0.9999999551359627 -0.00022864621252229842 -0.01643465831875801 -0.00420086553507183 0.00022945713985088854 0.9999911499999273 0.7137607336044312
0.9999764580526872 -0.00015440496941713296 0.006859992675495424 0.006379378959536552 0.00015580392317112872 0.9999999671777257 -0.00020339539124461376 -0.016012081876397133 -0.006859961045075698 0.00020445941669279682 0.9999764492880855 0.7041915059089661
0.9999664853162807 -0.00018711956624734122 0.008184939246708909 0.007848992943763733 0.0001892624745640529 0.9999999480196036 -0.00026103736471166125 -0.015964360907673836 -0.008184889976054065 0.0002625777179829326 0.9999664687523386 0.7092918753623962
0.999963667130929 -0.00017683740061598115 0.008522508233976912 0.007967584766447544 0.00017918467169637954 0.9999999462280704 -0.0002746574402519645 -0.015976404771208763 -0.008522459205997406 0.0002761745639990833 0.9999636450475048 0.7453970313072205
0.9999947070201892 -0.00029328957220240353 0.0032403568989707947 0.0008279423927888274 0.0002940052985613895 0.9999999324913169 -0.00022040473217503664 -0.01733643002808094 -0.0032402920378089566 0.0002213562476747664 0.9999947257405517 0.8329654932022095
0.9999956246207775 -0.00027229234167112514 0.0029456062502550427 0.0014020957751199603 0.00027278423273145583 0.9999999489181023 -0.00016659098107006193 -0.016858810558915138 -0.0029455607383395486 0.00016739376711224954 0.9999956478161609 0.7683522701263428
0.9999773689442522 -0.00016821817283781425 0.006725570754745967 0.005413322243839502 0.000170345650037902 0.999999935640552 -0.00031575504920761067 -0.016647741198539734 -0.006725517206154505 0.0003168935750595826 0.9999773332414947 0.7950735092163086
0.9996968710311457 -0.00021959430640901672 0.024619460369345012 0.026358824223279953 0.00023559035753798144 0.9999997630518495 -0.0006468333854752418 -0.014808299019932747 -0.024619312494880762 0.0006524374190088881 0.999696685889122 0.7143537998199463
0.9996541620293854 -0.0002524217030451936 0.026296247272387396 0.028065670281648636 0.00027039701464020666 0.9999997322318951 -0.0006800158762375086 -0.014709386974573135 -0.026296068580325526 0.0006868911276855793 0.9996539626079601 0.740283191204071
0.9999663882908404 -0.00020353371242635607 0.008196393267787866 0.006397299002856016 0.00020661306190813885 0.9999999083990049 -0.00037485066994072863 -0.016766881570219994 -0.008196316222241628 0.0003765315524786932 0.9999663387456476 0.8452919721603394
0.9999945915013164 -0.00028752287601672445 0.0032763239631308054 0.00045161391608417034 0.00028822496270403944 0.9999999356035079 -0.00021382083894376476 -0.017506945878267288 -0.0032762622737644697 0.00021476400084611852 0.9999946099764426 0.865313708782196
0.9999990003902174 -0.0003564600775730597 0.0013682670715453983 -0.002538170199841261 0.0003567113205708215 0.9999999195640956 -0.00018338166798204672 -0.01829146221280098 -0.0013682015932440046 0.00018386956102592198 0.9999990471077383 0.9289524555206299
0.9999998085961613 -0.0004014161715750686 0.0004708213010802455 -0.003946786280721426 0.0004015093214795404 0.9999998998390895 -0.00019776773064844965 -0.01879158429801464 -0.00047074186675705746 0.0001979567319360817 0.9999998696076049 0.9625180959701538
0.9999997508070239 -0.000474008215238144 -0.0005231654631332786 -0.005652340594679117 0.00047394261933032496 0.9999998798141181 -0.00012549957235751455 -0.019515251740813255 0.0005232248880844823 0.00012525159067396208 0.9999998552738671 1.0314279794692993
0.9999998553982818 -0.00045241368616261905 -0.0002907323028766912 -0.005482261534780264 0.0004523456628648553 0.9999998703147566 -0.00023399545104441595 -0.019564256072044373 0.000290838127917554 0.0002338639057120107 0.999999930360426 1.0223404169082642
0.9999998941950987 -0.0004451657535243345 -0.00011591912298790179 -0.005028286948800087 0.0004451486957766167 0.9999998900967544 -0.0001471363915699952 -0.01922076940536499 0.00011598461033063805 0.0001470847747558302 0.9999999824568194 1.0082842111587524
0.9999998804048612 -0.00043962859167179843 0.00021428244007455055 -0.004636556841433048 0.00043966995079672104 0.999999884720019 -0.00019300332260159257 -0.019220633432269096 -0.00021419756559317167 0.00019309751306921766 0.9999999584163756 1.0031752586364746
0.999999755478565 -0.0004003267171582067 0.000573394566509558 -0.0032722176983952522 0.00040046678630655555 0.9999998899996256 -0.00024418658617002986 -0.018635131418704987 -0.0005732967490215257 0.00024441615194051124 0.9999998057957719 0.9184221029281616
0.9999996673968105 -0.0003844616003365837 0.0007193021245637746 -0.0026909676380455494 0.000384590602630086 0.9999999099862079 -0.00017921396293098962 -0.018252866342663765 -0.0007192331589296715 0.00017949054016141303 0.9999997252433668 0.8911744356155396
0.9999995031307677 -0.0004604811421960281 -0.0008841353600745239 -0.005018678959459066 0.0004603771897362157 0.9999998870909167 -0.000117775195147533 -0.018803689628839493 0.0008841894935039949 0.0001173681008762447 0.9999996022167549 0.9403862953186035
0.9999987876953832 -0.0005005358033148969 -0.0014744733547164205 -0.006573971826583147 0.0005003138991501849 0.999999863463284 -0.00015086224198984635 -0.019529249519109726 0.001474548665350155 0.00015012435958556265 0.999998901583852 1.0117311477661133
0.9999999177964951 -0.0004054711467907497 3.898470640486122e-07 -0.003701415378600359 0.0004054712125919751 0.9999999003184378 -0.00018696579927767877 -0.018452810123562813 -3.1403778814427824e-07 0.0001869659419801966 0.9999999825218187 0.9033784866333008
0.9999995110215807 -0.00038129828884641604 0.0009124517599160028 -0.00335770845413208 0.00038144669004599953 0.9999999140507051 -0.00016247155106227998 -0.01864447630941868 -0.0009123897313670112 0.00016281952332084437 0.9999995705172982 0.9619098901748657
0.9999998024789584 -0.00044031680542511723 -0.00044851215780199687 -0.004633584059774876 0.0004402588640406969 0.9999998947298802 -0.00012927630076077365 -0.018727075308561325 0.00044856903311483624 0.00012907881377288168 0.9999998910622355 0.943684458732605
0.9999995000477176 -0.0004701130457705928 -0.0008825520035638545 -0.00560649624094367 0.00046997472094116284 0.9999998772477917 -0.0001569336270163161 -0.01922566443681717 0.0008826256717740276 0.0001565187714254001 0.9999995982368182 0.9854192733764648
0.9999998837500782 -0.0004036964719320455 0.0002636835019599535 -0.004087541718035936 0.00040374103793392385 0.9999999042191453 -0.0001689818781841649 -0.01880265213549137 -0.0002636152593160788 0.00016908831839080208 0.9999999509580669 0.9627480506896973
0.9999998950049668 -0.0004421233720155471 -0.00012048642893071562 -0.004883492365479469 0.00044210089806232374 0.9999998848841901 -0.0001864896854454858 -0.019165975973010063 0.00012056886650939802 0.00018643639870656047 0.9999999753523087 0.9902106523513794
0.9999998543896764 -0.00044821389976022454 -0.0003005410560689912 -0.004768039099872112 0.0004481524216325942 0.9999998786502787 -0.00020459431873282046 -0.019043218344449997 0.0003006327216158857 0.00020445960073969816 0.9999999339081173 0.9615969657897949
0.9999997751547528 -0.0003895537971234766 0.0005458372319559114 -0.0035629719495773315 0.0003896429591674117 0.9999999107635178 -0.0001632523246147321 -0.018610352650284767 -0.0005457735876843738 0.00016346496954250582 0.9999998377051845 0.9453251361846924
0.9999966074459757 -0.00030287856745168413 0.0025871530902815175 -0.0009048825595527887 0.000303618686852336 0.9999999130993479 -0.0002856868737205442 -0.018094567582011223 -0.002587066337025174 0.00028647141253634835 0.9999966125052113 0.9035671949386597
0.9999893056108875 -0.0002520419191437422 0.004617914976040714 0.0020617758855223656 0.0002532938773658485 0.9999999313289076 -0.0002705261385923137 -0.017327215522527695 -0.004617846474996299 0.0002716929350701497 0.9999893007812045 0.8601253032684326
0.9999954175905418 -0.000308695912888896 0.003011561845849562 0.0007117254426702857 0.0003094284224404424 0.9999999226584967 -0.0002427695449224601 -0.017375562340021133 -0.0030114866709645507 0.00024370029528404433 0.9999954357686822 0.819135844707489
0.9999879558696978 -0.00016073343482913237 0.004905331824318944 0.0039103212766349316 0.00016200760978453725 0.999999953243788 -0.00025935681325816256 -0.016341011971235275 -0.004905289907652767 0.00026014839061496684 0.9999879351540882 0.720607340335846
0.9999839963492485 -0.00018735034937281163 0.005654373991225982 0.004627660848200321 0.0001885770942993614 0.9999999587999525 -0.00021642267125149986 -0.01650698110461235 -0.005654333211402435 0.00021748549311600174 0.999983990479845 0.7623862028121948
0.9999965213457322 -0.0003047602714744746 0.0026200033609028923 -0.0006469441577792168 0.0003053234462438854 0.9999999303719476 -0.00021455463872840428 -0.01791338622570038 -0.0026199377907472165 0.00021535384082231604 0.9999965447683785 0.8946687579154968
0.9999994033236391 -0.00038703610673681014 0.0010215456023970081 -0.0029158666729927063 0.00038722771863721297 0.9999999074718118 -0.00018737945920124186 -0.018565770238637924 -0.0010214729852588726 0.00018777491816944811 0.9999994606666147 0.9389562010765076
0.9999999099421284 -0.0004136348631645715 9.49838701806306e-05 -0.0038488288410007954 0.0004136535304249469 0.9999998951205027 -0.00019659537350780678 -0.018694624304771423 -9.490254151835032e-05 0.00019663464621607948 0.9999999761641617 0.9288932085037231
0.9999997250181796 -0.00039314351665735187 0.00062880978119016 -0.002977738156914711 0.00039327242556700195 0.9999999016775964 -0.0002048941119431015 -0.01844025030732155 -0.0006287291665723592 0.00020514134914881445 0.9999997813083072 0.9049155712127686
0.9999995278266777 -0.00036744063712510925 0.0008996298128006504 -0.0028077736496925354 0.00036761146329637083 0.9999999144327414 -0.00018972696702019824 -0.018373850733041763 -0.0008995600224241519 0.00019005759166809458 0.9999995773348497 0.914761483669281
0.99999939725097 -0.0003892424844620093 0.0010266391699318056 -0.002871389966458082 0.000389491666172233 0.9999998947383957 -0.00024252719366302494 -0.018587937578558922 -0.0010265446599787085 0.00024292691488084862 0.9999994435961328 0.9262271523475647
0.9999998739639985 -0.0003996971419192828 0.0003038324904966469 -0.003380844369530678 0.0003997531824136109 0.999999903095718 -0.00018440701752582122 -0.018480362370610237 -0.0003037587540961226 0.00018452845228889475 0.9999999368399329 0.9092538356781006
0.9999996548279774 -0.00037488744250313387 0.0007414872431958421 -0.0021886229515075684 0.00037505024149477436 0.9999999055937787 -0.00021943051345779682 -0.01804005540907383 -0.0007414049114508359 0.00021970853268614852 0.9999997010234144 0.846208930015564
0.9999998505387523 -0.00044094269301318557 -0.0003232522467902662 -0.004770583938807249 0.0004409075327472788 0.9999998968778966 -0.00010883356235900769 -0.018910683691501617 0.0003233002028198913 0.00010869102174202033 0.9999999418316189 0.9747681617736816
0.9999990342498045 -0.0005235539759255097 -0.0012873968666382242 -0.007127657067030668 0.0005233374462021442 0.9999998488589431 -0.000168523018602532 -0.02011457458138466 0.0012874849029561256 0.00016784911286295878 0.9999991571042945 1.08249032497406
0.9999995789666771 -0.0004905873181909857 -0.0007754937468825854 -0.005811716895550489 0.0004903516724316926 0.9999998335615831 -0.000304026385845548 -0.019773859530687332 0.0007756427692999252 0.0003036459931845644 0.9999996530886424 1.0082223415374756
0.9999998610899742 -0.00043163329425098583 -0.000302510713788661 -0.003986046649515629 0.0004315719409138714 0.9999998862988219 -0.00020284970671360526 -0.01863478496670723 0.00030259823607998304 0.00020271912339985023 0.9999999336696302 0.9034675359725952
0.9999997886962976 -0.00045361898286242424 -0.00046565779145237317 -0.004672946874052286 0.0004535325093921458 0.9999998798950583 -0.0001857905592549407 -0.019001437351107597 0.00046574201364908593 0.0001855793290500322 0.9999998743223368 0.9503123760223389
0.999999794392358 -0.0003862137066099656 0.0005119123116104025 -0.002188564743846655 0.0003863303566840401 0.9999998994298457 -0.0002277919099191907 -0.0180387981235981 -0.0005118242837694366 0.00022798963034936862 0.9999998430283032 0.8317238688468933
0.9999992817339087 -0.0003307883336554578 0.0011520029276673818 -0.0011292744893580675 0.0003309493313640603 0.9999999354968255 -0.00013956677709409078 -0.017471371218562126 -0.001151956686297907 0.00013994793144664824 0.9999993267049582 0.8046743273735046
0.9999998776596111 -0.000397112174820628 0.00029492826805533603 -0.0032392828725278378 0.0003971585838442857 0.999999908758506 -0.00015731509406046246 -0.0183323435485363 -0.0002948657694065058 0.0001574322081077492 0.9999999441346372 0.8982595205307007
0.9999999014118034 -0.0004122660432477981 -0.00016496391397613006 -0.0031867465004324913 0.00041223697841184906 0.9999998995098808 -0.00017618428348944854 -0.01811416633427143 0.00016503653219632336 0.00017611626189431326 0.9999999708730022 0.8465049266815186
0.9999961669214519 -0.0004991402534243862 -0.002723417230509489 -0.007388891186565161 0.0004990331058068564 0.9999998746820726 -4.002247550591156e-05 -0.019034603610634804 0.002723436866045053 3.866324673767019e-05 0.9999962906915156 0.9483861923217773
0.999998980252986 -0.0005075686061226951 -0.0013348659476108587 -0.006887223105877638 0.0005073585251028682 0.9999998588568348 -0.00015771378220055875 -0.019803104922175407 0.001334945809768252 0.0001570363657540104 0.9999990966292243 1.0528621673583984
0.9999999062023907 -0.0004316651569457864 -3.550214685429643e-05 -0.004539196845144033 0.0004316564413473024 0.9999998767901959 -0.0002451373288102661 -0.019138503819704056 3.560795972359802e-05 0.0002451219810865994 0.9999999693236434 0.9689869284629822
0.9999998983957759 -0.00043881948084873823 -0.00010317897565853228 -0.004570192191749811 0.0004387947851273019 0.9999998751094402 -0.0002392493264437833 -0.01909186691045761 0.00010328395003767575 0.0002392040277385874 0.9999999660569288 0.9641842842102051
0.9999998769116739 -0.0004312310948902281 -0.0002453902610131086 -0.004294866696000099 0.00043118911112116116 0.9999998923974581 -0.0001711169859700266 -0.01871274970471859 0.00024546402557370687 0.00017101115529899916 0.9999999552512976 0.9315816164016724
0.9999991964324946 -0.00037896564465874 0.0012097600611782596 -0.0023578600957989693 0.00037930463264572076 0.9999998888657302 -0.0002799937913668656 -0.01845625787973404 -0.0012096538187048127 0.00028045243396854783 0.9999992290417385 0.898889422416687
0.9999990257795397 -0.00035081897995969285 0.001351061070074627 -0.0016896086744964123 0.0003510255084803827 0.9999999267426085 -0.000152629847094498 -0.017902761697769165 -0.0013510074256521483 0.0001531039552984891 0.9999990756686303 0.8691439628601074
0.9999998894090503 -0.0004118270197780252 0.00022711317260154534 -0.0033809873275458813 0.00041187510224938514 0.999999892769859 -0.00021170538643716823 -0.018443653360009193 -0.00022702596224980046 0.0002117989052856559 0.999999951800217 0.8989102244377136
0.9999999082504752 -0.0003951109570630617 0.0001654882844590521 -0.003267892636358738 0.0003951387169603634 0.9999999078632819 -0.00016774630198032665 -0.018229270353913307 -0.0001654219908095855 0.00016781167741807633 0.9999999722374023 0.8846574425697327
0.9999998834631899 -0.0003941718858863363 0.00027875101922387064 -0.003199577797204256 0.0003942146564580724 0.9999999105318984 -0.00015339817284577793 -0.018240146338939667 -0.000278690529037464 0.00015350804270652488 0.9999999493834335 0.892620861530304
0.9999999087300633 -0.0003999765925217542 -0.00015019517401558647 -0.00322390953078866 0.00039995369579155885 0.9999999083986837 -0.00015244561425858355 -0.018032198771834373 0.00015025613493484688 0.0001523855292299444 0.9999999771008719 0.8497118353843689
0.999999808420135 -0.0003714264211877371 0.0004951788629559254 -0.0029452918097376823 0.00037149029616983213 0.9999999226888376 -0.0001289080213592094 -0.018090182915329933 -0.0004951309448280362 0.00012909195080548468 0.999999869090299 0.8893494606018066
0.9999998163760988 -0.00038060851524796474 0.00047157706288296 -0.0024184584617614746 0.00038069207475937395 0.9999999118519869 -0.00017711454543423204 -0.01785547472536564 -0.0004715096100102125 0.00017729403856224616 0.9999998731227475 0.8353169560432434
0.9999759080452051 -0.0001719786181153741 0.006939290491296636 0.006029137410223484 0.00017401242286013992 0.9999999420867725 -0.0002924826980111178 -0.01636364869773388 -0.006939239788649699 0.0002936831742824999 0.9999758800597888 0.7543523907661438
0.9999720524370409 -0.00020053765497663877 0.0074735620356388135 0.006871191784739494 0.0002024931927125562 0.99999994546255 -0.00026090497037146076 -0.016116544604301453 -0.0074735093067788685 0.0002624110241509069 0.9999720385086253 0.7406715750694275
0.9999970387830455 -0.00024929093477008734 0.002420801348768927 0.0002909521572291851 0.00024978867037740786 0.9999999477271997 -0.0002053076185961002 -0.0169582087546587 -0.0024207500408987065 0.00020591169938585592 0.999997048780451 0.7852980494499207
0.9999906400936245 -0.00024669351365941636 0.004319591121143784 0.0026340133044868708 0.00024770691268993734 0.9999999419258172 -0.0002340718867081423 -0.01685359515249729 -0.004319533126270878 0.00023513968839789892 0.9999906431276737 0.7936031222343445
0.9999994998363289 -0.0003450506188813503 0.0009387583087259847 -0.002543298527598381 0.0003451413394555779 0.9999999357846638 -9.647861837046709e-05 -0.017942406237125397 -0.000938724958436327 9.680257441546589e-05 0.9999995547122578 0.8967963457107544
0.9999995393963409 -0.00046528784678698324 -0.0008394726475957968 -0.005550256464630365 0.0004651634966982464 0.999999880812342 -0.00014831798097693052 -0.01909242570400238 0.0008395415580950264 0.00014792742062898754 0.9999996366436594 0.9787904024124146
0.999999899698397 -0.00040802474448872235 0.0001847133011852798 -0.0035759471356868744 0.0004080706381315409 0.9999998858656999 -0.00024848931833043624 -0.018569687381386757 -0.0001846118903125365 0.0002485646694812454 0.9999999520670263 0.9003796577453613
0.9999984435040541 -0.0003231698325858407 0.0017345174338190546 -0.0012701645027846098 0.0003234018531914175 0.9999999387961149 -0.00013348785468408607 -0.01764683425426483 -0.0017344741884121988 0.00013404859306327132 0.9999984868139872 0.8662928342819214
0.9999957459507691 -0.0003035517797165921 0.0029010233852870544 -0.0011357595212757587 0.0003043509623244022 0.9999999158602292 -0.00027504549899764433 -0.018426649272441864 -0.0029009396506448873 0.0002759272581995886 0.9999957541976324 0.9559266567230225
0.9999820957240309 -0.0002203851924108749 0.005979938272403166 0.0037834441754966974 0.00022212598622800805 0.9999999331514364 -0.00029044305567912855 -0.017099149525165558 -0.005979873863304172 0.0002917661551928466 0.9999820778299425 0.8555459976196289
0.9999998554507097 -0.0003967298874749509 0.0003629103964452483 -0.0035792114213109016 0.00039680592898086757 0.9999998993306538 -0.00020948445452175253 -0.018427696079015732 -0.0003628272511672258 0.0002096284292379216 0.9999999122061497 0.9157596230506897
0.9999996927375121 -0.0003590244706236139 0.0006968689340654513 -0.0026532388292253017 0.00035913495685534663 0.9999999229613252 -0.00015842798610308408 -0.017959900200366974 -0.0006968120008557493 0.00015867820741867632 0.9999997446370985 0.8740312457084656
0.9999900089702495 -0.00026360147072348853 0.0044623395148026416 0.0018984877970069647 0.0002646676910846321 0.9999999365704557 -0.00023834869017942917 -0.017322881147265434 -0.004462276402693202 0.00023952734592679308 0.9999900153081314 0.8628142476081848
0.9999975758981885 -0.00031068000942061015 0.002179833864889723 -0.0008092727512121201 0.00031109237851918215 0.9999999337808614 -0.0001888380387911437 -0.017671652138233185 -0.0021797750523393318 0.00018951571073031698 0.9999976063293935 0.8655422925949097
0.9999806469256688 -0.00020058141434732186 0.006218162205730176 0.00511947413906455 0.00020244910366609494 0.9999999345874344 -0.0002997323590318974 -0.0167197547852993 -0.006218101678243733 0.0003009854196542741 0.9999806221218969 0.7712277173995972
0.9999661958361977 -0.00016076187617186018 0.008220787097494502 0.007552357856184244 0.00016308507686998316 0.9999999469590302 -0.0002819311877256809 -0.016172291710972786 -0.008220741337669292 0.00028326234497335663 0.9999661690148838 0.765019416809082
0.9999977634902412 -0.0003267053776750932 0.00208956409611783 -0.0011240392923355103 0.0003271971952255511 0.9999999188512153 -0.0002350309729165702 -0.01785968616604805 -0.002089487140669471 0.00023571414677899945 0.9999977892387213 0.8759325742721558
0.9999998139341342 -0.00033023129512453804 0.0005129122621686823 -0.0017084782011806965 0.00033030655421393206 0.9999999346955014 -0.00014665119506031784 -0.01755562052130699 -0.0005128637998591278 0.0001468205860554673 0.999999857707209 0.7802947759628296
0.9999996726387491 -0.0003398426003113534 0.0007343224100113088 -0.0018551596440374851 0.00033992447525666466 0.9999999360234403 -0.00011137534147838799 -0.017472725361585617 -0.0007342845129462285 0.00011162491917830916 0.9999997241830278 0.8150563836097717
0.999999588520219 -0.00025009917709043405 0.00087201479039794 -0.0004900989588350058 0.0002502254241719084 0.9999999582288825 -0.00014467021326112443 -0.017113760113716125 -0.0008719785720716214 0.00014488835400306826 0.9999996093302912 0.7164031267166138
0.9999798415139732 -7.096912303829694e-05 0.0063491360886885765 0.006711007561534643 7.216976925206563e-05 0.9999999795588866 -0.0001888749610058005 -0.015854280441999435 -0.006349122554614819 0.00018932936925900886 0.9999798261950971 0.5871313214302063
0.999999791899318 2.4422973909120543e-05 -0.0006446742119620903 -0.001377561129629612 -2.447954437899647e-05 0.9999999958509826 -8.774273260478558e-05 -0.016444170847535133 0.0006446720663488565 8.775849567644479e-05 0.9999997883481645 0.5612354874610901
0.9996034239796405 0.000830984442491452 -0.028147899265047294 -0.03626788407564163 -0.0008230837151888704 0.999999618555244 0.0002922713881647154 -0.018500765785574913 0.028148131401155276 -0.0002689874028388949 0.9996037266559186 0.5021947622299194
0.99999333239854 0.00015510070464774947 -0.0036484383281394713 -0.005292792804539204 -0.00015525249908813094 0.9999999870945709 -4.132214023469564e-05 -0.016529252752661705 0.0036484318719617417 4.188829388334566e-05 0.9999933435729692 0.5654879212379456
0.9999487489978433 -0.00010050071691372828 0.010123698793159908 0.01142074353992939 0.0001030932256538185 0.9999999620300206 -0.00025556162602527287 -0.015548436902463436 -0.01012367272463664 0.00025659221299996075 0.9999487213907526 0.5608378052711487
