0.999992848346542 0.00011735608398603818 -0.0037801432935344885 -5.4834148613736033e-05 -0.00011463998972859739 0.9999997351460738 0.0007187248815004135 -0.016730444505810738 0.0037802266390862516 -0.0007182863858407858 0.9999925969482101 0.38409551978111267
0.9999935859828151 0.00022594871231978956 -0.0035744846355211927 -0.00021264766110107303 -0.0002236070127977624 0.9999997601589049 0.0006555013626801273 -0.016691431403160095 0.003574631887901705 -0.0006546978784514819 0.999993396666975 0.3852899372577667
0.9999932104000564 -0.00014047265873544338 -0.0036823119396374605 -0.00020985583250876516 0.00014265611400206764 0.9999998141769073 0.0005927017665862009 -0.01681583747267723 0.003682227996985878 -0.0005932230466901721 0.9999930446175089 0.3983277678489685
0.9999969568093684 -0.0005515664548824315 -0.002404609416946961 -0.0007961444789543748 0.0005529928289631303 0.9999996715364664 0.0005925587654806175 -0.01688379980623722 0.0024042817915828694 -0.0005938866939753625 0.9999969333591285 0.44288769364356995
0.9999984389575345 -0.0006527310088209171 -0.0016419575890990557 -0.0008484910940751433 0.0006533847735518192 0.999999707478635 0.00039765686496699113 -0.01685504801571369 0.001641697545824746 -0.00039872907429527334 0.9999985729211285 0.4622197449207306
0.9999973541705911 -0.0005526464434466934 -0.0022329876233129937 -0.0007075830362737179 0.0005538627191692886 0.999999698593571 0.0005441037177415196 -0.01684466376900673 0.0022326862532916917 -0.0005453390467328213 0.9999973588552215 0.45277196168899536
0.9999973818810918 -0.0004058492431159676 -0.002252002964940377 -0.0008414383046329021 0.0004073594616694331 0.9999996924496891 0.0006701931038786475 -0.01671821065247059 0.002251730274972214 -0.0006711087239488861 0.9999972396581152 0.43318912386894226
0.999996641026044 -0.0007200094495026331 -0.0024898841382637563 -0.000774490530602634 0.0007213340853930477 0.9999995987783544 0.0005311499483291446 -0.016989074647426605 0.002489500706286445 -0.0005329442025079105 0.9999967591731038 0.44117724895477295
0.9999969616246542 -0.0002603087457598288 -0.00245132225888028 -0.0007695644162595272 0.00026126750011286305 0.9999998895053201 0.00039080511897784676 -0.016695693135261536 0.0024512202580318537 -0.00039144438240375684 0.9999969191405252 0.41895803809165955
0.9999951184663821 -0.0006963133751777367 -0.003046012325900855 -0.0005908973980695009 0.0006980586069996383 0.9999995928046824 0.0005719306340544444 -0.017017396166920662 0.0030456128426287333 -0.0005740541372769494 0.9999951973405973 0.4187086820602417
0.9999989697937445 -0.0014327422801115929 -8.752718757010153e-05 -0.0006508343503810465 0.0014327403214019743 0.9999989733753514 -2.243690417636857e-05 -0.016843294724822044 8.755924401378165e-05 2.2311477330878935e-05 0.9999999959177884 0.570225715637207
0.9999999181693456 -0.0003194256127414771 -0.0002482510421245859 -0.0021541877649724483 0.0003195521216490293 0.9999998190317703 0.0005097282299310574 -0.016495298594236374 0.0002480881769468569 -0.0005098075173668752 0.999999839274263 0.5972961187362671
0.9999995724735207 -0.0008341719237672966 0.00039901124982061017 -0.0019275974482297897 0.0008340659717332798 0.9999996168874691 0.00026562919625916894 -0.01678108237683773 -0.00039923267737205267 -0.00026529628098983973 0.9999998851155697 0.5502987504005432
0.9999995817051998 -0.0008621114830535871 0.000305537585767684 -0.0017771030543372035 0.0008620420108380573 0.9999996025781882 0.00022743578711721557 -0.016837622970342636 -0.0003057335393441142 -0.00022717230574718664 0.9999999274598705 0.5490161180496216
0.9999994253414108 -0.0010701900495433154 6.332539470040065e-05 -0.0015542309265583754 0.0010701614659626667 0.9999993262612389 0.0004497015730163068 -0.016833316534757614 -6.380661818433371e-05 -0.0004496335461942102 0.9999998968791893 0.5382381677627563
0.9999994928750404 -0.0009448727369801817 -0.0003485185402592748 -0.0014588891062885523 0.0009449799506033805 0.999999506200379 0.00030759045989114784 -0.0169562678784132 0.00034822773432124536 -0.00030791964693730687 0.9999998919614622 0.517707109451294
0.9999991490168354 -0.0012416080390129185 0.00040046857833385153 -0.0012746425345540047 0.0012413856766470487 0.9999990754529359 0.0005550269138185672 -0.01677759177982807 -0.0004011573339598689 -0.0005545293055429169 0.9999997657849938 0.5768041610717773
0.9999946275245415 -0.0008733673419448251 0.003159454310432965 -0.003986838739365339 0.0008724073645302615 0.999999572876581 0.00030520820095105046 -0.015648987144231796 -0.0031597195198312415 -0.00030245023001916247 0.9999949623355182 0.7959364652633667
0.9999954488239506 -0.0008770163939282718 0.0028867236844356487 -0.004042822867631912 0.0008761865662792232 0.999999574470114 0.0002887155899857794 -0.015215707011520863 -0.0028869756643540483 -0.0002861849674774386 0.9999957917259841 0.8063673973083496
0.9999972025423403 -0.0005435632355707277 0.0023020526715465226 -0.0042195082642138 0.0005420848004576891 0.9999996464760653 0.0006427999793366671 -0.015240512788295746 -0.0023024012601523974 -0.0006415502733678429 0.9999971436767626 0.7982534170150757
0.9999991813617221 -0.00038037185179143985 0.0012217172915531364 -0.004333327524363995 0.0003791956624841748 0.9999994645922443 0.0009628218291109376 -0.01574643701314926 -0.0012220828677583073 -0.0009623577710103944 0.9999987901897608 0.7363868355751038
0.999998034865189 -0.0010676525413930108 0.0016704441957623819 -0.003403486916795373 0.001066472741188383 0.9999991813855245 0.0007070107307430589 -0.016436684876680374 -0.0016711976701160524 -0.0007052278581712032 0.9999983548746546 0.6763030290603638
0.9999938712567717 -0.0012962146257794193 0.0032522725191699202 -0.0034118625335395336 0.0012955198158194424 0.9999991375428422 0.00021573589991534856 -0.01636839285492897 -0.0032525493542529833 -0.00021152119423038324 0.9999946880766329 0.7687916159629822
0.9999944986191404 -0.0007032088322684666 0.0032416398307628714 -0.004613957367837429 0.0007004871857032949 0.9999994013138388 0.0008406483609654812 -0.015287495218217373 -0.0032422290413902277 -0.0008383730090765637 0.9999943925250485 0.8395512104034424
0.9999954579470732 -0.0005536153133812804 0.0029627006780913743 -0.004780894611030817 0.0005500719986669954 0.9999991327174381 0.0011966558268022623 -0.015434738248586655 -0.002963360595583305 -0.0011950206928447121 0.9999948951967326 0.8104785680770874
0.9999951085864026 -0.000950975105095432 0.002979672736789421 -0.004341450985521078 0.0009478617180965675 0.9999990036018729 0.0010461134856392803 -0.01576654240489006 -0.002980664595731034 -0.0010432840509458933 0.9999950135860463 0.7847334146499634
0.9999938377893858 -0.0011066023068326575 0.0033316384242989823 -0.004057109355926514 0.0011033801558993164 0.9999989219696406 0.0009688197914351734 -0.016143539920449257 -0.0033327069309077215 -0.0009651377576395681 0.9999939807686952 0.7551789879798889
0.999993392819734 -0.0014087927995687837 0.0033510624770839983 -0.003712909296154976 0.0014060245048208209 0.9999986685003445 0.0008283070868354886 -0.016563504934310913 -0.0033522249282052297 -0.0008235899381012844 0.9999940421260742 0.7390856742858887
0.9999917353650755 -0.0008750837630663037 0.003970318621042445 -0.004285015631467104 0.0008713278575614482 0.9999991713949569 0.0009476271231075434 -0.015716753900051117 -0.0039711445843252854 -0.0009441598420974172 0.9999916692517408 0.8520345687866211
0.9999973891908744 -0.0008714075153487773 0.0021124063002361955 -0.00404812628403306 0.0008689144234239366 0.9999989252960674 0.0011808447973214557 -0.016113100573420525 -0.0021134330270556833 -0.001179006214058676 0.9999970716683062 0.7390985488891602
0.9999955376437926 -0.0012969508016631832 0.002691209973330945 -0.0035841299686580896 0.0012949557811619016 0.9999988855790803 0.0007429199973089473 -0.016521094366908073 -0.002692170504876333 -0.000739431684222 0.9999961027217842 0.7053192853927612
0.9999913212054753 -0.0012403723257136089 0.003977309419877255 -0.004099271260201931 0.0012374366985128454 0.9999989602270092 0.0007404696600284115 -0.016100401058793068 -0.003978223742452674 -0.0007355415650068833 0.9999918163237442 0.8012422919273376
0.9999939043364707 -0.0008003857315816694 0.0033986280441176734 -0.004781011957675219 0.0007956550318872582 0.9999987131465675 0.0013930679377637588 -0.015610812231898308 -0.003399738662282019 -0.0013903553105855213 0.9999932543218172 0.8254613280296326
0.9999966308925924 -0.0011971496303122085 0.0023032664255672737 -0.0038253378588706255 0.0011951419884304137 0.99999890490209 0.0008728288769146575 -0.016113776713609695 -0.0023043088100323486 -0.0008700732058446852 0.9999969665621614 0.7408531904220581
0.9999986777488898 -0.001130689977931145 0.00116877741492849 -0.0027453226502984762 0.001130164534499339 0.9999992600555238 0.00045012945886280204 -0.016527138650417328 -0.0011692855069660058 -0.0004488079528955494 0.9999992156711046 0.6829061508178711
0.9999966419254203 -0.0009560323550694349 0.002408763171991961 -0.0034912731498479843 0.0009550717415720972 0.9999994639515591 0.0003999181949568603 -0.015947764739394188 -0.0024091442155119783 -0.00039761631036402674 0.9999970189582659 0.7427316904067993
0.9999939152446571 -0.000860753945490123 0.0033806177404571997 -0.004239253234118223 0.0008591196491034324 0.9999995134150307 0.000484853720672897 -0.015497567132115364 -0.003381033435252475 -0.0004819464153296951 0.999994168153276 0.7986223697662354
0.999999072365633 -0.0006096830949955423 0.00121801247804283 -0.003528171218931675 0.0006085491981373702 0.9999993813656592 0.0009310940724065236 -0.016224682331085205 -0.001218579396854281 -0.0009303519881748291 0.999998824754025 0.6968905925750732
0.9999866142669143 -0.0013743906427000838 0.004988219858328494 -0.004184993449598551 0.0013723802900832815 0.9999989756968067 0.00040642056643686004 -0.015804685652256012 -0.004988773329502476 -0.00039956939158346504 0.9999874761640609 0.8013301491737366
0.9999847591517469 -0.000500263692489005 0.005498290685363117 -0.005271618254482746 0.0004898920077579537 0.999998098612477 0.0018875320530590575 -0.014927564188838005 -0.005499224494736366 -0.0018848097168063746 0.9999831028683874 0.9113667607307434
0.9999874929243676 -0.0005629891025982815 0.004969611464544571 -0.00529450923204422 0.0005578058155644801 0.999999299123051 0.0010443208698038544 -0.014916124753654003 -0.004970195922727765 -0.0010415357302277321 0.9999871060947799 0.8829243183135986
0.9999704242322841 -0.0006607845394302926 0.0076625077160338275 -0.006003352347761393 0.0006475113474464156 0.9999982859842864 0.0017345770505635644 -0.014824172481894493 -0.0076636407640726595 -0.001729564188419604 0.9999691381327513 0.9814739227294922
0.9999845979688666 -0.0006881964195796458 0.00550728705735506 -0.004841753747314215 0.0006793615494637068 0.999998479735976 0.0016059245380363593 -0.015003864653408527 -0.005508383876341868 -0.0016021583644680007 0.9999835452624438 0.933530330657959
0.9999855403620379 -0.00038727658731389347 0.005363681915238086 -0.004129490349441767 0.0003815473766865848 0.9999993556901384 0.0010691309120746087 -0.014805534854531288 -0.005364092508735954 -0.0010670689540645457 0.9999850438258588 0.9099656939506531
0.9999892745437062 -0.0007500733447465341 0.0045703596717876 -0.0028222452383488417 0.0007470503626833674 0.9999995011047991 0.0006631032410636628 -0.015181339345872402 -0.004570854767723031 -0.0006596818401284301 0.9999893359964205 0.8748469948768616
0.9999945109393693 -0.00047403819985892686 0.003279234501578485 -0.004815251566469669 0.00047112689552235705 0.9999994942897069 0.0008885154914247786 -0.014688307419419289 -0.0032796540335199463 -0.0008869656787389565 0.9999942285639978 0.8472793102264404
0.9999899240295238 -0.0008259286823139003 0.0044124461740481956 -0.0048634703271090984 0.0008210860636084394 0.9999990587995977 0.0010991895172600904 -0.01522667333483696 -0.004413349873201686 -0.0010955554437990336 0.9999896609971356 0.8704708814620972
0.999996623114176 -0.0008829459384594533 0.0024442108572292278 -0.0040585254319012165 0.0008803883413586951 0.9999990640726648 0.001047267951886154 -0.01590825989842415 -0.00244513325061007 -0.0010451125606393264 0.9999964645253114 0.7631992697715759
0.9999953457317998 -0.0010408776114651489 0.0028679415154212132 -0.00405638525262475 0.0010385912464568178 0.9999991417918109 0.0007985886701445039 -0.01587115228176117 -0.0028687702871978424 -0.0007956063343453851 0.9999955685739812 0.7746313810348511
0.999989077414069 -0.0009269205770422724 0.004581033813797493 -0.004569256212562323 0.0009229272091410892 0.9999991923786762 0.0008737547494309999 -0.015611525624990463 -0.004581840015313435 -0.0008695172450169176 0.9999891252817877 0.8312165141105652
0.9999956752668848 -0.0008519185267127936 0.0028149036131214483 -0.0041503747925162315 0.000848542502407213 0.9999989196080736 0.001200315919803538 -0.015955327078700066 -0.0028159231432922996 -0.0011979221634016175 0.9999953177687093 0.7740467190742493
0.9999876621831344 -0.00093032441237253 0.004879546904900622 -0.004525448195636272 0.0009266323968848667 0.9999992827591303 0.0007588370219514567 -0.015605042688548565 -0.00488024936969669 -0.0007543061133150488 0.999987807019854 0.8397336602210999
0.9999882707595418 -0.00067301094522101 0.0047963944384175955 -0.00505828158929944 0.0006673653341916307 0.9999990828137213 0.0011785564164981748 -0.015172990970313549 -0.004797183220598292 -0.0011753416455492628 0.9999878027281954 0.8858383893966675
0.9999877059706795 -0.0007580597802759161 0.0049003319140211565 -0.004840059671550989 0.0007518271948939511 0.9999989063653338 0.0012735870623847023 -0.0152062913402915 -0.004901292009976972 -0.001269887202071047 0.9999871822794166 0.889629065990448
0.999891797237823 0.014411136387204796 0.0029517731189793424 0.005058993585407734 -0.014376136937690952 0.9998299055440175 -0.01155364300080644 -0.014770888723433018 -0.0031177721637901815 0.011509957770153102 0.9999288976566605 1.1096889972686768
0.999925110337128 -0.0035526850620498955 0.011711197467892297 -0.0005141425644978881 0.0034991117574316947 0.999983335392777 0.004591857319830346 -0.013376380316913128 -0.011727315728293611 -0.004550534648430202 0.999920878219983 1.273395299911499
0.9999911499623878 -0.0006313862631192506 0.004159488945489419 -0.004073777701705694 0.0006282576294215404 0.9999995188165482 0.0007534314983905993 -0.014948805794119835 -0.004159962650310456 -0.0007508115998290021 0.9999910654564317 0.8650408387184143
0.9999913259583116 -0.0005482306735165581 0.004128855927036581 -0.0047820149920880795 0.0005448217854596533 0.9999995098640491 0.0008267048345937391 -0.015064757317304611 -0.004129307128284124 -0.0008244481730634661 0.9999911345146266 0.8597480654716492
0.9999902824603962 -0.0005152831258170667 0.004378295110804375 -0.004903093446046114 0.0005112764169609763 0.9999994495869238 0.0009161999099721148 -0.014987461268901825 -0.004378764803286979 -0.0009139524877265548 0.9999899955047789 0.8711422681808472
0.999991685311703 -0.0007027490891278385 0.004016895714117631 -0.00460678618401289 0.0006991327034548869 0.9999993491409589 0.0009016269305005627 -0.015092430636286736 -0.00401752671718888 -0.0008988110905935678 0.9999915257729439 0.8495228886604309
0.9999816879118828 -0.0006806403684451348 0.006013365911897507 -0.0053734551183879375 0.0006715090258699677 0.9999986187344359 0.0015203962799650915 -0.014878861606121063 -0.006014392448926428 -0.0015163304088487422 0.9999807637277635 0.9193025231361389
0.999980619345295 -0.0008494779805623752 0.006167602529419361 -0.005492484197020531 0.000837147974639669 0.9999976466608127 0.0020014634908519895 -0.014965972863137722 -0.006169288214123014 -0.0019962615052132827 0.9999789771904878 0.9369268417358398
0.9999798624545077 -0.0006254345221403677 0.0063153398263829895 -0.005647772923111916 0.0006148935456187808 0.9999984149807541 0.0016709105024715657 -0.014793668873608112 -0.006316374861559473 -0.0016669935927376763 0.9999786620428309 0.9395661950111389
0.9999841369607446 -0.0007550150906629668 0.0055817362072655904 -0.004632686730474234 0.0007476945433088795 0.9999988578499033 0.0013134883930696754 -0.014951078221201897 -0.00558272153564322 -0.0013092941234473727 0.9999835593494293 0.9166075587272644
0.9999944811233639 -0.0005032236221605941 0.0032839745432110446 -0.00401709321886301 0.0005015878441304485 0.9999997497472839 0.000498913824374303 -0.01517137698829174 -0.003284224786609343 -0.0004972638692191457 0.9999944832828807 0.8348548412322998
0.9999929141145553 -0.0005212954385013186 0.0037282665872056886 -0.0046303714625537395 0.0005192718658871211 0.9999997173667368 0.000543712401543246 -0.014926539734005928 -0.0037285489682683188 -0.000541772564912191 0.9999929021773499 0.8549691438674927
0.9999880547329958 -0.00047613223483921523 0.004864533833135176 -0.004815100692212582 0.0004723177615272091 0.9999995801426115 0.0007852582584834886 -0.014909474179148674 -0.004864905677494244 -0.0007829512726329839 0.9999878597663341 0.8819203972816467
0.9999928858616641 -0.00043778059391327265 0.0037465416335838754 -0.004547180607914925 0.00043496647857373355 0.9999996227212049 0.0007519053200029088 -0.01494739018380642 -0.0037468693896507196 -0.000750270350823257 0.9999926990054364 0.843796968460083
0.9999956570788497 -0.0005467394102945094 0.002896014408980705 -0.004252769984304905 0.0005452938368950228 0.9999997263644378 0.0004999256757108636 -0.015217109583318233 -0.0028962869455973032 -0.0004983443257642966 0.9999956815781066 0.8201380968093872
0.9999915335242711 -0.0003501833613607928 0.004100030657163549 -0.004703728947788477 0.00034741674440990933 0.9999997115193162 0.0006754723456380806 -0.014911627396941185 -0.004100266013560403 -0.0006740422074649682 0.9999913667055932 0.8518767952919006
0.9999874074418598 -0.0005479715899083232 0.004988455156132589 -0.005063896998763084 0.0005423095306269151 0.9999992073445358 0.0011363145133336436 -0.014850788749754429 -0.004989073870076858 -0.0011335949174527933 0.9999869119665928 0.8901905417442322
0.999984779196769 -0.0006631580822730587 0.005477371280753144 -0.005292145535349846 0.000655459935047658 0.9999987951904721 0.0014071211312631832 -0.01494887750595808 -0.00547829782531497 -0.0014035095163254074 0.9999840090791327 0.9070932865142822
0.9999897256218475 -0.0006662994982015204 0.004483826013684915 -0.0049239033833146095 0.0006626494860522618 0.9999994479471009 0.0008154760280464441 -0.015101238153874874 -0.004484366889644047 -0.0008124964445338415 0.9999896150976404 0.8833884596824646
0.9999881408731179 -0.00043564632375730854 0.004850600520112887 -0.0052487473003566265 0.0004321198572651468 0.9999996416144704 0.0007280407678174714 -0.014918578788638115 -0.004850915950011896 -0.0007259360930852291 0.9999879707432658 0.883208692073822
0.9999909304244432 -0.00045209242535932114 0.004234935807656839 -0.004967371001839638 0.0004475279362229553 0.9999993180586101 0.0010787034164722938 -0.014950656332075596 -0.0042354205933226256 -0.0010767983810081175 0.9999904508132285 0.8694244027137756
0.9999881761499518 -0.001145680720475398 0.00472598941810364 -0.0048012868501245975 0.0011383704534124797 0.9999981520092623 0.001549222634534972 -0.01539612002670765 -0.0047277555990230796 -0.0015438243900421404 0.9999876323901455 0.9417206645011902
0.9999530823945295 -0.0019360381774583247 0.009491299481869993 -0.004025150090456009 0.0019103500805642826 0.999994490174024 0.0027148083106229254 -0.01505722850561142 -0.00949650315899541 -0.0026965492335878295 0.9999512713377496 1.0063977241516113
0.9999878353228464 -0.0003458571234481162 0.004920324092795488 -0.0053137559443712234 0.00033745818379024995 0.9999984849112937 0.0017077169237299519 -0.014848913997411728 -0.004920907264130927 -0.0017060357462728908 0.9999864369648873 0.8961479067802429
0.9999879101709976 -0.0006098347332222314 0.004879304606074286 -0.005113624036312103 0.00060342450402499 0.9999989531645288 0.001315123079565905 -0.014970075339078903 -0.004880101505977531 -0.0013121628879908486 0.999987231337404 0.8905947804450989
0.9999907159724776 -0.0007689626917843613 0.004239889766330581 -0.004848710261285305 0.0007653467222696294 0.9999993421208273 0.0008544017250149675 -0.015084040351212025 -0.00424054398004574 -0.0008511488069903914 0.9999906466224882 0.8739880919456482
0.999993511702172 -0.00046423436647250593 0.0035722597905495984 -0.004547337535768747 0.0004608441918089059 0.9999994427581281 0.0009497926427740193 -0.015263539738953114 -0.0035726987263226644 -0.0009481402250603707 0.9999931684036271 0.8307781219482422
0.9999922049499386 -0.0006250015049354575 0.003898642389216666 -0.004523050040006638 0.0006235390442337249 0.9999997347893517 0.0003763247090324192 -0.015178468078374863 -0.00389887655876468 -0.0003738908198132917 0.9999923294541986 0.8485133051872253
0.9999826111132705 -0.0006104926640884936 0.005865557926843295 -0.005579991731792688 0.0006008880668612235 0.9999984761748112 0.0016390794938201043 -0.014849393628537655 -0.005866549634765213 -0.001635526448288722 0.9999814541523359 0.9149017333984375
0.99998932590914 -0.0010353712912253667 0.004502896187233778 -0.0050554946064949036 0.001027915948160231 0.9999980977467546 0.0016576765895972003 -0.015292801894247532 -0.004504603932335897 -0.0016530302966028991 0.999988487950862 0.8827064037322998
0.9999943749327956 -0.0008896713670741655 0.0032339739680407736 -0.004579016473144293 0.0008875825257801821 0.9999993966106437 0.0006472832520587957 -0.015389247797429562 -0.0032345478860710463 -0.0006444091922641415 0.9999945612035925 0.8373968601226807
0.9999935343333388 -0.000744870525346927 0.0035180192464460873 -0.004377125762403011 0.0007430613490138107 0.999999591039606 0.00051553899240218 -0.01519787684082985 -0.0035184018175156567 -0.0005129215549717835 0.9999936788600862 0.8408937454223633
0.9999940018383081 -0.0004540011042008676 0.003433681756267967 -0.004571735858917236 0.00045202569957903483 0.9999997319158792 0.000576056366018834 -0.015116901136934757 -0.003433942365978667 -0.0005745007983415982 0.999993938975962 0.8334174752235413
0.9999933170420642 -0.0005355431691790493 0.0036164989594146377 -0.004703342914581299 0.0005328001420637281 0.9999995697202403 0.0007593966965545904 -0.01501168217509985 -0.0036169040930218717 -0.0007574647503790613 0.9999931721026567 0.845516562461853
0.9999892131008742 -0.0005339200046593762 0.004613958313971409 -0.005077523645013571 0.000530163146536955 0.9999995270066615 0.0008154222778313914 -0.014982265420258045 -0.004614391501866242 -0.0008129673312958101 0.9999890231773475 0.8737947344779968
0.999984155845124 -0.0004957658261019913 0.00560734116676441 -0.005566922482103109 0.0004902084054908373 0.9999993873907462 0.0009924282601713724 -0.01495329849421978 -0.005607829743671572 -0.000989663770211912 0.9999837862741515 0.9070627093315125
0.9999807939701473 -0.0004006364029273133 0.006184753940690381 -0.005876691546291113 0.0003932101217965353 0.9999992003996935 0.0012019092203844923 -0.01483562495559454 -0.006185230523945933 -0.0011994542286298245 0.9999801519194865 0.9355466961860657
0.9999724107411464 -0.00033355815492444114 0.0074206802583885595 -0.006229044403880835 0.0003227695756399935 0.9999988893920722 0.0014550032381847214 -0.014691127464175224 -0.007421157345117772 -0.00145256792590579 0.9999714078262836 0.9860556721687317
0.9999726573718127 -0.0006534466527850678 0.007365970148379513 -0.0062114824540913105 0.000638533263811266 0.9999977421692299 0.00202680332376101 -0.014740623533725739 -0.007367277925113226 -0.0020220444886713393 0.9999708168502017 1.0036911964416504
0.9999753063799496 -0.0006004870201546121 0.007001860157482951 -0.00599173316732049 0.0005873683883449264 0.9999980687505077 0.0018754982355952848 -0.014686886221170425 -0.007002972847490872 -0.001871339251438332 0.9999737278852399 0.9636635780334473
0.999979222856402 -0.0007744956270075575 0.006399532172763132 -0.005833629053086042 0.0007616279977253407 0.9999976840623802 0.0020129065227236526 -0.014842048287391663 -0.006401076339145248 -0.0020079906374006603 0.9999774968444543 0.9461837410926819
0.9999824873170053 -0.0006830234136550985 0.005878651062239975 -0.005612759385257959 0.0006734004916914968 0.9999984305128757 0.0016387506103852883 -0.014872433617711067 -0.005879761140808859 -0.0016347632249495464 0.9999813778056696 0.9278879761695862
0.9999918744223452 -0.0007466932114741993 0.003961507103692039 -0.004669895861297846 0.0007427164974114106 0.9999992189573258 0.0010052148740033267 -0.015158572234213352 -0.003962254596708428 -0.0010022644293712834 0.999991647967384 0.8699305057525635
0.9999952094329182 -0.0005141817210619803 0.003052331628733505 -0.0043812040239572525 0.0005131178356151371 0.9999998073423327 0.00034932131920641665 -0.01506485790014267 -0.0030525106553155276 -0.00034775343996028854 0.9999952806119857 0.8186041116714478
0.9999934778003178 -0.0005712674094768576 0.0035662319571482053 -0.004743995610624552 0.0005681235326773741 0.999999449197757 0.0008825190276613561 -0.01512922067195177 -0.003566734147218391 -0.0008804872113981922 0.999993251552126 0.8406745791435242
0.9999953666653058 -0.0008898179403281888 0.0029111633333893613 -0.0042179906740784645 0.0008876201797380712 0.9999993201856008 0.0007561473089454824 -0.015506370924413204 -0.002911834187779639 -0.0007535597981406919 0.9999954766744165 0.8162119388580322
0.9999987100440919 -0.0008911365084566827 0.001336332995584344 -0.0030344375409185886 0.0008908503919545704 0.9999995801477377 0.00021468564729568894 -0.01629381626844406 -0.0013365237487400596 -0.00021349489758777174 0.9999990840616793 0.6905367374420166
0.9999929716007092 -0.0009989632795663961 0.00361369915035617 -0.0039000704418867826 0.0009978936357808706 0.9999994577651964 0.0002977878520086503 -0.015867331996560097 -0.0036139946700119788 -0.0002941796716529553 0.9999934262288157 0.775054931640625
0.9999957267809882 -0.0008016443220619161 0.002811367308679745 -0.004422095604240894 0.000799138786952536 0.9999992826547438 0.0008922259787761196 -0.015503273345530033 -0.0028120805398486244 -0.0008899754934383677 0.9999956500638684 0.8005486726760864
0.99999250471726 -0.0007458093815357593 0.0037992469868264136 -0.004491852596402168 0.0007444944503056499 0.9999996624838695 0.00034750562635021753 -0.015207123942673206 -0.003799504877475541 -0.00034467450340026163 0.9999927224546049 0.8415156602859497
0.9999953196893914 -0.0005287911533864724 0.0030134663144310322 -0.0044380659237504005 0.0005270952119455809 0.9999997022887213 0.0005635539959350553 -0.01515935081988573 -0.0030137634196556284 -0.0005619629746616137 0.9999953007027911 0.8242661356925964
0.999991492863317 -0.00041730725276034993 0.004103663686467611 -0.004948375280946493 0.00041429505273512607 0.9999996441777054 0.0007348496936005293 -0.014952076599001884 -0.004103968884399409 -0.0007331433145703521 0.9999913099323795 0.8557958006858826
0.9999841232403491 -0.0005199626226708453 0.005610963027998447 -0.005417943466454744 0.000513247380324765 0.9999991504693406 0.0011981810062982488 -0.014831087552011013 -0.005611581270651795 -0.0011952821709911741 0.9999835405926314 0.9085627198219299
0.9999793973638575 -0.0007036261597713664 0.006380419895553424 -0.005761938169598579 0.0006929889538637608 0.9999983667316058 0.0016692215043600915 -0.014702323824167252 -0.006381583982532188 -0.0016647655534881647 0.9999782517342694 0.9467400312423706
0.9999838128745756 -0.0008889368245236792 0.00561994485274708 -0.005573949310928583 0.0008802949917877746 0.9999984267477344 0.0015399944103087475 -0.015065673738718033 -0.005621304968896992 -0.0015350222729180781 0.999983022174411 0.9272562265396118
0.999980965157846 -0.0006903936049076919 0.006131286867603701 -0.0057167490012943745 0.0006815230838886485 0.9999987183460131 0.001448734833234914 -0.014866397716104984 -0.0061322792066795155 -0.0014445286432618254 0.999980154047434 0.9359419941902161
0.9999832197228405 -0.0008810427433257679 0.005725734575188876 -0.005577494390308857 0.0008718373131732894 0.9999983238561531 0.001610026268036397 -0.015000835992395878 -0.005727143479994117 -0.0016050073423014093 0.999982311733058 0.931781530380249
0.999985944567585 -0.0009486595711249388 0.005216388817261104 -0.0053489371202886105 0.0009437428140735064 0.9999991082183122 0.0009449402527718949 -0.01499190554022789 -0.005217280591996013 -0.0009400040417663324 0.9999859480890849 0.915591835975647
0.9999811645861221 -0.0002679114949374756 0.0061317775900679794 -0.006194541230797768 0.00025839440697630797 0.9999987609711499 0.0015528324106402864 -0.014712940901517868 -0.0061321860142711645 -0.0015512187453650525 0.9999799948074414 0.9342597126960754
0.9999802851191111 -0.0007639470436194991 0.006232636522044809 -0.005769525188952684 0.0007531797397773697 0.9999982203715186 0.0017297323710340417 -0.014732715673744678 -0.006233946854198444 -0.0017250039740125762 0.9999790809151503 0.9492467641830444
0.9999814816746709 -0.0007150427551565114 0.006043593433397624 -0.005488294176757336 0.0007060254548839898 0.9999986346783928 0.0014940446470744304 -0.014920884743332863 -0.0060446534877496945 -0.001489750049066651 0.9999806212167336 0.9317469596862793
0.9999821718915897 -0.0007470734930408475 0.005924337952488878 -0.0054041058756411076 0.0007388559928557664 0.9999987621871199 0.0013891421992852184 -0.014896497130393982 -0.005925368410582204 -0.0013847402009075928 0.9999814860805049 0.928191065788269
0.9999866560235751 -0.0009035542531279218 0.0050863901246469044 -0.005208010785281658 0.0008956685226065028 0.9999983938784429 0.0015524234063059195 -0.015029150992631912 -0.0050877846540575 -0.0015478469712762414 0.9999858592085529 0.9036514759063721
0.9999823601126251 -0.0008233750940904972 0.005882305418674449 -0.0055060307495296 0.0008143386548679185 0.9999984850308303 0.0015384370638293562 -0.014959130436182022 -0.0058835632179252756 -0.0015336197372906514 0.9999815156763459 0.9202529191970825
0.9999851769604575 -0.0007822794829354983 0.005388311254259473 -0.005359355825930834 0.0007745961058412878 0.9999986805882093 0.0014278734933995216 -0.01505349949002266 -0.005389421140996187 -0.0014236785630596571 0.9999844635188658 0.9072988033294678
0.9999903526107558 -0.00066151597416704 0.004342474183227512 -0.004811618942767382 0.0006572304079749211 0.999999295706924 0.0009882478668826352 -0.01512560062110424 -0.004343124866603392 -0.0009853843267917304 0.9999900830928882 0.8710694313049316
0.9999896491579292 -0.000645992420668588 0.004503806256274838 -0.00454811891540885 0.0006415592346237851 0.9999993084031765 0.0009856951441080271 -0.014993567019701004 -0.004504439893048921 -0.000982795482838591 0.9999893720106673 0.8644773364067078
0.9999894324068201 -0.000820811481760011 0.004523421624981094 -0.004904092289507389 0.00081507468105194 0.9999988614506402 0.0012699412143232372 -0.015049168840050697 -0.0045244588571721756 -0.001266240867662877 0.9999889628921487 0.872993528842926
0.9999894461454707 -0.0006570924146570457 0.004547067982088929 -0.004970048554241657 0.0006527269299730463 0.9999993247485159 0.0009614832643054059 -0.01514323428273201 -0.00454769669503432 -0.0009585051232265742 0.9999891998030275 0.8761472702026367
0.999985069955544 -0.0006378619181732348 0.005427061652434351 -0.005239065270870924 0.0006318474296168067 0.9999991844642708 0.0011098827050831876 -0.014937098138034344 -0.00542776517838288 -0.001106437059529597 0.9999846574634041 0.9055857062339783
0.9999800199426756 -0.0007268533924767789 0.006279442617956451 -0.005754651036113501 0.0007171886283711322 0.9999985551296302 0.0015412264997770693 -0.014858512207865715 -0.0062805537906858114 -0.0015366921611451464 0.9999790963921619 0.9456546902656555
0.9999856565733489 -0.0005529866654116194 0.005327368329318649 -0.00554047292098403 0.0005461740189054911 0.9999990314270149 0.0012801714624515372 -0.015023352578282356 -0.00532807108712178 -0.001277243430235451 0.9999849900412059 0.9146739840507507
0.9999928051021613 -0.0006641265788706433 0.003734793139894425 -0.004683644510805607 0.0006615858783596157 0.9999995489491789 0.0006814730839596149 -0.015185215510427952 -0.0037352440397007552 -0.0006789972944304476 0.9999927934313515 0.8566358089447021
0.9999877377560842 -0.0004804371565044279 0.004928845463938079 -0.005240615922957659 0.0004773400702393838 0.9999996879276617 0.0006295165098948432 -0.014876831322908401 -0.004929146368903737 -0.0006271560551698947 0.9999876550194788 0.8838400840759277
0.9999937654886923 -0.0006741661197842077 0.003466191539543323 -0.004583748057484627 0.0006714124051452516 0.99999945815113 0.0007955519017282285 -0.015198776498436928 -0.00346672599553003 -0.0007932196978526425 0.9999936762866967 0.8487353920936584
0.9999984686416661 -0.000640276343891463 0.001628729727856711 -0.003871041117236018 0.0006395048842961092 0.9999996831152137 0.00047413392133014137 -0.01553086843341589 -0.0016290327884707033 -0.0004730916146450469 0.9999985612172141 0.7591243982315063
0.9999912794450582 -0.0010144221951819766 0.004051170379717102 -0.004225410055369139 0.0010117077036703608 0.9999992624017242 0.0006720442916446153 -0.015440874733030796 -0.004051849128226404 -0.0006679398307634058 0.9999915681519643 0.801200270652771
0.9999848285459857 -0.0007677072663170023 0.005454658871884663 -0.005504519212990999 0.0007599724496042088 0.9999987030889904 0.0014199514825356595 -0.014935963787138462 -0.005455741904748479 -0.0014157845493424181 0.999984115091024 0.9164950251579285
0.9999853093998526 -0.0007774069729452985 0.005364384669254402 -0.00529425498098135 0.0007699458846347399 0.9999987336709465 0.0013927813319336382 -0.015099716372787952 -0.005365460634097473 -0.0013886305852403077 0.9999846416507016 0.9181004166603088
0.9999898673703194 -0.0006110588370618761 0.004460018361885697 -0.005187278613448143 0.0006054776438111296 0.9999990321614431 0.0012526264404943306 -0.015055634081363678 -0.0044607794737639645 -0.0012499133066853723 0.9999892695240343 0.8832713961601257
0.999989625028341 -0.0009631933932860746 0.0044522010472322435 -0.004984955303370953 0.0009599060947629434 0.9999992651704982 0.000740431463845873 -0.01503738947212696 -0.004452910954317725 -0.000736150086970072 0.9999898147816718 0.888114869594574
0.999987971311702 -0.0004428121696557426 0.004884787537725188 -0.005601509939879179 0.00043511793321630333 0.9999986633010534 0.0015760927924524154 -0.015007968991994858 -0.0048854789213038366 -0.0015739483754658708 0.9999868273043504 0.9046635031700134
0.9999816518461602 -0.00043776289747618854 0.006041881716068033 -0.005815574899315834 0.00042879200485471293 0.9999988039699058 0.0014860000588342247 -0.014687902294099331 -0.006042525005487079 -0.0014833820829024112 0.9999806435472411 0.9255892038345337
0.9999760232892041 -0.0008065293969994721 0.006877670902329184 -0.006019648630172014 0.0007920103864930995 0.9999974529189197 0.0021134983370120876 -0.014755871146917343 -0.006879357982883062 -0.0021080004754841673 0.9999741150488539 0.9676975011825562
0.9999888184767262 -0.0007688319489423935 0.004666028177749725 -0.004827420227229595 0.0007633624151530742 0.9999990196517535 0.0011738710981207998 -0.01512900646775961 -0.004666926113021359 -0.0011702961019148565 0.9999884250368548 0.8879368901252747
0.9999951439728346 -0.0005765479393180241 0.0030626170546479343 -0.004199549555778503 0.0005753624431634478 0.999999759225256 0.0003879529470537701 -0.015083631500601768 -0.003062839990719273 -0.00038618894831268406 0.9999952349232908 0.8212774991989136
0.9999941141963303 -0.0004626214106463093 0.003399640293727795 -0.004529198165982962 0.00046007772782223464 0.9999996136897842 0.0007489651303916086 -0.014948705211281776 -0.003399985467717166 -0.0007473966233481446 0.9999939407301959 0.8269385099411011
0.9999892825700144 -0.00048029345921171826 0.004604786998424603 -0.004785895813256502 0.00047762640969218576 0.9999997175781855 0.0005802728340532501 -0.01503075286746025 -0.004605064399179057 -0.0005780672471383238 0.9999892295520674 0.8618688583374023
0.9999912823841852 -0.000536934784750773 0.0041408763166836 -0.00500402832403779 0.0005327076302139916 0.999999336000769 0.0010218711280775355 -0.014968065544962883 -0.004141422245299107 -0.0010196563433879588 0.9999909044199992 0.8666326403617859
0.9999902628169869 -0.0005239412839475227 0.004381752702350978 -0.0050261965952813625 0.0005207510983334225 0.99999959856407 0.0007291707567791505 -0.014961961656808853 -0.00438213298602053 -0.0007268818541776693 0.9999901342279648 0.8698240518569946
0.9999932879085907 -0.0004519194992715199 0.003635918939245247 -0.0048039755783975124 0.0004486184137676329 0.9999994865265043 0.0009086738946080048 -0.01504853181540966 -0.003636327719748691 -0.000907036655318651 0.9999929771779503 0.8461111783981323
0.999994673916838 -0.0005090755493512755 0.0032238145172871066 -0.004289448726922274 0.0005078916206488753 0.9999998032916366 0.00036805269956705674 -0.015073464252054691 -0.0032240012497660514 -0.00036641339090791455 0.9999947357647282 0.822502613067627
0.9999951129602257 -0.0005503342183498219 0.003077529514589728 -0.00427741464227438 0.0005488673248741109 0.999999735383158 0.0004774707041766583 -0.015071284025907516 -0.003077791468690355 -0.0004757792153664421 0.9999951504051473 0.8213421702384949
0.9999956302695487 -0.0004509479325526463 0.002921658393806677 -0.004437222145497799 0.00044939353414383856 0.9999997571589813 0.0005326607080629558 -0.014992923475801945 -0.00292189788655323 -0.0005313454060880858 0.9999955900826762 0.8175657391548157
0.9999982333658783 -0.0005195039233157048 0.0018064829907637203 -0.004546377807855606 0.0005187570340194489 0.9999997797916805 0.00041389338004840315 -0.015374749898910522 -0.0018066976121959065 -0.0004129555230919401 0.9999982826542624 0.8239214420318604
0.9999961341669233 -0.0006552899716923243 0.002702266874619683 -0.004399687517434359 0.0006534169913219546 0.9999995457472616 0.0006939391226439759 -0.015253854915499687 -0.0027027203784555894 -0.0006921707329001995 0.9999961080935427 0.817638635635376
0.9999936095179098 -0.00040210541245127814 0.003552356201111637 -0.00465805409476161 0.0004008492813323361 0.9999998568921417 0.0003543099631329083 -0.01502741128206253 -0.00355249816269541 -0.0003528837394911824 0.9999936275946315 0.8333397507667542
0.9999926062614396 -0.0005787133349611172 0.003801646134225279 -0.0047114030458033085 0.0005763589464941835 0.9999996414731666 0.000620374002937616 -0.015092284418642521 -0.003802003789941291 -0.0006181783032935626 0.9999925812838648 0.849812388420105
0.9999934971546434 -0.0006537013182680541 0.003546593155817384 -0.004551433026790619 0.0006510513397647733 0.9999995080947912 0.0007482929430532179 -0.015159621834754944 -0.0035470805713130613 -0.0007459790627942323 0.9999934308457523 0.8389185667037964
0.9999990989309776 -0.0005292450196690858 0.0012337086131471821 -0.004434410948306322 0.0005286385132442803 0.9999997392943927 0.0004918866424232164 -0.015469164587557316 -0.001233968620068173 -0.0004912340133123696 0.9999991180049055 0.80536949634552
0.9999963800883545 -0.0007341987815497667 0.0025885830751524704 -0.004367475863546133 0.0007328136404785874 0.9999995878417927 0.0005360041171076284 -0.015376517549157143 -0.002588975541816396 -0.000534105227833099 0.9999965059625208 0.8132728338241577
0.9999934925544772 -0.000927937828193419 0.003486227199418079 -0.004728773608803749 0.0009243496240334255 0.9999990415948309 0.0010307216853234662 -0.015328444540500641 -0.0034871803038420603 -0.0010274924851571725 0.9999933918945273 0.8459976315498352
0.9999967678627986 -0.0005121857279004685 0.00249036738986117 -0.00458299508318305 0.0005106973845511954 0.999999690648936 0.0005982392614655827 -0.015343492850661278 -0.0024906730290749604 -0.0005969655037616367 0.999996720084646 0.8300127983093262
0.9999931678458698 -0.0004446947146982696 0.0036696741262373556 -0.004750325810164213 0.00044244073423055564 0.9999997130061866 0.0006150071065535803 -0.014996974729001522 -0.0036699465634733703 -0.0006133792914154378 0.9999930776050733 0.8369234800338745
