0.9999966799766907 -0.0005263001611786887 0.002522507430316909 -0.004741192329674959 0.0005234350714989942 0.9999992173779848 0.0011363358409929435 -0.015639040619134903 -0.0025231035098833288 -0.0011350116994743198 0.9999961728412365 0.8724397420883179
0.9999935465505185 -0.00040583492334563155 0.0035696155718436032 -0.004522973205894232 0.0004033929140987912 0.9999996841592831 0.0006848032496051288 -0.014976611360907555 -0.0035698923614879727 -0.0006833588726342142 0.9999933944227724 0.8313778638839722
0.9999935034859785 -0.00045687618636166356 0.0035755069555271357 -0.004544461611658335 0.00045441892560057877 0.9999996600587259 0.0006880304302389679 -0.014973349869251251 -0.003575820084783814 -0.0006864011824104225 0.9999933711600985 0.8350481986999512
0.9999947519531736 -0.0005274856158837486 0.0031965332840302595 -0.004338086117058992 0.0005252937317412648 0.9999996263869558 0.000686507424791133 -0.01508976612240076 -0.0031968942125555028 -0.0006848247030706176 0.9999946554269777 0.8219012022018433
0.9999953726106575 -0.0005021237328335361 0.0030004381395890554 -0.004340705927461386 0.000500584016859774 0.9999997426649516 0.0005138926667166177 -0.015068991109728813 -0.0030006954051752482 -0.0005123883173589137 0.9999953666319149 0.8093024492263794
0.9999952032363517 -0.000419199499274056 0.003068839531072279 -0.0045195394195616245 0.00041781395114094124 0.999999810511088 0.00045211645645920975 -0.015023564919829369 -0.0030690284765533767 -0.00045083208379353176 0.9999951888957478 0.8131468296051025
0.9999948058261398 -0.0005284422804751959 0.003179476292891194 -0.004259299486875534 0.0005266070284627306 0.9999996942843921 0.0005780278192302082 -0.015165884979069233 -0.0031797807752146387 -0.0005763504822905521 0.9999947783935389 0.8140639066696167
0.9999964607365645 -0.0005295715796047724 0.002607310546594106 -0.00410962151363492 0.0005286329940368334 0.999999795236365 0.0003606582666542835 -0.01513994112610817 -0.0026075010070796913 -0.00035927867980903777 0.999996535922664 0.7993985414505005
0.9999977132982806 -0.000543257983140577 0.0020683976826179956 -0.0038041281513869762 0.0005426743915032448 0.9999998127932943 0.00028269750791771374 -0.015353932976722717 -0.0020685508730780696 -0.00028157439501903494 0.9999978209041984 0.7776107788085938
0.9999962001630683 -0.0004476721765333844 0.002720156070316763 -0.0042080651037395 0.00044685163610755943 0.9999998544835909 0.0003022522326932137 -0.015040664933621883 -0.0027202909844042914 -0.0003010355779935283 0.9999962546902568 0.7980362772941589
0.9999976781677664 -0.000574830897674266 0.0020768313642417174 -0.0037993653677403927 0.000573873235861882 0.9999997287589888 0.000461683287606319 -0.015392622910439968 -0.0020770961907385335 -0.00046049037771984323 0.9999977368074522 0.7720742225646973
0.9999936648359615 -0.0004316225693582554 0.0035332690104647874 -0.004604429006576538 0.0004297602100204486 0.999999768348324 0.0005278346900899102 -0.015139050781726837 -0.0035334960173422324 -0.000526312887738567 0.9999936186799592 0.8160233497619629
0.9999947201857743 -0.000637077171604185 0.003186492311629711 -0.004327262286096811 0.0006352025596286062 0.9999996246350994 0.0005892769876854624 -0.01511168759316206 -0.0031868665304489482 -0.000587249808339856 0.9999947494959058 0.8240970969200134
0.9999961939077454 -0.00047221019400569463 0.0027183060084110763 -0.004250833299010992 0.0004712173114166665 0.9999998220405634 0.00036588671336109036 -0.015097509138286114 -0.002718478300098771 -0.00036460440791361335 0.9999962384626042 0.8026407957077026
0.9999971454212707 -0.0004352587057486305 0.00234940400302943 -0.004067087545990944 0.00043475391101687307 0.9999998823029981 0.0002153671917333462 -0.01513744704425335 -0.0023494974669567566 -0.0002143451643718659 0.9999972169550292 0.7906264066696167
0.9999978584583957 -0.0003806095707029719 0.0020342603021572944 -0.004051900934427977 0.00038019098706448844 0.999999906478544 0.0002061497428297991 -0.015053334645926952 -0.0020343385744754283 -0.0002053758939193248 0.9999979096414684 0.7817331552505493
0.9999963366746761 -0.0005014590277869069 0.0026599203129130436 -0.004436254035681486 0.0005002423078987204 0.9999997699634556 0.00045807277709936095 -0.015015160664916039 -0.002660149405763627 -0.0004567404943535981 0.9999963574899959 0.8028594255447388
0.999995902602233 -0.0005350088558180239 0.0028122134111557813 -0.004321470391005278 0.0005336146063964872 0.9999997343663084 0.0004965105887472919 -0.015156188048422337 -0.002812478301699138 -0.0004950079161934174 0.9999959224581697 0.8087089657783508
0.9999939136268665 -0.0005928431021773484 0.00343820393220448 -0.004640148486942053 0.0005897812714977554 0.9999994287127499 0.0008914775520041988 -0.015203196555376053 -0.003438730474319862 -0.0008894443378523729 0.9999936919908521 0.8346015810966492
0.9999943663717527 -0.0006618935042777776 0.0032907630947429977 -0.0043468535877764225 0.0006600077483707012 0.9999996174004872 0.0005740981197512885 -0.015194261446595192 -0.003291141827514923 -0.0005719229563553217 0.9999944206292367 0.8209255933761597
0.9999981392147155 -0.0005400134924762489 0.001852013103203055 -0.0037566686514765024 0.000539152085707925 0.9999997462719118 0.0004655868776029171 -0.015559240244328976 -0.0018522640564911366 -0.00046458749451835625 0.9999981766365001 0.7525611519813538
0.999995841768001 -0.0007413527157847927 0.002786905606216111 -0.003888740437105298 0.0007412369598484156 0.9999997243778166 4.2568301597134484e-05 -0.015499689616262913 -0.0027869363962090984 -4.05023671493245e-05 0.9999961156649969 0.7639718055725098
0.9999960512436041 -0.0004737942579801635 0.0027700209747081026 -0.0043759639374911785 0.0004723502514995909 0.9999997522376468 0.0005219290039568421 -0.015052261762320995 -0.0027702675753663356 -0.0005206185228822869 0.9999960272790661 0.8059483170509338
0.9999957195044186 -0.0003363185410023973 0.0029065207171245474 -0.0042515164241194725 0.0003349450575275065 0.9999998320289541 0.00047302629079921076 -0.015096130780875683 -0.0029066793164252 -0.000472050741263461 0.9999956641823248 0.8078382015228271
0.9999957389612764 -0.00043814730456912676 0.0028861888763961853 -0.0044338284060359 0.0004360104732258492 0.9999996304424681 0.0007409519514265682 -0.014910034835338593 -0.0028865124558836806 -0.0007396903856237942 0.9999955604421328 0.8164402842521667
0.9999961777849984 -0.000453190968842839 0.0027274591362419446 -0.004082129802554846 0.00045261156197183594 0.9999998748766205 0.00021304815797173094 -0.015160421840846539 -0.0027275553464741614 -0.0002118128641159966 0.9999962577815693 0.8078241348266602
0.9999983348859087 -0.00045696339600326524 0.0017667512173969939 -0.003315658774226904 0.0004562688810307155 0.9999998184937434 0.00039348594399257926 -0.015235955826938152 -0.0017669307053938407 -0.00039267917519256786 0.999998361878132 0.7613559365272522
0.9999978410517455 -0.00033840833370286526 0.0020502125860174234 -0.004091989248991013 0.00033766601002199 0.9999998773214481 0.00036240689084697015 -0.015043722465634346 -0.002050334976012366 -0.0003617138213256283 0.9999978326424502 0.7850831747055054
0.9999968727016346 -0.00039724061226376663 0.002469167237464964 -0.004166323691606522 0.0003967524558621419 0.9999999016545956 0.00019818750658831823 -0.014999369159340858 -0.002469245722760174 -0.0001972072386314543 0.9999969319627263 0.7949438095092773
0.9999873277039919 -0.00041321493523559526 0.005017338422571979 -0.005151032004505396 0.0004081084729533852 0.9999993978035414 0.0010187443394324416 -0.01603570207953453 -0.005017756361524789 -0.0010166838112806893 0.9999868941516806 0.8904856443405151
0.99997130904456 -0.001785397819096708 0.007361619545759516 -0.0019591951277107 0.0017809324020757152 0.9999982261976926 0.0006130915489936243 -0.01526130922138691 -0.007362701100016261 -0.0005999634120305145 0.9999727149659714 0.8876891136169434
0.9999954330855525 -0.0004013150641921735 0.0029954556009393314 -0.004605494439601898 0.0003998244853856044 0.9999997959707265 0.0004981956301735716 -0.014996076934039593 -0.002995654923190005 -0.0004969956984626097 0.9999953895128 0.811160683631897
0.9999996768920999 -0.0007181552476081129 0.00036120456279382576 -0.0029916998464614153 0.0007179396056339903 0.9999995642059024 0.0005967836524423928 -0.0162028968334198 -0.00036163298869469753 -0.0005965241365555146 0.9999997566902383 0.7070560455322266
0.9999995025654148 -0.0008645186157315564 -0.0004974700854261857 -0.0015034254174679518 0.0008647080082755839 0.9999995537032383 0.00038062236456771695 -0.016684861853718758 0.0004971408082871651 -0.00038105234159973444 0.9999998038250455 0.6238147616386414
0.9999938836778912 -0.001784779769537793 0.0030078510572321797 -0.0017089529428631067 0.001784422959129236 0.9999984005585204 0.00012130582811957983 -0.017018578946590424 -0.003008062750538389 -0.00011593780768989513 0.999995469048192 0.7881077527999878
0.9999915648501476 -0.001970097401907645 0.003604017866210213 -0.00013109951396472752 0.0019699162517074565 0.999998058265201 5.381253353483165e-05 -0.016387248411774635 -0.003604116884095813 -4.671246625195582e-05 0.999993504058617 0.7546827793121338
0.9999907817421783 -0.0015043558625350397 0.004021609641160858 -0.002243032678961754 0.001502408090164028 0.9999987526517099 0.0004873037602579489 -0.016723167151212692 -0.004022337703081528 -0.00048125716930588763 0.999991794561805 0.801052451133728
0.999990089966569 -0.0015250944860350699 0.004182589564165092 -0.0019124654354527593 0.0015236156734174057 0.9999987756696562 0.00035672744302967907 -0.0159586351364851 -0.004183128486350154 -0.0003503512488333588 0.9999911893062206 0.7996655702590942
0.9999976003974993 -0.0010957675783847545 0.0018969693349669189 -0.0025217069778591394 0.0010958715925427282 0.9999993980856909 -5.379320480501195e-05 -0.01656585931777954 -0.0018969092483041693 5.587191052881809e-05 0.9999981993051955 0.6806087493896484
0.9999964187907974 -0.0012561735353856108 0.002363140628374644 -0.003069124650210142 0.0012563920691627329 0.9999992065992386 -9.099374820929645e-05 -0.016093172132968903 -0.002363024449518684 9.396245348545411e-05 0.9999972036393444 0.7139667272567749
0.9999938867129491 -0.0005401878663365844 0.0034546684064772955 -0.004457307979464531 0.0005392775940779005 0.9999998196317598 0.00026441657409700416 -0.01509649958461523 -0.00345481061798982 -0.00026255193237600363 0.9999939976570243 0.8195934295654297
0.9999946915488538 -0.0005533419494564904 0.0032110258173352925 -0.0044702147133648396 0.0005515035064731987 0.9999996835293088 0.0005733979111172212 -0.015094852074980736 -0.003211342086257685 -0.0005716239752647863 0.999994680249868 0.8205739855766296
0.9999939012710249 -0.00043347288900964635 0.0034654757263693514 -0.004722868092358112 0.0004310393456613647 0.9999996600394985 0.0007029409434992159 -0.015033045783638954 -0.0034657792540860673 -0.0007014429000634165 0.9999937481564672 0.83061683177948
0.9999908448825207 -0.0007108025903337084 0.0042195865698514915 -0.004963799845427275 0.0007063860453453353 0.9999992012781806 0.0010480752625538566 -0.015070592984557152 -0.004220328174187117 -0.001045085010231631 0.9999905482690443 0.8656978011131287
0.9999934619518271 -0.0006453836272054238 0.00355802382977328 -0.004602673929184675 0.0006415078708118823 0.9999991998194434 0.0010903339508328467 -0.015430477447807789 -0.0035587246663918454 -0.001088044321885616 0.9999930757951788 0.8451419472694397
0.9999949706817678 -0.0008885500294672947 0.0030445180268228664 -0.004234542604535818 0.0008864563773922223 0.9999993697645847 0.00068895974079204 -0.01546218991279602 -0.0030451282832577656 -0.0006862574433732917 0.9999951281103624 0.8040469884872437
0.9999929953639177 -0.0015562514609944284 0.0034040129978522783 -0.0030856598168611526 0.0015566343065680328 0.9999987824135995 -0.00010982237365838693 -0.01644161343574524 -0.0034038379419428903 0.00011512040780508614 0.9999942003004599 0.7658175230026245
0.9999957694554331 -0.0008788481635314931 0.0027728500033905984 -0.004247685894370079 0.0008779110238230451 0.9999995571182427 0.00033916891400224595 -0.015774928033351898 -0.0027731468533231146 -0.00033673316354765527 0.9999960981260407 0.8306460380554199
0.999950610371893 0.009591855198229835 -0.002602523916199353 -0.00015671842265874147 -0.009614142720033438 0.9999160147927839 -0.00869089297343913 -0.017576787620782852 0.0025189435557444254 0.008715484769829897 0.9999588467775009 0.8252086043357849
0.9996377044469633 0.01847900546339222 -0.01957003334410931 -0.002211590064689517 -0.019010863700372457 0.9994451516643346 -0.027349147628786416 -0.02127767913043499 0.01905378989522795 0.027711282390737772 0.9994343589845655 0.8872566819190979
0.9998447874480747 -0.00023933460390383559 0.017616575486212784 0.004204654134809971 0.00020825336360691285 0.9999984187041325 0.0017661313005166704 -0.02061806619167328 -0.017616970325530026 -0.0017621884636702433 0.9998432562398807 1.0248663425445557
0.9999478226384741 0.0054195490031846835 0.008659127506683672 0.0035026278346776962 -0.00535982828035115 0.9999617942424196 -0.006905236874023421 -0.022703954949975014 -0.00869621994777466 0.006858465140489133 0.9999386667263833 1.1254470348358154
0.9998048488963206 -0.001997038835579765 0.019653904428756568 0.0069601284340023994 0.0019401910343680982 0.9999938805990725 0.002911086250544563 -0.022800263017416 -0.019659597710931637 -0.002872385819686863 0.9998026053264449 1.157712697982788
0.9976849719799334 -0.037187858988695754 0.05693645430860871 0.00929753016680479 0.03847156867137516 0.9990258172089057 -0.021618393882099952 -0.012996861711144447 -0.056077046011385724 0.02375878140635231 0.9981437197201223 0.9037163853645325
0.9998704431616322 0.0014272059993859184 0.016033089995286257 0.0070797959342598915 -0.001418154034152569 0.9999988285680601 -0.0005759354506433268 -0.0230757724493742 -0.016033893192142955 0.0005531234430104909 0.9998712958794047 1.1778712272644043
0.9999093604094983 0.004586429045215099 0.012658421468779019 0.007715244311839342 -0.004528005803257536 0.9999789827585139 -0.004640172916301522 -0.02448342554271221 -0.012679437247516325 0.004582434927057821 0.9999091124503394 1.2451817989349365
0.9997019480137204 -0.0015913319492257244 0.024361502420833566 0.01124682929366827 0.0014693738123474347 0.999986303779027 0.005023265368189145 -0.022997941821813583 -0.024369162442983015 -0.004985972020281934 0.9996905941364261 1.2308437824249268
0.999751894766127 -0.0006090981102726743 0.022266070848511194 0.009651316329836845 0.0004803734277338195 0.9999831450314424 0.005786094917577536 -0.021847782656550407 -0.022269219854067292 -0.005773963328369137 0.9997353365739224 1.1869444847106934
0.9998012773856029 0.016553278967115854 -0.011108316414013475 0.0058599794283509254 -0.01678230337390599 0.9996417300792293 -0.020851037808026215 -0.027544979006052017 0.01075918359278179 0.021033317371313424 0.9997208808106264 1.2092387676239014
0.9998391881970022 0.0005730575014343987 0.017923988134893615 0.009579618461430073 -0.000631693450701826 0.9999944674909452 0.003265876740709031 -0.02350832149386406 -0.017922017435101936 -0.0032766740150972583 0.9998340185743106 1.2001168727874756
0.9999321381383958 0.011644860897895206 0.00034107571668172946 0.005148942582309246 -0.011639017155102648 0.9998362340335853 -0.013857791786593418 -0.02625790238380432 -0.0005023919177942416 0.013852881584927411 0.9999039180212039 1.2753549814224243
0.9973690302084851 -0.04080963647417909 0.05991319680864167 0.010796870104968548 0.042158427483049425 0.9988812317890416 -0.021423159705402622 -0.012103155255317688 -0.058971896468929516 0.023892642182313698 0.9979736755427999 0.9221311211585999
0.9998095600306878 -0.00021641279721772272 0.019514016417533177 0.006145034451037645 0.0001409320801445724 0.9999925042302834 0.0038693179496269697 -0.021997787058353424 -0.019514707514880672 -0.0038658309259096855 0.9998020961879711 1.2035748958587646
0.9914492167764106 -0.07664197768755034 0.10561466664049457 0.011593563482165337 0.08205208466863985 0.9954780551892435 -0.0478633162053318 -0.00387378316372633 -0.1014687437340786 0.05611995093353394 0.9932545721778709 0.8226275444030762
0.99900127222651 -0.02568267356580126 0.03656307383586713 0.004713145550340414 0.026079331616844965 0.9996056386618467 -0.010413242427806321 -0.014450205489993095 -0.03628121486710731 0.01135638296087835 0.9992770917087076 0.7057862281799316
0.9990549836016444 -0.00236228121353449 0.04339999272104069 -0.0013747054617851973 0.00045272198144067916 0.9990333516894974 0.0439563107512067 -0.020241379737854004 -0.04346187735850492 -0.04389512318603641 0.9980903182462784 0.6707307696342468
0.9999937693611081 -2.547511764965894e-05 -0.0035299560877076275 -0.00010422567720524967 2.8002123772101388e-05 0.9999997434036973 0.0007158270883145637 -0.016731949523091316 0.0035299369461546555 -0.0007159214745217456 0.9999935134797616 0.3811712861061096
0.999994558907864 -0.00015740901178374646 -0.0032950534244064393 -0.0003527324879541993 0.0001591374519260001 0.9999998498921602 0.0005243004183925625 -0.016843503341078758 0.0032949704001823507 -0.000524821932031599 0.9999944338505099 0.3955003619194031
0.9999946798763498 1.5843180836441786e-05 -0.003261896379441771 -0.0003641406656242907 -1.4580613616742813e-05 0.9999999249748249 0.0003870888142513518 -0.016770217567682266 0.0032619022674355088 -0.00038703919444022986 0.9999946050825772 0.3885694146156311
0.9999946338925657 -0.00021302530117973769 -0.003269068107915976 -0.00034004857297986746 0.00021532571644473976 0.999999729462815 0.0007033556228981133 -0.017014561221003532 0.0032689173909680887 -0.0007040557630487201 0.9999944092266583 0.396758496761322
0.9999979119719521 -0.0007079374529035334 -0.001916996687258384 -0.0010457661701366305 0.0007092240819842635 0.9999995236666946 0.000670572580373144 -0.017053905874490738 0.001916521050684479 -0.0006719307604144756 0.9999979377259314 0.44033282995224
0.9999952195589888 0.00012338650779917647 -0.0030896010970709 -0.000458514376077801 -0.0001213494239081172 0.9999997751575458 0.0006595143477352275 -0.016740143299102783 0.0030896817775696176 -0.0006591362736525568 0.9999950096904913 0.38010379672050476
0.9999914396157112 0.00027416212022007385 -0.00412862330918901 0.0003138959582429379 -0.00026986410430887613 0.9999994211733765 0.0010415499398386 -0.016640927642583847 0.004128906472971741 -0.001040426856539496 0.9999909347805577 0.36116793751716614
0.9999969828806275 -0.0006600838951381055 -0.0023661189516476356 -0.00039592888788320124 0.000662344211704893 0.9999993249923926 0.0009546281497441163 -0.01698853075504303 0.0023654872198318514 -0.0009561924547088613 0.9999967450778039 0.4717072546482086
0.9999993169980372 0.00021959424473871376 -0.0011479467873286853 -0.001206038985401392 -0.00021798533667873878 0.99999899415343 0.0014014901074062309 -0.016934823244810104 0.0011482533918319915 -0.0014012389146188119 0.9999983590204796 0.43757325410842896
0.9999880679977577 0.0010689503514404093 -0.004766676752006953 0.0002870685129892081 -0.001062683542617033 0.9999985680386845 0.0013170513539847318 -0.016379520297050476 0.004768077788817947 -0.0013119701699876897 0.9999877720094746 0.3436861038208008
0.9999898817628322 5.84594811815559e-05 -0.004498105650792731 0.0003300609241705388 -5.283208495753965e-05 0.9999992158936455 0.0012511678004138045 -0.01674676686525345 0.00449817526641999 -0.0012509174965013726 0.9999891007529479 0.3699055016040802
0.9999934517805783 0.0001527304089876451 -0.003615669977530613 -0.00011035214993171394 -0.00015000780815385513 0.9999997050487834 0.0007532595858410996 -0.016728674992918968 0.003615783956728974 -0.000752712274603713 0.999993179742047 0.3793712854385376
0.9999915444158642 0.0001585470816785815 -0.004109252924522914 0.00036419430398382246 -0.0001537034595769035 0.999999293166733 0.0011790001192061306 -0.016662634909152985 0.004109436946994442 -0.0011783585436806509 0.9999908619578087 0.36388224363327026
0.999993176727697 -0.0001467033096250962 -0.0036912025395214924 -6.792737985961139e-05 0.00014936895359740727 0.9999997282774445 0.0007218960816522126 -0.01675444468855858 0.0036910956319941217 -0.0007224425070195175 0.9999929269199155 0.3927072286605835
0.9999940412286735 5.8117925002446004e-05 -0.003451685016440484 -0.0001968588912859559 -5.524788870488404e-05 0.9999996527127898 0.0008315780002559458 -0.016574133187532425 0.003451732147302277 -0.0008313823467631695 0.9999936971544253 0.38984397053718567
0.999993157022266 0.000170880119262309 -0.003695498427361446 -0.00011444260599091649 -0.00016764606064507867 0.9999996027613806 0.0008754266843559999 -0.01649438589811325 0.00369564655238298 -0.0008748011580772238 0.9999927884337436 0.3811403512954712
0.9999930337747588 0.00012694371705079677 -0.003730454026874288 -7.97657121438533e-05 -0.00012351609821818302 0.999999570057434 0.0009190368438718047 -0.016554689034819603 0.0037305690889463798 -0.0009185696705281635 0.9999926195147807 0.3785664439201355
0.9999916052526383 0.0004949285898853131 -0.004067489390584935 9.505191701464355e-05 -0.0004918062974354391 0.999999583701052 0.0007685859017793201 -0.016284609213471413 0.004067868092429953 -0.0007665790327978073 0.9999914323661824 0.3623409867286682
0.9999904618996474 0.0004936002763957369 -0.00433963921275357 0.0002346991968806833 -0.0004887728887759076 0.9999992607383388 0.0011133839584479776 -0.016377897933125496 0.0043401855712543016 -0.0011112522408857884 0.9999899639034704 0.3632356822490692
0.9999894401189301 0.0003500403423384586 -0.004582261710935208 -1.5384401194751263e-05 -0.00034562066542194534 0.9999994743951325 0.0009652749942615001 -0.01659674569964409 0.0045825971876655896 -0.00096368107673069 0.9999890355007889 0.37591925263404846
0.9999872624132473 0.0007863884279291319 -0.004985639828483372 -0.0002861277316696942 -0.0007822615853337188 0.9999993498803911 0.0008296418546023573 -0.016319941729307175 0.004986289007974943 -0.0008257312124511284 0.9999872274633779 0.3648190498352051
0.999989282978311 0.0007286227647084078 -0.004571983966518413 0.0004579583473969251 -0.0007239619560479477 0.9999992167185063 0.0010210002252637627 -0.016288848593831062 0.004572724309374883 -0.0010176793407267837 0.9999890272003737 0.35092049837112427
0.9999917779928498 -8.516097272054116e-06 -0.0040551047057952715 0.00040699922828935087 1.275241347740464e-05 0.9999994542586225 0.0010446625450751701 -0.01676524057984352 0.004055093596308993 -0.0010447056682241576 0.9999912323645602 0.38448193669319153
0.9999974110127821 -0.00021563986510157997 -0.00226527419563703 -0.0005447301082313061 0.0002179873616592238 0.9999994394878651 0.001036101088527148 -0.016509508714079857 0.002265049501224393 -0.0010365922072200153 0.9999968975088637 0.429618775844574
0.9999932562554262 0.00028192256265115303 -0.003661688591061451 0.00014872397878207266 -0.00027855399128661216 0.9999995376101808 0.000920427671433499 -0.01671023666858673 0.003661946387261791 -0.0009194014863324956 0.9999928723993804 0.37553974986076355
0.9999980433833361 -0.0015914170661869699 0.0011749983920871252 -0.0013364575570449233 0.0015909200834822355 0.9999986446917584 0.00042377816699021255 -0.01709252968430519 -0.0011756712074093457 -0.00042190800927875834 0.9999992198951179 0.5674324631690979
0.9999999562828479 -0.00026695287619050745 0.0001271631398635891 -0.002855640137568116 0.000266862037589344 0.9999997096162969 0.0007138290934334178 -0.016532864421606064 -0.00012735366166708616 -0.0007137951272122325 0.999999737138746 0.6426652669906616
0.9999993594703169 -0.00036696710257296336 -0.0010706979506541555 -0.0014948247699066997 0.0003676407248354645 0.9999997345907056 0.0006290141619983078 -0.016788404434919357 0.001070466838976462 -0.0006294073912667243 0.999999228973244 0.4967937171459198
0.999999326159218 -0.0010803756998472352 0.0004248169689371354 -0.0014263754710555077 0.0010801771110634341 0.9999993073672961 0.000467420941646405 -0.017205137759447098 -0.000425321664921964 -0.0004669617491128749 0.9999998005240832 0.552777886390686
0.9999995049344882 -0.0009498596257892781 0.00029647507401122763 -0.0022091595456004143 0.0009497515826272356 0.9999994826088845 0.0003643540784153719 -0.016786668449640274 -0.00029682100584623686 -0.0003640723203654819 0.9999998896743119 0.5773495435714722
0.9999989584778292 -0.0011595716901540306 0.000859323426957891 -0.002306452253833413 0.0011591235132071037 0.9999991920466007 0.0005218609266401081 -0.016809668391942978 -0.0008599278678213365 -0.0005208643211207464 0.9999994946120828 0.6018620729446411
0.9999988121650358 -0.0014673809361731855 0.0004716584632262557 -0.0019511254504323006 0.0014672776262538818 0.9999988994998227 0.0002193068884680896 -0.01663670875132084 -0.0004719797509133427 -0.00021861457405737437 0.9999998647213824 0.6196858286857605
0.9999996567047249 -0.0007200128948014202 -0.0004100876290705402 -0.0021340525709092617 0.0007201634911007807 0.9999996732641677 0.0003672003590806844 -0.016513880342245102 0.00040982310608670357 -0.0003674955631611448 0.9999998484960049 0.5945408344268799
0.999999006779745 -0.0014082423185665085 5.7385498812281844e-05 -0.0018621146446093917 0.0014082291581197055 0.9999989822854779 0.0002287326962379318 -0.016188103705644608 -5.770755147270843e-05 -0.00022865165712330422 0.9999999721941285 0.6254014372825623
0.9999999193354685 -0.000397607712556199 5.689607473772479e-05 -0.0027384499553591013 0.0003975690055365875 0.9999996906439487 0.0006787126731539888 -0.01620599813759327 -5.716591853003544e-05 -0.0006786899982900966 0.999999768055945 0.6434552669525146
0.9999996562894952 -0.0008237816314992224 -9.383344335638158e-05 -0.0021047552581876516 0.0008238361616275017 0.9999994909419636 0.0005825888706706905 -0.01654442958533764 9.335346957933876e-05 -0.0005826659738125827 0.9999998258927312 0.6041707992553711
0.9999994746087536 -0.0009946932095944612 0.0002477249186832288 -0.002250354504212737 0.00099459613380804 0.9999994286806648 0.00039168466206726765 -0.016309667378664017 -0.00024811438322685353 -0.00039143807003320463 0.9999998926077392 0.636821448802948
0.999999742269396 -0.0005508883063366284 0.0004604163497945018 -0.002536676125600934 0.0005505340827789691 0.9999995526772119 0.000769127817476215 -0.01633003167808056 -0.0004608398473605024 -0.0007688741443556076 0.9999995982295118 0.6406723260879517
0.9999991194937635 -0.0007702593388066234 0.0010806073518238877 -0.002680879319086671 0.0007698133689843322 0.999999618385086 0.00041305817932733705 -0.016168879345059395 -0.001080925101368103 -0.0004122259496409773 0.999999330835122 0.6687712669372559
0.9999994433785445 -0.0007246176975673234 0.0007669235902040943 -0.002478945767506957 0.0007243374395757578 0.9999996708190362 0.0003656461302734243 -0.016191869974136353 -0.000767188291404491 -0.0003650904152772644 0.9999996390654918 0.6523396968841553
0.9999996134154543 -0.0007955663045514169 0.00037449058333227035 -0.002032121643424034 0.0007954306727508477 0.9999996180554135 0.00036218651567748413 -0.016490619629621506 -0.00037477858368545526 -0.0003618884943651356 0.9999998642888562 0.6135919094085693
0.9999996417497804 -0.0007626102658942602 -0.0003673226011953768 -0.001602265750989318 0.0007626745005111872 0.9999996938924989 0.0001747641695162421 -0.016515910625457764 0.0003671892118053896 -0.00017504425448833312 0.9999999172657924 0.5921096205711365
0.9999995340963332 -0.0007515948621514631 -0.0006057328451628373 -0.0013746130280196667 0.0007518811798829876 0.9999996056662073 0.00047259086058214423 -0.016345316544175148 0.0006053774094391936 -0.00047304607952664435 0.9999997048727559 0.5927135944366455
0.9999997562881028 -0.0005464216444431233 -0.0004345654399027319 -0.0020243972539901733 0.00054660431886813 0.999999762263287 0.00042035352732552536 -0.01630736142396927 0.000434335646324924 -0.0004205909602266514 0.9999998172278786 0.6205625534057617
0.9999996347625516 -0.0007856498119288744 0.00033649537348877894 -0.0023326317314058542 0.0007854535306194535 0.9999995215599099 0.0005830460551758484 -0.016163110733032227 -0.00033695328251949686 -0.0005827815407464511 0.9999997734140549 0.6341120004653931
0.999998818381485 -0.0012457588221820172 0.0009007333629812671 -0.0020102248527109623 0.001245603227262241 0.9999992092225174 0.00017328283374572282 -0.016005074605345726 -0.0009009485193204772 -0.00017216067260768583 0.9999995793261459 0.6524673700332642
0.9999998808044617 -0.0003606501211667558 -0.00032912391698826333 -0.0023814334999769926 0.0003607897911460118 0.9999998448541411 0.00042440831822160096 -0.016260728240013123 0.00032897080301465975 -0.0004245270121832943 0.999999855777503 0.6372250914573669
0.9999995590979673 -0.0009283508145806385 0.00014131042396154647 -0.0019818441942334175 0.0009283015136185113 0.9999995083842017 0.00034855079224694073 -0.0162796750664711 -0.00014163393190301475 -0.0003484194598897344 0.9999999292718522 0.6189326047897339
0.9999995242063936 -0.0006382941819620311 -0.0007376771138142071 -0.0017059864476323128 0.0006385599529308431 0.9999997312839972 0.0003601015416577817 -0.016512908041477203 0.0007374470648696058 -0.00036057242138684575 0.9999996630796212 0.554427444934845
0.9999995274989735 -0.0006288707253034063 -0.0007412984829174355 -0.0017061496619135141 0.0006292444761935822 0.9999996749880469 0.0005040587167359648 -0.01655803620815277 0.0007409812542157784 -0.0005045249365432901 0.999999598200604 0.5299572944641113
0.9999993510760776 -0.0009922624066972174 0.0005596987941559467 -0.0017765731317922473 0.0009920126498787442 0.9999994083475523 0.0004463355778853201 -0.016588576138019562 -0.0005601413450234921 -0.0004457800599635616 0.9999997437608732 0.5801442861557007
0.9999993413756703 -0.0009086860810134091 0.0007010975909419255 -0.00200369069352746 0.000908456257722823 0.999999533543843 0.0003280538440499527 -0.016646336764097214 -0.0007013953618725485 -0.0003274167114919439 0.9999997004213769 0.5991289019584656
0.9999995000873916 -0.0007381454854243689 -0.0006745118301017466 -0.001459605060517788 0.0007383982559190505 0.9999996572312309 0.00037457367243628293 -0.0166594497859478 0.0006742351090348893 -0.0003750715435411253 0.999999702364133 0.5402975082397461
0.9999980954049519 -0.0004425502017313355 -0.0019008776362056483 -0.0007851049304008484 0.00044405332802783897 0.9999995890385215 0.0007904045990136025 -0.016546903178095818 0.0019005270613034217 -0.0007912471846534479 0.9999978809601459 0.4693255126476288
0.9999975903095777 -0.00020481652216442414 -0.0021857321954897083 -0.0009211808210238814 0.0002063108974342726 0.9999997451372628 0.0006834919335667423 -0.01694612205028534 0.002185591647987258 -0.0006839412269335786 0.999997377703335 0.45472776889801025
0.9999988450961864 -0.0009604309253137558 0.0011778704220268394 -0.002443151781335473 0.0009599606053345085 0.9999994593187518 0.0003997972490127761 -0.016469735652208328 -0.0011782537628161967 -0.00039866607808207406 0.999999226391415 0.6356567740440369
0.9999975744816595 -0.0008427138333690539 0.0020349113477832297 -0.003454566467553377 0.0008424731973164021 0.9999996380260195 0.00011910811084067023 -0.015691200271248817 -0.002035010985250941 -0.00011739346367234049 0.9999979224723744 0.7331855297088623
0.9999966429630284 -0.0006889268451695037 0.002497887602646464 -0.003926794044673443 0.000688914877331036 0.9999997626821474 5.65159798487274e-06 -0.015322480350732803 -0.002497890903390712 -3.930747080885453e-06 0.9999968802579255 0.7988462448120117
0.9999964711299529 -0.0007252755668394604 0.002555719662468993 -0.004065072629600763 0.000724683360399644 0.9999997103571004 0.00023263650197381905 -0.01519873645156622 -0.0025558876477937763 -0.00023078359351659793 0.9999967070832106 0.79570472240448
0.9999970197565531 -0.0004966024199432517 0.002390369019370999 -0.003929497208446264 0.0004955559389857715 0.9999997811311069 0.00043836292033004923 -0.015363702550530434 -0.002390586188280627 -0.00043717705233791164 0.9999970469825906 0.7875654101371765
0.9999974239794338 -0.0005614901253133411 0.0021992642714753984 -0.004011624958366156 0.000560961038258432 0.9999998135764705 0.00024118403321926382 -0.015282683074474335 -0.002199399283933826 -0.0002399497103551025 0.9999975525304681 0.7863780856132507
0.9999973449687937 -0.0005390298275278736 0.0022404245597767774 -0.0040942649357020855 0.0005382358770085755 0.9999997921517315 0.0003549628629364924 -0.015223696827888489 -0.0022406154296792 -0.0003537560436212113 0.9999974272462692 0.7869493961334229
0.9999930615960001 -0.0005050570006313413 0.0036907556522491375 -0.004867872688919306 0.0005040783944693112 0.9999998375542457 0.0002660760315071789 -0.01504864264279604 -0.0036908894362639648 -0.00026421375518061326 0.9999931537396949 0.8350685834884644
0.9999933682333387 -0.0007732488060558544 0.0035588728027415037 -0.004670255351811647 0.0007702922080256306 0.9999993571596376 0.0008320638350953826 -0.015279848128557205 -0.0035595139073214717 -0.0008293169450528749 0.9999933210247697 0.8461943864822388
0.9999872257746446 -0.0008732508232394176 0.004978525939407291 -0.004912997595965862 0.000865428989401644 0.9999983882682965 0.0015730522793276313 -0.015033496543765068 -0.00497989158455712 -0.0015687236241308685 0.9999863698001072 0.8864005208015442
0.9999961377702826 -0.0007905070128294828 0.002664496796865191 -0.004371359944343567 0.0007880383978333751 0.9999992594555278 0.0009274070731610426 -0.015768611803650856 -0.002665227945481899 -0.0009253037655150508 0.9999960201785505 0.7991883754730225
0.9999993183004009 -0.0008120371698519299 0.0008390437224131671 -0.0022595508489757776 0.0008118261045117305 0.9999996387512334 0.00025186460330755514 -0.01678033545613289 -0.0008392479427293132 -0.00025118327401487436 0.999999616284853 0.6373286247253418
0.9999995510198502 -0.0008519229297642825 0.0004149547202677995 -0.0018755742348730564 0.0008518102431150372 0.9999996003086946 0.0002716647948367901 -0.01703023724257946 -0.00041518599188193687 -0.00027131121018353674 0.9999998770054022 0.579178512096405
0.9999957382090314 -0.0012129603155156296 0.0026556150035799654 -0.0031318648252636194 0.0012121124387695407 0.9999992139148247 0.00032086316151347594 -0.01622791402041912 -0.002656002110322007 -0.0003176428900833297 0.9999964223714924 0.7158665657043457
0.9999925213833909 -0.0007438582028683332 0.0037952407384993793 -0.004688700195401907 0.000741495167417337 0.9999995304041387 0.0006240003360823941 -0.015378533862531185 -0.003795703124038622 -0.0006211815167563336 0.9999926033583039 0.8377583026885986
0.9999922315231795 -0.0007671908275065243 0.0038663046344060235 -0.004888435825705528 0.0007632052804582106 0.9999991760282892 0.0010322114330545452 -0.015271521173417568 -0.0038670933518238663 -0.0010292526302311147 0.9999919930819604 0.859214723110199
0.9999913981536175 -0.0006938658148935247 0.00408927487518017 -0.005003772675991058 0.0006898116271327808 0.9999992693066213 0.000992746766884384 -0.015171573497354984 -0.0040899607202184805 -0.0009899173980737568 0.9999911461032306 0.8621808886528015
0.9999911567231524 -0.0006017638692867671 0.004162253684842044 -0.004988237749785185 0.0005987421748309097 0.9999995563558619 0.0007271835305664187 -0.015144091099500656 -0.004162689431057631 -0.0007246849830576786 0.9999910733843456 0.8665627241134644
0.9999910491697854 -0.000592542547536831 0.004189328542990195 -0.00489578815177083 0.0005895701328475917 0.9999995736420446 0.0007107199078838008 -0.015090011060237885 -0.004189747888621446 -0.0007082436433649422 0.9999909721610347 0.8633896708488464
0.9999941467765002 -0.0007499156043369973 0.003338268911540907 -0.0045442427508533 0.0007470105623832928 0.9999993413307081 0.0008713858901678598 -0.015395371243357658 -0.003338920178602123 -0.0008688870676144932 0.9999940483059411 0.8341472148895264
0.999995832308689 -0.0006099090985191001 0.002821945453726305 -0.004235763102769852 0.0006095595248139856 0.9999998064391312 0.0001247352623523519 -0.015322806313633919 -0.002822020984679506 -0.0001230145987644584 0.9999960105245272 0.8101940155029297
0.9999895352060456 -0.0007051643599551901 0.004520201502388965 -0.005017489660531282 0.0007000318795505427 0.9999991086661204 0.0011369355004257427 -0.015029280446469784 -0.004520999199774693 -0.001133759317476327 0.9999891375190261 0.8624274134635925
0.9999845050887007 -0.0006416373832559963 0.0055297272965923105 -0.0055053639225661755 0.0006345345650044498 0.9999989716073907 0.0012861376468940066 -0.014824587851762772 -0.005530546843855888 -0.001282608915200513 0.9999838838531242 0.9183014631271362
0.9999874483265204 -0.0008305442747864154 0.004940990348330035 -0.005144281312823296 0.0008238879114991136 0.9999987506291323 0.0013490548112044564 -0.014924641698598862 -0.004942104624950456 -0.0013449670560901374 0.9999868832467225 0.8941145539283752
0.99997437209048 -0.00032915333812178887 0.007151700520168366 -0.006154592614620924 0.0003230267775881338 0.9999995799196938 0.0008577960929079985 -0.014464986510574818 -0.007151979862327231 -0.0008554639186140375 0.9999740583462817 0.9792800545692444
0.9999791801730367 -0.0008080907170959256 0.006402047317384721 -0.005847372580319643 0.0007954608656539207 0.9999977331401105 0.0019750839605346205 -0.014812364242970943 -0.006403628851854442 -0.0019699502615272806 0.9999775561648844 0.9729363322257996
0.999983268919669 -0.0005641311055190037 0.00575705105316653 -0.005445717368274927 0.0005577144492569376 0.9999992216172968 0.001116118001748339 -0.014830225147306919 -0.005757676208859784 -0.0011128885373309322 0.9999828051740578 0.9219006299972534
0.9999755386659661 -0.0004292598500957976 0.006981246714765581 -0.006086197216063738 0.00041935118081582145 0.9999989028369508 0.0014207285040168651 -0.014602621085941792 -0.006981848916904307 -0.0014177661570489533 0.9999746215403797 0.9585689902305603
0.9999552824720807 -0.00038666337024195746 0.009448997175336534 -0.006923046428710222 0.0003674571911569203 0.9999978633638729 0.0020342671657779783 -0.014218173921108246 -0.009449763562866097 -0.0020307040964178983 0.9999532880137345 1.0527758598327637
0.9999713602603639 -0.0009720719327117809 0.007505580270372545 -0.0062222350388765335 0.0009509170379758612 0.9999955671273224 0.00282160991133341 -0.014648865908384323 -0.007508289806890703 -0.002814391917001202 0.9999678518744056 1.0026286840438843
0.9999825229371666 -0.0008641494753545854 0.0058486806976947945 -0.00573882507160306 0.0008524260439234086 0.9999976233529736 0.0020066534938472554 -0.014807399362325668 -0.005850400846009131 -0.0020016328556887513 0.9999808829551955 0.9395186305046082
0.9999856097885157 -0.0006789707148729979 0.005321580090423213 -0.005547258537262678 0.0006712863925143391 0.9999987297406108 0.001445645787936712 -0.014919715002179146 -0.005322554881790226 -0.001442052680486716 0.9999847953312075 0.9263414144515991
0.9999898877968979 -0.0009978204438719014 0.004385049407849332 -0.0050042313523590565 0.0009911355047950744 0.9999983438858945 0.001526393094650234 -0.015158220194280148 -0.0043865652119423814 -0.0015220314812948472 0.9999892206748087 0.858025312423706
0.9999937507438488 -0.0008810098497507323 0.0034237837100959444 -0.004658202640712261 0.0008795806531669533 0.999999525423832 0.00041891524808605393 -0.015225778333842754 -0.003424151153709566 -0.0004159011362653345 0.9999940510898657 0.8549766540527344
0.9999840695737096 -0.0004059858288140112 0.005629900026567357 -0.005927028600126505 0.0003963641016092492 0.9999984593094166 0.0017100509618096082 -0.014684408903121948 -0.005630585609090444 -0.0017077922297026279 0.9999826898258782 0.9174646735191345
0.9999817033426434 -0.0008288717632699967 0.005992157503430732 -0.005589284934103489 0.000818295220512927 0.999998103519159 0.0017673004888229718 -0.014791679568588734 -0.005993611004891228 -0.0017623647992858632 0.9999804851583037 0.9391939640045166
