0.9999941554904886 2.2609747086617393e-05 0.0034188409825247124 -0.0006114114075899124 -2.1175677490134505e-05 0.9999999117871915 -0.0004194963646431402 -0.018361954018473625 -0.003418850165645856 0.00041942151661861107 0.9999940677569724 0.9137510657310486
0.9999857632911341 0.00010540346894979724 0.005334988768122712 0.002776889130473137 -0.00010311834623617731 0.9999999028339687 -0.00042860081571677923 -0.01724156364798546 -0.0053350334257558 0.0004280445786327889 0.9999856769955179 0.8320218920707703
0.9999961229768345 0.00014292687326579117 0.002780935671419777 -0.0016141491942107677 -0.00014180101092968112 0.9999999079162561 -0.0004050431486959541 -0.018740998581051826 -0.0027809933068915897 0.0004046472388447458 0.9999960511606228 0.9488407969474792
0.9999979960870549 9.030784926853263e-05 0.0019999165897943397 -0.0029913471080362797 -8.956415323266484e-05 0.9999999268157399 -0.00037194996497190983 -0.019401302561163902 -0.001999950033433297 0.0003717700987806594 0.9999979309912879 0.9915805459022522
0.9999993388582092 -7.543939378694443e-05 0.0011474284476926761 -0.0031912121921777725 7.575897713521877e-05 0.9999999583546045 -0.0002784804605415517 -0.019190186634659767 -0.0011474073915104395 0.0002785672044320143 0.9999993029280525 0.9333192110061646
0.9999994504142249 -5.5513676126620575e-05 0.0010469429207991536 -0.0012313267216086388 5.576096050156798e-05 0.999999970557481 -0.00023616890574171983 -0.01718691736459732 -0.0010469297793703725 0.00023622715448950283 0.9999994240672182 0.7587465643882751
0.9999995966438541 2.6419936753874505e-05 -0.000897782889166792 -0.002982740756124258 -2.663069279864408e-05 0.9999999720938422 -0.00023474054021065121 -0.016414053738117218 0.0008977766622828951 0.0002347643541069329 0.9999995694412886 0.6788074970245361
0.9999963756655444 -1.7626982530061702e-05 0.002692275072239897 0.001389851444400847 1.8470281020120874e-05 0.9999999507809231 -0.0003132044061402441 -0.01619436778128147 -0.002692269418880008 0.00031325299805989106 0.9999963267722213 0.6876226663589478
0.9999981680032813 -4.25161875787895e-05 0.0019136829556486393 0.0008197951829060912 4.3048585101004395e-05 0.9999999603854202 -0.00027816537741421693 -0.01629216969013214 -0.0019136710533075292 0.0002782472491597309 0.9999981302190359 0.6805588603019714
0.999390359253696 0.0007412077763464646 -0.034905020295092334 -0.04766260087490082 -0.000730996215641655 0.9999996862140567 0.0003053134796250479 -0.019696302711963654 0.03490523564311293 -0.00027961191034486495 0.9993905874791289 0.6662790775299072
0.9999841548533613 0.00011519616058676411 -0.005628212154204867 -0.009945420548319817 -0.00011607993624402516 0.9999999809853428 -0.00015669959125582408 -0.017240777611732483 0.005628193995995065 0.0001573504308358504 0.9999841492109687 0.730560302734375
0.9999993062185097 6.043328499340201e-05 0.0011763971764632095 -0.0026947003789246082 -6.0097661256242726e-05 0.9999999574871767 -0.00028533123789353007 -0.018469631671905518 -0.001176414369955262 0.00028526034121698475 0.9999992673376153 0.8953206539154053
0.999994597350727 5.7311449368051586e-05 0.0032866373021413287 0.00035944022238254547 -5.613228354314287e-05 0.9999999340318592 -0.000358866890012894 -0.017589466646313667 -0.0032866576525095717 0.0003586804647240042 0.9999945345999648 0.8378477096557617
0.9999851481842528 4.71661979769563e-05 0.005449879472762568 0.0042140791192650795 -4.511070433617258e-05 0.9999999278103553 -0.0003772854467732666 -0.016125604510307312 -0.0054498968744577814 0.00037703399549776347 0.9999850781233808 0.723770797252655
0.9999728566813656 0.00018674520753891852 0.007365529630421111 0.005610371939837933 -0.00018314728789298057 0.9999998635935639 -0.0004891522509123412 -0.016550011932849884 -0.007365619972554078 0.0004877899969212269 0.9999727544805103 0.8010122179985046
0.999993120845948 4.969502820879497e-05 0.0037088800446014726 -0.0008911469485610723 -4.7992361363815896e-05 0.9999998934316431 -0.0004591660219336372 -0.01879231445491314 -0.003708902467620633 0.0004589848653484813 0.9999930166633061 0.9608386158943176
0.9999950408887807 6.136499564697859e-07 0.003149316984558006 -0.0013493259903043509 6.652766075365868e-07 0.9999999175430287 -0.0004060954233876394 -0.018865792080760002 -0.0031493169740753053 0.0004060955046821887 0.9999949584318102 0.9499918222427368
0.9999945445483271 9.3854800972991e-05 0.0033018275031364967 -0.0008360613137483597 -9.245915207039929e-05 0.9999999063288442 -0.00042283993219319736 -0.018411576747894287 -0.0033018668794081774 0.0004225323412391591 0.9999944595554175 0.925544261932373
0.9999971319124694 0.00014826782722223502 0.0023904358362081143 -0.0019804188050329685 -0.0001473670550354488 0.9999999180788031 -0.00037699514392775055 -0.018801307305693626 -0.0023904915366316126 0.0003766417911832459 0.9999970718413004 0.9485607147216797
0.9999939641244258 0.0001478374114278131 -0.003471290655726795 -0.009131926111876965 -0.00014864687350363406 0.9999999618236743 -0.00023293079890708814 -0.019368326291441917 0.00347125608731932 0.0002334453894687647 0.9999939479238994 0.941380500793457
0.9999959387469988 6.733791818005515e-05 0.0028492025399869613 -0.0023468974977731705 -6.611300242861587e-05 0.9999999053613938 -0.00043000729611440973 -0.019479257985949516 -0.0028492312261385266 0.000429817180411542 0.9999958485606887 1.0082643032073975
0.999999357093905 8.707564353454248e-05 0.0011305881695227375 -0.004201075993478298 -8.670291417678741e-05 0.9999999418829301 -0.00032972221809392086 -0.019853144884109497 -0.0011306168145905938 0.0003296239808244658 0.9999993065265845 1.0171922445297241
0.9999983475179572 7.040297124575371e-05 0.001816591527162449 -0.00392889091745019 -6.970680505564065e-05 0.9999999241159903 -0.00038328706618185454 -0.020199894905090332 -0.001816618373860499 0.0003831598040154108 0.9999982765416391 1.0527199506759644
0.9999962520612703 -0.00016984880293678537 0.0027325839047417826 0.0001254307571798563 0.00017073340210134875 0.9999999331013244 -0.0003234925842017963 -0.017946794629096985 -0.002732528777107353 0.0003239579151179952 0.9999962141617095 0.8161059617996216
0.9999897765733047 6.235085745422616e-05 0.00452137824588979 0.0031956082675606012 -6.071513624413737e-05 0.9999999326669511 -0.0003619112667796999 -0.015807706862688065 -0.004521400506929414 0.0003616330507101833 0.9999897130265851 0.6923543810844421
0.9999919525364207 0.00018085398424508943 0.004007761748586091 0.0006711251335218549 -0.00017917618769915436 0.9999998961708384 -0.00041899189303224094 -0.017846936360001564 -0.00400783710881677 0.00041827042573892354 0.999991881112822 0.8822448253631592
0.999989664960227 4.3908360150763e-05 0.0045462121363883095 3.938423469662666e-05 -4.169573997899889e-05 0.9999998806489819 -0.0004867889557273945 -0.018687689676880836 -0.004546232967898047 0.00048659436706504776 0.9999895474412339 0.9591520428657532
0.9999729001805696 0.00020147811735661848 0.007359233046208871 0.004542491398751736 -0.0001976204331890648 0.9999998427026133 -0.0005249199107259636 -0.017302827909588814 -0.007359337648496121 0.0005234513506686366 0.9999727827036387 0.8773070573806763
0.99996020880612 0.00021829783149479703 0.008918136042765017 0.006036422215402126 -0.00021302187008035694 0.9999998017561919 -0.0005925447321547372 -0.017279475927352905 -0.008918263626029863 0.0005906213960749566 0.9999600570724126 0.8964844942092896
0.9997071839613302 0.00010756070119585787 0.024197825662713293 0.024829689413309097 -8.900349069441835e-05 0.9999997011490471 -0.0007679714808024896 -0.01458824798464775 -0.024197901034721005 0.0007655929154844731 0.9997068947711634 0.7654775977134705
0.9997072832736577 3.357479216007388e-05 0.024193938132025375 0.02519095689058304 -1.6071478538178158e-05 0.9999997380341876 -0.0007236527233182408 -0.014415785670280457 -0.024193956090530495 0.0007230520657046195 0.9997070219241235 0.7305591702461243
0.9997196561417117 -1.832944868533715e-05 0.02367717863109385 0.024908337742090225 3.437068816291074e-05 0.9999997701830894 -0.0006770911487573048 -0.014339589513838291 -0.023677160778970342 0.0006777151313355563 0.9997194270192248 0.7048658728599548
0.9997932808713649 4.2072063416505215e-07 0.020332130343252108 0.02105078101158142 1.2421377784659397e-05 0.9999998005332232 -0.0006314896856233165 -0.014650450088083744 -0.020332126553348342 0.000631611697697923 0.9997930814405959 0.7156690955162048
0.9999139580623878 0.00023689260035503982 0.013115653011000749 0.011984319426119328 -0.0002292437165178647 0.9999998027937551 -0.0005846877534498361 -0.015649529173970222 -0.013115788932714383 0.0005816307647418307 0.9999138151792512 0.7992358803749084
0.9999475132629401 0.00022109324105361398 0.010243136094058247 0.008647450245916843 -0.00021588278924174366 0.9999998467593257 -0.0005097802925430902 -0.016145559027791023 -0.010243247233370268 0.0005075422190483489 0.9999474077605343 0.8073633909225464
0.9998563890704295 1.5829090205377514e-05 0.016947005177373495 0.01745765283703804 -5.510826517879284e-06 0.999999814604449 -0.0006089012223558869 -0.015061620622873306 -0.016947011673826503 0.0006087203854797976 0.9998562037887346 0.7159218788146973
0.999809702642682 -2.9275559144832313e-05 0.01950788672546391 0.02032634988427162 4.078210613433208e-05 0.9999998254467458 -0.0005894432100434096 -0.014648547396063805 -0.019507866064019237 0.0005901266132651436 0.9998095293165637 0.6930102109909058
0.9995833329249392 2.865881664671692e-05 0.02886450618566443 0.030294280499219894 -7.734614775471522e-06 0.9999997371412239 -0.0007250225229119894 -0.013912570662796497 -0.02886451937666321 0.0007244971740619842 0.9995830703973526 0.7159830927848816
0.9997286684418412 -3.280393293791857e-05 0.023293527414403284 0.024151112884283066 4.770936849304665e-05 0.9999997944837009 -0.0006393405762310768 -0.014469663612544537 -0.023293501654318344 0.0006402784224392503 0.9997284645463599 0.7145408391952515
0.9999998894317229 0.0002190121074355954 -0.00041613728330616874 -0.0014625489711761475 -0.00021912817821587063 0.9999999370990554 -0.0002788991334697476 -0.015753209590911865 0.0004160761748437574 0.0002789902900371295 0.9999998745225095 0.5478242039680481
0.9999998663197968 0.00019003891914112897 0.0004808800239908507 -0.0004935571923851967 -0.00018989649248603738 0.9999999381002129 -0.0002962075154267275 -0.015650775283575058 -0.00048093628518055284 0.0002961161583997842 0.9999998405077424 0.5549285411834717
0.9998715766127562 0.0006020693802967486 -0.016014611902344107 -0.02095939591526985 -0.00060283709552305 0.99999981736442 -4.311105433204601e-05 -0.017072241753339767 0.01601458302166041 5.275971998955902e-05 0.9998717569503873 0.5654040575027466
0.9999975056436078 0.00020415196274927095 -0.0022241916596413675 -0.005166845861822367 -0.0002046533936270967 0.9999999536967316 -0.00022521883402308048 -0.016432203352451324 0.00222414557778701 0.00022567346061826485 0.9999975011208468 0.6890475153923035
0.9999423254536459 0.0004941558463227338 -0.010728540271362145 -0.015329399146139622 -0.0004956971304351069 0.9999998672011895 -0.00014100339750719462 -0.01673004776239395 0.01072846916897153 0.00014631337182648073 0.9999424376141296 0.608873188495636
0.9999569413255015 0.00043106909532088895 -0.009269826016820344 -0.012824218720197678 -0.0004326172497431842 0.9999998928077365 -0.00016500554610762675 -0.016496732831001282 0.00926975389437523 0.00016900872782452114 0.9999570206257803 0.5752618312835693
0.9999865318655708 0.00026134389135977406 -0.0051834145925613116 -0.008779579773545265 -0.0002624128379555794 0.9999999444452989 -0.00020554537636995464 -0.01672365330159664 0.005183360586569751 0.00020690280259072876 0.9999865448916101 0.6820935606956482
0.9998442012365054 -7.864301056595656e-05 0.017651262533079075 0.018577992916107178 8.774890896008651e-05 0.9999998634839309 -0.0005151041145986854 -0.014553185552358627 -0.01765121961405977 0.0005165727410436056 0.9998440716425435 0.6469547152519226
0.9999777751931651 2.5178186051652788e-05 0.006666969760396005 0.005487602204084396 -2.2666268822272547e-05 0.9999999287367595 -0.00037684574534475174 -0.016034338623285294 -0.006666978773578426 0.0003766862546920359 0.9999777045022042 0.7325327396392822
0.999301567201107 -0.00013666126626571913 0.03736788879653618 0.04027223959565163 0.00016773817161398462 0.9999996427145794 -0.0008285135000062343 -0.013291599228978157 -0.03736776221983027 0.0008342028603473098 0.9993012330885369 0.7045923471450806
0.9985937271245706 -8.243329919093177e-05 0.053014727691551876 0.058065615594387054 0.00013031632012513192 0.999999586737217 -0.0008997461039906128 -0.01149008795619011 -0.053014631613498196 0.0009053894996749967 0.9985933251853523 0.5655415654182434
0.9997361117901599 -9.495558326094063e-05 0.022971673124299305 0.02401728928089142 0.00010933863071830067 0.9999997987938642 -0.0006248658210400692 -0.01443344634026289 -0.022971609167759234 0.0006272126176018841 0.9997359210194338 0.71409010887146
0.9999992266892449 -3.882177431918117e-05 0.0012430260585489386 -0.0017567179165780544 3.9151773332767965e-05 0.9999999639998238 -0.000265457133758967 -0.017274146899580956 -0.001243015708282843 0.00026550559515260144 0.9999991922090378 0.8035132884979248
0.9999576793254454 -0.00019680882125478117 -0.009197870642601656 -0.0153204882517457 0.00019813649015734593 0.9999999700842759 0.00014343423294249337 -0.02020725980401039 0.009197842138318379 -0.00014525059651504735 0.9999576884059962 0.9004025459289551
0.9998592325999959 -0.00017650842293845864 -0.01677747982636758 -0.02571214735507965 0.00018199447572974276 0.9999999304759741 0.00032546283650510053 -0.021796301007270813 0.016777421212997638 -0.00032847043059287383 0.9998591952093145 0.9627072215080261
0.9998446873922094 -0.0001667841168472136 -0.0176230893044735 -0.026925377547740936 0.0001730570894520958 0.9999999222161896 0.0003544275082656111 -0.022162755951285362 0.01762302882080351 -0.0003574222617472162 0.9998446384836537 0.982244610786438
0.9998781009785533 -0.00017047142465480232 -0.015612627037597493 -0.02380947396159172 0.00017446921078483014 0.9999999523443557 0.0002546993928894944 -0.02144547551870346 0.015612582874599329 -0.0002573922680002657 0.9998780830707332 0.9289145469665527
0.9997939947550204 -0.00010307247582580843 -0.02029673441376309 -0.03028206154704094 0.00010948709402563453 0.999999944415548 0.00031493090874224166 -0.021986106410622597 0.020296700824871748 -0.0003170882617924076 0.9997939504671249 0.9481617212295532
0.9998000571577604 -8.938974903826107e-05 -0.01999594250872083 -0.02971884235739708 9.494883604889488e-05 0.9999999571108117 0.00027706153395492183 -0.021722743287682533 0.019995916884650095 -0.0002789047289512512 0.9998000227645999 0.9187555909156799
0.9997222471744422 -7.359584561262487e-05 -0.023567415813681283 -0.034873440861701965 8.221470865786622e-05 0.9999999301019055 0.00036474227339038307 -0.02254118025302887 0.023567387322847785 -0.00036657855341828917 0.999722183346423 0.9721959829330444
0.9995448792431901 -0.00015706118104433014 -0.030166367207557998 -0.0442359521985054 0.000176784207564161 0.9999997723803606 0.0006511425115444546 -0.025118881836533546 0.03016625807188849 -0.0006561791003936872 0.9995446794930819 1.1001708507537842
0.9996105878065923 -0.0001376870125794575 -0.02790436860503177 -0.04111402481794357 0.0001537727010117025 0.9999998232594541 0.0005743126472120126 -0.02451302297413349 0.027904284597805754 -0.000578379932994782 0.9996104323073752 1.0764286518096924
0.999839782611052 -0.00013891960322718504 -0.01789943601425853 -0.027133353054523468 0.00014401754954885144 0.9999999494371834 0.0002835217392346234 -0.02209797501564026 0.017899395722485105 -0.00028605414703493316 0.9998397520631971 0.9600480198860168
0.9999195078001474 -3.914438393773565e-05 -0.012687647080061253 -0.018720421940088272 3.947507382128975e-05 0.9999999988876911 2.5813493195141704e-05 -0.019163064658641815 0.01268764605549538 -2.6312261215392434e-05 0.9999195082331555 0.7802693843841553
0.9998906850730372 0.00018179314211333263 0.014784615498052345 0.016288653016090393 -0.0001751978242899496 0.9999998845751753 -0.00044738725725935476 -0.014321137219667435 -0.014784695123475937 0.0004447481186857812 0.9998906015105934 0.4223424792289734
0.9983451893845143 -0.0001297117522074096 0.05750535633885808 0.06402955949306488 0.00018270168440076936 0.9999995635789014 -0.000916221643859096 -0.010591046884655952 -0.05750521239759248 0.0009252117960218763 0.9983447773841659 0.4669644236564636
0.9995151916657301 -0.0001755279425246217 0.031134399293397296 0.03484591841697693 0.00019297712773474958 0.9999998260084447 -0.0005574431890304354 -0.013300797902047634 -0.031134296029418685 0.000563181162875898 0.9995150516314053 0.5258036851882935
0.9997921596546571 0.0009185210258707889 -0.02036648747825508 -0.025387533009052277 -0.0009200724406326715 0.9999995745018265 -6.680471625519629e-05 -0.016981612890958786 0.02036641745081535 8.552947538113216e-05 0.9997925793508012 0.43566372990608215
0.999722155515558 0.0010174949800079696 -0.023549447451960397 -0.029151566326618195 -0.0010183314234559343 0.9999994812236761 -2.3526391948648052e-05 -0.017416948452591896 0.023549411297078906 4.750099761576185e-05 0.9997226730304843 0.44508665800094604
0.999718451371391 0.0010192307154621681 -0.023706099559742216 -0.029650568962097168 -0.0010204265193977363 0.999999478629513 -3.8346065448648056e-05 -0.01740708202123642 0.023706048116593822 6.252560182875239e-05 0.9997189701977466 0.4636251926422119
0.9998971746282476 0.0006880964291604552 -0.01432364107872972 -0.017908267676830292 -0.0006907394999034553 0.9999997453151895 -0.00017957867212036707 -0.016596483066678047 0.014323513863272868 0.0001894541115521658 0.9998973952650084 0.4655658006668091
0.999906504502104 0.0006585046531538516 -0.013658280492269928 -0.017135579138994217 -0.000660821867722286 0.9999997680209276 -0.00016514402815686642 -0.016663704067468643 0.013658168575723707 0.00017415427835850604 0.9999067076989955 0.4936849772930145
0.9999313311049469 0.0006985823197249441 -0.011698079219753106 -0.014102197252213955 -0.0007013900153400152 0.99999972619863 -0.00023591250825627844 -0.016474220901727676 0.011697911212495719 0.00024410122436839863 0.9999315473010425 0.4285261034965515
0.9999939756937805 0.00037893991919795355 -0.003450359500717241 -0.004001474007964134 -0.00037997106164593933 0.9999998833493358 -0.00029820011199852974 -0.015984730795025826 0.0034502460983041683 0.0002995093523122881 0.9999940030300225 0.4591311812400818
0.9998239345752966 -0.00013521257217914698 0.01876383670610799 0.021874401718378067 0.0001437861735055142 0.999999885889295 -0.0004555731919731411 -0.014190311543643475 -0.01876377296573025 0.00045819096156586635 0.9998238399263809 0.5025653839111328
0.9997470641109483 -0.0001824235833722778 0.022489431366210927 0.02518060803413391 0.00019384117501824788 0.9999998534435853 -0.0005055080676009868 -0.01399257592856884 -0.022489335853647388 0.000509739584270004 0.9997469529528049 0.559361457824707
0.9999926623395518 9.913640882899135e-05 0.0038295481492205976 0.004549708217382431 -9.779591264500972e-05 0.9999999338888615 -0.0003502259720729666 -0.015505827032029629 -0.0038295826161899604 0.0003498488880774325 0.9999926059240343 0.5291144847869873
0.9999620372175433 -3.5062059928407205e-05 0.008713374454956688 0.010066424496471882 3.850521201839717e-05 0.9999999212502431 -0.00039498969129847506 -0.015166050754487514 -0.008713359919628341 0.00039531020672153546 0.999961959820848 0.5525391697883606
0.9998827169912732 -0.00011674579704726095 0.015314654177244608 0.017680862918496132 0.0001234039296028118 0.9999998982895737 -0.00043381137887753664 -0.014560147188603878 -0.015314601973929406 0.00043565038867978204 0.9998826296996658 0.5289795994758606
0.9999150423643173 -0.00011966708257823066 0.013034329033564069 0.014870047569274902 0.00012528339789167877 0.9999998996716093 -0.000430070740407412 -0.014841834083199501 -0.013034276260540004 0.0004316671876446937 0.9999149570367488 0.5535338521003723
0.9999895437129055 -1.3882314719183862e-05 0.0045729937826881565 0.005020737648010254 1.5507811411310933e-05 0.9999999367179109 -0.00035542042997163215 -0.01557368878275156 -0.0045729885592412905 0.0003554876307187441 0.9999894806467624 0.5885985493659973
0.9999988142783015 0.00012233290174907822 0.0015350819691315797 0.0018219762714579701 -0.0001218147703688869 0.9999999355883619 -0.00033761580773328085 -0.015770884230732918 -0.0015351231717758717 0.0003374284117573247 0.9999987647686942 0.5416691303253174
0.9999956508351913 0.00011667703473585492 0.002946981026746754 0.0036253738217055798 -0.00011567075999822413 0.9999999349554081 -0.00034162765572022047 -0.015575089491903782 -0.002947020695163429 0.00034128529039017836 0.9999955992870033 0.5184065103530884
0.9999891543522529 7.170111565707525e-05 0.004656826904258234 0.00554924551397562 -7.004079618521295e-05 0.9999999339309054 -0.00035669661050080376 -0.015474852174520493 -0.0046568521721308195 0.0003563665740309427 0.9999890933058779 0.5322028398513794
0.999999985777065 0.00016777617202484368 1.723446214100904e-05 0.0002163425087928772 -0.00016777056422029294 0.9999999331559535 -0.00032487093919776795 -0.015862883999943733 -1.728896659156856e-05 0.0003248680431417122 0.9999999470809221 0.5178251266479492
0.9999993420803618 0.00013997132458738837 0.001138528379914768 0.0015129841631278396 -0.00013958970189724182 0.9999999340570519 -0.0003352619974739052 -0.015725109726190567 -0.0011385752319027205 0.0003351028500612993 0.9999992956760125 0.5243309140205383
0.999999227393855 9.019341766135988e-05 0.0012397890304960513 0.0014346216339617968 -8.979390603309095e-05 0.999999944031973 -0.0003222935078599696 -0.01568574085831642 -0.0012398180298604693 0.0003221819333543197 0.9999991795246906 0.5468844175338745
0.9999998779299522 8.534658528035896e-05 -0.0004866785811606079 -0.00154232163913548 -8.547524390437508e-05 0.9999999614076153 -0.0002643458922528372 -0.015993734821677208 0.0004866560013592842 0.0002643874589545492 0.9999998466325922 0.6175042390823364
0.9999890110656343 0.00027005343051156994 -0.00468025844580373 -0.0063308412209153175 -0.0002711430752558843 0.9999999362859475 -0.00023218426709521357 -0.016140658408403397 0.004680195445447658 0.00023345073530552923 0.9999890205753995 0.5708422660827637
0.9999290932918694 0.0004299610848761003 -0.011900568136233441 -0.01597900316119194 -0.0004310832881981314 0.9999999028760953 -9.173329980023514e-05 -0.016718223690986633 0.011900527538654695 9.685693133751378e-05 0.9999291815238898 0.5925315022468567
0.9999677628805098 0.00031533173195068097 -0.008023326345571282 -0.011113625951111317 -0.00031648376649282185 0.9999999397920307 -0.0001423164101080419 -0.016446128487586975 0.008023280985623013 0.0001448510747785713 0.9999678024718557 0.601651132106781
0.9999785396751723 0.0002588626699796568 -0.006546233972936159 -0.009274240583181381 -0.00025989761863882944 0.9999999538631242 -0.000157248139804543 -0.016372840851545334 0.006546192965240056 0.00015894611582900292 0.9999785608170779 0.6081104874610901
0.9999970836261609 0.0001968991936992375 0.0024070666548010058 -0.0005273018032312393 -0.00019621899585006808 0.9999999407564336 -0.0002828166103117305 -0.017355896532535553 -0.0024071221985603277 0.0002823434733108176 0.9999970630181293 0.8375829458236694
0.999998946804104 -0.00015805759183312075 0.001442708730286474 -0.001007698941975832 0.00015845887386108779 0.9999999487937163 -0.00027803479999294345 -0.01768447272479534 -0.0014426647108997889 0.0002782631171685439 0.9999989206435023 0.7804317474365234
0.9999640429737293 0.00033456328634555487 -0.00847353686728836 -0.012732717208564281 -0.000335772916793615 0.9999999336409493 -0.00014133168622836322 -0.016777368262410164 0.008473489020599086 0.00014417178855069627 0.9999640889543551 0.6610394716262817
0.9999787210702227 0.0002462300363640263 -0.0065189552484374936 -0.010607128962874413 -0.00024728957485413287 0.9999999563462175 -0.00016172640266762201 -0.016838161274790764 0.006518915141962429 0.0001633350309747357 0.9999787383074901 0.6881991028785706
0.9999834262152071 0.00015409583942675744 -0.005755306192364423 -0.00941422302275896 -0.00015499291690336295 0.9999999759102969 -0.00015542394089581202 -0.01675392873585224 0.005755282103538166 0.00015631339662729047 0.9999834260096668 0.6801601648330688
0.999986858589911 0.0001248016640841086 -0.005125141171294905 -0.008731531910598278 -0.00012557006716194187 0.9999999809250013 -0.00014960666741665958 -0.016941094771027565 0.005125122402371793 0.00015024826569518494 0.9999868551865164 0.693920373916626
0.999986466112574 0.00013611995538907612 -0.005200871373458721 -0.0091220922768116 -0.00013698883969456206 0.9999999767210377 -0.00016670927243208903 -0.01691964827477932 0.005200848559929107 0.00016741947754241387 0.9999864614808417 0.711030125617981
0.9999875013962126 0.0001432030601135922 -0.004997653873921305 -0.009121413342654705 -0.00014400737029324952 0.99999997673828 -0.00016057807122872117 -0.01735677570104599 0.004997630762396092 0.00016129576321905118 0.9999874987570794 0.7437814474105835
0.9999639273796102 0.00020944804198307657 -0.008491176070709408 -0.013943086378276348 -0.0002103597719701991 0.999999972205298 -0.00010648084234028837 -0.01778803952038288 0.008491153532495762 0.00010826320315927707 0.999963943645353 0.7566784024238586
0.9999998314298426 1.695721306717445e-05 -0.000580390161362878 -0.004270430188626051 -1.7065536276168e-05 0.9999999824382289 -0.00018663415967932911 -0.018419917672872543 0.0005803869863749876 0.00018664403288773252 0.9999998141574583 0.8639851212501526
0.9999996415526202 4.3549510705950544e-05 -0.0008455755858116272 -0.004235157743096352 -4.3707262089519683e-05 0.9999999816456238 -0.0001865433661832499 -0.017745090648531914 0.0008455674464192919 0.00018658025711101465 0.9999996251016804 0.8126317858695984
0.9999987836211548 5.8662006841513353e-05 -0.0015586259908261886 -0.005007248837500811 -5.897739045701726e-05 0.9999999777977805 -0.00020230201532403448 -0.01724773831665516 0.0015586140887790256 0.00020239369294178017 0.9999987648786945 0.7717342972755432
0.9999999912604848 4.003138121439811e-06 0.00013214766447713919 -0.002594604156911373 -3.971956495788501e-06 0.9999999721535756 -0.00023595989391546365 -0.017058027908205986 -0.00013214860537734573 0.00023595936696851425 0.999999963429961 0.7581200003623962
0.9999984133980383 4.650552433854788e-05 -0.0017807410374693338 -0.0053001344203948975 -4.683993768492096e-05 0.9999999812773703 -0.00018775324076144897 -0.017400577664375305 0.001780732272566271 0.0001878363526710169 0.9999983968537541 0.7765695452690125
0.9999959955959664 0.00010757177202738392 -0.0028279357039909694 -0.006603513844311237 -0.00010805553308690427 0.999999979556399 -0.00017091285349241924 -0.01736980676651001 0.0028279172607792676 0.00017121774318832957 0.9999959867761724 0.7720890045166016
0.9999968741355001 9.690123203794085e-05 -0.0024984654049142064 -0.006286812014877796 -9.733587069498848e-05 0.9999999801524756 -0.0001738412389861982 -0.01745472103357315 0.0024984485098956165 0.0001740838858876293 0.9999968637200037 0.7830828428268433
0.999995481317223 6.611514112582157e-05 -0.003005490629387091 -0.006998324766755104 -6.661178475246387e-05 0.9999999841448934 -0.000165145641289729 -0.01762155070900917 0.003005479663107337 0.0001653450961438443 0.9999954698662358 0.7869510650634766
0.9999953031819365 7.308389273360299e-05 -0.003064028852879773 -0.006891678087413311 -7.36231036735769e-05 0.9999999818249362 -0.00017586860301548076 -0.017361264675855637 0.0030640159440287356 0.00017609336030654374 0.9999952903876212 0.7638763189315796
0.9999990715661143 7.013994040296161e-05 -0.0013608627037752414 -0.004291166085749865 -7.04373825160519e-05 0.999999973643335 -0.00021852209224890263 -0.016812659800052643 0.0013608473407809116 0.00021861774497240502 0.9999990501499474 0.7311868667602539
0.9999987042190004 7.988547198410127e-05 -0.0016078490698772706 -0.005118681117892265 -8.021065931214448e-05 0.9999999763434462 -0.00020218644181240188 -0.017201073467731476 0.0016078328800817694 0.00020231514645702145 0.9999986869701436 0.7723672389984131
0.9999922026544024 4.984922220723561e-05 -0.0039486890801594425 -0.007748397998511791 -5.050009061462808e-05 0.9999999851565572 -0.0001647319825548375 -0.017263635993003845 0.0039486808097861 0.0001649301072389956 0.9999921903284655 0.7396641373634338
0.9999963408287097 7.967354100768237e-05 -0.0027040675504738784 -0.0062154922634363174 -8.016127282249126e-05 0.9999999805399293 -0.00018026178426944187 -0.01712794043123722 0.0027040531357578725 0.00018047788615734015 0.9999963277554429 0.7462451457977295
0.9999942182660869 9.811544110493844e-05 -0.0033990892541641794 -0.006884741596877575 -9.869516237046294e-05 0.9999999806141724 -0.00017038462220334003 -0.017002563923597336 0.003399072470907657 0.000170719110750643 0.9999942085638909 0.7249069213867188
0.9999966977777981 7.462283727328313e-05 -0.0025688255937032526 -0.006082521751523018 -7.508820129641692e-05 0.9999999807891004 -0.00018106231108888968 -0.017135947942733765 0.002568812032970426 0.0001812546016741815 0.9999966841702567 0.7489935755729675
0.9999995500382155 0.0001033214402262153 -0.0009429994945368578 -0.003993096761405468 -0.0001035232291996706 0.9999999717563087 -0.0002139399981717707 -0.017017917707562447 0.000942977363314338 0.00021403752425975546 0.9999995324907061 0.7562874555587769
0.9999946516278289 7.445161700220251e-05 0.0032697358752167677 0.001451775897294283 -7.33996312040062e-05 0.9999999455115677 -0.0003218530028574735 -0.01642492599785328 -0.003269759659530486 0.00032161128406045443 0.9999946026044093 0.7376507520675659
0.9999962052131558 7.700005653314622e-05 0.002753839189095413 0.00025094952434301376 -7.613750100066556e-05 0.9999999480159678 -0.0003133227454642357 -0.017079798504710197 -0.002753863171808862 0.00031311188603718777 0.9999961590919126 0.7927864789962769
0.9999963291863276 1.4813271264158956e-05 0.002709500772645144 0.0009599396726116538 -1.3972725267241002e-05 0.9999999517778309 -0.00031024038905890487 -0.016500627622008324 -0.00270950523766218 0.0003102013911143354 0.9999962811713172 0.730094850063324
0.9999976395620565 8.803853068147661e-05 0.0021709720249316017 8.606165647506714e-05 -8.739614694797304e-05 0.9999999523759397 -0.00029598991905614583 -0.01652291603386402 -0.0021709979800586692 0.000295799485800199 0.9999975996323367 0.7391692399978638
0.9999944608774662 6.712583403577242e-05 0.00332771821338417 0.001644141273573041 -6.60508750720919e-05 0.9999999456086849 -0.0003231406950815863 -0.01640743762254715 -0.003327739723473869 0.00032291910646569327 0.9999944109201727 0.7326385974884033
0.9999974503025053 -6.841927910991493e-05 0.002257145828428882 0.0014783346559852362 6.910750281222377e-05 0.9999999511507252 -0.00030483224993626813 -0.016086885705590248 -0.0022571248617661546 0.0003049874584179299 0.9999974061816405 0.6583277583122253
0.9999999007333558 2.674979192813229e-05 0.0004447670479836043 -0.0001775403507053852 -2.6621520695139645e-05 0.9999999580571103 -0.00028840435513295047 -0.015965957194566727 -0.00044477474408528004 0.0002883924861288456 0.9999998595025905 0.6099920272827148
0.9999988479353711 8.119146352525982e-05 0.0015157624736052107 -0.0007487796247005463 -8.0782265353583e-05 0.9999999602813855 -0.0002700212074002894 -0.01668713241815567 -0.0015157843368182376 0.0002698984495920516 0.9999988147756329 0.7468581795692444
0.9999962640348047 2.7662240711820506e-05 0.002733340672806079 0.0005541873397305608 -2.6820742220687984e-05 0.9999999522389175 -0.0003079006505432844 -0.016902094706892967 -0.0027333490594806803 0.00030782619001158365 0.9999962170158224 0.768747091293335
0.9999976094447085 0.00010120637530952375 0.002184230330743856 -0.0005390937440097332 -0.00010054398836490105 0.99999994892986 -0.0003033664182003654 -0.017340688034892082 -0.0021842609218104838 0.00030314608175720855 0.9999975685503832 0.8117313385009766
0.9999966938846694 5.232864878173847e-05 0.002570891176872883 0.00030564283952116966 -5.1578561607959e-05 0.9999999560883327 -0.00029182697710569407 -0.017060501500964165 -0.002570906334892155 0.00029169340942309746 0.9999966526721837 0.7826145887374878
0.9999898936694218 7.370018155728604e-05 0.004495233842864105 0.00287843425758183 -7.213532236579989e-05 0.9999999367500442 -0.0003482763317980362 -0.016494717448949814 -0.004495259226569647 0.0003479485468599298 0.9999898357364915 0.7521399855613708
0.9999785631813861 4.455020269728438e-05 0.006547609714260021 0.00504381163045764 -4.154597976379202e-05 0.9999998938135674 -0.0004589627280246669 -0.016530513763427734 -0.006547629465875267 0.00045868086246322583 0.9999784588481114 0.7700809836387634
0.9999134024479697 3.856910977959102e-05 0.013160019656060234 0.012969158589839935 -3.171761789897486e-05 0.9999998638610744 -0.0005208376185645645 -0.015320781618356705 -0.013160037952712587 0.0005203751108267976 0.9999132675441539 0.7195682525634766
0.9999549417478552 8.736638739952843e-05 0.009492462333778947 0.00854443572461605 -8.292672063343792e-05 0.9999998870041584 -0.00046809703013812155 -0.015896739438176155 -0.009492502157116651 0.0004672887597320326 0.9999548360021129 0.7492022514343262
0.9999301532025522 0.00011879436242641267 0.011818401085590352 0.011085857637226582 -0.00011253446819963709 0.9999998530392489 -0.0005303371323651438 -0.015649445354938507 -0.011818462349810764 0.0005289701125337434 0.9999300196205263 0.7554033994674683
0.9999449695525479 0.00019945907443826903 0.01048895050193059 0.009341765195131302 -0.00019366861637582658 0.9999998283052404 -0.0005530659607854443 -0.015945004299283028 -0.010489059015057397 0.0005510041447872083 0.9999448364961996 0.7826532125473022
0.9999546846410194 0.0001884165406146127 0.009518044110368247 0.008253497071564198 -0.0001832899635645392 0.9999998376797657 -0.0005394860810909066 -0.016115475445985794 -0.009518144213498206 0.0005377170721272819 0.9999545568630015 0.7843910455703735
0.9999331322705695 0.00012507906597707786 0.011563535047504557 0.010845795273780823 -0.00011889403493797824 0.9999998495200416 -0.0005355596161489182 -0.015669051557779312 -0.011563600294720847 0.0005341489691534672 0.9999329966718282 0.753730833530426
0.9998572927966934 -7.290410616432273e-05 0.016893452171137347 0.017656095325946808 8.185148163483852e-05 0.9999998567588114 -0.0005289448850852857 -0.014718430116772652 -0.01689341118904512 0.0005302521549301668 0.9998571555432556 0.6649327278137207
0.9999359387022647 0.00011036955134679203 0.011318405814567303 0.010779761709272861 -0.00010464770302578554 0.9999998664427465 -0.0005061258221224313 -0.015542774461209774 -0.011318460163792017 0.0005049089538750406 0.9999358167034869 0.7344303131103516
0.9999254737646625 0.00014157354727114318 0.0122076563453328 0.011415068991482258 -0.00013475742341074507 0.9999998345852003 -0.0005591690339561753 -0.01570550911128521 -0.012207733489549432 0.0005574822888781764 0.9999253274402771 0.7676769495010376
0.9999631569137291 0.0002497397824416194 0.008580352275390076 0.006551418919116259 -0.00024491836157075516 0.9999998115453527 -0.0005629602607833164 -0.016667842864990234 -0.008580491251955867 0.0005608380337688729 0.9999630296318834 0.8350116014480591
0.9999736740576612 0.00018702919076292126 0.007253703309638909 0.004585462622344494 -0.0001832234028674469 0.999999845229173 -0.0005253292442340783 -0.017174458131194115 -0.007253800438880682 0.0005239863662429028 0.9999735535590334 0.8622925281524658
0.9999745951046994 0.00013102355322397734 0.0071268490948842595 0.004720539320260286 -0.00012741886916414606 0.9999998637422277 -0.0005062410080317322 -0.017007458955049515 -0.007126914453291337 0.0005053200519795526 0.9999744755452615 0.8382102251052856
0.9999844976768079 0.00019590822099846284 0.0055647125740301145 0.0027231075800955296 -0.00019333726431403978 0.999999874336466 -0.00046254486793664227 -0.01732456497848034 -0.005564802491090875 0.00046146183111085167 0.9999844098915812 0.859261691570282
0.9999877963316749 7.249535498735905e-05 0.004939831185856613 0.001576376031152904 -7.028206447856358e-05 0.9999998970787544 -0.000448221945888902 -0.017721496522426605 -0.004939863171452113 0.00044786929440302056 0.9999876985068082 0.8801044225692749
0.9999550468083672 0.00012934150352426115 0.009480908883212317 0.008078720420598984 -0.00012469346998374595 0.9999998717631349 -0.0004908413719551604 -0.016083363443613052 -0.009480971153571325 0.000489637099641658 0.9999549347053076 0.7804787755012512
0.9999815110190019 0.00017231621456751387 0.006078480671694135 0.003775079734623432 -0.000169481733568561 0.9999998766746699 -0.00046682607806325946 -0.016794899478554726 -0.006078560363766132 0.00046578725548307096 0.9999814169004027 0.8222869038581848
0.9999969401858417 0.00010975868376101427 0.002471350235299555 -0.0012676345650106668 -0.00010885813851905313 0.9999999276354999 -0.0003645255828715631 -0.018036166206002235 -0.002471390066309704 0.00036425544090478026 0.9999968797696891 0.8883426189422607
0.9999974329813788 5.711491983122043e-05 0.002265119983174097 -0.002080984879285097 -5.6279992606903004e-05 0.9999999304597824 -0.000368663792878789 -0.018690325319767 -0.0022651408818601367 0.00036853536557606104 0.9999973666557673 0.9330614805221558
0.9999992097961995 8.135793652668375e-05 0.0012545070196477292 -0.003635979723185301 -8.094066573007413e-05 0.9999999413914576 -0.00033266452991104775 -0.01929641142487526 -0.0012545340110226108 0.0003325627264049387 0.9999991577728692 0.975217342376709
0.9999999648432059 4.827782848577851e-05 0.00026073518772351816 -0.005329414736479521 -4.820261483835509e-05 0.9999999572318914 -0.0002884661559419661 -0.0202802661806345 -0.0002607491030919679 0.0002884535776825923 0.9999999244022164 1.0323500633239746
0.9999997856135213 1.2448048602399271e-05 0.0006546892070345059 -0.00463426997885108 -1.2251237688641129e-05 0.9999999547386194 -0.00030062046957131573 -0.019846832379698753 -0.0006546929195405845 0.00030061238436926424 0.9999997405046542 1.0013923645019531
0.9999988080584891 7.988107570766039e-05 0.0015419145937766426 -0.003244833555072546 -7.935399275740128e-05 0.9999999384054352 -0.00034189482184341903 -0.019134987145662308 -0.0015419418097292322 0.00034177205724528144 0.9999987528028802 0.966157078742981
0.9999994564389315 3.8042356334942536e-05 0.0010419571109300694 -0.0043373554944992065 -3.770162947546918e-05 0.999999945816847 -0.00032702429666456035 -0.019855085760354996 -0.0010419694952483716 0.0003269848354259586 0.9999994036900666 1.0136377811431885
0.9999996325260406 8.392861212936282e-05 0.000853172767699088 -0.004487222991883755 -8.365194584457256e-05 0.9999999439127406 -0.00032430983248841984 -0.01980641856789589 -0.0008531999387211065 0.00032423834375084205 0.9999995834595937 1.0130529403686523
0.999999222106537 2.008102682292741e-06 0.0012473100207940795 -0.004491083323955536 -1.58752975458609e-06 0.9999999431519249 -0.00033718485498187987 -0.020308397710323334 -0.0012473106269887178 0.0003371826125462142 0.9999991652616942 1.044697642326355
0.9999988557515583 7.56146352013396e-05 0.00151088649516367 -0.0036953878588974476 -7.50811310408597e-05 0.9999999348203075 -0.00035316031026580284 -0.01953418180346489 -0.0015109131007725808 0.0003530464670957369 0.9999987962491725 1.001584529876709
0.9999988561868085 8.598029433915955e-05 0.001510043861511036 -0.003371626138687134 -8.54599809859084e-05 0.9999999369635425 -0.0003446295149935756 -0.01921612024307251 -0.0015100733976703574 0.00034450007248209755 0.9999988004982975 0.9762824773788452
0.9999999565113321 4.494719918443764e-05 0.000291473983862166 -0.0054519944824278355 -4.486199728163998e-05 0.9999999562700003 -0.00029231387006207696 -0.02041878178715706 -0.00029148710980575086 0.00029230078124466445 0.9999999147977554 1.0473787784576416
