0.9999678082965846 9.485839470662565e-05 0.008023301839627399 0.009392132982611656 -9.210244985919762e-05 0.9999999366382374 -0.00034386139608462885 -0.01508567575365305 -0.008023333949396888 0.0003431113608451606 0.9999677536735524 0.47919565439224243
0.9999953944322573 0.00020563353349012186 0.0030280074511312405 0.003301146673038602 -0.00020467600335968898 0.9999999289579331 -0.0003165309816666265 -0.015433497726917267 -0.003028072325399552 0.00031590976339850686 0.9999953654787674 0.48560476303100586
0.9999899529501647 0.0003606143244765769 -0.004468104300104075 -0.005924665369093418 -0.0003616826525436197 0.9999999062005112 -0.00023829525394531833 -0.01592538319528103 0.0044680179483161464 0.00023990889559612961 0.9999899895795635 0.48900872468948364
0.9997817172004074 -0.00018211585630366619 0.02089221830296974 0.024096835404634476 0.00019177347645742514 0.9999998756933772 -0.0004602566276684199 -0.014165637083351612 -0.020892131885898776 0.00046416273489806943 0.9997816278459098 0.5191332101821899
0.9995932319231192 -0.0002077145089027322 0.028518898088396614 0.03182152658700943 0.000222679365776339 0.9999998391946132 -0.0005215598222531872 -0.013523273169994354 -0.028518785166861824 0.0005276982385062751 0.9995931174368778 0.5560716390609741
0.9998330890607994 -0.00017192455353119912 0.018269221688071696 0.020806878805160522 0.00018011811102603716 0.9999998839434163 -0.000446845186079605 -0.014405484311282635 -0.018269142744149123 0.0004500612204302905 0.9998330039903124 0.5459959506988525
0.999627341083167 -0.0001954005774288876 0.02729726685241489 0.03019297868013382 0.00020964098487824022 0.9999998434392566 -0.0005188180023895282 -0.013683031313121319 -0.027297161201397253 0.0005243472861421488 0.9996272255447369 0.5735843181610107
0.9997937808055384 -0.00018451397949679753 0.020306693900248834 0.022547386586666107 0.0001939028064701707 0.9999998752244342 -0.0004603833377101662 -0.014230943284928799 -0.020306606419307878 0.00046422592276650895 0.9997936918334822 0.5829897522926331
0.9997753825410621 -0.00018463003111540477 0.021193168159223192 0.02386997640132904 0.00019432434741800398 0.9999998774390157 -0.00045536798544727286 -0.014145209453999996 -0.021193081487162316 0.000459384050419761 0.9997752958857172 0.5516623258590698
0.9999188532336335 -9.821623761507795e-05 0.012738810835645528 0.01414581947028637 0.00010318039593771977 0.9999999190043036 -0.0003890310945182114 -0.014830471016466618 -0.012738771594686251 0.00039031392144867283 0.9999187823784997 0.5655772089958191
0.9997427646819635 -0.00019824857223571282 0.022679620004918563 0.025613393634557724 0.00020892270028145492 0.999999868532578 -0.0004682799715963325 -0.013980797491967678 -0.022679524187451616 0.0004728978009016937 0.9997426746669867 0.5528231859207153
0.999818941643151 -0.0001714113557051592 0.019027731071163817 0.021458670496940613 0.0001796607030069097 0.9999998906203504 -0.0004318348282439331 -0.014367696829140186 -0.019027654968523912 0.0004351751764803728 0.9998188630791902 0.557348370552063
0.9999908129295362 0.0003131668977560114 -0.0042750418734450865 -0.006349501200020313 -0.0003141453371891627 0.9999999246180684 -0.00022820290275711892 -0.015998423099517822 0.004274970085589057 0.0002295437907118024 0.9999908359282177 0.557158887386322
0.9999671219594658 1.2248032216577125e-05 0.008108936433845125 0.0086174625903368 -9.309222329226188e-06 0.9999999342702737 -0.00036245384031041575 -0.015092999674379826 -0.008108940340193266 0.0003623664356462461 0.9999670563459203 0.5626400113105774
0.9998859666475899 -0.00012467960689287983 0.015100932296079223 0.016096793115139008 0.0001313060729966928 0.9999998955357216 -0.00043782103826789126 -0.014716064557433128 -0.015100876131216282 0.00043975395618552895 0.9998858785664132 0.6314183473587036
0.9999331666068848 -0.00012299331726519662 0.01156058788177438 0.012693604454398155 0.00012759135944667154 0.9999999130566762 -0.0003969975885633155 -0.014978921972215176 -0.011560538048608078 0.0003984460869912515 0.9999330953622562 0.595497727394104
0.9999497040939112 -0.0001009490829759745 0.01002891279164481 0.010623990558087826 0.00010493698356011953 0.9999999156439697 -0.0003971149497337852 -0.015068874694406986 -0.010028871857255525 0.00039814738033430963 0.9999496303354157 0.6130689382553101
0.9999349412694378 -5.794829727107105e-05 0.011406571372709453 0.01152602769434452 6.290166408075476e-05 0.9999999038882691 -0.00043389726106661785 -0.0150953633710742 -0.011406545132796665 0.00043458652458241775 0.9999348488090042 0.6592872142791748
0.9999856110510656 6.128472320176537e-06 0.005364480708238217 0.0044122422114014626 -4.313529116944258e-06 0.9999999427545678 -0.00033833748656568496 -0.015493464656174183 -0.005364482474638122 0.00033830947840113583 0.9999855538328923 0.6468338966369629
0.9966375813305064 0.003219091667681001 -0.08187288274216893 -0.10375155508518219 -0.0031683652804119482 0.9999946998509779 0.000749487426348131 -0.02117804065346718 0.08187486147241872 -0.0004875641367457008 0.9966424982610788 0.2847910225391388
0.9992903483752974 0.001453284770670593 -0.03763891081516879 -0.04815808683633804 -0.0014462455141347485 0.9999989312354396 0.00021424726754208393 -0.018298018723726273 0.037639181950325895 -0.00015966012069722882 0.9992913821757677 0.4769971966743469
0.9990837349905005 0.0015673823889696748 -0.04276954278313463 -0.05520527437329292 -0.0015554995825323907 0.9999987418146404 0.00031111121030552683 -0.01895688846707344 0.0427699766013541 -0.0002442981440451937 0.9990849160206238 0.49567675590515137
0.994789546657778 0.0036073892937527278 -0.10188593918149778 -0.13184243440628052 -0.0035169564813682733 0.9999932460203732 0.0010672069833871588 -0.02367495745420456 0.1018891008769864 -0.0007033179370290642 0.9947955149006045 0.37327840924263
0.9924179115977194 0.00432225622690029 -0.1228332481095016 -0.15817588567733765 -0.004173967054852439 0.9999902165121458 0.0014645405480467424 -0.025278454646468163 0.12283837649141395 -0.0009407343412931521 0.9924262432442287 0.2979625165462494
0.9896398610375282 0.005189452380693806 -0.1434782737197882 -0.18391551077365875 -0.004999673654804699 0.9999860849396858 0.0016832083486638064 -0.02588120475411415 0.14348501214052775 -0.0009484255311151744 0.9896520357075231 0.17844146490097046
0.9839444500602716 0.006469224393326597 -0.17835769770699283 -0.2281729280948639 -0.006172779016488506 0.9999784906912241 0.002216969579349475 -0.02736828103661537 0.17836820342988224 -0.0010804122597184449 0.9839632191878648 0.030285120010375977
0.9850345821411043 0.006372418236050048 -0.17223897431163665 -0.21934382617473602 -0.006101988208780842 0.999979178697918 0.0020995024499176223 -0.026634259149432182 0.17224876697962072 -0.0010170823281167168 0.9850529568594462 -0.0005466341972351074
0.9797625915367245 0.00728059803720258 -0.20003064044656282 -0.25588592886924744 -0.006915249994225805 0.9999729012251142 0.0025251005811945896 -0.02799665555357933 0.20004360410360228 -0.0010907372041290228 0.9797863883263497 -0.06542444229125977
0.9832953886500545 0.006543634010766856 -0.18189931147057922 -0.23303505778312683 -0.006222310612750918 0.9999779101213807 0.0023371178647276854 -0.028097184374928474 0.18191058658081474 -0.0011662432029029258 0.9833143842976237 0.04217886924743652
0.9863654633930131 0.005917890959497128 -0.16446322139639016 -0.21097174286842346 -0.005659523612045827 0.9999819049213422 0.002039515228800015 -0.02724486216902733 0.16447231505019697 -0.0010809238989464435 0.9863811074759864 0.11505746841430664
0.9882131043826788 0.0055160677978958305 -0.15298507548907544 -0.19662253558635712 -0.0053001782562970765 0.9999842996022128 0.0018189721063356014 -0.026478450745344162 0.15299270713599575 -0.0009866839013422401 0.988226825186444 0.16387248039245605
0.9891294669036407 0.005193675678787249 -0.14695551515973673 -0.18877436220645905 -0.004974890507557788 0.9999859022314814 0.0018562873506899884 -0.02673197165131569 0.14696308436936759 -0.0011050209202065205 0.9891413603532149 0.20376381278038025
0.987674728080656 0.005517606936476503 -0.1564231041901946 -0.20168104767799377 -0.005282055221726618 0.9999842037363852 0.0019215021056704295 -0.0274627897888422 0.1564312353829521 -0.0010715835954379453 0.987688270814816 0.2048099935054779
0.9907126642328975 0.004786745149857438 -0.1358878360980997 -0.17580001056194305 -0.004623285536087926 0.999988159677136 0.001518465141599176 -0.026278406381607056 0.1358934956478988 -0.0008761143788158727 0.9907230643647039 0.2911962568759918
0.9983496152160479 0.0012426817576821202 -0.05741516820508131 -0.07965380698442459 -0.0012325404974181883 0.9999992179406489 0.0002120424772091731 -0.023318111896514893 0.057415386804330414 -0.00014092600555239574 0.9983503661029877 0.7745327949523926
0.9999992400400934 7.386709628681476e-05 0.0012306351562254986 -0.0030416883528232574 -7.349457259322328e-05 0.999999951470204 -0.0003027509492802242 -0.018865440040826797 -0.001230657459836547 0.0003026602741968161 0.9999991969391651 0.9292057156562805
0.999999900315757 3.810312691876473e-05 -0.00044487821682643436 -0.005583500489592552 -3.822254882722018e-05 0.999999963241679 -0.00026843188621026925 -0.019430359825491905 0.00044486797237922867 0.00026844886383120466 0.9999998650138383 0.9690729975700378
0.9999999430289457 1.4574836084805369e-05 0.00033723831273493605 -0.0036414912901818752 -1.4495837881643844e-05 0.9999999724580197 -0.0002342516392760387 -0.018861781805753708 -0.0003372417176259701 0.00023424673737856694 0.9999999156982414 0.9051563143730164
0.9999999701047549 5.4197681024647946e-05 0.00023843888226958128 -0.002983284182846546 -5.414627485557337e-05 0.9999999752932911 -0.0002155959139511213 -0.017871718853712082 -0.00023845056117711576 0.000215582996928573 0.9999999483326494 0.8290688991546631
0.9999999877680057 -7.179797404475442e-05 0.00013895696975377753 -0.002930695191025734 7.182585066550785e-05 0.9999999772965839 -0.00020061874038205645 -0.018047578632831573 -0.00013894256257986477 0.00020062871863064762 0.9999999702215403 0.821871280670166
0.9945375531546747 0.0037088383123479794 -0.10431346932915912 -0.13269250094890594 -0.003595944452884647 0.9999927277325148 0.0012703013722375445 -0.023572243750095367 0.10431742207610543 -0.0008882569771188106 0.9945436573881201 0.28644487261772156
0.9824354486810143 0.006747132351689516 -0.18648073728930448 -0.23837274312973022 -0.006430837138518373 0.9999766745890551 0.0023010022842959712 -0.02754991129040718 0.18649191271642762 -0.0010613589606100042 0.9824559226797529 -0.004463136196136475
0.9868966310348849 0.005703337436872987 -0.16125294290051076 -0.2063831388950348 -0.005454810048389656 0.9999831544769301 0.0019838875230761156 -0.02703169547021389 0.1612615412903219 -0.0010782877396098513 0.9869111168672792 0.132418692111969
0.9888666110859584 0.005073883696115524 -0.1487181266141081 -0.1924436092376709 -0.004881050893754469 0.9999867071483077 0.0016615862471705946 -0.027555134147405624 0.1487245804214763 -0.0009171864164393389 0.9888782321133037 0.30891409516334534
0.999721799375101 0.00043576835355385146 -0.023582492661970652 -0.035004615783691406 -0.0004359782308388407 0.999999904954424 -3.7582662635391553e-06 -0.020878076553344727 0.023582488782825557 1.4038674141052013e-05 0.9997218943414828 0.8787864446640015
0.9999941955856436 1.2911115867113566e-05 0.003407143719481455 0.0005238363519310951 -1.1671293294529372e-05 0.9999999337170941 -0.00036390876461441906 -0.01755797304213047 -0.003407148192114292 0.0003638668865635145 0.9999941294538116 0.8330559730529785
0.9999999733397226 8.95493225234657e-05 0.00021284142667619792 -0.0039381468668580055 -8.949733143392921e-05 0.9999999661615755 -0.0002442684498223726 -0.018838688731193542 -0.0002128632935481748 0.0002442493945704019 0.9999999475157244 0.9155864715576172
0.9998919014530084 -0.00011871964530635581 -0.014702765533493185 -0.02255857363343239 0.00012064424634886087 0.9999999842706971 0.00013001373366082207 -0.021325163543224335 0.014702749867044592 -0.0001317734834321567 0.9998919000482481 0.8868300914764404
0.9999331538682977 0.0002172823705139116 -0.011560302044939302 -0.018342100083827972 -0.00021822215848961505 0.9999999729868976 -8.003307650881419e-05 -0.01885167881846428 0.011560284342883096 8.255044067227993e-05 0.9999331742728291 0.8088973164558411
0.9996907275263239 0.00037177874870290134 -0.0248658617074004 -0.03601093590259552 -0.000371638036240323 0.9999999308897424 1.0280125685621663e-05 -0.020580843091011047 0.024865863810846548 -1.0358463113594379e-06 0.9996907966045641 0.803374171257019
0.9999994997792168 7.643736893126016e-05 -0.0009972956657831214 -0.005424249451607466 -7.664595467152802e-05 0.9999999751981962 -0.0002091148124956973 -0.01894771121442318 0.0009972796568623182 0.00020919114657051574 0.9999994808360404 0.9138906002044678
0.9999030324980651 -4.778774881997204e-05 -0.01392563526394895 -0.02118842676281929 4.871362195904565e-05 0.9999999966257281 6.61477659461322e-05 -0.020156828686594963 0.013925632055907246 -6.68197198942974e-05 0.9999030314520346 0.8169911503791809
0.9999999920319093 0.00010789164291287329 -6.554063682727823e-05 -0.004021748434752226 -0.00010790648088223844 0.999999968542349 -0.00022643209301272246 -0.018555179238319397 6.551620463500039e-05 0.00022643916346796577 0.9999999722164659 0.8931262493133545
0.999999495504954 -1.982946933805221e-05 0.00100428911679564 -0.0032832706347107887 2.0106135429009858e-05 0.9999999618545897 -0.00027547515878484667 -0.01891821064054966 -0.0010042836159604048 0.0002754952121819859 0.9999994577582567 0.9242361187934875
0.9951841585043844 0.0032268455135914783 -0.09796978171840366 -0.12717895209789276 -0.003131161103479594 0.9999944589899741 0.0011304067821489498 -0.024408962577581406 0.09797288651491444 -0.0008182037524275 0.9951887479521435 0.47288811206817627
0.9998142851291054 0.0003316389784646967 -0.019268764033116684 -0.02901347354054451 -0.0003315584614801914 0.9999999450073092 7.373284732176151e-06 -0.019930550828576088 0.019268765418744116 -9.831936461090294e-07 0.9998143401043369 0.8595336675643921
0.9999658545821098 8.411329492466423e-05 -0.00826332831397113 -0.015052220784127712 -8.46400939963367e-05 0.9999999944081364 -6.340174936012187e-05 -0.020018750801682472 0.008263322934833683 6.409899336611211e-05 0.9999658561097943 0.936657726764679
0.9999992112425486 -3.976412029762667e-05 0.0012553617389256793 -0.003297712653875351 4.0140722448488096e-05 0.9999999542030134 -0.0002999711549012457 -0.01929159089922905 -0.0012553497533448052 0.0003000213094238967 0.9999991670417585 0.9507780075073242
0.9999996800133156 1.7304246945590183e-05 0.0007997961171694239 -0.0027445917949080467 -1.7110392356905755e-05 0.9999999704780782 -0.00024238621414369077 -0.018270669505000114 -0.0007998002878688113 0.00024237245175795952 0.9999996507874859 0.866840660572052
0.9999953479453982 0.00013053329236694452 -0.0030474659344843632 -0.0067954473197460175 -0.00013105318736186214 0.9999999768944425 -0.00017040004893988987 -0.01729929819703102 0.003047443621191556 0.00017079863635364892 0.9999953419467521 0.7643896341323853
0.9999993488321274 1.1511244286587375e-06 0.001141198491038156 -0.002234214451164007 -8.395300348508438e-07 0.9999999627237327 -0.00027304180650449217 -0.017964137718081474 -0.00114119876280363 0.00027304067063803095 0.999999311556851 0.8486291766166687
0.9999883209659306 0.0001311873521812828 0.004831223614946279 0.0028865081258118153 -0.0001294540790467627 0.9999999271531036 -0.00035907579834669733 -0.016412977129220963 -0.0048312703692098505 0.0003584461830844731 0.9999882651026228 0.7658629417419434
0.9999961324503434 6.474298097533683e-05 0.0027804482914651056 0.0004902902292087674 -6.384532032819383e-05 0.9999999458183794 -0.00032293499827574476 -0.016806617379188538 -0.002780469048590361 0.00032275623069677857 0.9999960824024687 0.7715263962745667
0.9999672661739903 6.147080854019574e-05 0.008090908592706246 0.0069330292753875256 -5.8079158593511036e-05 0.9999999103538937 -0.0004194270087536845 -0.0158948116004467 -0.008090933649905145 0.00041894336613963485 0.9999671801009914 0.7408676147460938
0.9999859464419159 0.00013430059682358994 0.005299894528693864 0.0030207172967493534 -0.0001320400181316944 0.9999999001692883 -0.00042688036608781147 -0.017019931226968765 -0.005299951329889559 0.0004261745687301269 0.9999858643456604 0.8178194761276245
0.9999738519830594 9.735286887659825e-05 0.007230897079978789 0.005551709793508053 -9.379125301948265e-05 0.9999998741300079 -0.0004928926548341978 -0.01662803813815117 -0.007230944154339827 0.0004922015717711232 0.9999737352472062 0.7956299185752869
0.9999650293951772 -3.738158636563831e-05 0.008362929469942165 0.007960302755236626 4.0883930713265796e-05 0.9999999115414752 -0.0004186233940087401 -0.015520655550062656 -0.008362913081363202 0.0004189506639244677 0.999964942468052 0.6824446320533752
0.9999420758955904 2.117963154203636e-05 0.01076310387575637 0.010552693158388138 -1.6004567781413693e-05 0.999999884238992 -0.00048090108753490385 -0.015494775958359241 -0.010763112815116459 0.00048070097294458094 0.9999419604802587 0.7089252471923828
0.999963231373467 -5.660423202261779e-05 0.008575120820998327 0.008442748337984085 6.01991054317102e-05 0.9999999104227049 -0.0004189637809328167 -0.015582159161567688 -0.008575096337739133 0.00041946459081241774 0.9999631452069898 0.6785081028938293
0.9999687279107844 4.827469180603138e-05 0.007908278576412008 0.007361558731645346 -4.5006675872580425e-05 0.9999999135302622 -0.000413417304454332 -0.015673546120524406 -0.007908297850178192 0.00041304845070090504 0.9999686436164339 0.7050179243087769
0.9999739492175994 0.00012019014222718932 0.0072170936316437685 0.005526495166122913 -0.00011669661311753346 0.9999998758293863 -0.0004844823140878351 -0.01660766825079918 -0.00721715096549106 0.0004836274825611289 0.9999738390760029 0.7939029335975647
0.9999601018484134 0.0002170087758905845 0.008930152210444232 0.0070451777428388596 -0.00021195547653655615 0.9999998168995746 -0.0005668118674888576 -0.01652911677956581 -0.008930273578479087 0.0005648964580757389 0.999959964751492 0.8267227411270142
0.9999899424202299 7.378295580706844e-05 0.004484374478163417 0.0020539332181215286 -7.200561043094409e-05 0.9999999188006624 -0.0003965020307350035 -0.017114004120230675 -0.004484403369126992 0.0003961751427624993 0.999989866534496 0.8138154149055481
0.9999984473441843 4.3547228722193456e-05 0.0017616506063547405 -0.001577779883518815 -4.3012556117505196e-05 0.9999999530056733 -0.0003035433587012234 -0.017977843061089516 -0.0017616637420392255 0.00030346711430729705 0.9999984022230085 0.8568971157073975
0.999981487045802 0.00016304511396252045 0.006082678847087653 0.00336301326751709 -0.00016020313639046322 0.9999998777916279 -0.00046770897353355596 -0.017296675592660904 -0.006082754361396265 0.0004667258506297917 0.9999813909600312 0.8532348275184631
0.999994510047085 6.930273476453565e-05 0.0033128647454757675 7.914751768112183e-05 -6.803304402577728e-05 0.9999999241987739 -0.00038337181904844015 -0.017730237916111946 -0.0033128910630720494 0.00038314433008212415 0.9999944389611508 0.8590531349182129
0.9999939812993113 0.0001488783931831365 0.003466294906144383 9.34868585318327e-05 -0.00014749592109674473 0.9999999094880488 -0.00039908501220357304 -0.01764165796339512 -0.0034663540075386286 0.00039857134587036063 0.9999939127468609 0.8689560890197754
0.9999892351032791 0.00012816303147030877 0.0046382380055405995 0.0014720283215865493 -0.00012615290879073026 0.9999998980076058 -0.00043367063711596067 -0.017586635425686836 -0.004638293113019114 0.0004330808414802786 0.9999891492801222 0.8685280680656433
0.9999984810829116 5.493069066544278e-05 0.001742071895326277 -0.002079610712826252 -5.438193240743527e-05 0.9999999488933571 -0.00031504902513105265 -0.01822483167052269 -0.0017420891121553749 0.00031495380936164425 0.9999984329635836 0.8880326747894287
0.9999985236381757 9.293111158626725e-05 0.0017158336974582291 -0.002866385504603386 -9.234093394659435e-05 0.9999999365562874 -0.000344035714697941 -0.018903739750385284 -0.0017158655602207617 0.00034387676509062525 0.9999984687759025 0.951240599155426
0.9999994888118112 8.318949226566704e-05 0.0010076981816039949 -0.004128704313188791 -8.286455074800125e-05 0.9999999445646943 -0.00032249662780297516 -0.019529949873685837 -0.0010077249540726622 0.00032241296048939977 0.9999994402699935 0.994902491569519
0.9999997868341786 9.110343140089111e-05 0.000646553757906226 -0.004603551235049963 -9.090418749923354e-05 0.9999999483790218 -0.00030818562886464817 -0.019686881452798843 -0.0006465818012987868 0.00030812678872596847 0.9999997434948951 1.002334713935852
0.9999996857296861 -2.6870730767934458e-05 0.0007923499816182529 -0.005001609679311514 2.7115961948503845e-05 0.9999999517405034 -0.00030948944441776423 -0.020424872636795044 -0.0007923416271723049 0.0003095108324863708 0.9999996381988301 1.0449442863464355
0.9999999428354197 5.291727585355822e-05 0.0003339594569409537 -0.00509034376591444 -5.2819575397629015e-05 0.999999955811157 -0.00029255388627050726 -0.019991111010313034 -0.00033397492333837354 0.0002925362299500715 0.9999999014416474 1.015235185623169
0.9999999896689761 2.117172879946568e-05 0.00014217526179056394 -0.005490471143275499 -2.1131716286765007e-05 0.9999999601762837 -0.00028142651099848364 -0.02028542198240757 -0.0001421812144143845 0.00028142350368376456 0.9999999502926553 1.032085657119751
0.9999997320639985 -2.570768478982252e-05 0.0007315811957833768 -0.003920670133084059 2.590386885279757e-05 0.9999999637106123 -0.0002681562298796907 -0.019409915432333946 -0.0007315742755589111 0.0002681751088143335 0.9999996964405491 0.9557729959487915
0.9999988401914299 7.340829473907166e-05 0.0015212583664258514 -0.0010684391018003225 -7.29830193306039e-05 0.9999999582462417 -0.00027960864447122577 -0.017029378563165665 -0.001521278828501382 0.00027949729414995995 0.999998803795279 0.7713730335235596
0.9999999907590679 4.792626365271006e-05 0.00012722003817636522 -0.003207514528185129 -4.789764344688184e-05 0.9999999735494761 -0.00022495969331996218 -0.017913617193698883 -0.0001272308162889018 0.000224953597701097 0.999999966604099 0.8323919773101807
0.999999972392462 2.71192135365241e-05 -0.0002334087051994016 -0.0040148235857486725 -2.716573542278716e-05 0.9999999797679228 -0.00019931426688761351 -0.018612198531627655 0.00023340329523089404 0.0001993206021041681 0.9999999528970986 0.8793803453445435
0.9999995231177179 6.048275298315476e-05 0.000974733898868507 -0.0031922771595418453 -6.021184196158861e-05 0.9999999595563128 -0.0002779602614577417 -0.018797000870108604 -0.0009747506712485068 0.00027790143837994454 0.9999994863158279 0.9197547435760498
0.9999999047448963 4.3297560761973845e-05 0.00043432190743602627 -0.0038458704948425293 -4.318610102974542e-05 0.9999999661366135 -0.0002566354075504349 -0.018955232575535774 -0.0004343330044155678 0.00025661662643482864 0.9999998727513659 0.9257916212081909
0.9999999741457128 4.677543880492703e-05 0.00022253231732580778 -0.004730705171823502 -4.671615369005835e-05 0.9999999634219229 -0.0002664089982001295 -0.019592998549342155 -0.00022254477058379586 0.0002663985954583775 0.9999999397528051 0.9788675308227539
0.9999999864842635 3.983111689459933e-05 0.0001595147498488394 -0.004782857373356819 -3.979035845516585e-05 0.9999999665656325 -0.00025551019915029735 -0.019584592431783676 -0.00015952492177217473 0.00025550384854781336 0.9999999546347906 0.9764356017112732
0.9999994910860687 7.551560575756242e-05 0.001006044231816055 -0.0035798614844679832 -7.52134702323804e-05 0.9999999520649719 -0.00030035476867325305 -0.01907176710665226 -0.0010060668650635955 0.0003002789477406448 0.9999994488308561 0.9518041610717773
0.9999999851899084 4.3687281870216055e-05 0.0001664680289687053 -0.005410770419985056 -4.3640583154064096e-05 0.9999999597020299 -0.0002805199427993183 -0.0202011801302433 -0.00016648027741419293 0.0002805126738829315 0.9999999467984773 1.0300843715667725
0.9999999551605009 3.889868460906172e-05 -0.00029692741376063545 -0.0054671200923621655 -3.8971521661512845e-05 0.9999999691543913 -0.0002453007080711252 -0.019720522686839104 0.00029691786272685095 0.0002453122687851015 0.9999999258308342 0.9889609217643738
0.9999998144408657 5.7574842240241805e-05 0.000606467947398997 -0.004431968089193106 -5.740069325007663e-05 0.9999999571203295 -0.0002871663265054263 -0.019518572837114334 -0.0006064844549497966 0.0002871314615384768 0.9999997748660393 0.9835695624351501
0.9999958824501434 1.791094865156099e-05 0.0028696274945254475 -0.0015111826360225677 -1.6789402876158905e-05 0.9999999234745204 -0.0003908568405137317 -0.018713783472776413 -0.0028696342755426267 0.000390807051809094 0.9999958062256927 0.9384782314300537
0.9999893047623439 0.00013882119119468418 0.004622887582544618 0.0019917823374271393 -0.00013697418894918344 0.9999999106796071 -0.00039984853285649 -0.01719820126891136 -0.004622942677076112 0.00039921104010418236 0.9999892344578265 0.8316076397895813
0.9999929497289464 9.368541131638503e-05 0.0037538933714629952 0.00106189982034266 -9.230648199459031e-05 0.9999999282099091 -0.00036750467989210225 -0.017347272485494614 -0.0037539275317977454 0.00036715558019359307 0.9999928865871326 0.8271254897117615
0.9999881001223828 8.94031169748135e-05 0.0048776654979786685 0.003148471936583519 -8.755549633559591e-05 0.9999999243449179 -0.0003790042133628537 -0.016506342217326164 -0.004877699013116505 0.0003785726368354637 0.9999880322959352 0.760922908782959
0.9999859536704745 0.0001568238365309033 0.005297911667413988 0.0032760987523943186 -0.00015468997451888481 0.9999999067578219 -0.00040318154583755854 -0.01672974042594433 -0.0052979744019020026 0.00040235634879587156 0.9999858846886815 0.7940785884857178
0.9999965250783621 8.162721768341511e-05 0.0026349892216459454 -0.0013686423189938068 -8.064765474277112e-05 0.9999999276094308 -0.000371856274718151 -0.018306586891412735 -0.0026350193844906587 0.0003716424768457376 0.999996459271088 0.9098424911499023
0.9999987160207197 0.00012236196533707902 0.0015978061403145896 -0.003337564878165722 -0.00012179935608728142 0.9999999305578721 -0.00035220614464601563 -0.01936550810933113 -0.0015978491259955934 0.00035201108066158077 0.9999986614822892 0.9873332977294922
0.999999448774081 2.403859708644358e-05 0.001049701710191441 -0.003954472951591015 -2.3711316880151927e-05 0.9999999511107188 -0.00031179533973958273 -0.019635502249002457 -0.001049709153994824 0.00031177027806003003 0.9999994004548134 0.9871314764022827
0.9999994831888093 -3.1985053802012114e-05 0.0010161688200069643 -0.0026418855413794518 3.22467468482986e-05 0.9999999663234037 -0.0002575137642510975 -0.018540257588028908 -0.001016160549194253 0.00025754639930379624 0.9999994505436443 0.8790078163146973
0.9999995791172501 5.923956703120796e-05 0.0009155632126790795 -0.0026723509654402733 -5.900024403838395e-05 0.9999999640895159 -0.0002614190854032601 -0.018268048763275146 -0.0009155786661541943 0.00026136495692349594 0.9999995467019299 0.8726296424865723
0.9999990242713016 1.58334737707453e-05 0.0013968556639878925 -0.0017171669751405716 -1.5455227617321814e-05 0.9999999632157717 -0.0002707943711454056 -0.017853129655122757 -0.0013968599002212076 0.0002707725182013309 0.9999989877318191 0.8362603783607483
0.9999987368992356 5.417786301997221e-05 -0.0015884787353138557 -0.004653623327612877 -5.447887460624446e-05 0.9999999805695958 -0.0001894541110129528 -0.016942355781793594 0.001588468440230197 0.00018954041024715618 0.9999987204204049 0.7380569577217102
0.9999991632205725 4.4747651860849746e-05 0.001292886616217076 -0.0016359409783035517 -4.440836355223775e-05 0.9999999645727712 -0.00026245447905135497 -0.017647501081228256 -0.001292898314635344 0.00026239684445596146 0.9999991297805433 0.8190569281578064
0.9999991650861454 0.00010692149169576996 0.0012877867861033855 -0.003150181844830513 -0.00010650923693386648 0.9999999430667855 -0.0003201908926278766 -0.018924394622445107 -0.0012878209480734117 0.0003200534641081429 0.9999991195411051 0.9446313381195068
0.9999999673476431 7.670512652110921e-05 -0.0002437643043506351 -0.0066801076754927635 -7.677269294269029e-05 0.9999999586380338 -0.0002771820411792175 -0.021241463720798492 0.0002437430329845262 0.0002772007465706589 0.9999999318745375 1.1086326837539673
0.9999999983949589 -5.150708428847906e-05 2.360301261817409e-05 -0.005979305133223534 5.1513246306480006e-05 0.9999999645753762 -0.00026114293284765824 -0.02076898328959942 -2.358956107099273e-05 0.00026114414829631576 0.9999999656236325 1.0608718395233154
0.9999999993135928 -3.703000238239676e-05 -1.262329951123433e-06 -0.003848718013614416 3.7029742389603935e-05 0.9999999782312818 -0.0002053441846899916 -0.0187220461666584 1.2699338192924094e-06 0.00020534413780528893 0.999999978916086 0.8871168494224548
0.9999999848107417 -1.6701141461069426e-05 -0.00017349233001307017 -0.003120137844234705 1.666916517022082e-05 0.9999999828761018 -0.00018430934698848174 -0.017826322466135025 0.00017349540521868182 0.00018430645221665466 0.9999999679652377 0.8035316467285156
0.9999991132550982 2.3819992613740223e-05 -0.0013315110306777822 -0.003718945197761059 -2.4082221550696514e-05 0.9999999803202594 -0.00019692518116572451 -0.016597308218479156 0.0013315063137176299 0.00019695707228696208 0.9999990941490136 0.6952534317970276
0.9999997296669964 -1.3668368451359489e-05 -0.0007351728434988801 -0.0029281857423484325 1.3527557433827156e-05 0.9999999815648687 -0.00019153920570464064 -0.016639821231365204 0.0007351754479743086 0.00019152920883240763 0.9999997114167697 0.6975700855255127
0.9999999539039879 3.1326063023411805e-05 0.00030201109200894677 -0.0039627281948924065 -3.125068274119788e-05 0.999999968362639 -0.0002495959044761965 -0.018949132412672043 -0.0003020189013111469 0.000249586454918 0.9999999232455893 0.922416090965271
0.9999999531701791 -8.242214385823328e-06 -0.00030592761424245285 -0.004775844980031252 8.173742058499517e-06 0.9999999749190558 -0.00022381929642317953 -0.019190287217497826 0.00030592945133612427 0.00022381678536835463 0.999999928156606 0.9325045943260193
0.999999428356435 7.328048878632916e-05 -0.0010667318186480168 -0.005866224877536297 -7.350490292563673e-05 0.9999999751775357 -0.00021033772104924256 -0.019412145018577576 0.0010667163785180957 0.0002104160108298153 0.9999994089204602 0.9520019292831421
0.9999999212580757 5.816490921462412e-05 -0.0003925566021516952 -0.0059348540380597115 -5.826595197136082e-05 0.9999999651776998 -0.0002573901283168476 -0.020121054723858833 0.00039254161740852507 0.00025741298073358066 0.999999889824812 1.0213119983673096
0.999999999045025 3.668630280864064e-05 2.3750052655640015e-05 -0.006003085523843765 -3.6679605254586703e-05 0.9999999595820253 -0.00028194069264078777 -0.020717356353998184 -2.376039505733529e-05 0.00028193982122898525 0.9999999599726895 1.0683388710021973
0.9999999991735014 3.98343825885831e-05 8.137521391500184e-06 -0.005447399336844683 -3.9832171379002794e-05 0.9999999623370542 -0.0002715497895544407 -0.020048025995492935 -8.148338103226117e-06 0.00027154946519485854 0.9999999630972456 1.01759672164917
0.9999999944392021 3.915368454077421e-05 -9.792131884129713e-05 -0.005438015330582857 -3.9179327221241164e-05 0.9999999649413865 -0.00026188204546226244 -0.019879937171936035 9.791106176131657e-05 0.0002618858804973821 0.9999999609146039 1.004490613937378
0.9999994450218787 -5.6972059507146446e-05 0.001052002908358654 -0.0026992568746209145 5.724640900417568e-05 0.9999999643636642 -0.00026075950419961105 -0.018544252961874008 -0.0010519880148631346 0.0002608195828725568 0.9999994126470085 0.8816998600959778
0.999997506400286 5.955692848314189e-05 0.002232408157575325 0.00022504571825265884 -5.8970038994073933e-05 0.9999999636872473 -0.0002629601455595401 -0.016926219686865807 -0.002232423737609023 0.00026282784464609345 0.9999974735996984 0.7587883472442627
0.999999337111554 6.832328997262155e-05 -0.0011493947889790017 -0.004032981116324663 -6.856596855149833e-05 0.999999975368195 -0.0002110978860709222 -0.016786159947514534 0.0011493803377652509 0.0002111765555035269 0.9999993171644177 0.7263439893722534
0.9999995007057982 8.9488304765321e-05 -0.0009952788538568666 -0.004194863606244326 -8.970772796784452e-05 0.9999999716834228 -0.0002204215885100416 -0.017104892060160637 0.000995259100519687 0.00022051076265949455 0.9999994804170279 0.7592750191688538
0.9999990571543144 7.497361049306912e-05 0.0013711562419256216 -0.0019292300567030907 -7.458717234194246e-05 0.9999999574894343 -0.0002818827470798769 -0.0179400946944952 -0.0013711773174042785 0.0002817802106410208 0.9999990202358584 0.8492004871368408
0.9999994781543945 -7.0353029150885004e-06 0.0010215877071825105 -0.0027016587555408478 7.307122519881436e-06 0.9999999645761072 -0.00026607215309063577 -0.01843314804136753 -0.0010215857990957026 0.0002660794791085931 0.9999994427819279 0.8808761835098267
0.9999999746925253 8.051871991175967e-05 -0.00021007542431071132 -0.0038941437378525734 -8.056593981958538e-05 0.9999999714921706 -0.0002247771935917511 -0.018103525042533875 0.00021005731955002366 0.0002247941128272006 0.9999999526717632 0.8543086051940918
0.9999999754235844 -0.00014255461456456678 0.00016979697448044607 -0.002447834238409996 0.00014258736163852206 0.9999999712362214 -0.00019286368428289544 -0.017902394756674767 -0.000169769475988267 0.00019288789044560274 0.9999999669862929 0.7947274446487427
0.9999570737979195 0.00034085005804591185 -0.009259286297582891 -0.01308926660567522 -0.0003419251116206161 0.9999999349858862 -0.00011452266991763021 -0.01666976697742939 0.009259246660539906 0.00011768373639518678 0.9999571253317904 0.6203253865242004
0.9999990341894108 7.826124805658767e-05 -0.00138762221901374 -0.0037474785931408405 -7.858531067421328e-05 0.9999999696545312 -0.00023348508660010788 -0.016204698011279106 0.0013876039040714133 0.00023359390782091844 0.9999990099941558 0.6674726009368896
0.999985830788363 0.0001836111615838943 -0.0053201982527493604 -0.009084777906537056 -0.0001844878698695586 0.999999969485137 -0.00016429835869544417 -0.01684844307601452 0.0053201679233917535 0.0001652775427601617 0.9999858341479646 0.6967814564704895
0.9999965751358563 8.962171080100952e-05 -0.0026156613898654737 -0.0053088548593223095 -9.015183770466345e-05 0.9999999754216671 -0.00020255693288990888 -0.016414429992437363 0.002615643172078017 0.00020279204584104188 0.9999965586371696 0.6785042881965637
0.9999999800128634 0.00011414378965165932 0.00016415074697769783 -0.0031175827607512474 -0.0001141095381340131 0.9999999717214374 -0.00020865315070113652 -0.017792314291000366 -0.00016417455879709446 0.00020863441536483554 0.9999999647591967 0.8322930335998535
0.9999999559034183 3.836008484973362e-05 -0.00029448542556775897 -0.005728801712393761 -3.843519851469498e-05 0.9999999667320121 -0.0002550660906851314 -0.0200214646756649 0.0002944756314139404 0.00025507739804338003 0.9999999241098091 1.0116641521453857
0.9999995230998499 -0.00020387502617446644 0.0009551099657589159 -0.0016441610641777515 0.00020408521262295297 0.999999954980576 -0.00021997288907700077 -0.018183179199695587 -0.0009550650757818971 0.00022016770799233716 0.9999995196883253 0.8100984692573547
0.9999995301016994 0.00010622676371791867 0.0009635934072723441 -0.0023812176659703255 -0.00010596746844472645 0.99999995816753 -0.0002691390595248873 -0.017766201868653297 -0.0009636219567341355 0.000269036823502922 0.9999994995258306 0.8412385582923889
0.9999863612079432 0.0001385724622487954 0.005220938207761137 0.0011786334216594696 -0.00013604995692790954 0.9999998738572402 -0.0004835037875553384 -0.01833089254796505 -0.005221004549487931 0.00048278688472943215 0.9999862539196815 0.9410413503646851
0.9999856423015713 0.000136642055274909 0.005356913258820041 0.0013583620311692357 -0.0001339406798852617 0.9999998637022687 -0.0005046338656097143 -0.018250681459903717 -0.0053569814828934754 0.0005039091116248824 0.9999855243077267 0.9373512268066406
0.9999980321409674 5.296329438405797e-05 0.0019831563432480465 -0.0026907999999821186 -5.226510707820923e-05 0.9999999366438735 -0.0003521088002164028 -0.01896495185792446 -0.0019831748664449838 0.00035200445743728727 0.999997971553098 0.957646369934082
0.999998900439571 7.234961451939306e-05 0.001481176958401856 -0.0035449941642582417 -7.184657196343853e-05 0.9999999397298446 -0.0003396739277002739 -0.019344516098499298 -0.001481201444408822 0.0003395671367213319 0.9999988453675537 0.9854331016540527
0.9999977199872316 5.12053870874073e-05 0.0021348063956197773 -0.0018935794942080975 -5.0467827588060774e-05 0.9999999390258614 -0.0003455448915400566 -0.018395492807030678 -0.0021348239592117236 0.0003454363646521838 0.9999976615974566 0.9066064357757568
0.999996335609269 7.493640017847256e-05 0.0027061324007462725 -0.001793437171727419 -7.388311188867845e-05 0.9999999214853675 -0.0003893206195269783 -0.018708351999521255 -0.0027061613625610236 0.0003891192554211588 0.9999962626314586 0.94765704870224
0.999983747882944 -6.803460948906283e-06 0.00570122124584102 0.003182935994118452 9.389020017512993e-06 0.9999998971324815 -0.0004534830460921888 -0.017301375046372414 -0.005701217574116342 0.00045352920491304214 0.9999836450809749 0.8310837149620056
0.9999865342106031 0.0001626768785701492 0.005186996597219695 0.002772756852209568 -0.00016046659351257188 0.999999896159722 -0.0004265337239095937 -0.016992783173918724 -0.005187065445775336 0.0004256956406217797 0.9999864564759279 0.8209812045097351
0.9999976583496278 6.936031147734766e-05 0.0021629804456603993 -0.0016716052778065205 -6.862528418711988e-05 0.9999999398813585 -0.00033989388035261456 -0.01824035309255123 -0.002163003890770364 0.00033974464929220844 0.9999976029909982 0.8944893479347229
0.9999996272919303 -3.595718480489681e-05 0.0008626256904316373 -0.002607160247862339 3.617504477402592e-05 0.9999999674574087 -0.0002525401909012952 -0.018179720267653465 -0.000862616581725247 0.0002525713023005027 0.9999995960501037 0.8554683923721313
0.9999967557362108 7.653222033766786e-05 -0.0025461068070357475 -0.006684432737529278 -7.693704096234484e-05 0.9999999844160005 -0.0001588983667853474 -0.018246512860059738 0.0025460946065124015 0.00015909374120083727 0.9999967460404242 0.8372413516044617
0.9999930854016212 -7.537407052257853e-05 -0.0037179924280751966 -0.007412969134747982 7.493993498165529e-05 0.9999999903585792 -0.00011690529288895126 -0.018207790330052376 0.0037180012038562577 0.00011662585842498035 0.9999930814087951 0.7826117873191833
0.999938184833154 0.00043868837234098743 -0.01111008843748126 -0.01476921234279871 -0.00044008297296958544 0.9999998955889962 -0.00012308116517577652 -0.016578398644924164 0.011110033283189758 0.0001279629176425374 0.9999382734878877 0.5752624869346619
0.998575867056624 0.0022150745338594003 -0.05330413845960782 -0.06631139665842056 -0.002198143614118739 0.9999975132959453 0.0003762533420584574 -0.019044367596507072 0.05330483933718685 -0.00025854735571788866 0.998578252945908 0.31730830669403076
0.9998665524818519 0.0006755951335345789 -0.016322401761740445 -0.02054087072610855 -0.0006773444232752759 0.9999997654365864 -0.00010164302426797515 -0.01679549738764763 0.016322329263569618 0.00011268534806642296 0.9998667755603363 0.5057632327079773
0.9999720503319205 0.0004527567091180787 -0.0074628122271312445 -0.009629383683204651 -0.0004545846276708106 0.999999867092938 -0.00024324251804686825 -0.016075756400823593 0.007462701105588808 0.00024662819921687367 0.9999721232448132 0.5022241473197937
0.9999999344658019 0.0001958044267391162 0.0003045143968863939 -0.00043665245175361633 -0.00019571277166678105 0.9999999355512668 -0.0003009883270039143 -0.015492597594857216 -0.000304573312107651 0.0003009287099222586 0.9999999083385002 0.5327425003051758
