0.9999953256879482 -8.33506327812425e-05 0.0030564121001950763 0.0027313821483403444 8.545607498963897e-05 0.9999997591695585 -0.0006887365853808058 -0.02125762589275837 -0.0030563539574877904 0.0006889945549927179 0.9999950919814505 0.45741212368011475
0.9999978942715455 0.0002466505639992797 0.0020373060579994234 0.0012104709167033434 -0.00024555117175059687 0.9999998241263262 -0.0005398628885987942 -0.02173284813761711 -0.0020374388571768776 0.0005393614889043918 0.9999977789635771 0.5141350030899048
0.9999954113807096 -0.0001268970204070412 0.003026733333454933 0.002011069329455495 0.00013038925338092658 0.9999993260718893 -0.0011536266337429796 -0.021261461079120636 -0.0030265849018717714 0.0011540159936890863 0.9999947540016989 0.4817022383213043
0.9999970287861909 -0.0013910023889085975 0.0020018819006061644 0.003811175934970379 0.001392693202969526 0.999998674484265 -0.0008434662737567892 -0.019909517839550972 -0.002000705983478446 0.0008462517749542711 0.9999976405139668 0.42015549540519714
0.999996454174623 -9.564586354660886e-05 0.0026612948070377745 0.002666803076863289 9.533821616452691e-05 0.9999999887589127 0.0001157272613204115 -0.021957486867904663 -0.002661305845955772 -0.00011547312787216061 0.9999964520522815 0.4469493329524994
0.9999963735070696 -0.0006390833423023174 0.0026162081703710325 0.0028232510667294264 0.0006419824117234772 0.9999991807294352 -0.0011074290232195995 -0.020504608750343323 -0.002615498287547165 0.0011091045667668614 0.9999959645197413 0.4476716220378876
0.9999971225179795 -0.0010683415933506013 0.0021479297011836227 0.003553553018718958 0.0010691838093450099 0.999999351983878 -0.00039099591543151406 -0.020636579021811485 -0.002147510592091262 0.000393291322007914 0.9999976167572565 0.428229957818985
0.9999976196630853 -0.0010467979630540687 0.0019143882020431781 0.003212534822523594 0.0010490345944266623 0.9999987680051593 -0.0011676962719095784 -0.01986498199403286 -0.0019131635014478891 0.0011697017518501425 0.9999974857984537 0.43732520937919617
0.9999972001859113 -0.0010391648269135675 0.0021259719662185266 0.003212918993085623 0.0010412440772712113 0.9999989804933469 -0.0009771504687129098 -0.02017754130065441 -0.0021249543783782737 0.0009793613885915305 0.9999972627063338 0.43918704986572266
0.9999974916389007 -0.0007288141179930727 0.0021179107365681526 0.002923092804849148 0.000730445996918751 0.9999994368956429 -0.0007698422193193468 -0.020698433741927147 -0.002117348472085322 0.0007713873076964287 0.999997460895311 0.4495375156402588
0.9999977597903551 0.0001493359710388943 0.0021114244099327125 0.0005679464084096253 -0.00014773372650711886 0.9999997010613088 -0.0007589809213419816 -0.02149108797311783 -0.0021115371218991515 0.0007586672924692839 0.9999974829142931 0.521961510181427
0.9999994362881944 -0.00023335994967603875 0.0010358409276965581 -0.0008301682537421584 0.00023430201720169074 0.9999995590078334 -0.0009094430733138252 -0.02218494936823845 -0.0010356282433090012 0.0009096852602688876 0.9999990499729833 0.6242240071296692
0.9999973090929964 -7.483796981657129e-05 0.0023186647114836452 0.00040635629557073116 7.718010585563887e-05 0.9999994869212178 -0.0010100497673318437 -0.021676169708371162 -0.002318587931751978 0.001010226004169727 0.9999968017915973 0.5487793684005737
0.9999967230276775 0.00018806422860700103 0.0025531482041345013 0.0009363624267280102 -0.00018563065204716216 0.999999528312872 -0.0009533704917443655 -0.021490123122930527 -0.0025533262947334645 0.0009528934250097444 0.9999962862525806 0.5154047608375549
0.9999969372490555 -9.589949974277154e-06 0.002474954654453946 0.0011614995310083032 1.2473253637056777e-05 0.9999993213331103 -0.001164979715286108 -0.02161509543657303 -0.0024749418026869777 0.0011650070179805296 0.9999962587038621 0.5045087933540344
0.9999979157969948 0.0002025860799718343 0.002031590644524948 0.00010756507981568575 -0.00020115672070794325 0.9999997321385753 -0.0007037462267262726 -0.021802064031362534 -0.0020317326695295504 0.0007033360918643984 0.9999976886876798 0.5470438003540039
0.9999995992160609 -0.0008413321222440462 -0.0003061502532534542 -0.002346508204936981 0.0008407943354641022 0.9999981108678984 -0.0017525197630501516 -0.022273806855082512 0.0003076241260667045 0.0017522616512696415 0.999998417471999 0.717825174331665
0.9999998704675177 -0.00040991123760823186 0.0003017245842367344 -0.0016417141305282712 0.00041027062641526814 0.9999992053842464 -0.0011920188290273678 -0.022521084174513817 -0.00030123572256816764 0.0011921424633563897 0.9999992440264074 0.6559288501739502
0.9999999301830951 -0.00036035948567250567 9.886782191590133e-05 -0.0018084965413436294 0.0003604935117947826 0.9999990116396604 -0.0013589570009303394 -0.022721383720636368 -9.837801115296099e-05 0.0013589925472604935 0.9999990717300808 0.6609784364700317
0.9999987996687231 -0.0011858587254659472 -0.0009971961674393318 -0.00282812537625432 0.0011836682073356317 0.9999968917517091 -0.0021944057271589294 -0.022767934948205948 0.0009997953230848125 0.002193222743745226 0.9999970950874348 0.7406461238861084
0.9999996235731352 -0.0008008813109274521 0.0003338303669730919 -0.001583464560098946 0.0008014433546951577 0.9999982560251617 -0.0016869010595321496 -0.022388825193047523 -0.0003324787772493686 0.0016871679706664782 0.9999985214599578 0.6509785652160645
0.9999999173017979 -0.00023889881092620602 -0.00032912574422534595 -0.002280900254845619 0.00023853027271738135 0.99999934509767 -0.0011193335250287246 -0.022520089522004128 0.00032939293612828835 0.001119254926008326 0.9999993193841206 0.6812732219696045
0.999999091480556 -0.0010725475523884918 -0.000816504629796847 -0.002768557984381914 0.0010707596775784557 0.9999970353223352 -0.0021869659927029376 -0.02295510843396187 0.0008188478341464382 0.0021860897255676676 0.999997275246256 0.7235094308853149
0.9999977782395248 -0.0012343514919999454 -0.0017087692671061492 -0.003480460960417986 0.0012302868712219177 0.9999964164757253 -0.002377694244885851 -0.022651948034763336 0.0017116980541286954 0.0023755866858234873 0.9999957133296471 0.7719875574111938
0.99999234562057 -0.0021475842005542183 -0.003270563005319904 -0.005075596272945404 0.002136255178318432 0.9999917202591161 -0.0034634992459548312 -0.021463967859745026 0.0032779740821649193 0.0034564859778613167 0.9999886537309318 0.9053524732589722
0.9999987757857313 -0.0011907060469552942 -0.0010152074411455758 -0.0029887212440371513 0.001188426096572876 0.9999967772807381 -0.0022434508130873857 -0.023012323305010796 0.0010178754598661902 0.0022422415676063966 0.9999969681365543 0.7356898784637451
0.999999862982077 -0.00014272961005212497 0.0005036507575532532 -0.0015828494215384126 0.000143234841577903 0.9999994864913166 -0.0010032451760548932 -0.02259053662419319 -0.0005035073061314507 0.0010033171789287916 0.9999993699173171 0.6390978693962097
0.9999997684301326 -1.4059744875258325e-05 -0.0006803984162133196 -0.00232898723334074 1.348828830171059e-05 0.9999996472076467 -0.0008398825206542243 -0.022112209349870682 0.0006804099847079267 0.0008398731487527424 0.9999994158275028 0.690696120262146
0.9999951926300981 -0.0022842678595736657 -0.0020968636195393226 -0.004357423633337021 0.00227607890788347 0.9999898068348176 -0.0038994475595006176 -0.022381475195288658 0.0021057496285923436 0.003894656186356644 0.9999901986878131 0.8129236102104187
0.9999998222179105 -0.00026938771364330076 0.0005319721860575604 -0.0015531525714322925 0.0002700883299692965 0.9999990957748174 -0.0013173844698091475 -0.02256426401436329 -0.0005316168178446024 0.0013175279150811064 0.9999989907513666 0.6476470232009888
0.9999994650791967 0.00030347327097805874 0.0009888100396215939 -0.0010439049219712615 -0.0003029071660115932 0.9999997901820291 -0.0005726108160075674 -0.022621601819992065 -0.000988983604228809 0.000572310992059304 0.9999993471855664 0.6065704822540283
0.9999997958589196 1.7847158530708347e-05 0.0006387202815480562 -0.0013892605202272534 -1.731354213427733e-05 0.9999996508684569 -0.0008354419223026838 -0.022711165249347687 -0.0006387349688150892 0.0008354306932441605 0.9999994470364453 0.6272011399269104
0.9999997735608235 0.00021428301004557037 0.0006379350228652486 -0.001373888342641294 -0.0002138156012276692 0.9999997087399218 -0.0007326683835984866 -0.022671451792120934 -0.0006380918354468466 0.000732531817233203 0.9999995281178619 0.6308058500289917
0.9999985745147415 -0.000869008031273947 -0.0014476855757787463 -0.002965849358588457 0.0008660514616776416 0.9999975408072932 -0.0020416498797360878 -0.021817011758685112 0.0014494562257834768 0.002040393199185329 0.999996867931216 0.7626180648803711
0.9999981246239025 -0.0016094396971235013 -0.001077243027115109 -0.0031552566215395927 0.0016060816303772416 0.9999938713258547 -0.0031109182770711016 -0.022733671590685844 0.0010822432604132457 0.0031091823026920215 0.9999945808527835 0.7601026296615601
0.9999989359622758 -0.0008756966212898913 -0.0011667175080132771 -0.0029776860028505325 0.000873217164187566 0.9999973631106025 -0.0021239735464440223 -0.022379977628588676 0.0011685743879665807 0.0021229524887022887 0.9999970637490044 0.7490999698638916
0.9999977694768742 -0.0014665115121967405 -0.0015199951515652457 -0.00318525405600667 0.0014620292752909416 0.9999945924176574 -0.002945777629315744 -0.022714557126164436 0.0015243069488720664 0.0029435487812807305 0.9999945059893568 0.7661514282226562
0.9999972188856571 -0.0015648096638978262 -0.0017645372387977256 -0.0030928603373467922 0.0015589557370570683 0.9999932933363292 -0.0033140518058877274 -0.022017884999513626 0.0017697112649324416 0.003311291753679042 0.9999929517096412 0.7812983989715576
0.9999990423671623 0.0001044775270562777 0.0013799815957512534 0.00016555539332330227 -0.00010301933886133343 0.9999994363848226 -0.001056701023416392 -0.022010505199432373 -0.0013800912194824458 0.0010565578466931573 0.9999984895157304 0.5871411561965942
0.9999997365719112 -9.761549335374178e-06 0.0007257829017424456 -0.001096035004593432 1.0382580745535064e-05 0.9999996338585807 -0.0008556721957958075 -0.021789317950606346 -0.0007257742833169096 0.0008556795058872974 0.9999993705319383 0.6650899648666382
0.9999778095134043 -0.003621758783206856 -0.005591363348051761 -0.006207950413227081 0.003594097055890134 0.9999812929233616 -0.004949370634226999 -0.02054530754685402 0.005609184176554954 0.004929164902736639 0.9999721198044649 0.98545241355896
0.9999465708230808 -0.004695388153922157 -0.009209170931495026 -0.012063579633831978 0.00464292084982489 0.9999729168454758 -0.005710416931669845 -0.023924648761749268 0.009235734142110569 0.0056673543770658814 0.9999412894311451 1.1594518423080444
0.9999834958116061 -0.0026608489000904275 -0.005091953213723725 -0.007775019854307175 0.002640973189190305 0.999988883728578 -0.0039061080229463936 -0.024575503543019295 0.005102290173426223 0.0038925958438856393 0.9999794069542546 0.8913971781730652
0.9999915114007971 -0.0024942705315230173 0.0032795946190136405 0.004263296723365784 0.002506316270697517 0.9999901101128338 -0.003673969960941405 -0.019826246425509453 -0.0032703983091856305 0.003682158475437849 0.9999878730283988 0.47446373105049133
0.9999164655377167 0.003253638026394524 -0.012509028185800177 -0.00013984041288495064 -0.0031856638110236437 0.9999800737617317 0.005450103261833478 -0.028771350160241127 0.012526511591144521 -0.0054097984319855345 0.9999069059608909 0.26863184571266174
0.9999993059578545 0.0002548166665888329 0.0011502835632675658 0.0011591070797294378 -0.0002550846247970593 0.9999999403659005 0.00023280899863317128 -0.022720657289028168 -0.0011502241710584576 -0.00023310225670506067 0.99999931132361 0.5075235366821289
0.9999962907939605 -0.0017101367671564702 -0.0021198656935230795 -0.003424479626119137 0.00170315260337321 0.9999931307689054 -0.0032920641264436346 -0.021858222782611847 0.002125481011578209 0.0032884414607247683 0.9999923342122322 0.8047754764556885
0.9999944983179844 -0.0018547448122953924 -0.0027501373500324285 -0.004213405307382345 0.0018458561713056785 0.9999930763963799 -0.003231094907101064 -0.021253783255815506 0.002756111165688496 0.003226000772644827 0.9999909983446137 0.8609256744384766
0.9999827957905102 -0.003172813989843474 -0.004933697840463971 -0.006326647475361824 0.0031476089577816067 0.9999819995152133 -0.005108150683472762 -0.020454328507184982 0.004949816243461801 0.005092533450260666 0.9999747823931433 0.9726860523223877
0.9999866374345654 -0.00288766795900216 -0.00428792794597543 -0.005745194386690855 0.0028666566571768316 0.9999838948596259 -0.004898193644874052 -0.02046654000878334 0.0043020032451392375 0.004885836175249136 0.9999788104619756 0.9485958814620972
0.9999838984991162 -0.003464558948053103 -0.004494393597000834 -0.006704544648528099 0.003441719292721374 0.999981175788725 -0.005079629564171791 -0.020535210147500038 0.004511907669645558 0.005064079333359993 0.9999769986303115 0.995977520942688
0.9999794575461379 -0.003609903247318106 -0.0052965162396200974 -0.008286956697702408 0.003580094758352969 0.9999777615004918 -0.0056266709506170255 -0.02149745635688305 0.005316710190782531 0.00560759333496163 0.9999701432991571 1.0325090885162354
0.9999863855571489 -0.0028225530153543122 -0.004388837525440282 -0.006486653815954924 0.0028016419170393465 0.9999847299130782 -0.004763480160216555 -0.02117912285029888 0.004402215682799583 0.004751119356909792 0.9999790234609617 0.9783265590667725
0.9999888989472447 -0.0022287762600859927 -0.004151450187526622 -0.005449001677334309 0.0022098219051030618 0.9999871399085485 -0.004564723942223086 -0.020578153431415558 0.004161570547853826 0.00455549930341945 0.999980964197155 0.9313563108444214
0.9999925119288252 -0.0038623095286166955 0.00024218047733693846 0.004158502910286188 0.0038630079309088616 0.9999881787239616 -0.0029528938450292665 -0.016922149807214737 -0.00023077262442001463 0.002953807278654647 0.999995610873646 0.4477960467338562
0.9997769199032914 0.0035524176164458193 -0.020820440863870134 -0.0026070568710565567 -0.003437083567649853 0.9999785658859858 0.005572631798001665 -0.026681149378418922 0.02083979091153602 -0.005499827059596813 0.9997677005270164 0.171221524477005
0.9999932188734051 -1.3102509946806584e-05 0.0036826669045934303 0.0040036034770309925 5.173355759188564e-06 0.9999976820589901 0.002153102385682256 -0.024000700563192368 -0.0036826865794342112 -0.002153068733476367 0.9999909010158975 0.43440255522727966
0.9999996313624095 -0.00018627032902642721 0.0008381995046127659 -0.0004269240889698267 0.0001874196771898411 0.9999990421481655 -0.0013713411741791627 -0.02232232317328453 -0.000837943261570111 0.0013714977637318319 0.9999987084216531 0.6313744783401489
0.9999997507922227 -0.0006185078741831969 -0.00034038728243929997 -0.0013804674381390214 0.0006178487212796923 0.9999979405188175 -0.0019331893546883348 -0.021687442436814308 0.00034158227425625887 0.0019329785650753178 0.9999980734558526 0.7036076784133911
0.9999986141293796 -0.0011706379885072352 -0.0011837846172659118 -0.002315159887075424 0.0011675068909393687 0.9999958277650483 -0.00264223014813156 -0.02200569212436676 0.0011868727732241382 0.0026408444096443794 0.9999958086281284 0.7590060234069824
0.9999928706845584 -0.002242713661521032 -0.0030378965565401204 -0.004127622582018375 0.0022310476015791917 0.9999901455146305 -0.0038381375988230312 -0.020776847377419472 0.003046474463260628 0.0038313325437030667 0.9999880198703803 0.8802566528320312
0.9999850658992072 -0.0030124614548326326 -0.004559940190529943 -0.005769509822130203 0.0029895188493225715 0.9999828816922341 -0.005029821025108036 -0.02022477425634861 0.0045750142740332116 0.005016113882102505 0.99997695365739 0.9587970972061157
0.9999853136741572 -0.0031240365766487723 -0.004428637653419655 -0.005778043996542692 0.0031017568018528894 0.9999825449116828 -0.005028814641317821 -0.02038084715604782 0.0044442705520349535 0.005015004229542959 0.9999775488438919 0.9634082317352295
0.9999886647026396 -0.0024825366552625695 -0.0040629395746530185 -0.005058811977505684 0.002463410339088332 0.9999858936149155 -0.004705760372165763 -0.020459815859794617 0.0040745644838775874 0.004695698343617346 0.9999806739839189 0.9012469053268433
0.9999988569875066 0.0004119288140397313 0.0014547640127291692 0.001576406299136579 -0.00041298612386002283 0.9999996507723138 0.0007265656970411467 -0.022763889282941818 -0.0014544642113393947 -0.0007271656639182257 0.9999986778811036 0.4868040084838867
0.9999963442413 -0.001481660447118268 -0.0022618988383273364 -0.0031961770728230476 0.0014767331956443968 0.9999965367193521 -0.0021784876337746597 -0.02105989307165146 0.0022651187836983623 0.0021751394486497926 0.9999950689904799 0.8232569694519043
0.9999844124852318 -0.0027536782176507527 -0.004857164073776525 -0.006463482975959778 0.002729888568971201 0.999984280017558 -0.004897696006016853 -0.020791616290807724 0.0048705743980510105 0.004884360146425408 0.9999762099825141 0.9579932689666748
0.9999911748498271 -0.002250091605371586 -0.00354785995069828 -0.004543353337794542 0.002235944384495803 0.9999895542365158 -0.003986473449506636 -0.020557304844260216 0.003556792821036132 0.003978505450746043 0.9999857602582181 0.893954873085022
0.9999840924770438 -0.0027606716165778 -0.0049186873338713825 -0.005386436358094215 0.0027354791708981033 0.9999831452479663 -0.00512116917218924 -0.019671978428959846 0.004932742296993395 0.005107632740323106 0.9999747897528323 0.9368817806243896
0.9999939904219847 -0.002053174464718794 -0.002793491459262907 -0.0036387122236192226 0.0020420241567965978 0.9999899607713202 -0.003988545338400521 -0.020427046343684196 0.0028016525942035097 0.003982816991884523 0.9999881438854915 0.8508095145225525
0.999989673734525 -0.002582389451569095 -0.003739477107693728 -0.00417169276624918 0.002566260627794825 0.9999874124860753 -0.004311516646655834 -0.019862955436110497 0.0037505640520821516 0.004301875651920325 0.9999837134349573 0.9082685708999634
0.9999845896829505 -0.0029738282301293396 -0.004687935822874178 -0.005487258546054363 0.002952287749439942 0.9999850843311359 -0.004595118311430184 -0.020374450832605362 0.0047015309917311015 0.004581207363700091 0.999978453840594 0.9616057872772217
0.9999890030847669 -0.0025187992495632147 -0.003955927182632825 -0.005577407777309418 0.002502028617349748 0.9999878869414571 -0.004238610993884655 -0.021658986806869507 0.003966555474445858 0.004228666539219751 0.9999831922672341 0.9309337139129639
0.9999915412879519 -0.002347203474185677 -0.003377571375644469 -0.004066035151481628 0.002332457768249114 0.999987761389357 -0.004363108096555386 -0.020686551928520203 0.003387771141345965 0.004355193147687423 0.9999847775338085 0.8596174120903015
0.9999916965696736 -0.0022965250396595437 -0.0033664171530222876 -0.0037989411503076553 0.0022823114127246483 0.9999884914267582 -0.004219960740551582 -0.020113084465265274 0.0033760696558709762 0.004212242488113258 0.9999854294773 0.8672246336936951
0.9999954187763536 -0.0013988436882508577 0.0026843365364504403 0.0034022321924567223 0.0014047369157830095 0.9999966048108252 -0.0021947849597555883 -0.019611619412899017 -0.002681257261532069 0.0021985456915819693 0.9999939886101012 0.4485452473163605
0.9999999755791056 -5.877605401966769e-05 0.00021304263344649796 5.0850678235292435e-05 5.8786284278575746e-05 0.9999999971194224 -4.801382914734678e-05 -0.022902214899659157 -0.00021303981076939646 4.8026351959619365e-05 0.9999999761537539 0.5454025268554688
0.9999862240572445 -0.0031723154396016916 -0.0041818788224869405 -0.005790597293525934 0.0031533450189686813 0.999984744279775 -0.004535154121321371 -0.021461039781570435 0.004196201964353652 0.004521904738542989 0.9999809719522716 0.9561481475830078
0.9999849384097899 -0.0030076502206664137 -0.004590968712450453 -0.005429085809737444 0.002984822478951923 0.9999831893878469 -0.004971094092685574 -0.020260659977793694 0.0046058428477008416 0.0049573159934903676 0.9999771053528189 0.9456909894943237
0.9999922021264585 -0.0022396302749760253 -0.00325265161177439 -0.003623957745730877 0.0022260127406756995 0.9999887686141852 -0.004184197983335312 -0.01994229108095169 0.0032619861364691885 0.004176924911559777 0.9999859562737511 0.8525561094284058
0.999992684657708 -0.0024882197149894147 -0.0029050634622669216 -0.0036959052085876465 0.002475892603626363 0.9999879493602524 -0.0042392322527500794 -0.019918348640203476 0.0029155765956614056 0.004232008616175803 0.9999867946709035 0.8727242350578308
0.9999862608479637 -0.0031475489738531015 -0.004191783721222713 -0.0057159122079610825 0.003126533924132819 0.9999825594723605 -0.005010542558290964 -0.020434115082025528 0.004207481542390659 0.00499736796367794 0.9999786614785868 0.9772651195526123
0.9999758021144954 -0.0038323451263295254 -0.005805886349591469 -0.007366279140114784 0.0037988349614726407 0.9999761271202908 -0.005771831809709163 -0.020291851833462715 0.005827867397870972 0.0057496365395367155 0.9999664882591097 1.0209976434707642
0.9999809873721731 -0.003329072718922594 -0.005190584649757502 -0.0069375233724713326 0.0033012824189717817 0.99998022118252 -0.005353389407570564 -0.020595470443367958 0.0052083038087616116 0.005336152039721716 0.9999721991399786 0.9996052980422974
0.9999839348017506 -0.0032129524183122965 -0.004669804617521923 -0.006349171511828899 0.0031890646411394017 0.9999818390599319 -0.005113845620578969 -0.02066074311733246 0.0046861503521336495 0.005098871156848489 0.9999760204663926 0.9837241172790527
0.9999900719060294 -0.002191845248923567 -0.00387967830866132 -0.005022840108722448 0.0021754859184906616 0.9999887467393798 -0.0042158813577907964 -0.02102642133831978 0.0038888752091542898 0.0042073993165957415 0.9999835870856072 0.8866754174232483
0.9999929953348214 -0.002425556413217843 -0.0028506064930038134 -0.003783106803894043 0.0024143213933368857 0.9999893310431329 -0.0039381279965337605 -0.020438913255929947 0.00286012823162416 0.0039312181310256706 0.9999881825254261 0.8785423040390015
0.9999880025643499 -0.0027467209852721757 -0.004055890924407981 -0.005164904519915581 0.002727190043251038 0.9999846978708793 -0.004813154740314183 -0.020451929420232773 0.00406904925377194 0.004802035809454356 0.9999801914489381 0.9017366170883179
0.999993816370382 -0.0019696258079657638 -0.002913382085334093 -0.0036441870033740997 0.0019584106983674436 0.9999906811342377 -0.0038473721186923107 -0.0202055461704731 0.0029209328193353498 0.0038416427293237764 0.9999883548984984 0.8741037845611572
0.999989563634395 -0.002600678780233634 -0.003756207152740369 -0.004046401474624872 0.002583079917098308 0.9999857006031498 -0.0046825513739138175 -0.01967601478099823 0.0037683312532391326 0.00467279992183501 0.9999819821479067 0.8960953950881958
0.9999885073519456 -0.003009505089669499 -0.003732029359947146 -0.0043907975777983665 0.0029916840683113844 0.9999841408012268 -0.004771579661695756 -0.0197698213160038 0.003746330266229335 0.004760359770831416 0.9999816518238667 0.9229767322540283
0.999980233542843 -0.003433380665339222 -0.005267297296361044 -0.0061683496460318565 0.003404407773242203 0.9999790816339036 -0.0054996638377940495 -0.020021097734570503 0.005286069552594407 0.005481623101064712 0.999971004218054 0.9823604822158813
0.9999842568239409 -0.003042503246775666 -0.004714793554795515 -0.005351914092898369 0.003018016119877691 0.9999819665723799 -0.005192119869196836 -0.0199627373367548 0.004730505572466881 0.005177808805789346 0.9999754060040675 0.9506112337112427
0.9999840582657921 -0.003218556057489804 -0.004639408494813856 -0.005412072408944368 0.003194666975346715 0.9999816489580858 -0.0051474119695375745 -0.01984701119363308 0.004655890590809061 0.005132508545760573 0.9999759897311705 0.9510412216186523
0.9999789602027231 -0.0036094430042529608 -0.0053899047375710225 -0.007148317992687225 0.0035802319173356303 0.9999789055724053 -0.005419441819324002 -0.020714428275823593 0.005409352206977507 0.005400030686393918 0.9999707888619983 1.00802743434906
0.9999750837829442 -0.0037172907434448936 -0.006001130128758681 -0.0075410883873701096 0.0036844989591619053 0.9999782728325706 -0.00546610740920803 -0.020715877413749695 0.0060213188516745324 0.005443860056776165 0.9999670535107488 1.0238810777664185
0.9999873189560846 -0.002458820887742508 -0.004395011588578739 -0.005843569524586201 0.0024394182385414245 0.9999872801019908 -0.004414620355131614 -0.02123235911130905 0.0044058104452202335 0.004403843101709241 0.9999805973118959 0.9294452667236328
0.9999906408412574 -0.0023635455702435797 -0.0036237938998932794 -0.0038060033693909645 0.0023490077146274555 0.9999891977689057 -0.004010798954981642 -0.019986776635050774 0.003633234460937318 0.004002249097450467 0.9999853906980412 0.8838627338409424
0.9999836866754497 -0.003121079582826166 -0.004783852549371251 -0.005094426218420267 0.0030971972539023183 0.9999827455800564 -0.004991584051474581 -0.019920235499739647 0.004799349137839433 0.004976686087164942 0.999976099136096 0.9246299266815186
0.999992310576944 -0.002296560385400983 -0.003178772936281582 -0.0038708304055035114 0.002283092465835529 0.9999884303258909 -0.004233993759180652 -0.020393816754221916 0.0031884597812540127 0.004226703769669995 0.9999859842515125 0.8614596724510193
0.9999923800167588 -0.0023254496225651915 -0.0031356327066373803 -0.0037566893734037876 0.0023124085587082014 0.9999886892338544 -0.004156220761125367 -0.02028783969581127 0.003145262322229374 0.004148938226885027 0.9999864467264112 0.86343914270401
0.9999971915986953 -0.001353483285100545 -0.0019454762189878632 -0.002866698894649744 0.0013480814430740986 0.9999952403163926 -0.002775251516944198 -0.02153981663286686 0.0019492232156767299 0.002772621062535458 0.9999942565341555 0.7914589643478394
0.9999944902151918 -0.0020807915067798024 -0.002586473654256305 -0.0035279295407235622 0.002071827719377764 0.9999918558091508 -0.0034635018798825187 -0.02088138833642006 0.0025936594148166132 0.0034581240689201486 0.9999906571107373 0.8532967567443848
0.9999907635113335 -0.0026288419262601604 -0.0034003061842868536 -0.004837227053940296 0.002614561925255019 0.9999877734137388 -0.004197271610452428 -0.02069556899368763 0.003411298573735436 0.0041883425313171225 0.999985410308011 0.9257684946060181
0.9999731588875157 -0.003605970828922071 -0.00637796824264724 -0.0073296986520290375 0.0035711959797190894 0.9999787426305459 -0.005455350246050117 -0.02027829736471176 0.006397504497668748 0.005432426843833604 0.9999647797171602 1.0144935846328735
0.9999813578313922 -0.0029007220227315255 -0.005373062574752697 -0.006850963458418846 0.0028758519112416 0.9999851432917389 -0.004630623239382808 -0.021583927795290947 0.005386414899539006 0.004615084782248796 0.9999748434470653 0.9698795080184937
0.9999870314342522 -0.003008439520358485 -0.0041092888635988496 -0.0052595897577703 0.002991075826710953 0.999986600890629 -0.004225104093965549 -0.021136928349733353 0.0041219447729218435 0.004212758105840432 0.9999826309693738 0.9391461610794067
0.9999807783973617 -0.003223835128016502 -0.00529619890807877 -0.006645319052040577 0.0031960106636556777 0.9999810916006656 -0.005253756463601922 -0.02070782333612442 0.005313036010076266 0.005236728769795759 0.9999721737729241 0.9804090261459351
0.999982934187534 -0.0032082956053597765 -0.004882435150500077 -0.00608476297929883 0.0031846564554286927 0.9999832074769658 -0.0048417690300804565 -0.02071302942931652 0.004897886988396723 0.004826137522737932 0.9999763592703883 0.9735699892044067
0.9999786997173032 -0.0035068826035611466 -0.005504714896950735 -0.007241841405630112 0.00347968954204045 0.999981735085544 -0.00494178672104276 -0.02123219147324562 0.00552194461968657 0.00492252676072974 0.9999726380546157 1.0047169923782349
0.9999782552804414 -0.0030691262825938525 -0.005836902444426219 -0.007052278146147728 0.003041807888726267 0.9999844063592225 -0.00468342216348499 -0.020981354638934135 0.005851185439920681 0.004665565587882289 0.9999719976712812 0.9768654108047485
0.9999870375886412 -0.0030338917047306783 -0.004089028713220306 -0.005701322108507156 0.0030169772800308077 0.9999868940251846 -0.004136378362293176 -0.021683521568775177 0.004101524446513961 0.004123988238130129 0.999983084966054 0.952144980430603
0.9999738290581144 -0.003775312492545006 -0.006171564990875626 -0.0075962478294968605 0.0037420961466074747 0.9999784996844906 -0.005384875596013615 -0.021093374118208885 0.006191761888389568 0.005361640079176438 0.9999664568876192 1.0336765050888062
0.9999715637563387 -0.0036933536301830792 -0.0065750146513223525 -0.007583955302834511 0.0036575617046026966 0.9999784740586751 -0.0054473536382891735 -0.020441444590687752 0.006594992121277624 0.005423150214217928 0.99996354709593 1.0199708938598633
0.999979431466447 -0.002841191706772612 -0.005750154235058928 -0.008233362808823586 0.0028203177159826878 0.9999894161601113 -0.0036350207345637103 -0.023231882601976395 0.005760421167112158 0.0036187287056589955 0.9999768609075574 1.022151231765747
0.9999821378564472 -0.003031479452400799 -0.005151126127253486 -0.006904060952365398 0.0030087123440041903 0.9999856973567145 -0.004421847129438427 -0.021401233971118927 0.0051644571912485195 0.0044062698890056425 0.9999769563182866 0.9803148508071899
0.9999835337587333 -0.003068264942894493 -0.0048495321049253385 -0.006476311944425106 0.0030465358463535063 0.9999853163288701 -0.004481712394444395 -0.02123935893177986 0.004863211977014785 0.004466864324091122 0.9999781979085228 0.9700411558151245
0.9999694809789059 -0.004061210855409888 -0.006674104971102811 -0.00789883453398943 0.004028278948771393 0.9999796828089488 -0.004940337845241906 -0.02121155522763729 0.0066940331257235065 0.004913301914410012 0.9999655240981109 1.0176767110824585
0.9999786917806032 -0.003133953446847187 -0.0057266325660396905 -0.007502859458327293 0.00310802496140273 0.9999849049701607 -0.004531005700506102 -0.021621735766530037 0.005740746083283013 0.004513110635882514 0.9999733374779527 0.9935541152954102
0.9999846074604357 -0.0028591464531589955 -0.00475501038462473 -0.006128842476755381 0.002838841883397227 0.9999868478727217 -0.004271423455854317 -0.021157117560505867 0.0047671604713466886 0.004257858985163915 0.999979572200304 0.9589865207672119
0.9999837696405254 -0.002944386824588105 -0.0048776061497460745 -0.00566010270267725 0.0029217866048754574 0.9999849938917419 -0.00463412929994071 -0.020301934331655502 0.004891177625114334 0.004619802762044134 0.9999773666458054 0.9436949491500854
0.999984449828279 -0.0032222278517214007 -0.004551631499285517 -0.006224222015589476 0.0032014700343430693 0.9999844762302434 -0.004560470167040158 -0.021178029477596283 0.004566255714795288 0.004545827339093599 0.9999792421658311 0.9743280410766602
0.9999804010544605 -0.0033882049341857133 -0.005264748264096514 -0.006677555851638317 0.0033600551635465576 0.999980062189109 -0.005346517891469984 -0.02056933380663395 0.005282758394841827 0.005328723260767452 0.9999718481898138 0.9899581670761108
0.999983462530639 -0.0032153924890383438 -0.004768219413528105 -0.006021424196660519 0.0031909082529803746 0.9999817318155279 -0.0051336283210558905 -0.020467659458518028 0.004784638936761293 0.0051183284731561715 0.9999754546707063 0.9718513488769531
0.9999790731716778 -0.0036438099186123203 -0.0053456400916262106 -0.006845456548035145 0.0036146844106924123 0.9999786262210302 -0.0054480416401062395 -0.02056809701025486 0.005365377463261671 0.005428604827969771 0.9999708710629017 1.0064104795455933
0.9999798053002913 -0.003184191330390391 -0.005499992469378789 -0.006388578563928604 0.003155546156925312 0.9999814538884101 -0.0052090697512597465 -0.020284058526158333 0.005516477140646067 0.005191609075560491 0.9999713074259499 0.9872592687606812
0.9999856306211538 -0.002907526266218266 -0.00450386969448119 -0.0052778818644583225 0.002885561892524845 0.9999839507841699 -0.004875623718814064 -0.02025778591632843 0.004517973414931041 0.004862557464370444 0.9999779714829361 0.9265865087509155
0.9999830827091504 -0.003192016130050686 -0.004862646247710806 -0.005194275639951229 0.003167844498714342 0.9999826293028355 -0.004970498347259907 -0.019716307520866394 0.004878427691054263 0.0049550101527286936 0.9999758241165883 0.9459339380264282
0.9999836449168416 -0.0030520521112608243 -0.004836825068024218 -0.005530333612114191 0.0030270363320309443 0.9999820495153358 -0.005170850815246255 -0.01996605098247528 0.004852519950817697 0.005156125000338584 0.9999749333983868 0.9426313638687134
0.9999926535152462 -0.002357979412903636 -0.0030220603278006027 -0.003931307699531317 0.0023452454917126174 0.9999883865513305 -0.00421029524504957 -0.020691581070423126 0.0030319530207681827 0.004203176840820286 0.9999865701924824 0.8592463731765747
0.999990320747253 -0.002519947216040176 -0.0036066990219195865 -0.004470118321478367 0.0025041870123459695 0.9999873266148185 -0.0043675687923454285 -0.020412627607584 0.003617659355652782 0.004358494668695065 0.9999839579038304 0.9054135084152222
0.9999844259100439 -0.0032258620175560195 -0.004554311320464067 -0.005989213939756155 0.003203466274259132 0.9999827840344593 -0.0049162423172246774 -0.020725535228848457 0.0045700920329575494 0.004901576168507 0.9999775441528048 0.9666796922683716
0.999984099786375 -0.0030155639531673803 -0.0047651388728050005 -0.005820239894092083 0.002991329360670165 0.9999825983327282 -0.005084779285406195 -0.020275061950087547 0.004780389428566716 0.005070444336511431 0.9999757189407857 0.9571273326873779
0.9999896725716673 -0.0026988588834296573 -0.0036566255943003808 -0.004484177101403475 0.002681981244762601 0.9999857648848355 -0.0046127003255196945 -0.020055972039699554 0.0036690225690640607 0.00460284568692463 0.9999826758924226 0.9161621332168579
0.9999869457695565 -0.002900615906518797 -0.004206508984570034 -0.005162391345947981 0.0028802739615524835 0.9999841688428818 -0.004833847899714136 -0.02002684772014618 0.0042204635267729836 0.00482166889925243 0.9999794693875697 0.941565752029419
0.9999882325533894 -0.002736679121965764 -0.004005663756690411 -0.004845785908401012 0.002717631227887251 0.9999850116997797 -0.004752983936509474 -0.019996654242277145 0.004018611110505528 0.004742042089111162 0.9999806817141857 0.9295867681503296
0.9999861517796136 -0.0031946173430771447 -0.004182184719868284 -0.005508197471499443 0.003173686187965073 0.9999824539840297 -0.005001943628061029 -0.020235590636730194 0.004198090635051696 0.004988601418162343 0.9999787447195619 0.9629807472229004
0.9999762886226214 -0.004000812568080722 -0.005604970233871308 -0.00762309692800045 0.003968443129481468 0.9999754535907677 -0.005774398242787571 -0.020881131291389465 0.0056279349370410596 0.005752018318236149 0.9999676197925665 1.0344874858856201
0.999982106864719 -0.0028124225501179817 -0.005279794484389779 -0.006505310535430908 0.0027852796424462766 0.9999829048119542 -0.005141235372899429 -0.020772356539964676 0.005294163551608432 0.00512643767598572 0.9999728453658345 0.9677778482437134
0.9999968737454374 -0.001634386025158749 -0.0018924274550127281 -0.002666112966835499 0.0016281448719528608 0.9999932466338063 -0.003294818819805679 -0.021320689469575882 0.00189779968059165 0.003291727373306889 0.9999927814175821 0.7735665440559387
0.9999989322856526 -0.0014320539175397156 -0.0002909452392318918 -0.0026841512881219387 0.001431345493470031 0.999996045735644 -0.002420694766828327 -0.023730965331196785 0.0002944106541815072 0.0024202757390607726 0.9999970277894399 0.7027171850204468
0.9999977536875752 -0.0008812065466909907 -0.001927717517198532 -0.003667562734335661 0.0008772502942763507 0.999997509486159 -0.0020521825944309485 -0.02340449020266533 0.0019295211129285914 0.0020504868938284442 0.9999960362180309 0.7776466608047485
0.9999995833907008 -0.0007289683101188014 0.0005493847719443526 -0.00043860403820872307 0.0007299943225394515 0.9999979856904399 -0.0018696853617324012 -0.02245255932211876 -0.0005480207239347585 0.001870085630568502 0.9999981012247076 0.6293783187866211
0.9999998286829785 -0.0005755643777842451 -0.0001065817094514751 -0.001499198959209025 0.0005753949076836727 0.9999985810229295 -0.001583310717456632 -0.021921075880527496 0.00010749285546240528 0.0015832491196356852 0.999998740882963 0.7034403085708618
0.999999312553468 -0.0011231210228061287 -0.00033688538048934374 -0.0012931894743815064 0.0011222499907928391 0.9999960557689221 -0.0025746847490133997 -0.02205585315823555 0.0003397757343042716 0.002574304909440146 0.9999966287476592 0.6852422952651978
0.9999941714581768 -0.0002956268373438098 0.003401419475402174 0.0025278767570853233 0.0002975781847208972 0.9999997914476821 -0.000573194396619873 -0.02224113419651985 -0.003401249314381602 0.000574203243965324 0.999994050879172 0.4925282597541809
0.9999962864535697 0.00012827207260172427 0.0027222463784594983 0.001578952418640256 -0.0001273884802782369 0.9999999391538414 -0.0003247529645575328 -0.022495212033391 -0.0027222878695571115 0.0003244049757432257 0.9999962419480218 0.5325498580932617
0.9999997826803128 -0.0006529878076177811 -9.080886742683426e-05 -0.0015855507226660848 0.0006527874176846693 0.9999973899409293 -0.002189515909106352 -0.023318901658058167 9.223835760355775e-05 0.002189456154395369 0.9999975988840341 0.6879575252532959
0.9999974726729178 0.00023976406476051106 0.002235433060980238 0.0005543024744838476 -0.00023812531854782953 0.9999997027726205 -0.0007333150776988805 -0.022091558203101158 -0.0022356082191521067 0.0007327809111620867 0.9999972325401839 0.5809025764465332
0.9999994936940995 -0.0010037514145279523 -7.137676394475575e-05 -0.0014884081901982427 0.001003583371512993 0.9999968130604533 -0.002316611610353998 -0.022274531424045563 7.370183865212873e-05 0.0023165388049064635 0.9999973141043951 0.6995530128479004
0.9999993971578893 -0.00036090547630992224 0.0010370299393650502 -0.00028450856916606426 0.0003621361504352843 0.9999992301967278 -0.0011867869903649968 -0.02293420024216175 -0.0010366008231319735 0.0011871618209499505 0.999998758052001 0.6134204268455505
0.9999997435361095 -0.0004713802443731608 0.0005391923405304658 -0.0008971815695986152 0.0004721360749433698 0.9999989050182425 -0.0014025155408899934 -0.022851157933473587 -0.0005385306320062873 0.001402769753350699 0.9999988711102514 0.6426833868026733
0.9999977622927023 -0.0001289957369362344 0.0021115799033007603 0.0008104617008939385 0.00013004239367472625 0.999999868762101 -0.0004955449088961023 -0.022795923054218292 -0.0021115157030007423 0.0004958183949167039 0.9999976478300113 0.563435971736908
0.9999979744698801 -1.6852513670852907e-05 0.0020126530078028804 0.0005538458935916424 1.8176922072475726e-05 0.9999997833365746 -0.0006580246221820282 -0.0226530022919178 -0.0020126414823656447 0.0006580598731702181 0.9999977581132204 0.562820315361023
0.9999992516446448 -0.00012186162802566335 0.001217316677794695 -0.0004138342337682843 0.00012329051653661203 0.9999993035012701 -0.001173795733159681 -0.02338453382253647 -0.0012171727892761625 0.001173944938345352 0.9999985701708192 0.6222599148750305
0.9999993588838796 -0.00038548142766231053 0.0010647233906527622 -0.00039131438825279474 0.00038691483842911306 0.9999990187547954 -0.0013463975468650919 -0.023137714713811874 -0.0010642033346494743 0.0013468086409465863 0.9999985267877884 0.6142639517784119
0.9999995611593575 -0.000618934039783772 0.0007032792808105192 -0.0005880327662453055 0.000620144847976832 0.9999983237771075 -0.0017227487752894417 -0.022982914000749588 -0.0007022118340986663 0.0017231841542999457 0.9999982687659567 0.6203200817108154
0.9999992147663528 -0.00016516055339366365 0.0012422514518080697 -0.00089787517208606 0.0001663420899662123 0.9999995338866039 -0.0009510819544380147 -0.02240654267370701 -0.0012420937915561087 0.0009512878463192202 0.9999987761264744 0.6262264251708984
