0.9999871387442226 -0.0027187804790752166 -0.004281422526422172 -0.006191385444253683 0.002698577839348156 0.9999852317844383 -0.004717402958027145 -0.021904366090893745 0.004294184880525608 0.0047057885343504075 0.9999797075593495 0.9029319286346436
0.9999988583234418 -0.000981367891237854 -0.0011490295362163916 -0.0027472819201648235 0.000979095524707177 0.9999975673378693 -0.0019765349218602997 -0.02350253239274025 0.0011509664489239757 0.0019754076556200467 0.9999973865169988 0.6936144828796387
0.9999998431478447 -0.000560070690683974 5.010715826029226e-06 -0.0013869950780645013 0.0005600764875001352 0.9999990702983359 -0.0012432685920650852 -0.023383334279060364 -4.314392868494801e-06 0.0012432712034398466 0.9999992271287517 0.6218037605285645
0.9999973196302712 -0.0002252914773074657 0.0023043385219455583 0.0010835786815732718 0.00022706902689666766 0.9999996768758825 -0.0007711600272451862 -0.022218754515051842 -0.002304164041576428 0.0007716812041570117 0.9999970476637362 0.5195963978767395
0.9999982262811361 8.55338515577833e-05 0.0018815202741840399 0.0005662762559950352 -8.393106557553153e-05 0.9999996335944392 -0.0008519193411202145 -0.022370435297489166 -0.001881592452727011 0.0008517599120532942 0.9999978670551724 0.5389381647109985
0.9999996352362396 -4.711138840999619e-05 0.0008528234900609265 -7.481954526156187e-05 4.7644991675724976e-05 0.999999803126816 -0.000625680656959131 -0.022622298449277878 -0.0008527938454783997 0.0006257210615015865 0.9999994406077489 0.5681478977203369
0.9999993833579492 -0.00019276324966436165 0.0010936754777709178 -0.00015735719352960587 0.00019362263469818633 0.9999996725727729 -0.0007857255386706581 -0.022541627287864685 -0.0010935236606636103 0.0007859368144867616 0.9999990932542524 0.5631638169288635
0.9999998103435591 -8.664100945848009e-05 0.000609759117196479 -0.0009617706527933478 8.710654511504344e-05 0.9999997047480308 -0.0007634895552118244 -0.0230837631970644 -0.0006096927876581243 0.0007635425244211641 0.999999522638645 0.6203371286392212
0.9999995847873739 -0.0007151311718553884 -0.0005648119040620452 -0.0016734303208068013 0.0007141170388076583 0.9999981363568642 -0.0017936888396924322 -0.022582320496439934 0.0005660935742560903 0.0017932847531257666 0.9999982318323666 0.6895312070846558
0.9999996504727263 -0.0007345307177898354 -0.0003993983604365533 -0.0016268185572698712 0.0007338148240694714 0.9999981293644339 -0.0017896322072845502 -0.022574223577976227 0.0004007121531375717 0.001789338497321686 0.9999983188473432 0.692437469959259
0.999999302652171 -0.000984626070985528 -0.000652078731559912 -0.0018702809466049075 0.0009832957376570235 0.9999974412046803 -0.002037330013650808 -0.02296214923262596 0.0006540830712705474 0.002036687406685786 0.9999977120372543 0.6827143430709839
0.9999992077949011 -0.0009618390069217357 -0.0008119576930571388 -0.002337111160159111 0.0009603055176415295 0.9999977586821236 -0.0018869138937582111 -0.02268429659307003 0.0008137707805875655 0.001886132671482669 0.9999978901381056 0.7252614498138428
0.9999955986145502 -0.0017981049550647769 -0.0023599936648450314 -0.0035079801455140114 0.001790783362714142 0.9999935889438939 -0.0031008331232957667 -0.02142595872282982 0.0023655541581970633 0.0030965932379428598 0.9999924076030995 0.8204236030578613
0.9999872252579318 -0.002828066754474615 -0.004189434254707047 -0.005148162133991718 0.0028088767193724137 0.999985569536113 -0.004579402920827914 -0.02064277045428753 0.004202324656383064 0.004567576815791386 0.9999807386692577 0.9143394231796265
0.9999930357833184 -0.0020309263471384445 -0.003131089752056539 -0.003816166426986456 0.002019336536595427 0.9999911151585438 -0.0037002545755829303 -0.021061724051833153 0.0031385768773291773 0.0036939060822726013 0.999988252127514 0.8201663494110107
0.999999667125609 -0.0007906530627273916 0.00020153512374727501 -0.0007817453006282449 0.0007910118701257488 0.9999980912619427 -0.001786553299786306 -0.022517697885632515 -0.00020012219523131265 0.0017867121217635953 0.9999983838041446 0.634056568145752
0.9999979570102633 -0.0014939236443273951 -0.0013616781720455625 -0.0029007489793002605 0.0014907209043998827 0.9999961275204782 -0.0023500415384445847 -0.02172674983739853 0.0013651836815941603 0.002348006855217708 0.9999963115618592 0.7701036930084229
0.9999863631415634 -0.002769906909593696 -0.004427318220000752 -0.005620420910418034 0.002749176821171436 0.9999852624018398 -0.004681560202467026 -0.02094792015850544 0.004440220457916391 0.004669324880062908 0.9999792407082505 0.9158058166503906
0.9999984298388903 -0.001301064976924639 -0.0012031415875751387 -0.0024166787043213844 0.0012979997654411685 0.9999959191942024 -0.0025449541353588243 -0.022198094055056572 0.001206447828481368 0.00254338846187235 0.9999960378215351 0.733087420463562
0.9999995426069336 -0.0006777743943744577 0.0006748390871484421 -0.0003944028867408633 0.0006788779262369424 0.9999984307113129 -0.0016363678292317567 -0.02230527624487877 -0.0006737289399166657 0.0016368252141284846 0.9999984334450397 0.6171436905860901
0.9999984867654288 -0.00011379115528699146 0.0017359488544205692 0.00025742955040186644 0.0001151181097554449 0.9999997012840508 -0.0007643164460774528 -0.022388549521565437 -0.0017358613634135558 0.0007645151286381364 0.9999982011493544 0.5696965456008911
0.9999974305684324 -0.0014584136230381918 -0.0017354786767397226 -0.003535575233399868 0.0014538767691413047 0.9999955303330412 -0.00261257655961962 -0.022287361323833466 0.0017392811369738028 0.0026100466746514827 0.9999950812666444 0.7855085134506226
0.999991125607017 -0.0023579560213383985 -0.0034912391227547098 -0.0047183046117424965 0.002344630714455961 0.9999899704883287 -0.003815970330571296 -0.02120247296988964 0.003500201997549401 0.0038077507996722507 0.9999866247204627 0.8897908926010132
0.999995822732869 -0.001769447624977675 -0.0022855134904275947 -0.0035776589065790176 0.0017618088668785998 0.9999928703543997 -0.0033399505812777147 -0.022489504888653755 0.002291407063149978 0.003335909991479126 0.9999918105455663 0.7659579515457153
0.9999993227888981 -0.0007054639188805558 -0.00092560380524011 -0.0019302963046357036 0.0007039669032019682 0.9999984454035009 -0.0016166697809362237 -0.022161604836583138 0.0009267428684988699 0.0016160170916651331 0.9999982648167021 0.7400229573249817
0.9999863288811677 -0.002989197284145673 -0.004290308888844916 -0.005297934636473656 0.0029679825430884398 0.9999833803435589 -0.004942683106689856 -0.01999899186193943 0.004305012240304067 0.004929881972795206 0.999978581337293 0.9431341886520386
0.9999955463837943 -0.0017257100486135527 -0.0024349820132258996 -0.003700459375977516 0.0017175064577160933 0.9999928562628285 -0.0033671345202954646 -0.022304506972432137 0.002440775316231087 0.00336293742703846 0.9999913665965909 0.7943955659866333
0.9999987739392784 -0.0007891556348492223 -0.0013525358863396674 -0.0023732930421829224 0.000786396790444332 0.9999976118709646 -0.002039076373112234 -0.022252069786190987 0.0013541418049191755 0.002038010243200807 0.9999970064026295 0.7405816316604614
0.999994912250978 -0.001795628811097645 -0.0026365108252116823 -0.004024317488074303 0.0017867676655821659 0.9999927607385096 -0.0033594541049183106 -0.02200564742088318 0.002642524071400748 0.0033547261805665285 0.9999908813978182 0.8183976411819458
0.9999999303579197 -0.000372843871736769 1.6480378275031207e-05 -0.0010704115265980363 0.0003728646919613171 0.9999991088261462 -0.001281919979792566 -0.023433495312929153 -1.600240757962641e-05 0.001281926035468161 0.9999991782044434 0.6381636261940002
0.9999993340977826 -0.0006447658420372037 -0.0009571212044232484 -0.002269610296934843 0.0006433141657014752 0.9999986435732275 -0.0015162448974080152 -0.022888345643877983 0.0009580975290764342 0.0015156281581080774 0.9999983924589133 0.7152212858200073
0.9999984353669406 -0.001026627470420938 -0.0014405900554502254 -0.002701400313526392 0.0010231569258699585 0.99999657785309 -0.0024077857076566754 -0.02264024131000042 0.0014430570244897858 0.002406307990662984 0.9999960636263916 0.746657133102417
0.9999988310913802 -0.0008434876252872658 -0.0012752821252347778 -0.0021369890309870243 0.0008406069736379651 0.9999970981128236 -0.002257685949753703 -0.02230500429868698 0.0012771827546703344 0.0022566112996773072 0.999996638249176 0.7332568168640137
0.9999974503695547 -0.0014732062126146055 -0.0017114081468715544 -0.0028275870718061924 0.0014682232372868237 0.9999946903084183 -0.0029092396766512646 -0.02197946235537529 0.0017156849697877515 0.002906719529955494 0.9999943036871054 0.7712634205818176
0.9999997924543607 -0.0003578624214454525 0.0005357478162831853 -0.000504125258885324 0.00035857233116540107 0.9999990571409207 -0.0013255727640384702 -0.0228000245988369 -0.0005352729384693516 0.0013257645932650249 0.9999989779150399 0.6065868735313416
0.9999973561443176 0.00011510761476040885 0.0022966180814191894 0.0011167555348947644 -0.00011368431919875726 0.9999998014269794 -0.0006198563360776293 -0.02228356897830963 -0.00229668897555714 0.0006195936078038872 0.9999971706577527 0.5314555168151855
0.9999993568213993 2.791469071925494e-05 0.0011338331262601717 -4.2069004848599434e-05 -2.689859447916866e-05 0.9999995980816998 -0.0008961656682347044 -0.023023679852485657 -0.0011338576867393508 0.0008961345933226535 0.9999989556542233 0.5948644876480103
0.9999995826352778 5.896198728677126e-05 0.0009117306369119772 -0.0006649767747148871 -5.818542327365646e-05 0.9999996355679064 -0.0008517502632658828 -0.022779854014515877 -0.0009117805255362666 0.0008516968583423505 0.9999992216340644 0.6321663856506348
0.9999978203052845 -0.0014655397919697954 -0.0014871374510106701 -0.0028391294181346893 0.0014614398604294128 0.9999951390554475 -0.0027542801256679136 -0.022397901862859726 0.0014911667292403768 0.0027521007602292345 0.9999951011695963 0.7650846242904663
0.9999988053564358 -0.0009048567402391418 -0.0012532038863405678 -0.002636568620800972 0.0009013848821127466 0.9999957623189841 -0.0027681852120193477 -0.022467847913503647 0.0012557033867095758 0.0027670522859873474 0.9999953833046686 0.7401235103607178
0.9999996693601463 -0.00046139446064286945 0.0006696228413779673 -0.0011130609782412648 0.0004623916088676825 0.9999987834498277 -0.0014897291244977307 -0.02380198985338211 -0.0006689346739822828 0.00149003825991687 0.9999986661553033 0.6506408452987671
0.999998738729719 -0.0012349882891375342 -0.00099867056484128 -0.003316241782158613 0.0012328234563997239 0.9999968955194607 -0.002165432466342558 -0.023942945525050163 0.0010013417482247977 0.0021641985506493902 0.9999971567756265 0.7467386722564697
0.9999952222436953 -0.0018364167098985243 -0.0024865766528088407 -0.004918030463159084 0.0018285202639885072 0.9999932905009553 -0.003174187567940145 -0.02353530190885067 0.0024923891002152816 0.003169625646647858 0.999991870701874 0.8227294683456421
0.9999828628589195 -0.003229726804947194 -0.004882914421219812 -0.007608380168676376 0.003204735299007519 0.9999817710662936 -0.005117343723292329 -0.021875090897083282 0.004899353033089779 0.005101607578443268 0.9999749846571028 1.006443977355957
0.9999839453924362 -0.00312064663798051 -0.004729748612525763 -0.007289261557161808 0.0030962548863986 0.9999819159685649 -0.005155670811457234 -0.021889468654990196 0.004745752106387483 0.00514094353193266 0.9999755239687349 0.9750325679779053
0.9999908248610365 -0.002417911198419019 -0.003536085290280017 -0.0056714946404099464 0.002403155224933667 0.999988412562771 -0.004171280996756403 -0.02236582525074482 0.00354613010314749 0.004162744962832455 0.9999850481460539 0.8905649185180664
0.9999998722873752 -0.0004295182965840848 0.00026634426280227106 -0.0012868941994383931 0.00043002862008183174 0.9999980663672293 -0.001918941684493846 -0.022685647010803223 -0.0002655195272267082 0.001919055975076566 0.9999981233600118 0.6793030500411987
0.9999949997104808 -0.0003569290892022923 0.003142157803320677 0.0024326075799763203 0.00035809653929442343 0.9999998670668917 -0.0003709893093912186 -0.02235325425863266 -0.0031420249687475685 0.00037211265017254917 0.9999949945931087 0.4726859927177429
0.999997980369734 0.00016466792218460698 0.002003032932385324 0.0007329751388169825 -0.00016312987637268666 0.9999996917841035 -0.0007679976179187176 -0.02210303023457527 -0.0020031587795907185 0.0007676693123328539 0.999997699016718 0.5438946485519409
0.9999954863785523 -0.0004606200197233179 0.0029690152778181437 0.0014790468849241734 0.0004668127570072773 0.9999977165251689 -0.0020854328801767543 -0.021246502175927162 -0.0029680479060120854 0.0020868094415296135 0.9999934179373293 0.49156779050827026
0.9999967763980889 -0.0005324257191372835 0.002482683283055646 0.002416594186797738 0.0005375999314756532 0.9999976841300214 -0.0020839196019293675 -0.01987580955028534 -0.0024815680010912833 0.0020852475745650025 0.999994746767606 0.438001424074173
0.9999974058488336 -0.0009932873115525338 0.002049798995013287 0.003381649497896433 0.0009950508177269102 0.9999991355742989 -0.0008594908522756661 -0.021161995828151703 -0.002048943501756392 0.0008615282767926329 0.9999975297967265 0.39754506945610046
0.9999945180911143 -0.0006303060984382262 0.0032506156251881726 0.0035480810329318047 0.0006343617681397502 0.999999021559473 -0.0012467819553125474 -0.020793581381440163 -0.0032498265903842505 0.0012488371868430049 0.9999939394980418 0.42031803727149963
0.9999978978861849 0.0005186587063100125 0.0019837379761124822 0.001459278166294098 -0.0005180561202603337 0.9999998195204058 -0.0003042647076184223 -0.021747810766100883 -0.001983895427627886 0.000303236380419859 0.9999979861012871 0.48041588068008423
0.9999966510643797 -0.0002948642570141193 0.0025711699856620944 0.0017108488827943802 0.00029736740688324307 0.9999994822103845 -0.000973217133222122 -0.02208186872303486 -0.002570881687390075 0.0009739784561318905 0.9999962209595178 0.49159175157546997
0.9999985479266915 -0.00011729180141574944 0.0017001138614411823 -0.0006686098640784621 0.00011962531169694833 0.9999990509327175 -0.0013725244803956536 -0.023422975093126297 -0.0016999512620499467 0.0013727258640400853 0.9999976128918553 0.5590367913246155
0.9999975549287216 0.0006991833724713555 0.002097922589166627 -0.0017434171168133616 -0.0006964381247355814 0.9999989007450373 -0.0013090006323488966 -0.024909820407629013 -0.002098835514491502 0.0013075363584752072 0.9999969426144034 0.6334940791130066
0.9999983656987156 0.001013774722137282 0.001496950470403539 -0.002517170738428831 -0.0010128254645603088 0.9999992856385386 -0.000634749549918415 -0.0255344957113266 -0.0014975928940884082 0.0006332323629908 0.9999986781152754 0.6649836301803589
0.9999947290910627 7.239839701802789e-05 0.0032460050160220814 -4.001706838607788e-05 -6.610616653689206e-05 0.9999981188850622 -0.0019385191026984369 -0.023469561710953712 -0.0032461392555891825 0.0019382943039926049 0.9999928527720207 0.560081958770752
0.9999940574586806 0.0002776560739209374 0.003436270424332175 0.0009357971139252186 -0.000270682840847788 0.9999979037220986 -0.0020296014898708204 -0.0224422886967659 -0.0034368267521357235 0.0020286592894397256 0.9999920363499716 0.5124431252479553
0.9999913083226475 -0.0004700035883325769 0.004142749785711259 0.0020428099669516087 0.0004828518004964426 0.9999950755668571 -0.003100918601785357 -0.021274907514452934 -0.004141271942146944 0.0031028919837944105 0.9999866108743849 0.4734402000904083
0.9999991872415134 -0.0009410010946781081 0.0008602518542481587 0.003581076394766569 0.0009423031746277491 0.999998409247183 -0.0015144529807723185 -0.01878998801112175 -0.0008588253838873527 0.0015152623679410432 0.999998483198308 0.40154001116752625
0.9999797660349237 0.0006775886974322666 -0.006325218912921991 -0.00036105571780353785 -0.0006789667659661431 0.9999997462335849 -0.00021572412150242087 -0.018162991851568222 0.006325071135567369 0.00022001436997741482 0.9999799723338498 0.29855450987815857
0.9999627898597193 0.0014479749007105427 -0.008504249799557776 -0.000805067946203053 -0.0014413333176091258 0.9999986515550213 0.0007870491765446631 -0.02018142305314541 0.0085053779594981 -0.0007747624317570228 0.9999635284793841 0.312898725271225
0.9999916768535302 -0.0010004956855399945 -0.003955405421454411 0.0015781334368512034 0.0009999952569398273 0.9999994917493462 -0.00012849332759085 -0.019297147169709206 0.003955531968136894 0.0001245368714613356 0.9999921690980468 0.34491047263145447
0.9999983787231732 -0.0012147962898736175 0.0013292181910441595 0.004359132144600153 0.0012140248747610793 0.9999990942876755 0.0005810055355596374 -0.02019510231912136 -0.0013299227905238557 -0.0005793908896409137 0.9999989478052307 0.40394213795661926
0.9999985328364739 -0.0013806464609121042 0.0010139725094015068 0.0036170990206301212 0.0013811285257307048 0.9999989334879413 -0.0004748757474561719 -0.019612690433859825 -0.0010133157924675 0.00047627547709283693 0.9999993731761909 0.41573020815849304
0.9999982442074802 -0.0014867371509349786 0.0011406991720758575 0.003448040224611759 0.0014878896351350106 0.9999983828905294 -0.001010148880155957 -0.019353138282895088 -0.0011391955015723199 0.001011844341019048 0.9999988392016458 0.4276544451713562
0.9999985886931531 -0.0014751558127138078 0.0008040690458748058 0.003203710075467825 0.001476449485079803 0.9999976128763579 -0.0016106950375573872 -0.01877095364034176 -0.0008016911003154144 0.0016118799317012026 0.9999983795659199 0.44203072786331177
0.9999983673669819 -0.0003029131228161848 0.001781433975911472 0.0017026644200086594 0.0003053555623168395 0.999999013639759 -0.0013709403668988815 -0.0208740197122097 -0.001781016942948094 0.0013714820994298177 0.9999974735045583 0.47466856241226196
0.9999978107165226 -0.0007378459327571992 0.0019580974290388047 0.002181682735681534 0.0007416248535934242 0.9999978627942532 -0.0019298703331679283 -0.02004113607108593 -0.0019566692972056497 0.0019313182818538267 0.9999962207203364 0.4818929135799408
0.9999977735416483 -0.00016494711521006068 0.0021037357712205117 0.0017301618354395032 0.00016752675909943756 0.9999992343025493 -0.0012261032173798477 -0.0206659696996212 -0.0021035319182067386 0.0012264529195478535 0.9999970354789582 0.4887360632419586
0.9999975888912199 -6.507882145106266e-05 0.002194988950714681 0.0014875436900183558 6.756722375668752e-05 0.9999993551710162 -0.0011336190815896992 -0.02093709073960781 -0.0021949137607283824 0.0011337646576203547 0.9999969484609862 0.5015659332275391
0.9999974553256491 -0.002057860882123389 0.0009244191778514149 0.0026314002461731434 0.0020601027405368335 0.9999949236219943 -0.0024307831948965574 -0.019210075959563255 -0.0009194122715005318 0.0024326814078266053 0.9999966183654039 0.47368085384368896
0.9999965347056515 0.000529033229983685 0.0025788952150612534 0.0024208209943026304 -0.0005278040682911904 0.9999997468129987 -0.00047728063452287024 -0.02143177017569542 -0.002579147059434197 0.00047591782921877873 0.9999965607454187 0.4719415605068207
0.99999719085376 0.0004559045058969813 0.002326034322556042 0.0008257026202045381 -0.0004542751237570088 0.999999651131818 -0.0007009781407096679 -0.02138242870569229 -0.0023263530901695617 0.0006999195120298175 0.9999970490926341 0.5526206493377686
0.9999991004765433 -0.000870410320528024 -0.0010205057464588857 -0.0017963332356885076 0.0008683333424506213 0.999997554573173 -0.0020339235188694977 -0.020351072773337364 0.0010222735989087448 0.0020330355501417706 0.9999974108582187 0.7382400035858154
0.9999946670071634 -0.0019581558931343027 -0.0026137296590228176 -0.003407388925552368 0.0019484715022168515 0.9999912470012334 -0.003702617955337993 -0.020804522559046745 0.0026209570842196063 0.003697505431547856 0.9999897294660313 0.8327484130859375
0.9999993260223957 -0.0010820158581504992 -0.0004209470714112348 -0.0017002267995849252 0.0010809772894183904 0.9999963907426804 -0.002459672683944294 -0.021770358085632324 0.00042360695695482347 0.0024592159919557483 0.9999968864020782 0.7159472703933716
0.9999987641367858 -0.0011623413854998878 -0.0010586252427959295 -0.002329359296709299 0.0011595363375500325 0.9999958258043207 -0.002646478682457993 -0.021701782941818237 0.001061696935585479 0.0026452478973354727 0.9999959377233384 0.751144528388977
0.9999977298045217 -0.0012920597577670086 -0.0016943929252623245 -0.0024932813830673695 0.0012870989700827392 0.9999948921177221 -0.0029255964702668415 -0.020552270114421844 0.0016981643159694267 0.002923408977201943 0.9999942849426231 0.7928815484046936
0.999996990833952 -0.0016206918296479307 -0.001841651713595028 -0.002532853279262781 0.0016142975603371814 0.999992682692455 -0.003468227924126651 -0.020579317584633827 0.0018472591663230376 0.0034652445137846877 0.9999922898272926 0.8064541220664978
0.99999591316639 -0.0019651907198756672 -0.002076457548860532 -0.00277215288951993 0.0019573047076696963 0.9999908908183865 -0.003793051348333394 -0.020483048632740974 0.002083892703341364 0.0037889715866279983 0.9999906504990518 0.8151618242263794
0.9999938373714051 -0.001963030899822902 -0.0029106234552384413 -0.003175273071974516 0.0019514495534291487 0.999990189570603 -0.00397650690806308 -0.019553929567337036 0.0029184009067064194 0.003970802467485975 0.999987857758239 0.8593146204948425
0.9999948888981944 -0.001883118040040242 -0.0025838041596154813 -0.0027917237021028996 0.0018729231109349733 0.9999904745087581 -0.00394246759904625 -0.01924949698150158 0.0025912036794696262 0.003937608182168312 0.9999888903909361 0.85164475440979
0.9999948393649936 -0.0019746236402067015 -0.002534187218846224 -0.002697703428566456 0.001964458106474543 0.9999900399806582 -0.004007598261981002 -0.019365862011909485 0.0025420754765610675 0.004002599275603733 0.999988758462469 0.846638560295105
0.999996394547716 -0.0016986713229777918 -0.0020797613576703346 -0.002220135647803545 0.0016909630445035417 0.9999917160576285 -0.003702493767890149 -0.01980247162282467 0.00208603344903412 0.00369896361912833 0.9999909830256439 0.8136371970176697
0.9999992766005024 -0.001101402885310662 0.0004834357828563591 -0.000218853703700006 0.0011026318482304088 0.9999961426767948 -0.0025492811807346855 -0.021043896675109863 -0.00048062613244036635 0.0025498123882767114 0.9999966337219868 0.6794098615646362
0.999998984599356 -0.0006402799596947458 0.0012731228654108086 0.0003121085464954376 0.000642839826612104 0.9999977706970835 -0.002011307490372991 -0.021150892600417137 -0.0012718322273554217 0.0020121238621721264 0.9999971668961612 0.6308386325836182
0.9999995905419885 -0.00022158663673325647 0.0008773911429338142 0.00019873800920322537 0.00022272924319706987 0.9999991270807924 -0.0013023936951890793 -0.020919907838106155 -0.0008771017840036135 0.0013025885825788002 0.9999987669769622 0.6129574179649353
0.9999998522665791 -0.0005215522352736475 0.00015313420882619993 -0.0002924882574006915 0.000521837488373392 0.9999981178732067 -0.001868672170226834 -0.020464403554797173 -0.00015215931046082707 0.0018687518053324198 0.9999982423055723 0.6637659072875977
0.999999668197615 -0.0005584496529512877 -0.0005930755815764464 -0.0008112880168482661 0.000557493321399747 0.9999985462329355 -0.0016114382435055408 -0.021358169615268707 0.0005939746265105371 0.0016111070731506737 0.9999985257629845 0.6683723330497742
0.9999959839407339 -0.0013613918803301584 -0.002485702023844653 -0.00287794740870595 0.0013555182933716956 0.999996289141782 -0.0023631066039575704 -0.021184802055358887 0.0024889099138998526 0.0023597276990162046 0.9999941184890172 0.8009102940559387
0.9999892230946302 -0.0028865419035818637 -0.0036361477468300867 -0.0043782759457826614 0.002869340713392987 0.9999847111768146 -0.0047269754064371925 -0.019449671730399132 0.003649736766997992 0.00471649111750066 0.9999822169084159 0.9214948415756226
0.9999875917797528 -0.002660793009656143 -0.004211468519433979 -0.005080248694866896 0.0026405093225858557 0.9999849237835976 -0.004814552526451311 -0.019843298941850662 0.004224215554130211 0.004803372364535829 0.9999795415991669 0.9342669248580933
0.999987860354578 -0.002874750120243425 -0.004001868965777903 -0.0050454894080758095 0.0028557356671885196 0.999984645643897 -0.00474902624218647 -0.019961506128311157 0.0040154597834174905 0.004737540310750803 0.9999807157113241 0.938575029373169
0.9999852869861929 -0.0031234950833066853 -0.0044350411052856975 -0.005871394649147987 0.00310148381466406 0.9999828831525253 -0.004961270009799797 -0.020184559747576714 0.0044504616938461205 0.004947441806360229 0.9999778578600048 0.9682869911193848
0.9999836322604249 -0.0030452272339742664 -0.004843738467421649 -0.006287289317697287 0.0030209014880441688 0.9999828291266769 -0.00502151431408903 -0.0203884057700634 0.004858946948347071 0.005006799666506533 0.9999756609996328 0.9779021739959717
0.9999913299318942 -0.002096622324470353 -0.0035978098713013848 -0.0042083971202373505 0.0020814176194297114 0.9999889099410262 -0.004224653317335105 -0.020297225564718246 0.003606627473836008 0.004217128144445636 0.9999846039157194 0.8738135099411011
0.9999973281236874 -0.001421142416727828 -0.0018232113749383763 -0.0015610872069373727 0.0014158873093578523 0.9999948492780802 -0.0028803958819748204 -0.02046278491616249 0.0018272954368484255 0.00287780672406524 0.9999941895930423 0.7410160303115845
0.9999938317075674 -0.0021364322113138754 -0.0027878673253769067 -0.003181843087077141 0.0021258857809155185 0.9999905942838506 -0.0037804700075369123 -0.019973110407590866 0.0027959178213861897 0.0037745200009862753 0.9999889678602951 0.8563089370727539
0.999986124012828 -0.0030067674235523824 -0.004325636538335686 -0.005205859430134296 0.0029854571381934974 0.9999834177444611 -0.004924559044498401 -0.019874870777130127 0.004340371813235596 0.004911576708899666 0.9999785185626517 0.9459937810897827
0.9999880690306395 -0.0025344815685752957 -0.004175907033384836 -0.004861312452703714 0.002514982250157859 0.9999859415955508 -0.004668134053464327 -0.01985141821205616 0.004187679626512963 0.004657576026032693 0.999980384970079 0.9164029359817505
0.9999895174507297 -0.002873616345985526 -0.003564732493841713 -0.0043110316619277 0.0028573041223179606 0.999985463072828 -0.004572685881879114 -0.019824549555778503 0.0035778208184802872 0.004562452423624445 0.9999831914717732 0.9172954559326172
0.999981139219985 -0.003311341536125684 -0.0051726416396490746 -0.006212898995727301 0.003283997098552156 0.9999806369283177 -0.005285937144236527 -0.019981833174824715 0.0051900450246412785 0.005268850507202418 0.9999726509495023 0.9797159433364868
0.9999862550121192 -0.002693424357338711 -0.0044983610424506265 -0.00512416148558259 0.0026717500509260135 0.9999848273477521 -0.004817346359960526 -0.019850367680191994 0.004511267948406499 0.00480526164924894 0.999978278725083 0.9266350269317627
0.9999943041512895 -0.0019247184246619163 -0.002772566313696637 -0.003030218183994293 0.0019140279013571406 0.9999907441332918 -0.0038533290721171013 -0.020178403705358505 0.0027799572246537873 0.003848000354854897 0.9999887323020685 0.8249551057815552
0.9999976436914324 -0.0013320972825006123 -0.0017140969672500258 -0.0014796993928030133 0.001327218712305535 0.9999950746590638 -0.00284414277124884 -0.020582858473062515 0.0017178771995946885 0.0028418610880012202 0.9999944863465416 0.7279465198516846
0.9999998121440862 -0.0005878839184764096 0.00017350588026535094 0.00018916523549705744 0.0005881493271613589 0.9999986510517724 -0.0015336150116802515 -0.02133074961602688 -0.00017260405861240047 0.0015337167709483389 0.9999988089596433 0.639153242111206
0.9999998003978274 -0.0006150807610593185 -0.00014449900544631503 -7.047434337437153e-06 0.0006148699201192801 0.9999987529517669 -0.0014546579984047816 -0.021187296137213707 0.00014539355739782544 0.0014545688599599488 0.9999989315445017 0.6477006673812866
0.9999995532559882 -0.0008209537050696517 -0.0004685326434438277 -0.0005024863639846444 0.0008199600559106726 0.9999974229117574 -0.002117034565174364 -0.020745817571878433 0.00047026942336390155 0.0021166494413493355 0.999997649318143 0.7045954465866089
0.9999986532205077 -0.0010480874292659007 -0.0012629607718190505 -0.0009701858507469296 0.0010450057467700589 0.9999964814668323 -0.0024382405427627292 -0.02072681300342083 0.0012655118173120817 0.002436917457725873 0.9999962299494655 0.7127529382705688
0.9999988313745498 -0.0010908088669454692 -0.001071160842292694 -0.0010421365732327104 0.001088028238444648 0.9999960461027967 -0.0025930625378701336 -0.020717216655611992 0.0010739851426416886 0.0025918940543069274 0.9999960643128173 0.7265997529029846
0.9999993528179602 -0.00085233605052812 -0.0007535827211775884 -0.0007445957744494081 0.0008507273471698205 0.9999973643715692 -0.0021324898348528566 -0.02105080708861351 0.0007553983329771734 0.002131847361314475 0.9999974422968223 0.6882414817810059
0.9999998352429887 -0.00023481090013172082 0.0005238108787609681 0.00036573363468050957 0.00023543404486142083 0.9999992643629635 -0.0011898925760371033 -0.021175725385546684 -0.0005235310936794462 0.001190015702907888 0.9999991548885534 0.6267837285995483
0.9999992621744659 -0.0002541691655993356 0.001187875649480647 0.00048353930469602346 0.0002554004092362066 0.9999994302479107 -0.0010364721339974404 -0.021681981161236763 -0.001187611533428549 0.001036774753188834 0.9999987573377062 0.6077172756195068
0.9999999085852641 -0.00015066593661672113 0.00040016151603116306 -0.00033292232546955347 0.00015107842053256016 0.9999994571446963 -0.0010309634443101906 -0.021532202139496803 -0.00040000596772840716 0.0010310238058347397 0.9999993884923818 0.6329914927482605
0.9999993686090455 -0.0009042819125433778 -0.0006671249756052492 -0.0014681374887004495 0.0009029750605647286 0.999997678098087 -0.001956638565132388 -0.022033816203475 0.0006688927794703263 0.001956034932513245 0.9999978632526133 0.6967717409133911
0.9999996022474165 -0.0003303902269559199 0.000828460805818412 -6.691319867968559e-05 0.000331313325136782 0.9999993242351272 -0.0011143432009783514 -0.022135375067591667 -0.000828092077870623 0.0011146172378497855 0.9999990359454971 0.5967838168144226
0.999999629409544 -0.0004215672844699612 0.0007506409257877385 -7.83317955210805e-05 0.0004225007408497449 0.9999991371998782 -0.0012438217811879691 -0.02222616970539093 -0.0007501159235639961 0.0012441384665867453 0.9999989447222318 0.6000058054924011
0.9999999359786258 -2.5350201180315615e-06 0.00035782162875757343 -0.0005474103381857276 2.791853757705492e-06 0.9999997423982132 -0.0007177713511983789 -0.022041624411940575 -0.0003578197170172671 0.0007177723042313295 0.9999996783839329 0.6235114336013794
0.9999949793351118 -0.002002211776040422 -0.0024561051632764536 -0.003242907114326954 0.001994007123481837 0.9999924393944142 -0.0033384262161072487 -0.020519914105534554 0.002462770829917369 0.00333351196379637 0.9999914111920295 0.836382269859314
0.9999888502008227 -0.002573446842153389 -0.003959399624606731 -0.00484496122226119 0.002555562687581042 0.999986540339534 -0.004515333777188895 -0.020049763843417168 0.00397096630388231 0.004505164938178192 0.9999819672951574 0.9098952412605286
0.9999894886188696 -0.002627375528601379 -0.0037575989146344077 -0.004349087364971638 0.002610800790827 0.9999868716235696 -0.004409115527753341 -0.019924748688936234 0.0037691339857017776 0.004399258839641642 0.9999832199345445 0.9034973382949829
0.9999876821040886 -0.002716622355108426 -0.0041539864073121885 -0.004785092547535896 0.0026969035846703218 0.9999851047493236 -0.004745207112395115 -0.019994601607322693 0.004166815468364496 0.004733945760595274 0.9999801135054579 0.906488835811615
0.9999949699881261 -0.0018695542807208169 -0.0025621797825975032 -0.003071112558245659 0.0018600471389997309 0.9999913956620181 -0.0037079410148741715 -0.020402071997523308 0.002569089933733702 0.003703156588712615 0.9999898431525152 0.8198471069335938
0.999997331381978 -0.0015176739840641797 -0.0017418078541877324 -0.0022165351547300816 0.0015121387775760583 0.9999938170824386 -0.003174780813217279 -0.020523259416222572 0.0017466153669786879 0.0031721384857405807 0.9999934434145993 0.7803158760070801
0.9999979543748592 -0.001416578697590135 -0.0014437973855384878 -0.0018936338601633906 0.0014121320597504086 0.999994271417575 -0.00307620140417609 -0.02053152769804001 0.0014481467960048126 0.0030741562788452565 0.9999942262003467 0.7663760781288147
0.9999948772176803 -0.002183427004471355 -0.002340552266489193 -0.0030119121074676514 0.0021745423195719794 0.9999904466671757 -0.0037918254287757605 -0.0200271625071764 0.002348809080451829 0.0037867163741248443 0.9999900718882189 0.8489059209823608
0.9999804312129847 -0.003160862154509398 -0.005398716656119187 -0.005835663992911577 0.003133587492510621 0.999982323385304 -0.005053072961641469 -0.019558604806661606 0.005414593292173433 0.005036056728143687 0.9999726597823118 0.9751182794570923
0.9999792313892404 -0.003546760519980679 -0.005381196892684321 -0.005958323832601309 0.003519256525332351 0.9999807408655687 -0.005112018334994062 -0.020136024802923203 0.0053992243602979375 0.00509297435319639 0.9999724546148983 0.9825332164764404
0.9999733469800838 -0.003059177663475477 -0.006629235361053596 -0.00924391858279705 0.0030299690533131343 0.9999856784199517 -0.004411603169483586 -0.024454180151224136 0.006642636297804915 0.004391399208945326 0.9999682949953977 1.0123928785324097
0.9999954679078619 -0.0018448141718070126 -0.0023792487065623473 -0.0029593058861792088 0.0018361734086853431 0.9999917300884136 -0.003628804485563582 -0.021005630493164062 0.0023859235003275865 0.0036244193262796637 0.9999905854324819 0.7957801818847656
0.9999987193785442 -7.978965974534106e-05 0.001598397598119073 0.00035413389559835196 8.135894371963301e-05 0.9999995147788359 -0.0009817447809989115 -0.021991675719618797 -0.0015983184894606973 0.000981873567695708 0.999998240649604 0.5924617052078247
0.9999970680305885 -0.0014529558412813472 -0.001937227283963945 -0.002318789716809988 0.0014486230324691172 0.9999964505926426 -0.002236133588637675 -0.020711755380034447 0.001940469411314667 0.0022333207202997157 0.9999956234189348 0.7624660730361938
0.9999751491490042 -0.003988945272548673 -0.005812865045660073 -0.006316587794572115 0.003955613443924502 0.9999757345534951 -0.0057344072474601535 -0.01976381428539753 0.005835598230574893 0.005711271295437767 0.9999666630310636 1.0287505388259888
0.9999241050107124 -0.00522290499756596 -0.011158202449879443 -0.014363577589392662 0.005157258426631562 0.9999692725446045 -0.005903952247057911 -0.024403346702456474 0.011188695368407919 0.005845958433054663 0.999920315758187 1.251651406288147
0.999831069728924 -0.005952144838211004 -0.01738976643144918 -0.02039913833141327 0.005878181239477151 0.9999734725242959 -0.004301305966434161 -0.028068598359823227 0.017414907120948345 0.004198359146855036 0.9998395345206362 1.3857929706573486
0.9999212834490396 -0.0033200225404171023 -0.012099766772812019 -0.01593616232275963 0.0032896208147265 0.9999913845982019 -0.0025316248273289754 -0.0291155893355608 0.012108067579950218 0.002491621901925064 0.9999235903406706 1.1914173364639282
0.999987733889191 -0.002739839090201852 -0.00412617897334745 -0.00466227438300848 0.0027198452275868654 0.9999845715843677 -0.004843452814522251 -0.019927654415369034 0.004139385594296051 0.004832170836004501 0.9999797576010793 0.90450519323349
0.9999919485870111 -0.002345981220896267 -0.003255631008552775 -0.0038704192265868187 0.0023318093358253023 0.9999878198878731 -0.004350027714877998 -0.020362433046102524 0.0032657964379315283 0.004342401180228607 0.9999852389538638 0.861768364906311
0.9999909007970427 -0.002316765351601 -0.0035820275578175766 -0.00443468801677227 0.002302320065916242 0.9999892227439978 -0.00403159002992645 -0.02090911753475666 0.003591329201482772 0.004023306371747498 0.9999854575744618 0.8932565450668335
0.9999149697911688 -0.006174049118974617 -0.011486265929462282 -0.012945607304573059 0.006100725425639696 0.9999608603634484 -0.006407721160671509 -0.024286987259984016 0.011525377946375146 0.006337101756201556 0.999913499661108 1.1990395784378052
0.9999150122611157 -0.004770359532777693 -0.012133092136025554 -0.017864955589175224 0.004706207434732276 0.9999748251387209 -0.005310433161816634 -0.028214789927005768 0.012158119362570791 0.005252880991692859 0.9999122898408904 1.3809924125671387
0.9998461973104353 -0.005844086520343403 -0.016535669826308372 -0.022091133520007133 0.005760135476366376 0.9999703025358475 -0.005120047427465344 -0.029987167567014694 0.016565100759000834 0.005024012252008302 0.9998501671439255 1.4839128255844116
0.999903116989897 -0.004744894199088679 -0.013085970079761342 -0.019016673788428307 0.004691221658037465 0.9999804709489956 -0.0041291839364091055 -0.03142165020108223 0.013105307064091045 0.004067394702385469 0.9999058491813574 1.3555333614349365
0.9999758876067257 -0.0037369780380295168 -0.005853135935937757 -0.007390030659735203 0.0037037342797110527 0.9999770084182288 -0.005680227752054445 -0.020320160314440727 0.0058742282494447 0.005658412327959258 0.9999667373529983 1.0223065614700317
0.9999748956832397 -0.00402247146646026 -0.005833328946265027 -0.007865396328270435 0.00398866736782768 0.9999752534035318 -0.005795093888043536 -0.020598148927092552 0.00585649519103764 0.0057716811973571435 0.9999661940086941 1.043927788734436
0.999969016714429 -0.0042995848277529855 -0.006593874542833209 -0.009111475199460983 0.0042594005748242585 0.9999723467769775 -0.006096161750399436 -0.02110871486365795 0.006619903165519441 0.006067886918260976 0.9999596780022812 1.0932244062423706
0.9999669062883653 -0.004322244573773714 -0.006892353003145924 -0.009208133444190025 0.00427954547219336 0.9999716353482192 -0.006197902028870598 -0.020965470001101494 0.006918946352366106 0.006168200779200743 0.9999570398174715 1.0921775102615356
0.9999417919276185 -0.004610796757624366 -0.009754655803431263 -0.012837221845984459 0.004551327356888157 0.9999709765163289 -0.006109954522748024 -0.021856030449271202 0.009782544447840553 0.006065202242257731 0.9999337553787684 1.1413105726242065
0.9999511871857654 -0.002827062889603433 -0.009467362948397546 -0.013341818004846573 0.002797747765776779 0.9999912556439674 -0.0031082540179964446 -0.02654411643743515 0.009476067391990974 0.0030816150018337933 0.9999503526654525 1.1979596614837646
0.9999803683760371 -0.0030071486858872835 -0.00549726471127952 -0.008567845448851585 0.0029863236883372105 0.9999883491932937 -0.0037925385297345984 -0.023922394961118698 0.005508605390966825 0.003776047464215964 0.9999776981174102 1.0516867637634277
0.9999544091320162 -0.004239435587244861 -0.008556099773985486 -0.010556135326623917 0.004190519600979484 0.9999748205222168 -0.00572694220631808 -0.021277274936437607 0.008580163338456874 0.0056908266062411774 0.9999469962401124 1.0976752042770386
0.999963352766435 -0.0028659629577767695 -0.008067179211795892 -0.011584911495447159 0.0028404733332140996 0.9999909434053532 -0.0031693561672934117 -0.026019833981990814 0.00807618940799929 0.0031463254117323324 0.9999624371950427 1.163598656654358
0.9999265991418831 -0.004137756319357772 -0.0113875063639761 -0.016985615715384483 0.004091031764559166 0.9999831304479981 -0.004123381927921337 -0.02805386483669281 0.011404375811474703 0.0040764926178953375 0.9999266585206572 1.279380202293396
0.9999322903297413 -0.0036707572431470387 -0.01104265806676743 -0.015090763568878174 0.0036378496307982633 0.9999888869933119 -0.002998656355899174 -0.027880746871232986 0.011053542689172606 0.002958281788294876 0.9999345317383931 1.255832552909851
0.9999684297707367 -0.0038692129826424313 -0.006940364020858666 -0.011407922022044659 0.0038393510374823275 0.9999833379527339 -0.004310823647442999 -0.025718536227941513 0.006956927875007874 0.004284041059948146 0.9999666235163744 1.147566795349121
