0.9999989887066851 0.0004530356474159833 0.0013480891323925624 -0.0035881483927369118 -0.00045183288685992295 0.9999994997635596 -0.0008923674538964156 -0.016096599400043488 -0.0013484927322964624 0.0008917574404467419 0.9999986931671552 0.2852438688278198
0.9999989057718394 0.000684928524743744 0.0013112314973263762 -0.0034424038603901863 -0.0006836268264786802 0.9999992733813625 -0.0009929204946738826 -0.015339350327849388 -0.0013119106241307374 0.0009920230151650201 0.9999986473895108 0.282247394323349
0.9999976341184783 0.00037816244790089056 0.0021421369258792194 -0.0035606035962700844 -0.0003764204324272579 0.9999995982148818 -0.0008135586846386898 -0.014797348529100418 -0.002142443722544175 0.0008127504157472732 0.9999973746823827 0.27731853723526
0.9999982980027635 0.0009036491773888536 0.0016085427381140728 -0.00440707802772522 -0.0009025506202766793 0.9999993590829354 -0.0006835467038610782 -0.013945132493972778 -0.0016091593935882336 0.0006820937492204509 0.9999984726759154 0.20860138535499573
0.9999989379590768 -0.00015747973528842802 0.0014488895235802983 -0.004365735221654177 0.0001584573074170719 0.999999759893357 -0.000674614341895506 -0.015351657755672932 -0.0014487829376043152 0.0006748432125601188 0.9999987228065036 0.2701833248138428
0.9999999024238267 0.0004056073393467182 0.00017502863549003807 -0.003476785495877266 -0.0004054282883187824 0.9999993957688647 -0.001021807128832291 -0.01564066857099533 -0.0001754429822031381 0.001021736067568168 0.9999994626374397 0.30067411065101624
0.9999991759372986 5.827352553542753e-05 0.001282469851351929 -0.003277516458183527 -5.7089697597774246e-05 0.9999995723119459 -0.0009231016690216933 -0.01451103389263153 -0.0012825230952435757 0.0009230276925120465 0.9999987515764152 0.3024882972240448
0.9999988947397432 -0.000679004810416108 0.0013226759842264169 -0.003169955685734749 0.0006801103719885939 0.999999419626319 -0.000835581777565283 -0.016790203750133514 -0.0013221078525336245 0.0008364804196856056 0.999998776164918 0.34035855531692505
0.9999996886102197 -0.0007882181910990627 3.862055520679972e-05 -0.0024065966717898846 0.000788263389250477 0.9999989876589248 -0.0011846189071299399 -0.017376167699694633 -3.768677793750561e-05 0.0011846489814214605 0.9999992975930023 0.38631948828697205
0.9999994766296956 -0.0008853241448491941 0.0005127782112174602 -0.0025199567899107933 0.0008858689222624963 0.99999904247092 -0.0010631526213531453 -0.017635775730013847 -0.0005118364855320676 0.0010636063192119647 0.9999993033822625 0.39127519726753235
0.9999983243103691 -0.00038505678075129683 -0.0017897228078690047 -0.0013883956708014011 0.00038229986399358887 0.9999987403487435 -0.0015405024310166926 -0.016853172332048416 0.0017903137343492478 0.0015398156388267083 0.9999972118683784 0.6042777895927429
0.9999975133546899 -0.0009088775603693552 -0.002036473917657825 -0.0003392616054043174 0.000905673587446227 0.9999983516662082 -0.0015736645830442405 -0.017171582207083702 0.002037900829296127 0.0015718162892598396 0.9999966881713974 0.6638597249984741
0.9999995379846116 -0.0009608254622848506 -2.906878079802372e-05 -0.0017338695470243692 0.0009607854174764111 0.9999986304451361 -0.0013475901577782129 -0.02008727379143238 3.036353992305136e-05 0.0013475616063101286 0.9999990915774736 0.4499707818031311
0.9999994928786771 -0.0008573942724711609 0.0005283156729394875 -0.0012328765587881207 0.0008580700619684391 0.9999988123456307 -0.0012802433740870453 -0.019934073090553284 -0.0005272173721467587 0.0012806960567105497 0.9999990409292665 0.46581873297691345
0.9999996252930043 -0.0008459688899038047 -0.0001837130604558533 -0.00040038791485130787 0.0008457078997190104 0.9999986397165779 -0.0014161013885379311 -0.019327403977513313 0.00018491078827367535 0.001415945490328325 0.9999989804526649 0.5502611398696899
0.9999988537649699 -0.0005483974796288612 -0.0014112862752707028 -0.0006890575168654323 0.000546328674166461 0.9999987763759345 -0.0014658688937607951 -0.017839428037405014 0.0014120884271936578 0.0014650961873708815 0.9999979297475748 0.5877413153648376
0.9999988831941629 -0.0006762233636438978 -0.001332791202473775 -0.00027128844521939754 0.0006742338544590041 0.9999986587413199 -0.0014926232849145995 -0.018227936699986458 0.001333798761594384 0.0014917230049945693 0.9999979978696657 0.6149757504463196
0.9999988426932391 -0.0006701435693923574 -0.0013658403196142779 -0.0003425063332542777 0.000668073293294965 0.9999986282471697 -0.0015156456886396105 -0.018376337364315987 0.0013668541462306728 0.0015147314531321681 0.9999979186470178 0.6208906173706055
0.9999997138471761 -0.0004905618938897694 -0.0005758946037017915 -0.0008230225066654384 0.0004896849728500179 0.9999987220658546 -0.00152186572518827 -0.01881883293390274 0.0005766404370788075 0.0015215832827687168 0.9999986761341838 0.6032828092575073
0.9999963692539713 -0.0005797821208408021 -0.0026316024714158775 -0.0016839253949001431 0.0005743811166547729 0.9999977283438582 -0.002052655220932912 -0.01629192940890789 0.0026327865861173077 0.0020511362254969972 0.9999944306219792 0.6611093282699585
0.9999997589438546 -0.0005686026797448408 -0.00039850122393059 -0.0007211248739622533 0.0005678864861617032 0.9999982276796945 -0.0017950327041267792 -0.01829909160733223 0.00039952117806457514 0.0017948059679633254 0.9999983095257541 0.6096997261047363
0.9999998876554925 -0.00047078692247345694 5.5214813226384e-05 -0.0005264909123070538 0.0004708627363547125 0.999998935298615 -0.001381191485500422 -0.01887502521276474 -5.456450755029061e-05 0.0013812173289291883 0.9999990446302459 0.5619025826454163
0.9999930518319621 -0.0007108810734207407 -0.003659362772218658 -0.0015044441679492593 0.0007038108353180653 0.999997884038342 -0.0019330207311593556 -0.016547948122024536 0.00366072917699965 0.0019304318010370475 0.999991436210808 0.6890208125114441
0.9999934849723294 -0.0009011589888993325 -0.0034954149069927488 -0.0009328603046014905 0.0008945844393011968 0.99999782886782 -0.001882014433271076 -0.01711331680417061 0.003497103312208742 0.00187887522811027 0.9999921200171034 0.7304997444152832
0.9999981506278582 -0.0005816098174476464 -0.001833158717458689 -0.0009752982296049595 0.0005782133676177818 0.9999981164523221 -0.001852771197273152 -0.017671477049589157 0.0018342328545346617 0.0018517078139343153 0.999996603378235 0.6408297419548035
0.9999930412035262 -0.0007556980489330064 -0.003653281399212271 -0.0011033972259610891 0.0007489869949339156 0.9999980303619648 -0.0018380126964699867 -0.01688450202345848 0.0036546631861789102 0.0018352636458568716 0.999991637587208 0.7087664604187012
0.9999753317882818 -0.0007786534936623427 -0.00698065280992439 -0.0026541827246546745 0.0007640090429102679 0.9999975025457035 -0.002100283918510117 -0.014226483181118965 0.006982270769473867 0.002094898826389548 0.9999734292939034 0.8304758071899414
0.9999758459619089 -0.0008227633979960259 -0.00690148919836563 -0.002452694810926914 0.0008094296660433851 0.999997801112078 -0.001934578668367668 -0.014552133157849312 0.0069030657232832665 0.0019289456703837874 0.9999743130962017 0.8418872952461243
0.9999772572486795 -0.0007804147471470527 -0.006698950532026357 -0.0025603773538023233 0.0007667652989067528 0.9999976254840773 -0.0020398767568503133 -0.014630347490310669 0.006700526575165063 0.0020346938416334575 0.9999754811817069 0.8224588632583618
0.9999678082133461 -0.0008322276627150138 -0.007980597353239097 -0.002890529576689005 0.0008163232391901474 0.9999976749237539 -0.001995936736388294 -0.01375887356698513 0.00798223987150681 0.0019893577365366322 0.9999661625787296 0.889377236366272
0.9999746614207862 -0.0008155493386051215 -0.007071873560836088 -0.0024372863117605448 0.0008023186229608018 0.9999979230871227 -0.0018735277602746798 -0.014546715654432774 0.007073386827496573 0.0018678063918860337 0.999973238890957 0.8464553952217102
0.9999663201828419 -0.0008804068879188046 -0.008159864196061803 -0.0030683502554893494 0.0008629733744142657 0.9999973383264997 -0.002139770284748766 -0.013783212751150131 0.008161726345664764 0.0021326564721367773 0.999964418366689 0.8827840089797974
0.9999653998347556 -0.0008286658289810595 -0.008277224550583316 -0.003083419520407915 0.0008114201453114916 0.999997493738528 -0.0020866513868130713 -0.01356326974928379 0.00827893294239558 0.0020798628815826706 0.9999635660561482 0.9001138210296631
0.9999595374288148 -0.000824168867208508 -0.00895791554040634 -0.0037306519225239754 0.0008029981719611186 0.9999968769803642 -0.0023666904010089273 -0.012795867398381233 0.008959838117207042 0.002359401448826575 0.9999570763416381 0.9336756467819214
0.9999572003620294 -0.00087439979587628 -0.009210476053325754 -0.0038352813571691513 0.00085262678194625 0.9999968337401995 -0.0023676015598372993 -0.012971335090696812 0.009212517120886323 0.0023596471287901395 0.9999547797744279 0.9374425411224365
0.9999505052884158 -0.0008182502159558404 -0.009915515116539963 -0.0043583703227341175 0.0007951186410265912 0.9999969540754813 -0.002336584281942125 -0.012901335954666138 0.00991739682522265 0.0023285846224724563 0.9999481101206539 0.9718166589736938
0.9999494385113421 -0.0007981468594389332 -0.010024139985180687 -0.004342374857515097 0.000775878087736575 0.9999972232299736 -0.0022252068522777358 -0.012989627197384834 0.010025888192309982 0.002217316831943807 0.9999472811463723 0.9744768142700195
0.9999501351885468 -0.0007546709380798306 -0.009957791330499881 -0.004423793405294418 0.0007322531264217058 0.9999971899783265 -0.002254737414686369 -0.012914014980196953 0.00995946493369029 0.0022473333587962963 0.9999478779171486 0.9780856370925903
0.9999711788454372 -0.0008826345713429416 -0.007540718445920527 -0.003043034579604864 0.0008706156585786901 0.9999983458046123 -0.001597002321335881 -0.013904782012104988 0.00754211554155818 0.0015903912263291887 0.9999702931332037 0.8833609819412231
0.9999688402151237 -0.0008890325527924602 -0.007843992602036701 -0.0030356207862496376 0.0008686340254333878 0.9999962334879906 -0.0026035523352421035 -0.012097492814064026 0.007846277700323293 0.0025966576502420456 0.9999658460644029 0.8808132410049438
0.9999531722907582 -0.0008965853764693192 -0.009635837291674674 -0.004053736105561256 0.0008739579609324508 0.9999968516465291 -0.0023522105586043355 -0.013084156438708305 0.009637915912242114 0.002343679093260913 0.999950807662645 0.9538767337799072
0.999950231952752 -0.000820494366987931 -0.009942857065798982 -0.004497481044381857 0.00079298548038853 0.9999958482281113 -0.002770324993160794 -0.012882551178336143 0.00994508882137614 0.002762302578208885 0.9999467310276088 0.9727133512496948
0.9999317125617331 -0.0009409441285038756 -0.011648383471800323 -0.005696949083358049 0.0009145561379603145 0.9999970042098296 -0.0022704973983926472 -0.0135944914072752 0.011650484986883421 0.00225968925134027 0.999929577522366 1.0626260042190552
0.9999589671949951 -0.0010380509719029468 -0.0089992431069735 -0.00439463509246707 0.0010224372351915758 0.9999979644960187 -0.0017394326429581916 -0.013087214902043343 0.009001030408723909 0.001730160107916623 0.999957993116502 1.0244007110595703
0.9999548152017197 -0.0007454572972220953 -0.009476911327689106 -0.0052362666465342045 0.0007126395170172982 0.9999937400821418 -0.0034658247862050947 -0.010262959636747837 0.009479435627380416 0.0034589145620998745 0.9999490868090428 0.9810291528701782
0.9999486103569314 -0.0006557896678294183 -0.010116648909249565 -0.0047815232537686825 0.0006305157845800661 0.9999966731342975 -0.002501233731970449 -0.011982021853327751 0.010118255535755539 0.002494726487637396 0.9999456971479325 1.0100716352462769
0.9999542294765053 -0.0008450816142250539 -0.009530204043666052 -0.004014213103801012 0.0008241767586865974 0.9999972464062973 -0.002197251122095314 -0.013067085295915604 0.00953203465788133 0.002189295980082876 0.9999521725054616 0.9542739391326904
0.9999537432420581 -0.0008630508052276845 -0.009579484302608687 -0.004040704574435949 0.0008408267635544639 0.9999969465998624 -0.0023237472551402346 -0.013013496994972229 0.009581460564549692 0.002315585079343252 0.9999514156593762 0.95457524061203
0.9999565651845332 -0.0008382521672464229 -0.009282514619113185 -0.003977845422923565 0.0008176648344781199 0.999997198322289 -0.0022214346244745164 -0.01302100159227848 0.009284350734887236 0.0022137481510919534 0.9999544490378323 0.9483963251113892
0.9999553494257828 -0.0008350322447434079 -0.009412856947336436 -0.004075140226632357 0.0008147884923931348 0.9999973475977386 -0.0021542788120930503 -0.013097801245748997 0.009414630872925649 0.002146513134785834 0.9999533775166164 0.9548582434654236
0.9999553874027891 -0.0008839501108529213 -0.009404351989318214 -0.004076781682670116 0.0008618260427714775 0.9999968524831083 -0.0023563275977781547 -0.01303892396390438 0.009406405265002736 0.0023481175604243543 0.9999530018375427 0.9513561129570007
0.9999697531308235 -0.000790207716221831 -0.007737466978579358 -0.0035202382132411003 0.0007761638218153654 0.9999980464295347 -0.0018178852645869851 -0.01405527163296938 0.007738888369855678 0.0018118247373079452 0.999968412950089 0.907612681388855
0.9999658723148125 -0.0010872981314045465 -0.008189748985776752 -0.0030826374422758818 0.0010703284849568665 0.9999972719799337 -0.0020761574182152497 -0.013283593580126762 0.008191984046058507 0.0020673208421443574 0.9999643081540086 0.893182098865509
0.9999665449864097 -0.0009321718113619243 -0.008126497625461195 -0.0033013676293194294 0.0009158834403672712 0.9999975648564354 -0.0020078442974360814 -0.01339518092572689 0.008128349492128475 0.00200033420037448 0.9999649636850385 0.8986417055130005
0.9999828782330465 -0.0013491310063748151 -0.0056941273501403275 -0.0026230188086628914 0.0013405063876714128 0.9999979490590788 -0.0015181963840639589 -0.014376032166182995 0.005696163917637041 0.0015105373757742036 0.9999826358459729 0.8644245862960815
0.9999536535952519 -0.0011398788816153432 -0.009559881675110557 -0.004992438014596701 0.001109439062853144 0.9999943002702805 -0.003188819831513122 -0.011460473760962486 0.009563462054752076 0.00317806593501192 0.9999492187558526 1.004252552986145
0.9999395754737137 -0.000833826955736834 -0.010961301658875756 -0.005934957880526781 0.0008005545588682108 0.9999950603263276 -0.0030394794525676473 -0.011069395579397678 0.010963781913521497 0.003030520673447427 0.9999353036224895 1.0550564527511597
0.9999544068183859 -0.0005179140660195423 -0.009534990797605556 -0.004149244166910648 0.0004968245359300933 0.9999974255933838 -0.002214039743452004 -0.01244683749973774 0.009536112932988021 0.002209201580957762 0.9999520898415605 0.980707049369812
0.9999697708315681 -0.000889002747991821 -0.0077244480175165525 -0.0028584531974047422 0.0008727790833489882 0.999997406941389 -0.0021034179731253036 -0.013438466936349869 0.007726297931928389 0.002096612651889006 0.9999679537543467 0.873859703540802
0.9999821087327797 -0.000809848119061487 -0.0059267495616591465 -0.002230491489171982 0.0007992710904243191 0.9999980842957931 -0.0017867765577418706 -0.01541735790669918 0.005928185225394551 0.0017820075104601942 0.9999808403510366 0.8297165632247925
0.9999635859700589 -0.0010223306511260243 -0.008472400718828878 -0.00349059933796525 0.001004048805282153 0.9999971592832075 -0.002161784335173997 -0.013710523024201393 0.008474586709524857 0.0021531989120748777 0.9999617718265772 0.8983590602874756
0.9999538193032751 -0.0008363475779446552 -0.009573911610320663 -0.004283595830202103 0.0008121598855278075 0.999996469675976 -0.002530026068149097 -0.012854203581809998 0.009575993792484732 0.002522133682825046 0.999950968390237 0.9592934846878052
0.9999430862667168 -0.0007890774614650609 -0.010639623308801348 -0.0053492323495447636 0.0007622731687187374 0.9999965264227662 -0.002523109593027068 -0.012937316671013832 0.010641577280160708 0.0025148556940670723 0.999940214379754 1.0186591148376465
0.999929272519338 -0.0010529608450228797 -0.011846570491321541 -0.006280695553869009 0.0010282608509836334 0.9999972854280615 -0.0020908888373122906 -0.014824505895376205 0.011848739957030707 0.00207855958935784 0.9999276408578092 1.0863757133483887
0.9999849632830464 -0.0002282760086156053 -0.005479151199607557 -0.0042008389718830585 0.00021510936821869092 0.9999970884227413 -0.0024035128458046906 -0.014763398095965385 0.005479683910954624 0.0024022980881094115 0.9999821008538762 0.8494288325309753
0.9999671024102867 0.0002543905361431013 -0.008107365948984546 -0.005490181036293507 -0.00027877933732127366 0.9999954393862831 -0.0030072393845666924 -0.012112902477383614 0.008106563961180837 0.0030094006197459275 0.9999626128654279 0.9030903577804565
0.999889099710929 -0.00030515280842508934 -0.014889431185615644 -0.008229843340814114 0.0002468512741668688 0.9999922968327354 -0.003917312808370188 -0.010742461308836937 0.014890511868841704 0.003913202902187569 0.9998814727253076 1.1545089483261108
0.9998489358487296 -0.00012067319349753805 -0.01738076293329743 -0.010191543959081173 8.220948888837954e-05 0.9999975463798024 -0.0022137018712756473 -0.012125744484364986 0.017380987421980704 0.0022119385966440606 0.9998464925196675 1.349008321762085
0.9999566336474487 -0.0007766565371428972 -0.00928049724340769 -0.003988283220678568 0.0007576177562653928 0.9999976018572787 -0.0020548223832021727 -0.0130572859197855 0.00928207087868736 0.002047702203551695 0.9999548240175093 0.949155867099762
0.9999221199178151 -0.001108730685025756 -0.012430801073552043 -0.005447738338261843 0.0010807294179517003 0.9999968643251385 -0.002259062596597716 -0.014250002801418304 0.012433266786621851 0.0022454523282081393 0.9999201827250284 1.037712812423706
0.9999578156125296 -0.00020407581427379185 -0.009182883451322104 -0.004583682864904404 0.00018415247778997662 0.9999976277016555 -0.002170409852224148 -0.012131940573453903 0.009183304594940794 0.0021686272440731543 0.9999554809953257 1.002321481704712
0.9999712275267922 -0.0010296926891824301 -0.007515573931926181 -0.0030856160447001457 0.0010118076680051696 0.9999966484333442 -0.0023831423208428948 -0.013290653005242348 0.007518002647204246 0.0023754694366105353 0.999968917907528 0.8705977201461792
0.999965480151419 -0.0009433087191342354 -0.00825522102688041 -0.0032898434437811375 0.0009265743319614461 0.9999975088199656 -0.002030717575216202 -0.013464412651956081 0.008257116055233408 0.002022998399244819 0.9999638631030259 0.9053532481193542
0.9999752998999529 -0.0011287894331140453 -0.00693724905243011 -0.002386318752542138 0.0011164217402660154 0.9999977811702705 -0.0017864089773186956 -0.01383494958281517 0.006939250139432487 0.0017786199571784573 0.9999743413300918 0.8597979545593262
0.9999763745673987 -0.0010954887652421977 -0.006786030607550177 -0.002225880976766348 0.0010828939495692459 0.9999976850059148 -0.0018593879383510506 -0.013287773355841637 0.0067880518365261485 0.0018519954580201257 0.9999752459261619 0.8390941619873047
0.9999811577781473 -0.000979639586626625 -0.006060065590090142 -0.002232351340353489 0.0009714923448637721 0.9999986206097299 -0.0013472124039679624 -0.01421708520501852 0.006061377013497151 0.0013412997121628194 0.9999807301262271 0.8294357061386108
0.9999785181704088 -0.0007399924523532684 -0.006512726685782014 -0.003038623835891485 0.0007225812460755045 0.9999961601557589 -0.0026753598039419573 -0.011560166254639626 0.006514681423988203 0.0026705963581545923 0.9999752131133229 0.8476253151893616
0.9999723951032179 -0.0007732375258952082 -0.007389934726578257 -0.0034269955940544605 0.0007495241830103563 0.9999945635058825 -0.0032111013966000484 -0.011777427047491074 0.00739237749534089 0.003205473819688999 0.9999675383193988 0.8721991181373596
0.9999662192364731 -0.0009206005602738188 -0.008167795328096214 -0.003244312945753336 0.0009045885614069637 0.9999976624844401 -0.001963859768354629 -0.013323448598384857 0.008169584166150592 0.001956404933446486 0.999964714564613 0.9026354551315308
0.9999708018849705 -0.0009207775734708453 -0.007586009899082116 -0.002715200651437044 0.0009059089547933505 0.9999976625684245 -0.0019632082550526037 -0.013329637236893177 0.007587799845436353 0.001956278698773417 0.9999692986622929 0.865332305431366
0.9999666296692961 -0.0009556819089704194 -0.00811333593027916 -0.003021253738552332 0.0009373947149922115 0.9999970125535858 -0.002257470941515066 -0.01327434740960598 0.008115469116261662 0.002249790210741194 0.9999645381737446 0.8850715160369873
0.9999576815592567 -0.000992575058553833 -0.009146031127720652 -0.0036680037155747414 0.0009725941866791984 0.9999971315195754 -0.0021888383149374535 -0.013159028254449368 0.009148177478828016 0.002179850310006918 0.9999557785729536 0.9318143725395203
0.9999468038635327 -0.0008474045394106008 -0.010279657029870583 -0.004746580962091684 0.0008221157197161721 0.9999966262607509 -0.0024640602384777394 -0.013005978427827358 0.010281710404819663 0.0024554780923554827 0.9999441269683466 0.9882075786590576
0.9999448465132572 -0.0007138584977514142 -0.010478279325515006 -0.005057585891336203 0.0006895462030632154 0.9999970625009137 -0.0023236857742085894 -0.01300730835646391 0.010479907328415085 0.0023163323571125027 0.999942401414601 1.0107799768447876
0.9999534125172667 -0.000746479274515239 -0.009623698029658635 -0.004352767486125231 0.0007253660681353266 0.9999973231174963 -0.0021971804452521615 -0.012960302643477917 0.009625312417814507 0.002190097380145411 0.9999512772302084 0.9716246128082275
0.9999221507197875 -0.0007453802815964101 -0.01245539674800996 -0.006291836034506559 0.0007062960979507315 0.9999948143648469 -0.003142035842783008 -0.012449684552848339 0.012457674170428017 0.0031329940394326976 0.9999174919475168 1.0763537883758545
0.9999318760765762 -0.0003711138072502472 -0.01166642535313562 -0.0060448190197348595 0.00034848328155751744 0.999998054037646 -0.0019417724694505906 -0.012883162125945091 0.011667123269285032 0.001937574634100469 0.9999300595737464 1.0814332962036133
0.9999572791679765 -0.0008196880647558633 -0.009206951202958377 -0.003966829273849726 0.000800186784799781 0.9999974292793778 -0.002121588024276138 -0.01311042532324791 0.009208666574840884 0.002114130107589627 0.999955364460735 0.9482587575912476
0.9999623767374853 -0.0009178060755151701 -0.00862570237878517 -0.0035495799966156483 0.0008996580051788193 0.9999973743207347 -0.002107597473567275 -0.013282407075166702 0.008627614096223266 0.0020997579966788877 0.9999605768685895 0.9213720560073853
0.9999648597067232 -0.0009342114990595027 -0.008331062392545734 -0.003393059130758047 0.0009179544678387285 0.9999976676921357 -0.001954985903806888 -0.013260385021567345 0.008332869332255232 0.0019472696690837957 0.9999633850444363 0.9139719009399414
0.9999588132693857 -0.0010724415855458411 -0.009012304584711552 -0.0037236898206174374 0.0010516883305122808 0.9999967854016295 -0.0023071926800853552 -0.013097051531076431 0.00901474994314791 0.002297619518799202 0.9999567266777145 0.9329928159713745
0.9999486152692241 -0.0008690407657602464 -0.010100078678327792 -0.004675217438489199 0.0008454362047635286 0.9999969022354146 -0.0023411017060210953 -0.01287386566400528 0.010102081903481077 0.002332442436954594 0.9999462523823435 0.9927177429199219
0.9999492228516641 -0.0008555617351243612 -0.010040902970856205 -0.004594616591930389 0.0008338011648312174 0.999997295375741 -0.0021711786707655396 -0.012857313267886639 0.010042733391377272 0.002162696307911054 0.9999472317331096 0.9903954267501831
0.9999517191227957 -0.0008380870728614961 -0.009790660520325848 -0.00452685821801424 0.0008152614855811407 0.9999969412726423 -0.0023351218533937497 -0.01305179763585329 0.009792587608803548 0.002327027163221667 0.9999493438032278 0.9744431972503662
0.9999479974978782 -0.0007651977245268317 -0.010169403739920866 -0.004863585811108351 0.0007412623695233195 0.999996947007016 -0.002357224373349388 -0.012991244904696941 0.010171176435529285 0.0023495635954710182 0.999945511875936 0.9967944622039795
0.9999429394400663 -0.0007789322134216292 -0.01065416015305059 -0.005142647307366133 0.0007538809150966535 0.9999969425081382 -0.002355130132526359 -0.012897379696369171 0.010655962064769655 0.002346963779476512 0.9999404693447965 1.0189995765686035
0.9999657438906943 -0.00076803268667106 -0.008241430150338897 -0.0035992581397295 0.0007518067757476487 0.999997773512116 -0.0019717396843263457 -0.013238019309937954 0.008242926161421688 0.0019654761771673206 0.9999640948912588 0.9175046682357788
0.9999719665777037 -0.0010053979982398429 -0.007419921400186096 -0.0027860719710588455 0.0009901107568183307 0.9999973804436344 -0.002063682765880497 -0.013634593226015568 0.00742197678580558 0.0020562783697969647 0.9999703425501463 0.8644423484802246
0.9999684970439907 -0.0010637852415693323 -0.007865957064638574 -0.002860656473785639 0.0010483528911154666 0.9999975183306175 -0.001965779444071196 -0.013492479920387268 0.007868028711094542 0.001957471217377741 0.9999671306751212 0.879374623298645
0.9999696186285183 -0.000946383024933169 -0.00773732376895794 -0.0029070284217596054 0.0009320724632365256 0.9999978489135992 -0.0018529460589799 -0.013487434014678001 0.007739060722002339 0.0018456780175131555 0.9999683497050278 0.8793573379516602
0.9999778382009633 -0.001056973553230686 -0.006573120555405328 -0.002040398772805929 0.0010449037467079611 0.9999977623892778 -0.001839400064597019 -0.01417266484349966 0.006575050044542384 0.001832491021886533 0.9999767050754564 0.82284015417099
0.9999785132109817 -0.0010078494216781574 -0.006477449798928028 -0.002081669867038727 0.000995895560834345 0.9999977957681491 -0.0018484184794141229 -0.014002744108438492 0.006479298448622365 0.0018419278993359585 0.9999773127392577 0.8210092186927795
0.9999741169250886 -0.0010040025966990042 -0.007124426901523788 -0.002720041200518608 0.0009871183936952168 0.9999966971715349 -0.002373024082982261 -0.013873686082661152 0.007126785893105163 0.0023659300089831233 0.9999718052515414 0.8344643115997314
0.9999617598278097 -0.0008312173189441235 -0.008705628055388565 -0.00374390184879303 0.000812480441721402 0.9999973466559828 -0.0021555872809886937 -0.01332678273320198 0.008707396717842902 0.002148431698431993 0.9999597819330712 0.922595739364624
0.9999603324179472 -0.0009317103632528436 -0.00885807577228384 -0.0036457120440900326 0.0009115591607891518 0.9999969883763942 -0.002278661457574161 -0.013370725326240063 0.008860172147588106 0.002270496408466632 0.999958170222922 0.9224296808242798
0.9999622048534405 -0.0009736818066200738 -0.008639491211000213 -0.003490252885967493 0.0009552932828593582 0.9999972703558769 -0.002132298182336451 -0.013177672401070595 0.008641543808210236 0.0021239643438929505 0.9999604054641744 0.9150800704956055
0.9999497484641139 -0.0009627736584678334 -0.009978657897644098 -0.0043505155481398106 0.0009377848405535738 0.9999964137290769 -0.00250860291358032 -0.013165419921278954 0.009981037328278179 0.002499119018325503 0.9999470652479481 0.9647330045700073
0.9999460705155607 -0.0008120371477031654 -0.010353581803389708 -0.004749329760670662 0.0007890444373748747 0.9999972141871272 -0.002224640838489136 -0.012921605259180069 0.010355359451249392 0.002216351428626784 0.99994392558632 1.0005366802215576
0.9999509833941904 -0.0008763988218966473 -0.009862187084830684 -0.0044083246029913425 0.0008524535391433061 0.9999966795121292 -0.002431930854127976 -0.012915600091218948 0.009864285678893582 0.0024234045928477857 0.9999484101583562 0.9718393087387085
0.99994760253545 -0.0007764316558560797 -0.010207317840118253 -0.004746491555124521 0.0007522064880572125 0.9999968921691492 -0.0023769386702202177 -0.012988822534680367 0.010209131647928554 0.0023691361139555086 0.9999450789043709 0.9915359020233154
0.9999543690924333 -0.0008392864803802312 -0.009516056491931928 -0.004262839909642935 0.000819643066732835 0.9999975258789635 -0.0020679509652722044 -0.013311978429555893 0.00951776855134362 0.002060056833066606 0.9999525829996379 0.9613795280456543
0.9999742325716112 -0.0002959185732535738 -0.007172630271752077 -0.0029394011944532394 0.00027905989422045464 0.9999971967416729 -0.002351304823165708 -0.013651764020323753 0.007173305959785095 0.0023492426426421392 0.9999715119645226 0.8328518271446228
0.9999534867002492 -0.0006566242463854899 -0.009622540237011225 -0.0032097501680254936 0.000633118804759437 0.9999968091182759 -0.002445590694437915 -0.012807248160243034 0.009624115366770152 0.0024393847307712714 0.999950711688102 0.8905830383300781
0.9999473742265714 -0.0007816298889783066 -0.010229263517077232 -0.004826026037335396 0.0007585186077329179 0.9999971517031925 -0.0022630145876305903 -0.013054890558123589 0.0102310032209395 0.0022551364080165294 0.9999451189604729 0.9956568479537964
0.9999490125943542 -0.0007712611512748304 -0.010068632867118357 -0.004743887577205896 0.0007464229982086601 0.9999966699600896 -0.0024704091644039846 -0.013035016134381294 0.010070504668785323 0.002462767745517271 0.9999462584112947 0.9873065948486328
0.9999546882730822 -0.0007959671276052904 -0.009486191913253608 -0.0042580850422382355 0.0007754763729399134 0.9999973588540793 -0.0021635436813176967 -0.013274984434247017 0.009487888968485998 0.002156089329719332 0.9999526645005373 0.9608597755432129
0.9999552003128653 -0.0008625687071695165 -0.00942620509444939 -0.004197241738438606 0.0008415381939895889 0.9999971487202549 -0.002234807559560865 -0.013348760083317757 0.009428105892769153 0.002226774929270033 0.9999530750453688 0.9571870565414429
0.9999526333539502 -0.000856376564410782 -0.009695239433871357 -0.004278192762285471 0.0008345931637533786 0.9999971190393472 -0.0022506370779217942 -0.013298987410962582 0.009697138895116555 0.0022424388922394766 0.9999504672557853 0.966119647026062
0.9999548139519964 -0.0007546286956268468 -0.009476317309998185 -0.004311375319957733 0.000736798997965581 0.9999979522300282 -0.001884850918967112 -0.013173822313547134 0.009477720267270586 0.0018777836089045978 0.9999533222842221 0.9716657400131226
0.9999637637297805 -0.0009329625047130762 -0.008461726084966483 -0.0034668827429413795 0.000915485907297152 0.9999974405413815 -0.0020690085162203688 -0.013347811996936798 0.008463634734896293 0.002061186952086492 0.9999620584779321 0.9128633141517639
0.9999660674432107 -0.0010032585098537885 -0.008176639561719422 -0.0032558501698076725 0.0009860957277034533 0.9999973029973461 -0.002102763241423352 -0.013474197126924992 0.008178727124416993 0.0020946289399514655 0.9999643598410035 0.8944193124771118
0.9999557924764191 -0.000998089586796325 -0.00934970106652821 -0.0039045466110110283 0.0009760195338380781 0.9999967276084738 -0.00236477445295567 -0.01339273527264595 0.009352030727402283 0.002355544421256799 0.9999534943844904 0.9389013051986694
0.9999505175777074 -0.0008132500595042359 -0.009914687106323601 -0.004409243352711201 0.0007921216732479639 0.9999974076688504 -0.002134759666641799 -0.013049459084868431 0.009916397497597297 0.0021268003950220896 0.9999485695678303 0.9797821044921875
0.9999538188348626 -0.0008690268716238662 -0.009571049569997771 -0.00415401766076684 0.0008476440101072418 0.9999971365384457 -0.00223794873518783 -0.01316938828676939 0.009572967001253487 0.0022297325412692732 0.9999516921309686 0.9582773447036743
0.9999449657831212 -0.0009194749537957659 -0.010450835890129373 -0.004657423589378595 0.0008946851356345807 0.9999967759605761 -0.0023764694321661717 -0.013054551556706429 0.010452987300343787 0.00236698843750618 0.9999425645617033 0.9936999082565308
0.9999522041861966 -0.0007565203807921796 -0.009747667417386908 -0.004494618624448776 0.0007349324903043858 0.9999972700290446 -0.0022180641767718203 -0.01307653822004795 0.009749318817293611 0.002210794285099705 0.99995003033713 0.9774101972579956
0.9999655735646692 -0.0008658439741449068 -0.008252393573670544 -0.003399925772100687 0.0008493275615350475 0.9999976299010805 -0.0020047031987357466 -0.013403731398284435 0.008254109774866026 0.001997625198639965 0.9999639389324949 0.9097968935966492
0.9999626912836316 -0.0009998806857203072 -0.008579992972656008 -0.00340855261310935 0.0009815828437496127 0.999997235791977 -0.0021365634851698238 -0.013286862522363663 0.00858210556433323 0.002128061798827301 0.9999609086444645 0.9098758101463318
0.9999533124584002 -0.0008579873401632791 -0.009624799280880246 -0.004261080641299486 0.0008365786901789657 0.9999971677884623 -0.002228127274058561 -0.013163959607481956 0.009626683726406089 0.002219971346298129 0.9999511981530167 0.9644865989685059
0.9999528713438928 -0.0008272290753923774 -0.009673199220565075 -0.004278538282960653 0.0008056610977428669 0.999997181530469 -0.002233347557698581 -0.012990206480026245 0.00967501944698299 0.0022254489827268405 0.9999507194734776 0.9692833423614502
0.9999564512118903 -0.0008413575901718191 -0.009294503597682758 -0.004080052953213453 0.0008210901071548424 0.9999972775616212 -0.0021841887238539075 -0.013162432238459587 0.009296315977730637 0.0021764619801270093 0.9999544197224645 0.9509428143501282
0.9999438129057588 -0.0009077409935037204 -0.010561583109628757 -0.004816291853785515 0.0008810407676716766 0.9999964052772379 -0.002532429617591281 -0.013030849397182465 0.010563843933842597 0.0025229821424389625 0.9999410181417955 0.9942222833633423
0.9999516293215782 -0.0006607984013227299 -0.00981337671717844 -0.004619357641786337 0.0006419496525520682 0.9999979435494186 -0.001923745715230194 -0.01319109182804823 0.009814627744547364 0.0019173529685708828 0.9999499971697732 0.9891550540924072
0.9999598096465918 -0.0009516907057967746 -0.008914784145034826 -0.003645747434347868 0.0009322486622527027 0.9999971788243441 -0.0021847782003189494 -0.013251235708594322 0.008916838227970288 0.0021763795977174792 0.9999578757967073 0.9279767274856567
0.9999659892984525 -0.0010908065370655079 -0.00817498547191595 -0.003419105429202318 0.0010751878291335975 0.9999975889443461 -0.0019147001401750175 -0.0141122005879879 0.00817705432900043 0.0019058453749972487 0.9999647511467128 0.9182365536689758
0.9999663899176211 -0.0010141483081914176 -0.008135756776704453 -0.003401113674044609 0.0009956217269709365 0.9999969030958453 -0.0022809068582001876 -0.012850410304963589 0.008138044758876873 0.002272730060520546 0.9999643028256434 0.9071595072746277
0.9999509000608752 -0.0008995326865466976 -0.009868551483959834 -0.004344499204307795 0.0008764555737101734 0.9999968721951367 -0.002342525468575798 -0.013155730441212654 0.00987062779528456 0.0023337611037653303 0.9999485608100237 0.9674570560455322
0.9999381714746924 -0.0008033741898275441 -0.011090888952633564 -0.005236807279288769 0.0007753885867669742 0.9999965055904358 -0.00252736611056966 -0.012804681435227394 0.011092880617226611 0.0025186100985391587 0.9999353002083602 1.0264580249786377
0.9999478704512941 -0.0007213767919746058 -0.010185086914001386 -0.004901484586298466 0.0006998087470099883 0.9999975057775409 -0.0021210154205838433 -0.013084718957543373 0.010186591561428688 0.002113777240095695 0.9999458811846467 1.003972053527832
0.9999600426944907 -0.000904644582935247 -0.008893516324321301 -0.0038503725081682205 0.0008859855977422534 0.9999973988145913 -0.0021017596370507116 -0.013256395235657692 0.008895394536106696 0.0020937961290221525 0.9999582431150899 0.9357941150665283
0.999964809176519 -0.000909345968289676 -0.008339874008534044 -0.0034133419394493103 0.0008927250063015772 0.9999976085971155 -0.0019964573909153783 -0.013448571786284447 0.008341669535014572 0.0019889419198589244 0.999963229653675 0.9091512560844421
0.999970014959774 -0.001037432964718773 -0.007674171889747879 -0.0029097236692905426 0.0010220013912949591 0.9999974486607827 -0.002014493753246167 -0.013545102439820766 0.007676242212559013 0.0020065903342215818 0.9999685239549918 0.8770250082015991
0.9999696739369874 -0.0010152750049766458 -0.007721426229604859 -0.0028342697769403458 0.0010007002047902466 0.9999977109629765 -0.0018912080550354845 -0.013662251643836498 0.0077233286512418346 0.0018834238693315993 0.9999684009552868 0.875280499458313
0.9999704684003967 -0.0011010343994377213 -0.007605922057339696 -0.002891186624765396 0.001085555403728394 0.999997332116809 -0.002038952851314731 -0.013734948821365833 0.007608146722856216 0.0020306359879858345 0.9999689958298346 0.8793994784355164
0.9999683968328632 -0.001003705425027911 -0.007886565217700509 -0.0031300350092351437 0.0009889576612486452 0.9999977556723623 -0.0018736629853177394 -0.013493069447577 0.00788842812336726 0.0018658042925402743 0.9999671451983231 0.8933724164962769
0.9999739480968726 -0.001017894998063055 -0.007146119039456651 -0.0024180514737963676 0.0010045992069251538 0.9999977583183304 -0.0018639041679853995 -0.013685394078493118 0.007148000278862053 0.0018566766242149456 0.9999727290501108 0.8481360077857971
0.9999728220691806 -0.0011203857801143635 -0.007286964985667378 -0.002504703588783741 0.001105502092621074 0.9999972954294376 -0.0020462157591825767 -0.013589050620794296 0.007289237828596023 0.002038104392231721 0.9999713561609475 0.8539733290672302
0.9999751871321432 -0.0010741061249829385 -0.006962141629380997 -0.002203936455771327 0.0010614365358300039 0.9999977746028733 -0.0018232229104883898 -0.01372496783733368 0.0069640844707463834 0.0018157877996061904 0.9999741018857194 0.8407227993011475
0.9999767404827598 -0.001069178967284007 -0.006736122758049008 -0.002113258931785822 0.0010559094101526359 0.9999974958467605 -0.001973158768617194 -0.013717254623770714 0.006738215549619897 0.0019660001384886297 0.9999753653438982 0.833786129951477
0.9999685255774731 -0.0011119104319478883 -0.007855667355842767 -0.0027169480454176664 0.001096006609376946 0.9999973419384337 -0.002028518074638378 -0.013506673276424408 0.007857902005403877 0.002019844364860323 0.9999670862607504 0.8736685514450073
0.9999941106764053 -0.000875090098220422 -0.0033185583955854473 -0.0006538106827065349 0.0008713958361277334 0.9999989992840681 -0.0011144954728123514 -0.01738681271672249 0.00331953035860396 0.0011115971312200077 0.999993872516235 0.7069158554077148
0.9999978720073908 -0.0016053002411658352 -0.0012957591697434839 -0.0010167837608605623 0.0016030901522936297 0.9999972617516513 -0.001704872770380773 -0.02212822437286377 0.0012984924543025264 0.001702791923659358 0.9999977072058771 0.5009246468544006
0.9999998927858773 -0.00013841868514474014 -0.0004418919569118987 -0.0032635973766446114 0.00013800071783957984 0.9999995432572054 -0.0009457490060911509 -0.017941895872354507 0.00044202266441483145 0.0009456879232862395 0.9999994551450095 0.3344166874885559
0.9999995821930505 -0.0007554231180508464 -0.0005147325881644728 -0.0024866038002073765 0.0007548721795308917 0.999999142960748 -0.001069694237733605 -0.018912598490715027 0.0005155402187748701 0.0010693052334972153 0.999999295402052 0.3905898928642273
0.9999977663310904 -0.0005452307369676414 -0.0020420715642456514 -0.0006791254272684455 0.0005420723679873742 0.9999986566531753 -0.0015468837683217972 -0.018018050119280815 0.002042912229612305 0.0015457733625271867 0.999996718541783 0.5949535369873047
0.9999870926506537 -0.0009600620663403594 -0.00498926977845376 -0.0010589975863695145 0.0009518622372482655 0.9999981929653284 -0.0016456075958320787 -0.01552367489784956 0.004990840648099124 0.0016408372579063979 0.9999861994861322 0.7597655653953552
0.9999925386160272 -0.0008064378727309152 -0.003777879065105709 -0.0007900928030721843 0.0007998940675532486 0.999998177869875 -0.001733328131168523 -0.015838872641324997 0.0037792700027693004 0.0017302932950896742 0.9999913615643682 0.6950141787528992
0.999982597186496 -0.0009084233097221744 -0.005829244482795489 -0.0018848353065550327 0.0008963747207329818 0.9999974574564829 -0.0020692010364447813 -0.014187420718371868 0.005831109372141729 0.0020639398391296923 0.999980868974917 0.7789759635925293
