0.9999624728952908 -0.0008886142696252368 -0.008617607893996243 -0.00339012173935771 0.0008711638985541343 0.9999975631087442 -0.0020285093135622516 -0.013295853510499 0.008619389456145017 0.0020209258405916937 0.9999608102241558 0.9200738072395325
0.9999803046663184 -0.0010379289561197051 -0.006189748212880115 -0.0015775976935401559 0.0010281997727254206 0.9999982314078616 -0.0015747972492038017 -0.014923904091119766 0.006191371793405053 0.001568401935340787 0.9999796033073299 0.8045796155929565
0.9999789299309899 -0.0009826241117616994 -0.006416708184671483 -0.0018604405922815204 0.0009712728709669506 0.9999979585157481 -0.0017718897668867694 -0.014606144279241562 0.0064184361866711035 0.00176562005846642 0.9999778428858944 0.8094146847724915
0.9999922308422245 -0.0008064520304903399 -0.0038584829031140925 -0.0008083317661657929 0.0008000934136428877 0.9999983199644569 -0.0016492176306410475 -0.01631382666528225 0.0038598064356326236 0.001646117670851634 0.9999911960566918 0.7034711837768555
0.9999867262466074 -0.0008665302482211135 -0.0050790211578400505 -0.0014785646926611662 0.0008571989530766955 0.9999979414360859 -0.001839112162313258 -0.015403647907078266 0.0050806043486688905 0.0018347340187727993 0.9999854104988396 0.7447487115859985
0.999981370127635 -0.0008257541723247314 -0.006047935821811594 -0.0019222866976633668 0.0008141030360792014 0.9999978087250267 -0.0019286734797457333 -0.01437357347458601 0.0060495151792941395 0.0019237139058904226 0.9999798511424637 0.7861596345901489
0.9999866871087513 -0.0008426399387409419 -0.005090733070763675 -0.001410395372658968 0.0008335763430211718 0.9999980643297952 -0.0017822702215632895 -0.015371723100543022 0.005092225028853669 0.0017780029797372302 0.9999854538690346 0.7496379613876343
0.9999806727541527 -0.0009605197895576405 -0.00614259878925593 -0.0016302509466186166 0.0009498471785388726 0.9999980348214407 -0.0017401561981396196 -0.014415335841476917 0.0061442581724177265 0.0017342880355840945 0.999979619960587 0.798503041267395
0.9999936808179944 -0.0008616209780848522 -0.0034490481830739697 -0.0006328934105113149 0.0008556274117909258 0.999998122160664 -0.0017388435461518604 -0.016322877258062363 0.003450539930392592 0.0017358814579129871 0.9999925402170522 0.685565173625946
0.9999824648413691 -0.0009087289184060431 -0.005851856246769413 -0.0020966357551515102 0.0008958818977738906 0.9999971839214999 -0.0021976225096907876 -0.014300916343927383 0.005853836810609147 0.002192341401951614 0.9999804629260374 0.7793892621994019
0.9999778457121504 -0.00099444894193919 -0.006581728966490145 -0.0019001690670847893 0.0009839955041874783 0.9999982497590678 -0.0015912987300807284 -0.0149431973695755 0.006583299912217143 0.001584787084277801 0.9999770740432817 0.8253544569015503
0.9999773240619432 -0.0009557771368363308 -0.006666172213540944 -0.0021414244547486305 0.0009425215981573364 0.9999975731131553 -0.00199133644499118 -0.01386728510260582 0.006668059309341165 0.001985008278281004 0.9999757980707247 0.8221372365951538
0.999972539678041 -0.001010226494703457 -0.007341616462221307 -0.0023999069817364216 0.0009951844985547458 0.9999973989734471 -0.002052231506105454 -0.013474112376570702 0.0073436705851226795 0.002044868888270025 0.9999709440846605 0.8541306853294373
0.9999733691556077 -0.001061874528045336 -0.007220346395386983 -0.0023335868027061224 0.0010480270287865614 0.9999976050096904 -0.0019213573926530148 -0.013544363901019096 0.007222369343201864 0.0019137391071037018 0.9999720871022852 0.8510862588882446
0.9999755045370635 -0.0010578128226421766 -0.006918913056091959 -0.002252683974802494 0.0010448963034544092 0.9999977052865496 -0.0018701907256567967 -0.01353481039404869 0.006920875490899492 0.001862915367792959 0.9999743151845313 0.8422442674636841
0.9999727220750959 -0.0011058018352755837 -0.007302897234942272 -0.0023884926922619343 0.0010911369526668678 0.9999973810971033 -0.0020117701372881804 -0.013581602834165096 0.007305102728473516 0.002003746799338877 0.9999713098248822 0.8505991697311401
0.9999712169772077 -0.0009942429550354186 -0.007521748338543338 -0.002724987920373678 0.0009780317432204946 0.999997191910263 -0.002158616570331422 -0.01355013158172369 0.0075238734061167005 0.002151197930181867 0.9999693813694667 0.8618035316467285
0.9999762586632884 -0.0009803056160260753 -0.006820638582391319 -0.002111791865900159 0.0009683751953864287 0.9999979959371685 -0.001752247450558306 -0.014097885228693485 0.006822342651419498 0.0017456009126416963 0.9999752039516784 0.8364523649215698
0.9999843779584956 -0.0010093466150414984 -0.00549773211162498 -0.001295943628065288 0.0010001757641719523 0.9999981043547377 -0.0016706092816519533 -0.014949630945920944 0.005499407913698641 0.0016650844849084607 0.9999834918668692 0.7681862115859985
0.9999976848785068 -0.0007135862512326653 -0.002030032583155786 -0.00044537417124956846 0.0007103816366975906 0.9999985012376266 -0.0015788858194895978 -0.017526833340525627 0.0020311562118323877 0.00157744006630813 0.9999966930381722 0.6409364938735962
0.9999990185731814 -0.0009024404711619304 -0.0010716594001484814 -0.0001635842490941286 0.000900832686091507 0.9999984695305069 -0.0014998123601093838 -0.018367398530244827 0.0010730112513793741 0.0014988455023372997 0.999998301053064 0.622104287147522
0.9999985340862813 -0.0005898505161949727 -0.0016074519144536213 -0.00047808606177568436 0.0005874958086844449 0.999998754386752 -0.0014649483333855156 -0.01766076125204563 0.0016083140127208676 0.0014640018146352528 0.9999976350095651 0.5985767841339111
0.9999840944836539 -0.0009642486060141979 -0.005557067961809154 -0.0016584497643634677 0.000953408547285479 0.9999976384014931 -0.0019529986119426104 -0.014576444402337074 0.005558938014434868 0.0019476693923986296 0.9999826522455724 0.7661839723587036
0.9999679251276795 -0.001282839738777077 -0.00790588629112461 -0.002562343142926693 0.0012686924174329765 0.9999975855900962 -0.0017942222627661559 -0.014309510588645935 0.007908168902693325 0.001784134575325526 0.999967138324267 0.8795374631881714
0.9999842884535013 -0.000848453889874312 -0.005541026271471598 -0.0017043743282556534 0.0008385729134272663 0.9999980547133104 -0.0017853193169722415 -0.014414776116609573 0.0055425302537061 0.0017806447123009331 0.9999830546878257 0.8092989921569824
0.9999698235940915 -0.0009398936449292369 -0.007711582272023348 -0.0029557175002992153 0.0009216742504411997 0.999996776712558 -0.002365815096486611 -0.014393615536391735 0.007713781029951317 0.0023586361378796715 0.9999674666796873 0.840630292892456
0.9999610155124612 -0.0007139714986428521 -0.008801005623571037 -0.003331147599965334 0.0006980989719722146 0.9999981247320251 -0.0018064302527935575 -0.014575853012502193 0.008802278859041826 0.0018002158570577414 0.9999596387403621 0.9337013959884644
0.9999198469743518 -0.0007413215553346242 -0.012639227394912385 -0.005979716312140226 0.0007031580162308659 0.999995181608332 -0.003023628436659467 -0.013188425451517105 0.012641407975099836 0.003014498709630136 0.9999155502350868 1.0625085830688477
0.9998797658960712 -0.00011821786755479463 -0.015506120602955458 -0.008406924083828926 7.457604631951471e-05 0.9999960349918108 -0.0028150380228727876 -0.011760551482439041 0.015506391908852436 0.0028135431741302605 0.9998758101808324 1.2416294813156128
0.9998877627205379 -0.00025896036503387376 -0.014979816462395889 -0.007930317893624306 0.00021374996114421733 0.9999954181217992 -0.003019610299797643 -0.0121573805809021 0.014980529786086879 0.003016069451765773 0.9998832367093623 1.194896936416626
0.9998919778051875 -0.00025446384189774 -0.014695848699009934 -0.007617978844791651 0.00021552261730194616 0.9999964619823537 -0.0026513341503719063 -0.01229855790734291 0.014696471373511964 0.002647880459662717 0.9998884950124385 1.1944295167922974
0.9999191825294207 -0.0003456834984876465 -0.012708615684426921 -0.006330799777060747 0.0003139850068303708 0.9999968352874499 -0.0024961627552633025 -0.012135633267462254 0.012709438347585401 0.0024919707069207876 0.9999161266120701 1.114018440246582
0.9999323583735878 -0.0003369902839657522 -0.011626053284897757 -0.005629199557006359 0.00031274653722154473 0.9999977732040973 -0.0020870496999678694 -0.012964137829840183 0.011626730711520981 0.0020832725206253555 0.9999302371208536 1.0698819160461426
0.9999628857983435 -0.0006378565047806748 -0.00859186620754627 -0.003344531636685133 0.0006197181171550822 0.9999975743015186 -0.002113608415510257 -0.013938486576080322 0.00859319354514585 0.0021082054354723124 0.999960855481122 0.9118599891662598
0.9999775016350594 -0.000616516129658029 -0.006679530789405122 -0.0022974535822868347 0.000604898489193094 0.9999983012100077 -0.0017411705593023408 -0.015580030158162117 0.006680592902019359 0.001737090947728644 0.9999761758129625 0.8573058843612671
0.999981794419845 -0.0006411848879425499 -0.005999975900487413 -0.0022597028873860836 0.0006300226567796834 0.9999980678544848 -0.0018620845172779312 -0.01577349565923214 0.0060011582481134355 0.0018582704961915572 0.9999802662705122 0.7810932993888855
0.9999561053613801 -0.0006735423205924743 -0.009345249661851492 -0.0037319245748221874 0.0006527428525690132 0.999997303754654 -0.002228544410616944 -0.013123414479196072 0.009346725483739457 0.002222346544543146 0.9999538488843208 0.9409996867179871
0.9999554343481232 -0.0006752043994208636 -0.009416656342658772 -0.003927700221538544 0.000653587389445259 0.9999971448504322 -0.0022985026666071653 -0.01280956156551838 0.009418181415809058 0.002292245624501185 0.9999530206308775 0.9517168998718262
0.9999662293088587 -0.0008379579348278723 -0.00817545523638287 -0.002829008735716343 0.000821550666474479 0.9999976423829925 -0.002010045511618446 -0.01421206071972847 0.008177120295376386 0.0020032610802941113 0.9999645601963695 0.8826841115951538
0.999961934508435 -0.000691699849462788 -0.008697763245010417 -0.003346651792526245 0.0006741766242113508 0.9999977376833016 -0.00201745239294552 -0.013961289077997208 0.008699139039431888 0.002011511768965763 0.9999601386057224 0.9181398749351501
0.9999542106806666 -0.0006995574624641794 -0.009543959417458394 -0.004028198309242725 0.0006752522783431022 0.9999965216765319 -0.0025496409940332777 -0.013619781471788883 0.009545709840864352 0.002543079667366563 0.9999512048942387 0.9338091611862183
0.9999160191284606 -0.0005277659488197002 -0.012948982716628239 -0.006406577304005623 0.0004903722685265647 0.999995701468665 -0.002890774849601756 -0.012522217817604542 0.012950452707551597 0.0028841822577805975 0.9999119797599054 1.098467469215393
0.9998137634350398 2.0541549033113717e-05 -0.019298653422115446 -0.011528054252266884 -9.053134858520826e-05 0.9999934226644237 -0.003625800872364902 -0.011988375335931778 0.019298452008829313 0.003626872748785386 0.9998071891840581 1.3942632675170898
0.9998540828356414 0.0004092123998185713 -0.017077633972839474 -0.010406543500721455 -0.00046372908538898057 0.9999948093646702 -0.0031884477496225993 -0.010959328152239323 0.01707624057671391 0.003195901895951101 0.9998490827214063 1.3570843935012817
0.999882055541236 -0.00017407515413574634 -0.01535723622509743 -0.008588987402617931 0.00013114147081367717 0.9999960808307087 -0.0027966274577244025 -0.01206948608160019 0.01535766286084458 0.0027942836404663443 0.9998781596626607 1.2319313287734985
0.9998912865731736 3.464441337493329e-05 -0.01474495964078202 -0.008251994848251343 -7.087574602297587e-05 0.9999969798313331 -0.0024566857432825186 -0.012203909456729889 0.014744829998080494 0.0024574637285713495 0.9998882691882881 1.2154728174209595
0.9999566034609684 -0.000493166282351957 -0.009303116779972018 -0.0042577930726110935 0.0004777730747903676 0.9999985134070823 -0.001656778957688368 -0.013445017859339714 0.009303920017543741 0.0016522622805065627 0.9999553525541347 0.976980447769165
0.9999835129146234 -0.001068956227475529 -0.005641917361433884 -0.001770473551005125 0.0010597937098941561 0.9999981152629176 -0.001626747646473028 -0.014795211143791676 0.005643645649930246 0.001620741557614304 0.9999827610817007 0.7952826023101807
0.9999800303256327 -0.0007700152694269655 -0.006272641104949352 -0.002837476786226034 0.0007532144163503748 0.999996124172856 -0.0026803558175623136 -0.013379261828958988 0.006274680708183714 0.0026755776480206087 0.9999767345624895 0.8207828402519226
0.9999727166781145 -0.0009841829664463241 -0.007321016546881579 -0.0030124071054160595 0.0009708967571898418 0.9999978758671698 -0.0018181365831697392 -0.01392410695552826 0.007322790375125811 0.0018109790271394087 0.9999715481432885 0.8800338506698608
0.999839400218568 0.0007820785475359868 -0.01790424876167702 -0.010055234655737877 -0.0008421070077135213 0.9999940493731266 -0.0033454557424371393 -0.003560878336429596 0.017901525811005296 0.0033599957563261677 0.9998341091411893 1.153209924697876
0.999761010753373 0.00246699318528496 -0.02172177069250216 -0.012067519128322601 -0.002520039670127926 0.9999939084384427 -0.002415054050804885 -0.005843714810907841 0.021715680451113425 0.002469216602707247 0.9997611375683263 1.1766877174377441
0.9997762398991886 0.002778421601059834 -0.020970229050897335 -0.01304340548813343 -0.0028203526487771634 0.9999940818628426 -0.00197024115970082 -0.006075634621083736 0.020964630785608174 0.0020289437393894642 0.999778159214996 1.1644641160964966
0.9996879112414585 0.0031592144371977112 -0.0247810306853821 -0.014421707950532436 -0.003176123957308485 0.9999947493625646 -0.0006430271452330502 -0.007095346227288246 0.02477886910853396 0.0007215340889362247 0.9996926962993482 1.1972604990005493
0.9998382297772538 0.002423155622547722 -0.017822530480156463 -0.011658248491585255 -0.002450640430664184 0.999995841272785 -0.001520460000981782 -0.007156039588153362 0.017818772049913677 0.001563890649600163 0.9998400100059355 1.0403941869735718
0.9998043649484208 0.002468284150034609 -0.01962496887742468 -0.011230990290641785 -0.002496715607804626 0.999995868782629 -0.0014243696321892525 -0.008030659519135952 0.019621372053425422 0.0014730889416617375 0.9998063971428226 1.088333249092102
0.9998778695592219 0.001592765042721887 -0.015546995376289539 -0.010227049700915813 -0.001619268016471666 0.999997257107411 -0.001692261429288474 -0.007919919677078724 0.015544257357703425 0.0017172295050192617 0.9998777061151151 1.0119112730026245
0.9998772306762647 0.001715170211423323 -0.015575036639110279 -0.009075315669178963 -0.0017330742198421222 0.9999978528539435 -0.001136107939891962 -0.00938346330076456 0.015573054578736315 0.0011629611551608296 0.999878056311088 0.9740527868270874
0.9998622009195327 0.0007876261369381249 -0.01658188220366125 -0.01070511993020773 -0.0008130471994497476 0.9999985045626723 -0.0015263769751722746 -0.010313344188034534 0.016580655192095176 0.0015396484947159423 0.9998613460654998 1.0357356071472168
0.999731931584618 0.0016281201705882979 -0.023095761403299594 -0.012473014183342457 -0.0016192570145720615 0.9999986080181322 0.00040245312558280733 -0.007940979674458504 0.02309638449646998 -0.0003649472669519914 0.9997331763209036 1.10792076587677
0.9996668649940588 0.0024983830566676283 -0.025688851960574303 -0.012890302576124668 -0.0024814418453999935 0.999996682246314 0.0006913340237705227 -0.006785848177969456 0.025690493948502504 -0.0006273583239911518 0.9996697479378953 1.1558386087417603
0.9996513869358598 0.0027076163228465285 -0.026263537672222195 -0.012558874674141407 -0.002734584078067994 0.9999957700234028 -0.000990951674726872 -0.00530528649687767 0.02626074346114284 0.0010624260679793283 0.9996545626383736 1.207637071609497
0.9997213087186807 0.002516886290885393 -0.023472753933170342 -0.011524598114192486 -0.002585643471940732 0.9999924540990336 -0.002899343516809571 -0.005352010019123554 0.023465279492143724 0.0029592276680256596 0.9997202726912986 1.1873981952667236
0.9998316856737798 0.0014300662623011307 -0.018290851079516748 -0.00842238124459982 -0.0014863416219060089 0.9999942029526614 -0.0030634701979955162 -0.010956566780805588 0.018286364081211464 0.003090141025332816 0.9998280151691752 1.081111192703247
0.9998570853703056 0.0009852584121170715 -0.016877147290312883 -0.01055070012807846 -0.0010473598322719058 0.9999927127388253 -0.003671172377762264 -0.01085580699145794 0.01687340724866517 0.003688324159676562 0.9998508310706723 1.1813580989837646
0.9999892869484941 0.0005769140665057804 -0.004592728862241137 -0.003039146773517132 -0.000586223701112281 0.9999977759324089 -0.002025949655807569 -0.01852353848516941 0.0045915498488472515 0.0020286203182163865 0.9999874011054289 0.8416796922683716
0.9999978938333022 3.434168064580024e-05 0.0020521085761812286 -0.00320247421041131 -3.26655396916815e-05 0.9999996658709787 -0.0008168175398193091 -0.015998704358935356 -0.0020521359413992967 0.0008167487862312617 0.9999975608267743 0.3017837405204773
0.9999982171136186 -0.0002440348336013693 0.0018724894084160696 -0.002452612854540348 0.0002458882115673707 0.9999994800883605 -0.0009896272008158454 -0.016527507454156876 -0.0018722469313777522 0.0009900858594948006 0.9999977572081945 0.34484952688217163
0.9999979261092453 0.00011377823583283498 0.002033428563199558 -0.0025609200820326805 -0.00011178627364800221 0.9999995138511761 -0.0009796944629626295 -0.015866290777921677 -0.0020335390425583045 0.000979465121781531 0.9999974526802745 0.3209557831287384
0.9999985059607865 -0.00041016799904777725 0.0016792374482589472 -0.002471833722665906 0.0004118385729531668 0.9999994205639313 -0.000994615901566792 -0.017092132940888405 -0.001678828515634035 0.0009953059903259733 0.9999980954485869 0.3582881987094879
0.9999993297946904 -0.00057896753152595 0.0010026000039044304 -0.002431867877021432 0.0005800338522187672 0.9999992661666834 -0.0010635914747265632 -0.01749282516539097 -0.0010019834832324698 0.0010641723038444088 0.9999989317826331 0.3762217164039612
0.9999836241633636 0.0009216648800261223 0.005648180145314102 -0.0020833169110119343 -0.0009114732029692817 0.9999979524760997 -0.0018067263790633658 -0.007348831743001938 -0.00564983377678166 0.0018015486275593385 0.9999824167458333 0.2192455232143402
0.9999430706663709 -0.0012869954775741855 0.010592406192650982 -0.0027474500238895416 0.001290923169360551 0.9999991005198282 -0.0003639737702048667 -0.00840796623378992 -0.010591928232395431 0.00037762703199404176 0.9999438326496867 0.23331612348556519
0.9999837085213182 -0.0004889471001697858 0.005687145389775077 -0.003485324326902628 0.0004902401278387567 0.999999854301557 -0.00022596787722730012 -0.010588246397674084 -0.0056870340748285475 0.00022875226275936644 0.9999838025267379 0.22718161344528198
0.9999933101504219 -0.0008513288730947292 0.0035573717196723583 -0.0038240747526288033 0.000851989435156995 0.9999996200963582 -0.00018417693051826518 -0.013931904919445515 -0.0035572135730751785 0.0001872065415243914 0.9999936555725273 0.28049248456954956
0.9999937348402292 -1.3849189186002497e-05 0.0035397865033073676 -0.0020337183959782124 1.879368628380153e-05 0.9999990242902747 -0.0013968053893986584 -0.012188851833343506 -0.0035397637048811574 0.0013968631638267802 0.9999927593968942 0.3016706705093384
0.999993985411379 -0.0004692750515521723 -0.0034364112084093804 -0.003017907030880451 0.0004669938711158791 0.9999996701125953 -0.0006645986949404596 -0.01855401135981083 0.0034367219543674343 0.0006629899146797501 0.999993874674531 0.6500710248947144
0.999999629356753 0.0001489699869065225 -0.000847994280549285 -0.001967029180377722 -0.00015187038503417663 0.9999941359142875 -0.003421267663284312 -0.019852224737405777 0.0008474796416391368 0.0034213951804324496 0.9999937878973432 0.7079803943634033
0.9999792786181166 -0.0004944726769806027 0.006418553665967018 -0.001816794858314097 0.000502556875512372 0.9999990824950563 -0.0012579529532909164 -0.007800618186593056 -0.0064179257535479685 0.0012611525750430568 0.9999786096328284 0.299218088388443
0.9999892260041151 -0.0008344457126817978 0.0045663525974108535 -0.0020265544299036264 0.0008398144943611535 0.9999989582931533 -0.0011739353575764375 -0.01093321293592453 -0.004565368255283991 0.0011777575986993947 0.9999888850880958 0.33466824889183044
0.9999892957684464 -0.0009716572157938911 0.004523740795193005 -0.0022470729891210794 0.0009750179476942604 0.9999992503041987 -0.0007407638239096501 -0.013019861653447151 -0.004523017635248823 0.0007451666230681821 0.9999894934638941 0.3665696382522583
0.9999885044775713 -0.000251956526320952 0.004788259664982649 -0.0011448751902207732 0.0002594841403495003 0.9999987314611984 -0.0015715419099875019 -0.011785631999373436 -0.004787857630648863 0.0015727663217351663 0.9999873013320749 0.34973955154418945
0.9999964185480044 -0.0007194430899318903 0.0025778465441267527 -0.002053620060905814 0.0007219194179070499 0.999999278791436 -0.0009598171503166087 -0.015475159510970116 -0.0025771541511453552 0.0009616747102541498 0.9999962167219599 0.39202576875686646
0.9999986097572978 -0.0004427922758660525 0.0016076126623357115 -0.0018157733138650656 0.00044484178677954355 0.9999990885701915 -0.0012747449043758908 -0.016600027680397034 -0.001607046749912253 0.001275458265460253 0.9999978953012636 0.3902008831501007
0.999998316091813 -0.0006498134770833099 0.001716262212966059 -0.0017886762507259846 0.0006519942984517474 0.9999989804587225 -0.0012704270740744633 -0.016525205224752426 -0.0017154349225315044 0.0012715439279694144 0.9999977202269343 0.40050458908081055
0.999997411956795 -0.0006588276698873037 0.0021776192994989244 -0.001659309258684516 0.0006616466396188569 0.9999989438256653 -0.0012940522702878908 -0.015517186373472214 -0.0021767644421113634 0.0012954897357165885 0.9999967916963076 0.41240057349205017
0.9999940659210318 -0.00020579469692471916 0.003438861914338042 -0.0014164322055876255 0.00021062388522933036 0.9999989922169307 -0.001403995264283354 -0.013465292751789093 -0.00343856951393133 0.0014047112393217496 0.9999931014892213 0.37887734174728394
0.9999554644027101 0.0005102282459959356 0.009423846258151994 -0.001185523928143084 -0.00048608897896392525 0.9999965957744127 -0.002563621869581709 -0.002376912161707878 -0.009425122209543347 0.0025589268693449836 0.9999523083450592 0.2246391326189041
0.9998361202351821 -0.0007595652160948178 0.01808744685523096 -0.0016057247994467616 0.0008051234278621229 0.9999965217483224 -0.002511626469555963 0.005722247064113617 -0.018085476198436496 0.0025257774920141793 0.9998332540972702 0.12845638394355774
0.999946738362989 -0.0013771063792338012 0.010228588135260078 -0.0023687193170189857 0.001382040392694122 0.9999989320160356 -0.0004753221451317208 -0.009048218838870525 -0.010227922642133715 0.0004894331506593247 0.999947573652548 0.27983465790748596
0.9999952081359808 -0.0006913996425263196 0.0030175605397507817 -0.002487070392817259 0.0006936213226083918 0.9999994891365824 -0.0007352659622135828 -0.016160277649760246 -0.0030170506355660554 0.0007373554832517067 0.9999951768445455 0.35237133502960205
0.999999824525662 -5.453057439186961e-05 -0.0005898941109057393 -0.001402973080985248 5.4055260622214744e-05 0.9999996739247605 -0.0008057471080123804 -0.01676793582737446 0.0005899378564084901 0.0008057150797445352 0.9999995013981439 0.5773865580558777
0.9999997515741179 -0.0002601719084190291 -0.0006551047858654172 -0.0016324666794389486 0.00025880634229357493 0.9999977955565158 -0.002083722962848567 -0.01769261062145233 0.0006556454679038014 0.002083552899924403 0.9999976144653214 0.5879346132278442
0.9999989234725347 -0.0006975483424573788 0.0012909221824348473 -0.0012716659111902118 0.0006991225840131259 0.9999990121191459 -0.0012194213153630966 -0.018162501975893974 -0.0012900703018402509 0.001220322515474503 0.9999984232645439 0.4601793587207794
0.9999875339306379 -0.0009348588218288252 -0.004904897787328177 -0.001351272570900619 0.0009255761088483747 0.9999977771469508 -0.0018944682693790278 -0.013933386653661728 0.004906657944835479 0.0018899047965978838 0.9999861763882898 0.7446057200431824
0.9999842215488121 -0.001057239827192677 -0.005517145762459722 -0.001594631583429873 0.0010468846546509095 0.9999976858322627 -0.0018794580705927327 -0.013697627931833267 0.005519120032784766 0.0018736526004191146 0.9999830142257401 0.7754788398742676
0.9999744452203639 -0.001164727559953576 -0.007053532160350849 -0.002668195404112339 0.001149526560502255 0.9999970091648229 -0.0021587612411687242 -0.013756643049418926 0.0070560254331116885 0.0021505978519372384 0.9999727933468826 0.8556223511695862
0.9999722234890562 -0.0009446543925732184 -0.007393231934077876 -0.0029304022900760174 0.0009309227006386177 0.9999978358590039 -0.0018605537438208697 -0.013522207736968994 0.007394973514348275 0.001853619536690924 0.9999709388083909 0.8793430328369141
0.9999784452648576 -0.0010053373930415895 -0.00648832046101244 -0.002251741476356983 0.0009946212511832185 0.9999981364782664 -0.001654620367849498 -0.013678299263119698 0.006489971821613331 0.0016481312815306976 0.9999775817132271 0.8339464664459229
0.9999808109917904 -0.0011458955052559327 -0.006088067976969996 -0.001996717881411314 0.0011349250434706478 0.9999977267581657 -0.0018051104250531708 -0.013790251687169075 0.0060901226052417394 0.0017981662859609903 0.9999798382990834 0.8112750053405762
0.9999793152383204 -0.0010434939182624567 -0.006346669673345734 -0.0023402159567922354 0.0010301726156073433 0.9999972604800037 -0.0021018508200803575 -0.013505727052688599 0.006348845555065102 0.0020952691784992712 0.9999776507538495 0.8306877017021179
0.9999788630679906 -0.001090783522519059 -0.006409649643764966 -0.0022653164342045784 0.0010785485916338065 0.9999975905363778 -0.0019119765621209716 -0.013910084962844849 0.006411719752476724 0.0019050230302062258 0.9999776301183292 0.830329179763794
0.9999797884471142 -0.0010582480927399185 -0.006269195182678459 -0.002312492113560438 0.001047197797289844 0.9999978929186983 -0.0017656542516894763 -0.013713449239730835 0.006271050473218803 0.0017590534776891096 0.9999787896034718 0.8293175101280212
0.9999728474121278 -0.0010758116413359402 -0.007290203549549229 -0.0027093279641121626 0.001061159259427278 0.9999974099909507 -0.00201344292611989 -0.013441936112940311 0.00729235075319515 0.002005652188934199 0.9999713990808885 0.8608523607254028
0.9999770005813426 -0.0010283957084896178 -0.0067037833056206265 -0.0023410487920045853 0.0010158557193059446 0.9999977286014161 -0.001873720674647929 -0.013606837950646877 0.006705695004957434 0.001866867503549683 0.9999757739366615 0.8382934331893921
0.9999776997986977 -0.0011055226643910932 -0.006586176807840009 -0.0020950280595570803 0.001092889238333829 0.9999975567830666 -0.001921463247163658 -0.01365670282393694 0.00658828493754984 0.0019142224363913993 0.9999764648500712 0.8251919746398926
0.9999794381248653 -0.0010728916081367554 -0.006322359612959401 -0.001991747412830591 0.0010617830754189905 0.999997887298623 -0.0017601178911737239 -0.01355639286339283 0.006324234671416314 0.0017533687254156704 0.9999784646450809 0.8167003393173218
0.9999809008084456 -0.0011029936051688445 -0.006081235354508062 -0.001654568943195045 0.0010925516683708834 0.999997923740177 -0.0017201297007024368 -0.013611717149615288 0.0060831200203433555 0.0017134527837834605 0.9999800296657809 0.7993679642677307
0.9999825680353374 -0.0010976004018632668 -0.005801628978923669 -0.00137301255017519 0.0010871073215310677 0.9999977683519535 -0.0018114880025936224 -0.013575888238847256 0.005803604321689311 0.0018051494314589803 0.9999815296356263 0.7819997668266296
0.9999820940220673 -0.0011121169095257583 -0.005880036668303939 -0.001368644880130887 0.001101721036385032 0.9999978249919242 -0.0017709382198523133 -0.013644231483340263 0.005881993369516724 0.0017644283493794429 0.9999811442955314 0.7839100360870361
0.9999819604154285 -0.001157750145522698 -0.0058939340271832365 -0.0014538965187966824 0.0011468546607903713 0.9999976280792444 -0.001851637186985432 -0.013564037159085274 0.005896063780461473 0.0018448442985103358 0.9999809163086119 0.78891921043396
0.9999821749381537 -0.0011413351454910008 -0.005860645019577582 -0.0016986930277198553 0.0011313513997294716 0.9999979038528726 -0.0017065561436330646 -0.013719411566853523 0.005862580487307841 0.0016998952752180433 0.9999813700795046 0.7940196990966797
0.9999871983905432 -0.0010389751943075086 -0.004952129398384171 -0.0011621132725849748 0.001029445286682142 0.9999976142887717 -0.0019265666786109684 -0.014485051855444908 0.0049541192390227164 0.0019214440691885494 0.9999858822779725 0.7559412121772766
0.9999925319841622 -0.0009850957946566776 -0.0037370526059928907 -0.0005928982282057405 0.0009784286768328013 0.9999979273908259 -0.0017854667112391642 -0.015519521199166775 0.0037388037162921165 0.0017817969379089506 0.9999914232364412 0.710293173789978
0.9999879313541628 -0.0009951646450284768 -0.004811111446573591 -0.001324657117947936 0.0009856858028789073 0.9999975694857961 -0.0019721678422943 -0.014133544638752937 0.004813062384809598 0.0019674017966501245 0.9999864817889541 0.7372004985809326
0.9999993358541513 -0.0008402527020667968 -0.0007888388000308971 -0.0003725402057170868 0.0008390292723293482 0.9999984467995845 -0.0015499768702588745 -0.01825561933219433 0.0007901399470595214 0.0015493139820037959 0.9999984876513808 0.5778555870056152
0.999998248720378 -0.0008054365913940624 -0.001689327699059224 -0.00022502511274069548 0.000802628976700856 0.9999982967838313 -0.0016619916253758494 -0.01710524782538414 0.0016906634506386406 0.0016606328114013753 0.999997191973939 0.6427213549613953
0.9999996270075832 -0.0008473523077838708 -0.0001672685306436261 -0.0015248139388859272 0.0008471218409889565 0.9999986984610455 -0.0013731208256361203 -0.01950843445956707 0.00016843183003758646 0.0013729786166468462 0.9999990432797609 0.45171746611595154
0.999999455099564 -0.0010355989502403647 -0.00013166392383192038 -0.0014021300012245774 0.0010354458128685445 0.9999987935717725 -0.0011578890135739994 -0.019748155027627945 0.00013286287363579823 0.0011577520517811336 0.9999993209785909 0.46983611583709717
0.9999995613715102 -0.0009078578196029878 -0.00023032795496838487 -0.001186912413686514 0.0009075846419724765 0.9999988879470317 -0.0011833827858475188 -0.01917925849556923 0.00023140204214721407 0.001183173224667568 0.9999992732768437 0.4783034026622772
0.9999984106397821 -0.000693060625820075 -0.0016426761332995845 -0.0006874405080452561 0.0006905073997631842 0.999998553570821 -0.0015543666867804122 -0.017512254416942596 0.0016437510276335874 0.0015532299363063785 0.9999974427763925 0.5947232842445374
0.9999811002113596 -0.0011370609758265024 -0.006042045383523133 -0.002070534974336624 0.0011235539156027477 0.9999968635116748 -0.002238435483072049 -0.013781284913420677 0.006044571670353032 0.0022316046133656264 0.9999792413316247 0.8006224036216736
0.9999731434401822 -0.0010685874679530285 -0.007250553026102939 -0.0027885043527930975 0.0010551189461755692 0.9999977114078356 -0.0018611563880802106 -0.013483849354088306 0.007252525240936298 0.001853456207954252 0.9999719823963644 0.86761474609375
0.9999713508464274 -0.0010890541935258792 -0.007490757460645343 -0.002796904416754842 0.00107341998246186 0.9999972380804663 -0.002090837387297391 -0.01346110925078392 0.007493013807000608 0.0020827367578339553 0.9999697580185538 0.8676447868347168
0.9999731059581574 -0.001109439587754684 -0.007249586484550194 -0.002819300629198551 0.0010956788328518598 0.999997591244349 -0.0019018394767353322 -0.01384904608130455 0.007251678998072827 0.0018938451101268162 0.9999719128567601 0.8785037398338318
0.99997562082364 -0.0010907048037076719 -0.0068969646517025186 -0.002420498291030526 0.0010778614341929247 0.9999976788356808 -0.0018656199985733867 -0.013395685702562332 0.006898983483408595 0.0018581405440833588 0.999974475344553 0.8532575368881226
0.9999743967501787 -0.0010362546890522303 -0.007080396905192733 -0.002451517153531313 0.0010235138594771591 0.9999978510950942 -0.0018028379219764338 -0.013541088439524174 0.00708224988934334 0.0017955448791036666 0.9999733085213283 0.8538272380828857
0.999975549200851 -0.0011489138169180812 -0.0068978980492294985 -0.002243045251816511 0.0011350646906205313 0.9999973331253346 -0.0020113106091384217 -0.013588350266218185 0.006900190475948901 0.002003431870471511 0.999974186482899 0.839415967464447
0.9999707141251079 -0.0010627991184228233 -0.007579007201199909 -0.00282500172033906 0.0010472572415578278 0.9999973415031533 -0.002054322003940279 -0.013502735644578934 0.007581170384047907 0.0020463246711478074 0.9999691687301906 0.874187707901001
0.9999665996859972 -0.0010479368113416963 -0.008105636363924851 -0.003199456725269556 0.0010313529468365863 0.9999973671553869 -0.002049876433705211 -0.013369210995733738 0.008107763164017397 0.0020414481952387383 0.9999650477220404 0.8975262641906738
0.9999607215577699 -0.0010297539040679225 -0.008803121523723452 -0.0037471307441592216 0.0010102041804414728 0.9999970145826858 -0.002224929938212712 -0.013349592685699463 0.008805386373022186 0.0022159495962664677 0.9999587765194168 0.9284871816635132
0.9999663256757922 -0.0009546229782764683 -0.0081508410255848 -0.003289442043751478 0.0009401020825872413 0.9999979646918784 -0.00178516670782446 -0.013396475464105606 0.008152528597271207 0.0017774439709189863 0.9999651878792585 0.9083778858184814
0.9999809964954807 -0.0009977681099842762 -0.006083675427278118 -0.001863033277913928 0.0009881575428744912 0.9999982595675816 -0.0015825316674495373 -0.014748640358448029 0.006085243838683002 0.0015764899640399775 0.9999802420482203 0.8125132322311401
0.9999884623445103 -0.001014316884682618 -0.004695352928074862 -0.001178888138383627 0.0010060011969874507 0.9999979220909625 -0.0017730694709656657 -0.015038864687085152 0.004697141625860693 0.0017683254832350287 0.9999874048634472 0.7369893789291382
0.9999788163441066 -0.0009846167968528446 -0.006434080571699135 -0.002632465213537216 0.0009688254288879258 0.9999965122881518 -0.002456987753509292 -0.013979265466332436 0.006436477322891859 0.0024507022046568114 0.9999762826279313 0.8122332096099854
0.9999658988260202 -0.0010179474728831143 -0.00819542360175712 -0.0032866084948182106 0.0010015462787381268 0.9999974882003263 -0.0020051179740403456 -0.013431226834654808 0.008197444121269298 0.00199684150115244 0.9999644066335052 0.9040944576263428
0.999967540730978 -0.0009568975336456049 -0.008000114471066876 -0.003277817741036415 0.0009405905062685972 0.9999974730386688 -0.00204186330999416 -0.013451671227812767 0.008002048109052334 0.002034272200883127 0.9999659139004057 0.8994759321212769
0.9999685044259776 -0.00100879116576583 -0.007872261203593672 -0.003047667909413576 0.00099358057947791 0.9999976326446339 -0.0019358467811601528 -0.0135289141908288 0.00787419543228498 0.0019279640847060927 0.9999671394604837 0.8884429931640625
0.9999692602235973 -0.0010850064655850715 -0.0077653956010553075 -0.0028792358934879303 0.0010694707392736125 0.999997419085725 -0.0020045084750173986 -0.013511673547327518 0.007767550463890665 0.001996141993500867 0.9999678397713261 0.8799654245376587
0.9999638698731297 -0.0009625716870914583 -0.008445851295255595 -0.0035638026893138885 0.00094417947377028 0.999997175050166 -0.002181379565488655 -0.013318048790097237 0.00844792717035792 0.0021733263525367053 0.9999619538657906 0.9184285402297974
0.9999648455469242 -0.0009328995924529878 -0.008332908775834683 -0.0035283402539789677 0.0009163102512959708 0.9999975913325053 -0.0019944183891728758 -0.013422781601548195 0.00833474929673062 0.0019867127467507887 0.999963291789565 0.9161865711212158
0.999971645698442 -0.0009868106074516728 -0.007465521011617318 -0.0028949002735316753 0.0009714297811189473 0.9999973989487655 -0.0020635939242230643 -0.013586975634098053 0.0074675379697885695 0.0020562831830163893 0.9999700033381708 0.872087299823761
0.9999609662609513 -0.0009132090576104907 -0.00878817408122645 -0.0038332235999405384 0.0008928184853127321 0.9999969012420143 -0.0023238720966280834 -0.013367697596549988 0.008790269029849205 0.002315935142939216 0.9999586829538493 0.9218854904174805
0.9999517648134864 -0.0007325584631440807 -0.009794457845763032 -0.004640916828066111 0.0007076363951327169 0.9999965041536223 -0.002547730611124315 -0.013096663169562817 0.009796289967464039 0.002540676806020845 0.9999487875207614 0.9714418649673462
0.9999482687516781 -0.0006289318495204817 -0.010152057193025546 -0.00500421691685915 0.0006049148545021135 0.9999970118441686 -0.002368624232048865 -0.013029765337705612 0.010153516560315726 0.0023623605699607192 0.9999456612006459 0.9986540079116821
0.9999526435456167 -0.0006664526758828967 -0.009709094034146305 -0.004608085844665766 0.0006432414187105673 0.9999969284589151 -0.002393598381756762 -0.012968593277037144 0.00971065943231159 0.0023872397380032655 0.9999500008399537 0.9808100461959839
0.9999542777177411 -0.0007673126544450618 -0.009531721003076627 -0.004418353550136089 0.0007449803206123408 0.9999969699864146 -0.002346278395919414 -0.013105321675539017 0.009533492450936537 0.002339070174147479 0.9999518194755225 0.9678761959075928
0.99995304330296 -0.0007339354067817838 -0.009662946132941145 -0.004506511613726616 0.000711014623490782 0.9999969263177285 -0.0023752501555168947 -0.013151179999113083 0.009664659712304019 0.0023682681256084223 0.999950491603825 0.9715859889984131
0.9999371075607264 -0.0007045413486063076 -0.011193057874258698 -0.005443411413580179 0.0006759725267009634 0.9999965050895419 -0.00255594793477271 -0.013015450909733772 0.011194819526528605 0.002548220985359663 0.9999340891206672 1.0333391427993774
0.9999357698775138 -0.0006046215953769536 -0.011317709670699951 -0.005673692096024752 0.0005758514659836739 0.9999965953449133 -0.0025451313661151768 -0.012913781218230724 0.011319209979189176 0.002538450572310338 0.9999327136133406 1.0474103689193726
0.9999414093039123 -0.0005219038483313139 -0.010812288179609707 -0.005500735715031624 0.0004969989838750673 0.9999972178030816 -0.0023059440813284282 -0.013088884763419628 0.010813461578784935 0.0023004352782209333 0.9999388866556871 1.0288766622543335
0.9999479494799611 -0.000574283215641819 -0.010186683935872893 -0.005102427210658789 0.0005479213926094187 0.9999964946097878 -0.002590472984651584 -0.013151268474757671 0.010188135892726389 0.002584756647137371 0.9999447589342656 0.9944846630096436
0.9999371862147987 -0.000551678012140443 -0.011194609247402785 -0.005601795855909586 0.0005231868067275236 0.9999966173582773 -0.0025478515593720403 -0.013068599626421928 0.011195976973733977 0.002541834647306754 0.9999340924162099 1.0365500450134277
0.9999405305325947 -0.000458630321233036 -0.010896102808860289 -0.00562802841886878 0.00043223009764276635 0.9999969659404594 -0.0024251364947459825 -0.013098062947392464 0.010897181990565226 0.002420282649589256 0.9999376948873167 1.0335733890533447
0.9999593724645056 -0.0007429523358253315 -0.008983398144313367 -0.004224534146487713 0.0007251938673041694 0.9999977770314727 -0.001979905545246873 -0.01386161521077156 0.008984849149951579 0.00197331040132225 0.9999576883707695 0.9556946158409119
0.9999555593419631 -0.0007703168378345876 -0.009396060508047999 -0.004414800088852644 0.0007480567297881372 0.999996906121767 -0.002372373921408982 -0.013328049331903458 0.009397858917358217 0.0023652397052542633 0.9999530418419187 0.9575155973434448
0.9999436513055066 -0.0005722502458775162 -0.010600318083315985 -0.005285735707730055 0.0005451478877929852 0.9999965759767785 -0.002559462541118046 -0.013339964672923088 0.01060174644064918 0.0025535395777321955 0.9999405394362372 1.0083422660827637
0.9999389437000408 -0.0006124403361723871 -0.011033303624980813 -0.005336071830242872 0.0005866292355490058 0.999997084356662 -0.0023424654350895475 -0.01309659332036972 0.011034706076121144 0.0023358499543461963 0.9999363875101276 1.0325896739959717
