0.9999978677442002 0.0006316438700587603 0.0019660958965401387 0.0018154928693547845 -0.0006302946292161051 0.9999995655186303 -0.0006867978092606036 -0.03096013143658638 -0.0019665288539342904 0.0006855571251478785 0.9999978313854959 0.31430402398109436
0.9999976387641102 0.0006247448154746865 0.0020813841835631533 0.0018019763519987464 -0.0006234893771825741 0.9999996233619398 -0.0006037689749232226 -0.030893046408891678 -0.0020817606011714796 0.0006024698283539625 0.9999976516486953 0.30572405457496643
0.9999973745416434 0.0008234643209282517 0.002138414443614818 0.0021570262033492327 -0.000821989299443321 0.9999994237295671 -0.0006905607329180804 -0.030820777639746666 -0.0021389818634347927 0.0006888011660892068 0.9999974751515835 0.2952488660812378
0.9999971403358936 0.0006370856307910962 0.0023050904394502757 0.0019318850245326757 -0.000635629644563599 0.9999995980750072 -0.0006323169925110413 -0.03017900511622429 -0.0023054923530468514 0.0006308500004801192 0.9999971433625632 0.3294610381126404
0.999997427192054 0.0006239968448693821 0.0021808799164432587 0.001884424826130271 -0.0006226354437466066 0.9999996109329844 -0.0006248671727992236 -0.029874693602323532 -0.0021812689830791074 0.0006235076720014635 0.999997426648592 0.3360937535762787
0.9999975207944968 0.0005234952045869296 0.0021643376887458834 0.0016325688920915127 -0.0005221922381909124 0.9999996821318645 -0.0006025374978333309 -0.029839592054486275 -0.0021646524262625973 0.0006014058036771631 0.9999974762922819 0.34314262866973877
0.9999967257920769 0.0006939476078794138 0.002463095987530314 0.0018112065736204386 -0.0006923359227030037 0.9999995457407234 -0.0006551254210978677 -0.028248557820916176 -0.0024635494913649433 0.0006534179862477902 0.9999967519791448 0.3964996635913849
0.9999972102464204 0.0005417281069284732 0.002299136802139119 0.0015017413534224033 -0.0005405303230017579 0.9999997179007424 -0.0005215605486834575 -0.027720920741558075 -0.00229941869756302 0.0005203163404997643 0.9999972209684183 0.41387680172920227
0.9999968469236904 0.00028462321855192587 0.0024950215030348226 0.0015622085193172097 -0.00028329596531500467 0.9999998182011457 -0.0005322979160410341 -0.028037788346409798 -0.0024951725537888645 0.0005315894081399014 0.9999967457580188 0.4083510637283325
0.9999961437398446 0.0006495661692925079 0.0027001054112171293 0.002139439806342125 -0.0006478226371543755 0.9999995811481588 -0.0006465518833144052 -0.028348194435238838 -0.0027005242585030993 0.0006448002006340497 0.9999961456932874 0.3745293617248535
0.999996688382391 2.3380780784046378e-05 0.0025734563509002347 0.0019108307315036654 -2.4092137507892262e-05 0.9999999615140418 0.00027639009283449107 -0.023371536284685135 -0.00257344978964213 -0.00027645117760046915 0.9999966504598534 0.5733288526535034
0.9999965877368223 5.726769777075991e-05 0.0026117494372829633 0.0017056126380339265 -5.6224872636155057e-05 0.9999999186776088 -0.00039935390303227837 -0.027216382324695587 -0.0026117720949678756 0.0003992056950521913 0.9999965096345774 0.44986069202423096
0.9999966795255589 0.00024117407436430348 0.0025656915096089854 0.0016292756190523505 -0.00024000865414577964 0.999999867898881 -0.0004545306001882467 -0.026834405958652496 -0.0025658007916750363 0.0004539133027648315 0.9999966053087436 0.462500661611557
0.9999961974850402 0.0002219491684322356 0.0027487731858315354 0.0017823909875005484 -0.00022180264180598678 0.9999999739647284 -5.3610918632757655e-05 -0.024210138246417046 -0.0027487850131652884 5.3001029622094656e-05 0.9999962206787795 0.5509183406829834
0.9999970469858511 4.330503840322372e-05 0.002429844491168095 0.0018762430408969522 -4.439704804835932e-05 0.9999998980507553 0.00044936330654460897 -0.020920488983392715 -0.0024298247837520374 -0.00044946985749103117 0.9999969469595232 0.6386242508888245
0.9999965704967924 -0.00017758120343894468 0.002612940789592867 0.0013728165067732334 0.00017746553829067963 0.9999999832629526 4.4498059495225823e-05 -0.024397319182753563 -0.002612948647878909 -4.403419994524128e-05 0.9999965852743462 0.542749285697937
0.9999966596668766 -5.0006933229705734e-05 0.0025842125290911873 0.0014813527232035995 4.965722727326362e-05 0.9999999896021275 0.0001353879776600707 -0.02300153858959675 -0.0025842192725584337 -0.00013525920059024495 0.9999966517522446 0.5788598656654358
0.999996300622225 -0.00012393251526003697 0.0027172380455994143 0.0014557859394699335 0.00012259651816192815 0.9999998715338551 0.0004918357116246452 -0.022140903398394585 -0.002717298650963154 -0.0004915007682151371 0.9999961873502501 0.5926703810691833
0.9999998192487518 0.0003578311471783014 0.0004831762968457989 0.0010181331308558583 -0.000358113893966946 0.9999997646337293 0.0005852238248022562 -0.019073648378252983 -0.00048296677180981076 -0.0005853967511674552 0.9999997120268291 0.7731517553329468
0.999999896180174 0.00033991471724848773 -0.00030347590770578824 0.0009826004970818758 -0.0003396651371726964 0.9999996044075872 0.0008220780159110903 -0.01622876524925232 0.00030375522406935623 -0.0008219748503772741 0.9999996160449811 0.8490684032440186
0.9999985503260075 0.00011805714960923952 0.0016986489903663769 0.00212573423050344 -0.00011927946308411659 0.9999997340485826 0.0007194964721606671 -0.018286393955349922 -0.0016985635969056134 -0.0007196980430648832 0.9999982984567692 0.7026426196098328
0.9999965999083674 -6.84366010012859e-05 0.002606815708024963 0.001185003318823874 6.755810312733647e-05 0.9999999409041463 0.00033708694123106824 -0.021648310124874115 -0.002606838623057464 -0.00033690968358014326 0.9999965454361619 0.6099250316619873
0.9999978230629205 0.0001506085439928214 0.002081150279612597 0.0014696521684527397 -0.00015180584617634243 0.9999998230718685 0.0005751619046255013 -0.02065136656165123 -0.0020810632871015506 -0.0005754765833134411 0.9999976689984317 0.6698538661003113
0.9999987017356535 9.57615949800418e-05 0.0016085262584164047 0.002186911879107356 -9.708390247508691e-05 0.9999996574423995 0.0008220035274026728 -0.017890136688947678 -0.0016084469910346464 -0.0008221586222312015 0.9999983684754072 0.7529854774475098
0.9999973211298027 0.00015866310249692536 0.002309233474147163 0.0004155123606324196 -0.00015875049133014143 0.9999999866900038 3.765997420138051e-05 -0.021505750715732574 -0.0023092274681629278 -3.8026465263814866e-05 0.9999973330076877 0.6240832209587097
0.999995859302026 -6.288063107594585e-05 0.002877051412307728 0.0013516126200556755 6.153286706290371e-05 0.9999998883422886 0.00046853934385256916 -0.021550236269831657 -0.002877080553112377 -0.0004683603705505706 0.9999957515140023 0.6199630498886108
0.9999983617626419 0.000105791468603353 0.0018070086324671736 -0.0005551804788410664 -0.00010604803727642104 0.9999999843105094 0.00014189008088789232 -0.023104162886738777 -0.0018069935933560908 -0.0001420814781570757 0.9999983572921545 0.5275275707244873
0.9999970894443166 7.088146971110092e-05 0.002411654766466049 0.0005785374669358134 -7.193313687927925e-05 0.9999999023678363 0.00043599305245087483 -0.022114619612693787 -0.0024116236271826343 -0.00043616526136123986 0.9999969969111635 0.62406325340271
0.9999967116339974 -6.882258853011292e-05 0.002563588235922322 0.0011071417247876525 6.813313132993974e-05 0.9999999614907393 0.000269028616559691 -0.021452829241752625 -0.0025636066524462146 -0.00026885306660118057 0.9999966778139617 0.6367027163505554
0.9999959992195748 -2.230091342650673e-05 0.002828612294667309 0.0012957267463207245 2.1242032347279302e-05 0.999999929695699 0.00037437597866661897 -0.021552052348852158 -0.0028286204447299877 -0.0003743143953966706 0.9999959293892717 0.6452364325523376
0.9999982521225019 0.0001708644972180341 0.0018618692931368509 0.00033715006429702044 -0.0001721952629409196 0.9999997298404444 0.0007146102641260687 -0.021454688161611557 -0.0018617466886115834 -0.0007149296201473614 0.9999980113854756 0.6525993347167969
0.9999984635440765 0.00014183541185280263 0.0017472241419934846 0.0017667521024122834 -0.00014298081463367068 0.9999997749720109 0.0006554482544977661 -0.019352179020643234 -0.0017471307830460242 -0.0006556970669615828 0.9999982587961758 0.7236646413803101
0.9999994111513155 0.00029943764048055536 0.0010430887411757865 0.0009903587633743882 -0.00030013131065115164 0.999999733899632 0.0006649224478766274 -0.019590340554714203 -0.001042889360800594 -0.000665235119928933 0.9999992349217156 0.7230494022369385
0.9999986180174931 0.0005671528611963786 -0.0015627862092384157 -0.0005281815538182855 -0.0005661368847418528 0.9999996281878245 0.0006504715523137534 -0.017410604283213615 0.001563154544977497 -0.0006495859024574311 0.9999985672919856 0.8818029165267944
0.9999995795636046 0.00024197189323212523 0.0008844898058853052 0.0013006874360144138 -0.00024252582036668455 0.9999997745187221 0.0006262138063365244 -0.01875569485127926 -0.0008843380803091263 -0.0006264280546692272 0.9999994127668536 0.779075562953949
0.9999988860825266 0.000174127372672725 0.0014824012156571982 0.001184709370136261 -0.00017466502982501207 0.9999999190169508 0.0003625716746229629 -0.02082609012722969 -0.0014823379619547201 -0.0003628301944005846 0.9999988355135304 0.7068190574645996
0.9999998712326815 0.0004402172193221097 0.0002524745920022607 0.00017707899678498507 -0.0004403450419256162 0.9999997748037402 0.0005064471466753303 -0.020841378718614578 -0.00025225158839128393 -0.0005065582573962898 0.9999998398839209 0.7433010339736938
0.9999996630079837 0.00022248120814222144 0.0007902442856196239 0.001084359479136765 -0.00022287922402056254 0.9999998483511632 0.0005036094737798337 -0.01918482780456543 -0.0007901321221358388 -0.0005037854331006274 0.999999560945637 0.783823549747467
0.9999999749160046 0.00020822362747768274 8.252824658499708e-05 0.0010938572231680155 -0.000208291869017948 0.999999635728075 0.0008277428434663706 -0.01732751354575157 -8.235586090478856e-05 -0.0008277600126660007 0.9999996540153772 0.8181688189506531
0.9999998271274924 0.00019935315581754034 0.0005531756542335898 0.001572496723383665 -0.00019977260398902158 0.9999996925334494 0.0007583033119896549 -0.01725366711616516 -0.0005530243139922676 -0.0007584136902407696 0.9999995594862942 0.7675536870956421
0.999998625497964 0.00047527626441238094 -0.0015884315078951213 -0.0012893071398139 -0.00047438813974873956 0.9999997309854605 0.0005594505337264652 -0.018896497786045074 0.0015886969741437437 -0.0005586962316924189 0.9999985819492171 0.8431678414344788
0.999993559278675 0.0006519538150704032 -0.003529356512166726 -0.0016899374313652515 -0.0006486536494821655 0.9999993514585519 0.0009361254821295454 -0.01433316245675087 0.0035299645338122024 -0.0009338301228242493 0.9999933336336255 1.0077385902404785
0.9999972136986154 0.0002806328097461918 -0.0023438942449898665 -0.0014199786819517612 -0.00027876655167638476 0.9999996439305643 0.0007965098581816876 -0.015624282881617546 0.0023441169372002573 -0.000795854239548997 0.9999969358612125 0.9555637836456299
0.9999994836873756 -9.054552471533446e-05 0.0010121395606470117 0.0025822650641202927 8.930061834460774e-05 0.9999992396207787 0.001229952545311045 -0.015135414898395538 -0.0010122501577357111 -0.0012298615255824017 0.9999987313943183 0.8305654525756836
0.9999973624838393 0.0007491530784270642 -0.002171127594103653 -0.0009729471057653427 -0.0007475770845428072 0.9999994565845607 0.000726607931212337 -0.01720375195145607 0.0021716707548478753 -0.0007249829295352056 0.9999973791195076 0.859149694442749
0.9999993091145618 0.0005537487316715113 -0.0010368860790764022 1.8487917259335518e-05 -0.0005528408223614478 0.9999994637638833 0.0008756934228268057 -0.017352575436234474 0.0010373704371828614 -0.00087511958487032 0.9999990790137199 0.834604024887085
0.9999998789753716 0.0001505812171739982 0.0004683743583861667 0.0012433582451194525 -0.0001508692770397362 0.9999997994783856 0.0006150460555124819 -0.017318706959486008 -0.000468281650083327 -0.0006151166443775951 0.9999997011718605 0.827872633934021
0.9999997213835684 0.000475921452422824 -0.0005750926506407403 -4.363968037068844e-05 -0.00047559663120068347 0.9999997273929111 0.0005648202793988368 -0.019326956942677498 0.0005753613039541362 -0.0005645466099033529 0.9999996751231949 0.7849528789520264
0.999999147854818 0.0002979053156880784 -0.0012710397558094633 0.000311440322548151 -0.0002970764260091673 0.9999997431420153 0.000652274099222973 -0.015579934231936932 0.0012712337452541972 -0.0006518959474427706 0.9999989794976987 0.9118731617927551
0.9999972621246181 0.0004879975596169807 -0.0022885807062841476 -0.000555996666662395 -0.0004865196266178589 0.9999996727986575 0.0006462980972059651 -0.01520710252225399 0.00228889534935169 -0.0006451828882916093 0.9999971723445622 0.9520339369773865
0.9999984656303397 0.0003550768902324731 -0.0017154175491304795 -3.737746737897396e-05 -0.0003540274050076903 0.9999997500231141 0.0006120607039428057 -0.015439745038747787 0.0017156344489271324 -0.0006114524599920082 0.9999983413607877 0.9342210292816162
0.9999965380167193 0.0009258100007676901 -0.0024630936682507815 -0.0019180306699126959 -0.0009242895207973444 0.9999993816524815 0.000618371681324809 -0.018114516511559486 0.0024636646398896863 -0.0006160929288660806 0.9999967753878235 0.8797558546066284
0.9999876330357699 0.0009602154073570764 -0.004879729694312758 -0.003566345665603876 -0.0009570941284472439 0.9999993359438247 0.000641936709191898 -0.01590488664805889 0.004880342851416836 -0.0006372584097447411 0.9999878880043356 1.0668610334396362
0.9999940209745312 0.0004050653626669173 -0.0034342302253570585 -0.0014084016438573599 -0.0004030712356861668 0.9999997497920113 0.0005813342357200728 -0.014563224278390408 0.003434464844448244 -0.000579946520487306 0.9999939340382348 1.0697576999664307
0.9999998279843784 0.00014742381968079466 0.0005677124545770232 0.0022593520116060972 -0.00014793750753551663 0.9999995796329554 0.000904902429272582 -0.015854213386774063 -0.0005675788117568546 -0.000904986259580755 0.9999994294269184 0.8217380046844482
0.9999979189302298 -8.38814473977944e-05 0.0020384060223449683 0.002602007705718279 8.233497502104603e-05 0.9999997087675719 0.0007587395620030053 -0.01818942464888096 -0.002038469072867692 -0.0007585701509041069 0.9999976346047849 0.685350775718689
0.999999884731324 0.0004599938487777157 0.0001376335641022391 0.0007894680602476001 -0.00046008874687466914 0.999999655927722 0.0006902628358407476 -0.018000135198235512 -0.0001373160000878186 -0.0006903260799291 0.999999752297079 0.7794755101203918
0.9999984041022734 0.00010608093336354823 0.001783406779819688 0.0020363889634609222 -0.00010710234103118858 0.9999998303047405 0.0005726426277198141 -0.019415035843849182 -0.001783345730719579 -0.0005728327208818759 0.9999982457688008 0.7161410450935364
0.9999989631715713 0.00020648848331706061 0.001425137989368376 0.0017037270590662956 -0.00020731834395098687 0.9999998090434621 0.0005821787903268665 -0.019975513219833374 -0.0014250175040135254 -0.0005824736439552036 0.9999988150240817 0.7053373456001282
0.9999994679435911 0.0002343930005061909 0.001004575759127304 0.0013670624466612935 -0.00023497983167062003 0.999999801817505 0.0005840799851701536 -0.01935478299856186 -0.0010044386557777143 -0.0005843157294494343 0.9999993248388295 0.7462652921676636
0.9999973731323472 0.0006393360518553061 -0.0022011310315864906 -0.0011419318616390228 -0.0006380357117818314 0.9999996215713731 0.0005914114821437142 -0.017420336604118347 0.0022015083092975125 -0.0005900055283795587 0.9999974026239472 0.8968414068222046
0.9999957143271437 0.0005019533168437473 -0.0028843318486221144 -0.001101427711546421 -0.0004999912010337504 0.9999996431593673 0.0006809478223924018 -0.01480545848608017 0.0028846726233933604 -0.0006795027635276303 0.9999956084602822 0.9907780885696411
0.9999971527349849 0.00047598683088789995 -0.002338366622261555 -0.0006443404126912355 -0.00047457759841270606 0.999999705478162 0.0006031746781890127 -0.015329927206039429 0.0023386530367650623 -0.0006020632243750521 0.9999970841066725 0.9567007422447205
0.9999990958668467 -3.508262623679534e-05 0.001344259907356715 0.002071766648441553 3.4055760835363656e-05 0.9999997076451631 0.0007639043091137436 -0.017324743792414665 -0.0013442863141251865 -0.0007638578386486264 0.9999988047070396 0.7828618884086609
0.9999998432544903 0.0005516664974568419 9.568213324877984e-05 -5.836866330355406e-05 -0.0005517245469233295 0.9999996631325759 0.0006077291824484331 -0.01963544823229313 -9.534683718710243e-05 -0.0006077818773712279 0.9999998107550673 0.7591265439987183
0.9999986424305631 0.0005141784983399973 -0.0015654895408452516 -0.0006719394586980343 -0.000512898969686611 0.9999995342108162 0.0008176263189069623 -0.016024507582187653 0.0015659092175300151 -0.0008168222709499063 0.9999984403636338 0.9356813430786133
0.9999989560334149 0.0005249707081713228 -0.0013462309740357218 -0.0007769404910504818 -0.0005239301909586752 0.9999995638698903 0.0007731475822511178 -0.017162395641207695 0.001346636266737635 -0.0007724414440595758 0.999998794951764 0.8987609148025513
0.9999998936283423 0.0003251773081288742 0.0003271131641083561 0.0008160099969245493 -0.0003254821945074511 0.9999995123170938 0.0009324306490151136 -0.018249347805976868 -0.00032680979929239405 -0.0009325370193414261 0.999999511784912 0.8032326698303223
0.9999994168548599 0.00012222288256708095 0.001073010487953087 0.001574078924022615 -0.00012295322865818508 0.9999997608249965 0.0006806118228889678 -0.01828693225979805 -0.0010729270449768968 -0.0006807433560973689 0.9999991927076939 0.7767665982246399
0.9999960160226464 -0.00010505595101611234 0.002820798128635105 0.0008768115076236427 0.00010389867593625227 0.9999999103849506 0.000410408523561373 -0.02220073528587818 -0.0028208409917068887 -0.0004101138113124607 0.9999959373231281 0.563043475151062
0.9999965856416729 6.454052393541208e-06 0.0026131711275733235 0.00177041906863451 -6.1128128672746305e-06 0.9999999914541269 -0.00013059242039057883 -0.02571161836385727 -0.002613171948091817 0.00013057600067516777 0.9999965771352811 0.5280908346176147
0.9999977820831195 7.719867490885884e-05 0.002104725446720824 0.0016564740799367428 -7.852408217380043e-05 0.9999997986849288 0.00062965392867545 -0.020716138184070587 -0.0021046764145589265 -0.0006298178037893045 0.9999975868304501 0.6417853236198425
0.9999996091392236 0.00018291865066063853 0.0008650214837262018 0.001510575762949884 -0.000183486208982975 0.9999997679415286 0.000656086655966199 -0.018275422975420952 -0.0008649012725048127 -0.000656245119040397 0.9999994106438926 0.7779220938682556
0.9999988019962791 0.00012414035408826653 0.0015429177486422142 0.0017902044346556067 -0.00012509989655774416 0.9999997988447475 0.0006218202957770346 -0.019552743062376976 -0.0015428402452845082 -0.0006220125696847588 0.9999986163712131 0.7137445211410522
0.9999990049310514 4.496489953559011e-05 0.0014100053422395533 0.0020359675399959087 -4.6010414981056586e-05 0.9999997240497581 0.0007414738360817454 -0.018125230446457863 -0.0014099716128516903 -0.0007415379731950766 0.9999987310499376 0.7516699433326721
0.9999999051651028 -0.00013578756109543805 0.0004138013089325677 0.0010147483553737402 0.00013519811609547208 0.9999989767457207 0.0014241590433404486 -0.017853669822216034 -0.0004139942685917149 -0.0014241029631230668 0.9999989002691432 0.6943345069885254
0.9999996081902667 -2.868872805850037e-05 0.0008847577464443964 0.0016754064708948135 2.814546574990068e-05 0.9999998110873964 0.0006140301328675128 -0.01797338016331196 -0.0008847751950460086 -0.0006140049903656808 0.9999994200851948 0.6610029935836792
0.9999991702508942 0.00041858211834769566 -0.0012183129865276335 0.00032425159588456154 -0.0004175756189605926 0.999999571446683 0.0008262790403420249 -0.015757746994495392 0.0012186583300466147 -0.0008257696169382931 0.9999989164876202 0.857279896736145
0.99999971213841 3.1558864763407805e-05 0.0007581076014297975 0.0019451109692454338 -3.211638365312061e-05 0.9999997290719632 0.0007354077360117836 -0.01690162532031536 -0.0007580841874039066 -0.0007354318719907213 0.9999994422240077 0.806864857673645
0.9999997538207817 0.0004405181036208858 -0.0005461704647705224 0.0004483924712985754 -0.0004401831176516334 0.9999997150481628 0.000613304505372706 -0.01744229346513748 0.0005464404808758939 -0.0006130639393719303 0.9999996627776467 0.8367056846618652
0.999997774784609 0.00048241981625066807 -0.0020537032286624315 -0.00044579082168638706 -0.000480985141535284 0.9999996400149215 0.0006990159663543039 -0.015726644545793533 0.002054039708513958 -0.0006980266101551073 0.9999976468370951 0.9199326038360596
0.9999976487724098 0.0005064459292255906 -0.002108545036798281 -0.0006045710761100054 -0.0005049923391311117 0.9999996345406788 0.0006898559602135179 -0.015503134578466415 0.0021088936409536453 -0.0006887895391148552 0.9999975390652626 0.9459002614021301
0.9999974237758925 0.0004768591872164089 -0.002219244667308902 -0.0007036479655653238 -0.0004753538137979691 0.9999996566312268 0.0006788049646040469 -0.01596313901245594 0.002219567599673283 -0.0006777482894339767 0.9999973070848373 0.9376840591430664
0.999994052157488 0.0006238313773638767 -0.0033921208792551264 -0.0015320186503231525 -0.0006218783764459195 0.9999996403014548 0.0005767705311824381 -0.014997666701674461 0.0033924794666690718 -0.0005746576140170536 0.9999940804083265 0.9969073534011841
0.9999992904493353 0.00015590544551279527 -0.0011810141056506694 0.00045122543815523386 -0.00015522144551003258 0.9999998201978164 0.0005792328007175708 -0.015694916248321533 0.0011811041988496061 -0.0005790490710059051 0.9999991348471481 0.9167420864105225
0.9999996852506028 0.0001617315353606907 0.0007767506715780957 0.0016278496477752924 -0.00016224779632269276 0.99999976597475 0.0006646247795577748 -0.017326978966593742 -0.0007766429990127891 -0.0006647505964522819 0.9999994774660117 0.7984970808029175
0.9999984066900155 0.00053191153536929 -0.001704020994237196 -0.0005806309636682272 -0.0005307919525470393 0.9999996430366191 0.0006574089575286543 -0.017068494111299515 0.0017043700693720654 -0.000656503429441686 0.9999983320615659 0.9028086066246033
0.9999965518448565 0.0005168548945951541 -0.0025747154047264407 -0.000959563534706831 -0.0005153846076053171 0.9999997037808063 0.0005716791109729848 -0.015763796865940094 0.0025750101171929636 -0.0005703501710461576 0.9999965220057412 0.9606956243515015
0.999998457036933 0.000466429678181413 -0.001693625433291909 -0.00046928145457059145 -0.0004653492010051251 0.9999996880083418 0.0006383050522855995 -0.016622323542833328 0.001693922629315021 -0.0006375159401622941 0.9999983620984344 0.9221299886703491
0.9999994074209272 -7.051826069465693e-05 0.0010863631849333205 0.0020316329319030046 6.978767133440601e-05 0.9999997714148037 0.0006725325431373768 -0.017041821032762527 -0.0010864103624319812 -0.0006724563298517659 0.9999991837571715 0.8043258190155029
0.9999989618229879 0.0005504313772549859 -0.0013316824868448954 -0.0002854929771274328 -0.0005495859668284807 0.9999996472847296 0.0006351265086274356 -0.017679892480373383 0.0013320316106990217 -0.0006343939752466533 0.999998911617444 0.8577274084091187
0.9999944536693858 0.0005624738367322006 -0.003282720464678755 -0.0013238601386547089 -0.000560669463366952 0.9999996912708994 0.0005505523211196976 -0.015039855614304543 0.0032830291224838007 -0.0005487087464531892 0.9999944603039019 1.00416898727417
0.9999999714836144 9.587481505560533e-05 0.00021872537610636094 0.001359439454972744 -9.600865019140239e-05 0.999999808144719 0.0006119582210793215 -0.0167926587164402 -0.0002186666627614747 -0.0006119792031566074 0.9999997888331504 0.8397297263145447
0.9999993166299828 0.0004102326026885238 -0.0010947368537309304 0.00014848122373223305 -0.0004094958634288637 0.9999996896097201 0.0006731222778621193 -0.017351048067212105 0.0010950126506392272 -0.0006726735276573908 0.999999174228469 0.8524859547615051
0.9999959047837881 0.000489408437812174 -0.002819733149432017 -0.0009016252588480711 -0.00048779302416638285 0.9999997165461734 0.000573555174652967 -0.014977440237998962 0.002820013052909892 -0.0005721773796602136 0.9999958600611443 0.9775691032409668
0.9999970855273455 0.0004979379908025452 -0.002362412870739986 -0.0005696674343198538 -0.0004962421624991309 0.9999996188445853 0.0007183692642742176 -0.015003062784671783 0.0023627696736416358 -0.0007171948417349494 0.9999969514708672 0.9525279998779297
0.9999988025770036 0.00031754907671019595 -0.001514598013694725 0.00010982656385749578 -0.00031660235529113297 0.9999997544043533 0.0006252632901735042 -0.015373263508081436 0.0015147961934965416 -0.0006247830161704067 0.9999986575184364 0.9314494132995605
0.9999982024077818 0.00041111760736559924 -0.0018509898750903682 -0.00017079792451113462 -0.00040977911239448487 0.9999996543541004 0.0007234450624303732 -0.015345744788646698 0.0018512866563064347 -0.000722685264983093 0.999998025229912 0.9225988388061523
0.9999980184332498 0.00044381279317885346 -0.0019406596245521255 -0.00032683461904525757 -0.0004423871656685297 0.9999996320508922 0.0007349773301074778 -0.015789177268743515 0.0019409851028299463 -0.0007341173507900054 0.9999978468219547 0.9098249673843384
0.9999991032361683 0.0003157400032594917 -0.001301474206288917 0.00024278636556118727 -0.00031490863451708013 0.9999997462905936 0.000638945459585943 -0.01571355015039444 0.0013016756167341609 -0.0006385350411376028 0.9999989489562428 0.8972318172454834
0.9999998789322869 0.00014792531925585646 0.00046931174224124333 0.001331990584731102 -0.00014820997002709107 0.9999998050646226 0.0006065513347503881 -0.017555024474859238 -0.00046922192645594367 -0.0006066208179958562 0.9999997059209402 0.7984848618507385
0.9999999789093117 0.0002018239506276072 3.805876543744674e-05 0.0009777105879038572 -0.00020184649654257064 0.9999998036104989 0.0005933270227579725 -0.017527800053358078 -3.7939010359357636e-05 -0.0005933346922727634 0.9999998232572718 0.8104602694511414
0.9999943414708911 0.0006369728908400192 -0.0033032244452416413 -0.001550186425447464 -0.0006348609410292287 0.9999995934393491 0.000640369207983862 -0.01508648507297039 0.0033036310001061746 -0.0006382684962563213 0.9999943393017493 0.9759247899055481
0.9999899681126695 0.0007519482110049247 -0.004415682043597125 -0.0025362663436681032 -0.000750069981911185 0.9999996275351267 0.0004269948828691628 -0.014854034408926964 0.0044160014769489535 -0.00042367852875404075 0.9999901596653138 1.0539054870605469
0.9999906882139598 0.0006789248676020948 -0.00426175391067591 -0.0022493135184049606 -0.0006768949544007665 0.9999996567918269 0.00047773365905798634 -0.014779110439121723 0.004262076793268361 -0.00047484445078533477 0.9999908045697999 1.0448834896087646
0.999996443902977 0.0004263123409581578 -0.002632572731691246 -0.0007398510351777077 -0.0004248230702975731 0.9999997494473648 0.0005662424976962317 -0.015150515362620354 0.002632813468257954 -0.0005651221064523126 0.9999963744585506 0.9719278216362
0.9999918597211237 0.0006934259522425117 -0.00397487760027365 -0.0019563620444387197 -0.0006912754212572297 0.9999996139815343 0.000542379087250609 -0.014803983271121979 0.003975252165632551 -0.000539626936946007 0.9999919530541176 1.0200201272964478
0.9999933171339865 0.0005474618161754467 -0.0036146884964619133 -0.0015344121493399143 -0.000545699988463148 0.9999997318500803 0.0004883761773914978 -0.014822820201516151 0.0036149548944925335 -0.00048640037816812285 0.9999933477357653 1.019385814666748
0.9999937101172396 0.0005384273641639997 -0.0035056842316090906 -0.0014285731595009565 -0.0005366079055595442 0.9999997208663245 0.0005199223294632314 -0.014861741103231907 0.0035059631934639887 -0.0005180378813396576 0.9999937199097 1.0060216188430786
0.9999973497002922 0.0004479886779229647 -0.0022582954934640713 -0.0005023657577112317 -0.00044675083661470047 0.9999997497228449 0.0005486054478387793 -0.015575597994029522 0.0022585406972935786 -0.0005475950984688929 0.9999972995631172 0.943311333656311
0.9999954143654105 0.0005203774379870201 -0.0029833631145261986 -0.0011720748152583838 -0.0005186408853584979 0.9999996956644615 0.0005828229719310846 -0.014920135959982872 0.0029836654945077116 -0.0005812730052308411 0.9999953799202826 0.9873294234275818
0.9999938926395905 0.0006132301129916679 -0.003440731368175352 -0.0013021663762629032 -0.0006115520760513068 0.9999996935741352 0.0004887286509154885 -0.014797165989875793 0.00344103001697209 -0.00048662147966213235 0.9999939612377458 0.9960629940032959
0.9999897430594469 0.000758489579533863 -0.00446525133212331 -0.0023282505571842194 -0.0007563961959660853 0.9999996032534947 0.0004704866074146046 -0.0146395955234766 0.004465606419739483 -0.0004671042825397908 0.9999899200356437 1.0408095121383667
0.9999935383535079 0.0005754648794735628 -0.0035485336977443796 -0.0014719357714056969 -0.0005739019752475169 0.9999997378839607 0.00044143916123772897 -0.014796258881688118 0.003548786800350497 -0.00043939979831555335 0.9999936064995931 1.0213730335235596
0.9999953435201533 0.0004901420904728721 -0.0030120920872072294 -0.001035124994814396 -0.000488725014418917 0.9999997695684044 0.00047118043101640933 -0.015100524760782719 0.003012322338487492 -0.0004697061522254767 0.9999953526343308 0.9823526740074158
0.9999987849109947 0.0002668161631868615 -0.0015358989775553728 1.179426908493042e-05 -0.00026597131025335214 0.9999998132428455 0.0005502486132531538 -0.0158020481467247 0.0015360455059390372 -0.0005498394395886365 0.9999986691195116 0.9151585102081299
0.9999991757894802 0.0002439232643752661 -0.0012605244152454037 0.0002837351057678461 -0.00024323112922076576 0.9999998196039114 0.0005492092156090261 -0.015826258808374405 0.0012606581527564258 -0.0005489021641680826 0.9999990547232713 0.9024713039398193
0.99999292592125 0.0006678935636404717 -0.0037016247304402093 -0.0018020113930106163 -0.0006657555186027936 0.9999996108808809 0.0005787984764827627 -0.01491602323949337 0.003702009865844343 -0.0005763300049246725 0.9999929814587093 0.9990231990814209
0.9999962328394134 0.0004524626146370776 -0.002707320550737453 -0.0007503279484808445 -0.00045103357602113757 0.9999997586653635 0.0005284296817236961 -0.01501767709851265 0.002707558992042676 -0.0005272065985747916 0.999996195581517 0.9709950685501099
0.9999987002420253 0.00038703284172352556 -0.0015651580878110428 -5.145859904587269e-05 -0.0003861482970861374 0.9999997656005637 0.0005654098607217789 -0.015872880816459656 0.0015653765531240026 -0.0005648047426955245 0.9999986152949663 0.9000146389007568
0.9999990779405531 0.00034134386576135337 -0.0013143829004348712 0.00011612521484494209 -0.00034056618159218296 0.9999997668636078 0.0005918508309113781 -0.01599319651722908 0.001314584618654961 -0.0005914026508241772 0.9999989610545528 0.8996549844741821
0.9999948895597837 0.000614291917868755 -0.0031374352193484383 -0.0014654288534075022 -0.0006126005993052193 0.9999996665551419 0.0005400093615782496 -0.015506327152252197 0.0031377658965731883 -0.0005380846071970368 0.9999949324322267 0.9751327633857727
0.9999953817249342 0.0004572401923024452 -0.0030045732158835822 -0.0011481211986392736 -0.00045550229222891364 0.9999997285936374 0.0005790771219403158 -0.015065192244946957 0.0030048371777578885 -0.0005777058576158778 0.9999953185937808 0.9849036931991577
0.9999938144553638 0.0005375442608585817 -0.003475931124058691 -0.0015868411865085363 -0.0005357500693581472 0.9999997227967675 0.0005170863096092992 -0.014998793601989746 0.003476208117297446 -0.0005152208808080516 0.9999938252432209 1.004201889038086
0.9999914817081935 0.0007657730334919916 -0.0040558726203591385 -0.0021868147887289524 -0.0007633525411528643 0.9999995296640023 0.000598301489060421 -0.014889979735016823 0.004056328875882464 -0.0005952003318824055 0.9999915959309935 1.0186467170715332
0.9999947317144656 0.000468523704926781 -0.0032120132086162234 -0.0014057201333343983 -0.00046685284878480776 0.9999997553455003 0.000520919722609547 -0.01527833379805088 0.003212256486021145 -0.0005194174407389307 0.9999947057928811 1.0040974617004395
0.9999973718168709 0.0004210611526216879 -0.0022536785167224706 -0.0005947535391896963 -0.0004195967900046312 0.9999997005899082 0.00065019891409974 -0.015471938997507095 0.0022539516154525836 -0.0006492515689866041 0.999997249083474 0.9577590227127075
0.9999981977600079 0.00044026407983879947 -0.0018467929705305653 -0.00034158723428845406 -0.00043900312243222423 0.9999996703033855 0.000683132035974834 -0.015965282917022705 0.0018470931201464023 -0.0006823200569264102 0.9999980613412934 0.9193437695503235
0.9999975643687246 0.0004950211103535242 -0.002150862784689251 -0.0007007550448179245 -0.0004936973495836111 0.9999996884384883 0.0006159430599308841 -0.01633978635072708 0.0021511670193806324 -0.0006148796844645844 0.9999974971985821 0.9377453327178955
0.9999988545005924 0.00035360724466182474 -0.0014717198847731137 -1.0429881513118744e-05 -0.0003526469164863856 0.9999997247922126 0.0006527293860364484 -0.016175327822566032 0.0014719502895840467 -0.0006522096408560264 0.9999987039916248 0.9074534177780151
0.99999760286589 0.0004417214684816654 -0.0021445616376498514 -0.0006077819271013141 -0.00044031102614433396 0.9999996865080859 0.0006581108796430959 -0.016031526029109955 0.002144851667051299 -0.0006571650279277549 0.9999974838695606 0.9255914092063904
0.9999969298967349 0.00043269874248134536 -0.0024398706733601045 -0.0005998816341161728 -0.0004310940627940371 0.9999996904797501 0.0006581780252162227 -0.015013961121439934 0.0024401547109745643 -0.0006571241907804477 0.9999968069112942 0.9556001424789429
0.9999985874026334 0.0003858797939139398 -0.001635936894490248 0.0001262476434931159 -0.00038462277572332416 0.9999996306418137 0.0007686231566204506 -0.015185332857072353 0.0016362328863888378 -0.0007679928522761366 0.9999983664631261 0.911929726600647
0.9999967021570393 0.00043810982204119255 -0.002530560180904516 -0.0006440833676606417 -0.00043639739909436963 0.9999996754721034 0.000677209714665637 -0.014922918751835823 0.0025308560518947205 -0.0006761031514531481 0.9999965688201999 0.9640066623687744
0.9999988794566229 0.00028569350461901764 -0.0014695117283867144 0.00037104287184774876 -0.0002846042113041848 0.9999996846500048 0.0007414177864015618 -0.014905538409948349 0.0014697230832219819 -0.000740998726384312 0.9999986454165556 0.9183546900749207
0.9999985148802558 0.0003669786343664167 -0.0016839132887746674 -2.6364228688180447e-05 -0.0003658074415894137 0.9999996910418542 0.0006957737501265469 -0.01550898514688015 0.00168416810261659 -0.0006951567288071883 0.9999983401660845 0.9020408391952515
0.9999968113102033 0.0004707691972524579 -0.00248107754578687 -0.0007388743106275797 -0.00046901315956155045 0.9999996391642124 0.0007083065021461857 -0.015076267533004284 0.0024814100994087237 -0.0007071405855576028 0.999996671272515 0.9497172236442566
0.9999943945529284 0.0004940929826634395 -0.003311606082572892 -0.0013203504495322704 -0.0004923292272284258 0.9999997365522891 0.0005333922419302787 -0.015038806945085526 0.003311868755501596 -0.0005317588515647803 0.9999943743631109 0.9946680665016174
0.9999997175075014 0.00013650906044971624 -0.0007391550541735862 0.0005261018523015082 -0.00013611853841318254 0.9999998511535689 0.0005283602782773554 -0.01630632020533085 0.0007392270701181609 -0.0005282595163139054 0.999999587242526 0.896501898765564
0.9999999176297207 0.00029480505357890746 -0.0002789812394689652 0.000600697472691536 -0.0002946241641631314 0.9999997465089483 0.000648211879594079 -0.017664983868598938 0.00027917226488761163 -0.0006481296315861898 0.9999997509953825 0.8277245163917542
0.9999962534545696 -0.0001739205828713128 0.002731817793265839 0.00255390303209424 0.0001726421628989807 0.9999998754903365 0.0004682029425235863 -0.018821116536855698 -0.00273189888325679 -0.000467729561447516 0.9999961589713979 0.7040539979934692
0.9999972004739476 5.725370446662704e-05 0.0023655372076085875 0.0019286293536424637 -5.8570957998132805e-05 0.9999998432792585 0.0005567862256360194 -0.021574459969997406 -0.002365504958805829 -0.0005569232186789049 0.9999970471070493 0.6335486769676208
0.9999981994952264 0.0006392455755183927 -0.0017867208510252458 -0.0007824846543371677 -0.0006380605307972821 0.9999995761622175 0.0006637425286856957 -0.017961520701646805 0.0017871443882201883 -0.0006626012975595126 0.9999981835355782 0.861311674118042
0.9999938986784603 0.0006180036785728532 -0.0034381211884781226 -0.0015880486462265253 -0.0006159949898102347 0.9999996390054093 0.0005852685056235584 -0.014980098232626915 0.0034384816454244 -0.0005831470692857556 0.9999939183732418 1.0026432275772095
0.9999992500414578 0.00020545697115349943 -0.0012073541131040937 0.000161315081641078 -0.00020480647068234903 0.999999833830893 0.0005388807805842314 -0.016100168228149414 0.0012074646292921307 -0.0005386331025112182 0.9999991259513927 0.9125279188156128
0.9999997372979915 0.00015817435179072567 0.0007073788393777745 0.0013280189596116543 -0.0001586448603839677 0.9999997662122088 0.0006651370806692071 -0.018165742978453636 -0.0007072734663746513 -0.0006652491279535717 0.9999995286038097 0.788337230682373
0.9999994963778734 0.00014103134832678678 0.00099365696185856 0.00158781954087317 -0.00014172466528287436 0.9999997465595647 0.0006977069049663492 -0.018119486048817635 -0.000993558311480163 -0.0006978473792860396 0.9999992629251866 0.7697783708572388
0.9999956007447213 -0.00024995707735937133 0.002955674654543836 0.0022585117258131504 0.000248806853115779 0.9999998931849549 0.00038951922787165184 -0.020237693563103676 -0.0029557717019210884 -0.0003887821221675013 0.9999955561211799 0.6441326141357422
0.9999988269439398 0.0001597202826191045 0.0015233516257716245 0.0010084068635478616 -0.0001606389464054105 0.9999998053225693 0.0006029510365247528 -0.02086951769888401 -0.0015232550256994847 -0.0006031950388295543 0.9999986579240353 0.6515442132949829
0.9999999575847459 0.00026889490560341 0.00011191977546164708 0.000822481932118535 -0.00026896296886392694 0.9999997786487843 0.0006085731705374135 -0.018192144110798836 -0.0001117561084628243 -0.0006086032469997105 0.9999998085563117 0.8028098344802856
0.9999999594779415 0.00028432133937376187 1.4334966981593975e-05 0.0006357562378980219 -0.00028432981284075504 0.9999997827983215 0.000594609003769923 -0.01847057417035103 -1.4165903839659523e-05 -0.0005946130555336212 0.999999823117305 0.8061488270759583
0.9999963409264663 -0.0001412695523470365 0.0027015137593383474 0.0025554460007697344 0.00013993101260278496 0.9999998673700978 0.0004956602648869573 -0.020135698840022087 -0.002701583422740579 -0.0004952804256736959 0.9999962280650411 0.6692565679550171
0.9999961991805632 3.823926710806514e-05 0.002756839165710501 0.001908180769532919 -3.897971485157131e-05 0.9999999631854302 0.00026853253015929687 -0.021634293720126152 -0.0027568287957315057 -0.0002686389703202079 0.9999961638566892 0.6122941374778748
0.9999971929528498 -0.00012884765561257494 0.0023659003998590454 0.0010850979015231133 0.00012936045294808715 0.9999999681765942 -0.00021659335913851797 -0.0263543538749218 -0.0023658724170214913 0.00021689880509810232 0.9999971777973247 0.5026764273643494
0.9999961212074402 0.00027035134928844366 0.0027720895047182595 0.0020670550875365734 -0.0002703402915703428 0.9999999634485418 -4.3636506886775e-06 -0.024311790242791176 -0.002772090583113198 3.614226278017055e-06 0.9999961577429866 0.5739414095878601
0.9999974096271482 -0.0002832372328444889 0.002258432125128153 0.000841462635435164 0.000283025011567132 0.9999999555033586 9.428745375536783e-05 -0.025503570213913918 -0.0022584587303530017 -9.364801673736938e-05 0.999997445293843 0.5088855028152466
0.9999961765117977 -2.7848638084227618e-05 0.00276517381704155 0.0017270130338147283 2.6959191017270307e-05 0.9999999478920529 0.00032169720705748365 -0.02300945855677128 -0.0027651826317831116 -0.0003216214302028783 0.9999961251548269 0.5696128606796265
