0.9999957655992944 0.0006342948468865469 -0.0028401502650886997 -0.001385042443871498 -0.0006327774771717188 0.9999996566176569 0.0005351235676700119 -0.01614624634385109 0.0028404887159526673 -0.000533324118622868 0.9999958235858983 0.9871627688407898
0.9999900571802942 0.0011882522809066683 -0.004298092259181656 -0.004032823257148266 -0.0011865775991169085 0.9999992191206701 0.0003921627860940382 -0.018529128283262253 0.004298554891215317 -0.0003870588668964781 0.9999906862622673 0.959159255027771
0.9999999547084101 5.7218267258399697e-05 -0.0002954813830491141 -9.279616642743349e-05 -5.7098919064657937e-05 0.9999999168007601 0.00040390368453907527 -0.02034560963511467 0.00029550446913425616 -0.00040388679457805933 0.9999998747762752 0.8550373911857605
0.9999976733240108 -0.00010803197931062116 0.002154454839806415 0.0019940712954849005 0.00010704700080861153 0.9999998897123311 0.00045729231956863944 -0.019561871886253357 -0.002154504004391019 -0.0004570606276686005 0.9999975746010977 0.7164172530174255
0.9999990523511866 0.0002728454034089555 0.0013493895340357365 0.0011108829639852047 -0.0002736238304989649 0.999999796260526 0.0005767225552450738 -0.02063480205833912 -0.0013492319030135817 -0.0005770912338477666 0.99999892326891 0.677454948425293
0.9999998444480601 0.0004189051608025527 0.000368269360552784 0.0005939120892435312 -0.000419114929855251 0.999999749883631 0.0005697151489354685 -0.019587354734539986 -0.0003680306118265123 -0.0005698694075023877 0.9999997699011371 0.7647110223770142
0.999997564530558 -9.423106088432879e-05 0.00220500645343242 0.0019958680495619774 9.323238619601755e-05 0.9999998930444758 0.0004530107713976905 -0.02038937248289585 -0.0022050489052803796 -0.0004528040900905688 0.999997466360681 0.6982789039611816
0.999999434193502 0.00031690349493132894 0.0010154727229545247 0.000679447315633297 -0.00031753155459338496 0.9999997583847099 0.0006183884167187539 -0.020755594596266747 -0.0010152765081503047 -0.0006187105114629363 0.9999992932052079 0.6948326826095581
0.9999977148521895 -0.00013811430777543242 0.0021333576439081636 0.0021244301460683346 0.00013685900026842474 0.999999817437199 0.000588553465989617 -0.019734608009457588 -0.002133438542090961 -0.0005882601518635926 0.999997551191992 0.7215587496757507
0.9999999309972064 0.0003711903402507116 1.494367864679822e-05 0.0008166925399564207 -0.0003712000420193545 0.999999716893668 0.0006545403825870534 -0.018667425960302353 -1.4700715348827855e-05 -0.0006545458845160801 0.999999785676764 0.7835444211959839
0.9999985838238094 0.0001309232176732529 0.001677858601522033 0.002047810237854719 -0.0001319936809646062 0.9999997878313134 0.0006378988920051248 -0.01904878579080105 -0.0016777747297574857 -0.000638119455360855 0.9999983889364606 0.7255900502204895
0.9999982845722497 9.913549406601231e-05 0.0018496012305464532 0.002191683743149042 -0.00010036016197896431 0.9999997758125574 0.0006620443136903774 -0.01927659474313259 -0.001849535183798952 -0.0006622288042802838 0.9999980703344458 0.7139634490013123
0.9999935689856609 0.0009865815765278123 -0.0034479913156722462 -0.0024033724330365658 -0.0009846394104967705 0.9999993556712834 0.0005649267646107041 -0.017915796488523483 0.003448546440370479 -0.0005615281034221189 0.99999389608819 0.9238669872283936
0.999987515784054 0.0007798620401904122 -0.004935594314249022 -0.003362435381859541 -0.0007771771470976536 0.999999549005075 0.000545880324582339 -0.015397993847727776 0.0049360177996646635 -0.0005420376785861068 0.9999876708857148 1.0806635618209839
0.9999984145887141 0.0002788334100696124 -0.0017587131625848703 -0.0005369990831241012 -0.00027773471292206304 0.9999997661630583 0.0006249298027260501 -0.016071099787950516 0.0017588870026407108 -0.0006244403562599651 0.99999825819386 0.9746503233909607
0.999999966004547 0.00024045645425049334 -0.00010085434429743936 0.0010436850134283304 -0.00024037660406539394 0.999999658265862 0.0007910039491859542 -0.016684405505657196 0.00010104451183698633 -0.0007909796792706291 0.9999996820705264 0.8373559713363647
0.9999992436057138 0.00023216457052191666 0.001207844200383064 0.001531068584881723 -0.00023295198798764817 0.9999997604320684 0.0006518198962375359 -0.019472897052764893 -0.0012076925815360596 -0.0006521007729123494 0.9999990581211616 0.727149248123169
0.9999998819166045 0.00040751735220526087 -0.0002647572177497953 0.0005292983260005713 -0.00040734098272160544 0.9999996953463347 0.0006658682762459708 -0.018601853400468826 0.0002650284899673918 -0.000665760351152723 0.9999997432614941 0.8124741315841675
0.999999062056696 0.0001270715744274898 0.0013637223117206902 0.0019448638195171952 -0.00012802805863527025 0.9999997458842956 0.0007013131686582527 -0.01828097738325596 -0.001363632848208926 -0.0007014871055863492 0.9999988242099568 0.7502409815788269
0.9999957227175995 -0.00011213182165965466 0.0029226653862658622 0.0022081341594457626 0.00011082471112190432 0.9999998937798174 0.00044739047508438593 -0.021554280072450638 -0.0029227152425287755 -0.0004470646579218419 0.9999956289248481 0.6062572002410889
0.9999987134378144 0.00018394269386821604 0.001593514292616554 0.0017430686857551336 -0.00018494111136220848 0.9999997866936 0.0006264260047939391 -0.01967393048107624 -0.001593398726222926 -0.0006267199051621776 0.9999985341502553 0.697931170463562
0.9999994846397713 0.00033619542299261355 0.0009579628537784451 0.0009632901637814939 -0.0003367044081607779 0.9999998022237466 0.0005312086304470341 -0.019812192767858505 -0.0009577840744059307 -0.0005315309069989545 0.9999994000621009 0.7242946624755859
0.9999999382115512 0.00032932769317192516 -0.0001229640777306418 0.000843358167912811 -0.0003292382439907955 0.9999996817149437 0.0007267545596724616 -0.017457706853747368 0.0001232033789956525 -0.0007267140302903987 0.9999997283537859 0.8203917145729065
0.9999990353283977 0.00032942752549373916 -0.0013493775524751077 5.850463639944792e-05 -0.0003284368630982845 0.9999996764528708 0.0007343183099659426 -0.015595227479934692 0.0013496190205516516 -0.000733874416259452 0.9999988199777239 0.9098919034004211
0.9999972287890969 0.0005168919810374036 -0.0022967883677808636 -0.0005350690335035324 -0.0005148514064660347 0.9999994723483757 0.0008889493794672765 -0.014657905325293541 0.002297246646682546 -0.000887764411279557 0.9999969672614983 0.9654505848884583
0.9999966161136696 0.0005478415627942422 -0.002543153717770379 -0.0011367679107934237 -0.000546303220227239 0.9999996674303997 0.0006055508909240546 -0.015550059266388416 0.0025434846179411986 -0.0006041595087431216 0.9999965828328047 0.966830313205719
0.9999976845184693 0.0003260936401820351 -0.002127115567682508 -0.0006316888611763716 -0.00032434708987399806 0.9999996100653149 0.00082138187461804 -0.015128121711313725 0.0021273825856518423 -0.0008206900489792759 0.9999974003522101 0.96039879322052
0.9999124511017939 0.00273254280063173 -0.012946943324377722 -0.010998936370015144 -0.0027287439097649136 0.9999962285870745 0.0003110760386802249 -0.014260569587349892 0.012947744524698272 -0.000275719911569313 0.9999161364285772 1.3687782287597656
0.9998779358369734 0.0016673707410180324 -0.015534905896250307 -0.012643909081816673 -0.0016755310280988673 0.9999984650779303 -0.0005122865967494885 -0.013243300840258598 0.015534027879697961 0.00053825328176259 0.9998791948336746 1.6589443683624268
0.9998943747349487 0.0019430176710315186 -0.01440361259323635 -0.012044394388794899 -0.0019475040637864502 0.9999980593716946 -0.00029745716703793437 -0.014036707580089569 0.014403006676646122 0.00032547684210435803 0.9998962183464329 1.5486297607421875
0.9999306051212657 0.0014630516721492767 -0.011689500486491226 -0.009470798075199127 -0.0014646635485550128 0.9999989190164734 -0.00012933125696010437 -0.014006520621478558 0.01168929863202201 0.0001464434672965909 0.9999316670912078 1.4680315256118774
0.9998894606954893 0.0021914674447605685 -0.014705912434179102 -0.012333249673247337 -0.002194069061258539 0.9999975801027493 -0.00016077810652805662 -0.0136442631483078 0.01470552450739575 0.0001930261217173901 0.9998918492966519 1.5403319597244263
0.9999829716553736 0.0007262861877125745 -0.005790415154497094 -0.003702079877257347 -0.0007245250094960634 0.9999996906384268 0.00030624591600279924 -0.014699013903737068 0.00579063578534399 -0.00030204540054700304 0.9999831885115755 1.1528680324554443
0.9999897182059841 0.0006963813383788056 -0.004480907870920591 -0.002731884364038706 -0.000694033537885615 0.9999996210887517 0.0005254900578577118 -0.015081752091646194 0.004481272114523993 -0.000522374754534585 0.9999898226106358 1.0640532970428467
0.9999852455961367 0.0007649601048424279 -0.005378050396939505 -0.0034447317011654377 -0.000762596095874075 0.9999996117168835 0.0004416030759759875 -0.01505318470299244 0.0053783861174686335 -0.00043749528014973716 0.9999854406743386 1.0975854396820068
0.9999941811624636 0.00044400950207706903 -0.00338238034175008 -0.0018854341469705105 -0.0004421889569759719 0.9999997569887179 0.0005389725705822105 -0.015675993636250496 0.0033826188287361934 -0.0005374737831529711 0.999994134488694 1.027407169342041
0.9999751372173747 0.001314364278835774 -0.006928015129508315 -0.005524815991520882 -0.0013110664934702127 0.9999990250985824 0.0004805273500367217 -0.01589735597372055 0.006928639963360437 -0.0004714323142871193 0.9999758855591623 1.1183620691299438
0.9999726675082483 0.0010142226093930338 -0.007323632222930052 -0.0054575419053435326 -0.001012105486384507 0.9999994449606082 0.0002927814197402682 -0.01485538575798273 0.0073239251035611885 -0.00028536112894143824 0.9999731389842946 1.2241532802581787
0.999980737575958 0.0007690760919232125 -0.006158977107302293 -0.0042860135436058044 -0.0007671833076123303 0.9999996577646361 0.00030967787066034553 -0.015062130056321621 0.006159213165329042 -0.0003049468410851956 0.9999809853695261 1.1624584197998047
0.9999740628878326 0.0011810218386144992 -0.007104839126804091 -0.005480366293340921 -0.001178313551731 0.999999231536012 0.0003853628931832737 -0.015243939124047756 0.007105288788983721 -0.0003769811697567061 0.9999746860578136 1.160379409790039
0.9999791605170402 0.0007498948406629619 -0.006412190683658873 -0.004725774750113487 -0.0007471294444531403 0.9999996268698806 0.00043365619177280964 -0.014977766200900078 0.0064125134876182295 -0.00042885641813878106 0.9999793476632124 1.1868703365325928
0.9999685738283011 0.0013500710419833226 -0.0078120844833643255 -0.006184903439134359 -0.0013460627661729578 0.9999989597282773 0.0005183217075885934 -0.01518312282860279 0.00781277612780159 -0.0005077898626723611 0.9999693508696316 1.1988563537597656
0.9999305490588719 0.0017684226217707826 -0.011652027302303507 -0.009731613099575043 -0.0017670520188628246 0.9999984305803273 0.0001279220257357011 -0.014238456264138222 0.01165223523558677 -0.00010732340306224257 0.999932104642961 1.3931832313537598
0.9999651496969498 0.0008021457329307932 -0.008309991202136973 -0.005978997331112623 -0.0008002438239572035 0.9999996528481271 0.0002321926943170264 -0.013645677827298641 0.00831017456968693 -0.00022553458319461462 0.9999654444693441 1.3182246685028076
0.9999698085064644 0.001229919112623713 -0.007672638041843801 -0.0057334499433636665 -0.0012252527577553453 0.999999061583506 0.0006128521737969742 -0.0141865573823452 0.007673384600315475 -0.000603432749954503 0.9999703770800873 1.1886197328567505
0.9999256322473669 0.0017011302581657938 -0.012076263103640735 -0.009791934862732887 -0.001699934680628309 0.9999985491404155 0.00010926639696750934 -0.013892468065023422 0.01207643145905275 -8.872941260885761e-05 0.9999270733060016 1.4012742042541504
0.9999719815051809 0.0007620979923445803 -0.00744683901078744 -0.0052294363267719746 -0.0007609036947288081 0.9999996971942571 0.00016320833881213403 -0.014636029489338398 0.007446961136589161 -0.00015753743864277978 0.9999722585911001 1.2541351318359375
0.9999818262111602 0.0010054203723036514 -0.005944440870937461 -0.004324045497924089 -0.0010023164591313849 0.999999359810392 0.0005251100091738663 -0.015107732266187668 0.0059449650216691135 -0.000519142255010168 0.9999821937825744 1.1408069133758545
0.9999919482461145 0.0004837713486835236 -0.003983642582186905 -0.0024215311277657747 -0.0004818769378726219 0.9999997703742683 0.00047649347046004 -0.015615390613675117 0.003983872181328906 -0.0004745700083628046 0.9999919517404878 1.0623438358306885
0.9999549602433315 0.0019858566380278955 -0.009280832838206505 -0.010519368574023247 -0.00199109033526609 0.9999978639203752 -0.0005547197166074746 -0.01888176240026951 0.009279711419777107 0.0005731737087337924 0.9999567782798742 1.1584806442260742
0.9999180896827767 0.0022248969264468538 -0.012604116740707225 -0.013462232425808907 -0.002224847929976458 0.9999975248624146 1.790903311596545e-05 -0.01657298393547535 0.012604125389536881 1.0134676858362332e-05 0.9999205648052517 1.5047791004180908
0.9998993295312685 0.002483474019131901 -0.0139700808772141 -0.015482136979699135 -0.0024842702981525038 0.9999969134098936 -3.964557087657346e-05 -0.016443125903606415 0.013969939298555435 7.434703672442145e-05 0.9999024128726326 1.5573400259017944
0.9999546161239586 0.0017607170429275577 -0.009362989259883618 -0.010965032503008842 -0.0017619544261736752 0.999998440080272 -0.00012390973330182422 -0.017568090930581093 0.009362756484392753 0.0001404012701665163 0.9999561585782132 1.3865247964859009
0.9999566225410195 0.0017979159326980646 -0.009138956978580593 -0.011778147891163826 -0.0017940785865235415 0.9999982990177345 0.00042806969448159636 -0.01779768615961075 0.00913971106670086 -0.00041165511888755174 0.9999581472350133 1.351660966873169
0.9999297940750392 0.0016537373541536927 -0.01173337435748079 -0.013485416769981384 -0.0016548449964128966 0.9999986271566389 -8.469282813585027e-05 -0.017758352681994438 0.011733218189702185 0.00010410379804402992 0.9999311580070459 1.4370498657226562
0.9999996444034951 1.5273070891413133e-05 0.0008431842126673465 0.0008254973217844963 -1.643922112243918e-05 0.9999990434621355 0.001383041780251118 -0.015852568671107292 -0.0008431622828345647 -0.001383055149738014 0.9999986881170482 1.032094955444336
0.9999972597459083 5.623975753513514e-05 0.0023403712876998296 0.0023176856338977814 -5.5237308109748815e-05 0.9999999067147081 -0.00042839166100395337 -0.02526477538049221 -0.002340395162020755 0.0004282612112920416 0.9999971695674047 0.5379780530929565
0.9999959178399357 0.0003208834361253201 0.002839249422869 0.0022029071114957333 -0.00031900040474480316 0.9999997289086463 -0.0006636425061242337 -0.028095394372940063 -0.0028394616050607543 0.0006627340753142314 0.9999957491116345 0.4342638850212097
0.999996640759956 0.0003719298717225064 0.002565177766478722 0.0021511546801775694 -0.0003701186521471855 0.9999996819221093 -0.0007065181266314117 -0.029207173734903336 -0.002565439725748597 0.0007055663331299821 0.9999964603413168 0.38396352529525757
0.9999810499345 0.0014580756482436789 -0.005981119234649003 -0.008265150710940361 -0.0014630126814715095 0.9999985926571012 -0.0008211441473440331 -0.022739708423614502 0.005979913526878381 0.0008298790398983405 0.9999817758014344 0.9247944951057434
0.9999997976919318 -0.0002888418685505034 -0.0005667331559290077 0.00019241764675825834 0.0002892934943673749 0.9999996405714714 0.0007969731499666017 -0.017016179859638214 0.0005665027530151226 -0.0007971369409475561 0.9999995218235497 0.9827618598937988
0.9999994825777987 0.00043641459680183716 0.0009189050195871426 0.0006179801421239972 -0.00043648940593156335 0.9999999014407843 8.121219441242514e-05 -0.020703472197055817 -0.0009188694868335045 -8.161324469753984e-05 0.9999995745089819 0.6773401498794556
0.9999974202143638 -0.0003030771251908454 0.0022511572297848853 0.00028278096579015255 0.00030210257736000616 0.9999998605197974 0.0004332371389107117 -0.022890226915478706 -0.002251288220059606 -0.00043255594085060304 0.9999973722949017 0.5281950235366821
0.9999997694654763 0.00019722681855848456 0.0006497465474836852 -0.0014313752762973309 -0.00019727812617751256 0.9999999774278722 7.890244532526718e-05 -0.022433895617723465 -0.0006497309711392552 -7.903060791690743e-05 0.999999785801891 0.62456876039505
0.999797419521617 0.0036137306587372604 -0.019800526978895318 -0.01972361095249653 -0.003629743655965153 0.9999931138187812 -0.0007728363412833608 -0.01476687379181385 0.019797597806497626 0.0008445506169140438 0.9998036516513369 1.6654897928237915
0.9999887470385296 -0.0013995820937440886 -0.004532876159179621 -0.004631987307220697 0.0014051887276432965 0.9999982514246061 0.0012339336975004174 -0.019459262490272522 0.0045311412415960164 -0.0012402893585747447 0.999988965159794 1.1387605667114258
0.9999966554444073 0.001111053519096515 0.002335521371515647 0.0025220252573490143 -0.001109197145588771 0.999999068041678 -0.0007959883588995132 -0.029961589723825455 -0.002336403580574384 0.000793395143033449 0.9999969558665944 0.31642165780067444
0.9999961874896004 0.0011984176688140033 0.0024877301611984804 0.0029005531687289476 -0.0011961043952047024 0.9999988511436889 -0.0009311528220281558 -0.030187256634235382 -0.002488843213148269 0.0009281736870184454 0.9999964720703103 0.2872828543186188
0.9999961822261437 0.0008837005220660677 0.0026181303490032926 0.0025352456141263247 -0.0008816810737424328 0.9999993130289165 -0.0007723860298447585 -0.029023252427577972 -0.002618811108361261 0.00077007472507226 0.9999962743997082 0.32070741057395935
0.9999979545767202 0.00043130955029229583 0.0019760603350177214 1.8187914974987507e-05 -0.00043171606514069553 0.9999998857369937 0.00020529792630646663 -0.02339102327823639 -0.001975971562270856 -0.00020615060337762333 0.9999980265172096 0.515899658203125
0.9999997617038064 0.0002718447232499698 0.0006345807882684182 -0.0002604871988296509 -0.0002721211720488264 0.9999998681038044 0.00043559435427625295 -0.021784324198961258 -0.000634462290542939 -0.00043576693334363965 0.9999997037823469 0.7052526473999023
0.9999973862973673 -0.0004668306466870171 0.0022381839917056225 -0.0006658963393419981 0.0004662999121875025 0.9999998630450275 0.0002376432572189787 -0.024234581738710403 -0.0022382946243306445 -0.00023659897109137992 0.9999974670258426 0.5730165243148804
0.9999958245937492 0.0007340412149128985 0.002794991692622296 0.0020369833800941706 -0.0007326384916492577 0.9999996051857135 -0.0005028610713691096 -0.027484223246574402 -0.002795359709871406 0.0005008112532219941 0.99999596756796 0.3562721610069275
0.9999966603928345 0.0009885403521516008 0.002387884241273716 0.0021166177466511726 -0.0009868702428307268 0.9999992677024787 -0.0007004867092161143 -0.028676724061369896 -0.002388574952010211 0.0006981278379646435 0.9999969036588163 0.2943741977214813
0.9999968765045384 0.0011945286638785114 0.002195468614700047 0.002447042614221573 -0.0011924667973259103 0.9999988470080762 -0.0009402156430327844 -0.029385201632976532 -0.002196589197878295 0.0009375946828458895 0.9999971479519861 0.34188348054885864
0.9999961853364229 0.0005232479365849116 0.002712106966779605 0.0017184161115437746 -0.0005221383853136122 0.9999997797167485 -0.00040980234350526857 -0.027135033160448074 -0.002712320797578511 0.0004083846850947629 0.9999962382618445 0.3671104609966278
0.9999963663183697 0.0006055686663878508 0.002626906288167743 0.0011521900305524468 -0.0006055955453840882 0.9999998165824744 9.436776198181647e-06 -0.024899369105696678 -0.0026269000917311146 -1.1027584654197163e-05 0.9999965496311976 0.4755048155784607
0.9999984740030914 0.00019297824249548271 0.0017363038001231984 0.001738501712679863 -0.0001940641318648352 0.999999785696923 0.0006252561238656993 -0.01975279487669468 -0.0017361827672000584 -0.0006255921240164117 0.9999982971504966 0.6930670738220215
0.9999991724428184 0.00022090099917292376 0.0012674053918038362 0.0016392834950238466 -0.0002218040646703312 0.9999997216199198 0.0007124345865481589 -0.01875884458422661 -0.0012672476614714074 -0.0007127151126352874 0.999998943059708 0.731550931930542
0.9999995757331794 0.00020361033270562375 0.0008983742505182196 0.001483210944570601 -0.0002042119952079603 0.9999997549111884 0.0006696827788975536 -0.018333256244659424 -0.0008982376760033235 -0.0006698659535715117 0.9999993722241439 0.7557741403579712
0.9999975243750105 -8.668287555137417e-06 0.002225122178907639 0.0025323836598545313 7.246066199437479e-06 0.9999997957028067 0.0006391727774849138 -0.01889296993613243 -0.0022251272648548554 -0.000639155071750203 0.999997320141134 0.6998538970947266
0.9999965423303168 -0.00013032225096581 0.0026264697831718978 0.001478743040934205 0.0001298538750101319 0.9999999756380699 0.00017849882590965926 -0.023205198347568512 -0.002626492981554812 -0.00017815715144073855 0.9999965348913201 0.5486443042755127
0.9999971837589661 -0.00014474399499168385 0.0023688654062407753 0.0008294262224808335 0.00014457614419208497 0.9999999870263716 7.102813126089095e-05 -0.024942344054579735 -0.0023688756564034714 -7.06854498020088e-05 0.9999971917119028 0.49358898401260376
0.9999961415843829 0.00035057293447371423 0.0027557058921751565 0.0016112211160361767 -0.0003495842517362785 0.9999998743651111 -0.0003592500699699217 -0.02703751064836979 -0.0027558314893135925 0.00035828533245152 0.9999961385047558 0.38640010356903076
0.9999960367567879 0.00029095100144842673 0.002800324665391411 0.0018370867474004626 -0.0002909011059899894 0.9999999575221965 -1.8225033669237404e-05 -0.024706117808818817 -0.002800329849031568 1.7410343896703016e-05 0.9999960789171208 0.5046353340148926
0.9999949359083111 -0.00012938757568771182 0.003179845371642138 0.0025795893743634224 0.00012828667037711517 0.9999999317695861 0.0003464150010920805 -0.021234264597296715 -0.0031798899764771456 -0.0003460053150397106 0.9999948842769443 0.604324996471405
0.9999956325471131 4.20482002507319e-05 0.002955185044598808 0.0014853517059236765 -4.1498328501415734e-05 0.9999999818165268 -0.00018613122983069527 -0.026392370462417603 -0.0029551928173465053 0.000186007781671555 0.9999956161086494 0.39219602942466736
0.9999961501656839 0.000994011652557731 0.0025906745541908927 0.00247604725882411 -0.0009924824013049836 0.9999993325473564 -0.0005915095307397922 -0.028307810425758362 -0.002591260792404467 0.0005889360546235593 0.9999964692546817 0.287720263004303
0.9999962960010718 0.0014482003466039079 0.0023044955832091777 0.0028611482121050358 -0.001446382821119731 0.9999986418124974 -0.0007901581457787996 -0.029267461970448494 -0.002305636760572666 0.0007868220362109745 0.9999970324707028 0.27769678831100464
0.999996027371526 0.0014123428738454233 0.0024393705690042454 0.002952294424176216 -0.001410396870522227 0.9999986859618282 -0.0007992842326992986 -0.029369663447141647 -0.0024404962269684322 0.0007958405768234292 0.9999967053025437 0.2688564658164978
0.999996116822675 0.0013138599141120017 0.0024576638698246864 0.0027105871122330427 -0.0013120399507359278 0.9999988639992418 -0.0007419915051814231 -0.02871420979499817 -0.0024586359508119364 0.0007387640707141445 0.999996704663025 0.30126163363456726
0.9999979919794222 0.0012258867648240355 0.001585319766905993 0.001903726253658533 -0.001225781412065597 0.9999992464566069 -6.742513157090663e-05 -0.024967603385448456 -0.001585401227875166 6.548174067740144e-05 0.9999987411067518 0.4282136857509613
0.9999939809107503 -0.000390480441792266 0.003447559614337998 0.0018684539245441556 0.00038968715000943174 0.9999998974442953 0.0002307711504868262 -0.022868528962135315 -0.0034476493723918874 -0.0002294262917740762 0.9999940305208734 0.4772287607192993
0.9999956425383678 9.005758796137592e-05 0.0029507276912231206 0.0020846344996243715 -8.899313959708684e-05 0.9999999309264287 -0.0003608702799138344 -0.026165124028921127 -0.0029507599865127966 0.00036060611291409753 0.999995581479605 0.44530001282691956
0.9999961677888963 7.350396465937132e-05 0.0027674906843863775 0.002271184464916587 -7.40850266233668e-05 0.9999999752355279 0.00020985793307177835 -0.023363716900348663 -0.0027674751904608365 -0.00021006215847290977 0.9999961484700626 0.5703035593032837
0.9999962076174889 2.1619631004984684e-05 0.002753957739548323 0.0029140827246010303 -2.3314363336464093e-05 0.9999998104003642 0.0006153500430430467 -0.019835593178868294 -0.00275394391375807 -0.0006154119161716585 0.9999960185226203 0.6575759649276733
0.9999988529765275 0.00010515743667645003 0.0015109558374633535 0.0021488750353455544 -0.00010627390582873352 0.9999997213998885 0.0007388545203060274 -0.018463244661688805 -0.0015108777204634566 -0.0007390142480009317 0.9999985855522271 0.7317969799041748
0.9999978303311896 -7.27217556676638e-05 0.0020818367995342145 0.0028500165790319443 7.105978679387616e-05 0.9999996787688061 0.0007983813572063905 -0.017823196947574615 -0.002081894190477282 -0.0007982316901041463 0.999997514268285 0.7230004072189331
0.999995629449055 -0.00017432150969553162 0.0029513886223148772 0.0026966766454279423 0.00017251389324196966 0.999999797414804 0.0006127065428427372 -0.0204832311719656 -0.002951494832336783 -0.0006121947094358716 0.9999954569376266 0.614068865776062
0.9999961366517484 2.3980580350187287e-05 0.002779587471052613 0.002617769641801715 -2.5281147101936745e-05 0.9999998902315927 0.00046786500792926416 -0.020521629601716995 -0.0027795759462673083 -0.00046793347156354225 0.9999960274900219 0.6323113441467285
0.9999999453810299 0.00032912973410031016 -3.0191976156312987e-05 0.0010607539443299174 -0.0003291079434104111 0.9999996874169115 0.0007189256156945516 -0.016991732642054558 3.0428586515543283e-05 -0.0007189156400083945 0.9999997411171684 0.8049908876419067
0.9999992208808689 0.00036969366846881013 -0.0011922936914192457 0.00029462086968123913 -0.00036876525297923317 0.9999996287365884 0.0007788060564192685 -0.015705011785030365 0.0011925811684322454 -0.0007783657731518288 0.9999989859479258 0.8837334513664246
0.9999997914219576 -2.52148931241993e-05 0.000645383800599655 0.001889243721961975 2.4711643004671194e-05 0.9999996956780127 0.0007797648467783912 -0.016151558607816696 -0.0006454032658824479 -0.0007797487356424847 0.9999994877231354 0.8137605786323547
0.9999999521377643 0.0003090596135452813 -1.4374432554916656e-05 0.0010021497728303075 -0.0003090489925187557 0.9999996835208504 0.0007331077131158889 -0.01729346252977848 1.4601001992211127e-05 -0.0007331032356238156 0.9999997311731921 0.8009351491928101
0.999999944771933 9.405744219122416e-05 -0.00031876218208752376 0.00125541677698493 -9.381194331483861e-05 0.9999996990798639 0.0007700905799174191 -0.015522444620728493 0.00031883451891576706 -0.000770060633687048 0.9999996526755248 0.8615937232971191
0.9999996111854779 3.910264139812116e-05 0.0008809653096712309 0.0020287453662604094 -3.981867060825421e-05 0.999999668905494 0.0008127751080148935 -0.01647433079779148 -0.0008809332363348706 -0.0008128098708636112 0.9999992816481156 0.7881234288215637
0.9999989098079625 -1.0554445656059727e-05 0.0014765742413020786 0.0024086576886475086 9.33871326977583e-06 0.9999996610028401 0.0008233510753076487 -0.01726631075143814 -0.001476582430761785 -0.0008233363883934012 0.9999985709097372 0.7454242706298828
0.999998274799956 -3.508172475450211e-05 0.0018571931468404632 0.002737646456807852 3.35987897304222e-05 0.9999996806287711 0.0007985070304307339 -0.01737644150853157 -0.001857220566710261 -0.0007984432534043402 0.9999979566079813 0.7202489972114563
0.9999961070374832 -9.51286315138888e-05 0.002788702282697863 0.0028548375703394413 9.344778826787437e-05 0.9999998139153182 0.0006028572297591706 -0.02038106694817543 -0.002788759112746352 -0.0006025942847981165 0.9999959298430863 0.6183556914329529
0.9999959657897757 -0.00011567783046517827 0.0028381372082520715 0.0025430861860513687 0.00011482876994615453 0.9999999486102492 0.0002993223214496454 -0.02220391295850277 -0.002838171687357663 -0.00029899521411591394 0.9999959276833754 0.5782142281532288
0.999995901815092 -0.00012296673353122688 0.002860285336024531 0.0028093650471419096 0.00012184168727939916 0.9999999151544027 0.00039350449908962806 -0.021799461916089058 -0.002860333481304796 -0.0003931543844439869 0.9999958319523167 0.595666766166687
0.9999957171454288 6.0323951749614854e-05 0.0029260983955258 0.0027456905227154493 -6.097197516345653e-05 0.9999999736378513 0.00022137460278116183 -0.022502241656184196 -0.0029260849641967023 -0.00022155206466463023 0.9999956944614636 0.5828655362129211
0.9999960830887261 -1.5826689050717736e-05 0.002798849178088152 0.002238781889900565 1.577721821011567e-05 0.999999999718939 1.7697500281711437e-05 -0.024693435057997704 -0.0027988494573943385 -1.7653272907953165e-05 0.9999960830573673 0.505704402923584
0.999995782904818 -0.00017062722389537594 0.002899147966325422 0.0027235765010118484 0.0001694038511196092 0.9999998965175716 0.0004222169841724452 -0.0216818880289793 -0.00289921970802644 -0.00042172407681277435 0.9999957083277348 0.5942633748054504
0.9999961139898332 -0.00014647142072112175 0.002783981205970108 0.0020369079429656267 0.0001465332550140669 0.9999999890218532 -2.200678333596054e-05 -0.024838387966156006 -0.0027839779520423334 2.2414643645385548e-05 0.9999961244746632 0.4843866229057312
0.9999960954964369 -0.00013759668578289315 0.002791067722775665 0.0020749999675899744 0.00013776499726397641 0.9999999887037093 -6.01114513000302e-05 -0.025025250390172005 -0.002791059420110477 6.049572803184617e-05 0.9999961031561974 0.48527127504348755
0.9999961483922091 3.139978709503269e-05 0.0027752864356866626 0.0019845764618366957 -3.0715560066329766e-05 0.9999999691261637 -0.0002465851289300051 -0.025834467262029648 -0.0027752940927234728 0.0002464989347035848 0.9999961184829539 0.45256999135017395
0.9999961565861513 0.000205923386343873 0.002764852344112793 0.0018785051070153713 -0.00020481376945050592 0.9999998983816948 -0.000401606673218481 -0.026698783040046692 -0.002764934763359311 0.0004010388498472596 0.9999960971441816 0.42145174741744995
0.9999962484274983 0.0001759383713246971 0.002733528236317688 0.0020577090326696634 -0.00017495084036390322 0.9999999193546224 -0.0003615009714589493 -0.026292357593774796 -0.002733591617763421 0.00036102138219974315 0.9999961985629892 0.44399139285087585
0.9999963309487983 -4.969463406195611e-05 0.002708434858966041 0.0020586836617439985 5.026572888383788e-05 0.9999999765204212 -0.0002107902131254612 -0.025816071778535843 -0.0027084243202306255 0.0002109255811776967 0.9999963099672424 0.4723341166973114
0.9999960104349115 3.7767559275917034e-05 0.002824480106460466 0.001995265483856201 -3.696166318003934e-05 0.9999999585968671 -0.0002853771181817804 -0.02597447670996189 -0.002824490767515368 0.000285271582168839 0.9999959704278956 0.448506623506546
0.9999957483962927 4.8715474341532744e-05 0.002915615911001445 0.0020083135459572077 -4.769849823756561e-05 0.999999938006693 -0.00034887169987227114 -0.026250742375850677 -0.002915632725703117 0.0003487311461076664 0.9999956887269045 0.4387871026992798
0.999995976072734 8.035353111512819e-05 0.002835733000562919 0.0019666024018079042 -7.93008267669376e-05 0.9999999279094393 -0.0003713387882461018 -0.02659388817846775 -0.002835762634516212 0.00037111241803439176 0.9999959103545646 0.4330271780490875
0.9999963430804353 0.00012459292584960553 0.002701537036488893 0.0020196721889078617 -0.00012440895052438292 0.9999999899309342 -6.82681827872061e-05 -0.024866657331585884 -0.0027015455150195744 6.793183774844047e-05 0.9999963485118813 0.5272356867790222
0.9999956290231086 -0.00016948991857205603 0.0029518143310629016 0.0024280541110783815 0.00016966238443655372 0.9999999839150697 -5.81767621907471e-05 -0.02416924573481083 -0.002951804423208487 5.867731975928606e-05 0.9999956416943123 0.5531001091003418
0.9999965870427058 0.00010091749600794081 0.0026106931262059084 0.0021037617698311806 -0.00010042447205829125 0.999999977101061 -0.00018897831316444435 -0.025727253407239914 -0.00261071213764197 0.00018871549071062656 0.9999965742784312 0.5118498802185059
0.9999951295722581 -4.4808223424446616e-05 0.0031207088915880016 0.003185046836733818 4.414083024485575e-05 0.999999976143193 0.00021392802678053762 -0.022537700831890106 -0.003120718402872672 -0.00021378923417811398 0.9999951076934394 0.6071438193321228
0.9999967974442566 8.092366590354138e-05 0.0025295360425383034 0.0024665016680955887 -8.21059579106918e-05 0.9999998874472456 0.00046729445500950093 -0.020974695682525635 -0.0025294979426516992 -0.00046750064845280245 0.9999966915361779 0.639511227607727
0.9999989244553507 0.00010412004661661062 0.0014629583581829515 0.0019398751901462674 -0.00010509024955339929 0.9999997746155462 0.0006631175584367444 -0.018652301281690598 -0.0014628889846237843 -0.0006632705878831501 0.9999987100131409 0.7376943826675415
0.999999616845503 0.0003093207397046341 0.000818919731899071 0.001183029729872942 -0.00030979047235349594 0.9999997875433327 0.0005735356594883407 -0.01952909678220749 -0.000818742151439674 -0.0005737891332661383 0.9999995002135351 0.7339293360710144
0.9999999060988931 0.0003191823710638589 0.00029312935507438276 0.0008866733405739069 -0.00031935736820424784 0.9999997707151338 0.0005971436604206841 -0.019185051321983337 -0.000292938690134859 -0.0005972372173676135 0.9999997787472905 0.7631002068519592
0.9999994600695362 0.00012368279965175205 0.0010317767206870444 0.0018010521307587624 -0.0001243097639111633 0.9999998076767563 0.0006076129799115118 -0.018250277265906334 -0.0010317013709779381 -0.0006077409117633113 0.9999992831213759 0.7744443416595459
0.9999963433729606 -0.00023605455265888583 0.0026939782768593506 0.0025116808246821165 0.0002346405677387819 0.9999998345687027 0.0005251727062873508 -0.020268695428967476 -0.002694101800599281 -0.0005245386693342744 0.9999962333302423 0.6383682489395142
0.9999963569923228 0.00013051532482751872 0.002696102341039874 0.001998505787923932 -0.00013068769572249382 0.9999999894278673 6.375728988659336e-05 -0.023897847160696983 -0.0026960939912329222 -6.410940502067934e-05 0.9999963634769754 0.558857798576355
0.9999997178084191 0.0003638982324770536 0.0006572375204828457 0.0009549270616844296 -0.00036428060835611416 0.9999997644236291 0.0005817665547820312 -0.019538281485438347 -0.0006570256618322164 -0.0005820058094962035 0.9999996147931844 0.7334306836128235
0.9999999650379237 0.00021512682247723457 0.00015376801162804242 0.0012036714470013976 -0.00021522306808797236 0.9999997807937236 0.0006261721291882113 -0.017201364040374756 -0.00015363327150065315 -0.0006262052017191699 0.9999997921319099 0.8265140056610107
0.999998356581151 3.469615645862705e-05 0.001812631008760595 0.0023755563888698816 -3.589398808657642e-05 0.9999997810297759 0.0006607965055926825 -0.018770664930343628 -0.0018126076847494316 -0.0006608604821830837 0.9999981388566702 0.7229571342468262
0.999996573417589 -7.956712212133184e-05 0.0026166432988654364 0.0022897510789334774 7.829540493147544e-05 0.9999998787835608 0.00048610975413504334 -0.0207079965621233 -0.0026166816600394246 -0.0004859032172932641 0.9999964584313052 0.6317149996757507
0.9999997219792446 0.000423694822406173 0.0006136156216089078 0.0006967638619244099 -0.00042397612906334997 0.9999998050643109 0.00045838366291586904 -0.01965418830513954 -0.0006134212872086706 -0.00045864369385167935 0.9999997066801003 0.7277753949165344
0.9999941120999585 0.0007679768336096599 -0.003344544363450047 -0.0017027687281370163 -0.0007660641746342241 0.9999995423407112 0.0005731178315161162 -0.01576744206249714 0.003344982974005785 -0.0005705523214382982 0.9999942427629034 0.9716733694076538
0.9999979336950279 0.0002907587385895685 -0.002011980375257237 -0.00011932011693716049 -0.00028960911636141657 0.9999997946678841 0.0005716561458284625 -0.015201343223452568 0.0020121461761529176 -0.0005710722767539113 0.9999978125697178 0.9473245143890381
0.9999988294953985 0.00037144853145398523 -0.0014842620459273432 0.00019341986626386642 -0.0003704447733773136 0.9999997025692247 0.0006764851304484058 -0.015407461673021317 0.0014845128838703878 -0.0006759345015022118 0.9999986696661386 0.907598614692688
0.9999985184457982 0.00030797612324786835 -0.0016935929014298408 0.000197403016500175 -0.00030671057111250567 0.9999996736102637 0.0007474677192987817 -0.014870725572109222 0.0016938225508689431 -0.000746947169038812 0.9999982865160782 0.9160243272781372
0.9999992649008262 0.00032333178162952683 -0.0011686121539454589 0.0006105932407081127 -0.00032246179703402815 0.9999996708158471 0.000744571411706592 -0.015061435289680958 0.0011688525128579544 -0.0007441940315975653 0.9999990399790625 0.8888611793518066
0.999998248820846 0.0004167879547015205 -0.0018244569170336254 -3.3776857890188694e-05 -0.00041547656593446966 0.9999996551349256 0.0007191030893051809 -0.01496877335011959 0.001824756001347966 -0.0007183438109322569 0.9999980771220036 0.9109752774238586
0.9999980349985782 0.0004000567658716744 -0.0019416368266303293 -0.00011681450996547937 -0.0003988262963082097 0.9999997194439685 0.0006340737889185743 -0.014970485121011734 0.0019418899474017252 -0.000633298167138337 0.9999979139962561 0.9347832202911377
0.999998106080874 0.0003361032583604959 -0.001916994852599926 -0.0001096006017178297 -0.0003348250260564236 0.9999997214538053 0.0006670715957192569 -0.015033760108053684 0.0019172185235651856 -0.0006664284744881315 0.9999979400709891 0.9317876100540161
0.9999980547302588 0.0003528529701117603 -0.0019406263111898508 -0.00014864606782794 -0.00035155333548389674 0.9999997137558228 0.0006699988989761867 -0.015097977593541145 0.0019408621667983445 -0.0006693153619949752 0.9999978925332771 0.9297713041305542
0.9999929518717984 0.0006538861528804272 -0.0036971123361977686 -0.001886754296720028 -0.0006517091032588515 0.9999996135725477 0.0005900254233467172 -0.01496131718158722 0.0036974967169862414 -0.0005876118230066204 0.9999929915906279 0.9961583614349365
0.999989155521294 0.000631905882352083 -0.004614058383363548 -0.0025648525916039944 -0.0006300358844330504 0.9999997188147617 0.0004067249460747372 -0.01475478708744049 0.004614314097844366 -0.0004038135130003321 0.9999892724624865 1.0616707801818848
0.9999957310459751 0.0003743151454042942 -0.0028978919920961037 -0.001021004281938076 -0.0003726332298663628 0.9999997618434524 0.0005809109349301489 -0.014891154132783413 0.0028981087457052275 -0.0005798286041952564 0.9999956323727058 0.979875385761261
0.9999964271056548 0.00045929766801333226 -0.0026334049398855958 -0.0008525114972144365 -0.00045767227978750545 0.9999997044365893 0.0006177886523644836 -0.015022626146674156 0.0026336879104348052 -0.0006165812086284597 0.9999963417511106 0.9523249864578247
0.9999940231772758 0.0006218369772700166 -0.003401018744388427 -0.0016002128832042217 -0.0006198624225523558 0.9999996387555349 0.0005816007023105191 -0.014928286895155907 0.003401379176611933 -0.0005794890624681825 0.9999940473883449 0.9865218997001648
0.9999954423114202 0.00035452405862883697 -0.002998277685405068 -0.0010738656856119633 -0.00035293764584485784 0.9999997974685101 0.0005296205782743077 -0.0148762296885252 0.0029984648413963646 -0.0005285599593607706 0.99999536490574 0.9846891164779663
0.9999990436055076 0.00025488914418873447 -0.0013593452814262368 0.00035253906389698386 -0.0002538952023706308 0.9999997003584679 0.000731314023218685 -0.014957228675484657 0.0013595312781154456 -0.0007309681925486616 0.999998808679393 0.9057501554489136
0.9999976058534391 0.0004317630844589769 -0.002145196501147561 -0.0005296876188367605 -0.0004303481513201125 0.9999996896002643 0.0006599998813657279 -0.01537126861512661 0.0021454807988636557 -0.0006590751198807946 0.9999974812628919 0.9222822785377502
0.9999958026151249 0.0004542043902674175 -0.0028615468725502516 -0.0010829544626176357 -0.0004524449492368602 0.9999997082426407 0.0006154739646465784 -0.014959849417209625 0.002861825588649731 -0.0006141766888359784 0.9999957163614727 0.9638647437095642
