0.9999683343178936 0.004140281178506496 -0.006796207270262876 0.005841479636728764 -0.0041371944098226076 0.9999913321746157 0.00046818591694638875 -0.03895970433950424 0.0067980867832649556 -0.00044005386079344866 0.9999767959151287 -0.017473876476287842
0.9999740809291668 0.0040482634619067315 -0.005953909036190268 0.0053277090191841125 -0.004045976473648235 0.9999917365514335 0.00039611011489607494 -0.038251057267189026 0.005955463394474203 -0.0003720104722032818 0.9999821968735072 0.029018282890319824
0.9999683785913246 0.004105979899300326 -0.00681048797837014 0.005441997200250626 -0.00410287954329526 0.9999914731064276 0.0004691416521673736 -0.03856755793094635 0.006812356192257697 -0.00044118420544115075 0.9999766983083188 0.00463336706161499
0.9999663608183317 0.0038407128569389413 -0.007247493117773467 0.005273559130728245 -0.003837452190817575 0.9999925294180008 0.0004637551851108605 -0.03742455691099167 0.00724922012528377 -0.0004359276764232039 0.9999736290396041 0.021200239658355713
0.9999847924985626 0.0032953118205225665 -0.004422181770549987 0.0039671799167990685 -0.0032938091362437554 0.9999945151751678 0.000347046041413823 -0.034120284020900726 0.004423301140580137 -0.0003324749409926813 0.9999901618853223 0.15240749716758728
0.9999815924797345 0.0035455493588886586 -0.00492379746109739 0.004595566540956497 -0.0035439364822960184 0.9999936637036929 0.0003362538847361872 -0.0355483777821064 0.00492495846720317 -0.00031879806968217 0.9999878215017857 0.10004380345344543
0.9999831189826297 0.0033236462270740327 -0.0047660387671033325 0.003907841630280018 -0.003321805200938728 0.9999944051146578 0.0003941441223705137 -0.034261420369148254 0.004767322097288133 -0.00037830561645229807 0.9999885646970578 0.1610286831855774
0.9999913004572185 0.0029795069995204593 -0.0029191690462977158 0.0028072656132280827 -0.0029785283579019713 0.9999955065317171 0.00033953673714752074 -0.03214843571186066 0.002920167581189119 -0.00033083895554724264 0.9999956815741172 0.24935898184776306
0.9999877412340723 0.0029064411884723762 -0.004008738105192761 0.0026310004759579897 -0.0029051998684839456 0.9999957301459416 0.0003154419272860545 -0.03208363801240921 0.004009637801876129 -0.0003037918749413115 0.9999919152249155 0.249476820230484
0.9999958435340629 0.002295233775120656 -0.0017449402613249991 -0.002535597886890173 -0.002294780682136524 0.9999973327650467 0.00026161883259661847 -0.02448587492108345 0.0017455360835401258 -0.00025761348998368136 0.9999984433683239 0.49482402205467224
0.999996457382914 0.0022869439968877785 -0.0013620237797510892 -0.002136052353307605 -0.002286909957870624 0.9999973846655935 2.6548391197517353e-05 -0.02476898580789566 0.001362080932287312 -2.3433471401963743e-05 0.9999990720927725 0.49038171768188477
0.9999972030042138 0.0021678961135376405 -0.0009456268765593478 -0.00025670917239040136 -0.002167904141956688 0.9999976500651904 -7.4651165422316025e-06 -0.02617698907852173 0.0009456084708006949 9.515124084770668e-06 0.999999552866941 0.4297151267528534
0.9999961876545141 0.0023354641603047814 -0.0014731882410298559 -0.0014212466776371002 -0.0023354485238875674 0.999997272760311 1.2334189749387271e-05 -0.025748271495103836 0.001473213029350522 -8.893587424272959e-06 0.9999989147815482 0.4698624312877655
0.9999976572601466 0.00016526721044053916 0.0021582773147733347 0.0002567149349488318 -0.00016656019370699207 0.9999998067791508 0.0005989151549116934 -0.02159910276532173 -0.002158177916712217 -0.0005992732348969132 0.9999974915666887 0.7012650966644287
0.9999982457942269 0.00013759500469972034 0.0018680139410101836 -0.0004545416450127959 -0.00013869407656334575 0.9999998173646624 0.0005882470527984964 -0.021748188883066177 -0.0018679326599888321 -0.0005885051033606763 0.9999980822428217 0.7255446910858154
0.9999978238300281 0.0003291584762928562 0.00206009463504736 0.0003634723834693432 -0.0003302982663523826 0.9999997925719109 0.000552954962209759 -0.02253766730427742 -0.002059912197913047 -0.0005536342045722525 0.9999977251228646 0.6623804569244385
0.9999982748330757 0.0017269519571524914 -0.0006840817277087263 -0.001390613615512848 -0.0017268050510086804 0.9999984858978713 0.00021528186351116402 -0.02413521334528923 0.0006844524733746561 -0.00021410021633130348 0.9999997428429216 0.5397524833679199
0.9999969732524633 0.0006420689703762778 0.002375128070220602 0.0002500822301954031 -0.0006430428994337214 0.9999997094795708 0.00040931235467833314 -0.022918591275811195 -0.002374864573435245 -0.0004108384250339728 0.9999970956108056 0.632720947265625
0.9999978490634593 0.00019402505851770448 0.002064999450646435 -0.0003994596190750599 -0.00019503553233878913 0.9999998613498424 0.0004891435749874813 -0.02248559519648552 -0.0020649042582231753 -0.0004895452711378284 0.9999977482553807 0.7140569686889648
0.9999977427886992 0.0018360855231119874 -0.0010692088003751668 -0.0027286382392048836 -0.001836048224825274 0.9999983138189047 3.5864522255467524e-05 -0.024082286283373833 0.0010692728478256073 -3.39013223817662e-05 0.9999994277529751 0.546136736869812
0.999998250296103 0.001707954393416945 -0.0007630835617113784 -0.002216130727902055 -0.0017077717225079786 0.9999985129633207 0.000239972687348076 -0.023683935403823853 0.0007634922893837891 -0.00023866909493832847 0.9999996800582421 0.5378170609474182
0.9999716536809257 0.0040855200586661445 -0.006324583819127485 -0.0074846334755420685 -0.004087088597032588 0.9999916201818864 -0.00023510169309195144 -0.03054983727633953 0.006323570307582482 0.0002609441632324769 0.9999799719827936 0.4490666389465332
0.9999992808768584 0.0011837612095658456 0.00019223726115480278 -0.0023409666027873755 -0.001183759428228312 0.9999992993125716 -9.379865920749571e-06 -0.023891305550932884 -0.00019224822997799854 9.152296505122136e-06 0.9999999814784265 0.5838392972946167
0.9999992841936212 0.0010572661786307951 0.0005601789645840132 -0.0020939523819833994 -0.0010572391022952785 0.99999943994019 -4.862906934571957e-05 -0.02375318668782711 -0.0005602300647206065 4.803679143108004e-05 0.9999998419173579 0.5869272351264954
0.9999993990605797 0.0009912817378786927 0.0004682296394106151 -0.002007939387112856 -0.0009913429734394338 0.99999950009555 0.00013056706512190385 -0.023536011576652527 -0.00046809997659331113 -0.00013103116282199323 0.9999998818566159 0.6220576763153076
0.9999944229052428 0.0024548364342956786 -0.0022644947540732714 -0.00409428495913744 -0.002454957748606601 0.9999969852966525 -5.079428086236049e-05 -0.026123469695448875 0.0022643632356420416 5.635323652103418e-05 0.9999974347384345 0.5317420959472656
0.9999911504823024 0.0028299555157054687 -0.003112926093054995 -0.004510607570409775 -0.0028297793768609493 0.9999959943066669 6.0986058639886046e-05 -0.026765191927552223 0.0031130862114607263 -5.217662488286144e-05 0.9999951529741733 0.5107178688049316
0.9999947461576434 0.0024013153187400944 -0.0021774622499925473 -0.0037707153242081404 -0.0024011936015615326 0.9999971154187044 5.851117830374618e-05 -0.025453627109527588 0.002177596472714448 -5.3282362472915394e-05 0.9999976276144817 0.5252836346626282
0.9999908297717545 0.0028516599976648985 -0.003195059882987065 -0.004728939384222031 -0.002851416676628173 0.9999959314462972 8.070804807245117e-05 -0.026698775589466095 0.0031952770356265246 -7.159686092805412e-05 0.9999948925262345 0.5050216317176819
0.9999990198699918 0.0013777109498410247 -0.0002493423236795251 -0.0027268340345472097 -0.0013777319947721137 0.9999990473778166 -8.424968661903947e-05 -0.024406077340245247 0.0002492260144347205 8.459313094037755e-05 0.9999999653651973 0.5758370161056519
0.9999933724222578 0.002573766223188969 -0.0025750415506827417 -0.003968150354921818 -0.0025736157904330354 0.9999966863400064 6.17314343738459e-05 -0.026263181120157242 0.002575191900151274 -5.510385764810719e-05 0.9999966826696187 0.5151641964912415
0.9999918293888014 0.0027324325948024177 -0.002979088409765083 -0.004609657451510429 -0.0027322189067684167 0.9999962646103722 7.57967542301271e-05 -0.02644367143511772 0.0029792843912309756 -6.765661324622336e-05 0.999995559633691 0.5051083564758301
0.9999919969162946 0.0027308324760456837 -0.002923808706055022 -0.00402640737593174 -0.0027307026942896906 0.9999962704541777 4.837903146150024e-05 -0.026678193360567093 0.0029239299166067515 -4.039459196884976e-05 0.99999572449192 0.4975592792034149
0.9999872931988211 0.0031653447063367804 -0.003923523134261615 -0.0047707268968224525 -0.003165507897230333 0.9999949891413211 -3.5383634635167684e-05 -0.027962274849414825 0.003923391472641082 4.780312848882844e-05 0.9999923023274796 0.4775266647338867
0.999999465523935 0.0006090189914069938 0.0008354924970797392 -0.00033221347257494926 -0.0006090197234161659 0.9999998145472779 6.217254353747335e-07 -0.023972397670149803 -0.0008354919634927835 -1.1305565125651535e-06 0.9999996509758896 0.593816876411438
0.9999977737917651 0.00030063964147694747 0.002088546700429911 -0.00018967909272760153 -0.0003017258500254617 0.9999998193935381 0.0005197830343849912 -0.02214689925312996 -0.0020883900558397775 -0.0005204120457682248 0.9999976838964566 0.6990320086479187
0.9999972806102987 0.00018293461589681426 0.0023249315976561456 0.00012100732419639826 -0.0001840901644738871 0.9999998596400993 0.0004968204836755112 -0.022211138159036636 -0.002324840385664627 -0.0004972471296672076 0.9999971739272433 0.7064256072044373
0.9999992950982787 0.0006160984385621358 0.001015000324953173 -0.00019870325922966003 -0.0006164809936199035 0.9999997390498496 0.0003766316727553499 -0.022469624876976013 -0.001014768017903188 -0.0003772571356758872 0.9999994139612899 0.6050025820732117
0.9999978931273827 2.7646325044735688e-05 0.002052553647605841 0.0009055498521775007 -2.870474871539015e-05 0.9999998666486901 0.0005156342107372323 -0.021337680518627167 -0.002052539118504129 -0.0005156920423983125 0.9999977605699346 0.6839303970336914
0.9999977175096731 0.00019188454098847274 0.0021279463731643865 0.0009664923418313265 -0.00019349296933689138 0.9999996957545668 0.0007556793267265786 -0.020980283617973328 -0.002127800722565677 -0.0007560893445581583 0.9999974503932438 0.6712753176689148
0.9999988290525207 0.0009038118880481987 0.001234916053131878 -0.001155924517661333 -0.0009043654585154537 0.9999994908075998 0.0004477808151761685 -0.022351041436195374 -0.0012345107146980127 -0.0004488971062709704 0.9999991372369693 0.679756760597229
0.9999988663870921 0.0002548604422546584 0.0014840049479699048 -0.0016643430572003126 -0.000255156794712685 0.9999999475450138 0.00019951185344534904 -0.024542417377233505 -0.0014839540224472418 -0.00019989028122199847 0.9999988789615389 0.6817572116851807
0.9999981733206589 -0.0005071214342608011 0.0018428736247814675 -0.001499728998169303 0.000505889869730676 0.999999648464793 0.0006686895623711863 -0.023659387603402138 -0.0018432120837564504 -0.000667756049791806 0.99999807833369 0.7999238967895508
0.9999979739564346 -0.0005489548413722853 0.0019366805642141507 0.0012466395273804665 0.0005478762351338464 0.9999996945560592 0.0005574221193610468 -0.022689517587423325 -0.0019369859722379187 -0.0005563599287433702 0.9999979692724246 0.6547955274581909
0.9999963838476084 0.0005915500092099717 0.002623425297785983 0.00013854005374014378 -0.000592234298960452 0.9999997908112741 0.00026006911161986177 -0.02147500216960907 -0.0026232709051096136 -0.0002616218536124312 0.9999965249958441 0.6553072333335876
0.9999987057115052 -0.0003097500911185056 0.0015788065730014999 -0.0013858997263014317 0.0003089739354873601 0.9999998313195239 0.0004918292696782378 -0.020358724519610405 -0.0015789586508487535 -0.0004913408230290392 0.9999986327359522 0.8037805557250977
0.9999980260184821 0.00034731996299564976 0.001956355791392751 0.0007144164992496371 -0.00034843231011894856 0.9999997778325697 0.0005682690707044831 -0.02168187126517296 -0.0019561579855616033 -0.00056894960651965 0.9999979248689873 0.6643153429031372
0.9999995945196406 0.0004357797782646082 0.0007880714050224828 -0.0017308068927377462 -0.0004361936966682427 0.9999997669846502 0.0005251339870950911 -0.02191222831606865 -0.0007878423786172931 -0.0005254775259429685 0.9999995515887776 0.7068047523498535
0.9999997554034418 0.0006364634568716617 0.0002900126288486051 -0.0015269930008798838 -0.0006365361053992616 0.9999997660412898 0.00025047784821394194 -0.02329236827790737 -0.00028985314100048046 -0.0002506623904572062 0.9999999265767587 0.5960262417793274
0.9999992922758464 0.0011892745714070366 -3.2768889137456304e-05 -0.001071794657036662 -0.0011892625627063105 0.9999992265495401 0.00036408086805600763 -0.02284211665391922 3.3201855910658744e-05 -0.00036404163957411086 0.9999999331856584 0.5877136588096619
0.9999989292262584 0.0014632854156511918 1.849672024052707e-05 -0.0012116485740989447 -0.0014632923954496107 0.9999988559862344 0.0003831469531901345 -0.023358408361673355 -1.7936045731370187e-05 -0.0003831736090365066 0.9999999264281391 0.5619500875473022
0.9999982090253592 -2.9722904018435415e-05 0.0018923695788491768 0.000615679775364697 2.863380649474539e-05 0.9999998339640086 0.0005755450115097743 -0.02082797884941101 -0.0018923863715168533 -0.0005754897949789167 0.9999980438407451 0.6955028772354126
0.9999991347119077 0.0013040798385730425 -0.00017306418029207997 -0.0006509883096441627 -0.0013040522461522004 0.9999991370110589 0.00015945180104080797 -0.024245768785476685 0.00017327196881856773 -0.00015922597833602486 0.999999972311956 0.5621675848960876
0.9999975383114206 0.00023889587997503602 0.002205969142428233 0.0010598343797028065 -0.00023973787914689668 0.9999998985166408 0.0003814347352527646 -0.022478867322206497 -0.0022058777953723433 -0.00038196265064290225 0.9999974941007029 0.6283383965492249
0.9999986467005848 0.001625963244077461 -0.00025068013136417673 0.0011246930807828903 -0.0016259309687692918 0.9999986698656188 0.00012890104137424458 -0.02546601928770542 0.0002508893862813131 -0.0001284932783437005 0.9999999602719961 0.4974120557308197
0.9999976206124899 0.0017204745448685939 -0.0013411698994786917 0.0011620486620813608 -0.0017198841048227313 0.9999984236377656 0.00044127162841373606 -0.026837024837732315 0.0013419269819131708 -0.0004389639216655547 0.9999990032708287 0.4694631099700928
0.9999965730344251 0.0004822478979950674 0.0025731996367564765 0.0004714379319921136 -0.00048300868343539925 0.9999998398257758 0.0002950441229042216 -0.02091252990067005 -0.0025730569401881346 -0.00029628598956693553 0.999996645790672 0.6541250944137573
0.9999986343844243 0.0001936070804537835 0.0016412634111975224 0.0007566689746454358 -0.00019459903748174725 0.9999997985077064 0.0006042480957387868 -0.021302320063114166 -0.0016411460937859077 -0.0006045666588482487 0.9999984705681573 0.6625036597251892
0.9999990264618228 0.0010515655176682995 0.0009172160970987034 0.0005967568140476942 -0.001052026719868179 0.9999993203711379 0.0005024908387874005 -0.022996988147497177 -0.0009166870716931579 -0.0005034552854354264 0.9999994531086446 0.5930596590042114
0.9999985918391252 0.0004724299020767605 0.0016103197676988895 0.0009957582224160433 -0.0004732561237870941 0.999999756564749 0.0005127368565113866 -0.02184249646961689 -0.00161007714346738 -0.0005134982281867251 0.9999985719845613 0.6439725756645203
0.9999975115462926 -0.00030048956207636394 0.0022105671772731515 -0.0007245491724461317 0.0003001764930320695 0.9999999448715271 0.00014195427187055533 -0.019922304898500443 -0.0022106097111849487 -0.00014129035832103557 0.99999754661786 0.7853706479072571
0.9999982270710996 -0.000834499607875549 0.0016880358590801372 -0.0026875901967287064 0.0008346219373219833 0.9999996491279147 -7.176537337555973e-05 -0.018623115494847298 -0.0016879753786195348 7.317411789962968e-05 0.999998572691316 0.897026538848877
0.9999981975750394 -0.0009395893077497166 0.0016498541163377952 -0.0036300101783126593 0.0009400032191242979 0.9999995269168426 -0.0002501200494675441 -0.018344884738326073 -0.0016496183256954667 0.0002516704668253668 0.9999986077097086 0.9479380249977112
0.9999996737418612 -0.00041493563081394184 0.0006930689673118962 -0.0021025422029197216 0.00041460179239721567 0.9999997980084174 0.0004817556205490055 -0.019516760483384132 -0.0006932687248901094 -0.000481468115736211 0.9999996437834008 0.8077988624572754
0.9999980810807768 -7.043283364681633e-05 0.0019577727089925786 2.6690540835261345e-06 6.953432230787184e-05 0.9999998922374099 0.0004590099634855281 -0.019762465730309486 -0.0019578048273903212 -0.0004588729502839329 0.9999979782158929 0.7424629926681519
0.9999983615989472 -0.0001500924954083963 0.0018039599951144075 -0.00093053188174963 0.0001493311959550556 0.9999998997477388 0.0004221429924608978 -0.01995392143726349 -0.0018040231747584968 -0.000421872913317849 0.9999982837603422 0.7935198545455933
0.9999969650866837 -0.0004972432242564282 0.0024129995023236344 -0.001780166756361723 0.0004974511262038517 0.9999998726109475 -8.555972329078886e-05 -0.020117375999689102 -0.002412956650941238 8.67598129444055e-05 0.9999970850522194 0.8522341251373291
0.9999981461012553 -0.0011660506603644993 0.0015323576312878434 -0.005945116281509399 0.0011670164236153593 0.9999991208984934 -0.0006295036992499102 -0.019071806222200394 -0.001531622250985729 0.0006312908187363574 0.9999986278016498 1.0390034914016724
0.9999983210289884 -0.0012232731925256562 0.0013643833408681918 -0.004468110390007496 0.0012237301959405358 0.9999991954078052 -0.0003341678469392027 -0.019174855202436447 -0.00136397346452704 0.00033583692297413327 0.999999013394488 0.9793953895568848
0.9999987276293124 -0.0005573480926530606 0.0014946915601632483 -0.0020666823256760836 0.0005570948542705165 0.9999998304004852 0.00016983616854917896 -0.019275564700365067 -0.0014947859645288895 -0.00016900326747772785 0.9999988685257678 0.8471941351890564
0.9999982269044774 -0.0008061338673389896 0.0017018625352694485 -0.0023368257097899914 0.0008061367734342045 0.9999996750711764 -1.0216300109038804e-06 -0.019417665898799896 -0.0017018611587147055 2.3935621724669513e-06 0.9999985518303849 0.8814666271209717
0.999997974043153 -0.0007947849936312718 0.0018493854123907338 -0.0032058272045105696 0.0007954311644218507 0.9999996228527994 -0.00034868828746029737 -0.018674997612833977 -0.0018491075826818741 0.00035015863982491667 0.9999982290934694 0.9120246171951294
0.9999988885497555 -0.0009700016170385441 0.001132252673555458 -0.003022406017407775 0.0009701170549495009 0.9999995242943994 -0.00010140943978519886 -0.01865130290389061 -0.0011321537676159453 0.00010250774470278052 0.9999993538597957 0.8953838348388672
0.9999983020448752 -0.0006998345044054669 0.0017047401657804026 -0.001855937298387289 0.0007000988002262183 0.9999997430043228 -0.00015444402855812708 -0.01886618137359619 -0.0017046316424093651 0.00015563725286385762 0.9999985350029313 0.8463135957717896
0.9999988823681479 -0.0006720688774441341 0.0013355095953404479 -0.002128507709130645 0.0006720382068281141 0.9999997739081888 2.341410212625839e-05 -0.01868787407875061 -0.0013355250292819967 -2.2516562484257728e-05 0.9999991079325525 0.8497874736785889
0.9999987802209372 -0.0003433120314653631 0.0015237104339027613 0.0005336189642548561 0.0003427158680064605 0.9999998646361686 0.00039150156830193106 -0.019526030868291855 -0.0015238446348462148 -0.00039097889101256955 0.999998762515752 0.7182846069335938
0.999996924639333 0.00010890895487273498 0.0024776704210756353 0.0006547619123011827 -0.00010962885962934076 0.9999999518179514 0.0002904231529983194 -0.019494401291012764 -0.002477638672014335 -0.00029069388402517784 0.9999968883969972 0.706313967704773
0.9999977181888324 -0.0008635787182548508 0.00195393165844391 -0.0026575999800115824 0.0008639777379816965 0.9999996060896688 -0.00020337889693139107 -0.01908472180366516 -0.0019537552550829107 0.000205066586313586 0.9999980703921876 0.9066427946090698
0.9999987201889228 -0.0007984689369888746 0.0013863866248213772 -0.0025330206844955683 0.0007985950814740803 0.9999996770334921 -9.043675902065128e-05 -0.018455149605870247 -0.0013863139661220904 9.15438048182891e-05 0.9999990348761939 0.8764923810958862
0.999998475960503 -0.0009078183041370011 0.0014912889051177125 -0.0032744791824370623 0.0009082014513246378 0.9999995547487255 -0.00025626641403895205 -0.0183724258095026 -0.0014910555977780265 0.00025762041422678744 0.9999988551918082 0.9217730760574341
0.9999994253220993 -0.0005929805479855088 0.0008931570639649279 -0.0014950232580304146 0.0005926769455717849 0.9999997665170524 0.0003401468492807954 -0.018729649484157562 -0.0008933585558930659 -0.0003396173002053315 0.9999995432851858 0.8024755716323853
0.999996017478095 1.4593594737721418e-05 0.002822200378533508 -0.0003356755478307605 -1.4532824807292338e-05 0.9999999996621256 -2.1553325289759804e-05 -0.02041272073984146 -0.0028222006921204534 2.1512224909497412e-05 0.999996017352308 0.7504497170448303
0.9999976153473515 -0.0008389847022051444 0.0020162847715120115 -0.004009139724075794 0.0008399302484841796 0.9999995376745281 -0.0004681537223704112 -0.019514109939336777 -0.002015891065520854 0.0004698461445555482 0.9999978577116115 0.9481930732727051
0.9999982271397989 -0.0012550220833101938 0.001403793727611763 -0.006162101402878761 0.0012559067899009784 0.9999990131998466 -0.0006295216186128877 -0.019436536356806755 -0.0014030022788146168 0.0006312835366331923 0.9999988165321508 1.0475419759750366
0.9999983393767744 -0.0013390466749139184 0.0012362029348041705 -0.005309433676302433 0.001339641033582622 0.9999989874367554 -0.0004800909967335744 -0.01939070038497448 -0.0012355588188176835 0.0004817462676606137 0.9999991206570829 1.019316554069519
0.9999984869740398 -0.001118154357171925 0.0013325841305404408 -0.004718705080449581 0.0011187337399295397 0.999999279989101 -0.0004341153061106069 -0.01878507249057293 -0.0013320977631443003 0.00043560545611100925 0.9999990178812359 0.9895394444465637
0.9999981133552834 -0.0010374161421000166 0.0016422708734451876 -0.005111316218972206 0.001038376148965131 0.999999290466714 -0.0005838159313585962 -0.018803037703037262 -0.0016416640481281318 0.0005855201248104795 0.9999984810515146 1.0046124458312988
0.9999983870384802 -0.001307316653339209 0.0012316020485758097 -0.0054747313261032104 0.0013079595089004656 0.999999008740402 -0.0005213061831311114 -0.019321884959936142 -0.001230919315483762 0.0005229162278949139 0.9999991056977289 1.022935390472412
0.9999983822591352 -0.0011543347814473724 0.0013794891535095684 -0.005034772679209709 0.001155032288816919 0.9999992054688859 -0.000504937628353828 -0.0188948642462492 -0.001378905190395644 0.0005065301660099686 0.9999989210232512 1.0028905868530273
0.9999984188589409 -0.0012233698475708945 0.00129059902145456 -0.004668360576033592 0.0012239333920042318 0.9999991559652305 -0.000435953986739402 -0.018994972109794617 -0.0012900645991818073 0.00043753290467269995 0.9999990721487132 0.9862326383590698
0.9999980730573821 -0.0011144838054843009 0.001616108712320093 -0.005067303776741028 0.0011154860622688012 0.9999991860181606 -0.0006193979828300553 -0.01875459775328636 -0.001615417087815937 0.000621199536029389 0.9999985022682628 1.0038567781448364
0.9999982081751908 -0.0012532444799008295 0.0014188110097801724 -0.00645268801599741 0.00125424636892197 0.9999989645832268 -0.0007054775123928139 -0.019397899508476257 -0.0014179254049213545 0.000707255786857908 0.9999987446376111 1.0588839054107666
0.9999982721107336 -0.0012729465553003962 0.0013547629367508939 -0.005626850761473179 0.0012737160752607569 0.9999990279087608 -0.0005672996502718893 -0.019366590306162834 -0.001354039477662075 0.0005690242533716199 0.9999989213936644 1.029592514038086
0.9999981165474234 -0.0011627408653279638 0.0015540062052527433 -0.00498900655657053 0.0011635372450948488 0.9999991921906691 -0.0005116630615087073 -0.018962321802973747 -0.0015534100183611354 0.0005134702419145158 0.9999986616319172 1.0036479234695435
0.9999983328736121 -0.001222100150954884 0.0013567318149167301 -0.005810890346765518 0.0012228979660343197 0.9999990797592199 -0.0005873680941224582 -0.019252344965934753 -0.0013560127437602933 0.0005890262594825249 0.999998907138155 1.0322141647338867
0.9999983341242416 -0.0012299095374401156 0.0013487295027590546 -0.005907008424401283 0.0012307204577879083 0.9999990623134444 -0.0006005825396401079 -0.019338374957442284 -0.0013479895758800092 0.0006022414481352818 0.9999989101140769 1.0364786386489868
0.9999985654705615 -0.0012384934660896565 0.0011555045449459268 -0.004528180696070194 0.001238897330078271 0.9999991717137239 -0.0003488628260507733 -0.019020402804017067 -0.001155071523526745 0.00035029387709240625 0.9999992715517222 0.9786090850830078
0.999998649670601 -0.001118957709536061 0.0012035741019537924 -0.0038405468221753836 0.0011193302100018993 0.999999325850552 -0.00030886618901759474 -0.018261898308992386 -0.0012032276823615595 0.0003102129687987921 0.9999992280052312 0.9466765522956848
0.9999986377810299 -0.001144625374570821 0.0011892303547208546 -0.0035357896704226732 0.0011449572861234162 0.9999993057677201 -0.00027845446816002987 -0.018172651529312134 -0.0011889108030688354 0.00027981570680358776 0.9999992540968582 0.9350614547729492
0.99999851089942 -0.0010561591133142517 0.001364817522432244 -0.003924516960978508 0.0010566571003601663 0.999999375415084 -0.0003642049065863426 -0.018160026520490646 -0.0013644320116566015 0.000365646508374379 0.9999990023134604 0.9520694017410278
0.9999984577053587 -0.0011844453103582247 0.0012967945908063975 -0.004216715693473816 0.0011849219682871406 0.9999992306866587 -0.0003668596731246315 -0.018700845539569855 -0.0012963590679456259 0.00036839570771792597 0.9999990918684725 0.9731045365333557
0.9999984020373188 -0.0011501291509443043 0.0013686218416198873 -0.004389258101582527 0.0011506905811097259 0.9999992541106002 -0.0004094989988573145 -0.018610792234539986 -0.001368149844043495 0.0004110732047554494 0.9999989795918918 0.9755207300186157
0.9999984180651653 -0.0012017847127332448 0.0013113278275250545 -0.005017941817641258 0.0012024159011863726 0.9999991615839038 -0.00048065319132658976 -0.018877137452363968 -0.0013107490864292337 0.0004822291923960473 0.9999990246954438 1.001578688621521
0.999998332569848 -0.0011785381122666099 0.0013949571467836526 -0.006114059127867222 0.0011794410154459378 0.9999990954024304 -0.0006466167427495323 -0.019097229465842247 -0.001394193822433448 0.0006482609342349848 0.9999988179899747 1.0398962497711182
0.9999984074833588 -0.0013042993502475936 0.0012181272312024394 -0.006172023713588715 0.0013050598688925216 0.9999989538778604 -0.0006237482853460964 -0.019355297088623047 -0.001217312402409279 0.0006253370209812194 0.9999990635516242 1.0446197986602783
0.9999983464978777 -0.0012598423287444487 0.0013114110024563164 -0.005883551202714443 0.0012606487543046477 0.9999990167089581 -0.0006142848161067053 -0.019192803651094437 -0.0013106358109443892 0.0006159370290320862 0.9999989514271239 1.036059856414795
0.9999982521943623 -0.0011891015733036352 0.0014427909305079008 -0.005642722360789776 0.001189991529253794 0.9999991021528991 -0.0006161278733175484 -0.01915062963962555 -0.0014420569964787285 0.0006178437054315665 0.9999987693696302 1.0319180488586426
0.9999981783037679 -0.0012698208831812728 0.0014251119499794215 -0.00584951788187027 0.0012706842213662075 0.9999990096303492 -0.0006050619225764508 -0.01951606199145317 -0.0014243422183268918 0.0006068716876059456 0.9999988014772815 1.041153073310852
0.9999981918006173 -0.0012405484703337675 0.0014413309780563854 -0.005433041602373123 0.0012413864273971619 0.9999990609148913 -0.0005806281711547233 -0.019211016595363617 -0.0014406093271343687 0.0005824163699767689 0.9999987927172405 1.0262575149536133
0.99999821029216 -0.001193941458317614 0.0014676226597293313 -0.004857058636844158 0.0011946630677052133 0.9999991658945786 -0.0004909076307917649 -0.01893460750579834 -0.0014670353206047073 0.0004926600667994352 0.9999988025459965 0.9979921579360962
0.9999982082743913 -0.0011873476110192628 0.0014743315969596108 -0.005633392371237278 0.0011882404140617223 0.9999991111284183 -0.0006048364174439893 -0.019103093072772026 -0.0014736121353928428 0.0006065871941303267 0.9999987302588191 1.0304522514343262
0.9999984326653804 -0.001172980849084711 0.001326191053611636 -0.005166247487068176 0.0011735553649988477 0.9999992178501311 -0.0004325123483830016 -0.01934804394841194 -0.001325682687629831 0.00043406802911740393 0.9999990270747057 1.0212111473083496
0.9999978762896815 -0.001233039705936186 0.0016513719176682558 -0.005755589343607426 0.0012341296931581566 0.9999990211936113 -0.0006591932341236052 -0.019499056041240692 -0.0016505574898633137 0.000661229841306174 0.9999984192162854 1.0452215671539307
0.9999981318941001 -0.0013535884026421067 0.0013798575092948508 -0.00635453499853611 0.0013545103281839986 0.9999988599284761 -0.0006674155516391145 -0.01992723159492016 -0.001378952530208156 0.0006692833360839469 0.9999988252741777 1.0658859014511108
0.99999819473467 -0.0013004192569548332 0.001385437532715672 -0.005840997211635113 0.0013012683560416907 0.9999989659864209 -0.000612149291002137 -0.019517559558153152 -0.0013846400494282997 0.0006139510119308405 0.9999988529173863 1.039076566696167
0.9999982496183065 -0.0012759334278986832 0.0013684861018424968 -0.005445579998195171 0.0012766613557035958 0.999999043991138 -0.0005311803773036162 -0.019332872703671455 -0.00136780704275801 0.0005329265408572475 0.9999989225460176 1.0213046073913574
0.9999983954580295 -0.0012088283054406098 0.0013220497320889308 -0.005158028565347195 0.0012094590202082803 0.9999991551360726 -0.00047637802123044634 -0.01904989220201969 -0.0013214727559006491 0.00047797622183555645 0.9999990126237558 1.006529688835144
0.999998333409397 -0.0011855950169637262 0.0013883597819982457 -0.005435973405838013 0.0011863865982597141 0.9999991340944123 -0.0005694710397354531 -0.01891642063856125 -0.001387683417782737 0.0005711172220992951 0.9999988740792914 1.0185070037841797
0.9999983594302891 -0.0012540798007622377 0.0013070656385737694 -0.0050263311713933945 0.0012547004091093493 0.9999991004782935 -0.00047409860479745187 -0.019116561859846115 -0.00130646990535601 0.0004757378027970922 0.9999990334044975 1.0028339624404907
0.9999984378687515 -0.0011499888936174186 0.0013423060760078846 -0.003882524324581027 0.0011504832961000437 0.9999992706255687 -0.000367609189910185 -0.018443390727043152 -0.001341882350478565 0.0003691529163750828 0.9999990315384722 0.9545040130615234
0.9999983868207215 -0.001090842922400028 0.0014270310694498823 -0.004378767684102058 0.0010914625110354083 0.9999993104049186 -0.00043347349881233397 -0.01845780573785305 -0.0014265572338780484 0.00043503035045625526 0.9999988878409078 0.9723742008209229
0.9999982520481396 -0.0011587577719395046 0.00146737217194801 -0.0057163480669260025 0.0011596321737378419 0.9999991505031417 -0.0005951858668884326 -0.019020292907953262 -0.001466681249170955 0.000596886438513628 0.9999987462855603 1.027101755142212
0.999998233784984 -0.0012931774654185856 0.0013638617803729517 -0.005806139670312405 0.0012939563559286986 0.999999000180266 -0.0005703642850845437 -0.01939554512500763 -0.001363122834516478 0.0005721280553179005 0.9999989072822164 1.0351225137710571
0.9999983283580152 -0.001238424501315543 0.0013452085079197896 -0.005479875020682812 0.001239137230462492 0.9999990922830307 -0.0005291238405600241 -0.019205331802368164 -0.0013445520069228201 0.0005307898539992953 0.99999895522047 1.0198110342025757
0.9999982402724273 -0.0012001461667963855 0.001441908883208312 -0.0061348918825387955 0.0012010918487193247 0.9999990640666361 -0.0006551673246041664 -0.01930294744670391 -0.0014411212371244464 0.000656898036694378 0.9999987458264884 1.0486596822738647
0.9999981259635398 -0.001297567076508494 0.0014367982080047419 -0.006333507597446442 0.0012985302110643247 0.9999989327242722 -0.0006696040678199173 -0.01967490091919899 -0.0014359278183521894 0.0006714685388377775 0.9999987436198617 1.057299256324768
0.9999983786239165 -0.0012923385890458645 0.0012540376826247705 -0.005895793437957764 0.0012930945936303645 0.99999898261041 -0.0006022329425532384 -0.019370973110198975 -0.0012532581179086305 0.0006038535554547596 0.9999990323520186 1.0353021621704102
0.9999983633966539 -0.001144949484310491 0.00140081929304682 -0.004381121136248112 0.0011456385480104242 0.9999992231186104 -0.0004911969997943807 -0.018369026482105255 -0.001400255809024772 0.0004928010284806384 0.9999988982148007 0.975915253162384
0.9999982174983454 -0.0012596600929637807 0.0014065050950300552 -0.00579886045306921 0.0012605285085271229 0.999999015366433 -0.0006167122862659841 -0.01925739459693432 -0.0014057268622820764 0.0006184841267449873 0.9999988207039916 1.0333867073059082
0.9999982475201215 -0.0012540943532838586 0.0013900374234596048 -0.00543625932186842 0.0012549493626391314 0.9999990238089586 -0.0006143966363965351 -0.018986906856298447 -0.0013892655551651437 0.0006161399862574076 0.9999988451557003 1.020594596862793
0.9999983701924496 -0.001196554267713678 0.0013519875474856048 -0.004438445903360844 0.0011971165052567052 0.9999991972903707 -0.00041512731399387197 -0.018753813579678535 -0.001351489739872978 0.00041674512402423787 0.999998999898992 0.9781741499900818
0.9999984259801631 -0.0011047800309319088 0.0013883437181505941 -0.004177669994533062 0.0011053163839449696 0.9999993147870164 -0.00038561793147370594 -0.018450502306222916 -0.0013879167438491911 0.0003871518835616513 0.9999989618997268 0.964652419090271
0.9999984187434409 -0.0010705071357262688 0.0014200440450006903 -0.004148777574300766 0.0010710562132176808 0.9999993519372208 -0.0003859581922889586 -0.018391191959381104 -0.0014196299537240628 0.0003874785289874764 0.9999989172550057 0.9652581214904785
0.9999982979032419 -0.001162069440191977 0.001433103358116638 -0.004747599363327026 0.001162728549265283 0.9999992186123251 -0.00045916996832270435 -0.0187987107783556 -0.0014325686509192956 0.0004608354969595201 0.9999988676882114 0.9916388392448425
0.9999984915900945 -0.0011744206813925088 0.0012796693318628208 -0.004713604226708412 0.0011749093715045856 0.9999992371358292 -0.00038120300178800723 -0.01896774023771286 -0.0012792206629598283 0.000382705922268056 0.999999108564939 0.9875372052192688
0.9999984617347164 -0.0011656350589052625 0.0013106575107285604 -0.004294060170650482 0.0011661118585936602 0.9999992541772669 -0.00036308131776541393 -0.01865357533097267 -0.0013102333128971726 0.00036460913251584314 0.9999990751739956 0.9725227952003479
0.9999983066526484 -0.001144669859424646 0.0014409797876811172 -0.005488208495080471 0.001145512923907409 0.9999991731532121 -0.0005843740524899525 -0.01883264258503914 -0.0014403096808470934 0.0005860237239115766 0.9999987910413783 1.0178807973861694
0.9999980886463419 -0.0013220629462899827 0.0014404350833010907 -0.0072547681629657745 0.001323213422923777 0.9999988061178878 -0.0007980407486647838 -0.019962569698691368 -0.0014393783034879716 0.0007999452263637538 0.999998644137948 1.0960699319839478
0.9999983346447384 -0.0013312709803724276 0.0012483690665703628 -0.00563080795109272 0.0013318819130740535 0.9999989936401641 -0.0004886811112643871 -0.019639965146780014 -0.0012477172432797912 0.0004903429776173335 0.9999991013823187 1.0264278650283813
0.9999983130592242 -0.001129545471924838 0.00144844942364094 -0.005235522985458374 0.0011302480173106175 0.9999992439932993 -0.0004843059459366209 -0.018809985369443893 -0.001447901283015211 0.0004859422360304176 0.9999988337203288 1.0069222450256348
0.9999984184692857 -0.0011861318678452965 0.0013251981432767636 -0.006028345786035061 0.0011868036522375016 0.9999991675986236 -0.0005062599634481342 -0.0192075464874506 -0.0013245965491039452 0.0005078319127788319 0.9999989937748588 1.0344139337539673
0.9999982281770787 -0.0012548098146132074 0.0014032444663376307 -0.0063506606966257095 0.0012555972758605974 0.9999990546954297 -0.0005604317335112161 -0.019632676616311073 -0.0014025399046045928 0.0005621926504547248 0.9999988584099683 1.0567071437835693
0.9999983082137184 -0.0012848866386853323 0.0013162963293807286 -0.0063852788880467415 0.0012856772060093357 0.999998993558671 -0.0005999298017732206 -0.019613133743405342 -0.001315524162819254 0.0006016211190072506 0.9999989537235557 1.0567741394042969
0.999998296573681 -0.0012390446840789867 0.0013680709070489096 -0.0061910999938845634 0.0012398289792551443 0.9999990674840853 -0.0005725862919051018 -0.019475329667329788 -0.001367360171299855 0.0005742814905027776 0.9999989002628609 1.047085165977478
0.9999984753570231 -0.0012592003757026088 0.0012098338907012042 -0.005303334444761276 0.0012596801524635437 0.9999991282404935 -0.00039588403169800364 -0.01941453479230404 -0.0012093343386955597 0.00039740743185608915 0.9999991897885671 1.0105646848678589
0.9999981872882028 -0.0008186203561227774 0.00171909308096526 -0.0032382553908973932 0.000818879778173771 0.9999996534366877 -0.00015020790008438655 -0.01906619779765606 -0.0017189695219460082 0.0001516153583615549 0.9999985110771743 0.9209243059158325
0.9999989970399051 -0.0005595723121652102 0.001301075713010683 -0.002215790329501033 0.000559198458422311 0.9999998022663118 0.0002876880619613609 -0.019473817199468613 -0.0013012364380181978 -0.00028696021388870867 0.9999991122183898 0.8432798981666565
0.9999984505144479 -0.0002196509500727113 0.0017466316621530464 -0.0007088041165843606 0.0002188760924918158 0.999999877563665 0.0004438084169536138 -0.020161118358373642 -0.0017467289312423013 -0.0004434254333656493 0.9999983761546444 0.7694462537765503
0.9999983554503582 -0.0005957425867629627 0.0017129469779209733 -0.002093150047585368 0.000595726443996849 0.9999998225056421 9.934181907118461e-06 -0.01945696771144867 -0.0017129525920977764 -8.913717757951155e-06 0.999998532855905 0.8471490144729614
0.9999979369068139 -0.0005755397650378037 0.0019480595717218116 -0.0024457513354718685 0.0005759933635602505 0.9999998071357145 -0.0002322933046287086 -0.019469890743494034 -0.001947925501976728 0.00023341489477110642 0.9999980755500112 0.860819935798645
0.9999988273506171 -0.0004994107389172636 0.0014477176190689197 -0.002087970031425357 0.0004991910188259173 0.9999998638327868 0.0001521273631798368 -0.020006895065307617 -0.001447793395976101 -0.000151404497154543 0.9999989404849191 0.8239058256149292
0.9999983264909023 2.7647655491548184e-05 0.0018292760868696303 0.00039032386848703027 -2.859668900580308e-05 0.9999998650254588 0.000518778655653484 -0.020994095131754875 -0.0018292614969503819 -0.0005188300987120461 0.9999981923072183 0.6934194564819336
0.9999985040942898 0.00027303448309046316 0.0017079992253625925 0.0005979104898869991 -0.00027396863192356846 0.999999813021529 0.0005467157359139783 -0.02134755067527294 -0.0017078496337551562 -0.0005471828562898862 0.9999983919189822 0.6585915088653564
0.9999993953439709 0.0007304847297209257 0.0008220120146718476 0.0004054869059473276 -0.0007308560288386163 0.9999996310049538 0.000451485793162015 -0.022581391036510468 -0.0008216819078758956 -0.0004520862926051088 0.9999995602283165 0.612111508846283
0.9999990328359689 0.001316929839301166 0.0004472392251927584 -0.0008298632455989718 -0.0013170443725804264 0.9999990999563911 0.0002558916328316204 -0.02300190180540085 -0.0004469018313310488 -0.00025648041924717464 0.9999998672482647 0.5494760870933533
0.9999930260296245 0.002753649097682061 -0.0025229563534387863 -0.00201778463087976 -0.002753945883747736 0.9999962013666831 -0.00011416774272731167 -0.02813902497291565 0.0025226323917509797 0.00012111503178928401 0.9999968108233971 0.4569943845272064
0.9999965349935366 0.0004509242628734912 0.002593582123258952 0.0005146827315911651 -0.00045153716402627456 0.999999870271865 0.00023573383918410677 -0.021527178585529327 -0.0025934754886907116 -0.00023690412108143591 0.9999966088749138 0.6651344299316406
