0.9999982434024205 -0.00032634671488195743 0.0018457220524580743 -0.0025476545561105013 0.0003261613965162223 0.9999999417386843 0.00010070437551433775 -0.020436756312847137 -0.0018457548094660025 -0.00010010219533506497 0.9999982915829074 0.8472213745117188
0.99999867300458 -0.00020663748026827336 0.0016159486473538074 -0.0026629797648638487 0.00020616268646755941 0.9999999355368108 0.0002939784367043926 -0.020915281027555466 -0.0016160092901480177 -0.00029364489828202143 0.9999986511424143 0.8333067893981934
0.9999957307229499 -0.0005138723466198159 0.0028765380381404 -0.0028897577431052923 0.0005149045670024781 0.9999998033144728 -0.00035811213688336245 -0.02201775275170803 -0.0028763534484428656 0.00035959175057642993 0.9999957986334805 0.9038227796554565
0.999998917671655 -0.0007508464950074207 0.0012652608660433538 -0.0034980580676347017 0.0007506684170926792 0.9999997082778583 0.00014121304996819547 -0.019492462277412415 -0.0012653665262623624 -0.00014026310575778673 0.9999991895865792 0.9074506759643555
0.9999972423320086 -0.00041972003492614623 0.002310662993615427 -0.0025105609092861414 0.0004197359442344253 0.999999911890383 -6.4002398070121425e-06 -0.02042778581380844 -0.0023106601037149207 7.370090470708405e-06 0.9999973303942199 0.8673995733261108
0.9999973829945321 -0.0006815289859006539 0.00218392360872091 -0.003267990192398429 0.0006818864455800746 0.9999997542411218 -0.00016293732493307024 -0.020146844908595085 -0.0021838120254924665 0.00016442608643216905 0.9999976019616746 0.9260061979293823
0.9999975712338994 -0.0007566489951252123 0.0020700262317743666 -0.004252561368048191 0.0007572175018103554 0.999999675809075 -0.00027386748582198503 -0.020260706543922424 -0.0020698183391327034 0.0002754342807538255 0.9999978199916237 0.9586739540100098
0.9999978230282511 -0.000901158131464091 0.001881981078725388 -0.004456327296793461 0.0009016889571595363 0.9999995539339764 -0.0002812274395670479 -0.019536906853318214 -0.001881726808843615 0.0002829237888991268 0.9999981895275344 0.9822127223014832
0.9999984973441622 -0.0005952682294054586 0.001628178476980041 -0.002733256435021758 0.0005950607761082512 0.9999998147726499 0.00012789581224904604 -0.019870970398187637 -0.0016282543077105619 -0.00012692675491750264 0.9999986663378649 0.8764638900756836
0.9999978685409574 -0.0007641906426776089 0.0019180527113183533 -0.0034046631772071123 0.0007647121154460439 0.9999996708444445 -0.0002711574871785299 -0.01911722868680954 -0.001917844863966254 0.00027262366736386116 0.9999981237719466 0.929621696472168
0.9999988603041358 -0.0009513881829747845 0.0011722845026728291 -0.003853392554447055 0.000951400165795595 0.999999547372062 -9.664154752432568e-06 -0.01919180527329445 -0.0011722747777014818 1.07794554084379e-05 0.9999993128275885 0.9235466122627258
0.9999985638998247 -0.0006998604827899875 0.0015435004349768594 -0.0027800234965980053 0.0006997922105410302 0.9999997541431478 4.4771710854310245e-05 -0.019429871812462807 -0.0015435313894478749 -4.369151697628495e-05 0.9999988078002399 0.883315920829773
0.9999983533599072 -0.0011251024411446282 0.0014238756866813487 -0.005145527422428131 0.0011256950218997716 0.999999280109268 -0.00041544152831674556 -0.018877318128943443 -0.0014234072473687763 0.0004170436940063701 0.9999988999925777 1.0083094835281372
0.9999990621076997 -0.0008794833743433921 0.0010499012883360586 -0.004059659317135811 0.0008794775248323308 0.9999996132413674 6.03315620556117e-06 -0.01969161629676819 -0.0010499061883382495 -5.109785960726346e-06 0.999999448835291 0.9233747124671936
0.9999981217098772 -0.0008819796470534139 0.0017258877772383329 -0.004135924391448498 0.000882463356552706 0.9999995715618342 -0.0002795256199102559 -0.01930791139602661 -0.0017256405018945486 0.00028104812760098 0.999998471587236 0.9599783420562744
0.9999988370277764 -0.0009406948168483826 0.0012004317374891401 -0.004142326302826405 0.0009407396713182679 0.9999995568271737 -3.680118142403898e-05 -0.019445814192295074 -0.0012003965868097946 3.7930432383452736e-05 0.9999992788043982 0.9415109157562256
0.9999985347789533 -0.0006610246940715364 0.0015790776741342505 -0.0035154123324900866 0.0006608392924550208 0.9999997746919227 0.0001179302076161373 -0.020027892664074898 -0.0015791552731347067 -0.00011688651824940862 0.999998746302297 0.9063370823860168
0.9999965238306315 -0.00025996615469961096 0.002623879618276287 -0.0014829428400844336 0.00026020681014794295 0.9999999619713791 -9.137645259082651e-05 -0.020800579339265823 -0.002623855763708754 9.20588862964849e-05 0.9999965534471068 0.824442446231842
0.9999989000763189 -0.0009202066602591478 0.0011632135895170944 -0.004123724065721035 0.0009202259137028962 0.9999995764637746 -1.6016840326861773e-05 -0.01960579864680767 -0.0011631983580508564 1.7087241997804795e-05 0.999999323338574 0.9312359094619751
0.9999985371582306 -0.0002669370014705331 0.001689504671942971 -0.0015141917392611504 0.00026621309037181415 0.9999998726795608 0.0004286857277392785 -0.02058178000152111 -0.0016896188889172297 -0.00042823533237997436 0.9999984809001016 0.7923679351806641
0.9999980555503041 -0.0003417474214834226 0.0019421905960137892 -0.00016835273709148169 0.0003408206537788257 0.999999827923501 0.00047748743527903576 -0.021566450595855713 -0.001942353441908228 -0.00047682456816004087 0.9999979999487191 0.7450082898139954
0.9999975626996396 -0.0002693289639796261 0.0021913595527710238 -0.000968139385804534 0.00026877682127780404 0.9999999320634351 0.00025225412857595407 -0.02057955600321293 -0.002191427343240692 -0.000251664527102005 0.9999975671526231 0.7854127883911133
0.9999979567154648 -0.0005374174967864383 0.0019487809855224076 -0.001959371380507946 0.00053727680933962 0.9999998530230441 7.271533809032329e-05 -0.020051687955856323 -0.001948819777591485 -7.166815468219429e-05 0.9999980984807672 0.8420490622520447
0.9999984419369421 -0.0009534207833004983 0.0014856353854167973 -0.0034825557377189398 0.0009535870053628308 0.9999995391551034 -0.00011118185146273164 -0.019360188394784927 -0.0014855286976814012 0.00011259836083263682 0.999998890262433 0.9243048429489136
0.9999984748805913 -0.0009869846077024803 0.0014408670567854637 -0.004123944789171219 0.0009873459480572815 0.9999994813013439 -0.00025009002754662607 -0.019075436517596245 -0.0014406194744019294 0.0002515122803796775 0.9999989306779796 0.9543172121047974
0.9999981595625075 -0.000991997530393823 0.0016421974600789894 -0.005008891224861145 0.0009926171901979209 0.9999994364552796 -0.00037656372282219474 -0.019478973001241684 -0.001641822984344205 0.00037819310320877467 0.9999985806926253 0.9862549901008606
0.9999985359898974 -0.0012160312179310745 0.0012038630066371046 -0.004993174225091934 0.0012162823741495615 0.9999992387139557 -0.00020791511577262364 -0.01960533671081066 -0.0012036092588815393 0.00020937904873865711 0.9999992537423045 0.9912822842597961
0.9999978595661647 -0.0010648961468301317 0.0017739389181301466 -0.007681442424654961 0.0010661225897842929 0.9999991932509905 -0.000690564979824832 -0.019563527777791023 -0.0017732021070205307 0.0006924547380696999 0.9999981881287201 1.097092866897583
0.9999980414417691 -0.001740622790117144 0.0009419898770282887 -0.01037676353007555 0.001741478395658173 0.9999980711754376 -0.0009082391764904 -0.021698826923966408 -0.0009404071582856001 0.0009098778526708586 0.9999991438779684 1.1997907161712646
0.9999977878825083 -0.0015414627149294936 0.0014311264055616904 -0.010350212454795837 0.0015428683829141723 0.9999983279813864 -0.000981627008930589 -0.021109433844685555 -0.0014296108712574674 0.0009838328771394067 0.9999984941416796 1.2079998254776
0.9999981755125781 -0.0016643150769560925 0.0009375643122539149 -0.01010782178491354 0.001665083374856401 0.9999982781390782 -0.0008192778731953544 -0.021616198122501373 -0.0009361991613819885 0.0008208375011823724 0.999999224878163 1.1930294036865234
0.9999981368781404 -0.001397347297216794 0.0013317885638981846 -0.006778148002922535 0.0013978492273744403 0.9999989523096939 -0.00037602799347220687 -0.02030855044722557 -0.0013312617268958602 0.00037788893250130355 0.9999990424706261 1.069077491760254
0.9999993966230175 -0.000750718301159857 0.0008019823147106598 -0.0030493855010718107 0.0007503727439593381 0.9999996255497745 0.00043109286225164297 -0.020277557894587517 -0.000802305643709393 -0.00043049081647003634 0.9999995854915696 0.8702607750892639
0.9999975278056362 -0.0004974392752822122 0.00216724174546875 -0.00258390954695642 0.0004972748035021146 0.9999998734382493 7.642810665901853e-05 -0.02030050940811634 -0.002167279489520828 -7.535020300076446e-05 0.9999976486082162 0.8678679466247559
0.9999980142266969 -0.0009679256985425756 0.0017420282733057418 -0.004929184913635254 0.0009682826224366058 0.9999995103944045 -0.00020405811520633345 -0.019781367853283882 -0.0017418299073052473 0.0002057444856980112 0.9999984618477074 0.9851963520050049
0.9999988629670762 -0.0009843594973667283 0.0011424101426852698 -0.004510494880378246 0.0009842290635581445 0.9999995090648739 0.00011473082029155397 -0.01962425373494625 -0.0011425225182085971 -0.0001136062965738995 0.9999993408677349 0.9559775590896606
0.9999980925886048 -0.0007977374332584822 0.0017828163504714964 -0.004406095482409 0.0007978105346578379 0.9999996809373806 -4.029252627544012e-05 -0.01996193639934063 -0.0017827836387849512 4.171479908678277e-05 0.9999984099699223 0.9527565836906433
0.9999984544077835 -0.0010804576226382942 0.0013870087850801206 -0.0053352126851677895 0.001080548709541813 0.9999994140995228 -6.492378235026967e-05 -0.019677121192216873 -0.0013869378250354805 6.642241255741848e-05 0.9999990359953016 1.0104146003723145
0.9999986022825607 -0.0011043973629072915 0.0012552845852760487 -0.005322905257344246 0.0011044705005128037 0.9999993884149996 -5.7572045049855214e-05 -0.019860021770000458 -0.0012552202351480946 5.895838937458967e-05 0.9999992104727232 0.9956181645393372
0.9999981964485332 -0.0006478925149056586 0.0017853108889117428 -0.00373373762704432 0.0006476487125393353 0.9999997808725557 0.00013713491840464866 -0.02023974433541298 -0.001785399346388297 -0.00013597841677607926 0.9999983969282372 0.9184420108795166
0.9999979772554156 -0.001221406036280965 0.0015980151350265097 -0.007507580332458019 0.0012223072476806012 0.9999990944403234 -0.0005631017007301057 -0.01990964077413082 -0.0015973259121121288 0.0005650538272006363 0.9999985646310213 1.0991699695587158
0.9999981039999027 -0.0015317162315455256 0.0012024316967173632 -0.009655321016907692 0.0015328960476379992 0.9999983440466412 -0.0009808841327756364 -0.02097393572330475 -0.0012009272693991188 0.0009827254758146783 0.9999987960114414 1.1714458465576172
0.9999978126353928 -0.0014930563122882675 0.0014647550233887697 -0.011530791409313679 0.0014948594770305566 0.9999981253678804 -0.0012307135610466991 -0.021432289853692055 -0.0014629147528610156 0.0012329004719556546 0.9999981699167516 1.2459862232208252
0.9999977290905575 -0.001849592336391914 0.0010586887726356116 -0.011165655218064785 0.0018507060542717326 0.9999977341233113 -0.0010519673684182072 -0.022524584084749222 -0.0010567406629946401 0.0010539243012166832 0.9999988862707492 1.2410478591918945
0.9999981566903159 -0.0015151210970319397 0.0011794168187201379 -0.008842889219522476 0.0015161530487187015 0.9999984682059855 -0.000874565958548382 -0.02063528634607792 -0.0011780899387619714 0.0008763525228578936 0.9999989220545952 1.1428672075271606
0.9999977666586533 -0.001571642706221699 0.0014130169528587542 -0.010800730437040329 0.001573296154351624 0.9999980781453969 -0.0011698054209456775 -0.021167714148759842 -0.0014111757210880913 0.00117202590250883 0.9999983174677683 1.2153375148773193
0.9999981582721177 -0.0016798344643320872 0.0009282287140293356 -0.009049061685800552 0.001680447575236265 0.9999983701592591 -0.0006601323902293006 -0.02139531634747982 -0.0009271182880242314 0.0006616910141368265 0.9999993513081307 1.1611871719360352
0.9999990856446465 -0.000804779957508322 0.0010867562241285182 -0.004421612247824669 0.0008046776094923825 0.9999996717712514 9.461148969607046e-05 -0.0197324026376009 -0.0010868320088545402 -9.373691478701567e-05 0.9999994050046105 0.9529268145561218
0.9999988067498946 -0.00036877686832035737 0.0015001674601379184 -0.0019233478233218193 0.00036805630652469643 0.9999998167941582 0.0004805686271481751 -0.020427262410521507 -0.0015003444078918087 -0.00048001590761506316 0.9999987592749234 0.8229855298995972
0.9999981407155705 -3.64099657462116e-05 0.0019280144492727995 -0.00014580832794308662 3.53986483775069e-05 0.9999998617867213 0.0005245697992051758 -0.02121475711464882 -0.0019280332823640215 -0.0005245005747751594 0.9999980037914122 0.7296149730682373
0.9999988057918668 4.8744052294101035e-05 0.001544680827159781 0.00047141534741967916 -4.978362120454007e-05 0.9999997723178968 0.0006729678638488784 -0.020669378340244293 -0.0015446476722828539 -0.0006730439599903633 0.9999985805366909 0.6849650144577026
0.9999991885467913 0.0008942558648799753 0.0009073104247327958 0.0006181459757499397 -0.0008946926560185949 0.9999994840234435 0.00048112149993589476 -0.02285587042570114 -0.00090687971085885 -0.00048193287350204746 0.9999994726548086 0.604548454284668
0.999999213689356 0.001195253782115588 0.0003794589119981753 -0.00014513893984258175 -0.001195410958424355 0.9999991996922186 0.00041425543145329907 -0.023073870688676834 -0.00037896346794304885 -0.0004147087150615184 0.9999998422016733 0.5894140601158142
0.9999979297595074 -0.0005181738320574272 0.001967732852658523 7.516506593674421e-05 0.0005186482851775343 0.9999998365544147 -0.00024061400713574233 -0.017693020403385162 -0.001967607851159151 0.00024163407027660044 0.9999980350642298 0.6970633268356323
0.9999965068964397 -0.0005130656689622043 0.0025928668569932915 0.0013339418219402432 0.0005155542844246413 0.9999994070542603 -0.0009592157774414988 -0.020434921607375145 -0.002592373178879403 0.0009605491904185171 0.999996178465975 0.5364673733711243
0.9999943766091347 -0.0011672019897370574 0.0031439449141446056 0.003187860595062375 0.00116523550141287 0.9999991243955496 0.0006272434617836713 -0.019487697631120682 -0.00314467428110909 -0.0006235764983200702 0.999994861074804 0.5305904150009155
0.9999996911264817 0.00041212068301727694 0.0006692559179452141 0.0023473117034882307 -0.00041224690271728375 0.9999998972657574 0.0001884700656051473 -0.02485954388976097 -0.0006691781767775489 -0.0001887459060710332 0.999999758287746 0.38972726464271545
0.999998039886673 0.0007670109639356999 0.0018253539365088924 0.003287174506112933 -0.0007676710248498731 0.9999996402038854 0.0003609339242948694 -0.024917414411902428 -0.0018250764394764473 -0.00036233448815062763 0.9999982689033562 0.35109156370162964
0.999992621622822 0.0009577049111265682 0.003720148010291972 0.001975742634385824 -0.0009577981920686015 0.9999995410399237 2.3293023232184956e-05 -0.023557042703032494 -0.0037201239950498135 -2.6856002405959196e-05 0.9999930799541646 0.337522029876709
0.9999820743353417 1.708173054264282e-05 0.00598754675985256 0.007316092029213905 -1.3566113383625087e-05 0.9999998275089936 -0.0005871949790432445 -0.020536968484520912 -0.0059875557573610015 0.0005871032254447273 0.9999819020791602 0.3187766671180725
0.9999842920557501 -0.000360625511842677 0.005593352393726182 0.006406713277101517 0.0003629421663672674 0.9999998487815659 -0.0004131704601863668 -0.020624930039048195 -0.00559320254809951 0.0004151940335628471 0.9999842717258959 0.3652976155281067
0.9999919151516525 -0.002820759650051094 0.002865823847867173 0.005379686132073402 0.002818758235623556 0.9999957807691093 0.0007021723354170628 -0.01541314460337162 -0.002867792415685793 -0.000694088593887195 0.9999956469943679 0.5459866523742676
0.9999985710774825 0.0012897697678625113 0.0010928572365599884 0.0045134155079722404 -0.001289859694624896 0.9999991648025713 8.158509843139627e-05 -0.0269821397960186 -0.0010927510978149693 -8.299461435402989e-05 0.999999399503286 0.32842665910720825
0.9999986634301326 0.0011081340154383914 0.0012021551281479123 0.0020443175453692675 -0.0011082398035675595 0.9999993820882751 8.733616467891615e-05 -0.024731788784265518 -0.001202057605147305 -8.86683241111065e-05 0.9999992735974572 0.42970019578933716
0.9999978478496668 0.0006563481222354289 0.0019681217382876374 -0.00022331764921545982 -0.0006567920331499328 0.999999759019223 0.00022491269619154033 -0.022407446056604385 -0.0019679736429823198 -0.00022620485882358284 0.9999980379536263 0.6526235342025757
0.9999969729049184 0.0020427807805535655 -0.001371578536562046 -0.0038900941144675016 -0.002042967169024354 0.9999979040944299 -0.00013450610782960872 -0.02390575222671032 0.0013713008953710104 0.00013730779058676603 0.9999990503397613 0.5388331413269043
0.9999879917964949 0.0029388077088567744 -0.003921692499897602 0.0038342622574418783 -0.0029375650392857054 0.999995633313078 0.00032259326724733963 -0.03260324150323868 0.003922623414674862 -0.000311069166699209 0.9999922581007916 0.18085536360740662
0.9999941689846525 0.0024599273634508052 -0.00236870303352305 0.003064098535105586 -0.0024592266709703692 0.9999969314925441 0.00029867989082178883 -0.030032411217689514 0.0023694304959764752 -0.0002928529715391131 0.9999971500140699 0.26404768228530884
0.9999942614854868 0.0024030912183602557 -0.002387917228872038 0.0030416371300816536 -0.002402399882785988 0.999997071501701 0.000292340255296996 -0.02977481111884117 0.0023886127561607725 -0.0002866018456274534 0.9999971061900544 0.2727828025817871
0.9999944238017229 0.002251904857989763 -0.002466027163498499 0.0025676186196506023 -0.0022511290001973835 0.9999974158505769 0.000317349008549415 -0.02897411584854126 0.002466735430689857 -0.0003117958936853943 0.9999969089950408 0.3102988004684448
0.9999954894088984 0.002455317059267898 -0.0017299075108898377 0.002999483607709408 -0.00245472184721408 0.9999969272692426 0.0003461108575589856 -0.02982429414987564 0.0017307520072427842 -0.00034186285463379035 0.9999984438124281 0.2747238278388977
0.9999963886406269 0.002532328823093639 -0.0009000091314230285 0.0033283084630966187 -0.0025320490794029696 0.9999967457404558 0.0003118268079792302 -0.03000570461153984 0.0009007958505733815 -0.00030954681456789036 0.9999995463737 0.25304749608039856
0.9999887383887152 0.002808922793228502 -0.003825316782580342 0.0041485195979475975 -0.002807799986058246 0.9999960134633765 0.00029885881710040984 -0.03258511424064636 0.003826141004158203 -0.0002881147270597852 0.9999926387903663 0.15852367877960205
0.9999888754893289 0.002737053696823436 -0.003841540660798677 0.0040163155645132065 -0.0027358138316161333 0.9999962038720165 0.0003279698700557324 -0.03208856284618378 0.003842423748963957 -0.00031745648147688427 0.9999925674729369 0.18007352948188782
0.9999905324203894 0.0028971008763770695 -0.0032468255417271706 0.003913521766662598 -0.0028960615555187743 0.9999957536703447 0.0003247595205568619 -0.03277616202831268 0.0032477526157272036 -0.00031535343924137427 0.999994676313407 0.17676007747650146
0.9999943210258755 0.0023838979060104835 -0.0023822146779782978 0.002826480893418193 -0.0023831623227682807 0.9999971117258905 0.00031157217509735353 -0.029603449627757072 0.0023829505537451058 -0.00030589320142172983 0.9999971139838393 0.280933141708374
0.9999935456601541 0.0025259766937602308 -0.0025550107193331537 0.002827900927513838 -0.0025252015445082114 0.999996764682469 0.00030656443762058127 -0.030224181711673737 0.0025557768276867465 -0.0003001105419348211 0.9999966889637534 0.27588072419166565
0.9999944722713981 0.0026359631861315887 -0.0020266042358981716 0.0030605867505073547 -0.0026352260205621107 0.9999964606873626 0.00036632849806434776 -0.03067265823483467 0.002027562691547117 -0.0003609859128840111 0.9999978793371025 0.26359298825263977
0.9999903509862346 0.0025489850121892606 -0.003577793990082004 0.0031020401511341333 -0.0025477397321713537 0.9999966923519473 0.0003525725773587631 -0.03051639534533024 0.0035786808582140756 -0.00034345388747905495 0.9999935375204895 0.2529792785644531
0.9999915239681647 0.0027824342894178186 -0.003034806625268167 0.0033006782177835703 -0.0027814733409946015 0.9999960802335465 0.0003208170758265186 -0.03141514211893082 0.0030356873819673744 -0.0003123731228475133 0.9999953435017342 0.23339664936065674
0.9999952043195198 0.0023461777724648743 -0.0020215805255529413 0.002685142681002617 -0.002345585188615874 0.9999972054657926 0.0002954500424359946 -0.029218077659606934 0.0020222680544994477 -0.000290706836213662 0.9999979129585475 0.29662951827049255
0.9999974701664438 0.0019739348657704346 -0.001078536906208804 0.002301974920555949 -0.001973629954973781 0.9999980121478582 0.0002836990181139144 -0.027413787320256233 0.0010790947656201446 -0.00028156966765698006 0.9999993781363111 0.3495432138442993
0.9999957439433006 0.0023365943582771367 -0.0017471182244127215 0.0029468892607837915 -0.00233611295744613 0.9999972327728696 0.00027752991533903275 -0.029362384229898453 0.0017477618645742046 -0.00027344726863373636 0.999998435276304 0.2852727174758911
0.9999933393190741 0.002103730538335877 -0.002982555164442671 0.00236125779338181 -0.0021028303064423936 0.9999977425567513 0.000304936228418525 -0.028230076655745506 0.0029831899351496207 -0.00029866238994517846 0.9999955056791943 0.3204762935638428
0.9999986041079888 0.0015380218909187614 0.0006528941238525985 0.00045871391193941236 -0.0015381509340990243 0.9999987976028161 0.00019719185109624238 -0.02355082705616951 -0.0006525900534308457 -0.0001981958255441844 0.9999997674222915 0.4856981337070465
0.999998947367655 0.0011636673078536516 0.0008666844743746659 3.582076169550419e-05 -0.0011639278352009543 0.9999992775881408 0.0003001586090108429 -0.02155647799372673 -0.0008663345635110468 -0.0003011670512382437 0.999999579381327 0.5510789155960083
0.999999570880707 0.00014904963010912533 0.0009143427198721402 -8.029164746403694e-05 -0.00014930448469659078 0.9999999500261845 0.00027866790107417797 -0.02097400650382042 -0.0009143011388313675 -0.00027880429696103195 0.9999995431606913 0.6235364675521851
0.9999977233683232 0.002007987517462392 0.0007219725064929645 0.0021973359398543835 -0.002008134134552361 0.9999979632114744 0.00020241096829537355 -0.026973428204655647 -0.0007215645972899129 -0.00020386032511464825 0.9999997188927103 0.34987103939056396
0.9999960224749664 0.0023431154618226316 -0.0015699822224817907 0.003785514971241355 -0.002342639642458865 0.9999972095510696 0.00030484353306778453 -0.0297512486577034 0.0015706921251223453 -0.00030116441795265895 0.9999987211123029 0.23585501313209534
0.9999940078634382 0.002313619092603942 -0.0025751512406385732 0.0032158733811229467 -0.0023128443287812857 0.9999972792249976 0.0003037988031082542 -0.029907241463661194 0.0025758471089426323 -0.0002978410587616736 0.9999966381455364 0.24389255046844482
0.9999953934770841 0.002312056436086743 -0.0019665756146658836 0.0034255306236445904 -0.002311490170679582 0.9999972864038786 0.00029016903696417007 -0.029512450098991394 0.001967241165363389 -0.0002856219800906534 0.999998024189189 0.2549927830696106
0.9999987119062622 0.0013748771467547523 -0.0008281899830335728 0.002079733181744814 -0.0013746794215475121 0.9999990265037242 0.00023926573548596012 -0.025142934173345566 0.0008285181377854298 -0.00023812693156245648 0.999999628426561 0.40168315172195435
0.9999986803677651 0.0012951568568124589 0.000980730056938237 0.0004731349181383848 -0.0012952236708538092 0.9999991589196953 6.749477381527065e-05 -0.023144768550992012 -0.0009806418157463962 -6.876494953145565e-05 0.9999995168063888 0.47887951135635376
0.9999987149575251 0.001467254793674687 0.0006459463358596014 -6.195507012307644e-06 -0.0014673434648030579 0.9999989140910355 0.00013682070772844316 -0.022904803976416588 -0.0006457448835813963 -0.00013776835704255936 0.9999997820166888 0.4991009831428528
0.9999979907801931 0.00048223934238793205 0.0019457339986952886 0.0006456126575358212 -0.00048293923216860345 0.999999818854207 0.0003592509591226282 -0.021125558763742447 -0.0019455604012874805 -0.00036018990859181964 0.9999980425270617 0.6174598932266235
0.9999985283760111 7.277635215020094e-05 0.001714044752728024 0.0009361653355881572 -7.340220955353053e-05 0.9999999306662753 0.0003650747319968256 -0.020676767453551292 -0.0017140180650796603 -0.0003652000094162161 0.9999984643843337 0.649061381816864
0.9999965832629168 -0.00023688175187383572 0.002603334309664901 0.0002624801127240062 0.00023654202765325998 0.99999996346923 0.00013080293520366146 -0.020580410957336426 -0.0026033651993915352 -0.0001301866903081547 0.9999966027647615 0.730087399482727
0.9999981673946134 -0.0006566149972442912 0.0017983503996164866 -0.0007842254126444459 0.0006563755865131995 0.9999997756456784 0.00013371492795069125 -0.019511479884386063 -0.0017984377953758509 -0.00013253428960568952 0.9999983740267572 0.8057490587234497
0.999998431144298 -0.0007546315550130012 0.0016025729808687012 -0.0004018121398985386 0.0007544798009943932 0.9999997108393687 9.52964268287673e-05 -0.018913941457867622 -0.001602644431158451 -9.408716837873987e-05 0.9999987113383857 0.7958570718765259
0.9999980264892583 -0.0006717774843684825 0.0018696878348852806 -0.0003670338774099946 0.0006716288598136151 0.9999997712478341 8.011837499673681e-05 -0.018848855048418045 -0.001869741228910546 -7.886248057351176e-05 0.9999982489226898 0.7942802906036377
0.9999982964517746 -0.0009019240583470773 0.0016104740114477188 -0.001299084397032857 0.000902024174042631 0.9999995912886683 -6.144009760629305e-05 -0.018646424636244774 -0.0016104179389265626 6.289267943011707e-05 0.999998701298443 0.843332052230835
0.9999984554137823 -0.000939315575145024 0.001485549157765485 -0.0016217899974435568 0.0009394194405400641 0.9999995563496898 -6.922093949451938e-05 -0.01833120733499527 -0.001485483478394547 7.061638633549306e-05 0.9999988941754694 0.8551405668258667
0.9999986015875387 -0.0010316226900334517 0.0013162741326543518 -0.0019535960163921118 0.0010318053512658114 0.9999994581529207 -0.00013809989889711636 -0.01828894205391407 -0.0013161309524458637 0.00013945784447030236 0.9999991241750292 0.8684720993041992
0.9999985100660683 -0.0010667562102888819 0.0013571649978938837 -0.002418947871774435 0.0010670229003038503 0.9999994115627886 -0.0001957963407583964 -0.018075399100780487 -0.001356955332325041 0.00019724417516702816 0.9999990598830389 0.8886281847953796
0.9999986308728761 -0.0011509275183454982 0.0011889567782397436 -0.0028640388045459986 0.001151275868524445 0.9999992945488175 -0.00029234524371999065 -0.01846589706838131 -0.001188619471302924 0.0002937136607096939 0.999999250457738 0.9022567272186279
0.9999987714698602 -0.0010813683196667567 0.0011347692836622806 -0.0024832808412611485 0.0010815629682028043 0.9999994005017641 -0.0001709317343496582 -0.01846628449857235 -0.001134583763207746 0.00017215884878953388 0.9999993415402905 0.8806375861167908
0.9999984973491355 -0.0009800213903125006 0.0014299851555782128 -0.0017943177372217178 0.0009802809122415005 0.99999950318092 -0.00018079614418147806 -0.018664196133613586 -0.00142980726104572 0.00018219765966079776 0.9999989612270648 0.8579219579696655
0.9999987509003672 -0.0009660158154853884 0.001251004056639892 -0.0018338360823690891 0.0009661003865543683 0.9999995310804103 -6.700002021319883e-05 -0.018290910869836807 -0.0012509387469404193 6.820853202619906e-05 0.9999992152496159 0.8556959629058838
0.9999986296567942 -0.000920760756502863 0.0013758212686430214 -0.0014052288606762886 0.0009207823756172272 0.9999995759661112 -1.508027294592912e-05 -0.01845466159284115 -0.0013758067999246526 1.6347084256945372e-05 0.9999990534437632 0.8412045240402222
0.9999985604297064 -0.0008681379447924395 0.0014579008964311702 -0.0009569099638611078 0.0008681429351354982 0.9999996231599587 -2.7901343826196522e-06 -0.0185895673930645 -0.0014578979248142073 4.0557967293895095e-06 0.999998937258031 0.8207571506500244
0.9999983930589122 -0.0006976970890732657 0.001651392856102122 -0.00036693119909614325 0.000697457838988768 0.9999997461985134 0.00014544920714068 -0.01870056241750717 -0.0016514939164645902 -0.00014429719651963438 0.9999986258721374 0.7909324169158936
0.9999980082857811 -0.0004456512704592852 0.0019454612347476839 0.0006196202011778951 0.00044494868380322273 0.9999998356477533 0.0003615593106312231 -0.01896095462143421 -0.0019456220443728883 -0.000360692960092612 0.999998042225808 0.741519570350647
0.9999983074024135 -0.0007543165811479737 0.0016781533908122675 -0.0013853777199983597 0.0007544664292137804 0.9999997114596721 -8.86621624206662e-05 -0.018908943980932236 -0.0016780860272581038 8.992812274774323e-05 0.9999985879691118 0.82979416847229
0.9999986762251325 -0.0008353411833995411 0.0013963355937744713 -0.0014567619655281305 0.0008352965964292943 0.9999996506111478 3.2514286818436407e-05 -0.017986081540584564 -0.0013963622664332088 -3.134788940788778e-05 0.9999990245943898 0.8438310027122498
0.9999989666211124 -0.0006869750088312574 0.0012628626387638851 -0.001029623206704855 0.0006868575702065156 0.9999997597491638 9.342533297896361e-05 -0.01887661963701248 -0.0012629265162290284 -9.255782967163099e-05 0.9999991982245099 0.8014755845069885
0.9999982796309593 -0.00031128200078461355 0.0018286165913316522 0.0005603010067716241 0.00031059267338003386 0.9999998806116468 0.0003772384973557715 -0.019438017159700394 -0.001828733800570358 -0.00037666989345065086 0.9999982569247201 0.7225838899612427
0.9999978073807368 0.00012841666678141842 0.0020901537930340134 0.0010487893596291542 -0.00012950381042094365 0.9999998564148308 0.0005199991164894223 -0.02049325592815876 -0.0020900867163656583 -0.0005202686592099063 0.9999976804263301 0.6681410074234009
0.9999981595830695 1.1202976707860073e-05 0.0019185163451811546 0.0010243469150736928 -1.1952551837852588e-05 0.9999999236074274 0.0003906946062881659 -0.020628923550248146 -0.0019185118216781818 -0.0003907168184132654 0.9999980833245419 0.6760319471359253
0.99999774415828 -0.00018808504151183588 0.0021157273850729024 0.0005343598313629627 0.00018741475416795837 0.9999999321915864 0.00031700557117263206 -0.01993953250348568 -0.0021157868656147987 -0.0003166083375304794 0.9999977115999314 0.7198982238769531
0.9999979500695835 -0.00020522913886961337 0.0020143826923373176 0.0007068794220685959 0.00020446674037614607 0.999999907398868 0.0003786761247049387 -0.01996498554944992 -0.002014460221178184 -0.00037826347418226034 0.9999978994311745 0.7113966345787048
0.9999972320806947 -0.0002681347143358344 0.0023375060907198176 0.0005201142630539834 0.0002675588082159891 0.9999999337792629 0.00024668553688342136 -0.019584888592362404 -0.0023375720808844038 -0.0002460594337339309 0.9999972376019455 0.7322094440460205
0.999998817501861 -6.610575837981335e-05 0.001536432526565178 0.0002486761659383774 6.538480209941129e-05 0.9999998877477625 0.0004692859366245531 -0.019748708233237267 -0.0015364633765999267 -0.00046918492235811777 0.999998709572068 0.7034128904342651
0.9999980947300571 -0.00016896178410747765 0.0019447334448384924 -8.894468192011118e-05 0.0001683374335753395 0.9999999342445884 0.0003212060510898714 -0.019692135974764824 -0.0019447875885092024 -0.00032087806766854457 0.9999980574173639 0.7469874620437622
0.9999980878448725 -0.0006497254342402437 0.0018444954481813519 -0.002624122891575098 0.0006501414161854933 0.9999997633600494 -0.00022493551036451608 -0.018973682075738907 -0.0018443488653778928 0.00022613426313575493 0.9999982736187886 0.8830113410949707
0.9999987918940535 -0.0010158772011154293 0.001176521969954755 -0.003814657451584935 0.001016132855888908 0.9999994602531488 -0.00021671970465910573 -0.018699178472161293 -0.0011763011743237308 0.00021791494546808798 0.9999992844140558 0.9350346326828003
0.9999982042246782 -0.0005959407257315902 0.0017990002975223265 -0.0016610876191407442 0.0005960432340032307 0.999999820773192 -5.644508264073946e-05 -0.019501788541674614 -0.0017989663371697326 5.751726323336098e-05 0.9999983802046294 0.830460786819458
0.9999987417232579 -0.000667030713399525 0.0014393130056378168 -0.0017296134028583765 0.0006670549634438025 0.9999997773848514 -1.636836155888654e-05 -0.018709156662225723 -0.0014393017670250503 1.7328441847317808e-05 0.9999989640545376 0.8284401893615723
0.999998552210532 -0.0008246706525156767 0.0014884539477511205 -0.002425522543489933 0.0008249893756987474 0.9999996368988637 -0.00021352908598385177 -0.018463116139173508 -0.0014882773161211315 0.0002147567355318015 0.9999988694544483 0.8707485198974609
0.99999893889938 -0.0007944842165962746 0.0012210630385364317 -0.0022698319517076015 0.0007945116454831818 0.999999684134052 -2.1978210600861554e-05 -0.01868051290512085 -0.0012210451915027657 2.294833608375493e-05 0.9999992542607292 0.8512908220291138
0.999997987316545 -0.000205570888337739 0.001995771397128075 -0.0002398275537416339 0.0002052187243545534 0.9999999633385682 0.00017665825229332079 -0.019696209579706192 -0.0019958076397540935 -0.00017624832707595724 0.9999979928421822 0.7461294531822205
0.9999986829395239 -0.0008805991854413212 0.0013633283875247879 -0.003186987480148673 0.0008809084121175142 0.9999995864092809 -0.00022623358906995853 -0.01867975853383541 -0.001363128602550565 0.0002274342585516892 0.9999990450765796 0.8991263508796692
0.9999986698720998 -0.000716266991655422 0.001465338059238365 -0.0021238012704998255 0.0007162636049597368 0.9999997434791698 2.8359875459573646e-06 -0.018989022821187973 -0.0014653397146728974 -1.7864154529364298e-06 0.9999989263875884 0.8500465750694275
0.9999992234162901 -0.0001815972368985129 0.0012329595533132017 -0.0003117913147434592 0.00018101280493417032 0.9999998712306046 0.00047410245551119117 -0.019557487219572067 -0.0012330454902416735 -0.0004738789058638318 0.9999991275184201 0.7278811931610107
0.999997674072909 3.5622784287490155e-05 0.002156520296575612 0.0007737943669781089 -3.647178425018417e-05 0.9999999218540647 0.0003936517161961256 -0.020191799849271774 -0.0021565061050821456 -0.0003937294527339223 0.9999975972263818 0.6885709762573242
0.9999978217625652 -0.00039239788895532814 0.0020499985417604416 -0.0016620352398604155 0.00039249338784692173 0.9999999219080433 -4.618276013060892e-05 -0.01940973848104477 -0.002049980259654463 4.698727040632878e-05 0.9999978976843557 0.829565703868866
0.9999988766384125 -0.0004239748234401868 0.0014376951214608667 -0.001205258071422577 0.0004234576150967451 0.9999998455297163 0.0003600335983773637 -0.01968424953520298 -0.0014378475445609978 -0.000359424390982079 0.9999989017036698 0.7910304665565491
0.999998664371302 -7.186596287851087e-05 0.0016328168590815316 0.00025141227524727583 7.091007226812406e-05 0.9999998260956031 0.0005854746151048005 -0.02019953913986683 -0.001632858650824456 -0.0005853580499666246 0.9999984955631581 0.7088409662246704
0.9999991480647618 3.0467327407726115e-06 0.001305320063381052 -0.00022203288972377777 -3.7175939235441067e-06 0.9999998679250433 0.0005139417042910239 -0.019909536466002464 -0.0013053183251379439 -0.0005139461190959117 0.9999990160012442 0.7046942114830017
0.9999974057305652 -0.0005290488083226477 0.0022155449663687635 -0.0020057184156030416 0.000529630075813193 0.9999998254815383 -0.0002617802053291326 -0.019443321973085403 -0.0022154060852095925 0.00026295294544925263 0.9999975114127166 0.8569684028625488
0.9999984960940947 -0.0011226120949219282 0.001321949935954084 -0.0048983218148350716 0.0011232454144630083 0.999999254709625 -0.0004784348790038643 -0.01883452758193016 -0.0013214118539357183 0.00047991903368653456 0.9999990117737284 0.9917565584182739
0.9999987624786878 -0.0011459730041757856 0.0010778622205408724 -0.0033261694479733706 0.0011460763830395424 0.9999993387133649 -9.529825285819685e-05 -0.019024208188056946 -0.001077752298539871 9.653344735971038e-05 0.9999994145654668 0.9194597601890564
0.9999985354714283 -0.0008718811880772585 0.0014727111707207824 -0.0034815266262739897 0.0008723553422002855 0.9999995678656043 -0.0003213483491961943 -0.018358498811721802 -0.0014724303567311466 0.00032263260602965175 0.9999988639278777 0.9229166507720947
0.9999986420498543 -0.0011656012597130664 0.0011650202361928957 -0.003241785103455186 0.0011658076064497123 0.9999993048778544 -0.00017645518669881028 -0.018496233969926834 -0.0011648137499736303 0.0001778131365344853 0.9999993057954673 0.9266365766525269
0.9999984878281729 -0.0009874468626245802 0.0014315341633614359 -0.0025254760403186083 0.0009876772994617668 0.9999994994027837 -0.0001602739343725304 -0.018061019480228424 -0.001431375184745762 0.00016168758580735834 0.9999989625105643 0.8976424932479858
0.9999983392657125 -0.0011853359847593305 0.0013843570423747343 -0.004671657457947731 0.0011858600853206056 0.9999992254905312 -0.00037782826301631264 -0.018738405779004097 -0.0013839081167408842 0.00037946928930434606 0.9999989704001617 0.9892641305923462
0.9999987386883357 -0.0010084825639931408 0.0012270226795889111 -0.004249759018421173 0.0010088150936300398 0.9999994545833474 -0.00027041655819255017 -0.018612675368785858 -0.001226749299966356 0.0002716540561123867 0.999999210644803 0.9698510766029358
0.9999986184549999 -0.001112077272618939 0.0012354643787176297 -0.0042928969487547874 0.0011124957244434508 0.9999993240326157 -0.00033806445314473653 -0.018720995634794235 -0.0012350875897889826 0.0003394384349325071 0.9999991796697607 0.9683327674865723
0.9999986007030557 -0.0011257777021009205 0.0012374233292159129 -0.0044809626415371895 0.001126226268777448 0.9999993003343304 -0.0003618635668074323 -0.018768485635519028 -0.0012370150854985763 0.00036325667911181003 0.9999991689187862 0.9765428304672241
0.9999984458764241 -0.0011487086651946364 0.0013374278068524494 -0.005101751536130905 0.0011493539825649483 0.9999992234085994 -0.00048183775315571974 -0.018797829747200012 -0.0013368732770152481 0.0004833741822965069 0.9999989895591098 0.9996214509010315
0.9999985821334236 -0.0013214936604625661 0.0010437363879762299 -0.005837616510689259 0.0013220108181273911 0.9999990036542323 -0.0004949524615976216 -0.019497592002153397 -0.0010430812715136655 0.0004963315906172472 0.9999993328179839 1.029358148574829
0.9999985618951296 -0.0012886665138092369 0.001102518158070414 -0.00481842365115881 0.0012890492345178349 0.9999991091469049 -0.0003464930988860709 -0.018977699801325798 -0.0011020706618349002 0.00034791380078036047 0.9999993321978988 0.9861158132553101
0.9999986875016388 -0.0011203702742100309 0.0011703697912142904 -0.004126054234802723 0.0011206320984755102 0.9999993472095391 -0.0002230788992283385 -0.018439576029777527 -0.0011701190962405562 0.00022439016039276966 0.9999992902349262 0.9571633338928223
0.9999986240575515 -0.001039472548044733 0.0012928185588139437 -0.005216365680098534 0.0010400392234097156 0.9999993633550118 -0.0004377304935770359 -0.01864716038107872 -0.0012923627269159723 0.0004390744732949872 0.9999990685056608 1.0010489225387573
0.9999985426751414 -0.001361056161571774 0.0010306181244027978 -0.004863917827606201 0.0013613882185340392 0.9999990216104582 -0.00032155908443647877 -0.01924520544707775 -0.0010301794560836216 0.0003229616871928011 0.9999994172128486 0.9895547032356262
0.9999988421697196 -0.0010711864569803696 0.0010808417065559062 -0.0034837659914046526 0.0010712949990370603 0.9999994211783652 -9.984968579889533e-05 -0.01838357374072075 -0.001080734123310181 0.00010100747050488964 0.9999994109054493 0.9290345907211304
0.9999986172180414 -0.001154915217493825 0.0011965503940207672 -0.004237393848598003 0.0011552332307345847 0.9999992975740675 -0.00026511800010576 -0.018453404307365417 -0.0011962433647199873 0.0002664999282827939 0.9999992489895182 0.9608644247055054
0.9999987716823584 -0.0011761371433243264 0.0010360189162082589 -0.004560593515634537 0.0011764033720682249 0.999999275166563 -0.00025640096551834084 -0.018630601465702057 -0.0010357166025679765 0.0002576194267230654 0.999999430461513 0.9689524173736572
