0.999990815947847 -0.0018470106027121869 -0.0038673727248425003 0.0013065210077911615 0.0018461097721717507 0.9999982679746288 -0.00023648774108695568 -0.024485601112246513 0.00386780282182002 0.00022934597459124573 0.9999924937227057 0.2694759666919708
0.9999913656836521 -0.002163158073483515 -0.003548141103960333 0.001790665090084076 0.0021617817496458543 0.9999975866366726 -0.00039168928689022156 -0.02447817288339138 0.003548979826849945 0.00038401559823729876 0.9999936286168072 0.26475510001182556
0.9999893257488454 -0.0019950733944815516 -0.004167501712121008 0.0015270484145730734 0.0019935985888677368 0.9999979486958523 -0.0003580066396098974 -0.024382788687944412 0.004168207412829194 0.0003496944926247228 0.9999912518420977 0.23516401648521423
0.999989682871784 -0.0018456498342238913 -0.004150629672514219 0.0014099916443228722 0.0018444298499109201 0.9999982547143448 -0.000297736113202678 -0.02463884837925434 0.004151171945087767 0.0002900774961571123 0.9999913417757819 0.2472139596939087
0.9999959652260768 -0.0018007897055082607 -0.002196972463121951 0.002168488223105669 0.001800097478156022 0.9999983295725822 -0.0003170191077930885 -0.023393778130412102 0.002197539677984676 0.00031306306410221516 0.9999975364024063 0.3110024631023407
0.9999952563868694 -0.0017550035611482394 -0.002531238088267861 0.0017698085866868496 0.0017541690618923386 0.9999984063777506 -0.0003318627143242414 -0.023351164534687996 0.0025318164746759766 0.00032742092055318927 0.9999967413451302 0.3097054958343506
0.999996766819974 -0.0017223239252481483 -0.001870815302279216 0.002086034044623375 0.0017216929519003443 0.9999984604826212 -0.0003388299971034955 -0.02326156757771969 0.0018713959971371485 0.00033560793208487513 0.9999981926205357 0.3358005881309509
0.9999980814767773 -0.001626852772496856 -0.001091051246134125 0.0021796326618641615 0.0016264949579474326 0.9999986232142032 -0.0003287610836356643 -0.022580843418836594 0.0010915845898706673 0.0003269858635491912 0.9999993507614535 0.3698405921459198
0.9999972268632128 -0.00172251369864127 -0.001605992665491402 0.0021528261713683605 0.001721932210483645 0.9999984514486903 -0.0003633864107096145 -0.022732729092240334 0.0016066161165997042 0.00036061999248888097 0.9999986443680183 0.34115853905677795
0.9999980602620541 -0.001560202131154647 -0.0012021819493755151 0.0018856418319046497 0.0015598285350163518 0.9999987349069223 -0.0003116400110420098 -0.02280118316411972 0.0012026666499128336 0.00030976420883313744 0.9999992288192348 0.3703257143497467
0.9999988961076708 -0.0014111600913972024 0.0004651995660602953 0.0021637773606926203 0.001411342211306459 0.9999989274620954 -0.00039139215809044455 -0.021756911650300026 -0.0004646467501225444 0.00039204828181990583 0.999999815200754 0.43927890062332153
0.9999977880872513 -0.0012123702673837423 0.0017187143276011358 0.002205811906605959 0.0012133480911040821 0.9999991025814084 -0.0005679989327888113 -0.020869368687272072 -0.0017180241601769256 0.0005700830751732786 0.9999983616977943 0.49793779850006104
0.9999973345824251 -0.0013129214662358046 0.0018992275452120314 0.0026181391440331936 0.0013141635936418984 0.9999989233360594 -0.0006529171239541088 -0.021502617746591568 -0.0018983682714745064 0.0006554112793532913 0.9999979833149467 0.4962037205696106
0.9999979252451673 -0.001260478649822107 0.0016002184020264467 0.0025630274321883917 0.001261391773347392 0.9999990421411908 -0.0005697433588010838 -0.021398670971393585 -0.0015994987199035072 0.000571760679051172 0.9999985573457448 0.48215579986572266
0.9999962901335726 -0.0010143506146030692 0.002528005522584177 0.0026881261728703976 0.0010156914891061753 0.9999993441690915 -0.0005291806738093811 -0.02062334679067135 -0.0025274670898983043 0.0005317463843134676 0.9999966645723835 0.5254192352294922
0.9999951565758733 -0.001085416179434269 0.0029169670056386904 0.0026844446547329426 0.0010873254241082688 0.9999991956407903 -0.0006530246508188913 -0.02078789472579956 -0.0029162558558278465 0.0006561931803300582 0.9999955324211671 0.5485560297966003
0.9999977302422322 -0.0013828763035213295 0.0016208527117435579 0.0025344493333250284 0.0013840081611513483 0.9999987990790518 -0.0006973964899315217 -0.021887201815843582 -0.0016198863521474972 0.0006996381803914987 0.9999984432360997 0.482586145401001
0.9999886234972063 -0.0009516860713741329 0.004674095611374289 0.003331586020067334 0.0009535967676216274 0.9999994626758351 -0.0004065725592995014 -0.01888161338865757 -0.004673706170428079 0.0004110251363922056 0.9999889937039156 0.6521249413490295
0.9999851535500379 -0.0011756500687627376 0.0053207637067642 0.0015782788395881653 0.0011781522969529453 0.9999991968561253 -0.0004671662122628948 -0.01783672347664833 -0.0053202102094358494 0.0004734279464857685 0.9999857355129158 0.8239966630935669
0.9999870969177741 -0.0008277957294298369 0.005012060673292995 0.0032066316343843937 0.0008299484083378 0.9999995642423358 -0.0004274351156912486 -0.017218006774783134 -0.005011704660285766 0.0004315893522390966 0.9999873481934806 0.7603431344032288
0.9999866588287855 -0.0011207052917889993 0.005042438308128291 0.0030332887545228004 0.0011224418119653704 0.9999993117288721 -0.00034156428533753863 -0.01733957976102829 -0.005042052044661525 0.0003472195720612263 0.9999872284933182 0.7333102822303772
0.9999896190298659 -0.0007903369424070687 0.004487449166467677 0.0038429806008934975 0.0007923404292568009 0.9999995872172913 -0.0004447042742535906 -0.018288638442754745 -0.004487095847909865 0.00044825524519062805 0.9999898324673543 0.64166659116745
0.9999855270020316 -0.0013296143105741237 0.005213243928151415 0.0019883611239492893 0.0013318244594142305 0.9999990247111207 -0.0004205001982786075 -0.018139490857720375 -0.005212679740651357 0.0004274372381564968 0.999986322540128 0.7700744867324829
0.9999865904285921 -0.0009993610016458593 0.005081362079964376 0.0034273951314389706 0.0010006564188662825 0.999999467490581 -0.00025239906066191684 -0.01696748100221157 -0.005081107136313129 0.00025748037368058965 0.9999870579433148 0.7474129796028137
0.9999909644005691 -0.0008192143946558628 0.00417133132168296 0.0034526237286627293 0.0008212286190814893 0.9999995470229623 -0.00048118335929338675 -0.01882018707692623 -0.004170935239831253 0.00048460462817433647 0.9999911841899305 0.6272622346878052
0.9999734358049508 -0.00173859895459984 0.007078485580754716 -0.0004786779172718525 0.0017461278893779657 0.9999979162626169 -0.001057595299802679 -0.021650472655892372 -0.007076632096967069 0.0010699271467219675 0.9999743879390436 0.9228706359863281
0.9999780827687327 -0.0003562408638677132 0.006611132627343361 0.0017573321238160133 0.00036260962674251396 0.9999994713757555 -0.0009621655095830796 -0.019639823585748672 -0.006610786369866054 0.000964541681913435 0.999977683332441 0.7999585866928101
0.9999990292059622 -0.0011852805845865037 0.0007325961160755197 0.002054691780358553 0.0011856472381131392 0.9999991719930815 -0.0005002537139471128 -0.020362842828035355 -0.0007320025684663582 0.0005011218288654671 0.9999996065244989 0.45581573247909546
0.999999076417478 -0.001354936923404564 0.00010634906959031305 0.001639417838305235 0.001354992052182077 0.99999894678375 -0.0005200268543471672 -0.021137651056051254 -0.00010564435399562788 0.0005201704762035053 0.9999998591309632 0.43226009607315063
0.9999988313518999 -0.0014736101157182512 0.00040714624101820354 0.002046294044703245 0.001473842233107718 0.9999987512170917 -0.0005703975188043594 -0.021382927894592285 -0.00040630518902724577 0.0005709969215354464 0.9999997544392745 0.44006091356277466
0.9999976165288472 -0.0008519935122262677 0.0020102347325206336 0.0016648753080517054 0.0008531384709474795 0.9999994743241979 -0.0005687759464866873 -0.02149142138659954 -0.0020097490823725614 0.0005704895994115746 0.9999978177227402 0.5016356706619263
0.9999924865917303 -0.0007246216467527461 0.003808107608369187 0.003037897404283285 0.0007269956936689543 0.999999542251857 -0.0006220718106175296 -0.0199411790817976 -0.003807655098515193 0.0006248356145703558 0.9999925556438435 0.5816128253936768
0.9999973142394446 -0.0008069646538864083 0.00217263019053435 0.00169274490326643 0.0008085844930735526 0.9999993957386525 -0.0007447908748604151 -0.02081690914928913 -0.0021720278577873546 0.0007465456296117109 0.9999973624788256 0.5215981006622314
0.9999990487557062 -0.001271680929941063 0.0005341491319636981 0.0020308727398514748 0.0012719517663867298 0.9999990625396199 -0.0005070094531453744 -0.022032588720321655 -0.000533503876967185 0.0005076883827874403 0.9999997288130229 0.444273978471756
0.9999887510433357 -0.0008889658569228219 0.004659133663559039 0.002905285218730569 0.000890651669299351 0.999999538653467 -0.00035976722645336413 -0.019025294110178947 -0.004658811693303119 0.0003639128446223622 0.9999890814609168 0.6613669991493225
0.9999847218143749 -0.0010775371451991985 0.005421720347652265 0.0022498220205307007 0.0010797328525224653 0.9999993362570032 -0.00040207277990614597 -0.017588134855031967 -0.0054212835006679306 0.0004079206465401294 0.9999852215337743 0.813015878200531
0.9999847038384692 -0.0010596781356036966 0.005428551495401963 0.002266928553581238 0.0010617898024414378 0.9999993617545743 -0.00038612544541751127 -0.017517538741230965 -0.005428138861961694 0.000391883519800173 0.9999851907582443 0.820827841758728
0.9999842248507109 -0.0011994084545844743 0.005487391828747855 0.0018066149204969406 0.0012016489975561395 0.9999991959954015 -0.0004050286873273807 -0.017755568027496338 -0.00548690162202766 0.00041161621682958435 0.9999848621267627 0.8346720933914185
0.9999800881636852 -0.0014369236540317883 0.0061447967062521446 -0.0004952340386807919 0.0014408626874639074 0.9999987592907095 -0.0006366567034969765 -0.01936248689889908 -0.006143874255269029 0.0006454978347889975 0.9999809178887771 0.9661442041397095
0.9999823457499116 -0.0005694270915518835 0.005914722418822941 0.0019233261700719595 0.0005736787820373252 0.9999995782869547 -0.0007171600712971767 -0.018293071538209915 -0.005914311554133762 0.0007205405611272437 0.9999822507125516 0.8471579551696777
0.9999869203772841 -0.0007256620508259311 0.0050628538338670995 0.004057439509779215 0.000728035261666271 0.999999625973998 -0.000466922393543293 -0.018351953476667404 -0.005062513112366447 0.0004706022224902654 0.9999870746637354 0.6426272392272949
0.9999837194599314 -0.0012048137912547532 0.005577565670563547 0.0013397445436567068 0.001206826102040923 0.9999992079051669 -0.0003574350263162318 -0.019793108105659485 -0.0055771306099534155 0.00036416035891804745 0.9999843813787255 0.7730613946914673
0.9999918917876771 -0.0007893211919384394 0.003948839191328704 0.0026137642562389374 0.0007919340241818743 0.9999994685203645 -0.0006601511117710278 -0.020738385617733 -0.003948316021338686 0.0006632729792372842 0.9999919854026587 0.590516209602356
0.9999839331727504 -0.001256929549524145 0.005527524261695492 0.0008620328735560179 0.0012594949840809362 0.9999991007303484 -0.00046066352068388744 -0.018685240298509598 -0.005526940269369141 0.00046761800836467163 0.9999846170140103 0.8380643129348755
0.9999838628669244 -0.0010733881588201218 0.0055786955109874935 0.0009129934478551149 0.0010771815382976022 0.9999991906643717 -0.0006770159044335096 -0.017636580392718315 -0.005577964295095305 0.000683014247149985 0.9999842097782647 0.9068564176559448
0.9999848168952754 -0.0009615783447562923 0.005425988021484413 0.00232730177231133 0.0009641596528258401 0.9999994232696507 -0.00047313479016487873 -0.017442500218749046 -0.005425529935984073 0.00047835912523684247 0.9999851672887258 0.8276466131210327
0.9999842812112285 -0.0010515830387661856 0.0055074044318090005 0.0024174756836146116 0.0010539293277178267 0.999999355092739 -0.0004231395499550315 -0.017634572461247444 -0.005506955913670128 0.0004289373137641115 0.9999847446083096 0.8042066097259521
0.9999877610663598 -0.0008403604672759079 0.004875603734314096 0.003740085056051612 0.0008419714166032638 0.9999995916295198 -0.00032836706194991545 -0.017373455688357353 -0.004875325796563838 0.00033246816207021124 0.9999880602603706 0.700053870677948
0.999985246583706 -0.0012654466486831393 0.005282542920256568 0.0015502527821809053 0.001267803409753787 0.9999990982935797 -0.0004428166009901153 -0.017551090568304062 -0.0052819777961699965 0.000449507293858931 0.9999859492281649 0.8424962759017944
0.9999850829212138 -0.0011950152790478263 0.005329716084015268 0.001339557347819209 0.0011975032913386975 0.9999991755059356 -0.000463652150316826 -0.017352288588881493 -0.005329157618292199 0.0004700275865336793 0.9999856894741782 0.8741241693496704
0.9999872269084811 -0.0008773171359041747 0.0049775832016329844 0.003185730427503586 0.0008790484574039375 0.9999995539010197 -0.0003456465987513799 -0.017008749768137932 -0.004977277739454142 0.000350017720610736 0.9999875520194738 0.7629783153533936
0.9999933218517632 -0.0009228105587684314 0.003536194642308385 0.0031104753725230694 0.000924906627811046 0.9999993975400296 -0.0005911575993186807 -0.01936602033674717 -0.003535646985418119 0.0005944243013425021 0.9999935729094184 0.5905089974403381
0.9999893947549745 -0.001022203642855038 0.004490598767650455 0.00358759006485343 0.0010238247095604026 0.9999994115558657 -0.00035870724296235135 -0.017678948119282722 -0.004490229453333476 0.0003633010247631894 0.9999898528744287 0.698685348033905
0.9999878084660364 -0.0010181221227247767 0.004831805732532159 0.0029727905057370663 0.0010197202711246102 0.9999994261933953 -0.00032830389682945207 -0.01656366139650345 -0.004831468706549778 0.00033322698455294264 0.9999882728661943 0.7884830236434937
0.9999868594381826 -0.0011470863766980188 0.004996513164686148 0.0005365395918488503 0.0011496951265806915 0.9999992042779522 -0.000519273124916158 -0.017615146934986115 -0.004995913537723084 0.0005250107682108958 0.9999873825262081 0.9015877842903137
0.9999868819212215 -0.0012185653843790774 0.00497504611809428 0.0006319417152553797 0.0012218881406385834 0.9999990324484408 -0.0006648996573972708 -0.017100514844059944 -0.004974231080774061 0.0006709698850420147 0.9999874033329463 0.9010387659072876
0.9999866950067319 -0.0012184908229572664 0.0050124933543806965 0.0011858544312417507 0.0012212276301385154 0.9999991068914679 -0.000542972690033192 -0.01686970330774784 -0.005011827270440193 0.0005490868611654618 0.9999872899647426 0.8847347497940063
0.9999877334940476 -0.0007193155536425307 0.00490055574110761 0.003693770617246628 0.0007209134802151511 0.9999996875527446 -0.0003243118363011289 -0.017213551327586174 -0.004900320927394338 0.0003278407348223688 0.9999879396149041 0.7231761813163757
0.9999949343898368 -0.0010400902861960617 0.00300822320681259 0.0028807276394218206 0.0010416529749847627 0.9999993233420461 -0.0005179522459106685 -0.020012255758047104 -0.0030076824541747462 0.0005210831468193023 0.9999953411484518 0.5602547526359558
0.9999869751647625 -0.001247528747656362 0.004949057774160434 0.0025993846356868744 0.0012493600135728119 0.9999991522237062 -0.000366948804457384 -0.01785862073302269 -0.004948595799284098 0.00037312717989756316 0.9999876860120441 0.7344571948051453
0.9999865498125189 -0.0010486483216143752 0.005079422285293291 0.0020448442082852125 0.0010506266024370573 0.9999993732779776 -0.0003868170036959722 -0.016807733103632927 -0.005079013466905785 0.0003921483771126924 0.9999870248367493 0.8427266478538513
0.9999859205127809 -0.0011905461863005898 0.005171206434176469 0.0007970319129526615 0.0011931794340708335 0.9999991600630186 -0.00050615817270854 -0.017186691984534264 -0.005170599486006763 0.0005123212234276107 0.99998650112285 0.9090259075164795
0.999985230895497 -0.001256580086635342 0.0052876268179293555 0.00015033036470413208 0.0012597772587876594 0.9999990256605636 -0.0006013644334890276 -0.01779244840145111 -0.005286866003414089 0.0006080167838930481 0.9999858395814676 0.9373152256011963
0.9999866711549711 -0.0009754182929367151 0.0050701155365285525 0.0016483038198202848 0.0009779149399862985 0.9999994018065221 -0.0004899683338298628 -0.01683354750275612 -0.00506963457954273 0.0004949199448484999 0.9999870268455877 0.8628742098808289
0.999990091500996 -0.0011857305675467276 0.004290797460897899 0.002154103945940733 0.001187025501500485 0.9999992507069032 -0.0002992592365845011 -0.016058966517448425 -0.004290439405008542 0.00030434955738251285 0.9999907497077453 0.8037557601928711
0.999988075853191 -0.0013474124185741487 0.0046938929692256935 0.0006335997022688389 0.001349670199172537 0.9999989750150499 -0.0004778694411965592 -0.017152125015854836 -0.004693244270836518 0.00048419895046985633 0.9999888694428505 0.8948931694030762
0.9999879970833189 -0.0012379298773822856 0.004740592675114048 0.0004963253159075975 0.0012405742101563022 0.9999990765268033 -0.0005549064516776547 -0.01697256788611412 -0.004739901362028091 0.0005607808481953517 0.9999886093650862 0.9094992280006409
0.9999848060009352 -0.0013619746021860649 0.005341609537858147 -0.0006357515230774879 0.001365583505908162 0.9999988417766718 -0.0006720319957683477 -0.018046515062451363 -0.005340688060571276 0.0006793161987947333 0.9999855076852572 0.9736979007720947
0.9999885592428037 -0.000701941424695083 0.0047316658523343215 0.0030055218376219273 0.000703944174640198 0.9999996633524141 -0.00042161316117346497 -0.017044849693775177 -0.004731368311687411 0.0004249391662127519 0.9999887167266461 0.7432245016098022
0.999987818920203 -0.0013034032903073266 0.00476058306074723 0.0020792032591998577 0.0013050139389111847 0.9999990922761528 -0.0003352394517260623 -0.0174787025898695 -0.0047601417872480374 0.0003414479953991693 0.9999886121668746 0.7788292169570923
0.9999894852046286 -0.0011022083414143535 0.004451361247349749 0.0022896372247487307 0.0011037185856979826 0.9999993341736235 -0.0003368346680089696 -0.01646909862756729 -0.004450987021535261 0.00034174417640171707 0.9999900359130847 0.8032859563827515
0.999989045048209 -0.0012334417745778487 0.004515352141244925 0.0014280395116657019 0.0012350848184740284 0.9999991720825083 -0.00036110910922353335 -0.01680002734065056 -0.00451490299584541 0.0003666819961703664 0.9999897405449976 0.8392021656036377
0.9999884445431749 -0.001218629378049707 0.004650346498963163 0.0009486186318099499 0.0012209954517050376 0.9999991265717258 -0.00050599001192361 -0.016836868599057198 -0.004649725822925517 0.0005116622169019598 0.9999890590659216 0.8839074373245239
0.9999888482610925 -0.0012040737784422843 0.0045665698056625475 0.001126343384385109 0.0012061566259404675 0.9999991698155498 -0.0004533810816095858 -0.016802487894892693 -0.004566020110295295 0.00045888402405105754 0.9999894703874662 0.8657563328742981
0.9999882711690178 -0.0011603176968098588 0.004702253421650739 0.0008361414074897766 0.0011627078878124928 0.999999196236268 -0.0005056057609893334 -0.01689615473151207 -0.004701662978837895 0.0005110671779686658 0.9999888165252514 0.8939353227615356
0.9999790900249454 -0.0013816238051143376 0.006317485935333306 -0.0007068389095366001 0.0013862959125858405 0.9999987688076344 -0.0007352325198312601 -0.019686700776219368 -0.00631646234254116 0.0007439750510675824 0.9999797741977579 0.9535230398178101
0.999983968955819 -0.0011332360095788634 0.005547756980449233 0.0006287356372922659 0.0011389212859678104 0.9999988294559146 -0.0010217363186918438 -0.01717209629714489 -0.005546592618166476 0.0010280383977061876 0.999984089097112 0.9282686710357666
0.9999893118428557 -0.0013438766158966008 0.004423821390299881 0.0010658297687768936 0.0013457921262074069 0.9999990019494719 -0.0004300507100072647 -0.016677234321832657 -0.004423239040009777 0.0004359996575525095 0.9999901223815632 0.8685375452041626
0.9999884375857542 -0.001178091447005618 0.004662273623950891 0.0007726403418928385 0.0011803215476401117 0.9999991903194734 -0.0004756063938694173 -0.01677803136408329 -0.0046617095411739685 0.0004811038767306168 0.9999890184413094 0.8953385353088379
0.9999891836254435 -0.001266938647229086 0.0044752093340024 0.0007962174713611603 0.0012690218272399139 0.9999990877529568 -0.000462684402431528 -0.016795847564935684 -0.004474619058755008 0.00046835853619004667 0.9999898791610646 0.8800709247589111
0.9999884472201048 -0.001216167622550223 0.004650415318852694 0.0007241459097713232 0.001218308124223715 0.9999991532198332 -0.0004574767001746748 -0.016572758555412292 -0.004649855012622411 0.0004631370538110231 0.9999890821166155 0.8931705951690674
0.9999858679974533 -0.0012918792236903047 0.005157019822673885 0.00010267691686749458 0.0012950455724413923 0.9999989749531525 -0.0006106960044323543 -0.017543908208608627 -0.005156225591006856 0.0006173659497632106 0.9999865160075604 0.9370913505554199
0.9999850463122232 -0.0012755683990380918 0.005317901578626733 -0.00025531696155667305 0.0012787283237284841 0.9999990078760989 -0.0005908474351635715 -0.017918530851602554 -0.005317142636292528 0.0005976387511868929 0.9999856853085989 0.9562689065933228
0.9999841578750845 -0.0012065305048956539 0.005498025372700294 -0.00041656335815787315 0.0012102326633554308 0.9999990431615354 -0.0006700842589479394 -0.01808338612318039 -0.005497211634878868 0.000676727533279404 0.9999846612344047 0.9666273593902588
0.9999834788116757 -0.0011801200766570453 0.005625781750472871 -0.00036872178316116333 0.001184021124048824 0.9999990608978293 -0.000690143055906418 -0.017997615039348602 -0.005624962015612975 0.0006967926983548688 0.9999839370121196 0.9710065126419067
0.999985350357327 -0.0012357140443288784 0.00526992234618083 -4.036678001284599e-05 0.0012388743355509699 0.9999990547110766 -0.0005964623491720629 -0.01782524213194847 -0.005269180307679824 0.0006029823827568095 0.9999859359766673 0.9522409439086914
0.9999834335280985 -0.0013495977417218828 0.005595646101232097 -0.0008215894922614098 0.0013536360166100888 0.9999988261028336 -0.0007179571637406037 -0.01835271157324314 -0.005594670579152158 0.0007255197378222558 0.9999840865144908 0.9897217750549316
0.9999837032801214 -0.0011510110058155414 0.005591810783485503 -0.000662477221339941 0.0011550528361739885 0.9999990739875054 -0.000719636767465077 -0.018008626997470856 -0.005590977295559308 0.0007260838766510766 0.9999841067612447 0.9911372065544128
0.9999807887644213 -0.001383286570774689 0.006042236369809674 -0.001363151241093874 0.001388114100541602 0.9999987206807428 -0.0007948434571447931 -0.019214680418372154 -0.006041129143580194 0.0008032155007236278 0.9999814296293356 1.0195810794830322
0.9999795544342075 -0.0011930624070861544 0.006282301780110482 -0.0014005904085934162 0.0011984461361139534 0.9999989178256096 -0.0008532727983600977 -0.019241666421294212 -0.006281276973865671 0.0008607843530092353 0.9999799021029748 1.0404820442199707
0.9999700721263833 -0.001594191432430982 0.007570561751464278 -0.0032594436779618263 0.0016028827251845378 0.9999980631746966 -0.0011421093752476867 -0.021335843950510025 -0.007568726347627798 0.0011542099169940126 0.9999706906609526 1.1412216424942017
0.9999741334009152 -0.0010294233143838647 0.007118484159443147 -0.0025515370070934296 0.0010369977468710776 0.9999989000483726 -0.0010604422274479376 -0.019968746230006218 -0.007117384685502419 0.0010677966494484679 0.9999741009873975 1.1258200407028198
0.9999828163923676 -0.001240772775430566 0.0057295203034832464 -0.0009103165939450264 0.001245162843157054 0.9999989339166903 -0.0007627155280771075 -0.018289094790816307 -0.005728567838674643 0.0007698366076637492 0.9999832952915338 1.0015934705734253
0.9999850761415447 -0.001213557337614603 0.005326797609931083 -0.0002537486143410206 0.0012167422196354282 0.9999990829358472 -0.0005946981045776259 -0.01777983456850052 -0.00532607102466747 0.0006011705689347459 0.9999856356775266 0.9566936492919922
0.9999868055121346 -0.0012017850063742645 0.0049944483614452 0.0004257713444530964 0.0012044256143085867 0.9999991364807035 -0.0005257345215503788 -0.017226770520210266 -0.0049938122287773315 0.0005317430262884797 0.9999873894648762 0.9165520668029785
0.9999868117457683 -0.001171407236634138 0.0050004139447809666 0.00047405995428562164 0.0011740899611947747 0.999999168392235 -0.0005335987269367263 -0.017167944461107254 -0.00499978472498771 0.0005394626255154435 0.9999873554864478 0.9156478643417358
0.9999867923158178 -0.0012693983914917886 0.004980343526792275 0.00017177825793623924 0.0012724474295055749 0.9999990049408056 -0.0006090935374679972 -0.01764541305601597 -0.004979565388698929 0.0006154227180716386 0.9999874125124862 0.9296711683273315
0.9999854673056963 -0.0012563594098214228 0.0052427796483846606 -0.0004448024556040764 0.0012599444917505876 0.9999989746840962 -0.0006805664066788652 -0.01793697103857994 -0.0052419192368702685 0.0006871621275547679 0.9999860249478112 0.963103175163269
0.9999873277458909 -0.0011669253792975173 0.004897206631435099 0.00019039958715438843 0.0011696653952644302 0.9999991609952527 -0.0005566791297380309 -0.016964904963970184 -0.00489655291965087 0.0005624001684888908 0.9999878536640109 0.9247573614120483
0.9999874930060519 -0.0012408196591618145 0.004845017858056484 0.0005748949479311705 0.0012433289238149776 0.9999990944904886 -0.0005149285292503868 -0.017263177782297134 -0.0048443745374045725 0.0005209460398817095 0.9999881302548371 0.9035078287124634
0.9999871211989674 -0.0011331225361038073 0.004947066759177943 0.0009265206754207611 0.0011357788664952057 0.9999992123318331 -0.0005341742035334926 -0.017248934134840965 -0.004946457577702708 0.0005397860978864237 0.9999876205175744 0.8890703916549683
0.9999875975118848 -0.0011513404872686207 0.004845537894897322 0.0011646430939435959 0.0011536229570289023 0.9999992249350249 -0.00046827707845259464 -0.01738673821091652 -0.004844994992930932 0.00047386119440640163 0.9999881506693401 0.8580427765846252
0.9999847326892379 -0.001280628726577919 0.00537534915124384 -0.00012838514521718025 0.0012841540891062452 0.9999989626355177 -0.0006524386284239777 -0.01791410520672798 -0.005374508043397662 0.0006593314440336279 0.9999853398652093 0.9485647082328796
0.9999834536297855 -0.0012205796090240875 0.005621623614610218 -0.0005375375039875507 0.001224527933960991 0.9999990059942924 -0.0006989576280518534 -0.018496377393603325 -0.005620764893255888 0.0007058298979904804 0.9999839542743522 0.9771701097488403
0.9999834722421752 -0.0011666089739543826 0.005629766068405965 -0.0006819060072302818 0.0011708340742272716 0.9999990353778375 -0.0007472556224560019 -0.018269618973135948 -0.0056288888826938515 0.000753834793938859 0.9999838735414937 0.9835981130599976
0.9999829919285774 -0.0012767560064039878 0.0056908477110829345 -0.0006806333549320698 0.0012810841921125059 0.9999988929079885 -0.0007569716573272424 -0.018229130655527115 -0.005689874942680724 0.0007642492377416178 0.9999835204873324 0.9767993092536926
0.9999811886271074 -0.0013410030651421834 0.0059853239425140675 -0.0009658006019890308 0.001345732580374017 0.9999987854239878 -0.0007862279385046762 -0.018955668434500694 -0.005984262338807746 0.0007942677939112803 0.9999817787054581 1.0013359785079956
0.9999806441331973 -0.0012316422226718224 0.0060987225212579335 -0.001145931426435709 0.001236638936230997 0.999998902758363 -0.000815601748141902 -0.01887453719973564 -0.006097711299935754 0.0008231278791941574 0.9999810700095264 1.0152091979980469
0.999982735118319 -0.0011456529860694518 0.00576341431108271 -0.0006953743286430836 0.0011502106191784963 0.9999990284019495 -0.0007875345633708918 -0.018305251374840736 -0.005762506470036443 0.0007941501070231682 0.9999830812792736 0.9894018173217773
0.9999858711367832 -0.0011821242374413234 0.005182673933004286 0.0003203488886356354 0.0011852046456541762 0.9999991228056965 -0.000591335594481656 -0.017584843561053276 -0.005181970354653538 0.0005974697688042339 0.9999863950140114 0.9220757484436035
0.9999841867391479 -0.0012604810882686664 0.005480644037965646 -0.00030476879328489304 0.0012642360656791734 0.9999989684793276 -0.0006817238817627429 -0.018124602735042572 -0.005479779084507639 0.0006886419293411171 0.9999847487804392 0.9563428163528442
0.9999832715301015 -0.0012329664476224075 0.005651234705304158 -0.000340266153216362 0.0012370130806076218 0.999998980983505 -0.0007126223333990159 -0.01809557154774666 -0.005650350307175869 0.0007196010635698075 0.9999837777262767 0.970057487487793
0.9999826206285095 -0.001297506898758148 0.005751079619134878 -0.0005424250848591328 0.0013015554363165623 0.999998907783927 -0.0007002745167117796 -0.01852399855852127 -0.0057501647266968246 0.0007077476953237828 0.9999832172085765 0.981063961982727
0.9999815109716956 -0.001273040696767194 0.0059461821489643065 -0.000960581935942173 0.001277836370506114 0.999998861335724 -0.000802783573135573 -0.018740717321634293 -0.005945153402099818 0.000810366978262968 0.999981999066176 0.9997401237487793
0.9999835194200433 -0.0011834196893006496 0.00561786490961728 -0.0005931775085628033 0.001187702312631236 0.9999990066047507 -0.0007590472501137461 -0.01827133819460869 -0.005616961057396075 0.000765707091720052 0.9999839315914677 0.9749122262001038
0.9999857458602234 -0.0011630318104413025 0.005211087542988591 0.0003130873665213585 0.001166453294752781 0.9999991061052139 -0.000653586631033687 -0.01764889620244503 -0.005210322742781836 0.0006596558049522562 0.9999862086004662 0.915422797203064
0.9999853700489535 -0.0012296797116674372 0.005267596782611733 0.00012940913438796997 0.0012330197770240854 0.9999990408277414 -0.0006308770297884618 -0.017963601276278496 -0.005266815953394941 0.0006373628510987484 0.9999859271101315 0.9186277389526367
0.9999839084543071 -0.0012887998813243073 0.005524656307304082 -0.0004027080722153187 0.0012927839917608677 0.9999989068503277 -0.0007176403697388265 -0.01825806498527527 -0.005523725373204496 0.0007247710090300892 0.9999844814620804 0.9562287926673889
0.9999871586733748 -0.0010550812340385416 0.004956742069157084 0.0009577209129929543 0.0010579772822053239 0.999999271166711 -0.0005816787061013625 -0.01730145886540413 -0.004956124738231412 0.0005869153570780261 0.9999875461014216 0.88215172290802
0.9999885740772922 -0.0010310221741474245 0.004667837629992898 0.002430322580039501 0.0010332097438301698 0.9999993575393398 -0.000466260155510471 -0.017127782106399536 -0.0046673539065316015 0.00047107768337989827 0.9999889968861293 0.7632754445075989
0.9999884808152911 -0.0011610983704032488 0.004657261781401376 0.0023698280565440655 0.0011630152269211738 0.9999992400989941 -0.0004088973177611007 -0.017456747591495514 -0.004656783472334148 0.0004143090739648983 0.9999890712981233 0.740448534488678
0.9999853952570892 -0.0013396309300044429 0.0052359012112975405 0.000663642305880785 0.0013426169724155266 0.9999989380421638 -0.000566828201520307 -0.018181880936026573 -0.0052351363104004645 0.0005738497329723283 0.9999861319259861 0.8543328046798706
0.9999847263761135 -0.0012012782573961257 0.005394807228977716 -9.16249118745327e-05 0.0012049156258753732 0.9999990489443482 -0.0006710355680911122 -0.01782313920557499 -0.005393995997777922 0.0006775256064750114 0.9999852227739311 0.9481712579727173
0.9999851929458456 -0.0012832025293633077 0.005288410000045663 6.958981975913048e-05 0.0012864064296926134 0.9999989910892801 -0.0006024773185885436 -0.017897089943289757 -0.005287631564093026 0.00060927144230117 0.9999858347700492 0.9360076785087585
0.999978692037844 -0.0014505936579199716 0.006364844721017894 -0.0017417632043361664 0.0014563910114281926 0.9999985287722295 -0.0009062993977354563 -0.01969125308096409 -0.0063635206847230535 0.0009155497889830138 0.9999793334729868 1.041146993637085
0.9999800147127594 -0.0011179826000244824 0.006222562974819526 -0.0012975018471479416 0.001123415818458629 0.9999989907604544 -0.0008697212033812405 -0.018925733864307404 -0.006221584361590643 0.0008766943474304388 0.9999802614527213 1.0330487489700317
0.9999828234699176 -0.0012415032981312986 0.005728126630224811 -0.0008193785324692726 0.001245891168486337 0.9999989331608322 -0.0007625171429000629 -0.01842314563691616 -0.005727173851687173 0.0007696406678819881 0.9999833034270694 0.9956903457641602
0.9999839106989236 -0.0011516118489187507 0.0055544696809746615 -0.00013536913320422173 0.0011555979923091246 0.9999990770481743 -0.0007144900839416209 -0.01781771145761013 -0.005553641739220126 0.0007208973223072205 0.9999843185622879 0.9567974209785461
0.9999832986475928 -0.0013208232657779626 0.0056265310609378396 -0.00011227140203118324 0.001324259771559139 0.9999989388905275 -0.0006070863829128413 -0.018534056842327118 -0.005625723236753546 0.0006145272324866465 0.9999839866689586 0.940933346748352
0.9999838573980393 -0.0010975684809956692 0.005574969665162864 0.00031146290712058544 0.0011013625280992733 0.9999991639793301 -0.0006775258097345855 -0.017681870609521866 -0.005574221373399164 0.0006836549353896212 0.9999842302116618 0.9333728551864624
0.9999873645234658 -0.001102509482679539 0.004904616830453157 0.0016755762044340372 0.0011043112143565947 0.999999323759226 -0.0003646612574057507 -0.017085984349250793 -0.004904211471257019 0.0003700728731049813 0.9999879058048221 0.8358482122421265
0.9999882481029272 -0.0010764474129081375 0.00472704104125665 0.002124462742358446 0.0010782856716861704 0.9999993440165713 -0.00038635014833365535 -0.0166308730840683 -0.004726622054778411 0.0003914427086107376 0.9999887528450293 0.8220517635345459
0.9999876614065595 -0.0011995396439767163 0.004820595324534158 0.0013920774217694998 0.0012015439988508736 0.9999991928961528 -0.000412915320683644 -0.016897931694984436 -0.00482009612551636 0.00041870238327245925 0.9999882956123313 0.858578085899353
0.9999877594647624 -0.0011343571078325245 0.004816031000344093 0.0012810793705284595 0.0011365982858076791 0.9999992470510284 -0.000462646423298516 -0.016799097880721092 -0.004815502567859823 0.00046811465283805683 0.9999882958333516 0.8730295896530151
0.9999866290539161 -0.0012690396917780225 0.005013107982708139 0.0012997102458029985 0.0012713456554322052 0.9999990874942889 -0.0004568268973730023 -0.017039436846971512 -0.005012523676753435 0.0004631941822192164 0.9999873299485047 0.8613727688789368
0.9999885202307224 -0.0010856036896702038 0.004666998114312741 0.0018692335579544306 0.0010875277584970078 0.9999993246926199 -0.00040975319217984485 -0.01657629758119583 -0.0046665501330771875 0.00041482397830590616 0.9999890255552419 0.847148060798645
0.9999878393158047 -0.001269773921226251 0.004765385052352259 0.0011464692652225494 0.0012719608010955655 0.9999990871319727 -0.0004559067248188131 -0.017041973769664764 -0.004764801803714921 0.0004619625636698289 0.9999885415615326 0.861786961555481
0.9999847969589216 -0.0011788083371647338 0.005386674477681458 0.0005750851705670357 0.001181954948354104 0.9999991327096861 -0.0005810011838950788 -0.017416279762983322 -0.0053859849168313816 0.0005873591574642817 0.9999853229801404 0.914477527141571
0.9999856999483703 -0.0012435351782893625 0.0052012997440929595 0.00044614681974053383 0.0012465012566254055 0.999999062341587 -0.0005670542864383624 -0.01754830591380596 -0.005200589715097311 0.0005735296041998869 0.9999863123715284 0.9307669401168823
0.9999858964050611 -0.001344591326688071 0.0051380020563121815 0.00041589722968637943 0.0013475474345967153 0.999998928509221 -0.0005719233527872326 -0.01778353564441204 -0.005137227547810668 0.0005788389881018648 0.9999866368299868 0.9036647081375122
0.999985239971896 -0.0012121902625939485 0.005296265959783158 -8.134357631206512e-05 0.0012156860280412448 0.9999990453115905 -0.0006568739519065192 -0.017642110586166382 -0.00529546464729118 0.0006633028529566271 0.9999857589403434 0.9544503688812256
0.999985321958408 -0.0013398259590160786 0.005249831820046058 0.0002831637393683195 0.0013427905224649406 0.9999989409763416 -0.0005612128011153909 -0.017969349399209023 -0.005249074332870492 0.0005682539880230468 0.9999860620558935 0.9181572198867798
0.9999844618052953 -0.001228604318090944 0.005437525117467668 -0.00025573140010237694 0.001232303395252109 0.9999990115567408 -0.0006769888353996438 -0.017729777842760086 -0.005436687991376149 0.0006836789968793306 0.9999849873906674 0.9677088260650635
0.9999831426941739 -0.0013124770309071825 0.005656123365613273 -0.0007076757028698921 0.001316603758197082 0.9999988697808968 -0.000725941783602437 -0.01833128184080124 -0.005655164191037841 0.0007333764194597716 0.9999837405063144 0.9913216829299927
0.9999845013679117 -0.0011871351615600693 0.005439460825939804 -5.54937869310379e-05 0.0011907494746840708 0.9999990724175515 -0.0006612712944949582 -0.017706269398331642 -0.005438670761986388 0.0006677380808155067 0.9999849873804096 0.9600061178207397
0.9999857588355471 -0.0012889729341767416 0.0051788681070642955 0.00010044965893030167 0.0012920559903092232 0.999998990055419 -0.0005920130573877846 -0.01756553165614605 -0.005178099787886863 0.0005986960139932297 0.9999864143305497 0.9399493336677551
0.9999849051475777 -0.0010967528074145355 0.005383921458359612 0.0008829354774206877 0.0010999441467196924 0.9999992211123326 -0.0005898284516937676 -0.017393849790096283 -0.005383270368879298 0.000595741561214856 0.9999853326384983 0.9070047736167908
0.9999864005531959 -0.0011876713191525837 0.005078202979481903 0.0017271044198423624 0.0011897097213019376 0.9999992129336848 -0.0003984002883598585 -0.017441416159272194 -0.005077725814003369 0.0004044364577877643 0.9999870264816986 0.8364734053611755
0.9999856069317548 -0.0012734223390703213 0.005211940605586066 -2.3691914975643158e-05 0.0012765909391111209 0.9999990023452793 -0.0006046685207275677 -0.017798781394958496 -0.00521116540746689 0.0006113133338445597 0.9999862349308132 0.9501482248306274
0.9999846228925928 -0.0010946855163668397 0.005436510091866121 0.0008474604692310095 0.0010982604982047537 0.9999991826310394 -0.0006546458058745978 -0.01765460893511772 -0.0054357890169494764 0.0006606064435977153 0.9999850077860616 0.89743971824646
0.9999827520375394 -0.0011877502852256016 0.005751945469874473 0.0006340707186609507 0.0011912634688184267 0.9999991059813875 -0.0006073942485015588 -0.01814441941678524 -0.005751218894836264 0.0006142358547012591 0.999983272957872 0.9116173982620239
0.9999843779199166 -0.0007488371611118457 0.0055392381266314815 0.002446772065013647 0.0007516013348384226 0.9999995940669297 -0.0004969521196184997 -0.017524655908346176 -0.005538863741857079 0.0005011076549626535 0.9999845348201977 0.8231563568115234
0.9999834529315453 -0.0008262994367152274 0.00569307406811282 0.0017596923280507326 0.0008297516657287356 0.9999994733142596 -0.0006040557728358455 -0.017756525427103043 -0.00569257193870705 0.0006087696151747556 0.999983611877854 0.8638770580291748
0.9999860926243915 -0.001047551459182128 0.005168867742780138 0.0029297759756445885 0.0010491431663028046 0.9999994030636126 -0.0003052393082379622 -0.017421064898371696 -0.0051685449034121565 0.00031065794543011277 0.9999865947277606 0.7499111890792847
0.9999953451903831 -0.0007040995437943838 0.002968811445548546 0.001961607951670885 0.0007057193784488042 0.9999996026827236 -0.000544604952398796 -0.020800385624170303 -0.002968426809889935 0.0005466975651345103 0.9999954447716484 0.5518107414245605
0.999982217776497 -0.0013101391587711988 0.0058178747136165216 0.0005779664497822523 0.0013133123569690067 0.9999989909203901 -0.0005416353520441405 -0.01901743933558464 -0.005817159225233287 0.0005492664073159434 0.9999829293367772 0.8862735033035278
0.9999829873057753 -0.0010576508282318384 0.005736416454809415 1.6508158296346664e-05 0.0010612107102114738 0.9999992462207362 -0.0006175676381736445 -0.017996063455939293 -0.005735758959893641 0.0006236446782643302 0.9999833559297221 0.9734522104263306
0.9999784600886396 -0.0015487962111581887 0.0063781336650449395 -0.0016187499277293682 0.001554057504507585 0.9999984562333859 -0.0008200220225936755 -0.02002551220357418 -0.006376853771693469 0.000829916345878911 0.999979323273653 1.02314031124115
