0.9999630066301815 0.00036762828587828323 -0.008593615104902294 -0.007695079781115055 -0.0003600568452659216 0.9999995457015437 0.0008825847123528683 -0.011788328178226948 0.008593935663941163 -0.0008794578726261073 0.9999626847156119 0.5144798159599304
0.9999697663645719 0.0003175419487914406 -0.007769525332612866 -0.006579912733286619 -0.0003107006562253262 0.9999995630172016 0.0008817201981898694 -0.012150045484304428 0.007769801920613968 -0.0008792795439634456 0.9999694280554771 0.5321667790412903
0.9999567213986935 0.0003983341212313408 -0.009294980339072258 -0.008200238458812237 -0.0003908332253459696 0.9999995965572231 0.0008087859921643137 -0.010912682861089706 0.009295298756137032 -0.0008051182018923695 0.9999564736555864 0.48811206221580505
0.9999739074076284 0.00025134417315999906 -0.0072195103730410114 -0.005650460720062256 -0.00024393485204002278 0.9999994427254975 0.0010271535826900048 -0.012437764555215836 0.00721976451885991 -0.0010253656913956197 0.9999734114592703 0.5567017793655396
0.9999787359037111 0.00019589527431974516 -0.006518386721994571 -0.005065601319074631 -0.00018997860527967088 0.9999995694531831 0.000908295974733351 -0.012570303864777088 0.006518561846413052 -0.0009070383066221675 0.9999783425819605 0.5690422654151917
0.9999838902433472 4.830540166428768e-05 -0.005675995099495978 -0.004337071441113949 -4.2389924763376136e-05 0.9999994558987078 0.0010423077197120707 -0.013198724947869778 0.005676042360272768 -0.001042050323383124 0.9999833481984827 0.6038265228271484
0.9999926883390486 -3.786631368092571e-05 -0.003823850753418971 -0.003670050762593746 4.0619915532952414e-05 0.9999997399482096 0.0007200371765862821 -0.01583930104970932 0.0038238224938661456 -0.0007201872364131892 0.9999924298272861 0.7183405756950378
0.9999834882381967 0.00015300908811829113 -0.005744548649527342 -0.004352703224867582 -0.0001471518437089591 0.9999994689458118 0.0010200266804058298 -0.013554961420595646 0.00574470167221295 -0.0010191645170431966 0.9999829797083468 0.608139157295227
0.9999726590828656 0.0003171701558042222 -0.007387860978361184 -0.005946050398051739 -0.0003094208272003221 0.9999994008302493 0.0010500466152591138 -0.012815906666219234 0.007388189595226926 -0.0010477319479664533 0.9999721580685486 0.5587021112442017
0.9999839714162385 -5.359042826430567e-05 -0.005661628623760194 -0.004277614410966635 5.988181339792302e-05 0.9999993809700385 0.0011110687233417333 -0.013464195653796196 0.005661565576393731 -0.0011113899430724129 0.9999833556052913 0.6137046217918396
0.9999786760362481 0.0002690138355653365 -0.006524960103251524 -0.004924294538795948 -0.0002628373849728495 0.9999995166488984 0.0009474272947879853 -0.012786121107637882 0.00652521182045536 -0.0009456920884321027 0.9999782634023464 0.5727806091308594
0.9999721190764054 0.000270613566294596 -0.007462428434562239 -0.005958187393844128 -0.0002639803066758309 0.9999995692333066 0.0008898581903257304 -0.012202429585158825 0.007462666027694997 -0.0008878634461108138 0.9999717597583744 0.5402628183364868
0.9999788636055648 0.00028558317472102737 -0.006495443354633991 -0.00502784363925457 -0.0002809019978504995 0.9999997002029756 0.0007215871578069009 -0.012136269360780716 0.006495647480470766 -0.0007197473230408729 0.9999786440357614 0.5522562861442566
0.9999876029014234 -3.1118360892953226e-05 -0.004979264515276499 -0.004026310984045267 3.587860466377735e-05 0.9999995424580768 0.0009559269654337083 -0.013551276177167892 0.004979232490173938 -0.0009560937637759457 0.9999871464816555 0.6215239763259888
0.9999898758440651 -3.249663307052698e-05 -0.004499683693372162 -0.0035030143335461617 3.688156212778321e-05 0.9999995245749053 0.0009744176282309077 -0.014073245227336884 0.004499649888817492 -0.0009745737184385861 0.9999894016223101 0.637657642364502
0.9999935557592431 -0.0002690500518899978 -0.0035799514039584813 -0.0038014324381947517 0.0002723268168338175 0.9999995444401016 0.0009148539192572241 -0.015072096139192581 0.003579703631581736 -0.0009158229404885711 0.9999931734718249 0.6946178674697876
0.9999932454393985 7.514020333103482e-05 -0.0036747012842710093 -0.003295016707852483 -7.235624945075071e-05 0.9999997103070448 0.0007577271271781029 -0.014969857409596443 0.003674757155506341 -0.0007574561214615214 0.9999929611852635 0.6802119016647339
0.9999903045619674 -0.00018130148728265938 -0.004399762702074756 -0.004018677398562431 0.00018583416497730274 0.9999994524653517 0.0010298226351439141 -0.014366356655955315 0.004399573584676844 -0.0010306302767902086 0.9999897907246381 0.6556448936462402
0.9999901472451719 -2.1593945769054118e-05 -0.004439025375047258 -0.0038686322513967752 2.5548569049905518e-05 0.9999996028919053 0.0008908217002821033 -0.01449065562337637 0.004439004375918865 -0.0008909263339806038 0.9999897506926845 0.6572639346122742
0.9999887560415694 -0.00015045509413817249 -0.004739741944384623 -0.004361097235232592 0.00015525294600904094 0.9999994759687404 0.0010119084778554299 -0.015007968060672283 0.004739587213826387 -0.0010126329588987576 0.9999882553747985 0.6756709814071655
0.9999862392275036 6.581748691665684e-05 -0.005245667135091715 -0.003969479817897081 -6.053107196852692e-05 0.9999994902162073 0.0010079202918504841 -0.013797374442219734 0.005245730799716249 -0.0010075888962337762 0.9999857334347291 0.6207394599914551
0.9999868071082175 9.896245088897617e-05 -0.005135739084637204 -0.004040950909256935 -9.415732643608479e-05 0.9999995576519343 0.0009358580732495263 -0.013783643022179604 0.005135829427661567 -0.0009353621591137595 0.9999863740840277 0.6259406805038452
0.9999819157544522 8.864067962012197e-05 -0.006013344068431392 -0.004657498560845852 -8.224997451883469e-05 0.9999994316403387 0.0010629929166690016 -0.013096146285533905 0.006013434875103759 -0.0010624790958476795 0.999981354695763 0.5962377786636353
0.9999930515407232 -0.0003098883513086317 -0.0037149481130310403 -0.004127993248403072 0.0003136257849495579 0.9999994452917055 0.001005512381038992 -0.015989290550351143 0.0037146344557445277 -0.001006670497795156 0.9999925940252604 0.7299566268920898
0.9999941661921193 -0.0005388200836882012 -0.0033730186251137825 -0.004858014639467001 0.0005426158487614345 0.99999922051355 0.0011245178225023674 -0.01819220557808876 0.0033724100831042394 -0.0011263415156455867 0.9999936790825337 0.8188390731811523
0.9999978277579684 -0.0007616811131108576 -0.0019401858742326046 -0.006455869413912296 0.000763563992727996 0.9999992381242216 0.0009699077303481976 -0.023187819868326187 0.001939445635652315 -0.0009713870795466225 0.999997647476117 1.0161843299865723
0.9999914546799401 -0.0003776330100308252 -0.004116790061128665 -0.006208188831806183 0.00038050972312836276 0.9999996839937164 0.0006980149125660555 -0.021540436893701553 0.004116525166724658 -0.0006995754264515586 0.9999912823693888 0.9300719499588013
0.9999899033084222 -0.0002965137383021138 -0.004483900179011002 -0.004479541443288326 0.0003017037648555525 0.9999992853381817 0.0011568482891089933 -0.015608420595526695 0.004483553953127895 -0.00115818941833386 0.9999892781131309 0.7085970640182495
0.9999988117128111 -0.0007837403649961227 -0.0013275255198138382 -0.0037567312829196453 0.0007854077977557791 0.9999989028106825 0.0012559904546484816 -0.018512016162276268 0.0013265396928496616 -0.0012570316110660968 0.9999983300805916 0.8276609182357788
0.9999968516096037 -0.0006607127592971935 -0.0024207910959425168 -0.00574153708294034 0.0006631932015389268 0.9999992558177835 0.001023981765905858 -0.021584317088127136 0.0024201127366148116 -0.001025583994208675 0.9999965456099402 0.9550457000732422
0.9999943482401321 -0.0005191298001603444 -0.0033217453309831563 -0.005714200437068939 0.000522043803098216 0.9999994796582641 0.0008764436482840572 -0.021126065403223038 0.003321288614524439 -0.0008781727914005296 0.9999940989098323 0.9297753572463989
0.9999987065405852 -0.0007542149912257002 -0.001420590336310093 -0.0038814195431768894 0.000756005387868225 0.999998920170656 0.0012602037040231099 -0.018680164590477943 0.0014196383377893895 -0.0012612760479489681 0.9999981969032348 0.8209519386291504
0.9999959642948894 -0.000649822807970922 -0.00276570501910301 -0.005984651856124401 0.0006526222472957756 0.9999992755614139 0.0010114152707212404 -0.022045668214559555 0.0027650457748083315 -0.0010132161495723874 0.9999956639480481 0.9676238894462585
0.9999930065750184 -7.902457189687523e-05 -0.00373905819318514 -0.004102314822375774 8.190924470149422e-05 0.9999996991547305 0.0007713503250326901 -0.017201479524374008 0.003738996112677952 -0.0007716511940845563 0.999992712204696 0.7613369226455688
0.9999926133353901 -0.0006174848010844546 -0.00379367726318706 -0.0049718632362782955 0.0006227462137962532 0.9999988457816948 0.0013858652283521024 -0.017031412571668625 0.0037928171337404605 -0.001388217489582481 0.9999918436619328 0.774269700050354
0.9999964816903232 -0.0006614125574695755 -0.002568879211646586 -0.006105375476181507 0.0006641982521898483 0.9999991922181228 0.0010836991204532507 -0.022067058831453323 0.002568160364345728 -0.0010854015527466108 0.9999961132203526 0.968180775642395
0.9999959454804979 -0.0006460061826431231 -0.0027733911691520353 -0.006181551143527031 0.000648941191463449 0.9999992302789975 0.0010575049609870307 -0.02228376269340515 0.002772705879671631 -0.0010593004410822467 0.9999955949826381 0.9737489223480225
0.9999963441332462 -0.0005980450047937731 -0.0026370556145300936 -0.005599502939730883 0.0006007771861621087 0.9999992835041464 0.0010354023209506972 -0.021043621003627777 0.0026364345079046836 -0.0010369828185096258 0.9999959869318072 0.9309402704238892
0.9999949984723437 -0.0004881790002841297 -0.0031248538463447546 -0.0050519779324531555 0.0004909784662891583 0.999999478808315 0.0008951666013943942 -0.019702240824699402 0.003124415216160356 -0.0008966963601427365 0.9999947169686422 0.8799005746841431
0.9999963580877225 -0.0004907366103977211 -0.0026538630090911907 -0.004859479144215584 0.0004932569278194371 0.9999994279459484 0.0009491076752991439 -0.01923481933772564 0.002653395729054625 -0.0009504132550469664 0.9999960280949869 0.8692898750305176
0.9999956539010049 -0.000161405019614041 -0.0029438287181053255 -0.005626373458653688 0.000164020627239195 0.9999995920228906 0.0008882855883365062 -0.019199904054403305 0.002943684143337786 -0.0008887645763922317 0.999995272399421 0.8723344802856445
0.999996114575925 -0.0007506388274247031 -0.0026846553604017317 -0.007453409023582935 0.0007536274172826774 0.999999097335135 0.0011123734223794125 -0.02457718551158905 0.0026838179463762302 -0.0011143923302224905 0.9999957776165682 1.0557531118392944
0.9999989591419427 -0.0007360963193198131 -0.001240917902365709 -0.008137760683894157 0.0007371658452879452 0.9999993570761441 0.0008616459920257466 -0.027203746140003204 0.0012402828501066993 -0.0008625598574690033 0.9999988588438211 1.1682080030441284
0.999994781374435 -0.0007151407585915981 -0.003150523383697501 -0.00728937704116106 0.0007181351803393216 0.9999992914382335 0.0009494234532551997 -0.024749044328927994 0.0031498421799485018 -0.0009516810002480093 0.9999945863841039 1.0687675476074219
0.9999963496640166 -0.000682735459873051 -0.0026142935821820558 -0.006520026829093695 0.000685501428414373 0.999999206136059 0.0010572677256649324 -0.023115642368793488 0.0026135696726217587 -0.0010590559682673896 0.9999960238191063 1.004945158958435
0.999994967058204 -0.000496228916620373 -0.0031336265130588563 -0.005722906440496445 0.0004992884099504749 0.999999399422675 0.0009756358812034024 -0.021177198737859726 0.003133140492337483 -0.0009771955542838822 0.9999946142452486 0.9300267100334167
0.9999965098853804 -0.0006371406947129212 -0.0025640336958759357 -0.00607980415225029 0.0006399734648023953 0.9999991856527038 0.0011041412470841866 -0.021646225824952126 0.0025633281145408 -0.0011057783070328976 0.9999961032940643 0.952070951461792
0.9999951643649919 -0.0006107776318398889 -0.0030492945606147375 -0.006033673882484436 0.0006140069815998722 0.9999992515780418 0.0010582243537235116 -0.02166701853275299 0.003048645938691009 -0.001060091524685952 0.999994790968383 0.9493381977081299
0.9999959262534281 -0.000592248097666773 -0.0027922605070639078 -0.005862165242433548 0.0005951647176186048 0.9999992781070373 0.0010438219979704722 -0.02110724151134491 0.0027916402897580966 -0.0010454796006403905 0.9999955568485779 0.9313621520996094
0.9999955005099154 -0.0006280238552518904 -0.0029333506371747933 -0.006157567258924246 0.0006310632743685083 0.999999264905645 0.0010353488846420599 -0.02198876067996025 0.002932698257087236 -0.001037195355957986 0.9999951617416586 0.962751030921936
0.9999904553832485 0.00010246457453430541 -0.004367910646350776 -0.00493495212867856 -9.947163887360922e-05 0.9999997601512517 0.0006854216456713021 -0.017919305711984634 0.004367979830150175 -0.0006849806203539349 0.9999902257291085 0.7850251197814941
0.9999901912413196 -0.0004731291071307185 -0.004403813120178609 -0.004500754177570343 0.000478835474437272 0.9999990470854594 0.0012948145665889709 -0.01573278196156025 0.004403196309261261 -0.001296910568010085 0.9999894648871263 0.7169307470321655
0.9999955957259014 -0.00043524768327652416 -0.0029358283761050917 -0.004397167824208736 0.00043822574767050026 0.99999939006401 0.001013819412986812 -0.017952624708414078 0.002935385322886941 -0.0010151015034333816 0.999995176529339 0.8144983053207397
0.9999954920490882 -0.0005017902191899142 -0.0029604202536299812 -0.004592251963913441 0.0005049977175262892 0.9999992862469685 0.001082812476307527 -0.018157336860895157 0.002959874795911223 -0.0010843026005130385 0.9999950317021896 0.8216735124588013
0.9999965990119574 -0.000484073475721061 -0.002562740210864717 -0.004956579301506281 0.00048689981609090926 0.9999992738765799 0.0011023497093098906 -0.019220847636461258 0.0025622047317437856 -0.0011035937579690694 0.9999961085862933 0.8739579916000366
0.9999961563600768 -0.00047568045019747167 -0.002731481865618326 -0.005096391309052706 0.00047841435309416375 0.9999993852394177 0.0010003201954836096 -0.019617974758148193 0.002731004353650014 -0.0010016231307426984 0.9999957691742123 0.8769468665122986
0.9999930909055806 -0.00015446334154832099 -0.0037140654516568225 -0.004628586582839489 0.000157752355886665 0.9999995956969147 0.0008852797305877138 -0.017598433420062065 0.0037139272067833093 -0.0008858595166813839 0.9999927109722447 0.78589928150177
0.9999922432015235 -0.0003502064001553215 -0.003923122769263822 -0.004495798610150814 0.00035462826199025925 0.9999993026302395 0.0011264891613774507 -0.01675744354724884 0.003922725529682616 -0.001127871673637278 0.9999916700302592 0.7584211826324463
0.9999928416161489 -0.0003837872066974676 -0.0037642295147083792 -0.004522060975432396 0.00038811485303506544 0.9999992645672146 0.0011490134422717433 -0.016879606992006302 0.0037637857697111156 -0.0011504661705773647 0.9999922551421435 0.7643462419509888
0.9999936166924752 -0.00022484123460326995 -0.003565952989341514 -0.004339857026934624 0.00022847104669372278 0.9999994562133222 0.001017533311856506 -0.01684032566845417 0.0035657222667776966 -0.0010183415336403952 0.9999931242789808 0.7635897397994995
0.9999874209458391 -6.787141292789756e-05 -0.005015310913633914 -0.004065269138664007 7.322044157858231e-05 0.9999994287532639 0.0010663638745842942 -0.014068798162043095 0.0050152356730310595 -0.0010667176840151106 0.9999868546758636 0.6395370960235596
0.9999849339974027 0.0001452565211603579 -0.005487319815114395 -0.004157028626650572 -0.00014006445971506378 0.9999995421981714 0.0009465650505370983 -0.013254981487989426 0.005487454797755642 -0.0009457822111004007 0.9999844965477475 0.6001136302947998
0.999991376121932 -0.0003595061658270613 -0.004137443302479958 -0.004138697870075703 0.00036476555681963887 0.999999126406685 0.001270484929164979 -0.014884253032505512 0.004136982940871523 -0.0012719831694679015 0.9999906336716177 0.6836766600608826
0.9999957453702605 -0.00040588510620520666 -0.0028886845894832923 -0.004673810675740242 0.00040878616678212106 0.999999412674938 0.0010037647378269199 -0.018559247255325317 0.0028882754797292186 -0.0010049413214799922 0.9999953239679141 0.8366352319717407
0.999996282575473 -0.0006070053381765069 -0.002658266306127877 -0.005694705527275801 0.0006098894942186445 0.9999992261636986 0.0010843001470900622 -0.020677344873547554 0.0026576060730874405 -0.0010859173649790436 0.999995878948227 0.9180651903152466
0.9999954880162548 -0.0006593457630075545 -0.0029307354532832346 -0.006515452638268471 0.0006625939543031575 0.9999991672207945 0.0011074867805813337 -0.02213655784726143 0.0029300027959113287 -0.001109423671211989 0.9999950921193232 0.9677562713623047
0.9999937914442228 -0.0006294044415411362 -0.0034671202829875546 -0.006285778246819973 0.0006333310861259777 0.9999991592357182 0.0011315562697641703 -0.02129954844713211 0.003466405161414617 -0.0011337450794885085 0.9999933493065598 0.9307693243026733
0.9999940752323665 -0.0005556907484794374 -0.003397161750098598 -0.005754207260906696 0.000559653037319801 0.9999991641831674 0.0011655133823782764 -0.019951922819018364 0.0033965112456898075 -0.0011674077088740214 0.999993550414501 0.8810770511627197
0.999995149759536 -0.0005312482431225782 -0.0030689139296657723 -0.00531562278047204 0.0005348656368881003 0.999999163092637 0.0011780207027595915 -0.01934799924492836 0.003068285539840405 -0.0011796564456794567 0.999994597002662 0.8634351491928101
0.9999954837830215 -0.00043844505398843507 -0.002973243934767869 -0.004782333504408598 0.0004416512428434528 0.9999993216710469 0.0010777762411885384 -0.018620042130351067 0.0029727693722681674 -0.0010790845105962457 0.9999949990969348 0.8332450985908508
0.9999961591350197 -0.0004966070382087804 -0.0027267373650246346 -0.004688544198870659 0.0004996611722798093 0.9999992485266307 0.0011195020708813098 -0.01817813143134117 0.0027261793633464306 -0.001120860215813318 0.9999956557997917 0.8215194940567017
0.9999948939216148 -0.0005473737283892907 -0.0031484143151205156 -0.005368446931242943 0.0005510225580923014 0.99999917748308 0.001158191393450952 -0.018894929438829422 0.0031477777619552485 -0.001159920326944764 0.9999943730241667 0.8449701070785522
0.9999942551003335 -0.0005294753808140148 -0.003348047513133319 -0.0053911167196929455 0.0005335714046248536 0.9999991102360327 0.0012226318738645342 -0.018696879968047142 0.003347397180684271 -0.0012244112723814229 0.9999936478544005 0.8379777073860168
0.9999954025305716 -0.00048612777452180145 -0.002993091630138575 -0.005421832203865051 0.0004897578431648271 0.9999991453510918 0.0012122022688353475 -0.019139062613248825 0.0029924997869048625 -0.0012136625858736472 0.9999947859704833 0.8556818962097168
0.9999934776921326 -0.0006032811620847278 -0.003560986525318094 -0.006265552714467049 0.0006078654109866479 0.9999989878217362 0.0012864117322762885 -0.020014170557260513 0.0035602068530001686 -0.0012885679424406568 0.9999928322342223 0.8854629993438721
0.9999939519394736 -0.0004110725952685683 -0.0034535639266585682 -0.0034254903439432383 0.00041619513069979756 0.9999988142306169 0.0014826729152629182 -0.017724577337503433 0.0034529503453249897 -0.0014841013044572212 0.9999929372636744 0.8075616955757141
0.9999982192670105 -0.0005163022801583377 -0.0018151844984914006 -0.0031659388914704323 0.0005176079242971358 0.9999996076367487 0.0007188938625343589 -0.014983071945607662 0.0018148126197392906 -0.0007198321362568225 0.9999980941466093 0.7340973019599915
0.9999964935008516 -0.00042410786717262435 -0.0026140234348286597 -0.003982977941632271 0.00042674908048228244 0.9999993989665549 0.0010099266067047927 -0.017128845676779747 0.002613593545893979 -0.001011038597495179 0.9999960734571566 0.7872057557106018
0.9999961831798142 -0.00043325022448201066 -0.00272872132074427 -0.004043515771627426 0.000436082616509595 0.9999993667303024 0.0010374829856635618 -0.0172804594039917 0.00272827010299131 -0.0010386689737108355 0.9999957388454253 0.7870064973831177
0.999995628732515 -0.0006204953052673391 -0.0028909343537544896 -0.00545539753511548 0.0006240303756575191 0.9999990585639613 0.0012220708984772503 -0.019135616719722748 0.002890173342869495 -0.0012238695873292421 0.9999950745085102 0.8596899509429932
0.9999931145727674 -0.00010889256841941924 -0.0037093057928090697 -0.004199795424938202 0.00011214267096546468 0.9999996100189782 0.0008760056580342442 -0.01771468296647072 0.0037092089557441534 -0.0008764155978200637 0.9999927368059343 0.782497227191925
0.9999950625620354 -0.00039449704511012755 -0.003117566941116092 -0.004069045186042786 0.00039778575050800714 0.9999993650611136 0.0010543452310765658 -0.015961121767759323 0.0031171490255734245 -0.001055580149017825 0.9999945845515872 0.7335442304611206
0.9999949306063395 -0.00011840369969877418 -0.003181940003552953 -0.003156478051096201 0.00012116004980936365 0.9999996176218615 0.0008660694967567756 -0.015475277788937092 0.0031818362410160447 -0.0008664506303188799 0.9999945625759376 0.7066918611526489
0.999994870946852 -0.00034724193052876367 -0.0031839445708325502 -0.0035023740492761135 0.0003505007802855115 0.9999994152843028 0.0010230250511468982 -0.015182023867964745 0.0031835874719364416 -0.001024135779053502 0.9999944079427215 0.7028780579566956
0.9999947545897557 -6.363618455433617e-05 -0.003238324166959071 -0.0030021790880709887 6.647631130431649e-05 0.9999996132821035 0.0008769358832825381 -0.014853782951831818 0.00323826710978745 -0.0008771465552394993 0.9999943721041865 0.6807874441146851
0.9999933404450639 -0.0004289657695911579 -0.0036242314897245668 -0.004989433567970991 0.00043316826108932854 0.9999992347174627 0.0011588484571859142 -0.01618214324116707 0.00362373160984322 -0.00116041064182314 0.9999927609819794 0.740252673625946
0.9999944490352056 -0.0005615605172431542 -0.0032842881361183837 -0.005477551370859146 0.0005653871323705631 0.9999991623532337 0.0011643153445156226 -0.019405730068683624 0.0032836315515179463 -0.0011661657756932941 0.9999939288921795 0.8643413186073303
0.9999960446113974 -0.0004745172326420401 -0.0027722905611798432 -0.00505127664655447 0.00047775098202431656 0.9999992062056926 0.0011659082225456614 -0.01876845955848694 0.002771735117008101 -0.0011672280754636269 0.9999954775213038 0.8412684202194214
0.9999949280014361 -0.0005228110173929768 -0.0031417574768198312 -0.0051774755120277405 0.000526407836749062 0.9999992069357937 0.0011441252437588742 -0.018972087651491165 0.0031411568239217164 -0.0011457732865142436 0.9999944101530688 0.8476008176803589
0.9999958261553252 -0.0004513546006083688 -0.0028537608436393557 -0.0046785250306129456 0.0004545398379746808 0.9999992744100986 0.0011156042360963255 -0.01819879189133644 0.002853255239874887 -0.0011168967277290119 0.9999953057270995 0.8194682002067566
0.9999961470987949 -0.0004695616229832867 -0.0027359275297066422 -0.004470080137252808 0.00047254652445259763 0.9999992938009802 0.0010904573917991083 -0.01819598115980625 0.0027354135606546147 -0.001091746043419826 0.9999956627922089 0.8221038579940796
0.999995871677072 -0.0005151220355655245 -0.002826884875838307 -0.005003715865314007 0.0005182986658303552 0.999999235002087 0.0011231036166287618 -0.01878219097852707 0.002826304177856128 -0.0011245641507539538 0.999995373669381 0.8420479893684387
0.9999958716994084 -0.0005276166440950282 -0.0028245716165815828 -0.0049732280895113945 0.0005308576293548831 0.99999920152116 0.0011467986832763898 -0.019002282992005348 0.002823964291148192 -0.0011482933943390285 0.9999953533131856 0.8509167432785034
0.9999954189404067 -0.00048602572190405163 -0.0029876206583718105 -0.004819246008992195 0.0004891262142729255 0.9999993425512347 0.001037136753243965 -0.019026553258299828 0.0029871146190250885 -0.0010385933256410048 0.9999949992225745 0.8497430086135864
0.9999959129403906 -0.00026445323948655396 -0.0028467818670602227 -0.0036937789991497993 0.00026707150360811584 0.9999995417002207 0.0009193868394176636 -0.016589634120464325 0.002846537427552696 -0.000920143376142527 0.9999955252704087 0.7556929588317871
0.9999957548814978 -0.00044567819767610245 -0.00287951209887084 -0.0037528369575738907 0.00044881298971005933 0.9999993073030194 0.0010880994355956122 -0.016417915001511574 0.0028790251620461546 -0.0010893871789185666 0.9999952622136221 0.7531740665435791
0.9999957904834268 -0.000605816499237828 -0.002837604939997937 -0.0048238239251077175 0.0006093666257278861 0.9999990325828726 0.0012504021889699923 -0.017827101051807404 0.002836844680573557 -0.0012521260671286899 0.9999951922347278 0.8133598566055298
0.9999942093611651 -0.0006462542399151963 -0.0033411973296473664 -0.006593886762857437 0.0006504925448191145 0.9999989850651859 0.0012675677682587685 -0.021184410899877548 0.003340374767505259 -0.0012697338521853291 0.9999936148157933 0.9322730898857117
0.9999933845916059 -8.526006630970925e-05 -0.0036364135828774687 -0.004616305697709322 8.838348383380653e-05 0.9999996273460268 0.0008587759704955797 -0.01836804673075676 0.003636339008457309 -0.0008590916882429312 0.9999930194756795 0.8111090660095215
0.9999949684689172 -0.0004447794697059221 -0.0031408928782473314 -0.0037966861855238676 0.00044841700410627413 0.9999992295439079 0.0011575118923949324 -0.015728715807199478 0.0031403756208016006 -0.0011589144981125497 0.9999943974633789 0.7253732085227966
0.9999964793579579 -0.00034686735488716804 -0.0026307707478075656 -0.003999232780188322 0.00034950448811708385 0.9999994368960924 0.0010020250051361594 -0.01738291233778 0.002630421696647215 -0.0010029409435483648 0.99999603748773 0.7929532527923584
0.999995820575597 -0.0004858473467372218 -0.0028500497704893562 -0.004287166520953178 0.0004889743049178467 0.99999927922444 0.0010965649683511507 -0.01764180138707161 0.0028495149530627386 -0.0010979539864462687 0.999995337369918 0.801878809928894
0.9999964221179535 -0.000532714832598677 -0.002621443533417982 -0.004956481512635946 0.0005355466688344902 0.9999992737455857 0.0010796749819021452 -0.019248519092798233 0.0026208664707057993 -0.0010810750243042712 0.9999959811597917 0.8645860552787781
0.9999957297171325 -0.0007807678480566011 -0.0028161940748066393 -0.0073204911313951015 0.0007843729638348976 0.999998874125411 0.0012792603190157322 -0.02289041131734848 0.002815192098798911 -0.0012814638027054993 0.9999952162605424 0.9986563920974731
0.9999933076651221 -0.0007539796852329436 -0.003579963631478156 -0.008078224956989288 0.0007584937369901959 0.999998918882072 0.0012597308990690594 -0.024856042116880417 0.003579009949608534 -0.0012624378485211556 0.9999927984432984 1.0594769716262817
0.9999953115543871 -0.0005553384381617557 -0.0030113897893531178 -0.006106906104832888 0.0005585579858725919 0.9999992732798346 0.0010683879347384156 -0.022172801196575165 0.0030107942840284035 -0.0010700649614751086 0.9999948950263484 0.9661979675292969
0.9999967521327401 -0.0006042082466461906 -0.0024760162289449925 -0.0055975718423724174 0.0006068195396971899 0.9999992604063401 0.0010540193637519916 -0.021083764731884003 0.0024753775505073836 -0.0010555184354653399 0.9999963791868524 0.9363360404968262
0.9999960049126891 -0.0005952171488357002 -0.0027633087425547 -0.005616222508251667 0.0005980516077318955 0.9999992958182942 0.0010250352142028988 -0.021076183766126633 0.0027626966781455816 -0.0010266837203338657 0.9999956567043694 0.9351018667221069
0.9999961544017307 -0.0006152001582222571 -0.0027042023805782926 -0.00572501216083765 0.00061801704856487 0.999999267229109 0.0010409592559735205 -0.0211859829723835 0.002703560000718527 -0.0010426264960363746 0.9999958018378439 0.9407331943511963
0.9999945960133255 -0.00035344417402947124 -0.003268489155809211 -0.0046202680096030235 0.0003563694178011492 0.9999995364849299 0.000894444388043354 -0.018839813768863678 0.0032681715046572837 -0.000895604344055345 0.9999942584574548 0.8422045707702637
0.9999957649107165 -0.0004837306638164688 -0.0028698719964107295 -0.004067492671310902 0.0004869179266132043 0.999999265405937 0.0011099993328972343 -0.01700843870639801 0.002869332947505661 -0.0011113920240730924 0.9999952658568965 0.7789331674575806
0.9999966783642076 -0.0005685136976086117 -0.0025139715047297903 -0.004996940493583679 0.0005711228440736903 0.9999992989525246 0.0010372623369772638 -0.019782818853855133 0.0025133800444698297 -0.0010386946781252608 0.9999963020102209 0.8882758617401123
0.9999958161170387 -0.0005368980222500931 -0.002842444182637914 -0.0050760176964104176 0.0005396750033371403 0.9999993778016364 0.0009762925949496332 -0.02001270465552807 0.002841918244510429 -0.0009778225063294308 0.9999954836717202 0.8939194679260254
0.9999961263900616 -0.0004903540793470646 -0.0027398463002107133 -0.004590731114149094 0.0004930224078848969 0.9999994048013597 0.0009733066483362514 -0.0188741572201252 0.0027393674045724536 -0.0009746536837461097 0.9999957729492758 0.8504295349121094
0.9999947254551432 -0.00021633607582745924 -0.003240719147766293 -0.004049681127071381 0.00021905406042139238 0.9999996245783864 0.0008383665096608937 -0.017158538103103638 0.003240536562209477 -0.0008390719803471358 0.9999943974248058 0.7717307806015015
0.9999940357129143 -0.0002993329658565075 -0.0034407758389694175 -0.0038551045581698418 0.0003028163421347749 0.9999994421754365 0.0010119046787402967 -0.015863819047808647 0.0034404710231914857 -0.001012940566603952 0.9999935685345916 0.7245649099349976
0.9999947458323324 -0.00034858919117793753 -0.0032228548376448027 -0.00367074366658926 0.00035185275831097206 0.9999994259053505 0.001012120845387287 -0.015968916937708855 0.0032225001730342164 -0.0010132494978989267 0.9999942943927679 0.7306119203567505
0.9999959454439454 -0.0005100798749416074 -0.002801591367611462 -0.004291255958378315 0.0005131802693203142 0.9999992566523122 0.0011060473925846954 -0.0174185149371624 0.0028010251125393073 -0.0011074806294660996 0.9999954638621991 0.7943822145462036
0.9999962081498451 -0.0004642221073117759 -0.002714439862453884 -0.004362599458545446 0.00046696939332181806 0.9999993793484983 0.0010115543505692572 -0.01818341389298439 0.002713968591840425 -0.0010128180752425149 0.9999958042782126 0.8219813108444214
0.9999965257115548 -0.0004941871901671675 -0.002589274771144767 -0.004409956280142069 0.0004969224459962379 0.9999993191323185 0.0010558423090940637 -0.018256358802318573 0.0025887512244472666 -0.001057125309545963 0.9999960904189464 0.8276667594909668
0.9999963949755784 -0.0004916200725634427 -0.0026397624043508145 -0.004502045921981335 0.0004943871463646731 0.9999993289756886 0.0010476781576843417 -0.01845255307853222 0.0026392455733941613 -0.0010489794453811651 0.9999959670043307 0.8340344429016113
0.9999957463604132 -0.0004856351970484506 -0.0028760075687789114 -0.0048839375376701355 0.0004885021413954509 0.9999993844454119 0.0009962301215860813 -0.01893315464258194 0.002875521994027855 -0.0009976308198382166 0.9999953680422772 0.847358226776123
0.9999960133467881 -0.0004764311198401036 -0.002783218266389209 -0.004320694133639336 0.00047925405522348304 0.9999993713725086 0.0010136913426559205 -0.018046395853161812 0.0027827335626801385 -0.0010150211700608125 0.999995613053349 0.8166444301605225
0.9999963102284042 -0.00046369919503294106 -0.0026766607244798324 -0.004229824524372816 0.0004664320987320026 0.9999993705322295 0.001020478437879535 -0.017858397215604782 0.0026761858445779802 -0.0010217231530264932 0.9999958970471449 0.8100866675376892
0.9999966971426387 -0.0005084679850341392 -0.0025193578788251926 -0.004475222434848547 0.0005111696192218965 0.9999992949508674 0.0010718224612013745 -0.018531080335378647 0.0025188111151469446 -0.0010731067403322715 0.9999962520092212 0.8389699459075928
0.9999963868617766 -0.0006035755575008462 -0.0026195342979799287 -0.005619318224489689 0.0006065290616123906 0.99999918117206 0.0011268441360035106 -0.02052917703986168 0.0026188520174544507 -0.0011284288882395061 0.9999959341229117 0.9117749333381653
0.9999954342043658 -0.0007174953045852504 -0.002935433683432428 -0.007050749845802784 0.0007211068179287422 0.999998984236361 0.00122944345264587 -0.022737756371498108 0.002934548581821101 -0.0012315546005010221 0.9999949358361205 0.9883321523666382
0.9999953382288741 -0.0007120881425557964 -0.0029692509151563063 -0.007570366375148296 0.0007157302658165334 0.9999989926558838 0.0012257313753017245 -0.024389993399381638 0.002968375095320556 -0.0012278508439693718 0.9999948405524893 1.0449479818344116
0.9999942411837487 -0.000782591375483658 -0.00330229466849657 -0.008010925725102425 0.000786755010719516 0.9999988970600592 0.0012597202936755882 -0.024648871272802353 0.0033013051800265315 -0.001262311136055201 0.9999937539578455 1.0550868511199951
0.9999946863853013 -0.0005486100543319086 -0.0032134449070731373 -0.00613931380212307 0.0005520333524020349 0.9999992810336006 0.0010645146590990014 -0.022331465035676956 0.0032128585932692582 -0.0010662829314430728 0.9999942702737697 0.9683269262313843
0.9999956541594273 -0.00045738583773086486 -0.002912466386951158 -0.004677475895732641 0.00046025073731261997 0.9999994108675876 0.0009830736172878028 -0.018857983872294426 0.0029120150271728143 -0.0009844098098085831 0.9999952755417439 0.8468106985092163
0.9999964932850165 -0.00047564374212208794 -0.002605221814099052 -0.0042699589394032955 0.0004783581920401494 0.9999993433268073 0.0010414026091881813 -0.01803920418024063 0.0026047247666856357 -0.0010426451864829036 0.9999960641422071 0.8188626766204834
0.9999965556834595 -0.0005236117204640997 -0.0025718576911742124 -0.0046483492478728294 0.0005263815595472008 0.99999928211975 0.0010764211248553328 -0.018794845789670944 0.0025712922181712413 -0.0010777711957826617 0.9999961134252362 0.8496309518814087
0.9999946000831367 -0.0003787094608813985 -0.0032644116945841056 -0.004608033690601587 0.00038212765224801196 0.9999993793578633 0.0010465478229284345 -0.01796424388885498 0.003264013330990848 -0.0010477895936340197 0.9999941241597086 0.8117944002151489
0.9999943821742538 -0.00036265297037372027 -0.003332281914178336 -0.004662367049604654 0.0003656974501351463 0.9999995162857721 0.000913068232411892 -0.018156781792640686 0.003331949175399524 -0.0009142817099528143 0.9999940310840099 0.8133695125579834
0.999994823769631 -0.00041376288727127845 -0.00319080463486952 -0.004075456410646439 0.0004169919852274948 0.9999994015913689 0.0010114022882048818 -0.017113322392106056 0.003190384244733525 -0.0010127275929128095 0.9999943978999051 0.7779816389083862
0.999995908097228 -0.0003609654359774023 -0.002837867642107467 -0.004011127166450024 0.0003638092715809694 0.999999432169258 0.0010016506254536411 -0.017319511622190475 0.0028375044694242645 -0.0010026789693563887 0.9999954715913819 0.7892858982086182
0.9999942632333984 -0.0004932412497186128 -0.0033511510504664883 -0.004117191769182682 0.0004973229454719898 0.9999991354565342 0.0012172740335428213 -0.016340911388397217 0.0033505477434851894 -0.0012189336546369399 0.9999936439950831 0.7495685815811157
0.9999948513317707 -0.0005835054883132832 -0.003155444706325904 -0.005205956287682056 0.0005873681448912064 0.9999990792231951 0.001223336186115791 -0.018559765070676804 0.0031547279774869585 -0.0012251832952670971 0.9999942732922429 0.8363114595413208
0.9999927422933835 -0.0006909929112365507 -0.0037467171437578816 -0.007071933709084988 0.0006963578192286726 0.9999987339760483 0.00143078023754129 -0.02042180672287941 0.003745723741322559 -0.0014333789091375872 0.999991957456937 0.8998080492019653
0.999992604552486 -0.000517799113554233 -0.0038108692464789633 -0.007327642757445574 0.0005227966138156372 0.9999990046344424 0.0013105013640926926 -0.021813033148646355 0.0038101868768263317 -0.0013124839818863905 0.9999918798979125 0.9422433376312256
0.9999932142592795 -0.0006210484952220219 -0.0036312166227768154 -0.007361928001046181 0.0006258896303564727 0.9999989167322723 0.0013322148673665002 -0.02210197225213051 0.003630385319158345 -0.0013344785681316 0.9999925197067155 0.9578181505203247
0.9999915190355221 -0.0006504927410797972 -0.004066782047647251 -0.007522657513618469 0.0006558214314191382 0.9999989280767463 0.0013091003051055735 -0.02223510667681694 0.004065926128123189 -0.0013117562854961455 0.9999908737284398 0.9604926109313965
0.9999931876668307 -0.0006008141022747117 -0.0036419283827858603 -0.007019622251391411 0.0006055814079687635 0.9999989611448181 0.0013080445110068566 -0.021539438515901566 0.0036411387077610723 -0.0013102410842896163 0.9999925126605758 0.9376095533370972
0.9999941708539486 -0.0005401541941045566 -0.003371422781354723 -0.006284246686846018 0.000544323233045624 0.9999990882716606 0.0012357864158629964 -0.02094341814517975 0.0033707521923174834 -0.0012376143560318006 0.999993553149401 0.916875958442688
0.9999940042358788 -0.0006035531732985652 -0.0034098703583277617 -0.00638219341635704 0.0006079474918039405 0.9999989859644547 0.0012878159456305926 -0.02066214010119438 0.0034090896351974035 -0.0012898812463216726 0.9999933571350511 0.9084007740020752
0.9999945125027163 -0.0004458527876169016 -0.0032827092083941747 -0.005550617352128029 0.00044953135103672565 0.9999992718332006 0.0011199351022480875 -0.019782571122050285 0.0032822074918470293 -0.0011214046373127658 0.9999939847647186 0.8709543943405151
0.9999949282371668 -0.0005303237559729527 -0.0031404230060412897 -0.005573269911110401 0.0005339853766720758 0.9999991785367525 0.0011652405062539527 -0.0194416306912899 0.0031398024715773203 -0.0011669115363922525 0.9999943899632164 0.8620136380195618
0.9999946090103109 -0.000649285656127056 -0.0032187541770553538 -0.006454611197113991 0.0006533745251659407 0.9999989808140928 0.0012694378699291784 -0.020925667136907578 0.003217926668746168 -0.0012715340783847702 0.9999940140566054 0.921951174736023
0.9999958940163459 -0.0007979526199256924 -0.00275231213088682 -0.008009101264178753 0.0008016923130485126 0.999998756683505 0.001357910482971849 -0.02465042471885681 0.0027512251606642353 -0.0013601114148920441 0.9999952904174373 1.0576180219650269
0.9999956860593863 -0.0009308032010496021 -0.00278594113686736 -0.008597416803240776 0.0009343145151041038 0.9999987705675324 0.001259333081527471 -0.02651439979672432 0.0027847655204774 -0.0012619305940817453 0.999995326295164 1.1239193677902222
0.9999938378642116 -0.0007794599396189029 -0.0034229630157848944 -0.008128871209919453 0.0007834889586488797 0.9999990017335835 0.0011758728197601564 -0.025089681148529053 0.003422043052998781 -0.0011785474276009022 0.9999934503022029 1.0680363178253174
0.9999950538621781 -0.0008090718326504651 -0.0030393509092478768 -0.008130969479680061 0.0008131592741773807 0.9999987664250773 0.0013438453478241334 -0.02485831081867218 0.0030382598925624504 -0.0013463101773591659 0.9999944781976209 1.0641405582427979
0.9999921352932615 -0.0007904478986323191 -0.0038864564506349195 -0.008987199515104294 0.000795182915084362 0.9999989433658069 0.0012169434666165324 -0.025747209787368774 0.0038854904136662034 -0.0012200243394828146 0.9999917072180429 1.0870335102081299
0.9999930182730962 -0.0008225734580472179 -0.00364510328651157 -0.00887159164994955 0.0008273388867563177 0.9999988048896656 0.0013060358367874966 -0.025888608768582344 0.0036440246197963627 -0.0013090424540971317 0.9999925037181148 1.0938549041748047
0.9999946684706011 -0.0008368402499913652 -0.0031563790597054593 -0.009428706020116806 0.0008408288067451363 0.9999988495064467 0.0012625342375554495 -0.027223005890846252 0.00315531888884472 -0.0012651814807554524 0.9999942216225705 1.144370436668396
0.9999904717906032 -0.0008652565561815803 -0.004278745037812132 -0.009290198795497417 0.0008702971584174337 0.9999989294092088 0.001176334685407056 -0.027155663818120956 0.004277722625728285 -0.0011800472566918536 0.9999901542403351 1.1330516338348389
0.9999951960034447 -0.0007467518120981397 -0.0030083769317380896 -0.0076755136251449585 0.000750645781862137 0.999998881752542 0.0012934545124684525 -0.024314207956194878 0.0030074076781271804 -0.0012957065241714907 0.9999946383074566 1.0421990156173706
