0.9999880222617482 -0.0008861193012968113 0.004813535667393267 0.0029570376500487328 0.0008882860080112099 0.9999995051179895 -0.00044800864283846937 -0.016842825338244438 -0.0048131362961554925 0.00045227907309061926 0.9999883145130422 0.7681704759597778
0.9999915640200663 -0.0009608946361248488 0.003993566100611651 0.0030013371724635363 0.0009631495489894486 0.9999993778266142 -0.0005627515710974232 -0.019505251199007034 -0.00399302287095497 0.0005665932251251255 0.9999918673371645 0.6217526793479919
0.9999871171953827 -0.0011309182173117785 0.004948380265700003 0.0029711562674492598 0.0011323734531464423 0.9999993164396006 -0.0002912914251179777 -0.018139967694878578 -0.004948047456403999 0.00029689108691641366 0.9999877142655563 0.7085527181625366
0.9999867431528993 -0.0011506496994795395 0.005018916588935213 0.0012047563213855028 0.0011530016636078404 0.9999992268309901 -0.0004657516351998547 -0.017310896888375282 -0.005018376791485368 0.00047153227997819117 0.9999872966951568 0.8752676248550415
0.9999866301321443 -0.0012718421034555126 0.005012182620553851 0.0007623620331287384 0.0012742930089478268 0.9999990700745428 -0.0004858264883523534 -0.017376670613884926 -0.005011560065014776 0.000492206982189345 0.9999873209186211 0.8913465142250061
0.9999864382581404 -0.001222714015700481 0.005062437183204244 0.0008418071083724499 0.001225186965956136 0.9999991316429268 -0.00048541764563719104 -0.01735469326376915 -0.00506183926024232 0.0004916134945812204 0.9999870679661188 0.8968601226806641
0.999984496646627 -0.0012455847853477947 0.005427244690870817 -0.00011491402983665466 0.001248962329815733 0.9999990284739013 -0.0006189865526733548 -0.017852433025836945 -0.00542646841792861 0.0006257553804796855 0.9999850808240657 0.9609102010726929
0.999984412553713 -0.0012265831483991953 0.005447030694402111 -5.361391231417656e-05 0.0012299392821648635 0.9999990558420835 -0.0006128330146535835 -0.017857296392321587 -0.0054462738608964025 0.0006195229791740876 0.9999849770333105 0.9620766639709473
0.9999833352217176 -0.001261993230214734 0.005633529261174987 -0.00016207806766033173 0.001265598809595582 0.9999989965616822 -0.0006365023812634899 -0.018023304641246796 -0.005632720346579694 0.0006436215620191949 0.999983928977252 0.9685354232788086
0.999984056196819 -0.0012595438603204515 0.00550462545694378 6.993766874074936e-06 0.001262649094663533 0.999999045680046 -0.0005606748263635513 -0.017969917505979538 -0.0055039140092346854 0.000567616297424143 0.9999846922539954 0.9642566442489624
0.9999833095445831 -0.0011591566029831519 0.005660122634030499 -0.0002547232434153557 0.0011630325458935925 0.999999091430709 -0.0006815372724408796 -0.01795780286192894 -0.0056593274829873615 0.0006881088041105455 0.9999837491273116 0.9720770716667175
0.9999848600076258 -0.0012576275709969154 0.00535706341405516 0.000424450496211648 0.001260489078792163 0.9999990647018493 -0.0005308132529265077 -0.017735861241817474 -0.005356390838221724 0.0005375577363457197 0.9999855099494537 0.9289606809616089
0.9999811041772537 -0.0013496164379047768 0.005997484798731191 -0.0011734310537576675 0.001354471358244581 0.9999987582839698 -0.0008055047226616633 -0.01900324411690235 -0.005996390229143661 0.0008136129233685913 0.9999816905014965 1.0204708576202393
0.9999810926129375 -0.001192795499998255 0.006032549670800747 -0.0012879902496933937 0.0011978348408386093 0.9999989366377385 -0.0008318143340601757 -0.01881299912929535 -0.006031551071620585 0.0008390246047993723 0.9999814580427894 1.0294240713119507
0.9999835532795855 -0.0011988171161952887 0.005608565579186914 -0.0007023504003882408 0.0012028729733089129 0.9999990174653415 -0.0007198367604875579 -0.018281901255249977 -0.0056076971159475094 0.0007265713134878488 0.9999840127857955 0.9930344223976135
0.9999824942352192 -0.001236739185813943 0.005786337295360029 -0.0007368922233581543 0.0012410711499475885 0.9999989522663797 -0.0007451231732896784 -0.01826600730419159 -0.005785409709793242 0.0007522913856198113 0.999982981401264 0.9979808330535889
0.9999824110669079 -0.0012785413906520504 0.005791622287893432 -0.0004482632502913475 0.0012824047042259644 0.9999989576770258 -0.0006633875459162429 -0.01826435513794422 -0.005790768082716968 0.0006708030813041782 0.9999830083697612 0.9912506341934204
0.9999830226176135 -0.0012323053376444581 0.005695252417223091 -0.0005180439911782742 0.0012361522318647888 0.9999990101810474 -0.0006719855539338925 -0.01813274249434471 -0.0056944186885693766 0.0006790143443647689 0.9999835561324592 0.9917129278182983
0.9999830003958472 -0.0012737063327647427 0.005690043189396331 -0.0007683909498155117 0.00127767058123157 0.9999989435717633 -0.0006931184915069556 -0.018391596153378487 -0.005689154348862049 0.0007003767095559978 0.9999835713626798 0.9968862533569336
0.9999780583095826 -0.0010985306985900616 0.006532696969918321 -0.0015753880143165588 0.0011047748088799537 0.9999989363052662 -0.0009522924747650938 -0.019002456218004227 -0.0065316438986053925 0.000959488738904838 0.9999782082672308 1.0612361431121826
0.9999787164947934 -0.0011484388379412807 0.006422433001680085 -0.0016751019284129143 0.0011544234246005614 0.9999989028787929 -0.0009281959745406752 -0.019168060272932053 -0.006421359979186254 0.0009355904263768855 0.9999789451816332 1.059779167175293
0.9999782884028308 -0.0013449764126299008 0.00645087291725927 -0.0018550204113125801 0.0013507764724793889 0.9999986873314638 -0.0008948398018547683 -0.01960437372326851 -0.006449660910974783 0.0009035340608170477 0.9999787925252888 1.065138578414917
0.9999661005495215 -0.0015193848131136783 0.008092541107343448 -0.004103492014110088 0.0015294444208111577 0.9999980652788714 -0.001237028002105896 -0.02231147512793541 -0.008090645928973388 0.0012493631593832096 0.9999664897086042 1.2041804790496826
0.9999208961796484 -0.0019792044954292072 0.012421116409326319 -0.010641224682331085 0.002008185294596377 0.9999952897175961 -0.0023211493798458898 -0.029428087174892426 -0.012416463873073106 0.002345909671378016 0.9999201608792085 1.5991977453231812
0.9999497091196159 -0.000450967102684955 0.010018775387631284 -0.006337243132293224 0.0004675048088790696 0.9999985321224751 -0.0016483907754390075 -0.022820986807346344 -0.010018017311283973 0.0016529917020884908 0.9999484521452011 1.4184558391571045
0.9999830082038359 -0.0011579812809215859 0.005713351289758819 -0.00046514952555298805 0.0011617333157038646 0.9999991116965447 -0.0006534384629991402 -0.018254505470395088 -0.005712589545060739 0.0006600647504436037 0.9999834651809073 0.9893725514411926
0.9999839951301297 -0.0011968473906430511 0.005529650975290638 -0.0003317934460937977 0.0012005834107585735 0.9999990532626406 -0.0006723639613090489 -0.01787237636744976 -0.005528841023110819 0.0006789920074395616 0.999984485323045 0.9745916724205017
0.9999850824123433 -0.001171433093327795 0.0053350442628977614 0.00041025271639227867 0.001174533945758947 0.9999991431190223 -0.0005781273490539981 -0.017787868157029152 -0.005334362453890977 0.0005843849153774918 0.9999856014320814 0.9343870878219604
0.9999834522435846 -0.0012731700805497321 0.005610194020561397 -0.0006602732464671135 0.0012770019525278895 0.999998953778918 -0.0006794903107295329 -0.01825132966041565 -0.005609323044324495 0.0006866432954077016 0.9999840318804941 0.9852141737937927
0.999983698870138 -0.0011966317973174311 0.0055830158820276326 -0.0005567199550569057 0.0012003701737024507 0.9999990575806275 -0.0006662952072011721 -0.01807093806564808 -0.0055822133104539715 0.000672986031580566 0.9999841928672463 0.9896034002304077
0.999984296530523 -0.0012388019037775358 0.005465534026841737 -0.00040899915620684624 0.0012423366165983754 0.9999990213303661 -0.0006433801685685084 -0.017927901819348335 -0.005464731657311876 0.0006501600983184789 0.9999848568852233 0.9796919822692871
0.9999839598205548 -0.0012569123205729892 0.005522705226750202 -0.0009190659038722515 0.0012609838207073276 0.9999989357214274 -0.0007338091145618063 -0.01804611086845398 -0.005521777015336324 0.0007407613860693981 0.9999844805051537 1.000180721282959
0.9999852198237896 -0.0011751223912557717 0.005308410433751287 -0.00027877604588866234 0.0011785870116504487 0.9999990944854634 -0.0006495851826845987 -0.017616556957364082 -0.005307642284815271 0.0006558320052908638 0.999985699306624 0.967863142490387
0.9999847846248855 -0.0012771929577056432 0.00536649763537693 0.00031739799305796623 0.0012802633669783084 0.9999990187254356 -0.0005687476394537128 -0.017979132011532784 -0.005365765968889478 0.0005756095160765817 0.9999854385086077 0.9205105304718018
0.9999832146518173 -0.0012309221544882759 0.005661735181653722 -0.000735945999622345 0.0012349273328356055 0.9999989896896566 -0.0007039702754674162 -0.018247343599796295 -0.005660862928935932 0.0007109502906083333 0.9999837244578454 0.9990319013595581
0.9999825344439044 -0.0012859196569996731 0.0057686408954826995 -0.0010581663809716702 0.001290298193925377 0.9999988822753373 -0.0007553665643747748 -0.01854829490184784 -0.005767663107017131 0.0007627966384065175 0.9999830759585745 1.0089643001556396
0.9999820058093807 -0.0012546327171558532 0.005866340783921659 -0.0009830687195062637 0.0012591197530375771 0.9999989175592794 -0.0007612474745172192 -0.018616443499922752 -0.005865379347968131 0.0007686202020441399 0.9999825031209746 1.0101319551467896
0.9999829262199643 -0.0011947456526821235 0.005720126867722135 -0.0005089105106890202 0.0011986871215773334 0.9999990464997571 -0.0006856739467382827 -0.01825360767543316 -0.005719302207612755 0.0006925188821022669 0.9999834048622287 0.9892982244491577
0.9999855335103949 -0.0009801613692889568 0.005288861278323025 0.002019774867221713 0.0009824801545578131 0.9999994223845676 -0.000435847768534607 -0.017361078411340714 -0.005288431022249521 0.00044103766459355567 0.9999859188924121 0.8391821384429932
0.9999859454183472 -0.0009847256508820808 0.00520953751947651 0.0023061346728354692 0.000986974042874869 0.9999994209040519 -0.00042903822609814755 -0.017371557652950287 -0.005209112017707992 0.0004341738744524727 0.9999863382291948 0.8243314623832703
0.9999867227069026 -0.0009301699926606834 0.005068450817822581 0.003232867456972599 0.0009319269621826173 0.9999995064855515 -0.0003442975318427585 -0.017309507355093956 -0.0050681280612362035 0.000349016386477141 0.9999870960495023 0.7548584938049316
0.9999842048962174 -0.0013010421963503226 0.005467837532605641 0.0008603923488408327 0.0013038015810028648 0.99999902448802 -0.0005011231839219889 -0.018206536769866943 -0.005467180216256772 0.000508244243848969 0.9999849257005184 0.8822065591812134
0.9999864679978341 -0.000995811750131111 0.005106092456585973 0.001691797049716115 0.0009980305825054345 0.9999994086482001 -0.000432016442347184 -0.01708751730620861 -0.0051056592300394695 0.00043710663272852353 0.9999868705046174 0.8671467304229736
0.9999878262475176 -0.001207188883573642 0.0047843548952968395 0.0018125546630471945 0.0012092624524688525 0.9999991761607347 -0.0004305370751353714 -0.01694834977388382 -0.004783831214186348 0.00043631737461775216 0.9999884622264713 0.8253512382507324
0.9999864671202119 -0.001192465258234828 0.005063951327280862 0.0008495429065078497 0.0011948303486028742 0.9999991785210771 -0.000464044834907419 -0.017382202669978142 -0.00506339381000769 0.00047008911777413493 0.9999870704460863 0.8993297815322876
0.9999841726935546 -0.0011305172692727902 0.005511469231622456 0.000627126544713974 0.0011334536944710555 0.9999992173552746 -0.0005296900608514535 -0.017600879073143005 -0.005510866094338978 0.0005359286724470853 0.9999846714501919 0.9231638312339783
0.9999857810955649 -0.001183970296425937 0.005199598160478234 0.0007228758186101913 0.001186761573341117 0.999999153341341 -0.000533772956837369 -0.017322055995464325 -0.005198961786867496 0.0005399360504643764 0.9999863395393961 0.917477011680603
0.9999880914431918 -0.0009563325357552502 0.004785645189873082 0.0033737351186573505 0.0009578143848101328 0.999999494059895 -0.0003073622586909846 -0.016830438748002052 -0.004785348828095004 0.00031194235825352423 0.9999885014981713 0.7334960699081421
0.999989085160971 -0.0010107089696295014 0.004561581557223758 0.003276474541053176 0.001012228049995505 0.9999994330092495 -0.0003307197522371394 -0.016873830929398537 -0.004561244709429187 0.00033533350328884403 0.9999895412443784 0.7260390520095825
0.9999794883991469 -0.0016816077230676595 0.006180208446855447 -0.0007988768629729748 0.0016864566644888687 0.9999982741481916 -0.0007794642757449473 -0.019724193960428238 -0.0061788870275855745 0.0007898709414079736 0.99998059854129 0.9487087726593018
0.9999865994368127 -0.0011020682216627377 0.005058299361849069 0.0008853897452354431 0.0011047810256527163 0.9999992473941954 -0.000533544682098477 -0.017406761646270752 -0.0050577075523046315 0.0005391258454562934 0.9999870643851538 0.9082868099212646
0.9999696671938363 -0.0022264730987359804 0.0074637463641999595 -0.004193604923784733 0.002236724570119832 0.9999965663175531 -0.0013654363044147066 -0.0210577305406332 -0.007460680628865262 0.0013820892317779044 0.9999712136226271 1.1634278297424316
0.999978839287957 -0.0008803096172438462 0.006445621094024004 -0.00311095267534256 0.0008885979391913561 0.999998781980626 -0.0012831332614685735 -0.018397482112050056 -0.006444483688582359 0.0012888336750760728 0.999978403535669 1.1561205387115479
0.9999863219709426 -0.0016729534061515209 0.004955511873341597 0.00021674111485481262 0.0016774995604247889 0.9999981758652394 -0.0009133791208022734 -0.018122389912605286 -0.00495397479310888 0.0009216794965653292 0.9999873042397361 0.8765782117843628
0.9999881190183997 -0.001591480618819999 0.004607495141918668 0.0015181500930339098 0.001595110793049826 0.9999984202329274 -0.0007843170324033606 -0.01715167798101902 -0.004606239637793475 0.0007916571791769289 0.9999890778580083 0.8363286256790161
0.9999896155580069 -0.000999121134540564 0.004446406763685566 0.0037157780025154352 0.001000512458970385 0.9999994512211056 -0.00031069648735286386 -0.016485536471009254 -0.004446093900164436 0.0003151419463079311 0.9999900664179543 0.7139078378677368
0.9999970763308225 -0.0010226996814716714 0.0021912131728024946 0.0033037893008440733 0.001023928649832381 0.9999993190891527 -0.0005598136751861455 -0.019728349521756172 -0.0021906391595143803 0.0005620556844216808 0.99999744259347 0.5002279281616211
0.9999988787474027 -0.0013101303265085496 0.0007253016374234602 0.0031616617925465107 0.0013104446936136767 0.9999990475686825 -0.00043312403909621054 -0.021066630259156227 -0.0007247334976847061 0.00043407402113678753 0.9999996431704873 0.42527055740356445
0.9999983368133087 -0.0008229554784169777 0.0016276101796206394 0.0018887410406023264 0.0008227081754589366 0.9999996499312622 0.0001526060646792895 -0.01726839318871498 -0.0016277351978421658 -0.00015126676266567963 0.9999986637973534 0.5157259702682495
0.9999974519082689 -0.0011959963631436859 0.0019146199801919036 0.0028401105664670467 0.0011958263042134369 0.9999992809527456 8.996355895552681e-05 -0.015866324305534363 -0.00191472619957899 -8.767377678524005e-05 0.9999981630667576 0.5683751106262207
0.9999910624052594 -0.0015975859309683314 0.0039144385029984555 0.002850004006177187 0.0015989686794970954 0.9999986603500045 -0.0003501390556114291 -0.017704065889120102 -0.003913873881791805 0.00035639499077455924 0.9999922772571036 0.6981898546218872
0.9999883175243531 -0.0007620409309843035 0.004773270203201952 0.0042795748449862 0.0007647089264595325 0.9999995524048418 -0.0005571448408401073 -0.018266532570123672 -0.004772843499536114 0.0005607884943418643 0.9999884526739263 0.6303606033325195
0.9999987684876488 -0.0013830716122497425 0.000741711602431754 0.0035464877728372812 0.0013834940111150439 0.999998880930718 -0.0005692816816005418 -0.019975867122411728 -0.0007409234150718881 0.0005703071340830585 0.9999995628910374 0.39944007992744446
0.999998761146941 -0.0015632745640596535 0.00018405765574755633 0.0038144290447235107 0.0015633888554606214 0.9999985841805185 -0.0006224566211015191 -0.02050577849149704 -0.00018308432455214308 0.0006227436036569879 0.9999997893352448 0.3546851873397827
0.9999992106163036 -0.0012528708139881502 -9.52968694273407e-05 0.0030269650742411613 0.0012528335132224626 0.9999991389686642 -0.0003904742226071904 -0.021071314811706543 9.578600113086918e-05 0.00039035452326148144 0.9999999192241908 0.3690321445465088
0.9999983976863943 -0.0016894216059550578 0.0005920129060334215 0.0037966598756611347 0.001689857289828808 0.9999983011866688 -0.0007362106466389346 -0.020650126039981842 -0.0005907681301410385 0.0007372098843235323 0.9999995537572017 0.3775671720504761
0.9999988684489742 -0.0014574166509553523 -0.0003728772942535137 0.0034177545458078384 0.0014572314819023115 0.9999988150380607 -0.0004963858202421402 -0.021072296425700188 0.000373600293367831 0.0004958418900241833 0.9999998072818018 0.3457428812980652
0.9999991260734158 -0.001321996438688717 -1.3334949651686977e-05 0.0029626155737787485 0.001321990605832395 0.9999990344382369 -0.00042832631496149436 -0.020690206438302994 1.3901182638945239e-05 0.0004283083119575722 0.9999999081793693 0.3842550218105316
0.9999991418012534 -0.001308191124040564 -7.09418039745103e-05 0.003096831263974309 0.0013081561541170936 0.9999990239384514 -0.0004907643228309581 -0.020240746438503265 7.15837482620665e-05 0.000490671098700178 0.9999998770588122 0.37125861644744873
0.9999991690757881 -0.0012279339976053066 0.00039246124720813095 0.003117505693808198 0.0012281129471838773 0.9999991418771067 -0.00045605223276498294 -0.019900020211935043 -0.0003919009083868541 0.00045653384055910514 0.9999998189952487 0.393675297498703
0.9999988108425674 -0.001335202255625642 0.0007717178162642005 0.003263693768531084 0.0013356379212087523 0.9999989488175256 -0.0005643006178965674 -0.019526895135641098 -0.0007709635495900905 0.0005653306824341683 0.999999543008108 0.4057202935218811
0.9999993959873228 -0.0009192837902562063 0.0006024469295244379 0.0010749446228146553 0.0009191733137689142 0.9999995606999698 0.00018363084415853274 -0.014929842203855515 -0.0006026154737279095 -0.00018307698010259403 0.9999998016686855 0.46668487787246704
0.9999988181225716 -0.0015365123788610665 5.369515148241372e-05 0.0018348521552979946 0.0015365937042790111 0.9999976199518649 -0.0015488609987059096 -0.0159202441573143 -5.131517958772182e-05 0.001548941675773774 0.9999987990724974 0.4713062345981598
0.9999985262718325 -0.0015158280679639655 -0.0008060517547760486 0.0033475677482783794 0.0015153808540846673 0.9999986977183203 -0.0005551419012159843 -0.020700424909591675 0.0008068922047451816 0.0005539196076911387 0.9999995210489043 0.3148004412651062
0.9999991649710892 -0.0012248305693446603 -0.00041212522464124777 0.0028994556050747633 0.0012246439164428902 0.9999991475861164 -0.00045285132067801473 -0.019685035571455956 0.000412679539480919 0.0004523462358849001 0.9999998125392228 0.3501838743686676
0.9999992942095128 -0.001057336570977727 0.0005418670056939115 0.0027507529594004154 0.0010575623586567718 0.9999993540164024 -0.0004165676841410422 -0.01902410201728344 -0.0005414262034099839 0.0004171404482801535 0.9999997664257291 0.41275519132614136
0.9999988814223525 -0.0008750781693415016 0.0012130095799842693 0.002617074642330408 0.0008755337677581777 0.9999995463652127 -0.0003751133029624628 -0.018990885466337204 -0.0012126807762584747 0.0003761749142169972 0.9999991939485594 0.46517467498779297
0.9999976727892789 -0.0008637934538029776 0.001976936239609062 0.002834036946296692 0.0008644882454870829 0.9999995648623379 -0.0003506211748099305 -0.018872497603297234 -0.0019766325150940836 0.0003523293969817929 0.9999979843919168 0.5014474987983704
0.9999988430252009 -0.0009349034753846825 0.0011999598956717965 0.002315570367500186 0.0009355469210633124 0.9999994188492418 -0.0005357734009290337 -0.018661439418792725 -0.0011994583018996462 0.000536895399838506 0.999999136521183 0.47616875171661377
0.9999987627476807 -0.0012461661894034638 0.000959985904078777 0.0030344929546117783 0.0012466274008549154 0.9999991077658152 -0.0004799871841084627 -0.019965961575508118 -0.0009593869037463535 0.0004811833349756651 0.9999994240195176 0.4346058964729309
0.9999991764367956 -0.0011229039269449153 0.000621459975914856 0.002660848665982485 0.0011231589120080214 0.9999992851644316 -0.00041010326054370324 -0.019772998988628387 -0.0006209990251114433 0.00041080092110815287 0.9999997228013687 0.42686599493026733
0.9999990779689167 -0.0009647128194203159 0.0009557146500598711 0.002601178362965584 0.0009650962907480726 0.999999453949852 -0.00040086050844982804 -0.019201571121811867 -0.0009553274129204442 0.00040178249550776557 0.999999462960036 0.449951708316803
0.9999989299086206 -0.0009680842239541312 0.0010968110817176832 0.002663085702806711 0.0009685476020645453 0.9999994419049644 -0.00042202523906776285 -0.01922140270471573 -0.0010964019136168116 0.00042308710120530813 0.9999993094498358 0.45761939883232117
0.9999990716490308 -0.0008862622668296285 0.00103500737728312 0.0025368891656398773 0.0008866077156933517 0.9999995514009925 -0.000333353524368 -0.019318221136927605 -0.0010347114743296758 0.0003342708604254314 0.9999994088174037 0.46104687452316284
0.9999979541452536 -0.0008261307934740098 0.0018464054862189 0.0027216626331210136 0.0008267459579722337 0.9999996029905389 -0.0003324302719008085 -0.01885581575334072 -0.0018461301222941527 0.00033395610006926803 0.999998240136899 0.5001586675643921
0.9999946621814517 -0.0008592757280148119 0.0031523410075208896 0.0034678936935961246 0.0008602138598606333 0.9999995861325516 -0.00029625468956233364 -0.017532099038362503 -0.003152085138405508 0.0002989647956342331 0.999994987477103 0.5630004405975342
0.9999932090238272 -0.001083817990666537 0.0035223919134389045 0.0031926087103784084 0.0010848760666992362 0.9999993669739596 -0.0002984888609866157 -0.01694108545780182 -0.0035220661760755477 0.0003023081926402976 0.9999937518102843 0.6520413160324097
0.9999969159871798 -0.0010631496146187504 0.0022444885890450833 0.0031284287106245756 0.0010647082212947967 0.9999991928415553 -0.0006933344370859424 -0.01911853440105915 -0.0022437496591475744 0.0006957220242870083 0.9999972407753593 0.5076276063919067
0.9999985373364972 -0.0009315901983460048 0.0014343864778972627 0.0015113330446183681 0.0009313902634141129 0.9999995564491637 0.00014004875110077076 -0.015318877063691616 -0.0014345163097177573 -0.00013871257265708758 0.9999989614603502 0.49921998381614685
0.9999987286889717 -0.001171619550804694 0.0010816321318416282 0.002191518899053335 0.0011727634490626836 0.9999987531177817 -0.0010575390179284187 -0.017044369131326675 -0.0010803917497846124 0.0010588061720969578 0.999998855840924 0.5003678202629089
0.9999971099140619 -0.0010217634343462614 0.0021762727328648174 0.0013666690792888403 0.0010212262629617727 0.9999994478141988 0.00024792784688348386 -0.01567859575152397 -0.002176524854766216 -0.0002457046634805308 0.9999976011815103 0.538307249546051
0.9999923989690568 -0.0021016601086978025 0.003284056774541416 0.002906015608459711 0.0021069622541263246 0.9999964812604044 -0.0016118861217350956 -0.015263811685144901 -0.0032806575820389944 0.001618793253403174 0.9999933083747272 0.7118978500366211
0.9999885306821984 -0.0011819387171461773 0.004641284835777966 0.002231272403150797 0.0011841378909700935 0.9999991879364187 -0.0004711092847945323 -0.017088191583752632 -0.004640724244455875 0.0004765998027292553 0.9999891182063507 0.684349775314331
0.9999947370565008 -0.0013927889231299159 0.0029301874198784943 0.002862134948372841 0.0013951282365494654 0.9999987096359305 -0.0007964569526906627 -0.015575136058032513 -0.002929074342448474 0.0008005407481905756 0.9999953898183765 0.6626220345497131
0.9999931493614954 -0.0011813586517838194 0.0035079369740580787 0.002138847252354026 0.0011826102468387733 0.9999992377971618 -0.0003547366625401116 -0.01623491756618023 -0.0035075152290731633 0.0003588827545782578 0.9999937842507255 0.7267434000968933
0.99999223987543 -0.001161438281431955 0.0037644720797636957 0.0024386923760175705 0.0011625167775050408 0.9999992838587991 -0.00028431783506551437 -0.01609564758837223 -0.0037641391662524 0.00028869189067487136 0.9999928739312745 0.7454699277877808
0.9999919503069878 -0.001178303112314617 0.0038354821081925702 0.002323044231161475 0.001179387899368655 0.9999992651592796 -0.0002805799057998737 -0.016027970239520073 -0.0038351486815478776 0.00028510116840441396 0.9999926051486152 0.7552437782287598
0.9999913829154875 -0.0012211283774724772 0.003967737422799815 0.0022380820009857416 0.0012221848830880732 0.9999992183206152 -0.0002638603225181644 -0.01575484685599804 -0.003967412113973752 0.0002687073575096746 0.999992093687482 0.7915493249893188
0.9999909211320586 -0.0012473710220621491 0.00407452070681869 0.001995958387851715 0.001248783387164355 0.999999161064613 -0.0003441077189989963 -0.015804724767804146 -0.0040740880585619366 0.0003491927886597902 0.9999916399004981 0.8252919316291809
0.999990568342519 -0.0012604387330728598 0.004156262769118109 0.0014486699365079403 0.0012620236039758226 0.9999991319332115 -0.0003787205383874762 -0.016112998127937317 -0.004155781807168841 0.0003839622681440301 0.9999912909873504 0.847533106803894
0.999990420554374 -0.0011848444796743024 0.004213661477243699 0.0014009606093168259 0.0011864889445084748 0.9999992209305741 -0.00038779147607746154 -0.016094816848635674 -0.004213198721919178 0.00039278722400875324 0.9999910472972875 0.8519794344902039
0.9999903497312289 -0.0011944519258055618 0.004227733318419728 0.0016218849923461676 0.0011961058226328508 0.9999992091232214 -0.0003886949873952101 -0.016035303473472595 -0.004227265697327375 0.00039374805282281245 0.9999909875529857 0.8430494666099548
0.9999909599171215 -0.0012381195686867268 0.00406781808431353 0.0016196239739656448 0.001239576555636395 0.9999991684732088 -0.0003556723959811259 -0.01590355671942234 -0.0040673743368603065 0.00036071155260309755 0.9999916631418381 0.8406175374984741
0.9999906418801193 -0.0011447624306682785 0.004172010446304344 0.0015786576550453901 0.001146533950931082 0.9999992535807306 -0.00042225333710295225 -0.016732266172766685 -0.004171523952478815 0.00042703273722593073 0.9999912079768277 0.7747260928153992
0.9999929856654408 -0.0012701827996384819 0.003523528852303181 0.0017951158806681633 0.0012725080240038329 0.9999989740434916 -0.0006577501754063505 -0.01547943614423275 -0.0035226897743565614 0.0006622292804639287 0.9999935760339332 0.7629573941230774
0.9999929679894539 -0.0015235236615269386 0.003426783812257546 0.001993324374780059 0.0015265536470114394 0.9999984460609708 -0.0008817650518912186 -0.014729727059602737 -0.003425435097323971 0.0008869900206361959 0.9999937398019537 0.7701568603515625
0.999990167784521 -0.0010881499756905406 0.004298867748118341 0.0013682122807949781 0.0010901937263041745 0.9999992938261395 -0.00047310132254300275 -0.016932133585214615 -0.004298349907177684 0.0004777832695580661 0.9999906479118806 0.7903982996940613
0.9999934577327141 -0.0013247824638436434 0.003365923824738763 0.002389194443821907 0.0013267315100744719 0.9999989534927376 -0.0005768855429439965 -0.0151733523234725 -0.0033651560544240987 0.0005813474460033725 0.999994168862937 0.7445273995399475
0.9999904855930555 -0.0011818465687584913 0.004199042992522465 0.0015572092961519957 0.0011830538504968818 0.999999259567242 -0.00028504132076414873 -0.01610719785094261 -0.004198703008306583 0.00029000630274573266 0.9999911433554761 0.8312225937843323
0.9999899826608785 -0.0011491789514112534 0.004325964127677001 0.00149044138379395 0.0011511417890979602 0.999999235612973 -0.0004512715937750915 -0.01664881408214569 -0.004325442229149205 0.0004562468713200084 0.9999905411494225 0.7906324863433838
0.9999917218936056 -0.001530926334608778 0.0037699348561604246 0.0022608041763305664 0.0015334971294056277 0.9999985935875448 -0.000679124058108875 -0.01508801057934761 -0.0037688898651720626 0.0006848996205276352 0.9999926631639324 0.8031038045883179
0.9999909996141207 -0.0012286499146133072 0.004060924788577777 0.0023929080925881863 0.001229821762443365 0.9999992028473799 -0.0002860822205817512 -0.01629841886460781 -0.004060570056505053 0.0002910738594120115 0.999991713489079 0.7673147916793823
0.9999909064073473 -0.0012354594269583681 0.004081757295146056 0.0018494164105504751 0.0012368771951185964 0.9999991756109479 -0.0003448365251295187 -0.01596408151090145 -0.004081327898654297 0.00034988202184100246 0.9999916101373825 0.818435788154602
0.9999895819180165 -0.001220676105739605 0.004398409402879178 0.0022574113681912422 0.0012222296251174214 0.9999991916415332 -0.000350529632879378 -0.01674771122634411 -0.004397977964240488 0.000355901847308519 0.9999902655144703 0.7868669033050537
0.9999896268726638 -0.0010147709512495886 0.004440313838853086 0.002588693518191576 0.001016270162460552 0.9999994273530645 -0.00033539305343794674 -0.01636744663119316 -0.004439970948993093 0.0003399021328294827 0.9999900855131078 0.7684813737869263
0.9999931099523156 -0.0008566421811605023 0.0036119540513478454 0.0031904890201985836 0.0008582411012130289 0.9999995344053073 -0.00044114779861966527 -0.01807379722595215 -0.003611574463828786 0.0004442446865128566 0.99999337956636 0.6209443807601929
0.9999923630752738 -0.0008958226496500669 0.0038041152598017945 0.0031800614669919014 0.0008971116577069903 0.9999995407592109 -0.0003371528445986049 -0.018636463209986687 -0.0038038114836423157 0.00034056298593453875 0.9999927074909344 0.6084505915641785
0.9999943994116779 -0.0008957138689191053 0.003224723545206385 0.0030421894043684006 0.0008969609169546691 0.9999995235065388 -0.0003852892538262427 -0.019262008368968964 -0.003224376899718503 0.00038817954696778064 0.9999947263412183 0.5663682818412781
0.9999912721258188 -0.0009810867667577438 0.004061174822953235 0.003114118240773678 0.0009825163432066392 0.9999994560700151 -0.00035003044053826037 -0.01805313676595688 -0.0040608292037253 0.0003540175561527867 0.9999916921343637 0.6490464210510254
0.9999907165408733 -0.0010609308953083926 0.004176273183824538 0.0030443540308624506 0.0010624232149638632 0.9999993725693919 -0.00035513058849704975 -0.017960814759135246 -0.00417589379448971 0.0003595642612392731 0.9999912162737027 0.668671727180481
0.9999933469168714 -0.001007824176984344 0.003505768449609458 0.0029690878000110388 0.0010091489321264859 0.9999994200720559 -0.00037613027636130246 -0.018903009593486786 -0.003505387343330156 0.0003796656164225127 0.9999937840374774 0.6028578281402588
0.9999911963677075 -0.0010913334261674734 0.004051688343598076 0.0029416698962450027 0.0010927834052963964 0.9999993396600767 -0.0003556737820063053 -0.017740372568368912 -0.004051297509419392 0.0003600982685704293 0.9999917286246556 0.6824209690093994
0.9999904097354585 -0.0011776148918883765 0.004218253225715287 0.0029658416751772165 0.001179261557447648 0.9999992294372999 -0.0003879007417353684 -0.017670156434178352 -0.00421779317759665 0.00039287144553330484 0.9999910278961198 0.7038476467132568
0.9999888695705332 -0.0012317400599961776 0.004554508916660579 0.0012495522387325764 0.0012336162741609698 0.9999991553890486 -0.00040916021048736787 -0.01701369509100914 -0.0045540010908502555 0.0004147741726789081 0.9999895444635661 0.8471521139144897
0.999989198758782 -0.0012523915431123553 0.004475922384450741 0.0007280693389475346 0.0012547678412067683 0.9999990733134205 -0.0005281382060901733 -0.01657506823539734 -0.0044752568008506344 0.0005337487450097592 0.9999898435428449 0.8892207145690918
0.9999891940204252 -0.0012403947002799555 0.00448031956097027 0.0006162803620100021 0.001242628534606607 0.9999991050086628 -0.0004958388838937192 -0.016783026978373528 -0.0044797005151992995 0.0005014008987994851 0.9999898403886078 0.8883881568908691
0.9999895077614533 -0.00127000982793348 0.004401300040090448 0.0007032037246972322 0.0012722211267432856 0.9999990658981264 -0.0004996561608589142 -0.016604643315076828 -0.004400661360592956 0.0005052503452434223 0.999990189402715 0.8853588104248047
0.9999886816725863 -0.0013041921323184262 0.00457554473316941 0.0003165134694427252 0.0013067058811947253 0.9999989969602369 -0.0005464414520406013 -0.016867199912667274 -0.0045748274790735795 0.0005524141584498366 0.9999893828397052 0.9044055938720703
0.9999872521688526 -0.0012214016321624747 0.00489935483920584 0.000245238421484828 0.0012243242735775236 0.9999990743453352 -0.000593581119862179 -0.017210479825735092 -0.004898625303146558 0.0005995719520448 0.999987821917654 0.9233644008636475
0.9999881720630299 -0.001215242215654473 0.0047094501162051544 0.0005320780910551548 0.0012177856915857477 0.999999114180236 -0.0005372492460930775 -0.01694553531706333 -0.004708793056516984 0.0005429779925096092 0.9999887661583255 0.9034098386764526
0.9999879116708882 -0.001155144115155175 0.004779346625757865 0.0005482647102326155 0.0011577324284526484 0.9999991846580606 -0.0005388309921734868 -0.016787059605121613 -0.004778720301506446 0.0005443576831825734 0.9999884336866066 0.9073665142059326
0.9999892763977752 -0.0011845708058681337 0.00447703936323457 0.0013301402796059847 0.0011866608929877761 0.9999991881683273 -0.0004642182799231407 -0.01655428484082222 -0.004476485829210268 0.00046952602935967865 0.9999898702586586 0.8561850786209106
0.9999897921852134 -0.0011469212837290912 0.004370365767620941 0.0016844444908201694 0.0011486498172171556 0.9999992630680581 -0.0003930228218265147 -0.0163351409137249 -0.0043699117807194645 0.00039803882976249247 0.9999903726717168 0.8335064649581909
0.9999898092048226 -0.0010097635212973776 0.004400211828221918 0.0027835925575345755 0.0010112669013656863 0.9999994310565415 -0.0003394493290566724 -0.016359537839889526 -0.004399866561200374 0.00034389565837896554 0.9999902614075896 0.7615258097648621
0.9999888575776892 -0.0011842545384864336 0.004569711331810994 0.0019749721977859735 0.001185898355475051 0.9999992330880259 -0.00035702724063801266 -0.016753830015659332 -0.004569285016114567 0.0003624424756431114 0.99998949507977 0.8116775155067444
0.9999885435982551 -0.00112783902560146 0.0046519513511507835 0.0016101021319627762 0.001129802930924457 0.9999992737563667 -0.0004195617678066398 -0.016644105315208435 -0.0046514747745653486 0.00042481274940951903 0.9999890915987784 0.8516445159912109
0.9999896045173375 -0.0012346860240034154 0.004389351624252286 0.0016434469725936651 0.0012363633654434052 0.9999991637128761 -0.00037944588191147555 -0.016675475984811783 -0.004388879456966778 0.0003848687709346638 0.999990294759475 0.8213000893592834
0.9999896393895847 -0.0011989315143900124 0.00439131833419687 0.0015571867115795612 0.0012008230337762023 0.9999991873643052 -0.0004281293857616377 -0.016501884907484055 -0.004390801467842018 0.0004333981462842118 0.9999902664668876 0.8351327180862427
0.9999871332392047 -0.0013412375203057526 0.004892283510948759 0.0006652942392975092 0.001343698496070362 0.9999989723466655 -0.0004997799165191005 -0.017539046704769135 -0.004891608159801364 0.000506347239966476 0.9999879078179316 0.8805521130561829
0.999983948200995 -0.001258612035752191 0.0055244217881482375 -0.000628326553851366 0.0012624176419332863 0.9999989682386742 -0.0006854365649981446 -0.018260249868035316 -0.005523553389553038 0.0006923996900350116 0.9999845053502691 0.9767423868179321
0.9999866139662932 -0.0010996464982579804 0.005055953501271383 0.00022405479103326797 0.0011027256382769607 0.9999992082189141 -0.0006062653809899303 -0.017315218225121498 -0.005055282820459808 0.0006118325950528931 0.9999870348041925 0.9310113191604614
0.9999877619415531 -0.0012818775257762045 0.004778363436628175 0.00034550693817436695 0.001284562795168873 0.9999990187431461 -0.0005589375368013062 -0.017247367650270462 -0.004777642258359565 0.0005650688043835505 0.9999884273488855 0.9109280109405518
0.9999883615219092 -0.001137457226145588 0.004688604460437609 0.0009210843127220869 0.0011398165094711763 0.999999225131788 -0.0005005538418446788 -0.016618186607956886 -0.004688031468802572 0.0005058921649301442 0.9999888831552405 0.8776509761810303
0.9999847344514623 -0.0013602635113889178 0.00535542222592937 0.00041977595537900925 0.001363678115087232 0.9999988692139131 -0.0006339975500853211 -0.0178083386272192 -0.0053545537663587375 0.0006412909438514992 0.9999854586442187 0.9138431549072266
0.9999857424015157 -0.0012175561077907072 0.005199283682774567 0.0006023959722369909 0.0012205118445509323 0.9999990953623485 -0.0005653541562343629 -0.017414510250091553 -0.005198590628900799 0.0005716918829598087 0.9999863238184131 0.910228431224823
0.9999856430622988 -0.0012653092664138192 0.005206982018462041 0.0003366447053849697 0.0012684129228934771 0.9999990198593858 -0.0005927975407638833 -0.017726965248584747 -0.005206226842666052 0.0005993936332880125 0.9999862678703816 0.9259122610092163
0.999986011144914 -0.001163407286389929 0.005159844762192634 0.0001788127701729536 0.001166506816662178 0.9999991409879452 -0.0005977334009962142 -0.01763368956744671 -0.005159144922429745 0.000603744033478304 0.9999865092674058 0.9329026341438293
0.9999848671137151 -0.001218503844718974 0.005364773242736661 -9.345915168523788e-05 0.001222042593283096 0.9999990378761419 -0.0006563982716158006 -0.017984259873628616 -0.0053639682573427 0.0006629443198213283 0.9999853940680149 0.9472606778144836
0.9999819001771719 -0.0013236092361238335 0.005869188755099471 -0.0009660054929554462 0.0013282620479798655 0.9999988066578821 -0.0007889250559406911 -0.018909437581896782 -0.005868137522658678 0.0007967065972127826 0.9999824649565678 0.9948218464851379
0.9999816969953438 -0.0011654080288802328 0.00593696037029588 -0.0009571006521582603 0.001170306177238271 0.9999989776622796 -0.0008216190398743705 -0.018708694726228714 -0.0059359967792916 0.0008285520631726342 0.9999820385605506 1.002005934715271
0.9999847186062888 -0.0011736447776430643 0.005402324669757478 3.039836883544922e-06 0.0011771033436753803 0.9999991042878417 -0.0006370645436854336 -0.017827799543738365 -0.005401572143354869 0.0006434139028837136 0.9999852044090102 0.9408155679702759
0.9999826686847673 -0.001239504678249867 0.005755515462922326 -0.00048014335334300995 0.0012439050090185064 0.9999989367702086 -0.000761024823115523 -0.018457595258951187 -0.0057545660496583035 0.0007681709480682261 0.9999831472994808 0.9700103998184204
0.9999785157376283 -0.0013749124929765377 0.006409187062842557 -0.001664209645241499 0.0013808563105167087 0.9999986205995105 -0.0009230573796421803 -0.019671892747282982 -0.00640790909888378 0.0009318877148362601 0.9999790349233665 1.0365111827850342
0.999982967692751 -0.0010736413975179098 0.005736864871018472 -0.0006332229822874069 0.0010781363539047362 0.9999991142312042 -0.0007804862648687532 -0.0182819701731205 -0.005736021827118425 0.0007866580939617702 0.9999832394708634 0.9827100038528442
0.9999830046862308 -0.0012667131558645802 0.0056908502421541335 -0.00029411446303129196 0.0012705915193093333 0.9999989629934101 -0.0006779449061094999 -0.01830245554447174 -0.00568998557897341 0.0006851641302784428 0.9999835771722583 0.9553889036178589
0.9999813885877711 -0.001213010473817075 0.005979220991365787 -0.0009352606721222401 0.0012180916161652735 0.9999989000717824 -0.0008462316704387425 -0.018924059346318245 -0.0059781879267723805 0.0008534991598330649 0.9999817662379131 1.0004417896270752
0.9999806733808295 -0.0012860751568809015 0.006082670097397064 -0.0011648554354906082 0.0012912576132661894 0.9999988066443375 -0.0008481530978350693 -0.01904623955488205 -0.006081572049979902 0.0008559909999753997 0.999981140702568 1.0070788860321045
0.9999780713221006 -0.0012977058975863797 0.006494061466876612 -0.001897313166409731 0.001304067499948936 0.9999986739375577 -0.0009754645467637415 -0.0197469349950552 -0.006492786989250381 0.0009839118506175175 0.9999784375848224 1.0514042377471924
