0.999992832755127 -0.0009029895893803238 -0.0036768258291823177 -0.008655066601932049 0.0009079614680413563 0.9999986755045761 0.0013507757275354343 -0.024250905960798264 0.0036756012228237804 -0.0013541044623726231 0.9999923281489492 1.0417698621749878
0.9999904525558487 -0.0007068220498628191 -0.0043122151776292155 -0.008284248411655426 0.0007124390027102444 0.9999988996919649 0.0013011708290728843 -0.023878678679466248 0.00431129073663158 -0.0013042305964976848 0.9999898558259153 1.0200729370117188
0.9999927229890826 -0.0005738258864833194 -0.003771563698487143 -0.007222323678433895 0.0005785568737744323 0.9999990471144582 0.0012534121904697298 -0.022116968408226967 0.0037708408642573 -0.0012555851334781736 0.999992102101386 0.9549881219863892
0.999993651487224 -0.0006182166815679626 -0.003509243990227694 -0.006906266324222088 0.0006227018877942993 0.9999989905478334 0.001277163134879103 -0.02168751135468483 0.0035084508842586795 -0.00127934023965007 0.9999930270061606 0.9425410032272339
0.9999930715512483 -0.0005866237545917157 -0.0036759654609826073 -0.0066195400431752205 0.000591281545018166 0.9999990236443648 0.001266134452398329 -0.020957302302122116 0.0036752191273867313 -0.001268299210587866 0.9999924420621777 0.9143580198287964
0.9999935736879306 -0.0005711810552891017 -0.0035392562839827867 -0.0059753344394266605 0.0005760127010504123 0.9999989034610629 0.0013642895735064661 -0.019501883536577225 0.003538473146692147 -0.0013663194627277601 0.9999928061635824 0.8631080389022827
0.9999950723085417 -0.0004988107758136067 -0.0030994429248680537 -0.00599498488008976 0.0005025403995016212 0.9999991505326074 0.0012026583930814347 -0.020269162952899933 0.003098840393026262 -0.0012042100620376396 0.9999944735179015 0.8889604210853577
0.9999932431339427 -0.0006178438171525443 -0.0036238040063927665 -0.006369137205183506 0.0006222051410954821 0.9999990834063351 0.0012025170484332153 -0.02111756056547165 0.003623057717113577 -0.0012047636726696877 0.9999927109720707 0.9195699095726013
0.9999950102403341 -0.00047011370023880946 -0.0031238577982078118 -0.0051764268428087234 0.0004736118428407766 0.9999992615753944 0.001119169553180652 -0.01934238150715828 0.0031233293545345083 -0.0011206434648421376 0.9999944944708287 0.8550973534584045
0.9999961111775671 -0.0005668553482414594 -0.00273062351063281 -0.005438207648694515 0.0005700816169587059 0.9999991402641341 0.001180880155899734 -0.019400548189878464 0.0027299517747858375 -0.0011824322419327403 0.9999955745988581 0.8641183376312256
0.9999954517252159 -0.0005275348907471146 -0.0029695514510927603 -0.0052089933305978775 0.0005308115978431677 0.9999992510848787 0.0011027550631254484 -0.019267503172159195 0.002968967485379029 -0.0011043263198430337 0.9999949828351391 0.8556655049324036
0.9999958607359307 -0.0005933368737551244 -0.0028153973715367908 -0.0054627517238259315 0.0005966532768571204 0.9999991290333976 0.0011772583886860142 -0.019552556797862053 0.0028146964086077624 -0.001178933331770048 0.9999953437893233 0.8721401691436768
0.9999944077175625 -0.0005988810516223261 -0.0032902697590202314 -0.0059818061999976635 0.0006026886700543764 0.9999991497912651 0.001156366340557959 -0.02033684402704239 0.003289574435714049 -0.0011583428821359658 0.9999939184524069 0.8964565396308899
0.9999951672456225 -0.0005315830818187346 -0.003063152759315311 -0.005466466769576073 0.0005350014804858268 0.9999992349810467 0.0011152626316429182 -0.019679183140397072 0.0030625575611986267 -0.001116896033113741 0.999994686628102 0.8722386956214905
0.999991065044509 -0.0008246001941376045 -0.004146066288525464 -0.007650935091078281 0.000830718313707502 0.999998568409758 0.0014741389073410001 -0.02166830375790596 0.004144844777828243 -0.0014775699491711986 0.9999903184775407 0.9470956325531006
0.9999942920444055 -0.0004393386414866671 -0.0033500537557324636 -0.006527419667690992 0.00044316120427941117 0.99999925156107 0.0011403882877623489 -0.022135652601718903 0.0033495502317807025 -0.001141866392333433 0.999993738307589 0.958084225654602
0.9999947897118154 -0.0006615027160785144 -0.003159582785506 -0.006816815119236708 0.0006652593713925882 0.9999990729605803 0.00118806899991517 -0.022404145449399948 0.0031587939455778756 -0.001190164751791046 0.9999943027481071 0.9732426404953003
0.9999942979769668 -0.0005986052951979472 -0.0033235049652161545 -0.006267701741307974 0.0006023700048766097 0.9999991780129204 0.001131867421956413 -0.0214241873472929 0.003322824691505769 -0.001133862947724407 0.9999938365764487 0.9344484806060791
0.9999951061812977 -0.0004949412608956454 -0.0030891174473612723 -0.004971271380782127 0.0004982564535106039 0.9999993007342904 0.0010725070801338148 -0.019279666244983673 0.0030885844592408074 -0.0010740410041824074 0.9999946535266875 0.8557635545730591
0.9999953389495818 -0.000638911149982048 -0.0029856107671952016 -0.005712312646210194 0.0006427234183092595 0.9999989792428051 0.0012760955902119812 -0.01916205883026123 0.0029847924079105 -0.0012780085642241296 0.9999947288403032 0.8547929525375366
0.9999956206823121 -0.000570219106904273 -0.002904043107012148 -0.006295947358012199 0.0005736978122291277 0.9999991188014129 0.0011971913873297805 -0.021382564678788185 0.002903357886569789 -0.001198852187625474 0.9999950666210382 0.9346916079521179
0.9999960768828637 -0.0009275110334875191 -0.0026430932946010415 -0.008808111771941185 0.0009311144266465494 0.9999986384179047 0.0013624200015335283 -0.026124898344278336 0.0026418260362288696 -0.0013648756788978498 0.9999955789250146 1.1141681671142578
0.9999928830203504 -0.000909500502103114 -0.003661518467009828 -0.009519968181848526 0.0009139640021562717 0.9999988411310115 0.0012175411436669565 -0.028044458478689194 0.0036604068695081297 -0.001220878974523492 0.9999925554103285 1.1708002090454102
0.9999950601250822 -0.0010712885401929532 -0.0029550069875811636 -0.011011856608092785 0.0010751526743152035 0.9999985687105076 0.0013063780704331087 -0.03025249019265175 0.0029536032502546984 -0.0013095487007541635 0.9999947806413992 1.2557568550109863
0.9999922192245132 -0.001116250830818963 -0.0037835795902484157 -0.011147120967507362 0.001121210503371704 0.9999985147361826 0.001308973810218121 -0.03234404698014259 0.003782112827531374 -0.001313205814563715 0.9999919855244083 1.322447419166565
0.9999939729099437 -0.0009627118848130479 -0.003335765221625677 -0.00971241295337677 0.0009672225215990658 0.9999986198343962 0.0013508552464641173 -0.02869945764541626 0.003334460133316822 -0.001354073531987017 0.999993523909275 1.1975483894348145
0.999994276216348 -0.0008512100424313084 -0.003274595548493576 -0.008947309106588364 0.0008554316713528918 0.9999988046176588 0.0012880217036760739 -0.026945460587739944 0.003273495257090844 -0.0012908155240615553 0.999993808992878 1.1358147859573364
0.9999933578671838 -0.0009312558279278159 -0.0035237741268979656 -0.009606661275029182 0.0009361740321786253 0.9999985897118344 0.0013943287000484116 -0.02739373967051506 0.003522470680633049 -0.0013976183045648612 0.9999928194059089 1.1531256437301636
0.9999927944112487 -0.0008613881285536431 -0.0036971794755252547 -0.009598580189049244 0.0008664360598942435 0.9999986944470958 0.0013639621175625483 -0.02787517011165619 0.0036959997478859877 -0.0013671556590299525 0.9999922352054879 1.1655094623565674
0.9999957700026494 -0.0005089002219603374 -0.0028637383560344673 -0.004853720311075449 0.0005124973140858707 0.9999990805464402 0.0012554890588370306 -0.018181337043642998 0.0028630968042993314 -0.0012569514063373506 0.999995111362976 0.8128378391265869
0.999996356208267 -0.00042309760478414577 -0.0026661880288392234 -0.004114358685910702 0.00042647373267565633 0.9999991078918685 0.001265833963080286 -0.017326682806015015 0.0026656500789933694 -0.0012669664098056306 0.9999956445434012 0.781247615814209
0.9999967287976592 -0.0005092761967079476 -0.002506597641439574 -0.005062495358288288 0.000512633067858396 0.9999989724720576 0.0013387539603492138 -0.01806044764816761 0.002505913270315203 -0.0013400345458529429 0.9999959623448973 0.8068660497665405
0.9999959380085688 -0.0007186210219675827 -0.0027581787812551556 -0.0072405096143484116 0.0007223441897004246 0.999998829065499 0.0013491058158991024 -0.022718630731105804 0.0027572060558082967 -0.0013510926902596332 0.999995286170544 0.9846634864807129
0.9999933480150102 -0.0005894841673807418 -0.003599504708626998 -0.0067661521025002 0.0005935569450360976 0.9999991848076991 0.0011305193897006725 -0.022658858448266983 0.0035988353510573263 -0.0011326483805211569 0.9999928827205533 0.9703192710876465
0.9999967622012416 -0.0004718579991865934 -0.002500587343319571 -0.004741718526929617 0.000474841846633679 0.9999991758771659 0.0011927993163942509 -0.018433712422847748 0.002500022450629578 -0.0011939828378618761 0.9999961621389998 0.8209481239318848
0.999996596859355 -0.00048641464800038773 -0.002563136847488978 -0.004675163421779871 0.0004894294184027194 0.9999991890850165 0.0011757075120914947 -0.01854679174721241 0.0025625628876472578 -0.0011769579855700266 0.9999960240127693 0.8246420621871948
0.9999970691979725 -0.00044649163140120436 -0.002379546319880768 -0.004155867267400026 0.0004492530229126436 0.9999992262140949 0.0011600616073900792 -0.017726339399814606 0.0023790265208217553 -0.0011611272258565354 0.9999964960020503 0.7947627305984497
0.999996956538108 -0.000410287041691018 -0.002432812994162832 -0.0035040145739912987 0.0004131278046609142 0.9999992333689395 0.0011672989978143916 -0.016930464655160904 0.002432332201440244 -0.0011683005078758045 0.9999963594103656 0.7640078067779541
0.9999978807975601 -0.0002964805575580751 -0.0020372775137347103 -0.0020278925076127052 0.00029850184030331836 0.9999994634989906 0.0009919165199191913 -0.014290986582636833 0.002036982336770391 -0.0009925225489343403 0.9999974327976796 0.6701041460037231
0.9999972296854635 -2.774979745868861e-06 -0.0023538508232678556 -0.0030037269461899996 4.29391565439086e-06 0.9999997917889215 0.0006452934807048826 -0.01371908001601696 0.0023538485424936975 -0.0006453018002758707 0.9999970214868771 0.6645790338516235
0.9999984373465892 -0.00015518257864419868 -0.001761028888716441 -0.00233394093811512 0.00015667290444150317 0.9999996297207565 0.0008461748937178957 -0.013955286704003811 0.001760896925042005 -0.0008464494769506126 0.9999980913808297 0.6767042279243469
0.9999941166875359 -0.0001746655554429347 -0.0034257965874799497 -0.0037153747398406267 0.00017742236126695336 0.9999996607049733 0.0008044322497298954 -0.013024002313613892 0.0034256549185184893 -0.0008050353299233849 0.9999938083840805 0.6276971101760864
0.9999986659915475 -0.000627715412057707 -0.0015079749623897662 -0.0056000566110014915 0.0006293401078658098 0.9999992218180719 0.0010771695687140468 -0.020207569003105164 0.0015072976329712207 -0.0010781171608862264 0.9999982828571424 0.9048298001289368
0.9999969129298858 -0.0006591551370647012 -0.0023957556644023247 -0.008321568369865417 0.0006615459167132864 0.9999992839069419 0.000997267568590108 -0.02502799592912197 0.0023950965947774606 -0.0009988493923324294 0.9999966329004278 1.091251015663147
0.9999968084055738 -0.0010606050819073542 -0.002293097365209546 -0.0034760641865432262 0.0010642379632984488 0.999998179756823 0.0015836289332507158 -0.020937178283929825 0.0022914135863202514 -0.0015860642802190347 0.9999961169043985 0.8901700377464294
0.9999974367451253 -0.0008165048592605479 -0.0021118293003721334 -0.0032872341107577085 0.000820106966478837 0.9999982095538157 0.0017053778837544066 -0.016099819913506508 0.0021104330699264597 -0.0017071054383574823 0.9999963159248536 0.7033306956291199
0.9999978293933334 -0.0002645343903265007 -0.0020666954730312157 -0.003902419935911894 0.0002668998194206915 0.9999993096083236 0.0011443545616015805 -0.015204936265945435 0.002066391325065593 -0.0011449036783064896 0.9999972096073365 0.704716682434082
0.9999991063891693 -0.0008143102969274141 -0.0010602450674347343 -0.0021045119501650333 0.0008162297717268873 0.9999980265974536 0.0018112344293840887 -0.015273205004632473 0.0010587680682984217 -0.0018120982144347528 0.9999977976526943 0.6985527873039246
0.9999971681212558 -0.00017390542753886813 -0.0023735008682181534 -0.0019018191378563643 0.00017644755848069118 0.9999994110413856 0.0010708796111545316 -0.01408995408564806 0.0023733132385477494 -0.0010712953769865718 0.9999966098494971 0.6598214507102966
0.9995004649891529 -0.0008618168899120024 -0.03159236866895318 -0.03654797375202179 0.0009695400853899448 0.9999937682368899 0.0033946250761806595 0.03202883526682854 0.03158924624756998 -0.0034235594099233757 0.9994950719050478 0.5967734456062317
0.9995112674245492 -0.0011971763560389564 -0.03123768653635802 -0.03800910338759422 0.0013357147441116234 0.9999893640354377 0.004414485487921944 0.016268189996480942 0.031232069375780797 -0.004454052623538692 0.9995022357442394 1.055149793624878
0.9997726681395698 -0.003890725819137981 -0.020963642185601372 -0.023358086124062538 0.003444970950724751 0.9997680974023604 -0.02125755375420901 0.056169863790273666 0.021041487975765757 0.021180502096615084 0.9995542216982033 0.6661586761474609
0.9997068377303931 -0.005398946455126529 -0.02360275348921034 -0.02630975842475891 0.004756941807705258 0.9996194423737413 -0.027172448050348304 0.07781951874494553 0.02374047387344785 0.027052205188957297 0.9993520741433817 0.7147694826126099
0.9999454848010727 -0.007480258717623672 0.00728513249468664 0.007555685937404633 0.007745967220926771 0.9992795108861838 -0.03715453020671309 0.08347419649362564 -0.007001958137553532 0.03720893511761177 0.9992829768036947 0.3280981779098511
0.9999440552621094 -0.009908310107606537 -0.003702936237474883 -0.007274745963513851 0.009736575865080721 0.9989916914092346 -0.043826927632904786 0.11749601364135742 0.004133453325106032 0.04378842182732609 0.9990322760939614 0.32054340839385986
0.9982414674141745 -0.007913166985685597 -0.05874822995675727 -0.05992604047060013 0.0059601970033103715 0.9994261569386199 -0.033344158087777284 0.15203507244586945 0.05897837558357391 0.032935370275094966 0.9977157975086719 0.5227282047271729
0.9960038097912937 -0.0092850516576484 -0.08882679042351685 -0.08812610059976578 0.006492024354563735 0.9994769497880405 -0.031680916372077234 0.20384612679481506 0.08907448849703453 0.030977647717501094 0.9955431285689647 0.19777467846870422
0.9998284530259494 -0.01621929059305575 0.00894422340928249 0.00614619255065918 0.016722335495246803 0.9980956746894868 -0.05937497504607962 0.1721126139163971 -0.007964170724033508 0.05951435775337059 0.9981956788154727 0.06718486547470093
0.9980912032967083 -0.011183785450128084 -0.06073609178021327 -0.06342574954032898 0.00880868882375001 0.9991912579728055 -0.03923311091321851 0.18294088542461395 0.061125746645217575 0.03862321754758486 0.9973825194795308 0.2918730676174164
0.9995685889453134 -0.015846329481538204 -0.02472912929799751 -0.026030387729406357 0.014396776399065156 0.9982282440345163 -0.05773305501254062 0.1927632838487625 0.025600172327347064 0.05735212858934056 0.9980257333972313 0.3594598174095154
0.9994068895875277 -0.01637604717554414 0.03029346668652774 0.025952553376555443 0.018391324449748933 0.9975504817194322 -0.06748922585356198 0.15963749587535858 -0.02911405553967843 0.06800633426551814 0.9972600013385673 0.28793448209762573
0.998663596209439 -0.011290867726613661 0.05043349989848706 0.04449755325913429 0.014036738680475707 0.9984190664860058 -0.054427361174586415 0.0860186293721199 -0.04973923575253863 0.05506254610161932 0.9972432624207398 0.3290945291519165
0.9999771814334566 -0.005954691434322839 0.0031903389039451397 -0.0016304869204759598 0.006038914885742228 0.9996151745637032 -0.027074605980145838 0.053209129720926285 -0.003027890256066854 0.02709325436154524 0.9996283246530673 0.5906935334205627
0.9981587385976557 -0.0031261887203662426 0.06057523838353148 0.05249790847301483 0.005064094622565806 0.999479363762293 -0.031864656894057077 0.006743085570633411 -0.060444085788360725 0.03211274447017779 0.9976548923028457 0.3835216164588928
0.999719969626345 -0.002279105602540696 -0.02355393826840726 -0.028853490948677063 0.0020297430211031336 0.9999417014933163 -0.010605364582110484 0.04998651519417763 0.02357673585481577 0.010554586316084018 0.9996663134437053 0.742316722869873
0.9983425159757267 -0.0027204167502724885 0.05748756498548813 0.048125073313713074 0.004628980855609187 0.9994415715209906 -0.03309256188165599 0.0007802648469805717 -0.05736543673235904 0.03330382032676828 0.9977976058400562 0.5555305480957031
0.9999888937286457 5.202835205525346e-06 -0.004713002470755646 -0.0038571427576243877 -8.81521077348635e-07 0.9999995796525998 0.0009168935850139498 -0.014659865759313107 0.004713005260103536 -0.0009168792471339763 0.9999884733905007 0.6632776260375977
0.9999564020693845 0.0003678256922406412 -0.009330523281757095 -0.008707260712981224 -0.0003616007886695578 0.9999997109535719 0.0006688330450530291 -0.012037897482514381 0.009330766598780458 -0.0006654299607389546 0.9999562460416187 0.497032105922699
0.9999249402980064 0.0006095956051314014 -0.012236918044454185 -0.011840659193694592 -0.0006007793335864794 0.9999995573512567 0.0007241280846816028 -0.008604826405644417 0.012237354053095765 -0.0007167220443754618 0.9999248639149295 0.40448713302612305
0.9999555181444807 0.00039644024685097783 -0.009423617539663627 -0.008885424584150314 -0.0003898066058139887 0.9999996749738284 0.0007057641586854098 -0.011989674530923367 0.009423894270058584 -0.0007020593766184469 0.9999553476677938 0.49573081731796265
0.9999866024101398 -0.00019937669144596502 -0.00517254764695724 -0.004796391353011131 0.0002057254433765041 0.9999992262079742 0.0012268905797807406 -0.014579196460545063 0.005172299031096555 -0.0012279382670620056 0.9999858696453392 0.6580613255500793
0.9999894356631888 1.5272201951133315e-05 -0.004596556186649739 -0.004407959990203381 -1.1614003053821664e-05 0.9999996832183551 0.0007958820919504078 -0.01620703749358654 0.004596566885417147 -0.0007958202995663376 0.9999891190622618 0.7210201025009155
0.9999866461396582 6.298157508705935e-05 -0.005167550259021553 -0.004059075377881527 -5.825754498704827e-05 0.9999995803146964 0.0009143174993684249 -0.014343769289553165 0.005167605675432893 -0.0009140042409085424 0.9999862301291108 0.6414276957511902
0.9999681769148788 0.0002879106798713657 -0.007972594619930816 -0.007000122219324112 -0.00028138329932216765 0.9999996243454164 0.0008198368524316371 -0.012333930470049381 0.007972827664774673 -0.0008175674077153826 0.9999678822855069 0.528840184211731
0.9999651170508397 0.0003890342961887683 -0.008343460542024193 -0.007432869635522366 -0.0003818791089221148 0.9999995580093323 0.000859156263826229 -0.01202488038688898 0.008343791095544912 -0.0008559401006448423 0.9999648236396605 0.5198701620101929
0.9999592631044381 0.000499251686973473 -0.009012373681926646 -0.00874386727809906 -0.0004940636616793539 0.9999997109818923 0.0005778730226834855 -0.011751828715205193 0.009012659581268888 -0.000573396795588797 0.9999592207602205 0.4713946282863617
0.9999421318299445 0.0006299908463985015 -0.010739464740793332 -0.010335106402635574 -0.000622082057947728 0.9999995328936147 0.0007397475684395638 -0.00949836429208517 0.010739925758517543 -0.0007330239322742657 0.9999420566565923 0.42779725790023804
0.9999720591400947 9.587260454244505e-05 -0.007474740635124379 -0.006147103384137154 -8.778385569064021e-05 0.9999994102815927 0.0010824649931474634 -0.012395419180393219 0.007474840005870457 -0.001081778586591499 0.9999714778542316 0.5425441861152649
0.9999682069267262 0.0005823760990490246 -0.007952733732959058 -0.0071281809359788895 -0.0005752430363812042 0.9999994302761241 0.0008991901223376366 -0.011566434986889362 0.007953252868932524 -0.0008945867796201115 0.9999679722287591 0.5168758034706116
0.9999346773833041 0.0006329973747678338 -0.011412286391038418 -0.011690276674926281 -0.0006276911341119557 0.999999693239625 0.0004685344129570508 -0.008700642734766006 0.011412579471254555 -0.0004613404160755831 0.9999347679698075 0.3806533217430115
0.9999108808881678 0.0005716358757904526 -0.013338047603526046 -0.014472384937107563 -0.0005676246473634108 0.9999997925350351 0.0003045195337268359 -0.005001360084861517 0.013338218910638825 -0.0002969213906489867 0.9999109979163044 0.2796855568885803
0.9999120834138667 0.0006239780146432327 -0.013245229117581813 -0.013628044165670872 -0.0006188034573032808 0.9999997306202252 0.00039476797977075023 -0.006266464479267597 0.01324547187612524 -0.0003865370795469205 0.9999122001775279 0.3231319189071655
0.9999240438583993 0.0006868397616342284 -0.012305883349346647 -0.01228313148021698 -0.0006802328533132846 0.9999996222644008 0.0005410677601129731 -0.007833577692508698 0.01230625032782781 -0.000532655796550304 0.9999241333624622 0.3790811598300934
0.9999198585745388 0.0005178613273521725 -0.012649436664144411 -0.013977895490825176 -0.0005152343218242109 0.999999845019865 0.0002109356292761923 -0.005506750661879778 0.012649543939137973 -0.00020440130067307278 0.9999199704267538 0.2823021113872528
0.9999113955530295 0.0005230839672609184 -0.013301406931446751 -0.014393756166100502 -0.0005208372969440771 0.9999998495088386 0.00017236823967580503 -0.005644342862069607 0.013301495092765216 -0.00016542509825152537 0.9999115175168419 0.2908782362937927
0.9999299651085213 0.0003978580311063068 -0.011828211490281435 -0.012923476286232471 -0.0003971351718399456 0.99999991912812 6.346186911802136e-05 -0.007118837907910347 0.011828235782526033 -5.87600257701525e-05 0.9999300422457226 0.324781596660614
0.9999312722294419 0.0004563234851130567 -0.011715058108545383 -0.011940093711018562 -0.00045321327393948156 0.9999998613488541 0.0002681417550472747 -0.008080570958554745 0.011715178843619322 -0.0002628139064224917 0.9999313403996859 0.3701189160346985
0.9999601700042622 0.0003697448008898584 -0.008917493696645334 -0.007953086867928505 -0.00036267661830965893 0.9999996188369226 0.0007942239485921001 -0.010661820881068707 0.008917783957801725 -0.0007909581481979157 0.9999599229541603 0.4686269760131836
0.9999805521455605 0.00018203138731412408 -0.006233955023416295 -0.004937271121889353 -0.0001762582617413518 0.9999995551592981 0.0009266143918463334 -0.01288196723908186 0.00623412092320262 -0.000925497585108318 0.9999801393980456 0.5866634845733643
0.9999546365387362 0.0004189047399621784 -0.009515743980510524 -0.00936550460755825 -0.0004144529594215047 0.999999803758193 0.0004698002976937108 -0.01127177756279707 0.009515938914695269 -0.00046583515767228473 0.9999546139221407 0.44814619421958923
0.9999357076893226 0.00043289433447437107 -0.011331067484982053 -0.010860085487365723 -0.00042741112092823085 0.9999997904029553 0.00048632682389760686 -0.00881509855389595 0.01133127563815056 -0.0004814525325672844 0.9999356831296059 0.3982057571411133
0.999984424541239 -0.00018546239587586871 -0.005578196718217412 -0.004779037553817034 0.00019204801874314625 0.9999992852544304 0.0011800882116991566 -0.013443881645798683 0.005577973869238933 -0.0011811411129117738 0.9999837454244873 0.6117192506790161
0.9999967863491239 -0.0003767633114998922 -0.0025070582027262337 -0.0030678564216941595 0.00037902903812417864 0.999999520169995 0.0009033253943466217 -0.015969710424542427 0.002506716659897548 -0.0009042727392332775 0.9999964493248965 0.7476804256439209
0.999997344092541 -0.0003441256966140205 -0.002278900034920417 -0.002739157062023878 0.0003463902600688222 0.9999994465960241 0.0009933888631205232 -0.014667801558971405 0.0022785569231335468 -0.0009941756135473988 0.9999969098918244 0.6955316066741943
0.999997105391188 -0.000419523136276466 -0.002369221303274392 -0.0034439556766301394 0.0004221093944736376 0.9999993155394191 0.0010912123316953106 -0.01605408824980259 0.0023687618928160655 -0.0010922092436321783 0.9999965980172452 0.7456707954406738
0.9999969992876362 -0.0003896637864326409 -0.002418590055531388 -0.003310586092993617 0.0003922197903750291 0.9999993650579915 0.0010564313748324644 -0.01605880632996559 0.0024181768668173373 -0.00105737682367036 0.9999965171813817 0.7448925971984863
0.9999969724488109 -0.00040075772783144275 -0.002427856349906646 -0.0032552299089729786 0.00040337436711197186 0.999999338288545 0.0010773632591829746 -0.01589486375451088 0.0024274229817144886 -0.0010783393324291404 0.9999964723947541 0.7398573756217957
0.9999971301680309 -0.00041539375618246914 -0.0023594710697659033 -0.0035083487164229155 0.00041797764279450587 0.9999993134355506 0.0010947251331531833 -0.016275668516755104 0.0023590147078519 -0.0010957081976319819 0.9999966172308551 0.7531934976577759
0.9999963800219608 -0.0005313260808377807 -0.002637733036132771 -0.00478779524564743 0.0005343870313363484 0.9999991845560886 0.001159878294716613 -0.018163125962018967 0.0026371146116208463 -0.0011612836663092948 0.9999958485147683 0.8211605548858643
0.9999954367742651 -0.0005902736680091058 -0.0029627702650960324 -0.005592835135757923 0.0005936338643877026 0.999999181514001 0.0011333887961419706 -0.019916951656341553 0.0029620988305480733 -0.0011351424249948104 0.9999949686984396 0.8854047060012817
0.9999947748867865 -0.0005883255693227557 -0.0031786903198568967 -0.005259582307189703 0.000591890714300528 0.9999991967893881 0.0011207524082688836 -0.019485346972942352 0.0031780283994004357 -0.0011226279894946266 0.999994319904813 0.8687702417373657
0.9999959967586584 -0.0004821531220220136 -0.0027881884843040713 -0.00461161695420742 0.0004852054228058826 0.9999992837026066 0.0010941526269330417 -0.01838368922472 0.0027876589380268837 -0.0010955010909484007 0.999995514407442 0.8272329568862915
0.9999956370477462 -0.0005544325883286845 -0.0029014634199849712 -0.004951178096234798 0.0005578790642636405 0.9999991397034717 0.00118716606521404 -0.018482619896531105 0.0029008027203117513 -0.0011887795513629165 0.9999950860613047 0.8331068754196167
0.9999961879565858 -0.0005256713685289484 -0.0027106718556545693 -0.0050829146057367325 0.0005287696120030482 0.9999992076736364 0.0011423899496381003 -0.01915649138391018 0.002710069186229575 -0.0011438189157033983 0.9999956735922881 0.8575699329376221
0.9999952303523496 -0.0005637745371513869 -0.003036680889152521 -0.005376060027629137 0.0005671512085129488 0.9999992217701934 0.0011112148821220212 -0.019787119701504707 0.0030360520512610957 -0.0011129318392547208 0.999994771871665 0.8783044219017029
0.9999959390999512 -0.0006240295738033656 -0.0027807140625357423 -0.005736181512475014 0.0006272669271927738 0.9999991264055869 0.0011634965685438918 -0.020466407760977745 0.002779985577051683 -0.0011652360936660283 0.9999954569421989 0.9087868928909302
0.9999947571829501 -0.0006019931422556332 -0.0031816993681971066 -0.005991152487695217 0.0006055614775714467 0.9999991886918206 0.001120674349492292 -0.021183570846915245 0.003181022148585288 -0.0011225951885722987 0.9999943104228809 0.930321455001831
0.9999948136200177 -0.0006250376752273522 -0.0031594399773235914 -0.006117767188698053 0.0006286614561974744 0.9999991456120312 0.0011461064440501198 -0.021127700805664062 0.003158720918228734 -0.0011480867180435137 0.9999943521735752 0.9302068948745728
0.9999945529054187 -0.0005559214857108059 -0.0032534767239497395 -0.005611588712781668 0.00055958923174255 0.9999992088952129 0.0011265295557336239 -0.019836410880088806 0.003252847888124408 -0.0011283440299610327 0.999994072892618 0.8792980909347534
0.9999955036430258 -0.0006246110589231579 -0.002933011209672406 -0.006083484273403883 0.0006280983060679887 0.9999990968430397 0.0011881942697540388 -0.020803961902856827 0.00293226640142188 -0.001190031146580921 0.9999949928072746 0.9185601472854614
0.9999948437736831 -0.0005685472671060791 -0.0031605664132104325 -0.0057939039543271065 0.0005719996423368593 0.9999992406874851 0.0010915314298749659 -0.02089245617389679 0.003159943426141385 -0.0010933336445498197 0.9999944096739167 0.9175686836242676
0.9999952664574703 -0.0005521855945781814 -0.0030269049740462815 -0.005238093435764313 0.0005554893117361444 0.9999992508820634 0.0010907185412566867 -0.01935148984193802 0.003026300427471252 -0.0010923947916548077 0.9999948240762757 0.8627376556396484
0.9999959566420982 -0.0005183493438177401 -0.002796071067243419 -0.0048278323374688625 0.0005213840599015988 0.9999992757590237 0.0010847304229377804 -0.018900487571954727 0.0027955067729112304 -0.001086183863869266 0.9999955026631354 0.8488593697547913
0.9999958782909639 -0.0005564342535442173 -0.002816697002751911 -0.0051503367722034454 0.000559539911853683 0.9999992363425432 0.0011019207855476256 -0.01946910284459591 0.0028160817052904704 -0.001103492298143405 0.9999954259838277 0.8707892894744873
0.999995592586186 -0.0005515922019193897 -0.0029172854240943503 -0.005210799165070057 0.0005547434476249793 0.9999992634704306 0.0010794990985841051 -0.019770605489611626 0.0029166878321426146 -0.001081112685758734 0.9999951620520224 0.8815356492996216
0.9999947711457794 -0.0002763709565673916 -0.0032220025131442192 -0.0044898102059960365 0.0002792481501138516 0.9999995626718975 0.0008925673557502325 -0.018039263784885406 0.003221754424378064 -0.0008934624268871048 0.9999944109960419 0.8070551156997681
0.9999957693971842 -0.00040074194771422267 -0.0028810750814056703 -0.0042074304074049 0.0004035418890295842 0.9999994468422048 0.0009713234415524072 -0.01775466278195381 0.0028806842376687025 -0.000972481966749507 0.9999953779578918 0.8023605346679688
0.999996694943314 -0.0005973118433415862 -0.0025006641139663985 -0.005208486691117287 0.0006001927533245524 0.9999991569469201 0.0011514660691138668 -0.01977159082889557 0.002499974221453527 -0.0011529631439329375 0.9999962103952601 0.886961042881012
0.9999934457754838 -0.00021788451420497203 -0.0036139912027006904 -0.004801547154784203 0.00022102084193335644 0.999999599337725 0.0008674526943856524 -0.018315890803933144 0.0036138007502018415 -0.0008682457762842967 0.9999930932728536 0.8126718997955322
0.9999900741211168 -0.00015745271599119234 -0.0044527371228390575 -0.004111757501959801 0.0001620221410160635 0.9999994606760211 0.0010258637787796984 -0.015243824571371078 0.00445257319633295 -0.0010265750381821038 0.9999895603133174 0.6880853176116943
0.9999926827526234 -0.00023353350700680296 -0.003818363957518058 -0.0033650302793830633 0.00023746168967697897 0.9999994430645699 0.0010283396792501237 -0.014627959579229355 0.003818121679164195 -0.0010292388697914572 0.9999921812765297 0.6763978600502014
0.9999922652527939 -0.0001611782595291586 -0.00392981630034887 -0.0033388035371899605 0.00016534297532778234 0.9999994250904305 0.001059471806624004 -0.013747237622737885 0.003929643277238061 -0.0010601133793969992 0.9999917169973642 0.6438981294631958
0.9999949776168761 -0.0005195640278644248 -0.0031264667348756335 -0.004336192738264799 0.0005235102474933142 0.999999067261944 0.001261511895521686 -0.016065172851085663 0.0031258083824994933 -0.0012631422970997856 0.9999943168805976 0.7403860092163086
0.9999954209078815 -0.0005412674296763438 -0.002977447369497528 -0.0052357628010213375 0.000544732672013278 0.9999991751830388 0.0011631421055109867 -0.019297372549772263 0.002976815342710639 -0.0011647586922375042 0.9999948909407507 0.8631829619407654
0.9999951925138537 -0.0005073866989776152 -0.003059004399910862 -0.005485565401613712 0.0005106137605020399 0.9999993139152075 0.001054249829204861 -0.020235277712345123 0.0030584673888337244 -0.0010558067306534428 0.9999947655109898 0.8944828510284424
0.9999949540395707 -0.0006839311389582343 -0.0031022787743141614 -0.006435082294046879 0.0006877883688592935 0.9999989916229605 0.001242457331860993 -0.02093621902167797 0.003101425890789389 -0.001244584773728394 0.9999944160675022 0.924834132194519
0.9999942892730604 -0.0007030984004641785 -0.003305612485818275 -0.0074220988899469376 0.0007074187163447972 0.9999988969917374 0.0013059762895269492 -0.023158974945545197 0.0033046906098601787 -0.0013083072835944208 0.9999936836560646 1.0005953311920166
0.9999938725545656 -0.0006860607060238857 -0.0034328084757411204 -0.007209244184195995 0.0006904614592232368 0.9999989412171592 0.001280947904554742 -0.02295895665884018 0.0034319260331186316 -0.0012833102775657466 0.9999932874766885 0.9919607639312744
0.9999948778406169 -0.0006795628031209294 -0.003127696744639718 -0.0070444559678435326 0.0006836407023409225 0.9999989175191478 0.0013029182333809026 -0.02251093089580536 0.0031268079442009662 -0.0013050497804252628 0.9999942599421013 0.9796503782272339
0.9999943769978383 -0.0007286638586427619 -0.0032733807732461843 -0.007791868411004543 0.0007329063976257109 0.9999988928332533 0.001295060029597637 -0.024368472397327423 0.003272433485629502 -0.001297451829182868 0.9999938038797207 1.0435326099395752
0.9999943466694612 -0.0006426285084430396 -0.0033005541531432535 -0.006628658622503281 0.0006462809654839459 0.9999991799047994 0.0011056720320942112 -0.023108601570129395 0.003299840910005821 -0.0011077988666894716 0.9999939418974696 0.9921814203262329
0.9999956706498105 -0.0006669967860543379 -0.002865972247450391 -0.0062320660799741745 0.0006705459014228019 0.9999990093801194 0.001237581097957439 -0.02132834866642952 0.0028651439457464865 -0.0012394975059795974 0.9999951272861798 0.9376026391983032
0.9999942835581228 -0.0005879444393693061 -0.0033297405924518236 -0.006184953264892101 0.0005917889048338129 0.9999991593616686 0.001153716537249057 -0.02112671174108982 0.003329059472121564 -0.0011556804456341167 0.9999937908635927 0.9248980283737183
0.9999958391458119 -0.000561101689659698 -0.0028296388386519584 -0.005472391378134489 0.000564548954136362 0.999999099344328 0.0012176185819688123 -0.01985040493309498 0.002828953082277985 -0.0012192109852823805 0.9999952552632595 0.8841716051101685
0.9999957914864387 -0.0006625400383284796 -0.002824544230231437 -0.006576865911483765 0.0006661642693807893 0.999998955871778 0.001282373003379508 -0.021901709958910942 0.0028236916575862816 -0.0012842492169387986 0.9999951887231115 0.9583830833435059
0.9999947821693382 -0.0007119928623719826 -0.003150984014791514 -0.007375222630798817 0.0007159811689241715 0.9999989438422321 0.0012647866957676145 -0.02348920702934265 0.0031500801677554605 -0.0012670361415429848 0.9999942357905632 1.0119556188583374
0.9999941239578951 -0.0006774741317692178 -0.003360517591479639 -0.007121735252439976 0.0006815955583018906 0.9999990168708509 0.001225432505838254 -0.02278743125498295 0.0033596840888339046 -0.0012277158190092006 0.9999936025978821 0.9866132736206055
0.999996189306995 -0.000684300124201087 -0.002674528898513302 -0.006920559797435999 0.0006877053831496841 0.9999989538943012 0.0012725060352331914 -0.023014910519123077 0.0026736553246354228 -0.001274340474024241 0.9999956138021614 0.9985822439193726
0.9999952390466627 -0.0007932893261551116 -0.0029820422620337106 -0.007907605729997158 0.0007971920667624529 0.9999988270884872 0.001307786854983953 -0.024528762325644493 0.0029810013110090653 -0.0013101578891058052 0.9999946985446917 1.0516947507858276
0.9999933267131811 -0.0007807811176312613 -0.003568880770078693 -0.008313165977597237 0.0007853354788260656 0.9999988789278695 0.0012749083062686742 -0.02491573430597782 0.00356788134477368 -0.0012777025671283219 0.9999928188236449 1.0604102611541748
0.9999933862000204 -0.0006723791911096195 -0.0035742778907018446 -0.007421812973916531 0.0006768856040705075 0.9999989774530641 0.0012597296158444631 -0.023136967793107033 0.0035734272198548215 -0.0012621406614939195 0.9999928187836424 0.9973746538162231
0.9999933205759558 -0.0006555864306308749 -0.0035956932440843418 -0.007240228354930878 0.000660235539653383 0.9999989475005814 0.0012919314074829617 -0.022415917366743088 0.003594842486919241 -0.0012942967825946914 0.9999927009250281 0.972845196723938
0.9999947355725415 -0.0005067153383123214 -0.003205006516185769 -0.006100048776715994 0.0005100597461267156 0.9999993262413663 0.0010427635728093615 -0.021527152508497238 0.003204475972488382 -0.0010443928280661563 0.9999943202725516 0.9414781332015991
0.9999957390334951 -0.0005475021259012821 -0.002867430256487133 -0.005122544709593058 0.0005504305660452733 0.9999993277136683 0.0010205872834609182 -0.01962115615606308 0.002866869555045602 -0.0010221612560318617 0.9999953681119332 0.8795225620269775
0.999994597996511 -0.0006115764833141481 -0.0032295436211707456 -0.005982727278023958 0.0006147517609307434 0.9999993285873272 0.0009822958652248007 -0.021895386278629303 0.003228940703763403 -0.0009842759264872272 0.9999943025551854 0.9625015258789062
0.999995300156866 -0.0005777711735391914 -0.003010954109653941 -0.00533518148586154 0.0005809487075908186 0.9999992752039029 0.001054556906046362 -0.020111097022891045 0.003010342634744983 -0.0010563011596929463 0.9999949110195918 0.8975868225097656
0.9999956467769019 -0.0005002130555328443 -0.002907957039679915 -0.004920044913887978 0.0005032327485900309 0.9999993348790125 0.001037785302115509 -0.019208738580346107 0.002907435991779699 -0.0010392441636184208 0.9999952333824007 0.8591161966323853
0.9999959164024167 -0.0003988889969360563 -0.0028298526567436906 -0.004331578034907579 0.00040173449941717054 0.9999994142587525 0.0010050331058913378 -0.018068959936499596 0.0028294501025347687 -0.0010061658511810567 0.9999954909110326 0.8147830367088318
0.9999962694347126 -0.0006037896044461419 -0.0026639359548613984 -0.005210192874073982 0.0006070295101505678 0.9999990769529348 0.0012155691887110972 -0.01938171684741974 0.002663199547883504 -0.0012171817416886293 0.9999957129091985 0.8685932755470276
0.9999958649669091 -0.0006135368768414032 -0.0028095589661130704 -0.0059972358867526054 0.0006166281433416294 0.9999992053975775 0.0010995335131233116 -0.02165364846587181 0.0028088821292730853 -0.0011012614196447333 0.9999954486918775 0.9492322206497192
0.9999958968986326 -0.0005834629416683962 -0.0028045956740985326 -0.005591742228716612 0.000586476117561101 0.9999992516405275 0.0010736685467975676 -0.020785951986908913 0.002803967129444102 -0.001075308969808959 0.9999954907293114 0.918152928352356
0.999996010116959 -0.0006004486145373624 -0.0027602919454086453 -0.005741383880376816 0.0006034053965613478 0.9999992449906362 0.0010704765690702637 -0.02083069644868374 0.0027596470951895867 -0.0010721378730498994 0.999995617424542 0.9222549796104431
0.9999962542704283 -0.0005712280672168735 -0.0026767785878513716 -0.00556167121976614 0.000574097100803743 0.9999992614953552 0.0010711775123935262 -0.02074279636144638 0.002676164724377901 -0.0010727102308790203 0.9999958437089269 0.9160109758377075
0.9999967004287791 -0.0009144714217791994 -0.0024005985864244085 -0.007870132103562355 0.0009171998662291632 0.9999989344489268 0.001135713615389179 -0.02412194386124611 0.0023995574508194097 -0.0011379116967235572 0.9999964736342876 1.0600403547286987
0.999996915768483 -0.0007191720924612245 -0.00237723474297277 -0.006394405383616686 0.0007218061325389569 0.9999991263803201 0.0011073547327138372 -0.021681757643818855 0.0023764362875534914 -0.0011090672199914322 0.999996561254324 0.9636740684509277
0.9999942493892031 -0.0007172627150991665 -0.0033146225610268328 -0.007322767283767462 0.0007206359265660922 0.9999992236103055 0.0010165936493602122 -0.025401271879673004 0.0033138908228669416 -0.0010189764394262786 0.9999939898892545 1.086530089378357
0.9999956854011972 -0.0006694042793491729 -0.0028602581878019277 -0.0065352218225598335 0.000672505337112519 0.9999991870293183 0.0010833638696995814 -0.023067563772201538 0.00285953065408541 -0.0010852827343159426 0.9999953226119735 1.0013407468795776
0.9999965539611867 -0.000737344788771194 -0.0025196008441457965 -0.00686626136302948 0.0007402468317937582 0.9999990635606377 0.0011510484244648116 -0.023794788867235184 0.002518749765134987 -0.0011529095844495286 0.9999961633421953 1.0281721353530884
