0.9999970751685188 0.0010999188946003845 0.0021540271197494723 0.0013337587006390095 -0.0010982571585242543 0.9999990985475405 -0.0007724864526508968 -0.021136872470378876 -0.0021548748504415217 0.0007701185175542811 0.999997381712496 0.352979838848114
0.9999970565639622 0.0013485695229542626 0.0020169838010536756 0.0012571054976433516 -0.0013469434135390125 0.999998766964209 -0.000807349678115871 -0.02137134224176407 -0.002018070081210733 0.0008046305386876892 0.9999976399786371 0.3416905701160431
0.9999977110090592 0.0018785293667570894 0.0010242578096702271 0.00040700286626815796 -0.0018775907922394704 0.9999978173023223 -0.000916538819995761 -0.022725414484739304 -0.0010259773191142192 0.0009146135850143889 0.9999990554258195 0.30440473556518555
0.9999977859550327 0.001413613939503175 0.0015587753726737973 0.001059303991496563 -0.0014122825885452893 0.9999986373259906 -0.0008548707808893709 -0.02258252538740635 -0.0015599817058234498 0.0008526674568487406 0.999998419706394 0.32366448640823364
0.9999977567418444 0.0013967244053299482 0.001592379419033842 0.0009636736940592527 -0.0013954833620157575 0.9999987219492811 -0.0007802089402456274 -0.022131001576781273 -0.0015934671207602788 0.0007779850510502811 0.9999984277996616 0.3474413752555847
0.9999975681528748 0.0013833542484450586 0.0017175620395060017 0.0012295825872570276 -0.0013820192848586232 0.9999987422230334 -0.0007781870256835529 -0.022405993193387985 -0.0017186363875240941 0.0007758114293901333 0.9999982222012163 0.33311140537261963
0.9999971330037764 6.274505252396555e-05 0.002393751717652348 0.0004075993783771992 -6.112406477662969e-05 0.9999997688037372 -0.0006772417003075955 -0.021471017971634865 -0.002393793657791954 0.0006770934428231493 0.9999969056434092 0.4512743651866913
0.9999933265683596 -0.0003427342957144035 0.0036372176108390437 0.0015899909194558859 0.0003442627660589251 0.999999852704072 -0.00041961289566614014 -0.02003364823758602 -0.0036370732593614314 0.00042086225400363115 0.9999932972640713 0.49663519859313965
0.9999968011497651 0.00051438706490425 0.002476508870381853 0.0013766875490546227 -0.0005126658240668864 0.999999626648936 -0.0006956117751888653 -0.020946921780705452 -0.002476865759473983 0.0006943399285701315 0.9999966915085636 0.41866976022720337
0.9999947227585818 -0.00019916321929791086 0.0032426515383474365 0.0013268755283206701 0.0002009354262913737 0.9999998306378197 -0.0005462135904767976 -0.01996508240699768 -0.003242542203507798 0.0005468622715449871 0.9999945934162416 0.48986151814460754
0.999994229718999 -0.0002433413758033531 0.003388408723967413 0.0017125592567026615 0.00024501283032109694 0.9999998485191878 -0.0004928796147289727 -0.01971455104649067 -0.0033882882726849533 0.00049370697428684 0.99999413786082 0.5009333491325378
0.9999944086968118 -0.0006658520055429909 0.003277074338544685 0.002163537312299013 0.0006671720742819155 0.999999696742115 -0.0004017425808638383 -0.018761426210403442 -0.0032768058436428715 0.000403926707083288 0.9999945496784861 0.5536196827888489
0.9999917354258325 -0.0006797784914780892 0.004008363909950121 0.0022721504792571068 0.0006810027272684024 0.9999997218903371 -0.00030406337176796833 -0.01872732862830162 -0.004008156099445211 0.00030679056556824093 0.9999919202494746 0.5411819815635681
0.9999939653931027 -0.0005754682941957296 0.0034260784609655487 0.0020283893682062626 0.0005767562327545965 0.9999997633838652 -0.0003749459451807516 -0.019177021458745003 -0.0034258618807966167 0.00037691969463563284 0.9999940606833211 0.5343610644340515
0.9999923497518364 -0.0009502963419805993 0.003794387258008403 0.0033000572584569454 0.0009508849952524155 0.9999995361526539 -0.00015333689433929745 -0.016861464828252792 -0.003794239782502161 0.00015694374718382023 0.9999927895305712 0.6201524138450623
0.9999924737595336 -0.0009560410244369376 0.003760107690991762 0.0029721215832978487 0.0009567081425544517 0.9999995269325331 -0.0001756252820802767 -0.01730397902429104 -0.003759938007232545 0.00017922128592702522 0.99999291534786 0.601394772529602
0.9999926337144937 -0.0009586518946570549 0.0037166521622780052 0.002854899037629366 0.000959361203471065 0.9999995219395624 -0.00018906805058538335 -0.017461346462368965 -0.0037164691350487335 0.00019263226974742896 0.999993075351013 0.6003077030181885
0.9999917845435624 -0.0009438305394218092 0.00394208438450679 0.003499866696074605 0.0009442317896370101 0.9999995492204176 -9.992641992922006e-05 -0.01656615175306797 -0.003941988293888812 0.00010364784038135312 0.9999922249624825 0.6323996186256409
0.9999926115799058 -0.0011193006903250857 0.003677492564796056 0.0035547881852835417 0.0011194666041162958 0.999999372470073 -4.3057897072027065e-05 -0.01574734039604664 -0.003677442062325499 4.717440905537029e-05 0.999993237074358 0.6787273287773132
0.9999948322755604 -0.0010985608609834353 0.0030213550285497267 0.003170402254909277 0.0010993478030806364 0.9999993622252891 -0.00025881155893229776 -0.01618528924882412 -0.0030210687813568837 0.0002621317414784422 0.9999954022046144 0.6761246919631958
0.9999953213204194 -0.0010982210352941542 0.002855039023991726 0.002893222961574793 0.0010988295677381824 0.9999993739028192 -0.00021158343566750863 -0.015630099922418594 -0.002854804871080073 0.0002147196470330171 0.9999959019839136 0.7138895392417908
0.9999967055184074 -0.0011462636428164498 0.0022967437804026483 0.002299864776432514 0.001147006308402021 0.9999992903251528 -0.0003220647750039609 -0.01570880599319935 -0.0022963729793191376 0.000324698093572393 0.9999973106175275 0.7378659248352051
0.999993872725404 -0.0008686209036795284 0.00339116637377191 0.0027005751617252827 0.000869776374136965 0.9999995641925049 -0.00033926959737327634 -0.0178059209138155 -0.003390870199211925 0.0003422170749679656 0.9999941924265191 0.5974853038787842
0.999995409969937 -0.0011199279401250624 0.002815279820359395 0.0030891341157257557 0.0011206996029820748 0.9999993348781788 -0.00027253550254777875 -0.015678536146879196 -0.0028149727277313736 0.000275689334578589 0.9999959999539664 0.7197056412696838
0.9999922470950767 -0.0010186202886351505 0.0038037037800030876 0.0029347375966608524 0.001019033925568714 0.9999994750806719 -0.0001068093567218746 -0.017391063272953033 -0.003803592985187683 0.00011068463183372416 0.99999276018845 0.610501229763031
0.9999960111749162 -0.0007324860218362412 0.0027278376940379897 0.0012145054060965776 0.000733851519968818 0.9999996059249788 -0.000499611683147199 -0.019628535956144333 -0.0027274706604910413 0.0005016115181215831 0.9999961546374473 0.5498365163803101
0.9999937859693945 -0.0012970253106584313 0.0032780707650059302 0.002826904645189643 0.0012970744775938064 0.999999158715691 -1.2872828239827175e-05 -0.016072599217295647 -0.0032780513108323856 1.712465017271411e-05 0.9999946270287405 0.6825016736984253
0.9999956992457424 -0.0011505534421520896 0.0026977243735223813 0.0029171016067266464 0.0011514606920509677 0.9999992810324381 -0.00033477288075519686 -0.01585952565073967 -0.002697337259855774 0.00033787776455340343 0.9999963050983353 0.7194235920906067
0.9999929444582903 -0.0011723521816859228 0.0035688407082314242 0.003586948150768876 0.0011729793301347264 0.9999992969839215 -0.00017364087593471644 -0.01629827357828617 -0.0035686346310192926 0.00017782582718757262 0.9999936165920488 0.6828944683074951
0.9999923698882301 -0.001129719318453795 0.003739505259089696 0.003869898384436965 0.0011302462549544106 0.9999993516387071 -0.0001388004630770487 -0.016242360696196556 -0.0037393460289746835 0.00014302596582847015 0.9999929983929131 0.673856258392334
0.9999940126742634 -0.0011260104417071997 0.0032721118731539717 0.0036917277611792088 0.0011268418626623291 0.9999993332957811 -0.0002522605991953033 -0.015842780470848083 -0.0032718256435544557 0.0002559462414669098 0.9999946148097397 0.7016320824623108
0.9999988179775423 -0.0010762353342958853 0.001098071501973282 0.0010541831143200397 0.0010768150625914937 0.9999992811079798 -0.0005274967722725112 -0.015482521615922451 -0.001097503001913395 0.0005286785686926073 0.9999992579927907 0.7945857048034668
0.9999950712105594 -0.0012131096537686325 0.002895845223081426 0.0030115365516394377 0.0012137178012946418 0.9999992417584018 -0.00020825878120903972 -0.015848949551582336 -0.00289559038659315 0.000211772493642406 0.9999957853454803 0.7074452042579651
0.9999946085058072 -0.0008741909159239584 0.003165240837562491 0.0023250561207532883 0.0008754429326367111 0.9999995391076748 -0.00039418791149871467 -0.017931915819644928 -0.0031648947832358825 0.00039695677395821616 0.9999949129202261 0.5924766659736633
0.9999986706619337 -0.0010155130653744448 0.0012756988591722757 0.0009203411173075438 0.0010160979068856836 0.999999378943677 -0.00045788350457684127 -0.015390537679195404 -0.0012752330802101159 0.00045917913083549016 0.9999990814671365 0.7858327627182007
0.9999970910040595 -0.0013472729317913817 -0.0020007096406773066 -0.0029384722001850605 0.001345594943180591 0.9999987420492001 -0.0008398060886970399 -0.015038106590509415 0.002001838571894268 0.0008371115009292689 0.999997645940563 0.9066935777664185
0.9999988282663117 -0.0012673339409693465 -0.0008586796176128736 -0.0014794250018894672 0.0012667298177012083 0.9999989500806435 -0.0007037280579497914 -0.015220802277326584 0.0008595705745215742 0.0007026395182924359 0.9999993837178774 0.8647749423980713
0.9999975134501493 -0.0013685792465007495 -0.001760705643812053 -0.0024962909519672394 0.0013671842306169843 0.9999987507683502 -0.0007932647844393148 -0.014977511018514633 0.0017617890900038004 0.0007908556029559055 0.9999981353215701 0.8943958878517151
0.9999959798428311 -0.0013642330932045303 -0.0024857928802162607 -0.0032547363080084324 0.0013621967151432675 0.9999987354221632 -0.0008207156531245311 -0.014543918892741203 0.0024869093841917815 0.0008173262148226574 0.9999965736239165 0.9214121699333191
0.9999940989446664 -0.001354822012313532 -0.003156981653354763 -0.00430078012868762 0.001351838792390832 0.9999986379534255 -0.0009469018815355674 -0.014657065272331238 0.0031582602369113217 0.000942628563549298 0.9999945684070825 0.9485158920288086
0.9999985643406133 -0.001322210511035444 0.0010597528374880702 0.0009581111371517181 0.0013227315118347135 0.999999004612946 -0.0004910748055340036 -0.0155562125146389 -0.0010591024783542337 0.0004924758689907513 0.9999993178844966 0.7776868939399719
0.9999981239145198 -0.0010173105063858699 0.0016484073447423787 0.0006009780336171389 0.0010176324004327448 0.9999994633068328 -0.00019444882123617182 -0.015836304053664207 -0.0016482086452246222 0.00019612592915668284 0.9999986224704921 0.7796124219894409
0.99999620030158 -0.0006651672927723082 0.0026752448252314346 0.0009430963546037674 0.0006667587918723555 0.999999601268209 -0.0005940506177515064 -0.019553733989596367 -0.002674848615485095 0.0005958321035459468 0.9999962450774446 0.5608324408531189
0.9999992897808687 -0.0010243160825141005 -0.0006092736013994229 -0.0018812860362231731 0.001023935748601003 0.9999992809483066 -0.0006242262831805754 -0.015661243349313736 0.0006099125683211978 0.0006236019828219752 0.9999996195635407 0.8893404006958008
0.999991427925111 -0.0013982819142544052 -0.003897291878455146 -0.005420994479209185 0.0013942993919647687 0.99999850326694 -0.0010243988898404961 -0.014881694689393044 0.003898718443690193 0.001018956116920057 0.9999918808285039 0.9860795736312866
0.999997349250818 -0.0014110701137781208 -0.001819442901431823 -0.0026865401305258274 0.0014095726599744642 0.9999986670235546 -0.0008240485605938721 -0.015332627110183239 0.0018206032664534475 0.0008214817392775812 0.9999980052837597 0.8990635275840759
0.9999986132913548 -0.001218704022955934 -0.001134978357589786 -0.001890609972178936 0.0012178643623166382 0.9999989844541192 -0.0007402007332276444 -0.015229722484946251 0.0011358792905785692 0.0007388174570911792 0.9999990819630798 0.8812756538391113
0.9999990220396113 -0.0012300410481609612 -0.000665521480799192 -0.0011293026618659496 0.001229615372623147 0.9999990394506065 -0.0006396435728083362 -0.015003332868218422 0.0006663076293836837 0.0006388246118186572 0.9999995739685387 0.8561564683914185
0.9999950083334219 -0.0008167470946707712 0.00305225038667802 0.002498888410627842 0.0008180370978746059 0.9999995766120501 -0.0004214155044047948 -0.017710451036691666 -0.0030519049045031137 0.00042391025488741066 0.9999952530770083 0.6042489409446716
0.9999992216481652 -0.0012156596164794578 0.00028084650633333096 0.0001305295154452324 0.0012158086614809916 0.9999991198497441 -0.0005311393746761461 -0.015008648857474327 -0.00028020057445769065 0.0005314804168777862 0.9999998195080858 0.8079060912132263
0.9999990279405834 -0.001231663592826953 -0.0006535462358012171 -0.001091268379241228 0.0012312314504142577 0.9999990234295587 -0.0006612178494642864 -0.014945968985557556 0.0006543599955193936 0.000660412540041431 0.9999995678340432 0.8486012816429138
0.9999990005757059 -0.0012259249410703442 0.0007042411720139232 0.00047321035526692867 0.0012262854512198407 0.9999991171883491 -0.0005117094046287845 -0.015362884849309921 -0.0007036132329798966 0.0005125724939173646 0.9999996210988568 0.7959507703781128
0.9999993457899086 -0.0010968711168968623 -0.0003244896116787217 -0.0008094287477433681 0.0010966690487510943 0.9999992050606692 -0.0006222499718578876 -0.014990138821303844 0.00032517188175078764 0.0006218937070619072 0.999999753755702 0.8457472324371338
0.9999972212394597 -0.0013561784195722003 -0.001928287699912925 -0.0024755196645855904 0.0013546582642207034 0.9999987708480278 -0.0007894323409918064 -0.014626691117882729 0.0019293559408588609 0.0007868179764798858 0.9999978292492067 0.8948203921318054
0.9999987044578574 -0.0012215212614541486 -0.0010483169436751884 -0.0016607069410383701 0.0012208489999591145 0.9999990488884262 -0.0006416774596768467 -0.014663053676486015 0.0010490997692688014 0.0006403967916643297 0.9999992446405264 0.8631409406661987
0.9999992202906313 -0.0012409440691221291 -0.0001395562492334678 -0.0008577564731240273 0.0012408631444512169 0.999999062814764 -0.0005784706132087242 -0.015347490087151527 0.00014027396812003426 0.000578296991963516 0.9999998229478858 0.8314762711524963
0.9999969143398785 -0.0012344551104240787 0.002155790180398581 0.002092091366648674 0.001235113097679467 0.9999991910656462 -0.0003039139500966079 -0.01575828529894352 -0.0021554132683770186 0.00030657565700911076 0.9999976300996962 0.7395758032798767
0.9999947897051464 -0.001151080410036822 0.0030158873403309176 0.003168263006955385 0.0011517581427465398 0.9999993118632633 -0.00022299367815159778 -0.015755340456962585 -0.0030156285813335627 0.00022646608909061646 0.9999954273382303 0.7044134736061096
0.9999939610701367 -0.0010688269259397185 0.0033068765112015766 0.0033364840783178806 0.0010694733217158417 0.9999994093518282 -0.00019370805055546168 -0.015950322151184082 -0.003306667517620806 0.00019724349697306925 0.9999945135074146 0.6861284971237183
0.9999993169908684 -0.0011625722070306415 -0.00012018177981545253 -0.0005261446349322796 0.0011625021007221781 0.9999991550665974 -0.0005817688174557806 -0.015016743913292885 0.00012085802652794357 0.0005816287085308617 0.9999998235506758 0.83033287525177
0.9999961709313901 -0.0013099801508315492 -0.0024376370857992157 -0.0032315594144165516 0.0013079090872778242 0.9999987825690309 -0.0008510195504638992 -0.014559721574187279 0.002438748936863414 0.00084782808415565 0.9999966668400262 0.9180009365081787
0.9999961478752805 -0.0013242023740437836 -0.0024394103125352814 -0.003171814139932394 0.0013221527435524681 0.9999987717791637 -0.000841636671405566 -0.014434595592319965 0.002440521813679065 0.0008384081562787705 0.9999966704569774 0.9127405285835266
0.9999969074614191 -0.0013350970089885707 -0.0020982334413898428 -0.0028233989141881466 0.0013334584587561256 0.9999988050846006 -0.000782123973351716 -0.014510595239698887 0.0020992751455558723 0.000779323647472287 0.9999974928461149 0.8974981307983398
0.999996028689201 -0.0012507674172502962 -0.0025255072153851856 -0.00359252467751503 0.0012487748109663768 0.9999989079019498 -0.0007904153209278151 -0.014402884989976883 0.0025264930830131917 0.0007872583921474285 0.9999964985223327 0.9229040145874023
0.9999915187801539 -0.0014209357067534265 -0.0038656577032004672 -0.005108294542878866 0.0014171831841147133 0.9999985221390055 -0.0009732993514371362 -0.014360597357153893 0.0038670349860975466 0.0009678127515788413 0.9999920546578829 0.969078779220581
0.9999910427247732 -0.001277329861716582 -0.004035207385631503 -0.005568390246480703 0.0012732783266093247 0.9999986829036535 -0.0010064557919962698 -0.014344882220029831 0.004036487646912213 0.001001308834787239 0.9999913520366531 0.988385796546936
0.99998776857388 -0.0014085647148390854 -0.004741165265634956 -0.006534579675644636 0.0014035302132463141 0.9999984479059723 -0.001065029852597628 -0.014347054995596409 0.004742658070371283 0.001058362457067358 0.9999881934619713 1.0136312246322632
0.9999944196653962 -0.0014477160605281393 -0.0030107733683435722 -0.004130019340664148 0.0014451079905868115 0.9999985789092465 -0.0008682409705864577 -0.014712728559970856 0.003012026056158904 0.0008638852328588858 0.99999509068862 0.9396170973777771
0.9999990784862645 -0.0013296676645652384 -0.00027388049099616164 -0.0006165564991533756 0.0013295167428215792 0.9999989646688536 -0.0005504965494388484 -0.014948183670639992 0.0002746121849004026 0.0005501319134504052 0.9999998109714947 0.8272899389266968
0.999998462841433 -0.0012167651849013528 -0.0012624568333841648 -0.001772844698280096 0.0012159338339971866 0.9999990435607717 -0.0006590769706486541 -0.014462091960012913 0.0012632575678329808 0.0006575408935651696 0.9999989859096312 0.869293212890625
0.9999979396653418 -0.0013945085224284436 -0.001475130859391462 -0.001884667668491602 0.0013935062370762895 0.999998797689265 -0.000680264942188498 -0.01435200683772564 0.0014760777210851852 0.0006782079365619951 0.9999986806134077 0.8614424467086792
0.9999990044283955 -0.0012915631257312738 -0.0005683369687915076 -0.0007930640131235123 0.001291258461914406 0.9999990226222353 -0.0005361027502637963 -0.014352044090628624 0.0005690288238554352 0.0005353683466149501 0.999999694793419 0.8290891647338867
0.9999984724069253 -0.0012471617699199348 0.0012246515159773134 0.0012390885967761278 0.001247567254135757 0.999999167207649 -0.00033039363625343287 -0.014767060987651348 -0.0012242384417847382 0.0003319209666754632 0.9999991955340313 0.7546685934066772
0.9999965341418294 -0.001155570985204138 0.002365662703548948 0.0026477619539946318 0.0011560866289013285 0.9999993082707515 -0.000216614230922453 -0.015171409584581852 -0.0023654107540306275 0.0002193483911883144 0.9999971783551431 0.7105773687362671
0.9999991620877164 -0.0011989818823803942 0.0004881253022664663 0.00024481164291501045 0.0011991862989584117 0.9999991933201716 -0.0004187018346258683 -0.014757475815713406 -0.0004876228925917954 0.0004192868369651108 0.99999979321121 0.7942864298820496
0.9999989086509272 -0.001224847924586207 0.0008261020011192191 0.0007500427309423685 0.0012251840455034095 0.9999991668435863 -0.0004064925435110195 -0.014916060492396355 -0.0008256034212987592 0.0004075042268774887 0.9999995761595581 0.7818313837051392
0.9999977997985996 -0.0010452344246242398 -0.0018187586309131787 -0.0027008578181266785 0.0010437299206933074 0.9999991125485717 -0.0008279673435425131 -0.014746886678040028 0.0018196224368231691 0.000826067229046001 0.9999980032915669 0.9060070514678955
0.999995058635282 -0.0014347766067890574 -0.002797163046264608 -0.003472937736660242 0.0014324878449668552 0.9999986377262045 -0.0008200757948620976 -0.014136779122054577 0.0027983358613289503 0.0008160648405043343 0.9999957516682675 0.9220182299613953
0.9999971065054963 -0.001322226320070852 -0.002009651261642741 -0.0025705252774059772 0.0013208507419597906 0.9999988926118134 -0.0006856591459006747 -0.0140311224386096 0.002010555632747982 0.0006830027125896835 0.9999977455841299 0.8851754665374756
0.9999964622807901 -0.0012822674763274546 -0.002330496947799864 -0.0030604987405240536 0.0012805857825102288 0.9999989187195676 -0.0007229521072780945 -0.013943294063210487 0.0023314214458532213 0.0007199651484190007 0.9999970230576825 0.8997929096221924
0.9999920386569928 -0.0014078555465953148 -0.003733706655796219 -0.0047141206450760365 0.001404491384451878 0.9999986055505325 -0.0009034937419213507 -0.013875511474907398 0.0037349734380068386 0.00089824259006763 0.9999926215396128 0.9559388160705566
0.9999887128504112 -0.0013309727119590073 -0.004560995880045805 -0.006197740789502859 0.0013262824136520896 0.9999985887791878 -0.0010312199533227223 -0.014246556907892227 0.004562361969091395 0.001025159145164406 0.9999890668912287 1.007351040840149
0.9999897754071811 -0.0015391123207947315 -0.00425208353158879 -0.005323387216776609 0.001535043515207394 0.9999983610243217 -0.000959994831770098 -0.014148127287626266 0.004253554102400776 0.0009534578829625493 0.9999904990526478 0.980544924736023
0.9999920539654829 -0.0013582805290768458 -0.0037479434225989768 -0.00476102763786912 0.0013548598909984726 0.9999986635101646 -0.0009150587741087523 -0.013909904286265373 0.0037491813200265225 0.0009099735648031372 0.999992557766077 0.9593175649642944
0.999991727691939 -0.0014224186522701833 -0.003810678793717046 -0.0048606242053210735 0.001418846512008432 0.9999985516906961 -0.000939942065158449 -0.014182194136083126 0.0038120102658010294 0.0009345275213532764 0.9999922975883592 0.9652993679046631
0.9999981609333444 -0.001442785833092806 -0.0012635264019835372 -0.0017153862863779068 0.0014419901358736962 0.9999987616117336 -0.0006304279869335233 -0.01458132266998291 0.0012644344098156 0.0006286048349263576 0.9999990030302952 0.8540023565292358
0.9999961701997648 -0.0010215215582217844 0.002572174082162175 0.002790722530335188 0.0010223281424424817 0.99999942866132 -0.0003122854508512093 -0.015833139419555664 -0.002571853606259267 0.00031491386081177174 0.99999664319351 0.6829336881637573
0.9999991360879203 -0.0012702435615381594 0.00033808979233553504 9.142467752099037e-05 0.0012703827506142476 0.9999991082751457 -0.0004117967711397954 -0.014713522978127003 -0.0003375664086552616 0.00041222591882393215 0.9999998580593459 0.7963100075721741
0.9999989139000844 -0.0013343880804612945 -0.0006257851884764339 -0.0009875679388642311 0.0013340673313753937 0.9999989787049877 -0.000512692243814245 -0.014424430206418037 0.0006264686797842328 0.0005118568474028373 0.9999996727697269 0.8302356004714966
0.9999989988181822 -0.0012958082319585679 -0.0005685452129401762 -0.000935734249651432 0.001295521855882526 0.9999990339143395 -0.0005037792258172085 -0.014388974756002426 0.0005691974649447024 0.000503042158693186 0.9999997114813746 0.8290692567825317
0.9999989114072335 -0.0012560770105943242 -0.0007742447231138764 -0.0012725763954222202 0.0012556452017632913 0.9999990560228971 -0.0005579502145549536 -0.014497779309749603 0.0007749448206821445 0.0005569774305028176 0.9999995446182297 0.8428201675415039
0.9999954195703649 -0.0013043908387028636 -0.0027311907348073284 -0.0036942516453564167 0.001302232918874463 0.9999988386746381 -0.0007917315202241948 -0.01423335075378418 0.0027322202903479528 0.0007881712472710854 0.9999959568710116 0.9253885746002197
0.9999923559774307 -0.0014364205233144398 -0.003636575695295687 -0.004608371760696173 0.0014332168091823086 0.9999985827258655 -0.0008834227969650411 -0.013961324468255043 0.0036378395079073407 0.0008782040426468813 0.999992997416169 0.9530619382858276
0.9999975803130918 -0.0013735295420431184 -0.0017183668287472286 -0.0020761732012033463 0.0013724308736368972 0.9999988531704688 -0.0006403836693006661 -0.014038760215044022 0.001719244443961431 0.0006380237800846793 0.9999983185606851 0.8706120848655701
0.999994868734807 -0.0013460510074989709 -0.0029070002995537827 -0.003588664811104536 0.001343729690450491 0.999998776928746 -0.0008003321382295389 -0.013808650895953178 0.002908074031966278 0.0007964218089004361 0.9999954543985323 0.9190444946289062
0.9999957396347376 -0.0013562731697643032 -0.0025848085930829908 -0.0031604808755218983 0.0013542985761665154 0.9999987899266521 -0.0007655198221161504 -0.013880033046007156 0.002585843719270662 0.0007620159581248173 0.9999963663653678 0.9056740999221802
0.9999967508918497 -0.001417580376065228 -0.002118648536496478 -0.0025828611105680466 0.0014161283959684137 0.999998761527285 -0.0006866762426373952 -0.013983836397528648 0.002119619331374346 0.000683673733198409 0.9999975198989828 0.8802732229232788
0.9999990814982049 -0.0012882065943051705 -0.00042133895704275407 -0.0006433217786252499 0.0012880023910128377 0.9999990531223474 -0.0004845660421190391 -0.014274622313678265 0.00042196277925714564 0.0004840229114601617 0.9999997938345957 0.8161706924438477
0.9999961730408217 -0.0014055645632192195 -0.0023829166938017783 -0.0028568878769874573 0.0014038962760512745 0.9999987683936883 -0.0007016312084453151 -0.013772685080766678 0.0023838999469495774 0.0006982831554587534 0.9999969147060793 0.8911160230636597
0.9999957950070023 -0.0013818846411935612 -0.0025495809756798673 -0.0032246941700577736 0.0013799976508938458 0.9999987727218026 -0.0007417286374984763 -0.013881676830351353 0.0025506028300468163 0.0007382071027775477 0.9999964747315244 0.9002774953842163
0.9999982624502799 -0.0013542975953114687 -0.0012810052475814545 -0.0017766691744327545 0.0013534884767085686 0.9999988841423054 -0.0006322840242540954 -0.014313118532299995 0.0012818601188954934 0.0006305490997879613 0.9999989796207135 0.8530291318893433
0.9999990707362857 -0.0012829491321192446 -0.0004610510700426649 -0.0007618437521159649 0.0012827122212811276 0.9999990453401509 -0.0005137783022456565 -0.014413166791200638 0.0004617097813226878 0.0005131864289679445 0.9999997617318549 0.8258055448532104
0.9999945977518422 -0.0012982933240407318 -0.00301975190642533 -0.0041157896630465984 0.0012957987420163244 0.9999988177443504 -0.0008278982557599073 -0.014129439368844032 0.0030208231910850156 0.0008239807925265329 0.9999950978294353 0.9349187612533569
0.9999931803820205 -0.001465973253180762 -0.003389706753186157 -0.004495762754231691 0.001463088177047956 0.9999985654955873 -0.0008534516702437488 -0.014146637171506882 0.003390953027958322 0.0008484864101551476 0.9999938907355254 0.9423680305480957
0.9999969705896279 -0.001361136113736188 -0.002050882748125486 -0.003037563990801573 0.001359672757803383 0.9999988202102952 -0.000714750312530594 -0.01440490409731865 0.0020518532009778235 0.0007119596178565086 0.9999976415031907 0.8902144432067871
0.9999935317283639 -0.0014080255317737978 -0.00330967755762009 -0.00441180681809783 0.0014050685801463819 0.9999986118572134 -0.000895581337024766 -0.014285126700997353 0.0033109339647033735 0.0008909252202147783 0.999994121966991 0.9439573287963867
0.9999905115693164 -0.001353864890133952 -0.004140509774892973 -0.005434019956737757 0.0013496766947989278 0.9999985749415718 -0.001014143798833189 -0.014131053350865841 0.00414187688810741 0.0010085458266522903 0.9999909138043 0.9818019866943359
0.9999890545678843 -0.00149823268528036 -0.004432385728868368 -0.00571484724059701 0.0014938463356831005 0.9999983914251541 -0.000992758897956 -0.014218416064977646 0.004433865982873699 0.000986126728601471 0.999989684140052 0.9926918745040894
0.9999899834416346 -0.0014013203811333974 -0.004250801993595394 -0.005598459858447313 0.0013971296424541565 0.9999985352697864 -0.0009886794444623408 -0.014151032082736492 0.004252181223973214 0.0009827306198275255 0.9999904765523356 0.9865407347679138
0.999995444474796 -0.0014602011035883514 -0.0026417498731080673 -0.0032896408811211586 0.001458163093000457 0.9999986379415914 -0.0007732240013401575 -0.014058653265237808 0.002642875337430517 0.0007693683767328262 0.9999962116339499 0.9046013355255127
0.999994529601762 -0.0012808773532539007 -0.0030496097712015497 -0.004130297806113958 0.0012782248444738226 0.9999988032470885 -0.0008715765244501268 -0.014180339872837067 0.0030507225042039725 0.0008676736696039433 0.9999949701046528 0.9362461566925049
0.9999866603196819 -0.0012379119335532657 -0.005014654198832911 -0.007118675392121077 0.0012322462270935818 0.9999985992086597 -0.0011327620906406587 -0.014452150091528893 0.005016049434058616 0.0011265676912398024 0.9999867849593373 1.0394996404647827
0.9999833239157687 -0.0015763685636644637 -0.005555803499283695 -0.007478198502212763 0.001569977179968671 0.9999981010665645 -0.0011545713143637872 -0.01481583807617426 0.00555761297910714 0.0011458295759250322 0.9999838998766719 1.0559484958648682
0.9999867143295337 -0.001408798648363025 -0.004958472626970935 -0.006809369195252657 0.001403358381563951 0.9999984097696644 -0.0011004741686077833 -0.014510175213217735 0.004960015088378637 0.0010935010339498071 0.9999871011697161 1.0282588005065918
0.9999867614958879 -0.0015721756348843338 -0.004899499641723313 -0.006430467125028372 0.0015669399366085497 0.9999981974617391 -0.0010722744553555569 -0.014586546458303928 0.004901176613960369 0.0010645830383877548 0.9999874224862797 1.0182517766952515
0.9999924518323032 -0.0014512498157416 -0.0036041853991091886 -0.004686461295932531 0.001447923182659658 0.9999985235482444 -0.0009254295157576973 -0.01421724259853363 0.0036055231071175538 0.0009202039468665472 0.9999930766899441 0.9528061151504517
0.9999945171512187 -0.0013831491512740672 -0.003008748232520983 -0.0039766342379152775 0.0013805637923203075 0.9999986761986922 -0.0008611878300763185 -0.01418397668749094 0.003009935400752395 0.0008570293394436475 0.9999951028828066 0.9272029399871826
0.9999933342596286 -0.001280495224378161 -0.0034193227825431165 -0.004778706934303045 0.001277356762159068 0.9999987610831061 -0.0009198869251313642 -0.014341771602630615 0.003420496457100954 0.0009155130983256641 0.9999937310002267 0.9577001929283142
0.9999892849554896 -0.0015433229453793067 -0.004364416168849702 -0.005646225530654192 0.0015389298615958546 0.9999983060508001 -0.0010097476968862656 -0.01438475027680397 0.004365967142540073 0.0010030203470240745 0.9999899660902072 0.9891494512557983
0.9999931542393615 -0.0014329238140890423 -0.0034114811674300126 -0.004400782752782106 0.001429862153157521 0.9999985729909876 -0.0008997278541870029 -0.014145334251224995 0.003412765540684104 0.0008948437470579554 0.9999937761236481 0.9425950050354004
0.9999911225227037 -0.0013576600485736673 -0.003988939078924757 -0.005168213043361902 0.0013536156083486894 0.9999985672876198 -0.0010164386319838838 -0.014072076417505741 0.003990313342044826 0.0010110301183750207 0.999991527572875 0.9716494679450989
0.99998866274204 -0.0013183766302352212 -0.004575616947184099 -0.006283459719270468 0.0013135714110514623 0.9999985828323045 -0.0010530258928009488 -0.014271746389567852 0.004576998747495674 0.00104700355476502 0.9999889773722618 1.0099152326583862
0.9999886017732913 -0.001437642441870791 -0.004552966912599804 -0.006065050605684519 0.0014330177542311298 0.9999984541992208 -0.0010188519444886527 -0.01432565413415432 0.0045544246194173825 0.0010123158489630244 0.9999891161572749 1.0030426979064941
0.9999890392090874 -0.001352401336732151 -0.004482462750603457 -0.006115329917520285 0.0013478509533131797 0.9999985734675797 -0.0010180179827452025 -0.014269302599132061 0.004483833125105703 0.0010119651327713565 0.9999894355277341 1.002684473991394
0.9999956269627939 -0.0014718495647693022 -0.002565095348622567 -0.0031492426060140133 0.001469848626773708 0.9999986141859067 -0.0007817744434074077 -0.01421334594488144 0.0025662424482515594 0.0007780007228029635 0.9999964045508224 0.904926061630249
0.9999962438568037 -0.001309443500784938 -0.0024078268214840566 -0.003117675893008709 0.0013075986888108923 0.9999988504967223 -0.0007675877168063635 -0.014075757004320621 0.0024088291664262876 0.0007644363624423273 0.9999968065844484 0.9041275382041931
0.9999977928406367 -0.0013586136180515414 -0.0016026487112719317 -0.0021372647024691105 0.0013575645905400623 0.9999988636913907 -0.0006554649569411799 -0.014299859292805195 0.0016035374137850593 0.0006532878110840654 0.9999985009402755 0.8691331148147583
0.9999990260156766 -0.001382634725836262 -0.00019049649084192796 -0.0004933788441121578 0.0013825410965575056 0.9999989238670596 -0.0004907594513916188 -0.014643539674580097 0.00019117482690190555 0.0004904956041722675 0.9999998614331144 0.808722734451294
0.9999978778771179 -0.0012098294575007356 -0.0016674993086957192 -0.002446411643177271 0.0012086664097966824 0.9999990257427989 -0.0006983115084753857 -0.014428411610424519 0.001668342521955975 0.0006962945761697751 0.9999983659022111 0.8858599662780762
0.9999974949699263 -0.0014015211582240198 -0.0017452198471701761 -0.0023586913011968136 0.0014003320074952258 0.9999987866916582 -0.0006824115180700028 -0.014362639747560024 0.0017461741438615686 0.0006799659213965191 0.9999982442595611 0.8735820055007935
0.9999959570805015 -0.0013729547648100688 -0.002490144145459375 -0.003072622697800398 0.0013710073881522003 0.9999987531759061 -0.0007835721883200728 -0.0140803512185812 0.0024912168498571847 0.0007801550143798055 0.9999965925925749 0.9052067995071411
0.9999971395304823 -0.0014054733940102974 -0.0019353489070789087 -0.0022663413546979427 0.0014041228841400978 0.9999987699223265 -0.0006989941061883063 -0.013943047262728214 0.001936328944068245 0.0006962746390477474 0.9999978829136829 0.8716604709625244
0.9999989581671803 -0.0012900912673928008 -0.0006475562332081436 -0.0007011741399765015 0.0012897383612552782 0.9999990197180804 -0.0005451035107531533 -0.014097899198532104 0.0006482588316995242 0.0005442677647313875 0.9999996417664793 0.8248028755187988
0.9999990485068679 -0.0012930792516298337 -0.00048055323093420393 -0.0005339309573173523 0.0012928293784295985 0.9999990291386506 -0.0005199172573589821 -0.014128148555755615 0.0004812250586017009 0.0005192954893264314 0.9999997493772874 0.8177103400230408
0.9999987320308601 -0.0013464985735382245 -0.0008502224788719064 -0.0009374129585921764 0.0013460177608068643 0.9999989340339122 -0.0005658332148126396 -0.014127053320407867 0.0008509834661801826 0.0005646880827963861 0.9999994784771187 0.8310056924819946
0.9999988304499449 -0.0013356935863221672 -0.0007449975744619963 -0.0007857480086386204 0.0013352969537756562 0.9999989666388898 -0.000532637961427416 -0.014033894054591656 0.0007457082457193859 0.0005316425454889095 0.9999995806376202 0.8255962133407593
0.9999984240627965 -0.0011701013992346679 -0.001335190862383213 -0.0017999159172177315 0.001169263749460341 0.9999991192366191 -0.0006279715520292862 -0.01403691153973341 0.001335924476787704 0.0006264093721115591 0.9999989114579529 0.8629754185676575
0.9999917305283804 -0.001434820343857869 -0.0038052812557652412 -0.004730782005935907 0.0014312271669892989 0.999998527563418 -0.0009468156062281079 -0.014054019004106522 0.0038066341630236143 0.000941361554652037 0.9999923116578308 0.9600287079811096
0.9999987979033735 -0.0014045928887540416 -0.0006567424341389063 -0.0007256483659148216 0.001404221854102098 0.9999988544207775 -0.0005650823984815226 -0.014314353466033936 0.0006575353925068865 0.0005641595071193436 0.9999996246855587 0.8225909471511841
0.9999990920145361 -0.0011892622546384871 -0.0006337392153577565 -0.0009749727323651314 0.0011889246250928129 0.9999991512543169 -0.0005328685405026106 -0.014196231961250305 0.0006343723979162373 0.0005321145885066957 0.9999996572128039 0.8349955081939697
0.9999969124580416 -0.001336167333119046 -0.0020951685473995485 -0.00288719916716218 0.0013346489891006331 0.9999988458761595 -0.0007259190209208867 -0.014309631660580635 0.0020961360785978224 0.0007231204650316689 0.9999975416521448 0.8941810131072998
0.9999951386196713 -0.0014493663659103566 -0.0027608104175606035 -0.0034264125861227512 0.0014471636763908177 0.9999986331198173 -0.0007996723021479045 -0.014169936068356037 0.0027619656620020386 0.0007956730700830104 0.999995869216492 0.9165288209915161
0.9999975006135268 -0.0013528064742501502 -0.0017800790272042843 -0.0022418247535824776 0.0013516545558489796 0.9999988764583833 -0.0006481604222499727 -0.014002887532114983 0.0017809538628269883 0.0006457527503196888 0.9999982056017521 0.8715423941612244
0.9999960902312417 -0.0013352348443274463 -0.0024569636018357036 -0.0031310790218412876 0.001333403363932618 0.9999988320786961 -0.0007469114491770827 -0.013974050059914589 0.002457958034488138 0.0007436324053942858 0.9999967027211372 0.9039486646652222
0.999993601069614 -0.0014597759120000757 -0.003266018082087142 -0.0040505691431462765 0.0014570554032433368 0.9999985897154503 -0.0008351985766333579 -0.01390771009027958 0.0032672326788362083 0.0008304344629622121 0.9999943177684687 0.9317103624343872
0.9999965993595881 -0.001401985486724842 -0.0021990238640205574 -0.0027194316498935223 0.0014004501900304945 0.9999987746792965 -0.0006995564100896255 -0.013924945145845413 0.00220000193744518 0.0006964744077615776 0.9999973374538927 0.8863736391067505
0.9999984881066236 -0.0013837735129587298 0.0010530694811063431 0.0008907350711524487 0.0013841243164494335 0.9999989868316449 -0.0003324688865578145 -0.014887630008161068 -0.0010526083525305675 0.00033392596297601707 0.9999993902543679 0.7537041306495667
0.9999977286586504 -0.0011127831481448497 0.0018177984502118628 0.0016451631672680378 0.0011130896480627075 0.9999993664693764 -0.00016760752187940244 -0.014849880710244179 -0.0018176107877550273 0.00016963051382270274 0.9999983337568684 0.7418094277381897
0.9999984590565173 -0.0012160534344563528 -0.0012661353148677515 -0.0018157707527279854 0.0012152860880556941 0.9999990775290861 -0.0006066470975837013 -0.014157077297568321 0.00126687186218127 0.0006051074461410551 0.9999990144398461 0.8605450987815857
0.9999972648560613 -0.0014917994349157037 -0.0018013369596654757 -0.0024488340131938457 0.001490577815075351 0.9999986583459777 -0.0006793261526947466 -0.01449231244623661 0.0018023479612652117 0.000676639261730385 0.9999981468488509 0.8724253177642822
0.9999963008477409 -0.0011817071093929944 0.0024498692091003485 0.0025861109606921673 0.001182257658316818 0.9999992762039778 -0.00022328983343650533 -0.015246430411934853 -0.0024496035727111327 0.00022618538408774704 0.9999969741366762 0.7111035585403442
0.9999941737537121 -0.0007435015029060636 0.0033316158461141844 0.002364865969866514 0.0007447455699617585 0.9999996534152019 -0.00037218746943679765 -0.018101423978805542 -0.003331337969483889 0.00037466650712314334 0.9999943808903837 0.577796995639801
0.9999950428933372 -3.2177683547125285e-06 0.0031486788338184832 0.0017036027275025845 5.2392491472943146e-06 0.9999997939035049 -0.000642001166496946 -0.020511211827397346 -0.003148676119075775 0.0006420144807415812 0.9999948368147226 0.4635511636734009
0.9999955454554605 7.364915163365036e-05 0.002983897625293787 0.0017063040286302567 -7.169859345857157e-05 0.9999997837047432 -0.0006537964349572959 -0.020776554942131042 -0.0029839451314436593 0.0006535795813291987 0.999995334441708 0.45184069871902466
0.9999969144740445 0.00039397536329696035 0.002452718043984443 0.001243826001882553 -0.00039208900015215567 0.9999996270492529 -0.0007695242495624852 -0.02141091600060463 -0.002453020302837204 0.0007685601914099189 0.9999966959978547 0.4309787154197693
0.9999954967698256 -0.00033065154888781937 0.002982802310413048 0.0017526675947010517 0.0003324963582044358 0.9999997537565799 -0.0006180072421548556 -0.01967768929898739 -0.0029825972308657627 0.0006189962300314507 0.9999953604679501 0.5163260698318481
0.9999957311769471 -0.0007266539808134406 0.0028301240034400306 0.002160581760108471 0.0007281626105195481 0.9999995933416478 -0.0005320674312678425 -0.01830187439918518 -0.002829736223629475 0.0005341259504485653 0.9999958536425906 0.5801921486854553
