0.9999920427529894 -0.00034295791338174547 -0.003974520168944307 -0.0036958937998861074 0.00034219849612307567 0.9999999230660803 -0.0001917498966261388 -0.010879850015044212 0.00397458562531333 0.00019038829600022346 0.9999920831793639 0.4729118347167969
0.9999901325877204 -0.00025897988952012537 -0.004434823176884895 -0.004441388417035341 0.0002576179521963763 0.999999919486324 -0.0003076691990749301 -0.009785513393580914 0.004434902499956164 0.000306523673110915 0.9999901187927077 0.44734615087509155
0.9999868219648949 -0.0004496531198105152 -0.005114069673117782 -0.005261598154902458 0.00044852004467041016 0.9999998746160972 -0.00022270509526352606 -0.009378165006637573 0.00511416917193665 0.0002204083976897282 0.9999868982610817 0.4294530153274536
0.9999931592670912 -0.00041765136496379205 -0.003675185214318515 -0.003542807186022401 0.00041697928416258175 0.9999998962033634 -0.00018363425377459429 -0.01092623919248581 0.0036752615279433934 0.00018210052148187985 0.9999932296231318 0.48027995228767395
0.9999842997505489 0.000328858399032117 -0.005593934622237879 -0.00654701329767704 -0.00032646037045167307 0.9999998544374161 0.00042959140256383687 -0.00857185386121273 0.005594075082711187 -0.00042775845990259635 0.9999842615494852 0.477151483297348
0.9999884755049561 -0.0004918262503658918 -0.004775663745833764 -0.005841383710503578 0.0004913235294200296 0.9999998736358632 -0.00010643987501962111 -0.009048188105225563 0.004775715492285757 0.00010409225238688265 0.9999885907880848 0.5611405372619629
0.9999766788476977 -0.0005645642334402689 -0.006806102258637584 -0.007478628307580948 0.0005657726565336278 0.9999998245284106 0.00017562587845835264 -0.00684269517660141 0.006806001912270559 -0.0001794724892160018 0.9999768227952066 0.5168975591659546
0.9999994436411508 -0.00021258124149092208 -0.0010332117907300713 -0.0008543687872588634 0.00021228778181046958 0.9999999371025816 -0.0002841280175672371 -0.01296251080930233 0.001033272126030434 0.00028390852125090575 0.9999994258721677 0.627316415309906
0.9999955518398174 -0.0003327743429457158 -0.0029640448403376258 -0.0027829017490148544 0.00033212403073812233 0.9999999206710545 -0.0002198897739248596 -0.011798878200352192 0.0029641177788781127 0.00021890436530026125 0.9999955830335809 0.5265336632728577
0.9999976508017184 -0.0003078489351477597 -0.002145604827948839 -0.001821592915803194 0.00030724519586427515 0.9999999131204567 -0.0002817081271082245 -0.012096388265490532 0.0021456913650866236 0.00028104823854436584 0.9999976585074855 0.5421335101127625
0.999994273505463 -0.00041077724734284925 -0.0033591990614190046 -0.00321313482709229 0.0004100249239244737 0.9999998907071367 -0.0002246447784258856 -0.011105107143521309 0.0033592909732462328 0.00022326613665918368 0.9999943326421351 0.49458473920822144
0.9999995140237897 -0.0003619599762201322 -0.0009170262591583024 -0.000881580519489944 0.00036169762489899346 0.999999893621053 -0.000286238905415323 -0.013430155813694 0.0009171297686334118 0.0002859070800901169 0.9999995385649582 0.6763442158699036
0.9999987379801688 -0.00018168386632783876 -0.0015782994146781128 -0.00132470962125808 0.00018132762917347288 0.9999999580561121 -0.00022584965158516383 -0.012459974735975266 0.0015783403817160077 0.00022556317726743518 0.9999987289806386 0.5793583989143372
0.9999998322090194 -0.0002884438701519351 -0.0005023764191839976 -0.0006455807015299797 0.00028840114166827973 0.9999999547894192 -8.512309180490803e-05 -0.013654016889631748 0.0005024009497053076 8.49781915891811e-05 0.9999998701859878 0.6774234771728516
0.999998876935668 -0.0004449645020381995 -0.0014311303207070196 -0.0020651966333389282 0.00044472748107249967 0.9999998873420157 -0.00016593198469168477 -0.014833205379545689 0.001431203993321703 0.00016529533535677667 0.9999989621657523 0.7342835664749146
0.999999294559969 -0.0004089908625945136 -0.0011151708563555188 -0.0015037049306556582 0.0004086628412652545 0.9999998731744703 -0.00029435646029747734 -0.014322051778435707 0.0011152911040259916 0.00029390052375599234 0.9999993348738966 0.7154685854911804
0.999999854913758 -0.0001508678143582365 -0.0005171183285394137 -0.0010654142824932933 0.00015070797595477303 0.9999999408661255 -0.0003091194778773893 -0.013955606147646904 0.0005171649341402061 0.0003090414991717826 0.999999818516875 0.6773783564567566
0.9999992031630951 -0.0002388845380422342 -0.0012395996741739776 -0.000822861329652369 0.0002386172246870285 0.999999948248609 -0.00021578832036042576 -0.01279890350997448 0.0012396511585161946 0.00021549235857835415 0.9999992084137109 0.6159185171127319
0.9999988487447803 -0.00043857904843297977 -0.0014526381286346613 -0.0024654134176671505 0.00043823084738286663 0.9999998751739354 -0.00024001216317696953 -0.015478378161787987 0.0014527432116136984 0.00023937529602366162 0.9999989161177272 0.7625296115875244
0.9999992384781583 -0.0002550574482365233 -0.0012074720708021677 -0.0007170314202085137 0.0002547940856921275 0.999999943721386 -0.00021825947593343792 -0.012814500369131565 0.001207527671552298 0.000217951652981801 0.9999992471867164 0.6163243055343628
0.9999997326991898 -0.00014274746181460675 -0.000717094632181962 -0.0013980780495330691 0.00014256378340445658 0.9999999570218723 -0.00025618708368700286 -0.014164905995130539 0.0007171311714185231 0.0002560847834841649 0.9999997100716915 0.6799357533454895
0.9999963533366609 -0.00044447779811146047 -0.002663785439352243 -0.005504969507455826 0.00044501568087924144 0.9999998807126445 0.00020133489659876662 -0.018350711092352867 0.002663695632704799 -0.0002025195886891899 0.9999964318493303 0.8694548606872559
0.9999967299498856 -0.0005086502499857297 -0.0025062650415011347 -0.0052713812328875065 0.0005096404492436819 0.9999997923312581 0.0003944667952229704 -0.018373241648077965 0.002506063875394226 -0.00039574279933845603 0.999996781510565 0.8812905550003052
0.9999892370115314 -0.0005038645788727895 -0.004612155849644417 -0.009479687549173832 0.0005063608352757474 0.9999997259547768 0.0005400824711940082 -0.02340817078948021 0.004611882457278234 -0.0005424120733810466 0.9999892181065468 1.0509371757507324
0.9999962764934593 -0.0004063605594144655 -0.002698494082293062 -0.005748819559812546 0.0004066089688158981 0.9999999131478178 9.150684642940824e-05 -0.020010558888316154 0.0026984566631496577 -9.260373759922404e-05 0.9999963548714488 0.9316936731338501
0.9999968480177291 -0.00026503431971724463 -0.002496740157937495 -0.005101623013615608 0.0002646769583018234 0.9999999546825913 -0.0001434605281987556 -0.019104085862636566 0.002496778066755198 0.00014279924642304125 0.9999968728489408 0.8806201219558716
0.9999916635917249 -0.0004458648432568221 -0.004058811599015692 -0.008011401630938053 0.00044685250765713565 0.999999870774112 0.00024243472470854912 -0.0208168625831604 0.004058702981391627 -0.00024424639381483187 0.9999917336027374 0.9499859809875488
0.9999927894690548 -0.0006543112872607293 -0.0037407067030546365 -0.00821288675069809 0.0006584509938034347 0.9999991721115832 0.001105539884962745 -0.022360969334840775 0.003739980238941638 -0.0011079949854793467 0.9999923924185248 1.0473161935806274
0.9999939454515263 -0.0005504431473047353 -0.003435996599465899 -0.007057698909193277 0.0005527240235627146 0.9999996275273635 0.0006629036795177638 -0.02001863718032837 0.003435630428863473 -0.0006647988238007073 0.999993877224296 0.9414534568786621
0.9999929103658336 -0.00042719596507605944 -0.003741219276776176 -0.007807648740708828 0.0004279668881169783 0.9999998873555429 0.00020526383959136382 -0.02220792882144451 0.0037411311674645123 -0.0002068635023174787 0.9999929805479031 1.0071344375610352
0.9999943538082396 -0.0004501505674472592 -0.0033301225364851333 -0.006870421115309 0.0004506662869672046 0.9999998865740318 0.0001541162599304682 -0.02091403864324093 0.0033300527832408997 -0.0001556161637191748 0.9999944432505966 0.959683895111084
0.9999951088327608 -0.0004805233904429227 -0.0030905352006401145 -0.006542494520545006 0.0004814945449021447 0.9999998349407772 0.00031349867928854853 -0.020622164011001587 0.003090384047070505 -0.00031498522175401505 0.9999951751437363 0.9563423991203308
0.999994968678645 -0.0003952402619176268 -0.0031474438090959038 -0.006600859109312296 0.0003957327064171673 0.9999999095551744 0.00015583731380460942 -0.021264001727104187 0.0031473819312451724 -0.000157082076193874 0.9999950346437728 0.9865742921829224
0.9999892899725211 -0.0005100216441375308 -0.004599980236432655 -0.00901296641677618 0.0005112267258521038 0.9999998353143987 0.00026080339346036253 -0.022713834419846535 0.0045998464635066145 -0.00026315223308410785 0.9999893860253789 1.0264513492584229
0.9999963537712558 5.525871998862278e-06 -0.0027004469366883424 -0.005638901609927416 -3.7079505665029846e-06 0.9999997733957691 0.0006731973420809577 -0.01914175972342491 0.0027004500447579834 -0.0006731848743257098 0.999996127188341 0.9039841890335083
0.9999980451786245 -0.00043452585046089 -0.001928944326713302 -0.00533201964572072 0.00043576119163328666 0.9999997002244505 0.0006400493680571474 -0.021096965298056602 0.0019286656304669638 -0.0006408886759533641 0.999997934753163 1.0036885738372803
0.9999983176558163 -0.0006369570168049072 -0.0017201660663592076 -0.004002701956778765 0.0006357854478712008 0.9999995656399939 -0.0006815399384575239 -0.017669357359409332 0.0017205994308338978 0.0006804451353198594 0.9999982882645432 0.854154109954834
0.9999990532428424 -0.0004562503359928608 -0.001298209940345868 -0.0034701358526945114 0.0004561768645224103 0.9999998943330929 -5.6889988517993336e-05 -0.018863894045352936 0.0012982357592444154 5.629772131691072e-05 0.9999991557068834 0.9228315353393555
0.9999990801048791 -0.0004470720881137258 -0.0012805920283629698 -0.0037838893476873636 0.00044706605220943977 0.9999999000534692 -4.999621050378419e-06 -0.0193379707634449 0.0012805941355632621 4.4271072286402975e-06 0.999999180029194 0.9376681447029114
0.9999994540963622 -0.0003434669910967323 -0.000986832003889878 -0.0025771334767341614 0.00034329197919094764 0.9999999253202059 -0.0001775111258961374 -0.017646223306655884 0.0009868928994057648 0.00017717225748042364 0.9999994973260719 0.8578323721885681
0.999999106349223 -0.0004646812699246071 -0.0012535438056566527 -0.003374657593667507 0.00046458807747605735 0.9999998892938837 -7.463335909394845e-05 -0.018747486174106598 0.0012535783476057692 7.405091089108707e-05 0.9999992115285836 0.9176391363143921
0.9999990234744796 -0.0004493255614360417 -0.0013233127473826509 -0.00340224988758564 0.0004492028437120429 0.9999998947810139 -9.303099717214077e-05 -0.019074708223342896 0.0013233544093500607 9.243647047575314e-05 0.999999120093916 0.9355087280273438
0.9999896574529624 -0.0005409747050269062 -0.004515787137954815 -0.009340835735201836 0.0005400527886546526 0.9999998330828606 -0.00020537097239990343 -0.028399158269166946 0.00451589748469376 0.00020293008490413793 0.9999897826924474 1.2881417274475098
0.999989236562689 -0.0006713025061734766 -0.004590872652923724 -0.01064087450504303 0.0006698957345445117 0.9999997282005098 -0.0003079587818950189 -0.031643327325582504 0.004591078138628962 0.00030488006119194495 0.9999894144688098 1.4605209827423096
0.9999996247918319 -0.0003367377714619581 -0.0007981377502778299 -0.002099062316119671 0.0003365839331889965 0.9999999247556274 -0.0001928730025946442 -0.01569434441626072 0.0007982026378475246 0.00019260428988390315 0.9999996628880112 0.7432798147201538
0.9999996388437016 -0.0003508285414474327 -0.0007741006399418406 -0.00209430162794888 0.00035072328362688846 0.9999999292341794 -0.00013610589419662912 -0.01692834310233593 0.0007741483349943171 0.0001358343499228301 0.9999996911216446 0.823891282081604
0.9999989511233375 -0.00037790991089549814 -0.0013981903746760555 -0.002448001643642783 0.00037791160862659783 0.9999999285909541 9.500384519548944e-07 -0.017023582011461258 0.0013981899158036683 -1.4784298291417874e-06 0.9999990225309089 0.8397808074951172
0.9999989679147867 -0.0004574234292303647 -0.0013619593120779302 -0.0037535883020609617 0.0004572966809615595 0.9999998910805954 -9.337313863375452e-05 -0.019211389124393463 0.0013620018747954048 9.275022279170089e-05 0.9999990681737105 0.9318557977676392
0.9999992089723193 -0.0003965302989518991 -0.0011936575963130687 -0.0027013453654944897 0.0003964192176348708 0.9999999170739411 -9.329477167629146e-05 -0.017176348716020584 0.0011936944915314522 9.282150906709026e-05 0.9999992832385571 0.837016224861145
0.999999127731338 -0.00038831638259323166 -0.0012624369093113504 -0.0034092713613063097 0.00038811820576253945 0.999999912322937 -0.0001572207895193383 -0.01820794865489006 0.0012624978500328447 0.00015673067763244026 0.9999991907670092 0.8860409259796143
0.9999998068959902 -0.00026425935465127355 -0.0005624721999487093 -0.0013964322861284018 0.0002641638545989783 0.999999950683574 -0.00016985378313201846 -0.015466040000319481 0.0005625170576607063 0.00016970516550812866 0.9999998273873434 0.7443984746932983
0.9999992912731979 -0.00035921000932826624 -0.0011350864600419457 -0.0009844714077189565 0.0003591124827866291 0.999999931810562 -8.612256721517625e-05 -0.01373954676091671 0.0011351173187292105 8.571488246096143e-05 0.9999993520806062 0.6755087971687317
0.9999996647528158 -0.000250094770597114 -0.0007797094725895788 -0.0021119965240359306 0.00024995614419916147 0.9999999529394694 -0.00017788475108910574 -0.015869583934545517 0.0007797539239420537 0.00017768979828037976 0.9999996802050256 0.7787795066833496
0.9999996181795548 -0.00028773339957698584 -0.0008251364950115754 -0.0012064222246408463 0.00028754976879458594 0.999999933869728 -0.00022265594602028486 -0.014328802935779095 0.000825200505997359 0.00022241859319732787 0.9999996347869805 0.7033262252807617
0.9999996851570107 -0.00019626857001972498 -0.0007688722443770127 -0.0005440491950139403 0.00019611793789996607 0.999999961564098 -0.00019598356353636302 -0.01291457936167717 0.000768910680238477 0.00019583271219323625 0.9999996852129078 0.6295908093452454
0.9999993616397594 -0.00027646038929563313 -0.0010955773485413734 -0.0011933499481528997 0.0002763953350138011 0.9999999600309006 -5.9529956363749714e-05 -0.014442909508943558 0.0010955937624270446 5.922710589390883e-05 0.9999993980830476 0.6968450546264648
0.9999992797199935 -0.0002597654338940305 -0.0011717855662058136 -0.0006842479342594743 0.0002595551398927918 0.9999999501851342 -0.00017961307896784465 -0.012986810877919197 0.0011718321651028641 0.0001793088066295741 0.9999992973286173 0.6262282133102417
0.9999991700144006 -0.000253432092552697 -0.001263227091255617 -0.0007121278904378414 0.0002532272081370283 0.9999999547594587 -0.00016234858056748253 -0.012765307910740376 0.0012632681784470357 0.00016202856235093685 0.9999991889497982 0.6029369831085205
0.9999986894083701 -0.0002478614970303114 -0.0015999206919953355 -0.0010006333468481898 0.0002476353594995052 0.9999999593216466 -0.00014153951390903313 -0.012733284384012222 0.0015999557091090025 0.00014114313147279794 0.9999987101093409 0.5921701192855835
0.9999996444087532 -0.0002690108251477825 -0.0007992593718404767 -0.0009654413443058729 0.0002689515194022444 0.9999999610717424 -7.430743049631226e-05 -0.014693798497319221 0.0007992793302298942 7.409244205078741e-05 0.9999996778313794 0.7157305479049683
0.9999933449003139 -0.000620330671621808 -0.0035951835752679458 -0.004531914833933115 0.000618340753608203 0.9999996550474629 -0.0005545806233754124 -0.009171320125460625 0.0035955263584708168 0.0005523538840647887 0.9999933835258074 0.41436323523521423
0.9999896533743262 -0.0007066469638586343 -0.00449375058982533 -0.005534887779504061 0.0007040410178903615 0.9999995831152205 -0.0005814599129503065 -0.00822510663419962 0.0044941596033311985 0.0005782901120628367 0.9999897340023077 0.3900243639945984
0.999989308355415 -0.0011600824429751416 -0.004476313615486042 -0.006934890057891607 0.0011551155514169394 0.9999987145589255 -0.0011120200354796223 -0.0025612032040953636 0.004477597896368055 0.0011068374866863642 0.9999893629573549 0.22637075185775757
0.9999840220633036 -0.0011631252328599424 -0.005531975939074768 -0.0074620796367526054 0.001159026300370619 0.9999990514855167 -0.000744100867824656 -0.005098958965390921 0.00553283617441063 0.0007376772730216892 0.9999844216567114 0.27863308787345886
0.99999496012762 -0.0003322492301440127 -0.003157424553153443 -0.0030350186862051487 0.00033137673597065294 0.999999906771737 -0.000276850097313365 -0.011662491597235203 0.003157516242023934 0.00027580240498170855 0.9999949769994921 0.492800772190094
0.9999988444947542 -0.0003170579086598159 -0.0014867694641198966 -0.00127558468375355 0.00031695789560439266 0.9999999474904605 -6.750384359617513e-05 -0.013514753431081772 0.0014867907886777934 6.70325222745334e-05 0.9999988924792828 0.6626235246658325
0.9999995674213354 -0.0002844356397504144 -0.0008855808877164864 -0.0023388180416077375 0.00028436104744076574 0.9999999560115486 -8.435458276437757e-05 -0.016427967697381973 0.0008856048422108691 8.410272156556023e-05 0.9999996043153195 0.7951287031173706
0.9999984652120514 -0.0003867738824700183 -0.001708794752249972 -0.0032169034238904715 0.0003869413122543108 0.9999999203702801 9.76516986055828e-05 -0.01731337048113346 0.001708756847052525 -9.831275201474151e-05 0.9999985352412474 0.8401137590408325
0.9999984353472862 -0.00040303096914515103 -0.001722460164233622 -0.004191987682133913 0.0004029458385532784 0.9999999175787668 -4.977058142945633e-05 -0.018829219043254852 0.0017224800813519998 4.90764454005293e-05 0.9999985153258337 0.9058322310447693
0.9999989487995473 -0.0003926703094154181 -0.0013957828728887282 -0.0035768565721809864 0.00039244986344437666 0.9999999104767369 -0.0001582075304671948 -0.017752744257450104 0.0013958448713336314 0.00015765958936150398 0.9999990133797877 0.8583803176879883
0.9999993007412803 -0.00032034131159236115 -0.0011383753312351817 -0.0028121413197368383 0.0003201323308325591 0.999999931874591 -0.00018375555583769514 -0.016638927161693573 0.0011384341181786659 0.0001833909965968698 0.9999993351675296 0.8154990673065186
0.9999989286594273 -0.00031896409166241933 -0.0014286153806422485 -0.0035122407134622335 0.00031901633076294675 0.999999948454045 3.6338518681160525e-05 -0.017770353704690933 0.001428603716320301 -3.6794231387035116e-05 0.9999989788682817 0.8681678771972656
0.9999982142395587 -0.000365014830417845 -0.0018542604635977762 -0.00449190242215991 0.0003652164243440591 0.9999999274351635 0.00010838187426084318 -0.019091282039880753 0.0018542207680522155 -0.00010905888709309733 0.9999982749842633 0.9158061742782593
0.9999989220244888 -0.00038240856570741146 -0.0014176436609352942 -0.0034100941848009825 0.00038203858610098265 0.9999998928991177 -0.0002612437021936786 -0.017715618014335632 0.0014177434109338635 0.00026070182599954644 0.9999989610185497 0.849877119064331
0.9999991247085269 -0.0002560096928839041 -0.0012980913746864498 -0.003265817416831851 0.0002561132389407372 0.9999999640347387 7.960232428115603e-05 -0.01666233129799366 0.0012980709490336621 -7.993471299233234e-05 0.9999991543107688 0.8173967599868774
0.9999991837483855 -0.00033375988430582555 -0.0012333316271375227 -0.002634788164868951 0.00033302411270090076 0.9999997665043273 -0.0005967296132783821 -0.01571689359843731 0.0012335305035666142 0.0005963183970260784 0.9999990614029927 0.7695850133895874
0.9999998915969591 -0.00027745648557497767 -0.00037393043255184836 -0.0017481488175690174 0.0002774243000164849 0.9999999578093118 -8.612277377541915e-05 -0.015590034425258636 0.0003739543120976058 8.601902705094303e-05 0.9999999263794469 0.7841826677322388
0.9999991335697913 -0.0003605108496482286 -0.001266053551022354 -0.0032564362045377493 0.0003604224021442888 0.9999999325916621 -7.008825439340482e-05 -0.017605362460017204 0.0012660787332559303 6.963187960472114e-05 0.9999991960976982 0.8558820486068726
0.9999989438595681 -0.00030467000334566185 -0.0014210756269552747 -0.0035065305419266224 0.0003045182359961175 0.9999999479084652 -0.0001070126669917957 -0.01743025705218315 0.0014211081564788747 0.00010657981052825385 0.9999989845456603 0.8445598483085632
0.9999990002987759 -0.00028951750276520033 -0.0013840451817630306 -0.003351978724822402 0.00028937262372946855 0.9999999526321413 -0.00010487707336900516 -0.017137710005044937 0.0013840754799521527 0.00010447646373765958 0.9999990367094035 0.8360341191291809
0.9999994229319557 -0.00036756952333744406 -0.0010094693662070753 -0.0025720736011862755 0.0003670814966209917 0.9999998156952022 -0.00048359149764125065 -0.016044024378061295 0.001009646933653306 0.0004832206610503105 0.9999993735552349 0.7872635722160339
0.9999998089803642 -0.00030231806038353735 -0.0005391131843218526 -0.001205976353958249 0.00030222056923841873 0.9999999379674311 -0.00018090843342754613 -0.014823468402028084 0.0005391678427659778 0.0001807454677770334 0.9999998383145435 0.7468190789222717
0.9999995892074446 -0.0002685110374987076 -0.000865729036681776 -0.0021213062573224306 0.0002682984538617979 0.9999999338332405 -0.0002456612593555898 -0.015321504324674606 0.0008657949421589137 0.0002454288846777683 0.9999995950818084 0.7623046636581421
0.9999994383828644 -0.00032846362727152495 -0.0010076435884115136 -0.0025275370571762323 0.00032811472199441446 0.999999886172357 -0.00034640439113058845 -0.015668461099267006 0.0010077572549566326 0.00034607357388806545 0.9999994323290371 0.775261402130127
0.9999998217384687 -0.0002600734891143044 -0.000537480056376375 -0.0009239368373528123 0.00025980914170799045 0.9999998452969451 -0.0004918386886917328 -0.013923943974077702 0.0005376078874304178 0.0004916989587836827 0.9999997346049114 0.6915733814239502
0.999999697505079 -0.0003000633813594446 -0.000717601363922142 -0.0012255500769242644 0.0002999858106582529 0.999999949150376 -0.00010820239644097165 -0.01422807201743126 0.0007176337950093297 0.00010798709348341065 0.9999997366702272 0.7217085361480713
0.9999994137284768 -0.00028982169980728894 -0.0010433341195265934 -0.00250710966065526 0.00028963079291127866 0.9999999412897714 -0.00018312415862027087 -0.01585390418767929 0.001043387131627136 0.00018282186957148158 0.9999994389595714 0.7823717594146729
0.9999992060451391 -0.00030003431042552325 -0.0012238825530496715 -0.0031251872424036264 0.000299930002051648 0.9999999513735542 -8.541008685487626e-05 -0.016603756695985794 0.001223908119493126 8.504293994647547e-05 0.9999992474080235 0.8136205673217773
0.9999991423941622 -0.00031011423055206204 -0.0012724150676305648 -0.003107069293037057 0.0003097682788753078 0.9999999150096892 -0.00027207393871748174 -0.01642421819269657 0.0012724993334877713 0.0002716795515597686 0.9999991534674756 0.8021987676620483
0.9999996441952456 -0.00028735842304007 -0.0007931169642681026 -0.0019686557352542877 0.00028704758205188544 0.9999998819662015 -0.0003920092711165171 -0.015165788121521473 0.0007932295178194597 0.0003917814693308772 0.9999996086470296 0.7474072575569153
0.9999995684356411 -0.0002831749797769761 -0.0008848392297244821 -0.0018344842828810215 0.00028297701724515193 0.9999999349088653 -0.00022384430502718258 -0.014865050092339516 0.0008849025592358419 0.00022359381925798967 0.9999995834765456 0.7387217283248901
0.9999993228152289 -0.0003515079986123312 -0.0011094193124813558 -0.0021933389361947775 0.0003514617711681894 0.9999999373610617 -4.186282868035976e-05 -0.0153714120388031 0.0011094339581076335 4.147288185495681e-05 0.9999993837179566 0.7619214057922363
0.9999992273435959 -0.0002564452255234022 -0.0012163667444974582 -0.0029914313927292824 0.0002561873548515223 0.9999999446798185 -0.00021215182941428307 -0.016176218166947365 0.0012164210825315687 0.00021184004771501134 0.9999992377214814 0.7937301397323608
0.9999991844785502 -0.00034398476306815394 -0.0012299254927523294 -0.0030065204482525587 0.0003436008323407503 0.999999892186284 -0.00031235538838811995 -0.0162070170044899 0.0012300328056437592 0.00031193253023257384 0.9999991948583729 0.7928744554519653
0.9999995732621846 -0.00027441078309459465 -0.0008821418088626418 -0.0021895982790738344 0.00027405433747061317 0.999999880772882 -0.0004041638799362702 -0.015278768725693226 0.0008822526106142082 0.00040392195267527597 0.9999995292385828 0.7569644451141357
0.9999998013940549 -0.00024493616768571635 -0.0005807048518477692 -0.001380475820042193 0.00024470156292667576 0.9999998884377664 -0.0004040366321259836 -0.014133366756141186 0.0005808037502473165 0.00040389445249706 0.9999997497681063 0.7085738182067871
0.9999990796583165 -0.00032856245582582887 -0.0013163317334377034 -0.003014074871316552 0.00032870920731325847 0.9999999397845766 0.00011127039138473086 -0.016572829335927963 0.0013162950949011766 -0.00011170297933861112 0.999999127444453 0.8136584758758545
0.9999984447863925 -0.0002935654575741969 -0.001739035398739766 -0.00416728388518095 0.000293587716290964 0.999999956824447 1.2544195490513174e-05 -0.017865221947431564 0.001739031641113462 -1.3054735412874809e-05 0.9999984877981191 0.8584439158439636
0.9999992137881949 -0.00034509924288737663 -0.0012055411667765035 -0.002596029546111822 0.0003444878740810769 0.9999998119858204 -0.0005073030934457706 -0.015240900218486786 0.0012057160100311323 0.0005068874002844297 0.9999991446566676 0.7431419491767883
0.9999998832351313 -0.00023568079688084654 -0.0004218818383057096 -0.0006810546619817615 0.00023551736542667866 0.9999998972285038 -0.0003873945693190294 -0.013208946213126183 0.0004219730964090863 0.0003872951635858743 0.9999998359705675 0.6580507755279541
0.9999989770654513 -0.0002846618180257378 -0.0014017259720045827 -0.0011765605304390192 0.00028426623550251607 0.9999999197208577 -0.0002824021702347351 -0.01251243706792593 0.0014018062485904171 0.0002820034179905307 0.9999989777061343 0.5824046730995178
0.9999994395074776 -0.0003091053799595871 -0.0010126394199869862 -0.0007950835861265659 0.0003090235040601914 0.9999999489709728 -8.100941933824471e-05 -0.013062505051493645 0.0010126644087603263 8.069644455115706e-05 0.9999994839993065 0.6422982215881348
0.9999991540983568 -0.000335320598055237 -0.0012567269662113179 -0.0020021831151098013 0.00033515781327598507 0.9999999354185003 -0.00012973910696079902 -0.014969225972890854 0.0012567703892449429 0.0001293177953523949 0.9999992019022299 0.7432331442832947
0.9999981373970152 -0.00041608782357641257 -0.0018846945174101745 -0.004552503116428852 0.0004164895806032687 0.9999998906303775 0.0002127807853122936 -0.01921922340989113 0.0018846057757879867 -0.00021356534461528916 0.9999982013238393 0.930147647857666
0.9999959254669433 -0.00046560194954613275 -0.0028164275840415285 -0.006686042062938213 0.0004673730635096643 0.9999996934473581 0.000628225763043828 -0.02260230854153633 0.0028161342175181837 -0.0006295395257052961 0.99999583652536 1.054624319076538
0.9999993479951984 -0.00042118902261099525 -0.001061418383549033 -0.0030338650103658438 0.00042092566466444805 0.9999998805768754 -0.00024833006143268257 -0.018153226003050804 0.0010615228506869931 0.0002478831212817077 0.9999994058614211 0.8735913038253784
0.9999995059861733 -0.0003801810196524207 -0.0009184170087307425 -0.0024022406432777643 0.0003800242599755208 0.9999999131953827 -0.00017085312138085277 -0.01766931265592575 0.0009184818841218029 0.0001705040162329566 0.9999995636596094 0.875706672668457
0.9999995372002572 -0.00048528790814850127 -0.0008307195177698724 -0.0027583339251577854 0.0004851034411390244 0.9999998576411172 -0.00022224400201379817 -0.018414340913295746 0.0008308272518364059 0.00022184091426263972 0.9999996302562747 0.9076645374298096
0.9999994554415862 -0.00041580541084048836 -0.0009571950644287247 -0.0027595076244324446 0.000415700322362382 0.9999999075483459 -0.00010998427930603125 -0.017763182520866394 0.0009572407079929006 0.00010958631311631988 0.9999995358404258 0.8789205551147461
0.999998938133058 -0.00040130659534449526 -0.001400958876318537 -0.00215162243694067 0.0004011261084318921 0.9999999112142757 -0.00012910958909501363 -0.014489732682704926 0.0014010105644630141 0.00012854749081567832 0.9999990103219808 0.6671919226646423
0.9999984320911354 -0.00028292176357687165 -0.0017480762417769798 -0.0012153573334217072 0.0002828047111010385 0.9999999577523191 -6.720755780010378e-05 -0.013129416853189468 0.0017480951824055905 6.67130882282398e-05 0.9999984698551281 0.6284133791923523
0.9999997380566912 -0.0003530306949726927 -0.0006318669773710406 -0.0019145391415804625 0.0003528530099314175 0.9999998981837089 -0.00028129579618743465 -0.016867745667696 0.0006319662190871095 0.00028107276633904143 0.9999997608083703 0.8398194313049316
0.9999997830713973 -0.0003526012223951566 -0.0005563537870661531 -0.001372209982946515 0.0003524587068710633 0.9999999050576883 -0.0002562371444341779 -0.016015108674764633 0.0005564440837749891 0.00025604099711266004 0.9999998124064771 0.8008676767349243
0.9999997126707906 -0.0003954613904674952 -0.0006467369057038867 -0.002200641203671694 0.0003953352581925906 0.9999999028142389 -0.0001951449375202594 -0.016976267099380493 0.0006468140151386026 0.00019488920354781961 0.9999997718248882 0.8367531299591064
0.9999996483240624 -0.0003074550570188219 -0.0007802711959530964 -0.0013176508946344256 0.00030721502000130655 0.9999999054593481 -0.0003077340184917357 -0.014339803718030453 0.000780365736565951 0.0003074941992380151 0.9999996482382554 0.6892293691635132
0.9999987899381466 -0.0002898522766120838 -0.0015284331520060107 -0.0009158536558970809 0.00028947900172532007 0.9999999282264266 -0.0002444361861930858 -0.012447516433894634 0.0015285038926899563 0.00024399344110713473 0.9999988020708078 0.5923941135406494
0.9999998204865744 -0.00025477696231494866 -0.0005423241822379987 -0.0005572851514443755 0.0002546360627261577 0.9999999338165898 -0.00025986013899113576 -0.013268665410578251 0.0005423903527219737 0.00025972199704826576 0.9999998191785785 0.6677141189575195
0.9999995752497699 -0.0003222941990530722 -0.0008634968029176986 -0.0018323324620723724 0.0003221404356916126 0.9999999322344829 -0.00017820372898980194 -0.014945345930755138 0.0008635541784304943 0.00017792548606141687 0.9999996113082754 0.7520127296447754
0.9999995845818686 -0.00031338257679280857 -0.0008559365927166918 -0.002347004832699895 0.00031312842354451356 0.9999999068565736 -0.00029704786564348776 -0.015881411731243134 0.000856029602617391 0.000296779724168487 0.9999995895674731 0.7838503122329712
0.9999995685095914 -0.00029161221965380346 -0.0008820107392392974 -0.0023110504262149334 0.0002913921500934708 0.9999999263884476 -0.00024962715013229504 -0.015874238684773445 0.0008820834686404537 0.00024937003141486155 0.9999995798715825 0.7883141040802002
0.9999994223528498 -0.00037627302243663956 -0.0010068329447734644 -0.002621278865262866 0.00037604139689275307 0.9999999027928078 -0.0002302330171922952 -0.016350157558918 0.0010069194773753049 0.00022985427333185876 0.999999466639947 0.8001028299331665
0.9999995885025167 -0.00028673772556766396 -0.000860683608506117 -0.001475534518249333 0.00028658902607987753 0.9999999439883356 -0.0001728874075462519 -0.01460413821041584 0.0008607331336398146 0.00017264067392639413 0.9999996146667609 0.7220568060874939
0.9999996487066102 -0.0002899505475736042 -0.0007864574598163323 -0.0016600971575826406 0.00028972135749401334 0.9999999155390723 -0.00029151909545114114 -0.014560190960764885 0.00078654191951276 0.00029129113951954067 0.9999996482505785 0.731920599937439
0.9999997463228522 -0.0002774235372134053 -0.000656041471446264 -0.0018172570271417499 0.0002772080398595089 0.9999999076054874 -0.0003285494167824476 -0.014831490814685822 0.0006561325581729851 0.00032836747346660244 0.9999997308323979 0.7432010173797607
0.9999997588686182 -0.0002738284991028641 -0.0006381854423990035 -0.0015184562653303146 0.0002735995783118394 0.9999998982153032 -0.00035876545860668 -0.015134359709918499 0.0006382836176485519 0.000358590764829144 0.9999997320033077 0.745940625667572
0.9999992766583597 -0.000296559756885557 -0.001165647917669999 -0.002161699114367366 0.00029661120891864173 0.9999999550443167 4.3967662203970194e-05 -0.015511149540543556 0.0011656348262282861 -4.4313374638362895e-05 0.9999993196656569 0.7715189456939697
0.9999984726955351 -0.00029681122056446406 -0.0017223558564350837 -0.004281810484826565 0.0002970119023800507 0.9999999491336216 0.00011626127373485277 -0.01716163195669651 0.0017223212611745177 -0.00011677265635798551 0.9999985099856998 0.8295493125915527
0.9999972971548987 -0.00046819367069817917 -0.0022773839342951937 -0.0048767998814582825 0.00046784663495714053 0.9999998788684331 -0.0001529138498550801 -0.01881825551390648 0.002277455251728773 0.0001518479701424646 0.9999973950664924 0.9004054665565491
0.9999977547077691 -0.0004151548744297868 -0.0020780341313274622 -0.00541689433157444 0.000415998485017579 0.9999998312372401 0.0004055499376084537 -0.019856523722410202 0.0020778654145992637 -0.00040641348608077654 0.9999977586491868 0.94093918800354
0.9999982908300984 -0.0003980721390363053 -0.0018055125183983921 -0.0038326282519847155 0.00039731315002711865 0.9999998325716707 -0.00042071236204154974 -0.018054181709885597 0.0018056796899743246 0.000419994289106545 0.9999982815613507 0.8654924631118774
0.9999993778385531 -0.00041724256126014574 -0.001034519768749417 -0.0026510171592235565 0.00041711782975782186 0.9999999057121718 -0.00012078229902985272 -0.016682500019669533 0.0010345700667225967 0.00012035070724298046 0.9999994575900951 0.8215427398681641
0.9999994669722603 -0.0003259219747960955 -0.000979709172057463 -0.0023229129146784544 0.0003257059897899915 0.9999999226234698 -0.00022060975224537604 -0.015562383458018303 0.0009797809978170776 0.00022029053750866713 0.9999994957505107 0.7696283459663391
0.9999997231510208 -0.00024873315440787213 -0.0007013057109652319 -0.0019380366429686546 0.00024852035963373643 0.9999999230634854 -0.0003034973717647556 -0.015343092381954193 0.0007013811468678482 0.00030332299899431573 0.9999997080297802 0.7529594898223877
0.9999998495751931 -0.00021178421406120568 -0.0005059614982882021 -0.0006329655298031867 0.00021162414200350373 0.9999999275516717 -0.00031640460460332325 -0.013833815231919289 0.0005060284711326486 0.0003162974833402597 0.9999998219455283 0.6761480569839478
0.9999980770815375 -0.0004687712857949789 -0.0019042286387831006 -0.0026563541032373905 0.000468565720602069 0.9999998843481598 -0.00010839664319668391 -0.014466077089309692 0.0019042792317893616 0.00010750417849445495 0.9999981810800751 0.7135398387908936
0.9999998480775434 -0.00027222828209286866 -0.0004793085149515455 -0.0008236747235059738 0.0002720706287230935 0.9999999088837956 -0.00032895284370564173 -0.013578851707279682 0.0004793980215463045 0.00032882238796130245 0.9999998310266728 0.6834803223609924
0.9999999628712819 -0.00020620660397816242 -0.0001781467676873794 -0.00040790115599520504 0.00020613859558299684 0.9999999059102203 -0.00038168891738036203 -0.013702956028282642 0.00017822545770101837 0.00038165218028424317 0.9999999112886456 0.6809592247009277
0.9999998814892396 -0.0002506546752475979 -0.0004173652363333488 -1.76692265085876e-05 0.0002505469708424842 0.9999999353078268 -0.00025809021176852534 -0.013507459312677383 0.0004174299008513001 0.00025798561158635986 0.9999998795978438 0.6769404411315918
0.9999993750406853 -0.0002807096688343515 -0.0010821831269892815 -0.0023813790176063776 0.0002808342386902761 0.9999999539582165 0.00011495953616570611 -0.015654485672712326 0.0010821508069103142 -0.00011526337839526469 0.9999994078318168 0.7792536020278931
0.9997161531289506 -0.0007181551897915381 -0.023813807469116623 -0.047093480825424194 0.0006774736812516215 0.9999982976021604 -0.0017163397659832908 -0.015820391476154327 0.023814999526852624 0.0016997193605003387 0.9997149377455714 1.7516659498214722
0.9999925636201868 -0.00019303960296972026 0.003851680157811147 -0.011149095371365547 0.00019269029743860242 0.9999999772892608 9.106001820336296e-05 -0.0036800350062549114 -0.0038516976485264043 -9.031715965123483e-05 0.9999925781064751 0.8758683204650879
0.9999670128539031 -0.0008813719167387238 -0.008074428003696666 -0.01461967546492815 0.0008672169320348566 0.9999980815004148 -0.0017563969605466155 -0.013119717128574848 0.00807596055186556 0.0017493367413421712 0.9999658587582531 0.9823139905929565
0.9999992224408114 0.0007536058608119528 -0.0009935773643127744 -0.013866415247321129 -0.0007509382807148724 0.9999961202191874 0.002682468689617478 -0.021967317909002304 0.000995595033576321 -0.0026817204885615864 0.9999959085745052 1.301135540008545
0.999995825476287 -0.0005917287484247916 -0.0028282303809009568 -0.006764328107237816 0.000592429623996421 0.9999997940132894 0.0002469828317705086 -0.0223478265106678 0.0028280836514811584 -0.0002486573281959531 0.9999959700480763 1.0455594062805176
0.999993935853517 -0.000933722278103277 -0.003355058702830376 -0.007948513142764568 0.0009318804587394647 0.9999994142800636 -0.0005504891828292737 -0.01938626542687416 0.003355570741719469 0.0005473593309391402 0.9999942202546773 0.9731869101524353
0.9999966352923223 -0.00035929976788989776 -0.002569106403137947 -0.005374062806367874 0.0003589195144726882 0.9999999245667902 -0.00014846951175509731 -0.01819707080721855 0.0025691595544031173 0.0001475469097757483 0.9999966888190647 0.8514080047607422
0.9999995050736802 -0.0002653744057677296 -0.0009588685101444126 -0.002059588208794594 0.0002651143964271269 0.9999999280608663 -0.0002712795958345766 -0.01582353748381138 0.0009589404318257841 0.00027102525172484457 0.9999995034891574 0.7751747369766235
0.9999994602917639 -0.00033309866083481996 -0.0009841043966087502 -0.00226157670840621 0.00033298882019214526 0.9999999383122206 -0.00011177656734981953 -0.015994785353541374 0.000984141568526432 0.00011144881126111286 0.9999995095221477 0.7902892827987671
0.9999987394038861 -0.00037471063094882644 -0.0015429784775477543 -0.003878234187141061 0.00037470682991186827 0.9999999297936054 -2.752523065726706e-06 -0.01876670867204666 0.001542979400620453 2.1743550219626653e-06 0.9999988096042124 0.9048293232917786
0.9999983448573598 -0.00041793875006163804 -0.0017707652984116117 -0.004307407885789871 0.00041819373004028725 0.9999999022427244 0.0001436264112225918 -0.019852332770824432 0.001770705098263638 -0.00014436669644556297 0.9999984218796107 0.9630427360534668
0.9999948334525884 -0.0005302239308867446 -0.003170477994364314 -0.0064311097376048565 0.0005298412129535168 0.9999998522467236 -0.0001215517159674757 -0.02070247381925583 0.0031705419755444493 0.00011987123805859578 0.9999949666345663 0.9656130075454712
0.9999977660712962 -0.0005625161485209986 -0.002037505337426216 -0.005361116491258144 0.0005625852747217067 0.9999998411926504 3.3353903798416964e-05 -0.02109665423631668 0.002037486251745891 -3.450009978817675e-05 0.9999979237276032 0.9994036555290222
0.9999990093977263 -0.00033915176823430575 -0.0013660818584111316 -0.0034404331818223 0.00033915614886575676 0.9999999424821261 2.9750558961080846e-06 -0.01816001534461975 0.0013660807708415399 -3.438368011145045e-06 0.9999990669053171 0.8847794532775879
0.9999270812565771 -0.0012533366285231672 -0.012010883273018592 -0.029650727286934853 0.0012253784139254975 0.9999965235333907 -0.0023348166684700245 -0.025280045345425606 0.012013767828835427 0.002319928539477501 0.9999251408551174 1.6502161026000977
0.9999992681377539 0.0010623063543191453 -0.0005789897808692235 -0.023333577439188957 -0.0010604954543791754 0.9999945733522055 0.0031190728641344407 -0.025710301473736763 0.0005823000498187605 -0.0031184565653720247 0.9999949680649908 1.7213191986083984
0.9999935912551402 -0.0007065591403341125 -0.0035097325864609304 -0.007643948774784803 0.000705977311525235 0.9999997368514861 -0.00016701195687029646 -0.02205149456858635 0.003509849666704688 0.00016453309495771416 0.9999938269230353 1.0137262344360352
