0.9999991794651115 -0.00042793000444130044 -0.0012074539391019325 -0.0033481500577181578 0.0004279977914081928 0.9999999068475095 5.588258096875037e-05 -0.02006717398762703 0.0012074299127914688 -5.6399322734305765e-05 0.9999992694657942 0.9678136706352234
0.9999977966071603 -0.000798244180718328 -0.0019415424415961007 -0.005021043587476015 0.0007950010582898692 0.9999982885612547 -0.0016705830954757597 -0.01566542126238346 0.0019428726519995106 0.0016690358862291451 0.9999967197771544 0.8906337022781372
0.9999998667585982 0.0004678954094378462 0.00021807492172460226 -0.006771111860871315 -0.0004679195951769211 0.9999998843797827 0.00011086781914126232 -0.015200328081846237 -0.00021802302196710188 -0.00011096984589817029 0.999999970075827 0.9342270493507385
0.9999998379485825 -0.0002764302897923396 -0.000497683739132347 -0.0017955745570361614 0.00027640905221557467 0.999999960885616 -4.2741112820327024e-05 -0.01667291298508644 0.0004976955346039571 4.260354160343242e-05 0.999999875242039 0.8357114195823669
0.9999997954666359 -0.00029581320126606585 -0.000567063697237257 -0.001536175375804305 0.0002954826941688567 0.9999997864968466 -0.000582834658324222 -0.015131684951484203 0.000567235986353457 0.0005826669816060636 0.9999996693712077 0.7595950365066528
0.9999999162061787 -0.00017902953857035705 -0.000368152223993189 -0.0006316882790997624 0.00017888048147321622 0.9999999020401903 -0.0004048720578234868 -0.013284840621054173 0.00036822467198675937 0.0004048061686506265 0.9999998502712673 0.6854590773582458
0.9999997960222173 -2.3622208972519256e-05 -0.0006382769891057512 -0.0010376235004514456 2.3433941120600132e-05 0.99999995622222 -0.00029496848704882743 -0.012183906510472298 0.0006382839289706429 0.0002949534695364282 0.9999997527980078 0.6059368848800659
0.9999890311562589 -0.0006040758507768167 -0.004644637718155718 -0.005092188715934753 0.0006022949733406785 0.9999997445787795 -0.0003848157230453079 -0.010079644620418549 0.004644868989701974 0.000382014060111139 0.9999891395696886 0.4582434594631195
0.9999962858272226 -0.00028939141781590276 -0.002710089365188122 -0.0025582662783563137 0.0002886672351343394 0.9999999225294958 -0.0002676046153926158 -0.012532683089375496 0.0027101665977151946 0.00026682130745882233 0.9999962918948264 0.5691323280334473
0.9999993509731205 -0.00033400597331124384 -0.001089262754003356 -0.00215635122731328 0.00033406554490592174 0.9999999427145243 5.450834578949657e-05 -0.015432224608957767 0.001089244485491332 -5.4872195567576855e-05 0.9999994052675696 0.7647147178649902
0.9999992652788492 -0.0003049251096661265 -0.0011732273602713403 -0.0028843064792454243 0.00030465364628730373 0.9999999267845658 -0.00023155348935370188 -0.016748476773500443 0.0011732978808461246 0.0002311958912332251 0.9999992849600154 0.817223072052002
0.9999990292418033 -0.00035192433736534474 -0.0013482079630836054 -0.003474385244771838 0.0003519618715756721 0.999999937680458 2.7602916788951966e-05 -0.017825862392783165 0.0013481981649257023 -2.8077407791154372e-05 0.9999990907862703 0.8652337789535522
0.9999990660074187 -0.0002464857614391688 -0.0013443321984408182 -0.002444993006065488 0.00024606039118307404 0.9999999196176748 -0.00031657373234804 -0.015454007312655449 0.0013444101212977395 0.0003162426497638942 0.9999990462755514 0.7302044630050659
0.9999983434337055 -0.0002154644310413522 -0.0018074028117035003 -0.001569288084283471 0.00021486446638509634 0.9999999217594304 -0.00033213610797868347 -0.012704910710453987 0.0018074742338088088 0.0003317472111325222 0.9999983114889155 0.5990651845932007
0.9999989773747029 -0.0006359128696249009 -0.0012809622831712992 -0.0033245410304516554 0.0006340948262003566 0.999998791916815 -0.001419185915301774 -0.014548072591423988 0.0012818632142502348 0.0014183722124500387 0.9999981725218137 0.8055498600006104
0.999999832984234 -0.00021167006303254667 -0.0005377985574759661 -0.0018722688546404243 0.00021171661258800664 0.9999999738468874 8.650029017748916e-05 -0.01535952277481556 0.0005377802338889857 -8.661413661942048e-05 0.9999998516451947 0.7681609988212585
0.9999984740887133 -0.0003660852813529298 -0.0017081574316806841 -0.004069169517606497 0.00036614821083733723 0.9999999323005944 3.65279905228131e-05 -0.01849418133497238 0.0017081439436797536 -3.7153373571778466e-05 0.999998540430882 0.8876421451568604
0.99999837680229 -0.0003321287975930245 -0.0017708989940738878 -0.004190152045339346 0.00033209613560713385 0.9999999446805252 -1.873775438230291e-05 -0.01801605150103569 0.0017709051194565177 1.8149615254740403e-05 0.9999984317815951 0.8655508756637573
0.9999913575975483 -0.0005728813381366441 -0.0041178316120083595 -0.00823612418025732 0.0005765443273024374 0.9999994391609303 0.0008884112019670627 -0.020680027082562447 0.00411732034836931 -0.0008907776364166028 0.9999911270548112 0.9754635691642761
0.9999789121801255 -0.0007084406395434836 -0.006455486574488559 -0.014008289203047752 0.0007208960450664017 0.9999978828964345 0.0019273068103563065 -0.028478257358074188 0.0064541075250855885 -0.0019319199023979747 0.9999773058332602 1.2759515047073364
0.9999898111970805 -0.000513840641168092 -0.004484804323799589 -0.009193308651447296 0.0005143558197091195 0.9999998612529871 0.00011371937948273316 -0.02378077246248722 0.004484745267907518 -0.00011602500602259043 0.9999899367484055 1.0684211254119873
0.9999940991817036 -0.00040597896984154093 -0.003411272907488302 -0.007452644873410463 0.0004074866303707094 0.9999998196129319 0.00044128080595840294 -0.02220633253455162 0.0034110931414117695 -0.00044266825014289653 0.9999940842267023 1.0174353122711182
0.9999941198939135 -0.0005781680509803326 -0.003380221783031071 -0.007399376947432756 0.0005801393111390259 0.9999996622270981 0.0005822233846841234 -0.02208155021071434 0.003379884018324192 -0.0005841809606855602 0.9999941175410124 1.0223708152770996
0.999998086328276 -0.00036483229903099413 -0.0019220398486115696 -0.004463518038392067 0.0003647169483106411 0.9999999316688112 -6.036489801361946e-05 -0.018981236964464188 0.0019220617403408245 5.966378198690394e-05 0.9999981510577406 0.9015724658966064
0.9999938942174678 -0.0005218658101127479 -0.0034553124113706406 -0.006972736679017544 0.0005237008948844694 0.9999997223087234 0.0005302073640286904 -0.020562127232551575 0.003455034754764969 -0.0005320136768997689 0.9999938898294783 0.9631475806236267
0.9999954430651501 -0.0003618111635639372 -0.002997155587536913 -0.0061549236997962 0.0003619824093500497 0.999999932882934 5.6593838593268386e-05 -0.02046443521976471 0.0029971349100940316 -5.7678498299606587e-05 0.9999955069176667 0.9306681156158447
0.9999985522349178 -0.00037380361843039183 -0.0016600599155124993 -0.0035703794565051794 0.0003740138240802135 0.9999999220788721 0.00012631670152802468 -0.018335547298192978 0.001660012568518659 -0.00012693740400831802 0.9999986141216236 0.8786634206771851
0.9999957258444466 -0.00048641738718077263 -0.002883000340610157 -0.006850865203887224 0.0004886394636019612 0.9999995840908782 0.0007700971013656382 -0.022456549108028412 0.0028826245529240953 -0.0007715025575908357 0.9999955476198336 1.0495424270629883
0.9999974615465513 -0.0008111989334119004 -0.0021021076909198176 -0.004405084531754255 0.00080940762356983 0.9999993087442501 -0.0008528600829827859 -0.020229514688253403 0.0021027980770154543 0.0008511564560465718 0.999997426883157 0.9555649161338806
0.9999879220982897 -0.001190607331433983 -0.0047684496146421385 -0.011213050223886967 0.001184741050954933 0.9999985382165893 -0.0012328638719213824 -0.01250991690903902 0.004769910500966167 0.0012271996035048383 0.9999878708939154 0.8818615078926086
0.9981550213004162 -0.00288610384893465 -0.060648362363208086 -0.11366166174411774 0.002697095664907635 0.9999912489046098 -0.00319809148922849 0.03175332769751549 0.06065706164776008 0.003028616643337987 0.9981540704487899 1.8354026079177856
0.9997768738082943 -0.016630103060695237 -0.013024679278395625 -0.04628084972500801 0.01661619808538359 0.9998612509454536 -0.0011750825419378505 0.10836772620677948 0.013042413860237226 0.0009583996993569152 0.9999144847989326 -1.3309667110443115
0.9999357975333379 -0.001163479154281022 -0.01127151842589016 -0.0471854992210865 0.0011651968756977201 0.9999993105248235 0.00014582907386736312 -0.024917621165513992 0.011271340985370469 -0.0001589532493353263 0.9999364637847028 1.9491145610809326
0.9997957174148338 -0.010534379387384754 -0.01724964607985666 -0.049577925354242325 0.010467158957803485 0.9999372868653843 -0.003982577010674159 0.06953128427267075 0.017290518277649904 0.0038012086520630836 0.999843282114989 -0.2700634002685547
0.9988348645524167 -0.005368537565545053 -0.047959276047107674 -0.10120164602994919 0.0051560769572509685 0.999976343907078 -0.004552636230152352 0.030695807188749313 0.047982582516640865 0.004300050074187719 0.998838916614883 1.3433172702789307
0.9997317025411085 -0.014077686154834285 -0.018394066618947685 -0.050738733261823654 0.013985166075956163 0.9998889459054304 -0.005148882010210572 0.08502189815044403 0.01846450822752188 0.004890256501772916 0.9998175570209109 -0.6517841815948486
0.9994488674022246 -0.0031396236045215294 -0.03304700004588229 -0.06962715089321136 0.003059880248657644 0.999992284549358 -0.002463325926414843 0.002352280542254448 0.03305447898960877 0.002360848444480067 0.9994507630760746 1.618661642074585
0.9954458355445237 -0.0025526993046897876 -0.09529465999375185 -0.1819799542427063 0.0017612441919296028 0.9999632645975725 -0.00838853230677 0.04534848779439926 0.09531257270665465 0.008182492384668992 0.9954137633679843 2.5863454341888428
0.991394652052057 -0.003911349495040637 -0.13084855837076909 -0.21625499427318573 0.0027571299957461245 0.9999556888341129 -0.009001033411862251 0.09003568440675735 0.13087796650608335 0.00856280990227793 0.991361506298187 1.9550784826278687
0.9977987473933332 -0.02040914532641845 -0.06309616856307812 -0.12128302454948425 0.021051217348076398 0.9997329957831731 0.009528031830648459 0.1498723328113556 0.06288486263369972 -0.010835309383997061 0.9979619682743895 -1.224970817565918
0.997369734409814 -0.007015479287290129 -0.07214149938604576 -0.12728188931941986 0.006455884639123364 0.9999472620614133 -0.007987155276438661 0.07112665474414825 0.07219372851448781 0.00750040973902187 0.9973624263109793 0.9946185946464539
0.9975209205273043 -0.012785142311001006 -0.06919937316513125 -0.11703509837388992 0.012672351306729057 0.9999175625967853 -0.0020687007668955494 0.09268973767757416 0.06922011718220705 0.0011866535263352063 0.9976007053078352 0.1585690677165985
0.999872571780221 -0.015143115005384108 0.0050523528717061165 -0.023849688470363617 0.01508552202763807 0.999822927926686 0.011248991833151582 0.003817756660282612 -0.005221803018132052 -0.011171341013610454 0.999923964065867 0.555234968662262
0.9953897924710754 0.00036076176004745176 -0.09591157852596385 -0.18432076275348663 -0.0012736256181387524 0.9999544731593775 -0.009456716466981574 0.024388693273067474 0.09590380035313753 0.009535274485013382 0.9953449349940557 3.484539270401001
0.9928068199241086 -0.017830454642940034 -0.11839211628907054 -0.20881322026252747 0.018376810072610484 0.9998249195585883 0.003524639161346643 0.15315686166286469 0.11830854222639187 -0.0056749552322952 0.9929606657463214 -0.07897120714187622
0.9991149588785627 -0.040686540569035215 0.010672598634457568 -0.06933031976222992 0.04029594981520075 0.9985898174324028 0.03456317330355059 0.11159031838178635 -0.012063804274721802 -0.0341025209749177 0.9993455271774505 -1.908360242843628
0.984920728942414 -0.03203941841133401 -0.17001362700503472 -0.2806827127933502 0.03550114632129553 0.9992188456631438 0.017359927462065418 0.19746732711791992 0.16932461814342756 -0.023133831059244804 0.9852887899246112 0.14123469591140747
0.9811854729867626 -0.007974549996777582 -0.19290275828015502 -0.3072722554206848 0.008459265657660291 0.999962792987189 0.0016892204691296214 0.16423840820789337 0.19288211017166973 -0.003289254263369128 0.9812164248432224 1.676485300064087
0.9992516750534819 -0.035353401579795274 -0.015691618767625114 -0.0720926895737648 0.03575862986427927 0.9990132112056208 0.02634244155091314 0.17223992943763733 0.014744839539317833 -0.026883839632231277 0.9995298138993096 -2.595539093017578
0.9965036039226719 -0.0008978088210944563 -0.0835449657875759 -0.16700802743434906 0.0009000575720543018 0.9999995948903543 -1.0746824598909969e-05 0.03800303861498833 0.08354494159129834 -6.448602962058668e-05 0.9965040083090777 2.6446616649627686
0.9997303856996178 -0.0005668328915364997 -0.023212811319751194 -0.038304347544908524 0.0006393449336749554 0.9999949393459197 0.0031164917144305996 -0.008224086835980415 0.023210927317732933 -0.0031304924570110023 0.9997256888116998 1.2605674266815186
0.9981125479566993 -0.0016553858994795244 -0.06138893474323554 -0.13037090003490448 0.0016955140248417016 0.9999983816631121 0.0006015840326611824 0.008109142072498798 0.06138783954153292 -0.0007045343714767668 0.9981137394043538 2.697164535522461
0.9952936835706749 -0.011447916571350471 -0.0962259250435783 -0.18409238755702972 0.012154653381662208 0.9999032679517666 0.006761593048153704 0.08791448175907135 0.09613921075965101 -0.007899363616937272 0.9953365522319365 1.9824740886688232
0.9932034117582262 -0.00040288052389304504 -0.11639080959896599 -0.2140243798494339 0.0011167978178396167 0.9999809619717127 0.006068645381142617 0.043994881212711334 0.11638614880840999 -0.006157384299478359 0.9931849530596681 3.5978732109069824
0.9969795023059359 -0.028765204837051545 -0.07214176995673915 -0.14994122087955475 0.029936228142854408 0.9994361764178287 0.01520366771177413 0.18254117667675018 0.07166375810957432 -0.01731739755256366 0.9972785034861722 -0.8631784915924072
0.9904908793737316 -0.0014043436746036509 -0.13757123862310583 -0.24229995906352997 0.0028281625259122174 0.9999444395832362 0.010154764561261874 0.05760277807712555 0.13754933432837452 -0.010447275501834673 0.9904398189998268 3.7799417972564697
0.992098965510632 -0.027311777676603397 -0.12244880331337314 -0.2201937586069107 0.029506495590610315 0.9994341790938869 0.01614584704774927 0.20036673545837402 0.12193854743556136 -0.019631313228406503 0.9923434900225996 0.1632581651210785
0.9950715510788476 -0.021237657811002033 -0.09685850568865643 -0.17525367438793182 0.02237086614669741 0.9996932416445814 0.01062859153393949 0.13313810527324677 0.09660306714273235 -0.012743017729390738 0.995241409366474 1.186187505722046
0.9995469906852429 -0.029654279086304094 0.005141706326335929 -0.03673739358782768 0.029625098544753183 0.9995450470785346 0.005661483638012253 0.1355835199356079 -0.005307254307865606 -0.0055065953765830065 0.9999707548018942 -1.2635575532913208
0.9941616948096447 -0.0011453537984964855 -0.10789445184017148 -0.20870667695999146 0.0016976891410992179 0.9999859209259941 0.005027504487469602 0.03725083917379379 0.10788717451483752 -0.005181323621199785 0.9941496423882761 3.5412404537200928
0.999055263224 -0.043457595664523535 -0.00013565943735607345 -0.058000002056360245 0.04345485285436834 0.9989460734118989 0.014778977581490747 0.20386295020580292 -0.0005067423698033657 -0.014770910398746447 0.9998907757441123 -2.300386905670166
0.9999967739082507 -0.0009244260880809943 0.002365926773681496 -0.002132539404556155 0.0009278556329347867 0.999998519929097 -0.0014488697455379773 -0.007907373830676079 -0.0023645838989511136 0.001451060309835317 0.9999961515760758 0.6689925193786621
0.9999998597272287 -0.0002597249835108244 -0.00046161505146216804 -0.0008119303965941072 0.00025948565266305565 0.9999998319391985 -0.0005184484262232203 -0.012409081682562828 0.00046174962789172463 0.000518328571016115 0.9999997590613576 0.6349279284477234
0.999761309916547 -0.00012775249303649173 -0.02184735391873714 -0.03956485912203789 0.00023971043180007068 0.9999868536812666 0.00512201167023841 -0.00800364650785923 0.02184641235669881 -0.0051260261354869425 0.9997481973593147 1.160607099533081
0.9998149704495688 -0.011399088883159101 -0.015494697078733322 -0.043345142155885696 0.011417879967987295 0.9999341812347399 0.0011248179617619225 0.06080205738544464 0.01548085533698002 -0.0013015264285854413 0.9998793172913375 -0.21767204999923706
0.999860639824853 -0.006528268616987062 0.01536498089489864 0.009268027730286121 0.006591987711834443 0.9999698672008505 -0.004100047355948097 0.028934109956026077 -0.015337751694533398 0.004200761737882203 0.9998735454915181 -0.038614749908447266
0.9999728107731771 -0.000467801895552521 -0.007359271416250877 -0.008375481702387333 0.00046299258369309496 0.9999996781793602 -0.0006551938974350884 -0.005019398871809244 0.0073595755488326175 0.0006517687951324894 0.9999727055500958 0.31086423993110657
0.9999589184240693 -0.0009429240531215077 -0.009015118323997567 -0.010919636115431786 0.0009380366551982486 0.9999994107961924 -0.0005463465032713032 -0.003399196080863476 0.009015628175514798 0.0005378675470570854 0.9999592137417919 0.24640755355358124
0.9999594598149066 -0.0006827636886847301 -0.008978449778534806 -0.010671029798686504 0.0006762763405936009 0.9999995081043908 -0.0007255627387107366 -0.0019854046404361725 0.008978940749966635 0.0007194614111025815 0.9999594296761677 0.23041164875030518
0.9999502968882084 -0.000955337831118446 -0.009924267369038016 -0.011655918322503567 0.0009514027978907246 0.9999994669275893 -0.0004012197067085969 -0.0027483049780130386 0.009924645379049295 0.000391757789098743 0.9999506727533787 0.2405983805656433
0.9999668575401494 -0.0008236524888533195 -0.008099717146689087 -0.01046058814972639 0.0008166458687423364 0.9999992895596073 -0.0008683143473445007 -0.0012851273640990257 0.008100426581596154 0.000861670968725281 0.9999668197557047 0.2056102156639099
0.9999636447824342 -0.0009517343811396515 -0.008473683679360857 -0.010098330676555634 0.0009476444650419307 0.9999994325644112 -0.00048666294689612445 -0.004487200174480677 0.008474142044949754 0.00047861521472154626 0.999963979273293 0.28670573234558105
0.9999926974396739 -0.0005816812675161271 -0.0037771304223887963 -0.0042234365828335285 0.0005798924056240991 0.9999997192011816 -0.00047468132031199293 -0.009520255029201508 0.003777405475007102 0.00047248752467602073 0.9999927539554556 0.43944621086120605
0.9999688529359619 -0.0007608570970572681 -0.007855842056351746 -0.009426956064999104 0.0007533102852576033 0.9999992520215315 -0.0009635766661721202 -0.0024344278499484062 0.00785656932449605 0.0009576287669675845 0.9999686781422676 0.2407544106245041
0.9999623824740439 -0.0009577262704250298 -0.008620695866649049 -0.01032536756247282 0.0009529853816864006 0.9999993924325905 -0.0005540336744936157 -0.0038740611635148525 0.008621221241599954 0.0005457974359766038 0.9999626876286248 0.27859100699424744
0.9999821710441456 -0.000672337448898338 -0.0059334270192160634 -0.007004313170909882 0.0006691893871702468 0.9999996342969177 -0.0005325331869799502 -0.007087543606758118 0.005933782891347901 0.0005285531060784598 0.9999822552686687 0.3630460202693939
0.9999772325744768 -0.0005445921462633177 -0.006725901581564422 -0.00705881929025054 0.0005427748056253168 0.9999998156995656 -0.000272022692007525 -0.007800471968948841 0.006726048483399512 0.00026836584882755545 0.9999773438691348 0.3904498517513275
0.9999919361431461 -0.00043836294357735994 -0.003991927681164051 -0.003734160680323839 0.00043668547874557657 0.999999816000317 -0.0004210761508187831 -0.011562022380530834 0.003992111530831567 0.0004193295384704115 0.9999919435716788 0.5249371528625488
0.9999921327498623 -0.0003988229123876766 -0.0039465654265585254 -0.003708577947691083 0.00039774171148085417 0.9999998831594424 -0.0002747410278234872 -0.010642943903803825 0.00394667453845649 0.00027316915267986774 0.9999921745387318 0.49281421303749084
0.9999997133793606 -0.00016511502335896612 -0.0007389033940246336 -0.0007764023030176759 0.00016499075210445183 0.9999999722364823 -0.00016824115452790755 -0.012634693644940853 0.0007389311526522361 0.00016811919407980758 0.9999997128583028 0.6053531765937805
0.9999849096428889 -0.0004144251118846491 -0.0054780232137058415 -0.005183593835681677 0.00041384571272274376 0.9999999086519425 -0.00010690104107357057 -0.009296782314777374 0.0054780670157749695 0.00010463237147749739 0.9999849898042658 0.4489411413669586
0.9999994570547989 -0.0002687147879222798 -0.0010068179924828241 -0.0022701702546328306 0.00026821053193271365 0.999999838559694 -0.0005009428074939312 -0.01406199298799038 0.0010069524406820963 0.0005006724963201145 0.9999993676867168 0.7079011797904968
0.9999992742010828 -0.000334409769733804 -0.0011574832239313166 -0.0012129422975704074 0.000333973479054956 0.999999873127431 -0.0003771032184193712 -0.012916709296405315 0.0011576091840788836 0.00037671637601901945 0.9999992590126 0.6668263077735901
0.9999905587652789 -0.0007279570144970166 -0.0042839769945927555 -0.007230755873024464 0.0007308081238349665 0.9999995125110424 0.0006640008761749379 -0.01826022006571293 0.004283491542105833 -0.0006671253723767814 0.9999906032778239 0.8823426961898804
0.9999956088011601 -0.00037929272203438436 -0.002939135149749989 -0.0062979464419186115 0.0003796402159576362 0.9999999210131846 0.00011767298510569811 -0.016893062740564346 0.0029390902850902328 -0.00011878828228320217 0.9999956738094623 0.8166152238845825
0.9999867719451706 -0.0007006180173150957 -0.005095593102984463 -0.010275730863213539 0.0006972543121773832 0.9999995378841725 -0.0006618669546698525 -0.023621346801519394 0.005096054464143746 0.000658305275193329 0.9999867983443897 1.095412015914917
0.9999996452808352 -0.00021556295746660267 -0.0008142301979025135 -0.0008028362644836307 0.00021516283595480042 0.9999998560828393 -0.0004914664329642739 -0.01278669573366642 0.0008143360226786006 0.0004912910665532105 0.9999995477448628 0.6566355228424072
0.9999994108124831 -0.00017278920100702384 -0.0010716895906096788 -0.001154957339167595 0.0001725158550868663 0.9999999525689084 -0.0002551479189135979 -0.012313717976212502 0.0010717336265833194 0.00025496288513751733 0.9999993931902963 0.5890567302703857
0.9999837992732425 -0.0004499820849653605 -0.005674390467254235 -0.0060938321985304356 0.0004483654047172409 0.9999998585355644 -0.0002861770698436042 -0.007752296514809132 0.005674518439084347 0.0002836282331887172 0.9999838595674982 0.3912886381149292
0.9999727231872827 -0.0005166253541089681 -0.007367901984499372 -0.00767133105546236 0.0005146687692357737 0.999999831793586 -0.0002674487936011681 -0.0068551888689398766 0.007368038915998703 0.00026364946940430153 0.9999728208763922 0.36544355750083923
0.9999777250593537 -0.0004897273173883465 -0.006656542065847511 -0.006822514813393354 0.0004884082823989826 0.9999998607725781 -0.00019978031510032833 -0.007753121200948954 0.0066566389769521 0.00019652475472856998 0.9999778250219109 0.398221880197525
0.9999967315424403 -0.00014760965915857824 -0.0025524724925653822 -0.002246415475383401 0.00014678662598686997 0.9999999371818505 -0.00032262979029103276 -0.012158047407865524 0.0025525199554971623 0.00032225406696414767 0.9999966903916199 0.5545541644096375
0.9999999950404819 -9.848142715676793e-05 1.4847386812881746e-05 -0.00045791303273290396 9.848801973172661e-05 0.9999998962809485 -0.0004446776384948612 -0.012903557159006596 -1.4803592784461193e-05 0.0004446790985791998 0.9999999010206716 0.6647863388061523
0.9999999189940676 -0.00021303882666100113 -0.0003415059544529643 -0.0007187947630882263 0.00021292215180865234 0.999999918970386 -0.00034164803374882704 -0.013333769515156746 0.0003415787110771095 0.0003415752918906319 0.9999998833251453 0.6896471977233887
0.999999874221824 -0.00024489053436029814 -0.00043770419487420073 -0.0013627682346850634 0.000244720693549761 0.9999998947691757 -0.00038803791011313973 -0.01401892863214016 0.0004377991756253871 0.00038793074603229994 0.9999998289207944 0.7202913761138916
0.9999999086858277 -0.00023679791523986503 -0.0003557458135013646 -0.0013057133182883263 0.00023668869906383447 0.9999999248595223 -0.0003070169537056269 -0.01407587993890047 0.000355818487745035 0.00030693272465683285 0.9999998895927472 0.7251924276351929
0.9999990228831949 -0.0002861125352985557 -0.001368346547021154 -0.003084515454247594 0.0002857873716718905 0.9999999308831025 -0.00023782213636336125 -0.01518275961279869 0.0013684144963396708 0.0002374308478201457 0.9999990355337143 0.7522177696228027
0.9999993295738129 -0.00026544301194997245 -0.0011271166453444396 -0.0026905660051852465 0.0002651617951491805 0.9999999336837536 -0.0002496431670858653 -0.014986148104071617 0.0011271828366324784 0.0002493441314455266 0.9999993336429565 0.7482913732528687
0.9999996727030938 -0.00025133242687617487 -0.0007690420772771706 -0.002366891596466303 0.00025118084958874044 0.9999999490123267 -0.0001971890586671711 -0.015071108005940914 0.0007690915980701727 0.0001969958254854623 0.9999996848453296 0.7571027278900146
0.999999089253121 -0.00033468767800722216 -0.0013074697269413427 -0.003245740896090865 0.00033449974700730035 0.9999999336938056 -0.0001439524363569229 -0.01622348092496395 0.0013075178193546683 0.00014351495695980916 0.9999991348999304 0.7960547804832458
0.9999991393095882 -0.00031514709418206167 -0.0012736021326595183 -0.003123323665931821 0.0003149035828209526 0.999999932101854 -0.0001913949352385624 -0.016101840883493423 0.0012736623637419763 0.00019099370863211382 0.9999991706524495 0.7907816171646118
0.999999077966376 -0.000288401127522126 -0.0013269857525883542 -0.0033409097231924534 0.0002882327364345015 0.9999999503854003 -0.0001270869251335864 -0.01589733362197876 0.0013270223387629892 0.0001267043272204901 0.9999991114784682 0.7827129364013672
0.999998934716588 -0.0003522590203351052 -0.0014165024784588058 -0.003397611202672124 0.0003519984641752635 0.9999999210858521 -0.00018418841033733652 -0.01598113402724266 0.0014165672487057026 0.00018368960742756038 0.9999989797971585 0.7848608493804932
0.999998960584961 -0.0003749556706232951 -0.0013922058909577415 -0.003445186885073781 0.00037476598282508336 0.9999999204579826 -0.0001365081933026131 -0.01696833409368992 0.0013922569647400417 0.00013598630000492438 0.9999990215636566 0.8243337869644165
0.9999989013751128 -0.00034321251658203064 -0.0014420311146617162 -0.003536769188940525 0.0003430386633001197 0.9999999338650698 -0.00012080700105330887 -0.017120057716965675 0.0014420724817679415 0.00012031219590572024 0.9999989529754182 0.8308137655258179
0.9999988610160973 -0.000354455155691217 -0.0014670814738241612 -0.003611940424889326 0.0003543438310349029 0.9999999343215009 -7.614094386995657e-05 -0.01741570606827736 0.0014671083660185657 7.562100587677197e-05 0.9999989209366708 0.8421645760536194
0.9999987716178987 -0.000328618809693673 -0.0015325705110910168 -0.0037902225740253925 0.00032861453980452586 0.9999999460016261 -3.037908175226167e-06 -0.017695654183626175 0.00153257142664847 2.5342794902939776e-06 0.9999988256085102 0.8543742895126343
0.9999987734024514 -0.0003312800143751372 -0.0015308321740530012 -0.0037460229359567165 0.00033123548542834854 0.9999999447110632 -2.934150723024758e-05 -0.0174048263579607 0.0015308418096698546 2.8834405301744954e-05 0.9999988278452786 0.8417096138000488
0.99999876550112 -0.0003144232310422136 -0.001539524039342605 -0.003723469562828541 0.00031435665025753495 0.9999999496442816 -4.3489431079149376e-05 -0.017247071489691734 0.0015395376359062022 4.300541777149673e-05 0.9999988139864975 0.8351039886474609
0.9999989401739001 -0.0003122294323691237 -0.0014220280791416363 -0.003434906480833888 0.00031201422699389384 0.9999999398389077 -0.00015155627033578995 -0.016749663278460503 0.0014220753139191327 0.00015111241672062205 0.9999989774328966 0.8152492642402649
0.9999989011485332 -0.00031284601881108776 -0.001449078705406274 -0.003512295428663492 0.0003126341131415982 0.9999999404048399 -0.0001464589625414743 -0.016941267997026443 0.0014491244381515471 0.00014600577016889147 0.9999989393597764 0.8227633237838745
0.999999148743451 -0.000228648059407079 -0.0012846137311161737 -0.003104906063526869 0.00022845416076681631 0.9999999624911651 -0.00015108396581768466 -0.015848200768232346 0.0012846482279874013 0.00015079036185461765 0.9999991634702485 0.7811944484710693
0.999999226926817 -0.0003734537303851312 -0.001186034602849954 -0.0029629706405103207 0.00037299035676429716 0.9999998540421188 -0.0003908886469646083 -0.01541140303015709 0.001186180408562231 0.0003904459653094261 0.9999992202636889 0.7660977840423584
0.9999995558376018 -0.00030520335855418817 -0.0008917261401961528 -0.0022721756249666214 0.0003048573778805839 0.9999998782201784 -0.000388099996823833 -0.01534554548561573 0.0008918444810243881 0.0003878279751515199 0.9999995271013299 0.7615621089935303
0.9999997054799632 -0.00025925587600886154 -0.0007223755101213852 -0.0018434327794238925 0.00025906931321070136 0.9999999330706002 -0.0002583445103119574 -0.014875346794724464 0.0007224424391055588 0.00025815728889703527 0.9999997057158249 0.7484221458435059
0.9999997684436097 -0.00026084167334429443 -0.0006285494002296904 -0.00168794475030154 0.00026058574474157193 0.999999883133093 -0.0004072209108206417 -0.01465732604265213 0.0006286555469568652 0.00040705702551247175 0.9999997195483513 0.7355477213859558
0.9999998207261057 -0.0002752747754973676 -0.0005317626864831868 -0.0006699779769405723 0.0002750286762374489 0.9999998550799363 -0.0004628167391175507 -0.013144000433385372 0.0005318900111940612 0.00046267040615885556 0.9999997515145249 0.6719799637794495
0.9999997247926431 -0.0003050570276009327 -0.0006762801549465309 -0.0021236895117908716 0.0003049447346709983 0.9999999397027898 -0.00016614188374330187 -0.015401851385831833 0.0006763307969179389 0.00016593560994741975 0.9999997575209838 0.7741668820381165
0.999999797174992 -0.0002545203725772591 -0.0005838401789490953 -0.0012901664013043046 0.0002542299962846527 0.9999998439920512 -0.0004973760972203896 -0.014475913718342781 0.0005839666802149623 0.0004972275666535538 0.9999997058737884 0.7102826237678528
0.9999992195271418 -0.00024423117886888317 -0.001225273944321053 -0.0009916032431647182 0.00024381781674805557 0.9999999133229525 -0.0003375010516587556 -0.012628791853785515 0.0012253562663976413 0.0003372020446303225 0.9999991923980747 0.604479193687439
0.9999981848751472 -0.00032099154939503903 -0.001878087014964101 -0.0015769534511491656 0.0003202290718518866 0.9999998661978289 -0.0004062728954801605 -0.012468673288822174 0.0018782171738381786 0.00040567073998247196 0.999998153864045 0.5966416597366333
0.9999994027771267 -0.0002048401249945165 -0.0010735389666042608 -0.0009091079700738192 0.00020449080299174177 0.9999999261190347 -0.00032549260571207054 -0.012864967808127403 0.0010736055612362047 0.0003252728824751175 0.9999993707841273 0.6319700479507446
0.9999996586739391 -0.0002119943868761987 -0.0007985677083512933 -0.001597951166331768 0.00021195155425635762 0.9999999760952932 -5.372105122447764e-05 -0.014331256039440632 0.0007985790778230832 5.355177522111885e-05 0.9999996797017805 0.7279165387153625
0.9999989211524719 -0.00041374813561849747 -0.0014094347705752475 -0.003646330675110221 0.0004138096489917876 0.9999999134410568 4.335266210981701e-05 -0.017545325681567192 0.001409416711492941 -4.393585304659322e-05 0.9999990058065928 0.8523259162902832
0.9999987154630686 -0.00033163147221038715 -0.0015681494760105099 -0.0036343003157526255 0.0003313191547598759 0.9999999252299077 -0.00019941864654466729 -0.018079228699207306 0.0015682154922591685 0.00019889883242512208 0.9999987505689315 0.8685119152069092
0.9999985719149568 -0.00036601274954736556 -0.0016499099108322457 -0.0037627427373081446 0.0003665119454740269 0.9999998871517288 0.0003022673038483089 -0.018132323399186134 0.0016497990909557854 -0.0003028715838761693 0.9999985932148919 0.8794819712638855
0.9999962952014622 -0.0004080897513459401 -0.0026912907879213816 -0.006037144456058741 0.0004088863041809213 0.9999998727663384 0.00029543069813230485 -0.020850718021392822 0.0026911698832584596 -0.0002965300355648357 0.999996334830582 0.9810004234313965
0.9999964607603326 -0.0005077326731724596 -0.002611642077560766 -0.006053080316632986 0.000508173232273912 0.9999998567629926 0.00016802964099484305 -0.020785925909876823 0.0026115563893381755 -0.00016935621289376895 0.9999965755399858 0.9770845174789429
0.9999973375185703 -0.0004377620805452924 -0.0022656831489268874 -0.0052140867337584496 0.00043794926950583657 0.999999900728059 8.21237454701291e-05 -0.019923251122236252 0.002265646973346444 -8.311578109718607e-05 0.999997429964477 0.9474554061889648
0.9999974793061409 -0.0004644630098753131 -0.002196737461960869 -0.005167963448911905 0.00046484421465941634 0.9999998769911198 0.0001730248579096746 -0.020037978887557983 0.002196656828096366 -0.0001740455624672959 0.9999975722005139 0.9550595283508301
0.9999976520784838 -0.0005140073719435862 -0.002105144636642211 -0.005133535247296095 0.000514083161213519 0.9999998672305024 3.5460977938860286e-05 -0.02050897106528282 0.002105126129939138 -3.6543114088883915e-05 0.9999977835518327 0.9701128005981445
0.9999973400597262 -0.0003934909747933034 -0.0022726720672816836 -0.005295333452522755 0.0003943816342350711 0.9999998456091989 0.00039146481992295966 -0.020780667662620544 0.002272517678528433 -0.00039236007877389427 0.9999973408549493 0.9981852173805237
0.9999962819285717 -0.0005573966332271314 -0.002669351611498886 -0.006312014069408178 0.0005579111207915042 0.9999998259359549 0.0001919980235949142 -0.02163400501012802 0.0026692441278088094 -0.00019348657068190634 0.9999964188429542 1.0096553564071655
0.9999967572391092 -0.000457180758526298 -0.0025052937991906165 -0.005685282871127129 0.00045757626810614304 0.9999998829405429 0.00015729863175206822 -0.020729703828692436 0.002505221592014505 -0.0001584444846573601 0.9999968493750969 0.9817460775375366
0.999996276951825 -0.0005032756023396222 -0.002681938880093568 -0.006046858616173267 0.0005039863896047185 0.9999998380562304 0.00026435815040341473 -0.02161378785967827 0.0026818054007628988 -0.0002657088268786043 0.9999963686527124 1.0266016721725464
0.99999487616955 -0.0006832077154820666 -0.003127436948074915 -0.007178361061960459 0.0006845109728071986 0.9999996793332165 0.00041566596243830035 -0.02239999920129776 0.0031271519590171672 -0.0004178045975441048 0.9999950231675875 1.0421345233917236
0.9999965606925726 -0.000545286141269597 -0.00256539783464367 -0.006144102197140455 0.0005459517948583153 0.99999981748458 0.00025878068766532037 -0.02165917120873928 0.002565256256896395 -0.0002601803811913286 0.9999966758777279 1.0199475288391113
0.9999960118979474 -0.00054007266039445 -0.0027720948255431535 -0.006339088547974825 0.0005405916661845595 0.9999998364930568 0.00018647924892125164 -0.022060733288526535 0.002771993659942329 -0.0001879770765835382 0.9999961403504356 1.0377916097640991
0.9999950041672647 -0.000533413393104531 -0.0031156236397257985 -0.007102328818291426 0.0005349334001193618 0.9999997383127315 0.00048705310397079154 -0.02331497147679329 0.003115363023757947 -0.0004887173218820417 0.9999950278219435 1.100008249282837
0.999992295704831 -0.0007152487627084414 -0.003859656745060531 -0.008837352506816387 0.0007174387467016493 0.9999995824349334 0.0005660491179768726 -0.02550511807203293 0.003859250267471439 -0.0005688138242652623 0.999992391290157 1.180516004562378
0.9999931527273854 -0.0007450556381437135 -0.0036248297118617804 -0.008491667918860912 0.0007466994427270486 0.9999996189989844 0.00045215243912866197 -0.024857088923454285 0.0036244914520739053 -0.00045485600144347556 0.9999933280616085 1.1446876525878906
0.9999944440498006 -0.0005428705061772817 -0.003288945293576534 -0.007420224603265524 0.0005442542799135228 0.9999997637547552 0.0004198543952186454 -0.022987140342593193 0.003288716590010794 -0.00042164208508096496 0.9999945032654646 1.0708436965942383
0.9999979032561253 -0.0005492432231964112 -0.001972768418933536 -0.004962060134857893 0.0005487344504104841 0.9999998160522325 -0.0002584298818691389 -0.019862864166498184 0.0019729099969084778 0.00025734681401371644 0.9999980206974218 0.9253551363945007
0.9999997054830861 -0.0003047937942539106 -0.0007043681453698688 -0.0015915476251393557 0.00030463556941649815 0.9999999283467752 -0.00022473009224299297 -0.01595975272357464 0.0007044365912371175 0.00022451545046513614 0.9999997266809134 0.7844573259353638
0.9999995664131994 -0.0003187512080858949 -0.0008749691884444121 -0.002279682317748666 0.0003186202128347077 0.999999938013151 -0.00014984943933392844 -0.01676691323518753 0.0008750168988976476 0.0001495705914921435 0.9999996059869549 0.8229008913040161
0.9999992863282244 -0.00035916446572159603 -0.0011394489584360063 -0.0026344736106693745 0.000359061765435097 0.9999999314571321 -9.033482353207629e-05 -0.017070814967155457 0.0011394813253935362 8.992562650802314e-05 0.9999993467476322 0.8355183601379395
0.9999992930759649 -0.0003190413768857105 -0.0011454519501757508 -0.002867946168407798 0.00031880558078084553 0.9999999279571331 -0.00020603089592790774 -0.01666071079671383 0.0011455176000348263 0.00020566557380548314 0.9999993227453204 0.8153336048126221
0.999999338849458 -0.00030174461790294854 -0.001109617426307936 -0.0026403903029859066 0.0003015440368744525 0.9999999381679818 -0.0001809287888427986 -0.016353067010641098 0.0011096719519863082 0.00018059407070351662 0.9999993680067707 0.8000854253768921
0.9999988435346435 -0.000328845561426029 -0.001484853518725129 -0.003431417280808091 0.0003289405420888385 0.999999943868774 6.372259066602652e-05 -0.017303362488746643 0.0014848324804873777 -6.421094549442995e-05 0.9999988955741197 0.8425846099853516
0.9999977595452539 -0.0004520498574909806 -0.0020679834134544116 -0.005025448743253946 0.00045251983140659447 0.9999998718938453 0.00022679967969155154 -0.020270098000764847 0.0020678806237701256 -0.00022773497506274083 0.9999978360009119 0.960521399974823
0.9999945322824825 -0.0006512991644302276 -0.0032421003280916944 -0.0069885714910924435 0.0006519592022991101 0.9999997669652256 0.00020253072053193344 -0.021583108231425285 0.0032419676644805224 -0.00020464333029484132 0.9999947238694661 1.0017987489700317
0.9999880179683083 -0.0005810870856697685 -0.004860684891377175 -0.01009756326675415 0.0005848977759258685 0.9999995227178404 0.0007825973952065467 -0.022745730355381966 0.004860227814219359 -0.0007854310218821985 0.9999878805684116 1.0340758562088013
0.9999946643898253 -0.00033263012308363816 -0.003249699844815506 -0.006425702944397926 0.000331908609247955 0.999999920151514 -0.00022256154265381186 -0.019914111122488976 0.0032497736160052213 0.00022148175179621444 0.9999946949445672 0.9170713424682617
0.9999859786941427 -0.0010087090869973629 -0.005198549903113409 -0.01103457622230053 0.0010160442388453396 0.9999984918168079 0.0014085518145444654 -0.023419946432113647 0.005197121243732984 -0.0014138140214880663 0.9999854954251539 1.1240336894989014
0.9999752226562352 -0.0008205413390326873 -0.006991479494623869 -0.014779534190893173 0.0008210094250721029 0.9999996609185094 6.408112008068137e-05 -0.0306733176112175 0.006991424542734504 -6.981960288102484e-05 0.9999755572553192 1.3777176141738892
0.9999742266944203 -0.001081242158211228 -0.007097665974933923 -0.014940859749913216 0.00109571786907764 0.9999973271894073 0.0020359313331269643 -0.028640206903219223 0.00709544566942852 -0.002043655899884056 0.9999727386890681 1.334320068359375
0.9999753501009315 -0.0006796551223462751 -0.006988366006014924 -0.01511411089450121 0.0006879135642239858 0.9999990678881792 0.0011794056558091664 -0.029935214668512344 0.006987557902981067 -0.0011841839753460894 0.9999748855560648 1.3179985284805298
0.9999721690019744 -0.0006848844326071698 -0.007429142265467521 -0.015025429427623749 0.0006849943556906782 0.9999997653162864 1.225171559745742e-05 -0.03243893012404442 0.007429132130959542 -1.7340295139453126e-05 0.999972403466763 1.4543508291244507
