0.99999898595678 -0.0014232150239242808 5.044211849220006e-05 -0.0007363562472164631 0.001423237273234259 0.9999988887049241 -0.00044382945023259304 -0.023968536406755447 -4.981039769449108e-05 0.00044390079127352717 0.9999999002355009 0.2631016671657562
0.9999987933316413 -0.001395300462151963 -0.000682987468391956 -0.0014887829311192036 0.0013950730600883472 0.9999989713355122 -0.0003333152782965449 -0.024160906672477722 0.0006834518407888509 0.0003323620586780135 0.9999997112144801 0.28135597705841064
0.999997562787433 -0.0013293918516628519 -0.0017627071505943543 -0.001492572482675314 0.0013279538677613387 0.9999987847681719 -0.0008167011108979178 -0.025122642517089844 0.0017637907242985928 0.0008143583266453445 0.9999981129296179 0.167714923620224
0.9999991226840209 -0.0013175079267682055 -0.00013712786676283852 -0.0013008485548198223 0.0013174751497463527 0.9999991036065249 -0.00023884174032573276 -0.0229039266705513 0.00013744241972843573 0.0002386608682292597 0.9999999620752851 0.3194202482700348
0.9999992850153449 -0.001130308626109199 -0.00039034754895897965 -0.001722952350974083 0.0011302579202571116 0.9999993527958981 -0.00013009542115201302 -0.022507764399051666 0.0003904943443011903 0.00012965413472691936 0.9999999153519826 0.3358105421066284
0.9999987544110746 -0.0010888165313138148 0.0011426525546391212 -0.0010118368081748486 0.0010887228738922679 0.9999994039310379 8.258373254280335e-05 -0.021469775587320328 -0.001142741792072609 -8.133959770427361e-05 0.999999343762318 0.40824419260025024
0.999998442914126 -0.0011168262420107877 0.0013663339519798755 -0.0011529368348419666 0.001116726102534913 0.9999993737194088 7.405134562332541e-05 -0.021415067836642265 -0.0013664157987574887 -7.25254095300656e-05 0.9999990638235267 0.4057803153991699
0.9999885718394884 -0.0006959012563899036 0.004729895544447247 0.0018418460385873914 0.0006943629402103331 0.9999997055090084 0.0003268669507656582 -0.018044406548142433 -0.004730121618657329 -0.0003235789511005488 0.9999887605599049 0.5178860425949097
0.9999987779818958 -0.001234747788907503 0.0009588704879923724 -0.00048655690625309944 0.001234973105028068 0.9999992099430415 -0.00023442423660993472 -0.021571237593889236 -0.0009585802756222507 0.00023560812940314927 0.9999995128062136 0.33685168623924255
0.9999910709297627 -0.00046398347416899205 0.00420033094907891 0.0018796094227582216 0.00046215397488783575 0.9999997979315952 0.0004365208723517607 -0.017067763954401016 -0.004200532638795636 -0.00043457577498227023 0.9999910832949692 0.5664149522781372
0.9999915350478006 -0.0003463904920926975 0.00409998126466874 0.0023392499424517155 0.0003448832953811145 0.9999998727009073 0.00036831193596183935 -0.01683187484741211 -0.004100108322497585 -0.0003668948031693471 0.9999915272140797 0.602026104927063
0.9999913213971813 -0.0004150089390306675 0.0041454671509557756 0.0018937211716547608 0.0004133611250901865 0.9999998352262495 0.00039834665064136007 -0.01705370843410492 -0.004145631785312454 -0.0003966296185834515 0.9999913281734227 0.5803290605545044
0.9999918551927394 -0.00039592859805538276 0.004016564294095215 0.0023712986148893833 0.000394277899486985 0.9999998375008412 0.0004117562739536879 -0.016671447083353996 -0.004016726667491183 -0.0004101692777451679 0.9999918488008002 0.62141352891922
0.9999914254291047 -0.00038633103180372476 0.004123083385156674 0.002396988682448864 0.00038471954533557623 0.9999998493080244 0.00039163094833142247 -0.01655980944633484 -0.004123234063029449 -0.0003900413594987731 0.9999914233675202 0.6162246465682983
0.9999915860408172 -0.00039363603498160496 0.004083246042413292 0.0025184936821460724 0.0003919670360374691 0.9999998393212977 0.0004095353727110972 -0.016690129414200783 -0.0040834065942029155 -0.00040793142904853086 0.9999915796558168 0.619737446308136
0.9999907727157297 -0.0004050470572334672 0.004276730091954098 0.0026493268087506294 0.0004033515000247592 0.9999998397236914 0.00039731619524207483 -0.016365330666303635 -0.0042768903382512605 -0.00039558750359480543 0.999990775817238 0.6431992053985596
0.9999912864365804 -0.0005050438365633334 0.004143908980196073 0.0024775322526693344 0.0005030193233577439 0.999999753641826 0.0004895792558145384 -0.01638144440948963 -0.0041441552182958806 -0.0004874905235433696 0.999991294127362 0.6680276393890381
0.9999912294174956 -0.0005283518366901062 0.004154748177956737 0.0024510244838893414 0.0005262598695491559 0.9999997342199558 0.0005045895037160742 -0.016172807663679123 -0.004155013674498646 -0.00050239860093806 0.9999912416901512 0.6799507141113281
0.9999927105585897 -0.0007247195223096385 0.0037488146524559903 0.0013628483284264803 0.0007220860180702 0.9999994916316085 0.0007037956429598766 -0.016135869547724724 -0.0037493228011192853 -0.0007010835460378973 0.9999927255037381 0.7272435426712036
0.9999917817847009 -0.0005944602567918525 0.004010359093872758 0.0024729506112635136 0.0005922918003489072 0.9999996777783152 0.0005418797732640122 -0.016487780958414078 -0.00401067992763726 -0.0005395000171716138 0.9999918116596002 0.6668971180915833
0.9999917814747131 -0.0006376999651963275 0.004003788429017393 0.0015323323896154761 0.0006351143987562666 0.9999995889984798 0.0006470182163915426 -0.016403527930378914 -0.004004199386948335 -0.0006444700351751272 0.9999917754890005 0.7266126275062561
0.9999903201749671 -0.00039975293923128933 0.0043817523839996386 0.0028395524714142084 0.00039754811595435507 0.9999997939483429 0.0005040424263699162 -0.01621665619313717 -0.004381952973573737 -0.0005022955899225821 0.9999902730463323 0.6289966106414795
0.9999926511852903 -0.0004539443867645622 0.0038067715859848666 0.0010996721684932709 0.00045235737610319906 0.9999998104321375 0.0004177421373245048 -0.018458295613527298 -0.0038069604960416672 -0.00041601704620888093 0.9999926669639126 0.5310431122779846
0.9999984503960406 -0.0009323556959668753 0.001493291121616219 -5.180342122912407e-05 0.0009322876342551524 0.9999995643491578 4.6273767913019206e-05 -0.022359417751431465 -0.0014933336146737716 -4.488151935997941e-05 0.9999988839695596 0.38847824931144714
0.9999986506214721 -0.0014854546850044496 -0.0007015551395928 -0.0015988675877451897 0.0014850984034641352 0.9999987681610666 -0.0005080935755158882 -0.026920080184936523 0.0007023090253720358 0.000507051011487576 0.999999624830582 0.23241528868675232
0.9999991666294306 -0.0012894930658897672 6.283373029536093e-05 0.0005328238476067781 0.001289529192627249 0.9999990013124206 -0.0005783499140025407 -0.027439579367637634 -6.208788934033068e-05 0.000578430457952241 0.9999998307816355 0.18443244695663452
0.9999973438820314 -0.0015136202446791073 -0.0017381549519854143 -0.0006664097309112549 0.0015117824181157113 0.9999982973927173 -0.0010581708684192402 -0.031190376728773117 0.0017397536614389036 0.0010555403456962104 0.9999979295437447 0.06621122360229492
0.9999993047891881 -0.0010812688277658609 -0.00047040287256111616 -0.0031856675632297993 0.001081232174459889 0.9999994124133348 -7.816629801763438e-05 -0.024098441004753113 0.0004704871149400893 7.765762895480746e-05 0.9999998863055772 0.35425251722335815
0.9999955093762519 -0.0010108079012730341 0.002821257648087944 0.0010902301874011755 0.0010105213829029738 0.9999994841206329 0.00010298059329570299 -0.021796703338623047 -0.0028213602862567156 -0.00010012918966853373 0.9999960149421998 0.41652771830558777
0.9999985988486064 -0.0013756599678294182 -0.0009538660684084338 -0.0021184408105909824 0.0013751581307268946 0.9999989158341328 -0.000526564976266371 -0.026693135499954224 0.0009545894086177114 0.0005252525217895244 0.9999994064342483 0.2468796670436859
0.9999988948376843 -0.0007739511883979832 0.0012693789693893885 -0.001407461240887642 0.0007737735481262933 0.9999996907772171 0.00014042779817092753 -0.02153121307492256 -0.0012694872611297694 -0.0001394454311063556 0.9999991844782002 0.435563325881958
0.9999949930141407 -0.0008250054060040966 0.003055047091020031 0.0011652042157948017 0.0008244723537490805 0.9999996446807196 0.00017573779392258525 -0.020692840218544006 -0.003055190990132923 -0.0001732181121399886 0.9999953178907884 0.45249074697494507
0.9999988787477466 -0.0007795668420738527 0.001278584681670872 -0.001273774541914463 0.0007794186097889249 0.9999996894754293 0.00011642884298194596 -0.021530332043766975 -0.0012786750487043623 -0.00011543215974075809 0.9999991758324285 0.41563981771469116
0.999998648852759 -0.0013393671232315126 -0.0009530941010759035 -0.001209682784974575 0.0013387969695331824 0.9999989246496582 -0.0005986002018310285 -0.02798803523182869 0.0009538948215961284 0.000597323393539817 0.9999993666445158 0.19223901629447937
0.9999895595717835 -0.0004985766704906013 0.004542264714220389 0.0022257440723478794 0.000497057729042179 0.9999998201784316 0.0003355245422733044 -0.016083339229226112 -0.004542431182132379 -0.00033326327146984713 0.9999896275734801 0.6410686373710632
0.9999962337842407 -0.0008329266141014822 0.0026150813733957856 -0.0015622456558048725 0.000830106514679534 0.9999990730184196 0.0010792986035809272 -0.01666099578142166 -0.002615977925795007 -0.0010771237426250445 0.9999959982239602 0.837723970413208
0.9999937452512838 -0.0006764653772095329 0.003471577869501129 -0.0007221926935017109 0.0006731870911793085 0.9999993265156754 0.000945403266429568 -0.01649119146168232 -0.0034722150640250924 -0.0009430603317619291 0.9999935271589312 0.8211104273796082
0.9999975955049286 -0.0009142560915826366 0.0019932687125088235 -0.003388775046914816 0.0009116791012291368 0.9999987480143212 0.001293371952157409 -0.016720784828066826 -0.0019944486901508833 -0.0012915516208225966 0.999997177030432 0.9061577916145325
0.9999977359922896 -0.0009033324873285033 0.00192665531751396 -0.0037996764294803143 0.0009008709890747607 0.9999987774615552 0.0012780871863946911 -0.016568763181567192 -0.0019278074997808733 -0.0012763486249139514 0.9999973272426439 0.9276009202003479
0.9999985365567774 -0.0009701847011494812 0.0014091224038178308 -0.0045092846266925335 0.0009682102520452167 0.9999985496060999 0.0014011975607469088 -0.016828278079628944 -0.0014104797804720165 -0.001399831183416072 0.999998025507774 0.9468578100204468
0.9999900413888286 -0.0003437496089079077 0.004449602159220007 0.00271370867267251 0.0003412961099914548 0.9999997893264413 0.0005521449434894767 -0.01638609729707241 -0.00444979102141487 -0.0005506208129847229 0.9999899480377722 0.6220576763153076
0.9999937878717418 -0.0019897557358790783 -0.0029094827783194086 -0.0032762237824499607 0.0019867051511447383 0.9999974741852601 -0.0010510117708789515 -0.03146204352378845 0.0029115666862045047 0.001045224957436176 0.9999952151306626 0.09564182162284851
0.9999909817168386 -0.0020105283540194532 -0.003740890366048876 -0.004765752237290144 0.0020060444017005736 0.9999972654886804 -0.0012019987604006974 -0.03190581500530243 0.0037432967891311065 0.0011944835282593287 0.9999922804393288 0.09392979741096497
0.9999890891884283 -0.0005277452069555205 0.0046414425661005 0.001052018953487277 0.0005259285580536152 0.999999784628519 0.0003926093067152738 -0.01660522073507309 -0.004641648764145964 -0.000390163955833029 0.9999891513755728 0.6618938446044922
0.9999982302057722 -0.0009823505579764449 0.0016045475077796447 -0.004254037048667669 0.0009801307609134174 0.999998562438065 0.0013836421123447865 -0.017228947952389717 -0.001605904422744326 -0.001382066997213241 0.9999977554783812 0.9397947192192078
0.9999978987715459 -0.0009776651533714886 0.0018018388776896385 -0.0036129597574472427 0.0009752978723237909 0.999998660802906 0.00131422465922281 -0.016853321343660355 -0.0018031213363252732 -0.0013124645681128796 0.9999975130920097 0.9136984348297119
0.9999986167853995 -0.0009423474546195912 0.0013705504597462462 -0.00558829540386796 0.0009402762740443947 0.9999984162825681 0.0015110634944151572 -0.017045315355062485 -0.0013719722360193225 -0.0015097727082103891 0.9999979191371117 0.9971315860748291
0.9999989893597352 -0.001058992963310814 0.0009485849523160471 -0.005925246048718691 0.001057551825677425 0.9999982879221283 0.0015184653266010486 -0.016903061419725418 -0.0009501913723606429 -0.0015174606142307168 0.9999983972235356 1.0017576217651367
0.9999915753263731 -0.0005275704248897354 0.004070742650347539 0.0011440175585448742 0.0005253389808979241 0.9999997111902693 0.0005492161076813833 -0.015784626826643944 -0.004071031224852737 -0.0005470729609194942 0.999991563672385 0.7200627326965332
0.9999980078052786 -0.000982156629621429 0.0017377438905692541 -0.0031164209358394146 0.0009800807658566755 0.9999988056805946 0.0011950226261936774 -0.016453877091407776 -0.0017389155145428672 -0.0011933171161127773 0.9999977760810741 0.892853856086731
0.9999979922029942 -0.0009432849735005909 0.0017679941852928864 -0.0038562542758882046 0.0009410356068817616 0.9999987473798161 0.0012726707294759578 -0.016621341928839684 -0.0017691924618430134 -0.001271004428730357 0.9999976272500727 0.9297865629196167
0.9999970178941465 -0.0009164700844682157 0.002263688449970931 -0.002574808429926634 0.0009138243490294154 0.9999988985619339 0.0011695298108434812 -0.01675567962229252 -0.0022647577957428337 -0.001167457709557586 0.9999967539520432 0.8801741600036621
0.9999975238736312 -0.0008958340258025018 0.0020370881190205107 -0.004209734033793211 0.0008931078369581721 0.9999987049944384 0.0013387934261089272 -0.01694672182202339 -0.0020382848176846964 -0.0013369707717235508 0.9999970289476653 0.951094925403595
0.9999905581797259 -0.0005305180058046445 0.004313015423756299 0.0019943686202168465 0.0005284997976844538 0.9999997503350203 0.00046906061531454014 -0.015993161126971245 -0.004313263192049629 -0.0004667767587496476 0.9999905888957623 0.6970198154449463
0.9999973057736551 -0.0008362306842448446 0.002165447684389987 -0.003918477799743414 0.0008335544093408391 0.9999988881183082 0.001236506851663466 -0.016868725419044495 -0.002166479281638992 -0.0012346985017686104 0.9999968909387329 0.9404079914093018
0.999998612949966 -0.0009980485800363775 0.0013334156052692636 -0.005484394263476133 0.0009961191661301658 0.9999984571809668 0.001446852547222062 -0.01744725927710533 -0.0013348575771805656 -0.0014455222995243611 0.9999980643083919 0.9905844926834106
0.9999978068659789 -0.000892185837987153 0.0018948001643613298 -0.004338565748184919 0.0008895721435278185 0.9999986524073453 0.0013797988602487524 -0.017082579433918 -0.0018960286479449311 -0.001378110272721162 0.999997252939948 0.9519796371459961
0.9999968749041958 -0.001050048216951117 0.002268828020025974 -0.00196452671661973 0.0010473827932332995 0.9999987603927576 0.0011756709712994991 -0.016969868913292885 -0.002270059718777463 -0.0011732909657860989 0.9999967351032617 0.8470874428749084
0.9999912972965486 -0.0005990480982578895 0.004128737402855418 0.0019968166016042233 0.0005967278516437462 0.9999996633698712 0.0005631838199326727 -0.01618035137653351 -0.004129073387194315 -0.0005607151861104922 0.9999913181380342 0.7091228365898132
0.9999971217811626 -0.0008696690665190927 0.0022360914796373537 -0.002913418225944042 0.0008670482322035628 0.9999989364268188 0.0011727628038788649 -0.01654600165784359 -0.0022371090169233227 -0.0011708206292464058 0.9999968122560694 0.8944697380065918
0.9999984141171043 -0.0009150911271110674 0.001527865015458056 -0.005192310083657503 0.0009128563830436863 0.9999985135774788 0.0014627153027487892 -0.01697593741118908 -0.0015292012622001227 -0.0014613182617218194 0.9999977630437168 0.982545018196106
0.999998711579737 -0.00110567004684886 0.0011637579704381988 -0.005467074457556009 0.0011039127356350252 0.9999982512524699 0.001509592221265045 -0.017164427787065506 -0.0011654250462213311 -0.0015083055890310745 0.999998183397706 0.9849720001220703
0.9999979625137966 -0.0009338403215552768 0.0017896677091777393 -0.004089911933988333 0.0009314388685314789 0.9999986654500855 0.001342207019103085 -0.01695115678012371 -0.0017909187278111643 -0.0013405373183087174 0.9999974977817737 0.9387149810791016
0.9999987020152729 -0.0009776545201611504 0.001280687084650296 -0.005372004117816687 0.0009758058528477653 0.9999984823040555 0.001443326894081212 -0.01689632423222065 -0.0012820962160187703 -0.0014420753187120788 0.9999981383223011 0.985289454460144
0.999998093585866 -0.0009430450321805936 0.0017098218331095295 -0.0037880344316363335 0.0009408523494980403 0.9999987346670087 0.0012827553305890616 -0.0166169386357069 -0.00171102936565757 -0.0012811441952372646 0.9999977155214211 0.9216088056564331
0.999998821394217 -0.0008237407834209609 0.001295631621495519 -0.006018405314534903 0.0008217674221222237 0.9999985027603864 0.0015228838726267856 -0.01720721647143364 -0.0012968841431788274 -0.0015218173698894298 0.9999980010797082 1.015570878982544
0.999999095011458 -0.001021309647715215 0.000875729905985773 -0.006579400505870581 0.0010198444749210667 0.9999980823236356 0.0016719049907201143 -0.017312444746494293 -0.0008774357593163164 -0.0016710103693591118 0.9999982189138306 1.0201992988586426
0.9999984366667891 -0.0009043036063566495 0.0015195061583310333 -0.004970184992998838 0.0009021057566322096 0.9999985469391268 0.0014464870682428588 -0.016778992488980293 -0.0015208120138684486 -0.0014451140516489175 0.9999977993856767 0.9644217491149902
0.999998540930676 -0.0009510415369998307 0.001419033654943839 -0.004412998910993338 0.0009491260017857986 0.9999986383958887 0.0013499504440398727 -0.016583623364567757 -0.0014203155817269538 -0.0013486016326292748 0.999998081986803 0.9382117986679077
0.9999981285768719 -0.0009060784228389728 0.0017093462626374969 -0.0036499244160950184 0.0009039675798946601 0.9999988284970233 0.0012352518753697102 -0.016323968768119812 -0.0017104634952043057 -0.0012337043700865432 0.9999977761416066 0.9114964604377747
0.9999979169220935 -0.0008459775310809421 0.0018575450170878623 -0.0032301708124578 0.0008437862199420027 0.9999989476368857 0.0011801482686322653 -0.01631295308470726 -0.0018585414411946104 -0.00117857843940314 0.9999975783853545 0.8971473574638367
0.9999978256693335 -0.0008503208131976734 0.0019041037575756742 -0.003196205012500286 0.0008480656106866506 0.9999989384156779 0.0011848849044422834 -0.016340041533112526 -0.0019051092685044688 -0.0011832675231947206 0.9999974852151595 0.8952682018280029
0.999997819206615 -0.0008553109218594522 0.0019052625123413625 -0.00290606077760458 0.0008531117453742644 0.9999989693434198 0.001154778094649718 -0.01639140583574772 -0.0019062482429866951 -0.0011531501744899886 0.9999975182280759 0.880933403968811
0.999996999570204 -0.0007401814307117964 0.0023351621011629287 -0.0024535218253731728 0.0007376650260802239 0.9999991465681394 0.0010782918445047494 -0.01627158746123314 -0.0023359582398613825 -0.0010765660417535149 0.9999966921468586 0.8705482482910156
0.9999982126236391 -0.0008477014744179874 0.0016900153067239173 -0.0037936801090836525 0.0008455675210044081 0.9999988449254039 0.0012629977930065223 -0.016433488577604294 -0.001691083999721488 -0.0012615665135007573 0.999997774339942 0.9148474931716919
0.999997056312156 -0.001036850059973139 0.0021936975580773683 -0.001956942491233349 0.0010344210986452697 0.9999988510537434 0.0011080903321142859 -0.01617579534649849 -0.0021948439611640786 -0.0011058178632041232 0.9999969799088595 0.8388375043869019
0.9999946013498957 -0.0006808836242627721 0.003214602394251171 4.912912845611572e-05 0.0006785351468155149 0.9999995021759535 0.0007315995486916675 -0.01598808355629444 -0.0032150989280970215 -0.000729414378334151 0.9999945655320068 0.7842856645584106
0.9999969890086504 -0.0007760324633443816 0.0023280350617644317 -0.001768448855727911 0.0007737974256970979 0.9999992390497764 0.0009608004017203101 -0.01602940447628498 -0.00232877890254816 -0.000958996081220886 0.9999968285526405 0.8432592153549194
0.9999976862155755 -0.0008493225529303324 0.001976414606494796 -0.002889256924390793 0.000847105339121107 0.9999990113112927 0.00112240321714793 -0.016232550144195557 -0.001977365934801799 -0.0011207263887833695 0.9999974169948248 0.8841472864151001
0.9999986548701784 -0.0009015674303022314 0.0013701948775824778 -0.004606554750353098 0.0008997601265420638 0.9999987252597016 0.0013190567411841103 -0.016509750857949257 -0.001371382349536423 -0.0013178221201651105 0.9999981913260199 0.9491631984710693
0.9999989034973517 -0.0010104253943823084 0.001082610094522966 -0.005081821698695421 0.0010089096283262902 0.9999985114192609 0.0013997359122951973 -0.016489632427692413 -0.0010840228116816431 -0.0013986421217329751 0.9999984343461539 0.9648393392562866
0.9999989922052075 -0.0008775670278008213 0.0011160038895051158 -0.005636116024106741 0.0008759472496375264 0.9999985635543276 0.0014510705350053296 -0.0168627817183733 -0.001117275698082692 -0.0014500915120864038 0.999998324463407 0.9947612881660461
0.9999990115564341 -0.00103290767437807 0.000953932854662031 -0.006050496827811003 0.0010314423018264903 0.9999982894050667 0.0015353545905191707 -0.016881467774510384 -0.0009555171024087619 -0.0015343691462084035 0.9999983663478608 1.005616307258606
0.9999988530045422 -0.000937965386836092 0.00118920584139084 -0.005432844627648592 0.0009362569959876473 0.9999985301955554 0.0014363250211370702 -0.016839560121297836 -0.0011905513166448822 -0.0014352099713901233 0.9999982613784388 0.9877206087112427
0.9999989198135226 -0.0010078012722049062 0.0010699104558937024 -0.0056424993090331554 0.0010062298990700263 0.9999984159148977 0.0014682196992984926 -0.01684737019240856 -0.0010713884347453178 -0.0014671415374573797 0.9999983498099039 0.9936445951461792
0.9999990277089224 -0.0009163527705564282 0.001051132156419352 -0.005434480961412191 0.0009148680553013374 0.9999985844887112 0.0014121037553481016 -0.016790049150586128 -0.0010524246537184445 -0.0014111407351404114 0.9999984505408868 0.9808059930801392
0.9999987525231309 -0.00093621120606994 0.0012721873918248772 -0.004748954903334379 0.0009344661752599567 0.9999986227692848 0.001371580293363855 -0.016515931114554405 -0.0012734697285699972 -0.0013703897662629123 0.9999982501518386 0.9494432806968689
0.999998446822004 -0.0008720333271926983 0.0015316368549709955 -0.004378529731184244 0.0008700192215402555 0.999998756687943 0.0013151764604424612 -0.016473254188895226 -0.0015327818283730722 -0.0013138418642350779 0.9999979621976347 0.9409074187278748
0.9999987175821601 -0.0009625457149413277 0.0012799764771729964 -0.0045668273232877254 0.0009608153939051679 0.9999986247794316 0.001351766630991507 -0.016536330804228783 -0.0012812758541012794 -0.0013505350763587597 0.9999982671920954 0.9430481791496277
0.9999976361060684 -0.000808393223758233 0.0020184852416819626 -0.0030236337333917618 0.0008060762214050455 0.9999990156612067 0.0011484414407378018 -0.016268987208604813 -0.002019411647087211 -0.0011468116729874724 0.9999973033961572 0.8913050889968872
0.9999982165684452 -0.0008399606610625089 0.0016915454521841302 -0.004238295368850231 0.0008377705807345233 0.9999988105386663 0.0012950141723465172 -0.01649308390915394 -0.0016926312011165104 -0.0012935947357615633 0.9999977308035637 0.9384765625
0.9999990354260124 -0.0009402116220165853 0.0010223253641529761 -0.005705148447304964 0.0009387099078563336 0.9999984812982791 0.0014684089498708528 -0.016746200621128082 -0.001023704426706228 -0.0014674478665333936 0.9999983993117216 0.9905354380607605
0.9999991109767671 -0.0009613975571722367 0.0009239915651256598 -0.005990952719002962 0.0009599989631748003 0.9999983947708302 0.0015128971390832885 -0.016788626089692116 -0.0009254445775212144 -0.0015120087631380799 0.9999984286896825 1.0007537603378296
0.999998901705282 -0.0010519278999652558 0.0010440478545930918 -0.00516909034922719 0.00105045669611249 0.999998456073925 0.001408683958711643 -0.016483556479215622 -0.0010455280766187881 -0.0014075856845015729 0.9999984627856092 0.9672011137008667
0.9999988560419014 -0.0010288304629274443 0.0011087933833615576 -0.005131336394697428 0.0010272955029408185 0.9999985145568648 0.001384033241464064 -0.01664561592042446 -0.0011102156718725605 -0.001382892599731611 0.9999984275133734 0.9714223146438599
0.9999986928976424 -0.0009792809579946258 0.0012865503534614075 -0.00429178262129426 0.000977656774603302 0.9999987251955371 0.0012624557544080159 -0.016319872811436653 -0.0012877850122418775 -0.001261196299580193 0.9999983754955086 0.9381700754165649
0.9999979587770988 -0.0008174358009559686 0.0018477663128365432 -0.002781118266284466 0.0008154431780914565 0.9999990855220847 0.0010788917543118122 -0.01618654653429985 -0.001848646547840388 -0.001077382803618746 0.9999977108734978 0.8797438740730286
0.9999981638734342 -0.0008299753941022217 0.0017272494334667045 -0.0036852946504950523 0.0008278530130808978 0.9999989019661571 0.001229115889128603 -0.01642902009189129 -0.0017282676728328484 -0.0012276837236684288 0.9999977529392382 0.9126542806625366
0.9999986495585422 -0.0010407932422713136 0.00127186104536059 -0.004561800044029951 0.001039104840114785 0.9999985790734708 0.0013274457317588673 -0.01637779176235199 -0.0012732408346865858 -0.0013261223421529307 0.9999983101272275 0.9437744617462158
0.999998594442333 -0.0008770009587318826 0.0014289795928621378 -0.0041375975124537945 0.0008752127125044132 0.9999988337995174 0.0012515599518704808 -0.01629246398806572 -0.0014300755456631477 -0.0012503075316252124 0.9999981958058775 0.932455837726593
0.9999982523042079 -0.000915645664278265 0.0016300250142934365 -0.003680733498185873 0.0009136424652856455 0.9999988270900405 0.0012292583084444416 -0.016392074525356293 -0.0016311486674612683 -0.0012277669000023324 0.9999979159690603 0.9120768904685974
0.9999983866812929 -0.0009057770238227108 0.001551193990028367 -0.004035103600472212 0.0009038237493090112 0.9999987984490756 0.0012594455269945154 -0.016392547637224197 -0.001552332903010902 -0.0012580414891395129 0.9999980037950926 0.92742520570755
0.9999989062048483 -0.0009570716098473876 0.0011276537768244704 -0.005225047003477812 0.0009554812133504782 0.999998549399943 0.0014100544885097645 -0.016622595489025116 -0.0011290016641691283 -0.001408975494200082 0.9999983700703211 0.9728568196296692
0.9999991342482908 -0.0008743783423770189 0.0009833438786106105 -0.006201817188411951 0.0008728869211620196 0.9999984697669089 0.0015160911132898287 -0.017100950703024864 -0.0009846680110997981 -0.0015152314527207117 0.9999983672499435 1.013688564300537
0.9999992199460778 -0.0009736140271417069 0.0007824212178719964 -0.0070456224493682384 0.0009723115667231617 0.9999981439973391 0.0016633135886971744 -0.01738741435110569 -0.0007840391911376251 -0.0016625515340226989 0.9999983106010448 1.0451887845993042
0.9999991961643478 -0.001012119472237765 0.0007637308637554406 -0.007036568131297827 0.0010108361483669001 0.9999980798271354 0.0016788544675914836 -0.01725270040333271 -0.0007654285985578627 -0.0016780811113037 0.9999982990799757 1.044646978378296
0.9999992393352853 -0.0009987988392839743 0.0007236917363739136 -0.007386286277323961 0.0009975458911609981 0.999998006646256 0.0017296258871251672 -0.017426708713173866 -0.0007254178421287376 -0.0017289026557416982 0.999998242330736 1.0607285499572754
0.9999991931147589 -0.0010790065042134123 0.0006704586451007694 -0.0069003175012767315 0.001077897639277443 0.9999980544215479 0.0016520562333789627 -0.01716260053217411 -0.0006722399200920188 -0.0016513322145683836 0.9999984105964403 1.0366761684417725
0.9999991724146748 -0.0009713238502777301 0.0008436231052039602 -0.006620784755796194 0.0009699638672840835 0.9999982319391417 0.0016109899710490079 -0.01712668128311634 -0.0008451864066084067 -0.001610170353887695 0.9999983465043178 1.029279351234436
0.9999991623461164 -0.0009846168560280265 0.0008401408881801903 -0.006309256423264742 0.000983306971961077 0.9999983026903068 0.001558115497693709 -0.01690531149506569 -0.0008416736089835849 -0.0015572880761394344 0.9999984332184644 1.0124338865280151
0.9999991874314305 -0.0009296103567915779 0.0008723308222349539 -0.006575578358024359 0.000928214030508005 0.9999982896457776 0.0015997262994167346 -0.017078833654522896 -0.0008738164523762184 -0.0015989152898209808 0.999998339955974 1.0270214080810547
0.9999992667580182 -0.000997341281957422 0.000686872472254933 -0.007213584613054991 0.0009961711281210304 0.9999980556946991 0.0017018372145633934 -0.017299339175224304 -0.0006885684492743998 -0.0017011517241793403 0.999998315976733 1.0510613918304443
0.9999992382832387 -0.0009685879530681343 0.0007650296197656849 -0.007047988008707762 0.0009673042842157956 0.9999981267913884 0.001676525017846066 -0.017276158556342125 -0.0007666520486409162 -0.0016757837243801081 0.9999983019953308 1.0472140312194824
0.9999992805513113 -0.0010170345352903808 0.0006360327145646411 -0.0075516714714467525 0.0010159229716866986 0.9999979604940129 0.0017455395527389563 -0.017449485138058662 -0.0006378066913799627 -0.0017448921366673435 0.9999982742755389 1.0646259784698486
0.9999993098995444 -0.0010654101857380165 0.0004950773384937333 -0.007834479212760925 0.0010645221160014782 0.9999978302437535 0.0017906145452485818 -0.017517415806651115 -0.000496984003271824 -0.0017900862887687105 0.9999982742975007 1.0720717906951904
0.9999990997931119 -0.001088415741934646 0.000784706402577948 -0.006252898368984461 0.001087179405383305 0.9999981698887456 0.0015742490589770054 -0.0169337410479784 -0.0007864184039354457 -0.0015733945251870038 0.9999984529866842 1.0041024684906006
0.9999990545786608 -0.0009563593699158131 0.0009880377220532178 -0.005579667631536722 0.0009549271159800874 0.9999984941821659 0.0014490505870851148 -0.016680937260389328 -0.000989422047354836 -0.0014481057131093683 0.9999984620157453 0.9817320108413696
0.9999990267723214 -0.0008921455940880744 0.001072627917268708 -0.0059864516369998455 0.0008905141381222674 0.9999984475212397 0.0015205063894676287 -0.016957800835371017 -0.001073982765112795 -0.0015195497193434527 0.9999982687633368 1.0047714710235596
0.9999991595875387 -0.00106614277980596 0.0007376745823787247 -0.0064359805546700954 0.0010649715079824108 0.999998174640069 0.0015863644654680192 -0.01693909615278244 -0.0007393645268780993 -0.0015855775298551581 0.9999984696408256 1.0151712894439697
0.9999990715277697 -0.0009057351285866255 0.0010181294000584174 -0.005879030097275972 0.0009041997973038827 0.9999984550188201 0.0015074424364227158 -0.01682736724615097 -0.001019493170636646 -0.0015065204444071128 0.999998345513544 0.9984014630317688
0.9999991006192217 -0.0009555498975011281 0.0009411084640024427 -0.00591520918533206 0.0009541354432405034 0.9999984164036696 0.0015022701850734062 -0.01678100973367691 -0.0009425424677878984 -0.0015013708890190395 0.9999984287483406 0.9957166910171509
0.999999168512075 -0.0010270744274831114 0.000779803359181008 -0.006963754538446665 0.0010257668280029976 0.9999980704424494 0.0016753846700541392 -0.017234526574611664 -0.0007815225992563581 -0.0016745833805738033 0.9999982924950064 1.0413113832473755
0.9999990876817387 -0.001069261287080354 0.0008254186757716802 -0.00597354443743825 0.0010680126323851518 0.9999982870325447 0.0015117145873605369 -0.016842182725667953 -0.0008270336797417308 -0.001510831650622982 0.9999985167004081 0.9981204271316528
0.9999990547354458 -0.0009161841590422795 0.0010252486535694688 -0.006415370386093855 0.0009145530277405316 0.9999983172661067 0.001590301139625311 -0.017143554985523224 -0.001026703937061042 -0.0015893619921097044 0.9999982099021396 1.0253983736038208
0.9999990852841844 -0.001020311204978391 0.00088791657221026 -0.0062171234749257565 0.0010189331541007353 0.9999982779680694 0.0015510757953581485 -0.016986429691314697 -0.0008894976232033456 -0.001550169648931087 0.9999984028827433 1.011878252029419
0.9999992215704117 -0.000931206800612371 0.000830489292869686 -0.006629087496548891 0.0009298846803364669 0.9999983021023359 0.0015909452935099916 -0.017127294093370438 -0.0008319693818605741 -0.0015901717958004783 0.9999983895890072 1.0278080701828003
0.9999993158133474 -0.0009739806904162981 0.0006478691623098534 -0.00730157783254981 0.0009728759894200671 0.9999980761984457 0.0017032650164999295 -0.017305606976151466 -0.0006495268631748845 -0.0017026335547964428 0.9999983395755374 1.0504534244537354
0.9999992158263016 -0.0010068275852502498 0.0007447449196033755 -0.006526562850922346 0.0010056256681820449 0.99999819430809 0.0016124818060102802 -0.0169612355530262 -0.0007463670659865046 -0.0016117316069370576 0.9999984226274709 1.014656901359558
0.9999992359786867 -0.0009478631249906166 0.0007934718262189215 -0.006583657581359148 0.0009465936983041191 0.9999982740768769 0.0015986880988804195 -0.016995657235383987 -0.0007949857942448393 -0.0015979357820181581 0.9999984072981434 1.020237684249878
0.9999991475486001 -0.0010408878248297402 0.0007883239240918991 -0.006322429981082678 0.0010396391409366694 0.9999982070565798 0.0015827299461604089 -0.01689600944519043 -0.0007899699550026582 -0.001581909024552828 0.9999984367544323 1.0084431171417236
0.999999037123904 -0.0010252968603194875 0.0009351564644375039 -0.00557097839191556 0.0010239281050547974 0.9999984056427378 0.001462970682573637 -0.016624443233013153 -0.0009366549527115858 -0.0014620117409275763 0.9999984925984483 0.9799938201904297
0.9999987669535536 -0.0009412311833159522 0.0012570502105696553 -0.004424715880304575 0.0009396146075701237 0.9999987316899985 0.0012859793091520959 -0.016315992921590805 -0.0012582590200671737 -0.0012847965807395783 0.999998383039685 0.940273642539978
0.9999987639354341 -0.0009850649221268201 0.0012254691767369034 -0.004381238017231226 0.0009834797010461354 0.9999986798204106 0.0012934933759092047 -0.016336504369974136 -0.0012267417338491205 -0.001292286553008298 0.9999984125488316 0.9364686012268066
0.999998382135655 -0.0009249154933679965 0.0015428082845208224 -0.0037189354188740253 0.0009230671344837237 0.9999988559749373 0.0011983304560402022 -0.01622382178902626 -0.0015439148739144442 -0.0011969044016818336 0.9999980918715372 0.9142328500747681
0.9999981582589883 -0.0009068654501474473 0.0016914708648698305 -0.0031679444946348667 0.0009049744371997478 0.9999989651007216 0.0011184000866492402 -0.016099099069833755 -0.0016924833527658773 -0.001116867288951958 0.9999979440516663 0.8932963013648987
0.9999985626803195 -0.0009488963482091268 0.001405074025028324 -0.0037299287505447865 0.0009472351170527337 0.9999988522161096 0.001182502472133767 -0.01616530492901802 -0.0014061944845845489 -0.001181169837041126 0.9999983137260222 0.9136242270469666
0.9999986619175655 -0.0008892902222142124 0.001373071731249036 -0.0046376450918614864 0.0008874740376484177 0.9999987313475691 0.001322759647350171 -0.01654249243438244 -0.0013742463065189745 -0.0013215393118754092 0.9999981824888163 0.9540845155715942
0.9999990481060121 -0.0009979500320015254 0.0009528288424165816 -0.006292836274951696 0.0009964590134759162 0.9999982804414025 0.001564028027967878 -0.017111077904701233 -0.0009543880257921156 -0.0015630770842906757 0.9999983229653561 1.0190739631652832
0.999998833063657 -0.0009859941328972327 0.0011669134046340631 -0.004744842182844877 0.000984430269951144 0.999998617665047 0.0013399869546318064 -0.016661103814840317 -0.0011682330108443027 -0.0013388366460743966 0.9999984213727876 0.950230598449707
0.9999982335336595 -0.0008894834292264592 0.0016558226928243796 -0.003852123860269785 0.000887423822734177 0.9999988322514257 0.0012441763315095876 -0.016410527750849724 -0.0016569274334697042 -0.00124270471721014 0.9999978551359329 0.918664813041687
0.9999973878459723 -0.0009230120262686979 0.0020910165067565406 -0.0024003833532333374 0.000920606255199503 0.9999989136135679 0.0011511975534445192 -0.016593651846051216 -0.0020920768042910183 -0.001149269543463348 0.9999971511930229 0.8624814748764038
0.9999955380846486 -0.000791711251639592 0.0028804520630997124 -0.0007273792289197445 0.0007892056546316272 0.9999993093478434 0.0008708950972813038 -0.01604374311864376 -0.0028811395711567994 -0.0008686179423650064 0.9999954722585706 0.8084690570831299
0.9999981205783025 -0.0009080321945061572 0.001712984937567343 -0.003092083614319563 0.0009060734879435735 0.9999989352884944 0.001143876178627683 -0.016145121306180954 -0.0017140217901292936 -0.0011423219385647972 0.9999978786126956 0.8871897459030151
0.9999983386043468 -0.0008801148490616958 0.0015963039806743808 -0.0036974195390939713 0.0008781859494149962 0.9999988839739415 0.0012086522700378189 -0.01631980389356613 -0.0015973659519677534 -0.0012072484102613678 0.9999979954846367 0.9123637676239014
0.9999983250220059 -0.0008748882739470946 0.0016076453870890349 -0.0037894505076110363 0.0008729286113038952 0.9999988756971161 0.001219262130657709 -0.016326697543263435 -0.0016087102977496701 -0.0012178567287652506 0.9999979644360113 0.9168118834495544
0.9999984871639966 -0.0009300797751180904 0.0014699052112464742 -0.003928277175873518 0.0009282488601969607 0.999998793176924 0.0012457924182318516 -0.01632450707256794 -0.0014710621236631385 -0.0012444260957152912 0.9999981436882375 0.9194611310958862
0.9999953541581317 -0.0008223408844631337 0.0029352031654164314 0.0004220802802592516 0.0008200589512245704 0.9999993606774404 0.0007785550890035177 -0.015981420874595642 -0.002935841526555326 -0.000776144432330226 0.9999953892065456 0.7517266869544983
0.9999936096558055 -0.0006206466216942552 0.0035207165923105133 0.0004912577569484711 0.0006181872646572088 0.9999995642132713 0.0006995840001046027 -0.01585908979177475 -0.0035211492524752034 -0.0006974030673622154 0.999993557547699 0.768333911895752
0.9999979782809791 -0.0008777047714845467 0.0018091623169633815 -0.0032966448925435543 0.0008756002908477594 0.9999989395639984 0.0011636988483959669 -0.016290605068206787 -0.0018101817824943357 -0.0011621123926729463 0.9999976863656744 0.8977903723716736
0.999998742349837 -0.0009481425194109257 0.0012713475165006042 -0.004466005135327578 0.0009464714098791721 0.9999986882745139 0.0013143976271483893 -0.016458243131637573 -0.001272592085119377 -0.0013131926800196104 0.9999983280157875 0.9377319812774658
0.9999974058390856 -0.0008433221267282124 0.002115921286290858 -0.002617355901747942 0.0008408958987180049 0.9999989883197029 0.0011472809848029964 -0.016464421525597572 -0.0021168866730950416 -0.0011454987390398556 0.9999971033075307 0.8706281781196594
0.9999926143010456 -0.0006944883803278599 0.0037800832332185426 0.0017398016061633825 0.0006921377101586102 0.999999566327491 0.0006231293768333104 -0.016017824411392212 -0.0037805143500120137 -0.0006205084364340746 0.9999926613133368 0.7083289623260498
0.9999921853513265 -0.0004766127250105008 0.003924547947025434 0.0020592170767486095 0.0004745576317227398 0.9999997498130018 0.0005245655230640273 -0.016369685530662537 -0.003924796979757958 -0.0005226989995894356 0.9999921613464894 0.6731076836585999
0.9999915438004313 -0.00043434101275106283 0.004089459073596375 0.0025286423042416573 0.000432426234753177 0.9999997964785259 0.000469095361557302 -0.016400914639234543 -0.004089661988658052 -0.0004673230054039354 0.9999915281011269 0.6407164335250854
0.9999926206392357 -0.0006126390790747479 0.0037925374662282547 0.0015277811326086521 0.0006103161643633199 0.9999996254902976 0.0006136232103253194 -0.015850748866796494 -0.0037929119754446495 -0.0006113040352586844 0.9999926200358297 0.7210218906402588
0.9999937033295181 -0.0004859579494948673 0.003515273273466683 0.0009264366235584021 0.00048463129509194563 0.9999998110337914 0.00037823919605249384 -0.018301524221897125 -0.003515456417542952 -0.00037653320296579073 0.9999937498749297 0.5411308407783508
0.9999931070758078 -0.0005853100688796246 0.0036664987379502437 0.0006759746465831995 0.0005828098665512464 0.9999995969655124 0.000682935921004272 -0.01594356633722782 -0.0036668969894957672 -0.0006807943419385652 0.9999930451685815 0.7609253525733948
0.9999969540152615 -0.000758034946203318 0.0023489025563764795 -0.002362523227930069 0.0007555386182807823 0.9999991490975345 0.0010634686658458868 -0.016338568180799484 -0.0023497067041024066 -0.00106169073994464 0.9999966758400637 0.8672691583633423
