0.9999999943368587 -6.925993629320071e-05 8.080435401365171e-05 -0.0031342115253210068 6.929591758689537e-05 0.999999898421255 -0.00044537125553197635 -0.018212785944342613 -8.077349942086188e-05 0.0004453768524216324 0.9999998975575453 0.8397797346115112
0.9985679213204699 0.005737218763946056 -0.05319013847105962 -0.10301744192838669 -0.006569948086744569 0.999858374337529 -0.01549409723899209 -0.09838593006134033 0.05309371235705178 0.01582136492115918 0.998464191706532 2.2984373569488525
0.9999508998784941 -9.878254337437985e-05 -0.009908989564980486 -0.05060168355703354 6.547219743924616e-05 0.9999943466650351 -0.003361896988458725 -0.00654984125867486 0.009909265642878393 0.00336108315558688 0.9999452532886188 0.7802413702011108
0.9999999595634341 -0.00014596965844902832 -0.0002440614449807848 -0.0013120267540216446 0.00014586325885790913 0.9999998943509646 -0.00043591509418148904 -0.01413106918334961 0.00024412504957333902 0.00043587947695685315 0.9999998752060131 0.6703395843505859
0.9999999536947253 -0.00013413343827211387 -0.00027316436184848054 -0.0018131081014871597 0.00013405268325627028 0.9999999473179301 -0.0002956247887400073 -0.015040984377264977 0.0002732040006269686 0.0002955881566353444 0.9999999189936049 0.7053108215332031
0.9999999969194816 -4.2704469256865554e-06 -7.837601441554365e-05 -0.0029855426400899887 4.229443642459683e-06 0.9999998631460834 -0.0005231538262582602 -0.01615903154015541 7.837823779012814e-05 0.0005231534931597394 0.9999998600836273 0.7586870193481445
0.9999991434263918 -0.00028684708772963965 -0.001277053339120415 -0.0031303593423217535 0.0002858651935905499 0.9999996634669426 -0.0007689909575891718 -0.011655009351670742 0.0012772734921664248 0.0007686252337917995 0.999998888893221 0.6402206420898438
0.9999849704755214 -0.00016504032563401363 -0.005480108097622886 -0.006380859762430191 0.00016258853467645876 0.9999998865017982 -0.0004478407743820084 -0.01238827034831047 0.005480181387427707 0.00044694304080266614 0.99998488381269 0.48941171169281006
0.9999896426293342 -0.0001559082308352878 -0.00454866207579728 -0.005308693740516901 0.00015392211763819408 0.9999998926766551 -0.00043698359205514834 -0.0125026386231184 0.004548729716958393 0.0004362789263549833 0.9999895593048261 0.5165989995002747
0.9999988634797625 -0.0001751407466706223 -0.001497452804531188 -0.0025531412102282047 0.00017461423867630888 0.9999999228993744 -0.0003517259054005403 -0.013842767104506493 0.0014975142906143357 0.00035146402907551387 0.9999988169612929 0.6031850576400757
0.9999921410566343 -0.00011113049927966953 -0.003963013371260141 -0.004340248182415962 0.00010923430791994038 0.9999998794640951 -0.0004786853469914438 -0.011840751394629478 0.003963066090116347 0.00047824868800752467 0.9999920326609397 0.5375747084617615
0.9999994927872511 -6.495928827572141e-05 -0.001005089812833777 -0.002079159487038851 6.474797528996228e-05 0.9999999757962723 -0.00021027399920099077 -0.013763109222054482 0.0010051034477561878 0.000210208815016972 0.9999994727895178 0.6182352900505066
0.9999999608940981 -0.00013963640652066137 -0.00024230863864258724 -0.0015700969379395247 0.00013952784046175848 0.9999998899105226 -0.00044800772838326044 -0.01476370170712471 0.00024237117015624076 0.0004479739020624391 0.9999998702877911 0.7010475397109985
0.9999998169717514 -1.9515704889314217e-05 -0.000604711171842264 -0.0018260972574353218 1.9253847529804032e-05 0.9999999060564544 -0.0004330316063715285 -0.014335481449961662 0.00060471956595059 0.00043301988409780975 0.9999997234039752 0.6709679961204529
0.9999907396514007 0.0008097774360679125 -0.0042266856931523385 -0.015306501649320126 -0.0008224265205716557 0.9999951863845791 -0.002991792487694549 -0.03351746127009392 0.004224242661462974 0.002995240921061345 0.9999865920629947 1.167927861213684
0.9999959760876562 -0.0020905402375343855 0.0019176678571896782 -0.024754030629992485 0.0020936293069470507 0.9999965118893028 -0.0016102563621965052 -0.02993064746260643 -0.0019142948624339949 0.0016142647682928556 0.9999968648073038 1.3035351037979126
0.9999999844897447 -8.817880937937629e-05 -0.00015246313707858227 -0.0024447611067444086 8.812790779426755e-05 0.9999999403934703 -0.00033383607957662926 -0.017281122505664825 0.0001524925652588087 0.0003338226381414599 0.9999999326542298 0.7996761798858643
0.999999953256683 -3.506059747762925e-05 -0.0003037390099675035 -0.0024289300199598074 3.494440401090163e-05 0.9999999262207733 -0.0003825406338607531 -0.01663295179605484 0.00030375239966105687 0.00038253000200085685 0.9999998807026315 0.7674180269241333
0.999999998530701 -5.0517237790641606e-05 -1.9662310634846004e-05 -0.0021353617776185274 5.050790147689829e-05 0.9999998861283704 -0.00047454420020140334 -0.015919676050543785 1.9686281058070396e-05 0.00047454320640210777 0.9999998872105914 0.7400529384613037
0.9999999637653203 -3.457961735647955e-05 -0.0002669711748822453 -0.0037872318644076586 3.445350972782258e-05 0.9999998878471501 -0.0004723543615592265 -0.01741078495979309 0.0002669874787737466 0.0004723451463496466 0.9999998528038636 0.8137995004653931
0.9999999866327426 -6.28403794392289e-05 -0.0001509490023204041 -0.0030477207619696856 6.276550164069032e-05 0.9999998750219794 -0.0004960005215274417 -0.01718001440167427 0.0001509801523160714 0.0004959910405074223 0.9999998655989316 0.8009446859359741
0.9999999934669559 -9.18279430598035e-05 -6.807141263891247e-05 -0.0021067482884973288 9.180606486979685e-05 0.9999999441580396 -0.00032133403846596283 -0.016974791884422302 6.810091628145875e-05 0.00032132778699814883 0.9999999460553579 0.7827043533325195
0.999999995118551 -4.236113846933681e-05 -8.926607537645526e-05 -0.0030011902563273907 4.2319534579903116e-05 0.9999998905188634 -0.0004660164356204417 -0.01792904920876026 8.928580659026216e-05 0.0004660126556468425 0.9999998874301185 0.8260006904602051
0.9999999985433574 -5.264863166710148e-05 -1.189146572409118e-05 -0.002322983928024769 5.2643062861479386e-05 0.9999998891872536 -0.00046781854262741815 -0.016623705625534058 1.1916094412503036e-05 0.0004678179159427961 0.9999998905021963 0.7659558057785034
0.9999999412355847 -0.0002522694236678599 -0.00023213996804209312 -0.0012273117899894714 0.0002521404598385603 0.9999998139751747 -0.000555405081246055 -0.013671932741999626 0.00023228003657804427 0.0005553465167297112 0.999999818818099 0.6481831669807434
0.9999999775373426 -8.514750675180404e-05 -0.00019410104704293012 -0.0023382450453937054 8.506032162223483e-05 0.9999998955199217 -0.0004491379379969867 -0.017005471512675285 0.0001941392697388456 0.00044912141761066634 0.999999880299941 0.7969699501991272
0.9999999922746399 -5.9296556859544e-05 -0.00010924577042824013 -0.0035333759151399136 5.9255860959636335e-05 0.9999999288727542 -0.00037248252193430636 -0.018627438694238663 0.00010926784958893044 0.00037247604560456185 0.9999999246610634 0.8523131608963013
0.9999999568927057 -2.1055489642314898e-05 -0.00029286729614830313 -0.0032478298526257277 2.0943048909401976e-05 0.9999999260801745 -0.0003839284234591984 -0.018672559410333633 0.0002928753583005472 0.0003839222733749757 0.9999998834138496 0.8640899062156677
0.9999999989781275 1.9805214381019187e-05 -4.06386367600628e-05 -0.004151586443185806 -1.981913794576475e-05 0.999999941100082 -0.0003426470996222357 -0.02030625194311142 4.063184816718536e-05 0.00034264790469484184 0.9999999404707316 0.9116610288619995
0.9999999988214678 -4.121179718379886e-05 -2.566422023031457e-05 -0.003387364326044917 4.119916668752853e-05 0.9999998781437186 -0.0004919503805381465 -0.01911957561969757 2.5684491262275356e-05 0.0004919493226138798 0.9999998786630782 0.8805628418922424
0.9999999862097841 -3.3552142775712795e-05 -0.00016264896212645188 -0.00321404030546546 3.347731379946873e-05 0.9999998936188521 -0.0004600451648121296 -0.01912810653448105 0.00016266438032472164 0.00046003971341766336 0.9999998809518735 0.8794783353805542
0.9999999683315781 2.258249359523985e-06 -0.00025165798917190445 -0.003843412734568119 -2.3669791066430083e-06 0.9999999066617928 -0.0004320541672420548 -0.02007468417286873 0.0002516569899965524 0.0004320547492287835 0.9999998749987189 0.9090580940246582
0.9999999986636892 -3.0424733925122653e-05 -4.179661588552744e-05 -0.0032162852585315704 3.040382209703096e-05 0.9999998744212512 -0.000500233035083387 -0.019318457692861557 4.181183009375367e-05 0.0005002317636380465 0.9999998740099687 0.8830661177635193
0.999999996037846 -7.124196947611011e-05 -5.3374991485945314e-05 -0.002935885451734066 7.121099820983897e-05 0.9999998292439617 -0.0005800353791490513 -0.018448924645781517 5.341630523461962e-05 0.0005800315759644385 0.9999998303550202 0.8490585088729858
0.9999999901798108 -9.746027775812687e-05 0.00010070686244829496 -0.002455607522279024 9.752148271624364e-05 0.9999998104568258 -0.0006079275223093737 -0.018105726689100266 -0.00010064759457481553 0.0006079373374219562 0.9999998101411095 0.8299802541732788
0.9999999897669987 -0.00011743028943883601 -8.170758671836243e-05 -0.0020488447044044733 0.00011737979592770133 0.9999998023288584 -0.0006177088533637665 -0.01619643345475197 8.178010829656992e-05 0.0006176992562228963 0.9999998058798025 0.7571778297424316
0.9999999855339374 -5.788439871658475e-05 -0.0001599422439450574 -0.0028083676006644964 5.7786290860134337e-05 0.9999998102422372 -0.0006133320751096344 -0.01867673359811306 0.0001599777159531563 0.0006133228237681047 0.999999799121102 0.8561035990715027
0.9999999790842168 5.612183860114821e-05 0.00019667715938036256 -0.0041677989065647125 -5.599906876080581e-05 0.9999998036379103 -0.0006241700449205064 -0.02305438369512558 -0.00019671215033094527 0.0006241590181277294 0.9999997858649019 1.0199718475341797
0.9999999839034757 -5.14353645992837e-05 0.00017189372248276502 -0.00352106848731637 5.155301223327404e-05 0.9999997644102738 -0.0006844864379575206 -0.023491371423006058 -0.0001718584751768704 0.0006844952885788458 0.9999997509654013 1.0323041677474976
0.9999999278965909 -9.717253261074068e-05 -0.0003671025907342349 -0.002846084302291274 9.691103753555926e-05 0.9999997416382735 -0.0007122721651495834 -0.019455427303910255 0.0003671717091791715 0.000712236537499382 0.9999996789519738 0.8731920719146729
0.9999999716627757 -0.00012831140989775613 -0.0002005258834412522 -0.0016722105210646987 0.00012820430456652747 0.9999998491804066 -0.0005340438374855111 -0.016315847635269165 0.00020059437711575495 0.0005340181140707569 0.9999998372932616 0.7554481029510498
0.9999999150971074 -8.570767099617251e-05 -0.00040306323705568823 -0.0021478289272636175 8.5513950492042e-05 0.9999998808491031 -0.0004806132997429006 -0.01631852611899376 0.0004031043812769128 0.00048057879140774246 0.9999998032754221 0.7575839757919312
0.9999998996585663 -0.00010974627980290557 -0.0004343254671413459 -0.0016712711658328772 0.00010959898735419678 0.999999936486577 -0.0003391384728965928 -0.015656927600502968 0.00043436265874158725 0.0003390908372355714 0.9999998481732308 0.7285577058792114
0.9999999784084842 -0.00010893131636671587 -0.00017696609624001083 -0.0018635536544024944 0.00010886939419994919 0.9999999328651118 -0.00034988173240938295 -0.016267821192741394 0.00017700419743709578 0.00034986245866321444 0.999999923132884 0.7532345056533813
0.9999999960020648 -5.454409601452158e-05 -7.085769009693323e-05 -0.0026010063011199236 5.451199361652187e-05 0.9999998959199105 -0.0004529774952700331 -0.01747981831431389 7.088238997005292e-05 0.00045297363086510816 0.999999894895283 0.8045640587806702
0.9999999767510208 -4.118852244542873e-05 -0.00021166356163177744 -0.0033184660132974386 4.109187655827608e-05 0.999999894920561 -0.0004565855061917485 -0.018990544602274895 0.0002116823454726592 0.0004565767979236551 0.999999873364098 0.8697434067726135
0.9999995250334742 9.490848772489701e-06 0.0009745987635633245 -0.0026721954345703125 -8.704299649477284e-06 0.9999996742970196 -0.0008070502400288985 -0.02031055837869644 -0.0009746061057253823 0.0008070413735073737 0.9999991994132597 0.8874329328536987
0.9999998974149249 -0.0002653691820724897 0.0003670821940596215 -0.0033950002398341894 0.0002657060366143372 0.9999995434205886 -0.0009179100809886445 -0.02002563327550888 -0.0003668384414100413 0.000918007522779665 0.9999995113457537 0.8854047060012817
0.9995230151391135 0.001167328405979674 -0.030860647297293407 -0.057330284267663956 -0.0013524617174340433 0.9999812121253294 -0.005978816242334545 -0.04854414984583855 0.030853088249285923 0.006017702281545754 0.9995058149929555 1.4839444160461426
0.9996009263308991 0.0016053835176447462 -0.028203028599240544 -0.07036218047142029 -0.0017452337674396848 0.999986300954745 -0.004934780840421336 0.0018154680728912354 0.02819472002885104 0.0049820323771806035 0.9995900345220972 0.6875076293945312
0.9988192706427301 0.0014937989649257176 -0.048557524209714535 -0.09387869387865067 -0.0015712577591618622 0.9999975533459088 -0.0015570649474399422 -0.0045381104573607445 0.04855507946424246 0.001631522861825528 0.9988191740206895 0.9225336313247681
0.9980392443282915 0.0018260695574110388 -0.06256462459397094 -0.11303216218948364 -0.002075016569910754 0.9999901862563342 -0.003914293966586437 -0.01661168411374092 0.06255686282773149 0.004036441625213454 0.9980332389515686 1.1638953685760498
0.9962909636596363 0.0016761126913098744 -0.08603200785986405 -0.16453319787979126 -0.002126533113525262 0.9999845078214945 -0.005144120325265692 -0.03591662645339966 0.08602205291127828 0.005307990509577144 0.9962790932513238 1.731616497039795
0.9974006159742627 0.0014106138988103484 -0.07204180329912342 -0.15045249462127686 -0.0017324903877352867 0.9999887944271607 -0.004405621087874252 -0.010102148167788982 0.07203478139910964 0.004518980918525828 0.9973918834040311 1.4095817804336548
0.9965784982875593 0.0014062654790329403 -0.08263969487066242 -0.1709379106760025 -0.0017932397131288618 0.9999877723312235 -0.004608630964710035 -0.0165846087038517 0.08263220342121444 0.004741055308695194 0.9965688342268764 1.6681798696517944
0.998267111153551 0.0012149645780179191 -0.05883280250182191 -0.1315317451953888 -0.0014071424620499767 0.9999938090296236 -0.003225190307023728 0.015505456365644932 0.05882851977770405 0.003302387545274724 0.9982626405396856 1.0996475219726562
0.9978275697815693 0.001854588670851533 -0.06585363683707651 -0.12297465652227402 -0.001976146298785782 0.999996461819544 -0.0017807847144152 -0.014983483590185642 0.06585010121186913 0.0019070525045862565 0.997827704226101 1.5436856746673584
0.9990273246492836 0.0010979036106836908 -0.0440817333116189 -0.0940350592136383 -0.0010508585282089048 0.9999988533800956 0.0010903828904446236 0.019012421369552612 0.04408287990193851 -0.0010429986364955 0.9990273328860405 1.0111877918243408
0.9953630386685748 0.001004929182222264 -0.09618425739069661 -0.17723333835601807 -0.0017429110798452756 0.9999696851398286 -0.007588877540160745 -0.05590473487973213 0.09617371529388272 0.0077213288163710345 0.995334615879444 2.4649972915649414
0.9936591244237891 0.001224177346031535 -0.1124279584408334 -0.23022224009037018 -0.0019636491978148166 0.9999771620616453 -0.006466794953089838 -0.04253651574254036 0.11241747431416622 0.006646558881319728 0.9936388351528238 2.4268527030944824
0.9969913748022576 0.0009803566819742964 -0.07750637051675342 -0.17741617560386658 -0.001321586382997753 0.9999896591721609 -0.004351431738857444 0.015428506769239902 0.07750130308153812 0.004440771275552182 0.9969823607121351 1.328758955001831
0.998339898191907 0.0011462049427068753 -0.05758588275264812 -0.12955217063426971 -0.0012225868895323895 0.9999984190575315 -0.0012911869480771807 0.01897761970758438 0.05758431174781866 0.001359447191565629 0.9983397212090999 1.0192170143127441
0.9983596148817397 0.0012293182875440594 -0.057241315059427034 -0.11517001688480377 -0.0013044424602744 0.9999983363174483 -0.0012750655684708174 0.01618848368525505 0.057239652366628785 0.0013476419717329525 0.9983595575032393 0.8654100894927979
0.9991704983173052 0.0004047525222381471 -0.04072040603608471 -0.08363492786884308 -0.00044286214192877215 0.9999994723934345 -0.0009268689097877768 0.015648797154426575 0.04072000939920211 0.0009441335967048201 0.9991701503979592 0.6429320573806763
0.9996257646606301 -0.00011336592063706944 -0.027355397544507262 -0.05831392481923103 7.128533319514618e-05 0.9999988127943827 -0.001539262234285483 0.003605952486395836 0.027355539567905936 0.0015367361493322106 0.9996245859806349 0.6358314156532288
0.9999932637990777 -0.003233344751402463 0.0017371926164897991 -0.011280941776931286 0.003236676345415277 0.9999929217566673 -0.0019184271680213324 0.007069938816130161 -0.0017309773838030743 0.0019240369753596963 0.9999966508938989 0.2841465473175049
0.9999645802991742 -3.8649533816727586e-05 -0.008416451348983733 -0.008907031267881393 3.630697538918198e-05 0.9999999605643692 -0.0002784835066938331 -0.00993575993925333 0.008416461780333374 0.0002781680669993493 0.999964542268188 0.41397157311439514
0.9999768996887082 -1.2093700515717256e-05 -0.006797053972248616 -0.007121675182133913 9.862904690076578e-06 0.9999999460826389 -0.0003282338228970645 -0.010821301490068436 0.006797057575330955 0.0003281592018980775 0.9999768458918716 0.457760214805603
0.9999785636419141 -5.6866305623624635e-05 -0.006547443995782998 -0.006887874100357294 5.4263735680498724e-05 0.9999999194566095 -0.0003976709967228367 -0.011205014772713184 0.006547466082510096 0.00039730718333458044 0.9999784861860282 0.46186286211013794
0.9999647485341506 -7.701867317494798e-05 -0.008396175150474363 -0.00907211471349001 7.383189579550969e-05 0.9999999251274684 -0.0003798603814533694 -0.010184322483837605 0.008396203778174042 0.00037922708528931434 0.9999646793506928 0.4087001085281372
0.9999928204078128 -5.835625218852393e-05 -0.0037888952711772604 -0.0039580282755196095 5.809426110669694e-05 0.9999999959142549 -6.925710998072581e-05 -0.01244614738970995 0.003788899297282175 6.903649967173036e-05 0.9999928197122603 0.5247239470481873
0.9999940801657344 -8.22157856808293e-05 -0.0034398944826001835 -0.0037813137751072645 8.122061531508188e-05 0.9999999548134775 -0.00028944128034153176 -0.012818846851587296 0.0034399181238055857 0.00028916017655062677 0.999994041657096 0.5126440525054932
0.9999603761061757 -2.6157952026777284e-05 -0.008901996032181845 -0.00947570987045765 2.4218914126631478e-05 0.9999999759603484 -0.0002179283064142365 -0.009022902697324753 0.008902001518739147 0.00021770407456870284 0.9999603527009939 0.38736045360565186
0.999954151579478 -2.971481383969002e-06 -0.009575736532330063 -0.010066352784633636 9.312200430669758e-07 0.999999977300114 -0.00021307018645816937 -0.008123012259602547 0.009575736948096027 0.00021305150040887391 0.9999541288833999 0.376803457736969
0.9999700173099701 -3.821803990764084e-06 -0.007743672674625312 -0.008197628892958164 2.5768130571968317e-06 0.9999999870707358 -0.0001607852237893747 -0.009214643388986588 0.007743673188994932 0.00016076044901898982 0.9999700043909416 0.41765138506889343
0.9999680123243921 1.394019811137763e-05 -0.007998383191300326 -0.008418234065175056 -1.555864784794483e-05 0.9999999794193686 -0.00020228492431380852 -0.008387159556150436 0.00799838020679663 0.00020240289771669562 0.9999679919613099 0.39813995361328125
0.9999846570686177 -5.881855903054435e-05 -0.005539148647219095 -0.006059920880943537 5.750131525430272e-05 0.9999999700330963 -0.00023796513441242095 -0.010824166238307953 0.005539162477994266 0.0002376429749970881 0.9999846304843183 0.4748314619064331
0.9999983724968448 -0.00019265531285907525 -0.0017938471484988316 -0.002760426141321659 0.0001920036801465408 0.9999999155284195 -0.0003634250140969286 -0.013476420193910599 0.0017939170127295192 0.00036307999736743927 0.9999983250159308 0.5905007719993591
0.9999998788644935 -0.00020734482962708278 -0.0004464068996353175 -0.001993166748434305 0.00020715200923062657 0.9999998852572546 -0.00043194157339932154 -0.014009573496878147 0.0004464964092653096 0.0004318490469896664 0.99999980707366 0.6497962474822998
0.9999994449335884 -0.0002050452912357666 -0.0010334838864815203 -0.0022995469626039267 0.00020472682552124006 0.9999999315362477 -0.0003082441027943131 -0.014138706959784031 0.0010335470197271647 0.00030803234982305835 0.9999994184481457 0.6230897903442383
0.9999992267384811 -0.00015787046725077174 -0.0012335312544499869 -0.0020363042131066322 0.00015755358309295567 0.9999999545678327 -0.000256984826608968 -0.013099346309900284 0.0012335717687226415 0.0002567902806234949 0.9999992061794066 0.6021712422370911
0.9999998890764032 -0.0002763742050900819 -0.0003813980598199295 -0.002212551422417164 0.0002761508197973272 0.999999790389326 -0.0005856296005252219 -0.013723406940698624 0.00038155983279014745 0.0005855242121781918 0.9999997557867157 0.6730506420135498
0.9999998648413386 -0.00024530182419407395 -0.000458415007744341 -0.0023294256534427404 0.00024506715100966155 0.9999998389455845 -0.0005119090702838962 -0.013920669443905354 0.00045854050614334215 0.0005117966586350236 0.9999997639023642 0.671461820602417
0.9999983450174785 -0.00014893202392685892 -0.0018132240778437898 -0.0023252409882843494 0.00014837049007423417 0.9999999409993027 -0.0003098186390549608 -0.01237670797854662 0.0018132701127792693 0.0003095490973654842 0.999998308113996 0.5840632915496826
0.9999998817122635 -0.00024046586341631914 -0.0004227902879081509 -0.002349614165723324 0.00024023817917363428 0.9999998261538519 -0.0005384959455374819 -0.0139021510258317 0.00042291970430017776 0.000538394311471076 0.9999997656352172 0.6745615601539612
0.9999994092446405 -0.00019758193980179629 -0.0010688647002565816 -0.0026143325958400965 0.00019699975001285315 0.9999998322146821 -0.0005447583928189794 -0.013364491052925587 0.0010689721553367544 0.000544547504921291 0.9999992803830142 0.6542071104049683
0.9999999018044695 -0.00037602260036499567 -0.00023451664158142364 -0.002171116881072521 0.0003758847270992082 0.9999997566765748 -0.0005876712200517125 -0.013249377720057964 0.00023473756217835468 0.0005875830111212044 0.9999997998222209 0.6672462821006775
0.9999837578715288 5.7222023642598914e-06 -0.005699470185241068 -0.005643382202833891 -7.349254600788166e-06 0.9999999592311738 -0.0002854533929296342 -0.009357535280287266 0.005699468319458278 0.0002854906434164346 0.9999837171454186 0.5001411437988281
0.999930092494934 5.801441932999076e-05 -0.011823990756085848 -0.011708123609423637 -6.0375642042662956e-05 0.9999999783090222 -0.0001993407563640524 -0.004255311097949743 0.011823978934973696 0.0002000407019825222 0.9999300743081303 0.34714841842651367
0.9999223466314576 7.589747228853847e-05 -0.012461739309301315 -0.012266525067389011 -7.88353827491483e-05 0.9999999692180608 -0.00023526338427430708 -0.004216458648443222 0.012461721069808624 0.00023622754126819236 0.9999223218353149 0.3330851197242737
0.999937181753563 -7.740024969627041e-05 -0.011208325296116222 -0.011523647233843803 7.569029874708915e-05 0.9999999854332993 -0.00015298490258386068 -0.00559160765260458 0.011208336973917559 0.0001521269308504314 0.9999371730462252 0.36277562379837036
0.9999336057695766 9.254830800900942e-05 -0.011522824630417247 -0.011172177270054817 -9.523839859287276e-05 0.9999999683415084 -0.000232909058299594 -0.006742200814187527 0.011522802710282738 0.00023399100984697704 0.9999335829273397 0.35116803646087646
0.9998816488617459 -7.301983866627445e-05 -0.01538450316452908 -0.016605079174041748 6.717388854255906e-05 0.9999999253514478 -0.00038050593616549214 -0.0016495315358042717 0.015384529800580264 0.0003794274659539778 0.999881579127055 0.38183367252349854
0.9999892242271808 -0.00016114312014054008 -0.004639554118223205 -0.0053775981068611145 0.00016028992510234817 0.9999999701763757 -0.00018426716411824493 -0.01047509629279375 0.004639583673240651 0.0001835215047150281 0.9999892202334966 0.5339288711547852
0.9999978823688901 -0.000256280425136949 -0.002041954475198106 -0.003852423280477524 0.00025547995562598825 0.9999998904300026 -0.00039226263481683017 -0.013020170852541924 0.0020420547806959764 0.00039174012571055765 0.9999978382736366 0.6218063235282898
0.9999996023329555 -0.00030763405725489537 -0.0008370753956944002 -0.0030233177822083235 0.00030717743542870986 0.9999998039973804 -0.0005455705493153245 -0.01381341740489006 0.0008372430677070344 0.0005453132016865866 0.9999995008286544 0.6632199287414551
0.9999954969231902 -0.00016811101841623835 -0.0029963097348489204 -0.004479391500353813 0.00016664177664665257 0.9999998657743366 -0.0004905933416682878 -0.013140651397407055 0.0029963918068135545 0.0004900918221111891 0.9999953907124501 0.6013201475143433
0.9999979433475252 -0.00029991548179215185 -0.0020058293604949154 -0.0039948513731360435 0.00029882364076927665 0.9999998070513558 -0.0005446114971117919 -0.01338909287005663 0.002005992310892406 0.0005440109878029437 0.9999978400211141 0.6265494227409363
0.9999999072979139 -0.00026982969444080555 -0.00033555342296523975 -0.0018615538720041513 0.0002696888861570956 0.9999998755999873 -0.00041960447421634974 -0.013783806934952736 0.0003356666029694535 0.00041951394028925395 0.9999998556679824 0.6553160548210144
0.9999999469425471 -0.00016932867702677373 0.00027828528953531773 -0.0013760057045146823 0.00016948963111536102 0.9999998183308147 -0.000578456223722052 -0.014603260904550552 -0.0002781872897523751 0.0005785033595017063 0.9999997939728263 0.6975300312042236
0.9999999546397484 -0.00015429609442051524 0.00025867589048657737 -0.0017395507311448455 0.0001544501922875342 0.999999810581446 -0.0005958038353422819 -0.014982632361352444 -0.00025858391128373017 0.0005958437608574959 0.9999997890522645 0.7113637924194336
0.9999999280410471 -0.00014298625094225266 -0.0003513870123056988 -0.0019568412099033594 0.00014276382062515476 0.9999997894962253 -0.0006329502323605385 -0.014172703959047794 0.00035147744151816464 0.0006329000214617079 0.9999997379505511 0.674304187297821
0.9999997205384127 -0.00025991403197907627 -0.0007009763138235548 -0.002646038308739662 0.00025956833739224777 0.9999998446853204 -0.0004932074749539441 -0.013869687914848328 0.0007011043964950608 0.0004930253858650697 0.9999996326892296 0.6606025695800781
0.9999998058162225 -0.00014296444305937715 -0.000606571253072418 -0.0022857217118144035 0.00014263687438038984 0.999999844004559 -0.0005400422016272425 -0.013841989450156689 0.0006066483652826522 0.0005399555773321806 0.9999996702128132 0.6616140007972717
0.999999975552363 -0.00022110370535925823 -2.902555588376084e-06 -0.0017504096031188965 0.00022110185403308112 0.9999997814665107 -0.0006230416526689582 -0.0142991803586483 3.040311772068746e-06 0.00062304099567664 0.9999998059053182 0.6877596378326416
0.9999999840227427 -0.0001585272026042428 8.260532781555347e-05 -0.0016497790347784758 0.00015857782953604955 0.9999997994000079 -0.0006132316166897495 -0.014825107529759407 -8.250809735218307e-05 0.0006132447062655833 0.9999998085616536 0.7084400057792664
0.9999999687200525 -0.00012819157842224483 -0.00021477153743673 -0.001515381969511509 0.00012808378146899794 0.9999998658689886 -0.00050185311573951 -0.0144457146525383 0.00021483584197224922 0.0005018255912909041 0.9999998510083073 0.6866909265518188
0.9999999827507245 -0.00012963324334982037 -0.0001330179420677961 -0.0014889964368194342 0.00012957677860653217 0.9999999015427762 -0.0004244105282857397 -0.014423149637877941 0.00013307294668451228 0.0004243932849285356 0.9999999010909605 0.6826144456863403
0.9999999840675926 -0.00013195803006322852 -0.00012021602747559683 -0.0014861993258818984 0.00013190509042646298 0.9999998943806174 -0.00044027241722232403 -0.014345510862767696 0.00012027411225932206 0.00044025655310174955 0.9999998958541474 0.681006908416748
0.9999999900607741 -0.00012977137702372332 -5.511661318388389e-05 -0.0017945610452443361 0.0001297429947868637 0.9999998591558754 -0.0005146406360986404 -0.015004554763436317 5.5183391045051656e-05 0.000514633479989054 0.9999998660535782 0.7119224667549133
0.9999996316841757 -0.00014065014576953842 -0.0008466693861855023 -0.0017776135355234146 0.00014021868993574968 0.9999998603081549 -0.0005096296593605595 -0.013495094142854214 0.0008467409473985711 0.0005095107527837518 0.9999995117141612 0.627191424369812
0.9999964165333302 -0.00020785258084146538 -0.002669029374785088 -0.003587928134948015 0.00020672897660368767 0.999999889906798 -0.0004212475784795129 -0.012859217822551727 0.0026691166383394573 0.0004206943032416811 0.9999963494096739 0.5840816497802734
0.9999979729997638 -0.0002110737534915789 -0.002002359666526717 -0.002903417218476534 0.00021030605776367655 0.9999999043118376 -0.0003835983284680512 -0.013095065020024776 0.0020024404424636233 0.0003831764425464566 0.9999979217018844 0.5908424258232117
0.9999990106722954 -0.00021108476370271725 -0.0013907183946606535 -0.002237265696749091 0.00021047236998191423 0.9999998808415362 -0.00044047507875454993 -0.013374622911214828 0.0013908112065227018 0.0004401819351838496 0.9999989359414598 0.6151986122131348
0.9999928665794409 -0.00010455776517674733 -0.0037756930365551535 -0.003945238888263702 0.00010337007161554736 0.9999999451213787 -0.0003147568390496908 -0.011877773329615593 0.0037757257396219906 0.00031436430009719696 0.9999928225093547 0.5377423167228699
0.9999917515715642 -0.00010327584256118506 -0.0040603106944621945 -0.004424253478646278 0.0001020272645713779 0.9999999474512885 -0.00030771392176689614 -0.011447231285274029 0.004060342260512636 0.0003072971212171678 0.9999917095602378 0.5347929000854492
0.9999932824033712 -0.000138264722611438 -0.003662790056547212 -0.004002972971647978 0.00013696918242820142 0.9999999279788584 -0.0003539515803408244 -0.012137826532125473 0.0036628387317659645 0.00035344751327743006 0.9999932293207193 0.5454387068748474
0.9999796993004767 -5.0654546660774244e-05 -0.006371689026091937 -0.006669317837804556 4.9160462553809434e-05 0.9999999712626455 -0.00023464432067283228 -0.00896022655069828 0.006371700728788139 0.00023432632204921174 0.9999796730539064 0.4873256981372833
0.9999957279257753 -0.00011662455227742288 -0.0029207069200256845 -0.003243461949750781 0.00011567338972075191 0.9999999402277041 -0.0003258285672333209 -0.012476064264774323 0.002920744745059099 0.0003254893271996769 0.999995681644092 0.5567652583122253
0.9999876662037105 -4.176383289721617e-05 -0.004966457111348369 -0.005185197107493877 4.049375542306064e-05 0.9999999664552831 -0.0002558313676014024 -0.010618695057928562 0.004966467629248457 0.00025562710172984387 0.9999876343505817 0.5072528123855591
0.9999917935005097 -5.858873058654507e-05 -0.004050863981218326 -0.004244308453053236 5.741305374937264e-05 0.9999999562019515 -0.00029034434055298755 -0.01145964115858078 0.004050880814704735 0.0002901093853708197 0.9999917530665786 0.5289920568466187
0.9999926728314432 -0.00014920091992165968 -0.00382518267691814 -0.004358904901891947 0.0001483750695272027 0.9999999656252715 -0.00021618116171282433 -0.011252534575760365 0.0038252147998567207 0.00021561201597137167 0.9999926605946633 0.5393047332763672
0.9999994248274582 -0.00018796002478350992 -0.0010559430769954254 -0.0024896012619137764 0.000187572026448179 0.9999999148694009 -0.000367529489908558 -0.013337775133550167 0.0010560120679543906 0.0003673312131329211 0.9999993749529508 0.6231204867362976
0.9999983579896992 -0.00019925197056106615 -0.0018011986448251702 -0.003176409052684903 0.0001982499489123118 0.9999998255192182 -0.0005564696678251804 -0.012704027816653252 0.001801309208228494 0.000556111666556936 0.9999982230108967 0.6235897541046143
0.9999965932603936 -0.00012079332276425531 -0.0026074655472041824 -0.003344988450407982 0.00011957191531939843 0.9999998830686581 -0.0004685778770965378 -0.013047092594206333 0.002607521843388486 0.0004682645011241167 0.9999964907729392 0.5723867416381836
0.9999995378025799 -0.00011735260508735005 -0.0009542656825923463 -0.0017348399851471186 0.00011712261759776727 0.9999999640856476 -0.00024106222502599106 -0.013283172622323036 0.0009542939376006071 0.0002409503475130236 0.9999995156328882 0.6261188387870789
0.999999883878981 -7.097366947793958e-05 -0.00047666000741941925 -0.002135156188160181 7.078906078912927e-05 0.9999999224930044 -0.00038730207082353813 -0.01567244902253151 0.0004766874587240969 0.00038726828353538605 0.9999998113961538 0.7345535159111023
0.9999999472377408 -4.209719499345651e-05 -0.0003221061034924104 -0.0029115884099155664 4.198951685925766e-05 0.9999999432423836 -0.00033429344913581745 -0.017430048435926437 0.00032212015802694907 0.0003342799064180767 0.9999998922477682 0.8045704960823059
0.9999999685474356 -7.742864999444289e-05 -0.0002385580270669819 -0.0024544259067624807 7.732373145370321e-05 0.9999999003069141 -0.0004397808573375863 -0.016454018652439117 0.00023859205492247307 0.0004397623973085294 0.9999998748414248 0.7624921202659607
0.9999988634510533 -0.00016026745750005633 -0.0014991367327471803 -0.002191859530285001 0.0001598792814726681 0.9999999536660381 -0.0002590492939755128 -0.013029707595705986 0.001499178180457949 0.00025880931864964967 0.9999988427405901 0.6029417514801025
0.9999999649859955 -0.00013392065578463497 -0.00022823949127771573 -0.00115874910261482 0.00013382136595627375 0.9999998964401499 -0.00043498451834212386 -0.014360187575221062 0.00022829772105322082 0.00043495395979108615 0.9999998793475943 0.6746475696563721
0.9999997319430832 -0.0001119839642455126 -0.0007235836878307165 -0.001520155114121735 0.00011180347211222045 0.9999999626304559 -0.0002494775949657597 -0.013535360805690289 0.0007236115982807987 0.00024939662892290164 0.9999997070937452 0.6409444212913513
0.999999756868873 8.84227158240104e-06 -0.0006972689647085949 -0.0016166941495612264 -9.1023455181214e-06 0.999999930398878 -0.00037298711293933434 -0.01394063513725996 0.0006972656181245434 0.00037299336903759303 0.9999996873482533 0.6527363061904907
0.9999998146402778 -9.165435251190033e-05 -0.0006019293058936552 -0.0014077234081923962 9.143854584832658e-05 0.9999999315430719 -0.0003585426662378099 -0.014077715575695038 0.000601962126683346 0.0003584875602380066 0.9999997545641033 0.6607544422149658
0.9999999762456679 -9.024811070648236e-05 -0.0001984034822833388 -0.002141980454325676 9.018603522335277e-05 0.9999999469920309 -0.00031286165371287197 -0.016567498445510864 0.00019843170693953322 0.0003128437530576107 0.9999999313768194 0.7710637450218201
0.9999999467361715 -8.891108455136919e-05 -0.0003140421518196531 -0.0016589639708399773 8.87761573419122e-05 0.9999999037664373 -0.0004296346238961446 -0.014956086874008179 0.0003140803208786294 0.0004296067215566778 0.9999998583957984 0.6983770132064819
0.9999980850661331 -0.00019100521203168754 -0.0019476604108020286 -0.002641967497766018 0.0001903000325410574 0.9999999162826593 -0.00036224380197180536 -0.013307676650583744 0.001947729438203281 0.00036187246845932635 0.9999980376972507 0.592439591884613
0.9999998735319687 -8.57244284637733e-05 -0.0004955677234891796 -0.001595020992681384 8.551132946924103e-05 0.9999999038874382 -0.0004300150306136363 -0.01463349163532257 0.0004956045386516264 0.0004299725995756044 0.9999997847498291 0.6833801865577698
0.9999999136577241 -4.789758725426389e-05 -0.00041278367897775543 -0.0026838933117687702 4.7790134786309834e-05 0.9999999649753867 -0.0002603177454464575 -0.01742623746395111 0.00041279613311209296 0.00026029799598237496 0.9999998809221459 0.8051998615264893
0.9999999024955918 2.7047591605431775e-05 -0.0004407689128812243 -0.004085950553417206 -2.7208705653415743e-05 0.9999999328246201 -0.0003655276205717438 -0.01980966329574585 0.00044075899663060343 0.0003655395776828013 0.9999998360561485 0.9089086055755615
0.9999999899195585 -4.555210530338581e-05 -0.00013448378523320332 -0.0038154523354023695 4.550395011024816e-05 0.9999999348627541 -0.00035805569136361466 -0.0195179246366024 0.0001345000866638574 0.0003580495682108013 0.9999999268551141 0.8843024969100952
0.9999999339095028 -3.885204589149327e-05 -0.000361485142667419 -0.0029430577997118235 3.87242090981724e-05 0.9999999367183308 -0.0003536435634877424 -0.01741151139140129 0.0003614988595679936 0.000353629541889013 0.9999998721323525 0.808617353439331
0.9999999920690645 -0.00012135225016387516 3.369722062048285e-05 -0.003052938962355256 0.00012136493833820176 0.9999999216505481 -0.0003767883355842439 -0.018202871084213257 -3.365149386796543e-05 0.00037679242225706263 0.9999999284475214 0.839318037033081
0.9999999982027191 -4.98513982567504e-05 -3.330765952082302e-05 -0.0019496798049658537 4.983813199712585e-05 0.9999999194857171 -0.0003981767448954445 -0.01653377339243889 3.332750650656706e-05 0.00039817508418827724 0.9999999201729367 0.7709646224975586
0.9999999906217001 -0.00013679131038908337 6.688586394810605e-06 -0.0014336351305246353 0.0001367935732954494 0.9999999330130418 -0.00033950173842909936 -0.015463260002434254 -6.642145059083459e-06 0.00033950265020078345 0.9999999423469146 0.730018138885498
0.9999999996587859 1.8419378314910734e-05 1.8524434597783235e-05 -0.0028158221393823624 -1.8410836364227296e-05 0.9999998935642379 -0.00046101253130429826 -0.018525661900639534 -1.853292419034293e-05 0.00046101219009666016 0.99999989356214 0.8556662797927856
0.9999999720121361 -5.744927748348877e-05 0.0002295110181959879 -0.002727344399318099 5.7556899504714775e-05 0.9999998883913863 -0.00046893967449377163 -0.01786283776164055 -0.00022948405233509835 0.00046895287131176137 0.9999998637101278 0.8238216638565063
0.999999997227563 -6.585030649838294e-05 -3.476507888135348e-05 -0.002781815826892853 6.583398302114921e-05 0.9999998876980152 -0.0004693291417472364 -0.017657317221164703 3.4795980444998803e-05 0.00046932685172243824 0.9999998892607667 0.8235337138175964
0.999999960015999 5.4556605089744644e-05 -0.00027747356178465474 -0.0039608231745660305 -5.468278659705271e-05 0.9999998950996498 -0.0004547642055223341 -0.019589155912399292 0.0002774487222864113 0.00045477936036660693 0.9999998580989601 0.8984950184822083
0.9999999990678536 -4.215592072408381e-05 9.33655035047773e-06 -0.004057080484926701 4.21596633405407e-05 0.9999999186226645 -0.0004012196746974165 -0.02036581188440323 -9.319635805894653e-06 0.0004012200679492405 0.9999999194677975 0.9312846064567566
0.9999999528172985 -7.09055900882115e-05 0.0002988942922096611 -0.003558642230927944 7.105236354148152e-05 0.9999998768995711 -0.0004910727075147426 -0.019857414066791534 -0.000298859435615543 0.0004910939214905161 0.9999998347548853 0.9023168683052063
0.9999999267210615 0.00015222720733412047 -0.00035126165346200923 -0.004241609014570713 -0.0001524014619884663 0.9999998653249312 -0.0004961087725362624 -0.020003050565719604 0.00035118608490284465 0.0004961622689714662 0.9999998152456514 0.9076639413833618
0.9999998443974223 2.8515076440159968e-05 -0.0005571283710186099 -0.0047767022624611855 -2.867375213133094e-05 0.9999999590322434 -0.0002848040162984947 -0.020182911306619644 0.0005571202269860151 0.00028481994694307155 0.9999998042473062 0.9241253137588501
0.9999999993625438 2.4661196456660167e-05 2.5821263178869803e-05 -0.0037038729060441256 -2.465072204073818e-05 0.9999999174516154 -0.00040557256325037504 -0.020011771470308304 -2.5831262952025992e-05 0.0004055719264790589 0.9999999174220756 0.9032925367355347
0.9999997141901861 0.00010847785306802647 -0.0007482326520241416 -0.0060896542854607105 -0.00010864121344920375 0.999999970273033 -0.0002182911354215783 -0.021246541291475296 0.0007482089500277401 0.0002183723619350877 0.9999996962483932 0.9621154069900513
0.9999996961955682 0.0002436450151800309 -0.0007404362755057706 -0.006097073201090097 -0.0002439538526401466 0.9999998832819366 -0.0004170403231764014 -0.022843293845653534 0.0007403345792876113 0.00041722082875974713 0.9999996389156803 1.0146344900131226
