0.9999957155211165 -0.0008206600557473214 0.002809885492893195 -0.0006804130971431732 0.0008181439450479519 0.9999992634800404 0.0008964819362517188 -0.01609094813466072 -0.0028106191302722256 -0.0008941792044915049 0.999995650422368 0.8005833625793457
0.999993180026024 -0.0006916251459948745 0.0036278858992057034 0.0012162795756012201 0.0006890900905982452 0.9999995175963701 0.0006999727668362836 -0.016009148210287094 -0.0036283682678674317 -0.0006974680528172661 0.9999931742177185 0.7314369678497314
0.999993137036062 -0.0006617579501290418 0.0036452650371786924 0.0008154292590916157 0.000659205953217428 0.9999995368531728 0.0007012424339882239 -0.01610386185348034 -0.003645727401641415 -0.000698834640973124 0.9999931101271936 0.7515724301338196
0.9999952354413825 -0.0008056091021617801 0.0029799477358909052 -0.00026995548978447914 0.0008030208812284948 0.9999992994413746 0.0008696402845350549 -0.016116799786686897 -0.0029806462383916437 -0.0008672431808260531 0.999995181807026 0.7864681482315063
0.9999963304324594 -0.000765301940578153 0.0025987371077210004 -0.0016878577880561352 0.0007627643727214947 0.9999992315249122 0.000977312691237531 -0.01619100011885166 -0.0025994830499554296 -0.0009753268808427634 0.9999961457052463 0.8461873531341553
0.9999966445115459 -0.0008491238356426842 0.002447438326271779 -0.0015932363457977772 0.0008465339684489534 0.9999990809102025 0.0010590368222197625 -0.016415761783719063 -0.002448335330264753 -0.0010569614289550602 0.9999964442370026 0.8340137004852295
0.9999950001954186 -0.0007295528985400453 0.0030769037575751356 -0.0009029875509440899 0.0007267454852340345 0.9999993187390256 0.0009134344447983893 -0.016355520114302635 -0.0030775680601475117 -0.0009111937518903498 0.9999948491371253 0.8189233541488647
0.9999963012803519 -0.0008379881454539359 0.0025875087407538737 -0.0014169635251164436 0.0008352950693523621 0.9999991085669 0.00104170415776185 -0.01657763309776783 -0.00258837936989821 -0.0010395389714971566 0.9999961098179152 0.82920902967453
0.9999965938068772 -0.0008242760206986544 0.002476478080965461 -0.0022633508779108524 0.0008216403423626501 0.9999990952193609 0.0010651138941939946 -0.016376201063394547 -0.002477353788138337 -0.0010630754919120748 0.9999963662877517 0.8676185607910156
0.999996396759892 -0.0007718397911559861 0.002571134101784121 -0.0016300659626722336 0.0007693863547931744 0.9999992479370639 0.0009550758837433928 -0.016111334785819054 -0.002571869333700106 -0.0009530942468814062 0.9999962385426692 0.8435986042022705
0.9999973853568134 -0.0008839830955986458 0.0021089934621814155 -0.0021228971891105175 0.0008817500376976537 0.9999990499652648 0.001059521325288027 -0.016197718679904938 -0.002109928057505351 -0.0010576589499530305 0.99999721477669 0.8528766632080078
0.9999975122430322 -0.0008028726730533861 0.0020810822226726335 -0.002877271268516779 0.0008005681653580278 0.9999990657607136 0.0011079568188495173 -0.01628378964960575 -0.0020819698266966403 -0.001106288014345257 0.9999972207603729 0.8886274099349976
0.9999961376104227 -0.0008728686495232474 0.0026387240395825294 -0.0010022805072367191 0.0008700548920492289 0.9999990519451282 0.0010672925229555988 -0.016700560227036476 -0.002639653144110507 -0.0010649925658966755 0.9999959490028514 0.8083345890045166
0.9999906782046915 -0.000565622886528025 0.004280604451659581 0.002382842591032386 0.0005632492391732394 0.9999996869752942 0.0005556974071829929 -0.016344208270311356 -0.004280917426896119 -0.0005532811798849108 0.999990683769564 0.6866833567619324
0.9999921283940485 -0.0006212205330666892 0.003918830819276264 0.0013900930061936378 0.000618692498880301 0.9999995997718393 0.0006462783867921577 -0.016192950308322906 -0.003919230732253765 -0.0006438487483110948 0.9999921125135222 0.7288869023323059
0.9999949505048061 -0.000700380446393877 0.003099747105834074 -0.0005335565656423569 0.0006976221115043678 0.9999993598547794 0.0008908498304960754 -0.016287775710225105 -0.003100369055347733 -0.0008886828800330366 0.999994798963704 0.8011338114738464
0.999992749706999 -0.0006203306899211554 0.0037570897341843894 0.000903950072824955 0.0006176374907751252 0.9999995515364459 0.0007179490493820268 -0.016144903376698494 -0.0037575334150957047 -0.0007156233245650202 0.9999926843861869 0.7520793080329895
0.999994962834422 -0.0008366388327207734 0.0030617546026539713 -0.00017145229503512383 0.0008339541467690254 0.9999992668028437 0.0008780172301616078 -0.016183001920580864 -0.0030624869410947543 -0.0008754594444961666 0.9999949273593827 0.7830892205238342
0.9999955908141909 -0.0006800451392456196 0.002890655770920685 -0.0014783907681703568 0.0006772782737189686 0.9999993117199315 0.0009580468690698446 -0.016272498294711113 -0.002891305296456413 -0.00095608486651274 0.999995363116955 0.8412909507751465
0.9999976572658891 -0.000823533315159283 0.0020018130812688153 -0.003305783960968256 0.0008211668762874136 0.999998963473153 0.0011826823669420373 -0.016476523131132126 -0.0020027849846662423 -0.001181035773636857 0.9999972969997503 0.9032766222953796
0.999997811523391 -0.0008329598297274995 0.0019191472978328894 -0.0031896159052848816 0.0008306759442517485 0.9999989462929114 0.0011905421212471063 -0.01652926579117775 -0.001920136949376375 -0.0011889453262797361 0.9999974497383014 0.8948637247085571
0.9999975539711351 -0.0008309916229566538 0.002049757222094358 -0.0032163141295313835 0.0008285651132350505 0.9999989553747465 0.0011843687217120333 -0.016491202637553215 -0.0020507392813524346 -0.0011826674673871243 0.9999971978791049 0.8986104726791382
0.9999980260586101 -0.0008244879887095142 0.001807788272968737 -0.003944949246942997 0.0008222248963540303 0.999998877916198 0.0012522430134497893 -0.016595901921391487 -0.0018088187038023333 -0.001250754133070103 0.9999975818915741 0.9277136325836182
0.999998712771065 -0.0009389010951841449 0.0013011229560845816 -0.004949856083840132 0.0009370716367971522 0.9999985725882062 0.0014059581422852002 -0.016755541786551476 -0.0013024411544859031 -0.0014047370870770653 0.9999981651786944 0.9596419334411621
0.9999985242536683 -0.000939952632516426 0.0014380471251636002 -0.00451125530526042 0.0009380198637643336 0.9999986567455034 0.0013441078543551617 -0.01668507419526577 -0.00143930859121642 -0.0013427569540244934 0.9999980626953943 0.9438457489013672
0.999998472067853 -0.0008510569658110524 0.0015269459716625627 -0.004422715399414301 0.000849057353466381 0.9999987818657373 0.0013097208297877304 -0.016686491668224335 -0.0015280587586728163 -0.0013084223639175851 0.9999979765316266 0.9424630999565125
0.9999980706416709 -0.0008961483192669246 0.0017480363627733445 -0.003659981768578291 0.0008939353035519631 0.9999987985904627 0.0012663717085583707 -0.016541212797164917 -0.0017491691195439785 -0.0012648066338569912 0.9999976703330714 0.9107606410980225
0.99999703593617 -0.0008105109894834047 0.002295907404603559 -0.002486821264028549 0.0008079354876584057 0.9999990436334628 0.0011224849253934361 -0.01645308919250965 -0.002296814995242105 -0.001120626653207912 0.9999967344130589 0.8699853420257568
0.999996692574349 -0.0012459803630072124 0.002249971843791684 -0.002300877124071121 0.0012432346719077013 0.9999984813847971 0.0012213089904282923 -0.01641910709440708 -0.0022514901539694735 -0.0012185077080325915 0.9999967230101566 0.8589209318161011
0.9999962642028133 -0.0009049738147199885 0.0025792640058708927 -0.0013212291523814201 0.0009023112339134454 0.9999990590837011 0.0010332793182991813 -0.016368120908737183 -0.0025801966697257027 -0.0010309481592894849 0.9999961398580689 0.8220776319503784
0.9999947495837296 -0.0007051906853005745 0.0031628327605459704 -0.0004626973532140255 0.000702447579569806 0.9999993762928427 0.0008683209794556326 -0.016239510849118233 -0.003163443119731104 -0.0008660946961918045 0.9999946212393371 0.8002100586891174
0.9999960647313327 -0.0008284365443767295 0.0026803385495603256 -0.001429220661520958 0.0008257475415145628 0.9999991548776944 0.0010041836956875677 -0.01637301594018936 -0.0026811681868172056 -0.0010019664609872078 0.9999959036917927 0.833101749420166
0.9999948284265283 -0.000804468385063713 0.0031138321752299846 3.4826574847102165e-05 0.0008018615685847231 0.999999327109352 0.0008383310014324454 -0.016196846961975098 -0.0031145044907483054 -0.0008358298035897385 0.9999948006116414 0.7764008641242981
0.999995137736401 -0.0007392003254566951 0.003029535679770996 -0.000804264098405838 0.0007364356208901024 0.9999993115008102 0.0009135975490769302 -0.016325881704688072 -0.0030302089255437492 -0.0009113620489354825 0.9999949936140097 0.8119978308677673
0.9999961747126999 -0.0007585309555014444 0.002659923073471831 -0.0018071387894451618 0.0007558165297406521 0.9999991927954233 0.001021347088417819 -0.01643272116780281 -0.0026606956497526287 -0.0010193327676450042 0.9999959408214455 0.8491264581680298
0.999996395245543 -0.0008585607825011225 0.0025440851602547584 -0.0016068327240645885 0.0008558629793119887 0.9999990705479797 0.0010613207514244079 -0.016540715470910072 -0.002544994004024494 -0.0010591395373188196 0.9999962006072622 0.8355721235275269
0.9999942482489126 -0.0007391763979464975 0.0033101491423874574 -0.00028048595413565636 0.0007363160086073136 0.9999993545797079 0.0008652623319789637 -0.016332589089870453 -0.003310786587443862 -0.0008628200394009873 0.9999941470997478 0.7945491075515747
0.9999950083618416 -0.0007738338846013718 0.003063402115187931 -0.00034455396234989166 0.0007710644464021289 0.9999992931103624 0.0009051178900265596 -0.016408240422606468 -0.003064100360593582 -0.0009027512915495074 0.9999948981515284 0.7920863032341003
0.9999916643045244 -0.00068804135967728 0.004024664030073596 0.002030713018029928 0.000685415505711748 0.999999551386295 0.0006537834452805689 -0.01624133624136448 -0.004025112054604779 -0.0006510194284093693 0.9999916872887753 0.6999872326850891
0.9999923243819004 -0.0007353714609442808 0.0038484290429412135 0.0015553267439827323 0.0007327535753977162 0.9999994992374126 0.0006816136162017616 -0.016186701133847237 -0.0038489283549926747 -0.0006787884342550726 0.999992362469224 0.7216037511825562
0.9999920102259973 -0.000615960712600157 0.003949693224772705 0.0021326045971363783 0.0006137057927020664 0.9999996480352193 0.000572096703113284 -0.01636597514152527 -0.00395004422371272 -0.0005696681825784792 0.999992036282686 0.6854819059371948
0.9999945872341123 -0.0006822608545439986 0.003218698899241443 -0.00048241065815091133 0.0006795607788215002 0.9999994163900584 0.0008398908802312289 -0.016204960644245148 -0.003219270045446436 -0.0008376990325677624 0.9999944672650471 0.805110514163971
0.9999972411930094 -0.0008822539502015445 0.002176978258476841 -0.0025349468924105167 0.0008798411541086235 0.999998997962873 0.0011090323682530223 -0.01636998914182186 -0.0021779545252515933 -0.001107113913583364 0.9999970154019804 0.8723870515823364
0.9999980109945491 -0.0009027747065695115 0.0017784838415653178 -0.003511055838316679 0.0009006448270461498 0.9999988767944078 0.0011980187052798492 -0.01650487631559372 -0.001779563384947445 -0.0011964145401422233 0.9999977008705605 0.9087835550308228
0.9999986426168166 -0.0009163076199993931 0.0013693592918330273 -0.004866368602961302 0.0009144360260481708 0.9999986478753112 0.0013667678309944753 -0.016775306314229965 -0.0013706098200668311 -0.0013655137842977498 0.9999981283986618 0.9608254432678223
0.9999978120030002 -0.0009222869115374021 0.0018775984833668965 -0.003370844293385744 0.0009199486296485412 0.9999988007869447 0.001245840756647276 -0.016605371609330177 -0.0018787452543499986 -0.001244110736599635 0.9999974612491493 0.901404619216919
0.9999976119839001 -0.0008989545056587386 0.0019919606657837806 -0.0027865259908139706 0.0008966737340252479 0.9999989418042602 0.001145585690608005 -0.016469115391373634 -0.0019929883873176808 -0.0011437968161227123 0.9999973598595806 0.8782455921173096
0.9999928067617501 -0.0005488316886089173 0.0037530265833041736 0.002162256045266986 0.0005466648676454194 0.9999996833318022 0.0005783544050149466 -0.016433173790574074 -0.0037533428140647277 -0.0005762985969934866 0.9999927901228325 0.6638870239257812
0.9999931857369306 -0.0003794182855035197 0.0036721276487713655 0.0014329173136502504 0.00037785686405085445 0.999999837919506 0.00042589335720930873 -0.01756926439702511 -0.0036722886453185027 -0.0004245029164221741 0.9999931670233447 0.5950189232826233
0.9999932651835355 -0.0006319910625265936 0.0036152696812247562 0.0010360486339777708 0.0006296008015244455 0.9999995825092078 0.0006622569292623264 -0.015476205386221409 -0.003615686712343344 -0.0006599762923944294 0.9999932455976347 0.7322711944580078
0.999996727285829 -0.0007123251326919811 0.0024572363616499372 -0.0003251642920076847 0.0007104470869964293 0.999999454958572 0.0007650800584080704 -0.015914149582386017 -0.0024577800081084468 -0.0007633318181045253 0.9999966883155001 0.742026686668396
0.9999968686396277 -0.0006994127998384258 0.0024028176532362743 -0.0008170786313712597 0.000697780492201642 0.9999995252818493 0.000680101801655188 -0.015545985661447048 -0.0024032921844803928 -0.0006784230327266112 0.9999968819595713 0.7467020750045776
0.9999986447696082 -0.0009107001686198178 0.001371526211808428 -0.0022737188264727592 0.0009094591642617586 0.9999991767602772 0.0009051866085499878 -0.015090243890881538 -0.0013723494363106084 -0.0009039380347312313 0.9999986497756154 0.839614987373352
0.9999986570560377 -0.0008370214771929725 0.0014090000596253113 -0.0021126135252416134 0.0008359231994581524 0.9999993465082645 0.0007798816889392 -0.01512407697737217 -0.0014096519165787283 -0.0007787028257639158 0.9999987032508509 0.827950656414032
0.9999988023232638 -0.0008684537118936965 0.0012810699389427234 -0.002347104251384735 0.0008672168878465275 0.9999991576773768 0.0009657015099995929 -0.014850378036499023 -0.0012819075269294722 -0.0009645893879157966 0.9999987131393746 0.8195171356201172
0.9999987816255164 -0.0007375860109065452 0.001375759557237393 -0.002247481606900692 0.0007364821412970008 0.9999994066290864 0.0008027051331015003 -0.01476876251399517 -0.0013763508049787463 -0.0008016909327614243 0.9999987314742503 0.8018168210983276
0.9999949068373325 -0.000889310034483326 0.0030651960879557825 3.643683157861233e-05 0.0008883314614239879 0.9999995540414311 0.0003205996785669879 -0.014823253266513348 -0.0030654798335165226 -0.0003178751355803089 0.9999952508831174 0.6816200017929077
0.9999960230199288 -0.0010009044303849297 0.0026366900930989705 -0.000583818182349205 0.0009998615080960844 0.9999994214010095 0.0003968307077811306 -0.014370633289217949 -0.0026370857571262753 -0.00039419280466044626 0.9999964451890527 0.6955004930496216
0.9999951892666531 -0.0011351798299573152 0.0028866607532515797 -9.796093218028545e-05 0.0011343782454747721 0.9999993175863274 0.000279307851001093 -0.014136443845927715 -0.0028869758479936184 -0.00027603194216494577 0.9999957945795672 0.6831393837928772
0.9999941689263869 -0.001269449733508082 0.003170269799051758 0.001020657131448388 0.0012687750265969586 0.9999991720296681 0.0002148253013634029 -0.014105264097452164 -0.0031705398840839866 -0.00021080168955264528 0.9999949516070024 0.628121018409729
0.9999954153090914 -0.0007943818873514434 0.0029220400775352346 0.0005637793801724911 0.0007927886982517993 0.9999995364939595 0.0005463496555888761 -0.014136465266346931 -0.0029224727334225685 -0.0005440305903952684 0.9999955815821584 0.7130181789398193
0.9999941028841365 -0.0006794164605171175 0.003366391276185601 0.0014387653209269047 0.0006775619205911844 0.999999618098236 0.0005520083568076232 -0.016487473621964455 -0.0033667650341187927 -0.0005497241630118317 0.9999941813313464 0.598186194896698
0.9999993007163811 -0.001009302474129559 0.0006163402182640337 -0.0009476440027356148 0.001009282576149078 0.9999994901430178 3.25942632734543e-05 -0.02270767092704773 -0.0006163728014892344 -3.197217903754611e-05 0.9999998095311566 0.39315059781074524
0.9999991336820067 -0.0009298477578547997 0.0009316750414934712 -0.0008195140399038792 0.0009297575917130889 0.9999995630507168 9.720697356600488e-05 -0.022105403244495392 -0.000931765022085148 -9.634065741101646e-05 0.9999995612661142 0.4152911603450775
0.999998545168786 -0.0007533124363136211 0.001530418467255762 -0.000556181650608778 0.0007530350216047207 0.9999996999370324 0.0001818353689163808 -0.021038709208369255 -0.0015305549868786215 -0.00018068264567305605 0.9999988123769016 0.45299625396728516
0.9999973087872485 -0.0009220039502103983 0.002128926249567411 0.0006534389685839415 0.0009217580634837906 0.9999995683975798 0.0001164762915465674 -0.021059801802039146 -0.0021290327223186015 -0.00011451362314698529 0.9999977270505656 0.433635413646698
0.9999977547202236 -0.0009768963041435334 0.0018804861399348363 0.00024149427190423012 0.000976750218356249 0.9999995198902583 7.860193394942974e-05 -0.02056899666786194 -0.001880562023033895 -7.67649922182998e-05 0.9999982287952381 0.4286425709724426
0.9999966400780893 -0.0009116163360084887 0.0024266825478782015 0.0006801721174269915 0.0009114274832283044 0.9999995815350554 7.892817543981503e-05 -0.020201802253723145 -0.002426753484610726 -7.671616508010233e-05 0.9999970524867335 0.4435405433177948
0.9999958350574567 -0.0010473778027229662 0.0026893990924442266 0.0012119722086936235 0.001047421392736106 0.9999994513445476 -1.4799667656011605e-05 -0.020253928378224373 -0.0026893821160473602 1.7616540159277308e-05 0.9999963834502061 0.4246756434440613
0.9999945879442421 -0.0007317521200282074 0.0032075880440337982 0.0008565736934542656 0.0007310053347471608 0.9999997054411769 0.0002339845292883996 -0.018874233588576317 -0.0032077583178858 -0.0002316384989792207 0.9999948283017167 0.49263086915016174
0.9999945543245141 -0.0007949422193654203 0.003203027971221611 0.0011754364240914583 0.0007943730330850603 0.9999996684704051 0.0001789708477077214 -0.019102390855550766 -0.0032031691808059233 -0.00017642547404600774 0.9999948542773864 0.4774579703807831
0.9999953148712336 -0.0009450525135386728 0.0029115479265840343 0.0012143226340413094 0.0009449360670173233 0.9999995526920732 4.1370069137147645e-05 -0.019900305196642876 -0.002911585721113391 -3.861864866636791e-05 0.9999957605796078 0.4436224699020386
0.9999964554696402 -0.0009800146398130038 0.0024756048677904334 0.0008770322892814875 0.0009799558030848562 0.9999995195312091 2.497948909298395e-05 -0.020109081640839577 -0.0024756281586045623 -2.2553417196090136e-05 0.9999969353735858 0.4334675371646881
0.9999965187800871 -0.0012666290298291856 0.0023147523858344492 0.0012749400921165943 0.0012671303676773404 0.9999991740494993 -0.00021513007810915034 -0.021559471264481544 -0.0023144779839614346 0.00021806242223578295 0.99999729781657 0.37461256980895996
0.9999989332378962 -0.0009692283771299489 0.001092757714477594 -0.00021201977506279945 0.0009693829773022415 0.9999995202138661 -0.00014095630857923117 -0.021275600418448448 -0.0010926205713333846 0.0001420154589391132 0.999999393005764 0.37481796741485596
0.9999962040505161 -0.0009469275773062314 0.0025875109123598824 0.0009611444547772408 0.0009468244680859545 0.9999995509180971 4.1073477055446434e-05 -0.019684672355651855 -0.002587548643963678 -3.862340249934066e-05 0.9999966515445178 0.4436368942260742
0.9999956422334694 -0.0008105375769243662 0.0028387572822809698 0.0011017769575119019 0.0008101621961542301 0.9999996629232225 0.0001333816232926359 -0.019011836498975754 -0.0028388644362195626 -0.0001310811882125005 0.999995961825064 0.4727365970611572
0.9999947840439828 -0.0006679661178843023 0.0031600167868883317 0.001149497227743268 0.0006672419865732202 0.9999997508973327 0.0002302029618366613 -0.018232591450214386 -0.0031601697674984654 -0.00022809326522964924 0.9999949806376545 0.5088580250740051
0.9999938429026302 -0.0006784410754944486 0.0034429456192173503 0.0014081839472055435 0.0006776549567764732 0.9999997440592919 0.0002294888018061859 -0.01829567551612854 -0.0034431004326569217 -0.00022715425965651341 0.9999940467124556 0.5077919363975525
0.9999909008567311 -0.0004810645502725901 0.00423872394026035 0.002144081052392721 0.0004795496525264258 0.9999998207893857 0.00035840386085398513 -0.017304256558418274 -0.0042388955960281655 -0.0003563679210931998 0.9999909523420853 0.5556304454803467
0.9999958884128514 -0.0007741157832396044 0.0027611414571479895 0.0009487918578088284 0.0007736677368479759 0.9999996873802408 0.0001633329538025936 -0.018926629796624184 -0.0027612670325780735 -0.000161196076182651 0.9999961747027836 0.4782549738883972
0.9999949714374488 -0.0007186734217070709 0.0030887875176519456 0.0012315195053815842 0.0007180944589193191 0.9999997243955119 0.00018854508369627694 -0.01855030469596386 -0.0030889221687086885 -0.0001863260943843248 0.9999952119097484 0.49299436807632446
0.9999948889396989 -0.0006971608100633328 0.003120266220065445 0.0012285641860216856 0.0006965289002768296 0.9999997366972295 0.00020360000670963555 -0.018344931304454803 -0.0031204073404363115 -0.0002014256104988908 0.9999951112309265 0.5007959604263306
0.9999956571715815 -0.0006964750690145612 0.002863662070729426 0.0009997524321079254 0.0006958950771489101 0.99999973715348 0.00020352644206093358 -0.01847095973789692 -0.002863803069118597 -0.00020153274984287842 0.9999958789997747 0.49638664722442627
0.9999919388681104 -0.0005221331927845215 0.003981152562585228 0.0022068312391638756 0.0005209551458786032 0.9999998202169845 0.00029693725743838874 -0.017144937068223953 -0.003981306887639898 -0.00029486086187398703 0.9999920310945176 0.5693334937095642
0.9999917548639747 -0.0004699964345508802 0.004033522953924976 0.0022552027367055416 0.000468442418864077 0.9999998157013166 0.0003862111251968231 -0.016849972307682037 -0.0040337037284038325 -0.00038431846758448093 0.9999917907330775 0.5970609784126282
0.9999923222820786 -0.0005700120284686969 0.0038769141314947304 0.002067441353574395 0.0005690969941477584 0.9999998099512499 0.00023712038128157975 -0.017453107982873917 -0.003877048556161571 -0.00023491222055937623 0.9999924566269196 0.5557727217674255
0.9999942651590209 -0.000785671633520224 0.0032942934225439315 0.0017478519584983587 0.0007851769651284918 0.9999996802799954 0.00015144979448853101 -0.018925270065665245 -0.0032944113590998554 -0.00014886232263628752 0.9999945623321188 0.4831002354621887
0.9999965771693725 -0.0009459704532416049 0.0024394239977618996 0.0009898566640913486 0.0009459009024949098 0.9999995521956437 2.9664705951609073e-05 -0.02016562782227993 -0.002439450967312541 -2.7357151053294265e-05 0.9999970241608543 0.43850815296173096
0.9999974600909419 -0.0008875669735736975 0.002071723082903137 0.000443129101768136 0.0008874458908476385 0.9999996044577771 5.936396071320193e-05 -0.02002408355474472 -0.0020717749529401337 -5.752526779724381e-05 0.9999978522173874 0.44195377826690674
0.999996053629878 -0.0007466630336970371 0.0027083609405427833 0.000942781800404191 0.0007462347313860245 0.999999708902798 0.00015914787113057607 -0.01909085176885128 -0.0027084789819787564 -0.00015712617007521013 0.9999963197197131 0.4775775074958801
0.9999924572175296 -0.0005377947412632269 0.003846593930184726 0.002108571585267782 0.0005366488816395305 0.999999811328777 0.0002989153531542441 -0.01716582477092743 -0.0038467539595481532 -0.0002968488281700031 0.999992557154676 0.571635365486145
0.9999923677325417 -0.00048412352904050367 0.003876867430528813 0.002051069401204586 0.00048211101769886534 0.999999748571286 0.0005200253182344957 -0.016424762085080147 -0.0038771182122652745 -0.000518152268759766 0.9999923497070339 0.6331567168235779
0.9999926017089021 -0.0004292916555279152 0.0038225954710633466 0.0016982522793114185 0.00042768672420278567 0.9999998200640244 0.00042066136560186466 -0.017457926645874977 -0.0038227753696549577 -0.00041902338009165685 0.9999926053765997 0.5898555517196655
0.9999929132534434 -0.00042524118484507444 0.0037406701038049483 0.0016366334166377783 0.0004235013438119801 0.9999998017943978 0.0004658945980899175 -0.017236333340406418 -0.003740867479954083 -0.0004643071175972602 0.9999928951394593 0.6078870892524719
0.9999924444127285 -0.00040453793518119584 0.0038661953540027995 0.001872764783911407 0.00040268359066521203 0.9999998035324418 0.0004803967152080249 -0.017040591686964035 -0.003866388933116076 -0.0004788362321013552 0.9999924108474428 0.6104331016540527
0.9999923165662226 -0.00040909775888749644 0.0038986468862506067 0.0018790416652336717 0.00040710506211043935 0.9999997861092937 0.0005119051039662223 -0.016809673979878426 -0.003898855471597066 -0.0005103140118944819 0.999992269222928 0.6187506318092346
0.9999930099337427 -0.0005536683838409601 0.003697774327129517 0.0015877351397648454 0.0005516480793197386 0.9999996980436819 0.0005473544935748733 -0.016249166801571846 -0.0036980762634410413 -0.000545310797425378 0.9999930134096358 0.6880298852920532
0.9999933580115807 -0.0006479309418638887 0.0035866583635736 0.0017602000152692199 0.0006457642530010648 0.9999996083474024 0.0006052219190217697 -0.016146566718816757 -0.003587049100857564 -0.0006029017633858694 0.9999933847722252 0.6924523115158081
0.9999924759957984 -0.0006337052196458865 0.003827057549521551 0.001274225302040577 0.0006312785263090488 0.9999995989639451 0.0006352632300459073 -0.015943720936775208 -0.0038274585843582182 -0.0006328425110727334 0.999992475007258 0.7373418211936951
0.9999947323417739 -0.0008863108990381975 0.0031224576368739233 0.000320804538205266 0.0008838613078444728 0.9999993006535238 0.0007858000075433976 -0.015965741127729416 -0.0031231519163053274 -0.0007830360487269076 0.9999948163748921 0.7659724950790405
0.9999933249888463 -0.0008093702406278251 0.003562989975461666 0.0012831997592002153 0.0008070310800607972 0.9999994579308035 0.0006579049590249857 -0.015946529805660248 -0.0035635205327695495 -0.0006550251238539035 0.9999934361102075 0.7256932854652405
0.9999935697558031 -0.0005919926241113177 0.0035369466745903927 0.001402579015120864 0.0005899710925433707 0.9999996620527444 0.0005725631032006114 -0.015936382114887238 -0.0035372844324229034 -0.000570472725186164 0.9999935810692556 0.7309499979019165
0.9999949718256769 -0.0010790498510991548 0.0029819414451293922 -0.0001717733684927225 0.0010764441651572026 0.9999990375682658 0.0008752888100158525 -0.015689855441451073 -0.002982883055474433 -0.0008720745154416829 0.9999951709356983 0.7808708548545837
0.9999954937549057 -0.0009051179216304407 0.002862382125050914 -0.00018325820565223694 0.0009031799036490733 0.9999993620976289 0.0006782848933821559 -0.01576998084783554 -0.002862994226943542 -0.0006756965908522724 0.9999956733397266 0.7729759216308594
0.9999946570267104 -0.0007124533126005823 0.003190349245697805 0.001182197593152523 0.0007102778008154204 0.9999995145183035 0.0006829850682884304 -0.01591457799077034 -0.003190834291815999 -0.0006807153848713858 0.9999946775873797 0.7344020009040833
0.999994040511619 -0.0007774015488294529 0.003363716408754986 0.0009412085637450218 0.0007753244365619337 0.999999508000763 0.0006187651010364878 -0.01586310751736164 -0.0033641957827569868 -0.0006161534419836855 0.9999941512537318 0.7356791496276855
0.9999946033518691 -0.0007770103799213089 0.003192103069649951 0.0006787294987589121 0.0007749397318810179 0.9999994885724935 0.0006498639572728252 -0.01593608595430851 -0.0031926063881609758 -0.0006473867626887838 0.9999946940633383 0.7508752346038818
0.9999952677004915 -0.001073596885791871 0.002883048100344238 -0.0002667864318937063 0.0010713048772014193 0.9999991090088561 0.000796421592967589 -0.015602119266986847 -0.002883900567315901 -0.0007933292005709711 0.9999955268631441 0.7848777174949646
0.999994721859111 -0.0007506158914186477 0.003161143733317982 0.0008097500540316105 0.0007485063898926426 0.9999994964546252 0.0006684524517994679 -0.01586582325398922 -0.003161643892571654 -0.0006660827873294922 0.999994780157185 0.7469056844711304
0.9999936089781762 -0.0006285427897366175 0.0035195080286784582 0.001132141100242734 0.0006263353719965624 0.9999996064953219 0.0006282620498492681 -0.01593935489654541 -0.003519901533317082 -0.0006260536422424092 0.999993609154595 0.7451814413070679
0.9999938007227951 -0.0007391983049579705 0.0034426881713427475 0.0013523490633815527 0.0007369639386704656 0.9999995170351064 0.0006502412687429081 -0.01588389277458191 -0.003443167165888889 -0.000647700100682666 0.9999938625233895 0.7210133075714111
0.9999928072620387 -0.0006244594962638091 0.003741052595834666 0.0019146365812048316 0.0006222703244486254 0.9999996345095984 0.0005863107647988584 -0.016235895454883575 -0.00374141735584069 -0.0005839786016065738 0.9999928303568792 0.6872951984405518
0.9999937482642072 -0.0006605879250188442 0.003473766845188366 0.0004422706551849842 0.0006580944649702091 0.9999995250534209 0.000718891234983359 -0.015918774530291557 -0.003474240086203918 -0.0007166006739318787 0.9999937080498544 0.7708178758621216
0.9999956439863741 -0.0008167339667051618 0.0028363627949038756 -0.00023265019990503788 0.0008143276782193524 0.9999993076757184 0.0008494224602874393 -0.0159970261156559 -0.002837054583396441 -0.0008471090314622664 0.9999956167541832 0.7834909558296204
0.9999934197670746 -0.0007466597249068942 0.003550059408882696 0.0015094727277755737 0.0007443401584986247 0.9999995086860084 0.0006546643951093312 -0.015927191823720932 -0.0035505464762259956 -0.0006520176354820361 0.9999934842251339 0.7210482358932495
0.9999924518020978 -0.0006405623834961318 0.0038322341606297212 0.0014621471054852009 0.0006381317421061825 0.9999995944946465 0.0006354513531998057 -0.01595936343073845 -0.0038326396528716544 -0.000633001086426153 0.9999924550629948 0.7294877171516418
0.9999919109854348 -0.0005340260594950161 0.003986574954263884 0.002247554250061512 0.0005319163894108054 0.9999997179577835 0.0005302351442000713 -0.016410067677497864 -0.0039868569892661096 -0.0005281103305644794 0.9999919130027132 0.6704379916191101
0.9999921727419042 -0.0004797826391600729 0.003927373619198604 0.0021216394379734993 0.0004779267036561676 0.9999997736971419 0.00047348889198952433 -0.016308877617120743 -0.003927599902172942 -0.00047160818914191143 0.9999921757417527 0.6606290936470032
0.9999928707207373 -0.0006710082044915775 0.0037159461363716843 0.0016687421593815088 0.0006687560115340977 0.999999591977142 0.0006072980706234524 -0.015913063660264015 -0.0037163521221686814 -0.0006048086797086757 0.9999929114415588 0.7130014896392822
0.9999929198618867 -0.0006613420257538038 0.0037044369104591007 0.001884517609141767 0.0006590839941084471 0.999999596305147 0.0006107354843333142 -0.016130879521369934 -0.003704839320039395 -0.0006082896251668661 0.9999929520498356 0.6950206756591797
0.9999924401180201 -0.00039503113860724044 0.0038682886665006564 0.0021010576747357845 0.00039328313132775994 0.9999998202265198 0.0004526315351225655 -0.01670275256037712 -0.0038684667746356296 -0.0004511067806019386 0.9999924157049822 0.6294265985488892
0.9999925919909772 -0.00042957065766582495 0.003825105517080794 0.0020321165211498737 0.00042766183581813543 0.999999783638353 0.0004998285718591322 -0.016669759526848793 -0.003825319401162998 -0.0004981890174769292 0.9999925593419091 0.6454404592514038
0.99999224221535 -0.0006463719200279881 0.0038855774935111563 0.0017789341509342194 0.000644115752597473 0.9999996232680557 0.0005818751103636382 -0.015863673761487007 -0.0038859521374222943 -0.0005793678346303299 0.9999922818246639 0.7150140404701233
0.9999930168449384 -0.0007433305373039794 0.0036624747195608052 0.0015479841968044639 0.0007408993585221393 0.9999995043418267 0.0006651197197564487 -0.01595633290708065 -0.0036629673080239337 -0.000662401549951985 0.9999930719233444 0.7202264070510864
0.9999945196425327 -0.0006743638934790719 0.003241283424689625 -0.00013298355042934418 0.0006717992246911167 0.9999994604932013 0.0007922746417009714 -0.016048293560743332 -0.003241815957407263 -0.000790092808061012 0.9999944331758316 0.7894389629364014
0.9999971755178348 -0.0008301809537814087 0.002227050950656245 -0.0019449223764240742 0.0008279022293714545 0.9999991330727943 0.001023929469556605 -0.016094399616122246 -0.0022278990667088288 -0.0010220827970391078 0.9999969959017401 0.8451501131057739
0.9999956719545688 -0.0008084450378594225 0.0028288670436730826 -0.00036050984635949135 0.0008059477835568754 0.9999992846690218 0.0008838040589364164 -0.01599413901567459 -0.002829579527102741 -0.0008815203146684717 0.9999956081911732 0.7853964567184448
0.9999949709528604 -0.0007627675708645176 0.003078352582297215 -8.894037455320358e-05 0.0007601648716998825 0.9999993527375536 0.0008465659111926725 -0.016049083322286606 -0.0030789963228188486 -0.0008442215982770292 0.9999949035227816 0.7790988683700562
0.9999949680257767 -0.0007338526073100251 0.003086321998214454 -0.00022527179680764675 0.0007312802820418996 0.9999993844145026 0.0008345057010002477 -0.016046801581978798 -0.0030869325025038854 -0.0008322445353677446 0.9999948890953185 0.7873238325119019
0.9999948035858035 -0.0008225387132787052 0.0031170870143946237 0.00043105799704790115 0.0008201146727385129 0.9999993603938818 0.0007788605463099829 -0.015862097963690758 -0.003117725663638284 -0.0007763001302312751 0.9999948385590767 0.7576451897621155
0.9999953065332754 -0.0007505655696265109 0.0029704482399636255 -0.00013231812044978142 0.0007482143939606007 0.999999406016265 0.0007925543121262095 -0.015831926837563515 -0.0029710413395444266 -0.0007903280601692623 0.9999952741362911 0.7829288244247437
0.9999935321625469 -0.0006365671439247523 0.003539832671800014 0.001636733184568584 0.0006344516947401008 0.9999996195124601 0.0005987035845229975 -0.016087595373392105 -0.003540212439968646 -0.0005964538593678104 0.9999935555485713 0.6949822306632996
0.999993092810135 -0.0006023552858998483 0.003667628679399696 0.0016040779883041978 0.0006001984700574925 0.9999996463375869 0.0005891404734775002 -0.01597261056303978 -0.003667982254175624 -0.0005869350990502782 0.9999931006828859 0.7041680812835693
0.9999934594955048 -0.0007090535739884465 0.0035465771162756904 0.0012966624926775694 0.0007066900116833423 0.9999995274205483 0.0006676435482783903 -0.015788359567523003 -0.0035470488352802782 -0.0006651328509290248 0.9999934880002224 0.7298595309257507
0.999993415137874 -0.0006982054722421345 0.003561206257710499 0.0015783992130309343 0.0006959157909452758 0.9999995503860976 0.0006441496834224615 -0.01606122963130474 -0.0035616544053765644 -0.0006416671421160538 0.9999934514191456 0.7055774331092834
0.9999937023324771 -0.0007118373536585269 0.0034768639557804185 0.0011899878736585379 0.0007095873896130971 0.9999995380864188 0.0006483152669230164 -0.015662064775824547 -0.0034773238447936804 -0.0006458440452305933 0.9999937455326146 0.7347277998924255
0.9999938867472019 -0.0007003757899105592 0.003425776113159257 0.0014251910615712404 0.0006981764255319529 0.9999995494483239 0.0006431584783499689 -0.01596185192465782 -0.0034262250222973985 -0.0006407627504382431 0.9999939251841455 0.7115055918693542
0.9999954246047581 -0.0006540612181177024 0.0029534680414860163 -0.000893020536750555 0.0006515123406893405 0.9999994146115366 0.0008638913436999036 -0.01601719669997692 -0.00295403135038448 -0.0008619631701787005 0.9999952653479285 0.8181142210960388
0.9999975240052457 -0.00082510891865458 0.0020666830068213605 -0.00263039069250226 0.0008229020469038873 0.9999990906170747 0.0010684555418483516 -0.01613873988389969 -0.0020675627196118872 -0.00106675221868142 0.9999972936083901 0.8754581809043884
0.9999978279461054 -0.0009410475245151512 0.001859713050007229 -0.0024198624305427074 0.0009390440639869818 0.9999989781901073 0.0010778752188720473 -0.016073886305093765 -0.0018607254815404925 -0.0010761265251686516 0.9999976898235238 0.8616478443145752
0.9999972306642134 -0.0007789465314659794 0.0022207895454475993 -0.0022810576483607292 0.0007766898783318046 0.9999991814040113 0.001016830438243438 -0.016117814928293228 -0.0022215797840611446 -0.0010151027575366625 0.9999970170703785 0.8645684123039246
0.9999984684950822 -0.0010389615926294875 0.001408391386979587 -0.003466955851763487 0.001037273063182001 0.9999987431025397 0.0011991071400387953 -0.01606840267777443 -0.0014096354430399778 -0.001197644417152182 0.9999982892864205 0.8968770503997803
0.9999974305691298 -0.0008460581413871156 0.002103102650774435 -0.001927906647324562 0.0008440383087785141 0.9999991819348584 0.000961108187120636 -0.015837213024497032 -0.0021039140837059347 -0.0009593306184150432 0.999997326611573 0.848096489906311
0.9999981103865477 -0.0009147764234692737 0.0017153446968649557 -0.002876404207199812 0.0009129262457396698 0.999999001078745 0.0010790770048076776 -0.01596670038998127 -0.001716330097573784 -0.001077508982574995 0.9999979465905862 0.8828462958335876
0.9999986421536795 -0.0008559957607950382 0.0014081768548806068 -0.004213715437799692 0.0008542529008488709 0.9999988690417156 0.0012378074449862929 -0.01635122299194336 -0.001409234820216916 -0.0012366028250708181 0.9999982424337927 0.9371126294136047
0.9999988599612706 -0.000953619066108063 0.001170763355961524 -0.004692997317761183 0.0009520780389451885 0.9999986806988336 0.0013161109374666983 -0.01636647805571556 -0.0011720168798551448 -0.0013149947789692447 0.9999984485813788 0.9480847120285034
0.9999987058764692 -0.0009092043377684164 0.0013272501116587412 -0.004649083595722914 0.0009074717419925902 0.9999987361838204 0.0013054216940642412 -0.016499286517500877 -0.001328435329325436 -0.0013042155627164226 0.9999982671391694 0.9501478672027588
0.9999990334824307 -0.0009469536206273819 0.0010179946191843606 -0.005872951354831457 0.0009454471233659074 0.9999984588526185 0.0014793316479843014 -0.016928985714912415 -0.0010193939087647862 -0.0014783677580999632 0.9999983876311154 0.9997862577438354
0.9999990759268789 -0.001039870214571986 0.0008756799216202079 -0.0058151124976575375 0.001038582852198633 0.9999983812464196 0.001469302623540142 -0.016764050349593163 -0.0008772063881446113 -0.0014683917996464715 0.9999985371661677 0.9904720783233643
0.9999990300564957 -0.0010262861233472581 0.0009416065317545501 -0.0058043827302753925 0.0010248918832336733 0.9999983796071434 0.0014799931469355045 -0.016807880252599716 -0.0009431239024114014 -0.0014790266665341706 0.9999984614975287 0.9929541945457458
0.9999990569501854 -0.0009826693998043706 0.0009594058529977935 -0.006188665982335806 0.0009811831304220762 0.9999983198677066 0.0015483996346587349 -0.017069000750780106 -0.0009609258060086848 -0.0015474568216025566 0.9999983409981142 1.0133755207061768
0.9999991699224132 -0.0009718172472235188 0.0008460057459681791 -0.006732383277267218 0.0009704507823813408 0.9999982264346132 0.0016141105621295406 -0.017277760431170464 -0.0008475728660048744 -0.0016132882153544665 0.9999983394593067 1.0348169803619385
0.999999080113598 -0.001075288133719002 0.0008267571514749407 -0.006076953839510679 0.0010740181108020608 0.999998245032762 0.001535062374587952 -0.016867704689502716 -0.0008284063348991389 -0.001534173010351028 0.9999984800269042 1.001250982284546
0.9999989907908061 -0.0009110157290431108 0.0010901686616123015 -0.005645505618304014 0.0009094254299983421 0.999998523047336 0.0014583718778104944 -0.016855619847774506 -0.0010914956512042718 -0.0014573789789043296 0.9999983423405038 0.9924908876419067
0.9999991430120984 -0.0010557951552338538 0.0007741263843002896 -0.006570237223058939 0.0010545592837718327 0.9999981717046968 0.0015951463821527634 -0.01710144616663456 -0.0007758091167908229 -0.001594328652966236 0.9999984281169448 1.0232421159744263
0.9999991838520798 -0.0009568703748064021 0.0008465779704916686 -0.0070889596827328205 0.0009554420634929237 0.9999981223372484 0.0016859574255655386 -0.01746802031993866 -0.0008481896236174557 -0.0016851471933718581 0.999998220425066 1.0510566234588623
