0.9999994046177227 9.050590365745538e-05 -0.0010874616688930803 -0.0031151422299444675 -9.059953522253974e-05 0.9999999921933824 -8.605207240728654e-05 -0.013774565421044827 0.0010874538721831082 8.615054469518175e-05 0.9999994050109027 0.644228458404541
0.9999979646543256 0.00010472053084729673 -0.0020148748886274284 -0.003658910747617483 -0.00010495058156038195 0.9999999879866157 -0.00011407078509850446 -0.012414415366947651 0.002014862918868792 0.00011428201521635829 0.9999979636314462 0.5974403619766235
0.9999998172439758 0.00020189920924754216 -0.0005698672865087861 -0.0015968175139278173 -0.0002020221987627267 0.9999999563147327 -0.00021577201805170237 -0.012891399674117565 0.000569823697414159 0.00021588710446028965 0.9999998143468387 0.5972985625267029
0.9999700564831071 0.0010873366736869363 -0.007661842867730663 -0.008434263989329338 -0.0010895939426338282 0.9999993642135467 -0.00029044369933033153 -0.006647453643381596 0.007661522186348837 0.0002987833000026057 0.9999706054711447 0.4014183282852173
0.99998064667894 0.0006168851037009211 -0.00619077703826767 -0.006984645500779152 -0.0006192823886211108 0.9999997340067819 -0.00038532543197799954 -0.00795808620750904 0.006190537690043898 0.000389151813842881 0.9999807627169504 0.4687226414680481
0.9999676908728456 0.0005864452088573803 -0.008017062582149515 -0.009505406953394413 -0.0005888706279885021 0.9999997815631685 -0.0003001749470830304 -0.00680617056787014 0.008016884794768229 0.00030488626136987 0.99996781778343 0.47752413153648376
0.999943416402099 0.0011988179621458784 -0.010570091276402785 -0.012678398750722408 -0.001198797611257784 0.9999992814077614 8.261206694255862e-06 -0.004507955629378557 0.01057009358450021 4.410660927470302e-06 0.9999441349906306 0.4323570132255554
0.9999584986646713 0.0010637509206182897 -0.00904817010644668 -0.009952753782272339 -0.0010671952200267175 0.9999993599180428 -0.0003758428753553891 -0.005826334469020367 0.009047764511671582 0.0003854834412617766 0.9999589938391762 0.38155877590179443
0.9998877746333649 0.0017377151069496964 -0.01488013726228333 -0.016184508800506592 -0.0017412395531791903 0.9999984589748628 -0.00022390336770245105 -0.002177247777581215 0.01487972525135321 0.00024978812362274304 0.9998892595594462 0.26477062702178955
0.9999630984307255 0.0011569260098544033 -0.008512537755026845 -0.009884449653327465 -0.001157888334477998 0.9999993238020626 -0.00010812040597948301 -0.007700156886130571 0.008512406911556502 0.00011797298433018088 0.9999637618488716 0.39577075839042664
0.999994378133824 0.0004616909831538693 -0.00332122600591546 -0.00448567746207118 -0.00046209868654640656 0.9999998857915453 -0.00012199057331645681 -0.012004239484667778 0.0033211693046556407 0.00012352462167683622 0.9999944772728084 0.5215973854064941
0.9999999246919951 0.0001604572690220738 -0.0003533687430329389 -0.0016273560468107462 -0.00016050948862892284 0.999999976202858 -0.00014775312942511955 -0.014085402712225914 0.0003533450265601358 0.00014780983733436782 0.9999999266497692 0.6271926760673523
0.9999996746299332 -0.00014753318479929917 0.0007930788023242818 -0.001112291356548667 0.00014775189207148661 0.9999999510743706 -0.00027571839728603777 -0.015237784013152122 -0.000793038085909143 0.00027583548646912967 0.999999647502627 0.6891781091690063
0.9999996141172702 0.00017690715591656524 -0.000860505182402508 -0.0022303499281406403 -0.00017703215139293953 0.9999999737905751 -0.00014518424980364587 -0.013509264215826988 0.0008604794757164454 0.00014533653086327674 0.9999996192261098 0.6053404808044434
0.9999999925569961 0.00011850799229379369 -2.9014885490180966e-05 -0.0012012107763439417 -0.00011851169302597706 0.9999999848394792 -0.00012757750653594362 -0.013956425711512566 2.8999766096138768e-05 0.0001275809441895861 0.9999999914410582 0.6324803829193115
0.9999998127250532 -7.198439837913761e-05 0.0006077566162892737 -0.0010505965910851955 7.207906090947638e-05 0.9999999852753234 -0.00015573683469107387 -0.015261568129062653 -0.0006077453967179035 0.00015578061205163008 0.9999998031889473 0.7002397179603577
0.9999998311005955 -2.8018401724152616e-05 0.0005805288533127429 -0.0007213748758658767 2.808992239216457e-05 0.9999999920174207 -0.00012319137436804728 -0.014461643062531948 -0.0005805253970532094 0.00012320766057153347 0.9999998239050524 0.6688863635063171
0.9999997525937838 -9.684860893418569e-05 0.0006967300179510602 -0.0007345432532019913 9.695229252066336e-05 0.999999984232033 -0.00014878234655133144 -0.015063428319990635 -0.0006967155976017469 0.00014884985931416236 0.9999997462155155 0.6926916837692261
0.9999997812850663 -0.00012920999196423393 0.0006486405767901452 -0.0009552041301503778 0.00012936922988514185 0.9999999615067658 -0.00024545889562401716 -0.015337217599153519 -0.0006486088360799403 0.0002455427560703826 0.9999997595076375 0.6973927021026611
0.9999994524368386 8.121882387863036e-05 -0.0010433261835558038 -0.0026316139847040176 -8.138654160966423e-05 0.9999999837740269 -0.00016071146996891167 -0.012740192003548145 0.0010433131138302468 0.00016079629467908153 0.9999994428209937 0.6040806174278259
0.9999998108278199 -0.00010728111684915462 0.0006056691228851436 -0.0015877350233495235 0.00010736455836546992 0.9999999847507319 -0.00013773665972742664 -0.015702681615948677 -0.0006056543371064462 0.00013780166106937663 0.9999998070967444 0.724416971206665
0.999999965298544 -0.00020183576255520394 -0.00016930810986966698 -0.003909580875188112 0.00020187869637385683 0.9999999474646966 0.0002536051976733478 -0.021087175235152245 0.00016925691437655365 -0.0002536393685733842 0.9999999535095828 0.9740687608718872
0.9999999810054128 -0.00016867353476178888 -9.766479636213344e-05 -0.0030238351318985224 0.00016865694332235127 0.999999971350393 -0.0001698647946247951 -0.018740374594926834 9.769344525941636e-05 0.00016984831955225884 0.9999999808037692 0.8322550654411316
0.9999999234057034 -0.00025600613693234895 0.0002960564889418226 -0.002454424276947975 0.00025603717238516883 0.999999961731345 -0.00010479634800181042 -0.018049243837594986 -0.0002960296491039224 0.00010487214144130282 0.9999999506841389 0.8112901449203491
0.9999996362572452 -0.0004130748059133317 -0.0007462268968463511 -0.005631749052554369 0.0004134442976034348 0.9999997919895905 0.0004950601863269062 -0.028185997158288956 0.0007460222447330065 -0.0004953685295075699 0.9999995990303346 1.2685351371765137
0.9999995411329955 -0.0002914850683787426 0.0009125624655166939 -0.004364239517599344 0.00029134187081614047 0.9999999452280606 0.0001570470953897824 -0.03289373219013214 -0.0009126081924172162 -0.00015678115567011193 0.9999995712828863 1.3449513912200928
0.9999990904952152 -0.0005465839842667331 -0.0012329860870052202 -0.005191144533455372 0.0005469486907684363 0.9999998067712634 0.0002954734597770515 -0.030796322971582413 0.0012328243476959864 -0.00029614757116854917 0.999999196220049 1.297326683998108
0.9999998678349172 -0.00024828312672840497 0.0004502062161067938 -0.002062023850157857 0.0002483731680703133 0.9999999491643142 -0.00019995534062027196 -0.018742728978395462 -0.0004501565476830768 0.0002000671333373372 0.999999878666105 0.8319091796875
0.9999991830908705 -0.0005865413152338695 -0.0011356878431472964 -0.006674591451883316 0.0005870000495342047 0.9999997462547453 0.00040363521497310156 -0.03178253397345543 0.0011354508062420305 -0.00040430153405999233 0.9999992736456043 1.385076642036438
0.999999751923714 -0.000315420204426227 -0.0006298115633225499 -0.00571018923074007 0.0003154062587252658 0.9999999500120947 -2.2241856763064455e-05 -0.028635956346988678 0.0006298185473705962 2.2043204736497757e-05 0.9999998014213277 1.1918905973434448
0.9999998913229136 -0.00031958489402292745 0.0003394402107880099 -0.004349726252257824 0.00031945747968050765 0.9999998785281409 0.0003753539961011998 -0.033284906297922134 -0.0003395601270226415 -0.00037524551859458054 0.9999998719448524 1.3584773540496826
0.9999990763506396 -0.000670246782454033 -0.0011823988829426087 -0.006917324848473072 0.0006704684632585121 0.9999997577332486 0.00018709752555914867 -0.0346490740776062 0.001182273194972161 -0.00018789011390864393 0.9999992834634421 1.4531173706054688
0.9999996352646731 -0.0004647054536710462 -0.0007166026530619978 -0.00563074229285121 0.0004650277045977116 0.9999997908082957 0.0004495915913550578 -0.028386369347572327 0.00071639357549024 -0.0004499246674599837 0.9999996421739554 1.2676730155944824
0.9999998758736743 -0.00021004789286316935 0.0004518102683285416 -0.0021785632707178593 0.0002101370323054444 0.999999958466337 -0.0001972555496036816 -0.019289374351501465 -0.00045176881645065634 0.0001973504671880267 0.9999998784788574 0.8550045490264893
0.999999428833524 -0.001066933653578217 6.312847709081158e-05 -0.00543724512681365 0.0010669108729444597 0.9999993661218862 0.0003598013548808801 -0.03538985922932625 -6.351232124917704e-05 -0.00035973379691580753 0.999999933278888 1.5334022045135498
0.9999988491593886 -0.0014937836740396145 0.00026512305385736646 -0.007169404067099094 0.0014937866556747304 0.9999988842390559 -1.1048568608152936e-05 -0.03765707463026047 -0.00026510625387200917 1.1444593172975349e-05 0.9999999647938472 1.6168204545974731
0.9999990916137651 -0.0013289598217091998 0.00022502763613304136 -0.0035169299226254225 0.0013288159258280508 0.9999989133428637 0.0006384053000752265 -0.038054369390010834 -0.00022587580659892085 -0.0006381056998499945 0.9999997709005918 1.5955941677093506
0.9999993961368374 -0.0006054773181879509 -0.0009171276781904512 -0.004637768026441336 0.0006060175958884054 0.9999996429494763 0.0005889342864580807 -0.03444942459464073 0.0009167707643771796 -0.0005894897263330195 0.9999994060164379 1.4293489456176758
0.9999993797021642 -0.0010516360332241397 0.0003669563196188602 -0.002874799305573106 0.0010515155090575093 0.9999993932073958 0.0003284813151136964 -0.023287348449230194 -0.00036730153973969375 -0.0003280952510962216 0.9999998787215353 1.0086556673049927
0.9999998592298898 8.332671368651959e-05 0.0005240199041893993 -0.005050077568739653 -8.295672288548141e-05 0.9999997473095716 -0.0007060445987725188 -0.018231218680739403 -0.000524078604150717 0.0007060010284085643 0.9999996134520078 0.8664888143539429
0.999999283987767 -0.0011553835958222484 -0.0003116291057426796 -0.00716147618368268 0.0011554272456587857 0.9999993227040413 0.00013992618895966092 -0.03298024833202362 0.0003114672262541958 -0.0001402861535301133 0.9999999416539793 1.4418349266052246
0.9999985247993304 -0.0017012254710832625 -0.00023713089094540285 -0.005565168336033821 0.0017013371348819583 0.9999984415726014 0.0004714915924903525 -0.04117433726787567 0.00023632840788757919 -0.0004718943365362326 0.9999998607322996 1.7115992307662964
0.9999992765443069 -0.001202750466907711 -1.7383262771973403e-05 -0.0071295988745987415 0.0012027536490885312 0.9999992597223475 0.00018422382375761829 -0.04079047963023186 1.7161674613492443e-05 -0.00018424459826257616 0.9999999828797026 1.730986475944519
0.9999990435390906 -0.00113347981826749 -0.000792555616799203 -0.005746061913669109 0.0011339472810758975 0.9999991832575473 0.0005896166569784318 -0.03919012099504471 0.0007918866509041853 -0.0005905148093199187 0.9999995121037771 1.6583831310272217
0.9999994350379825 -1.608004332912277e-05 0.0010628570685082676 -0.003486303146928549 1.6153566413196435e-05 0.9999999974775357 -6.916640126100013e-05 -0.026279941201210022 -0.0010628559536285192 6.918353111685441e-05 0.9999994327752696 1.074615716934204
0.9999999313122775 -3.0861707325237594e-05 -0.00036935483686618265 -0.002621768042445183 3.070576282629459e-05 0.9999999103996043 -0.0004222060394656137 -0.016689572483301163 0.00036936783377106397 0.00042219466914322285 0.9999998426595201 0.7484177947044373
0.9999995949663838 -0.0003913688492480702 -0.0008104921295484254 -0.005351093597710133 0.00039175932998144764 0.999999807254696 0.00048167955980615493 -0.027094829827547073 0.0008103034589548459 -0.00048199688256336814 0.999999555543556 1.215645670890808
0.9999993075811187 -2.9550675164722548e-05 0.0011764200104599559 -0.0038538076914846897 2.9490850308590697e-05 0.9999999982712345 5.087062829188612e-05 -0.02899596467614174 -0.0011764215116876137 -5.083589944167408e-05 0.9999993067238288 1.177147388458252
0.9999998842161412 -8.952358265434795e-05 -0.00047281416271885695 -0.0037772939540445805 8.945809209297686e-05 0.9999999864031228 -0.00013853159887678823 -0.01973482221364975 0.0004728265581351031 0.00013848928578415377 0.9999998786278744 0.8670618534088135
0.999999992647168 -0.00011077340184677662 -4.9344881903710765e-05 -0.002859041327610612 0.00011076006748506906 0.9999999573759493 -0.0002701486756549392 -0.017830055207014084 4.9374805088238716e-05 0.0002701432082261317 0.9999999622923871 0.7848867177963257
0.9999999127027893 0.00017801462817314178 -0.00037802804932412815 -0.001568791689351201 -0.0001780817735115308 0.999999968373669 -0.00017759375902537546 -0.013909325003623962 0.00037799642308150913 0.00017766106342739638 0.9999999127776217 0.607741117477417
0.9999938542438502 0.0005531988661661346 -0.003462000222914438 -0.004609821829944849 -0.0005541403539614116 0.9999998097448609 -0.0002709957747854178 -0.012580513954162598 0.003461849649695757 0.00027291254334040863 0.999993970539696 0.5024228096008301
0.9999913469946867 0.0006575830189266578 -0.00410773907709656 -0.005184310954064131 -0.0006588613340806778 0.9999997349469203 -0.0003098513060132045 -0.012086363509297371 0.0041075342353704405 0.0003125550553165984 0.9999915151999256 0.47151777148246765
0.9999813065916897 0.0010135259902626802 -0.0060298617101851235 -0.006875911261886358 -0.0010159648994950952 0.9999994033374746 -0.00040142249275936377 -0.010234386660158634 0.00602945126026312 0.00040754111665115925 0.9999817396471489 0.39667800068855286
0.9999997405574204 0.0001783305842224905 -0.0006979135296608312 -0.0015799880493432283 -0.00017839813417724695 0.9999999794089603 -9.672737356052286e-05 -0.013500867411494255 0.0006978962658410287 9.685185493683209e-05 0.9999997517802294 0.6169427633285522
0.9999999864456808 -7.464072689932898e-06 0.0001644777361060571 -0.0010445594089105725 7.489140723330994e-06 0.9999999883575827 -0.00015240979953405943 -0.014238519594073296 -0.00016447659659331632 0.0001524110292651599 0.9999999748591633 0.6502076983451843
0.9999999786296804 -1.5554531693839358e-05 0.00020615211731719096 -0.001036220695823431 1.558682515482305e-05 0.9999999876092246 -0.00015664801817813416 -0.01451067440211773 -0.00020614967817624282 0.00015665122808752383 0.9999999664813509 0.662559449672699
0.9999999967110481 7.556508990419428e-05 -2.945880117806749e-05 -0.0011223400942981243 -7.557255975484027e-05 0.999999964975027 -0.00025365080919462197 -0.013474591076374054 2.943963300007271e-05 0.000253653034637389 0.9999999673967225 0.6108247637748718
0.999992648406345 0.0007094555369148909 -0.00376826300906281 -0.004724801052361727 -0.0007107235773758324 0.9999996912641888 -0.00033517685503713085 -0.012009329162538052 0.0037680240525894203 0.0003378525843193842 0.9999928438995804 0.4752054810523987
0.999991702634818 0.0005265507883635033 -0.004039480880659767 -0.005152007564902306 -0.0005277655371845933 0.9999998158339991 -0.0002996589824811315 -0.011726156808435917 0.004039322351051262 0.000301788394898052 0.9999917963657048 0.4871635138988495
0.9999605852807147 0.001411117934777424 -0.008765650644656942 -0.009133744984865189 -0.0014170413126652086 0.9999987718310047 -0.0006695747904468331 -0.0075834933668375015 0.008764695029961123 0.0006819696884402966 0.9999613567725382 0.2438390552997589
0.999944891664238 0.0017778843641051377 -0.010346630455522652 -0.010433154180645943 -0.001786168496738034 0.9999980915833917 -0.0007914743682884405 -0.005406821612268686 0.01034520355993728 0.0008099115768202506 0.9999461589538414 0.1701006293296814
0.9999384231112518 0.0018748566646869295 -0.010937773917504764 -0.010909618809819221 -0.0018835168515039368 0.9999979207921571 -0.0007815213580514984 -0.004365108907222748 0.01093628593507271 0.0008020747158893395 0.999939875355562 0.14753907918930054
0.9999419037549132 0.0018299783687853028 -0.010622631226295481 -0.010675122030079365 -0.0018392405268498836 0.9999979368804713 -0.0008622233385638468 -0.004864267539232969 0.010621031460478917 0.0008817108204786337 0.9999432065256231 0.13528090715408325
0.999947983075208 0.0016528261210521835 -0.010064755816067424 -0.010546980425715446 -0.0016597345942659975 0.9999983927372211 -0.000678088527419481 -0.006491732783615589 0.010063618876929518 0.0006947580787503148 0.9999491191487254 0.22148633003234863
0.9999777000053302 0.0011380833323264943 -0.006580597114135885 -0.007642065174877644 -0.00114101064208132 0.9999992517614404 -0.000441102339358664 -0.010314451530575752 0.006580090179059106 0.0004486010341173262 0.9999782503486502 0.3974822461605072
0.9999999926882428 8.112244158179828e-05 8.968089869884273e-05 -0.0013684825971722603 -8.110728990145021e-05 0.9999999824401443 -0.0001689417602446197 -0.014357246458530426 -8.969460209213528e-05 0.0001689344852347092 0.9999999817080087 0.6424729824066162
0.9999996928428068 -7.634119987510198e-05 0.0007800553268275252 -0.001146090915426612 7.649594334695533e-05 0.9999999774034017 -0.00019834708552633358 -0.015239838510751724 -0.0007800401671464277 0.000198406695670688 0.9999996760860077 0.6901742219924927
0.9999996868667211 -0.00015582414173053032 0.0007758771142195303 -0.0016747219488024712 0.00015598247058606644 0.9999999670250985 -0.00020400801572631832 -0.016014765948057175 -0.0007758452992611024 0.00020412897507376658 0.9999996781976647 0.7273416519165039
0.9999996438547358 -0.0001235691071003987 0.0008348778815822419 -0.0014357489999383688 0.00012377005228249308 0.999999963386505 -0.00024064073405865558 -0.015650514513254166 -0.0008348481152538051 0.00024074398123465074 0.9999996225354087 0.7065379619598389
0.9999993790739444 -0.00013913679253417703 0.00110566390844195 -0.0011439310619607568 0.00013944300583837901 0.999999951947261 -0.00027687745251790626 -0.015222840011119843 -0.0011056253314711026 0.00027703145769632193 0.9999993504228879 0.6916297078132629
0.9999999037840974 -0.00011388061447945147 0.00042363073718646127 -0.002017629100009799 0.00011393320377630373 0.9999999858070464 -0.0001241174125317787 -0.01596289500594139 -0.0004236165966066832 0.0001241656661968156 0.9999999025659284 0.7323934435844421
0.9999999886833304 -0.00012918061359256278 7.710841626613999e-05 -0.003149990690872073 0.0001291932177702106 0.9999999782920485 -0.00016347787268625505 -0.01786382496356964 -7.708729642037183e-05 0.00016348783272064458 0.9999999836646384 0.8042255640029907
0.9999996896789928 -0.00016070099109700007 0.0007712438716284908 -0.002016477519646287 0.00016099661794304263 0.9999999135940164 -0.00038326498505975856 -0.017054205760359764 -0.0007711822139254536 0.00038338903377952387 0.9999996291453521 0.7472510933876038
0.9999999494757871 -0.00013174226136467362 0.00028929638786576596 -0.002582673681899905 0.00013177665409379872 0.9999999842526303 -0.0001188682169906973 -0.01671513542532921 -0.00028928072334239796 0.00011890633349500855 0.9999999510889724 0.7655882835388184
0.9999995414090497 -0.0009233623345924572 0.0002541332118256297 -0.00272393343038857 0.0009232557165330379 0.9999994858787414 0.00041933415614846346 -0.019844532012939453 -0.00025452027853573863 -0.0004190993339050354 0.9999998797875808 0.8978060483932495
0.9999981016927626 -0.00047750719486264426 -0.0018890732515923717 -0.007112438324838877 0.0004747570576189984 0.999998827343528 -0.0014559935800177674 -0.013573778793215752 0.0018897662837685297 0.001455093965236064 0.9999971557384275 0.6550512909889221
0.9999992633903708 5.617694090843167e-05 0.001212461490987219 -0.002163864439353347 -5.556435190161095e-05 0.9999998708064645 -0.0005052718646436742 -0.014917573891580105 -0.0012124897189727149 0.000505204122818601 0.9999991373183658 0.7135826349258423
0.9999999191723254 -0.00012749592786360503 0.0003813136912630862 -0.0027396180666983128 0.00012761855215096546 0.9999999401509603 -0.0003215767111647835 -0.018052183091640472 -0.00038127266872065865 0.00032162534787368003 0.9999998755941362 0.7905304431915283
0.999999948709187 -0.00013012508652572528 0.00029265865027534697 -0.0029087692964822054 0.00013018950266327486 0.9999999673036829 -0.00022009844771250848 -0.018055712804198265 -0.0002926300003769341 0.00022013653750760958 0.9999999329537917 0.8067893385887146
0.9999996472783194 -0.00013857612893091454 0.000828395976409474 -0.0016467643436044455 0.00013885153039930383 0.9999999351141764 -0.00033240321284984733 -0.016391022130846977 -0.0008283498595078378 0.0003325181196531285 0.999999601634026 0.7278624773025513
0.9999996262049727 -0.00011230359122111673 0.0008573084730689026 -0.0013685948215425014 0.00011245837000540656 0.999999977387462 -0.0001804942937582912 -0.01575005054473877 -0.0008572881835255985 0.00018059063780389493 0.9999996162219221 0.7203165888786316
0.9999997196853232 -0.00015525004353939524 0.0007324798283442621 -0.0021431820932775736 0.00015544262054576527 0.9999999533707371 -0.0002628613994086339 -0.01742202788591385 -0.0007324389849455646 0.00026297518430874045 0.999999697188547 0.7753450274467468
0.9999996197189965 -0.0001251690450556577 0.0008630727502234606 -0.001354884821921587 0.0001253157889645154 0.9999999777025698 -0.0001699729768479028 -0.015744350850582123 -0.0008630514556239589 0.00017008106885303665 0.9999996131072325 0.7213513851165771
0.9999996420539088 -0.000135861484832522 0.0008351249674213542 -0.001460969215258956 0.0001360662647364162 0.999999960692064 -0.00024515677045716227 -0.01604132540524006 -0.0008350916272314643 0.00024527031503915965 0.9999996212321516 0.7226232290267944
0.9999999720184978 5.44394236635145e-05 -0.00023021588316602735 -0.0019770138897001743 -5.447501749405063e-05 0.99999998656454 -0.00015460721985174737 -0.01369732990860939 0.00023020746334502808 0.000154619756539868 0.9999999615486267 0.635675311088562
0.9999996762995876 -5.9870004785748106e-05 0.0008023816439646917 -0.0011208085343241692 6.005097306056786e-05 0.9999999727680473 -0.00022551670770787813 -0.015028197318315506 -0.000802368120427903 0.00022556481850651288 0.9999996526628957 0.6776959896087646
0.9999999636655644 -0.00012965338505339406 0.00023634481049504352 -0.002958543598651886 0.00012968156323007289 0.9999999844854246 -0.00011921343324865318 -0.017801258713006973 -0.0002363293504030896 0.00011924407848158668 0.9999999649646433 0.8094406127929688
0.999999858640229 -0.00015181556429592278 0.000509579784265605 -0.0025861384347081184 0.00015198936840320475 0.99999993029138 -0.00034105200072570156 -0.01832025870680809 -0.0005095279717415569 0.00034112940322423045 0.9999998120059705 0.7977167367935181
0.9999997186392358 -0.00014770077868343372 0.0007354630715974375 -0.0019302696455270052 0.0001479393673347963 0.9999999364515546 -0.00032436219083832363 -0.016924109309911728 -0.0007354151163117402 0.0003244709035170399 0.9999996769415678 0.7472385168075562
0.999999450019686 -0.00012616094354688678 0.0010411742129109818 -0.0011502171400934458 0.00012642340580492104 0.9999999602512739 -0.00025202097702074484 -0.015388159081339836 -0.001041142376321379 0.0002521524672042013 0.9999994262206781 0.6972987651824951
0.9999997757606073 -0.00013179246792121012 0.0006565892784300879 -0.0021554341074079275 0.0001318829239129128 0.9999999818193475 -0.00013772508537635212 -0.01654680073261261 -0.0006565711153639699 0.00013781164740681183 0.9999997749611349 0.7598801851272583
0.9999999700481946 -0.00011130036717111595 -0.0002179812794001957 -0.003999387379735708 0.0001112633098241049 0.9999999793590174 -0.00017000717814431374 -0.019784903153777122 0.00021800019676219707 0.00016998291973366604 0.9999999617908599 0.87490314245224
0.9999999305991976 -0.00013729829425582871 0.00034633910812359204 -0.0029287540819495916 0.00013740319374415928 0.9999999446934691 -0.0003028752556976004 -0.018592528998851776 -0.00034629750471279794 0.0003029228227773894 0.9999998941578949 0.814562201499939
0.9999999616603987 -0.0001311477985669338 0.00024388410435280928 -0.002962828380987048 0.0001312062269955341 0.9999999626946114 -0.00023957400126796037 -0.018119502812623978 -0.0002438526756517578 0.00023960599119594495 0.9999999415624192 0.805235743522644
0.9999999656072037 -0.0001245522138875817 0.00023080800907221543 -0.003178598592057824 0.0001246246650362228 0.9999999429632073 -0.00031391443824010023 -0.018796920776367188 -0.00023076889716941285 0.00031394319181452326 0.9999999240926911 0.8217064142227173
0.9999999938149526 -9.70744480675342e-05 -5.428301994011722e-05 -0.0033122769091278315 9.706997129467911e-05 0.9999999918882647 -8.246751562783337e-05 -0.01801769807934761 5.429102498835081e-05 8.246224586658051e-05 0.9999999951262313 0.8191136717796326
0.999999983668876 -0.00010958649721999934 -0.00014371168267678113 -0.0037501107435673475 0.00010954699214564304 0.9999999562229006 -0.00027487024900872724 -0.019459767267107964 0.00014374179845327937 0.00027485450133721365 0.9999999518966483 0.8505746722221375
0.9999998660663504 -0.00012038181994416822 0.0005033641811944206 -0.002283490262925625 0.00012053750650555957 0.9999999449103985 -0.0003092731961584563 -0.01699111983180046 -0.0005033269225940748 0.0003093338289996337 0.9999998254872805 0.7531625032424927
0.999999737641608 -0.00011788250360820116 0.0007147170281031757 -0.0016938482876867056 0.00011809603519694124 0.9999999484071608 -0.00029872897769610355 -0.016276873648166656 -0.000714681776309104 0.0002988133045693561 0.9999996999702386 0.724365234375
0.9999996793762883 -8.80309442185028e-05 0.0007959257965003101 -0.001046322868205607 8.818334561584697e-05 0.9999999777864795 -0.00019144382531607144 -0.014760582707822323 -0.0007959089258392887 0.00019151395133423893 0.9999996649256381 0.6798073053359985
0.9999999263746339 -9.977884677997769e-05 0.0003705332758022827 -0.0024059833958745003 9.983914548651963e-05 0.9999999817771733 -0.0001627199985490723 -0.01740313693881035 -0.0003705170330363158 0.00016275698029438325 0.9999999181136434 0.7836056351661682
0.999999853103843 -9.757352539260343e-05 -0.0005331713601729011 -0.004207136575132608 9.754964227406017e-05 0.9999999942376051 -4.482027306546131e-05 -0.019729215651750565 0.0005331757303726093 4.476825580607981e-05 0.9999998568597115 0.8794749975204468
0.9999992283612228 -7.914131695133728e-05 -0.0012397635302997404 -0.005955677013844252 7.908983425604584e-05 0.9999999960081508 -4.1575193086828096e-05 -0.022380772978067398 0.0012397668156663246 4.1477108313668835e-05 0.9999992306286503 0.9761531352996826
0.9999999238655236 -0.0001131727160453364 -0.0003734446189353142 -0.00470204371958971 0.00011303175333973297 0.9999999223717398 -0.00037746567675181757 -0.021777834743261337 0.00037348730876131 0.0003774234369136124 0.9999998590293798 0.9211394190788269
0.9999999912263708 -0.00012070523078254832 5.456652280290027e-05 -0.0034912042319774628 0.00012071589716835566 0.9999999736009949 -0.0001955138909504538 -0.019268613308668137 -5.454292181306998e-05 0.00019552047628184293 0.9999999793984063 0.8456162214279175
0.999999992074251 -0.0001068526069398959 -6.658842110619952e-05 -0.003275587223470211 0.00010684816753958602 0.9999999920693402 -6.666924483586387e-05 -0.018684539943933487 6.659554436072283e-05 6.666212945668563e-05 0.9999999955605968 0.8327347040176392
0.9999999918558323 -9.232273509482964e-05 8.811837226185157e-05 -0.0028467648662626743 9.233545534036825e-05 0.9999999853170443 -0.00014436091801627203 -0.018093708902597427 -8.810504317322134e-05 0.00014436905329059916 0.9999999856975387 0.8026896715164185
0.9999999798137627 -0.00011180666870843168 0.00016694832579388762 -0.003199741244316101 0.000111835408881848 0.9999999789284881 -0.00017215070399228613 -0.018728923052549362 -0.0001669290746793048 0.0001721693712514884 0.9999999712461956 0.828836977481842
0.9999997628507264 -0.00013644585910771787 0.0006750414938307054 -0.0020598957780748606 0.000136684702673645 0.9999999280759913 -0.0003537870888899981 -0.016910985112190247 -0.0006749931724957304 0.00035387927283552363 0.9999997095767965 0.7459945678710938
0.9999999721083364 -2.655700310231935e-05 -0.0002346871370723539 -0.0027167093940079212 2.656952798618212e-05 0.9999999982230934 5.3365472603165886e-05 -0.016813870519399643 0.00023468571942831528 -5.3371706641170506e-05 0.9999999710370368 0.7707743048667908
0.9999998781798383 -0.00011558693827623591 -0.0004798749503514025 -0.004867097362875938 0.00011553496054298826 0.9999999874568991 -0.00010834147079052604 -0.021455267444252968 0.0004798874671911796 0.00010828601525889616 0.9999998789910713 0.934119462966919
0.9999999739609213 -0.00013318495758217084 -0.0001853103446221601 -0.0043420870788395405 0.00013315216762537803 0.999999975480083 -0.0001769472629027389 -0.02090167999267578 0.00018533390679206977 0.00017692258382112538 0.9999999671748707 0.9087737798690796
0.9999999439442592 -0.00012089860121425799 -0.00031224190460617956 -0.004088882822543383 0.00012088681059128383 0.9999999919795338 -3.777977759140502e-05 -0.01957176811993122 0.00031224646962411885 3.77420295456508e-05 0.9999999505388396 0.87281334400177
0.999999892136554 -0.00013900581063493224 0.0004431752079891385 -0.002691391622647643 0.00013914482754882638 0.9999999411254025 -0.00031366846939713126 -0.018221599981188774 -0.0004431315801575173 0.0003137301011016588 0.9999998526039025 0.7965432405471802
0.9999999236838558 -0.00011852087043151118 0.00037227017832705886 -0.002158877206966281 0.00011857984551155002 0.9999999804238088 -0.00015840202654548917 -0.016579853370785713 -0.00037225139709336246 0.00015844615819709187 0.9999999181618527 0.7517675757408142
0.999999904629338 -0.00013712406382964434 0.0004146544418154912 -0.0024679030757397413 0.00013722758651413936 0.9999999594237318 -0.00024964199235107907 -0.017549779266119003 -0.00041462019306586764 0.00024969887057084465 0.9999998828702779 0.7796112895011902
0.9999999475214458 -0.00011519170309489551 -0.00030280022662500087 -0.003735638689249754 0.00011517570193609326 0.999999991970144 -5.286085239163826e-05 -0.018786408007144928 0.00030280631332517264 5.282597438892921e-05 0.9999999527588754 0.840942919254303
0.9999999805458666 -0.0001112090234238156 -0.00016291353427601895 -0.004016278777271509 0.00011117916960275168 0.9999999770298497 -0.00018324708013375902 -0.019751809537410736 0.00016293390926269753 0.00018322896397738803 0.9999999699398435 0.8677873611450195
0.999999926361959 -0.00010825489392903757 -0.0003681806006266544 -0.004295063205063343 0.00010820064378715691 0.9999999832883424 -0.00014736327865466227 -0.02006196230649948 0.000368196547269846 0.00014732343042510134 0.9999999213635518 0.8799245357513428
0.9999999759114865 -0.00011606419675138204 -0.0001862958091179423 -0.004071283154189587 0.0001160359940026043 0.9999999818082684 -0.00015139059025090113 -0.019897975027561188 0.00018631337675615217 0.00015136896958473737 0.9999999711873798 0.8744893074035645
0.999999971691329 -0.00010839448260666701 -0.0002118206250529885 -0.00407538004219532 0.0001083636194965692 0.9999999835129557 -0.00014571003468378315 -0.019725820049643517 0.00021183641572451264 0.00014568707690931098 0.9999999669503038 0.8712555170059204
0.99999995690151 -0.00011244059771054188 -0.0002712085728564139 -0.004150012973695993 0.00011238153456923125 0.999999969970484 -0.00021778296912325975 -0.019908327609300613 0.00027123305235937113 0.00021775248090153673 0.9999999395082423 0.8716961145401001
0.999999946828412 -9.901251290196121e-05 -0.0003107083773741031 -0.003910159692168236 9.89750452199638e-05 0.9999999878296701 -0.00012060099556860781 -0.019028697162866592 0.0003107203146003093 0.00012057023678036053 0.9999999444578506 0.8468730449676514
0.9999999744173473 -0.00012123366438240265 0.0001909651883683677 -0.003180044936016202 0.00012129599019001785 0.9999999393768403 -0.00032639485050852866 -0.018810901790857315 -0.0001909256067476919 0.00032641800547009755 0.9999999284993466 0.8181749582290649
0.9999999879639769 -0.0001181758699694466 0.00010053113740189682 -0.0028831257950514555 0.00011818410709201506 0.999999989659665 -8.193403847582812e-05 -0.017940476536750793 -0.00010052145373609418 8.194591867237694e-05 0.9999999915901517 0.8074748516082764
0.999999361838122 -8.229854158403808e-05 -0.0011267432265153054 -0.00564818037673831 8.235602761861305e-05 0.9999999953096016 5.0973338697848916e-05 -0.021799933165311813 0.0011267390261989962 -5.1066100264889356e-05 0.9999993639255077 0.9656997323036194
0.999998836148624 -6.878159353670456e-05 -0.0015241294203415026 -0.006842243485152721 6.87318643350407e-05 0.9999999971039646 -3.268029307749925e-05 -0.02430613338947296 0.0015241316637302049 3.257549878594722e-05 0.9999988379800792 1.0461061000823975
0.9999991679825017 -8.443753532330488e-05 -0.0012872080667522205 -0.0064603290520608425 8.437269851628144e-05 0.9999999951693176 -5.04243256164875e-05 -0.02366088703274727 0.0012872123182399023 5.0315678444422436e-05 0.9999991702760459 1.0258336067199707
0.999999830220989 -0.00010786849023183312 -0.0005726450748830275 -0.0054331026040017605 0.00010769524102007662 0.9999999484283005 -0.00030256425975902984 -0.023139778524637222 0.0005726776825006461 0.0003025025372406106 0.9999997902662214 0.9777226448059082
0.9999999011048699 -0.0001558910060924344 0.00041651920072779616 -0.0031911025289446115 0.00015601534746735352 0.9999999432757507 -0.0002985091403808027 -0.019242405891418457 -0.00041647264221083543 0.00029857409424753086 0.9999998687020157 0.843748152256012
0.999999772075685 -0.0001090369143129678 0.0006663028813672448 -0.0017233083490282297 0.0001091427876408183 0.9999999814252944 -0.00015886240303624686 -0.016028031706809998 -0.0006662855471246373 0.00015893508898152795 0.9999997654015763 0.7339232563972473
0.9999996333663487 -0.00013317888139996247 0.00084589039113017 -0.001460131723433733 0.00013339577860677602 0.9999999582421332 -0.00025636165509392754 -0.01583907939493656 -0.0008458562138491324 0.00025647439931045864 0.9999996093739977 0.7141379714012146
0.9999997869557246 -4.066651359685302e-05 0.0006514865614203492 -0.0010722948936745524 4.0802888230235836e-05 0.9999999772608701 -0.00020931646691973373 -0.014488574117422104 -0.0006514780344351637 0.0002093430048594079 0.9999997658759109 0.6595929265022278
0.9999999512671406 -0.0003115963167145523 -1.93248979109029e-05 -0.0010181260295212269 0.00031159594507088495 0.9999999512690595 -1.923136923349603e-05 -0.01365630328655243 1.9330889393000988e-05 1.9225346736468472e-05 0.9999999996283513 0.6456989645957947
0.9999949897213248 -1.856590382875978e-05 -0.003165467983532555 -0.005325823090970516 1.716018109100784e-05 0.9999999012371906 -0.00044410712372824885 -0.010879067704081535 0.0031654759161521924 0.00044405057862396215 0.9999948912776045 0.5479443073272705
0.9999999861014525 4.125566389326276e-05 0.00016153966992380115 -0.0015222188085317612 -4.124017495906695e-05 0.9999999945526268 -9.588531811814488e-05 -0.015043058432638645 -0.0001615436248562909 9.587865486122776e-05 0.9999999823554702 0.6930665373802185
0.9999999729954869 -0.00013076883323881043 0.0001921159481435467 -0.002787466160953045 0.0001307763748953966 0.999999990678735 -3.924371733663719e-05 -0.0178602933883667 -0.000192110814497655 3.926884050413752e-05 0.9999999807756963 0.8084301948547363
0.9999999781994028 -0.0001374922156708177 0.0001571530614800914 -0.003694302635267377 0.00013754582450949923 0.999999932343753 -0.0003411651150972508 -0.02013900689780712 -0.00015710614330012075 0.0003411867234070629 0.9999999294546373 0.8670717477798462
0.9999999717483916 -0.00014674680446117197 -0.00018699890648539235 -0.003285856219008565 0.00014670010145374635 0.9999999580546526 -0.00024973941009331636 -0.018389157950878143 0.0001870355471020375 0.00024971197027922324 0.9999999513308166 0.7814222574234009
0.9998551773562379 -0.010007480711251881 -0.01376497888629604 -0.04066966846585274 0.009923824128183075 0.9999319531795772 -0.006132432237616738 -0.007836900651454926 0.013825412420580649 0.005994942892971638 0.9998864528690801 0.7126299142837524
0.9999997570837991 -0.00018848239721953845 0.0006710489763578137 -0.002092901151627302 0.00018860938442561773 0.9999999643189754 -0.0001891786136657368 -0.017314132302999496 -0.0006710132955754923 0.00018930513384553694 0.9999997569523321 0.7825727462768555
0.9999999195886634 -0.0001273321398648998 -0.0003802751541550011 -0.004141869023442268 0.00012729898247873706 0.9999999880941626 -8.721607521800764e-05 -0.020039036870002747 0.00038028625503699513 8.716765956466059e-05 0.9999999238920788 0.8905056715011597
0.9999999167536149 -0.00012034509742454783 -0.0003898843680275665 -0.004275163169950247 0.00012028327276916407 0.9999999801903601 -0.00015859134043043317 -0.02036786824464798 0.00038990344599441245 0.00015854443066048952 0.999999911419479 0.8976953625679016
0.9999999842220413 -0.00012870320398379774 -0.00012243938302037514 -0.0041115605272352695 0.000128658288601606 0.9999999244616129 -0.0003667748808973798 -0.020837746560573578 0.0001224865788738139 0.00036675912226894397 0.9999999252423893 0.8936269283294678
0.9999999481371246 -0.00014294794656497892 0.00028860289787597176 -0.0028942287899553776 0.0001430346932632127 0.9999999445974718 -0.0003005763294803455 -0.018540512770414352 -0.0002885599151175563 0.00030061759411856536 0.9999999131811149 0.8102142810821533
0.9999996354866173 -0.00013707719648642036 0.0008427552874704814 -0.0013521367218345404 0.00013732237838198527 0.9999999482662896 -0.000290877951021815 -0.015353851951658726 -0.0008427153711375777 0.00029099357415337857 0.9999996025766924 0.6945968270301819
0.9999996392726895 -0.00011903360911541793 0.0008410026698402062 -0.001411918317899108 0.0001192078950446758 0.9999999714311404 -0.00020718879335077353 -0.015698719769716263 -0.0008409779833838783 0.00020728897277011592 0.9999996248935862 0.7141907811164856
0.9999997752753826 -0.00014763409644188023 0.0006539521066339275 -0.0022072901483625174 0.00014778325519326533 0.9999999630776244 -0.00022804573964720364 -0.017215248197317123 -0.000653918415161742 0.00022814233157077092 0.9999997601708627 0.7717270851135254
0.9999998872058612 -0.00010970521537929434 -0.0004621179833281578 -0.0039549292996525764 0.00010973130662625233 0.9999999923870562 5.643516597551904e-05 -0.01942521333694458 0.00046211178857804127 -5.648586842008919e-05 0.9999998916310149 0.8789809942245483
0.9999998994587658 -0.00012260806809947884 -0.0004313348119542567 -0.004312933422625065 0.0001225127840466272 0.9999999680914754 -0.0002209245707849434 -0.020990153774619102 0.0004313618853258189 0.00022087170454424562 0.9999998825713001 0.9090189933776855
0.9999999803992843 -0.00016337351067587834 -0.00011185046588777426 -0.003124343464151025 0.00016334940599010224 0.9999999634419444 -0.00021548336640509781 -0.019929196685552597 0.00011188566607280057 0.00021546509147430716 0.9999999705281954 0.8684784173965454
0.9999999057945155 9.833113540396997e-05 -0.00042277884078084616 -0.0013754579704254866 -9.838160267872448e-05 0.9999999880381698 -0.00011935124945023975 -0.013940779492259026 0.00042276709977976713 0.00011939283186663212 0.999999903506661 0.6338845491409302
0.9999998939350488 -8.646729689545407e-05 0.0004523862260223295 -0.001361580565571785 8.660571116478733e-05 0.9999999494457453 -0.00030595417550496765 -0.01588388718664646 -0.00045235974812175123 0.0003059933222847788 0.9999998508693613 0.6987048983573914
0.9999999702098895 -0.0001228697915971264 -0.00021091048914258055 -0.0035743850748986006 0.00012286239634288522 0.9999999918372503 -3.507607137171199e-05 -0.018279291689395905 0.0002109147972105505 3.505015735868204e-05 0.9999999771432171 0.8327455520629883
0.9999999870931442 -0.00014020592053692223 -7.846025244258985e-05 -0.003651287639513612 0.0001401672018806173 0.9999998685192852 -0.0004932692649244222 -0.020557744428515434 7.852940139794108e-05 0.0004932582610038233 0.9999998752647027 0.8625234365463257
