0.9999881251207305 0.0011021939498827502 0.004747081842843088 0.003417435334995389 -0.0011043893042961689 0.9999992844228203 0.00045986749351984514 -0.018045345321297646 -0.004746571582770546 -0.00046510465906273417 0.9999886268032578 0.37408697605133057
0.9999869956580193 0.0012115712888705412 0.004953847985211129 0.003939857240766287 -0.0012135262901587483 0.9999991869793569 0.0003916561863803163 -0.01827973686158657 -0.004953369438239928 -0.00039766271791683336 0.9999876529215603 0.35067451000213623
0.9999853504131788 0.0009450806722214866 0.0053297074549105905 0.004040885716676712 -0.0009471594882280872 0.9999994763535559 0.00038753260231473634 -0.01741938665509224 -0.00532933841445593 -0.0003925750081076312 0.9999857219165318 0.3589261770248413
0.9999805054528278 0.001054300163607603 0.006154442742637216 0.004969775676727295 -0.0010574200307327634 0.9999993140757046 0.0005036973289410926 -0.01700080744922161 -0.006153907472979101 -0.0005101953406238155 0.9999809343800155 0.3857101798057556
0.9999828113993955 0.000834310975553115 0.005803518842637996 0.0044806161895394325 -0.0008370624835881043 0.9999995384138367 0.00047169747922036227 -0.016949690878391266 -0.0058031226214299465 -0.0004765472792967548 0.9999830481915837 0.38625234365463257
0.9999815841060367 0.0010569713765606315 0.005976140919566302 0.0047868527472019196 -0.0010600532692107436 0.9999993067867543 0.0005125554382495837 -0.017191806808114052 -0.005975595020399128 -0.000518881026802033 0.9999820113515203 0.38726547360420227
0.999984410130504 0.0007566743609511797 0.0055323539166855385 0.004031627904623747 -0.0007593700662688902 0.9999995939798287 0.00048517757593859835 -0.016959989443421364 -0.005531984549006032 -0.0004893711160438435 0.9999845787125221 0.39697960019111633
0.999983350532956 0.0008208558113435416 0.005711816928100061 0.003738734405487776 -0.0008256717766345062 0.9999993056174228 0.0008408512290154491 -0.016680050641298294 -0.00571112274429609 -0.0008455533153214582 0.9999833339194161 0.47466108202934265
0.9999817012577755 0.0009358226116376647 0.005976737039963705 0.00427205627784133 -0.0009401571610988697 0.9999992970717224 0.0007224683895188264 -0.016757536679506302 -0.0059760567364911255 -0.0007280742413841279 0.9999818781626904 0.4419582784175873
0.99998434047096 0.0007761490754868217 0.00554223830885461 0.0036078302655369043 -0.0007803659718412916 0.999999407668637 0.0007587432538931617 -0.01665063388645649 -0.0055416461281379975 -0.0007630563465152086 0.9999843538292001 0.46447741985321045
0.9999837905354879 0.0007776575474610451 0.0056403825238846355 0.0032177134416997433 -0.0007832091715147849 0.9999992110098435 0.0009821217254611806 -0.016571201384067535 -0.005639614319306016 -0.0009865234051174834 0.9999836106266443 0.5195837020874023
0.9999830207721615 0.0008188743609717112 0.005769541763754007 0.004067509435117245 -0.0008227848240091906 0.9999994334054473 0.0006754360945482348 -0.01665372960269451 -0.005768985397462771 -0.0006801717175695991 0.9999831279446261 0.44402530789375305
0.999982853063222 0.0007952229140028952 0.005801827303176153 0.0036867756862193346 -0.0008005323596617727 0.99999926290929 0.0009128684560535594 -0.016607336699962616 -0.005801097092789422 -0.0009174973536572184 0.9999827525868265 0.4965554475784302
0.9999844736887473 0.0006799923699856708 0.005530821983749079 0.0030225857626646757 -0.0006855557880955317 0.9999992609382261 0.0010040598901931454 -0.016609912738204002 -0.0055301351430656325 -0.001007835987870659 0.9999842008111534 0.5319380164146423
0.9999857827773971 0.0006548706908821602 0.005292011664275881 0.002616541925817728 -0.0006602330961149071 0.9999992703599699 0.0010116183998344895 -0.016669083386659622 -0.005291345323771921 -0.0010150979786762906 0.9999854855150442 0.5560146570205688
0.9999821573958063 0.00027603844409637365 0.005967301970447813 0.003474141238257289 -0.00028214847770054803 0.9999994368277572 0.0010231013660759085 -0.016037939116358757 -0.005967016194519733 -0.001024766776450125 0.9999816721174386 0.5949556231498718
0.9999833283706836 0.00033411955165996404 0.005764663460667088 0.003210732713341713 -0.00033995221492414307 0.9999994313114913 0.0010108457773078292 -0.016319893300533295 -0.005764322439031311 -0.00101278863497348 0.9999828732763375 0.5901662707328796
0.9999841630584101 9.428927737426611e-05 0.0056271433163747765 0.0037733959034085274 -0.00010146572879321143 0.9999991819683897 0.001275055785918176 -0.016260942444205284 -0.005627018489105002 -0.0012756065551317905 0.9999833546068853 0.6679354906082153
0.9999872810707341 6.640757932630728e-05 0.005043142551424722 0.003134787082672119 -7.343715484846694e-05 0.9999990260815115 0.0013937155422595136 -0.016783995553851128 -0.00504304508653952 -0.0013940681697305868 0.9999863120414165 0.7058324813842773
0.9999838330668813 8.752368577987032e-05 0.005685590951890016 0.003932129591703415 -9.499861052808459e-05 0.9999991315886312 0.001314457016312602 -0.01633327081799507 -0.0056854709683353275 -0.0013149758888143927 0.9999829729841805 0.6668164134025574
0.9999864379271255 6.541187695714014e-05 0.005207656200784596 0.003256745869293809 -7.229839646317282e-05 0.9999991232712094 0.0013222063962958074 -0.016819799318909645 -0.005207565147080367 -0.0013225649696289538 0.999985565939399 0.6999219655990601
0.9999986558861422 0.0001467700800857994 0.001632998607547244 -0.001479895319789648 -0.00014926394401146073 0.999998822763772 0.0015271513824049664 -0.01879013516008854 -0.0016327725449914246 -0.0015273930775523581 0.9999975005589777 0.9007737636566162
0.9999869180314166 9.961415376338077e-05 0.005114082816056322 0.0029234064277261496 -0.0001071945627304999 0.999998896078757 0.001482008972088213 -0.01658065803349018 -0.0051139295414420385 -0.0014825377863646346 0.9999858248027106 0.7050175070762634
0.9999995258953505 0.00010314024051436539 0.00096828258523704 -0.002284725196659565 -0.00010475214171504934 0.9999986087361278 0.0016647981251282156 -0.01895413175225258 -0.0009681095304214277 -0.001664898765514273 0.9999981454362991 0.9370192289352417
0.9999990465028903 0.001380846245032304 -1.60299170558886e-05 -0.0011888290755450726 -0.0013808373875562636 0.9999989008376856 0.0005400106758896784 -0.023015139624476433 1.6775571150487485e-05 -0.0005399880262822694 0.9999998540657453 0.33440157771110535
0.9999986611868702 0.0013525228336249788 -0.0009210355324695629 -0.0025865561328828335 -0.0013522565426928987 0.9999990437426527 0.00028968262525310264 -0.02291720174252987 0.0009214264540877269 -0.0002884367610973658 0.9999995338886538 0.31339001655578613
0.9999915915048488 0.0007419207650507386 0.004033171602791013 0.0012763505801558495 -0.0007461464746784849 0.9999991742239871 0.001046334928120289 -0.017737548798322678 -0.004032391974684278 -0.0010493354667913157 0.999991319317343 0.5573123693466187
0.999997568833157 0.0010240467777136585 0.0019528584106849657 -0.00028020842000842094 -0.001025716790418775 0.9999991089921704 0.0008543535163807544 -0.01986304111778736 -0.0019519817727073536 -0.0008563545189659633 0.9999977282094679 0.4533034563064575
0.9999840385530075 0.00025509942916890994 0.00564425048154341 0.0032058844808489084 -0.0002628555747589256 0.9999990222453258 0.0013734683612467789 -0.01613476872444153 -0.005643894591856183 -0.0013749300614087445 0.9999831278682468 0.6715600490570068
0.9999979342613793 0.0010286857276118344 0.0017530769085865067 -0.0006737192161381245 -0.0010301281772256666 0.9999991314884454 0.0008221060106683755 -0.020078010857105255 -0.0017522296972991974 -0.0008239102063326177 0.9999981254297726 0.45739638805389404
0.9999895011150967 0.0003464194878414588 0.0045692070558178335 0.002059883438050747 -0.0003515491786627244 0.9999993088652557 0.0011219100615976777 -0.017173971980810165 -0.004568815246371139 -0.0011235045837806818 0.9999889317710947 0.5945196151733398
0.999983055634023 0.00025117579839031303 0.005815956977238607 0.0033691711723804474 -0.00025906120712617785 0.9999990482824064 0.0013551094320730806 -0.0160968154668808 -0.005815611071396519 -0.0013565931594380419 0.999982169002461 0.6623486876487732
0.9999901868194507 0.00017506621953453842 0.004426693644098082 0.0025348979979753494 -0.000180710388091218 0.9999991712893173 0.0012746624785709769 -0.016977382823824883 -0.0044264668253084635 -0.0012754499196043212 0.9999893897531849 0.649506151676178
0.9999897918802364 0.0002882727792758887 0.004509216575655171 0.0011680186726152897 -0.00029298173268970534 0.9999994124576241 0.0010436695409757873 -0.017180906608700752 -0.004508913064780129 -0.001044980005157528 0.9999892888025166 0.6048768162727356
0.9999917094595955 0.0002579755644745566 0.004063798799589644 0.0010728384368121624 -0.0002626342331316928 0.9999993089785599 0.0011458907720852465 -0.017225293442606926 -0.004063500379598792 -0.0011469485647128334 0.9999910861970992 0.7549002766609192
0.9999998792409797 0.00012991671888410998 0.0004739616784237494 -0.0027760700322687626 -0.00013067346670384963 0.999998716317511 0.0015969620456955545 -0.019226903095841408 -0.00047375359793828313 -0.0015970237870635865 0.9999986125353136 0.9615074396133423
0.9999966731850912 0.00010569419905181398 0.002577294606012338 -9.778281673789024e-05 -0.00010961850551426777 0.9999988349089943 0.0015225519489242482 -0.018178870901465416 -0.002577130678320817 -0.0015228294028587063 0.9999955196840018 0.8427592515945435
0.9999988480823017 0.00013137394829448786 0.0015121425050831886 -0.0016671796329319477 -0.00013373582681300365 0.9999987712179659 0.001561946633903703 -0.01880137249827385 -0.0015119354478933238 -0.0015621470622979078 0.9999976368710864 0.909623920917511
0.9999994459905894 0.00015067196793109065 0.0010417852333584217 -0.002391967922449112 -0.0001522775550059321 0.9999988006320312 0.001541280651098139 -0.019150791689753532 -0.0010415517560857475 -0.0015414384377223308 0.9999982695672439 0.9366316795349121
0.9999994476995122 0.0001535148039368549 0.0010397277892625247 -0.0023226309567689896 -0.00015514595607941999 0.9999987571977621 0.0015689272334220889 -0.019037868827581406 -0.0010394856435298713 -0.00156908767646474 0.9999982287151616 0.9335982799530029
0.999983503337284 0.0002775035027695227 0.005737250656680488 0.002728863153606653 -0.00028559699365504843 0.9999989652789039 0.0014099203801664678 -0.01648692414164543 -0.005736853462382078 -0.0014115356627248936 0.9999825478874237 0.6909011602401733
0.999990570112405 0.0016818997866667796 -0.0040038605588627665 -0.0065724714659154415 -0.0016807589200126304 0.9999985459682854 0.00028828938201999117 -0.025238297879695892 0.00400433961097265 -0.0002815571391347285 0.9999919429624707 0.31618866324424744
0.9999964685217323 0.0015455438270423605 -0.002161998691661636 -0.003968034405261278 -0.0015443946821206039 0.9999986653300942 0.0005330882630152583 -0.024355962872505188 0.0021628197173812177 -0.0005297474011434887 0.9999975207862073 0.3350028395652771
0.9999968798412336 0.0005406858966470684 0.0024388453330188875 -0.0015399027615785599 -0.0005427045190894342 0.9999995106801972 0.000827110132450457 -0.019339485093951225 -0.0024383969328599805 -0.000828431124119116 0.9999966839556371 0.5967895984649658
0.9999968682087145 0.00023701300664726987 0.0024914649500800573 -0.0006091343238949776 -0.0002399219024973859 0.9999992899117888 0.0011673103267381241 -0.018680676817893982 -0.0024911865131899366 -0.0011679044279766443 0.9999962149873386 0.8415578603744507
0.9999983697853317 0.00013872942791133067 0.0018003279769455624 -0.0012927120551466942 -0.00014133206545359416 0.9999989451329024 0.0014455996435614666 -0.018746420741081238 -0.0018001255306272746 -0.0014458517309951988 0.9999973345268705 0.8905671834945679
0.9999999654039682 0.00021890631977590012 0.00014584953214869553 -0.0036614113487303257 -0.0002191296727740432 0.9999988007292119 0.0015331413257642227 -0.019747577607631683 -0.00014551374291029275 -0.0015331732326838703 0.9999988141020916 0.9902714490890503
0.9999997492884716 0.0001760796787401213 -0.0006858709358443074 -0.004855080042034388 -0.00017494838007845595 0.9999986248565387 0.0016491446558088466 -0.020130924880504608 0.0006861603735345655 -0.0016490242503401007 0.9999984049502096 1.0384509563446045
0.999999702587223 0.0002654639333722497 -0.0007241231699543376 -0.004808289464563131 -0.0002643167348615285 0.9999987107062687 0.0015838947136333258 -0.0201118141412735 0.0007245427032676025 -0.0015837028446908808 0.9999984834604354 1.0373973846435547
0.9999997188145249 0.00020732837751190285 -0.0007206842687875606 -0.0048703090287745 -0.00020614306872476326 0.9999986267513893 0.0016443844960895837 -0.020181624218821526 0.0007210242066784697 -0.0016442354696457981 0.9999983883056082 1.0405635833740234
0.9999999313918504 0.00018335942342165035 -0.00032186272879396584 -0.0038282014429569244 -0.00018285001903532667 0.9999987319320153 0.001581992487973096 -0.019657324999570847 0.00032215239388059614 -0.0015819335268294319 0.9999986968512268 1.0007545948028564
0.9999998423408345 0.00020664862445822314 -0.0005221251309235724 -0.004450054373592138 -0.00020581737112998258 0.9999987122073448 0.0015916101475231387 -0.020026322454214096 0.0005224533625823231 -0.0015915024341693633 0.999998597080259 1.0266454219818115
0.9999990571018016 0.00030109149587351214 -0.0013398281303404404 -0.006122352089732885 -0.0002988782372749504 0.9999985911279516 0.0016517911221630302 -0.020937994122505188 0.0013403235829538803 -0.0016513891192223096 0.9999977382207772 1.0953381061553955
0.999999641372575 0.0001591988741039966 -0.0008318115410119812 -0.00536302337422967 -0.00015776883292590007 0.9999985101213851 0.0017189717872743056 -0.020497500896453857 0.0008320839600869052 -0.0017188399368678403 0.999998176611115 1.0611528158187866
0.9999993449655504 0.00017037095891614957 0.0011318313507652994 -0.0020693717524409294 -0.00017197014550866468 0.9999989869670232 0.0014129724684369515 -0.019091390073299408 -0.0011315894747084471 -0.0014131661840933905 0.9999983612319556 0.9264830350875854
0.9999940934978867 9.55049690039776e-05 0.0034356728804149053 0.0011457575019448996 -0.0001003559884565201 0.9999989983580304 0.0014118114646828894 -0.017774412408471107 -0.0034355346040905797 -0.0014121479161634165 0.9999931014463287 0.7927066683769226
0.9999936195011188 9.077183952885274e-05 0.0035710947236133844 0.0012113924603909254 -9.57500374186219e-05 0.9999990239655268 0.001393879451108615 -0.01765281893312931 -0.0035709647130999687 -0.0013942124899157479 0.9999926521642801 0.7880305051803589
0.999991252620517 5.850019057453433e-05 0.0041822553935875985 0.002082515973597765 -6.439554751910622e-05 0.9999990045934876 0.0014094911307400361 -0.017296385020017624 -0.0041821687750435805 -0.0014097481200121722 0.9999902609898635 0.7545569539070129
0.9999962044932672 6.391507323419918e-05 0.002754435318487712 3.9340928196907043e-05 -6.796794848963493e-05 0.9999989152818463 0.0014713311963683944 -0.018173430114984512 -0.0027543382904605504 -0.001471512825238777 0.9999951241234066 0.8390989303588867
0.9999998293379185 0.00019424600971724624 0.0005509923965360769 -0.002906566020101309 -0.000195064309509765 0.9999988776588133 0.0014854733348051005 -0.019261889159679413 -0.0005507032308667895 -0.001485580560242505 0.9999987448873874 0.9534989595413208
0.9999995475910949 0.0002477416162468484 -0.0009183908192528374 -0.005478424485772848 -0.000246238603675698 0.999998630904487 0.001636323837573777 -0.02050085924565792 0.0009187949474003114 -0.00163609695401334 0.9999982394997511 1.060944676399231
0.9999996638900407 0.0001872459339363015 -0.0007982222531884948 -0.005366947967559099 -0.00018590356263022492 0.9999985690922829 0.0016814437997717017 -0.02047710493206978 0.0007985359545207625 -0.0016812948422610565 0.9999982677924909 1.0578689575195312
0.9999999638502405 0.00020797497861112693 -0.00017042865460089088 -0.0038678045384585857 -0.00020770895544851642 0.9999987625007952 0.0015594402419655943 -0.019629228860139847 0.00017075276824653446 -0.0015594047860343786 0.9999987695493459 0.9955661296844482
0.9999993812614159 9.299229522150616e-05 0.0011085256957918891 -0.0020498912781476974 -9.481218310222282e-05 0.9999986477841513 0.0016417796802770726 -0.018732210621237755 -0.0011083715239651579 -0.0016418837661858808 0.9999980378632065 0.9230004549026489
0.9999977770849293 6.607287109433893e-05 0.002107477064220943 -9.769340977072716e-05 -6.920953751878856e-05 0.9999988900663273 0.0014883131908197608 -0.017763551324605942 -0.0021073763879355793 -0.001488455739938885 0.9999966717265965 0.8420740365982056
0.999998835976591 0.00019282194814478155 0.0015135604247358873 -0.001163095235824585 -0.00019496777255077787 0.9999989760376121 0.0014177134036402663 -0.018327932804822922 -0.0015132855086465399 -0.0014180068488933088 0.9999978496094608 0.8825050592422485
0.9999986658342435 0.0001670827770186038 0.001624934792283393 -0.0014297962188720703 -0.00016951967210465668 0.9999988611320728 0.0014996658422846145 -0.018542420119047165 -0.0016246823733637452 -0.0014999392998949806 0.999997555291653 0.8905831575393677
0.9999994779853372 0.0001759181778196047 0.0010065196707808042 -0.0022322144359350204 -0.00017745929876554717 0.9999988118839122 0.0015312540485254952 -0.018853116780519485 -0.0010062490994965953 -0.0015314318654634001 0.9999983210881861 0.9248248338699341
0.9999986973941813 0.00013736563738354145 0.0016082103786956975 -0.0013198587112128735 -0.0001398312501183528 0.9999988149812142 0.001533128627531809 -0.018433991819620132 -0.0016079978737450755 -0.0015333515085372445 0.9999975315849481 0.887985348701477
0.9999950150808178 9.214019071805307e-05 0.003156156475913115 0.0009716919157654047 -9.65833822371419e-05 0.9999990045790698 0.0014076620759821583 -0.01737418957054615 -0.003156023631956752 -0.0014079598911677868 0.9999940285640608 0.7915514707565308
0.9999985927772846 0.00013333435651197238 0.0016723233538596144 -0.0009746742434799671 -0.00013582581171649101 0.9999988810355617 0.0014897915872575723 -0.018188340589404106 -0.0016721228421866282 -0.001490016635466 0.9999974919246681 0.873080313205719
0.9999992633016387 0.00015075986825300103 0.0012044366492860786 -0.0015953844413161278 -0.00015251365104909553 0.9999989281929653 0.001456143024263337 -0.018477048724889755 -0.0012042158304319092 -0.0014563256445559972 0.9999982144883315 0.8982993364334106
0.9999978572018711 0.00011803400098138646 0.00206679937116626 -0.00046490924432873726 -0.00012114441733224909 0.9999988603249107 0.0015048830218519667 -0.017923852428793907 -0.0020666193883224246 -0.0015051301783970059 0.9999967318283843 0.8516305685043335
0.9999973364797121 0.00017185319856448673 0.0023016298484206436 -0.00019611557945609093 -0.00017507053540935803 0.9999990078598285 0.0013977230290169564 -0.017817296087741852 -0.002301387361707968 -0.001398122253723189 0.9999963744286149 0.8357803821563721
0.9999996326765097 0.00017205084208562522 0.0008396697886039751 -0.002296080347150564 -0.00017333531179781564 0.9999988146812443 0.0015298990086144992 -0.0187858734279871 -0.0008394055729148878 -0.0015300439910712702 0.9999984771806755 0.9262663125991821
0.9999942405523014 -3.750416285399061e-05 0.0033937377129411076 0.0010183807462453842 3.2187748617815655e-05 0.9999987723984873 0.0015665776289632983 -0.017392657697200775 -0.0033937922999660772 -0.0015664593695649991 0.9999930141650334 0.7953935861587524
0.99999504013698 8.202084707655482e-05 0.0031484875765643975 0.0010052456054836512 -8.647427554086246e-05 0.9999989960593221 0.0014143558770748563 -0.017316456884145737 -0.003148368409002541 -0.0014146211252456776 0.9999940432939752 0.7888783812522888
0.9999987210445539 0.00015316301389092942 0.0015919957123256977 -0.0010212324559688568 -0.00015548292976131544 0.9999989261728446 0.0014572159128875342 -0.018186083063483238 -0.0015917708112163625 -0.0014574615773308257 0.9999976710330057 0.8757559657096863
0.99999916396581 0.00014883483703151819 0.0012844905108012723 -0.0014953291974961758 -0.00015073974535878987 0.9999988889379504 0.0014830375564561745 -0.01839333400130272 -0.0012842683559995858 -0.0014832299403585861 0.9999980753400147 0.8945270776748657
0.9999999294206852 0.00020477572256805856 0.0003150008384627946 -0.003038235940039158 -0.00020525744490566667 0.9999988084812514 0.0015300017839409675 -0.019128695130348206 -0.00031468715591255285 -0.0015300663322217356 0.9999987799337622 0.9578573703765869
0.9999999884769685 0.00015084960232057627 1.704291765565994e-05 -0.003428319003432989 -0.00015087560153674963 0.9999988090405977 0.0015359537556971048 -0.019266918301582336 -1.681119934500721e-05 -0.0015359563093587138 0.9999988202771041 0.97408127784729
0.9999999456500518 0.00020891337066675496 -0.00025505900730980806 -0.003715903963893652 -0.00020851291318956091 0.999998747259859 0.0015690765047499358 -0.019462555646896362 0.00025538648884859254 -0.0015690232363740593 0.9999987364711144 0.9917042255401611
0.9999999157622194 0.0001760841356776306 -0.00037076937721220897 -0.004236405249685049 -0.00017549283433053312 0.9999987138242977 0.0015942245811449913 -0.01967528834939003 0.0003710496179950918 -0.0015941593794821611 0.9999986604881296 1.0065408945083618
0.9999997967150576 0.00024066229262288805 -0.0005904671914373787 -0.004520287271589041 -0.00023972819311529408 0.9999987206490971 0.001581527920173286 -0.01995210349559784 0.0005908470501577601 -0.001581386047039577 0.9999985750579514 1.0256686210632324
0.999999528228842 0.0002540769831007789 -0.0009375430552547658 -0.0053425864316523075 -0.0002525497265225063 0.9999986416823359 0.0016287578454521135 -0.02045394852757454 0.000937955611653047 -0.0016285203008089308 0.9999982340788912 1.0599048137664795
0.9999996945461926 0.00023592080528190743 -0.0007451502502329603 -0.00496048154309392 -0.0002347026011837028 0.9999986366479934 0.0016345081351361109 -0.02022552117705345 0.0007455348488063525 -0.0016343327471673753 0.999998386565829 1.0426474809646606
0.9999997266789986 0.00024798302560335853 -0.0006965244772434069 -0.0048829042352736 -0.0002468828831458087 0.9999987227193782 0.0015791163524741174 -0.020029433071613312 0.0006969151816370556 -0.001578943960897331 0.99999851062149 1.0308351516723633
0.9999999350368801 0.0002177653378018457 -0.0002872359532053006 -0.004218115005642176 -0.00021730922096336311 0.9999987170581776 0.0015870282609865007 -0.0196975190192461 0.0002875811844436381 -0.00158696573886697 0.999998699417557 1.0045220851898193
0.9999998339735727 0.00017138922856121573 0.0005501623028180127 -0.002943035215139389 -0.0001722688394687295 0.9999987064857783 0.0015991717284734666 -0.019102828577160835 -0.0005498875103663698 -0.0015992662387901235 0.9999985699845892 0.9536875486373901
0.9999996376681954 0.00016858455225500399 0.000834411604658707 -0.002450766507536173 -0.00016987226129137753 0.9999987944924921 0.0015434237839019246 -0.01889362744987011 -0.0008341504013617044 -0.0015435649680565315 0.9999984607989638 0.9333757162094116
0.9999999652841786 0.00022393730242006125 0.00013886585785104447 -0.0034978482872247696 -0.00022414585720074133 0.999998844395526 0.0015036509726176679 -0.019433995708823204 -0.00013852897383444856 -0.0015036820466239331 0.9999988598743632 0.9754018783569336
0.9999997691576263 0.00024680353763027464 -0.0006330661165404929 -0.004736288916319609 -0.0002457996847677315 0.9999987132216478 0.0015852878488595782 -0.01997983828186989 0.0006334565565739794 -0.0015851318754560855 0.9999985430438029 1.0271331071853638
0.9999997653866403 0.00022992732683342257 -0.0006452597064056457 -0.0048358323983848095 -0.00022888185417099826 0.9999986618618183 0.0016198418656145422 -0.020007023587822914 0.000645631288869049 -0.001619693797339976 0.9999984798749654 1.030258297920227
0.999999871346818 0.0001879812278990013 -0.00047113629139952916 -0.004387151915580034 -0.00018723660934947335 0.9999987342390403 0.0015800198634727078 -0.019788136705756187 0.00047143270912764537 -0.001579931446236382 0.9999986407829891 1.0140002965927124
0.9999999800993778 0.0001832643374203049 -7.883797342441645e-05 -0.0034514260478317738 -0.0001831425936465582 0.999998795159035 0.001541473083825569 -0.01934148371219635 7.912037548055502e-05 -0.0015414586145583652 0.9999988088219431 0.980487585067749
0.9999999860153359 0.00016256590021858692 3.926393121099612e-05 -0.003275517839938402 -0.0001626266546153958 0.9999987819286835 0.0015523188206065471 -0.019238004460930824 -3.901152927822958e-05 -0.0015523251842596694 0.9999987943815848 0.9722424745559692
0.9999995929923048 0.0001877675759123392 0.0008824729811757336 -0.002106098458170891 -0.00018912387424164717 0.9999988007818428 0.0015370969510193526 -0.018759893253445625 -0.000882183305929676 -0.0015372632221181785 0.9999984292859669 0.9264962077140808
0.9999995137313635 0.00021352199789438306 0.0009627800332241444 -0.0024057189002633095 -0.0002149487684131001 0.9999988786351776 0.0014820679518574636 -0.018981030210852623 -0.0009624624994863878 -0.0014822741795566963 0.9999984382633771 0.9305423498153687
0.9999996795640025 0.00012533357918830695 0.0007906727428355846 -0.002437812741845846 -0.0001265128609771689 0.9999988795345173 0.0014916179825636073 -0.018865860998630524 -0.0007904849070935317 -0.0014917175348663039 0.9999985749551885 0.9318889379501343
0.999999837371491 0.00017043738711711054 0.0005442500239472611 -0.0024132635444402695 -0.00017125577725820112 0.999998854311813 0.0015040101462617636 -0.018793024122714996 -0.0005439930608469115 -0.0015041031076277098 0.9999987208718776 0.935210108757019
0.999999666041499 0.00015337738473740213 0.0008027404740069484 -0.002154060173779726 -0.00015460666708631108 0.9999988152721985 0.0015315191733304109 -0.018690671771764755 -0.0008025046225725108 -0.0015316427708957847 0.9999985050272592 0.9260705709457397
0.9999990966173007 0.00016659054058069055 0.0013337961516183925 -0.0015109246596693993 -0.00016851018724449755 0.9999989500778399 0.001439252422036236 -0.018482238054275513 -0.001333554985397237 -0.0014394758800797534 0.9999980747682924 0.895839273929596
0.9999999572032444 0.00022206833630816476 -0.00019047089799686172 -0.0038638897240161896 -0.00022177705214291665 0.9999988080994635 0.001527944564119469 -0.0195354875177145 0.00019080997908182135 -0.0015279022566541225 0.9999988145524201 0.9938374161720276
0.9999998427137381 0.00026057869068439967 -0.0004966600897367513 -0.004372496623545885 -0.00025980534741611627 0.999998754877835 0.0015565166111929643 -0.019781863316893578 0.0004970650663948383 -0.0015563873314271234 0.9999986652915064 1.014159917831421
0.9999994752195537 0.00028277851297873547 -0.0009846811312237624 -0.00556018715724349 -0.00028118572704408063 0.9999986525912712 0.001617328114341214 -0.020462699234485626 0.0009851371500949832 -0.001617050387319254 0.9999982073248136 1.0614409446716309
0.9999998222707278 0.00020527427600396144 -0.0005597508239757321 -0.0046137417666614056 -0.00020437278223872356 0.999998682889865 0.0016101087856074535 -0.019855506718158722 0.0005600806006375018 -0.0016099941016107342 0.9999985471133016 1.0211005210876465
0.9999996686626527 0.00024852499397447735 -0.0007751837925649111 -0.004827132914215326 -0.0002472733915327192 0.9999986664994275 0.001614266160423142 -0.020039929077029228 0.0007755839443446722 -0.0016140739432310258 0.9999983966161401 1.0363469123840332
0.999999759331772 0.00020862378571460274 -0.0006616740241358868 -0.004640595521777868 -0.00020755367286551867 0.9999986712163106 0.0016169375640403313 -0.019923441112041473 0.0006620104765501101 -0.0016167998420208837 0.9999984738490354 1.029449701309204
0.9999999001627335 0.00018742787112313868 -0.0004056418565453501 -0.004180302377790213 -0.00018677256913074886 0.9999986785984116 0.001614904776703442 -0.019646283239126205 0.00040594399869392067 -0.0016148288527040697 0.9999986137676622 1.0078282356262207
0.9999999846064226 0.0001751715671504019 1.0103309745207027e-05 -0.0033404724672436714 -0.00017518725467866172 0.9999987456113065 0.0015741935203022763 -0.019144251942634583 -9.827543125780159e-06 -0.0015741952660409037 0.9999987609055743 0.9719409346580505
0.9999999580376157 0.00023079229813017778 -0.00017509906159021455 -0.0036984472535550594 -0.00023052315365633554 0.9999987944495351 0.0015355645709303584 -0.019406791776418686 0.0001754532469757118 -0.001535524142106528 0.9999988056901701 0.986351490020752
0.9999998500744953 0.00016387843553322098 -0.0005224890859426021 -0.004240692127496004 -0.0001630112762282618 0.9999986101067461 0.00165928053676176 -0.019661420956254005 0.0005227602800370215 -0.0016591951163805736 0.9999984868954828 1.0136357545852661
0.9999997461769993 0.0002396128086954868 -0.0006709930247122003 -0.004253734368830919 -0.00023855442183960384 0.9999987281119705 0.0015769800979271134 -0.01972435973584652 0.0006713700359147255 -0.001576819629300224 0.9999985314499875 1.0183875560760498
0.9999995933530444 0.0002296426009747699 -0.0008720997772852394 -0.00506032956764102 -0.00022821175326280876 0.9999986284404718 0.0016404379204542298 -0.020162325352430344 0.0008724752955792712 -0.0016402382299559495 0.9999982742012147 1.0472180843353271
0.9999996297658952 0.0002343084551900811 -0.0008279901087529906 -0.004883626941591501 -0.00023298144083651494 0.9999986889733601 0.001602426662575582 -0.020084090530872345 0.000828364485351764 -0.0016022331629740457 0.9999983733292623 1.04045569896698
0.9999999146476922 0.0001657848551149705 -0.0003784441707822914 -0.004268272314220667 -0.00016517004606759152 0.9999986676322395 0.0016240235841313627 -0.019705137237906456 0.00037871290507007755 -0.0016239609378760796 0.9999986096627375 1.0103645324707031
0.9999999173795736 0.00016693020413154793 0.00037064154260928574 -0.0028103720396757126 -0.00016750457972469234 0.9999987844264498 0.0015501896137723654 -0.018893947824835777 -0.00037038231859856034 -0.0015502515698508617 0.9999987297676975 0.9485422968864441
0.9999998269912367 0.00023229301231029895 -0.0005404234024914343 -0.004266141448169947 -0.00023144605202823183 0.9999987458609668 0.0015667511670017108 -0.019687585532665253 0.0005407866700734742 -0.001566625817077098 0.9999986266157206 1.0118821859359741
0.9999999085864326 0.000176695009877289 -0.00038936615171676316 -0.003977207932621241 -0.000176072370372724 0.9999987067934171 0.0015985649858731297 -0.01954730786383152 0.0003896481066418609 -0.0015984962831213257 0.9999986464910771 1.0015989542007446
0.9999998713401703 0.0002118609294582689 -0.00046090626961883233 -0.0040692673064768314 -0.00021113712001092434 0.9999987454369759 0.0015698871267697913 -0.019634447991847992 0.0004612382891286909 -0.0015697896103660186 0.9999986615090142 1.0069917440414429
0.9999996505547785 0.0002188493866107719 -0.0008068427769374809 -0.005039763171225786 -0.00021753150843236959 0.9999986428267651 0.0016331027740248021 -0.02021970972418785 0.0008071990854524271 -0.0016329266896185067 0.9999983409886551 1.045116662979126
0.9999998352814967 0.00021843922827633773 -0.0005307742295610216 -0.004261429887264967 -0.00021761028485860044 0.9999987574637348 0.0015613189136936907 -0.01972418650984764 0.0005311146233533933 -0.0015612031545842858 0.9999986402800589 1.0123413801193237
0.9999997223770756 0.00021547530227592786 -0.0007133135113866535 -0.004898381885141134 -0.00021431287401787766 0.9999986497360233 0.0016292931356637317 -0.02010922133922577 0.0007136636206560185 -0.001629139811065906 0.9999984182926052 1.0386230945587158
0.9999997604844301 0.00024785188970558356 -0.0006462201819451411 -0.004645376931875944 -0.00024683428715962873 0.9999987303191752 0.0015743039326872356 -0.019964318722486496 0.0006466095556564549 -0.001574144046318973 0.9999985519822538 1.027921199798584
0.9999996408877515 0.00023389148786463878 -0.0008145668416091931 -0.005207062233239412 -0.0002325553270701641 0.9999986280899974 0.0016400415062688357 -0.020297836512327194 0.0008149493158448566 -0.0016398514854515723 0.9999983233709533 1.0507171154022217
0.999999586054968 0.0002674363090345163 -0.0008696940343214767 -0.005335880909115076 -0.0002660114981506632 0.9999986231074094 0.0016379930305378309 -0.020360952243208885 0.0008701308956565162 -0.0016377610038857508 0.9999982803040806 1.0535401105880737
0.9999994984510528 0.00024629737278954785 -0.0009707910418525193 -0.005663286428898573 -0.00024466709593958804 0.999998560397287 0.0016790894454562894 -0.020547982305288315 0.0009712031996181961 -0.0016788510826857717 0.9999981191099248 1.0648033618927002
0.9999995459915031 0.0002494091244639215 -0.0009196803118532194 -0.005407681223005056 -0.0002479246513502636 0.9999986669622748 0.0016138794999247098 -0.02033286541700363 0.0009200816021577352 -0.0016136507557890343 0.9999982747890536 1.0526796579360962
0.9999996529846436 0.00024715812736316334 -0.0007955774336880989 -0.005125521216541529 -0.0002458710019328245 0.9999986615517084 0.001617542037376898 -0.02019728347659111 0.0007959761575097311 -0.0016173458666442352 0.9999983753058326 1.042376160621643
0.9999998136119531 0.00022009658348408733 -0.0005695029001409998 -0.004588565323501825 -0.00021918880987865396 0.9999987062810559 0.0015935471377990955 -0.019856175407767296 0.0005698528976449596 -0.0015934220121180522 0.9999985681359582 1.0202627182006836
0.9999999618139168 0.00016898586544613996 -0.0002186685677609411 -0.003817358985543251 -0.00016864257561117297 0.9999987549352053 0.0015689766477530874 -0.019435318186879158 0.000218933430381091 -0.0015689397110095421 0.9999987452473811 0.9897076487541199
0.9999999803385341 0.00017001074691390625 0.00010207486316517578 -0.0030751004815101624 -0.00017016735533282302 0.9999988055545114 0.0015362072197247071 -0.019045241177082062 -0.00010181356950547602 -0.0015362245593301318 0.999998814823348 0.9615535140037537
0.9999999670262806 0.00015557383885865615 0.0002043140186029955 -0.002952673938125372 -0.00015589194261984873 0.9999987744097256 0.0015578436213803627 -0.019025703892111778 -0.0002040714084852018 -0.0015578754209217287 0.9999987656887547 0.9580135345458984
0.9999999743037136 0.00017202928131213334 0.00014764314715384202 -0.003070300444960594 -0.00017225277320943915 0.9999988374682738 0.001515054811947939 -0.019125517457723618 -0.00014738234172355139 -0.001515080204958199 0.9999988414045379 0.9625698924064636
0.9999998849556706 0.00013275885538942196 0.00046093788279145633 -0.002598170191049576 -0.0001334634046083625 0.9999988224506198 0.0015288181361291018 -0.01889590546488762 -0.0004607343758684871 -0.0015288794785863948 0.9999987251248748 0.9439231157302856
0.9999990922893304 9.822567051250704e-05 0.0013437902489020356 -0.0012833033688366413 -0.00010029163726743712 0.9999988131144509 0.0015374365928445964 -0.018278883770108223 -0.0013436376382366057 -0.0015375699682212036 0.9999979152560718 0.8910065293312073
0.9999999192448251 0.00021397632192310016 0.00034018300474395006 -0.0029592164792120457 -0.00021447401100004997 0.999998905877017 0.0014636412358399484 -0.019136402755975723 -0.0003398694479736462 -0.001463714078056846 0.9999988710142906 0.9564669132232666
0.9999997349832896 0.0002473634248699365 -0.0006847223428554655 -0.0049154856242239475 -0.00024626977937901973 0.9999986947354179 0.001596833947679342 -0.020132072269916534 0.0006851164474258894 -0.0015966648980713513 0.9999984906371894 1.0379784107208252
0.9999999315032247 0.0001799182693424937 0.0003234547304631045 -0.003412715159356594 -0.00018044561009399634 0.9999986535577268 0.0016310493909563633 -0.019443180412054062 -0.0003231608393663489 -0.0016311076452209157 0.9999986175265054 0.9762606620788574
0.9999997863355923 0.000214119759445606 0.0006176418851544759 -0.002699937205761671 -0.00021500553697808306 0.9999989481078232 0.0014344183023218856 -0.019037675112485886 -0.0006173340981599715 -0.0014345507922629264 0.9999987804805742 0.9400445222854614
0.999999903622518 0.00023596126290791164 0.00037023943246226567 -0.0032177953980863094 -0.000236524873995441 0.9999988122879194 0.0015229834978680594 -0.019313016906380653 -0.0003698796276148741 -0.001523070921921856 0.9999987717212597 0.9621419906616211
0.9999999734132664 0.0001727686736204905 -0.00015272345024798455 -0.003939319867640734 -0.00017251850750251221 0.9999986459996756 0.001636531753545077 -0.019612351432442665 0.00015300598488078113 -0.0016365053624133455 0.9999986492187716 0.9983576536178589
0.9999995156158006 0.0001724497000894126 0.0009690352240274768 -0.002028682269155979 -0.00017388416901452855 0.9999988890641929 0.0014804170615763052 -0.018635034561157227 -0.0009687788500132719 -0.0014805848443703476 0.9999984346668042 0.9150673151016235
0.9999999066932969 0.00021145770789541524 0.0003766948824966389 -0.0030071218498051167 -0.000212024116980823 0.9999988461780834 0.001504223479009604 -0.019124247133731842 -0.00037637636820879396 -0.0015043032070553037 0.9999987977056222 0.9552329778671265
0.9999997832058944 0.0002426234647702249 -0.0006121454228549926 -0.004648893605917692 -0.00024165612614374102 0.9999987228806619 0.0015798225730064182 -0.019909463822841644 0.0006125279430986202 -0.0015796743018186726 0.9999985647182797 1.0232105255126953
0.999999982646191 0.00018502300319843905 2.1773976730099476e-05 -0.0037093493156135082 -0.0001850575153239457 0.999998709530885 0.0015958352925511178 -0.019446220248937607 -2.1478682393017123e-05 -0.0015958392942953294 0.9999987264169956 0.9846923351287842
0.9999975368173954 0.00010183551263353636 0.0022172028931737964 -0.0005055922083556652 -0.00010522181545537202 0.9999988282586504 0.0015272228701290061 -0.0180498156696558 -0.002217044769661602 -0.0015274524064138525 0.9999963757942499 0.8547720909118652
0.9999979649438532 0.00015943994907841535 0.0020111407347551667 -0.0006356728263199329 -0.00016224977766020424 0.9999990109682759 0.0013970459834036944 -0.018114358186721802 -0.002010916000732724 -0.0013973694474737359 0.999997001783238 0.8573355078697205
0.9999995497152198 0.00019393601364110763 0.0009289554245670951 -0.002337073441594839 -0.00019535937942270813 0.9999988068281865 0.001532376232039039 -0.01884356327354908 -0.0009286571332258264 -0.0015325570221885988 0.9999983944311626 0.9285612106323242
0.9999988200324647 0.00015424139736265672 0.0015284447222915379 -0.0015938184224069118 -0.0001565615497659617 0.9999988356131707 0.0015179791775080096 -0.018546752631664276 -0.0015282088073611283 -0.0015182166820163147 0.9999976797952819 0.8966317772865295
0.9999939437301529 8.929993203343748e-05 0.0034791562969249106 0.0009801869746297598 -9.437694989648763e-05 0.9999989310155685 0.0014591301217189584 -0.01757129468023777 -0.0034790222775402963 -0.001459449636992716 0.9999928831800504 0.79204922914505
0.9999867899995669 6.519062355646512e-05 0.005139608598382825 0.0031526300590485334 -7.221547024968676e-05 0.9999990635504605 0.0013666320382388387 -0.016610831022262573 -0.005139514693803975 -0.0013669851442808531 0.9999858582701695 0.6969199776649475
0.9999890441284864 6.980969720814049e-05 0.004680464678044381 0.0025596111081540585 -7.628515221814117e-05 0.9999990402714348 0.0013833426130544838 -0.016898440197110176 -0.004680363615339778 -0.001383684507290972 0.9999880897358792 0.7243375778198242
0.9999903897867634 3.6042859261021044e-05 0.004383951987624265 0.0022616498172283173 -4.2164983973141225e-05 0.9999990241427904 0.001396400938604855 -0.016925746574997902 -0.004383897379230609 -0.0013965723681593682 0.9999894154586784 0.7351482510566711
0.9999966022314745 0.00017592665990267002 0.002600879719617664 -1.867394894361496e-05 -0.00017950422258974328 0.9999990380937451 0.001375350798135303 -0.01791115291416645 -0.002600635256943084 -0.0013758129939037693 0.9999956719080666 0.8289792537689209
0.9999955061479365 7.350922141213495e-05 0.002997045265967117 0.00033644051291048527 -7.801727698134106e-05 0.9999988658314499 0.0015040774973071336 -0.01772337034344673 -0.0029969313032468634 -0.0015043045595160094 0.9999943777194727 0.8164239525794983
0.9999976063467167 0.00017117108484819994 0.0021812843226106595 -0.0005178693681955338 -0.00017422001779102706 0.9999990081016794 0.001397656267557227 -0.01817145198583603 -0.0021810429206588406 -0.0013980329454462061 0.9999966442722001 0.8519706726074219
