0.9999999705266345 0.00018610467855637784 0.00015592234663627783 -0.003543068189173937 -0.0001863571359209114 0.9999986693402216 0.001620675415829891 -0.019408896565437317 -0.00015562052387937543 -0.0016207044253050776 0.9999986745488305 0.9795438051223755
0.9999999737282893 0.00021702051841925168 -7.379373646428966e-05 -0.004028328228741884 -0.000216901699734504 0.9999986862803374 0.0016063596273042371 -0.019614487886428833 7.41422525190924e-05 -0.0016063435791155525 0.9999987070807804 0.9971756935119629
0.99999996874209 0.0002323723801159305 -9.229786404795568e-05 -0.0040725520811975 -0.0002322270901902993 0.9999987389424164 0.0015710455611107528 -0.01974782906472683 9.266281525134017e-05 -0.0015710240779387536 0.9999987616477077 1.0000226497650146
0.9999999246538518 0.00017057307463670614 0.000348707781342036 -0.003309928812086582 -0.0001711380593976115 0.9999986717989541 0.001620836849331795 -0.019289378076791763 -0.00034843084706312114 -0.0016208964043809776 0.999998625644451 0.970613420009613
0.9999999741260754 0.0002210903551253518 -5.354346974588487e-05 -0.003708156291395426 -0.00022100700581717837 0.9999987716891063 0.0015517010607390786 -0.019426649436354637 5.3886470116424886e-05 -0.0015516891871085528 0.999998794677731 0.9836755990982056
0.9999996463907972 0.00028600192224213447 -0.0007908357483467265 -0.005099964793771505 -0.0002847447612322349 0.9999986964947073 0.0015893172455542432 -0.020153924822807312 0.0007912892652754242 -0.0015890914972207023 0.9999984243235146 1.0405807495117188
0.9999996579096951 0.00025198704977694267 -0.0007878343860773454 -0.0050378902815282345 -0.0002507140161182153 0.9999986635759648 0.00161554596562982 -0.020113356411457062 0.000788240429858194 -0.0016153478918442383 0.9999983846628021 1.0402531623840332
0.9999999168722943 0.0002431500082261861 -0.0003273125089999724 -0.004428929183632135 -0.00024262957758648608 0.9999987079241696 0.0015891132370116391 -0.01988653652369976 0.0003276984789840421 -0.0015890336892165039 0.9999986837919548 1.0164179801940918
0.9999995748481922 0.0001529000241804107 0.0009093541760542525 -0.002658610697835684 -0.00015432403859683402 0.9999987617591588 0.0015660984133963262 -0.01914169453084469 -0.0009091135935694953 -0.001566238082775718 0.9999983602040267 0.9437751173973083
0.9999995802283616 0.00016191643054718052 0.000901845979060262 -0.0022393460385501385 -0.0001633002955704077 0.9999988091392175 0.001534618245749547 -0.018721211701631546 -0.0009015964251786494 -0.0015347648732752714 0.99999841580908 0.9258208274841309
0.9999999353545793 0.0002060416818095535 0.0002946823077653127 -0.003098815679550171 -0.000206486255030679 0.9999988395086522 0.0015094186878634552 -0.019109824672341347 -0.00029437096262404207 -0.0015094794381326033 0.9999988174080818 0.9595184326171875
0.9999999565329101 0.00023903041199255275 -0.00017262282665598324 -0.0038213501684367657 -0.00023876326085501371 0.9999987764895198 0.0015459662249702002 -0.01945527456700802 0.00017299214839382692 -0.0015459249417825566 0.9999987900941636 0.9893404245376587
0.9999983335108449 0.00018175197269233406 0.001816574180617193 -0.0015992037951946259 -0.00018465142505108738 0.9999987092316457 0.0015960698273634888 -0.018717622384428978 -0.0018162817470010492 -0.0015964026005415924 0.9999970763054024 0.9036270380020142
0.9999895443079122 7.184197571830184e-05 0.004572320372061541 0.002037053694948554 -7.824714962215211e-05 0.9999990159649088 0.0014006950409480177 -0.017474185675382614 -0.004572215244038726 -0.0014010381667482338 0.9999885659045396 0.7520533800125122
0.9999967783787784 0.00013189590023197697 0.002534923181461153 -0.00043963920325040817 -0.00013567868330831683 0.999998877534265 0.0014921533115109012 -0.018202321603894234 -0.0025347235271924347 -0.0014924924393976751 0.9999956738121216 0.8507031202316284
0.9999978582126436 0.000168609185930562 0.002062799328165548 -0.0007870341651141644 -0.00017162013868404424 0.9999989201235676 0.0014595541193058172 -0.01824524998664856 -0.00206255100636529 -0.0014599050111580353 0.9999968072752558 0.8641966581344604
0.9999999695523644 0.00022865072403926583 9.281226529983361e-05 -0.0036346367560327053 -0.00022879325949155826 0.9999987901118733 0.001538644999273445 -0.019488919526338577 -9.246034071425255e-05 -0.0015386661872460415 0.999998811978019 0.9818615317344666
0.9999998054808907 0.00017231655338090392 0.0005994540736270087 -0.003154326230287552 -0.00017330180145335008 0.9999986337588603 0.0016439120714217186 -0.019247841089963913 -0.0005991699813659831 -0.0016440156381202547 0.9999984691027859 0.9626699686050415
0.99999971464651 0.00025908634355254075 0.0007096345288670385 -0.0028548920527100563 -0.00026010727225244605 0.9999989308771665 0.0014389540403894998 -0.019279833883047104 -0.0007092609568396958 -0.0014391382108805428 0.999998712914224 0.9492778778076172
0.9999997026851564 0.00027241188950156194 -0.0007214023578859142 -0.004811143036931753 -0.00027127421428236855 0.9999987202737273 0.0015766614122599307 -0.019990064203739166 0.0007218309360027813 -0.0015764652456372718 0.9999984968575851 1.0311534404754639
0.9999996160224762 0.00025708183036259166 -0.0008377731390303209 -0.005176843609660864 -0.00025571683732835174 0.9999986404650032 0.001629011063295883 -0.02017092891037464 0.000838190789194252 -0.0016287962050947373 0.9999983222281541 1.0438551902770996
0.9999997532613113 0.00025496969673100277 -0.0006545744952965733 -0.004793656524270773 -0.0002539386768343975 0.9999987279173146 0.0015746996223827948 -0.019993241876363754 0.0006549751633088529 -0.00157453301206225 0.9999985459256073 1.0290052890777588
0.9999995842275294 0.0002939493873777526 -0.0008632140669244344 -0.00531721068546176 -0.0002925893248037434 0.9999987164357845 0.0015752835522313787 -0.020323334261775017 0.0008636760125688726 -0.0015750303300508422 0.9999983866703007 1.0500344038009644
0.999999941173978 0.0002390037462187345 -0.0002460269299008296 -0.004561574663966894 -0.000238606171987074 0.9999986678377204 0.0016147414280914334 -0.020072638988494873 0.0002464125314035222 -0.001614682629558669 0.9999986660395456 1.022119402885437
0.9999999434589766 0.00025399046710339546 -0.00022038803531757562 -0.004393723327666521 -0.0002536548884727431 0.9999988105516364 0.0015213660012475937 -0.01995879039168358 0.00022077418563867977 -0.001521310012725484 0.9999988184366039 1.0103647708892822
0.9999999734603292 0.00023000202456657437 -1.3357000863632263e-05 -0.003972502890974283 -0.0002299803212642417 0.9999986891528491 0.001602748150924275 -0.01966906152665615 1.3725618674228653e-05 -0.0016027450365405172 0.9999987155091526 0.9946476221084595
0.9999998787111237 0.00020739323006476224 0.0004467278657619957 -0.003122404683381319 -0.00020807310897518152 0.9999988195012205 0.0015223999957124088 -0.019305501133203506 -0.0004464116029477339 -0.0015224927631181191 0.9999987413654415 0.9615123271942139
0.9999998299786389 0.000205439947492373 0.0005457445570214087 -0.0029882038943469524 -0.00020626727489906211 0.9999988290866467 0.0015163374120315072 -0.019223488867282867 -0.0005454324017235108 -0.0015164497234643243 0.9999987014410227 0.9548952579498291
0.9999992227269922 0.0001915404153528095 0.0012320136689394773 -0.0020513171330094337 -0.0001933416626452991 0.9999989124666531 0.0014620822521989468 -0.018865540623664856 -0.0012317322812416625 -0.0014623193153330317 0.9999981722272331 0.9168181419372559
0.999999322737494 0.00017487956552530333 0.0011506266516469468 -0.002039465121924877 -0.00017665410850203068 0.9999987950210301 0.0015423196213834708 -0.018739843741059303 -0.00115035554498074 -0.001542521839753584 0.9999981486525336 0.9179387092590332
0.9999979937600953 0.00015663875100600775 0.0019969827453978025 -0.0008028727024793625 -0.00015954468257921157 0.9999989286362369 0.0014550848333934733 -0.018238848075270653 -0.001996752683231943 -0.0014554005221224468 0.9999969473893616 0.8662681579589844
0.9999987185105078 0.00016102991125390307 0.0015928109461498545 -0.0014808899722993374 -0.0001633942713441312 0.9999988849645589 0.001484375946787354 -0.018545255064964294 -0.0015925701411822195 -0.0014846343007591108 0.9999976297878604 0.8934173583984375
0.9999997210824256 0.0001954239813742227 0.0007208637449514145 -0.002671342808753252 -0.0001965417601767047 0.9999987780928906 0.0015508655849498067 -0.01899094507098198 -0.0007205597877956924 -0.0015510068322154196 0.9999985375846302 0.9430186748504639
0.9999996154599632 0.0001939397850135658 0.000855258607487613 -0.0024552899412810802 -0.00019523695823514545 0.9999988304776076 0.0015168803338733866 -0.018885919824242592 -0.0008549634237976775 -0.0015170467286611973 0.9999984838022341 0.9319739937782288
0.9999996127604369 0.00018491134325694227 0.0008603991928074409 -0.002530499827116728 -0.00018624008894101209 0.9999987898971187 0.0015445125209291538 -0.018968740478157997 -0.0008601125537509765 -0.0015446721636549934 0.9999984370959294 0.9370980858802795
0.9999989700845034 0.00017938112662326273 0.0014239565806254174 -0.0018453923985362053 -0.0001815507154023693 0.9999988227626803 0.0015236510725735622 -0.018727866932749748 -0.0014236815900446102 -0.0015239080236776259 0.9999978254151682 0.9097648859024048
0.9999978540925452 0.0001676500368855682 0.002064873790205973 -0.000957762822508812 -0.0001706341251399543 0.9999989413191002 0.001445076009676681 -0.01845339871942997 -0.0020646293371172062 -0.0014454252466100156 0.9999968240207348 0.8723357319831848
0.9999969709471206 0.00012290332698208038 0.002458249652792136 -0.0003160787746310234 -0.00012657054102410456 0.9999988794064715 0.0014916989304443729 -0.018103603273630142 -0.0024580635633320766 -0.001492005553997959 0.9999958659129272 0.848556399345398
0.9999929446447825 8.842840482111364e-05 0.0037553749578085154 0.0015158660244196653 -9.383072380464318e-05 0.9999989610933733 0.0014384046610490175 -0.01739036664366722 -0.003755243860494923 -0.0014387468821436366 0.9999919140427871 0.775352954864502
0.9999863714496867 0.0001549027244215842 0.005218517034093141 0.003441698383539915 -0.00016172288711354912 0.9999991334262239 0.00130651923401928 -0.016631051898002625 -0.005218310128474271 -0.0013073453816973687 0.9999855299390367 0.6500424146652222
0.9999862795007619 0.00018950117374990348 0.005234968913832747 0.0034516367595642805 -0.00019641430846975767 0.9999991093969369 0.0013200858881033445 -0.016612710431218147 -0.005234714093728152 -0.0013210959986649938 0.9999854261306605 0.6500353217124939
0.9999922854726464 0.00015982461685862536 0.003924723083765478 0.0018701513763517141 -0.00016500041412306603 0.9999991171934397 0.0013184791252808911 -0.017081087455153465 -0.003924508893573159 -0.0013191165347717542 0.9999914290440249 0.7492021918296814
0.999999757566112 0.00019317069282651566 -0.0006689938719003552 -0.0036893347278237343 -0.0001921228703136442 0.9999987554024553 0.0015659764822956311 -0.019071465358138084 0.0006692955400342598 -0.0015658475736269723 0.9999985500813771 0.9796744585037231
0.9999987132172791 0.000135896462007438 -0.0015984667457271296 -0.0038517764769494534 -0.00013359541751327273 0.9999989549220651 0.0014395509860916722 -0.01902591809630394 0.0015986607050906933 -0.0014393355858700612 0.9999976862958339 0.9907302856445312
0.999989735869501 0.0002020516887186412 -0.0045262932694294595 -0.006596312392503023 -0.00019452925620525954 0.9999985994249107 0.0016623196400704394 -0.01962030678987503 0.0045266228045063245 -0.0016614220813416533 0.9999883746137519 1.1160035133361816
0.9999989392259527 3.135939553041642e-05 0.001456215491557053 -0.000358551274985075 -3.3618772461237996e-05 0.9999987957933697 0.0015515416812908905 -0.017770208418369293 -0.0014561650825634374 -0.0015515889916330066 0.9999977360748641 0.8717048168182373
0.9999995168971295 0.0003149563291493049 0.0009311326535316815 -0.0015684380196034908 -0.0003163120316086638 0.9999988897385949 0.0014561827757003571 -0.017860356718301773 -0.0009306729857494282 -0.0014564766006756138 0.999998506260737 0.8710960745811462
0.9999985828123231 0.00018802064038451303 -0.0016730276699370979 -0.0038086893036961555 -0.00018536652821071203 0.9999987244446603 0.001586426267730811 -0.018714042380452156 0.001673323816780501 -0.001586113896136277 0.9999973421115244 1.0001859664916992
0.9999988130889662 9.867189086750758e-05 0.0015375579718431248 -0.0002855961211025715 -0.00010084097845111968 0.9999989998470208 0.0014107218206072494 -0.017423022538423538 -0.0015374172354604113 -0.0014108751950562609 0.9999978228873441 0.8378231525421143
0.9999993993895754 0.00032206371083959653 -0.001047614172609453 -0.0038183056749403477 -0.00032070169971421404 0.9999991035542024 0.0013000158504099383 -0.018864287063479424 0.001048031921409064 -0.0012996790979610659 0.9999986062306957 0.9850976467132568
0.9999949885205717 0.00041470383283176817 -0.003138623021740009 -0.006779480259865522 -0.0004100038321519009 0.9999987939943912 0.001497967496549705 -0.02002909407019615 0.0031392404494053174 -0.0014966731420498183 0.9999939525511674 1.111859679222107
0.9999946613845285 0.0003725305348027299 -0.0032462938010252725 -0.006409668829292059 -0.0003681596692168118 0.9999990251445247 0.0013469107090712392 -0.019641174003481865 0.0032467924017247677 -0.001345708363980923 0.9999938236849761 1.0921690464019775
0.9999963651556649 0.0003507491986368831 -0.002673321989121514 -0.0043592010624706745 -0.00034793393764823654 0.9999993845534297 0.0010534869418715072 -0.018450520932674408 0.0026736898535353005 -0.0010525529731641877 0.9999958717488816 1.0047166347503662
0.9999980874241454 0.00027206672153005517 -0.0019367828351423628 -0.003255079034715891 -0.00027008356053734447 0.9999994391021618 0.0010241338937855534 -0.01796886883676052 0.0019370603815559472 -0.0010236088418476932 0.9999976000081287 0.9561906456947327
0.9999983710308905 0.00027817883720593795 -0.0017834102443618838 -0.0031216731294989586 -0.0002762544068654764 0.999999379474136 0.0010792288197728132 -0.01787305623292923 0.0017837093563278646 -0.0010787343868031499 0.9999978273541671 0.94135981798172
0.9999991859340605 0.00019268014335203798 -0.0012613506959091676 -0.002986516337841749 -0.000190956072486514 0.9999990476652275 0.0013668227448159654 -0.0176388006657362 0.0012616128542834479 -0.0013665807695572051 0.999998270393507 0.932906985282898
0.9999996384720499 0.0003024449540683969 -0.0007947218502610398 -0.00221417099237442 -0.0003016980207483324 0.9999995128587262 0.0009398194584256291 -0.01790914498269558 0.0007950057067721616 -0.0009395793526453575 0.9999992425779963 0.9231523275375366
0.9999999498358156 0.00024485746039777797 -0.0002009308096757163 -0.0014339941553771496 -0.0002446085667631231 0.9999992040156948 0.0012377942583818823 -0.017545554786920547 0.00020123373289654767 -0.0012377450468915694 0.9999992137457827 0.895078182220459
0.9999990582037398 0.00028201377365571296 -0.0013431529567629423 -0.0025657331570982933 -0.0002808195325220775 0.9999995651977658 0.0008892382525670482 -0.017832545563578606 0.001343403150192321 -0.0008888602315003635 0.9999987025968909 0.9179661273956299
0.9999971694796777 -2.7309842319690288e-05 -0.0023791357265428316 -0.004426556173712015 3.0132931252675873e-05 0.9999992955656875 0.0011865749598084058 -0.01797361671924591 0.0023791016454229393 -0.0011866432915171568 0.9999964658702847 0.9456378817558289
0.9999954497962714 -3.7192659825007395e-05 -0.003016455446163988 -0.005493721459060907 4.064298875269613e-05 0.9999993450548824 0.0011437823016243413 -0.01844635047018528 0.0030164109302451636 -0.0011438996949466192 0.9999947963657548 0.9319928288459778
0.9999976157896544 -1.5844066514957528e-06 -0.002183669502596142 -0.004172567743808031 4.800254770170797e-06 0.9999989156001023 0.0014726763313610842 -0.017898226156830788 0.002183664801306982 -0.0014726833023608855 0.9999965313999477 0.9538403749465942
0.9999966686191236 0.0002789972584342629 -0.0025661081786758086 -0.0043085613287985325 -0.0002753744385790142 0.9999989651548264 0.0014120404367717267 -0.01839338429272175 0.002566499478561802 -0.001411329092128183 0.9999957106061108 1.0084866285324097
0.999997451476578 0.00022303512093948473 -0.0022466187224107694 -0.0038286480121314526 -0.000219756689188708 0.9999989109069405 0.0014594149274807647 -0.018146812915802002 0.0022469417764187627 -0.0014589174986353334 0.9999964113997538 0.9865846633911133
0.999991068293588 -5.875240958404348e-06 0.004226499559961224 0.0020885616540908813 1.2088601002958996e-06 0.9999993905042128 0.001104078684536798 -0.016168462112545967 -0.004226503470655857 -0.0011040637139834498 0.9999904588103469 0.6809071898460388
0.9999875427321626 0.0008403101785184623 0.004920188949140472 0.003258923999965191 -0.0008437944545643605 0.9999993946983162 0.0007061259942366358 -0.017640504986047745 -0.004919592606081543 -0.0007102688259866921 0.9999876464870879 0.4419463276863098
0.9999887716279272 0.0008244106540237678 0.004666579597798977 0.0026276251301169395 -0.0008279564683546281 0.9999993699992399 0.0007579506644611019 -0.017421573400497437 -0.004665951795247277 -0.0007618058786721179 0.9999888242103746 0.46125224232673645
0.9999845714967955 0.0009496450398451939 0.00547311087670992 0.0036102093290537596 -0.0009540581864994458 0.9999992218566769 0.0008037779653124357 -0.017161257565021515 -0.005472343314087339 -0.0008089872304590664 0.9999846993821024 0.46281591057777405
0.9999819163610544 0.0008292974433193764 0.005956443286365966 0.004110496491193771 -0.000834179160801945 0.9999993182203256 0.0008171315753295786 -0.016647819429636 -0.005955761580257726 -0.0008220855394791845 0.9999819263763544 0.47163158655166626
0.9999845086479472 0.0006536572296447588 0.005527675492418114 0.002978402655571699 -0.0006592748901386355 0.9999992680547306 0.0010145179259279805 -0.016584329307079315 -0.005527008299485301 -0.001018146467326612 0.999984207653815 0.5411200523376465
0.9999865245353531 0.0008033745381289423 0.005128872883695807 0.002692017937079072 -0.0008084281424621519 0.9999991897552377 0.0009833274157369594 -0.017003487795591354 -0.0051280787478449694 -0.0009874604901214232 0.9999863637720948 0.515131413936615
0.9999818474126712 0.0010861222953008382 0.005926650276582993 0.004378393292427063 -0.0010907659460469123 0.9999991006458645 0.0007803442273006412 -0.01712106727063656 -0.005925797397162277 -0.0007867946503297348 0.9999821327800742 0.43980640172958374
0.9999808687801415 0.000810840154851574 0.006132259938807954 0.004863345995545387 -0.0008136086539527793 0.9999995682272693 0.0004489835560315007 -0.016739264130592346 -0.006131893237169235 -0.00045396422618287945 0.9999810967222379 0.39208337664604187
0.9999828235803332 0.0011344371034645298 0.005750269277360806 0.005362894386053085 -0.0011365256308492168 0.9999992893723235 0.0003599504659793038 -0.01833612471818924 -0.005749856849896296 -0.0003664796117370463 0.9999834022817076 0.3406902551651001
0.9999825961316768 0.0007036101196105772 0.005857675866024951 0.005001479759812355 -0.0007053985797661427 0.9999997052234728 0.0003032586541052515 -0.01721268892288208 -0.005857460763461714 -0.00030738537246819195 0.999982797685859 0.34946978092193604
0.999984217748146 0.0007641788976598306 0.0055659936436414535 0.0037852206733077765 -0.0007680136347842781 0.9999994691935773 0.0006868534201921974 -0.01672396995127201 -0.005565465810286782 -0.0006911173391079723 0.9999842738499133 0.4519091546535492
0.999984651353435 0.0009113481758221909 0.005465025347748716 0.004102393519133329 -0.0009147208953851389 0.9999993927278633 0.0006146784429750035 -0.01740746572613716 -0.005464461842913374 -0.0006196679813722263 0.9999848777198385 0.4240078032016754
0.999984908266939 0.0007936873872764669 0.005436294573781622 0.003506394801661372 -0.0007979915375546296 0.9999993698546212 0.00078962007725533 -0.016744354739785194 -0.005435664436629661 -0.0007939462775854362 0.9999849114868887 0.47083359956741333
0.9999861271748841 0.0007039268980357175 0.005220147957560881 0.0028400705195963383 -0.0007087736362007034 0.9999993194557616 0.000926675750382224 -0.016925126314163208 -0.005219492093032813 -0.0009303627980209859 0.9999859455649138 0.5108636617660522
0.999987016484989 0.0008210435322798539 0.005029189693021388 0.0030847624875605106 -0.0008251509030703496 0.9999993277062936 0.000814685797086567 -0.01730426773428917 -0.005028517419424271 -0.0008188250600182001 0.9999870216848235 0.4737425446510315
0.9999860326320708 0.0008105429618342425 0.005222792440623181 0.0032584574073553085 -0.0008148564952405938 0.9999993286558031 0.0008238305864349569 -0.017185889184474945 -0.005222121184248205 -0.0008280749060335801 0.999986021773448 0.47783395648002625
0.9999851764060369 0.0007923674862075867 0.005386939943439315 0.0032046001870185137 -0.0007973356483191332 0.9999992587661981 0.0009201754824174238 -0.016800541430711746 -0.005386206833323467 -0.000924457041361956 0.999985066966066 0.5002281665802002
0.9999862597791466 0.0007204281874487589 0.005192421028772058 0.002886878326535225 -0.0007252523244438433 0.9999993071082531 0.0009272497395797363 -0.016840068623423576 -0.005191749414137183 -0.0009310028143841362 0.9999860893891377 0.5092766880989075
0.9999874208771113 0.0006742637211606023 0.004970257133959931 0.0025825239717960358 -0.0006790016639107226 0.999999316675159 0.0009516333095889459 -0.016972023993730545 -0.0049696120858432604 -0.0009549961517406224 0.9999871953870543 0.5144688487052917
0.9999867253291609 0.0006717160176856089 0.005108616549790318 0.002819439861923456 -0.0006769006472821633 0.9999992575970433 0.0010132180790591954 -0.01681494154036045 -0.005107932162325174 -0.001016662654771977 0.9999864376210666 0.5282126665115356
0.9999889816591493 0.00011796633373596339 0.004692829023339481 0.0031808512285351753 -0.00012380278304505117 0.9999992192842254 0.0012434242281111562 -0.016359325498342514 -0.004692678677376365 -0.0012439915129326324 0.999988215556537 0.6600894331932068
0.9999874334213398 0.00030608060834294923 0.005003929861828461 0.003349923063069582 -0.0003122459321625441 0.9999991931252564 0.0012313615688825672 -0.016501866281032562 -0.005003548928385744 -0.0012329085516247355 0.9999867221291611 0.6270431280136108
0.9999863118672923 0.0008266882680800459 0.005166494416705037 0.0026884772814810276 -0.0008321063770221841 0.9999991060718001 0.0010466396599778972 -0.016923978924751282 -0.005165624553502173 -0.0010509244063863243 0.9999861058439082 0.5369656682014465
0.9999874709897176 0.0008797747821148519 0.004927865655783274 0.0037627648562192917 -0.0008824924865925544 0.9999994597106422 0.000549350011203882 -0.018307723104953766 -0.004927379689023491 -0.0005536919328081091 0.9999877071017642 0.400906503200531
0.9999869276876652 0.0007770859691609488 0.005053769996814562 0.0038008494302630424 -0.0007797743837993983 0.9999995555186739 0.0005300135514762322 -0.01798522286117077 -0.0050533558844138545 -0.0005339474233586756 0.9999870891638823 0.4034358859062195
0.9999891988014863 0.0007024908367102127 0.004594429995700904 0.0020783287473022938 -0.0007072620139371277 0.9999992122804771 0.0010369276101074433 -0.017321933060884476 -0.004593697944434268 -0.0010401658758581352 0.9999889079355558 0.5312778949737549
0.9999863899950668 0.0003787144830263077 0.005203498820439972 0.0032514454796910286 -0.0003848876159685533 0.9999992233527084 0.0011853925522653402 -0.01633203588426113 -0.005203045853829092 -0.0011873791813225504 0.99998575912086 0.5883312821388245
0.999987125905042 0.00011517206660747525 0.005072943875919091 0.0034753563813865185 -0.00012184249545226123 0.9999991284724689 0.001314613520605574 -0.016128970310091972 -0.005072788047952881 -0.0013152146962874083 0.9999862684215832 0.6548787355422974
0.9999912329427322 0.00048347777857900905 0.004159361358646973 0.002200497081503272 -0.0004884134016982041 0.9999991777881727 0.0011856961362174425 -0.017318885773420334 -0.004158784681036862 -0.001187717228981583 0.9999906468751398 0.5991429090499878
0.9999925225495543 0.00016454922582207163 0.0038636470505111417 0.0022781421430408955 -0.00016980851436760303 0.999999059509678 0.001360935276693741 -0.016847115010023117 -0.0038634194759423106 -0.001361581180533338 0.9999916100081245 0.6758099794387817
0.9999904982476914 0.0006916346211303434 0.004304074335441129 0.0020275493152439594 -0.000696283387654626 0.9999991758186753 0.0010786804043101856 -0.017437640577554703 -0.004303324735390684 -0.0010816670104151617 0.9999901556478947 0.5672522187232971
0.999990320604944 0.000624133855282444 0.004355359153005005 0.0021690106950700283 -0.0006290072770813317 0.9999991775834144 0.0011176682601790457 -0.017372336238622665 -0.004354657996485249 -0.001120396994427957 0.9999898907810559 0.5720080137252808
0.999990647850008 0.0001033905702270233 0.004323600688243718 0.002814972773194313 -0.00010900608297700902 0.9999991508915395 0.0012985891860509192 -0.01649785041809082 -0.004323462755161357 -0.0012990483402254551 0.9999898100196895 0.6987654566764832
0.9999898365699001 2.810612719306708e-05 0.004508432870734825 0.0029169186018407345 -3.438126382547432e-05 0.999999030861799 0.001391795024893965 -0.016588587313890457 -0.004508389383472307 -0.0013919358851024845 0.9999888684078732 0.7158932685852051
0.9999913031725427 0.00014016545348044862 0.00416820500034806 0.0021379049867391586 -0.00014553352580351332 0.9999991604701993 0.0012875864588542598 -0.01710093952715397 -0.0041680210258758475 -0.0012881818745069634 0.9999904840488162 0.7471924424171448
0.9999958282418757 6.780566184663356e-05 0.0028877155741282327 0.00044225994497537613 -7.207239931494711e-05 0.9999989059444838 0.0014774692566952524 -0.017715640366077423 -0.002887612234026272 -0.0014776712176408442 0.9999947390778405 0.8182231187820435
0.9999941389776196 7.559549724923713e-05 0.0034229074965503067 0.0014550541527569294 -8.035391415388842e-05 0.9999990306489478 0.0013900519461691923 -0.01725517399609089 -0.003422799096883251 -0.0013903188430587606 0.9999931757066429 0.7779171466827393
0.9999919882669763 4.3316268646578944e-05 0.004002689790669918 0.0022622186224907637 -4.883104671459277e-05 0.9999990498054182 0.0013776805833022423 -0.01687134988605976 -0.00400262631135351 -0.0013778650012253692 0.999991040195186 0.7422280311584473
0.9999948309549908 5.8049613313612935e-05 0.0032147618172747626 0.0012340610846877098 -6.24698858176796e-05 0.9999990528610915 0.001374908881806209 -0.017435679212212563 -0.0032146789595198337 -0.0013751026006439716 0.9999938874473308 0.7892053723335266
0.9999923107849218 4.6706142975654966e-05 0.0039212484706434275 0.002040248131379485 -5.18545942028738e-05 0.9999991368402409 0.0013128708521012444 -0.017286919057369232 -0.003921183766845816 -0.0013130640919031067 0.9999914500537278 0.7526905536651611
0.9999914014905597 4.804722361006846e-05 0.0041466415820799706 0.002210537437349558 -5.3868065831787145e-05 0.9999990134343434 0.0014036483074737476 -0.017106642946600914 -0.004146570049741697 -0.0014038596097522493 0.9999904175215972 0.7443416714668274
0.9999957308473003 9.317889852198836e-05 0.0029205487270061166 0.0005177652928978205 -9.738032474593725e-05 0.9999989606671138 0.0014384650725114663 -0.017756903544068336 -0.0029204116569927596 -0.0014387433354678906 0.9999947005926425 0.8148983716964722
0.9999957959188469 9.069601341893328e-05 0.002898261352139574 0.0006094605196267366 -9.479551471685581e-05 0.9999989952949201 0.0014143630937924158 -0.01772277057170868 -0.0028981301631475363 -0.0014146318898718493 0.999994799815566 0.8105791807174683
0.9999954921389156 -2.360852022607068e-05 0.003002523019993998 0.0008948484901338816 1.9387204274516677e-05 0.9999990114719469 0.0014059442610706732 -0.01747013069689274 -0.0030025532441792873 -0.0014058797127421243 0.9999945040730219 0.7976306676864624
0.9999927070670923 0.00014879210758239557 0.0038162381394004777 0.0018069306388497353 -0.00015420483834269717 0.9999989826246066 0.0014180869574980642 -0.017113791778683662 -0.0038160232567065588 -0.0014186650978703897 0.9999917126435818 0.7569813132286072
0.9999922758067769 3.177678494457262e-05 0.003930307496780764 0.0020680648740381002 -3.732342373418603e-05 0.9999990035846015 0.0014111827544530577 -0.017021305859088898 -0.003930258737710948 -0.001411318546736897 0.9999912805850931 0.7510836124420166
0.9999935766527067 5.437706102613645e-05 0.0035838103273638368 0.0016020452603697777 -5.9529686948161256e-05 0.9999989647948043 0.0014376597428294373 -0.017117932438850403 -0.0035837284416731945 -0.0014378638513484888 0.9999925446912099 0.7686396837234497
0.9999928402200132 9.321037872867041e-05 0.00378296451696396 0.001927306642755866 -9.839055088035945e-05 0.9999990578336598 0.0013691789847477133 -0.0169830322265625 -0.0037828333310904105 -0.0013695413896902045 0.9999919072314392 0.7563308477401733
0.9999952635679051 0.00012008441789135803 0.003075454679937562 0.0009211148135364056 -0.0001243205050772351 0.9999990438884008 0.0013772315332696108 -0.017489541321992874 -0.003075286355412696 -0.0013776073521851269 0.99999432238979 0.797789990901947
0.9999969802530285 0.0001020336788305775 0.0024554172665162814 5.567609332501888e-05 -0.0001056382274429503 0.9999989170347001 0.0014679134824619026 -0.01776888407766819 -0.002455264830771764 -0.001468168435662277 0.9999959080696558 0.8323929905891418
0.9999922179616917 4.1689916835605096e-05 0.003944905322906275 0.001969274366274476 -4.7294500808043003e-05 0.9999989897837162 0.0014206318230534777 -0.017037203535437584 -0.003944842111676124 -0.001420807339970191 0.9999912097249736 0.7531931400299072
0.9999902653128657 7.287164187327578e-05 0.00441179886529441 0.0025831335224211216 -7.886050727454035e-05 0.9999990757490634 0.001357306906642638 -0.016795529052615166 -0.004411695878502364 -0.0013576416103810674 0.9999893468176213 0.7284514307975769
0.9999870995146982 7.84635356087455e-05 0.005078843141407923 0.0033407947048544884 -8.524472685386534e-05 0.9999991052784354 0.0013349815225661412 -0.01646777242422104 -0.005078733849887208 -0.0013353972452529541 0.9999862114932784 0.6930763721466064
0.9999880783273438 6.675957166503123e-05 0.004882493865367477 0.0032243081368505955 -7.326411646636712e-05 0.9999991101358712 0.0013320509880416413 -0.016525018960237503 -0.004882400593457931 -0.0013323928193649992 0.9999871933649048 0.7021870613098145
0.9999940321705536 7.429588850969971e-05 0.003453998175871057 0.0013606983702629805 -7.919666080476516e-05 0.9999989904315918 0.0014187542726327921 -0.017288513481616974 -0.0034538892812143547 -0.0014190193508712215 0.9999930284921565 0.7788583636283875
0.9999858712687631 5.1018837548011765e-05 0.00531551125766632 0.0035569213796406984 -5.842297646872177e-05 0.9999990283682175 0.0013927847559393194 -0.016308968886733055 -0.00531543503468744 -0.0013930756256469582 0.9999849026313812 0.6812900900840759
0.9999852520691673 0.00027213738840677 0.005424166793699049 0.0030863131396472454 -0.0002782921332783427 0.9999993183359339 0.001133966999662252 -0.016479749232530594 -0.0054238545014216296 -0.0011354597789436506 0.9999846461488486 0.6079167127609253
0.9999867392721302 0.00031373112862786187 0.005140316397952254 0.0029015534091740847 -0.0003194466587294109 0.9999993316838764 0.0011111190899038158 -0.016730116680264473 -0.005139964369949812 -0.0011127464125540718 0.9999861711852301 0.6024249196052551
0.999985411762209 0.00016091297047789909 0.00539910823946132 0.003405862022191286 -0.0001675902154420487 0.9999992217358181 0.0012363014510897439 -0.016375232487916946 -0.005398905100589862 -0.00123718825334324 0.99998466047682 0.6310338377952576
0.9999858455948909 0.00013286999012816766 0.005318924274397959 0.003529474837705493 -0.00013972516157303975 0.9999991601531193 0.0012884758186473113 -0.01635671965777874 -0.005318748607546694 -0.0012892007685922358 0.9999850243251786 0.6456104516983032
0.9999866815095463 0.00010979845175343931 0.005159917424283635 0.003377760760486126 -0.00011635586541466505 0.9999991860766849 0.0012705539265820704 -0.016369393095374107 -0.005159773719652531 -0.0012711373913790987 0.9999858803727653 0.68680340051651
0.9999972450252655 0.00013242388330177087 0.00234358823048878 -0.00036037666723132133 -0.00013587959983088303 0.9999989037766301 0.0014744430380086938 -0.018008407205343246 -0.002343390409919792 -0.0014747574217863042 0.99999616679862 0.8460022211074829
0.9999929038422298 4.750281701175141e-05 0.0037669627908202474 0.0015071604866534472 -5.294047998117576e-05 0.9999989568569553 0.001443427278047304 -0.017205560579895973 -0.0037668902944773533 -0.0014436164600778265 0.9999918632214093 0.7684108018875122
0.9999872481609836 7.368787975864323e-05 0.005049562903808393 0.0033619140740484 -8.029065317141838e-05 0.9999991421252721 0.0013074028188226146 -0.01648145355284214 -0.005049462232174283 -0.0013077915797361165 0.9999863962136434 0.6942931413650513
0.9999911751993493 8.251627415256291e-05 0.004200323141020115 0.0022584600374102592 -8.828527889692027e-05 0.9999990531259593 0.001373300001744085 -0.01690453477203846 -0.004200205844243731 -0.001373658709345298 0.9999902356186366 0.7392477989196777
0.9999879725816024 3.0248791980765534e-05 0.004904465021448726 0.0030136588029563427 -3.7103511603715305e-05 0.9999990227188559 0.0013975638311395353 -0.016513749957084656 -0.004904417953789931 -0.0013977289949294344 0.9999869964345491 0.7019678354263306
0.999986507043937 4.971844267771814e-05 0.005194541186899699 0.0035309246741235256 -5.674422092539579e-05 0.9999990839069928 0.0013523924239608094 -0.016236184164881706 -0.005194469189371635 -0.0013526689363819687 0.9999855937845249 0.677201509475708
0.9999866397114223 4.2988058544116375e-05 0.005168999002182338 0.0034763538278639317 -5.0180010473910134e-05 0.9999990309648003 0.0013912409664383258 -0.016229821369051933 -0.0051689341864922436 -0.0013914817594816026 0.9999856728463106 0.6824115514755249
0.9999857047763723 0.0002973624436744997 0.005338709439507895 0.003128495765849948 -0.00030328832514622925 0.9999993388360019 0.0011092086148793822 -0.016642751172184944 -0.005338376072761151 -0.0011108119267385333 0.9999851338083829 0.6022535562515259
0.9999855689419902 0.00016528501289940248 0.0053697847842404615 0.0033977830316871405 -0.00017190757964328772 0.9999992252468529 0.0012328639334195193 -0.016395607963204384 -0.005369576850051662 -0.0012337692485940418 0.99998482261377 0.6293843984603882
0.9999864922268304 0.00037259283893689623 0.005184258717974391 0.002756365342065692 -0.0003781635082573374 0.9999993521911387 0.001073596601804647 -0.016881151124835014 -0.005183855345159916 -0.0010755425973697774 0.999985985327735 0.592727541923523
0.9999888448418098 0.0006383716540447963 0.00468002922797331 0.0021432475186884403 -0.0006436222984433627 0.999999165108731 0.001120505322827639 -0.017270972952246666 -0.004679310021821468 -0.0011235049945819999 0.9999884208300851 0.557746410369873
0.9999858897785873 0.00022943490586357348 0.0053073160214261285 0.0032178619876503944 -0.0002354281422362307 0.9999993353686715 0.0011286433471998448 -0.016631431877613068 -0.005307053543837511 -0.0011298769133435047 0.9999852791720705 0.61043381690979
0.9999892486671491 8.988789926262663e-05 0.004636212923899114 0.0029574623331427574 -9.616134209008181e-05 0.999999080160418 0.0013529343346102031 -0.016471143811941147 -0.004636087046901778 -0.0013533656132198241 0.9999883374811979 0.7083097696304321
0.9999961512169009 0.00012074189400731275 0.002771817595020985 0.0005234102718532085 -0.0001246864353893061 0.9999989798190049 0.0014229596769349602 -0.017500638961791992 -0.0027716429564188638 -0.0014232998083272776 0.9999951460947086 0.8085157871246338
0.9999953365345409 4.109367876010916e-05 0.0030537223973739237 0.0007075397297739983 -4.562543713720566e-05 0.9999988978952548 0.0014839563995344479 -0.0173786710947752 -0.003053658050624402 -0.0014840888065743114 0.9999942363098521 0.7993780374526978
0.9999955688972836 0.00015957014992420268 0.0029726626391142967 0.000762412790209055 -0.00016368207657460027 0.9999990301829659 0.0013830550625071776 -0.01739690639078617 -0.002972439061871754 -0.0013835355056418587 0.99999462520332 0.797869861125946
0.9999958380525565 2.1304656752538483e-05 0.002885034432593309 0.0007383213378489017 -2.5475650307371144e-05 0.9999989546429282 0.0014457053788919352 -0.017289096489548683 -0.0028850006164452997 -0.0014457728600704588 0.9999947932425852 0.7980180382728577
0.9999970682115059 6.175484804202181e-05 0.0024206930271342543 0.0006730963941663504 -6.521418081169052e-05 0.9999989768322096 0.0014290142212498417 -0.017201703041791916 -0.0024206023018030353 -0.0014291678951951511 0.9999960490740071 0.8069673776626587
0.9999982520223194 6.616973660182539e-05 0.0018685753589979248 -9.725475683808327e-05 -6.889011103555583e-05 0.9999989379089562 0.00145582798175043 -0.01756448857486248 -0.001868477042646681 -0.0014559541633595704 0.9999971944915724 0.8413690328598022
0.9999992695012833 0.00017227627325871507 0.0011963769412881326 -0.001250783447176218 -0.0001739989030867111 0.9999989481806376 0.0014399173588933313 -0.018194060772657394 -0.00119612761931931 -0.0014401244753110105 0.9999982476585717 0.887211799621582
0.9999995517988728 0.0001731741305002204 0.0009308129639051585 -0.002092931419610977 -0.00017457168600634103 0.9999988574146619 0.0015015638837396715 -0.01867898367345333 -0.0009305518683519564 -0.001501725704325512 0.9999984394453468 0.9201756715774536
0.9999999301521783 0.00018626498776158252 0.00032403856746851626 -0.0030012475326657295 -0.0001867484670472885 0.9999988685560655 0.0014926525379418288 -0.019099660217761993 -0.0003237601719303325 -0.001492712947389039 0.9999988334930235 0.9560412764549255
0.9999999160071568 0.0002630231081333226 -0.00031433186858972515 -0.00412749731913209 -0.0002625503236698391 0.999998835744007 0.0015031892621056146 -0.01974140852689743 0.00031472687613879507 -0.001503106607914637 0.9999988208080639 1.0057920217514038
0.9999999073842347 0.0002018841015393343 -0.00038009779211154083 -0.004427044186741114 -0.0002012674950167398 0.9999986649981659 0.001621571238464067 -0.01984381675720215 0.00038042465413285056 -0.0016214945869505262 0.9999986130152316 1.0150238275527954
0.9999999819145968 0.00016445243215820307 -9.553116684072649e-05 -0.0034701842814683914 -0.00016430357254805313 0.9999987756932287 0.0015561543560743956 -0.01921861246228218 9.578696324994206e-05 -0.0015561386318187146 0.9999987846279697 0.976297914981842
0.9999999833208358 0.000182061960625773 -1.4552346060099775e-05 -0.0031282352283596992 -0.00018203953611473892 0.9999988185087233 0.001526382247328093 -0.019073033705353737 1.4830225011242774e-05 -0.0015263795727669866 0.9999988349720536 0.9667143821716309
0.9999997945564308 0.0002580712043633571 -0.0005867591921365947 -0.004408786538988352 -0.0002571490994948424 0.9999987328302227 0.0015710545151516727 -0.019865911453962326 0.0005871638925439254 -0.0015709033077907475 0.9999985937496916 1.021335482597351
0.9999999288274684 0.00015457146014813996 -0.00034416961182319586 -0.004022770095616579 -0.00015401539452771548 0.999998683842225 0.0016151139512761631 -0.01958916150033474 0.0003444188093634398 -0.001615060828905865 0.9999986364761716 1.002660870552063
0.999999929824304 0.00022686879322446495 -0.00029813073982835024 -0.003657531924545765 -0.00022641045348768577 0.9999987939310461 0.0015365138333135252 -0.01940273866057396 0.00029847896730125724 -0.0015364462255715943 0.999998775120901 0.9902490377426147
0.9999999227162246 0.0001627504114365398 -0.0003578824505094787 -0.0039004781283438206 -0.00016218090942680935 0.999998721582975 0.001590763894614379 -0.01952945999801159 0.00035814089046480786 -0.0015907057299728478 0.9999986706943081 1.0009868144989014
0.9999998772468541 0.00024011369576987723 -0.0004334186080708489 -0.0039636907167732716 -0.00023945269225450906 0.9999988092792004 0.0015245007673034832 -0.01956944912672043 0.00043378414550373866 -0.0015243967969136422 0.9999987440220716 1.0025756359100342
