9.994957e-01 5.285910e-04 3.175039e-02 3.572251e-01 -4.980204e-04 9.999994e-01 -9.707416e-04 -2.406137e-02 -3.175088e-02 9.544393e-04 9.994955e-01 4.033719e-01
9.999686e-01 1.295488e-04 7.917298e-03 5.728753e-01 -1.276861e-04 1.000000e+00 -2.357757e-04 -4.479843e-02 -7.917321e-03 2.347576e-04 9.999685e-01 8.614399e-01
9.996838e-01 4.169613e-04 2.514091e-02 7.227282e-01 -3.974877e-04 9.999996e-01 -7.795707e-04 -6.387166e-02 -2.514124e-02 7.693308e-04 9.996837e-01 1.330778e+00
9.999903e-01 9.993642e-05 4.393789e-03 9.639761e-01 -9.950584e-05 1.000000e+00 -9.821387e-05 -8.806231e-02 -4.393785e-03 9.777580e-05 9.999902e-01 1.886822e+00
9.992643e-01 5.993577e-04 3.834597e-02 1.179999e+00 -5.535286e-04 9.999991e-01 -1.205754e-03 -1.082065e-01 -3.834667e-02 1.183641e-03 9.992639e-01 2.321214e+00
9.999857e-01 1.017574e-04 5.346041e-03 1.361002e+00 -1.010515e-04 1.000000e+00 -1.323182e-04 -1.262435e-01 -5.346033e-03 1.317760e-04 9.999856e-01 2.712297e+00
9.994770e-01 5.266480e-04 3.233489e-02 1.615466e+00 -4.939522e-04 9.999994e-01 -1.019143e-03 -1.464096e-01 -3.233543e-02 1.002639e-03 9.994767e-01 3.097295e+00
9.999293e-01 1.929981e-04 1.189158e-02 1.787998e+00 -1.891831e-04 9.999999e-01 -3.219348e-04 -1.658606e-01 -1.189161e-02 3.196620e-04 9.999291e-01 3.556469e+00
9.994411e-01 5.395883e-04 3.342442e-02 1.942822e+00 -5.047437e-04 9.999993e-01 -1.050920e-03 -1.848534e-01 -3.342500e-02 1.033463e-03 9.994408e-01 4.020316e+00
9.999974e-01 8.834349e-05 2.274055e-03 2.116912e+00 -8.835915e-05 1.000000e+00 6.842269e-06 -2.098576e-01 -2.274017e-03 -7.043777e-06 9.999973e-01 4.691659e+00
9.991918e-01 6.359272e-04 4.019134e-02 2.285399e+00 -5.849355e-04 9.999990e-01 -1.280474e-03 -2.314858e-01 -4.019215e-02 1.255930e-03 9.991913e-01 5.245748e+00
9.999958e-01 -8.207366e-06 -2.890350e-03 2.547975e+00 8.623338e-06 1.000000e+00 1.438328e-04 -2.530796e-01 2.890394e-03 -1.438579e-04 9.999957e-01 5.676569e+00
9.992255e-01 6.235464e-04 3.934490e-02 2.885631e+00 -5.741978e-04 9.999990e-01 -1.265549e-03 -2.754730e-01 -3.934570e-02 1.241978e-03 9.992250e-01 6.045035e+00
9.999836e-01 1.446337e-04 5.728951e-03 3.136907e+00 -1.440413e-04 1.000000e+00 -1.037658e-04 -2.943490e-01 -5.728914e-03 1.029379e-04 9.999835e-01 6.384055e+00
9.994927e-01 5.055356e-04 3.184642e-02 3.439889e+00 -4.738795e-04 9.999994e-01 -1.001571e-03 -3.194335e-01 -3.184696e-02 9.859729e-04 9.994924e-01 6.904252e+00
9.999943e-01 2.483890e-05 -3.379176e-03 3.738008e+00 -2.421522e-05 1.000000e+00 1.844937e-04 -3.470447e-01 3.379237e-03 -1.844119e-04 9.999942e-01 7.532307e+00
9.994149e-01 5.300647e-04 3.420008e-02 3.996878e+00 -4.935372e-04 9.999993e-01 -1.076495e-03 -3.740041e-01 -3.420069e-02 1.058987e-03 9.994145e-01 8.182244e+00
9.999901e-01 1.437631e-04 4.435469e-03 4.243736e+00 -1.434664e-04 1.000000e+00 -6.710926e-05 -3.979450e-01 -4.435416e-03 6.647102e-05 9.999901e-01 8.730442e+00
9.995847e-01 4.362393e-04 2.881493e-02 4.531220e+00 -4.108277e-04 9.999995e-01 -8.878214e-04 -4.249541e-01 -2.881536e-02 8.756160e-04 9.995845e-01 9.347524e+00
9.999751e-01 1.558352e-04 7.046964e-03 4.741520e+00 -1.544332e-04 1.000000e+00 -1.994215e-04 -4.468766e-01 -7.046927e-03 1.983269e-04 9.999751e-01 9.861323e+00
9.993485e-01 5.402460e-04 3.608764e-02 5.051215e+00 -5.002066e-04 9.999992e-01 -1.118538e-03 -4.656086e-01 -3.608829e-02 1.099760e-03 9.993481e-01 1.011161e+01
9.999605e-01 -6.488954e-05 -8.881603e-03 5.749433e+00 6.748983e-05 1.000000e+00 2.923961e-04 -4.946146e-01 8.881656e-03 -2.929855e-04 9.999604e-01 1.025964e+01
9.996456e-01 3.910970e-04 2.661892e-02 6.672384e+00 -3.695114e-04 9.999996e-01 -8.158481e-04 -5.297554e-01 -2.661930e-02 8.057245e-04 9.996454e-01 1.035261e+01
9.999377e-01 -1.020642e-04 -1.115919e-02 7.413278e+00 1.057599e-04 9.999999e-01 3.305288e-04 -5.606728e-01 1.115923e-02 -3.316900e-04 9.999376e-01 1.051488e+01
9.997250e-01 3.486402e-04 2.344968e-02 8.334834e+00 -3.324412e-04 9.999997e-01 -6.947213e-04 -5.965488e-01 -2.344999e-02 6.867361e-04 9.997249e-01 1.063873e+01
9.998133e-01 -2.197252e-04 -1.932298e-02 9.090586e+00 2.302970e-04 9.999998e-01 5.448438e-04 -6.283412e-01 1.932293e-02 -5.491936e-04 9.998131e-01 1.081082e+01
9.996521e-01 3.983333e-04 2.637446e-02 9.862323e+00 -3.777002e-04 9.999996e-01 -7.873164e-04 -6.600518e-01 -2.637484e-02 7.770824e-04 9.996519e-01 1.096379e+01
9.999670e-01 -6.127856e-05 -8.121083e-03 1.061730e+01 6.301549e-05 1.000000e+00 2.135243e-04 -6.898468e-01 8.121148e-03 -2.140306e-04 9.999669e-01 1.106432e+01
9.997229e-01 3.507592e-04 2.353933e-02 1.130543e+01 -3.344709e-04 9.999997e-01 -6.959283e-04 -7.192680e-01 -2.353965e-02 6.878638e-04 9.997227e-01 1.124159e+01
9.998932e-01 -1.398848e-04 -1.461060e-02 1.206664e+01 1.461144e-04 9.999999e-01 4.252459e-04 -7.529844e-01 1.461061e-02 -4.273369e-04 9.998931e-01 1.149611e+01
9.998063e-01 2.946157e-04 1.968205e-02 1.280478e+01 -2.835250e-04 9.999998e-01 -5.663195e-04 -7.871610e-01 -1.968229e-02 5.606311e-04 9.998062e-01 1.179965e+01
9.999536e-01 -8.700566e-05 -9.628768e-03 1.349202e+01 8.952792e-05 1.000000e+00 2.614297e-04 -8.194726e-01 9.628825e-03 -2.622813e-04 9.999535e-01 1.209930e+01
9.997020e-01 3.697041e-04 2.440760e-02 1.405145e+01 -3.524971e-04 9.999997e-01 -7.093166e-04 -8.485247e-01 -2.440794e-02 7.005033e-04 9.997019e-01 1.243639e+01
9.998893e-01 -1.458196e-04 -1.487364e-02 1.457145e+01 1.523053e-04 9.999999e-01 4.348599e-04 -8.790890e-01 1.487365e-02 -4.370787e-04 9.998892e-01 1.288950e+01
9.995985e-01 4.124417e-04 2.833387e-02 1.520142e+01 -3.891526e-04 9.999996e-01 -8.274905e-04 -9.115855e-01 -2.833428e-02 8.161336e-04 9.995982e-01 1.327140e+01
9.997807e-01 -2.384597e-04 -2.093785e-02 1.577741e+01 2.506153e-04 9.999998e-01 5.778873e-04 -9.404135e-01 2.093779e-02 -5.830097e-04 9.997805e-01 1.356366e+01
9.996753e-01 3.860717e-04 2.548020e-02 1.619506e+01 -3.675861e-04 9.999997e-01 -7.302040e-04 -9.670553e-01 -2.548056e-02 7.206024e-04 9.996751e-01 1.397991e+01
9.998695e-01 -1.997147e-04 -1.614924e-02 1.667652e+01 2.064085e-04 9.999999e-01 4.127679e-04 -9.926426e-01 1.614924e-02 -4.160491e-04 9.998694e-01 1.427083e+01
9.996963e-01 4.060663e-04 2.464102e-02 1.703352e+01 -3.894742e-04 9.999997e-01 -6.781861e-04 -1.018272e+00 -2.464137e-02 6.683848e-04 9.996962e-01 1.473084e+01
9.998573e-01 -2.258595e-04 -1.688908e-02 1.756444e+01 2.331073e-04 9.999999e-01 4.271097e-04 -1.046905e+00 1.688907e-02 -4.309874e-04 9.998572e-01 1.507675e+01
9.996610e-01 4.548824e-04 2.603254e-02 1.800673e+01 -4.369100e-04 9.999997e-01 -6.960990e-04 -1.074981e+00 -2.603293e-02 6.844908e-04 9.996609e-01 1.553080e+01
9.997530e-01 -2.808748e-04 -2.222027e-02 1.836928e+01 2.939002e-04 9.999998e-01 5.828849e-04 -1.101309e+00 2.222019e-02 -5.892733e-04 9.997529e-01 1.602302e+01
9.997481e-01 3.218740e-04 2.244342e-02 1.873232e+01 -3.079523e-04 9.999998e-01 -6.237961e-04 -1.124455e+00 -2.244371e-02 6.167291e-04 9.997480e-01 1.637728e+01
9.997290e-01 -2.959861e-04 -2.327574e-02 1.899711e+01 3.106602e-04 9.999998e-01 6.267878e-04 -1.147562e+00 2.327563e-02 -6.338505e-04 9.997288e-01 1.686223e+01
9.997274e-01 3.691001e-04 2.334609e-02 1.903497e+01 -3.533278e-04 9.999997e-01 -6.797498e-04 -1.163865e+00 -2.334642e-02 6.713174e-04 9.997273e-01 1.735586e+01
9.997689e-01 -2.672265e-04 -2.149676e-02 1.933336e+01 2.793490e-04 9.999998e-01 5.608718e-04 -1.184234e+00 2.149669e-02 -5.667490e-04 9.997687e-01 1.767383e+01
9.996768e-01 3.943770e-04 2.541988e-02 1.981135e+01 -3.756204e-04 9.999997e-01 -7.426803e-04 -1.206621e+00 -2.542025e-02 7.328938e-04 9.996767e-01 1.783826e+01
9.997373e-01 -2.961084e-04 -2.291567e-02 2.040484e+01 3.100138e-04 9.999998e-01 6.032137e-04 -1.232155e+00 2.291557e-02 -6.101612e-04 9.997371e-01 1.797145e+01
9.993514e-01 5.646633e-04 3.600666e-02 2.108217e+01 -5.273071e-04 9.999993e-01 -1.046994e-03 -1.259707e+00 -3.600731e-02 1.027331e-03 9.993511e-01 1.808226e+01
9.997167e-01 -3.132615e-04 -2.379855e-02 2.173183e+01 3.281002e-04 9.999998e-01 6.195626e-04 -1.285077e+00 2.379843e-02 -6.271972e-04 9.997165e-01 1.814430e+01
9.993474e-01 5.593372e-04 3.611837e-02 2.230963e+01 -5.222519e-04 9.999993e-01 -1.036226e-03 -1.311797e+00 -3.611901e-02 1.016688e-03 9.993471e-01 1.835973e+01
9.998395e-01 -2.221887e-04 -1.791317e-02 2.278435e+01 2.304472e-04 9.999999e-01 4.589029e-04 -1.337785e+00 1.791315e-02 -4.629591e-04 9.998394e-01 1.868474e+01
9.995191e-01 5.249131e-04 3.100434e-02 2.309966e+01 -4.985300e-04 9.999995e-01 -8.587064e-04 -1.362279e+00 -3.100487e-02 8.428387e-04 9.995190e-01 1.915644e+01
9.997291e-01 -3.290938e-04 -2.327275e-02 2.357140e+01 3.432789e-04 9.999998e-01 6.054731e-04 -1.390006e+00 2.327263e-02 -6.132999e-04 9.997289e-01 1.955316e+01
9.993631e-01 6.139363e-04 3.568032e-02 2.401589e+01 -5.793598e-04 9.999994e-01 -9.794265e-04 -1.418450e+00 -3.568099e-02 9.581328e-04 9.993628e-01 2.001734e+01
9.994340e-01 -4.638231e-04 -3.363538e-02 2.450423e+01 4.959849e-04 9.999994e-01 9.478166e-04 -1.450424e+00 3.363501e-02 -9.639647e-04 9.994336e-01 2.056541e+01
9.992529e-01 6.582950e-04 3.864275e-02 2.500973e+01 -6.160499e-04 9.999992e-01 -1.105147e-03 -1.480404e+00 -3.864354e-02 1.080517e-03 9.992525e-01 2.101232e+01
9.994574e-01 -4.472210e-04 -3.293503e-02 2.531882e+01 4.780162e-04 9.999995e-01 9.271212e-04 -1.506520e+00 3.293469e-02 -9.423634e-04 9.994570e-01 2.156479e+01
9.992447e-01 6.395250e-04 3.885411e-02 2.582747e+01 -5.966368e-04 9.999992e-01 -1.115442e-03 -1.536289e+00 -3.885489e-02 1.091419e-03 9.992443e-01 2.199250e+01
9.994051e-01 -4.450301e-04 -3.448419e-02 2.633594e+01 4.798623e-04 9.999994e-01 1.001785e-03 -1.568411e+00 3.448382e-02 -1.017739e-03 9.994047e-01 2.252336e+01
9.993276e-01 6.091737e-04 3.666194e-02 2.677301e+01 -5.719077e-04 9.999993e-01 -1.026986e-03 -1.600121e+00 -3.666264e-02 1.005330e-03 9.993273e-01 2.313409e+01
9.993431e-01 -5.119347e-04 -3.623483e-02 2.732087e+01 5.502910e-04 9.999993e-01 1.048548e-03 -1.633422e+00 3.623435e-02 -1.067801e-03 9.993427e-01 2.365719e+01
9.993583e-01 5.936204e-04 3.581572e-02 2.772299e+01 -5.585163e-04 9.999994e-01 -9.901589e-04 -1.664854e+00 -3.581638e-02 9.695215e-04 9.993580e-01 2.430420e+01
9.994291e-01 -4.370919e-04 -3.378090e-02 2.810793e+01 4.695224e-04 9.999994e-01 9.520599e-04 -1.694686e+00 3.378055e-02 -9.673791e-04 9.994287e-01 2.490731e+01
9.986590e-01 8.264444e-04 5.176461e-02 2.842408e+01 -7.488026e-04 9.999986e-01 -1.519297e-03 -1.719925e+00 -5.176589e-02 1.478500e-03 9.986582e-01 2.541621e+01
9.994485e-01 -4.052710e-04 -3.320420e-02 2.886759e+01 4.380623e-04 9.999994e-01 9.802574e-04 -1.750184e+00 3.320388e-02 -9.942641e-04 9.994480e-01 2.595250e+01
9.993479e-01 5.668215e-04 3.610425e-02 2.946818e+01 -5.305596e-04 9.999993e-01 -1.013971e-03 -1.785935e+00 -3.610489e-02 9.941559e-04 9.993476e-01 2.650522e+01
9.994982e-01 -3.920541e-04 -3.167063e-02 3.015176e+01 4.212471e-04 9.999995e-01 9.150601e-04 -1.822478e+00 3.167035e-02 -9.279439e-04 9.994979e-01 2.698183e+01
9.992641e-01 5.962039e-04 3.835401e-02 3.101114e+01 -5.549300e-04 9.999993e-01 -1.086798e-03 -1.861973e+00 -3.835472e-02 1.064716e-03 9.992637e-01 2.733708e+01
9.993294e-01 -4.593577e-04 -3.661117e-02 3.165385e+01 5.000738e-04 9.999993e-01 1.102935e-03 -1.899919e+00 3.661073e-02 -1.120506e-03 9.993289e-01 2.792439e+01
9.989817e-01 7.224876e-04 4.511141e-02 3.214486e+01 -6.621506e-04 9.999989e-01 -1.352465e-03 -1.931445e+00 -4.511243e-02 1.321219e-03 9.989811e-01 2.845065e+01
9.994146e-01 -4.583809e-04 -3.420844e-02 3.283092e+01 4.933742e-04 9.999994e-01 1.014469e-03 -1.965033e+00 3.420805e-02 -1.030754e-03 9.994141e-01 2.879131e+01
9.990458e-01 6.986240e-04 4.366892e-02 3.377424e+01 -6.425502e-04 9.999990e-01 -1.298118e-03 -2.004904e+00 -4.366987e-02 1.268821e-03 9.990453e-01 2.904007e+01
9.995729e-01 -3.938450e-04 -2.921996e-02 3.471457e+01 4.194526e-04 9.999995e-01 8.702031e-04 -2.044234e+00 2.921970e-02 -8.820896e-04 9.995726e-01 2.927505e+01
9.991916e-01 6.618876e-04 4.019645e-02 3.533912e+01 -6.150919e-04 9.999991e-01 -1.176563e-03 -2.078780e+00 -4.019729e-02 1.150889e-03 9.991912e-01 2.974028e+01
9.994548e-01 -4.146100e-04 -3.301179e-02 3.596257e+01 4.483088e-04 9.999994e-01 1.013372e-03 -2.115803e+00 3.301144e-02 -1.027621e-03 9.994544e-01 3.031620e+01
9.991971e-01 6.719222e-04 4.005841e-02 3.640653e+01 -6.249981e-04 9.999991e-01 -1.183935e-03 -2.148604e+00 -4.005926e-02 1.157950e-03 9.991967e-01 3.096554e+01
9.995176e-01 -4.129424e-04 -3.105502e-02 3.680028e+01 4.420500e-04 9.999995e-01 9.303866e-04 -2.178488e+00 3.105472e-02 -9.436674e-04 9.995172e-01 3.155378e+01
9.995168e-01 5.448260e-04 3.108093e-02 3.694643e+01 -5.174057e-04 9.999995e-01 -8.902980e-04 -2.204587e+00 -3.108150e-02 8.737881e-04 9.995165e-01 3.231213e+01
9.995254e-01 -4.123542e-04 -3.080193e-02 3.711608e+01 4.416484e-04 9.999995e-01 9.442069e-04 -2.232942e+00 3.080162e-02 -9.573642e-04 9.995250e-01 3.313758e+01
9.993698e-01 6.355880e-04 3.549258e-02 3.737781e+01 -5.995890e-04 9.999993e-01 -1.024937e-03 -2.263094e+00 -3.549331e-02 1.003012e-03 9.993695e-01 3.392387e+01
9.993896e-01 -4.970045e-04 -3.493048e-02 3.765076e+01 5.336698e-04 9.999993e-01 1.040308e-03 -2.291630e+00 3.493003e-02 -1.058316e-03 9.993891e-01 3.462061e+01
9.994535e-01 5.264754e-04 3.305279e-02 3.831161e+01 -4.940197e-04 9.999994e-01 -9.901328e-04 -2.323702e+00 -3.305339e-02 9.732647e-04 9.994532e-01 3.492543e+01
9.994290e-01 -4.736601e-04 -3.378497e-02 3.894420e+01 5.083251e-04 9.999994e-01 1.017425e-03 -2.355748e+00 3.378457e-02 -1.034020e-03 9.994285e-01 3.526984e+01
9.994132e-01 5.344173e-04 3.424898e-02 3.988131e+01 -5.011349e-04 9.999994e-01 -9.803917e-04 -2.397643e+00 -3.424958e-02 9.626547e-04 9.994129e-01 3.561043e+01
9.994584e-01 -4.635914e-04 -3.290437e-02 4.090394e+01 4.970458e-04 9.999994e-01 1.008501e-03 -2.442504e+00 3.290398e-02 -1.024312e-03 9.994579e-01 3.596088e+01
9.993539e-01 6.030776e-04 3.593593e-02 4.173579e+01 -5.657277e-04 9.999993e-01 -1.049543e-03 -2.482069e+00 -3.593663e-02 1.028536e-03 9.993536e-01 3.635455e+01
9.994313e-01 -4.991841e-04 -3.371531e-02 4.258186e+01 5.330100e-04 9.999994e-01 9.942569e-04 -2.519798e+00 3.371489e-02 -1.011664e-03 9.994309e-01 3.664980e+01
9.993266e-01 6.326036e-04 3.668679e-02 4.336626e+01 -5.939736e-04 9.999993e-01 -1.063891e-03 -2.556288e+00 -3.668754e-02 1.041386e-03 9.993263e-01 3.697813e+01
9.995094e-01 -4.250934e-04 -3.131500e-02 4.390337e+01 4.546310e-04 9.999995e-01 9.360815e-04 -2.589822e+00 3.131468e-02 -9.498608e-04 9.995091e-01 3.752552e+01
9.994217e-01 5.743852e-04 3.399934e-02 4.448420e+01 -5.410804e-04 9.999994e-01 -9.888000e-04 -2.622973e+00 -3.399999e-02 9.698335e-04 9.994214e-01 3.799464e+01
9.994466e-01 -4.928650e-04 -3.325916e-02 4.510145e+01 5.254290e-04 9.999994e-01 9.703216e-04 -2.654799e+00 3.325876e-02 -9.872617e-04 9.994462e-01 3.835239e+01
9.994663e-01 5.677143e-04 3.266223e-02 4.550932e+01 -5.360723e-04 9.999994e-01 -9.775496e-04 -2.680826e+00 -3.266286e-02 9.595203e-04 9.994660e-01 3.874987e+01
9.994516e-01 -4.932300e-04 -3.310723e-02 4.602042e+01 5.254933e-04 9.999994e-01 9.657726e-04 -2.708764e+00 3.310683e-02 -9.826424e-04 9.994513e-01 3.908583e+01
9.993902e-01 6.004445e-04 3.491420e-02 4.667714e+01 -5.646257e-04 9.999993e-01 -1.035796e-03 -2.740437e+00 -3.491489e-02 1.015453e-03 9.993898e-01 3.938538e+01
9.995432e-01 -4.241923e-04 -3.021800e-02 4.729482e+01 4.516243e-04 9.999995e-01 9.009370e-04 -2.773430e+00 3.021770e-02 -9.141744e-04 9.995429e-01 3.979875e+01
9.993442e-01 5.958198e-04 3.620644e-02 4.774200e+01 -5.558011e-04 9.999992e-01 -1.115382e-03 -2.799451e+00 -3.620717e-02 1.094529e-03 9.993438e-01 4.015028e+01
9.995131e-01 -4.185154e-04 -3.119796e-02 4.803629e+01 4.480691e-04 9.999995e-01 9.402672e-04 -2.823548e+00 3.119764e-02 -9.537900e-04 9.995127e-01 4.063040e+01
9.993774e-01 5.759278e-04 3.527948e-02 4.831593e+01 -5.375724e-04 9.999993e-01 -1.096699e-03 -2.846247e+00 -3.528018e-02 1.077052e-03 9.993769e-01 4.107151e+01
9.995237e-01 -4.002682e-04 -3.085724e-02 4.857562e+01 4.295036e-04 9.999995e-01 9.407743e-04 -2.870032e+00 3.085694e-02 -9.535812e-04 9.995233e-01 4.158492e+01
9.988551e-01 7.604659e-04 4.783234e-02 4.886499e+01 -6.916405e-04 9.999987e-01 -1.455451e-03 -2.895675e+00 -4.783348e-02 1.420703e-03 9.988544e-01 4.214313e+01
9.993258e-01 -4.670552e-04 -3.670926e-02 4.916446e+01 5.081357e-04 9.999993e-01 1.109716e-03 -2.921879e+00 3.670881e-02 -1.127623e-03 9.993253e-01 4.271139e+01
9.987701e-01 7.788909e-04 4.957496e-02 4.948029e+01 -7.051478e-04 9.999986e-01 -1.505006e-03 -2.948174e+00 -4.957616e-02 1.468199e-03 9.987693e-01 4.326118e+01
9.993234e-01 -4.608747e-04 -3.677536e-02 4.991230e+01 5.021679e-04 9.999993e-01 1.113582e-03 -2.977243e+00 3.677491e-02 -1.131297e-03 9.993229e-01 4.376920e+01
9.989284e-01 7.259743e-04 4.627766e-02 5.047278e+01 -6.619985e-04 9.999988e-01 -1.397773e-03 -3.009003e+00 -4.627872e-02 1.365641e-03 9.989277e-01 4.421469e+01
9.992122e-01 -4.768227e-04 -3.968250e-02 5.078612e+01 5.246914e-04 9.999991e-01 1.195849e-03 -3.035781e+00 3.968200e-02 -1.215730e-03 9.992116e-01 4.479393e+01
9.989911e-01 6.765643e-04 4.490444e-02 5.119632e+01 -6.146989e-04 9.999988e-01 -1.391535e-03 -3.061559e+00 -4.490543e-02 1.362530e-03 9.989904e-01 4.518979e+01
9.992136e-01 -4.874098e-04 -3.964635e-02 5.189003e+01 5.355522e-04 9.999991e-01 1.203645e-03 -3.094103e+00 3.964583e-02 -1.223933e-03 9.992130e-01 4.547902e+01
9.985171e-01 8.158897e-04 5.443333e-02 5.243446e+01 -7.248203e-04 9.999983e-01 -1.692791e-03 -3.121462e+00 -5.443472e-02 1.650828e-03 9.985160e-01 4.576674e+01
9.994010e-01 -4.125328e-04 -3.460201e-02 5.291833e+01 4.489151e-04 9.999994e-01 1.043641e-03 -3.146706e+00 3.460166e-02 -1.058551e-03 9.994006e-01 4.605167e+01
9.986291e-01 8.043772e-04 5.233946e-02 5.335482e+01 -7.220452e-04 9.999985e-01 -1.591957e-03 -3.173517e+00 -5.234076e-02 1.551985e-03 9.986281e-01 4.646252e+01
9.989506e-01 -5.640167e-04 -4.579541e-02 5.402783e+01 6.277387e-04 9.999989e-01 1.377044e-03 -3.207177e+00 4.579468e-02 -1.404348e-03 9.989498e-01 4.682920e+01
9.985710e-01 8.184475e-04 5.343658e-02 5.478690e+01 -7.324965e-04 9.999984e-01 -1.628061e-03 -3.242387e+00 -5.343792e-02 1.586594e-03 9.985700e-01 4.714533e+01
9.991056e-01 -5.017919e-04 -4.228140e-02 5.535303e+01 5.569960e-04 9.999990e-01 1.293825e-03 -3.274919e+00 4.228080e-02 -1.316220e-03 9.991048e-01 4.761447e+01
9.986583e-01 8.032026e-04 5.177783e-02 5.572902e+01 -7.226569e-04 9.999985e-01 -1.574334e-03 -3.304425e+00 -5.177912e-02 1.534806e-03 9.986574e-01 4.821716e+01
9.992035e-01 -4.995817e-04 -3.990082e-02 5.613692e+01 5.479084e-04 9.999991e-01 1.200203e-03 -3.332717e+00 3.990028e-02 -1.221111e-03 9.992029e-01 4.872328e+01
9.987451e-01 7.671222e-04 5.007749e-02 5.654197e+01 -6.909988e-04 9.999986e-01 -1.537437e-03 -3.359147e+00 -5.007870e-02 1.500905e-03 9.987442e-01 4.915508e+01
9.989128e-01 -5.444727e-04 -4.661286e-02 5.683926e+01 6.111347e-04 9.999988e-01 1.415844e-03 -3.385375e+00 4.661213e-02 -1.442793e-03 9.989120e-01 4.972480e+01
9.989533e-01 6.881940e-04 4.573657e-02 5.712521e+01 -6.243285e-04 9.999988e-01 -1.410682e-03 -3.410342e+00 -4.573759e-02 1.380652e-03 9.989526e-01 5.024916e+01
9.990078e-01 -5.573653e-04 -4.453159e-02 5.768405e+01 6.158064e-04 9.999990e-01 1.298606e-03 -3.436332e+00 4.453092e-02 -1.324742e-03 9.990071e-01 5.043614e+01
9.988742e-01 7.174224e-04 4.743275e-02 5.806697e+01 -6.489828e-04 9.999987e-01 -1.458292e-03 -3.458791e+00 -4.743384e-02 1.425869e-03 9.988734e-01 5.072556e+01
9.990848e-01 -5.465385e-04 -4.276783e-02 5.859216e+01 6.002248e-04 9.999990e-01 1.242425e-03 -3.484325e+00 4.276721e-02 -1.266960e-03 9.990842e-01 5.094547e+01
9.991270e-01 6.351469e-04 4.177311e-02 5.926738e+01 -5.830287e-04 9.999990e-01 -1.259856e-03 -3.514518e+00 -4.177397e-02 1.234403e-03 9.991264e-01 5.114740e+01
9.990196e-01 -5.636184e-04 -4.426555e-02 5.986782e+01 6.209498e-04 9.999990e-01 1.281390e-03 -3.543174e+00 4.426489e-02 -1.307622e-03 9.990189e-01 5.138690e+01
9.990665e-01 6.244043e-04 4.319433e-02 6.062671e+01 -5.700788e-04 9.999990e-01 -1.270040e-03 -3.576837e+00 -4.319518e-02 1.244232e-03 9.990659e-01 5.162164e+01
9.990070e-01 -5.766705e-04 -4.454934e-02 6.148075e+01 6.353670e-04 9.999989e-01 1.303375e-03 -3.613245e+00 4.454864e-02 -1.330388e-03 9.990063e-01 5.184159e+01
9.988872e-01 7.134120e-04 4.715811e-02 6.236917e+01 -6.482879e-04 9.999988e-01 -1.396284e-03 -3.651278e+00 -4.715915e-02 1.364160e-03 9.988865e-01 5.208609e+01
9.990621e-01 -5.582289e-04 -4.329534e-02 6.331855e+01 6.128128e-04 9.999990e-01 1.247432e-03 -3.687985e+00 4.329470e-02 -1.272796e-03 9.990615e-01 5.218753e+01
9.989205e-01 6.825707e-04 4.644832e-02 6.431557e+01 -6.196758e-04 9.999989e-01 -1.368501e-03 -3.725935e+00 -4.644930e-02 1.338243e-03 9.989198e-01 5.227399e+01
9.989680e-01 -5.939359e-04 -4.541474e-02 6.538258e+01 6.550582e-04 9.999989e-01 1.330961e-03 -3.766199e+00 4.541400e-02 -1.359338e-03 9.989673e-01 5.236262e+01
9.988908e-01 7.051325e-04 4.708245e-02 6.636696e+01 -6.396084e-04 9.999988e-01 -1.406771e-03 -3.803224e+00 -4.708348e-02 1.375098e-03 9.988901e-01 5.242988e+01
9.988962e-01 -6.249789e-04 -4.696713e-02 6.721633e+01 6.891390e-04 9.999989e-01 1.349847e-03 -3.835872e+00 4.696633e-02 -1.380726e-03 9.988955e-01 5.249530e+01
9.984908e-01 8.572304e-04 5.491292e-02 6.799306e+01 -7.682362e-04 9.999984e-01 -1.641759e-03 -3.869195e+00 -5.491433e-02 1.597097e-03 9.984898e-01 5.269698e+01
9.985565e-01 -7.201205e-04 -5.370620e-02 6.880927e+01 8.042950e-04 9.999985e-01 1.545683e-03 -3.902421e+00 5.370511e-02 -1.586650e-03 9.985555e-01 5.283237e+01
9.987079e-01 7.737004e-04 5.081278e-02 6.957553e+01 -6.959911e-04 9.999986e-01 -1.547033e-03 -3.931612e+00 -5.081400e-02 1.509671e-03 9.987070e-01 5.286505e+01
9.987944e-01 -6.390488e-04 -4.908349e-02 7.016765e+01 7.084298e-04 9.999988e-01 1.396110e-03 -3.956872e+00 4.908264e-02 -1.429201e-03 9.987936e-01 5.298133e+01
9.987419e-01 7.688063e-04 5.014005e-02 7.077719e+01 -6.940112e-04 9.999986e-01 -1.509147e-03 -3.983150e+00 -5.014124e-02 1.472453e-03 9.987411e-01 5.311509e+01
9.989132e-01 -6.131719e-04 -4.660368e-02 7.155210e+01 6.762002e-04 9.999989e-01 1.336640e-03 -4.014395e+00 4.660291e-02 -1.366702e-03 9.989125e-01 5.322937e+01
9.985847e-01 8.234416e-04 5.317847e-02 7.217317e+01 -7.398493e-04 9.999985e-01 -1.591616e-03 -4.043582e+00 -5.317980e-02 1.550021e-03 9.985838e-01 5.347143e+01
9.991066e-01 -5.305703e-04 -4.225554e-02 7.339730e+01 5.883032e-04 9.999989e-01 1.353814e-03 -4.095465e+00 4.225488e-02 -1.377465e-03 9.991059e-01 5.384127e+01
9.990492e-01 6.183401e-04 4.359317e-02 7.442243e+01 -5.618862e-04 9.999990e-01 -1.307294e-03 -4.140579e+00 -4.359404e-02 1.281558e-03 9.990486e-01 5.420607e+01
9.990397e-01 -5.246615e-04 -4.380906e-02 7.487627e+01 5.829785e-04 9.999990e-01 1.318357e-03 -4.169954e+00 4.380843e-02 -1.342632e-03 9.990390e-01 5.468619e+01
9.984269e-01 8.161181e-04 5.606305e-02 7.546588e+01 -7.204107e-04 9.999982e-01 -1.727354e-03 -4.199697e+00 -5.606446e-02 1.684250e-03 9.984258e-01 5.499971e+01
9.992946e-01 -4.405177e-04 -3.755088e-02 7.608257e+01 4.838458e-04 9.999992e-01 1.144723e-03 -4.229416e+00 3.755045e-02 -1.162086e-03 9.992940e-01 5.528411e+01
9.988010e-01 7.223755e-04 4.895027e-02 7.665756e+01 -6.500696e-04 9.999987e-01 -1.493067e-03 -4.259932e+00 -4.895138e-02 1.459457e-03 9.988001e-01 5.564781e+01
9.989687e-01 -5.302034e-04 -4.540012e-02 7.711722e+01 5.926899e-04 9.999989e-01 1.362861e-03 -4.288919e+00 4.539944e-02 -1.388366e-03 9.989679e-01 5.610022e+01
9.987921e-01 6.933753e-04 4.913126e-02 7.773822e+01 -6.187516e-04 9.999986e-01 -1.534090e-03 -4.317580e+00 -4.913235e-02 1.501839e-03 9.987912e-01 5.631645e+01
9.995369e-01 -3.193362e-04 -3.042816e-02 7.824827e+01 3.487590e-04 9.999995e-01 9.615970e-04 -4.346460e+00 3.042794e-02 -9.717654e-04 9.995364e-01 5.671249e+01
9.989406e-01 6.767338e-04 4.601443e-02 7.861770e+01 -6.123408e-04 9.999988e-01 -1.413526e-03 -4.374751e+00 -4.601543e-02 1.383854e-03 9.989398e-01 5.726906e+01
9.994520e-01 -3.937525e-04 -3.309761e-02 7.929820e+01 4.272663e-04 9.999994e-01 1.005453e-03 -4.407486e+00 3.309730e-02 -1.019045e-03 9.994516e-01 5.758587e+01
9.983083e-01 8.727877e-04 5.813724e-02 7.991526e+01 -7.702572e-04 9.999981e-01 -1.786010e-03 -4.436069e+00 -5.813879e-02 1.738209e-03 9.983070e-01 5.782972e+01
9.989008e-01 -5.588328e-04 -4.687058e-02 8.039443e+01 6.257965e-04 9.999988e-01 1.413991e-03 -4.464250e+00 4.686983e-02 -1.441770e-03 9.988999e-01 5.822867e+01
9.980458e-01 9.453407e-04 6.248018e-02 8.104570e+01 -8.299659e-04 9.999979e-01 -1.872538e-03 -4.499354e+00 -6.248192e-02 1.817024e-03 9.980445e-01 5.868640e+01
9.987293e-01 -5.787207e-04 -5.039198e-02 8.176063e+01 6.571456e-04 9.999986e-01 1.539702e-03 -4.538247e+00 5.039112e-02 -1.570862e-03 9.987283e-01 5.921586e+01
9.985745e-01 7.412283e-04 5.337073e-02 8.271545e+01 -6.546143e-04 9.999984e-01 -1.640370e-03 -4.577745e+00 -5.337196e-02 1.603096e-03 9.985735e-01 5.942870e+01
9.986948e-01 -5.929705e-04 -5.107120e-02 8.353312e+01 6.731522e-04 9.999986e-01 1.552774e-03 -4.614114e+00 5.107031e-02 -1.585128e-03 9.986938e-01 5.970070e+01
9.985175e-01 7.826284e-04 5.442649e-02 8.431686e+01 -6.936970e-04 9.999984e-01 -1.652878e-03 -4.650946e+00 -5.442780e-02 1.612674e-03 9.985165e-01 6.004139e+01
9.985425e-01 -6.489752e-04 -5.396611e-02 8.506131e+01 7.367422e-04 9.999984e-01 1.606421e-03 -4.684684e+00 5.396508e-02 -1.643840e-03 9.985414e-01 6.029908e+01
9.986278e-01 7.340754e-04 5.236432e-02 8.576666e+01 -6.501048e-04 9.999985e-01 -1.620632e-03 -4.715369e+00 -5.236553e-02 1.584368e-03 9.986268e-01 6.047763e+01
9.990960e-01 -4.544422e-04 -4.250653e-02 8.648648e+01 5.111324e-04 9.999990e-01 1.322776e-03 -4.750909e+00 4.250598e-02 -1.343309e-03 9.990953e-01 6.085545e+01
9.984779e-01 7.946669e-04 5.514900e-02 8.706296e+01 -7.027024e-04 9.999983e-01 -1.686969e-03 -4.784311e+00 -5.515034e-02 1.645649e-03 9.984767e-01 6.134328e+01
9.988294e-01 -5.508482e-04 -4.836759e-02 8.757149e+01 6.220617e-04 9.999987e-01 1.457256e-03 -4.814162e+00 4.836683e-02 -1.485639e-03 9.988285e-01 6.176471e+01
9.988063e-01 6.518247e-04 4.884377e-02 8.835723e+01 -5.785801e-04 9.999987e-01 -1.513728e-03 -4.846958e+00 -4.884479e-02 1.483663e-03 9.988053e-01 6.192170e+01
9.989366e-01 -5.188606e-04 -4.610064e-02 8.933865e+01 5.842381e-04 9.999988e-01 1.404642e-03 -4.884749e+00 4.609996e-02 -1.430084e-03 9.989358e-01 6.202344e+01
9.984756e-01 7.994611e-04 5.518928e-02 9.009661e+01 -7.071267e-04 9.999983e-01 -1.692589e-03 -4.919796e+00 -5.519064e-02 1.650985e-03 9.984745e-01 6.232583e+01
9.986006e-01 -6.275142e-04 -5.288030e-02 9.085747e+01 7.126007e-04 9.999985e-01 1.590164e-03 -4.954307e+00 5.287932e-02 -1.625623e-03 9.985995e-01 6.259553e+01
9.985099e-01 7.669186e-04 5.456737e-02 9.174549e+01 -6.768712e-04 9.999984e-01 -1.668701e-03 -4.991202e+00 -5.456866e-02 1.629281e-03 9.985087e-01 6.278870e+01
9.986431e-01 -6.163277e-04 -5.207148e-02 9.260566e+01 6.987431e-04 9.999985e-01 1.564508e-03 -5.027871e+00 5.207054e-02 -1.598771e-03 9.986421e-01 6.301201e+01
9.985535e-01 7.809919e-04 5.376328e-02 9.323766e+01 -6.951074e-04 9.999985e-01 -1.616170e-03 -5.061340e+00 -5.376456e-02 1.576462e-03 9.985524e-01 6.341872e+01
9.986677e-01 -6.077531e-04 -5.159754e-02 9.392211e+01 6.879007e-04 9.999986e-01 1.535538e-03 -5.095172e+00 5.159664e-02 -1.568988e-03 9.986667e-01 6.376579e+01
9.986403e-01 7.428457e-04 5.212507e-02 9.453756e+01 -6.624706e-04 9.999986e-01 -1.559260e-03 -5.127452e+00 -5.212625e-02 1.522610e-03 9.986394e-01 6.414355e+01
9.986818e-01 -5.856225e-04 -5.132391e-02 9.506078e+01 6.659537e-04 9.999986e-01 1.548055e-03 -5.160476e+00 5.132302e-02 -1.580196e-03 9.986808e-01 6.468252e+01
9.986847e-01 7.209800e-04 5.126774e-02 9.564341e+01 -6.447096e-04 9.999987e-01 -1.504244e-03 -5.196212e+00 -5.126885e-02 1.469214e-03 9.986838e-01 6.525264e+01
9.989461e-01 -4.920685e-04 -4.589509e-02 9.622878e+01 5.544424e-04 9.999989e-01 1.346291e-03 -5.229558e+00 4.589448e-02 -1.370320e-03 9.989453e-01 6.572143e+01
9.990603e-01 5.937917e-04 4.333844e-02 9.664752e+01 -5.398008e-04 9.999991e-01 -1.257529e-03 -5.259799e+00 -4.333925e-02 1.232955e-03 9.990597e-01 6.628559e+01
9.989688e-01 -5.232068e-04 -4.539676e-02 9.699328e+01 5.829423e-04 9.999990e-01 1.302582e-03 -5.285808e+00 4.539613e-02 -1.327704e-03 9.989681e-01 6.677229e+01
9.985970e-01 7.876351e-04 5.294840e-02 9.738261e+01 -7.071236e-04 9.999986e-01 -1.539314e-03 -5.313936e+00 -5.294963e-02 1.499714e-03 9.985961e-01 6.729911e+01
9.988858e-01 -5.123564e-04 -4.718771e-02 9.774923e+01 5.784218e-04 9.999989e-01 1.386370e-03 -5.344812e+00 4.718704e-02 -1.412121e-03 9.988850e-01 6.797572e+01
9.984675e-01 7.860700e-04 5.533584e-02 9.819040e+01 -6.961507e-04 9.999984e-01 -1.644262e-03 -5.374190e+00 -5.533714e-02 1.603222e-03 9.984665e-01 6.848409e+01
9.987427e-01 -5.563691e-04 -5.012507e-02 9.866403e+01 6.302081e-04 9.999987e-01 1.457263e-03 -5.403164e+00 5.012429e-02 -1.487022e-03 9.987418e-01 6.892510e+01
9.988787e-01 6.483966e-04 4.734002e-02 9.896239e+01 -5.821142e-04 9.999988e-01 -1.413945e-03 -5.427224e+00 -4.734097e-02 1.384804e-03 9.988779e-01 6.939227e+01
9.987696e-01 -5.459164e-04 -4.958660e-02 9.911395e+01 6.175193e-04 9.999988e-01 1.428649e-03 -5.447932e+00 4.958585e-02 -1.457513e-03 9.987688e-01 6.992194e+01
9.986693e-01 7.725564e-04 5.156726e-02 9.914232e+01 -6.976652e-04 9.999987e-01 -1.470319e-03 -5.470999e+00 -5.156842e-02 1.432387e-03 9.986685e-01 7.071279e+01
9.985236e-01 -5.873216e-04 -5.431509e-02 9.917563e+01 6.717379e-04 9.999986e-01 1.535917e-03 -5.493645e+00 5.431421e-02 -1.570136e-03 9.985226e-01 7.146990e+01
9.988754e-01 7.743358e-04 4.740816e-02 9.916753e+01 -7.088078e-04 9.999988e-01 -1.399041e-03 -5.512901e+00 -4.740928e-02 1.363866e-03 9.988747e-01 7.214232e+01
9.984951e-01 -5.972332e-04 -5.483713e-02 9.918216e+01 6.820278e-04 9.999986e-01 1.527563e-03 -5.530952e+00 5.483624e-02 -1.562666e-03 9.984941e-01 7.272366e+01
9.989558e-01 7.098128e-04 4.568204e-02 9.925158e+01 -6.469849e-04 9.999988e-01 -1.390138e-03 -5.546100e+00 -4.568307e-02 1.359132e-03 9.989551e-01 7.310341e+01
9.984859e-01 -5.925233e-04 -5.500445e-02 9.942312e+01 6.794669e-04 9.999985e-01 1.561943e-03 -5.566662e+00 5.500354e-02 -1.596953e-03 9.984848e-01 7.359378e+01
9.988811e-01 6.834320e-04 4.728946e-02 9.969269e+01 -6.169407e-04 9.999988e-01 -1.420666e-03 -5.588707e+00 -4.729047e-02 1.389903e-03 9.988803e-01 7.401276e+01
9.985486e-01 -6.268465e-04 -5.385354e-02 9.989616e+01 7.066828e-04 9.999987e-01 1.463407e-03 -5.604133e+00 5.385265e-02 -1.499341e-03 9.985477e-01 7.422758e+01
9.988660e-01 7.413388e-04 4.760453e-02 9.997694e+01 -6.772155e-04 9.999988e-01 -1.363149e-03 -5.623455e+00 -4.760558e-02 1.329366e-03 9.988654e-01 7.478228e+01
9.984539e-01 -6.689613e-04 -5.558007e-02 1.003252e+02 7.546124e-04 9.999986e-01 1.520035e-03 -5.647826e+00 5.557907e-02 -1.559628e-03 9.984530e-01 7.519367e+01
9.990138e-01 7.310142e-04 4.439551e-02 1.008417e+02 -6.749253e-04 9.999990e-01 -1.278404e-03 -5.673850e+00 -4.439649e-02 1.247181e-03 9.990133e-01 7.544785e+01
9.982598e-01 -6.396649e-04 -5.896524e-02 1.013329e+02 7.326813e-04 9.999985e-01 1.555841e-03 -5.696870e+00 5.896426e-02 -1.596338e-03 9.982588e-01 7.562487e+01
9.988088e-01 7.060617e-04 4.879048e-02 1.019185e+02 -6.401807e-04 9.999989e-01 -1.365928e-03 -5.722552e+00 -4.879149e-02 1.333067e-03 9.988081e-01 7.577050e+01
9.984754e-01 -6.651941e-04 -5.519417e-02 1.024930e+02 7.432940e-04 9.999988e-01 1.394454e-03 -5.744059e+00 5.519328e-02 -1.433355e-03 9.984746e-01 7.575438e+01
9.987333e-01 7.230006e-04 5.031196e-02 1.029985e+02 -6.553727e-04 9.999989e-01 -1.360687e-03 -5.767577e+00 -5.031299e-02 1.325991e-03 9.987327e-01 7.590898e+01
9.986114e-01 -6.515781e-04 -5.267614e-02 1.036147e+02 7.239461e-04 9.999988e-01 1.354728e-03 -5.795360e+00 5.267529e-02 -1.390983e-03 9.986107e-01 7.608664e+01
9.988440e-01 6.840005e-04 4.806529e-02 1.042239e+02 -6.238268e-04 9.999990e-01 -1.266937e-03 -5.824755e+00 -4.806621e-02 1.235490e-03 9.988434e-01 7.634608e+01
9.985969e-01 -6.867189e-04 -5.294917e-02 1.049651e+02 7.597299e-04 9.999988e-01 1.358741e-03 -5.856086e+00 5.294827e-02 -1.397063e-03 9.985962e-01 7.650283e+01
9.988009e-01 6.785092e-04 4.895266e-02 1.058115e+02 -6.166295e-04 9.999990e-01 -1.279195e-03 -5.889946e+00 -4.895358e-02 1.247477e-03 9.988003e-01 7.662265e+01
9.986943e-01 -6.548972e-04 -5.107976e-02 1.067249e+02 7.237384e-04 9.999989e-01 1.329202e-03 -5.926838e+00 5.107893e-02 -1.364436e-03 9.986936e-01 7.678191e+01
9.987437e-01 6.474941e-04 5.010720e-02 1.080390e+02 -5.860282e-04 9.999991e-01 -1.241400e-03 -5.976330e+00 -5.010805e-02 1.210478e-03 9.987431e-01 7.693227e+01
9.987632e-01 -6.209562e-04 -4.971527e-02 1.094948e+02 6.875334e-04 9.999989e-01 1.322045e-03 -6.030944e+00 4.971449e-02 -1.354592e-03 9.987625e-01 7.710528e+01
9.985115e-01 7.594193e-04 5.453640e-02 1.113142e+02 -6.890308e-04 9.999989e-01 -1.309488e-03 -6.096255e+00 -5.453744e-02 1.269963e-03 9.985110e-01 7.724657e+01
9.985542e-01 -7.449738e-04 -5.374765e-02 1.133179e+02 8.257401e-04 9.999986e-01 1.480471e-03 -6.167894e+00 5.374657e-02 -1.522714e-03 9.985534e-01 7.739190e+01
9.985372e-01 7.667610e-04 5.406417e-02 1.147910e+02 -6.924712e-04 9.999988e-01 -1.392851e-03 -6.223469e+00 -5.406527e-02 1.353377e-03 9.985365e-01 7.758849e+01
9.984767e-01 -7.500891e-04 -5.516866e-02 1.160952e+02 8.347481e-04 9.999985e-01 1.511491e-03 -6.275539e+00 5.516754e-02 -1.555242e-03 9.984759e-01 7.786717e+01
9.984782e-01 7.064600e-04 5.514404e-02 1.180349e+02 -6.347278e-04 9.999989e-01 -1.318345e-03 -6.345534e+00 -5.514501e-02 1.281339e-03 9.984776e-01 7.805097e+01
9.988920e-01 -4.852604e-04 -4.705684e-02 1.202002e+02 5.487583e-04 9.999990e-01 1.336442e-03 -6.421352e+00 4.705624e-02 -1.360786e-03 9.988913e-01 7.818393e+01
9.987403e-01 5.802350e-04 5.017597e-02 1.216676e+02 -5.152772e-04 9.999990e-01 -1.307555e-03 -6.475873e+00 -5.017677e-02 1.280054e-03 9.987396e-01 7.836753e+01
9.988099e-01 -5.314985e-04 -4.876950e-02 1.228386e+02 5.961963e-04 9.999990e-01 1.312033e-03 -6.519292e+00 4.876885e-02 -1.339549e-03 9.988092e-01 7.848637e+01
9.987890e-01 4.790583e-04 4.919730e-02 1.245138e+02 -4.214454e-04 9.999992e-01 -1.181456e-03 -6.578119e+00 -4.919792e-02 1.159292e-03 9.987884e-01 7.857477e+01
9.987245e-01 -6.293953e-04 -5.048607e-02 1.266393e+02 7.042839e-04 9.999987e-01 1.465544e-03 -6.651395e+00 5.048518e-02 -1.499232e-03 9.987236e-01 7.866962e+01
9.988214e-01 4.185491e-04 4.853576e-02 1.288612e+02 -3.629602e-04 9.999993e-01 -1.154156e-03 -6.727131e+00 -4.853630e-02 1.135180e-03 9.988208e-01 7.874290e+01
9.986696e-01 -6.856111e-04 -5.156099e-02 1.312559e+02 7.649620e-04 9.999986e-01 1.519221e-03 -6.806470e+00 5.155997e-02 -1.556643e-03 9.986686e-01 7.873407e+01
9.988741e-01 3.628039e-04 4.743941e-02 1.336071e+02 -3.079716e-04 9.999993e-01 -1.163175e-03 -6.884557e+00 -4.743990e-02 1.147256e-03 9.988735e-01 7.872751e+01
9.986611e-01 -6.717852e-04 -5.172378e-02 1.359677e+02 7.528667e-04 9.999985e-01 1.548086e-03 -6.964403e+00 5.172277e-02 -1.584956e-03 9.986602e-01 7.878567e+01
9.988548e-01 3.342448e-04 4.784357e-02 1.387491e+02 -2.825531e-04 9.999994e-01 -1.087221e-03 -7.057933e+00 -4.784401e-02 1.072459e-03 9.988543e-01 7.884727e+01
9.987313e-01 -5.948630e-04 -5.035241e-02 1.415446e+02 6.738399e-04 9.999986e-01 1.551489e-03 -7.152433e+00 5.035151e-02 -1.583452e-03 9.987303e-01 7.893158e+01
9.989065e-01 3.301478e-04 4.675303e-02 1.439135e+02 -2.765571e-04 9.999993e-01 -1.152745e-03 -7.236204e+00 -4.675347e-02 1.138556e-03 9.989059e-01 7.913925e+01
9.987760e-01 -5.396436e-04 -4.945840e-02 1.462567e+02 6.168695e-04 9.999986e-01 1.546149e-03 -7.319017e+00 4.945760e-02 -1.574767e-03 9.987749e-01 7.934415e+01
9.988280e-01 3.388969e-04 4.840055e-02 1.490316e+02 -2.844166e-04 9.999993e-01 -1.132525e-03 -7.414230e+00 -4.840100e-02 1.117433e-03 9.988274e-01 7.947950e+01
9.986933e-01 -5.752314e-04 -5.110102e-02 1.518212e+02 6.584363e-04 9.999985e-01 1.611391e-03 -7.510486e+00 5.110011e-02 -1.642934e-03 9.986921e-01 7.963407e+01
9.988752e-01 2.549390e-04 4.741653e-02 1.547802e+02 -2.031200e-04 9.999994e-01 -1.097692e-03 -7.610856e+00 -4.741688e-02 1.086827e-03 9.988746e-01 7.973063e+01
9.987913e-01 -4.740327e-04 -4.914953e-02 1.575762e+02 5.504064e-04 9.999987e-01 1.540349e-03 -7.705423e+00 4.914883e-02 -1.565541e-03 9.987902e-01 7.980645e+01
9.988944e-01 2.667688e-04 4.701082e-02 1.598930e+02 -2.107729e-04 9.999993e-01 -1.196111e-03 -7.784648e+00 -4.701120e-02 1.184882e-03 9.988937e-01 7.988616e+01
9.987071e-01 -5.041312e-04 -5.082977e-02 1.621319e+02 5.850856e-04 9.999986e-01 1.577758e-03 -7.863316e+00 5.082900e-02 -1.605460e-03 9.987060e-01 8.004224e+01
9.988196e-01 2.902117e-04 4.857431e-02 1.644941e+02 -2.314804e-04 9.999992e-01 -1.214753e-03 -7.945476e+00 -4.857472e-02 1.202076e-03 9.988189e-01 8.019001e+01
9.987553e-01 -4.459328e-04 -4.987581e-02 1.667775e+02 5.237497e-04 9.999987e-01 1.547122e-03 -8.024573e+00 4.987515e-02 -1.571320e-03 9.987542e-01 8.031614e+01
9.989277e-01 1.836594e-04 4.629768e-02 1.691094e+02 -1.299024e-04 9.999993e-01 -1.164153e-03 -8.105478e+00 -4.629796e-02 1.156891e-03 9.989271e-01 8.044758e+01
9.987317e-01 -4.625830e-04 -5.034538e-02 1.714810e+02 5.422910e-04 9.999986e-01 1.569544e-03 -8.187379e+00 5.034468e-02 -1.594857e-03 9.987306e-01 8.056934e+01
9.988225e-01 2.432145e-04 4.851442e-02 1.740446e+02 -1.862230e-04 9.999993e-01 -1.179277e-03 -8.274932e+00 -4.851477e-02 1.168855e-03 9.988218e-01 8.067273e+01
9.987027e-01 -4.849253e-04 -5.091742e-02 1.768353e+02 5.692428e-04 9.999985e-01 1.641448e-03 -8.368921e+00 5.091665e-02 -1.668304e-03 9.987015e-01 8.073532e+01
9.988629e-01 1.989463e-04 4.767615e-02 1.796307e+02 -1.438031e-04 9.999993e-01 -1.160077e-03 -8.465048e+00 -4.767644e-02 1.151903e-03 9.988622e-01 8.087954e+01
9.986875e-01 -4.534531e-04 -5.121466e-02 1.822151e+02 5.374880e-04 9.999985e-01 1.627045e-03 -8.556029e+00 5.121394e-02 -1.652438e-03 9.986863e-01 8.109597e+01
9.988548e-01 1.881253e-04 4.784539e-02 1.847707e+02 -1.315414e-04 9.999993e-01 -1.185815e-03 -8.645661e+00 -4.784568e-02 1.178164e-03 9.988541e-01 8.129577e+01
9.986987e-01 -4.361789e-04 -5.099649e-02 1.874787e+02 5.220348e-04 9.999985e-01 1.670227e-03 -8.740035e+00 5.099578e-02 -1.694676e-03 9.986974e-01 8.148659e+01
9.988674e-01 1.969367e-04 4.758123e-02 1.897807e+02 -1.363635e-04 9.999992e-01 -1.276319e-03 -8.822833e+00 -4.758154e-02 1.268386e-03 9.988666e-01 8.174526e+01
9.986725e-01 -4.019407e-04 -5.150613e-02 1.918051e+02 4.869266e-04 9.999985e-01 1.637449e-03 -8.897566e+00 5.150550e-02 -1.660356e-03 9.986713e-01 8.203557e+01
9.988822e-01 1.297933e-04 4.726952e-02 1.941159e+02 -7.117649e-05 9.999992e-01 -1.241763e-03 -8.978883e+00 -4.726974e-02 1.237012e-03 9.988814e-01 8.221009e+01
9.987252e-01 -3.554149e-04 -5.047569e-02 1.964257e+02 4.385337e-04 9.999986e-01 1.635616e-03 -9.059557e+00 5.047514e-02 -1.655667e-03 9.987239e-01 8.236230e+01
9.988726e-01 1.359770e-04 4.747275e-02 1.984597e+02 -7.291308e-05 9.999991e-01 -1.330180e-03 -9.129993e+00 -4.747299e-02 1.325220e-03 9.988717e-01 8.246147e+01
9.987108e-01 -3.590133e-04 -5.075876e-02 2.002829e+02 4.407271e-04 9.999986e-01 1.598633e-03 -9.193147e+00 5.075821e-02 -1.618944e-03 9.987096e-01 8.254862e+01
9.988556e-01 1.671766e-04 4.782769e-02 2.019116e+02 -1.007553e-04 9.999990e-01 -1.391198e-03 -9.250029e+00 -4.782797e-02 1.384788e-03 9.988547e-01 8.263275e+01
9.986877e-01 -4.042363e-04 -5.121233e-02 2.038992e+02 4.912981e-04 9.999985e-01 1.687410e-03 -9.317192e+00 5.121167e-02 -1.710358e-03 9.986863e-01 8.266235e+01
9.988202e-01 1.771789e-04 4.856168e-02 2.060128e+02 -1.100286e-04 9.999990e-01 -1.385479e-03 -9.388620e+00 -4.856198e-02 1.378502e-03 9.988193e-01 8.270484e+01
9.986211e-01 -4.272929e-04 -5.249480e-02 2.080088e+02 5.169702e-04 9.999984e-01 1.694713e-03 -9.456397e+00 5.249409e-02 -1.719516e-03 9.986197e-01 8.274193e+01
9.987451e-01 2.412132e-04 5.008170e-02 2.099291e+02 -1.695711e-04 9.999990e-01 -1.434774e-03 -9.522384e+00 -5.008209e-02 1.424482e-03 9.987441e-01 8.280864e+01
9.986697e-01 -3.966685e-04 -5.156222e-02 2.120385e+02 4.867663e-04 9.999984e-01 1.734785e-03 -9.594327e+00 5.156155e-02 -1.757577e-03 9.986682e-01 8.287833e+01
