9.999998e-01 -3.263275e-05 -5.541916e-04 1.037843e+00 3.268485e-05 1.000000e+00 9.403707e-05 -4.356627e-02 5.541885e-04 -9.405565e-05 9.999999e-01 2.722784e-01
9.999999e-01 1.893559e-05 5.188374e-04 2.157193e+00 -1.898289e-05 1.000000e+00 9.120474e-05 -9.600399e-02 -5.188357e-04 -9.121407e-05 9.999998e-01 8.118542e-01
9.999999e-01 -3.669828e-05 -3.789207e-04 3.437941e+00 3.673697e-05 1.000000e+00 1.021294e-04 -1.526501e-01 3.789170e-04 -1.021439e-04 1.000000e+00 1.304604e+00
9.999996e-01 3.827583e-05 8.538375e-04 4.623915e+00 -3.831177e-05 1.000000e+00 4.209126e-05 -2.050996e-01 -8.538358e-04 -4.212342e-05 9.999995e-01 1.745140e+00
9.999932e-01 -1.210738e-04 -3.677316e-03 5.489045e+00 1.215484e-04 1.000000e+00 1.288500e-04 -2.458520e-01 3.677301e-03 -1.292967e-04 9.999933e-01 2.128547e+00
1.000000e+00 1.570643e-05 -4.014151e-06 6.409142e+00 -1.570638e-05 1.000000e+00 7.712315e-06 -2.833956e-01 4.013671e-06 -7.711681e-06 9.999999e-01 2.307480e+00
9.999993e-01 -8.100917e-05 -1.206828e-03 7.335345e+00 8.109255e-05 1.000000e+00 6.905275e-05 -3.218876e-01 1.206823e-03 -6.915115e-05 9.999994e-01 2.514413e+00
9.999873e-01 7.033056e-05 -5.037502e-03 7.733676e+00 -6.977365e-05 1.000000e+00 1.107236e-04 -3.500600e-01 5.037508e-03 -1.103701e-04 9.999872e-01 3.024410e+00
1.000000e+00 -7.085487e-05 -1.480461e-04 8.078396e+00 7.086493e-05 1.000000e+00 6.811281e-05 -3.784626e-01 1.480432e-04 -6.812391e-05 1.000000e+00 3.611715e+00
9.999862e-01 6.786942e-05 -5.254241e-03 8.554285e+00 -6.757551e-05 1.000000e+00 5.611042e-05 -4.047023e-01 5.254242e-03 -5.575396e-05 9.999861e-01 3.924882e+00
9.999888e-01 -3.450792e-05 4.722234e-03 9.097995e+00 3.463482e-05 1.000000e+00 -2.679500e-05 -4.345225e-01 -4.722230e-03 2.695763e-05 9.999889e-01 4.294721e+00
9.999967e-01 1.076516e-04 -2.549659e-03 9.794642e+00 -1.078058e-04 1.000000e+00 -6.033835e-05 -4.651027e-01 2.549651e-03 6.061364e-05 9.999966e-01 4.484491e+00
9.999997e-01 -1.235782e-04 7.770673e-04 1.036560e+01 1.234856e-04 1.000000e+00 1.191407e-04 -4.951116e-01 -7.770796e-04 -1.190454e-04 9.999998e-01 4.828821e+00
9.999977e-01 1.418318e-04 -2.136585e-03 1.077034e+01 -1.418543e-04 1.000000e+00 -1.039441e-05 -5.269533e-01 2.136581e-03 1.069811e-05 9.999976e-01 5.485708e+00
9.999933e-01 -1.622760e-04 -3.650282e-03 1.125474e+01 1.631455e-04 1.000000e+00 2.379260e-04 -5.601329e-01 3.650246e-03 -2.385206e-04 9.999934e-01 6.082546e+00
9.999974e-01 1.451172e-04 -2.275860e-03 1.187285e+01 -1.452721e-04 1.000000e+00 -6.792381e-05 -5.913625e-01 2.275847e-03 6.825493e-05 9.999973e-01 6.409062e+00
9.999970e-01 -2.078218e-04 -2.454230e-03 1.241207e+01 2.081236e-04 1.000000e+00 1.227171e-04 -6.146824e-01 2.454208e-03 -1.232282e-04 9.999971e-01 6.507991e+00
9.999684e-01 1.830706e-04 -7.951611e-03 1.280597e+01 -1.831483e-04 1.000000e+00 -9.049188e-06 -6.301105e-01 7.951604e-03 1.050592e-05 9.999683e-01 6.493872e+00
9.999589e-01 -1.173537e-04 -9.060486e-03 1.318984e+01 1.201082e-04 9.999999e-01 3.034732e-04 -6.441652e-01 9.060457e-03 -3.045497e-04 9.999590e-01 6.453199e+00
9.999778e-01 1.639629e-04 -6.668737e-03 1.368898e+01 -1.642610e-04 1.000000e+00 -4.415990e-05 -6.598310e-01 6.668721e-03 4.525508e-05 9.999777e-01 6.326820e+00
9.999777e-01 -1.254325e-04 6.682801e-03 1.414580e+01 1.261299e-04 1.000000e+00 -1.039388e-04 -6.758844e-01 -6.682780e-03 1.047786e-04 9.999778e-01 6.252771e+00
9.999855e-01 1.940115e-04 -5.384634e-03 1.456724e+01 -1.943688e-04 1.000000e+00 -6.583822e-05 -6.919587e-01 5.384612e-03 6.688458e-05 9.999854e-01 6.225341e+00
9.999977e-01 -2.128742e-04 -2.133376e-03 1.505631e+01 2.132084e-04 1.000000e+00 1.564436e-04 -7.124190e-01 2.133352e-03 -1.568988e-04 9.999978e-01 6.284938e+00
9.999855e-01 1.370346e-04 -5.385950e-03 1.567134e+01 -1.370408e-04 1.000000e+00 -7.984413e-07 -7.395744e-01 5.385940e-03 1.537264e-06 9.999854e-01 6.446401e+00
9.999990e-01 -1.961667e-04 -1.398197e-03 1.628416e+01 1.964272e-04 1.000000e+00 1.862134e-04 -7.697927e-01 1.398171e-03 -1.864886e-04 9.999991e-01 6.740163e+00
9.999793e-01 1.390919e-04 -6.427047e-03 1.688679e+01 -1.389815e-04 1.000000e+00 1.762545e-05 -7.995518e-01 6.427038e-03 -1.673107e-05 9.999792e-01 7.033104e+00
9.999967e-01 -1.983500e-04 2.573441e-03 1.750480e+01 1.979617e-04 1.000000e+00 1.511273e-04 -8.344195e-01 -2.573459e-03 -1.506182e-04 9.999968e-01 7.525094e+00
9.999903e-01 1.428806e-04 -4.398389e-03 1.829729e+01 -1.429762e-04 1.000000e+00 -2.142416e-05 -8.731916e-01 4.398374e-03 2.205362e-05 9.999902e-01 7.943823e+00
9.999975e-01 -2.583508e-04 2.220023e-03 1.916093e+01 2.582051e-04 1.000000e+00 6.587355e-05 -9.049998e-01 -2.220028e-03 -6.530098e-05 9.999976e-01 7.966754e+00
9.999913e-01 7.750827e-05 -4.171105e-03 1.955241e+01 -7.847622e-05 1.000000e+00 -2.319132e-04 -9.097419e-01 4.171074e-03 2.322393e-04 9.999912e-01 7.467668e+00
9.999938e-01 -3.279126e-04 3.507695e-03 1.954215e+01 3.282628e-04 9.999999e-01 -9.929129e-05 -8.918392e-01 -3.507650e-03 1.004413e-04 9.999939e-01 6.445221e+00
9.999895e-01 9.594790e-05 -4.590779e-03 1.973587e+01 -9.682087e-05 1.000000e+00 -1.899477e-04 -8.813858e-01 4.590748e-03 1.903909e-04 9.999893e-01 5.507517e+00
9.999969e-01 -3.504044e-04 2.457768e-03 1.968236e+01 3.506698e-04 9.999999e-01 -1.075690e-04 -8.623091e-01 -2.457717e-03 1.084299e-04 9.999971e-01 4.483237e+00
9.999958e-01 8.336748e-05 -2.886741e-03 1.948637e+01 -8.412900e-05 1.000000e+00 -2.636993e-04 -8.370726e-01 2.886706e-03 2.639418e-04 9.999957e-01 3.358852e+00
9.999957e-01 -3.638040e-04 2.900677e-03 1.918314e+01 3.641884e-04 9.999999e-01 -1.320260e-04 -8.074404e-01 -2.900616e-03 1.330812e-04 9.999959e-01 2.169883e+00
9.999966e-01 7.871105e-05 -2.588169e-03 1.888740e+01 -7.940091e-05 1.000000e+00 -2.664614e-04 -7.773834e-01 2.588135e-03 2.666666e-04 9.999965e-01 9.495469e-01
9.999966e-01 -3.530365e-04 2.572338e-03 1.869791e+01 3.533302e-04 9.999999e-01 -1.137490e-04 -7.513208e-01 -2.572285e-03 1.146570e-04 9.999968e-01 -2.224161e-01
9.999927e-01 1.020222e-04 -3.811529e-03 1.848981e+01 -1.028425e-04 1.000000e+00 -2.150262e-04 -7.277286e-01 3.811494e-03 2.154171e-04 9.999926e-01 -1.256085e+00
9.999962e-01 -3.586544e-04 2.746457e-03 1.825423e+01 3.590942e-04 9.999999e-01 -1.596728e-04 -7.009085e-01 -2.746387e-03 1.606579e-04 9.999963e-01 -2.392885e+00
9.999961e-01 7.708151e-05 -2.788432e-03 1.798528e+01 -7.781645e-05 1.000000e+00 -2.634779e-04 -6.703516e-01 2.788399e-03 2.636943e-04 9.999960e-01 -3.650769e+00
9.999969e-01 -3.141649e-04 2.462072e-03 1.773589e+01 3.144580e-04 9.999999e-01 -1.187065e-04 -6.431820e-01 -2.462021e-03 1.194799e-04 9.999971e-01 -4.773231e+00
9.999988e-01 7.969253e-05 -1.520103e-03 1.741457e+01 -8.009530e-05 1.000000e+00 -2.649312e-04 -6.163065e-01 1.520069e-03 2.650530e-04 9.999987e-01 -5.784858e+00
9.999857e-01 -2.515133e-04 5.337725e-03 1.719516e+01 2.523692e-04 1.000000e+00 -1.596979e-04 -5.928551e-01 -5.337672e-03 1.610424e-04 9.999858e-01 -6.774204e+00
9.999985e-01 1.193909e-04 -1.718423e-03 1.707329e+01 -1.197784e-04 1.000000e+00 -2.254209e-04 -5.763374e-01 1.718384e-03 2.256267e-04 9.999984e-01 -7.574657e+00
9.999920e-01 -2.587944e-04 4.002517e-03 1.697419e+01 2.592986e-04 1.000000e+00 -1.254673e-04 -5.598995e-01 -4.002472e-03 1.265038e-04 9.999921e-01 -8.396159e+00
9.999909e-01 1.086539e-04 -4.268030e-03 1.688745e+01 -1.094438e-04 1.000000e+00 -1.848362e-04 -5.442974e-01 4.267998e-03 1.853018e-04 9.999908e-01 -9.177492e+00
9.999998e-01 -2.886407e-04 -5.046470e-04 1.660229e+01 2.886013e-04 1.000000e+00 -7.797759e-05 -5.196303e-01 5.046819e-04 7.783172e-05 1.000000e+00 -1.012303e+01
9.999812e-01 6.618906e-05 -6.125211e-03 1.626801e+01 -6.721383e-05 1.000000e+00 -1.671024e-04 -4.909972e-01 6.125187e-03 1.675112e-04 9.999811e-01 -1.120172e+01
9.999645e-01 -1.746738e-04 -8.421722e-03 1.607244e+01 1.760023e-04 1.000000e+00 1.570155e-04 -4.713043e-01 8.421709e-03 -1.584924e-04 9.999646e-01 -1.203729e+01
9.998915e-01 1.592277e-04 -1.473284e-02 1.617474e+01 -1.571365e-04 1.000000e+00 1.430942e-04 -4.688784e-01 1.473284e-02 -1.407634e-04 9.998914e-01 -1.247976e+01
9.999718e-01 -1.337823e-04 -7.513985e-03 1.653985e+01 1.352423e-04 1.000000e+00 1.937949e-04 -4.788713e-01 7.513978e-03 -1.948059e-04 9.999718e-01 -1.268411e+01
9.998731e-01 1.994091e-04 -1.593171e-02 1.697389e+01 -1.953803e-04 9.999999e-01 2.544318e-04 -4.939094e-01 1.593174e-02 -2.512865e-04 9.998730e-01 -1.274978e+01
9.999568e-01 -8.191191e-05 -9.291104e-03 1.743796e+01 8.494683e-05 9.999999e-01 3.262598e-04 -5.157355e-01 9.291100e-03 -3.270353e-04 9.999569e-01 -1.257560e+01
9.998751e-01 1.874553e-04 -1.580191e-02 1.782325e+01 -1.841021e-04 1.000000e+00 2.136534e-04 -5.335665e-01 1.580192e-02 -2.107172e-04 9.998750e-01 -1.246910e+01
9.999044e-01 -2.581169e-05 -1.382615e-02 1.827607e+01 3.248401e-05 9.999999e-01 4.823686e-04 -5.547989e-01 1.382616e-02 -4.827721e-04 9.999044e-01 -1.229473e+01
9.998832e-01 1.717259e-04 -1.528387e-02 1.873664e+01 -1.684659e-04 1.000000e+00 2.145749e-04 -5.768241e-01 1.528388e-02 -2.119745e-04 9.998831e-01 -1.210386e+01
9.998913e-01 -2.386331e-05 -1.474340e-02 1.919611e+01 3.124211e-05 9.999999e-01 5.002593e-04 -5.986870e-01 1.474343e-02 -5.006661e-04 9.998913e-01 -1.191733e+01
9.998622e-01 1.831004e-04 -1.660035e-02 1.968149e+01 -1.786927e-04 9.999999e-01 2.669951e-04 -6.214724e-01 1.660036e-02 -2.639912e-04 9.998621e-01 -1.172716e+01
9.998031e-01 4.784997e-05 -1.984320e-02 2.008684e+01 -3.517175e-05 9.999998e-01 6.392766e-04 -6.423823e-01 1.984327e-02 -6.384536e-04 9.998030e-01 -1.149985e+01
9.998489e-01 2.160894e-04 -1.738110e-02 2.046872e+01 -2.108999e-04 9.999999e-01 3.003905e-04 -6.631554e-01 1.738112e-02 -2.966786e-04 9.998488e-01 -1.124089e+01
9.997714e-01 6.543511e-05 -2.138230e-02 2.083751e+01 -5.100619e-05 9.999998e-01 6.753623e-04 -6.831930e-01 2.138238e-02 -6.741182e-04 9.997712e-01 -1.099371e+01
9.998026e-01 2.422051e-04 -1.986456e-02 2.127890e+01 -2.340634e-04 9.999999e-01 4.121695e-04 -7.070358e-01 1.986461e-02 -4.074376e-04 9.998025e-01 -1.068073e+01
9.997666e-01 6.361094e-05 -2.160424e-02 2.172283e+01 -4.927957e-05 9.999998e-01 6.639054e-04 -7.304268e-01 2.160433e-02 -6.626869e-04 9.997665e-01 -1.038882e+01
9.997682e-01 2.803170e-04 -2.153021e-02 2.210627e+01 -2.705029e-04 9.999999e-01 4.587221e-04 -7.520496e-01 2.153027e-02 -4.527906e-04 9.997680e-01 -1.009135e+01
9.997988e-01 7.264306e-05 -2.005769e-02 2.245969e+01 -6.016548e-05 9.999998e-01 6.227082e-04 -7.739132e-01 2.005779e-02 -6.213774e-04 9.997987e-01 -9.735103e+00
9.998465e-01 2.265136e-04 -1.751615e-02 2.279379e+01 -2.209021e-04 9.999999e-01 3.222677e-04 -7.934974e-01 1.751616e-02 -3.183476e-04 9.998464e-01 -9.457831e+00
9.997965e-01 8.220223e-05 -2.017425e-02 2.311098e+01 -6.966603e-05 9.999998e-01 6.221239e-04 -8.126645e-01 2.017436e-02 -6.205932e-04 9.997964e-01 -9.171440e+00
9.999037e-01 1.963462e-04 -1.387482e-02 2.340873e+01 -1.933518e-04 1.000000e+00 2.171160e-04 -8.314784e-01 1.387480e-02 -2.144109e-04 9.999036e-01 -8.878474e+00
9.998534e-01 3.843793e-05 -1.712040e-02 2.372408e+01 -2.932362e-05 9.999999e-01 5.326525e-04 -8.503847e-01 1.712049e-02 -5.320739e-04 9.998534e-01 -8.613633e+00
9.999090e-01 1.837875e-04 -1.348823e-02 2.406707e+01 -1.811409e-04 1.000000e+00 1.973904e-04 -8.688279e-01 1.348819e-02 -1.949277e-04 9.999089e-01 -8.408063e+00
9.998021e-01 8.372531e-05 -1.989533e-02 2.434338e+01 -7.196537e-05 9.999998e-01 5.918415e-04 -8.849711e-01 1.989545e-02 -5.902942e-04 9.998020e-01 -8.201850e+00
9.999994e-01 8.999379e-05 -1.088161e-03 2.460301e+01 -9.012142e-05 1.000000e+00 -1.179563e-04 -9.021302e-01 1.088073e-03 1.180559e-04 9.999993e-01 -7.944935e+00
9.997829e-01 1.456710e-04 -2.083851e-02 2.477437e+01 -1.324675e-04 9.999998e-01 6.350256e-04 -9.173487e-01 2.083867e-02 -6.321289e-04 9.997827e-01 -7.657924e+00
9.999589e-01 1.743988e-04 -9.065259e-03 2.491144e+01 -1.736429e-04 1.000000e+00 8.408370e-05 -9.315853e-01 9.065192e-03 -8.250450e-05 9.999588e-01 -7.340560e+00
9.998208e-01 4.453696e-05 1.893062e-02 2.516211e+01 -3.673728e-05 9.999999e-01 -4.124072e-04 -9.532373e-01 -1.893056e-02 4.116362e-04 9.998208e-01 -6.907883e+00
9.999894e-01 3.480889e-04 4.597492e-03 2.541845e+01 -3.465655e-04 9.999999e-01 -3.319773e-04 -9.731888e-01 -4.597686e-03 3.303820e-04 9.999893e-01 -6.534140e+00
9.997215e-01 9.179359e-05 2.360110e-02 2.568699e+01 -7.869657e-05 9.999998e-01 -5.558927e-04 -9.907006e-01 -2.360107e-02 5.538791e-04 9.997214e-01 -6.284504e+00
9.999990e-01 3.006767e-04 1.358683e-03 2.613074e+01 -3.003723e-04 9.999999e-01 -2.237189e-04 -1.014843e+00 -1.358826e-03 2.233120e-04 9.999990e-01 -5.992394e+00
9.997408e-01 9.620916e-05 2.276965e-02 2.666391e+01 -8.444432e-05 9.999999e-01 -5.176786e-04 -1.040308e+00 -2.276962e-02 5.156203e-04 9.997407e-01 -5.769097e+00
9.999711e-01 1.782961e-04 -7.600500e-03 2.718035e+01 -1.778139e-04 1.000000e+00 6.404267e-05 -1.069806e+00 7.600438e-03 -6.268807e-05 9.999710e-01 -5.368968e+00
9.997966e-01 6.299571e-05 2.016701e-02 2.779155e+01 -5.431526e-05 9.999999e-01 -4.310040e-04 -1.101356e+00 -2.016696e-02 4.298197e-04 9.997966e-01 -5.013777e+00
9.999834e-01 2.173179e-04 -5.762531e-03 2.840872e+01 -2.171928e-04 1.000000e+00 2.223568e-05 -1.134196e+00 5.762465e-03 -2.098253e-05 9.999833e-01 -4.609357e+00
9.999247e-01 -4.358976e-05 1.226908e-02 2.902695e+01 4.591816e-05 1.000000e+00 -1.895388e-04 -1.167693e+00 -1.226900e-02 1.900868e-04 9.999248e-01 -4.190189e+00
9.999988e-01 2.873617e-04 -1.539524e-03 2.951247e+01 -2.875132e-04 1.000000e+00 -9.852703e-05 -1.199108e+00 1.539426e-03 9.897069e-05 9.999987e-01 -3.665078e+00
9.999029e-01 8.404029e-07 1.393914e-02 2.990417e+01 2.328020e-06 1.000000e+00 -2.273225e-04 -1.229274e+00 -1.393907e-02 2.273317e-04 9.999029e-01 -3.057120e+00
9.999315e-01 1.339470e-04 -1.170444e-02 3.017436e+01 -1.320034e-04 1.000000e+00 1.667930e-04 -1.254055e+00 1.170439e-02 -1.652355e-04 9.999314e-01 -2.521366e+00
9.999900e-01 -9.417993e-05 4.465803e-03 3.042284e+01 9.402720e-05 1.000000e+00 3.430520e-05 -1.278459e+00 -4.465737e-03 -3.388608e-05 9.999901e-01 -1.976743e+00
9.997607e-01 2.463598e-04 -2.187522e-02 3.056822e+01 -2.379442e-04 9.999999e-01 3.872891e-04 -1.296672e+00 2.187524e-02 -3.819902e-04 9.997605e-01 -1.542320e+00
9.999282e-01 1.140690e-04 -1.198443e-02 3.060853e+01 -1.087132e-04 9.999999e-01 4.475929e-04 -1.309602e+00 1.198456e-02 -4.462590e-04 9.999282e-01 -1.164681e+00
9.996417e-01 3.008056e-04 -2.676312e-02 3.068306e+01 -2.872520e-04 9.999998e-01 5.102500e-04 -1.321597e+00 2.676319e-02 -5.023782e-04 9.996416e-01 -8.570599e-01
9.999389e-01 5.410300e-05 -1.105658e-02 3.091632e+01 -4.950396e-05 9.999999e-01 4.162844e-04 -1.336492e+00 1.105668e-02 -4.157129e-04 9.999389e-01 -6.351858e-01
9.999018e-01 1.617222e-04 -1.401316e-02 3.124088e+01 -1.589607e-04 1.000000e+00 1.981297e-04 -1.356363e+00 1.401311e-02 -1.958814e-04 9.999017e-01 -3.426106e-01
9.999802e-01 -9.912404e-06 -6.291534e-03 3.156049e+01 1.181482e-05 1.000000e+00 3.024504e-04 -1.376420e+00 6.291611e-03 -3.025201e-04 9.999802e-01 -5.932861e-02
9.996616e-01 3.360637e-04 -2.601073e-02 3.173293e+01 -3.237209e-04 9.999998e-01 4.787091e-04 -1.391099e+00 2.601081e-02 -4.701255e-04 9.996615e-01 2.315910e-01
9.999991e-01 -7.219343e-05 -1.339765e-03 3.193370e+01 7.247436e-05 1.000000e+00 2.102256e-04 -1.408989e+00 1.339833e-03 -2.103240e-04 9.999992e-01 6.057258e-01
9.996889e-01 3.039313e-04 -2.493968e-02 3.221392e+01 -2.939131e-04 9.999999e-01 4.053279e-04 -1.425925e+00 2.493971e-02 -3.978703e-04 9.996888e-01 8.406066e-01
9.998393e-01 -2.690887e-04 1.792438e-02 3.266281e+01 2.737645e-04 9.999999e-01 -2.584604e-04 -1.450280e+00 -1.792422e-02 2.633245e-04 9.998394e-01 1.112337e+00
9.997270e-01 2.834881e-04 -2.336438e-02 3.319213e+01 -2.749134e-04 9.999999e-01 3.701761e-04 -1.476109e+00 2.336440e-02 -3.636504e-04 9.997269e-01 1.325805e+00
9.997981e-01 -2.755905e-04 2.009182e-02 3.366936e+01 2.818236e-04 9.999999e-01 -3.074443e-04 -1.501751e+00 -2.009164e-02 3.130431e-04 9.997982e-01 1.607871e+00
9.997848e-01 2.982336e-04 -2.074319e-02 3.421284e+01 -2.915943e-04 9.999999e-01 3.230549e-04 -1.529839e+00 2.074320e-02 -3.169353e-04 9.997847e-01 1.903539e+00
9.997924e-01 -2.796614e-04 2.037543e-02 3.485654e+01 2.858161e-04 9.999999e-01 -2.992015e-04 -1.561316e+00 -2.037526e-02 3.049615e-04 9.997924e-01 2.202978e+00
9.997688e-01 2.928273e-04 -2.149773e-02 3.546920e+01 -2.858498e-04 9.999999e-01 3.276006e-04 -1.591055e+00 2.149774e-02 -3.213783e-04 9.997688e-01 2.471173e+00
9.997795e-01 -2.530269e-04 2.099802e-02 3.597956e+01 2.594915e-04 9.999999e-01 -3.051821e-04 -1.619557e+00 -2.099785e-02 3.105622e-04 9.997795e-01 2.829137e+00
9.997477e-01 2.538621e-04 -2.245934e-02 3.659239e+01 -2.464980e-04 9.999999e-01 3.306157e-04 -1.648069e+00 2.245933e-02 -3.249946e-04 9.997476e-01 3.041778e+00
9.997876e-01 -2.575296e-04 2.060945e-02 3.721233e+01 2.635316e-04 9.999999e-01 -2.885567e-04 -1.677308e+00 -2.060929e-02 2.939252e-04 9.997876e-01 3.276308e+00
9.997748e-01 2.628053e-04 -2.122101e-02 3.784524e+01 -2.567939e-04 9.999999e-01 2.859575e-04 -1.705959e+00 2.122100e-02 -2.804422e-04 9.997747e-01 3.469837e+00
9.997818e-01 -2.409826e-04 2.088726e-02 3.840588e+01 2.467063e-04 9.999999e-01 -2.714928e-04 -1.735072e+00 -2.088710e-02 2.765851e-04 9.997819e-01 3.786093e+00
9.997692e-01 2.660282e-04 -2.148127e-02 3.890179e+01 -2.602963e-04 9.999999e-01 2.695887e-04 -1.761280e+00 2.148126e-02 -2.639335e-04 9.997691e-01 4.065945e+00
9.997700e-01 -2.341239e-04 2.144666e-02 3.942348e+01 2.401946e-04 9.999999e-01 -2.805278e-04 -1.788532e+00 -2.144650e-02 2.856132e-04 9.997700e-01 4.355951e+00
9.997871e-01 2.901608e-04 -2.063214e-02 4.008845e+01 -2.841069e-04 9.999999e-01 2.963117e-04 -1.822359e+00 2.063213e-02 -2.903854e-04 9.997870e-01 4.727090e+00
9.997777e-01 -2.519703e-04 2.108562e-02 4.080662e+01 2.576619e-04 9.999999e-01 -2.672571e-04 -1.857339e+00 -2.108546e-02 2.726291e-04 9.997777e-01 5.071712e+00
9.997842e-01 2.807736e-04 -2.077245e-02 4.152337e+01 -2.749873e-04 9.999999e-01 2.813696e-04 -1.890993e+00 2.077244e-02 -2.755953e-04 9.997841e-01 5.361428e+00
9.997696e-01 -2.458957e-04 2.146673e-02 4.227180e+01 2.520433e-04 9.999999e-01 -2.837141e-04 -1.925026e+00 -2.146657e-02 2.890578e-04 9.997696e-01 5.624097e+00
9.998582e-01 3.856726e-04 -1.683152e-02 4.287083e+01 -3.829634e-04 9.999999e-01 1.641302e-04 -1.956298e+00 1.683150e-02 -1.576596e-04 9.998583e-01 5.980735e+00
9.998208e-01 -2.775987e-04 1.892856e-02 4.338758e+01 2.811447e-04 9.999999e-01 -1.847250e-04 -1.987439e+00 -1.892843e-02 1.900121e-04 9.998209e-01 6.445950e+00
9.998317e-01 3.352383e-04 -1.834070e-02 4.394941e+01 -3.316009e-04 9.999999e-01 2.013180e-04 -2.018852e+00 1.834068e-02 -1.952009e-04 9.998317e-01 6.858098e+00
9.997924e-01 -2.437464e-04 2.037401e-02 4.458921e+01 2.483983e-04 9.999999e-01 -2.258414e-04 -2.051826e+00 -2.037386e-02 2.308539e-04 9.997925e-01 7.229594e+00
9.998061e-01 2.956421e-04 -1.968805e-02 4.520006e+01 -2.917753e-04 9.999999e-01 1.992319e-04 -2.081477e+00 1.968802e-02 -1.934473e-04 9.998061e-01 7.494237e+00
9.997658e-01 -2.042093e-04 2.164298e-02 4.575625e+01 2.096782e-04 9.999999e-01 -2.504571e-04 -2.110961e+00 -2.164284e-02 2.549350e-04 9.997658e-01 7.830636e+00
9.997496e-01 2.564548e-04 -2.237665e-02 4.618511e+01 -2.506126e-04 9.999999e-01 2.638516e-04 -2.137231e+00 2.237663e-02 -2.581762e-04 9.997495e-01 8.204353e+00
9.996322e-01 -1.157862e-04 2.711831e-02 4.673891e+01 1.265695e-04 9.999999e-01 -3.959550e-04 -2.167396e+00 -2.711817e-02 3.992404e-04 9.996322e-01 8.577344e+00
9.997494e-01 2.602846e-04 -2.238264e-02 4.738753e+01 -2.542222e-04 9.999999e-01 2.736651e-04 -2.199965e+00 2.238262e-02 -2.679050e-04 9.997494e-01 8.918966e+00
9.997183e-01 -1.948218e-04 2.373658e-02 4.806143e+01 2.024629e-04 9.999999e-01 -3.195438e-04 -2.230224e+00 -2.373643e-02 3.242581e-04 9.997183e-01 9.122065e+00
9.997238e-01 2.238871e-04 -2.349828e-02 4.873915e+01 -2.166891e-04 9.999999e-01 3.088321e-04 -2.261234e+00 2.349827e-02 -3.036536e-04 9.997238e-01 9.351876e+00
9.995147e-01 -3.939842e-05 3.115227e-02 4.949373e+01 5.545665e-05 9.999999e-01 -5.146384e-04 -2.296167e+00 -3.115216e-02 5.161149e-04 9.995146e-01 9.652777e+00
9.996652e-01 2.081596e-04 -2.587180e-02 5.020580e+01 -1.975702e-04 9.999999e-01 4.118305e-04 -2.332439e+00 2.587180e-02 -4.065798e-04 9.996651e-01 1.006793e+01
9.995490e-01 -6.261107e-05 3.003184e-02 5.089831e+01 7.738478e-05 9.999999e-01 -4.907997e-04 -2.367635e+00 -3.003173e-02 4.929010e-04 9.995489e-01 1.046589e+01
9.996297e-01 1.736230e-04 -2.720955e-02 5.153396e+01 -1.624394e-04 9.999999e-01 4.131996e-04 -2.398968e+00 2.720954e-02 -4.086254e-04 9.996296e-01 1.077374e+01
9.995899e-01 -1.085609e-04 2.863524e-02 5.224938e+01 1.222721e-04 9.999999e-01 -4.770993e-04 -2.429135e+00 -2.863510e-02 4.804036e-04 9.995899e-01 1.091864e+01
9.996247e-01 1.670105e-04 -2.739236e-02 5.302547e+01 -1.554496e-04 9.999999e-01 4.241490e-04 -2.460770e+00 2.739235e-02 -4.197303e-04 9.996246e-01 1.104093e+01
9.995690e-01 -1.020589e-04 2.935842e-02 5.389914e+01 1.158758e-04 9.999999e-01 -4.689536e-04 -2.497452e+00 -2.935829e-02 4.721521e-04 9.995689e-01 1.124614e+01
9.997395e-01 2.483743e-04 -2.282042e-02 5.487986e+01 -2.415031e-04 9.999999e-01 3.038215e-04 -2.537911e+00 2.282041e-02 -2.982298e-04 9.997395e-01 1.146611e+01
9.993657e-01 7.036956e-06 3.561248e-02 5.575089e+01 1.624805e-05 9.999998e-01 -6.535755e-04 -2.575467e+00 -3.561239e-02 6.537383e-04 9.993655e-01 1.172270e+01
9.998218e-01 2.990818e-04 -1.887538e-02 5.650743e+01 -2.957681e-04 9.999999e-01 1.783128e-04 -2.610580e+00 1.887535e-02 -1.726970e-04 9.998218e-01 1.203276e+01
9.996331e-01 -1.034403e-04 2.708845e-02 5.731484e+01 1.143075e-04 9.999999e-01 -3.996498e-04 -2.646334e+00 -2.708832e-02 4.025984e-04 9.996330e-01 1.229788e+01
9.997621e-01 2.540909e-04 -2.181120e-02 5.804527e+01 -2.482647e-04 9.999999e-01 2.697990e-04 -2.681442e+00 2.181118e-02 -2.643187e-04 9.997620e-01 1.264241e+01
9.995929e-01 -7.762935e-05 2.853345e-02 5.880473e+01 9.016136e-05 9.999999e-01 -4.379410e-04 -2.717270e+00 -2.853333e-02 4.403342e-04 9.995928e-01 1.297720e+01
9.998168e-01 2.833634e-04 -1.913682e-02 5.965238e+01 -2.799502e-04 9.999999e-01 1.810079e-04 -2.754905e+00 1.913679e-02 -1.756162e-04 9.998168e-01 1.326968e+01
9.996871e-01 -1.275303e-04 2.501653e-02 6.061078e+01 1.353272e-04 9.999999e-01 -3.100031e-04 -2.795666e+00 -2.501641e-02 3.132903e-04 9.996871e-01 1.354235e+01
9.997835e-01 2.487486e-04 -2.080292e-02 6.148611e+01 -2.440567e-04 9.999999e-01 2.280521e-04 -2.834685e+00 2.080290e-02 -2.229245e-04 9.997835e-01 1.385452e+01
9.997009e-01 -1.341608e-04 2.445863e-02 6.230080e+01 1.411641e-04 9.999999e-01 -2.846289e-04 -2.872751e+00 -2.445852e-02 2.879954e-04 9.997009e-01 1.420744e+01
9.997971e-01 2.452257e-04 -2.013960e-02 6.318686e+01 -2.420406e-04 1.000000e+00 1.605640e-04 -2.909381e+00 2.013956e-02 -1.556557e-04 9.997971e-01 1.439537e+01
9.997018e-01 -1.313393e-04 2.442018e-02 6.406064e+01 1.379471e-04 1.000000e+00 -2.689291e-04 -2.946374e+00 -2.442006e-02 2.722165e-04 9.997018e-01 1.462147e+01
9.998826e-01 3.566950e-04 -1.531568e-02 6.474586e+01 -3.558574e-04 9.999999e-01 5.737695e-05 -2.983614e+00 1.531562e-02 -5.191896e-05 9.998826e-01 1.512142e+01
9.997272e-01 -1.275852e-04 2.335848e-02 6.537847e+01 1.325383e-04 1.000000e+00 -2.105228e-04 -3.021321e+00 -2.335838e-02 2.135602e-04 9.997272e-01 1.571739e+01
9.998030e-01 2.335692e-04 -1.984510e-02 6.632295e+01 -2.303933e-04 1.000000e+00 1.622952e-04 -3.062918e+00 1.984506e-02 -1.576900e-04 9.998030e-01 1.604201e+01
9.997464e-01 -1.492082e-04 2.252151e-02 6.725681e+01 1.530843e-04 1.000000e+00 -1.704061e-04 -3.104648e+00 -2.252140e-02 1.738095e-04 9.997464e-01 1.638699e+01
9.997659e-01 1.931141e-04 -2.163693e-02 6.816717e+01 -1.883838e-04 1.000000e+00 2.206364e-04 -3.146221e+00 2.163689e-02 -2.165077e-04 9.997658e-01 1.675357e+01
9.997094e-01 -1.218167e-04 2.410887e-02 6.917572e+01 1.275653e-04 1.000000e+00 -2.369276e-04 -3.189072e+00 -2.410876e-02 2.399332e-04 9.997094e-01 1.703837e+01
9.997734e-01 1.991031e-04 -2.128474e-02 7.020280e+01 -1.950018e-04 1.000000e+00 1.947392e-04 -3.231224e+00 2.128471e-02 -1.905435e-04 9.997734e-01 1.726965e+01
9.997233e-01 -1.265348e-04 2.352472e-02 7.110165e+01 1.319600e-04 1.000000e+00 -2.290865e-04 -3.269365e+00 -2.352462e-02 2.321264e-04 9.997233e-01 1.750931e+01
9.997962e-01 2.228518e-04 -2.018538e-02 7.190995e+01 -2.202469e-04 1.000000e+00 1.312466e-04 -3.303806e+00 2.018533e-02 -1.267731e-04 9.997962e-01 1.771135e+01
9.996964e-01 -9.957160e-05 2.463904e-02 7.263559e+01 1.059816e-04 1.000000e+00 -2.588716e-04 -3.336860e+00 -2.463894e-02 2.614033e-04 9.996965e-01 1.796827e+01
9.998186e-01 2.557364e-04 -1.904555e-02 7.319094e+01 -2.537142e-04 1.000000e+00 1.085727e-04 -3.368151e+00 1.904550e-02 -1.037199e-04 9.998185e-01 1.838986e+01
9.997150e-01 -1.218964e-04 2.387171e-02 7.378151e+01 1.282453e-04 1.000000e+00 -2.644483e-04 -3.397023e+00 -2.387160e-02 2.674334e-04 9.997151e-01 1.864634e+01
9.998138e-01 2.487944e-04 -1.929651e-02 7.433585e+01 -2.467133e-04 1.000000e+00 1.102066e-04 -3.425530e+00 1.929646e-02 -1.054244e-04 9.998137e-01 1.894300e+01
9.996329e-01 -5.239936e-05 2.709481e-02 7.479356e+01 6.121258e-05 9.999999e-01 -3.244610e-04 -3.455065e+00 -2.709472e-02 3.259995e-04 9.996329e-01 1.942579e+01
9.998089e-01 2.159336e-04 -1.954469e-02 7.537593e+01 -2.142936e-04 1.000000e+00 8.598161e-05 -3.484871e+00 1.954463e-02 -8.177598e-05 9.998089e-01 1.974762e+01
9.997216e-01 -1.039191e-04 2.359417e-02 7.599922e+01 1.096621e-04 1.000000e+00 -2.421318e-04 -3.512818e+00 -2.359407e-02 2.446509e-04 9.997217e-01 1.992881e+01
9.997543e-01 1.632236e-04 -2.216443e-02 7.674387e+01 -1.597976e-04 1.000000e+00 1.563245e-04 -3.541833e+00 2.216438e-02 -1.527434e-04 9.997542e-01 1.999041e+01
9.996594e-01 -6.545323e-05 2.609696e-02 7.735819e+01 7.435374e-05 9.999999e-01 -3.401015e-04 -3.566153e+00 -2.609686e-02 3.419252e-04 9.996594e-01 2.004171e+01
9.997123e-01 1.386484e-04 -2.398335e-02 7.806267e+01 -1.333188e-04 1.000000e+00 2.238014e-04 -3.593484e+00 2.398331e-02 -2.205387e-04 9.997123e-01 2.009145e+01
9.995986e-01 -5.372420e-05 2.833109e-02 7.864282e+01 6.769826e-05 9.999999e-01 -4.922965e-04 -3.610877e+00 -2.833099e-02 4.940160e-04 9.995986e-01 1.991992e+01
9.997416e-01 1.591387e-04 -2.272942e-02 7.901608e+01 -1.554491e-04 1.000000e+00 1.640751e-04 -3.621347e+00 2.272937e-02 -1.604987e-04 9.997416e-01 1.972728e+01
9.995356e-01 -1.961457e-05 3.047477e-02 7.962019e+01 3.599255e-05 9.999999e-01 -5.368915e-04 -3.638562e+00 -3.047469e-02 5.377382e-04 9.995355e-01 1.952008e+01
9.998577e-01 2.319045e-04 -1.686692e-02 8.027319e+01 -2.312359e-04 1.000000e+00 4.157139e-05 -3.661042e+00 1.686686e-02 -3.766453e-05 9.998577e-01 1.945516e+01
9.992206e-01 1.369249e-04 3.947309e-02 8.076721e+01 -1.077354e-04 9.999997e-01 -7.416117e-04 -3.684624e+00 -3.947311e-02 7.367804e-04 9.992204e-01 1.964851e+01
9.998634e-01 2.261701e-04 -1.652543e-02 8.129042e+01 -2.257567e-04 1.000000e+00 2.686823e-05 -3.709882e+00 1.652537e-02 -2.313326e-05 9.998634e-01 1.987267e+01
9.991243e-01 1.874350e-04 4.184049e-02 8.176124e+01 -1.543783e-04 9.999997e-01 -7.932998e-04 -3.735253e+00 -4.184056e-02 7.861453e-04 9.991241e-01 2.017416e+01
9.997913e-01 1.697846e-04 -2.042955e-02 8.239517e+01 -1.672230e-04 1.000000e+00 1.270869e-04 -3.762328e+00 2.042951e-02 -1.236436e-04 9.997912e-01 2.031872e+01
9.993302e-01 1.235041e-04 3.659514e-02 8.293393e+01 -1.009163e-04 9.999998e-01 -6.190889e-04 -3.789483e+00 -3.659514e-02 6.149808e-04 9.993301e-01 2.059806e+01
9.998229e-01 1.688711e-04 -1.881574e-02 8.341734e+01 -1.682440e-04 1.000000e+00 3.489997e-05 -3.812411e+00 1.881568e-02 -3.172784e-05 9.998229e-01 2.078127e+01
9.994361e-01 1.002315e-04 3.357850e-02 8.395842e+01 -8.340176e-05 9.999999e-01 -5.026108e-04 -3.837951e+00 -3.357849e-02 4.995266e-04 9.994360e-01 2.099218e+01
9.999049e-01 2.297738e-04 -1.379042e-02 8.453016e+01 -2.314093e-04 1.000000e+00 -1.170115e-04 -3.864895e+00 1.379033e-02 1.201918e-04 9.999048e-01 2.122184e+01
9.994060e-01 1.495199e-04 3.446168e-02 8.487858e+01 -1.332472e-04 9.999999e-01 -4.744936e-04 -3.891543e+00 -3.446169e-02 4.696197e-04 9.994060e-01 2.174248e+01
9.998638e-01 1.665672e-04 -1.650195e-02 8.534238e+01 -1.674404e-04 1.000000e+00 -5.153785e-05 -3.920157e+00 1.650188e-02 5.429401e-05 9.998637e-01 2.218553e+01
9.993271e-01 1.908971e-04 3.667856e-02 8.565520e+01 -1.706852e-04 9.999998e-01 -5.541878e-04 -3.943732e+00 -3.667860e-02 5.475543e-04 9.993271e-01 2.262559e+01
9.999294e-01 2.032710e-04 -1.187981e-02 8.616188e+01 -2.058507e-04 1.000000e+00 -2.159291e-04 -3.968470e+00 1.187971e-02 2.183592e-04 9.999293e-01 2.285091e+01
9.991567e-01 2.764397e-04 4.105891e-02 8.672743e+01 -2.491552e-04 9.999997e-01 -6.696361e-04 -3.994162e+00 -4.105903e-02 6.588415e-04 9.991566e-01 2.303808e+01
9.999419e-01 2.022436e-04 -1.078097e-02 8.738472e+01 -2.051866e-04 9.999999e-01 -2.718701e-04 -4.019020e+00 1.078086e-02 2.740661e-04 9.999418e-01 2.306865e+01
9.992285e-01 2.659029e-04 3.927273e-02 8.798785e+01 -2.423186e-04 9.999998e-01 -6.052833e-04 -4.043685e+00 -3.927283e-02 5.953002e-04 9.992284e-01 2.316342e+01
9.998899e-01 1.206933e-04 -1.483841e-02 8.850291e+01 -1.230913e-04 1.000000e+00 -1.606884e-04 -4.067478e+00 1.483835e-02 1.624967e-04 9.998898e-01 2.333981e+01
9.993792e-01 2.215352e-04 3.522972e-02 8.894023e+01 -2.049741e-04 9.999999e-01 -4.736999e-04 -4.090524e+00 -3.522977e-02 4.661852e-04 9.993792e-01 2.358826e+01
9.998655e-01 8.875780e-05 -1.639868e-02 8.943483e+01 -9.065199e-05 1.000000e+00 -1.147595e-04 -4.115745e+00 1.639863e-02 1.162301e-04 9.998654e-01 2.384892e+01
9.994914e-01 1.876900e-04 3.188896e-02 8.991195e+01 -1.765684e-04 9.999999e-01 -3.515735e-04 -4.142990e+00 -3.188898e-02 3.457647e-04 9.994915e-01 2.421637e+01
9.999409e-01 1.527899e-04 -1.086676e-02 9.046231e+01 -1.561934e-04 9.999999e-01 -3.123379e-04 -4.167963e+00 1.086667e-02 3.140161e-04 9.999408e-01 2.439546e+01
9.995341e-01 1.734985e-04 3.052038e-02 9.097657e+01 -1.643693e-04 9.999999e-01 -3.016220e-04 -4.192676e+00 -3.052040e-02 2.964656e-04 9.995342e-01 2.460873e+01
9.998694e-01 7.105479e-05 -1.616040e-02 9.151676e+01 -7.373713e-05 1.000000e+00 -1.653802e-04 -4.217767e+00 1.616035e-02 1.665494e-04 9.998693e-01 2.479928e+01
9.995020e-01 1.886336e-04 3.155390e-02 9.205869e+01 -1.778618e-04 9.999999e-01 -3.441807e-04 -4.241451e+00 -3.155394e-02 3.383979e-04 9.995021e-01 2.493034e+01
9.998662e-01 5.932788e-05 -1.635749e-02 9.255510e+01 -6.196076e-05 1.000000e+00 -1.604450e-04 -4.264371e+00 1.635745e-02 1.614361e-04 9.998661e-01 2.509083e+01
9.992490e-01 3.012180e-04 3.874695e-02 9.300032e+01 -2.790282e-04 9.999998e-01 -5.780858e-04 -4.283763e+00 -3.874709e-02 5.668412e-04 9.992490e-01 2.518185e+01
9.997736e-01 -9.908555e-06 -2.127828e-02 9.351684e+01 9.996143e-06 1.000000e+00 4.014990e-06 -4.307130e+00 2.127825e-02 -4.227830e-06 9.997735e-01 2.533432e+01
9.995329e-01 1.964904e-04 3.056215e-02 9.420121e+01 -1.869923e-04 9.999999e-01 -3.136352e-04 -4.335743e+00 -3.056219e-02 3.077749e-04 9.995329e-01 2.547327e+01
9.998286e-01 1.816615e-05 -1.851568e-02 9.486613e+01 -1.964916e-05 1.000000e+00 -7.990742e-05 -4.363803e+00 1.851566e-02 8.025641e-05 9.998285e-01 2.561793e+01
9.994634e-01 2.242799e-04 3.275510e-02 9.555378e+01 -2.106941e-04 9.999999e-01 -4.182157e-04 -4.387150e+00 -3.275517e-02 4.110911e-04 9.994634e-01 2.554912e+01
9.999190e-01 1.027715e-04 -1.272762e-02 9.619194e+01 -1.057226e-04 1.000000e+00 -2.311823e-04 -4.411384e+00 1.272757e-02 2.325079e-04 9.999189e-01 2.558171e+01
9.995300e-01 2.061270e-04 3.065474e-02 9.690373e+01 -1.963247e-04 9.999999e-01 -3.227696e-04 -4.440774e+00 -3.065479e-02 3.166009e-04 9.995301e-01 2.572471e+01
9.999443e-01 1.180620e-04 -1.055148e-02 9.761230e+01 -1.214611e-04 9.999999e-01 -3.214932e-04 -4.466427e+00 1.055143e-02 3.227555e-04 9.999442e-01 2.572359e+01
9.994269e-01 2.673609e-04 3.385080e-02 9.807939e+01 -2.524968e-04 9.999999e-01 -4.433792e-04 -4.484484e+00 -3.385089e-02 4.345794e-04 9.994269e-01 2.573560e+01
9.999311e-01 1.039015e-04 -1.173958e-02 9.831964e+01 -1.069152e-04 1.000000e+00 -2.560756e-04 -4.504708e+00 1.173955e-02 2.573116e-04 9.999310e-01 2.613998e+01
9.993403e-01 3.118888e-04 3.631673e-02 9.873453e+01 -2.935693e-04 9.999998e-01 -5.097655e-04 -4.527313e+00 -3.631687e-02 4.987693e-04 9.993403e-01 2.641092e+01
9.999710e-01 1.624640e-04 -7.619135e-03 9.937514e+01 -1.653730e-04 9.999999e-01 -3.811742e-04 -4.553002e+00 7.619066e-03 3.824214e-04 9.999708e-01 2.650506e+01
9.992266e-01 3.744466e-04 3.932012e-02 1.000126e+02 -3.510413e-04 9.999998e-01 -6.021508e-04 -4.576440e+00 -3.932033e-02 5.878839e-04 9.992266e-01 2.651433e+01
9.999632e-01 1.308969e-04 -8.583643e-03 1.006438e+02 -1.339788e-04 9.999999e-01 -3.584758e-04 -4.600240e+00 8.583595e-03 3.596107e-04 9.999630e-01 2.654331e+01
9.990272e-01 4.773055e-04 4.409521e-02 1.012354e+02 -4.454539e-04 9.999996e-01 -7.321592e-04 -4.623591e+00 -4.409555e-02 7.118066e-04 9.990272e-01 2.660923e+01
9.999797e-01 1.457343e-04 -6.371145e-03 1.017959e+02 -1.484947e-04 9.999999e-01 -4.328180e-04 -4.645660e+00 6.371088e-03 4.337532e-04 9.999795e-01 2.666458e+01
9.989852e-01 5.073054e-04 4.503613e-02 1.022747e+02 -4.736632e-04 9.999996e-01 -7.576753e-04 -4.665164e+00 -4.503651e-02 7.355767e-04 9.989852e-01 2.672289e+01
9.999454e-01 2.395909e-05 -1.044899e-02 1.026301e+02 -2.770574e-05 9.999999e-01 -3.584394e-04 -4.677827e+00 1.044899e-02 3.587070e-04 9.999452e-01 2.665111e+01
9.991668e-01 4.875246e-04 4.080916e-02 1.031567e+02 -4.625407e-04 9.999997e-01 -6.216581e-04 -4.695176e+00 -4.080947e-02 6.022666e-04 9.991669e-01 2.655948e+01
9.999406e-01 -3.469477e-06 -1.090089e-02 1.036795e+02 -4.823638e-07 9.999999e-01 -3.625477e-04 -4.711624e+00 1.090091e-02 3.625289e-04 9.999404e-01 2.643642e+01
9.993267e-01 4.547325e-04 3.668663e-02 1.043423e+02 -4.383408e-04 9.999998e-01 -4.548523e-04 -4.734656e+00 -3.668686e-02 4.384673e-04 9.993268e-01 2.639296e+01
9.998759e-01 -1.131667e-04 -1.575080e-02 1.051436e+02 1.095991e-04 1.000000e+00 -2.273912e-04 -4.760642e+00 1.575085e-02 2.256340e-04 9.998758e-01 2.628196e+01
9.993001e-01 4.767739e-04 3.740475e-02 1.059181e+02 -4.589959e-04 9.999998e-01 -4.838801e-04 -4.784999e+00 -3.740499e-02 4.663755e-04 9.993002e-01 2.614368e+01
9.999364e-01 -8.680050e-05 -1.127728e-02 1.065389e+02 8.227507e-05 9.999999e-01 -4.017898e-04 -4.803020e+00 1.127735e-02 4.008336e-04 9.999362e-01 2.595887e+01
9.994179e-01 4.505418e-04 3.411244e-02 1.072516e+02 -4.387814e-04 9.999998e-01 -3.522509e-04 -4.825483e+00 -3.411263e-02 3.370807e-04 9.994180e-01 2.582593e+01
9.998595e-01 -1.758480e-04 -1.676174e-02 1.080772e+02 1.719928e-04 1.000000e+00 -2.314696e-04 -4.851188e+00 1.676181e-02 2.285513e-04 9.998594e-01 2.567101e+01
9.994265e-01 4.579148e-04 3.386014e-02 1.089071e+02 -4.464357e-04 9.999998e-01 -3.465893e-04 -4.876995e+00 -3.386033e-02 3.312771e-04 9.994266e-01 2.551541e+01
9.998262e-01 -2.212952e-04 -1.864412e-02 1.096644e+02 2.178555e-04 1.000000e+00 -1.865568e-04 -4.900835e+00 1.864419e-02 1.824597e-04 9.998261e-01 2.537444e+01
9.995059e-01 4.265828e-04 3.142884e-02 1.104242e+02 -4.183019e-04 9.999999e-01 -2.700735e-04 -4.925440e+00 -3.142899e-02 2.567963e-04 9.995061e-01 2.525895e+01
9.999506e-01 -1.181766e-04 -9.934296e-03 1.110229e+02 1.135557e-04 9.999999e-01 -4.657672e-04 -4.945170e+00 9.934389e-03 4.646131e-04 9.999504e-01 2.516864e+01
9.995686e-01 4.120937e-04 2.936591e-02 1.115381e+02 -4.061893e-04 9.999999e-01 -2.070495e-04 -4.964722e+00 -2.936604e-02 1.950352e-04 9.995688e-01 2.517202e+01
9.999458e-01 -1.366778e-04 -1.041011e-02 1.120801e+02 1.321485e-04 9.999999e-01 -4.358406e-04 -4.985727e+00 1.041021e-02 4.344382e-04 9.999456e-01 2.519615e+01
9.996138e-01 3.963068e-04 2.778803e-02 1.126940e+02 -3.916645e-04 9.999999e-01 -1.725288e-04 -5.006741e+00 -2.778814e-02 1.615818e-04 9.996139e-01 2.513001e+01
9.999122e-01 -1.675805e-04 -1.324946e-02 1.134169e+02 1.633068e-04 9.999999e-01 -3.236965e-04 -5.031389e+00 1.324956e-02 3.215012e-04 9.999121e-01 2.506135e+01
9.997903e-01 2.849147e-04 2.047745e-02 1.141299e+02 -2.854915e-04 1.000000e+00 2.520402e-05 -5.055895e+00 -2.047749e-02 -3.104161e-05 9.997904e-01 2.498945e+01
9.999583e-01 -1.100391e-04 -9.132586e-03 1.148123e+02 1.062060e-04 9.999999e-01 -4.202875e-04 -5.082261e+00 9.132678e-03 4.192967e-04 9.999581e-01 2.503214e+01
9.998335e-01 2.585416e-04 1.824584e-02 1.155228e+02 -2.602137e-04 1.000000e+00 8.922340e-05 -5.108798e+00 -1.824586e-02 -9.395305e-05 9.998336e-01 2.504273e+01
9.999843e-01 -7.017592e-05 -5.599406e-03 1.162023e+02 6.720466e-05 9.999999e-01 -5.309839e-04 -5.133255e+00 5.599492e-03 5.305960e-04 9.999841e-01 2.502071e+01
9.997423e-01 3.366869e-04 2.269922e-02 1.167693e+02 -3.355481e-04 9.999999e-01 -5.402161e-05 -5.154967e+00 -2.269929e-02 4.639439e-05 9.997424e-01 2.503549e+01
9.995082e-01 -2.788967e-04 -3.135706e-02 1.173432e+02 2.845650e-04 9.999999e-01 1.762717e-04 -5.177173e+00 3.135706e-02 -1.851114e-04 9.995081e-01 2.505230e+01
9.997648e-01 2.934509e-04 2.168573e-02 1.179812e+02 -2.937301e-04 1.000000e+00 9.651498e-06 -5.202590e+00 -2.168577e-02 -1.601562e-05 9.997649e-01 2.510867e+01
9.994428e-01 -2.857447e-04 -3.337507e-02 1.186814e+02 2.938059e-04 9.999999e-01 2.366008e-04 -5.229436e+00 3.337504e-02 -2.462781e-04 9.994428e-01 2.514724e+01
9.997963e-01 2.513907e-04 2.018252e-02 1.193447e+02 -2.523781e-04 1.000000e+00 4.633560e-05 -5.254664e+00 -2.018255e-02 -5.141647e-05 9.997964e-01 2.517230e+01
9.992205e-01 -2.004421e-04 -3.947617e-02 1.199048e+02 2.151111e-04 9.999999e-01 3.673236e-04 -5.276933e+00 3.947614e-02 -3.755323e-04 9.992203e-01 2.523318e+01
9.997036e-01 1.629259e-04 2.434621e-02 1.205977e+02 -1.620993e-04 1.000000e+00 -3.595625e-05 -5.302377e+00 -2.434626e-02 3.200236e-05 9.997037e-01 2.523359e+01
9.989454e-01 -9.536210e-05 -4.591308e-02 1.211408e+02 1.183327e-04 9.999999e-01 4.975718e-04 -5.323178e+00 4.591307e-02 -5.024833e-04 9.989452e-01 2.525765e+01
9.996468e-01 1.526565e-04 2.657716e-02 1.216518e+02 -1.506395e-04 1.000000e+00 -7.791982e-05 -5.344571e+00 -2.657721e-02 7.389192e-05 9.996469e-01 2.534636e+01
9.990387e-01 -1.242584e-04 -4.383650e-02 1.222380e+02 1.446240e-04 9.999999e-01 4.613921e-04 -5.368594e+00 4.383648e-02 -4.672915e-04 9.990385e-01 2.543880e+01
9.996125e-01 1.303345e-04 2.783576e-02 1.228160e+02 -1.273559e-04 1.000000e+00 -1.087984e-04 -5.392494e+00 -2.783581e-02 1.052143e-04 9.996126e-01 2.553263e+01
9.992413e-01 -1.450859e-04 -3.894670e-02 1.233560e+02 1.581713e-04 9.999999e-01 3.328831e-04 -5.416841e+00 3.894669e-02 -3.387938e-04 9.992411e-01 2.568673e+01
9.995227e-01 1.145521e-04 3.089189e-02 1.239411e+02 -1.089907e-04 1.000000e+00 -1.817272e-04 -5.442238e+00 -3.089195e-02 1.782767e-04 9.995228e-01 2.580929e+01
9.991528e-01 -1.378531e-04 -4.115411e-02 1.245975e+02 1.543581e-04 9.999999e-01 3.978590e-04 -5.468830e+00 4.115408e-02 -4.038774e-04 9.991526e-01 2.589394e+01
9.996639e-01 1.540457e-04 2.592384e-02 1.251425e+02 -1.524958e-04 1.000000e+00 -6.178132e-05 -5.492489e+00 -2.592388e-02 5.781034e-05 9.996640e-01 2.601855e+01
9.991876e-01 -1.526359e-04 -4.030029e-02 1.257408e+02 1.681575e-04 9.999999e-01 3.817426e-04 -5.517695e+00 4.030026e-02 -3.882123e-04 9.991874e-01 2.613573e+01
9.995143e-01 1.208899e-04 3.116276e-02 1.263352e+02 -1.155350e-04 1.000000e+00 -1.736528e-04 -5.545144e+00 -3.116281e-02 1.699710e-04 9.995144e-01 2.633590e+01
9.989202e-01 -9.783300e-05 -4.645911e-02 1.268878e+02 1.206516e-04 9.999999e-01 4.883385e-04 -5.567405e+00 4.645909e-02 -4.934195e-04 9.989200e-01 2.639423e+01
9.994991e-01 9.076620e-05 3.164717e-02 1.274518e+02 -8.449732e-05 1.000000e+00 -1.994359e-04 -5.588834e+00 -3.164722e-02 1.966649e-04 9.994992e-01 2.640244e+01
9.988474e-01 -8.565891e-05 -4.799813e-02 1.280786e+02 1.119982e-04 9.999998e-01 5.460568e-04 -5.612842e+00 4.799811e-02 -5.508061e-04 9.988472e-01 2.643677e+01
9.994504e-01 7.672714e-05 3.315026e-02 1.286839e+02 -6.909128e-05 1.000000e+00 -2.314962e-04 -5.636869e+00 -3.315030e-02 2.290815e-04 9.994505e-01 2.649894e+01
