9.999982e-01 -2.281891e-05 -1.877110e-03 7.189008e-01 2.296785e-05 1.000000e+00 7.932987e-05 -3.335457e-02 1.877109e-03 -7.937333e-05 9.999983e-01 2.777191e-01
9.999996e-01 -8.859115e-05 -8.875018e-04 1.745417e+00 8.868923e-05 1.000000e+00 1.104555e-04 -7.831624e-02 8.874916e-04 -1.105337e-04 9.999995e-01 6.246576e-01
9.999993e-01 1.163915e-05 -1.164640e-03 2.738120e+00 -1.153897e-05 1.000000e+00 8.603467e-05 -1.244186e-01 1.164642e-03 -8.602169e-05 9.999994e-01 1.070958e+00
9.999994e-01 -7.347227e-06 1.122703e-03 3.750799e+00 7.282658e-06 1.000000e+00 5.753449e-05 -1.722798e-01 -1.122704e-03 -5.752574e-05 9.999993e-01 1.557471e+00
9.999370e-01 -3.748653e-05 -1.122609e-02 4.352836e+00 3.923122e-05 1.000000e+00 1.551953e-04 -1.985578e-01 1.122609e-02 -1.556265e-04 9.999371e-01 1.702647e+00
9.999923e-01 -3.206316e-05 3.929014e-03 5.012369e+00 3.211033e-05 1.000000e+00 -1.193532e-05 -2.260720e-01 -3.929016e-03 1.206196e-05 9.999922e-01 1.822487e+00
9.999233e-01 -9.114345e-05 -1.238622e-02 5.795556e+00 9.351941e-05 1.000000e+00 1.912452e-04 -2.568147e-01 1.238620e-02 -1.923895e-04 9.999234e-01 1.903196e+00
9.999996e-01 1.035425e-04 9.378337e-04 6.114520e+00 -1.036110e-04 1.000000e+00 7.306177e-05 -2.811319e-01 -9.378305e-04 -7.315829e-05 9.999995e-01 2.359892e+00
9.999299e-01 -9.817959e-05 -1.184042e-02 6.426094e+00 1.002335e-04 1.000000e+00 1.728716e-04 -3.032359e-01 1.184041e-02 -1.740469e-04 9.999300e-01 2.720220e+00
1.000000e+00 1.476246e-04 -2.090224e-04 6.733710e+00 -1.475966e-04 1.000000e+00 1.338868e-04 -3.271472e-01 2.090355e-04 -1.338552e-04 9.999999e-01 3.181663e+00
9.999961e-01 -1.463177e-04 -2.779721e-03 7.196177e+00 1.460904e-04 1.000000e+00 -8.196001e-05 -3.520266e-01 2.779740e-03 8.155292e-05 9.999962e-01 3.454143e+00
9.999994e-01 1.472393e-04 1.101827e-03 7.736560e+00 -1.473298e-04 1.000000e+00 8.211068e-05 -3.772005e-01 -1.101822e-03 -8.227228e-05 9.999993e-01 3.629334e+00
9.999630e-01 -1.965424e-04 -8.601005e-03 8.128749e+00 1.970700e-04 1.000000e+00 6.050354e-05 -4.003131e-01 8.601000e-03 -6.219700e-05 9.999631e-01 3.920038e+00
9.999999e-01 2.017728e-04 2.588728e-04 8.375280e+00 -2.018078e-04 1.000000e+00 1.355754e-04 -4.237686e-01 -2.588541e-04 -1.356269e-04 9.999999e-01 4.426805e+00
9.998722e-01 -1.082322e-04 -1.598610e-02 8.635585e+00 1.131597e-04 9.999999e-01 3.073376e-04 -4.503363e-01 1.598608e-02 -3.091080e-04 9.998723e-01 5.048176e+00
1.000000e+00 1.388317e-04 -6.879425e-05 9.202745e+00 -1.388268e-04 1.000000e+00 6.937186e-05 -4.771439e-01 6.879203e-05 -6.936152e-05 9.999999e-01 5.283199e+00
9.998939e-01 -1.544379e-04 -1.456821e-02 9.642212e+00 1.569773e-04 1.000000e+00 1.731747e-04 -4.955055e-01 1.456820e-02 -1.754440e-04 9.998940e-01 5.326924e+00
9.999999e-01 1.652559e-04 -3.786009e-04 9.954568e+00 -1.652409e-04 1.000000e+00 3.950436e-05 -5.089039e-01 3.785926e-04 -3.944096e-05 9.999998e-01 5.331651e+00
9.998606e-01 -1.179834e-04 -1.669812e-02 1.034510e+01 1.222853e-04 1.000000e+00 2.566158e-04 -5.230772e-01 1.669811e-02 -2.586228e-04 9.998606e-01 5.283223e+00
9.999989e-01 1.279584e-04 1.472552e-03 1.090752e+01 -1.280244e-04 1.000000e+00 4.479850e-05 -5.449597e-01 -1.472564e-03 -4.498608e-05 9.999988e-01 5.325409e+00
9.999880e-01 -1.321161e-04 -4.901189e-03 1.141475e+01 1.319714e-04 1.000000e+00 -2.983876e-05 -5.676023e-01 4.901211e-03 2.919069e-05 9.999881e-01 5.444087e+00
9.999951e-01 1.291590e-04 -3.135765e-03 1.172700e+01 -1.286585e-04 1.000000e+00 1.598008e-04 -5.872761e-01 3.135766e-03 -1.593957e-04 9.999950e-01 5.708459e+00
9.999262e-01 -6.731096e-05 -1.214661e-02 1.206186e+01 6.855306e-05 1.000000e+00 1.018521e-04 -6.034205e-01 1.214662e-02 -1.026782e-04 9.999263e-01 5.816759e+00
9.999811e-01 8.846857e-05 -6.141749e-03 1.245116e+01 -8.674537e-05 1.000000e+00 2.808177e-04 -6.244234e-01 6.141752e-03 -2.802786e-04 9.999810e-01 6.026867e+00
9.999473e-01 -6.945264e-05 -1.026974e-02 1.290695e+01 7.033680e-05 1.000000e+00 8.574554e-05 -6.489125e-01 1.026975e-02 -8.646436e-05 9.999474e-01 6.311073e+00
1.000000e+00 1.051134e-05 -1.374754e-04 1.333179e+01 -1.048991e-05 1.000000e+00 1.548723e-04 -6.742747e-01 1.374520e-04 -1.548698e-04 9.999999e-01 6.644309e+00
9.998225e-01 -1.499637e-05 -1.883932e-02 1.373318e+01 1.986719e-05 1.000000e+00 2.583666e-04 -6.972497e-01 1.883934e-02 -2.586961e-04 9.998226e-01 6.909693e+00
9.999896e-01 -5.512556e-05 4.553636e-03 1.431594e+01 5.506491e-05 1.000000e+00 1.348319e-05 -7.221871e-01 -4.553665e-03 -1.323121e-05 9.999895e-01 7.022988e+00
9.999435e-01 -1.120877e-04 -1.062774e-02 1.503236e+01 1.118553e-04 1.000000e+00 -2.244764e-05 -7.422329e-01 1.062777e-02 2.125651e-05 9.999436e-01 6.756646e+00
9.999795e-01 -6.339652e-05 6.400739e-03 1.543232e+01 6.410910e-05 1.000000e+00 -1.110936e-04 -7.489816e-01 -6.400761e-03 1.115027e-04 9.999794e-01 6.326734e+00
9.999737e-01 -2.876988e-04 -7.240667e-03 1.507429e+01 2.855726e-04 9.999999e-01 -2.946672e-04 -7.146780e-01 7.240781e-03 2.925907e-04 9.999738e-01 4.970704e+00
9.999819e-01 -1.058572e-04 6.014183e-03 1.465000e+01 1.066913e-04 1.000000e+00 -1.383452e-04 -6.746476e-01 -6.014198e-03 1.389853e-04 9.999818e-01 3.428395e+00
9.999457e-01 -2.321689e-04 -1.041391e-02 1.431722e+01 2.304219e-04 1.000000e+00 -1.689414e-04 -6.435206e-01 1.041398e-02 1.665316e-04 9.999459e-01 2.178944e+00
9.999637e-01 3.943029e-05 8.515115e-03 1.448268e+01 -3.903864e-05 1.000000e+00 -4.614113e-05 -6.414598e-01 -8.515147e-03 4.580801e-05 9.999636e-01 1.652092e+00
9.999616e-01 -4.181126e-04 -8.750286e-03 1.394929e+01 4.149354e-04 9.999998e-01 -3.648943e-04 -6.031072e-01 8.750467e-03 3.612486e-04 9.999617e-01 3.258356e-01
9.999678e-01 7.028433e-06 8.023124e-03 1.338358e+01 -6.526699e-06 1.000000e+00 -6.254203e-05 -5.613239e-01 -8.023154e-03 6.248855e-05 9.999677e-01 -1.122619e+00
9.999582e-01 -4.715514e-04 -9.131271e-03 1.272748e+01 4.681666e-04 9.999998e-01 -3.727963e-04 -5.148760e-01 9.131476e-03 3.685049e-04 9.999583e-01 -2.683450e+00
9.999651e-01 4.504982e-05 8.349690e-03 1.212302e+01 -4.454862e-05 1.000000e+00 -6.019328e-05 -4.716733e-01 -8.349723e-03 5.982005e-05 9.999650e-01 -4.150041e+00
9.999590e-01 -4.368924e-04 -9.042467e-03 1.161856e+01 4.335262e-04 9.999998e-01 -3.742073e-04 -4.320946e-01 9.042659e-03 3.702711e-04 9.999591e-01 -5.559601e+00
9.999575e-01 -1.765083e-06 9.220139e-03 1.099520e+01 2.790047e-06 1.000000e+00 -1.111377e-04 -3.846640e-01 -9.220169e-03 1.111594e-04 9.999574e-01 -7.176916e+00
9.999617e-01 -4.576824e-04 -8.736158e-03 1.030281e+01 4.544060e-04 9.999998e-01 -3.770049e-04 -3.349135e-01 8.736359e-03 3.730200e-04 9.999619e-01 -8.815351e+00
9.999496e-01 5.712717e-05 1.003556e-02 9.654517e+00 -5.615216e-05 1.000000e+00 -9.742512e-05 -2.886565e-01 -1.003559e-02 9.685736e-05 9.999495e-01 -1.033221e+01
9.999646e-01 -3.915714e-04 -8.404507e-03 9.140293e+00 3.887019e-04 9.999999e-01 -3.430362e-04 -2.497550e-01 8.404671e-03 3.397565e-04 9.999647e-01 -1.166366e+01
9.999541e-01 4.127685e-05 9.585328e-03 8.573863e+00 -4.035927e-05 1.000000e+00 -9.590959e-05 -2.098589e-01 -9.585362e-03 9.551892e-05 9.999540e-01 -1.298544e+01
9.999661e-01 -4.463512e-04 -8.220755e-03 7.951649e+00 4.431179e-04 9.999998e-01 -3.951164e-04 -1.624072e-01 8.220960e-03 3.914597e-04 9.999662e-01 -1.458178e+01
9.999626e-01 1.236242e-04 8.642164e-03 7.467505e+00 -1.233567e-04 1.000000e+00 -3.147375e-05 -1.257815e-01 -8.642198e-03 3.040702e-05 9.999626e-01 -1.585320e+01
9.999589e-01 -4.815641e-04 -9.055951e-03 6.915190e+00 4.781435e-04 9.999998e-01 -3.798743e-04 -8.770739e-02 9.056162e-03 3.755281e-04 9.999590e-01 -1.712165e+01
9.999770e-01 5.963525e-05 6.781279e-03 6.229175e+00 -5.958080e-05 1.000000e+00 -8.218477e-06 -4.380037e-02 -6.781310e-03 7.814705e-06 9.999769e-01 -1.851655e+01
9.998546e-01 -2.945110e-04 -1.705021e-02 5.806287e+00 2.923779e-04 9.999999e-01 -1.275936e-04 -1.528478e-02 1.705027e-02 1.225894e-04 9.998547e-01 -1.950230e+01
9.999890e-01 2.546746e-04 -4.673128e-03 5.857254e+00 -2.528278e-04 9.999999e-01 3.957781e-04 -1.294929e-02 4.673195e-03 -3.945918e-04 9.999889e-01 -1.988610e+01
9.998032e-01 -2.556912e-04 -1.983662e-02 6.131316e+00 2.545195e-04 1.000000e+00 -6.158703e-05 -1.855336e-02 1.983667e-02 5.652560e-05 9.998033e-01 -2.018335e+01
9.999955e-01 2.823726e-04 -2.973868e-03 6.591923e+00 -2.808765e-04 9.999998e-01 5.034554e-04 -3.591909e-02 2.973972e-03 -5.026173e-04 9.999954e-01 -2.019465e+01
9.997239e-01 -1.625331e-04 -2.349712e-02 7.098875e+00 1.658410e-04 1.000000e+00 1.388346e-04 -6.074804e-02 2.349714e-02 -1.426936e-04 9.997240e-01 -1.995278e+01
9.999839e-01 3.336061e-04 -5.656813e-03 7.485758e+00 -3.304482e-04 9.999998e-01 5.591448e-04 -8.076904e-02 5.656956e-03 -5.572659e-04 9.999837e-01 -1.974467e+01
9.996242e-01 -1.083654e-04 -2.741351e-02 7.855490e+00 1.146823e-04 1.000000e+00 2.288621e-04 -1.002017e-01 2.741353e-02 -2.319206e-04 9.996242e-01 -1.952799e+01
9.999946e-01 2.625659e-04 -3.265333e-03 8.308435e+00 -2.608448e-04 9.999998e-01 5.274458e-04 -1.230499e-01 3.265422e-03 -5.265905e-04 9.999944e-01 -1.929070e+01
9.996442e-01 -1.020815e-04 -2.667294e-02 8.753984e+00 1.070906e-04 1.000000e+00 1.863792e-04 -1.449710e-01 2.667297e-02 -1.891702e-04 9.996443e-01 -1.908209e+01
9.999889e-01 2.709457e-04 -4.700211e-03 9.176773e+00 -2.682323e-04 9.999998e-01 5.778630e-04 -1.660239e-01 4.700313e-03 -5.765949e-04 9.999887e-01 -1.887588e+01
9.996081e-01 -6.423530e-05 -2.799392e-02 9.617636e+00 7.094708e-05 1.000000e+00 2.387760e-04 -1.886044e-01 2.799396e-02 -2.406695e-04 9.996082e-01 -1.862363e+01
9.999827e-01 2.682707e-04 -5.874659e-03 1.006486e+01 -2.644971e-04 9.999998e-01 6.430715e-04 -2.124032e-01 5.874771e-03 -6.415055e-04 9.999824e-01 -1.832986e+01
9.995918e-01 -3.064762e-05 -2.856893e-02 1.051620e+01 3.803376e-05 1.000000e+00 2.580078e-04 -2.367376e-01 2.856898e-02 -2.589902e-04 9.995919e-01 -1.801401e+01
9.999639e-01 2.366248e-04 -8.496717e-03 1.108484e+01 -2.302629e-04 9.999997e-01 7.496782e-04 -2.653338e-01 8.496827e-03 -7.476934e-04 9.999635e-01 -1.767700e+01
9.996314e-01 -2.388395e-05 -2.714989e-02 1.169678e+01 2.959706e-05 1.000000e+00 2.100442e-04 -2.950497e-01 2.714995e-02 -2.107716e-04 9.996314e-01 -1.735076e+01
9.999105e-01 2.970730e-04 -1.337183e-02 1.212575e+01 -2.855768e-04 9.999996e-01 8.615988e-04 -3.189209e-01 1.337201e-02 -8.577017e-04 9.999101e-01 -1.702601e+01
9.998060e-01 -6.719371e-05 -1.969707e-02 1.256593e+01 6.673792e-05 1.000000e+00 -2.376676e-05 -3.433147e-01 1.969714e-02 2.244621e-05 9.998061e-01 -1.669468e+01
9.999557e-01 2.062451e-04 -9.410777e-03 1.300738e+01 -1.992267e-04 9.999997e-01 7.466503e-04 -3.662840e-01 9.410854e-03 -7.447409e-04 9.999554e-01 -1.644383e+01
9.996108e-01 6.675621e-05 -2.789804e-02 1.333591e+01 -6.223321e-05 1.000000e+00 1.630191e-04 -3.847563e-01 2.789812e-02 -1.612210e-04 9.996108e-01 -1.621206e+01
9.999356e-01 2.117360e-04 -1.134808e-02 1.356285e+01 -2.033368e-04 9.999997e-01 7.412240e-04 -3.990185e-01 1.134816e-02 -7.388672e-04 9.999353e-01 -1.602188e+01
9.998363e-01 -4.132088e-05 -1.809380e-02 1.382161e+01 3.889701e-05 1.000000e+00 -1.342688e-04 -4.130027e-01 1.809389e-02 1.335414e-04 9.998364e-01 -1.590329e+01
9.999022e-01 2.105426e-04 -1.398341e-02 1.407341e+01 -1.995095e-04 9.999997e-01 7.903459e-04 -4.250320e-01 1.398349e-02 -7.874772e-04 9.999018e-01 -1.585170e+01
9.998784e-01 -5.624080e-05 -1.559263e-02 1.425644e+01 5.244593e-05 1.000000e+00 -2.437269e-04 -4.338288e-01 1.559273e-02 2.428779e-04 9.998785e-01 -1.585874e+01
9.999813e-01 2.028790e-04 -6.106424e-03 1.442758e+01 -1.987439e-04 9.999998e-01 6.776171e-04 -4.463284e-01 6.106474e-03 -6.763892e-04 9.999811e-01 -1.568141e+01
9.999575e-01 1.232288e-05 -9.222881e-03 1.460370e+01 -1.548524e-05 9.999999e-01 -3.427055e-04 -4.617419e-01 9.222962e-03 3.428321e-04 9.999575e-01 -1.539762e+01
9.998374e-01 2.543711e-04 -1.802701e-02 1.478239e+01 -2.362406e-04 9.999995e-01 1.007807e-03 -4.777249e-01 1.802717e-02 -1.003383e-03 9.998369e-01 -1.506752e+01
9.998249e-01 -1.019712e-04 1.871473e-02 1.501323e+01 1.222743e-04 9.999994e-01 -1.083790e-03 -4.979799e-01 -1.871452e-02 1.085887e-03 9.998244e-01 -1.466630e+01
9.999724e-01 5.275882e-04 7.405615e-03 1.524847e+01 -5.295333e-04 9.999998e-01 2.608231e-04 -5.160891e-01 -7.405562e-03 -2.647359e-04 9.999725e-01 -1.434418e+01
9.998261e-01 -1.326866e-04 1.864748e-02 1.548540e+01 1.527728e-04 9.999994e-01 -1.075784e-03 -5.343420e-01 -1.864724e-02 1.078444e-03 9.998256e-01 -1.402151e+01
9.999555e-01 5.576183e-04 9.415181e-03 1.586723e+01 -5.593274e-04 9.999998e-01 1.789870e-04 -5.539619e-01 -9.415163e-03 -1.842438e-04 9.999556e-01 -1.383368e+01
9.999203e-01 -2.134278e-04 1.262209e-02 1.637676e+01 2.243141e-04 9.999996e-01 -8.611303e-04 -5.788325e-01 -1.262182e-02 8.638917e-04 9.999200e-01 -1.360184e+01
9.999902e-01 5.095152e-04 4.403444e-03 1.690416e+01 -5.110222e-04 9.999998e-01 3.412834e-04 -6.067130e-01 -4.403351e-03 -3.435290e-04 9.999902e-01 -1.327704e+01
9.999865e-01 -3.185333e-04 5.186636e-03 1.739745e+01 3.217906e-04 9.999998e-01 -6.273322e-04 -6.351508e-01 -5.186354e-03 6.289914e-04 9.999864e-01 -1.289399e+01
9.999917e-01 5.151754e-04 4.035303e-03 1.795516e+01 -5.165965e-04 9.999998e-01 3.512990e-04 -6.651935e-01 -4.035202e-03 -3.533794e-04 9.999917e-01 -1.252840e+01
9.999999e-01 -3.812774e-04 3.829511e-04 1.854661e+01 3.814579e-04 9.999998e-01 -4.730948e-04 -6.967104e-01 -3.826906e-04 4.732395e-04 9.999999e-01 -1.215714e+01
9.999550e-01 6.258961e-04 9.463979e-03 1.897210e+01 -6.280172e-04 9.999998e-01 2.212282e-04 -7.281144e-01 -9.463918e-03 -2.271605e-04 9.999551e-01 -1.154848e+01
9.999914e-01 -3.735185e-04 4.145290e-03 1.935146e+01 3.760970e-04 9.999997e-01 -6.214316e-04 -7.546532e-01 -4.144978e-03 6.229840e-04 9.999913e-01 -1.107849e+01
9.999990e-01 5.122983e-04 -1.313558e-03 1.963967e+01 -5.115934e-04 9.999997e-01 5.364743e-04 -7.790987e-01 1.313754e-03 -5.358006e-04 9.999989e-01 -1.058236e+01
9.999693e-01 -4.536366e-04 -7.822091e-03 1.989855e+01 4.512544e-04 9.999999e-01 -3.062395e-04 -8.018161e-01 7.822308e-03 3.026991e-04 9.999694e-01 -1.011908e+01
9.999593e-01 5.934553e-04 -9.003285e-03 2.004597e+01 -5.869327e-04 9.999996e-01 7.270266e-04 -8.207675e-01 9.003633e-03 -7.217114e-04 9.999591e-01 -9.655985e+00
9.997797e-01 -2.668973e-04 -2.099073e-02 2.011418e+01 2.671711e-04 1.000000e+00 1.027090e-05 -8.356607e-01 2.099081e-02 -1.587804e-05 9.997797e-01 -9.232413e+00
9.998852e-01 6.460894e-04 -1.513780e-02 2.020803e+01 -6.324179e-04 9.999994e-01 9.078567e-04 -8.500511e-01 1.513830e-02 -8.981778e-04 9.998849e-01 -8.849479e+00
9.998755e-01 -3.429964e-04 -1.577596e-02 2.044660e+01 3.407010e-04 9.999999e-01 -1.481387e-04 -8.669253e-01 1.577610e-02 1.427440e-04 9.998756e-01 -8.560627e+00
9.999651e-01 5.413969e-04 -8.330280e-03 2.077092e+01 -5.351347e-04 9.999996e-01 7.538593e-04 -8.872669e-01 8.330598e-03 -7.493739e-04 9.999649e-01 -8.249185e+00
9.999067e-01 -3.658242e-04 -1.365903e-02 2.108501e+01 3.627827e-04 9.999999e-01 -2.250855e-04 -9.061479e-01 1.365920e-02 2.201078e-04 9.999068e-01 -8.000951e+00
9.997884e-01 7.007127e-04 -2.055956e-02 2.127967e+01 -6.787388e-04 9.999992e-01 1.075709e-03 -9.210914e-01 2.056021e-02 -1.061526e-03 9.997880e-01 -7.723508e+00
9.999747e-01 -4.332451e-04 -7.106295e-03 2.152227e+01 4.305469e-04 9.999998e-01 -3.810852e-04 -9.393166e-01 7.106549e-03 3.780145e-04 9.999747e-01 -7.387795e+00
9.998302e-01 6.621674e-04 -1.841475e-02 2.177746e+01 -6.439766e-04 9.999993e-01 9.937011e-04 -9.560701e-01 1.841530e-02 -9.816722e-04 9.998299e-01 -7.126417e+00
9.999900e-01 -5.656933e-04 4.442998e-03 2.219917e+01 5.686539e-04 9.999996e-01 -6.653357e-04 -9.785536e-01 -4.442527e-03 6.678541e-04 9.999900e-01 -6.874476e+00
9.999751e-01 5.666100e-04 -7.034971e-03 2.280705e+01 -5.617621e-04 9.999996e-01 6.909380e-04 -1.004942e+00 7.035267e-03 -6.869674e-04 9.999749e-01 -6.742902e+00
9.999886e-01 -5.468310e-04 4.751924e-03 2.331843e+01 5.499337e-04 9.999996e-01 -6.518659e-04 -1.031516e+00 -4.751473e-03 6.544702e-04 9.999886e-01 -6.467972e+00
9.999929e-01 6.101962e-04 -3.700984e-03 2.388149e+01 -6.079214e-04 9.999996e-01 6.154531e-04 -1.060222e+00 3.701266e-03 -6.131974e-04 9.999929e-01 -6.170676e+00
9.999911e-01 -5.743925e-04 4.175855e-03 2.451057e+01 5.770222e-04 9.999996e-01 -6.288190e-04 -1.090780e+00 -4.175400e-03 6.312215e-04 9.999912e-01 -5.885882e+00
9.999838e-01 5.935444e-04 -5.657723e-03 2.502696e+01 -5.897105e-04 9.999996e-01 6.791159e-04 -1.119411e+00 5.658032e-03 -6.757670e-04 9.999837e-01 -5.528809e+00
9.999883e-01 -5.654801e-04 4.816804e-03 2.553152e+01 5.685680e-04 9.999996e-01 -6.399426e-04 -1.148402e+00 -4.816348e-03 6.426722e-04 9.999883e-01 -5.138734e+00
9.999850e-01 5.874792e-04 -5.438281e-03 2.612980e+01 -5.839380e-04 9.999996e-01 6.525461e-04 -1.177715e+00 5.438570e-03 -6.493593e-04 9.999849e-01 -4.868919e+00
9.999905e-01 -5.839042e-04 4.316291e-03 2.674274e+01 5.865891e-04 9.999996e-01 -6.210537e-04 -1.207387e+00 -4.315835e-03 6.235782e-04 9.999906e-01 -4.604103e+00
9.999871e-01 5.831978e-04 -5.039230e-03 2.741548e+01 -5.801075e-04 9.999996e-01 6.145086e-04 -1.236328e+00 5.039494e-03 -6.115759e-04 9.999870e-01 -4.453129e+00
9.999940e-01 -5.902457e-04 3.410385e-03 2.798307e+01 5.922374e-04 9.999997e-01 -5.833377e-04 -1.264025e+00 -3.409947e-03 5.853524e-04 9.999941e-01 -4.208467e+00
9.999904e-01 6.116128e-04 -4.337393e-03 2.849129e+01 -6.089698e-04 9.999996e-01 6.104131e-04 -1.291709e+00 4.337672e-03 -6.077645e-04 9.999903e-01 -3.879919e+00
9.999877e-01 -5.563565e-04 4.942399e-03 2.900010e+01 5.594884e-04 9.999996e-01 -6.325317e-04 -1.319175e+00 -4.941953e-03 6.352876e-04 9.999877e-01 -3.559954e+00
9.999973e-01 6.591142e-04 -2.235542e-03 2.962382e+01 -6.578589e-04 9.999996e-01 5.617849e-04 -1.350224e+00 2.235819e-03 -5.603112e-04 9.999973e-01 -3.246052e+00
9.999967e-01 -6.347099e-04 2.505519e-03 3.030322e+01 6.360779e-04 9.999996e-01 -5.456541e-04 -1.383222e+00 -2.505079e-03 5.472444e-04 9.999968e-01 -2.930100e+00
9.999962e-01 6.504004e-04 -2.665024e-03 3.098260e+01 -6.488968e-04 9.999996e-01 5.646725e-04 -1.415572e+00 2.665298e-03 -5.629396e-04 9.999962e-01 -2.643114e+00
9.999931e-01 -5.978970e-04 3.682674e-03 3.162013e+01 6.000280e-04 9.999997e-01 -5.778793e-04 -1.447119e+00 -3.682234e-03 5.800835e-04 9.999931e-01 -2.329514e+00
9.999983e-01 7.387537e-04 1.683114e-03 3.223216e+01 -7.394525e-04 9.999996e-01 4.151873e-04 -1.477350e+00 -1.682899e-03 -4.164298e-04 9.999984e-01 -2.033897e+00
9.999997e-01 -6.309374e-04 5.155688e-04 3.269731e+01 6.311682e-04 9.999997e-01 -4.496674e-04 -1.507335e+00 -5.151928e-04 4.499911e-04 9.999998e-01 -1.543023e+00
9.999997e-01 6.764798e-04 7.715484e-05 3.332667e+01 -6.765148e-04 9.999997e-01 4.671757e-04 -1.540237e+00 -7.693091e-05 -4.672264e-04 9.999998e-01 -1.158612e+00
9.999995e-01 -6.037256e-04 8.655845e-04 3.383921e+01 6.041290e-04 9.999997e-01 -4.669297e-04 -1.570602e+00 -8.652102e-04 4.674509e-04 9.999996e-01 -7.199296e-01
9.999978e-01 7.132729e-04 1.941201e-03 3.435237e+01 -7.140334e-04 9.999997e-01 3.915946e-04 -1.599983e+00 -1.941013e-03 -3.929784e-04 9.999980e-01 -3.251624e-01
9.999952e-01 -5.730356e-04 3.060815e-03 3.491301e+01 5.746623e-04 9.999997e-01 -5.309235e-04 -1.630250e+00 -3.060418e-03 5.326784e-04 9.999952e-01 4.368824e-02
9.999986e-01 7.156003e-04 1.510668e-03 3.537985e+01 -7.162071e-04 9.999997e-01 4.018208e-04 -1.658926e+00 -1.510471e-03 -4.029008e-04 9.999987e-01 4.738483e-01
9.999973e-01 -5.980197e-04 2.258085e-03 3.588140e+01 5.991706e-04 9.999997e-01 -5.094438e-04 -1.688020e+00 -2.257688e-03 5.107940e-04 9.999974e-01 8.721748e-01
9.999921e-01 7.486329e-04 3.907499e-03 3.650862e+01 -7.499029e-04 9.999997e-01 3.237936e-04 -1.718611e+00 -3.907346e-03 -3.267200e-04 9.999922e-01 1.159276e+00
9.999949e-01 -7.054777e-04 -3.136351e-03 3.711150e+01 7.043786e-04 9.999997e-01 -3.512359e-04 -1.748161e+00 3.136689e-03 3.490235e-04 9.999951e-01 1.432004e+00
9.999921e-01 7.515544e-04 3.900393e-03 3.770063e+01 -7.528965e-04 9.999997e-01 3.428892e-04 -1.778854e+00 -3.900225e-03 -3.458218e-04 9.999923e-01 1.776583e+00
9.999994e-01 -6.585989e-04 -8.949942e-04 3.840642e+01 6.582350e-04 9.999997e-01 -4.058047e-04 -1.813216e+00 8.953522e-04 4.052139e-04 9.999996e-01 2.117076e+00
9.999699e-01 8.484331e-04 7.712794e-03 3.899566e+01 -8.504440e-04 9.999996e-01 2.575630e-04 -1.847857e+00 -7.712663e-03 -2.641133e-04 9.999702e-01 2.634902e+00
9.999879e-01 -7.452646e-04 -4.874966e-03 3.961689e+01 7.437545e-04 9.999997e-01 -3.113739e-04 -1.881016e+00 4.875287e-03 3.077429e-04 9.999881e-01 3.043064e+00
9.999768e-01 8.357101e-04 6.756545e-03 4.015799e+01 -8.376402e-04 9.999996e-01 2.829624e-04 -1.912305e+00 -6.756397e-03 -2.886141e-04 9.999771e-01 3.482523e+00
9.999924e-01 -7.491943e-04 -3.842945e-03 4.076671e+01 7.477183e-04 9.999996e-01 -3.852806e-04 -1.942080e+00 3.843323e-03 3.824028e-04 9.999926e-01 3.761329e+00
9.999707e-01 8.450788e-04 7.601864e-03 4.150902e+01 -8.471053e-04 9.999996e-01 2.634773e-04 -1.974895e+00 -7.601728e-03 -2.699079e-04 9.999710e-01 3.983887e+00
9.999744e-01 -8.226053e-04 -7.107236e-03 4.233107e+01 8.208142e-04 9.999996e-01 -2.548030e-04 -2.011334e+00 7.107534e-03 2.489614e-04 9.999748e-01 4.250370e+00
9.999391e-01 9.117456e-04 1.099267e-02 4.324095e+01 -9.134638e-04 9.999996e-01 1.513642e-04 -2.049658e+00 -1.099262e-02 -1.613951e-04 9.999395e-01 4.478479e+00
9.999998e-01 -7.124745e-04 -6.695839e-05 4.403988e+01 7.124424e-04 9.999996e-01 -4.667176e-04 -2.084637e+00 6.738047e-05 4.666685e-04 1.000000e+00 4.726334e+00
9.998701e-01 9.893243e-04 1.608697e-02 4.482754e+01 -9.892449e-04 9.999995e-01 -1.284622e-05 -2.118649e+00 -1.608706e-02 -3.068207e-06 9.998705e-01 4.950768e+00
9.999959e-01 -7.394225e-04 -2.773519e-03 4.551578e+01 7.384380e-04 9.999997e-01 -3.556834e-04 -2.152604e+00 2.773870e-03 3.536326e-04 9.999962e-01 5.310267e+00
9.999146e-01 9.487733e-04 1.302919e-02 4.620418e+01 -9.497235e-04 9.999995e-01 6.679636e-05 -2.186626e+00 -1.302921e-02 -7.916365e-05 9.999150e-01 5.667849e+00
9.999849e-01 -7.783564e-04 -5.451361e-03 4.686480e+01 7.768727e-04 9.999997e-01 -2.741489e-04 -2.220253e+00 5.451660e-03 2.699086e-04 9.999852e-01 6.047008e+00
9.999357e-01 9.246613e-04 1.130303e-02 4.763968e+01 -9.260468e-04 9.999996e-01 1.174088e-04 -2.256624e+00 -1.130300e-02 -1.278672e-04 9.999360e-01 6.386876e+00
9.999733e-01 -8.198577e-04 -7.259404e-03 4.854933e+01 8.183557e-04 9.999996e-01 -2.097733e-04 -2.296050e+00 7.259661e-03 2.038257e-04 9.999737e-01 6.667357e+00
9.999478e-01 9.039872e-04 1.017027e-02 4.943336e+01 -9.057013e-04 9.999996e-01 1.640105e-04 -2.335503e+00 -1.017021e-02 -1.732121e-04 9.999482e-01 6.984831e+00
9.999848e-01 -7.803670e-04 -5.468177e-03 5.017436e+01 7.788813e-04 9.999997e-01 -2.736922e-04 -2.371440e+00 5.468475e-03 2.694278e-04 9.999851e-01 7.348455e+00
9.999518e-01 8.999674e-04 9.778838e-03 5.089912e+01 -9.015792e-04 9.999996e-01 1.604864e-04 -2.406281e+00 -9.778775e-03 -1.692940e-04 9.999521e-01 7.687343e+00
9.999801e-01 -7.950596e-04 -6.260842e-03 5.161687e+01 7.936131e-04 9.999997e-01 -2.334156e-04 -2.441570e+00 6.261111e-03 2.284412e-04 9.999804e-01 8.059790e+00
9.998793e-01 1.019341e-03 1.550369e-02 5.217696e+01 -1.019364e-03 9.999995e-01 -6.344135e-06 -2.475460e+00 -1.550377e-02 -9.459504e-06 9.998797e-01 8.593782e+00
9.999619e-01 -8.265742e-04 -8.698304e-03 5.284686e+01 8.254823e-04 9.999997e-01 -1.290517e-04 -2.513187e+00 8.698493e-03 1.218654e-04 9.999622e-01 9.138059e+00
9.999205e-01 9.598737e-04 1.257384e-02 5.351721e+01 -9.607921e-04 9.999995e-01 6.704855e-05 -2.550164e+00 -1.257385e-02 -7.912305e-05 9.999209e-01 9.648066e+00
9.999491e-01 -8.923489e-04 -1.005006e-02 5.453838e+01 8.916825e-04 9.999996e-01 -7.072576e-05 -2.594329e+00 1.005021e-02 6.175961e-05 9.999496e-01 9.976632e+00
9.999361e-01 9.418806e-04 1.125988e-02 5.538509e+01 -9.430506e-04 9.999996e-01 9.864754e-05 -2.634579e+00 -1.125987e-02 -1.092589e-04 9.999365e-01 1.037514e+01
9.999515e-01 -8.990161e-04 -9.809673e-03 5.633927e+01 8.980181e-04 9.999996e-01 -1.060737e-04 -2.675402e+00 9.809849e-03 9.725818e-05 9.999520e-01 1.064786e+01
9.999238e-01 9.713394e-04 1.230261e-02 5.727630e+01 -9.722510e-04 9.999995e-01 6.816569e-05 -2.716086e+00 -1.230262e-02 -8.012073e-05 9.999242e-01 1.094356e+01
9.999543e-01 -8.832065e-04 -9.517044e-03 5.805418e+01 8.820679e-04 9.999996e-01 -1.237666e-04 -2.752446e+00 9.517234e-03 1.153652e-04 9.999548e-01 1.127697e+01
9.999322e-01 9.451104e-04 1.160444e-02 5.885253e+01 -9.457796e-04 9.999996e-01 5.223339e-05 -2.786629e+00 -1.160447e-02 -6.320410e-05 9.999326e-01 1.148212e+01
9.999584e-01 -8.656752e-04 -9.085758e-03 5.958798e+01 8.644319e-04 9.999996e-01 -1.407039e-04 -2.818851e+00 9.085961e-03 1.328429e-04 9.999588e-01 1.168676e+01
9.999304e-01 9.487404e-04 1.176110e-02 6.026141e+01 -9.494980e-04 9.999995e-01 5.888072e-05 -2.851239e+00 -1.176112e-02 -7.004279e-05 9.999308e-01 1.198667e+01
9.999697e-01 -8.293986e-04 -7.749549e-03 6.082203e+01 8.279901e-04 9.999996e-01 -1.848800e-04 -2.880990e+00 7.749784e-03 1.784568e-04 9.999700e-01 1.232456e+01
9.999100e-01 9.751935e-04 1.337564e-02 6.129226e+01 -9.753219e-04 9.999995e-01 3.117269e-06 -2.908928e+00 -1.337571e-02 -1.616160e-05 9.999105e-01 1.272069e+01
9.999823e-01 -8.078403e-04 -5.895215e-03 6.163149e+01 8.064041e-04 9.999996e-01 -2.458970e-04 -2.933479e+00 5.895495e-03 2.411377e-04 9.999827e-01 1.316182e+01
9.999266e-01 9.390981e-04 1.207409e-02 6.222267e+01 -9.394914e-04 9.999996e-01 2.694540e-05 -2.962227e+00 -1.207414e-02 -3.828602e-05 9.999270e-01 1.342464e+01
9.999769e-01 -8.192689e-04 -6.755041e-03 6.281973e+01 8.178470e-04 9.999996e-01 -2.131694e-04 -2.991105e+00 6.755296e-03 2.076389e-04 9.999772e-01 1.368508e+01
9.999484e-01 9.039853e-04 1.011487e-02 6.342220e+01 -9.045343e-04 9.999996e-01 4.974489e-05 -3.016948e+00 -1.011490e-02 -5.889071e-05 9.999488e-01 1.381356e+01
9.999753e-01 -8.278216e-04 -6.983347e-03 6.402993e+01 8.263973e-04 9.999996e-01 -2.067732e-04 -3.042413e+00 6.983597e-03 2.009961e-04 9.999757e-01 1.391945e+01
9.999524e-01 9.066184e-04 9.709755e-03 6.461904e+01 -9.072532e-04 9.999996e-01 6.101553e-05 -3.067331e+00 -9.709777e-03 -6.982099e-05 9.999528e-01 1.402900e+01
9.999908e-01 -7.920933e-04 -4.225868e-03 6.508970e+01 7.909147e-04 9.999996e-01 -2.804716e-04 -3.090124e+00 4.226171e-03 2.771258e-04 9.999911e-01 1.421532e+01
9.999307e-01 8.713607e-04 1.174249e-02 6.535106e+01 -8.700673e-04 9.999996e-01 -1.152209e-04 -3.097110e+00 -1.174267e-02 1.049970e-04 9.999310e-01 1.400659e+01
9.999840e-01 -7.535739e-04 -5.606639e-03 6.594934e+01 7.525289e-04 9.999997e-01 -1.884146e-04 -3.117215e+00 5.606860e-03 1.841916e-04 9.999843e-01 1.391685e+01
9.997627e-01 1.005789e-03 2.175808e-02 6.654825e+01 -9.979249e-04 9.999994e-01 -3.722478e-04 -3.140978e+00 -2.175852e-02 3.504473e-04 9.997631e-01 1.397679e+01
9.999983e-01 -6.817785e-04 -1.730683e-03 6.691805e+01 6.813531e-04 9.999997e-01 -2.461644e-04 -3.164127e+00 1.730929e-03 2.449840e-04 9.999986e-01 1.431956e+01
9.997845e-01 9.833742e-04 2.073685e-02 6.740863e+01 -9.761669e-04 9.999995e-01 -3.576659e-04 -3.189565e+00 -2.073727e-02 3.373468e-04 9.997848e-01 1.459310e+01
9.999972e-01 -6.285528e-04 2.307418e-03 6.779312e+01 6.293764e-04 9.999997e-01 -3.563418e-04 -3.212537e+00 -2.307117e-03 3.577924e-04 9.999974e-01 1.491122e+01
9.998108e-01 9.698514e-04 1.942811e-02 6.835395e+01 -9.634282e-04 9.999995e-01 -3.399584e-04 -3.237249e+00 -1.942850e-02 3.211770e-04 9.998111e-01 1.506150e+01
9.999975e-01 -6.851895e-04 -2.150317e-03 6.883144e+01 6.847610e-04 9.999997e-01 -1.999060e-04 -3.262275e+00 2.150527e-03 1.984325e-04 9.999978e-01 1.533966e+01
9.998287e-01 9.573055e-04 1.848033e-02 6.929698e+01 -9.514639e-04 9.999995e-01 -3.248781e-04 -3.287803e+00 -1.848070e-02 3.072395e-04 9.998291e-01 1.565572e+01
9.999867e-01 -7.300777e-04 -5.107177e-03 6.991714e+01 7.295046e-04 9.999997e-01 -1.140551e-04 -3.314471e+00 5.107330e-03 1.103275e-04 9.999870e-01 1.580868e+01
9.997519e-01 1.016442e-03 2.225224e-02 7.041750e+01 -1.006764e-03 9.999994e-01 -4.461432e-04 -3.339423e+00 -2.225275e-02 4.236300e-04 9.997522e-01 1.605261e+01
9.999947e-01 -6.765058e-04 -3.197054e-03 7.082312e+01 6.761737e-04 9.999998e-01 -1.049183e-04 -3.367155e+00 3.197193e-03 1.027558e-04 9.999950e-01 1.654043e+01
9.998843e-01 9.159131e-04 1.518285e-02 7.119028e+01 -9.122751e-04 9.999996e-01 -2.465266e-04 -3.394501e+00 -1.518314e-02 2.326473e-04 9.998846e-01 1.705899e+01
9.999984e-01 -6.301553e-04 1.671317e-03 7.158549e+01 6.305935e-04 9.999998e-01 -2.617438e-04 -3.420137e+00 -1.671085e-03 2.627972e-04 9.999987e-01 1.747216e+01
9.998085e-01 9.752543e-04 1.954342e-02 7.198438e+01 -9.676686e-04 9.999995e-01 -3.975961e-04 -3.445258e+00 -1.954386e-02 3.786085e-04 9.998088e-01 1.785970e+01
9.999788e-01 -5.571557e-04 6.496890e-03 7.267123e+01 5.596233e-04 9.999998e-01 -3.780100e-04 -3.474971e+00 -6.496615e-03 3.816377e-04 9.999789e-01 1.804720e+01
9.998272e-01 9.636209e-04 1.856614e-02 7.344378e+01 -9.568917e-04 9.999995e-01 -3.713222e-04 -3.507434e+00 -1.856655e-02 3.534921e-04 9.998275e-01 1.823248e+01
9.999721e-01 -5.545915e-04 7.444645e-03 7.404143e+01 5.577997e-04 9.999998e-01 -4.288696e-04 -3.532424e+00 -7.444346e-03 4.330104e-04 9.999723e-01 1.834772e+01
9.998524e-01 9.417385e-04 1.715620e-02 7.456507e+01 -9.358590e-04 9.999995e-01 -3.507320e-04 -3.555672e+00 -1.715658e-02 3.346242e-04 9.998527e-01 1.849090e+01
9.999989e-01 -6.411582e-04 1.338402e-03 7.513735e+01 6.414492e-04 9.999998e-01 -2.169811e-04 -3.582574e+00 -1.338207e-03 2.178397e-04 9.999992e-01 1.871401e+01
9.999448e-01 8.556553e-04 1.047317e-02 7.562804e+01 -8.540762e-04 9.999996e-01 -1.552553e-04 -3.608998e+00 -1.047335e-02 1.463014e-04 9.999451e-01 1.902632e+01
9.999889e-01 -6.028668e-04 4.670521e-03 7.616557e+01 6.043360e-04 9.999998e-01 -3.131363e-04 -3.635617e+00 -4.670277e-03 3.159558e-04 9.999891e-01 1.928625e+01
9.999280e-01 8.765500e-04 1.197013e-02 7.663188e+01 -8.740518e-04 9.999996e-01 -2.139400e-04 -3.660821e+00 -1.197037e-02 2.034616e-04 9.999282e-01 1.958893e+01
9.999841e-01 -5.922491e-04 5.611983e-03 7.708227e+01 5.941420e-04 9.999998e-01 -3.356004e-04 -3.684603e+00 -5.611733e-03 3.389299e-04 9.999843e-01 1.985160e+01
9.999746e-01 8.150480e-04 7.075675e-03 7.763321e+01 -8.145616e-04 9.999997e-01 -7.164187e-05 -3.711164e+00 -7.075780e-03 6.587592e-05 9.999749e-01 2.008738e+01
9.999745e-01 -5.753312e-04 7.124312e-03 7.817095e+01 5.780160e-04 9.999998e-01 -3.747850e-04 -3.736670e+00 -7.124046e-03 3.788940e-04 9.999746e-01 2.030067e+01
9.999793e-01 8.075726e-04 6.374958e-03 7.873359e+01 -8.071792e-04 9.999997e-01 -6.431051e-05 -3.762267e+00 -6.375055e-03 5.916279e-05 9.999796e-01 2.048102e+01
9.999707e-01 -5.699045e-04 7.639192e-03 7.923506e+01 5.728646e-04 9.999998e-01 -3.852813e-04 -3.785817e+00 -7.638925e-03 3.896469e-04 9.999708e-01 2.066060e+01
9.999888e-01 7.847778e-04 4.656626e-03 7.977448e+01 -7.846934e-04 9.999997e-01 -1.999109e-05 -3.811180e+00 -4.656685e-03 1.633609e-05 9.999891e-01 2.086233e+01
9.999997e-01 -6.703291e-04 4.110002e-04 8.053930e+01 6.703983e-04 9.999998e-01 -1.677776e-04 -3.840601e+00 -4.108435e-04 1.680539e-04 1.000000e+00 2.092356e+01
9.999899e-01 7.784117e-04 4.430935e-03 8.135270e+01 -7.783714e-04 9.999997e-01 -1.085654e-05 -3.871074e+00 -4.430985e-03 7.406722e-06 9.999901e-01 2.096330e+01
9.999686e-01 -5.733175e-04 7.901253e-03 8.207316e+01 5.765374e-04 9.999998e-01 -4.052190e-04 -3.896927e+00 -7.900976e-03 4.097624e-04 9.999688e-01 2.094923e+01
9.999491e-01 8.710196e-04 1.005010e-02 8.256020e+01 -8.692195e-04 9.999996e-01 -1.834977e-04 -3.919398e+00 -1.005029e-02 1.747517e-04 9.999494e-01 2.111125e+01
9.999899e-01 -6.272244e-04 4.451309e-03 8.316036e+01 6.284899e-04 9.999998e-01 -2.828492e-04 -3.945466e+00 -4.451091e-03 2.856449e-04 9.999901e-01 2.126690e+01
9.999126e-01 9.313023e-04 1.318671e-02 8.394079e+01 -9.277918e-04 9.999995e-01 -2.723439e-04 -3.974426e+00 -1.318699e-02 2.600846e-04 9.999129e-01 2.130425e+01
9.999830e-01 -6.087082e-04 5.793459e-03 8.442036e+01 6.107020e-04 9.999998e-01 -3.423521e-04 -3.995427e+00 -5.793213e-03 3.458854e-04 9.999833e-01 2.142176e+01
9.998694e-01 9.611203e-04 1.613277e-02 8.466778e+01 -9.553336e-04 9.999995e-01 -3.664075e-04 -4.012674e+00 -1.613315e-02 3.509463e-04 9.998697e-01 2.168165e+01
9.999653e-01 -5.606489e-04 8.311339e-03 8.502529e+01 5.639966e-04 9.999998e-01 -4.004281e-04 -4.033874e+00 -8.311081e-03 4.051030e-04 9.999655e-01 2.197218e+01
9.998800e-01 9.644108e-04 1.545816e-02 8.577288e+01 -9.592556e-04 9.999995e-01 -3.409135e-04 -4.061436e+00 -1.545851e-02 3.260430e-04 9.998804e-01 2.199746e+01
9.998954e-01 -4.714801e-04 1.445498e-02 8.648743e+01 4.797349e-04 9.999997e-01 -5.675970e-04 -4.087397e+00 -1.445468e-02 5.744736e-04 9.998955e-01 2.200757e+01
9.998633e-01 9.826224e-04 1.650631e-02 8.712955e+01 -9.760503e-04 9.999994e-01 -4.062195e-04 -4.110686e+00 -1.650672e-02 3.900514e-04 9.998636e-01 2.200330e+01
9.998407e-01 -4.131794e-04 1.784150e-02 8.776791e+01 4.245390e-04 9.999997e-01 -6.329045e-04 -4.134580e+00 -1.784122e-02 6.403798e-04 9.998407e-01 2.203001e+01
9.998605e-01 9.837843e-04 1.667159e-02 8.840671e+01 -9.765545e-04 9.999994e-01 -4.418060e-04 -4.157987e+00 -1.667203e-02 4.254619e-04 9.998608e-01 2.203656e+01
9.998181e-01 -3.996870e-04 1.906946e-02 8.894457e+01 4.122413e-04 9.999997e-01 -6.544094e-04 -4.178796e+00 -1.906918e-02 6.621534e-04 9.998180e-01 2.207258e+01
9.999066e-01 8.987180e-04 1.363873e-02 8.937312e+01 -8.931383e-04 9.999995e-01 -4.151960e-04 -4.191653e+00 -1.363910e-02 4.029740e-04 9.999068e-01 2.191610e+01
9.998947e-01 -4.687513e-04 1.450098e-02 8.986370e+01 4.761318e-04 9.999998e-01 -5.055127e-04 -4.205973e+00 -1.450073e-02 5.123659e-04 9.998948e-01 2.174545e+01
9.999163e-01 8.961083e-04 1.290936e-02 9.036709e+01 -8.907647e-04 9.999995e-01 -4.196771e-04 -4.220181e+00 -1.290973e-02 4.081407e-04 9.999165e-01 2.155538e+01
9.999440e-01 -4.983373e-04 1.057264e-02 9.110313e+01 5.017501e-04 9.999998e-01 -3.201432e-04 -4.244044e+00 -1.057247e-02 3.254323e-04 9.999442e-01 2.144947e+01
9.999663e-01 8.017262e-04 8.165687e-03 9.193343e+01 -7.994001e-04 9.999996e-01 -2.881199e-04 -4.270899e+00 -8.165915e-03 2.815803e-04 9.999665e-01 2.133355e+01
9.999398e-01 -4.900294e-04 1.096465e-02 9.278562e+01 4.935758e-04 9.999998e-01 -3.207372e-04 -4.297659e+00 -1.096449e-02 3.261321e-04 9.999399e-01 2.118796e+01
9.999261e-01 8.483590e-04 1.213060e-02 9.352126e+01 -8.428480e-04 9.999995e-01 -4.594072e-04 -4.318885e+00 -1.213098e-02 4.491466e-04 9.999262e-01 2.098083e+01
9.999734e-01 -5.412956e-04 7.279454e-03 9.426202e+01 5.425794e-04 9.999998e-01 -1.743977e-04 -4.342546e+00 -7.279364e-03 1.783452e-04 9.999736e-01 2.085760e+01
9.999938e-01 7.249693e-04 3.449041e-03 9.518419e+01 -7.243655e-04 9.999997e-01 -1.762751e-04 -4.372884e+00 -3.449161e-03 1.737731e-04 9.999939e-01 2.075606e+01
9.999302e-01 -4.758763e-04 1.180677e-02 9.605460e+01 4.795878e-04 9.999998e-01 -3.115271e-04 -4.400876e+00 -1.180662e-02 3.171703e-04 9.999303e-01 2.063486e+01
9.999982e-01 6.461319e-04 -1.789813e-03 9.681358e+01 -6.462205e-04 9.999998e-01 -4.904716e-05 -4.426112e+00 1.789790e-03 5.020110e-05 9.999983e-01 2.054072e+01
9.999116e-01 -4.668971e-04 1.328599e-02 9.757572e+01 4.716925e-04 9.999998e-01 -3.578143e-04 -4.450307e+00 -1.328584e-02 3.640523e-04 9.999118e-01 2.040638e+01
9.999704e-01 7.807854e-04 7.654390e-03 9.819556e+01 -7.781792e-04 9.999996e-01 -3.434373e-04 -4.471637e+00 -7.654643e-03 3.374680e-04 9.999705e-01 2.035405e+01
9.999272e-01 -4.844015e-04 1.205549e-02 9.872289e+01 4.882555e-04 9.999998e-01 -3.167632e-04 -4.491321e+00 -1.205534e-02 3.226290e-04 9.999274e-01 2.035337e+01
9.999998e-01 6.803834e-04 1.233168e-04 9.926958e+01 -6.803698e-04 9.999998e-01 -1.086192e-04 -4.514261e+00 -1.233750e-04 1.085324e-04 9.999999e-01 2.043859e+01
9.999448e-01 -5.147829e-04 1.049615e-02 9.989094e+01 5.176791e-04 9.999998e-01 -2.732349e-04 -4.537419e+00 -1.049603e-02 2.786563e-04 9.999450e-01 2.043781e+01
9.999964e-01 7.132012e-04 2.591468e-03 1.005193e+02 -7.126714e-04 9.999997e-01 -2.052490e-04 -4.558355e+00 -2.591595e-03 2.033985e-04 9.999965e-01 2.034653e+01
9.999965e-01 -6.212825e-04 2.552597e-03 1.012517e+02 6.212929e-04 9.999998e-01 -3.366462e-06 -4.585472e+00 -2.552613e-03 4.955267e-06 9.999968e-01 2.034983e+01
9.999972e-01 7.165689e-04 2.264716e-03 1.020507e+02 -7.161684e-04 9.999997e-01 -1.775266e-04 -4.615253e+00 -2.264824e-03 1.759013e-04 9.999973e-01 2.036824e+01
9.999969e-01 -7.200527e-04 -2.382139e-03 1.029575e+02 7.204308e-04 9.999997e-01 1.580082e-04 -4.648027e+00 2.382005e-03 -1.597209e-04 9.999972e-01 2.036010e+01
9.998022e-01 9.923554e-04 1.986581e-02 1.036717e+02 -9.780118e-04 9.999993e-01 -7.317138e-04 -4.674859e+00 -1.986650e-02 7.121371e-04 9.998023e-01 2.039634e+01
9.999682e-01 -7.876452e-04 -7.934262e-03 1.042847e+02 7.901110e-04 9.999996e-01 3.076877e-04 -4.698282e+00 7.933995e-03 -3.139439e-04 9.999686e-01 2.041395e+01
9.999994e-01 8.145784e-04 7.040891e-04 1.049355e+02 -8.144488e-04 9.999997e-01 -1.837985e-04 -4.723882e+00 -7.042174e-04 1.832220e-04 9.999996e-01 2.046074e+01
9.999824e-01 -8.175096e-04 -5.871054e-03 1.056439e+02 8.190770e-04 9.999996e-01 2.646291e-04 -4.751637e+00 5.870815e-03 -2.694303e-04 9.999828e-01 2.051140e+01
9.999752e-01 8.253791e-04 -6.991232e-03 1.063540e+02 -8.251167e-04 9.999997e-01 4.038161e-05 -4.779070e+00 6.991282e-03 -3.461498e-05 9.999755e-01 2.056494e+01
9.999486e-01 -8.063490e-04 -1.010818e-02 1.069455e+02 8.099110e-04 9.999996e-01 3.483273e-04 -4.802712e+00 1.010788e-02 -3.564931e-04 9.999489e-01 2.063143e+01
9.999739e-01 8.329794e-04 -7.182249e-03 1.075151e+02 -8.327080e-04 9.999997e-01 4.073224e-05 -4.825344e+00 7.182296e-03 -3.475334e-05 9.999741e-01 2.068973e+01
9.999599e-01 -8.646863e-04 -8.916448e-03 1.082212e+02 8.676021e-04 9.999996e-01 3.231731e-04 -4.851307e+00 8.916150e-03 -3.308932e-04 9.999603e-01 2.069703e+01
9.999072e-01 9.203291e-04 -1.359104e-02 1.087819e+02 -9.178279e-04 9.999996e-01 1.902567e-04 -4.872313e+00 1.359122e-02 -1.777676e-04 9.999075e-01 2.070907e+01
9.999825e-01 -8.630064e-04 -5.860052e-03 1.092717e+02 8.643690e-04 9.999996e-01 2.300323e-04 -4.893119e+00 5.859840e-03 -2.350907e-04 9.999829e-01 2.080376e+01
9.999621e-01 8.438216e-04 -8.666971e-03 1.098881e+02 -8.429818e-04 9.999996e-01 1.005335e-04 -4.917504e+00 8.667061e-03 -9.322636e-05 9.999623e-01 2.086218e+01
9.999750e-01 -8.667150e-04 -7.021424e-03 1.105445e+02 8.685173e-04 9.999996e-01 2.536531e-04 -4.943029e+00 7.021194e-03 -2.597423e-04 9.999754e-01 2.092021e+01
9.999963e-01 8.446314e-04 -2.597696e-03 1.110328e+02 -8.447322e-04 9.999996e-01 -3.775930e-05 -4.967762e+00 2.597669e-03 3.995085e-05 9.999965e-01 2.116033e+01
9.999907e-01 -8.970444e-04 -4.223560e-03 1.116451e+02 8.978750e-04 9.999996e-01 1.947930e-04 -4.995721e+00 4.223378e-03 -1.985807e-04 9.999912e-01 2.135255e+01
9.999718e-01 8.621613e-04 -7.460844e-03 1.122678e+02 -8.616546e-04 9.999996e-01 7.111833e-05 -5.021178e+00 7.460907e-03 -6.469029e-05 9.999721e-01 2.144116e+01
9.999720e-01 -8.714514e-04 -7.431385e-03 1.128474e+02 8.733913e-04 9.999996e-01 2.578179e-04 -5.045478e+00 7.431154e-03 -2.642986e-04 9.999725e-01 2.154584e+01
9.999871e-01 8.366922e-04 -5.014669e-03 1.134934e+02 -8.365571e-04 9.999996e-01 2.903419e-05 -5.071484e+00 5.014694e-03 -2.484133e-05 9.999873e-01 2.162859e+01
9.999657e-01 -8.424168e-04 -8.243455e-03 1.140072e+02 8.446309e-04 9.999996e-01 2.651106e-04 -5.096109e+00 8.243228e-03 -2.720617e-04 9.999661e-01 2.183683e+01
9.999884e-01 8.236623e-04 -4.736933e-03 1.145207e+02 -8.235747e-04 9.999997e-01 2.044215e-05 -5.119341e+00 4.736947e-03 -1.654321e-05 9.999887e-01 2.197569e+01
9.999299e-01 -8.185708e-04 -1.181200e-02 1.150371e+02 8.223644e-04 9.999996e-01 3.163056e-04 -5.140233e+00 1.181174e-02 -3.259947e-04 9.999303e-01 2.202729e+01
9.999830e-01 8.222915e-04 -5.777152e-03 1.156144e+02 -8.218887e-04 9.999997e-01 7.210420e-05 -5.163054e+00 5.777205e-03 -6.735724e-05 9.999832e-01 2.207770e+01
9.998948e-01 -7.911573e-04 -1.448662e-02 1.161930e+02 7.967704e-04 9.999996e-01 3.816969e-04 -5.186108e+00 1.448632e-02 -3.931969e-04 9.998951e-01 2.214430e+01
