9.999991e-01 -2.939686e-05 -1.341879e-03 6.829741e-01 2.943820e-05 1.000000e+00 3.080630e-05 -2.982247e-02 1.341878e-03 -3.084625e-05 9.999992e-01 1.800547e-01
9.999997e-01 -6.248112e-05 -7.203164e-04 1.771440e+00 6.260970e-05 1.000000e+00 1.784568e-04 -7.834412e-02 7.203050e-04 -1.785014e-04 9.999996e-01 6.000769e-01
9.999996e-01 4.244259e-06 -8.762141e-04 2.750994e+00 -4.217658e-06 1.000000e+00 3.038327e-05 -1.257403e-01 8.762147e-04 -3.038009e-05 9.999997e-01 1.123778e+00
9.999999e-01 -1.482428e-05 3.870116e-04 3.773631e+00 1.478546e-05 1.000000e+00 1.003445e-04 -1.719522e-01 -3.870136e-04 -1.003382e-04 9.999998e-01 1.525094e+00
9.999733e-01 -4.893658e-05 -7.306462e-03 4.405577e+00 4.954895e-05 1.000000e+00 8.363278e-05 -2.019115e-01 7.306459e-03 -8.399313e-05 9.999734e-01 1.780150e+00
9.999998e-01 -5.777727e-05 6.932508e-04 5.250171e+00 5.771547e-05 1.000000e+00 8.919518e-05 -2.356391e-01 -6.932578e-04 -8.915458e-05 9.999997e-01 1.907554e+00
9.999735e-01 -5.830507e-05 -7.284663e-03 6.059001e+00 5.897960e-05 1.000000e+00 9.238349e-05 -2.698255e-01 7.284660e-03 -9.281127e-05 9.999736e-01 2.099327e+00
9.999954e-01 4.514126e-05 -3.046060e-03 6.472254e+00 -4.466649e-05 1.000000e+00 1.559231e-04 -2.955576e-01 3.046063e-03 -1.557857e-04 9.999952e-01 2.484877e+00
9.999866e-01 -5.183321e-05 -5.170059e-03 6.820308e+00 5.225925e-05 1.000000e+00 8.227658e-05 -3.230398e-01 5.170059e-03 -8.254630e-05 9.999867e-01 3.026915e+00
9.999448e-01 1.099762e-04 -1.050465e-02 7.213537e+00 -1.069667e-04 1.000000e+00 2.870561e-04 -3.451963e-01 1.050467e-02 -2.859160e-04 9.999447e-01 3.300915e+00
9.999554e-01 -1.007432e-04 9.444768e-03 7.875081e+00 1.028488e-04 1.000000e+00 -2.224560e-04 -3.783271e-01 -9.444739e-03 2.234167e-04 9.999555e-01 3.651859e+00
9.999564e-01 1.184069e-04 -9.334032e-03 8.572570e+00 -1.165088e-04 1.000000e+00 2.038999e-04 -4.085764e-01 9.334049e-03 -2.028029e-04 9.999563e-01 3.825807e+00
1.000000e+00 -1.508194e-04 -2.189782e-04 8.997381e+00 1.508188e-04 1.000000e+00 -2.500344e-06 -4.319391e-01 2.189855e-04 2.466618e-06 1.000000e+00 4.090285e+00
9.999789e-01 1.568769e-04 -6.487435e-03 9.257690e+00 -1.557163e-04 1.000000e+00 1.794020e-04 -4.567461e-01 6.487455e-03 -1.783873e-04 9.999788e-01 4.638115e+00
9.999444e-01 -1.104912e-04 -1.054599e-02 9.701454e+00 1.135655e-04 1.000000e+00 2.909188e-04 -4.848141e-01 1.054597e-02 -2.921010e-04 9.999444e-01 5.080552e+00
9.999333e-01 2.171411e-04 -1.155064e-02 1.017784e+01 -2.147824e-04 1.000000e+00 2.054369e-04 -5.068433e-01 1.155067e-02 -2.029415e-04 9.999332e-01 5.250055e+00
9.999821e-01 -1.988443e-04 -5.977760e-03 1.060652e+01 1.993815e-04 1.000000e+00 8.927799e-05 -5.225815e-01 5.977755e-03 -9.046909e-05 9.999822e-01 5.210377e+00
9.999519e-01 2.167246e-04 -9.807436e-03 1.102236e+01 -2.151856e-04 1.000000e+00 1.579614e-04 -5.379543e-01 9.807455e-03 -1.558425e-04 9.999518e-01 5.175317e+00
9.999641e-01 -1.716569e-04 -8.476915e-03 1.145019e+01 1.730636e-04 1.000000e+00 1.652155e-04 -5.520976e-01 8.476903e-03 -1.666775e-04 9.999642e-01 5.079097e+00
9.999676e-01 1.990731e-04 -8.049205e-03 1.195929e+01 -1.982655e-04 1.000000e+00 1.011274e-04 -5.669513e-01 8.049207e-03 -9.952736e-05 9.999675e-01 4.912035e+00
9.999677e-01 -1.848015e-04 8.033145e-03 1.251523e+01 1.863051e-04 1.000000e+00 -1.864389e-04 -5.890618e-01 -8.033092e-03 1.879286e-04 9.999678e-01 4.944909e+00
9.999840e-01 2.876018e-04 -5.647073e-03 1.292126e+01 -2.872476e-04 1.000000e+00 6.351506e-05 -6.108063e-01 5.647073e-03 -6.189104e-05 9.999840e-01 5.167215e+00
9.999952e-01 -2.788779e-04 -3.085920e-03 1.330129e+01 2.792079e-04 1.000000e+00 1.065438e-04 -6.324229e-01 3.085909e-03 -1.074058e-04 9.999953e-01 5.421089e+00
9.998046e-01 4.140750e-04 -1.976478e-02 1.361495e+01 -4.047371e-04 9.999998e-01 4.764435e-04 -6.544364e-01 1.976495e-02 -4.683499e-04 9.998044e-01 5.789296e+00
9.999931e-01 -2.449971e-04 -3.717451e-03 1.396005e+01 2.453937e-04 1.000000e+00 1.062618e-04 -6.767950e-01 3.717448e-03 -1.071743e-04 9.999932e-01 6.151276e+00
9.999220e-01 2.758156e-04 -1.248439e-02 1.434393e+01 -2.724924e-04 9.999999e-01 2.678788e-04 -6.998708e-01 1.248444e-02 -2.644549e-04 9.999219e-01 6.461193e+00
9.999947e-01 -2.439030e-04 -3.255998e-03 1.460174e+01 2.442105e-04 1.000000e+00 9.408362e-05 -7.216002e-01 3.256002e-03 -9.487936e-05 9.999948e-01 6.868482e+00
9.999659e-01 1.636850e-04 -8.257931e-03 1.526065e+01 -1.630159e-04 1.000000e+00 8.168096e-05 -7.448915e-01 8.257916e-03 -8.033089e-05 9.999658e-01 6.825917e+00
9.999820e-01 -3.100135e-04 5.988149e-03 1.609374e+01 3.105808e-04 9.999999e-01 -9.383417e-05 -7.723235e-01 -5.988091e-03 9.569118e-05 9.999822e-01 6.716570e+00
9.999771e-01 4.764768e-05 -6.770609e-03 1.601613e+01 -4.904882e-05 1.000000e+00 -2.068031e-04 -7.548710e-01 6.770571e-03 2.071315e-04 9.999770e-01 5.787150e+00
9.999759e-01 -4.147097e-04 6.924881e-03 1.554255e+01 4.162636e-04 9.999999e-01 -2.229872e-04 -7.166153e-01 -6.924760e-03 2.258633e-04 9.999761e-01 4.404266e+00
9.999738e-01 1.160812e-04 -7.241895e-03 1.533483e+01 -1.172412e-04 1.000000e+00 -1.597674e-04 -6.882873e-01 7.241848e-03 1.606133e-04 9.999737e-01 3.141824e+00
9.999933e-01 -2.954690e-04 3.653931e-03 1.546594e+01 2.955705e-04 1.000000e+00 -2.728393e-05 -6.831390e-01 -3.653895e-03 2.836274e-05 9.999934e-01 2.529363e+00
9.999823e-01 2.992726e-05 -5.949350e-03 1.524281e+01 -3.140701e-05 1.000000e+00 -2.486589e-04 -6.622875e-01 5.949314e-03 2.488423e-04 9.999822e-01 1.624905e+00
9.999897e-01 -3.334186e-04 4.535907e-03 1.484681e+01 3.337982e-04 9.999999e-01 -8.297062e-05 -6.332118e-01 -4.535850e-03 8.448289e-05 9.999898e-01 5.599844e-01
9.999868e-01 -3.837844e-05 -5.143097e-03 1.428114e+01 3.684613e-05 1.000000e+00 -2.980594e-04 -5.959407e-01 5.143080e-03 2.978669e-04 9.999866e-01 -6.742009e-01
9.999889e-01 -3.994743e-04 4.692339e-03 1.360392e+01 4.000981e-04 9.999999e-01 -1.320268e-04 -5.506637e-01 -4.692257e-03 1.339018e-04 9.999891e-01 -2.141832e+00
9.999809e-01 5.388943e-05 -6.182925e-03 1.309410e+01 -5.530778e-05 1.000000e+00 -2.292515e-04 -5.150214e-01 6.182884e-03 2.295899e-04 9.999808e-01 -3.358883e+00
9.999879e-01 -3.310345e-04 4.900585e-03 1.274882e+01 3.316906e-04 9.999999e-01 -1.331041e-04 -4.858201e-01 -4.900511e-03 1.347271e-04 9.999881e-01 -4.466016e+00
9.999895e-01 -5.093808e-05 -4.571101e-03 1.218328e+01 4.952317e-05 1.000000e+00 -3.096771e-04 -4.439658e-01 4.571087e-03 3.094483e-04 9.999894e-01 -5.881285e+00
9.999877e-01 -2.942851e-04 4.954963e-03 1.163732e+01 2.948161e-04 1.000000e+00 -1.064607e-04 -4.056704e-01 -4.954903e-03 1.079194e-04 9.999878e-01 -7.157785e+00
9.999924e-01 4.959099e-05 -3.898751e-03 1.128791e+01 -5.067528e-05 1.000000e+00 -2.780452e-04 -3.772359e-01 3.898708e-03 2.782414e-04 9.999923e-01 -8.199552e+00
9.999620e-01 -2.301367e-04 8.712708e-03 1.099026e+01 2.315216e-04 1.000000e+00 -1.579576e-04 -3.528387e-01 -8.712643e-03 1.599681e-04 9.999621e-01 -9.126388e+00
9.999781e-01 2.870469e-06 -6.616371e-03 1.065383e+01 -4.248581e-06 1.000000e+00 -2.082908e-04 -3.288701e-01 6.616342e-03 2.083150e-04 9.999780e-01 -9.981350e+00
9.999674e-01 -2.563584e-04 8.067914e-03 1.029879e+01 2.578808e-04 9.999999e-01 -1.876642e-04 -2.998443e-01 -8.067838e-03 1.897380e-04 9.999675e-01 -1.104156e+01
9.999623e-01 8.256569e-05 -8.680045e-03 1.002803e+01 -8.368638e-05 1.000000e+00 -1.287603e-04 -2.773343e-01 8.680007e-03 1.294824e-04 9.999622e-01 -1.189754e+01
9.999941e-01 -2.931155e-04 3.412381e-03 9.625257e+00 2.935315e-04 9.999999e-01 -1.214280e-04 -2.489455e-01 -3.412317e-03 1.224283e-04 9.999943e-01 -1.286784e+01
9.999857e-01 -6.197585e-05 -5.343350e-03 9.020537e+00 6.070498e-05 1.000000e+00 -2.380215e-04 -2.103897e-01 5.343336e-03 2.376943e-04 9.999856e-01 -1.409614e+01
9.999643e-01 -9.376277e-05 -8.451484e-03 8.594209e+00 9.563386e-05 1.000000e+00 2.209989e-04 -1.852796e-01 8.451493e-03 -2.217998e-04 9.999644e-01 -1.490739e+01
9.999203e-01 7.214631e-05 -1.262160e-02 8.533039e+00 -7.172555e-05 1.000000e+00 3.378099e-05 -1.794636e-01 1.262157e-02 -3.287247e-05 9.999202e-01 -1.530349e+01
9.999407e-01 -6.856802e-05 -1.088810e-02 8.819532e+00 7.190486e-05 1.000000e+00 3.060859e-04 -1.860883e-01 1.088811e-02 -3.068513e-04 9.999408e-01 -1.556492e+01
9.999532e-01 9.899182e-05 -9.671679e-03 9.298355e+00 -9.772039e-05 1.000000e+00 1.319186e-04 -2.069075e-01 9.671656e-03 -1.309667e-04 9.999531e-01 -1.546085e+01
9.998767e-01 2.126266e-05 -1.570570e-02 9.784403e+00 -1.331075e-05 9.999999e-01 5.064203e-04 -2.325688e-01 1.570575e-02 -5.061495e-04 9.998766e-01 -1.515073e+01
9.999301e-01 1.268638e-04 -1.182659e-02 1.018832e+01 -1.248793e-04 1.000000e+00 1.685181e-04 -2.540880e-01 1.182657e-02 -1.670287e-04 9.999300e-01 -1.490793e+01
9.998723e-01 3.010039e-05 -1.598288e-02 1.061661e+01 -2.168036e-05 9.999999e-01 5.270002e-04 -2.772637e-01 1.598294e-02 -5.265872e-04 9.998722e-01 -1.461962e+01
9.998986e-01 1.340304e-04 -1.424094e-02 1.108434e+01 -1.306804e-04 1.000000e+00 2.361538e-04 -3.013301e-01 1.424092e-02 -2.342680e-04 9.998985e-01 -1.434698e+01
9.998951e-01 -3.978056e-06 -1.448541e-02 1.159132e+01 1.092960e-05 9.999999e-01 4.798370e-04 -3.260697e-01 1.448546e-02 -4.799459e-04 9.998951e-01 -1.410343e+01
9.998924e-01 1.404714e-04 -1.466876e-02 1.211273e+01 -1.367453e-04 1.000000e+00 2.550019e-04 -3.508005e-01 1.466874e-02 -2.529676e-04 9.998923e-01 -1.387644e+01
9.998432e-01 4.342650e-05 -1.770830e-02 1.260895e+01 -3.271425e-05 9.999998e-01 6.052347e-04 -3.768523e-01 1.770838e-02 -6.045615e-04 9.998431e-01 -1.355377e+01
9.998664e-01 1.686669e-04 -1.634710e-02 1.307290e+01 -1.638305e-04 9.999999e-01 2.971730e-04 -4.017269e-01 1.634709e-02 -2.944541e-04 9.998662e-01 -1.323798e+01
9.998092e-01 9.165874e-05 -1.953588e-02 1.346917e+01 -7.914175e-05 9.999998e-01 6.415102e-04 -4.246575e-01 1.953599e-02 -6.398429e-04 9.998090e-01 -1.290251e+01
9.998355e-01 1.678945e-04 -1.813769e-02 1.394424e+01 -1.609931e-04 9.999999e-01 3.819382e-04 -4.511061e-01 1.813769e-02 -3.789541e-04 9.998353e-01 -1.252528e+01
9.998537e-01 6.218670e-05 -1.710307e-02 1.446825e+01 -5.220469e-05 9.999998e-01 5.841126e-04 -4.798678e-01 1.710317e-02 -5.831356e-04 9.998536e-01 -1.211355e+01
9.997723e-01 2.128591e-04 -2.133794e-02 1.491076e+01 -2.033126e-04 9.999999e-01 4.495369e-04 -5.049186e-01 2.133797e-02 -4.450949e-04 9.997721e-01 -1.175324e+01
9.999256e-01 2.975040e-05 -1.219936e-02 1.535993e+01 -2.448734e-05 9.999999e-01 4.316195e-04 -5.306514e-01 1.219944e-02 -4.312901e-04 9.999256e-01 -1.137346e+01
9.998895e-01 1.089729e-04 -1.486367e-02 1.578111e+01 -1.052195e-04 1.000000e+00 2.532583e-04 -5.541853e-01 1.486362e-02 -2.516648e-04 9.998894e-01 -1.107445e+01
9.997908e-01 1.578135e-04 -2.045531e-02 1.608007e+01 -1.449876e-04 9.999998e-01 6.285374e-04 -5.730068e-01 2.045548e-02 -6.254417e-04 9.997907e-01 -1.078852e+01
9.998626e-01 1.198548e-04 -1.657637e-02 1.636998e+01 -1.153775e-04 1.000000e+00 2.710113e-04 -5.911600e-01 1.657632e-02 -2.690599e-04 9.998625e-01 -1.051936e+01
9.999275e-01 6.355843e-05 -1.204667e-02 1.665515e+01 -5.874689e-05 9.999999e-01 3.998287e-04 -6.099611e-01 1.204677e-02 -3.990937e-04 9.999274e-01 -1.023130e+01
9.998921e-01 9.629836e-05 -1.468982e-02 1.699387e+01 -9.302649e-05 1.000000e+00 2.233553e-04 -6.293105e-01 1.468977e-02 -2.219630e-04 9.998920e-01 -9.992335e+00
9.998656e-01 1.136057e-04 -1.639639e-02 1.725334e+01 -1.061179e-04 9.999999e-01 4.575971e-04 -6.438333e-01 1.639652e-02 -4.557974e-04 9.998655e-01 -9.841249e+00
9.999999e-01 -3.793703e-06 -2.354601e-04 1.749168e+01 3.768497e-06 1.000000e+00 -1.111068e-04 -6.604342e-01 2.353770e-04 1.111076e-04 9.999999e-01 -9.586157e+00
9.999702e-01 2.526106e-04 -7.723841e-03 1.766919e+01 -2.507604e-04 9.999999e-01 2.406374e-04 -6.755444e-01 7.723986e-03 -2.386950e-04 9.999702e-01 -9.317506e+00
9.999104e-01 -5.039507e-05 -1.338530e-02 1.785935e+01 5.396840e-05 1.000000e+00 2.665259e-04 -6.929538e-01 1.338521e-02 -2.672227e-04 9.999103e-01 -8.957711e+00
9.998205e-01 2.241115e-04 1.894670e-02 1.806922e+01 -2.148819e-04 9.999999e-01 -4.892201e-04 -7.122888e-01 -1.894672e-02 4.850593e-04 9.998205e-01 -8.564351e+00
9.999509e-01 2.389682e-04 9.905027e-03 1.832840e+01 -2.349220e-04 9.999999e-01 -4.095701e-04 -7.310091e-01 -9.905207e-03 4.072247e-04 9.999508e-01 -8.243217e+00
9.998426e-01 1.984822e-04 1.774434e-02 1.863561e+01 -1.904702e-04 9.999999e-01 -4.532598e-04 -7.512068e-01 -1.774434e-02 4.498071e-04 9.998425e-01 -7.926539e+00
9.999260e-01 2.635074e-04 1.216423e-02 1.902022e+01 -2.576622e-04 9.999999e-01 -4.820231e-04 -7.725977e-01 -1.216443e-02 4.788546e-04 9.999258e-01 -7.663533e+00
9.999057e-01 1.469706e-04 1.373275e-02 1.946608e+01 -1.426833e-04 9.999999e-01 -3.132303e-04 -7.964531e-01 -1.373271e-02 3.112399e-04 9.999057e-01 -7.384343e+00
9.999213e-01 2.567494e-04 1.254037e-02 1.996649e+01 -2.506567e-04 9.999998e-01 -4.873664e-04 -8.225228e-01 -1.254057e-02 4.841861e-04 9.999212e-01 -7.088974e+00
9.999801e-01 5.482450e-05 6.308289e-03 2.047929e+01 -5.431960e-05 1.000000e+00 -8.030620e-05 -8.499989e-01 -6.308217e-03 7.996065e-05 9.999802e-01 -6.757157e+00
9.999595e-01 2.084188e-04 8.997363e-03 2.101645e+01 -2.049910e-04 9.999999e-01 -3.818317e-04 -8.783035e-01 -8.997517e-03 3.799731e-04 9.999594e-01 -6.428281e+00
9.999967e-01 6.434971e-06 2.573543e-03 2.154743e+01 -6.512105e-06 1.000000e+00 2.974785e-05 -9.070492e-01 -2.573469e-03 -2.976572e-05 9.999968e-01 -6.086197e+00
9.999500e-01 2.501620e-04 9.999177e-03 2.198097e+01 -2.464546e-04 9.999999e-01 -3.719424e-04 -9.371356e-01 -9.999342e-03 3.694607e-04 9.999499e-01 -5.544609e+00
9.999016e-01 1.516616e-04 1.402639e-02 2.227628e+01 -1.468467e-04 9.999999e-01 -3.443386e-04 -9.612163e-01 -1.402637e-02 3.422439e-04 9.999017e-01 -5.054907e+00
9.999724e-01 2.573229e-05 -7.430609e-03 2.254805e+01 -2.474171e-05 1.000000e+00 1.333404e-04 -9.842030e-01 7.430541e-03 -1.331518e-04 9.999723e-01 -4.591315e+00
9.999971e-01 1.861504e-05 2.415198e-03 2.281686e+01 -1.854784e-05 1.000000e+00 -2.804732e-05 -1.005673e+00 -2.415127e-03 2.800135e-05 9.999972e-01 -4.201884e+00
9.998060e-01 1.279301e-04 -1.969345e-02 2.295296e+01 -1.192441e-04 9.999999e-01 4.422102e-04 -1.023103e+00 1.969344e-02 -4.397750e-04 9.998059e-01 -3.790814e+00
9.999186e-01 1.982186e-04 -1.275642e-02 2.301856e+01 -1.936841e-04 9.999999e-01 3.567442e-04 -1.036039e+00 1.275656e-02 -3.542456e-04 9.999187e-01 -3.450424e+00
9.998125e-01 1.383482e-04 -1.936505e-02 2.310121e+01 -1.299928e-04 9.999999e-01 4.327006e-04 -1.049667e+00 1.936504e-02 -4.301009e-04 9.998123e-01 -3.095039e+00
9.998945e-01 1.825632e-04 -1.452687e-02 2.335008e+01 -1.765932e-04 9.999999e-01 4.122848e-04 -1.065878e+00 1.452703e-02 -4.096772e-04 9.998945e-01 -2.842368e+00
9.999615e-01 3.714165e-06 -8.770320e-03 2.368838e+01 -2.314479e-06 1.000000e+00 1.595289e-04 -1.086157e+00 8.770240e-03 -1.595012e-04 9.999614e-01 -2.551332e+00
9.998732e-01 2.193824e-04 -1.592499e-02 2.396483e+01 -2.121207e-04 9.999999e-01 4.577184e-04 -1.104513e+00 1.592517e-02 -4.542836e-04 9.998732e-01 -2.263995e+00
9.999239e-01 6.359576e-05 -1.233485e-02 2.413048e+01 -6.064625e-05 1.000000e+00 2.394349e-04 -1.120472e+00 1.233479e-02 -2.386673e-04 9.999238e-01 -1.919518e+00
9.999319e-01 1.661756e-04 -1.167512e-02 2.432411e+01 -1.618661e-04 9.999999e-01 3.701269e-04 -1.139297e+00 1.167526e-02 -3.682132e-04 9.999319e-01 -1.496730e+00
9.999296e-01 4.541572e-05 -1.186558e-02 2.454680e+01 -4.325581e-05 1.000000e+00 1.822202e-04 -1.155822e+00 1.186550e-02 -1.816927e-04 9.999295e-01 -1.208542e+00
9.999971e-01 -7.740073e-06 2.400352e-03 2.491951e+01 7.662270e-06 1.000000e+00 3.207581e-05 -1.178468e+00 -2.400266e-03 -3.205874e-05 9.999972e-01 -8.931362e-01
9.999907e-01 1.618651e-05 -4.317507e-03 2.547584e+01 -1.628858e-05 1.000000e+00 -2.379757e-05 -1.204155e+00 4.317420e-03 2.386909e-05 9.999906e-01 -7.199568e-01
9.999981e-01 -5.324638e-06 1.941626e-03 2.594465e+01 5.171947e-06 1.000000e+00 7.821512e-05 -1.230650e+00 -1.941540e-03 -7.820635e-05 9.999982e-01 -3.862352e-01
9.999987e-01 5.236865e-05 -1.570234e-03 2.648324e+01 -5.247848e-05 1.000000e+00 -7.044198e-05 -1.260570e+00 1.570144e-03 7.052572e-05 9.999987e-01 -1.164749e-03
9.999962e-01 1.127701e-05 2.766317e-03 2.709311e+01 -1.147409e-05 1.000000e+00 7.092696e-05 -1.293006e+00 -2.766230e-03 -7.095984e-05 9.999962e-01 3.949942e-01
9.999900e-01 1.749182e-06 -4.475130e-03 2.755975e+01 -1.774658e-06 1.000000e+00 -5.875395e-06 -1.321559e+00 4.475044e-03 5.884699e-06 9.999899e-01 8.201417e-01
9.999891e-01 4.432280e-05 4.679904e-03 2.808265e+01 -4.443105e-05 1.000000e+00 2.284807e-05 -1.351674e+00 -4.679816e-03 -2.305717e-05 9.999891e-01 1.234598e+00
9.999896e-01 -2.664286e-05 -4.564538e-03 2.874655e+01 2.649554e-05 1.000000e+00 -3.251880e-05 -1.382194e+00 4.564453e-03 3.239895e-05 9.999895e-01 1.466020e+00
9.999960e-01 1.797541e-05 2.844748e-03 2.930680e+01 -1.821068e-05 1.000000e+00 8.238290e-05 -1.411002e+00 -2.844660e-03 -8.243579e-05 9.999960e-01 1.769145e+00
9.999905e-01 -2.201630e-05 -4.358701e-03 2.984037e+01 2.192836e-05 1.000000e+00 -2.041472e-05 -1.440547e+00 4.358615e-03 2.032038e-05 9.999904e-01 2.143485e+00
9.999892e-01 5.566449e-05 4.653094e-03 3.041486e+01 -5.580220e-05 1.000000e+00 2.928447e-05 -1.470753e+00 -4.653006e-03 -2.954522e-05 9.999892e-01 2.488983e+00
9.999898e-01 -1.222227e-05 -4.513195e-03 3.088529e+01 1.209211e-05 1.000000e+00 -2.905372e-05 -1.498207e+00 4.513109e-03 2.900028e-05 9.999897e-01 2.862016e+00
9.999873e-01 4.757756e-05 5.047241e-03 3.145468e+01 -4.761708e-05 1.000000e+00 7.544039e-06 -1.526844e+00 -5.047154e-03 -7.785694e-06 9.999873e-01 3.149265e+00
9.999979e-01 6.294202e-05 -2.012542e-03 3.207021e+01 -6.307151e-05 1.000000e+00 -6.469348e-05 -1.559180e+00 2.012451e-03 6.482169e-05 9.999979e-01 3.533024e+00
9.999923e-01 2.041285e-05 3.942668e-03 3.276582e+01 -2.066365e-05 1.000000e+00 6.336100e-05 -1.594068e+00 -3.942581e-03 -6.344339e-05 9.999923e-01 3.912261e+00
9.999941e-01 6.623715e-06 -3.435876e-03 3.345449e+01 -6.836197e-06 1.000000e+00 -6.207161e-05 -1.626689e+00 3.435789e-03 6.209614e-05 9.999940e-01 4.199864e+00
9.999858e-01 6.263074e-05 5.337338e-03 3.413704e+01 -6.279034e-05 1.000000e+00 2.958082e-05 -1.659589e+00 -5.337250e-03 -2.991693e-05 9.999858e-01 4.511472e+00
9.999999e-01 9.866728e-05 3.668539e-04 3.468560e+01 -9.860782e-05 1.000000e+00 -1.598671e-04 -1.691570e+00 -3.669555e-04 1.598323e-04 9.999998e-01 4.975564e+00
9.999967e-01 8.264619e-06 2.596136e-03 3.529289e+01 -8.542785e-06 1.000000e+00 1.068268e-04 -1.723821e+00 -2.596050e-03 -1.068500e-04 9.999967e-01 5.365060e+00
9.999992e-01 9.063018e-05 -1.248300e-03 3.570369e+01 -9.073979e-05 1.000000e+00 -8.839826e-05 -1.754572e+00 1.248206e-03 8.851284e-05 9.999991e-01 5.966067e+00
9.999930e-01 8.456583e-06 3.749870e-03 3.632122e+01 -8.656619e-06 1.000000e+00 5.311660e-05 -1.787253e+00 -3.749784e-03 -5.315006e-05 9.999930e-01 6.360714e+00
1.000000e+00 1.116048e-04 -1.653589e-04 3.690048e+01 -1.116243e-04 1.000000e+00 -1.226575e-04 -1.819674e+00 1.652599e-04 1.226773e-04 9.999999e-01 6.797183e+00
9.999906e-01 1.606676e-05 4.340590e-03 3.743985e+01 -1.611228e-05 1.000000e+00 1.027119e-05 -1.849479e+00 -4.340505e-03 -1.034238e-05 9.999907e-01 7.177216e+00
9.999981e-01 9.073566e-05 -1.945241e-03 3.786695e+01 -9.086824e-05 1.000000e+00 -6.846015e-05 -1.877214e+00 1.945150e-03 6.863812e-05 9.999980e-01 7.620985e+00
9.999617e-01 7.871082e-05 8.756700e-03 3.842010e+01 -7.776323e-05 1.000000e+00 -1.086409e-04 -1.908793e+00 -8.756624e-03 1.079545e-04 9.999617e-01 8.059151e+00
9.999967e-01 9.359386e-05 -2.558457e-03 3.897025e+01 -9.369462e-05 1.000000e+00 -3.955232e-05 -1.940438e+00 2.558369e-03 3.979321e-05 9.999966e-01 8.503943e+00
9.999921e-01 -1.857837e-05 3.981665e-03 3.949337e+01 1.851554e-05 1.000000e+00 1.563036e-05 -1.969481e+00 -3.981581e-03 -1.555782e-05 9.999922e-01 8.868961e+00
9.999956e-01 7.102572e-05 -2.964360e-03 4.010903e+01 -7.111633e-05 1.000000e+00 -3.070647e-05 -2.000365e+00 2.964273e-03 3.091845e-05 9.999955e-01 9.183719e+00
9.999521e-01 9.644121e-05 9.793967e-03 4.078771e+01 -9.521154e-05 1.000000e+00 -1.260948e-04 -2.035529e+00 -9.793895e-03 1.251549e-04 9.999521e-01 9.601305e+00
9.999984e-01 1.599471e-04 1.790059e-03 4.142934e+01 -1.596802e-04 1.000000e+00 -1.488856e-04 -2.071891e+00 -1.790166e-03 1.486008e-04 9.999983e-01 1.012237e+01
9.999944e-01 -6.226781e-06 3.355020e-03 4.205796e+01 6.078358e-06 1.000000e+00 4.404573e-05 -2.106196e+00 -3.354938e-03 -4.402634e-05 9.999944e-01 1.057540e+01
9.999974e-01 1.566079e-04 2.269208e-03 4.265025e+01 -1.561903e-04 1.000000e+00 -1.839133e-04 -2.138148e+00 -2.269320e-03 1.835596e-04 9.999973e-01 1.097609e+01
9.999977e-01 -3.955341e-05 2.176971e-03 4.327621e+01 3.942566e-05 1.000000e+00 5.842251e-05 -2.169449e+00 -2.176891e-03 -5.833776e-05 9.999977e-01 1.129997e+01
9.999929e-01 1.944400e-04 3.753663e-03 4.393425e+01 -1.936894e-04 1.000000e+00 -2.001524e-04 -2.203279e+00 -3.753783e-03 1.994251e-04 9.999929e-01 1.168987e+01
9.999991e-01 -1.268277e-04 -1.378928e-03 4.475527e+01 1.270579e-04 1.000000e+00 1.673559e-04 -2.240673e+00 1.378988e-03 -1.675322e-04 9.999991e-01 1.200239e+01
9.999502e-01 3.019886e-04 9.975594e-03 4.564000e+01 -2.980412e-04 9.999999e-01 -3.971250e-04 -2.278984e+00 -9.975794e-03 3.941333e-04 9.999501e-01 1.226939e+01
9.999635e-01 1.862523e-05 8.544850e-03 4.645639e+01 -1.758880e-05 1.000000e+00 -1.214370e-04 -2.315448e+00 -8.544772e-03 1.212811e-04 9.999636e-01 1.255997e+01
9.999532e-01 2.910795e-04 9.672996e-03 4.726882e+01 -2.872809e-04 9.999999e-01 -3.940243e-04 -2.351509e+00 -9.673188e-03 3.912281e-04 9.999531e-01 1.283569e+01
9.999998e-01 -7.079728e-05 6.186888e-04 4.810559e+01 7.071911e-05 1.000000e+00 1.255093e-04 -2.389001e+00 -6.186192e-04 -1.254665e-04 9.999999e-01 1.313793e+01
9.999841e-01 2.113868e-04 5.624232e-03 4.888980e+01 -2.096768e-04 9.999999e-01 -3.045334e-04 -2.423379e+00 -5.624374e-03 3.033504e-04 9.999841e-01 1.337699e+01
9.999867e-01 1.024098e-05 5.168472e-03 4.957664e+01 -1.035706e-05 1.000000e+00 2.233594e-05 -2.457799e+00 -5.168394e-03 -2.239017e-05 9.999867e-01 1.375689e+01
9.999925e-01 1.870442e-04 3.876368e-03 5.035365e+01 -1.860732e-04 1.000000e+00 -2.507130e-04 -2.495019e+00 -3.876491e-03 2.499908e-04 9.999924e-01 1.413167e+01
9.999963e-01 -2.107570e-05 2.739615e-03 5.121947e+01 2.077205e-05 1.000000e+00 1.106973e-04 -2.534949e+00 -2.739541e-03 -1.106409e-04 9.999963e-01 1.450037e+01
9.999997e-01 1.296051e-04 7.875776e-04 5.203673e+01 -1.294883e-04 1.000000e+00 -1.477856e-04 -2.574001e+00 -7.876729e-04 1.476845e-04 9.999996e-01 1.489724e+01
9.999928e-01 -4.114393e-06 3.800721e-03 5.278418e+01 3.900902e-06 1.000000e+00 5.605901e-05 -2.610428e+00 -3.800645e-03 -5.604472e-05 9.999929e-01 1.527452e+01
9.999967e-01 1.652938e-04 2.553956e-03 5.345230e+01 -1.647654e-04 1.000000e+00 -2.069178e-04 -2.645134e+00 -2.554065e-03 2.064972e-04 9.999966e-01 1.569057e+01
9.999924e-01 -1.577184e-06 3.907855e-03 5.419675e+01 1.377724e-06 1.000000e+00 5.093298e-05 -2.680653e+00 -3.907780e-03 -5.092811e-05 9.999924e-01 1.603906e+01
9.999904e-01 2.121228e-04 4.372350e-03 5.476436e+01 -2.110848e-04 9.999999e-01 -2.377567e-04 -2.715145e+00 -4.372475e-03 2.368323e-04 9.999903e-01 1.658711e+01
9.999958e-01 1.725687e-05 2.897569e-03 5.518935e+01 -1.759300e-05 1.000000e+00 1.158393e-04 -2.749823e+00 -2.897493e-03 -1.158906e-04 9.999959e-01 1.734306e+01
9.999998e-01 1.049142e-04 5.788540e-04 5.587587e+01 -1.048258e-04 1.000000e+00 -1.520154e-04 -2.786829e+00 -5.789438e-04 1.519556e-04 9.999997e-01 1.783281e+01
9.999982e-01 -1.122310e-05 1.930431e-03 5.664100e+01 1.091140e-05 1.000000e+00 1.612735e-04 -2.825757e+00 -1.930359e-03 -1.612530e-04 9.999982e-01 1.829586e+01
1.000000e+00 8.110207e-05 -2.301128e-04 5.741156e+01 -8.113503e-05 1.000000e+00 -1.449758e-04 -2.863700e+00 2.300275e-04 1.449953e-04 9.999999e-01 1.870229e+01
9.999986e-01 -2.755030e-05 1.701935e-03 5.826766e+01 2.726178e-05 1.000000e+00 1.693183e-04 -2.903751e+00 -1.701866e-03 -1.692726e-04 9.999986e-01 1.908289e+01
9.999996e-01 1.018398e-04 9.086047e-04 5.918550e+01 -1.016591e-04 1.000000e+00 -1.984147e-04 -2.943749e+00 -9.086981e-04 1.983231e-04 9.999995e-01 1.937725e+01
9.999978e-01 -1.533926e-05 2.086998e-03 6.002311e+01 1.504556e-05 1.000000e+00 1.405598e-04 -2.980578e+00 -2.086927e-03 -1.405290e-04 9.999979e-01 1.964735e+01
9.999998e-01 1.078989e-04 5.384758e-04 6.071110e+01 -1.077968e-04 1.000000e+00 -1.889615e-04 -3.014169e+00 -5.385690e-04 1.889043e-04 9.999998e-01 1.998299e+01
9.999930e-01 -2.507517e-06 3.738339e-03 6.143978e+01 2.427810e-06 1.000000e+00 2.122558e-05 -3.042278e+00 -3.738266e-03 -2.121718e-05 9.999931e-01 2.003345e+01
9.999998e-01 1.201421e-04 5.558862e-04 6.207810e+01 -1.200674e-04 1.000000e+00 -1.336448e-04 -3.074544e+00 -5.559745e-04 1.335789e-04 9.999998e-01 2.038046e+01
9.999957e-01 -9.184227e-06 2.946389e-03 6.256407e+01 9.111847e-06 1.000000e+00 2.445652e-05 -3.101398e+00 -2.946317e-03 -2.443037e-05 9.999957e-01 2.070094e+01
9.999972e-01 1.392080e-04 2.362722e-03 6.303644e+01 -1.387048e-04 1.000000e+00 -2.129956e-04 -3.125848e+00 -2.362823e-03 2.126681e-04 9.999971e-01 2.094745e+01
9.999801e-01 5.450747e-05 6.312381e-03 6.348700e+01 -5.430170e-05 1.000000e+00 -3.282270e-05 -3.154513e+00 -6.312312e-03 3.247852e-05 9.999802e-01 2.140698e+01
9.999992e-01 9.346590e-05 1.256899e-03 6.406179e+01 -9.318676e-05 1.000000e+00 -2.218828e-04 -3.181619e+00 -1.256991e-03 2.217662e-04 9.999991e-01 2.162660e+01
9.999959e-01 9.741781e-06 2.870062e-03 6.466062e+01 -9.942994e-06 1.000000e+00 6.998492e-05 -3.209422e+00 -2.869992e-03 -7.001388e-05 9.999960e-01 2.183921e+01
1.000000e+00 3.304802e-05 2.348181e-04 6.508258e+01 -3.297569e-05 1.000000e+00 -3.066900e-04 -3.222632e+00 -2.348982e-04 3.066830e-04 9.999998e-01 2.169258e+01
9.999916e-01 6.262044e-05 4.097855e-03 6.557977e+01 -6.307471e-05 1.000000e+00 1.106552e-04 -3.244461e+00 -4.097778e-03 -1.109134e-04 9.999917e-01 2.180509e+01
9.999982e-01 -7.770064e-07 -1.912134e-03 6.618327e+01 2.791692e-07 1.000000e+00 -2.605109e-04 -3.266816e+00 1.912065e-03 2.605105e-04 9.999981e-01 2.179438e+01
9.999422e-01 1.426636e-04 1.074911e-02 6.663726e+01 -1.414111e-04 1.000000e+00 -1.173079e-04 -3.283856e+00 -1.074905e-02 1.157805e-04 9.999423e-01 2.177808e+01
9.999978e-01 -2.950060e-05 -2.099618e-03 6.688599e+01 2.894553e-05 1.000000e+00 -2.645211e-04 -3.294396e+00 2.099557e-03 2.644603e-04 9.999977e-01 2.174929e+01
9.999284e-01 1.887461e-04 1.196601e-02 6.738017e+01 -1.869130e-04 1.000000e+00 -1.543240e-04 -3.311208e+00 -1.196597e-02 1.520758e-04 9.999285e-01 2.166869e+01
9.999779e-01 1.047107e-04 6.648691e-03 6.789414e+01 -1.018697e-04 9.999999e-01 -4.276045e-04 -3.335451e+00 -6.648801e-03 4.269182e-04 9.999777e-01 2.186102e+01
9.999513e-01 1.510350e-04 9.865160e-03 6.830563e+01 -1.497827e-04 1.000000e+00 -1.277040e-04 -3.355391e+00 -9.865114e-03 1.262197e-04 9.999514e-01 2.201630e+01
9.999113e-01 2.408094e-04 1.331548e-02 6.857507e+01 -2.336841e-04 9.999998e-01 -5.366541e-04 -3.381455e+00 -1.331567e-02 5.334953e-04 9.999111e-01 2.261862e+01
9.999285e-01 1.628966e-04 1.195681e-02 6.889470e+01 -1.601972e-04 1.000000e+00 -2.267337e-04 -3.403959e+00 -1.195679e-02 2.248017e-04 9.999286e-01 2.300393e+01
9.999507e-01 1.748406e-04 9.927493e-03 6.936704e+01 -1.702761e-04 9.999999e-01 -4.606108e-04 -3.426753e+00 -9.927632e-03 4.588979e-04 9.999505e-01 2.319290e+01
9.999485e-01 1.697187e-04 1.014772e-02 6.968605e+01 -1.683527e-04 1.000000e+00 -1.354703e-04 -3.451129e+00 -1.014769e-02 1.337548e-04 9.999486e-01 2.365953e+01
9.999622e-01 1.393532e-04 8.689172e-03 7.006467e+01 -1.354446e-04 9.999999e-01 -4.503993e-04 -3.474634e+00 -8.689290e-03 4.492055e-04 9.999621e-01 2.400976e+01
9.999614e-01 1.533471e-04 8.789486e-03 7.059518e+01 -1.526518e-04 1.000000e+00 -7.977597e-05 -3.501849e+00 -8.789444e-03 7.843113e-05 9.999615e-01 2.430748e+01
9.999475e-01 1.580277e-04 1.024764e-02 7.104117e+01 -1.527494e-04 9.999999e-01 -5.158572e-04 -3.525969e+00 -1.024777e-02 5.142648e-04 9.999473e-01 2.459143e+01
9.999293e-01 2.460131e-04 1.189277e-02 7.128118e+01 -2.447533e-04 1.000000e+00 -1.073834e-04 -3.551926e+00 -1.189275e-02 1.044651e-04 9.999294e-01 2.522872e+01
9.999990e-01 4.103235e-05 1.414556e-03 7.154963e+01 -4.069955e-05 1.000000e+00 -2.353029e-04 -3.580416e+00 -1.414616e-03 2.352449e-04 9.999989e-01 2.593216e+01
9.998616e-01 2.871587e-04 1.663402e-02 7.181118e+01 -2.824646e-04 9.999999e-01 -2.845458e-04 -3.605877e+00 -1.663406e-02 2.798081e-04 9.998617e-01 2.651672e+01
9.999733e-01 9.960210e-05 7.305874e-03 7.220836e+01 -9.651467e-05 9.999999e-01 -4.229522e-04 -3.632353e+00 -7.305961e-03 4.222356e-04 9.999731e-01 2.696225e+01
9.997579e-01 3.740320e-04 2.200151e-02 7.286053e+01 -3.644455e-04 9.999998e-01 -4.397265e-04 -3.663061e+00 -2.200162e-02 4.316021e-04 9.997579e-01 2.724159e+01
9.999927e-01 3.485891e-05 3.817071e-03 7.355859e+01 -3.359762e-05 9.999999e-01 -3.305164e-04 -3.692620e+00 -3.817123e-03 3.303853e-04 9.999926e-01 2.740798e+01
9.997148e-01 4.088748e-04 2.387848e-02 7.408559e+01 -3.969419e-04 9.999998e-01 -5.044677e-04 -3.718559e+00 -2.387864e-02 4.948460e-04 9.997148e-01 2.765858e+01
9.999991e-01 -1.870981e-05 1.301383e-03 7.456902e+01 1.907213e-05 1.000000e+00 -2.784669e-04 -3.741084e+00 -1.301414e-03 2.784908e-04 9.999990e-01 2.782572e+01
9.998090e-01 3.562364e-04 1.954160e-02 7.510887e+01 -3.495344e-04 9.999999e-01 -3.463694e-04 -3.768581e+00 -1.954168e-02 3.394734e-04 9.998091e-01 2.811833e+01
9.999997e-01 -4.773416e-05 -8.033363e-04 7.553880e+01 4.755636e-05 1.000000e+00 -2.212148e-04 -3.793697e+00 8.033139e-04 2.211758e-04 9.999996e-01 2.846221e+01
9.998316e-01 3.490066e-04 1.834593e-02 7.596596e+01 -3.435103e-04 9.999999e-01 -3.027350e-04 -3.820228e+00 -1.834600e-02 2.963829e-04 9.998318e-01 2.886831e+01
1.000000e+00 -5.476463e-05 -2.627902e-04 7.646199e+01 5.469874e-05 1.000000e+00 -2.503338e-04 -3.846337e+00 2.627743e-04 2.503185e-04 9.999998e-01 2.916649e+01
9.997800e-01 3.945170e-04 2.097374e-02 7.683998e+01 -3.864554e-04 9.999998e-01 -3.884096e-04 -3.869847e+00 -2.097386e-02 3.802197e-04 9.997800e-01 2.951757e+01
9.999758e-01 -1.486061e-04 -6.950881e-03 7.744545e+01 1.483006e-04 1.000000e+00 -4.444297e-05 -3.897980e+00 6.950861e-03 4.341010e-05 9.999757e-01 2.974525e+01
9.998078e-01 3.712852e-04 1.960220e-02 7.800593e+01 -3.640757e-04 9.999999e-01 -3.713535e-04 -3.923133e+00 -1.960231e-02 3.641464e-04 9.998079e-01 2.991097e+01
9.999711e-01 -1.728608e-04 -7.599085e-03 7.849974e+01 1.723780e-04 1.000000e+00 -6.416392e-05 -3.943694e+00 7.599072e-03 6.285109e-05 9.999710e-01 2.997729e+01
9.997460e-01 4.146815e-04 2.253164e-02 7.895360e+01 -4.041964e-04 9.999998e-01 -4.699015e-04 -3.962463e+00 -2.253181e-02 4.606760e-04 9.997461e-01 3.002914e+01
9.999734e-01 -1.603614e-04 -7.293985e-03 7.956993e+01 1.601621e-04 1.000000e+00 -2.789943e-05 -3.987820e+00 7.293968e-03 2.672930e-05 9.999733e-01 3.012683e+01
9.998709e-01 3.319025e-04 1.606636e-02 8.032006e+01 -3.277065e-04 9.999999e-01 -2.637928e-04 -4.016981e+00 -1.606643e-02 2.584949e-04 9.998710e-01 3.020286e+01
9.999586e-01 -1.823437e-04 -9.101023e-03 8.109502e+01 1.826644e-04 1.000000e+00 3.441241e-05 -4.047615e+00 9.100998e-03 -3.607464e-05 9.999585e-01 3.030168e+01
9.997780e-01 3.815787e-04 2.106677e-02 8.174884e+01 -3.716416e-04 9.999998e-01 -4.756039e-04 -4.069868e+00 -2.106693e-02 4.676703e-04 9.997781e-01 3.023112e+01
9.999964e-01 -9.011283e-05 -2.673024e-03 8.223614e+01 8.972056e-05 1.000000e+00 -1.468410e-04 -4.089633e+00 2.673021e-03 1.465993e-04 9.999963e-01 3.028470e+01
9.998037e-01 3.801994e-04 1.980890e-02 8.283690e+01 -3.723898e-04 9.999999e-01 -3.979333e-04 -4.115998e+00 -1.980903e-02 3.904799e-04 9.998038e-01 3.045255e+01
9.999999e-01 -5.583403e-05 -5.413625e-04 8.350931e+01 5.572322e-05 1.000000e+00 -2.045622e-04 -4.142863e+00 5.413612e-04 2.045305e-04 9.999997e-01 3.054744e+01
9.997326e-01 3.872041e-04 2.311927e-02 8.386569e+01 -3.742156e-04 9.999998e-01 -5.661237e-04 -4.156039e+00 -2.311947e-02 5.573223e-04 9.997327e-01 3.049611e+01
9.999984e-01 -2.431753e-05 1.764088e-03 8.390368e+01 2.473586e-05 1.000000e+00 -2.371415e-04 -4.166404e+00 -1.764090e-03 2.371832e-04 9.999983e-01 3.072795e+01
9.997066e-01 4.544118e-04 2.421955e-02 8.420356e+01 -4.406520e-04 9.999997e-01 -5.734566e-04 -4.186973e+00 -2.421980e-02 5.626176e-04 9.997066e-01 3.106786e+01
9.999958e-01 -6.727119e-06 2.886989e-03 8.489960e+01 7.469942e-06 1.000000e+00 -2.572924e-04 -4.213675e+00 -2.886990e-03 2.573111e-04 9.999957e-01 3.112803e+01
9.996546e-01 5.014500e-04 2.627681e-02 8.561323e+01 -4.850159e-04 9.999997e-01 -6.317899e-04 -4.240152e+00 -2.627712e-02 6.188289e-04 9.996546e-01 3.115748e+01
9.999778e-01 4.604884e-05 6.656638e-03 8.625816e+01 -4.354666e-05 9.999999e-01 -3.760312e-04 -4.264292e+00 -6.656651e-03 3.757311e-04 9.999777e-01 3.118327e+01
9.996326e-01 5.141078e-04 2.709984e-02 8.693165e+01 -4.964688e-04 9.999997e-01 -6.576167e-04 -4.289062e+00 -2.710018e-02 6.439229e-04 9.996326e-01 3.119753e+01
9.999737e-01 5.450492e-05 7.257292e-03 8.759502e+01 -5.166466e-05 9.999999e-01 -3.915362e-04 -4.313220e+00 -7.257303e-03 3.911488e-04 9.999735e-01 3.120066e+01
9.996379e-01 5.037604e-04 2.690528e-02 8.814375e+01 -4.857402e-04 9.999997e-01 -6.763021e-04 -4.333246e+00 -2.690563e-02 6.629905e-04 9.996379e-01 3.119060e+01
9.999627e-01 4.718870e-05 8.632329e-03 8.857620e+01 -4.328422e-05 9.999999e-01 -4.524707e-04 -4.347718e+00 -8.632332e-03 4.520779e-04 9.999625e-01 3.109753e+01
9.997714e-01 3.928992e-04 2.137889e-02 8.898531e+01 -3.811784e-04 9.999998e-01 -5.523234e-04 -4.357628e+00 -2.137912e-02 5.440504e-04 9.997714e-01 3.084249e+01
9.999918e-01 1.149737e-05 4.058686e-03 8.957509e+01 -1.023503e-05 1.000000e+00 -3.109689e-04 -4.373932e+00 -4.058667e-03 3.109223e-04 9.999916e-01 3.062856e+01
9.997047e-01 4.564382e-04 2.429654e-02 9.023998e+01 -4.418242e-04 9.999997e-01 -6.068644e-04 -4.394045e+00 -2.429684e-02 5.959530e-04 9.997047e-01 3.046976e+01
9.999972e-01 -1.032383e-04 -2.383101e-03 9.106626e+01 1.029673e-04 1.000000e+00 -1.139859e-04 -4.418090e+00 2.383140e-03 1.137375e-04 9.999971e-01 3.025120e+01
9.997211e-01 4.429897e-04 2.361278e-02 9.189046e+01 -4.289063e-04 9.999997e-01 -6.015082e-04 -4.441023e+00 -2.361307e-02 5.912155e-04 9.997211e-01 2.999299e+01
9.999998e-01 -7.664632e-05 5.387999e-04 9.255529e+01 7.676644e-05 1.000000e+00 -2.220345e-04 -4.459186e+00 -5.387511e-04 2.220730e-04 9.999997e-01 2.975721e+01
9.997650e-01 4.219975e-04 2.167561e-02 9.329960e+01 -4.110802e-04 9.999998e-01 -5.081397e-04 -4.482175e+00 -2.167585e-02 4.991127e-04 9.997650e-01 2.960393e+01
9.999793e-01 -1.725153e-04 -6.432704e-03 9.421544e+01 1.726572e-04 1.000000e+00 2.142669e-05 -4.511408e+00 6.432735e-03 -2.253981e-05 9.999792e-01 2.947002e+01
9.997322e-01 4.447107e-04 2.313608e-02 9.514992e+01 -4.317849e-04 9.999997e-01 -5.637009e-04 -4.540061e+00 -2.313637e-02 5.535631e-04 9.997323e-01 2.929250e+01
9.999458e-01 -2.383656e-04 -1.041152e-02 9.599558e+01 2.396652e-04 1.000000e+00 1.235166e-04 -4.566240e+00 1.041153e-02 -1.260082e-04 9.999457e-01 2.912922e+01
9.997940e-01 4.013090e-04 2.029250e-02 9.675781e+01 -3.916192e-04 9.999998e-01 -4.815068e-04 -4.591875e+00 -2.029273e-02 4.734637e-04 9.997941e-01 2.905005e+01
9.999884e-01 -2.267739e-05 4.814004e-03 9.738862e+01 2.424011e-05 9.999999e-01 -3.244244e-04 -4.614018e+00 -4.813955e-03 3.245342e-04 9.999883e-01 2.901821e+01
9.998165e-01 3.753809e-04 1.915191e-02 9.792467e+01 -3.664168e-04 9.999998e-01 -4.715984e-04 -4.633442e+00 -1.915213e-02 4.644974e-04 9.998166e-01 2.899716e+01
9.999981e-01 -5.864347e-05 1.962750e-03 9.850439e+01 5.906681e-05 1.000000e+00 -2.152337e-04 -4.655305e+00 -1.962692e-03 2.153461e-04 9.999980e-01 2.901392e+01
9.998640e-01 3.261571e-04 1.648709e-02 9.918455e+01 -3.196801e-04 9.999999e-01 -3.955356e-04 -4.679084e+00 -1.648726e-02 3.902145e-04 9.998641e-01 2.897191e+01
9.998994e-01 -2.725502e-04 -1.418204e-02 9.992645e+01 2.760641e-04 9.999999e-01 2.457502e-04 -4.703858e+00 1.418202e-02 -2.496439e-04 9.998993e-01 2.887106e+01
9.997907e-01 3.804786e-04 2.045751e-02 1.006611e+02 -3.701289e-04 9.999998e-01 -5.097342e-04 -4.729169e+00 -2.045775e-02 5.020588e-04 9.997907e-01 2.880351e+01
9.998337e-01 -3.173365e-04 -1.823614e-02 1.014947e+02 3.248050e-04 9.999999e-01 4.065352e-04 -4.759949e+00 1.823606e-02 -4.123941e-04 9.998335e-01 2.881518e+01
9.997297e-01 4.226998e-04 2.324373e-02 1.023418e+02 -4.089823e-04 9.999997e-01 -5.949468e-04 -4.790924e+00 -2.324402e-02 5.852830e-04 9.997297e-01 2.882143e+01
9.999469e-01 -2.254992e-04 -1.030510e-02 1.030779e+02 2.270808e-04 1.000000e+00 1.522128e-04 -4.817006e+00 1.030512e-02 -1.545481e-04 9.999468e-01 2.879459e+01
9.998104e-01 3.896749e-04 1.946923e-02 1.037827e+02 -3.805015e-04 9.999998e-01 -4.749203e-04 -4.843936e+00 -1.946946e-02 4.674255e-04 9.998104e-01 2.882874e+01
9.996844e-01 -3.338086e-04 -2.512101e-02 1.043787e+02 3.473261e-04 9.999998e-01 5.336960e-04 -4.867216e+00 2.512088e-02 -5.422560e-04 9.996842e-01 2.885598e+01
9.998374e-01 3.621389e-04 1.802702e-02 1.050602e+02 -3.549080e-04 9.999999e-01 -4.043584e-04 -4.894182e+00 -1.802721e-02 3.978980e-04 9.998375e-01 2.891490e+01
9.996213e-01 -3.741039e-04 -2.751396e-02 1.058469e+02 3.913754e-04 9.999997e-01 6.223193e-04 -4.924209e+00 2.751377e-02 -6.328552e-04 9.996211e-01 2.896234e+01
9.999254e-01 3.973423e-04 1.221122e-02 1.064573e+02 -3.940434e-04 9.999999e-01 -2.726228e-04 -4.948679e+00 -1.221137e-02 2.677940e-04 9.999255e-01 2.903440e+01
9.996050e-01 -3.792612e-04 -2.809982e-02 1.070709e+02 3.969383e-04 9.999997e-01 6.234752e-04 -4.973094e+00 2.809962e-02 -6.343861e-04 9.996048e-01 2.910546e+01
9.999117e-01 3.411002e-04 1.328205e-02 1.078517e+02 -3.374961e-04 9.999999e-01 -2.736474e-04 -5.000988e+00 -1.328218e-02 2.691438e-04 9.999118e-01 2.909072e+01
9.994521e-01 -3.133347e-04 -3.309660e-02 1.084871e+02 3.371505e-04 9.999997e-01 7.139821e-04 -5.024655e+00 3.309641e-02 -7.247527e-04 9.994518e-01 2.910931e+01
9.999153e-01 3.785355e-04 1.300841e-02 1.090110e+02 -3.751684e-04 9.999999e-01 -2.613316e-04 -5.046894e+00 -1.300854e-02 2.564323e-04 9.999154e-01 2.921947e+01
9.996234e-01 -3.982814e-04 -2.743764e-02 1.096740e+02 4.144519e-04 9.999997e-01 5.836438e-04 -5.073133e+00 2.743744e-02 -5.947988e-04 9.996233e-01 2.929645e+01
9.999335e-01 3.902532e-04 1.152426e-02 1.103279e+02 -3.877646e-04 9.999999e-01 -2.182284e-04 -5.098743e+00 -1.152438e-02 2.137482e-04 9.999337e-01 2.936200e+01
9.997845e-01 -4.245949e-04 -2.075473e-02 1.109035e+02 4.333604e-04 9.999998e-01 4.178095e-04 -5.125155e+00 2.075459e-02 -4.267168e-04 9.997844e-01 2.955302e+01
9.998855e-01 3.821211e-04 1.512839e-02 1.115651e+02 -3.775507e-04 9.999999e-01 -3.050014e-04 -5.153362e+00 -1.512854e-02 2.992578e-04 9.998856e-01 2.968755e+01
9.996510e-01 -4.177121e-04 -2.641338e-02 1.122361e+02 4.325365e-04 9.999998e-01 5.555106e-04 -5.180784e+00 2.641318e-02 -5.667445e-04 9.996509e-01 2.979265e+01
9.998947e-01 3.943328e-04 1.450870e-02 1.128882e+02 -3.902592e-04 9.999999e-01 -2.836402e-04 -5.207648e+00 -1.450885e-02 2.779512e-04 9.998948e-01 2.990047e+01
9.997364e-01 -4.686820e-04 -2.295524e-02 1.136343e+02 4.798917e-04 9.999998e-01 4.827973e-04 -5.238070e+00 2.295504e-02 -4.936891e-04 9.997363e-01 3.002133e+01
9.999387e-01 4.449557e-04 1.106708e-02 1.142177e+02 -4.426480e-04 9.999999e-01 -2.110082e-04 -5.264100e+00 -1.106721e-02 2.060994e-04 9.999388e-01 3.018680e+01
9.996677e-01 -4.444848e-04 -2.577474e-02 1.147913e+02 4.581581e-04 9.999998e-01 5.245683e-04 -5.287778e+00 2.577453e-02 -5.362059e-04 9.996675e-01 3.027418e+01
9.999389e-01 4.303254e-04 1.104290e-02 1.153653e+02 -4.280827e-04 9.999999e-01 -2.054969e-04 -5.311231e+00 -1.104302e-02 2.007600e-04 9.999391e-01 3.035197e+01
9.995771e-01 -3.999430e-04 -2.907569e-02 1.159197e+02 4.173323e-04 9.999997e-01 5.919887e-04 -5.333457e+00 2.907547e-02 -6.038755e-04 9.995769e-01 3.041280e+01
9.999522e-01 4.170438e-04 9.772472e-03 1.165312e+02 -4.157072e-04 9.999999e-01 -1.388418e-04 -5.358365e+00 -9.772555e-03 1.347755e-04 9.999523e-01 3.050965e+01
