9.994087e-01 5.747862e-04 3.437768e-02 3.201849e-01 -5.398473e-04 9.999993e-01 -1.025597e-03 -2.496382e-02 -3.437825e-02 1.006432e-03 9.994085e-01 4.943442e-01
9.999801e-01 6.226142e-05 6.302966e-03 4.682564e-01 -6.085526e-05 1.000000e+00 -2.232847e-04 -4.250685e-02 -6.302972e-03 2.228970e-04 9.999800e-01 9.090341e-01
9.997392e-01 4.183894e-04 2.283304e-02 6.518551e-01 -4.033871e-04 9.999997e-01 -6.616448e-04 -6.314729e-02 -2.283332e-02 6.522615e-04 9.997392e-01 1.399972e+00
9.998748e-01 1.992805e-04 1.582352e-02 8.484193e-01 -1.912960e-04 9.999999e-01 -5.061103e-04 -8.367942e-02 -1.582360e-02 5.030200e-04 9.998746e-01 1.873422e+00
9.995679e-01 5.150264e-04 2.938866e-02 1.052956e+00 -4.896597e-04 9.999995e-01 -8.703372e-04 -1.023589e-01 -2.938912e-02 8.555708e-04 9.995678e-01 2.264344e+00
9.998780e-01 1.913418e-04 1.561959e-02 1.233392e+00 -1.835850e-04 9.999999e-01 -4.980369e-04 -1.205301e-01 -1.561966e-02 4.951084e-04 9.998778e-01 2.664500e+00
9.996732e-01 4.650199e-04 2.555958e-02 1.483076e+00 -4.459030e-04 9.999996e-01 -7.536310e-04 -1.404240e-01 -2.555995e-02 7.419880e-04 9.996731e-01 3.048598e+00
9.998704e-01 2.025712e-04 1.609471e-02 1.674180e+00 -1.945692e-04 9.999999e-01 -4.987410e-04 -1.613055e-01 -1.609478e-02 4.955445e-04 9.998703e-01 3.544403e+00
9.997171e-01 4.449803e-04 2.378224e-02 1.829474e+00 -4.287025e-04 9.999997e-01 -6.895518e-04 -1.828360e-01 -2.378258e-02 6.791617e-04 9.997170e-01 4.108759e+00
9.998554e-01 2.183768e-04 1.700634e-02 1.985664e+00 -2.094906e-04 9.999998e-01 -5.242923e-04 -2.044987e-01 -1.700642e-02 5.206532e-04 9.998551e-01 4.677647e+00
9.996585e-01 4.930488e-04 2.612657e-02 2.159256e+00 -4.728991e-04 9.999996e-01 -7.774124e-04 -2.246233e-01 -2.612699e-02 7.647924e-04 9.996584e-01 5.169834e+00
9.999303e-01 1.182634e-04 1.180159e-02 2.397843e+00 -1.138133e-04 9.999999e-01 -3.777281e-04 -2.440949e-01 -1.180159e-02 3.763578e-04 9.999302e-01 5.547604e+00
9.997108e-01 4.890165e-04 2.404483e-02 2.719938e+00 -4.727276e-04 9.999997e-01 -6.831273e-04 -2.697015e-01 -2.404521e-02 6.715639e-04 9.997107e-01 6.068103e+00
9.997831e-01 2.728821e-04 2.082421e-02 2.959353e+00 -2.590938e-04 9.999997e-01 -6.648107e-04 -2.903846e-01 -2.082433e-02 6.592701e-04 9.997828e-01 6.503400e+00
9.998803e-01 3.516339e-04 1.547036e-02 3.192356e+00 -3.454267e-04 9.999999e-01 -4.039294e-04 -3.135802e-01 -1.547055e-02 3.985383e-04 9.998803e-01 7.041538e+00
9.999378e-01 1.360440e-04 1.115274e-02 3.423599e+00 -1.322928e-04 9.999999e-01 -3.370587e-04 -3.406804e-01 -1.115273e-02 3.355612e-04 9.999377e-01 7.731606e+00
9.997715e-01 4.259997e-04 2.137285e-02 3.657036e+00 -4.129149e-04 9.999997e-01 -6.166419e-04 -3.659238e-01 -2.137316e-02 6.076770e-04 9.997715e-01 8.349368e+00
9.998412e-01 2.502496e-04 1.781608e-02 3.863463e+00 -2.409652e-04 9.999998e-01 -5.232456e-04 -3.897702e-01 -1.781615e-02 5.188683e-04 9.998411e-01 8.945071e+00
9.998338e-01 3.556806e-04 1.822657e-02 4.062931e+00 -3.461671e-04 9.999998e-01 -5.251368e-04 -4.135754e-01 -1.822682e-02 5.187414e-04 9.998338e-01 9.546133e+00
9.998172e-01 2.519607e-04 1.911998e-02 4.278647e+00 -2.404690e-04 9.999998e-01 -6.032990e-04 -4.352496e-01 -1.912006e-02 5.985896e-04 9.998169e-01 1.004744e+01
9.996887e-01 4.387540e-04 2.494766e-02 4.573915e+00 -4.204064e-04 9.999996e-01 -7.407089e-04 -4.519902e-01 -2.494804e-02 7.299916e-04 9.996886e-01 1.023145e+01
9.999846e-01 6.706998e-05 5.549113e-03 5.201658e+00 -6.606948e-05 1.000000e+00 -1.803585e-04 -4.781119e-01 -5.549050e-03 1.799876e-04 9.999845e-01 1.035906e+01
9.999039e-01 2.654309e-04 1.386517e-02 5.923728e+00 -2.600066e-04 9.999999e-01 -3.930709e-04 -5.102621e-01 -1.386535e-02 3.894296e-04 9.999039e-01 1.060135e+01
9.999983e-01 4.486566e-06 1.836340e-03 6.723904e+00 -4.351793e-06 1.000000e+00 -7.298781e-05 -5.440746e-01 -1.836264e-03 7.297813e-05 9.999982e-01 1.080525e+01
9.998944e-01 2.823788e-04 1.453385e-02 7.461307e+00 -2.763697e-04 9.999999e-01 -4.155179e-04 -5.762955e-01 -1.453405e-02 4.114589e-04 9.998944e-01 1.103001e+01
9.999867e-01 -7.954954e-05 -5.146855e-03 8.199125e+00 8.031237e-05 1.000000e+00 1.478498e-04 -6.101368e-01 5.146922e-03 -1.482628e-04 9.999867e-01 1.132049e+01
9.998561e-01 3.111182e-04 1.696462e-02 8.931268e+00 -3.027012e-04 9.999998e-01 -4.987594e-04 -6.434679e-01 -1.696485e-02 4.935540e-04 9.998560e-01 1.159738e+01
9.999975e-01 2.734813e-05 2.231442e-03 9.623752e+00 -2.716428e-05 1.000000e+00 -8.204364e-05 -6.736495e-01 -2.231364e-03 8.198119e-05 9.999974e-01 1.180013e+01
9.998988e-01 2.742143e-04 1.422344e-02 1.030296e+01 -2.684922e-04 9.999999e-01 -4.042681e-04 -7.053696e-01 -1.422363e-02 4.004100e-04 9.998988e-01 1.208303e+01
9.999910e-01 -5.517704e-05 -4.243302e-03 1.095729e+01 5.570557e-05 1.000000e+00 1.242266e-04 -7.380285e-01 4.243377e-03 -1.244635e-04 9.999909e-01 1.243993e+01
9.999152e-01 2.660900e-04 1.302085e-02 1.167265e+01 -2.615952e-04 9.999999e-01 -3.469737e-04 -7.731556e-01 -1.302102e-02 3.435397e-04 9.999152e-01 1.282345e+01
9.999886e-01 -7.954073e-05 -4.770267e-03 1.229376e+01 8.007544e-05 1.000000e+00 1.117093e-04 -8.048460e-01 4.770341e-03 -1.120917e-04 9.999885e-01 1.319000e+01
9.997642e-01 4.111185e-04 2.171362e-02 1.271419e+01 -3.983899e-04 9.999997e-01 -5.905687e-04 -8.335709e-01 -2.171394e-02 5.817806e-04 9.997641e-01 1.370420e+01
9.999629e-01 -1.326751e-04 -8.611635e-03 1.309439e+01 1.346150e-04 1.000000e+00 2.245789e-04 -8.618412e-01 8.611689e-03 -2.257316e-04 9.999628e-01 1.425468e+01
9.998105e-01 3.438347e-04 1.946581e-02 1.364499e+01 -3.332867e-04 9.999998e-01 -5.451650e-04 -8.918885e-01 -1.946607e-02 5.385757e-04 9.998105e-01 1.464211e+01
9.999549e-01 -1.367991e-04 -9.494081e-03 1.412501e+01 1.391557e-04 1.000000e+00 2.474519e-04 -9.203390e-01 9.494132e-03 -2.487636e-04 9.999548e-01 1.505511e+01
9.999040e-01 2.843478e-04 1.385492e-02 1.441062e+01 -2.791851e-04 9.999999e-01 -3.746305e-04 -9.454533e-01 -1.385511e-02 3.707281e-04 9.999040e-01 1.559196e+01
9.999984e-01 -5.312479e-05 -1.768264e-03 1.472505e+01 5.314922e-05 1.000000e+00 1.318800e-05 -9.702653e-01 1.768349e-03 -1.328370e-05 9.999984e-01 1.608426e+01
9.999283e-01 2.751901e-04 1.197284e-02 1.502647e+01 -2.715548e-04 9.999999e-01 -3.053330e-04 -9.960289e-01 -1.197301e-02 3.020615e-04 9.999284e-01 1.663120e+01
9.999968e-01 -7.504054e-05 -2.509942e-03 1.551845e+01 7.512761e-05 1.000000e+00 3.417691e-05 -1.025461e+00 2.510027e-03 -3.436712e-05 9.999968e-01 1.706911e+01
9.999185e-01 3.065820e-04 1.276628e-02 1.578906e+01 -3.023762e-04 9.999999e-01 -3.314591e-04 -1.049866e+00 -1.276647e-02 3.275736e-04 9.999185e-01 1.760542e+01
9.999541e-01 -1.424236e-04 -9.575810e-03 1.588516e+01 1.447240e-04 1.000000e+00 2.394178e-04 -1.070976e+00 9.575863e-03 -2.407945e-04 9.999540e-01 1.823309e+01
9.999570e-01 8.819636e-05 9.280448e-03 1.576314e+01 -8.492295e-05 9.999999e-01 -3.532271e-04 -1.075266e+00 -9.280567e-03 3.524256e-04 9.999569e-01 1.836781e+01
9.999522e-01 -1.638434e-04 -9.770681e-03 1.563260e+01 1.656659e-04 1.000000e+00 1.856114e-04 -1.075280e+00 9.770738e-03 -1.872230e-04 9.999522e-01 1.833277e+01
9.999540e-01 1.256619e-04 9.592935e-03 1.554642e+01 -1.225183e-04 9.999999e-01 -3.283959e-04 -1.078989e+00 -9.593064e-03 3.272073e-04 9.999540e-01 1.842020e+01
9.999999e-01 1.011843e-04 4.682317e-04 1.576585e+01 -1.011896e-04 1.000000e+00 1.374675e-05 -1.101220e+00 -4.681419e-04 -1.379592e-05 9.999998e-01 1.893189e+01
9.999950e-01 1.272933e-05 3.182425e-03 1.616494e+01 -1.220969e-05 1.000000e+00 -1.636515e-04 -1.123417e+00 -3.182515e-03 1.636136e-04 9.999950e-01 1.919769e+01
9.999999e-01 8.024207e-05 -3.831147e-04 1.671875e+01 -8.022151e-05 1.000000e+00 5.074338e-05 -1.150111e+00 3.832075e-04 -5.071444e-05 9.999999e-01 1.943817e+01
9.998681e-01 1.898897e-04 1.624148e-02 1.744675e+01 -1.808227e-04 9.999998e-01 -5.597950e-04 -1.177701e+00 -1.624168e-02 5.567862e-04 9.998680e-01 1.948628e+01
9.999918e-01 3.303248e-05 -4.035201e-03 1.811416e+01 -3.241117e-05 1.000000e+00 1.537452e-04 -1.204041e+00 4.035296e-03 -1.536150e-04 9.999918e-01 1.956491e+01
9.997934e-01 2.461317e-04 2.032446e-02 1.867584e+01 -2.324497e-04 9.999997e-01 -6.755951e-04 -1.229951e+00 -2.032472e-02 6.707330e-04 9.997933e-01 1.977105e+01
9.999844e-01 4.015979e-05 -5.583053e-03 1.906249e+01 -3.884888e-05 1.000000e+00 2.346867e-04 -1.256065e+00 5.583154e-03 -2.344680e-04 9.999843e-01 2.021901e+01
9.999744e-01 6.563049e-05 7.152602e-03 1.939988e+01 -6.384749e-05 1.000000e+00 -2.496764e-04 -1.283171e+00 -7.152709e-03 2.492152e-04 9.999745e-01 2.076975e+01
9.999924e-01 6.231948e-05 -3.887424e-03 1.978420e+01 -6.168703e-05 1.000000e+00 1.624921e-04 -1.310478e+00 3.887526e-03 -1.622530e-04 9.999924e-01 2.126595e+01
9.999876e-01 5.196968e-06 4.994436e-03 2.018582e+01 -4.073496e-06 1.000000e+00 -2.251988e-04 -1.334261e+00 -4.994528e-03 2.251775e-04 9.999876e-01 2.158335e+01
9.999821e-01 -1.174193e-05 -5.977548e-03 2.049077e+01 1.280128e-05 1.000000e+00 1.769749e-04 -1.352576e+00 5.977637e-03 -1.770502e-04 9.999820e-01 2.180437e+01
9.999687e-01 1.022123e-04 7.913382e-03 2.093097e+01 -1.002406e-04 1.000000e+00 -2.497134e-04 -1.378198e+00 -7.913499e-03 2.489142e-04 9.999687e-01 2.214988e+01
9.999928e-01 1.500724e-04 3.793560e-03 2.115651e+01 -1.497863e-04 1.000000e+00 -7.537190e-05 -1.403214e+00 -3.793479e-03 7.480128e-05 9.999927e-01 2.277325e+01
9.999739e-01 7.300549e-05 7.224727e-03 2.162412e+01 -7.131750e-05 1.000000e+00 -2.340722e-04 -1.432427e+00 -7.224837e-03 2.335527e-04 9.999739e-01 2.323927e+01
9.999999e-01 1.465633e-04 3.853561e-04 2.193754e+01 -1.465854e-04 1.000000e+00 6.074977e-05 -1.461721e+00 -3.852544e-04 -6.080811e-05 9.999999e-01 2.392334e+01
9.999999e-01 -2.851471e-05 5.357767e-04 2.216001e+01 2.851260e-05 1.000000e+00 1.557242e-06 -1.491299e+00 -5.358696e-04 -1.540113e-06 9.999999e-01 2.473497e+01
9.999983e-01 5.161664e-05 -1.852492e-03 2.247595e+01 -5.144703e-05 1.000000e+00 9.091403e-05 -1.520406e+00 1.852590e-03 -9.082041e-05 9.999982e-01 2.540114e+01
9.999999e-01 -3.749864e-05 4.843643e-04 2.281303e+01 3.749794e-05 1.000000e+00 -1.148184e-06 -1.549532e+00 -4.844570e-04 1.168187e-06 1.000000e+00 2.604075e+01
9.999993e-01 1.429915e-04 1.178769e-03 2.318836e+01 -1.429836e-04 1.000000e+00 -5.723925e-06 -1.578708e+00 -1.178677e-03 5.553549e-06 9.999992e-01 2.663182e+01
9.999348e-01 1.321198e-04 1.141876e-02 2.342074e+01 -1.280742e-04 9.999999e-01 -3.551347e-04 -1.603922e+00 -1.141890e-02 3.536509e-04 9.999348e-01 2.724657e+01
9.999943e-01 2.368532e-04 3.350840e-03 2.360498e+01 -2.369007e-04 1.000000e+00 1.417250e-05 -1.634577e+00 -3.350743e-03 -1.496806e-05 9.999943e-01 2.814068e+01
9.999963e-01 -1.316096e-04 -2.736518e-03 2.389144e+01 1.318534e-04 1.000000e+00 8.937045e-05 -1.668064e+00 2.736413e-03 -8.972911e-05 9.999963e-01 2.903296e+01
9.999787e-01 2.817454e-04 6.522742e-03 2.437429e+01 -2.808959e-04 1.000000e+00 -1.309658e-04 -1.702422e+00 -6.522685e-03 1.291290e-04 9.999787e-01 2.969426e+01
1.000000e+00 -8.318519e-05 1.084099e-04 2.494030e+01 8.318383e-05 1.000000e+00 5.648515e-07 -1.737616e+00 -1.085041e-04 -5.540203e-07 1.000000e+00 3.027471e+01
9.999993e-01 1.128487e-04 -1.155165e-03 2.542807e+01 -1.127230e-04 1.000000e+00 1.077588e-04 -1.771604e+00 1.155272e-03 -1.076303e-04 9.999993e-01 3.090485e+01
9.999739e-01 8.571120e-05 7.231806e-03 2.585317e+01 -8.395573e-05 1.000000e+00 -2.432229e-04 -1.803236e+00 -7.231921e-03 2.426111e-04 9.999739e-01 3.152768e+01
9.999923e-01 1.513063e-04 3.904860e-03 2.642747e+01 -1.511050e-04 1.000000e+00 -5.151391e-05 -1.836453e+00 -3.904774e-03 5.092168e-05 9.999923e-01 3.201241e+01
9.999529e-01 8.763984e-05 9.704847e-03 2.722866e+01 -8.439939e-05 9.999999e-01 -3.344442e-04 -1.872702e+00 -9.704971e-03 3.336112e-04 9.999529e-01 3.230863e+01
9.999652e-01 2.194141e-04 8.339415e-03 2.775702e+01 -2.179443e-04 1.000000e+00 -1.769976e-04 -1.902991e+00 -8.339358e-03 1.751721e-04 9.999651e-01 3.273535e+01
9.999991e-01 -3.508716e-05 -1.377048e-03 2.832781e+01 3.511953e-05 1.000000e+00 2.448033e-05 -1.937672e+00 1.376952e-03 -2.452686e-05 9.999991e-01 3.328288e+01
9.999644e-01 2.273728e-04 8.428306e-03 2.888063e+01 -2.256259e-04 1.000000e+00 -2.080509e-04 -1.969594e+00 -8.428257e-03 2.061401e-04 9.999644e-01 3.373979e+01
9.999951e-01 -5.663301e-05 -3.149795e-03 2.934379e+01 5.688601e-05 1.000000e+00 8.067229e-05 -1.999814e+00 3.149695e-03 -8.084927e-05 9.999951e-01 3.424850e+01
9.999014e-01 3.090106e-04 1.403706e-02 2.964814e+01 -3.039699e-04 9.999999e-01 -3.611363e-04 -2.028263e+00 -1.403707e-02 3.568321e-04 9.999013e-01 3.490474e+01
9.999513e-01 -1.303540e-04 -9.868708e-03 2.977455e+01 1.331731e-04 1.000000e+00 2.851482e-04 -2.053736e+00 9.868574e-03 -2.864468e-04 9.999513e-01 3.566747e+01
9.999405e-01 2.741045e-04 1.090156e-02 2.979565e+01 -2.716528e-04 9.999999e-01 -2.262467e-04 -2.079531e+00 -1.090153e-02 2.232700e-04 9.999405e-01 3.658357e+01
9.999669e-01 -9.649932e-05 -8.145368e-03 2.990854e+01 9.847792e-05 1.000000e+00 2.426830e-04 -2.108682e+00 8.145248e-03 -2.434753e-04 9.999669e-01 3.751758e+01
9.999659e-01 1.833835e-04 8.249665e-03 3.018485e+01 -1.816946e-04 1.000000e+00 -2.053025e-04 -2.135855e+00 -8.249605e-03 2.037948e-04 9.999659e-01 3.815200e+01
9.999391e-01 -1.974154e-04 -1.104130e-02 3.073490e+01 2.006295e-04 9.999999e-01 2.901185e-04 -2.164812e+00 1.104114e-02 -2.923142e-04 9.999391e-01 3.847972e+01
9.999472e-01 2.263193e-04 1.027136e-02 3.126438e+01 -2.238909e-04 9.999999e-01 -2.374428e-04 -2.195282e+00 -1.027131e-02 2.351288e-04 9.999472e-01 3.890217e+01
9.999528e-01 -1.889856e-04 -9.713379e-03 3.204374e+01 1.916502e-04 9.999999e-01 2.735281e-04 -2.232503e+00 9.713230e-03 -2.753750e-04 9.999528e-01 3.926645e+01
9.999266e-01 2.558490e-04 1.210664e-02 3.291459e+01 -2.526818e-04 9.999999e-01 -2.630259e-04 -2.273788e+00 -1.210661e-02 2.599458e-04 9.999266e-01 3.967765e+01
9.999480e-01 -1.737651e-04 -1.020286e-02 3.365121e+01 1.766702e-04 9.999999e-01 2.839650e-04 -2.311806e+00 1.020271e-02 -2.857511e-04 9.999480e-01 4.013855e+01
9.999361e-01 2.144174e-04 1.129888e-02 3.447106e+01 -2.112559e-04 9.999999e-01 -2.808829e-04 -2.348747e+00 -1.129885e-02 2.784763e-04 9.999361e-01 4.043550e+01
9.999516e-01 -1.620489e-04 -9.839661e-03 3.528768e+01 1.648835e-04 9.999999e-01 2.874101e-04 -2.386433e+00 9.839517e-03 -2.890168e-04 9.999516e-01 4.076908e+01
9.999114e-01 3.039575e-04 1.330518e-02 3.582264e+01 -2.997279e-04 9.999999e-01 -3.197837e-04 -2.420932e+00 -1.330518e-02 3.157657e-04 9.999114e-01 4.136123e+01
9.999364e-01 -2.120989e-04 -1.128340e-02 3.647561e+01 2.155091e-04 9.999999e-01 3.011392e-04 -2.455010e+00 1.128324e-02 -3.035500e-04 9.999364e-01 4.177029e+01
9.999286e-01 2.878979e-04 1.194520e-02 3.691138e+01 -2.846864e-04 9.999999e-01 -2.704426e-04 -2.485525e+00 -1.194518e-02 2.670210e-04 9.999286e-01 4.232688e+01
9.999288e-01 -2.377143e-04 -1.193134e-02 3.740573e+01 2.412934e-04 9.999999e-01 2.986518e-04 -2.515761e+00 1.193117e-02 -3.015077e-04 9.999288e-01 4.278759e+01
9.999362e-01 2.981590e-04 1.128659e-02 3.774573e+01 -2.951345e-04 9.999999e-01 -2.695238e-04 -2.541801e+00 -1.128657e-02 2.661739e-04 9.999362e-01 4.328242e+01
9.999517e-01 -2.263247e-04 -9.828416e-03 3.832474e+01 2.287182e-04 9.999999e-01 2.425438e-04 -2.572733e+00 9.828264e-03 -2.447783e-04 9.999517e-01 4.365886e+01
9.998995e-01 3.773185e-04 1.417256e-02 3.877954e+01 -3.724502e-04 9.999999e-01 -3.460448e-04 -2.602859e+00 -1.417259e-02 3.407297e-04 9.998994e-01 4.417516e+01
9.999823e-01 -1.933126e-04 -5.947284e-03 3.910928e+01 1.939467e-04 1.000000e+00 1.062787e-04 -2.628633e+00 5.947166e-03 -1.074285e-04 9.999824e-01 4.468081e+01
9.999175e-01 3.632726e-04 1.283650e-02 3.930889e+01 -3.591406e-04 9.999999e-01 -3.240915e-04 -2.650650e+00 -1.283652e-02 3.194529e-04 9.999175e-01 4.520647e+01
9.999601e-01 -2.343840e-04 -8.932497e-03 3.947161e+01 2.360478e-04 1.000000e+00 1.853599e-04 -2.671085e+00 8.932356e-03 -1.874593e-04 9.999601e-01 4.571207e+01
9.998885e-01 4.037118e-04 1.492443e-02 3.967844e+01 -3.983780e-04 9.999999e-01 -3.602725e-04 -2.694733e+00 -1.492448e-02 3.542851e-04 9.998885e-01 4.629694e+01
9.999603e-01 -1.966944e-04 -8.908901e-03 3.976336e+01 1.986706e-04 1.000000e+00 2.210860e-04 -2.719235e+00 8.908759e-03 -2.228454e-04 9.999604e-01 4.707256e+01
9.998260e-01 4.400381e-04 1.864730e-02 3.996282e+01 -4.312453e-04 9.999998e-01 -4.754802e-04 -2.745558e+00 -1.864741e-02 4.673542e-04 9.998260e-01 4.777812e+01
9.999872e-01 -1.661637e-04 -5.069622e-03 4.015342e+01 1.666336e-04 1.000000e+00 9.254526e-05 -2.770233e+00 5.069509e-03 -9.338715e-05 9.999872e-01 4.842790e+01
9.998870e-01 4.035979e-04 1.502767e-02 4.051924e+01 -3.983234e-04 9.999999e-01 -3.538869e-04 -2.799409e+00 -1.502772e-02 3.478594e-04 9.998870e-01 4.903198e+01
9.999919e-01 -1.510412e-04 -4.027302e-03 4.095904e+01 1.513390e-04 1.000000e+00 7.400172e-05 -2.830953e+00 4.027192e-03 -7.460892e-05 9.999919e-01 4.963829e+01
9.999298e-01 3.680591e-04 1.184257e-02 4.113358e+01 -3.648392e-04 9.999999e-01 -2.739333e-04 -2.856037e+00 -1.184257e-02 2.695918e-04 9.999298e-01 5.032989e+01
9.999651e-01 -2.296597e-04 -8.351544e-03 4.139119e+01 2.310806e-04 1.000000e+00 1.693485e-04 -2.880146e+00 8.351405e-03 -1.712708e-04 9.999652e-01 5.086453e+01
9.998416e-01 4.142803e-04 1.778826e-02 4.199763e+01 -4.062192e-04 9.999998e-01 -4.566976e-04 -2.910653e+00 -1.778835e-02 4.493977e-04 9.998416e-01 5.119080e+01
9.999991e-01 -8.937026e-05 1.349636e-03 4.248750e+01 8.951914e-05 1.000000e+00 -1.113531e-04 -2.938319e+00 -1.349725e-03 1.114755e-04 9.999991e-01 5.156863e+01
9.996986e-01 5.282188e-04 2.454300e-02 4.274895e+01 -5.116106e-04 9.999996e-01 -6.829149e-04 -2.960407e+00 -2.454325e-02 6.701510e-04 9.996985e-01 5.202571e+01
9.999722e-01 -2.003363e-04 -7.454172e-03 4.316220e+01 2.016633e-04 1.000000e+00 1.774797e-04 -2.986644e+00 7.454036e-03 -1.789764e-04 9.999723e-01 5.244566e+01
9.998963e-01 3.876662e-04 1.439445e-02 4.370774e+01 -3.826063e-04 9.999999e-01 -3.541671e-04 -3.019003e+00 -1.439449e-02 3.486213e-04 9.998963e-01 5.293632e+01
9.999978e-01 -1.371237e-04 -2.096270e-03 4.423017e+01 1.371614e-04 1.000000e+00 1.857270e-05 -3.050832e+00 2.096167e-03 -1.885852e-05 9.999979e-01 5.344116e+01
9.998793e-01 4.196454e-04 1.553059e-02 4.460214e+01 -4.137536e-04 9.999998e-01 -3.824742e-04 -3.079693e+00 -1.553065e-02 3.760005e-04 9.998793e-01 5.402611e+01
9.999926e-01 -1.637673e-04 -3.855241e-03 4.491946e+01 1.640223e-04 1.000000e+00 6.623606e-05 -3.107846e+00 3.855131e-03 -6.686626e-05 9.999926e-01 5.465289e+01
9.999171e-01 3.754031e-04 1.286601e-02 4.521716e+01 -3.714170e-04 9.999999e-01 -3.120793e-04 -3.134767e+00 -1.286602e-02 3.072732e-04 9.999171e-01 5.525155e+01
9.999930e-01 -1.633286e-04 -3.742893e-03 4.549234e+01 1.635341e-04 1.000000e+00 5.505465e-05 -3.160672e+00 3.742784e-03 -5.566470e-05 9.999930e-01 5.584236e+01
9.999760e-01 3.136099e-04 6.916764e-03 4.569657e+01 -3.127678e-04 9.999999e-01 -1.225907e-04 -3.185848e+00 -6.916702e-03 1.204228e-04 9.999760e-01 5.649257e+01
9.999649e-01 -2.644799e-04 -8.380587e-03 4.597106e+01 2.656441e-04 1.000000e+00 1.380065e-04 -3.207894e+00 8.380450e-03 -1.402263e-04 9.999649e-01 5.690618e+01
9.999304e-01 3.670832e-04 1.178583e-02 4.638047e+01 -3.638511e-04 9.999999e-01 -2.762462e-04 -3.231573e+00 -1.178583e-02 2.719371e-04 9.999305e-01 5.720919e+01
9.999825e-01 -2.313048e-04 -5.916685e-03 4.667960e+01 2.316789e-04 1.000000e+00 6.281885e-05 -3.252940e+00 5.916570e-03 -6.418688e-05 9.999825e-01 5.757226e+01
9.999293e-01 3.676279e-04 1.188405e-02 4.700914e+01 -3.642325e-04 9.999999e-01 -2.877407e-04 -3.274472e+00 -1.188405e-02 2.833902e-04 9.999293e-01 5.789533e+01
9.999486e-01 -2.899043e-04 -1.013728e-02 4.758692e+01 2.918535e-04 9.999999e-01 1.909651e-04 -3.300992e+00 1.013713e-02 -1.939123e-04 9.999486e-01 5.808345e+01
9.999471e-01 3.533646e-04 1.027221e-02 4.814154e+01 -3.513154e-04 9.999999e-01 -2.011319e-04 -3.329819e+00 -1.027218e-02 1.975109e-04 9.999472e-01 5.839997e+01
9.999357e-01 -3.333915e-04 -1.133978e-02 4.879113e+01 3.359855e-04 9.999999e-01 2.269949e-04 -3.360546e+00 1.133960e-02 -2.307887e-04 9.999357e-01 5.866402e+01
9.999411e-01 3.453615e-04 1.084486e-02 4.963630e+01 -3.432833e-04 9.999999e-01 -1.933451e-04 -3.396840e+00 -1.084483e-02 1.896093e-04 9.999411e-01 5.889410e+01
9.999636e-01 -2.764380e-04 -8.533207e-03 5.049992e+01 2.779077e-04 9.999999e-01 1.712399e-04 -3.436094e+00 8.533060e-03 -1.736035e-04 9.999636e-01 5.922922e+01
9.999396e-01 3.362287e-04 1.097867e-02 5.150064e+01 -3.337531e-04 9.999999e-01 -2.271786e-04 -3.475127e+00 -1.097864e-02 2.234991e-04 9.999397e-01 5.935868e+01
9.999918e-01 -2.009793e-04 -4.066787e-03 5.244378e+01 2.010501e-04 1.000000e+00 1.739121e-05 -3.511544e+00 4.066684e-03 -1.820707e-05 9.999918e-01 5.946035e+01
9.999041e-01 3.869921e-04 1.384308e-02 5.345983e+01 -3.829160e-04 9.999999e-01 -2.969781e-04 -3.550575e+00 -1.384310e-02 2.916473e-04 9.999041e-01 5.957638e+01
9.999290e-01 -3.400304e-04 -1.191788e-02 5.447330e+01 3.429792e-04 9.999999e-01 2.455289e-04 -3.588274e+00 1.191770e-02 -2.495974e-04 9.999290e-01 5.963353e+01
9.999194e-01 3.658743e-04 1.268459e-02 5.538273e+01 -3.624173e-04 9.999999e-01 -2.747002e-04 -3.623332e+00 -1.268459e-02 2.700794e-04 9.999195e-01 5.972211e+01
9.999573e-01 -2.780422e-04 -9.239591e-03 5.616588e+01 2.796115e-04 9.999999e-01 1.687401e-04 -3.657542e+00 9.239443e-03 -1.713148e-04 9.999573e-01 5.995068e+01
9.999520e-01 2.963116e-04 9.783506e-03 5.713211e+01 -2.946379e-04 9.999999e-01 -1.723413e-04 -3.695079e+00 -9.783456e-03 1.694489e-04 9.999521e-01 6.006221e+01
9.999633e-01 -2.527771e-04 -8.566440e-03 5.791174e+01 2.538262e-04 1.000000e+00 1.215859e-04 -3.727093e+00 8.566309e-03 -1.237542e-04 9.999633e-01 6.019770e+01
9.999338e-01 3.336735e-04 1.149868e-02 5.846591e+01 -3.306814e-04 9.999999e-01 -2.619687e-04 -3.752297e+00 -1.149866e-02 2.581473e-04 9.999338e-01 6.036601e+01
9.999901e-01 -2.022198e-04 -4.455005e-03 5.906494e+01 2.022546e-04 1.000000e+00 7.751177e-06 -3.778225e+00 4.454903e-03 -8.650532e-06 9.999901e-01 6.050742e+01
9.999536e-01 3.159128e-04 9.618365e-03 5.970140e+01 -3.141282e-04 9.999999e-01 -1.868672e-04 -3.807076e+00 -9.618323e-03 1.838356e-04 9.999537e-01 6.071382e+01
9.999985e-01 -1.548898e-04 -1.754077e-03 6.032426e+01 1.548031e-04 1.000000e+00 -4.855731e-05 -3.837921e+00 1.753985e-03 4.828730e-05 9.999985e-01 6.102735e+01
9.999366e-01 3.652658e-04 1.124618e-02 6.135028e+01 -3.639949e-04 9.999999e-01 -1.149024e-04 -3.885536e+00 -1.124612e-02 1.108000e-04 9.999367e-01 6.149452e+01
9.999329e-01 -3.915129e-04 -1.158291e-02 6.211134e+01 3.938865e-04 9.999999e-01 2.027930e-04 -3.922122e+00 1.158273e-02 -2.073402e-04 9.999329e-01 6.186941e+01
9.999476e-01 3.923327e-04 1.022860e-02 6.240324e+01 -3.904312e-04 9.999999e-01 -1.877304e-04 -3.944694e+00 -1.022858e-02 1.837255e-04 9.999476e-01 6.228509e+01
9.999892e-01 -1.252551e-04 4.661208e-03 6.280376e+01 1.263483e-04 1.000000e+00 -2.346053e-04 -3.973144e+00 -4.661278e-03 2.351933e-04 9.999892e-01 6.280659e+01
9.998752e-01 4.559259e-04 1.578941e-02 6.329489e+01 -4.500507e-04 9.999998e-01 -3.755409e-04 -4.000936e+00 -1.578948e-02 3.683864e-04 9.998752e-01 6.318390e+01
9.999934e-01 -1.981561e-04 -3.629584e-03 6.373034e+01 1.983506e-04 1.000000e+00 5.371588e-05 -4.031275e+00 3.629473e-03 -5.443389e-05 9.999935e-01 6.373678e+01
9.999871e-01 2.855868e-04 5.063532e-03 6.419360e+01 -2.850243e-04 1.000000e+00 -1.114560e-04 -4.058035e+00 -5.063464e-03 1.100097e-04 9.999871e-01 6.409016e+01
9.999989e-01 -1.562418e-04 1.496859e-03 6.477068e+01 1.563929e-04 1.000000e+00 -1.020234e-04 -4.086538e+00 -1.496942e-03 1.022589e-04 9.999989e-01 6.436391e+01
9.998863e-01 4.390314e-04 1.506670e-02 6.530377e+01 -4.331930e-04 9.999998e-01 -3.906461e-04 -4.114942e+00 -1.506677e-02 3.840733e-04 9.998864e-01 6.470994e+01
9.999990e-01 -1.257466e-04 1.467337e-03 6.569006e+01 1.258378e-04 1.000000e+00 -6.329571e-05 -4.144348e+00 -1.467428e-03 6.348184e-05 9.999990e-01 6.529136e+01
9.998878e-01 4.126602e-04 1.496887e-02 6.633560e+01 -4.066130e-04 9.999998e-01 -4.069064e-04 -4.177440e+00 -1.496893e-02 4.007727e-04 9.998878e-01 6.567427e+01
9.999780e-01 -4.405221e-05 6.643592e-03 6.697984e+01 4.546892e-05 1.000000e+00 -2.133721e-04 -4.209000e+00 -6.643681e-03 2.136710e-04 9.999779e-01 6.600182e+01
9.999830e-01 3.117389e-04 5.816498e-03 6.744988e+01 -3.110847e-04 9.999999e-01 -1.130617e-04 -4.240493e+00 -5.816435e-03 1.112489e-04 9.999830e-01 6.655875e+01
9.999522e-01 1.612804e-05 9.783839e-03 6.781013e+01 -1.338848e-05 1.000000e+00 -2.802635e-04 -4.272382e+00 -9.783941e-03 2.801206e-04 9.999521e-01 6.728387e+01
9.999992e-01 2.136092e-04 1.191942e-03 6.856568e+01 -2.136236e-04 1.000000e+00 1.349837e-05 -4.310562e+00 -1.191841e-03 -1.375447e-05 9.999993e-01 6.772865e+01
9.999980e-01 -1.354149e-04 2.027848e-03 6.959268e+01 1.355789e-04 1.000000e+00 -8.165639e-05 -4.350390e+00 -2.027934e-03 8.193264e-05 9.999980e-01 6.785809e+01
9.999997e-01 1.690419e-04 -6.627889e-04 7.047139e+01 -1.690035e-04 1.000000e+00 5.520252e-05 -4.387084e+00 6.628957e-04 -5.509196e-05 9.999997e-01 6.806183e+01
9.999884e-01 -5.092655e-05 4.837895e-03 7.122450e+01 5.167796e-05 1.000000e+00 -1.555799e-04 -4.422464e+00 -4.837984e-03 1.558295e-04 9.999883e-01 6.838444e+01
9.999900e-01 7.940523e-05 -4.462837e-03 7.198376e+01 -7.879711e-05 1.000000e+00 1.360133e-04 -4.454988e+00 4.462945e-03 -1.356617e-04 9.999900e-01 6.857143e+01
9.999929e-01 -6.032327e-05 3.776500e-03 7.261706e+01 6.083757e-05 1.000000e+00 -1.365663e-04 -4.484181e+00 -3.776589e-03 1.367966e-04 9.999929e-01 6.879006e+01
9.999684e-01 2.801764e-04 7.938566e-03 7.331296e+01 -2.786243e-04 9.999999e-01 -1.963848e-04 -4.517603e+00 -7.938524e-03 1.941653e-04 9.999684e-01 6.911451e+01
9.999925e-01 -2.124736e-05 3.883415e-03 7.385983e+01 2.165350e-05 1.000000e+00 -1.050304e-04 -4.550678e+00 -3.883510e-03 1.051151e-04 9.999925e-01 6.963389e+01
9.999969e-01 1.712672e-04 2.440717e-03 7.435420e+01 -1.710835e-04 1.000000e+00 -7.468669e-05 -4.579854e+00 -2.440633e-03 7.426746e-05 9.999970e-01 7.004968e+01
9.999975e-01 -1.590279e-04 -2.254748e-03 7.514024e+01 1.591604e-04 1.000000e+00 5.946869e-05 -4.612238e+00 2.254642e-03 -5.982596e-05 9.999975e-01 7.019120e+01
9.999879e-01 1.951438e-04 4.912050e-03 7.634924e+01 -1.946772e-04 1.000000e+00 -9.508817e-05 -4.655295e+00 -4.911972e-03 9.412932e-05 9.999879e-01 7.020771e+01
1.000000e+00 -6.802494e-05 -3.715810e-05 7.725509e+01 6.802246e-05 1.000000e+00 -1.540006e-05 -4.694307e+00 3.706273e-05 1.539897e-05 1.000000e+00 7.047510e+01
9.999833e-01 2.023484e-04 5.759477e-03 7.803255e+01 -2.015153e-04 1.000000e+00 -1.448922e-04 -4.729710e+00 -5.759410e-03 1.437277e-04 9.999834e-01 7.076352e+01
9.999966e-01 -1.273606e-04 -2.623617e-03 7.905906e+01 1.275655e-04 1.000000e+00 7.867331e-05 -4.769573e+00 2.623511e-03 -7.900629e-05 9.999966e-01 7.089523e+01
9.999914e-01 1.622105e-04 4.123293e-03 7.998128e+01 -1.617697e-04 1.000000e+00 -1.067588e-04 -4.806995e+00 -4.123214e-03 1.060895e-04 9.999915e-01 7.106638e+01
9.999990e-01 -7.256265e-05 -1.480856e-03 8.074241e+01 7.265752e-05 1.000000e+00 6.530582e-05 -4.842848e+00 1.480755e-03 -6.541193e-05 9.999989e-01 7.139882e+01
9.999866e-01 1.895876e-04 5.169594e-03 8.140955e+01 -1.888917e-04 1.000000e+00 -1.347364e-04 -4.877424e+00 -5.169523e-03 1.337567e-04 9.999866e-01 7.180559e+01
9.999953e-01 -1.151672e-04 -3.095457e-03 8.216474e+01 1.155387e-04 1.000000e+00 1.204551e-04 -4.913644e+00 3.095347e-03 -1.208108e-04 9.999952e-01 7.216204e+01
9.999889e-01 1.988376e-04 4.701209e-03 8.274807e+01 -1.983711e-04 1.000000e+00 -9.930202e-05 -4.948574e+00 -4.701133e-03 9.836695e-05 9.999889e-01 7.270370e+01
9.999992e-01 -7.483653e-05 -1.291593e-03 8.341130e+01 7.492279e-05 1.000000e+00 6.821088e-05 -4.985757e+00 1.291492e-03 -6.830620e-05 9.999992e-01 7.323012e+01
9.999809e-01 2.040495e-04 6.164022e-03 8.423262e+01 -2.031322e-04 1.000000e+00 -1.491358e-04 -5.025220e+00 -6.163957e-03 1.478794e-04 9.999810e-01 7.363584e+01
9.999619e-01 -1.562346e-04 -8.737529e-03 8.452029e+01 1.586398e-04 9.999999e-01 2.747931e-04 -5.054130e+00 8.737390e-03 -2.761674e-04 9.999618e-01 7.432936e+01
9.999702e-01 1.878324e-04 7.703905e-03 8.483824e+01 -1.863716e-04 1.000000e+00 -1.900925e-04 -5.082706e+00 -7.703845e-03 1.886497e-04 9.999703e-01 7.497198e+01
9.999978e-01 2.567111e-05 2.151281e-03 8.531506e+01 -2.551047e-05 1.000000e+00 -7.556991e-05 -5.112864e+00 -2.151378e-03 7.551622e-05 9.999977e-01 7.546142e+01
9.999966e-01 1.514559e-04 2.578854e-03 8.566868e+01 -1.514466e-04 1.000000e+00 -3.057061e-06 -5.143736e+00 -2.578759e-03 2.665143e-06 9.999966e-01 7.615201e+01
9.999866e-01 4.493346e-05 5.180721e-03 8.614577e+01 -4.396988e-05 1.000000e+00 -1.864692e-04 -5.175384e+00 -5.180824e-03 1.862402e-04 9.999866e-01 7.670991e+01
9.999960e-01 1.368099e-04 2.817122e-03 8.663910e+01 -1.367278e-04 1.000000e+00 -2.865602e-05 -5.205495e+00 -2.817031e-03 2.826940e-05 9.999960e-01 7.717523e+01
9.999914e-01 -1.040938e-04 -4.173786e-03 8.701804e+01 1.044647e-04 1.000000e+00 8.909420e-05 -5.232633e+00 4.173682e-03 -8.952810e-05 9.999913e-01 7.766452e+01
9.999938e-01 1.680141e-04 3.499939e-03 8.702170e+01 -1.677292e-04 1.000000e+00 -8.118396e-05 -5.250835e+00 -3.499857e-03 8.059510e-05 9.999938e-01 7.827820e+01
9.999925e-01 6.256714e-05 3.880169e-03 8.707791e+01 -6.224378e-05 1.000000e+00 -8.393757e-05 -5.275460e+00 -3.880269e-03 8.369674e-05 9.999925e-01 7.909805e+01
9.999676e-01 4.130344e-05 -8.044813e-03 8.709617e+01 -3.966128e-05 1.000000e+00 2.040528e-04 -5.296042e+00 8.044916e-03 -2.037284e-04 9.999676e-01 7.978894e+01
9.999859e-01 7.353393e-05 5.318429e-03 8.705636e+01 -7.288069e-05 1.000000e+00 -1.233641e-04 -5.314962e+00 -5.318533e-03 1.229760e-04 9.999859e-01 8.049515e+01
9.999484e-01 -2.857401e-06 -1.014763e-02 8.690369e+01 5.048796e-06 1.000000e+00 2.157436e-04 -5.327095e+00 1.014772e-02 -2.157850e-04 9.999485e-01 8.101688e+01
9.999996e-01 8.305176e-05 -9.984432e-04 8.694578e+01 -8.304312e-05 1.000000e+00 1.051568e-05 -5.342047e+00 9.983488e-04 -1.043146e-05 9.999995e-01 8.143758e+01
9.999785e-01 -1.919909e-05 -6.542486e-03 8.704245e+01 2.035097e-05 1.000000e+00 1.757198e-04 -5.363142e+00 6.542578e-03 -1.758505e-04 9.999785e-01 8.204873e+01
9.999996e-01 4.683469e-05 -1.003823e-03 8.726408e+01 -4.683703e-05 1.000000e+00 -5.379738e-07 -5.384825e+00 1.003727e-03 5.862865e-07 9.999995e-01 8.252123e+01
9.999910e-01 -1.986175e-05 -4.215964e-03 8.739729e+01 2.023000e-05 1.000000e+00 8.688273e-05 -5.402622e+00 4.216058e-03 -8.696855e-05 9.999911e-01 8.294258e+01
1.000000e+00 7.428820e-05 -3.520962e-05 8.746463e+01 -7.428912e-05 1.000000e+00 2.389941e-05 -5.423625e+00 3.511534e-05 -2.389550e-05 1.000000e+00 8.358769e+01
9.999719e-01 -4.554600e-05 -7.483044e-03 8.769545e+01 4.677877e-05 1.000000e+00 1.643329e-04 -5.446272e+00 7.483133e-03 -1.646797e-04 9.999720e-01 8.408846e+01
9.999953e-01 4.868279e-05 -3.078787e-03 8.813413e+01 -4.840543e-05 1.000000e+00 9.072479e-05 -5.470227e+00 3.078695e-03 -9.057403e-05 9.999953e-01 8.436372e+01
9.999485e-01 -7.561799e-06 -1.014416e-02 8.850588e+01 9.621796e-06 1.000000e+00 2.028547e-04 -5.491344e+00 1.014425e-02 -2.029431e-04 9.999485e-01 8.462281e+01
9.999999e-01 3.239007e-06 -4.936778e-04 8.901723e+01 -3.248076e-06 1.000000e+00 -1.496833e-05 -5.511694e+00 4.935806e-04 1.497122e-05 9.999999e-01 8.465999e+01
9.999843e-01 -3.576307e-05 -5.592417e-03 8.954382e+01 3.620221e-05 1.000000e+00 7.812260e-05 -5.532208e+00 5.592512e-03 -7.832513e-05 9.999843e-01 8.466883e+01
9.999989e-01 2.963665e-05 1.494190e-03 9.000939e+01 -2.956805e-05 1.000000e+00 -4.704831e-05 -5.553330e+00 -1.494289e-03 4.700538e-05 9.999989e-01 8.478625e+01
9.999894e-01 -1.770394e-05 -4.583128e-03 9.045125e+01 1.824751e-05 1.000000e+00 1.181966e-04 -5.579151e+00 4.583224e-03 -1.182802e-04 9.999895e-01 8.512719e+01
9.999992e-01 -9.866593e-06 1.341478e-03 9.108270e+01 9.913020e-06 1.000000e+00 -3.583765e-05 -5.608473e+00 -1.341575e-03 3.585222e-05 9.999991e-01 8.535500e+01
9.999860e-01 -4.044347e-05 -5.286829e-03 9.178997e+01 4.117993e-05 1.000000e+00 1.388783e-04 -5.639108e+00 5.286921e-03 -1.390954e-04 9.999860e-01 8.553123e+01
1.000000e+00 -3.830608e-05 3.387247e-04 9.257743e+01 3.830563e-05 1.000000e+00 -3.517491e-06 -5.671562e+00 -3.388223e-04 3.531775e-06 1.000000e+00 8.567519e+01
9.999986e-01 1.964607e-05 -1.642937e-03 9.337334e+01 -1.954498e-05 1.000000e+00 6.054520e-05 -5.706130e+00 1.643036e-03 -6.051431e-05 9.999986e-01 8.590343e+01
9.999998e-01 -7.003417e-05 6.614099e-04 9.447048e+01 7.001727e-05 1.000000e+00 2.308459e-05 -5.748493e+00 -6.615092e-04 -2.303697e-05 9.999998e-01 8.604904e+01
9.999996e-01 3.057987e-05 -7.803851e-04 9.566029e+01 -3.053520e-05 1.000000e+00 5.514103e-05 -5.794309e+00 7.804845e-04 -5.511848e-05 9.999997e-01 8.621566e+01
9.999943e-01 -4.013965e-06 3.405274e-03 9.725428e+01 3.928348e-06 1.000000e+00 2.466739e-05 -5.853195e+00 -3.405372e-03 -2.465256e-05 9.999942e-01 8.638795e+01
9.999953e-01 -5.130502e-05 -3.048682e-03 9.879863e+01 5.162785e-05 1.000000e+00 1.052751e-04 -5.909550e+00 3.048774e-03 -1.054333e-04 9.999953e-01 8.651529e+01
9.999986e-01 -5.006340e-05 1.705737e-03 9.993685e+01 5.005958e-05 1.000000e+00 1.325855e-06 -5.952451e+00 -1.705834e-03 -1.239162e-06 9.999986e-01 8.663234e+01
9.999610e-01 -6.228400e-05 -8.829520e-03 1.004914e+02 6.366048e-05 1.000000e+00 1.554282e-04 -5.979046e+00 8.829608e-03 -1.559855e-04 9.999610e-01 8.684490e+01
9.999828e-01 -1.156608e-04 5.878923e-03 1.018340e+02 1.153957e-04 1.000000e+00 4.515172e-05 -6.029564e+00 -5.879026e-03 -4.447122e-05 9.999828e-01 8.702090e+01
9.999918e-01 4.875807e-05 -4.041041e-03 1.039028e+02 -4.811286e-05 1.000000e+00 1.593556e-04 -6.101674e+00 4.041147e-03 -1.591611e-04 9.999918e-01 8.712369e+01
9.999813e-01 -3.535273e-05 6.118346e-03 1.049707e+02 3.640685e-05 1.000000e+00 -1.724415e-04 -6.141644e+00 -6.118437e-03 1.726623e-04 9.999813e-01 8.722981e+01
9.999858e-01 1.146505e-05 -5.325899e-03 1.058543e+02 -1.062841e-05 1.000000e+00 1.568084e-04 -6.175260e+00 5.325999e-03 -1.567508e-04 9.999858e-01 8.732428e+01
9.999828e-01 -1.175894e-04 5.867388e-03 1.074945e+02 1.176449e-04 1.000000e+00 -9.387573e-06 -6.232305e+00 -5.867485e-03 1.007899e-05 9.999828e-01 8.738676e+01
9.999738e-01 -1.034102e-04 -7.235982e-03 1.095352e+02 1.056298e-04 9.999999e-01 3.061373e-04 -6.302350e+00 7.236048e-03 -3.068949e-04 9.999737e-01 8.746406e+01
9.999826e-01 -1.359269e-04 5.902484e-03 1.116484e+02 1.359036e-04 1.000000e+00 4.081758e-06 -6.374342e+00 -5.902583e-03 -3.278207e-06 9.999826e-01 8.753310e+01
9.999712e-01 -1.459608e-04 -7.578708e-03 1.138290e+02 1.484214e-04 9.999999e-01 3.239025e-04 -6.446628e+00 7.578759e-03 -3.250193e-04 9.999712e-01 8.753344e+01
9.999879e-01 -1.691610e-04 4.918418e-03 1.158540e+02 1.692836e-04 1.000000e+00 -2.485125e-05 -6.513659e+00 -4.918511e-03 2.568487e-05 9.999879e-01 8.752069e+01
9.999626e-01 -1.753598e-04 -8.641246e-03 1.179370e+02 1.784866e-04 9.999999e-01 3.608878e-04 -6.583766e+00 8.641280e-03 -3.624180e-04 9.999626e-01 8.755129e+01
9.999863e-01 -1.867284e-04 5.234109e-03 1.204083e+02 1.864031e-04 1.000000e+00 6.231926e-05 -6.666607e+00 -5.234219e-03 -6.134142e-05 9.999863e-01 8.759447e+01
9.999709e-01 -1.251499e-04 -7.623567e-03 1.227848e+02 1.276881e-04 9.999999e-01 3.322442e-04 -6.746905e+00 7.623623e-03 -3.332093e-04 9.999708e-01 8.766378e+01
9.999913e-01 -1.646097e-04 4.172435e-03 1.245947e+02 1.647293e-04 1.000000e+00 -2.870683e-05 -6.812422e+00 -4.172529e-03 2.939524e-05 9.999913e-01 8.787394e+01
9.999736e-01 -1.091021e-04 -7.256153e-03 1.264678e+02 1.115752e-04 9.999999e-01 3.402025e-04 -6.879815e+00 7.256214e-03 -3.410045e-04 9.999736e-01 8.807890e+01
9.999792e-01 -1.269979e-04 6.453020e-03 1.289887e+02 1.267070e-04 1.000000e+00 4.523071e-05 -6.966063e+00 -6.453124e-03 -4.441079e-05 9.999792e-01 8.819108e+01
9.999628e-01 -1.570797e-04 -8.616129e-03 1.316144e+02 1.605926e-04 9.999999e-01 4.068268e-04 -7.056221e+00 8.616163e-03 -4.081967e-04 9.999628e-01 8.831848e+01
9.999845e-01 -1.865470e-04 5.580678e-03 1.343726e+02 1.860544e-04 1.000000e+00 8.849646e-05 -7.149445e+00 -5.580792e-03 -8.745544e-05 9.999845e-01 8.839745e+01
9.999705e-01 -1.181897e-04 -7.677231e-03 1.369430e+02 1.207726e-04 9.999999e-01 3.357532e-04 -7.235432e+00 7.677289e-03 -3.366718e-04 9.999704e-01 8.842982e+01
9.999896e-01 -1.858179e-04 4.572116e-03 1.390826e+02 1.857333e-04 1.000000e+00 1.858882e-05 -7.308338e+00 -4.572218e-03 -1.773809e-05 9.999896e-01 8.849282e+01
9.999465e-01 -1.619777e-04 -1.033410e-02 1.409219e+02 1.652619e-04 9.999999e-01 3.167966e-04 -7.373231e+00 1.033415e-02 -3.184888e-04 9.999465e-01 8.860325e+01
9.999817e-01 -1.765739e-04 6.059708e-03 1.429414e+02 1.764152e-04 1.000000e+00 2.645083e-05 -7.443852e+00 -6.059812e-03 -2.537997e-05 9.999817e-01 8.873535e+01
9.999791e-01 -1.801151e-05 -6.455435e-03 1.451970e+02 1.988277e-05 1.000000e+00 2.895587e-04 -7.521168e+00 6.455528e-03 -2.896824e-04 9.999791e-01 8.882693e+01
9.999960e-01 -2.728683e-04 2.846415e-03 1.470809e+02 2.727938e-04 1.000000e+00 2.599086e-05 -7.588034e+00 -2.846521e-03 -2.521291e-05 9.999960e-01 8.898126e+01
9.999743e-01 -7.694522e-05 -7.158198e-03 1.491724e+02 7.932833e-05 9.999999e-01 3.324109e-04 -7.660249e+00 7.158271e-03 -3.329716e-04 9.999743e-01 8.908480e+01
9.999854e-01 -1.789635e-04 5.408833e-03 1.513629e+02 1.789422e-04 1.000000e+00 4.135389e-06 -7.734791e+00 -5.408933e-03 -3.166105e-06 9.999854e-01 8.915261e+01
9.999696e-01 -1.296656e-04 -7.793076e-03 1.538118e+02 1.327742e-04 9.999999e-01 3.981683e-04 -7.816249e+00 7.793123e-03 -3.991923e-04 9.999695e-01 8.916261e+01
9.999855e-01 -1.790488e-04 5.392973e-03 1.562614e+02 1.790158e-04 1.000000e+00 6.307385e-06 -7.898491e+00 -5.393073e-03 -5.340511e-06 9.999855e-01 8.920420e+01
9.999673e-01 -1.073845e-04 -8.074623e-03 1.584588e+02 1.103213e-04 9.999999e-01 3.630642e-04 -7.974582e+00 8.074682e-03 -3.639445e-04 9.999673e-01 8.932928e+01
9.999864e-01 -2.023710e-04 5.217700e-03 1.607986e+02 2.021859e-04 1.000000e+00 3.570910e-05 -8.054984e+00 -5.217807e-03 -3.465231e-05 9.999864e-01 8.944360e+01
9.999693e-01 -9.763019e-05 -7.822872e-03 1.631598e+02 1.005102e-04 9.999999e-01 3.675559e-04 -8.135929e+00 7.822934e-03 -3.683323e-04 9.999693e-01 8.955263e+01
9.999904e-01 -1.809357e-04 4.401420e-03 1.648875e+02 1.813195e-04 1.000000e+00 -8.714521e-05 -8.198630e+00 -4.401503e-03 8.794379e-05 9.999904e-01 8.975113e+01
9.999722e-01 -1.262803e-05 -7.450617e-03 1.661452e+02 1.472342e-05 1.000000e+00 2.809687e-04 -8.248350e+00 7.450712e-03 -2.810719e-04 9.999722e-01 9.003480e+01
9.999923e-01 -2.591702e-04 3.924520e-03 1.678509e+02 2.592155e-04 1.000000e+00 -1.142072e-05 -8.309425e+00 -3.924616e-03 1.243930e-05 9.999923e-01 9.018797e+01
9.999781e-01 -4.990779e-06 -6.604123e-03 1.696424e+02 6.864101e-06 1.000000e+00 2.833956e-04 -8.372065e+00 6.604221e-03 -2.834361e-04 9.999781e-01 9.029800e+01
9.999934e-01 -2.681872e-04 3.651327e-03 1.714482e+02 2.682078e-04 1.000000e+00 -5.595518e-06 -8.434834e+00 -3.651424e-03 6.576174e-06 9.999934e-01 9.039102e+01
9.999776e-01 4.003721e-06 -6.681269e-03 1.729578e+02 -2.582834e-06 1.000000e+00 2.124376e-04 -8.487632e+00 6.681369e-03 -2.124170e-04 9.999776e-01 9.047071e+01
9.999937e-01 -2.707459e-04 3.550886e-03 1.744821e+02 2.707594e-04 1.000000e+00 -3.753070e-06 -8.540689e+00 -3.550984e-03 4.715875e-06 9.999937e-01 9.053969e+01
9.999761e-01 -2.774914e-05 -6.906757e-03 1.762722e+02 2.966755e-05 1.000000e+00 2.774249e-04 -8.602136e+00 6.906848e-03 -2.776246e-04 9.999761e-01 9.060336e+01
9.999952e-01 -2.926725e-04 3.115242e-03 1.780758e+02 2.926918e-04 1.000000e+00 -6.239451e-06 -8.663066e+00 -3.115340e-03 7.152633e-06 9.999952e-01 9.062290e+01
9.999659e-01 -6.571091e-05 -8.245485e-03 1.799438e+02 6.828919e-05 9.999999e-01 3.122134e-04 -8.725368e+00 8.245564e-03 -3.127673e-04 9.999659e-01 9.059142e+01
9.999942e-01 -2.580785e-04 3.413885e-03 1.815753e+02 2.583187e-04 1.000000e+00 -7.039418e-05 -8.780053e+00 -3.413966e-03 7.127706e-05 9.999942e-01 9.055465e+01
9.999731e-01 -5.048815e-05 -7.332896e-03 1.832727e+02 5.284616e-05 9.999999e-01 3.211542e-04 -8.837748e+00 7.332978e-03 -3.215345e-04 9.999730e-01 9.057531e+01
