9.995469e-01 5.003013e-04 3.009424e-02 3.076632e-01 -4.732734e-04 9.999995e-01 -9.052250e-04 -2.420392e-02 -3.009468e-02 8.905717e-04 9.995468e-01 4.780374e-01
9.999977e-01 3.968611e-05 2.128818e-03 5.618938e-01 -3.957323e-05 1.000000e+00 -5.306040e-05 -4.851059e-02 -2.128814e-03 5.297633e-05 9.999976e-01 1.028922e+00
9.995714e-01 4.889139e-04 2.926937e-02 7.295557e-01 -4.630899e-04 9.999995e-01 -8.890591e-04 -6.976400e-02 -2.926980e-02 8.751235e-04 9.995713e-01 1.564210e+00
9.999669e-01 1.054140e-04 8.137395e-03 9.656163e-01 -1.034671e-04 1.000000e+00 -2.396683e-04 -9.146267e-02 -8.137407e-03 2.388185e-04 9.999668e-01 2.034803e+00
9.994273e-01 5.547185e-04 3.383373e-02 1.174204e+00 -5.201415e-04 9.999993e-01 -1.030760e-03 -1.120094e-01 -3.383430e-02 1.012572e-03 9.994270e-01 2.494717e+00
9.998757e-01 2.076092e-04 1.576627e-02 1.304154e+00 -2.000305e-04 9.999999e-01 -4.822658e-04 -1.269007e-01 -1.576634e-02 4.790520e-04 9.998755e-01 2.818858e+00
9.995478e-01 5.314222e-04 3.006465e-02 1.499380e+00 -5.045167e-04 9.999995e-01 -9.025005e-04 -1.452686e-01 -3.006514e-02 8.869245e-04 9.995476e-01 3.211480e+00
9.999058e-01 1.555366e-04 1.372106e-02 1.648554e+00 -1.497768e-04 9.999999e-01 -4.208024e-04 -1.645504e-01 -1.372109e-02 4.187072e-04 9.999057e-01 3.698563e+00
9.996122e-01 5.243717e-04 2.784287e-02 1.800261e+00 -5.018890e-04 9.999995e-01 -8.144722e-04 -1.859109e-01 -2.784332e-02 8.001828e-04 9.996121e-01 4.265003e+00
9.999427e-01 1.069058e-04 1.070119e-02 1.948863e+00 -1.035717e-04 9.999999e-01 -3.121088e-04 -2.092805e-01 -1.070118e-02 3.109820e-04 9.999426e-01 4.909703e+00
9.993935e-01 6.367221e-04 3.481598e-02 2.112725e+00 -6.004383e-04 9.999993e-01 -1.052607e-03 -2.303345e-01 -3.481666e-02 1.031065e-03 9.993933e-01 5.453761e+00
9.999862e-01 1.770345e-05 5.260896e-03 2.330929e+00 -1.686911e-05 1.000000e+00 -1.585972e-04 -2.508295e-01 -5.260853e-03 1.585055e-04 9.999861e-01 5.905046e+00
9.994773e-01 5.903508e-04 3.232279e-02 2.554532e+00 -5.584885e-04 9.999993e-01 -9.947811e-04 -2.709861e-01 -3.232341e-02 9.762102e-04 9.994771e-01 6.338178e+00
9.999028e-01 1.635025e-04 1.393882e-02 2.723771e+00 -1.579354e-04 9.999999e-01 -4.004742e-04 -2.892045e-01 -1.393883e-02 3.982329e-04 9.999027e-01 6.755616e+00
9.996826e-01 4.994817e-04 2.519041e-02 2.947328e+00 -4.807140e-04 9.999996e-01 -7.510969e-04 -3.123617e-01 -2.519083e-02 7.387501e-04 9.996825e-01 7.303944e+00
9.999991e-01 -4.745840e-05 -1.304204e-03 3.273077e+00 4.759034e-05 1.000000e+00 1.008346e-04 -3.426528e-01 1.304258e-03 -1.008978e-04 9.999991e-01 8.005496e+00
9.994513e-01 5.904889e-04 3.311834e-02 3.508871e+00 -5.565825e-04 9.999993e-01 -1.033016e-03 -3.681105e-01 -3.311899e-02 1.014017e-03 9.994510e-01 8.628727e+00
9.999753e-01 7.990076e-05 7.027033e-03 3.742214e+00 -7.875925e-05 1.000000e+00 -1.626549e-04 -3.903366e-01 -7.026981e-03 1.620962e-04 9.999752e-01 9.130550e+00
9.996296e-01 4.946089e-04 2.721230e-02 3.986080e+00 -4.721918e-04 9.999995e-01 -8.302248e-04 -4.153776e-01 -2.721276e-02 8.170691e-04 9.996294e-01 9.726564e+00
9.999593e-01 8.120850e-05 9.025165e-03 4.212649e+00 -7.875602e-05 1.000000e+00 -2.720299e-04 -4.366366e-01 -9.025118e-03 2.713067e-04 9.999591e-01 1.019801e+01
9.994470e-01 5.841161e-04 3.324812e-02 4.591458e+00 -5.505069e-04 9.999993e-01 -1.020022e-03 -4.560227e-01 -3.324877e-02 1.001156e-03 9.994467e-01 1.038822e+01
9.999979e-01 -5.810776e-05 -2.055704e-03 5.183687e+00 5.828107e-05 1.000000e+00 8.390727e-05 -4.827249e-01 2.055773e-03 -8.402842e-05 9.999978e-01 1.059275e+01
9.998623e-01 3.163042e-04 1.659276e-02 5.904158e+00 -3.078260e-04 9.999998e-01 -5.135457e-04 -5.157043e-01 -1.659299e-02 5.083688e-04 9.998623e-01 1.086969e+01
9.999985e-01 -6.251491e-05 -1.746131e-03 6.615434e+00 6.262187e-05 1.000000e+00 6.077236e-05 -5.471342e-01 1.746204e-03 -6.088317e-05 9.999984e-01 1.109871e+01
9.998910e-01 2.924702e-04 1.476088e-02 7.308170e+00 -2.856576e-04 9.999999e-01 -4.636869e-04 -5.775528e-01 -1.476109e-02 4.594214e-04 9.998910e-01 1.131278e+01
9.999963e-01 -6.839178e-05 -2.723460e-03 7.961083e+00 6.867085e-05 1.000000e+00 1.020845e-04 -6.081671e-01 2.723531e-03 -1.022727e-04 9.999962e-01 1.158915e+01
9.998984e-01 2.803199e-04 1.425191e-02 8.599104e+00 -2.736588e-04 9.999999e-01 -4.693853e-04 -6.373687e-01 -1.425212e-02 4.654390e-04 9.998984e-01 1.182709e+01
9.999896e-01 4.204072e-05 4.549323e-03 9.301771e+00 -4.155070e-05 1.000000e+00 -1.076257e-04 -6.670692e-01 -4.549248e-03 1.074339e-04 9.999896e-01 1.200076e+01
9.999044e-01 2.777347e-04 1.382647e-02 9.930302e+00 -2.716457e-04 9.999999e-01 -4.423241e-04 -6.966432e-01 -1.382668e-02 4.385276e-04 9.999044e-01 1.227019e+01
9.999982e-01 -3.937851e-05 -1.897578e-03 1.058889e+01 3.956655e-05 1.000000e+00 9.858878e-05 -7.285270e-01 1.897655e-03 -9.866535e-05 9.999981e-01 1.259243e+01
9.999859e-01 1.455087e-04 5.319235e-03 1.129846e+01 -1.445131e-04 1.000000e+00 -1.877316e-04 -7.618333e-01 -5.319344e-03 1.869619e-04 9.999859e-01 1.289816e+01
9.999866e-01 6.244789e-05 5.175441e-03 1.195225e+01 -6.186392e-05 1.000000e+00 -1.128211e-04 -7.940624e-01 -5.175366e-03 1.124978e-04 9.999865e-01 1.324380e+01
9.999250e-01 2.496991e-04 1.224717e-02 1.239652e+01 -2.447809e-04 9.999999e-01 -4.031509e-04 -8.207297e-01 -1.224736e-02 4.001245e-04 9.999250e-01 1.364325e+01
9.999995e-01 -1.197906e-05 -9.640201e-04 1.275113e+01 1.205716e-05 1.000000e+00 8.001526e-05 -8.472963e-01 9.641033e-04 -8.002855e-05 9.999995e-01 1.416026e+01
9.999427e-01 2.064143e-04 1.070702e-02 1.330327e+01 -2.024909e-04 9.999999e-01 -3.675951e-04 -8.771937e-01 -1.070718e-02 3.654076e-04 9.999427e-01 1.454213e+01
9.999955e-01 -1.789443e-05 -3.006450e-03 1.371094e+01 1.836016e-05 1.000000e+00 1.545538e-04 -9.055626e-01 3.006532e-03 -1.546101e-04 9.999954e-01 1.505138e+01
9.999433e-01 1.925383e-04 1.064530e-02 1.407878e+01 -1.885394e-04 9.999999e-01 -3.767401e-04 -9.321788e-01 -1.064546e-02 3.747134e-04 9.999433e-01 1.553959e+01
1.000000e+00 8.434186e-06 1.325566e-04 1.445396e+01 -8.438475e-06 1.000000e+00 4.000534e-05 -9.569579e-01 -1.324703e-04 -4.000819e-05 9.999999e-01 1.594602e+01
9.999791e-01 1.556797e-04 6.471853e-03 1.477507e+01 -1.541086e-04 1.000000e+00 -2.434192e-04 -9.815491e-01 -6.471976e-03 2.424185e-04 9.999791e-01 1.641608e+01
9.999832e-01 7.440347e-05 5.783126e-03 1.522231e+01 -7.371298e-05 1.000000e+00 -1.194310e-04 -1.009184e+00 -5.783048e-03 1.190010e-04 9.999832e-01 1.684243e+01
9.999969e-01 1.249050e-04 2.490923e-03 1.559218e+01 -1.246263e-04 1.000000e+00 -1.124609e-04 -1.035703e+00 -2.491024e-03 1.121518e-04 9.999970e-01 1.733476e+01
9.999998e-01 2.851879e-05 6.458564e-04 1.587758e+01 -2.855107e-05 1.000000e+00 5.161556e-05 -1.062097e+00 -6.457674e-04 -5.163575e-05 9.999997e-01 1.793935e+01
9.999996e-01 7.227948e-06 -9.002548e-04 1.602118e+01 -7.288280e-06 1.000000e+00 -6.584128e-05 -1.081854e+00 9.001668e-04 6.584957e-05 9.999997e-01 1.845572e+01
9.999999e-01 3.718236e-06 -2.281457e-04 1.623116e+01 -3.698316e-06 1.000000e+00 8.267199e-05 -1.103617e+00 2.282334e-04 -8.267290e-05 9.999999e-01 1.896036e+01
9.999998e-01 1.586290e-06 -6.402191e-04 1.617344e+01 -1.665771e-06 1.000000e+00 -1.225044e-04 -1.115369e+00 6.401315e-04 1.225072e-04 9.999999e-01 1.936071e+01
9.999996e-01 5.047344e-05 8.890376e-04 1.626578e+01 -5.052767e-05 1.000000e+00 6.216457e-05 -1.131722e+00 -8.889471e-04 -6.221122e-05 9.999995e-01 1.978493e+01
9.999944e-01 7.404017e-05 3.351866e-03 1.677479e+01 -7.335854e-05 1.000000e+00 -2.037944e-04 -1.158186e+00 -3.351969e-03 2.035492e-04 9.999944e-01 2.008094e+01
1.000000e+00 2.419321e-05 1.658987e-05 1.733002e+01 -2.419327e-05 1.000000e+00 6.849443e-05 -1.184669e+00 -1.650046e-05 -6.849660e-05 9.999999e-01 2.031122e+01
9.999637e-01 1.462530e-04 8.516429e-03 1.797592e+01 -1.433656e-04 9.999999e-01 -3.397718e-04 -1.214529e+00 -8.516566e-03 3.385403e-04 9.999638e-01 2.056539e+01
9.999999e-01 2.336485e-05 4.888955e-04 1.862258e+01 -2.337812e-05 1.000000e+00 2.940070e-05 -1.241746e+00 -4.888062e-04 -2.941392e-05 9.999998e-01 2.070702e+01
9.998911e-01 2.348088e-04 1.475600e-02 1.916594e+01 -2.272307e-04 9.999998e-01 -5.153120e-04 -1.267379e+00 -1.475620e-02 5.119046e-04 9.998911e-01 2.093028e+01
9.999994e-01 2.842459e-05 -1.073387e-03 1.949122e+01 -2.831744e-05 1.000000e+00 9.875952e-05 -1.291415e+00 1.073480e-03 -9.873087e-05 9.999993e-01 2.137944e+01
9.999938e-01 9.001233e-05 3.538903e-03 1.983541e+01 -8.941014e-05 1.000000e+00 -1.706448e-04 -1.316269e+00 -3.539009e-03 1.703292e-04 9.999938e-01 2.182769e+01
9.999943e-01 -3.721758e-05 -3.369751e-03 2.022879e+01 3.780042e-05 1.000000e+00 1.725515e-04 -1.342655e+00 3.369834e-03 -1.726797e-04 9.999942e-01 2.226829e+01
9.999795e-01 1.644896e-04 6.398081e-03 2.063402e+01 -1.629432e-04 1.000000e+00 -2.423966e-04 -1.370819e+00 -6.398211e-03 2.413509e-04 9.999796e-01 2.277335e+01
9.999810e-01 -1.004068e-04 -6.157367e-03 2.100249e+01 1.019173e-04 1.000000e+00 2.448099e-04 -1.397144e+00 6.157432e-03 -2.454346e-04 9.999809e-01 2.324602e+01
9.999612e-01 2.207671e-04 8.814860e-03 2.134718e+01 -2.179989e-04 9.999999e-01 -3.151242e-04 -1.423292e+00 -8.815019e-03 3.131921e-04 9.999612e-01 2.375094e+01
9.999998e-01 -1.841426e-05 -6.500414e-04 2.168790e+01 1.847547e-05 1.000000e+00 9.235351e-05 -1.450383e+00 6.501303e-04 -9.236730e-05 9.999997e-01 2.430649e+01
9.999877e-01 1.625280e-04 4.968109e-03 2.212014e+01 -1.615427e-04 1.000000e+00 -1.989669e-04 -1.479376e+00 -4.968232e-03 1.981637e-04 9.999877e-01 2.480942e+01
9.999999e-01 1.355501e-05 -2.752097e-04 2.246851e+01 -1.351890e-05 1.000000e+00 1.269142e-04 -1.510275e+00 2.753024e-04 -1.269122e-04 9.999999e-01 2.551409e+01
9.999988e-01 1.003849e-04 1.578051e-03 2.280659e+01 -1.002298e-04 1.000000e+00 -9.913702e-05 -1.540413e+00 -1.578152e-03 9.898051e-05 9.999988e-01 2.619707e+01
9.999981e-01 -4.583846e-05 -1.925188e-03 2.316602e+01 4.617642e-05 1.000000e+00 1.748914e-04 -1.570866e+00 1.925271e-03 -1.749817e-04 9.999981e-01 2.686442e+01
9.999983e-01 1.074401e-04 1.833097e-03 2.351585e+01 -1.072513e-04 1.000000e+00 -1.036943e-04 -1.601096e+00 -1.833199e-03 1.034993e-04 9.999984e-01 2.753616e+01
1.000000e+00 1.636792e-05 1.946584e-04 2.384059e+01 -1.638559e-05 1.000000e+00 9.678552e-05 -1.630137e+00 -1.945657e-04 -9.679047e-05 9.999999e-01 2.819271e+01
9.998620e-01 3.038907e-04 1.661084e-02 2.413095e+01 -2.943175e-04 9.999998e-01 -5.788327e-04 -1.656873e+00 -1.661110e-02 5.738657e-04 9.998619e-01 2.880031e+01
9.999866e-01 -1.958926e-05 -5.161839e-03 2.450576e+01 2.108551e-05 1.000000e+00 2.895781e-04 -1.686804e+00 5.161926e-03 -2.896848e-04 9.999866e-01 2.942578e+01
9.999702e-01 1.442896e-04 7.722575e-03 2.501855e+01 -1.420745e-04 9.999999e-01 -2.875278e-04 -1.721181e+00 -7.722709e-03 2.864239e-04 9.999702e-01 3.004713e+01
9.999944e-01 9.945603e-06 -3.344367e-03 2.556170e+01 -9.193677e-06 1.000000e+00 2.244849e-04 -1.756215e+00 3.344462e-03 -2.244547e-04 9.999943e-01 3.065728e+01
9.999658e-01 1.441562e-04 8.271420e-03 2.620715e+01 -1.416959e-04 9.999999e-01 -2.981760e-04 -1.792891e+00 -8.271556e-03 2.969956e-04 9.999658e-01 3.119372e+01
9.999793e-01 -1.916846e-05 -6.426676e-03 2.664307e+01 2.148711e-05 9.999999e-01 3.605261e-04 -1.828884e+00 6.426762e-03 -3.606585e-04 9.999792e-01 3.198952e+01
9.998836e-01 2.471178e-04 1.525798e-02 2.711118e+01 -2.383398e-04 9.999998e-01 -5.771961e-04 -1.861676e+00 -1.525821e-02 5.734940e-04 9.998835e-01 3.260641e+01
9.999959e-01 -2.335528e-05 -2.836174e-03 2.777204e+01 2.396839e-05 1.000000e+00 2.157020e-04 -1.894166e+00 2.836263e-03 -2.157708e-04 9.999959e-01 3.294088e+01
9.998661e-01 2.715536e-04 1.636630e-02 2.852247e+01 -2.619217e-04 9.999998e-01 -5.907317e-04 -1.930001e+00 -1.636655e-02 5.863676e-04 9.998660e-01 3.329448e+01
9.999917e-01 -4.360488e-05 -4.054409e-03 2.924551e+01 4.459566e-05 1.000000e+00 2.439636e-04 -1.964508e+00 4.054493e-03 -2.441442e-04 9.999917e-01 3.362604e+01
9.999316e-01 2.452330e-04 1.169248e-02 2.972673e+01 -2.403661e-04 9.999999e-01 -4.177474e-04 -1.997466e+00 -1.169267e-02 4.149101e-04 9.999316e-01 3.422498e+01
9.999656e-01 -1.118770e-04 -8.290838e-03 3.036501e+01 1.153185e-04 9.999999e-01 4.144614e-04 -2.035472e+00 8.290886e-03 -4.154050e-04 9.999655e-01 3.482831e+01
9.998843e-01 3.274045e-04 1.521035e-02 3.071948e+01 -3.187346e-04 9.999998e-01 -5.724988e-04 -2.065720e+00 -1.521063e-02 5.675862e-04 9.998842e-01 3.549774e+01
9.999667e-01 -1.248362e-04 -8.154170e-03 3.098997e+01 1.280508e-04 9.999999e-01 3.935463e-04 -2.092830e+00 8.154216e-03 -3.945791e-04 9.999666e-01 3.614126e+01
9.999204e-01 3.068066e-04 1.261369e-02 3.111932e+01 -3.008679e-04 9.999998e-01 -4.728043e-04 -2.118696e+00 -1.261393e-02 4.689733e-04 9.999204e-01 3.691676e+01
9.999335e-01 -1.785346e-04 -1.152893e-02 3.129131e+01 1.845569e-04 9.999998e-01 5.211836e-04 -2.146973e+00 1.152893e-02 -5.232785e-04 9.999333e-01 3.773932e+01
9.999171e-01 3.124620e-04 1.287465e-02 3.149419e+01 -3.063984e-04 9.999998e-01 -4.730396e-04 -2.176283e+00 -1.287489e-02 4.690573e-04 9.999171e-01 3.856766e+01
9.999229e-01 -2.323165e-04 -1.241392e-02 3.192504e+01 2.384880e-04 9.999998e-01 4.955551e-04 -2.206123e+00 1.241389e-02 -4.984792e-04 9.999228e-01 3.910393e+01
9.999378e-01 2.433007e-04 1.115294e-02 3.259458e+01 -2.384970e-04 9.999999e-01 -4.321484e-04 -2.239035e+00 -1.115314e-02 4.294633e-04 9.999378e-01 3.943700e+01
9.999265e-01 -2.312930e-04 -1.211640e-02 3.325401e+01 2.375699e-04 9.999998e-01 5.165077e-04 -2.273624e+00 1.211637e-02 -5.193500e-04 9.999264e-01 3.985956e+01
9.999215e-01 2.479557e-04 1.252980e-02 3.427636e+01 -2.425735e-04 9.999999e-01 -4.311714e-04 -2.318595e+00 -1.253000e-02 4.280998e-04 9.999215e-01 4.022258e+01
9.999604e-01 -1.808365e-04 -8.894925e-03 3.554150e+01 1.846961e-04 9.999999e-01 4.329453e-04 -2.369708e+00 8.894941e-03 -4.345727e-04 9.999603e-01 4.051368e+01
9.999115e-01 3.181948e-04 1.330631e-02 3.639445e+01 -3.121057e-04 9.999998e-01 -4.597830e-04 -2.411919e+00 -1.330655e-02 4.555910e-04 9.999114e-01 4.099975e+01
9.999557e-01 -2.229937e-04 -9.409160e-03 3.746940e+01 2.269238e-04 9.999999e-01 4.164815e-04 -2.456939e+00 9.409162e-03 -4.185999e-04 9.999556e-01 4.129716e+01
9.998875e-01 3.666782e-04 1.499953e-02 3.843864e+01 -3.591904e-04 9.999998e-01 -5.019729e-04 -2.499950e+00 -1.499981e-02 4.965304e-04 9.998874e-01 4.165828e+01
9.999576e-01 -1.839668e-04 -9.199497e-03 3.904029e+01 1.877012e-04 9.999999e-01 4.049302e-04 -2.536191e+00 9.199517e-03 -4.066415e-04 9.999575e-01 4.223812e+01
9.998915e-01 3.514796e-04 1.472589e-02 3.970586e+01 -3.439231e-04 9.999998e-01 -5.157536e-04 -2.571954e+00 -1.472616e-02 5.106347e-04 9.998915e-01 4.270876e+01
9.999046e-01 -2.813849e-04 -1.380835e-02 4.026322e+01 2.887682e-04 9.999998e-01 5.326115e-04 -2.604143e+00 1.380830e-02 -5.365498e-04 9.999045e-01 4.317117e+01
9.999023e-01 3.570648e-04 1.397274e-02 4.062287e+01 -3.500710e-04 9.999998e-01 -5.030632e-04 -2.632431e+00 -1.397302e-02 4.981243e-04 9.999023e-01 4.373847e+01
9.999130e-01 -2.842364e-04 -1.318686e-02 4.108467e+01 2.904586e-04 9.999998e-01 4.698318e-04 -2.659268e+00 1.318682e-02 -4.736228e-04 9.999129e-01 4.410315e+01
9.998813e-01 3.799217e-04 1.540269e-02 4.169678e+01 -3.720386e-04 9.999998e-01 -5.147457e-04 -2.691373e+00 -1.540298e-02 5.089559e-04 9.998813e-01 4.448836e+01
9.999381e-01 -2.281747e-04 -1.112213e-02 4.220271e+01 2.327557e-04 9.999999e-01 4.104682e-04 -2.722294e+00 1.112214e-02 -4.130331e-04 9.999380e-01 4.497191e+01
9.998321e-01 4.037130e-04 1.831980e-02 4.262391e+01 -3.924068e-04 9.999997e-01 -6.208185e-04 -2.749900e+00 -1.832014e-02 6.135271e-04 9.998320e-01 4.543436e+01
9.999821e-01 -1.753564e-04 -5.982429e-03 4.287588e+01 1.766973e-04 1.000000e+00 2.233920e-04 -2.770512e+00 5.982486e-03 -2.244467e-04 9.999820e-01 4.584086e+01
9.999362e-01 3.181297e-04 1.129703e-02 4.314729e+01 -3.136827e-04 9.999999e-01 -3.955291e-04 -2.793404e+00 -1.129726e-02 3.919618e-04 9.999362e-01 4.630663e+01
9.999881e-01 -1.571916e-04 -4.872157e-03 4.340108e+01 1.581404e-04 1.000000e+00 1.940895e-04 -2.816582e+00 4.872223e-03 -1.948593e-04 9.999881e-01 4.680971e+01
9.999236e-01 3.638841e-04 1.235602e-02 4.359045e+01 -3.591450e-04 9.999999e-01 -3.858658e-04 -2.841875e+00 -1.235625e-02 3.814003e-04 9.999236e-01 4.748935e+01
9.999999e-01 -1.076903e-04 -2.213133e-04 4.384311e+01 1.077026e-04 1.000000e+00 4.947458e-05 -2.867833e+00 2.214056e-04 -4.950007e-05 9.999999e-01 4.811531e+01
9.998919e-01 3.887474e-04 1.470142e-02 4.408635e+01 -3.820118e-04 9.999998e-01 -4.610570e-04 -2.893316e+00 -1.470169e-02 4.553927e-04 9.998919e-01 4.873440e+01
9.999999e-01 -1.146179e-04 -2.198689e-04 4.452077e+01 1.146300e-04 1.000000e+00 4.846172e-05 -2.921961e+00 2.199616e-04 -4.848858e-05 9.999999e-01 4.922512e+01
9.999640e-01 3.201885e-04 8.485280e-03 4.501585e+01 -3.180134e-04 9.999999e-01 -2.578439e-04 -2.953450e+00 -8.485460e-03 2.551378e-04 9.999640e-01 4.975423e+01
9.999994e-01 -8.053414e-05 1.072472e-03 4.528821e+01 8.052065e-05 1.000000e+00 1.393313e-05 -2.980681e+00 -1.072375e-03 -1.384842e-05 9.999994e-01 5.041161e+01
9.999917e-01 2.277880e-04 4.086128e-03 4.570201e+01 -2.271081e-04 1.000000e+00 -1.672120e-04 -3.007439e+00 -4.086265e-03 1.662843e-04 9.999917e-01 5.084881e+01
9.999976e-01 -8.609654e-05 2.186829e-03 4.635959e+01 8.615032e-05 1.000000e+00 -2.384949e-05 -3.038739e+00 -2.186728e-03 2.403618e-05 9.999976e-01 5.114185e+01
9.999002e-01 3.665377e-04 1.412780e-02 4.690359e+01 -3.600016e-04 9.999998e-01 -4.652804e-04 -3.067184e+00 -1.412807e-02 4.601495e-04 9.999001e-01 5.148207e+01
9.999877e-01 -4.074966e-05 4.948226e-03 4.740719e+01 4.135528e-05 1.000000e+00 -1.219934e-04 -3.093459e+00 -4.948122e-03 1.221949e-04 9.999877e-01 5.178683e+01
9.999358e-01 3.644383e-04 1.132800e-02 4.783180e+01 -3.606975e-04 9.999999e-01 -3.324013e-04 -3.122203e+00 -1.132822e-02 3.282956e-04 9.999358e-01 5.229866e+01
9.999884e-01 -1.936872e-04 -4.808797e-03 4.845369e+01 1.944701e-04 1.000000e+00 1.620342e-04 -3.155154e+00 4.808865e-03 -1.629692e-04 9.999884e-01 5.271205e+01
9.999317e-01 3.670469e-04 1.168203e-02 4.912908e+01 -3.630130e-04 9.999999e-01 -3.475557e-04 -3.188840e+00 -1.168226e-02 3.432929e-04 9.999318e-01 5.308443e+01
9.999978e-01 -1.471339e-04 -2.080563e-03 4.969411e+01 1.473213e-04 1.000000e+00 8.913685e-05 -3.220424e+00 2.080650e-03 -8.944481e-05 9.999978e-01 5.352272e+01
9.999487e-01 3.725610e-04 1.012179e-02 4.993110e+01 -3.697318e-04 9.999999e-01 -2.815375e-04 -3.248161e+00 -1.012199e-02 2.777824e-04 9.999488e-01 5.424190e+01
9.999985e-01 -1.386442e-04 1.681801e-03 5.033132e+01 1.387295e-04 1.000000e+00 -4.969666e-05 -3.276346e+00 -1.681694e-03 4.992827e-05 9.999985e-01 5.476046e+01
9.999707e-01 3.528035e-04 7.647827e-03 5.064941e+01 -3.512159e-04 9.999999e-01 -2.091355e-04 -3.303191e+00 -7.648000e-03 2.064449e-04 9.999708e-01 5.533630e+01
9.999879e-01 -2.288807e-04 -4.902088e-03 5.100963e+01 2.295693e-04 1.000000e+00 1.395959e-04 -3.329708e+00 4.902156e-03 -1.407212e-04 9.999879e-01 5.583345e+01
9.999867e-01 2.864559e-04 5.155212e-03 5.140096e+01 -2.855142e-04 9.999999e-01 -1.836946e-04 -3.352553e+00 -5.155364e-03 1.822218e-04 9.999867e-01 5.612533e+01
9.999904e-01 -2.190963e-04 -4.360258e-03 5.186656e+01 2.196067e-04 1.000000e+00 1.162359e-04 -3.376057e+00 4.360332e-03 -1.171939e-04 9.999904e-01 5.634272e+01
9.999856e-01 3.201189e-04 5.370878e-03 5.212697e+01 -3.192751e-04 9.999999e-01 -1.582392e-04 -3.398793e+00 -5.371028e-03 1.565237e-04 9.999856e-01 5.681333e+01
9.999992e-01 -1.705890e-04 1.228253e-03 5.251902e+01 1.706660e-04 1.000000e+00 -6.128843e-05 -3.423537e+00 -1.228143e-03 6.149639e-05 9.999992e-01 5.719306e+01
1.000000e+00 2.418953e-04 6.140074e-05 5.316837e+01 -2.418973e-04 1.000000e+00 7.974144e-06 -3.453232e+00 -6.149871e-05 -7.987404e-06 1.000000e+00 5.741820e+01
9.999967e-01 -2.475097e-04 -2.548055e-03 5.383989e+01 2.476703e-04 1.000000e+00 6.209602e-05 -3.484227e+00 2.548140e-03 -6.272850e-05 9.999967e-01 5.766235e+01
9.999958e-01 2.993457e-04 2.913249e-03 5.450470e+01 -2.991878e-04 1.000000e+00 -5.517423e-05 -3.516422e+00 -2.913365e-03 5.430397e-05 9.999958e-01 5.797275e+01
9.999937e-01 -2.989094e-04 -3.511720e-03 5.538039e+01 2.992702e-04 1.000000e+00 1.017591e-04 -3.553537e+00 3.511789e-03 -1.028111e-04 9.999938e-01 5.819866e+01
9.999879e-01 3.510586e-04 4.919150e-03 5.620541e+01 -3.505700e-04 9.999999e-01 -1.005007e-04 -3.591337e+00 -4.919285e-03 9.877656e-05 9.999879e-01 5.852625e+01
9.999936e-01 -3.029597e-04 -3.563360e-03 5.712578e+01 3.031983e-04 1.000000e+00 6.596303e-05 -3.627296e+00 3.563440e-03 -6.704462e-05 9.999936e-01 5.863739e+01
9.999775e-01 3.772360e-04 6.704621e-03 5.805701e+01 -3.762112e-04 9.999999e-01 -1.543497e-04 -3.664455e+00 -6.704779e-03 1.518255e-04 9.999776e-01 5.878479e+01
9.999988e-01 -2.541014e-04 -1.480006e-03 5.903290e+01 2.541168e-04 1.000000e+00 9.165112e-06 -3.703544e+00 1.480104e-03 -9.542796e-06 9.999989e-01 5.895744e+01
9.999961e-01 2.875724e-04 2.808041e-03 6.009204e+01 -2.875044e-04 1.000000e+00 -2.517290e-05 -3.742950e+00 -2.808148e-03 2.436705e-05 9.999961e-01 5.902609e+01
9.999994e-01 -2.330297e-04 -1.016453e-03 6.098870e+01 2.330015e-04 1.000000e+00 -2.940050e-05 -3.778066e+00 1.016560e-03 2.916205e-05 9.999994e-01 5.913825e+01
9.999868e-01 3.291685e-04 5.135140e-03 6.185977e+01 -3.286865e-04 9.999999e-01 -9.500126e-05 -3.813724e+00 -5.135270e-03 9.331372e-05 9.999869e-01 5.930929e+01
9.999943e-01 -2.666854e-04 -3.339166e-03 6.272467e+01 2.668199e-04 1.000000e+00 3.935339e-05 -3.848636e+00 3.339256e-03 -4.024572e-05 9.999944e-01 5.945266e+01
9.999956e-01 2.873986e-04 2.978389e-03 6.350844e+01 -2.872808e-04 1.000000e+00 -4.049879e-05 -3.880833e+00 -2.978500e-03 3.964455e-05 9.999956e-01 5.959224e+01
9.999999e-01 -2.039377e-04 1.235785e-04 6.418056e+01 2.039497e-04 1.000000e+00 -8.469216e-05 -3.909665e+00 -1.234613e-04 8.471577e-05 9.999999e-01 5.975237e+01
9.999763e-01 3.340099e-04 6.883980e-03 6.479927e+01 -3.329059e-04 9.999999e-01 -1.617501e-04 -3.936751e+00 -6.884133e-03 1.594561e-04 9.999763e-01 5.991782e+01
9.999851e-01 -2.837820e-04 -5.448294e-03 6.561373e+01 2.843740e-04 1.000000e+00 1.075978e-04 -3.969913e+00 5.448363e-03 -1.091471e-04 9.999851e-01 6.005993e+01
9.998878e-01 4.636412e-04 1.497682e-02 6.620860e+01 -4.577642e-04 9.999998e-01 -3.959359e-04 -4.000126e+00 -1.497710e-02 3.890372e-04 9.998878e-01 6.038627e+01
9.999682e-01 -3.109937e-04 -7.960888e-03 6.744385e+01 3.137453e-04 9.999999e-01 3.441858e-04 -4.054089e+00 7.960880e-03 -3.466742e-04 9.999682e-01 6.083971e+01
9.999597e-01 3.274895e-04 8.972291e-03 6.847974e+01 -3.252769e-04 9.999999e-01 -2.482466e-04 -4.099648e+00 -8.972471e-03 2.453196e-04 9.999598e-01 6.121538e+01
9.999469e-01 -3.178656e-04 -1.029325e-02 6.881111e+01 3.207830e-04 9.999999e-01 2.816254e-04 -4.123921e+00 1.029326e-02 -2.849139e-04 9.999469e-01 6.165014e+01
9.997791e-01 5.337627e-04 2.101557e-02 6.933185e+01 -5.215986e-04 9.999997e-01 -5.843637e-04 -4.154952e+00 -2.101597e-02 5.732744e-04 9.997790e-01 6.211628e+01
9.999917e-01 -2.421114e-04 -4.055609e-03 6.993526e+01 2.425317e-04 1.000000e+00 1.027421e-04 -4.187067e+00 4.055684e-03 -1.037264e-04 9.999917e-01 6.252178e+01
9.999097e-01 4.844751e-04 1.343065e-02 7.039881e+01 -4.803092e-04 9.999998e-01 -3.135254e-04 -4.219689e+00 -1.343090e-02 3.070478e-04 9.999098e-01 6.313497e+01
9.999196e-01 -3.881692e-04 -1.267252e-02 7.080963e+01 3.917779e-04 9.999999e-01 2.821579e-04 -4.246630e+00 1.267250e-02 -2.871016e-04 9.999196e-01 6.356866e+01
9.997693e-01 5.524016e-04 2.147657e-02 7.134025e+01 -5.402260e-04 9.999997e-01 -5.727955e-04 -4.273786e+00 -2.147698e-02 5.610626e-04 9.997692e-01 6.385610e+01
9.999997e-01 -2.197678e-04 -6.634776e-04 7.187882e+01 2.197302e-04 1.000000e+00 -5.933896e-05 -4.300979e+00 6.635903e-04 5.919162e-05 9.999997e-01 6.414974e+01
9.999234e-01 4.706697e-04 1.237256e-02 7.239091e+01 -4.676065e-04 9.999999e-01 -2.506047e-04 -4.332629e+00 -1.237278e-02 2.448015e-04 9.999235e-01 6.465690e+01
9.999996e-01 -2.330808e-04 7.361478e-04 7.311116e+01 2.331720e-04 1.000000e+00 -1.215523e-04 -4.366958e+00 -7.360199e-04 1.217224e-04 9.999997e-01 6.499483e+01
9.997798e-01 6.045060e-04 2.097732e-02 7.379919e+01 -5.939763e-04 9.999997e-01 -5.082637e-04 -4.399820e+00 -2.097772e-02 4.956932e-04 9.997799e-01 6.532137e+01
9.999072e-01 -4.198261e-04 -1.361040e-02 7.439326e+01 4.239709e-04 9.999999e-01 3.015175e-04 -4.431940e+00 1.361037e-02 -3.072615e-04 9.999073e-01 6.573255e+01
9.996952e-01 6.789811e-04 2.468182e-02 7.495070e+01 -6.649006e-04 9.999996e-01 -5.787532e-04 -4.466675e+00 -2.468230e-02 5.621673e-04 9.996952e-01 6.630863e+01
9.999570e-01 -3.539581e-04 -9.263216e-03 7.565921e+01 3.559032e-04 9.999999e-01 2.081410e-04 -4.506363e+00 9.263241e-03 -2.114304e-04 9.999570e-01 6.688678e+01
9.998896e-01 4.913243e-04 1.485213e-02 7.656353e+01 -4.861863e-04 9.999998e-01 -3.496659e-04 -4.545340e+00 -1.485240e-02 3.424078e-04 9.998897e-01 6.715668e+01
9.999467e-01 -3.766827e-04 -1.031268e-02 7.732573e+01 3.792498e-04 9.999999e-01 2.468054e-04 -4.581734e+00 1.031269e-02 -2.507048e-04 9.999467e-01 6.751410e+01
9.998646e-01 5.472082e-04 1.644949e-02 7.792315e+01 -5.407392e-04 9.999998e-01 -3.978147e-04 -4.615313e+00 -1.644981e-02 3.888673e-04 9.998647e-01 6.798281e+01
9.998924e-01 -4.642033e-04 -1.466103e-02 7.861650e+01 4.694478e-04 9.999998e-01 3.541596e-04 -4.648549e+00 1.466097e-02 -3.610056e-04 9.998924e-01 6.829721e+01
9.998788e-01 5.321522e-04 1.556503e-02 7.922922e+01 -5.262350e-04 9.999998e-01 -3.843627e-04 -4.678962e+00 -1.556533e-02 3.761266e-04 9.998788e-01 6.860133e+01
9.999968e-01 -2.834405e-04 -2.476144e-03 7.975562e+01 2.834859e-04 1.000000e+00 1.727508e-05 -4.709946e+00 2.476237e-03 -1.797843e-05 9.999969e-01 6.906141e+01
9.998650e-01 5.798869e-04 1.642684e-02 8.010851e+01 -5.735634e-04 9.999998e-01 -3.897648e-04 -4.739354e+00 -1.642716e-02 3.802917e-04 9.998650e-01 6.969374e+01
9.999435e-01 -4.040879e-04 -1.061340e-02 8.059053e+01 4.067696e-04 9.999999e-01 2.503440e-04 -4.771159e+00 1.061339e-02 -2.546485e-04 9.999436e-01 7.024003e+01
9.999289e-01 4.491884e-04 1.192314e-02 8.143794e+01 -4.457508e-04 9.999999e-01 -2.911156e-04 -4.805585e+00 -1.192337e-02 2.857815e-04 9.999289e-01 7.038620e+01
9.999820e-01 -3.204231e-04 -5.978090e-03 8.246657e+01 3.212312e-04 9.999999e-01 1.339294e-04 -4.846315e+00 5.978145e-03 -1.358488e-04 9.999821e-01 7.055617e+01
9.998938e-01 5.231173e-04 1.456501e-02 8.329596e+01 -5.180012e-04 9.999998e-01 -3.551528e-04 -4.884635e+00 -1.456529e-02 3.475717e-04 9.998939e-01 7.090636e+01
9.999549e-01 -3.795407e-04 -9.483668e-03 8.400000e+01 3.817549e-04 9.999999e-01 2.314823e-04 -4.920020e+00 9.483677e-03 -2.350937e-04 9.999550e-01 7.130054e+01
9.999192e-01 4.744794e-04 1.271094e-02 8.489079e+01 -4.707296e-04 9.999998e-01 -2.981304e-04 -4.958539e+00 -1.271118e-02 2.921242e-04 9.999192e-01 7.156641e+01
9.999691e-01 -3.494161e-04 -7.840613e-03 8.573541e+01 3.510687e-04 9.999999e-01 2.091748e-04 -4.998096e+00 7.840637e-03 -2.119224e-04 9.999692e-01 7.194507e+01
9.999433e-01 4.568816e-04 1.064706e-02 8.640282e+01 -4.543759e-04 9.999999e-01 -2.379174e-04 -5.033696e+00 -1.064727e-02 2.330675e-04 9.999433e-01 7.240088e+01
9.999822e-01 -3.177395e-04 -5.945923e-03 8.703808e+01 3.185043e-04 9.999999e-01 1.273875e-04 -5.067217e+00 5.945980e-03 -1.292804e-04 9.999823e-01 7.281102e+01
9.999763e-01 3.850155e-04 6.889872e-03 8.770042e+01 -3.842468e-04 9.999999e-01 -1.131502e-04 -5.101389e+00 -6.890012e-03 1.105015e-04 9.999763e-01 7.320788e+01
9.999808e-01 -3.164711e-04 -6.185820e-03 8.828971e+01 3.175299e-04 9.999999e-01 1.699074e-04 -5.136912e+00 6.185863e-03 -1.718697e-04 9.999808e-01 7.376852e+01
9.999693e-01 3.945894e-04 7.838578e-03 8.899443e+01 -3.934919e-04 9.999999e-01 -1.417845e-04 -5.175072e+00 -7.838730e-03 1.386970e-04 9.999693e-01 7.427836e+01
9.999844e-01 -2.883430e-04 -5.568257e-03 8.958412e+01 2.890240e-04 1.000000e+00 1.211670e-04 -5.208756e+00 5.568319e-03 -1.227759e-04 9.999845e-01 7.475741e+01
9.999977e-01 3.135759e-04 2.170251e-03 8.999152e+01 -3.136243e-04 1.000000e+00 2.112590e-05 -5.238816e+00 -2.170341e-03 -2.180515e-05 9.999977e-01 7.533315e+01
9.999908e-01 -2.983944e-04 -4.260052e-03 9.033929e+01 2.986323e-04 1.000000e+00 5.481124e-05 -5.264926e+00 4.260132e-03 -5.608428e-05 9.999909e-01 7.582469e+01
9.999532e-01 4.579592e-04 9.674160e-03 9.074152e+01 -4.561146e-04 9.999999e-01 -1.930525e-04 -5.293846e+00 -9.674345e-03 1.886323e-04 9.999532e-01 7.636403e+01
9.999952e-01 -2.674837e-04 -3.074321e-03 9.112118e+01 2.676110e-04 1.000000e+00 4.043645e-05 -5.323666e+00 3.074407e-03 -4.126032e-05 9.999952e-01 7.697930e+01
9.999352e-01 4.739313e-04 1.137944e-02 9.157897e+01 -4.711154e-04 9.999999e-01 -2.502894e-04 -5.354968e+00 -1.137965e-02 2.449134e-04 9.999353e-01 7.755115e+01
9.999814e-01 -3.071260e-04 -6.079206e-03 9.205339e+01 3.079395e-04 9.999999e-01 1.325977e-04 -5.386333e+00 6.079261e-03 -1.344686e-04 9.999815e-01 7.810039e+01
9.999863e-01 3.637668e-04 5.226254e-03 9.227487e+01 -3.633440e-04 9.999999e-01 -8.218030e-05 -5.411007e+00 -5.226380e-03 8.028154e-05 9.999864e-01 7.870612e+01
9.999791e-01 -2.916529e-04 -6.447521e-03 9.234417e+01 2.925036e-04 9.999999e-01 1.307215e-04 -5.432309e+00 6.447579e-03 -1.326060e-04 9.999792e-01 7.936891e+01
9.999584e-01 4.616709e-04 9.115051e-03 9.235212e+01 -4.603713e-04 9.999999e-01 -1.448625e-04 -5.456009e+00 -9.115213e-03 1.406614e-04 9.999585e-01 8.021925e+01
9.999441e-01 -3.411540e-04 -1.056374e-02 9.236505e+01 3.436896e-04 9.999999e-01 2.380542e-04 -5.479585e+00 1.056375e-02 -2.416729e-04 9.999441e-01 8.104990e+01
9.999817e-01 4.508680e-04 6.039746e-03 9.236793e+01 -4.502710e-04 9.999999e-01 -1.004885e-04 -5.500479e+00 -6.039888e-03 9.776842e-05 9.999818e-01 8.178033e+01
9.999147e-01 -3.401646e-04 -1.305446e-02 9.234209e+01 3.434849e-04 9.999999e-01 2.519709e-04 -5.517070e+00 1.305447e-02 -2.564347e-04 9.999147e-01 8.235298e+01
9.999784e-01 4.068152e-04 6.564107e-03 9.242997e+01 -4.062562e-04 9.999999e-01 -8.674924e-05 -5.538270e+00 -6.564239e-03 8.408191e-05 9.999785e-01 8.298391e+01
9.998565e-01 -3.218634e-04 -1.693294e-02 9.256054e+01 3.275504e-04 9.999999e-01 3.329832e-04 -5.558695e+00 1.693293e-02 -3.384831e-04 9.998565e-01 8.353030e+01
9.999919e-01 3.884260e-04 4.026752e-03 9.282943e+01 -3.882317e-04 9.999999e-01 -4.941817e-05 -5.577947e+00 -4.026868e-03 4.785569e-05 9.999919e-01 8.384480e+01
9.999222e-01 -3.303431e-04 -1.246412e-02 9.285645e+01 3.328846e-04 9.999999e-01 2.017057e-04 -5.593164e+00 1.246415e-02 -2.058404e-04 9.999223e-01 8.429349e+01
9.999832e-01 3.545166e-04 5.799644e-03 9.303168e+01 -3.541650e-04 9.999999e-01 -6.191753e-05 -5.613199e+00 -5.799763e-03 5.986370e-05 9.999832e-01 8.476053e+01
9.999094e-01 -3.339772e-04 -1.344994e-02 9.327758e+01 3.374709e-04 9.999999e-01 2.573726e-04 -5.636733e+00 1.344995e-02 -2.618895e-04 9.999095e-01 8.528117e+01
9.999969e-01 3.217080e-04 2.493403e-03 9.377432e+01 -3.217681e-04 9.999999e-01 2.305547e-05 -5.663023e+00 -2.493493e-03 -2.385646e-05 9.999969e-01 8.557647e+01
9.998622e-01 -2.973854e-04 -1.659317e-02 9.427473e+01 3.025678e-04 9.999999e-01 3.097203e-04 -5.687411e+00 1.659318e-02 -3.146994e-04 9.998622e-01 8.580113e+01
9.999607e-01 2.777586e-04 8.871815e-03 9.487246e+01 -2.766431e-04 1.000000e+00 -1.271260e-04 -5.715074e+00 -8.871948e-03 1.246679e-04 9.999607e-01 8.601076e+01
9.998953e-01 -3.140975e-04 -1.446457e-02 9.555979e+01 3.172512e-04 9.999999e-01 2.156270e-04 -5.741182e+00 1.446460e-02 -2.201946e-04 9.998953e-01 8.602936e+01
9.999509e-01 3.035885e-04 9.907179e-03 9.599225e+01 -3.016209e-04 9.999999e-01 -2.002450e-04 -5.759958e+00 -9.907338e-03 1.972482e-04 9.999509e-01 8.610122e+01
9.999417e-01 -2.717489e-04 -1.078640e-02 9.655760e+01 2.741767e-04 9.999999e-01 2.234636e-04 -5.788787e+00 1.078644e-02 -2.264092e-04 9.999418e-01 8.640205e+01
9.999821e-01 2.420132e-04 5.989725e-03 9.714970e+01 -2.414798e-04 1.000000e+00 -9.001991e-05 -5.818045e+00 -5.989845e-03 8.857314e-05 9.999821e-01 8.668450e+01
9.999605e-01 -2.906722e-04 -8.876520e-03 9.796481e+01 2.923414e-04 9.999999e-01 1.865844e-04 -5.852148e+00 8.876564e-03 -1.891733e-04 9.999605e-01 8.686420e+01
9.999762e-01 2.597664e-04 6.902365e-03 9.877199e+01 -2.589995e-04 1.000000e+00 -1.122166e-04 -5.886309e+00 -6.902493e-03 1.104275e-04 9.999762e-01 8.705997e+01
9.999687e-01 -2.930822e-04 -7.896870e-03 9.976420e+01 2.944775e-04 9.999999e-01 1.753443e-04 -5.925224e+00 7.896917e-03 -1.776655e-04 9.999688e-01 8.720439e+01
9.999727e-01 2.237544e-04 7.393804e-03 1.011562e+02 -2.233674e-04 1.000000e+00 -5.336490e-05 -5.976429e+00 -7.393914e-03 5.171315e-05 9.999727e-01 8.732529e+01
9.999850e-01 -2.348452e-04 -5.462018e-03 1.028783e+02 2.358389e-04 1.000000e+00 1.809988e-04 -6.039410e+00 5.462074e-03 -1.822855e-04 9.999850e-01 8.749915e+01
9.999407e-01 3.161529e-04 1.089235e-02 1.048088e+02 -3.148831e-04 9.999999e-01 -1.184239e-04 -6.109188e+00 -1.089248e-02 1.149882e-04 9.999407e-01 8.768204e+01
9.999523e-01 -3.826520e-04 -9.749619e-03 1.069095e+02 3.860316e-04 9.999999e-01 3.446108e-04 -6.183488e+00 9.749585e-03 -3.483592e-04 9.999524e-01 8.781490e+01
9.999549e-01 3.009353e-04 9.497134e-03 1.083943e+02 -2.990517e-04 9.999999e-01 -1.998987e-04 -6.238017e+00 -9.497293e-03 1.970508e-04 9.999549e-01 8.795455e+01
9.999294e-01 -4.047789e-04 -1.186767e-02 1.095333e+02 4.088563e-04 9.999999e-01 3.410204e-04 -6.281798e+00 1.186763e-02 -3.458497e-04 9.999295e-01 8.810501e+01
9.999467e-01 2.291416e-04 1.033046e-02 1.112941e+02 -2.280582e-04 1.000000e+00 -1.061882e-04 -6.344070e+00 -1.033058e-02 1.038278e-04 9.999467e-01 8.821297e+01
9.999777e-01 -2.573443e-04 -6.667521e-03 1.135920e+02 2.594088e-04 9.999999e-01 3.085644e-04 -6.422376e+00 6.667540e-03 -3.102884e-04 9.999777e-01 8.827446e+01
9.999638e-01 2.318523e-04 8.516824e-03 1.150257e+02 -2.300693e-04 1.000000e+00 -2.105057e-04 -6.475308e+00 -8.516972e-03 2.085398e-04 9.999638e-01 8.844946e+01
9.999698e-01 -2.729113e-04 -7.755181e-03 1.160703e+02 2.748661e-04 9.999999e-01 2.508096e-04 -6.515465e+00 7.755210e-03 -2.529349e-04 9.999699e-01 8.861701e+01
9.999603e-01 1.821306e-04 8.911857e-03 1.178175e+02 -1.813673e-04 1.000000e+00 -8.661400e-05 -6.576495e+00 -8.911971e-03 8.499544e-05 9.999603e-01 8.871185e+01
9.999532e-01 -3.866348e-04 -9.664536e-03 1.199740e+02 3.905024e-04 9.999998e-01 3.981426e-04 -6.651012e+00 9.664479e-03 -4.018992e-04 9.999532e-01 8.882855e+01
9.999717e-01 1.007978e-04 7.531341e-03 1.222604e+02 -1.006288e-04 1.000000e+00 -2.300822e-05 -6.728684e+00 -7.531443e-03 2.225090e-05 9.999717e-01 8.890814e+01
9.999473e-01 -4.362946e-04 -1.025182e-02 1.247380e+02 4.407838e-04 9.999998e-01 4.355013e-04 -6.810542e+00 1.025173e-02 -4.399984e-04 9.999473e-01 8.890478e+01
9.999804e-01 4.886402e-05 6.272604e-03 1.271115e+02 -4.865671e-05 1.000000e+00 -3.342960e-05 -6.889049e+00 -6.272704e-03 3.312495e-05 9.999804e-01 8.889776e+01
9.999437e-01 -4.275588e-04 -1.060032e-02 1.293427e+02 4.319742e-04 9.999998e-01 4.141162e-04 -6.964091e+00 1.060024e-02 -4.186732e-04 9.999437e-01 8.893831e+01
9.999762e-01 3.428005e-05 6.906296e-03 1.320917e+02 -3.484081e-05 1.000000e+00 8.086887e-05 -7.056156e+00 -6.906393e-03 -8.110635e-05 9.999762e-01 8.899798e+01
9.999654e-01 -3.275956e-04 -8.302891e-03 1.348945e+02 3.307905e-04 9.999999e-01 3.832486e-04 -7.150899e+00 8.302863e-03 -3.859831e-04 9.999654e-01 8.909569e+01
9.999828e-01 3.390665e-05 5.869283e-03 1.373294e+02 -3.419844e-05 1.000000e+00 4.937443e-05 -7.235983e+00 -5.869381e-03 -4.957309e-05 9.999828e-01 8.928534e+01
9.999615e-01 -3.381958e-04 -8.763947e-03 1.397818e+02 3.416819e-04 9.999999e-01 3.961301e-04 -7.321887e+00 8.763911e-03 -3.991105e-04 9.999615e-01 8.948406e+01
9.999703e-01 7.708426e-05 7.719128e-03 1.425380e+02 -7.742487e-05 1.000000e+00 4.364618e-05 -7.415585e+00 -7.719223e-03 -4.424133e-05 9.999702e-01 8.959017e+01
9.999504e-01 -3.930906e-04 -9.942020e-03 1.454680e+02 3.978155e-04 9.999998e-01 4.731334e-04 -7.515080e+00 9.941931e-03 -4.770663e-04 9.999504e-01 8.970322e+01
9.999704e-01 4.235107e-05 7.697811e-03 1.486684e+02 -4.302914e-05 1.000000e+00 8.774118e-05 -7.622071e+00 -7.697907e-03 -8.806862e-05 9.999704e-01 8.976523e+01
9.999682e-01 -2.995234e-04 -7.967799e-03 1.515959e+02 3.024248e-04 9.999999e-01 3.627567e-04 -7.719781e+00 7.967789e-03 -3.651560e-04 9.999681e-01 8.981106e+01
9.999807e-01 2.803898e-05 6.229097e-03 1.540885e+02 -2.829830e-05 1.000000e+00 4.132239e-05 -7.804325e+00 -6.229195e-03 -4.149667e-05 9.999806e-01 8.988870e+01
9.999491e-01 -3.428064e-04 -1.007428e-02 1.562387e+02 3.462415e-04 9.999999e-01 3.391000e-04 -7.879276e+00 1.007426e-02 -3.425721e-04 9.999492e-01 9.001898e+01
9.999757e-01 4.846520e-06 6.973386e-03 1.587996e+02 -5.648098e-06 1.000000e+00 1.147337e-04 -7.966731e+00 -6.973485e-03 -1.147691e-04 9.999757e-01 9.013284e+01
9.999678e-01 -2.357265e-04 -8.012767e-03 1.611936e+02 2.378166e-04 9.999999e-01 2.597225e-04 -8.049520e+00 8.012804e-03 -2.616209e-04 9.999678e-01 9.027485e+01
9.999884e-01 -7.337801e-05 4.829150e-03 1.635319e+02 7.262774e-05 1.000000e+00 1.552590e-04 -8.130743e+00 -4.829260e-03 -1.549052e-04 9.999884e-01 9.042286e+01
9.999649e-01 -2.819783e-04 -8.370801e-03 1.661344e+02 2.846574e-04 9.999999e-01 3.187010e-04 -8.219920e+00 8.370809e-03 -3.210739e-04 9.999649e-01 9.055296e+01
9.999720e-01 4.111530e-05 7.489267e-03 1.686898e+02 -4.172834e-05 1.000000e+00 8.152152e-05 -8.307834e+00 -7.489363e-03 -8.183057e-05 9.999720e-01 9.069165e+01
9.999588e-01 -3.426026e-04 -9.059213e-03 1.716398e+02 3.463842e-04 9.999999e-01 4.157207e-04 -8.406961e+00 9.059169e-03 -4.188427e-04 9.999588e-01 9.076706e+01
9.999761e-01 2.424975e-05 6.928602e-03 1.745715e+02 -2.493275e-05 1.000000e+00 9.830047e-05 -8.506847e+00 -6.928699e-03 -9.846970e-05 9.999760e-01 9.089679e+01
9.999496e-01 -3.399351e-04 -1.002557e-02 1.771451e+02 3.437845e-04 9.999999e-01 3.820981e-04 -8.597290e+00 1.002554e-02 -3.855267e-04 9.999496e-01 9.111825e+01
9.999763e-01 -1.436566e-05 6.891100e-03 1.800389e+02 1.326132e-05 1.000000e+00 1.601127e-04 -8.697125e+00 -6.891201e-03 -1.600164e-04 9.999763e-01 9.130251e+01
9.999543e-01 -3.218071e-04 -9.549240e-03 1.830164e+02 3.255600e-04 9.999999e-01 3.913238e-04 -8.799755e+00 9.549213e-03 -3.944160e-04 9.999543e-01 9.149095e+01
9.999819e-01 -1.696927e-05 6.018274e-03 1.855627e+02 1.645848e-05 1.000000e+00 8.471012e-05 -8.889063e+00 -6.018375e-03 -8.460839e-05 9.999819e-01 9.170275e+01
9.999446e-01 -3.107025e-04 -1.052079e-02 1.878303e+02 3.145169e-04 9.999999e-01 3.607875e-04 -8.971694e+00 1.052077e-02 -3.640776e-04 9.999445e-01 9.200494e+01
9.999755e-01 -1.473359e-05 7.002155e-03 1.902911e+02 1.406950e-05 1.000000e+00 9.470857e-05 -9.058179e+00 -7.002256e-03 -9.460659e-05 9.999755e-01 9.220976e+01
9.999574e-01 -2.667032e-04 -9.223132e-03 1.928223e+02 2.698845e-04 9.999999e-01 3.435391e-04 -9.146402e+00 9.223139e-03 -3.460148e-04 9.999574e-01 9.239168e+01
9.999821e-01 -3.728711e-05 6.000117e-03 1.950576e+02 3.700886e-05 1.000000e+00 4.627618e-05 -9.223903e+00 -6.000218e-03 -4.605215e-05 9.999820e-01 9.252147e+01
9.999549e-01 -2.835862e-04 -9.483466e-03 1.970329e+02 2.861542e-04 9.999999e-01 2.692951e-04 -9.290996e+00 9.483488e-03 -2.719979e-04 9.999549e-01 9.257310e+01
9.999775e-01 -6.561669e-06 6.721265e-03 1.989724e+02 6.367730e-06 1.000000e+00 2.869021e-05 -9.357036e+00 -6.721365e-03 -2.864562e-05 9.999775e-01 9.263195e+01
9.999559e-01 -2.917479e-04 -9.384462e-03 2.010460e+02 2.945458e-04 9.999999e-01 2.966236e-04 -9.426844e+00 9.384474e-03 -2.993758e-04 9.999559e-01 9.266968e+01
9.999731e-01 6.861272e-06 7.337061e-03 2.033250e+02 -7.337742e-06 1.000000e+00 6.474371e-05 -9.503401e+00 -7.337160e-03 -6.479466e-05 9.999731e-01 9.271196e+01
9.999464e-01 -3.209991e-04 -1.034341e-02 2.054944e+02 3.239494e-04 9.999999e-01 2.834370e-04 -9.575703e+00 1.034342e-02 -2.867737e-04 9.999464e-01 9.271622e+01
9.999693e-01 2.717553e-05 7.842619e-03 2.076179e+02 -2.756242e-05 1.000000e+00 4.906563e-05 -9.647190e+00 -7.842718e-03 -4.927914e-05 9.999693e-01 9.275207e+01
9.999620e-01 -2.554391e-04 -8.709470e-03 2.098749e+02 2.579030e-04 9.999999e-01 2.816322e-04 -9.723707e+00 8.709497e-03 -2.838688e-04 9.999620e-01 9.282127e+01
