9.995493e-01 5.019252e-04 3.001562e-02 3.706457e-01 -4.755688e-04 9.999995e-01 -8.852220e-04 -2.669114e-02 -3.001605e-02 8.705481e-04 9.995491e-01 4.963909e-01
9.999942e-01 4.712878e-05 3.411508e-03 5.239449e-01 -4.668682e-05 1.000000e+00 -1.296265e-04 -4.639857e-02 -3.411507e-03 1.294667e-04 9.999941e-01 9.923553e-01
9.997630e-01 3.834982e-04 2.176726e-02 7.291199e-01 -3.699831e-04 9.999997e-01 -6.249174e-04 -6.872866e-02 -2.176751e-02 6.167155e-04 9.997630e-01 1.524632e+00
9.998885e-01 1.948855e-04 1.493128e-02 9.795725e-01 -1.876396e-04 9.999999e-01 -4.866830e-04 -8.985383e-02 -1.493136e-02 4.838272e-04 9.998883e-01 1.956738e+00
9.996375e-01 4.700128e-04 2.692050e-02 1.241766e+00 -4.495308e-04 9.999996e-01 -7.668815e-04 -1.125503e-01 -2.692087e-02 7.545019e-04 9.996374e-01 2.438081e+00
9.998340e-01 2.353207e-04 1.821704e-02 1.430236e+00 -2.243229e-04 9.999998e-01 -6.057457e-04 -1.308673e-01 -1.821716e-02 6.015585e-04 9.998338e-01 2.836929e+00
9.996896e-01 4.440926e-04 2.490932e-02 1.620229e+00 -4.268325e-04 9.999997e-01 -6.982323e-04 -1.492513e-01 -2.490965e-02 6.873837e-04 9.996896e-01 3.236641e+00
9.998741e-01 1.917013e-04 1.586900e-02 1.802610e+00 -1.832603e-04 9.999998e-01 -5.333646e-04 -1.695588e-01 -1.586907e-02 5.303889e-04 9.998738e-01 3.722843e+00
9.996667e-01 4.733283e-04 2.581142e-02 1.955130e+00 -4.552655e-04 9.999996e-01 -7.056737e-04 -1.905044e-01 -2.581178e-02 6.936880e-04 9.996667e-01 4.271911e+00
9.999410e-01 1.302832e-04 1.085888e-02 2.112841e+00 -1.263686e-04 9.999999e-01 -3.611701e-04 -2.144518e-01 -1.085889e-02 3.597760e-04 9.999409e-01 4.927277e+00
9.995619e-01 5.407970e-04 2.959192e-02 2.298289e+00 -5.161879e-04 9.999995e-01 -8.392543e-04 -2.370557e-01 -2.959240e-02 8.236123e-04 9.995618e-01 5.501336e+00
9.999868e-01 3.431926e-05 5.136685e-03 2.559496e+00 -3.337353e-05 1.000000e+00 -1.841627e-04 -2.606365e-01 -5.136648e-03 1.839881e-04 9.999867e-01 6.019625e+00
9.995788e-01 5.331571e-04 2.901791e-02 2.792112e+00 -5.089900e-04 9.999995e-01 -8.402217e-04 -2.838597e-01 -2.901839e-02 8.250987e-04 9.995786e-01 6.562102e+00
9.998967e-01 1.731831e-04 1.437516e-02 2.984872e+00 -1.665658e-04 9.999999e-01 -4.615101e-04 -3.039586e-01 -1.437519e-02 4.590670e-04 9.998965e-01 7.029802e+00
9.997566e-01 4.387557e-04 2.205955e-02 3.256502e+00 -4.253512e-04 9.999997e-01 -6.123534e-04 -3.277358e-01 -2.205987e-02 6.028223e-04 9.997566e-01 7.543538e+00
9.999970e-01 8.907699e-06 2.462979e-03 3.546912e+00 -8.757148e-06 1.000000e+00 -6.100109e-05 -3.566531e-01 -2.462924e-03 6.097829e-05 9.999969e-01 8.235383e+00
9.996419e-01 4.949039e-04 2.675672e-02 3.792133e+00 -4.739957e-04 9.999996e-01 -7.877697e-04 -3.828109e-01 -2.675716e-02 7.748060e-04 9.996418e-01 8.875225e+00
9.999449e-01 1.288019e-04 1.049586e-02 4.003519e+00 -1.256094e-04 9.999999e-01 -3.047924e-04 -4.059735e-01 -1.049584e-02 3.034561e-04 9.999448e-01 9.439934e+00
9.998082e-01 3.942155e-04 1.958326e-02 4.262614e+00 -3.836450e-04 9.999998e-01 -5.435476e-04 -4.331708e-01 -1.958354e-02 5.359316e-04 9.998082e-01 1.010229e+01
9.998215e-01 2.251138e-04 1.889354e-02 4.466965e+00 -2.133792e-04 9.999998e-01 -6.230794e-04 -4.538134e-01 -1.889361e-02 6.189354e-04 9.998212e-01 1.058022e+01
9.996740e-01 4.493652e-04 2.552897e-02 4.728320e+00 -4.307401e-04 9.999996e-01 -7.350821e-04 -4.687063e-01 -2.552936e-02 7.238475e-04 9.996739e-01 1.072781e+01
9.999811e-01 7.221565e-05 6.142732e-03 5.272819e+00 -7.086503e-05 1.000000e+00 -2.199894e-04 -4.933493e-01 -6.142676e-03 2.195485e-04 9.999810e-01 1.091051e+01
9.999223e-01 2.356810e-04 1.246362e-02 5.916960e+00 -2.316012e-04 9.999999e-01 -3.288282e-04 -5.243276e-01 -1.246377e-02 3.259175e-04 9.999224e-01 1.121325e+01
9.999952e-01 2.335522e-05 3.098857e-03 6.710860e+00 -2.292302e-05 1.000000e+00 -1.392895e-04 -5.571603e-01 -3.098786e-03 1.392163e-04 9.999951e-01 1.138859e+01
9.999572e-01 1.984546e-04 9.246797e-03 7.482002e+00 -1.963162e-04 1.000000e+00 -2.322352e-04 -5.896485e-01 -9.246918e-03 2.304114e-04 9.999573e-01 1.158017e+01
9.999991e-01 3.061642e-06 1.311683e-03 8.138941e+00 -2.926546e-06 1.000000e+00 -1.024530e-04 -6.186612e-01 -1.311608e-03 1.024475e-04 9.999991e-01 1.178443e+01
9.999294e-01 2.306200e-04 1.188369e-02 8.772494e+00 -2.269709e-04 9.999999e-01 -3.084777e-04 -6.482621e-01 -1.188384e-02 3.057602e-04 9.999294e-01 1.204539e+01
9.999781e-01 8.150906e-05 6.614848e-03 9.436786e+00 -7.977144e-05 1.000000e+00 -2.628335e-04 -6.766568e-01 -6.614792e-03 2.622985e-04 9.999780e-01 1.221690e+01
9.999370e-01 2.261048e-04 1.122271e-02 1.005691e+01 -2.230541e-04 9.999999e-01 -2.731582e-04 -7.062278e-01 -1.122285e-02 2.706393e-04 9.999371e-01 1.249613e+01
9.999999e-01 -3.504820e-06 4.287373e-04 1.074215e+01 3.534720e-06 1.000000e+00 -6.783715e-05 -7.381065e-01 -4.286576e-04 6.783704e-05 9.999998e-01 1.278235e+01
9.999874e-01 1.403923e-04 5.016637e-03 1.145580e+01 -1.399824e-04 1.000000e+00 -8.223104e-05 -7.715593e-01 -5.016728e-03 8.152938e-05 9.999875e-01 1.309037e+01
9.999742e-01 8.396629e-05 7.179107e-03 1.208097e+01 -8.198138e-05 1.000000e+00 -2.766620e-04 -8.024620e-01 -7.179049e-03 2.760647e-04 9.999741e-01 1.342064e+01
9.999809e-01 1.679684e-04 6.177042e-03 1.258438e+01 -1.673094e-04 1.000000e+00 -1.073411e-04 -8.312274e-01 -6.177141e-03 1.063073e-04 9.999810e-01 1.382657e+01
9.999932e-01 4.154505e-05 3.672747e-03 1.300425e+01 -4.092057e-05 1.000000e+00 -1.698690e-04 -8.591915e-01 -3.672672e-03 1.697159e-04 9.999932e-01 1.431272e+01
9.999837e-01 1.446699e-04 5.712955e-03 1.351087e+01 -1.440523e-04 1.000000e+00 -1.086766e-04 -8.879025e-01 -5.713053e-03 1.078535e-04 9.999838e-01 1.470396e+01
9.999932e-01 4.307788e-05 3.669833e-03 1.400761e+01 -4.246832e-05 1.000000e+00 -1.659302e-04 -9.167261e-01 -3.669757e-03 1.657716e-04 9.999932e-01 1.511186e+01
9.999969e-01 1.080291e-04 2.504714e-03 1.437824e+01 -1.079806e-04 1.000000e+00 -1.984518e-05 -9.426622e-01 -2.504799e-03 1.957634e-05 9.999969e-01 1.556962e+01
9.999805e-01 7.318278e-05 6.241975e-03 1.482646e+01 -7.166442e-05 1.000000e+00 -2.433269e-04 -9.697304e-01 -6.241908e-03 2.428731e-04 9.999804e-01 1.597213e+01
9.999877e-01 1.393142e-04 4.962125e-03 1.521505e+01 -1.388842e-04 1.000000e+00 -8.719153e-05 -9.960900e-01 -4.962221e-03 8.650300e-05 9.999878e-01 1.642540e+01
9.999936e-01 4.097457e-05 3.580327e-03 1.568794e+01 -4.038005e-05 1.000000e+00 -1.658554e-04 -1.024185e+00 -3.580249e-03 1.657080e-04 9.999935e-01 1.683304e+01
9.999804e-01 1.690629e-04 6.267669e-03 1.615322e+01 -1.683481e-04 1.000000e+00 -1.147253e-04 -1.052309e+00 -6.267774e-03 1.136696e-04 9.999804e-01 1.726122e+01
9.999970e-01 -1.154518e-05 -2.430518e-03 1.650177e+01 1.160230e-05 1.000000e+00 2.307961e-05 -1.078856e+00 2.430604e-03 -2.310946e-05 9.999970e-01 1.778673e+01
9.999979e-01 2.227637e-05 2.061592e-03 1.670536e+01 -2.214602e-05 1.000000e+00 -6.372441e-05 -1.097027e+00 -2.061679e-03 6.368034e-05 9.999979e-01 1.815330e+01
9.999951e-01 -1.076069e-05 -3.127535e-03 1.685606e+01 1.091190e-05 1.000000e+00 4.801229e-05 -1.115163e+00 3.127620e-03 -4.804790e-05 9.999950e-01 1.858517e+01
9.999974e-01 -3.606222e-06 2.294656e-03 1.675675e+01 3.852746e-06 1.000000e+00 -1.078579e-04 -1.123984e+00 -2.294741e-03 1.078682e-04 9.999974e-01 1.890658e+01
9.999996e-01 6.607913e-05 -8.429789e-04 1.690860e+01 -6.608125e-05 1.000000e+00 -3.661894e-06 -1.139593e+00 8.430642e-04 3.715871e-06 9.999996e-01 1.921373e+01
9.999897e-01 5.445274e-05 4.549472e-03 1.733663e+01 -5.390697e-05 1.000000e+00 -1.203041e-04 -1.164546e+00 -4.549564e-03 1.200594e-04 9.999897e-01 1.955858e+01
9.999999e-01 5.940911e-05 4.541493e-04 1.784478e+01 -5.937136e-05 1.000000e+00 -8.091169e-05 -1.188391e+00 -4.540682e-04 8.088298e-05 9.999998e-01 1.974793e+01
9.999575e-01 1.170926e-04 9.220649e-03 1.847545e+01 -1.148141e-04 1.000000e+00 -2.477510e-04 -1.214819e+00 -9.220764e-03 2.466836e-04 9.999575e-01 1.987840e+01
9.999980e-01 7.699452e-05 1.980527e-03 1.907958e+01 -7.675756e-05 1.000000e+00 -1.191951e-04 -1.242113e+00 -1.980449e-03 1.190411e-04 9.999980e-01 2.008291e+01
9.999129e-01 1.719469e-04 1.319905e-02 1.964363e+01 -1.670781e-04 9.999999e-01 -3.700604e-04 -1.267695e+00 -1.319920e-02 3.678247e-04 9.999129e-01 2.027608e+01
9.999983e-01 1.023724e-04 1.828365e-03 2.008591e+01 -1.022399e-04 1.000000e+00 -7.193593e-05 -1.295010e+00 -1.828284e-03 7.174708e-05 9.999983e-01 2.070153e+01
9.999577e-01 1.268303e-04 9.198878e-03 2.040108e+01 -1.245341e-04 1.000000e+00 -2.503093e-04 -1.320233e+00 -9.198999e-03 2.491550e-04 9.999577e-01 2.120882e+01
9.999866e-01 -1.791885e-05 -5.163016e-03 2.074329e+01 1.839177e-05 1.000000e+00 9.132900e-05 -1.342645e+00 5.163103e-03 -9.142454e-05 9.999866e-01 2.155707e+01
9.999592e-01 1.430214e-04 9.033551e-03 2.114766e+01 -1.409911e-04 1.000000e+00 -2.255115e-04 -1.367347e+00 -9.033673e-03 2.242304e-04 9.999592e-01 2.191733e+01
9.999636e-01 -6.876868e-05 -8.534481e-03 2.143751e+01 7.055139e-05 1.000000e+00 2.084472e-04 -1.391312e+00 8.534555e-03 -2.090435e-04 9.999635e-01 2.239930e+01
9.998989e-01 2.227724e-04 1.422040e-02 2.186401e+01 -2.174006e-04 9.999999e-01 -3.793743e-04 -1.417869e+00 -1.422058e-02 3.762462e-04 9.998989e-01 2.281354e+01
9.999717e-01 -4.886651e-05 -7.517668e-03 2.214092e+01 5.026357e-05 1.000000e+00 1.854923e-04 -1.442467e+00 7.517749e-03 -1.858668e-04 9.999717e-01 2.334949e+01
9.999476e-01 1.777407e-04 1.024054e-02 2.245041e+01 -1.751608e-04 1.000000e+00 -2.529354e-04 -1.468351e+00 -1.024067e-02 2.511302e-04 9.999476e-01 2.389072e+01
9.999843e-01 -8.875576e-06 -5.589539e-03 2.281554e+01 9.824846e-06 1.000000e+00 1.695928e-04 -1.498537e+00 5.589627e-03 -1.696469e-04 9.999843e-01 2.454310e+01
9.999766e-01 1.201277e-04 6.847109e-03 2.314796e+01 -1.192350e-04 1.000000e+00 -1.309396e-04 -1.529006e+00 -6.847214e-03 1.301219e-04 9.999766e-01 2.525028e+01
9.999690e-01 -1.017177e-04 -7.873288e-03 2.353936e+01 1.034497e-04 1.000000e+00 2.194256e-04 -1.559187e+00 7.873356e-03 -2.202351e-04 9.999689e-01 2.586389e+01
9.999699e-01 1.593178e-04 7.767130e-03 2.393135e+01 -1.581360e-04 1.000000e+00 -1.529162e-04 -1.589840e+00 -7.767244e-03 1.516851e-04 9.999699e-01 2.649315e+01
9.999999e-01 4.626615e-05 3.823016e-04 2.435086e+01 -4.624281e-05 1.000000e+00 -5.802815e-05 -1.619757e+00 -3.822138e-04 5.800869e-05 9.999999e-01 2.706278e+01
9.999098e-01 2.341848e-04 1.343091e-02 2.467770e+01 -2.297586e-04 9.999999e-01 -3.311770e-04 -1.647150e+00 -1.343108e-02 3.280630e-04 9.999098e-01 2.764925e+01
9.999999e-01 6.641641e-05 -2.949495e-04 2.501043e+01 -6.641588e-05 1.000000e+00 -2.243607e-06 -1.676452e+00 2.950410e-04 2.261407e-06 9.999999e-01 2.830604e+01
9.999994e-01 1.837064e-05 1.089855e-03 2.548297e+01 -1.845515e-05 1.000000e+00 7.644186e-05 -1.711053e+00 -1.089945e-03 -7.646014e-05 9.999995e-01 2.899300e+01
9.999927e-01 1.491365e-04 3.822911e-03 2.596263e+01 -1.485311e-04 1.000000e+00 -1.583462e-04 -1.744754e+00 -3.822842e-03 1.577754e-04 9.999926e-01 2.963598e+01
9.999972e-01 -6.323648e-05 -2.392309e-03 2.657035e+01 6.367689e-05 1.000000e+00 1.845170e-04 -1.779531e+00 2.392205e-03 -1.846670e-04 9.999972e-01 3.013770e+01
9.999973e-01 1.250769e-04 2.311766e-03 2.702584e+01 -1.248773e-04 1.000000e+00 -8.598269e-05 -1.814028e+00 -2.311685e-03 8.569201e-05 9.999973e-01 3.084115e+01
9.999986e-01 2.366146e-05 1.714740e-03 2.752163e+01 -2.368168e-05 1.000000e+00 1.108137e-05 -1.846597e+00 -1.714832e-03 -1.112021e-05 9.999986e-01 3.140573e+01
9.999505e-01 1.940121e-04 9.943458e-03 2.817424e+01 -1.906173e-04 9.999999e-01 -3.422355e-04 -1.879215e+00 -9.943431e-03 3.403214e-04 9.999504e-01 3.175613e+01
9.999932e-01 3.038843e-05 3.699195e-03 2.889355e+01 -3.016617e-05 1.000000e+00 -6.046826e-05 -1.912259e+00 -3.699290e-03 6.035803e-05 9.999932e-01 3.203296e+01
9.999305e-01 2.277292e-04 1.178617e-02 2.947100e+01 -2.231493e-04 9.999999e-01 -3.897981e-04 -1.942177e+00 -1.178617e-02 3.871391e-04 9.999304e-01 3.237528e+01
9.999909e-01 -2.202807e-05 -4.283792e-03 2.989896e+01 2.297875e-05 1.000000e+00 2.221742e-04 -1.974371e+00 4.283693e-03 -2.222688e-04 9.999909e-01 3.301750e+01
9.999688e-01 1.730720e-04 7.895368e-03 3.037322e+01 -1.711106e-04 1.000000e+00 -2.489483e-04 -2.008279e+00 -7.895317e-03 2.475878e-04 9.999687e-01 3.367169e+01
9.999867e-01 -5.105219e-05 -5.169988e-03 3.082486e+01 5.211557e-05 1.000000e+00 2.057963e-04 -2.038783e+00 5.169884e-03 -2.060613e-04 9.999867e-01 3.421030e+01
9.999584e-01 1.939376e-04 9.118025e-03 3.118518e+01 -1.912551e-04 9.999999e-01 -2.949320e-04 -2.066771e+00 -9.117988e-03 2.931741e-04 9.999583e-01 3.476497e+01
9.999664e-01 -6.656269e-05 -8.203781e-03 3.127317e+01 6.909098e-05 1.000000e+00 3.080597e-04 -2.090307e+00 8.203666e-03 -3.086144e-04 9.999664e-01 3.549805e+01
9.999544e-01 2.144125e-04 9.539260e-03 3.132124e+01 -2.120937e-04 9.999999e-01 -2.439661e-04 -2.117451e+00 -9.539217e-03 2.419300e-04 9.999544e-01 3.643375e+01
9.999664e-01 -8.281752e-05 -8.199010e-03 3.147420e+01 8.518864e-05 1.000000e+00 2.890014e-04 -2.145348e+00 8.198892e-03 -2.896884e-04 9.999664e-01 3.726868e+01
9.999641e-01 1.644996e-04 8.473098e-03 3.178811e+01 -1.623396e-04 1.000000e+00 -2.554693e-04 -2.173201e+00 -8.473046e-03 2.540828e-04 9.999640e-01 3.788260e+01
9.999376e-01 -1.693885e-04 -1.117542e-02 3.232284e+01 1.732682e-04 9.999999e-01 3.463150e-04 -2.202290e+00 1.117527e-02 -3.482280e-04 9.999376e-01 3.823884e+01
9.999551e-01 1.723056e-04 9.468037e-03 3.289103e+01 -1.697432e-04 9.999999e-01 -2.713137e-04 -2.232553e+00 -9.467989e-03 2.696926e-04 9.999551e-01 3.859934e+01
9.999441e-01 -1.856109e-04 -1.057473e-02 3.377675e+01 1.894187e-04 9.999999e-01 3.592026e-04 -2.271462e+00 1.057456e-02 -3.611838e-04 9.999441e-01 3.888828e+01
9.999328e-01 2.150566e-04 1.158737e-02 3.471972e+01 -2.115402e-04 9.999999e-01 -3.045855e-04 -2.314103e+00 -1.158734e-02 3.021121e-04 9.999328e-01 3.925982e+01
9.999621e-01 -1.067471e-04 -8.714817e-03 3.544954e+01 1.093533e-04 9.999999e-01 2.987136e-04 -2.352346e+00 8.714690e-03 -2.996535e-04 9.999620e-01 3.974406e+01
9.999525e-01 1.565257e-04 9.738324e-03 3.619512e+01 -1.539596e-04 1.000000e+00 -2.641299e-04 -2.389426e+00 -9.738270e-03 2.626164e-04 9.999525e-01 4.015677e+01
9.999733e-01 -7.337580e-05 -7.309059e-03 3.694235e+01 7.515704e-05 1.000000e+00 2.435982e-04 -2.425707e+00 7.308946e-03 -2.441394e-04 9.999733e-01 4.053224e+01
9.999292e-01 2.358878e-04 1.189233e-02 3.740290e+01 -2.321528e-04 9.999999e-01 -3.153538e-04 -2.458361e+00 -1.189231e-02 3.125690e-04 9.999292e-01 4.115136e+01
9.999595e-01 -1.104574e-04 -9.007613e-03 3.793833e+01 1.130606e-04 1.000000e+00 2.886292e-04 -2.491737e+00 9.007486e-03 -2.896342e-04 9.999595e-01 4.169718e+01
9.999523e-01 1.961586e-04 9.761425e-03 3.832397e+01 -1.936661e-04 9.999999e-01 -2.561617e-04 -2.521453e+00 -9.761380e-03 2.542573e-04 9.999523e-01 4.229230e+01
9.999482e-01 -1.285383e-04 -1.018568e-02 3.861067e+01 1.316162e-04 9.999999e-01 3.016302e-04 -2.547980e+00 1.018554e-02 -3.029535e-04 9.999481e-01 4.288475e+01
9.999501e-01 1.842165e-04 9.988879e-03 3.902641e+01 -1.813735e-04 9.999999e-01 -2.854007e-04 -2.574927e+00 -9.988837e-03 2.835730e-04 9.999500e-01 4.331646e+01
9.999648e-01 -1.039125e-04 -8.398821e-03 3.959457e+01 1.061978e-04 1.000000e+00 2.718043e-04 -2.606546e+00 8.398698e-03 -2.726850e-04 9.999648e-01 4.374253e+01
9.999306e-01 2.349009e-04 1.177927e-02 4.009822e+01 -2.309314e-04 9.999999e-01 -3.382532e-04 -2.637636e+00 -1.177926e-02 3.355078e-04 9.999305e-01 4.423568e+01
9.999755e-01 -9.549117e-05 -6.998186e-03 4.042662e+01 9.688339e-05 1.000000e+00 1.987783e-04 -2.662916e+00 6.998071e-03 -1.994497e-04 9.999756e-01 4.472358e+01
9.998265e-01 3.224142e-04 1.862486e-02 4.063551e+01 -3.121091e-04 9.999998e-01 -5.561385e-04 -2.684723e+00 -1.862494e-02 5.502274e-04 9.998263e-01 4.523627e+01
9.999304e-01 -1.563925e-04 -1.180125e-02 4.079575e+01 1.603085e-04 9.999999e-01 3.309958e-04 -2.704825e+00 1.180110e-02 -3.328629e-04 9.999304e-01 4.573954e+01
9.998600e-01 3.010659e-04 1.672844e-02 4.108666e+01 -2.930734e-04 9.999998e-01 -4.801543e-04 -2.729255e+00 -1.672849e-02 4.751828e-04 9.998599e-01 4.624417e+01
9.999526e-01 -1.065995e-04 -9.738658e-03 4.129379e+01 1.094932e-04 9.999999e-01 2.967377e-04 -2.754366e+00 9.738530e-03 -2.977883e-04 9.999526e-01 4.689335e+01
9.998395e-01 3.161464e-04 1.791026e-02 4.151472e+01 -3.068923e-04 9.999998e-01 -5.193671e-04 -2.779557e+00 -1.791033e-02 5.137856e-04 9.998394e-01 4.752587e+01
9.999688e-01 -9.629835e-05 -7.899289e-03 4.174968e+01 9.817536e-05 1.000000e+00 2.373955e-04 -2.804270e+00 7.899169e-03 -2.381620e-04 9.999688e-01 4.812237e+01
9.998740e-01 3.030387e-04 1.586647e-02 4.209634e+01 -2.960189e-04 9.999999e-01 -4.446973e-04 -2.832827e+00 -1.586650e-02 4.399429e-04 9.998740e-01 4.872785e+01
9.999946e-01 -3.791247e-05 -3.287784e-03 4.246674e+01 3.826571e-05 1.000000e+00 1.077785e-04 -2.862202e+00 3.287683e-03 -1.079021e-04 9.999947e-01 4.934096e+01
9.999247e-01 2.574730e-04 1.226481e-02 4.274418e+01 -2.532341e-04 9.999999e-01 -3.470601e-04 -2.888390e+00 -1.226480e-02 3.439264e-04 9.999247e-01 4.994829e+01
9.999642e-01 -1.177131e-04 -8.460466e-03 4.304735e+01 1.197015e-04 1.000000e+00 2.346670e-04 -2.913084e+00 8.460341e-03 -2.356697e-04 9.999642e-01 5.044979e+01
9.998731e-01 2.722694e-04 1.592763e-02 4.366763e+01 -2.648233e-04 9.999999e-01 -4.695269e-04 -2.943000e+00 -1.592766e-02 4.652476e-04 9.998730e-01 5.073592e+01
9.999999e-01 7.375839e-06 4.414433e-04 4.423428e+01 -7.366349e-06 1.000000e+00 -2.459096e-05 -2.971309e+00 -4.415412e-04 2.458937e-05 1.000000e+00 5.104033e+01
9.997784e-01 3.535858e-04 2.104637e-02 4.460461e+01 -3.402689e-04 9.999997e-01 -6.362561e-04 -2.995057e+00 -2.104649e-02 6.289520e-04 9.997782e-01 5.142114e+01
9.999926e-01 -2.026187e-05 -3.852195e-03 4.497756e+01 2.082075e-05 1.000000e+00 1.454153e-04 -3.021718e+00 3.852094e-03 -1.454928e-04 9.999926e-01 5.191673e+01
9.999382e-01 2.125437e-04 1.111489e-02 4.546121e+01 -2.089699e-04 9.999999e-01 -3.225695e-04 -3.053052e+00 -1.111486e-02 3.202252e-04 9.999381e-01 5.245379e+01
1.000000e+00 1.539978e-05 -1.642761e-04 4.599119e+01 -1.539820e-05 1.000000e+00 1.841354e-05 -3.083913e+00 1.641776e-04 -1.840935e-05 1.000000e+00 5.291464e+01
9.999552e-01 2.128429e-04 9.458313e-03 4.633883e+01 -2.104385e-04 9.999999e-01 -2.550429e-04 -3.112538e+00 -9.458268e-03 2.530395e-04 9.999552e-01 5.352632e+01
1.000000e+00 5.419948e-06 -2.566681e-04 4.664519e+01 -5.418931e-06 1.000000e+00 9.688401e-06 -3.139870e+00 2.565691e-04 -9.685352e-06 1.000000e+00 5.413674e+01
9.999300e-01 2.240252e-04 1.182513e-02 4.694210e+01 -2.199965e-04 9.999999e-01 -3.418722e-04 -3.165416e+00 -1.182511e-02 3.392451e-04 9.999300e-01 5.468487e+01
9.999961e-01 -3.495425e-05 -2.812539e-03 4.728919e+01 3.514378e-05 1.000000e+00 6.787367e-05 -3.190557e+00 2.812437e-03 -6.797058e-05 9.999961e-01 5.514671e+01
9.999836e-01 1.487415e-04 5.723545e-03 4.756450e+01 -1.478026e-04 1.000000e+00 -1.642063e-04 -3.213540e+00 -5.723470e-03 1.633560e-04 9.999836e-01 5.561136e+01
9.999859e-01 -6.735756e-05 -5.326581e-03 4.786526e+01 6.812360e-05 1.000000e+00 1.439154e-04 -3.237075e+00 5.326472e-03 -1.442746e-04 9.999859e-01 5.605895e+01
9.999568e-01 1.757361e-04 9.292895e-03 4.828031e+01 -1.730308e-04 9.999999e-01 -2.917610e-04 -3.260896e+00 -9.292847e-03 2.901388e-04 9.999567e-01 5.636171e+01
9.999758e-01 -7.127251e-05 -6.961851e-03 4.865008e+01 7.275938e-05 1.000000e+00 2.135388e-04 -3.285454e+00 6.961736e-03 -2.140386e-04 9.999758e-01 5.676060e+01
9.999161e-01 2.032560e-04 1.295212e-02 4.904699e+01 -1.976904e-04 9.999999e-01 -4.308681e-04 -3.308598e+00 -1.295211e-02 4.282698e-04 9.999160e-01 5.706650e+01
9.999513e-01 -1.021166e-04 -9.876192e-03 4.963352e+01 1.052914e-04 9.999999e-01 3.210973e-04 -3.337087e+00 9.876059e-03 -3.221198e-04 9.999512e-01 5.732851e+01
9.999290e-01 1.965494e-04 1.191115e-02 5.016602e+01 -1.920344e-04 9.999999e-01 -3.800685e-04 -3.365824e+00 -1.191113e-02 3.777526e-04 9.999289e-01 5.767656e+01
9.999204e-01 -1.664851e-04 -1.261694e-02 5.078213e+01 1.717560e-04 9.999999e-01 4.168004e-04 -3.396814e+00 1.261677e-02 -4.189326e-04 9.999204e-01 5.800189e+01
9.999207e-01 1.983249e-04 1.258461e-02 5.155404e+01 -1.936302e-04 9.999999e-01 -3.741500e-04 -3.432794e+00 -1.258459e-02 3.716820e-04 9.999207e-01 5.832645e+01
9.999384e-01 -1.362962e-04 -1.110575e-02 5.235152e+01 1.403582e-04 9.999999e-01 3.651199e-04 -3.469590e+00 1.110560e-02 -3.666546e-04 9.999383e-01 5.864969e+01
9.999272e-01 1.920897e-04 1.206028e-02 5.312198e+01 -1.871304e-04 9.999999e-01 -4.122181e-04 -3.500885e+00 -1.206026e-02 4.099296e-04 9.999271e-01 5.876913e+01
9.999774e-01 -7.681788e-05 -6.736471e-03 5.396005e+01 7.849639e-05 1.000000e+00 2.491315e-04 -3.535903e+00 6.736352e-03 -2.496530e-04 9.999773e-01 5.895868e+01
9.999388e-01 1.798821e-04 1.105946e-02 5.479600e+01 -1.755849e-04 9.999999e-01 -3.893857e-04 -3.570126e+00 -1.105943e-02 3.874184e-04 9.999387e-01 5.911557e+01
9.999659e-01 -1.093199e-04 -8.259614e-03 5.575549e+01 1.118873e-04 9.999999e-01 3.105663e-04 -3.606745e+00 8.259480e-03 -3.114782e-04 9.999659e-01 5.920603e+01
9.999657e-01 1.071641e-04 8.270776e-03 5.670897e+01 -1.047007e-04 1.000000e+00 -2.980930e-04 -3.643382e+00 -8.270708e-03 2.972152e-04 9.999657e-01 5.930307e+01
9.999901e-01 -2.054959e-05 -4.458740e-03 5.754934e+01 2.132025e-05 1.000000e+00 1.731422e-04 -3.676994e+00 4.458636e-03 -1.732339e-04 9.999901e-01 5.943036e+01
9.999794e-01 7.772752e-05 6.406760e-03 5.840662e+01 -7.622675e-05 1.000000e+00 -2.342555e-04 -3.711519e+00 -6.406678e-03 2.337607e-04 9.999794e-01 5.957112e+01
9.999814e-01 -5.067413e-05 -6.098708e-03 5.918325e+01 5.191230e-05 1.000000e+00 2.031168e-04 -3.742393e+00 6.098598e-03 -2.034280e-04 9.999814e-01 5.966781e+01
9.999275e-01 1.764087e-04 1.203842e-02 5.984697e+01 -1.715885e-04 9.999999e-01 -4.013087e-04 -3.772236e+00 -1.203839e-02 3.992123e-04 9.999274e-01 5.988478e+01
9.999916e-01 -3.024550e-05 -4.099680e-03 6.043835e+01 3.079751e-05 1.000000e+00 1.349653e-04 -3.799321e+00 4.099577e-03 -1.350888e-04 9.999916e-01 6.008930e+01
9.999777e-01 1.032514e-04 6.663906e-03 6.116052e+01 -1.016345e-04 1.000000e+00 -2.427525e-04 -3.828895e+00 -6.663831e-03 2.420682e-04 9.999777e-01 6.021015e+01
9.999994e-01 6.134594e-05 1.152812e-03 6.175380e+01 -6.137408e-05 1.000000e+00 2.301092e-05 -3.859927e+00 -1.152911e-03 -2.308003e-05 9.999994e-01 6.057521e+01
9.999704e-01 1.398571e-04 7.692355e-03 6.261695e+01 -1.386455e-04 1.000000e+00 -1.578381e-04 -3.904341e+00 -7.692277e-03 1.567653e-04 9.999703e-01 6.113060e+01
9.999736e-01 -1.215593e-04 -7.266200e-03 6.345097e+01 1.235654e-04 1.000000e+00 2.758499e-04 -3.946337e+00 7.266066e-03 -2.767388e-04 9.999736e-01 6.163391e+01
9.999811e-01 1.376970e-04 6.143311e-03 6.375864e+01 -1.361804e-04 1.000000e+00 -2.470401e-04 -3.969915e+00 -6.143245e-03 2.461973e-04 9.999810e-01 6.207187e+01
9.999969e-01 4.962723e-05 2.498011e-03 6.419257e+01 -4.967550e-05 1.000000e+00 1.863225e-05 -3.999540e+00 -2.498110e-03 -1.875467e-05 9.999969e-01 6.259796e+01
9.998350e-01 2.932815e-04 1.816092e-02 6.470124e+01 -2.825186e-04 9.999998e-01 -5.951191e-04 -4.030714e+00 -1.816099e-02 5.898885e-04 9.998349e-01 6.309030e+01
9.999551e-01 -6.841134e-05 -9.477103e-03 6.516780e+01 7.222429e-05 9.999999e-01 4.021639e-04 -4.063293e+00 9.476975e-03 -4.028288e-04 9.999551e-01 6.369408e+01
9.999513e-01 1.438584e-04 9.860481e-03 6.556678e+01 -1.399976e-04 9.999999e-01 -3.920678e-04 -4.091189e+00 -9.860436e-03 3.906667e-04 9.999513e-01 6.418452e+01
9.999959e-01 4.887908e-07 -2.888592e-03 6.604969e+01 4.292910e-08 1.000000e+00 1.846387e-04 -4.119194e+00 2.888492e-03 -1.846364e-04 9.999959e-01 6.457195e+01
9.997755e-01 2.999493e-04 2.118602e-02 6.651890e+01 -2.844404e-04 9.999997e-01 -7.349699e-04 -4.145606e+00 -2.118613e-02 7.287772e-04 9.997752e-01 6.492763e+01
9.999777e-01 -1.509160e-06 -6.684041e-03 6.690110e+01 3.820492e-06 9.999999e-01 3.460372e-04 -4.175316e+00 6.683940e-03 -3.460534e-04 9.999777e-01 6.552945e+01
9.997176e-01 2.968225e-04 2.375777e-02 6.754686e+01 -2.768673e-04 9.999996e-01 -8.431592e-04 -4.207591e+00 -2.375791e-02 8.363419e-04 9.997173e-01 6.588168e+01
9.999777e-01 1.364111e-05 -6.692787e-03 6.817083e+01 -1.122343e-05 9.999999e-01 3.615321e-04 -4.239287e+00 6.692692e-03 -3.614473e-04 9.999776e-01 6.624233e+01
9.998451e-01 2.035375e-04 1.759633e-02 6.867802e+01 -1.916556e-04 9.999998e-01 -6.768353e-04 -4.268533e+00 -1.759636e-02 6.733564e-04 9.998449e-01 6.665039e+01
9.999837e-01 7.241305e-05 -5.722606e-03 6.921692e+01 -7.006581e-05 9.999999e-01 4.106740e-04 -4.304766e+00 5.722535e-03 -4.102648e-04 9.999836e-01 6.731169e+01
9.997200e-01 2.587815e-04 2.365866e-02 6.982989e+01 -2.379369e-04 9.999996e-01 -8.837985e-04 -4.339832e+00 -2.365878e-02 8.779203e-04 9.997197e-01 6.782425e+01
9.997810e-01 -1.691037e-04 -2.092876e-02 7.070155e+01 1.859885e-04 9.999997e-01 8.049167e-04 -4.375641e+00 2.092852e-02 -8.086314e-04 9.997807e-01 6.800136e+01
9.996273e-01 3.280940e-04 2.729545e-02 7.152476e+01 -3.018253e-04 9.999995e-01 -9.664364e-04 -4.413044e+00 -2.729565e-02 9.578363e-04 9.996269e-01 6.832141e+01
9.997858e-01 -1.397475e-04 -2.069764e-02 7.213644e+01 1.562696e-04 9.999997e-01 7.967313e-04 -4.446261e+00 2.069743e-02 -7.997935e-04 9.997855e-01 6.875622e+01
9.997850e-01 2.039056e-04 2.073168e-02 7.271293e+01 -1.873626e-04 9.999997e-01 -7.998154e-04 -4.475433e+00 -2.073173e-02 7.957576e-04 9.997847e-01 6.905772e+01
9.997997e-01 -1.304621e-04 -2.001420e-02 7.324301e+01 1.457586e-04 9.999997e-01 7.629174e-04 -4.502951e+00 2.001399e-02 -7.656803e-04 9.997994e-01 6.935275e+01
9.994699e-01 3.896386e-04 3.255257e-02 7.366664e+01 -3.532067e-04 9.999993e-01 -1.124862e-03 -4.531246e+00 -3.255289e-02 1.112766e-03 9.994694e-01 6.984021e+01
9.998686e-01 -6.121831e-05 -1.621246e-02 7.414579e+01 7.212787e-05 9.999998e-01 6.724412e-04 -4.562208e+00 1.621231e-02 -6.735207e-04 9.998684e-01 7.036731e+01
9.997889e-01 2.042403e-04 2.054051e-02 7.465008e+01 -1.882162e-04 9.999997e-01 -7.819662e-04 -4.592471e+00 -2.054056e-02 7.779337e-04 9.997887e-01 7.081810e+01
9.997942e-01 -1.743395e-04 -2.029094e-02 7.543059e+01 1.897827e-04 9.999997e-01 7.592561e-04 -4.624069e+00 2.029070e-02 -7.629492e-04 9.997939e-01 7.093489e+01
9.997276e-01 2.555757e-04 2.333482e-02 7.636954e+01 -2.359613e-04 9.999996e-01 -8.432388e-04 -4.661623e+00 -2.333493e-02 8.375016e-04 9.997273e-01 7.109265e+01
9.998735e-01 -7.189082e-05 -1.590754e-02 7.711022e+01 8.204166e-05 9.999998e-01 6.375786e-04 -4.696301e+00 1.590740e-02 -6.388015e-04 9.998733e-01 7.140539e+01
9.998036e-01 1.898078e-04 1.981651e-02 7.782819e+01 -1.751099e-04 9.999997e-01 -7.433423e-04 -4.730113e+00 -1.981655e-02 7.397247e-04 9.998033e-01 7.171105e+01
9.998468e-01 -1.062333e-04 -1.750551e-02 7.863320e+01 1.181502e-04 9.999998e-01 6.798239e-04 -4.764794e+00 1.750534e-02 -6.817865e-04 9.998466e-01 7.193029e+01
9.997803e-01 2.088612e-04 2.095786e-02 7.945197e+01 -1.930272e-04 9.999997e-01 -7.574540e-04 -4.801290e+00 -2.095792e-02 7.532407e-04 9.997800e-01 7.221152e+01
9.998286e-01 -9.804103e-05 -1.851650e-02 8.011533e+01 1.116653e-04 9.999997e-01 7.348596e-04 -4.836373e+00 1.851632e-02 -7.367998e-04 9.998283e-01 7.264993e+01
9.997605e-01 2.325041e-04 2.187949e-02 8.068596e+01 -2.151698e-04 9.999997e-01 -7.945331e-04 -4.869341e+00 -2.187956e-02 7.896336e-04 9.997603e-01 7.312538e+01
9.997841e-01 -1.478027e-04 -2.078196e-02 8.131803e+01 1.638675e-04 9.999997e-01 7.714027e-04 -4.900664e+00 2.078174e-02 -7.746401e-04 9.997838e-01 7.344262e+01
9.997874e-01 2.264292e-04 2.061649e-02 8.177192e+01 -2.121242e-04 9.999997e-01 -6.959601e-04 -4.933345e+00 -2.061654e-02 6.914375e-04 9.997872e-01 7.406922e+01
9.998171e-01 -1.322518e-04 -1.912524e-02 8.241415e+01 1.459251e-04 9.999997e-01 7.136344e-04 -4.969321e+00 1.912504e-02 -7.162933e-04 9.998169e-01 7.457195e+01
9.997548e-01 2.557472e-04 2.214101e-02 8.300110e+01 -2.391995e-04 9.999997e-01 -7.499462e-04 -5.003133e+00 -2.214109e-02 7.444648e-04 9.997545e-01 7.506172e+01
9.996651e-01 -2.138294e-04 -2.587991e-02 8.325846e+01 2.368338e-04 9.999996e-01 8.858966e-04 -5.029996e+00 2.587961e-02 -8.917277e-04 9.996647e-01 7.571043e+01
9.996804e-01 2.802921e-04 2.527798e-02 8.356783e+01 -2.593320e-04 9.999996e-01 -8.323910e-04 -5.057228e+00 -2.527810e-02 8.255682e-04 9.996801e-01 7.630645e+01
9.998260e-01 -9.855519e-05 -1.865536e-02 8.394955e+01 1.106407e-04 9.999998e-01 6.468980e-04 -5.084757e+00 1.865519e-02 -6.488480e-04 9.998258e-01 7.681819e+01
9.996966e-01 3.126122e-04 2.462866e-02 8.427358e+01 -2.939850e-04 9.999997e-01 -7.598687e-04 -5.115190e+00 -2.462879e-02 7.523963e-04 9.996963e-01 7.753765e+01
9.998333e-01 -1.129996e-04 -1.826117e-02 8.458964e+01 1.239673e-04 9.999998e-01 5.995735e-04 -5.143030e+00 1.826100e-02 -6.017359e-04 9.998331e-01 7.815907e+01
9.997351e-01 2.737425e-04 2.301299e-02 8.502980e+01 -2.572900e-04 9.999997e-01 -7.178084e-04 -5.172406e+00 -2.301309e-02 7.116959e-04 9.997349e-01 7.866928e+01
9.997017e-01 -2.095135e-04 -2.442536e-02 8.529205e+01 2.282939e-04 9.999997e-01 7.661761e-04 -5.196681e+00 2.442509e-02 -7.715223e-04 9.997014e-01 7.920097e+01
9.997315e-01 2.884810e-04 2.316701e-02 8.535103e+01 -2.715394e-04 9.999997e-01 -7.343501e-04 -5.216595e+00 -2.316712e-02 7.278608e-04 9.997313e-01 7.982088e+01
9.998079e-01 -1.009462e-04 -1.960179e-02 8.538254e+01 1.141158e-04 9.999998e-01 6.708301e-04 -5.239616e+00 1.960162e-02 -6.729367e-04 9.998077e-01 8.060947e+01
9.997834e-01 2.603380e-04 2.080741e-02 8.540142e+01 -2.468079e-04 9.999998e-01 -6.527362e-04 -5.262921e+00 -2.080748e-02 6.474580e-04 9.997833e-01 8.142482e+01
9.997381e-01 -1.378069e-04 -2.288752e-02 8.539201e+01 1.545261e-04 9.999997e-01 7.288045e-04 -5.283272e+00 2.288732e-02 -7.321490e-04 9.997378e-01 8.215439e+01
9.998018e-01 2.549169e-04 1.990593e-02 8.539729e+01 -2.421177e-04 9.999998e-01 -6.453085e-04 -5.302902e+00 -1.990599e-02 6.403597e-04 9.998016e-01 8.282717e+01
9.995856e-01 -1.540528e-04 -2.878747e-02 8.547134e+01 1.784041e-04 9.999996e-01 8.433932e-04 -5.321871e+00 2.878723e-02 -8.481781e-04 9.995852e-01 8.338623e+01
9.997586e-01 2.154191e-04 2.196953e-02 8.561348e+01 -2.007310e-04 9.999998e-01 -6.706957e-04 -5.343488e+00 -2.196957e-02 6.661224e-04 9.997584e-01 8.396270e+01
9.994342e-01 -1.182788e-04 -3.363575e-02 8.579779e+01 1.496577e-04 9.999996e-01 9.304384e-04 -5.362887e+00 3.363553e-02 -9.349444e-04 9.994338e-01 8.439829e+01
9.995819e-01 1.780384e-04 2.891150e-02 8.594618e+01 -1.540455e-04 9.999996e-01 -8.320453e-04 -5.382849e+00 -2.891154e-02 8.272424e-04 9.995816e-01 8.490060e+01
9.993682e-01 -8.388742e-05 -3.554439e-02 8.596961e+01 1.185079e-04 9.999995e-01 9.719475e-04 -5.401099e+00 3.554420e-02 -9.755443e-04 9.993677e-01 8.548303e+01
9.996274e-01 1.243455e-04 2.729432e-02 8.627881e+01 -1.035835e-04 9.999997e-01 -7.620251e-04 -5.424926e+00 -2.729431e-02 7.589126e-04 9.996271e-01 8.592913e+01
9.993225e-01 -1.132616e-04 -3.680436e-02 8.675511e+01 1.503601e-04 9.999995e-01 1.005268e-03 -5.451140e+00 3.680413e-02 -1.010120e-03 9.993220e-01 8.624693e+01
9.997093e-01 1.637224e-04 2.410882e-02 8.720446e+01 -1.465678e-04 9.999997e-01 -7.132498e-04 -5.474037e+00 -2.410884e-02 7.095076e-04 9.997090e-01 8.647680e+01
9.994941e-01 -1.630161e-04 -3.180572e-02 8.774676e+01 1.904266e-04 9.999996e-01 8.588324e-04 -5.498104e+00 3.180547e-02 -8.644532e-04 9.994937e-01 8.661403e+01
9.996847e-01 1.601103e-04 2.510823e-02 8.828948e+01 -1.407196e-04 9.999997e-01 -7.739907e-04 -5.519372e+00 -2.510825e-02 7.702121e-04 9.996844e-01 8.663176e+01
9.995660e-01 -1.581717e-04 -2.946001e-02 8.880528e+01 1.827182e-04 9.999996e-01 8.305796e-04 -5.542824e+00 2.945977e-02 -8.356006e-04 9.995657e-01 8.677331e+01
9.996239e-01 1.981352e-04 2.742237e-02 8.931969e+01 -1.767014e-04 9.999997e-01 -7.839836e-04 -5.570160e+00 -2.742242e-02 7.788418e-04 9.996236e-01 8.708052e+01
9.995046e-01 -2.137349e-04 -3.147328e-02 8.999434e+01 2.417020e-04 9.999996e-01 8.848472e-04 -5.600175e+00 3.147298e-02 -8.920147e-04 9.995042e-01 8.727923e+01
9.996186e-01 1.873770e-04 2.761293e-02 9.072825e+01 -1.661419e-04 9.999997e-01 -7.712676e-04 -5.632238e+00 -2.761297e-02 7.663845e-04 9.996183e-01 8.748423e+01
9.995341e-01 -2.111061e-04 -3.052348e-02 9.151113e+01 2.377288e-04 9.999996e-01 8.686306e-04 -5.665713e+00 3.052318e-02 -8.754808e-04 9.995337e-01 8.768444e+01
9.995706e-01 2.049527e-04 2.929877e-02 9.242823e+01 -1.811051e-04 9.999997e-01 -8.165494e-04 -5.702284e+00 -2.929883e-02 8.108913e-04 9.995703e-01 8.783157e+01
9.995388e-01 -2.360920e-04 -3.036956e-02 9.359573e+01 2.640600e-04 9.999995e-01 9.169656e-04 -5.747002e+00 3.036923e-02 -9.245607e-04 9.995384e-01 8.798451e+01
9.995124e-01 2.296964e-04 3.122131e-02 9.501858e+01 -2.038247e-04 9.999996e-01 -8.317886e-04 -5.799533e+00 -3.122139e-02 8.250181e-04 9.995121e-01 8.812212e+01
9.995659e-01 -2.142603e-04 -2.946200e-02 9.668129e+01 2.422363e-04 9.999995e-01 9.460495e-04 -5.860089e+00 2.946168e-02 -9.527742e-04 9.995655e-01 8.827394e+01
9.995272e-01 2.037875e-04 3.074460e-02 9.838777e+01 -1.788245e-04 9.999997e-01 -8.146471e-04 -5.921675e+00 -3.074466e-02 8.087627e-04 9.995269e-01 8.840457e+01
9.994926e-01 -2.637590e-04 -3.185191e-02 9.953265e+01 2.931063e-04 9.999995e-01 9.167502e-04 -5.965427e+00 3.185155e-02 -9.256197e-04 9.994922e-01 8.855227e+01
9.995720e-01 1.837298e-04 2.925351e-02 1.005131e+02 -1.605490e-04 9.999997e-01 -7.947089e-04 -6.004872e+00 -2.925355e-02 7.896708e-04 9.995717e-01 8.874147e+01
9.995496e-01 -2.726593e-04 -3.001079e-02 1.019792e+02 3.016338e-04 9.999995e-01 9.609970e-04 -6.059301e+00 3.001041e-02 -9.696150e-04 9.995492e-01 8.892467e+01
9.994551e-01 2.851970e-04 3.300341e-02 1.038232e+02 -2.579750e-04 9.999996e-01 -8.290360e-04 -6.124607e+00 -3.300354e-02 8.200690e-04 9.994549e-01 8.905869e+01
9.995154e-01 -2.438716e-04 -3.112962e-02 1.048538e+02 2.698403e-04 9.999996e-01 8.300635e-04 -6.164676e+00 3.112931e-02 -8.380599e-04 9.995151e-01 8.922806e+01
9.995036e-01 2.381951e-04 3.150116e-02 1.056171e+02 -2.115289e-04 9.999996e-01 -8.497994e-04 -6.195683e+00 -3.150125e-02 8.427129e-04 9.995033e-01 8.938362e+01
9.994919e-01 -3.224476e-04 -3.187315e-02 1.069380e+02 3.535011e-04 9.999995e-01 9.687034e-04 -6.243750e+00 3.187272e-02 -9.794771e-04 9.994915e-01 8.950903e+01
9.995472e-01 1.455029e-04 3.008854e-02 1.085904e+02 -1.234166e-04 9.999997e-01 -7.358525e-04 -6.302831e+00 -3.008854e-02 7.318046e-04 9.995469e-01 8.965440e+01
9.994821e-01 -3.456986e-04 -3.218099e-02 1.103832e+02 3.783445e-04 9.999994e-01 1.008413e-03 -6.366079e+00 3.218052e-02 -1.020065e-03 9.994816e-01 8.978996e+01
9.995802e-01 4.793820e-05 2.897139e-02 1.124049e+02 -2.775582e-05 9.999998e-01 -6.969837e-04 -6.434187e+00 -2.897132e-02 6.958857e-04 9.995800e-01 8.982462e+01
9.994617e-01 -3.536762e-04 -3.280584e-02 1.143218e+02 3.865059e-04 9.999994e-01 9.944384e-04 -6.498354e+00 3.280537e-02 -1.006581e-03 9.994613e-01 8.982854e+01
9.995984e-01 3.194195e-05 2.833523e-02 1.162708e+02 -1.276928e-05 9.999998e-01 -6.767671e-04 -6.565443e+00 -2.833515e-02 6.761322e-04 9.995982e-01 8.990843e+01
9.994790e-01 -3.436195e-04 -3.227690e-02 1.184502e+02 3.779852e-04 9.999994e-01 1.058668e-03 -6.640537e+00 3.227642e-02 -1.070315e-03 9.994785e-01 9.001953e+01
9.995831e-01 5.137012e-05 2.887172e-02 1.206520e+02 -3.174053e-05 9.999998e-01 -6.802985e-04 -6.717292e+00 -2.887164e-02 6.790971e-04 9.995828e-01 9.016792e+01
9.994713e-01 -3.145916e-04 -3.251231e-02 1.226458e+02 3.484047e-04 9.999994e-01 1.034394e-03 -6.788820e+00 3.251187e-02 -1.045174e-03 9.994708e-01 9.037421e+01
9.995658e-01 6.918865e-05 2.946340e-02 1.246244e+02 -4.861555e-05 9.999998e-01 -6.989274e-04 -6.860136e+00 -2.946334e-02 6.971902e-04 9.995656e-01 9.059743e+01
9.995107e-01 -2.868661e-04 -3.127785e-02 1.270822e+02 3.217397e-04 9.999993e-01 1.109987e-03 -6.946008e+00 3.127741e-02 -1.119506e-03 9.995102e-01 9.077515e+01
9.996122e-01 -5.557841e-06 2.784630e-02 1.295748e+02 2.368213e-05 9.999998e-01 -6.504889e-04 -7.033440e+00 -2.784619e-02 6.508947e-04 9.996120e-01 9.096814e+01
9.994959e-01 -3.177740e-04 -3.174924e-02 1.322122e+02 3.542781e-04 9.999993e-01 1.144192e-03 -7.123809e+00 3.174875e-02 -1.154862e-03 9.994953e-01 9.108957e+01
9.995466e-01 7.621196e-05 3.010831e-02 1.347107e+02 -5.371984e-05 9.999997e-01 -7.478027e-04 -7.208890e+00 -3.010826e-02 7.458449e-04 9.995463e-01 9.117975e+01
9.994614e-01 -3.217477e-04 -3.281508e-02 1.368659e+02 3.582861e-04 9.999993e-01 1.107635e-03 -7.282937e+00 3.281461e-02 -1.118795e-03 9.994609e-01 9.127096e+01
9.996159e-01 1.332419e-05 2.771031e-02 1.387728e+02 7.992766e-06 9.999997e-01 -7.691185e-04 -7.350930e+00 -2.771021e-02 7.690433e-04 9.996157e-01 9.143225e+01
9.994936e-01 -3.068402e-04 -3.181989e-02 1.408271e+02 3.429876e-04 9.999993e-01 1.130597e-03 -7.423096e+00 3.181942e-02 -1.140937e-03 9.994930e-01 9.158166e+01
9.995429e-01 1.172489e-04 3.023027e-02 1.428698e+02 -9.254940e-05 9.999997e-01 -8.183981e-04 -7.495278e+00 -3.023025e-02 8.152249e-04 9.995426e-01 9.174956e+01
9.994362e-01 -3.642469e-04 -3.357446e-02 1.449010e+02 4.037437e-04 9.999992e-01 1.169665e-03 -7.567240e+00 3.357390e-02 -1.182560e-03 9.994356e-01 9.192142e+01
9.995714e-01 5.587069e-05 2.927141e-02 1.470465e+02 -3.276156e-05 9.999997e-01 -7.899106e-04 -7.643088e+00 -2.927134e-02 7.886118e-04 9.995711e-01 9.210278e+01
9.995047e-01 -2.862174e-04 -3.146897e-02 1.492531e+02 3.226361e-04 9.999993e-01 1.152264e-03 -7.719455e+00 3.146852e-02 -1.161845e-03 9.995041e-01 9.222711e+01
9.995706e-01 4.681350e-05 2.930201e-02 1.515382e+02 -2.392282e-05 9.999997e-01 -7.815024e-04 -7.798270e+00 -2.930194e-02 7.804646e-04 9.995703e-01 9.234417e+01
9.994763e-01 -3.238260e-04 -3.235866e-02 1.539799e+02 3.634230e-04 9.999992e-01 1.217863e-03 -7.882586e+00 3.235814e-02 -1.228983e-03 9.994756e-01 9.248268e+01
9.995869e-01 3.858939e-05 2.873750e-02 1.561821e+02 -1.488702e-05 9.999997e-01 -8.249560e-04 -7.960933e+00 -2.873742e-02 8.241862e-04 9.995866e-01 9.269685e+01
9.994814e-01 -2.987289e-04 -3.220175e-02 1.583642e+02 3.382630e-04 9.999992e-01 1.222304e-03 -8.038823e+00 3.220126e-02 -1.232562e-03 9.994807e-01 9.291583e+01
9.995728e-01 4.441104e-05 2.922514e-02 1.605693e+02 -1.999210e-05 9.999997e-01 -8.357927e-04 -8.117296e+00 -2.922506e-02 8.348501e-04 9.995725e-01 9.312970e+01
9.994382e-01 -3.357368e-04 -3.351491e-02 1.626677e+02 3.767975e-04 9.999992e-01 1.218881e-03 -8.192072e+00 3.351437e-02 -1.230824e-03 9.994375e-01 9.332855e+01
9.995917e-01 7.384923e-05 2.857038e-02 1.644518e+02 -4.844956e-05 9.999996e-01 -8.896671e-04 -8.258294e+00 -2.857033e-02 8.879184e-04 9.995913e-01 9.358213e+01
9.994564e-01 -3.480687e-04 -3.296938e-02 1.664221e+02 3.893986e-04 9.999991e-01 1.247216e-03 -8.329104e+00 3.296881e-02 -1.259375e-03 9.994556e-01 9.378227e+01
9.995680e-01 7.792352e-05 2.938927e-02 1.684299e+02 -5.101447e-05 9.999996e-01 -9.163129e-04 -8.399207e+00 -2.938923e-02 9.144165e-04 9.995676e-01 9.390532e+01
9.994445e-01 -3.381966e-04 -3.332697e-02 1.702476e+02 3.790113e-04 9.999992e-01 1.218410e-03 -8.463116e+00 3.332643e-02 -1.230363e-03 9.994438e-01 9.402259e+01
9.995660e-01 8.405636e-05 2.945561e-02 1.718540e+02 -5.515078e-05 9.999995e-01 -9.820944e-04 -8.519525e+00 -2.945558e-02 9.800424e-04 9.995656e-01 9.411498e+01
9.994626e-01 -3.138393e-04 -3.277979e-02 1.733869e+02 3.533427e-04 9.999992e-01 1.199373e-03 -8.573260e+00 3.277929e-02 -1.210310e-03 9.994619e-01 9.419793e+01
9.995818e-01 3.773961e-05 2.891684e-02 1.751276e+02 -1.058772e-05 9.999996e-01 -9.390730e-04 -8.633136e+00 -2.891676e-02 9.383728e-04 9.995813e-01 9.425901e+01
9.994766e-01 -3.116760e-04 -3.234977e-02 1.769849e+02 3.513480e-04 9.999992e-01 1.220714e-03 -8.695654e+00 3.234926e-02 -1.231440e-03 9.994759e-01 9.427580e+01
9.996099e-01 1.601918e-05 2.792667e-02 1.787817e+02 1.027007e-05 9.999996e-01 -9.411777e-04 -8.756882e+00 -2.792657e-02 9.410961e-04 9.996095e-01 9.430679e+01
9.994912e-01 -2.805080e-04 -3.189724e-02 1.804176e+02 3.184287e-04 9.999992e-01 1.183811e-03 -8.813060e+00 3.189678e-02 -1.193364e-03 9.994905e-01 9.434176e+01
9.995739e-01 4.169612e-05 2.918644e-02 1.822249e+02 -1.477468e-05 9.999996e-01 -9.225667e-04 -8.874959e+00 -2.918637e-02 9.217411e-04 9.995735e-01 9.439895e+01
