9.999986e-01 -2.256790e-05 -1.661654e-03 7.244775e-01 2.273987e-05 1.000000e+00 1.034863e-04 -3.493746e-02 1.661651e-03 -1.035244e-04 9.999987e-01 3.433512e-01
9.999996e-01 -8.447833e-05 -8.856513e-04 1.896956e+00 8.464138e-05 1.000000e+00 1.840398e-04 -8.945828e-02 8.856353e-04 -1.841141e-04 9.999995e-01 9.078557e-01
9.999996e-01 2.360578e-06 -8.884141e-04 3.020351e+00 -2.287071e-06 1.000000e+00 8.276271e-05 -1.428266e-01 8.884148e-04 -8.276119e-05 9.999997e-01 1.499020e+00
1.000000e+00 -1.223660e-05 2.759805e-04 4.022733e+00 1.220268e-05 1.000000e+00 1.229655e-04 -1.926716e-01 -2.759826e-04 -1.229616e-04 9.999999e-01 2.092626e+00
9.999982e-01 -5.372625e-05 -1.890012e-03 4.622180e+00 5.355508e-05 1.000000e+00 -9.060339e-05 -2.200867e-01 1.890018e-03 9.050144e-05 9.999983e-01 2.285069e+00
9.999982e-01 -5.806816e-05 -1.876221e-03 5.381673e+00 5.830937e-05 1.000000e+00 1.284985e-04 -2.474741e-01 1.876212e-03 -1.286071e-04 9.999981e-01 2.260410e+00
9.999844e-01 -3.573433e-05 -5.577575e-03 6.012709e+00 3.565416e-05 1.000000e+00 -1.446925e-05 -2.720972e-01 5.577578e-03 1.426958e-05 9.999845e-01 2.293395e+00
9.999291e-01 9.034217e-05 -1.191114e-02 6.225213e+00 -8.679774e-05 1.000000e+00 2.980869e-04 -2.846651e-01 1.191116e-02 -2.970313e-04 9.999289e-01 2.400861e+00
9.999951e-01 -8.869496e-05 3.128349e-03 6.510741e+00 8.898614e-05 1.000000e+00 -9.295064e-05 -3.076064e-01 -3.128336e-03 9.322794e-05 9.999952e-01 2.837655e+00
9.999689e-01 1.091569e-04 -7.880845e-03 6.873465e+00 -1.073341e-04 1.000000e+00 2.317144e-04 -3.333069e-01 7.880865e-03 -2.308606e-04 9.999688e-01 3.288510e+00
9.999466e-01 2.850296e-06 1.033701e-02 7.254995e+00 2.619272e-07 1.000000e+00 -3.010780e-04 -3.600193e-01 -1.033700e-02 3.010640e-04 9.999466e-01 3.758797e+00
9.999776e-01 1.021969e-04 -6.697881e-03 7.810450e+00 -1.010809e-04 1.000000e+00 1.669517e-04 -3.872155e-01 6.697894e-03 -1.662703e-04 9.999775e-01 4.010527e+00
9.999997e-01 -1.474020e-04 7.984434e-04 8.081389e+00 1.475130e-04 1.000000e+00 -1.390203e-04 -4.020991e-01 -7.984179e-04 1.391374e-04 9.999998e-01 4.118482e+00
9.999428e-01 1.641916e-04 -1.069452e-02 8.213316e+00 -1.609852e-04 9.999999e-01 3.006714e-04 -4.177458e-01 1.069456e-02 -2.989319e-04 9.999427e-01 4.442016e+00
9.999873e-01 -9.130676e-05 -5.036923e-03 8.451931e+00 9.150225e-05 1.000000e+00 3.858945e-05 -4.366050e-01 5.036927e-03 -3.905052e-05 9.999874e-01 4.761791e+00
9.998528e-01 2.532740e-04 -1.715837e-02 8.730491e+00 -2.461861e-04 9.999999e-01 4.151952e-04 -4.513497e-01 1.715846e-02 -4.109092e-04 9.998526e-01 4.899015e+00
9.999908e-01 -1.683183e-04 -4.277197e-03 8.989131e+00 1.680287e-04 1.000000e+00 -6.805095e-05 -4.595375e-01 4.277220e-03 6.733088e-05 9.999910e-01 4.770747e+00
9.998877e-01 2.079280e-04 -1.498349e-02 8.993014e+00 -2.039216e-04 9.999999e-01 2.689131e-04 -4.552197e-01 1.498353e-02 -2.658266e-04 9.998876e-01 4.405167e+00
9.999840e-01 -2.377915e-04 5.644911e-03 9.219035e+00 2.391611e-04 9.999999e-01 -2.419823e-04 -4.590614e-01 -5.644838e-03 2.433277e-04 9.999841e-01 4.122946e+00
9.996597e-01 3.387228e-04 -2.608438e-02 9.628618e+00 -3.220117e-04 9.999997e-01 6.448491e-04 -4.736547e-01 2.608458e-02 -6.362294e-04 9.996594e-01 4.076750e+00
9.998085e-01 -3.248048e-04 1.956860e-02 1.002869e+01 3.366516e-04 9.999998e-01 -6.021098e-04 -4.896001e-01 -1.956838e-02 6.085814e-04 9.998084e-01 4.083425e+00
9.997483e-01 3.408949e-04 -2.243150e-02 1.033958e+01 -3.282453e-04 9.999998e-01 5.675966e-04 -5.055154e-01 2.243167e-02 -5.600899e-04 9.997481e-01 4.197616e+00
9.999991e-01 -2.175129e-04 1.322687e-03 1.062460e+01 2.177117e-04 1.000000e+00 -1.502383e-04 -5.211226e-01 -1.322635e-03 1.505253e-04 9.999992e-01 4.351965e+00
9.996038e-01 3.595421e-04 -2.814528e-02 1.081224e+01 -3.410321e-04 9.999997e-01 6.624520e-04 -5.294521e-01 2.814548e-02 -6.525902e-04 9.996035e-01 4.318059e+00
9.999461e-01 -2.897324e-04 1.038088e-02 1.114147e+01 2.929363e-04 9.999999e-01 -3.071267e-04 -5.477081e-01 -1.038076e-02 3.101501e-04 9.999462e-01 4.517083e+00
9.997737e-01 2.643803e-04 -2.127069e-02 1.147788e+01 -2.536019e-04 9.999998e-01 5.094189e-04 -5.670859e-01 2.127079e-02 -5.039084e-04 9.997735e-01 4.720854e+00
9.999965e-01 -2.735163e-04 2.631744e-03 1.141034e+01 2.743037e-04 9.999999e-01 -2.988880e-04 -5.639756e-01 -2.631635e-03 2.996078e-04 9.999966e-01 4.458132e+00
9.999012e-01 2.116194e-04 -1.405242e-02 1.177019e+01 -2.059561e-04 9.999999e-01 4.044529e-04 -5.772121e-01 1.405248e-02 -4.015177e-04 9.999011e-01 4.382194e+00
9.999556e-01 -3.702105e-04 9.419902e-03 1.196939e+01 3.754933e-04 9.999998e-01 -5.590635e-04 -5.758100e-01 -9.419664e-03 5.625748e-04 9.999556e-01 3.853474e+00
9.999489e-01 6.060859e-05 -1.010815e-02 1.159076e+01 -5.865079e-05 1.000000e+00 1.939677e-04 -5.443514e-01 1.010813e-02 -1.933640e-04 9.999488e-01 2.677918e+00
9.999460e-01 -5.097449e-04 1.037536e-02 1.093406e+01 5.166852e-04 9.999996e-01 -6.662689e-04 -4.947538e-01 -1.037499e-02 6.715928e-04 9.999461e-01 1.009204e+00
9.999362e-01 1.396661e-04 -1.129857e-02 1.050941e+01 -1.368676e-04 1.000000e+00 2.484515e-04 -4.539831e-01 1.129857e-02 -2.468884e-04 9.999360e-01 -5.385716e-01
9.999497e-01 -5.553827e-04 1.001561e-02 9.959057e+00 5.622284e-04 9.999996e-01 -6.807124e-04 -4.082492e-01 -1.001520e-02 6.863084e-04 9.999497e-01 -2.161811e+00
9.999302e-01 3.504686e-04 -1.180778e-02 9.850633e+00 -3.454945e-04 9.999999e-01 4.232834e-04 -3.938048e-01 1.180790e-02 -4.191735e-04 9.999301e-01 -2.894203e+00
9.999212e-01 -7.198537e-04 1.253111e-02 9.307950e+00 7.305095e-04 9.999994e-01 -8.458057e-04 -3.527192e-01 -1.253046e-02 8.548923e-04 9.999212e-01 -4.311802e+00
9.999279e-01 2.238455e-04 -1.200486e-02 8.538343e+00 -2.195203e-04 9.999999e-01 3.615963e-04 -2.976682e-01 1.200491e-02 -3.589342e-04 9.999278e-01 -6.093665e+00
9.999241e-01 -7.892204e-04 1.229765e-02 7.628804e+00 8.002145e-04 9.999993e-01 -8.891108e-04 -2.341441e-01 -1.229691e-02 8.988834e-04 9.999241e-01 -8.098582e+00
9.999243e-01 2.958129e-04 -1.229815e-02 6.882983e+00 -2.907916e-04 9.999999e-01 4.100719e-04 -1.798843e-01 1.229824e-02 -4.064641e-04 9.999242e-01 -9.878614e+00
9.999233e-01 -7.303751e-04 1.236666e-02 6.253429e+00 7.412162e-04 9.999993e-01 -8.720917e-04 -1.320596e-01 -1.236599e-02 8.811905e-04 9.999232e-01 -1.150268e+01
9.999313e-01 1.936755e-04 -1.172178e-02 5.434157e+00 -1.895322e-04 9.999999e-01 3.545800e-04 -7.223445e-02 1.172182e-02 -3.523334e-04 9.999311e-01 -1.344113e+01
9.999184e-01 -8.043205e-04 1.274984e-02 4.416588e+00 8.161300e-04 9.999992e-01 -9.210752e-04 -1.964669e-03 -1.274906e-02 9.314051e-04 9.999184e-01 -1.562112e+01
9.999331e-01 3.334712e-04 -1.156464e-02 3.692653e+00 -3.286998e-04 9.999999e-01 4.144822e-04 5.349339e-02 1.156475e-02 -4.106527e-04 9.999329e-01 -1.746355e+01
9.999148e-01 -6.941572e-04 1.303226e-02 3.163420e+00 7.056511e-04 9.999994e-01 -8.773880e-04 9.777319e-02 -1.303161e-02 8.865090e-04 9.999148e-01 -1.902071e+01
9.999336e-01 2.673566e-04 -1.151863e-02 2.504622e+00 -2.628401e-04 9.999999e-01 3.936047e-04 1.484392e-01 1.151871e-02 -3.905506e-04 9.999335e-01 -2.071824e+01
9.999144e-01 -7.269075e-04 1.306621e-02 1.815598e+00 7.389727e-04 9.999993e-01 -9.185856e-04 2.043167e-01 -1.306551e-02 9.281621e-04 9.999143e-01 -2.261897e+01
9.999229e-01 2.684339e-04 -1.241112e-02 1.130526e+00 -2.631321e-04 9.999999e-01 4.288100e-04 2.571063e-01 1.241121e-02 -4.255109e-04 9.999228e-01 -2.438911e+01
9.999271e-01 -7.419387e-04 1.204884e-02 3.716289e-01 7.528651e-04 9.999993e-01 -9.023342e-04 3.101807e-01 -1.204814e-02 9.113393e-04 9.999271e-01 -2.609203e+01
9.999254e-01 2.187070e-04 -1.221624e-02 -5.146676e-01 -2.135001e-04 9.999999e-01 4.275336e-04 3.683248e-01 1.221631e-02 -4.248933e-04 9.999252e-01 -2.788145e+01
9.999857e-01 -5.503980e-04 5.326829e-03 -1.144660e+00 5.539667e-04 9.999996e-01 -6.685213e-04 4.089085e-01 -5.326431e-03 6.714624e-04 9.999857e-01 -2.916355e+01
9.997685e-01 3.669510e-04 -2.151334e-02 -1.583996e+00 -3.520417e-04 9.999997e-01 6.968092e-04 4.374050e-01 2.151356e-02 -6.890741e-04 9.997682e-01 -3.012509e+01
9.999986e-01 -4.265030e-04 1.625788e-03 -1.761492e+00 4.274315e-04 9.999997e-01 -5.707965e-04 4.536742e-01 -1.625512e-03 5.714904e-04 9.999986e-01 -3.083677e+01
9.994956e-01 5.632733e-04 -3.175160e-02 -1.733789e+00 -5.280862e-04 9.999992e-01 1.116574e-03 4.566713e-01 3.175217e-02 -1.099243e-03 9.994951e-01 -3.117744e+01
9.999751e-01 -2.651084e-04 -7.045658e-03 -1.545265e+00 2.630456e-04 9.999999e-01 -2.936895e-04 4.487458e-01 7.045774e-03 2.918286e-04 9.999752e-01 -3.120423e+01
9.997403e-01 4.092498e-04 -2.278399e-02 -1.256865e+00 -3.891756e-04 9.999995e-01 8.854922e-04 4.397163e-01 2.278430e-02 -8.763949e-04 9.997399e-01 -3.133806e+01
9.999111e-01 -1.742330e-04 -1.333183e-02 -9.797449e-01 1.725654e-04 1.000000e+00 -1.262245e-04 4.310081e-01 1.333190e-02 1.239122e-04 9.999112e-01 -3.145184e+01
9.996243e-01 4.665237e-04 -2.740557e-02 -6.840236e-01 -4.375116e-04 9.999993e-01 1.064603e-03 4.190491e-01 2.740600e-02 -1.052212e-03 9.996237e-01 -3.144046e+01
9.998891e-01 -1.464473e-04 -1.488962e-02 -3.928953e-01 1.451471e-04 1.000000e+00 -8.839227e-05 4.067560e-01 1.488969e-02 8.622067e-05 9.998892e-01 -3.140839e+01
9.996871e-01 4.083890e-04 -2.501041e-02 -1.813166e-01 -3.844219e-04 9.999995e-01 9.630765e-04 3.977705e-01 2.501073e-02 -9.531599e-04 9.996866e-01 -3.142484e+01
9.998854e-01 -1.360452e-04 -1.514204e-02 1.751149e-01 1.357664e-04 1.000000e+00 -1.942250e-05 3.827538e-01 1.514210e-02 1.736374e-05 9.998854e-01 -3.137350e+01
9.995862e-01 4.765141e-04 -2.876064e-02 4.286011e-01 -4.459191e-04 9.999993e-01 1.070176e-03 3.704694e-01 2.876107e-02 -1.056907e-03 9.995857e-01 -3.128978e+01
9.998244e-01 -7.551365e-05 -1.873883e-02 6.856604e-01 7.718383e-05 1.000000e+00 8.842499e-05 3.572240e-01 1.873889e-02 -8.985671e-05 9.998245e-01 -3.116596e+01
9.993715e-01 5.344456e-04 -3.544282e-02 9.321674e-01 -4.895172e-04 9.999991e-01 1.276285e-03 3.433831e-01 3.544340e-02 -1.258132e-03 9.993708e-01 -3.100076e+01
9.997944e-01 -1.553488e-05 -2.027871e-02 1.179373e+00 1.778638e-05 1.000000e+00 1.108712e-04 3.297375e-01 2.027878e-02 -1.112102e-04 9.997944e-01 -3.083738e+01
9.993526e-01 5.345794e-04 -3.597338e-02 1.369420e+00 -4.877854e-04 9.999990e-01 1.309544e-03 3.171742e-01 3.597397e-02 -1.291148e-03 9.993518e-01 -3.064014e+01
9.999572e-01 -1.155572e-04 -9.249900e-03 1.625157e+00 1.133417e-04 1.000000e+00 -2.399674e-04 3.039259e-01 9.250007e-03 2.389075e-04 9.999573e-01 -3.050757e+01
9.994693e-01 4.633935e-04 -3.257123e-02 1.850466e+00 -4.234197e-04 9.999991e-01 1.234141e-03 2.912526e-01 3.257170e-02 -1.219694e-03 9.994686e-01 -3.036862e+01
9.998838e-01 -1.005996e-06 -1.524334e-02 1.982954e+00 7.940812e-08 1.000000e+00 -6.073731e-05 2.799680e-01 1.524343e-02 6.072770e-05 9.998839e-01 -3.015604e+01
9.995438e-01 4.007793e-04 -3.019895e-02 2.130686e+00 -3.661444e-04 9.999993e-01 1.152387e-03 2.684395e-01 3.019930e-02 -1.140803e-03 9.995432e-01 -2.995899e+01
9.999477e-01 -4.289058e-05 -1.022763e-02 2.212892e+00 4.029133e-05 1.000000e+00 -2.542585e-04 2.607761e-01 1.022773e-02 2.538317e-04 9.999477e-01 -2.985396e+01
9.996484e-01 3.113021e-04 -2.651114e-02 2.376204e+00 -2.835118e-04 9.999994e-01 1.051970e-03 2.514162e-01 2.651136e-02 -1.044082e-03 9.996479e-01 -2.978690e+01
9.999027e-01 1.172374e-05 -1.395226e-02 2.438296e+00 -1.456203e-05 1.000000e+00 -2.032550e-04 2.465120e-01 1.395235e-02 2.034369e-04 9.999027e-01 -2.978655e+01
9.998182e-01 2.568270e-04 -1.906515e-02 2.401544e+00 -2.399586e-04 9.999996e-01 8.870068e-04 2.443816e-01 1.906528e-02 -8.822692e-04 9.998178e-01 -2.977796e+01
9.999990e-01 -1.701975e-05 -1.426187e-03 2.539711e+00 1.643563e-05 9.999999e-01 -4.088038e-04 2.304206e-01 1.426288e-03 4.087784e-04 9.999990e-01 -2.949929e+01
9.991049e-01 5.098762e-04 -4.229784e-02 2.516098e+00 -4.474460e-04 9.999988e-01 1.485396e-03 2.235045e-01 4.229845e-02 -1.465139e-03 9.991039e-01 -2.927156e+01
9.996172e-01 -2.873262e-04 2.766491e-02 2.609413e+00 3.193002e-04 9.999993e-01 -1.151396e-03 2.073734e-01 -2.766446e-02 1.159787e-03 9.996167e-01 -2.883631e+01
9.999956e-01 7.010777e-04 -2.886819e-03 2.778836e+00 -6.999860e-04 9.999997e-01 3.787799e-04 1.901063e-01 2.886988e-03 -3.767561e-04 9.999957e-01 -2.845859e+01
9.995705e-01 -2.880306e-04 2.930473e-02 3.047180e+00 3.231189e-04 9.999992e-01 -1.192670e-03 1.722772e-01 -2.930427e-02 1.201625e-03 9.995699e-01 -2.819084e+01
9.999997e-01 7.264988e-04 -1.987370e-04 3.359175e+00 -7.264449e-04 9.999997e-01 2.664281e-04 1.549527e-01 1.988368e-04 -2.662823e-04 9.999999e-01 -2.800583e+01
9.996667e-01 -3.229335e-04 2.581565e-02 3.810995e+00 3.499620e-04 9.999994e-01 -1.042509e-03 1.320334e-01 -2.581521e-02 1.051194e-03 9.996662e-01 -2.776852e+01
9.999871e-01 6.703846e-04 -5.030525e-03 4.300200e+00 -6.683067e-04 9.999997e-01 4.145689e-04 1.056215e-01 5.030710e-03 -4.112004e-04 9.999872e-01 -2.744081e+01
9.997613e-01 -3.832038e-04 2.184403e-02 4.818144e+00 4.028107e-04 9.999995e-01 -8.932311e-04 7.660150e-02 -2.184359e-02 9.018157e-04 9.997611e-01 -2.705221e+01
9.999721e-01 6.558306e-04 -7.432550e-03 5.346476e+00 -6.522631e-04 9.999997e-01 4.822909e-04 4.661431e-02 7.432774e-03 -4.774284e-04 9.999722e-01 -2.663599e+01
9.998974e-01 -4.794520e-04 1.431731e-02 5.867578e+00 4.889242e-04 9.999997e-01 -6.581561e-04 1.597986e-02 -1.431690e-02 6.650875e-04 9.998974e-01 -2.619552e+01
9.999789e-01 6.880737e-04 -6.456389e-03 6.380675e+00 -6.850628e-04 9.999997e-01 4.684371e-04 -1.602407e-02 6.456619e-03 -4.640031e-04 9.999790e-01 -2.567829e+01
9.998909e-01 -4.895839e-04 1.476352e-02 6.706794e+00 5.000305e-04 9.999996e-01 -7.039591e-04 -4.117129e-02 -1.476308e-02 7.112634e-04 9.998908e-01 -2.519159e+01
9.999021e-01 6.045581e-04 -1.397642e-02 6.936323e+00 -5.950376e-04 9.999996e-01 6.852833e-04 -6.362654e-02 1.397674e-02 -6.768987e-04 9.999020e-01 -2.469550e+01
9.999420e-01 -5.557696e-04 1.075873e-02 7.133826e+00 5.620300e-04 9.999997e-01 -5.789431e-04 -8.628100e-02 -1.075832e-02 5.849552e-04 9.999420e-01 -2.415034e+01
9.997498e-01 6.376572e-04 -2.235655e-02 7.288259e+00 -6.185648e-04 9.999994e-01 8.608734e-04 -1.049284e-01 2.235699e-02 -8.468280e-04 9.997496e-01 -2.371749e+01
9.999622e-01 -3.185133e-04 -8.695698e-03 7.344294e+00 3.177467e-04 9.999999e-01 -8.945115e-05 -1.181320e-01 8.695818e-03 8.668358e-05 9.999623e-01 -2.335738e+01
9.996098e-01 7.260792e-04 -2.792089e-02 7.373782e+00 -6.978410e-04 9.999992e-01 1.021070e-03 -1.296400e-01 2.792151e-02 -1.001186e-03 9.996095e-01 -2.301438e+01
9.999864e-01 -3.868428e-04 -5.199912e-03 7.588948e+00 3.858485e-04 9.999999e-01 -1.920583e-04 -1.452349e-01 5.200080e-03 1.900481e-04 9.999865e-01 -2.274307e+01
9.997922e-01 5.738091e-04 -2.037652e-02 7.992867e+00 -5.565991e-04 9.999995e-01 8.502193e-04 -1.662871e-01 2.037691e-02 -8.386998e-04 9.997920e-01 -2.251081e+01
9.999367e-01 -2.787936e-04 -1.125559e-02 8.225067e+00 2.779099e-04 1.000000e+00 -7.999428e-05 -1.810380e-01 1.125571e-02 7.685992e-05 9.999367e-01 -2.230252e+01
9.998417e-01 5.496364e-04 -1.778253e-02 8.425761e+00 -5.357158e-04 9.999995e-01 7.875285e-04 -1.960541e-01 1.778286e-02 -7.778762e-04 9.998415e-01 -2.203830e+01
9.999531e-01 -2.787259e-04 -9.680739e-03 8.646474e+00 2.778606e-04 1.000000e+00 -9.061444e-05 -2.140183e-01 9.680861e-03 8.791901e-05 9.999532e-01 -2.167993e+01
9.999073e-01 4.705932e-04 -1.360453e-02 8.941690e+00 -4.616584e-04 9.999997e-01 6.598103e-04 -2.321767e-01 1.360474e-02 -6.534672e-04 9.999072e-01 -2.141782e+01
9.999885e-01 -4.350997e-04 4.777213e-03 9.389840e+00 4.372748e-04 9.999998e-01 -4.545023e-04 -2.566097e-01 -4.776916e-03 4.565847e-04 9.999885e-01 -2.112945e+01
9.999784e-01 4.491861e-04 -6.558447e-03 9.945886e+00 -4.460699e-04 9.999998e-01 4.764285e-04 -2.830127e-01 6.558561e-03 -4.734914e-04 9.999783e-01 -2.092381e+01
9.999792e-01 -4.008360e-04 6.443192e-03 1.040716e+01 4.040203e-04 9.999998e-01 -4.930894e-04 -3.083731e-01 -6.442895e-03 4.956810e-04 9.999792e-01 -2.062590e+01
9.999867e-01 4.735398e-04 -5.132705e-03 1.091071e+01 -4.711650e-04 9.999998e-01 4.636692e-04 -3.363799e-01 5.132825e-03 -4.612435e-04 9.999867e-01 -2.026750e+01
9.999856e-01 -4.473905e-04 5.349947e-03 1.154251e+01 4.497922e-04 9.999998e-01 -4.479320e-04 -3.680869e-01 -5.349647e-03 4.503306e-04 9.999856e-01 -1.993230e+01
9.999750e-01 4.586141e-04 -7.053533e-03 1.200342e+01 -4.550100e-04 9.999998e-01 5.124184e-04 -3.958127e-01 7.053669e-03 -5.091949e-04 9.999749e-01 -1.953194e+01
9.999711e-01 -4.077838e-04 7.592864e-03 1.257949e+01 4.115695e-04 9.999998e-01 -4.971747e-04 -4.269640e-01 -7.592562e-03 5.002840e-04 9.999711e-01 -1.914282e+01
9.999714e-01 4.327313e-04 -7.539417e-03 1.322663e+01 -4.288969e-04 9.999998e-01 5.100548e-04 -4.582476e-01 7.539537e-03 -5.068054e-04 9.999714e-01 -1.885056e+01
9.999796e-01 -4.388014e-04 6.383065e-03 1.387706e+01 4.418553e-04 9.999998e-01 -4.772186e-04 -4.882299e-01 -6.382756e-03 4.800279e-04 9.999796e-01 -1.862062e+01
9.999776e-01 4.454669e-04 -6.679760e-03 1.456521e+01 -4.421123e-04 9.999998e-01 5.035162e-04 -5.204066e-01 6.679885e-03 -5.005504e-04 9.999775e-01 -1.834596e+01
9.999711e-01 -3.891584e-04 7.594933e-03 1.510440e+01 3.930294e-04 9.999998e-01 -5.083435e-04 -5.499250e-01 -7.594635e-03 5.113126e-04 9.999711e-01 -1.797062e+01
9.999729e-01 4.388847e-04 -7.348740e-03 1.555261e+01 -4.350552e-04 9.999998e-01 5.225611e-04 -5.779327e-01 7.348869e-03 -5.193486e-04 9.999728e-01 -1.753569e+01
9.999572e-01 -3.587622e-04 9.250743e-03 1.606653e+01 3.642271e-04 9.999998e-01 -5.891989e-04 -6.045326e-01 -9.250431e-03 5.925417e-04 9.999571e-01 -1.725044e+01
9.999704e-01 4.452429e-04 -7.670152e-03 1.661160e+01 -4.407886e-04 9.999997e-01 5.822696e-04 -6.357321e-01 7.670311e-03 -5.788703e-04 9.999704e-01 -1.681509e+01
9.999539e-01 -3.647506e-04 9.603921e-03 1.733318e+01 3.703975e-04 9.999998e-01 -5.863192e-04 -6.707784e-01 -9.603607e-03 5.898481e-04 9.999538e-01 -1.646260e+01
9.999629e-01 4.118570e-04 -8.599354e-03 1.805442e+01 -4.068189e-04 9.999997e-01 5.874868e-04 -7.044269e-01 8.599496e-03 -5.839654e-04 9.999628e-01 -1.617199e+01
9.999356e-01 -3.199553e-04 1.134604e-02 1.874187e+01 3.273260e-04 9.999997e-01 -6.478727e-04 -7.367700e-01 -1.134573e-02 6.515436e-04 9.999355e-01 -1.588723e+01
9.999844e-01 4.813056e-04 -5.550058e-03 1.928621e+01 -4.785125e-04 9.999998e-01 5.043870e-04 -7.675775e-01 5.550202e-03 -5.017221e-04 9.999844e-01 -1.546139e+01
9.999535e-01 -3.208827e-04 9.642523e-03 1.977101e+01 3.263316e-04 9.999998e-01 -5.636310e-04 -7.995543e-01 -9.642242e-03 5.667502e-04 9.999534e-01 -1.490493e+01
9.999597e-01 3.909122e-04 -8.960595e-03 2.026178e+01 -3.855961e-04 9.999997e-01 5.948924e-04 -8.305348e-01 8.960727e-03 -5.914121e-04 9.999596e-01 -1.440398e+01
9.999376e-01 -2.923766e-04 1.117014e-02 2.087099e+01 2.991138e-04 9.999998e-01 -6.015701e-04 -8.641669e-01 -1.116986e-02 6.048724e-04 9.999375e-01 -1.395253e+01
9.999555e-01 3.765362e-04 -9.422763e-03 2.148568e+01 -3.709530e-04 9.999998e-01 5.941517e-04 -8.970058e-01 9.422887e-03 -5.906286e-04 9.999554e-01 -1.354284e+01
9.999182e-01 -2.474811e-04 1.278726e-02 2.199875e+01 2.560653e-04 9.999997e-01 -6.697511e-04 -9.266447e-01 -1.278700e-02 6.729694e-04 9.999181e-01 -1.312760e+01
9.999182e-01 3.052939e-04 -1.278145e-02 2.247795e+01 -2.964827e-04 9.999997e-01 6.911917e-04 -9.551811e-01 1.278156e-02 -6.873445e-04 9.999180e-01 -1.271942e+01
9.998642e-01 -1.820693e-04 1.647976e-02 2.306644e+01 1.949199e-04 9.999997e-01 -7.782409e-04 -9.862203e-01 -1.647952e-02 7.813462e-04 9.998640e-01 -1.235002e+01
9.999237e-01 3.135639e-04 -1.234722e-02 2.374122e+01 -3.051451e-04 9.999997e-01 6.836328e-04 -1.019400e+00 1.234734e-02 -6.798118e-04 9.999235e-01 -1.201204e+01
9.999153e-01 -2.628661e-04 1.301215e-02 2.434299e+01 2.719143e-04 9.999997e-01 -6.936818e-04 -1.049178e+00 -1.301187e-02 6.971600e-04 9.999152e-01 -1.172269e+01
9.999175e-01 3.055574e-04 -1.284173e-02 2.494396e+01 -2.962077e-04 9.999997e-01 7.298963e-04 -1.081293e+00 1.284185e-02 -7.260311e-04 9.999172e-01 -1.133023e+01
9.998274e-01 -1.460640e-04 1.857931e-02 2.556365e+01 1.621278e-04 9.999996e-01 -8.631600e-04 -1.113998e+00 -1.857908e-02 8.660220e-04 9.998271e-01 -1.093055e+01
9.999634e-01 3.914538e-04 -8.545497e-03 2.616559e+01 -3.860333e-04 9.999997e-01 6.358486e-04 -1.149340e+00 8.545646e-03 -6.325254e-04 9.999632e-01 -1.039267e+01
9.998975e-01 -2.216365e-04 1.432063e-02 2.681197e+01 2.323883e-04 9.999997e-01 -7.492036e-04 -1.184064e+00 -1.432036e-02 7.524536e-04 9.998972e-01 -9.941129e+00
9.999291e-01 3.471639e-04 -1.190322e-02 2.720897e+01 -3.386568e-04 9.999997e-01 7.166251e-04 -1.212716e+00 1.190337e-02 -7.125420e-04 9.999288e-01 -9.407151e+00
9.998827e-01 -2.281543e-04 1.531435e-02 2.774770e+01 2.403399e-04 9.999997e-01 -7.939252e-04 -1.242978e+00 -1.531407e-02 7.975116e-04 9.998825e-01 -9.002143e+00
9.999047e-01 3.060730e-04 -1.379785e-02 2.835201e+01 -2.954318e-04 9.999997e-01 7.731912e-04 -1.274080e+00 1.379798e-02 -7.690402e-04 9.999044e-01 -8.654201e+00
9.998976e-01 -2.708598e-04 1.431046e-02 2.915467e+01 2.815782e-04 9.999997e-01 -7.470488e-04 -1.310148e+00 -1.431015e-02 7.510007e-04 9.998974e-01 -8.370800e+00
9.999658e-01 4.050989e-04 -8.256748e-03 3.010117e+01 -4.001391e-04 9.999997e-01 6.022443e-04 -1.349714e+00 8.256894e-03 -5.989188e-04 9.999657e-01 -8.132860e+00
9.997613e-01 -1.491849e-04 2.184805e-02 3.093781e+01 1.702685e-04 9.999995e-01 -9.631952e-04 -1.386778e+00 -2.184780e-02 9.666842e-04 9.997609e-01 -7.839488e+00
9.999442e-01 3.814008e-04 -1.054944e-02 3.175134e+01 -3.744291e-04 9.999997e-01 6.627489e-04 -1.423625e+00 1.054959e-02 -6.587609e-04 9.999441e-01 -7.528400e+00
9.997824e-01 -1.606971e-04 2.086375e-02 3.247248e+01 1.800454e-04 9.999996e-01 -9.255280e-04 -1.458490e+00 -2.086350e-02 9.290819e-04 9.997820e-01 -7.171488e+00
9.998781e-01 3.207146e-04 -1.560843e-02 3.311811e+01 -3.081832e-04 9.999996e-01 8.052141e-04 -1.491806e+00 1.560858e-02 -8.003047e-04 9.998778e-01 -6.780519e+00
9.998057e-01 -1.857582e-04 1.971190e-02 3.377592e+01 2.030357e-04 9.999996e-01 -8.745436e-04 -1.526244e+00 -1.971164e-02 8.783749e-04 9.998054e-01 -6.359776e+00
9.998931e-01 3.396311e-04 -1.461597e-02 3.450926e+01 -3.281979e-04 9.999996e-01 7.845853e-04 -1.563416e+00 1.461614e-02 -7.797035e-04 9.998928e-01 -5.922162e+00
9.998246e-01 -2.154427e-04 1.872933e-02 3.542448e+01 2.310991e-04 9.999996e-01 -8.338087e-04 -1.604354e+00 -1.872904e-02 8.379898e-04 9.998243e-01 -5.576532e+00
9.998543e-01 2.913638e-04 -1.706270e-02 3.628704e+01 -2.763434e-04 9.999996e-01 8.826130e-04 -1.645503e+00 1.706286e-02 -8.777683e-04 9.998540e-01 -5.147386e+00
9.998052e-01 -1.661879e-04 1.973964e-02 3.687000e+01 1.837263e-04 9.999996e-01 -8.867162e-04 -1.680104e+00 -1.973939e-02 8.901691e-04 9.998048e-01 -4.613170e+00
9.998515e-01 2.612894e-04 -1.723054e-02 3.768690e+01 -2.465497e-04 9.999996e-01 8.575222e-04 -1.717270e+00 1.723066e-02 -8.531457e-04 9.998511e-01 -4.300228e+00
9.997864e-01 -1.512756e-04 2.067045e-02 3.848448e+01 1.701965e-04 9.999996e-01 -9.136413e-04 -1.753673e+00 -2.067021e-02 9.169631e-04 9.997860e-01 -3.985736e+00
9.999017e-01 3.485308e-04 -1.401565e-02 3.912672e+01 -3.375940e-04 9.999996e-01 7.826365e-04 -1.789773e+00 1.401582e-02 -7.778271e-04 9.999014e-01 -3.466738e+00
9.998204e-01 -1.585786e-04 1.895369e-02 3.958322e+01 1.742082e-04 9.999996e-01 -8.230140e-04 -1.824739e+00 -1.895346e-02 8.261670e-04 9.998201e-01 -2.737774e+00
9.998666e-01 2.628816e-04 -1.633072e-02 4.040546e+01 -2.494658e-04 9.999996e-01 8.234956e-04 -1.864267e+00 1.633084e-02 -8.193109e-04 9.998662e-01 -2.323401e+00
9.998392e-01 -2.006457e-04 1.793359e-02 4.135049e+01 2.145445e-04 9.999997e-01 -7.731327e-04 -1.907013e+00 -1.793333e-02 7.768550e-04 9.998389e-01 -1.943148e+00
9.998650e-01 2.776418e-04 -1.642879e-02 4.216293e+01 -2.640609e-04 9.999996e-01 8.287765e-04 -1.947547e+00 1.642892e-02 -8.243255e-04 9.998646e-01 -1.474464e+00
9.998433e-01 -2.174327e-04 1.770164e-02 4.303611e+01 2.314368e-04 9.999997e-01 -7.891162e-04 -1.987929e+00 -1.770137e-02 7.930884e-04 9.998431e-01 -1.097521e+00
9.998665e-01 2.738226e-04 -1.633546e-02 4.395805e+01 -2.605154e-04 9.999996e-01 8.166989e-04 -2.028542e+00 1.633558e-02 -8.123333e-04 9.998662e-01 -7.770094e-01
9.998404e-01 -2.183207e-04 1.786599e-02 4.482517e+01 2.329960e-04 9.999996e-01 -8.193750e-04 -2.066047e+00 -1.786571e-02 8.234059e-04 9.998401e-01 -5.131180e-01
9.998874e-01 3.319215e-04 -1.500033e-02 4.551399e+01 -3.201652e-04 9.999996e-01 7.860849e-04 -2.101060e+00 1.500049e-02 -7.811929e-04 9.998871e-01 -1.124783e-01
9.998339e-01 -2.234205e-04 1.822409e-02 4.621090e+01 2.390635e-04 9.999996e-01 -8.562370e-04 -2.134145e+00 -1.822380e-02 8.604505e-04 9.998336e-01 1.923888e-01
9.998905e-01 3.463015e-04 -1.479514e-02 4.681958e+01 -3.345416e-04 9.999996e-01 7.972753e-04 -2.167140e+00 1.479531e-02 -7.922375e-04 9.998902e-01 6.183234e-01
9.998193e-01 -1.901364e-04 1.901071e-02 4.720616e+01 2.070562e-04 9.999996e-01 -8.880857e-04 -2.195243e+00 -1.901044e-02 8.918606e-04 9.998190e-01 1.139922e+00
9.998877e-01 3.696343e-04 -1.497649e-02 4.749790e+01 -3.574048e-04 9.999996e-01 8.192073e-04 -2.223205e+00 1.497669e-02 -8.137618e-04 9.998874e-01 1.795725e+00
9.997450e-01 -1.743302e-04 2.258258e-02 4.797045e+01 1.973949e-04 9.999995e-01 -1.019155e-03 -2.252720e+00 -2.258230e-02 1.023352e-03 9.997445e-01 2.267694e+00
9.998713e-01 3.466650e-04 -1.603901e-02 4.854261e+01 -3.333035e-04 9.999996e-01 8.356916e-04 -2.283342e+00 1.603920e-02 -8.302373e-04 9.998709e-01 2.647677e+00
9.997718e-01 -2.081857e-04 2.136415e-02 4.919426e+01 2.294605e-04 9.999995e-01 -9.934021e-04 -2.313997e+00 -2.136384e-02 9.980768e-04 9.997713e-01 2.913292e+00
9.998561e-01 3.301873e-04 -1.695731e-02 4.978883e+01 -3.158817e-04 9.999996e-01 8.462688e-04 -2.342406e+00 1.695749e-02 -8.407897e-04 9.998558e-01 3.164805e+00
9.997763e-01 -2.125918e-04 2.115239e-02 5.037930e+01 2.337991e-04 9.999995e-01 -1.000158e-03 -2.368564e+00 -2.115207e-02 1.004878e-03 9.997758e-01 3.332569e+00
9.998533e-01 3.327502e-04 -1.712123e-02 5.099280e+01 -3.180708e-04 9.999996e-01 8.600655e-04 -2.396540e+00 1.712142e-02 -8.544928e-04 9.998530e-01 3.538302e+00
9.997572e-01 -2.129875e-04 2.203493e-02 5.148576e+01 2.364393e-04 9.999994e-01 -1.061729e-03 -2.418379e+00 -2.203460e-02 1.066680e-03 9.997567e-01 3.661843e+00
9.999074e-01 3.732512e-04 -1.359814e-02 5.200354e+01 -3.631339e-04 9.999997e-01 7.464458e-04 -2.440335e+00 1.359833e-02 -7.414381e-04 9.999072e-01 3.756244e+00
9.996483e-01 -1.763112e-04 2.652126e-02 5.261886e+01 2.091326e-04 9.999992e-01 -1.234804e-03 -2.459434e+00 -2.652093e-02 1.239915e-03 9.996476e-01 3.614154e+00
9.999686e-01 4.775533e-04 -7.906607e-03 5.329466e+01 -4.724541e-04 9.999997e-01 6.467229e-04 -2.485943e+00 7.906823e-03 -6.429665e-04 9.999685e-01 3.685164e+00
9.995287e-01 -1.096765e-04 3.069909e-02 5.381667e+01 1.496345e-04 9.999991e-01 -1.299324e-03 -2.514437e+00 -3.069883e-02 1.303304e-03 9.995279e-01 4.050889e+00
9.999844e-01 5.128547e-04 -5.552109e-03 5.427267e+01 -5.098524e-04 9.999997e-01 5.420936e-04 -2.539646e+00 5.552298e-03 -5.392539e-04 9.999844e-01 4.372158e+00
9.995423e-01 -1.274073e-04 3.025299e-02 5.480974e+01 1.662783e-04 9.999992e-01 -1.282366e-03 -2.565250e+00 -3.025271e-02 1.286808e-03 9.995415e-01 4.596920e+00
9.999726e-01 5.015567e-04 -7.388350e-03 5.537669e+01 -4.972107e-04 9.999997e-01 5.900116e-04 -2.592100e+00 7.388558e-03 -5.863215e-04 9.999725e-01 4.832022e+00
9.996963e-01 -2.132145e-04 2.464358e-02 5.591934e+01 2.406344e-04 9.999994e-01 -1.109708e-03 -2.618277e+00 -2.464324e-02 1.115301e-03 9.996958e-01 5.072850e+00
9.999782e-01 5.195789e-04 -6.572281e-03 5.634815e+01 -5.159399e-04 9.999997e-01 5.553478e-04 -2.643331e+00 6.572484e-03 -5.519445e-04 9.999782e-01 5.424090e+00
9.997902e-01 -2.782106e-04 2.048134e-02 5.696125e+01 2.983009e-04 9.999995e-01 -9.778673e-04 -2.671413e+00 -2.048097e-02 9.837715e-04 9.997898e-01 5.650669e+00
9.999995e-01 6.037638e-04 -7.075770e-04 5.750304e+01 -6.035093e-04 9.999998e-01 3.597445e-04 -2.696917e+00 7.077122e-04 -3.593171e-04 9.999996e-01 5.868289e+00
9.997648e-01 -2.280116e-04 2.168731e-02 5.781905e+01 2.485374e-04 9.999995e-01 -9.437562e-04 -2.723067e+00 -2.168700e-02 9.489242e-04 9.997644e-01 6.418556e+00
9.999854e-01 5.363092e-04 -5.374269e-03 5.820954e+01 -5.336648e-04 9.999997e-01 4.934573e-04 -2.751802e+00 5.374453e-03 -4.905820e-04 9.999854e-01 6.970515e+00
9.996880e-01 -1.996549e-04 2.497983e-02 5.858269e+01 2.262199e-04 9.999994e-01 -1.060643e-03 -2.777489e+00 -2.497953e-02 1.065963e-03 9.996875e-01 7.421849e+00
9.999990e-01 5.866042e-04 -1.268765e-03 5.901074e+01 -5.861530e-04 9.999998e-01 3.559890e-04 -2.804189e+00 1.268897e-03 -3.552450e-04 9.999990e-01 7.840239e+00
9.995486e-01 -1.290373e-04 3.004519e-02 5.963476e+01 1.651229e-04 9.999993e-01 -1.198568e-03 -2.832204e+00 -3.004494e-02 1.202988e-03 9.995479e-01 8.049978e+00
9.999991e-01 5.960225e-04 -1.209060e-03 6.036355e+01 -5.956109e-04 9.999998e-01 3.408062e-04 -2.861803e+00 1.209189e-03 -3.400859e-04 9.999991e-01 8.182424e+00
9.996669e-01 -2.048297e-04 2.580790e-02 6.103053e+01 2.318482e-04 9.999994e-01 -1.043916e-03 -2.893175e+00 -2.580760e-02 1.049553e-03 9.996665e-01 8.468821e+00
9.999997e-01 6.115445e-04 -5.288509e-04 6.147720e+01 -6.113936e-04 9.999998e-01 2.857315e-04 -2.918226e+00 5.289559e-04 -2.854084e-04 9.999997e-01 8.795478e+00
9.997858e-01 -2.865045e-04 2.069642e-02 6.195813e+01 3.047474e-04 9.999996e-01 -8.782973e-04 -2.944441e+00 -2.069609e-02 8.844167e-04 9.997855e-01 9.119962e+00
9.999982e-01 6.104855e-04 -1.791290e-03 6.244688e+01 -6.099006e-04 9.999998e-01 3.271396e-04 -2.972267e+00 1.791422e-03 -3.260470e-04 9.999983e-01 9.502339e+00
9.998364e-01 -3.371609e-04 1.808781e-02 6.287346e+01 3.519501e-04 9.999996e-01 -8.144471e-04 -2.997612e+00 -1.808746e-02 8.206803e-04 9.998362e-01 9.866267e+00
9.999991e-01 6.554454e-04 1.184660e-03 6.324570e+01 -6.557064e-04 9.999998e-01 2.198031e-04 -3.020915e+00 -1.184579e-03 -2.205803e-04 9.999992e-01 1.022226e+01
9.997149e-01 -2.480500e-04 2.387476e-02 6.348642e+01 2.715527e-04 9.999995e-01 -9.811712e-04 -3.040460e+00 -2.387444e-02 9.873754e-04 9.997146e-01 1.060131e+01
9.999180e-01 4.636270e-04 -1.279827e-02 6.412189e+01 -4.553498e-04 9.999997e-01 6.496650e-04 -3.070639e+00 1.279851e-02 -6.437848e-04 9.999178e-01 1.087465e+01
9.996826e-01 -2.336532e-04 2.519314e-02 6.473447e+01 2.593469e-04 9.999994e-01 -1.016597e-03 -3.099142e+00 -2.519283e-02 1.022809e-03 9.996822e-01 1.111192e+01
9.998506e-01 4.053277e-04 -1.727710e-02 6.533057e+01 -3.922566e-04 9.999996e-01 7.599501e-04 -3.125923e+00 1.727735e-02 -7.530603e-04 9.998504e-01 1.129207e+01
9.993203e-01 -7.807792e-05 3.686507e-02 6.582260e+01 1.289025e-04 9.999990e-01 -1.376285e-03 -3.147909e+00 -3.686487e-02 1.380102e-03 9.993194e-01 1.142784e+01
9.997577e-01 3.557004e-04 -2.201010e-02 6.644795e+01 -3.356491e-04 9.999995e-01 9.147054e-04 -3.175603e+00 2.201036e-02 -9.070970e-04 9.997572e-01 1.161542e+01
9.995468e-01 -1.735737e-04 3.010123e-02 6.715976e+01 2.086418e-04 9.999993e-01 -1.161860e-03 -3.206308e+00 -3.010096e-02 1.167615e-03 9.995463e-01 1.180933e+01
9.997723e-01 3.678968e-04 -2.133500e-02 6.786764e+01 -3.493233e-04 9.999996e-01 8.742973e-04 -3.233864e+00 2.133525e-02 -8.666464e-04 9.997719e-01 1.188054e+01
9.995088e-01 -1.708869e-04 3.133813e-02 6.864862e+01 2.086633e-04 9.999993e-01 -1.202171e-03 -3.261077e+00 -3.133785e-02 1.208120e-03 9.995082e-01 1.184338e+01
9.999165e-01 4.977510e-04 -1.291505e-02 6.924523e+01 -4.896027e-04 9.999997e-01 6.340946e-04 -3.287415e+00 1.291531e-02 -6.277195e-04 9.999163e-01 1.202231e+01
9.995920e-01 -2.240635e-04 2.856231e-02 6.991711e+01 2.558862e-04 9.999994e-01 -1.110489e-03 -3.315452e+00 -2.856199e-02 1.117346e-03 9.995915e-01 1.216628e+01
9.999458e-01 5.406374e-04 -1.039549e-02 7.069544e+01 -5.348898e-04 9.999997e-01 5.556932e-04 -3.344689e+00 1.039574e-02 -5.501039e-04 9.999457e-01 1.222177e+01
9.996179e-01 -2.365069e-04 2.764034e-02 7.113575e+01 2.664701e-04 9.999994e-01 -1.080352e-03 -3.368273e+00 -2.764002e-02 1.087305e-03 9.996174e-01 1.250090e+01
9.999700e-01 5.877328e-04 -7.722519e-03 7.137953e+01 -5.841267e-04 9.999997e-01 4.692432e-04 -3.389427e+00 7.722746e-03 -4.647195e-04 9.999700e-01 1.294336e+01
9.994416e-01 -1.635370e-04 3.341409e-02 7.176315e+01 2.053143e-04 9.999992e-01 -1.246851e-03 -3.411809e+00 -3.341381e-02 1.253017e-03 9.994409e-01 1.325118e+01
9.999631e-01 5.895334e-04 -8.569358e-03 7.245497e+01 -5.853800e-04 9.999997e-01 4.872203e-04 -3.439505e+00 8.569601e-03 -4.821875e-04 9.999631e-01 1.336275e+01
9.990522e-01 -3.695267e-06 4.352805e-02 7.304667e+01 7.060079e-05 9.999988e-01 -1.535522e-03 -3.462672e+00 -4.352796e-02 1.537142e-03 9.990511e-01 1.342986e+01
9.999757e-01 6.214720e-04 -6.947947e-03 7.360165e+01 -6.186191e-04 9.999997e-01 4.127978e-04 -3.485092e+00 6.948166e-03 -4.084914e-04 9.999757e-01 1.351231e+01
9.992253e-01 -8.342159e-05 3.935503e-02 7.424759e+01 1.377651e-04 9.999990e-01 -1.378135e-03 -3.510294e+00 -3.935484e-02 1.382491e-03 9.992244e-01 1.358640e+01
9.999972e-01 7.024821e-04 -2.272842e-03 7.485103e+01 -7.019229e-04 9.999997e-01 2.469219e-04 -3.533931e+00 2.272985e-03 -2.453278e-04 9.999973e-01 1.365550e+01
9.992511e-01 -1.119947e-04 3.869350e-02 7.534408e+01 1.642371e-04 9.999991e-01 -1.346976e-03 -3.553551e+00 -3.869329e-02 1.352325e-03 9.992503e-01 1.370651e+01
9.999757e-01 6.117053e-04 -6.945422e-03 7.577884e+01 -6.094231e-04 9.999998e-01 3.307280e-04 -3.568463e+00 6.945600e-03 -3.264894e-04 9.999757e-01 1.363369e+01
9.993272e-01 -1.413964e-04 3.667539e-02 7.627989e+01 1.882075e-04 9.999992e-01 -1.272906e-03 -3.584296e+00 -3.667516e-02 1.278954e-03 9.993265e-01 1.351716e+01
9.999308e-01 5.618903e-04 -1.174992e-02 7.689082e+01 -5.565285e-04 9.999997e-01 4.596060e-04 -3.604422e+00 1.175016e-02 -4.530375e-04 9.999308e-01 1.343467e+01
9.993036e-01 -1.222901e-04 3.731430e-02 7.752845e+01 1.684684e-04 9.999992e-01 -1.234404e-03 -3.628007e+00 -3.731410e-02 1.239833e-03 9.993029e-01 1.345100e+01
9.998237e-01 4.512343e-04 -1.877275e-02 7.834453e+01 -4.388233e-04 9.999997e-01 6.652356e-04 -3.656904e+00 1.877303e-02 -6.568829e-04 9.998235e-01 1.344149e+01
9.992051e-01 -8.536487e-05 3.986473e-02 7.916145e+01 1.376239e-04 9.999991e-01 -1.308163e-03 -3.683707e+00 -3.986457e-02 1.312612e-03 9.992043e-01 1.335046e+01
9.998356e-01 4.498476e-04 -1.812680e-02 7.985008e+01 -4.389516e-04 9.999997e-01 6.050737e-04 -3.706511e+00 1.812706e-02 -5.970201e-04 9.998354e-01 1.327145e+01
9.993655e-01 -1.434252e-04 3.561623e-02 8.063656e+01 1.841494e-04 9.999993e-01 -1.140136e-03 -3.733108e+00 -3.561603e-02 1.145974e-03 9.993650e-01 1.320755e+01
9.997269e-01 3.777688e-04 -2.336737e-02 8.156161e+01 -3.599675e-04 9.999996e-01 7.660048e-04 -3.764168e+00 2.336765e-02 -7.573868e-04 9.997266e-01 1.313787e+01
9.993756e-01 -1.489329e-04 3.533281e-02 8.246823e+01 1.890640e-04 9.999993e-01 -1.132462e-03 -3.794065e+00 -3.533262e-02 1.138437e-03 9.993751e-01 1.304657e+01
9.997041e-01 3.674484e-04 -2.432311e-02 8.330072e+01 -3.486238e-04 9.999996e-01 7.781741e-04 -3.822267e+00 2.432339e-02 -7.694670e-04 9.997037e-01 1.298098e+01
9.992069e-01 -9.929867e-05 3.981929e-02 8.405972e+01 1.500130e-04 9.999992e-01 -1.270624e-03 -3.847959e+00 -3.981913e-02 1.275592e-03 9.992062e-01 1.291716e+01
9.998709e-01 4.783708e-04 -1.606070e-02 8.470010e+01 -4.700454e-04 9.999998e-01 5.221431e-04 -3.871638e+00 1.606095e-02 -5.145294e-04 9.998708e-01 1.293599e+01
9.992431e-01 -1.213433e-04 3.890127e-02 8.524107e+01 1.699930e-04 9.999992e-01 -1.247288e-03 -3.892482e+00 -3.890109e-02 1.252959e-03 9.992424e-01 1.296744e+01
9.997794e-01 4.095349e-04 -2.100038e-02 8.581188e+01 -3.959642e-04 9.999997e-01 6.503638e-04 -3.913888e+00 2.100065e-02 -6.419080e-04 9.997792e-01 1.297298e+01
9.994169e-01 -1.862381e-04 3.414374e-02 8.646962e+01 2.233061e-04 9.999994e-01 -1.081838e-03 -3.938496e+00 -3.414352e-02 1.088835e-03 9.994164e-01 1.298901e+01
9.998237e-01 4.428382e-04 -1.877219e-02 8.718508e+01 -4.323152e-04 9.999997e-01 5.646075e-04 -3.961543e+00 1.877244e-02 -5.563956e-04 9.998235e-01 1.287575e+01
9.997763e-01 -3.711678e-04 2.114686e-02 8.796567e+01 3.851997e-04 9.999997e-01 -6.594788e-04 -3.991118e+00 -2.114662e-02 6.674802e-04 9.997763e-01 1.291338e+01
9.998030e-01 4.274138e-04 -1.984423e-02 8.880093e+01 -4.153640e-04 9.999997e-01 6.113307e-04 -4.022637e+00 1.984450e-02 -6.029708e-04 9.998028e-01 1.295384e+01
9.997759e-01 -3.896460e-04 2.116588e-02 8.968724e+01 4.039525e-04 9.999997e-01 -6.716555e-04 -4.053541e+00 -2.116562e-02 6.800582e-04 9.997759e-01 1.290427e+01
9.999140e-01 5.389657e-04 -1.310190e-02 9.049765e+01 -5.337101e-04 9.999998e-01 4.046136e-04 -4.082822e+00 1.310212e-02 -3.975894e-04 9.999140e-01 1.289981e+01
9.997573e-01 -3.756498e-04 2.202555e-02 9.119028e+01 3.915011e-04 9.999997e-01 -7.153794e-04 -4.107640e+00 -2.202529e-02 7.238321e-04 9.997573e-01 1.287037e+01
9.995447e-01 4.053905e-04 -3.016882e-02 9.186665e+01 -3.786162e-04 9.999995e-01 8.931821e-04 -4.133730e+00 3.016917e-02 -8.813563e-04 9.995443e-01 1.290563e+01
9.998692e-01 -3.454348e-04 1.616969e-02 9.244439e+01 3.548445e-04 9.999998e-01 -5.790778e-04 -4.156445e+00 -1.616949e-02 5.847430e-04 9.998692e-01 1.294478e+01
9.995785e-01 3.755291e-04 -2.902881e-02 9.311477e+01 -3.498642e-04 9.999995e-01 8.891854e-04 -4.182726e+00 2.902914e-02 -8.786576e-04 9.995781e-01 1.300813e+01
9.998525e-01 -3.893742e-04 1.717165e-02 9.379825e+01 3.999493e-04 9.999997e-01 -6.124185e-04 -4.208730e+00 -1.717142e-02 6.191991e-04 9.998525e-01 1.303867e+01
9.994437e-01 4.006703e-04 -3.334847e-02 9.443703e+01 -3.681127e-04 9.999994e-01 9.824169e-04 -4.232200e+00 3.334885e-02 -9.695975e-04 9.994432e-01 1.304048e+01
9.998191e-01 -4.209908e-04 1.901720e-02 9.513531e+01 4.333803e-04 9.999997e-01 -6.473721e-04 -4.257468e+00 -1.901693e-02 6.554997e-04 9.998190e-01 1.303005e+01
9.992294e-01 4.851458e-04 -3.924780e-02 9.568444e+01 -4.416430e-04 9.999993e-01 1.117074e-03 -4.278547e+00 3.924831e-02 -1.098883e-03 9.992288e-01 1.306195e+01
9.997494e-01 -4.308302e-04 2.238346e-02 9.621730e+01 4.473024e-04 9.999996e-01 -7.309084e-04 -4.300876e+00 -2.238314e-02 7.407404e-04 9.997493e-01 1.316058e+01
9.994470e-01 3.962246e-04 -3.324973e-02 9.689429e+01 -3.633249e-04 9.999994e-01 9.955074e-04 -4.327772e+00 3.325010e-02 -9.828794e-04 9.994465e-01 1.323671e+01
9.997723e-01 -4.202257e-04 2.133559e-02 9.753952e+01 4.355610e-04 9.999997e-01 -7.141223e-04 -4.353919e+00 -2.133528e-02 7.232555e-04 9.997722e-01 1.332882e+01
9.995940e-01 4.055680e-04 -2.848885e-02 9.802842e+01 -3.805709e-04 9.999995e-01 8.828522e-04 -4.378260e+00 2.848919e-02 -8.716547e-04 9.995936e-01 1.355027e+01
9.996828e-01 -4.298017e-04 2.518300e-02 9.869644e+01 4.498790e-04 9.999996e-01 -7.915923e-04 -4.407402e+00 -2.518265e-02 8.026734e-04 9.996826e-01 1.371910e+01
9.995243e-01 3.925552e-04 -3.083985e-02 9.930415e+01 -3.635628e-04 9.999995e-01 9.456992e-04 -4.435213e+00 3.084020e-02 -9.340399e-04 9.995238e-01 1.391606e+01
9.997734e-01 -4.328090e-04 2.128211e-02 9.992985e+01 4.481880e-04 9.999996e-01 -7.178588e-04 -4.462064e+00 -2.128179e-02 7.272374e-04 9.997734e-01 1.405326e+01
9.995415e-01 3.921617e-04 -3.027544e-02 1.005538e+02 -3.636685e-04 9.999995e-01 9.466347e-04 -4.489727e+00 3.027578e-02 -9.351933e-04 9.995410e-01 1.423047e+01
9.997545e-01 -4.435092e-04 2.215340e-02 1.011928e+02 4.598745e-04 9.999996e-01 -7.336298e-04 -4.518081e+00 -2.215306e-02 7.436403e-04 9.997544e-01 1.441022e+01
9.995304e-01 3.902878e-04 -3.063992e-02 1.018076e+02 -3.621243e-04 9.999995e-01 9.247215e-04 -4.543327e+00 3.064026e-02 -9.131946e-04 9.995300e-01 1.449179e+01
9.997977e-01 -4.523967e-04 2.010803e-02 1.024182e+02 4.668567e-04 9.999996e-01 -7.144200e-04 -4.566937e+00 -2.010769e-02 7.236659e-04 9.997977e-01 1.451521e+01
9.993704e-01 4.463439e-04 -3.547815e-02 1.030275e+02 -4.091416e-04 9.999994e-01 1.055855e-03 -4.589922e+00 3.547859e-02 -1.040677e-03 9.993698e-01 1.453189e+01
9.997903e-01 -4.670172e-04 2.047060e-02 1.036971e+02 4.816400e-04 9.999996e-01 -7.093965e-04 -4.614734e+00 -2.047025e-02 7.191100e-04 9.997903e-01 1.454117e+01
