9.994650e-01 5.102888e-04 3.270262e-02 3.305412e-01 -4.775843e-04 9.999994e-01 -1.007861e-03 -2.122646e-02 -3.270311e-02 9.917035e-04 9.994647e-01 3.321871e-01
9.999953e-01 -2.768595e-05 -3.064840e-03 4.530502e-01 2.795058e-05 1.000000e+00 8.629804e-05 -3.847307e-02 3.064844e-03 -8.638301e-05 9.999952e-01 7.702857e-01
9.996353e-01 4.743383e-04 2.700208e-02 5.523093e-01 -4.519039e-04 9.999995e-01 -8.369370e-04 -5.550869e-02 -2.700248e-02 8.244292e-04 9.996351e-01 1.228930e+00
9.999971e-01 -4.991307e-05 -2.401035e-03 7.028963e-01 5.011780e-05 1.000000e+00 8.520015e-05 -7.553929e-02 2.401042e-03 -8.532010e-05 9.999970e-01 1.732865e+00
9.993670e-01 5.847869e-04 3.557087e-02 8.385659e-01 -5.466799e-04 9.999993e-01 -1.081013e-03 -9.584070e-02 -3.557149e-02 1.060883e-03 9.993667e-01 2.272939e+00
9.999545e-01 1.079557e-04 9.541536e-03 9.775116e-01 -1.052497e-04 1.000000e+00 -2.841084e-04 -1.138345e-01 -9.541548e-03 2.830911e-04 9.999543e-01 2.720491e+00
9.995598e-01 4.899538e-04 2.966569e-02 1.116570e+00 -4.631300e-04 9.999995e-01 -9.110675e-04 -1.301857e-01 -2.966614e-02 8.969275e-04 9.995596e-01 3.097392e+00
9.999737e-01 9.708927e-05 7.247445e-03 1.261532e+00 -9.570599e-05 1.000000e+00 -1.912047e-04 -1.510452e-01 -7.247437e-03 1.905058e-04 9.999736e-01 3.651536e+00
9.994121e-01 5.444109e-04 3.428193e-02 1.388066e+00 -5.085216e-04 9.999993e-01 -1.055599e-03 -1.696484e-01 -3.428252e-02 1.037546e-03 9.994117e-01 4.142592e+00
1.000000e+00 3.175453e-05 -2.789381e-04 1.519195e+00 -3.173300e-05 1.000000e+00 7.682091e-05 -1.933105e-01 2.789740e-04 -7.681254e-05 9.999999e-01 4.823629e+00
9.990831e-01 6.438608e-04 4.280792e-02 1.656145e+00 -5.861562e-04 9.999989e-01 -1.360529e-03 -2.119954e-01 -4.280879e-02 1.334190e-03 9.990825e-01 5.305396e+00
9.999718e-01 -6.609451e-05 -7.506384e-03 1.834716e+00 6.826665e-05 1.000000e+00 2.890933e-04 -2.320775e-01 7.506405e-03 -2.895983e-04 9.999717e-01 5.788791e+00
9.991070e-01 6.587423e-04 4.224721e-02 2.044943e+00 -6.030785e-04 9.999989e-01 -1.330309e-03 -2.550617e-01 -4.224808e-02 1.303644e-03 9.991064e-01 6.349355e+00
9.999998e-01 4.445264e-05 -6.452272e-04 2.254640e+00 -4.439479e-05 1.000000e+00 8.929970e-05 -2.770857e-01 6.452787e-04 -8.927190e-05 9.999997e-01 6.875097e+00
9.993308e-01 5.640083e-04 3.657345e-02 2.482066e+00 -5.226784e-04 9.999992e-01 -1.139608e-03 -3.012764e-01 -3.657412e-02 1.119730e-03 9.993304e-01 7.460372e+00
9.999519e-01 -7.231881e-05 -9.803017e-03 2.733577e+00 7.603400e-05 9.999999e-01 3.785801e-04 -3.279779e-01 9.803041e-03 -3.793083e-04 9.999518e-01 8.113959e+00
9.993447e-01 5.534396e-04 3.619262e-02 2.888667e+00 -5.123548e-04 9.999992e-01 -1.144445e-03 -3.528242e-01 -3.619328e-02 1.125153e-03 9.993443e-01 8.812494e+00
9.999965e-01 9.695312e-05 2.650708e-03 3.057650e+00 -9.694309e-05 1.000000e+00 -3.771393e-06 -3.745401e-01 -2.650650e-03 3.513290e-06 9.999964e-01 9.373644e+00
9.995014e-01 4.832306e-04 3.157064e-02 3.231758e+00 -4.528190e-04 9.999994e-01 -9.704441e-04 -3.997649e-01 -3.157116e-02 9.556656e-04 9.995011e-01 1.006315e+01
9.999800e-01 1.243678e-04 6.319964e-03 3.405320e+00 -1.231830e-04 1.000000e+00 -1.877786e-04 -4.192236e-01 -6.319923e-03 1.869950e-04 9.999799e-01 1.053086e+01
9.993723e-01 5.237912e-04 3.542359e-02 3.727196e+00 -4.856540e-04 9.999993e-01 -1.085213e-03 -4.368100e-01 -3.542420e-02 1.067329e-03 9.993719e-01 1.072124e+01
9.999760e-01 -4.202689e-05 -6.920329e-03 4.313545e+00 4.367310e-05 1.000000e+00 2.376432e-04 -4.649356e-01 6.920389e-03 -2.379411e-04 9.999759e-01 1.099198e+01
9.997582e-01 3.048296e-04 2.198703e-02 4.998882e+00 -2.898315e-04 9.999997e-01 -6.853427e-04 -4.965541e-01 -2.198730e-02 6.788059e-04 9.997581e-01 1.126420e+01
9.999733e-01 -4.484124e-05 -7.300663e-03 5.777642e+00 4.670979e-05 1.000000e+00 2.556847e-04 -5.307038e-01 7.300723e-03 -2.560204e-04 9.999732e-01 1.151689e+01
9.997616e-01 3.007626e-04 2.183428e-02 6.448742e+00 -2.856748e-04 9.999997e-01 -6.941590e-04 -5.614173e-01 -2.183456e-02 6.877574e-04 9.997614e-01 1.177320e+01
9.999110e-01 -1.090781e-04 -1.334310e-02 7.051765e+00 1.149907e-04 9.999999e-01 4.423032e-04 -5.915583e-01 1.334312e-02 -4.437996e-04 9.999108e-01 1.209800e+01
9.995725e-01 3.906526e-04 2.923411e-02 7.685323e+00 -3.636346e-04 9.999995e-01 -9.295251e-04 -6.211643e-01 -2.923453e-02 9.184987e-04 9.995722e-01 1.236035e+01
9.999364e-01 -7.365221e-05 -1.127491e-02 8.240749e+00 7.790954e-05 9.999999e-01 3.770893e-04 -6.487100e-01 1.127495e-02 -3.779453e-04 9.999363e-01 1.264430e+01
9.996252e-01 3.766086e-04 2.737458e-02 8.821660e+00 -3.535517e-04 9.999996e-01 -8.471336e-04 -6.783880e-01 -2.737497e-02 8.371393e-04 9.996250e-01 1.298277e+01
9.998521e-01 -1.509223e-04 -1.719709e-02 9.531202e+00 1.604698e-04 9.999998e-01 5.537555e-04 -7.115544e-01 1.719708e-02 -5.564347e-04 9.998519e-01 1.328991e+01
9.997488e-01 3.006468e-04 2.241383e-02 1.022021e+01 -2.850740e-04 9.999997e-01 -6.980122e-04 -7.445976e-01 -2.241411e-02 6.914487e-04 9.997486e-01 1.361594e+01
9.999198e-01 -9.821073e-05 -1.266409e-02 1.080881e+01 1.034509e-04 9.999999e-01 4.130617e-04 -7.749537e-01 1.266412e-02 -4.143403e-04 9.999196e-01 1.397299e+01
9.996677e-01 3.657426e-04 2.577564e-02 1.118716e+01 -3.457154e-04 9.999996e-01 -7.814610e-04 -8.024163e-01 -2.577599e-02 7.722918e-04 9.996675e-01 1.449624e+01
9.999068e-01 -9.608158e-05 -1.364922e-02 1.154164e+01 1.022353e-04 9.999999e-01 4.500876e-04 -8.303653e-01 1.364926e-02 -4.514427e-04 9.999067e-01 1.507292e+01
9.997106e-01 3.058750e-04 2.405616e-02 1.215489e+01 -2.880313e-04 9.999997e-01 -7.452459e-04 -8.623228e-01 -2.405646e-02 7.381029e-04 9.997104e-01 1.545682e+01
9.998313e-01 -1.448997e-04 -1.836460e-02 1.263806e+01 1.556098e-04 9.999998e-01 5.817158e-04 -8.911503e-01 1.836460e-02 -5.844770e-04 9.998311e-01 1.587995e+01
9.996564e-01 3.271723e-04 2.621153e-02 1.298471e+01 -3.057106e-04 9.999996e-01 -8.228231e-04 -9.162637e-01 -2.621187e-02 8.145288e-04 9.996562e-01 1.633530e+01
9.998378e-01 -1.467982e-04 -1.800893e-02 1.332975e+01 1.568187e-04 9.999998e-01 5.549595e-04 -9.399828e-01 1.800892e-02 -5.576952e-04 9.998376e-01 1.673691e+01
9.996443e-01 3.383771e-04 2.666850e-02 1.367710e+01 -3.165472e-04 9.999996e-01 -8.228142e-04 -9.647243e-01 -2.666885e-02 8.140813e-04 9.996441e-01 1.717831e+01
9.998485e-01 -1.318830e-04 -1.740667e-02 1.411259e+01 1.413637e-04 9.999998e-01 5.433765e-04 -9.921450e-01 1.740668e-02 -5.457565e-04 9.998483e-01 1.761240e+01
9.997368e-01 2.993337e-04 2.294131e-02 1.450902e+01 -2.832028e-04 9.999997e-01 -7.064203e-04 -1.018148e+00 -2.294160e-02 6.997389e-04 9.997366e-01 1.804521e+01
9.998069e-01 -1.419943e-04 -1.964878e-02 1.475133e+01 1.537159e-04 9.999998e-01 5.949962e-04 -1.040546e+00 1.964877e-02 -5.979033e-04 9.998067e-01 1.853669e+01
9.998218e-01 1.539323e-04 1.888003e-02 1.488958e+01 -1.418180e-04 9.999998e-01 -6.430271e-04 -1.056360e+00 -1.888021e-02 6.402366e-04 9.998216e-01 1.887838e+01
9.997176e-01 -1.682440e-04 -2.376224e-02 1.482288e+01 1.840285e-04 9.999998e-01 6.620451e-04 -1.065752e+00 2.376221e-02 -6.662327e-04 9.997173e-01 1.916937e+01
9.998276e-01 1.495691e-04 1.856611e-02 1.460835e+01 -1.382043e-04 9.999998e-01 -6.134525e-04 -1.072001e+00 -1.856628e-02 6.107825e-04 9.998275e-01 1.949775e+01
9.999752e-01 7.256404e-05 -7.032771e-03 1.469326e+01 -7.096788e-05 1.000000e+00 2.270771e-04 -1.088116e+00 7.032871e-03 -2.265741e-04 9.999752e-01 1.992525e+01
9.999430e-01 3.700373e-05 1.068213e-02 1.510783e+01 -3.311608e-05 9.999999e-01 -3.642008e-04 -1.111304e+00 -1.068223e-02 3.638279e-04 9.999430e-01 2.021596e+01
9.999649e-01 4.657880e-05 -8.378367e-03 1.565944e+01 -4.419873e-05 1.000000e+00 2.841453e-04 -1.138850e+00 8.378463e-03 -2.837667e-04 9.999648e-01 2.049726e+01
9.998250e-01 1.467042e-04 1.870568e-02 1.632879e+01 -1.351414e-04 9.999998e-01 -6.194530e-04 -1.167274e+00 -1.870586e-02 6.168184e-04 9.998249e-01 2.066186e+01
9.999789e-01 6.617845e-05 -6.492234e-03 1.700696e+01 -6.477310e-05 1.000000e+00 2.165251e-04 -1.194097e+00 6.492333e-03 -2.161017e-04 9.999788e-01 2.075007e+01
9.998033e-01 1.613494e-04 1.983599e-02 1.759083e+01 -1.486590e-04 9.999998e-01 -6.412839e-04 -1.220793e+00 -1.983618e-02 6.382107e-04 9.998031e-01 2.096272e+01
9.999127e-01 3.374700e-05 -1.321121e-02 1.793494e+01 -2.772984e-05 9.999999e-01 4.555639e-04 -1.246688e+00 1.321131e-02 -4.551595e-04 9.999125e-01 2.146158e+01
9.999130e-01 1.506683e-05 1.319569e-02 1.815306e+01 -8.902995e-06 9.999999e-01 -4.672417e-04 -1.267828e+00 -1.319578e-02 4.670853e-04 9.999129e-01 2.192616e+01
9.998985e-01 1.868550e-06 -1.424256e-02 1.841547e+01 4.914488e-06 9.999999e-01 4.761438e-04 -1.289515e+00 1.424265e-02 -4.761672e-04 9.998984e-01 2.235040e+01
9.999066e-01 3.855096e-05 1.366648e-02 1.877338e+01 -3.246772e-05 9.999999e-01 -4.454134e-04 -1.315770e+00 -1.366659e-02 4.449298e-04 9.999066e-01 2.283460e+01
9.998431e-01 -4.029383e-05 -1.770948e-02 1.895684e+01 4.937678e-05 9.999999e-01 5.123913e-04 -1.335098e+00 1.770954e-02 -5.131871e-04 9.998430e-01 2.325978e+01
9.998724e-01 5.268945e-05 1.597454e-02 1.920817e+01 -4.504939e-05 9.999999e-01 -4.786833e-04 -1.356873e+00 -1.597465e-02 4.779043e-04 9.998724e-01 2.370383e+01
9.999991e-01 2.145808e-04 -1.305336e-03 1.949708e+01 -2.145174e-04 1.000000e+00 4.794903e-05 -1.381259e+00 1.305432e-03 -4.767071e-05 9.999991e-01 2.421871e+01
9.999828e-01 -7.017953e-05 5.874950e-03 1.986884e+01 7.114679e-05 1.000000e+00 -1.646042e-04 -1.408661e+00 -5.875024e-03 1.650211e-04 9.999828e-01 2.473874e+01
9.999915e-01 1.937830e-04 -4.111813e-03 2.013223e+01 -1.930146e-04 1.000000e+00 1.870377e-04 -1.437454e+00 4.111936e-03 -1.862442e-04 9.999915e-01 2.546588e+01
9.999950e-01 -1.402762e-04 3.156641e-03 2.029425e+01 1.405695e-04 1.000000e+00 -9.302688e-05 -1.464985e+00 -3.156715e-03 9.347188e-05 9.999951e-01 2.626972e+01
9.999859e-01 1.778955e-04 -5.303438e-03 2.046781e+01 -1.767368e-04 1.000000e+00 2.187643e-04 -1.492945e+00 5.303563e-03 -2.178256e-04 9.999858e-01 2.706964e+01
9.999977e-01 -1.506118e-04 2.150442e-03 2.059751e+01 1.508464e-04 1.000000e+00 -1.094177e-04 -1.517304e+00 -2.150512e-03 1.097436e-04 9.999978e-01 2.777487e+01
9.999923e-01 1.852406e-04 -3.906462e-03 2.076512e+01 -1.844469e-04 1.000000e+00 2.032915e-04 -1.543046e+00 3.906586e-03 -2.025711e-04 9.999923e-01 2.849284e+01
9.997698e-01 1.564648e-04 2.145794e-02 2.102039e+01 -1.419920e-04 9.999998e-01 -6.760418e-04 -1.570398e+00 -2.145813e-02 6.728410e-04 9.997696e-01 2.917210e+01
9.999557e-01 1.454179e-04 -9.408448e-03 2.133939e+01 -1.417740e-04 9.999999e-01 3.878589e-04 -1.600865e+00 9.408591e-03 -3.865096e-04 9.999556e-01 2.989626e+01
9.999607e-01 -9.582250e-05 8.867721e-03 2.173761e+01 9.823879e-05 1.000000e+00 -2.721594e-04 -1.634302e+00 -8.867782e-03 2.730216e-04 9.999607e-01 3.063730e+01
9.999599e-01 1.387549e-04 -8.947977e-03 2.228607e+01 -1.356818e-04 9.999999e-01 3.439316e-04 -1.667990e+00 8.948112e-03 -3.427054e-04 9.999598e-01 3.117882e+01
9.999735e-01 -1.235926e-04 7.278779e-03 2.285940e+01 1.252500e-04 1.000000e+00 -2.273802e-04 -1.702018e+00 -7.278838e-03 2.282876e-04 9.999736e-01 3.169456e+01
9.999104e-01 1.373126e-04 -1.338445e-02 2.325381e+01 -1.311036e-04 9.999999e-01 4.646966e-04 -1.734640e+00 1.338459e-02 -4.629018e-04 9.999102e-01 3.240715e+01
9.999113e-01 -6.181967e-05 1.332102e-02 2.367211e+01 6.697476e-05 9.999999e-01 -3.866162e-04 -1.766994e+00 -1.332108e-02 3.874757e-04 9.999113e-01 3.306544e+01
9.999862e-01 2.645292e-04 -5.241808e-03 2.415315e+01 -2.635257e-04 9.999999e-01 1.919349e-04 -1.798925e+00 5.241946e-03 -1.905526e-04 9.999862e-01 3.362815e+01
9.998789e-01 -6.894225e-05 1.556674e-02 2.496459e+01 7.635472e-05 9.999999e-01 -4.756426e-04 -1.835278e+00 -1.556680e-02 4.767752e-04 9.998788e-01 3.391846e+01
9.999916e-01 2.854178e-04 -4.074687e-03 2.559180e+01 -2.847718e-04 9.999999e-01 1.588770e-04 -1.867584e+00 4.074821e-03 -1.577170e-04 9.999916e-01 3.429153e+01
9.999272e-01 -9.281990e-05 1.206967e-02 2.607407e+01 9.702415e-05 9.999999e-01 -3.478310e-04 -1.899558e+00 -1.206973e-02 3.489784e-04 9.999272e-01 3.484666e+01
9.999546e-01 2.048578e-04 -9.524607e-03 2.667850e+01 -2.015608e-04 9.999999e-01 3.470101e-04 -1.934667e+00 9.524766e-03 -3.450762e-04 9.999545e-01 3.537135e+01
9.999296e-01 -9.227714e-05 1.187069e-02 2.715698e+01 9.668700e-05 9.999999e-01 -3.710040e-04 -1.965681e+00 -1.187074e-02 3.721273e-04 9.999295e-01 3.589412e+01
9.999888e-01 2.913351e-04 -4.716599e-03 2.744861e+01 -2.903829e-04 9.999999e-01 2.023508e-04 -1.993857e+00 4.716747e-03 -2.009806e-04 9.999888e-01 3.655736e+01
9.999777e-01 -1.438323e-04 6.677728e-03 2.748718e+01 1.451110e-04 1.000000e+00 -1.911540e-04 -2.017717e+00 -6.677790e-03 1.921204e-04 9.999778e-01 3.737244e+01
9.999801e-01 2.668692e-04 -6.291188e-03 2.753635e+01 -2.651346e-04 9.999999e-01 2.763821e-04 -2.044443e+00 6.291351e-03 -2.747102e-04 9.999801e-01 3.829119e+01
9.999760e-01 -1.432323e-04 6.937052e-03 2.766301e+01 1.445093e-04 1.000000e+00 -1.837283e-04 -2.073455e+00 -6.937115e-03 1.847280e-04 9.999760e-01 3.920564e+01
9.999725e-01 2.208616e-04 -7.403284e-03 2.786640e+01 -2.190321e-04 9.999999e-01 2.477788e-04 -2.099503e+00 7.403428e-03 -2.461520e-04 9.999725e-01 3.989185e+01
9.999847e-01 -2.086321e-04 5.532692e-03 2.832236e+01 2.094742e-04 1.000000e+00 -1.518128e-04 -2.128888e+00 -5.532749e-03 1.529711e-04 9.999848e-01 4.037327e+01
9.999761e-01 2.237034e-04 -6.898965e-03 2.880590e+01 -2.219873e-04 9.999999e-01 2.493666e-04 -2.159973e+00 6.899110e-03 -2.478308e-04 9.999761e-01 4.089139e+01
9.999806e-01 -2.326632e-04 6.229211e-03 2.971181e+01 2.334668e-04 1.000000e+00 -1.284454e-04 -2.202222e+00 -6.229270e-03 1.298988e-04 9.999807e-01 4.130074e+01
9.999856e-01 2.438376e-04 -5.363179e-03 3.078175e+01 -2.426937e-04 9.999999e-01 2.137488e-04 -2.248485e+00 5.363320e-03 -2.124457e-04 9.999855e-01 4.165399e+01
9.999743e-01 -1.708212e-04 7.176704e-03 3.156734e+01 1.720686e-04 1.000000e+00 -1.733339e-04 -2.287943e+00 -7.176764e-03 1.745659e-04 9.999743e-01 4.211368e+01
9.999811e-01 1.969650e-04 -6.140241e-03 3.251376e+01 -1.956743e-04 1.000000e+00 2.106354e-04 -2.328881e+00 6.140372e-03 -2.094315e-04 9.999811e-01 4.241262e+01
9.999664e-01 -1.295518e-04 8.197263e-03 3.335443e+01 1.311045e-04 1.000000e+00 -1.890057e-04 -2.368606e+00 -8.197328e-03 1.900757e-04 9.999665e-01 4.280682e+01
9.999814e-01 2.386309e-04 -6.081783e-03 3.386646e+01 -2.374104e-04 1.000000e+00 2.012408e-04 -2.402127e+00 6.081920e-03 -1.997948e-04 9.999814e-01 4.339306e+01
9.999735e-01 -1.578316e-04 7.280393e-03 3.440426e+01 1.589726e-04 1.000000e+00 -1.562775e-04 -2.436126e+00 -7.280457e-03 1.574324e-04 9.999736e-01 4.396473e+01
9.999776e-01 2.039571e-04 -6.690537e-03 3.500855e+01 -2.026225e-04 1.000000e+00 2.000084e-04 -2.469717e+00 6.690667e-03 -1.986498e-04 9.999775e-01 4.442343e+01
9.999829e-01 -1.639474e-04 5.856578e-03 3.542966e+01 1.647602e-04 1.000000e+00 -1.384707e-04 -2.498357e+00 -5.856645e-03 1.394348e-04 9.999829e-01 4.491963e+01
9.999775e-01 1.825267e-04 -6.708663e-03 3.600113e+01 -1.813169e-04 1.000000e+00 1.807842e-04 -2.528204e+00 6.708785e-03 -1.795653e-04 9.999774e-01 4.525938e+01
9.999705e-01 -1.083928e-04 7.687221e-03 3.644561e+01 1.097333e-04 1.000000e+00 -1.740813e-04 -2.557183e+00 -7.687291e-03 1.749213e-04 9.999705e-01 4.574558e+01
9.999916e-01 2.365795e-04 -4.074361e-03 3.694257e+01 -2.362277e-04 1.000000e+00 8.657448e-05 -2.587003e+00 4.074471e-03 -8.561283e-05 9.999916e-01 4.619363e+01
9.999573e-01 -1.003408e-04 9.245367e-03 3.728850e+01 1.025076e-04 1.000000e+00 -2.339986e-04 -2.612202e+00 -9.245433e-03 2.349379e-04 9.999573e-01 4.665508e+01
9.999926e-01 2.309307e-04 -3.844950e-03 3.751422e+01 -2.307558e-04 1.000000e+00 4.568185e-05 -2.632535e+00 3.845051e-03 -4.479581e-05 9.999925e-01 4.707808e+01
9.999666e-01 -1.011965e-04 8.175627e-03 3.759069e+01 1.027373e-04 1.000000e+00 -1.881669e-04 -2.650905e+00 -8.175698e-03 1.890021e-04 9.999666e-01 4.761603e+01
9.999897e-01 2.420192e-04 -4.523013e-03 3.777926e+01 -2.415975e-04 1.000000e+00 9.355912e-05 -2.674206e+00 4.523126e-03 -9.246696e-05 9.999897e-01 4.821300e+01
9.999579e-01 -7.331408e-05 9.173995e-03 3.787004e+01 7.515225e-05 1.000000e+00 -2.001327e-04 -2.697031e+00 -9.174071e-03 2.008153e-04 9.999580e-01 4.891649e+01
9.999891e-01 2.558162e-04 -4.646088e-03 3.801464e+01 -2.552678e-04 1.000000e+00 1.184092e-04 -2.722828e+00 4.646209e-03 -1.172234e-04 9.999891e-01 4.967327e+01
9.998833e-01 -2.995168e-05 1.527863e-02 3.819277e+01 3.631770e-05 9.999999e-01 -4.164497e-04 -2.746081e+00 -1.527871e-02 4.169576e-04 9.998833e-01 5.028548e+01
9.999612e-01 2.378028e-04 -8.803357e-03 3.842047e+01 -2.353999e-04 9.999999e-01 2.738639e-04 -2.773340e+00 8.803513e-03 -2.717825e-04 9.999611e-01 5.099893e+01
9.998631e-01 -8.782164e-06 1.655065e-02 3.869280e+01 1.598273e-05 9.999999e-01 -4.349914e-04 -2.802730e+00 -1.655074e-02 4.351979e-04 9.998630e-01 5.174505e+01
9.999630e-01 2.230771e-04 -8.596585e-03 3.891038e+01 -2.210717e-04 9.999999e-01 2.341006e-04 -2.828292e+00 8.596729e-03 -2.321931e-04 9.999630e-01 5.240459e+01
9.999390e-01 -8.825646e-05 1.104696e-02 3.914302e+01 9.140472e-05 1.000000e+00 -2.845779e-04 -2.852904e+00 -1.104703e-02 2.855718e-04 9.999390e-01 5.299945e+01
9.999782e-01 2.161747e-04 -6.596553e-03 3.970679e+01 -2.150739e-04 1.000000e+00 1.674190e-04 -2.883454e+00 6.596682e-03 -1.659982e-04 9.999782e-01 5.338871e+01
9.998018e-01 2.558209e-05 1.990798e-02 4.023514e+01 -1.468767e-05 9.999999e-01 -5.474374e-04 -2.912628e+00 -1.990808e-02 5.470380e-04 9.998017e-01 5.377876e+01
9.999999e-01 3.201321e-04 -8.440399e-05 4.058306e+01 -3.201349e-04 9.999999e-01 -4.561742e-05 -2.937518e+00 8.448314e-05 4.564288e-05 9.999999e-01 5.423693e+01
9.999133e-01 -5.912754e-05 1.317311e-02 4.103558e+01 6.330461e-05 9.999999e-01 -3.167581e-04 -2.966073e+00 -1.317318e-02 3.175661e-04 9.999132e-01 5.470313e+01
9.999777e-01 2.346266e-04 -6.663699e-03 4.161669e+01 -2.335602e-04 1.000000e+00 1.606277e-04 -2.998860e+00 6.663831e-03 -1.590693e-04 9.999777e-01 5.517044e+01
9.998794e-01 -3.918591e-05 1.553379e-02 4.227149e+01 4.537743e-05 9.999999e-01 -3.983041e-04 -3.031951e+00 -1.553387e-02 3.989626e-04 9.998793e-01 5.555063e+01
9.999785e-01 2.464610e-04 -6.550260e-03 4.266490e+01 -2.454508e-04 1.000000e+00 1.548399e-04 -3.059917e+00 6.550393e-03 -1.532304e-04 9.999785e-01 5.607059e+01
9.999107e-01 -3.951409e-05 1.336671e-02 4.299063e+01 4.352263e-05 1.000000e+00 -2.996852e-04 -3.089772e+00 -1.336679e-02 3.002418e-04 9.999107e-01 5.676176e+01
9.999936e-01 2.568429e-04 -3.562400e-03 4.327197e+01 -2.567094e-04 1.000000e+00 3.759630e-05 -3.116231e+00 3.562505e-03 -3.668312e-05 9.999936e-01 5.737109e+01
9.999445e-01 -5.515286e-05 1.053923e-02 4.343730e+01 5.734341e-05 1.000000e+00 -2.076567e-04 -3.141009e+00 -1.053931e-02 2.082511e-04 9.999445e-01 5.806392e+01
9.999519e-01 1.567644e-04 -9.798232e-03 4.368116e+01 -1.546604e-04 1.000000e+00 2.153675e-04 -3.166297e+00 9.798362e-03 -2.138433e-04 9.999519e-01 5.866805e+01
9.999666e-01 -1.065042e-04 8.173599e-03 4.395304e+01 1.078309e-04 1.000000e+00 -1.620178e-04 -3.189974e+00 -8.173677e-03 1.628953e-04 9.999666e-01 5.916037e+01
9.999381e-01 1.568139e-04 -1.112611e-02 4.427808e+01 -1.546170e-04 1.000000e+00 1.982049e-04 -3.210873e+00 1.112623e-02 -1.964739e-04 9.999380e-01 5.945707e+01
9.999001e-01 -5.132396e-05 1.413980e-02 4.459969e+01 5.570032e-05 1.000000e+00 -3.091951e-04 -3.233371e+00 -1.413988e-02 3.099533e-04 9.999000e-01 5.983485e+01
9.999507e-01 1.698170e-04 -9.928351e-03 4.490125e+01 -1.682288e-04 1.000000e+00 1.606771e-04 -3.255774e+00 9.928473e-03 -1.590005e-04 9.999506e-01 6.023588e+01
9.999675e-01 -1.465255e-04 8.061516e-03 4.545822e+01 1.475568e-04 1.000000e+00 -1.274790e-04 -3.282844e+00 -8.061593e-03 1.286660e-04 9.999676e-01 6.047411e+01
9.999554e-01 1.861718e-04 -9.442292e-03 4.601187e+01 -1.843883e-04 1.000000e+00 1.896247e-04 -3.312626e+00 9.442422e-03 -1.878768e-04 9.999553e-01 6.083514e+01
9.999714e-01 -1.879847e-04 7.569199e-03 4.663180e+01 1.888908e-04 1.000000e+00 -1.191428e-04 -3.343319e+00 -7.569272e-03 1.205707e-04 9.999714e-01 6.114256e+01
9.999623e-01 1.828805e-04 -8.676213e-03 4.744688e+01 -1.811259e-04 1.000000e+00 2.028841e-04 -3.380144e+00 8.676346e-03 -2.013065e-04 9.999623e-01 6.144270e+01
9.999552e-01 -1.389651e-04 9.464228e-03 4.827940e+01 1.407763e-04 1.000000e+00 -1.908207e-04 -3.417059e+00 -9.464297e-03 1.921461e-04 9.999553e-01 6.172176e+01
9.999658e-01 1.690181e-04 -8.264319e-03 4.929792e+01 -1.674714e-04 1.000000e+00 1.877054e-04 -3.456463e+00 8.264446e-03 -1.863165e-04 9.999658e-01 6.184554e+01
9.999323e-01 -9.382280e-05 1.164230e-02 5.029598e+01 9.706062e-05 1.000000e+00 -2.776423e-04 -3.493481e+00 -1.164236e-02 2.787550e-04 9.999323e-01 6.189966e+01
9.999685e-01 1.820329e-04 -7.933209e-03 5.127902e+01 -1.805464e-04 1.000000e+00 1.879390e-04 -3.532683e+00 7.933339e-03 -1.865023e-04 9.999684e-01 6.206846e+01
9.999581e-01 -1.559269e-04 9.158014e-03 5.232228e+01 1.577371e-04 1.000000e+00 -1.970668e-04 -3.571436e+00 -9.158079e-03 1.985047e-04 9.999581e-01 6.213379e+01
9.999538e-01 1.517471e-04 -9.612082e-03 5.320341e+01 -1.496725e-04 1.000000e+00 2.164247e-04 -3.605798e+00 9.612210e-03 -2.149776e-04 9.999537e-01 6.223428e+01
9.999389e-01 -1.107316e-04 1.106048e-02 5.406175e+01 1.134835e-04 1.000000e+00 -2.482829e-04 -3.641355e+00 -1.106055e-02 2.495244e-04 9.999389e-01 6.241601e+01
9.999414e-01 1.255008e-04 -1.082177e-02 5.496218e+01 -1.226973e-04 1.000000e+00 2.596133e-04 -3.677884e+00 1.082190e-02 -2.582718e-04 9.999413e-01 6.258052e+01
9.999533e-01 -1.394275e-04 9.667194e-03 5.580794e+01 1.415590e-04 1.000000e+00 -2.199220e-04 -3.711647e+00 -9.667259e-03 2.212818e-04 9.999533e-01 6.270255e+01
9.999673e-01 1.975446e-04 -8.079470e-03 5.644024e+01 -1.963320e-04 1.000000e+00 1.507320e-04 -3.739944e+00 8.079596e-03 -1.491423e-04 9.999673e-01 6.289511e+01
9.999375e-01 -1.152356e-04 1.118612e-02 5.693487e+01 1.184378e-04 1.000000e+00 -2.857132e-04 -3.763002e+00 -1.118619e-02 2.870217e-04 9.999375e-01 6.306273e+01
9.999517e-01 1.771782e-04 -9.821149e-03 5.752613e+01 -1.749357e-04 1.000000e+00 2.290746e-04 -3.791035e+00 9.821285e-03 -2.273470e-04 9.999517e-01 6.329778e+01
9.997882e-01 2.199750e-05 2.058226e-02 5.794510e+01 -1.073325e-05 9.999999e-01 -5.474463e-04 -3.817413e+00 -2.058236e-02 5.471110e-04 9.997881e-01 6.370945e+01
9.998710e-01 1.099146e-04 -1.605698e-02 5.873289e+01 -1.017409e-04 9.999999e-01 5.097864e-04 -3.857653e+00 1.605713e-02 -5.080885e-04 9.998709e-01 6.419858e+01
9.998839e-01 -1.271339e-04 1.523760e-02 5.938608e+01 1.330421e-04 9.999999e-01 -3.868024e-04 -3.893940e+00 -1.523765e-02 3.887863e-04 9.998839e-01 6.471164e+01
9.998122e-01 1.421193e-04 -1.937822e-02 5.951555e+01 -1.332320e-04 9.999999e-01 4.598497e-04 -3.912153e+00 1.937838e-02 -4.571831e-04 9.998121e-01 6.515298e+01
9.996329e-01 3.961955e-05 2.709668e-02 5.983836e+01 -2.115055e-05 9.999998e-01 -6.819251e-04 -3.937655e+00 -2.709680e-02 6.811031e-04 9.996326e-01 6.565730e+01
9.999185e-01 2.082179e-04 -1.276523e-02 6.041262e+01 -2.048341e-04 9.999999e-01 2.662839e-04 -3.967957e+00 1.276538e-02 -2.636490e-04 9.999184e-01 6.602362e+01
9.998325e-01 -4.248240e-05 1.830200e-02 6.080527e+01 4.979125e-05 9.999999e-01 -3.989568e-04 -3.996175e+00 -1.830208e-02 3.998028e-04 9.998325e-01 6.654465e+01
9.998467e-01 1.384495e-04 -1.750625e-02 6.116295e+01 -1.311333e-04 9.999999e-01 4.189940e-04 -4.024805e+00 1.750641e-02 -4.166356e-04 9.998466e-01 6.712766e+01
9.998108e-01 -5.043329e-05 1.945271e-02 6.169375e+01 5.981993e-05 9.999999e-01 -4.820160e-04 -4.052716e+00 -1.945278e-02 4.830900e-04 9.998107e-01 6.744183e+01
9.999738e-01 2.781255e-04 -7.227857e-03 6.215393e+01 -2.771727e-04 1.000000e+00 1.326508e-04 -4.080918e+00 7.227991e-03 -1.306454e-04 9.999738e-01 6.787970e+01
9.998893e-01 -7.742812e-05 1.488151e-02 6.253271e+01 8.226308e-05 9.999999e-01 -3.243673e-04 -4.109605e+00 -1.488158e-02 3.255572e-04 9.998893e-01 6.844343e+01
9.999875e-01 2.794510e-04 -4.984867e-03 6.327651e+01 -2.791276e-04 1.000000e+00 6.532554e-05 -4.145703e+00 4.984982e-03 -6.393483e-05 9.999875e-01 6.882241e+01
9.997724e-01 1.836875e-05 2.133396e-02 6.386581e+01 -7.476231e-06 9.999999e-01 -5.107097e-04 -4.177390e+00 -2.133406e-02 5.104356e-04 9.997723e-01 6.923115e+01
9.998752e-01 1.516398e-04 -1.579243e-02 6.438469e+01 -1.455692e-04 9.999999e-01 3.854659e-04 -4.209219e+00 1.579258e-02 -3.831205e-04 9.998752e-01 6.973286e+01
9.996296e-01 1.107563e-04 2.721617e-02 6.479946e+01 -9.266495e-05 9.999998e-01 -6.660353e-04 -4.240208e+00 -2.721634e-02 6.632681e-04 9.996294e-01 7.034840e+01
9.998591e-01 1.567825e-04 -1.678319e-02 6.530220e+01 -1.495182e-04 9.999999e-01 4.340085e-04 -4.275100e+00 1.678335e-02 -4.314395e-04 9.998590e-01 7.100880e+01
9.998418e-01 -1.185161e-04 1.778706e-02 6.616728e+01 1.260881e-04 9.999999e-01 -4.246522e-04 -4.312457e+00 -1.778711e-02 4.268292e-04 9.998418e-01 7.126036e+01
9.998515e-01 1.520723e-04 -1.723264e-02 6.688881e+01 -1.448629e-04 9.999999e-01 4.195278e-04 -4.345055e+00 1.723280e-02 -4.169706e-04 9.998514e-01 7.151071e+01
9.997537e-01 -3.702820e-07 2.219493e-02 6.756936e+01 1.150483e-05 9.999999e-01 -5.016006e-04 -4.381197e+00 -2.219502e-02 5.017339e-04 9.997536e-01 7.197536e+01
9.997528e-01 4.706432e-05 -2.223195e-02 6.818532e+01 -3.557041e-05 9.999999e-01 5.173339e-04 -4.411786e+00 2.223207e-02 -5.164167e-04 9.997526e-01 7.228308e+01
9.996971e-01 4.891426e-05 2.461435e-02 6.877186e+01 -3.430852e-05 9.999998e-01 -5.938563e-04 -4.440790e+00 -2.461447e-02 5.928334e-04 9.996969e-01 7.256653e+01
9.998770e-01 1.439743e-04 -1.567849e-02 6.922063e+01 -1.386075e-04 9.999999e-01 3.433022e-04 -4.469524e+00 1.567864e-02 -3.410883e-04 9.998770e-01 7.303509e+01
9.996399e-01 1.126378e-04 2.683417e-02 6.957509e+01 -9.589544e-05 9.999998e-01 -6.252517e-04 -4.498915e+00 -2.683433e-02 6.224548e-04 9.996398e-01 7.366375e+01
9.997658e-01 5.375104e-05 -2.164111e-02 6.999141e+01 -4.285933e-05 9.999999e-01 5.036875e-04 -4.528503e+00 2.164124e-02 -5.026435e-04 9.997656e-01 7.420788e+01
9.997509e-01 -1.575871e-05 2.232047e-02 7.080238e+01 2.713643e-05 9.999999e-01 -5.094991e-04 -4.562963e+00 -2.232056e-02 5.099794e-04 9.997508e-01 7.440851e+01
9.997845e-01 5.261335e-05 -2.075952e-02 7.177105e+01 -4.262758e-05 9.999999e-01 4.813974e-04 -4.600947e+00 2.075964e-02 -4.804102e-04 9.997843e-01 7.454271e+01
9.996879e-01 8.108385e-05 2.498296e-02 7.254658e+01 -6.711083e-05 9.999998e-01 -5.601919e-04 -4.637870e+00 -2.498310e-02 5.583419e-04 9.996878e-01 7.490670e+01
9.997339e-01 -5.379292e-06 -2.306719e-02 7.332778e+01 1.732420e-05 9.999999e-01 5.175712e-04 -4.672571e+00 2.306728e-02 -5.178345e-04 9.997337e-01 7.516251e+01
9.996911e-01 6.454874e-05 2.485488e-02 7.426759e+01 -5.091480e-05 9.999998e-01 -5.492265e-04 -4.709781e+00 -2.485501e-02 5.477928e-04 9.996910e-01 7.530258e+01
9.997345e-01 -1.262494e-05 -2.303936e-02 7.516549e+01 2.489463e-05 9.999999e-01 5.322064e-04 -4.748088e+00 2.303945e-02 -5.326401e-04 9.997344e-01 7.555219e+01
9.996645e-01 1.261043e-04 2.590110e-02 7.585476e+01 -1.115867e-04 9.999998e-01 -5.619956e-04 -4.783450e+00 -2.590127e-02 5.589184e-04 9.996644e-01 7.596849e+01
9.996536e-01 -8.512544e-05 -2.631533e-02 7.644538e+01 1.012050e-04 9.999998e-01 6.096507e-04 -4.815148e+00 2.631537e-02 -6.121043e-04 9.996534e-01 7.636063e+01
9.997369e-01 9.484933e-05 2.294034e-02 7.696598e+01 -8.356779e-05 9.999999e-01 -4.927919e-04 -4.844524e+00 -2.294048e-02 4.907466e-04 9.997368e-01 7.674698e+01
9.997416e-01 -2.067950e-05 -2.272798e-02 7.747685e+01 3.334867e-05 9.999998e-01 5.569874e-04 -4.877884e+00 2.272806e-02 -5.576029e-04 9.997415e-01 7.732440e+01
9.996689e-01 1.657491e-04 2.573131e-02 7.799929e+01 -1.516580e-04 9.999998e-01 -5.496231e-04 -4.914288e+00 -2.573150e-02 5.455402e-04 9.996688e-01 7.801803e+01
9.997124e-01 -4.267068e-05 -2.397950e-02 7.843140e+01 5.591723e-05 9.999998e-01 5.516847e-04 -4.945289e+00 2.397957e-02 -5.528684e-04 9.997122e-01 7.860291e+01
9.998206e-01 6.138628e-05 1.894311e-02 7.871535e+01 -5.460617e-05 9.999999e-01 -3.585034e-04 -4.974089e+00 -1.894323e-02 3.574061e-04 9.998206e-01 7.929931e+01
9.997331e-01 -5.459073e-05 -2.309970e-02 7.903636e+01 6.633936e-05 9.999999e-01 5.077815e-04 -5.001348e+00 2.309977e-02 -5.091799e-04 9.997330e-01 7.988026e+01
9.995745e-01 2.387931e-04 2.916907e-02 7.938122e+01 -2.197133e-04 9.999998e-01 -6.573553e-04 -5.029541e+00 -2.916932e-02 6.506682e-04 9.995743e-01 8.047176e+01
9.996898e-01 -5.647741e-05 -2.490448e-02 7.974773e+01 7.117983e-05 9.999998e-01 5.894125e-04 -5.060094e+00 2.490455e-02 -5.910038e-04 9.996896e-01 8.113737e+01
9.995667e-01 2.350029e-04 2.943570e-02 8.017194e+01 -2.151723e-04 9.999997e-01 -6.769021e-04 -5.090934e+00 -2.943595e-02 6.702764e-04 9.995665e-01 8.173604e+01
9.996919e-01 -7.368946e-05 -2.481877e-02 8.065794e+01 8.790414e-05 9.999998e-01 5.715943e-04 -5.121739e+00 2.481883e-02 -5.736013e-04 9.996917e-01 8.224380e+01
9.997473e-01 1.119011e-04 2.248223e-02 8.093473e+01 -1.007708e-04 9.999999e-01 -4.962616e-04 -5.145853e+00 -2.248238e-02 4.938721e-04 9.997472e-01 8.274838e+01
9.997155e-01 -3.513594e-05 -2.385061e-02 8.098520e+01 4.825903e-05 9.999998e-01 5.495894e-04 -5.166893e+00 2.385069e-02 -5.505854e-04 9.997153e-01 8.342743e+01
9.996802e-01 1.893036e-04 2.529112e-02 8.096479e+01 -1.760263e-04 9.999998e-01 -5.272554e-04 -5.189464e+00 -2.529131e-02 5.226362e-04 9.996800e-01 8.427255e+01
9.995624e-01 -6.517929e-05 -2.957856e-02 8.098266e+01 8.504016e-05 9.999998e-01 6.701599e-04 -5.211460e+00 2.957861e-02 -6.723834e-04 9.995622e-01 8.502656e+01
9.997316e-01 2.026631e-04 2.316713e-02 8.097428e+01 -1.911177e-04 9.999999e-01 -5.006205e-04 -5.230601e+00 -2.316733e-02 4.960599e-04 9.997315e-01 8.570251e+01
9.996040e-01 -1.032056e-04 -2.813755e-02 8.086796e+01 1.203659e-04 9.999998e-01 6.081341e-04 -5.245041e+00 2.813758e-02 -6.112814e-04 9.996038e-01 8.627583e+01
9.998654e-01 2.033924e-04 1.640641e-02 8.090064e+01 -1.974006e-04 9.999999e-01 -3.668992e-04 -5.259064e+00 -1.640658e-02 3.636125e-04 9.998654e-01 8.667192e+01
9.996578e-01 -1.156792e-04 -2.615767e-02 8.099652e+01 1.315685e-04 9.999998e-01 6.056780e-04 -5.279385e+00 2.615770e-02 -6.089136e-04 9.996576e-01 8.725502e+01
9.998788e-01 2.073474e-04 1.556819e-02 8.113554e+01 -2.019953e-04 9.999999e-01 -3.454350e-04 -5.299566e+00 -1.556836e-02 3.422498e-04 9.998788e-01 8.778187e+01
9.997607e-01 -1.606994e-04 -2.187473e-02 8.125861e+01 1.710402e-04 9.999999e-01 4.708030e-04 -5.318330e+00 2.187475e-02 -4.744332e-04 9.997605e-01 8.826646e+01
9.999106e-01 2.273205e-04 1.337366e-02 8.137666e+01 -2.236819e-04 9.999999e-01 -2.736506e-04 -5.338074e+00 -1.337382e-02 2.706360e-04 9.999106e-01 8.879964e+01
9.997066e-01 -1.910675e-04 -2.421875e-02 8.169089e+01 2.043866e-04 9.999998e-01 5.474259e-04 -5.361893e+00 2.421874e-02 -5.522166e-04 9.997065e-01 8.924345e+01
9.999444e-01 2.150585e-04 1.054845e-02 8.217709e+01 -2.129609e-04 1.000000e+00 -2.000771e-04 -5.386713e+00 -1.054860e-02 1.978208e-04 9.999444e-01 8.950064e+01
9.996649e-01 -1.573598e-04 -2.588263e-02 8.261817e+01 1.717227e-04 9.999998e-01 5.526597e-04 -5.408550e+00 2.588263e-02 -5.569204e-04 9.996648e-01 8.970411e+01
9.998524e-01 1.458791e-04 1.718324e-02 8.319743e+01 -1.395411e-04 9.999999e-01 -3.701020e-04 -5.433218e+00 -1.718339e-02 3.676508e-04 9.998523e-01 8.982220e+01
9.997067e-01 -1.736839e-04 -2.421725e-02 8.379890e+01 1.844601e-04 9.999999e-01 4.427005e-04 -5.453002e+00 2.421727e-02 -4.470390e-04 9.997066e-01 8.971403e+01
9.998222e-01 1.845118e-04 1.885889e-02 8.424233e+01 -1.763564e-04 9.999999e-01 -4.341564e-04 -5.469503e+00 -1.885907e-02 4.307545e-04 9.998221e-01 8.968739e+01
9.997611e-01 -1.788863e-04 -2.185260e-02 8.478935e+01 1.895579e-04 9.999999e-01 4.862239e-04 -5.495702e+00 2.185260e-02 -4.902514e-04 9.997610e-01 8.989836e+01
9.998246e-01 1.522244e-04 1.873023e-02 8.551736e+01 -1.447898e-04 9.999999e-01 -3.983384e-04 -5.527145e+00 -1.873038e-02 3.955578e-04 9.998246e-01 9.008485e+01
9.997295e-01 -2.203103e-04 -2.325647e-02 8.630335e+01 2.326394e-04 9.999998e-01 5.273904e-04 -5.559371e+00 2.325644e-02 -5.326594e-04 9.997293e-01 9.022494e+01
9.998192e-01 1.630413e-04 1.901708e-02 8.710485e+01 -1.555799e-04 9.999999e-01 -3.938803e-04 -5.592842e+00 -1.901724e-02 3.908517e-04 9.998191e-01 9.039743e+01
9.997713e-01 -2.199412e-04 -2.138202e-02 8.814523e+01 2.310279e-04 9.999998e-01 5.159866e-04 -5.633500e+00 2.138200e-02 -5.208097e-04 9.997712e-01 9.054960e+01
9.997959e-01 1.435139e-04 2.020413e-02 8.948933e+01 -1.359124e-04 9.999999e-01 -3.776525e-04 -5.683349e+00 -2.020428e-02 3.748307e-04 9.997959e-01 9.068105e+01
9.998154e-01 -1.641293e-04 -1.921071e-02 9.098417e+01 1.735866e-04 9.999999e-01 4.905737e-04 -5.739068e+00 1.921072e-02 -4.938191e-04 9.998153e-01 9.085945e+01
9.997593e-01 1.794345e-04 2.194122e-02 9.275557e+01 -1.711700e-04 9.999999e-01 -3.785845e-04 -5.802839e+00 -2.194139e-02 3.747389e-04 9.997593e-01 9.100386e+01
9.997922e-01 -2.076843e-04 -2.038444e-02 9.459955e+01 2.186551e-04 9.999998e-01 5.359157e-04 -5.868299e+00 2.038442e-02 -5.402627e-04 9.997920e-01 9.111551e+01
9.998069e-01 1.088592e-04 1.965296e-02 9.603407e+01 -1.012564e-04 9.999999e-01 -3.878955e-04 -5.920205e+00 -1.965310e-02 3.858319e-04 9.998068e-01 9.121627e+01
9.996503e-01 -2.632978e-04 -2.644099e-02 9.682851e+01 2.783986e-04 9.999998e-01 5.673941e-04 -5.952747e+00 2.644093e-02 -5.745581e-04 9.996502e-01 9.135799e+01
9.996857e-01 1.013435e-04 2.507110e-02 9.841706e+01 -9.246461e-05 9.999999e-01 -3.553453e-04 -6.010245e+00 -2.507124e-02 3.529167e-04 9.996857e-01 9.151749e+01
9.999154e-01 1.300421e-04 -1.300400e-02 1.007103e+02 -1.259689e-04 9.999999e-01 3.139704e-04 -6.089976e+00 1.300414e-02 -3.123069e-04 9.999153e-01 9.165506e+01
9.998416e-01 -2.098939e-05 1.779920e-02 1.020415e+02 2.692490e-05 9.999999e-01 -3.332839e-04 -6.138979e+00 -1.779928e-02 3.337115e-04 9.998416e-01 9.178771e+01
9.998586e-01 -2.174650e-05 -1.681416e-02 1.032166e+02 2.817755e-05 9.999999e-01 3.821820e-04 -6.181828e+00 1.681425e-02 -3.826030e-04 9.998585e-01 9.188805e+01
9.998486e-01 -8.695801e-05 1.740446e-02 1.049582e+02 9.042029e-05 1.000000e+00 -1.981982e-04 -6.242984e+00 -1.740454e-02 1.997431e-04 9.998486e-01 9.199653e+01
9.998307e-01 -1.045868e-04 -1.839644e-02 1.069397e+02 1.135622e-04 9.999999e-01 4.867883e-04 -6.311947e+00 1.839648e-02 -4.887962e-04 9.998306e-01 9.211521e+01
9.998703e-01 -1.720812e-04 1.610428e-02 1.090999e+02 1.742247e-04 1.000000e+00 -1.317559e-04 -6.385550e+00 -1.610436e-02 1.345457e-04 9.998704e-01 9.219399e+01
9.998181e-01 -1.461866e-04 -1.906804e-02 1.112821e+02 1.555697e-04 9.999999e-01 4.905522e-04 -6.458089e+00 1.906806e-02 -4.934306e-04 9.998180e-01 9.220125e+01
9.998910e-01 -2.351645e-04 1.476249e-02 1.134847e+02 2.370712e-04 1.000000e+00 -1.274772e-04 -6.530169e+00 -1.476255e-02 1.309642e-04 9.998911e-01 9.215391e+01
9.998074e-01 -1.529510e-04 -1.962290e-02 1.157479e+02 1.633588e-04 9.999998e-01 5.287383e-04 -6.605773e+00 1.962291e-02 -5.318432e-04 9.998072e-01 9.216868e+01
9.998737e-01 -2.137918e-04 1.589378e-02 1.182020e+02 2.153383e-04 1.000000e+00 -9.565004e-05 -6.688132e+00 -1.589386e-02 9.906168e-05 9.998737e-01 9.221918e+01
9.998280e-01 -9.873368e-05 -1.854498e-02 1.206592e+02 1.085719e-04 9.999999e-01 5.294472e-04 -6.771509e+00 1.854502e-02 -5.313708e-04 9.998278e-01 9.231143e+01
9.999008e-01 -2.275979e-04 1.408690e-02 1.227059e+02 2.296901e-04 1.000000e+00 -1.469693e-04 -6.844843e+00 -1.408696e-02 1.501915e-04 9.999008e-01 9.252508e+01
9.998397e-01 -6.394664e-05 -1.790195e-02 1.247011e+02 7.321185e-05 9.999999e-01 5.168463e-04 -6.917125e+00 1.790201e-02 -5.180752e-04 9.998395e-01 9.276977e+01
9.998516e-01 -1.753364e-04 1.722982e-02 1.274321e+02 1.767416e-04 1.000000e+00 -8.008507e-05 -7.010555e+00 -1.722990e-02 8.311955e-05 9.998516e-01 9.290416e+01
9.998134e-01 -9.141178e-05 -1.931392e-02 1.300275e+02 1.017840e-04 9.999999e-01 5.360058e-04 -7.100041e+00 1.931397e-02 -5.378727e-04 9.998133e-01 9.304921e+01
9.998633e-01 -2.351842e-04 1.653702e-02 1.328614e+02 2.356504e-04 1.000000e+00 -2.629209e-05 -7.195860e+00 -1.653711e-02 3.018656e-05 9.998633e-01 9.313511e+01
9.998285e-01 -5.323262e-05 -1.851774e-02 1.354714e+02 6.191033e-05 9.999999e-01 4.679959e-04 -7.283407e+00 1.851781e-02 -4.690632e-04 9.998284e-01 9.318251e+01
9.998921e-01 -2.728323e-04 1.468762e-02 1.376426e+02 2.740881e-04 1.000000e+00 -8.354668e-05 -7.357789e+00 -1.468769e-02 8.756445e-05 9.998922e-01 9.326847e+01
9.997646e-01 -8.062939e-05 -2.169269e-02 1.395150e+02 9.102012e-05 9.999999e-01 4.779701e-04 -7.424752e+00 2.169275e-02 -4.798332e-04 9.997645e-01 9.341955e+01
9.998594e-01 -2.890207e-04 1.676584e-02 1.417351e+02 2.902375e-04 1.000000e+00 -7.018943e-05 -7.501677e+00 -1.676591e-02 7.504671e-05 9.998595e-01 9.354498e+01
9.998478e-01 8.722813e-05 -1.744666e-02 1.440917e+02 -7.963465e-05 9.999999e-01 4.358857e-04 -7.583293e+00 1.744680e-02 -4.344310e-04 9.998476e-01 9.368856e+01
9.999066e-01 -3.821211e-04 1.366327e-02 1.460849e+02 3.832396e-04 9.999999e-01 -7.929620e-05 -7.653793e+00 -1.366333e-02 8.452616e-05 9.999067e-01 9.385053e+01
9.998247e-01 2.187417e-05 -1.871991e-02 1.481973e+02 -1.296145e-05 9.999999e-01 4.761865e-04 -7.727946e+00 1.872001e-02 -4.758615e-04 9.998246e-01 9.401020e+01
9.998530e-01 -2.838310e-04 1.714571e-02 1.505930e+02 2.854993e-04 1.000000e+00 -9.489950e-05 -7.808695e+00 -1.714578e-02 9.978168e-05 9.998531e-01 9.406606e+01
9.998220e-01 -1.198769e-06 -1.886479e-02 1.532941e+02 1.140768e-05 9.999999e-01 5.410119e-04 -7.898153e+00 1.886488e-02 -5.411319e-04 9.998218e-01 9.407015e+01
9.998802e-01 -3.357912e-04 1.547749e-02 1.557854e+02 3.373239e-04 9.999999e-01 -9.646309e-05 -7.982519e+00 -1.547755e-02 1.016735e-04 9.998803e-01 9.414357e+01
9.998175e-01 1.332527e-05 -1.910372e-02 1.581482e+02 -3.087835e-06 9.999999e-01 5.358755e-04 -8.064500e+00 1.910382e-02 -5.357197e-04 9.998173e-01 9.429430e+01
9.998754e-01 -3.123903e-04 1.578172e-02 1.602566e+02 3.150313e-04 9.999999e-01 -1.649057e-04 -8.138518e+00 -1.578176e-02 1.698579e-04 9.998755e-01 9.445822e+01
9.998195e-01 5.380815e-06 -1.899697e-02 1.626637e+02 6.237030e-06 9.999998e-01 6.114635e-04 -8.222316e+00 1.899707e-02 -6.114726e-04 9.998193e-01 9.462797e+01
9.998854e-01 -2.995186e-04 1.514024e-02 1.645849e+02 3.035608e-04 9.999999e-01 -2.647274e-04 -8.292111e+00 -1.514026e-02 2.692940e-04 9.998854e-01 9.486610e+01
9.998052e-01 3.846278e-05 -1.973593e-02 1.661900e+02 -2.733205e-05 9.999998e-01 5.642152e-04 -8.352300e+00 1.973604e-02 -5.635668e-04 9.998050e-01 9.511540e+01
9.998831e-01 -3.492243e-04 1.528984e-02 1.680629e+02 3.528610e-04 9.999999e-01 -2.351998e-04 -8.418836e+00 -1.528985e-02 2.405685e-04 9.998831e-01 9.527253e+01
9.998278e-01 6.341669e-05 -1.855450e-02 1.700341e+02 -5.283060e-05 9.999998e-01 5.709907e-04 -8.487488e+00 1.855462e-02 -5.699131e-04 9.998276e-01 9.539249e+01
9.998842e-01 -3.493306e-04 1.521890e-02 1.718580e+02 3.535645e-04 9.999999e-01 -2.755600e-04 -8.550851e+00 -1.521890e-02 2.809098e-04 9.998842e-01 9.549200e+01
9.998413e-01 9.112006e-05 -1.781426e-02 1.734151e+02 -8.226887e-05 9.999999e-01 4.975517e-04 -8.604876e+00 1.781440e-02 -4.960081e-04 9.998411e-01 9.557300e+01
9.998903e-01 -3.416568e-04 1.480701e-02 1.748959e+02 3.459711e-04 9.999999e-01 -2.888557e-04 -8.656807e+00 -1.480700e-02 2.939478e-04 9.998904e-01 9.565923e+01
9.998373e-01 5.092754e-05 -1.803648e-02 1.766726e+02 -4.080048e-05 9.999998e-01 5.618047e-04 -8.716711e+00 1.803660e-02 -5.609783e-04 9.998371e-01 9.568083e+01
9.998808e-01 -3.381371e-04 1.543573e-02 1.786708e+02 3.420723e-04 9.999999e-01 -2.523402e-04 -8.783741e+00 -1.543574e-02 2.575912e-04 9.998809e-01 9.570613e+01
9.997904e-01 -1.874764e-06 -2.047239e-02 1.804708e+02 1.324247e-05 9.999998e-01 5.551000e-04 -8.843720e+00 2.047248e-02 -5.552557e-04 9.997902e-01 9.566913e+01
9.998894e-01 -3.129638e-04 1.487212e-02 1.820342e+02 3.173424e-04 9.999999e-01 -2.921014e-04 -8.897264e+00 -1.487212e-02 2.967896e-04 9.998894e-01 9.567238e+01
9.998285e-01 2.349605e-05 -1.851691e-02 1.836813e+02 -1.347075e-05 9.999999e-01 5.414997e-04 -8.953584e+00 1.851702e-02 -5.411584e-04 9.998283e-01 9.571005e+01
