9.999850e-01 -5.332029e-05 -5.484649e-03 6.397502e-01 5.410903e-05 1.000000e+00 1.436628e-04 -2.903171e-02 5.484642e-03 -1.439579e-04 9.999850e-01 2.129061e-01
9.999967e-01 -3.158969e-05 -2.561214e-03 1.535264e+00 3.210655e-05 1.000000e+00 2.017550e-04 -7.200210e-02 2.561206e-03 -2.018361e-04 9.999966e-01 6.709292e-01
9.999992e-01 -9.932389e-06 1.256167e-03 2.427408e+00 9.931705e-06 1.000000e+00 5.333229e-07 -1.174726e-01 -1.256166e-03 -5.213942e-07 9.999993e-01 1.237871e+00
9.999974e-01 5.391333e-06 -2.293279e-03 3.352371e+00 -4.977314e-06 1.000000e+00 1.805319e-04 -1.634092e-01 2.293278e-03 -1.805194e-04 9.999973e-01 1.768376e+00
9.999981e-01 -7.818623e-05 -1.944594e-03 3.928967e+00 7.803691e-05 1.000000e+00 -7.685004e-05 -1.915747e-01 1.944602e-03 7.669757e-05 9.999982e-01 2.019538e+00
9.999854e-01 -4.606277e-06 -5.409041e-03 4.605157e+00 5.802725e-06 1.000000e+00 2.211739e-04 -2.186037e-01 5.409037e-03 -2.212014e-04 9.999852e-01 2.098822e+00
9.999918e-01 -7.484769e-05 -4.053446e-03 5.254913e+00 7.485834e-05 1.000000e+00 2.484683e-06 -2.477664e-01 4.053449e-03 -2.788710e-06 9.999919e-01 2.300647e+00
9.999615e-01 9.567310e-05 -8.774536e-03 5.549190e+00 -9.336149e-05 1.000000e+00 2.638509e-04 -2.679910e-01 8.774556e-03 -2.630209e-04 9.999614e-01 2.617011e+00
9.999997e-01 -9.386361e-05 -7.142590e-04 5.876315e+00 9.383892e-05 1.000000e+00 -3.454032e-05 -2.908656e-01 7.142681e-04 3.447262e-05 9.999998e-01 2.991013e+00
9.999388e-01 1.311114e-04 -1.106588e-02 6.219065e+00 -1.273049e-04 9.999999e-01 3.446778e-04 -3.153486e-01 1.106592e-02 -3.432472e-04 9.999386e-01 3.431296e+00
9.999392e-01 -7.316819e-05 1.102402e-02 6.663484e+00 7.655264e-05 1.000000e+00 -3.065893e-04 -3.444777e-01 -1.102399e-02 3.074139e-04 9.999393e-01 3.916287e+00
9.999264e-01 7.143930e-05 -1.213539e-02 7.296342e+00 -6.737496e-05 9.999999e-01 3.353218e-04 -3.740330e-01 1.213540e-02 -3.344788e-04 9.999262e-01 4.156018e+00
9.999967e-01 -1.022271e-04 2.551158e-03 7.691073e+00 1.025676e-04 1.000000e+00 -1.333583e-04 -3.967121e-01 -2.551137e-03 1.336188e-04 9.999968e-01 4.431618e+00
9.999169e-01 1.442861e-04 -1.289436e-02 7.818632e+00 -1.396834e-04 9.999999e-01 3.578494e-04 -4.159767e-01 1.289440e-02 -3.560178e-04 9.999167e-01 4.920319e+00
9.999628e-01 -1.333234e-05 -8.625811e-03 8.112803e+00 1.544802e-05 1.000000e+00 2.452132e-04 -4.419529e-01 8.625819e-03 -2.453381e-04 9.999629e-01 5.481093e+00
9.999100e-01 1.305260e-04 -1.341355e-02 8.582099e+00 -1.268143e-04 1.000000e+00 2.775597e-04 -4.656501e-01 1.341357e-02 -2.758328e-04 9.999099e-01 5.732967e+00
9.999713e-01 -5.864339e-05 -7.569516e-03 8.933266e+00 5.952069e-05 1.000000e+00 1.156845e-04 -4.803489e-01 7.569525e-03 -1.161326e-04 9.999714e-01 5.757651e+00
9.998672e-01 1.780386e-04 -1.629436e-02 9.197032e+00 -1.727956e-04 9.999999e-01 3.231663e-04 -4.908868e-01 1.629440e-02 -3.203069e-04 9.998671e-01 5.732971e+00
9.999952e-01 -1.044482e-04 -3.090024e-03 9.557330e+00 1.046313e-04 1.000000e+00 5.911838e-05 -5.054207e-01 3.090038e-03 -5.944238e-05 9.999953e-01 5.739822e+00
9.998709e-01 1.760082e-04 -1.606654e-02 1.002980e+01 -1.707599e-04 9.999999e-01 3.280218e-04 -5.235241e-01 1.606658e-02 -3.252350e-04 9.998708e-01 5.757505e+00
9.999124e-01 -1.921930e-04 1.323794e-02 1.051000e+01 1.955009e-04 9.999999e-01 -2.486004e-04 -5.503690e-01 -1.323787e-02 2.511657e-04 9.999124e-01 6.090473e+00
9.997556e-01 2.669164e-04 -2.210774e-02 1.063333e+01 -2.570870e-04 9.999999e-01 4.474465e-04 -5.698994e-01 2.210783e-02 -4.416525e-04 9.997554e-01 6.604346e+00
9.998691e-01 -2.754844e-04 1.617491e-02 1.094432e+01 2.809877e-04 9.999999e-01 -3.379766e-04 -5.904410e-01 -1.617479e-02 3.424763e-04 9.998692e-01 6.906129e+00
9.992494e-01 4.151994e-04 -3.873629e-02 1.120570e+01 -3.817576e-04 9.999995e-01 8.707090e-04 -6.091438e-01 3.873661e-02 -8.552665e-04 9.992490e-01 7.207301e+00
9.998610e-01 -2.355696e-04 1.667036e-02 1.144277e+01 2.411395e-04 9.999999e-01 -3.321253e-04 -6.291088e-01 -1.667025e-02 3.360979e-04 9.998611e-01 7.608597e+00
9.995700e-01 2.330386e-04 -2.932216e-02 1.174382e+01 -2.146465e-04 9.999998e-01 6.303825e-04 -6.515072e-01 2.932227e-02 -6.238164e-04 9.995697e-01 7.990996e+00
9.999591e-01 -1.655946e-04 9.046653e-03 1.202022e+01 1.669671e-04 1.000000e+00 -1.509823e-04 -6.729684e-01 -9.046597e-03 1.524854e-04 9.999592e-01 8.370872e+00
9.997893e-01 1.024604e-04 -2.052880e-02 1.256094e+01 -9.462980e-05 9.999999e-01 3.824050e-04 -6.975823e-01 2.052880e-02 -3.803805e-04 9.997891e-01 8.527239e+00
9.998708e-01 -2.817123e-04 1.607036e-02 1.289570e+01 2.899192e-04 9.999998e-01 -5.083705e-04 -7.017882e-01 -1.607018e-02 5.129627e-04 9.998708e-01 8.063863e+00
9.998366e-01 4.998182e-06 -1.807829e-02 1.262030e+01 -4.090854e-07 1.000000e+00 2.538382e-04 -6.811678e-01 1.807826e-02 -2.537881e-04 9.998364e-01 7.221485e+00
9.998457e-01 -4.588522e-04 1.756094e-02 1.192864e+01 4.710244e-04 9.999997e-01 -6.890280e-04 -6.336203e-01 -1.756058e-02 6.971921e-04 9.998457e-01 5.663529e+00
9.998221e-01 9.392949e-05 -1.886064e-02 1.147504e+01 -8.780051e-05 9.999999e-01 3.257789e-04 -5.968523e-01 1.886063e-02 -3.240638e-04 9.998220e-01 4.310609e+00
9.998924e-01 -3.929543e-04 1.466433e-02 1.117699e+01 4.014880e-04 9.999998e-01 -5.790125e-04 -5.713729e-01 -1.466407e-02 5.848367e-04 9.998924e-01 3.273529e+00
9.998520e-01 1.098410e-04 -1.720371e-02 1.079995e+01 -1.046647e-04 9.999999e-01 3.017703e-04 -5.458162e-01 1.720371e-02 -2.999239e-04 9.998519e-01 2.347871e+00
9.998680e-01 -5.101530e-04 1.624220e-02 1.014601e+01 5.212727e-04 9.999996e-01 -6.804041e-04 -5.041804e-01 -1.624181e-02 6.887798e-04 9.998680e-01 1.019755e+00
9.998544e-01 3.184164e-05 -1.706446e-02 9.361288e+00 -2.726021e-05 1.000000e+00 2.686998e-04 -4.543296e-01 1.706443e-02 -2.681945e-04 9.998543e-01 -5.303523e-01
9.998711e-01 -5.576315e-04 1.604374e-02 8.454522e+00 5.689814e-04 9.999996e-01 -7.028908e-04 -3.990121e-01 -1.604331e-02 7.119278e-04 9.998711e-01 -2.189692e+00
9.998327e-01 1.317344e-04 -1.829304e-02 7.758246e+00 -1.254883e-04 9.999999e-01 3.425864e-04 -3.539468e-01 1.829305e-02 -3.402326e-04 9.998325e-01 -3.618910e+00
9.998429e-01 -5.556933e-04 1.771911e-02 7.107415e+00 5.696236e-04 9.999995e-01 -7.811443e-04 -3.078869e-01 -1.771863e-02 7.911138e-04 9.998428e-01 -5.140279e+00
9.998517e-01 5.384547e-05 -1.722233e-02 6.297884e+00 -4.858108e-05 1.000000e+00 3.060807e-04 -2.526460e-01 1.722231e-02 -3.051977e-04 9.998515e-01 -6.886175e+00
9.998413e-01 -5.696665e-04 1.780793e-02 5.417020e+00 5.839298e-04 9.999995e-01 -7.957687e-04 -1.946731e-01 -1.780743e-02 8.060401e-04 9.998412e-01 -8.673193e+00
9.998615e-01 1.644831e-04 -1.664443e-02 4.724162e+00 -1.585144e-04 9.999999e-01 3.599098e-04 -1.476726e-01 1.664446e-02 -3.572207e-04 9.998613e-01 -1.016403e+01
9.998384e-01 -5.074662e-04 1.796832e-02 4.126425e+00 5.215300e-04 9.999996e-01 -7.780284e-04 -1.063526e-01 -1.796789e-02 7.872729e-04 9.998384e-01 -1.150239e+01
9.998580e-01 1.481039e-04 -1.685110e-02 3.540582e+00 -1.420868e-04 9.999999e-01 3.582677e-04 -6.457889e-02 1.685112e-02 -3.558218e-04 9.998578e-01 -1.287973e+01
9.998393e-01 -5.320799e-04 1.791938e-02 2.901723e+00 5.466189e-04 9.999995e-01 -8.064789e-04 -1.880178e-02 -1.791891e-02 8.161437e-04 9.998392e-01 -1.437631e+01
9.998444e-01 1.634617e-04 -1.763644e-02 2.323543e+00 -1.567128e-04 9.999999e-01 3.840432e-04 2.383754e-02 1.763647e-02 -3.812189e-04 9.998443e-01 -1.580779e+01
9.998560e-01 -5.924762e-04 1.695694e-02 1.642541e+00 6.065678e-04 9.999995e-01 -8.259028e-04 7.152432e-02 -1.695641e-02 8.360688e-04 9.998560e-01 -1.736465e+01
9.998007e-01 1.040392e-04 -1.996305e-02 7.954580e-01 -9.502736e-05 9.999999e-01 4.523688e-04 1.240933e-01 1.996306e-02 -4.503810e-04 9.998005e-01 -1.896580e+01
9.999198e-01 -4.373154e-04 1.265646e-02 9.887433e-02 4.455085e-04 9.999997e-01 -6.445432e-04 1.616708e-01 -1.265614e-02 6.501294e-04 9.999198e-01 -2.005044e+01
9.993898e-01 4.311830e-04 -3.492483e-02 -3.410737e-02 -3.983225e-04 9.999995e-01 9.478428e-04 1.691270e-01 3.492518e-02 -9.333525e-04 9.993894e-01 -2.043314e+01
9.999229e-01 -4.230990e-04 1.241083e-02 -4.346055e-02 4.311628e-04 9.999997e-01 -6.470812e-04 1.716021e-01 -1.241051e-02 6.523817e-04 9.999229e-01 -2.074171e+01
9.992349e-01 5.479808e-04 -3.910695e-02 2.612692e-01 -5.007558e-04 9.999991e-01 1.217368e-03 1.584604e-01 3.910754e-02 -1.196853e-03 9.992342e-01 -2.071826e+01
9.999130e-01 -3.812359e-04 1.318670e-02 6.894355e-01 3.886031e-04 9.999998e-01 -5.561410e-04 1.343790e-01 -1.318644e-02 5.612162e-04 9.999130e-01 -2.039358e+01
9.990850e-01 6.112461e-04 -4.276391e-02 1.027142e+00 -5.545950e-04 9.999990e-01 1.336587e-03 1.132383e-01 4.276464e-02 -1.311646e-03 9.990842e-01 -2.006916e+01
9.998687e-01 -4.315478e-04 1.619988e-02 1.462579e+00 4.419056e-04 9.999997e-01 -6.358130e-04 8.912802e-02 -1.619955e-02 6.428875e-04 9.998687e-01 -1.975015e+01
9.989222e-01 6.338425e-04 -4.641224e-02 1.915628e+00 -5.676405e-04 9.999988e-01 1.439552e-03 6.508805e-02 4.641304e-02 -1.411654e-03 9.989212e-01 -1.945653e+01
9.998901e-01 -4.057732e-04 1.481802e-02 2.341030e+00 4.151954e-04 9.999997e-01 -6.328133e-04 4.296040e-02 -1.481770e-02 6.388952e-04 9.998901e-01 -1.920364e+01
9.989627e-01 6.267420e-04 -4.553135e-02 2.741267e+00 -5.622015e-04 9.999988e-01 1.430282e-03 2.170265e-02 4.553214e-02 -1.403200e-03 9.989618e-01 -1.895198e+01
9.999480e-01 -3.443307e-04 1.019000e-02 3.154567e+00 3.492430e-04 9.999998e-01 -4.803423e-04 -1.470240e-03 -1.018978e-02 4.838750e-04 9.999481e-01 -1.862862e+01
9.988213e-01 6.748200e-04 -4.853398e-02 3.484534e+00 -6.021965e-04 9.999987e-01 1.510944e-03 -2.205345e-02 4.853487e-02 -1.479935e-03 9.988203e-01 -1.830272e+01
9.999366e-01 -3.486975e-04 1.125342e-02 3.855194e+00 3.543794e-04 9.999998e-01 -5.029568e-04 -4.442482e-02 -1.125317e-02 5.069117e-04 9.999366e-01 -1.795159e+01
9.987032e-01 6.735650e-04 -5.090540e-02 4.284255e+00 -5.922145e-04 9.999985e-01 1.613129e-03 -6.980447e-02 5.090634e-02 -1.580889e-03 9.987021e-01 -1.755066e+01
9.999477e-01 -3.086718e-04 1.022744e-02 4.727613e+00 3.135397e-04 9.999998e-01 -4.744262e-04 -9.626411e-02 -1.022722e-02 4.776067e-04 9.999477e-01 -1.711703e+01
9.985036e-01 7.110740e-04 -5.468160e-02 5.071443e+00 -6.189629e-04 9.999984e-01 1.701407e-03 -1.189623e-01 5.468265e-02 -1.665013e-03 9.985023e-01 -1.671512e+01
9.999075e-01 -2.947562e-04 1.359977e-02 5.329500e+00 3.032929e-04 9.999998e-01 -6.257096e-04 -1.383924e-01 -1.359951e-02 6.297749e-04 9.999074e-01 -1.633211e+01
9.988817e-01 5.591800e-04 -4.727567e-02 5.652593e+00 -4.887236e-04 9.999988e-01 1.501862e-03 -1.589022e-01 4.727637e-02 -1.477076e-03 9.988807e-01 -1.601570e+01
9.999742e-01 -1.774647e-04 7.188354e-03 5.860617e+00 1.808638e-04 9.999999e-01 -4.723360e-04 -1.755556e-01 -7.188188e-03 4.736223e-04 9.999741e-01 -1.569316e+01
9.988504e-01 5.324845e-04 -4.793232e-02 6.089011e+00 -4.616302e-04 9.999988e-01 1.489255e-03 -1.915603e-01 4.793297e-02 -1.465415e-03 9.988494e-01 -1.542669e+01
9.999321e-01 -2.040074e-04 1.165763e-02 6.221872e+00 2.114600e-04 9.999998e-01 -6.381555e-04 -2.042636e-01 -1.165742e-02 6.405755e-04 9.999319e-01 -1.518722e+01
9.988798e-01 5.033404e-04 -4.731563e-02 6.410366e+00 -4.334479e-04 9.999988e-01 1.487382e-03 -2.180868e-01 4.731624e-02 -1.465206e-03 9.988788e-01 -1.497111e+01
9.999340e-01 -1.949030e-04 1.149155e-02 6.520737e+00 2.030037e-04 9.999997e-01 -7.038653e-04 -2.270635e-01 -1.149132e-02 7.061498e-04 9.999338e-01 -1.486052e+01
9.993496e-01 4.324392e-04 -3.605689e-02 6.564277e+00 -3.880343e-04 9.999992e-01 1.238480e-03 -2.368896e-01 3.605730e-02 -1.223682e-03 9.993489e-01 -1.462878e+01
9.999285e-01 -1.189373e-04 1.196013e-02 6.609000e+00 1.267371e-04 9.999998e-01 -6.514973e-04 -2.491187e-01 -1.195996e-02 6.529646e-04 9.999283e-01 -1.428887e+01
9.988603e-01 5.383309e-04 -4.772516e-02 6.649678e+00 -4.653705e-04 9.999987e-01 1.539835e-03 -2.594974e-01 4.772584e-02 -1.515869e-03 9.988593e-01 -1.400405e+01
9.992324e-01 -2.709440e-04 3.917395e-02 6.795737e+00 3.243062e-04 9.999990e-01 -1.355874e-03 -2.765035e-01 -3.917345e-02 1.367536e-03 9.992316e-01 -1.360757e+01
9.998802e-01 6.773615e-04 -1.546111e-02 6.931362e+00 -6.677184e-04 9.999996e-01 6.287809e-04 -2.942758e-01 1.546143e-02 -6.183802e-04 9.998802e-01 -1.316677e+01
9.990322e-01 -2.235245e-04 4.398523e-02 7.030817e+00 2.890905e-04 9.999989e-01 -1.484311e-03 -3.095240e-01 -4.398476e-02 1.495588e-03 9.990312e-01 -1.279208e+01
9.999138e-01 6.882812e-04 -1.310789e-02 7.261732e+00 -6.815759e-04 9.999996e-01 5.159297e-04 -3.256469e-01 1.310815e-02 -5.069496e-04 9.999139e-01 -1.255318e+01
9.994940e-01 -3.801962e-04 3.180553e-02 7.620682e+00 4.151010e-04 9.999993e-01 -1.090883e-03 -3.469676e-01 -3.180501e-02 1.103532e-03 9.994936e-01 -1.225835e+01
9.999201e-01 7.033389e-04 -1.262137e-02 8.056283e+00 -6.970108e-04 9.999996e-01 5.057045e-04 -3.717779e-01 1.262163e-02 -4.968653e-04 9.999201e-01 -1.192868e+01
9.995675e-01 -4.088560e-04 2.940722e-02 8.442002e+00 4.378350e-04 9.999994e-01 -9.790372e-04 -3.982911e-01 -2.940671e-02 9.914876e-04 9.995671e-01 -1.146444e+01
9.998604e-01 6.834737e-04 -1.669622e-02 8.747039e+00 -6.731495e-04 9.999996e-01 6.239170e-04 -4.243842e-01 1.669655e-02 -6.125894e-04 9.998603e-01 -1.090897e+01
9.995997e-01 -4.351592e-04 2.828813e-02 9.156111e+00 4.618419e-04 9.999995e-01 -9.367521e-04 -4.523245e-01 -2.828762e-02 9.494403e-04 9.995994e-01 -1.042835e+01
9.998388e-01 6.668989e-04 -1.794129e-02 9.548385e+00 -6.553214e-04 9.999996e-01 6.511235e-04 -4.799408e-01 1.794163e-02 -6.392598e-04 9.998388e-01 -9.935769e+00
9.994366e-01 -3.723437e-04 3.356076e-02 9.804693e+00 4.094063e-04 9.999993e-01 -1.097504e-03 -5.030795e-01 -3.356024e-02 1.110624e-03 9.994362e-01 -9.432910e+00
9.992339e-01 5.140307e-04 -3.913088e-02 9.941167e+00 -4.661150e-04 9.999991e-01 1.233593e-03 -5.220067e-01 3.913139e-02 -1.214407e-03 9.992333e-01 -8.968780e+00
9.996077e-01 -3.966120e-04 2.800687e-02 1.008383e+01 4.237055e-04 9.999994e-01 -9.614912e-04 -5.404082e-01 -2.800638e-02 9.729792e-04 9.996073e-01 -8.529436e+00
9.988842e-01 6.144915e-04 -4.722214e-02 1.017653e+01 -5.471405e-04 9.999988e-01 1.439158e-03 -5.555289e-01 4.722288e-02 -1.411713e-03 9.988833e-01 -8.151048e+00
9.999107e-01 -2.238190e-04 1.336474e-02 1.016280e+01 2.318056e-04 9.999998e-01 -5.961089e-04 -5.655680e-01 -1.336451e-02 5.991522e-04 9.999106e-01 -7.831905e+00
9.985637e-01 6.991839e-04 -5.357155e-02 1.018794e+01 -6.137729e-04 9.999985e-01 1.610756e-03 -5.752913e-01 5.357250e-02 -1.575560e-03 9.985626e-01 -7.547970e+00
9.998801e-01 -2.522065e-04 1.548633e-02 1.033454e+01 2.622628e-04 9.999998e-01 -6.474057e-04 -5.881228e-01 -1.548607e-02 6.513880e-04 9.998799e-01 -7.286749e+00
9.991807e-01 4.925757e-04 -4.046722e-02 1.061809e+01 -4.410337e-04 9.999991e-01 1.282567e-03 -6.066113e-01 4.046772e-02 -1.263668e-03 9.991800e-01 -6.997476e+00
9.999150e-01 -1.988064e-04 1.304103e-02 1.080777e+01 2.066555e-04 9.999998e-01 -6.006198e-04 -6.220883e-01 -1.304081e-02 6.032622e-04 9.999149e-01 -6.707968e+00
9.989017e-01 5.944264e-04 -4.685052e-02 1.087185e+01 -5.276358e-04 9.999988e-01 1.437942e-03 -6.337103e-01 4.685123e-02 -1.411641e-03 9.989008e-01 -6.397401e+00
9.999106e-01 -1.945818e-04 1.337601e-02 1.097140e+01 2.024803e-04 9.999998e-01 -5.892363e-04 -6.471689e-01 -1.337580e-02 5.918903e-04 9.999104e-01 -6.057062e+00
9.993954e-01 4.379374e-04 -3.476573e-02 1.106553e+01 -3.992389e-04 9.999993e-01 1.120023e-03 -6.635760e-01 3.476610e-02 -1.105465e-03 9.993948e-01 -5.607737e+00
9.997665e-01 -3.283958e-04 2.160977e-02 1.138744e+01 3.458766e-04 9.999996e-01 -8.052608e-04 -6.840174e-01 -2.160940e-02 8.125454e-04 9.997662e-01 -5.305693e+00
9.996074e-01 3.640858e-04 -2.801369e-02 1.189022e+01 -3.376658e-04 9.999995e-01 9.477893e-04 -7.087367e-01 2.801392e-02 -9.379563e-04 9.996070e-01 -5.094036e+00
9.997044e-01 -3.306034e-04 2.431060e-02 1.225593e+01 3.520184e-04 9.999996e-01 -8.766736e-04 -7.311191e-01 -2.431021e-02 8.849706e-04 9.997041e-01 -4.790269e+00
9.997451e-01 4.303966e-04 -2.257154e-02 1.271142e+01 -4.117584e-04 9.999996e-01 8.303295e-04 -7.576347e-01 2.257179e-02 -8.208223e-04 9.997448e-01 -4.433741e+00
9.997274e-01 -3.678521e-04 2.334492e-02 1.329144e+01 3.874640e-04 9.999996e-01 -8.356346e-04 -7.871385e-01 -2.334450e-02 8.444505e-04 9.997272e-01 -4.121987e+00
9.996976e-01 4.237076e-04 -2.458647e-02 1.369988e+01 -4.015218e-04 9.999995e-01 9.072366e-04 -8.151094e-01 2.458675e-02 -8.970887e-04 9.996972e-01 -3.638137e+00
9.997106e-01 -3.723051e-04 2.405340e-02 1.418554e+01 3.933723e-04 9.999995e-01 -8.711808e-04 -8.430912e-01 -2.405297e-02 8.803890e-04 9.997104e-01 -3.262046e+00
9.997191e-01 4.200559e-04 -2.369654e-02 1.481364e+01 -3.996341e-04 9.999995e-01 8.664800e-04 -8.727984e-01 2.369680e-02 -8.567650e-04 9.997188e-01 -3.011467e+00
9.997564e-01 -4.068285e-04 2.207111e-02 1.532712e+01 4.252377e-04 9.999996e-01 -8.294575e-04 -8.990268e-01 -2.207066e-02 8.386392e-04 9.997561e-01 -2.750921e+00
9.997375e-01 4.260588e-04 -2.290645e-02 1.585224e+01 -4.064826e-04 9.999995e-01 8.592076e-04 -9.263586e-01 2.290671e-02 -8.496693e-04 9.997372e-01 -2.456084e+00
9.997521e-01 -3.809484e-04 2.226544e-02 1.627699e+01 3.992102e-04 9.999996e-01 -8.158063e-04 -9.534011e-01 -2.226502e-02 8.244910e-04 9.997518e-01 -2.033191e+00
9.997326e-01 4.405193e-04 -2.311742e-02 1.660078e+01 -4.204500e-04 9.999995e-01 8.729486e-04 -9.794299e-01 2.311770e-02 -8.629938e-04 9.997323e-01 -1.512673e+00
9.997263e-01 -3.603053e-04 2.339482e-02 1.698629e+01 3.803030e-04 9.999996e-01 -8.504035e-04 -1.006449e+00 -2.339441e-02 8.590662e-04 9.997260e-01 -1.034788e+00
9.997708e-01 4.716586e-04 -2.140332e-02 1.753048e+01 -4.537608e-04 9.999995e-01 8.410089e-04 -1.037905e+00 2.140361e-02 -8.311026e-04 9.997705e-01 -5.862206e-01
9.997745e-01 -4.414321e-04 2.123158e-02 1.816849e+01 4.584142e-04 9.999996e-01 -7.950551e-04 -1.069959e+00 -2.123112e-02 8.046070e-04 9.997743e-01 -2.508113e-01
9.997797e-01 4.880780e-04 -2.098358e-02 1.879599e+01 -4.710400e-04 9.999996e-01 8.168443e-04 -1.101248e+00 2.098388e-02 -8.067787e-04 9.997794e-01 6.715079e-02
9.997731e-01 -4.282195e-04 2.129895e-02 1.930867e+01 4.450437e-04 9.999996e-01 -7.852372e-04 -1.130921e+00 -2.129851e-02 7.945364e-04 9.997729e-01 4.778665e-01
9.998617e-01 5.992713e-04 -1.661965e-02 1.971273e+01 -5.877061e-04 9.999996e-01 7.006790e-04 -1.160728e+00 1.661997e-02 -6.908131e-04 9.998616e-01 1.052435e+00
9.997846e-01 -4.358976e-04 2.075261e-02 2.011444e+01 4.522027e-04 9.999996e-01 -7.810660e-04 -1.189163e+00 -2.075217e-02 7.902805e-04 9.997844e-01 1.570359e+00
9.997950e-01 5.337487e-04 -2.023653e-02 2.044467e+01 -5.171240e-04 9.999995e-01 8.266856e-04 -1.217615e+00 2.023687e-02 -8.160499e-04 9.997948e-01 2.187391e+00
9.997554e-01 -4.192015e-04 2.211380e-02 2.090220e+01 4.375936e-04 9.999996e-01 -8.269251e-04 -1.247845e+00 -2.211334e-02 8.363981e-04 9.997552e-01 2.703401e+00
9.997915e-01 5.285248e-04 -2.040857e-02 2.137730e+01 -5.118865e-04 9.999995e-01 8.204186e-04 -1.277640e+00 2.040889e-02 -8.097992e-04 9.997913e-01 3.173471e+00
9.997034e-01 -3.711907e-04 2.435410e-02 2.173310e+01 3.933046e-04 9.999995e-01 -9.032835e-04 -1.304602e+00 -2.435366e-02 9.125925e-04 9.997031e-01 3.689935e+00
9.997338e-01 4.869606e-04 -2.306359e-02 2.204264e+01 -4.665074e-04 9.999995e-01 8.921388e-04 -1.330205e+00 2.306392e-02 -8.811405e-04 9.997335e-01 4.207460e+00
9.996887e-01 -3.810001e-04 2.494927e-02 2.253615e+01 4.042001e-04 9.999995e-01 -9.249029e-04 -1.358835e+00 -2.494881e-02 9.346979e-04 9.996884e-01 4.600891e+00
9.998129e-01 5.454579e-04 -1.933344e-02 2.306948e+01 -5.304845e-04 9.999996e-01 7.795421e-04 -1.388095e+00 1.933376e-02 -7.691386e-04 9.998127e-01 4.967462e+00
9.997931e-01 -4.741748e-04 2.033858e-02 2.359039e+01 4.904931e-04 9.999996e-01 -7.974122e-04 -1.415592e+00 -2.033810e-02 8.072216e-04 9.997929e-01 5.270847e+00
9.998055e-01 5.455783e-04 -1.971107e-02 2.404199e+01 -5.297075e-04 9.999995e-01 8.103276e-04 -1.443640e+00 1.971140e-02 -7.997274e-04 9.998053e-01 5.697600e+00
9.996775e-01 -3.844350e-04 2.539171e-02 2.467235e+01 4.081877e-04 9.999995e-01 -9.303218e-04 -1.476481e+00 -2.539124e-02 9.403849e-04 9.996772e-01 6.085412e+00
9.998024e-01 5.682289e-04 -1.986863e-02 2.523768e+01 -5.517514e-04 9.999995e-01 8.347408e-04 -1.510001e+00 1.986900e-02 -8.236119e-04 9.998022e-01 6.594070e+00
9.997171e-01 -4.285065e-04 2.378439e-02 2.583757e+01 4.501495e-04 9.999995e-01 -9.046708e-04 -1.542187e+00 -2.378390e-02 9.151198e-04 9.997168e-01 6.996619e+00
9.997890e-01 5.501072e-04 -2.053201e-02 2.636697e+01 -5.333252e-04 9.999995e-01 8.227708e-04 -1.570737e+00 2.053236e-02 -8.116455e-04 9.997888e-01 7.341413e+00
9.996695e-01 -4.022605e-04 2.570657e-02 2.694329e+01 4.269512e-04 9.999995e-01 -9.550474e-04 -1.600790e+00 -2.570608e-02 9.657057e-04 9.996691e-01 7.684592e+00
9.997243e-01 4.968969e-04 -2.347328e-02 2.768140e+01 -4.753081e-04 9.999995e-01 9.252432e-04 -1.635088e+00 2.347364e-02 -9.138296e-04 9.997240e-01 7.983886e+00
9.996769e-01 -4.152018e-04 2.541633e-02 2.846689e+01 4.390760e-04 9.999995e-01 -9.337975e-04 -1.671191e+00 -2.541583e-02 9.446540e-04 9.996766e-01 8.293731e+00
9.998279e-01 5.788003e-04 -1.853914e-02 2.930915e+01 -5.647564e-04 9.999995e-01 7.626953e-04 -1.708018e+00 1.853948e-02 -7.520925e-04 9.998278e-01 8.560687e+00
9.995496e-01 -3.557308e-04 3.000850e-02 3.003089e+01 3.881630e-04 9.999993e-01 -1.074987e-03 -1.740619e+00 -3.000800e-02 1.086150e-03 9.995491e-01 8.820706e+00
9.998679e-01 6.186313e-04 -1.624073e-02 3.085647e+01 -6.074088e-04 9.999996e-01 6.958744e-04 -1.776533e+00 1.624106e-02 -6.859163e-04 9.998678e-01 9.075735e+00
9.995611e-01 -3.635271e-04 2.962210e-02 3.157948e+01 3.951401e-04 9.999994e-01 -1.061399e-03 -1.809320e+00 -2.962160e-02 1.072637e-03 9.995607e-01 9.340934e+00
9.997542e-01 5.470956e-04 -2.216213e-02 3.224011e+01 -5.282218e-04 9.999995e-01 8.574250e-04 -1.841150e+00 2.216249e-02 -8.455064e-04 9.997540e-01 9.644846e+00
9.995958e-01 -3.560968e-04 2.842820e-02 3.283596e+01 3.839137e-04 9.999995e-01 -9.730802e-04 -1.875445e+00 -2.842775e-02 9.835995e-04 9.995954e-01 1.014961e+01
9.997636e-01 5.376265e-04 -2.173289e-02 3.361944e+01 -5.198348e-04 9.999995e-01 8.242523e-04 -1.912558e+00 2.173323e-02 -8.127587e-04 9.997634e-01 1.051446e+01
9.996272e-01 -3.753316e-04 2.730008e-02 3.450151e+01 4.005432e-04 9.999995e-01 -9.180732e-04 -1.952339e+00 -2.729962e-02 9.286644e-04 9.996269e-01 1.085822e+01
9.997177e-01 4.938476e-04 -2.375313e-02 3.536741e+01 -4.732457e-04 9.999995e-01 8.729141e-04 -1.990911e+00 2.375346e-02 -8.614253e-04 9.997174e-01 1.116951e+01
9.996349e-01 -3.674740e-04 2.702027e-02 3.604227e+01 3.919753e-04 9.999995e-01 -9.015202e-04 -2.025993e+00 -2.701983e-02 9.117810e-04 9.996345e-01 1.159460e+01
9.997214e-01 4.815904e-04 -2.359847e-02 3.683361e+01 -4.624279e-04 9.999996e-01 8.174383e-04 -2.060025e+00 2.359876e-02 -8.062967e-04 9.997211e-01 1.180908e+01
9.995809e-01 -3.211296e-04 2.894924e-02 3.755226e+01 3.479155e-04 9.999995e-01 -9.202695e-04 -2.095111e+00 -2.894883e-02 9.299543e-04 9.995805e-01 1.217707e+01
9.997946e-01 5.796889e-04 -2.025932e-02 3.794778e+01 -5.647829e-04 9.999996e-01 7.414349e-04 -2.127504e+00 2.025965e-02 -7.298392e-04 9.997944e-01 1.287916e+01
9.995938e-01 -3.389868e-04 2.849863e-02 3.852038e+01 3.646859e-04 9.999995e-01 -8.966055e-04 -2.162808e+00 -2.849822e-02 9.066331e-04 9.995935e-01 1.346270e+01
9.996876e-01 4.961370e-04 -2.498611e-02 3.910140e+01 -4.745039e-04 9.999995e-01 8.716984e-04 -2.197852e+00 2.498644e-02 -8.595689e-04 9.996873e-01 1.401966e+01
9.996162e-01 -3.967899e-04 2.770168e-02 3.998872e+01 4.204471e-04 9.999996e-01 -8.482139e-04 -2.239362e+00 -2.770124e-02 8.595342e-04 9.996159e-01 1.442879e+01
9.996512e-01 4.857056e-04 -2.640479e-02 4.073725e+01 -4.616730e-04 9.999995e-01 9.162199e-04 -2.278379e+00 2.640513e-02 -9.037087e-04 9.996508e-01 1.491905e+01
9.995840e-01 -3.962724e-04 2.884054e-02 4.168943e+01 4.224897e-04 9.999995e-01 -9.029860e-04 -2.320439e+00 -2.884008e-02 9.147939e-04 9.995837e-01 1.525663e+01
9.996677e-01 5.079021e-04 -2.577216e-02 4.260333e+01 -4.852860e-04 9.999995e-01 8.837542e-04 -2.360982e+00 2.577251e-02 -8.709524e-04 9.996674e-01 1.558588e+01
9.995860e-01 -4.061816e-04 2.877168e-02 4.351068e+01 4.326689e-04 9.999995e-01 -9.144158e-04 -2.399806e+00 -2.877120e-02 9.264845e-04 9.995857e-01 1.585035e+01
9.996615e-01 5.191801e-04 -2.601089e-02 4.420549e+01 -4.967774e-04 9.999995e-01 8.677040e-04 -2.432976e+00 2.601123e-02 -8.544875e-04 9.996612e-01 1.616227e+01
9.996111e-01 -4.295526e-04 2.788527e-02 4.490847e+01 4.543382e-04 9.999995e-01 -8.825462e-04 -2.466177e+00 -2.788478e-02 8.948710e-04 9.996108e-01 1.646209e+01
9.997399e-01 5.718648e-04 -2.280018e-02 4.542687e+01 -5.553238e-04 9.999996e-01 7.317713e-04 -2.493730e+00 2.280049e-02 -7.189183e-04 9.997397e-01 1.677753e+01
9.996174e-01 -4.118284e-04 2.765640e-02 4.584925e+01 4.353876e-04 9.999995e-01 -8.458672e-04 -2.521530e+00 -2.765595e-02 8.575836e-04 9.996172e-01 1.723400e+01
9.997290e-01 5.735829e-04 -2.327278e-02 4.609699e+01 -5.567287e-04 9.999996e-01 7.306444e-04 -2.545048e+00 2.327310e-02 -7.174886e-04 9.997288e-01 1.775906e+01
9.995502e-01 -3.948574e-04 2.998946e-02 4.641419e+01 4.230271e-04 9.999995e-01 -9.330094e-04 -2.567715e+00 -2.998899e-02 9.452749e-04 9.995499e-01 1.815950e+01
9.997625e-01 5.854734e-04 -2.178380e-02 4.686849e+01 -5.704534e-04 9.999996e-01 6.956793e-04 -2.595186e+00 2.178411e-02 -6.830864e-04 9.997624e-01 1.856368e+01
9.996042e-01 -4.280627e-04 2.813067e-02 4.738044e+01 4.529016e-04 9.999995e-01 -8.766470e-04 -2.622649e+00 -2.813019e-02 8.890393e-04 9.996039e-01 1.889211e+01
9.997441e-01 5.217550e-04 -2.261297e-02 4.770610e+01 -5.076260e-04 9.999997e-01 6.305255e-04 -2.637348e+00 2.261320e-02 -6.188842e-04 9.997440e-01 1.893008e+01
9.996469e-01 -4.232497e-04 2.657110e-02 4.828334e+01 4.452951e-04 9.999996e-01 -8.237899e-04 -2.658276e+00 -2.657065e-02 8.353299e-04 9.996467e-01 1.890504e+01
9.997200e-01 5.062610e-04 -2.365779e-02 4.878967e+01 -4.910107e-04 9.999997e-01 6.503998e-04 -2.677378e+00 2.365802e-02 -6.386004e-04 9.997198e-01 1.889863e+01
9.995420e-01 -3.782507e-04 3.026002e-02 4.924436e+01 4.071582e-04 9.999995e-01 -9.491731e-04 -2.693768e+00 -3.025956e-02 9.610579e-04 9.995417e-01 1.885719e+01
9.996288e-01 4.610280e-04 -2.723986e-02 4.956629e+01 -4.426032e-04 9.999997e-01 6.823979e-04 -2.699295e+00 2.724007e-02 -6.700872e-04 9.996286e-01 1.853296e+01
9.996056e-01 -3.549466e-04 2.807989e-02 4.995453e+01 3.800530e-04 9.999995e-01 -8.887997e-04 -2.706324e+00 -2.807948e-02 8.991201e-04 9.996054e-01 1.820218e+01
9.999058e-01 5.958015e-04 -1.371091e-02 5.055004e+01 -5.899665e-04 9.999997e-01 4.295746e-04 -2.731506e+00 1.371108e-02 -4.214443e-04 9.999058e-01 1.832350e+01
9.994566e-01 -2.910601e-04 3.296303e-02 5.094547e+01 3.254636e-04 9.999994e-01 -1.038355e-03 -2.751333e+00 -3.296262e-02 1.048518e-03 9.994561e-01 1.849927e+01
9.999150e-01 6.416223e-04 -1.302343e-02 5.124579e+01 -6.355228e-04 9.999997e-01 4.724483e-04 -2.777533e+00 1.302365e-02 -4.641306e-04 9.999150e-01 1.906736e+01
9.994744e-01 -3.257501e-04 3.241611e-02 5.161519e+01 3.601678e-04 9.999994e-01 -1.055930e-03 -2.799610e+00 -3.241566e-02 1.067049e-03 9.994740e-01 1.936786e+01
9.999417e-01 6.814195e-04 -1.077134e-02 5.211904e+01 -6.770602e-04 9.999997e-01 4.083120e-04 -2.825364e+00 1.077154e-02 -4.009947e-04 9.999418e-01 1.963986e+01
9.995754e-01 -3.716614e-04 2.913795e-02 5.249787e+01 3.994927e-04 9.999995e-01 -9.493548e-04 -2.848896e+00 -2.913750e-02 9.605914e-04 9.995750e-01 1.999253e+01
9.999306e-01 6.738552e-04 -1.176377e-02 5.285635e+01 -6.689141e-04 9.999997e-01 4.239342e-04 -2.873008e+00 1.176397e-02 -4.160352e-04 9.999306e-01 2.039926e+01
9.996575e-01 -4.157649e-04 2.616927e-02 5.332316e+01 4.384115e-04 9.999995e-01 -8.596706e-04 -2.897424e+00 -2.616882e-02 8.708484e-04 9.996572e-01 2.067331e+01
9.999712e-01 7.264389e-04 -7.551433e-03 5.381840e+01 -7.242539e-04 9.999997e-01 2.920458e-04 -2.923567e+00 7.551564e-03 -2.865677e-04 9.999714e-01 2.097979e+01
9.996526e-01 -3.731032e-04 2.635607e-02 5.408481e+01 3.941635e-04 9.999996e-01 -7.938880e-04 -2.950202e+00 -2.635569e-02 8.040003e-04 9.996524e-01 2.161415e+01
9.999377e-01 6.765791e-04 -1.114237e-02 5.430361e+01 -6.723766e-04 9.999997e-01 3.808894e-04 -2.976179e+00 1.114254e-02 -3.733734e-04 9.999378e-01 2.228308e+01
9.996405e-01 -3.917090e-04 2.680812e-02 5.460251e+01 4.139604e-04 9.999996e-01 -8.244878e-04 -3.000808e+00 -2.680771e-02 8.352885e-04 9.996403e-01 2.278765e+01
9.999909e-01 7.622386e-04 -4.201433e-03 5.503322e+01 -7.615856e-04 9.999997e-01 1.569654e-04 -3.027493e+00 4.201477e-03 -1.537639e-04 9.999911e-01 2.320083e+01
9.994359e-01 -2.936923e-04 3.358236e-02 5.563885e+01 3.276937e-04 9.999994e-01 -1.006984e-03 -3.055571e+00 -3.358197e-02 1.017420e-03 9.994355e-01 2.343820e+01
9.999523e-01 6.826329e-04 -9.736916e-03 5.635570e+01 -6.796240e-04 9.999997e-01 3.123179e-04 -3.087442e+00 9.737056e-03 -3.056854e-04 9.999525e-01 2.367805e+01
9.994798e-01 -3.200776e-04 3.225105e-02 5.701025e+01 3.517005e-04 9.999995e-01 -9.748573e-04 -3.114995e+00 -3.225065e-02 9.856928e-04 9.994794e-01 2.382421e+01
9.999113e-01 6.495649e-04 -1.330044e-02 5.745778e+01 -6.440088e-04 9.999997e-01 4.220110e-04 -3.141355e+00 1.330065e-02 -4.134079e-04 9.999114e-01 2.420172e+01
9.994669e-01 -3.255388e-04 3.264804e-02 5.789837e+01 3.579601e-04 9.999994e-01 -9.872181e-04 -3.166048e+00 -3.264763e-02 9.983785e-04 9.994665e-01 2.451713e+01
9.998494e-01 6.045202e-04 -1.734204e-02 5.826398e+01 -5.954217e-04 9.999997e-01 5.298087e-04 -3.190198e+00 1.734229e-02 -5.194032e-04 9.998494e-01 2.491182e+01
9.993788e-01 -2.916987e-04 3.524160e-02 5.871826e+01 3.289627e-04 9.999994e-01 -1.051593e-03 -3.216054e+00 -3.524121e-02 1.062533e-03 9.993784e-01 2.526006e+01
9.998251e-01 5.820993e-04 -1.869335e-02 5.911631e+01 -5.719228e-04 9.999997e-01 5.497388e-04 -3.240338e+00 1.869360e-02 -5.389517e-04 9.998250e-01 2.561920e+01
9.992745e-01 -2.524790e-04 3.808442e-02 5.953657e+01 2.956281e-04 9.999993e-01 -1.127358e-03 -3.263764e+00 -3.808405e-02 1.137800e-03 9.992740e-01 2.591259e+01
9.997389e-01 5.349755e-04 -2.284295e-02 6.011114e+01 -5.196863e-04 9.999996e-01 6.752524e-04 -3.291950e+00 2.284324e-02 -6.632052e-04 9.997387e-01 2.618883e+01
9.993771e-01 -3.078767e-04 3.528878e-02 6.061174e+01 3.461493e-04 9.999994e-01 -1.078449e-03 -3.314259e+00 -3.528837e-02 1.089992e-03 9.993767e-01 2.632351e+01
9.997408e-01 5.459177e-04 -2.275867e-02 6.114137e+01 -5.305423e-04 9.999996e-01 6.816230e-04 -3.338579e+00 2.275897e-02 -6.693723e-04 9.997407e-01 2.649841e+01
9.993193e-01 -3.011297e-04 3.688917e-02 6.154831e+01 3.445674e-04 9.999993e-01 -1.171165e-03 -3.355898e+00 -3.688873e-02 1.183079e-03 9.993188e-01 2.655837e+01
9.997952e-01 5.936899e-04 -2.022637e-02 6.198807e+01 -5.807235e-04 9.999996e-01 6.469398e-04 -3.378512e+00 2.022669e-02 -6.350619e-04 9.997951e-01 2.678704e+01
9.996320e-01 -4.387371e-04 2.712240e-02 6.269972e+01 4.624805e-04 9.999995e-01 -8.691470e-04 -3.406550e+00 -2.712195e-02 8.813712e-04 9.996318e-01 2.686969e+01
9.998859e-01 6.607413e-04 -1.508944e-02 6.336041e+01 -6.534247e-04 9.999997e-01 4.898156e-04 -3.433723e+00 1.508970e-02 -4.799005e-04 9.998859e-01 2.698992e+01
9.996681e-01 -4.564672e-04 2.575843e-02 6.401718e+01 4.780514e-04 9.999995e-01 -8.317908e-04 -3.459367e+00 -2.575798e-02 8.438291e-04 9.996679e-01 2.705349e+01
9.999499e-01 7.242158e-04 -9.985087e-03 6.446816e+01 -7.211494e-04 9.999997e-01 3.107107e-04 -3.479979e+00 9.985258e-03 -3.034951e-04 9.999500e-01 2.719153e+01
9.996667e-01 -4.546531e-04 2.581364e-02 6.498509e+01 4.752895e-04 9.999996e-01 -7.933034e-04 -3.505158e+00 -2.581322e-02 8.053086e-04 9.996666e-01 2.742781e+01
9.999561e-01 7.373791e-04 -9.344644e-03 6.567762e+01 -7.348065e-04 9.999997e-01 2.787472e-04 -3.532204e+00 9.344798e-03 -2.718692e-04 9.999562e-01 2.750855e+01
9.996060e-01 -4.111681e-04 2.806477e-02 6.617424e+01 4.351999e-04 9.999995e-01 -8.501909e-04 -3.555018e+00 -2.806436e-02 8.620705e-04 9.996058e-01 2.768072e+01
9.999691e-01 7.728689e-04 -7.817725e-03 6.640060e+01 -7.709865e-04 9.999997e-01 2.438245e-04 -3.577175e+00 7.817866e-03 -2.377905e-04 9.999693e-01 2.818767e+01
9.995376e-01 -3.928965e-04 3.040314e-02 6.670401e+01 4.210079e-04 9.999995e-01 -9.182170e-04 -3.599043e+00 -3.040272e-02 9.305934e-04 9.995374e-01 2.858259e+01
9.999704e-01 7.766321e-04 -7.659861e-03 6.736627e+01 -7.749806e-04 9.999997e-01 2.185927e-04 -3.625731e+00 7.659987e-03 -2.126510e-04 9.999705e-01 2.868913e+01
9.993226e-01 -2.892792e-04 3.679996e-02 6.791216e+01 3.297457e-04 9.999993e-01 -1.093564e-03 -3.648507e+00 -3.679958e-02 1.104959e-03 9.993222e-01 2.879651e+01
9.999296e-01 7.194614e-04 -1.184686e-02 6.847872e+01 -7.156767e-04 9.999997e-01 3.237187e-04 -3.673131e+00 1.184705e-02 -3.152186e-04 9.999297e-01 2.894775e+01
9.990626e-01 -1.844530e-04 4.328946e-02 6.911011e+01 2.390903e-04 9.999992e-01 -1.256959e-03 -3.697661e+00 -4.328916e-02 1.266133e-03 9.990619e-01 2.901270e+01
9.999575e-01 7.495926e-04 -9.193643e-03 6.968357e+01 -7.477114e-04 9.999997e-01 2.080693e-04 -3.720039e+00 9.193766e-03 -2.011878e-04 9.999576e-01 2.906739e+01
9.991454e-01 -2.192443e-04 4.133316e-02 7.016325e+01 2.684573e-04 9.999993e-01 -1.185089e-03 -3.739393e+00 -4.133285e-02 1.195174e-03 9.991448e-01 2.912469e+01
9.999421e-01 6.848626e-04 -1.073684e-02 7.050427e+01 -6.827975e-04 9.999997e-01 1.960160e-04 -3.751851e+00 1.073694e-02 -1.886752e-04 9.999422e-01 2.906623e+01
9.992227e-01 -2.318223e-04 3.942076e-02 7.101036e+01 2.759323e-04 9.999993e-01 -1.113510e-03 -3.766475e+00 -3.942045e-02 1.123524e-03 9.992222e-01 2.889273e+01
9.999334e-01 6.831167e-04 -1.152255e-02 7.149005e+01 -6.808055e-04 9.999997e-01 2.045156e-04 -3.782387e+00 1.152266e-02 -1.966592e-04 9.999335e-01 2.880947e+01
9.993666e-01 -2.747335e-04 3.558474e-02 7.207084e+01 3.092142e-04 9.999995e-01 -9.634722e-04 -3.802260e+00 -3.558444e-02 9.738672e-04 9.993663e-01 2.875459e+01
9.998310e-01 5.744609e-04 -1.837740e-02 7.287440e+01 -5.667458e-04 9.999997e-01 4.250272e-04 -3.829362e+00 1.837762e-02 -4.145420e-04 9.998309e-01 2.868713e+01
9.993242e-01 -2.653448e-04 3.675721e-02 7.369269e+01 3.029649e-04 9.999994e-01 -1.017905e-03 -3.853138e+00 -3.675691e-02 1.028355e-03 9.993238e-01 2.847400e+01
9.998523e-01 5.770064e-04 -1.717894e-02 7.438903e+01 -5.709260e-04 9.999998e-01 3.588552e-04 -3.873931e+00 1.717914e-02 -3.489964e-04 9.998523e-01 2.830445e+01
9.992937e-01 -2.477773e-04 3.757771e-02 7.507286e+01 2.860034e-04 9.999994e-01 -1.011882e-03 -3.895702e+00 -3.757743e-02 1.021917e-03 9.992933e-01 2.818623e+01
9.996901e-01 4.757930e-04 -2.489036e-02 7.594107e+01 -4.608829e-04 9.999997e-01 6.047658e-04 -3.923524e+00 2.489063e-02 -5.931091e-04 9.996899e-01 2.806225e+01
9.991778e-01 -1.980319e-04 4.054251e-02 7.676824e+01 2.423193e-04 9.999994e-01 -1.087455e-03 -3.950631e+00 -4.054227e-02 1.096387e-03 9.991773e-01 2.796733e+01
9.996140e-01 4.311996e-04 -2.778044e-02 7.753091e+01 -4.129305e-04 9.999997e-01 6.633600e-04 -3.975493e+00 2.778071e-02 -6.516348e-04 9.996137e-01 2.786490e+01
9.993168e-01 -2.639191e-04 3.695719e-02 7.826568e+01 3.005927e-04 9.999995e-01 -9.867704e-04 -3.999687e+00 -3.695691e-02 9.972077e-04 9.993165e-01 2.776835e+01
9.997868e-01 5.290783e-04 -2.064060e-02 7.892914e+01 -5.199105e-04 9.999998e-01 4.495255e-04 -4.022822e+00 2.064083e-02 -4.387008e-04 9.997868e-01 2.773238e+01
9.989302e-01 -1.358951e-04 4.624237e-02 7.941578e+01 1.945508e-04 9.999992e-01 -1.263941e-03 -4.041153e+00 -4.624216e-02 1.271588e-03 9.989295e-01 2.773718e+01
9.992132e-01 3.003283e-04 -3.966062e-02 7.988394e+01 -2.614166e-04 9.999995e-01 9.862970e-04 -4.060719e+00 3.966090e-02 -9.751556e-04 9.992126e-01 2.779275e+01
9.987565e-01 -9.902741e-05 4.985455e-02 8.048213e+01 1.665635e-04 9.999991e-01 -1.350509e-03 -4.082736e+00 -4.985437e-02 1.357136e-03 9.987557e-01 2.778269e+01
9.989636e-01 2.350533e-04 -4.551480e-02 8.115918e+01 -1.824726e-04 9.999993e-01 1.159392e-03 -4.106973e+00 4.551505e-02 -1.149888e-03 9.989629e-01 2.775041e+01
9.989612e-01 -1.626654e-04 4.556873e-02 8.186311e+01 2.182111e-04 9.999992e-01 -1.213972e-03 -4.132469e+00 -4.556850e-02 1.222657e-03 9.989606e-01 2.772758e+01
9.991720e-01 3.061972e-04 -4.068424e-02 8.262556e+01 -2.639077e-04 9.999994e-01 1.044820e-03 -4.161427e+00 4.068454e-02 -1.033220e-03 9.991714e-01 2.776706e+01
9.991396e-01 -2.498340e-04 4.147184e-02 8.353504e+01 2.945284e-04 9.999994e-01 -1.071600e-03 -4.193861e+00 -4.147155e-02 1.082895e-03 9.991392e-01 2.774951e+01
9.995529e-01 4.473080e-04 -2.989510e-02 8.423164e+01 -4.272865e-04 9.999997e-01 6.761075e-04 -4.218286e+00 2.989540e-02 -6.630341e-04 9.995527e-01 2.771213e+01
9.993752e-01 -3.127550e-04 3.534248e-02 8.489100e+01 3.437517e-04 9.999996e-01 -8.709656e-04 -4.243728e+00 -3.534220e-02 8.825731e-04 9.993750e-01 2.774554e+01
9.988844e-01 3.881592e-04 -4.722061e-02 8.549877e+01 -3.343219e-04 9.999993e-01 1.148012e-03 -4.268068e+00 4.722102e-02 -1.130947e-03 9.988837e-01 2.781026e+01
9.993176e-01 -3.201970e-04 3.693428e-02 8.614672e+01 3.538810e-04 9.999995e-01 -9.054661e-04 -4.294035e+00 -3.693397e-02 9.179212e-04 9.993174e-01 2.788258e+01
9.989158e-01 3.422708e-04 -4.655206e-02 8.688434e+01 -2.891187e-04 9.999993e-01 1.148503e-03 -4.322498e+00 4.655243e-02 -1.133802e-03 9.989151e-01 2.793636e+01
9.994813e-01 -3.273305e-04 3.220209e-02 8.753025e+01 3.530359e-04 9.999996e-01 -7.925693e-04 -4.347786e+00 -3.220181e-02 8.035293e-04 9.994812e-01 2.799533e+01
9.987764e-01 3.874744e-04 -4.945190e-02 8.809138e+01 -3.275846e-04 9.999992e-01 1.219170e-03 -4.371477e+00 4.945233e-02 -1.201481e-03 9.987757e-01 2.811187e+01
9.994772e-01 -3.643694e-04 3.232820e-02 8.878482e+01 3.904366e-04 9.999996e-01 -8.000201e-04 -4.396790e+00 -3.232789e-02 8.122265e-04 9.994771e-01 2.811499e+01
9.986454e-01 4.274195e-04 -5.203097e-02 8.939107e+01 -3.610831e-04 9.999991e-01 1.284333e-03 -4.420148e+00 5.203147e-02 -1.263808e-03 9.986445e-01 2.816065e+01
9.994755e-01 -3.191063e-04 3.238122e-02 8.989602e+01 3.461166e-04 9.999996e-01 -8.285302e-04 -4.441000e+00 -3.238093e-02 8.393058e-04 9.994753e-01 2.824231e+01
9.987751e-01 3.810728e-04 -4.947811e-02 9.047505e+01 -3.196757e-04 9.999992e-01 1.248803e-03 -4.464780e+00 4.947853e-02 -1.231458e-03 9.987743e-01 2.833845e+01
9.994413e-01 -3.455036e-04 3.342248e-02 9.106397e+01 3.744128e-04 9.999996e-01 -8.587035e-04 -4.488657e+00 -3.342216e-02 8.707398e-04 9.994410e-01 2.842017e+01
9.990664e-01 3.492019e-04 -4.320005e-02 9.160176e+01 -3.021487e-04 9.999994e-01 1.095718e-03 -4.513777e+00 4.320039e-02 -1.081645e-03 9.990657e-01 2.861203e+01
9.993595e-01 -3.606849e-04 3.578303e-02 9.220246e+01 3.933095e-04 9.999995e-01 -9.046939e-04 -4.541015e+00 -3.578268e-02 9.181905e-04 9.993593e-01 2.879433e+01
9.990613e-01 3.490793e-04 -4.331705e-02 9.284620e+01 -3.017332e-04 9.999993e-01 1.099548e-03 -4.568954e+00 4.331739e-02 -1.085448e-03 9.990607e-01 2.894943e+01
9.995537e-01 -3.244823e-04 2.987092e-02 9.339622e+01 3.477487e-04 9.999996e-01 -7.737001e-04 -4.593112e+00 -2.987065e-02 7.837446e-04 9.995536e-01 2.908708e+01
9.991962e-01 2.907850e-04 -4.008602e-02 9.405926e+01 -2.499263e-04 9.999994e-01 1.024285e-03 -4.620624e+00 4.008628e-02 -1.013446e-03 9.991956e-01 2.920857e+01
9.995998e-01 -2.933379e-04 2.828601e-02 9.467183e+01 3.142865e-04 9.999997e-01 -7.361488e-04 -4.647127e+00 -2.828577e-02 7.447463e-04 9.995997e-01 2.936030e+01
9.991058e-01 3.096028e-04 -4.227965e-02 9.521831e+01 -2.649895e-04 9.999994e-01 1.060798e-03 -4.670339e+00 4.227993e-02 -1.048648e-03 9.991052e-01 2.946658e+01
9.996806e-01 -2.732765e-04 2.527011e-02 9.572864e+01 2.904358e-04 9.999997e-01 -6.753604e-04 -4.691658e+00 -2.526990e-02 6.824861e-04 9.996805e-01 2.954367e+01
9.991435e-01 2.958713e-04 -4.137915e-02 9.628692e+01 -2.528907e-04 9.999994e-01 1.043936e-03 -4.714043e+00 4.137941e-02 -1.032580e-03 9.991429e-01 2.960109e+01
9.997023e-01 -2.665799e-04 2.439696e-02 9.690157e+01 2.823425e-04 9.999998e-01 -6.426406e-04 -4.738061e+00 -2.439676e-02 6.493397e-04 9.997022e-01 2.966252e+01
