9.997863e-01 3.557653e-04 2.066886e-02 4.291992e-01 -3.433615e-04 9.999998e-01 -6.036696e-04 -2.811346e-02 -2.066907e-02 5.964433e-04 9.997863e-01 4.683648e-01
9.999990e-01 2.442713e-05 1.416670e-03 8.523854e-01 -2.436279e-05 1.000000e+00 -4.542534e-05 -5.612430e-02 -1.416667e-03 4.539114e-05 9.999989e-01 9.441308e-01
9.998216e-01 3.397099e-04 1.888773e-02 1.177406e+00 -3.294126e-04 9.999998e-01 -5.482967e-04 -8.219783e-02 -1.888792e-02 5.419767e-04 9.998216e-01 1.464277e+00
9.999986e-01 -3.054258e-05 -1.691806e-03 1.523979e+00 3.058952e-05 1.000000e+00 2.771553e-05 -1.070741e-01 1.691813e-03 -2.776700e-05 9.999985e-01 1.899218e+00
9.993898e-01 5.596503e-04 3.492363e-02 1.778032e+00 -5.241875e-04 9.999993e-01 -1.024587e-03 -1.298462e-01 -3.492419e-02 1.005655e-03 9.993896e-01 2.391040e+00
9.999767e-01 9.786276e-05 6.831005e-03 2.075780e+00 -9.627259e-05 1.000000e+00 -2.331126e-04 -1.524818e-01 -6.831012e-03 2.324495e-04 9.999765e-01 2.826930e+00
9.997000e-01 4.220871e-04 2.449007e-02 2.318950e+00 -4.050844e-04 9.999997e-01 -6.992262e-04 -1.749420e-01 -2.449037e-02 6.890959e-04 9.996999e-01 3.323391e+00
9.998884e-01 1.761044e-04 1.493576e-02 2.520974e+00 -1.686601e-04 9.999999e-01 -4.996772e-04 -1.946292e-01 -1.493583e-02 4.971022e-04 9.998882e-01 3.761708e+00
9.997004e-01 4.522570e-04 2.447124e-02 2.708154e+00 -4.360331e-04 9.999997e-01 -6.683120e-04 -2.163052e-01 -2.447156e-02 6.574418e-04 9.997004e-01 4.296028e+00
9.999813e-01 4.443682e-05 6.121200e-03 2.851067e+00 -4.308919e-05 1.000000e+00 -2.202792e-04 -2.396630e-01 -6.121181e-03 2.200110e-04 9.999811e-01 4.946200e+00
9.994498e-01 5.804986e-04 3.316201e-02 2.997581e+00 -5.490454e-04 9.999994e-01 -9.575705e-04 -2.604783e-01 -3.316258e-02 9.388367e-04 9.994496e-01 5.498774e+00
9.999984e-01 -3.212541e-05 1.799173e-03 3.237102e+00 3.230352e-05 1.000000e+00 -9.889990e-05 -2.819764e-01 -1.799134e-03 9.895731e-05 9.999983e-01 5.963225e+00
9.994168e-01 6.191991e-04 3.414349e-02 3.559327e+00 -5.860608e-04 9.999993e-01 -9.805632e-04 -3.057886e-01 -3.414411e-02 9.599817e-04 9.994166e-01 6.415562e+00
9.999597e-01 8.222839e-05 8.973756e-03 3.729758e+00 -7.941171e-05 9.999999e-01 -3.142159e-04 -3.246357e-01 -8.973738e-03 3.134899e-04 9.999596e-01 6.862105e+00
9.996651e-01 5.029050e-04 2.587541e-02 4.006167e+00 -4.850635e-04 9.999996e-01 -6.957946e-04 -3.500452e-01 -2.587580e-02 6.830111e-04 9.996650e-01 7.435908e+00
9.999991e-01 -4.637309e-05 1.311196e-03 4.330038e+00 4.649394e-05 1.000000e+00 -9.195144e-05 -3.765354e-01 -1.311143e-03 9.201144e-05 9.999990e-01 7.990432e+00
9.996527e-01 5.209635e-04 2.634844e-02 4.577834e+00 -5.020404e-04 9.999996e-01 -7.248062e-04 -4.016515e-01 -2.634886e-02 7.113274e-04 9.996526e-01 8.588707e+00
9.999569e-01 6.106319e-05 9.279484e-03 4.863474e+00 -5.802024e-05 9.999999e-01 -3.281587e-04 -4.254529e-01 -9.279449e-03 3.276052e-04 9.999568e-01 9.090036e+00
9.998361e-01 4.099733e-04 1.809988e-02 5.124803e+00 -4.019677e-04 9.999998e-01 -4.459571e-04 -4.519537e-01 -1.810012e-02 4.386095e-04 9.998362e-01 9.723578e+00
9.999057e-01 1.064730e-04 1.372915e-02 5.347702e+00 -9.949779e-05 9.999999e-01 -5.087131e-04 -4.745313e-01 -1.372914e-02 5.072980e-04 9.999055e-01 1.025407e+01
9.996306e-01 5.198507e-04 2.717284e-02 5.677682e+00 -4.999211e-04 9.999996e-01 -7.402404e-04 -4.932294e-01 -2.717328e-02 7.263839e-04 9.996306e-01 1.048152e+01
9.999996e-01 -9.045960e-05 -9.296364e-04 6.250403e+00 9.040889e-05 1.000000e+00 -5.510510e-05 -5.193574e-01 9.297059e-04 5.501976e-05 9.999995e-01 1.068794e+01
9.999192e-01 3.074902e-04 1.270684e-02 6.997654e+00 -3.036920e-04 9.999999e-01 -3.008748e-04 -5.519715e-01 -1.270700e-02 2.969928e-04 9.999193e-01 1.091404e+01
9.999985e-01 -6.698101e-05 1.704026e-03 7.642351e+00 6.723157e-05 1.000000e+00 -1.466826e-04 -5.813231e-01 -1.703950e-03 1.467957e-04 9.999985e-01 1.115066e+01
9.999396e-01 2.907575e-04 1.099004e-02 8.330546e+00 -2.880192e-04 9.999999e-01 -2.507928e-04 -6.107298e-01 -1.099018e-02 2.476136e-04 9.999397e-01 1.133128e+01
9.999820e-01 -1.647139e-04 -6.000316e-03 8.921050e+00 1.651825e-04 1.000000e+00 7.750460e-05 -6.388247e-01 6.000371e-03 -7.849571e-05 9.999819e-01 1.158208e+01
9.998212e-01 3.942534e-04 1.890646e-02 9.552932e+00 -3.850575e-04 9.999998e-01 -4.900585e-04 -6.674618e-01 -1.890672e-02 4.826922e-04 9.998212e-01 1.180729e+01
9.999968e-01 -1.166249e-04 -2.518107e-03 1.023665e+01 1.165915e-04 1.000000e+00 -1.365782e-05 -6.971929e-01 2.518179e-03 1.336278e-05 9.999967e-01 1.200944e+01
9.998404e-01 3.914964e-04 1.785953e-02 1.086441e+01 -3.834176e-04 9.999998e-01 -4.558029e-04 -7.263159e-01 -1.785978e-02 4.488839e-04 9.998405e-01 1.226282e+01
9.999599e-01 -2.040586e-04 -8.952111e-03 1.150514e+01 2.056954e-04 1.000000e+00 1.818491e-04 -7.563901e-01 8.952145e-03 -1.836847e-04 9.999598e-01 1.253219e+01
9.998958e-01 3.471160e-04 1.442936e-02 1.222857e+01 -3.422911e-04 9.999999e-01 -3.368945e-04 -7.896385e-01 -1.442954e-02 3.319218e-04 9.998959e-01 1.282117e+01
9.999830e-01 -1.761394e-04 -5.829063e-03 1.285184e+01 1.766101e-04 1.000000e+00 8.012113e-05 -8.204296e-01 5.829122e-03 -8.115071e-05 9.999829e-01 1.314622e+01
9.998013e-01 4.294662e-04 1.993214e-02 1.337089e+01 -4.194915e-04 9.999998e-01 -5.046481e-04 -8.479778e-01 -1.993243e-02 4.961879e-04 9.998013e-01 1.348280e+01
9.999527e-01 -2.031762e-04 -9.720166e-03 1.378861e+01 2.053787e-04 1.000000e+00 2.255243e-04 -8.769792e-01 9.720194e-03 -2.275115e-04 9.999526e-01 1.401740e+01
9.997456e-01 4.398376e-04 2.255217e-02 1.434846e+01 -4.263678e-04 9.999997e-01 -6.021078e-04 -9.072230e-01 -2.255251e-02 5.923406e-04 9.997456e-01 1.440717e+01
9.998809e-01 -2.534433e-04 -1.542699e-02 1.480079e+01 2.596361e-04 9.999999e-01 3.993803e-04 -9.359314e-01 1.542697e-02 -4.033397e-04 9.998808e-01 1.487371e+01
9.997379e-01 4.417596e-04 2.289114e-02 1.511239e+01 -4.278934e-04 9.999997e-01 -6.106695e-04 -9.621915e-01 -2.289148e-02 6.007160e-04 9.997379e-01 1.542781e+01
9.997906e-01 -2.990510e-04 -2.046102e-02 1.533169e+01 3.104189e-04 9.999998e-01 5.523788e-04 -9.866846e-01 2.046092e-02 -5.586161e-04 9.997904e-01 1.603384e+01
9.996225e-01 4.984754e-04 2.747119e-02 1.561518e+01 -4.779018e-04 9.999996e-01 -7.555012e-04 -1.012044e+00 -2.747163e-02 7.420890e-04 9.996224e-01 1.659325e+01
9.997429e-01 -3.243232e-04 -2.267102e-02 1.597679e+01 3.385580e-04 9.999997e-01 6.240162e-04 -1.039868e+00 2.267089e-02 -6.315328e-04 9.997427e-01 1.714319e+01
9.995151e-01 5.527644e-04 3.113349e-02 1.641909e+01 -5.261856e-04 9.999995e-01 -8.619150e-04 -1.068620e+00 -3.113403e-02 8.451165e-04 9.995149e-01 1.763378e+01
9.996459e-01 -3.568172e-04 -2.660585e-02 1.670518e+01 3.764423e-04 9.999997e-01 7.325863e-04 -1.093965e+00 2.660566e-02 -7.423441e-04 9.996457e-01 1.819322e+01
9.996868e-01 3.927932e-04 2.502238e-02 1.683915e+01 -3.748607e-04 9.999997e-01 -7.213724e-04 -1.113609e+00 -2.502273e-02 7.117681e-04 9.996867e-01 1.870583e+01
9.995655e-01 -3.858292e-04 -2.947287e-02 1.677651e+01 4.080610e-04 9.999996e-01 7.482762e-04 -1.125343e+00 2.947265e-02 -7.599794e-04 9.995652e-01 1.909745e+01
9.996385e-01 3.471777e-04 2.688300e-02 1.645472e+01 -3.260391e-04 9.999996e-01 -7.907256e-04 -1.126426e+00 -2.688334e-02 7.816764e-04 9.996384e-01 1.933538e+01
9.996240e-01 -3.308245e-04 -2.741701e-02 1.645440e+01 3.506683e-04 9.999997e-01 7.189444e-04 -1.138423e+00 2.741684e-02 -7.282899e-04 9.996237e-01 1.967859e+01
9.995148e-01 4.769751e-04 3.114314e-02 1.686422e+01 -4.506861e-04 9.999995e-01 -8.511715e-04 -1.163089e+00 -3.114361e-02 8.367243e-04 9.995147e-01 2.003928e+01
9.997197e-01 -2.934181e-04 -2.367448e-02 1.736832e+01 3.077214e-04 9.999998e-01 6.004895e-04 -1.189740e+00 2.367438e-02 -6.076079e-04 9.997195e-01 2.035444e+01
9.993762e-01 5.285883e-04 3.531115e-02 1.795993e+01 -4.939302e-04 9.999994e-01 -9.902412e-04 -1.216693e+00 -3.531173e-02 9.721838e-04 9.993760e-01 2.056346e+01
9.997256e-01 -3.000186e-04 -2.342337e-02 1.855983e+01 3.138821e-04 9.999998e-01 5.881591e-04 -1.243119e+00 2.342327e-02 -5.953515e-04 9.997254e-01 2.074246e+01
9.993639e-01 5.311108e-04 3.565829e-02 1.907068e+01 -4.961808e-04 9.999994e-01 -9.884387e-04 -1.268547e+00 -3.565888e-02 9.701186e-04 9.993636e-01 2.100157e+01
9.995088e-01 -3.605536e-04 -3.133619e-02 1.936102e+01 3.869732e-04 9.999996e-01 8.370113e-04 -1.291526e+00 3.133595e-02 -8.487281e-04 9.995085e-01 2.144893e+01
9.995694e-01 3.915640e-04 2.934183e-02 1.957483e+01 -3.677683e-04 9.999996e-01 -8.164008e-04 -1.312606e+00 -2.934222e-02 8.052598e-04 9.995692e-01 2.191056e+01
9.995492e-01 -4.037826e-04 -3.002077e-02 1.962226e+01 4.254062e-04 9.999997e-01 7.138739e-04 -1.321832e+00 3.002055e-02 -7.263248e-04 9.995489e-01 2.206845e+01
9.995929e-01 4.283506e-04 2.852946e-02 1.987474e+01 -4.081412e-04 9.999997e-01 -7.142154e-04 -1.342703e+00 -2.852983e-02 7.022822e-04 9.995928e-01 2.247016e+01
9.995025e-01 -4.290556e-04 -3.153499e-02 1.998932e+01 4.523268e-04 9.999996e-01 7.307910e-04 -1.359490e+00 3.153475e-02 -7.446932e-04 9.995023e-01 2.286593e+01
9.995176e-01 4.926136e-04 3.105574e-02 2.018969e+01 -4.695616e-04 9.999996e-01 -7.495904e-04 -1.379909e+00 -3.105618e-02 7.346478e-04 9.995175e-01 2.332392e+01
9.997332e-01 -2.749539e-04 -2.309399e-02 2.045912e+01 2.873242e-04 9.999998e-01 5.322985e-04 -1.406162e+00 2.309392e-02 -5.387936e-04 9.997331e-01 2.394443e+01
9.995893e-01 4.604192e-04 2.865529e-02 2.081181e+01 -4.410954e-04 9.999997e-01 -6.806989e-04 -1.433571e+00 -2.865568e-02 6.677813e-04 9.995892e-01 2.449567e+01
9.997197e-01 -2.534077e-04 -2.367500e-02 2.108110e+01 2.679340e-04 9.999998e-01 6.103616e-04 -1.464366e+00 2.367492e-02 -6.165355e-04 9.997194e-01 2.530045e+01
9.996916e-01 3.992196e-04 2.483045e-02 2.127999e+01 -3.861935e-04 9.999998e-01 -5.294275e-04 -1.495491e+00 -2.483074e-02 5.196765e-04 9.996916e-01 2.620807e+01
9.995912e-01 -3.805256e-04 -2.858917e-02 2.151878e+01 3.988818e-04 9.999997e-01 6.363353e-04 -1.520600e+00 2.858900e-02 -6.474805e-04 9.995910e-01 2.680854e+01
9.996363e-01 4.335921e-04 2.696681e-02 2.167600e+01 -4.185640e-04 9.999998e-01 -5.629512e-04 -1.546224e+00 -2.696713e-02 5.514607e-04 9.996362e-01 2.753800e+01
9.996660e-01 -3.127838e-04 -2.584047e-02 2.192968e+01 3.278707e-04 9.999998e-01 5.795770e-04 -1.574084e+00 2.584036e-02 -5.878573e-04 9.996658e-01 2.823929e+01
9.991331e-01 6.553190e-04 4.162424e-02 2.215931e+01 -6.132370e-04 9.999993e-01 -1.023774e-03 -1.601362e+00 -4.162497e-02 9.973630e-04 9.991329e-01 2.894646e+01
9.996873e-01 -2.597189e-04 -2.500334e-02 2.246643e+01 2.748328e-04 9.999998e-01 6.010058e-04 -1.632976e+00 2.500326e-02 -6.076912e-04 9.996871e-01 2.973024e+01
9.997067e-01 3.315276e-04 2.421601e-02 2.277121e+01 -3.205540e-04 9.999998e-01 -4.570689e-04 -1.667119e+00 -2.421624e-02 4.491739e-04 9.997067e-01 3.062298e+01
9.997160e-01 -2.422959e-04 -2.382887e-02 2.322356e+01 2.554114e-04 9.999998e-01 5.473258e-04 -1.702950e+00 2.382882e-02 -5.532581e-04 9.997158e-01 3.138912e+01
9.995571e-01 4.417249e-04 2.975500e-02 2.380534e+01 -4.229769e-04 9.999997e-01 -6.363971e-04 -1.740180e+00 -2.975535e-02 6.235312e-04 9.995571e-01 3.203566e+01
9.994022e-01 -3.400136e-04 -3.456992e-02 2.412907e+01 3.699355e-04 9.999996e-01 8.591269e-04 -1.773862e+00 3.456970e-02 -8.714036e-04 9.994018e-01 3.288356e+01
9.993957e-01 4.458491e-04 3.475681e-02 2.464803e+01 -4.182387e-04 9.999996e-01 -8.016768e-04 -1.808459e+00 -3.475723e-02 7.866573e-04 9.993956e-01 3.349437e+01
9.997406e-01 -1.812525e-04 -2.277470e-02 2.522239e+01 1.924262e-04 9.999999e-01 4.883891e-04 -1.842656e+00 2.277470e-02 -4.926464e-04 9.997404e-01 3.402366e+01
9.991917e-01 5.078147e-04 4.019601e-02 2.604399e+01 -4.697455e-04 9.999994e-01 -9.565482e-04 -1.881651e+00 -4.019656e-02 9.368947e-04 9.991914e-01 3.441846e+01
9.996473e-01 -2.037926e-04 -2.655526e-02 2.665944e+01 2.200670e-04 9.999998e-01 6.098902e-04 -1.917297e+00 2.655522e-02 -6.155207e-04 9.996471e-01 3.495519e+01
9.992644e-01 4.990635e-04 3.834694e-02 2.711787e+01 -4.654493e-04 9.999995e-01 -8.855257e-04 -1.952326e+00 -3.834745e-02 8.670273e-04 9.992642e-01 3.568162e+01
9.994834e-01 -2.555786e-04 -3.213737e-02 2.755670e+01 2.821146e-04 9.999996e-01 8.211435e-04 -1.989688e+00 3.213723e-02 -8.297873e-04 9.994830e-01 3.653816e+01
9.993651e-01 4.498629e-04 3.562637e-02 2.781715e+01 -4.200724e-04 9.999996e-01 -8.436980e-04 -2.020583e+00 -3.562682e-02 8.281982e-04 9.993649e-01 3.735513e+01
9.996443e-01 -2.048423e-04 -2.666842e-02 2.808884e+01 2.213717e-04 9.999998e-01 6.168263e-04 -2.048920e+00 2.666838e-02 -6.225121e-04 9.996441e-01 3.805292e+01
9.995576e-01 3.928459e-04 2.973968e-02 2.813194e+01 -3.743792e-04 9.999997e-01 -6.265408e-04 -2.074733e+00 -2.974000e-02 6.151312e-04 9.995576e-01 3.894355e+01
9.995832e-01 -2.343621e-04 -2.886816e-02 2.821657e+01 2.553310e-04 9.999997e-01 7.226487e-04 -2.104904e+00 2.886807e-02 -7.297200e-04 9.995829e-01 3.995761e+01
9.994963e-01 4.199189e-04 3.173353e-02 2.839426e+01 -3.976611e-04 9.999997e-01 -7.077323e-04 -2.135286e+00 -3.173391e-02 6.947582e-04 9.994962e-01 4.086536e+01
9.996123e-01 -2.321190e-04 -2.784010e-02 2.862536e+01 2.499964e-04 9.999998e-01 6.386330e-04 -2.163324e+00 2.784003e-02 -6.453469e-04 9.996121e-01 4.160327e+01
9.996684e-01 2.587749e-04 2.574898e-02 2.913328e+01 -2.447012e-04 9.999998e-01 -5.497537e-04 -2.193347e+00 -2.574921e-02 5.432722e-04 9.996684e-01 4.203980e+01
9.996254e-01 -2.432628e-04 -2.736535e-02 2.980614e+01 2.609844e-04 9.999998e-01 6.439865e-04 -2.227345e+00 2.736527e-02 -6.508888e-04 9.996252e-01 4.241816e+01
9.996012e-01 2.686690e-04 2.823985e-02 3.096819e+01 -2.529474e-04 9.999998e-01 -5.603183e-04 -2.276082e+00 -2.824008e-02 5.529531e-04 9.996011e-01 4.275281e+01
9.996870e-01 -1.963233e-04 -2.501497e-02 3.215455e+01 2.105568e-04 9.999998e-01 5.663265e-04 -2.324983e+00 2.501494e-02 -5.714179e-04 9.996868e-01 4.306372e+01
9.993974e-01 4.399172e-04 3.470988e-02 3.302367e+01 -4.137720e-04 9.999996e-01 -7.604532e-04 -2.367344e+00 -3.471029e-02 7.456345e-04 9.993972e-01 4.354071e+01
9.995589e-01 -2.981886e-04 -2.969562e-02 3.405212e+01 3.185979e-04 9.999997e-01 6.825210e-04 -2.411743e+00 2.969550e-02 -6.916824e-04 9.995587e-01 4.388431e+01
9.992000e-01 5.604362e-04 3.998772e-02 3.495034e+01 -5.245085e-04 9.999994e-01 -9.089766e-04 -2.453805e+00 -3.998829e-02 8.872770e-04 9.991998e-01 4.431440e+01
9.995112e-01 -3.052120e-04 -3.125973e-02 3.540722e+01 3.273580e-04 9.999997e-01 7.033038e-04 -2.487002e+00 3.125960e-02 -7.131947e-04 9.995110e-01 4.496847e+01
9.993304e-01 5.181294e-04 3.658684e-02 3.580085e+01 -4.894548e-04 9.999996e-01 -7.927186e-04 -2.519708e+00 -3.658732e-02 7.742816e-04 9.993302e-01 4.568989e+01
9.994427e-01 -3.446224e-04 -3.337687e-02 3.615316e+01 3.697055e-04 9.999997e-01 7.453101e-04 -2.549789e+00 3.337670e-02 -7.572359e-04 9.994425e-01 4.635330e+01
9.994418e-01 4.357241e-04 3.340582e-02 3.644647e+01 -4.114739e-04 9.999996e-01 -7.328254e-04 -2.575490e+00 -3.340622e-02 7.186722e-04 9.994417e-01 4.690290e+01
9.994310e-01 -3.503116e-04 -3.372786e-02 3.681258e+01 3.753874e-04 9.999997e-01 7.371148e-04 -2.601257e+00 3.372767e-02 -7.493579e-04 9.994307e-01 4.735479e+01
9.993151e-01 5.019521e-04 3.700273e-02 3.721371e+01 -4.720228e-04 9.999996e-01 -8.175950e-04 -2.629734e+00 -3.700321e-02 7.995703e-04 9.993149e-01 4.788203e+01
9.994794e-01 -3.177995e-04 -3.226150e-02 3.765406e+01 3.405532e-04 9.999997e-01 6.997686e-04 -2.660075e+00 3.226135e-02 -7.103926e-04 9.994791e-01 4.843671e+01
9.991071e-01 5.440691e-04 4.224737e-02 3.794375e+01 -5.020690e-04 9.999994e-01 -1.004773e-03 -2.684467e+00 -4.224798e-02 9.826662e-04 9.991067e-01 4.894552e+01
9.994045e-01 -3.376874e-04 -3.450248e-02 3.817353e+01 3.641437e-04 9.999996e-01 7.604816e-04 -2.707752e+00 3.450230e-02 -7.725942e-04 9.994042e-01 4.948819e+01
9.991436e-01 5.310923e-04 4.137532e-02 3.835055e+01 -4.907149e-04 9.999994e-01 -9.860548e-04 -2.728768e+00 -4.137591e-02 9.649083e-04 9.991433e-01 5.001016e+01
9.993953e-01 -3.278795e-04 -3.477010e-02 3.852176e+01 3.552780e-04 9.999996e-01 7.817859e-04 -2.751559e+00 3.476992e-02 -7.936677e-04 9.993950e-01 5.061472e+01
9.990270e-01 5.910747e-04 4.409854e-02 3.869761e+01 -5.459886e-04 9.999993e-01 -1.034454e-03 -2.777020e+00 -4.409921e-02 1.009371e-03 9.990267e-01 5.132131e+01
9.995303e-01 -2.827397e-04 -3.064271e-02 3.896290e+01 3.030370e-04 9.999997e-01 6.577113e-04 -2.804547e+00 3.064261e-02 -6.666898e-04 9.995301e-01 5.199873e+01
9.991446e-01 5.438210e-04 4.135016e-02 3.920393e+01 -5.046260e-04 9.999994e-01 -9.583351e-04 -2.830219e+00 -4.135075e-02 9.366504e-04 9.991443e-01 5.263418e+01
9.995910e-01 -2.682279e-04 -2.859448e-02 3.961162e+01 2.850082e-04 9.999998e-01 5.827232e-04 -2.858142e+00 2.859442e-02 -5.906360e-04 9.995909e-01 5.313322e+01
9.992440e-01 5.367497e-04 3.887417e-02 4.010161e+01 -5.047774e-04 9.999995e-01 -8.322922e-04 -2.892057e+00 -3.887469e-02 8.120417e-04 9.992438e-01 5.377775e+01
9.995630e-01 -2.988415e-04 -2.955731e-02 4.052868e+01 3.159833e-04 9.999998e-01 5.752455e-04 -2.921516e+00 2.955723e-02 -5.843352e-04 9.995629e-01 5.432046e+01
9.994315e-01 4.607345e-04 3.371135e-02 4.092970e+01 -4.377697e-04 9.999997e-01 -6.886288e-04 -2.949358e+00 -3.371175e-02 6.734811e-04 9.994314e-01 5.482153e+01
9.996313e-01 -2.944470e-04 -2.715111e-02 4.148807e+01 3.079700e-04 9.999998e-01 4.938450e-04 -2.979519e+00 2.715106e-02 -5.020262e-04 9.996312e-01 5.520780e+01
9.990217e-01 6.051804e-04 4.421978e-02 4.201361e+01 -5.604987e-04 9.999993e-01 -1.022862e-03 -3.006686e+00 -4.422046e-02 9.970776e-04 9.990214e-01 5.552344e+01
9.997462e-01 -2.213225e-04 -2.252740e-02 4.233103e+01 2.293369e-04 9.999999e-01 3.531276e-04 -3.030452e+00 2.252741e-02 -3.582059e-04 9.997461e-01 5.597760e+01
9.993396e-01 5.065310e-04 3.633408e-02 4.280871e+01 -4.795949e-04 9.999996e-01 -7.500889e-04 -3.059355e+00 -3.633454e-02 7.321695e-04 9.993395e-01 5.642638e+01
9.995699e-01 -2.857321e-04 -2.932391e-02 4.331234e+01 3.029987e-04 9.999998e-01 5.843390e-04 -3.092380e+00 2.932383e-02 -5.929744e-04 9.995697e-01 5.701316e+01
9.992564e-01 5.281997e-04 3.855537e-02 4.379838e+01 -4.967700e-04 9.999995e-01 -8.247884e-04 -3.124158e+00 -3.855588e-02 8.050234e-04 9.992562e-01 5.757271e+01
9.996038e-01 -2.484942e-04 -2.814331e-02 4.412019e+01 2.644404e-04 9.999998e-01 5.628420e-04 -3.154107e+00 2.814326e-02 -5.700628e-04 9.996037e-01 5.827775e+01
9.993473e-01 5.015196e-04 3.612225e-02 4.439624e+01 -4.750305e-04 9.999996e-01 -7.419283e-04 -3.183943e+00 -3.612270e-02 7.242863e-04 9.993472e-01 5.903519e+01
9.996476e-01 -2.628162e-04 -2.654266e-02 4.461905e+01 2.756178e-04 9.999998e-01 4.785951e-04 -3.209765e+00 2.654263e-02 -4.857436e-04 9.996475e-01 5.969648e+01
9.993084e-01 5.200476e-04 3.718328e-02 4.486669e+01 -4.916349e-04 9.999996e-01 -7.732956e-04 -3.236029e+00 -3.718376e-02 7.544817e-04 9.993082e-01 6.034489e+01
9.994324e-01 -3.660461e-04 -3.368461e-02 4.515514e+01 3.885579e-04 9.999997e-01 6.617291e-04 -3.260679e+00 3.368445e-02 -6.744435e-04 9.994322e-01 6.086394e+01
9.994507e-01 4.656475e-04 3.313714e-02 4.540732e+01 -4.444481e-04 9.999997e-01 -6.471455e-04 -3.284432e+00 -3.313753e-02 6.320638e-04 9.994507e-01 6.138818e+01
9.994004e-01 -3.881577e-04 -3.462133e-02 4.576581e+01 4.105948e-04 9.999997e-01 6.409270e-04 -3.306924e+00 3.462117e-02 -6.547596e-04 9.994002e-01 6.170687e+01
9.992891e-01 5.289638e-04 3.769774e-02 4.603581e+01 -5.010055e-04 9.999996e-01 -7.511178e-04 -3.329657e+00 -3.769822e-02 7.316985e-04 9.992890e-01 6.217007e+01
9.995560e-01 -3.611515e-04 -2.979186e-02 4.647014e+01 3.752796e-04 9.999998e-01 4.685943e-04 -3.353816e+00 2.979178e-02 -4.795681e-04 9.995560e-01 6.246793e+01
9.994422e-01 4.824006e-04 3.339388e-02 4.701230e+01 -4.623200e-04 9.999997e-01 -6.090806e-04 -3.380836e+00 -3.339426e-02 5.933037e-04 9.994421e-01 6.272926e+01
9.993739e-01 -4.240919e-04 -3.537581e-02 4.757406e+01 4.468965e-04 9.999997e-01 6.366957e-04 -3.408697e+00 3.537563e-02 -6.521080e-04 9.993738e-01 6.299514e+01
9.994200e-01 4.674878e-04 3.405140e-02 4.816183e+01 -4.479345e-04 9.999997e-01 -5.818879e-04 -3.439646e+00 -3.405176e-02 5.662992e-04 9.994200e-01 6.335929e+01
9.993736e-01 -4.421691e-04 -3.538584e-02 4.890790e+01 4.657094e-04 9.999997e-01 6.569713e-04 -3.475102e+00 3.538564e-02 -6.730408e-04 9.993734e-01 6.369742e+01
9.993082e-01 5.109641e-04 3.718903e-02 4.984673e+01 -4.877616e-04 9.999997e-01 -6.330094e-04 -3.518232e+00 -3.718944e-02 6.144336e-04 9.993081e-01 6.409945e+01
9.992997e-01 -4.857311e-04 -3.741411e-02 5.077127e+01 5.114387e-04 9.999996e-01 6.775077e-04 -3.557891e+00 3.741387e-02 -6.961698e-04 9.992996e-01 6.436239e+01
9.991641e-01 5.947677e-04 4.087583e-02 5.165455e+01 -5.656713e-04 9.999996e-01 -7.234158e-04 -3.598942e+00 -4.087634e-02 6.996903e-04 9.991640e-01 6.475217e+01
9.993564e-01 -4.435905e-04 -3.586874e-02 5.263613e+01 4.658267e-04 9.999997e-01 6.115420e-04 -3.641123e+00 3.586856e-02 -6.278585e-04 9.993563e-01 6.505291e+01
9.993294e-01 4.736354e-04 3.661446e-02 5.365939e+01 -4.511559e-04 9.999997e-01 -6.222433e-04 -3.680046e+00 -3.661484e-02 6.053087e-04 9.993293e-01 6.515463e+01
9.993489e-01 -4.283854e-04 -3.607569e-02 5.452325e+01 4.500472e-04 9.999997e-01 5.923004e-04 -3.714390e+00 3.607553e-02 -6.081520e-04 9.993488e-01 6.528078e+01
9.992460e-01 5.273028e-04 3.882391e-02 5.533532e+01 -5.008011e-04 9.999996e-01 -6.923660e-04 -3.748061e+00 -3.882436e-02 6.724024e-04 9.992459e-01 6.545144e+01
9.993043e-01 -4.519287e-04 -3.729190e-02 5.622557e+01 4.759933e-04 9.999997e-01 6.363942e-04 -3.783591e+00 3.729170e-02 -6.537036e-04 9.993041e-01 6.558952e+01
9.992840e-01 5.149709e-04 3.783155e-02 5.698918e+01 -4.894012e-04 9.999996e-01 -6.851715e-04 -3.814720e+00 -3.783199e-02 6.661676e-04 9.992840e-01 6.571546e+01
9.994151e-01 -4.061380e-04 -3.419352e-02 5.755677e+01 4.245521e-04 9.999998e-01 5.312292e-04 -3.841266e+00 3.419340e-02 -5.454369e-04 9.994150e-01 6.592735e+01
9.991577e-01 5.608245e-04 4.103168e-02 5.812923e+01 -5.292711e-04 9.999996e-01 -7.798903e-04 -3.867827e+00 -4.103219e-02 7.575180e-04 9.991576e-01 6.613731e+01
9.993393e-01 -4.237449e-04 -3.634079e-02 5.882748e+01 4.464378e-04 9.999997e-01 6.162989e-04 -3.899535e+00 3.634062e-02 -6.321171e-04 9.993392e-01 6.638594e+01
9.990410e-01 6.114005e-04 4.378215e-02 5.945236e+01 -5.749531e-04 9.999995e-01 -8.450863e-04 -3.931117e+00 -4.378274e-02 8.191046e-04 9.990408e-01 6.673205e+01
9.992469e-01 -4.513303e-04 -3.879928e-02 6.050199e+01 4.852278e-04 9.999995e-01 8.642165e-04 -3.981976e+00 3.879896e-02 -8.823937e-04 9.992466e-01 6.731121e+01
9.992972e-01 4.188293e-04 3.748244e-02 6.133422e+01 -3.935603e-04 9.999997e-01 -6.815622e-04 -4.026467e+00 -3.748281e-02 6.663331e-04 9.992971e-01 6.793152e+01
9.992919e-01 -3.255015e-04 -3.762371e-02 6.164769e+01 3.557767e-04 9.999996e-01 7.979568e-04 -4.060566e+00 3.762353e-02 -8.107789e-04 9.992916e-01 6.881438e+01
9.986648e-01 6.844278e-04 5.165548e-02 6.217785e+01 -6.286966e-04 9.999992e-01 -1.095167e-03 -4.099898e+00 -5.165628e-02 1.061231e-03 9.986644e-01 6.960606e+01
9.994573e-01 -2.984127e-04 -3.293820e-02 6.289175e+01 3.194339e-04 9.999997e-01 6.328992e-04 -4.140585e+00 3.293810e-02 -6.430788e-04 9.994571e-01 7.020665e+01
9.990879e-01 6.084782e-04 4.269732e-02 6.329820e+01 -5.755461e-04 9.999995e-01 -7.836073e-04 -4.178594e+00 -4.269787e-02 7.583197e-04 9.990878e-01 7.111548e+01
9.991475e-01 -4.553525e-04 -4.127907e-02 6.362588e+01 4.898545e-04 9.999995e-01 8.256797e-04 -4.210865e+00 4.127878e-02 -8.451980e-04 9.991473e-01 7.189334e+01
9.985720e-01 7.312090e-04 5.341872e-02 6.426403e+01 -6.702929e-04 9.999991e-01 -1.158281e-03 -4.245656e+00 -5.341962e-02 1.120822e-03 9.985716e-01 7.235670e+01
9.993345e-01 -3.685950e-04 -3.647293e-02 6.480132e+01 3.950003e-04 9.999997e-01 7.167299e-04 -4.281062e+00 3.647275e-02 -7.306612e-04 9.993343e-01 7.297046e+01
9.989387e-01 6.984622e-04 4.605587e-02 6.513582e+01 -6.599602e-04 9.999994e-01 -8.512121e-04 -4.319479e+00 -4.605654e-02 8.199150e-04 9.989386e-01 7.399533e+01
9.994816e-01 -3.334415e-04 -3.219121e-02 6.564449e+01 3.512790e-04 9.999998e-01 5.484120e-04 -4.359657e+00 3.219112e-02 -5.594373e-04 9.994815e-01 7.486359e+01
9.986674e-01 7.684999e-04 5.160391e-02 6.632554e+01 -7.171053e-04 9.999992e-01 -1.014475e-03 -4.401474e+00 -5.160475e-02 9.761195e-04 9.986672e-01 7.556521e+01
9.991228e-01 -4.573560e-04 -4.187369e-02 6.691013e+01 4.917615e-04 9.999995e-01 8.113200e-04 -4.440435e+00 4.187340e-02 -8.312015e-04 9.991225e-01 7.628476e+01
9.987172e-01 7.350058e-04 5.063053e-02 6.749345e+01 -6.883971e-04 9.999993e-01 -9.380219e-04 -4.482270e+00 -5.063128e-02 9.019660e-04 9.987171e-01 7.712046e+01
9.992902e-01 -3.694810e-04 -3.766718e-02 6.816197e+01 3.967236e-04 9.999997e-01 7.157372e-04 -4.528706e+00 3.766700e-02 -7.301740e-04 9.992900e-01 7.803051e+01
9.990579e-01 5.557055e-04 4.339490e-02 6.906984e+01 -5.225016e-04 9.999996e-01 -7.765245e-04 -4.573143e+00 -4.339541e-02 7.531203e-04 9.990577e-01 7.853205e+01
9.992860e-01 -3.824201e-04 -3.777776e-02 6.990821e+01 4.100406e-04 9.999997e-01 7.233495e-04 -4.617234e+00 3.777757e-02 -7.383248e-04 9.992859e-01 7.911665e+01
9.987707e-01 7.317851e-04 4.956459e-02 7.039977e+01 -6.855379e-04 9.999993e-01 -9.500881e-04 -4.656816e+00 -4.956535e-02 9.149430e-04 9.987705e-01 7.999027e+01
9.988297e-01 -5.895646e-04 -4.836032e-02 7.084185e+01 6.360380e-04 9.999994e-01 9.455714e-04 -4.688579e+00 4.835983e-02 -9.752252e-04 9.988295e-01 8.059229e+01
9.985568e-01 7.961387e-04 5.370112e-02 7.132882e+01 -7.395644e-04 9.999992e-01 -1.073389e-03 -4.721539e+00 -5.370203e-02 1.032126e-03 9.985565e-01 8.118383e+01
9.990057e-01 -4.819219e-04 -4.457976e-02 7.170774e+01 5.227858e-04 9.999995e-01 9.049613e-04 -4.758869e+00 4.457940e-02 -9.273684e-04 9.990054e-01 8.210975e+01
9.986493e-01 7.728641e-04 5.195331e-02 7.202068e+01 -7.195044e-04 9.999992e-01 -1.045790e-03 -4.792494e+00 -5.195418e-02 1.006998e-03 9.986490e-01 8.296882e+01
9.988305e-01 -5.807257e-04 -4.834524e-02 7.243206e+01 6.278294e-04 9.999993e-01 9.591101e-04 -4.823817e+00 4.834475e-02 -9.883423e-04 9.988302e-01 8.359308e+01
9.988051e-01 6.432249e-04 4.886683e-02 7.329622e+01 -5.967029e-04 9.999994e-01 -9.666227e-04 -4.861100e+00 -4.886752e-02 9.363100e-04 9.988049e-01 8.384145e+01
9.989001e-01 -5.580744e-04 -4.688516e-02 7.428354e+01 6.013536e-04 9.999994e-01 9.089599e-04 -4.900837e+00 4.688472e-02 -9.361560e-04 9.988998e-01 8.402527e+01
9.987518e-01 6.940256e-04 4.994492e-02 7.513786e+01 -6.475305e-04 9.999993e-01 -9.471273e-04 -4.941228e+00 -4.994564e-02 9.136054e-04 9.987516e-01 8.442966e+01
9.988371e-01 -5.678512e-04 -4.820811e-02 7.581215e+01 6.141112e-04 9.999994e-01 9.447532e-04 -4.978608e+00 4.820765e-02 -9.732610e-04 9.988368e-01 8.495148e+01
9.986785e-01 7.236645e-04 5.138913e-02 7.652606e+01 -6.727247e-04 9.999993e-01 -1.008570e-03 -5.015100e+00 -5.138992e-02 9.726673e-04 9.986782e-01 8.538188e+01
9.988168e-01 -5.805871e-04 -4.862705e-02 7.726779e+01 6.282087e-04 9.999993e-01 9.640180e-04 -5.052720e+00 4.862656e-02 -9.934266e-04 9.988165e-01 8.582290e+01
9.987839e-01 7.031041e-04 4.929879e-02 7.777927e+01 -6.587019e-04 9.999994e-01 -9.169405e-04 -5.087879e+00 -4.929951e-02 8.833534e-04 9.987837e-01 8.647634e+01
9.988072e-01 -6.007826e-04 -4.882299e-02 7.838858e+01 6.473736e-04 9.999994e-01 9.384482e-04 -5.122486e+00 4.882249e-02 -9.689369e-04 9.988070e-01 8.696850e+01
9.988064e-01 6.998164e-04 4.883945e-02 7.886639e+01 -6.565167e-04 9.999994e-01 -9.026328e-04 -5.154545e+00 -4.884015e-02 8.694928e-04 9.988063e-01 8.753385e+01
9.987680e-01 -5.920513e-04 -4.961891e-02 7.929364e+01 6.430022e-04 9.999993e-01 1.010860e-03 -5.190054e+00 4.961837e-02 -1.041521e-03 9.987677e-01 8.831940e+01
9.987717e-01 6.918008e-04 4.954517e-02 7.987376e+01 -6.473691e-04 9.999994e-01 -9.128578e-04 -5.228805e+00 -4.954587e-02 8.796637e-04 9.987715e-01 8.903039e+01
9.990328e-01 -4.895499e-04 -4.396676e-02 8.036096e+01 5.235512e-04 9.999996e-01 7.617982e-04 -5.260489e+00 4.396647e-02 -7.840815e-04 9.990327e-01 8.957136e+01
9.994663e-01 5.569790e-04 3.266386e-02 8.061858e+01 -5.427267e-04 9.999998e-01 -4.452331e-04 -5.287185e+00 -3.266420e-02 4.272691e-04 9.994663e-01 9.021752e+01
9.992825e-01 -5.185066e-04 -3.786889e-02 8.085091e+01 5.414509e-04 9.999997e-01 5.956001e-04 -5.313109e+00 3.786867e-02 -6.156781e-04 9.992825e-01 9.086197e+01
9.990930e-01 6.988589e-04 4.257712e-02 8.111958e+01 -6.682537e-04 9.999995e-01 -7.330732e-04 -5.338972e+00 -4.257771e-02 7.039572e-04 9.990930e-01 9.146028e+01
9.993147e-01 -4.794815e-04 -3.701142e-02 8.131939e+01 5.022331e-04 9.999997e-01 6.053878e-04 -5.366232e+00 3.701122e-02 -6.235625e-04 9.993146e-01 9.221338e+01
9.989762e-01 7.248424e-04 4.523351e-02 8.151638e+01 -6.882770e-04 9.999994e-01 -8.239655e-04 -5.392768e+00 -4.523419e-02 7.919899e-04 9.989761e-01 9.293916e+01
9.993181e-01 -4.738393e-04 -3.691975e-02 8.165468e+01 4.960317e-04 9.999997e-01 5.919039e-04 -5.417658e+00 3.691956e-02 -6.098148e-04 9.993180e-01 9.367032e+01
9.993299e-01 5.862871e-04 3.660022e-02 8.173541e+01 -5.665372e-04 9.999997e-01 -5.500124e-04 -5.441331e+00 -3.660063e-02 5.289095e-04 9.993299e-01 9.441832e+01
9.992967e-01 -4.835565e-04 -3.749404e-02 8.179615e+01 5.063688e-04 9.999997e-01 5.988984e-04 -5.464688e+00 3.749383e-02 -6.174642e-04 9.992966e-01 9.517786e+01
9.991889e-01 6.809740e-04 4.026424e-02 8.180886e+01 -6.575224e-04 9.999996e-01 -5.957116e-04 -5.490821e+00 -4.026473e-02 5.687549e-04 9.991889e-01 9.612414e+01
9.991950e-01 -5.111373e-04 -4.011105e-02 8.178193e+01 5.382035e-04 9.999996e-01 6.639542e-04 -5.515744e+00 4.011079e-02 -6.850088e-04 9.991950e-01 9.707329e+01
9.992788e-01 6.708650e-04 3.796773e-02 8.173941e+01 -6.503201e-04 9.999996e-01 -5.534920e-04 -5.538995e+00 -3.796819e-02 5.284028e-04 9.992789e-01 9.797229e+01
9.990725e-01 -5.208259e-04 -4.305496e-02 8.170921e+01 5.507183e-04 9.999996e-01 6.823978e-04 -5.559152e+00 4.305469e-02 -7.054772e-04 9.990724e-01 9.871305e+01
9.993930e-01 6.639899e-04 3.483303e-02 8.172297e+01 -6.474744e-04 9.999997e-01 -4.854433e-04 -5.579069e+00 -3.483344e-02 4.625962e-04 9.993931e-01 9.939053e+01
9.991256e-01 -5.454200e-04 -4.180481e-02 8.175569e+01 5.738051e-04 9.999996e-01 6.669664e-04 -5.601546e+00 4.180453e-02 -6.903721e-04 9.991255e-01 1.001394e+02
9.993810e-01 6.339462e-04 3.517421e-02 8.181920e+01 -6.161543e-04 9.999997e-01 -5.166905e-04 -5.621885e+00 -3.517463e-02 4.946990e-04 9.993811e-01 1.007616e+02
9.991366e-01 -5.578968e-04 -4.154070e-02 8.182771e+01 5.841118e-04 9.999996e-01 6.189057e-04 -5.638549e+00 4.154044e-02 -6.426369e-04 9.991366e-01 1.012931e+02
9.993776e-01 6.370168e-04 3.527089e-02 8.173159e+01 -6.193620e-04 9.999997e-01 -5.115011e-04 -5.652669e+00 -3.527131e-02 4.893383e-04 9.993777e-01 1.018372e+02
9.990234e-01 -5.416258e-04 -4.418047e-02 8.185972e+01 5.737343e-04 9.999996e-01 7.140532e-04 -5.674009e+00 4.418017e-02 -7.387048e-04 9.990233e-01 1.024200e+02
9.995123e-01 6.095281e-04 3.122394e-02 8.216162e+01 -5.977825e-04 9.999997e-01 -3.855398e-04 -5.697667e+00 -3.122427e-02 3.666877e-04 9.995124e-01 1.028800e+02
9.990036e-01 -5.008584e-04 -4.462514e-02 8.239729e+01 5.330421e-04 9.999996e-01 7.092822e-04 -5.720574e+00 4.462487e-02 -7.323637e-04 9.990035e-01 1.034070e+02
9.992862e-01 5.492816e-04 3.777276e-02 8.268456e+01 -5.290434e-04 9.999997e-01 -5.458069e-04 -5.744409e+00 -3.777315e-02 5.254349e-04 9.992863e-01 1.038842e+02
9.990090e-01 -5.224020e-04 -4.450414e-02 8.306323e+01 5.528728e-04 9.999996e-01 6.723445e-04 -5.767310e+00 4.450387e-02 -6.962844e-04 9.990089e-01 1.041918e+02
9.991929e-01 5.623215e-04 4.016733e-02 8.341936e+01 -5.388166e-04 9.999997e-01 -5.960199e-04 -5.790705e+00 -4.016775e-02 5.738970e-04 9.991928e-01 1.045535e+02
9.990949e-01 -5.052714e-04 -4.253238e-02 8.385396e+01 5.339168e-04 9.999996e-01 6.621138e-04 -5.818718e+00 4.253212e-02 -6.842244e-04 9.990948e-01 1.050038e+02
9.992635e-01 5.342230e-04 3.836923e-02 8.429414e+01 -5.145197e-04 9.999997e-01 -5.234148e-04 -5.848243e+00 -3.836960e-02 5.032886e-04 9.992635e-01 1.055134e+02
9.991251e-01 -5.479588e-04 -4.181563e-02 8.491118e+01 5.753135e-04 9.999996e-01 6.421171e-04 -5.879818e+00 4.181536e-02 -6.656135e-04 9.991251e-01 1.058664e+02
9.992380e-01 5.419200e-04 3.902812e-02 8.553235e+01 -5.204408e-04 9.999997e-01 -5.605350e-04 -5.910078e+00 -3.902851e-02 5.397970e-04 9.992380e-01 1.061567e+02
9.991633e-01 -5.519754e-04 -4.089262e-02 8.640874e+01 5.785027e-04 9.999996e-01 6.368527e-04 -5.947104e+00 4.089236e-02 -6.599774e-04 9.991633e-01 1.063837e+02
9.991887e-01 5.266128e-04 4.027037e-02 8.764465e+01 -5.053832e-04 9.999997e-01 -5.373776e-04 -5.995461e+00 -4.027074e-02 5.165906e-04 9.991887e-01 1.066026e+02
9.992718e-01 -5.029463e-04 -3.815143e-02 8.933981e+01 5.280314e-04 9.999997e-01 6.474153e-04 -6.058060e+00 3.815119e-02 -6.670900e-04 9.992717e-01 1.068021e+02
9.990359e-01 6.160820e-04 4.389759e-02 9.119933e+01 -5.891476e-04 9.999996e-01 -6.265270e-04 -6.124845e+00 -4.389806e-02 6.000618e-04 9.990359e-01 1.069615e+02
9.990656e-01 -6.470664e-04 -4.321416e-02 9.313695e+01 6.834622e-04 9.999994e-01 8.274264e-04 -6.195443e+00 4.321370e-02 -8.561895e-04 9.990654e-01 1.071668e+02
9.990818e-01 5.800379e-04 4.284127e-02 9.472211e+01 -5.517544e-04 9.999996e-01 -6.720342e-04 -6.253689e+00 -4.284175e-02 6.477802e-04 9.990817e-01 1.073336e+02
9.988901e-01 -6.867733e-04 -4.709555e-02 9.570812e+01 7.263425e-04 9.999994e-01 8.230600e-04 -6.292949e+00 4.709506e-02 -8.563550e-04 9.988900e-01 1.075067e+02
9.990644e-01 4.911389e-04 4.324548e-02 9.709319e+01 -4.646080e-04 9.999997e-01 -6.235649e-04 -6.344570e+00 -4.324587e-02 6.028903e-04 9.990643e-01 1.076793e+02
9.990553e-01 -5.903714e-04 -4.345223e-02 9.879082e+01 6.262318e-04 9.999995e-01 8.116540e-04 -6.404726e+00 4.345182e-02 -8.380994e-04 9.990551e-01 1.078040e+02
9.990762e-01 5.247985e-04 4.297234e-02 9.975645e+01 -4.924464e-04 9.999996e-01 -7.634608e-04 -6.442325e+00 -4.297282e-02 7.415948e-04 9.990760e-01 1.079766e+02
9.990451e-01 -5.864413e-04 -4.368592e-02 1.005001e+02 6.202333e-04 9.999995e-01 7.599500e-04 -6.472903e+00 4.368556e-02 -7.863208e-04 9.990450e-01 1.081581e+02
9.990490e-01 4.982545e-04 4.359924e-02 1.019007e+02 -4.711170e-04 9.999997e-01 -6.327237e-04 -6.524431e+00 -4.359964e-02 6.115825e-04 9.990490e-01 1.083342e+02
9.989845e-01 -6.513198e-04 -4.504930e-02 1.035776e+02 6.909472e-04 9.999994e-01 8.640585e-04 -6.584954e+00 4.504881e-02 -8.943088e-04 9.989843e-01 1.085179e+02
9.990669e-01 4.463274e-04 4.318860e-02 1.056570e+02 -4.233182e-04 9.999998e-01 -5.419252e-04 -6.659033e+00 -4.318894e-02 5.231379e-04 9.990668e-01 1.087230e+02
9.989177e-01 -7.061576e-04 -4.650619e-02 1.079628e+02 7.515254e-04 9.999993e-01 9.580232e-04 -6.741124e+00 4.650558e-02 -9.919380e-04 9.989175e-01 1.089567e+02
9.991558e-01 3.149388e-04 4.108161e-02 1.104797e+02 -2.948311e-04 9.999998e-01 -4.955351e-04 -6.827714e+00 -4.108186e-02 4.830055e-04 9.991557e-01 1.090870e+02
9.989229e-01 -6.297031e-04 -4.639527e-02 1.125479e+02 6.714332e-04 9.999994e-01 8.838495e-04 -6.902136e+00 4.639478e-02 -9.140499e-04 9.989227e-01 1.093066e+02
9.990718e-01 3.420322e-04 4.307609e-02 1.149982e+02 -3.237714e-04 9.999999e-01 -4.309158e-04 -6.991112e+00 -4.307633e-02 4.165699e-04 9.990718e-01 1.096372e+02
9.989279e-01 -6.288241e-04 -4.628881e-02 1.178122e+02 6.750076e-04 9.999993e-01 9.820798e-04 -7.092080e+00 4.628826e-02 -1.012273e-03 9.989276e-01 1.099802e+02
9.991315e-01 3.463075e-04 4.166833e-02 1.199783e+02 -3.255242e-04 9.999998e-01 -5.055828e-04 -7.176055e+00 -4.166860e-02 4.915805e-04 9.991314e-01 1.104803e+02
9.989041e-01 -6.181349e-04 -4.679918e-02 1.219496e+02 6.610804e-04 9.999994e-01 9.021629e-04 -7.250009e+00 4.679869e-02 -9.321131e-04 9.989039e-01 1.108162e+02
9.990103e-01 3.843468e-04 4.447922e-02 1.243762e+02 -3.631824e-04 9.999998e-01 -4.839242e-04 -7.337439e+00 -4.447950e-02 4.672920e-04 9.990102e-01 1.111044e+02
9.988658e-01 -6.189274e-04 -4.760897e-02 1.269547e+02 6.680365e-04 9.999993e-01 1.015586e-03 -7.433561e+00 4.760841e-02 -1.046240e-03 9.988655e-01 1.115537e+02
9.990437e-01 2.899524e-04 4.372206e-02 1.298191e+02 -2.699518e-04 9.999999e-01 -4.633697e-04 -7.535116e+00 -4.372229e-02 4.511246e-04 9.990437e-01 1.118421e+02
9.989362e-01 -5.298071e-04 -4.610948e-02 1.324917e+02 5.742132e-04 9.999994e-01 9.497983e-04 -7.629886e+00 4.610905e-02 -9.752655e-04 9.989359e-01 1.121065e+02
9.990975e-01 2.428998e-04 4.247621e-02 1.349289e+02 -2.219241e-04 9.999999e-01 -4.985543e-04 -7.716660e+00 -4.247642e-02 4.886786e-04 9.990974e-01 1.123508e+02
9.989063e-01 -5.170911e-04 -4.675325e-02 1.372088e+02 5.618460e-04 9.999994e-01 9.441035e-04 -7.799819e+00 4.675283e-02 -9.693400e-04 9.989060e-01 1.126540e+02
9.990971e-01 2.104134e-04 4.248631e-02 1.395914e+02 -1.897967e-04 9.999999e-01 -4.893062e-04 -7.886193e+00 -4.248651e-02 4.808015e-04 9.990970e-01 1.129596e+02
9.990093e-01 -4.246759e-04 -4.449823e-02 1.420087e+02 4.655773e-04 9.999995e-01 9.087910e-04 -7.972080e+00 4.449792e-02 -9.286089e-04 9.990090e-01 1.132006e+02
9.991932e-01 1.310373e-04 4.016248e-02 1.442208e+02 -1.118234e-04 9.999999e-01 -4.806666e-04 -8.053345e+00 -4.016263e-02 4.757885e-04 9.991931e-01 1.135215e+02
9.989555e-01 -4.801622e-04 -4.568987e-02 1.467578e+02 5.267310e-04 9.999994e-01 1.007187e-03 -8.145025e+00 4.568946e-02 -1.030202e-03 9.989551e-01 1.138427e+02
9.990939e-01 1.985792e-04 4.256162e-02 1.494143e+02 -1.778960e-04 9.999999e-01 -4.897606e-04 -8.241958e+00 -4.256181e-02 4.817460e-04 9.990938e-01 1.142284e+02
9.989439e-01 -4.754532e-04 -4.594290e-02 1.522678e+02 5.252302e-04 9.999993e-01 1.071373e-03 -8.345400e+00 4.594245e-02 -1.094373e-03 9.989434e-01 1.146185e+02
9.991350e-01 1.181263e-04 4.158568e-02 1.552413e+02 -9.852224e-05 9.999999e-01 -4.734776e-04 -8.451849e+00 -4.158583e-02 4.689717e-04 9.991349e-01 1.149693e+02
9.989127e-01 -4.361809e-04 -4.661751e-02 1.581586e+02 4.910598e-04 9.999992e-01 1.165755e-03 -8.562113e+00 4.661706e-02 -1.187380e-03 9.989121e-01 1.155613e+02
9.991175e-01 1.150611e-04 4.200360e-02 1.610351e+02 -9.434416e-05 9.999999e-01 -4.952133e-04 -8.671482e+00 -4.200375e-02 4.908142e-04 9.991174e-01 1.161708e+02
9.989143e-01 -4.391525e-04 -4.658181e-02 1.641080e+02 4.948820e-04 9.999992e-01 1.184839e-03 -8.784657e+00 4.658135e-02 -1.206606e-03 9.989137e-01 1.166734e+02
9.991240e-01 1.721074e-04 4.184763e-02 1.664718e+02 -1.469760e-04 9.999998e-01 -6.036353e-04 -8.878743e+00 -4.184783e-02 5.969566e-04 9.991239e-01 1.173306e+02
9.987615e-01 -4.741014e-04 -4.975020e-02 1.687147e+02 5.347017e-04 9.999991e-01 1.204777e-03 -8.966501e+00 4.974968e-02 -1.229887e-03 9.987609e-01 1.178686e+02
9.990488e-01 1.630096e-04 4.360578e-02 1.710751e+02 -1.348298e-04 9.999998e-01 -6.491904e-04 -9.056850e+00 -4.360597e-02 6.426942e-04 9.990487e-01 1.183632e+02
9.988490e-01 -4.132777e-04 -4.796256e-02 1.733801e+02 4.691785e-04 9.999992e-01 1.154245e-03 -9.144212e+00 4.796215e-02 -1.175420e-03 9.988484e-01 1.188157e+02
9.990507e-01 1.616544e-04 4.356333e-02 1.752592e+02 -1.266478e-04 9.999997e-01 -8.063508e-04 -9.214211e+00 -4.356354e-02 8.000687e-04 9.990504e-01 1.191102e+02
9.988354e-01 -4.127895e-04 -4.824588e-02 1.769018e+02 4.656400e-04 9.999993e-01 1.084195e-03 -9.272902e+00 4.824549e-02 -1.105398e-03 9.988348e-01 1.192438e+02
9.990144e-01 1.735247e-04 4.438780e-02 1.784757e+02 -1.355721e-04 9.999996e-01 -8.580420e-04 -9.328446e+00 -4.438803e-02 8.511791e-04 9.990141e-01 1.193466e+02
9.988064e-01 -4.402827e-04 -4.884103e-02 1.802222e+02 4.965981e-04 9.999992e-01 1.140895e-03 -9.388992e+00 4.884059e-02 -1.163788e-03 9.988059e-01 1.194248e+02
9.990226e-01 1.400709e-04 4.420298e-02 1.821314e+02 -1.033504e-04 9.999996e-01 -8.330191e-04 -9.454785e+00 -4.420318e-02 8.276370e-04 9.990223e-01 1.195051e+02
9.987945e-01 -4.270351e-04 -4.908401e-02 1.840326e+02 4.846800e-04 9.999992e-01 1.162506e-03 -9.520842e+00 4.908357e-02 -1.184895e-03 9.987939e-01 1.196000e+02
9.990042e-01 1.552526e-04 4.461783e-02 1.858424e+02 -1.167716e-04 9.999996e-01 -8.650732e-04 -9.585152e+00 -4.461805e-02 8.590022e-04 9.990038e-01 1.197480e+02
9.988960e-01 -3.282956e-04 -4.697331e-02 1.874735e+02 3.810447e-04 9.999993e-01 1.113998e-03 -9.644254e+00 4.697301e-02 -1.130668e-03 9.988955e-01 1.199324e+02
