9.999998e-01 5.769449e-06 -6.577430e-04 6.686739e-01 -5.668744e-06 1.000000e+00 1.531357e-04 -3.981470e-02 6.577439e-04 -1.531324e-04 9.999999e-01 6.337679e-01
9.999997e-01 -2.465139e-05 -7.120495e-04 1.551152e+00 2.477496e-05 1.000000e+00 1.735082e-04 -9.547104e-02 7.120451e-04 -1.735253e-04 9.999996e-01 1.651527e+00
1.000000e+00 5.259483e-05 -2.688454e-04 2.295685e+00 -5.255033e-05 1.000000e+00 1.655834e-04 -1.505080e-01 2.688544e-04 -1.655698e-04 1.000000e+00 2.831523e+00
1.000000e+00 -2.569470e-05 -2.146725e-04 3.121597e+00 2.572618e-05 1.000000e+00 1.465516e-04 -2.049487e-01 2.146685e-04 -1.465566e-04 9.999999e-01 3.872807e+00
9.999982e-01 1.852204e-05 -1.908801e-03 3.681250e+00 -1.839872e-05 1.000000e+00 6.463674e-05 -2.448882e-01 1.908803e-03 -6.460211e-05 9.999983e-01 4.645891e+00
9.999976e-01 -8.511909e-05 -2.180212e-03 4.552943e+00 8.548998e-05 1.000000e+00 1.700145e-04 -2.870025e-01 2.180196e-03 -1.701999e-04 9.999975e-01 5.090051e+00
9.999988e-01 -4.203001e-05 -1.534918e-03 5.514348e+00 4.210709e-05 1.000000e+00 5.019816e-05 -3.309465e-01 1.534917e-03 -5.026339e-05 9.999989e-01 5.491968e+00
9.999312e-01 1.013164e-04 -1.172777e-02 5.806861e+00 -9.751227e-05 9.999999e-01 3.249391e-04 -3.582256e-01 1.172780e-02 -3.237725e-04 9.999311e-01 6.120540e+00
9.999937e-01 -7.038220e-05 3.553139e-03 6.066097e+00 7.059988e-05 1.000000e+00 -6.114624e-05 -3.862056e-01 -3.553132e-03 6.139598e-05 9.999938e-01 6.809759e+00
9.999643e-01 9.115660e-05 -8.451627e-03 6.373487e+00 -8.898807e-05 1.000000e+00 2.569540e-04 -4.151619e-01 8.451646e-03 -2.561920e-04 9.999642e-01 7.479869e+00
9.999570e-01 -1.091680e-05 9.276521e-03 6.833369e+00 1.290030e-05 1.000000e+00 -2.137635e-04 -4.471857e-01 -9.276515e-03 2.138732e-04 9.999570e-01 8.070545e+00
9.999893e-01 1.498289e-04 -4.613686e-03 7.431148e+00 -1.493797e-04 1.000000e+00 9.770674e-05 -4.789223e-01 4.613697e-03 -9.701577e-05 9.999893e-01 8.461569e+00
9.999976e-01 -1.584405e-04 -2.178609e-03 7.742085e+00 1.586398e-04 1.000000e+00 9.133196e-05 -5.047915e-01 2.178599e-03 -9.167811e-05 9.999977e-01 8.989302e+00
9.999888e-01 2.094454e-04 -4.723593e-03 7.922026e+00 -2.087767e-04 1.000000e+00 1.420525e-04 -5.325290e-01 4.723618e-03 -1.410640e-04 9.999887e-01 9.767829e+00
9.999956e-01 -1.424245e-04 -2.970086e-03 8.178749e+00 1.428083e-04 1.000000e+00 1.290192e-04 -5.614492e-01 2.970073e-03 -1.294436e-04 9.999957e-01 1.050890e+01
9.999664e-01 2.028888e-04 -8.192833e-03 8.513853e+00 -2.013633e-04 1.000000e+00 1.870191e-04 -5.887330e-01 8.192864e-03 -1.853622e-04 9.999663e-01 1.107907e+01
9.999331e-01 -1.127989e-04 -1.156698e-02 8.849512e+00 1.159561e-04 1.000000e+00 2.722853e-04 -6.093503e-01 1.156696e-02 -2.736092e-04 9.999332e-01 1.136305e+01
9.999968e-01 1.481042e-04 -2.510351e-03 9.124053e+00 -1.481634e-04 1.000000e+00 -2.340371e-05 -6.254482e-01 2.510337e-03 2.377648e-05 9.999967e-01 1.153413e+01
9.999641e-01 -1.191056e-04 -8.474706e-03 9.516384e+00 1.215238e-04 1.000000e+00 2.848414e-04 -6.477129e-01 8.474683e-03 -2.858619e-04 9.999641e-01 1.180218e+01
9.999953e-01 1.015141e-04 -3.055509e-03 1.014032e+01 -1.015986e-04 1.000000e+00 -2.752045e-05 -6.733455e-01 3.055494e-03 2.783171e-05 9.999952e-01 1.190620e+01
9.999961e-01 -9.953353e-05 2.808489e-03 1.075136e+01 9.944933e-05 1.000000e+00 3.009149e-05 -7.021140e-01 -2.808480e-03 -2.981303e-05 9.999962e-01 1.214184e+01
9.998288e-01 4.683962e-04 1.849928e-02 1.103000e+01 -4.556152e-04 9.999997e-01 -6.950937e-04 -7.228642e-01 -1.849961e-02 6.865470e-04 9.998285e-01 1.251772e+01
9.997072e-01 -4.249977e-04 -2.419278e-02 1.123216e+01 4.454537e-04 9.999995e-01 8.401629e-04 -7.467099e-01 2.419243e-02 -8.506946e-04 9.997071e-01 1.311011e+01
9.999537e-01 4.862997e-04 9.612831e-03 1.154352e+01 -4.817985e-04 9.999998e-01 -4.705494e-04 -7.704691e-01 -9.613070e-03 4.658971e-04 9.999536e-01 1.355334e+01
9.996473e-01 -3.602786e-04 -2.655595e-02 1.179341e+01 3.838059e-04 9.999995e-01 8.808610e-04 -7.933494e-01 2.655563e-02 -8.907436e-04 9.996470e-01 1.406152e+01
9.998470e-01 3.713782e-04 1.749064e-02 1.213173e+01 -3.603499e-04 9.999997e-01 -6.336692e-04 -8.196365e-01 -1.749088e-02 6.272705e-04 9.998467e-01 1.456617e+01
9.993638e-01 -2.804835e-04 -3.566304e-02 1.251489e+01 3.181625e-04 9.999994e-01 1.050859e-03 -8.423270e-01 3.566274e-02 -1.061538e-03 9.993634e-01 1.487472e+01
9.996777e-01 2.828247e-04 2.538559e-02 1.303828e+01 -2.632434e-04 9.999997e-01 -7.746864e-04 -8.725393e-01 -2.538582e-02 7.677552e-04 9.996773e-01 1.530845e+01
9.994258e-01 -3.360246e-04 -3.388283e-02 1.358032e+01 3.695856e-04 9.999994e-01 9.842480e-04 -9.010724e-01 3.388250e-02 -9.962065e-04 9.994254e-01 1.561629e+01
9.996253e-01 2.481918e-04 2.736968e-02 1.356921e+01 -2.200183e-04 9.999994e-01 -1.032371e-03 -9.016328e-01 -2.736994e-02 1.025963e-03 9.996247e-01 1.542114e+01
9.996018e-01 -6.155235e-04 -2.821020e-02 1.290410e+01 6.346333e-04 9.999996e-01 6.684625e-04 -8.620603e-01 2.820980e-02 -6.861006e-04 9.996019e-01 1.420586e+01
9.997190e-01 3.270728e-04 2.370135e-02 1.241359e+01 -3.051464e-04 9.999995e-01 -9.287190e-04 -8.299007e-01 -2.370166e-02 9.212267e-04 9.997186e-01 1.311572e+01
9.993141e-01 -3.545916e-04 -3.702850e-02 1.283480e+01 3.957433e-04 9.999993e-01 1.104032e-03 -8.457627e-01 3.702811e-02 -1.117930e-03 9.993137e-01 1.307105e+01
9.994392e-01 4.010901e-05 3.348646e-02 1.224268e+01 7.671197e-06 9.999990e-01 -1.426717e-03 -8.073129e-01 -3.348651e-02 1.426175e-03 9.994381e-01 1.182016e+01
9.993196e-01 -3.592969e-04 -3.687987e-02 1.164695e+01 4.012193e-04 9.999993e-01 1.129335e-03 -7.702507e-01 3.687946e-02 -1.143365e-03 9.993192e-01 1.063754e+01
9.994305e-01 5.812746e-05 3.374342e-02 1.101818e+01 -9.788053e-06 9.999990e-01 -1.432717e-03 -7.333912e-01 -3.374349e-02 1.431571e-03 9.994294e-01 9.506506e+00
9.993505e-01 -4.497331e-04 -3.603220e-02 1.025692e+01 4.891111e-04 9.999993e-01 1.084052e-03 -6.887353e-01 3.603171e-02 -1.100973e-03 9.993501e-01 8.172294e+00
9.994281e-01 1.191022e-04 3.381410e-02 9.626684e+00 -7.042829e-05 9.999990e-01 -1.440640e-03 -6.485640e-01 -3.381425e-02 1.437435e-03 9.994270e-01 6.891879e+00
9.994143e-01 -5.174008e-04 -3.421666e-02 8.977566e+00 5.519306e-04 9.999993e-01 9.997152e-04 -6.023829e-01 3.421614e-02 -1.018016e-03 9.994140e-01 5.363933e+00
9.994273e-01 3.995121e-05 3.383858e-02 8.146833e+00 1.099802e-05 9.999989e-01 -1.505463e-03 -5.450403e-01 -3.383863e-02 1.504974e-03 9.994261e-01 3.542217e+00
9.994373e-01 -5.483340e-04 -3.353907e-02 7.245745e+00 5.825085e-04 9.999993e-01 1.009186e-03 -4.852513e-01 3.353852e-02 -1.028156e-03 9.994370e-01 1.694668e+00
9.994087e-01 1.580438e-04 3.438244e-02 6.536459e+00 -1.068259e-04 9.999989e-01 -1.491480e-03 -4.357126e-01 -3.438266e-02 1.486926e-03 9.994075e-01 1.060208e-01
9.994469e-01 -4.888920e-04 -3.325269e-02 5.939487e+00 5.246648e-04 9.999993e-01 1.067070e-03 -3.941233e-01 3.325217e-02 -1.083927e-03 9.994465e-01 -1.252685e+00
9.994124e-01 1.744837e-04 3.427462e-02 5.420949e+00 -1.226425e-04 9.999988e-01 -1.514615e-03 -3.534863e-01 -3.427487e-02 1.509523e-03 9.994112e-01 -2.669065e+00
9.994475e-01 -5.011180e-04 -3.323375e-02 4.887086e+00 5.373606e-04 9.999993e-01 1.081617e-03 -3.126106e-01 3.323320e-02 -1.098879e-03 9.994471e-01 -4.076520e+00
9.994515e-01 1.967752e-04 3.311660e-02 4.389503e+00 -1.469279e-04 9.999989e-01 -1.507630e-03 -2.742800e-01 -3.311688e-02 1.501938e-03 9.994503e-01 -5.417029e+00
9.994400e-01 -6.226257e-04 -3.345516e-02 3.608346e+00 6.589190e-04 9.999992e-01 1.073823e-03 -2.252239e-01 3.345448e-02 -1.095266e-03 9.994397e-01 -6.919382e+00
9.995460e-01 2.412897e-04 3.012726e-02 2.846904e+00 -1.981636e-04 9.999990e-01 -1.434436e-03 -1.785222e-01 -3.012759e-02 1.427815e-03 9.995449e-01 -8.344568e+00
9.991069e-01 -4.481352e-04 -4.225163e-02 2.272336e+00 5.048556e-04 9.999990e-01 1.331784e-03 -1.446054e-01 4.225101e-02 -1.351926e-03 9.991062e-01 -9.380465e+00
9.998044e-01 4.422522e-04 1.977462e-02 1.977358e+00 -4.207612e-04 9.999993e-01 -1.090940e-03 -1.274758e-01 -1.977511e-02 1.082406e-03 9.998038e-01 -9.997949e+00
9.991145e-01 -4.169943e-04 -4.207180e-02 1.944214e+00 4.740237e-04 9.999990e-01 1.345560e-03 -1.202467e-01 4.207122e-02 -1.364312e-03 9.991138e-01 -1.047097e+01
9.997871e-01 5.377639e-04 2.062579e-02 2.219022e+00 -5.182186e-04 9.999994e-01 -9.529378e-04 -1.309815e-01 -2.062632e-02 9.420469e-04 9.997867e-01 -1.051790e+01
9.991166e-01 -3.885713e-04 -4.202163e-02 2.494384e+00 4.468716e-04 9.999990e-01 1.378004e-03 -1.467738e-01 4.202108e-02 -1.395565e-03 9.991158e-01 -1.034970e+01
9.998212e-01 5.600016e-04 1.889868e-02 2.711230e+00 -5.430483e-04 9.999994e-01 -9.021765e-04 -1.593895e-01 -1.889921e-02 8.917531e-04 9.998209e-01 -1.024454e+01
9.988561e-01 -3.255832e-04 -4.781670e-02 2.980527e+00 3.985222e-04 9.999988e-01 1.515865e-03 -1.729036e-01 4.781618e-02 -1.533188e-03 9.988551e-01 -1.014742e+01
9.998734e-01 5.939785e-04 1.590213e-02 3.318360e+00 -5.819167e-04 9.999995e-01 -7.631034e-04 -1.896521e-01 -1.590262e-02 7.537539e-04 9.998732e-01 -9.996717e+00
9.988137e-01 -3.328451e-04 -4.869321e-02 3.721602e+00 4.098183e-04 9.999987e-01 1.570806e-03 -2.103807e-01 4.869267e-02 -1.588899e-03 9.988126e-01 -9.767821e+00
9.998042e-01 5.554196e-04 1.977897e-02 4.136556e+00 -5.386193e-04 9.999995e-01 -8.547078e-04 -2.315659e-01 -1.977948e-02 8.438881e-04 9.998039e-01 -9.543501e+00
9.984508e-01 -2.337276e-04 -5.564201e-02 4.499125e+00 3.314623e-04 9.999984e-01 1.747273e-03 -2.512973e-01 5.564157e-02 -1.763010e-03 9.984493e-01 -9.301061e+00
9.998761e-01 6.250753e-04 1.572937e-02 4.802005e+00 -6.135767e-04 9.999995e-01 -7.358233e-04 -2.683951e-01 -1.572987e-02 7.260821e-04 9.998759e-01 -9.079763e+00
9.983827e-01 -2.281835e-04 -5.684983e-02 5.045868e+00 3.267949e-04 9.999985e-01 1.725310e-03 -2.829099e-01 5.684940e-02 -1.741099e-03 9.983813e-01 -8.885238e+00
9.999005e-01 6.210217e-04 1.409020e-02 5.389263e+00 -6.123195e-04 9.999996e-01 -6.218796e-04 -3.015465e-01 -1.409064e-02 6.131913e-04 9.999004e-01 -8.656788e+00
9.981973e-01 -1.719005e-04 -6.001705e-02 5.655300e+00 2.775150e-04 9.999984e-01 1.751418e-03 -3.170944e-01 6.001671e-02 -1.764918e-03 9.981959e-01 -8.443796e+00
9.998756e-01 6.318249e-04 1.575761e-02 5.920595e+00 -6.223047e-04 9.999996e-01 -6.090221e-04 -3.336602e-01 -1.575806e-02 5.991418e-04 9.998756e-01 -8.188363e+00
9.983531e-01 -2.134676e-04 -5.736806e-02 6.227042e+00 3.094704e-04 9.999986e-01 1.664584e-03 -3.536418e-01 5.736769e-02 -1.679598e-03 9.983518e-01 -7.845921e+00
9.998161e-01 6.040216e-04 1.916948e-02 6.494099e+00 -5.911187e-04 9.999996e-01 -6.787184e-04 -3.719646e-01 -1.916996e-02 6.672636e-04 9.998159e-01 -7.529541e+00
9.980828e-01 -1.599784e-04 -6.189352e-02 6.745406e+00 2.686067e-04 9.999984e-01 1.746778e-03 -3.880893e-01 6.189322e-02 -1.760055e-03 9.980813e-01 -7.271816e+00
9.997890e-01 6.060531e-04 2.053303e-02 6.979602e+00 -5.921470e-04 9.999996e-01 -6.832858e-04 -4.047044e-01 -2.053352e-02 6.709846e-04 9.997889e-01 -6.970126e+00
9.982317e-01 -2.006090e-04 -5.944222e-02 7.210787e+00 2.983759e-04 9.999986e-01 1.635879e-03 -4.210749e-01 5.944189e-02 -1.650725e-03 9.982305e-01 -6.678423e+00
9.997852e-01 5.814642e-04 2.071404e-02 7.456577e+00 -5.674223e-04 9.999996e-01 -6.837121e-04 -4.362864e-01 -2.071451e-02 6.718134e-04 9.997851e-01 -6.459583e+00
9.979308e-01 -1.259943e-04 -6.429686e-02 7.588532e+00 2.372459e-04 9.999985e-01 1.722662e-03 -4.482443e-01 6.429663e-02 -1.734353e-03 9.979294e-01 -6.226952e+00
9.996042e-01 5.789667e-04 2.812654e-02 7.653398e+00 -5.553821e-04 9.999995e-01 -8.462822e-04 -4.592982e-01 -2.812710e-02 8.303281e-04 9.996039e-01 -5.940102e+00
9.980694e-01 -1.581687e-04 -6.210886e-02 7.718966e+00 2.610806e-04 9.999986e-01 1.648864e-03 -4.700247e-01 6.210860e-02 -1.661898e-03 9.980681e-01 -5.673613e+00
9.997189e-01 6.461471e-04 2.369904e-02 7.752438e+00 -6.305368e-04 9.999996e-01 -6.661033e-04 -4.821174e-01 -2.369955e-02 6.509749e-04 9.997188e-01 -5.304415e+00
9.993820e-01 -4.570890e-04 -3.514959e-02 7.832112e+00 4.893285e-04 9.999995e-01 9.086449e-04 -4.991969e-01 3.514925e-02 -9.252850e-04 9.993817e-01 -4.815335e+00
9.982602e-01 9.063553e-04 5.895531e-02 8.005817e+00 -8.098127e-04 9.999983e-01 -1.661404e-03 -5.196459e-01 -5.895680e-02 1.610773e-03 9.982592e-01 -4.310252e+00
9.993449e-01 -4.734150e-04 -3.618921e-02 8.270531e+00 5.077719e-04 9.999994e-01 9.402113e-04 -5.418315e-01 3.618883e-02 -9.579730e-04 9.993446e-01 -3.852764e+00
9.978022e-01 9.940297e-04 6.625439e-02 8.519704e+00 -8.695174e-04 9.999978e-01 -1.908099e-03 -5.606411e-01 -6.625623e-02 1.846298e-03 9.978009e-01 -3.515106e+00
9.993246e-01 -4.695161e-04 -3.674454e-02 8.941510e+00 5.051338e-04 9.999994e-01 9.600793e-04 -5.827246e-01 3.674415e-02 -9.779935e-04 9.993243e-01 -3.270709e+00
9.981069e-01 9.177868e-04 6.149611e-02 9.381413e+00 -8.127605e-04 9.999982e-01 -1.732830e-03 -6.087413e-01 -6.149767e-02 1.679570e-03 9.981057e-01 -2.891392e+00
9.990327e-01 -5.456327e-04 -4.397018e-02 9.817026e+00 5.986633e-04 9.999991e-01 1.192917e-03 -6.375643e-01 4.396957e-02 -1.218088e-03 9.990322e-01 -2.402008e+00
9.984112e-01 8.511394e-04 5.634050e-02 1.027198e+01 -7.635029e-04 9.999985e-01 -1.576971e-03 -6.665746e-01 -5.634184e-02 1.531451e-03 9.984103e-01 -1.934611e+00
9.987501e-01 -5.967599e-04 -4.997999e-02 1.075235e+01 6.666184e-04 9.999988e-01 1.381085e-03 -6.974971e-01 4.997919e-02 -1.412678e-03 9.987493e-01 -1.426313e+00
9.983113e-01 8.790483e-04 5.808464e-02 1.115585e+01 -7.860421e-04 9.999984e-01 -1.624031e-03 -7.271490e-01 -5.808605e-02 1.575633e-03 9.983103e-01 -8.652643e-01
9.990009e-01 -5.353041e-04 -4.468620e-02 1.137359e+01 5.901773e-04 9.999991e-01 1.214797e-03 -7.522085e-01 4.468559e-02 -1.239958e-03 9.990004e-01 -2.345319e-01
9.984396e-01 8.440020e-04 5.583583e-02 1.162567e+01 -7.578867e-04 9.999985e-01 -1.563438e-03 -7.770067e-01 -5.583714e-02 1.518682e-03 9.984387e-01 3.396854e-01
9.980926e-01 -6.907174e-04 -6.173111e-02 1.174482e+01 7.963128e-04 9.999983e-01 1.685994e-03 -7.993381e-01 6.172992e-02 -1.731937e-03 9.980915e-01 9.715587e-01
9.991501e-01 9.775937e-04 4.120874e-02 1.183075e+01 -9.296025e-04 9.999989e-01 -1.183713e-03 -8.174261e-01 -4.120993e-02 1.144400e-03 9.991498e-01 1.487424e+00
9.973333e-01 -5.309702e-04 -7.298043e-02 1.185184e+01 6.739095e-04 9.999979e-01 1.933997e-03 -8.313032e-01 7.297933e-02 -1.978023e-03 9.973316e-01 1.927925e+00
9.994825e-01 1.077773e-03 3.214950e-02 1.190113e+01 -1.049519e-03 9.999990e-01 -8.956853e-04 -8.438473e-01 -3.215052e-02 8.614817e-04 9.994826e-01 2.304156e+00
9.974514e-01 -5.922629e-04 -7.134747e-02 1.208099e+01 7.252657e-04 9.999980e-01 1.838276e-03 -8.589745e-01 7.134633e-02 -1.885338e-03 9.974499e-01 2.615847e+00
9.992079e-01 9.883238e-04 3.978145e-02 1.234091e+01 -9.481985e-04 9.999990e-01 -1.027471e-03 -8.781047e-01 -3.978252e-02 9.889383e-04 9.992078e-01 2.979451e+00
9.974062e-01 -5.787918e-04 -7.197628e-02 1.251452e+01 7.101736e-04 9.999981e-01 1.799784e-03 -8.942737e-01 7.197520e-02 -1.846233e-03 9.974048e-01 3.322811e+00
9.991256e-01 1.011622e-03 4.179677e-02 1.257798e+01 -9.678777e-04 9.999990e-01 -1.066794e-03 -9.086199e-01 -4.179790e-02 1.025408e-03 9.991255e-01 3.745944e+00
9.976431e-01 -6.450162e-04 -6.861419e-02 1.270686e+01 7.635665e-04 9.999983e-01 1.701583e-03 -9.260315e-01 6.861307e-02 -1.749966e-03 9.976419e-01 4.200308e+00
9.989492e-01 9.670749e-04 4.582072e-02 1.284525e+01 -9.152299e-04 9.999989e-01 -1.152413e-03 -9.437312e-01 -4.582188e-02 1.109267e-03 9.989489e-01 4.651922e+00
9.984847e-01 -8.422436e-04 -5.502374e-02 1.308501e+01 9.168634e-04 9.999987e-01 1.330928e-03 -9.658126e-01 5.502264e-02 -1.379362e-03 9.984842e-01 5.127412e+00
9.987569e-01 9.240629e-04 4.983679e-02 1.354409e+01 -8.628869e-04 9.999988e-01 -1.249002e-03 -9.913957e-01 -4.983798e-02 1.204447e-03 9.987565e-01 5.437148e+00
9.985435e-01 -8.256919e-04 -5.394647e-02 1.388400e+01 8.976298e-04 9.999987e-01 1.309311e-03 -1.015871e+00 5.394541e-02 -1.355830e-03 9.985430e-01 5.867654e+00
9.985555e-01 9.617720e-04 5.372086e-02 1.421190e+01 -8.934263e-04 9.999988e-01 -1.296214e-03 -1.044356e+00 -5.372213e-02 1.246347e-03 9.985551e-01 6.486299e+00
9.985429e-01 -8.411738e-04 -5.395780e-02 1.463775e+01 9.125302e-04 9.999987e-01 1.297847e-03 -1.073932e+00 5.395674e-02 -1.345196e-03 9.985424e-01 7.015331e+00
9.986314e-01 9.484540e-04 5.229074e-02 1.493372e+01 -8.843544e-04 9.999988e-01 -1.248929e-03 -1.101533e+00 -5.229196e-02 1.200978e-03 9.986311e-01 7.642104e+00
9.986048e-01 -8.421523e-04 -5.280033e-02 1.539168e+01 9.102481e-04 9.999988e-01 1.265671e-03 -1.132051e+00 5.279930e-02 -1.311969e-03 9.986044e-01 8.169168e+00
9.986208e-01 9.520356e-04 5.249309e-02 1.584687e+01 -8.867095e-04 9.999988e-01 -1.267720e-03 -1.161241e+00 -5.249433e-02 1.219427e-03 9.986204e-01 8.639617e+00
9.985334e-01 -8.608285e-04 -5.413289e-02 1.623736e+01 9.325296e-04 9.999987e-01 1.299315e-03 -1.189325e+00 5.413179e-02 -1.347891e-03 9.985330e-01 9.153018e+00
9.985591e-01 9.400188e-04 5.365463e-02 1.681689e+01 -8.709918e-04 9.999988e-01 -1.309850e-03 -1.219668e+00 -5.365588e-02 1.261231e-03 9.985586e-01 9.501863e+00
9.985451e-01 -8.154137e-04 -5.391824e-02 1.714643e+01 8.871236e-04 9.999988e-01 1.306075e-03 -1.246862e+00 5.391721e-02 -1.352008e-03 9.985446e-01 1.006527e+01
9.985203e-01 9.791184e-04 5.437029e-02 1.734641e+01 -9.085520e-04 9.999987e-01 -1.322562e-03 -1.272202e+00 -5.437161e-02 1.271208e-03 9.985199e-01 1.072805e+01
9.985999e-01 -8.068798e-04 -5.289202e-02 1.765213e+01 8.750113e-04 9.999988e-01 1.265003e-03 -1.299063e+00 5.289103e-02 -1.309515e-03 9.985995e-01 1.131528e+01
9.984775e-01 9.901474e-04 5.515180e-02 1.810723e+01 -9.191928e-04 9.999987e-01 -1.311861e-03 -1.330990e+00 -5.515312e-02 1.259171e-03 9.984770e-01 1.190820e+01
9.985859e-01 -8.119229e-04 -5.315651e-02 1.860229e+01 8.813685e-04 9.999988e-01 1.283028e-03 -1.364173e+00 5.315550e-02 -1.328066e-03 9.985854e-01 1.250052e+01
9.986115e-01 9.034441e-04 5.267021e-02 1.910358e+01 -8.381501e-04 9.999989e-01 -1.261726e-03 -1.395416e+00 -5.267139e-02 1.215830e-03 9.986111e-01 1.299533e+01
9.986606e-01 -7.818014e-04 -5.173451e-02 1.966858e+01 8.464325e-04 9.999989e-01 1.227408e-03 -1.426709e+00 5.173359e-02 -1.269556e-03 9.986602e-01 1.340601e+01
9.982189e-01 1.066589e-03 5.964669e-02 2.003859e+01 -9.813310e-04 9.999985e-01 -1.458644e-03 -1.456735e+00 -5.964824e-02 1.397515e-03 9.982184e-01 1.404014e+01
9.984663e-01 -8.157896e-04 -5.535676e-02 2.042729e+01 8.919217e-04 9.999987e-01 1.350625e-03 -1.488401e+00 5.535568e-02 -1.397930e-03 9.984658e-01 1.471762e+01
9.984325e-01 9.719303e-04 5.596042e-02 2.080544e+01 -8.986332e-04 9.999987e-01 -1.334928e-03 -1.519758e+00 -5.596174e-02 1.282550e-03 9.984320e-01 1.539322e+01
9.985116e-01 -7.943857e-04 -5.453392e-02 2.119010e+01 8.670428e-04 9.999988e-01 1.308701e-03 -1.550472e+00 5.453291e-02 -1.354038e-03 9.985111e-01 1.603178e+01
9.982819e-01 9.946417e-04 5.858407e-02 2.179920e+01 -9.117144e-04 9.999985e-01 -1.442218e-03 -1.582844e+00 -5.858551e-02 1.386329e-03 9.982814e-01 1.643083e+01
9.984588e-01 -7.744052e-04 -5.549273e-02 2.208278e+01 8.500697e-04 9.999987e-01 1.339930e-03 -1.610145e+00 5.549172e-02 -1.385039e-03 9.984583e-01 1.706289e+01
9.982953e-01 9.887567e-04 5.835609e-02 2.232936e+01 -9.066443e-04 9.999986e-01 -1.433530e-03 -1.636649e+00 -5.835752e-02 1.378180e-03 9.982947e-01 1.771187e+01
9.986744e-01 -7.442582e-04 -5.146805e-02 2.273894e+01 8.074052e-04 9.999989e-01 1.206156e-03 -1.665312e+00 5.146719e-02 -1.246114e-03 9.986740e-01 1.823261e+01
9.980295e-01 1.071552e-03 6.273702e-02 2.311834e+01 -9.766381e-04 9.999983e-01 -1.543509e-03 -1.694376e+00 -6.273866e-02 1.479198e-03 9.980288e-01 1.880881e+01
9.980859e-01 -8.996729e-04 -6.183753e-02 2.355420e+01 9.946392e-04 9.999984e-01 1.504989e-03 -1.724285e+00 6.183617e-02 -1.563616e-03 9.980852e-01 1.933665e+01
9.980155e-01 1.064706e-03 6.295884e-02 2.407441e+01 -9.704652e-04 9.999984e-01 -1.527401e-03 -1.757473e+00 -6.296045e-02 1.463272e-03 9.980149e-01 1.989129e+01
9.984378e-01 -7.875486e-04 -5.586896e-02 2.463215e+01 8.634987e-04 9.999987e-01 1.335323e-03 -1.792749e+00 5.586793e-02 -1.381481e-03 9.984373e-01 2.048734e+01
9.977434e-01 1.146482e-03 6.713256e-02 2.516057e+01 -1.039315e-03 9.999981e-01 -1.631231e-03 -1.828723e+00 -6.713440e-02 1.557779e-03 9.977427e-01 2.115398e+01
9.981573e-01 -8.543447e-04 -6.067387e-02 2.573078e+01 9.448305e-04 9.999985e-01 1.462687e-03 -1.865176e+00 6.067262e-02 -1.517320e-03 9.981566e-01 2.178717e+01
9.978866e-01 1.113641e-03 6.496962e-02 2.610505e+01 -1.013918e-03 9.999983e-01 -1.567859e-03 -1.897034e+00 -6.497135e-02 1.498673e-03 9.978859e-01 2.249205e+01
9.982480e-01 -8.589935e-04 -5.916212e-02 2.657961e+01 9.422458e-04 9.999986e-01 1.379323e-03 -1.928519e+00 5.916095e-02 -1.432653e-03 9.982475e-01 2.304187e+01
9.980657e-01 1.039960e-03 6.215803e-02 2.729024e+01 -9.508514e-04 9.999985e-01 -1.463123e-03 -1.964708e+00 -6.215955e-02 1.401192e-03 9.980652e-01 2.346353e+01
9.981725e-01 -8.944305e-04 -6.042273e-02 2.808235e+01 9.811444e-04 9.999985e-01 1.405481e-03 -2.002078e+00 6.042148e-02 -1.462198e-03 9.981720e-01 2.381933e+01
9.977331e-01 1.135603e-03 6.728478e-02 2.903194e+01 -1.030426e-03 9.999982e-01 -1.597829e-03 -2.044603e+00 -6.728657e-02 1.524877e-03 9.977325e-01 2.418231e+01
9.986002e-01 -7.890081e-04 -5.288715e-02 2.997543e+01 8.518554e-04 9.999990e-01 1.165813e-03 -2.085146e+00 5.288626e-02 -1.209235e-03 9.985999e-01 2.447884e+01
9.977037e-01 1.144167e-03 6.771926e-02 3.086467e+01 -1.037695e-03 9.999982e-01 -1.607386e-03 -2.124692e+00 -6.772107e-02 1.533424e-03 9.977030e-01 2.480387e+01
9.981674e-01 -8.825976e-04 -6.050756e-02 3.179105e+01 9.689367e-04 9.999986e-01 1.397602e-03 -2.166195e+00 6.050633e-02 -1.453670e-03 9.981668e-01 2.515847e+01
9.977961e-01 1.123361e-03 6.634414e-02 3.249326e+01 -1.020542e-03 9.999982e-01 -1.583627e-03 -2.201536e+00 -6.634589e-02 1.512431e-03 9.977955e-01 2.555815e+01
9.980962e-01 -8.896248e-04 -6.167034e-02 3.320287e+01 9.815601e-04 9.999985e-01 1.460487e-03 -2.239466e+00 6.166904e-02 -1.518241e-03 9.980956e-01 2.606005e+01
9.975881e-01 1.173866e-03 6.940190e-02 3.402281e+01 -1.060333e-03 9.999980e-01 -1.672685e-03 -2.280301e+00 -6.940382e-02 1.595062e-03 9.975873e-01 2.653679e+01
9.979408e-01 -9.272065e-04 -6.413500e-02 3.503582e+01 1.029048e-03 9.999983e-01 1.554925e-03 -2.325824e+00 6.413354e-02 -1.617723e-03 9.979401e-01 2.694748e+01
9.978461e-01 1.077083e-03 6.558938e-02 3.589024e+01 -9.767460e-04 9.999983e-01 -1.561814e-03 -2.367071e+00 -6.559104e-02 1.494387e-03 9.978454e-01 2.739109e+01
9.980819e-01 -8.679682e-04 -6.190113e-02 3.659767e+01 9.603936e-04 9.999985e-01 1.463389e-03 -2.404208e+00 6.189985e-02 -1.520033e-03 9.980813e-01 2.786179e+01
9.979483e-01 1.033098e-03 6.401556e-02 3.739063e+01 -9.382446e-04 9.999984e-01 -1.511747e-03 -2.442578e+00 -6.401711e-02 1.448584e-03 9.979477e-01 2.826082e+01
9.982363e-01 -8.267150e-04 -5.935988e-02 3.822298e+01 9.094316e-04 9.999987e-01 1.366486e-03 -2.480406e+00 5.935876e-02 -1.418061e-03 9.982358e-01 2.858967e+01
9.975508e-01 1.163008e-03 6.993503e-02 3.887544e+01 -1.048873e-03 9.999981e-01 -1.668695e-03 -2.517546e+00 -6.993692e-02 1.591256e-03 9.975501e-01 2.914078e+01
9.980759e-01 -8.295384e-04 -6.199856e-02 3.940033e+01 9.222790e-04 9.999985e-01 1.467260e-03 -2.554116e+00 6.199734e-02 -1.521618e-03 9.980752e-01 2.984745e+01
9.978427e-01 1.039276e-03 6.564134e-02 4.017544e+01 -9.400500e-04 9.999984e-01 -1.542495e-03 -2.594060e+00 -6.564292e-02 1.477462e-03 9.978420e-01 3.034533e+01
9.979524e-01 -8.872867e-04 -6.395535e-02 4.116703e+01 9.877725e-04 9.999983e-01 1.539595e-03 -2.638882e+00 6.395397e-02 -1.599618e-03 9.979516e-01 3.075144e+01
9.978295e-01 1.056948e-03 6.584123e-02 4.198428e+01 -9.568058e-04 9.999983e-01 -1.552462e-03 -2.680099e+00 -6.584284e-02 1.486097e-03 9.978288e-01 3.124275e+01
9.978922e-01 -9.181787e-04 -6.488760e-02 4.288332e+01 1.020225e-03 9.999983e-01 1.539557e-03 -2.721469e+00 6.488617e-02 -1.602513e-03 9.978915e-01 3.162363e+01
9.977841e-01 1.066026e-03 6.652665e-02 4.383809e+01 -9.634262e-04 9.999983e-01 -1.574292e-03 -2.763722e+00 -6.652830e-02 1.506711e-03 9.977833e-01 3.196861e+01
9.979204e-01 -9.079396e-04 -6.445216e-02 4.476048e+01 1.006579e-03 9.999984e-01 1.497979e-03 -2.803101e+00 6.445078e-02 -1.559741e-03 9.979197e-01 3.223424e+01
9.977357e-01 1.105556e-03 6.724777e-02 4.544477e+01 -1.001312e-03 9.999982e-01 -1.583818e-03 -2.838816e+00 -6.724949e-02 1.512897e-03 9.977350e-01 3.267326e+01
9.979355e-01 -9.125169e-04 -6.421838e-02 4.615846e+01 1.008304e-03 9.999984e-01 1.459206e-03 -2.873155e+00 6.421704e-02 -1.520946e-03 9.979349e-01 3.300908e+01
9.976259e-01 1.139599e-03 6.885612e-02 4.675682e+01 -1.029503e-03 9.999981e-01 -1.634383e-03 -2.905311e+00 -6.885794e-02 1.559617e-03 9.976252e-01 3.341197e+01
9.979252e-01 -8.903416e-04 -6.437825e-02 4.723054e+01 9.875036e-04 9.999984e-01 1.477442e-03 -2.936207e+00 6.437692e-02 -1.537952e-03 9.979245e-01 3.393506e+01
9.976940e-01 1.105537e-03 6.786280e-02 4.760105e+01 -9.955887e-04 9.999981e-01 -1.653944e-03 -2.960430e+00 -6.786459e-02 1.582568e-03 9.976932e-01 3.431928e+01
9.981557e-01 -8.288397e-04 -6.069985e-02 4.790890e+01 9.152651e-04 9.999986e-01 1.396036e-03 -2.986385e+00 6.069869e-02 -1.449019e-03 9.981552e-01 3.486957e+01
9.975893e-01 1.145500e-03 6.938520e-02 4.827553e+01 -1.032070e-03 9.999981e-01 -1.670592e-03 -3.016358e+00 -6.938706e-02 1.594955e-03 9.975885e-01 3.550898e+01
9.978347e-01 -9.124198e-04 -6.576639e-02 4.881417e+01 1.015779e-03 9.999983e-01 1.538200e-03 -3.048882e+00 6.576495e-02 -1.601675e-03 9.978339e-01 3.600890e+01
9.973593e-01 1.190793e-03 7.261515e-02 4.922038e+01 -1.062960e-03 9.999978e-01 -1.799025e-03 -3.076210e+00 -7.261722e-02 1.717089e-03 9.973583e-01 3.647842e+01
9.976672e-01 -9.600517e-04 -6.825826e-02 4.976002e+01 1.070989e-03 9.999982e-01 1.588690e-03 -3.104296e+00 6.825670e-02 -1.658089e-03 9.976665e-01 3.679221e+01
9.972857e-01 1.208182e-03 7.361843e-02 5.032905e+01 -1.076880e-03 9.999978e-01 -1.823210e-03 -3.133354e+00 -7.362055e-02 1.738985e-03 9.972847e-01 3.710586e+01
9.979118e-01 -9.200205e-04 -6.458526e-02 5.066311e+01 1.017480e-03 9.999984e-01 1.476131e-03 -3.157416e+00 6.458388e-02 -1.538764e-03 9.979112e-01 3.753199e+01
9.972837e-01 1.183024e-03 7.364680e-02 5.096790e+01 -1.044386e-03 9.999976e-01 -1.920940e-03 -3.170725e+00 -7.364897e-02 1.838808e-03 9.972825e-01 3.755913e+01
9.983184e-01 -8.501437e-04 -5.796291e-02 5.147614e+01 9.288418e-04 9.999987e-01 1.330812e-03 -3.192763e+00 5.796178e-02 -1.382414e-03 9.983179e-01 3.767288e+01
9.968503e-01 1.288805e-03 7.929557e-02 5.209066e+01 -1.129429e-03 9.999973e-01 -2.054703e-03 -3.219527e+00 -7.929808e-02 1.958674e-03 9.968489e-01 3.783917e+01
9.986550e-01 -7.616870e-04 -5.184154e-02 5.248812e+01 8.246098e-04 9.999989e-01 1.192382e-03 -3.246411e+00 5.184065e-02 -1.233528e-03 9.986547e-01 3.830653e+01
9.970849e-01 1.248965e-03 7.629017e-02 5.287734e+01 -1.102342e-03 9.999975e-01 -1.963985e-03 -3.273349e+00 -7.629251e-02 1.874163e-03 9.970836e-01 3.878910e+01
9.989219e-01 -7.074364e-04 -4.641649e-02 5.323910e+01 7.550329e-04 9.999992e-01 1.007905e-03 -3.296142e+00 4.641582e-02 -1.041865e-03 9.989217e-01 3.913749e+01
9.973211e-01 1.210874e-03 7.313756e-02 5.377358e+01 -1.077249e-03 9.999977e-01 -1.866454e-03 -3.322009e+00 -7.313973e-02 1.782667e-03 9.973200e-01 3.937734e+01
9.988057e-01 -7.516261e-04 -4.885296e-02 5.419398e+01 8.053002e-04 9.999991e-01 1.079018e-03 -3.346847e+00 4.885217e-02 -1.117072e-03 9.988055e-01 3.973279e+01
9.975742e-01 1.174349e-03 6.960046e-02 5.457235e+01 -1.055078e-03 9.999979e-01 -1.750378e-03 -3.372158e+00 -6.960244e-02 1.672698e-03 9.975733e-01 4.016416e+01
9.985223e-01 -8.349477e-04 -5.433784e-02 5.514666e+01 9.026137e-04 9.999988e-01 1.220758e-03 -3.399260e+00 5.433683e-02 -1.268001e-03 9.985219e-01 4.040142e+01
9.968230e-01 1.341119e-03 7.963705e-02 5.567357e+01 -1.179071e-03 9.999971e-01 -2.081820e-03 -3.422859e+00 -7.963968e-02 1.981308e-03 9.968217e-01 4.056030e+01
9.985872e-01 -7.688217e-04 -5.313276e-02 5.594448e+01 8.380684e-04 9.999988e-01 1.281013e-03 -3.450328e+00 5.313178e-02 -1.323732e-03 9.985867e-01 4.122319e+01
9.974393e-01 1.188347e-03 7.150748e-02 5.631052e+01 -1.058607e-03 9.999977e-01 -1.852222e-03 -3.478671e+00 -7.150958e-02 1.771781e-03 9.974383e-01 4.179137e+01
9.988238e-01 -7.068418e-04 -4.848190e-02 5.652544e+01 7.628892e-04 9.999991e-01 1.137555e-03 -3.503240e+00 4.848112e-02 -1.173203e-03 9.988235e-01 4.241047e+01
9.972015e-01 1.219460e-03 7.475078e-02 5.706439e+01 -1.074836e-03 9.999975e-01 -1.974942e-03 -3.531404e+00 -7.475306e-02 1.889070e-03 9.972002e-01 4.274044e+01
9.990653e-01 -6.236247e-04 -4.322251e-02 5.778020e+01 6.682358e-04 9.999993e-01 1.017688e-03 -3.564143e+00 4.322190e-02 -1.045620e-03 9.990650e-01 4.302250e+01
9.972225e-01 1.216122e-03 7.447045e-02 5.856783e+01 -1.073416e-03 9.999975e-01 -1.956271e-03 -3.599578e+00 -7.447270e-02 1.870899e-03 9.972212e-01 4.332064e+01
9.988429e-01 -7.073692e-04 -4.808723e-02 5.933522e+01 7.632165e-04 9.999991e-01 1.143024e-03 -3.633275e+00 4.808643e-02 -1.178402e-03 9.988426e-01 4.356977e+01
9.972048e-01 1.224733e-03 7.470616e-02 5.999976e+01 -1.079836e-03 9.999975e-01 -1.979923e-03 -3.663577e+00 -7.470845e-02 1.893718e-03 9.972035e-01 4.381966e+01
9.986129e-01 -7.661983e-04 -5.264674e-02 6.049769e+01 8.350474e-04 9.999988e-01 1.285770e-03 -3.692865e+00 5.264574e-02 -1.327949e-03 9.986125e-01 4.424886e+01
9.973736e-01 1.193520e-03 7.241935e-02 6.107876e+01 -1.058004e-03 9.999976e-01 -1.909599e-03 -3.723192e+00 -7.242150e-02 1.827964e-03 9.973723e-01 4.461047e+01
9.985957e-01 -7.830797e-04 -5.297256e-02 6.160626e+01 8.514276e-04 9.999988e-01 1.267695e-03 -3.750487e+00 5.297155e-02 -1.311016e-03 9.985953e-01 4.492065e+01
9.971112e-01 1.270372e-03 7.594524e-02 6.199943e+01 -1.121120e-03 9.999974e-01 -2.007861e-03 -3.776208e+00 -7.594763e-02 1.916916e-03 9.971099e-01 4.535056e+01
9.984797e-01 -8.205104e-04 -5.511426e-02 6.233728e+01 8.948512e-04 9.999987e-01 1.324181e-03 -3.800926e+00 5.511315e-02 -1.371487e-03 9.984793e-01 4.581042e+01
9.976094e-01 1.163052e-03 6.909486e-02 6.291410e+01 -1.042396e-03 9.999979e-01 -1.782274e-03 -3.830968e+00 -6.909682e-02 1.705989e-03 9.976084e-01 4.616115e+01
9.986196e-01 -7.971447e-04 -5.251866e-02 6.353337e+01 8.639124e-04 9.999988e-01 1.248624e-03 -3.861981e+00 5.251764e-02 -1.292272e-03 9.986193e-01 4.650007e+01
9.976378e-01 1.152440e-03 6.868398e-02 6.408136e+01 -1.030551e-03 9.999978e-01 -1.810044e-03 -3.887065e+00 -6.868595e-02 1.734985e-03 9.976367e-01 4.668539e+01
9.989071e-01 -7.480520e-04 -4.673394e-02 6.455484e+01 7.977277e-04 9.999991e-01 1.044303e-03 -3.907187e+00 4.673316e-02 -1.080442e-03 9.989069e-01 4.677280e+01
9.981462e-01 1.050224e-03 6.085203e-02 6.520687e+01 -9.587953e-04 9.999984e-01 -1.531658e-03 -3.935349e+00 -6.085358e-02 1.470474e-03 9.981455e-01 4.694185e+01
9.989637e-01 -7.282837e-04 -4.550750e-02 6.598084e+01 7.759072e-04 9.999992e-01 1.028842e-03 -3.966926e+00 4.550674e-02 -1.063084e-03 9.989636e-01 4.709466e+01
9.982261e-01 1.039568e-03 5.952849e-02 6.679451e+01 -9.525579e-04 9.999984e-01 -1.490011e-03 -3.999360e+00 -5.952997e-02 1.430662e-03 9.982254e-01 4.722691e+01
9.989851e-01 -7.271156e-04 -4.503529e-02 6.760666e+01 7.734743e-04 9.999992e-01 1.011966e-03 -4.030881e+00 4.503455e-02 -1.045772e-03 9.989850e-01 4.732389e+01
9.980660e-01 1.081079e-03 6.215367e-02 6.826665e+01 -9.848520e-04 9.999983e-01 -1.578828e-03 -4.059772e+00 -6.215530e-02 1.514561e-03 9.980652e-01 4.751917e+01
9.990362e-01 -7.100650e-04 -4.388769e-02 6.893282e+01 7.545440e-04 9.999992e-01 9.969142e-04 -4.090876e+00 4.388697e-02 -1.029068e-03 9.990361e-01 4.780067e+01
9.981403e-01 1.073797e-03 6.094902e-02 6.978616e+01 -9.817018e-04 9.999983e-01 -1.540947e-03 -4.124478e+00 -6.095059e-02 1.478247e-03 9.981396e-01 4.793294e+01
9.990955e-01 -7.021674e-04 -4.251679e-02 7.032705e+01 7.422244e-04 9.999993e-01 9.263667e-04 -4.149334e+00 4.251613e-02 -9.570847e-04 9.990954e-01 4.812831e+01
9.979415e-01 1.142881e-03 6.412135e-02 7.050308e+01 -1.040946e-03 9.999981e-01 -1.623103e-03 -4.170522e+00 -6.412311e-02 1.553014e-03 9.979407e-01 4.866177e+01
9.993589e-01 -6.333796e-04 -3.579725e-02 7.088979e+01 6.602510e-04 9.999995e-01 7.388347e-04 -4.195584e+00 3.579679e-02 -7.619949e-04 9.993589e-01 4.907823e+01
9.981548e-01 1.105985e-03 6.071073e-02 7.169606e+01 -1.016099e-03 9.999983e-01 -1.511419e-03 -4.228183e+00 -6.071231e-02 1.446941e-03 9.981542e-01 4.923542e+01
9.995121e-01 -5.797824e-04 -3.122864e-02 7.240588e+01 5.985271e-04 9.999996e-01 5.908958e-04 -4.256625e+00 3.122830e-02 -6.092972e-04 9.995122e-01 4.935765e+01
9.979221e-01 1.182256e-03 6.442120e-02 7.308853e+01 -1.079993e-03 9.999981e-01 -1.622218e-03 -4.284693e+00 -6.442301e-02 1.549271e-03 9.979214e-01 4.950045e+01
9.995960e-01 -5.573348e-04 -2.841809e-02 7.371193e+01 5.717445e-04 9.999997e-01 4.989376e-04 -4.309577e+00 2.841781e-02 -5.149822e-04 9.995961e-01 4.959317e+01
9.978689e-01 1.210479e-03 6.524000e-02 7.433026e+01 -1.104943e-03 9.999980e-01 -1.653718e-03 -4.333390e+00 -6.524187e-02 1.578105e-03 9.978681e-01 4.964972e+01
9.996056e-01 -5.615257e-04 -2.807712e-02 7.488545e+01 5.753568e-04 9.999997e-01 4.845377e-04 -4.355451e+00 2.807684e-02 -5.004991e-04 9.996057e-01 4.972087e+01
9.981521e-01 1.128349e-03 6.075394e-02 7.537238e+01 -1.036384e-03 9.999983e-01 -1.545216e-03 -4.373198e+00 -6.075557e-02 1.479394e-03 9.981515e-01 4.969978e+01
9.995794e-01 -5.728007e-04 -2.899410e-02 7.601862e+01 5.886920e-04 9.999997e-01 5.395577e-04 -4.396959e+00 2.899377e-02 -5.563973e-04 9.995795e-01 4.971524e+01
9.982156e-01 1.131859e-03 5.970229e-02 7.661091e+01 -1.042166e-03 9.999983e-01 -1.533447e-03 -4.418739e+00 -5.970391e-02 1.468488e-03 9.982150e-01 4.972190e+01
9.995032e-01 -6.304924e-04 -3.151216e-02 7.723699e+01 6.504457e-04 9.999996e-01 6.229533e-04 -4.441586e+00 3.151173e-02 -6.431385e-04 9.995033e-01 4.972634e+01
9.984910e-01 1.055308e-03 5.490473e-02 7.804817e+01 -9.816263e-04 9.999986e-01 -1.368945e-03 -4.469797e+00 -5.490608e-02 1.312981e-03 9.984906e-01 4.969872e+01
9.995109e-01 -6.352418e-04 -3.126487e-02 7.890610e+01 6.548326e-04 9.999996e-01 6.163797e-04 -4.498158e+00 3.126444e-02 -6.365492e-04 9.995110e-01 4.961698e+01
9.983810e-01 1.080225e-03 5.687052e-02 7.960211e+01 -9.987958e-04 9.999984e-01 -1.460233e-03 -4.521518e+00 -5.687198e-02 1.401065e-03 9.983804e-01 4.955266e+01
9.993317e-01 -7.147855e-04 -3.654550e-02 8.035588e+01 7.441584e-04 9.999994e-01 7.901511e-04 -4.547687e+00 3.654489e-02 -8.168162e-04 9.993318e-01 4.951537e+01
9.988440e-01 9.568232e-04 4.805898e-02 8.132520e+01 -9.010199e-04 9.999989e-01 -1.182785e-03 -4.578566e+00 -4.806003e-02 1.138113e-03 9.988437e-01 4.937870e+01
9.993999e-01 -6.931151e-04 -3.463206e-02 8.232420e+01 7.195953e-04 9.999995e-01 7.521700e-04 -4.612442e+00 3.463150e-02 -7.766371e-04 9.993999e-01 4.932806e+01
9.990237e-01 8.909463e-04 4.416751e-02 8.319913e+01 -8.434501e-04 9.999990e-01 -1.093982e-03 -4.641850e+00 -4.416841e-02 1.055658e-03 9.990234e-01 4.925286e+01
9.994467e-01 -6.814899e-04 -3.325306e-02 8.406666e+01 7.056414e-04 9.999995e-01 7.145778e-04 -4.670997e+00 3.325252e-02 -7.376445e-04 9.994468e-01 4.918135e+01
9.987499e-01 9.833530e-04 4.997688e-02 8.476896e+01 -9.203055e-04 9.999988e-01 -1.284522e-03 -4.696512e+00 -4.997805e-02 1.236920e-03 9.987495e-01 4.918919e+01
9.996629e-01 -6.038604e-04 -2.595624e-02 8.526594e+01 6.165087e-04 9.999997e-01 4.793166e-04 -4.716372e+00 2.595591e-02 -4.951545e-04 9.996631e-01 4.923931e+01
9.991629e-01 8.533256e-04 4.089911e-02 8.585512e+01 -8.131866e-04 9.999992e-01 -9.980293e-04 -4.740399e+00 -4.089989e-02 9.639325e-04 9.991627e-01 4.931991e+01
9.996090e-01 -6.380997e-04 -2.795499e-02 8.651808e+01 6.533884e-04 9.999996e-01 5.377920e-04 -4.765144e+00 2.795460e-02 -5.558444e-04 9.996091e-01 4.933453e+01
9.993911e-01 7.856522e-04 3.488364e-02 8.728818e+01 -7.579029e-04 9.999994e-01 -8.086851e-04 -4.792186e+00 -3.488422e-02 7.817514e-04 9.993910e-01 4.929317e+01
9.996961e-01 -6.053882e-04 -2.464282e-02 8.808501e+01 6.165266e-04 9.999997e-01 4.444252e-04 -4.819658e+00 2.464251e-02 -4.594803e-04 9.996963e-01 4.923959e+01
9.997142e-01 6.084606e-04 2.389831e-02 8.898974e+01 -5.983815e-04 9.999997e-01 -4.288772e-04 -4.854061e+00 -2.389853e-02 4.144515e-04 9.997142e-01 4.930251e+01
9.997896e-01 -5.369103e-04 -2.050708e-02 8.991680e+01 5.433855e-04 9.999998e-01 3.102127e-04 -4.888511e+00 2.050687e-02 -3.212878e-04 9.997898e-01 4.934541e+01
9.992719e-01 8.265182e-04 3.814401e-02 9.064965e+01 -7.936499e-04 9.999993e-01 -8.768089e-04 -4.916756e+00 -3.814467e-02 8.458946e-04 9.992718e-01 4.942035e+01
9.994641e-01 -6.897146e-04 -3.272571e-02 9.141179e+01 7.116308e-04 9.999995e-01 6.580715e-04 -4.945847e+00 3.272520e-02 -6.810046e-04 9.994643e-01 4.946744e+01
9.996930e-01 7.415575e-04 2.476711e-02 9.202920e+01 -7.290317e-04 9.999996e-01 -5.147447e-04 -4.971054e+00 -2.476745e-02 4.965277e-04 9.996930e-01 4.954846e+01
9.994566e-01 -7.246841e-04 -3.295383e-02 9.273378e+01 7.473137e-04 9.999995e-01 6.744137e-04 -4.999021e+00 3.295329e-02 -6.986711e-04 9.994567e-01 4.962272e+01
9.996697e-01 7.243721e-04 2.569067e-02 9.345433e+01 -7.111232e-04 9.999996e-01 -5.248226e-04 -5.028099e+00 -2.569101e-02 5.063771e-04 9.996697e-01 4.971871e+01
9.992688e-01 -7.439016e-04 -3.822616e-02 9.418296e+01 7.752344e-04 9.999994e-01 8.048687e-04 -5.055859e+00 3.822550e-02 -8.339116e-04 9.992689e-01 4.976448e+01
9.997476e-01 7.561979e-04 2.245435e-02 9.479629e+01 -7.460195e-04 9.999996e-01 -4.616481e-04 -5.079730e+00 -2.245465e-02 4.447774e-04 9.997477e-01 4.981473e+01
9.993064e-01 -7.770200e-04 -3.723078e-02 9.551010e+01 8.070047e-04 9.999994e-01 7.903675e-04 -5.106693e+00 3.723011e-02 -8.198619e-04 9.993065e-01 4.985526e+01
9.998676e-01 8.534813e-04 1.624847e-02 9.603692e+01 -8.486443e-04 9.999996e-01 -3.045529e-04 -5.128704e+00 -1.624869e-02 2.907206e-04 9.998678e-01 4.995584e+01
9.994396e-01 -8.114956e-04 -3.346364e-02 9.659064e+01 8.348251e-04 9.999994e-01 6.832056e-04 -5.152650e+00 3.346303e-02 -7.107563e-04 9.994398e-01 5.009534e+01
9.998146e-01 7.997951e-04 1.923661e-02 9.724928e+01 -7.932011e-04 9.999996e-01 -3.503964e-04 -5.179715e+00 -1.923686e-02 3.350703e-04 9.998148e-01 5.021470e+01
9.995087e-01 -8.244478e-04 -3.133342e-02 9.790116e+01 8.444137e-04 9.999994e-01 6.239938e-04 -5.207034e+00 3.133286e-02 -6.501429e-04 9.995089e-01 5.034729e+01
9.997330e-01 8.181718e-04 2.309104e-02 9.841128e+01 -8.081345e-04 9.999996e-01 -4.439995e-04 -5.232573e+00 -2.309136e-02 4.252177e-04 9.997332e-01 5.059272e+01
9.996480e-01 -8.674915e-04 -2.651730e-02 9.918432e+01 8.817312e-04 9.999995e-01 5.253261e-04 -5.264841e+00 2.651681e-02 -5.485197e-04 9.996483e-01 5.075082e+01
9.997728e-01 8.133244e-04 2.130148e-02 9.992594e+01 -8.049875e-04 9.999996e-01 -3.999322e-04 -5.296196e+00 -2.130177e-02 3.826912e-04 9.997729e-01 5.091442e+01
9.995381e-01 -8.482802e-04 -3.037868e-02 1.006281e+02 8.669602e-04 9.999994e-01 6.017527e-04 -5.325693e+00 3.037813e-02 -6.278093e-04 9.995384e-01 5.105917e+01
9.997758e-01 8.201011e-04 2.116019e-02 1.012172e+02 -8.122840e-04 9.999996e-01 -3.780011e-04 -5.353847e+00 -2.116047e-02 3.607257e-04 9.997759e-01 5.130680e+01
9.996244e-01 -8.745121e-04 -2.738974e-02 1.018563e+02 8.896628e-04 9.999995e-01 5.409835e-04 -5.384102e+00 2.738923e-02 -5.651454e-04 9.996248e-01 5.156935e+01
9.998261e-01 8.389294e-04 1.863109e-02 1.024091e+02 -8.327687e-04 9.999996e-01 -3.384108e-04 -5.410763e+00 -1.863134e-02 3.228340e-04 9.998263e-01 5.179708e+01
9.995775e-01 -8.909528e-04 -2.905090e-02 1.030321e+02 9.073312e-04 9.999994e-01 5.506180e-04 -5.436616e+00 2.905037e-02 -5.767416e-04 9.995779e-01 5.189850e+01
9.998475e-01 8.333336e-04 1.744336e-02 1.037303e+02 -8.283024e-04 9.999996e-01 -2.956386e-04 -5.464422e+00 -1.744358e-02 2.811426e-04 9.998477e-01 5.198756e+01
9.995673e-01 -8.782829e-04 -2.940079e-02 1.044097e+02 8.950638e-04 9.999994e-01 5.576178e-04 -5.492175e+00 2.940026e-02 -5.836896e-04 9.995676e-01 5.210072e+01
