9.999998e-01 -8.917306e-06 -5.593359e-04 8.107218e-01 8.972148e-06 1.000000e+00 9.807789e-05 -3.841128e-02 5.593350e-04 -9.808339e-05 9.999999e-01 3.748429e-01
9.999999e-01 -2.665018e-05 5.000862e-04 2.034156e+00 2.659157e-05 1.000000e+00 1.172566e-04 -9.329175e-02 -5.000893e-04 -1.172428e-04 9.999998e-01 8.841978e-01
1.000000e+00 4.767945e-05 -1.259679e-04 3.044158e+00 -4.766554e-05 1.000000e+00 1.105104e-04 -1.468568e-01 1.259731e-04 -1.105050e-04 1.000000e+00 1.633028e+00
9.999993e-01 -8.760235e-05 -1.202102e-03 4.164337e+00 8.770924e-05 1.000000e+00 8.885055e-05 -1.968406e-01 1.202094e-03 -8.895537e-05 9.999992e-01 2.067620e+00
9.999984e-01 2.887978e-05 -1.766562e-03 4.913876e+00 -2.877282e-05 1.000000e+00 6.058100e-05 -2.325240e-01 1.766564e-03 -6.053065e-05 9.999985e-01 2.396632e+00
1.000000e+00 -1.259056e-04 -2.204567e-04 5.917307e+00 1.259220e-04 1.000000e+00 7.429273e-05 -2.732594e-01 2.204468e-04 -7.431991e-05 9.999999e-01 2.600357e+00
9.999988e-01 5.012401e-05 -1.529184e-03 6.754389e+00 -5.010675e-05 1.000000e+00 1.134274e-05 -3.081139e-01 1.529185e-03 -1.126670e-05 9.999989e-01 2.784776e+00
9.999770e-01 -5.516014e-05 -6.786197e-03 7.110632e+00 5.658939e-05 1.000000e+00 2.104174e-04 -3.339045e-01 6.786184e-03 -2.107960e-04 9.999769e-01 3.259290e+00
9.999999e-01 5.233241e-05 3.257230e-04 7.414666e+00 -5.231974e-05 1.000000e+00 -3.900100e-05 -3.580135e-01 -3.257228e-04 3.898333e-05 1.000000e+00 3.724117e+00
9.999721e-01 -1.068781e-05 -7.465504e-03 7.735169e+00 1.243085e-05 1.000000e+00 2.334303e-04 -3.823278e-01 7.465498e-03 -2.335159e-04 9.999720e-01 4.178188e+00
9.999924e-01 2.080821e-05 3.887949e-03 8.202371e+00 -2.021615e-05 1.000000e+00 -1.523261e-04 -4.077664e-01 -3.887949e-03 1.522457e-04 9.999925e-01 4.474625e+00
9.999964e-01 3.997720e-05 -2.678067e-03 8.772204e+00 -3.967734e-05 1.000000e+00 1.120103e-04 -4.360867e-01 2.678069e-03 -1.119030e-04 9.999963e-01 4.751835e+00
1.000000e+00 -7.324807e-05 -2.664415e-04 9.261485e+00 7.323855e-05 1.000000e+00 -3.562286e-05 -4.626084e-01 2.664476e-04 3.560268e-05 1.000000e+00 5.066433e+00
9.999983e-01 7.617087e-05 -1.822243e-03 9.627147e+00 -7.588327e-05 1.000000e+00 1.578760e-04 -4.925733e-01 1.822251e-03 -1.577368e-04 9.999982e-01 5.703350e+00
9.999928e-01 -7.637740e-05 -3.805635e-03 9.950002e+00 7.658279e-05 1.000000e+00 5.383384e-05 -5.218407e-01 3.805635e-03 -5.412559e-05 9.999929e-01 6.361823e+00
9.999653e-01 8.677710e-05 -8.328508e-03 1.045039e+01 -8.467808e-05 1.000000e+00 2.523771e-04 -5.484338e-01 8.328524e-03 -2.516624e-04 9.999652e-01 6.677075e+00
9.999974e-01 -1.520535e-04 2.271916e-03 1.092367e+01 1.524493e-04 1.000000e+00 -1.740442e-04 -5.691957e-01 -2.271884e-03 1.743893e-04 9.999975e-01 6.763713e+00
9.998315e-01 1.706930e-04 -1.835652e-02 1.115399e+01 -1.638841e-04 9.999999e-01 3.724238e-04 -5.751144e-01 1.835657e-02 -3.693520e-04 9.998313e-01 6.563907e+00
9.999971e-01 -1.315563e-04 2.412265e-03 1.142673e+01 1.319045e-04 1.000000e+00 -1.442143e-04 -5.825893e-01 -2.412236e-03 1.445313e-04 9.999972e-01 6.389936e+00
9.999264e-01 8.542214e-05 -1.212911e-02 1.200503e+01 -8.186481e-05 1.000000e+00 2.937802e-04 -6.028749e-01 1.212912e-02 -2.927648e-04 9.999263e-01 6.338195e+00
9.998920e-01 -3.740907e-06 1.469931e-02 1.258234e+01 1.033219e-05 9.999999e-01 -4.483362e-04 -6.247126e-01 -1.469930e-02 4.484388e-04 9.998920e-01 6.346754e+00
9.998878e-01 5.273676e-05 -1.497949e-02 1.287479e+01 -4.644794e-05 9.999999e-01 4.201727e-04 -6.454068e-01 1.497950e-02 -4.194290e-04 9.998876e-01 6.676569e+00
9.999755e-01 -5.962582e-05 6.999479e-03 1.324123e+01 6.152413e-05 1.000000e+00 -2.710007e-04 -6.661694e-01 -6.999452e-03 2.714240e-04 9.999756e-01 6.919213e+00
9.998780e-01 1.143808e-05 -1.562206e-02 1.374520e+01 -4.015376e-06 9.999999e-01 4.751705e-04 -6.916893e-01 1.562205e-02 -4.750489e-04 9.998778e-01 7.167141e+00
9.999662e-01 -5.912867e-05 8.220351e-03 1.427457e+01 6.123985e-05 1.000000e+00 -2.565808e-04 -7.207638e-01 -8.220323e-03 2.570747e-04 9.999663e-01 7.536674e+00
9.998954e-01 3.629062e-06 -1.446595e-02 1.474849e+01 2.536741e-06 9.999999e-01 4.262060e-04 -7.477034e-01 1.446593e-02 -4.261972e-04 9.998952e-01 7.889970e+00
9.999590e-01 -8.336131e-05 9.053840e-03 1.532238e+01 8.578727e-05 1.000000e+00 -2.675693e-04 -7.774952e-01 -9.053804e-03 2.683342e-04 9.999591e-01 8.227502e+00
9.999424e-01 -1.325751e-06 -1.073001e-02 1.616593e+01 4.794141e-06 9.999999e-01 3.232096e-04 -8.105776e-01 1.073000e-02 -3.232415e-04 9.999423e-01 8.335917e+00
9.999569e-01 -1.297543e-04 9.279001e-03 1.691056e+01 1.334389e-04 9.999999e-01 -3.964830e-04 -8.307857e-01 -9.278935e-03 3.977033e-04 9.999570e-01 8.065917e+00
9.999517e-01 9.759582e-06 -9.828207e-03 1.721906e+01 -7.553082e-06 1.000000e+00 2.245368e-04 -8.356117e-01 9.828195e-03 -2.244509e-04 9.999516e-01 7.697222e+00
9.999445e-01 -3.721858e-04 1.053367e-02 1.668583e+01 3.789048e-04 9.999997e-01 -6.358833e-04 -7.958416e-01 -1.053342e-02 6.398384e-04 9.999444e-01 6.327410e+00
9.999484e-01 -6.258165e-05 -1.015979e-02 1.607923e+01 6.438131e-05 1.000000e+00 1.768021e-04 -7.478626e-01 1.015977e-02 -1.774463e-04 9.999483e-01 4.667630e+00
9.999600e-01 -2.084129e-04 8.939597e-03 1.594227e+01 2.126976e-04 9.999999e-01 -4.783451e-04 -7.265149e-01 -8.939482e-03 4.802267e-04 9.999600e-01 3.640990e+00
9.999492e-01 3.620958e-05 -1.007923e-02 1.602244e+01 -3.352848e-05 1.000000e+00 2.661647e-04 -7.219858e-01 1.007922e-02 -2.658125e-04 9.999491e-01 3.123133e+00
9.999523e-01 -3.830195e-04 9.761657e-03 1.549992e+01 3.893411e-04 9.999997e-01 -6.457062e-04 -6.852577e-01 -9.761393e-03 6.494753e-04 9.999522e-01 1.872795e+00
9.999567e-01 -5.657223e-05 -9.300539e-03 1.483121e+01 5.848106e-05 1.000000e+00 2.049608e-04 -6.376966e-01 9.300513e-03 -2.054952e-04 9.999566e-01 3.037119e-01
9.999521e-01 -4.004427e-04 9.784377e-03 1.412826e+01 4.069415e-04 9.999997e-01 -6.622277e-04 -5.876647e-01 -9.784095e-03 6.661770e-04 9.999520e-01 -1.339099e+00
9.999548e-01 -3.703376e-05 -9.510122e-03 1.344630e+01 3.915679e-05 1.000000e+00 2.230474e-04 -5.398043e-01 9.510100e-03 -2.234092e-04 9.999547e-01 -2.903008e+00
9.999593e-01 -3.536831e-04 9.014232e-03 1.287789e+01 3.595160e-04 9.999997e-01 -6.454707e-04 -4.977121e-01 -9.013988e-03 6.486846e-04 9.999593e-01 -4.336277e+00
9.999639e-01 -1.264009e-04 -8.491668e-03 1.214521e+01 1.278130e-04 1.000000e+00 1.657384e-04 -4.446580e-01 8.491633e-03 -1.668173e-04 9.999638e-01 -6.066428e+00
9.999593e-01 -3.288986e-04 9.021426e-03 1.143187e+01 3.346882e-04 9.999997e-01 -6.402608e-04 -3.929528e-01 -9.021199e-03 6.432536e-04 9.999592e-01 -7.757600e+00
9.999675e-01 -6.096056e-05 -8.060433e-03 1.082224e+01 6.253670e-05 1.000000e+00 1.952832e-04 -3.477753e-01 8.060407e-03 -1.957806e-04 9.999674e-01 -9.259273e+00
9.999529e-01 -2.729175e-04 9.706681e-03 1.022113e+01 2.786958e-04 9.999998e-01 -5.939514e-04 -3.087488e-01 -9.706503e-03 5.966282e-04 9.999528e-01 -1.048319e+01
9.999637e-01 -7.487323e-05 -8.520784e-03 9.623547e+00 7.648070e-05 1.000000e+00 1.883230e-04 -2.686499e-01 8.520757e-03 -1.889675e-04 9.999636e-01 -1.176366e+01
9.999563e-01 -3.038975e-04 9.340604e-03 9.009224e+00 3.097502e-04 9.999998e-01 -6.251531e-04 -2.245457e-01 -9.340398e-03 6.280188e-04 9.999563e-01 -1.321216e+01
9.999475e-01 -3.191535e-05 -1.024297e-02 8.490433e+00 3.431193e-05 1.000000e+00 2.337940e-04 -1.854663e-01 1.024295e-02 -2.341330e-04 9.999474e-01 -1.455086e+01
9.999508e-01 -3.870247e-04 9.909211e-03 7.822783e+00 3.936680e-04 9.999997e-01 -6.684799e-04 -1.391914e-01 -9.908936e-03 6.723478e-04 9.999508e-01 -1.605158e+01
9.999465e-01 -8.854218e-05 -1.034700e-02 7.057973e+00 9.078630e-05 1.000000e+00 2.164140e-04 -8.687375e-02 1.034696e-02 -2.173416e-04 9.999463e-01 -1.772140e+01
9.999925e-01 -2.131073e-04 3.863605e-03 6.501587e+00 2.148227e-04 9.999999e-01 -4.436039e-04 -5.122050e-02 -3.863496e-03 4.444304e-04 9.999925e-01 -1.887042e+01
9.998179e-01 8.003018e-05 -1.908255e-02 6.222089e+00 -7.075584e-05 9.999999e-01 4.866847e-04 -3.194784e-02 1.908257e-02 -4.852457e-04 9.998177e-01 -1.960736e+01
1.000000e+00 -1.510913e-04 -2.706643e-04 6.126138e+00 1.510012e-04 9.999999e-01 -3.325360e-04 -2.029972e-02 2.707322e-04 3.324950e-04 1.000000e+00 -2.021926e+01
9.997020e-01 2.421576e-04 -2.440994e-02 6.351190e+00 -2.234831e-04 9.999997e-01 7.677616e-04 -2.567071e-02 2.441010e-02 -7.620774e-04 9.997016e-01 -2.042632e+01
9.999960e-01 -6.423460e-05 -2.834923e-03 6.657254e+00 6.370705e-05 1.000000e+00 -1.861627e-04 -3.975897e-02 2.834957e-03 1.859811e-04 9.999961e-01 -2.035482e+01
9.997867e-01 1.484072e-04 -2.065416e-02 6.869376e+00 -1.358606e-04 9.999998e-01 6.088623e-04 -4.646597e-02 2.065422e-02 -6.059260e-04 9.997864e-01 -2.049756e+01
9.999462e-01 4.916012e-05 -1.037087e-02 7.188202e+00 -4.821454e-05 1.000000e+00 9.143246e-05 -6.114748e-02 1.037090e-02 -9.092787e-05 9.999463e-01 -2.041399e+01
9.997112e-01 2.055725e-04 -2.402865e-02 7.497731e+00 -1.878545e-04 9.999997e-01 7.396236e-04 -7.752847e-02 2.402877e-02 -7.348957e-04 9.997109e-01 -2.024223e+01
9.999555e-01 3.148671e-05 -9.432581e-03 7.815701e+00 -3.105146e-05 1.000000e+00 4.630034e-05 -9.324205e-02 9.432617e-03 -4.600588e-05 9.999556e-01 -2.010885e+01
9.996990e-01 1.890465e-04 -2.453358e-02 8.146272e+00 -1.707344e-04 9.999997e-01 7.484995e-04 -1.090074e-01 2.453368e-02 -7.440849e-04 9.996986e-01 -1.999125e+01
9.999148e-01 9.121224e-05 -1.305723e-02 8.490086e+00 -8.869114e-05 1.000000e+00 1.936712e-04 -1.269989e-01 1.305729e-02 -1.924972e-04 9.999148e-01 -1.979465e+01
9.996721e-01 2.116439e-04 -2.560394e-02 8.812945e+00 -1.915289e-04 9.999997e-01 7.880614e-04 -1.447031e-01 2.560406e-02 -7.828984e-04 9.996718e-01 -1.957999e+01
9.998868e-01 1.316123e-04 -1.504369e-02 9.088645e+00 -1.280862e-04 1.000000e+00 2.353738e-04 -1.607405e-01 1.504377e-02 -2.334210e-04 9.998869e-01 -1.936462e+01
9.996177e-01 2.172227e-04 -2.764599e-02 9.440062e+00 -1.929472e-04 9.999996e-01 8.807426e-04 -1.803039e-01 2.764612e-02 -8.750708e-04 9.996173e-01 -1.910510e+01
9.999092e-01 1.420140e-04 -1.347253e-02 9.809341e+00 -1.391613e-04 1.000000e+00 2.126997e-04 -2.014996e-01 1.347261e-02 -2.108065e-04 9.999093e-01 -1.879526e+01
9.995347e-01 2.367548e-04 -3.049950e-02 1.008967e+01 -2.088556e-04 9.999996e-01 9.179140e-04 -2.183975e-01 3.049965e-02 -9.111158e-04 9.995343e-01 -1.855539e+01
9.999835e-01 8.383888e-05 -5.741788e-03 1.042382e+01 -8.388353e-05 1.000000e+00 -7.462838e-06 -2.371348e-01 5.741850e-03 7.943217e-06 9.999836e-01 -1.830451e+01
9.996039e-01 1.765787e-04 -2.814401e-02 1.073362e+01 -1.533197e-04 9.999996e-01 8.285694e-04 -2.532864e-01 2.814408e-02 -8.239249e-04 9.996034e-01 -1.814117e+01
9.999036e-01 2.073014e-04 -1.388416e-02 1.091858e+01 -2.044948e-04 1.000000e+00 2.036007e-04 -2.658676e-01 1.388427e-02 -2.007431e-04 9.999037e-01 -1.794404e+01
9.996995e-01 1.355325e-04 -2.451227e-02 1.116694e+01 -1.170901e-04 9.999997e-01 7.537868e-04 -2.818012e-01 2.451229e-02 -7.506888e-04 9.996992e-01 -1.769433e+01
9.999538e-01 1.633885e-04 -9.607684e-03 1.142674e+01 -1.626565e-04 1.000000e+00 7.703975e-05 -2.976665e-01 9.607770e-03 -7.547481e-05 9.999539e-01 -1.746846e+01
9.997167e-01 1.146513e-04 -2.380005e-02 1.167285e+01 -9.789151e-05 9.999997e-01 7.053308e-04 -3.116424e-01 2.380005e-02 -7.027997e-04 9.997164e-01 -1.730410e+01
9.999384e-01 1.887101e-04 -1.109902e-02 1.183335e+01 -1.878663e-04 1.000000e+00 7.713299e-05 -3.213523e-01 1.109911e-02 -7.504456e-05 9.999385e-01 -1.720467e+01
9.998226e-01 9.927118e-05 -1.883575e-02 1.199347e+01 -8.745910e-05 9.999998e-01 6.278943e-04 -3.340207e-01 1.883572e-02 -6.261341e-04 9.998223e-01 -1.698260e+01
9.999267e-01 2.405055e-04 -1.210747e-02 1.204196e+01 -2.390011e-04 1.000000e+00 1.257593e-04 -3.446896e-01 1.210758e-02 -1.228579e-04 9.999268e-01 -1.670098e+01
9.997985e-01 1.020103e-04 -2.007179e-02 1.215291e+01 -8.879864e-05 9.999998e-01 6.590687e-04 -3.568195e-01 2.007177e-02 -6.571520e-04 9.997982e-01 -1.643108e+01
9.999531e-01 1.084301e-04 9.685738e-03 1.223917e+01 -1.040225e-04 9.999999e-01 -4.556582e-04 -3.712434e-01 -9.685703e-03 4.546278e-04 9.999531e-01 -1.605998e+01
9.998917e-01 2.586141e-04 1.471286e-02 1.235310e+01 -2.541545e-04 9.999999e-01 -3.049238e-04 -3.873025e-01 -1.471302e-02 3.011530e-04 9.998916e-01 -1.566605e+01
9.998949e-01 1.561762e-04 1.449564e-02 1.247395e+01 -1.472948e-04 9.999998e-01 -6.138167e-04 -4.010595e-01 -1.449565e-02 6.116156e-04 9.998948e-01 -1.538612e+01
9.998982e-01 2.405567e-04 1.426594e-02 1.270075e+01 -2.362706e-04 9.999999e-01 -3.020826e-04 -4.152069e-01 -1.426609e-02 2.986825e-04 9.998981e-01 -1.523188e+01
9.999631e-01 1.091184e-04 8.590145e-03 1.316791e+01 -1.055001e-04 9.999999e-01 -4.217394e-04 -4.370015e-01 -8.590113e-03 4.208163e-04 9.999631e-01 -1.506079e+01
9.999328e-01 2.030499e-04 1.159352e-02 1.361065e+01 -2.006530e-04 1.000000e+00 -2.078539e-04 -4.605824e-01 -1.159364e-02 2.055149e-04 9.999327e-01 -1.478383e+01
9.999792e-01 6.976301e-05 6.446986e-03 1.404809e+01 -6.750246e-05 9.999999e-01 -3.509412e-04 -4.851145e-01 -6.446935e-03 3.504975e-04 9.999792e-01 -1.446722e+01
9.999678e-01 1.856183e-04 8.025634e-03 1.444065e+01 -1.849920e-04 1.000000e+00 -7.870932e-05 -5.113220e-01 -8.025722e-03 7.722323e-05 9.999677e-01 -1.402431e+01
1.000000e+00 -7.439226e-06 -2.532829e-05 1.486609e+01 7.434823e-06 1.000000e+00 -1.537623e-04 -5.385867e-01 2.540263e-05 1.537610e-04 1.000000e+00 -1.359412e+01
9.999589e-01 2.027548e-04 9.061425e-03 1.537419e+01 -2.019074e-04 1.000000e+00 -9.437918e-05 -5.685955e-01 -9.061516e-03 9.254681e-05 9.999589e-01 -1.315861e+01
9.999623e-01 9.137141e-05 8.679651e-03 1.566237e+01 -8.757509e-05 9.999999e-01 -4.378160e-04 -5.917471e-01 -8.679619e-03 4.370383e-04 9.999623e-01 -1.269531e+01
9.999558e-01 1.080993e-05 -9.402194e-03 1.587325e+01 -6.856227e-06 9.999999e-01 4.204952e-04 -6.115582e-01 9.402126e-03 -4.204111e-04 9.999556e-01 -1.229085e+01
9.999983e-01 4.214633e-05 1.827667e-03 1.605237e+01 -4.169304e-05 1.000000e+00 -2.483104e-04 -6.308291e-01 -1.827605e-03 2.482327e-04 9.999984e-01 -1.186448e+01
9.998071e-01 1.252692e-04 -1.964204e-02 1.614243e+01 -1.120246e-04 9.999998e-01 6.753749e-04 -6.467374e-01 1.964204e-02 -6.730432e-04 9.998068e-01 -1.145274e+01
9.999193e-01 2.302061e-04 -1.270200e-02 1.615238e+01 -2.285409e-04 1.000000e+00 1.325948e-04 -6.585728e-01 1.270211e-02 -1.296823e-04 9.999194e-01 -1.108273e+01
9.997297e-01 1.590970e-04 -2.324852e-02 1.620558e+01 -1.414413e-04 9.999997e-01 7.610552e-04 -6.696668e-01 2.324856e-02 -7.575600e-04 9.997293e-01 -1.078507e+01
9.999255e-01 2.119768e-04 -1.220817e-02 1.638517e+01 -2.105045e-04 1.000000e+00 1.219364e-04 -6.831852e-01 1.220828e-02 -1.193586e-04 9.999255e-01 -1.054290e+01
9.998524e-01 5.840638e-05 -1.718209e-02 1.663486e+01 -4.819905e-05 9.999998e-01 5.944449e-04 -6.989109e-01 1.718204e-02 -5.935277e-04 9.998521e-01 -1.031301e+01
9.999430e-01 2.255032e-04 -1.067515e-02 1.679588e+01 -2.244409e-04 1.000000e+00 1.007698e-04 -7.137887e-01 1.067525e-02 -9.836940e-05 9.999431e-01 -1.000963e+01
9.997473e-01 1.206911e-04 -2.247983e-02 1.686443e+01 -1.052667e-04 9.999998e-01 6.872972e-04 -7.239850e-01 2.247982e-02 -6.847559e-04 9.997470e-01 -9.767641e+00
9.999834e-01 1.934242e-04 -5.766790e-03 1.698001e+01 -1.932146e-04 1.000000e+00 3.703350e-05 -7.397102e-01 5.766883e-03 -3.591999e-05 9.999834e-01 -9.361064e+00
9.997556e-01 8.702521e-05 -2.210427e-02 1.714818e+01 -7.320996e-05 9.999998e-01 6.257762e-04 -7.534340e-01 2.210423e-02 -6.240036e-04 9.997554e-01 -9.103763e+00
9.999477e-01 -8.996584e-06 1.022820e-02 1.751763e+01 1.263624e-05 9.999999e-01 -3.558660e-04 -7.741584e-01 -1.022811e-02 3.559752e-04 9.999477e-01 -8.855088e+00
9.998665e-01 3.038727e-05 -1.633960e-02 1.801601e+01 -2.268826e-05 9.999999e-01 4.713216e-04 -7.976386e-01 1.633952e-02 -4.708866e-04 9.998663e-01 -8.688943e+00
9.999519e-01 7.891121e-06 9.810731e-03 1.837535e+01 -4.615962e-06 9.999999e-01 -3.339478e-04 -8.191909e-01 -9.810644e-03 3.338850e-04 9.999519e-01 -8.406703e+00
9.999472e-01 3.851022e-05 -1.027803e-02 1.878207e+01 -3.489011e-05 9.999999e-01 3.523149e-04 -8.448939e-01 1.027796e-02 -3.519363e-04 9.999470e-01 -8.018866e+00
9.999404e-01 1.013951e-05 1.092416e-02 1.931778e+01 -6.012682e-06 9.999999e-01 -3.778853e-04 -8.724215e-01 -1.092407e-02 3.777957e-04 9.999403e-01 -7.730156e+00
9.999189e-01 2.616890e-05 -1.273305e-02 1.973922e+01 -2.062377e-05 9.999999e-01 4.355559e-04 -8.990761e-01 1.273297e-02 -4.352566e-04 9.999188e-01 -7.320806e+00
9.999235e-01 -7.884895e-06 1.237050e-02 2.030268e+01 1.336543e-05 9.999999e-01 -4.430227e-04 -9.262727e-01 -1.237040e-02 4.431528e-04 9.999235e-01 -7.086120e+00
9.999221e-01 4.226151e-05 -1.248065e-02 2.080461e+01 -3.673233e-05 9.999999e-01 4.431818e-04 -9.530805e-01 1.248058e-02 -4.426875e-04 9.999219e-01 -6.784102e+00
9.999692e-01 -4.741585e-05 7.857388e-03 2.126012e+01 5.014798e-05 9.999999e-01 -3.476326e-04 -9.772779e-01 -7.857282e-03 3.480145e-04 9.999691e-01 -6.525652e+00
9.999565e-01 4.327187e-05 -9.328654e-03 2.178921e+01 -3.982732e-05 9.999999e-01 3.693377e-04 -1.003258e+00 9.328580e-03 -3.689487e-04 9.999563e-01 -6.295940e+00
9.999663e-01 -2.823953e-05 8.208584e-03 2.223542e+01 3.105351e-05 9.999999e-01 -3.427921e-04 -1.028964e+00 -8.208485e-03 3.430340e-04 9.999663e-01 -5.960354e+00
9.999605e-01 7.526024e-05 -8.887457e-03 2.257946e+01 -7.206491e-05 9.999999e-01 3.597563e-04 -1.052964e+00 8.887394e-03 -3.591002e-04 9.999604e-01 -5.556894e+00
9.999536e-01 -1.370210e-05 9.639852e-03 2.303296e+01 1.745316e-05 9.999999e-01 -3.891299e-04 -1.078686e+00 -9.639757e-03 3.892787e-04 9.999535e-01 -5.231167e+00
9.999647e-01 7.924605e-05 -8.401695e-03 2.365329e+01 -7.595462e-05 9.999999e-01 3.919754e-04 -1.111255e+00 8.401636e-03 -3.913220e-04 9.999646e-01 -4.843510e+00
9.999731e-01 -6.265323e-05 7.334923e-03 2.419110e+01 6.505905e-05 9.999999e-01 -3.278788e-04 -1.141379e+00 -7.334813e-03 3.283458e-04 9.999731e-01 -4.449547e+00
9.999727e-01 7.962864e-05 -7.379096e-03 2.483086e+01 -7.711296e-05 9.999999e-01 3.410880e-04 -1.172074e+00 7.379034e-03 -3.405083e-04 9.999726e-01 -4.173614e+00
9.999575e-01 -1.009214e-05 9.223345e-03 2.541483e+01 1.375339e-05 9.999999e-01 -3.969881e-04 -1.200615e+00 -9.223251e-03 3.970967e-04 9.999575e-01 -3.910663e+00
9.999770e-01 1.112763e-04 -6.782851e-03 2.586998e+01 -1.089584e-04 9.999999e-01 3.419716e-04 -1.228556e+00 6.782800e-03 -3.412233e-04 9.999769e-01 -3.491856e+00
9.999486e-01 2.002092e-05 1.014057e-02 2.628048e+01 -1.575709e-05 9.999999e-01 -4.206389e-04 -1.255984e+00 -1.014049e-02 4.204561e-04 9.999486e-01 -3.030275e+00
9.999581e-01 6.716179e-05 -9.148776e-03 2.668655e+01 -6.319367e-05 9.999999e-01 4.339303e-04 -1.284828e+00 9.148716e-03 -4.333326e-04 9.999580e-01 -2.503096e+00
9.999042e-01 6.557035e-05 1.384314e-02 2.722957e+01 -5.783746e-05 9.999998e-01 -5.590704e-04 -1.314517e+00 -1.384309e-02 5.582149e-04 9.999041e-01 -2.128208e+00
9.999410e-01 5.922937e-05 -1.086072e-02 2.762124e+01 -5.385737e-05 9.999999e-01 4.948444e-04 -1.342323e+00 1.086066e-02 -4.942289e-04 9.999408e-01 -1.626194e+00
9.998305e-01 1.144636e-04 1.841318e-02 2.804849e+01 -1.013359e-04 9.999997e-01 -7.139301e-04 -1.368913e+00 -1.841316e-02 7.119419e-04 9.998303e-01 -1.222419e+00
9.998858e-01 2.610026e-05 -1.511370e-02 2.832543e+01 -1.657385e-05 9.999998e-01 6.303906e-04 -1.394034e+00 1.511362e-02 -6.300668e-04 9.998855e-01 -6.784017e-01
9.997135e-01 1.518736e-04 2.393584e-02 2.883430e+01 -1.304452e-04 9.999996e-01 -8.968361e-04 -1.421389e+00 -2.393588e-02 8.934556e-04 9.997132e-01 -3.524585e-01
9.998483e-01 1.280411e-05 -1.741753e-02 2.942480e+01 -4.475395e-07 9.999997e-01 7.093949e-04 -1.451336e+00 1.741744e-02 -7.092782e-04 9.998480e-01 -3.578067e-02
9.998334e-01 4.785291e-05 1.825685e-02 3.000792e+01 -3.448051e-05 9.999997e-01 -7.328177e-04 -1.480207e+00 -1.825679e-02 7.320648e-04 9.998331e-01 2.397473e-01
9.998587e-01 2.344500e-05 -1.680651e-02 3.058473e+01 -1.182676e-05 9.999998e-01 6.913503e-04 -1.509303e+00 1.680643e-02 -6.910526e-04 9.998584e-01 5.359274e-01
9.997536e-01 1.423960e-04 2.220057e-02 3.110280e+01 -1.244912e-04 9.999997e-01 -8.079160e-04 -1.540938e+00 -2.220059e-02 8.049518e-04 9.997533e-01 1.031027e+00
9.999049e-01 5.808442e-05 -1.379014e-02 3.173767e+01 -4.981957e-05 9.999998e-01 5.996228e-04 -1.574162e+00 1.379009e-02 -5.988775e-04 9.999047e-01 1.429074e+00
9.998269e-01 8.984269e-05 1.860869e-02 3.231915e+01 -7.671561e-05 9.999997e-01 -7.061807e-04 -1.606310e+00 -1.860866e-02 7.046297e-04 9.998267e-01 1.856294e+00
9.999318e-01 8.299940e-05 -1.167472e-02 3.278800e+01 -7.691998e-05 9.999999e-01 5.211247e-04 -1.635116e+00 1.167467e-02 -5.201899e-04 9.999316e-01 2.300000e+00
9.998189e-01 7.398542e-05 1.903416e-02 3.336932e+01 -5.996238e-05 9.999997e-01 -7.373384e-04 -1.664559e+00 -1.903412e-02 7.360623e-04 9.998186e-01 2.611454e+00
9.998837e-01 3.403790e-05 -1.524819e-02 3.407128e+01 -2.448329e-05 9.999998e-01 6.267505e-04 -1.696648e+00 1.524812e-02 -6.263032e-04 9.998835e-01 2.866278e+00
9.998521e-01 2.859573e-05 1.719905e-02 3.484273e+01 -1.700901e-05 9.999998e-01 -6.738708e-04 -1.730489e+00 -1.719898e-02 6.734774e-04 9.998519e-01 3.098132e+00
9.999350e-01 1.004900e-04 -1.140243e-02 3.574575e+01 -9.437101e-05 9.999999e-01 5.371188e-04 -1.769241e+00 1.140240e-02 -5.360067e-04 9.999348e-01 3.360495e+00
9.996085e-01 1.836776e-04 2.797868e-02 3.655088e+01 -1.555388e-04 9.999995e-01 -1.007922e-03 -1.803894e+00 -2.797876e-02 1.003174e-03 9.996081e-01 3.596964e+00
9.999462e-01 1.276238e-04 -1.037378e-02 3.725649e+01 -1.223246e-04 9.999999e-01 5.114066e-04 -1.837372e+00 1.037376e-02 -5.101091e-04 9.999460e-01 3.917917e+00
9.996689e-01 1.488637e-04 2.573281e-02 3.796826e+01 -1.249261e-04 9.999996e-01 -9.318669e-04 -1.871417e+00 -2.573286e-02 9.283426e-04 9.996685e-01 4.253372e+00
9.998325e-01 3.629466e-05 -1.830354e-02 3.866885e+01 -2.270134e-05 9.999997e-01 7.428403e-04 -1.905958e+00 1.830348e-02 -7.422993e-04 9.998321e-01 4.620384e+00
9.996897e-01 1.348699e-04 2.491129e-02 3.930820e+01 -1.122851e-04 9.999996e-01 -9.080309e-04 -1.939009e+00 -2.491132e-02 9.049510e-04 9.996893e-01 5.009372e+00
9.998973e-01 9.733221e-05 -1.433305e-02 4.008095e+01 -8.814640e-05 9.999998e-01 6.414803e-04 -1.976406e+00 1.433303e-02 -6.401500e-04 9.998970e-01 5.406107e+00
9.997367e-01 1.040500e-04 2.294784e-02 4.091715e+01 -8.460272e-05 9.999996e-01 -8.484474e-04 -2.014895e+00 -2.294784e-02 8.462816e-04 9.997364e-01 5.758002e+00
9.998227e-01 2.505943e-05 -1.882649e-02 4.172266e+01 -1.039782e-05 9.999997e-01 7.788495e-04 -2.052540e+00 1.882642e-02 -7.785148e-04 9.998224e-01 6.115477e+00
9.997224e-01 1.241311e-04 2.356055e-02 4.234616e+01 -1.038812e-04 9.999996e-01 -8.607279e-04 -2.087177e+00 -2.356057e-02 8.580406e-04 9.997221e-01 6.595452e+00
9.998769e-01 6.035852e-05 -1.569138e-02 4.307207e+01 -5.011888e-05 9.999998e-01 6.529297e-04 -2.121910e+00 1.569134e-02 -6.520620e-04 9.998766e-01 6.935835e+00
9.996920e-01 1.497492e-04 2.481949e-02 4.362280e+01 -1.276453e-04 9.999996e-01 -8.921884e-04 -2.153209e+00 -2.481953e-02 8.887446e-04 9.996916e-01 7.381187e+00
9.999414e-01 1.276105e-04 -1.082706e-02 4.419345e+01 -1.220015e-04 9.999999e-01 5.186758e-04 -2.186134e+00 1.082704e-02 -5.173236e-04 9.999412e-01 7.863756e+00
9.997963e-01 1.087034e-04 2.018603e-02 4.478494e+01 -9.412039e-05 9.999997e-01 -7.234026e-04 -2.221631e+00 -2.018602e-02 7.213545e-04 9.997961e-01 8.429369e+00
9.998923e-01 5.010118e-05 -1.467286e-02 4.560477e+01 -4.109250e-05 9.999998e-01 6.142457e-04 -2.260341e+00 1.467281e-02 -6.135758e-04 9.998921e-01 8.815208e+00
9.998387e-01 6.815844e-05 1.796355e-02 4.635984e+01 -5.694333e-05 9.999998e-01 -6.248603e-04 -2.298924e+00 -1.796351e-02 6.237358e-04 9.998385e-01 9.283788e+00
9.998700e-01 3.229271e-05 -1.612216e-02 4.700072e+01 -2.177136e-05 9.999998e-01 6.527547e-04 -2.335433e+00 1.612211e-02 -6.523181e-04 9.998697e-01 9.817826e+00
9.998188e-01 6.434116e-05 1.903805e-02 4.784619e+01 -5.154717e-05 9.999998e-01 -6.725341e-04 -2.375155e+00 -1.903801e-02 6.714301e-04 9.998186e-01 1.020503e+01
9.998787e-01 3.435359e-05 -1.557533e-02 4.880105e+01 -2.477015e-05 9.999998e-01 6.154663e-04 -2.415345e+00 1.557527e-02 -6.150050e-04 9.998784e-01 1.046522e+01
9.998140e-01 8.531749e-05 1.928771e-02 4.953215e+01 -7.239622e-05 9.999998e-01 -6.706404e-04 -2.451457e+00 -1.928769e-02 6.691186e-04 9.998138e-01 1.086087e+01
9.998931e-01 5.647274e-05 -1.461905e-02 5.019767e+01 -4.814762e-05 9.999998e-01 5.697985e-04 -2.485450e+00 1.461901e-02 -5.690329e-04 9.998929e-01 1.125460e+01
9.997762e-01 9.679795e-05 2.115438e-02 5.083226e+01 -8.060263e-05 9.999997e-01 -7.664473e-04 -2.514883e+00 -2.115437e-02 7.645700e-04 9.997760e-01 1.149559e+01
9.998871e-01 7.095332e-05 -1.502781e-02 5.135945e+01 -6.179625e-05 9.999998e-01 6.097839e-04 -2.545811e+00 1.502778e-02 -6.087856e-04 9.998868e-01 1.194729e+01
9.997507e-01 9.976644e-05 2.233039e-02 5.172597e+01 -8.130636e-05 9.999997e-01 -8.276026e-04 -2.570741e+00 -2.233039e-02 8.255799e-04 9.997504e-01 1.236451e+01
9.998707e-01 5.309939e-05 -1.608256e-02 5.207591e+01 -4.324986e-05 9.999998e-01 6.127644e-04 -2.593223e+00 1.608252e-02 -6.119889e-04 9.998704e-01 1.271088e+01
9.996954e-01 1.612586e-04 2.467841e-02 5.242540e+01 -1.404577e-04 9.999996e-01 -8.446241e-04 -2.620395e+00 -2.467846e-02 8.409000e-04 9.996952e-01 1.325983e+01
9.998634e-01 2.423141e-05 -1.652938e-02 5.287518e+01 -1.431659e-05 9.999998e-01 5.999321e-04 -2.647925e+00 1.652932e-02 -5.996129e-04 9.998631e-01 1.367384e+01
9.997104e-01 1.393037e-04 2.406406e-02 5.342105e+01 -1.194592e-04 9.999997e-01 -8.261007e-04 -2.676339e+00 -2.406409e-02 8.229862e-04 9.997102e-01 1.399227e+01
9.998128e-01 -5.083319e-05 -1.935004e-02 5.370615e+01 6.255082e-05 9.999998e-01 6.049437e-04 -2.691723e+00 1.934994e-02 -6.060402e-04 9.998125e-01 1.411002e+01
9.996911e-01 1.742841e-04 2.485454e-02 5.418575e+01 -1.538294e-04 9.999996e-01 -8.248969e-04 -2.713652e+00 -2.485460e-02 8.208182e-04 9.996908e-01 1.425546e+01
9.997986e-01 -4.618649e-05 -2.006660e-02 5.472927e+01 5.951519e-05 9.999998e-01 6.636157e-04 -2.740512e+00 2.006650e-02 -6.646758e-04 9.997983e-01 1.451221e+01
9.996500e-01 1.892342e-04 2.645571e-02 5.513025e+01 -1.654794e-04 9.999996e-01 -9.001054e-04 -2.761913e+00 -2.645580e-02 8.954120e-04 9.996497e-01 1.473916e+01
9.998390e-01 -4.218591e-05 -1.794005e-02 5.541217e+01 5.175207e-05 9.999999e-01 5.327547e-04 -2.773876e+00 1.793995e-02 -5.335969e-04 9.998388e-01 1.473508e+01
9.996839e-01 2.026617e-04 2.514112e-02 5.596591e+01 -1.812943e-04 9.999996e-01 -8.521813e-04 -2.793484e+00 -2.514122e-02 8.473536e-04 9.996836e-01 1.469263e+01
9.999827e-01 9.417451e-05 -5.876712e-03 5.648732e+01 -9.275022e-05 1.000000e+00 2.426048e-04 -2.817204e+00 5.876667e-03 -2.420552e-04 9.999826e-01 1.485996e+01
9.995897e-01 2.640740e-04 2.864071e-02 5.682524e+01 -2.376168e-04 9.999995e-01 -9.271694e-04 -2.840651e+00 -2.864088e-02 9.199832e-04 9.995894e-01 1.526638e+01
9.999969e-01 1.633709e-04 -2.477638e-03 5.714200e+01 -1.629430e-04 1.000000e+00 1.728312e-04 -2.867106e+00 2.477602e-03 -1.724267e-04 9.999968e-01 1.582943e+01
9.995550e-01 2.592641e-04 2.982738e-02 5.748905e+01 -2.296625e-04 9.999995e-01 -9.958564e-04 -2.889907e+00 -2.982756e-02 9.885629e-04 9.995547e-01 1.619945e+01
9.999879e-01 1.259171e-04 -4.909263e-03 5.791120e+01 -1.248178e-04 1.000000e+00 2.242090e-04 -2.911982e+00 4.909230e-03 -2.235935e-04 9.999878e-01 1.643544e+01
9.996633e-01 2.057362e-04 2.594546e-02 5.834111e+01 -1.831446e-04 9.999996e-01 -8.731110e-04 -2.934828e+00 -2.594557e-02 8.680653e-04 9.996631e-01 1.669565e+01
9.999897e-01 1.345838e-04 -4.540954e-03 5.869021e+01 -1.337056e-04 1.000000e+00 1.936954e-04 -2.955689e+00 4.540923e-03 -1.930863e-04 9.999896e-01 1.698438e+01
9.997648e-01 1.432744e-04 2.168628e-02 5.921773e+01 -1.274504e-04 9.999997e-01 -7.310587e-04 -2.980111e+00 -2.168632e-02 7.281230e-04 9.997646e-01 1.717818e+01
9.999945e-01 1.547870e-04 -3.309520e-03 5.961213e+01 -1.542811e-04 1.000000e+00 1.531311e-04 -3.003200e+00 3.309490e-03 -1.526198e-04 9.999944e-01 1.749768e+01
9.997532e-01 1.904460e-04 2.221654e-02 5.981629e+01 -1.754548e-04 9.999998e-01 -6.767226e-04 -3.028603e+00 -2.221661e-02 6.726578e-04 9.997530e-01 1.816249e+01
9.999882e-01 1.411196e-04 -4.857754e-03 5.994995e+01 -1.401511e-04 1.000000e+00 1.997418e-04 -3.053205e+00 4.857731e-03 -1.990589e-04 9.999881e-01 1.888303e+01
9.997268e-01 1.808002e-04 2.337185e-02 6.027698e+01 -1.637073e-04 9.999997e-01 -7.332584e-04 -3.079034e+00 -2.337192e-02 7.292323e-04 9.997267e-01 1.940250e+01
9.999987e-01 2.132636e-04 1.619830e-03 6.058037e+01 -2.132172e-04 1.000000e+00 -2.884640e-05 -3.101574e+00 -1.619884e-03 2.850055e-05 9.999986e-01 1.981928e+01
9.996512e-01 2.232234e-04 2.641003e-02 6.118378e+01 -2.018311e-04 9.999996e-01 -8.126643e-04 -3.127615e+00 -2.641016e-02 8.070510e-04 9.996510e-01 1.997464e+01
9.999981e-01 2.245893e-04 1.924589e-03 6.189150e+01 -2.245326e-04 1.000000e+00 -2.972238e-05 -3.156609e+00 -1.924637e-03 2.928958e-05 9.999981e-01 2.011217e+01
9.996745e-01 2.051204e-04 2.551347e-02 6.247789e+01 -1.846849e-04 9.999997e-01 -8.033195e-04 -3.181414e+00 -2.551359e-02 7.983467e-04 9.996743e-01 2.024046e+01
9.999997e-01 2.084349e-04 7.245659e-04 6.290429e+01 -2.084456e-04 1.000000e+00 1.458274e-05 -3.205674e+00 -7.246001e-04 -1.473455e-05 9.999996e-01 2.056457e+01
9.998155e-01 1.037411e-04 1.920694e-02 6.339092e+01 -9.211514e-05 9.999998e-01 -6.061744e-04 -3.232158e+00 -1.920696e-02 6.042942e-04 9.998154e-01 2.089405e+01
9.999998e-01 2.012062e-04 -5.546900e-04 6.393652e+01 -2.011822e-04 1.000000e+00 4.365804e-05 -3.259116e+00 5.546651e-04 -4.354735e-05 9.999997e-01 2.116420e+01
9.998269e-01 8.650551e-05 1.860555e-02 6.436627e+01 -7.535891e-05 9.999998e-01 -5.997934e-04 -3.283031e+00 -1.860557e-02 5.982885e-04 9.998268e-01 2.146772e+01
9.999993e-01 2.290158e-04 1.129782e-03 6.472071e+01 -2.290077e-04 1.000000e+00 -7.403634e-06 -3.305589e+00 -1.129814e-03 7.143865e-06 9.999993e-01 2.181880e+01
9.997742e-01 1.237778e-04 2.124974e-02 6.504289e+01 -1.090877e-04 9.999998e-01 -6.924586e-04 -3.325721e+00 -2.124979e-02 6.899852e-04 9.997741e-01 2.211267e+01
9.999968e-01 1.765912e-04 -2.534078e-03 6.558641e+01 -1.762866e-04 1.000000e+00 1.204747e-04 -3.351961e+00 2.534073e-03 -1.200287e-04 9.999967e-01 2.235458e+01
9.997829e-01 1.207139e-04 2.083670e-02 6.608150e+01 -1.067764e-04 9.999998e-01 -6.699963e-04 -3.378339e+00 -2.083676e-02 6.676272e-04 9.997828e-01 2.267119e+01
9.999960e-01 1.625382e-04 -2.816467e-03 6.649984e+01 -1.622414e-04 1.000000e+00 1.056765e-04 -3.400833e+00 2.816462e-03 -1.052205e-04 9.999959e-01 2.292490e+01
9.997046e-01 1.666786e-04 2.430404e-02 6.695213e+01 -1.472905e-04 9.999997e-01 -7.995136e-04 -3.420593e+00 -2.430415e-02 7.956990e-04 9.997044e-01 2.302669e+01
9.999734e-01 1.102644e-04 -7.296545e-03 6.748104e+01 -1.083685e-04 1.000000e+00 2.602488e-04 -3.445022e+00 7.296554e-03 -2.594525e-04 9.999732e-01 2.321216e+01
9.997408e-01 1.461486e-04 2.276632e-02 6.817270e+01 -1.292844e-04 9.999997e-01 -7.422184e-04 -3.472344e+00 -2.276640e-02 7.390842e-04 9.997406e-01 2.330107e+01
9.999212e-01 5.095333e-05 -1.255282e-02 6.890169e+01 -4.571462e-05 9.999999e-01 4.176276e-04 -3.501237e+00 1.255283e-02 -4.170223e-04 9.999210e-01 2.339900e+01
9.997296e-01 1.385481e-04 2.325222e-02 6.962228e+01 -1.204257e-04 9.999997e-01 -7.807769e-04 -3.526951e+00 -2.325231e-02 7.777672e-04 9.997294e-01 2.338438e+01
9.999948e-01 1.915805e-04 -3.203629e-03 7.017593e+01 -1.911101e-04 1.000000e+00 1.471795e-04 -3.550390e+00 3.203644e-03 -1.465681e-04 9.999948e-01 2.350298e+01
9.997992e-01 8.510239e-05 2.003729e-02 7.082969e+01 -7.174266e-05 9.999998e-01 -6.674564e-04 -3.577828e+00 -2.003733e-02 6.658865e-04 9.997991e-01 2.365020e+01
9.999998e-01 2.320761e-04 -5.677978e-04 7.142556e+01 -2.320466e-04 1.000000e+00 5.216506e-05 -3.602557e+00 5.678002e-04 -5.203502e-05 9.999997e-01 2.376702e+01
9.997292e-01 1.153694e-04 2.327001e-02 7.184533e+01 -9.693225e-05 9.999997e-01 -7.934381e-04 -3.619008e+00 -2.327009e-02 7.909694e-04 9.997290e-01 2.377979e+01
9.999991e-01 2.746937e-04 1.350159e-03 7.199966e+01 -2.747308e-04 1.000000e+00 2.727013e-05 -3.635408e+00 -1.350156e-03 -2.764291e-05 9.999990e-01 2.413504e+01
9.998087e-01 6.999871e-05 1.956127e-02 7.234756e+01 -5.713398e-05 9.999998e-01 -6.582202e-04 -3.658782e+00 -1.956131e-02 6.569786e-04 9.998085e-01 2.452927e+01
9.999690e-01 3.726877e-04 7.865328e-03 7.293792e+01 -3.711888e-04 9.999999e-01 -1.920264e-04 -3.682364e+00 -7.865399e-03 1.890989e-04 9.999689e-01 2.460945e+01
9.997371e-01 1.271034e-04 2.292644e-02 7.359804e+01 -1.102406e-04 9.999997e-01 -7.367804e-04 -3.707823e+00 -2.292653e-02 7.340614e-04 9.997370e-01 2.467621e+01
9.999703e-01 3.723184e-04 7.698118e-03 7.423803e+01 -3.707950e-04 9.999999e-01 -1.993089e-04 -3.732474e+00 -7.698185e-03 1.964463e-04 9.999702e-01 2.473535e+01
9.996411e-01 1.748997e-04 2.678945e-02 7.479050e+01 -1.519114e-04 9.999996e-01 -8.601475e-04 -3.753472e+00 -2.678960e-02 8.557715e-04 9.996408e-01 2.476439e+01
9.999617e-01 4.000018e-04 8.737358e-03 7.535071e+01 -3.979756e-04 9.999999e-01 -2.336142e-04 -3.774933e+00 -8.737438e-03 2.301256e-04 9.999617e-01 2.480311e+01
9.996036e-01 1.821943e-04 2.815237e-02 7.582155e+01 -1.569651e-04 9.999996e-01 -8.983804e-04 -3.792851e+00 -2.815254e-02 8.936079e-04 9.996033e-01 2.481214e+01
9.999811e-01 3.340151e-04 6.136471e-03 7.621274e+01 -3.328354e-04 9.999999e-01 -1.932291e-04 -3.806064e+00 -6.136515e-03 1.911804e-04 9.999811e-01 2.472429e+01
9.997094e-01 7.053101e-05 2.410727e-02 7.656796e+01 -5.082165e-05 9.999997e-01 -8.181931e-04 -3.813780e+00 -2.410734e-02 8.167329e-04 9.997091e-01 2.444583e+01
9.999862e-01 3.619442e-04 5.243962e-03 7.698687e+01 -3.611656e-04 9.999999e-01 -1.493665e-04 -3.826494e+00 -5.243990e-03 1.474677e-04 9.999861e-01 2.430496e+01
9.997830e-01 5.935752e-05 2.082997e-02 7.757430e+01 -4.523604e-05 9.999998e-01 -6.784298e-04 -3.846640e+00 -2.083004e-02 6.773432e-04 9.997829e-01 2.425371e+01
9.999996e-01 2.802656e-04 8.286531e-04 7.830176e+01 -2.802480e-04 1.000000e+00 -2.079679e-05 -3.869943e+00 -8.286285e-04 2.056164e-05 9.999996e-01 2.414209e+01
9.998122e-01 3.558985e-05 1.937811e-02 7.911515e+01 -2.351095e-05 9.999998e-01 -6.235792e-04 -3.895023e+00 -1.937816e-02 6.230094e-04 9.998121e-01 2.398871e+01
9.999945e-01 3.090242e-04 3.291796e-03 7.982548e+01 -3.086313e-04 9.999999e-01 -1.196756e-04 -3.916635e+00 -3.291798e-03 1.186559e-04 9.999945e-01 2.383628e+01
9.998425e-01 6.142815e-06 1.774811e-02 8.052008e+01 3.795646e-06 9.999998e-01 -5.599711e-04 -3.939136e+00 -1.774814e-02 5.599534e-04 9.998424e-01 2.373538e+01
9.999999e-01 2.590081e-04 -4.133684e-04 8.132980e+01 -2.590066e-04 1.000000e+00 2.093908e-06 -3.965114e+00 4.134069e-04 -1.989970e-06 9.999998e-01 2.361945e+01
9.998507e-01 3.967254e-06 1.727712e-02 8.216841e+01 5.554356e-06 9.999998e-01 -5.510998e-04 -3.990650e+00 -1.727716e-02 5.511167e-04 9.998507e-01 2.345059e+01
9.999963e-01 2.195262e-04 -2.709456e-03 8.294555e+01 -2.193589e-04 1.000000e+00 6.175876e-05 -4.015014e+00 2.709510e-03 -6.116739e-05 9.999962e-01 2.331143e+01
9.999630e-01 -1.188589e-04 8.600294e-03 8.372222e+01 1.213838e-04 9.999999e-01 -2.931396e-04 -4.040822e+00 -8.600301e-03 2.941760e-04 9.999631e-01 2.321770e+01
9.999277e-01 4.154614e-04 1.201896e-02 8.430902e+01 -4.107803e-04 9.999998e-01 -3.918825e-04 -4.061312e+00 -1.201908e-02 3.869138e-04 9.999276e-01 2.317978e+01
9.999217e-01 -9.775432e-05 1.251771e-02 8.463503e+01 1.030809e-04 9.999999e-01 -4.249426e-04 -4.073725e+00 -1.251771e-02 4.262030e-04 9.999217e-01 2.313641e+01
9.999911e-01 3.320290e-04 4.198592e-03 8.511735e+01 -3.313855e-04 9.999999e-01 -1.537427e-04 -4.092607e+00 -4.198596e-03 1.523467e-04 9.999911e-01 2.316023e+01
9.999837e-01 -1.912396e-04 5.705571e-03 8.569889e+01 1.924075e-04 1.000000e+00 -2.043014e-04 -4.115299e+00 -5.705579e-03 2.053993e-04 9.999838e-01 2.319531e+01
9.999993e-01 2.992126e-04 1.120977e-03 8.636863e+01 -2.991229e-04 1.000000e+00 -7.940271e-05 -4.137494e+00 -1.120953e-03 7.906393e-05 9.999993e-01 2.309878e+01
9.999989e-01 -2.449871e-04 1.476121e-03 8.707232e+01 2.450656e-04 1.000000e+00 -5.362884e-05 -4.163089e+00 -1.476157e-03 5.399397e-05 9.999990e-01 2.308251e+01
9.999992e-01 2.656404e-04 -1.209178e-03 8.789393e+01 -2.656084e-04 1.000000e+00 2.586806e-05 -4.193837e+00 1.209234e-03 -2.555031e-05 9.999992e-01 2.311247e+01
9.999955e-01 -2.259536e-04 3.001690e-03 8.878158e+01 2.262466e-04 1.000000e+00 -9.756611e-05 -4.225561e+00 -3.001716e-03 9.824825e-05 9.999956e-01 2.309801e+01
9.999451e-01 4.166518e-04 1.047260e-02 8.942943e+01 -4.128674e-04 9.999998e-01 -3.634374e-04 -4.249165e+00 -1.047270e-02 3.590902e-04 9.999450e-01 2.309414e+01
9.999982e-01 -2.690560e-04 -1.862180e-03 9.007611e+01 2.691774e-04 1.000000e+00 6.548832e-05 -4.275186e+00 1.862112e-03 -6.598595e-05 9.999984e-01 2.317356e+01
9.999624e-01 3.247448e-04 -8.660588e-03 9.063972e+01 -3.233440e-04 9.999999e-01 1.630335e-04 -4.299082e+00 8.660690e-03 -1.602305e-04 9.999624e-01 2.327869e+01
9.999979e-01 -3.112208e-04 -2.016787e-03 9.128431e+01 3.113850e-04 9.999999e-01 8.154553e-05 -4.325317e+00 2.016713e-03 -8.216988e-05 9.999981e-01 2.336900e+01
9.999651e-01 2.986936e-04 -8.345486e-03 9.200583e+01 -2.972941e-04 9.999999e-01 1.688155e-04 -4.353161e+00 8.345584e-03 -1.663320e-04 9.999651e-01 2.342135e+01
9.999750e-01 -3.006578e-04 -7.070862e-03 9.261062e+01 3.021187e-04 9.999999e-01 2.056772e-04 -4.377925e+00 7.070753e-03 -2.078049e-04 9.999751e-01 2.351813e+01
9.999597e-01 3.142304e-04 -8.971786e-03 9.318361e+01 -3.127257e-04 9.999999e-01 1.690170e-04 -4.401129e+00 8.971883e-03 -1.662078e-04 9.999596e-01 2.359609e+01
9.999566e-01 -3.228564e-04 -9.310759e-03 9.382996e+01 3.252705e-04 9.999999e-01 2.578589e-04 -4.425145e+00 9.310632e-03 -2.608729e-04 9.999567e-01 2.360969e+01
9.998834e-01 4.227478e-04 -1.526456e-02 9.431444e+01 -4.180211e-04 9.999999e-01 3.127891e-04 -4.444139e+00 1.526473e-02 -3.063750e-04 9.998833e-01 2.364828e+01
9.999747e-01 -3.266922e-04 -7.111943e-03 9.477878e+01 3.281452e-04 9.999999e-01 2.032379e-04 -4.464120e+00 7.111836e-03 -2.055633e-04 9.999748e-01 2.375201e+01
9.999743e-01 3.051311e-04 -7.159685e-03 9.539224e+01 -3.041569e-04 9.999999e-01 1.370599e-04 -4.489212e+00 7.159764e-03 -1.348819e-04 9.999743e-01 2.384967e+01
9.999786e-01 -3.382237e-04 -6.528699e-03 9.603564e+01 3.394580e-04 9.999999e-01 1.880563e-04 -4.514935e+00 6.528598e-03 -1.902653e-04 9.999788e-01 2.393237e+01
9.999931e-01 3.108882e-04 -3.699421e-03 9.655608e+01 -3.107074e-04 1.000000e+00 4.928354e-05 -4.539644e+00 3.699472e-03 -4.813695e-05 9.999931e-01 2.413032e+01
9.999994e-01 -3.446263e-04 -1.078094e-03 9.713051e+01 3.446930e-04 9.999999e-01 6.223470e-05 -4.566459e+00 1.078037e-03 -6.260308e-05 9.999995e-01 2.432837e+01
9.999616e-01 2.962828e-04 -8.753570e-03 9.779676e+01 -2.946841e-04 9.999999e-01 1.838564e-04 -4.594240e+00 8.753659e-03 -1.812730e-04 9.999616e-01 2.445333e+01
9.999916e-01 -3.056240e-04 -4.076558e-03 9.833233e+01 3.061128e-04 9.999999e-01 1.194231e-04 -4.618199e+00 4.076488e-03 -1.206669e-04 9.999918e-01 2.460142e+01
9.999655e-01 2.778150e-04 -8.298453e-03 9.892126e+01 -2.763936e-04 9.999999e-01 1.723617e-04 -4.643814e+00 8.298532e-03 -1.700653e-04 9.999655e-01 2.475082e+01
9.999994e-01 -3.138030e-04 -1.094103e-03 9.947768e+01 3.138693e-04 9.999999e-01 6.090067e-05 -4.670286e+00 1.094053e-03 -6.124093e-05 9.999995e-01 2.496907e+01
9.999559e-01 2.729708e-04 -9.386929e-03 1.000093e+02 -2.715290e-04 1.000000e+00 1.548137e-04 -4.692610e+00 9.387001e-03 -1.522611e-04 9.999558e-01 2.504857e+01
9.999861e-01 -2.882184e-04 -5.261054e-03 1.005402e+02 2.890810e-04 9.999999e-01 1.632973e-04 -4.714421e+00 5.260978e-03 -1.648129e-04 9.999862e-01 2.511939e+01
9.999349e-01 2.701812e-04 -1.140453e-02 1.011746e+02 -2.677205e-04 9.999999e-01 2.172547e-04 -4.737948e+00 1.140462e-02 -2.141904e-04 9.999348e-01 2.512678e+01
9.999894e-01 -2.765371e-04 -4.602893e-03 1.017563e+02 2.772038e-04 1.000000e+00 1.442800e-04 -4.761269e+00 4.602827e-03 -1.455514e-04 9.999895e-01 2.520010e+01
