9.994640e-01 5.237174e-04 3.273208e-02 3.639772e-01 -4.920404e-04 9.999994e-01 -9.758134e-04 -2.498322e-02 -3.273258e-02 9.591845e-04 9.994638e-01 4.408807e-01
9.999975e-01 8.865680e-06 2.248294e-03 5.246610e-01 -8.617563e-06 1.000000e+00 -1.103636e-04 -4.148351e-02 -2.248288e-03 1.103442e-04 9.999974e-01 8.015136e-01
9.993721e-01 5.830543e-04 3.542711e-02 6.917930e-01 -5.468220e-04 9.999993e-01 -1.032411e-03 -6.091439e-02 -3.542770e-02 1.012390e-03 9.993718e-01 1.272227e+00
9.999990e-01 -1.508028e-05 1.434023e-03 9.124827e-01 1.521261e-05 1.000000e+00 -9.226255e-05 -8.122058e-02 -1.434008e-03 9.228433e-05 9.999989e-01 1.711545e+00
9.993084e-01 6.118939e-04 3.717962e-02 1.096004e+00 -5.716976e-04 9.999992e-01 -1.091761e-03 -1.002647e-01 -3.718028e-02 1.069751e-03 9.993081e-01 2.148387e+00
9.999772e-01 4.902280e-05 6.750861e-03 1.221151e+00 -4.731883e-05 1.000000e+00 -2.525619e-04 -1.163783e-01 -6.750851e-03 2.522365e-04 9.999771e-01 2.532146e+00
9.995481e-01 5.380639e-04 3.005600e-02 1.419433e+00 -5.123386e-04 9.999995e-01 -8.636100e-04 -1.353657e-01 -3.005648e-02 8.478211e-04 9.995479e-01 2.949111e+00
9.999275e-01 9.095032e-05 1.203930e-02 1.548005e+00 -8.590126e-05 9.999999e-01 -4.198919e-04 -1.523750e-01 -1.203931e-02 4.188269e-04 9.999273e-01 3.366568e+00
9.995170e-01 5.638761e-04 3.107063e-02 1.681192e+00 -5.366434e-04 9.999995e-01 -8.848139e-04 -1.701170e-01 -3.107115e-02 8.677132e-04 9.995169e-01 3.812380e+00
9.999537e-01 8.936983e-05 9.618498e-03 1.837516e+00 -8.635394e-05 9.999999e-01 -3.139523e-04 -1.915862e-01 -9.618488e-03 3.131066e-04 9.999536e-01 4.376984e+00
9.995079e-01 5.658297e-04 3.136426e-02 2.001098e+00 -5.371299e-04 9.999994e-01 -9.234712e-04 -2.117277e-01 -3.136480e-02 9.061708e-04 9.995077e-01 4.883579e+00
9.999828e-01 2.988181e-05 5.857145e-03 2.244654e+00 -2.873665e-05 1.000000e+00 -1.955640e-04 -2.329148e-01 -5.857106e-03 1.953916e-04 9.999827e-01 5.333101e+00
9.996276e-01 4.977872e-04 2.728394e-02 2.502129e+00 -4.756197e-04 9.999996e-01 -8.189652e-04 -2.542565e-01 -2.728439e-02 8.056843e-04 9.996275e-01 5.770225e+00
9.998442e-01 2.060941e-04 1.765111e-02 2.696351e+00 -1.965763e-04 9.999998e-01 -5.409373e-04 -2.702961e-01 -1.765116e-02 5.373823e-04 9.998440e-01 6.066019e+00
9.998153e-01 4.070152e-04 1.921733e-02 2.971678e+00 -3.967042e-04 9.999998e-01 -5.403704e-04 -2.940002e-01 -1.921760e-02 5.326480e-04 9.998153e-01 6.575028e+00
9.999682e-01 5.619394e-05 7.968861e-03 3.268835e+00 -5.436924e-05 1.000000e+00 -2.291497e-04 -3.212376e-01 -7.968817e-03 2.287080e-04 9.999681e-01 7.195855e+00
9.997769e-01 4.274086e-04 2.111687e-02 3.499167e+00 -4.142190e-04 9.999997e-01 -6.289870e-04 -3.454003e-01 -2.111719e-02 6.201009e-04 9.997769e-01 7.779339e+00
9.998537e-01 1.860233e-04 1.710379e-02 3.706184e+00 -1.772441e-04 9.999999e-01 -5.147810e-04 -3.662527e-01 -1.710382e-02 5.116729e-04 9.998535e-01 8.262752e+00
9.998683e-01 3.534427e-04 1.622769e-02 3.906276e+00 -3.459880e-04 9.999998e-01 -4.622143e-04 -3.885837e-01 -1.622791e-02 4.565401e-04 9.998683e-01 8.809850e+00
9.998120e-01 1.908215e-04 1.938950e-02 4.129292e+00 -1.785319e-04 9.999998e-01 -6.355280e-04 -4.073560e-01 -1.938955e-02 6.319455e-04 9.998117e-01 9.185935e+00
9.996635e-01 4.655139e-04 2.593602e-02 4.314119e+00 -4.460325e-04 9.999996e-01 -7.569345e-04 -4.200289e-01 -2.593643e-02 7.451129e-04 9.996634e-01 9.337164e+00
9.999972e-01 -1.190508e-05 2.374035e-03 4.843466e+00 1.215567e-05 1.000000e+00 -1.052594e-04 -4.438690e-01 -2.373960e-03 1.052865e-04 9.999971e-01 9.507623e+00
9.998255e-01 3.513839e-04 1.867766e-02 5.512344e+00 -3.415324e-04 9.999998e-01 -5.306746e-04 -4.728406e-01 -1.867792e-02 5.242045e-04 9.998255e-01 9.697734e+00
9.999907e-01 -1.169802e-04 -4.301288e-03 6.248661e+00 1.173398e-04 1.000000e+00 8.319253e-05 -5.030164e-01 4.301354e-03 -8.369804e-05 9.999907e-01 9.843160e+00
9.998222e-01 3.609690e-04 1.885356e-02 7.052124e+00 -3.511587e-04 9.999998e-01 -5.236890e-04 -5.349046e-01 -1.885382e-02 5.169769e-04 9.998222e-01 9.971715e+00
9.999810e-01 -1.391753e-04 -6.166084e-03 7.676649e+00 1.400266e-04 1.000000e+00 1.375045e-04 -5.644465e-01 6.166142e-03 -1.383669e-04 9.999809e-01 1.024538e+01
9.997556e-01 4.100776e-04 2.210586e-02 8.342456e+00 -3.962121e-04 9.999997e-01 -6.316412e-04 -5.937770e-01 -2.210619e-02 6.227298e-04 9.997555e-01 1.045670e+01
1.000000e+00 -4.507859e-05 1.884635e-04 9.001936e+00 4.508975e-05 1.000000e+00 -5.476224e-05 -6.206104e-01 -1.883815e-04 5.476908e-05 9.999999e-01 1.057525e+01
9.998204e-01 3.670325e-04 1.895111e-02 9.606723e+00 -3.568878e-04 9.999998e-01 -5.387345e-04 -6.475358e-01 -1.895138e-02 5.318760e-04 9.998203e-01 1.077022e+01
9.999758e-01 -1.422573e-04 -6.949029e-03 1.025202e+01 1.435211e-04 1.000000e+00 1.812378e-04 -6.780323e-01 6.949084e-03 -1.822325e-04 9.999758e-01 1.105357e+01
9.999326e-01 2.659823e-04 1.160969e-02 1.092461e+01 -2.623811e-04 9.999999e-01 -3.117927e-04 -7.100073e-01 -1.160986e-02 3.087272e-04 9.999326e-01 1.135708e+01
9.999999e-01 -6.647407e-05 -3.201730e-04 1.153185e+01 6.646382e-05 1.000000e+00 -3.492146e-05 -7.392428e-01 3.202576e-04 3.489846e-05 9.999999e-01 1.164265e+01
9.998894e-01 3.316140e-04 1.486941e-02 1.197134e+01 -3.259066e-04 9.999999e-01 -3.863180e-04 -7.665677e-01 -1.486962e-02 3.814309e-04 9.998894e-01 1.207632e+01
9.999956e-01 -1.045922e-04 -2.947590e-03 1.239509e+01 1.047135e-04 1.000000e+00 4.068833e-05 -7.935836e-01 2.947670e-03 -4.099855e-05 9.999956e-01 1.251902e+01
9.998909e-01 3.150511e-04 1.476916e-02 1.286249e+01 -3.091872e-04 9.999999e-01 -3.993801e-04 -8.206430e-01 -1.476937e-02 3.947719e-04 9.998909e-01 1.290104e+01
9.999788e-01 -1.462836e-04 -6.513208e-03 1.329802e+01 1.472443e-04 1.000000e+00 1.468606e-04 -8.469115e-01 6.513271e-03 -1.478183e-04 9.999787e-01 1.328585e+01
9.999295e-01 2.809687e-04 1.187152e-02 1.362855e+01 -2.771954e-04 9.999999e-01 -3.195699e-04 -8.707492e-01 -1.187170e-02 3.162584e-04 9.999296e-01 1.370962e+01
9.999989e-01 -9.392710e-05 -1.434852e-03 1.396880e+01 9.390866e-05 1.000000e+00 -1.363552e-05 -8.938511e-01 1.434939e-03 1.349898e-05 9.999989e-01 1.409647e+01
9.999425e-01 2.775482e-04 1.072623e-02 1.428885e+01 -2.746695e-04 9.999999e-01 -2.699407e-04 -9.180952e-01 -1.072639e-02 2.669808e-04 9.999425e-01 1.455416e+01
9.999980e-01 -9.449919e-05 -1.990773e-03 1.462790e+01 9.451151e-05 1.000000e+00 5.560617e-06 -9.430669e-01 1.990859e-03 -5.750556e-06 9.999979e-01 1.501498e+01
9.999272e-01 2.914291e-04 1.206276e-02 1.508238e+01 -2.877658e-04 9.999999e-01 -3.055091e-04 -9.697364e-01 -1.206294e-02 3.020174e-04 9.999273e-01 1.539871e+01
9.999754e-01 -1.209781e-04 -7.007935e-03 1.530661e+01 1.221187e-04 1.000000e+00 1.621716e-04 -9.927251e-01 7.008003e-03 -1.630253e-04 9.999754e-01 1.594554e+01
9.999753e-01 1.362877e-04 7.025908e-03 1.560731e+01 -1.347752e-04 1.000000e+00 -2.159041e-04 -1.012159e+00 -7.026025e-03 2.149537e-04 9.999754e-01 1.623075e+01
9.999728e-01 -1.697331e-04 -7.376232e-03 1.613784e+01 1.708444e-04 1.000000e+00 1.498813e-04 -1.033602e+00 7.376294e-03 -1.511393e-04 9.999727e-01 1.628472e+01
9.999674e-01 2.318278e-04 8.069880e-03 1.633500e+01 -2.299762e-04 9.999999e-01 -2.304943e-04 -1.050260e+00 -8.070020e-03 2.286327e-04 9.999675e-01 1.659042e+01
9.999813e-01 -1.552011e-04 -6.107978e-03 1.658337e+01 1.558315e-04 1.000000e+00 1.025614e-04 -1.067421e+00 6.108049e-03 -1.035132e-04 9.999813e-01 1.684558e+01
9.999435e-01 2.666577e-04 1.062624e-02 1.697114e+01 -2.636883e-04 9.999999e-01 -2.809438e-04 -1.088967e+00 -1.062640e-02 2.781277e-04 9.999436e-01 1.710492e+01
9.999925e-01 -1.300039e-04 -3.875120e-03 1.748064e+01 1.301246e-04 1.000000e+00 3.062392e-05 -1.112778e+00 3.875204e-03 -3.112978e-05 9.999924e-01 1.729506e+01
9.998848e-01 3.159305e-04 1.517372e-02 1.804837e+01 -3.094077e-04 9.999999e-01 -4.322962e-04 -1.135481e+00 -1.517395e-02 4.275534e-04 9.998849e-01 1.736231e+01
9.999999e-01 -5.972654e-05 4.481118e-04 1.868297e+01 5.975666e-05 1.000000e+00 -6.459132e-05 -1.162140e+00 -4.480188e-04 6.461622e-05 9.999998e-01 1.750629e+01
9.999186e-01 2.707325e-04 1.275974e-02 1.921693e+01 -2.658518e-04 9.999999e-01 -3.842998e-04 -1.184790e+00 -1.275993e-02 3.808781e-04 9.999186e-01 1.762075e+01
9.999999e-01 -3.871912e-05 2.967017e-04 1.963979e+01 3.872816e-05 1.000000e+00 -2.634845e-05 -1.209208e+00 -2.966103e-04 2.635804e-05 9.999999e-01 1.795578e+01
9.999963e-01 1.608138e-04 2.728396e-03 1.993542e+01 -1.606108e-04 1.000000e+00 -7.509618e-05 -1.232053e+00 -2.728498e-03 7.465958e-05 9.999963e-01 1.838740e+01
9.999966e-01 -3.822648e-05 2.597319e-03 2.027444e+01 3.855241e-05 1.000000e+00 -1.249663e-04 -1.253865e+00 -2.597224e-03 1.250641e-04 9.999965e-01 1.871999e+01
9.999725e-01 2.384232e-04 7.421871e-03 2.081053e+01 -2.368374e-04 9.999999e-01 -2.147046e-04 -1.278250e+00 -7.422013e-03 2.129428e-04 9.999725e-01 1.889656e+01
9.999921e-01 -1.284389e-04 -3.956400e-03 2.148317e+01 1.286978e-04 1.000000e+00 6.487826e-05 -1.303082e+00 3.956483e-03 -6.538885e-05 9.999921e-01 1.890388e+01
9.999565e-01 2.736973e-04 9.324044e-03 2.199200e+01 -2.715088e-04 9.999999e-01 -2.361130e-04 -1.329259e+00 -9.324200e-03 2.335731e-04 9.999566e-01 1.919124e+01
9.999914e-01 -3.175566e-05 4.150488e-03 2.228776e+01 3.239763e-05 1.000000e+00 -1.542973e-04 -1.353958e+00 -4.150391e-03 1.544285e-04 9.999913e-01 1.971133e+01
9.999895e-01 2.209460e-04 4.577262e-03 2.266081e+01 -2.205182e-04 1.000000e+00 -9.426776e-05 -1.380675e+00 -4.577375e-03 9.325932e-05 9.999896e-01 2.020565e+01
9.999991e-01 -2.694893e-05 1.293455e-03 2.294237e+01 2.696757e-05 1.000000e+00 -1.338040e-05 -1.410075e+00 -1.293362e-03 1.341335e-05 9.999991e-01 2.093757e+01
9.999988e-01 1.755912e-04 1.544337e-03 2.328663e+01 -1.755851e-04 1.000000e+00 -4.902436e-06 -1.439783e+00 -1.544431e-03 4.633171e-06 9.999989e-01 2.160195e+01
9.999984e-01 -1.467946e-04 -1.782159e-03 2.377152e+01 1.468863e-04 1.000000e+00 5.059080e-05 -1.469846e+00 1.782244e-03 -5.085440e-05 9.999983e-01 2.207970e+01
9.999986e-01 1.931674e-04 1.661327e-03 2.415359e+01 -1.931787e-04 1.000000e+00 5.878389e-06 -1.499057e+00 -1.661418e-03 -6.197422e-06 9.999987e-01 2.266508e+01
9.999998e-01 -1.192472e-04 -5.783656e-04 2.453157e+01 1.192332e-04 1.000000e+00 -2.650563e-05 -1.525077e+00 5.784615e-04 2.643476e-05 9.999998e-01 2.311965e+01
9.997793e-01 4.784473e-04 2.100654e-02 2.485132e+01 -4.667089e-04 9.999997e-01 -5.637605e-04 -1.551623e+00 -2.100690e-02 5.538340e-04 9.997792e-01 2.368419e+01
9.999898e-01 -1.344191e-04 -4.516544e-03 2.514957e+01 1.350254e-04 1.000000e+00 1.336306e-04 -1.580606e+00 4.516620e-03 -1.342410e-04 9.999897e-01 2.437131e+01
9.999765e-01 2.571832e-04 6.852285e-03 2.565073e+01 -2.564312e-04 1.000000e+00 -1.108195e-04 -1.615295e+00 -6.852408e-03 1.090616e-04 9.999766e-01 2.502657e+01
9.999934e-01 -1.413608e-04 -3.624411e-03 2.625828e+01 1.416252e-04 1.000000e+00 7.231456e-05 -1.649862e+00 3.624495e-03 -7.282929e-05 9.999934e-01 2.553157e+01
9.999889e-01 2.024147e-04 4.705202e-03 2.694147e+01 -2.021683e-04 1.000000e+00 -5.311653e-05 -1.684463e+00 -4.705307e-03 5.216658e-05 9.999890e-01 2.592239e+01
9.999924e-01 -1.257149e-04 -3.888767e-03 2.746198e+01 1.261960e-04 1.000000e+00 1.231124e-04 -1.719448e+00 3.888846e-03 -1.236041e-04 9.999924e-01 2.655992e+01
9.999737e-01 2.659265e-04 7.259105e-03 2.790499e+01 -2.647128e-04 1.000000e+00 -1.683440e-04 -1.751272e+00 -7.259244e-03 1.664199e-04 9.999737e-01 2.716925e+01
9.999875e-01 -4.215249e-05 4.984823e-03 2.854916e+01 4.300005e-05 1.000000e+00 -1.696468e-04 -1.784091e+00 -4.984721e-03 1.698571e-04 9.999875e-01 2.754294e+01
9.999443e-01 2.890065e-04 1.055814e-02 2.926635e+01 -2.860618e-04 9.999999e-01 -2.805407e-04 -1.817513e+00 -1.055832e-02 2.775067e-04 9.999443e-01 2.784233e+01
9.999917e-01 -4.107439e-05 4.073885e-03 2.999537e+01 4.158302e-05 1.000000e+00 -1.244192e-04 -1.852022e+00 -4.073784e-03 1.245857e-04 9.999916e-01 2.817040e+01
9.999793e-01 2.534497e-04 6.435386e-03 3.048145e+01 -2.524993e-04 1.000000e+00 -1.487121e-04 -1.883421e+00 -6.435520e-03 1.470860e-04 9.999793e-01 2.869851e+01
9.999972e-01 -1.157531e-04 -2.366024e-03 3.108342e+01 1.159313e-04 1.000000e+00 7.456863e-05 -1.917005e+00 2.366112e-03 -7.484461e-05 9.999971e-01 2.916132e+01
9.999589e-01 2.882907e-04 9.070417e-03 3.161609e+01 -2.860246e-04 9.999999e-01 -2.512971e-04 -1.947506e+00 -9.070585e-03 2.486943e-04 9.999589e-01 2.959139e+01
9.999998e-01 -9.347636e-05 -5.522067e-04 3.189800e+01 9.349298e-05 1.000000e+00 2.742818e-05 -1.973933e+00 5.523006e-04 -2.748169e-05 9.999998e-01 3.019609e+01
9.999997e-01 2.133146e-04 8.322727e-04 3.197867e+01 -2.133238e-04 1.000000e+00 9.243848e-06 -1.997369e+00 -8.323673e-04 -9.419525e-06 9.999997e-01 3.093562e+01
9.999999e-01 -9.131286e-05 2.955195e-04 3.210860e+01 9.130337e-05 1.000000e+00 3.703294e-05 -2.024137e+00 -2.954263e-04 -3.700782e-05 9.999999e-01 3.175009e+01
9.999963e-01 2.497342e-04 2.717801e-03 3.225096e+01 -2.496003e-04 1.000000e+00 -5.016242e-05 -2.051369e+00 -2.717911e-03 4.948572e-05 9.999964e-01 3.257365e+01
9.999980e-01 -1.528395e-04 -1.960962e-03 3.254309e+01 1.529559e-04 1.000000e+00 5.847188e-05 -2.077756e+00 1.961050e-03 -5.877356e-05 9.999980e-01 3.315667e+01
1.000000e+00 1.461512e-04 -4.874990e-05 3.314869e+01 -1.461514e-04 1.000000e+00 2.600235e-05 -2.108629e+00 4.865708e-05 -2.599339e-05 1.000000e+00 3.349458e+01
9.999989e-01 -1.370329e-04 -1.459141e-03 3.366659e+01 1.371042e-04 1.000000e+00 4.780241e-05 -2.137847e+00 1.459231e-03 -4.800426e-05 9.999989e-01 3.388380e+01
9.999998e-01 1.351206e-04 6.541071e-04 3.456252e+01 -1.351529e-04 1.000000e+00 4.714286e-05 -2.177732e+00 -6.541972e-04 -4.722943e-05 9.999998e-01 3.420326e+01
9.999793e-01 1.574548e-05 6.425966e-03 3.553065e+01 -1.469245e-05 1.000000e+00 -1.636974e-04 -2.221648e+00 -6.425872e-03 1.635978e-04 9.999793e-01 3.460415e+01
9.999980e-01 1.731532e-04 2.004021e-03 3.632362e+01 -1.731120e-04 1.000000e+00 -2.144975e-05 -2.259873e+00 -2.004122e-03 2.110461e-05 9.999981e-01 3.500292e+01
9.999995e-01 -1.354303e-04 -9.325075e-04 3.714901e+01 1.354754e-04 1.000000e+00 4.678430e-05 -2.297782e+00 9.325982e-04 -4.691244e-05 9.999995e-01 3.534035e+01
9.999862e-01 2.530936e-04 5.254622e-03 3.788296e+01 -2.524958e-04 1.000000e+00 -1.147173e-04 -2.334102e+00 -5.254748e-03 1.133907e-04 9.999862e-01 3.573928e+01
9.999991e-01 -5.825427e-05 1.321005e-03 3.825447e+01 5.827242e-05 1.000000e+00 -1.260446e-05 -2.365400e+00 -1.320907e-03 1.267962e-05 9.999991e-01 3.642682e+01
9.999926e-01 2.136752e-04 3.861594e-03 3.874112e+01 -2.133064e-04 1.000000e+00 -9.628822e-05 -2.396752e+00 -3.861712e-03 9.546560e-05 9.999926e-01 3.695781e+01
9.999946e-01 -1.470136e-04 -3.278942e-03 3.919040e+01 1.474095e-04 1.000000e+00 1.200521e-04 -2.426110e+00 3.279022e-03 -1.205366e-04 9.999946e-01 3.744863e+01
9.999963e-01 2.073771e-04 2.713406e-03 3.952104e+01 -2.071576e-04 1.000000e+00 -8.170060e-05 -2.452115e+00 -2.713520e-03 8.113999e-05 9.999964e-01 3.795857e+01
9.999955e-01 -1.550805e-04 -2.990758e-03 3.993205e+01 1.553298e-04 1.000000e+00 8.264998e-05 -2.477394e+00 2.990842e-03 -8.311596e-05 9.999955e-01 3.832850e+01
9.999831e-01 2.563612e-04 5.822397e-03 4.042235e+01 -2.555231e-04 1.000000e+00 -1.449362e-04 -2.506723e+00 -5.822531e-03 1.434478e-04 9.999831e-01 3.876615e+01
9.999995e-01 -1.148408e-04 -9.819212e-04 4.090179e+01 1.148628e-04 1.000000e+00 2.085318e-05 -2.536115e+00 9.820163e-04 -2.096775e-05 9.999995e-01 3.922338e+01
9.999762e-01 2.478531e-04 6.896517e-03 4.121142e+01 -2.464204e-04 9.999999e-01 -2.088012e-04 -2.559295e+00 -6.896666e-03 2.070985e-04 9.999763e-01 3.965060e+01
9.999999e-01 -9.542942e-05 1.336131e-04 4.144642e+01 9.543349e-05 1.000000e+00 -1.942573e-05 -2.580325e+00 -1.335135e-04 1.943668e-05 9.999999e-01 4.009334e+01
9.999835e-01 2.368003e-04 5.754226e-03 4.162253e+01 -2.358031e-04 1.000000e+00 -1.742238e-04 -2.600200e+00 -5.754365e-03 1.728659e-04 9.999835e-01 4.056668e+01
9.999998e-01 -1.038290e-04 -4.980130e-04 4.185012e+01 1.038331e-04 1.000000e+00 5.349509e-06 -2.621907e+00 4.981105e-04 -5.403013e-06 9.999998e-01 4.104433e+01
9.999404e-01 3.206913e-04 1.092001e-02 4.198774e+01 -3.174134e-04 9.999999e-01 -3.020416e-04 -2.644287e+00 -1.092021e-02 2.985592e-04 9.999404e-01 4.167352e+01
9.999970e-01 -1.085547e-04 -2.448439e-03 4.216033e+01 1.087663e-04 1.000000e+00 8.564159e-05 -2.669306e+00 2.448528e-03 -8.590943e-05 9.999969e-01 4.236580e+01
9.998909e-01 3.328355e-04 1.476774e-02 4.241122e+01 -3.260838e-04 9.999998e-01 -4.596967e-04 -2.692055e+00 -1.476799e-02 4.548328e-04 9.998909e-01 4.286161e+01
9.999988e-01 -8.318237e-05 -1.549831e-03 4.275778e+01 8.330902e-05 1.000000e+00 8.064553e-05 -2.718492e+00 1.549923e-03 -8.077634e-05 9.999987e-01 4.338363e+01
9.999410e-01 3.055572e-04 1.086335e-02 4.317490e+01 -3.022225e-04 9.999999e-01 -3.087472e-04 -2.749125e+00 -1.086355e-02 3.054476e-04 9.999410e-01 4.398887e+01
9.999975e-01 -1.040611e-04 -2.195296e-03 4.341722e+01 1.042233e-04 1.000000e+00 7.305936e-05 -2.773750e+00 2.195388e-03 -7.328976e-05 9.999975e-01 4.457975e+01
9.999685e-01 2.664987e-04 7.943861e-03 4.372921e+01 -2.646434e-04 9.999999e-01 -2.347984e-04 -2.798685e+00 -7.944022e-03 2.326905e-04 9.999685e-01 4.508700e+01
9.999992e-01 -1.189085e-04 -1.250454e-03 4.435033e+01 1.189615e-04 1.000000e+00 4.096734e-05 -2.829640e+00 1.250548e-03 -4.111784e-05 9.999992e-01 4.541805e+01
9.998384e-01 4.019647e-04 1.797347e-02 4.476824e+01 -3.922476e-04 9.999998e-01 -5.442433e-04 -2.855251e+00 -1.797379e-02 5.371071e-04 9.998384e-01 4.581539e+01
9.999884e-01 -3.944693e-05 4.809036e-03 4.510312e+01 4.025278e-05 1.000000e+00 -1.671302e-04 -2.877124e+00 -4.808930e-03 1.673200e-04 9.999884e-01 4.617197e+01
9.998876e-01 3.945637e-04 1.499272e-02 4.540609e+01 -3.883378e-04 9.999998e-01 -4.182792e-04 -2.900744e+00 -1.499298e-02 4.124116e-04 9.998876e-01 4.664275e+01
9.999777e-01 -2.043373e-04 -6.665546e-03 4.590713e+01 2.056102e-04 1.000000e+00 1.900201e-04 -2.930585e+00 6.665607e-03 -1.913881e-04 9.999777e-01 4.709806e+01
9.998300e-01 4.307753e-04 1.843419e-02 4.646482e+01 -4.210691e-04 9.999998e-01 -5.305007e-04 -2.960923e+00 -1.843452e-02 5.226502e-04 9.998300e-01 4.750062e+01
9.999821e-01 -1.783963e-04 -5.967492e-03 4.678243e+01 1.795045e-04 1.000000e+00 1.848783e-04 -2.987614e+00 5.967559e-03 -1.859480e-04 9.999821e-01 4.807415e+01
9.998640e-01 4.183872e-04 1.649114e-02 4.699129e+01 -4.107970e-04 9.999998e-01 -4.637436e-04 -3.013586e+00 -1.649143e-02 4.569077e-04 9.998640e-01 4.876085e+01
9.999719e-01 -2.047748e-04 -7.487834e-03 4.728293e+01 2.064732e-04 1.000000e+00 2.258117e-04 -3.040598e+00 7.487887e-03 -2.273531e-04 9.999719e-01 4.938175e+01
9.998463e-01 4.236581e-04 1.753030e-02 4.750945e+01 -4.147474e-04 9.999998e-01 -5.120290e-04 -3.064851e+00 -1.753062e-02 5.046814e-04 9.998463e-01 4.997728e+01
9.998976e-01 -2.981041e-04 -1.430290e-02 4.777284e+01 3.040017e-04 9.999999e-01 4.100326e-04 -3.088082e+00 1.430287e-02 -4.143405e-04 9.998976e-01 5.046949e+01
9.999363e-01 3.385400e-04 1.129058e-02 4.803914e+01 -3.344699e-04 9.999999e-01 -3.625301e-04 -3.108718e+00 -1.129080e-02 3.587323e-04 9.999362e-01 5.083590e+01
9.999519e-01 -2.638106e-04 -9.795464e-03 4.841904e+01 2.663894e-04 9.999999e-01 2.617709e-04 -3.129692e+00 9.795494e-03 -2.643695e-04 9.999519e-01 5.106833e+01
9.998692e-01 4.042716e-04 1.617248e-02 4.879015e+01 -3.966276e-04 9.999998e-01 -4.759683e-04 -3.152772e+00 -1.617277e-02 4.694933e-04 9.998692e-01 5.141168e+01
9.999536e-01 -2.610526e-04 -9.628512e-03 4.908756e+01 2.634381e-04 9.999999e-01 2.463040e-04 -3.174230e+00 9.628547e-03 -2.488309e-04 9.999536e-01 5.178540e+01
9.999127e-01 3.608835e-04 1.320960e-02 4.962050e+01 -3.557876e-04 9.999999e-01 -3.882568e-04 -3.199879e+00 -1.320984e-02 3.835248e-04 9.999127e-01 5.200476e+01
9.999215e-01 -2.835851e-04 -1.252433e-02 5.013503e+01 2.881588e-04 9.999999e-01 3.632351e-04 -3.227572e+00 1.252433e-02 -3.668173e-04 9.999215e-01 5.233529e+01
9.999428e-01 3.081848e-04 1.069375e-02 5.071755e+01 -3.049929e-04 9.999999e-01 -3.002733e-04 -3.257207e+00 -1.069394e-02 2.969963e-04 9.999428e-01 5.264950e+01
9.999309e-01 -2.757936e-04 -1.175036e-02 5.139579e+01 2.801347e-04 9.999999e-01 3.676482e-04 -3.290485e+00 1.175036e-02 -3.709162e-04 9.999308e-01 5.298794e+01
9.999127e-01 3.500979e-04 1.321591e-02 5.211667e+01 -3.450561e-04 9.999999e-01 -3.839025e-04 -3.324901e+00 -1.321614e-02 3.793104e-04 9.999126e-01 5.331812e+01
9.999414e-01 -2.780985e-04 -1.081438e-02 5.298177e+01 2.815112e-04 9.999999e-01 3.138821e-04 -3.359982e+00 1.081439e-02 -3.169099e-04 9.999414e-01 5.347222e+01
9.998602e-01 4.035572e-04 1.671854e-02 5.375686e+01 -3.952288e-04 9.999998e-01 -5.015555e-04 -3.393115e+00 -1.671883e-02 4.948794e-04 9.998602e-01 5.367126e+01
9.999274e-01 -2.875740e-04 -1.204053e-02 5.460102e+01 2.918862e-04 9.999999e-01 3.562347e-04 -3.428337e+00 1.204053e-02 -3.597250e-04 9.999274e-01 5.386250e+01
9.999296e-01 3.099508e-04 1.186812e-02 5.546079e+01 -3.056513e-04 9.999999e-01 -3.642344e-04 -3.461161e+00 -1.186833e-02 3.605829e-04 9.999296e-01 5.392844e+01
9.999459e-01 -2.612577e-04 -1.039615e-02 5.631052e+01 2.645282e-04 9.999999e-01 3.130381e-04 -3.494707e+00 1.039616e-02 -3.157729e-04 9.999459e-01 5.404268e+01
9.999034e-01 3.506535e-04 1.390157e-02 5.707553e+01 -3.447069e-04 9.999998e-01 -4.302879e-04 -3.527011e+00 -1.390182e-02 4.254561e-04 9.999033e-01 5.422045e+01
9.999123e-01 -3.053539e-04 -1.323557e-02 5.781006e+01 3.106033e-04 9.999999e-01 3.944180e-04 -3.558218e+00 1.323555e-02 -3.984962e-04 9.999123e-01 5.439064e+01
9.999353e-01 3.041787e-04 1.137871e-02 5.852269e+01 -2.999827e-04 9.999999e-01 -3.706140e-04 -3.587332e+00 -1.137892e-02 3.671783e-04 9.999352e-01 5.449963e+01
9.999899e-01 -1.759896e-04 -4.490142e-03 5.906510e+01 1.765699e-04 1.000000e+00 1.284329e-04 -3.612282e+00 4.490220e-03 -1.292261e-04 9.999899e-01 5.468547e+01
9.999397e-01 2.957429e-04 1.098280e-02 5.953673e+01 -2.916939e-04 9.999999e-01 -3.704266e-04 -3.634766e+00 -1.098301e-02 3.672023e-04 9.999397e-01 5.486654e+01
9.999757e-01 -2.060763e-04 -6.959932e-03 6.012291e+01 2.075973e-04 1.000000e+00 2.175558e-04 -3.661146e+00 6.959987e-03 -2.189971e-04 9.999757e-01 5.504757e+01
9.998793e-01 3.607886e-04 1.553583e-02 6.075703e+01 -3.532706e-04 9.999998e-01 -4.867754e-04 -3.690964e+00 -1.553610e-02 4.812300e-04 9.998792e-01 5.530519e+01
9.999731e-01 -1.772160e-04 -7.325843e-03 6.168216e+01 1.798496e-04 9.999999e-01 3.585734e-04 -3.735739e+00 7.325879e-03 -3.598831e-04 9.999731e-01 5.579652e+01
9.999636e-01 2.049552e-04 8.532491e-03 6.266136e+01 -2.027193e-04 9.999999e-01 -2.631178e-04 -3.779879e+00 -8.532644e-03 2.613802e-04 9.999636e-01 5.619366e+01
9.999421e-01 -2.063495e-04 -1.075553e-02 6.293484e+01 2.097561e-04 9.999999e-01 3.154334e-04 -3.802768e+00 1.075556e-02 -3.176729e-04 9.999421e-01 5.665136e+01
9.998091e-01 3.778722e-04 1.953863e-02 6.344236e+01 -3.668631e-04 9.999998e-01 -5.671269e-04 -3.831809e+00 -1.953894e-02 5.598523e-04 9.998090e-01 5.705107e+01
9.999997e-01 -7.496429e-05 6.374034e-04 6.395153e+01 7.500610e-05 1.000000e+00 -6.265133e-05 -3.856340e+00 -6.372991e-04 6.269745e-05 9.999997e-01 5.727721e+01
9.999374e-01 3.076886e-04 1.119012e-02 6.438886e+01 -3.048788e-04 9.999999e-01 -2.529704e-04 -3.885055e+00 -1.119029e-02 2.495446e-04 9.999374e-01 5.775912e+01
9.999506e-01 -2.209127e-04 -9.927265e-03 6.475932e+01 2.230626e-04 1.000000e+00 2.152615e-04 -3.910926e+00 9.927316e-03 -2.174669e-04 9.999507e-01 5.820751e+01
9.998288e-01 3.660686e-04 1.850425e-02 6.519645e+01 -3.565709e-04 9.999998e-01 -5.166693e-04 -3.933872e+00 -1.850453e-02 5.099844e-04 9.998287e-01 5.845287e+01
9.999990e-01 -8.889197e-05 -1.363991e-03 6.560046e+01 8.889947e-05 1.000000e+00 4.038314e-06 -3.959366e+00 1.364090e-03 -4.161223e-06 9.999990e-01 5.885851e+01
9.998977e-01 3.695371e-04 1.430479e-02 6.589129e+01 -3.648008e-04 9.999999e-01 -3.338408e-04 -3.987513e+00 -1.430501e-02 3.285899e-04 9.998977e-01 5.952249e+01
9.999986e-01 -1.377482e-04 -1.647004e-03 6.650813e+01 1.377262e-04 1.000000e+00 -1.464379e-05 -4.020214e+00 1.647105e-03 1.441530e-05 9.999986e-01 5.993750e+01
9.997438e-01 4.822380e-04 2.263284e-02 6.710354e+01 -4.687582e-04 9.999997e-01 -6.009713e-04 -4.049565e+00 -2.263322e-02 5.902096e-04 9.997437e-01 6.024651e+01
9.998840e-01 -2.974216e-04 -1.522114e-02 6.769668e+01 3.035907e-04 9.999999e-01 4.028546e-04 -4.081830e+00 1.522112e-02 -4.074305e-04 9.998840e-01 6.066673e+01
9.997645e-01 4.911650e-04 2.169990e-02 6.816670e+01 -4.799586e-04 9.999997e-01 -5.217178e-04 -4.116033e+00 -2.170025e-02 5.111815e-04 9.997644e-01 6.134146e+01
9.999605e-01 -2.054482e-04 -8.880859e-03 6.881020e+01 2.075781e-04 9.999999e-01 2.386797e-04 -4.155151e+00 8.880908e-03 -2.405153e-04 9.999605e-01 6.198816e+01
9.999395e-01 2.629373e-04 1.100588e-02 6.974921e+01 -2.602036e-04 9.999999e-01 -2.500003e-04 -4.195156e+00 -1.100604e-02 2.471229e-04 9.999394e-01 6.225288e+01
9.999750e-01 -1.686886e-04 -7.056168e-03 7.053970e+01 1.699632e-04 1.000000e+00 1.797645e-04 -4.232352e+00 7.056235e-03 -1.809609e-04 9.999750e-01 6.260714e+01
9.998855e-01 3.564085e-04 1.513515e-02 7.113546e+01 -3.507057e-04 9.999999e-01 -3.795748e-04 -4.265771e+00 -1.513538e-02 3.742248e-04 9.998854e-01 6.307535e+01
9.998989e-01 -2.910953e-04 -1.421125e-02 7.171287e+01 2.960059e-04 9.999999e-01 3.432970e-04 -4.294505e+00 1.421125e-02 -3.474705e-04 9.998989e-01 6.335977e+01
9.998767e-01 3.641717e-04 1.570055e-02 7.227991e+01 -3.579467e-04 9.999999e-01 -3.994119e-04 -4.322953e+00 -1.570079e-02 3.937442e-04 9.998767e-01 6.364610e+01
9.999942e-01 -1.423372e-04 -3.378934e-03 7.275481e+01 1.424998e-04 1.000000e+00 4.727771e-05 -4.351898e+00 3.379025e-03 -4.776049e-05 9.999943e-01 6.409000e+01
9.998052e-01 4.271099e-04 1.973636e-02 7.323842e+01 -4.170025e-04 9.999998e-01 -5.163306e-04 -4.380866e+00 -1.973667e-02 5.080014e-04 9.998051e-01 6.452803e+01
9.998679e-01 -2.963469e-04 -1.625015e-02 7.374644e+01 3.035843e-04 9.999999e-01 4.427827e-04 -4.412044e+00 1.625011e-02 -4.476590e-04 9.998678e-01 6.501230e+01
9.998668e-01 3.153250e-04 1.632473e-02 7.448764e+01 -3.078670e-04 9.999998e-01 -4.594860e-04 -4.442938e+00 -1.632496e-02 4.544005e-04 9.998667e-01 6.515641e+01
9.999279e-01 -2.264680e-04 -1.199879e-02 7.551859e+01 2.306599e-04 9.999999e-01 3.478056e-04 -4.482183e+00 1.199881e-02 -3.505497e-04 9.999279e-01 6.526206e+01
9.998413e-01 3.784011e-04 1.781514e-02 7.625137e+01 -3.696605e-04 9.999998e-01 -4.940293e-04 -4.517208e+00 -1.781542e-02 4.873668e-04 9.998412e-01 6.560382e+01
9.998946e-01 -2.714579e-04 -1.451146e-02 7.689725e+01 2.774561e-04 9.999999e-01 4.111886e-04 -4.549809e+00 1.451144e-02 -4.151731e-04 9.998946e-01 6.595803e+01
9.998706e-01 3.263326e-04 1.608436e-02 7.775384e+01 -3.190658e-04 9.999998e-01 -4.544790e-04 -4.584366e+00 -1.608460e-02 4.492897e-04 9.998706e-01 6.609996e+01
9.999106e-01 -2.445225e-04 -1.336279e-02 7.854128e+01 2.500415e-04 9.999999e-01 4.111892e-04 -4.620790e+00 1.336279e-02 -4.144953e-04 9.999106e-01 6.642390e+01
9.998888e-01 3.282358e-04 1.491536e-02 7.913281e+01 -3.220237e-04 9.999999e-01 -4.190200e-04 -4.653238e+00 -1.491560e-02 4.141718e-04 9.998887e-01 6.684790e+01
9.999059e-01 -2.466159e-04 -1.371459e-02 7.970094e+01 2.523872e-04 9.999999e-01 4.189305e-04 -4.684916e+00 1.371458e-02 -4.223540e-04 9.999058e-01 6.727155e+01
9.999186e-01 2.771467e-04 1.275713e-02 8.027358e+01 -2.725225e-04 9.999999e-01 -3.643740e-04 -4.715528e+00 -1.275733e-02 3.608692e-04 9.999186e-01 6.764311e+01
9.998601e-01 -2.479033e-04 -1.672156e-02 8.074674e+01 2.568077e-04 9.999998e-01 5.302435e-04 -4.747024e+00 1.672152e-02 -5.344651e-04 9.998600e-01 6.819219e+01
9.998280e-01 3.663822e-04 1.854356e-02 8.120038e+01 -3.567981e-04 9.999998e-01 -5.202544e-04 -4.779667e+00 -1.854385e-02 5.135501e-04 9.998280e-01 6.881756e+01
9.998996e-01 -2.073517e-04 -1.416626e-02 8.163148e+01 2.135261e-04 9.999999e-01 4.342019e-04 -4.810383e+00 1.416627e-02 -4.371846e-04 9.998995e-01 6.939381e+01
9.999740e-01 2.435729e-04 7.213909e-03 8.195621e+01 -2.420186e-04 9.999999e-01 -2.166102e-04 -4.837461e+00 -7.214058e-03 2.148601e-04 9.999740e-01 6.996423e+01
9.999595e-01 -2.178039e-04 -8.991569e-03 8.227640e+01 2.204506e-04 9.999999e-01 2.931391e-04 -4.863485e+00 8.991601e-03 -2.951109e-04 9.999595e-01 7.049195e+01
9.998055e-01 4.337466e-04 1.971872e-02 8.255115e+01 -4.219347e-04 9.999997e-01 -6.032739e-04 -4.888271e+00 -1.971907e-02 5.948380e-04 9.998054e-01 7.103921e+01
9.999477e-01 -1.926003e-04 -1.021569e-02 8.281840e+01 1.964244e-04 9.999999e-01 3.731412e-04 -4.916540e+00 1.021571e-02 -3.751298e-04 9.999477e-01 7.174747e+01
9.998568e-01 3.553908e-04 1.692018e-02 8.315676e+01 -3.457404e-04 9.999998e-01 -5.733902e-04 -4.941716e+00 -1.692048e-02 5.674595e-04 9.998567e-01 7.222443e+01
9.999279e-01 -1.989343e-04 -1.200100e-02 8.348914e+01 2.042773e-04 9.999999e-01 4.438209e-04 -4.968403e+00 1.200101e-02 -4.462418e-04 9.999279e-01 7.277083e+01
9.999428e-01 2.573448e-04 1.069619e-02 8.365734e+01 -2.532136e-04 9.999999e-01 -3.877652e-04 -4.991113e+00 -1.069639e-02 3.850360e-04 9.999428e-01 7.336767e+01
9.999266e-01 -1.948113e-04 -1.210763e-02 8.371125e+01 1.999272e-04 9.999999e-01 4.211570e-04 -5.010357e+00 1.210764e-02 -4.235482e-04 9.999266e-01 7.396726e+01
9.998724e-01 3.668391e-04 1.597143e-02 8.370815e+01 -3.589898e-04 9.999998e-01 -4.944415e-04 -5.031566e+00 -1.597170e-02 4.886462e-04 9.998724e-01 7.473243e+01
9.998086e-01 -2.352293e-04 -1.955779e-02 8.372318e+01 2.473103e-04 9.999998e-01 6.151880e-04 -5.053086e+00 1.955774e-02 -6.199085e-04 9.998085e-01 7.547247e+01
9.999037e-01 3.659362e-04 1.388009e-02 8.366904e+01 -3.595145e-04 9.999998e-01 -4.652883e-04 -5.071158e+00 -1.388035e-02 4.602547e-04 9.999036e-01 7.615580e+01
9.997160e-01 -2.244456e-04 -2.382668e-02 8.356941e+01 2.411890e-04 9.999997e-01 6.997625e-04 -5.084671e+00 2.382661e-02 -7.053120e-04 9.997158e-01 7.668683e+01
9.999159e-01 3.248953e-04 1.296887e-02 8.363784e+01 -3.189563e-04 9.999998e-01 -4.601448e-04 -5.101408e+00 -1.296912e-02 4.559710e-04 9.999158e-01 7.715838e+01
9.997052e-01 -2.270752e-04 -2.427614e-02 8.374223e+01 2.448040e-04 9.999997e-01 7.272507e-04 -5.120858e+00 2.427606e-02 -7.329806e-04 9.997050e-01 7.769887e+01
9.999113e-01 3.262383e-04 1.332105e-02 8.385246e+01 -3.200646e-04 9.999998e-01 -4.657180e-04 -5.140025e+00 -1.332130e-02 4.614144e-04 9.999112e-01 7.822008e+01
9.997254e-01 -2.819689e-04 -2.342913e-02 8.378191e+01 2.966316e-04 9.999998e-01 6.222820e-04 -5.148612e+00 2.342904e-02 -6.290624e-04 9.997253e-01 7.849150e+01
9.998621e-01 3.298369e-04 1.660857e-02 8.384278e+01 -3.216605e-04 9.999998e-01 -4.950750e-04 -5.165319e+00 -1.660882e-02 4.896658e-04 9.998620e-01 7.896613e+01
9.997085e-01 -2.919566e-04 -2.413954e-02 8.405241e+01 3.085101e-04 9.999997e-01 6.819460e-04 -5.187421e+00 2.413943e-02 -6.891959e-04 9.997083e-01 7.947703e+01
9.998988e-01 3.058903e-04 1.423016e-02 8.446597e+01 -2.998508e-04 9.999999e-01 -4.266683e-04 -5.212226e+00 -1.423038e-02 4.223595e-04 9.998987e-01 7.982451e+01
9.995547e-01 -2.316399e-04 -2.983699e-02 8.484816e+01 2.553467e-04 9.999997e-01 7.906777e-04 -5.233406e+00 2.983690e-02 -7.979458e-04 9.995544e-01 8.007994e+01
9.997731e-01 2.411138e-04 2.130443e-02 8.536149e+01 -2.282445e-04 9.999998e-01 -6.065744e-04 -5.257888e+00 -2.130467e-02 6.015755e-04 9.997729e-01 8.027447e+01
9.996469e-01 -2.516466e-04 -2.656823e-02 8.584635e+01 2.685618e-04 9.999998e-01 6.330366e-04 -5.276396e+00 2.656816e-02 -6.399497e-04 9.996468e-01 8.026093e+01
9.997203e-01 2.813142e-04 2.364985e-02 8.627468e+01 -2.667084e-04 9.999998e-01 -6.208066e-04 -5.297653e+00 -2.365012e-02 6.143268e-04 9.997202e-01 8.043618e+01
9.996988e-01 -2.294449e-04 -2.453659e-02 8.683102e+01 2.453552e-04 9.999998e-01 6.453538e-04 -5.326347e+00 2.453653e-02 -6.511811e-04 9.996987e-01 8.074685e+01
9.997633e-01 2.244093e-04 2.175855e-02 8.749432e+01 -2.121725e-04 9.999998e-01 -5.647759e-04 -5.356813e+00 -2.175877e-02 5.600270e-04 9.997631e-01 8.098464e+01
9.996715e-01 -2.570870e-04 -2.562544e-02 8.822110e+01 2.744839e-04 9.999997e-01 6.753064e-04 -5.388136e+00 2.562536e-02 -6.821198e-04 9.996713e-01 8.116883e+01
9.997682e-01 2.094615e-04 2.153102e-02 8.898184e+01 -1.977416e-04 9.999998e-01 -5.465313e-04 -5.420653e+00 -2.153123e-02 5.421484e-04 9.997681e-01 8.135899e+01
9.997364e-01 -2.329517e-04 -2.295462e-02 8.990051e+01 2.471952e-04 9.999998e-01 6.175950e-04 -5.457608e+00 2.295457e-02 -6.231079e-04 9.997363e-01 8.152484e+01
9.997489e-01 1.945847e-04 2.240948e-02 9.108594e+01 -1.828354e-04 9.999998e-01 -5.264192e-04 -5.502663e+00 -2.240967e-02 5.221911e-04 9.997488e-01 8.167184e+01
9.997756e-01 -2.034678e-04 -2.117905e-02 9.251281e+01 2.165753e-04 9.999998e-01 6.165203e-04 -5.555580e+00 2.117902e-02 -6.209702e-04 9.997755e-01 8.182946e+01
9.996350e-01 3.078911e-04 2.701500e-02 9.422615e+01 -2.912971e-04 9.999998e-01 -6.182450e-04 -5.617257e+00 -2.701528e-02 6.101513e-04 9.996349e-01 8.197151e+01
9.996888e-01 -2.970824e-04 -2.494066e-02 9.588439e+01 3.150571e-04 9.999997e-01 7.167036e-04 -5.676944e+00 2.494054e-02 -7.243397e-04 9.996886e-01 8.209498e+01
9.997157e-01 2.152065e-04 2.384680e-02 9.695040e+01 -1.999789e-04 9.999998e-01 -6.410130e-04 -5.715300e+00 -2.384703e-02 6.360632e-04 9.997155e-01 8.212412e+01
9.996094e-01 -3.359557e-04 -2.794252e-02 9.770514e+01 3.565853e-04 9.999997e-01 7.332440e-04 -5.744803e+00 2.794236e-02 -7.429229e-04 9.996092e-01 8.219924e+01
9.996276e-01 2.462607e-04 2.728846e-02 9.902677e+01 -2.294499e-04 9.999998e-01 -6.192258e-04 -5.792173e+00 -2.728871e-02 6.127353e-04 9.996274e-01 8.227221e+01
9.996927e-01 -2.586973e-04 -2.478417e-02 1.007315e+02 2.768534e-04 9.999997e-01 7.290728e-04 -5.850884e+00 2.478408e-02 -7.357117e-04 9.996925e-01 8.231516e+01
9.996394e-01 2.900218e-04 2.685430e-02 1.017229e+02 -2.696808e-04 9.999997e-01 -7.611349e-04 -5.887521e+00 -2.685461e-02 7.536196e-04 9.996391e-01 8.238462e+01
9.996589e-01 -3.038609e-04 -2.611314e-02 1.026443e+02 3.239794e-04 9.999997e-01 7.661440e-04 -5.922766e+00 2.611299e-02 -7.743442e-04 9.996587e-01 8.250735e+01
9.996350e-01 2.047511e-04 2.701637e-02 1.043725e+02 -1.886238e-04 9.999998e-01 -5.995492e-04 -5.982232e+00 -2.701659e-02 5.942358e-04 9.996349e-01 8.257334e+01
9.995953e-01 -4.120078e-04 -2.844042e-02 1.063788e+02 4.379937e-04 9.999995e-01 9.074108e-04 -6.051566e+00 2.844013e-02 -9.195018e-04 9.995950e-01 8.268686e+01
9.996468e-01 1.658508e-04 2.657658e-02 1.084119e+02 -1.500277e-04 9.999998e-01 -5.974310e-04 -6.120863e+00 -2.657678e-02 5.932342e-04 9.996466e-01 8.276592e+01
9.995948e-01 -4.395753e-04 -2.845949e-02 1.105830e+02 4.661549e-04 9.999995e-01 9.272549e-04 -6.192218e+00 2.845917e-02 -9.401471e-04 9.995945e-01 8.275037e+01
9.997097e-01 5.505454e-05 2.409547e-02 1.128816e+02 -4.164933e-05 9.999998e-01 -5.569061e-04 -6.266125e+00 -2.409560e-02 5.557422e-04 9.997095e-01 8.264945e+01
9.995756e-01 -4.486007e-04 -2.912581e-02 1.151980e+02 4.768911e-04 9.999994e-01 9.643159e-04 -6.342680e+00 2.912546e-02 -9.777979e-04 9.995752e-01 8.263869e+01
9.997039e-01 5.583204e-05 2.433570e-02 1.176844e+02 -4.316400e-05 9.999999e-01 -5.211452e-04 -6.425774e+00 -2.433582e-02 5.199418e-04 9.997037e-01 8.267093e+01
9.996526e-01 -3.295573e-04 -2.635267e-02 1.201647e+02 3.545126e-04 9.999995e-01 9.422428e-04 -6.510020e+00 2.635245e-02 -9.512593e-04 9.996522e-01 8.277182e+01
9.997074e-01 8.303997e-05 2.419002e-02 1.222356e+02 -6.860032e-05 9.999998e-01 -5.978214e-04 -6.583040e+00 -2.419016e-02 5.959884e-04 9.997072e-01 8.295353e+01
9.996483e-01 -3.202562e-04 -2.651561e-02 1.242543e+02 3.451416e-04 9.999995e-01 9.338838e-04 -6.653768e+00 2.651540e-02 -9.427084e-04 9.996479e-01 8.310764e+01
9.997031e-01 3.017195e-05 2.436937e-02 1.269500e+02 -1.875419e-05 9.999999e-01 -4.688233e-04 -6.745442e+00 -2.436948e-02 4.682285e-04 9.997030e-01 8.321789e+01
9.996048e-01 -3.698641e-04 -2.810642e-02 1.296983e+02 3.977887e-04 9.999994e-01 9.878868e-04 -6.838650e+00 2.810614e-02 -9.986782e-04 9.996044e-01 8.331358e+01
9.997189e-01 -2.713586e-05 2.371325e-02 1.325408e+02 3.817727e-05 9.999999e-01 -4.652363e-04 -6.932975e+00 -2.371333e-02 4.660121e-04 9.997187e-01 8.332572e+01
9.996846e-01 -2.364883e-04 -2.511130e-02 1.352551e+02 2.593722e-04 9.999996e-01 9.079786e-04 -7.023692e+00 2.511117e-02 -9.142068e-04 9.996842e-01 8.336670e+01
9.997467e-01 -3.863555e-05 2.250873e-02 1.374137e+02 5.129536e-05 9.999998e-01 -5.619330e-04 -7.095863e+00 -2.250880e-02 5.629466e-04 9.997465e-01 8.337672e+01
9.996212e-01 -3.109444e-04 -2.751725e-02 1.396124e+02 3.375700e-04 9.999995e-01 9.628977e-04 -7.170618e+00 2.751703e-02 -9.718234e-04 9.996208e-01 8.343070e+01
9.997205e-01 -1.433162e-05 2.364524e-02 1.418770e+02 2.781520e-05 9.999998e-01 -5.699824e-04 -7.247843e+00 -2.364533e-02 5.704821e-04 9.997203e-01 8.351022e+01
9.996922e-01 -2.053898e-04 -2.480766e-02 1.441419e+02 2.283221e-04 9.999995e-01 9.215073e-04 -7.324858e+00 2.480756e-02 -9.268892e-04 9.996918e-01 8.359149e+01
9.997678e-01 -8.233469e-05 2.154887e-02 1.463265e+02 9.401258e-05 9.999998e-01 -5.409858e-04 -7.400439e+00 -2.154892e-02 5.428874e-04 9.997677e-01 8.371306e+01
9.996634e-01 -2.770378e-04 -2.594045e-02 1.487884e+02 3.028737e-04 9.999995e-01 9.919840e-04 -7.483633e+00 2.594026e-02 -9.995082e-04 9.996630e-01 8.377809e+01
9.997154e-01 -1.020143e-05 2.385814e-02 1.513080e+02 2.402516e-05 9.999998e-01 -5.791918e-04 -7.567618e+00 -2.385823e-02 5.796015e-04 9.997152e-01 8.380419e+01
9.996755e-01 -2.401458e-04 -2.546957e-02 1.538433e+02 2.656228e-04 9.999995e-01 9.968513e-04 -7.653546e+00 2.546942e-02 -1.003295e-03 9.996751e-01 8.389004e+01
9.997550e-01 -1.055001e-04 2.213714e-02 1.565743e+02 1.167002e-04 9.999999e-01 -5.047217e-04 -7.745247e+00 -2.213718e-02 5.071829e-04 9.997549e-01 8.394798e+01
9.996844e-01 -1.915771e-04 -2.511771e-02 1.591568e+02 2.164688e-04 9.999995e-01 9.882232e-04 -7.834842e+00 2.511761e-02 -9.933500e-04 9.996840e-01 8.412459e+01
9.997490e-01 -1.141466e-04 2.240750e-02 1.618352e+02 1.254064e-04 9.999999e-01 -5.011635e-04 -7.927412e+00 -2.240754e-02 5.038491e-04 9.997488e-01 8.429937e+01
9.996870e-01 -1.751313e-04 -2.501476e-02 1.644788e+02 1.998244e-04 9.999995e-01 9.845798e-04 -8.018404e+00 2.501468e-02 -9.892716e-04 9.996866e-01 8.445243e+01
9.997651e-01 -1.139957e-04 2.167542e-02 1.666325e+02 1.270036e-04 9.999998e-01 -5.988133e-04 -8.094763e+00 -2.167544e-02 6.014268e-04 9.997649e-01 8.465529e+01
9.996924e-01 -1.197979e-04 -2.479856e-02 1.684263e+02 1.424847e-04 9.999996e-01 9.130144e-04 -8.160601e+00 2.479854e-02 -9.162683e-04 9.996920e-01 8.490091e+01
9.997651e-01 -1.582696e-04 2.167390e-02 1.705752e+02 1.699137e-04 9.999998e-01 -5.354719e-04 -8.235926e+00 -2.167391e-02 5.390302e-04 9.997650e-01 8.506442e+01
9.996924e-01 -1.393821e-04 -2.480041e-02 1.729763e+02 1.634878e-04 9.999995e-01 9.698954e-04 -8.318243e+00 2.480036e-02 -9.736530e-04 9.996919e-01 8.517874e+01
9.997777e-01 -1.577304e-04 2.108563e-02 1.749739e+02 1.711264e-04 9.999998e-01 -6.335805e-04 -8.386646e+00 -2.108562e-02 6.370493e-04 9.997775e-01 8.524848e+01
9.997071e-01 -1.000932e-04 -2.420062e-02 1.765682e+02 1.211586e-04 9.999996e-01 8.689183e-04 -8.441543e+00 2.420062e-02 -8.715973e-04 9.997067e-01 8.530335e+01
9.997821e-01 -1.620666e-04 2.087660e-02 1.781395e+02 1.755894e-04 9.999998e-01 -6.459877e-04 -8.495225e+00 -2.087659e-02 6.495141e-04 9.997819e-01 8.533658e+01
9.996905e-01 -1.474618e-04 -2.487472e-02 1.799691e+02 1.709636e-04 9.999995e-01 9.426198e-04 -8.557040e+00 2.487467e-02 -9.465822e-04 9.996901e-01 8.536408e+01
9.997812e-01 -1.787908e-04 2.092182e-02 1.819553e+02 1.919157e-04 9.999998e-01 -6.253948e-04 -8.623008e+00 -2.092180e-02 6.292746e-04 9.997810e-01 8.535251e+01
9.996671e-01 -1.593240e-04 -2.579737e-02 1.838744e+02 1.837970e-04 9.999995e-01 9.462308e-04 -8.686344e+00 2.579731e-02 -9.506587e-04 9.996667e-01 8.530358e+01
9.997599e-01 -1.259976e-04 2.191195e-02 1.855189e+02 1.416913e-04 9.999997e-01 -7.147307e-04 -8.741180e+00 -2.191196e-02 7.176653e-04 9.997597e-01 8.527226e+01
9.996979e-01 -1.299337e-04 -2.457728e-02 1.873919e+02 1.546807e-04 9.999995e-01 1.004941e-03 -8.804503e+00 2.457723e-02 -1.008441e-03 9.996974e-01 8.530635e+01
