9.999991e-01 -1.477497e-05 -1.319581e-03 7.492008e-01 1.496467e-05 1.000000e+00 1.437596e-04 -3.873630e-02 1.319579e-03 -1.437798e-04 9.999992e-01 4.762123e-01
9.999996e-01 -7.039335e-05 -9.104067e-04 1.727777e+00 7.050363e-05 1.000000e+00 1.210874e-04 -8.899385e-02 9.103979e-04 -1.211510e-04 9.999995e-01 1.134367e+00
9.999992e-01 1.283038e-05 -1.280377e-03 2.605511e+00 -1.261302e-05 1.000000e+00 1.697841e-04 -1.399931e-01 1.280380e-03 -1.697684e-04 9.999993e-01 1.966345e+00
9.999999e-01 -2.629725e-05 3.574136e-04 3.525146e+00 2.627073e-05 1.000000e+00 7.426692e-05 -1.900873e-01 -3.574162e-04 -7.425695e-05 9.999998e-01 2.691342e+00
9.999959e-01 -2.753209e-05 -2.854065e-03 4.010591e+00 2.741007e-05 1.000000e+00 -4.278692e-05 -2.139603e-01 2.854067e-03 4.270794e-05 9.999960e-01 2.886572e+00
9.999997e-01 -8.252554e-05 7.094158e-04 4.687737e+00 8.253869e-05 1.000000e+00 -1.847652e-05 -2.347921e-01 -7.094154e-04 1.853564e-05 9.999996e-01 2.707147e+00
9.999878e-01 -2.192866e-05 -4.947251e-03 5.307055e+00 2.210162e-05 1.000000e+00 3.491001e-05 -2.574517e-01 4.947252e-03 -3.501950e-05 9.999879e-01 2.672578e+00
9.999618e-01 1.398772e-05 -8.742371e-03 5.558198e+00 -1.303398e-05 1.000000e+00 1.091476e-04 -2.670324e-01 8.742369e-03 -1.090289e-04 9.999617e-01 2.600195e+00
9.999977e-01 -1.948159e-05 2.156555e-03 5.800049e+00 1.941054e-05 1.000000e+00 3.295152e-05 -2.884970e-01 -2.156552e-03 -3.291018e-05 9.999978e-01 3.029784e+00
9.999690e-01 4.845294e-05 -7.878291e-03 6.000089e+00 -4.734522e-05 1.000000e+00 1.407865e-04 -3.123416e-01 7.878294e-03 -1.404085e-04 9.999689e-01 3.628903e+00
9.999756e-01 8.920658e-06 6.986304e-03 6.283370e+00 -8.183092e-06 1.000000e+00 -1.056065e-04 -3.365692e-01 -6.986301e-03 1.055461e-04 9.999757e-01 4.130857e+00
9.999974e-01 1.172852e-04 -2.271899e-03 6.752930e+00 -1.173721e-04 1.000000e+00 -3.815440e-05 -3.636949e-01 2.271891e-03 3.842157e-05 9.999973e-01 4.502476e+00
9.999955e-01 -1.456825e-04 -3.000758e-03 6.908671e+00 1.458073e-04 1.000000e+00 4.137505e-05 -3.756764e-01 3.000757e-03 -4.181300e-05 9.999956e-01 4.637436e+00
9.999939e-01 1.437230e-04 -3.477561e-03 6.897716e+00 -1.437330e-04 1.000000e+00 -2.657641e-06 -3.858802e-01 3.477556e-03 3.158075e-06 9.999939e-01 4.911351e+00
9.999806e-01 -1.119931e-04 -6.231943e-03 7.067204e+00 1.131906e-04 1.000000e+00 1.918090e-04 -4.045655e-01 6.231927e-03 -1.925113e-04 9.999807e-01 5.306540e+00
9.999722e-01 1.642825e-04 -7.453251e-03 7.301686e+00 -1.644559e-04 1.000000e+00 -2.265249e-05 -4.149739e-01 7.453240e-03 2.387823e-05 9.999721e-01 5.305692e+00
9.999683e-01 -1.356685e-04 -7.965426e-03 7.566226e+00 1.374586e-04 1.000000e+00 2.241884e-04 -4.244251e-01 7.965404e-03 -2.252769e-04 9.999684e-01 5.221073e+00
9.999331e-01 1.845624e-04 -1.156756e-02 7.472565e+00 -1.844385e-04 1.000000e+00 1.177375e-05 -4.184670e-01 1.156755e-02 -9.638773e-06 9.999330e-01 4.902603e+00
9.999985e-01 -1.596972e-04 -1.752643e-03 7.709722e+00 1.600457e-04 1.000000e+00 1.987175e-04 -4.298679e-01 1.752623e-03 -1.989984e-04 9.999985e-01 4.926359e+00
9.998842e-01 1.759022e-04 -1.521386e-02 7.793767e+00 -1.762973e-04 1.000000e+00 -2.463445e-05 -4.266523e-01 1.521384e-02 2.731449e-05 9.998842e-01 4.511170e+00
9.999994e-01 -1.476350e-04 1.058050e-03 7.899316e+00 1.474807e-04 1.000000e+00 1.458302e-04 -4.249166e-01 -1.058056e-03 -1.456748e-04 9.999995e-01 4.163561e+00
9.999899e-01 2.578461e-04 4.497034e-03 8.022654e+00 -2.560368e-04 9.999999e-01 -4.028868e-04 -4.364261e-01 -4.497152e-03 4.017320e-04 9.999897e-01 4.342332e+00
9.999434e-01 -2.922637e-04 -1.063078e-02 8.348642e+00 2.971241e-04 9.999999e-01 4.556249e-04 -4.534205e-01 1.063066e-02 -4.587586e-04 9.999435e-01 4.479630e+00
9.999792e-01 3.187715e-04 -6.442883e-03 8.525899e+00 -3.204389e-04 9.999999e-01 -2.577888e-04 -4.586038e-01 6.442784e-03 2.598487e-04 9.999791e-01 4.316584e+00
9.999786e-01 -3.193972e-04 -6.541182e-03 8.822679e+00 3.223608e-04 9.999998e-01 4.520335e-04 -4.741499e-01 6.541055e-03 -4.541332e-04 9.999786e-01 4.440426e+00
9.999984e-01 3.099255e-04 -1.787202e-03 9.093362e+00 -3.104577e-04 9.999999e-01 -2.975912e-04 -4.936227e-01 1.787091e-03 2.981464e-04 9.999983e-01 4.739108e+00
9.999051e-01 -3.418739e-04 -1.377110e-02 9.316688e+00 3.481699e-04 9.999998e-01 4.547964e-04 -5.001535e-01 1.377096e-02 -4.595487e-04 9.999052e-01 4.555745e+00
9.999994e-01 2.836082e-04 1.062769e-03 9.805617e+00 -2.832707e-04 9.999999e-01 -3.176046e-04 -5.155199e-01 -1.062881e-03 3.173041e-04 9.999993e-01 4.412453e+00
9.999934e-01 -4.928454e-04 -3.596981e-03 9.896907e+00 4.931945e-04 9.999999e-01 9.620653e-05 -5.078049e-01 3.596955e-03 -9.798069e-05 9.999936e-01 3.723128e+00
9.999948e-01 1.346767e-04 3.208463e-03 9.418262e+00 -1.331102e-04 9.999999e-01 -4.884234e-04 -4.705283e-01 -3.208551e-03 4.879945e-04 9.999946e-01 2.397918e+00
9.999961e-01 -6.663958e-04 -2.707485e-03 8.616026e+00 6.663530e-04 9.999998e-01 -1.667886e-05 -4.120572e-01 2.707518e-03 1.487395e-05 9.999964e-01 4.968747e-01
9.999945e-01 8.035875e-05 3.301941e-03 7.738096e+00 -7.858446e-05 9.999999e-01 -5.374456e-04 -3.453718e-01 -3.302006e-03 5.371839e-04 9.999943e-01 -1.689127e+00
9.999940e-01 -4.975590e-04 -3.416382e-03 7.199492e+00 4.978866e-04 9.999999e-01 9.506636e-05 -3.012044e-01 3.416356e-03 -9.676738e-05 9.999943e-01 -3.258046e+00
9.999904e-01 3.889128e-05 4.392024e-03 6.474864e+00 -3.642214e-05 9.999998e-01 -5.622444e-04 -2.494484e-01 -4.392067e-03 5.620796e-04 9.999901e-01 -4.941333e+00
9.999951e-01 -5.542484e-04 -3.088727e-03 5.641258e+00 5.544345e-04 9.999998e-01 5.942553e-05 -1.903079e-01 3.088715e-03 -6.113827e-05 9.999953e-01 -6.827845e+00
9.999902e-01 -6.603193e-05 4.427649e-03 4.575949e+00 6.872856e-05 9.999998e-01 -6.088757e-04 -1.192448e-01 -4.427630e-03 6.091746e-04 9.999899e-01 -8.983786e+00
9.999944e-01 -6.581485e-04 -3.271630e-03 3.318697e+00 6.582123e-04 9.999998e-01 1.844325e-05 -3.748096e-02 3.271639e-03 -2.059701e-05 9.999947e-01 -1.140558e+01
9.999926e-01 6.284460e-05 3.855479e-03 2.316112e+00 -6.074177e-05 9.999998e-01 -5.455110e-04 2.939831e-02 -3.855534e-03 5.452732e-04 9.999923e-01 -1.345140e+01
9.999936e-01 -6.012328e-04 -3.513647e-03 1.456101e+00 6.014176e-04 9.999998e-01 5.155500e-05 8.829066e-02 3.513636e-03 -5.366819e-05 9.999939e-01 -1.530493e+01
9.999901e-01 -1.011997e-04 4.441296e-03 2.937391e-01 1.040708e-04 9.999998e-01 -6.462306e-04 1.671149e-01 -4.441251e-03 6.466867e-04 9.999898e-01 -1.770688e+01
9.999946e-01 -6.595786e-04 -3.228412e-03 -9.911679e-01 6.596359e-04 9.999998e-01 1.668971e-05 2.537984e-01 3.228421e-03 -1.881943e-05 9.999949e-01 -2.032143e+01
9.999898e-01 1.138486e-04 4.511258e-03 -1.878759e+00 -1.113375e-04 9.999998e-01 -5.568812e-04 3.178391e-01 -4.511342e-03 5.563734e-04 9.999896e-01 -2.236056e+01
9.999940e-01 -5.862046e-04 -3.405123e-03 -2.616906e+00 5.864048e-04 9.999998e-01 5.782421e-05 3.729857e-01 3.405110e-03 -5.982080e-05 9.999943e-01 -2.416571e+01
9.999873e-01 3.925241e-05 5.041052e-03 -3.456826e+00 -3.609322e-05 9.999998e-01 -6.267747e-04 4.385098e-01 -5.041096e-03 6.265849e-04 9.999870e-01 -2.632145e+01
9.999932e-01 -6.506616e-04 -3.642061e-03 -4.436234e+00 6.508363e-04 9.999998e-01 4.677671e-05 5.101777e-01 3.642050e-03 -4.914683e-05 9.999935e-01 -2.860027e+01
9.999905e-01 4.804491e-05 4.349971e-03 -5.401340e+00 -4.540206e-05 9.999998e-01 -6.076470e-04 5.794746e-01 -4.350019e-03 6.074438e-04 9.999903e-01 -3.079602e+01
9.999912e-01 -7.030022e-04 -4.140811e-03 -6.474472e+00 7.031807e-04 9.999998e-01 4.164301e-05 6.531794e-01 4.140801e-03 -4.455433e-05 9.999915e-01 -3.307040e+01
9.999897e-01 1.287047e-05 4.542197e-03 -7.678997e+00 -1.011932e-05 9.999998e-01 -6.057079e-04 7.304572e-01 -4.542225e-03 6.056556e-04 9.999894e-01 -3.535873e+01
9.999852e-01 -5.396742e-04 -5.407491e-03 -8.624900e+00 5.405824e-04 9.999998e-01 1.664983e-04 7.883260e-01 5.407421e-03 -1.694189e-04 9.999855e-01 -3.706716e+01
9.999896e-01 2.520161e-04 -4.562851e-03 -9.192622e+00 -2.534016e-04 9.999999e-01 -3.030574e-04 8.236164e-01 4.562753e-03 3.042103e-04 9.999894e-01 -3.818349e+01
9.999086e-01 -4.026869e-04 -1.351597e-02 -9.529066e+00 4.078057e-04 9.999998e-01 3.759712e-04 8.462845e-01 1.351584e-02 -3.814486e-04 9.999087e-01 -3.900546e+01
9.998621e-01 5.305889e-04 -1.660035e-02 -9.521812e+00 -5.275441e-04 9.999998e-01 1.877938e-04 8.482196e-01 1.660042e-02 -1.790105e-04 9.998621e-01 -3.927344e+01
9.998600e-01 -3.243409e-04 -1.673087e-02 -9.340217e+00 3.325990e-04 9.999998e-01 4.908091e-04 8.395010e-01 1.673073e-02 -4.963050e-04 9.998600e-01 -3.926990e+01
9.999356e-01 4.474873e-04 -1.134237e-02 -9.092254e+00 -4.469590e-04 9.999999e-01 4.911553e-05 8.315419e-01 1.134236e-02 -4.404278e-05 9.999356e-01 -3.940420e+01
9.996606e-01 -1.887780e-04 -2.605012e-02 -8.905818e+00 2.084311e-04 9.999997e-01 7.517241e-04 8.238908e-01 2.605000e-02 -7.568987e-04 9.996605e-01 -3.944431e+01
9.999449e-01 4.294786e-04 -1.048636e-02 -8.692575e+00 -4.291412e-04 9.999999e-01 3.442377e-05 8.153512e-01 1.048634e-02 -2.992158e-05 9.999449e-01 -3.948332e+01
9.996712e-01 -2.177746e-04 -2.564132e-02 -8.440906e+00 2.365917e-04 9.999997e-01 7.308290e-04 8.054324e-01 2.564120e-02 -7.366554e-04 9.996710e-01 -3.951710e+01
9.999478e-01 4.403944e-04 -1.020532e-02 -8.201883e+00 -4.398796e-04 9.999999e-01 5.268273e-05 7.951425e-01 1.020529e-02 -4.819057e-05 9.999478e-01 -3.951879e+01
9.996425e-01 -2.167298e-04 -2.673667e-02 -7.859933e+00 2.381259e-04 9.999997e-01 7.970781e-04 7.803732e-01 2.673654e-02 -8.031602e-04 9.996423e-01 -3.946371e+01
9.999267e-01 4.856288e-04 -1.209819e-02 -7.605656e+00 -4.844705e-04 9.999999e-01 9.866495e-05 7.687465e-01 1.209818e-02 -9.279606e-05 9.999267e-01 -3.942204e+01
9.995688e-01 -1.704509e-04 -2.936279e-02 -7.386640e+00 1.960219e-04 9.999996e-01 8.679918e-04 7.575801e-01 2.936269e-02 -8.733738e-04 9.995685e-01 -3.934552e+01
9.998576e-01 5.398609e-04 -1.686639e-02 -7.124540e+00 -5.350524e-04 9.999998e-01 2.895944e-04 7.430352e-01 1.686649e-02 -2.805281e-04 9.998576e-01 -3.917780e+01
9.995156e-01 -1.244680e-04 -3.112296e-02 -6.777579e+00 1.544289e-04 9.999995e-01 9.602660e-04 7.231626e-01 3.112289e-02 -9.646079e-04 9.995152e-01 -3.888928e+01
9.998147e-01 5.919398e-04 -1.924269e-02 -6.535668e+00 -5.853027e-04 9.999998e-01 3.505295e-04 7.071000e-01 1.924283e-02 -3.392009e-04 9.998147e-01 -3.862056e+01
9.998589e-01 -3.369235e-04 -1.679396e-02 -6.251607e+00 3.438435e-04 9.999999e-01 4.091849e-04 6.950156e-01 1.679389e-02 -4.149025e-04 9.998590e-01 -3.858580e+01
9.999272e-01 4.821313e-04 -1.205753e-02 -5.929924e+00 -4.794956e-04 9.999999e-01 2.214547e-04 6.805165e-01 1.205756e-02 -2.156561e-04 9.999272e-01 -3.852330e+01
9.995906e-01 -1.098556e-04 -2.861160e-02 -5.701614e+00 1.327991e-04 9.999997e-01 8.000093e-04 6.643810e-01 2.861158e-02 -8.034824e-04 9.995904e-01 -3.823628e+01
9.999065e-01 4.847228e-04 -1.366368e-02 -5.491640e+00 -4.811100e-04 9.999998e-01 2.676553e-04 6.485028e-01 1.366373e-02 -2.610556e-04 9.999065e-01 -3.794269e+01
9.996814e-01 -1.612234e-04 -2.524221e-02 -5.334583e+00 1.773764e-04 9.999998e-01 6.377011e-04 6.356997e-01 2.524219e-02 -6.419764e-04 9.996812e-01 -3.771840e+01
9.999427e-01 4.378537e-04 -1.069473e-02 -5.128350e+00 -4.357217e-04 9.999999e-01 2.016252e-04 6.217943e-01 1.069473e-02 -1.969526e-04 9.999427e-01 -3.751662e+01
9.997488e-01 -2.281392e-04 -2.241084e-02 -5.147727e+00 2.370683e-04 9.999999e-01 3.958003e-04 6.218175e-01 2.241083e-02 -4.010149e-04 9.997488e-01 -3.764433e+01
9.999499e-01 4.862011e-04 -9.994032e-03 -5.225595e+00 -4.835334e-04 9.999998e-01 2.692824e-04 6.226095e-01 9.994076e-03 -2.644353e-04 9.999499e-01 -3.771609e+01
9.998007e-01 -1.563437e-04 -1.996224e-02 -5.179032e+00 1.657801e-04 9.999999e-01 4.710958e-04 6.104980e-01 1.996225e-02 -4.743125e-04 9.998007e-01 -3.738001e+01
9.997943e-01 5.942087e-04 -2.026984e-02 -5.186100e+00 -5.832665e-04 9.999997e-01 5.457003e-04 6.000992e-01 2.027007e-02 -5.337641e-04 9.997943e-01 -3.703956e+01
9.999909e-01 -4.025815e-04 4.248114e-03 -5.140033e+00 4.033569e-04 9.999999e-01 -1.818843e-04 5.846104e-01 -4.247951e-03 1.835948e-04 9.999910e-01 -3.657351e+01
9.998265e-01 7.775589e-04 1.860930e-02 -4.941056e+00 -7.679739e-04 9.999996e-01 -5.221602e-04 5.641383e-01 -1.860979e-02 5.077793e-04 9.998266e-01 -3.609799e+01
9.999821e-01 -4.053022e-04 5.971970e-03 -4.774536e+00 4.067495e-04 9.999999e-01 -2.412396e-04 5.465133e-01 -5.971784e-03 2.436632e-04 9.999822e-01 -3.570033e+01
9.998500e-01 7.665817e-04 1.730186e-02 -4.547576e+00 -7.582103e-04 9.999996e-01 -4.903613e-04 5.263314e-01 -1.730231e-02 4.771703e-04 9.998501e-01 -3.527386e+01
9.999296e-01 -3.182872e-04 1.186317e-02 -4.205130e+00 3.230207e-04 9.999999e-01 -3.971445e-04 5.048601e-01 -1.186295e-02 4.009476e-04 9.999296e-01 -3.494590e+01
9.999894e-01 6.049447e-04 4.569113e-03 -3.836161e+00 -6.045494e-04 9.999998e-01 -8.776441e-05 4.787253e-01 -4.569249e-03 8.500215e-05 9.999895e-01 -3.447405e+01
9.999615e-01 -3.577988e-04 8.766533e-03 -3.389902e+00 3.602699e-04 9.999999e-01 -2.803624e-04 4.494502e-01 -8.766349e-03 2.835090e-04 9.999616e-01 -3.397956e+01
9.999919e-01 6.095650e-04 3.985360e-03 -2.929052e+00 -6.092536e-04 9.999998e-01 -7.922745e-05 4.203488e-01 -3.985490e-03 7.679957e-05 9.999920e-01 -3.351087e+01
9.999786e-01 -3.845297e-04 6.538117e-03 -2.485727e+00 3.858681e-04 9.999999e-01 -2.035112e-04 3.907830e-01 -6.537956e-03 2.060289e-04 9.999787e-01 -3.300602e+01
9.999958e-01 6.121228e-04 2.810646e-03 -2.025495e+00 -6.120786e-04 9.999998e-01 -1.644348e-05 3.582648e-01 -2.810737e-03 1.472388e-05 9.999960e-01 -3.239372e+01
9.999934e-01 -4.190664e-04 3.613362e-03 -1.841279e+00 4.195744e-04 9.999999e-01 -1.399617e-04 3.333766e-01 -3.613222e-03 1.414761e-04 9.999935e-01 -3.172890e+01
9.999984e-01 5.459617e-04 -1.698567e-03 -1.670019e+00 -5.457849e-04 9.999998e-01 1.043246e-04 3.102387e-01 1.698543e-03 -1.033966e-04 9.999985e-01 -3.112402e+01
9.999941e-01 -5.081779e-04 -3.389181e-03 -1.478748e+00 5.083418e-04 9.999999e-01 4.760882e-05 2.873565e-01 3.389237e-03 -4.933224e-05 9.999943e-01 -3.056129e+01
9.998211e-01 7.407362e-04 -1.890139e-02 -1.423503e+00 -7.307440e-04 9.999996e-01 5.355295e-04 2.712391e-01 1.890170e-02 -5.216208e-04 9.998211e-01 -3.009217e+01
9.998548e-01 -3.537119e-04 -1.703794e-02 -1.429007e+00 3.598644e-04 9.999999e-01 3.580711e-04 2.605221e-01 1.703789e-02 -3.641514e-04 9.998549e-01 -2.974992e+01
9.998374e-01 7.563554e-04 -1.801635e-02 -1.387077e+00 -7.462616e-04 9.999996e-01 5.669440e-04 2.463639e-01 1.801668e-02 -5.534060e-04 9.998375e-01 -2.931331e+01
9.997650e-01 -3.104658e-04 -2.167627e-02 -1.284478e+00 3.201138e-04 9.999999e-01 4.416544e-04 2.333461e-01 2.167622e-02 -4.484905e-04 9.997650e-01 -2.898713e+01
9.999533e-01 6.104318e-04 -9.641335e-03 -1.026606e+00 -6.068259e-04 9.999997e-01 3.768600e-04 2.147999e-01 9.641473e-03 -3.709908e-04 9.999534e-01 -2.864848e+01
9.998413e-01 -3.125635e-04 -1.781512e-02 -9.015948e-01 3.185600e-04 9.999999e-01 3.338004e-04 1.979986e-01 1.781510e-02 -3.394236e-04 9.998413e-01 -2.822317e+01
9.998071e-01 7.237809e-04 -1.962765e-02 -8.355467e-01 -7.120237e-04 9.999996e-01 6.059579e-04 1.868901e-01 1.962799e-02 -5.918646e-04 9.998071e-01 -2.793148e+01
9.999465e-01 -4.016962e-04 -1.033596e-02 -6.912023e-01 4.033196e-04 9.999999e-01 1.550515e-04 1.706659e-01 1.033599e-02 -1.592131e-04 9.999466e-01 -2.753603e+01
9.999253e-01 6.348403e-04 -1.220738e-02 -5.426969e-01 -6.297902e-04 9.999997e-01 4.174683e-04 1.529618e-01 1.220755e-02 -4.097480e-04 9.999253e-01 -2.709479e+01
9.999995e-01 -5.696733e-04 8.836292e-04 -2.131451e-01 5.698105e-04 9.999998e-01 -1.560110e-04 1.317063e-01 -8.834457e-04 1.565133e-04 9.999997e-01 -2.677444e+01
9.999893e-01 5.786967e-04 -4.586788e-03 2.104704e-01 -5.777008e-04 9.999998e-01 2.182560e-04 1.088782e-01 4.586819e-03 -2.156028e-04 9.999894e-01 -2.653577e+01
9.999956e-01 -5.571810e-04 2.915789e-03 5.938618e-01 5.577074e-04 9.999998e-01 -1.800067e-04 8.435385e-02 -2.915594e-03 1.816309e-04 9.999958e-01 -2.616269e+01
9.999972e-01 6.353144e-04 -2.251443e-03 9.559063e-01 -6.348591e-04 9.999998e-01 2.025599e-04 5.627639e-02 2.251477e-03 -2.011289e-04 9.999974e-01 -2.560336e+01
9.999962e-01 -5.655027e-04 2.705548e-03 1.349136e+00 5.659739e-04 9.999998e-01 -1.737231e-04 2.775387e-02 -2.705355e-03 1.752526e-04 9.999964e-01 -2.507114e+01
9.999914e-01 5.973850e-04 -4.099015e-03 1.670021e+00 -5.963795e-04 9.999998e-01 2.463104e-04 1.102045e-03 4.099066e-03 -2.438627e-04 9.999915e-01 -2.451849e+01
9.999932e-01 -5.529998e-04 3.655335e-03 2.069368e+00 5.536828e-04 9.999998e-01 -1.860874e-04 -2.804730e-02 -3.655136e-03 1.881089e-04 9.999934e-01 -2.396896e+01
9.999919e-01 5.812141e-04 -3.966534e-03 2.609245e+00 -5.803158e-04 9.999998e-01 2.273922e-04 -5.816336e-02 3.966570e-03 -2.250874e-04 9.999920e-01 -2.357581e+01
9.999987e-01 -5.976031e-04 1.513025e-03 3.140085e+00 5.978252e-04 9.999998e-01 -1.469127e-04 -8.654831e-02 -1.512842e-03 1.478159e-04 9.999989e-01 -2.324282e+01
9.999973e-01 6.046313e-04 -2.230152e-03 3.661965e+00 -6.042330e-04 9.999998e-01 1.789028e-04 -1.146515e-01 2.230165e-03 -1.775537e-04 9.999974e-01 -2.290913e+01
9.999975e-01 -5.818032e-04 2.167568e-03 4.175446e+00 5.821465e-04 9.999998e-01 -1.581415e-04 -1.433270e-01 -2.167381e-03 1.594018e-04 9.999977e-01 -2.253636e+01
9.999973e-01 6.357746e-04 -2.241662e-03 4.482813e+00 -6.353649e-04 9.999998e-01 1.831024e-04 -1.688005e-01 2.241683e-03 -1.816765e-04 9.999974e-01 -2.201405e+01
9.999962e-01 -5.702406e-04 2.723253e-03 4.825387e+00 5.707095e-04 9.999998e-01 -1.717439e-04 -1.950687e-01 -2.723060e-03 1.732962e-04 9.999963e-01 -2.150494e+01
9.999996e-01 6.806457e-04 -4.584403e-04 5.302048e+00 -6.805678e-04 9.999998e-01 1.681305e-04 -2.267846e-01 4.584599e-04 -1.678173e-04 9.999998e-01 -2.094615e+01
9.999992e-01 -6.052662e-04 1.157962e-03 5.765854e+00 6.053972e-04 9.999998e-01 -1.134903e-04 -2.587997e-01 -1.157798e-03 1.141900e-04 9.999994e-01 -2.036274e+01
9.999997e-01 6.478898e-04 -4.178458e-04 6.422050e+00 -6.478316e-04 9.999998e-01 1.374383e-04 -2.921960e-01 4.178401e-04 -1.371664e-04 9.999998e-01 -1.999048e+01
9.999988e-01 -5.933131e-04 1.443100e-03 7.000186e+00 5.934980e-04 9.999998e-01 -1.282347e-04 -3.237140e-01 -1.442929e-03 1.290899e-04 9.999990e-01 -1.958704e+01
9.999945e-01 7.557034e-04 3.214906e-03 7.328923e+00 -7.558246e-04 9.999997e-01 3.672029e-05 -3.521811e-01 -3.214972e-03 -3.914891e-05 9.999948e-01 -1.896180e+01
9.999992e-01 -6.275512e-04 -1.150138e-03 7.628721e+00 6.275150e-04 9.999998e-01 -3.113357e-05 -3.812213e-01 1.150251e-03 3.041067e-05 9.999994e-01 -1.827291e+01
9.999980e-01 7.089451e-04 1.873834e-03 8.036984e+00 -7.091033e-04 9.999997e-01 8.419303e-05 -4.124831e-01 -1.873868e-03 -8.552052e-05 9.999982e-01 -1.764264e+01
9.999998e-01 -6.146921e-04 -4.331376e-04 8.434610e+00 6.146559e-04 9.999998e-01 -8.181640e-05 -4.416856e-01 4.332821e-04 8.154900e-05 1.000000e+00 -1.708726e+01
9.999944e-01 7.254168e-04 3.245996e-03 8.962113e+00 -7.255344e-04 9.999997e-01 3.531325e-05 -4.726974e-01 -3.246064e-03 -3.766706e-05 9.999947e-01 -1.663279e+01
9.999989e-01 -6.227524e-04 -1.394342e-03 9.323670e+00 6.226521e-04 9.999998e-01 -7.178773e-05 -4.992054e-01 1.394481e-03 7.091832e-05 9.999991e-01 -1.614407e+01
9.999967e-01 7.113369e-04 2.452442e-03 9.645319e+00 -7.114911e-04 9.999997e-01 6.234034e-05 -5.254384e-01 -2.452491e-03 -6.408396e-05 9.999969e-01 -1.561220e+01
9.999984e-01 -5.769243e-04 1.704167e-03 1.006585e+01 5.771937e-04 9.999998e-01 -1.580396e-04 -5.541798e-01 -1.703982e-03 1.590219e-04 9.999986e-01 -1.510664e+01
9.999996e-01 6.692138e-04 5.672132e-04 1.058748e+01 -6.692788e-04 9.999998e-01 1.157900e-04 -5.840642e-01 -5.672295e-04 -1.161685e-04 9.999998e-01 -1.469828e+01
9.999994e-01 -5.752563e-04 9.572984e-04 1.099734e+01 5.753566e-04 9.999998e-01 -1.053084e-04 -6.138648e-01 -9.571438e-04 1.058580e-04 9.999996e-01 -1.413541e+01
9.999998e-01 6.444354e-04 -7.057921e-05 1.147862e+01 -6.444254e-04 9.999998e-01 1.313646e-04 -6.447061e-01 7.057003e-05 -1.313181e-04 9.999999e-01 -1.362682e+01
9.999703e-01 -4.486549e-04 7.703539e-03 1.197282e+01 4.509475e-04 9.999999e-01 -2.959747e-04 -6.772089e-01 -7.703312e-03 2.994387e-04 9.999704e-01 -1.305754e+01
9.999947e-01 7.104621e-04 3.172067e-03 1.248160e+01 -7.106478e-04 9.999997e-01 5.763528e-05 -7.118267e-01 -3.172118e-03 -5.988820e-05 9.999949e-01 -1.241891e+01
9.999994e-01 -5.543072e-04 9.998304e-04 1.292887e+01 5.544103e-04 9.999998e-01 -1.035859e-04 -7.447684e-01 -9.996798e-04 1.041391e-04 9.999996e-01 -1.176714e+01
9.999984e-01 6.705861e-04 1.645312e-03 1.336295e+01 -6.707003e-04 9.999998e-01 6.931109e-05 -7.746655e-01 -1.645358e-03 -7.041350e-05 9.999986e-01 -1.122936e+01
9.999961e-01 -5.390008e-04 2.751526e-03 1.385975e+01 5.394590e-04 9.999998e-01 -1.660336e-04 -8.053002e-01 -2.751343e-03 1.675162e-04 9.999963e-01 -1.074655e+01
9.999990e-01 5.973676e-04 -1.253807e-03 1.456474e+01 -5.971909e-04 9.999998e-01 1.407346e-04 -8.379314e-01 1.253798e-03 -1.399847e-04 9.999991e-01 -1.047239e+01
9.999989e-01 -5.723574e-04 1.400890e-03 1.528722e+01 5.724886e-04 9.999998e-01 -9.371495e-05 -8.730453e-01 -1.400743e-03 9.451580e-05 9.999991e-01 -1.011591e+01
9.999893e-01 7.038101e-04 4.568131e-03 1.612902e+01 -7.036025e-04 9.999998e-01 -4.689253e-05 -9.107941e-01 -4.568256e-03 4.367884e-05 9.999895e-01 -9.806584e+00
9.999540e-01 -4.534232e-04 9.579426e-03 1.681151e+01 4.565994e-04 9.999998e-01 -3.294534e-04 -9.445789e-01 -9.579183e-03 3.338113e-04 9.999541e-01 -9.436851e+00
9.999900e-01 7.061755e-04 4.400337e-03 1.753896e+01 -7.059901e-04 9.999997e-01 -4.354651e-05 -9.800773e-01 -4.400458e-03 4.044037e-05 9.999902e-01 -9.058826e+00
9.999860e-01 -4.943761e-04 5.272304e-03 1.821388e+01 4.953781e-04 9.999999e-01 -1.888634e-04 -1.014973e+00 -5.272119e-03 1.914716e-04 9.999862e-01 -8.635190e+00
9.999974e-01 5.928048e-04 -2.188453e-03 1.887101e+01 -5.925172e-04 9.999998e-01 1.318194e-04 -1.047971e+00 2.188440e-03 -1.305215e-04 9.999975e-01 -8.273626e+00
9.999644e-01 -4.250191e-04 8.432335e-03 1.946249e+01 4.272146e-04 9.999999e-01 -2.586296e-04 -1.081814e+00 -8.432133e-03 2.622219e-04 9.999645e-01 -7.779965e+00
9.999985e-01 5.889663e-04 -1.640833e-03 2.021605e+01 -5.887821e-04 9.999998e-01 1.124311e-04 -1.119292e+00 1.640808e-03 -1.114640e-04 9.999986e-01 -7.353316e+00
9.999686e-01 -4.221955e-04 7.918290e-03 2.104408e+01 4.238766e-04 9.999999e-01 -2.107048e-04 -1.159369e+00 -7.918110e-03 2.140537e-04 9.999687e-01 -6.915748e+00
9.999894e-01 5.242939e-04 -4.560776e-03 2.187273e+01 -5.233983e-04 9.999998e-01 1.974507e-04 -1.199256e+00 4.560789e-03 -1.950607e-04 9.999895e-01 -6.490939e+00
9.999725e-01 -4.202607e-04 7.405202e-03 2.251779e+01 4.218069e-04 9.999999e-01 -2.073045e-04 -1.234855e+00 -7.405025e-03 2.104215e-04 9.999726e-01 -5.999016e+00
9.999953e-01 5.362201e-04 -3.019109e-03 2.327935e+01 -5.358634e-04 9.999998e-01 1.187900e-04 -1.271030e+00 3.019083e-03 -1.171708e-04 9.999954e-01 -5.647122e+00
9.999634e-01 -3.911809e-04 8.544409e-03 2.400259e+01 3.931042e-04 9.999999e-01 -2.234795e-04 -1.307023e+00 -8.544231e-03 2.268293e-04 9.999635e-01 -5.241291e+00
9.999997e-01 6.256462e-04 4.603274e-04 2.442551e+01 -6.256578e-04 9.999998e-01 2.617752e-05 -1.339827e+00 -4.603998e-04 -2.646475e-05 9.999998e-01 -4.556342e+00
9.999840e-01 -4.338182e-04 5.642005e-03 2.489513e+01 4.344700e-04 9.999999e-01 -1.143962e-04 -1.374441e+00 -5.641866e-03 1.168448e-04 9.999842e-01 -3.861287e+00
9.999984e-01 5.624435e-04 -1.702980e-03 2.557806e+01 -5.623157e-04 9.999998e-01 7.524413e-05 -1.411761e+00 1.702933e-03 -7.428564e-05 9.999985e-01 -3.345763e+00
9.999916e-01 -4.904938e-04 4.086908e-03 2.647506e+01 4.907060e-04 9.999999e-01 -5.103121e-05 -1.453662e+00 -4.086794e-03 5.303545e-05 9.999917e-01 -2.933092e+00
9.999963e-01 5.471363e-04 -2.637778e-03 2.730034e+01 -5.468637e-04 9.999998e-01 1.038729e-04 -1.494059e+00 2.637746e-03 -1.024293e-04 9.999964e-01 -2.485521e+00
9.999933e-01 -5.098773e-04 3.637151e-03 2.821310e+01 5.101083e-04 9.999999e-01 -6.272105e-05 -1.534760e+00 -3.637031e-03 6.457517e-05 9.999935e-01 -2.151595e+00
9.999954e-01 5.269577e-04 -2.969287e-03 2.915706e+01 -5.266114e-04 9.999999e-01 1.172242e-04 -1.576143e+00 2.969261e-03 -1.156593e-04 9.999955e-01 -1.828906e+00
9.999849e-01 -4.463806e-04 5.484152e-03 2.994134e+01 4.471239e-04 9.999999e-01 -1.344030e-04 -1.613069e+00 -5.484003e-03 1.368523e-04 9.999850e-01 -1.472814e+00
9.999986e-01 5.594841e-04 -1.542373e-03 3.060090e+01 -5.594240e-04 9.999998e-01 3.906634e-05 -1.645520e+00 1.542307e-03 -3.820270e-05 9.999987e-01 -1.138363e+00
9.999900e-01 -4.704864e-04 4.460039e-03 3.125407e+01 4.710495e-04 9.999999e-01 -1.253100e-04 -1.675795e+00 -4.459891e-03 1.274089e-04 9.999901e-01 -8.911700e-01
9.999996e-01 6.019647e-04 5.381811e-04 3.179605e+01 -6.019605e-04 9.999998e-01 -6.982623e-06 -1.705931e+00 -5.382727e-04 6.659374e-06 9.999998e-01 -4.936166e-01
9.999899e-01 -4.370163e-04 4.470140e-03 3.219055e+01 4.374203e-04 9.999999e-01 -8.948377e-05 -1.736093e+00 -4.470014e-03 9.143745e-05 9.999901e-01 1.099514e-01
9.999995e-01 5.968920e-04 7.135293e-04 3.250566e+01 -5.968664e-04 9.999998e-01 -3.556439e-05 -1.762912e+00 -7.136374e-04 3.513918e-05 9.999997e-01 6.861875e-01
9.999845e-01 -4.436670e-04 5.554615e-03 3.287233e+01 4.444805e-04 9.999999e-01 -1.452963e-04 -1.788613e+00 -5.554463e-03 1.477623e-04 9.999846e-01 1.143407e+00
9.999920e-01 6.357796e-04 3.933088e-03 3.332243e+01 -6.353077e-04 9.999998e-01 -1.211250e-04 -1.817571e+00 -3.933251e-03 1.186259e-04 9.999922e-01 1.619424e+00
9.999982e-01 -5.492427e-04 -1.825610e-03 3.391533e+01 5.493392e-04 9.999998e-01 5.253426e-05 -1.846579e+00 1.825667e-03 -5.353773e-05 9.999984e-01 1.896713e+00
9.999833e-01 6.534587e-04 5.746284e-03 3.432218e+01 -6.523996e-04 9.999998e-01 -1.861130e-04 -1.871359e+00 -5.746490e-03 1.823616e-04 9.999834e-01 2.253852e+00
9.999993e-01 -5.555657e-04 -1.045759e-03 3.483793e+01 5.555610e-04 9.999998e-01 -4.365969e-06 -1.894488e+00 1.045847e-03 3.784329e-06 9.999995e-01 2.398872e+00
9.999705e-01 6.864875e-04 7.650236e-03 3.537923e+01 -6.847652e-04 9.999997e-01 -2.276904e-04 -1.919780e+00 -7.650475e-03 2.224456e-04 9.999706e-01 2.597648e+00
9.999998e-01 -5.598372e-04 -4.271491e-04 3.579591e+01 5.598177e-04 9.999998e-01 -4.492928e-05 -1.940311e+00 4.272591e-04 4.468954e-05 1.000000e+00 2.772112e+00
9.999465e-01 7.047303e-04 1.031329e-02 3.607215e+01 -7.012251e-04 9.999997e-01 -3.434443e-04 -1.954309e+00 -1.031361e-02 3.361945e-04 9.999467e-01 2.858107e+00
9.999998e-01 -5.582948e-04 4.155538e-04 3.656823e+01 5.583398e-04 9.999998e-01 -1.088550e-04 -1.969242e+00 -4.154092e-04 1.090865e-04 1.000000e+00 2.707670e+00
9.998183e-01 8.577481e-04 1.904426e-02 3.707503e+01 -8.484667e-04 9.999995e-01 -4.954175e-04 -1.994394e+00 -1.904476e-02 4.791695e-04 9.998184e-01 2.953586e+00
9.999782e-01 -4.753417e-04 6.593509e-03 3.749182e+01 4.771474e-04 9.999998e-01 -2.723248e-04 -2.018760e+00 -6.593298e-03 2.754645e-04 9.999783e-01 3.294206e+00
9.998140e-01 8.728835e-04 1.926629e-02 3.786675e+01 -8.634164e-04 9.999995e-01 -4.996855e-04 -2.043884e+00 -1.926679e-02 4.829580e-04 9.998142e-01 3.725057e+00
9.999775e-01 -5.001600e-04 6.693068e-03 3.818800e+01 5.022616e-04 9.999998e-01 -3.123308e-04 -2.062571e+00 -6.692833e-03 3.156852e-04 9.999776e-01 3.957555e+00
9.998307e-01 8.816331e-04 1.837744e-02 3.866674e+01 -8.734020e-04 9.999995e-01 -4.559045e-04 -2.087196e+00 -1.837791e-02 4.397766e-04 9.998309e-01 4.223269e+00
9.999927e-01 -5.371572e-04 3.782494e-03 3.910012e+01 5.379334e-04 9.999998e-01 -2.042083e-04 -2.112860e+00 -3.782309e-03 2.062414e-04 9.999929e-01 4.596063e+00
9.998530e-01 8.582846e-04 1.712107e-02 3.949135e+01 -8.504954e-04 9.999995e-01 -4.622185e-04 -2.134904e+00 -1.712154e-02 4.475892e-04 9.998532e-01 4.876512e+00
9.999995e-01 -5.956939e-04 -8.436081e-04 4.005322e+01 5.956600e-04 9.999998e-01 -4.042723e-05 -2.161470e+00 8.437046e-04 3.992471e-05 9.999997e-01 5.111122e+00
9.996606e-01 9.915225e-04 2.603034e-02 4.053763e+01 -9.722055e-04 9.999992e-01 -7.547405e-04 -2.185585e+00 -2.603114e-02 7.291774e-04 9.996608e-01 5.354370e+00
9.999890e-01 -6.056059e-04 -4.662694e-03 4.079872e+01 6.063831e-04 9.999998e-01 1.652550e-04 -2.212884e+00 4.662662e-03 -1.680804e-04 9.999892e-01 6.023751e+00
9.996707e-01 9.796524e-04 2.563999e-02 4.102679e+01 -9.602381e-04 9.999992e-01 -7.694902e-04 -2.238579e+00 -2.564079e-02 7.446161e-04 9.996709e-01 6.670979e+00
9.999894e-01 -6.333989e-04 -4.555715e-03 4.133069e+01 6.339950e-04 9.999998e-01 1.293870e-04 -2.261708e+00 4.555698e-03 -1.322737e-04 9.999897e-01 7.111235e+00
9.994613e-01 1.077137e-03 3.280177e-02 4.170116e+01 -1.044339e-03 9.999989e-01 -1.017000e-03 -2.283932e+00 -3.280289e-02 9.821955e-04 9.994613e-01 7.427555e+00
9.999968e-01 -6.005567e-04 -2.467542e-03 4.226037e+01 6.008166e-04 9.999998e-01 1.045191e-04 -2.310545e+00 2.467541e-03 -1.060009e-04 9.999970e-01 7.670221e+00
9.993691e-01 1.117037e-03 3.549916e-02 4.284410e+01 -1.078204e-03 9.999988e-01 -1.113042e-03 -2.337500e+00 -3.550042e-02 1.074064e-03 9.993690e-01 7.895920e+00
9.999786e-01 -6.593964e-04 -6.503794e-03 4.342788e+01 6.609535e-04 9.999998e-01 2.372331e-04 -2.364582e+00 6.503693e-03 -2.415261e-04 9.999789e-01 8.124010e+00
9.994918e-01 1.062165e-03 3.185895e-02 4.396134e+01 -1.030356e-03 9.999990e-01 -1.014834e-03 -2.390932e+00 -3.186005e-02 9.814917e-04 9.994918e-01 8.389050e+00
9.999720e-01 -6.703246e-04 -7.455522e-03 4.440851e+01 6.723629e-04 9.999997e-01 2.708584e-04 -2.415429e+00 7.455391e-03 -2.758628e-04 9.999723e-01 8.693277e+00
9.996395e-01 9.993730e-04 2.683100e-02 4.477774e+01 -9.766993e-04 9.999992e-01 -8.581582e-04 -2.440481e+00 -2.683188e-02 8.316421e-04 9.996395e-01 9.123191e+00
9.999713e-01 -6.768893e-04 -7.546738e-03 4.517501e+01 6.789538e-04 9.999997e-01 2.709678e-04 -2.465250e+00 7.546601e-03 -2.760829e-04 9.999716e-01 9.506187e+00
9.995702e-01 1.030359e-03 2.929745e-02 4.555689e+01 -1.002742e-03 9.999990e-01 -9.573127e-04 -2.488529e+00 -2.929845e-02 9.275224e-04 9.995702e-01 9.850860e+00
9.999741e-01 -6.676334e-04 -7.172810e-03 4.585154e+01 6.696083e-04 9.999997e-01 2.729105e-04 -2.509957e+00 7.172671e-03 -2.777053e-04 9.999743e-01 1.023507e+01
9.996292e-01 9.872288e-04 2.721182e-02 4.625728e+01 -9.629143e-04 9.999991e-01 -9.066223e-04 -2.533362e+00 -2.721274e-02 8.800822e-04 9.996292e-01 1.054742e+01
9.998929e-01 -7.591532e-04 -1.461394e-02 4.682786e+01 7.667191e-04 9.999996e-01 5.121051e-04 -2.561544e+00 1.461359e-02 -5.232538e-04 9.998932e-01 1.083342e+01
9.993797e-01 1.090645e-03 3.519897e-02 4.725281e+01 -1.049479e-03 9.999987e-01 -1.187962e-03 -2.582990e+00 -3.520026e-02 1.150284e-03 9.993795e-01 1.103912e+01
9.998632e-01 -7.975214e-04 -1.651949e-02 4.771039e+01 8.064290e-04 9.999995e-01 5.325466e-04 -2.601346e+00 1.651909e-02 -5.457942e-04 9.998635e-01 1.107688e+01
9.995394e-01 1.038056e-03 3.032935e-02 4.827871e+01 -1.008218e-03 9.999990e-01 -9.990631e-04 -2.626653e+00 -3.033039e-02 9.680229e-04 9.995394e-01 1.124334e+01
9.998665e-01 -7.895655e-04 -1.632104e-02 4.890239e+01 7.986627e-04 9.999995e-01 5.508684e-04 -2.654617e+00 1.632063e-02 -5.638284e-04 9.998667e-01 1.145117e+01
9.996718e-01 9.718887e-04 2.559999e-02 4.960017e+01 -9.499447e-04 9.999992e-01 -8.693444e-04 -2.683286e+00 -2.560085e-02 8.447389e-04 9.996718e-01 1.158307e+01
9.999541e-01 -6.999396e-04 -9.553268e-03 5.032068e+01 7.034181e-04 9.999997e-01 3.607399e-04 -2.711122e+00 9.553047e-03 -3.674418e-04 9.999544e-01 1.165365e+01
9.996250e-01 9.900397e-04 2.736663e-02 5.090148e+01 -9.645587e-04 9.999991e-01 -9.442932e-04 -2.735627e+00 -2.736757e-02 9.175407e-04 9.996249e-01 1.177844e+01
9.999088e-01 -7.382863e-04 -1.348519e-02 5.149201e+01 7.454244e-04 9.999996e-01 5.242877e-04 -2.765360e+00 1.348483e-02 -5.342905e-04 9.999090e-01 1.210180e+01
9.994962e-01 1.056404e-03 3.172207e-02 5.227399e+01 -1.022204e-03 9.999989e-01 -1.094344e-03 -2.796340e+00 -3.172322e-02 1.061364e-03 9.994960e-01 1.222541e+01
9.999316e-01 -7.240748e-04 -1.167515e-02 5.277975e+01 7.292221e-04 9.999996e-01 4.366078e-04 -2.817516e+00 1.167486e-02 -4.450900e-04 9.999318e-01 1.232147e+01
9.993093e-01 1.145460e-03 3.714340e-02 5.292306e+01 -1.099892e-03 9.999986e-01 -1.247218e-03 -2.835424e+00 -3.714481e-02 1.205501e-03 9.993091e-01 1.276140e+01
9.999278e-01 -7.319617e-04 -1.199234e-02 5.331689e+01 7.375339e-04 9.999996e-01 4.602128e-04 -2.858341e+00 1.199202e-02 -4.690224e-04 9.999281e-01 1.307901e+01
9.990996e-01 1.233936e-03 4.240785e-02 5.385440e+01 -1.174350e-03 9.999983e-01 -1.429977e-03 -2.881799e+00 -4.240956e-02 1.378886e-03 9.990993e-01 1.322782e+01
9.999466e-01 -6.997355e-04 -1.031153e-02 5.441561e+01 7.042809e-04 9.999997e-01 4.371628e-04 -2.906159e+00 1.031124e-02 -4.443995e-04 9.999468e-01 1.338479e+01
9.990112e-01 1.268986e-03 4.444164e-02 5.497261e+01 -1.203093e-03 9.999981e-01 -1.509413e-03 -2.929582e+00 -4.444349e-02 1.454451e-03 9.990107e-01 1.350569e+01
9.999667e-01 -6.665000e-04 -8.136752e-03 5.547528e+01 6.696740e-04 9.999997e-01 3.873518e-04 -2.951574e+00 8.136500e-03 -3.927855e-04 9.999669e-01 1.364318e+01
9.988538e-01 1.324221e-03 4.784617e-02 5.596778e+01 -1.247706e-03 9.999979e-01 -1.629016e-03 -2.972182e+00 -4.784823e-02 1.567449e-03 9.988533e-01 1.373661e+01
9.999542e-01 -6.994225e-04 -9.547696e-03 5.635567e+01 7.036846e-04 9.999997e-01 4.430549e-04 -2.989959e+00 9.547384e-03 -4.497505e-04 9.999544e-01 1.384800e+01
9.989978e-01 1.236245e-03 4.474155e-02 5.665574e+01 -1.166140e-03 9.999981e-01 -1.592959e-03 -3.001953e+00 -4.474343e-02 1.539185e-03 9.989972e-01 1.382252e+01
9.998981e-01 -7.191224e-04 -1.425880e-02 5.715215e+01 7.278985e-04 9.999995e-01 6.103159e-04 -3.020301e+00 1.425835e-02 -6.206298e-04 9.998983e-01 1.381685e+01
9.991090e-01 1.178964e-03 4.218720e-02 5.763520e+01 -1.114721e-03 9.999982e-01 -1.546292e-03 -3.036803e+00 -4.218893e-02 1.497884e-03 9.991084e-01 1.375406e+01
9.998880e-01 -7.124129e-04 -1.495181e-02 5.819302e+01 7.224505e-04 9.999995e-01 6.659523e-04 -3.057202e+00 1.495132e-02 -6.766766e-04 9.998881e-01 1.375100e+01
9.992756e-01 1.096494e-03 3.804144e-02 5.886638e+01 -1.043063e-03 9.999984e-01 -1.424346e-03 -3.080713e+00 -3.804293e-02 1.383631e-03 9.992750e-01 1.371824e+01
9.998466e-01 -7.461813e-04 -1.749916e-02 5.961979e+01 7.593622e-04 9.999994e-01 7.466113e-04 -3.105081e+00 1.749858e-02 -7.597818e-04 9.998467e-01 1.361548e+01
9.991822e-01 1.123814e-03 4.041914e-02 6.030495e+01 -1.063627e-03 9.999983e-01 -1.510543e-03 -3.127882e+00 -4.042075e-02 1.466314e-03 9.991816e-01 1.354244e+01
9.998266e-01 -7.568366e-04 -1.860401e-02 6.094083e+01 7.715630e-04 9.999994e-01 7.844242e-04 -3.149433e+00 1.860338e-02 -7.986391e-04 9.998267e-01 1.348015e+01
9.994329e-01 1.021331e-03 3.365758e-02 6.181284e+01 -9.789045e-04 9.999987e-01 -1.276989e-03 -3.178745e+00 -3.365882e-02 1.243314e-03 9.994325e-01 1.341418e+01
9.997342e-01 -8.120773e-04 -2.304030e-02 6.270070e+01 8.333481e-04 9.999992e-01 9.136299e-04 -3.208370e+00 2.303952e-02 -9.325843e-04 9.997342e-01 1.333870e+01
9.993478e-01 1.045320e-03 3.609675e-02 6.342238e+01 -9.959191e-04 9.999985e-01 -1.386523e-03 -3.232333e+00 -3.609812e-02 1.349666e-03 9.993472e-01 1.325588e+01
9.997842e-01 -7.869600e-04 -2.075802e-02 6.414810e+01 8.049717e-04 9.999993e-01 8.593768e-04 -3.256926e+00 2.075730e-02 -8.758975e-04 9.997843e-01 1.319401e+01
9.990403e-01 1.158012e-03 4.378529e-02 6.475051e+01 -1.087453e-03 9.999981e-01 -1.635248e-03 -3.278795e+00 -4.378707e-02 1.586061e-03 9.990395e-01 1.319192e+01
9.997591e-01 -7.967087e-04 -2.193331e-02 6.527929e+01 8.165175e-04 9.999993e-01 8.942271e-04 -3.298989e+00 2.193255e-02 -9.119170e-04 9.997591e-01 1.321426e+01
9.991018e-01 1.123514e-03 4.235869e-02 6.577776e+01 -1.056477e-03 9.999982e-01 -1.604963e-03 -3.318693e+00 -4.236038e-02 1.558767e-03 9.991011e-01 1.325204e+01
9.995746e-01 -8.830618e-04 -2.915250e-02 6.638741e+01 9.161516e-04 9.999990e-01 1.121745e-03 -3.341801e+00 2.915145e-02 -1.147972e-03 9.995744e-01 1.327259e+01
9.993861e-01 1.024946e-03 3.501914e-02 6.708437e+01 -9.771176e-04 9.999986e-01 -1.382840e-03 -3.366867e+00 -3.502047e-02 1.347770e-03 9.993856e-01 1.324873e+01
9.996373e-01 -8.625596e-04 -2.691796e-02 6.780414e+01 8.916779e-04 9.999990e-01 1.069782e-03 -3.393776e+00 2.691697e-02 -1.093392e-03 9.996372e-01 1.326950e+01
9.994186e-01 1.027853e-03 3.408075e-02 6.856375e+01 -9.828460e-04 9.999986e-01 -1.337306e-03 -3.423173e+00 -3.408205e-02 1.303029e-03 9.994181e-01 1.333409e+01
9.997096e-01 -8.441256e-04 -2.408489e-02 6.932154e+01 8.680491e-04 9.999991e-01 9.828907e-04 -3.452080e+00 2.408401e-02 -1.003508e-03 9.997095e-01 1.338412e+01
9.993506e-01 1.058115e-03 3.601788e-02 7.004434e+01 -1.007960e-03 9.999985e-01 -1.410599e-03 -3.478286e+00 -3.601928e-02 1.373374e-03 9.993501e-01 1.338168e+01
9.997321e-01 -8.218266e-04 -2.313335e-02 7.070330e+01 8.440996e-04 9.999992e-01 9.530999e-04 -3.502847e+00 2.313251e-02 -9.723676e-04 9.997320e-01 1.339327e+01
9.997689e-01 9.078338e-04 2.147608e-02 7.129971e+01 -8.866470e-04 9.999991e-01 -9.960024e-04 -3.526862e+00 -2.147693e-02 9.767268e-04 9.997688e-01 1.345107e+01
9.995578e-01 -8.467857e-04 -2.972503e-02 7.188939e+01 8.808405e-04 9.999990e-01 1.132612e-03 -3.550973e+00 2.972400e-02 -1.158290e-03 9.995576e-01 1.352430e+01
9.998466e-01 8.736774e-04 1.749586e-02 7.257577e+01 -8.588305e-04 9.999993e-01 -8.560544e-04 -3.577683e+00 -1.749656e-02 8.408933e-04 9.998465e-01 1.358370e+01
9.993930e-01 -8.137460e-04 -3.482683e-02 7.310001e+01 8.572319e-04 9.999989e-01 1.233739e-03 -3.599540e+00 3.482575e-02 -1.262841e-03 9.993927e-01 1.366993e+01
9.998518e-01 8.653225e-04 1.719325e-02 7.367394e+01 -8.507455e-04 9.999993e-01 -8.550912e-04 -3.621690e+00 -1.719395e-02 8.403338e-04 9.998517e-01 1.370979e+01
9.994352e-01 -8.493362e-04 -3.359502e-02 7.430307e+01 8.905644e-04 9.999989e-01 1.212285e-03 -3.645726e+00 3.359392e-02 -1.241515e-03 9.994349e-01 1.374666e+01
9.998943e-01 9.226572e-04 1.450757e-02 7.482112e+01 -9.112105e-04 9.999993e-01 -7.955718e-04 -3.666412e+00 -1.450826e-02 7.822647e-04 9.998943e-01 1.380300e+01
9.994915e-01 -8.542393e-04 -3.187524e-02 7.529746e+01 8.915405e-04 9.999989e-01 1.156049e-03 -3.687238e+00 3.187419e-02 -1.183875e-03 9.994913e-01 1.391663e+01
9.997963e-01 8.429354e-04 2.016575e-02 7.594608e+01 -8.249841e-04 9.999993e-01 -8.984699e-04 -3.713518e+00 -2.016647e-02 8.816469e-04 9.997961e-01 1.401115e+01
9.994312e-01 -8.409520e-04 -3.371267e-02 7.655133e+01 8.818424e-04 9.999989e-01 1.198074e-03 -3.739268e+00 3.371160e-02 -1.227118e-03 9.994309e-01 1.414615e+01
9.996165e-01 8.329300e-04 2.768118e-02 7.709876e+01 -8.032619e-04 9.999991e-01 -1.082869e-03 -3.765194e+00 -2.768203e-02 1.060214e-03 9.996161e-01 1.435244e+01
9.995236e-01 -8.403266e-04 -3.085391e-02 7.770575e+01 8.760877e-04 9.999990e-01 1.145560e-03 -3.793610e+00 3.085289e-02 -1.172041e-03 9.995233e-01 1.457861e+01
9.996750e-01 8.040237e-04 2.548194e-02 7.839661e+01 -7.780854e-04 9.999992e-01 -1.027793e-03 -3.823144e+00 -2.548272e-02 1.007628e-03 9.996747e-01 1.473518e+01
9.993827e-01 -8.198059e-04 -3.512287e-02 7.896725e+01 8.635036e-04 9.999989e-01 1.229002e-03 -3.849205e+00 3.512181e-02 -1.258569e-03 9.993823e-01 1.491613e+01
9.996553e-01 7.965198e-04 2.624307e-02 7.965014e+01 -7.698771e-04 9.999992e-01 -1.025305e-03 -3.878309e+00 -2.624384e-02 1.004744e-03 9.996550e-01 1.507194e+01
9.993976e-01 -8.141083e-04 -3.469442e-02 8.017100e+01 8.564625e-04 9.999989e-01 1.205947e-03 -3.903983e+00 3.469338e-02 -1.234932e-03 9.993973e-01 1.530142e+01
9.997238e-01 8.217370e-04 2.348772e-02 8.067276e+01 -7.986784e-04 9.999992e-01 -9.910848e-04 -3.926178e+00 -2.348849e-02 9.720485e-04 9.997235e-01 1.541763e+01
9.993558e-01 -8.391713e-04 -3.587947e-02 8.124444e+01 8.836551e-04 9.999989e-01 1.223984e-03 -3.949011e+00 3.587838e-02 -1.254897e-03 9.993555e-01 1.547046e+01
9.998472e-01 9.121959e-04 1.745592e-02 8.173726e+01 -8.975760e-04 9.999992e-01 -8.453367e-04 -3.968083e+00 -1.745667e-02 8.295362e-04 9.998472e-01 1.548770e+01
9.994091e-01 -8.737986e-04 -3.436064e-02 8.228326e+01 9.147538e-04 9.999989e-01 1.176230e-03 -3.988697e+00 3.435955e-02 -1.206963e-03 9.994089e-01 1.550008e+01
