9.996764e-01 4.301897e-04 2.543300e-02 5.320530e-01 -4.116366e-04 9.999996e-01 -7.347224e-04 -3.032414e-02 -2.543331e-02 7.240151e-04 9.996764e-01 4.298279e-01
9.999946e-01 4.142424e-05 3.286445e-03 7.832826e-01 -4.100245e-05 1.000000e+00 -1.284058e-04 -5.253219e-02 -3.286445e-03 1.282707e-04 9.999945e-01 9.024357e-01
9.998419e-01 3.265480e-04 1.777589e-02 1.037555e+00 -3.175516e-04 9.999998e-01 -5.089212e-04 -7.492966e-02 -1.777606e-02 5.031958e-04 9.998420e-01 1.372353e+00
9.999742e-01 8.055700e-05 7.182966e-03 1.257578e+00 -7.874474e-05 1.000000e+00 -2.525803e-04 -9.597409e-02 -7.182976e-03 2.520084e-04 9.999741e-01 1.832052e+00
9.995684e-01 4.923704e-04 2.937415e-02 1.435705e+00 -4.675448e-04 9.999995e-01 -8.520124e-04 -1.164505e-01 -2.937457e-02 8.379108e-04 9.995682e-01 2.329277e+00
9.998846e-01 1.752085e-04 1.518919e-02 1.563205e+00 -1.675891e-04 9.999999e-01 -5.029007e-04 -1.329590e-01 -1.518926e-02 5.002971e-04 9.998844e-01 2.729159e+00
9.997104e-01 4.280347e-04 2.405980e-02 1.719561e+00 -4.115708e-04 9.999997e-01 -6.892402e-04 -1.500241e-01 -2.406011e-02 6.791385e-04 9.997104e-01 3.117646e+00
9.999269e-01 1.378084e-04 1.209136e-02 1.867226e+00 -1.331227e-04 9.999999e-01 -3.883270e-04 -1.708828e-01 -1.209139e-02 3.866887e-04 9.999267e-01 3.668191e+00
9.996370e-01 4.660270e-04 2.693732e-02 1.993014e+00 -4.452409e-04 9.999996e-01 -7.776416e-04 -1.907487e-01 -2.693770e-02 7.653661e-04 9.996369e-01 4.212185e+00
9.999818e-01 8.127266e-05 6.036777e-03 2.119951e+00 -8.027285e-05 1.000000e+00 -1.658467e-04 -2.147941e-01 -6.036758e-03 1.653587e-04 9.999817e-01 4.915771e+00
9.993953e-01 5.619549e-04 3.476812e-02 2.258675e+00 -5.252919e-04 9.999993e-01 -1.063627e-03 -2.346519e-01 -3.476873e-02 1.044721e-03 9.993949e-01 5.445174e+00
9.999982e-01 3.148534e-05 1.869801e-03 2.458548e+00 -3.141192e-05 1.000000e+00 -3.921995e-05 -2.553125e-01 -1.869762e-03 3.916050e-05 9.999982e-01 5.927904e+00
9.995017e-01 5.098213e-04 3.155981e-02 2.742743e+00 -4.795241e-04 9.999994e-01 -9.675604e-04 -2.783226e-01 -3.156033e-02 9.519454e-04 9.995015e-01 6.398867e+00
9.999420e-01 1.827048e-04 1.076480e-02 2.997308e+00 -1.795319e-04 9.999999e-01 -2.956961e-04 -3.000630e-01 -1.076481e-02 2.937456e-04 9.999419e-01 6.860744e+00
9.996877e-01 4.129136e-04 2.498580e-02 3.227274e+00 -3.945253e-04 9.999996e-01 -7.408842e-04 -3.247241e-01 -2.498614e-02 7.307962e-04 9.996876e-01 7.462606e+00
9.999919e-01 -1.998604e-05 -4.021317e-03 3.477040e+00 2.064011e-05 1.000000e+00 1.625388e-04 -3.516555e-01 4.021365e-03 -1.626215e-04 9.999918e-01 8.128338e+00
9.994967e-01 5.063042e-04 3.171919e-02 3.696927e+00 -4.761088e-04 9.999994e-01 -9.595122e-04 -3.777886e-01 -3.171971e-02 9.439284e-04 9.994965e-01 8.800072e+00
9.999975e-01 5.964868e-05 2.252662e-03 3.929235e+00 -5.958666e-05 1.000000e+00 -2.744317e-05 -4.024991e-01 -2.252607e-03 2.730780e-05 9.999974e-01 9.402617e+00
9.995502e-01 4.808171e-04 2.998611e-02 4.139228e+00 -4.541114e-04 9.999995e-01 -8.974168e-04 -4.274215e-01 -2.998659e-02 8.833972e-04 9.995500e-01 1.003873e+01
9.999971e-01 4.614003e-05 2.409351e-03 4.349782e+00 -4.595812e-05 1.000000e+00 -7.537846e-05 -4.499382e-01 -2.409293e-03 7.526632e-05 9.999970e-01 1.058173e+01
9.992514e-01 5.876373e-04 3.868136e-02 4.704998e+00 -5.423062e-04 9.999992e-01 -1.182402e-03 -4.682856e-01 -3.868209e-02 1.160541e-03 9.992510e-01 1.076132e+01
9.999505e-01 -1.062812e-04 -9.945588e-03 5.308752e+00 1.093584e-04 9.999999e-01 3.088059e-04 -4.946843e-01 9.945622e-03 -3.098795e-04 9.999504e-01 1.093840e+01
9.996735e-01 3.809046e-04 2.554856e-02 6.056374e+00 -3.610428e-04 9.999996e-01 -7.820446e-04 -5.260123e-01 -2.554891e-02 7.725665e-04 9.996734e-01 1.111949e+01
9.999359e-01 -1.257689e-04 -1.131709e-02 6.715092e+00 1.295572e-04 9.999999e-01 3.339556e-04 -5.550469e-01 1.131712e-02 -3.354018e-04 9.999358e-01 1.132528e+01
9.996772e-01 3.900453e-04 2.540382e-02 7.375567e+00 -3.704825e-04 9.999996e-01 -7.747968e-04 -5.835914e-01 -2.540418e-02 7.651364e-04 9.996771e-01 1.150946e+01
9.998789e-01 -1.881214e-04 -1.556166e-02 7.947780e+00 1.950113e-04 9.999999e-01 4.411867e-04 -6.098535e-01 1.556165e-02 -4.441694e-04 9.998787e-01 1.171684e+01
9.996569e-01 4.115545e-04 2.618925e-02 8.583269e+00 -3.910118e-04 9.999996e-01 -7.895315e-04 -6.383902e-01 -2.618963e-02 7.790218e-04 9.996568e-01 1.193277e+01
9.999619e-01 -9.420145e-05 -8.731183e-03 9.270282e+00 9.633005e-05 1.000000e+00 2.432954e-04 -6.662090e-01 8.731232e-03 -2.441287e-04 9.999618e-01 1.205259e+01
9.996087e-01 4.378721e-04 2.796824e-02 9.858201e+00 -4.143369e-04 9.999996e-01 -8.473103e-04 -6.924981e-01 -2.796868e-02 8.353920e-04 9.996085e-01 1.224426e+01
9.998150e-01 -2.225158e-04 -1.923012e-02 1.050144e+01 2.335389e-04 9.999998e-01 5.709376e-04 -7.222670e-01 1.923006e-02 -5.753245e-04 9.998148e-01 1.249724e+01
9.996915e-01 3.907680e-04 2.483629e-02 1.117414e+01 -3.729074e-04 9.999997e-01 -7.237879e-04 -7.545697e-01 -2.483664e-02 7.143045e-04 9.996914e-01 1.282037e+01
9.998853e-01 -1.906665e-04 -1.514094e-02 1.178991e+01 1.971683e-04 9.999999e-01 4.278751e-04 -7.844530e-01 1.514093e-02 -4.308129e-04 9.998852e-01 1.312318e+01
9.994412e-01 5.265129e-04 3.342197e-02 1.230378e+01 -4.935948e-04 9.999994e-01 -9.931880e-04 -8.107618e-01 -3.342255e-02 9.761376e-04 9.994409e-01 1.341867e+01
9.997981e-01 -2.345110e-04 -2.009219e-02 1.263596e+01 2.467734e-04 9.999998e-01 6.077918e-04 -8.374314e-01 2.009212e-02 -6.126289e-04 9.997979e-01 1.397325e+01
9.995065e-01 4.760789e-04 3.140850e-02 1.314375e+01 -4.467959e-04 9.999995e-01 -9.393630e-04 -8.667420e-01 -3.140901e-02 9.248679e-04 9.995063e-01 1.440017e+01
9.997498e-01 -2.656530e-04 -2.236589e-02 1.364732e+01 2.806523e-04 9.999997e-01 6.674593e-04 -8.957359e-01 2.236579e-02 -6.735709e-04 9.997495e-01 1.481021e+01
9.994973e-01 4.692541e-04 3.170265e-02 1.404017e+01 -4.390667e-04 9.999994e-01 -9.591858e-04 -9.215488e-01 -3.170316e-02 9.447856e-04 9.994970e-01 1.523616e+01
9.997866e-01 -2.191184e-04 -2.065661e-02 1.437672e+01 2.322479e-04 9.999998e-01 6.331703e-04 -9.475538e-01 2.065654e-02 -6.378343e-04 9.997863e-01 1.575621e+01
9.996406e-01 4.208796e-04 2.680517e-02 1.459967e+01 -3.996701e-04 9.999996e-01 -7.966278e-04 -9.725494e-01 -2.680558e-02 7.856299e-04 9.996404e-01 1.638140e+01
9.997296e-01 -2.750675e-04 -2.325053e-02 1.508220e+01 2.913629e-04 9.999997e-01 6.974369e-04 -1.001808e+00 2.325041e-02 -7.040243e-04 9.997293e-01 1.682404e+01
9.995633e-01 4.831388e-04 2.954721e-02 1.553519e+01 -4.581181e-04 9.999995e-01 -8.535974e-04 -1.031619e+00 -2.954769e-02 8.396901e-04 9.995631e-01 1.734419e+01
9.996685e-01 -2.972039e-04 -2.574232e-02 1.583759e+01 3.166400e-04 9.999997e-01 7.509142e-04 -1.057173e+00 2.574217e-02 -7.588180e-04 9.996682e-01 1.788891e+01
9.997275e-01 3.039703e-04 2.334328e-02 1.606398e+01 -2.873335e-04 9.999997e-01 -7.160850e-04 -1.078387e+00 -2.334357e-02 7.091842e-04 9.997273e-01 1.833801e+01
9.994501e-01 -3.053733e-04 -3.315663e-02 1.617784e+01 3.349115e-04 9.999996e-01 8.852919e-04 -1.094420e+00 3.315643e-02 -8.959112e-04 9.994497e-01 1.867800e+01
9.995044e-01 2.691210e-04 3.148044e-02 1.587254e+01 -2.389891e-04 9.999995e-01 -9.609456e-04 -1.094996e+00 -3.148076e-02 9.529474e-04 9.995040e-01 1.887744e+01
9.996990e-01 -7.792358e-05 -2.453084e-02 1.601229e+01 9.538755e-05 9.999997e-01 7.107125e-04 -1.113166e+00 2.453086e-02 -7.128402e-04 9.996987e-01 1.932740e+01
9.996163e-01 2.080810e-04 2.769980e-02 1.638416e+01 -1.850507e-04 9.999996e-01 -8.340157e-04 -1.135917e+00 -2.770005e-02 8.285714e-04 9.996160e-01 1.965646e+01
9.997512e-01 -5.010786e-05 -2.230430e-02 1.681679e+01 6.430609e-05 9.999998e-01 6.358112e-04 -1.159858e+00 2.230435e-02 -6.370889e-04 9.997509e-01 1.995393e+01
9.993171e-01 3.343342e-04 3.694964e-02 1.746501e+01 -2.935629e-04 9.999993e-01 -1.108872e-03 -1.186628e+00 -3.695007e-02 1.097270e-03 9.993166e-01 2.008282e+01
9.997001e-01 -8.822764e-05 -2.448929e-02 1.802202e+01 1.050701e-04 9.999998e-01 6.864224e-04 -1.211059e+00 2.448931e-02 -6.887913e-04 9.996998e-01 2.023903e+01
9.993482e-01 3.314803e-04 3.609727e-02 1.847111e+01 -2.940305e-04 9.999994e-01 -1.042798e-03 -1.237034e+00 -3.609768e-02 1.031506e-03 9.993478e-01 2.060363e+01
9.993555e-01 -3.973153e-04 -3.589498e-02 1.821703e+01 4.280077e-04 9.999995e-01 8.473523e-04 -1.231154e+00 3.589471e-02 -8.621712e-04 9.993551e-01 2.046799e+01
9.993381e-01 6.396990e-05 3.637749e-02 1.749567e+01 -1.862954e-05 9.999992e-01 -1.246747e-03 -1.189385e+00 -3.637762e-02 1.245246e-03 9.993374e-01 1.925684e+01
9.993576e-01 -3.680574e-04 -3.583451e-02 1.689000e+01 3.998448e-04 9.999995e-01 8.798683e-04 -1.153307e+00 3.583425e-02 -8.936332e-04 9.993573e-01 1.816145e+01
9.993841e-01 3.091188e-04 3.509222e-02 1.684103e+01 -2.716985e-04 9.999994e-01 -1.071134e-03 -1.151278e+00 -3.509262e-02 1.060941e-03 9.993836e-01 1.794149e+01
9.990193e-01 -2.923528e-04 -4.427615e-02 1.670515e+01 3.443070e-04 9.999993e-01 1.165768e-03 -1.156568e+00 4.427586e-02 -1.179872e-03 9.990186e-01 1.813379e+01
9.990946e-01 3.612335e-04 4.254305e-02 1.677436e+01 -3.115251e-04 9.999993e-01 -1.175070e-03 -1.173922e+00 -4.254352e-02 1.160754e-03 9.990940e-01 1.863045e+01
9.993283e-01 -1.174292e-04 -3.664504e-02 1.693691e+01 1.554602e-04 9.999995e-01 1.034944e-03 -1.199438e+00 3.664499e-02 -1.039948e-03 9.993277e-01 1.935712e+01
9.992721e-01 2.778947e-04 3.814751e-02 1.713943e+01 -2.390346e-04 9.999994e-01 -1.023261e-03 -1.226182e+00 -3.814785e-02 1.013399e-03 9.992717e-01 2.007917e+01
9.992800e-01 -1.791643e-04 -3.794041e-02 1.727603e+01 2.166717e-04 9.999995e-01 9.844482e-04 -1.244946e+00 3.794029e-02 -9.919618e-04 9.992794e-01 2.054714e+01
9.992856e-01 1.800102e-04 3.779250e-02 1.717856e+01 -1.373435e-04 9.999994e-01 -1.131593e-03 -1.247783e+00 -3.779277e-02 1.125595e-03 9.992850e-01 2.061154e+01
9.991878e-01 -1.980780e-04 -4.029548e-02 1.715142e+01 2.394858e-04 9.999994e-01 1.022754e-03 -1.252225e+00 4.029534e-02 -1.031575e-03 9.991872e-01 2.065430e+01
9.992209e-01 2.440301e-04 3.946559e-02 1.711202e+01 -2.012801e-04 9.999994e-01 -1.087215e-03 -1.263789e+00 -3.946591e-02 1.078427e-03 9.992204e-01 2.103458e+01
9.992033e-01 -1.600686e-04 -3.990732e-02 1.724874e+01 2.036539e-04 9.999994e-01 1.088071e-03 -1.285289e+00 3.990721e-02 -1.095334e-03 9.992027e-01 2.162628e+01
9.986053e-01 5.340610e-04 5.279366e-02 1.764576e+01 -4.595307e-04 9.999989e-01 -1.423873e-03 -1.317132e+00 -5.279445e-02 1.397628e-03 9.986045e-01 2.230220e+01
9.992847e-01 -1.158415e-04 -3.781498e-02 1.803647e+01 1.551411e-04 9.999995e-01 1.036297e-03 -1.349745e+00 3.781492e-02 -1.041424e-03 9.992841e-01 2.301036e+01
9.993286e-01 1.634330e-04 3.663698e-02 1.835224e+01 -1.276456e-04 9.999995e-01 -9.791734e-04 -1.376183e+00 -3.663721e-02 9.738413e-04 9.993282e-01 2.355788e+01
9.992205e-01 -1.628336e-04 -3.947528e-02 1.872465e+01 2.027312e-04 9.999995e-01 1.006669e-03 -1.398933e+00 3.947518e-02 -1.013889e-03 9.992200e-01 2.387444e+01
9.992842e-01 1.944466e-04 3.782987e-02 1.908037e+01 -1.552820e-04 9.999994e-01 -1.038244e-03 -1.417887e+00 -3.783014e-02 1.031628e-03 9.992837e-01 2.404635e+01
9.981091e-01 4.822719e-06 -6.146750e-02 1.912166e+01 8.089238e-05 9.999990e-01 1.391972e-03 -1.411201e+00 6.146753e-02 -1.394314e-03 9.981080e-01 2.357351e+01
9.987367e-01 9.602166e-05 5.024946e-02 1.954771e+01 -3.658213e-05 9.999993e-01 -1.183825e-03 -1.429634e+00 -5.024962e-02 1.180493e-03 9.987361e-01 2.366086e+01
9.988716e-01 6.686695e-05 -4.749107e-02 2.014717e+01 -1.248973e-05 9.999993e-01 1.145272e-03 -1.462918e+00 4.749120e-02 -1.143389e-03 9.988709e-01 2.411332e+01
9.979945e-01 2.732514e-04 6.330051e-02 2.080054e+01 -1.726835e-04 9.999987e-01 -1.594217e-03 -1.495718e+00 -6.330095e-02 1.580091e-03 9.979933e-01 2.447952e+01
9.985909e-01 1.803497e-05 -5.306769e-02 2.130449e+01 5.160237e-05 9.999991e-01 1.310844e-03 -1.526380e+00 5.306775e-02 -1.311738e-03 9.985900e-01 2.495462e+01
9.981513e-01 2.677400e-04 6.077826e-02 2.179184e+01 -1.791627e-04 9.999989e-01 -1.462845e-03 -1.561272e+00 -6.077867e-02 1.449253e-03 9.981503e-01 2.563628e+01
9.981291e-01 -1.003587e-04 -6.114034e-02 2.221805e+01 1.955391e-04 9.999988e-01 1.550753e-03 -1.594264e+00 6.114020e-02 -1.559809e-03 9.981279e-01 2.631004e+01
9.982663e-01 2.241081e-04 5.885976e-02 2.258707e+01 -1.380219e-04 9.999989e-01 -1.466641e-03 -1.621595e+00 -5.886011e-02 1.455976e-03 9.982653e-01 2.682282e+01
9.987017e-01 5.191434e-05 -5.093973e-02 2.282269e+01 1.228789e-05 9.999992e-01 1.260020e-03 -1.648076e+00 5.093984e-02 -1.259012e-03 9.987009e-01 2.749186e+01
9.984955e-01 1.808673e-04 5.483371e-02 2.293223e+01 -1.086273e-04 9.999991e-01 -1.320433e-03 -1.672939e+00 -5.483399e-02 1.312492e-03 9.984947e-01 2.825413e+01
9.986364e-01 5.529873e-05 -5.220340e-02 2.300846e+01 1.449752e-05 9.999991e-01 1.336604e-03 -1.700540e+00 5.220351e-02 -1.335540e-03 9.986355e-01 2.917290e+01
9.985840e-01 1.392789e-04 5.319824e-02 2.312147e+01 -7.269795e-05 9.999992e-01 -1.253513e-03 -1.729153e+00 -5.319846e-02 1.247873e-03 9.985833e-01 3.009135e+01
9.985556e-01 -4.715282e-06 -5.372698e-02 2.343505e+01 7.606985e-05 9.999991e-01 1.326030e-03 -1.757944e+00 5.372701e-02 -1.328203e-03 9.985547e-01 3.074898e+01
9.987164e-01 2.983823e-05 5.065172e-02 2.417636e+01 3.037362e-05 9.999993e-01 -1.187990e-03 -1.792876e+00 -5.065181e-02 1.188006e-03 9.987157e-01 3.107321e+01
9.985653e-01 1.226618e-05 -5.354686e-02 2.492010e+01 5.834466e-05 9.999991e-01 1.317090e-03 -1.827559e+00 5.354692e-02 -1.318326e-03 9.985644e-01 3.138098e+01
9.985507e-01 5.270101e-05 5.381917e-02 2.609803e+01 1.247023e-05 9.999993e-01 -1.210610e-03 -1.876164e+00 -5.381928e-02 1.209528e-03 9.985500e-01 3.168765e+01
9.987041e-01 8.308305e-05 -5.089295e-02 2.713071e+01 -1.983124e-05 9.999992e-01 1.243322e-03 -1.922388e+00 5.089310e-02 -1.240704e-03 9.987033e-01 3.209985e+01
9.983225e-01 1.883109e-04 5.789860e-02 2.765130e+01 -1.086399e-04 9.999990e-01 -1.379205e-03 -1.956265e+00 -5.789889e-02 1.370603e-03 9.983216e-01 3.269506e+01
9.985945e-01 1.100576e-05 -5.300050e-02 2.848139e+01 5.675078e-05 9.999992e-01 1.276887e-03 -1.994544e+00 5.300056e-02 -1.278102e-03 9.985936e-01 3.305343e+01
9.981615e-01 2.537943e-04 6.061011e-02 2.921832e+01 -1.664697e-04 9.999989e-01 -1.445820e-03 -2.030991e+00 -6.061050e-02 1.433073e-03 9.981605e-01 3.346312e+01
9.986585e-01 6.055491e-05 -5.177981e-02 2.952083e+01 3.874786e-06 9.999992e-01 1.244178e-03 -2.061434e+00 5.177993e-02 -1.242712e-03 9.986577e-01 3.421159e+01
9.983395e-01 1.816749e-04 5.760437e-02 3.001820e+01 -1.032343e-04 9.999991e-01 -1.364702e-03 -2.093508e+00 -5.760465e-02 1.356491e-03 9.983386e-01 3.475936e+01
9.984574e-01 2.339884e-05 -5.552320e-02 3.030476e+01 5.180322e-05 9.999991e-01 1.352966e-03 -2.121419e+00 5.552327e-02 -1.353757e-03 9.984564e-01 3.542067e+01
9.984849e-01 1.060160e-04 5.502620e-02 3.058454e+01 -3.367309e-05 9.999991e-01 -1.315641e-03 -2.146523e+00 -5.502637e-02 1.311797e-03 9.984841e-01 3.596330e+01
9.985050e-01 4.681195e-05 -5.466083e-02 3.092723e+01 2.460857e-05 9.999991e-01 1.305918e-03 -2.171692e+00 5.466093e-02 -1.305312e-03 9.985040e-01 3.642353e+01
9.982707e-01 1.764743e-04 5.878473e-02 3.123442e+01 -9.441417e-05 9.999990e-01 -1.398734e-03 -2.198397e+00 -5.878501e-02 1.390766e-03 9.982698e-01 3.700641e+01
9.985308e-01 4.273416e-05 -5.418713e-02 3.173826e+01 2.675545e-05 9.999992e-01 1.281653e-03 -2.228877e+00 5.418723e-02 -1.281222e-03 9.985299e-01 3.747733e+01
9.981589e-01 1.869399e-04 6.065402e-02 3.207541e+01 -9.781356e-05 9.999989e-01 -1.472403e-03 -2.253957e+00 -6.065431e-02 1.463761e-03 9.981578e-01 3.794725e+01
9.988073e-01 1.052416e-04 -4.882528e-02 3.221558e+01 -5.100768e-05 9.999994e-01 1.111996e-03 -2.274865e+00 4.882546e-02 -1.108181e-03 9.988066e-01 3.851733e+01
9.984315e-01 1.160465e-04 5.598799e-02 3.243118e+01 -4.144205e-05 9.999991e-01 -1.333684e-03 -2.295883e+00 -5.598819e-02 1.329274e-03 9.984306e-01 3.898748e+01
9.987136e-01 8.786387e-05 -5.070584e-02 3.267238e+01 -2.862973e-05 9.999993e-01 1.168893e-03 -2.318540e+00 5.070600e-02 -1.165940e-03 9.987129e-01 3.948930e+01
9.979438e-01 2.413563e-04 6.409445e-02 3.281340e+01 -1.420023e-04 9.999988e-01 -1.554685e-03 -2.340648e+00 -6.409484e-02 1.542389e-03 9.979427e-01 4.010410e+01
9.984103e-01 5.235859e-05 -5.636257e-02 3.297736e+01 2.397959e-05 9.999991e-01 1.353713e-03 -2.365748e+00 5.636268e-02 -1.352915e-03 9.984094e-01 4.081079e+01
9.977211e-01 2.604697e-04 6.747216e-02 3.325994e+01 -1.479227e-04 9.999986e-01 -1.673056e-03 -2.390269e+00 -6.747259e-02 1.659265e-03 9.977198e-01 4.134109e+01
9.984011e-01 7.132990e-05 -5.652658e-02 3.353924e+01 6.171964e-06 9.999991e-01 1.370871e-03 -2.417201e+00 5.652672e-02 -1.369030e-03 9.984001e-01 4.197705e+01
9.976708e-01 2.727911e-04 6.821325e-02 3.388274e+01 -1.590661e-04 9.999986e-01 -1.672639e-03 -2.446004e+00 -6.821370e-02 1.657894e-03 9.976694e-01 4.260832e+01
9.982811e-01 4.827128e-05 -5.860619e-02 3.417962e+01 3.427941e-05 9.999990e-01 1.407538e-03 -2.472580e+00 5.860630e-02 -1.407129e-03 9.982801e-01 4.321007e+01
9.980465e-01 1.806257e-04 6.247510e-02 3.452238e+01 -8.674221e-05 9.999989e-01 -1.505461e-03 -2.498849e+00 -6.247539e-02 1.497103e-03 9.980455e-01 4.372765e+01
9.985236e-01 6.201093e-05 -5.431975e-02 3.500330e+01 6.246858e-06 9.999992e-01 1.256398e-03 -2.526553e+00 5.431987e-02 -1.254884e-03 9.985227e-01 4.411731e+01
9.974432e-01 3.285343e-04 7.146297e-02 3.536666e+01 -2.028441e-04 9.999984e-01 -1.766081e-03 -2.551520e+00 -7.146353e-02 1.747071e-03 9.974418e-01 4.456209e+01
9.987707e-01 1.242081e-04 -4.956806e-02 3.555763e+01 -7.054743e-05 9.999994e-01 1.084287e-03 -2.572243e+00 4.956826e-02 -1.079459e-03 9.987701e-01 4.506311e+01
9.978709e-01 2.511099e-04 6.522075e-02 3.588466e+01 -1.520031e-04 9.999988e-01 -1.524536e-03 -2.598174e+00 -6.522115e-02 1.511378e-03 9.978698e-01 4.559474e+01
9.984038e-01 4.534433e-05 -5.647749e-02 3.636021e+01 2.757943e-05 9.999992e-01 1.290395e-03 -2.629087e+00 5.647760e-02 -1.289895e-03 9.984030e-01 4.613197e+01
9.977946e-01 2.563066e-04 6.637699e-02 3.687514e+01 -1.530819e-04 9.999988e-01 -1.560228e-03 -2.659479e+00 -6.637740e-02 1.546628e-03 9.977935e-01 4.659370e+01
9.985624e-01 9.830150e-05 -5.360129e-02 3.723534e+01 -3.329742e-05 9.999993e-01 1.213598e-03 -2.687989e+00 5.360147e-02 -1.210070e-03 9.985616e-01 4.718842e+01
9.978976e-01 2.449732e-04 6.481072e-02 3.744765e+01 -1.487053e-04 9.999989e-01 -1.490209e-03 -2.715353e+00 -6.481111e-02 1.477440e-03 9.978965e-01 4.792728e+01
9.986127e-01 8.372950e-05 -5.265624e-02 3.761500e+01 -2.318717e-05 9.999993e-01 1.150347e-03 -2.739915e+00 5.265640e-02 -1.147532e-03 9.986120e-01 4.860823e+01
9.980854e-01 1.982406e-04 6.185062e-02 3.781714e+01 -1.113704e-04 9.999990e-01 -1.407982e-03 -2.763597e+00 -6.185093e-02 1.398399e-03 9.980845e-01 4.921017e+01
9.983690e-01 2.937216e-05 -5.708956e-02 3.803588e+01 4.292281e-05 9.999992e-01 1.265090e-03 -2.786734e+00 5.708964e-02 -1.265479e-03 9.983682e-01 4.976477e+01
9.984992e-01 7.715964e-05 5.476720e-02 3.829071e+01 -1.070931e-05 9.999993e-01 -1.213639e-03 -2.808455e+00 -5.476735e-02 1.211233e-03 9.984985e-01 5.019497e+01
9.984329e-01 2.884297e-05 -5.596093e-02 3.856677e+01 3.744617e-05 9.999993e-01 1.183485e-03 -2.826597e+00 5.596102e-02 -1.183728e-03 9.984322e-01 5.044232e+01
9.981043e-01 1.739791e-04 6.154592e-02 3.896210e+01 -8.929948e-05 9.999990e-01 -1.378646e-03 -2.849471e+00 -6.154620e-02 1.370539e-03 9.981034e-01 5.074128e+01
9.985318e-01 6.210730e-05 -5.416848e-02 3.918353e+01 -3.250754e-07 9.999993e-01 1.140537e-03 -2.871405e+00 5.416861e-02 -1.138847e-03 9.985311e-01 5.123987e+01
9.985860e-01 3.227662e-05 5.316039e-02 3.975546e+01 2.788407e-05 9.999994e-01 -1.130965e-03 -2.898397e+00 -5.316049e-02 1.130850e-03 9.985854e-01 5.145667e+01
9.984260e-01 3.654027e-05 -5.608500e-02 4.032775e+01 3.128059e-05 9.999993e-01 1.208346e-03 -2.926450e+00 5.608510e-02 -1.208200e-03 9.984252e-01 5.171632e+01
9.985442e-01 2.212174e-05 5.394089e-02 4.097252e+01 3.950173e-05 9.999993e-01 -1.141384e-03 -2.956489e+00 -5.394098e-02 1.141854e-03 9.985435e-01 5.196003e+01
9.984894e-01 3.728787e-05 -5.494350e-02 4.184139e+01 2.854140e-05 9.999993e-01 1.197314e-03 -2.992576e+00 5.494360e-02 -1.197075e-03 9.984887e-01 5.215352e+01
9.984275e-01 7.980774e-05 5.605830e-02 4.261712e+01 -1.395465e-05 9.999993e-01 -1.175138e-03 -3.029485e+00 -5.605845e-02 1.172510e-03 9.984269e-01 5.251521e+01
9.984789e-01 3.176225e-05 -5.513454e-02 4.340832e+01 3.302122e-05 9.999993e-01 1.174069e-03 -3.064919e+00 5.513463e-02 -1.174105e-03 9.984782e-01 5.278480e+01
9.978931e-01 2.143980e-04 6.487950e-02 4.417992e+01 -1.189950e-04 9.999989e-01 -1.474344e-03 -3.097185e+00 -6.487984e-02 1.463519e-03 9.978921e-01 5.295169e+01
9.981250e-01 -2.334746e-05 -6.120757e-02 4.503269e+01 1.068630e-04 9.999991e-01 1.361166e-03 -3.133023e+00 6.120758e-02 -1.365157e-03 9.981241e-01 5.315831e+01
9.981581e-01 1.084474e-04 6.066684e-02 4.593087e+01 -2.722393e-05 9.999991e-01 -1.339691e-03 -3.167835e+00 -6.066703e-02 1.335574e-03 9.981572e-01 5.325586e+01
9.982284e-01 1.202494e-05 -5.949792e-02 4.677461e+01 6.477970e-05 9.999992e-01 1.288925e-03 -3.200143e+00 5.949798e-02 -1.290497e-03 9.982275e-01 5.332459e+01
9.980929e-01 1.437285e-04 6.172982e-02 4.753197e+01 -5.924895e-05 9.999991e-01 -1.370387e-03 -3.231106e+00 -6.173005e-02 1.364118e-03 9.980920e-01 5.345803e+01
9.981923e-01 4.832397e-06 -6.009975e-02 4.818468e+01 7.282982e-05 9.999992e-01 1.290006e-03 -3.259239e+00 6.009980e-02 -1.292053e-03 9.981915e-01 5.361254e+01
9.982228e-01 1.044732e-04 5.959328e-02 4.881636e+01 -2.651846e-05 9.999991e-01 -1.308924e-03 -3.286362e+00 -5.959347e-02 1.305019e-03 9.982219e-01 5.375362e+01
9.984876e-01 6.847660e-05 -5.497671e-02 4.931090e+01 -5.477581e-06 9.999993e-01 1.146044e-03 -3.311840e+00 5.497685e-02 -1.144012e-03 9.984869e-01 5.402406e+01
9.983518e-01 7.827858e-05 5.739173e-02 4.975478e+01 -6.971231e-06 9.999992e-01 -1.242689e-03 -3.335611e+00 -5.739188e-02 1.240243e-03 9.983510e-01 5.428997e+01
9.985297e-01 8.516727e-05 -5.420572e-02 5.031423e+01 -2.298939e-05 9.999993e-01 1.147667e-03 -3.364238e+00 5.420588e-02 -1.144735e-03 9.985291e-01 5.460057e+01
9.978276e-01 1.926196e-04 6.587948e-02 5.084683e+01 -9.405255e-05 9.999989e-01 -1.499290e-03 -3.391831e+00 -6.587980e-02 1.489838e-03 9.978265e-01 5.491051e+01
9.980148e-01 -1.513455e-05 -6.297984e-02 5.182851e+01 1.129436e-04 9.999988e-01 1.549437e-03 -3.438183e+00 6.297984e-02 -1.553476e-03 9.980135e-01 5.539617e+01
9.982051e-01 1.929296e-05 5.988915e-02 5.247480e+01 6.457621e-05 9.999990e-01 -1.398493e-03 -3.473085e+00 -5.988922e-02 1.399852e-03 9.982041e-01 5.585446e+01
9.980877e-01 9.244433e-05 -6.181227e-02 5.250957e+01 -4.674927e-06 9.999990e-01 1.420053e-03 -3.489825e+00 6.181244e-02 -1.417050e-03 9.980867e-01 5.635728e+01
9.975893e-01 1.707595e-04 6.939409e-02 5.289872e+01 -5.781398e-05 9.999987e-01 -1.629620e-03 -3.516741e+00 -6.939437e-02 1.621681e-03 9.975881e-01 5.683114e+01
9.987840e-01 2.158324e-04 -4.929878e-02 5.345485e+01 -1.649644e-04 9.999994e-01 1.035865e-03 -3.545837e+00 4.929908e-02 -1.026475e-03 9.987835e-01 5.717894e+01
9.982468e-01 6.299973e-05 5.919017e-02 5.390311e+01 1.274216e-05 9.999992e-01 -1.279281e-03 -3.575330e+00 -5.919030e-02 1.277794e-03 9.982460e-01 5.768418e+01
9.983012e-01 9.351438e-05 -5.826261e-02 5.434342e+01 -1.819785e-05 9.999992e-01 1.293209e-03 -3.605242e+00 5.826278e-02 -1.289954e-03 9.983004e-01 5.820450e+01
9.976243e-01 1.772178e-04 6.888925e-02 5.478117e+01 -6.402630e-05 9.999986e-01 -1.645319e-03 -3.628293e+00 -6.888954e-02 1.637001e-03 9.976230e-01 5.845821e+01
9.988851e-01 2.699141e-04 -4.720579e-02 5.505968e+01 -2.215593e-04 9.999994e-01 1.029535e-03 -3.655251e+00 4.720614e-02 -1.017930e-03 9.988846e-01 5.908944e+01
9.983761e-01 4.547517e-05 5.696644e-02 5.526355e+01 2.547853e-05 9.999992e-01 -1.244833e-03 -3.682712e+00 -5.696656e-02 1.244265e-03 9.983754e-01 5.983962e+01
9.991568e-01 2.956430e-04 -4.105382e-02 5.559769e+01 -2.633345e-04 9.999997e-01 7.923436e-04 -3.710459e+00 4.105414e-02 -7.808665e-04 9.991566e-01 6.043362e+01
9.979236e-01 1.641055e-04 6.440856e-02 5.609156e+01 -7.238932e-05 9.999990e-01 -1.426330e-03 -3.741447e+00 -6.440882e-02 1.418707e-03 9.979226e-01 6.094438e+01
9.984381e-01 1.195081e-04 -5.586880e-02 5.650140e+01 -5.254271e-05 9.999993e-01 1.200055e-03 -3.770871e+00 5.586900e-02 -1.195247e-03 9.984373e-01 6.149950e+01
9.978462e-01 1.980058e-04 6.559759e-02 5.693345e+01 -1.056324e-04 9.999990e-01 -1.411672e-03 -3.803557e+00 -6.559790e-02 1.401704e-03 9.978452e-01 6.216393e+01
9.987307e-01 2.048078e-04 -5.036760e-02 5.746854e+01 -1.516395e-04 9.999994e-01 1.059390e-03 -3.841779e+00 5.036789e-02 -1.050410e-03 9.987301e-01 6.292023e+01
9.982792e-01 3.306280e-05 5.863998e-02 5.807605e+01 4.239836e-05 9.999992e-01 -1.285637e-03 -3.872334e+00 -5.864007e-02 1.285913e-03 9.982784e-01 6.325356e+01
9.987076e-01 1.990554e-04 -5.082335e-02 5.876595e+01 -1.440195e-04 9.999994e-01 1.086511e-03 -3.906897e+00 5.082363e-02 -1.077789e-03 9.987070e-01 6.363944e+01
9.982416e-01 7.069279e-05 5.927706e-02 5.919331e+01 5.585786e-06 9.999992e-01 -1.286674e-03 -3.937004e+00 -5.927720e-02 1.284744e-03 9.982408e-01 6.420217e+01
9.982399e-01 7.974491e-05 -5.930421e-02 5.962182e+01 -3.444250e-06 9.999992e-01 1.286669e-03 -3.963599e+00 5.930436e-02 -1.284202e-03 9.982391e-01 6.460113e+01
9.981240e-01 8.325016e-05 6.122536e-02 6.014065e+01 -6.634670e-07 9.999991e-01 -1.348941e-03 -3.991165e+00 -6.122552e-02 1.346372e-03 9.981231e-01 6.491617e+01
9.988935e-01 2.683493e-04 -4.702843e-02 6.049189e+01 -2.225685e-04 9.999995e-01 9.786668e-04 -4.021334e+00 4.702877e-02 -9.671186e-04 9.988930e-01 6.558635e+01
9.984366e-01 1.124409e-05 5.589656e-02 6.079770e+01 5.529161e-05 9.999993e-01 -1.188818e-03 -4.049648e+00 -5.589664e-02 1.190052e-03 9.984359e-01 6.623428e+01
9.985790e-01 1.872508e-04 -5.329008e-02 6.112419e+01 -1.262665e-04 9.999993e-01 1.147715e-03 -4.077640e+00 5.329036e-02 -1.139357e-03 9.985784e-01 6.683588e+01
9.985314e-01 -6.312950e-05 5.417671e-02 6.168549e+01 1.256929e-04 9.999993e-01 -1.151425e-03 -4.107327e+00 -5.417670e-02 1.156545e-03 9.985307e-01 6.718190e+01
9.988204e-01 2.400126e-04 -4.855517e-02 6.252879e+01 -1.923883e-04 9.999995e-01 9.854641e-04 -4.142639e+00 4.855548e-02 -9.749619e-04 9.988200e-01 6.737766e+01
9.985644e-01 -4.410506e-05 5.356613e-02 6.322122e+01 1.021651e-04 9.999994e-01 -1.081186e-03 -4.177313e+00 -5.356615e-02 1.085108e-03 9.985638e-01 6.776214e+01
9.988660e-01 2.719847e-04 -4.760793e-02 6.370411e+01 -2.265307e-04 9.999995e-01 9.601125e-04 -4.209712e+00 4.760827e-02 -9.482407e-04 9.988656e-01 6.833964e+01
9.985793e-01 -6.978355e-05 5.328612e-02 6.429649e+01 1.282228e-04 9.999994e-01 -1.093319e-03 -4.241389e+00 -5.328611e-02 1.098600e-03 9.985787e-01 6.873678e+01
9.987539e-01 2.302142e-04 -4.990546e-02 6.491136e+01 -1.786657e-04 9.999994e-01 1.037346e-03 -4.274320e+00 4.990577e-02 -1.027138e-03 9.987534e-01 6.915235e+01
9.985751e-01 -3.416770e-05 5.336479e-02 6.539493e+01 9.125320e-05 9.999994e-01 -1.067316e-03 -4.307154e+00 -5.336482e-02 1.070667e-03 9.985746e-01 6.974739e+01
9.986289e-01 1.753793e-04 -5.234602e-02 6.590788e+01 -1.194702e-04 9.999994e-01 1.071161e-03 -4.337499e+00 5.234628e-02 -1.063440e-03 9.986284e-01 7.018996e+01
9.985313e-01 -1.367884e-05 5.417899e-02 6.637718e+01 7.146984e-05 9.999994e-01 -1.064760e-03 -4.368771e+00 -5.417904e-02 1.067070e-03 9.985307e-01 7.073464e+01
9.985449e-01 1.689722e-04 -5.392601e-02 6.672426e+01 -1.092595e-04 9.999994e-01 1.110221e-03 -4.397874e+00 5.392626e-02 -1.102715e-03 9.985443e-01 7.135752e+01
9.983924e-01 3.407477e-05 5.668149e-02 6.703944e+01 2.937664e-05 9.999994e-01 -1.118632e-03 -4.428109e+00 -5.668160e-02 1.118501e-03 9.983917e-01 7.207356e+01
9.982948e-01 1.028119e-04 -5.837287e-02 6.751812e+01 -3.293440e-05 9.999993e-01 1.198019e-03 -4.457987e+00 5.837305e-02 -1.194055e-03 9.982941e-01 7.254234e+01
9.990481e-01 2.532170e-05 4.362422e-02 6.777044e+01 1.208054e-05 9.999996e-01 -8.571453e-04 -4.476435e+00 -4.362433e-02 8.568580e-04 9.990477e-01 7.284205e+01
9.985320e-01 1.433599e-05 -5.416369e-02 6.777044e+01 3.772606e-05 9.999995e-01 9.601439e-04 -4.481728e+00 5.416378e-02 -9.607794e-04 9.985316e-01 7.289228e+01
9.978925e-01 2.931868e-04 6.488840e-02 6.797110e+01 -2.131195e-04 9.999992e-01 -1.240865e-03 -4.507435e+00 -6.488882e-02 1.224423e-03 9.978918e-01 7.357787e+01
9.983389e-01 -9.219312e-06 -5.761406e-02 6.814408e+01 7.092825e-05 9.999994e-01 1.068999e-03 -4.534018e+00 5.761411e-02 -1.071312e-03 9.983383e-01 7.433606e+01
9.978247e-01 2.838635e-04 6.592259e-02 6.844043e+01 -1.997429e-04 9.999992e-01 -1.282662e-03 -4.561325e+00 -6.592300e-02 1.266706e-03 9.978240e-01 7.496549e+01
9.981249e-01 -1.955398e-05 -6.120954e-02 6.851737e+01 9.185610e-05 9.999993e-01 1.178381e-03 -4.585415e+00 6.120957e-02 -1.181795e-03 9.981242e-01 7.574079e+01
9.981219e-01 1.955029e-04 6.125942e-02 6.853798e+01 -1.269269e-04 9.999994e-01 -1.123351e-03 -4.608573e+00 -6.125970e-02 1.113468e-03 9.981213e-01 7.654951e+01
9.980891e-01 -3.747486e-05 -6.178994e-02 6.848978e+01 1.084127e-04 9.999993e-01 1.144668e-03 -4.627294e+00 6.178996e-02 -1.149181e-03 9.980885e-01 7.726046e+01
9.980021e-01 2.566679e-04 6.318081e-02 6.845727e+01 -1.884780e-04 9.999994e-01 -1.085264e-03 -4.652414e+00 -6.318115e-02 1.071190e-03 9.980016e-01 7.822824e+01
9.979599e-01 -5.346040e-05 -6.384331e-02 6.844159e+01 1.291695e-04 9.999993e-01 1.181705e-03 -4.677029e+00 6.384330e-02 -1.187542e-03 9.979592e-01 7.914603e+01
9.982000e-01 2.498171e-04 5.997382e-02 6.840843e+01 -1.887502e-04 9.999995e-01 -1.023915e-03 -4.699593e+00 -5.997414e-02 1.010753e-03 9.981995e-01 8.000036e+01
9.976233e-01 -5.500742e-05 -6.890328e-02 6.834353e+01 1.398933e-04 9.999992e-01 1.227107e-03 -4.715874e+00 6.890326e-02 -1.233832e-03 9.976225e-01 8.060723e+01
9.982919e-01 2.393625e-04 5.842428e-02 6.837685e+01 -1.830561e-04 9.999995e-01 -9.691247e-04 -4.735447e+00 -5.842458e-02 9.567759e-04 9.982914e-01 8.124454e+01
9.978590e-01 -8.412914e-05 -6.540106e-02 6.839653e+01 1.598519e-04 9.999993e-01 1.152565e-03 -4.756465e+00 6.540102e-02 -1.160553e-03 9.978583e-01 8.194998e+01
9.983912e-01 2.390686e-04 5.670096e-02 6.841391e+01 -1.851675e-04 9.999995e-01 -9.558971e-04 -4.774452e+00 -5.670126e-02 9.438616e-04 9.983908e-01 8.252873e+01
9.979263e-01 -1.295845e-04 -6.436545e-02 6.835547e+01 1.999766e-04 9.999994e-01 1.087165e-03 -4.787367e+00 6.436537e-02 -1.097783e-03 9.979257e-01 8.297689e+01
9.983956e-01 2.529544e-04 5.662355e-02 6.828332e+01 -2.002896e-04 9.999995e-01 -9.357836e-04 -4.801777e+00 -5.662386e-02 9.229426e-04 9.983952e-01 8.350112e+01
9.979842e-01 -1.368205e-04 -6.346250e-02 6.839235e+01 2.082018e-04 9.999994e-01 1.118143e-03 -4.824037e+00 6.346241e-02 -1.129103e-03 9.979835e-01 8.414426e+01
9.987292e-01 2.338453e-04 5.039864e-02 6.871901e+01 -1.941563e-04 9.999997e-01 -7.924229e-04 -4.846346e+00 -5.039891e-02 7.816321e-04 9.987289e-01 8.451222e+01
9.978305e-01 -8.143917e-05 -6.583424e-02 6.898947e+01 1.582462e-04 9.999993e-01 1.161436e-03 -4.867572e+00 6.583420e-02 -1.169336e-03 9.978298e-01 8.492433e+01
9.983747e-01 1.680494e-04 5.699068e-02 6.925037e+01 -1.139105e-04 9.999995e-01 -9.532317e-04 -4.889503e+00 -5.699091e-02 9.451920e-04 9.983743e-01 8.535913e+01
9.980151e-01 -1.075199e-04 -6.297390e-02 6.958133e+01 1.752236e-04 9.999994e-01 1.069562e-03 -4.910920e+00 6.297385e-02 -1.078475e-03 9.980145e-01 8.566787e+01
9.981875e-01 1.847260e-04 6.018193e-02 6.997028e+01 -1.234590e-04 9.999995e-01 -1.021767e-03 -4.934452e+00 -6.018219e-02 1.012487e-03 9.981870e-01 8.598934e+01
9.981879e-01 -7.016896e-05 -6.017314e-02 7.052135e+01 1.317282e-04 9.999995e-01 1.019044e-03 -4.963089e+00 6.017313e-02 -1.025126e-03 9.981874e-01 8.630688e+01
9.981980e-01 1.719158e-04 6.000647e-02 7.110399e+01 -1.122444e-04 9.999995e-01 -9.978068e-04 -4.993135e+00 -6.000671e-02 9.892749e-04 9.981975e-01 8.664611e+01
9.979471e-01 -1.427168e-04 -6.404265e-02 7.170195e+01 2.151874e-04 9.999993e-01 1.124679e-03 -5.022902e+00 6.404255e-02 -1.136153e-03 9.979465e-01 8.694731e+01
9.980560e-01 1.804388e-04 6.232469e-02 7.246858e+01 -1.149539e-04 9.999994e-01 -1.054309e-03 -5.056619e+00 -6.232495e-02 1.045096e-03 9.980554e-01 8.718907e+01
9.979749e-01 -1.533522e-04 -6.360736e-02 7.349534e+01 2.263943e-04 9.999993e-01 1.141099e-03 -5.097369e+00 6.360724e-02 -1.153190e-03 9.979743e-01 8.736995e+01
9.980355e-01 1.519950e-04 6.265160e-02 7.480493e+01 -8.872847e-05 9.999995e-01 -1.012615e-03 -5.147280e+00 -6.265182e-02 1.005068e-03 9.980350e-01 8.755423e+01
9.981467e-01 -9.149271e-05 -6.085332e-02 7.636853e+01 1.594103e-04 9.999994e-01 1.111209e-03 -5.204880e+00 6.085328e-02 -1.118851e-03 9.981460e-01 8.772383e+01
9.978470e-01 2.202813e-04 6.558542e-02 7.815543e+01 -1.509802e-04 9.999994e-01 -1.061628e-03 -5.268483e+00 -6.558571e-02 1.049441e-03 9.978464e-01 8.785093e+01
9.979283e-01 -1.767778e-04 -6.433540e-02 7.994600e+01 2.561492e-04 9.999992e-01 1.225444e-03 -5.333749e+00 6.433523e-02 -1.239386e-03 9.979275e-01 8.803152e+01
9.979566e-01 1.698298e-04 6.389559e-02 8.123196e+01 -9.862460e-05 9.999994e-01 -1.117570e-03 -5.381825e+00 -6.389584e-02 1.108986e-03 9.979560e-01 8.817782e+01
9.976553e-01 -2.496961e-04 -6.843785e-02 8.208939e+01 3.356237e-04 9.999992e-01 1.244042e-03 -5.416025e+00 6.843758e-02 -1.264096e-03 9.976545e-01 8.831273e+01
9.978155e-01 1.317054e-04 6.606323e-02 8.328324e+01 -5.701148e-05 9.999994e-01 -1.132545e-03 -5.458917e+00 -6.606344e-02 1.126306e-03 9.978148e-01 8.838931e+01
9.979921e-01 -9.357305e-05 -6.333771e-02 8.514665e+01 1.746731e-04 9.999992e-01 1.274881e-03 -5.522116e+00 6.333764e-02 -1.283386e-03 9.979913e-01 8.841706e+01
9.979738e-01 9.299198e-05 6.362644e-02 8.635908e+01 -1.689531e-05 9.999993e-01 -1.196547e-03 -5.567095e+00 -6.362661e-02 1.193049e-03 9.979731e-01 8.855564e+01
9.979209e-01 -1.342417e-04 -6.444929e-02 8.745126e+01 2.178301e-04 9.999991e-01 1.289916e-03 -5.608355e+00 6.444917e-02 -1.301275e-03 9.979201e-01 8.871322e+01
9.978509e-01 1.016156e-04 6.552570e-02 8.914150e+01 -2.759185e-05 9.999994e-01 -1.130612e-03 -5.667264e+00 -6.552587e-02 1.126376e-03 9.978503e-01 8.881095e+01
9.977951e-01 -2.145230e-04 -6.636832e-02 9.114242e+01 3.099817e-04 9.999989e-01 1.428000e-03 -5.737108e+00 6.636804e-02 -1.445426e-03 9.977941e-01 8.895680e+01
9.978477e-01 6.024951e-05 6.557442e-02 9.331867e+01 1.287324e-05 9.999994e-01 -1.114706e-03 -5.811675e+00 -6.557455e-02 1.113152e-03 9.978471e-01 8.906738e+01
9.977120e-01 -2.718340e-04 -6.760667e-02 9.589409e+01 3.780413e-04 9.999987e-01 1.558151e-03 -5.897412e+00 6.760626e-02 -1.580145e-03 9.977108e-01 8.910541e+01
9.979979e-01 -6.640556e-05 6.324845e-02 9.846298e+01 1.372139e-04 9.999994e-01 -1.115202e-03 -5.981901e+00 -6.324844e-02 1.121649e-03 9.979972e-01 8.909009e+01
9.976675e-01 -2.478725e-04 -6.825939e-02 1.009420e+02 3.570183e-04 9.999987e-01 1.586772e-03 -6.065857e+00 6.825900e-02 -1.607442e-03 9.976663e-01 8.917092e+01
9.979309e-01 -7.873403e-05 6.429581e-02 1.037292e+02 1.484177e-04 9.999994e-01 -1.079040e-03 -6.159963e+00 -6.429579e-02 1.086351e-03 9.979304e-01 8.926992e+01
9.978198e-01 -1.265938e-04 -6.599586e-02 1.065959e+02 2.322462e-04 9.999987e-01 1.593205e-03 -6.257746e+00 6.599568e-02 -1.605061e-03 9.978186e-01 8.941788e+01
9.981506e-01 -1.552626e-04 6.078939e-02 1.087924e+02 2.257607e-04 9.999993e-01 -1.152862e-03 -6.338131e+00 -6.078927e-02 1.164455e-03 9.981500e-01 8.972763e+01
9.978355e-01 -8.420415e-05 -6.575804e-02 1.108402e+02 1.877528e-04 9.999988e-01 1.568494e-03 -6.412496e+00 6.575792e-02 -1.577446e-03 9.978343e-01 8.998756e+01
9.979322e-01 -1.151473e-04 6.427546e-02 1.135703e+02 1.867120e-04 9.999994e-01 -1.107419e-03 -6.506457e+00 -6.427539e-02 1.117131e-03 9.979316e-01 9.015031e+01
9.976778e-01 -1.444836e-04 -6.810922e-02 1.164995e+02 2.607435e-04 9.999985e-01 1.698057e-03 -6.607329e+00 6.810898e-02 -1.711874e-03 9.976764e-01 9.032697e+01
9.979445e-01 -1.899727e-04 6.408479e-02 1.196543e+02 2.604579e-04 9.999994e-01 -1.091538e-03 -6.713859e+00 -6.408464e-02 1.105987e-03 9.979439e-01 9.043896e+01
9.978702e-01 -2.211668e-06 -6.523036e-02 1.226498e+02 1.073146e-04 9.999987e-01 1.607734e-03 -6.814119e+00 6.523037e-02 -1.611312e-03 9.978689e-01 9.050504e+01
9.981395e-01 -2.887723e-04 6.097237e-02 1.251272e+02 3.590898e-04 9.999993e-01 -1.142331e-03 -6.898686e+00 -6.097209e-02 1.162102e-03 9.981389e-01 9.060785e+01
9.977152e-01 -1.255303e-07 -6.755941e-02 1.272123e+02 1.079049e-04 9.999987e-01 1.591659e-03 -6.972647e+00 6.755943e-02 -1.595314e-03 9.977139e-01 9.077909e+01
9.980412e-01 -3.098972e-04 6.255982e-02 1.295256e+02 3.829400e-04 9.999993e-01 -1.155597e-03 -7.053122e+00 -6.255952e-02 1.177291e-03 9.980406e-01 9.094027e+01
9.979776e-01 1.663619e-04 -6.356625e-02 1.319473e+02 -6.683693e-05 9.999988e-01 1.567793e-03 -7.136348e+00 6.356653e-02 -1.560375e-03 9.979763e-01 9.107496e+01
9.982229e-01 -4.210737e-04 5.958900e-02 1.340440e+02 4.917156e-04 9.999992e-01 -1.170845e-03 -7.211108e+00 -5.958856e-02 1.198066e-03 9.982224e-01 9.129316e+01
9.979572e-01 1.420909e-04 -6.388535e-02 1.364598e+02 -3.638811e-05 9.999986e-01 1.655711e-03 -7.295514e+00 6.388559e-02 -1.650005e-03 9.979558e-01 9.149134e+01
9.980982e-01 -4.020806e-04 6.164339e-02 1.394706e+02 4.710253e-04 9.999993e-01 -1.103933e-03 -7.397681e+00 -6.164300e-02 1.130871e-03 9.980977e-01 9.162100e+01
9.978597e-01 1.121344e-04 -6.539073e-02 1.426220e+02 2.482439e-06 9.999985e-01 1.752697e-03 -7.504665e+00 6.539092e-02 -1.749110e-03 9.978581e-01 9.176157e+01
9.980858e-01 -4.087828e-04 6.184306e-02 1.456321e+02 4.811940e-04 9.999992e-01 -1.156013e-03 -7.608373e+00 -6.184264e-02 1.183560e-03 9.980853e-01 9.195513e+01
9.978652e-01 1.589335e-04 -6.530589e-02 1.487121e+02 -4.102487e-05 9.999984e-01 1.806801e-03 -7.716792e+00 6.530617e-02 -1.800266e-03 9.978636e-01 9.225524e+01
9.980541e-01 -4.262288e-04 6.235374e-02 1.518185e+02 5.015909e-04 9.999992e-01 -1.192989e-03 -7.825502e+00 -6.235327e-02 1.221944e-03 9.980535e-01 9.253075e+01
9.978727e-01 2.052647e-04 -6.519219e-02 1.547426e+02 -8.903271e-05 9.999984e-01 1.785796e-03 -7.927339e+00 6.519255e-02 -1.776194e-03 9.978711e-01 9.276372e+01
9.982024e-01 -4.993266e-04 5.993076e-02 1.573475e+02 5.739366e-04 9.999991e-01 -1.227745e-03 -8.021146e+00 -5.993019e-02 1.259936e-03 9.982018e-01 9.307901e+01
9.976398e-01 2.570180e-04 -6.866292e-02 1.594331e+02 -1.304061e-04 9.999983e-01 1.848423e-03 -8.103120e+00 6.866337e-02 -1.835108e-03 9.976381e-01 9.358216e+01
9.979777e-01 -5.205880e-04 6.356386e-02 1.618931e+02 6.058522e-04 9.999989e-01 -1.322140e-03 -8.192138e+00 -6.356320e-02 1.357978e-03 9.979770e-01 9.389213e+01
9.978564e-01 3.483568e-04 -6.543929e-02 1.646369e+02 -2.279995e-04 9.999983e-01 1.846663e-03 -8.287456e+00 6.543992e-02 -1.827786e-03 9.978548e-01 9.409632e+01
9.980819e-01 -5.779902e-04 6.190563e-02 1.670297e+02 6.648472e-04 9.999988e-01 -1.382480e-03 -8.370411e+00 -6.190486e-02 1.420987e-03 9.980811e-01 9.424685e+01
9.977692e-01 3.378856e-04 -6.675644e-02 1.689360e+02 -2.210856e-04 9.999984e-01 1.757008e-03 -8.436221e+00 6.675703e-02 -1.738331e-03 9.977677e-01 9.433013e+01
9.980699e-01 -6.041835e-04 6.209757e-02 1.709784e+02 6.916207e-04 9.999988e-01 -1.386590e-03 -8.505137e+00 -6.209675e-02 1.426863e-03 9.980692e-01 9.436239e+01
9.978028e-01 3.517180e-04 -6.625167e-02 1.732010e+02 -2.321216e-04 9.999983e-01 1.812855e-03 -8.578929e+00 6.625230e-02 -1.793495e-03 9.978012e-01 9.436117e+01
9.980044e-01 -5.963631e-04 6.314231e-02 1.754984e+02 6.867846e-04 9.999988e-01 -1.410346e-03 -8.654944e+00 -6.314149e-02 1.450897e-03 9.980036e-01 9.436222e+01
9.976316e-01 3.286164e-04 -6.878241e-02 1.774915e+02 -2.045979e-04 9.999983e-01 1.810078e-03 -8.721757e+00 6.878298e-02 -1.791719e-03 9.976300e-01 9.435757e+01
9.980899e-01 -6.046591e-04 6.177527e-02 1.793708e+02 6.937790e-04 9.999987e-01 -1.421221e-03 -8.786563e+00 -6.177443e-02 1.461366e-03 9.980891e-01 9.440859e+01
9.977762e-01 3.378534e-04 -6.665133e-02 1.814965e+02 -2.156853e-04 9.999983e-01 1.840114e-03 -8.858556e+00 6.665193e-02 -1.821647e-03 9.977746e-01 9.446241e+01
