9.995204e-01 4.929293e-04 3.096279e-02 4.080522e-01 -4.645564e-04 9.999995e-01 -9.235427e-04 -2.593498e-02 -3.096323e-02 9.087154e-04 9.995202e-01 4.197506e-01
9.999965e-01 3.902293e-05 2.627734e-03 6.673099e-01 -3.877541e-05 1.000000e+00 -9.424462e-05 -4.766105e-02 -2.627731e-03 9.414269e-05 9.999964e-01 8.674429e-01
9.994897e-01 5.066103e-04 3.193988e-02 9.166615e-01 -4.767271e-04 9.999994e-01 -9.432164e-04 -6.979476e-02 -3.194035e-02 9.275082e-04 9.994894e-01 1.342128e+00
9.999608e-01 -1.132962e-04 -8.857708e-03 1.137328e+00 1.154248e-04 1.000000e+00 2.397880e-04 -9.165496e-02 8.857693e-03 -2.408009e-04 9.999606e-01 1.830152e+00
9.986489e-01 7.796616e-04 5.195961e-02 1.360934e+00 -6.991220e-04 9.999985e-01 -1.568199e-03 -1.097355e-01 -5.196078e-02 1.529754e-03 9.986481e-01 2.175996e+00
9.999843e-01 -7.835641e-05 -5.597819e-03 1.469979e+00 7.913125e-05 1.000000e+00 1.381900e-04 -1.245932e-01 5.597829e-03 -1.386309e-04 9.999842e-01 2.526210e+00
9.989014e-01 7.307932e-04 4.685490e-02 1.637093e+00 -6.661608e-04 9.999988e-01 -1.395017e-03 -1.419511e-01 -4.685589e-02 1.362271e-03 9.989008e-01 2.913222e+00
9.999758e-01 -1.052334e-04 -6.958231e-03 1.820642e+00 1.064456e-04 1.000000e+00 1.738262e-04 -1.614825e-01 6.958242e-03 -1.745630e-04 9.999757e-01 3.369658e+00
9.986222e-01 8.045594e-04 5.246928e-02 1.938439e+00 -7.235781e-04 9.999985e-01 -1.562384e-03 -1.780593e-01 -5.247050e-02 1.522267e-03 9.986214e-01 3.786197e+00
9.999411e-01 -1.329751e-04 -1.085214e-02 2.078668e+00 1.363136e-04 9.999999e-01 3.068832e-04 -1.981494e-01 1.085214e-02 -3.083450e-04 9.999410e-01 4.320274e+00
9.985877e-01 8.003653e-04 5.312265e-02 2.204305e+00 -7.164069e-04 9.999985e-01 -1.599489e-03 -2.157193e-01 -5.312389e-02 1.559173e-03 9.985868e-01 4.769968e+00
9.998909e-01 -1.714904e-04 -1.477079e-02 2.416794e+00 1.777511e-04 9.999999e-01 4.225338e-04 -2.355732e-01 1.477076e-02 -4.251141e-04 9.998907e-01 5.205680e+00
9.985444e-01 8.291086e-04 5.392952e-02 2.680727e+00 -7.429762e-04 9.999984e-01 -1.617162e-03 -2.569896e-01 -5.393083e-02 1.574740e-03 9.985435e-01 5.642792e+00
9.999592e-01 -8.702570e-05 -9.035064e-03 2.882972e+00 8.930476e-05 1.000000e+00 2.518097e-04 -2.753431e-01 9.035093e-03 -2.526073e-04 9.999591e-01 6.031352e+00
9.989083e-01 7.195684e-04 4.670859e-02 3.167422e+00 -6.562777e-04 9.999988e-01 -1.370338e-03 -2.990175e-01 -4.670958e-02 1.338190e-03 9.989077e-01 6.527223e+00
9.998065e-01 -2.298297e-04 -1.966953e-02 3.406157e+00 2.412465e-04 9.999998e-01 5.780427e-04 -3.239432e-01 1.966945e-02 -5.826771e-04 9.998063e-01 7.129669e+00
9.986509e-01 7.865597e-04 5.192000e-02 3.636899e+00 -7.072327e-04 9.999986e-01 -1.546229e-03 -3.474098e-01 -5.192120e-02 1.507425e-03 9.986501e-01 7.686113e+00
9.999300e-01 -1.412775e-04 -1.182914e-02 3.803935e+00 1.450863e-04 9.999999e-01 3.210927e-04 -3.651759e-01 1.182915e-02 -3.227877e-04 9.999299e-01 8.090455e+00
9.988418e-01 7.412944e-04 4.810973e-02 4.046936e+00 -6.746725e-04 9.999988e-01 -1.401023e-03 -3.879701e-01 -4.811078e-02 1.366944e-03 9.988412e-01 8.605295e+00
9.999785e-01 -1.020346e-04 -6.547115e-03 4.182570e+00 1.028408e-04 1.000000e+00 1.227009e-04 -4.048651e-01 6.547171e-03 -1.233730e-04 9.999785e-01 9.009261e+00
9.986667e-01 7.705202e-04 5.161556e-02 4.342361e+00 -6.929920e-04 9.999986e-01 -1.519923e-03 -4.171764e-01 -5.161673e-02 1.482129e-03 9.986660e-01 9.176921e+00
9.998331e-01 -2.063331e-04 -1.826796e-02 4.890388e+00 2.155470e-04 9.999999e-01 5.023656e-04 -4.424658e-01 1.826793e-02 -5.062209e-04 9.998329e-01 9.387837e+00
9.992466e-01 5.669837e-04 3.880584e-02 5.490150e+00 -5.229448e-04 9.999992e-01 -1.145010e-03 -4.689335e-01 -3.880653e-02 1.123856e-03 9.992462e-01 9.569718e+00
9.997608e-01 -2.715006e-04 -2.186943e-02 6.179156e+00 2.847580e-04 9.999998e-01 6.030583e-04 -4.971096e-01 2.186934e-02 -6.091431e-04 9.997606e-01 9.700626e+00
9.994020e-01 5.120453e-04 3.457363e-02 6.895555e+00 -4.772973e-04 9.999994e-01 -1.013309e-03 -5.260642e-01 -3.457421e-02 9.962027e-04 9.994017e-01 9.826765e+00
9.996115e-01 -3.389822e-04 -2.786971e-02 7.640096e+00 3.608318e-04 9.999996e-01 7.789344e-04 -5.563316e-01 2.786951e-02 -7.886897e-04 9.996112e-01 9.965186e+00
9.990862e-01 6.256263e-04 4.273767e-02 8.272978e+00 -5.720918e-04 9.999990e-01 -1.264867e-03 -5.841727e-01 -4.273850e-02 1.239263e-03 9.990856e-01 1.015837e+01
9.996972e-01 -2.861339e-04 -2.460586e-02 8.963210e+00 3.034447e-04 9.999997e-01 6.997527e-04 -6.138270e-01 2.460574e-02 -7.070090e-04 9.996969e-01 1.034926e+01
9.991684e-01 5.930228e-04 4.077025e-02 9.625812e+00 -5.444633e-04 9.999991e-01 -1.202166e-03 -6.434359e-01 -4.077101e-02 1.178970e-03 9.991679e-01 1.057626e+01
9.995812e-01 -3.350964e-04 -2.893623e-02 1.034666e+01 3.595606e-04 9.999996e-01 8.402218e-04 -6.757243e-01 2.893602e-02 -8.502760e-04 9.995808e-01 1.083270e+01
9.993922e-01 5.150770e-04 3.485800e-02 1.109910e+01 -4.804175e-04 9.999994e-01 -1.002698e-03 -7.104602e-01 -3.485858e-02 9.853439e-04 9.993918e-01 1.114709e+01
9.997819e-01 -2.516288e-04 -2.088240e-02 1.172216e+01 2.637636e-04 9.999998e-01 5.783010e-04 -7.409195e-01 2.088233e-02 -5.836846e-04 9.997817e-01 1.146402e+01
9.993211e-01 5.526541e-04 3.683978e-02 1.223645e+01 -5.139033e-04 9.999993e-01 -1.061359e-03 -7.685191e-01 -3.684043e-02 1.041708e-03 9.993207e-01 1.181070e+01
9.996734e-01 -2.815364e-04 -2.555380e-02 1.257304e+01 3.005021e-04 9.999997e-01 7.383100e-04 -7.952792e-01 2.555367e-02 -7.457496e-04 9.996731e-01 1.236386e+01
9.992725e-01 5.404193e-04 3.813427e-02 1.307922e+01 -4.986535e-04 9.999993e-01 -1.104757e-03 -8.251189e-01 -3.813493e-02 1.084939e-03 9.992721e-01 1.281126e+01
9.996711e-01 -2.907946e-04 -2.564116e-02 1.358611e+01 3.095171e-04 9.999997e-01 7.261649e-04 -8.537218e-01 2.564103e-02 -7.338643e-04 9.996709e-01 1.320293e+01
9.994051e-01 4.948533e-04 3.448442e-02 1.401712e+01 -4.609711e-04 9.999994e-01 -9.905093e-04 -8.812943e-01 -3.448497e-02 9.740255e-04 9.994048e-01 1.365020e+01
9.997250e-01 -2.581055e-04 -2.344826e-02 1.437150e+01 2.736180e-04 9.999997e-01 6.583112e-04 -9.071546e-01 2.344817e-02 -6.645479e-04 9.997248e-01 1.413669e+01
9.995324e-01 4.478068e-04 3.057470e-02 1.472415e+01 -4.213273e-04 9.999995e-01 -8.725279e-04 -9.329528e-01 -3.057516e-02 8.592398e-04 9.995322e-01 1.461791e+01
9.997884e-01 -2.206704e-04 -2.056693e-02 1.511533e+01 2.327137e-04 9.999998e-01 5.831228e-04 -9.607552e-01 2.056689e-02 -5.877875e-04 9.997882e-01 1.513374e+01
9.995685e-01 4.457603e-04 2.937229e-02 1.552953e+01 -4.216105e-04 9.999996e-01 -8.284211e-04 -9.885993e-01 -2.937273e-02 8.156817e-04 9.995683e-01 1.562430e+01
9.996658e-01 -2.734530e-04 -2.585047e-02 1.576005e+01 2.922449e-04 9.999997e-01 7.231248e-04 -1.011790e+00 2.585035e-02 -7.304396e-04 9.996655e-01 1.617007e+01
9.997102e-01 2.959961e-04 2.407090e-02 1.593370e+01 -2.789033e-04 9.999997e-01 -7.134998e-04 -1.031110e+00 -2.407120e-02 7.065814e-04 9.997101e-01 1.661382e+01
9.994921e-01 -2.581501e-04 -3.186641e-02 1.598216e+01 2.858548e-04 9.999996e-01 8.648104e-04 -1.047950e+00 3.186626e-02 -8.734821e-04 9.994917e-01 1.709068e+01
9.995219e-01 3.320526e-04 3.091887e-02 1.597400e+01 -3.049442e-04 9.999996e-01 -8.815049e-04 -1.064042e+00 -3.091923e-02 8.716567e-04 9.995216e-01 1.763573e+01
9.998269e-01 -7.330299e-05 -1.860358e-02 1.618400e+01 8.228161e-05 9.999999e-01 4.818026e-04 -1.084380e+00 1.860363e-02 -4.832517e-04 9.998267e-01 1.808926e+01
9.996366e-01 2.557622e-04 2.695479e-02 1.669533e+01 -2.353259e-04 9.999997e-01 -7.613760e-04 -1.109116e+00 -2.695507e-02 7.547580e-04 9.996364e-01 1.831871e+01
9.997914e-01 -1.051012e-04 -2.042395e-02 1.727137e+01 1.158265e-04 9.999999e-01 5.238974e-04 -1.135286e+00 2.042399e-02 -5.261555e-04 9.997912e-01 1.851648e+01
9.994184e-01 3.650801e-04 3.409970e-02 1.790969e+01 -3.325182e-04 9.999995e-01 -9.606012e-04 -1.162724e+00 -3.410013e-02 9.487056e-04 9.994180e-01 1.868651e+01
9.997952e-01 -1.215440e-04 -2.023484e-02 1.851344e+01 1.316364e-04 9.999999e-01 4.973730e-04 -1.187655e+00 2.023487e-02 -4.999366e-04 9.997951e-01 1.879994e+01
9.993925e-01 3.840407e-04 3.485080e-02 1.904330e+01 -3.505503e-04 9.999995e-01 -9.671042e-04 -1.212851e+00 -3.485125e-02 9.543015e-04 9.993921e-01 1.902683e+01
9.996284e-01 -1.908598e-04 -2.725795e-02 1.941533e+01 2.099289e-04 9.999997e-01 6.966737e-04 -1.234391e+00 2.725790e-02 -7.021389e-04 9.996281e-01 1.930747e+01
9.996408e-01 2.197872e-04 2.679936e-02 1.957463e+01 -1.995406e-04 9.999997e-01 -7.582017e-04 -1.249848e+00 -2.679961e-02 7.525837e-04 9.996406e-01 1.960733e+01
9.995871e-01 -2.287831e-04 -2.873308e-02 1.987119e+01 2.496478e-04 9.999997e-01 7.225281e-04 -1.267191e+00 2.873300e-02 -7.294047e-04 9.995868e-01 1.980288e+01
9.995883e-01 3.174988e-04 2.869102e-02 2.016413e+01 -2.964768e-04 9.999997e-01 -7.369951e-04 -1.290442e+00 -2.869134e-02 7.281873e-04 9.995881e-01 2.024572e+01
9.994072e-01 -2.836924e-04 -3.442620e-02 2.038339e+01 3.138931e-04 9.999996e-01 8.718199e-04 -1.313101e+00 3.442602e-02 -8.821111e-04 9.994068e-01 2.076765e+01
9.993695e-01 4.062541e-04 3.550435e-02 2.063487e+01 -3.746741e-04 9.999995e-01 -8.961490e-04 -1.337468e+00 -3.550479e-02 8.822832e-04 9.993692e-01 2.132342e+01
9.997209e-01 -1.603336e-04 -2.362348e-02 2.098201e+01 1.733489e-04 9.999998e-01 5.488447e-04 -1.363522e+00 2.362347e-02 -5.527885e-04 9.997207e-01 2.183280e+01
9.994370e-01 4.001568e-04 3.354882e-02 2.141844e+01 -3.731212e-04 9.999996e-01 -8.121516e-04 -1.393306e+00 -3.354922e-02 7.991785e-04 9.994368e-01 2.237459e+01
9.996018e-01 -1.843778e-04 -2.821724e-02 2.180842e+01 2.050718e-04 9.999997e-01 7.304439e-04 -1.425831e+00 2.821719e-02 -7.359415e-04 9.996015e-01 2.309706e+01
9.996083e-01 2.585336e-04 2.798726e-02 2.208382e+01 -2.399579e-04 9.999997e-01 -6.671195e-04 -1.454032e+00 -2.798751e-02 6.601443e-04 9.996081e-01 2.378542e+01
9.995539e-01 -2.460906e-04 -2.986394e-02 2.244787e+01 2.689565e-04 9.999997e-01 7.616117e-04 -1.482840e+00 2.986383e-02 -7.693059e-04 9.995536e-01 2.437781e+01
9.996194e-01 2.672596e-04 2.758760e-02 2.269379e+01 -2.485597e-04 9.999997e-01 -6.813087e-04 -1.508336e+00 -2.758787e-02 6.741940e-04 9.996192e-01 2.498873e+01
9.995858e-01 -2.076156e-04 -2.877783e-02 2.289564e+01 2.296121e-04 9.999997e-01 7.610111e-04 -1.535057e+00 2.877775e-02 -7.673055e-04 9.995855e-01 2.570896e+01
9.989254e-01 5.920776e-04 4.634404e-02 2.315897e+01 -5.351191e-04 9.999991e-01 -1.241458e-03 -1.563659e+00 -4.634483e-02 1.215326e-03 9.989248e-01 2.642914e+01
9.993857e-01 -2.230748e-04 -3.504570e-02 2.340773e+01 2.583253e-04 9.999995e-01 1.001280e-03 -1.596370e+00 3.504555e-02 -1.009720e-03 9.993851e-01 2.733327e+01
9.993785e-01 3.278679e-04 3.525104e-02 2.381165e+01 -2.976882e-04 9.999996e-01 -8.614173e-04 -1.633871e+00 -3.525140e-02 8.503899e-04 9.993782e-01 2.824751e+01
9.993736e-01 -2.583341e-04 -3.538617e-02 2.444788e+01 2.925061e-04 9.999995e-01 9.604780e-04 -1.672074e+00 3.538599e-02 -9.702289e-04 9.993732e-01 2.886176e+01
9.993063e-01 3.918337e-04 3.723969e-02 2.508476e+01 -3.578827e-04 9.999995e-01 -9.183813e-04 -1.709775e+00 -3.724013e-02 9.044186e-04 9.993060e-01 2.944902e+01
9.991516e-01 -3.441872e-04 -4.118019e-02 2.560548e+01 3.901023e-04 9.999993e-01 1.106917e-03 -1.744655e+00 4.117987e-02 -1.122044e-03 9.991511e-01 3.007683e+01
9.991904e-01 4.385935e-04 4.022903e-02 2.610009e+01 -3.973702e-04 9.999994e-01 -1.032735e-03 -1.777100e+00 -4.022955e-02 1.015915e-03 9.991900e-01 3.063104e+01
9.996771e-01 -1.447076e-04 -2.540829e-02 2.677691e+01 1.605544e-04 9.999998e-01 6.215949e-04 -1.811582e+00 2.540828e-02 -6.254754e-04 9.996769e-01 3.103663e+01
9.991911e-01 4.177613e-04 4.021176e-02 2.756646e+01 -3.759820e-04 9.999994e-01 -1.046568e-03 -1.847029e+00 -4.021226e-02 1.030605e-03 9.991907e-01 3.132605e+01
9.996915e-01 -1.189657e-04 -2.483790e-02 2.809724e+01 1.343840e-04 9.999998e-01 6.190338e-04 -1.878050e+00 2.483792e-02 -6.221824e-04 9.996912e-01 3.178382e+01
9.992737e-01 4.066410e-04 3.810506e-02 2.863923e+01 -3.706476e-04 9.999995e-01 -9.516763e-04 -1.912648e+00 -3.810552e-02 9.368633e-04 9.992733e-01 3.237727e+01
9.994632e-01 -1.777873e-04 -3.275859e-02 2.900097e+01 2.067004e-04 9.999996e-01 8.791836e-04 -1.945872e+00 3.275852e-02 -8.854847e-04 9.994628e-01 3.316112e+01
9.992436e-01 4.008071e-04 3.888516e-02 2.931722e+01 -3.612554e-04 9.999994e-01 -1.024193e-03 -1.974750e+00 -3.888564e-02 1.009373e-03 9.992432e-01 3.382108e+01
9.996084e-01 -1.228741e-04 -2.798170e-02 2.954886e+01 1.437319e-04 9.999997e-01 7.433490e-04 -2.002094e+00 2.798169e-02 -7.470816e-04 9.996081e-01 3.453209e+01
9.994651e-01 3.304909e-04 3.270278e-02 2.957982e+01 -3.039798e-04 9.999996e-01 -8.156742e-04 -2.026409e+00 -3.270313e-02 8.052987e-04 9.994649e-01 3.537944e+01
9.995372e-01 -1.418476e-04 -3.042018e-02 2.963401e+01 1.675871e-04 9.999996e-01 8.435367e-04 -2.053802e+00 3.042015e-02 -8.482461e-04 9.995368e-01 3.631877e+01
9.994337e-01 3.403151e-04 3.364781e-02 2.976382e+01 -3.121721e-04 9.999996e-01 -8.416866e-04 -2.082691e+00 -3.364818e-02 8.307078e-04 9.994335e-01 3.722670e+01
9.995407e-01 -1.630204e-04 -3.030370e-02 3.005460e+01 1.867188e-04 9.999997e-01 7.791542e-04 -2.110697e+00 3.030366e-02 -7.844564e-04 9.995404e-01 3.788912e+01
9.995796e-01 1.940188e-04 2.899543e-02 3.066924e+01 -1.733084e-04 9.999997e-01 -7.168194e-04 -2.141906e+00 -2.899566e-02 7.114946e-04 9.995794e-01 3.823033e+01
9.995669e-01 -1.405844e-04 -2.942611e-02 3.128715e+01 1.633221e-04 9.999997e-01 7.702554e-04 -2.174238e+00 2.942608e-02 -7.747295e-04 9.995666e-01 3.861644e+01
9.994405e-01 2.515952e-04 3.344759e-02 3.232671e+01 -2.246039e-04 9.999996e-01 -8.107648e-04 -2.219134e+00 -3.344788e-02 8.028004e-04 9.994402e-01 3.895926e+01
9.996715e-01 -6.722510e-05 -2.562971e-02 3.342770e+01 8.464722e-05 9.999998e-01 6.786241e-04 -2.266487e+00 2.562976e-02 -6.805724e-04 9.996712e-01 3.933048e+01
9.994928e-01 2.632328e-04 3.184424e-02 3.404720e+01 -2.384789e-04 9.999997e-01 -7.811771e-04 -2.303203e+00 -3.184453e-02 7.731885e-04 9.994926e-01 3.990872e+01
9.996190e-01 -1.318903e-04 -2.759847e-02 3.488464e+01 1.513460e-04 9.999997e-01 7.028186e-04 -2.341772e+00 2.759847e-02 -7.067295e-04 9.996188e-01 4.026461e+01
9.993250e-01 3.611833e-04 3.673487e-02 3.572430e+01 -3.277393e-04 9.999995e-01 -9.164693e-04 -2.380581e+00 -3.673528e-02 9.038130e-04 9.993247e-01 4.063456e+01
9.996338e-01 -1.101967e-04 -2.705890e-02 3.619707e+01 1.287069e-04 9.999998e-01 6.822796e-04 -2.412943e+00 2.705891e-02 -6.855142e-04 9.996335e-01 4.123236e+01
9.993678e-01 3.438906e-04 3.555085e-02 3.667696e+01 -3.127398e-04 9.999996e-01 -8.818249e-04 -2.445023e+00 -3.555123e-02 8.701510e-04 9.993675e-01 4.181124e+01
9.994139e-01 -2.189943e-04 -3.423152e-02 3.704614e+01 2.493264e-04 9.999996e-01 8.817798e-04 -2.473626e+00 3.423141e-02 -8.897995e-04 9.994135e-01 4.238572e+01
9.994059e-01 3.220628e-04 3.446379e-02 3.734873e+01 -2.920960e-04 9.999996e-01 -8.745822e-04 -2.499093e+00 -3.446415e-02 8.639976e-04 9.994056e-01 4.291291e+01
9.994078e-01 -2.393903e-04 -3.440840e-02 3.778880e+01 2.695359e-04 9.999996e-01 8.714338e-04 -2.525910e+00 3.440827e-02 -8.801938e-04 9.994074e-01 4.330836e+01
9.992276e-01 4.080901e-04 3.929575e-02 3.829216e+01 -3.686550e-04 9.999994e-01 -1.010819e-03 -2.555246e+00 -3.929623e-02 9.955535e-04 9.992272e-01 4.373181e+01
9.995232e-01 -1.954668e-04 -3.087423e-02 3.877585e+01 2.191763e-04 9.999997e-01 7.645078e-04 -2.584379e+00 3.087417e-02 -7.709119e-04 9.995229e-01 4.417624e+01
9.992568e-01 3.802796e-04 3.854462e-02 3.916727e+01 -3.418443e-04 9.999994e-01 -1.003783e-03 -2.609899e+00 -3.854508e-02 9.898625e-04 9.992564e-01 4.459146e+01
9.996823e-01 -1.309211e-04 -2.520328e-02 3.940207e+01 1.454733e-04 9.999998e-01 5.755023e-04 -2.630583e+00 2.520330e-02 -5.789876e-04 9.996821e-01 4.502828e+01
9.993234e-01 3.660496e-04 3.677854e-02 3.962694e+01 -3.317119e-04 9.999995e-01 -9.397699e-04 -2.651527e+00 -3.677896e-02 9.269359e-04 9.993231e-01 4.548531e+01
9.996347e-01 -1.496134e-04 -2.702540e-02 3.986112e+01 1.669197e-04 9.999998e-01 6.380600e-04 -2.674282e+00 2.702539e-02 -6.423397e-04 9.996345e-01 4.600287e+01
9.990505e-01 4.756992e-04 4.356653e-02 4.008276e+01 -4.274336e-04 9.999993e-01 -1.117199e-03 -2.698526e+00 -4.356713e-02 1.097518e-03 9.990500e-01 4.660337e+01
9.996369e-01 -1.389833e-04 -2.694188e-02 4.033591e+01 1.563022e-04 9.999998e-01 6.406633e-04 -2.724494e+00 2.694188e-02 -6.446435e-04 9.996367e-01 4.723108e+01
9.991069e-01 4.424021e-04 4.225320e-02 4.058152e+01 -3.967477e-04 9.999993e-01 -1.088908e-03 -2.748827e+00 -4.225375e-02 1.071174e-03 9.991064e-01 4.780275e+01
9.994739e-01 -1.847941e-04 -3.243018e-02 4.098499e+01 2.116535e-04 9.999996e-01 8.247443e-04 -2.778777e+00 3.243012e-02 -8.311761e-04 9.994736e-01 4.839542e+01
9.990230e-01 4.644699e-04 4.419278e-02 4.142834e+01 -4.144515e-04 9.999993e-01 -1.141012e-03 -2.809217e+00 -4.419337e-02 1.121583e-03 9.990224e-01 4.895787e+01
9.993529e-01 -2.104435e-04 -3.596740e-02 4.170421e+01 2.437960e-04 9.999995e-01 9.228705e-04 -2.836204e+00 3.596729e-02 -9.310437e-04 9.993525e-01 4.960452e+01
9.991166e-01 3.976276e-04 4.202323e-02 4.206228e+01 -3.508624e-04 9.999993e-01 -1.120247e-03 -2.860577e+00 -4.202374e-02 1.104515e-03 9.991161e-01 5.002262e+01
9.994884e-01 -1.816277e-04 -3.198268e-02 4.268184e+01 2.075424e-04 9.999997e-01 8.069064e-04 -2.890613e+00 3.198263e-02 -8.131330e-04 9.994880e-01 5.032243e+01
9.987279e-01 5.313982e-04 5.042234e-02 4.315993e+01 -4.626215e-04 9.999989e-01 -1.375704e-03 -2.916513e+00 -5.042312e-02 1.350629e-03 9.987271e-01 5.065335e+01
9.996734e-01 -8.935643e-05 -2.555221e-02 4.349474e+01 1.046654e-04 9.999998e-01 5.977229e-04 -2.939042e+00 2.555225e-02 -6.002038e-04 9.996733e-01 5.103845e+01
9.991053e-01 4.185813e-04 4.229035e-02 4.396448e+01 -3.729056e-04 9.999993e-01 -1.087971e-03 -2.966405e+00 -4.229088e-02 1.071229e-03 9.991048e-01 5.143591e+01
9.994838e-01 -1.773250e-04 -3.212622e-02 4.452592e+01 2.029951e-04 9.999997e-01 7.957246e-04 -2.997384e+00 3.212616e-02 -8.018370e-04 9.994835e-01 5.186046e+01
9.989798e-01 4.711599e-04 4.515810e-02 4.508198e+01 -4.193000e-04 9.999992e-01 -1.157910e-03 -3.029046e+00 -4.515871e-02 1.137795e-03 9.989792e-01 5.232558e+01
9.994964e-01 -1.715761e-04 -3.173040e-02 4.551121e+01 1.964541e-04 9.999997e-01 7.808691e-04 -3.058213e+00 3.173036e-02 -7.867111e-04 9.994961e-01 5.285416e+01
9.989911e-01 4.759985e-04 4.490735e-02 4.578984e+01 -4.252551e-04 9.999993e-01 -1.139541e-03 -3.085875e+00 -4.490795e-02 1.119295e-03 9.989906e-01 5.352215e+01
9.995418e-01 -1.855910e-04 -3.026482e-02 4.617069e+01 2.072318e-04 9.999997e-01 7.118527e-04 -3.113339e+00 3.026478e-02 -7.178000e-04 9.995416e-01 5.404120e+01
9.991653e-01 4.474665e-04 4.084755e-02 4.635149e+01 -4.064873e-04 9.999994e-01 -1.011564e-03 -3.137146e+00 -4.084808e-02 9.941176e-04 9.991649e-01 5.467829e+01
9.994438e-01 -2.529051e-04 -3.334490e-02 4.668393e+01 2.787079e-04 9.999997e-01 7.691145e-04 -3.161491e+00 3.334480e-02 -7.779819e-04 9.994436e-01 5.512688e+01
9.993730e-01 3.708027e-04 3.540448e-02 4.704480e+01 -3.408131e-04 9.999996e-01 -8.531381e-04 -3.185176e+00 -3.540488e-02 8.405386e-04 9.993727e-01 5.549984e+01
9.995059e-01 -2.479281e-04 -3.142850e-02 4.754958e+01 2.696799e-04 9.999997e-01 6.878094e-04 -3.209332e+00 3.142842e-02 -6.959468e-04 9.995057e-01 5.569754e+01
9.993408e-01 3.882435e-04 3.630446e-02 4.799715e+01 -3.571349e-04 9.999996e-01 -8.634076e-04 -3.233685e+00 -3.630488e-02 8.498745e-04 9.993404e-01 5.598736e+01
9.996744e-01 -1.732430e-04 -2.551409e-02 4.832308e+01 1.862909e-04 9.999999e-01 5.089492e-04 -3.256552e+00 2.551410e-02 -5.135382e-04 9.996743e-01 5.638778e+01
9.995117e-01 3.105627e-04 3.124736e-02 4.891050e+01 -2.884871e-04 9.999997e-01 -7.110428e-04 -3.283722e+00 -3.124767e-02 7.016828e-04 9.995115e-01 5.660070e+01
9.995789e-01 -2.028708e-04 -2.901452e-02 4.942944e+01 2.212224e-04 9.999998e-01 6.292239e-04 -3.310952e+00 2.901448e-02 -6.353792e-04 9.995787e-01 5.690579e+01
9.995684e-01 2.734454e-04 2.937789e-02 5.008404e+01 -2.550285e-04 9.999998e-01 -6.306987e-04 -3.342297e+00 -2.937816e-02 6.229359e-04 9.995682e-01 5.719609e+01
9.995765e-01 -2.119487e-04 -2.909712e-02 5.080160e+01 2.308555e-04 9.999998e-01 6.463615e-04 -3.375733e+00 2.909707e-02 -6.528067e-04 9.995763e-01 5.749041e+01
9.995052e-01 3.140631e-04 3.145478e-02 5.156381e+01 -2.924204e-04 9.999997e-01 -6.927100e-04 -3.411139e+00 -3.145509e-02 6.831709e-04 9.995050e-01 5.780635e+01
9.995756e-01 -2.321248e-04 -2.912701e-02 5.245221e+01 2.503220e-04 9.999998e-01 6.210436e-04 -3.446239e+00 2.912696e-02 -6.280729e-04 9.995755e-01 5.793018e+01
9.992544e-01 4.252592e-04 3.860697e-02 5.320850e+01 -3.902122e-04 9.999995e-01 -9.153664e-04 -3.478956e+00 -3.860744e-02 8.996206e-04 9.992541e-01 5.814150e+01
9.995951e-01 -2.215794e-04 -2.844976e-02 5.413360e+01 2.390788e-04 9.999998e-01 6.116328e-04 -3.515835e+00 2.844972e-02 -6.181885e-04 9.995950e-01 5.829788e+01
9.995023e-01 3.125715e-04 3.154541e-02 5.509574e+01 -2.905781e-04 9.999997e-01 -7.018379e-04 -3.552165e+00 -3.154572e-02 6.923238e-04 9.995021e-01 5.837791e+01
9.995503e-01 -2.488874e-04 -2.998482e-02 5.593283e+01 2.681345e-04 9.999998e-01 6.378115e-04 -3.584773e+00 2.998475e-02 -6.455662e-04 9.995501e-01 5.847139e+01
9.993430e-01 3.982185e-04 3.624154e-02 5.670611e+01 -3.677946e-04 9.999996e-01 -8.461895e-04 -3.617087e+00 -3.624196e-02 8.323057e-04 9.993427e-01 5.864293e+01
9.995136e-01 -2.686276e-04 -3.118258e-02 5.746936e+01 2.895239e-04 9.999997e-01 6.655532e-04 -3.648379e+00 3.118249e-02 -6.742592e-04 9.995134e-01 5.877876e+01
9.994463e-01 3.574269e-04 3.327154e-02 5.814294e+01 -3.319604e-04 9.999996e-01 -7.709898e-04 -3.676301e+00 -3.327190e-02 7.595196e-04 9.994461e-01 5.889800e+01
9.996666e-01 -2.046991e-04 -2.581612e-02 5.870341e+01 2.179543e-04 9.999998e-01 5.105613e-04 -3.702534e+00 2.581612e-02 -5.160195e-04 9.996665e-01 5.911293e+01
9.994289e-01 3.613113e-04 3.379225e-02 5.927318e+01 -3.348105e-04 9.999996e-01 -7.899340e-04 -3.728214e+00 -3.379262e-02 7.781704e-04 9.994286e-01 5.929370e+01
9.997053e-01 -1.845135e-04 -2.427402e-02 5.998776e+01 1.963553e-04 9.999999e-01 4.853773e-04 -3.759341e+00 2.427403e-02 -4.900022e-04 9.997052e-01 5.950084e+01
9.994351e-01 3.711851e-04 3.360810e-02 6.068147e+01 -3.456864e-04 9.999996e-01 -7.645684e-04 -3.791575e+00 -3.360847e-02 7.525202e-04 9.994348e-01 5.978121e+01
9.996117e-01 -2.211131e-04 -2.786067e-02 6.164917e+01 2.407044e-04 9.999997e-01 6.997673e-04 -3.836507e+00 2.786061e-02 -7.062034e-04 9.996115e-01 6.022303e+01
9.996484e-01 1.753121e-04 2.651678e-02 6.236301e+01 -1.593420e-04 9.999998e-01 -6.044469e-04 -3.870981e+00 -2.651698e-02 6.000107e-04 9.996482e-01 6.057378e+01
9.996252e-01 -1.196793e-04 -2.737516e-02 6.242724e+01 1.359332e-04 9.999998e-01 5.918158e-04 -3.888769e+00 2.737518e-02 -5.953168e-04 9.996250e-01 6.109596e+01
9.992534e-01 3.465424e-04 3.863356e-02 6.287308e+01 -3.110241e-04 9.999995e-01 -9.254180e-04 -3.916179e+00 -3.863396e-02 9.127127e-04 9.992531e-01 6.151636e+01
9.997700e-01 -5.507368e-05 -2.144412e-02 6.350420e+01 6.416919e-05 9.999999e-01 4.233699e-04 -3.947194e+00 2.144419e-02 -4.246501e-04 9.997699e-01 6.184281e+01
9.995435e-01 2.621517e-04 3.021390e-02 6.408099e+01 -2.432285e-04 9.999998e-01 -6.300436e-04 -3.979889e+00 -3.021416e-02 6.224086e-04 9.995433e-01 6.230199e+01
9.995584e-01 -1.706182e-04 -2.971312e-02 6.444777e+01 1.896118e-04 9.999998e-01 6.363473e-04 -4.007295e+00 2.971310e-02 -6.417018e-04 9.995582e-01 6.282003e+01
9.993044e-01 3.315437e-04 3.729116e-02 6.498399e+01 -2.987378e-04 9.999996e-01 -8.853428e-04 -4.034310e+00 -3.729153e-02 8.735882e-04 9.993041e-01 6.309893e+01
9.999152e-01 8.555145e-05 -1.301573e-02 6.536362e+01 -8.297589e-05 1.000000e+00 1.982684e-04 -4.063095e+00 1.301585e-02 -1.971732e-04 9.999152e-01 6.367075e+01
9.995929e-01 2.235737e-04 2.853304e-02 6.563690e+01 -2.060131e-04 9.999998e-01 -6.184523e-04 -4.089719e+00 -2.853327e-02 6.123238e-04 9.995927e-01 6.429469e+01
9.999492e-01 8.868172e-05 -1.007460e-02 6.617169e+01 -8.785555e-05 1.000000e+00 8.224754e-05 -4.120204e+00 1.007471e-02 -8.135974e-05 9.999492e-01 6.472778e+01
9.995927e-01 2.391455e-04 2.854047e-02 6.670315e+01 -2.220451e-04 9.999998e-01 -6.024000e-04 -4.149737e+00 -2.854071e-02 5.958188e-04 9.995925e-01 6.513001e+01
9.998954e-01 3.385219e-05 -1.446123e-02 6.714486e+01 -3.075293e-05 1.000000e+00 2.143955e-04 -4.179428e+00 1.446133e-02 -2.139298e-04 9.998954e-01 6.565422e+01
9.994376e-01 3.345177e-04 3.353321e-02 6.755546e+01 -3.107675e-04 9.999997e-01 -7.135263e-04 -4.211818e+00 -3.353353e-02 7.027054e-04 9.994374e-01 6.633272e+01
9.998456e-01 -1.104960e-05 -1.756882e-02 6.817336e+01 1.672184e-05 9.999999e-01 3.225926e-04 -4.249428e+00 1.756891e-02 -3.228380e-04 9.998456e-01 6.694891e+01
9.997102e-01 1.701056e-04 2.407496e-02 6.902569e+01 -1.586107e-04 9.999999e-01 -4.794539e-04 -4.287263e+00 -2.407513e-02 4.754978e-04 9.997101e-01 6.724802e+01
9.997639e-01 -9.101692e-05 -2.172707e-02 6.980389e+01 1.004797e-04 9.999999e-01 4.343414e-04 -4.322576e+00 2.172712e-02 -4.364234e-04 9.997638e-01 6.753615e+01
9.994251e-01 3.423429e-04 3.390317e-02 7.046494e+01 -3.168184e-04 9.999997e-01 -7.582939e-04 -4.356602e+00 -3.390351e-02 7.471182e-04 9.994249e-01 6.794408e+01
9.995537e-01 -2.142001e-04 -2.986878e-02 7.106130e+01 2.330070e-04 9.999998e-01 6.261004e-04 -4.386216e+00 2.986873e-02 -6.327821e-04 9.995536e-01 6.824313e+01
9.995333e-01 3.089813e-04 3.054995e-02 7.152157e+01 -2.890881e-04 9.999997e-01 -6.556503e-04 -4.413017e+00 -3.055024e-02 6.465140e-04 9.995331e-01 6.860645e+01
9.998375e-01 -5.793975e-05 -1.802155e-02 7.210086e+01 6.374281e-05 9.999999e-01 3.213160e-04 -4.446305e+00 1.802163e-02 -3.224139e-04 9.998375e-01 6.909366e+01
9.995322e-01 3.374120e-04 3.058454e-02 7.251580e+01 -3.179519e-04 9.999997e-01 -6.412013e-04 -4.477245e+00 -3.058485e-02 6.311783e-04 9.995320e-01 6.970581e+01
9.997874e-01 -9.377226e-05 -2.061558e-02 7.291029e+01 1.020251e-04 9.999999e-01 3.991695e-04 -4.508505e+00 2.061564e-02 -4.011893e-04 9.997874e-01 7.035869e+01
9.997298e-01 1.791253e-04 2.324648e-02 7.367303e+01 -1.683896e-04 9.999999e-01 -4.638680e-04 -4.542736e+00 -2.324665e-02 4.598295e-04 9.997297e-01 7.062173e+01
9.998427e-01 -5.346612e-05 -1.773307e-02 7.465843e+01 5.921032e-05 9.999999e-01 3.232826e-04 -4.582590e+00 1.773314e-02 -3.242831e-04 9.998427e-01 7.081771e+01
9.996866e-01 2.274438e-04 2.503606e-02 7.541589e+01 -2.146699e-04 9.999998e-01 -5.129875e-04 -4.617955e+00 -2.503626e-02 5.074536e-04 9.996864e-01 7.114103e+01
9.998010e-01 -8.076207e-05 -1.994421e-02 7.607711e+01 8.865523e-05 9.999999e-01 3.947727e-04 -4.652278e+00 1.994427e-02 -3.964637e-04 9.998010e-01 7.155179e+01
9.996851e-01 2.190618e-04 2.509380e-02 7.687488e+01 -2.060806e-04 9.999998e-01 -5.199720e-04 -4.688469e+00 -2.509400e-02 5.146382e-04 9.996850e-01 7.185540e+01
9.998729e-01 -2.526678e-05 -1.593759e-02 7.762958e+01 2.968212e-05 1.000000e+00 2.766707e-04 -4.723999e+00 1.593767e-02 -2.771099e-04 9.998729e-01 7.218998e+01
9.998247e-01 1.231382e-04 1.872842e-02 7.835013e+01 -1.172467e-04 9.999999e-01 -3.157821e-04 -4.759066e+00 -1.872855e-02 3.135322e-04 9.998246e-01 7.255014e+01
9.998507e-01 -3.012611e-05 -1.727738e-02 7.886557e+01 3.541890e-05 1.000000e+00 3.059150e-04 -4.789608e+00 1.727746e-02 -3.064826e-04 9.998507e-01 7.299808e+01
9.998608e-01 7.949944e-05 1.668588e-02 7.941902e+01 -7.509478e-05 1.000000e+00 -2.647236e-04 -4.819496e+00 -1.668599e-02 2.634350e-04 9.998608e-01 7.336425e+01
9.998359e-01 -2.130126e-05 -1.810993e-02 7.991140e+01 2.808676e-05 9.999999e-01 3.743147e-04 -4.852510e+00 1.811001e-02 -3.747633e-04 9.998359e-01 7.395111e+01
9.998284e-01 9.082256e-05 1.852803e-02 8.048230e+01 -8.497295e-05 9.999999e-01 -3.166129e-04 -4.886592e+00 -1.852815e-02 3.149855e-04 9.998283e-01 7.447552e+01
9.998683e-01 1.282796e-05 -1.622722e-02 8.105790e+01 -8.021688e-06 1.000000e+00 2.961234e-04 -4.919557e+00 1.622731e-02 -2.959555e-04 9.998683e-01 7.494588e+01
9.999505e-01 1.528626e-05 9.959230e-03 8.135283e+01 -1.445954e-05 1.000000e+00 -8.328478e-05 -4.946848e+00 -9.959322e-03 8.313794e-05 9.999504e-01 7.556473e+01
9.999077e-01 -5.436791e-06 -1.358216e-02 8.159211e+01 8.081699e-06 1.000000e+00 1.945290e-04 -4.970703e+00 1.358225e-02 -1.946220e-04 9.999077e-01 7.611339e+01
9.996569e-01 2.637825e-04 2.619403e-02 8.185445e+01 -2.497573e-04 9.999998e-01 -5.387810e-04 -4.996917e+00 -2.619426e-02 5.320552e-04 9.996568e-01 7.673640e+01
9.998364e-01 -4.266738e-05 -1.808122e-02 8.211953e+01 4.894673e-05 9.999999e-01 3.467300e-04 -5.024644e+00 1.808129e-02 -3.475596e-04 9.998364e-01 7.742621e+01
9.996606e-01 2.491847e-04 2.605231e-02 8.244663e+01 -2.349460e-04 9.999998e-01 -5.496789e-04 -5.052420e+00 -2.605253e-02 5.433727e-04 9.996605e-01 7.803385e+01
9.998511e-01 -4.190769e-05 -1.725205e-02 8.286077e+01 4.730946e-05 1.000000e+00 3.125820e-04 -5.081150e+00 1.725212e-02 -3.133529e-04 9.998511e-01 7.855974e+01
9.998486e-01 1.284562e-04 1.740536e-02 8.310520e+01 -1.235539e-04 1.000000e+00 -2.828485e-04 -5.106379e+00 -1.740549e-02 2.806564e-04 9.998485e-01 7.916329e+01
9.998397e-01 -3.829471e-05 -1.790070e-02 8.316088e+01 4.375896e-05 1.000000e+00 3.047478e-04 -5.126537e+00 1.790077e-02 -3.054835e-04 9.998397e-01 7.979896e+01
9.996893e-01 2.704933e-04 2.492566e-02 8.322813e+01 -2.593845e-04 9.999999e-01 -4.489887e-04 -5.151766e+00 -2.492586e-02 4.423851e-04 9.996892e-01 8.063294e+01
9.996867e-01 -1.266016e-04 -2.502572e-02 8.321713e+01 1.399747e-04 9.999998e-01 5.325388e-04 -5.176091e+00 2.502573e-02 -5.358762e-04 9.996866e-01 8.153521e+01
9.998148e-01 2.635720e-04 1.924869e-02 8.319856e+01 -2.568401e-04 9.999999e-01 -3.523101e-04 -5.196870e+00 -1.924887e-02 3.473022e-04 9.998147e-01 8.229245e+01
9.996861e-01 -1.532783e-04 -2.505168e-02 8.319685e+01 1.655928e-04 9.999999e-01 4.894110e-04 -5.214934e+00 2.505169e-02 -4.934070e-04 9.996860e-01 8.290208e+01
9.998410e-01 2.248811e-04 1.783500e-02 8.329315e+01 -2.192582e-04 9.999999e-01 -3.173313e-04 -5.234547e+00 -1.783516e-02 3.133715e-04 9.998409e-01 8.346285e+01
9.996390e-01 -1.627223e-04 -2.686614e-02 8.343296e+01 1.772269e-04 9.999998e-01 5.374300e-04 -5.255227e+00 2.686614e-02 -5.419986e-04 9.996389e-01 8.400354e+01
9.997986e-01 2.110172e-04 2.007080e-02 8.358585e+01 -2.034001e-04 9.999999e-01 -3.816486e-04 -5.275016e+00 -2.007097e-02 3.774905e-04 9.997985e-01 8.449355e+01
9.996222e-01 -1.710540e-04 -2.748292e-02 8.367750e+01 1.851753e-04 9.999999e-01 5.112091e-04 -5.290393e+00 2.748292e-02 -5.161063e-04 9.996221e-01 8.485894e+01
9.997676e-01 2.093231e-04 2.156162e-02 8.382920e+01 -2.011218e-04 9.999999e-01 -3.826160e-04 -5.310330e+00 -2.156179e-02 3.781918e-04 9.997675e-01 8.535808e+01
9.996072e-01 -1.659865e-04 -2.802139e-02 8.407611e+01 1.818082e-04 9.999998e-01 5.620125e-04 -5.334219e+00 2.802138e-02 -5.668875e-04 9.996071e-01 8.589657e+01
9.998184e-01 1.881587e-04 1.905794e-02 8.446342e+01 -1.820142e-04 9.999999e-01 -3.242438e-04 -5.359266e+00 -1.905809e-02 3.207173e-04 9.998184e-01 8.629049e+01
9.995120e-01 -1.515238e-04 -3.123417e-02 8.487936e+01 1.713457e-04 9.999998e-01 6.318879e-04 -5.383431e+00 3.123416e-02 -6.369326e-04 9.995119e-01 8.661803e+01
9.997460e-01 1.700405e-04 2.253983e-02 8.534423e+01 -1.597901e-04 9.999999e-01 -4.566479e-04 -5.405811e+00 -2.254000e-02 4.529315e-04 9.997459e-01 8.679808e+01
9.996736e-01 -1.747519e-04 -2.554389e-02 8.591097e+01 1.875567e-04 9.999999e-01 4.988195e-04 -5.430928e+00 2.554389e-02 -5.034488e-04 9.996735e-01 8.693940e+01
9.997529e-01 1.918391e-04 2.223000e-02 8.637365e+01 -1.822016e-04 9.999999e-01 -4.356405e-04 -5.455584e+00 -2.223017e-02 4.314837e-04 9.997528e-01 8.720695e+01
9.997586e-01 -1.258896e-04 -2.196619e-02 8.695805e+01 1.354260e-04 9.999999e-01 4.325719e-04 -5.484961e+00 2.196623e-02 -4.354436e-04 9.997586e-01 8.751105e+01
9.997944e-01 1.341807e-04 2.028183e-02 8.764165e+01 -1.270707e-04 9.999999e-01 -3.519362e-04 -5.517863e+00 -2.028197e-02 3.492878e-04 9.997943e-01 8.782902e+01
9.997397e-01 -1.625665e-04 -2.281192e-02 8.843809e+01 1.730030e-04 9.999999e-01 4.554491e-04 -5.552249e+00 2.281193e-02 -4.592783e-04 9.997396e-01 8.805159e+01
9.997839e-01 1.338082e-04 2.079321e-02 8.927322e+01 -1.259930e-04 9.999999e-01 -3.772483e-04 -5.586687e+00 -2.079335e-02 3.745482e-04 9.997838e-01 8.822390e+01
9.997826e-01 -1.266546e-04 -2.084797e-02 9.022758e+01 1.354278e-04 9.999999e-01 4.193181e-04 -5.625595e+00 2.084801e-02 -4.220515e-04 9.997825e-01 8.842701e+01
9.997895e-01 8.421131e-05 2.051812e-02 9.154483e+01 -7.806121e-05 1.000000e+00 -3.006265e-04 -5.675398e+00 -2.051824e-02 2.989628e-04 9.997895e-01 8.859576e+01
9.998462e-01 -4.925967e-05 -1.753232e-02 9.309342e+01 5.574354e-05 9.999999e-01 3.692320e-04 -5.732384e+00 1.753239e-02 -3.701538e-04 9.998462e-01 8.876648e+01
9.997358e-01 1.384586e-04 2.298953e-02 9.495935e+01 -1.313610e-04 9.999999e-01 -3.103200e-04 -5.799637e+00 -2.298966e-02 3.072192e-04 9.997357e-01 8.894020e+01
9.997816e-01 -1.522112e-04 -2.089299e-02 9.689575e+01 1.623633e-04 9.999999e-01 4.841271e-04 -5.868868e+00 2.089301e-02 -4.874149e-04 9.997816e-01 8.909243e+01
9.997675e-01 1.060497e-04 2.156730e-02 9.851117e+01 -9.908270e-05 9.999999e-01 -3.241857e-04 -5.928827e+00 -2.156743e-02 3.219745e-04 9.997674e-01 8.929078e+01
9.996533e-01 -2.288594e-04 -2.632654e-02 9.958005e+01 2.442132e-04 9.999998e-01 5.799220e-04 -5.973842e+00 2.632649e-02 -5.861514e-04 9.996532e-01 8.960059e+01
9.997215e-01 3.783937e-05 2.360112e-02 1.012032e+02 -3.029519e-05 9.999999e-01 -3.200841e-04 -6.033034e+00 -2.360122e-02 3.192812e-04 9.997214e-01 8.977220e+01
9.997567e-01 -1.155134e-04 -2.205308e-02 1.033128e+02 1.278379e-04 9.999998e-01 5.573655e-04 -6.105940e+00 2.205311e-02 -5.600503e-04 9.997566e-01 8.986548e+01
9.997411e-01 6.844486e-05 2.275494e-02 1.046164e+02 -5.811230e-05 9.999999e-01 -4.548169e-04 -6.155155e+00 -2.275506e-02 4.533780e-04 9.997410e-01 9.005993e+01
9.997513e-01 -1.205401e-04 -2.229711e-02 1.056856e+02 1.319651e-04 9.999999e-01 5.108473e-04 -6.195883e+00 2.229714e-02 -5.136639e-04 9.997512e-01 9.022261e+01
9.997322e-01 9.892351e-06 2.314229e-02 1.074956e+02 -2.549071e-06 9.999999e-01 -3.174142e-04 -6.258555e+00 -2.314239e-02 3.172714e-04 9.997322e-01 9.031174e+01
9.997212e-01 -1.961080e-04 -2.360750e-02 1.096254e+02 2.108209e-04 9.999998e-01 6.206650e-04 -6.331385e+00 2.360746e-02 -6.254702e-04 9.997211e-01 9.039999e+01
9.997566e-01 -6.451648e-05 2.206583e-02 1.119024e+02 7.025769e-05 1.000000e+00 -2.594888e-04 -6.408327e+00 -2.206591e-02 2.609771e-04 9.997565e-01 9.046963e+01
9.997032e-01 -2.449458e-04 -2.435952e-02 1.144187e+02 2.619343e-04 9.999997e-01 6.941454e-04 -6.491986e+00 2.435944e-02 -7.003211e-04 9.997030e-01 9.050208e+01
9.997892e-01 -1.430263e-04 2.053302e-02 1.170678e+02 1.474980e-04 1.000000e+00 -2.163503e-04 -6.579871e+00 -2.053308e-02 2.193344e-04 9.997892e-01 9.052491e+01
9.996849e-01 -2.742091e-04 -2.509557e-02 1.197940e+02 2.925510e-04 9.999997e-01 7.271437e-04 -6.670167e+00 2.509545e-02 -7.342575e-04 9.996848e-01 9.054622e+01
9.997680e-01 -1.111768e-04 2.154299e-02 1.226477e+02 1.155518e-04 1.000000e+00 -2.019177e-04 -6.765569e+00 -2.154306e-02 2.043614e-04 9.997679e-01 9.060862e+01
9.997218e-01 -2.043843e-04 -2.358387e-02 1.255284e+02 2.213171e-04 9.999997e-01 7.152994e-04 -6.862594e+00 2.358381e-02 -7.203212e-04 9.997216e-01 9.070608e+01
9.998020e-01 -1.153107e-04 1.990405e-02 1.279264e+02 1.203629e-04 1.000000e+00 -2.527161e-04 -6.948012e+00 -1.990412e-02 2.550629e-04 9.998019e-01 9.096231e+01
9.997183e-01 -2.049939e-04 -2.373207e-02 1.303321e+02 2.220958e-04 9.999997e-01 7.179125e-04 -7.032980e+00 2.373201e-02 -7.229822e-04 9.997181e-01 9.118920e+01
9.997592e-01 -8.554252e-05 2.194636e-02 1.331467e+02 9.055044e-05 1.000000e+00 -2.272741e-04 -7.129181e+00 -2.194643e-02 2.292079e-04 9.997592e-01 9.133318e+01
9.996898e-01 -2.376463e-04 -2.490371e-02 1.360779e+02 2.573605e-04 9.999997e-01 7.883414e-04 -7.229773e+00 2.490360e-02 -7.945073e-04 9.996895e-01 9.149805e+01
9.997590e-01 -1.329799e-04 2.195419e-02 1.392666e+02 1.371866e-04 1.000000e+00 -1.901847e-04 -7.336985e+00 -2.195426e-02 1.931519e-04 9.997590e-01 9.159691e+01
9.997340e-01 -1.496811e-04 -2.305955e-02 1.423021e+02 1.659807e-04 9.999997e-01 7.048587e-04 -7.438640e+00 2.305953e-02 -7.084999e-04 9.997338e-01 9.166946e+01
9.998005e-01 -1.868706e-04 1.997425e-02 1.450370e+02 1.908084e-04 1.000000e+00 -1.953278e-04 -7.531462e+00 -1.997431e-02 1.991014e-04 9.998005e-01 9.177546e+01
9.996639e-01 -2.023894e-04 -2.592037e-02 1.473254e+02 2.194009e-04 9.999998e-01 6.533841e-04 -7.611327e+00 2.592032e-02 -6.588527e-04 9.996638e-01 9.192802e+01
9.997520e-01 -1.299979e-04 2.227356e-02 1.496569e+02 1.351741e-04 1.000000e+00 -2.309611e-04 -7.692184e+00 -2.227363e-02 2.339158e-04 9.997519e-01 9.208184e+01
9.997271e-01 -1.059698e-04 -2.335801e-02 1.521469e+02 1.209002e-04 9.999998e-01 6.377140e-04 -7.777237e+00 2.335803e-02 -6.403652e-04 9.997269e-01 9.219926e+01
9.998134e-01 -2.320843e-04 1.932137e-02 1.544760e+02 2.360271e-04 1.000000e+00 -2.018749e-04 -7.858272e+00 -1.932142e-02 2.063988e-04 9.998133e-01 9.235934e+01
9.997100e-01 -1.422596e-04 -2.407989e-02 1.569174e+02 1.585132e-04 9.999998e-01 6.730057e-04 -7.942764e+00 2.407988e-02 -6.766287e-04 9.997098e-01 9.251593e+01
9.997600e-01 -1.808289e-04 2.190756e-02 1.598625e+02 1.841171e-04 1.000000e+00 -1.481557e-04 -8.042345e+00 -2.190763e-02 1.521550e-04 9.997600e-01 9.262603e+01
9.997228e-01 -1.009575e-04 -2.354153e-02 1.628055e+02 1.167948e-04 9.999998e-01 6.712874e-04 -8.142892e+00 2.354155e-02 -6.738521e-04 9.997226e-01 9.277698e+01
9.997989e-01 -2.901721e-04 2.005698e-02 1.659569e+02 2.913477e-04 1.000000e+00 -5.577769e-05 -8.250165e+00 -2.005705e-02 6.161128e-05 9.997989e-01 9.293421e+01
9.997350e-01 -3.003941e-05 -2.301555e-02 1.687495e+02 4.380967e-05 9.999998e-01 5.977221e-04 -8.347372e+00 2.301562e-02 -5.985733e-04 9.997349e-01 9.315249e+01
9.997883e-01 -3.109814e-04 2.057467e-02 1.718640e+02 3.112969e-04 1.000000e+00 -1.220958e-05 -8.454599e+00 -2.057476e-02 1.861308e-05 9.997884e-01 9.335863e+01
9.997176e-01 -2.262601e-05 -2.375970e-02 1.747316e+02 3.631213e-05 9.999998e-01 5.755175e-04 -8.554143e+00 2.375978e-02 -5.762190e-04 9.997175e-01 9.357194e+01
9.998152e-01 -3.397953e-04 1.922700e-02 1.772985e+02 3.409471e-04 9.999999e-01 -5.671534e-05 -8.645641e+00 -1.922708e-02 6.326150e-05 9.998152e-01 9.385078e+01
9.996612e-01 -6.308370e-06 -2.602600e-02 1.795023e+02 2.147023e-05 9.999998e-01 5.822200e-04 -8.728493e+00 2.602609e-02 -5.825827e-04 9.996611e-01 9.423987e+01
9.997575e-01 -3.318256e-04 2.202234e-02 1.820937e+02 3.333350e-04 9.999999e-01 -6.494704e-05 -8.820603e+00 -2.202241e-02 7.227337e-05 9.997575e-01 9.450769e+01
9.996932e-01 5.888010e-06 -2.476455e-02 1.848509e+02 8.401240e-06 9.999998e-01 5.768307e-04 -8.914183e+00 2.476464e-02 -5.768631e-04 9.996931e-01 9.462178e+01
9.997653e-01 -3.109694e-04 2.166602e-02 1.871665e+02 3.145222e-04 9.999999e-01 -1.606515e-04 -8.993868e+00 -2.166607e-02 1.674295e-04 9.997653e-01 9.474397e+01
9.996664e-01 -1.375601e-05 -2.582594e-02 1.891245e+02 2.678964e-05 9.999999e-01 5.042594e-04 -9.061045e+00 2.582603e-02 -5.047843e-04 9.996663e-01 9.482291e+01
9.997511e-01 -2.955663e-04 2.230988e-02 1.910438e+02 2.998958e-04 9.999999e-01 -1.907932e-04 -9.126431e+00 -2.230992e-02 1.974376e-04 9.997511e-01 9.488312e+01
9.996619e-01 -3.542589e-05 -2.599772e-02 1.931917e+02 5.013319e-05 9.999998e-01 5.649967e-04 -9.198597e+00 2.599779e-02 -5.661103e-04 9.996618e-01 9.492262e+01
9.997534e-01 -3.257362e-04 2.220672e-02 1.955430e+02 3.292467e-04 9.999999e-01 -1.545002e-04 -9.276908e+00 -2.220677e-02 1.617749e-04 9.997534e-01 9.494532e+01
9.996328e-01 -3.326047e-05 -2.709325e-02 1.976631e+02 4.791095e-05 9.999999e-01 5.400296e-04 -9.348109e+00 2.709333e-02 -5.411306e-04 9.996327e-01 9.496323e+01
9.997615e-01 -3.400903e-04 2.183901e-02 1.997410e+02 3.438466e-04 9.999999e-01 -1.683224e-04 -9.418636e+00 -2.183905e-02 1.757928e-04 9.997615e-01 9.500876e+01
9.996835e-01 3.951737e-05 -2.515649e-02 2.018028e+02 -2.633025e-05 9.999999e-01 5.244654e-04 -9.488886e+00 2.515660e-02 -5.236383e-04 9.996833e-01 9.508018e+01
