9.999989e-01 -2.246235e-05 -1.493387e-03 7.367334e-01 2.261238e-05 1.000000e+00 1.004591e-04 -3.506293e-02 1.493385e-03 -1.004932e-04 9.999990e-01 3.344055e-01
9.999999e-01 -2.081721e-05 5.126724e-04 1.739820e+00 2.073877e-05 1.000000e+00 1.530445e-04 -8.668112e-02 -5.126758e-04 -1.530333e-04 9.999998e-01 1.016852e+00
9.999967e-01 -3.696332e-05 -2.576485e-03 2.661915e+00 3.724822e-05 1.000000e+00 1.105387e-04 -1.356131e-01 2.576481e-03 -1.106348e-04 9.999968e-01 1.691922e+00
9.999972e-01 4.137783e-05 2.381677e-03 3.606561e+00 -4.156416e-05 1.000000e+00 7.819486e-05 -1.840942e-01 -2.381674e-03 -7.829307e-05 9.999971e-01 2.309284e+00
9.999935e-01 -5.951237e-05 -3.594997e-03 4.362885e+00 5.981563e-05 1.000000e+00 8.425362e-05 -2.247426e-01 3.594993e-03 -8.446869e-05 9.999936e-01 2.851098e+00
9.999999e-01 -4.710563e-05 -4.057955e-04 5.294372e+00 4.717633e-05 1.000000e+00 1.741699e-04 -2.695539e-01 4.057863e-04 -1.741884e-04 9.999998e-01 3.332955e+00
9.999914e-01 -4.465797e-05 -4.142220e-03 6.069670e+00 4.484223e-05 1.000000e+00 4.439595e-05 -3.089746e-01 4.142220e-03 -4.458194e-05 9.999915e-01 3.797150e+00
9.999768e-01 5.565664e-05 -6.818524e-03 6.438803e+00 -5.405242e-05 1.000000e+00 2.354545e-04 -3.346688e-01 6.818534e-03 -2.350798e-04 9.999766e-01 4.251319e+00
1.000000e+00 -4.709937e-05 -2.506404e-04 6.709907e+00 4.709669e-05 1.000000e+00 -1.058448e-05 -3.614556e-01 2.506441e-04 1.057200e-05 1.000000e+00 4.875275e+00
9.999859e-01 8.481651e-05 -5.312730e-03 7.055103e+00 -8.389896e-05 1.000000e+00 1.729241e-04 -3.868377e-01 5.312740e-03 -1.724752e-04 9.999858e-01 5.338773e+00
9.999915e-01 -4.900215e-05 4.114889e-03 7.465098e+00 4.970032e-05 1.000000e+00 -1.695752e-04 -4.103351e-01 -4.114877e-03 1.697775e-04 9.999916e-01 5.630790e+00
9.999999e-01 1.566906e-04 -3.488319e-04 8.044386e+00 -1.566699e-04 1.000000e+00 5.948365e-05 -4.399048e-01 3.488377e-04 -5.942832e-05 9.999998e-01 5.951143e+00
9.999786e-01 -1.766863e-04 -6.545453e-03 8.349163e+00 1.773269e-04 1.000000e+00 9.729446e-05 -4.628274e-01 6.545440e-03 -9.845375e-05 9.999787e-01 6.361259e+00
9.999999e-01 1.884818e-04 -4.314626e-04 8.594993e+00 -1.884412e-04 1.000000e+00 9.418227e-05 -4.875569e-01 4.314755e-04 -9.410024e-05 9.999998e-01 6.931221e+00
9.998636e-01 -6.416386e-05 -1.651876e-02 8.777042e+00 7.034968e-05 9.999999e-01 3.738937e-04 -5.115631e-01 1.651874e-02 -3.750056e-04 9.998636e-01 7.552804e+00
9.999753e-01 2.365118e-04 -7.026333e-03 9.151057e+00 -2.349677e-04 9.999999e-01 2.205794e-04 -5.341252e-01 7.026376e-03 -2.189222e-04 9.999752e-01 7.890186e+00
9.999426e-01 -1.716162e-04 -1.071606e-02 9.505799e+00 1.735143e-04 1.000000e+00 1.761999e-04 -5.542419e-01 1.071604e-02 -1.780501e-04 9.999427e-01 8.130904e+00
9.999889e-01 2.286359e-04 -4.706217e-03 9.816607e+00 -2.280450e-04 1.000000e+00 1.260816e-04 -5.714364e-01 4.706234e-03 -1.250061e-04 9.999888e-01 8.308278e+00
9.999582e-01 -1.861795e-04 -9.137471e-03 1.016006e+01 1.872670e-04 1.000000e+00 1.181588e-04 -5.859041e-01 9.137462e-03 -1.198660e-04 9.999583e-01 8.334500e+00
9.999964e-01 1.722035e-04 -2.664602e-03 1.069483e+01 -1.719441e-04 1.000000e+00 9.751340e-05 -6.059883e-01 2.664604e-03 -9.705396e-05 9.999963e-01 8.331283e+00
9.999978e-01 -1.703497e-04 2.108000e-03 1.122013e+01 1.706797e-04 1.000000e+00 -1.564398e-04 -6.277126e-01 -2.107959e-03 1.567983e-04 9.999979e-01 8.392235e+00
9.999936e-01 2.269869e-04 -3.582894e-03 1.145307e+01 -2.263531e-04 1.000000e+00 1.772745e-04 -6.488804e-01 3.582919e-03 -1.764615e-04 9.999935e-01 8.821126e+00
9.999984e-01 -2.355234e-04 -1.798792e-03 1.176796e+01 2.353916e-04 1.000000e+00 -7.340590e-05 -6.697825e-01 1.798825e-03 7.298142e-05 9.999985e-01 9.132307e+00
9.998460e-01 3.291705e-04 -1.754831e-02 1.206959e+01 -3.193689e-04 9.999998e-01 5.613429e-04 -6.919749e-01 1.754848e-02 -5.556511e-04 9.998458e-01 9.523767e+00
9.999968e-01 -2.080842e-04 -2.521953e-03 1.242036e+01 2.079237e-04 1.000000e+00 -6.383303e-05 -7.148881e-01 2.521986e-03 6.330742e-05 9.999969e-01 9.899514e+00
9.999787e-01 1.618309e-04 -6.528782e-03 1.284931e+01 -1.599233e-04 9.999999e-01 2.926750e-04 -7.406097e-01 6.528808e-03 -2.916236e-04 9.999785e-01 1.025638e+01
9.999618e-01 -1.620128e-04 -8.742910e-03 1.323350e+01 1.626024e-04 1.000000e+00 6.674506e-05 -7.643044e-01 8.742921e-03 -6.816522e-05 9.999619e-01 1.058499e+01
9.999990e-01 8.515390e-05 -1.417049e-03 1.384693e+01 -8.493635e-05 1.000000e+00 1.534838e-04 -7.916722e-01 1.417039e-03 -1.533622e-04 9.999989e-01 1.076417e+01
9.999911e-01 -1.940561e-04 -4.207801e-03 1.453384e+01 1.940459e-04 1.000000e+00 -2.787434e-06 -8.227977e-01 4.207825e-03 1.969776e-06 9.999912e-01 1.099898e+01
9.999997e-01 9.197736e-05 7.485845e-04 1.506980e+01 -9.196390e-05 1.000000e+00 -1.780607e-05 -8.421779e-01 -7.486097e-04 1.773834e-05 9.999996e-01 1.095432e+01
9.999780e-01 -2.800656e-04 -6.632337e-03 1.509964e+01 2.791323e-04 1.000000e+00 -1.416247e-04 -8.312971e-01 6.632400e-03 1.397692e-04 9.999781e-01 1.020615e+01
1.000000e+00 1.186672e-04 -9.861745e-05 1.547228e+01 -1.186630e-04 1.000000e+00 4.018071e-05 -8.322682e-01 9.859736e-05 -4.016790e-05 9.999999e-01 9.575024e+00
9.999001e-01 -2.285453e-04 -1.413232e-02 1.578167e+01 2.290698e-04 1.000000e+00 3.550877e-05 -8.308690e-01 1.413233e-02 -3.874362e-05 9.999002e-01 8.928027e+00
9.999956e-01 1.152968e-04 2.970609e-03 1.616065e+01 -1.153378e-04 1.000000e+00 1.370047e-05 -8.378157e-01 -2.970635e-03 -1.404192e-05 9.999955e-01 8.552155e+00
9.999510e-01 -2.774911e-04 -9.899190e-03 1.625272e+01 2.763290e-04 1.000000e+00 -1.187480e-04 -8.314520e-01 9.899250e-03 1.160056e-04 9.999511e-01 7.938265e+00
9.999999e-01 1.340817e-04 4.783483e-04 1.618458e+01 -1.340969e-04 1.000000e+00 3.205072e-05 -8.171170e-01 -4.783729e-04 -3.211376e-05 9.999998e-01 7.179582e+00
9.999076e-01 -2.660899e-04 -1.359347e-02 1.604859e+01 2.653896e-04 1.000000e+00 -5.330961e-05 -7.992328e-01 1.359351e-02 4.969602e-05 9.999077e-01 6.346470e+00
9.999992e-01 1.817391e-04 -1.221637e-03 1.593549e+01 -1.815932e-04 1.000000e+00 1.194207e-04 -7.845359e-01 1.221627e-03 -1.191976e-04 9.999991e-01 5.635627e+00
9.999333e-01 -2.589070e-04 -1.154951e-02 1.587461e+01 2.575376e-04 1.000000e+00 -1.200413e-04 -7.711459e-01 1.154958e-02 1.170577e-04 9.999334e-01 4.933222e+00
9.999830e-01 9.998018e-05 5.826983e-03 1.572349e+01 -9.953486e-05 1.000000e+00 -7.667870e-05 -7.503165e-01 -5.827024e-03 7.609850e-05 9.999829e-01 4.001372e+00
9.999209e-01 -2.760112e-04 -1.257090e-02 1.544272e+01 2.745014e-04 1.000000e+00 -1.218077e-04 -7.226900e-01 1.257097e-02 1.183463e-04 9.999211e-01 2.933844e+00
9.999101e-01 8.139015e-05 1.340644e-02 1.526121e+01 -7.822905e-05 1.000000e+00 -2.362984e-04 -6.999409e-01 -1.340649e-02 2.352294e-04 9.999100e-01 1.955336e+00
9.999976e-01 -1.240513e-04 -2.195176e-03 1.507030e+01 1.233150e-04 9.999999e-01 -3.354703e-04 -6.834638e-01 2.195251e-03 3.351978e-04 9.999976e-01 1.265866e+00
9.999000e-01 1.760879e-04 1.413768e-02 1.513454e+01 -1.727064e-04 1.000000e+00 -2.403932e-04 -6.746410e-01 -1.413775e-02 2.379284e-04 9.998999e-01 6.036480e-01
9.999880e-01 -1.628946e-04 -4.895304e-03 1.533466e+01 1.615735e-04 1.000000e+00 -2.702447e-04 -6.683122e-01 4.895378e-03 2.694496e-04 9.999881e-01 -1.156608e-01
9.999934e-01 1.167177e-04 -3.642887e-03 1.527838e+01 -1.158381e-04 1.000000e+00 2.416249e-04 -6.567063e-01 3.642884e-03 -2.412005e-04 9.999932e-01 -7.205405e-01
9.998248e-01 -6.933819e-05 -1.872019e-02 1.505245e+01 6.941133e-05 1.000000e+00 3.266157e-06 -6.386727e-01 1.872023e-02 -4.565880e-06 9.998249e-01 -1.390224e+00
9.999985e-01 5.917134e-05 -1.743798e-03 1.474446e+01 -5.881802e-05 1.000000e+00 2.025596e-04 -6.168382e-01 1.743775e-03 -2.024558e-04 9.999984e-01 -2.147478e+00
9.997618e-01 -2.088911e-05 -2.182755e-02 1.450102e+01 2.336273e-05 1.000000e+00 1.130798e-04 -6.018846e-01 2.182759e-02 -1.135637e-04 9.997618e-01 -2.688447e+00
9.999448e-01 2.085285e-04 -1.050299e-02 1.461204e+01 -2.028957e-04 9.999998e-01 5.373480e-04 -6.069014e-01 1.050306e-02 -5.351863e-04 9.999446e-01 -2.758090e+00
9.999182e-01 -1.430029e-04 -1.278715e-02 1.492150e+01 1.416246e-04 1.000000e+00 -1.086737e-04 -6.193835e-01 1.278721e-02 1.068528e-04 9.999183e-01 -2.778046e+00
9.999303e-01 2.588865e-04 -1.180597e-02 1.530318e+01 -2.506899e-04 9.999997e-01 6.957271e-04 -6.394663e-01 1.180610e-02 -6.927178e-04 9.999300e-01 -2.562884e+00
9.999183e-01 -9.945951e-05 -1.278106e-02 1.570219e+01 9.867979e-05 1.000000e+00 -6.161332e-05 -6.633305e-01 1.278111e-02 6.034591e-05 9.999184e-01 -2.203219e+00
9.999615e-01 1.756727e-04 -8.776531e-03 1.620201e+01 -1.702024e-04 9.999998e-01 6.239882e-04 -6.883584e-01 8.776590e-03 -6.224692e-04 9.999612e-01 -1.945689e+00
9.998062e-01 5.446832e-06 -1.968596e-02 1.665667e+01 -3.382638e-06 1.000000e+00 1.049072e-04 -7.110338e-01 1.968602e-02 -1.048216e-04 9.998063e-01 -1.708123e+00
9.999529e-01 1.734212e-04 -9.702017e-03 1.707612e+01 -1.671251e-04 9.999998e-01 6.497223e-04 -7.329111e-01 9.702073e-03 -6.480689e-04 9.999526e-01 -1.460687e+00
9.998149e-01 5.534514e-07 -1.923890e-02 1.754755e+01 1.077765e-06 1.000000e+00 8.479911e-05 -7.557330e-01 1.923896e-02 -8.480551e-05 9.998150e-01 -1.240715e+00
9.998774e-01 2.349769e-04 -1.565753e-02 1.795660e+01 -2.221163e-04 9.999996e-01 8.230743e-04 -7.768413e-01 1.565766e-02 -8.194941e-04 9.998770e-01 -1.002545e+00
9.998309e-01 1.535598e-05 -1.839070e-02 1.837932e+01 -1.425646e-05 1.000000e+00 5.994607e-05 -7.985188e-01 1.839076e-02 -5.967524e-05 9.998310e-01 -7.571980e-01
9.998172e-01 2.777547e-04 -1.911799e-02 1.874734e+01 -2.599916e-04 9.999995e-01 9.315790e-04 -8.189974e-01 1.911818e-02 -9.264366e-04 9.998167e-01 -4.821090e-01
9.998476e-01 4.300520e-05 -1.745702e-02 1.907290e+01 -4.262260e-05 1.000000e+00 2.232528e-05 -8.382679e-01 1.745709e-02 -2.157944e-05 9.998477e-01 -1.973763e-01
9.996508e-01 3.447312e-04 -2.642193e-02 1.937876e+01 -3.144015e-04 9.999993e-01 1.152022e-03 -8.580009e-01 2.642223e-02 -1.143311e-03 9.996501e-01 1.379156e-01
9.998630e-01 5.937248e-05 -1.655540e-02 1.969123e+01 -5.927999e-05 1.000000e+00 6.124290e-06 -8.790292e-01 1.655548e-02 -5.143811e-06 9.998630e-01 5.198331e-01
9.995796e-01 3.620213e-04 -2.899108e-02 1.992893e+01 -3.273686e-04 9.999992e-01 1.199999e-03 -8.966923e-01 2.899141e-02 -1.190002e-03 9.995789e-01 8.582928e-01
9.999622e-01 -2.827244e-05 -8.700136e-03 2.027495e+01 2.631855e-05 1.000000e+00 -2.245878e-04 -9.176661e-01 8.700222e-03 2.243484e-04 9.999622e-01 1.186527e+00
9.996804e-01 2.782743e-04 -2.527743e-02 2.058828e+01 -2.508203e-04 9.999994e-01 1.089234e-03 -9.367306e-01 2.527764e-02 -1.082544e-03 9.996798e-01 1.461195e+00
9.998600e-01 1.170529e-04 -1.673409e-02 2.081724e+01 -1.171463e-04 1.000000e+00 -4.536839e-06 -9.531620e-01 1.673417e-02 6.494572e-06 9.998601e-01 1.759235e+00
9.996539e-01 2.730637e-04 -2.630694e-02 2.101261e+01 -2.443176e-04 9.999994e-01 1.095885e-03 -9.683766e-01 2.630714e-02 -1.089076e-03 9.996532e-01 2.050215e+00
9.998985e-01 9.890144e-05 -1.425063e-02 2.116583e+01 -1.006021e-04 1.000000e+00 -1.185339e-04 -9.807257e-01 1.425071e-02 1.199534e-04 9.998985e-01 2.269320e+00
9.997625e-01 1.901048e-04 -2.179027e-02 2.137407e+01 -1.687210e-04 9.999995e-01 9.831222e-04 -9.950996e-01 2.179035e-02 -9.792102e-04 9.997620e-01 2.491991e+00
9.998765e-01 1.185681e-04 -1.571827e-02 2.153585e+01 -1.205023e-04 1.000000e+00 -1.220163e-04 -1.006635e+00 1.571835e-02 1.238932e-04 9.998765e-01 2.656037e+00
9.998810e-01 1.732265e-04 -1.542424e-02 2.157615e+01 -1.605587e-04 9.999996e-01 8.224382e-04 -1.015193e+00 1.542429e-02 -8.198617e-04 9.998806e-01 2.853399e+00
9.998931e-01 1.610755e-04 -1.462479e-02 2.161553e+01 -1.624739e-04 1.000000e+00 -9.432857e-05 -1.025846e+00 1.462486e-02 9.669250e-05 9.998931e-01 3.143179e+00
9.996816e-01 2.813381e-04 -2.523197e-02 2.166727e+01 -2.534732e-04 9.999994e-01 1.107483e-03 -1.037063e+00 2.523218e-02 -1.100733e-03 9.996809e-01 3.458831e+00
9.999099e-01 -9.155646e-05 1.342303e-02 2.177238e+01 1.028158e-04 9.999996e-01 -8.382448e-04 -1.053869e+00 -1.342285e-02 8.395473e-04 9.999096e-01 3.904826e+00
9.999373e-01 4.716486e-04 1.118380e-02 2.193626e+01 -4.724172e-04 9.999999e-01 6.621578e-05 -1.071143e+00 -1.118387e-02 -7.149300e-05 9.999374e-01 4.290481e+00
9.998739e-01 -7.755435e-05 1.588139e-02 2.213244e+01 9.197383e-05 9.999996e-01 -9.073134e-04 -1.088176e+00 -1.588122e-02 9.086576e-04 9.998735e-01 4.620078e+00
9.999262e-01 4.998337e-04 1.213444e-02 2.246602e+01 -5.002149e-04 9.999999e-01 2.848640e-05 -1.108638e+00 -1.213452e-02 -3.455219e-05 9.999263e-01 4.919207e+00
9.999083e-01 -1.097655e-04 1.354299e-02 2.287574e+01 1.208832e-04 9.999997e-01 -8.201990e-04 -1.130955e+00 -1.354280e-02 8.217590e-04 9.999080e-01 5.191097e+00
9.999776e-01 4.289772e-04 6.680153e-03 2.337233e+01 -4.302437e-04 9.999999e-01 1.883306e-04 -1.155520e+00 -6.680162e-03 -1.911986e-04 9.999776e-01 5.435086e+00
9.999737e-01 -1.911983e-04 7.250435e-03 2.384314e+01 1.954835e-04 9.999998e-01 -5.904849e-04 -1.183790e+00 -7.250231e-03 5.918849e-04 9.999736e-01 5.859426e+00
9.999693e-01 4.574605e-04 7.819646e-03 2.432375e+01 -4.586355e-04 9.999999e-01 1.486141e-04 -1.211598e+00 -7.819666e-03 -1.521941e-04 9.999693e-01 6.252996e+00
1.000000e+00 -2.970455e-04 -2.595473e-05 2.483801e+01 2.970343e-04 9.999999e-01 -3.893849e-04 -1.239177e+00 2.615941e-05 3.893754e-04 1.000000e+00 6.575695e+00
9.999428e-01 5.171539e-04 1.068434e-02 2.532129e+01 -5.182854e-04 9.999999e-01 1.032368e-04 -1.269816e+00 -1.068437e-02 -1.087667e-04 9.999428e-01 7.073560e+00
9.999853e-01 -2.537276e-04 5.419722e-03 2.566528e+01 2.568947e-04 9.999998e-01 -5.838764e-04 -1.293963e+00 -5.419485e-03 5.852584e-04 9.999852e-01 7.502291e+00
9.999953e-01 3.856519e-04 -3.016773e-03 2.586379e+01 -3.841459e-04 9.999998e-01 4.994601e-04 -1.314887e+00 3.016877e-03 -4.982972e-04 9.999953e-01 7.976704e+00
9.999590e-01 -2.962708e-04 -9.051523e-03 2.602758e+01 2.942810e-04 9.999999e-01 -2.210429e-04 -1.333598e+00 9.051676e-03 2.183684e-04 9.999591e-01 8.410852e+00
9.999793e-01 4.292694e-04 -6.421638e-03 2.611167e+01 -4.254754e-04 9.999997e-01 5.920105e-04 -1.349803e+00 6.421801e-03 -5.892643e-04 9.999791e-01 8.839215e+00
9.997106e-01 -1.057354e-04 -2.405677e-02 2.613093e+01 1.096196e-04 1.000000e+00 1.601883e-04 -1.361630e+00 2.405684e-02 -1.627808e-04 9.997107e-01 9.188406e+00
9.999404e-01 4.847623e-04 -1.090242e-02 2.618917e+01 -4.767915e-04 9.999996e-01 7.335866e-04 -1.374481e+00 1.090268e-02 -7.283429e-04 9.999402e-01 9.553288e+00
9.997003e-01 -1.159995e-04 -2.448367e-02 2.635749e+01 1.192110e-04 1.000000e+00 1.297603e-04 -1.387084e+00 2.448375e-02 -1.326420e-04 9.997003e-01 9.772643e+00
9.999954e-01 3.529504e-04 -2.986520e-03 2.664477e+01 -3.512984e-04 9.999998e-01 5.532516e-04 -1.404503e+00 2.986621e-03 -5.521981e-04 9.999953e-01 1.002124e+01
9.997590e-01 -1.243265e-04 -2.195287e-02 2.688621e+01 1.260559e-04 1.000000e+00 7.745622e-05 -1.421815e+00 2.195296e-02 -8.020670e-05 9.997591e-01 1.031040e+01
9.999535e-01 4.519442e-04 -9.627183e-03 2.702038e+01 -4.451482e-04 9.999997e-01 7.079120e-04 -1.435380e+00 9.627404e-03 -7.035918e-04 9.999533e-01 1.061177e+01
9.998619e-01 -1.693844e-04 -1.662282e-02 2.716864e+01 1.687289e-04 1.000000e+00 -4.075277e-05 -1.452194e+00 1.662293e-02 3.794051e-05 9.998619e-01 1.102005e+01
9.999834e-01 3.963365e-04 -5.749149e-03 2.732569e+01 -3.929057e-04 9.999997e-01 5.976261e-04 -1.468905e+00 5.749287e-03 -5.953554e-04 9.999832e-01 1.140752e+01
9.999816e-01 -3.261711e-04 -6.071822e-03 2.769417e+01 3.242056e-04 9.999999e-01 -3.244393e-04 -1.490392e+00 6.072024e-03 3.224629e-04 9.999816e-01 1.168991e+01
9.999950e-01 3.631194e-04 3.123168e-03 2.817466e+01 -3.643104e-04 9.999999e-01 3.812732e-04 -1.515770e+00 -3.123127e-03 -3.824073e-04 9.999950e-01 1.195911e+01
9.999696e-01 -3.340361e-04 -7.796382e-03 2.850774e+01 3.319929e-04 9.999999e-01 -2.631773e-04 -1.539642e+00 7.796567e-03 2.605791e-04 9.999696e-01 1.237624e+01
9.999599e-01 4.066717e-04 8.938920e-03 2.894941e+01 -4.088241e-04 9.999999e-01 2.391327e-04 -1.566995e+00 -8.938919e-03 -2.427757e-04 9.999600e-01 1.279036e+01
9.999621e-01 -3.718109e-04 -8.708302e-03 2.950863e+01 3.698577e-04 9.999999e-01 -2.257259e-04 -1.597107e+00 8.708482e-03 2.224946e-04 9.999621e-01 1.315909e+01
9.999755e-01 3.854375e-04 6.989978e-03 2.991812e+01 -3.874816e-04 9.999999e-01 2.913015e-04 -1.624247e+00 -6.989963e-03 -2.940010e-04 9.999755e-01 1.360801e+01
9.999779e-01 -3.326574e-04 -6.639280e-03 3.039297e+01 3.308069e-04 9.999999e-01 -2.795924e-04 -1.652953e+00 6.639469e-03 2.773880e-04 9.999780e-01 1.403362e+01
9.999754e-01 3.672913e-04 7.000144e-03 3.096809e+01 -3.692802e-04 9.999999e-01 2.830469e-04 -1.682657e+00 -7.000136e-03 -2.856231e-04 9.999754e-01 1.436037e+01
9.999594e-01 -3.803612e-04 -9.002056e-03 3.151155e+01 3.781870e-04 9.999999e-01 -2.430478e-04 -1.709415e+00 9.002245e-03 2.396316e-04 9.999595e-01 1.460245e+01
9.999635e-01 3.774918e-04 8.525197e-03 3.213864e+01 -3.796748e-04 9.999999e-01 2.546259e-04 -1.738884e+00 -8.525198e-03 -2.578516e-04 9.999636e-01 1.484658e+01
9.999651e-01 -3.372698e-04 -8.355024e-03 3.256820e+01 3.352358e-04 9.999999e-01 -2.446643e-04 -1.766005e+00 8.355203e-03 2.418529e-04 9.999651e-01 1.526965e+01
9.999691e-01 3.750050e-04 7.845715e-03 3.292660e+01 -3.771529e-04 9.999999e-01 2.724864e-04 -1.791689e+00 -7.845710e-03 -2.754352e-04 9.999691e-01 1.572854e+01
9.999791e-01 -2.901106e-04 -6.468969e-03 3.328686e+01 2.881785e-04 9.999999e-01 -2.993621e-04 -1.817869e+00 6.469153e-03 2.974897e-04 9.999791e-01 1.620949e+01
9.999666e-01 3.660060e-04 8.165587e-03 3.385674e+01 -3.683858e-04 9.999999e-01 2.901296e-04 -1.849656e+00 -8.165577e-03 -2.931262e-04 9.999666e-01 1.663878e+01
9.999710e-01 -3.173873e-04 -7.613255e-03 3.441650e+01 3.154679e-04 9.999999e-01 -2.531100e-04 -1.881915e+00 7.613432e-03 2.506990e-04 9.999710e-01 1.709827e+01
9.999644e-01 3.570058e-04 8.429986e-03 3.504389e+01 -3.591084e-04 9.999999e-01 2.480764e-04 -1.913020e+00 -8.429994e-03 -2.510930e-04 9.999644e-01 1.741247e+01
9.999773e-01 -2.900252e-04 -6.732944e-03 3.562516e+01 2.882397e-04 9.999999e-01 -2.659266e-04 -1.943983e+00 6.733118e-03 2.639780e-04 9.999774e-01 1.778873e+01
9.998649e-01 4.791607e-04 1.643003e-02 3.617163e+01 -4.789082e-04 9.999999e-01 -1.921551e-05 -1.972541e+00 -1.643013e-02 1.134624e-05 9.998650e-01 1.811087e+01
9.999018e-01 -3.657956e-04 -1.401440e-02 3.659031e+01 3.656602e-04 9.999999e-01 -1.212183e-05 -2.002282e+00 1.401450e-02 6.994268e-06 9.999019e-01 1.865889e+01
9.998905e-01 4.291627e-04 1.478770e-02 3.707969e+01 -4.297358e-04 9.999999e-01 3.567688e-05 -2.033157e+00 -1.478778e-02 -4.202598e-05 9.998906e-01 1.915882e+01
9.999188e-01 -3.315425e-04 -1.274470e-02 3.754905e+01 3.308254e-04 9.999999e-01 -5.825446e-05 -2.063512e+00 1.274482e-02 5.403160e-05 9.999188e-01 1.966364e+01
9.998743e-01 4.420340e-04 1.584854e-02 3.808177e+01 -4.420179e-04 9.999999e-01 -4.425902e-06 -2.094503e+00 -1.584863e-02 -2.578205e-06 9.998743e-01 2.011005e+01
9.999236e-01 -3.201448e-04 -1.235900e-02 3.848696e+01 3.191236e-04 9.999999e-01 -8.448013e-05 -2.122128e+00 1.235913e-02 8.052779e-05 9.999237e-01 2.058740e+01
9.998469e-01 4.901160e-04 1.748611e-02 3.878044e+01 -4.895890e-04 9.999999e-01 -3.433341e-05 -2.149440e+00 -1.748622e-02 2.576891e-05 9.998470e-01 2.120918e+01
9.999620e-01 -3.011415e-04 -8.721366e-03 3.915609e+01 2.993791e-04 9.999999e-01 -2.032262e-04 -2.177295e+00 8.721523e-03 2.006056e-04 9.999620e-01 2.174333e+01
9.998812e-01 4.565295e-04 1.540453e-02 3.968558e+01 -4.568029e-04 9.999999e-01 1.431536e-05 -2.206291e+00 -1.540462e-02 -2.134876e-05 9.998813e-01 2.210678e+01
9.999042e-01 -3.840681e-04 -1.383633e-02 4.020136e+01 3.834245e-04 9.999999e-01 -4.906346e-05 -2.235182e+00 1.383645e-02 4.375178e-05 9.999043e-01 2.248109e+01
9.998813e-01 4.557809e-04 1.539854e-02 4.078336e+01 -4.567311e-04 9.999999e-01 5.828006e-05 -2.268555e+00 -1.539861e-02 -6.530441e-05 9.998814e-01 2.295961e+01
9.999965e-01 -2.247556e-04 -2.664583e-03 4.146941e+01 2.237054e-04 9.999999e-01 -3.939165e-04 -2.303080e+00 2.664768e-03 3.933173e-04 9.999964e-01 2.335135e+01
9.998788e-01 4.831639e-04 1.556109e-02 4.205510e+01 -4.843511e-04 9.999999e-01 7.261138e-05 -2.337492e+00 -1.556115e-02 -8.013794e-05 9.998789e-01 2.387344e+01
9.999759e-01 -2.753346e-04 -6.943503e-03 4.261892e+01 2.735086e-04 9.999999e-01 -2.637437e-04 -2.372103e+00 6.943671e-03 2.618365e-04 9.999759e-01 2.443887e+01
9.999013e-01 4.363960e-04 1.403977e-02 4.321132e+01 -4.374595e-04 9.999999e-01 7.276324e-05 -2.403081e+00 -1.403984e-02 -7.889624e-05 9.999014e-01 2.480388e+01
9.999928e-01 -2.632608e-04 -3.790736e-03 4.382618e+01 2.618121e-04 9.999999e-01 -3.823221e-04 -2.432613e+00 3.790931e-03 3.813252e-04 9.999928e-01 2.507886e+01
9.999575e-01 3.989524e-04 9.203507e-03 4.451860e+01 -4.012778e-04 9.999999e-01 2.509443e-04 -2.466571e+00 -9.203500e-03 -2.546252e-04 9.999575e-01 2.543241e+01
9.999761e-01 -3.337220e-04 -6.915323e-03 4.530262e+01 3.318132e-04 9.999999e-01 -2.769961e-04 -2.503148e+00 6.915509e-03 2.746932e-04 9.999761e-01 2.576713e+01
9.998470e-01 5.373669e-04 1.748007e-02 4.615868e+01 -5.375047e-04 9.999999e-01 3.257049e-06 -2.541742e+00 -1.748016e-02 -1.265059e-05 9.998471e-01 2.609526e+01
9.999999e-01 -2.557058e-04 -4.337540e-04 4.696431e+01 2.554991e-04 9.999999e-01 -4.736717e-04 -2.578051e+00 4.339687e-04 4.735592e-04 9.999999e-01 2.640073e+01
9.998124e-01 5.825967e-04 1.935804e-02 4.765009e+01 -5.817787e-04 9.999998e-01 -4.783007e-05 -2.612621e+00 -1.935816e-02 3.656051e-05 9.998125e-01 2.679579e+01
9.999907e-01 -3.214093e-04 -4.316541e-03 4.846195e+01 3.198503e-04 9.999999e-01 -3.615994e-04 -2.649184e+00 4.316749e-03 3.602138e-04 9.999907e-01 2.710280e+01
9.998393e-01 5.671047e-04 1.791671e-02 4.920618e+01 -5.669705e-04 9.999998e-01 -1.251348e-05 -2.684208e+00 -1.791681e-02 2.354671e-06 9.998394e-01 2.743751e+01
9.999638e-01 -3.679280e-04 -8.509934e-03 4.986826e+01 3.660684e-04 9.999999e-01 -2.199700e-04 -2.719332e+00 8.510105e-03 2.168453e-04 9.999638e-01 2.788839e+01
9.997652e-01 6.216111e-04 2.165649e-02 5.066284e+01 -6.190580e-04 9.999998e-01 -1.245522e-04 -2.757194e+00 -2.165666e-02 1.111177e-04 9.997654e-01 2.827872e+01
9.998869e-01 -4.653508e-04 -1.503628e-02 5.156283e+01 4.650930e-04 9.999999e-01 -2.057926e-05 -2.797643e+00 1.503638e-02 1.358221e-05 9.998870e-01 2.863005e+01
9.997596e-01 6.323658e-04 2.191319e-02 5.239567e+01 -6.299115e-04 9.999998e-01 -1.188619e-04 -2.837689e+00 -2.191335e-02 1.050313e-04 9.997598e-01 2.905759e+01
9.998791e-01 -4.865597e-04 -1.554530e-02 5.322229e+01 4.861073e-04 9.999999e-01 -3.282744e-05 -2.875716e+00 1.554540e-02 2.526536e-05 9.998792e-01 2.940315e+01
9.997513e-01 6.330505e-04 2.228880e-02 5.404564e+01 -6.295998e-04 9.999998e-01 -1.617957e-04 -2.911455e+00 -2.228898e-02 1.477238e-04 9.997515e-01 2.965192e+01
9.998744e-01 -4.722144e-04 -1.584243e-02 5.482048e+01 4.727464e-04 9.999999e-01 2.988758e-05 -2.949212e+00 1.584251e-02 -3.737468e-05 9.998746e-01 3.006540e+01
9.996468e-01 7.250880e-04 2.656566e-02 5.538228e+01 -7.176769e-04 9.999997e-01 -2.884740e-04 -2.984426e+00 -2.656595e-02 2.693079e-04 9.996470e-01 3.066297e+01
9.998912e-01 -4.436337e-04 -1.474841e-02 5.589093e+01 4.438888e-04 9.999999e-01 1.407819e-05 -3.019703e+00 1.474849e-02 -2.062465e-05 9.998913e-01 3.133521e+01
9.997723e-01 6.252902e-04 2.133064e-02 5.663571e+01 -6.225705e-04 9.999998e-01 -1.341038e-04 -3.058887e+00 -2.133081e-02 1.207947e-04 9.997724e-01 3.184939e+01
9.998180e-01 -5.528188e-04 -1.907275e-02 5.752354e+01 5.556269e-04 9.999998e-01 1.419741e-04 -3.099941e+00 1.907275e-02 -1.525470e-04 9.998182e-01 3.223952e+01
9.997550e-01 6.408004e-04 2.212290e-02 5.845078e+01 -6.374889e-04 9.999998e-01 -1.567043e-04 -3.142322e+00 -2.212308e-02 1.425641e-04 9.997552e-01 3.262965e+01
9.998150e-01 -5.598925e-04 -1.922789e-02 5.942718e+01 5.628515e-04 9.999998e-01 1.485194e-04 -3.185930e+00 1.922789e-02 -1.593157e-04 9.998152e-01 3.300462e+01
9.997519e-01 6.383611e-04 2.226485e-02 6.043396e+01 -6.344441e-04 9.999998e-01 -1.829540e-04 -3.228590e+00 -2.226505e-02 1.687841e-04 9.997520e-01 3.329780e+01
9.998436e-01 -5.125381e-04 -1.767704e-02 6.125790e+01 5.142482e-04 9.999999e-01 9.223759e-05 -3.266478e+00 1.767708e-02 -1.013149e-04 9.998438e-01 3.364651e+01
9.997398e-01 6.471032e-04 2.280224e-02 6.198319e+01 -6.422218e-04 9.999998e-01 -2.213662e-04 -3.301216e+00 -2.280247e-02 2.066658e-04 9.997399e-01 3.399031e+01
9.998487e-01 -5.086404e-04 -1.738939e-02 6.264402e+01 5.099541e-04 9.999999e-01 7.115246e-05 -3.333617e+00 1.738944e-02 -8.001077e-05 9.998489e-01 3.432243e+01
9.996686e-01 6.957459e-04 2.573333e-02 6.320430e+01 -6.883084e-04 9.999997e-01 -2.978482e-04 -3.365556e+00 -2.573362e-02 2.800383e-04 9.996687e-01 3.477588e+01
9.998383e-01 -5.158748e-04 -1.797817e-02 6.371119e+01 5.173399e-04 9.999999e-01 7.688131e-05 -3.395105e+00 1.797821e-02 -8.617094e-05 9.998385e-01 3.519677e+01
9.996952e-01 6.757128e-04 2.467941e-02 6.412603e+01 -6.688342e-04 9.999997e-01 -2.869424e-04 -3.421242e+00 -2.467968e-02 2.703497e-04 9.996953e-01 3.560325e+01
9.999222e-01 -4.477078e-04 -1.246788e-02 6.444708e+01 4.466890e-04 9.999999e-01 -8.444605e-05 -3.445830e+00 1.246801e-02 7.886903e-05 9.999223e-01 3.608241e+01
9.997328e-01 6.659740e-04 2.310541e-02 6.489480e+01 -6.611291e-04 9.999998e-01 -2.172949e-04 -3.475421e+00 -2.310564e-02 2.019623e-04 9.997329e-01 3.659355e+01
9.998711e-01 -5.171153e-04 -1.604692e-02 6.536889e+01 5.171122e-04 9.999999e-01 -4.305031e-06 -3.502594e+00 1.604700e-02 -3.994724e-06 9.998713e-01 3.696105e+01
9.997475e-01 6.711184e-04 2.246115e-02 6.587888e+01 -6.671358e-04 9.999998e-01 -1.847752e-04 -3.531828e+00 -2.246136e-02 1.697449e-04 9.997476e-01 3.737021e+01
9.998731e-01 -5.561128e-04 -1.592475e-02 6.644718e+01 5.549639e-04 9.999998e-01 -7.653259e-05 -3.555199e+00 1.592487e-02 6.768411e-05 9.998733e-01 3.745682e+01
9.997989e-01 6.543885e-04 2.004103e-02 6.702603e+01 -6.526875e-04 9.999998e-01 -9.138559e-05 -3.580653e+00 -2.004117e-02 7.828772e-05 9.997991e-01 3.760820e+01
9.999614e-01 -4.879048e-04 -8.770835e-03 6.757544e+01 4.851211e-04 9.999998e-01 -3.194384e-04 -3.602378e+00 8.771072e-03 3.151701e-04 9.999616e-01 3.765692e+01
9.997660e-01 6.925685e-04 2.162004e-02 6.803702e+01 -6.898435e-04 9.999998e-01 -1.334753e-04 -3.622948e+00 -2.162021e-02 1.185306e-04 9.997662e-01 3.777809e+01
9.999797e-01 -4.875984e-04 -6.349830e-03 6.863904e+01 4.849722e-04 9.999998e-01 -4.150362e-04 -3.643609e+00 6.350112e-03 4.119473e-04 9.999798e-01 3.771496e+01
9.995964e-01 8.303786e-04 2.839693e-02 6.928417e+01 -8.235635e-04 9.999996e-01 -2.516732e-04 -3.673048e+00 -2.839721e-02 2.281858e-04 9.995966e-01 3.794946e+01
9.999982e-01 -4.437442e-04 -1.856634e-03 6.968296e+01 4.427054e-04 9.999997e-01 -5.596544e-04 -3.695740e+00 1.856960e-03 5.588306e-04 9.999982e-01 3.824141e+01
9.995964e-01 8.510473e-04 2.839544e-02 7.010037e+01 -8.445543e-04 9.999996e-01 -2.406436e-04 -3.721493e+00 -2.839571e-02 2.165657e-04 9.995967e-01 3.863982e+01
9.999993e-01 -4.434144e-04 -1.112347e-03 7.054347e+01 4.427820e-04 9.999997e-01 -5.683398e-04 -3.747443e+00 1.112673e-03 5.678462e-04 9.999993e-01 3.900911e+01
9.996479e-01 8.325210e-04 2.651935e-02 7.106018e+01 -8.268482e-04 9.999996e-01 -2.248668e-04 -3.771447e+00 -2.651960e-02 2.028607e-04 9.996482e-01 3.919701e+01
9.999846e-01 -5.058795e-04 -5.521603e-03 7.149357e+01 5.036920e-04 9.999998e-01 -3.975161e-04 -3.797983e+00 5.521875e-03 3.947283e-04 9.999848e-01 3.960409e+01
9.996815e-01 8.182899e-04 2.522398e-02 7.190414e+01 -8.128144e-04 9.999996e-01 -2.273171e-04 -3.821736e+00 -2.522423e-02 2.067427e-04 9.996817e-01 3.992944e+01
9.999740e-01 -5.326838e-04 -7.198048e-03 7.243997e+01 5.302914e-04 9.999998e-01 -3.342426e-04 -3.847144e+00 7.198294e-03 3.304164e-04 9.999741e-01 4.015468e+01
9.995362e-01 9.128173e-04 3.043994e-02 7.282519e+01 -9.016554e-04 9.999995e-01 -3.804054e-04 -3.872395e+00 -3.044034e-02 3.527829e-04 9.995364e-01 4.058042e+01
9.999879e-01 -4.748736e-04 -4.892062e-03 7.303945e+01 4.732174e-04 9.999998e-01 -3.396823e-04 -3.897839e+00 4.892287e-03 3.373629e-04 9.999881e-01 4.123514e+01
9.997150e-01 8.124820e-04 2.385880e-02 7.332350e+01 -8.078691e-04 9.999997e-01 -2.029761e-04 -3.924574e+00 -2.385902e-02 1.836436e-04 9.997152e-01 4.185078e+01
9.999925e-01 -3.845102e-04 3.864932e-03 7.359620e+01 3.869712e-04 9.999997e-01 -6.360189e-04 -3.946060e+00 -3.864624e-03 6.375096e-04 9.999924e-01 4.227027e+01
9.996880e-01 8.385729e-04 2.496237e-02 7.389434e+01 -8.324874e-04 9.999996e-01 -2.541743e-04 -3.967927e+00 -2.496263e-02 2.333141e-04 9.996883e-01 4.267027e+01
9.999951e-01 -4.118882e-04 3.107102e-03 7.451834e+01 4.136709e-04 9.999998e-01 -5.731369e-04 -3.997113e+00 -3.106809e-03 5.744195e-04 9.999951e-01 4.292979e+01
9.996143e-01 8.964086e-04 2.775689e-02 7.515666e+01 -8.866930e-04 9.999995e-01 -3.623317e-04 -4.024571e+00 -2.775726e-02 3.375799e-04 9.996145e-01 4.310094e+01
9.999990e-01 -4.499173e-04 1.348113e-03 7.568927e+01 4.506025e-04 9.999998e-01 -5.079965e-04 -4.050175e+00 -1.347832e-03 5.086037e-04 9.999991e-01 4.333708e+01
9.996800e-01 8.648116e-04 2.528259e-02 7.617706e+01 -8.571112e-04 9.999996e-01 -3.154111e-04 -4.074080e+00 -2.528290e-02 2.936398e-04 9.996802e-01 4.356565e+01
9.999984e-01 -4.938767e-04 -1.693917e-03 7.653458e+01 4.932290e-04 9.999998e-01 -3.828362e-04 -4.098869e+00 1.694153e-03 3.820006e-04 9.999986e-01 4.400264e+01
9.997501e-01 8.270204e-04 2.234046e-02 7.700686e+01 -8.218363e-04 9.999996e-01 -2.412350e-04 -4.125277e+00 -2.234069e-02 2.228140e-04 9.997503e-01 4.435308e+01
9.999997e-01 -4.781244e-04 -6.064000e-04 7.743302e+01 4.778776e-04 9.999998e-01 -4.072803e-04 -4.151023e+00 6.066385e-04 4.069910e-04 9.999998e-01 4.474214e+01
9.997837e-01 8.027615e-04 2.078116e-02 7.792716e+01 -7.985689e-04 9.999997e-01 -2.100534e-04 -4.177344e+00 -2.078137e-02 1.934121e-04 9.997839e-01 4.506175e+01
9.999989e-01 -4.533777e-04 1.383952e-03 7.819654e+01 4.540335e-04 9.999998e-01 -4.734821e-04 -4.198291e+00 -1.383697e-03 4.741106e-04 9.999990e-01 4.546076e+01
9.998113e-01 7.800617e-04 1.941217e-02 7.873950e+01 -7.769433e-04 9.999997e-01 -1.681925e-04 -4.224451e+00 -1.941234e-02 1.530779e-04 9.998115e-01 4.570232e+01
9.999952e-01 -5.178795e-04 -3.061046e-03 7.933647e+01 5.169060e-04 9.999998e-01 -3.188461e-04 -4.253252e+00 3.061247e-03 3.172631e-04 9.999954e-01 4.598006e+01
9.997513e-01 8.210762e-04 2.228764e-02 7.986876e+01 -8.148877e-04 9.999996e-01 -2.867500e-04 -4.278252e+00 -2.228790e-02 2.685159e-04 9.997515e-01 4.618728e+01
9.999964e-01 -5.299709e-04 -2.623213e-03 8.033698e+01 5.290458e-04 9.999998e-01 -3.533978e-04 -4.299285e+00 2.623433e-03 3.520097e-04 9.999966e-01 4.631840e+01
9.997388e-01 8.465308e-04 2.284067e-02 8.088995e+01 -8.401707e-04 9.999996e-01 -2.880563e-04 -4.323899e+00 -2.284094e-02 2.687900e-04 9.997390e-01 4.648186e+01
9.999561e-01 -6.195767e-04 -9.351714e-03 8.157869e+01 6.184045e-04 9.999998e-01 -1.282516e-04 -4.353629e+00 9.351821e-03 1.224639e-04 9.999564e-01 4.667410e+01
9.996961e-01 8.728193e-04 2.463421e-02 8.219361e+01 -8.639699e-04 9.999996e-01 -3.698822e-04 -4.379676e+00 -2.463455e-02 3.484854e-04 9.996964e-01 4.681443e+01
9.999558e-01 -6.269525e-04 -9.378198e-03 8.285638e+01 6.257019e-04 9.999998e-01 -1.363022e-04 -4.404447e+00 9.378309e-03 1.304294e-04 9.999561e-01 4.684132e+01
9.994906e-01 9.899792e-04 3.189767e-02 8.337556e+01 -9.713047e-04 9.999993e-01 -6.009448e-04 -4.426386e+00 -3.189826e-02 5.696551e-04 9.994909e-01 4.694655e+01
9.999076e-01 -6.944184e-04 -1.357256e-02 8.393842e+01 6.945846e-04 9.999998e-01 7.524005e-06 -4.450820e+00 1.357257e-02 -1.694931e-05 9.999080e-01 4.709243e+01
9.995187e-01 9.925910e-04 3.100633e-02 8.468796e+01 -9.757087e-04 9.999994e-01 -5.596086e-04 -4.480277e+00 -3.100689e-02 5.290848e-04 9.995189e-01 4.719871e+01
9.999693e-01 -6.218253e-04 -7.808976e-03 8.513761e+01 6.205128e-04 9.999998e-01 -1.705037e-04 -4.502505e+00 7.809100e-03 1.656543e-04 9.999696e-01 4.741379e+01
9.994118e-01 1.050252e-03 3.427719e-02 8.532088e+01 -1.027929e-03 9.999992e-01 -6.688694e-04 -4.521088e+00 -3.427788e-02 6.332399e-04 9.994120e-01 4.783167e+01
9.999870e-01 -5.897774e-04 -5.059264e-03 8.563974e+01 5.886388e-04 9.999998e-01 -2.265405e-04 -4.543179e+00 5.059410e-03 2.235610e-04 9.999873e-01 4.821769e+01
9.995154e-01 1.019875e-03 3.111272e-02 8.635055e+01 -1.002340e-03 9.999993e-01 -5.791828e-04 -4.571472e+00 -3.111330e-02 5.477148e-04 9.995156e-01 4.833040e+01
9.999998e-01 -5.216338e-04 3.865566e-04 8.699607e+01 5.217800e-04 9.999998e-01 -3.781099e-04 -4.597037e+00 -3.863516e-04 3.783133e-04 1.000000e+00 4.842159e+01
9.995136e-01 1.036096e-03 3.116800e-02 8.759400e+01 -1.017921e-03 9.999993e-01 -5.989723e-04 -4.621691e+00 -3.116860e-02 5.669525e-04 9.995139e-01 4.853726e+01
9.999754e-01 -4.330003e-04 7.005933e-03 8.811427e+01 4.369516e-04 9.999997e-01 -5.624676e-04 -4.641926e+00 -7.005687e-03 5.655170e-04 9.999754e-01 4.857783e+01
9.995359e-01 1.040666e-03 3.044580e-02 8.863592e+01 -1.022932e-03 9.999993e-01 -5.980540e-04 -4.662666e+00 -3.044639e-02 5.666303e-04 9.995361e-01 4.863735e+01
9.999568e-01 -4.211109e-04 9.282252e-03 8.905366e+01 4.267702e-04 9.999997e-01 -6.077242e-04 -4.679757e+00 -9.282000e-03 6.116616e-04 9.999568e-01 4.868109e+01
9.997284e-01 9.106097e-04 2.328544e-02 8.946364e+01 -9.005420e-04 9.999995e-01 -4.428393e-04 -4.693754e+00 -2.328582e-02 4.217471e-04 9.997287e-01 4.860255e+01
9.999727e-01 -4.601475e-04 7.368637e-03 8.988026e+01 4.641338e-04 9.999997e-01 -5.393095e-04 -4.707072e+00 -7.368401e-03 5.427173e-04 9.999728e-01 4.848942e+01
9.997667e-01 8.930883e-04 2.158071e-02 9.030084e+01 -8.842977e-04 9.999995e-01 -4.168683e-04 -4.720450e+00 -2.158106e-02 3.976847e-04 9.997669e-01 4.837453e+01
9.999778e-01 -4.490904e-04 6.647254e-03 9.088457e+01 4.522014e-04 9.999998e-01 -4.665542e-04 -4.741455e+00 -6.647063e-03 4.695524e-04 9.999779e-01 4.836295e+01
9.998251e-01 8.458020e-04 1.868057e-02 9.155585e+01 -8.396846e-04 9.999996e-01 -3.352984e-04 -4.765014e+00 -1.868083e-02 3.195513e-04 9.998253e-01 4.833643e+01
9.999976e-01 -5.215988e-04 2.114536e-03 9.233404e+01 5.222665e-04 9.999998e-01 -3.154115e-04 -4.790787e+00 -2.114395e-03 3.165179e-04 9.999978e-01 4.825749e+01
9.997049e-01 9.244121e-04 2.427612e-02 9.301502e+01 -9.113089e-04 9.999994e-01 -5.507976e-04 -4.811866e+00 -2.427659e-02 5.285092e-04 9.997050e-01 4.812449e+01
9.999998e-01 -5.569413e-04 3.422976e-04 9.367107e+01 5.570235e-04 9.999998e-01 -2.414594e-04 -4.833174e+00 -3.421915e-04 2.416528e-04 1.000000e+00 4.802895e+01
9.998562e-01 8.297635e-04 1.693490e-02 9.451221e+01 -8.247251e-04 9.999996e-01 -3.044769e-04 -4.861247e+00 -1.693512e-02 2.904635e-04 9.998565e-01 4.795675e+01
9.999998e-01 -5.678916e-04 -4.265537e-04 9.539146e+01 5.678039e-04 9.999998e-01 -2.045502e-04 -4.890679e+00 4.266382e-04 2.043109e-04 1.000000e+00 4.789067e+01
9.999282e-01 7.534995e-04 1.195689e-02 9.614429e+01 -7.512818e-04 9.999997e-01 -1.899229e-04 -4.916003e+00 -1.195699e-02 1.809233e-04 9.999284e-01 4.781961e+01
9.999994e-01 -5.643922e-04 9.595720e-04 9.689399e+01 5.646226e-04 9.999998e-01 -2.404341e-04 -4.941384e+00 -9.594701e-04 2.409787e-04 9.999996e-01 4.775621e+01
9.997940e-01 8.786540e-04 2.027992e-02 9.746306e+01 -8.696378e-04 9.999995e-01 -4.533747e-04 -4.963371e+00 -2.028027e-02 4.356421e-04 9.997941e-01 4.780158e+01
9.999974e-01 -5.719245e-04 2.204728e-03 9.787219e+01 5.725699e-04 9.999998e-01 -2.923941e-04 -4.979678e+00 -2.204599e-03 2.936589e-04 9.999976e-01 4.782270e+01
9.998669e-01 8.417716e-04 1.629343e-02 9.843736e+01 -8.366724e-04 9.999996e-01 -3.197402e-04 -5.002173e+00 -1.629366e-02 3.060622e-04 9.998671e-01 4.787862e+01
9.999959e-01 -5.829004e-04 2.788617e-03 9.900075e+01 5.838056e-04 9.999998e-01 -3.240636e-04 -5.022060e+00 -2.788469e-03 3.256936e-04 9.999962e-01 4.784269e+01
9.999631e-01 7.629606e-04 8.552290e-03 9.971795e+01 -7.622932e-04 9.999997e-01 -8.121044e-05 -5.045296e+00 -8.552307e-03 7.468485e-05 9.999633e-01 4.773278e+01
9.999930e-01 -6.776670e-04 -3.677131e-03 1.004610e+02 6.772615e-04 9.999998e-01 -1.113151e-04 -5.072569e+00 3.677163e-03 1.088273e-04 9.999933e-01 4.773467e+01
9.999613e-01 7.802777e-04 8.768069e-03 1.012485e+02 -7.797534e-04 9.999997e-01 -6.312947e-05 -5.103110e+00 -8.768072e-03 5.628682e-05 9.999615e-01 4.780675e+01
9.999988e-01 -6.197807e-04 1.389172e-03 1.020611e+02 6.201375e-04 9.999998e-01 -2.569847e-04 -5.133553e+00 -1.389057e-03 2.578492e-04 9.999991e-01 4.785055e+01
9.999263e-01 8.232500e-04 1.211538e-02 1.028430e+02 -8.211273e-04 9.999996e-01 -1.801148e-04 -5.161949e+00 -1.211548e-02 1.701499e-04 9.999265e-01 4.786361e+01
9.999782e-01 -7.203494e-04 -6.569738e-03 1.035054e+02 7.200912e-04 9.999997e-01 -4.154181e-05 -5.186968e+00 6.569720e-03 3.681345e-05 9.999785e-01 4.787971e+01
9.999979e-01 7.611540e-04 -1.918371e-03 1.040898e+02 -7.607552e-04 9.999997e-01 2.082003e-04 -5.210812e+00 1.918574e-03 -2.067437e-04 9.999980e-01 4.795317e+01
9.999869e-01 -7.571053e-04 -5.069332e-03 1.047562e+02 7.567718e-04 9.999997e-01 -6.752761e-05 -5.237561e+00 5.069337e-03 6.369374e-05 9.999872e-01 4.802669e+01
9.999855e-01 7.556230e-04 -5.328063e-03 1.054529e+02 -7.539298e-04 9.999997e-01 3.196317e-04 -5.265033e+00 5.328347e-03 -3.156134e-04 9.999857e-01 4.809861e+01
9.999683e-01 -7.732053e-04 -7.929511e-03 1.060816e+02 7.732142e-04 9.999997e-01 -1.855191e-06 -5.290506e+00 7.929467e-03 -4.272783e-06 9.999687e-01 4.818671e+01
9.999852e-01 7.362210e-04 -5.397000e-03 1.067457e+02 -7.344937e-04 9.999997e-01 3.218783e-04 -5.316341e+00 5.397276e-03 -3.179127e-04 9.999853e-01 4.824647e+01
9.999326e-01 -7.460240e-04 -1.158730e-02 1.074181e+02 7.469851e-04 9.999997e-01 7.868129e-05 -5.341662e+00 1.158720e-02 -8.732830e-05 9.999330e-01 4.828128e+01
9.999544e-01 7.932896e-04 -9.517638e-03 1.079865e+02 -7.891726e-04 9.999996e-01 4.362525e-04 -5.364559e+00 9.518018e-03 -4.287247e-04 9.999545e-01 4.836279e+01
9.999623e-01 -7.451025e-04 -8.655455e-03 1.084989e+02 7.450121e-04 9.999997e-01 -1.359591e-05 -5.387243e+00 8.655427e-03 7.150137e-06 9.999626e-01 4.850822e+01
9.999906e-01 7.232873e-04 -4.274754e-03 1.091623e+02 -7.218891e-04 9.999997e-01 3.284690e-04 -5.413733e+00 4.275026e-03 -3.253831e-04 9.999907e-01 4.859459e+01
9.999539e-01 -7.511111e-04 -9.570904e-03 1.098209e+02 7.511510e-04 9.999997e-01 6.302350e-07 -5.440018e+00 9.570868e-03 -7.816299e-06 9.999543e-01 4.868243e+01
9.999898e-01 6.941874e-04 4.454723e-03 1.104234e+02 -6.947448e-04 9.999998e-01 1.237112e-04 -5.467641e+00 -4.454603e-03 -1.268079e-04 9.999900e-01 4.888319e+01
9.999635e-01 -7.509011e-04 -8.505455e-03 1.111180e+02 7.507883e-04 9.999997e-01 -1.639059e-05 -5.497787e+00 8.505432e-03 1.000728e-05 9.999639e-01 4.906053e+01
9.999886e-01 6.870097e-04 4.722017e-03 1.118803e+02 -6.875871e-04 9.999998e-01 1.207573e-04 -5.529290e+00 -4.721901e-03 -1.240058e-04 9.999887e-01 4.920255e+01
9.998782e-01 -7.185947e-04 -1.559188e-02 1.124842e+02 7.206983e-04 9.999997e-01 1.293295e-04 -5.555159e+00 1.559176e-02 -1.405478e-04 9.998785e-01 4.933315e+01
9.999750e-01 6.584603e-04 7.039395e-03 1.131522e+02 -6.589813e-04 9.999998e-01 7.177187e-05 -5.583123e+00 -7.039316e-03 -7.641193e-05 9.999751e-01 4.946288e+01
9.998835e-01 -7.025274e-04 -1.524806e-02 1.137150e+02 7.046014e-04 9.999997e-01 1.306732e-04 -5.610262e+00 1.524794e-02 -1.413988e-04 9.998838e-01 4.970139e+01
9.999670e-01 6.368239e-04 8.103469e-03 1.143764e+02 -6.370984e-04 9.999998e-01 3.134732e-05 -5.637872e+00 -8.103419e-03 -3.651198e-05 9.999671e-01 4.982171e+01
9.997996e-01 -6.895675e-04 -2.000831e-02 1.149577e+02 6.935756e-04 9.999997e-01 1.934034e-04 -5.659696e+00 2.000815e-02 -2.072389e-04 9.997999e-01 4.982044e+01
9.999846e-01 6.594000e-04 5.502953e-03 1.155675e+02 -6.600951e-04 9.999998e-01 1.245591e-04 -5.683260e+00 -5.502843e-03 -1.281926e-04 9.999848e-01 4.986068e+01
9.997281e-01 -6.332014e-04 -2.331110e-02 1.161370e+02 6.396847e-04 9.999998e-01 2.706856e-04 -5.705920e+00 2.331089e-02 -2.855209e-04 9.997283e-01 4.992831e+01
