9.999975e-01 -4.028517e-05 -2.232485e-03 7.631496e-01 4.059906e-05 1.000000e+00 1.405628e-04 -3.644739e-02 2.232479e-03 -1.406535e-04 9.999976e-01 3.571680e-01
9.999980e-01 3.135149e-05 2.002600e-03 1.757440e+00 -3.159132e-05 1.000000e+00 1.197339e-04 -8.977608e-02 -2.002596e-03 -1.197964e-04 9.999979e-01 1.123030e+00
9.999979e-01 -2.966443e-05 -2.072053e-03 2.767967e+00 2.992821e-05 1.000000e+00 1.272820e-04 -1.430581e-01 2.072049e-03 -1.273443e-04 9.999979e-01 1.860976e+00
9.999998e-01 2.787930e-06 5.648279e-04 3.727968e+00 -2.837270e-06 1.000000e+00 8.738813e-05 -1.901339e-01 -5.648280e-04 -8.738915e-05 9.999997e-01 2.395127e+00
9.999779e-01 -2.376209e-05 -6.648456e-03 4.343053e+00 2.501117e-05 1.000000e+00 1.877951e-04 -2.272822e-01 6.648453e-03 -1.879578e-04 9.999780e-01 2.988373e+00
9.999920e-01 -5.489726e-05 3.996112e-03 5.255872e+00 5.476054e-05 1.000000e+00 3.432787e-05 -2.716199e-01 -3.996115e-03 -3.410815e-05 9.999919e-01 3.474159e+00
9.999686e-01 -3.024885e-05 -7.928881e-03 5.980424e+00 3.106842e-05 1.000000e+00 1.032437e-04 -3.044424e-01 7.928879e-03 -1.034875e-04 9.999687e-01 3.728893e+00
9.999548e-01 1.675929e-04 -9.501045e-03 6.154954e+00 -1.643671e-04 9.999999e-01 3.403013e-04 -3.257972e-01 9.501098e-03 -3.387236e-04 9.999547e-01 4.277231e+00
9.999825e-01 -3.894173e-05 -5.920565e-03 6.288162e+00 3.942556e-05 1.000000e+00 8.160814e-05 -3.476570e-01 5.920566e-03 -8.184084e-05 9.999826e-01 4.878405e+00
9.999756e-01 1.447365e-04 -6.980373e-03 6.467228e+00 -1.430591e-04 1.000000e+00 2.407880e-04 -3.680025e-01 6.980402e-03 -2.397828e-04 9.999755e-01 5.371357e+00
9.999911e-01 -1.302200e-04 4.224620e-03 6.922477e+00 1.310371e-04 1.000000e+00 -1.931544e-04 -3.922262e-01 -4.224588e-03 1.937055e-04 9.999912e-01 5.632089e+00
9.999972e-01 1.968559e-04 -2.365586e-03 7.495852e+00 -1.965841e-04 1.000000e+00 1.151247e-04 -4.193580e-01 2.365602e-03 -1.146586e-04 9.999971e-01 5.854487e+00
9.999998e-01 -2.149853e-04 -5.982750e-04 7.942482e+00 2.149781e-04 1.000000e+00 -1.196680e-05 -4.471902e-01 5.982842e-04 1.183743e-05 9.999999e-01 6.285926e+00
9.999956e-01 2.480677e-04 -2.956637e-03 8.129009e+00 -2.475393e-04 1.000000e+00 1.790816e-04 -4.756532e-01 2.956674e-03 -1.783481e-04 9.999955e-01 7.091088e+00
9.999915e-01 -2.360705e-04 -4.121872e-03 8.465339e+00 2.363405e-04 1.000000e+00 6.503664e-05 -5.045585e-01 4.121864e-03 -6.601105e-05 9.999916e-01 7.721802e+00
9.999998e-01 2.594518e-04 -6.531716e-04 8.999679e+00 -2.593999e-04 1.000000e+00 7.954916e-05 -5.339325e-01 6.531841e-04 -7.937891e-05 9.999997e-01 8.090669e+00
9.999616e-01 -2.643205e-04 -8.760266e-03 9.354721e+00 2.651106e-04 1.000000e+00 8.903761e-05 -5.526997e-01 8.760251e-03 -9.135746e-05 9.999617e-01 8.266448e+00
9.999931e-01 2.819399e-04 -3.703850e-03 9.636301e+00 -2.815251e-04 1.000000e+00 1.124845e-04 -5.674748e-01 3.703871e-03 -1.114401e-04 9.999930e-01 8.377624e+00
9.998912e-01 -1.941126e-04 -1.474843e-02 9.904710e+00 1.974189e-04 1.000000e+00 2.227307e-04 -5.782124e-01 1.474840e-02 -2.256190e-04 9.998913e-01 8.348274e+00
9.999930e-01 2.823854e-04 -3.742751e-03 1.028216e+01 -2.818408e-04 9.999999e-01 1.460265e-04 -5.941538e-01 3.742779e-03 -1.449697e-04 9.999929e-01 8.401881e+00
9.999153e-01 -1.265133e-04 1.301527e-02 1.066527e+01 1.335805e-04 9.999998e-01 -5.421376e-04 -6.091330e-01 -1.301519e-02 5.438294e-04 9.999153e-01 8.396462e+00
9.999996e-01 3.644041e-04 -7.650520e-04 1.092694e+01 -3.643080e-04 9.999999e-01 1.256819e-04 -6.270847e-01 7.650859e-04 -1.254024e-04 9.999996e-01 8.676121e+00
9.999997e-01 -3.520172e-04 -7.304325e-04 1.128929e+01 3.519193e-04 9.999999e-01 -1.339765e-04 -6.479314e-01 7.304916e-04 1.337186e-04 9.999998e-01 8.917202e+00
9.999747e-01 3.439345e-04 -7.105865e-03 1.163520e+01 -3.413766e-04 9.999999e-01 3.611641e-04 -6.741029e-01 7.105976e-03 -3.587284e-04 9.999746e-01 9.417019e+00
9.999995e-01 -3.383834e-04 -8.964714e-04 1.194077e+01 3.382566e-04 9.999999e-01 -1.415050e-04 -6.991358e-01 8.965328e-04 1.412008e-04 9.999997e-01 9.921966e+00
9.999854e-01 3.380013e-04 -5.390981e-03 1.223993e+01 -3.361744e-04 9.999999e-01 3.397586e-04 -7.255449e-01 5.391081e-03 -3.379404e-04 9.999853e-01 1.049710e+01
9.999998e-01 -3.562618e-04 -4.510208e-04 1.270505e+01 3.562021e-04 9.999999e-01 -1.323223e-04 -7.560193e-01 4.510827e-04 1.321607e-04 1.000000e+00 1.101674e+01
9.999992e-01 3.478638e-04 -1.213051e-03 1.331378e+01 -3.475450e-04 9.999999e-01 2.628975e-04 -7.913131e-01 1.213128e-03 -2.624747e-04 9.999991e-01 1.154211e+01
9.999993e-01 -4.157718e-04 -1.122807e-03 1.393479e+01 4.155767e-04 9.999999e-01 -1.738837e-04 -8.216391e-01 1.122894e-03 1.734161e-04 9.999995e-01 1.184057e+01
9.999990e-01 2.341972e-04 -1.400789e-03 1.404394e+01 -2.341152e-04 1.000000e+00 5.863632e-05 -8.223346e-01 1.400787e-03 -5.830739e-05 9.999989e-01 1.150220e+01
9.999996e-01 -4.713839e-04 7.123531e-04 1.386790e+01 4.716123e-04 9.999998e-01 -3.206302e-04 -8.051259e-01 -7.121864e-04 3.209651e-04 9.999998e-01 1.071642e+01
9.999973e-01 1.986164e-04 -2.324354e-03 1.368702e+01 -1.985143e-04 1.000000e+00 4.410451e-05 -7.834279e-01 2.324347e-03 -4.364210e-05 9.999972e-01 9.727604e+00
9.999985e-01 -4.256157e-04 -1.655356e-03 1.361582e+01 4.252326e-04 9.999999e-01 -2.317355e-04 -7.690824e-01 1.655470e-03 2.310304e-04 9.999987e-01 8.945836e+00
9.999967e-01 3.088196e-04 -2.549821e-03 1.385608e+01 -3.083798e-04 9.999999e-01 1.728461e-04 -7.773640e-01 2.549858e-03 -1.720583e-04 9.999966e-01 8.792063e+00
9.999992e-01 -5.679280e-04 1.166424e-03 1.350456e+01 5.684729e-04 9.999997e-01 -4.669212e-04 -7.512777e-01 -1.166142e-03 4.675830e-04 9.999993e-01 7.828335e+00
9.999963e-01 3.169004e-04 -2.685270e-03 1.323659e+01 -3.163526e-04 9.999999e-01 2.043851e-04 -7.297741e-01 2.685318e-03 -2.035340e-04 9.999963e-01 6.960938e+00
9.999976e-01 -5.886666e-04 2.123658e-03 1.288336e+01 5.897447e-04 9.999997e-01 -5.070982e-04 -7.040050e-01 -2.123342e-03 5.083486e-04 9.999977e-01 6.002370e+00
9.999891e-01 3.634188e-04 -4.660637e-03 1.261874e+01 -3.621512e-04 9.999999e-01 2.728080e-04 -6.837175e-01 4.660719e-03 -2.711164e-04 9.999890e-01 5.194772e+00
9.999933e-01 -6.508501e-04 3.604297e-03 1.221984e+01 6.530950e-04 9.999996e-01 -6.217251e-04 -6.527017e-01 -3.603874e-03 6.240742e-04 9.999934e-01 4.075017e+00
9.999941e-01 3.316410e-04 -3.417028e-03 1.175056e+01 -3.308343e-04 9.999999e-01 2.366061e-04 -6.175205e-01 3.417089e-03 -2.354736e-04 9.999940e-01 2.858050e+00
9.999920e-01 -6.051109e-04 3.948577e-03 1.132048e+01 6.074585e-04 9.999996e-01 -5.934045e-04 -5.869206e-01 -3.948199e-03 5.957977e-04 9.999921e-01 1.805003e+00
9.999955e-01 3.365335e-04 -2.972969e-03 1.089236e+01 -3.358310e-04 9.999999e-01 2.367826e-04 -5.567877e-01 2.973032e-03 -2.357825e-04 9.999955e-01 7.759988e-01
9.999802e-01 -5.814737e-04 6.269434e-03 1.043067e+01 5.852906e-04 9.999996e-01 -6.070126e-04 -5.284543e-01 -6.269062e-03 6.106695e-04 9.999803e-01 -1.264762e-01
9.999938e-01 3.576492e-04 -3.504454e-03 1.006534e+01 -3.567707e-04 9.999999e-01 2.512829e-04 -5.034943e-01 3.504528e-03 -2.500305e-04 9.999937e-01 -1.001719e+00
9.999487e-01 -4.802702e-04 1.011990e-02 9.789432e+00 4.872763e-04 9.999996e-01 -6.898699e-04 -4.812693e-01 -1.011955e-02 6.947651e-04 9.999487e-01 -1.864782e+00
9.999536e-01 2.885316e-04 -9.632551e-03 9.494387e+00 -2.848430e-04 9.999999e-01 3.842856e-04 -4.599714e-01 9.632645e-03 -3.815236e-04 9.999534e-01 -2.645999e+00
9.999958e-01 -4.555132e-04 2.849181e-03 9.105265e+00 4.571204e-04 9.999997e-01 -5.634756e-04 -4.343925e-01 -2.848908e-03 5.647752e-04 9.999959e-01 -3.494690e+00
9.999855e-01 1.417048e-04 -5.384525e-03 8.561007e+00 -1.402876e-04 1.000000e+00 2.635716e-04 -3.996388e-01 5.384546e-03 -2.628120e-04 9.999854e-01 -4.614964e+00
9.999611e-01 -2.781987e-04 -8.820126e-03 8.178046e+00 2.760461e-04 9.999999e-01 -2.452690e-04 -3.772468e-01 8.820212e-03 2.428242e-04 9.999612e-01 -5.355513e+00
9.999710e-01 1.933613e-04 -7.609613e-03 8.064567e+00 -1.904187e-04 9.999999e-01 3.874111e-04 -3.685912e-01 7.609667e-03 -3.859504e-04 9.999709e-01 -5.820810e+00
9.998105e-01 -1.077675e-04 -1.946910e-02 8.340910e+00 1.098628e-04 1.000000e+00 1.065585e-04 -3.770706e-01 1.946911e-02 -1.086777e-04 9.998106e-01 -5.968059e+00
9.999766e-01 2.393675e-04 -6.833290e-03 8.575968e+00 -2.364518e-04 9.999999e-01 4.274746e-04 -3.865244e-01 6.833367e-03 -4.258483e-04 9.999765e-01 -6.004024e+00
9.997936e-01 -6.506099e-05 -2.031648e-02 8.969547e+00 6.997389e-05 1.000000e+00 2.411120e-04 -4.073793e-01 2.031649e-02 -2.424844e-04 9.997937e-01 -5.764809e+00
9.999590e-01 2.608421e-04 -9.053654e-03 9.312890e+00 -2.565194e-04 9.999999e-01 4.786024e-04 -4.254700e-01 9.053747e-03 -4.762596e-04 9.999588e-01 -5.574301e+00
9.997057e-01 8.130125e-06 -2.425883e-02 9.596357e+00 -3.349434e-07 9.999999e-01 3.213433e-04 -4.411294e-01 2.425887e-02 -3.212413e-04 9.997058e-01 -5.393785e+00
9.999658e-01 2.178964e-04 -8.262081e-03 9.919976e+00 -2.141235e-04 9.999999e-01 4.575198e-04 -4.578561e-01 8.262143e-03 -4.557343e-04 9.999657e-01 -5.225318e+00
9.997617e-01 -2.414126e-05 -2.182958e-02 1.034231e+01 3.055659e-05 1.000000e+00 2.935574e-04 -4.788078e-01 2.182962e-02 -2.941554e-04 9.997618e-01 -5.014423e+00
9.999232e-01 2.577998e-04 -1.238836e-02 1.071625e+01 -2.506817e-04 9.999998e-01 5.761142e-04 -4.984578e-01 1.238847e-02 -5.729635e-04 9.999230e-01 -4.790362e+00
9.997779e-01 -1.475048e-05 -2.107555e-02 1.112543e+01 2.096890e-05 1.000000e+00 2.948447e-04 -5.202111e-01 2.107559e-02 -2.952221e-04 9.997779e-01 -4.522082e+00
9.998442e-01 3.325410e-04 -1.764823e-02 1.141839e+01 -3.200948e-04 9.999997e-01 7.080388e-04 -5.380376e-01 1.764841e-02 -7.022783e-04 9.998439e-01 -4.256117e+00
9.998196e-01 -2.988879e-05 -1.899430e-02 1.175151e+01 3.454963e-05 1.000000e+00 2.450704e-04 -5.572845e-01 1.899434e-02 -2.456837e-04 9.998197e-01 -3.986586e+00
9.997284e-01 3.818843e-04 -2.330219e-02 1.204067e+01 -3.619044e-04 9.999996e-01 8.616215e-04 -5.753000e-01 2.330245e-02 -8.529531e-04 9.997280e-01 -3.707449e+00
9.997827e-01 1.887728e-05 -2.084471e-02 1.232526e+01 -1.275018e-05 1.000000e+00 2.940944e-04 -5.935346e-01 2.084478e-02 -2.937661e-04 9.997828e-01 -3.405027e+00
9.997687e-01 3.441543e-04 -2.150451e-02 1.264141e+01 -3.263118e-04 9.999996e-01 8.331921e-04 -6.131324e-01 2.150473e-02 -8.259807e-04 9.997683e-01 -3.092778e+00
9.998128e-01 4.159035e-05 -1.935066e-02 1.293755e+01 -3.678381e-05 1.000000e+00 2.487767e-04 -6.329368e-01 1.935074e-02 -2.480198e-04 9.998128e-01 -2.737943e+00
9.998406e-01 2.602788e-04 -1.785247e-02 1.321124e+01 -2.474924e-04 9.999997e-01 7.183984e-04 -6.512016e-01 1.785258e-02 -7.138639e-04 9.998403e-01 -2.438014e+00
9.997315e-01 1.239650e-04 -2.317284e-02 1.341608e+01 -1.164976e-04 9.999999e-01 3.236243e-04 -6.660289e-01 2.317295e-02 -3.208394e-04 9.997315e-01 -2.174876e+00
9.998096e-01 2.709867e-04 -1.951282e-02 1.360354e+01 -2.562597e-04 9.999997e-01 7.571962e-04 -6.803325e-01 1.951295e-02 -7.520500e-04 9.998092e-01 -1.908757e+00
9.997932e-01 1.089195e-04 -2.033478e-02 1.380141e+01 -1.043078e-04 1.000000e+00 2.278910e-04 -6.944176e-01 2.033488e-02 -2.257245e-04 9.997933e-01 -1.664777e+00
9.998982e-01 1.737794e-04 -1.426555e-02 1.406200e+01 -1.649950e-04 9.999998e-01 6.168892e-04 -7.097560e-01 1.426557e-02 -6.144709e-04 9.998980e-01 -1.463294e+00
9.997968e-01 1.392995e-04 -2.015746e-02 1.426534e+01 -1.350897e-04 1.000000e+00 2.102561e-04 -7.231198e-01 2.015757e-02 -2.074921e-04 9.997969e-01 -1.265805e+00
9.999716e-01 1.326620e-04 -7.533248e-03 1.440359e+01 -1.292446e-04 9.999999e-01 4.539990e-04 -7.359251e-01 7.533224e-03 -4.530107e-04 9.999714e-01 -1.010749e+00
9.999453e-01 2.111798e-04 -1.045608e-02 1.448176e+01 -2.117784e-04 1.000000e+00 -5.603962e-05 -7.468809e-01 1.045615e-02 5.824907e-05 9.999454e-01 -7.650056e-01
9.997005e-01 1.733724e-04 -2.447252e-02 1.449586e+01 -1.514086e-04 9.999996e-01 8.992943e-04 -7.556795e-01 2.447258e-02 -8.953177e-04 9.997000e-01 -5.127477e-01
9.997390e-01 3.799608e-05 2.284523e-02 1.463335e+01 -1.704827e-05 9.999996e-01 -9.171886e-04 -7.729769e-01 -2.284517e-02 9.165579e-04 9.997387e-01 -9.774021e-02
9.999988e-01 3.475627e-04 1.509875e-03 1.483293e+01 -3.477997e-04 9.999999e-01 1.573609e-04 -7.907770e-01 -1.509904e-03 -1.578840e-04 9.999988e-01 2.638082e-01
9.996523e-01 7.128660e-05 2.636946e-02 1.495648e+01 -4.451897e-05 9.999995e-01 -1.015724e-03 -8.067388e-01 -2.636944e-02 1.014195e-03 9.996518e-01 6.423729e-01
9.999826e-01 3.767952e-04 5.883786e-03 1.516873e+01 -3.768090e-04 9.999999e-01 1.382775e-06 -8.217153e-01 -5.883866e-03 -3.598169e-06 9.999826e-01 8.552994e-01
9.997241e-01 5.135804e-05 2.348942e-02 1.548520e+01 -3.012189e-05 9.999996e-01 -9.044624e-04 -8.403559e-01 -2.348938e-02 9.035037e-04 9.997238e-01 1.095266e+00
9.999997e-01 3.074316e-04 -6.295822e-04 1.591165e+01 -3.073021e-04 9.999999e-01 2.045804e-04 -8.642975e-01 6.295672e-04 -2.043853e-04 9.999997e-01 1.408227e+00
9.997566e-01 2.424118e-05 2.206112e-02 1.639273e+01 -5.846686e-06 9.999997e-01 -8.338949e-04 -8.915425e-01 -2.206106e-02 8.335615e-04 9.997564e-01 1.777353e+00
9.999786e-01 2.545544e-04 -6.538817e-03 1.686728e+01 -2.520274e-04 9.999999e-01 3.871907e-04 -9.202172e-01 6.538839e-03 -3.855330e-04 9.999785e-01 2.210396e+00
9.999492e-01 -1.103314e-04 1.007745e-02 1.723907e+01 1.149381e-04 9.999999e-01 -4.566171e-04 -9.483221e-01 -1.007732e-02 4.577508e-04 9.999492e-01 2.748444e+00
9.999986e-01 3.518250e-04 1.625986e-03 1.763075e+01 -3.520546e-04 9.999999e-01 1.413475e-04 -9.770896e-01 -1.626011e-03 -1.419184e-04 9.999986e-01 3.294201e+00
9.998606e-01 -3.352027e-05 1.669693e-02 1.790125e+01 4.468765e-05 9.999998e-01 -6.684938e-04 -1.001509e+00 -1.669683e-02 6.691454e-04 9.998605e-01 3.833298e+00
9.999103e-01 1.915998e-04 -1.339104e-02 1.806293e+01 -1.839149e-04 9.999998e-01 5.750697e-04 -1.023333e+00 1.339107e-02 -5.725540e-04 9.999101e-01 4.394294e+00
9.999765e-01 -1.176392e-04 6.853239e-03 1.819331e+01 1.203612e-04 9.999999e-01 -3.968754e-04 -1.044086e+00 -6.853118e-03 3.976896e-04 9.999765e-01 4.945250e+00
9.996267e-01 3.484602e-04 -2.731965e-02 1.823276e+01 -3.234201e-04 9.999995e-01 9.209544e-04 -1.060638e+00 2.731989e-02 -9.117735e-04 9.996262e-01 5.454466e+00
9.999858e-01 2.854947e-05 -5.330096e-03 1.822644e+01 -2.904092e-05 1.000000e+00 -9.199729e-05 -1.072668e+00 5.330170e-03 9.214936e-05 9.999859e-01 5.854104e+00
9.994574e-01 4.072970e-04 -3.293350e-02 1.826957e+01 -3.722893e-04 9.999994e-01 1.069087e-03 -1.084041e+00 3.293383e-02 -1.056245e-03 9.994569e-01 6.181774e+00
9.999752e-01 2.450362e-05 -7.043717e-03 1.834744e+01 -2.514914e-05 1.000000e+00 -9.144345e-05 -1.093063e+00 7.043796e-03 9.161682e-05 9.999753e-01 6.371259e+00
9.998263e-01 2.218926e-04 -1.863702e-02 1.858759e+01 -2.081312e-04 9.999997e-01 7.402854e-04 -1.111017e+00 1.863710e-02 -7.362763e-04 9.998260e-01 6.703234e+00
9.999690e-01 3.412208e-05 -7.882654e-03 1.878864e+01 -3.470852e-05 1.000000e+00 -7.414723e-05 -1.126750e+00 7.882736e-03 7.441696e-05 9.999690e-01 6.981930e+00
9.997251e-01 3.225194e-04 -2.344218e-02 1.888283e+01 -3.022365e-04 9.999996e-01 8.687309e-04 -1.141041e+00 2.344236e-02 -8.614054e-04 9.997247e-01 7.367467e+00
9.999898e-01 -1.274900e-06 -4.525766e-03 1.899158e+01 6.139907e-07 1.000000e+00 -1.458175e-04 -1.157142e+00 4.525854e-03 1.458116e-04 9.999898e-01 7.799085e+00
9.997202e-01 2.800394e-04 -2.364965e-02 1.916280e+01 -2.608006e-04 9.999996e-01 8.165339e-04 -1.170280e+00 2.364978e-02 -8.101360e-04 9.997199e-01 8.026972e+00
9.999455e-01 -1.771842e-04 1.044141e-02 1.946423e+01 1.824499e-04 9.999999e-01 -5.034691e-04 -1.190230e+00 -1.044123e-02 5.053450e-04 9.999454e-01 8.338170e+00
9.998523e-01 2.027004e-04 -1.718260e-02 1.991264e+01 -1.913979e-04 9.999998e-01 6.593718e-04 -1.213867e+00 1.718264e-02 -6.559841e-04 9.998521e-01 8.580554e+00
9.998966e-01 -1.622127e-04 1.438235e-02 2.025045e+01 1.708289e-04 9.999998e-01 -5.979300e-04 -1.237024e+00 -1.438216e-02 6.003234e-04 9.998965e-01 8.958194e+00
9.999148e-01 2.679414e-04 -1.305035e-02 2.058339e+01 -2.601271e-04 9.999998e-01 6.003987e-04 -1.264254e+00 1.305042e-02 -5.969512e-04 9.999146e-01 9.522930e+00
9.998925e-01 -1.827882e-04 1.466263e-02 2.109170e+01 1.919788e-04 9.999998e-01 -6.254767e-04 -1.293039e+00 -1.466243e-02 6.282227e-04 9.998924e-01 9.908080e+00
9.998745e-01 2.367818e-04 -1.584183e-02 2.140638e+01 -2.256874e-04 9.999997e-01 7.020469e-04 -1.320069e+00 1.584190e-02 -6.983819e-04 9.998742e-01 1.048437e+01
9.998760e-01 -1.780284e-04 1.575037e-02 2.181748e+01 1.884745e-04 9.999998e-01 -6.618116e-04 -1.348407e+00 -1.575016e-02 6.646963e-04 9.998758e-01 1.098234e+01
9.998799e-01 2.213742e-04 -1.549348e-02 2.238944e+01 -2.111223e-04 9.999998e-01 6.632541e-04 -1.377261e+00 1.549353e-02 -6.599018e-04 9.998797e-01 1.127578e+01
9.999140e-01 -2.299869e-04 1.311286e-02 2.292664e+01 2.377161e-04 9.999998e-01 -5.879626e-04 -1.405206e+00 -1.311263e-02 5.910276e-04 9.999139e-01 1.157903e+01
9.998975e-01 2.323829e-04 -1.431618e-02 2.345781e+01 -2.234451e-04 9.999998e-01 6.258401e-04 -1.432778e+00 1.431623e-02 -6.225754e-04 9.998973e-01 1.187597e+01
9.998989e-01 -1.978253e-04 1.422166e-02 2.397748e+01 2.064829e-04 9.999998e-01 -6.073783e-04 -1.461059e+00 -1.422145e-02 6.102517e-04 9.998988e-01 1.222141e+01
9.998955e-01 2.607491e-04 -1.445273e-02 2.433351e+01 -2.513230e-04 9.999998e-01 6.539474e-04 -1.488306e+00 1.445281e-02 -6.502451e-04 9.998953e-01 1.274995e+01
9.998936e-01 -1.956719e-04 1.459028e-02 2.467723e+01 2.049153e-04 9.999998e-01 -6.321169e-04 -1.514400e+00 -1.459006e-02 6.350377e-04 9.998934e-01 1.324799e+01
9.998947e-01 2.611253e-04 -1.450731e-02 2.508905e+01 -2.512516e-04 9.999997e-01 6.823452e-04 -1.543795e+00 1.450740e-02 -6.786267e-04 9.998945e-01 1.379061e+01
9.998799e-01 -1.846852e-04 1.549739e-02 2.563254e+01 1.949248e-04 9.999998e-01 -6.592922e-04 -1.575039e+00 -1.549718e-02 6.622322e-04 9.998798e-01 1.422752e+01
9.998772e-01 2.136571e-04 -1.566785e-02 2.620004e+01 -2.027520e-04 9.999997e-01 6.975366e-04 -1.605469e+00 1.566790e-02 -6.942727e-04 9.998769e-01 1.459546e+01
9.998634e-01 -1.438269e-04 1.653167e-02 2.671747e+01 1.550729e-04 9.999998e-01 -6.790576e-04 -1.635709e+00 -1.653148e-02 6.815268e-04 9.998632e-01 1.502721e+01
9.999361e-01 3.272760e-04 -1.130155e-02 2.704591e+01 -3.207122e-04 9.999998e-01 5.825032e-04 -1.664702e+00 1.130165e-02 -5.788398e-04 9.999359e-01 1.567380e+01
9.998614e-01 -1.367974e-04 1.665098e-02 2.742246e+01 1.479430e-04 9.999998e-01 -6.681999e-04 -1.695408e+00 -1.665080e-02 6.705690e-04 9.998612e-01 1.632911e+01
9.998790e-01 2.474391e-04 -1.555155e-02 2.776680e+01 -2.364443e-04 9.999997e-01 7.087624e-04 -1.725203e+00 1.555163e-02 -7.049979e-04 9.998787e-01 1.698647e+01
9.998005e-01 -7.801277e-05 1.997669e-02 2.811065e+01 9.365676e-05 9.999997e-01 -7.822317e-04 -1.754348e+00 -1.997653e-02 7.839449e-04 9.998002e-01 1.761745e+01
9.998420e-01 1.963277e-04 -1.777462e-02 2.856356e+01 -1.827986e-04 9.999997e-01 7.627189e-04 -1.784403e+00 1.777468e-02 -7.593476e-04 9.998417e-01 1.813240e+01
9.997091e-01 -4.073314e-06 2.412162e-02 2.893477e+01 2.615016e-05 9.999996e-01 -9.149593e-04 -1.812245e+00 -2.412152e-02 9.153222e-04 9.997087e-01 1.866899e+01
9.998116e-01 1.690698e-04 -1.940961e-02 2.927798e+01 -1.536590e-04 9.999997e-01 7.954182e-04 -1.838771e+00 1.940965e-02 -7.922843e-04 9.998112e-01 1.918444e+01
9.996363e-01 1.955684e-05 2.696910e-02 2.966184e+01 7.327160e-06 9.999995e-01 -9.967837e-04 -1.866068e+00 -2.696902e-02 9.966172e-04 9.996358e-01 1.968067e+01
9.997909e-01 1.648419e-04 -2.044777e-02 3.013712e+01 -1.479296e-04 9.999996e-01 8.285619e-04 -1.895155e+00 2.044781e-02 -8.253622e-04 9.997905e-01 2.012224e+01
9.997666e-01 -6.978841e-05 2.160671e-02 3.053918e+01 8.785508e-05 9.999996e-01 -8.352584e-04 -1.921969e+00 -2.160655e-02 8.369602e-04 9.997663e-01 2.056369e+01
9.997861e-01 1.480659e-04 -2.067891e-02 3.102588e+01 -1.306964e-04 9.999996e-01 8.412699e-04 -1.950999e+00 2.067894e-02 -8.383858e-04 9.997857e-01 2.098473e+01
9.996177e-01 2.994024e-05 2.764829e-02 3.161565e+01 -1.864498e-06 9.999995e-01 -1.015522e-03 -1.982546e+00 -2.764822e-02 1.015080e-03 9.996173e-01 2.137689e+01
9.997868e-01 2.009796e-04 -2.064803e-02 3.211238e+01 -1.825011e-04 9.999996e-01 8.967628e-04 -2.016875e+00 2.064811e-02 -8.928018e-04 9.997863e-01 2.201872e+01
9.997344e-01 -6.709130e-05 2.304544e-02 3.254975e+01 8.776575e-05 9.999996e-01 -8.961482e-04 -2.048232e+00 -2.304529e-02 8.979313e-04 9.997341e-01 2.261374e+01
9.998393e-01 2.489891e-04 -1.792361e-02 3.285148e+01 -2.349544e-04 9.999997e-01 7.850802e-04 -2.075579e+00 1.792371e-02 -7.807413e-04 9.998390e-01 2.322609e+01
9.997470e-01 -1.201603e-04 2.249354e-02 3.338287e+01 1.408307e-04 9.999996e-01 -9.174105e-04 -2.103743e+00 -2.249333e-02 9.203447e-04 9.997466e-01 2.355118e+01
9.998455e-01 2.616850e-04 -1.757437e-02 3.400894e+01 -2.477840e-04 9.999997e-01 7.931084e-04 -2.135361e+00 1.757449e-02 -7.886297e-04 9.998452e-01 2.389254e+01
9.998271e-01 -1.982560e-04 1.859752e-02 3.468477e+01 2.124088e-04 9.999997e-01 -7.590784e-04 -2.170257e+00 -1.859728e-02 7.628959e-04 9.998268e-01 2.430634e+01
9.999424e-01 3.724068e-04 -1.072752e-02 3.545923e+01 -3.663179e-04 9.999998e-01 5.694769e-04 -2.206613e+00 1.072765e-02 -5.655130e-04 9.999422e-01 2.464917e+01
9.996661e-01 -9.839698e-05 2.584215e-02 3.621718e+01 1.234045e-04 9.999995e-01 -9.661442e-04 -2.242206e+00 -2.584196e-02 9.690092e-04 9.996656e-01 2.498999e+01
9.999544e-01 3.916782e-04 -9.536840e-03 3.687954e+01 -3.867560e-04 9.999998e-01 5.178876e-04 -2.275360e+00 9.536957e-03 -5.141742e-04 9.999543e-01 2.535632e+01
9.997547e-01 -1.429869e-04 2.214855e-02 3.747207e+01 1.616953e-04 9.999996e-01 -8.429299e-04 -2.307500e+00 -2.214833e-02 8.463031e-04 9.997544e-01 2.577658e+01
9.998714e-01 2.956022e-04 -1.603451e-02 3.815117e+01 -2.848157e-04 9.999997e-01 6.749426e-04 -2.339636e+00 1.603462e-02 -6.702875e-04 9.998711e-01 2.606971e+01
9.997587e-01 -1.387598e-04 2.196666e-02 3.877690e+01 1.566351e-04 9.999997e-01 -8.120622e-04 -2.372311e+00 -2.196646e-02 8.153056e-04 9.997585e-01 2.646293e+01
9.999080e-01 3.439295e-04 -1.355854e-02 3.942401e+01 -3.356238e-04 9.999998e-01 6.148010e-04 -2.407100e+00 1.355866e-02 -6.101926e-04 9.999078e-01 2.692226e+01
9.997674e-01 -1.414372e-04 2.156957e-02 4.020702e+01 1.582473e-04 9.999997e-01 -7.776712e-04 -2.445616e+00 -2.156937e-02 7.809023e-04 9.997671e-01 2.735407e+01
9.998129e-01 2.276111e-04 -1.934139e-02 4.102279e+01 -2.126649e-04 9.999997e-01 7.747757e-04 -2.483206e+00 1.934148e-02 -7.705162e-04 9.998126e-01 2.769555e+01
9.997355e-01 -1.062756e-04 2.299983e-02 4.170436e+01 1.251859e-04 9.999997e-01 -8.207867e-04 -2.518307e+00 -2.299966e-02 8.234475e-04 9.997352e-01 2.811569e+01
9.998485e-01 2.567500e-04 -1.740350e-02 4.238902e+01 -2.448449e-04 9.999997e-01 6.861541e-04 -2.551952e+00 1.740359e-02 -6.817877e-04 9.998482e-01 2.846709e+01
9.997182e-01 -7.472958e-05 2.373785e-02 4.290654e+01 9.420299e-05 9.999997e-01 -8.192654e-04 -2.583454e+00 -2.373770e-02 8.212695e-04 9.997180e-01 2.896599e+01
9.999311e-01 3.507725e-04 -1.173346e-02 4.323461e+01 -3.447091e-04 9.999998e-01 5.187285e-04 -2.613150e+00 1.173356e-02 -5.146470e-04 9.999309e-01 2.964567e+01
9.998284e-01 -1.301712e-04 1.852364e-02 4.355827e+01 1.418086e-04 9.999998e-01 -6.269675e-04 -2.644722e+00 -1.852347e-02 6.294856e-04 9.998283e-01 3.041274e+01
9.999296e-01 3.341035e-04 -1.186315e-02 4.406533e+01 -3.281578e-04 9.999998e-01 5.030849e-04 -2.679038e+00 1.186323e-02 -4.991554e-04 9.999294e-01 3.104856e+01
9.999062e-01 -2.587739e-04 1.369360e-02 4.479493e+01 2.653098e-04 9.999999e-01 -4.755274e-04 -2.716056e+00 -1.369339e-02 4.791147e-04 9.999062e-01 3.148494e+01
9.999251e-01 3.305859e-04 -1.223133e-02 4.553637e+01 -3.242415e-04 9.999998e-01 5.206312e-04 -2.754162e+00 1.223142e-02 -5.166252e-04 9.999250e-01 3.194583e+01
9.999053e-01 -2.645067e-04 1.376077e-02 4.632633e+01 2.710684e-04 9.999999e-01 -4.750256e-04 -2.793409e+00 -1.376056e-02 4.787095e-04 9.999053e-01 3.239270e+01
9.999288e-01 3.314484e-04 -1.192672e-02 4.715974e+01 -3.258332e-04 9.999998e-01 4.727056e-04 -2.831231e+00 1.192679e-02 -4.687846e-04 9.999287e-01 3.271461e+01
9.998834e-01 -2.232446e-04 1.527112e-02 4.789241e+01 2.311790e-04 9.999998e-01 -5.178448e-04 -2.866703e+00 -1.527092e-02 5.213135e-04 9.998833e-01 3.307980e+01
9.999335e-01 3.492233e-04 -1.152308e-02 4.844746e+01 -3.441092e-04 9.999998e-01 4.457401e-04 -2.898223e+00 1.152316e-02 -4.417441e-04 9.999334e-01 3.351789e+01
9.998886e-01 -2.461852e-04 1.492639e-02 4.899420e+01 2.544686e-04 9.999998e-01 -5.530963e-04 -2.925355e+00 -1.492617e-02 5.568318e-04 9.998885e-01 3.377514e+01
9.999583e-01 3.859904e-04 -9.125018e-03 4.944178e+01 -3.824707e-04 9.999999e-01 3.874023e-04 -2.952602e+00 9.125088e-03 -3.838949e-04 9.999582e-01 3.417826e+01
9.998786e-01 -2.397601e-04 1.558149e-02 4.977801e+01 2.491441e-04 9.999998e-01 -6.003518e-04 -2.974144e+00 -1.558126e-02 6.041598e-04 9.998785e-01 3.449454e+01
9.999579e-01 3.997537e-04 -9.159855e-03 4.991191e+01 -3.962111e-04 9.999998e-01 3.885018e-04 -2.992483e+00 9.159932e-03 -3.848552e-04 9.999579e-01 3.495473e+01
9.998715e-01 -2.646441e-04 1.603223e-02 4.998548e+01 2.744904e-04 9.999998e-01 -6.119918e-04 -3.008238e+00 -1.603199e-02 6.163128e-04 9.998714e-01 3.536978e+01
9.999608e-01 4.151978e-04 -8.838321e-03 5.046109e+01 -4.117823e-04 9.999998e-01 3.882007e-04 -3.034847e+00 8.838404e-03 -3.845450e-04 9.999608e-01 3.570838e+01
9.999072e-01 -2.829429e-04 1.362344e-02 5.078369e+01 2.902672e-04 9.999998e-01 -5.356890e-04 -3.058559e+00 -1.362321e-02 5.395927e-04 9.999071e-01 3.613736e+01
9.999649e-01 3.928080e-04 -8.372344e-03 5.116752e+01 -3.901048e-04 9.999999e-01 3.244515e-04 -3.078367e+00 8.372395e-03 -3.211730e-04 9.999648e-01 3.632901e+01
9.999021e-01 -3.053024e-04 1.399010e-02 5.156661e+01 3.134045e-04 9.999998e-01 -5.769775e-04 -3.094849e+00 -1.398984e-02 5.813046e-04 9.999021e-01 3.635556e+01
9.999476e-01 4.010976e-04 -1.022351e-02 5.208144e+01 -3.968997e-04 9.999998e-01 4.125888e-04 -3.117109e+00 1.022360e-02 -4.085085e-04 9.999476e-01 3.646985e+01
9.999013e-01 -3.609136e-04 1.404327e-02 5.235494e+01 3.700158e-04 9.999997e-01 -6.455995e-04 -3.127521e+00 -1.404296e-02 6.507311e-04 9.999013e-01 3.639936e+01
9.999962e-01 5.157968e-04 -2.716844e-03 5.255485e+01 -5.152135e-04 9.999998e-01 2.152306e-04 -3.138837e+00 2.716881e-03 -2.138291e-04 9.999962e-01 3.646940e+01
9.999419e-01 -3.686707e-04 1.077169e-02 5.297747e+01 3.749557e-04 9.999998e-01 -5.815066e-04 -3.153145e+00 -1.077140e-02 5.855108e-04 9.999419e-01 3.638847e+01
9.999660e-01 6.485202e-04 8.213704e-03 5.344796e+01 -6.482512e-04 9.999998e-01 -3.536605e-05 -3.174340e+00 -8.213798e-03 3.004110e-05 9.999662e-01 3.652381e+01
9.998600e-01 -2.763067e-04 1.673325e-02 5.373123e+01 2.883795e-04 9.999997e-01 -7.190966e-04 -3.195257e+00 -1.673297e-02 7.238207e-04 9.998598e-01 3.689889e+01
9.999617e-01 6.757280e-04 8.728623e-03 5.398365e+01 -6.754884e-04 9.999998e-01 -3.035973e-05 -3.218893e+00 -8.728710e-03 2.446313e-05 9.999618e-01 3.743214e+01
9.998586e-01 -2.917376e-04 1.681507e-02 5.422850e+01 3.040888e-04 9.999997e-01 -7.319972e-04 -3.239422e+00 -1.681478e-02 7.370064e-04 9.998584e-01 3.784469e+01
9.999657e-01 6.681259e-04 8.259499e-03 5.466878e+01 -6.678102e-04 9.999998e-01 -4.095328e-05 -3.262054e+00 -8.259589e-03 3.543660e-05 9.999658e-01 3.807961e+01
9.999363e-01 -3.575201e-04 1.128595e-02 5.502630e+01 3.636397e-04 9.999998e-01 -5.401971e-04 -3.285716e+00 -1.128569e-02 5.442662e-04 9.999363e-01 3.846935e+01
9.999772e-01 6.452215e-04 6.723278e-03 5.532316e+01 -6.450567e-04 9.999998e-01 -2.665866e-05 -3.306675e+00 -6.723355e-03 2.232154e-05 9.999773e-01 3.883093e+01
9.999611e-01 -3.952355e-04 8.809382e-03 5.584963e+01 3.992630e-04 9.999998e-01 -4.554476e-04 -3.331311e+00 -8.809140e-03 4.589468e-04 9.999612e-01 3.903296e+01
9.999353e-01 7.127107e-04 1.134844e-02 5.619596e+01 -7.106491e-04 9.999997e-01 -1.856855e-04 -3.352540e+00 -1.134863e-02 1.776090e-04 9.999355e-01 3.933907e+01
9.999266e-01 -3.165291e-04 1.211139e-02 5.638283e+01 3.223302e-04 9.999998e-01 -4.770423e-04 -3.376261e+00 -1.211118e-02 4.809109e-04 9.999266e-01 3.996078e+01
9.999864e-01 6.314645e-04 5.172674e-03 5.660745e+01 -6.314558e-04 9.999998e-01 -3.291798e-06 -3.402025e+00 -5.172730e-03 2.558770e-08 9.999865e-01 4.061486e+01
9.999166e-01 -3.145686e-04 1.291151e-02 5.677299e+01 3.211060e-04 9.999998e-01 -5.042597e-04 -3.425639e+00 -1.291130e-02 5.083635e-04 9.999166e-01 4.125726e+01
9.998648e-01 7.683224e-04 1.642263e-02 5.705950e+01 -7.619641e-04 9.999996e-01 -3.934130e-04 -3.447161e+00 -1.642298e-02 3.808464e-04 9.998650e-01 4.165828e+01
9.998188e-01 -2.255922e-04 1.903386e-02 5.747299e+01 2.384022e-04 9.999997e-01 -6.707457e-04 -3.468885e+00 -1.903365e-02 6.751619e-04 9.998187e-01 4.189908e+01
9.999369e-01 6.884257e-04 1.121640e-02 5.802225e+01 -6.858729e-04 9.999997e-01 -2.314439e-04 -3.495919e+00 -1.121660e-02 2.237361e-04 9.999370e-01 4.217169e+01
9.997856e-01 -2.044463e-04 2.070504e-02 5.841956e+01 2.194651e-04 9.999997e-01 -7.230977e-04 -3.517913e+00 -2.070484e-02 7.274870e-04 9.997855e-01 4.244292e+01
9.999875e-01 6.033580e-04 4.960509e-03 5.875988e+01 -6.030570e-04 9.999998e-01 -6.219249e-05 -3.539292e+00 -4.960586e-03 5.919985e-05 9.999876e-01 4.276452e+01
9.998665e-01 -2.744308e-04 1.633463e-02 5.911262e+01 2.839886e-04 9.999998e-01 -5.828073e-04 -3.561090e+00 -1.633442e-02 5.873688e-04 9.998665e-01 4.308092e+01
9.999945e-01 5.964966e-04 3.259856e-03 5.945859e+01 -5.964951e-04 9.999998e-01 -1.467659e-06 -3.585172e+00 -3.259893e-03 -4.773550e-07 9.999946e-01 4.350279e+01
9.999007e-01 -3.044820e-04 1.409138e-02 5.976357e+01 3.116067e-04 9.999998e-01 -5.034115e-04 -3.609381e+00 -1.409119e-02 5.077531e-04 9.999007e-01 4.398572e+01
9.999368e-01 7.165489e-04 1.121571e-02 5.998084e+01 -7.136161e-04 9.999997e-01 -2.655015e-04 -3.630310e+00 -1.121593e-02 2.574803e-04 9.999370e-01 4.445633e+01
9.999016e-01 -3.187818e-04 1.402451e-02 6.019631e+01 3.257434e-04 9.999998e-01 -4.941011e-04 -3.649851e+00 -1.402431e-02 4.986216e-04 9.999016e-01 4.487051e+01
9.999972e-01 5.943667e-04 2.287139e-03 6.063334e+01 -5.943846e-04 9.999998e-01 7.104616e-06 -3.675544e+00 -2.287163e-03 -8.464823e-06 9.999973e-01 4.523444e+01
9.998816e-01 -3.225466e-04 1.538651e-02 6.107236e+01 3.312584e-04 9.999998e-01 -5.636451e-04 -3.697339e+00 -1.538630e-02 5.686761e-04 9.998816e-01 4.543607e+01
9.999970e-01 5.448000e-04 -2.389988e-03 6.142844e+01 -5.444414e-04 9.999998e-01 1.507681e-04 -3.718985e+00 2.390044e-03 -1.494673e-04 9.999970e-01 4.573999e+01
9.997141e-01 -2.235299e-04 2.391014e-02 6.176931e+01 2.436037e-04 9.999996e-01 -8.366394e-04 -3.736632e+00 -2.390992e-02 8.422257e-04 9.997139e-01 4.590435e+01
9.999909e-01 5.339441e-04 -4.235324e-03 6.220169e+01 -5.330182e-04 9.999998e-01 2.197514e-04 -3.758843e+00 4.235418e-03 -2.174930e-04 9.999909e-01 4.613142e+01
9.998755e-01 -3.353124e-04 1.577512e-02 6.278892e+01 3.444113e-04 9.999998e-01 -5.740703e-04 -3.785864e+00 -1.577491e-02 5.794330e-04 9.998755e-01 4.634859e+01
9.999908e-01 5.351857e-04 -4.256506e-03 6.339987e+01 -5.343485e-04 9.999998e-01 1.978498e-04 -3.811038e+00 4.256591e-03 -1.955746e-04 9.999908e-01 4.645536e+01
9.997575e-01 -2.585378e-04 2.202121e-02 6.393084e+01 2.756958e-04 9.999997e-01 -7.761179e-04 -3.832194e+00 -2.202098e-02 7.820019e-04 9.997573e-01 4.651175e+01
9.999955e-01 5.553142e-04 -2.956241e-03 6.441551e+01 -5.548752e-04 9.999998e-01 1.493589e-04 -3.852572e+00 2.956307e-03 -1.477191e-04 9.999955e-01 4.659919e+01
9.997878e-01 -2.774279e-04 2.059867e-02 6.490787e+01 2.920275e-04 9.999997e-01 -7.057586e-04 -3.875398e+00 -2.059845e-02 7.116255e-04 9.997877e-01 4.677302e+01
9.999950e-01 5.576987e-04 -3.117146e-03 6.550469e+01 -5.572334e-04 9.999998e-01 1.501678e-04 -3.899952e+00 3.117217e-03 -1.484315e-04 9.999950e-01 4.687957e+01
9.997279e-01 -2.439512e-04 2.332504e-02 6.587898e+01 2.625929e-04 9.999996e-01 -7.961545e-04 -3.917506e+00 -2.332482e-02 8.020643e-04 9.997277e-01 4.699793e+01
9.999994e-01 6.186049e-04 9.151800e-04 6.595552e+01 -6.186424e-04 9.999998e-01 4.062594e-05 -3.932023e+00 -9.151630e-04 -4.119357e-05 9.999995e-01 4.737088e+01
9.997247e-01 -2.290589e-04 2.346334e-02 6.625255e+01 2.474390e-04 9.999997e-01 -7.804519e-04 -3.952952e+00 -2.346315e-02 7.860443e-04 9.997245e-01 4.773804e+01
9.999937e-01 6.588951e-04 3.476825e-03 6.678738e+01 -6.586732e-04 9.999998e-01 -6.497104e-05 -3.975229e+00 -3.476870e-03 6.267889e-05 9.999939e-01 4.783992e+01
9.995557e-01 -1.254973e-04 2.980744e-02 6.728030e+01 1.537992e-04 9.999995e-01 -9.471996e-04 -3.995474e+00 -2.980731e-02 9.513648e-04 9.995553e-01 4.791813e+01
9.999918e-01 6.692725e-04 3.998357e-03 6.781255e+01 -6.688779e-04 9.999998e-01 -1.000044e-04 -4.016301e+00 -3.998419e-03 9.732735e-05 9.999919e-01 4.796573e+01
9.994491e-01 -8.494816e-05 3.318753e-02 6.826001e+01 1.189842e-04 9.999995e-01 -1.023594e-03 -4.034277e+00 -3.318743e-02 1.026981e-03 9.994487e-01 4.800518e+01
9.999887e-01 6.910361e-04 4.703545e-03 6.876186e+01 -6.903857e-04 9.999998e-01 -1.398689e-04 -4.053945e+00 -4.703629e-03 1.366180e-04 9.999888e-01 4.804541e+01
9.994391e-01 -9.151019e-05 3.348790e-02 6.914721e+01 1.254031e-04 9.999995e-01 -1.009999e-03 -4.070789e+00 -3.348781e-02 1.013634e-03 9.994387e-01 4.812023e+01
9.999976e-01 5.766590e-04 2.103109e-03 6.928811e+01 -5.763528e-04 9.999998e-01 -1.460975e-04 -4.075753e+00 -2.103175e-03 1.448827e-04 9.999977e-01 4.798888e+01
9.995900e-01 -1.636448e-04 2.863235e-02 6.954589e+01 1.884194e-04 9.999996e-01 -8.625779e-04 -4.082536e+00 -2.863222e-02 8.676215e-04 9.995897e-01 4.779161e+01
9.999988e-01 5.913257e-04 1.453871e-03 6.989314e+01 -5.911273e-04 9.999998e-01 -1.366983e-04 -4.092245e+00 -1.453928e-03 1.358362e-04 9.999988e-01 4.761332e+01
9.996495e-01 -1.558918e-04 2.647183e-02 7.035110e+01 1.756317e-04 9.999997e-01 -7.433817e-04 -4.108777e+00 -2.647174e-02 7.477731e-04 9.996494e-01 4.758129e+01
9.999904e-01 4.973896e-04 -4.356049e-03 7.103958e+01 -4.972520e-04 9.999999e-01 3.258648e-05 -4.131674e+00 4.356093e-03 -3.042272e-05 9.999904e-01 4.750405e+01
9.995741e-01 -1.088458e-04 2.918228e-02 7.172172e+01 1.326645e-04 9.999997e-01 -8.142811e-04 -4.153487e+00 -2.918222e-02 8.178084e-04 9.995739e-01 4.739588e+01
9.999860e-01 4.647824e-04 -5.275550e-03 7.232219e+01 -4.646977e-04 9.999999e-01 1.717217e-05 -4.171709e+00 5.275591e-03 -1.472312e-05 9.999860e-01 4.725361e+01
9.995525e-01 -9.235660e-05 2.991371e-02 7.293859e+01 1.161086e-04 9.999997e-01 -7.922979e-04 -4.192889e+00 -2.991366e-02 7.954193e-04 9.995523e-01 4.720479e+01
9.998697e-01 3.175778e-04 -1.614103e-02 7.375486e+01 -3.118874e-04 9.999999e-01 3.550215e-04 -4.220444e+00 1.614117e-02 -3.499439e-04 9.998696e-01 4.714143e+01
9.994413e-01 -3.620557e-05 3.342321e-02 7.449768e+01 6.641682e-05 9.999996e-01 -9.028066e-04 -4.245254e+00 -3.342321e-02 9.045249e-04 9.994410e-01 4.706985e+01
9.998035e-01 2.541061e-04 -1.982369e-02 7.518399e+01 -2.455951e-04 9.999999e-01 4.317366e-04 -4.267475e+00 1.982383e-02 -4.267861e-04 9.998033e-01 4.696543e+01
9.994355e-01 -4.031089e-05 3.359658e-02 7.584277e+01 7.049360e-05 9.999996e-01 -8.972199e-04 -4.290118e+00 -3.359657e-02 8.990847e-04 9.994352e-01 4.691384e+01
9.999547e-01 3.945745e-04 -9.514327e-03 7.635935e+01 -3.935475e-04 9.999999e-01 1.097414e-04 -4.308884e+00 9.514413e-03 -1.059950e-04 9.999546e-01 4.690120e+01
9.995226e-01 -9.141646e-05 3.089764e-02 7.674445e+01 1.165726e-04 9.999997e-01 -8.123994e-04 -4.325210e+00 -3.089760e-02 8.156165e-04 9.995223e-01 4.695278e+01
9.999065e-01 3.264920e-04 -1.367056e-02 7.711096e+01 -3.236302e-04 9.999999e-01 2.114936e-04 -4.340662e+00 1.367068e-02 -2.070528e-04 9.999064e-01 4.698306e+01
9.994145e-01 -2.926060e-05 3.421458e-02 7.761736e+01 5.986865e-05 9.999996e-01 -8.935893e-04 -4.359290e+00 -3.421459e-02 8.951176e-04 9.994142e-01 4.697249e+01
9.998181e-01 2.604583e-04 -1.906854e-02 7.817258e+01 -2.535703e-04 9.999999e-01 3.635900e-04 -4.378790e+00 1.906868e-02 -3.586918e-04 9.998180e-01 4.692694e+01
9.994666e-01 -5.121196e-05 3.265654e-02 7.876675e+01 7.810650e-05 9.999997e-01 -8.223082e-04 -4.401292e+00 -3.265654e-02 8.244235e-04 9.994664e-01 4.694526e+01
9.996086e-01 1.674740e-04 -2.797573e-02 7.944755e+01 -1.493431e-04 9.999998e-01 6.501474e-04 -4.428434e+00 2.797589e-02 -6.457182e-04 9.996083e-01 4.701863e+01
9.994923e-01 -6.903383e-05 3.186166e-02 8.023582e+01 9.443224e-05 9.999997e-01 -7.956695e-04 -4.457309e+00 -3.186164e-02 7.982776e-04 9.994921e-01 4.702409e+01
9.998538e-01 2.996440e-04 -1.709467e-02 8.087477e+01 -2.942795e-04 9.999999e-01 3.162681e-04 -4.482346e+00 1.709481e-02 -3.111945e-04 9.998537e-01 4.708954e+01
9.997563e-01 -1.791030e-04 2.207385e-02 8.141753e+01 1.904875e-04 9.999998e-01 -5.136878e-04 -4.505701e+00 -2.207381e-02 5.177707e-04 9.997563e-01 4.719459e+01
9.997378e-01 2.849830e-04 -2.289438e-02 8.189741e+01 -2.747663e-04 9.999999e-01 4.493515e-04 -4.526525e+00 2.289456e-02 -4.429464e-04 9.997377e-01 4.728447e+01
9.999315e-01 -1.798023e-04 1.170568e-02 8.240269e+01 1.824598e-04 1.000000e+00 -2.260381e-04 -4.547208e+00 -1.170569e-02 2.281618e-04 9.999316e-01 4.734155e+01
9.997498e-01 2.284416e-04 -2.236737e-02 8.296244e+01 -2.181039e-04 9.999999e-01 4.645740e-04 -4.571145e+00 2.236752e-02 -4.595826e-04 9.997496e-01 4.745052e+01
9.999756e-01 -1.941994e-04 6.985806e-03 8.349791e+01 1.949939e-04 1.000000e+00 -1.131735e-04 -4.592792e+00 -6.985834e-03 1.145362e-04 9.999757e-01 4.751102e+01
9.997127e-01 2.303968e-04 -2.396673e-02 8.406740e+01 -2.184406e-04 9.999999e-01 5.014449e-04 -4.614629e+00 2.396689e-02 -4.960687e-04 9.997125e-01 4.754146e+01
9.999772e-01 -2.179738e-04 6.756995e-03 8.469481e+01 2.186082e-04 1.000000e+00 -9.326948e-05 -4.638401e+00 -6.757022e-03 9.474768e-05 9.999773e-01 4.757252e+01
9.994731e-01 3.651533e-04 -3.245557e-02 8.510543e+01 -3.428073e-04 9.999997e-01 6.940465e-04 -4.655896e+00 3.245586e-02 -6.825579e-04 9.994728e-01 4.765140e+01
9.999132e-01 -2.934784e-04 1.316914e-02 8.558928e+01 2.968428e-04 9.999999e-01 -2.535741e-04 -4.676445e+00 -1.316911e-02 2.574644e-04 9.999133e-01 4.774905e+01
9.995681e-01 3.314775e-04 -2.938607e-02 8.611166e+01 -3.130861e-04 9.999998e-01 6.304268e-04 -4.698473e+00 2.938631e-02 -6.209571e-04 9.995678e-01 4.784792e+01
9.998741e-01 -3.331397e-04 1.586511e-02 8.667810e+01 3.380699e-04 9.999999e-01 -3.081182e-04 -4.722936e+00 -1.586505e-02 3.134459e-04 9.998742e-01 4.798515e+01
9.996331e-01 3.417901e-04 -2.708517e-02 8.713271e+01 -3.263253e-04 9.999998e-01 5.753599e-04 -4.746205e+00 2.708540e-02 -5.663133e-04 9.996329e-01 4.821813e+01
9.997261e-01 -3.685060e-04 2.339886e-02 8.770547e+01 3.797877e-04 9.999998e-01 -4.777324e-04 -4.773081e+00 -2.339872e-02 4.864912e-04 9.997262e-01 4.842409e+01
9.994783e-01 3.494278e-04 -3.229499e-02 8.826465e+01 -3.271220e-04 9.999997e-01 6.959499e-04 -4.798649e+00 3.229527e-02 -6.850255e-04 9.994780e-01 4.860056e+01
9.997936e-01 -3.480582e-04 2.031478e-02 8.875438e+01 3.563749e-04 9.999999e-01 -4.057990e-04 -4.822047e+00 -2.031467e-02 4.129579e-04 9.997936e-01 4.878487e+01
9.994890e-01 3.406680e-04 -3.196190e-02 8.924883e+01 -3.188405e-04 9.999997e-01 6.879953e-04 -4.846052e+00 3.196216e-02 -6.774559e-04 9.994888e-01 4.899160e+01
9.997866e-01 -3.375366e-04 2.065579e-02 8.969587e+01 3.458748e-04 9.999999e-01 -4.001260e-04 -4.870304e+00 -2.065569e-02 4.071879e-04 9.997867e-01 4.927108e+01
9.996003e-01 3.071427e-04 -2.826862e-02 9.015674e+01 -2.909086e-04 9.999998e-01 5.783702e-04 -4.893567e+00 2.826882e-02 -5.699183e-04 9.996001e-01 4.948105e+01
9.998857e-01 -3.222229e-04 1.511343e-02 9.066518e+01 3.268631e-04 9.999999e-01 -3.045908e-04 -4.914193e+00 -1.511337e-02 3.094989e-04 9.998858e-01 4.952898e+01
9.994750e-01 3.464729e-04 -3.239676e-02 9.122186e+01 -3.239982e-04 9.999997e-01 6.989647e-04 -4.935835e+00 3.239702e-02 -6.881041e-04 9.994747e-01 4.956462e+01
9.998793e-01 -3.159225e-04 1.553235e-02 9.176164e+01 3.210327e-04 9.999999e-01 -3.265409e-04 -4.956679e+00 -1.553228e-02 3.314907e-04 9.998794e-01 4.959698e+01
