9.996113e-01 4.518138e-04 2.787572e-02 2.165375e-01 -4.285535e-04 9.999996e-01 -8.403986e-04 -2.196439e-02 -2.787609e-02 8.281253e-04 9.996111e-01 5.086097e-01
9.999936e-01 -5.037387e-05 -3.590130e-03 4.137751e-01 5.069144e-05 1.000000e+00 8.836290e-05 -4.189150e-02 3.590130e-03 -8.854399e-05 9.999935e-01 9.556021e-01
9.993725e-01 5.531470e-04 3.541623e-02 5.526495e-01 -5.155296e-04 9.999993e-01 -1.071275e-03 -5.998596e-02 -3.541680e-02 1.052345e-03 9.993722e-01 1.406612e+00
9.999910e-01 -6.936151e-05 -4.239531e-03 6.841848e-01 6.980562e-05 1.000000e+00 1.046031e-04 -7.795764e-02 4.239535e-03 -1.048979e-04 9.999909e-01 1.861562e+00
9.990877e-01 6.496608e-04 4.270029e-02 8.532569e-01 -5.948433e-04 9.999990e-01 -1.296466e-03 -9.480594e-02 -4.270110e-02 1.269883e-03 9.990872e-01 2.224239e+00
9.999975e-01 4.551352e-06 2.227442e-03 9.371434e-01 -4.375742e-06 1.000000e+00 -7.883149e-05 -1.085735e-01 -2.227422e-03 7.882144e-05 9.999974e-01 2.560250e+00
9.990662e-01 6.822340e-04 4.320040e-02 1.050889e+00 -6.263930e-04 9.999990e-01 -1.306127e-03 -1.226841e-01 -4.320127e-02 1.277847e-03 9.990657e-01 2.874815e+00
9.999925e-01 -8.757265e-05 -3.871744e-03 1.177219e+00 8.793882e-05 1.000000e+00 9.438665e-05 -1.394451e-01 3.871763e-03 -9.472677e-05 9.999924e-01 3.285412e+00
9.988714e-01 7.444235e-04 4.749008e-02 1.279968e+00 -6.778817e-04 9.999988e-01 -1.417264e-03 -1.558745e-01 -4.749110e-02 1.383472e-03 9.988708e-01 3.714417e+00
9.999765e-01 -1.099741e-04 -6.857816e-03 1.386561e+00 1.112958e-04 1.000000e+00 1.923302e-04 -1.744566e-01 6.857830e-03 -1.930895e-04 9.999764e-01 4.232168e+00
9.987441e-01 7.659016e-04 5.009653e-02 1.483095e+00 -6.911448e-04 9.999986e-01 -1.509564e-03 -1.908568e-01 -5.009765e-02 1.473045e-03 9.987433e-01 4.669784e+00
9.999440e-01 -1.345909e-04 -1.058218e-02 1.689171e+00 1.377564e-04 9.999999e-01 2.983862e-04 -2.102531e-01 1.058218e-02 -2.998281e-04 9.999439e-01 5.095172e+00
9.990072e-01 7.015356e-04 4.454430e-02 1.930377e+00 -6.424883e-04 9.999989e-01 -1.339895e-03 -2.315436e-01 -4.454524e-02 1.309946e-03 9.990066e-01 5.554906e+00
9.999985e-01 -2.237992e-05 -1.755250e-03 2.092385e+00 2.245213e-05 1.000000e+00 4.096098e-05 -2.492350e-01 1.755300e-03 -4.100128e-05 9.999984e-01 5.963567e+00
9.993746e-01 5.825377e-04 3.535611e-02 2.351449e+00 -5.467512e-04 9.999993e-01 -1.021839e-03 -2.734008e-01 -3.535673e-02 1.001870e-03 9.993743e-01 6.509445e+00
9.999442e-01 -1.438356e-04 -1.056361e-02 2.569151e+00 1.470795e-04 9.999999e-01 3.062725e-04 -2.979648e-01 1.056362e-02 -3.078102e-04 9.999441e-01 7.122623e+00
9.991171e-01 6.752234e-04 4.200804e-02 2.752352e+00 -6.234561e-04 9.999990e-01 -1.245413e-03 -3.207421e-01 -4.200890e-02 1.218125e-03 9.991166e-01 7.710884e+00
9.999948e-01 -4.215124e-05 -3.235978e-03 2.929135e+00 4.241953e-05 1.000000e+00 8.270663e-05 -3.411401e-01 3.236035e-03 -8.284468e-05 9.999947e-01 8.213717e+00
9.994398e-01 5.405321e-04 3.346454e-02 3.090306e+00 -5.086427e-04 9.999994e-01 -9.614477e-04 -3.641542e-01 -3.346511e-02 9.438888e-04 9.994395e-01 8.833659e+00
9.999933e-01 1.552366e-05 3.658459e-03 3.205672e+00 -1.490371e-05 1.000000e+00 -1.693416e-04 -3.819572e-01 -3.658395e-03 1.692846e-04 9.999932e-01 9.302163e+00
9.991879e-01 6.205671e-04 4.028863e-02 3.375170e+00 -5.732654e-04 9.999991e-01 -1.185626e-03 -3.942858e-01 -4.028940e-02 1.161569e-03 9.991875e-01 9.458974e+00
9.999210e-01 -1.636927e-04 -1.256696e-02 3.986262e+00 1.681064e-04 9.999999e-01 3.500994e-04 -4.217293e-01 1.256698e-02 -3.521858e-04 9.999209e-01 9.669344e+00
9.995732e-01 4.494834e-04 2.921075e-02 4.685369e+00 -4.245701e-04 9.999995e-01 -8.590983e-04 -4.513595e-01 -2.921119e-02 8.463311e-04 9.995730e-01 9.846524e+00
9.998847e-01 -1.968963e-04 -1.518111e-02 5.480895e+00 2.036012e-04 9.999999e-01 4.400700e-04 -4.846480e-01 1.518109e-02 -4.431117e-04 9.998846e-01 1.004337e+01
9.996318e-01 4.192129e-04 2.713065e-02 6.192148e+00 -3.972156e-04 9.999996e-01 -8.161982e-04 -5.141409e-01 -2.713106e-02 8.051225e-04 9.996316e-01 1.019750e+01
9.998119e-01 -2.465789e-04 -1.939483e-02 6.873297e+00 2.574353e-04 9.999998e-01 5.572282e-04 -5.432140e-01 1.939476e-02 -5.621179e-04 9.998117e-01 1.037258e+01
9.995704e-01 4.513004e-04 2.930583e-02 7.595581e+00 -4.258930e-04 9.999995e-01 -8.732324e-04 -5.741524e-01 -2.930628e-02 8.603777e-04 9.995702e-01 1.057062e+01
9.999303e-01 -1.449624e-04 -1.180635e-02 8.321387e+00 1.489272e-04 9.999999e-01 3.348788e-04 -6.040197e-01 1.180637e-02 -3.366153e-04 9.999302e-01 1.072321e+01
9.995977e-01 4.463264e-04 2.835978e-02 8.941230e+00 -4.226837e-04 9.999996e-01 -8.396879e-04 -6.326844e-01 -2.836022e-02 8.273645e-04 9.995975e-01 1.097003e+01
9.998593e-01 -2.121419e-04 -1.677451e-02 9.595349e+00 2.205141e-04 9.999999e-01 4.972053e-04 -6.638868e-01 1.677448e-02 -5.008359e-04 9.998591e-01 1.127321e+01
9.997561e-01 3.506866e-04 2.208107e-02 1.041206e+01 -3.364749e-04 9.999997e-01 -6.473638e-04 -6.988562e-01 -2.208137e-02 6.397779e-04 9.997561e-01 1.150794e+01
9.999334e-01 -1.472935e-04 -1.154243e-02 1.107256e+01 1.512008e-04 9.999999e-01 3.375730e-04 -7.301934e-01 1.154246e-02 -3.392974e-04 9.999332e-01 1.181095e+01
9.996554e-01 4.168593e-04 2.624738e-02 1.151021e+01 -3.969325e-04 9.999996e-01 -7.644281e-04 -7.574436e-01 -2.624777e-02 7.537479e-04 9.996553e-01 1.224548e+01
9.998667e-01 -1.988740e-04 -1.632416e-02 1.191145e+01 2.067608e-04 9.999999e-01 4.813959e-04 -7.844397e-01 1.632414e-02 -4.847086e-04 9.998666e-01 1.272132e+01
9.996359e-01 4.083965e-04 2.697977e-02 1.244658e+01 -3.869702e-04 9.999996e-01 -7.994106e-04 -8.135433e-01 -2.698017e-02 7.886808e-04 9.996357e-01 1.309688e+01
9.997725e-01 -2.573786e-04 -2.132814e-02 1.289959e+01 2.706626e-04 9.999998e-01 6.199105e-04 -8.401880e-01 2.132805e-02 -6.255439e-04 9.997723e-01 1.347286e+01
9.996099e-01 4.271320e-04 2.792724e-02 1.324167e+01 -4.043713e-04 9.999996e-01 -8.206741e-04 -8.655297e-01 -2.792766e-02 8.090627e-04 9.996097e-01 1.394665e+01
9.998035e-01 -2.504463e-04 -1.981933e-02 1.360161e+01 2.615035e-04 9.999998e-01 5.552651e-04 -8.893918e-01 1.981927e-02 -5.603405e-04 9.998033e-01 1.433573e+01
9.996016e-01 4.392836e-04 2.822173e-02 1.390563e+01 -4.163181e-04 9.999996e-01 -8.196549e-04 -9.129468e-01 -2.822216e-02 8.075809e-04 9.996014e-01 1.478997e+01
9.997461e-01 -2.791953e-04 -2.252841e-02 1.428980e+01 2.936663e-04 9.999998e-01 6.389962e-04 -9.386872e-01 2.252831e-02 -6.454515e-04 9.997459e-01 1.522229e+01
9.995682e-01 4.631703e-04 2.938253e-02 1.467326e+01 -4.383441e-04 9.999995e-01 -8.513975e-04 -9.637441e-01 -2.938300e-02 8.381518e-04 9.995680e-01 1.563672e+01
9.996545e-01 -3.005318e-04 -2.628241e-02 1.478514e+01 3.202434e-04 9.999997e-01 7.457457e-04 -9.839770e-01 2.628227e-02 -7.539066e-04 9.996542e-01 1.621248e+01
9.996637e-01 3.161176e-04 2.593299e-02 1.478006e+01 -2.950482e-04 9.999996e-01 -8.163142e-04 -9.953655e-01 -2.593332e-02 8.083899e-04 9.996634e-01 1.653740e+01
9.996336e-01 -3.355700e-04 -2.706447e-02 1.508476e+01 3.558459e-04 9.999997e-01 7.443170e-04 -1.011790e+00 2.706430e-02 -7.536768e-04 9.996333e-01 1.668806e+01
9.996655e-01 3.055177e-04 2.586057e-02 1.506708e+01 -2.838449e-04 9.999996e-01 -8.417665e-04 -1.018792e+00 -2.586090e-02 8.341463e-04 9.996653e-01 1.682842e+01
9.996601e-01 -2.735832e-04 -2.606875e-02 1.521104e+01 2.938295e-04 9.999997e-01 7.727815e-04 -1.034350e+00 2.606861e-02 -7.801804e-04 9.996598e-01 1.714911e+01
9.994988e-01 4.265260e-04 3.165372e-02 1.554944e+01 -3.953192e-04 9.999994e-01 -9.921613e-04 -1.054394e+00 -3.165421e-02 9.791525e-04 9.994985e-01 1.741607e+01
9.995529e-01 -3.343390e-04 -2.989823e-02 1.600043e+01 3.609902e-04 9.999995e-01 8.859699e-04 -1.077458e+00 2.989800e-02 -8.963685e-04 9.995525e-01 1.764761e+01
9.991429e-01 5.714479e-04 4.139059e-02 1.658013e+01 -5.190737e-04 9.999991e-01 -1.276122e-03 -1.103695e+00 -4.139137e-02 1.253545e-03 9.991423e-01 1.784621e+01
9.995631e-01 -3.312426e-04 -2.955492e-02 1.711922e+01 3.567368e-04 9.999996e-01 8.573002e-04 -1.126626e+00 2.955471e-02 -8.674708e-04 9.995627e-01 1.796400e+01
9.991672e-01 5.560201e-04 4.079889e-02 1.756145e+01 -5.053883e-04 9.999991e-01 -1.251336e-03 -1.148640e+00 -4.079964e-02 1.229676e-03 9.991667e-01 1.817674e+01
9.995809e-01 -2.999021e-04 -2.894584e-02 1.794408e+01 3.253448e-04 9.999996e-01 8.742326e-04 -1.173031e+00 2.894565e-02 -8.832855e-04 9.995805e-01 1.856773e+01
9.995573e-01 4.072377e-04 2.974887e-02 1.818516e+01 -3.805406e-04 9.999995e-01 -9.031042e-04 -1.195893e+00 -2.974931e-02 8.913855e-04 9.995571e-01 1.907477e+01
9.997223e-01 -2.473382e-04 -2.356080e-02 1.846724e+01 2.635928e-04 9.999997e-01 6.867489e-04 -1.217960e+00 2.356072e-02 -6.927706e-04 9.997221e-01 1.949854e+01
9.995359e-01 4.302412e-04 3.045903e-02 1.889831e+01 -4.018992e-04 9.999995e-01 -9.366479e-04 -1.240669e+00 -3.045950e-02 9.239736e-04 9.995357e-01 1.974771e+01
9.995298e-01 -3.861966e-04 -3.065974e-02 1.933015e+01 4.133542e-04 9.999995e-01 8.794037e-04 -1.262923e+00 3.065948e-02 -8.916654e-04 9.995294e-01 1.995944e+01
9.995065e-01 4.748002e-04 3.140918e-02 1.969651e+01 -4.464325e-04 9.999995e-01 -9.102044e-04 -1.287629e+00 -3.140968e-02 8.957350e-04 9.995063e-01 2.037517e+01
9.996451e-01 -2.930509e-04 -2.663712e-02 1.993393e+01 3.138474e-04 9.999996e-01 7.765122e-04 -1.311738e+00 2.663697e-02 -7.845984e-04 9.996448e-01 2.094907e+01
9.995139e-01 4.500852e-04 3.117345e-02 2.034703e+01 -4.219377e-04 9.999995e-01 -9.095354e-04 -1.338832e+00 -3.117394e-02 8.959419e-04 9.995136e-01 2.140229e+01
9.996148e-01 -2.743896e-04 -2.775258e-02 2.065409e+01 2.985232e-04 9.999996e-01 8.654180e-04 -1.368374e+00 2.775242e-02 -8.733712e-04 9.996144e-01 2.210742e+01
9.995786e-01 4.068492e-04 2.902611e-02 2.093694e+01 -3.825148e-04 9.999996e-01 -8.439450e-04 -1.396835e+00 -2.902653e-02 8.324882e-04 9.995784e-01 2.279848e+01
9.995544e-01 -3.426269e-04 -2.984745e-02 2.123422e+01 3.705778e-04 9.999995e-01 9.308923e-04 -1.426289e+00 2.984721e-02 -9.415401e-04 9.995540e-01 2.351198e+01
9.995723e-01 4.190900e-04 2.924216e-02 2.143823e+01 -3.942988e-04 9.999996e-01 -8.535855e-04 -1.453808e+00 -2.924259e-02 8.416921e-04 9.995721e-01 2.426660e+01
9.996714e-01 -2.692051e-04 -2.563321e-02 2.180884e+01 2.886762e-04 9.999997e-01 7.558639e-04 -1.481017e+00 2.563309e-02 -7.630170e-04 9.996711e-01 2.478552e+01
9.992555e-01 5.524884e-04 3.857646e-02 2.216049e+01 -5.087028e-04 9.999992e-01 -1.144869e-03 -1.507149e+00 -3.857715e-02 1.124394e-03 9.992551e-01 2.528902e+01
9.996684e-01 -2.424643e-04 -2.574873e-02 2.249622e+01 2.630953e-04 9.999996e-01 7.978109e-04 -1.535269e+00 2.574862e-02 -8.043225e-04 9.996681e-01 2.589353e+01
9.996311e-01 3.514175e-04 2.715964e-02 2.299421e+01 -3.302507e-04 9.999996e-01 -7.838671e-04 -1.567384e+00 -2.715999e-02 7.746102e-04 9.996309e-01 2.644055e+01
9.997009e-01 -2.241800e-04 -2.445533e-02 2.354964e+01 2.428291e-04 9.999997e-01 7.595613e-04 -1.601368e+00 2.445524e-02 -7.652744e-04 9.997006e-01 2.699147e+01
9.996189e-01 3.497473e-04 2.760478e-02 2.430382e+01 -3.284411e-04 9.999996e-01 -7.764012e-04 -1.639683e+00 -2.760513e-02 7.670406e-04 9.996187e-01 2.744897e+01
9.996429e-01 -2.462155e-04 -2.671887e-02 2.481263e+01 2.690421e-04 9.999996e-01 8.506878e-04 -1.675440e+00 2.671874e-02 -8.575744e-04 9.996426e-01 2.813854e+01
9.995404e-01 4.109144e-04 3.031268e-02 2.522875e+01 -3.831360e-04 9.999995e-01 -9.222329e-04 -1.705814e+00 -3.031313e-02 9.101970e-04 9.995401e-01 2.872274e+01
9.998930e-01 -1.334587e-04 -1.462760e-02 2.574739e+01 1.403908e-04 9.999999e-01 4.727994e-04 -1.735706e+00 1.462763e-02 -4.748042e-04 9.998928e-01 2.914968e+01
9.997479e-01 2.967246e-04 2.245337e-02 2.653318e+01 -2.811752e-04 9.999997e-01 -6.957247e-04 -1.770718e+00 -2.245366e-02 6.892377e-04 9.997477e-01 2.941751e+01
9.998922e-01 -1.143724e-04 -1.467958e-02 2.722657e+01 1.217246e-04 9.999999e-01 4.998670e-04 -1.805256e+00 1.467961e-02 -5.016018e-04 9.998921e-01 2.979565e+01
9.997693e-01 3.076640e-04 2.147844e-02 2.760941e+01 -2.937883e-04 9.999997e-01 -6.492348e-04 -1.835920e+00 -2.147872e-02 6.427767e-04 9.997692e-01 3.043645e+01
9.998047e-01 -1.933159e-04 -1.976060e-02 2.811463e+01 2.062226e-04 9.999998e-01 6.510522e-04 -1.867937e+00 1.976056e-02 -6.550019e-04 9.998045e-01 3.096485e+01
9.997188e-01 3.428328e-04 2.371254e-02 2.854618e+01 -3.249580e-04 9.999997e-01 -7.577107e-04 -1.895695e+00 -2.371289e-02 7.497938e-04 9.997186e-01 3.141534e+01
9.998249e-01 -1.781980e-04 -1.870862e-02 2.887455e+01 1.899701e-04 9.999998e-01 6.273915e-04 -1.922451e+00 1.870859e-02 -6.308375e-04 9.998247e-01 3.196564e+01
9.997915e-01 3.244465e-04 2.041746e-02 2.893441e+01 -3.118438e-04 9.999998e-01 -6.204900e-04 -1.946310e+00 -2.041775e-02 6.139953e-04 9.997914e-01 3.275325e+01
9.998197e-01 -1.798056e-04 -1.898654e-02 2.903340e+01 1.922875e-04 9.999998e-01 6.555182e-04 -1.972633e+00 1.898651e-02 -6.590527e-04 9.998195e-01 3.359106e+01
9.997940e-01 3.270227e-04 2.029450e-02 2.910375e+01 -3.148798e-04 9.999998e-01 -6.015875e-04 -1.999355e+00 -2.029478e-02 5.950750e-04 9.997939e-01 3.448566e+01
9.998225e-01 -1.986574e-04 -1.883748e-02 2.934701e+01 2.100450e-04 9.999998e-01 6.024731e-04 -2.026260e+00 1.883745e-02 -6.063246e-04 9.998223e-01 3.516258e+01
9.998762e-01 1.722995e-04 1.573574e-02 2.995888e+01 -1.644899e-04 9.999999e-01 -4.976660e-04 -2.056266e+00 -1.573591e-02 4.950178e-04 9.998761e-01 3.545486e+01
9.998459e-01 -1.568151e-04 -1.755056e-02 3.048990e+01 1.670835e-04 9.999998e-01 5.835406e-04 -2.086149e+00 1.755056e-02 -5.863849e-04 9.998457e-01 3.585481e+01
9.998566e-01 1.676309e-04 1.693345e-02 3.133721e+01 -1.591122e-04 9.999999e-01 -5.044847e-04 -2.124426e+00 -1.693362e-02 5.017198e-04 9.998566e-01 3.617474e+01
9.999174e-01 -6.184822e-05 -1.284883e-02 3.219306e+01 6.776415e-05 9.999999e-01 4.598967e-04 -2.164632e+00 1.284890e-02 -4.607312e-04 9.999173e-01 3.657140e+01
9.998572e-01 1.814422e-04 1.690163e-02 3.292968e+01 -1.727800e-04 9.999999e-01 -5.140351e-04 -2.201356e+00 -1.690182e-02 5.110432e-04 9.998571e-01 3.698476e+01
9.998708e-01 -1.441753e-04 -1.607038e-02 3.372387e+01 1.528323e-04 9.999998e-01 5.373866e-04 -2.237962e+00 1.607039e-02 -5.397750e-04 9.998706e-01 3.731202e+01
9.998172e-01 2.491612e-04 1.911748e-02 3.445696e+01 -2.384230e-04 9.999998e-01 -5.640320e-04 -2.274359e+00 -1.911771e-02 5.593726e-04 9.998172e-01 3.771693e+01
9.998628e-01 -1.224687e-04 -1.656185e-02 3.492920e+01 1.315920e-04 9.999998e-01 5.497015e-04 -2.306399e+00 1.656187e-02 -5.518072e-04 9.998626e-01 3.829704e+01
9.997559e-01 3.017269e-04 2.209116e-02 3.543348e+01 -2.871873e-04 9.999997e-01 -6.613829e-04 -2.338333e+00 -2.209145e-02 6.548789e-04 9.997558e-01 3.883252e+01
9.997890e-01 -1.883560e-04 -2.054097e-02 3.582431e+01 2.018752e-04 9.999998e-01 6.560277e-04 -2.367110e+00 2.054093e-02 -6.600377e-04 9.997887e-01 3.938463e+01
9.997940e-01 2.598837e-04 2.029445e-02 3.612129e+01 -2.473751e-04 9.999998e-01 -6.189178e-04 -2.393283e+00 -2.029470e-02 6.137717e-04 9.997939e-01 3.995044e+01
9.997822e-01 -1.891716e-04 -2.086959e-02 3.635910e+01 2.024045e-04 9.999998e-01 6.319052e-04 -2.415841e+00 2.086956e-02 -6.359933e-04 9.997819e-01 4.044527e+01
9.997628e-01 2.775394e-04 2.178034e-02 3.675752e+01 -2.637613e-04 9.999998e-01 -6.355114e-04 -2.443358e+00 -2.178061e-02 6.296175e-04 9.997626e-01 4.093392e+01
9.998282e-01 -1.350552e-04 -1.853089e-02 3.715639e+01 1.454954e-04 9.999998e-01 5.619795e-04 -2.471630e+00 1.853090e-02 -5.645808e-04 9.998281e-01 4.145663e+01
9.997658e-01 2.534973e-04 2.163905e-02 3.745697e+01 -2.393892e-04 9.999998e-01 -6.546145e-04 -2.495484e+00 -2.163930e-02 6.492827e-04 9.997657e-01 4.192392e+01
9.999459e-01 -4.930082e-05 -1.040033e-02 3.759997e+01 5.236541e-05 1.000000e+00 2.942736e-04 -2.513421e+00 1.040041e-02 -2.948040e-04 9.999458e-01 4.235856e+01
9.998752e-01 1.915380e-04 1.579771e-02 3.761842e+01 -1.842322e-04 9.999999e-01 -4.639871e-04 -2.530786e+00 -1.579789e-02 4.610204e-04 9.998752e-01 4.292500e+01
9.999192e-01 -7.167491e-05 -1.270885e-02 3.782977e+01 7.631119e-05 9.999999e-01 3.642261e-04 -2.552545e+00 1.270892e-02 -3.651682e-04 9.999191e-01 4.342793e+01
9.997868e-01 2.785607e-04 2.064879e-02 3.797075e+01 -2.668719e-04 9.999998e-01 -5.688844e-04 -2.576270e+00 -2.064904e-02 5.632542e-04 9.997867e-01 4.410892e+01
9.999192e-01 -7.587173e-05 -1.271219e-02 3.815994e+01 8.039994e-05 9.999999e-01 3.556004e-04 -2.600441e+00 1.271226e-02 -3.565954e-04 9.999191e-01 4.474736e+01
9.997220e-01 3.003764e-04 2.357658e-02 3.835135e+01 -2.847105e-04 9.999997e-01 -6.678720e-04 -2.623460e+00 -2.357687e-02 6.609755e-04 9.997219e-01 4.533512e+01
9.998758e-01 -9.564839e-05 -1.575985e-02 3.864047e+01 1.028557e-04 9.999999e-01 4.564324e-04 -2.649728e+00 1.575990e-02 -4.579984e-04 9.998756e-01 4.592746e+01
9.997231e-01 3.048218e-04 2.352965e-02 3.904143e+01 -2.897878e-04 9.999998e-01 -6.423960e-04 -2.679808e+00 -2.352993e-02 6.354013e-04 9.997230e-01 4.652831e+01
9.998729e-01 -9.752540e-05 -1.594026e-02 3.931813e+01 1.046787e-04 9.999999e-01 4.478378e-04 -2.706158e+00 1.594031e-02 -4.494512e-04 9.998728e-01 4.714668e+01
9.998183e-01 2.316449e-04 1.906352e-02 3.964310e+01 -2.215125e-04 9.999998e-01 -5.336825e-04 -2.731296e+00 -1.906374e-02 5.293644e-04 9.998182e-01 4.763866e+01
9.999293e-01 -8.687334e-05 -1.188575e-02 4.019661e+01 9.054260e-05 9.999999e-01 3.080638e-04 -2.759286e+00 1.188581e-02 -3.091199e-04 9.999292e-01 4.793876e+01
9.996402e-01 3.428951e-04 2.682033e-02 4.068609e+01 -3.225316e-04 9.999997e-01 -7.636253e-04 -2.785381e+00 -2.682068e-02 7.547018e-04 9.996400e-01 4.825988e+01
9.999938e-01 4.586994e-05 -3.520480e-03 4.090599e+01 -4.570148e-05 1.000000e+00 4.754588e-05 -2.805928e+00 3.520579e-03 -4.738641e-05 9.999937e-01 4.871609e+01
9.998682e-01 1.973328e-04 1.623370e-02 4.138976e+01 -1.905078e-04 9.999999e-01 -4.220497e-04 -2.832921e+00 -1.623387e-02 4.189032e-04 9.998682e-01 4.907841e+01
9.999377e-01 -4.857361e-05 -1.115438e-02 4.196231e+01 5.198981e-05 1.000000e+00 3.058504e-04 -2.865034e+00 1.115446e-02 -3.064130e-04 9.999377e-01 4.952665e+01
9.998070e-01 2.259158e-04 1.964637e-02 4.253521e+01 -2.151903e-04 9.999998e-01 -5.481099e-04 -2.895118e+00 -1.964659e-02 5.437782e-04 9.998069e-01 4.989306e+01
9.999585e-01 9.861707e-06 -9.108418e-03 4.293317e+01 -7.376455e-06 1.000000e+00 2.727298e-04 -2.924235e+00 9.108518e-03 -2.726531e-04 9.999584e-01 5.046003e+01
9.998600e-01 1.782810e-04 1.673283e-02 4.334007e+01 -1.703954e-04 9.999999e-01 -4.727754e-04 -2.952790e+00 -1.673301e-02 4.698598e-04 9.998599e-01 5.098547e+01
9.999664e-01 1.641027e-05 -8.191899e-03 4.366298e+01 -1.445305e-05 1.000000e+00 2.388045e-04 -2.979157e+00 8.192000e-03 -2.386798e-04 9.999664e-01 5.153478e+01
9.998587e-01 1.699511e-04 1.681056e-02 4.396439e+01 -1.616505e-04 9.999999e-01 -4.952124e-04 -3.003087e+00 -1.681074e-02 4.924267e-04 9.998586e-01 5.201519e+01
9.998803e-01 -7.768403e-05 -1.546696e-02 4.423177e+01 8.451281e-05 9.999999e-01 4.407597e-04 -3.025225e+00 1.546702e-02 -4.420159e-04 9.998802e-01 5.245567e+01
9.998742e-01 1.515513e-04 1.586282e-02 4.448794e+01 -1.440441e-04 9.999999e-01 -4.744833e-04 -3.046446e+00 -1.586299e-02 4.721403e-04 9.998741e-01 5.287020e+01
9.998396e-01 -1.169478e-04 -1.791013e-02 4.480964e+01 1.255664e-04 9.999999e-01 4.800073e-04 -3.066512e+00 1.791016e-02 -4.821809e-04 9.998394e-01 5.313902e+01
9.997347e-01 2.498565e-04 2.303548e-02 4.510255e+01 -2.346570e-04 9.999998e-01 -6.625890e-04 -3.087468e+00 -2.303574e-02 6.570094e-04 9.997345e-01 5.350004e+01
9.998612e-01 -1.021662e-04 -1.665639e-02 4.544280e+01 1.094924e-04 9.999999e-01 4.388418e-04 -3.109865e+00 1.665644e-02 -4.406064e-04 9.998611e-01 5.385894e+01
9.997575e-01 2.297176e-04 2.202011e-02 4.594748e+01 -2.160604e-04 9.999998e-01 -6.226577e-04 -3.135545e+00 -2.202034e-02 6.177508e-04 9.997574e-01 5.412269e+01
9.997305e-01 -1.810395e-04 -2.321080e-02 4.635268e+01 1.962223e-04 9.999998e-01 6.517860e-04 -3.160715e+00 2.321078e-02 -6.561666e-04 9.997303e-01 5.449615e+01
9.997302e-01 2.384583e-04 2.322834e-02 4.693280e+01 -2.236381e-04 9.999998e-01 -6.406824e-04 -3.190342e+00 -2.322858e-02 6.353165e-04 9.997300e-01 5.481763e+01
9.997220e-01 -2.249552e-04 -2.357377e-02 4.781974e+01 2.413501e-04 9.999997e-01 6.925625e-04 -3.228298e+00 2.357370e-02 -6.980612e-04 9.997218e-01 5.507028e+01
9.997040e-01 2.665511e-04 2.433043e-02 4.870152e+01 -2.499544e-04 9.999997e-01 -6.852349e-04 -3.265815e+00 -2.433071e-02 6.789522e-04 9.997038e-01 5.531048e+01
9.997246e-01 -2.394610e-04 -2.346577e-02 4.971027e+01 2.555613e-04 9.999997e-01 6.830599e-04 -3.303453e+00 2.346570e-02 -6.888705e-04 9.997243e-01 5.537631e+01
9.997179e-01 2.354316e-04 2.375198e-02 5.071835e+01 -2.191195e-04 9.999997e-01 -6.894273e-04 -3.339059e+00 -2.375224e-02 6.840299e-04 9.997177e-01 5.535909e+01
9.997508e-01 -1.801218e-04 -2.231999e-02 5.164467e+01 1.948888e-04 9.999998e-01 6.593639e-04 -3.375883e+00 2.231996e-02 -6.635513e-04 9.997506e-01 5.550413e+01
9.997367e-01 2.004944e-04 2.294896e-02 5.265694e+01 -1.854288e-04 9.999998e-01 -6.586672e-04 -3.413192e+00 -2.294918e-02 6.542400e-04 9.997365e-01 5.555306e+01
9.997542e-01 -1.628321e-04 -2.216668e-02 5.353358e+01 1.769731e-04 9.999998e-01 6.359109e-04 -3.447537e+00 2.216667e-02 -6.396792e-04 9.997540e-01 5.566449e+01
9.996900e-01 2.463270e-04 2.489976e-02 5.434567e+01 -2.283577e-04 9.999997e-01 -7.245612e-04 -3.480663e+00 -2.490003e-02 7.186522e-04 9.996897e-01 5.581101e+01
9.997056e-01 -2.011846e-04 -2.426215e-02 5.520637e+01 2.185140e-04 9.999997e-01 7.115437e-04 -3.515463e+00 2.426210e-02 -7.166375e-04 9.997053e-01 5.596037e+01
9.997126e-01 2.160941e-04 2.397377e-02 5.606253e+01 -1.990299e-04 9.999997e-01 -7.142267e-04 -3.547786e+00 -2.397402e-02 7.092516e-04 9.997124e-01 5.601048e+01
9.998301e-01 -9.418872e-05 -1.843156e-02 5.664261e+01 1.036586e-04 9.999999e-01 5.127494e-04 -3.573913e+00 1.843161e-02 -5.145746e-04 9.998299e-01 5.619132e+01
9.997003e-01 2.241031e-04 2.448273e-02 5.715809e+01 -2.062554e-04 9.999997e-01 -7.315723e-04 -3.597980e+00 -2.448299e-02 7.263050e-04 9.997000e-01 5.637945e+01
9.997374e-01 -1.565184e-04 -2.291250e-02 5.788789e+01 1.717938e-04 9.999998e-01 6.646532e-04 -3.628565e+00 2.291249e-02 -6.684166e-04 9.997372e-01 5.653452e+01
9.995440e-01 3.169468e-04 3.019643e-02 5.849419e+01 -2.902316e-04 9.999996e-01 -8.891373e-04 -3.658008e+00 -3.019680e-02 8.799696e-04 9.995436e-01 5.681442e+01
9.997307e-01 -1.454727e-04 -2.320187e-02 5.953689e+01 1.639982e-04 9.999997e-01 7.964816e-04 -3.704762e+00 2.320184e-02 -8.000740e-04 9.997304e-01 5.723060e+01
9.997200e-01 1.493158e-04 2.366332e-02 6.052581e+01 -1.331969e-04 9.999998e-01 -6.828126e-04 -3.748584e+00 -2.366351e-02 6.794712e-04 9.997198e-01 5.760197e+01
9.996878e-01 -1.229812e-04 -2.498327e-02 6.077585e+01 1.412700e-04 9.999997e-01 7.302156e-04 -3.772560e+00 2.498327e-02 -7.335187e-04 9.996875e-01 5.814104e+01
9.993938e-01 3.240334e-04 3.481463e-02 6.117050e+01 -2.882500e-04 9.999994e-01 -1.032881e-03 -3.797952e+00 -3.481504e-02 1.022221e-03 9.993933e-01 5.854690e+01
9.997867e-01 -7.404667e-05 -2.065091e-02 6.182546e+01 8.678545e-05 9.999998e-01 6.158917e-04 -3.829134e+00 2.065096e-02 -6.175542e-04 9.997865e-01 5.884443e+01
9.996386e-01 2.588006e-04 2.688403e-02 6.225813e+01 -2.386299e-04 9.999997e-01 -7.535461e-04 -3.858717e+00 -2.688431e-02 7.468601e-04 9.996383e-01 5.937116e+01
9.996748e-01 -1.308512e-04 -2.550029e-02 6.252172e+01 1.498826e-04 9.999997e-01 7.443479e-04 -3.885172e+00 2.550028e-02 -7.479295e-04 9.996745e-01 5.999334e+01
9.995006e-01 2.692197e-04 3.159966e-02 6.298100e+01 -2.387859e-04 9.999995e-01 -9.669223e-04 -3.908506e+00 -3.160000e-02 9.588955e-04 9.995002e-01 6.022307e+01
9.999138e-01 3.787159e-05 -1.312892e-02 6.342298e+01 -3.256133e-05 9.999999e-01 4.045629e-04 -3.933440e+00 1.312903e-02 -4.041022e-04 9.999137e-01 6.055801e+01
9.997031e-01 2.069914e-04 2.436808e-02 6.383851e+01 -1.899223e-04 9.999997e-01 -7.028461e-04 -3.962141e+00 -2.436832e-02 6.980110e-04 9.997029e-01 6.107569e+01
9.999514e-01 5.038074e-05 -9.856095e-03 6.445918e+01 -4.758421e-05 1.000000e+00 2.838059e-04 -3.993938e+00 9.856208e-03 -2.833248e-04 9.999513e-01 6.144554e+01
9.995178e-01 3.117841e-04 3.105125e-02 6.511533e+01 -2.842140e-04 9.999996e-01 -8.923488e-04 -4.024995e+00 -3.105161e-02 8.830949e-04 9.995174e-01 6.174372e+01
9.998132e-01 -7.566358e-05 -1.932703e-02 6.559154e+01 8.639069e-05 9.999998e-01 5.541098e-04 -4.053626e+00 1.932709e-02 -5.556776e-04 9.998130e-01 6.217124e+01
9.993624e-01 4.014088e-04 3.570248e-02 6.608602e+01 -3.664181e-04 9.999994e-01 -9.866434e-04 -4.086166e+00 -3.570296e-02 9.729339e-04 9.993620e-01 6.274369e+01
9.996689e-01 -1.455249e-04 -2.572949e-02 6.660711e+01 1.647300e-04 9.999997e-01 7.442359e-04 -4.119964e+00 2.572948e-02 -7.482295e-04 9.996686e-01 6.333318e+01
9.996179e-01 2.203705e-04 2.764163e-02 6.744874e+01 -1.991239e-04 9.999997e-01 -7.714566e-04 -4.156462e+00 -2.764189e-02 7.656593e-04 9.996176e-01 6.358355e+01
9.997156e-01 -1.145294e-04 -2.384691e-02 6.819079e+01 1.304045e-04 9.999998e-01 6.640848e-04 -4.189954e+00 2.384693e-02 -6.670073e-04 9.997154e-01 6.384860e+01
9.995341e-01 2.902103e-04 3.052133e-02 6.881148e+01 -2.644744e-04 9.999996e-01 -8.472967e-04 -4.221576e+00 -3.052166e-02 8.388315e-04 9.995338e-01 6.420591e+01
9.995288e-01 -2.224365e-04 -3.069391e-02 6.940206e+01 2.486468e-04 9.999996e-01 8.500539e-04 -4.250814e+00 3.069381e-02 -8.572869e-04 9.995284e-01 6.449104e+01
9.995691e-01 2.560872e-04 2.935236e-02 7.002348e+01 -2.320634e-04 9.999996e-01 -8.219231e-04 -4.280018e+00 -2.935266e-02 8.147590e-04 9.995688e-01 6.473099e+01
9.998082e-01 -5.010996e-05 -1.958267e-02 7.047680e+01 6.074739e-05 9.999999e-01 5.425231e-04 -4.308449e+00 1.958274e-02 -5.436103e-04 9.998080e-01 6.518263e+01
9.994398e-01 3.298444e-04 3.346624e-02 7.084439e+01 -2.989834e-04 9.999995e-01 -9.272014e-04 -4.336075e+00 -3.346663e-02 9.166778e-04 9.994395e-01 6.572426e+01
9.995993e-01 -1.666036e-04 -2.830248e-02 7.136257e+01 1.889368e-04 9.999997e-01 7.863526e-04 -4.365889e+00 2.830244e-02 -7.913866e-04 9.995990e-01 6.614095e+01
9.995671e-01 2.265307e-04 2.942132e-02 7.213766e+01 -2.024888e-04 9.999996e-01 -8.201929e-04 -4.398564e+00 -2.942159e-02 8.138819e-04 9.995668e-01 6.631496e+01
9.996387e-01 -1.585236e-04 -2.687532e-02 7.316264e+01 1.791921e-04 9.999997e-01 7.665786e-04 -4.437382e+00 2.687529e-02 -7.711191e-04 9.996384e-01 6.641098e+01
9.995027e-01 2.948450e-04 3.153234e-02 7.413529e+01 -2.672690e-04 9.999996e-01 -8.787965e-04 -4.476243e+00 -3.153269e-02 8.699335e-04 9.995024e-01 6.658453e+01
9.995431e-01 -2.225090e-04 -3.022279e-02 7.493420e+01 2.487189e-04 9.999996e-01 8.634095e-04 -4.511869e+00 3.022269e-02 -8.705337e-04 9.995428e-01 6.685656e+01
9.994823e-01 3.005511e-04 3.217391e-02 7.588795e+01 -2.715445e-04 9.999996e-01 -9.059744e-04 -4.547915e+00 -3.217427e-02 8.967703e-04 9.994819e-01 6.693106e+01
9.995104e-01 -2.546510e-04 -3.128672e-02 7.675559e+01 2.827998e-04 9.999996e-01 8.952230e-04 -4.584269e+00 3.128658e-02 -9.036342e-04 9.995100e-01 6.713880e+01
9.994480e-01 3.532788e-04 3.322274e-02 7.748913e+01 -3.227267e-04 9.999995e-01 -9.250226e-04 -4.618701e+00 -3.322315e-02 9.137916e-04 9.994476e-01 6.745309e+01
9.994387e-01 -2.752142e-04 -3.349757e-02 7.804303e+01 3.079786e-04 9.999995e-01 9.729046e-04 -4.650566e+00 3.349739e-02 -9.826767e-04 9.994383e-01 6.790474e+01
9.994582e-01 3.306132e-04 3.291299e-02 7.864458e+01 -2.991275e-04 9.999995e-01 -9.616055e-04 -4.679683e+00 -3.291339e-02 9.512409e-04 9.994578e-01 6.817108e+01
9.992667e-01 -2.947106e-04 -3.828673e-02 7.916553e+01 3.378519e-04 9.999993e-01 1.120281e-03 -4.709031e+00 3.828648e-02 -1.132396e-03 9.992661e-01 6.856473e+01
9.992254e-01 4.175198e-04 3.935062e-02 7.969166e+01 -3.755484e-04 9.999994e-01 -1.074027e-03 -4.744128e+00 -3.935115e-02 1.058418e-03 9.992249e-01 6.919637e+01
9.993281e-01 -2.685381e-04 -3.664814e-02 8.019725e+01 3.060343e-04 9.999994e-01 1.017487e-03 -4.774663e+00 3.664794e-02 -1.028021e-03 9.993277e-01 6.966088e+01
9.994950e-01 3.335542e-04 3.177534e-02 8.044316e+01 -3.064317e-04 9.999996e-01 -8.584879e-04 -4.800546e+00 -3.177571e-02 8.483190e-04 9.994947e-01 7.028699e+01
9.993834e-01 -2.884467e-04 -3.510902e-02 8.065949e+01 3.218280e-04 9.999995e-01 9.450915e-04 -4.823159e+00 3.510883e-02 -9.558095e-04 9.993830e-01 7.081404e+01
9.992099e-01 4.558214e-04 3.974295e-02 8.103701e+01 -4.128817e-04 9.999993e-01 -1.088678e-03 -4.849207e+00 -3.974352e-02 1.071410e-03 9.992094e-01 7.126971e+01
9.994220e-01 -2.259283e-04 -3.399348e-02 8.116508e+01 2.587741e-04 9.999995e-01 9.617902e-04 -4.874596e+00 3.399335e-02 -9.700325e-04 9.994215e-01 7.203724e+01
9.991873e-01 4.249234e-04 4.030687e-02 8.146165e+01 -3.792847e-04 9.999993e-01 -1.139961e-03 -4.900280e+00 -4.030743e-02 1.123748e-03 9.991867e-01 7.259435e+01
9.993608e-01 -2.346642e-04 -3.574764e-02 8.183764e+01 2.714649e-04 9.999994e-01 1.024559e-03 -4.928649e+00 3.574748e-02 -1.033610e-03 9.993603e-01 7.315301e+01
9.994442e-01 2.807305e-04 3.333578e-02 8.190721e+01 -2.477014e-04 9.999995e-01 -9.949753e-04 -4.945133e+00 -3.333614e-02 9.861665e-04 9.994438e-01 7.360126e+01
9.993898e-01 -1.857141e-04 -3.492591e-02 8.194339e+01 2.222636e-04 9.999994e-01 1.042558e-03 -4.965279e+00 3.492580e-02 -1.049686e-03 9.993893e-01 7.426114e+01
9.993154e-01 3.758548e-04 3.699573e-02 8.193421e+01 -3.379285e-04 9.999994e-01 -1.031444e-03 -4.988906e+00 -3.699620e-02 1.018237e-03 9.993149e-01 7.513553e+01
9.992077e-01 -2.377668e-04 -3.979752e-02 8.197034e+01 2.837321e-04 9.999993e-01 1.149291e-03 -5.012427e+00 3.979732e-02 -1.159674e-03 9.992071e-01 7.593131e+01
9.994024e-01 3.775492e-04 3.456630e-02 8.196857e+01 -3.431646e-04 9.999994e-01 -1.000717e-03 -5.032629e+00 -3.456676e-02 9.882583e-04 9.994020e-01 7.663927e+01
9.991149e-01 -2.604890e-04 -4.206260e-02 8.181414e+01 3.088837e-04 9.999993e-01 1.144003e-03 -5.043137e+00 4.206237e-02 -1.155985e-03 9.991143e-01 7.709811e+01
9.993617e-01 3.621664e-04 3.572455e-02 8.189916e+01 -3.268724e-04 9.999995e-01 -9.938250e-04 -5.063072e+00 -3.572499e-02 9.815147e-04 9.993612e-01 7.768408e+01
9.990591e-01 -2.757535e-04 -4.336708e-02 8.202712e+01 3.268882e-04 9.999993e-01 1.171988e-03 -5.083787e+00 4.336683e-02 -1.185063e-03 9.990585e-01 7.824440e+01
9.993858e-01 3.430573e-04 3.504394e-02 8.226610e+01 -3.088932e-04 9.999995e-01 -9.803451e-04 -5.105357e+00 -3.504435e-02 9.689196e-04 9.993853e-01 7.869394e+01
9.991084e-01 -2.747925e-04 -4.221549e-02 8.242395e+01 3.220003e-04 9.999993e-01 1.111423e-03 -5.123584e+00 4.221526e-02 -1.124027e-03 9.991079e-01 7.910985e+01
9.993600e-01 3.469500e-04 3.577051e-02 8.255320e+01 -3.120529e-04 9.999995e-01 -9.812030e-04 -5.142692e+00 -3.577093e-02 9.694142e-04 9.993596e-01 7.960209e+01
9.990378e-01 -2.817098e-04 -4.385569e-02 8.280701e+01 3.339720e-04 9.999992e-01 1.184326e-03 -5.166073e+00 4.385542e-02 -1.197835e-03 9.990371e-01 8.010795e+01
9.994581e-01 3.288516e-04 3.291729e-02 8.325860e+01 -2.991466e-04 9.999995e-01 -9.073780e-04 -5.190581e+00 -3.291767e-02 8.970407e-04 9.994577e-01 8.039264e+01
9.988438e-01 -2.356221e-04 -4.807198e-02 8.370582e+01 2.963621e-04 9.999992e-01 1.256367e-03 -5.213197e+00 4.807174e-02 -1.269163e-03 9.988430e-01 8.062310e+01
9.992536e-01 2.790457e-04 3.863098e-02 8.422315e+01 -2.362469e-04 9.999994e-01 -1.112483e-03 -5.232732e+00 -3.863136e-02 1.102527e-03 9.992530e-01 8.062374e+01
9.990092e-01 -2.610840e-04 -4.450140e-02 8.474893e+01 3.122333e-04 9.999993e-01 1.142404e-03 -5.251121e+00 4.450117e-02 -1.155168e-03 9.990086e-01 8.055626e+01
9.991907e-01 3.054947e-04 4.022432e-02 8.517543e+01 -2.587506e-04 9.999993e-01 -1.167321e-03 -5.267355e+00 -4.022475e-02 1.155969e-03 9.991900e-01 8.053975e+01
9.991380e-01 -2.357461e-04 -4.151093e-02 8.567853e+01 2.851389e-04 9.999993e-01 1.183922e-03 -5.293730e+00 4.151072e-02 -1.194739e-03 9.991373e-01 8.082581e+01
9.993119e-01 2.337366e-04 3.709209e-02 8.633293e+01 -1.939538e-04 9.999994e-01 -1.076173e-03 -5.322830e+00 -3.709242e-02 1.068239e-03 9.993113e-01 8.101811e+01
9.991485e-01 -2.648816e-04 -4.125767e-02 8.712999e+01 3.144747e-04 9.999992e-01 1.195511e-03 -5.355241e+00 4.125742e-02 -1.207469e-03 9.991478e-01 8.115358e+01
9.992945e-01 2.426127e-04 3.755579e-02 8.792499e+01 -2.018393e-04 9.999994e-01 -1.089499e-03 -5.387642e+00 -3.755613e-02 1.081152e-03 9.992940e-01 8.129124e+01
9.992319e-01 -2.371916e-04 -3.918432e-02 8.876274e+01 2.823569e-04 9.999993e-01 1.147069e-03 -5.421749e+00 3.918412e-02 -1.157254e-03 9.992313e-01 8.144677e+01
9.992761e-01 2.117470e-04 3.804262e-02 8.993408e+01 -1.722984e-04 9.999994e-01 -1.040269e-03 -5.466466e+00 -3.804292e-02 1.032962e-03 9.992756e-01 8.160054e+01
9.993052e-01 -2.105531e-04 -3.726924e-02 9.141558e+01 2.536498e-04 9.999993e-01 1.151596e-03 -5.520780e+00 3.726907e-02 -1.160251e-03 9.993045e-01 8.174123e+01
9.991246e-01 3.116799e-04 4.183321e-02 9.317022e+01 -2.656502e-04 9.999994e-01 -1.105902e-03 -5.583433e+00 -4.183363e-02 1.093822e-03 9.991240e-01 8.186885e+01
9.991964e-01 -2.863989e-04 -4.007940e-02 9.491105e+01 3.361558e-04 9.999992e-01 1.234686e-03 -5.645882e+00 4.007912e-02 -1.247169e-03 9.991957e-01 8.199894e+01
9.991908e-01 2.644024e-04 4.022221e-02 9.631792e+01 -2.195786e-04 9.999993e-01 -1.118849e-03 -5.697781e+00 -4.022258e-02 1.109113e-03 9.991902e-01 8.214102e+01
9.990515e-01 -3.365869e-04 -4.354289e-02 9.717049e+01 3.909095e-04 9.999992e-01 1.239024e-03 -5.732760e+00 4.354253e-02 -1.254871e-03 9.990507e-01 8.232214e+01
9.990867e-01 2.488841e-04 4.272931e-02 9.872297e+01 -2.037314e-04 9.999994e-01 -1.061097e-03 -5.789348e+00 -4.272965e-02 1.051424e-03 9.990862e-01 8.248774e+01
9.993851e-01 -6.670815e-05 -3.506249e-02 1.008322e+02 1.062806e-04 9.999994e-01 1.126722e-03 -5.863022e+00 3.506249e-02 -1.129757e-03 9.993844e-01 8.263088e+01
9.993207e-01 1.027404e-04 3.685379e-02 1.019484e+02 -6.226994e-05 9.999994e-01 -1.099318e-03 -5.905060e+00 -3.685398e-02 1.096277e-03 9.993201e-01 8.277285e+01
9.993293e-01 -1.156715e-04 -3.661669e-02 1.027344e+02 1.556025e-04 9.999994e-01 1.087625e-03 -5.935028e+00 3.661664e-02 -1.092595e-03 9.993287e-01 8.285719e+01
9.993130e-01 4.826257e-05 3.706273e-02 1.042166e+02 -1.314428e-05 9.999996e-01 -9.478149e-04 -5.987902e+00 -3.706286e-02 9.466779e-04 9.993125e-01 8.297523e+01
9.992742e-01 -1.941770e-04 -3.809245e-02 1.059904e+02 2.400273e-04 9.999993e-01 1.199052e-03 -6.050123e+00 3.809229e-02 -1.207327e-03 9.992734e-01 8.309803e+01
9.993849e-01 -6.786318e-05 3.506982e-02 1.079912e+02 9.833404e-05 9.999996e-01 -8.671759e-04 -6.119237e+00 -3.506985e-02 8.700925e-04 9.993845e-01 8.320776e+01
9.992738e-01 -2.099545e-04 -3.810230e-02 1.101415e+02 2.569792e-04 9.999992e-01 1.229236e-03 -6.191079e+00 3.810211e-02 -1.238136e-03 9.992730e-01 8.323116e+01
9.994341e-01 -1.458736e-04 3.363731e-02 1.123622e+02 1.746448e-04 9.999996e-01 -8.524354e-04 -6.264321e+00 -3.363727e-02 8.578291e-04 9.994338e-01 8.321317e+01
9.992560e-01 -1.916801e-04 -3.856453e-02 1.144590e+02 2.394238e-04 9.999992e-01 1.233369e-03 -6.335260e+00 3.856437e-02 -1.241686e-03 9.992553e-01 8.326151e+01
9.994181e-01 -1.373867e-04 3.410982e-02 1.166627e+02 1.660905e-04 9.999996e-01 -8.387162e-04 -6.410654e+00 -3.410980e-02 8.438949e-04 9.994178e-01 8.335419e+01
9.993092e-01 -1.557258e-04 -3.716154e-02 1.192299e+02 2.048106e-04 9.999991e-01 1.317008e-03 -6.498059e+00 3.716140e-02 -1.323711e-03 9.993083e-01 8.346769e+01
9.994390e-01 -1.123899e-04 3.349163e-02 1.212806e+02 1.440851e-04 9.999995e-01 -9.439893e-04 -6.571287e+00 -3.349160e-02 9.482868e-04 9.994386e-01 8.367625e+01
9.993116e-01 -1.463718e-04 -3.709752e-02 1.234018e+02 1.963610e-04 9.999991e-01 1.343829e-03 -6.647062e+00 3.709739e-02 -1.350190e-03 9.993107e-01 8.390118e+01
9.993617e-01 -7.404380e-05 3.572361e-02 1.259800e+02 1.067702e-04 9.999996e-01 -9.142293e-04 -6.736066e+00 -3.572363e-02 9.174614e-04 9.993613e-01 8.406171e+01
9.992607e-01 -1.965273e-04 -3.844354e-02 1.287553e+02 2.518269e-04 9.999989e-01 1.433588e-03 -6.831146e+00 3.844331e-02 -1.442211e-03 9.992597e-01 8.420759e+01
9.993508e-01 -8.462008e-05 3.602877e-02 1.315845e+02 1.182482e-04 9.999996e-01 -9.312733e-04 -6.927225e+00 -3.602877e-02 9.349304e-04 9.993504e-01 8.432077e+01
9.993018e-01 -1.382897e-04 -3.736035e-02 1.342546e+02 1.897762e-04 9.999990e-01 1.374527e-03 -7.017201e+00 3.736023e-02 -1.380659e-03 9.993009e-01 8.439345e+01
9.993568e-01 -5.950658e-05 3.586229e-02 1.364829e+02 9.608506e-05 9.999995e-01 -1.018281e-03 -7.093985e+00 -3.586231e-02 1.021073e-03 9.993563e-01 8.451148e+01
9.991578e-01 -2.535834e-04 -4.103145e-02 1.386226e+02 3.126088e-04 9.999989e-01 1.432098e-03 -7.168748e+00 4.103114e-02 -1.443720e-03 9.991568e-01 8.465375e+01
9.993296e-01 -5.644051e-05 3.661201e-02 1.408191e+02 9.444269e-05 9.999995e-01 -1.036274e-03 -7.245132e+00 -3.661203e-02 1.039038e-03 9.993291e-01 8.479637e+01
9.992994e-01 -1.035352e-04 -3.742456e-02 1.430095e+02 1.551429e-04 9.999990e-01 1.376042e-03 -7.321057e+00 3.742448e-02 -1.380886e-03 9.992985e-01 8.493245e+01
9.994186e-01 -1.423401e-04 3.409592e-02 1.450476e+02 1.772566e-04 9.999995e-01 -1.021079e-03 -7.392220e+00 -3.409585e-02 1.026531e-03 9.994181e-01 8.506403e+01
9.992479e-01 -1.754841e-04 -3.877630e-02 1.472785e+02 2.314837e-04 9.999989e-01 1.439653e-03 -7.469112e+00 3.877610e-02 -1.447548e-03 9.992468e-01 8.518065e+01
9.993254e-01 -5.212992e-05 3.672638e-02 1.496200e+02 9.084239e-05 9.999994e-01 -1.052441e-03 -7.549464e+00 -3.672640e-02 1.055069e-03 9.993249e-01 8.529451e+01
9.992290e-01 -2.010453e-04 -3.925933e-02 1.521523e+02 2.602039e-04 9.999988e-01 1.501730e-03 -7.635170e+00 3.925908e-02 -1.510789e-03 9.992279e-01 8.537756e+01
9.993763e-01 -1.053260e-04 3.531467e-02 1.546126e+02 1.422440e-04 9.999994e-01 -1.042922e-03 -7.720346e+00 -3.531464e-02 1.047296e-03 9.993758e-01 8.553155e+01
9.992477e-01 -1.710907e-04 -3.877982e-02 1.572090e+02 2.314851e-04 9.999988e-01 1.552848e-03 -7.811314e+00 3.877961e-02 -1.560658e-03 9.992465e-01 8.574920e+01
9.994003e-01 -1.479645e-04 3.462757e-02 1.597804e+02 1.846051e-04 9.999994e-01 -1.054970e-03 -7.901268e+00 -3.462749e-02 1.060731e-03 9.993998e-01 8.595684e+01
9.992598e-01 -1.607918e-04 -3.846698e-02 1.624494e+02 2.216937e-04 9.999987e-01 1.578933e-03 -7.993452e+00 3.846678e-02 -1.586293e-03 9.992586e-01 8.612953e+01
9.994164e-01 -1.241558e-04 3.416110e-02 1.645824e+02 1.645174e-04 9.999993e-01 -1.178731e-03 -8.069713e+00 -3.416103e-02 1.183664e-03 9.994157e-01 8.635228e+01
9.992280e-01 -1.148430e-04 -3.928396e-02 1.663028e+02 1.749395e-04 9.999988e-01 1.526332e-03 -8.134129e+00 3.928384e-02 -1.532027e-03 9.992269e-01 8.662346e+01
9.993956e-01 -1.759883e-04 3.476353e-02 1.684609e+02 2.149854e-04 9.999994e-01 -1.118076e-03 -8.210786e+00 -3.476341e-02 1.124875e-03 9.993950e-01 8.682414e+01
9.992591e-01 -8.959550e-05 -3.848467e-02 1.706228e+02 1.480566e-04 9.999988e-01 1.516194e-03 -8.285856e+00 3.848459e-02 -1.520770e-03 9.992580e-01 8.695591e+01
9.993832e-01 -1.550632e-04 3.511724e-02 1.725734e+02 1.967666e-04 9.999993e-01 -1.184126e-03 -8.353868e+00 -3.511713e-02 1.190306e-03 9.993826e-01 8.707843e+01
9.992949e-01 -4.919945e-05 -3.754360e-02 1.741909e+02 1.030207e-04 9.999990e-01 1.431602e-03 -8.410724e+00 3.754359e-02 -1.434462e-03 9.992939e-01 8.719915e+01
9.993605e-01 -1.341297e-04 3.575843e-02 1.758073e+02 1.774208e-04 9.999993e-01 -1.207515e-03 -8.466773e+00 -3.575834e-02 1.213089e-03 9.993598e-01 8.728824e+01
9.992702e-01 -9.143542e-05 -3.819633e-02 1.777167e+02 1.493942e-04 9.999988e-01 1.514509e-03 -8.531786e+00 3.819625e-02 -1.519111e-03 9.992690e-01 8.735739e+01
9.993486e-01 -1.393065e-04 3.608967e-02 1.797793e+02 1.824355e-04 9.999993e-01 -1.191790e-03 -8.601050e+00 -3.608958e-02 1.197599e-03 9.993479e-01 8.739612e+01
9.992047e-01 -1.329345e-04 -3.987330e-02 1.817404e+02 1.940115e-04 9.999988e-01 1.527882e-03 -8.667290e+00 3.987315e-02 -1.534404e-03 9.992035e-01 8.743529e+01
9.993331e-01 -1.240875e-04 3.651585e-02 1.835976e+02 1.691514e-04 9.999992e-01 -1.231032e-03 -8.731040e+00 -3.651577e-02 1.236389e-03 9.993324e-01 8.751358e+01
9.992550e-01 -6.399503e-05 -3.859166e-02 1.854357e+02 1.230445e-04 9.999988e-01 1.527706e-03 -8.794938e+00 3.859161e-02 -1.531317e-03 9.992538e-01 8.762849e+01
