9.995434e-01 4.820854e-04 3.021283e-02 4.561484e-01 -4.552192e-04 9.999995e-01 -8.961038e-04 -2.698144e-02 -3.021325e-02 8.819408e-04 9.995432e-01 3.975188e-01
9.999965e-01 -2.320410e-05 -2.654421e-03 7.030762e-01 2.339458e-05 1.000000e+00 7.172596e-05 -4.997753e-02 2.654425e-03 -7.178750e-05 9.999964e-01 9.092643e-01
9.994589e-01 5.106587e-04 3.288917e-02 9.335924e-01 -4.786659e-04 9.999994e-01 -9.806128e-04 -7.196695e-02 -3.288966e-02 9.643390e-04 9.994586e-01 1.400566e+00
9.999748e-01 -8.657812e-05 -7.094519e-03 1.139617e+00 8.794378e-05 1.000000e+00 1.921829e-04 -9.292768e-02 7.094513e-03 -1.928018e-04 9.999747e-01 1.879417e+00
9.990862e-01 6.370541e-04 4.273575e-02 1.389354e+00 -5.824704e-04 9.999990e-01 -1.289679e-03 -1.128876e-01 -4.273655e-02 1.263608e-03 9.990857e-01 2.267497e+00
9.999982e-01 5.508182e-05 1.881717e-03 1.560953e+00 -5.495280e-05 1.000000e+00 -6.860274e-05 -1.310011e-01 -1.881701e-03 6.849913e-05 9.999981e-01 2.682211e+00
9.993381e-01 5.421404e-04 3.637412e-02 1.742084e+00 -5.028895e-04 9.999993e-01 -1.088229e-03 -1.497690e-01 -3.637471e-02 1.069217e-03 9.993377e-01 3.111512e+00
9.999699e-01 1.205547e-04 7.758282e-03 1.877086e+00 -1.186148e-04 1.000000e+00 -2.505010e-04 -1.668029e-01 -7.758285e-03 2.495729e-04 9.999698e-01 3.524620e+00
9.993457e-01 5.539536e-04 3.616558e-02 2.017164e+00 -5.155179e-04 9.999993e-01 -1.072088e-03 -1.847337e-01 -3.616618e-02 1.052743e-03 9.993453e-01 3.971777e+00
9.999985e-01 4.585597e-05 1.707269e-03 2.189879e+00 -4.578380e-05 1.000000e+00 -4.224490e-05 -2.073370e-01 -1.707236e-03 4.216615e-05 9.999984e-01 4.559823e+00
9.991676e-01 6.177296e-04 4.078942e-02 2.332966e+00 -5.673245e-04 9.999991e-01 -1.247305e-03 -2.259795e-01 -4.079019e-02 1.223126e-03 9.991671e-01 5.034738e+00
9.999965e-01 -9.449651e-06 -2.643684e-03 2.548875e+00 9.700064e-06 1.000000e+00 9.463859e-05 -2.465509e-01 2.643726e-03 -9.466464e-05 9.999964e-01 5.494192e+00
9.992389e-01 6.052293e-04 3.900257e-02 2.818804e+00 -5.594156e-04 9.999991e-01 -1.185540e-03 -2.695853e-01 -3.900330e-02 1.162820e-03 9.992385e-01 5.986275e+00
9.999925e-01 8.732768e-05 3.870738e-03 3.052944e+00 -8.691170e-05 1.000000e+00 -1.075692e-04 -2.894049e-01 -3.870698e-03 1.072311e-04 9.999924e-01 6.397064e+00
9.994808e-01 5.053857e-04 3.221508e-02 3.304821e+00 -4.750033e-04 9.999994e-01 -9.507655e-04 -3.130764e-01 -3.221559e-02 9.349706e-04 9.994806e-01 6.934509e+00
9.999911e-01 -8.138596e-06 -4.226296e-03 3.590889e+00 8.844060e-06 1.000000e+00 1.668234e-04 -3.407985e-01 4.226349e-03 -1.668603e-04 9.999910e-01 7.588108e+00
9.994758e-01 4.878822e-04 3.237075e-02 3.787725e+00 -4.562229e-04 9.999994e-01 -9.854104e-04 -3.656416e-01 -3.237127e-02 9.701267e-04 9.994755e-01 8.237723e+00
9.999756e-01 1.493911e-04 6.979994e-03 3.964725e+00 -1.481207e-04 1.000000e+00 -1.824656e-04 -3.870863e-01 -6.979960e-03 1.814261e-04 9.999755e-01 8.781056e+00
9.996928e-01 3.750728e-04 2.478298e-02 4.212070e+00 -3.570178e-04 9.999997e-01 -7.329616e-04 -4.117857e-01 -2.478331e-02 7.238897e-04 9.996927e-01 9.364486e+00
9.999384e-01 1.794654e-04 1.109737e-02 4.422362e+00 -1.755606e-04 9.999999e-01 -3.528005e-04 -4.324834e-01 -1.109737e-02 3.508292e-04 9.999383e-01 9.839918e+00
9.995776e-01 4.202361e-04 2.905872e-02 4.768742e+00 -3.950770e-04 9.999995e-01 -8.715549e-04 -4.510534e-01 -2.905915e-02 8.597077e-04 9.995774e-01 1.004114e+01
9.999964e-01 8.244454e-05 2.692398e-03 5.230793e+00 -8.219166e-05 1.000000e+00 -9.380589e-05 -4.733904e-01 -2.692334e-03 9.358281e-05 9.999963e-01 1.024421e+01
9.998377e-01 2.445862e-04 1.801433e-02 5.795311e+00 -2.348067e-04 9.999998e-01 -5.450241e-04 -4.994657e-01 -1.801453e-02 5.407072e-04 9.998377e-01 1.045628e+01
9.999995e-01 5.895119e-05 9.942625e-04 6.452476e+00 -5.891634e-05 1.000000e+00 -3.439258e-05 -5.283402e-01 -9.941907e-04 3.433248e-05 9.999994e-01 1.065858e+01
9.999113e-01 1.826875e-04 1.332000e-02 7.090649e+00 -1.771974e-04 9.999999e-01 -4.134024e-04 -5.556195e-01 -1.332015e-02 4.110070e-04 9.999113e-01 1.081951e+01
9.999994e-01 2.712909e-05 -1.099961e-03 7.637408e+00 -2.712227e-05 1.000000e+00 5.552707e-06 -5.795485e-01 1.100037e-03 -5.524421e-06 9.999993e-01 1.096595e+01
9.998329e-01 2.554560e-04 1.827816e-02 8.219760e+00 -2.454621e-04 9.999998e-01 -5.490440e-04 -6.055719e-01 -1.827837e-02 5.444673e-04 9.998329e-01 1.115359e+01
9.999834e-01 1.348063e-04 5.758543e-03 8.823885e+00 -1.336470e-04 1.000000e+00 -2.015651e-04 -6.298823e-01 -5.758492e-03 2.007905e-04 9.999833e-01 1.124331e+01
9.999124e-01 1.840080e-04 1.323463e-02 9.393724e+00 -1.792041e-04 9.999999e-01 -3.642236e-04 -6.581377e-01 -1.323478e-02 3.618217e-04 9.999124e-01 1.154113e+01
9.999994e-01 4.137039e-05 -1.089853e-03 1.000861e+01 -4.135479e-05 1.000000e+00 1.355892e-05 -6.885265e-01 1.089934e-03 -1.351549e-05 9.999993e-01 1.186318e+01
9.999330e-01 1.641920e-04 1.157732e-02 1.058891e+01 -1.606574e-04 9.999999e-01 -3.063110e-04 -7.188063e-01 -1.157745e-02 3.044321e-04 9.999330e-01 1.223406e+01
1.000000e+00 3.571366e-05 -4.757294e-05 1.112694e+01 -3.571487e-05 1.000000e+00 -4.419463e-05 -7.466492e-01 4.765273e-05 4.419465e-05 9.999999e-01 1.255669e+01
9.999307e-01 1.967185e-04 1.176923e-02 1.149848e+01 -1.933894e-04 9.999999e-01 -2.840774e-04 -7.729548e-01 -1.176937e-02 2.817833e-04 9.999308e-01 1.304289e+01
9.999996e-01 5.527505e-05 8.292783e-04 1.183983e+01 -5.522134e-05 1.000000e+00 -6.367520e-05 -7.998982e-01 -8.291990e-04 6.362769e-05 9.999996e-01 1.359710e+01
9.999507e-01 1.524390e-04 9.928636e-03 1.230582e+01 -1.500381e-04 1.000000e+00 -2.426515e-04 -8.284081e-01 -9.928756e-03 2.411515e-04 9.999508e-01 1.404539e+01
9.999996e-01 2.256921e-05 -8.230033e-04 1.274864e+01 -2.259555e-05 1.000000e+00 -3.315128e-05 -8.547744e-01 8.230864e-04 3.316814e-05 9.999996e-01 1.442690e+01
9.999687e-01 1.283655e-04 7.915956e-03 1.305440e+01 -1.269050e-04 1.000000e+00 -1.851214e-04 -8.783038e-01 -7.916064e-03 1.841127e-04 9.999687e-01 1.487270e+01
9.999964e-01 6.425097e-05 2.659905e-03 1.335543e+01 -6.386715e-05 1.000000e+00 -1.440169e-04 -9.011092e-01 -2.659830e-03 1.438448e-04 9.999964e-01 1.530267e+01
9.999560e-01 1.546532e-04 9.381575e-03 1.363183e+01 -1.526269e-04 1.000000e+00 -2.168060e-04 -9.243489e-01 -9.381693e-03 2.153663e-04 9.999560e-01 1.578440e+01
9.999999e-01 2.927137e-05 -2.305848e-04 1.403735e+01 -2.928237e-05 1.000000e+00 -5.213285e-05 -9.509160e-01 2.306692e-04 5.213784e-05 9.999999e-01 1.622360e+01
9.999623e-01 1.664026e-04 8.684203e-03 1.439363e+01 -1.648510e-04 1.000000e+00 -1.795063e-04 -9.773182e-01 -8.684318e-03 1.780697e-04 9.999624e-01 1.673187e+01
9.999854e-01 -1.478590e-05 -5.393341e-03 1.450480e+01 1.523303e-05 1.000000e+00 8.266787e-05 -9.976538e-01 5.393427e-03 -8.275059e-05 9.999854e-01 1.731169e+01
9.999841e-01 6.634894e-05 5.651902e-03 1.466409e+01 -6.570957e-05 1.000000e+00 -1.134934e-04 -1.016827e+00 -5.651996e-03 1.131220e-04 9.999841e-01 1.778264e+01
9.999798e-01 -3.904795e-05 -6.351149e-03 1.482901e+01 3.988621e-05 1.000000e+00 1.316927e-04 -1.038247e+00 6.351230e-03 -1.319451e-04 9.999797e-01 1.833637e+01
9.999676e-01 1.458781e-04 8.054297e-03 1.483538e+01 -1.442301e-04 1.000000e+00 -2.053158e-04 -1.055020e+00 -8.054413e-03 2.041492e-04 9.999676e-01 1.889319e+01
9.999955e-01 8.623977e-05 2.973963e-03 1.501668e+01 -8.585235e-05 1.000000e+00 -1.300450e-04 -1.076482e+00 -2.973887e-03 1.297873e-04 9.999955e-01 1.942858e+01
9.999992e-01 4.742236e-05 1.247840e-03 1.541919e+01 -4.742532e-05 1.000000e+00 1.488729e-06 -1.101240e+00 -1.247928e-03 -1.546134e-06 9.999993e-01 1.980484e+01
9.999986e-01 4.799948e-05 1.681448e-03 1.583008e+01 -4.780203e-05 1.000000e+00 -1.168364e-04 -1.124614e+00 -1.681366e-03 1.167541e-04 9.999985e-01 2.010653e+01
9.999659e-01 1.323607e-04 8.254864e-03 1.636946e+01 -1.306827e-04 1.000000e+00 -2.039425e-04 -1.150755e+00 -8.254979e-03 2.028586e-04 9.999660e-01 2.035283e+01
9.999784e-01 1.091451e-04 6.568341e-03 1.696611e+01 -1.073416e-04 1.000000e+00 -2.747633e-04 -1.176018e+00 -6.568282e-03 2.740505e-04 9.999783e-01 2.048917e+01
9.999690e-01 1.229575e-04 7.879343e-03 1.749089e+01 -1.214550e-04 1.000000e+00 -1.913061e-04 -1.200505e+00 -7.879456e-03 1.903450e-04 9.999690e-01 2.069250e+01
9.999582e-01 1.588150e-04 9.143667e-03 1.797874e+01 -1.559465e-04 9.999999e-01 -3.143041e-04 -1.227679e+00 -9.143626e-03 3.128632e-04 9.999581e-01 2.105520e+01
9.999960e-01 6.276005e-05 2.828703e-03 1.843523e+01 -6.265194e-05 1.000000e+00 -3.872755e-05 -1.254486e+00 -2.828796e-03 3.855201e-05 9.999961e-01 2.144149e+01
9.999543e-01 1.534919e-04 9.558863e-03 1.882748e+01 -1.502572e-04 9.999999e-01 -3.389981e-04 -1.279561e+00 -9.558823e-03 3.375445e-04 9.999542e-01 2.184227e+01
9.999842e-01 1.118730e-04 5.618169e-03 1.923176e+01 -1.113188e-04 1.000000e+00 -9.917658e-05 -1.306342e+00 -5.618272e-03 9.855147e-05 9.999843e-01 2.229922e+01
9.999960e-01 1.942276e-05 -2.820165e-03 1.953860e+01 -1.929433e-05 1.000000e+00 4.512490e-05 -1.332927e+00 2.820257e-03 -4.507217e-05 9.999960e-01 2.287808e+01
9.999110e-01 1.963897e-04 1.334353e-02 1.992843e+01 -1.919768e-04 9.999999e-01 -3.320874e-04 -1.360799e+00 -1.334369e-02 3.294981e-04 9.999110e-01 2.340538e+01
9.999936e-01 8.663744e-06 -3.581460e-03 2.017436e+01 -8.461088e-06 1.000000e+00 5.624208e-05 -1.384799e+00 3.581553e-03 -5.621328e-05 9.999935e-01 2.396570e+01
9.999658e-01 1.427249e-04 8.276816e-03 2.055757e+01 -1.414427e-04 1.000000e+00 -1.556498e-04 -1.413823e+00 -8.276931e-03 1.544756e-04 9.999658e-01 2.454299e+01
9.999984e-01 4.305733e-05 -1.758476e-03 2.087934e+01 -4.303687e-05 1.000000e+00 1.094150e-05 -1.442354e+00 1.758569e-03 -1.086766e-05 9.999984e-01 2.518849e+01
9.999518e-01 1.793578e-04 9.821663e-03 2.121271e+01 -1.774752e-04 1.000000e+00 -1.926756e-04 -1.471769e+00 -9.821790e-03 1.909251e-04 9.999518e-01 2.585936e+01
9.999702e-01 -5.706271e-05 -7.713605e-03 2.153568e+01 5.844611e-05 1.000000e+00 1.789507e-04 -1.500056e+00 7.713688e-03 -1.793981e-04 9.999702e-01 2.648898e+01
9.999534e-01 1.678763e-04 9.657735e-03 2.191191e+01 -1.660919e-04 1.000000e+00 -1.856895e-04 -1.529330e+00 -9.657859e-03 1.840786e-04 9.999534e-01 2.708668e+01
9.999967e-01 1.157284e-05 -2.560646e-03 2.226382e+01 -1.158058e-05 1.000000e+00 -3.514153e-06 -1.556554e+00 2.560739e-03 3.541955e-06 9.999967e-01 2.763905e+01
9.998043e-01 2.987044e-04 1.978224e-02 2.249035e+01 -2.889764e-04 9.999998e-01 -4.946786e-04 -1.580933e+00 -1.978248e-02 4.888671e-04 9.998043e-01 2.823680e+01
9.999913e-01 -1.567142e-05 -4.156106e-03 2.300420e+01 1.590008e-05 1.000000e+00 5.465720e-05 -1.610077e+00 4.156200e-03 -5.472466e-05 9.999913e-01 2.864186e+01
9.999844e-01 1.097568e-04 5.598878e-03 2.344028e+01 -1.095890e-04 1.000000e+00 -3.050127e-05 -1.641733e+00 -5.598976e-03 2.988906e-05 9.999844e-01 2.925284e+01
9.999991e-01 3.283693e-05 -1.352551e-03 2.391033e+01 -3.289033e-05 1.000000e+00 -4.045505e-05 -1.673897e+00 1.352644e-03 4.049766e-05 9.999990e-01 2.984381e+01
9.999891e-01 7.883194e-05 4.677686e-03 2.457725e+01 -7.879938e-05 1.000000e+00 -7.435367e-06 -1.708582e+00 -4.677782e-03 7.068525e-06 9.999891e-01 3.026434e+01
9.999975e-01 5.004596e-05 -2.227521e-03 2.495863e+01 -4.998162e-05 1.000000e+00 2.833308e-05 -1.741445e+00 2.227618e-03 -2.822350e-05 9.999975e-01 3.100536e+01
9.999581e-01 1.465792e-04 9.151657e-03 2.525820e+01 -1.448928e-04 1.000000e+00 -1.850815e-04 -1.770517e+00 -9.151780e-03 1.837495e-04 9.999582e-01 3.169563e+01
9.999876e-01 1.034132e-04 4.964671e-03 2.580893e+01 -1.024213e-04 1.000000e+00 -1.997701e-04 -1.802130e+00 -4.964596e-03 1.992573e-04 9.999876e-01 3.215149e+01
9.999749e-01 1.108191e-04 7.084799e-03 2.659816e+01 -1.099565e-04 1.000000e+00 -1.223417e-04 -1.838874e+00 -7.084909e-03 1.215614e-04 9.999750e-01 3.249227e+01
9.999614e-01 1.599683e-04 8.778876e-03 2.709525e+01 -1.572064e-04 9.999999e-01 -3.151351e-04 -1.868899e+00 -8.778830e-03 3.137410e-04 9.999614e-01 3.295271e+01
9.999995e-01 6.861561e-05 1.017498e-03 2.754841e+01 -6.871168e-05 1.000000e+00 9.296476e-05 -1.902065e+00 -1.017589e-03 -9.303280e-05 9.999995e-01 3.360583e+01
9.999856e-01 1.221753e-04 5.363408e-03 2.802675e+01 -1.211567e-04 1.000000e+00 -1.899887e-04 -1.936982e+00 -5.363334e-03 1.893343e-04 9.999855e-01 3.430253e+01
9.999984e-01 2.602785e-05 -1.821758e-03 2.835387e+01 -2.578382e-05 1.000000e+00 1.347721e-04 -1.965849e+00 1.821665e-03 -1.347230e-04 9.999984e-01 3.495033e+01
9.999576e-01 1.632110e-04 9.204012e-03 2.864321e+01 -1.603054e-04 9.999999e-01 -3.162697e-04 -1.993008e+00 -9.203966e-03 3.147790e-04 9.999575e-01 3.557405e+01
9.999725e-01 -1.724168e-05 -7.423127e-03 2.867940e+01 1.961532e-05 9.999999e-01 3.198883e-04 -2.016298e+00 7.423024e-03 -3.200233e-04 9.999725e-01 3.636864e+01
9.999643e-01 1.475737e-04 8.441614e-03 2.874024e+01 -1.453867e-04 1.000000e+00 -2.595214e-04 -2.042401e+00 -8.441555e-03 2.582830e-04 9.999643e-01 3.724525e+01
9.999870e-01 2.925066e-05 -5.105322e-03 2.885402e+01 -2.794967e-05 1.000000e+00 2.551855e-04 -2.070490e+00 5.105232e-03 -2.550377e-04 9.999870e-01 3.813966e+01
9.999861e-01 5.504550e-05 5.270442e-03 2.909296e+01 -5.392188e-05 1.000000e+00 -2.130659e-04 -2.096902e+00 -5.270356e-03 2.127770e-04 9.999860e-01 3.879698e+01
9.999720e-01 -3.583836e-05 -7.487644e-03 2.953452e+01 3.815431e-05 1.000000e+00 3.093530e-04 -2.125390e+00 7.487535e-03 -3.096282e-04 9.999720e-01 3.926189e+01
9.999806e-01 2.636626e-05 6.219205e-03 3.029535e+01 -2.497183e-05 1.000000e+00 -2.240664e-04 -2.160550e+00 -6.219113e-03 2.239050e-04 9.999806e-01 3.956964e+01
9.999868e-01 1.129213e-05 -5.142846e-03 3.119316e+01 -9.887607e-06 1.000000e+00 2.734072e-04 -2.201321e+00 5.142751e-03 -2.733510e-04 9.999868e-01 3.992860e+01
9.999676e-01 2.816280e-05 8.047521e-03 3.241437e+01 -2.595623e-05 1.000000e+00 -2.741223e-04 -2.248369e+00 -8.047431e-03 2.739028e-04 9.999675e-01 4.010766e+01
9.999919e-01 8.241916e-05 -4.038651e-03 3.327361e+01 -8.150520e-05 1.000000e+00 2.268216e-04 -2.287851e+00 4.038572e-03 -2.264888e-04 9.999919e-01 4.046882e+01
9.999726e-01 -3.400210e-06 7.394518e-03 3.425726e+01 5.308989e-06 1.000000e+00 -2.579251e-04 -2.329937e+00 -7.394419e-03 2.579555e-04 9.999726e-01 4.076893e+01
9.999939e-01 1.071778e-04 -3.511057e-03 3.511807e+01 -1.063695e-04 1.000000e+00 2.308202e-04 -2.370343e+00 3.510984e-03 -2.304436e-04 9.999939e-01 4.116864e+01
9.999384e-01 8.585652e-05 1.109556e-02 3.562743e+01 -8.151784e-05 9.999999e-01 -3.913539e-04 -2.403455e+00 -1.109550e-02 3.904236e-04 9.999383e-01 4.174670e+01
9.999792e-01 4.652756e-05 -6.454590e-03 3.633001e+01 -4.458452e-05 1.000000e+00 3.014018e-04 -2.438636e+00 6.454506e-03 -3.011060e-04 9.999792e-01 4.214146e+01
9.999711e-01 3.521753e-05 7.597796e-03 3.680011e+01 -3.308961e-05 1.000000e+00 -2.800118e-04 -2.469492e+00 -7.597708e-03 2.797505e-04 9.999710e-01 4.267148e+01
9.999752e-01 3.778433e-05 -7.047952e-03 3.716740e+01 -3.575507e-05 1.000000e+00 2.882525e-04 -2.496367e+00 7.047865e-03 -2.879916e-04 9.999752e-01 4.317061e+01
9.999776e-01 1.929789e-05 6.685846e-03 3.755590e+01 -1.755716e-05 1.000000e+00 -2.602100e-04 -2.522895e+00 -6.685753e-03 2.600850e-04 9.999776e-01 4.362549e+01
9.999912e-01 8.289638e-05 -4.192754e-03 3.806359e+01 -8.194491e-05 1.000000e+00 2.274458e-04 -2.553666e+00 4.192675e-03 -2.270985e-04 9.999912e-01 4.410341e+01
9.999507e-01 8.374908e-05 9.921307e-03 3.848755e+01 -8.013630e-05 9.999999e-01 -3.643998e-04 -2.583002e+00 -9.921239e-03 3.635851e-04 9.999507e-01 4.463808e+01
1.000000e+00 1.046348e-04 2.818317e-04 3.878109e+01 -1.046521e-04 1.000000e+00 5.640825e-05 -2.606177e+00 -2.819240e-04 -5.643604e-05 1.000000e+00 4.509460e+01
9.999328e-01 1.149327e-04 1.159016e-02 3.894378e+01 -1.101230e-04 9.999999e-01 -4.154874e-04 -2.626814e+00 -1.159011e-02 4.141815e-04 9.999327e-01 4.562347e+01
9.999646e-01 -1.525484e-06 -8.417927e-03 3.910310e+01 4.139222e-06 1.000000e+00 3.106559e-04 -2.647093e+00 8.417828e-03 -3.106780e-04 9.999646e-01 4.613463e+01
9.998666e-01 1.760018e-04 1.633085e-02 3.928241e+01 -1.670593e-04 9.999998e-01 -5.488588e-04 -2.668588e+00 -1.633084e-02 5.460556e-04 9.998664e-01 4.667464e+01
9.999589e-01 2.617173e-05 -9.067735e-03 3.940915e+01 -2.289183e-05 9.999999e-01 3.619815e-04 -2.691917e+00 9.067645e-03 -3.617573e-04 9.999589e-01 4.735592e+01
9.998739e-01 1.737734e-04 1.587860e-02 3.956725e+01 -1.654437e-04 9.999998e-01 -5.258059e-04 -2.716700e+00 -1.587859e-02 5.231109e-04 9.998737e-01 4.805572e+01
9.999793e-01 3.995487e-05 -6.434746e-03 3.974243e+01 -3.824092e-05 1.000000e+00 2.667171e-04 -2.740377e+00 6.434657e-03 -2.664638e-04 9.999793e-01 4.869135e+01
9.998510e-01 1.903825e-04 1.725914e-02 4.001293e+01 -1.807073e-04 9.999998e-01 -5.620577e-04 -2.766154e+00 -1.725915e-02 5.588534e-04 9.998508e-01 4.928902e+01
9.999639e-01 3.027820e-05 -8.503093e-03 4.036294e+01 -2.729014e-05 9.999999e-01 3.517076e-04 -2.795638e+00 8.503004e-03 -3.514612e-04 9.999638e-01 4.993584e+01
9.998463e-01 1.929025e-04 1.752669e-02 4.050984e+01 -1.826643e-04 9.999998e-01 -5.856659e-04 -2.819481e+00 -1.752670e-02 5.823728e-04 9.998462e-01 5.061495e+01
9.999045e-01 -5.241097e-05 -1.382138e-02 4.078424e+01 5.906289e-05 9.999999e-01 4.809833e-04 -2.843592e+00 1.382125e-02 -4.817520e-04 9.999044e-01 5.113378e+01
9.997413e-01 2.293384e-04 2.274051e-02 4.130893e+01 -2.123181e-04 9.999997e-01 -7.508018e-04 -2.871706e+00 -2.274057e-02 7.457778e-04 9.997411e-01 5.148098e+01
9.999684e-01 3.367698e-05 -7.959036e-03 4.175899e+01 -3.117194e-05 9.999999e-01 3.150660e-04 -2.898642e+00 7.958947e-03 -3.148063e-04 9.999683e-01 5.188829e+01
9.996203e-01 3.041238e-04 2.755111e-02 4.208082e+01 -2.790922e-04 9.999995e-01 -9.123390e-04 -2.921465e+00 -2.755127e-02 9.043016e-04 9.996199e-01 5.229851e+01
9.999216e-01 -1.861939e-05 -1.252682e-02 4.241587e+01 2.443735e-05 9.999999e-01 4.644201e-04 -2.945819e+00 1.252671e-02 -4.646881e-04 9.999215e-01 5.275276e+01
9.998144e-01 1.911281e-04 1.926130e-02 4.295212e+01 -1.788090e-04 9.999998e-01 -6.412165e-04 -2.976420e+00 -1.926132e-02 6.376518e-04 9.998142e-01 5.318962e+01
9.999227e-01 -1.375028e-05 -1.243722e-02 4.349337e+01 1.954845e-05 9.999999e-01 4.662076e-04 -3.007418e+00 1.243711e-02 -4.664131e-04 9.999226e-01 5.363883e+01
9.997146e-01 2.700472e-04 2.388641e-02 4.378979e+01 -2.517398e-04 9.999997e-01 -7.693736e-04 -3.034160e+00 -2.388651e-02 7.631392e-04 9.997143e-01 5.424563e+01
9.999136e-01 -3.040089e-05 -1.314796e-02 4.402360e+01 3.665330e-05 9.999999e-01 4.754302e-04 -3.059683e+00 1.314785e-02 -4.758694e-04 9.999135e-01 5.488191e+01
9.997678e-01 2.244371e-04 2.154636e-02 4.434385e+01 -2.092983e-04 9.999997e-01 -7.047940e-04 -3.086013e+00 -2.154642e-02 7.001190e-04 9.997676e-01 5.543267e+01
9.999057e-01 -3.360083e-05 -1.373742e-02 4.467583e+01 4.033618e-05 9.999999e-01 4.901404e-04 -3.112543e+00 1.373731e-02 -4.906466e-04 9.999056e-01 5.597716e+01
9.998427e-01 1.805303e-04 1.773420e-02 4.483136e+01 -1.699254e-04 9.999998e-01 -5.994022e-04 -3.134383e+00 -1.773421e-02 5.962928e-04 9.998425e-01 5.656068e+01
9.998663e-01 -8.037539e-05 -1.635259e-02 4.506108e+01 8.926644e-05 9.999998e-01 5.430846e-04 -3.155690e+00 1.635245e-02 -5.444701e-04 9.998662e-01 5.701710e+01
9.998733e-01 1.403219e-04 1.591365e-02 4.537593e+01 -1.312746e-04 9.999998e-01 -5.694628e-04 -3.176590e+00 -1.591363e-02 5.673000e-04 9.998732e-01 5.733305e+01
9.999292e-01 -2.028327e-05 -1.190137e-02 4.564276e+01 2.531897e-05 9.999999e-01 4.231134e-04 -3.197581e+00 1.190126e-02 -4.233831e-04 9.999291e-01 5.772708e+01
9.997694e-01 1.902061e-04 2.146998e-02 4.606287e+01 -1.742506e-04 9.999997e-01 -7.449487e-04 -3.220765e+00 -2.147001e-02 7.410342e-04 9.997692e-01 5.800756e+01
9.998266e-01 -9.565847e-05 -1.862425e-02 4.659590e+01 1.072982e-04 9.999998e-01 6.240730e-04 -3.245825e+00 1.862409e-02 -6.259615e-04 9.998264e-01 5.820373e+01
9.998373e-01 1.476008e-04 1.803710e-02 4.715503e+01 -1.366553e-04 9.999998e-01 -6.079718e-04 -3.274005e+00 -1.803708e-02 6.054064e-04 9.998371e-01 5.849203e+01
9.998286e-01 -1.193324e-04 -1.851693e-02 4.783043e+01 1.309790e-04 9.999998e-01 6.278533e-04 -3.305078e+00 1.851675e-02 -6.301694e-04 9.998284e-01 5.874256e+01
9.998284e-01 1.651087e-04 1.851904e-02 4.855957e+01 -1.539811e-04 9.999998e-01 -6.022048e-04 -3.338494e+00 -1.851903e-02 5.992483e-04 9.998283e-01 5.901904e+01
9.998811e-01 -7.202334e-05 -1.542424e-02 4.938374e+01 8.089484e-05 9.999998e-01 5.746555e-04 -3.377456e+00 1.542409e-02 -5.758333e-04 9.998809e-01 5.940453e+01
9.997890e-01 1.919093e-04 2.053604e-02 5.028954e+01 -1.772532e-04 9.999997e-01 -7.154112e-04 -3.414835e+00 -2.053607e-02 7.116186e-04 9.997888e-01 5.960537e+01
9.998805e-01 -7.913489e-05 -1.546321e-02 5.120846e+01 8.795320e-05 9.999998e-01 5.697106e-04 -3.451413e+00 1.546306e-02 -5.710009e-04 9.998803e-01 5.975195e+01
9.997202e-01 2.428726e-04 2.365241e-02 5.217485e+01 -2.239859e-04 9.999997e-01 -8.010837e-04 -3.489085e+00 -2.365250e-02 7.955602e-04 9.997199e-01 5.988329e+01
9.997288e-01 -2.167776e-04 -2.329060e-02 5.315605e+01 2.356729e-04 9.999996e-01 8.086193e-04 -3.526371e+00 2.329032e-02 -8.138873e-04 9.997285e-01 5.997310e+01
9.997091e-01 2.613019e-04 2.411626e-02 5.402951e+01 -2.411939e-04 9.999996e-01 -8.366320e-04 -3.560369e+00 -2.411637e-02 8.305704e-04 9.997088e-01 6.007315e+01
9.997960e-01 -1.594846e-04 -2.019901e-02 5.483074e+01 1.737611e-04 9.999997e-01 7.051301e-04 -3.593448e+00 2.019879e-02 -7.084944e-04 9.997958e-01 6.023304e+01
9.997524e-01 2.287077e-04 2.224944e-02 5.567663e+01 -2.115497e-04 9.999997e-01 -7.734415e-04 -3.626947e+00 -2.224951e-02 7.685415e-04 9.997521e-01 6.034841e+01
9.997563e-01 -1.837828e-04 -2.207700e-02 5.641697e+01 2.001706e-04 9.999997e-01 7.401758e-04 -3.656505e+00 2.207676e-02 -7.444129e-04 9.997560e-01 6.044360e+01
9.997114e-01 2.655448e-04 2.401781e-02 5.699632e+01 -2.456792e-04 9.999996e-01 -8.299967e-04 -3.683083e+00 -2.401792e-02 8.238550e-04 9.997111e-01 6.064030e+01
9.998614e-01 -1.262942e-04 -1.665175e-02 5.754948e+01 1.356265e-04 9.999998e-01 5.594199e-04 -3.706928e+00 1.665158e-02 -5.615991e-04 9.998612e-01 6.076807e+01
9.998244e-01 1.996959e-04 1.873548e-02 5.824095e+01 -1.878854e-04 9.999998e-01 -6.320515e-04 -3.737664e+00 -1.873551e-02 6.284188e-04 9.998242e-01 6.098316e+01
9.999373e-01 -5.352019e-05 -1.120078e-02 5.878266e+01 5.799856e-05 9.999999e-01 3.996603e-04 -3.765647e+00 1.120066e-02 -4.002832e-04 9.999372e-01 6.129079e+01
9.998049e-01 2.252940e-04 1.974919e-02 6.000161e+01 -2.155271e-04 9.999999e-01 -4.965898e-04 -3.818556e+00 -1.974920e-02 4.922349e-04 9.998048e-01 6.172301e+01
9.998347e-01 -1.777097e-04 -1.818574e-02 6.101588e+01 1.885518e-04 9.999998e-01 5.945705e-04 -3.864575e+00 1.818553e-02 -5.978996e-04 9.998345e-01 6.215277e+01
9.998229e-01 2.458899e-04 1.881507e-02 6.141474e+01 -2.354411e-04 9.999998e-01 -5.574627e-04 -3.893787e+00 -1.881511e-02 5.529325e-04 9.998228e-01 6.271030e+01
9.999316e-01 -5.683841e-05 -1.170345e-02 6.185960e+01 6.151638e-05 9.999999e-01 3.995006e-04 -3.925342e+00 1.170333e-02 -4.001916e-04 9.999315e-01 6.330504e+01
9.995681e-01 3.528828e-04 2.938336e-02 6.253811e+01 -3.274903e-04 9.999996e-01 -8.689314e-04 -3.960421e+00 -2.938355e-02 8.589319e-04 9.995678e-01 6.372786e+01
9.998976e-01 -6.151854e-05 -1.431332e-02 6.291742e+01 6.810167e-05 9.999999e-01 4.595704e-04 -3.989023e+00 1.431319e-02 -4.604965e-04 9.998975e-01 6.428766e+01
9.998804e-01 1.563589e-04 1.546012e-02 6.327860e+01 -1.490957e-04 9.999999e-01 -4.708400e-04 -4.016112e+00 -1.546009e-02 4.684771e-04 9.998803e-01 6.480069e+01
9.999536e-01 -3.616122e-05 -9.633956e-03 6.385375e+01 3.898622e-05 1.000000e+00 2.932332e-04 -4.045176e+00 9.633846e-03 -2.935937e-04 9.999536e-01 6.510730e+01
9.995599e-01 3.736756e-04 2.966059e-02 6.437546e+01 -3.485393e-04 9.999996e-01 -8.525723e-04 -4.076070e+00 -2.966080e-02 8.418577e-04 9.995596e-01 6.557161e+01
9.998675e-01 -7.889976e-05 -1.628244e-02 6.476467e+01 8.723014e-05 9.999999e-01 5.110220e-04 -4.106589e+00 1.628230e-02 -5.123731e-04 9.998673e-01 6.620212e+01
9.994786e-01 3.770154e-04 3.228518e-02 6.538100e+01 -3.464943e-04 9.999995e-01 -9.508932e-04 -4.140398e+00 -3.228542e-02 9.392093e-04 9.994782e-01 6.666193e+01
9.999839e-01 5.047609e-05 -5.691383e-03 6.588509e+01 -4.952574e-05 1.000000e+00 1.674531e-04 -4.167809e+00 5.691293e-03 -1.671671e-04 9.999838e-01 6.701673e+01
9.998420e-01 2.156777e-04 1.777028e-02 6.619748e+01 -2.072814e-04 9.999999e-01 -4.742236e-04 -4.196392e+00 -1.777028e-02 4.704638e-04 9.998419e-01 6.767112e+01
9.999667e-01 1.790314e-05 -8.164303e-03 6.664244e+01 -1.579501e-05 1.000000e+00 2.585109e-04 -4.229286e+00 8.164210e-03 -2.583719e-04 9.999667e-01 6.832526e+01
9.996961e-01 3.099997e-04 2.464723e-02 6.738242e+01 -2.942911e-04 9.999998e-01 -6.408897e-04 -4.270295e+00 -2.464732e-02 6.334400e-04 9.996960e-01 6.891376e+01
9.997825e-01 -1.942969e-04 -2.085885e-02 6.821410e+01 2.061719e-04 9.999998e-01 5.672491e-04 -4.307726e+00 2.085864e-02 -5.714248e-04 9.997823e-01 6.921958e+01
9.996795e-01 3.060268e-04 2.531004e-02 6.899337e+01 -2.893074e-04 9.999997e-01 -6.641683e-04 -4.344051e+00 -2.531014e-02 6.566316e-04 9.996794e-01 6.955350e+01
9.998240e-01 -1.271129e-04 -1.876572e-02 6.963719e+01 1.367672e-04 9.999999e-01 5.132842e-04 -4.378849e+00 1.876556e-02 -5.157589e-04 9.998238e-01 7.001441e+01
9.997710e-01 2.213189e-04 2.139514e-02 7.025855e+01 -2.084575e-04 9.999998e-01 -6.032773e-04 -4.408202e+00 -2.139518e-02 5.986778e-04 9.997709e-01 7.026595e+01
9.998322e-01 -1.230104e-04 -1.832018e-02 7.077307e+01 1.321009e-04 9.999999e-01 4.950979e-04 -4.435137e+00 1.832002e-02 -4.974335e-04 9.998321e-01 7.056033e+01
9.994818e-01 3.931168e-04 3.218506e-02 7.129202e+01 -3.653498e-04 9.999996e-01 -8.685500e-04 -4.467007e+00 -3.218529e-02 8.563397e-04 9.994815e-01 7.106939e+01
9.997746e-01 -1.332163e-04 -2.123208e-02 7.168199e+01 1.456692e-04 9.999998e-01 5.850609e-04 -4.496964e+00 2.123190e-02 -5.880204e-04 9.997744e-01 7.167550e+01
9.995673e-01 3.220558e-04 2.940918e-02 7.214789e+01 -2.982481e-04 9.999996e-01 -8.138508e-04 -4.525615e+00 -2.940934e-02 8.047261e-04 9.995671e-01 7.211515e+01
9.996003e-01 -2.671103e-04 -2.827262e-02 7.299616e+01 2.894868e-04 9.999996e-01 7.874363e-04 -4.560945e+00 2.827230e-02 -7.953046e-04 9.996000e-01 7.230438e+01
9.995183e-01 3.407513e-04 3.103015e-02 7.407582e+01 -3.149688e-04 9.999996e-01 -8.357092e-04 -4.602333e+00 -3.103033e-02 8.255318e-04 9.995181e-01 7.243409e+01
9.996136e-01 -2.277784e-04 -2.779854e-02 7.492321e+01 2.489190e-04 9.999997e-01 7.571051e-04 -4.638678e+00 2.779827e-02 -7.637307e-04 9.996133e-01 7.267308e+01
9.994536e-01 3.856535e-04 3.304840e-02 7.562239e+01 -3.566588e-04 9.999995e-01 -8.831761e-04 -4.673632e+00 -3.304863e-02 8.709052e-04 9.994533e-01 7.306007e+01
9.995381e-01 -2.919484e-04 -3.039058e-02 7.656243e+01 3.176363e-04 9.999996e-01 8.404986e-04 -4.713194e+00 3.039023e-02 -8.497622e-04 9.995378e-01 7.330565e+01
9.993689e-01 4.378331e-04 3.551675e-02 7.741381e+01 -4.042202e-04 9.999995e-01 -9.535191e-04 -4.751667e+00 -3.551706e-02 9.385594e-04 9.993686e-01 7.363182e+01
9.994755e-01 -3.042490e-04 -3.238603e-02 7.810146e+01 3.334474e-04 9.999995e-01 8.962355e-04 -4.786308e+00 3.238565e-02 -9.065630e-04 9.994751e-01 7.402143e+01
9.994658e-01 3.726317e-04 3.267925e-02 7.868048e+01 -3.437047e-04 9.999995e-01 -8.907355e-04 -4.816410e+00 -3.267947e-02 8.790263e-04 9.994655e-01 7.436232e+01
9.994871e-01 -2.956465e-04 -3.202375e-02 7.931523e+01 3.241904e-04 9.999996e-01 8.862099e-04 -4.848047e+00 3.202338e-02 -8.961358e-04 9.994868e-01 7.469107e+01
9.994803e-01 3.839529e-04 3.223068e-02 7.977644e+01 -3.570631e-04 9.999996e-01 -8.399882e-04 -4.879723e+00 -3.223089e-02 8.280420e-04 9.994801e-01 7.526729e+01
9.995566e-01 -2.661372e-04 -2.977692e-02 8.046476e+01 2.911510e-04 9.999996e-01 8.357722e-04 -4.917106e+00 2.977659e-02 -8.440698e-04 9.995563e-01 7.577175e+01
9.995257e-01 3.845408e-04 3.079259e-02 8.092776e+01 -3.588407e-04 9.999996e-01 -8.400834e-04 -4.946897e+00 -3.079281e-02 8.286340e-04 9.995254e-01 7.626159e+01
9.994188e-01 -3.008850e-04 -3.408954e-02 8.126080e+01 3.340484e-04 9.999995e-01 9.671989e-04 -4.975241e+00 3.408914e-02 -9.780230e-04 9.994184e-01 7.687043e+01
9.994149e-01 4.038733e-04 3.419799e-02 8.152655e+01 -3.723347e-04 9.999995e-01 -9.285457e-04 -5.002149e+00 -3.419825e-02 9.152681e-04 9.994146e-01 7.751505e+01
9.996843e-01 -1.812918e-04 -2.512938e-02 8.187044e+01 1.982191e-04 9.999998e-01 6.711943e-04 -5.028843e+00 2.512916e-02 -6.759621e-04 9.996840e-01 7.804839e+01
9.995098e-01 3.982690e-04 3.130237e-02 8.211433e+01 -3.737231e-04 9.999996e-01 -7.899449e-04 -5.057575e+00 -3.130258e-02 7.778580e-04 9.995096e-01 7.880474e+01
9.996881e-01 -2.264072e-04 -2.497660e-02 8.256215e+01 2.417663e-04 9.999998e-01 6.119966e-04 -5.086060e+00 2.497636e-02 -6.178429e-04 9.996879e-01 7.927304e+01
9.996188e-01 3.520429e-04 2.760263e-02 8.302193e+01 -3.343970e-04 9.999997e-01 -6.438296e-04 -5.116958e+00 -2.760276e-02 6.343527e-04 9.996187e-01 7.982219e+01
9.996109e-01 -2.758040e-04 -2.789632e-02 8.337192e+01 2.947512e-04 9.999997e-01 6.751598e-04 -5.143603e+00 2.789603e-02 -6.831182e-04 9.996106e-01 8.033902e+01
9.996243e-01 3.733535e-04 2.740370e-02 8.336802e+01 -3.553468e-04 9.999997e-01 -6.618897e-04 -5.162401e+00 -2.740385e-02 6.519020e-04 9.996242e-01 8.099579e+01
9.997088e-01 -1.935703e-04 -2.413350e-02 8.338636e+01 2.083621e-04 9.999998e-01 6.104792e-04 -5.184976e+00 2.413328e-02 -6.153286e-04 9.997086e-01 8.178765e+01
9.997412e-01 3.217730e-04 2.274447e-02 8.337086e+01 -3.101505e-04 9.999998e-01 -5.144476e-04 -5.207370e+00 -2.274454e-02 5.072590e-04 9.997411e-01 8.261138e+01
9.996258e-01 -1.778050e-04 -2.735667e-02 8.333818e+01 1.960213e-04 9.999998e-01 6.632696e-04 -5.227873e+00 2.735646e-02 -6.683826e-04 9.996256e-01 8.337940e+01
9.997376e-01 2.736683e-04 2.290461e-02 8.325079e+01 -2.608942e-04 9.999998e-01 -5.606166e-04 -5.242872e+00 -2.290467e-02 5.544926e-04 9.997375e-01 8.395602e+01
9.995016e-01 -1.651325e-04 -3.157042e-02 8.324940e+01 1.887473e-04 9.999997e-01 7.450857e-04 -5.259267e+00 3.157019e-02 -7.506719e-04 9.995013e-01 8.450004e+01
9.996663e-01 2.504322e-04 2.582855e-02 8.330710e+01 -2.353410e-04 9.999998e-01 -5.872560e-04 -5.279948e+00 -2.582860e-02 5.809803e-04 9.996662e-01 8.514711e+01
9.994597e-01 -1.702874e-04 -3.286927e-02 8.339688e+01 1.952250e-04 9.999997e-01 7.555375e-04 -5.299696e+00 3.286904e-02 -7.615449e-04 9.994594e-01 8.571539e+01
9.996309e-01 2.121823e-04 2.716541e-02 8.333665e+01 -1.942016e-04 9.999998e-01 -6.644705e-04 -5.311734e+00 -2.716545e-02 6.589484e-04 9.996307e-01 8.612242e+01
9.994999e-01 -1.306118e-04 -3.162486e-02 8.335902e+01 1.549252e-04 9.999997e-01 7.664150e-04 -5.330368e+00 3.162465e-02 -7.709299e-04 9.994996e-01 8.672912e+01
9.996897e-01 1.727599e-04 2.490479e-02 8.359415e+01 -1.581132e-04 9.999998e-01 -5.900057e-04 -5.352939e+00 -2.490479e-02 5.858837e-04 9.996896e-01 8.722586e+01
9.992347e-01 -1.052985e-04 -3.911782e-02 8.399318e+01 1.420902e-04 9.999996e-01 9.378018e-04 -5.375139e+00 3.911761e-02 -9.426411e-04 9.992342e-01 8.749528e+01
9.995982e-01 1.711869e-04 2.834201e-02 8.428864e+01 -1.526224e-04 9.999998e-01 -6.571194e-04 -5.398631e+00 -2.834202e-02 6.525286e-04 9.995980e-01 8.795725e+01
9.993799e-01 -1.628206e-04 -3.521301e-02 8.475714e+01 1.918055e-04 9.999996e-01 8.198055e-04 -5.423461e+00 3.521277e-02 -8.260499e-04 9.993795e-01 8.822512e+01
9.995261e-01 1.688647e-04 3.077963e-02 8.524965e+01 -1.463596e-04 9.999997e-01 -7.333671e-04 -5.447697e+00 -3.077965e-02 7.285135e-04 9.995259e-01 8.843112e+01
9.994446e-01 -1.320810e-04 -3.332588e-02 8.564863e+01 1.581883e-04 9.999997e-01 7.808107e-04 -5.471272e+00 3.332567e-02 -7.856476e-04 9.994443e-01 8.874063e+01
9.995090e-01 1.842373e-04 3.132899e-02 8.607611e+01 -1.615582e-04 9.999997e-01 -7.263817e-04 -5.497203e+00 -3.132902e-02 7.209625e-04 9.995088e-01 8.911297e+01
9.993856e-01 -1.754419e-04 -3.505018e-02 8.660568e+01 2.049738e-04 9.999996e-01 8.390174e-04 -5.525493e+00 3.504992e-02 -8.456850e-04 9.993852e-01 8.944599e+01
9.995018e-01 1.468036e-04 3.155931e-02 8.730663e+01 -1.240934e-04 9.999997e-01 -7.215118e-04 -5.556977e+00 -3.155931e-02 7.172349e-04 9.995016e-01 8.967744e+01
9.994005e-01 -1.640418e-04 -3.462168e-02 8.804108e+01 1.928120e-04 9.999996e-01 8.277004e-04 -5.589161e+00 3.462143e-02 -8.338784e-04 9.994002e-01 8.989152e+01
9.994217e-01 1.716460e-04 3.400258e-02 8.894801e+01 -1.450748e-04 9.999997e-01 -7.838641e-04 -5.626008e+00 -3.400261e-02 7.784766e-04 9.994214e-01 9.007128e+01
9.993864e-01 -2.033335e-04 -3.502732e-02 9.015941e+01 2.351631e-04 9.999996e-01 9.046397e-04 -5.672514e+00 3.502702e-02 -9.123205e-04 9.993860e-01 9.024629e+01
9.993416e-01 1.970165e-04 3.627926e-02 9.175894e+01 -1.688736e-04 9.999997e-01 -7.787486e-04 -5.731143e+00 -3.627931e-02 7.721081e-04 9.993414e-01 9.040928e+01
9.994989e-01 -1.157818e-04 -3.165538e-02 9.360162e+01 1.424854e-04 9.999996e-01 8.413682e-04 -5.796294e+00 3.165518e-02 -8.454558e-04 9.994985e-01 9.052120e+01
9.994811e-01 5.087157e-05 3.220883e-02 9.553321e+01 -3.060093e-05 9.999998e-01 -6.297946e-04 -5.864617e+00 -3.220876e-02 6.284810e-04 9.994809e-01 9.063698e+01
9.994618e-01 -1.280342e-04 -3.280463e-02 9.680379e+01 1.525487e-04 9.999997e-01 7.448382e-04 -5.910333e+00 3.280443e-02 -7.494404e-04 9.994615e-01 9.070589e+01
9.995575e-01 -6.173431e-06 2.974313e-02 9.787100e+01 2.399334e-05 9.999998e-01 -5.987174e-04 -5.950160e+00 -2.974302e-02 5.991649e-04 9.995574e-01 9.079923e+01
9.995486e-01 -1.134443e-04 -3.004647e-02 9.963833e+01 1.380450e-04 9.999997e-01 8.167377e-04 -6.012058e+00 3.004627e-02 -8.205155e-04 9.995482e-01 9.089818e+01
9.994285e-01 1.016019e-04 3.380055e-02 1.017486e+02 -7.994878e-05 9.999998e-01 -6.419205e-04 -6.083780e+00 -3.380051e-02 6.388501e-04 9.994284e-01 9.095917e+01
9.995382e-01 -5.483409e-05 -3.038794e-02 1.032253e+02 7.616825e-05 9.999998e-01 7.009576e-04 -6.137311e+00 3.038780e-02 -7.029472e-04 9.995380e-01 9.110414e+01
9.994962e-01 4.175073e-05 3.173560e-02 1.043726e+02 -2.100735e-05 9.999998e-01 -6.539156e-04 -6.179655e+00 -3.173553e-02 6.529183e-04 9.994960e-01 9.122738e+01
9.995261e-01 -1.185498e-04 -3.078592e-02 1.060351e+02 1.437256e-04 9.999997e-01 8.156101e-04 -6.237315e+00 3.078572e-02 -8.196471e-04 9.995257e-01 9.130425e+01
9.995565e-01 -8.389284e-05 2.977765e-02 1.080668e+02 9.931437e-05 9.999999e-01 -5.163585e-04 -6.306822e+00 -2.977750e-02 5.190856e-04 9.995564e-01 9.138907e+01
9.994980e-01 -1.779349e-04 -3.168321e-02 1.103295e+02 2.063508e-04 9.999996e-01 8.936624e-04 -6.382731e+00 3.168295e-02 -8.997504e-04 9.994976e-01 9.144006e+01
9.995813e-01 -1.510841e-04 2.893233e-02 1.127855e+02 1.650037e-04 9.999999e-01 -4.786669e-04 -6.463332e+00 -2.893216e-02 4.832392e-04 9.995812e-01 9.142343e+01
9.994590e-01 -2.174759e-04 -3.288963e-02 1.151937e+02 2.472154e-04 9.999996e-01 9.002075e-04 -6.541299e+00 3.288932e-02 -9.078500e-04 9.994586e-01 9.135163e+01
9.995867e-01 -1.611535e-04 2.874496e-02 1.175822e+02 1.752114e-04 9.999999e-01 -4.864815e-04 -6.619915e+00 -2.874478e-02 4.913157e-04 9.995866e-01 9.133801e+01
9.994902e-01 -1.803233e-04 -3.192951e-02 1.203237e+02 2.122419e-04 9.999995e-01 9.963226e-04 -6.711388e+00 3.192922e-02 -1.002590e-03 9.994897e-01 9.139059e+01
9.995457e-01 -1.294882e-04 3.013758e-02 1.232292e+02 1.444546e-04 9.999999e-01 -4.943735e-04 -6.808736e+00 -3.013741e-02 4.985012e-04 9.995456e-01 9.146843e+01
9.994952e-01 -1.231431e-04 -3.177246e-02 1.258159e+02 1.534589e-04 9.999995e-01 9.517680e-04 -6.898010e+00 3.177223e-02 -9.561620e-04 9.994947e-01 9.163846e+01
9.995295e-01 -1.038646e-04 3.067038e-02 1.282314e+02 1.208958e-04 9.999998e-01 -5.533942e-04 -6.981975e+00 -3.067022e-02 5.568405e-04 9.995294e-01 9.181894e+01
9.995216e-01 -9.633984e-05 -3.092958e-02 1.309378e+02 1.267699e-04 9.999995e-01 9.819437e-04 -7.074035e+00 3.092937e-02 -9.853936e-04 9.995211e-01 9.193635e+01
9.995628e-01 -1.840920e-04 2.956295e-02 1.339141e+02 1.980152e-04 9.999999e-01 -4.679896e-04 -7.174814e+00 -2.956276e-02 4.736377e-04 9.995628e-01 9.205294e+01
9.994969e-01 -1.384521e-04 -3.171743e-02 1.370641e+02 1.714945e-04 9.999994e-01 1.039109e-03 -7.279478e+00 3.171717e-02 -1.044024e-03 9.994964e-01 9.210169e+01
9.994923e-01 -8.865521e-05 3.186082e-02 1.400133e+02 1.074733e-04 9.999998e-01 -5.888753e-04 -7.377813e+00 -3.186067e-02 5.919993e-04 9.994921e-01 9.215250e+01
9.994729e-01 -1.234574e-04 -3.246445e-02 1.425990e+02 1.557424e-04 9.999995e-01 9.919965e-04 -7.464312e+00 3.246421e-02 -9.965285e-04 9.994724e-01 9.219738e+01
9.995547e-01 -1.633993e-04 2.983698e-02 1.450411e+02 1.802208e-04 9.999998e-01 -5.610416e-04 -7.547289e+00 -2.983679e-02 5.661678e-04 9.995546e-01 9.228763e+01
9.995083e-01 -8.237773e-05 -3.135666e-02 1.475547e+02 1.133282e-04 9.999995e-01 9.853219e-04 -7.632734e+00 3.135647e-02 -9.883898e-04 9.995078e-01 9.239333e+01
9.995092e-01 -9.493319e-05 3.132601e-02 1.499157e+02 1.150884e-04 9.999998e-01 -6.415503e-04 -7.713652e+00 -3.132584e-02 6.448395e-04 9.995090e-01 9.250899e+01
9.994328e-01 -1.615523e-04 -3.367868e-02 1.523580e+02 1.978537e-04 9.999994e-01 1.074592e-03 -7.797249e+00 3.367839e-02 -1.080645e-03 9.994322e-01 9.262728e+01
9.994897e-01 -1.080832e-04 3.194160e-02 1.550304e+02 1.278525e-04 9.999998e-01 -6.168302e-04 -7.888433e+00 -3.194143e-02 6.205981e-04 9.994895e-01 9.275743e+01
9.994738e-01 -9.769319e-05 -3.243780e-02 1.576574e+02 1.314234e-04 9.999995e-01 1.037762e-03 -7.978023e+00 3.243758e-02 -1.041477e-03 9.994733e-01 9.288142e+01
9.995097e-01 -1.914311e-04 3.130945e-02 1.606695e+02 2.082306e-04 9.999998e-01 -5.332569e-04 -8.078014e+00 -3.130925e-02 5.395138e-04 9.995096e-01 9.292354e+01
9.994313e-01 -1.214292e-04 -3.372189e-02 1.636053e+02 1.577759e-04 9.999994e-01 1.075224e-03 -8.176689e+00 3.372164e-02 -1.079932e-03 9.994307e-01 9.301336e+01
9.995189e-01 -1.925087e-04 3.101371e-02 1.664263e+02 2.096012e-04 9.999998e-01 -5.478329e-04 -8.273687e+00 -3.101350e-02 5.540686e-04 9.995188e-01 9.318616e+01
9.994478e-01 -8.330071e-05 -3.323012e-02 1.692717e+02 1.192872e-04 9.999994e-01 1.081013e-03 -8.372435e+00 3.322991e-02 -1.084379e-03 9.994472e-01 9.339951e+01
9.995405e-01 -2.540932e-04 3.031014e-02 1.722196e+02 2.699601e-04 9.999998e-01 -5.193460e-04 -8.473428e+00 -3.030991e-02 5.272887e-04 9.995404e-01 9.357085e+01
9.994516e-01 -3.500397e-05 -3.311555e-02 1.748433e+02 6.895097e-05 9.999995e-01 1.024013e-03 -8.564775e+00 3.311540e-02 -1.025733e-03 9.994510e-01 9.377562e+01
9.995636e-01 -2.776502e-04 2.953569e-02 1.773623e+02 2.935088e-04 9.999998e-01 -5.325492e-04 -8.653702e+00 -2.953544e-02 5.409846e-04 9.995635e-01 9.401652e+01
9.994710e-01 -5.628043e-06 -3.252491e-02 1.798802e+02 3.875392e-05 9.999995e-01 1.017894e-03 -8.741395e+00 3.252479e-02 -1.018615e-03 9.994704e-01 9.420661e+01
9.995603e-01 -2.935093e-04 2.964743e-02 1.823896e+02 3.100500e-04 9.999998e-01 -5.532718e-04 -8.828149e+00 -2.964717e-02 5.622196e-04 9.995602e-01 9.436876e+01
9.994857e-01 3.605848e-05 -3.206887e-02 1.845782e+02 -5.979187e-06 9.999996e-01 9.381019e-04 -8.902913e+00 3.206879e-02 -9.374265e-04 9.994853e-01 9.446266e+01
9.995634e-01 -3.141284e-04 2.954305e-02 1.864023e+02 3.340478e-04 9.999997e-01 -6.692688e-04 -8.963517e+00 -2.954273e-02 6.788443e-04 9.995632e-01 9.446752e+01
9.994964e-01 6.049518e-05 -3.173312e-02 1.882162e+02 -3.050930e-05 9.999996e-01 9.454710e-04 -9.024231e+00 3.173307e-02 -9.440255e-04 9.994960e-01 9.449235e+01
9.995700e-01 -3.519158e-04 2.931834e-02 1.902263e+02 3.707557e-04 9.999997e-01 -6.371149e-04 -9.090261e+00 -2.931801e-02 6.477097e-04 9.995699e-01 9.447712e+01
9.995070e-01 7.067907e-05 -3.140020e-02 1.924591e+02 -3.919188e-05 9.999995e-01 1.003433e-03 -9.163489e+00 3.140016e-02 -1.001707e-03 9.995064e-01 9.446224e+01
9.995742e-01 -3.470757e-04 2.917455e-02 1.945708e+02 3.667164e-04 9.999997e-01 -6.678194e-04 -9.233284e+00 -2.917421e-02 6.782326e-04 9.995741e-01 9.445954e+01
9.995445e-01 1.206912e-04 -3.017966e-02 1.966289e+02 -9.125000e-05 9.999995e-01 9.769569e-04 -9.301099e+00 3.017967e-02 -9.737568e-04 9.995441e-01 9.445180e+01
9.995465e-01 -3.124472e-04 3.010846e-02 1.986784e+02 3.335699e-04 9.999997e-01 -6.964848e-04 -9.369350e+00 -3.010814e-02 7.062110e-04 9.995464e-01 9.447655e+01
