9.999987e-01 -3.660638e-05 -1.598654e-03 7.444300e-01 3.672357e-05 1.000000e+00 7.328874e-05 -3.277770e-02 1.598651e-03 -7.334784e-05 9.999988e-01 2.256855e-01
9.999992e-01 1.555044e-07 1.273187e-03 1.843241e+00 -3.650824e-07 1.000000e+00 1.646236e-04 -8.570579e-02 -1.273187e-03 -1.646234e-04 9.999991e-01 8.308402e-01
9.999986e-01 -2.999709e-05 -1.673230e-03 2.905715e+00 3.012116e-05 1.000000e+00 7.413714e-05 -1.380969e-01 1.673228e-03 -7.418797e-05 9.999987e-01 1.464494e+00
9.999981e-01 2.749847e-05 1.923508e-03 3.968521e+00 -2.769405e-05 1.000000e+00 1.016598e-04 -1.883065e-01 -1.923505e-03 -1.017123e-04 9.999980e-01 1.993183e+00
9.999947e-01 -8.681119e-05 -3.264682e-03 4.793455e+00 8.690357e-05 1.000000e+00 2.816195e-05 -2.264573e-01 3.264680e-03 -2.844607e-05 9.999948e-01 2.328804e+00
9.999990e-01 -8.403847e-06 1.443742e-03 5.724417e+00 8.275233e-06 1.000000e+00 8.910319e-05 -2.648716e-01 -1.443743e-03 -8.909058e-05 9.999989e-01 2.535081e+00
9.999900e-01 -1.070753e-04 -4.478345e-03 6.544867e+00 1.071991e-04 1.000000e+00 2.741104e-05 -2.998708e-01 4.478343e-03 -2.789142e-05 9.999901e-01 2.750937e+00
9.999998e-01 6.320620e-05 6.315306e-04 6.956958e+00 -6.324527e-05 1.000000e+00 6.188520e-05 -3.249876e-01 -6.315279e-04 -6.192453e-05 9.999997e-01 3.109469e+00
9.999746e-01 -8.527733e-05 -7.127423e-03 7.286319e+00 8.599793e-05 1.000000e+00 1.007985e-04 -3.486518e-01 7.127416e-03 -1.014095e-04 9.999747e-01 3.515160e+00
9.999891e-01 1.391421e-04 -4.668083e-03 7.603593e+00 -1.381647e-04 1.000000e+00 2.096894e-04 -3.716830e-01 4.668109e-03 -2.090415e-04 9.999890e-01 3.928898e+00
9.999878e-01 -1.033518e-04 4.937815e-03 8.167462e+00 1.044838e-04 1.000000e+00 -2.290019e-04 -3.992991e-01 -4.937789e-03 2.295144e-04 9.999879e-01 4.183415e+00
9.999904e-01 1.320947e-04 -4.384461e-03 8.835654e+00 -1.312067e-04 1.000000e+00 2.028161e-04 -4.285608e-01 4.384485e-03 -2.022383e-04 9.999903e-01 4.363637e+00
9.999963e-01 -1.612354e-04 2.719762e-03 9.247029e+00 1.616909e-04 1.000000e+00 -1.672787e-04 -4.530451e-01 -2.719732e-03 1.677172e-04 9.999964e-01 4.701081e+00
9.999832e-01 1.577085e-04 -5.790885e-03 9.506505e+00 -1.561336e-04 1.000000e+00 2.724214e-04 -4.784006e-01 5.790924e-03 -2.715120e-04 9.999831e-01 5.280552e+00
9.999980e-01 -1.659194e-04 1.991881e-03 9.865156e+00 1.661095e-04 1.000000e+00 -9.532809e-05 -5.091196e-01 -1.991861e-03 9.565810e-05 9.999981e-01 5.950395e+00
9.998652e-01 2.031210e-04 -1.641666e-02 1.031361e+01 -1.961009e-04 9.999999e-01 4.292299e-04 -5.326155e-01 1.641674e-02 -4.259521e-04 9.998650e-01 6.206492e+00
9.999792e-01 -2.300664e-04 6.448704e-03 1.075640e+01 2.315550e-04 9.999999e-01 -2.301063e-04 -5.545501e-01 -6.448645e-03 2.315940e-04 9.999793e-01 6.392713e+00
9.997797e-01 2.601954e-04 -2.098931e-02 1.106836e+01 -2.507428e-04 9.999999e-01 4.529789e-04 -5.672418e-01 2.098941e-02 -4.476154e-04 9.997795e-01 6.378141e+00
9.999777e-01 -2.197857e-04 6.680676e-03 1.140270e+01 2.213188e-04 9.999999e-01 -2.287530e-04 -5.786416e-01 -6.680617e-03 2.302257e-04 9.999778e-01 6.291728e+00
9.997352e-01 2.545526e-04 -2.301148e-02 1.194192e+01 -2.411384e-04 9.999998e-01 5.857081e-04 -6.002750e-01 2.301161e-02 -5.800033e-04 9.997349e-01 6.361039e+00
9.998689e-01 -2.626478e-04 1.618848e-02 1.240181e+01 2.701800e-04 9.999999e-01 -4.630975e-04 -6.221662e-01 -1.618834e-02 4.674098e-04 9.998690e-01 6.525630e+00
9.998020e-01 2.519749e-04 -1.989838e-02 1.270585e+01 -2.419100e-04 9.999998e-01 5.082165e-04 -6.417696e-01 1.989850e-02 -5.033014e-04 9.998018e-01 6.799901e+00
9.999551e-01 -2.377242e-04 9.472528e-03 1.306298e+01 2.404307e-04 9.999999e-01 -2.845913e-04 -6.631336e-01 -9.472447e-03 2.868551e-04 9.999552e-01 7.084271e+00
9.998087e-01 1.685223e-04 -1.955953e-02 1.363974e+01 -1.587615e-04 9.999999e-01 5.005792e-04 -6.881711e-01 1.955959e-02 -4.973773e-04 9.998085e-01 7.212180e+00
9.999063e-01 -2.706759e-04 1.368971e-02 1.430494e+01 2.752845e-04 9.999999e-01 -3.347696e-04 -7.185496e-01 -1.368961e-02 3.385059e-04 9.999063e-01 7.450695e+00
9.998293e-01 2.239348e-04 -1.847556e-02 1.472033e+01 -2.153944e-04 9.999999e-01 4.642393e-04 -7.438877e-01 1.847565e-02 -4.601796e-04 9.998291e-01 7.816124e+00
9.999517e-01 -3.038693e-04 9.820572e-03 1.523372e+01 3.063733e-04 9.999999e-01 -2.534875e-04 -7.702862e-01 -9.820479e-03 2.564831e-04 9.999518e-01 8.080528e+00
9.999105e-01 1.436176e-04 -1.337698e-02 1.612154e+01 -1.392369e-04 9.999999e-01 3.284051e-04 -8.006731e-01 1.337701e-02 -3.265123e-04 9.999104e-01 8.019807e+00
9.999334e-01 -3.087631e-04 1.153327e-02 1.691769e+01 3.140625e-04 9.999998e-01 -4.576872e-04 -8.166001e-01 -1.153311e-02 4.612780e-04 9.999335e-01 7.510354e+00
9.999250e-01 9.968726e-05 -1.224479e-02 1.704308e+01 -9.722166e-05 1.000000e+00 2.019478e-04 -8.072940e-01 1.224479e-02 -2.007413e-04 9.999249e-01 6.720223e+00
9.999224e-01 -4.560705e-04 1.244953e-02 1.659650e+01 4.638887e-04 9.999997e-01 -6.251198e-04 -7.675384e-01 -1.244923e-02 6.308456e-04 9.999224e-01 5.252148e+00
9.999116e-01 1.049725e-04 -1.329226e-02 1.618005e+01 -1.019481e-04 1.000000e+00 2.281996e-04 -7.279859e-01 1.329226e-02 -2.268235e-04 9.999115e-01 3.751810e+00
9.999525e-01 -2.865393e-04 9.739320e-03 1.626108e+01 2.906585e-04 9.999999e-01 -4.215391e-04 -7.182191e-01 -9.739181e-03 4.243491e-04 9.999526e-01 3.003161e+00
9.999447e-01 5.135715e-06 -1.051582e-02 1.593621e+01 -4.155341e-06 1.000000e+00 9.324295e-05 -6.894552e-01 1.051580e-02 -9.319334e-05 9.999446e-01 1.881043e+00
9.999464e-01 -2.987836e-04 1.034458e-02 1.556283e+01 3.034378e-04 9.999999e-01 -4.483586e-04 -6.582523e-01 -1.034442e-02 4.514728e-04 9.999465e-01 7.077400e-01
9.999460e-01 -9.388390e-05 -1.039617e-02 1.497456e+01 9.428033e-05 1.000000e+00 3.763604e-05 -6.152442e-01 1.039615e-02 -3.861347e-05 9.999459e-01 -7.425727e-01
9.999563e-01 -3.015816e-04 9.342886e-03 1.438836e+01 3.056481e-04 9.999999e-01 -4.338319e-04 -5.715637e-01 -9.342737e-03 4.366679e-04 9.999564e-01 -2.232311e+00
9.999461e-01 -5.853808e-05 -1.038315e-02 1.386027e+01 5.922243e-05 1.000000e+00 6.559514e-05 -5.325626e-01 1.038313e-02 -6.620590e-05 9.999460e-01 -3.574825e+00
9.999500e-01 -3.050842e-04 9.991357e-03 1.331767e+01 3.097004e-04 9.999998e-01 -4.604818e-04 -4.931529e-01 -9.991198e-03 4.635525e-04 9.999501e-01 -4.914599e+00
9.999529e-01 -1.023055e-04 -9.709627e-03 1.267781e+01 1.026451e-04 1.000000e+00 3.447076e-05 -4.475982e-01 9.709606e-03 -3.546524e-05 9.999528e-01 -6.407162e+00
9.999471e-01 -3.241582e-04 1.027862e-02 1.199559e+01 3.291674e-04 9.999998e-01 -4.856531e-04 -3.985627e-01 -1.027845e-02 4.890104e-04 9.999472e-01 -8.006698e+00
9.999572e-01 -1.237540e-05 -9.256566e-03 1.147106e+01 1.310302e-05 1.000000e+00 7.853874e-05 -3.594725e-01 9.256548e-03 -7.865620e-05 9.999571e-01 -9.326425e+00
9.999453e-01 -2.773206e-04 1.046043e-02 1.099527e+01 2.820676e-04 9.999999e-01 -4.523323e-04 -3.258150e-01 -1.046028e-02 4.552577e-04 9.999453e-01 -1.045712e+01
9.999566e-01 -4.220377e-05 -9.315602e-03 1.045479e+01 4.284468e-05 1.000000e+00 6.859451e-05 -2.890491e-01 9.315583e-03 -6.899027e-05 9.999565e-01 -1.165140e+01
9.999486e-01 -2.708440e-04 1.013820e-02 9.941414e+00 2.755417e-04 9.999999e-01 -4.619733e-04 -2.523902e-01 -1.013805e-02 4.647427e-04 9.999486e-01 -1.287193e+01
9.999471e-01 -2.327980e-05 -1.028699e-02 9.457676e+00 2.430173e-05 1.000000e+00 9.921201e-05 -2.180589e-01 1.028697e-02 -9.945643e-05 9.999470e-01 -1.402601e+01
9.999605e-01 -3.149469e-04 8.880605e-03 8.867340e+00 3.190540e-04 9.999998e-01 -4.610805e-04 -1.785395e-01 -8.880442e-03 4.638954e-04 9.999606e-01 -1.529821e+01
9.999436e-01 -8.795919e-05 -1.061768e-02 8.170007e+00 8.892323e-05 1.000000e+00 9.032021e-05 -1.328583e-01 1.061765e-02 -9.125902e-05 9.999435e-01 -1.673562e+01
9.999928e-01 -1.629228e-04 3.796809e-03 7.669339e+00 1.639955e-04 9.999999e-01 -2.822128e-04 -1.011657e-01 -3.796745e-03 2.828332e-04 9.999929e-01 -1.775549e+01
9.997409e-01 1.456318e-04 -2.276337e-02 7.639395e+00 -1.338620e-04 9.999999e-01 5.185715e-04 -9.677759e-02 2.276343e-02 -5.153897e-04 9.997406e-01 -1.811290e+01
9.999944e-01 -1.218643e-04 3.343852e-03 7.983390e+00 1.224276e-04 1.000000e+00 -1.682796e-04 -1.115681e-01 -3.343810e-03 1.686877e-04 9.999945e-01 -1.808984e+01
9.996921e-01 1.835498e-04 -2.481357e-02 8.369718e+00 -1.687670e-04 9.999998e-01 5.978463e-04 -1.264654e-01 2.481365e-02 -5.934741e-04 9.996918e-01 -1.810057e+01
9.999929e-01 -1.003927e-04 3.763180e-03 8.858579e+00 1.006213e-04 1.000000e+00 -6.057244e-05 -1.516859e-01 -3.763148e-03 6.095027e-05 9.999930e-01 -1.781417e+01
9.997106e-01 1.991843e-04 -2.405656e-02 9.245524e+00 -1.850414e-04 9.999998e-01 5.901235e-04 -1.750507e-01 2.405665e-02 -5.855008e-04 9.997103e-01 -1.747551e+01
9.999981e-01 -6.100738e-05 -1.942124e-03 9.744829e+00 6.115097e-05 1.000000e+00 7.392312e-05 -1.991498e-01 1.942150e-03 -7.404224e-05 9.999982e-01 -1.723906e+01
9.997185e-01 1.929125e-04 -2.372663e-02 1.022429e+01 -1.787819e-04 9.999998e-01 5.976757e-04 -2.234826e-01 2.372671e-02 -5.932650e-04 9.997182e-01 -1.697169e+01
9.999789e-01 3.448911e-06 -6.503533e-03 1.064465e+01 -2.415533e-06 1.000000e+00 1.589223e-04 -2.440374e-01 6.503568e-03 -1.589039e-04 9.999789e-01 -1.677560e+01
9.998010e-01 1.191326e-04 -1.994964e-02 1.115496e+01 -1.087818e-04 9.999999e-01 5.199232e-04 -2.678492e-01 1.994966e-02 -5.176489e-04 9.998008e-01 -1.657192e+01
9.999237e-01 8.232550e-05 -1.235088e-02 1.165319e+01 -7.809277e-05 9.999999e-01 3.432021e-04 -2.923192e-01 1.235095e-02 -3.422122e-04 9.999238e-01 -1.631326e+01
9.997691e-01 1.567590e-04 -2.148519e-02 1.207885e+01 -1.448097e-04 9.999998e-01 5.577106e-04 -3.148422e-01 2.148523e-02 -5.544698e-04 9.997689e-01 -1.603602e+01
9.999353e-01 9.907070e-05 -1.137964e-02 1.245846e+01 -9.556080e-05 9.999999e-01 3.090004e-04 -3.361782e-01 1.137971e-02 -3.078939e-04 9.999353e-01 -1.574156e+01
9.997153e-01 1.525221e-04 -2.386017e-02 1.294129e+01 -1.367973e-04 9.999998e-01 6.606594e-04 -3.617943e-01 2.386022e-02 -6.572063e-04 9.997150e-01 -1.540405e+01
9.999639e-01 6.985278e-05 -8.501264e-03 1.345136e+01 -6.795141e-05 1.000000e+00 2.239824e-04 -3.880904e-01 8.501332e-03 -2.233977e-04 9.999639e-01 -1.507667e+01
9.994959e-01 2.934473e-04 -3.174586e-02 1.376853e+01 -2.662264e-04 9.999996e-01 8.616789e-04 -4.085209e-01 3.174604e-02 -8.527918e-04 9.994955e-01 -1.473179e+01
9.999995e-01 -4.043161e-05 1.025224e-03 1.412828e+01 4.050720e-05 1.000000e+00 -7.411154e-05 -4.299949e-01 -1.025163e-03 7.415182e-05 9.999996e-01 -1.440749e+01
9.996058e-01 2.132500e-04 -2.807336e-02 1.449401e+01 -1.925589e-04 9.999997e-01 7.397213e-04 -4.498985e-01 2.807345e-02 -7.340227e-04 9.996055e-01 -1.417283e+01
9.999716e-01 7.387103e-05 -7.534395e-03 1.481585e+01 -7.261913e-05 1.000000e+00 1.664952e-04 -4.683327e-01 7.534471e-03 -1.659447e-04 9.999717e-01 -1.392223e+01
9.996358e-01 2.029328e-04 -2.698683e-02 1.509712e+01 -1.849004e-04 9.999998e-01 6.706685e-04 -4.847417e-01 2.698689e-02 -6.654330e-04 9.996355e-01 -1.370660e+01
1.000000e+00 -2.725226e-05 -1.453766e-04 1.533590e+01 2.723774e-05 1.000000e+00 -9.589324e-05 -4.981872e-01 1.454472e-04 9.588786e-05 1.000000e+00 -1.357651e+01
9.996168e-01 2.083886e-04 -2.767902e-02 1.562042e+01 -1.885215e-04 9.999997e-01 7.203539e-04 -5.135268e-01 2.767909e-02 -7.148583e-04 9.996165e-01 -1.342506e+01
9.999949e-01 -7.210920e-05 3.184243e-03 1.587607e+01 7.291774e-05 1.000000e+00 -2.540109e-04 -5.243474e-01 -3.184152e-03 2.542403e-04 9.999950e-01 -1.342833e+01
9.997525e-01 1.907096e-04 -2.224418e-02 1.614393e+01 -1.760467e-04 9.999998e-01 6.611065e-04 -5.398472e-01 2.224423e-02 -6.570254e-04 9.997523e-01 -1.325222e+01
9.999872e-01 9.133507e-05 -5.054480e-03 1.629948e+01 -9.132325e-05 1.000000e+00 2.710127e-06 -5.530679e-01 5.054555e-03 -2.250042e-06 9.999873e-01 -1.300615e+01
9.996370e-01 2.627957e-04 -2.694030e-02 1.638635e+01 -2.413366e-04 9.999997e-01 7.997641e-04 -5.658400e-01 2.694042e-02 -7.929706e-04 9.996366e-01 -1.268107e+01
9.996111e-01 -8.358135e-05 2.788689e-02 1.655052e+01 1.081868e-04 9.999996e-01 -8.808521e-04 -5.838578e-01 -2.788673e-02 8.835249e-04 9.996108e-01 -1.227472e+01
9.999948e-01 4.389708e-04 -3.180695e-03 1.671442e+01 -4.386793e-04 9.999999e-01 9.211788e-05 -5.982676e-01 3.180660e-03 -9.072061e-05 9.999949e-01 -1.202264e+01
9.995226e-01 -4.640178e-05 3.089599e-02 1.702964e+01 7.620169e-05 9.999995e-01 -9.633695e-04 -6.137483e-01 -3.089585e-02 9.652626e-04 9.995222e-01 -1.192104e+01
9.999893e-01 4.279317e-04 -4.601654e-03 1.739996e+01 -4.273349e-04 9.999999e-01 1.305341e-04 -6.329521e-01 4.601637e-03 -1.285649e-04 9.999893e-01 -1.173022e+01
9.995799e-01 -4.771776e-05 2.898237e-02 1.787571e+01 7.312746e-05 9.999996e-01 -8.756906e-04 -6.556280e-01 -2.898225e-02 8.774409e-04 9.995796e-01 -1.153401e+01
9.999251e-01 3.211768e-04 -1.223643e-02 1.848291e+01 -3.168084e-04 9.999999e-01 3.588962e-04 -6.835067e-01 1.223647e-02 -3.549915e-04 9.999250e-01 -1.130817e+01
9.995556e-01 -3.620580e-05 2.981120e-02 1.901366e+01 6.253766e-05 9.999996e-01 -8.823733e-04 -7.104351e-01 -2.981109e-02 8.838443e-04 9.995552e-01 -1.101959e+01
9.998844e-01 2.943263e-04 -1.520167e-02 1.962125e+01 -2.875606e-04 9.999999e-01 4.472160e-04 -7.398328e-01 1.520173e-02 -4.427918e-04 9.998843e-01 -1.073521e+01
9.996558e-01 -7.555104e-05 2.623552e-02 2.010167e+01 9.573295e-05 9.999997e-01 -7.680220e-04 -7.671982e-01 -2.623539e-02 7.702681e-04 9.996556e-01 -1.037058e+01
9.999408e-01 3.389924e-04 -1.087585e-02 2.061801e+01 -3.356176e-04 9.999999e-01 3.120880e-04 -7.949692e-01 1.087589e-02 -3.084184e-04 9.999407e-01 -1.003002e+01
9.997216e-01 -9.405647e-05 2.359599e-02 2.090704e+01 1.100673e-04 9.999998e-01 -6.772610e-04 -8.191687e-01 -2.359586e-02 6.796686e-04 9.997214e-01 -9.528545e+00
9.998121e-01 2.429968e-04 -1.938198e-02 2.112721e+01 -2.325160e-04 9.999998e-01 5.429831e-04 -8.407002e-01 1.938204e-02 -5.383734e-04 9.998119e-01 -9.053449e+00
9.998652e-01 -1.826674e-04 1.642148e-02 2.128897e+01 1.904593e-04 9.999999e-01 -4.729547e-04 -8.606612e-01 -1.642133e-02 4.760176e-04 9.998651e-01 -8.571079e+00
9.995505e-01 3.127177e-04 -2.997945e-02 2.139031e+01 -2.890900e-04 9.999996e-01 7.924496e-04 -8.770651e-01 2.997962e-02 -7.834256e-04 9.995501e-01 -8.155213e+00
1.000000e+00 6.276648e-06 1.048651e-04 2.141751e+01 -6.271516e-06 1.000000e+00 -5.305640e-05 -8.883414e-01 -1.047989e-04 5.305467e-05 1.000000e+00 -7.833655e+00
9.994691e-01 3.508211e-04 -3.257956e-02 2.151389e+01 -3.224968e-04 9.999996e-01 8.746268e-04 -9.013968e-01 3.257979e-02 -8.636545e-04 9.994687e-01 -7.511622e+00
9.999950e-01 -6.509777e-05 3.156942e-03 2.177918e+01 6.561241e-05 1.000000e+00 -1.630773e-04 -9.163025e-01 -3.156860e-03 1.632824e-04 9.999951e-01 -7.333237e+00
9.995523e-01 3.075894e-04 -2.991640e-02 2.210435e+01 -2.828685e-04 9.999996e-01 8.305434e-04 -9.339361e-01 2.991657e-02 -8.217080e-04 9.995520e-01 -7.128894e+00
9.999737e-01 -9.790647e-05 7.257901e-03 2.235885e+01 9.978345e-05 1.000000e+00 -2.583317e-04 -9.510883e-01 -7.257801e-03 2.590479e-04 9.999737e-01 -6.867205e+00
9.993921e-01 3.922539e-04 -3.486134e-02 2.253464e+01 -3.592011e-04 9.999995e-01 9.543637e-04 -9.667006e-01 3.486162e-02 -9.412600e-04 9.993916e-01 -6.542380e+00
9.999473e-01 -1.201074e-04 1.026442e-02 2.266815e+01 1.235448e-04 9.999999e-01 -3.343170e-04 -9.821096e-01 -1.026430e-02 3.355661e-04 9.999473e-01 -6.180517e+00
9.992747e-01 4.101572e-04 -3.807603e-02 2.281185e+01 -3.727726e-04 9.999994e-01 9.889198e-04 -9.939816e-01 3.807634e-02 -9.740075e-04 9.992743e-01 -5.970688e+00
9.996064e-01 -3.351054e-04 2.805177e-02 2.319780e+01 3.568516e-04 9.999996e-01 -7.702426e-04 -1.014146e+00 -2.805142e-02 7.799484e-04 9.996063e-01 -5.771643e+00
9.995195e-01 3.744202e-04 -3.099269e-02 2.372740e+01 -3.503073e-04 9.999996e-01 7.834245e-04 -1.035865e+00 3.099289e-02 -7.721898e-04 9.995192e-01 -5.714106e+00
9.995476e-01 -3.199581e-04 3.007697e-02 2.414204e+01 3.436760e-04 9.999996e-01 -7.834310e-04 -1.058740e+00 -3.007663e-02 7.934119e-04 9.995474e-01 -5.456249e+00
9.995880e-01 4.012574e-04 -2.869936e-02 2.461722e+01 -3.800729e-04 9.999997e-01 7.435783e-04 -1.084623e+00 2.869957e-02 -7.323628e-04 9.995877e-01 -5.150956e+00
9.995515e-01 -3.129372e-04 2.994682e-02 2.510915e+01 3.357156e-04 9.999997e-01 -7.556309e-04 -1.112560e+00 -2.994649e-02 7.653442e-04 9.995513e-01 -4.780264e+00
9.995448e-01 4.016779e-04 -3.016760e-02 2.539393e+01 -3.776225e-04 9.999996e-01 8.030642e-04 -1.138387e+00 3.016783e-02 -7.913053e-04 9.995445e-01 -4.212835e+00
9.995324e-01 -3.289596e-04 3.057488e-02 2.580482e+01 3.539869e-04 9.999996e-01 -8.131732e-04 -1.163004e+00 -3.057452e-02 8.236148e-04 9.995322e-01 -3.873735e+00
9.995894e-01 4.268222e-04 -2.864820e-02 2.632344e+01 -4.050883e-04 9.999996e-01 7.644248e-04 -1.190237e+00 2.864843e-02 -7.525046e-04 9.995892e-01 -3.573229e+00
9.995813e-01 -3.690503e-04 2.893360e-02 2.683544e+01 3.915474e-04 9.999996e-01 -7.719056e-04 -1.216308e+00 -2.893322e-02 7.829100e-04 9.995811e-01 -3.315695e+00
9.995838e-01 4.106894e-04 -2.884375e-02 2.738145e+01 -3.886393e-04 9.999996e-01 7.700464e-04 -1.243491e+00 2.884397e-02 -7.585148e-04 9.995836e-01 -3.055127e+00
9.995673e-01 -3.501226e-04 2.941406e-02 2.787884e+01 3.732812e-04 9.999996e-01 -7.818690e-04 -1.269948e+00 -2.941369e-02 7.925091e-04 9.995671e-01 -2.755056e+00
9.996154e-01 4.414205e-04 -2.772699e-02 2.834024e+01 -4.215009e-04 9.999996e-01 7.242375e-04 -1.295010e+00 2.772722e-02 -7.122707e-04 9.996152e-01 -2.463511e+00
9.995895e-01 -3.613880e-04 2.864931e-02 2.877190e+01 3.829363e-04 9.999996e-01 -7.466813e-04 -1.320197e+00 -2.864895e-02 7.573443e-04 9.995893e-01 -2.128483e+00
9.996861e-01 4.935203e-04 -2.504700e-02 2.933880e+01 -4.767646e-04 9.999997e-01 6.749128e-04 -1.350752e+00 2.504725e-02 -6.627581e-04 9.996860e-01 -1.749839e+00
9.996447e-01 -4.144759e-04 2.665251e-02 3.000741e+01 4.330291e-04 9.999997e-01 -6.903738e-04 -1.381972e+00 -2.665214e-02 7.016685e-04 9.996446e-01 -1.487649e+00
9.996694e-01 4.672595e-04 -2.570805e-02 3.068040e+01 -4.500951e-04 9.999997e-01 6.734251e-04 -1.411751e+00 2.570827e-02 -6.616301e-04 9.996692e-01 -1.294938e+00
9.996369e-01 -4.004533e-04 2.694335e-02 3.130980e+01 4.190426e-04 9.999997e-01 -6.843243e-04 -1.441938e+00 -2.694299e-02 6.953649e-04 9.996368e-01 -1.021292e+00
9.997679e-01 5.516006e-04 -2.153671e-02 3.180697e+01 -5.399177e-04 9.999997e-01 5.482483e-04 -1.470465e+00 2.153693e-02 -5.364918e-04 9.997678e-01 -6.305035e-01
9.995766e-01 -3.561816e-04 2.909651e-02 3.222877e+01 3.779224e-04 9.999997e-01 -7.417246e-04 -1.497268e+00 -2.909616e-02 7.524055e-04 9.995764e-01 -2.082836e-01
9.995994e-01 4.533864e-04 -2.829997e-02 3.262590e+01 -4.316642e-04 9.999996e-01 7.736527e-04 -1.525759e+00 2.830023e-02 -7.611254e-04 9.995991e-01 3.164731e-01
9.994428e-01 -2.844297e-04 3.337793e-02 3.307373e+01 3.141791e-04 9.999996e-01 -8.860674e-04 -1.554234e+00 -3.337759e-02 8.960591e-04 9.994425e-01 7.744197e-01
9.995821e-01 4.244428e-04 -2.890218e-02 3.364795e+01 -4.025027e-04 9.999996e-01 7.649072e-04 -1.583537e+00 2.890241e-02 -7.529532e-04 9.995819e-01 1.087207e+00
9.993463e-01 -2.476697e-04 3.615110e-02 3.413110e+01 2.833895e-04 9.999995e-01 -9.829661e-04 -1.608413e+00 -3.615076e-02 9.925671e-04 9.993459e-01 1.344473e+00
9.994839e-01 3.958949e-04 -3.211959e-02 3.449727e+01 -3.682555e-04 9.999996e-01 8.664083e-04 -1.633030e+00 3.211984e-02 -8.541318e-04 9.994836e-01 1.744485e+00
9.993484e-01 -2.537718e-04 3.609376e-02 3.499691e+01 2.888840e-04 9.999995e-01 -9.676099e-04 -1.660850e+00 -3.609342e-02 9.774051e-04 9.993480e-01 2.098719e+00
9.995912e-01 4.449593e-04 -2.858543e-02 3.559624e+01 -4.236423e-04 9.999996e-01 7.517653e-04 -1.688922e+00 2.858568e-02 -7.393469e-04 9.995910e-01 2.329400e+00
9.995094e-01 -3.268676e-04 3.131927e-02 3.603268e+01 3.526484e-04 9.999996e-01 -8.176614e-04 -1.714714e+00 -3.131891e-02 8.283038e-04 9.995092e-01 2.681648e+00
9.995463e-01 4.059211e-04 -3.011541e-02 3.661886e+01 -3.816250e-04 9.999996e-01 8.124950e-04 -1.744580e+00 3.011565e-02 -8.006324e-04 9.995460e-01 3.001400e+00
9.992479e-01 -2.053525e-04 3.877554e-02 3.721893e+01 2.455109e-04 9.999994e-01 -1.030920e-03 -1.775671e+00 -3.877523e-02 1.039663e-03 9.992475e-01 3.361876e+00
9.996119e-01 4.634943e-04 -2.785306e-02 3.780458e+01 -4.422401e-04 9.999996e-01 7.692198e-04 -1.808919e+00 2.785334e-02 -7.566024e-04 9.996117e-01 3.832939e+00
9.994728e-01 -3.064370e-04 3.246566e-02 3.837455e+01 3.342294e-04 9.999996e-01 -8.506491e-04 -1.840869e+00 -3.246531e-02 8.610505e-04 9.994726e-01 4.270983e+00
9.997027e-01 4.935682e-04 -2.437837e-02 3.883512e+01 -4.783431e-04 9.999997e-01 6.303385e-04 -1.868175e+00 2.437860e-02 -6.184888e-04 9.997025e-01 4.663717e+00
9.994069e-01 -2.823520e-04 3.443501e-02 3.929204e+01 3.133310e-04 9.999996e-01 -8.942602e-04 -1.896393e+00 -3.443466e-02 9.045183e-04 9.994066e-01 5.100538e+00
9.995963e-01 4.520131e-04 -2.840846e-02 3.988022e+01 -4.308198e-04 9.999996e-01 7.521218e-04 -1.927668e+00 2.840872e-02 -7.395782e-04 9.995960e-01 5.484968e+00
9.995586e-01 -3.842683e-04 2.970604e-02 4.060856e+01 4.065276e-04 9.999996e-01 -7.432974e-04 -1.961782e+00 -2.970567e-02 7.550446e-04 9.995585e-01 5.790208e+00
9.997948e-01 5.762524e-04 -2.024906e-02 4.139817e+01 -5.662086e-04 9.999997e-01 5.017252e-04 -1.997592e+00 2.024927e-02 -4.901561e-04 9.997948e-01 6.089928e+00
9.993509e-01 -2.893025e-04 3.602492e-02 4.216717e+01 3.222849e-04 9.999995e-01 -9.097542e-04 -2.033152e+00 -3.602457e-02 9.207730e-04 9.993506e-01 6.413238e+00
9.997989e-01 5.700909e-04 -2.004275e-02 4.298011e+01 -5.609241e-04 9.999997e-01 4.629664e-04 -2.067913e+00 2.004294e-02 -4.516300e-04 9.997989e-01 6.641308e+00
9.994056e-01 -3.007680e-04 3.447269e-02 4.381287e+01 3.301480e-04 9.999996e-01 -8.465898e-04 -2.102958e+00 -3.447235e-02 8.574668e-04 9.994054e-01 6.855020e+00
9.996697e-01 4.863247e-04 -2.569417e-02 4.455486e+01 -4.711401e-04 9.999997e-01 5.970129e-04 -2.135033e+00 2.569438e-02 -5.847094e-04 9.996696e-01 7.063115e+00
9.993249e-01 -2.507479e-04 3.673906e-02 4.517027e+01 2.827058e-04 9.999996e-01 -8.646787e-04 -2.168005e+00 -3.673876e-02 8.744805e-04 9.993246e-01 7.488693e+00
9.996282e-01 4.719161e-04 -2.726038e-02 4.585503e+01 -4.546633e-04 9.999997e-01 6.390750e-04 -2.203153e+00 2.726060e-02 -6.264423e-04 9.996281e-01 7.910341e+00
9.992919e-01 -2.340673e-04 3.762518e-02 4.676183e+01 2.670848e-04 9.999996e-01 -8.725229e-04 -2.243533e+00 -3.762490e-02 8.819535e-04 9.992916e-01 8.251217e+00
9.994659e-01 3.874579e-04 -3.267743e-02 4.760922e+01 -3.618524e-04 9.999996e-01 7.894872e-04 -2.281820e+00 3.267765e-02 -7.772403e-04 9.994656e-01 8.582724e+00
9.992525e-01 -2.024798e-04 3.865733e-02 4.818277e+01 2.378321e-04 9.999996e-01 -9.099191e-04 -2.314408e+00 -3.865706e-02 9.184321e-04 9.992522e-01 9.047867e+00
9.994200e-01 3.531064e-04 -3.405031e-02 4.890615e+01 -3.254792e-04 9.999996e-01 8.168967e-04 -2.349369e+00 3.405052e-02 -8.053396e-04 9.994197e-01 9.401873e+00
9.991350e-01 -1.496014e-04 4.158347e-02 4.959448e+01 1.914048e-04 9.999995e-01 -1.001318e-03 -2.382123e+00 -4.158324e-02 1.008411e-03 9.991346e-01 9.716622e+00
9.995029e-01 4.098952e-04 -3.152369e-02 5.001229e+01 -3.861262e-04 9.999996e-01 7.600817e-04 -2.412856e+00 3.152392e-02 -7.475311e-04 9.995026e-01 1.031793e+01
9.991163e-01 -1.282634e-04 4.203158e-02 5.055205e+01 1.693879e-04 9.999995e-01 -9.748658e-04 -2.447861e+00 -4.203137e-02 9.811233e-04 9.991159e-01 1.093672e+01
9.993403e-01 3.169099e-04 -3.631656e-02 5.132115e+01 -2.853652e-04 9.999996e-01 8.737789e-04 -2.485790e+00 3.631676e-02 -8.628383e-04 9.993399e-01 1.136102e+01
9.991929e-01 -1.890778e-04 4.016957e-02 5.227259e+01 2.257075e-04 9.999996e-01 -9.073505e-04 -2.526727e+00 -4.016932e-02 9.156841e-04 9.991926e-01 1.166002e+01
9.992686e-01 2.862766e-04 -3.823808e-02 5.315408e+01 -2.503520e-04 9.999995e-01 9.442794e-04 -2.567536e+00 3.823827e-02 -9.340152e-04 9.992681e-01 1.204605e+01
9.991864e-01 -1.876362e-04 4.033128e-02 5.401042e+01 2.251980e-04 9.999995e-01 -9.267970e-04 -2.607038e+00 -4.033102e-02 9.351248e-04 9.991860e-01 1.241043e+01
9.992931e-01 2.949135e-04 -3.759335e-02 5.496254e+01 -2.608050e-04 9.999995e-01 9.121967e-04 -2.647714e+00 3.759354e-02 -9.017467e-04 9.992926e-01 1.269494e+01
9.991776e-01 -1.781450e-04 4.054801e-02 5.581616e+01 2.164676e-04 9.999995e-01 -9.407350e-04 -2.685113e+00 -4.054776e-02 9.487381e-04 9.991772e-01 1.297718e+01
9.993117e-01 3.045046e-04 -3.709427e-02 5.658737e+01 -2.726625e-04 9.999996e-01 8.634621e-04 -2.719118e+00 3.709445e-02 -8.527530e-04 9.993113e-01 1.322173e+01
9.991420e-01 -1.588697e-04 4.141590e-02 5.729292e+01 1.989618e-04 9.999995e-01 -9.639218e-04 -2.751578e+00 -4.141566e-02 9.713343e-04 9.991416e-01 1.349192e+01
9.993526e-01 3.107616e-04 -3.597665e-02 5.787888e+01 -2.822936e-04 9.999996e-01 7.963611e-04 -2.779622e+00 3.597683e-02 -7.856890e-04 9.993522e-01 1.374005e+01
9.990852e-01 -1.106203e-04 4.276485e-02 5.825182e+01 1.519413e-04 9.999995e-01 -9.629926e-04 -2.806475e+00 -4.276466e-02 9.686088e-04 9.990848e-01 1.423371e+01
9.993437e-01 3.037424e-04 -3.622295e-02 5.864979e+01 -2.753834e-04 9.999997e-01 7.878836e-04 -2.833403e+00 3.622312e-02 -7.773908e-04 9.993433e-01 1.469956e+01
9.990185e-01 -1.128256e-04 4.429424e-02 5.909232e+01 1.592200e-04 9.999994e-01 -1.043891e-03 -2.857068e+00 -4.429404e-02 1.049918e-03 9.990181e-01 1.497251e+01
9.994216e-01 3.353722e-04 -3.400424e-02 5.961275e+01 -3.100279e-04 9.999997e-01 7.505955e-04 -2.885897e+00 3.400442e-02 -7.396187e-04 9.994213e-01 1.535248e+01
9.991375e-01 -1.607811e-04 4.152293e-02 6.001495e+01 2.018686e-04 9.999995e-01 -9.853260e-04 -2.908909e+00 -4.152270e-02 9.928580e-04 9.991372e-01 1.564877e+01
9.993726e-01 3.021248e-04 -3.541632e-02 6.041503e+01 -2.757646e-04 9.999997e-01 7.491748e-04 -2.928710e+00 3.541648e-02 -7.389378e-04 9.993723e-01 1.581756e+01
9.991040e-01 -1.385659e-04 4.232143e-02 6.089530e+01 1.806631e-04 9.999995e-01 -9.908830e-04 -2.950779e+00 -4.232122e-02 9.976407e-04 9.991036e-01 1.597042e+01
9.993528e-01 2.773930e-04 -3.597077e-02 6.149668e+01 -2.513637e-04 9.999997e-01 7.281407e-04 -2.972331e+00 3.597091e-02 -7.186273e-04 9.993525e-01 1.594284e+01
9.989793e-01 -1.436634e-04 4.517118e-02 6.187276e+01 1.950928e-04 9.999993e-01 -1.134142e-03 -2.982395e+00 -4.517093e-02 1.141797e-03 9.989787e-01 1.573199e+01
9.995121e-01 3.542204e-04 -3.123261e-02 6.220711e+01 -3.350389e-04 9.999998e-01 6.193762e-04 -2.995346e+00 3.123277e-02 -6.086096e-04 9.995119e-01 1.570281e+01
9.990175e-01 -1.340095e-04 4.431847e-02 6.270947e+01 1.831116e-04 9.999994e-01 -1.103884e-03 -3.012638e+00 -4.431825e-02 1.110914e-03 9.990169e-01 1.563730e+01
9.997254e-01 4.546382e-04 -2.343086e-02 6.326886e+01 -4.446346e-04 9.999998e-01 4.321475e-04 -3.034783e+00 2.343100e-02 -4.216105e-04 9.997253e-01 1.569303e+01
9.989249e-01 -7.120267e-05 4.635827e-02 6.353073e+01 1.222103e-04 9.999994e-01 -1.097460e-03 -3.056878e+00 -4.635811e-02 1.101945e-03 9.989244e-01 1.614493e+01
9.996147e-01 4.183145e-04 -2.775529e-02 6.374738e+01 -4.023001e-04 9.999997e-01 5.825663e-04 -3.082566e+00 2.775548e-02 -5.711758e-04 9.996145e-01 1.680358e+01
9.985416e-01 2.025718e-05 5.398874e-02 6.410218e+01 5.283068e-05 9.999991e-01 -1.352334e-03 -3.105375e+00 -5.398868e-02 1.353214e-03 9.985407e-01 1.716209e+01
9.995362e-01 3.690968e-04 -3.045052e-02 6.460583e+01 -3.498917e-04 9.999997e-01 6.360236e-04 -3.130168e+00 3.045070e-02 -6.250744e-04 9.995360e-01 1.740002e+01
9.985926e-01 2.505027e-05 5.303529e-02 6.498996e+01 4.373963e-05 9.999992e-01 -1.295898e-03 -3.154395e+00 -5.303524e-02 1.296394e-03 9.985919e-01 1.778106e+01
9.993346e-01 2.745322e-04 -3.647297e-02 6.541032e+01 -2.466092e-04 9.999997e-01 7.700777e-04 -3.176899e+00 3.647313e-02 -7.605710e-04 9.993342e-01 1.804082e+01
9.984631e-01 7.403531e-05 5.542076e-02 6.593989e+01 4.858439e-07 9.999991e-01 -1.344628e-03 -3.201240e+00 -5.542077e-02 1.342589e-03 9.984623e-01 1.822813e+01
9.994046e-01 2.940499e-04 -3.450273e-02 6.632359e+01 -2.702493e-04 9.999997e-01 6.944819e-04 -3.224286e+00 3.450289e-02 -6.847444e-04 9.994043e-01 1.856232e+01
9.984820e-01 1.080600e-04 5.507810e-02 6.660766e+01 -3.881749e-05 9.999992e-01 -1.258237e-03 -3.250096e+00 -5.507816e-02 1.254189e-03 9.984814e-01 1.914218e+01
9.992348e-01 2.155651e-04 -3.911309e-02 6.701582e+01 -1.839933e-04 9.999997e-01 8.107914e-04 -3.278208e+00 3.911322e-02 -8.029750e-04 9.992344e-01 1.964408e+01
9.983342e-01 1.420781e-04 5.769622e-02 6.727695e+01 -6.343404e-05 9.999991e-01 -1.364899e-03 -3.299954e+00 -5.769633e-02 1.358966e-03 9.983334e-01 2.008521e+01
9.994336e-01 2.681869e-04 -3.365134e-02 6.768059e+01 -2.469702e-04 9.999998e-01 6.346450e-04 -3.324669e+00 3.365147e-02 -6.259753e-04 9.994333e-01 2.045587e+01
9.980164e-01 2.379039e-04 6.295439e-02 6.831400e+01 -1.442769e-04 9.999989e-01 -1.491761e-03 -3.352156e+00 -6.295465e-02 1.479720e-03 9.980154e-01 2.063300e+01
9.992955e-01 2.120124e-04 -3.753069e-02 6.906659e+01 -1.841746e-04 9.999997e-01 7.451913e-04 -3.384341e+00 3.753081e-02 -7.377549e-04 9.992951e-01 2.084194e+01
9.980117e-01 2.431515e-04 6.302831e-02 6.969333e+01 -1.492482e-04 9.999989e-01 -1.494562e-03 -3.412063e+00 -6.302858e-02 1.482184e-03 9.980107e-01 2.103708e+01
9.991000e-01 1.332027e-04 -4.241628e-02 7.023443e+01 -9.656555e-05 9.999996e-01 8.658017e-04 -3.438399e+00 4.241637e-02 -8.609275e-04 9.990996e-01 2.128931e+01
9.980978e-01 2.256547e-04 6.164958e-02 7.076215e+01 -1.368608e-04 9.999989e-01 -1.444518e-03 -3.464008e+00 -6.164983e-02 1.433334e-03 9.980969e-01 2.152741e+01
9.990359e-01 1.159546e-04 -4.389966e-02 7.129550e+01 -7.647203e-05 9.999996e-01 9.010613e-04 -3.490205e+00 4.389973e-02 -8.968366e-04 9.990354e-01 2.178282e+01
9.981827e-01 2.103521e-04 6.025931e-02 7.167572e+01 -1.264773e-04 9.999990e-01 -1.395708e-03 -3.514218e+00 -6.025954e-02 1.385551e-03 9.981819e-01 2.215706e+01
9.991735e-01 1.460189e-04 -4.064910e-02 7.215969e+01 -1.143871e-04 9.999997e-01 7.804918e-04 -3.537842e+00 4.064919e-02 -7.751981e-04 9.991731e-01 2.237877e+01
9.979956e-01 2.685644e-04 6.328276e-02 7.255079e+01 -1.756084e-04 9.999989e-01 -1.474456e-03 -3.559991e+00 -6.328308e-02 1.460389e-03 9.979946e-01 2.266479e+01
9.989623e-01 6.301333e-05 -4.554542e-02 7.308053e+01 -2.148735e-05 9.999996e-01 9.122377e-04 -3.584836e+00 4.554545e-02 -9.103137e-04 9.989618e-01 2.286795e+01
9.978794e-01 3.104352e-04 6.508850e-02 7.361386e+01 -2.128965e-04 9.999988e-01 -1.505486e-03 -3.610516e+00 -6.508889e-02 1.488437e-03 9.978785e-01 2.310335e+01
9.989017e-01 2.237161e-05 -4.685398e-02 7.408313e+01 1.965453e-05 9.999996e-01 8.964983e-04 -3.631462e+00 4.685398e-02 -8.964360e-04 9.989012e-01 2.322859e+01
9.977490e-01 3.589601e-04 6.705800e-02 7.454185e+01 -2.560931e-04 9.999988e-01 -1.542590e-03 -3.652424e+00 -6.705847e-02 1.521946e-03 9.977480e-01 2.337032e+01
9.986776e-01 -3.960557e-05 -5.141123e-02 7.511286e+01 9.237559e-05 9.999995e-01 1.024053e-03 -3.676353e+00 5.141116e-02 -1.027449e-03 9.986769e-01 2.347908e+01
9.980035e-01 3.128921e-04 6.315788e-02 7.587063e+01 -2.257023e-04 9.999990e-01 -1.387635e-03 -3.706343e+00 -6.315825e-02 1.370611e-03 9.980027e-01 2.358670e+01
9.985505e-01 -8.239929e-05 -5.382264e-02 7.665816e+01 1.401625e-04 9.999994e-01 1.069438e-03 -3.734663e+00 5.382252e-02 -1.075434e-03 9.985498e-01 2.358743e+01
9.976743e-01 3.894559e-04 6.815980e-02 7.733109e+01 -2.830487e-04 9.999987e-01 -1.570794e-03 -3.757080e+00 -6.816033e-02 1.547850e-03 9.976733e-01 2.350881e+01
9.989005e-01 3.396833e-06 -4.688000e-02 7.782530e+01 3.704380e-05 9.999996e-01 8.617701e-04 -3.776944e+00 4.687999e-02 -8.625610e-04 9.989001e-01 2.356559e+01
9.979880e-01 3.280803e-04 6.340177e-02 7.842271e+01 -2.405502e-04 9.999990e-01 -1.388191e-03 -3.802044e+00 -6.340218e-02 1.370148e-03 9.979872e-01 2.369343e+01
9.989582e-01 1.912584e-05 -4.563562e-02 7.918723e+01 1.895515e-05 9.999997e-01 8.340212e-04 -3.830377e+00 4.563563e-02 -8.340191e-04 9.989577e-01 2.373361e+01
9.977917e-01 3.729923e-04 6.641976e-02 7.957911e+01 -2.732524e-04 9.999988e-01 -1.510739e-03 -3.846777e+00 -6.642026e-02 1.489255e-03 9.977907e-01 2.377901e+01
9.992001e-01 5.591161e-05 -3.998922e-02 7.957799e+01 -2.943171e-05 9.999998e-01 6.627592e-04 -3.857515e+00 3.998926e-02 -6.610541e-04 9.991998e-01 2.408458e+01
9.977639e-01 4.223103e-04 6.683531e-02 7.995282e+01 -3.225049e-04 9.999988e-01 -1.504088e-03 -3.876883e+00 -6.683589e-02 1.479172e-03 9.977630e-01 2.428195e+01
9.991238e-01 1.886196e-05 -4.185309e-02 8.053560e+01 1.009813e-05 9.999998e-01 6.917280e-04 -3.898373e+00 4.185311e-02 -6.915466e-04 9.991234e-01 2.428921e+01
9.973532e-01 5.384669e-04 7.270725e-02 8.117771e+01 -4.194338e-04 9.999985e-01 -1.652415e-03 -3.920898e+00 -7.270806e-02 1.617548e-03 9.973521e-01 2.426330e+01
9.990539e-01 -1.663543e-05 -4.348978e-02 8.173478e+01 4.803237e-05 9.999997e-01 7.208849e-04 -3.942488e+00 4.348978e-02 -7.222940e-04 9.990535e-01 2.430707e+01
9.971530e-01 6.018503e-04 7.540207e-02 8.237781e+01 -4.745231e-04 9.999984e-01 -1.706551e-03 -3.965879e+00 -7.540301e-02 1.665915e-03 9.971518e-01 2.431385e+01
9.991814e-01 -1.327918e-07 -4.045350e-02 8.292288e+01 2.464611e-05 9.999998e-01 6.054522e-04 -3.986742e+00 4.045352e-02 -6.059561e-04 9.991811e-01 2.434737e+01
9.971233e-01 6.312457e-04 7.579425e-02 8.343914e+01 -5.037130e-04 9.999984e-01 -1.701727e-03 -4.006401e+00 -7.579524e-02 1.658656e-03 9.971221e-01 2.437155e+01
9.990796e-01 -1.421134e-04 -4.289537e-02 8.368503e+01 1.676341e-04 9.999998e-01 5.913415e-04 -4.011935e+00 4.289531e-02 -5.979905e-04 9.990793e-01 2.413298e+01
9.972878e-01 6.482706e-04 7.359776e-02 8.407329e+01 -5.309803e-04 9.999986e-01 -1.613227e-03 -4.022094e+00 -7.359874e-02 1.569776e-03 9.972868e-01 2.391949e+01
9.989300e-01 -2.117230e-04 -4.624715e-02 8.446807e+01 2.425736e-04 9.999998e-01 6.614535e-04 -4.031994e+00 4.624704e-02 -6.719669e-04 9.989297e-01 2.368966e+01
9.975696e-01 6.497436e-04 6.967348e-02 8.508328e+01 -5.505263e-04 9.999988e-01 -1.443233e-03 -4.051839e+00 -6.967438e-02 1.401372e-03 9.975689e-01 2.359157e+01
9.987706e-01 -2.926602e-04 -4.956947e-02 8.576966e+01 3.299883e-04 9.999997e-01 7.448475e-04 -4.073027e+00 4.956928e-02 -7.602920e-04 9.987703e-01 2.344952e+01
9.976507e-01 6.503707e-04 6.850308e-02 8.656089e+01 -5.562928e-04 9.999989e-01 -1.392417e-03 -4.096429e+00 -6.850396e-02 1.351041e-03 9.976500e-01 2.325966e+01
9.988825e-01 -2.887797e-04 -4.726190e-02 8.726327e+01 3.196851e-04 9.999997e-01 6.463408e-04 -4.116277e+00 4.726175e-02 -6.607304e-04 9.988822e-01 2.304861e+01
9.977544e-01 6.430397e-04 6.697623e-02 8.798965e+01 -5.563478e-04 9.999990e-01 -1.313023e-03 -4.138935e+00 -6.697706e-02 1.272816e-03 9.977538e-01 2.291330e+01
9.986340e-01 -3.634972e-04 -5.224976e-02 8.884908e+01 4.060951e-04 9.999996e-01 8.046407e-04 -4.165587e+00 5.224950e-02 -8.247630e-04 9.986336e-01 2.275830e+01
9.976171e-01 6.835512e-04 6.899043e-02 8.962038e+01 -5.888573e-04 9.999989e-01 -1.392905e-03 -4.189063e+00 -6.899136e-02 1.348964e-03 9.976164e-01 2.259707e+01
9.984400e-01 -4.208094e-04 -5.583394e-02 9.032552e+01 4.720214e-04 9.999995e-01 9.040157e-04 -4.211798e+00 5.583359e-02 -9.289634e-04 9.984396e-01 2.248815e+01
9.977702e-01 6.515710e-04 6.673942e-02 9.104273e+01 -5.643986e-04 9.999990e-01 -1.325021e-03 -4.234786e+00 -6.674027e-02 1.284402e-03 9.977696e-01 2.237285e+01
9.988193e-01 -3.485015e-04 -4.857923e-02 9.158226e+01 3.815874e-04 9.999997e-01 6.717735e-04 -4.253123e+00 4.857904e-02 -6.895207e-04 9.988190e-01 2.231215e+01
9.977421e-01 6.727103e-04 6.715833e-02 9.202189e+01 -5.848147e-04 9.999989e-01 -1.328448e-03 -4.270540e+00 -6.715921e-02 1.286177e-03 9.977415e-01 2.233780e+01
9.985902e-01 -4.157227e-04 -5.307908e-02 9.250219e+01 4.586691e-04 9.999996e-01 7.969012e-04 -4.289435e+00 5.307879e-02 -8.201267e-04 9.985899e-01 2.236293e+01
9.979841e-01 6.302933e-04 6.346128e-02 9.309773e+01 -5.549227e-04 9.999991e-01 -1.205298e-03 -4.311044e+00 -6.346204e-02 1.167656e-03 9.979837e-01 2.234492e+01
9.986303e-01 -4.085279e-04 -5.231909e-02 9.379799e+01 4.502694e-04 9.999996e-01 7.860148e-04 -4.334678e+00 5.231881e-02 -8.084992e-04 9.986300e-01 2.227145e+01
9.982776e-01 5.640859e-04 5.866425e-02 9.445284e+01 -5.027820e-04 9.999993e-01 -1.059771e-03 -4.358730e+00 -5.866487e-02 1.028454e-03 9.982773e-01 2.226632e+01
9.985065e-01 -4.275059e-04 -5.463062e-02 9.522325e+01 4.769624e-04 9.999995e-01 8.922281e-04 -4.389125e+00 5.463027e-02 -9.169557e-04 9.985061e-01 2.235451e+01
9.984063e-01 5.181786e-04 5.643237e-02 9.606292e+01 -4.626079e-04 9.999994e-01 -9.978105e-04 -4.419498e+00 -5.643292e-02 9.701176e-04 9.984060e-01 2.235074e+01
9.990481e-01 -3.004536e-04 -4.362193e-02 9.676795e+01 3.247093e-04 9.999998e-01 5.489281e-04 -4.444352e+00 4.362182e-02 -5.625734e-04 9.990479e-01 2.232496e+01
9.983962e-01 5.432396e-04 5.661010e-02 9.740415e+01 -4.865071e-04 9.999994e-01 -1.015959e-03 -4.466478e+00 -5.661068e-02 9.867922e-04 9.983959e-01 2.227612e+01
9.983576e-01 -4.556893e-04 -5.728749e-02 9.807656e+01 5.114136e-04 9.999994e-01 9.580308e-04 -4.493292e+00 5.728709e-02 -9.857583e-04 9.983572e-01 2.234560e+01
9.986392e-01 4.841673e-04 5.214886e-02 9.879772e+01 -4.388036e-04 9.999995e-01 -8.813578e-04 -4.521240e+00 -5.214932e-02 8.572788e-04 9.986390e-01 2.239215e+01
9.983639e-01 -4.628395e-04 -5.717805e-02 9.957775e+01 5.194893e-04 9.999994e-01 9.758764e-04 -4.551618e+00 5.717762e-02 -1.003986e-03 9.983634e-01 2.245942e+01
9.988570e-01 4.634235e-04 4.779667e-02 1.002800e+02 -4.269297e-04 9.999996e-01 -7.737524e-04 -4.579206e+00 -4.779707e-02 7.524655e-04 9.988569e-01 2.252583e+01
9.979964e-01 -3.954210e-04 -6.326960e-02 1.008634e+02 4.659568e-04 9.999993e-01 1.100072e-03 -4.601933e+00 6.326918e-02 -1.127352e-03 9.979958e-01 2.257052e+01
9.987654e-01 4.059489e-04 4.967498e-02 1.016229e+02 -3.676407e-04 9.999996e-01 -7.803337e-04 -4.629532e+00 -4.967534e-02 7.611111e-04 9.987652e-01 2.257545e+01
9.975721e-01 -2.901659e-04 -6.964085e-02 1.021752e+02 3.765888e-04 9.999992e-01 1.227837e-03 -4.651455e+00 6.964049e-02 -1.251085e-03 9.975713e-01 2.263942e+01
9.986155e-01 3.876160e-04 5.260201e-02 1.026953e+02 -3.432789e-04 9.999996e-01 -8.519295e-04 -4.673410e+00 -5.260238e-02 8.326961e-04 9.986153e-01 2.274157e+01
9.979274e-01 -3.669259e-04 -6.434866e-02 1.033504e+02 4.392487e-04 9.999993e-01 1.109758e-03 -4.699690e+00 6.434827e-02 -1.135726e-03 9.979268e-01 2.282682e+01
9.987638e-01 4.032872e-04 4.970713e-02 1.039651e+02 -3.652270e-04 9.999996e-01 -7.747888e-04 -4.724685e+00 -4.970748e-02 7.556799e-04 9.987636e-01 2.292309e+01
9.984088e-01 -3.906907e-04 -5.638829e-02 1.045647e+02 4.423100e-04 9.999995e-01 9.029286e-04 -4.751063e+00 5.638796e-02 -9.264362e-04 9.984084e-01 2.307928e+01
9.985773e-01 4.051550e-04 5.332259e-02 1.051775e+02 -3.600981e-04 9.999996e-01 -8.546089e-04 -4.778601e+00 -5.332297e-02 8.341949e-04 9.985771e-01 2.325682e+01
9.980968e-01 -3.828898e-04 -6.166452e-02 1.058049e+02 4.469411e-04 9.999994e-01 1.024897e-03 -4.805271e+00 6.166415e-02 -1.050510e-03 9.980963e-01 2.338333e+01
9.987249e-01 3.800636e-04 5.048227e-02 1.064750e+02 -3.417329e-04 9.999996e-01 -7.679354e-04 -4.832474e+00 -5.048259e-02 7.497079e-04 9.987248e-01 2.348228e+01
9.980946e-01 -3.604611e-04 -6.170125e-02 1.070675e+02 4.231663e-04 9.999994e-01 1.003189e-03 -4.857535e+00 6.170090e-02 -1.027391e-03 9.980941e-01 2.360214e+01
9.987397e-01 3.814335e-04 5.018832e-02 1.076452e+02 -3.448931e-04 9.999997e-01 -7.367401e-04 -4.883574e+00 -5.018863e-02 7.185052e-04 9.987396e-01 2.378065e+01
9.981639e-01 -3.741973e-04 -6.056941e-02 1.082575e+02 4.323593e-04 9.999995e-01 9.471341e-04 -4.908314e+00 6.056907e-02 -9.715860e-04 9.981634e-01 2.385559e+01
9.988761e-01 3.885346e-04 4.739711e-02 1.088219e+02 -3.557720e-04 9.999997e-01 -6.996852e-04 -4.929275e+00 -4.739742e-02 6.820394e-04 9.988760e-01 2.384848e+01
9.980954e-01 -3.700348e-04 -6.168760e-02 1.094574e+02 4.325593e-04 9.999994e-01 1.000200e-03 -4.953340e+00 6.168724e-02 -1.024982e-03 9.980949e-01 2.387657e+01
9.989269e-01 3.944423e-04 4.631332e-02 1.100745e+02 -3.640013e-04 9.999997e-01 -6.657318e-04 -4.977019e+00 -4.631362e-02 6.481624e-04 9.989268e-01 2.391759e+01
