9.996084e-01 4.447165e-04 2.798055e-02 2.758555e-01 -4.212000e-04 9.999996e-01 -8.463481e-04 -2.259228e-02 -2.798092e-02 8.342309e-04 9.996082e-01 4.590384e-01
9.999646e-01 1.104570e-04 8.415247e-03 4.311210e-01 -1.082299e-04 1.000000e+00 -2.651049e-04 -4.104176e-02 -8.415270e-03 2.641850e-04 9.999645e-01 9.070659e-01
9.996813e-01 4.036874e-04 2.523962e-02 5.667588e-01 -3.846644e-04 9.999996e-01 -7.585486e-04 -5.999831e-02 -2.523993e-02 7.485979e-04 9.996812e-01 1.395277e+00
9.999571e-01 1.264422e-04 9.259215e-03 7.566385e-01 -1.238671e-04 1.000000e+00 -2.786832e-04 -8.089949e-02 -9.259237e-03 2.775244e-04 9.999570e-01 1.894809e+00
9.995982e-01 4.437239e-04 2.834306e-02 9.360810e-01 -4.195547e-04 9.999995e-01 -8.586806e-04 -1.009445e-01 -2.834345e-02 8.464441e-04 9.995980e-01 2.373715e+00
9.998643e-01 2.354176e-04 1.647463e-02 1.079524e+00 -2.272252e-04 9.999998e-01 -4.991411e-04 -1.189538e-01 -1.647473e-02 4.953297e-04 9.998641e-01 2.819069e+00
9.997556e-01 3.600924e-04 2.210466e-02 1.292194e+00 -3.456047e-04 9.999997e-01 -6.592317e-04 -1.392716e-01 -2.210492e-02 6.514313e-04 9.997555e-01 3.273405e+00
9.998542e-01 2.167930e-04 1.707587e-02 1.448276e+00 -2.076576e-04 9.999998e-01 -5.367564e-04 -1.566656e-01 -1.707596e-02 5.331318e-04 9.998540e-01 3.673969e+00
9.996877e-01 4.104954e-04 2.498668e-02 1.578439e+00 -3.923089e-04 9.999997e-01 -7.327471e-04 -1.745544e-01 -2.498700e-02 7.227162e-04 9.996876e-01 4.129945e+00
9.998580e-01 2.347685e-04 1.685043e-02 1.718803e+00 -2.261010e-04 9.999998e-01 -5.162778e-04 -1.940472e-01 -1.685051e-02 5.123941e-04 9.998578e-01 4.639987e+00
9.996527e-01 4.448010e-04 2.634876e-02 1.891621e+00 -4.245867e-04 9.999996e-01 -7.727768e-04 -2.147931e-01 -2.634914e-02 7.613218e-04 9.996526e-01 5.159621e+00
9.999607e-01 1.050768e-04 8.865467e-03 2.062441e+00 -1.026310e-04 1.000000e+00 -2.763181e-04 -2.351653e-01 -8.865452e-03 2.753966e-04 9.999606e-01 5.667498e+00
9.996342e-01 4.660124e-04 2.704194e-02 2.295460e+00 -4.441458e-04 9.999996e-01 -8.146253e-04 -2.562101e-01 -2.704235e-02 8.023176e-04 9.996341e-01 6.128230e+00
9.998780e-01 2.222057e-04 1.561863e-02 2.493440e+00 -2.149972e-04 9.999999e-01 -4.631977e-04 -2.755470e-01 -1.561868e-02 4.597823e-04 9.998778e-01 6.564457e+00
9.997582e-01 3.889993e-04 2.198841e-02 2.740896e+00 -3.747269e-04 9.999997e-01 -6.532158e-04 -2.975034e-01 -2.198871e-02 6.448192e-04 9.997581e-01 7.040808e+00
9.999878e-01 5.539814e-05 4.947486e-03 3.081793e+00 -5.480111e-05 1.000000e+00 -1.207381e-04 -3.240613e-01 -4.947436e-03 1.204644e-04 9.999877e-01 7.576887e+00
9.996265e-01 4.642489e-04 2.732563e-02 3.313527e+00 -4.415091e-04 9.999996e-01 -8.382218e-04 -3.473424e-01 -2.732606e-02 8.258454e-04 9.996263e-01 8.125784e+00
9.999280e-01 1.775190e-04 1.199477e-02 3.508237e+00 -1.736749e-04 9.999999e-01 -3.214839e-04 -3.690925e-01 -1.199476e-02 3.193764e-04 9.999279e-01 8.659398e+00
9.996781e-01 4.162612e-04 2.536888e-02 3.711576e+00 -3.967309e-04 9.999996e-01 -7.748994e-04 -3.916421e-01 -2.536926e-02 7.645866e-04 9.996779e-01 9.212756e+00
9.998652e-01 2.243746e-04 1.641906e-02 3.856545e+00 -2.163404e-04 9.999999e-01 -4.910632e-04 -4.096869e-01 -1.641910e-02 4.874435e-04 9.998650e-01 9.656197e+00
9.995890e-01 4.647328e-04 2.866375e-02 4.219080e+00 -4.399886e-04 9.999995e-01 -8.695778e-04 -4.284045e-01 -2.866422e-02 8.566101e-04 9.995888e-01 9.843514e+00
9.999963e-01 3.345140e-05 2.696330e-03 4.777671e+00 -3.324952e-05 1.000000e+00 -7.466339e-05 -4.531707e-01 -2.696259e-03 7.457196e-05 9.999963e-01 1.001758e+01
9.998881e-01 2.416271e-04 1.496099e-02 5.503309e+00 -2.348626e-04 9.999999e-01 -4.539411e-04 -4.841301e-01 -1.496118e-02 4.503780e-04 9.998881e-01 1.021312e+01
9.999999e-01 -1.122445e-05 -3.132901e-04 6.206478e+00 1.122388e-05 1.000000e+00 -4.158826e-06 -5.128235e-01 3.133658e-04 4.153748e-06 9.999999e-01 1.034484e+01
9.999054e-01 2.357413e-04 1.375084e-02 6.982214e+00 -2.302417e-04 9.999999e-01 -4.015814e-04 -5.442922e-01 -1.375101e-02 3.983790e-04 9.999055e-01 1.049308e+01
9.999990e-01 1.491960e-05 1.366828e-03 7.716537e+00 -1.485441e-05 1.000000e+00 -4.713746e-05 -5.761087e-01 -1.366752e-03 4.711551e-05 9.999990e-01 1.071366e+01
9.999028e-01 2.340005e-04 1.394119e-02 8.457933e+00 -2.282085e-04 9.999999e-01 -4.171024e-04 -6.070654e-01 -1.394136e-02 4.138820e-04 9.999028e-01 1.088846e+01
9.999706e-01 1.155165e-04 7.669659e-03 9.205150e+00 -1.137379e-04 1.000000e+00 -2.322295e-04 -6.367967e-01 -7.669606e-03 2.313487e-04 9.999705e-01 1.100724e+01
9.999189e-01 2.144358e-04 1.273580e-02 9.783012e+00 -2.095408e-04 9.999999e-01 -3.857521e-04 -6.640387e-01 -1.273596e-02 3.830539e-04 9.999189e-01 1.125358e+01
9.999975e-01 4.907262e-05 2.217407e-03 1.037244e+01 -4.898340e-05 1.000000e+00 -3.988775e-05 -6.944462e-01 -2.217327e-03 3.977734e-05 9.999975e-01 1.161165e+01
9.999657e-01 1.506389e-04 8.287061e-03 1.111192e+01 -1.485923e-04 1.000000e+00 -2.476836e-04 -7.286006e-01 -8.287180e-03 2.464454e-04 9.999657e-01 1.192404e+01
9.999826e-01 8.470821e-05 5.900745e-03 1.170115e+01 -8.367981e-05 1.000000e+00 -1.743726e-04 -7.579526e-01 -5.900676e-03 1.738741e-04 9.999825e-01 1.224100e+01
9.999546e-01 1.772066e-04 9.525751e-03 1.218848e+01 -1.746110e-04 9.999999e-01 -2.734118e-04 -7.856694e-01 -9.525883e-03 2.717378e-04 9.999547e-01 1.262785e+01
9.999978e-01 5.927603e-05 2.096824e-03 1.250962e+01 -5.918707e-05 1.000000e+00 -4.201722e-05 -8.123702e-01 -2.096741e-03 4.189127e-05 9.999977e-01 1.319994e+01
9.999481e-01 1.513571e-04 1.018555e-02 1.305822e+01 -1.481966e-04 9.999999e-01 -3.111380e-04 -8.422063e-01 -1.018568e-02 3.096142e-04 9.999482e-01 1.358717e+01
9.999991e-01 1.917083e-05 -1.330706e-03 1.356191e+01 -1.910801e-05 1.000000e+00 4.645066e-05 -8.697540e-01 1.330793e-03 -4.642696e-05 9.999990e-01 1.393559e+01
9.999451e-01 1.459491e-04 1.048420e-02 1.394953e+01 -1.424927e-04 9.999999e-01 -3.305259e-04 -8.945754e-01 -1.048433e-02 3.290155e-04 9.999451e-01 1.432480e+01
9.999920e-01 9.040965e-05 3.984496e-03 1.435887e+01 -8.997484e-05 1.000000e+00 -1.090375e-04 -9.192022e-01 -3.984419e-03 1.086763e-04 9.999920e-01 1.468714e+01
9.999802e-01 9.960081e-05 6.294398e-03 1.463048e+01 -9.827128e-05 1.000000e+00 -2.117032e-04 -9.412828e-01 -6.294507e-03 2.110823e-04 9.999802e-01 1.512696e+01
9.999832e-01 1.129783e-04 5.794775e-03 1.495380e+01 -1.120456e-04 1.000000e+00 -1.610928e-04 -9.643444e-01 -5.794705e-03 1.604390e-04 9.999831e-01 1.553752e+01
9.999999e-01 3.674347e-05 5.073707e-04 1.525748e+01 -3.672767e-05 1.000000e+00 -3.334166e-05 -9.872036e-01 -5.074603e-04 3.332484e-05 9.999999e-01 1.596754e+01
9.999942e-01 1.037997e-04 3.387986e-03 1.537658e+01 -1.034843e-04 1.000000e+00 -9.292458e-05 -1.006455e+00 -3.387907e-03 9.257162e-05 9.999942e-01 1.649146e+01
9.999925e-01 -1.181319e-04 -3.886058e-03 1.567118e+01 1.182568e-04 1.000000e+00 3.221518e-05 -1.023622e+00 3.885966e-03 -3.267266e-05 9.999925e-01 1.668833e+01
9.999988e-01 2.571199e-05 1.556708e-03 1.624640e+01 -2.567447e-05 1.000000e+00 -2.340568e-05 -1.047685e+00 -1.556620e-03 2.336386e-05 9.999987e-01 1.678935e+01
9.999945e-01 -5.427278e-05 -3.318956e-03 1.647022e+01 5.423314e-05 1.000000e+00 -1.169196e-05 -1.063314e+00 3.318869e-03 1.151373e-05 9.999946e-01 1.701016e+01
9.998902e-01 2.552730e-04 1.481613e-02 1.654177e+01 -2.498682e-04 9.999999e-01 -3.665664e-04 -1.078908e+00 -1.481613e-02 3.628222e-04 9.998901e-01 1.743131e+01
9.999662e-01 -1.173794e-04 -8.227080e-03 1.681119e+01 1.184767e-04 1.000000e+00 1.330419e-04 -1.098134e+00 8.226975e-03 -1.340102e-04 9.999662e-01 1.775346e+01
9.999078e-01 2.407244e-04 1.357235e-02 1.726942e+01 -2.362166e-04 9.999999e-01 -3.336492e-04 -1.121550e+00 -1.357234e-02 3.304105e-04 9.999078e-01 1.799722e+01
9.999978e-01 -5.205073e-05 -2.094790e-03 1.788368e+01 5.195751e-05 1.000000e+00 -4.398147e-05 -1.147904e+00 2.094702e-03 4.387440e-05 9.999979e-01 1.815200e+01
9.998611e-01 2.851926e-04 1.666126e-02 1.843328e+01 -2.778652e-04 9.999999e-01 -4.420300e-04 -1.170634e+00 -1.666129e-02 4.373371e-04 9.998610e-01 1.824857e+01
9.999968e-01 -6.038176e-05 -2.529426e-03 1.892808e+01 6.030763e-05 1.000000e+00 -2.888774e-05 -1.192831e+00 2.529337e-03 2.873701e-05 9.999969e-01 1.839886e+01
9.998442e-01 3.153031e-04 1.764716e-02 1.927984e+01 -3.072600e-04 9.999998e-01 -4.584089e-04 -1.214016e+00 -1.764721e-02 4.529133e-04 9.998441e-01 1.869567e+01
9.998573e-01 -2.565675e-04 -1.689052e-02 1.948417e+01 2.626619e-04 9.999999e-01 3.586741e-04 -1.228962e+00 1.689034e-02 -3.630575e-04 9.998574e-01 1.891067e+01
9.998481e-01 3.127297e-04 1.742414e-02 1.973087e+01 -3.053968e-04 9.999999e-01 -4.234357e-04 -1.247998e+00 -1.742418e-02 4.180482e-04 9.998480e-01 1.924509e+01
9.998961e-01 -2.049407e-04 -1.441897e-02 2.027321e+01 2.095572e-04 9.999999e-01 3.187513e-04 -1.275529e+00 1.441881e-02 -3.217378e-04 9.998961e-01 1.953341e+01
9.998756e-01 2.627261e-04 1.577137e-02 2.101832e+01 -2.568871e-04 9.999999e-01 -3.721726e-04 -1.306199e+00 -1.577138e-02 3.680730e-04 9.998755e-01 1.966977e+01
9.999144e-01 -1.621192e-04 -1.308812e-02 2.156868e+01 1.660547e-04 9.999999e-01 2.997051e-04 -1.334866e+00 1.308798e-02 -3.018509e-04 9.999144e-01 2.000159e+01
9.996938e-01 4.019305e-04 2.474057e-02 2.175707e+01 -3.864455e-04 9.999997e-01 -6.306219e-04 -1.358216e+00 -2.474072e-02 6.208661e-04 9.996936e-01 2.060887e+01
9.998991e-01 -1.847493e-04 -1.420974e-02 2.210508e+01 1.894529e-04 9.999999e-01 3.297647e-04 -1.384615e+00 1.420959e-02 -3.324216e-04 9.998991e-01 2.112757e+01
9.997448e-01 4.003114e-04 2.258596e-02 2.252149e+01 -3.884278e-04 9.999998e-01 -5.304813e-04 -1.414891e+00 -2.258607e-02 5.215710e-04 9.997447e-01 2.171820e+01
9.997520e-01 -3.276468e-04 -2.226767e-02 2.283906e+01 3.405320e-04 9.999998e-01 5.749262e-04 -1.443370e+00 2.226738e-02 -5.823646e-04 9.997519e-01 2.236741e+01
9.997634e-01 3.268058e-04 2.174782e-02 2.332993e+01 -3.149951e-04 9.999998e-01 -5.464434e-04 -1.470979e+00 -2.174790e-02 5.394618e-04 9.997633e-01 2.274217e+01
9.997477e-01 -3.068951e-04 -2.245965e-02 2.363498e+01 3.201549e-04 9.999998e-01 5.868512e-04 -1.496618e+00 2.245937e-02 -5.938918e-04 9.997476e-01 2.328892e+01
9.997265e-01 3.929329e-04 2.338037e-02 2.397427e+01 -3.790616e-04 9.999997e-01 -5.976639e-04 -1.522328e+00 -2.338051e-02 5.886360e-04 9.997264e-01 2.378743e+01
9.999726e-01 -8.470034e-05 -7.401976e-03 2.431897e+01 8.579032e-05 1.000000e+00 1.471234e-04 -1.549848e+00 7.401870e-03 -1.477524e-04 9.999727e-01 2.435602e+01
9.997554e-01 4.174087e-04 2.211193e-02 2.459989e+01 -4.063240e-04 9.999998e-01 -5.057280e-04 -1.579587e+00 -2.211204e-02 4.966178e-04 9.997553e-01 2.510010e+01
9.997596e-01 -3.564118e-04 -2.192461e-02 2.510060e+01 3.691675e-04 9.999998e-01 5.778224e-04 -1.613469e+00 2.192430e-02 -5.857754e-04 9.997595e-01 2.572201e+01
9.997446e-01 4.025753e-04 2.259281e-02 2.581799e+01 -3.910898e-04 9.999998e-01 -5.127260e-04 -1.651390e+00 -2.259291e-02 5.037574e-04 9.997446e-01 2.621904e+01
9.997996e-01 -2.890212e-04 -2.001795e-02 2.655017e+01 2.994612e-04 9.999998e-01 5.186057e-04 -1.689370e+00 2.001770e-02 -5.244945e-04 9.997996e-01 2.669179e+01
9.998299e-01 2.938318e-04 1.843880e-02 2.711225e+01 -2.863619e-04 9.999999e-01 -4.076822e-04 -1.722715e+00 -1.843882e-02 4.023308e-04 9.998298e-01 2.719914e+01
9.999068e-01 -1.334079e-04 -1.365088e-02 2.759705e+01 1.375473e-04 9.999999e-01 3.024000e-04 -1.754262e+00 1.365075e-02 -3.042476e-04 9.999068e-01 2.773923e+01
9.996662e-01 3.552804e-04 2.583186e-02 2.818549e+01 -3.386310e-04 9.999997e-01 -6.488488e-04 -1.785225e+00 -2.583199e-02 6.398828e-04 9.996660e-01 2.811424e+01
9.998806e-01 -1.618655e-04 -1.545674e-02 2.902154e+01 1.673638e-04 9.999999e-01 3.545231e-04 -1.821626e+00 1.545658e-02 -3.570657e-04 9.998805e-01 2.837472e+01
9.996926e-01 3.466417e-04 2.478877e-02 2.969484e+01 -3.315022e-04 9.999998e-01 -6.147906e-04 -1.854234e+00 -2.478888e-02 6.063822e-04 9.996925e-01 2.869684e+01
9.999197e-01 -1.217463e-04 -1.267224e-02 3.017864e+01 1.252820e-04 1.000000e+00 2.783265e-04 -1.884129e+00 1.267211e-02 -2.798899e-04 9.999197e-01 2.916570e+01
9.998334e-01 2.994019e-04 1.825044e-02 3.068569e+01 -2.922823e-04 9.999999e-01 -3.926991e-04 -1.916611e+00 -1.825046e-02 3.872975e-04 9.998333e-01 2.971667e+01
9.999032e-01 -1.492279e-04 -1.391912e-02 3.110734e+01 1.532713e-04 9.999999e-01 2.895344e-04 -1.945295e+00 1.391898e-02 -2.916379e-04 9.999031e-01 3.022506e+01
9.997791e-01 3.355010e-04 2.101145e-02 3.136761e+01 -3.256960e-04 9.999998e-01 -4.700015e-04 -1.971594e+00 -2.101151e-02 4.630524e-04 9.997791e-01 3.085254e+01
9.998205e-01 -1.826390e-04 -1.894736e-02 3.139315e+01 1.914212e-04 9.999999e-01 4.617692e-04 -1.994292e+00 1.894718e-02 -4.653114e-04 9.998204e-01 3.164015e+01
9.998054e-01 3.098730e-04 1.972546e-02 3.145032e+01 -3.018870e-04 9.999999e-01 -4.077625e-04 -2.019572e+00 -1.972548e-02 4.017264e-04 9.998053e-01 3.248845e+01
9.998333e-01 -1.591147e-04 -1.825870e-02 3.153714e+01 1.675838e-04 9.999999e-01 4.623916e-04 -2.047404e+00 1.825853e-02 -4.653726e-04 9.998333e-01 3.340678e+01
9.997833e-01 2.882132e-04 2.081504e-02 3.185185e+01 -2.775497e-04 9.999998e-01 -5.151194e-04 -2.073880e+00 -2.081508e-02 5.092287e-04 9.997831e-01 3.396626e+01
9.997400e-01 -2.655470e-04 -2.280400e-02 3.232257e+01 2.788382e-04 9.999998e-01 5.797336e-04 -2.101236e+00 2.280375e-02 -5.859396e-04 9.997399e-01 3.434143e+01
9.997614e-01 3.029095e-04 2.183932e-02 3.286366e+01 -2.915103e-04 9.999998e-01 -5.250786e-04 -2.130994e+00 -2.183938e-02 5.185851e-04 9.997613e-01 3.472122e+01
9.997516e-01 -2.723025e-04 -2.228964e-02 3.354994e+01 2.850406e-04 9.999998e-01 5.683722e-04 -2.164097e+00 2.228939e-02 -5.745826e-04 9.997515e-01 3.504107e+01
9.996802e-01 3.606455e-04 2.528265e-02 3.436318e+01 -3.456372e-04 9.999998e-01 -5.979368e-04 -2.202465e+00 -2.528276e-02 5.890052e-04 9.996801e-01 3.541317e+01
9.997812e-01 -2.174994e-04 -2.091702e-02 3.500668e+01 2.284915e-04 9.999998e-01 5.231887e-04 -2.237624e+00 2.091681e-02 -5.278518e-04 9.997811e-01 3.588843e+01
9.997505e-01 2.807939e-04 2.233531e-02 3.575470e+01 -2.695053e-04 9.999998e-01 -5.083615e-04 -2.274036e+00 -2.233535e-02 5.022134e-04 9.997503e-01 3.627232e+01
9.998151e-01 -1.821933e-04 -1.922974e-02 3.648058e+01 1.908075e-04 9.999999e-01 4.462081e-04 -2.308373e+00 1.922956e-02 -4.497930e-04 9.998151e-01 3.659620e+01
9.996649e-01 3.717652e-04 2.588129e-02 3.699979e+01 -3.567204e-04 9.999998e-01 -5.858644e-04 -2.341581e+00 -2.588140e-02 5.764339e-04 9.996648e-01 3.716392e+01
9.997576e-01 -2.232226e-04 -2.201670e-02 3.751424e+01 2.346941e-04 9.999998e-01 5.185233e-04 -2.373802e+00 2.201649e-02 -5.235630e-04 9.997575e-01 3.769325e+01
9.997316e-01 3.096928e-04 2.316243e-02 3.799185e+01 -2.978920e-04 9.999998e-01 -5.128676e-04 -2.403902e+00 -2.316248e-02 5.058283e-04 9.997315e-01 3.817850e+01
9.997392e-01 -2.251940e-04 -2.283715e-02 3.826208e+01 2.366142e-04 9.999998e-01 4.974336e-04 -2.427181e+00 2.283694e-02 -5.027056e-04 9.997391e-01 3.865769e+01
9.996984e-01 3.246781e-04 2.455518e-02 3.858208e+01 -3.112099e-04 9.999998e-01 -5.522508e-04 -2.451457e+00 -2.455526e-02 5.444407e-04 9.996983e-01 3.911416e+01
9.998014e-01 -1.771798e-04 -1.992974e-02 3.892471e+01 1.856973e-04 9.999999e-01 4.255973e-04 -2.477457e+00 1.992957e-02 -4.292119e-04 9.998014e-01 3.962078e+01
9.996265e-01 3.508122e-04 2.732688e-02 3.936294e+01 -3.333609e-04 9.999997e-01 -6.431152e-04 -2.504742e+00 -2.732700e-02 6.337635e-04 9.996263e-01 4.004779e+01
9.998817e-01 -1.466718e-04 -1.538135e-02 3.975289e+01 1.507292e-04 1.000000e+00 2.627234e-04 -2.528162e+00 1.538121e-02 -2.650089e-04 9.998817e-01 4.038498e+01
9.995602e-01 3.756196e-04 2.964972e-02 3.989646e+01 -3.543509e-04 9.999997e-01 -7.225336e-04 -2.544939e+00 -2.964988e-02 7.117076e-04 9.995600e-01 4.076351e+01
9.997487e-01 -2.139088e-04 -2.241790e-02 4.004320e+01 2.246072e-04 9.999999e-01 4.747799e-04 -2.562931e+00 2.241770e-02 -4.796939e-04 9.997486e-01 4.119354e+01
9.995529e-01 3.944963e-04 2.989530e-02 4.019289e+01 -3.733233e-04 9.999997e-01 -7.137676e-04 -2.583290e+00 -2.989547e-02 7.022861e-04 9.995527e-01 4.172457e+01
9.997965e-01 -1.675700e-04 -2.017219e-02 4.026221e+01 1.764277e-04 9.999999e-01 4.374022e-04 -2.604675e+00 2.017201e-02 -4.408704e-04 9.997965e-01 4.239857e+01
9.995068e-01 4.102262e-04 3.140011e-02 4.043036e+01 -3.866650e-04 9.999996e-01 -7.563776e-04 -2.628110e+00 -3.140031e-02 7.438615e-04 9.995066e-01 4.303265e+01
9.997935e-01 -1.739876e-04 -2.032041e-02 4.061785e+01 1.829633e-04 9.999999e-01 4.399296e-04 -2.651800e+00 2.032023e-02 -4.435549e-04 9.997935e-01 4.365243e+01
9.995584e-01 3.984761e-04 2.971016e-02 4.085414e+01 -3.779641e-04 9.999997e-01 -6.959652e-04 -2.677212e+00 -2.971033e-02 6.844268e-04 9.995583e-01 4.428152e+01
9.997737e-01 -1.870156e-04 -2.127259e-02 4.128515e+01 1.972087e-04 9.999999e-01 4.771454e-04 -2.707244e+00 2.127240e-02 -4.812308e-04 9.997737e-01 4.483940e+01
9.995206e-01 4.353441e-04 3.095486e-02 4.148518e+01 -4.130351e-04 9.999997e-01 -7.270377e-04 -2.732762e+00 -3.095506e-02 7.139020e-04 9.995205e-01 4.552320e+01
9.996495e-01 -2.751555e-04 -2.647619e-02 4.167206e+01 2.906542e-04 9.999998e-01 5.815978e-04 -2.754415e+00 2.647593e-02 -5.890875e-04 9.996493e-01 4.606029e+01
9.993670e-01 4.574895e-04 3.557162e-02 4.220678e+01 -4.266880e-04 9.999995e-01 -8.734418e-04 -2.781823e+00 -3.557190e-02 8.577092e-04 9.993667e-01 4.636310e+01
9.998291e-01 -1.704250e-04 -1.849020e-02 4.262931e+01 1.767410e-04 9.999999e-01 3.400419e-04 -2.805945e+00 1.849004e-02 -3.432500e-04 9.998290e-01 4.669370e+01
9.991111e-01 5.691087e-04 4.214953e-02 4.288481e+01 -5.241049e-04 9.999993e-01 -1.078722e-03 -2.826430e+00 -4.215001e-02 1.055671e-03 9.991107e-01 4.709750e+01
9.996489e-01 -2.686058e-04 -2.649679e-02 4.331331e+01 2.844630e-04 9.999998e-01 5.947575e-04 -2.851616e+00 2.649653e-02 -6.020842e-04 9.996488e-01 4.746106e+01
9.994221e-01 4.592489e-04 3.398878e-02 4.383784e+01 -4.321685e-04 9.999996e-01 -8.040399e-04 -2.881783e+00 -3.398903e-02 7.888846e-04 9.994218e-01 4.789667e+01
9.997224e-01 -2.373786e-04 -2.356117e-02 4.429630e+01 2.492075e-04 9.999998e-01 4.991937e-04 -2.910217e+00 2.356094e-02 -5.049249e-04 9.997223e-01 4.835375e+01
9.992378e-01 5.438718e-04 3.903067e-02 4.467463e+01 -5.078885e-04 9.999994e-01 -9.317896e-04 -2.938275e+00 -3.903106e-02 9.112545e-04 9.992375e-01 4.890030e+01
9.995854e-01 -3.080853e-04 -2.879333e-02 4.500765e+01 3.265234e-04 9.999997e-01 6.357218e-04 -2.964998e+00 2.879302e-02 -6.448582e-04 9.995852e-01 4.945103e+01
9.991909e-01 5.563399e-04 4.021385e-02 4.534966e+01 -5.181643e-04 9.999994e-01 -9.596902e-04 -2.992009e+00 -4.021426e-02 9.380746e-04 9.991906e-01 4.999839e+01
9.995902e-01 -3.006125e-04 -2.862441e-02 4.559441e+01 3.186255e-04 9.999998e-01 6.247955e-04 -3.017056e+00 2.862412e-02 -6.336582e-04 9.995901e-01 5.060264e+01
9.994310e-01 4.705835e-04 3.372495e-02 4.584711e+01 -4.448127e-04 9.999996e-01 -7.715942e-04 -3.041389e+00 -3.372520e-02 7.561521e-04 9.994308e-01 5.116118e+01
9.994711e-01 -3.618481e-04 -3.252066e-02 4.608219e+01 3.849808e-04 9.999997e-01 7.051213e-04 -3.062664e+00 3.252029e-02 -7.172664e-04 9.994709e-01 5.160742e+01
9.993531e-01 4.833407e-04 3.595807e-02 4.643157e+01 -4.529580e-04 9.999995e-01 -8.530432e-04 -3.084417e+00 -3.595836e-02 8.362022e-04 9.993529e-01 5.191926e+01
9.996118e-01 -3.196723e-04 -2.786150e-02 4.677910e+01 3.352910e-04 9.999998e-01 5.559814e-04 -3.104459e+00 2.786122e-02 -5.651055e-04 9.996117e-01 5.217022e+01
9.994564e-01 4.615436e-04 3.296363e-02 4.705352e+01 -4.370192e-04 9.999996e-01 -7.511320e-04 -3.125262e+00 -3.296386e-02 7.363163e-04 9.994562e-01 5.254715e+01
9.996920e-01 -3.021037e-04 -2.481822e-02 4.753858e+01 3.137421e-04 9.999998e-01 4.651309e-04 -3.149252e+00 2.481797e-02 -4.727724e-04 9.996919e-01 5.277060e+01
9.996503e-01 3.928169e-04 2.644028e-02 4.803126e+01 -3.790072e-04 9.999998e-01 -5.272399e-04 -3.176086e+00 -2.644038e-02 5.170327e-04 9.996502e-01 5.309554e+01
9.996469e-01 -3.406926e-04 -2.657024e-02 4.860782e+01 3.540033e-04 9.999998e-01 4.963320e-04 -3.203118e+00 2.656997e-02 -5.055609e-04 9.996469e-01 5.330767e+01
9.996392e-01 3.981372e-04 2.685676e-02 4.933094e+01 -3.852485e-04 9.999998e-01 -4.850084e-04 -3.236774e+00 -2.685684e-02 4.744851e-04 9.996391e-01 5.360223e+01
9.997539e-01 -2.824674e-04 -2.218511e-02 5.009717e+01 2.907209e-04 9.999999e-01 3.688925e-04 -3.272597e+00 2.218490e-02 -3.752496e-04 9.997539e-01 5.393200e+01
9.997280e-01 3.118421e-04 2.331913e-02 5.109964e+01 -3.029869e-04 9.999999e-01 -3.831937e-04 -3.310184e+00 -2.331915e-02 3.760224e-04 9.997280e-01 5.400447e+01
9.998141e-01 -2.333796e-04 -1.928211e-02 5.202464e+01 2.382614e-04 9.999999e-01 2.509756e-04 -3.344709e+00 1.928195e-02 -2.555213e-04 9.998141e-01 5.405652e+01
9.997354e-01 3.208011e-04 2.299949e-02 5.298127e+01 -3.125637e-04 9.999999e-01 -3.616674e-04 -3.380656e+00 -2.299950e-02 3.543812e-04 9.997354e-01 5.412436e+01
9.997754e-01 -2.771994e-04 -2.119298e-02 5.399273e+01 2.840433e-04 9.999999e-01 3.200113e-04 -3.417828e+00 2.119279e-02 -3.259575e-04 9.997754e-01 5.416972e+01
9.997444e-01 3.247399e-04 2.260430e-02 5.480802e+01 -3.162421e-04 9.999999e-01 -3.794283e-04 -3.449862e+00 -2.260432e-02 3.721812e-04 9.997444e-01 5.426840e+01
9.997856e-01 -2.705833e-04 -2.070955e-02 5.561847e+01 2.769299e-04 9.999999e-01 3.036795e-04 -3.481545e+00 2.070936e-02 -3.093478e-04 9.997855e-01 5.435791e+01
9.997475e-01 3.256833e-04 2.246558e-02 5.643081e+01 -3.173789e-04 9.999999e-01 -3.731366e-04 -3.513457e+00 -2.246560e-02 3.659106e-04 9.997475e-01 5.445354e+01
9.997492e-01 -3.153260e-04 -2.239515e-02 5.727453e+01 3.234296e-04 9.999999e-01 3.583104e-04 -3.545681e+00 2.239493e-02 -3.654620e-04 9.997492e-01 5.451859e+01
9.995594e-01 4.584126e-04 2.967796e-02 5.778791e+01 -4.401443e-04 9.999997e-01 -6.220211e-04 -3.569531e+00 -2.967814e-02 6.086828e-04 9.995593e-01 5.470263e+01
9.997124e-01 -3.409097e-04 -2.398030e-02 5.822341e+01 3.502922e-04 9.999999e-01 3.871414e-04 -3.590178e+00 2.398007e-02 -3.954284e-04 9.997124e-01 5.485843e+01
9.996141e-01 4.291708e-04 2.777384e-02 5.885483e+01 -4.137442e-04 9.999998e-01 -5.611162e-04 -3.615084e+00 -2.777398e-02 5.494067e-04 9.996140e-01 5.491889e+01
9.997673e-01 -2.969010e-04 -2.157096e-02 5.942061e+01 3.048388e-04 9.999999e-01 3.647865e-04 -3.643740e+00 2.157075e-02 -3.712755e-04 9.997673e-01 5.522063e+01
9.994882e-01 5.223370e-04 3.198425e-02 6.028393e+01 -5.048234e-04 9.999997e-01 -5.555839e-04 -3.687964e+00 -3.198443e-02 5.391514e-04 9.994882e-01 5.577226e+01
9.995061e-01 -5.052948e-04 -3.142319e-02 6.125515e+01 5.269566e-04 9.999996e-01 6.811409e-04 -3.732815e+00 3.142274e-02 -6.973614e-04 9.995060e-01 5.621549e+01
9.995177e-01 5.612741e-04 3.104881e-02 6.140774e+01 -5.395069e-04 9.999996e-01 -7.093762e-04 -3.752168e+00 -3.104910e-02 6.922813e-04 9.995176e-01 5.669068e+01
9.998081e-01 -3.359168e-04 -1.959234e-02 6.173754e+01 3.433525e-04 9.999999e-01 3.762591e-04 -3.778344e+00 1.959211e-02 -3.829122e-04 9.998080e-01 5.721594e+01
9.994244e-01 5.968766e-04 3.391871e-02 6.231423e+01 -5.712190e-04 9.999995e-01 -7.660749e-04 -3.811101e+00 -3.391905e-02 7.462573e-04 9.994243e-01 5.768478e+01
9.996474e-01 -4.163887e-04 -2.655258e-02 6.276605e+01 4.311830e-04 9.999998e-01 5.515209e-04 -3.838955e+00 2.655225e-02 -5.627738e-04 9.996473e-01 5.810943e+01
9.996644e-01 4.873808e-04 2.589814e-02 6.311652e+01 -4.729556e-04 9.999997e-01 -5.630482e-04 -3.862548e+00 -2.589830e-02 5.506090e-04 9.996644e-01 5.848750e+01
9.998857e-01 -3.172013e-04 -1.511927e-02 6.358024e+01 3.202439e-04 9.999999e-01 1.989492e-04 -3.886110e+00 1.511911e-02 -2.037666e-04 9.998857e-01 5.872511e+01
9.994246e-01 6.425997e-04 3.391013e-02 6.411017e+01 -6.185967e-04 9.999996e-01 -7.182725e-04 -3.918143e+00 -3.391048e-02 6.968809e-04 9.994246e-01 5.922157e+01
9.998072e-01 -3.648918e-04 -1.963647e-02 6.454268e+01 3.714085e-04 9.999999e-01 3.283282e-04 -3.948040e+00 1.963625e-02 -3.355563e-04 9.998072e-01 5.976605e+01
9.995038e-01 5.836627e-04 3.149090e-02 6.520845e+01 -5.626208e-04 9.999996e-01 -6.769857e-04 -3.980420e+00 -3.149119e-02 6.589307e-04 9.995038e-01 6.009844e+01
9.999916e-01 -1.583565e-04 -4.102519e-03 6.572760e+01 1.577874e-04 1.000000e+00 -1.385529e-04 -4.007189e+00 4.102443e-03 1.379061e-04 9.999916e-01 6.040695e+01
9.999161e-01 3.559549e-04 1.294254e-02 6.619729e+01 -3.548103e-04 9.999999e-01 -9.057171e-05 -4.037511e+00 -1.294248e-02 8.597036e-05 9.999162e-01 6.091635e+01
9.999972e-01 -1.083050e-04 -2.403872e-03 6.668044e+01 1.080138e-04 1.000000e+00 -1.204158e-04 -4.073496e+00 2.403787e-03 1.201574e-04 9.999971e-01 6.164942e+01
9.997494e-01 5.005454e-04 2.237775e-02 6.727752e+01 -4.929549e-04 9.999998e-01 -3.446207e-04 -4.113574e+00 -2.237782e-02 3.335016e-04 9.997495e-01 6.239193e+01
9.998344e-01 -3.922354e-04 -1.819980e-02 6.813626e+01 3.967429e-04 9.999999e-01 2.441753e-04 -4.150707e+00 1.819960e-02 -2.513539e-04 9.998344e-01 6.265006e+01
9.997694e-01 4.743516e-04 2.146674e-02 6.884985e+01 -4.676111e-04 9.999998e-01 -3.189228e-04 -4.184787e+00 -2.146679e-02 3.088097e-04 9.997695e-01 6.297890e+01
9.998788e-01 -3.193858e-04 -1.556798e-02 6.944008e+01 3.221282e-04 9.999999e-01 1.737820e-04 -4.217386e+00 1.556783e-02 -1.787742e-04 9.998788e-01 6.342055e+01
9.998507e-01 3.940709e-04 1.727368e-02 6.999492e+01 -3.900155e-04 9.999999e-01 -2.380205e-04 -4.245396e+00 -1.727368e-02 2.312464e-04 9.998507e-01 6.370761e+01
9.999036e-01 -3.073432e-04 -1.388919e-02 7.049173e+01 3.088689e-04 9.999999e-01 1.078534e-04 -4.270967e+00 1.388906e-02 -1.121313e-04 9.999036e-01 6.397209e+01
9.996348e-01 5.494757e-04 2.701727e-02 7.112116e+01 -5.372218e-04 9.999997e-01 -4.607410e-04 -4.304932e+00 -2.701742e-02 4.460569e-04 9.996348e-01 6.441474e+01
9.998961e-01 -3.113738e-04 -1.441531e-02 7.155055e+01 3.129194e-04 9.999999e-01 1.051161e-04 -4.333673e+00 1.441518e-02 -1.096145e-04 9.998961e-01 6.491537e+01
9.997552e-01 4.805774e-04 2.211805e-02 7.206378e+01 -4.737241e-04 9.999998e-01 -3.149962e-04 -4.363783e+00 -2.211811e-02 3.044397e-04 9.997553e-01 6.535075e+01
9.997947e-01 -4.210053e-04 -2.025891e-02 7.283954e+01 4.259378e-04 9.999999e-01 2.392630e-04 -4.394565e+00 2.025871e-02 -2.478414e-04 9.997948e-01 6.544557e+01
9.997325e-01 4.760524e-04 2.312102e-02 7.384134e+01 -4.687040e-04 9.999998e-01 -3.231505e-04 -4.431231e+00 -2.312107e-02 3.122257e-04 9.997326e-01 6.548255e+01
9.998302e-01 -3.556219e-04 -1.842824e-02 7.471691e+01 3.598909e-04 9.999999e-01 2.284552e-04 -4.470288e+00 1.842806e-02 -2.350470e-04 9.998302e-01 6.580012e+01
9.997468e-01 4.594703e-04 2.249651e-02 7.549883e+01 -4.516162e-04 9.999998e-01 -3.541105e-04 -4.504288e+00 -2.249657e-02 3.438596e-04 9.997468e-01 6.602719e+01
9.997810e-01 -4.138850e-04 -2.092560e-02 7.639535e+01 4.205538e-04 9.999999e-01 3.143955e-04 -4.540200e+00 2.092537e-02 -3.231255e-04 9.997810e-01 6.617496e+01
9.997167e-01 4.846768e-04 2.379224e-02 7.728626e+01 -4.754518e-04 9.999998e-01 -3.932998e-04 -4.576332e+00 -2.379233e-02 3.818749e-04 9.997168e-01 6.634191e+01
9.997595e-01 -4.049988e-04 -2.193185e-02 7.795682e+01 4.128322e-04 9.999999e-01 3.527390e-04 -4.608762e+00 2.193161e-02 -3.617068e-04 9.997594e-01 6.665602e+01
9.997215e-01 4.781235e-04 2.359103e-02 7.859734e+01 -4.689228e-04 9.999998e-01 -3.954532e-04 -4.640009e+00 -2.359112e-02 3.842793e-04 9.997216e-01 6.696113e+01
9.997344e-01 -4.080311e-04 -2.304609e-02 7.910006e+01 4.170461e-04 9.999998e-01 3.864595e-04 -4.668552e+00 2.304583e-02 -3.959666e-04 9.997344e-01 6.734295e+01
9.997158e-01 4.714959e-04 2.383119e-02 7.964054e+01 -4.629466e-04 9.999998e-01 -3.641762e-04 -4.700773e+00 -2.383126e-02 3.530387e-04 9.997159e-01 6.783112e+01
9.997834e-01 -3.626970e-04 -2.081345e-02 8.032342e+01 3.696210e-04 9.999999e-01 3.289221e-04 -4.737060e+00 2.081324e-02 -3.365425e-04 9.997834e-01 6.829539e+01
9.996628e-01 5.066822e-04 2.596043e-02 8.094509e+01 -4.952488e-04 9.999998e-01 -4.467644e-04 -4.770834e+00 -2.596055e-02 4.337554e-04 9.996628e-01 6.873853e+01
9.995494e-01 -4.587089e-04 -3.001594e-02 8.122165e+01 4.765560e-04 9.999997e-01 5.875071e-04 -4.797861e+00 3.001557e-02 -6.015452e-04 9.995493e-01 6.937014e+01
9.995649e-01 5.093694e-04 2.949020e-02 8.154902e+01 -4.932043e-04 9.999997e-01 -5.553547e-04 -4.823903e+00 -2.949038e-02 5.405670e-04 9.995649e-01 6.989283e+01
9.997504e-01 -3.316638e-04 -2.234416e-02 8.184194e+01 3.395521e-04 9.999999e-01 3.493367e-04 -4.849107e+00 2.234394e-02 -3.568351e-04 9.997503e-01 7.043160e+01
9.996079e-01 5.079196e-04 2.799471e-02 8.214057e+01 -4.945193e-04 9.999998e-01 -4.855223e-04 -4.876180e+00 -2.799486e-02 4.714866e-04 9.996079e-01 7.104533e+01
9.997201e-01 -3.505278e-04 -2.365964e-02 8.231639e+01 3.593135e-04 9.999999e-01 3.671760e-04 -4.899322e+00 2.365941e-02 -3.755730e-04 9.997200e-01 7.166106e+01
9.995289e-01 5.170811e-04 3.068407e-02 8.271284e+01 -4.995968e-04 9.999997e-01 -5.774151e-04 -4.925885e+00 -3.068426e-02 5.618120e-04 9.995289e-01 7.211671e+01
9.995686e-01 -4.123897e-04 -2.937129e-02 8.300036e+01 4.279689e-04 9.999998e-01 5.242108e-04 -4.949300e+00 2.937097e-02 -5.365532e-04 9.995685e-01 7.258355e+01
9.996184e-01 4.835723e-04 2.761836e-02 8.295562e+01 -4.700016e-04 9.999998e-01 -4.977825e-04 -4.965572e+00 -2.761850e-02 4.846104e-04 9.996184e-01 7.317381e+01
9.996814e-01 -3.256752e-04 -2.524091e-02 8.297624e+01 3.375538e-04 9.999998e-01 4.664362e-04 -4.987606e+00 2.524067e-02 -4.748064e-04 9.996813e-01 7.393930e+01
9.996746e-01 4.692110e-04 2.550085e-02 8.296850e+01 -4.583300e-04 9.999998e-01 -4.324580e-04 -5.009448e+00 -2.550095e-02 4.206281e-04 9.996747e-01 7.473514e+01
9.996231e-01 -3.361039e-04 -2.745290e-02 8.294227e+01 3.501310e-04 9.999998e-01 5.062202e-04 -5.029559e+00 2.745263e-02 -5.156401e-04 9.996230e-01 7.548332e+01
9.997891e-01 4.533311e-04 2.052996e-02 8.282580e+01 -4.464269e-04 9.999998e-01 -3.407835e-04 -5.043224e+00 -2.053002e-02 3.315451e-04 9.997891e-01 7.604106e+01
9.995785e-01 -3.346678e-04 -2.903306e-02 8.278052e+01 3.499454e-04 9.999998e-01 5.212034e-04 -5.058250e+00 2.903279e-02 -5.311423e-04 9.995784e-01 7.657834e+01
9.997548e-01 4.177055e-04 2.213763e-02 8.284484e+01 -4.100769e-04 9.999999e-01 -3.490517e-04 -5.078355e+00 -2.213767e-02 3.398866e-04 9.997548e-01 7.719352e+01
9.995157e-01 -3.451923e-04 -3.111777e-02 8.299446e+01 3.620276e-04 9.999998e-01 5.354495e-04 -5.096955e+00 3.111749e-02 -5.464543e-04 9.995156e-01 7.764163e+01
9.996134e-01 3.562250e-04 2.779911e-02 8.278863e+01 -3.411169e-04 9.999998e-01 -5.481475e-04 -5.101378e+00 -2.779921e-02 5.384515e-04 9.996133e-01 7.790245e+01
9.994626e-01 -2.987438e-04 -3.277940e-02 8.280938e+01 3.192070e-04 9.999998e-01 6.190994e-04 -5.116412e+00 3.277911e-02 -6.292287e-04 9.994625e-01 7.835433e+01
9.996792e-01 3.613264e-04 2.532174e-02 8.295393e+01 -3.501066e-04 9.999998e-01 -4.474456e-04 -5.136573e+00 -2.532181e-02 4.384354e-04 9.996792e-01 7.887092e+01
9.993251e-01 -3.154044e-04 -3.673473e-02 8.335857e+01 3.418279e-04 9.999997e-01 7.130812e-04 -5.158767e+00 3.673439e-02 -7.251554e-04 9.993248e-01 7.912656e+01
9.997242e-01 3.906677e-04 2.347961e-02 8.371368e+01 -3.811573e-04 9.999998e-01 -4.094431e-04 -5.179514e+00 -2.347967e-02 4.003794e-04 9.997242e-01 7.940033e+01
9.994489e-01 -3.474450e-04 -3.319469e-02 8.416050e+01 3.664519e-04 9.999998e-01 5.665642e-04 -5.198136e+00 3.319439e-02 -5.784148e-04 9.994488e-01 7.946257e+01
9.996887e-01 3.702895e-04 2.494649e-02 8.459087e+01 -3.576494e-04 9.999998e-01 -5.110759e-04 -5.210665e+00 -2.494658e-02 5.019933e-04 9.996886e-01 7.929320e+01
9.995961e-01 -3.431236e-04 -2.842005e-02 8.491642e+01 3.568164e-04 9.999998e-01 4.767982e-04 -5.225583e+00 2.841978e-02 -4.867449e-04 9.995960e-01 7.935337e+01
9.995819e-01 4.266930e-04 2.890898e-02 8.535275e+01 -4.123376e-04 9.999998e-01 -5.024720e-04 -5.251572e+00 -2.890909e-02 4.903403e-04 9.995819e-01 7.971778e+01
9.995131e-01 -4.182580e-04 -3.119982e-02 8.599515e+01 4.362459e-04 9.999997e-01 5.697919e-04 -5.282236e+00 3.119948e-02 -5.831239e-04 9.995130e-01 7.999489e+01
9.996449e-01 3.778631e-04 2.664133e-02 8.670542e+01 -3.663173e-04 9.999998e-01 -4.381902e-04 -5.313588e+00 -2.664140e-02 4.282741e-04 9.996449e-01 8.020371e+01
9.995461e-01 -4.158921e-04 -3.012533e-02 8.746869e+01 4.326989e-04 9.999998e-01 5.514424e-04 -5.346466e+00 3.012499e-02 -5.642259e-04 9.995460e-01 8.040743e+01
9.995789e-01 4.106277e-04 2.901254e-02 8.832645e+01 -3.958477e-04 9.999998e-01 -5.151156e-04 -5.381115e+00 -2.901264e-02 5.034128e-04 9.995789e-01 8.055699e+01
9.995468e-01 -4.304123e-04 -3.010247e-02 8.937804e+01 4.484522e-04 9.999997e-01 5.925978e-04 -5.422108e+00 3.010211e-02 -6.058274e-04 9.995467e-01 8.071171e+01
9.994942e-01 4.570535e-04 3.179753e-02 9.061594e+01 -4.393607e-04 9.999997e-01 -5.633490e-04 -5.469365e+00 -3.179768e-02 5.490921e-04 9.994941e-01 8.088665e+01
9.996124e-01 -3.781661e-04 -2.784017e-02 9.210104e+01 3.941980e-04 9.999998e-01 5.704359e-04 -5.524039e+00 2.783985e-02 -5.811879e-04 9.996123e-01 8.104009e+01
9.995784e-01 3.433240e-04 2.902955e-02 9.382496e+01 -3.308079e-04 9.999999e-01 -4.358896e-04 -5.585301e+00 -2.902959e-02 4.261012e-04 9.995784e-01 8.113774e+01
9.995400e-01 -4.204940e-04 -3.032628e-02 9.490945e+01 4.365787e-04 9.999998e-01 5.238328e-04 -5.625489e+00 3.032596e-02 -5.368302e-04 9.995400e-01 8.121662e+01
9.996776e-01 3.139628e-04 2.538573e-02 9.571539e+01 -3.044311e-04 9.999999e-01 -3.792683e-04 -5.658451e+00 -2.538575e-02 3.714165e-04 9.996776e-01 8.136611e+01
9.997068e-01 -3.251759e-04 -2.421557e-02 9.696118e+01 3.362136e-04 9.999998e-01 4.518199e-04 -5.706009e+00 2.421532e-02 -4.598276e-04 9.997067e-01 8.155491e+01
9.995948e-01 3.905379e-04 2.845970e-02 9.855622e+01 -3.792916e-04 9.999998e-01 -4.005001e-04 -5.763548e+00 -2.845975e-02 3.895419e-04 9.995948e-01 8.170045e+01
9.996642e-01 -3.338262e-04 -2.591531e-02 9.949199e+01 3.431128e-04 9.999999e-01 3.539677e-04 -5.800585e+00 2.591509e-02 -3.627393e-04 9.996641e-01 8.187001e+01
9.996161e-01 3.589336e-04 2.770283e-02 1.004772e+02 -3.487311e-04 9.999999e-01 -3.730492e-04 -5.837621e+00 -2.770286e-02 3.632438e-04 9.996161e-01 8.197020e+01
9.996332e-01 -4.457177e-04 -2.708113e-02 1.020918e+02 4.601402e-04 9.999998e-01 5.264051e-04 -5.894643e+00 2.708080e-02 -5.386717e-04 9.996331e-01 8.207956e+01
9.996524e-01 2.749611e-04 2.636077e-02 1.038608e+02 -2.672385e-04 9.999999e-01 -2.964137e-04 -5.956427e+00 -2.636075e-02 2.892647e-04 9.996524e-01 8.218969e+01
9.996226e-01 -4.742900e-04 -2.746970e-02 1.058196e+02 4.904107e-04 9.999997e-01 5.801875e-04 -6.023812e+00 2.746932e-02 -5.934385e-04 9.996225e-01 8.228224e+01
9.996952e-01 1.627306e-04 2.468394e-02 1.080000e+02 -1.568404e-04 1.000000e+00 -2.404863e-04 -6.095188e+00 -2.468388e-02 2.365402e-04 9.996952e-01 8.223987e+01
9.996037e-01 -4.976569e-04 -2.814937e-02 1.101391e+02 5.142352e-04 9.999997e-01 5.817689e-04 -6.165051e+00 2.814898e-02 -5.960123e-04 9.996036e-01 8.219157e+01
9.997181e-01 1.128460e-04 2.374018e-02 1.125192e+02 -1.089198e-04 1.000000e+00 -1.665989e-04 -6.244409e+00 -2.374010e-02 1.639648e-04 9.997181e-01 8.221238e+01
9.996269e-01 -4.362674e-04 -2.731265e-02 1.148356e+02 4.522722e-04 9.999997e-01 5.798758e-04 -6.323213e+00 2.731229e-02 -5.920108e-04 9.996268e-01 8.229711e+01
9.996792e-01 1.331605e-04 2.532343e-02 1.174541e+02 -1.296159e-04 1.000000e+00 -1.415468e-04 -6.411143e+00 -2.532335e-02 1.382176e-04 9.996793e-01 8.236276e+01
9.995969e-01 -4.032135e-04 -2.838955e-02 1.196238e+02 4.187906e-04 9.999998e-01 5.428139e-04 -6.488900e+00 2.838923e-02 -5.544830e-04 9.995968e-01 8.260359e+01
9.996687e-01 1.466349e-04 2.573730e-02 1.217702e+02 -1.425623e-04 1.000000e+00 -1.600031e-04 -6.565880e+00 -2.573722e-02 1.562795e-04 9.996687e-01 8.284482e+01
9.996389e-01 -3.903829e-04 -2.686907e-02 1.245001e+02 4.068942e-04 9.999997e-01 6.091115e-04 -6.658670e+00 2.686873e-02 -6.198230e-04 9.996388e-01 8.295248e+01
9.997011e-01 9.228761e-05 2.444522e-02 1.272158e+02 -8.937723e-05 1.000000e+00 -1.200779e-04 -6.752045e+00 -2.444513e-02 1.178558e-04 9.997011e-01 8.310267e+01
9.996082e-01 -4.363361e-04 -2.799064e-02 1.300395e+02 4.548521e-04 9.999997e-01 6.552112e-04 -6.847421e+00 2.799025e-02 -6.676846e-04 9.996080e-01 8.318752e+01
9.996666e-01 1.308141e-04 2.581591e-02 1.327770e+02 -1.259737e-04 1.000000e+00 -1.890556e-04 -6.939259e+00 -2.581584e-02 1.857390e-04 9.996667e-01 8.324415e+01
9.995640e-01 -4.378013e-04 -2.952697e-02 1.348944e+02 4.543842e-04 9.999997e-01 5.549732e-04 -7.010885e+00 2.952663e-02 -5.681463e-04 9.995639e-01 8.328465e+01
9.997237e-01 6.279078e-05 2.350356e-02 1.369552e+02 -5.880700e-05 1.000000e+00 -1.701141e-04 -7.081913e+00 -2.350347e-02 1.686835e-04 9.997237e-01 8.336404e+01
9.996167e-01 -3.874349e-04 -2.768465e-02 1.390567e+02 4.027427e-04 9.999998e-01 5.474252e-04 -7.154814e+00 2.768434e-02 -5.583638e-04 9.996166e-01 8.348754e+01
9.996459e-01 1.768795e-04 2.660755e-02 1.411658e+02 -1.707517e-04 1.000000e+00 -2.325121e-04 -7.227841e+00 -2.660749e-02 2.278850e-04 9.996459e-01 8.360980e+01
9.995442e-01 -4.495556e-04 -3.018765e-02 1.430461e+02 4.665902e-04 9.999997e-01 5.573089e-04 -7.294331e+00 3.018729e-02 -5.711387e-04 9.995441e-01 8.376176e+01
9.996675e-01 9.816970e-05 2.578167e-02 1.452639e+02 -9.395625e-05 1.000000e+00 -1.645722e-04 -7.370640e+00 -2.578159e-02 1.620938e-04 9.996675e-01 8.387154e+01
9.996025e-01 -3.862264e-04 -2.819107e-02 1.477608e+02 4.030962e-04 9.999997e-01 5.927918e-04 -7.454371e+00 2.819074e-02 -6.039185e-04 9.996024e-01 8.391576e+01
9.996583e-01 1.188959e-04 2.613856e-02 1.501992e+02 -1.140418e-04 1.000000e+00 -1.871287e-04 -7.537569e+00 -2.613848e-02 1.840825e-04 9.996583e-01 8.401389e+01
9.995670e-01 -4.263119e-04 -2.942407e-02 1.526250e+02 4.447959e-04 9.999997e-01 6.217099e-04 -7.620269e+00 2.942370e-02 -6.345270e-04 9.995669e-01 8.410584e+01
9.996389e-01 1.505082e-04 2.687002e-02 1.549676e+02 -1.448770e-04 1.000000e+00 -2.114558e-04 -7.702185e+00 -2.686995e-02 2.074852e-04 9.996389e-01 8.428414e+01
9.995448e-01 -4.530028e-04 -3.016653e-02 1.574893e+02 4.740510e-04 9.999996e-01 6.906468e-04 -7.790568e+00 3.016611e-02 -7.046314e-04 9.995447e-01 8.449538e+01
9.996310e-01 1.438996e-04 2.716245e-02 1.600171e+02 -1.377136e-04 1.000000e+00 -2.295508e-04 -7.878161e+00 -2.716238e-02 2.257240e-04 9.996310e-01 8.466355e+01
9.995211e-01 -4.301132e-04 -3.094412e-02 1.620427e+02 4.489576e-04 9.999997e-01 6.020916e-04 -7.951235e+00 3.094376e-02 -6.156944e-04 9.995210e-01 8.489912e+01
9.996527e-01 1.818969e-04 2.634985e-02 1.636359e+02 -1.742950e-04 9.999999e-01 -2.907306e-04 -8.012799e+00 -2.634980e-02 2.860356e-04 9.996527e-01 8.522634e+01
9.995216e-01 -4.813135e-04 -3.092729e-02 1.655582e+02 5.013659e-04 9.999997e-01 6.406756e-04 -8.081437e+00 3.092687e-02 -6.558735e-04 9.995215e-01 8.540598e+01
9.996166e-01 1.826750e-04 2.768760e-02 1.677116e+02 -1.750852e-04 9.999999e-01 -2.764880e-04 -8.155747e+00 -2.768755e-02 2.715329e-04 9.996165e-01 8.552109e+01
9.995190e-01 -4.557949e-04 -3.101128e-02 1.696039e+02 4.742943e-04 9.999997e-01 5.892380e-04 -8.221220e+00 3.101091e-02 -6.036616e-04 9.995189e-01 8.561452e+01
9.996126e-01 1.989975e-04 2.782882e-02 1.711388e+02 -1.886461e-04 9.999999e-01 -3.745296e-04 -8.274899e+00 -2.782879e-02 3.691332e-04 9.996126e-01 8.570065e+01
9.995294e-01 -4.289025e-04 -3.067574e-02 1.725633e+02 4.463422e-04 9.999997e-01 5.617301e-04 -8.324409e+00 3.067539e-02 -5.751561e-04 9.995293e-01 8.576162e+01
9.996421e-01 1.182577e-04 2.674953e-02 1.743857e+02 -1.107308e-04 1.000000e+00 -2.828058e-04 -8.385429e+00 -2.674946e-02 2.797411e-04 9.996421e-01 8.576035e+01
9.995364e-01 -4.287714e-04 -3.044566e-02 1.763312e+02 4.469224e-04 9.999997e-01 5.894329e-04 -8.449666e+00 3.044530e-02 -6.027650e-04 9.995363e-01 8.573008e+01
9.996739e-01 1.059528e-04 2.553395e-02 1.780414e+02 -9.763659e-05 9.999999e-01 -3.268714e-04 -8.506071e+00 -2.553388e-02 3.242703e-04 9.996739e-01 8.566255e+01
9.995492e-01 -3.690276e-04 -3.002177e-02 1.794344e+02 3.849095e-04 9.999998e-01 5.232942e-04 -8.553257e+00 3.002148e-02 -5.346125e-04 9.995492e-01 8.563220e+01
9.996546e-01 6.341136e-05 2.627809e-02 1.812054e+02 -5.651705e-05 1.000000e+00 -2.630381e-04 -8.612507e+00 -2.627801e-02 2.614607e-04 9.996546e-01 8.562804e+01
