9.999980e-01 -4.489492e-05 -1.996183e-03 7.373275e-01 4.516066e-05 1.000000e+00 1.330874e-04 -3.574060e-02 1.996177e-03 -1.331778e-04 9.999981e-01 3.650760e-01
9.999972e-01 2.294914e-05 2.382234e-03 2.015908e+00 -2.320617e-05 1.000000e+00 1.078735e-04 -9.380811e-02 -2.382231e-03 -1.079280e-04 9.999971e-01 9.408848e-01
9.999977e-01 -3.021852e-05 -2.133425e-03 3.154770e+00 3.048633e-05 1.000000e+00 1.255050e-04 -1.487829e-01 2.133421e-03 -1.255703e-04 9.999978e-01 1.576954e+00
9.999991e-01 8.984197e-06 1.312427e-03 4.204652e+00 -9.130422e-06 1.000000e+00 1.114240e-04 -2.006249e-01 -1.312426e-03 -1.114353e-04 9.999990e-01 2.193011e+00
9.999946e-01 -6.131061e-05 -3.289759e-03 4.997599e+00 6.149231e-05 1.000000e+00 5.513715e-05 -2.398443e-01 3.289756e-03 -5.533973e-05 9.999947e-01 2.618931e+00
9.999997e-01 -4.836277e-05 7.242652e-04 5.922749e+00 4.832284e-05 1.000000e+00 5.517839e-05 -2.757219e-01 -7.242685e-04 -5.514279e-05 9.999996e-01 2.729527e+00
9.999963e-01 -5.936252e-05 -2.726849e-03 6.852229e+00 5.949730e-05 1.000000e+00 4.935114e-05 -3.128097e-01 2.726847e-03 -4.951379e-05 9.999964e-01 2.887096e+00
9.999814e-01 5.273070e-05 -6.096833e-03 7.236493e+00 -5.173363e-05 1.000000e+00 1.636943e-04 -3.373132e-01 6.096840e-03 -1.633752e-04 9.999813e-01 3.269857e+00
9.999938e-01 -4.425189e-05 -3.522475e-03 7.563360e+00 4.455249e-05 1.000000e+00 8.526755e-05 -3.612534e-01 3.522474e-03 -8.542460e-05 9.999939e-01 3.702372e+00
9.999947e-01 6.337007e-05 -3.244039e-03 7.982922e+00 -6.306234e-05 1.000000e+00 9.495186e-05 -3.866877e-01 3.244042e-03 -9.474612e-05 9.999946e-01 4.065757e+00
9.999998e-01 -6.194974e-05 6.769052e-04 8.484342e+00 6.195744e-05 1.000000e+00 -1.139016e-05 -4.142445e-01 -6.769009e-04 1.143142e-05 9.999999e-01 4.404784e+00
9.999998e-01 1.043792e-04 5.954308e-04 9.211219e+00 -1.043601e-04 1.000000e+00 -3.210322e-05 -4.450270e-01 -5.954376e-04 3.204174e-05 9.999997e-01 4.569657e+00
9.999876e-01 -1.568654e-04 -4.972390e-03 9.723641e+00 1.575953e-04 1.000000e+00 1.463964e-04 -4.719881e-01 4.972371e-03 -1.471789e-04 9.999877e-01 4.871531e+00
9.999945e-01 1.735014e-04 3.310802e-03 9.998491e+00 -1.733924e-04 1.000000e+00 -3.320845e-05 -5.007380e-01 -3.310812e-03 3.263489e-05 9.999944e-01 5.580954e+00
9.999257e-01 -1.942815e-04 -1.218980e-02 1.049587e+01 1.985735e-04 9.999999e-01 3.508881e-04 -5.339202e-01 1.218974e-02 -3.532833e-04 9.999257e-01 6.170319e+00
9.999997e-01 1.848893e-04 6.973503e-04 1.103922e+01 -1.848388e-04 1.000000e+00 -7.246893e-05 -5.606063e-01 -6.973698e-04 7.234077e-05 9.999997e-01 6.427602e+00
9.999444e-01 -2.301559e-04 -1.054469e-02 1.148587e+01 2.323622e-04 1.000000e+00 2.080149e-04 -5.778059e-01 1.054465e-02 -2.104543e-04 9.999445e-01 6.421143e+00
9.999900e-01 2.492371e-04 -4.468315e-03 1.179908e+01 -2.491157e-04 1.000000e+00 2.772809e-05 -5.905179e-01 4.468314e-03 -2.661390e-05 9.999899e-01 6.402780e+00
9.998763e-01 -1.590188e-04 -1.572725e-02 1.216154e+01 1.646715e-04 9.999999e-01 3.581286e-04 -6.030570e-01 1.572720e-02 -3.606749e-04 9.998764e-01 6.334907e+00
9.999988e-01 1.514341e-04 1.550896e-03 1.274718e+01 -1.513107e-04 1.000000e+00 -7.963472e-05 -6.236487e-01 -1.550920e-03 7.940081e-05 9.999987e-01 6.295625e+00
9.999910e-01 -1.758310e-04 -4.228478e-03 1.326247e+01 1.759984e-04 1.000000e+00 3.925169e-05 -6.423133e-01 4.228483e-03 -3.999639e-05 9.999912e-01 6.256729e+00
9.999969e-01 2.083133e-04 2.488993e-03 1.354720e+01 -2.080991e-04 1.000000e+00 -8.628350e-05 -6.582984e-01 -2.489023e-03 8.576612e-05 9.999968e-01 6.411081e+00
9.999578e-01 -2.021560e-04 -9.188498e-03 1.384464e+01 2.040947e-04 1.000000e+00 2.100674e-04 -6.781275e-01 9.188468e-03 -2.119347e-04 9.999579e-01 6.707194e+00
9.999977e-01 2.096765e-04 -2.111546e-03 1.418683e+01 -2.095741e-04 1.000000e+00 4.864717e-05 -7.001492e-01 2.111542e-03 -4.820366e-05 9.999977e-01 7.037975e+00
9.999678e-01 -2.103309e-04 -8.026247e-03 1.453435e+01 2.120512e-04 1.000000e+00 2.134937e-04 -7.246482e-01 8.026217e-03 -2.151897e-04 9.999679e-01 7.460797e+00
9.999999e-01 1.720811e-04 4.038654e-04 1.495972e+01 -1.720755e-04 1.000000e+00 -1.386591e-05 -7.504951e-01 -4.038837e-04 1.379734e-05 9.999998e-01 7.836555e+00
9.999737e-01 -2.313171e-04 -7.255329e-03 1.539992e+01 2.327207e-04 1.000000e+00 1.926231e-04 -7.767579e-01 7.255301e-03 -1.943074e-04 9.999738e-01 8.202970e+00
9.999920e-01 1.422108e-04 4.003003e-03 1.605752e+01 -1.419013e-04 1.000000e+00 -7.756100e-05 -8.083865e-01 -4.003031e-03 7.699331e-05 9.999919e-01 8.509668e+00
9.999710e-01 -2.608288e-04 -7.615820e-03 1.673203e+01 2.617542e-04 1.000000e+00 1.205246e-04 -8.341808e-01 7.615806e-03 -1.225155e-04 9.999711e-01 8.542959e+00
9.999845e-01 6.281910e-05 5.559240e-03 1.691978e+01 -6.123093e-05 1.000000e+00 -2.858329e-04 -8.329301e-01 -5.559275e-03 2.854891e-04 9.999844e-01 8.026844e+00
9.999801e-01 -3.216842e-04 -6.305680e-03 1.673997e+01 3.216585e-04 9.999999e-01 -5.075757e-06 -8.120352e-01 6.305699e-03 3.046456e-06 9.999802e-01 7.078470e+00
9.999928e-01 6.068265e-05 3.804768e-03 1.650662e+01 -5.969023e-05 1.000000e+00 -2.609198e-04 -7.882653e-01 -3.804801e-03 2.606917e-04 9.999926e-01 6.065225e+00
9.999586e-01 -2.884702e-04 -9.098101e-03 1.646424e+01 2.893485e-04 1.000000e+00 9.522403e-05 -7.738987e-01 9.098092e-03 -9.785349e-05 9.999587e-01 5.243892e+00
9.999857e-01 1.178519e-04 5.354435e-03 1.661189e+01 -1.166349e-04 1.000000e+00 -2.275874e-04 -7.734133e-01 -5.354481e-03 2.269605e-04 9.999855e-01 4.814442e+00
9.999776e-01 -3.307413e-04 -6.681647e-03 1.643119e+01 3.306624e-04 9.999999e-01 -1.291155e-05 -7.567171e-01 6.681670e-03 1.070104e-05 9.999778e-01 4.071195e+00
9.999850e-01 7.386403e-05 5.484920e-03 1.614917e+01 -7.236202e-05 1.000000e+00 -2.740227e-04 -7.330335e-01 -5.484959e-03 2.736225e-04 9.999848e-01 3.123929e+00
9.999812e-01 -3.795621e-04 -6.123167e-03 1.573866e+01 3.791762e-04 9.999999e-01 -6.416785e-05 -7.015629e-01 6.123210e-03 6.184409e-05 9.999814e-01 1.980436e+00
9.999897e-01 1.037502e-04 4.540787e-03 1.535703e+01 -1.026533e-04 1.000000e+00 -2.417653e-04 -6.725514e-01 -4.540831e-03 2.412974e-04 9.999896e-01 9.208703e-01
9.999513e-01 -3.018978e-04 -9.866059e-03 1.509567e+01 3.022661e-04 1.000000e+00 3.585378e-05 -6.503986e-01 9.866067e-03 -3.883496e-05 9.999514e-01 4.753808e-02
9.999559e-01 -5.475417e-06 9.387040e-03 1.461257e+01 9.224743e-06 9.999999e-01 -3.993616e-04 -6.161898e-01 -9.387057e-03 3.994313e-04 9.999558e-01 -1.110617e+00
9.999521e-01 -2.834815e-04 -9.782705e-03 1.414194e+01 2.839412e-04 1.000000e+00 4.561523e-05 -5.828215e-01 9.782712e-03 -4.839144e-05 9.999522e-01 -2.238344e+00
9.999443e-01 3.154281e-05 1.055434e-02 1.375251e+01 -2.725645e-05 9.999999e-01 -4.062576e-04 -5.538403e-01 -1.055437e-02 4.059480e-04 9.999441e-01 -3.253751e+00
9.999643e-01 -2.953769e-04 -8.449863e-03 1.335052e+01 2.956171e-04 1.000000e+00 2.718521e-05 -5.235067e-01 8.449874e-03 -2.968278e-05 9.999644e-01 -4.312995e+00
9.999281e-01 7.106643e-05 1.199222e-02 1.299230e+01 -6.582258e-05 9.999999e-01 -4.376584e-04 -4.958002e-01 -1.199227e-02 4.368381e-04 9.999279e-01 -5.305819e+00
9.999444e-01 -3.281648e-04 -1.054006e-02 1.258665e+01 3.288902e-04 9.999999e-01 6.709347e-05 -4.655192e-01 1.054006e-02 -7.055681e-05 9.999445e-01 -6.350797e+00
9.999620e-01 1.704870e-04 8.715384e-03 1.229277e+01 -1.677085e-04 9.999999e-01 -3.195359e-04 -4.440483e-01 -8.715457e-03 3.180626e-04 9.999619e-01 -7.128446e+00
9.999039e-01 -3.805812e-04 -1.385523e-02 1.185942e+01 3.817109e-04 9.999999e-01 7.889651e-05 -4.137984e-01 1.385522e-02 -8.417812e-05 9.999041e-01 -8.133664e+00
9.999605e-01 1.029172e-04 8.883156e-03 1.131667e+01 -1.000679e-04 9.999999e-01 -3.211812e-04 -3.800673e-01 -8.883209e-03 3.202801e-04 9.999604e-01 -9.196257e+00
9.998104e-01 -2.712351e-04 -1.946889e-02 1.092741e+01 2.759218e-04 9.999999e-01 2.380464e-04 -3.550561e-01 1.946884e-02 -2.433736e-04 9.998105e-01 -1.003812e+01
9.999996e-01 2.908969e-04 -8.838273e-04 1.087736e+01 -2.908602e-04 1.000000e+00 4.150975e-05 -3.491463e-01 8.838160e-04 -4.125216e-05 9.999995e-01 -1.042458e+01
9.996806e-01 -2.108095e-04 -2.527056e-02 1.100447e+01 2.210781e-04 9.999999e-01 4.035575e-04 -3.518241e-01 2.527050e-02 -4.090159e-04 9.996807e-01 -1.064387e+01
9.999899e-01 3.766391e-04 -4.468667e-03 1.122680e+01 -3.756739e-04 9.999999e-01 2.168056e-04 -3.605709e-01 4.468719e-03 -2.151240e-04 9.999899e-01 -1.068869e+01
9.997805e-01 -2.250448e-04 -2.094846e-02 1.153864e+01 2.322963e-04 9.999999e-01 3.437339e-04 -3.770037e-01 2.094841e-02 -3.485254e-04 9.997806e-01 -1.053244e+01
9.999756e-01 3.836524e-04 -6.972290e-03 1.182490e+01 -3.817721e-04 9.999999e-01 2.709969e-04 -3.902632e-01 6.972360e-03 -2.683278e-04 9.999756e-01 -1.047614e+01
9.996845e-01 -1.570186e-04 -2.511595e-02 1.219637e+01 1.699911e-04 9.999999e-01 5.143793e-04 -4.090293e-01 2.511591e-02 -5.184873e-04 9.996845e-01 -1.028581e+01
9.999749e-01 3.782990e-04 -7.079755e-03 1.254346e+01 -3.763900e-04 9.999999e-01 2.709452e-04 -4.271389e-01 7.079817e-03 -2.682728e-04 9.999748e-01 -1.009318e+01
9.995958e-01 -1.357423e-04 -2.842947e-02 1.287465e+01 1.520819e-04 9.999998e-01 5.725873e-04 -4.435790e-01 2.842943e-02 -5.766803e-04 9.995957e-01 -9.947129e+00
9.999940e-01 3.248605e-04 -3.443192e-03 1.329640e+01 -3.241261e-04 9.999999e-01 2.137699e-04 -4.636256e-01 3.443215e-03 -2.126516e-04 9.999940e-01 -9.776100e+00
9.994052e-01 -3.847179e-05 -3.448490e-02 1.363716e+01 6.417947e-05 9.999997e-01 7.443773e-04 -4.819786e-01 3.448491e-02 -7.461488e-04 9.994050e-01 -9.561242e+00
9.999823e-01 3.685152e-04 -5.944906e-03 1.394590e+01 -3.667043e-04 9.999999e-01 3.056520e-04 -4.999249e-01 5.944965e-03 -3.034654e-04 9.999822e-01 -9.313615e+00
9.994707e-01 -5.219241e-05 -3.253059e-02 1.426566e+01 7.404496e-05 9.999998e-01 6.705604e-04 -5.178666e-01 3.253060e-02 -6.726154e-04 9.994706e-01 -9.079852e+00
9.999353e-01 4.101119e-04 -1.136527e-02 1.459704e+01 -4.045304e-04 9.999998e-01 4.933610e-04 -5.373858e-01 1.136541e-02 -4.887302e-04 9.999352e-01 -8.793281e+00
9.995123e-01 -4.078869e-05 -3.122824e-02 1.491646e+01 5.963219e-05 9.999998e-01 6.024963e-04 -5.561260e-01 3.122827e-02 -6.040661e-04 9.995122e-01 -8.519867e+00
9.998781e-01 4.568529e-04 -1.560637e-02 1.519259e+01 -4.469085e-04 9.999997e-01 6.406499e-04 -5.741681e-01 1.560659e-02 -6.335957e-04 9.998779e-01 -8.217286e+00
9.996637e-01 -5.912205e-05 -2.593304e-02 1.544068e+01 7.003457e-05 9.999999e-01 4.199111e-04 -5.913754e-01 2.593309e-02 -4.215877e-04 9.996637e-01 -7.907774e+00
9.999249e-01 3.737782e-04 -1.225199e-02 1.570878e+01 -3.670809e-04 9.999998e-01 5.488203e-04 -6.080537e-01 1.225212e-02 -5.442800e-04 9.999247e-01 -7.659646e+00
9.995724e-01 2.288645e-07 -2.924155e-02 1.591926e+01 1.390161e-05 9.999999e-01 4.830541e-04 -6.223099e-01 2.924162e-02 -4.832557e-04 9.995723e-01 -7.428881e+00
9.999407e-01 3.671111e-04 -1.088212e-02 1.611565e+01 -3.615023e-04 9.999998e-01 5.173011e-04 -6.365889e-01 1.088223e-02 -5.133348e-04 9.999406e-01 -7.176865e+00
9.997066e-01 -6.341926e-05 -2.422103e-02 1.634257e+01 7.136221e-05 9.999999e-01 3.271069e-04 -6.515257e-01 2.422109e-02 -3.287411e-04 9.997067e-01 -6.946064e+00
9.999509e-01 3.420966e-04 -9.900008e-03 1.657080e+01 -3.371409e-04 9.999998e-01 5.021489e-04 -6.662242e-01 9.900096e-03 -4.987848e-04 9.999508e-01 -6.732058e+00
9.997227e-01 -5.459306e-05 -2.354850e-02 1.677869e+01 6.121055e-05 1.000000e+00 2.803357e-04 -6.795136e-01 2.354857e-02 -2.817012e-04 9.997227e-01 -6.548432e+00
9.999660e-01 3.639762e-04 -8.231066e-03 1.689661e+01 -3.600586e-04 9.999998e-01 4.773079e-04 -6.906699e-01 8.231153e-03 -4.743262e-04 9.999659e-01 -6.332434e+00
9.998454e-01 -7.831728e-05 -1.758312e-02 1.697651e+01 8.092927e-05 1.000000e+00 1.479005e-04 -7.031341e-01 1.758319e-02 -1.493025e-04 9.998455e-01 -6.023734e+00
9.998726e-01 4.408502e-04 -1.595252e-02 1.701768e+01 -4.299871e-04 9.999997e-01 6.843148e-04 -7.137471e-01 1.595273e-02 -6.773664e-04 9.998724e-01 -5.732649e+00
9.999467e-01 -2.474241e-04 1.032879e-02 1.714547e+01 2.534456e-04 9.999998e-01 -5.817914e-04 -7.313548e-01 -1.032856e-02 5.843763e-04 9.999466e-01 -5.291850e+00
9.998365e-01 6.643373e-04 1.806604e-02 1.726809e+01 -6.587837e-04 9.999997e-01 -3.132971e-04 -7.470275e-01 -1.806633e-02 3.013461e-04 9.998367e-01 -4.923214e+00
9.999245e-01 -2.335730e-04 1.228723e-02 1.745289e+01 2.412561e-04 9.999998e-01 -6.238956e-04 -7.629749e-01 -1.228699e-02 6.268111e-04 9.999244e-01 -4.625305e+00
9.998546e-01 6.432634e-04 1.703685e-02 1.767453e+01 -6.382258e-04 9.999998e-01 -3.010723e-04 -7.790366e-01 -1.703712e-02 2.901568e-04 9.998547e-01 -4.374408e+00
9.999276e-01 -2.167661e-04 1.202937e-02 1.805822e+01 2.238920e-04 9.999998e-01 -5.910995e-04 -7.995401e-01 -1.202916e-02 5.937484e-04 9.999275e-01 -4.141489e+00
9.999858e-01 4.904135e-04 5.300832e-03 1.851378e+01 -4.907702e-04 9.999999e-01 6.613182e-05 -8.256598e-01 -5.300880e-03 -6.873085e-05 9.999859e-01 -3.785973e+00
9.999483e-01 -2.348354e-04 1.016296e-02 1.900002e+01 2.400231e-04 9.999998e-01 -5.093115e-04 -8.541714e-01 -1.016275e-02 5.117230e-04 9.999483e-01 -3.377476e+00
9.999898e-01 5.061702e-04 4.476117e-03 1.941156e+01 -5.065869e-04 9.999999e-01 9.212333e-05 -8.816359e-01 -4.476149e-03 -9.438849e-05 9.999899e-01 -2.905871e+00
9.999942e-01 -3.309640e-04 3.396944e-03 1.993275e+01 3.320044e-04 9.999999e-01 -3.059292e-04 -9.116273e-01 -3.396763e-03 3.070537e-04 9.999943e-01 -2.490885e+00
9.999368e-01 6.187703e-04 1.122517e-02 2.032411e+01 -6.179072e-04 9.999998e-01 -8.029749e-05 -9.417327e-01 -1.122530e-02 7.335769e-05 9.999369e-01 -1.881218e+00
9.999905e-01 -3.230726e-04 4.355642e-03 2.059748e+01 3.245783e-04 9.999999e-01 -3.451562e-04 -9.681471e-01 -4.355452e-03 3.465653e-04 9.999905e-01 -1.262918e+00
9.999848e-01 4.190220e-04 -5.499153e-03 2.078045e+01 -4.169608e-04 9.999998e-01 3.758585e-04 -9.895629e-01 5.499232e-03 -3.735584e-04 9.999847e-01 -7.512393e-01
9.999822e-01 -3.105201e-04 -5.957170e-03 2.087960e+01 3.099935e-04 9.999999e-01 -8.921585e-05 -1.008591e+00 5.957275e-03 8.736618e-05 9.999823e-01 -2.264232e-01
9.998569e-01 5.319700e-04 -1.690722e-02 2.095618e+01 -5.207904e-04 9.999996e-01 6.655900e-04 -1.023326e+00 1.690748e-02 -6.566882e-04 9.998568e-01 1.588669e-01
9.998122e-01 -1.448568e-04 -1.937747e-02 2.097461e+01 1.494279e-04 1.000000e+00 2.344909e-04 -1.033393e+00 1.937751e-02 -2.373439e-04 9.998123e-01 4.482107e-01
9.997965e-01 5.640700e-04 -2.016380e-02 2.099196e+01 -5.494432e-04 9.999996e-01 7.308912e-04 -1.041000e+00 2.016412e-02 -7.196621e-04 9.997963e-01 6.526514e-01
9.998550e-01 -1.645705e-04 -1.703151e-02 2.115915e+01 1.681527e-04 1.000000e+00 2.089449e-04 -1.054668e+00 1.703156e-02 -2.117800e-04 9.998550e-01 9.198262e-01
9.999681e-01 3.711867e-04 -7.973368e-03 2.146067e+01 -3.678772e-04 9.999998e-01 4.164132e-04 -1.072691e+00 7.973434e-03 -4.134651e-04 9.999681e-01 1.166128e+00
9.997431e-01 -7.405216e-05 -2.266468e-02 2.164795e+01 8.149746e-05 9.999999e-01 3.276165e-04 -1.086326e+00 2.266475e-02 -3.293811e-04 9.997431e-01 1.387774e+00
9.999645e-01 3.945032e-04 -8.410679e-03 2.173199e+01 -3.909267e-04 9.999998e-01 4.267519e-04 -1.097714e+00 8.410755e-03 -4.234472e-04 9.999645e-01 1.655145e+00
9.998143e-01 -9.554759e-05 -1.927254e-02 2.183490e+01 1.005865e-04 1.000000e+00 2.605430e-04 -1.112110e+00 1.927260e-02 -2.624348e-04 9.998143e-01 2.019809e+00
9.999813e-01 3.475451e-04 -6.108793e-03 2.196564e+01 -3.453600e-04 9.999999e-01 3.585779e-04 -1.126572e+00 6.108824e-03 -3.564598e-04 9.999812e-01 2.348221e+00
9.999937e-01 -2.955579e-04 -3.534087e-03 2.230841e+01 2.950755e-04 9.999999e-01 -1.366943e-04 -1.148130e+00 3.534220e-03 1.356489e-04 9.999938e-01 2.661376e+00
9.999948e-01 3.220616e-04 -3.185084e-03 2.278699e+01 -3.212110e-04 9.999999e-01 2.672099e-04 -1.171108e+00 3.185077e-03 -2.661837e-04 9.999948e-01 2.838871e+00
9.999994e-01 -3.024110e-04 -1.079588e-03 2.312838e+01 3.022173e-04 9.999999e-01 -1.784947e-04 -1.193511e+00 1.079735e-03 1.781666e-04 9.999995e-01 3.180077e+00
9.999983e-01 3.659676e-04 1.788331e-03 2.357362e+01 -3.662693e-04 9.999999e-01 1.690168e-04 -1.220517e+00 -1.788362e-03 -1.696699e-04 9.999983e-01 3.574666e+00
9.999979e-01 -3.480185e-04 -2.017280e-03 2.409766e+01 3.476860e-04 9.999999e-01 -1.645622e-04 -1.247950e+00 2.017430e-03 1.638588e-04 9.999980e-01 3.876710e+00
9.999999e-01 3.790009e-04 -8.390906e-07 2.442032e+01 -3.789996e-04 9.999999e-01 2.447294e-04 -1.273925e+00 8.388509e-07 -2.447274e-04 9.999999e-01 4.396235e+00
1.000000e+00 -3.363753e-04 -1.799579e-04 2.483333e+01 3.363342e-04 9.999999e-01 -2.216508e-04 -1.300864e+00 1.801254e-04 2.215886e-04 1.000000e+00 4.832113e+00
9.999996e-01 3.899325e-04 7.899434e-04 2.534747e+01 -3.901067e-04 9.999999e-01 2.218289e-04 -1.329471e+00 -7.899498e-04 -2.221353e-04 9.999996e-01 5.197576e+00
9.999898e-01 -4.055756e-04 -4.494981e-03 2.584041e+01 4.049062e-04 9.999999e-01 -1.495593e-04 -1.354196e+00 4.495134e-03 1.477360e-04 9.999900e-01 5.425247e+00
9.999952e-01 3.964777e-04 3.072517e-03 2.635648e+01 -3.970126e-04 9.999999e-01 1.738386e-04 -1.380212e+00 -3.072541e-03 -1.750559e-04 9.999952e-01 5.676152e+00
9.999890e-01 -3.733716e-04 -4.674465e-03 2.666547e+01 3.728635e-04 9.999999e-01 -1.093179e-04 -1.405334e+00 4.674599e-03 1.075721e-04 9.999891e-01 6.178899e+00
9.999887e-01 4.200310e-04 4.724698e-03 2.704079e+01 -4.205261e-04 9.999999e-01 1.040569e-04 -1.429994e+00 -4.724747e-03 -1.060410e-04 9.999888e-01 6.571385e+00
9.999931e-01 -3.389249e-04 -3.720310e-03 2.736063e+01 3.384950e-04 9.999999e-01 -1.158633e-04 -1.455533e+00 3.720443e-03 1.146015e-04 9.999931e-01 7.080187e+00
9.999737e-01 4.661700e-04 7.228962e-03 2.785372e+01 -4.666048e-04 9.999999e-01 5.862626e-05 -1.486772e+00 -7.229027e-03 -6.199615e-05 9.999738e-01 7.593266e+00
9.999850e-01 -3.891945e-04 -5.477415e-03 2.841598e+01 3.887676e-04 9.999999e-01 -7.877805e-05 -1.517354e+00 5.477539e-03 7.664573e-05 9.999851e-01 7.977938e+00
9.999856e-01 4.109289e-04 5.344242e-03 2.901813e+01 -4.116298e-04 9.999999e-01 1.302618e-04 -1.549831e+00 -5.344281e-03 -1.324582e-04 9.999856e-01 8.385743e+00
9.999912e-01 -3.622212e-04 -4.186027e-03 2.964249e+01 3.616234e-04 9.999999e-01 -1.432838e-04 -1.580947e+00 4.186172e-03 1.417670e-04 9.999913e-01 8.706218e+00
9.999464e-01 5.249221e-04 1.033820e-02 3.006959e+01 -5.248222e-04 9.999999e-01 -1.226857e-05 -1.609784e+00 -1.033830e-02 6.843814e-06 9.999465e-01 9.208165e+00
9.999819e-01 -3.816374e-04 -6.003381e-03 3.050821e+01 3.811063e-04 9.999999e-01 -8.941427e-05 -1.638650e+00 6.003507e-03 8.712307e-05 9.999820e-01 9.694032e+00
9.999730e-01 4.677551e-04 7.323999e-03 3.094111e+01 -4.685086e-04 9.999999e-01 1.013189e-04 -1.668732e+00 -7.324043e-03 -1.047460e-04 9.999731e-01 1.023962e+01
9.999794e-01 -3.895522e-04 -6.418969e-03 3.132512e+01 3.889225e-04 9.999999e-01 -9.918421e-05 -1.696326e+00 6.419100e-03 9.668402e-05 9.999795e-01 1.074419e+01
9.999312e-01 5.360875e-04 1.171315e-02 3.185089e+01 -5.357705e-04 9.999999e-01 -3.010889e-05 -1.726980e+00 -1.171325e-02 2.383285e-05 9.999313e-01 1.118520e+01
9.999764e-01 -3.959033e-04 -6.859745e-03 3.222655e+01 3.952005e-04 9.999999e-01 -1.036458e-04 -1.753459e+00 6.859878e-03 1.009307e-04 9.999765e-01 1.165549e+01
9.999613e-01 5.006864e-04 8.783368e-03 3.255018e+01 -5.013098e-04 9.999999e-01 6.888961e-05 -1.779879e+00 -8.783424e-03 -7.328856e-05 9.999614e-01 1.219098e+01
9.999991e-01 -3.474819e-04 -1.327002e-03 3.297936e+01 3.471062e-04 9.999999e-01 -2.824993e-04 -1.807014e+00 1.327192e-03 2.820368e-04 9.999991e-01 1.261744e+01
9.999570e-01 5.161530e-04 9.251064e-03 3.353265e+01 -5.166780e-04 9.999999e-01 5.447626e-05 -1.835715e+00 -9.251126e-03 -5.925221e-05 9.999571e-01 1.293544e+01
9.999656e-01 -4.614427e-04 -8.290097e-03 3.406928e+01 4.609188e-04 9.999999e-01 -6.497222e-05 -1.865029e+00 8.290217e-03 6.114733e-05 9.999657e-01 1.329778e+01
9.999518e-01 5.220858e-04 9.798706e-03 3.467220e+01 -5.225305e-04 9.999999e-01 4.292763e-05 -1.896084e+00 -9.798773e-03 -4.804415e-05 9.999519e-01 1.364395e+01
9.999988e-01 -3.373968e-04 -1.527628e-03 3.517776e+01 3.370240e-04 9.999999e-01 -2.436361e-04 -1.927491e+00 1.527801e-03 2.431194e-04 9.999989e-01 1.414941e+01
9.999509e-01 5.244974e-04 9.888925e-03 3.582239e+01 -5.249675e-04 9.999999e-01 4.504611e-05 -1.961479e+00 -9.888991e-03 -5.023377e-05 9.999510e-01 1.456973e+01
9.999898e-01 -3.713184e-04 -4.511462e-03 3.634084e+01 3.706004e-04 9.999999e-01 -1.597600e-04 -1.993035e+00 4.511611e-03 1.580849e-04 9.999899e-01 1.506241e+01
9.999717e-01 4.737118e-04 7.510951e-03 3.682537e+01 -4.744443e-04 9.999999e-01 9.587408e-05 -2.022104e+00 -7.510995e-03 -9.943341e-05 9.999717e-01 1.549035e+01
9.999993e-01 -3.422702e-04 -1.189001e-03 3.736349e+01 3.419370e-04 9.999999e-01 -2.796788e-04 -2.050740e+00 1.189186e-03 2.792706e-04 9.999993e-01 1.582868e+01
9.999873e-01 4.449632e-04 5.019669e-03 3.803353e+01 -4.459092e-04 9.999999e-01 1.875345e-04 -2.083437e+00 -5.019675e-03 -1.897690e-04 9.999873e-01 1.615617e+01
9.999919e-01 -4.027442e-04 -4.020835e-03 3.874727e+01 4.020494e-04 9.999999e-01 -1.733752e-04 -2.118038e+00 4.020994e-03 1.717557e-04 9.999920e-01 1.650274e+01
9.999261e-01 5.635957e-04 1.214151e-02 3.957655e+01 -5.632204e-04 9.999998e-01 -3.425338e-05 -2.155323e+00 -1.214162e-02 2.741393e-05 9.999262e-01 1.680977e+01
9.999874e-01 -2.908926e-04 5.020640e-03 4.036841e+01 2.931502e-04 9.999999e-01 -4.491091e-04 -2.189658e+00 -5.020420e-03 4.505738e-04 9.999874e-01 1.705183e+01
9.999117e-01 5.883519e-04 1.327037e-02 4.115269e+01 -5.874646e-04 9.999998e-01 -7.069767e-05 -2.224392e+00 -1.327050e-02 6.289691e-05 9.999119e-01 1.731903e+01
9.999948e-01 -3.841650e-04 -3.224188e-03 4.186248e+01 3.835763e-04 9.999999e-01 -1.829314e-04 -2.259271e+00 3.224345e-03 1.816923e-04 9.999949e-01 1.769208e+01
9.999295e-01 5.614645e-04 1.186052e-02 4.249791e+01 -5.609768e-04 9.999998e-01 -4.438174e-05 -2.292039e+00 -1.186063e-02 3.772644e-05 9.999296e-01 1.807660e+01
9.999780e-01 -4.211222e-04 -6.619236e-03 4.308116e+01 4.206639e-04 9.999999e-01 -7.051090e-05 -2.324693e+00 6.619352e-03 6.772354e-05 9.999782e-01 1.852730e+01
9.998618e-01 6.277958e-04 1.660992e-02 4.381289e+01 -6.248879e-04 9.999998e-01 -1.802108e-04 -2.361267e+00 -1.661011e-02 1.698079e-04 9.998620e-01 1.894556e+01
9.999486e-01 -4.766522e-04 -1.013323e-02 4.468777e+01 4.771116e-04 9.999999e-01 4.299399e-05 -2.401008e+00 1.013329e-02 -4.782776e-05 9.999487e-01 1.929930e+01
9.999079e-01 5.771201e-04 1.356049e-02 4.547828e+01 -5.760864e-04 9.999998e-01 -8.008130e-05 -2.439187e+00 -1.356062e-02 7.226316e-05 9.999080e-01 1.970118e+01
9.999603e-01 -4.542492e-04 -8.904471e-03 4.617237e+01 4.541457e-04 9.999999e-01 -1.355802e-05 -2.474066e+00 8.904561e-03 9.512263e-06 9.999604e-01 2.009343e+01
9.999197e-01 5.587834e-04 1.265779e-02 4.687013e+01 -5.579925e-04 9.999998e-01 -6.595817e-05 -2.508379e+00 -1.265791e-02 5.889115e-05 9.999198e-01 2.045321e+01
9.999754e-01 -4.154701e-04 -7.008115e-03 4.749904e+01 4.150672e-04 9.999999e-01 -5.884075e-05 -2.541949e+00 7.008224e-03 5.592920e-05 9.999755e-01 2.088370e+01
9.998304e-01 6.503760e-04 1.840533e-02 4.810222e+01 -6.462222e-04 9.999998e-01 -2.315916e-04 -2.576171e+00 -1.840556e-02 2.196596e-04 9.998305e-01 2.138035e+01
9.999465e-01 -4.131257e-04 -1.033983e-02 4.843708e+01 4.139527e-04 9.999999e-01 7.790601e-05 -2.608617e+00 1.033988e-02 -8.218326e-05 9.999466e-01 2.217113e+01
9.999005e-01 5.422880e-04 1.409473e-02 4.905359e+01 -5.406542e-04 9.999998e-01 -1.196766e-04 -2.644534e+00 -1.409488e-02 1.120454e-04 9.999006e-01 2.271718e+01
9.999343e-01 -4.672347e-04 -1.145403e-02 4.994811e+01 4.688590e-04 9.999999e-01 1.391804e-04 -2.686735e+00 1.145405e-02 -1.445428e-04 9.999345e-01 2.314944e+01
9.998983e-01 5.611842e-04 1.425202e-02 5.070810e+01 -5.592202e-04 9.999998e-01 -1.417407e-04 -2.725389e+00 -1.425218e-02 1.337574e-04 9.998983e-01 2.361153e+01
9.999231e-01 -4.918311e-04 -1.239446e-02 5.151736e+01 4.939937e-04 9.999999e-01 1.714723e-04 -2.765404e+00 1.239445e-02 -1.775831e-04 9.999232e-01 2.406343e+01
9.999007e-01 5.331785e-04 1.408013e-02 5.249969e+01 -5.308261e-04 9.999998e-01 -1.707618e-04 -2.806190e+00 -1.408030e-02 1.632719e-04 9.999008e-01 2.430957e+01
9.999338e-01 -4.538839e-04 -1.149903e-02 5.332932e+01 4.555155e-04 9.999999e-01 1.393279e-04 -2.843549e+00 1.149905e-02 -1.445578e-04 9.999340e-01 2.462246e+01
9.998881e-01 5.580075e-04 1.494873e-02 5.400831e+01 -5.550998e-04 9.999998e-01 -1.986174e-04 -2.878130e+00 -1.494892e-02 1.902983e-04 9.998882e-01 2.502047e+01
9.999467e-01 -4.279699e-04 -1.032089e-02 5.462366e+01 4.290868e-04 9.999999e-01 1.060643e-04 -2.911791e+00 1.032093e-02 -1.104883e-04 9.999468e-01 2.546827e+01
9.998752e-01 5.725047e-04 1.578751e-02 5.516697e+01 -5.687505e-04 9.999998e-01 -2.422468e-04 -2.943188e+00 -1.578773e-02 2.332385e-04 9.998753e-01 2.591860e+01
9.999367e-01 -4.506990e-04 -1.124579e-02 5.558177e+01 4.519126e-04 9.999999e-01 1.054268e-04 -2.969303e+00 1.124583e-02 -1.105034e-04 9.999368e-01 2.632050e+01
9.998501e-01 6.149394e-04 1.730145e-02 5.587760e+01 -6.103041e-04 9.999998e-01 -2.731567e-04 -2.994926e+00 -1.730170e-02 2.625577e-04 9.998502e-01 2.687073e+01
9.999464e-01 -4.473270e-04 -1.034651e-02 5.632930e+01 4.481798e-04 9.999999e-01 8.015827e-05 -3.023534e+00 1.034655e-02 -8.479219e-05 9.999465e-01 2.733596e+01
9.998714e-01 5.731618e-04 1.602802e-02 5.679918e+01 -5.687715e-04 9.999998e-01 -2.784335e-04 -3.048902e+00 -1.602825e-02 2.692825e-04 9.998714e-01 2.763126e+01
9.999178e-01 -4.618304e-04 -1.281299e-02 5.725966e+01 4.640494e-04 9.999999e-01 1.702513e-04 -3.075610e+00 1.281299e-02 -1.761843e-04 9.999180e-01 2.799307e+01
9.998754e-01 5.412077e-04 1.577240e-02 5.763858e+01 -5.363237e-04 9.999998e-01 -3.138503e-04 -3.095941e+00 -1.577265e-02 3.053531e-04 9.998755e-01 2.820486e+01
9.999316e-01 -4.551339e-04 -1.168910e-02 5.816369e+01 4.566810e-04 9.999999e-01 1.297242e-04 -3.118337e+00 1.168912e-02 -1.350546e-04 9.999318e-01 2.830724e+01
9.998760e-01 5.553661e-04 1.573612e-02 5.874824e+01 -5.509859e-04 9.999998e-01 -2.826523e-04 -3.144588e+00 -1.573635e-02 2.739479e-04 9.998761e-01 2.848427e+01
9.999726e-01 -4.514352e-04 -7.391536e-03 5.918235e+01 4.507599e-04 9.999999e-01 -9.295596e-05 -3.158838e+00 7.391657e-03 8.962059e-05 9.999728e-01 2.838249e+01
9.999192e-01 5.155510e-04 1.270304e-02 5.946042e+01 -5.126024e-04 9.999998e-01 -2.353291e-04 -3.164451e+00 -1.270323e-02 2.287994e-04 9.999192e-01 2.810969e+01
9.999902e-01 -3.938149e-04 -4.420683e-03 5.993836e+01 3.931691e-04 9.999999e-01 -1.468407e-04 -3.178985e+00 4.420819e-03 1.451002e-04 9.999903e-01 2.796721e+01
9.997600e-01 6.482819e-04 2.189831e-02 6.049296e+01 -6.387800e-04 9.999997e-01 -4.408807e-04 -3.200958e+00 -2.189867e-02 4.267875e-04 9.997600e-01 2.802091e+01
9.999957e-01 -3.541685e-04 -2.917044e-03 6.084715e+01 3.538211e-04 9.999999e-01 -1.194746e-04 -3.226082e+00 2.917163e-03 1.184411e-04 9.999958e-01 2.847193e+01
9.996886e-01 6.979936e-04 2.494320e-02 6.115261e+01 -6.848041e-04 9.999996e-01 -5.373058e-04 -3.250403e+00 -2.494364e-02 5.200580e-04 9.996886e-01 2.896051e+01
9.999998e-01 -3.413874e-04 -5.893282e-04 6.149909e+01 3.412663e-04 9.999999e-01 -2.051233e-04 -3.272404e+00 5.894715e-04 2.049214e-04 9.999999e-01 2.929638e+01
9.996783e-01 7.075789e-04 2.535323e-02 6.195683e+01 -6.934576e-04 9.999996e-01 -5.657574e-04 -3.294821e+00 -2.535369e-02 5.479946e-04 9.996783e-01 2.949749e+01
9.999777e-01 -4.146639e-04 -6.663730e-03 6.239369e+01 4.146649e-04 9.999999e-01 -1.197128e-06 -3.319775e+00 6.663800e-03 -1.566699e-06 9.999779e-01 2.983388e+01
9.996806e-01 7.107988e-04 2.526336e-02 6.274675e+01 -6.963398e-04 9.999996e-01 -5.811123e-04 -3.342900e+00 -2.526383e-02 5.633353e-04 9.996806e-01 3.021038e+01
9.999705e-01 -4.315479e-04 -7.676733e-03 6.326733e+01 4.317881e-04 9.999999e-01 2.965226e-05 -3.367248e+00 7.676787e-03 -3.296658e-05 9.999706e-01 3.040902e+01
9.995533e-01 7.783278e-04 2.987542e-02 6.368525e+01 -7.570442e-04 9.999995e-01 -7.237102e-04 -3.391085e+00 -2.987604e-02 7.007703e-04 9.995533e-01 3.072955e+01
9.999723e-01 -3.896700e-04 -7.438070e-03 6.391197e+01 3.902870e-04 9.999999e-01 8.151554e-05 -3.415585e+00 7.438102e-03 -8.441660e-05 9.999724e-01 3.133265e+01
9.996843e-01 6.888951e-04 2.511610e-02 6.422475e+01 -6.739801e-04 9.999996e-01 -6.022944e-04 -3.440767e+00 -2.511657e-02 5.851767e-04 9.996843e-01 3.184400e+01
9.999890e-01 -3.606582e-04 -4.673055e-03 6.449887e+01 3.606200e-04 9.999999e-01 -8.984414e-06 -3.463931e+00 4.673120e-03 7.298898e-06 9.999892e-01 3.232598e+01
9.996159e-01 7.188395e-04 2.770508e-02 6.492440e+01 -7.000567e-04 9.999995e-01 -6.876467e-04 -3.489757e+00 -2.770562e-02 6.679876e-04 9.996158e-01 3.271235e+01
9.999975e-01 -3.310919e-04 -2.212908e-03 6.557265e+01 3.309254e-04 9.999999e-01 -7.558359e-05 -3.517936e+00 2.212990e-03 7.485103e-05 9.999976e-01 3.289505e+01
9.994676e-01 7.949322e-04 3.261567e-02 6.617212e+01 -7.673963e-04 9.999993e-01 -8.567614e-04 -3.543143e+00 -3.261638e-02 8.312761e-04 9.994675e-01 3.302472e+01
9.999834e-01 -3.864284e-04 -5.743528e-03 6.672470e+01 3.867201e-04 9.999999e-01 4.967945e-05 -3.569380e+00 5.743561e-03 -5.189965e-05 9.999836e-01 3.325791e+01
9.995527e-01 7.564687e-04 2.989751e-02 6.733206e+01 -7.334197e-04 9.999994e-01 -7.818933e-04 -3.597199e+00 -2.989813e-02 7.596159e-04 9.995526e-01 3.348316e+01
9.999663e-01 -4.154901e-04 -8.195805e-03 6.774072e+01 4.165810e-04 9.999999e-01 1.313854e-04 -3.622334e+00 8.195798e-03 -1.347949e-04 9.999665e-01 3.386393e+01
9.996723e-01 7.039609e-04 2.558814e-02 6.818137e+01 -6.873416e-04 9.999995e-01 -6.582850e-04 -3.647977e+00 -2.558863e-02 6.404812e-04 9.996723e-01 3.422255e+01
9.999420e-01 -4.613762e-04 -1.075756e-02 6.860646e+01 4.634467e-04 9.999999e-01 1.899680e-04 -3.672000e+00 1.075752e-02 -1.949422e-04 9.999422e-01 3.453539e+01
9.996164e-01 7.370627e-04 2.768648e-02 6.897762e+01 -7.173233e-04 9.999995e-01 -7.228895e-04 -3.695288e+00 -2.768704e-02 7.027516e-04 9.996163e-01 3.489283e+01
9.999917e-01 -3.770552e-04 -4.048475e-03 6.926821e+01 3.769911e-04 9.999999e-01 -1.659987e-05 -3.714727e+00 4.048524e-03 1.507399e-05 9.999919e-01 3.519988e+01
9.997336e-01 6.784740e-04 2.307131e-02 6.977708e+01 -6.655521e-04 9.999996e-01 -5.677642e-04 -3.739875e+00 -2.307172e-02 5.522572e-04 9.997336e-01 3.544235e+01
9.999537e-01 -4.522809e-04 -9.613972e-03 7.028037e+01 4.537589e-04 9.999999e-01 1.515396e-04 -3.765929e+00 9.613942e-03 -1.558944e-04 9.999539e-01 3.573138e+01
9.996541e-01 7.209941e-04 2.628829e-02 7.073698e+01 -7.034479e-04 9.999995e-01 -6.766971e-04 -3.789882e+00 -2.628880e-02 6.579700e-04 9.996541e-01 3.599500e+01
9.999859e-01 -4.230877e-04 -5.292485e-03 7.112271e+01 4.229425e-04 9.999999e-01 -2.858791e-05 -3.806259e+00 5.292533e-03 2.634982e-05 9.999861e-01 3.604667e+01
9.997294e-01 7.066540e-04 2.325063e-02 7.162473e+01 -6.944220e-04 9.999996e-01 -5.341693e-04 -3.830834e+00 -2.325103e-02 5.178782e-04 9.997294e-01 3.627723e+01
9.999161e-01 -5.232727e-04 -1.294412e-02 7.227629e+01 5.258727e-04 9.999998e-01 1.974566e-04 -3.858145e+00 1.294405e-02 -2.042462e-04 9.999163e-01 3.641703e+01
9.997219e-01 7.146553e-04 2.357009e-02 7.302790e+01 -7.020488e-04 9.999996e-01 -5.431264e-04 -3.886924e+00 -2.357050e-02 5.264271e-04 9.997219e-01 3.648284e+01
9.999319e-01 -5.241743e-04 -1.165896e-02 7.376105e+01 5.256596e-04 9.999999e-01 1.243222e-04 -3.911397e+00 1.165892e-02 -1.304415e-04 9.999321e-01 3.640427e+01
9.996130e-01 7.920143e-04 2.780603e-02 7.427161e+01 -7.741499e-04 9.999995e-01 -6.532289e-04 -3.934581e+00 -2.780657e-02 6.314491e-04 9.996130e-01 3.656720e+01
9.999580e-01 -4.941677e-04 -9.147293e-03 7.482772e+01 4.949134e-04 9.999999e-01 7.923966e-05 -3.961830e+00 9.147280e-03 -8.376243e-05 9.999583e-01 3.684008e+01
9.996274e-01 7.928540e-04 2.728516e-02 7.553540e+01 -7.754532e-04 9.999995e-01 -6.483168e-04 -3.989833e+00 -2.728569e-02 6.269158e-04 9.996274e-01 3.694205e+01
9.999844e-01 -4.408549e-04 -5.576519e-03 7.598932e+01 4.406779e-04 9.999999e-01 -3.299600e-05 -4.011757e+00 5.576557e-03 3.053919e-05 9.999845e-01 3.713835e+01
9.995215e-01 8.485302e-04 3.092106e-02 7.609838e+01 -8.255752e-04 9.999994e-01 -7.551401e-04 -4.028980e+00 -3.092170e-02 7.292498e-04 9.995214e-01 3.759308e+01
9.999871e-01 -4.451214e-04 -5.057521e-03 7.645594e+01 4.448933e-04 9.999999e-01 -4.624231e-05 -4.050890e+00 5.057560e-03 4.399298e-05 9.999873e-01 3.791847e+01
9.995064e-01 8.580808e-04 3.140325e-02 7.695840e+01 -8.333667e-04 9.999993e-01 -8.000744e-04 -4.072151e+00 -3.140393e-02 7.735077e-04 9.995064e-01 3.802012e+01
9.999983e-01 -3.404347e-04 1.788879e-03 7.746832e+01 3.408391e-04 9.999999e-01 -2.256913e-04 -4.092947e+00 -1.788789e-03 2.263021e-04 9.999985e-01 3.809821e+01
9.995090e-01 8.690427e-04 3.132136e-02 7.797420e+01 -8.441099e-04 9.999993e-01 -8.092495e-04 -4.113998e+00 -3.132206e-02 7.824118e-04 9.995089e-01 3.819043e+01
9.999936e-01 -3.162733e-04 3.570740e-03 7.858238e+01 3.171803e-04 9.999999e-01 -2.534509e-04 -4.137084e+00 -3.570653e-03 2.545836e-04 9.999937e-01 3.823131e+01
9.994726e-01 8.856735e-04 3.246192e-02 7.912936e+01 -8.580843e-04 9.999993e-01 -8.638167e-04 -4.158184e+00 -3.246267e-02 8.355042e-04 9.994725e-01 3.827205e+01
9.999848e-01 -2.932811e-04 5.500934e-03 7.958318e+01 2.949030e-04 9.999999e-01 -2.940303e-04 -4.176730e+00 -5.500848e-03 2.956501e-04 9.999849e-01 3.832972e+01
9.995918e-01 7.771662e-04 2.855796e-02 7.989346e+01 -7.543207e-04 9.999994e-01 -8.107333e-04 -4.187088e+00 -2.855857e-02 7.888585e-04 9.995917e-01 3.822219e+01
9.999984e-01 -3.033221e-04 1.762118e-03 8.043301e+01 3.035910e-04 9.999999e-01 -1.523930e-04 -4.205646e+00 -1.762080e-03 1.529299e-04 9.999985e-01 3.817201e+01
9.996298e-01 7.238965e-04 2.719786e-02 8.086731e+01 -7.020402e-04 9.999994e-01 -8.131408e-04 -4.218155e+00 -2.719843e-02 7.937435e-04 9.996296e-01 3.800409e+01
9.999991e-01 -3.173371e-04 -1.331224e-03 8.147497e+01 3.173162e-04 9.999999e-01 -1.572122e-05 -4.238665e+00 1.331216e-03 1.530111e-05 9.999992e-01 3.794196e+01
9.997470e-01 6.466227e-04 2.248225e-02 8.224075e+01 -6.319662e-04 9.999996e-01 -6.590037e-04 -4.263669e+00 -2.248266e-02 6.446266e-04 9.997469e-01 3.784677e+01
9.999947e-01 -3.433541e-04 -3.244806e-03 8.307064e+01 3.435522e-04 9.999999e-01 6.058062e-05 -4.291193e+00 3.244768e-03 -6.169261e-05 9.999948e-01 3.776872e+01
9.996052e-01 7.151205e-04 2.808666e-02 8.373877e+01 -6.906486e-04 9.999994e-01 -8.809847e-04 -4.311486e+00 -2.808726e-02 8.612364e-04 9.996050e-01 3.762104e+01
9.999796e-01 -3.868822e-04 -6.373714e-03 8.442247e+01 3.880324e-04 9.999999e-01 1.792751e-04 -4.334054e+00 6.373622e-03 -1.817421e-04 9.999798e-01 3.753760e+01
9.998213e-01 5.869869e-04 1.889715e-02 8.533445e+01 -5.761455e-04 9.999997e-01 -5.791284e-04 -4.363413e+00 -1.889747e-02 5.681348e-04 9.998212e-01 3.741810e+01
9.999918e-01 -3.528621e-04 -4.038792e-03 8.625404e+01 3.533193e-04 9.999999e-01 1.125939e-04 -4.392688e+00 4.038727e-03 -1.140173e-04 9.999919e-01 3.729059e+01
9.998866e-01 5.221076e-04 1.505050e-02 8.702946e+01 -5.146726e-04 9.999997e-01 -4.978490e-04 -4.417687e+00 -1.505073e-02 4.900438e-04 9.998865e-01 3.717526e+01
9.999906e-01 -3.628979e-04 -4.309533e-03 8.782053e+01 3.634308e-04 9.999999e-01 1.229588e-04 -4.442968e+00 4.309461e-03 -1.245211e-04 9.999908e-01 3.705077e+01
9.996780e-01 6.675208e-04 2.536558e-02 8.840902e+01 -6.470045e-04 9.999995e-01 -8.170088e-04 -4.464345e+00 -2.536608e-02 8.003313e-04 9.996778e-01 3.704743e+01
9.999396e-01 -4.603635e-04 -1.098474e-02 8.890405e+01 4.636132e-04 9.999998e-01 2.933313e-04 -4.482904e+00 1.098458e-02 -2.984035e-04 9.999397e-01 3.703852e+01
9.996008e-01 7.075345e-04 2.824274e-02 8.937214e+01 -6.826138e-04 9.999994e-01 -8.919918e-04 -4.502302e+00 -2.824332e-02 8.723540e-04 9.996006e-01 3.709726e+01
9.998959e-01 -5.138155e-04 -1.441758e-02 8.993745e+01 5.196283e-04 9.999998e-01 3.994650e-04 -4.523595e+00 1.441734e-02 -4.069123e-04 9.998961e-01 3.710427e+01
9.997086e-01 6.716511e-04 2.412876e-02 9.063886e+01 -6.536935e-04 9.999995e-01 -7.520991e-04 -4.548346e+00 -2.412921e-02 7.361042e-04 9.997085e-01 3.706619e+01
9.998240e-01 -5.730649e-04 -1.875049e-02 9.135789e+01 5.831496e-04 9.999997e-01 5.324071e-04 -4.574739e+00 1.875014e-02 -5.432448e-04 9.998241e-01 3.706606e+01
9.997334e-01 6.691493e-04 2.307953e-02 9.218507e+01 -6.534363e-04 9.999995e-01 -6.883327e-04 -4.605698e+00 -2.307994e-02 6.730653e-04 9.997333e-01 3.710037e+01
9.997850e-01 -6.099083e-04 -2.072819e-02 9.302836e+01 6.220755e-04 9.999996e-01 5.805732e-04 -4.635981e+00 2.072779e-02 -5.933399e-04 9.997851e-01 3.708435e+01
9.993801e-01 8.396707e-04 3.519652e-02 9.377106e+01 -8.024664e-04 9.999991e-01 -1.071143e-03 -4.662445e+00 -3.519735e-02 1.042232e-03 9.993797e-01 3.707055e+01
9.996206e-01 -6.822290e-04 -2.753448e-02 9.448452e+01 7.038965e-04 9.999995e-01 7.772630e-04 -4.688290e+00 2.753389e-02 -7.963466e-04 9.996206e-01 3.705608e+01
9.998550e-01 7.621172e-04 1.701322e-02 9.506350e+01 -7.525150e-04 9.999996e-01 -5.707550e-04 -4.711252e+00 -1.701361e-02 5.578665e-04 9.998550e-01 3.710362e+01
9.995384e-01 -7.144331e-04 -3.037194e-02 9.570706e+01 7.411009e-04 9.999993e-01 8.668106e-04 -4.736698e+00 3.037127e-02 -8.889161e-04 9.995384e-01 3.717062e+01
9.998080e-01 7.038747e-04 1.958272e-02 9.644112e+01 -6.920568e-04 9.999996e-01 -6.102302e-04 -4.765338e+00 -1.958311e-02 5.965577e-04 9.998080e-01 3.724250e+01
9.993987e-01 -6.829108e-04 -3.466785e-02 9.704045e+01 7.163447e-04 9.999993e-01 9.520095e-04 -4.789436e+00 3.466714e-02 -9.762682e-04 9.993985e-01 3.731873e+01
9.998317e-01 7.057069e-04 1.833302e-02 9.766744e+01 -6.953203e-04 9.999996e-01 -5.728953e-04 -4.814113e+00 -1.833339e-02 5.600487e-04 9.998317e-01 3.738871e+01
9.993937e-01 -7.022213e-04 -3.480874e-02 9.835318e+01 7.356609e-04 9.999993e-01 9.478835e-04 -4.839832e+00 3.480802e-02 -9.729134e-04 9.993936e-01 3.742161e+01
9.999269e-01 7.956133e-04 1.206205e-02 9.887354e+01 -7.907068e-04 9.999996e-01 -4.115038e-04 -4.861426e+00 -1.206234e-02 4.019333e-04 9.999271e-01 3.751582e+01
9.994897e-01 -7.105764e-04 -3.193349e-02 9.934814e+01 7.378843e-04 9.999994e-01 8.433866e-04 -4.881962e+00 3.193285e-02 -8.665167e-04 9.994897e-01 3.762624e+01
9.998711e-01 7.257803e-04 1.603679e-02 9.997221e+01 -7.184180e-04 9.999996e-01 -4.648228e-04 -4.907430e+00 -1.603709e-02 4.532390e-04 9.998712e-01 3.773267e+01
9.993979e-01 -6.759276e-04 -3.468966e-02 1.005370e+02 7.070187e-04 9.999994e-01 8.840137e-04 -4.930340e+00 3.468902e-02 -9.080049e-04 9.993978e-01 3.781757e+01
9.996749e-01 6.732571e-04 2.548623e-02 1.011001e+02 -6.558938e-04 9.999995e-01 -6.896265e-04 -4.955809e+00 -2.548666e-02 6.726834e-04 9.996748e-01 3.798974e+01
9.995181e-01 -7.110562e-04 -3.103215e-02 1.017591e+02 7.366986e-04 9.999994e-01 8.149029e-04 -4.984756e+00 3.103153e-02 -8.373689e-04 9.995182e-01 3.816610e+01
9.997711e-01 6.880718e-04 2.138245e-02 1.024043e+02 -6.755259e-04 9.999996e-01 -5.939436e-04 -5.012385e+00 -2.138283e-02 5.793606e-04 9.997711e-01 3.831403e+01
9.993835e-01 -6.681473e-04 -3.510189e-02 1.029478e+02 7.001962e-04 9.999993e-01 9.007494e-04 -5.036414e+00 3.510125e-02 -9.247697e-04 9.993834e-01 3.845701e+01
9.998014e-01 6.997040e-04 1.991607e-02 1.034985e+02 -6.887829e-04 9.999996e-01 -5.551985e-04 -5.060049e+00 -1.991643e-02 5.413678e-04 9.998014e-01 3.858553e+01
9.995433e-01 -7.105685e-04 -3.021048e-02 1.040581e+02 7.346365e-04 9.999994e-01 7.855940e-04 -5.085983e+00 3.020989e-02 -8.074264e-04 9.995434e-01 3.878301e+01
9.997851e-01 6.908570e-04 2.071953e-02 1.045997e+02 -6.790726e-04 9.999996e-01 -5.757789e-04 -5.110870e+00 -2.071990e-02 5.615825e-04 9.997851e-01 3.895357e+01
9.994373e-01 -7.119694e-04 -3.353440e-02 1.051519e+02 7.400594e-04 9.999994e-01 8.252504e-04 -5.133031e+00 3.353378e-02 -8.496010e-04 9.994373e-01 3.900638e+01
9.999020e-01 7.629890e-04 1.397789e-02 1.057121e+02 -7.575070e-04 9.999996e-01 -3.974741e-04 -5.153823e+00 -1.397818e-02 3.868443e-04 9.999021e-01 3.900896e+01
9.994409e-01 -7.212736e-04 -3.342839e-02 1.063020e+02 7.496714e-04 9.999994e-01 8.369912e-04 -5.176929e+00 3.342776e-02 -8.615811e-04 9.994409e-01 3.906857e+01
