9.995754e-01 4.625361e-04 2.913582e-02 4.206834e-01 -4.375886e-04 9.999995e-01 -8.626187e-04 -2.669442e-02 -2.913621e-02 8.495025e-04 9.995752e-01 4.327790e-01
9.999609e-01 1.320438e-04 8.846616e-03 6.407218e-01 -1.295254e-04 1.000000e+00 -2.852476e-04 -4.668270e-02 -8.846647e-03 2.840909e-04 9.999607e-01 8.620721e-01
9.996417e-01 4.034135e-04 2.676408e-02 8.419111e-01 -3.819706e-04 9.999996e-01 -8.062917e-04 -6.555525e-02 -2.676440e-02 7.957796e-04 9.996416e-01 1.269321e+00
9.999996e-01 5.799945e-06 -9.244497e-04 1.075839e+00 -5.783741e-06 1.000000e+00 1.751784e-05 -8.675417e-02 9.244626e-04 -1.751239e-05 9.999995e-01 1.715692e+00
9.992189e-01 5.922632e-04 3.951254e-02 1.334542e+00 -5.463445e-04 9.999992e-01 -1.172917e-03 -1.093190e-01 -3.951322e-02 1.150413e-03 9.992185e-01 2.196296e+00
9.999612e-01 1.309239e-04 8.803279e-03 1.469726e+00 -1.283709e-04 9.999999e-01 -2.905675e-04 -1.262918e-01 -8.803295e-03 2.894260e-04 9.999611e-01 2.608136e+00
9.995415e-01 4.632217e-04 3.027526e-02 1.670205e+00 -4.363444e-04 9.999995e-01 -8.943638e-04 -1.438208e-01 -3.027568e-02 8.807435e-04 9.995413e-01 2.961212e+00
9.999058e-01 1.833338e-04 1.372380e-02 1.803243e+00 -1.772446e-04 9.999999e-01 -4.449037e-04 -1.600093e-01 -1.372385e-02 4.424289e-04 9.999056e-01 3.339811e+00
9.996082e-01 4.458652e-04 2.798840e-02 1.937734e+00 -4.234628e-04 9.999996e-01 -8.063434e-04 -1.788840e-01 -2.798878e-02 7.941759e-04 9.996080e-01 3.831990e+00
9.999226e-01 1.802386e-04 1.244214e-02 2.080401e+00 -1.752617e-04 9.999999e-01 -4.010837e-04 -1.991867e-01 -1.244218e-02 3.988715e-04 9.999224e-01 4.371960e+00
9.995311e-01 4.889642e-04 3.061653e-02 2.236333e+00 -4.618657e-04 9.999995e-01 -8.921637e-04 -2.189703e-01 -3.061699e-02 8.776053e-04 9.995309e-01 4.876445e+00
9.999821e-01 9.612336e-05 5.983980e-03 2.445823e+00 -9.494379e-05 1.000000e+00 -1.973720e-04 -2.401837e-01 -5.983954e-03 1.967996e-04 9.999820e-01 5.370721e+00
9.995490e-01 4.771384e-04 3.002591e-02 2.663529e+00 -4.506790e-04 9.999995e-01 -8.879872e-04 -2.617579e-01 -3.002637e-02 8.740555e-04 9.995488e-01 5.869853e+00
9.999312e-01 1.879682e-04 1.172949e-02 2.897739e+00 -1.838148e-04 9.999999e-01 -3.551567e-04 -2.832826e-01 -1.172951e-02 3.529752e-04 9.999311e-01 6.347989e+00
9.996825e-01 4.089673e-04 2.519291e-02 3.136901e+00 -3.907938e-04 9.999997e-01 -7.263041e-04 -3.068347e-01 -2.519325e-02 7.162293e-04 9.996824e-01 6.896706e+00
9.999919e-01 7.819954e-05 4.021891e-03 3.409278e+00 -7.776717e-05 1.000000e+00 -1.075713e-04 -3.325742e-01 -4.021843e-03 1.072566e-04 9.999918e-01 7.490458e+00
9.995969e-01 4.470333e-04 2.838811e-02 3.628890e+00 -4.229718e-04 9.999995e-01 -8.536023e-04 -3.558511e-01 -2.838854e-02 8.412520e-04 9.995967e-01 8.053980e+00
9.999743e-01 1.392513e-04 7.165206e-03 3.850169e+00 -1.380115e-04 1.000000e+00 -1.734576e-04 -3.802545e-01 -7.165167e-03 1.724630e-04 9.999742e-01 8.657670e+00
9.996739e-01 3.908972e-04 2.553259e-02 4.031462e+00 -3.715153e-04 9.999996e-01 -7.638594e-04 -4.045949e-01 -2.553294e-02 7.541259e-04 9.996738e-01 9.306630e+00
9.999178e-01 1.835782e-04 1.282080e-02 4.233433e+00 -1.784175e-04 9.999999e-01 -4.036271e-04 -4.235877e-01 -1.282080e-02 4.013052e-04 9.999176e-01 9.721323e+00
9.995309e-01 4.641821e-04 3.062424e-02 4.531949e+00 -4.362621e-04 9.999995e-01 -9.183877e-04 -4.401688e-01 -3.062473e-02 9.045981e-04 9.995306e-01 9.899267e+00
9.999971e-01 -1.169441e-05 -2.410915e-03 5.155135e+00 1.187357e-05 1.000000e+00 7.402389e-05 -4.671501e-01 2.410987e-03 -7.405379e-05 9.999970e-01 1.007580e+01
9.997912e-01 2.978543e-04 2.043205e-02 5.806389e+00 -2.853706e-04 9.999998e-01 -6.139333e-04 -4.970502e-01 -2.043230e-02 6.079759e-04 9.997911e-01 1.032864e+01
9.999782e-01 -6.728421e-05 -6.603527e-03 6.566697e+00 6.856543e-05 1.000000e+00 1.936843e-04 -5.284409e-01 6.603589e-03 -1.941344e-04 9.999781e-01 1.049244e+01
9.998102e-01 2.928913e-04 1.948006e-02 7.337482e+00 -2.816087e-04 9.999998e-01 -5.819645e-04 -5.601881e-01 -1.948030e-02 5.763698e-04 9.998102e-01 1.065943e+01
9.999573e-01 -1.006399e-04 -9.241852e-03 8.045572e+00 1.031073e-04 1.000000e+00 2.664243e-04 -5.910186e-01 9.241901e-03 -2.673674e-04 9.999572e-01 1.086918e+01
9.996333e-01 3.954207e-04 2.707832e-02 8.680948e+00 -3.735312e-04 9.999996e-01 -8.134586e-04 -6.199593e-01 -2.707870e-02 8.030473e-04 9.996331e-01 1.110588e+01
9.999907e-01 -2.029738e-05 -4.311120e-03 9.285910e+00 2.078452e-05 1.000000e+00 1.127577e-04 -6.462102e-01 4.311196e-03 -1.128478e-04 9.999906e-01 1.127396e+01
9.997546e-01 3.237448e-04 2.215028e-02 9.922114e+00 -3.093735e-04 9.999997e-01 -6.522706e-04 -6.750325e-01 -2.215057e-02 6.452595e-04 9.997545e-01 1.150545e+01
9.999405e-01 -1.128253e-04 -1.090291e-02 1.062018e+01 1.163409e-04 9.999999e-01 3.217350e-04 -7.071313e-01 1.090295e-02 -3.229860e-04 9.999404e-01 1.178378e+01
9.998149e-01 3.002758e-04 1.923708e-02 1.135915e+01 -2.897325e-04 9.999998e-01 -5.508999e-04 -7.409367e-01 -1.923732e-02 5.452260e-04 9.998149e-01 1.208117e+01
9.999655e-01 -9.764939e-05 -8.308488e-03 1.191619e+01 9.953157e-05 1.000000e+00 2.260129e-04 -7.698994e-01 8.308548e-03 -2.268337e-04 9.999654e-01 1.242755e+01
9.997073e-01 3.772227e-04 2.419015e-02 1.235220e+01 -3.603868e-04 9.999997e-01 -7.003739e-04 -7.959974e-01 -2.419049e-02 6.914528e-04 9.997072e-01 1.281827e+01
9.999417e-01 -1.183685e-04 -1.079972e-02 1.269198e+01 1.218222e-04 9.999999e-01 3.190562e-04 -8.223943e-01 1.079976e-02 -3.203550e-04 9.999416e-01 1.335083e+01
9.997540e-01 3.229956e-04 2.217720e-02 1.318785e+01 -3.084553e-04 9.999997e-01 -6.591037e-04 -8.503911e-01 -2.217749e-02 6.521026e-04 9.997539e-01 1.373158e+01
9.999083e-01 -1.323609e-04 -1.353845e-02 1.359688e+01 1.379356e-04 9.999999e-01 4.107588e-04 -8.776809e-01 1.353848e-02 -4.125904e-04 9.999082e-01 1.419753e+01
9.997488e-01 3.238718e-04 2.241143e-02 1.388546e+01 -3.088925e-04 9.999997e-01 -6.718811e-04 -9.022123e-01 -2.241173e-02 6.647913e-04 9.997487e-01 1.471289e+01
9.999258e-01 -1.162004e-04 -1.217843e-02 1.412618e+01 1.206568e-04 9.999999e-01 3.651054e-04 -9.250698e-01 1.217848e-02 -3.665495e-04 9.999257e-01 1.522906e+01
9.997581e-01 3.180091e-04 2.199299e-02 1.441721e+01 -3.037487e-04 9.999997e-01 -6.517874e-04 -9.496457e-01 -2.199328e-02 6.449512e-04 9.997580e-01 1.574467e+01
9.999226e-01 -1.124019e-04 -1.244123e-02 1.473544e+01 1.170383e-04 9.999999e-01 3.718520e-04 -9.749832e-01 1.244127e-02 -3.732811e-04 9.999225e-01 1.625340e+01
9.997723e-01 3.154966e-04 2.133643e-02 1.507749e+01 -3.022331e-04 9.999998e-01 -6.249032e-04 -1.000561e+00 -2.133671e-02 6.183141e-04 9.997722e-01 1.674652e+01
9.998226e-01 -1.940089e-04 -1.883283e-02 1.507130e+01 2.039887e-04 9.999998e-01 5.279377e-04 -1.016567e+00 1.883281e-02 -5.316875e-04 9.998224e-01 1.727973e+01
9.998337e-01 2.164187e-04 1.823775e-02 1.521581e+01 -2.061617e-04 9.999998e-01 -5.643392e-04 -1.033763e+00 -1.823796e-02 5.604872e-04 9.998336e-01 1.768184e+01
9.998077e-01 -1.866201e-04 -1.961033e-02 1.533586e+01 1.981234e-04 9.999998e-01 5.845946e-04 -1.053548e+00 1.961030e-02 -5.883692e-04 9.998075e-01 1.822042e+01
9.998075e-01 2.323967e-04 1.961889e-02 1.527918e+01 -2.200120e-04 9.999998e-01 -6.334703e-04 -1.066324e+00 -1.961912e-02 6.290337e-04 9.998074e-01 1.867359e+01
9.999459e-01 -4.792667e-05 -1.039945e-02 1.536480e+01 5.122903e-05 9.999999e-01 3.171796e-04 -1.082373e+00 1.039952e-02 -3.176970e-04 9.999458e-01 1.909780e+01
9.998874e-01 1.683345e-04 1.500506e-02 1.576803e+01 -1.610267e-04 9.999999e-01 -4.882944e-04 -1.104511e+00 -1.500523e-02 4.858250e-04 9.998874e-01 1.936311e+01
9.999491e-01 -3.900239e-05 -1.008865e-02 1.620488e+01 4.229166e-05 9.999999e-01 3.257137e-04 -1.129732e+00 1.008873e-02 -3.261255e-04 9.999490e-01 1.971053e+01
9.997471e-01 2.528552e-04 2.248626e-02 1.678410e+01 -2.366083e-04 9.999997e-01 -7.252270e-04 -1.156300e+00 -2.248653e-02 7.197250e-04 9.997470e-01 1.992108e+01
9.999653e-01 -1.868239e-05 -8.321459e-03 1.737864e+01 2.087496e-05 1.000000e+00 2.632571e-04 -1.181744e+00 8.321543e-03 -2.634235e-04 9.999653e-01 2.006961e+01
9.998044e-01 2.176892e-04 1.978034e-02 1.794408e+01 -2.053824e-04 9.999998e-01 -6.242624e-04 -1.208756e+00 -1.978056e-02 6.200795e-04 9.998042e-01 2.031993e+01
9.999939e-01 5.782117e-05 -3.479312e-03 1.832697e+01 -5.741769e-05 1.000000e+00 1.157199e-04 -1.232058e+00 3.479410e-03 -1.155212e-04 9.999939e-01 2.066341e+01
9.999750e-01 6.984159e-05 7.081652e-03 1.859820e+01 -6.803603e-05 1.000000e+00 -2.553712e-04 -1.252196e+00 -7.081760e-03 2.548849e-04 9.999750e-01 2.101414e+01
9.999998e-01 9.039739e-05 5.252454e-04 1.905982e+01 -9.041429e-05 1.000000e+00 3.445433e-05 -1.279760e+00 -5.251513e-04 -3.450367e-05 9.999998e-01 2.142049e+01
9.999778e-01 8.564895e-05 6.674100e-03 1.944248e+01 -8.404258e-05 1.000000e+00 -2.411471e-04 -1.305921e+00 -6.674211e-03 2.405826e-04 9.999778e-01 2.187867e+01
9.999761e-01 -4.719124e-05 -6.904027e-03 1.984394e+01 4.904745e-05 1.000000e+00 2.685098e-04 -1.332981e+00 6.904105e-03 -2.688439e-04 9.999761e-01 2.234145e+01
9.999310e-01 2.001026e-04 1.174970e-02 2.013960e+01 -1.955677e-04 9.999999e-01 -3.872121e-04 -1.359134e+00 -1.174986e-02 3.848893e-04 9.999310e-01 2.291995e+01
9.999998e-01 2.493160e-05 -5.361098e-04 2.038989e+01 -2.489058e-05 1.000000e+00 7.419895e-05 -1.383910e+00 5.362035e-04 -7.418746e-05 9.999998e-01 2.350679e+01
9.999689e-01 1.584450e-04 7.887241e-03 2.074054e+01 -1.563913e-04 1.000000e+00 -2.611611e-04 -1.411774e+00 -7.887375e-03 2.599214e-04 9.999689e-01 2.408230e+01
9.999904e-01 1.981847e-07 -4.365736e-03 2.102394e+01 7.924315e-07 1.000000e+00 2.266146e-04 -1.441051e+00 4.365828e-03 -2.266178e-04 9.999904e-01 2.480648e+01
9.999814e-01 1.244281e-04 6.101551e-03 2.132750e+01 -1.231832e-04 1.000000e+00 -2.046011e-04 -1.470308e+00 -6.101668e-03 2.038475e-04 9.999814e-01 2.550394e+01
9.999790e-01 -7.811787e-05 -6.477992e-03 2.170064e+01 7.990511e-05 1.000000e+00 2.754394e-04 -1.500039e+00 6.478062e-03 -2.759531e-04 9.999789e-01 2.612345e+01
9.999775e-01 1.444050e-04 6.714131e-03 2.205099e+01 -1.429678e-04 1.000000e+00 -2.147127e-04 -1.529507e+00 -6.714254e-03 2.137498e-04 9.999775e-01 2.676557e+01
9.999798e-01 -6.886426e-05 -6.349542e-03 2.235773e+01 7.049128e-05 1.000000e+00 2.558204e-04 -1.557229e+00 6.349617e-03 -2.562646e-04 9.999797e-01 2.739274e+01
9.996692e-01 4.242746e-04 2.571665e-02 2.260317e+01 -4.038048e-04 9.999996e-01 -8.012095e-04 -1.583885e+00 -2.571707e-02 7.905618e-04 9.996690e-01 2.805637e+01
9.999180e-01 -9.227270e-05 -1.280365e-02 2.281238e+01 9.868085e-05 9.999999e-01 4.997598e-04 -1.613210e+00 1.280369e-02 -5.009841e-04 9.999178e-01 2.887195e+01
9.999120e-01 1.836209e-04 1.326931e-02 2.315632e+01 -1.783410e-04 9.999999e-01 -3.991762e-04 -1.646510e+00 -1.326948e-02 3.967764e-04 9.999119e-01 2.968421e+01
9.999375e-01 -7.330205e-05 -1.117487e-02 2.363821e+01 7.796699e-05 9.999999e-01 4.168977e-04 -1.680519e+00 1.117493e-02 -4.177447e-04 9.999374e-01 3.033508e+01
9.998691e-01 2.299370e-04 1.617804e-02 2.424655e+01 -2.219321e-04 9.999999e-01 -4.966713e-04 -1.715696e+00 -1.617824e-02 4.930177e-04 9.998691e-01 3.086013e+01
9.998668e-01 -1.642615e-04 -1.631874e-02 2.470705e+01 1.738268e-04 9.999998e-01 5.846601e-04 -1.749204e+00 1.631874e-02 -5.874207e-04 9.998666e-01 3.151216e+01
9.997471e-01 3.637188e-04 2.248523e-02 2.514732e+01 -3.477457e-04 9.999997e-01 -7.143416e-04 -1.781619e+00 -2.248558e-02 7.063436e-04 9.997470e-01 3.215499e+01
9.998785e-01 -1.929013e-04 -1.558279e-02 2.576355e+01 2.012371e-04 9.999998e-01 5.332873e-04 -1.814265e+00 1.558278e-02 -5.363601e-04 9.998784e-01 3.255988e+01
9.995806e-01 4.358433e-04 2.895616e-02 2.662328e+01 -4.098406e-04 9.999995e-01 -9.039719e-04 -1.852205e+00 -2.895663e-02 8.917272e-04 9.995803e-01 3.285549e+01
9.998797e-01 -1.967695e-04 -1.550730e-02 2.719855e+01 2.048364e-04 9.999998e-01 5.185259e-04 -1.882872e+00 1.550729e-02 -5.216418e-04 9.998796e-01 3.323226e+01
9.997308e-01 3.993142e-04 2.320021e-02 2.769283e+01 -3.834722e-04 9.999997e-01 -6.873377e-04 -1.916268e+00 -2.320057e-02 6.782578e-04 9.997307e-01 3.383607e+01
9.998312e-01 -2.378724e-04 -1.836822e-02 2.830401e+01 2.492835e-04 9.999998e-01 6.188789e-04 -1.952313e+00 1.836816e-02 -6.233552e-04 9.998310e-01 3.439631e+01
9.997810e-01 3.553788e-04 2.092474e-02 2.879878e+01 -3.416226e-04 9.999997e-01 -6.610452e-04 -1.982959e+00 -2.092507e-02 6.537538e-04 9.997809e-01 3.488501e+01
9.999457e-01 -1.314226e-04 -1.041804e-02 2.917597e+01 1.354054e-04 9.999999e-01 3.814648e-04 -2.011496e+00 1.041808e-02 -3.828566e-04 9.999456e-01 3.544645e+01
9.999164e-01 2.757787e-04 1.292630e-02 2.929699e+01 -2.704143e-04 9.999999e-01 -4.168440e-04 -2.035524e+00 -1.292651e-02 4.133155e-04 9.999164e-01 3.615924e+01
9.999339e-01 -1.266190e-04 -1.149280e-02 2.936371e+01 1.321329e-04 9.999999e-01 4.788957e-04 -2.063074e+00 1.149283e-02 -4.803844e-04 9.999338e-01 3.708778e+01
9.998997e-01 2.908421e-04 1.416419e-02 2.952808e+01 -2.845166e-04 9.999999e-01 -4.486880e-04 -2.093189e+00 -1.416441e-02 4.446148e-04 9.998996e-01 3.800276e+01
9.999208e-01 -1.793682e-04 -1.258015e-02 2.987763e+01 1.849370e-04 9.999999e-01 4.413912e-04 -2.121433e+00 1.258017e-02 -4.436845e-04 9.999207e-01 3.858823e+01
9.999396e-01 1.702990e-04 1.099081e-02 3.055841e+01 -1.664908e-04 9.999999e-01 -3.475198e-04 -2.154982e+00 -1.099096e-02 3.456707e-04 9.999396e-01 3.893843e+01
9.999313e-01 -1.377337e-04 -1.171914e-02 3.103237e+01 1.426776e-04 9.999999e-01 4.209200e-04 -2.185212e+00 1.171917e-02 -4.225649e-04 9.999312e-01 3.943503e+01
9.999230e-01 1.548470e-04 1.241251e-02 3.202574e+01 -1.503299e-04 9.999999e-01 -3.649565e-04 -2.227578e+00 -1.241267e-02 3.630641e-04 9.999230e-01 3.972748e+01
9.999307e-01 -1.445311e-04 -1.176787e-02 3.304535e+01 1.500815e-04 9.999999e-01 4.706614e-04 -2.273610e+00 1.176790e-02 -4.723967e-04 9.999306e-01 4.014388e+01
9.998966e-01 2.390886e-04 1.437758e-02 3.379287e+01 -2.325764e-04 9.999999e-01 -4.546993e-04 -2.312492e+00 -1.437778e-02 4.513101e-04 9.998966e-01 4.063387e+01
9.999175e-01 -1.886015e-04 -1.284422e-02 3.469574e+01 1.947710e-04 9.999999e-01 4.789775e-04 -2.352661e+00 1.284423e-02 -4.814414e-04 9.999173e-01 4.096196e+01
9.998315e-01 3.304442e-04 1.835678e-02 3.549420e+01 -3.199248e-04 9.999998e-01 -5.760551e-04 -2.391071e+00 -1.835707e-02 5.700870e-04 9.998314e-01 4.136183e+01
9.999617e-01 -9.181167e-05 -8.750879e-03 3.599428e+01 9.502543e-05 9.999999e-01 3.666792e-04 -2.425259e+00 8.750941e-03 -3.674984e-04 9.999616e-01 4.199874e+01
9.999196e-01 2.377467e-04 1.268159e-02 3.651823e+01 -2.326272e-04 9.999999e-01 -4.052689e-04 -2.459353e+00 -1.268178e-02 4.022880e-04 9.999196e-01 4.259662e+01
9.999510e-01 -1.049063e-04 -9.892321e-03 3.685684e+01 1.085871e-04 9.999999e-01 3.714141e-04 -2.487650e+00 9.892378e-03 -3.724718e-04 9.999509e-01 4.320065e+01
9.999544e-01 1.741213e-04 9.551976e-03 3.712104e+01 -1.709963e-04 9.999999e-01 -3.281098e-04 -2.513161e+00 -9.552129e-03 3.264631e-04 9.999544e-01 4.378318e+01
9.999598e-01 -8.671380e-05 -8.962471e-03 3.737512e+01 8.955468e-05 9.999999e-01 3.164235e-04 -2.536643e+00 8.962540e-03 -3.172151e-04 9.999597e-01 4.429688e+01
9.999418e-01 1.716732e-04 1.079508e-02 3.788192e+01 -1.679350e-04 9.999999e-01 -3.473132e-04 -2.566089e+00 -1.079524e-02 3.454818e-04 9.999417e-01 4.471647e+01
9.999826e-01 -1.983164e-05 -5.897685e-03 3.832118e+01 2.122599e-05 1.000000e+00 2.361331e-04 -2.595845e+00 5.897778e-03 -2.362558e-04 9.999825e-01 4.524539e+01
9.999211e-01 1.664391e-04 1.256239e-02 3.870014e+01 -1.610392e-04 9.999999e-01 -4.309603e-04 -2.621298e+00 -1.256256e-02 4.289049e-04 9.999211e-01 4.567329e+01
9.999972e-01 2.671018e-05 -2.367269e-03 3.880904e+01 -2.643411e-05 1.000000e+00 1.160752e-04 -2.640339e+00 2.367369e-03 -1.160140e-04 9.999971e-01 4.620233e+01
9.999584e-01 1.265496e-04 9.125275e-03 3.898769e+01 -1.235786e-04 9.999999e-01 -3.262827e-04 -2.661045e+00 -9.125413e-03 3.251431e-04 9.999584e-01 4.670694e+01
9.999972e-01 3.368686e-05 -2.332234e-03 3.922059e+01 -3.338708e-05 1.000000e+00 1.279857e-04 -2.684315e+00 2.332336e-03 -1.279092e-04 9.999972e-01 4.724792e+01
9.998878e-01 2.080555e-04 1.497785e-02 3.938068e+01 -2.008255e-04 9.999999e-01 -4.843052e-04 -2.707406e+00 -1.497805e-02 4.812446e-04 9.998878e-01 4.787746e+01
9.999836e-01 -4.292389e-06 -5.728002e-03 3.955961e+01 5.596944e-06 1.000000e+00 2.274862e-04 -2.730948e+00 5.728099e-03 -2.275162e-04 9.999835e-01 4.850026e+01
9.998572e-01 2.357050e-04 1.689895e-02 3.972310e+01 -2.267429e-04 9.999998e-01 -5.323250e-04 -2.754727e+00 -1.689917e-02 5.284190e-04 9.998571e-01 4.915471e+01
9.999921e-01 1.927550e-06 -3.955644e-03 4.010945e+01 -1.289112e-06 1.000000e+00 1.610351e-04 -2.781689e+00 3.955743e-03 -1.610304e-04 9.999921e-01 4.963986e+01
9.999206e-01 2.031668e-04 1.260165e-02 4.054441e+01 -1.984766e-04 9.999999e-01 -3.735510e-04 -2.812327e+00 -1.260183e-02 3.710218e-04 9.999206e-01 5.021665e+01
9.999909e-01 6.141328e-06 -4.245673e-03 4.076996e+01 -5.440659e-06 1.000000e+00 1.646967e-04 -2.838033e+00 4.245773e-03 -1.646738e-04 9.999909e-01 5.087429e+01
9.999635e-01 1.243709e-04 8.553064e-03 4.111783e+01 -1.218857e-04 1.000000e+00 -2.912475e-04 -2.862953e+00 -8.553199e-03 2.901960e-04 9.999634e-01 5.132558e+01
9.999984e-01 1.723130e-05 -1.746190e-03 4.170448e+01 -1.706939e-05 1.000000e+00 9.189270e-05 -2.892658e+00 1.746291e-03 -9.186442e-05 9.999984e-01 5.165287e+01
9.998270e-01 2.535516e-04 1.860267e-02 4.218832e+01 -2.424975e-04 9.999998e-01 -5.965541e-04 -2.919287e+00 -1.860292e-02 5.919414e-04 9.998268e-01 5.200337e+01
9.999963e-01 9.238931e-05 2.702205e-03 4.255936e+01 -9.226695e-05 1.000000e+00 -4.484080e-05 -2.943659e+00 -2.702110e-03 4.458964e-05 9.999963e-01 5.241332e+01
9.999142e-01 2.068028e-04 1.309831e-02 4.289918e+01 -2.016378e-04 9.999999e-01 -3.957636e-04 -2.969975e+00 -1.309849e-02 3.930902e-04 9.999142e-01 5.294199e+01
9.999841e-01 -2.021856e-05 -5.637611e-03 4.332634e+01 2.139406e-05 1.000000e+00 2.081702e-04 -2.999439e+00 5.637706e-03 -2.082891e-04 9.999840e-01 5.348222e+01
9.998538e-01 2.549714e-04 1.709928e-02 4.383797e+01 -2.462317e-04 9.999998e-01 -5.133080e-04 -3.030638e+00 -1.709951e-02 5.090242e-04 9.998537e-01 5.398494e+01
9.999739e-01 -2.885191e-05 -7.221451e-03 4.421714e+01 3.073066e-05 1.000000e+00 2.598284e-04 -3.059531e+00 7.221543e-03 -2.600452e-04 9.999738e-01 5.456701e+01
9.998735e-01 2.534261e-04 1.590872e-02 4.450893e+01 -2.461130e-04 9.999999e-01 -4.617426e-04 -3.088640e+00 -1.590893e-02 4.577704e-04 9.998734e-01 5.527378e+01
9.999923e-01 -2.962888e-05 -3.905136e-03 4.485052e+01 3.010960e-05 1.000000e+00 1.226260e-04 -3.115107e+00 3.905232e-03 -1.227443e-04 9.999923e-01 5.579987e+01
9.999080e-01 2.409118e-04 1.356406e-02 4.515024e+01 -2.357311e-04 9.999999e-01 -3.836571e-04 -3.141408e+00 -1.356425e-02 3.804259e-04 9.999080e-01 5.638017e+01
9.999570e-01 -9.212846e-05 -9.272290e-03 4.537562e+01 9.469739e-05 1.000000e+00 2.764387e-04 -3.165739e+00 9.272364e-03 -2.773065e-04 9.999569e-01 5.697348e+01
9.999558e-01 1.763403e-04 9.402739e-03 4.556432e+01 -1.735947e-04 9.999999e-01 -2.929865e-04 -3.186512e+00 -9.402890e-03 2.913429e-04 9.999558e-01 5.746163e+01
9.999579e-01 -1.209688e-04 -9.168425e-03 4.595587e+01 1.231684e-04 1.000000e+00 2.391682e-04 -3.207890e+00 9.168496e-03 -2.402891e-04 9.999579e-01 5.769485e+01
9.999282e-01 2.206548e-04 1.198338e-02 4.632214e+01 -2.166923e-04 9.999999e-01 -3.320950e-04 -3.231717e+00 -1.198356e-02 3.294761e-04 9.999282e-01 5.807181e+01
9.999939e-01 -6.749918e-05 -3.468035e-03 4.667986e+01 6.763018e-05 1.000000e+00 3.718332e-05 -3.253294e+00 3.468132e-03 -3.741928e-05 9.999939e-01 5.837253e+01
9.999445e-01 2.031072e-04 1.053456e-02 4.723654e+01 -2.003184e-04 9.999999e-01 -2.659417e-04 -3.280279e+00 -1.053471e-02 2.638183e-04 9.999445e-01 5.862045e+01
9.998982e-01 -1.858541e-04 -1.426346e-02 4.774655e+01 1.909988e-04 9.999999e-01 3.592113e-04 -3.306872e+00 1.426349e-02 -3.619007e-04 9.998982e-01 5.890537e+01
9.999099e-01 2.296648e-04 1.342645e-02 4.830400e+01 -2.253089e-04 9.999999e-01 -3.260557e-04 -3.335821e+00 -1.342662e-02 3.230028e-04 9.999099e-01 5.922738e+01
9.999034e-01 -2.091108e-04 -1.389353e-02 4.908757e+01 2.143309e-04 9.999999e-01 3.741166e-04 -3.370828e+00 1.389355e-02 -3.770599e-04 9.999034e-01 5.949526e+01
9.998624e-01 2.915685e-04 1.659171e-02 4.990718e+01 -2.849942e-04 9.999999e-01 -3.987001e-04 -3.409167e+00 -1.659193e-02 3.939183e-04 9.998623e-01 5.985959e+01
9.999334e-01 -1.834212e-04 -1.153682e-02 5.079109e+01 1.863971e-04 9.999999e-01 2.567330e-04 -3.445838e+00 1.153687e-02 -2.588680e-04 9.999334e-01 6.005732e+01
9.999195e-01 2.105995e-04 1.269360e-02 5.167640e+01 -2.069320e-04 9.999999e-01 -2.903603e-04 -3.480337e+00 -1.269376e-02 2.877118e-04 9.999194e-01 6.015933e+01
9.999538e-01 -1.299251e-04 -9.601772e-03 5.260714e+01 1.319712e-04 1.000000e+00 2.122908e-04 -3.517540e+00 9.601844e-03 -2.135497e-04 9.999538e-01 6.031404e+01
9.999391e-01 1.698377e-04 1.103866e-02 5.355858e+01 -1.671503e-04 1.000000e+00 -2.445207e-04 -3.553162e+00 -1.103880e-02 2.426623e-04 9.999391e-01 6.037492e+01
9.999583e-01 -1.180881e-04 -9.130686e-03 5.446490e+01 1.198518e-04 1.000000e+00 1.924420e-04 -3.588310e+00 9.130763e-03 -1.935299e-04 9.999582e-01 6.047880e+01
9.999214e-01 1.947870e-04 1.253772e-02 5.538320e+01 -1.912562e-04 9.999999e-01 -2.829470e-04 -3.624628e+00 -1.253787e-02 2.805285e-04 9.999214e-01 6.061516e+01
9.999165e-01 -1.787304e-04 -1.292117e-02 5.613020e+01 1.824424e-04 9.999999e-01 2.859701e-04 -3.655943e+00 1.292121e-02 -2.883052e-04 9.999164e-01 6.077071e+01
9.999335e-01 1.717964e-04 1.153694e-02 5.691260e+01 -1.688809e-04 1.000000e+00 -2.538261e-04 -3.687384e+00 -1.153708e-02 2.518625e-04 9.999335e-01 6.088326e+01
9.999815e-01 -6.188862e-05 -6.071053e-03 5.746683e+01 6.229208e-05 1.000000e+00 6.599390e-05 -3.713355e+00 6.071149e-03 -6.637247e-05 9.999815e-01 6.109321e+01
9.999428e-01 1.605591e-04 1.070269e-02 5.796576e+01 -1.579835e-04 1.000000e+00 -2.416506e-04 -3.736751e+00 -1.070283e-02 2.399475e-04 9.999427e-01 6.127010e+01
9.999937e-01 -3.210839e-05 -3.523343e-03 5.875305e+01 3.219810e-05 1.000000e+00 2.493120e-05 -3.770146e+00 3.523442e-03 -2.504610e-05 9.999937e-01 6.146745e+01
9.998955e-01 2.137156e-04 1.445819e-02 5.937082e+01 -2.087207e-04 9.999999e-01 -3.470909e-04 -3.800294e+00 -1.445836e-02 3.440385e-04 9.998955e-01 6.176478e+01
9.999881e-01 -1.874879e-05 -4.867187e-03 6.040080e+01 1.972393e-05 1.000000e+00 1.999526e-04 -3.848251e+00 4.867283e-03 -2.000478e-04 9.999881e-01 6.224636e+01
9.999856e-01 -1.552228e-06 5.372315e-03 6.152264e+01 1.861787e-06 1.000000e+00 -5.792806e-05 -3.896382e+00 -5.372415e-03 5.793882e-05 9.999856e-01 6.261908e+01
9.999759e-01 3.266083e-05 -6.931240e-03 6.171366e+01 -3.190701e-05 1.000000e+00 1.086239e-04 -3.918101e+00 6.931343e-03 -1.084018e-04 9.999759e-01 6.314217e+01
9.997705e-01 2.096907e-04 2.142408e-02 6.230277e+01 -1.988487e-04 9.999999e-01 -5.082695e-04 -3.949859e+00 -2.142429e-02 5.038942e-04 9.997704e-01 6.354793e+01
9.999993e-01 1.042778e-04 -1.134301e-03 6.283175e+01 -1.043562e-04 1.000000e+00 -7.059060e-05 -3.979540e+00 1.134393e-03 7.070736e-05 9.999993e-01 6.395580e+01
9.999366e-01 1.158725e-04 1.126192e-02 6.317784e+01 -1.137984e-04 1.000000e+00 -1.849653e-04 -4.007056e+00 -1.126204e-02 1.836735e-04 9.999366e-01 6.451082e+01
9.999392e-01 -5.139858e-05 -1.101773e-02 6.345674e+01 5.341484e-05 1.000000e+00 1.825486e-04 -4.030455e+00 1.101782e-02 -1.831276e-04 9.999392e-01 6.497862e+01
9.998176e-01 1.975768e-04 1.909885e-02 6.388842e+01 -1.890547e-04 9.999999e-01 -4.481054e-04 -4.054872e+00 -1.909903e-02 4.444144e-04 9.998175e-01 6.529311e+01
9.999996e-01 9.512370e-05 -7.783285e-04 6.449961e+01 -9.517183e-05 1.000000e+00 -6.406259e-05 -4.086771e+00 7.784218e-04 6.413510e-05 9.999997e-01 6.567981e+01
9.998948e-01 1.608010e-04 1.450699e-02 6.485536e+01 -1.560880e-04 9.999999e-01 -3.261316e-04 -4.112483e+00 -1.450714e-02 3.238344e-04 9.998948e-01 6.615449e+01
9.999896e-01 1.427063e-04 4.556314e-03 6.549342e+01 -1.417436e-04 1.000000e+00 -2.112088e-04 -4.145453e+00 -4.556245e-03 2.105593e-04 9.999896e-01 6.654964e+01
9.997931e-01 2.441735e-04 2.034290e-02 6.609026e+01 -2.337965e-04 9.999998e-01 -5.125677e-04 -4.174977e+00 -2.034312e-02 5.077070e-04 9.997930e-01 6.686626e+01
9.999625e-01 1.872331e-07 -8.653448e-03 6.652592e+01 1.622720e-06 1.000000e+00 2.089373e-04 -4.205559e+00 8.653546e-03 -2.089450e-04 9.999625e-01 6.743666e+01
9.998127e-01 2.539378e-04 1.935676e-02 6.696952e+01 -2.453806e-04 9.999999e-01 -4.445410e-04 -4.239344e+00 -1.935697e-02 4.397094e-04 9.998126e-01 6.813135e+01
9.999835e-01 1.544000e-05 -5.727096e-03 6.764659e+01 -1.473966e-05 1.000000e+00 1.220008e-04 -4.277230e+00 5.727196e-03 -1.219159e-04 9.999836e-01 6.868005e+01
9.999518e-01 8.710614e-05 9.822436e-03 6.852659e+01 -8.523579e-05 1.000000e+00 -1.910234e-04 -4.316217e+00 -9.822550e-03 1.901785e-04 9.999518e-01 6.898855e+01
9.999890e-01 2.153094e-05 -4.678571e-03 6.936317e+01 -2.106848e-05 1.000000e+00 9.849573e-05 -4.354995e+00 4.678671e-03 -9.839755e-05 9.999890e-01 6.934905e+01
9.999199e-01 1.664669e-04 1.266025e-02 6.999769e+01 -1.629350e-04 9.999999e-01 -2.801459e-04 -4.389972e+00 -1.266039e-02 2.780621e-04 9.999199e-01 6.983132e+01
9.999343e-01 -1.056280e-04 -1.146110e-02 7.067116e+01 1.084151e-04 1.000000e+00 2.423981e-04 -4.420751e+00 1.146117e-02 -2.436262e-04 9.999343e-01 7.006896e+01
9.999514e-01 1.348508e-04 9.862465e-03 7.121068e+01 -1.328616e-04 1.000000e+00 -2.025422e-04 -4.448517e+00 -9.862589e-03 2.012235e-04 9.999514e-01 7.036232e+01
9.999984e-01 7.812257e-05 1.762446e-03 7.165691e+01 -7.790779e-05 1.000000e+00 -1.208786e-04 -4.477343e+00 -1.762358e-03 1.207396e-04 9.999984e-01 7.084141e+01
9.999567e-01 1.672448e-04 9.313122e-03 7.208060e+01 -1.658893e-04 1.000000e+00 -1.465184e-04 -4.508956e+00 -9.313243e-03 1.449685e-04 9.999567e-01 7.147060e+01
9.999981e-01 6.377952e-06 -1.925374e-03 7.255094e+01 -6.442542e-06 1.000000e+00 -3.451830e-05 -4.539477e+00 1.925470e-03 3.452921e-05 9.999981e-01 7.198259e+01
9.999824e-01 8.534592e-05 5.938484e-03 7.347077e+01 -8.503590e-05 1.000000e+00 -5.277384e-05 -4.578221e+00 -5.938585e-03 5.226936e-05 9.999824e-01 7.222182e+01
9.999887e-01 -8.357657e-05 -4.734248e-03 7.462238e+01 8.393526e-05 1.000000e+00 7.516791e-05 -4.621214e+00 4.734338e-03 -7.556587e-05 9.999888e-01 7.232049e+01
9.999014e-01 2.875697e-04 1.404175e-02 7.546114e+01 -2.834315e-04 9.999999e-01 -2.968272e-04 -4.660076e+00 -1.404193e-02 2.928194e-04 9.999014e-01 7.268458e+01
9.999250e-01 -2.242528e-04 -1.223740e-02 7.624765e+01 2.277833e-04 9.999999e-01 2.869558e-04 -4.696761e+00 1.223743e-02 -2.897232e-04 9.999250e-01 7.301953e+01
9.998372e-01 3.544229e-04 1.804142e-02 7.717633e+01 -3.466745e-04 9.999998e-01 -4.327074e-04 -4.735573e+00 -1.804167e-02 4.263839e-04 9.998372e-01 7.325088e+01
9.998714e-01 -3.025965e-04 -1.603130e-02 7.807608e+01 3.093573e-04 9.999999e-01 4.191249e-04 -4.774605e+00 1.603127e-02 -4.240318e-04 9.998714e-01 7.353077e+01
9.998060e-01 4.305876e-04 1.969740e-02 7.868255e+01 -4.212559e-04 9.999998e-01 -4.779913e-04 -4.808421e+00 -1.969770e-02 4.696023e-04 9.998059e-01 7.399890e+01
9.998225e-01 -3.601654e-04 -1.883603e-02 7.928201e+01 3.692624e-04 9.999998e-01 4.793818e-04 -4.840034e+00 1.883595e-02 -4.862535e-04 9.998224e-01 7.437664e+01
9.998149e-01 4.197260e-04 1.923645e-02 7.981804e+01 -4.108349e-04 9.999998e-01 -4.662493e-04 -4.869983e+00 -1.923673e-02 4.582614e-04 9.998149e-01 7.477247e+01
9.998320e-01 -3.403695e-04 -1.832148e-02 8.032733e+01 3.499266e-04 9.999998e-01 5.183266e-04 -4.904111e+00 1.832139e-02 -5.246521e-04 9.998320e-01 7.538699e+01
9.998381e-01 3.922946e-04 1.799207e-02 8.095823e+01 -3.844596e-04 9.999998e-01 -4.390269e-04 -4.939315e+00 -1.799233e-02 4.320399e-04 9.998381e-01 7.587386e+01
9.998648e-01 -2.884145e-04 -1.643748e-02 8.144495e+01 2.954072e-04 9.999999e-01 4.228734e-04 -4.969574e+00 1.643745e-02 -4.276734e-04 9.998648e-01 7.635112e+01
9.999339e-01 3.293964e-04 1.149833e-02 8.169932e+01 -3.266434e-04 9.999999e-01 -2.414655e-04 -4.996637e+00 -1.149851e-02 2.376950e-04 9.999339e-01 7.701498e+01
9.998879e-01 -3.338961e-04 -1.496637e-02 8.208511e+01 3.394828e-04 9.999999e-01 3.706158e-04 -5.024054e+00 1.496634e-02 -3.756565e-04 9.998879e-01 7.751379e+01
9.997412e-01 5.221974e-04 2.274623e-02 8.239861e+01 -5.090794e-04 9.999997e-01 -5.825796e-04 -5.050541e+00 -2.274662e-02 5.708506e-04 9.997411e-01 7.808044e+01
9.998524e-01 -3.201040e-04 -1.717255e-02 8.271638e+01 3.284911e-04 9.999998e-01 4.854700e-04 -5.081241e+00 1.717249e-02 -4.910408e-04 9.998524e-01 7.882281e+01
9.996948e-01 5.117878e-04 2.470138e-02 8.315318e+01 -4.952104e-04 9.999996e-01 -6.772999e-04 -5.111227e+00 -2.470182e-02 6.648621e-04 9.996947e-01 7.937090e+01
9.998203e-01 -3.431778e-04 -1.894984e-02 8.356301e+01 3.532135e-04 9.999998e-01 5.261480e-04 -5.139837e+00 1.894975e-02 -5.327481e-04 9.998203e-01 7.989361e+01
9.998644e-01 3.815418e-04 1.646646e-02 8.384513e+01 -3.741750e-04 9.999998e-01 -4.505691e-04 -5.163709e+00 -1.646672e-02 4.443479e-04 9.998644e-01 8.038209e+01
9.998480e-01 -3.275972e-04 -1.742737e-02 8.370656e+01 3.358405e-04 9.999998e-01 4.699736e-04 -5.177482e+00 1.742731e-02 -4.757564e-04 9.998480e-01 8.097434e+01
9.997696e-01 5.173958e-04 2.146191e-02 8.370002e+01 -5.062553e-04 9.999997e-01 -5.245929e-04 -5.200730e+00 -2.146227e-02 5.136081e-04 9.997696e-01 8.183016e+01
9.996991e-01 -3.845382e-04 -2.452295e-02 8.370283e+01 4.002882e-04 9.999997e-01 6.372725e-04 -5.222488e+00 2.452279e-02 -6.468983e-04 9.996990e-01 8.259929e+01
9.997858e-01 5.151318e-04 2.069448e-02 8.367141e+01 -5.047657e-04 9.999997e-01 -5.062173e-04 -5.243010e+00 -2.069483e-02 4.956643e-04 9.997858e-01 8.336609e+01
9.995551e-01 -4.027335e-04 -2.982276e-02 8.355728e+01 4.237954e-04 9.999997e-01 6.998555e-04 -5.254575e+00 2.982256e-02 -7.121842e-04 9.995549e-01 8.382421e+01
9.997728e-01 5.136116e-04 2.131135e-02 8.359064e+01 -5.028962e-04 9.999997e-01 -5.082416e-04 -5.272527e+00 -2.131170e-02 4.974100e-04 9.997728e-01 8.439529e+01
9.995747e-01 -4.189118e-04 -2.915546e-02 8.365192e+01 4.393892e-04 9.999997e-01 6.958889e-04 -5.292511e+00 2.915525e-02 -7.084049e-04 9.995746e-01 8.500823e+01
9.998316e-01 5.280106e-04 1.834740e-02 8.375393e+01 -5.200477e-04 9.999998e-01 -4.388684e-04 -5.311293e+00 -1.834772e-02 4.292542e-04 9.998316e-01 8.552654e+01
9.995572e-01 -4.505954e-04 -2.975181e-02 8.377229e+01 4.701495e-04 9.999997e-01 6.501905e-04 -5.324396e+00 2.975161e-02 -6.638917e-04 9.995571e-01 8.589256e+01
9.997433e-01 5.261534e-04 2.265387e-02 8.381404e+01 -5.150022e-04 9.999997e-01 -4.981484e-04 -5.342609e+00 -2.265423e-02 4.863549e-04 9.997433e-01 8.645621e+01
9.994976e-01 -4.681956e-04 -3.168927e-02 8.404422e+01 4.913396e-04 9.999996e-01 7.225067e-04 -5.365277e+00 3.168902e-02 -7.377152e-04 9.994975e-01 8.696433e+01
9.997999e-01 4.933050e-04 2.000248e-02 8.447033e+01 -4.846684e-04 9.999998e-01 -4.367036e-04 -5.388655e+00 -2.000279e-02 4.269229e-04 9.997999e-01 8.724045e+01
9.993714e-01 -4.194400e-04 -3.544733e-02 8.487129e+01 4.475316e-04 9.999996e-01 7.845106e-04 -5.409849e+00 3.544709e-02 -7.998825e-04 9.993712e-01 8.747321e+01
9.996031e-01 4.232924e-04 2.816882e-02 8.542213e+01 -4.060458e-04 9.999997e-01 -6.180298e-04 -5.436187e+00 -2.816917e-02 6.063480e-04 9.996030e-01 8.769524e+01
9.993922e-01 -4.382268e-04 -3.485530e-02 8.600737e+01 4.644956e-04 9.999996e-01 7.455131e-04 -5.461338e+00 3.485506e-02 -7.612514e-04 9.993920e-01 8.781662e+01
9.995287e-01 4.728165e-04 3.069779e-02 8.651258e+01 -4.507368e-04 9.999996e-01 -7.262246e-04 -5.482470e+00 -3.069822e-02 7.120469e-04 9.995285e-01 8.788981e+01
9.995119e-01 -4.326757e-04 -3.123561e-02 8.713586e+01 4.553989e-04 9.999996e-01 7.203154e-04 -5.511233e+00 3.123538e-02 -7.341898e-04 9.995117e-01 8.811059e+01
9.996036e-01 4.271556e-04 2.815359e-02 8.779862e+01 -4.096564e-04 9.999997e-01 -6.273812e-04 -5.542029e+00 -2.815395e-02 6.156005e-04 9.996035e-01 8.836469e+01
9.994420e-01 -4.643433e-04 -3.339774e-02 8.845768e+01 4.909131e-04 9.999996e-01 7.873145e-04 -5.573144e+00 3.339746e-02 -8.032718e-04 9.994418e-01 8.863938e+01
9.995860e-01 3.974295e-04 2.877082e-02 8.930466e+01 -3.790857e-04 9.999997e-01 -6.430863e-04 -5.607434e+00 -2.877116e-02 6.319147e-04 9.995859e-01 8.878724e+01
9.995213e-01 -4.327462e-04 -3.093445e-02 9.031619e+01 4.561482e-04 9.999996e-01 7.493993e-04 -5.647020e+00 3.093421e-02 -7.631525e-04 9.995211e-01 8.893463e+01
9.995531e-01 3.792104e-04 2.989279e-02 9.161492e+01 -3.605748e-04 9.999997e-01 -6.288510e-04 -5.695163e+00 -2.989312e-02 6.177926e-04 9.995530e-01 8.905694e+01
9.995857e-01 -3.972861e-04 -2.877714e-02 9.325706e+01 4.193279e-04 9.999996e-01 7.598626e-04 -5.754728e+00 2.877692e-02 -7.716162e-04 9.995855e-01 8.919884e+01
9.994049e-01 5.004366e-04 3.449107e-02 9.509902e+01 -4.755066e-04 9.999996e-01 -7.310395e-04 -5.821156e+00 -3.449152e-02 7.142050e-04 9.994048e-01 8.936514e+01
9.994524e-01 -5.128903e-04 -3.308310e-02 9.689662e+01 5.421323e-04 9.999995e-01 8.748845e-04 -5.885177e+00 3.308273e-02 -8.923422e-04 9.994522e-01 8.948031e+01
9.994810e-01 4.396793e-04 3.221131e-02 9.828747e+01 -4.162811e-04 9.999996e-01 -7.331477e-04 -5.937004e+00 -3.221172e-02 7.193595e-04 9.994809e-01 8.963746e+01
9.993392e-01 -5.481686e-04 -3.634236e-02 9.946568e+01 5.834263e-04 9.999994e-01 9.595127e-04 -5.983872e+00 3.634191e-02 -9.800830e-04 9.993389e-01 8.987275e+01
9.993934e-01 4.177913e-04 3.482422e-02 1.011021e+02 -3.919365e-04 9.999996e-01 -7.493012e-04 -6.042678e+00 -3.482462e-02 7.351990e-04 9.993932e-01 9.000389e+01
9.994534e-01 -4.650441e-04 -3.305292e-02 1.031004e+02 4.963162e-04 9.999994e-01 9.378755e-04 -6.111008e+00 3.305256e-02 -9.537689e-04 9.994531e-01 9.005225e+01
9.993864e-01 4.840438e-04 3.502556e-02 1.043610e+02 -4.528395e-04 9.999995e-01 -8.988702e-04 -6.157485e+00 -3.502607e-02 8.824588e-04 9.993861e-01 9.018213e+01
9.994207e-01 -4.970358e-04 -3.402885e-02 1.055406e+02 5.296823e-04 9.999994e-01 9.503223e-04 -6.201395e+00 3.402845e-02 -9.677975e-04 9.994204e-01 9.032833e+01
9.993919e-01 4.048582e-04 3.486794e-02 1.073528e+02 -3.782629e-04 9.999996e-01 -7.693790e-04 -6.264055e+00 -3.486834e-02 7.557231e-04 9.993917e-01 9.041291e+01
9.993607e-01 -5.803190e-04 -3.574489e-02 1.093980e+02 6.185683e-04 9.999992e-01 1.058970e-03 -6.334197e+00 3.574434e-02 -1.080405e-03 9.993603e-01 9.050495e+01
9.993885e-01 3.895994e-04 3.496462e-02 1.115032e+02 -3.630457e-04 9.999996e-01 -7.658298e-04 -6.406324e+00 -3.496501e-02 7.526689e-04 9.993883e-01 9.060380e+01
9.993260e-01 -6.463345e-04 -3.670244e-02 1.139035e+02 6.890281e-04 9.999991e-01 1.150557e-03 -6.485895e+00 3.670176e-02 -1.175071e-03 9.993255e-01 9.062339e+01
9.994562e-01 2.939810e-04 3.297585e-02 1.164023e+02 -2.702845e-04 9.999997e-01 -7.230988e-04 -6.568900e+00 -3.297615e-02 7.137939e-04 9.994559e-01 9.064398e+01
9.993124e-01 -6.355666e-04 -3.706897e-02 1.187463e+02 6.780179e-04 9.999991e-01 1.132594e-03 -6.647582e+00 3.706831e-02 -1.156950e-03 9.993120e-01 9.069410e+01
9.994432e-01 2.908741e-04 3.336511e-02 1.213672e+02 -2.688491e-04 9.999997e-01 -6.646494e-04 -6.736244e+00 -3.336539e-02 6.553104e-04 9.994430e-01 9.078537e+01
9.993504e-01 -6.030679e-04 -3.603312e-02 1.242065e+02 6.458083e-04 9.999991e-01 1.174473e-03 -6.831607e+00 3.603247e-02 -1.196982e-03 9.993499e-01 9.086690e+01
9.994398e-01 3.246605e-04 3.346895e-02 1.267141e+02 -3.004929e-04 9.999997e-01 -7.271598e-04 -6.918925e+00 -3.346927e-02 7.166964e-04 9.994395e-01 9.105924e+01
9.993437e-01 -5.818754e-04 -3.621855e-02 1.290136e+02 6.232162e-04 9.999992e-01 1.130104e-03 -6.998751e+00 3.621796e-02 -1.151935e-03 9.993432e-01 9.121553e+01
9.993641e-01 3.579469e-04 3.565610e-02 1.318046e+02 -3.332142e-04 9.999997e-01 -6.996252e-04 -7.093355e+00 -3.565644e-02 6.873004e-04 9.993639e-01 9.132239e+01
9.992698e-01 -6.460657e-04 -3.820101e-02 1.347788e+02 6.939367e-04 9.999990e-01 1.239848e-03 -7.194338e+00 3.820027e-02 -1.265453e-03 9.992693e-01 9.144428e+01
9.994031e-01 2.725446e-04 3.454627e-02 1.379087e+02 -2.500083e-04 9.999998e-01 -6.567115e-04 -7.299228e+00 -3.454654e-02 6.476839e-04 9.994029e-01 9.152170e+01
9.993421e-01 -5.493939e-04 -3.626259e-02 1.408390e+02 5.915457e-04 9.999992e-01 1.151644e-03 -7.396743e+00 3.626202e-02 -1.172339e-03 9.993416e-01 9.156037e+01
9.994466e-01 2.573184e-04 3.326513e-02 1.433349e+02 -2.336623e-04 9.999997e-01 -7.150647e-04 -7.481434e+00 -3.326541e-02 7.068973e-04 9.994463e-01 9.164389e+01
9.992625e-01 -5.878845e-04 -3.839195e-02 1.455397e+02 6.315410e-04 9.999992e-01 1.124971e-03 -7.557512e+00 3.839135e-02 -1.148388e-03 9.992621e-01 9.174864e+01
9.994251e-01 2.230438e-04 3.390371e-02 1.481056e+02 -2.008215e-04 9.999998e-01 -6.588958e-04 -7.644669e+00 -3.390395e-02 6.517096e-04 9.994249e-01 9.184386e+01
9.993743e-01 -4.470525e-04 -3.536516e-02 1.505989e+02 4.852226e-04 9.999993e-01 1.070696e-03 -7.730213e+00 3.536475e-02 -1.087187e-03 9.993738e-01 9.197575e+01
9.994989e-01 1.466635e-04 3.165492e-02 1.529037e+02 -1.259705e-04 9.999998e-01 -6.557429e-04 -7.810223e+00 -3.165511e-02 6.514279e-04 9.994987e-01 9.212190e+01
9.993536e-01 -4.833021e-04 -3.594477e-02 1.554815e+02 5.249512e-04 9.999992e-01 1.149226e-03 -7.899243e+00 3.594429e-02 -1.167353e-03 9.993531e-01 9.228145e+01
9.994072e-01 2.122499e-04 3.442824e-02 1.583427e+02 -1.891337e-04 9.999998e-01 -6.747245e-04 -7.995696e+00 -3.442848e-02 6.678142e-04 9.994070e-01 9.237093e+01
9.993172e-01 -5.057658e-04 -3.694361e-02 1.612643e+02 5.504874e-04 9.999991e-01 1.200335e-03 -8.093899e+00 3.694307e-02 -1.219854e-03 9.993166e-01 9.244834e+01
9.994517e-01 1.378101e-04 3.311083e-02 1.641955e+02 -1.162676e-04 9.999998e-01 -6.525837e-04 -8.193008e+00 -3.311101e-02 6.483774e-04 9.994515e-01 9.255400e+01
9.993278e-01 -4.651956e-04 -3.665561e-02 1.671006e+02 5.102225e-04 9.999991e-01 1.218993e-03 -8.293082e+00 3.665511e-02 -1.236877e-03 9.993272e-01 9.273959e+01
9.994217e-01 1.634089e-04 3.400466e-02 1.699590e+02 -1.398245e-04 9.999997e-01 -6.959764e-04 -8.391999e+00 -3.400487e-02 6.908204e-04 9.994215e-01 9.294114e+01
9.993000e-01 -4.809812e-04 -3.740641e-02 1.728692e+02 5.285980e-04 9.999991e-01 1.263042e-03 -8.492476e+00 3.740587e-02 -1.281932e-03 9.992993e-01 9.313638e+01
9.994219e-01 1.875150e-04 3.399943e-02 1.754010e+02 -1.608463e-04 9.999997e-01 -7.871569e-04 -8.581819e+00 -3.399966e-02 7.812343e-04 9.994216e-01 9.337456e+01
9.992828e-01 -4.637340e-04 -3.786209e-02 1.777770e+02 5.113344e-04 9.999991e-01 1.247492e-03 -8.666683e+00 3.786157e-02 -1.265959e-03 9.992821e-01 9.363078e+01
9.993945e-01 1.832662e-04 3.479490e-02 1.802514e+02 -1.554625e-04 9.999997e-01 -8.018161e-04 -8.752646e+00 -3.479513e-02 7.959224e-04 9.993942e-01 9.380099e+01
9.992994e-01 -4.500452e-04 -3.742189e-02 1.827837e+02 4.972347e-04 9.999991e-01 1.251678e-03 -8.839322e+00 3.742139e-02 -1.269410e-03 9.992987e-01 9.392449e+01
9.994267e-01 1.629852e-04 3.385829e-02 1.850207e+02 -1.337936e-04 9.999996e-01 -8.644712e-04 -8.915840e+00 -3.385851e-02 8.594467e-04 9.994263e-01 9.401344e+01
9.992542e-01 -4.687902e-04 -3.861055e-02 1.869057e+02 5.148102e-04 9.999992e-01 1.181933e-03 -8.979905e+00 3.861006e-02 -1.200930e-03 9.992536e-01 9.405035e+01
9.994091e-01 1.830522e-04 3.437360e-02 1.886802e+02 -1.519618e-04 9.999996e-01 -9.071311e-04 -9.040523e+00 -3.437385e-02 9.013728e-04 9.994087e-01 9.409645e+01
9.992412e-01 -4.964174e-04 -3.894409e-02 1.906777e+02 5.452208e-04 9.999991e-01 1.242518e-03 -9.107574e+00 3.894354e-02 -1.262809e-03 9.992406e-01 9.411322e+01
9.993978e-01 1.676079e-04 3.470042e-02 1.928487e+02 -1.371225e-04 9.999996e-01 -8.809447e-04 -9.180212e+00 -3.470065e-02 8.756572e-04 9.993974e-01 9.413416e+01
9.992146e-01 -4.916558e-04 -3.962201e-02 1.949023e+02 5.410487e-04 9.999991e-01 1.235855e-03 -9.248876e+00 3.962146e-02 -1.256323e-03 9.992139e-01 9.413312e+01
9.993849e-01 1.989180e-04 3.507011e-02 1.967086e+02 -1.654770e-04 9.999995e-01 -9.564819e-04 -9.309919e+00 -3.507039e-02 9.500914e-04 9.993844e-01 9.414328e+01
9.992536e-01 -4.736805e-04 -3.862584e-02 1.987019e+02 5.234897e-04 9.999990e-01 1.279389e-03 -9.376985e+00 3.862530e-02 -1.298656e-03 9.992529e-01 9.416967e+01
