9.995717e-01 4.781249e-04 2.926044e-02 4.454315e-01 -4.532883e-04 9.999995e-01 -8.554400e-04 -2.819225e-02 -2.926084e-02 8.418098e-04 9.995716e-01 4.622759e-01
9.999943e-01 4.108670e-05 3.372993e-03 7.345311e-01 -4.067671e-05 1.000000e+00 -1.216158e-04 -5.113321e-02 -3.372991e-03 1.214782e-04 9.999942e-01 9.196646e-01
9.995865e-01 4.753788e-04 2.875047e-02 9.861531e-01 -4.518313e-04 9.999996e-01 -8.255236e-04 -7.515094e-02 -2.875086e-02 8.121917e-04 9.995864e-01 1.465358e+00
9.999679e-01 7.777321e-05 8.006390e-03 1.228315e+00 -7.537284e-05 1.000000e+00 -3.001071e-04 -9.510083e-02 -8.006400e-03 2.994941e-04 9.999678e-01 1.863936e+00
9.994941e-01 5.272148e-04 3.180153e-02 1.455222e+00 -4.987258e-04 9.999995e-01 -9.037633e-04 -1.156551e-01 -3.180200e-02 8.874458e-04 9.994939e-01 2.308411e+00
9.998760e-01 1.946744e-04 1.574675e-02 1.626148e+00 -1.862314e-04 9.999998e-01 -5.376426e-04 -1.328528e-01 -1.574683e-02 5.346432e-04 9.998758e-01 2.685699e+00
9.996295e-01 4.572306e-04 2.721588e-02 1.802307e+00 -4.366481e-04 9.999996e-01 -7.622095e-04 -1.505371e-01 -2.721624e-02 7.500435e-04 9.996294e-01 3.076886e+00
9.999327e-01 1.305029e-04 1.160223e-02 1.972962e+00 -1.257905e-04 9.999999e-01 -4.068790e-04 -1.705617e-01 -1.160225e-02 4.053918e-04 9.999325e-01 3.569247e+00
9.994928e-01 5.374595e-04 3.184228e-02 2.111917e+00 -5.092261e-04 9.999995e-01 -8.947700e-04 -1.894396e-01 -3.184278e-02 8.781017e-04 9.994926e-01 4.058581e+00
9.999734e-01 7.418485e-05 7.286704e-03 2.244248e+00 -7.226234e-05 1.000000e+00 -2.640851e-04 -2.099969e-01 -7.286686e-03 2.635510e-04 9.999733e-01 4.621785e+00
9.995111e-01 5.430341e-04 3.126031e-02 2.397657e+00 -5.157834e-04 9.999995e-01 -8.797939e-04 -2.319082e-01 -3.126082e-02 8.632409e-04 9.995110e-01 5.212099e+00
9.999923e-01 2.105896e-05 3.934916e-03 2.640598e+00 -2.045211e-05 1.000000e+00 -1.542127e-04 -2.553330e-01 -3.934875e-03 1.541303e-04 9.999922e-01 5.750358e+00
9.993800e-01 6.005940e-04 3.520353e-02 2.920964e+00 -5.644667e-04 9.999993e-01 -1.036178e-03 -2.764717e-01 -3.520417e-02 1.015665e-03 9.993797e-01 6.154489e+00
9.999752e-01 8.844849e-05 7.047457e-03 3.134957e+00 -8.683715e-05 1.000000e+00 -2.289085e-04 -2.968187e-01 -7.047426e-03 2.282899e-04 9.999750e-01 6.610994e+00
9.996464e-01 4.842008e-04 2.658522e-02 3.401974e+00 -4.650405e-04 9.999996e-01 -7.268992e-04 -3.233305e-01 -2.658562e-02 7.142800e-04 9.996464e-01 7.240571e+00
9.999996e-01 -3.444881e-05 -8.595549e-04 3.747655e+00 3.446373e-05 1.000000e+00 1.693434e-05 -3.527295e-01 8.596105e-04 -1.696502e-05 9.999995e-01 7.884585e+00
9.995445e-01 5.412577e-04 3.017636e-02 3.996529e+00 -5.158345e-04 9.999995e-01 -8.502782e-04 -3.802458e-01 -3.017686e-02 8.343260e-04 9.995443e-01 8.577042e+00
9.999888e-01 2.799885e-05 4.725230e-03 4.235729e+00 -2.720986e-05 1.000000e+00 -1.669505e-04 -4.044734e-01 -4.725173e-03 1.668189e-04 9.999887e-01 9.153280e+00
9.996608e-01 4.778692e-04 2.604128e-02 4.475304e+00 -4.592768e-04 9.999996e-01 -7.199511e-04 -4.287618e-01 -2.604168e-02 7.077479e-04 9.996607e-01 9.730194e+00
9.999608e-01 6.357082e-05 8.856453e-03 4.711581e+00 -6.062117e-05 9.999999e-01 -3.332619e-04 -4.503270e-01 -8.856407e-03 3.327107e-04 9.999606e-01 1.020773e+01
9.994519e-01 5.804002e-04 3.309941e-02 5.057624e+00 -5.494743e-04 9.999994e-01 -9.434389e-04 -4.696875e-01 -3.310001e-02 9.247359e-04 9.994517e-01 1.044640e+01
9.999702e-01 -1.637413e-04 -7.717178e-03 5.649710e+00 1.650600e-04 1.000000e+00 1.701616e-04 -4.952761e-01 7.717221e-03 -1.714318e-04 9.999701e-01 1.060565e+01
9.997125e-01 4.350540e-04 2.397350e-02 6.305446e+00 -4.192772e-04 9.999997e-01 -6.631411e-04 -5.250684e-01 -2.397385e-02 6.529003e-04 9.997125e-01 1.084809e+01
9.999383e-01 -2.031423e-04 -1.110564e-02 7.172716e+00 2.063135e-04 9.999999e-01 2.843402e-04 -5.597333e-01 1.110565e-02 -2.866154e-04 9.999382e-01 1.100308e+01
9.997035e-01 4.458665e-04 2.434751e-02 7.880405e+00 -4.290747e-04 9.999997e-01 -6.949192e-04 -5.895786e-01 -2.434789e-02 6.842678e-04 9.997034e-01 1.117592e+01
9.998245e-01 -2.940612e-04 -1.872981e-02 8.515245e+00 3.036918e-04 9.999998e-01 5.113089e-04 -6.191834e-01 1.872973e-02 -5.169088e-04 9.998244e-01 1.143471e+01
9.995355e-01 5.224065e-04 3.047267e-02 9.160256e+00 -4.953219e-04 9.999995e-01 -8.963793e-04 -6.472522e-01 -3.047319e-02 8.808706e-04 9.995353e-01 1.161766e+01
9.999229e-01 -2.075378e-04 -1.241361e-02 9.823788e+00 2.115442e-04 9.999999e-01 3.213735e-04 -6.736722e-01 1.241361e-02 -3.239763e-04 9.999228e-01 1.171154e+01
9.995514e-01 5.196075e-04 2.994492e-02 1.035255e+01 -4.935887e-04 9.999995e-01 -8.762972e-04 -6.991640e-01 -2.994544e-02 8.611252e-04 9.995512e-01 1.194885e+01
9.998292e-01 -2.734555e-04 -1.847926e-02 1.093364e+01 2.834370e-04 9.999998e-01 5.374838e-04 -7.291463e-01 1.847919e-02 -5.426313e-04 9.998290e-01 1.229891e+01
9.997650e-01 3.823741e-04 2.167510e-02 1.166492e+01 -3.689236e-04 9.999997e-01 -6.245818e-04 -7.620070e-01 -2.167541e-02 6.164401e-04 9.997650e-01 1.255977e+01
9.999504e-01 -1.599480e-04 -9.957891e-03 1.227482e+01 1.627629e-04 9.999999e-01 2.817850e-04 -7.925165e-01 9.957924e-03 -2.833934e-04 9.999503e-01 1.289820e+01
9.996519e-01 4.555104e-04 2.638157e-02 1.272976e+01 -4.349779e-04 9.999996e-01 -7.840537e-04 -8.178057e-01 -2.638199e-02 7.723069e-04 9.996517e-01 1.323169e+01
9.999496e-01 -1.614917e-04 -1.003523e-02 1.314613e+01 1.644705e-04 9.999999e-01 2.959231e-04 -8.439088e-01 1.003526e-02 -2.975603e-04 9.999495e-01 1.364817e+01
9.997626e-01 3.861739e-04 2.178839e-02 1.368286e+01 -3.724572e-04 9.999997e-01 -6.336355e-04 -8.738142e-01 -2.178871e-02 6.253715e-04 9.997625e-01 1.405872e+01
9.999162e-01 -2.042106e-04 -1.294609e-02 1.418259e+01 2.089622e-04 9.999999e-01 3.656128e-04 -9.016332e-01 1.294610e-02 -3.682891e-04 9.999161e-01 1.442402e+01
9.998604e-01 3.356652e-04 1.670773e-02 1.453204e+01 -3.277407e-04 9.999998e-01 -4.770860e-04 -9.271804e-01 -1.670797e-02 4.715452e-04 9.998604e-01 1.489340e+01
9.999862e-01 -1.233748e-04 -5.247034e-03 1.484738e+01 1.240548e-04 1.000000e+00 1.290975e-04 -9.511383e-01 5.247101e-03 -1.297484e-04 9.999861e-01 1.535331e+01
9.998569e-01 3.490620e-04 1.691248e-02 1.515439e+01 -3.411606e-04 9.999998e-01 -4.701261e-04 -9.759664e-01 -1.691273e-02 4.642906e-04 9.998569e-01 1.586083e+01
9.999847e-01 -1.269350e-04 -5.532341e-03 1.558553e+01 1.277110e-04 1.000000e+00 1.397400e-04 -1.003474e+00 5.532408e-03 -1.404461e-04 9.999846e-01 1.631239e+01
9.999067e-01 3.145542e-04 1.366157e-02 1.600694e+01 -3.093898e-04 9.999999e-01 -3.802056e-04 -1.029716e+00 -1.366177e-02 3.759450e-04 9.999067e-01 1.672348e+01
9.999714e-01 -1.401303e-04 -7.564351e-03 1.625625e+01 1.415289e-04 1.000000e+00 1.842294e-04 -1.051616e+00 7.564411e-03 -1.852964e-04 9.999713e-01 1.718585e+01
9.999798e-01 1.013059e-04 6.355264e-03 1.635176e+01 -9.967433e-05 1.000000e+00 -2.571915e-04 -1.062612e+00 -6.355375e-03 2.565546e-04 9.999798e-01 1.735613e+01
9.998019e-01 -1.125580e-04 -1.990343e-02 1.610143e+01 1.211843e-04 9.999999e-01 4.321501e-04 -1.061546e+00 1.990346e-02 -4.344782e-04 9.998017e-01 1.741206e+01
9.999479e-01 4.390831e-05 1.020921e-02 1.563660e+01 -4.016047e-05 9.999999e-01 -3.674009e-04 -1.052729e+00 -1.020931e-02 3.669735e-04 9.999479e-01 1.737517e+01
9.999998e-01 1.562515e-04 -5.524276e-04 1.587498e+01 -1.562275e-04 1.000000e+00 4.166181e-05 -1.072447e+00 5.525187e-04 -4.157723e-05 9.999998e-01 1.776425e+01
9.999753e-01 -5.288570e-06 7.027263e-03 1.624059e+01 7.016204e-06 1.000000e+00 -2.459611e-04 -1.095678e+00 -7.027346e-03 2.460061e-04 9.999754e-01 1.812783e+01
9.999923e-01 1.985918e-04 3.902362e-03 1.674091e+01 -1.981840e-04 1.000000e+00 -1.046257e-04 -1.121123e+00 -3.902297e-03 1.038497e-04 9.999923e-01 1.840076e+01
9.999396e-01 4.643283e-05 1.099132e-02 1.737875e+01 -4.238754e-05 9.999999e-01 -3.683687e-04 -1.147553e+00 -1.099143e-02 3.678824e-04 9.999396e-01 1.852883e+01
9.999934e-01 1.901147e-04 3.623819e-03 1.798207e+01 -1.896779e-04 1.000000e+00 -1.205820e-04 -1.170729e+00 -3.623755e-03 1.198921e-04 9.999934e-01 1.857308e+01
9.999795e-01 -1.365071e-05 6.401959e-03 1.840550e+01 1.497501e-05 1.000000e+00 -2.069775e-04 -1.193552e+00 -6.402044e-03 2.070709e-04 9.999796e-01 1.884261e+01
9.999932e-01 -1.568366e-05 -3.684161e-03 1.824285e+01 1.561988e-05 1.000000e+00 -1.764003e-05 -1.191012e+00 3.684249e-03 1.758054e-05 9.999931e-01 1.875099e+01
9.999921e-01 -2.968767e-04 3.959338e-03 1.761352e+01 2.981378e-04 9.999999e-01 -3.182078e-04 -1.156921e+00 -3.959331e-03 3.193876e-04 9.999922e-01 1.778583e+01
9.999925e-01 5.788522e-05 -3.864527e-03 1.717058e+01 -5.777966e-05 1.000000e+00 2.712970e-05 -1.133025e+00 3.864617e-03 -2.690809e-05 9.999925e-01 1.705385e+01
9.999980e-01 -1.517335e-04 2.015688e-03 1.707215e+01 1.521232e-04 1.000000e+00 -1.937300e-04 -1.128104e+00 -2.015747e-03 1.940382e-04 9.999980e-01 1.676841e+01
9.998534e-01 1.812564e-04 -1.711845e-02 1.690712e+01 -1.749671e-04 9.999999e-01 3.688253e-04 -1.125105e+00 1.711860e-02 -3.657779e-04 9.998533e-01 1.665777e+01
9.999428e-01 -1.741829e-04 1.069883e-02 1.686277e+01 1.775772e-04 9.999999e-01 -3.164116e-04 -1.133059e+00 -1.069886e-02 3.182952e-04 9.999428e-01 1.687926e+01
9.999996e-01 3.856702e-04 -7.878119e-04 1.706199e+01 -3.856410e-04 9.999999e-01 3.583152e-05 -1.156268e+00 7.879126e-04 -3.552958e-05 9.999996e-01 1.746655e+01
9.999693e-01 -2.105671e-04 7.838383e-03 1.746881e+01 2.122310e-04 1.000000e+00 -2.115946e-04 -1.184924e+00 -7.838426e-03 2.132536e-04 9.999693e-01 1.799870e+01
9.999788e-01 3.005817e-04 -6.496543e-03 1.764052e+01 -2.994834e-04 9.999999e-01 1.698532e-04 -1.205488e+00 6.496681e-03 -1.679059e-04 9.999788e-01 1.850080e+01
9.999811e-01 -3.727008e-04 6.137664e-03 1.745078e+01 3.747292e-04 9.999999e-01 -3.295089e-04 -1.203291e+00 -6.137628e-03 3.318046e-04 9.999812e-01 1.846017e+01
9.999714e-01 3.049286e-04 -7.549355e-03 1.721345e+01 -3.032401e-04 9.999999e-01 2.246495e-04 -1.203053e+00 7.549510e-03 -2.223558e-04 9.999714e-01 1.856227e+01
9.999824e-01 -3.822848e-04 5.922384e-03 1.699006e+01 3.842639e-04 9.999999e-01 -3.332245e-04 -1.202214e+00 -5.922343e-03 3.354963e-04 9.999825e-01 1.861780e+01
9.999711e-01 3.963309e-04 -7.589372e-03 1.698715e+01 -3.940860e-04 9.999999e-01 2.971341e-04 -1.214622e+00 7.589576e-03 -2.941366e-04 9.999711e-01 1.898875e+01
9.997665e-01 -1.182607e-04 2.161165e-02 1.723397e+01 1.331016e-04 9.999998e-01 -6.853257e-04 -1.239843e+00 -2.161165e-02 6.880442e-04 9.997663e-01 1.958082e+01
9.999323e-01 4.334663e-04 -1.162265e-02 1.756803e+01 -4.276265e-04 9.999998e-01 5.048232e-04 -1.273947e+00 1.162295e-02 -4.998209e-04 9.999323e-01 2.043314e+01
9.999457e-01 -3.943601e-04 1.041868e-02 1.773177e+01 3.990278e-04 9.999998e-01 -4.460487e-04 -1.297173e+00 -1.041859e-02 4.501838e-04 9.999457e-01 2.104909e+01
9.998718e-01 3.795530e-04 -1.600826e-02 1.806717e+01 -3.720328e-04 9.999998e-01 4.726670e-04 -1.313182e+00 1.600852e-02 -4.666527e-04 9.998717e-01 2.113720e+01
9.999596e-01 -3.640840e-04 8.988705e-03 1.849526e+01 3.669765e-04 9.999999e-01 -3.202714e-04 -1.335384e+00 -8.988675e-03 3.235591e-04 9.999596e-01 2.133835e+01
9.994851e-01 5.115553e-04 -3.208103e-02 1.838366e+01 -4.893998e-04 9.999996e-01 6.984240e-04 -1.325881e+00 3.208146e-02 -6.823658e-04 9.994850e-01 2.092855e+01
9.998001e-01 -4.265712e-04 1.998937e-02 1.870408e+01 4.350724e-04 9.999998e-01 -4.209916e-04 -1.345715e+00 -1.998928e-02 4.296062e-04 9.998002e-01 2.121545e+01
9.999496e-01 6.444335e-04 -1.001734e-02 1.921099e+01 -6.427450e-04 9.999998e-01 1.716602e-04 -1.377386e+00 1.001754e-02 -1.652148e-04 9.999497e-01 2.173452e+01
9.996545e-01 -3.852527e-04 2.628446e-02 1.991587e+01 4.018795e-04 9.999997e-01 -6.273345e-04 -1.410198e+00 -2.628430e-02 6.376828e-04 9.996544e-01 2.202834e+01
9.999402e-01 6.565679e-04 -1.091145e-02 2.045002e+01 -6.543157e-04 9.999998e-01 2.098680e-04 -1.440917e+00 1.091167e-02 -2.027179e-04 9.999404e-01 2.246840e+01
9.998434e-01 -4.687950e-04 1.769123e-02 2.089307e+01 4.747306e-04 9.999998e-01 -3.313758e-04 -1.473749e+00 -1.769116e-02 3.397244e-04 9.998435e-01 2.312111e+01
9.998906e-01 5.977846e-04 -1.478090e-02 2.136828e+01 -5.938124e-04 9.999998e-01 2.730438e-04 -1.502757e+00 1.478115e-02 -2.642387e-04 9.998906e-01 2.355551e+01
9.998159e-01 -4.568360e-04 1.918260e-02 2.178953e+01 4.643964e-04 9.999998e-01 -3.897342e-04 -1.529106e+00 -1.918251e-02 3.985728e-04 9.998160e-01 2.396026e+01
9.999715e-01 7.105412e-04 -7.514972e-03 2.202320e+01 -7.098328e-04 9.999997e-01 9.677650e-05 -1.556067e+00 7.515128e-03 -9.144127e-05 9.999717e-01 2.465400e+01
9.999440e-01 -5.543678e-04 1.056907e-02 2.208872e+01 5.557378e-04 9.999998e-01 -1.268049e-04 -1.579957e+00 -1.056909e-02 1.326734e-04 9.999442e-01 2.543290e+01
9.999523e-01 6.708447e-04 -9.740074e-03 2.218655e+01 -6.690725e-04 9.999998e-01 1.850762e-04 -1.605787e+00 9.740285e-03 -1.785525e-04 9.999525e-01 2.624997e+01
9.999262e-01 -5.192473e-04 1.213730e-02 2.227333e+01 5.214283e-04 9.999998e-01 -1.766316e-04 -1.631470e+00 -1.213730e-02 1.829493e-04 9.999264e-01 2.707983e+01
9.999535e-01 6.517044e-04 -9.613712e-03 2.247290e+01 -6.504117e-04 9.999998e-01 1.374626e-04 -1.656168e+00 9.613889e-03 -1.312052e-04 9.999537e-01 2.771781e+01
9.999742e-01 -6.571983e-04 7.150801e-03 2.300531e+01 6.573601e-04 9.999998e-01 -2.044102e-05 -1.686543e+00 -7.150876e-03 2.514308e-05 9.999745e-01 2.813765e+01
9.999582e-01 6.492191e-04 -9.119074e-03 2.361395e+01 -6.481759e-04 9.999998e-01 1.172215e-04 -1.717600e+00 9.119238e-03 -1.113077e-04 9.999583e-01 2.847978e+01
9.999453e-01 -6.280547e-04 1.044104e-02 2.471976e+01 6.286296e-04 9.999998e-01 -5.189653e-05 -1.763773e+00 -1.044109e-02 5.845916e-05 9.999456e-01 2.878170e+01
9.999888e-01 7.503792e-04 -4.659388e-03 2.576252e+01 -7.504346e-04 9.999997e-01 -1.040521e-05 -1.809729e+00 4.659469e-03 1.389981e-05 9.999891e-01 2.916914e+01
9.999517e-01 -5.990074e-04 9.815126e-03 2.643324e+01 5.995272e-04 9.999998e-01 -5.014732e-05 -1.846971e+00 -9.815184e-03 5.603125e-05 9.999519e-01 2.969878e+01
9.999671e-01 6.463203e-04 -8.080468e-03 2.730670e+01 -6.457572e-04 9.999998e-01 7.213552e-05 -1.886296e+00 8.080603e-03 -6.691698e-05 9.999673e-01 3.003545e+01
9.999186e-01 -5.250555e-04 1.274901e-02 2.809483e+01 5.267531e-04 9.999999e-01 -1.298917e-04 -1.924145e+00 -1.274903e-02 1.365986e-04 9.999188e-01 3.043077e+01
9.999899e-01 7.300676e-04 -4.424038e-03 2.861445e+01 -7.302742e-04 9.999997e-01 -4.533654e-05 -1.957778e+00 4.424095e-03 4.856500e-05 9.999901e-01 3.101810e+01
9.999206e-01 -5.190377e-04 1.259116e-02 2.902109e+01 5.206794e-04 9.999999e-01 -1.272009e-04 -1.988887e+00 -1.259119e-02 1.337486e-04 9.999208e-01 3.165345e+01
9.999308e-01 6.110561e-04 -1.174213e-02 2.934088e+01 -6.091653e-04 9.999998e-01 1.644996e-04 -2.017050e+00 1.174232e-02 -1.573372e-04 9.999310e-01 3.227546e+01
9.999426e-01 -5.706073e-04 1.069793e-02 2.971421e+01 5.717658e-04 9.999998e-01 -1.053468e-04 -2.043530e+00 -1.069796e-02 1.114594e-04 9.999428e-01 3.274796e+01
9.999424e-01 6.381429e-04 -1.071022e-02 3.009530e+01 -6.368489e-04 9.999998e-01 1.241155e-04 -2.069548e+00 1.071039e-02 -1.172894e-04 9.999426e-01 3.319193e+01
9.998748e-01 -5.157683e-04 1.581610e-02 3.065377e+01 5.199690e-04 9.999998e-01 -2.615605e-04 -2.098681e+00 -1.581605e-02 2.697535e-04 9.998750e-01 3.352780e+01
9.999381e-01 6.707265e-04 -1.110659e-02 3.105183e+01 -6.689650e-04 9.999998e-01 1.621995e-04 -2.127760e+00 1.110678e-02 -1.547614e-04 9.999382e-01 3.408690e+01
9.998146e-01 -5.019088e-04 1.925178e-02 3.137169e+01 5.094675e-04 9.999998e-01 -3.877821e-04 -2.152365e+00 -1.925168e-02 3.975202e-04 9.998147e-01 3.456146e+01
9.999516e-01 6.819756e-04 -9.806726e-03 3.151400e+01 -6.811050e-04 9.999998e-01 9.198322e-05 -2.171063e+00 9.806878e-03 -8.530120e-05 9.999518e-01 3.503199e+01
9.999061e-01 -5.442637e-04 1.369329e-02 3.161316e+01 5.468478e-04 9.999998e-01 -1.850577e-04 -2.191909e+00 -1.369328e-02 1.925304e-04 9.999063e-01 3.564759e+01
9.999708e-01 6.974944e-04 -7.600512e-03 3.182712e+01 -6.974030e-04 9.999998e-01 1.451263e-05 -2.214961e+00 7.600613e-03 -9.213423e-06 9.999710e-01 3.620267e+01
9.998433e-01 -4.829182e-04 1.769719e-02 3.197472e+01 4.879983e-04 9.999998e-01 -2.828068e-04 -2.237775e+00 -1.769714e-02 2.914006e-04 9.998434e-01 3.683767e+01
9.999665e-01 6.964223e-04 -8.151992e-03 3.219025e+01 -6.961701e-04 9.999998e-01 3.361587e-05 -2.263036e+00 8.152106e-03 -2.794141e-05 9.999667e-01 3.748537e+01
9.998290e-01 -4.701182e-04 1.849030e-02 3.235516e+01 4.757031e-04 9.999998e-01 -2.977162e-04 -2.286972e+00 -1.849025e-02 3.064630e-04 9.998291e-01 3.814453e+01
9.999793e-01 7.018198e-04 -6.390191e-03 3.268743e+01 -7.020851e-04 9.999998e-01 -3.947193e-05 -2.313370e+00 6.390256e-03 4.395573e-05 9.999795e-01 3.868236e+01
9.998438e-01 -4.649540e-04 1.766942e-02 3.305386e+01 4.692709e-04 9.999999e-01 -2.402444e-04 -2.342290e+00 -1.766940e-02 2.485005e-04 9.998439e-01 3.928499e+01
9.999563e-01 6.672089e-04 -9.325427e-03 3.325088e+01 -6.669590e-04 9.999998e-01 2.976752e-05 -2.366961e+00 9.325539e-03 -2.354838e-05 9.999565e-01 3.993557e+01
9.999102e-01 -5.275799e-04 1.339480e-02 3.351835e+01 5.293468e-04 9.999999e-01 -1.284669e-04 -2.391416e+00 -1.339482e-02 1.355477e-04 9.999103e-01 4.047768e+01
9.999978e-01 7.218570e-04 -1.941897e-03 3.396770e+01 -7.222791e-04 9.999997e-01 -2.173669e-04 -2.417713e+00 1.941834e-03 2.187672e-04 9.999980e-01 4.085441e+01
9.998300e-01 -4.446613e-04 1.843568e-02 3.438279e+01 4.494463e-04 9.999999e-01 -2.554835e-04 -2.443669e+00 -1.843566e-02 2.637279e-04 9.998301e-01 4.126951e+01
9.999784e-01 8.448594e-04 6.506112e-03 3.466769e+01 -8.415604e-04 9.999995e-01 -5.095691e-04 -2.465679e+00 -6.506443e-03 5.040810e-04 9.999786e-01 4.169904e+01
9.999164e-01 -5.026876e-04 1.292380e-02 3.500941e+01 5.033320e-04 9.999999e-01 -4.672778e-05 -2.490241e+00 -1.292387e-02 5.323077e-05 9.999165e-01 4.215451e+01
9.999984e-01 7.243956e-04 -1.603149e-03 3.549824e+01 -7.248086e-04 9.999997e-01 -2.580146e-04 -2.520685e+00 1.603059e-03 2.591743e-04 9.999986e-01 4.265350e+01
9.998697e-01 -4.620120e-04 1.613972e-02 3.598407e+01 4.642612e-04 9.999999e-01 -1.357099e-04 -2.550589e+00 -1.613975e-02 1.431872e-04 9.998698e-01 4.313691e+01
9.999963e-01 7.535506e-04 -2.609951e-03 3.622038e+01 -7.540500e-04 9.999997e-01 -1.909265e-04 -2.579362e+00 2.609904e-03 1.928920e-04 9.999965e-01 4.390221e+01
9.999223e-01 -5.130102e-04 1.245961e-02 3.646979e+01 5.134866e-04 9.999999e-01 -3.516294e-05 -2.607671e+00 -1.245968e-02 4.155998e-05 9.999224e-01 4.463392e+01
9.999996e-01 7.494170e-04 -4.710059e-04 3.672799e+01 -7.495490e-04 9.999997e-01 -2.836170e-04 -2.634166e+00 4.708913e-04 2.839681e-04 9.999998e-01 4.527719e+01
9.999375e-01 -5.293681e-04 1.117511e-02 3.691029e+01 5.294870e-04 9.999999e-01 -7.826864e-06 -2.657723e+00 -1.117520e-02 1.374538e-05 9.999376e-01 4.589962e+01
9.999853e-01 6.939600e-04 -5.361968e-03 3.708648e+01 -6.947256e-04 9.999997e-01 -1.412279e-04 -2.681082e+00 5.361967e-03 1.449491e-04 9.999856e-01 4.651934e+01
9.999809e-01 -6.071701e-04 6.154365e-03 3.730323e+01 6.064737e-04 9.999998e-01 1.147620e-04 -2.702634e+00 -6.154532e-03 -1.110254e-04 9.999811e-01 4.700206e+01
9.999727e-01 6.597355e-04 -7.347795e-03 3.767147e+01 -6.606994e-04 9.999998e-01 -1.289713e-04 -2.723224e+00 7.347807e-03 1.338206e-04 9.999729e-01 4.723193e+01
9.998999e-01 -5.146602e-04 1.414097e-02 3.803366e+01 5.157978e-04 9.999999e-01 -7.691565e-05 -2.746684e+00 -1.414103e-02 8.420375e-05 9.999001e-01 4.760250e+01
9.999799e-01 6.606287e-04 -6.301217e-03 3.841283e+01 -6.617660e-04 9.999998e-01 -1.786639e-04 -2.769941e+00 6.301196e-03 1.828284e-04 9.999801e-01 4.793876e+01
9.999637e-01 -5.780303e-04 8.511307e-03 3.898172e+01 5.771389e-04 9.999998e-01 1.069980e-04 -2.797906e+00 -8.511466e-03 -1.020800e-04 9.999638e-01 4.820454e+01
9.999434e-01 6.071100e-04 -1.061428e-02 3.954055e+01 -6.074622e-04 9.999998e-01 -3.010652e-05 -2.826820e+00 1.061436e-02 3.655075e-05 9.999436e-01 4.852255e+01
9.999545e-01 -5.790440e-04 9.526680e-03 4.013734e+01 5.782572e-04 9.999998e-01 8.517128e-05 -2.856846e+00 -9.526826e-03 -7.965661e-05 9.999547e-01 4.883600e+01
9.999451e-01 5.880358e-04 -1.045764e-02 4.086519e+01 -5.881014e-04 9.999998e-01 -3.353065e-06 -2.891533e+00 1.045774e-02 9.501198e-06 9.999453e-01 4.916929e+01
9.999231e-01 -5.284739e-04 1.239064e-02 4.164326e+01 5.283436e-04 9.999999e-01 1.366041e-05 -2.928936e+00 -1.239074e-02 -7.110936e-06 9.999233e-01 4.954994e+01
9.999295e-01 5.483459e-04 -1.185811e-02 4.259043e+01 -5.482745e-04 9.999998e-01 9.141963e-06 -2.967124e+00 1.185821e-02 -2.641649e-06 9.999296e-01 4.972432e+01
9.998656e-01 -4.556792e-04 1.638791e-02 4.349083e+01 4.577005e-04 9.999999e-01 -1.196875e-04 -3.004286e+00 -1.638795e-02 1.271740e-04 9.998658e-01 4.992299e+01
9.999380e-01 5.681176e-04 -1.111394e-02 4.443194e+01 -5.683993e-04 9.999998e-01 -2.233147e-05 -3.041098e+00 1.111403e-02 2.864542e-05 9.999382e-01 5.005157e+01
9.999291e-01 -5.426944e-04 1.189633e-02 4.539300e+01 5.424111e-04 9.999999e-01 2.690669e-05 -3.077615e+00 -1.189644e-02 -2.045018e-05 9.999293e-01 5.013690e+01
9.999359e-01 5.637545e-04 -1.130134e-02 4.625991e+01 -5.642160e-04 9.999998e-01 -3.779021e-05 -3.111074e+00 1.130142e-02 4.416236e-05 9.999361e-01 5.022165e+01
9.999037e-01 -4.993752e-04 1.386894e-02 4.712222e+01 4.997672e-04 9.999999e-01 -2.491053e-05 -3.145709e+00 -1.386903e-02 3.184127e-05 9.999039e-01 5.036412e+01
9.999553e-01 5.936498e-04 -9.434083e-03 4.795974e+01 -5.946881e-04 9.999998e-01 -1.074317e-04 -3.179512e+00 9.434116e-03 1.130354e-04 9.999554e-01 5.050640e+01
9.999441e-01 -5.593039e-04 1.056259e-02 4.881510e+01 5.584441e-04 9.999998e-01 8.419626e-05 -3.213100e+00 -1.056274e-02 -7.829103e-05 9.999443e-01 5.061162e+01
9.999996e-01 7.197321e-04 -5.159534e-04 4.933534e+01 -7.199430e-04 9.999997e-01 -4.119337e-04 -3.237916e+00 5.157558e-04 4.123032e-04 9.999997e-01 5.082705e+01
9.999775e-01 -6.093346e-04 6.692515e-03 4.994636e+01 6.080790e-04 9.999998e-01 1.893989e-04 -3.263119e+00 -6.692729e-03 -1.853231e-04 9.999776e-01 5.093039e+01
9.999900e-01 6.896114e-04 -4.411978e-03 5.053010e+01 -6.907356e-04 9.999997e-01 -2.536628e-04 -3.291848e+00 4.411901e-03 2.567060e-04 9.999902e-01 5.121143e+01
9.999618e-01 -5.819725e-04 8.728458e-03 5.116056e+01 5.807377e-04 9.999998e-01 1.438123e-04 -3.322766e+00 -8.728639e-03 -1.387359e-04 9.999620e-01 5.151844e+01
9.999925e-01 7.180743e-04 -3.804298e-03 5.178157e+01 -7.188158e-04 9.999997e-01 -1.939806e-04 -3.359712e+00 3.804257e-03 1.967119e-04 9.999927e-01 5.209783e+01
9.999973e-01 -7.610389e-04 2.228175e-03 5.230804e+01 7.603466e-04 9.999997e-01 3.108031e-04 -3.392314e+00 -2.228510e-03 -3.091062e-04 9.999975e-01 5.262531e+01
9.999895e-01 7.913661e-04 -4.508953e-03 5.225943e+01 -7.926223e-04 9.999996e-01 -2.771890e-04 -3.407483e+00 4.508831e-03 2.807582e-04 9.999897e-01 5.316679e+01
9.998304e-01 -5.627346e-04 1.841214e-02 5.253028e+01 5.653886e-04 9.999998e-01 -1.390290e-04 -3.429423e+00 -1.841216e-02 1.494173e-04 9.998305e-01 5.360193e+01
9.999996e-01 8.425436e-04 2.904026e-04 5.307390e+01 -8.424220e-04 9.999996e-01 -4.124827e-04 -3.457630e+00 -2.906504e-04 4.122361e-04 9.999998e-01 5.393101e+01
9.999379e-01 -6.063592e-04 1.113313e-02 5.349092e+01 6.049640e-04 9.999998e-01 1.285319e-04 -3.486674e+00 -1.113331e-02 -1.217868e-04 9.999381e-01 5.445895e+01
9.999492e-01 7.004758e-04 -1.005414e-02 5.381450e+01 -7.017523e-04 9.999997e-01 -1.236051e-04 -3.513623e+00 1.005415e-02 1.306525e-04 9.999494e-01 5.501681e+01
9.998112e-01 -5.330710e-04 1.942457e-02 5.417408e+01 5.361905e-04 9.999998e-01 -1.554771e-04 -3.537533e+00 -1.942459e-02 1.658649e-04 9.998114e-01 5.540782e+01
9.999919e-01 8.998471e-04 3.901446e-03 5.446438e+01 -8.977577e-04 9.999995e-01 -5.368051e-04 -3.561288e+00 -3.901827e-03 5.332964e-04 9.999922e-01 5.589999e+01
9.999311e-01 -5.818920e-04 1.172768e-02 5.470218e+01 5.801493e-04 9.999998e-01 1.518397e-04 -3.589582e+00 -1.172786e-02 -1.450235e-04 9.999313e-01 5.663804e+01
9.999800e-01 8.770934e-04 6.263434e-03 5.516516e+01 -8.728615e-04 9.999994e-01 -6.780620e-04 -3.618574e+00 -6.263925e-03 6.725796e-04 9.999801e-01 5.710612e+01
9.998798e-01 -5.175900e-04 1.550085e-02 5.565903e+01 5.166964e-04 9.999999e-01 6.153269e-05 -3.646117e+00 -1.550098e-02 -5.351421e-05 9.998799e-01 5.747907e+01
9.999985e-01 7.717167e-04 -1.511567e-03 5.597675e+01 -7.723993e-04 9.999996e-01 -4.522692e-04 -3.672653e+00 1.511318e-03 4.534343e-04 9.999987e-01 5.803841e+01
9.998672e-01 -4.800948e-04 1.629393e-02 5.635509e+01 4.787479e-04 9.999999e-01 8.644165e-05 -3.703390e+00 -1.629406e-02 -7.862764e-05 9.998673e-01 5.869430e+01
9.999964e-01 8.262740e-04 2.544753e-03 5.698104e+01 -8.248829e-04 9.999995e-01 -5.469267e-04 -3.741703e+00 -2.545104e-03 5.448238e-04 9.999966e-01 5.932686e+01
9.999928e-01 -6.795081e-04 3.743298e-03 5.776195e+01 6.780632e-04 9.999997e-01 3.867285e-04 -3.776921e+00 -3.743659e-03 -3.841857e-04 9.999930e-01 5.961337e+01
9.999995e-01 7.743080e-04 5.073141e-04 5.848603e+01 -7.740547e-04 9.999996e-01 -4.955234e-04 -3.810625e+00 -5.075979e-04 4.951288e-04 9.999997e-01 5.991124e+01
9.999632e-01 -5.838044e-04 8.561867e-03 5.918400e+01 5.814537e-04 9.999998e-01 2.768145e-04 -3.845683e+00 -8.562126e-03 -2.718242e-04 9.999634e-01 6.030835e+01
9.999738e-01 6.533494e-04 -7.197835e-03 5.977507e+01 -6.556314e-04 9.999997e-01 -3.149618e-04 -3.874622e+00 7.197727e-03 3.196710e-04 9.999740e-01 6.058156e+01
9.999691e-01 -5.894777e-04 7.848749e-03 6.027931e+01 5.871500e-04 9.999998e-01 2.986185e-04 -3.901851e+00 -7.849023e-03 -2.939990e-04 9.999692e-01 6.090271e+01
9.999824e-01 8.304930e-04 5.867812e-03 6.067604e+01 -8.264566e-04 9.999994e-01 -6.899497e-04 -3.929402e+00 -5.868282e-03 6.850864e-04 9.999825e-01 6.140180e+01
9.999358e-01 -4.980882e-04 1.132625e-02 6.099185e+01 4.953063e-04 9.999998e-01 2.482430e-04 -3.958629e+00 -1.132648e-02 -2.426153e-04 9.999359e-01 6.208324e+01
9.999980e-01 7.424544e-04 1.824919e-03 6.137042e+01 -7.413646e-04 9.999995e-01 -5.967217e-04 -3.987850e+00 -1.825262e-03 5.953659e-04 9.999981e-01 6.267238e+01
9.999998e-01 -6.852441e-04 -5.940567e-05 6.213792e+01 6.852753e-04 9.999996e-01 5.609691e-04 -4.021840e+00 5.892209e-05 -5.610079e-04 9.999999e-01 6.291756e+01
9.999893e-01 7.699676e-04 4.545257e-03 6.318544e+01 -7.669410e-04 9.999995e-01 -6.671427e-04 -4.062067e+00 -4.545669e-03 6.636480e-04 9.999894e-01 6.304384e+01
9.999841e-01 -5.698456e-04 5.626905e-03 6.387779e+01 5.676328e-04 9.999998e-01 3.944744e-04 -4.095627e+00 -5.627228e-03 -3.912724e-04 9.999841e-01 6.338368e+01
9.999991e-01 6.917387e-04 -1.116519e-03 6.459689e+01 -6.922907e-04 9.999996e-01 -4.957824e-04 -4.130375e+00 1.116275e-03 4.965532e-04 9.999992e-01 6.373346e+01
9.999936e-01 -6.156355e-04 3.552911e-03 6.540489e+01 6.139734e-04 9.999997e-01 4.683214e-04 -4.166956e+00 -3.553297e-03 -4.661352e-04 9.999936e-01 6.403693e+01
9.999975e-01 6.459119e-04 -2.090003e-03 6.632763e+01 -6.468997e-04 9.999997e-01 -4.729623e-04 -4.205446e+00 2.089795e-03 4.743116e-04 9.999977e-01 6.426026e+01
9.999776e-01 -5.016896e-04 6.689555e-03 6.687646e+01 4.990597e-04 9.999998e-01 3.944985e-04 -4.238550e+00 -6.689851e-03 -3.911494e-04 9.999776e-01 6.477968e+01
9.999897e-01 6.027678e-04 -4.478562e-03 6.734206e+01 -6.046486e-04 9.999997e-01 -4.190511e-04 -4.268611e+00 4.478407e-03 4.217532e-04 9.999898e-01 6.527778e+01
9.999939e-01 -5.675782e-04 3.454033e-03 6.788995e+01 5.659359e-04 9.999997e-01 4.758364e-04 -4.298299e+00 -3.454401e-03 -4.738770e-04 9.999940e-01 6.564308e+01
9.999961e-01 6.572069e-04 -2.709282e-03 6.828637e+01 -6.583694e-04 9.999997e-01 -4.289323e-04 -4.329174e+00 2.709098e-03 4.307127e-04 9.999962e-01 6.627385e+01
9.999824e-01 -5.387927e-04 5.925927e-03 6.884900e+01 5.364069e-04 9.999998e-01 4.038459e-04 -4.363769e+00 -5.926242e-03 -4.006583e-04 9.999824e-01 6.683421e+01
9.999922e-01 6.607573e-04 -3.867510e-03 6.920666e+01 -6.623979e-04 9.999997e-01 -4.234285e-04 -4.392279e+00 3.867327e-03 4.259854e-04 9.999924e-01 6.741666e+01
9.999830e-01 -6.499069e-04 -5.803408e-03 6.949608e+01 6.539032e-04 9.999996e-01 6.870967e-04 -4.417131e+00 5.802860e-03 -6.908781e-04 9.999830e-01 6.793470e+01
9.999856e-01 6.827336e-04 -5.319849e-03 6.983293e+01 -6.850662e-04 9.999997e-01 -4.370288e-04 -4.438763e+00 5.319648e-03 4.406653e-04 9.999857e-01 6.826477e+01
9.999202e-01 -5.024468e-04 1.262810e-02 7.010217e+01 4.992876e-04 9.999998e-01 2.531703e-04 -4.464413e+00 -1.262832e-02 -2.468433e-04 9.999203e-01 6.885536e+01
9.999599e-01 6.609066e-04 -8.920796e-03 7.027540e+01 -6.636055e-04 9.999997e-01 -2.998031e-04 -4.490463e+00 8.920694e-03 3.057094e-04 9.999601e-01 6.959209e+01
9.998974e-01 -5.107586e-04 1.432223e-02 7.056541e+01 5.083561e-04 9.999999e-01 1.712557e-04 -4.516223e+00 -1.432241e-02 -1.639556e-04 9.998975e-01 7.016197e+01
9.999630e-01 6.706001e-04 -8.570738e-03 7.091632e+01 -6.732266e-04 9.999997e-01 -3.037898e-04 -4.543985e+00 8.570630e-03 3.095471e-04 9.999632e-01 7.073235e+01
9.999652e-01 -5.985871e-04 8.322289e-03 7.116255e+01 5.958457e-04 9.999998e-01 3.316475e-04 -4.567731e+00 -8.322585e-03 -3.266755e-04 9.999654e-01 7.126998e+01
9.999532e-01 6.645153e-04 -9.641605e-03 7.119047e+01 -6.672642e-04 9.999997e-01 -2.820888e-04 -4.586931e+00 9.641514e-03 2.885075e-04 9.999534e-01 7.190020e+01
9.999242e-01 -5.110001e-04 1.230380e-02 7.119454e+01 5.077218e-04 9.999998e-01 2.694056e-04 -4.609191e+00 -1.230403e-02 -2.631366e-04 9.999243e-01 7.269917e+01
9.998636e-01 6.253380e-04 -1.649837e-02 7.119223e+01 -6.271275e-04 9.999998e-01 -1.034102e-04 -4.631044e+00 1.649840e-02 1.137411e-04 9.998638e-01 7.347414e+01
9.999072e-01 -5.128489e-04 1.361543e-02 7.116049e+01 5.096009e-04 9.999998e-01 2.418855e-04 -4.652522e+00 -1.361565e-02 -2.349230e-04 9.999073e-01 7.428286e+01
9.997518e-01 6.286263e-04 -2.226498e-02 7.109802e+01 -6.292655e-04 9.999998e-01 -2.178816e-05 -4.668123e+00 2.226506e-02 3.579181e-05 9.997521e-01 7.485990e+01
9.999564e-01 -5.102663e-04 9.325105e-03 7.116750e+01 5.071342e-04 9.999998e-01 3.380361e-04 -4.685987e+00 -9.325374e-03 -3.332906e-04 9.999565e-01 7.538810e+01
9.997747e-01 6.163681e-04 -2.121672e-02 7.124737e+01 -6.172038e-04 9.999998e-01 -3.292393e-05 -4.705156e+00 2.121680e-02 4.601004e-05 9.997749e-01 7.595044e+01
9.999568e-01 -5.246850e-04 9.290974e-03 7.138148e+01 5.215862e-04 9.999998e-01 3.357533e-04 -4.724517e+00 -9.291248e-03 -3.308911e-04 9.999568e-01 7.645348e+01
9.998317e-01 5.758863e-04 -1.833530e-02 7.144050e+01 -5.786043e-04 9.999998e-01 -1.430294e-04 -4.740040e+00 1.833531e-02 1.536127e-04 9.998318e-01 7.687708e+01
9.999385e-01 -5.185477e-04 1.108049e-02 7.147998e+01 5.150213e-04 9.999998e-01 3.209512e-04 -4.758623e+00 -1.108076e-02 -3.152231e-04 9.999386e-01 7.745730e+01
9.997373e-01 5.950218e-04 -2.290792e-02 7.167862e+01 -5.953892e-04 9.999998e-01 -9.294060e-06 -4.779308e+00 2.290801e-02 2.292925e-05 9.997375e-01 7.792831e+01
9.999511e-01 -5.736651e-04 9.878841e-03 7.206783e+01 5.702142e-04 9.999998e-01 3.519723e-04 -4.802641e+00 -9.879140e-03 -3.463204e-04 9.999512e-01 7.825582e+01
9.996688e-01 6.449725e-04 -2.572472e-02 7.242628e+01 -6.440240e-04 9.999998e-01 4.509300e-05 -4.823831e+00 2.572484e-02 -2.851221e-05 9.996690e-01 7.854591e+01
9.998675e-01 -6.443116e-04 1.627138e-02 7.288822e+01 6.410521e-04 9.999998e-01 2.054356e-04 -4.848887e+00 -1.627161e-02 -1.949760e-04 9.998676e-01 7.883930e+01
9.997214e-01 6.292747e-04 -2.359112e-02 7.341113e+01 -6.311672e-04 9.999998e-01 -7.284308e-05 -4.869871e+00 2.359117e-02 8.771125e-05 9.997216e-01 7.887797e+01
9.998344e-01 -6.501241e-04 1.818929e-02 7.389669e+01 6.467838e-04 9.999998e-01 1.894370e-04 -4.893403e+00 -1.818950e-02 -1.776395e-04 9.998346e-01 7.906916e+01
9.997631e-01 6.718480e-04 -2.175100e-02 7.433181e+01 -6.736699e-04 9.999998e-01 -7.650946e-05 -4.919393e+00 2.175105e-02 9.114287e-05 9.997634e-01 7.943223e+01
9.998531e-01 -6.973999e-04 1.712608e-02 7.488486e+01 6.936397e-04 9.999997e-01 2.254078e-04 -4.947592e+00 -1.712633e-02 -2.134938e-04 9.998534e-01 7.972547e+01
9.997633e-01 6.410647e-04 -2.174280e-02 7.557274e+01 -6.427143e-04 9.999998e-01 -6.895691e-05 -4.978161e+00 2.174285e-02 8.291353e-05 9.997635e-01 7.993186e+01
9.998383e-01 -7.093678e-04 1.796882e-02 7.632907e+01 7.059762e-04 9.999997e-01 1.950000e-04 -5.009536e+00 -1.796906e-02 -1.822813e-04 9.998386e-01 8.008009e+01
9.998178e-01 6.918516e-04 -1.907148e-02 7.713530e+01 -6.944265e-04 9.999998e-01 -1.284749e-04 -5.043605e+00 1.907149e-02 1.416938e-04 9.998181e-01 8.027845e+01
9.998435e-01 -7.764285e-04 1.767883e-02 7.845529e+01 7.713832e-04 9.999997e-01 2.921130e-04 -5.092716e+00 -1.767916e-02 -2.784285e-04 9.998437e-01 8.041278e+01
9.998600e-01 7.458563e-04 -1.671163e-02 7.989382e+01 -7.487493e-04 9.999997e-01 -1.669487e-04 -5.146679e+00 1.671160e-02 1.794367e-04 9.998603e-01 8.059772e+01
9.997509e-01 -6.710321e-04 2.231273e-02 8.173860e+01 6.661193e-04 9.999998e-01 2.275406e-04 -5.211513e+00 -2.231298e-02 -2.126194e-04 9.997511e-01 8.070111e+01
9.997816e-01 6.332988e-04 -2.088634e-02 8.350684e+01 -6.345601e-04 9.999998e-01 -5.383801e-05 -5.275191e+00 2.088641e-02 6.707845e-05 9.997818e-01 8.084520e+01
9.997903e-01 -7.172399e-04 2.046665e-02 8.479429e+01 7.135935e-04 9.999997e-01 1.853880e-04 -5.322735e+00 -2.046687e-02 -1.707428e-04 9.997906e-01 8.096520e+01
9.996788e-01 5.739870e-04 -2.533315e-02 8.552726e+01 -5.751731e-04 9.999998e-01 -3.959770e-05 -5.353281e+00 2.533323e-02 5.415448e-05 9.996790e-01 8.111234e+01
9.997198e-01 -7.491299e-04 2.365992e-02 8.675831e+01 7.448816e-04 9.999997e-01 1.883015e-04 -5.397469e+00 -2.366016e-02 -1.706233e-04 9.997201e-01 8.119650e+01
9.998510e-01 8.398551e-04 -1.723803e-02 8.884346e+01 -8.413450e-04 9.999996e-01 -7.926595e-05 -5.469677e+00 1.723806e-02 9.375584e-05 9.998514e-01 8.130362e+01
9.998599e-01 -9.151623e-04 1.671389e-02 8.991019e+01 9.126071e-04 9.999996e-01 1.604146e-04 -5.509937e+00 -1.671413e-02 -1.451373e-04 9.998603e-01 8.142040e+01
9.998438e-01 8.023074e-04 -1.765467e-02 9.071688e+01 -8.046512e-04 9.999997e-01 -1.257489e-04 -5.539875e+00 1.765466e-02 1.399337e-04 9.998441e-01 8.147440e+01
9.998349e-01 -9.165195e-04 1.815020e-02 9.229796e+01 9.112664e-04 9.999995e-01 2.976065e-04 -5.595405e+00 -1.815056e-02 -2.810161e-04 9.998353e-01 8.156708e+01
9.998166e-01 7.271650e-04 -1.913326e-02 9.416496e+01 -7.274826e-04 9.999997e-01 -9.722894e-06 -5.660832e+00 1.913335e-02 2.363879e-05 9.998169e-01 8.169462e+01
9.998478e-01 -9.779844e-04 1.742033e-02 9.627121e+01 9.717986e-04 9.999995e-01 3.634665e-04 -5.733557e+00 -1.742078e-02 -3.464806e-04 9.998482e-01 8.181096e+01
9.998024e-01 6.736641e-04 -1.986644e-02 9.854115e+01 -6.730729e-04 9.999998e-01 3.636307e-05 -5.809234e+00 1.986656e-02 -2.298576e-05 9.998026e-01 8.183326e+01
9.998609e-01 -1.019263e-03 1.664776e-02 1.007393e+02 1.013845e-03 9.999994e-01 3.337769e-04 -5.880532e+00 -1.664819e-02 -3.168507e-04 9.998614e-01 8.175980e+01
9.997897e-01 6.672244e-04 -2.049546e-02 1.028389e+02 -6.666959e-04 9.999998e-01 3.254390e-05 -5.949700e+00 2.049558e-02 -1.887425e-05 9.997899e-01 8.172890e+01
9.998439e-01 -9.870965e-04 1.764370e-02 1.051419e+02 9.805081e-04 9.999994e-01 3.819742e-04 -6.027616e+00 -1.764416e-02 -3.646132e-04 9.998443e-01 8.179742e+01
9.998084e-01 6.880499e-04 -1.956154e-02 1.077597e+02 -6.865253e-04 9.999998e-01 8.457604e-05 -6.115731e+00 1.956169e-02 -7.113178e-05 9.998086e-01 8.186896e+01
9.998816e-01 -9.734021e-04 1.535932e-02 1.094443e+02 9.698067e-04 9.999995e-01 2.414384e-04 -6.178787e+00 -1.535965e-02 -2.265127e-04 9.998821e-01 8.213719e+01
9.998162e-01 7.001920e-04 -1.915424e-02 1.112426e+02 -6.983391e-04 9.999998e-01 1.033463e-04 -6.244564e+00 1.915441e-02 -8.995259e-05 9.998165e-01 8.237339e+01
9.998218e-01 -9.215144e-04 1.885929e-02 1.138762e+02 9.156033e-04 9.999995e-01 3.219846e-04 -6.334857e+00 -1.885968e-02 -3.046580e-04 9.998221e-01 8.250696e+01
9.998095e-01 7.090503e-04 -1.950476e-02 1.165048e+02 -7.067634e-04 9.999997e-01 1.240687e-04 -6.425996e+00 1.950494e-02 -1.102612e-04 9.998097e-01 8.267596e+01
9.998302e-01 -9.860778e-04 1.840198e-02 1.194995e+02 9.789980e-04 9.999994e-01 3.936523e-04 -6.527095e+00 -1.840246e-02 -3.755685e-04 9.998306e-01 8.276566e+01
9.998381e-01 7.750760e-04 -1.797622e-02 1.222701e+02 -7.746546e-04 9.999997e-01 3.032309e-05 -6.619545e+00 1.797634e-02 -1.639421e-05 9.998384e-01 8.280036e+01
9.998931e-01 -1.085655e-03 1.458286e-02 1.243990e+02 1.080546e-03 9.999994e-01 3.580793e-04 -6.692368e+00 -1.458333e-02 -3.422821e-04 9.998937e-01 8.287832e+01
9.997744e-01 7.399069e-04 -2.122351e-02 1.261898e+02 -7.393502e-04 9.999997e-01 3.400585e-05 -6.756596e+00 2.122363e-02 -1.830796e-05 9.997747e-01 8.303031e+01
9.998614e-01 -1.104665e-03 1.661320e-02 1.283363e+02 1.098656e-03 9.999993e-01 3.707707e-04 -6.830768e+00 -1.661370e-02 -3.524656e-04 9.998620e-01 8.314452e+01
9.998549e-01 9.137056e-04 -1.700685e-02 1.306466e+02 -9.138830e-04 9.999996e-01 -2.744795e-06 -6.911018e+00 1.700694e-02 1.828529e-05 9.998553e-01 8.329278e+01
9.999114e-01 -1.233502e-03 1.325999e-02 1.326784e+02 1.228517e-03 9.999992e-01 3.839728e-04 -6.982662e+00 -1.326055e-02 -3.676471e-04 9.999121e-01 8.345933e+01
9.998503e-01 9.059457e-04 -1.727451e-02 1.346515e+02 -9.064636e-04 9.999996e-01 -2.223412e-05 -7.051430e+00 1.727459e-02 3.788813e-05 9.998507e-01 8.358744e+01
9.998709e-01 -1.160861e-03 1.603000e-02 1.371547e+02 1.153866e-03 9.999992e-01 4.455423e-04 -7.137138e+00 -1.603061e-02 -4.269868e-04 9.998715e-01 8.370626e+01
9.998635e-01 9.302968e-04 -1.649501e-02 1.398929e+02 -9.303426e-04 9.999996e-01 4.811155e-06 -7.229708e+00 1.649511e-02 1.053415e-05 9.998639e-01 8.378888e+01
9.998986e-01 -1.236728e-03 1.419289e-02 1.425887e+02 1.229871e-03 9.999991e-01 4.917494e-04 -7.321947e+00 -1.419358e-02 -4.742426e-04 9.998992e-01 8.391912e+01
9.998538e-01 9.319042e-04 -1.706831e-02 1.450904e+02 -9.321286e-04 9.999996e-01 -5.275910e-06 -7.408948e+00 1.706839e-02 2.118365e-05 9.998543e-01 8.409564e+01
9.999010e-01 -1.255251e-03 1.401581e-02 1.476618e+02 1.248276e-03 9.999991e-01 5.062610e-04 -7.498666e+00 -1.401653e-02 -4.887138e-04 9.999017e-01 8.429222e+01
9.998665e-01 9.556257e-04 -1.630638e-02 1.503896e+02 -9.556195e-04 9.999995e-01 8.083071e-06 -7.592677e+00 1.630648e-02 7.499372e-06 9.998670e-01 8.445613e+01
9.999278e-01 -1.238697e-03 1.195525e-02 1.522001e+02 1.234428e-03 9.999992e-01 3.642925e-04 -7.660925e+00 -1.195579e-02 -3.495068e-04 9.999285e-01 8.476946e+01
9.998203e-01 1.000440e-03 -1.892606e-02 1.536114e+02 -9.995101e-04 9.999995e-01 5.849658e-05 -7.720277e+00 1.892620e-02 -3.957061e-05 9.998208e-01 8.522463e+01
9.999012e-01 -1.311390e-03 1.400226e-02 1.554842e+02 1.307047e-03 9.999991e-01 3.192190e-04 -7.788723e+00 -1.400276e-02 -3.008843e-04 9.999020e-01 8.545671e+01
9.998613e-01 1.025490e-03 -1.661800e-02 1.577796e+02 -1.023828e-03 9.999995e-01 1.084543e-04 -7.867991e+00 1.661820e-02 -9.142666e-05 9.998619e-01 8.558752e+01
9.999133e-01 -1.326566e-03 1.310782e-02 1.598599e+02 1.323099e-03 9.999991e-01 2.730650e-04 -7.939785e+00 -1.310827e-02 -2.556969e-04 9.999141e-01 8.568534e+01
9.998669e-01 1.046955e-03 -1.628049e-02 1.617142e+02 -1.046338e-03 9.999995e-01 4.634632e-05 -8.002827e+00 1.628063e-02 -2.930657e-05 9.998674e-01 8.572269e+01
9.999032e-01 -1.309711e-03 1.385880e-02 1.636042e+02 1.306214e-03 9.999991e-01 2.612953e-04 -8.066589e+00 -1.385923e-02 -2.431660e-04 9.999040e-01 8.574766e+01
9.998736e-01 1.050140e-03 -1.586114e-02 1.656908e+02 -1.048921e-03 9.999994e-01 8.509215e-05 -8.136166e+00 1.586132e-02 -6.844563e-05 9.998741e-01 8.575455e+01
9.998978e-01 -1.308213e-03 1.423668e-02 1.679368e+02 1.304404e-03 9.999991e-01 2.767135e-04 -8.211087e+00 -1.423713e-02 -2.581133e-04 9.998987e-01 8.576637e+01
9.998187e-01 9.591664e-04 -1.901432e-02 1.698787e+02 -9.577173e-04 9.999995e-01 8.524664e-05 -8.276121e+00 1.901449e-02 -6.702216e-05 9.998192e-01 8.576141e+01
9.999129e-01 -1.297037e-03 1.313903e-02 1.715648e+02 1.294066e-03 9.999991e-01 2.345074e-04 -8.334481e+00 -1.313942e-02 -2.174827e-04 9.999137e-01 8.580875e+01
9.998597e-01 9.918107e-04 -1.671854e-02 1.734293e+02 -9.904780e-04 9.999995e-01 8.791736e-05 -8.397788e+00 1.671871e-02 -7.134700e-05 9.998602e-01 8.584943e+01
