9.999985e-01 -1.246726e-05 -1.705942e-03 5.667025e-01 1.259133e-05 1.000000e+00 7.272600e-05 -2.954297e-02 1.705941e-03 -7.274786e-05 9.999986e-01 3.349324e-01
9.999938e-01 -8.005632e-05 -3.519050e-03 1.355520e+00 8.079209e-05 1.000000e+00 2.089358e-04 -7.172564e-02 3.519033e-03 -2.092183e-04 9.999937e-01 9.023707e-01
1.000000e+00 2.079206e-05 -1.325731e-04 2.098708e+00 -2.078608e-05 1.000000e+00 4.527796e-05 -1.147363e-01 1.325750e-04 -4.527574e-05 1.000000e+00 1.569477e+00
9.999998e-01 -4.064383e-05 -7.047371e-04 3.035973e+00 4.073620e-05 1.000000e+00 1.310277e-04 -1.604254e-01 7.047306e-04 -1.310558e-04 9.999996e-01 2.077411e+00
9.999963e-01 -1.779606e-05 -2.704981e-03 3.541987e+00 1.760655e-05 1.000000e+00 -7.007587e-05 -1.850918e-01 2.704984e-03 7.002742e-05 9.999964e-01 2.275942e+00
9.999935e-01 -2.415704e-05 -3.599823e-03 4.078315e+00 2.479282e-05 1.000000e+00 1.765641e-04 -2.086184e-01 3.599817e-03 -1.766517e-04 9.999934e-01 2.400719e+00
9.999731e-01 -2.883338e-05 -7.339708e-03 4.663936e+00 2.919650e-05 1.000000e+00 4.936975e-05 -2.340427e-01 7.339710e-03 -4.958331e-05 9.999732e-01 2.529809e+00
9.998812e-01 1.460963e-04 -1.541592e-02 4.660001e+00 -1.413383e-04 9.999999e-01 3.097320e-04 -2.345361e-01 1.541596e-02 -3.075157e-04 9.998810e-01 2.404584e+00
9.999977e-01 -7.011474e-05 2.134777e-03 4.863317e+00 7.014712e-05 1.000000e+00 -1.511542e-05 -2.533528e-01 -2.134769e-03 1.526447e-05 9.999978e-01 2.792982e+00
9.999270e-01 1.244962e-04 -1.208266e-02 5.086658e+00 -1.212612e-04 1.000000e+00 2.684637e-04 -2.745484e-01 1.208268e-02 -2.669782e-04 9.999269e-01 3.250298e+00
9.999215e-01 -5.671919e-05 1.252923e-02 5.538686e+00 6.001195e-05 1.000000e+00 -2.624349e-04 -3.026294e-01 -1.252921e-02 2.631655e-04 9.999216e-01 3.681331e+00
9.999270e-01 1.019004e-04 -1.208213e-02 6.072790e+00 -9.905884e-05 1.000000e+00 2.357844e-04 -3.292147e-01 1.208214e-02 -2.345697e-04 9.999269e-01 3.933831e+00
9.999969e-01 -1.369640e-04 2.482622e-03 6.141233e+00 1.373991e-04 1.000000e+00 -1.751104e-04 -3.336473e-01 -2.482589e-03 1.754503e-04 9.999970e-01 3.850670e+00
9.999486e-01 1.398850e-04 -1.013461e-02 6.017842e+00 -1.373735e-04 1.000000e+00 2.485111e-04 -3.407887e-01 1.013463e-02 -2.471055e-04 9.999485e-01 4.131132e+00
9.999236e-01 3.942015e-05 -1.235758e-02 5.991240e+00 -3.693534e-05 1.000000e+00 2.013090e-04 -3.491759e-01 1.235760e-02 -2.008379e-04 9.999237e-01 4.372034e+00
9.998998e-01 1.752294e-04 -1.415167e-02 6.121828e+00 -1.709130e-04 9.999999e-01 3.062178e-04 -3.561901e-01 1.415171e-02 -3.037676e-04 9.998997e-01 4.386232e+00
9.999139e-01 9.604913e-06 -1.312416e-02 6.260673e+00 -6.635004e-06 1.000000e+00 2.263431e-04 -3.633277e-01 1.312418e-02 -2.262374e-04 9.999139e-01 4.380557e+00
9.999464e-01 9.063773e-05 -1.035694e-02 6.203996e+00 -8.948976e-05 1.000000e+00 1.112940e-04 -3.589095e-01 1.035693e-02 -1.103604e-04 9.999463e-01 4.094909e+00
9.999735e-01 -3.177777e-05 -7.286533e-03 6.378348e+00 3.290736e-05 1.000000e+00 1.549189e-04 -3.628655e-01 7.286549e-03 -1.551555e-04 9.999735e-01 3.894041e+00
9.998497e-01 1.828463e-04 -1.733810e-02 6.720827e+00 -1.771134e-04 9.999999e-01 3.321848e-04 -3.741372e-01 1.733813e-02 -3.290631e-04 9.998495e-01 3.809059e+00
9.999993e-01 -7.979953e-05 -1.169610e-03 6.986763e+00 7.974290e-05 1.000000e+00 -4.834229e-05 -3.811765e-01 1.169639e-03 4.824802e-05 9.999994e-01 3.647593e+00
9.998418e-01 2.068183e-04 -1.778528e-02 6.973164e+00 -2.008541e-04 9.999999e-01 3.371220e-04 -3.813722e-01 1.778532e-02 -3.334954e-04 9.998417e-01 3.533891e+00
9.999954e-01 -1.052343e-04 -3.034530e-03 6.958562e+00 1.051228e-04 1.000000e+00 -3.686140e-05 -3.800533e-01 3.034563e-03 3.654121e-05 9.999955e-01 3.341389e+00
9.997097e-01 2.629792e-04 -2.409318e-02 7.085702e+00 -2.494595e-04 9.999998e-01 5.641395e-04 -3.879572e-01 2.409330e-02 -5.579644e-04 9.997095e-01 3.366032e+00
9.999972e-01 -1.279525e-04 2.348816e-03 7.309734e+00 1.282190e-04 1.000000e+00 -1.134048e-04 -4.030618e-01 -2.348767e-03 1.137046e-04 9.999973e-01 3.581636e+00
9.998608e-01 1.499591e-04 -1.668606e-02 7.538966e+00 -1.438101e-04 9.999999e-01 3.697004e-04 -4.183420e-01 1.668608e-02 -3.672482e-04 9.998606e-01 3.762475e+00
9.999703e-01 -9.214305e-05 -7.712534e-03 7.365722e+00 9.207449e-05 1.000000e+00 -9.213132e-06 -4.116398e-01 7.712572e-03 8.501574e-06 9.999704e-01 3.492211e+00
9.999695e-01 5.220870e-05 -7.806357e-03 7.575531e+00 -5.110526e-05 1.000000e+00 1.415195e-04 -4.154036e-01 7.806325e-03 -1.411150e-04 9.999694e-01 3.212174e+00
9.999832e-01 -3.150692e-04 5.788198e-03 7.490857e+00 3.175691e-04 9.999999e-01 -4.310379e-04 -3.965674e-01 -5.788022e-03 4.328677e-04 9.999833e-01 2.231283e+00
9.999839e-01 -1.995887e-04 -5.672336e-03 6.681545e+00 1.993986e-04 1.000000e+00 -3.411414e-05 -3.408518e-01 5.672303e-03 3.298364e-05 9.999838e-01 4.613106e-01
9.999814e-01 -4.663554e-04 6.075383e-03 5.563340e+00 4.694725e-04 9.999998e-01 -5.116857e-04 -2.671235e-01 -6.075104e-03 5.145274e-04 9.999815e-01 -1.763893e+00
9.999821e-01 -1.444103e-04 -5.987230e-03 4.626176e+00 1.443163e-04 1.000000e+00 -1.616051e-05 -1.997053e-01 5.987193e-03 1.529720e-05 9.999820e-01 -3.922829e+00
9.999836e-01 -4.871663e-04 5.710502e-03 3.562286e+00 4.900288e-04 9.999998e-01 -4.999100e-04 -1.300619e-01 -5.710219e-03 5.026991e-04 9.999837e-01 -6.030036e+00
9.999844e-01 3.999958e-05 -5.578897e-03 2.796993e+00 -3.953211e-05 1.000000e+00 8.386528e-05 -8.186833e-02 5.578861e-03 -8.364247e-05 9.999843e-01 -7.495466e+00
9.999800e-01 -5.941532e-04 6.302396e-03 1.818846e+00 5.976905e-04 9.999997e-01 -5.594313e-04 -2.057781e-02 -6.302023e-03 5.631860e-04 9.999801e-01 -9.313452e+00
9.999835e-01 -9.081719e-05 -5.749637e-03 6.004694e-01 9.097325e-05 1.000000e+00 2.684874e-05 5.518687e-02 5.749596e-03 -2.737047e-05 9.999834e-01 -1.151139e+01
9.999809e-01 -7.187549e-04 6.131866e-03 -8.758450e-01 7.225185e-04 9.999996e-01 -6.116294e-04 1.446920e-01 -6.131385e-03 6.160473e-04 9.999811e-01 -1.404170e+01
9.999811e-01 7.847773e-06 -6.144876e-03 -2.126303e+00 -7.391034e-06 1.000000e+00 7.432225e-05 2.224768e-01 6.144838e-03 -7.427462e-05 9.999810e-01 -1.630401e+01
9.999798e-01 -5.744198e-04 6.327830e-03 -3.059591e+00 5.780538e-04 9.999997e-01 -5.724998e-04 2.852011e-01 -6.327460e-03 5.761453e-04 9.999799e-01 -1.824480e+01
9.999856e-01 -1.322521e-04 -5.364764e-03 -4.267711e+00 1.322777e-04 1.000000e+00 4.389860e-06 3.640282e-01 5.364724e-03 -5.098701e-06 9.999855e-01 -2.058965e+01
9.999788e-01 -6.160964e-04 6.479088e-03 -5.552696e+00 6.200722e-04 9.999996e-01 -6.116725e-04 4.492426e-01 -6.478670e-03 6.156763e-04 9.999789e-01 -2.313638e+01
9.999874e-01 1.328871e-04 -5.024312e-03 -6.367326e+00 -1.322577e-04 1.000000e+00 1.255740e-04 5.064891e-01 5.024290e-03 -1.249072e-04 9.999873e-01 -2.494344e+01
9.999776e-01 -5.141940e-04 6.680772e-03 -6.959521e+00 5.181189e-04 9.999997e-01 -5.857974e-04 5.535154e-01 -6.680431e-03 5.892451e-04 9.999776e-01 -2.653728e+01
9.999866e-01 1.191580e-04 -5.179603e-03 -7.584012e+00 -1.184702e-04 1.000000e+00 1.330779e-04 6.007613e-01 5.179581e-03 -1.324619e-04 9.999865e-01 -2.810689e+01
9.999769e-01 -5.884052e-04 6.778648e-03 -8.314284e+00 5.927540e-04 9.999996e-01 -6.395680e-04 6.573687e-01 -6.778231e-03 6.435707e-04 9.999769e-01 -2.998204e+01
9.999811e-01 9.505226e-05 -6.153036e-03 -9.100428e+00 -9.413907e-05 1.000000e+00 1.486835e-04 7.149589e-01 6.153013e-03 -1.481009e-04 9.999810e-01 -3.184341e+01
9.999783e-01 -7.177016e-04 6.545544e-03 -1.017431e+01 7.221620e-04 9.999995e-01 -6.791231e-04 7.856448e-01 -6.545016e-03 6.838349e-04 9.999784e-01 -3.397458e+01
9.999782e-01 1.299625e-05 -6.598513e-03 -1.143219e+01 -1.206354e-05 1.000000e+00 1.413769e-04 8.639449e-01 6.598477e-03 -1.412938e-04 9.999781e-01 -3.624886e+01
9.999922e-01 -5.383154e-04 3.922906e-03 -1.242142e+01 5.403861e-04 9.999997e-01 -5.268384e-04 9.221185e-01 -3.922583e-03 5.289538e-04 9.999923e-01 -3.792253e+01
9.998612e-01 2.974463e-04 -1.666000e-02 -1.300468e+01 -2.892255e-04 9.999998e-01 4.958456e-04 9.536264e-01 1.666010e-02 -4.909578e-04 9.998610e-01 -3.885357e+01
9.999913e-01 -4.198910e-04 -4.162328e-03 -1.344730e+01 4.184394e-04 9.999999e-01 -3.495913e-04 9.787723e-01 4.162515e-03 3.478462e-04 9.999914e-01 -3.964892e+01
9.997737e-01 4.596895e-04 -2.126655e-02 -1.354783e+01 -4.438520e-04 9.999996e-01 7.494218e-04 9.862342e-01 2.126684e-02 -7.398126e-04 9.997735e-01 -4.005076e+01
9.999430e-01 -2.915439e-04 -1.067622e-02 -1.346934e+01 2.898673e-04 9.999999e-01 -1.585753e-04 9.842127e-01 1.067631e-02 1.554711e-04 9.999431e-01 -4.022353e+01
9.998604e-01 3.756030e-04 -1.670297e-02 -1.342601e+01 -3.649116e-04 9.999997e-01 6.431235e-04 9.849307e-01 1.670316e-02 -6.369381e-04 9.998602e-01 -4.049588e+01
9.998986e-01 -2.097080e-04 -1.423756e-02 -1.322247e+01 2.093553e-04 1.000000e+00 -2.625564e-05 9.783569e-01 1.423762e-02 2.327168e-05 9.998987e-01 -4.062178e+01
9.998103e-01 4.030383e-04 -1.947285e-02 -1.294926e+01 -3.880713e-04 9.999996e-01 7.723734e-04 9.669191e-01 1.947310e-02 -7.646694e-04 9.998100e-01 -4.062125e+01
9.999124e-01 -2.145189e-04 -1.323313e-02 -1.259409e+01 2.141557e-04 1.000000e+00 -2.884299e-05 9.515263e-01 1.323319e-02 2.600579e-05 9.999125e-01 -4.056165e+01
9.997990e-01 3.964463e-04 -2.004352e-02 -1.229039e+01 -3.811410e-04 9.999996e-01 7.674082e-04 9.388244e-01 2.004376e-02 -7.596138e-04 9.997987e-01 -4.055105e+01
9.998991e-01 -1.984687e-04 -1.420593e-02 -1.200091e+01 1.982651e-04 1.000000e+00 -1.571898e-05 9.273549e-01 1.420599e-02 1.290002e-05 9.998992e-01 -4.057342e+01
9.996195e-01 5.271897e-04 -2.757792e-02 -1.171505e+01 -4.981831e-04 9.999993e-01 1.058653e-03 9.126155e-01 2.757839e-02 -1.044510e-03 9.996190e-01 -4.043177e+01
9.999184e-01 -2.208584e-04 -1.277412e-02 -1.140502e+01 2.199619e-04 1.000000e+00 -7.155328e-05 8.972251e-01 1.277420e-02 6.873665e-05 9.999185e-01 -4.029957e+01
9.993035e-01 6.308422e-04 -3.730957e-02 -1.109352e+01 -5.797576e-04 9.999989e-01 1.380003e-03 8.801051e-01 3.731032e-02 -1.357410e-03 9.993027e-01 -4.008689e+01
9.999059e-01 -1.479709e-04 -1.372208e-02 -1.086855e+01 1.467189e-04 1.000000e+00 -9.220822e-05 8.658658e-01 1.372217e-02 9.018511e-05 9.999059e-01 -3.987139e+01
9.993539e-01 5.984711e-04 -3.593565e-02 -1.067353e+01 -5.498445e-04 9.999989e-01 1.363010e-03 8.521225e-01 3.593635e-02 -1.342369e-03 9.993531e-01 -3.964211e+01
9.999873e-01 -2.057601e-04 -5.047628e-03 -1.048600e+01 2.037416e-04 9.999999e-01 -4.002657e-04 8.395250e-01 5.047791e-03 3.992309e-04 9.999873e-01 -3.945296e+01
9.995261e-01 4.736641e-04 -3.077969e-02 -1.027866e+01 -4.355578e-04 9.999991e-01 1.244706e-03 8.268747e-01 3.078017e-02 -1.230709e-03 9.995253e-01 -3.930842e+01
9.998448e-01 1.817082e-05 -1.761828e-02 -1.014256e+01 -1.833543e-05 1.000000e+00 -9.137877e-06 8.134971e-01 1.761836e-02 9.458144e-06 9.998449e-01 -3.901239e+01
9.995039e-01 4.359427e-04 -3.149019e-02 -1.003368e+01 -3.974382e-04 9.999992e-01 1.228968e-03 8.019303e-01 3.149061e-02 -1.215841e-03 9.995032e-01 -3.876499e+01
9.998710e-01 2.844032e-05 -1.606378e-02 -9.955984e+00 -2.974407e-05 1.000000e+00 -8.086398e-05 7.919323e-01 1.606387e-02 8.132990e-05 9.998710e-01 -3.854244e+01
9.996581e-01 3.293250e-04 -2.614431e-02 -9.883769e+00 -3.017994e-04 9.999994e-01 1.056737e-03 7.836739e-01 2.614455e-02 -1.048484e-03 9.996576e-01 -3.839875e+01
9.998892e-01 1.254132e-06 -1.488806e-02 -9.930320e+00 -4.758263e-06 1.000000e+00 -2.352588e-04 7.846803e-01 1.488815e-02 2.353021e-04 9.998892e-01 -3.851314e+01
9.999933e-01 8.599566e-05 -3.651907e-03 -1.005176e+01 -8.411750e-05 9.999999e-01 5.141577e-04 7.888085e-01 3.651857e-03 -5.138456e-04 9.999931e-01 -3.869298e+01
9.999498e-01 1.566242e-04 -1.002673e-02 -9.886865e+00 -1.585703e-04 1.000000e+00 -1.931803e-04 7.728947e-01 1.002680e-02 1.947590e-04 9.999498e-01 -3.836977e+01
9.994369e-01 3.349946e-04 -3.355059e-02 -9.904539e+00 -2.918231e-04 9.999991e-01 1.291614e-03 7.649333e-01 3.355089e-02 -1.281095e-03 9.994361e-01 -3.810556e+01
9.997936e-01 -1.379526e-04 2.031651e-02 -9.819645e+00 1.585300e-04 9.999995e-01 -1.011295e-03 7.504082e-01 -2.031626e-02 1.014305e-03 9.997932e-01 -3.772405e+01
9.999665e-01 5.998241e-04 8.164944e-03 -9.637379e+00 -6.009712e-04 9.999998e-01 1.381703e-04 7.310441e-01 -8.164956e-03 -1.430712e-04 9.999666e-01 -3.726906e+01
9.997868e-01 -1.481596e-04 2.064820e-02 -9.396652e+00 1.687561e-04 9.999995e-01 -9.958113e-04 7.097871e-01 -2.064795e-02 9.990821e-04 9.997864e-01 -3.681260e+01
9.999185e-01 6.339646e-04 1.275163e-02 -9.117835e+00 -6.334001e-04 9.999998e-01 -4.822878e-05 6.924001e-01 -1.275175e-02 4.014926e-05 9.999186e-01 -3.657527e+01
9.999105e-01 -2.412744e-04 1.338001e-02 -8.653956e+00 2.511988e-04 9.999997e-01 -7.401245e-04 6.682975e-01 -1.337974e-02 7.434180e-04 9.999103e-01 -3.630415e+01
9.999367e-01 6.248499e-04 1.123353e-02 -8.187036e+00 -6.249666e-04 9.999998e-01 6.956809e-06 6.417579e-01 -1.123362e-02 -1.397578e-05 9.999368e-01 -3.593829e+01
9.999825e-01 -3.466209e-04 5.906670e-03 -7.656105e+00 3.494897e-04 9.999998e-01 -4.847956e-04 6.110300e-01 -5.906410e-03 4.868502e-04 9.999825e-01 -3.549668e+01
9.999866e-01 5.699650e-04 5.130639e-03 -7.165568e+00 -5.708926e-04 9.999998e-01 1.794948e-04 5.811161e-01 -5.130626e-03 -1.824203e-04 9.999868e-01 -3.503494e+01
9.999995e-01 -4.307504e-04 -9.155615e-04 -6.691179e+00 4.305077e-04 9.999999e-01 -2.644937e-04 5.504282e-01 9.157656e-04 2.640982e-04 9.999996e-01 -3.452730e+01
9.999352e-01 6.737815e-04 1.135774e-02 -6.302347e+00 -6.738977e-04 9.999998e-01 6.467051e-06 5.196927e-01 -1.135782e-02 -1.411951e-05 9.999354e-01 -3.388767e+01
9.999468e-01 -3.168963e-04 1.031314e-02 -6.044632e+00 3.233396e-04 9.999998e-01 -6.231761e-04 4.945861e-01 -1.031285e-02 6.264765e-04 9.999467e-01 -3.330196e+01
9.999965e-01 5.021398e-04 -2.569030e-03 -5.802648e+00 -5.011297e-04 9.999998e-01 3.935630e-04 4.715953e-01 2.569138e-03 -3.922733e-04 9.999965e-01 -3.279377e+01
9.999955e-01 -4.419488e-04 -2.984181e-03 -5.589762e+00 4.412291e-04 9.999999e-01 -2.416320e-04 4.492673e-01 2.984377e-03 2.403131e-04 9.999956e-01 -3.228411e+01
9.999419e-01 5.603377e-04 -1.075927e-02 -5.476290e+00 -5.538912e-04 9.999997e-01 6.020699e-04 4.302852e-01 1.075951e-02 -5.960745e-04 9.999419e-01 -3.177835e+01
9.997813e-01 -2.046198e-04 -2.091379e-02 -5.433760e+00 2.089510e-04 1.000000e+00 2.049427e-04 4.164686e-01 2.091384e-02 -2.092689e-04 9.997813e-01 -3.136339e+01
9.999089e-01 5.878713e-04 -1.348489e-02 -5.367184e+00 -5.785157e-04 9.999996e-01 6.976178e-04 4.018965e-01 1.348520e-02 -6.897519e-04 9.999088e-01 -3.093825e+01
9.998143e-01 -2.614413e-04 -1.926937e-02 -5.124445e+00 2.642528e-04 1.000000e+00 1.434012e-04 3.850372e-01 1.926942e-02 -1.484677e-04 9.998144e-01 -3.064971e+01
9.999709e-01 4.952658e-04 -7.605638e-03 -4.794548e+00 -4.908875e-04 9.999997e-01 5.774167e-04 3.637655e-01 7.605828e-03 -5.736652e-04 9.999708e-01 -3.029677e+01
9.997286e-01 -1.701219e-04 -2.329723e-02 -4.616992e+00 1.752389e-04 1.000000e+00 2.176375e-04 3.477481e-01 2.329728e-02 -2.216622e-04 9.997286e-01 -2.996268e+01
9.999856e-01 4.767961e-04 -5.347874e-03 -4.504698e+00 -4.741086e-04 9.999998e-01 5.036089e-04 3.329041e-01 5.348016e-03 -5.010650e-04 9.999855e-01 -2.958367e+01
9.997207e-01 -1.634118e-04 -2.363367e-02 -4.326777e+00 1.696675e-04 1.000000e+00 2.627306e-04 3.145405e-01 2.363373e-02 -2.666683e-04 9.997207e-01 -2.914429e+01
9.999988e-01 3.802308e-04 1.483059e-03 -4.152929e+00 -3.806868e-04 9.999999e-01 3.079098e-04 2.959747e-01 -1.483039e-03 -3.084728e-04 9.999988e-01 -2.870129e+01
9.999608e-01 -3.399971e-04 -8.855317e-03 -3.755621e+00 3.388650e-04 9.999999e-01 -1.292248e-04 2.717271e-01 8.855458e-03 1.262177e-04 9.999608e-01 -2.835369e+01
9.999798e-01 3.688595e-04 6.333004e-03 -3.259273e+00 -3.701333e-04 9.999999e-01 2.001334e-04 2.445769e-01 -6.333027e-03 -2.024722e-04 9.999799e-01 -2.802936e+01
9.999751e-01 -3.317485e-04 -7.059998e-03 -2.820497e+00 3.304442e-04 9.999999e-01 -1.857638e-04 2.186544e-01 7.060157e-03 1.834249e-04 9.999751e-01 -2.767239e+01
9.999720e-01 3.923924e-04 7.468230e-03 -2.389230e+00 -3.939469e-04 9.999999e-01 2.068147e-04 1.899710e-01 -7.468246e-03 -2.097497e-04 9.999720e-01 -2.718585e+01
9.999705e-01 -3.807744e-04 -7.681582e-03 -1.804247e+00 3.793046e-04 9.999999e-01 -1.926614e-04 1.603889e-01 7.681753e-03 1.897407e-04 9.999705e-01 -2.687513e+01
9.999761e-01 4.106108e-04 6.900903e-03 -1.381115e+00 -4.123882e-04 9.999999e-01 2.562790e-04 1.312778e-01 -6.900895e-03 -2.591175e-04 9.999761e-01 -2.635810e+01
9.999801e-01 -3.594839e-04 -6.309013e-03 -8.431232e-01 3.579546e-04 9.999999e-01 -2.433696e-04 1.008438e-01 6.309198e-03 2.411052e-04 9.999801e-01 -2.594439e+01
9.999799e-01 3.888793e-04 6.314470e-03 -2.667801e-01 -3.905912e-04 9.999999e-01 2.700430e-04 7.031999e-02 -6.314461e-03 -2.725027e-04 9.999800e-01 -2.558252e+01
9.999734e-01 -3.762117e-04 -7.286385e-03 2.893526e-01 3.745643e-04 9.999999e-01 -2.273106e-04 4.103844e-02 7.286567e-03 2.245740e-04 9.999735e-01 -2.524771e+01
9.999744e-01 3.937156e-04 7.140431e-03 8.671084e-01 -3.954307e-04 9.999999e-01 2.389348e-04 1.185311e-02 -7.140434e-03 -2.417510e-04 9.999744e-01 -2.494553e+01
9.999792e-01 -3.461703e-04 -6.445362e-03 1.387284e+00 3.446761e-04 9.999999e-01 -2.327667e-04 -1.766611e-02 6.445540e-03 2.305390e-04 9.999793e-01 -2.454388e+01
9.999689e-01 4.232682e-04 7.873452e-03 1.795106e+00 -4.248048e-04 9.999999e-01 1.936290e-04 -4.363680e-02 -7.873467e-03 -1.969664e-04 9.999689e-01 -2.413814e+01
9.999820e-01 -3.270063e-04 -5.992449e-03 2.160953e+00 3.256191e-04 9.999999e-01 -2.322974e-04 -7.006096e-02 5.992622e-03 2.303407e-04 9.999821e-01 -2.365169e+01
9.999634e-01 4.316845e-04 8.537083e-03 2.685361e+00 -4.335242e-04 9.999999e-01 2.137605e-04 -1.022670e-01 -8.537087e-03 -2.174525e-04 9.999635e-01 -2.314029e+01
9.999837e-01 -3.265556e-04 -5.715493e-03 3.274496e+00 3.251946e-04 9.999999e-01 -2.388668e-04 -1.355681e-01 5.715668e-03 2.370030e-04 9.999837e-01 -2.267500e+01
9.999752e-01 3.730974e-04 7.031326e-03 4.011893e+00 -3.747537e-04 9.999999e-01 2.343852e-04 -1.696499e-01 -7.031335e-03 -2.370132e-04 9.999752e-01 -2.238507e+01
9.999894e-01 -2.925908e-04 -4.596273e-03 4.620337e+00 2.913421e-04 9.999999e-01 -2.721312e-04 -2.016133e-01 4.596450e-03 2.707880e-04 9.999895e-01 -2.200416e+01
9.999633e-01 4.284531e-04 8.551653e-03 5.049848e+00 -4.302203e-04 9.999999e-01 2.049247e-04 -2.319797e-01 -8.551661e-03 -2.085951e-04 9.999634e-01 -2.143970e+01
9.999973e-01 -2.401722e-04 -2.340441e-03 5.496001e+00 2.394149e-04 9.999999e-01 -3.233955e-04 -2.639815e-01 2.340615e-03 3.228330e-04 9.999973e-01 -2.082443e+01
9.999929e-01 3.251517e-04 3.742609e-03 5.970215e+00 -3.264148e-04 9.999999e-01 3.371176e-04 -2.948202e-01 -3.742596e-03 -3.383357e-04 9.999929e-01 -2.030296e+01
9.999998e-01 -2.170098e-04 -6.544149e-04 6.542070e+00 2.167586e-04 9.999999e-01 -3.824411e-04 -3.270679e-01 6.545949e-04 3.822980e-04 9.999998e-01 -1.985643e+01
9.999734e-01 3.878004e-04 7.275781e-03 7.021628e+00 -3.894117e-04 9.999999e-01 2.201707e-04 -3.575798e-01 -7.275792e-03 -2.229970e-04 9.999734e-01 -1.935371e+01
9.999953e-01 -2.483693e-04 -3.058614e-03 7.414893e+00 2.474031e-04 9.999999e-01 -3.159574e-04 -3.858249e-01 3.058789e-03 3.151980e-04 9.999953e-01 -1.882916e+01
9.999865e-01 3.589252e-04 5.174368e-03 7.744618e+00 -3.603942e-04 9.999999e-01 2.831527e-04 -4.127934e-01 -5.174363e-03 -2.850126e-04 9.999865e-01 -1.827661e+01
9.999990e-01 -1.990550e-04 1.438056e-03 8.228473e+00 1.996999e-04 9.999999e-01 -4.490166e-04 -4.428822e-01 -1.437870e-03 4.493022e-04 9.999989e-01 -1.779847e+01
9.999619e-01 4.069704e-04 8.710697e-03 8.816238e+00 -4.085140e-04 9.999999e-01 1.755197e-04 -4.737750e-01 -8.710721e-03 -1.790703e-04 9.999620e-01 -1.742978e+01
9.999782e-01 -3.215438e-04 -6.598964e-03 9.365347e+00 3.201955e-04 9.999999e-01 -2.052379e-04 -5.045854e-01 6.599125e-03 2.031193e-04 9.999783e-01 -1.701787e+01
9.999736e-01 3.695791e-04 7.255240e-03 9.905369e+00 -3.711343e-04 9.999999e-01 2.131330e-04 -5.344314e-01 -7.255257e-03 -2.158189e-04 9.999736e-01 -1.663555e+01
9.999997e-01 -2.161747e-04 -7.655989e-04 1.048192e+01 2.158977e-04 9.999999e-01 -3.607060e-04 -5.671106e-01 7.657728e-04 3.605395e-04 9.999997e-01 -1.617564e+01
9.999731e-01 3.929387e-04 7.323752e-03 1.105228e+01 -3.946726e-04 9.999999e-01 2.354131e-04 -6.014818e-01 -7.323754e-03 -2.382962e-04 9.999731e-01 -1.563537e+01
9.999997e-01 -1.875684e-04 8.023868e-04 1.152792e+01 1.878958e-04 9.999999e-01 -4.090693e-04 -6.343440e-01 -8.022143e-04 4.092189e-04 9.999997e-01 -1.502448e+01
9.999967e-01 2.957827e-04 2.541152e-03 1.204409e+01 -2.966354e-04 9.999999e-01 3.355185e-04 -6.640717e-01 -2.541148e-03 -3.362702e-04 9.999967e-01 -1.460872e+01
1.000000e+00 -2.074092e-04 2.262118e-04 1.260624e+01 2.075002e-04 9.999999e-01 -4.059737e-04 -6.936449e-01 -2.260322e-04 4.060196e-04 1.000000e+00 -1.426510e+01
9.999987e-01 2.801208e-04 1.572452e-03 1.323431e+01 -2.807416e-04 9.999999e-01 3.950597e-04 -7.264757e-01 -1.572437e-03 -3.954996e-04 9.999986e-01 -1.387385e+01
1.000000e+00 -2.226642e-04 -4.501122e-05 1.395438e+01 2.226459e-04 9.999999e-01 -3.887254e-04 -7.618633e-01 4.519309e-05 3.887143e-04 1.000000e+00 -1.350107e+01
9.999707e-01 3.815628e-04 7.643144e-03 1.477834e+01 -3.832269e-04 9.999999e-01 2.163612e-04 -8.001905e-01 -7.643156e-03 -2.192829e-04 9.999707e-01 -1.314112e+01
9.999619e-01 -1.153662e-04 8.735723e-03 1.551608e+01 1.211846e-04 9.999998e-01 -6.656057e-04 -8.345702e-01 -8.735549e-03 6.666380e-04 9.999617e-01 -1.282289e+01
9.999625e-01 4.148464e-04 8.648297e-03 1.623692e+01 -4.165474e-04 9.999999e-01 1.949628e-04 -8.697019e-01 -8.648309e-03 -1.985569e-04 9.999625e-01 -1.245122e+01
9.999999e-01 -2.347881e-04 -4.756389e-04 1.694468e+01 2.346021e-04 9.999999e-01 -3.894281e-04 -9.048458e-01 4.758240e-04 3.893155e-04 9.999999e-01 -1.206461e+01
9.999696e-01 3.923699e-04 7.787287e-03 1.761917e+01 -3.938984e-04 9.999999e-01 1.948365e-04 -9.379100e-01 -7.787303e-03 -1.978971e-04 9.999696e-01 -1.172389e+01
1.000000e+00 -2.209209e-04 2.646936e-04 1.831739e+01 2.210248e-04 9.999999e-01 -3.952157e-04 -9.724705e-01 -2.645131e-04 3.952732e-04 1.000000e+00 -1.135046e+01
9.999645e-01 4.123364e-04 8.407860e-03 1.904031e+01 -4.139975e-04 9.999999e-01 1.959044e-04 -1.009462e+00 -8.407872e-03 -1.993775e-04 9.999646e-01 -1.090353e+01
9.999991e-01 -2.481270e-04 -1.331787e-03 1.992189e+01 2.476918e-04 9.999999e-01 -3.265060e-04 -1.050699e+00 1.331961e-03 3.261749e-04 9.999991e-01 -1.049192e+01
9.999898e-01 3.470854e-04 4.502601e-03 2.067812e+01 -3.484814e-04 9.999999e-01 3.093961e-04 -1.088562e+00 -4.502585e-03 -3.109612e-04 9.999897e-01 -1.005439e+01
9.999999e-01 -2.172109e-04 3.800362e-04 2.130944e+01 2.173623e-04 9.999999e-01 -3.999301e-04 -1.122788e+00 -3.798570e-04 4.000118e-04 9.999999e-01 -9.601153e+00
9.999780e-01 3.715155e-04 6.621864e-03 2.207881e+01 -3.730337e-04 9.999999e-01 2.281258e-04 -1.158886e+00 -6.621870e-03 -2.305901e-04 9.999780e-01 -9.261622e+00
1.000000e+00 -2.143990e-04 1.065642e-05 2.277930e+01 2.144024e-04 9.999999e-01 -3.799603e-04 -1.193844e+00 -1.048321e-05 3.799617e-04 1.000000e+00 -8.868379e+00
9.999559e-01 4.394946e-04 9.372966e-03 2.331053e+01 -4.411178e-04 9.999999e-01 1.711724e-04 -1.228281e+00 -9.372981e-03 -1.752986e-04 9.999560e-01 -8.264774e+00
1.000000e+00 -2.188358e-04 -2.559959e-04 2.389925e+01 2.187431e-04 9.999999e-01 -3.601417e-04 -1.264571e+00 2.561657e-04 3.600849e-04 1.000000e+00 -7.662092e+00
9.999940e-01 3.199274e-04 3.440900e-03 2.469015e+01 -3.211592e-04 9.999999e-01 3.576087e-04 -1.304493e+00 -3.440876e-03 -3.587109e-04 9.999939e-01 -7.185848e+00
9.999995e-01 -2.518414e-04 -9.994215e-04 2.559999e+01 2.515111e-04 9.999999e-01 -3.300645e-04 -1.346793e+00 9.995952e-04 3.298122e-04 9.999995e-01 -6.771684e+00
9.999964e-01 3.069409e-04 2.643288e-03 2.646154e+01 -3.079615e-04 9.999999e-01 3.859080e-04 -1.388476e+00 -2.643260e-03 -3.867199e-04 9.999964e-01 -6.321773e+00
1.000000e+00 -2.250768e-04 1.344486e-04 2.731569e+01 2.251273e-04 9.999999e-01 -3.798558e-04 -1.429438e+00 -1.342725e-04 3.798853e-04 1.000000e+00 -5.892237e+00
9.999972e-01 2.847751e-04 2.338017e-03 2.831907e+01 -2.856525e-04 9.999999e-01 3.751855e-04 -1.471836e+00 -2.338000e-03 -3.758515e-04 9.999971e-01 -5.606310e+00
1.000000e+00 -2.161954e-04 1.831335e-04 2.919268e+01 2.162657e-04 9.999999e-01 -3.867027e-04 -1.510763e+00 -1.829595e-04 3.867416e-04 1.000000e+00 -5.287885e+00
9.999938e-01 3.286731e-04 3.483828e-03 2.988965e+01 -3.298491e-04 9.999999e-01 3.371347e-04 -1.546546e+00 -3.483807e-03 -3.382810e-04 9.999938e-01 -4.861776e+00
9.999996e-01 -2.221733e-04 8.773166e-04 3.055876e+01 2.225783e-04 9.999999e-01 -4.622004e-04 -1.577404e+00 -8.771237e-04 4.623947e-04 9.999996e-01 -4.612365e+00
9.999948e-01 3.476273e-04 3.196405e-03 3.113891e+01 -3.489066e-04 9.999999e-01 3.998004e-04 -1.611224e+00 -3.196355e-03 -4.009129e-04 9.999947e-01 -4.109366e+00
9.999920e-01 -1.667196e-04 4.014804e-03 3.157602e+01 1.690084e-04 9.999998e-01 -5.698899e-04 -1.641432e+00 -4.014618e-03 5.705631e-04 9.999919e-01 -3.565342e+00
9.999970e-01 3.501792e-04 2.419298e-03 3.176514e+01 -3.511768e-04 9.999999e-01 4.121189e-04 -1.666224e+00 -2.419243e-03 -4.129666e-04 9.999969e-01 -2.903423e+00
9.999803e-01 -1.645716e-04 6.275746e-03 3.217568e+01 1.686288e-04 9.999998e-01 -6.460505e-04 -1.694375e+00 -6.275549e-03 6.470953e-04 9.999802e-01 -2.402747e+00
9.999991e-01 3.317189e-04 1.257773e-03 3.277687e+01 -3.322838e-04 9.999998e-01 4.492578e-04 -1.726720e+00 -1.257712e-03 -4.496747e-04 9.999990e-01 -1.993550e+00
9.999745e-01 -1.663480e-04 7.145006e-03 3.329728e+01 1.712470e-04 9.999998e-01 -6.851049e-04 -1.755630e+00 -7.144803e-03 6.863103e-04 9.999743e-01 -1.615175e+00
9.999953e-01 2.575082e-04 -3.038054e-03 3.386559e+01 -2.559157e-04 9.999998e-01 5.244424e-04 -1.780529e+00 3.038101e-03 -5.236619e-04 9.999952e-01 -1.470884e+00
9.999327e-01 -1.035917e-04 1.160405e-02 3.438486e+01 1.128130e-04 9.999997e-01 -7.940478e-04 -1.806548e+00 -1.160388e-02 7.953028e-04 9.999324e-01 -1.209102e+00
9.999730e-01 2.201848e-04 -7.346709e-03 3.497045e+01 -2.152700e-04 9.999998e-01 6.697128e-04 -1.835951e+00 7.346767e-03 -6.681126e-04 9.999727e-01 -9.044494e-01
9.998736e-01 -5.641774e-05 1.589839e-02 3.535851e+01 7.139959e-05 9.999996e-01 -9.418090e-04 -1.858748e+00 -1.589824e-02 9.428246e-04 9.998732e-01 -5.999888e-01
9.999954e-01 2.585769e-04 -3.024729e-03 3.582490e+01 -2.571054e-04 9.999998e-01 4.867867e-04 -1.878372e+00 3.024768e-03 -4.860063e-04 9.999952e-01 -5.221505e-01
9.999112e-01 -9.780041e-05 1.333071e-02 3.641418e+01 1.093326e-04 9.999996e-01 -8.643849e-04 -1.900435e+00 -1.333054e-02 8.657651e-04 9.999108e-01 -5.181584e-01
9.999645e-01 4.234337e-04 8.410726e-03 3.703874e+01 -4.251143e-04 9.999999e-01 1.980581e-04 -1.926834e+00 -8.410726e-03 -2.016262e-04 9.999645e-01 -3.773056e-01
9.999051e-01 -9.719191e-05 1.377785e-02 3.743145e+01 1.090860e-04 9.999996e-01 -8.625437e-04 -1.950846e+00 -1.377767e-02 8.639644e-04 9.999048e-01 -2.179271e-02
9.999015e-01 5.235917e-04 1.402663e-02 3.783527e+01 -5.242699e-04 9.999999e-01 4.468187e-05 -1.976762e+00 -1.402669e-02 -5.203095e-05 9.999015e-01 4.030111e-01
9.999142e-01 -1.350236e-04 1.309708e-02 3.825306e+01 1.465433e-04 9.999996e-01 -8.786130e-04 -1.998041e+00 -1.309688e-02 8.804567e-04 9.999139e-01 6.156122e-01
9.999138e-01 5.361232e-04 1.311584e-02 3.866901e+01 -5.372563e-04 9.999999e-01 8.287533e-05 -2.021391e+00 -1.311588e-02 -8.991465e-05 9.999139e-01 9.151385e-01
9.999724e-01 -2.194624e-04 7.424719e-03 3.905405e+01 2.246180e-04 9.999997e-01 -6.935677e-04 -2.045518e+00 -7.424487e-03 6.952162e-04 9.999723e-01 1.288969e+00
9.999251e-01 5.205837e-04 1.222505e-02 3.943764e+01 -5.215250e-04 9.999999e-01 7.381642e-05 -2.067476e+00 -1.222509e-02 -8.018658e-05 9.999252e-01 1.575076e+00
9.999837e-01 -2.421023e-04 5.712057e-03 3.996989e+01 2.456291e-04 9.999998e-01 -6.167306e-04 -2.093706e+00 -5.711832e-03 6.181236e-04 9.999836e-01 1.839027e+00
9.998436e-01 6.046061e-04 1.767549e-02 4.041400e+01 -6.030106e-04 9.999998e-01 -9.559677e-05 -2.119230e+00 -1.767562e-02 8.492316e-05 9.998437e-01 2.194894e+00
9.999923e-01 -2.355211e-04 3.909572e-03 4.066364e+01 2.374632e-04 9.999998e-01 -4.962789e-04 -2.146036e+00 -3.909383e-03 4.972036e-04 9.999923e-01 2.859307e+00
9.998779e-01 5.719485e-04 1.561391e-02 4.096348e+01 -5.711658e-04 9.999998e-01 -5.459431e-05 -2.172572e+00 -1.561401e-02 4.566925e-05 9.998780e-01 3.444903e+00
9.999726e-01 -2.001599e-04 7.406254e-03 4.125982e+01 2.046302e-04 9.999998e-01 -6.028156e-04 -2.198080e+00 -7.406063e-03 6.043149e-04 9.999725e-01 3.994708e+00
9.998235e-01 6.082790e-04 1.877485e-02 4.167070e+01 -6.050259e-04 9.999998e-01 -1.789593e-04 -2.223925e+00 -1.877503e-02 1.675680e-04 9.998236e-01 4.402949e+00
9.999095e-01 -1.232668e-04 1.345324e-02 4.222569e+01 1.336305e-04 9.999997e-01 -7.694420e-04 -2.251213e+00 -1.345308e-02 7.711706e-04 9.999093e-01 4.680718e+00
9.998691e-01 5.808603e-04 1.616807e-02 4.292476e+01 -5.792197e-04 9.999998e-01 -1.061656e-04 -2.280849e+00 -1.616819e-02 9.678626e-05 9.998692e-01 4.859005e+00
9.998887e-01 -1.118223e-04 1.491937e-02 4.353430e+01 1.241084e-04 9.999997e-01 -8.225655e-04 -2.306253e+00 -1.491922e-02 8.243262e-04 9.998885e-01 4.984899e+00
9.999261e-01 5.275402e-04 1.214753e-02 4.409261e+01 -5.275050e-04 9.999999e-01 -6.113669e-06 -2.330471e+00 -1.214759e-02 -2.954643e-07 9.999261e-01 5.130198e+00
9.999094e-01 -1.432474e-04 1.346413e-02 4.460698e+01 1.535015e-04 9.999997e-01 -7.605376e-04 -2.355053e+00 -1.346396e-02 7.625363e-04 9.999092e-01 5.345916e+00
9.999803e-01 4.697888e-04 6.260571e-03 4.511315e+01 -4.710173e-04 9.999999e-01 1.947138e-04 -2.383609e+00 -6.260532e-03 -1.976597e-04 9.999803e-01 5.737444e+00
9.999019e-01 -1.510672e-04 1.400854e-02 4.553257e+01 1.623317e-04 9.999997e-01 -8.029629e-04 -2.408227e+00 -1.400836e-02 8.051591e-04 9.999016e-01 6.085223e+00
9.999814e-01 4.688364e-04 6.086752e-03 4.601924e+01 -4.700137e-04 9.999999e-01 1.919574e-04 -2.433438e+00 -6.086712e-03 -1.948157e-04 9.999814e-01 6.367636e+00
9.998625e-01 -1.119527e-04 1.658127e-02 4.632778e+01 1.264502e-04 9.999996e-01 -8.732684e-04 -2.455414e+00 -1.658112e-02 8.752462e-04 9.998622e-01 6.757021e+00
9.999997e-01 3.930634e-04 6.317364e-04 4.690323e+01 -3.932866e-04 9.999999e-01 3.527906e-04 -2.482637e+00 -6.316444e-04 -3.530401e-04 9.999996e-01 6.994931e+00
9.998843e-01 -1.397462e-04 1.521440e-02 4.745425e+01 1.522667e-04 9.999997e-01 -8.217631e-04 -2.509993e+00 -1.521424e-02 8.239859e-04 9.998840e-01 7.273913e+00
9.999961e-01 4.180637e-04 2.763997e-03 4.799676e+01 -4.187588e-04 9.999999e-01 2.507902e-04 -2.533427e+00 -2.763935e-03 -2.519480e-04 9.999961e-01 7.402265e+00
9.999437e-01 -2.004183e-04 1.061102e-02 4.853096e+01 2.073731e-04 9.999998e-01 -6.543055e-04 -2.559565e+00 -1.061084e-02 6.564704e-04 9.999436e-01 7.649522e+00
9.999754e-01 4.718232e-04 7.002415e-03 4.912823e+01 -4.725527e-04 9.999999e-01 1.024869e-04 -2.585257e+00 -7.002407e-03 -1.057948e-04 9.999754e-01 7.796253e+00
9.999879e-01 -2.724467e-04 4.913749e-03 4.998756e+01 2.746646e-04 9.999999e-01 -4.506313e-04 -2.617847e+00 -4.913586e-03 4.519769e-04 9.999879e-01 7.876202e+00
9.999967e-01 4.202693e-04 2.523425e-03 5.084154e+01 -4.208304e-04 9.999999e-01 2.217089e-04 -2.649165e+00 -2.523370e-03 -2.227716e-04 9.999967e-01 7.906717e+00
9.999872e-01 -2.839665e-04 5.047400e-03 5.169134e+01 2.863543e-04 9.999998e-01 -4.723077e-04 -2.678136e+00 -5.047227e-03 4.737485e-04 9.999872e-01 7.850136e+00
9.999171e-01 5.678451e-04 1.286559e-02 5.236693e+01 -5.666817e-04 9.999998e-01 -9.408910e-05 -2.703868e+00 -1.286568e-02 8.678902e-05 9.999171e-01 7.898598e+00
9.999870e-01 -2.869308e-04 5.088638e-03 5.301852e+01 2.892418e-04 9.999999e-01 -4.533737e-04 -2.731790e+00 -5.088472e-03 4.548413e-04 9.999870e-01 8.068902e+00
9.999311e-01 5.606391e-04 1.172592e-02 5.382140e+01 -5.600565e-04 9.999998e-01 -5.299004e-05 -2.762823e+00 -1.172599e-02 4.641751e-05 9.999312e-01 8.166994e+00
9.999710e-01 -2.526125e-04 7.608819e-03 5.434731e+01 2.567848e-04 9.999998e-01 -5.473457e-04 -2.786026e+00 -7.608648e-03 5.492854e-04 9.999710e-01 8.317959e+00
9.998339e-01 6.515589e-04 1.821456e-02 5.459281e+01 -6.468541e-04 9.999998e-01 -2.642000e-04 -2.804340e+00 -1.821476e-02 2.523721e-04 9.998340e-01 8.640701e+00
9.999504e-01 -2.222479e-04 9.956400e-03 5.496052e+01 2.282551e-04 9.999998e-01 -6.021951e-04 -2.825963e+00 -9.956237e-03 6.044397e-04 9.999504e-01 8.943234e+00
9.998911e-01 6.235171e-04 1.474444e-02 5.566968e+01 -6.214305e-04 9.999998e-01 -1.461156e-04 -2.854730e+00 -1.474456e-02 1.369350e-04 9.998912e-01 9.077706e+00
9.998600e-01 -1.251826e-04 1.673463e-02 5.633365e+01 1.384503e-04 9.999997e-01 -7.916586e-04 -2.881264e+00 -1.673451e-02 7.938668e-04 9.998598e-01 9.185208e+00
9.998601e-01 6.651850e-04 1.671581e-02 5.701017e+01 -6.616704e-04 9.999998e-01 -2.157973e-04 -2.907471e+00 -1.671597e-02 2.047045e-04 9.998602e-01 9.261629e+00
9.998260e-01 -1.087437e-04 1.865243e-02 5.769262e+01 1.245155e-04 9.999996e-01 -8.443929e-04 -2.932047e+00 -1.865232e-02 8.465708e-04 9.998258e-01 9.266534e+00
9.998129e-01 7.233768e-04 1.933027e-02 5.830024e+01 -7.175153e-04 9.999997e-01 -3.101727e-04 -2.954873e+00 -1.933050e-02 2.962424e-04 9.998130e-01 9.300232e+00
9.998328e-01 -1.389042e-04 1.828621e-02 5.881037e+01 1.541713e-04 9.999996e-01 -8.334831e-04 -2.974235e+00 -1.828608e-02 8.361655e-04 9.998325e-01 9.321191e+00
9.998301e-01 6.707482e-04 1.841855e-02 5.913728e+01 -6.646065e-04 9.999997e-01 -3.395689e-04 -2.984607e+00 -1.841878e-02 3.272675e-04 9.998302e-01 9.193550e+00
9.999161e-01 -2.076420e-04 1.294996e-02 5.960916e+01 2.161621e-04 9.999998e-01 -6.565268e-04 -2.999561e+00 -1.294982e-02 6.592738e-04 9.999160e-01 9.080337e+00
9.998113e-01 7.008093e-04 1.941347e-02 6.005069e+01 -6.935207e-04 9.999997e-01 -3.821701e-04 -3.014162e+00 -1.941373e-02 3.686314e-04 9.998114e-01 8.991365e+00
9.999751e-01 -2.873217e-04 7.052125e-03 6.068402e+01 2.904702e-04 9.999999e-01 -4.454528e-04 -3.035914e+00 -7.052002e-03 4.474931e-04 9.999751e-01 8.944741e+00
9.998912e-01 6.254927e-04 1.473519e-02 6.147675e+01 -6.219593e-04 9.999998e-01 -2.443694e-04 -3.061476e+00 -1.473533e-02 2.351751e-04 9.998913e-01 8.836848e+00
9.999774e-01 -3.003015e-04 6.718661e-03 6.230490e+01 3.031705e-04 9.999999e-01 -4.260198e-04 -3.087513e+00 -6.718542e-03 4.280502e-04 9.999774e-01 8.704194e+00
9.998546e-01 6.584317e-04 1.703815e-02 6.302586e+01 -6.526658e-04 9.999997e-01 -3.439574e-04 -3.109831e+00 -1.703836e-02 3.327840e-04 9.998547e-01 8.568296e+00
9.999858e-01 -3.273689e-04 5.312439e-03 6.375984e+01 3.292727e-04 9.999999e-01 -3.575527e-04 -3.133983e+00 -5.312336e-03 3.593001e-04 9.999859e-01 8.483060e+00
9.999671e-01 5.405863e-04 8.097633e-03 6.470839e+01 -5.401241e-04 9.999999e-01 -5.922212e-05 -3.164102e+00 -8.097648e-03 5.484317e-05 9.999671e-01 8.348337e+00
9.999633e-01 -2.876737e-04 8.566293e-03 6.557015e+01 2.917003e-04 9.999998e-01 -4.688383e-04 -3.191087e+00 -8.566175e-03 4.713232e-04 9.999633e-01 8.207243e+00
9.999999e-01 4.338113e-04 3.070710e-04 6.635274e+01 -4.338601e-04 9.999999e-01 1.598270e-04 -3.217368e+00 -3.069830e-04 -1.599635e-04 9.999998e-01 8.128394e+00
9.999651e-01 -3.024235e-04 8.354245e-03 6.715196e+01 3.063042e-04 9.999998e-01 -4.632835e-04 -3.243533e+00 -8.354123e-03 4.658297e-04 9.999651e-01 8.024771e+00
9.999477e-01 5.714755e-04 1.021393e-02 6.783523e+01 -5.700399e-04 9.999998e-01 -1.434277e-04 -3.266950e+00 -1.021399e-02 1.375944e-04 9.999477e-01 7.977801e+00
9.999048e-01 -2.362475e-04 1.379661e-02 6.838323e+01 2.448089e-04 9.999998e-01 -6.188872e-04 -3.288018e+00 -1.379649e-02 6.222093e-04 9.999047e-01 8.012268e+00
9.999801e-01 5.259516e-04 6.288234e-03 6.896774e+01 -5.258100e-04 9.999999e-01 -2.409522e-05 -3.311155e+00 -6.288220e-03 2.078476e-05 9.999801e-01 8.072881e+00
9.999340e-01 -2.876455e-04 1.148713e-02 6.954984e+01 2.941236e-04 9.999998e-01 -5.623071e-04 -3.332710e+00 -1.148699e-02 5.656522e-04 9.999340e-01 8.073873e+00
9.999993e-01 4.528836e-04 -1.131119e-03 7.028639e+01 -4.526529e-04 9.999999e-01 2.037379e-04 -3.357532e+00 1.131239e-03 -2.032294e-04 9.999992e-01 7.996712e+00
9.999840e-01 -3.742446e-04 5.645417e-03 7.097199e+01 3.764530e-04 9.999999e-01 -3.902313e-04 -3.382607e+00 -5.645299e-03 3.923539e-04 9.999841e-01 7.986749e+00
9.999996e-01 4.929776e-04 7.928733e-04 7.184828e+01 -4.931315e-04 9.999999e-01 1.946199e-04 -3.415277e+00 -7.927479e-04 -1.950145e-04 9.999996e-01 8.028590e+00
9.999992e-01 -5.117427e-04 -1.118640e-03 7.282257e+01 5.115406e-04 9.999999e-01 -1.804087e-04 -3.449688e+00 1.118703e-03 1.798400e-04 9.999995e-01 8.002183e+00
9.999626e-01 6.310740e-04 8.624095e-03 7.363548e+01 -6.304148e-04 9.999998e-01 -7.908267e-05 -3.478442e+00 -8.624113e-03 7.363927e-05 9.999627e-01 7.976789e+00
9.999842e-01 -4.134542e-04 5.602602e-03 7.431587e+01 4.155605e-04 9.999998e-01 -3.748929e-04 -3.504730e+00 -5.602478e-03 3.772190e-04 9.999843e-01 8.029729e+00
9.998429e-01 4.616934e-04 -1.771797e-02 7.492829e+01 -4.501110e-04 9.999997e-01 6.576558e-04 -3.529167e+00 1.771829e-02 -6.495811e-04 9.998427e-01 8.093659e+00
9.999679e-01 -4.164915e-04 7.997262e-03 7.554873e+01 4.200481e-04 9.999998e-01 -4.431266e-04 -3.554193e+00 -7.997105e-03 4.464754e-04 9.999680e-01 8.166763e+00
9.997430e-01 4.489070e-04 -2.266688e-02 7.617722e+01 -4.306521e-04 9.999996e-01 8.102047e-04 -3.579441e+00 2.266726e-02 -8.002385e-04 9.997426e-01 8.250304e+00
9.999845e-01 -4.229986e-04 5.549580e-03 7.677673e+01 4.251481e-04 9.999998e-01 -3.862358e-04 -3.603509e+00 -5.549442e-03 3.885929e-04 9.999846e-01 8.329628e+00
9.997105e-01 4.743222e-04 -2.405425e-02 7.732645e+01 -4.545023e-04 9.999996e-01 8.294034e-04 -3.625748e+00 2.405465e-02 -8.182341e-04 9.997102e-01 8.407594e+00
9.999799e-01 -4.642398e-04 6.318427e-03 7.798073e+01 4.667757e-04 9.999998e-01 -3.999579e-04 -3.650156e+00 -6.318263e-03 4.029027e-04 9.999801e-01 8.428390e+00
9.995883e-01 5.479574e-04 -2.868756e-02 7.851158e+01 -5.209922e-04 9.999994e-01 9.474100e-04 -3.671615e+00 2.868808e-02 -9.320774e-04 9.995879e-01 8.505030e+00
9.999622e-01 -4.690615e-04 8.676742e-03 7.903630e+01 4.731089e-04 9.999998e-01 -4.644556e-04 -3.694090e+00 -8.676541e-03 4.685466e-04 9.999623e-01 8.630195e+00
9.996749e-01 4.938865e-04 -2.549096e-02 7.963430e+01 -4.715430e-04 9.999995e-01 8.825175e-04 -3.718341e+00 2.549140e-02 -8.702139e-04 9.996746e-01 8.720479e+00
9.999251e-01 -5.083880e-04 1.222477e-02 8.027065e+01 5.151493e-04 9.999997e-01 -5.499643e-04 -3.744714e+00 -1.222450e-02 5.562241e-04 9.999252e-01 8.840152e+00
9.997494e-01 5.098103e-04 -2.238241e-02 8.076360e+01 -4.920249e-04 9.999996e-01 8.000998e-04 -3.769037e+00 2.238283e-02 -7.888899e-04 9.997491e-01 9.064786e+00
9.998705e-01 -5.402944e-04 1.608359e-02 8.132938e+01 5.506781e-04 9.999996e-01 -6.412002e-04 -3.795370e+00 -1.608325e-02 6.499774e-04 9.998705e-01 9.257028e+00
9.997394e-01 4.950177e-04 -2.282448e-02 8.202862e+01 -4.764009e-04 9.999995e-01 8.210701e-04 -3.824363e+00 2.282489e-02 -8.099859e-04 9.997391e-01 9.382785e+00
9.999532e-01 -4.867749e-04 9.660471e-03 8.264993e+01 4.915641e-04 9.999998e-01 -4.934015e-04 -3.850139e+00 -9.660240e-03 4.981305e-04 9.999533e-01 9.498221e+00
9.998297e-01 4.313951e-04 -1.844947e-02 8.333623e+01 -4.180240e-04 9.999996e-01 7.285802e-04 -3.879182e+00 1.844979e-02 -7.207470e-04 9.998294e-01 9.649365e+00
9.999620e-01 -4.755197e-04 8.699383e-03 8.394761e+01 4.797190e-04 9.999998e-01 -4.806484e-04 -3.906439e+00 -8.699162e-03 4.848067e-04 9.999621e-01 9.828495e+00
9.998608e-01 4.200549e-04 -1.667907e-02 8.452242e+01 -4.090592e-04 9.999997e-01 6.626415e-04 -3.931055e+00 1.667935e-02 -6.557297e-04 9.998606e-01 9.940023e+00
9.999968e-01 -4.328261e-04 2.497513e-03 8.507111e+01 4.336910e-04 9.999998e-01 -3.458362e-04 -3.953489e+00 -2.497371e-03 3.469215e-04 9.999969e-01 1.001427e+01
9.998117e-01 4.162457e-04 -1.940049e-02 8.572536e+01 -4.016975e-04 9.999996e-01 7.537726e-04 -3.978086e+00 1.940080e-02 -7.458407e-04 9.998114e-01 1.004106e+01
9.999768e-01 -4.769928e-04 6.802016e-03 8.647856e+01 4.799965e-04 9.999998e-01 -4.399718e-04 -4.006790e+00 -6.801810e-03 4.432296e-04 9.999769e-01 1.009934e+01
