9.999976e-01 -1.994880e-05 -2.211403e-03 6.916638e-01 2.024261e-05 1.000000e+00 1.328465e-04 -3.473720e-02 2.211401e-03 -1.328915e-04 9.999976e-01 3.830574e-01
9.999996e-01 -3.891271e-05 8.811091e-04 1.650324e+00 3.881875e-05 1.000000e+00 1.066805e-04 -8.353515e-02 -8.811135e-04 -1.066458e-04 9.999995e-01 1.003159e+00
9.999955e-01 -1.291425e-05 -3.013112e-03 2.534038e+00 1.339193e-05 1.000000e+00 1.585184e-04 -1.316184e-01 3.013111e-03 -1.585586e-04 9.999955e-01 1.691843e+00
9.999981e-01 1.003654e-05 1.941350e-03 3.369935e+00 -1.015277e-05 1.000000e+00 5.987266e-05 -1.778330e-01 -1.941350e-03 -5.989169e-05 9.999980e-01 2.363127e+00
9.999932e-01 -5.641360e-05 -3.697557e-03 4.054907e+00 5.673436e-05 1.000000e+00 8.664784e-05 -2.144456e-01 3.697553e-03 -8.685760e-05 9.999933e-01 2.828400e+00
1.000000e+00 -3.358658e-05 2.824787e-05 4.891974e+00 3.358422e-05 1.000000e+00 8.430573e-05 -2.518907e-01 -2.825187e-05 -8.430419e-05 9.999999e-01 3.122146e+00
9.999886e-01 -6.688009e-05 -4.767327e-03 5.643436e+00 6.708032e-05 1.000000e+00 4.184549e-05 -2.830735e-01 4.767326e-03 -4.216542e-05 9.999887e-01 3.273487e+00
9.999773e-01 9.396352e-05 -6.732718e-03 5.934401e+00 -9.246412e-05 1.000000e+00 2.230117e-04 -3.045724e-01 6.732736e-03 -2.223835e-04 9.999772e-01 3.656202e+00
9.999968e-01 -3.977830e-05 -2.517978e-03 6.093881e+00 3.986909e-05 1.000000e+00 3.601863e-05 -3.277739e-01 2.517981e-03 -3.611956e-05 9.999969e-01 4.274115e+00
9.999680e-01 9.761228e-05 -7.996920e-03 6.333572e+00 -9.588736e-05 1.000000e+00 2.160772e-04 -3.481792e-01 7.996936e-03 -2.153028e-04 9.999679e-01 4.680480e+00
9.999801e-01 -5.431093e-05 6.300820e-03 6.691262e+00 5.544396e-05 1.000000e+00 -1.796535e-04 -3.720273e-01 -6.300805e-03 1.799986e-04 9.999802e-01 5.060233e+00
9.999853e-01 1.018821e-04 -5.425586e-03 7.266405e+00 -1.011274e-04 1.000000e+00 1.393714e-04 -3.991956e-01 5.425595e-03 -1.388200e-04 9.999852e-01 5.280130e+00
9.999999e-01 -1.419922e-04 4.942330e-04 7.659657e+00 1.420131e-04 1.000000e+00 -4.236253e-05 -4.220969e-01 -4.942217e-04 4.243201e-05 1.000000e+00 5.568884e+00
9.999620e-01 2.068271e-04 -8.716206e-03 7.738410e+00 -2.045806e-04 9.999999e-01 2.586284e-04 -4.437935e-01 8.716253e-03 -2.568347e-04 9.999619e-01 6.228878e+00
9.999786e-01 -1.180455e-04 -6.546694e-03 8.036370e+00 1.191123e-04 1.000000e+00 1.625678e-04 -4.677479e-01 6.546682e-03 -1.633449e-04 9.999787e-01 6.701966e+00
9.999401e-01 2.168415e-04 -1.094454e-02 8.438320e+00 -2.140666e-04 9.999999e-01 2.547084e-04 -4.896244e-01 1.094459e-02 -2.523495e-04 9.999400e-01 6.963970e+00
9.999832e-01 -1.551899e-04 -5.786386e-03 8.732180e+00 1.553860e-04 1.000000e+00 3.345437e-05 -5.022012e-01 5.786392e-03 -3.435376e-05 9.999834e-01 6.978350e+00
9.999849e-01 1.530943e-04 -5.484138e-03 9.007203e+00 -1.524851e-04 1.000000e+00 1.114915e-04 -5.149826e-01 5.484143e-03 -1.106527e-04 9.999849e-01 7.012536e+00
9.999762e-01 -1.305483e-04 -6.902777e-03 9.352843e+00 1.309556e-04 1.000000e+00 5.855872e-05 -5.262393e-01 6.902783e-03 -5.946214e-05 9.999763e-01 6.904514e+00
9.999326e-01 2.170012e-04 -1.160431e-02 9.750616e+00 -2.135720e-04 9.999999e-01 2.967390e-04 -5.406913e-01 1.160436e-02 -2.942397e-04 9.999325e-01 6.871438e+00
9.999144e-01 -1.550440e-04 1.308050e-02 1.014209e+01 1.612350e-04 9.999999e-01 -4.722513e-04 -5.545970e-01 -1.308041e-02 4.743190e-04 9.999144e-01 6.807781e+00
9.999285e-01 2.506943e-04 -1.195704e-02 1.039864e+01 -2.461110e-04 9.999999e-01 3.847757e-04 -5.719815e-01 1.195712e-02 -3.818045e-04 9.999283e-01 7.053706e+00
9.999961e-01 -1.765814e-04 -2.783159e-03 1.066707e+01 1.763353e-04 1.000000e+00 -8.865578e-05 -5.887655e-01 2.783191e-03 8.816377e-05 9.999962e-01 7.276048e+00
9.998524e-01 2.782116e-04 -1.718011e-02 1.098266e+01 -2.686359e-04 9.999998e-01 5.596713e-04 -6.078533e-01 1.718025e-02 -5.549726e-04 9.998522e-01 7.523973e+00
9.999951e-01 -2.233750e-04 3.127125e-03 1.132174e+01 2.240688e-04 1.000000e+00 -2.215556e-04 -6.305448e-01 -3.127056e-03 2.222542e-04 9.999952e-01 7.894869e+00
9.998920e-01 2.188828e-04 -1.469713e-02 1.165112e+01 -2.114463e-04 9.999998e-01 5.075255e-04 -6.537242e-01 1.469722e-02 -5.043620e-04 9.998918e-01 8.277316e+00
9.999921e-01 -1.505373e-04 -3.969531e-03 1.196372e+01 1.502613e-04 1.000000e+00 -6.977777e-05 -6.750132e-01 3.969564e-03 6.917972e-05 9.999922e-01 8.609185e+00
9.999967e-01 6.693860e-05 -2.576952e-03 1.252776e+01 -6.643517e-05 1.000000e+00 1.953877e-04 -7.003727e-01 2.576942e-03 -1.952148e-04 9.999966e-01 8.771809e+00
9.999997e-01 -1.878313e-04 -7.416098e-04 1.308898e+01 1.876553e-04 1.000000e+00 -2.371508e-04 -7.183698e-01 7.416781e-04 2.370105e-04 9.999998e-01 8.638268e+00
9.999992e-01 8.898543e-06 -1.249567e-03 1.315745e+01 -8.838962e-06 1.000000e+00 4.757346e-05 -7.138519e-01 1.249543e-03 -4.756135e-05 9.999991e-01 8.131774e+00
9.999999e-01 -3.623837e-04 3.072650e-04 1.265247e+01 3.625080e-04 9.999999e-01 -4.050494e-04 -6.778069e-01 -3.070942e-04 4.051597e-04 1.000000e+00 6.889463e+00
9.999992e-01 -3.867280e-05 -1.226324e-03 1.212221e+01 3.867227e-05 1.000000e+00 -5.630968e-07 -6.350453e-01 1.226300e-03 5.166348e-07 9.999991e-01 5.372165e+00
9.999892e-01 -1.303389e-04 -4.648805e-03 1.230287e+01 1.297997e-04 1.000000e+00 -1.162581e-04 -6.316837e-01 4.648845e-03 1.156525e-04 9.999893e-01 4.779241e+00
1.000000e+00 -1.466203e-04 -1.772266e-04 1.191222e+01 1.466008e-04 1.000000e+00 -1.110295e-04 -6.041176e-01 1.772177e-04 1.110044e-04 9.999999e-01 3.787042e+00
9.999930e-01 -1.580390e-04 -3.734959e-03 1.142328e+01 1.574778e-04 1.000000e+00 -1.504968e-04 -5.717135e-01 3.735008e-03 1.499067e-04 9.999931e-01 2.698827e+00
9.999965e-01 -2.104232e-04 2.644164e-03 1.084226e+01 2.109652e-04 1.000000e+00 -2.046639e-04 -5.332933e-01 -2.644146e-03 2.052219e-04 9.999964e-01 1.443427e+00
9.999938e-01 -2.295778e-04 -3.503120e-03 1.019178e+01 2.288638e-04 1.000000e+00 -2.041750e-04 -4.869481e-01 3.503193e-03 2.033712e-04 9.999939e-01 -9.692127e-02
9.999995e-01 -1.130793e-04 1.003289e-03 9.668519e+00 1.132001e-04 1.000000e+00 -1.202179e-04 -4.498525e-01 -1.003301e-03 1.203322e-04 9.999994e-01 -1.355354e+00
9.999969e-01 -2.159687e-04 -2.475760e-03 9.245832e+00 2.153558e-04 9.999999e-01 -2.477682e-04 -4.142663e-01 2.475840e-03 2.472335e-04 9.999970e-01 -2.657607e+00
9.999973e-01 -1.817219e-04 2.314668e-03 8.692500e+00 1.821598e-04 1.000000e+00 -1.889478e-04 -3.701103e-01 -2.314660e-03 1.893697e-04 9.999972e-01 -4.188111e+00
9.999961e-01 -1.941131e-04 -2.788138e-03 8.124678e+00 1.934854e-04 1.000000e+00 -2.253851e-04 -3.266168e-01 2.788208e-03 2.248440e-04 9.999962e-01 -5.666761e+00
9.999932e-01 -1.235403e-04 3.681913e-03 7.624035e+00 1.241794e-04 1.000000e+00 -1.733154e-04 -2.895913e-01 -3.681917e-03 1.737721e-04 9.999931e-01 -6.914844e+00
1.000000e+00 -1.040060e-04 2.162656e-04 7.233919e+00 1.040545e-04 1.000000e+00 -2.248494e-04 -2.621828e-01 -2.162165e-04 2.248713e-04 1.000000e+00 -7.856369e+00
9.999972e-01 -1.415368e-04 2.374954e-03 6.849993e+00 1.418881e-04 1.000000e+00 -1.477137e-04 -2.342030e-01 -2.374959e-03 1.480508e-04 9.999971e-01 -8.838151e+00
9.999989e-01 -1.074248e-04 -1.501398e-03 6.481051e+00 1.071174e-04 1.000000e+00 -2.047349e-04 -2.060457e-01 1.501446e-03 2.045732e-04 9.999990e-01 -9.843059e+00
9.999999e-01 -1.027512e-04 -3.389418e-04 6.132365e+00 1.027172e-04 1.000000e+00 -1.006063e-04 -1.779494e-01 3.389266e-04 1.005721e-04 9.999998e-01 -1.085616e+01
9.999975e-01 -2.266665e-04 -2.236313e-03 5.588788e+00 2.261156e-04 9.999999e-01 -2.465801e-04 -1.380902e-01 2.236395e-03 2.460733e-04 9.999976e-01 -1.219159e+01
9.999922e-01 -9.474363e-05 -3.954296e-03 5.007600e+00 9.472189e-05 1.000000e+00 -5.705834e-06 -9.849702e-02 3.954270e-03 5.331732e-06 9.999921e-01 -1.347603e+01
9.999812e-01 -1.303584e-04 -6.132241e-03 4.481708e+00 1.297243e-04 1.000000e+00 -1.038000e-04 -6.612282e-02 6.132281e-03 1.030021e-04 9.999813e-01 -1.448653e+01
9.998855e-01 9.883166e-05 -1.513502e-02 4.243909e+00 -9.364159e-05 9.999999e-01 3.436208e-04 -5.152510e-02 1.513502e-02 -3.421637e-04 9.998853e-01 -1.504707e+01
9.999633e-01 -1.085597e-04 -8.569073e-03 4.211425e+00 1.082540e-04 1.000000e+00 -3.612645e-05 -4.487765e-02 8.569109e-03 3.519694e-05 9.999634e-01 -1.550362e+01
9.998528e-01 2.305117e-04 -1.715574e-02 4.409053e+00 -2.214005e-04 9.999998e-01 5.329815e-04 -5.188340e-02 1.715582e-02 -5.291041e-04 9.998526e-01 -1.559755e+01
9.999547e-01 -4.965474e-05 -9.518255e-03 4.740810e+00 5.042401e-05 1.000000e+00 8.059410e-05 -6.951055e-02 9.518288e-03 -8.107104e-05 9.999548e-01 -1.541172e+01
9.998565e-01 2.038134e-04 -1.694106e-02 5.162280e+00 -1.942297e-04 9.999998e-01 5.673461e-04 -8.998397e-02 1.694113e-02 -5.639735e-04 9.998562e-01 -1.522840e+01
9.999323e-01 -2.433859e-05 -1.163857e-02 5.575796e+00 2.585529e-05 1.000000e+00 1.301816e-04 -1.098446e-01 1.163860e-02 -1.304745e-04 9.999324e-01 -1.505436e+01
9.998107e-01 2.314051e-04 -1.945384e-02 5.923152e+00 -2.190268e-04 9.999998e-01 6.384094e-04 -1.284152e-01 1.945394e-02 -6.340269e-04 9.998105e-01 -1.484757e+01
9.999202e-01 -1.305019e-05 -1.263482e-02 6.283486e+00 1.473909e-05 1.000000e+00 1.335958e-04 -1.461519e-01 1.263487e-02 -1.337722e-04 9.999203e-01 -1.468837e+01
9.997882e-01 2.389442e-04 -2.057824e-02 6.632578e+00 -2.248867e-04 9.999997e-01 6.854230e-04 -1.640281e-01 2.057834e-02 -6.806492e-04 9.997879e-01 -1.450798e+01
9.998880e-01 3.098681e-05 -1.496822e-02 7.007543e+00 -2.765441e-05 1.000000e+00 2.228589e-04 -1.835451e-01 1.496828e-02 -2.224210e-04 9.998880e-01 -1.428909e+01
9.997219e-01 2.784627e-04 -2.358038e-02 7.348445e+00 -2.601205e-04 9.999997e-01 7.809089e-04 -2.024708e-01 2.358053e-02 -7.745569e-04 9.997215e-01 -1.404393e+01
9.998431e-01 9.595506e-05 -1.771301e-02 7.600456e+00 -9.112315e-05 1.000000e+00 2.736180e-04 -2.181225e-01 1.771309e-02 -2.719622e-04 9.998432e-01 -1.380970e+01
9.996508e-01 2.824184e-04 -2.642393e-02 7.882696e+00 -2.591762e-04 9.999996e-01 8.829937e-04 -2.358711e-01 2.642411e-02 -8.758356e-04 9.996503e-01 -1.353319e+01
9.998347e-01 1.439041e-04 -1.818403e-02 8.161741e+00 -1.384904e-04 9.999999e-01 2.990041e-04 -2.546510e-01 1.818414e-02 -2.964376e-04 9.998347e-01 -1.319866e+01
9.995291e-01 3.230725e-04 -3.068333e-02 8.377934e+00 -2.927480e-04 9.999995e-01 9.927747e-04 -2.712557e-01 3.068356e-02 -9.833233e-04 9.995286e-01 -1.287377e+01
9.999721e-01 2.611261e-05 -7.468617e-03 8.695479e+00 -2.626388e-05 1.000000e+00 -2.006838e-05 -2.901448e-01 7.468689e-03 2.026249e-05 9.999722e-01 -1.259217e+01
9.997089e-01 2.104501e-04 -2.412350e-02 9.046814e+00 -1.901203e-04 9.999996e-01 8.449992e-04 -3.112563e-01 2.412359e-02 -8.401654e-04 9.997085e-01 -1.228134e+01
9.997668e-01 2.405150e-04 -2.159477e-02 9.183941e+00 -2.341693e-04 9.999999e-01 2.964167e-04 -3.228007e-01 2.159492e-02 -2.912923e-04 9.997668e-01 -1.206056e+01
9.997414e-01 1.827140e-04 -2.273946e-02 9.369389e+00 -1.637678e-04 9.999996e-01 8.350100e-04 -3.376649e-01 2.273952e-02 -8.310685e-04 9.997410e-01 -1.176637e+01
9.998808e-01 1.744009e-04 -1.544100e-02 9.540931e+00 -1.730802e-04 1.000000e+00 8.692974e-05 -3.505689e-01 1.544110e-02 -8.424853e-05 9.998809e-01 -1.154726e+01
9.997752e-01 1.242112e-04 -2.120278e-02 9.754422e+00 -1.078047e-04 9.999997e-01 7.748867e-04 -3.634875e-01 2.120278e-02 -7.724250e-04 9.997748e-01 -1.138432e+01
9.998106e-01 2.411728e-04 -1.946410e-02 9.866972e+00 -2.377832e-04 1.000000e+00 1.765118e-04 -3.726198e-01 1.946423e-02 -1.718519e-04 9.998106e-01 -1.124705e+01
9.999627e-01 1.803586e-05 -8.628431e-03 9.961881e+00 -1.415257e-05 9.999999e-01 4.499947e-04 -3.821202e-01 8.628350e-03 -4.498541e-04 9.999626e-01 -1.107991e+01
9.998332e-01 2.572881e-04 -1.826116e-02 1.007282e+01 -2.539610e-04 1.000000e+00 1.845742e-04 -3.932548e-01 1.826130e-02 -1.799076e-04 9.998333e-01 -1.086668e+01
9.998164e-01 1.601559e-04 -1.916084e-02 1.009768e+01 -1.459045e-04 9.999997e-01 7.451136e-04 -4.025537e-01 1.916086e-02 -7.421793e-04 9.998161e-01 -1.060223e+01
9.998919e-01 6.723438e-05 1.470511e-02 1.022289e+01 -5.714565e-05 9.999998e-01 -6.865742e-04 -4.191646e-01 -1.470506e-02 6.856578e-04 9.998917e-01 -1.019593e+01
9.999049e-01 3.545675e-04 1.378135e-02 1.039791e+01 -3.517727e-04 9.999999e-01 -2.051387e-04 -4.342168e-01 -1.378151e-02 2.002731e-04 9.999049e-01 -9.923598e+00
9.998679e-01 4.579175e-05 1.625272e-02 1.053240e+01 -3.386866e-05 9.999997e-01 -7.339479e-04 -4.479879e-01 -1.625266e-02 7.332988e-04 9.998677e-01 -9.660777e+00
9.999001e-01 3.861309e-04 1.412897e-02 1.082462e+01 -3.830452e-04 9.999999e-01 -2.210344e-04 -4.656788e-01 -1.412915e-02 2.156019e-04 9.999001e-01 -9.430397e+00
9.998803e-01 4.767368e-05 1.547418e-02 1.123290e+01 -3.701687e-05 9.999998e-01 -6.890294e-04 -4.871048e-01 -1.547412e-02 6.883726e-04 9.998801e-01 -9.193415e+00
9.999706e-01 3.129524e-04 7.664683e-03 1.159904e+01 -3.128885e-04 1.000000e+00 -9.432039e-06 -5.111629e-01 -7.664771e-03 7.035034e-06 9.999705e-01 -8.792512e+00
9.999347e-01 -1.189304e-05 1.143331e-02 1.210150e+01 1.802532e-05 9.999999e-01 -5.363218e-04 -5.403593e-01 -1.143322e-02 5.364914e-04 9.999346e-01 -8.373046e+00
9.999891e-01 2.828702e-04 4.661338e-03 1.256509e+01 -2.831739e-04 1.000000e+00 6.465434e-05 -5.680585e-01 -4.661403e-03 -6.597223e-05 9.999891e-01 -7.964093e+00
9.999440e-01 -1.153986e-05 1.058591e-02 1.303843e+01 1.672217e-05 9.999999e-01 -4.895301e-04 -5.975875e-01 -1.058583e-02 4.896783e-04 9.999439e-01 -7.496389e+00
9.999999e-01 2.401493e-04 1.303860e-04 1.341270e+01 -2.401760e-04 9.999999e-01 2.094430e-04 -6.263865e-01 -1.304170e-04 -2.094730e-04 9.999999e-01 -6.925193e+00
9.999397e-01 -3.847154e-06 1.098310e-02 1.376156e+01 9.498613e-06 9.999999e-01 -5.145714e-04 -6.531861e-01 -1.098302e-02 5.146434e-04 9.999396e-01 -6.396789e+00
9.999825e-01 1.702200e-04 -5.906469e-03 1.397241e+01 -1.680032e-04 9.999999e-01 3.757132e-04 -6.766045e-01 5.906452e-03 -3.747131e-04 9.999824e-01 -5.829530e+00
9.999998e-01 -1.095793e-04 -6.461917e-04 1.412143e+01 1.094506e-04 1.000000e+00 -1.980623e-04 -6.978991e-01 6.462941e-04 1.979902e-04 9.999999e-01 -5.276366e+00
9.998768e-01 2.621876e-04 -1.569309e-02 1.420404e+01 -2.526392e-04 9.999998e-01 6.103837e-04 -7.146595e-01 1.569316e-02 -6.063425e-04 9.998766e-01 -4.822334e+00
9.998816e-01 8.402360e-05 -1.539103e-02 1.422406e+01 -8.131502e-05 1.000000e+00 1.766576e-04 -7.271769e-01 1.539113e-02 -1.753865e-04 9.998816e-01 -4.437421e+00
9.997348e-01 3.408629e-04 -2.302623e-02 1.429509e+01 -3.226793e-04 9.999996e-01 7.933682e-04 -7.384061e-01 2.302641e-02 -7.857263e-04 9.997345e-01 -4.146265e+00
9.998690e-01 8.106667e-05 -1.618528e-02 1.444599e+01 -7.784123e-05 1.000000e+00 1.999644e-04 -7.511083e-01 1.618538e-02 -1.986797e-04 9.998691e-01 -3.894348e+00
9.999129e-01 1.966205e-04 -1.319313e-02 1.471399e+01 -1.892697e-04 9.999998e-01 5.583449e-04 -7.688567e-01 1.319315e-02 -5.557978e-04 9.999127e-01 -3.602088e+00
9.998512e-01 1.226312e-04 -1.724996e-02 1.487904e+01 -1.185816e-04 1.000000e+00 2.358389e-04 -7.845837e-01 1.725008e-02 -2.337598e-04 9.998513e-01 -3.267931e+00
9.998900e-01 2.358528e-04 -1.482855e-02 1.496322e+01 -2.274717e-04 9.999998e-01 5.668235e-04 -7.974862e-01 1.482858e-02 -5.633866e-04 9.998898e-01 -2.926627e+00
9.998971e-01 6.839380e-05 -1.434812e-02 1.512570e+01 -6.600953e-05 1.000000e+00 1.667188e-04 -8.124000e-01 1.434823e-02 -1.657561e-04 9.998971e-01 -2.612473e+00
9.999502e-01 1.837684e-04 -9.979408e-03 1.528824e+01 -1.793213e-04 9.999999e-01 4.464196e-04 -8.291425e-01 9.979395e-03 -4.446063e-04 9.999500e-01 -2.225423e+00
9.999998e-01 -1.050015e-04 -6.528932e-04 1.562560e+01 1.048748e-04 1.000000e+00 -1.923656e-04 -8.509512e-01 6.530073e-04 1.922955e-04 9.999998e-01 -1.889533e+00
9.999905e-01 1.450661e-04 -4.349101e-03 1.604519e+01 -1.437185e-04 9.999999e-01 3.099224e-04 -8.750563e-01 4.349051e-03 -3.092928e-04 9.999904e-01 -1.588330e+00
1.000000e+00 -1.121242e-04 -2.463979e-05 1.637671e+01 1.121176e-04 1.000000e+00 -2.198534e-04 -8.972264e-01 2.475866e-05 2.198490e-04 1.000000e+00 -1.243632e+00
9.999997e-01 1.354722e-04 -7.271409e-04 1.675249e+01 -1.353042e-04 1.000000e+00 2.295653e-04 -9.208381e-01 7.270777e-04 -2.294653e-04 9.999996e-01 -8.999917e-01
9.999997e-01 -1.110109e-04 7.987022e-04 1.728027e+01 1.111862e-04 1.000000e+00 -2.208700e-04 -9.491212e-01 -7.985834e-04 2.209572e-04 9.999997e-01 -5.655700e-01
9.999993e-01 1.619802e-04 -1.116698e-03 1.758587e+01 -1.616727e-04 9.999999e-01 2.745193e-04 -9.762293e-01 1.116648e-03 -2.743371e-04 9.999993e-01 2.988616e-02
9.999998e-01 -1.185878e-04 7.209260e-04 1.800410e+01 1.187547e-04 1.000000e+00 -2.330353e-04 -1.004137e+00 -7.208041e-04 2.331193e-04 9.999998e-01 4.983674e-01
9.999994e-01 1.403516e-04 -1.092524e-03 1.849926e+01 -1.400874e-04 1.000000e+00 2.408866e-04 -1.030518e+00 1.092463e-03 -2.407318e-04 9.999993e-01 7.920408e-01
9.999986e-01 -1.633593e-04 -1.672026e-03 1.903159e+01 1.630485e-04 1.000000e+00 -1.853115e-04 -1.056357e+00 1.672151e-03 1.850370e-04 9.999987e-01 1.013035e+00
9.999995e-01 1.689940e-04 9.632660e-04 1.955518e+01 -1.691810e-04 1.000000e+00 1.952426e-04 -1.082786e+00 -9.633274e-04 -1.954039e-04 9.999995e-01 1.269837e+00
9.999993e-01 -1.468415e-04 -1.242817e-03 2.004412e+01 1.466242e-04 1.000000e+00 -1.740258e-04 -1.110402e+00 1.242937e-03 1.738419e-04 9.999993e-01 1.629987e+00
9.999998e-01 1.812706e-04 5.752645e-04 2.040020e+01 -1.813905e-04 1.000000e+00 2.104234e-04 -1.135986e+00 -5.753207e-04 -2.105262e-04 9.999997e-01 2.087869e+00
1.000000e+00 -1.271310e-04 8.987774e-05 2.083293e+01 1.271505e-04 1.000000e+00 -2.287547e-04 -1.161896e+00 -8.975426e-05 2.287645e-04 1.000000e+00 2.453067e+00
9.999986e-01 2.149141e-04 1.634834e-03 2.124282e+01 -2.152267e-04 1.000000e+00 1.916911e-04 -1.188637e+00 -1.634887e-03 -1.920412e-04 9.999986e-01 2.885425e+00
9.999995e-01 -1.578474e-04 -9.796983e-04 2.171574e+01 1.576678e-04 1.000000e+00 -1.822605e-04 -1.217241e+00 9.798213e-04 1.821044e-04 9.999996e-01 3.308978e+00
9.999996e-01 1.728271e-04 8.252961e-04 2.231404e+01 -1.729999e-04 1.000000e+00 2.107163e-04 -1.247715e+00 -8.253540e-04 -2.108574e-04 9.999996e-01 3.634610e+00
9.999999e-01 -1.191167e-04 3.920005e-04 2.287933e+01 1.192126e-04 1.000000e+00 -2.474386e-04 -1.275829e+00 -3.918767e-04 2.474837e-04 1.000000e+00 3.907109e+00
9.999954e-01 2.358981e-04 2.997951e-03 2.331348e+01 -2.364246e-04 1.000000e+00 1.756556e-04 -1.304149e+00 -2.998004e-03 -1.763621e-04 9.999954e-01 4.374618e+00
9.999998e-01 -1.193138e-04 -6.820946e-04 2.369275e+01 1.191821e-04 1.000000e+00 -1.914908e-04 -1.333345e+00 6.822115e-04 1.914079e-04 9.999998e-01 4.956074e+00
9.999996e-01 1.745011e-04 8.687133e-04 2.410431e+01 -1.746982e-04 1.000000e+00 2.281316e-04 -1.361905e+00 -8.687676e-04 -2.282818e-04 9.999995e-01 5.462529e+00
9.999972e-01 -5.784520e-05 2.389467e-03 2.455624e+01 5.855403e-05 1.000000e+00 -2.970429e-04 -1.390579e+00 -2.389356e-03 2.971804e-04 9.999972e-01 5.919948e+00
9.999998e-01 1.724776e-04 5.309454e-04 2.503698e+01 -1.726099e-04 1.000000e+00 2.511314e-04 -1.420841e+00 -5.309959e-04 -2.512215e-04 9.999998e-01 6.405909e+00
9.999972e-01 -6.071174e-05 2.360729e-03 2.541198e+01 6.146657e-05 9.999999e-01 -3.201367e-04 -1.447192e+00 -2.360616e-03 3.202794e-04 9.999972e-01 6.869109e+00
9.999995e-01 1.574057e-04 -9.175620e-04 2.570411e+01 -1.571319e-04 9.999999e-01 2.972373e-04 -1.472279e+00 9.175150e-04 -2.970915e-04 9.999995e-01 7.391128e+00
9.999870e-01 -2.909583e-05 5.096229e-03 2.611654e+01 3.114244e-05 9.999999e-01 -4.017270e-04 -1.499995e+00 -5.096123e-03 4.018790e-04 9.999870e-01 7.863067e+00
9.999997e-01 1.529702e-04 -7.170192e-04 2.664294e+01 -1.527642e-04 9.999999e-01 2.858617e-04 -1.528776e+00 7.169694e-04 -2.857506e-04 9.999996e-01 8.219713e+00
9.999995e-01 -1.011174e-04 1.010874e-03 2.707642e+01 1.013893e-04 1.000000e+00 -2.699780e-04 -1.556391e+00 -1.010753e-03 2.700789e-04 9.999995e-01 8.652677e+00
9.999999e-01 1.528737e-04 -1.714456e-04 2.760994e+01 -1.528260e-04 1.000000e+00 2.724685e-04 -1.585902e+00 1.713939e-04 -2.724408e-04 9.999999e-01 9.030462e+00
9.999923e-01 -5.554118e-05 3.936042e-03 2.830368e+01 5.697397e-05 9.999999e-01 -3.641763e-04 -1.618646e+00 -3.935928e-03 3.643962e-04 9.999923e-01 9.324900e+00
9.999909e-01 2.781895e-04 4.256743e-03 2.877859e+01 -2.790907e-04 9.999999e-01 2.113403e-04 -1.652902e+00 -4.256777e-03 -2.125250e-04 9.999908e-01 9.993734e+00
9.999939e-01 -6.604131e-05 3.501281e-03 2.923770e+01 6.731017e-05 9.999999e-01 -3.625725e-04 -1.686294e+00 -3.501164e-03 3.628045e-04 9.999939e-01 1.064988e+01
9.999995e-01 1.759255e-04 -9.400333e-04 2.966354e+01 -1.756132e-04 9.999999e-01 3.312726e-04 -1.715565e+00 9.399989e-04 -3.311060e-04 9.999994e-01 1.117100e+01
9.999902e-01 -6.639027e-05 4.424875e-03 3.008787e+01 6.827442e-05 9.999999e-01 -4.258844e-04 -1.742409e+00 -4.424754e-03 4.261809e-04 9.999902e-01 1.158882e+01
9.999958e-01 1.381949e-04 -2.868846e-03 3.061449e+01 -1.370138e-04 9.999999e-01 4.115277e-04 -1.772435e+00 2.868810e-03 -4.111315e-04 9.999957e-01 1.199950e+01
9.999923e-01 -9.249038e-05 3.939836e-03 3.132381e+01 9.407336e-05 9.999999e-01 -4.018571e-04 -1.806558e+00 -3.939706e-03 4.022232e-04 9.999922e-01 1.233127e+01
9.999820e-01 2.804019e-04 5.986343e-03 3.214707e+01 -2.812896e-04 9.999999e-01 1.475997e-04 -1.843756e+00 -5.986394e-03 -1.492795e-04 9.999820e-01 1.264308e+01
9.999789e-01 -6.450655e-05 6.497682e-03 3.292525e+01 6.764423e-05 9.999999e-01 -4.828194e-04 -1.879113e+00 -6.497558e-03 4.832474e-04 9.999788e-01 1.294305e+01
9.999351e-01 3.642484e-04 1.138208e-02 3.358111e+01 -3.641337e-04 9.999999e-01 -1.207914e-05 -1.912234e+00 -1.138217e-02 7.935071e-06 9.999352e-01 1.331681e+01
9.999976e-01 -1.201408e-04 2.206701e-03 3.418728e+01 1.209042e-04 9.999999e-01 -3.462033e-04 -1.944866e+00 -2.206569e-03 3.464680e-04 9.999976e-01 1.374097e+01
9.999678e-01 3.137625e-04 8.015717e-03 3.469393e+01 -3.142479e-04 9.999999e-01 5.940774e-05 -1.973714e+00 -8.015788e-03 -6.192348e-05 9.999678e-01 1.413433e+01
9.999975e-01 -1.071547e-04 2.247678e-03 3.526926e+01 1.078695e-04 9.999999e-01 -3.182898e-04 -2.006237e+00 -2.247555e-03 3.185302e-04 9.999975e-01 1.459411e+01
9.999832e-01 2.856328e-04 5.783737e-03 3.598539e+01 -2.863963e-04 1.000000e+00 1.313026e-04 -2.042390e+00 -5.783788e-03 -1.329556e-04 9.999832e-01 1.501438e+01
9.999986e-01 -1.077216e-04 1.714518e-03 3.673548e+01 1.082276e-04 1.000000e+00 -2.955119e-04 -2.079510e+00 -1.714397e-03 2.956958e-04 9.999986e-01 1.543197e+01
9.999985e-01 2.101332e-04 1.727591e-03 3.751671e+01 -2.106018e-04 9.999999e-01 2.714799e-04 -2.117892e+00 -1.727622e-03 -2.718421e-04 9.999984e-01 1.585645e+01
9.999952e-01 -8.330158e-05 3.113828e-03 3.814229e+01 8.445525e-05 9.999999e-01 -3.706155e-04 -2.151221e+00 -3.113709e-03 3.708755e-04 9.999952e-01 1.627778e+01
9.999980e-01 2.176728e-04 1.996375e-03 3.877893e+01 -2.181959e-04 9.999999e-01 2.621638e-04 -2.184982e+00 -1.996406e-03 -2.625977e-04 9.999979e-01 1.670014e+01
9.999967e-01 -1.077631e-04 2.562409e-03 3.945845e+01 1.087453e-04 9.999999e-01 -3.834785e-04 -2.217093e+00 -2.562280e-03 3.837547e-04 9.999967e-01 1.699465e+01
9.999662e-01 3.460562e-04 8.210371e-03 3.981769e+01 -3.469994e-04 9.999999e-01 1.135393e-04 -2.246571e+00 -8.210418e-03 -1.163833e-04 9.999662e-01 1.762202e+01
9.999983e-01 -1.435862e-04 -1.878051e-03 4.014129e+01 1.431908e-04 1.000000e+00 -2.103079e-04 -2.278500e+00 1.878168e-03 2.100375e-04 9.999983e-01 1.840415e+01
9.999888e-01 2.592747e-04 4.720942e-03 4.070355e+01 -2.602647e-04 9.999999e-01 2.092309e-04 -2.313693e+00 -4.720974e-03 -2.104561e-04 9.999888e-01 1.899419e+01
9.999969e-01 -1.821758e-04 -2.498837e-03 4.146053e+01 1.816982e-04 1.000000e+00 -1.910757e-04 -2.351794e+00 2.498958e-03 1.906199e-04 9.999969e-01 1.943904e+01
9.999906e-01 2.705442e-04 4.330235e-03 4.206873e+01 -2.715288e-04 9.999999e-01 2.269278e-04 -2.387900e+00 -4.330260e-03 -2.281003e-04 9.999905e-01 2.000135e+01
9.999974e-01 -1.984718e-04 -2.273721e-03 4.281724e+01 1.979644e-04 1.000000e+00 -2.230976e-04 -2.425134e+00 2.273852e-03 2.226458e-04 9.999975e-01 2.041519e+01
9.999877e-01 2.693137e-04 4.946754e-03 4.371167e+01 -2.703112e-04 9.999999e-01 2.011171e-04 -2.464658e+00 -4.946786e-03 -2.024506e-04 9.999877e-01 2.072824e+01
9.999988e-01 -1.628011e-04 -1.561941e-03 4.435493e+01 1.624033e-04 1.000000e+00 -2.543572e-04 -2.498096e+00 1.562069e-03 2.541021e-04 9.999988e-01 2.113167e+01
9.999779e-01 3.042368e-04 6.643704e-03 4.487852e+01 -3.051859e-04 9.999999e-01 1.419438e-04 -2.529223e+00 -6.643746e-03 -1.439671e-04 9.999778e-01 2.160048e+01
9.999993e-01 -1.364034e-04 1.185681e-03 4.535255e+01 1.368172e-04 9.999999e-01 -3.494694e-04 -2.558281e+00 -1.185548e-03 3.496302e-04 9.999993e-01 2.204873e+01
9.999910e-01 2.576646e-04 4.230441e-03 4.572855e+01 -2.584086e-04 1.000000e+00 1.754798e-04 -2.582285e+00 -4.230481e-03 -1.765704e-04 9.999910e-01 2.241715e+01
9.999984e-01 -1.260381e-04 1.788184e-03 4.609175e+01 1.267129e-04 9.999999e-01 -3.776275e-04 -2.604349e+00 -1.788052e-03 3.778524e-04 9.999984e-01 2.271893e+01
9.999900e-01 2.697569e-04 4.449810e-03 4.629676e+01 -2.704963e-04 9.999999e-01 1.656857e-04 -2.623829e+00 -4.449849e-03 -1.668867e-04 9.999900e-01 2.313288e+01
9.999902e-01 -8.716276e-05 4.424421e-03 4.656918e+01 8.904484e-05 9.999999e-01 -4.253213e-04 -2.647413e+00 -4.424300e-03 4.257101e-04 9.999902e-01 2.363213e+01
9.999761e-01 2.996530e-04 6.907332e-03 4.706782e+01 -3.004298e-04 9.999999e-01 1.115064e-04 -2.677690e+00 -6.907382e-03 -1.135780e-04 9.999761e-01 2.409686e+01
9.999912e-01 -1.971602e-04 -4.187618e-03 4.746971e+01 1.962967e-04 1.000000e+00 -2.064764e-04 -2.702771e+00 4.187742e-03 2.056516e-04 9.999913e-01 2.447062e+01
9.999510e-01 3.211874e-04 9.895765e-03 4.785496e+01 -3.213421e-04 9.999999e-01 1.409762e-05 -2.725707e+00 -9.895843e-03 -1.727592e-05 9.999510e-01 2.478375e+01
9.999771e-01 -2.480672e-04 -6.768268e-03 4.843247e+01 2.470060e-04 1.000000e+00 -1.575506e-04 -2.750018e+00 6.768389e-03 1.558743e-04 9.999772e-01 2.489119e+01
9.999354e-01 3.559508e-04 1.136158e-02 4.898115e+01 -3.560208e-04 9.999999e-01 4.186926e-06 -2.776882e+00 -1.136166e-02 -8.230712e-06 9.999354e-01 2.513890e+01
9.999900e-01 -2.593222e-04 -4.464758e-03 4.937548e+01 2.578619e-04 9.999999e-01 -3.275276e-04 -2.791345e+00 4.464925e-03 3.263722e-04 9.999901e-01 2.509853e+01
9.999530e-01 3.392007e-04 9.683268e-03 4.956620e+01 -3.391902e-04 9.999999e-01 -2.686607e-06 -2.794942e+00 -9.683350e-03 -5.971403e-07 9.999530e-01 2.485278e+01
9.999986e-01 -2.187697e-04 -1.690047e-03 5.002011e+01 2.181209e-04 9.999999e-01 -3.838030e-04 -2.806887e+00 1.690213e-03 3.834330e-04 9.999986e-01 2.463711e+01
9.997553e-01 5.089225e-04 2.211280e-02 5.053647e+01 -5.024631e-04 9.999998e-01 -2.976473e-04 -2.827335e+00 -2.211303e-02 2.864644e-04 9.997554e-01 2.468128e+01
9.999934e-01 -1.453872e-04 3.637915e-03 5.094815e+01 1.472315e-04 9.999999e-01 -5.068019e-04 -2.848018e+00 -3.637762e-03 5.073334e-04 9.999933e-01 2.487414e+01
9.998293e-01 4.756873e-04 1.846898e-02 5.119937e+01 -4.723607e-04 9.999999e-01 -1.844607e-04 -2.866865e+00 -1.846914e-02 1.757058e-04 9.998293e-01 2.520639e+01
9.999760e-01 -1.215166e-04 6.935241e-03 5.147610e+01 1.257848e-04 9.999998e-01 -6.150538e-04 -2.884278e+00 -6.935090e-03 6.159108e-04 9.999758e-01 2.544408e+01
9.997944e-01 5.247503e-04 2.026784e-02 5.190380e+01 -5.200862e-04 9.999998e-01 -2.353842e-04 -2.904877e+00 -2.026803e-02 2.247952e-04 9.997945e-01 2.561387e+01
9.999999e-01 -2.301356e-04 -3.769122e-04 5.234325e+01 2.299841e-04 9.999999e-01 -4.012232e-04 -2.925414e+00 3.770769e-04 4.011361e-04 9.999999e-01 2.576511e+01
9.998374e-01 4.999535e-04 1.802313e-02 5.277673e+01 -4.970745e-04 9.999999e-01 -1.642100e-04 -2.947728e+00 -1.802328e-02 1.552248e-04 9.998375e-01 2.599664e+01
1.000000e+00 -2.270965e-04 -2.115262e-04 5.330139e+01 2.270142e-04 9.999999e-01 -3.884082e-04 -2.972159e+00 2.116842e-04 3.883599e-04 1.000000e+00 2.619261e+01
9.997645e-01 5.634266e-04 2.169444e-02 5.372160e+01 -5.577836e-04 9.999998e-01 -2.661531e-04 -2.997330e+00 -2.169465e-02 2.539899e-04 9.997645e-01 2.656319e+01
9.999975e-01 -1.672841e-04 2.244961e-03 5.394218e+01 1.682189e-04 9.999999e-01 -4.162635e-04 -3.021482e+00 -2.244825e-03 4.166399e-04 9.999975e-01 2.715964e+01
9.998689e-01 4.932630e-04 1.618291e-02 5.410964e+01 -4.916796e-04 9.999999e-01 -1.018162e-04 -3.045927e+00 -1.618302e-02 9.384610e-05 9.998690e-01 2.783216e+01
9.999892e-01 -1.587892e-04 4.641434e-03 5.427532e+01 1.611884e-04 9.999999e-01 -5.165534e-04 -3.066993e+00 -4.641287e-03 5.172959e-04 9.999892e-01 2.837356e+01
9.998064e-01 5.321194e-04 1.966625e-02 5.460076e+01 -5.277566e-04 9.999998e-01 -2.270298e-04 -3.089722e+00 -1.966643e-02 2.166068e-04 9.998065e-01 2.876717e+01
9.999250e-01 -6.141783e-05 1.225029e-02 5.502853e+01 7.036680e-05 9.999997e-01 -7.300809e-04 -3.113057e+00 -1.225019e-02 7.308883e-04 9.999248e-01 2.905227e+01
9.998460e-01 5.072428e-04 1.754403e-02 5.556479e+01 -5.042620e-04 9.999999e-01 -1.743276e-04 -3.137927e+00 -1.754417e-02 1.654537e-04 9.998460e-01 2.925243e+01
9.999122e-01 -5.842239e-05 1.324984e-02 5.604411e+01 6.858104e-05 9.999997e-01 -7.662431e-04 -3.159849e+00 -1.324973e-02 7.670849e-04 9.999120e-01 2.940921e+01
9.999347e-01 4.356663e-04 1.141621e-02 5.649366e+01 -4.359734e-04 9.999999e-01 2.439754e-05 -3.184468e+00 -1.141625e-02 -2.937353e-05 9.999347e-01 2.971641e+01
9.999637e-01 -1.243652e-04 8.519989e-03 5.683875e+01 1.296275e-04 9.999998e-01 -6.170833e-04 -3.208033e+00 -8.519860e-03 6.181658e-04 9.999636e-01 3.011750e+01
9.999558e-01 4.149747e-04 9.393324e-03 5.722060e+01 -4.157284e-04 9.999999e-01 7.827751e-05 -3.232274e+00 -9.393340e-03 -8.217966e-05 9.999558e-01 3.049604e+01
9.999704e-01 -1.287944e-04 7.689449e-03 5.740551e+01 1.332963e-04 9.999998e-01 -5.849364e-04 -3.253988e+00 -7.689325e-03 5.859446e-04 9.999704e-01 3.103883e+01
9.998951e-01 4.782464e-04 1.447599e-02 5.770154e+01 -4.768073e-04 9.999999e-01 -1.028750e-04 -3.275149e+00 -1.447608e-02 9.596126e-05 9.998951e-01 3.141282e+01
9.999813e-01 -1.652531e-04 6.113875e-03 5.806201e+01 1.684933e-04 9.999998e-01 -5.294381e-04 -3.297079e+00 -6.113743e-03 5.304591e-04 9.999813e-01 3.172781e+01
9.999740e-01 3.893165e-04 7.201326e-03 5.848380e+01 -3.901513e-04 9.999999e-01 1.145005e-04 -3.320734e+00 -7.201323e-03 -1.173079e-04 9.999740e-01 3.202403e+01
9.999622e-01 -1.384701e-04 8.697496e-03 5.890984e+01 1.436290e-04 9.999998e-01 -5.925078e-04 -3.345612e+00 -8.697372e-03 5.937354e-04 9.999621e-01 3.237064e+01
9.999256e-01 4.634598e-04 1.219278e-02 5.928665e+01 -4.629014e-04 9.999999e-01 -4.863063e-05 -3.368155e+00 -1.219284e-02 4.298206e-05 9.999256e-01 3.268757e+01
9.999939e-01 -2.168070e-04 3.484525e-03 5.962221e+01 2.183423e-04 9.999999e-01 -4.401736e-04 -3.389362e+00 -3.484391e-03 4.409327e-04 9.999939e-01 3.300113e+01
9.999066e-01 4.931336e-04 1.365849e-02 5.998945e+01 -4.918885e-04 9.999999e-01 -9.453496e-05 -3.411539e+00 -1.365857e-02 8.780666e-05 9.999066e-01 3.331277e+01
9.999995e-01 -2.899282e-04 -1.008125e-03 6.058267e+01 2.896188e-04 9.999999e-01 -3.071847e-04 -3.438012e+00 1.008248e-03 3.068936e-04 9.999995e-01 3.350042e+01
9.999355e-01 4.731233e-04 1.134614e-02 6.116767e+01 -4.729282e-04 9.999999e-01 -1.989902e-05 -3.465145e+00 -1.134618e-02 1.453074e-05 9.999355e-01 3.372132e+01
9.999981e-01 -2.687437e-04 1.932604e-03 6.176246e+01 2.695774e-04 9.999999e-01 -4.310383e-04 -3.487895e+00 -1.932455e-03 4.315596e-04 9.999981e-01 3.375435e+01
9.998704e-01 5.471969e-04 1.609079e-02 6.224475e+01 -5.447958e-04 9.999998e-01 -1.536184e-04 -3.509455e+00 -1.609090e-02 1.448311e-04 9.998704e-01 3.389033e+01
9.999976e-01 -2.715747e-04 2.175806e-03 6.273916e+01 2.725045e-04 9.999999e-01 -4.269751e-04 -3.532480e+00 -2.175661e-03 4.275682e-04 9.999976e-01 3.407175e+01
9.998452e-01 5.816172e-04 1.758308e-02 6.333110e+01 -5.780845e-04 9.999998e-01 -2.060048e-04 -3.556314e+00 -1.758322e-02 1.958071e-04 9.998453e-01 3.415804e+01
9.999979e-01 -2.780150e-04 2.054467e-03 6.375679e+01 2.788858e-04 9.999999e-01 -4.235291e-04 -3.576578e+00 -2.054324e-03 4.241026e-04 9.999979e-01 3.432246e+01
9.998075e-01 6.046766e-04 1.961138e-02 6.385652e+01 -5.996811e-04 9.999998e-01 -2.606167e-04 -3.591505e+00 -1.961156e-02 2.488045e-04 9.998075e-01 3.468141e+01
9.999788e-01 -2.093259e-04 6.512460e-03 6.421199e+01 2.129335e-04 9.999998e-01 -5.532496e-04 -3.611786e+00 -6.512322e-03 5.546262e-04 9.999787e-01 3.494258e+01
9.997958e-01 6.259805e-04 2.019898e-02 6.466557e+01 -6.202841e-04 9.999998e-01 -2.882884e-04 -3.633292e+00 -2.019918e-02 2.756988e-04 9.997958e-01 3.512272e+01
9.999422e-01 -1.522819e-04 1.075221e-02 6.519179e+01 1.593993e-04 9.999998e-01 -6.610772e-04 -3.655513e+00 -1.075210e-02 6.627546e-04 9.999421e-01 3.523713e+01
9.997468e-01 6.761234e-04 2.249248e-02 6.567912e+01 -6.680965e-04 9.999997e-01 -3.643855e-04 -3.677209e+00 -2.249273e-02 3.492642e-04 9.997468e-01 3.538054e+01
9.998972e-01 -1.040551e-04 1.433803e-02 6.619409e+01 1.148885e-04 9.999997e-01 -7.547440e-04 -3.697697e+00 -1.433794e-02 7.563157e-04 9.998970e-01 3.543814e+01
9.997226e-01 6.895037e-04 2.354178e-02 6.660959e+01 -6.801222e-04 9.999997e-01 -4.065125e-04 -3.715470e+00 -2.354206e-02 3.903864e-04 9.997227e-01 3.550982e+01
9.999139e-01 -1.328637e-04 1.311899e-02 6.703410e+01 1.422070e-04 9.999997e-01 -7.112717e-04 -3.733790e+00 -1.311889e-02 7.130783e-04 9.999138e-01 3.559664e+01
9.997416e-01 6.751129e-04 2.272055e-02 6.736517e+01 -6.658869e-04 9.999997e-01 -4.136265e-04 -3.747431e+00 -2.272081e-02 3.983880e-04 9.997417e-01 3.560306e+01
9.999721e-01 -3.021842e-04 7.469673e-03 6.762710e+01 3.066866e-04 9.999998e-01 -6.016284e-04 -3.752483e+00 -7.469495e-03 6.039048e-04 9.999720e-01 3.532413e+01
9.997536e-01 7.036607e-04 2.218844e-02 6.792502e+01 -6.951280e-04 9.999997e-01 -3.922597e-04 -3.761229e+00 -2.218870e-02 3.767367e-04 9.997536e-01 3.516087e+01
9.999866e-01 -2.872716e-04 5.171897e-03 6.841106e+01 2.897649e-04 9.999998e-01 -4.813653e-04 -3.778898e+00 -5.171769e-03 4.828601e-04 9.999866e-01 3.513985e+01
9.998590e-01 6.241245e-04 1.678233e-02 6.906247e+01 -6.204002e-04 9.999998e-01 -2.271127e-04 -3.801385e+00 -1.678245e-02 2.166663e-04 9.998590e-01 3.509438e+01
9.999827e-01 -2.914382e-04 5.876277e-03 6.973155e+01 2.944044e-04 9.999998e-01 -5.039613e-04 -3.823174e+00 -5.876145e-03 5.056853e-04 9.999827e-01 3.500238e+01
9.998528e-01 6.271098e-04 1.714439e-02 7.035198e+01 -6.227084e-04 9.999998e-01 -2.620453e-04 -3.842765e+00 -1.714454e-02 2.513280e-04 9.998529e-01 3.488773e+01
9.999890e-01 -3.109652e-04 4.680432e-03 7.096866e+01 3.131144e-04 9.999998e-01 -4.585133e-04 -3.862299e+00 -4.680309e-03 4.599766e-04 9.999890e-01 3.477330e+01
9.999455e-01 5.375040e-04 1.042391e-02 7.169826e+01 -5.372082e-04 9.999999e-01 -3.114736e-05 -3.887822e+00 -1.042390e-02 2.554297e-05 9.999456e-01 3.474314e+01
9.999898e-01 -3.205156e-04 4.512656e-03 7.246088e+01 3.225945e-04 9.999998e-01 -4.600382e-04 -3.912784e+00 -4.512532e-03 4.614922e-04 9.999898e-01 3.464968e+01
9.999579e-01 5.272104e-04 9.156720e-03 7.313426e+01 -5.272100e-04 9.999999e-01 -2.416237e-06 -3.936135e+00 -9.156695e-03 -2.414340e-06 9.999580e-01 3.460680e+01
9.999952e-01 -3.595072e-04 3.064134e-03 7.380416e+01 3.607856e-04 9.999998e-01 -4.168249e-04 -3.959788e+00 -3.064010e-03 4.179314e-04 9.999953e-01 3.457852e+01
9.998027e-01 6.857266e-04 1.985143e-02 7.437675e+01 -6.791334e-04 9.999997e-01 -3.388430e-04 -3.979822e+00 -1.985163e-02 3.252913e-04 9.998028e-01 3.454330e+01
9.999998e-01 -4.150168e-04 -5.357626e-04 7.483379e+01 4.148505e-04 9.999999e-01 -3.094358e-04 -3.998692e+00 5.358608e-04 3.092166e-04 9.999999e-01 3.460379e+01
9.997406e-01 7.148698e-04 2.276354e-02 7.525167e+01 -7.050364e-04 9.999997e-01 -4.399821e-04 -4.015404e+00 -2.276381e-02 4.238157e-04 9.997407e-01 3.462689e+01
9.999309e-01 -5.663584e-04 -1.174086e-02 7.581154e+01 5.667548e-04 9.999998e-01 3.048127e-05 -4.036809e+00 1.174081e-02 -3.713013e-05 9.999312e-01 3.464187e+01
9.997500e-01 7.213892e-04 2.234564e-02 7.638863e+01 -7.114678e-04 9.999996e-01 -4.519186e-04 -4.055776e+00 -2.234592e-02 4.359041e-04 9.997501e-01 3.454374e+01
9.999019e-01 -5.896348e-04 -1.399439e-02 7.697053e+01 5.916509e-04 9.999998e-01 1.399730e-04 -4.079471e+00 1.399427e-02 -1.482357e-04 9.999022e-01 3.461949e+01
9.998554e-01 6.696497e-04 1.698988e-02 7.760331e+01 -6.647936e-04 9.999997e-01 -2.914383e-04 -4.104286e+00 -1.699004e-02 2.800981e-04 9.998555e-01 3.466347e+01
9.998682e-01 -6.357680e-04 -1.622297e-02 7.831114e+01 6.393065e-04 9.999998e-01 2.129707e-04 -4.131157e+00 1.622279e-02 -2.233108e-04 9.998685e-01 3.468942e+01
9.996037e-01 8.229757e-04 2.813743e-02 7.895923e+01 -8.055780e-04 9.999995e-01 -6.296232e-04 -4.156031e+00 -2.813789e-02 6.067035e-04 9.996038e-01 3.473137e+01
9.998623e-01 -6.391699e-04 -1.658317e-02 7.946137e+01 6.428136e-04 9.999998e-01 2.144371e-04 -4.177589e+00 1.658299e-02 -2.250641e-04 9.998626e-01 3.482561e+01
9.999428e-01 7.468618e-04 1.066725e-02 7.991093e+01 -7.452947e-04 9.999997e-01 -1.508199e-04 -4.197178e+00 -1.066732e-02 1.428577e-04 9.999430e-01 3.490817e+01
9.997518e-01 -6.377020e-04 -2.227095e-02 8.040300e+01 6.463235e-04 9.999997e-01 3.799520e-04 -4.218359e+00 2.227066e-02 -3.942486e-04 9.997520e-01 3.500223e+01
9.999375e-01 6.637685e-04 1.115707e-02 8.101671e+01 -6.623291e-04 9.999998e-01 -1.326567e-04 -4.243388e+00 -1.115712e-02 1.252554e-04 9.999377e-01 3.508673e+01
9.995893e-01 -6.035146e-04 -2.865026e-02 8.148853e+01 6.188866e-04 9.999997e-01 5.276947e-04 -4.264350e+00 2.864990e-02 -5.452060e-04 9.995895e-01 3.520894e+01
9.999301e-01 6.353282e-04 1.180272e-02 8.205175e+01 -6.337137e-04 9.999998e-01 -1.404885e-04 -4.287194e+00 -1.180278e-02 1.329960e-04 9.999302e-01 3.529013e+01
9.995218e-01 -5.993058e-04 -3.091709e-02 8.264859e+01 6.171297e-04 9.999996e-01 5.669854e-04 -4.309629e+00 3.091671e-02 -5.857909e-04 9.995219e-01 3.531276e+01
9.999765e-01 7.337893e-04 6.818476e-03 8.305319e+01 -7.337076e-04 9.999997e-01 -1.442431e-05 -4.327371e+00 -6.818457e-03 9.418071e-06 9.999767e-01 3.540877e+01
9.996196e-01 -6.323273e-04 -2.757328e-02 8.347599e+01 6.457388e-04 9.999997e-01 4.775076e-04 -4.347164e+00 2.757294e-02 -4.951280e-04 9.996198e-01 3.555928e+01
9.999147e-01 6.516570e-04 1.304159e-02 8.400438e+01 -6.498265e-04 9.999998e-01 -1.445649e-04 -4.370145e+00 -1.304166e-02 1.360748e-04 9.999148e-01 3.568520e+01
9.995363e-01 -6.008611e-04 -3.044255e-02 8.451641e+01 6.176553e-04 9.999997e-01 5.422812e-04 -4.392762e+00 3.044220e-02 -5.608298e-04 9.995365e-01 3.582614e+01
9.997640e-01 5.881237e-04 2.171663e-02 8.498181e+01 -5.802806e-04 9.999998e-01 -3.674417e-04 -4.415668e+00 -2.171682e-02 3.547502e-04 9.997640e-01 3.602449e+01
9.996445e-01 -6.277565e-04 -2.665372e-02 8.558177e+01 6.404035e-04 9.999997e-01 4.659773e-04 -4.442453e+00 2.665340e-02 -4.828778e-04 9.996447e-01 3.618865e+01
9.998254e-01 5.860542e-04 1.867910e-02 8.621132e+01 -5.807491e-04 9.999998e-01 -2.894190e-04 -4.469428e+00 -1.867925e-02 2.785176e-04 9.998254e-01 3.632515e+01
9.995873e-01 -5.869973e-04 -2.872158e-02 8.673351e+01 6.016188e-04 9.999997e-01 5.004501e-04 -4.493017e+00 2.872126e-02 -5.175200e-04 9.995874e-01 3.646925e+01
9.998792e-01 6.013040e-04 1.553345e-02 8.724792e+01 -5.982249e-04 9.999998e-01 -2.028569e-04 -4.516209e+00 -1.553355e-02 1.935369e-04 9.998792e-01 3.662236e+01
9.997124e-01 -6.267209e-04 -2.397404e-02 8.769388e+01 6.365558e-04 9.999997e-01 4.026139e-04 -4.540841e+00 2.397376e-02 -4.177560e-04 9.997126e-01 3.691409e+01
9.999332e-01 6.356119e-04 1.154089e-02 8.808756e+01 -6.340316e-04 9.999998e-01 -1.405757e-04 -4.561378e+00 -1.154096e-02 1.332462e-04 9.999333e-01 3.710974e+01
9.996501e-01 -6.392077e-04 -2.644492e-02 8.861661e+01 6.513679e-04 9.999997e-01 4.512313e-04 -4.582851e+00 2.644461e-02 -4.682959e-04 9.996503e-01 3.716990e+01
9.999765e-01 7.042200e-04 6.822482e-03 8.910291e+01 -7.041305e-04 9.999998e-01 -1.549145e-05 -4.602370e+00 -6.822478e-03 1.068435e-05 9.999766e-01 3.721965e+01
9.996986e-01 -6.715108e-04 -2.454178e-02 8.964346e+01 6.820446e-04 9.999997e-01 4.208590e-04 -4.625157e+00 2.454148e-02 -4.374679e-04 9.996988e-01 3.732836e+01
