9.999995e-01 -3.304645e-05 -9.646039e-04 7.848299e-01 3.311788e-05 1.000000e+00 7.405392e-05 -3.484592e-02 9.646015e-04 -7.408632e-05 9.999996e-01 2.592900e-01
9.999991e-01 -6.882888e-05 -1.357260e-03 1.853440e+00 6.907616e-05 1.000000e+00 1.821272e-04 -8.500409e-02 1.357247e-03 -1.822203e-04 9.999990e-01 7.829167e-01
9.999991e-01 -3.558764e-05 -1.362608e-03 2.907812e+00 3.569408e-05 1.000000e+00 7.810512e-05 -1.345112e-01 1.362605e-03 -7.815422e-05 9.999992e-01 1.299188e+00
9.999996e-01 3.407061e-05 9.177229e-04 3.876092e+00 -3.417549e-05 1.000000e+00 1.142832e-04 -1.827653e-01 -9.177196e-04 -1.143139e-04 9.999995e-01 1.871813e+00
9.999860e-01 -1.364084e-04 -5.287362e-03 4.655250e+00 1.364162e-04 1.000000e+00 1.119653e-06 -2.138289e-01 5.287363e-03 -1.841487e-06 9.999861e-01 1.969809e+00
9.999998e-01 -2.867959e-06 5.826634e-04 5.483689e+00 2.847267e-06 1.000000e+00 3.555325e-05 -2.391139e-01 -5.826650e-04 -3.555101e-05 9.999997e-01 1.778965e+00
9.999778e-01 -1.262408e-04 -6.660390e-03 6.253500e+00 1.267921e-04 1.000000e+00 8.235657e-05 -2.679740e-01 6.660382e-03 -8.319981e-05 9.999779e-01 1.802074e+00
9.999841e-01 1.097764e-04 -5.646621e-03 6.541400e+00 -1.094100e-04 1.000000e+00 6.520650e-05 -2.806819e-01 5.646625e-03 -6.458706e-05 9.999840e-01 1.812863e+00
9.999961e-01 -1.030093e-04 -2.802807e-03 6.765724e+00 1.033718e-04 1.000000e+00 1.291985e-04 -3.017473e-01 2.802798e-03 -1.294883e-04 9.999962e-01 2.250387e+00
9.999590e-01 1.337394e-04 -9.050209e-03 7.161526e+00 -1.321831e-04 1.000000e+00 1.725493e-04 -3.246847e-01 9.050226e-03 -1.713453e-04 9.999589e-01 2.550846e+00
9.999675e-01 -1.123333e-04 8.057286e-03 7.733838e+00 1.135928e-04 1.000000e+00 -1.558730e-04 -3.524919e-01 -8.057263e-03 1.567825e-04 9.999676e-01 2.800895e+00
9.999819e-01 1.735576e-04 -6.018069e-03 8.415683e+00 -1.731096e-04 1.000000e+00 7.495293e-05 -3.814993e-01 6.018077e-03 -7.390914e-05 9.999818e-01 2.952139e+00
9.999951e-01 -2.251213e-04 -3.123977e-03 8.837545e+00 2.254549e-04 1.000000e+00 1.064606e-04 -4.038893e-01 3.123959e-03 -1.071651e-04 9.999952e-01 3.176438e+00
9.999824e-01 2.733804e-04 -5.919695e-03 8.882143e+00 -2.729094e-04 1.000000e+00 8.035976e-05 -4.212422e-01 5.919709e-03 -7.874214e-05 9.999824e-01 3.690673e+00
9.998672e-01 -1.261622e-04 -1.629540e-02 9.126641e+00 1.339924e-04 9.999999e-01 4.794256e-04 -4.415528e-01 1.629534e-02 -4.815461e-04 9.998672e-01 4.078304e+00
9.999763e-01 2.544256e-04 -6.880832e-03 9.536208e+00 -2.543225e-04 1.000000e+00 1.584778e-05 -4.597527e-01 6.880824e-03 -1.409667e-05 9.999762e-01 4.184635e+00
9.999483e-01 -2.010528e-04 -1.016229e-02 9.874563e+00 2.042013e-04 9.999999e-01 3.087882e-04 -4.758531e-01 1.016224e-02 -3.108482e-04 9.999484e-01 4.280429e+00
9.999523e-01 2.704318e-04 -9.760889e-03 1.018513e+01 -2.704010e-04 1.000000e+00 4.473875e-06 -4.847890e-01 9.760874e-03 -1.833468e-06 9.999523e-01 4.124754e+00
9.999816e-01 -2.211499e-04 -6.059415e-03 1.060832e+01 2.228122e-04 9.999999e-01 2.736590e-04 -4.980878e-01 6.059371e-03 -2.750050e-04 9.999817e-01 4.011131e+00
9.999659e-01 2.107644e-04 -8.255065e-03 1.118009e+01 -2.110351e-04 1.000000e+00 -3.193441e-05 -5.155108e-01 8.255040e-03 3.367631e-05 9.999658e-01 3.863177e+00
9.999915e-01 -2.560489e-04 4.110689e-03 1.175842e+01 2.557674e-04 1.000000e+00 6.899081e-05 -5.378651e-01 -4.110688e-03 -6.793974e-05 9.999916e-01 3.883406e+00
9.998702e-01 3.354447e-04 -1.610827e-02 1.193028e+01 -3.337195e-04 9.999999e-01 1.097828e-04 -5.488646e-01 1.610829e-02 -1.043920e-04 9.998701e-01 3.991063e+00
9.999505e-01 -3.479580e-04 9.941513e-03 1.217154e+01 3.484852e-04 9.999999e-01 -5.130623e-05 -5.640605e-01 -9.941474e-03 5.476724e-05 9.999507e-01 4.167206e+00
9.994610e-01 4.531896e-04 -3.282570e-02 1.240520e+01 -4.366687e-04 9.999998e-01 5.104538e-04 -5.767789e-01 3.282590e-02 -4.958438e-04 9.994609e-01 4.253733e+00
9.999441e-01 -3.338644e-04 1.057165e-02 1.274190e+01 3.339167e-04 9.999999e-01 -3.199762e-06 -5.961458e-01 -1.057163e-02 6.728626e-06 9.999442e-01 4.498027e+00
9.997183e-01 3.235194e-04 -2.373134e-02 1.303846e+01 -3.168272e-04 9.999999e-01 2.857519e-04 -6.157950e-01 2.373140e-02 -2.781516e-04 9.997182e-01 4.766349e+00
9.999969e-01 -2.776965e-04 2.455021e-03 1.313584e+01 2.774716e-04 1.000000e+00 9.187429e-05 -6.255853e-01 -2.455018e-03 -9.119388e-05 9.999971e-01 4.870780e+00
9.998861e-01 1.939382e-04 -1.508800e-02 1.351247e+01 -1.939498e-04 1.000000e+00 6.833171e-07 -6.353555e-01 1.508797e-02 2.244148e-06 9.998861e-01 4.630062e+00
9.999268e-01 -4.084766e-04 1.209508e-02 1.400828e+01 4.110256e-04 9.999999e-01 -2.082799e-04 -6.365329e-01 -1.209496e-02 2.132349e-04 9.999269e-01 3.843519e+00
9.999190e-01 1.017577e-05 -1.272920e-02 1.354659e+01 -1.277123e-05 1.000000e+00 -2.038302e-04 -5.958186e-01 1.272917e-02 2.039773e-04 9.999189e-01 2.333895e+00
9.999188e-01 -5.759363e-04 1.272912e-02 1.271957e+01 5.799186e-04 9.999998e-01 -3.091768e-04 -5.340648e-01 -1.272891e-02 3.165325e-04 9.999190e-01 3.005272e-01
9.998999e-01 1.072524e-04 -1.415050e-02 1.219600e+01 -1.091428e-04 1.000000e+00 -1.328294e-04 -4.844744e-01 1.415046e-02 1.343614e-04 9.998998e-01 -1.550913e+00
9.999581e-01 -4.054740e-04 9.142579e-03 1.189676e+01 4.066286e-04 9.999999e-01 -1.244497e-04 -4.551524e-01 -9.142498e-03 1.281612e-04 9.999583e-01 -2.741641e+00
9.999410e-01 6.579907e-05 -1.085803e-02 1.145880e+01 -6.804519e-05 1.000000e+00 -2.065071e-04 -4.221328e-01 1.085798e-02 2.072346e-04 9.999409e-01 -3.931215e+00
9.999469e-01 -5.356230e-04 1.029025e-02 1.074529e+01 5.379620e-04 9.999998e-01 -2.245602e-04 -3.720944e-01 -1.029010e-02 2.300832e-04 9.999471e-01 -5.565843e+00
9.999413e-01 -5.261563e-05 -1.083647e-02 9.809418e+00 4.984447e-05 1.000000e+00 -2.560092e-04 -3.089874e-01 1.083645e-02 2.554548e-04 9.999412e-01 -7.538295e+00
9.999569e-01 -6.005550e-04 9.267490e-03 8.797523e+00 6.028751e-04 9.999998e-01 -2.475645e-04 -2.394264e-01 -9.267309e-03 2.531402e-04 9.999571e-01 -9.725578e+00
9.999346e-01 2.962581e-05 -1.143575e-02 7.922739e+00 -3.189809e-05 1.000000e+00 -1.985290e-04 -1.780157e-01 1.143572e-02 1.988816e-04 9.999345e-01 -1.169352e+01
9.999413e-01 -5.078624e-04 1.082247e-02 7.203863e+00 5.106449e-04 9.999998e-01 -2.543489e-04 -1.262206e-01 -1.082231e-02 2.598597e-04 9.999415e-01 -1.339499e+01
9.999395e-01 -1.024234e-04 -1.099588e-02 6.266422e+00 9.948443e-05 1.000000e+00 -2.678370e-04 -5.945938e-02 1.099588e-02 2.667275e-04 9.999394e-01 -1.552134e+01
9.999326e-01 -5.301750e-04 1.159639e-02 5.244629e+00 5.335368e-04 9.999998e-01 -2.868151e-04 1.195118e-02 -1.159621e-02 2.929822e-04 9.999328e-01 -1.775269e+01
9.999433e-01 6.898257e-05 -1.065147e-02 4.548522e+00 -7.102285e-05 1.000000e+00 -1.911811e-04 6.506053e-02 1.065142e-02 1.919273e-04 9.999432e-01 -1.951572e+01
9.999278e-01 -4.138973e-04 1.201089e-02 3.947276e+00 4.164192e-04 9.999999e-01 -2.074785e-04 1.055161e-01 -1.201077e-02 2.124646e-04 9.999279e-01 -2.080472e+01
9.999457e-01 7.783112e-06 -1.042138e-02 3.301939e+00 -1.035954e-05 1.000000e+00 -2.471811e-04 1.540206e-01 1.042135e-02 2.472761e-04 9.999456e-01 -2.240626e+01
9.999365e-01 -4.446716e-04 1.125743e-02 2.615104e+00 4.471371e-04 9.999999e-01 -2.165050e-04 2.045390e-01 -1.125731e-02 2.215244e-04 9.999367e-01 -2.406215e+01
9.999337e-01 2.510374e-05 -1.151364e-02 1.970021e+00 -2.762492e-05 1.000000e+00 -2.188218e-04 2.525196e-01 1.151361e-02 2.191258e-04 9.999336e-01 -2.565824e+01
9.999420e-01 -5.372834e-04 1.075274e-02 1.180893e+00 5.400545e-04 9.999998e-01 -2.548214e-04 3.091961e-01 -1.075257e-02 2.606133e-04 9.999423e-01 -2.749552e+01
9.999273e-01 -7.512319e-05 -1.205695e-02 1.611998e-01 7.252932e-05 1.000000e+00 -2.155782e-04 3.753099e-01 1.205694e-02 2.146884e-04 9.999272e-01 -2.950775e+01
9.999734e-01 -3.307365e-04 7.280499e-03 -5.884808e-01 3.313028e-04 9.999999e-01 -7.658577e-05 4.215540e-01 -7.280442e-03 7.899544e-05 9.999736e-01 -3.091752e+01
9.995788e-01 2.748831e-04 -2.901962e-02 -8.369992e-01 -2.655420e-04 9.999999e-01 3.257388e-04 4.373543e-01 2.901967e-02 -3.178953e-04 9.995787e-01 -3.153217e+01
9.999991e-01 -2.269408e-04 1.321435e-03 -7.619712e-01 2.267974e-04 1.000000e+00 1.085512e-04 4.382364e-01 -1.321424e-03 -1.082518e-04 9.999992e-01 -3.185480e+01
9.995599e-01 3.589572e-04 -2.966217e-02 -4.653486e-01 -3.445777e-04 9.999998e-01 4.898825e-04 4.257740e-01 2.966231e-02 -4.794456e-04 9.995598e-01 -3.184673e+01
9.999952e-01 -2.094123e-04 3.079897e-03 -3.119808e-02 2.088806e-04 1.000000e+00 1.729133e-04 4.030480e-01 -3.079892e-03 -1.722696e-04 9.999953e-01 -3.158477e+01
9.994743e-01 4.314521e-04 -3.241655e-02 2.999512e-01 -4.127999e-04 9.999997e-01 5.820799e-04 3.830856e-01 3.241675e-02 -5.683918e-04 9.994742e-01 -3.129608e+01
9.999995e-01 -1.764443e-04 -9.493370e-04 6.257856e-01 1.766863e-04 1.000000e+00 2.550410e-04 3.648609e-01 9.493385e-04 -2.552093e-04 9.999996e-01 -3.106278e+01
9.995906e-01 3.600651e-04 -2.861085e-02 1.059443e+00 -3.456305e-04 9.999998e-01 5.094531e-04 3.423616e-01 2.861098e-02 -4.993550e-04 9.995904e-01 -3.080723e+01
9.999968e-01 -1.707146e-04 -2.509793e-03 1.429634e+00 1.713266e-04 1.000000e+00 2.437354e-04 3.238134e-01 2.509803e-03 -2.441654e-04 9.999969e-01 -3.063288e+01
9.996631e-01 3.411516e-04 -2.595194e-02 1.851670e+00 -3.290365e-04 9.999998e-01 4.710903e-04 3.029073e-01 2.595205e-02 -4.623916e-04 9.996630e-01 -3.042532e+01
9.999872e-01 -1.588455e-04 -5.053444e-03 2.351951e+00 1.606727e-04 9.999999e-01 3.612243e-04 2.778047e-01 5.053443e-03 -3.620325e-04 9.999873e-01 -3.014355e+01
9.995641e-01 4.028800e-04 -2.951832e-02 2.796891e+00 -3.859149e-04 9.999998e-01 5.804157e-04 2.540466e-01 2.951849e-02 -5.687702e-04 9.995640e-01 -2.984072e+01
9.999646e-01 -9.708643e-05 -8.417023e-03 3.118634e+00 1.005417e-04 9.999999e-01 4.101308e-04 2.348409e-01 8.417045e-03 -4.109635e-04 9.999646e-01 -2.955549e+01
9.994555e-01 4.182079e-04 -3.299289e-02 3.526778e+00 -3.946971e-04 9.999997e-01 7.190996e-04 2.117287e-01 3.299311e-02 -7.056848e-04 9.994552e-01 -2.922454e+01
9.999693e-01 -1.038742e-04 -7.830672e-03 3.973766e+00 1.069382e-04 9.999999e-01 3.909270e-04 1.873920e-01 7.830700e-03 -3.917536e-04 9.999693e-01 -2.888872e+01
9.993634e-01 4.836191e-04 -3.567397e-02 4.297056e+00 -4.557252e-04 9.999996e-01 7.900250e-04 1.664574e-01 3.567426e-02 -7.732632e-04 9.993631e-01 -2.853305e+01
9.999995e-01 -1.985174e-04 1.003833e-03 4.631409e+00 1.984618e-04 1.000000e+00 5.489859e-05 1.480303e-01 -1.003770e-03 -5.470068e-05 9.999996e-01 -2.830351e+01
9.996045e-01 3.381728e-04 -2.811983e-02 5.005165e+00 -3.222181e-04 9.999998e-01 5.718871e-04 1.302433e-01 2.811994e-02 -5.625989e-04 9.996043e-01 -2.817630e+01
9.999658e-01 -4.342854e-05 -8.277705e-03 5.230248e+00 4.601521e-05 1.000000e+00 3.123788e-04 1.155249e-01 8.277769e-03 -3.127505e-04 9.999658e-01 -2.796059e+01
9.994459e-01 3.756479e-04 -3.328304e-02 5.402940e+00 -3.538064e-04 9.999997e-01 6.620981e-04 1.040744e-01 3.328320e-02 -6.499540e-04 9.994457e-01 -2.781097e+01
9.999936e-01 -1.043937e-04 -3.576419e-03 5.475995e+00 1.047764e-04 1.000000e+00 1.070538e-04 9.827210e-02 3.576491e-03 -1.074294e-04 9.999937e-01 -2.779030e+01
9.995685e-01 3.211997e-04 -2.937206e-02 5.539835e+00 -3.054391e-04 9.999998e-01 5.410429e-04 9.427092e-02 2.937214e-02 -5.318366e-04 9.995683e-01 -2.784688e+01
9.999974e-01 -1.387790e-04 -2.300627e-03 5.588640e+00 1.388218e-04 1.000000e+00 1.881795e-05 9.417821e-02 2.300711e-03 -1.913883e-05 9.999974e-01 -2.805674e+01
9.997337e-01 3.168830e-04 -2.307147e-02 5.565001e+00 -3.064747e-04 9.999998e-01 4.546288e-04 9.436287e-02 2.307152e-02 -4.474354e-04 9.997336e-01 -2.817227e+01
9.999948e-01 -4.739132e-05 -3.228629e-03 5.648856e+00 4.793695e-05 1.000000e+00 1.692215e-04 8.276857e-02 3.228710e-03 -1.693770e-04 9.999948e-01 -2.790573e+01
9.993797e-01 4.835498e-04 -3.521120e-02 5.702344e+00 -4.556875e-04 9.999996e-01 7.992838e-04 7.271058e-02 3.521148e-02 -7.827412e-04 9.993795e-01 -2.764285e+01
9.996517e-01 -2.459758e-04 2.639148e-02 5.832127e+00 2.620737e-04 9.999998e-01 -6.065512e-04 5.610350e-02 -2.639123e-02 6.132548e-04 9.996516e-01 -2.723812e+01
9.999984e-01 6.547487e-04 1.644902e-03 6.016358e+00 -6.543025e-04 9.999997e-01 -2.712334e-04 3.974974e-02 -1.645169e-03 2.701582e-04 9.999985e-01 -2.692023e+01
9.997053e-01 -2.583069e-04 2.427700e-02 6.231422e+00 2.708507e-04 9.999998e-01 -5.134489e-04 2.068515e-02 -2.427677e-02 5.198715e-04 9.997052e-01 -2.652532e+01
9.999978e-01 6.353718e-04 1.990886e-03 6.614065e+00 -6.347518e-04 9.999997e-01 -3.116025e-04 -7.495773e-04 -1.991171e-03 3.103395e-04 9.999979e-01 -2.625530e+01
9.997567e-01 -2.822694e-04 2.205678e-02 7.079297e+00 2.916480e-04 9.999999e-01 -4.220227e-04 -2.375593e-02 -2.205657e-02 4.283514e-04 9.997567e-01 -2.603271e+01
9.999705e-01 5.129790e-04 -7.660093e-03 7.592809e+00 -5.131641e-04 9.999999e-01 -2.230385e-05 -5.003404e-02 7.659995e-03 2.623538e-05 9.999706e-01 -2.575510e+01
9.996264e-01 -2.025439e-04 2.733350e-02 8.124008e+00 2.176153e-04 9.999998e-01 -5.484436e-04 -7.777249e-02 -2.733330e-02 5.541856e-04 9.996263e-01 -2.543096e+01
9.999354e-01 4.679912e-04 -1.135642e-02 8.672102e+00 -4.670237e-04 9.999999e-01 8.778209e-05 -1.072202e-01 1.135638e-02 -8.247149e-05 9.999354e-01 -2.506443e+01
9.997863e-01 -2.751220e-04 2.067310e-02 9.216156e+00 2.822255e-04 9.999999e-01 -3.407256e-04 -1.372219e-01 -2.067292e-02 3.464861e-04 9.997863e-01 -2.468173e+01
9.999649e-01 5.189826e-04 -8.357602e-03 9.594759e+00 -5.189072e-04 9.999999e-01 1.111064e-05 -1.655219e-01 8.357524e-03 -6.772277e-06 9.999650e-01 -2.413314e+01
9.996719e-01 -2.035129e-04 2.561390e-02 9.876208e+00 2.158273e-04 9.999999e-01 -4.780322e-04 -1.919963e-01 -2.561372e-02 4.834024e-04 9.996719e-01 -2.352587e+01
9.998599e-01 3.962200e-04 -1.673214e-02 1.013527e+01 -3.927840e-04 9.999999e-01 2.086048e-04 -2.145245e-01 1.673214e-02 -2.020024e-04 9.998599e-01 -2.305685e+01
9.999925e-01 -2.859986e-04 3.869424e-03 1.027792e+01 2.855437e-04 1.000000e+00 1.179618e-04 -2.337895e-01 -3.869376e-03 -1.168571e-04 9.999926e-01 -2.257175e+01
9.997747e-01 4.636177e-04 -2.121801e-02 1.034630e+01 -4.568660e-04 9.999998e-01 3.230246e-04 -2.499871e-01 2.121808e-02 -3.132570e-04 9.997747e-01 -2.211691e+01
9.999262e-01 -1.098167e-04 -1.215133e-02 1.035073e+01 1.159225e-04 9.999999e-01 5.018323e-04 -2.604297e-01 1.215136e-02 -5.032051e-04 9.999261e-01 -2.179741e+01
9.995677e-01 5.870188e-04 -2.939540e-02 1.036533e+01 -5.710081e-04 9.999997e-01 5.530380e-04 -2.698357e-01 2.939563e-02 -5.360127e-04 9.995676e-01 -2.150669e+01
9.999684e-01 -2.017863e-04 -7.956165e-03 1.050623e+01 2.047533e-04 9.999999e-01 3.721915e-04 -2.814803e-01 7.956177e-03 -3.738101e-04 9.999684e-01 -2.129117e+01
9.997793e-01 4.846228e-04 -2.100216e-02 1.079002e+01 -4.767894e-04 9.999998e-01 3.779453e-04 -2.992113e-01 2.100225e-02 -3.678470e-04 9.997793e-01 -2.101660e+01
9.999837e-01 -2.149850e-04 -5.704635e-03 1.100007e+01 2.167391e-04 9.999999e-01 3.070051e-04 -3.158924e-01 5.704659e-03 -3.082379e-04 9.999838e-01 -2.069976e+01
9.996622e-01 5.529209e-04 -2.598270e-02 1.113807e+01 -5.405417e-04 9.999997e-01 4.834270e-04 -3.288622e-01 2.598287e-02 -4.692176e-04 9.996622e-01 -2.042888e+01
9.999786e-01 -2.032698e-04 -6.550385e-03 1.125817e+01 2.055107e-04 9.999999e-01 3.415707e-04 -3.424887e-01 6.550408e-03 -3.429109e-04 9.999786e-01 -2.010837e+01
9.997745e-01 4.873038e-04 -2.123011e-02 1.141389e+01 -4.802882e-04 9.999998e-01 3.355049e-04 -3.561978e-01 2.123017e-02 -3.252313e-04 9.997745e-01 -1.983470e+01
9.999664e-01 -4.036584e-04 8.193284e-03 1.174302e+01 4.038304e-04 9.999999e-01 -1.945835e-05 -3.767608e-01 -8.193180e-03 2.276498e-05 9.999665e-01 -1.953307e+01
9.999345e-01 4.149504e-04 -1.143739e-02 1.222532e+01 -4.141136e-04 9.999999e-01 7.543873e-05 -4.005484e-01 1.143733e-02 -7.069602e-05 9.999345e-01 -1.933413e+01
9.999746e-01 -3.887584e-04 7.127075e-03 1.255301e+01 3.885560e-04 9.999999e-01 2.963723e-05 -4.235023e-01 -7.126991e-03 -2.686862e-05 9.999747e-01 -1.895125e+01
9.999813e-01 4.523357e-04 -6.096920e-03 1.297607e+01 -4.527187e-04 9.999999e-01 -6.161125e-05 -4.488176e-01 6.096797e-03 6.437167e-05 9.999813e-01 -1.859805e+01
9.999828e-01 -4.185943e-04 5.856972e-03 1.341505e+01 4.181255e-04 9.999999e-01 8.108884e-05 -4.755931e-01 -5.856911e-03 -7.863990e-05 9.999829e-01 -1.820545e+01
9.999669e-01 4.460644e-04 -8.115875e-03 1.372309e+01 -4.460305e-04 9.999999e-01 5.857377e-06 -5.010264e-01 8.115781e-03 -2.235875e-06 9.999670e-01 -1.768856e+01
9.999730e-01 -4.280126e-04 7.337715e-03 1.418452e+01 4.277863e-04 9.999999e-01 3.227282e-05 -5.279860e-01 -7.337634e-03 -2.913438e-05 9.999731e-01 -1.732147e+01
9.999675e-01 4.380192e-04 -8.051367e-03 1.466823e+01 -4.381580e-04 9.999999e-01 -1.559322e-05 -5.538268e-01 8.051265e-03 1.912187e-05 9.999675e-01 -1.703426e+01
9.999903e-01 -4.437036e-04 4.388858e-03 1.514101e+01 4.432850e-04 9.999999e-01 9.611532e-05 -5.784987e-01 -4.388805e-03 -9.417029e-05 9.999904e-01 -1.678007e+01
9.999872e-01 4.591975e-04 -5.029959e-03 1.562678e+01 -4.595805e-04 9.999999e-01 -7.519281e-05 -6.049972e-01 5.029829e-03 7.750491e-05 9.999873e-01 -1.646763e+01
9.999894e-01 -4.466216e-04 4.591195e-03 1.616923e+01 4.462369e-04 9.999999e-01 8.458300e-05 -6.322055e-01 -4.591137e-03 -8.253476e-05 9.999895e-01 -1.620205e+01
9.999894e-01 5.067208e-04 -4.577073e-03 1.647718e+01 -5.070337e-04 9.999999e-01 -6.743463e-05 -6.569793e-01 4.576943e-03 6.975602e-05 9.999895e-01 -1.571238e+01
9.999805e-01 -4.243483e-04 6.241937e-03 1.682442e+01 4.242911e-04 9.999999e-01 1.031982e-05 -6.805501e-01 -6.241846e-03 -7.672633e-06 9.999806e-01 -1.532533e+01
9.999947e-01 5.360791e-04 -3.191940e-03 1.728302e+01 -5.363105e-04 9.999999e-01 -7.195311e-05 -7.095074e-01 3.191806e-03 7.366596e-05 9.999948e-01 -1.486380e+01
9.999871e-01 -4.474022e-04 5.071939e-03 1.780224e+01 4.471232e-04 9.999999e-01 5.593184e-05 -7.394689e-01 -5.071869e-03 -5.366473e-05 9.999872e-01 -1.444455e+01
9.999895e-01 4.756023e-04 -4.546700e-03 1.841731e+01 -4.758882e-04 9.999999e-01 -6.203198e-05 -7.691659e-01 4.546575e-03 6.419641e-05 9.999896e-01 -1.417607e+01
9.999850e-01 -4.222817e-04 5.463056e-03 1.891338e+01 4.219854e-04 9.999999e-01 5.520077e-05 -7.972121e-01 -5.462984e-03 -5.289600e-05 9.999851e-01 -1.380935e+01
9.999987e-01 5.488407e-04 -1.459976e-03 1.928593e+01 -5.490678e-04 9.999998e-01 -1.558559e-04 -8.236928e-01 1.459795e-03 1.566587e-04 9.999989e-01 -1.333677e+01
9.999925e-01 -4.282496e-04 3.863777e-03 1.959575e+01 4.277581e-04 9.999999e-01 1.277574e-04 -8.507305e-01 -3.863736e-03 -1.261050e-04 9.999926e-01 -1.275242e+01
9.999936e-01 4.991260e-04 -3.527929e-03 1.992774e+01 -4.994111e-04 9.999999e-01 -8.020177e-05 -8.789953e-01 3.527794e-03 8.196449e-05 9.999937e-01 -1.214507e+01
9.999740e-01 -3.756314e-04 7.210214e-03 2.034708e+01 3.756811e-04 9.999999e-01 -5.682112e-06 -9.064909e-01 -7.210117e-03 8.389341e-06 9.999741e-01 -1.169178e+01
9.999990e-01 5.264178e-04 -1.282812e-03 2.079505e+01 -5.266081e-04 9.999999e-01 -1.487963e-04 -9.347386e-01 1.282639e-03 1.494730e-04 9.999991e-01 -1.124491e+01
9.999899e-01 -4.096540e-04 4.493982e-03 2.114075e+01 4.093428e-04 9.999999e-01 6.994344e-05 -9.604200e-01 -4.493916e-03 -6.810450e-05 9.999900e-01 -1.076846e+01
9.999994e-01 5.349575e-04 -8.718275e-04 2.145309e+01 -5.350997e-04 9.999998e-01 -1.639705e-04 -9.856603e-01 8.716455e-04 1.644382e-04 9.999995e-01 -1.026606e+01
9.999861e-01 -4.007716e-04 5.268470e-03 2.183882e+01 4.004628e-04 9.999999e-01 5.949335e-05 -1.013255e+00 -5.268400e-03 -5.738401e-05 9.999862e-01 -9.762803e+00
9.999996e-01 5.214628e-04 -7.356098e-04 2.237150e+01 -5.215941e-04 9.999998e-01 -1.795828e-04 -1.042118e+00 7.354222e-04 1.799677e-04 9.999996e-01 -9.412191e+00
9.999987e-01 -4.754001e-04 1.562250e-03 2.291293e+01 4.751385e-04 9.999999e-01 1.672127e-04 -1.070358e+00 -1.562235e-03 -1.664715e-04 9.999988e-01 -9.102851e+00
9.999998e-01 5.522712e-04 -1.967326e-04 2.341218e+01 -5.523001e-04 9.999998e-01 -1.514379e-04 -1.101683e+00 1.965551e-04 1.515478e-04 9.999999e-01 -8.598398e+00
9.999879e-01 -4.241808e-04 4.910487e-03 2.395932e+01 4.239154e-04 9.999999e-01 5.489644e-05 -1.133302e+00 -4.910417e-03 -5.281544e-05 9.999880e-01 -8.145921e+00
9.999788e-01 6.602605e-04 6.478660e-03 2.457846e+01 -6.581834e-04 9.999997e-01 -3.225953e-04 -1.168537e+00 -6.478964e-03 3.183255e-04 9.999789e-01 -7.636734e+00
9.999997e-01 -4.704027e-04 6.034332e-04 2.511893e+01 4.702907e-04 9.999999e-01 1.843931e-04 -1.202683e+00 -6.034269e-04 -1.841105e-04 9.999999e-01 -7.061774e+00
9.999911e-01 5.961480e-04 4.180316e-03 2.562517e+01 -5.948483e-04 9.999998e-01 -3.119383e-04 -1.231490e+00 -4.180594e-03 3.094501e-04 9.999911e-01 -6.672387e+00
9.999873e-01 -4.288165e-04 5.031497e-03 2.612808e+01 4.285972e-04 9.999999e-01 4.449895e-05 -1.259084e+00 -5.031423e-03 -4.234312e-05 9.999874e-01 -6.326355e+00
9.999976e-01 5.139711e-04 -2.118807e-03 2.676173e+01 -5.141910e-04 9.999999e-01 -1.036577e-04 -1.290867e+00 2.118662e-03 1.047481e-04 9.999977e-01 -5.987131e+00
9.999955e-01 -4.778620e-04 2.968156e-03 2.749447e+01 4.774941e-04 9.999999e-01 1.243804e-04 -1.325635e+00 -2.968123e-03 -1.229638e-04 9.999957e-01 -5.659400e+00
9.999795e-01 6.491603e-04 6.362114e-03 2.835802e+01 -6.467935e-04 9.999997e-01 -3.739410e-04 -1.362930e+00 -6.362447e-03 3.698195e-04 9.999796e-01 -5.400870e+00
9.999509e-01 -3.858364e-04 9.906907e-03 2.914756e+01 3.866542e-04 9.999999e-01 -8.071324e-05 -1.397531e+00 -9.906784e-03 8.453867e-05 9.999510e-01 -5.146050e+00
9.999717e-01 6.690195e-04 7.493148e-03 2.988895e+01 -6.659976e-04 9.999997e-01 -4.056676e-04 -1.431998e+00 -7.493507e-03 4.006667e-04 9.999718e-01 -4.833043e+00
9.999838e-01 -4.320837e-04 5.688230e-03 3.059442e+01 4.317545e-04 9.999999e-01 5.898179e-05 -1.466230e+00 -5.688165e-03 -5.652600e-05 9.999839e-01 -4.480097e+00
9.999945e-01 6.043349e-04 3.249072e-03 3.124614e+01 -6.033425e-04 9.999998e-01 -3.062044e-04 -1.498097e+00 -3.249346e-03 3.042434e-04 9.999946e-01 -4.156791e+00
9.999798e-01 -4.123157e-04 6.347851e-03 3.189980e+01 4.119225e-04 9.999999e-01 6.315375e-05 -1.531271e+00 -6.347787e-03 -6.053868e-05 9.999799e-01 -3.779738e+00
9.999996e-01 5.491451e-04 -7.165162e-04 3.262101e+01 -5.492719e-04 9.999998e-01 -1.777418e-04 -1.567323e+00 7.163295e-04 1.781363e-04 9.999997e-01 -3.373227e+00
9.999602e-01 -3.692902e-04 8.913029e-03 3.350118e+01 3.693540e-04 9.999999e-01 -5.573480e-06 -1.606792e+00 -8.912938e-03 8.864319e-06 9.999604e-01 -3.037895e+00
9.999845e-01 4.679114e-04 -5.545098e-03 3.427927e+01 -4.680248e-04 9.999999e-01 -1.926918e-05 -1.644761e+00 5.545000e-03 2.186509e-05 9.999846e-01 -2.627508e+00
9.999383e-01 -3.126375e-04 1.111049e-02 3.481859e+01 3.135492e-04 9.999999e-01 -8.037453e-05 -1.677914e+00 -1.111037e-02 8.385226e-05 9.999383e-01 -2.091191e+00
9.999800e-01 4.479936e-04 -6.299152e-03 3.538358e+01 -4.481066e-04 9.999999e-01 -1.662892e-05 -1.710300e+00 6.299056e-03 1.945222e-05 9.999801e-01 -1.626402e+00
9.998870e-01 -2.620766e-04 1.503346e-02 3.596552e+01 2.651266e-04 9.999999e-01 -2.009253e-04 -1.741951e+00 -1.503332e-02 2.048874e-04 9.998870e-01 -1.209745e+00
9.999966e-01 5.127048e-04 -2.542159e-03 3.638898e+01 -5.130036e-04 9.999999e-01 -1.171090e-04 -1.772730e+00 2.542012e-03 1.184137e-04 9.999967e-01 -6.165165e-01
9.999583e-01 -2.973524e-04 9.130864e-03 3.666048e+01 2.971233e-04 1.000000e+00 2.638338e-05 -1.804389e+00 -9.130785e-03 -2.367019e-05 9.999584e-01 2.223314e-01
9.999905e-01 4.346792e-04 -4.329305e-03 3.734143e+01 -4.351267e-04 9.999999e-01 -1.025423e-04 -1.840482e+00 4.329174e-03 1.044260e-04 9.999905e-01 6.883979e-01
9.999652e-01 -3.309151e-04 8.340136e-03 3.818490e+01 3.304479e-04 9.999999e-01 5.733982e-05 -1.879651e+00 -8.340069e-03 -5.458273e-05 9.999653e-01 1.057242e+00
9.999842e-01 4.240859e-04 -5.601910e-03 3.893169e+01 -4.243448e-04 9.999999e-01 -4.511389e-05 -1.918296e+00 5.601805e-03 4.749117e-05 9.999842e-01 1.537442e+00
9.999688e-01 -3.606460e-04 7.896059e-03 3.979797e+01 3.603077e-04 9.999999e-01 4.420224e-05 -1.957741e+00 -7.895988e-03 -4.135673e-05 9.999689e-01 1.882618e+00
9.999895e-01 4.489984e-04 -4.553535e-03 4.066787e+01 -4.493615e-04 9.999999e-01 -7.883314e-05 -1.997108e+00 4.553413e-03 8.087934e-05 9.999896e-01 2.224207e+00
9.999689e-01 -3.514878e-04 7.887612e-03 4.140005e+01 3.512079e-04 9.999999e-01 3.680399e-05 -2.032666e+00 -7.887539e-03 -3.403352e-05 9.999690e-01 2.594606e+00
9.999900e-01 4.424514e-04 -4.445219e-03 4.215878e+01 -4.429284e-04 9.999999e-01 -1.064475e-04 -2.067481e+00 4.445086e-03 1.084162e-04 9.999900e-01 2.892235e+00
9.999531e-01 -3.115249e-04 9.677761e-03 4.277658e+01 3.117169e-04 1.000000e+00 -1.838309e-05 -2.099281e+00 -9.677670e-03 2.139811e-05 9.999532e-01 3.255402e+00
9.999893e-01 4.353635e-04 -4.602259e-03 4.331593e+01 -4.358896e-04 9.999999e-01 -1.134301e-04 -2.129024e+00 4.602124e-03 1.154357e-04 9.999893e-01 3.637366e+00
9.999343e-01 -2.799124e-04 1.146497e-02 4.366030e+01 2.809309e-04 1.000000e+00 -8.726575e-05 -2.153537e+00 -1.146486e-02 9.048007e-05 9.999343e-01 4.059553e+00
9.999879e-01 4.196357e-04 -4.905633e-03 4.391588e+01 -4.203445e-04 9.999999e-01 -1.435541e-04 -2.172943e+00 4.905488e-03 1.456152e-04 9.999879e-01 4.401394e+00
9.998941e-01 -2.223238e-04 1.455551e-02 4.416899e+01 2.242099e-04 1.000000e+00 -1.279808e-04 -2.196880e+00 -1.455540e-02 1.312300e-04 9.998941e-01 4.940017e+00
9.999959e-01 4.240288e-04 -2.811905e-03 4.474993e+01 -4.246145e-04 9.999999e-01 -2.078435e-04 -2.227520e+00 2.811733e-03 2.090373e-04 9.999959e-01 5.305817e+00
9.999473e-01 -2.765163e-04 1.026114e-02 4.521162e+01 2.766749e-04 1.000000e+00 -1.407230e-05 -2.253910e+00 -1.026105e-02 1.690986e-05 9.999474e-01 5.655997e+00
9.999889e-01 3.883539e-04 -4.685673e-03 4.571013e+01 -3.891680e-04 9.999999e-01 -1.729080e-04 -2.278869e+00 4.685523e-03 1.747303e-04 9.999889e-01 5.896548e+00
9.999732e-01 -3.186622e-04 7.318053e-03 4.628677e+01 3.182432e-04 9.999999e-01 5.836582e-05 -2.304005e+00 -7.317989e-03 -5.603601e-05 9.999733e-01 6.036944e+00
9.999909e-01 3.835444e-04 -4.236449e-03 4.685356e+01 -3.845229e-04 9.999999e-01 -2.302416e-04 -2.325256e+00 4.236278e-03 2.318691e-04 9.999909e-01 6.037147e+00
9.999383e-01 -2.916158e-04 1.110313e-02 4.732459e+01 2.927720e-04 1.000000e+00 -1.025382e-04 -2.339488e+00 -1.110302e-02 1.057819e-04 9.999384e-01 5.888462e+00
9.999939e-01 4.056778e-04 -3.468170e-03 4.757085e+01 -4.066215e-04 9.999999e-01 -2.714970e-04 -2.346151e+00 3.467978e-03 2.729061e-04 9.999939e-01 5.705711e+00
9.999401e-01 -2.885769e-04 1.094092e-02 4.797608e+01 2.897378e-04 1.000000e+00 -1.045500e-04 -2.355688e+00 -1.094081e-02 1.077132e-04 9.999402e-01 5.451174e+00
9.999411e-01 6.054121e-04 1.083099e-02 4.846690e+01 -5.992277e-04 9.999997e-01 -5.742057e-04 -2.378634e+00 -1.083142e-02 5.676822e-04 9.999411e-01 5.628478e+00
9.999467e-01 -2.688912e-04 1.032236e-02 4.872624e+01 2.692626e-04 1.000000e+00 -3.461531e-05 -2.402600e+00 -1.032227e-02 3.739245e-05 9.999468e-01 6.160517e+00
9.998531e-01 6.847132e-04 1.712743e-02 4.896332e+01 -6.714953e-04 9.999995e-01 -7.774647e-04 -2.425309e+00 -1.712803e-02 7.658498e-04 9.998529e-01 6.675558e+00
9.999536e-01 -2.737915e-04 9.628637e-03 4.927818e+01 2.738748e-04 1.000000e+00 -7.343195e-06 -2.449420e+00 -9.628561e-03 9.979613e-06 9.999537e-01 7.142037e+00
9.998652e-01 6.568108e-04 1.640779e-02 4.968256e+01 -6.439766e-04 9.999995e-01 -7.874621e-04 -2.471934e+00 -1.640838e-02 7.767898e-04 9.998650e-01 7.419762e+00
9.999810e-01 -3.135762e-04 6.154113e-03 5.007112e+01 3.130311e-04 9.999999e-01 8.952238e-05 -2.492932e+00 -6.154070e-03 -8.759439e-05 9.999811e-01 7.659786e+00
9.998828e-01 6.388922e-04 1.529531e-02 5.042875e+01 -6.272389e-04 9.999995e-01 -7.666675e-04 -2.513999e+00 -1.529586e-02 7.569839e-04 9.998826e-01 7.946265e+00
9.999970e-01 -3.514603e-04 2.430472e-03 5.087994e+01 3.509075e-04 9.999999e-01 2.278722e-04 -2.538375e+00 -2.430484e-03 -2.270187e-04 9.999971e-01 8.242301e+00
9.998166e-01 6.899280e-04 1.914010e-02 5.119238e+01 -6.728301e-04 9.999994e-01 -8.997262e-04 -2.560520e+00 -1.914078e-02 8.866830e-04 9.998163e-01 8.634512e+00
9.999861e-01 -2.744894e-04 5.263376e-03 5.137201e+01 2.734266e-04 9.999999e-01 2.026527e-04 -2.583610e+00 -5.263367e-03 -2.012107e-04 9.999862e-01 9.240443e+00
9.999372e-01 5.586928e-04 1.119227e-02 5.169467e+01 -5.513011e-04 9.999996e-01 -6.635021e-04 -2.610780e+00 -1.119270e-02 6.572899e-04 9.999371e-01 9.820624e+00
9.999671e-01 -2.248321e-04 8.104305e-03 5.183523e+01 2.239005e-04 1.000000e+00 1.158712e-04 -2.633832e+00 -8.104268e-03 -1.140526e-04 9.999672e-01 1.047165e+01
9.998067e-01 6.364085e-04 1.964939e-02 5.230389e+01 -6.175660e-04 9.999993e-01 -9.649914e-04 -2.657990e+00 -1.965005e-02 9.526698e-04 9.998064e-01 1.073478e+01
9.999681e-01 -2.078420e-04 7.989989e-03 5.298815e+01 2.066085e-04 1.000000e+00 1.552137e-04 -2.687704e+00 -7.989963e-03 -1.535575e-04 9.999682e-01 1.093419e+01
9.997451e-01 6.667011e-04 2.256646e-02 5.360668e+01 -6.427664e-04 9.999992e-01 -1.067875e-03 -2.715237e+00 -2.256721e-02 1.053097e-03 9.997447e-01 1.113447e+01
9.999798e-01 -2.217110e-04 6.349554e-03 5.418273e+01 2.204677e-04 1.000000e+00 1.965329e-04 -2.740636e+00 -6.349544e-03 -1.951284e-04 9.999799e-01 1.130472e+01
9.997303e-01 6.703368e-04 2.321369e-02 5.453025e+01 -6.450963e-04 9.999992e-01 -1.094791e-03 -2.762425e+00 -2.321445e-02 1.079520e-03 9.997298e-01 1.163492e+01
9.999997e-01 -2.989487e-04 6.511242e-04 5.496825e+01 2.987094e-04 9.999999e-01 3.679075e-04 -2.785610e+00 -6.511861e-04 -3.677121e-04 9.999998e-01 1.189631e+01
9.998294e-01 6.050998e-04 1.846239e-02 5.531170e+01 -5.877444e-04 9.999994e-01 -9.454632e-04 -2.809029e+00 -1.846299e-02 9.344498e-04 9.998290e-01 1.229356e+01
9.999999e-01 -3.007491e-04 4.452259e-04 5.577822e+01 3.005834e-04 9.999999e-01 3.727296e-04 -2.834751e+00 -4.452933e-04 -3.725949e-04 9.999999e-01 1.262258e+01
9.997621e-01 6.525433e-04 2.180263e-02 5.608965e+01 -6.297527e-04 9.999992e-01 -1.052171e-03 -2.857047e+00 -2.180334e-02 1.038189e-03 9.997616e-01 1.302185e+01
9.999978e-01 -2.744992e-04 2.087185e-03 5.642391e+01 2.738432e-04 9.999999e-01 3.147030e-04 -2.877607e+00 -2.087231e-03 -3.141297e-04 9.999979e-01 1.331834e+01
9.998794e-01 5.474956e-04 1.552318e-02 5.693141e+01 -5.342051e-04 9.999995e-01 -8.603180e-04 -2.902397e+00 -1.552368e-02 8.519205e-04 9.998790e-01 1.354618e+01
9.999940e-01 -2.478231e-04 3.449190e-03 5.745739e+01 2.468080e-04 9.999999e-01 2.947826e-04 -2.929269e+00 -3.449225e-03 -2.939283e-04 9.999941e-01 1.384207e+01
9.998927e-01 5.159372e-04 1.463823e-02 5.798542e+01 -5.030280e-04 9.999995e-01 -8.855664e-04 -2.951230e+00 -1.463871e-02 8.781067e-04 9.998924e-01 1.392773e+01
9.999902e-01 -2.280904e-04 4.429208e-03 5.845643e+01 2.269414e-04 9.999999e-01 2.599658e-04 -2.971176e+00 -4.429234e-03 -2.589568e-04 9.999903e-01 1.401197e+01
9.999322e-01 4.763489e-04 1.163734e-02 5.900211e+01 -4.673444e-04 9.999996e-01 -7.764781e-04 -2.994945e+00 -1.163774e-02 7.709854e-04 9.999319e-01 1.414744e+01
9.999971e-01 -2.449405e-04 2.399930e-03 5.967286e+01 2.441022e-04 9.999999e-01 3.496825e-04 -3.023598e+00 -2.399984e-03 -3.490942e-04 9.999972e-01 1.431843e+01
9.999825e-01 3.965388e-04 5.895909e-03 6.040253e+01 -3.928938e-04 9.999997e-01 -6.193889e-04 -3.051936e+00 -5.896183e-03 6.170602e-04 9.999823e-01 1.439238e+01
9.999685e-01 -1.813688e-04 7.934836e-03 6.111423e+01 1.801734e-04 1.000000e+00 1.513834e-04 -3.075623e+00 -7.934834e-03 -1.499474e-04 9.999686e-01 1.431113e+01
9.999337e-01 4.756001e-04 1.150837e-02 6.158046e+01 -4.666680e-04 9.999996e-01 -7.788327e-04 -3.096582e+00 -1.150876e-02 7.734088e-04 9.999334e-01 1.444419e+01
9.999693e-01 -1.703116e-04 7.829773e-03 6.208647e+01 1.688799e-04 1.000000e+00 1.835305e-04 -3.121501e+00 -7.829780e-03 -1.822010e-04 9.999694e-01 1.468704e+01
9.999170e-01 4.972567e-04 1.287723e-02 6.276708e+01 -4.867080e-04 9.999995e-01 -8.223066e-04 -3.147854e+00 -1.287766e-02 8.159691e-04 9.999166e-01 1.475833e+01
9.999539e-01 -1.581830e-04 9.599506e-03 6.303509e+01 1.571711e-04 1.000000e+00 1.061923e-04 -3.162684e+00 -9.599502e-03 -1.046769e-04 9.999540e-01 1.489739e+01
9.999053e-01 5.215572e-04 1.375416e-02 6.317706e+01 -5.102303e-04 9.999995e-01 -8.270327e-04 -3.180676e+00 -1.375460e-02 8.199347e-04 9.999050e-01 1.534130e+01
9.999530e-01 -1.527735e-04 9.689762e-03 6.348547e+01 1.517664e-04 1.000000e+00 1.046848e-04 -3.201524e+00 -9.689762e-03 -1.032073e-04 9.999531e-01 1.568694e+01
9.998397e-01 5.816562e-04 1.789750e-02 6.411251e+01 -5.647211e-04 9.999994e-01 -9.512731e-04 -3.226871e+00 -1.789805e-02 9.410115e-04 9.998393e-01 1.579074e+01
9.999080e-01 -7.839748e-05 1.356098e-02 6.476831e+01 7.834578e-05 1.000000e+00 4.351554e-06 -3.251620e+00 -1.356097e-02 -3.286589e-06 9.999081e-01 1.583576e+01
9.998977e-01 5.096959e-04 1.429609e-02 6.540125e+01 -4.973795e-04 9.999995e-01 -8.650646e-04 -3.275650e+00 -1.429653e-02 8.578633e-04 9.998973e-01 1.587826e+01
9.998509e-01 -8.211070e-06 1.726712e-02 6.604990e+01 9.697437e-06 1.000000e+00 -8.599398e-05 -3.300544e+00 -1.726712e-02 8.615091e-05 9.998510e-01 1.593644e+01
9.997762e-01 6.036582e-04 2.114632e-02 6.662988e+01 -5.808263e-04 9.999992e-01 -1.085836e-03 -3.322306e+00 -2.114696e-02 1.073308e-03 9.997757e-01 1.596286e+01
9.998815e-01 -2.247050e-05 1.539294e-02 6.712385e+01 2.295082e-05 1.000000e+00 -3.102951e-05 -3.341745e+00 -1.539294e-02 3.138165e-05 9.998816e-01 1.600646e+01
9.997996e-01 5.215563e-04 2.001379e-02 6.746670e+01 -4.996570e-04 9.999993e-01 -1.099192e-03 -3.352194e+00 -2.001434e-02 1.088969e-03 9.997990e-01 1.586086e+01
9.999266e-01 -9.705006e-05 1.211260e-02 6.771846e+01 9.663225e-05 1.000000e+00 3.506836e-05 -3.357255e+00 -1.211261e-02 -3.389257e-05 9.999267e-01 1.559643e+01
9.998406e-01 5.320086e-04 1.784894e-02 6.816994e+01 -5.139654e-04 9.999994e-01 -1.015441e-03 -3.370477e+00 -1.784946e-02 1.006102e-03 9.998401e-01 1.543716e+01
9.999613e-01 -1.062144e-04 8.798052e-03 6.877092e+01 1.047630e-04 1.000000e+00 1.653968e-04 -3.390167e+00 -8.798085e-03 -1.644658e-04 9.999614e-01 1.535123e+01
9.999083e-01 4.478375e-04 1.353291e-02 6.955720e+01 -4.361436e-04 9.999995e-01 -8.670276e-04 -3.415666e+00 -1.353327e-02 8.610428e-04 9.999080e-01 1.524910e+01
9.999688e-01 -1.193213e-04 7.894639e-03 7.034983e+01 1.178584e-04 1.000000e+00 1.857245e-04 -3.440248e+00 -7.894680e-03 -1.847852e-04 9.999689e-01 1.510365e+01
9.998798e-01 4.490978e-04 1.549532e-02 7.102096e+01 -4.340135e-04 9.999994e-01 -9.768005e-04 -3.458817e+00 -1.549573e-02 9.699549e-04 9.998794e-01 1.488227e+01
9.999672e-01 -1.019383e-04 8.101640e-03 7.166585e+01 1.002528e-04 1.000000e+00 2.084115e-04 -3.479042e+00 -8.101686e-03 -2.075892e-04 9.999673e-01 1.475756e+01
9.999749e-01 3.309120e-04 7.080812e-03 7.256289e+01 -3.260770e-04 9.999997e-01 -6.839201e-04 -3.507373e+00 -7.081011e-03 6.815908e-04 9.999746e-01 1.461890e+01
9.999523e-01 -6.790129e-05 9.766350e-03 7.346483e+01 6.629169e-05 1.000000e+00 1.650871e-04 -3.536391e+00 -9.766389e-03 -1.644285e-04 9.999524e-01 1.450610e+01
9.999987e-01 2.380050e-04 1.587901e-03 7.422168e+01 -2.371293e-04 9.999998e-01 -5.513161e-04 -3.561326e+00 -1.588004e-03 5.509355e-04 9.999985e-01 1.441251e+01
9.999588e-01 -7.591919e-05 9.081773e-03 7.497708e+01 7.417236e-05 1.000000e+00 1.926248e-04 -3.586921e+00 -9.081817e-03 -1.919399e-04 9.999588e-01 1.434711e+01
9.999826e-01 2.923706e-04 5.898007e-03 7.558324e+01 -2.883004e-04 9.999997e-01 -6.908460e-04 -3.609504e+00 -5.898176e-03 6.891302e-04 9.999823e-01 1.436337e+01
9.997838e-01 4.326782e-05 2.079260e-02 7.588481e+01 -3.951326e-05 1.000000e+00 -1.810107e-04 -3.622075e+00 -2.079264e-02 1.801534e-04 9.997839e-01 1.435636e+01
9.999999e-01 2.306451e-04 -3.408119e-04 7.641016e+01 -2.308128e-04 9.999999e-01 -4.938844e-04 -3.641945e+00 3.407334e-04 4.939595e-04 9.999997e-01 1.436900e+01
9.999724e-01 -1.262516e-04 7.431026e-03 7.699615e+01 1.246221e-04 1.000000e+00 2.196539e-04 -3.664491e+00 -7.431090e-03 -2.187182e-04 9.999725e-01 1.438944e+01
9.999980e-01 2.571106e-04 2.006051e-03 7.764493e+01 -2.559577e-04 9.999998e-01 -5.746057e-04 -3.686502e+00 -2.006162e-03 5.740875e-04 9.999977e-01 1.431550e+01
9.999636e-01 -1.026399e-04 8.535174e-03 7.835544e+01 1.007861e-04 1.000000e+00 2.175472e-04 -3.712327e+00 -8.535234e-03 -2.166755e-04 9.999636e-01 1.431126e+01
1.000000e+00 2.391940e-04 5.870459e-05 7.912835e+01 -2.391643e-04 9.999998e-01 -4.936534e-04 -3.741991e+00 -5.878391e-05 4.936358e-04 9.999998e-01 1.437194e+01
9.999970e-01 -1.909573e-04 2.455218e-03 7.996174e+01 1.899889e-04 9.999999e-01 3.943726e-04 -3.772298e+00 -2.455332e-03 -3.939014e-04 9.999970e-01 1.437252e+01
9.999691e-01 3.456386e-04 7.848820e-03 8.077691e+01 -3.399400e-04 9.999997e-01 -7.272750e-04 -3.801742e+00 -7.849028e-03 7.245808e-04 9.999688e-01 1.437675e+01
9.999968e-01 -1.790434e-04 2.514211e-03 8.138998e+01 1.780951e-04 9.999999e-01 3.770595e-04 -3.826560e+00 -2.514319e-03 -3.766069e-04 9.999969e-01 1.445508e+01
9.999560e-01 2.191697e-04 -9.374857e-03 8.195350e+01 -2.216240e-04 9.999999e-01 -2.608338e-04 -3.849673e+00 9.374839e-03 2.628964e-04 9.999559e-01 1.452532e+01
9.999997e-01 -2.064171e-04 7.248215e-04 8.259098e+01 2.060927e-04 9.999999e-01 4.465562e-04 -3.875682e+00 -7.249531e-04 -4.464030e-04 9.999997e-01 1.461381e+01
9.999220e-01 1.999312e-04 -1.248963e-02 8.334697e+01 -2.017567e-04 1.000000e+00 -1.449684e-04 -3.904209e+00 1.248964e-02 1.474734e-04 9.999219e-01 1.465317e+01
9.999963e-01 -2.125094e-04 -2.714695e-03 8.399747e+01 2.139323e-04 9.999998e-01 5.241332e-04 -3.929601e+00 2.714547e-03 -5.247085e-04 9.999963e-01 1.471515e+01
9.999083e-01 2.132465e-04 -1.353713e-02 8.462417e+01 -2.151639e-04 1.000000e+00 -1.402367e-04 -3.953790e+00 1.353714e-02 1.431330e-04 9.999083e-01 1.476558e+01
9.999945e-01 -2.393151e-04 -3.299621e-03 8.531185e+01 2.411207e-04 9.999998e-01 5.470048e-04 -3.979156e+00 3.299456e-03 -5.477939e-04 9.999945e-01 1.478009e+01
9.998323e-01 3.020919e-04 -1.831267e-02 8.586261e+01 -3.026232e-04 1.000000e+00 -2.627708e-05 -4.001056e+00 1.831270e-02 3.181106e-05 9.998322e-01 1.484564e+01
9.999975e-01 -2.290613e-04 -2.217676e-03 8.634072e+01 2.301700e-04 9.999998e-01 4.999505e-04 -4.021496e+00 2.217531e-03 -5.004563e-04 9.999975e-01 1.494890e+01
9.999170e-01 2.298354e-04 -1.287966e-02 8.694949e+01 -2.315247e-04 1.000000e+00 -1.297088e-04 -4.046401e+00 1.287966e-02 1.326766e-04 9.999169e-01 1.505023e+01
9.999981e-01 -2.531373e-04 -1.947877e-03 8.756526e+01 2.540855e-04 9.999998e-01 4.868073e-04 -4.071355e+00 1.947727e-03 -4.872979e-04 9.999981e-01 1.514253e+01
9.999696e-01 2.314661e-04 -7.789293e-03 8.808580e+01 -2.334969e-04 9.999999e-01 -2.598714e-04 -4.096059e+00 7.789259e-03 2.616790e-04 9.999695e-01 1.534385e+01
9.999972e-01 -2.768126e-04 2.367106e-03 8.866500e+01 2.758558e-04 9.999999e-01 4.043328e-04 -4.123593e+00 -2.367243e-03 -4.036753e-04 9.999972e-01 1.556936e+01
9.999336e-01 2.269593e-04 -1.152232e-02 8.936347e+01 -2.290434e-04 1.000000e+00 -1.795917e-04 -4.151679e+00 1.152230e-02 1.822156e-04 9.999335e-01 1.566376e+01
1.000000e+00 -2.507810e-04 -3.988015e-05 8.991676e+01 2.507987e-04 9.999999e-01 4.567233e-04 -4.176408e+00 3.974206e-05 -4.567300e-04 1.000000e+00 1.581908e+01
9.999081e-01 2.215234e-04 -1.355412e-02 9.057386e+01 -2.231976e-04 1.000000e+00 -1.220338e-04 -4.202641e+00 1.355412e-02 1.250446e-04 9.999080e-01 1.590684e+01
9.999997e-01 -2.354536e-04 7.273097e-04 9.110429e+01 2.351379e-04 9.999999e-01 4.336674e-04 -4.227276e+00 -7.274326e-04 -4.334930e-04 9.999997e-01 1.609591e+01
9.999492e-01 1.917706e-04 -1.007554e-02 9.164010e+01 -1.938797e-04 1.000000e+00 -2.083855e-04 -4.252578e+00 1.007552e-02 2.103251e-04 9.999491e-01 1.629104e+01
9.999916e-01 -2.082155e-04 -4.090380e-03 9.217040e+01 2.103109e-04 9.999998e-01 5.119375e-04 -4.273865e+00 4.090254e-03 -5.127903e-04 9.999916e-01 1.634418e+01
9.999325e-01 2.103545e-04 -1.161568e-02 9.274096e+01 -2.121658e-04 1.000000e+00 -1.547302e-04 -4.296459e+00 1.161567e-02 1.571810e-04 9.999324e-01 1.639927e+01
9.999901e-01 -2.126413e-04 -4.437595e-03 9.330394e+01 2.150321e-04 9.999998e-01 5.383511e-04 -4.320328e+00 4.437464e-03 -5.392970e-04 9.999901e-01 1.651751e+01
