9.994073e-01 5.411087e-04 3.442101e-02 3.194523e-01 -5.059485e-04 9.999993e-01 -1.030175e-03 -2.375242e-02 -3.442155e-02 1.012148e-03 9.994070e-01 4.512697e-01
9.999985e-01 2.526680e-05 1.743704e-03 5.036754e-01 -2.514643e-05 1.000000e+00 -6.904896e-05 -4.320796e-02 -1.743698e-03 6.900528e-05 9.999984e-01 9.047558e-01
9.995467e-01 4.694124e-04 3.010288e-02 6.330616e-01 -4.422316e-04 9.999995e-01 -9.095845e-04 -6.041708e-02 -3.010330e-02 8.958596e-04 9.995465e-01 1.331970e+00
9.999954e-01 4.763822e-05 3.025366e-03 8.171863e-01 -4.738234e-05 1.000000e+00 -8.464504e-05 -8.191248e-02 -3.025356e-03 8.450138e-05 9.999953e-01 1.862134e+00
9.992389e-01 5.860592e-04 3.900414e-02 9.941536e-01 -5.400510e-04 9.999991e-01 -1.190098e-03 -1.009292e-01 -3.900482e-02 1.168128e-03 9.992384e-01 2.304438e+00
9.999543e-01 1.164531e-04 9.559666e-03 1.078804e+00 -1.137598e-04 1.000000e+00 -2.822783e-04 -1.153011e-01 -9.559676e-03 2.811777e-04 9.999542e-01 2.668724e+00
9.995335e-01 5.111229e-04 3.053739e-02 1.240067e+00 -4.831879e-04 9.999995e-01 -9.221528e-04 -1.338402e-01 -3.053787e-02 9.069676e-04 9.995333e-01 3.113788e+00
9.999346e-01 1.178295e-04 1.143244e-02 1.386426e+00 -1.139645e-04 9.999999e-01 -3.387160e-04 -1.529016e-01 -1.143245e-02 3.373906e-04 9.999345e-01 3.597658e+00
9.994868e-01 5.340351e-04 3.202811e-02 1.522340e+00 -5.031548e-04 9.999994e-01 -9.722152e-04 -1.711215e-01 -3.202865e-02 9.556017e-04 9.994866e-01 4.062014e+00
9.999843e-01 6.030790e-05 5.596555e-03 1.701034e+00 -5.958724e-05 1.000000e+00 -1.289109e-04 -1.944598e-01 -5.596524e-03 1.285747e-04 9.999842e-01 4.671751e+00
9.993187e-01 5.946996e-04 3.690358e-02 1.840087e+00 -5.525407e-04 9.999992e-01 -1.152599e-03 -2.134611e-01 -3.690428e-02 1.131423e-03 9.993183e-01 5.167527e+00
9.999819e-01 4.221207e-05 6.019428e-03 1.962137e+00 -4.125618e-05 1.000000e+00 -1.588897e-04 -2.279143e-01 -6.019389e-03 1.586377e-04 9.999818e-01 5.486793e+00
9.993651e-01 6.045084e-04 3.562476e-02 2.216111e+00 -5.653187e-04 9.999992e-01 -1.110138e-03 -2.466698e-01 -3.562545e-02 1.089295e-03 9.993647e-01 5.823879e+00
9.999759e-01 9.204128e-05 6.943814e-03 2.459694e+00 -9.096662e-05 1.000000e+00 -1.550372e-04 -2.686497e-01 -6.943775e-03 1.544008e-04 9.999758e-01 6.309914e+00
9.995579e-01 5.050929e-04 2.972741e-02 2.651118e+00 -4.779972e-04 9.999995e-01 -9.185834e-04 -2.911467e-01 -2.972791e-02 9.039687e-04 9.995577e-01 6.875568e+00
9.999870e-01 -6.638065e-05 -5.100366e-03 2.881054e+00 6.755674e-05 1.000000e+00 2.303408e-04 -3.176298e-01 5.100409e-03 -2.306835e-04 9.999869e-01 7.547755e+00
9.994369e-01 5.551223e-04 3.355110e-02 3.124242e+00 -5.204099e-04 9.999993e-01 -1.043349e-03 -3.442944e-01 -3.355171e-02 1.025303e-03 9.994365e-01 8.212619e+00
9.999886e-01 6.808034e-05 4.781437e-03 3.293435e+00 -6.770063e-05 1.000000e+00 -7.947882e-05 -3.666775e-01 -4.781379e-03 7.915295e-05 9.999885e-01 8.801615e+00
9.995650e-01 4.864661e-04 2.948889e-02 3.490651e+00 -4.597568e-04 9.999995e-01 -9.125318e-04 -3.901564e-01 -2.948938e-02 8.985784e-04 9.995648e-01 9.398035e+00
9.999926e-01 3.604506e-05 3.853645e-03 3.692220e+00 -3.560804e-05 1.000000e+00 -1.133284e-04 -4.098961e-01 -3.853580e-03 1.131890e-04 9.999925e-01 9.844238e+00
9.991402e-01 6.216363e-04 4.145525e-02 3.882522e+00 -5.692084e-04 9.999990e-01 -1.276492e-03 -4.250666e-01 -4.145607e-02 1.251799e-03 9.991396e-01 1.010228e+01
9.999273e-01 -1.416721e-04 -1.205321e-02 4.516414e+00 1.463864e-04 9.999999e-01 3.901882e-04 -4.520645e-01 1.205323e-02 -3.919258e-04 9.999272e-01 1.026498e+01
9.995191e-01 4.476695e-04 3.100501e-02 5.170156e+00 -4.178101e-04 9.999994e-01 -9.695451e-04 -4.807187e-01 -3.100550e-02 9.561262e-04 9.995188e-01 1.046229e+01
9.998668e-01 -1.945953e-04 -1.632100e-02 5.882527e+00 2.031274e-04 9.999998e-01 5.210633e-04 -5.114487e-01 1.632097e-02 -5.243107e-04 9.998666e-01 1.066432e+01
9.994914e-01 4.666383e-04 3.188571e-02 6.588378e+00 -4.351156e-04 9.999994e-01 -9.955683e-04 -5.417559e-01 -3.188623e-02 9.811895e-04 9.994911e-01 1.086080e+01
9.997208e-01 -2.860381e-04 -2.362622e-02 7.238481e+00 3.033389e-04 9.999997e-01 7.286574e-04 -5.713813e-01 2.362609e-02 -7.356224e-04 9.997205e-01 1.109727e+01
9.993451e-01 5.269659e-04 3.618176e-02 7.814887e+00 -4.859724e-04 9.999992e-01 -1.141794e-03 -5.981765e-01 -3.618241e-02 1.123465e-03 9.993447e-01 1.132151e+01
9.999016e-01 -1.488925e-04 -1.402486e-02 8.508586e+00 1.553822e-04 9.999999e-01 4.615771e-04 -6.266241e-01 1.402487e-02 -4.637126e-04 9.999015e-01 1.145938e+01
9.995222e-01 4.489732e-04 3.090556e-02 9.057728e+00 -4.189658e-04 9.999994e-01 -9.774319e-04 -6.535955e-01 -3.090606e-02 9.640182e-04 9.995219e-01 1.173057e+01
9.998303e-01 -2.027908e-04 -1.841867e-02 9.654727e+00 2.140883e-04 9.999998e-01 6.113492e-04 -6.837642e-01 1.841862e-02 -6.151904e-04 9.998301e-01 1.206741e+01
9.996928e-01 3.658282e-04 2.478477e-02 1.032855e+01 -3.465614e-04 9.999996e-01 -7.816881e-04 -7.165885e-01 -2.478513e-02 7.728601e-04 9.996926e-01 1.240817e+01
9.998932e-01 -1.704574e-04 -1.460934e-02 1.098178e+01 1.772930e-04 9.999999e-01 4.665360e-04 -7.467168e-01 1.460934e-02 -4.690780e-04 9.998931e-01 1.267005e+01
9.995048e-01 4.739620e-04 3.146316e-02 1.141483e+01 -4.438651e-04 9.999994e-01 -9.635813e-04 -7.733215e-01 -3.146368e-02 9.491404e-04 9.995045e-01 1.308497e+01
9.998088e-01 -2.099848e-04 -1.955219e-02 1.168893e+01 2.223652e-04 9.999998e-01 6.309735e-04 -7.992601e-01 1.955214e-02 -6.352023e-04 9.998086e-01 1.368792e+01
9.995062e-01 4.409691e-04 3.141902e-02 1.218100e+01 -4.102718e-04 9.999994e-01 -9.834982e-04 -8.276316e-01 -3.141952e-02 9.701240e-04 9.995059e-01 1.409204e+01
9.997497e-01 -2.493539e-04 -2.236824e-02 1.262714e+01 2.651326e-04 9.999997e-01 7.023949e-04 -8.542647e-01 2.236814e-02 -7.081514e-04 9.997495e-01 1.447817e+01
9.994888e-01 4.515275e-04 3.196759e-02 1.294223e+01 -4.197935e-04 9.999994e-01 -9.994276e-04 -8.784291e-01 -3.196811e-02 9.854987e-04 9.994885e-01 1.494164e+01
9.996728e-01 -2.900327e-04 -2.557796e-02 1.326760e+01 3.100199e-04 9.999996e-01 7.774187e-04 -9.009179e-01 2.557781e-02 -7.850958e-04 9.996725e-01 1.532109e+01
9.994386e-01 4.991094e-04 3.350176e-02 1.345858e+01 -4.652826e-04 9.999994e-01 -1.017518e-03 -9.233687e-01 -3.350233e-02 1.001360e-03 9.994382e-01 1.588285e+01
9.997185e-01 -2.704143e-04 -2.372466e-02 1.368921e+01 2.876643e-04 9.999997e-01 7.236332e-04 -9.469860e-01 2.372454e-02 -7.302560e-04 9.997182e-01 1.644239e+01
9.995368e-01 4.644832e-04 3.042927e-02 1.391803e+01 -4.366290e-04 9.999995e-01 -9.220486e-04 -9.699867e-01 -3.042977e-02 9.083370e-04 9.995366e-01 1.698080e+01
9.996428e-01 -2.953245e-04 -2.672195e-02 1.407212e+01 3.167681e-04 9.999996e-01 7.982004e-04 -9.907449e-01 2.672179e-02 -8.063818e-04 9.996425e-01 1.752626e+01
9.996778e-01 3.098351e-04 2.538268e-02 1.397318e+01 -2.888166e-04 9.999996e-01 -8.317665e-04 -1.001451e+00 -2.538302e-02 8.241693e-04 9.996775e-01 1.792690e+01
9.992771e-01 -2.297342e-04 -3.801556e-02 1.394582e+01 2.704996e-04 9.999994e-01 1.067167e-03 -1.013886e+00 3.801538e-02 -1.076680e-03 9.992765e-01 1.830058e+01
9.993225e-01 2.888973e-04 3.680371e-02 1.387843e+01 -2.487919e-04 9.999994e-01 -1.094310e-03 -1.026374e+00 -3.680409e-02 1.084414e-03 9.993220e-01 1.875480e+01
9.992924e-01 -2.669132e-04 -3.761098e-02 1.380336e+01 3.057385e-04 9.999994e-01 1.026510e-03 -1.036030e+00 3.761077e-02 -1.037285e-03 9.992919e-01 1.908351e+01
9.989184e-01 4.769722e-04 4.649491e-02 1.420894e+01 -4.144850e-04 9.999990e-01 -1.353609e-03 -1.056821e+00 -4.649559e-02 1.332875e-03 9.989177e-01 1.929330e+01
9.991079e-01 -3.139135e-04 -4.222761e-02 1.474644e+01 3.644561e-04 9.999992e-01 1.189187e-03 -1.083507e+00 4.222729e-02 -1.203518e-03 9.991072e-01 1.956003e+01
9.984666e-01 6.042636e-04 5.535535e-02 1.537354e+01 -5.151938e-04 9.999985e-01 -1.623329e-03 -1.111092e+00 -5.535634e-02 1.592323e-03 9.984655e-01 1.974855e+01
9.991042e-01 -3.248711e-04 -4.231490e-02 1.598867e+01 3.748272e-04 9.999992e-01 1.172622e-03 -1.136124e+00 4.231457e-02 -1.187434e-03 9.991036e-01 1.984953e+01
9.984649e-01 6.084012e-04 5.538484e-02 1.657254e+01 -5.196732e-04 9.999986e-01 -1.616434e-03 -1.161757e+00 -5.538583e-02 1.585172e-03 9.984638e-01 2.001971e+01
9.987625e-01 -3.833447e-04 -4.973151e-02 1.690123e+01 4.533441e-04 9.999989e-01 1.396250e-03 -1.183284e+00 4.973101e-02 -1.417069e-03 9.987616e-01 2.035853e+01
9.987967e-01 4.247554e-04 4.904144e-02 1.710353e+01 -3.513995e-04 9.999988e-01 -1.504427e-03 -1.195588e+00 -4.904211e-02 1.485385e-03 9.987957e-01 2.046308e+01
9.987503e-01 -4.329521e-04 -4.997500e-02 1.727619e+01 5.009471e-04 9.999990e-01 1.348038e-03 -1.202285e+00 4.997445e-02 -1.371390e-03 9.987495e-01 2.035433e+01
9.989178e-01 5.137078e-04 4.650845e-02 1.763092e+01 -4.544154e-04 9.999991e-01 -1.285459e-03 -1.226240e+00 -4.650916e-02 1.262936e-03 9.989171e-01 2.073336e+01
9.983006e-01 -4.012248e-04 -5.827185e-02 1.788342e+01 4.904538e-04 9.999987e-01 1.516938e-03 -1.246772e+00 5.827125e-02 -1.542941e-03 9.982995e-01 2.111979e+01
9.984784e-01 5.011136e-04 5.514287e-02 1.814558e+01 -4.210595e-04 9.999988e-01 -1.463385e-03 -1.269489e+00 -5.514362e-02 1.437942e-03 9.984775e-01 2.158779e+01
9.991610e-01 -1.791080e-04 -4.095345e-02 1.844992e+01 2.223617e-04 9.999994e-01 1.051585e-03 -1.295747e+00 4.095332e-02 -1.059811e-03 9.991604e-01 2.216321e+01
9.988485e-01 4.016424e-04 4.797439e-02 1.881336e+01 -3.425493e-04 9.999992e-01 -1.240001e-03 -1.323554e+00 -4.797494e-02 1.222141e-03 9.988479e-01 2.271833e+01
9.989746e-01 -2.181985e-04 -4.527286e-02 1.920934e+01 2.726238e-04 9.999992e-01 1.195965e-03 -1.352746e+00 4.527265e-02 -1.207083e-03 9.989739e-01 2.328512e+01
9.990092e-01 3.021578e-04 4.450473e-02 1.936503e+01 -2.500740e-04 9.999993e-01 -1.175886e-03 -1.375016e+00 -4.450514e-02 1.163593e-03 9.990086e-01 2.388396e+01
9.988003e-01 -2.587049e-04 -4.896751e-02 1.956651e+01 3.201961e-04 9.999992e-01 1.247889e-03 -1.395258e+00 4.896724e-02 -1.262073e-03 9.987995e-01 2.431923e+01
9.989281e-01 3.301137e-04 4.628889e-02 1.965957e+01 -2.732654e-04 9.999992e-01 -1.234463e-03 -1.412858e+00 -4.628935e-02 1.220493e-03 9.989274e-01 2.479235e+01
9.988293e-01 -2.297477e-04 -4.837199e-02 1.974044e+01 2.919266e-04 9.999991e-01 1.278346e-03 -1.433642e+00 4.837175e-02 -1.290973e-03 9.988285e-01 2.541299e+01
9.973156e-01 7.565542e-04 7.321999e-02 1.998281e+01 -6.118906e-04 9.999978e-01 -1.998164e-03 -1.460741e+00 -7.322143e-02 1.947999e-03 9.973139e-01 2.609836e+01
9.982614e-01 -2.781417e-04 -5.894026e-02 2.017200e+01 3.758228e-04 9.999986e-01 1.646188e-03 -1.491760e+00 5.893981e-02 -1.665479e-03 9.982601e-01 2.700390e+01
9.982821e-01 4.294351e-04 5.858877e-02 2.042803e+01 -3.391236e-04 9.999987e-01 -1.551399e-03 -1.522783e+00 -5.858945e-02 1.528867e-03 9.982811e-01 2.783753e+01
9.981926e-01 -3.496130e-04 -6.009457e-02 2.105300e+01 4.500798e-04 9.999985e-01 1.658262e-03 -1.558309e+00 6.009399e-02 -1.682314e-03 9.981912e-01 2.835524e+01
9.983802e-01 4.211517e-04 5.689359e-02 2.159412e+01 -3.337595e-04 9.999987e-01 -1.545575e-03 -1.589000e+00 -5.689426e-02 1.524085e-03 9.983791e-01 2.877262e+01
9.977138e-01 -2.639687e-04 -6.757999e-02 2.193975e+01 3.880836e-04 9.999983e-01 1.823422e-03 -1.616107e+00 6.757948e-02 -1.845482e-03 9.977121e-01 2.932120e+01
9.977067e-01 4.825049e-04 6.768446e-02 2.232219e+01 -3.608744e-04 9.999983e-01 -1.809253e-03 -1.645685e+00 -6.768531e-02 1.780680e-03 9.977052e-01 2.990821e+01
9.985038e-01 -1.499721e-04 -5.468108e-02 2.288406e+01 2.287361e-04 9.999989e-01 1.434146e-03 -1.677439e+00 5.468090e-02 -1.444510e-03 9.985028e-01 3.035374e+01
9.975443e-01 5.009908e-04 7.003748e-02 2.359137e+01 -3.703222e-04 9.999982e-01 -1.878682e-03 -1.711299e+00 -7.003838e-02 1.848134e-03 9.975427e-01 3.068618e+01
9.985220e-01 -1.370718e-04 -5.434848e-02 2.418017e+01 2.146920e-04 9.999990e-01 1.422335e-03 -1.742751e+00 5.434832e-02 -1.431903e-03 9.985209e-01 3.108029e+01
9.978160e-01 4.653970e-04 6.605405e-02 2.464817e+01 -3.520622e-04 9.999984e-01 -1.727436e-03 -1.774569e+00 -6.605484e-02 1.700409e-03 9.978146e-01 3.165371e+01
9.980436e-01 -2.197319e-04 -6.252116e-02 2.512221e+01 3.244512e-04 9.999986e-01 1.664772e-03 -1.806968e+00 6.252080e-02 -1.681802e-03 9.980422e-01 3.223967e+01
9.974809e-01 5.370283e-04 7.093345e-02 2.549327e+01 -4.029449e-04 9.999981e-01 -1.904581e-03 -1.835196e+00 -7.093443e-02 1.871203e-03 9.974793e-01 3.279064e+01
9.981854e-01 -1.749648e-04 -6.021401e-02 2.570368e+01 2.727698e-04 9.999987e-01 1.616050e-03 -1.862405e+00 6.021374e-02 -1.629544e-03 9.981841e-01 3.352377e+01
9.980782e-01 4.120476e-04 6.196560e-02 2.573354e+01 -3.129915e-04 9.999987e-01 -1.608282e-03 -1.886224e+00 -6.196627e-02 1.585798e-03 9.980771e-01 3.435129e+01
9.981965e-01 -1.550913e-04 -6.003024e-02 2.572283e+01 2.541710e-04 9.999986e-01 1.642842e-03 -1.912049e+00 6.003000e-02 -1.655139e-03 9.981951e-01 3.531862e+01
9.979747e-01 4.209974e-04 6.361192e-02 2.590546e+01 -3.152403e-04 9.999986e-01 -1.672580e-03 -1.940821e+00 -6.361262e-02 1.649141e-03 9.979734e-01 3.615489e+01
9.979707e-01 -2.347811e-04 -6.367357e-02 2.614533e+01 3.431521e-04 9.999985e-01 1.691024e-03 -1.966600e+00 6.367317e-02 -1.709444e-03 9.979693e-01 3.678412e+01
9.980846e-01 3.495639e-04 6.186334e-02 2.665608e+01 -2.484827e-04 9.999986e-01 -1.641648e-03 -1.994795e+00 -6.186392e-02 1.623133e-03 9.980833e-01 3.713949e+01
9.980736e-01 -2.243368e-04 -6.203978e-02 2.727601e+01 3.282121e-04 9.999986e-01 1.664126e-03 -2.026314e+00 6.203941e-02 -1.681284e-03 9.980722e-01 3.748815e+01
9.979671e-01 3.645731e-04 6.373016e-02 2.825075e+01 -2.593687e-04 9.999986e-01 -1.659061e-03 -2.068164e+00 -6.373077e-02 1.639160e-03 9.979659e-01 3.778358e+01
9.980843e-01 -2.204506e-04 -6.186777e-02 2.924848e+01 3.258003e-04 9.999985e-01 1.692716e-03 -2.112648e+00 6.186739e-02 -1.709631e-03 9.980828e-01 3.816409e+01
9.978688e-01 4.321250e-04 6.525153e-02 3.006122e+01 -3.216691e-04 9.999985e-01 -1.703285e-03 -2.153485e+00 -6.525227e-02 1.678668e-03 9.978675e-01 3.864846e+01
9.979298e-01 -3.031166e-04 -6.431067e-02 3.096790e+01 4.134463e-04 9.999985e-01 1.702251e-03 -2.192108e+00 6.431014e-02 -1.725317e-03 9.979284e-01 3.890391e+01
9.977444e-01 4.865403e-04 6.712573e-02 3.185113e+01 -3.716436e-04 9.999984e-01 -1.724156e-03 -2.232589e+00 -6.712656e-02 1.695322e-03 9.977431e-01 3.927487e+01
9.980756e-01 -2.198754e-04 -6.200861e-02 3.240373e+01 3.216323e-04 9.999986e-01 1.631014e-03 -2.267731e+00 6.200826e-02 -1.647820e-03 9.980742e-01 3.987734e+01
9.977025e-01 4.961013e-04 6.774613e-02 3.296091e+01 -3.782754e-04 9.999984e-01 -1.752062e-03 -2.301815e+00 -6.774698e-02 1.722411e-03 9.977011e-01 4.042900e+01
9.977190e-01 -3.032183e-04 -6.750258e-02 3.328710e+01 4.244628e-04 9.999983e-01 1.781790e-03 -2.330709e+00 6.750202e-02 -1.806380e-03 9.977174e-01 4.107335e+01
9.977303e-01 4.684551e-04 6.733524e-02 3.369101e+01 -3.504425e-04 9.999984e-01 -1.764431e-03 -2.358845e+00 -6.733605e-02 1.736831e-03 9.977289e-01 4.157378e+01
9.976756e-01 -3.263373e-04 -6.814109e-02 3.418952e+01 4.475485e-04 9.999983e-01 1.763548e-03 -2.385956e+00 6.814050e-02 -1.789947e-03 9.976741e-01 4.189945e+01
9.974484e-01 5.733613e-04 7.138991e-02 3.451370e+01 -4.412176e-04 9.999982e-01 -1.866785e-03 -2.412099e+00 -7.139095e-02 1.830525e-03 9.974468e-01 4.243223e+01
9.978172e-01 -2.902841e-04 -6.603485e-02 3.486536e+01 4.040948e-04 9.999985e-01 1.710124e-03 -2.440074e+00 6.603434e-02 -1.733077e-03 9.978158e-01 4.300670e+01
9.972320e-01 5.993082e-04 7.435078e-02 3.507653e+01 -4.542372e-04 9.999980e-01 -1.968079e-03 -2.463620e+00 -7.435190e-02 1.928860e-03 9.972303e-01 4.358691e+01
9.981901e-01 -2.657341e-04 -6.013644e-02 3.521030e+01 3.558797e-04 9.999988e-01 1.488290e-03 -2.481136e+00 6.013607e-02 -1.507000e-03 9.981890e-01 4.401351e+01
9.979952e-01 4.810770e-04 6.328882e-02 3.532553e+01 -3.806839e-04 9.999987e-01 -1.598336e-03 -2.501777e+00 -6.328960e-02 1.571040e-03 9.979940e-01 4.459776e+01
9.983809e-01 -2.302082e-04 -5.688138e-02 3.545436e+01 3.100366e-04 9.999990e-01 1.394573e-03 -2.523566e+00 5.688109e-02 -1.409952e-03 9.983799e-01 4.521401e+01
9.978068e-01 5.463721e-04 6.619194e-02 3.559003e+01 -4.383397e-04 9.999985e-01 -1.646637e-03 -2.548064e+00 -6.619284e-02 1.614012e-03 9.978056e-01 4.593186e+01
9.986321e-01 -1.937346e-04 -5.228640e-02 3.573429e+01 2.589461e-04 9.999992e-01 1.240401e-03 -2.572201e+00 5.228622e-02 -1.252245e-03 9.986313e-01 4.662126e+01
9.979922e-01 5.004405e-04 6.333614e-02 3.590125e+01 -4.025763e-04 9.999987e-01 -1.557927e-03 -2.595974e+00 -6.333693e-02 1.529303e-03 9.979911e-01 4.726960e+01
9.986789e-01 -1.923733e-04 -5.138505e-02 3.621704e+01 2.546495e-04 9.999992e-01 1.205379e-03 -2.622533e+00 5.138487e-02 -1.216873e-03 9.986781e-01 4.783589e+01
9.981781e-01 4.885373e-04 6.033437e-02 3.656783e+01 -4.035634e-04 9.999989e-01 -1.420580e-03 -2.652883e+00 -6.033510e-02 1.393645e-03 9.981773e-01 4.852155e+01
9.987314e-01 -2.002906e-04 -5.035300e-02 3.685099e+01 2.576792e-04 9.999993e-01 1.133208e-03 -2.679024e+00 5.035283e-02 -1.144747e-03 9.987308e-01 4.912148e+01
9.983851e-01 4.205927e-04 5.680691e-02 3.709599e+01 -3.449872e-04 9.999990e-01 -1.340744e-03 -2.701704e+00 -5.680752e-02 1.318983e-03 9.983843e-01 4.962292e+01
9.989029e-01 -1.916315e-04 -4.682898e-02 3.772966e+01 2.398834e-04 9.999994e-01 1.024737e-03 -2.732242e+00 4.682885e-02 -1.034848e-03 9.989023e-01 4.992035e+01
9.978151e-01 5.668487e-04 6.606587e-02 3.824552e+01 -4.611465e-04 9.999986e-01 -1.615210e-03 -2.759229e+00 -6.606679e-02 1.581216e-03 9.978140e-01 5.024153e+01
9.991311e-01 -1.207024e-04 -4.167615e-02 3.856316e+01 1.563467e-04 9.999996e-01 8.519743e-04 -2.781981e+00 4.167613e-02 -8.577517e-04 9.991307e-01 5.065646e+01
9.982036e-01 5.011502e-04 5.991114e-02 3.890712e+01 -4.189965e-04 9.999990e-01 -1.383836e-03 -2.807526e+00 -5.991187e-02 1.356249e-03 9.982028e-01 5.114766e+01
9.986496e-01 -2.390755e-04 -5.195056e-02 3.941473e+01 3.002078e-04 9.999993e-01 1.168909e-03 -2.839536e+00 5.195034e-02 -1.182929e-03 9.986489e-01 5.168292e+01
9.978081e-01 5.808585e-04 6.617274e-02 3.985478e+01 -4.777371e-04 9.999986e-01 -1.574201e-03 -2.869206e+00 -6.617366e-02 1.539139e-03 9.978070e-01 5.221809e+01
9.987820e-01 -2.158069e-04 -4.933960e-02 4.024779e+01 2.691918e-04 9.999994e-01 1.075312e-03 -2.896743e+00 4.933944e-02 -1.087286e-03 9.987814e-01 5.272459e+01
9.980937e-01 5.440541e-04 6.171527e-02 4.049579e+01 -4.580084e-04 9.999989e-01 -1.408399e-03 -2.924335e+00 -6.171607e-02 1.377450e-03 9.980929e-01 5.342728e+01
9.987570e-01 -2.561043e-04 -4.984320e-02 4.078598e+01 3.088218e-04 9.999994e-01 1.049934e-03 -2.949869e+00 4.984301e-02 -1.064023e-03 9.987564e-01 5.398464e+01
9.981836e-01 5.471273e-04 6.024373e-02 4.101309e+01 -4.672924e-04 9.999990e-01 -1.339303e-03 -2.975573e+00 -6.024450e-02 1.308721e-03 9.981829e-01 5.463866e+01
9.985922e-01 -3.154570e-04 -5.304157e-02 4.128741e+01 3.744458e-04 9.999993e-01 1.102157e-03 -2.999431e+00 5.304128e-02 -1.120468e-03 9.985916e-01 5.514640e+01
9.985222e-01 4.715520e-04 5.434436e-02 4.155272e+01 -4.096521e-04 9.999993e-01 -1.150193e-03 -3.023195e+00 -5.434496e-02 1.126233e-03 9.985216e-01 5.565752e+01
9.986151e-01 -3.283559e-04 -5.260901e-02 4.186221e+01 3.829727e-04 9.999994e-01 1.028054e-03 -3.043565e+00 5.260874e-02 -1.046780e-03 9.986146e-01 5.596126e+01
9.984357e-01 4.876728e-04 5.591124e-02 4.219421e+01 -4.228160e-04 9.999992e-01 -1.171846e-03 -3.065489e+00 -5.591186e-02 1.146374e-03 9.984351e-01 5.630539e+01
9.988660e-01 -2.764775e-04 -4.760764e-02 4.244805e+01 3.186610e-04 9.999996e-01 8.784420e-04 -3.086454e+00 4.760748e-02 -8.926183e-04 9.988657e-01 5.671855e+01
9.986586e-01 4.284758e-04 5.177659e-02 4.295475e+01 -3.745657e-04 9.999994e-01 -1.050936e-03 -3.111234e+00 -5.177711e-02 1.030134e-03 9.986582e-01 5.693807e+01
9.985639e-01 -3.407286e-04 -5.357144e-02 4.350531e+01 3.981099e-04 9.999994e-01 1.060417e-03 -3.137942e+00 5.357114e-02 -1.080223e-03 9.985634e-01 5.717119e+01
9.985876e-01 4.281696e-04 5.312935e-02 4.415913e+01 -3.726607e-04 9.999994e-01 -1.054718e-03 -3.168883e+00 -5.312987e-02 1.033431e-03 9.985871e-01 5.744469e+01
9.985987e-01 -3.523987e-04 -5.291827e-02 4.493993e+01 4.096262e-04 9.999993e-01 1.070556e-03 -3.204314e+00 5.291796e-02 -1.090734e-03 9.985982e-01 5.773798e+01
9.983720e-01 5.055913e-04 5.703593e-02 4.578158e+01 -4.391500e-04 9.999992e-01 -1.177457e-03 -3.241865e+00 -5.703658e-02 1.150495e-03 9.983715e-01 5.803594e+01
9.984472e-01 -4.014504e-04 -5.570445e-02 4.673506e+01 4.656091e-04 9.999992e-01 1.138765e-03 -3.279372e+00 5.570405e-02 -1.162935e-03 9.984466e-01 5.817012e+01
9.980941e-01 5.852001e-04 6.170862e-02 4.767181e+01 -5.040737e-04 9.999990e-01 -1.330254e-03 -3.316469e+00 -6.170944e-02 1.296614e-03 9.980934e-01 5.831447e+01
9.984783e-01 -3.850594e-04 -5.514388e-02 4.860621e+01 4.473981e-04 9.999993e-01 1.118102e-03 -3.354053e+00 5.514351e-02 -1.141074e-03 9.984777e-01 5.848423e+01
9.984096e-01 4.757854e-04 5.637418e-02 4.958815e+01 -4.111083e-04 9.999992e-01 -1.158901e-03 -3.390849e+00 -5.637479e-02 1.133884e-03 9.984091e-01 5.855240e+01
9.984705e-01 -3.868128e-04 -5.528479e-02 5.051378e+01 4.488869e-04 9.999993e-01 1.110362e-03 -3.425928e+00 5.528442e-02 -1.133482e-03 9.984700e-01 5.862604e+01
9.982833e-01 5.166260e-04 5.856811e-02 5.147783e+01 -4.466286e-04 9.999992e-01 -1.208255e-03 -3.464170e+00 -5.856879e-02 1.180024e-03 9.982827e-01 5.878082e+01
9.982981e-01 -4.321042e-04 -5.831479e-02 5.233630e+01 5.016951e-04 9.999992e-01 1.178701e-03 -3.497767e+00 5.831433e-02 -1.205953e-03 9.982975e-01 5.887995e+01
9.983411e-01 5.010339e-04 5.757524e-02 5.311984e+01 -4.327273e-04 9.999992e-01 -1.198875e-03 -3.528218e+00 -5.757590e-02 1.171974e-03 9.983405e-01 5.895086e+01
9.984637e-01 -3.790400e-04 -5.540756e-02 5.371127e+01 4.387295e-04 9.999993e-01 1.065090e-03 -3.553590e+00 5.540721e-02 -1.087764e-03 9.984632e-01 5.908187e+01
9.981262e-01 5.501518e-04 6.118715e-02 5.423765e+01 -4.698471e-04 9.999990e-01 -1.326848e-03 -3.575198e+00 -6.118792e-02 1.295615e-03 9.981255e-01 5.915200e+01
9.984723e-01 -3.746423e-04 -5.525286e-02 5.496149e+01 4.362554e-04 9.999993e-01 1.103022e-03 -3.605129e+00 5.525250e-02 -1.125443e-03 9.984717e-01 5.929161e+01
9.979444e-01 6.009950e-04 6.408331e-02 5.558689e+01 -5.126396e-04 9.999989e-01 -1.395216e-03 -3.635011e+00 -6.408417e-02 1.359498e-03 9.979436e-01 5.956423e+01
9.983374e-01 -3.715088e-04 -5.763820e-02 5.661529e+01 4.494441e-04 9.999990e-01 1.339158e-03 -3.684381e+00 5.763775e-02 -1.362838e-03 9.983366e-01 6.011032e+01
9.983911e-01 4.360977e-04 5.670202e-02 5.698200e+01 -3.628601e-04 9.999991e-01 -1.301940e-03 -3.711280e+00 -5.670264e-02 1.279272e-03 9.983903e-01 6.061598e+01
9.982667e-01 -3.740083e-04 -5.884948e-02 5.686602e+01 4.497584e-04 9.999991e-01 1.273913e-03 -3.721085e+00 5.884905e-02 -1.298175e-03 9.982660e-01 6.099410e+01
9.974560e-01 6.897160e-04 7.128152e-02 5.720681e+01 -5.732147e-04 9.999985e-01 -1.654848e-03 -3.747432e+00 -7.128266e-02 1.609780e-03 9.974549e-01 6.151258e+01
9.986031e-01 -3.337001e-04 -5.283603e-02 5.769948e+01 3.908902e-04 9.999993e-01 1.072042e-03 -3.774181e+00 5.283573e-02 -1.091200e-03 9.986026e-01 6.184935e+01
9.979102e-01 6.610407e-04 6.461392e-02 5.799502e+01 -5.730621e-04 9.999989e-01 -1.380153e-03 -3.803143e+00 -6.461486e-02 1.340243e-03 9.979094e-01 6.253835e+01
9.980785e-01 -4.675923e-04 -6.195884e-02 5.839861e+01 5.489832e-04 9.999990e-01 1.296580e-03 -3.831810e+00 6.195827e-02 -1.328105e-03 9.980778e-01 6.306207e+01
9.971676e-01 7.790842e-04 7.520828e-02 5.889767e+01 -6.494770e-04 9.999983e-01 -1.747774e-03 -3.857738e+00 -7.520961e-02 1.693979e-03 9.971664e-01 6.334893e+01
9.984106e-01 -3.743456e-04 -5.635620e-02 5.936980e+01 4.414451e-04 9.999992e-01 1.178155e-03 -3.887168e+00 5.635582e-02 -1.201162e-03 9.984100e-01 6.382466e+01
9.975529e-01 7.098254e-04 6.991313e-02 5.979020e+01 -6.005740e-04 9.999986e-01 -1.583704e-03 -3.914936e+00 -6.991425e-02 1.537842e-03 9.975519e-01 6.429580e+01
9.986217e-01 -3.463954e-04 -5.248227e-02 6.047075e+01 4.024219e-04 9.999994e-01 1.056931e-03 -3.948586e+00 5.248197e-02 -1.076596e-03 9.986212e-01 6.466138e+01
9.976322e-01 7.104923e-04 6.877209e-02 6.098077e+01 -6.072323e-04 9.999987e-01 -1.522400e-03 -3.979313e+00 -6.877318e-02 1.477036e-03 9.976313e-01 6.513949e+01
9.982943e-01 -4.072654e-04 -5.837904e-02 6.140379e+01 4.788646e-04 9.999992e-01 1.212435e-03 -4.009052e+00 5.837859e-02 -1.238325e-03 9.982937e-01 6.568996e+01
9.975753e-01 7.476446e-04 6.959214e-02 6.192030e+01 -6.458185e-04 9.999987e-01 -1.485696e-03 -4.044452e+00 -6.959326e-02 1.437152e-03 9.975745e-01 6.635337e+01
9.983389e-01 -4.286389e-04 -5.761275e-02 6.267234e+01 4.966927e-04 9.999992e-01 1.166879e-03 -4.082974e+00 5.761231e-02 -1.193558e-03 9.983383e-01 6.682261e+01
9.982136e-01 5.394518e-04 5.974450e-02 6.370885e+01 -4.687042e-04 9.999992e-01 -1.198207e-03 -4.124749e+00 -5.974519e-02 1.168066e-03 9.982130e-01 6.703116e+01
9.983569e-01 -4.237372e-04 -5.729874e-02 6.455429e+01 4.895195e-04 9.999992e-01 1.133993e-03 -4.161908e+00 5.729831e-02 -1.160180e-03 9.983564e-01 6.730666e+01
9.979071e-01 6.712770e-04 6.466149e-02 6.513466e+01 -5.858204e-04 9.999989e-01 -1.340578e-03 -4.194810e+00 -6.466242e-02 1.299893e-03 9.979064e-01 6.777381e+01
9.979176e-01 -5.617941e-04 -6.449759e-02 6.578908e+01 6.466195e-04 9.999990e-01 1.294273e-03 -4.224759e+00 6.449690e-02 -1.333285e-03 9.979170e-01 6.800357e+01
9.977507e-01 7.297295e-04 6.703114e-02 6.637932e+01 -6.361752e-04 9.999988e-01 -1.417046e-03 -4.253596e+00 -6.703220e-02 1.371216e-03 9.977499e-01 6.827276e+01
9.984882e-01 -4.384744e-04 -5.496340e-02 6.684321e+01 4.968184e-04 9.999993e-01 1.047811e-03 -4.282914e+00 5.496300e-02 -1.073535e-03 9.984878e-01 6.874711e+01
9.976376e-01 7.764427e-04 6.869270e-02 6.738838e+01 -6.795889e-04 9.999987e-01 -1.433341e-03 -4.315433e+00 -6.869383e-02 1.383274e-03 9.976369e-01 6.924811e+01
9.981459e-01 -5.253973e-04 -6.086348e-02 6.791455e+01 5.986061e-04 9.999991e-01 1.184577e-03 -4.346033e+00 6.086291e-02 -1.218816e-03 9.981454e-01 6.968738e+01
9.979595e-01 6.817636e-04 6.384687e-02 6.871580e+01 -5.993576e-04 9.999990e-01 -1.309855e-03 -4.378920e+00 -6.384779e-02 1.268916e-03 9.979589e-01 6.983641e+01
9.984625e-01 -4.614110e-04 -5.542910e-02 6.978962e+01 5.212718e-04 9.999993e-01 1.065463e-03 -4.420980e+00 5.542867e-02 -1.092720e-03 9.984620e-01 7.000478e+01
9.982727e-01 6.150193e-04 5.874761e-02 7.062418e+01 -5.482153e-04 9.999992e-01 -1.153276e-03 -4.457895e+00 -5.874837e-02 1.119079e-03 9.982722e-01 7.028493e+01
9.987305e-01 -3.895096e-04 -5.036974e-02 7.139911e+01 4.359226e-04 9.999995e-01 9.104220e-04 -4.494218e+00 5.036946e-02 -9.312251e-04 9.987302e-01 7.062470e+01
9.985578e-01 5.157730e-04 5.368592e-02 7.234702e+01 -4.630676e-04 9.999994e-01 -9.942035e-04 -4.533350e+00 -5.368650e-02 9.679110e-04 9.985574e-01 7.084141e+01
9.987233e-01 -4.023293e-04 -5.051311e-02 7.327420e+01 4.485981e-04 9.999995e-01 9.046020e-04 -4.571349e+00 5.051282e-02 -9.261087e-04 9.987229e-01 7.103867e+01
9.985159e-01 5.581579e-04 5.445837e-02 7.403854e+01 -5.044376e-04 9.999994e-01 -1.000223e-03 -4.607361e+00 -5.445899e-02 9.712688e-04 9.985156e-01 7.138059e+01
9.986564e-01 -4.069608e-04 -5.181807e-02 7.461885e+01 4.570851e-04 9.999994e-01 9.554262e-04 -4.640893e+00 5.181775e-02 -9.778293e-04 9.986560e-01 7.186936e+01
9.986467e-01 4.781477e-04 5.200714e-02 7.534755e+01 -4.296626e-04 9.999995e-01 -9.434891e-04 -4.675233e+00 -5.200766e-02 9.198682e-04 9.986463e-01 7.218084e+01
9.987301e-01 -3.384109e-04 -5.037729e-02 7.579978e+01 3.866802e-04 9.999995e-01 9.483725e-04 -4.707741e+00 5.037704e-02 -9.666496e-04 9.987298e-01 7.280420e+01
9.985973e-01 4.719508e-04 5.294585e-02 7.657550e+01 -4.224879e-04 9.999995e-01 -9.454380e-04 -4.747673e+00 -5.294636e-02 9.217444e-04 9.985970e-01 7.329879e+01
9.987336e-01 -3.353882e-04 -5.030794e-02 7.721509e+01 3.807959e-04 9.999995e-01 8.929745e-04 -4.781154e+00 5.030772e-02 -9.110023e-04 9.987333e-01 7.370254e+01
9.991439e-01 3.861945e-04 4.136879e-02 7.752132e+01 -3.596253e-04 9.999997e-01 -6.497366e-04 -4.807086e+00 -4.136912e-02 6.343046e-04 9.991438e-01 7.425075e+01
9.989739e-01 -3.730249e-04 -4.528721e-02 7.790733e+01 4.085197e-04 9.999996e-01 7.744745e-04 -4.834706e+00 4.528700e-02 -7.921820e-04 9.989737e-01 7.475810e+01
9.984280e-01 6.379656e-04 5.604630e-02 7.834393e+01 -5.788547e-04 9.999993e-01 -1.070939e-03 -4.864819e+00 -5.604704e-02 1.036814e-03 9.984276e-01 7.531015e+01
9.987776e-01 -3.986743e-04 -4.942731e-02 7.873215e+01 4.442313e-04 9.999995e-01 9.106755e-04 -4.895750e+00 4.942702e-02 -9.315210e-04 9.987773e-01 7.596380e+01
9.985189e-01 5.910274e-04 5.440454e-02 7.917454e+01 -5.347543e-04 9.999993e-01 -1.048930e-03 -4.925041e+00 -5.440522e-02 1.018285e-03 9.985185e-01 7.647169e+01
9.987557e-01 -4.013394e-04 -4.986666e-02 7.963920e+01 4.481249e-04 9.999995e-01 9.269949e-04 -4.955255e+00 4.986636e-02 -9.481894e-04 9.987554e-01 7.698589e+01
9.988511e-01 4.728152e-04 4.791991e-02 7.991014e+01 -4.311226e-04 9.999995e-01 -8.804170e-04 -4.978888e+00 -4.792040e-02 8.587476e-04 9.988508e-01 7.748071e+01
9.988146e-01 -3.699215e-04 -4.867353e-02 7.993640e+01 4.129375e-04 9.999995e-01 8.736723e-04 -4.996757e+00 4.867328e-02 -8.927373e-04 9.988143e-01 7.805454e+01
9.985333e-01 6.093661e-04 5.413784e-02 7.993405e+01 -5.567106e-04 9.999994e-01 -9.877281e-04 -5.019844e+00 -5.413850e-02 9.561417e-04 9.985330e-01 7.889797e+01
9.983394e-01 -4.237350e-04 -5.760326e-02 7.991289e+01 4.869805e-04 9.999993e-01 1.083882e-03 -5.040612e+00 5.760285e-02 -1.110136e-03 9.983389e-01 7.965767e+01
9.985176e-01 5.923364e-04 5.442812e-02 7.981200e+01 -5.384588e-04 9.999994e-01 -1.004577e-03 -5.057789e+00 -5.442877e-02 9.737820e-04 9.985172e-01 8.036430e+01
9.979922e-01 -4.280795e-04 -6.333441e-02 7.967514e+01 5.032230e-04 9.999992e-01 1.170478e-03 -5.068109e+00 6.333396e-02 -1.200001e-03 9.979916e-01 8.079797e+01
9.986994e-01 6.034321e-04 5.098283e-02 7.964047e+01 -5.573359e-04 9.999994e-01 -9.183964e-04 -5.081543e+00 -5.098345e-02 8.887887e-04 9.986991e-01 8.125650e+01
9.981079e-01 -4.476179e-04 -6.148345e-02 7.971935e+01 5.183001e-04 9.999992e-01 1.133638e-03 -5.100082e+00 6.148300e-02 -1.163362e-03 9.981074e-01 8.179837e+01
9.985731e-01 5.864173e-04 5.340046e-02 7.969813e+01 -5.346947e-04 9.999994e-01 -9.828911e-04 -5.115698e+00 -5.340110e-02 9.529370e-04 9.985727e-01 8.232361e+01
9.979791e-01 -4.538579e-04 -6.354063e-02 7.969645e+01 5.282552e-04 9.999992e-01 1.154039e-03 -5.129487e+00 6.354016e-02 -1.185274e-03 9.979785e-01 8.274850e+01
9.983374e-01 5.657229e-04 5.763833e-02 7.977292e+01 -5.058183e-04 9.999993e-01 -1.053931e-03 -5.147917e+00 -5.763899e-02 1.023026e-03 9.983370e-01 8.328068e+01
9.977340e-01 -4.309804e-04 -6.727975e-02 7.994974e+01 5.170661e-04 9.999991e-01 1.262083e-03 -5.168810e+00 6.727924e-02 -1.294013e-03 9.977333e-01 8.378808e+01
9.985020e-01 5.152776e-04 5.471457e-02 8.039590e+01 -4.625849e-04 9.999994e-01 -9.757375e-04 -5.191797e+00 -5.471514e-02 9.489670e-04 9.985016e-01 8.402202e+01
9.976397e-01 -3.844429e-04 -6.866464e-02 8.071100e+01 4.703782e-04 9.999991e-01 1.235331e-03 -5.209230e+00 6.866421e-02 -1.264715e-03 9.976390e-01 8.421088e+01
9.982130e-01 4.564888e-04 5.975582e-02 8.121104e+01 -3.929966e-04 9.999993e-01 -1.074302e-03 -5.231802e+00 -5.975637e-02 1.048900e-03 9.982125e-01 8.435196e+01
9.977909e-01 -4.149460e-04 -6.643074e-02 8.181638e+01 4.934619e-04 9.999992e-01 1.165491e-03 -5.255605e+00 6.643030e-02 -1.195699e-03 9.977903e-01 8.439243e+01
9.982558e-01 5.017380e-04 5.903492e-02 8.215926e+01 -4.362839e-04 9.999993e-01 -1.121644e-03 -5.269882e+00 -5.903554e-02 1.093933e-03 9.982553e-01 8.441609e+01
9.982133e-01 -3.919955e-04 -5.974896e-02 8.270015e+01 4.593515e-04 9.999993e-01 1.113557e-03 -5.297698e+00 5.974858e-02 -1.139014e-03 9.982128e-01 8.471141e+01
9.984925e-01 4.301145e-04 5.488802e-02 8.325598e+01 -3.757462e-04 9.999994e-01 -1.000874e-03 -5.325591e+00 -5.488852e-02 9.787429e-04 9.984921e-01 8.498876e+01
9.981842e-01 -4.333463e-04 -6.023228e-02 8.396516e+01 5.030452e-04 9.999992e-01 1.141982e-03 -5.356931e+00 6.023184e-02 -1.170209e-03 9.981837e-01 8.519952e+01
9.984845e-01 4.038681e-04 5.503400e-02 8.481487e+01 -3.494093e-04 9.999994e-01 -9.991941e-04 -5.391026e+00 -5.503447e-02 9.784517e-04 9.984840e-01 8.533293e+01
9.983820e-01 -3.968814e-04 -5.686068e-02 8.582067e+01 4.592326e-04 9.999993e-01 1.083469e-03 -5.430334e+00 5.686031e-02 -1.107830e-03 9.983815e-01 8.547719e+01
9.984419e-01 3.687406e-04 5.580096e-02 8.716774e+01 -3.153116e-04 9.999995e-01 -9.663204e-04 -5.479708e+00 -5.580138e-02 9.472214e-04 9.984415e-01 8.558452e+01
9.984956e-01 -3.409972e-04 -5.482921e-02 8.865022e+01 3.999320e-04 9.999994e-01 1.063881e-03 -5.534554e+00 5.482891e-02 -1.084210e-03 9.984951e-01 8.574365e+01
9.982088e-01 4.657985e-04 5.982587e-02 9.043075e+01 -4.046763e-04 9.999994e-01 -1.033804e-03 -5.598979e+00 -5.982642e-02 1.007744e-03 9.982083e-01 8.591007e+01
9.983214e-01 -4.194035e-04 -5.791509e-02 9.218960e+01 4.865210e-04 9.999992e-01 1.144771e-03 -5.661656e+00 5.791466e-02 -1.171028e-03 9.983208e-01 8.602347e+01
9.983695e-01 3.944038e-04 5.708104e-02 9.331811e+01 -3.334680e-04 9.999994e-01 -1.077077e-03 -5.702930e+00 -5.708153e-02 1.056287e-03 9.983690e-01 8.608956e+01
9.980281e-01 -4.795950e-04 -6.276670e-02 9.407219e+01 5.561944e-04 9.999991e-01 1.202889e-03 -5.733903e+00 6.276617e-02 -1.235429e-03 9.980275e-01 8.622389e+01
9.981107e-01 3.851294e-04 6.144042e-02 9.551646e+01 -3.218066e-04 9.999994e-01 -1.040553e-03 -5.786865e+00 -6.144089e-02 1.018816e-03 9.981103e-01 8.639152e+01
9.984975e-01 -2.121186e-04 -5.479568e-02 9.759086e+01 2.734004e-04 9.999993e-01 1.110844e-03 -5.859321e+00 5.479551e-02 -1.124158e-03 9.984969e-01 8.652415e+01
9.983381e-01 3.074106e-04 5.762881e-02 9.882072e+01 -2.441253e-04 9.999994e-01 -1.105216e-03 -5.904841e+00 -5.762921e-02 1.089312e-03 9.983375e-01 8.665081e+01
9.983010e-01 -3.350387e-04 -5.826556e-02 9.975983e+01 4.021339e-04 9.999993e-01 1.139791e-03 -5.940591e+00 5.826524e-02 -1.161287e-03 9.983004e-01 8.676915e+01
9.982476e-01 2.755418e-04 5.917555e-02 1.016222e+02 -2.193879e-04 9.999995e-01 -9.554571e-04 -6.004941e+00 -5.917589e-02 9.408017e-04 9.982472e-01 8.685341e+01
9.982249e-01 -3.868904e-04 -5.955422e-02 1.036919e+02 4.611229e-04 9.999991e-01 1.232704e-03 -6.076268e+00 5.955379e-02 -1.257979e-03 9.982243e-01 8.695532e+01
9.983366e-01 1.719191e-04 5.765506e-02 1.058389e+02 -1.199450e-04 9.999996e-01 -9.049512e-04 -6.148910e+00 -5.765530e-02 8.965318e-04 9.983362e-01 8.701828e+01
9.982133e-01 -4.086612e-04 -5.974920e-02 1.082044e+02 4.862901e-04 9.999991e-01 1.284683e-03 -6.226354e+00 5.974872e-02 -1.311445e-03 9.982125e-01 8.699133e+01
9.984069e-01 1.025719e-04 5.642500e-02 1.105457e+02 -5.104975e-05 9.999996e-01 -9.145742e-04 -6.302661e+00 -5.642517e-02 9.102381e-04 9.984065e-01 8.694367e+01
9.981544e-01 -4.051954e-04 -6.072562e-02 1.127987e+02 4.856315e-04 9.999990e-01 1.309803e-03 -6.378111e+00 6.072513e-02 -1.336878e-03 9.981536e-01 8.697495e+01
9.983267e-01 1.030159e-04 5.782646e-02 1.154838e+02 -5.401877e-05 9.999996e-01 -8.489015e-04 -6.467540e+00 -5.782663e-02 8.443587e-04 9.983263e-01 8.701746e+01
9.981752e-01 -3.586427e-04 -6.038258e-02 1.181320e+02 4.389205e-04 9.999990e-01 1.316201e-03 -6.555983e+00 6.038215e-02 -1.340303e-03 9.981744e-01 8.706467e+01
9.984107e-01 9.732808e-05 5.635707e-02 1.202355e+02 -4.455949e-05 9.999996e-01 -9.376075e-04 -6.631391e+00 -5.635723e-02 9.336075e-04 9.984103e-01 8.729390e+01
9.981794e-01 -3.353913e-04 -6.031360e-02 1.223636e+02 4.170128e-04 9.999990e-01 1.340676e-03 -6.707968e+00 6.031319e-02 -1.363388e-03 9.981785e-01 8.754331e+01
9.982250e-01 1.370414e-04 5.955593e-02 1.251511e+02 -8.321667e-05 9.999996e-01 -9.062705e-04 -6.802648e+00 -5.955613e-02 8.997071e-04 9.982246e-01 8.765785e+01
9.981172e-01 -3.435152e-04 -6.133324e-02 1.280396e+02 4.309045e-04 9.999989e-01 1.411580e-03 -6.901146e+00 6.133279e-02 -1.435352e-03 9.981163e-01 8.778995e+01
9.982285e-01 9.665050e-05 5.949743e-02 1.309647e+02 -4.181911e-05 9.999996e-01 -9.228438e-04 -6.999424e+00 -5.949759e-02 9.187221e-04 9.982281e-01 8.786127e+01
9.981813e-01 -2.854997e-04 -6.028150e-02 1.338528e+02 3.699114e-04 9.999990e-01 1.389110e-03 -7.095849e+00 6.028114e-02 -1.408884e-03 9.981804e-01 8.790990e+01
9.983386e-01 4.279296e-05 5.762082e-02 1.361902e+02 1.497273e-05 9.999995e-01 -1.002106e-03 -7.173911e+00 -5.762093e-02 1.001305e-03 9.983381e-01 8.793109e+01
9.979238e-01 -3.462605e-04 -6.440322e-02 1.381238e+02 4.362976e-04 9.999989e-01 1.383937e-03 -7.240627e+00 6.440277e-02 -1.409164e-03 9.979229e-01 8.799161e+01
9.982365e-01 1.826650e-05 5.936285e-02 1.403509e+02 4.130300e-05 9.999995e-01 -1.002277e-03 -7.316067e+00 -5.936293e-02 1.002963e-03 9.982360e-01 8.805180e+01
9.982233e-01 -1.444843e-04 -5.958336e-02 1.428515e+02 2.273258e-04 9.999990e-01 1.383544e-03 -7.401487e+00 5.958320e-02 -1.394632e-03 9.982223e-01 8.816494e+01
9.984591e-01 -1.172582e-04 5.549249e-02 1.448626e+02 1.746116e-04 9.999995e-01 -1.028711e-03 -7.471710e+00 -5.549244e-02 1.036816e-03 9.984586e-01 8.829761e+01
9.981549e-01 -1.937023e-04 -6.071732e-02 1.470788e+02 2.821231e-04 9.999989e-01 1.447675e-03 -7.547524e+00 6.071708e-02 -1.462135e-03 9.981539e-01 8.838988e+01
9.982214e-01 3.136772e-06 5.961700e-02 1.495480e+02 6.065700e-05 9.999994e-01 -1.068273e-03 -7.630867e+00 -5.961707e-02 1.069990e-03 9.982208e-01 8.846377e+01
9.981661e-01 -1.748889e-04 -6.053352e-02 1.522506e+02 2.660099e-04 9.999988e-01 1.497217e-03 -7.720510e+00 6.053329e-02 -1.510576e-03 9.981650e-01 8.847726e+01
9.982859e-01 -6.882556e-05 5.852650e-02 1.549866e+02 1.297125e-04 9.999995e-01 -1.036555e-03 -7.812207e+00 -5.852650e-02 1.042371e-03 9.982854e-01 8.853385e+01
9.981146e-01 -1.610695e-04 -6.137619e-02 1.575788e+02 2.550170e-04 9.999988e-01 1.522828e-03 -7.901117e+00 6.137597e-02 -1.535610e-03 9.981135e-01 8.867064e+01
9.982971e-01 -8.934543e-05 5.833574e-02 1.601047e+02 1.512212e-04 9.999994e-01 -1.056293e-03 -7.989166e+00 -5.833572e-02 1.063317e-03 9.982965e-01 8.886359e+01
9.981643e-01 -1.261635e-04 -6.056371e-02 1.628116e+02 2.204565e-04 9.999988e-01 1.550217e-03 -8.081668e+00 6.056354e-02 -1.560725e-03 9.981631e-01 8.899785e+01
9.984175e-01 -1.210219e-04 5.623765e-02 1.648475e+02 1.869346e-04 9.999993e-01 -1.166804e-03 -8.155800e+00 -5.623757e-02 1.175471e-03 9.984168e-01 8.926182e+01
9.980206e-01 -6.275610e-05 -6.288667e-02 1.664139e+02 1.614528e-04 9.999988e-01 1.564333e-03 -8.217938e+00 6.288660e-02 -1.571391e-03 9.980194e-01 8.962806e+01
9.982668e-01 -1.594619e-04 5.885045e-02 1.682859e+02 2.326532e-04 9.999992e-01 -1.236855e-03 -8.284761e+00 -5.885030e-02 1.248405e-03 9.982661e-01 8.980482e+01
9.980606e-01 -6.669239e-05 -6.224875e-02 1.704732e+02 1.686462e-04 9.999987e-01 1.632569e-03 -8.359328e+00 6.224865e-02 -1.639902e-03 9.980593e-01 8.988574e+01
9.982366e-01 -1.168518e-04 5.936137e-02 1.723377e+02 1.961208e-04 9.999991e-01 -1.329561e-03 -8.424164e+00 -5.936126e-02 1.338860e-03 9.982357e-01 8.999166e+01
9.980896e-01 -3.938295e-05 -6.178194e-02 1.739180e+02 1.365807e-04 9.999988e-01 1.568992e-03 -8.479129e+00 6.178190e-02 -1.574434e-03 9.980884e-01 9.007784e+01
9.982453e-01 -1.333970e-04 5.921504e-02 1.755867e+02 2.120749e-04 9.999991e-01 -1.322420e-03 -8.536810e+00 -5.921491e-02 1.332659e-03 9.982444e-01 9.015705e+01
9.980543e-01 -7.013742e-05 -6.234926e-02 1.774789e+02 1.722946e-04 9.999987e-01 1.633068e-03 -8.600069e+00 6.234916e-02 -1.640634e-03 9.980530e-01 9.016348e+01
9.982180e-01 -1.335376e-04 5.967392e-02 1.794602e+02 2.131706e-04 9.999991e-01 -1.328125e-03 -8.666162e+00 -5.967378e-02 1.338480e-03 9.982171e-01 9.016797e+01
9.979069e-01 -1.111392e-04 -6.466680e-02 1.812167e+02 2.171533e-04 9.999986e-01 1.632342e-03 -8.724492e+00 6.466663e-02 -1.642969e-03 9.979055e-01 9.012376e+01
9.982437e-01 -7.323243e-05 5.924270e-02 1.824784e+02 1.590521e-04 9.999989e-01 -1.443919e-03 -8.767794e+00 -5.924263e-02 1.450807e-03 9.982426e-01 9.009857e+01
9.980236e-01 -1.263019e-04 -6.283875e-02 1.841770e+02 2.339383e-04 9.999985e-01 1.705521e-03 -8.824998e+00 6.283854e-02 -1.716852e-03 9.980222e-01 9.010725e+01
