9.999910e-01 -6.109440e-05 -4.230564e-03 6.433297e-01 6.156399e-05 1.000000e+00 1.108725e-04 -2.791907e-02 4.230558e-03 -1.111324e-04 9.999911e-01 1.646504e-01
9.999951e-01 -1.344446e-06 3.132250e-03 1.726094e+00 8.309015e-07 1.000000e+00 1.639615e-04 -8.167522e-02 -3.132250e-03 -1.639576e-04 9.999950e-01 8.304573e-01
9.999928e-01 -4.271384e-05 -3.802218e-03 2.809222e+00 4.310699e-05 1.000000e+00 1.033222e-04 -1.356438e-01 3.802214e-03 -1.034859e-04 9.999929e-01 1.506516e+00
9.999928e-01 2.625847e-05 3.802966e-03 3.909979e+00 -2.661772e-05 1.000000e+00 9.442086e-05 -1.871824e-01 -3.802964e-03 -9.452084e-05 9.999927e-01 2.042460e+00
9.999817e-01 -8.956292e-05 -6.053639e-03 4.666238e+00 8.986357e-05 1.000000e+00 4.939680e-05 -2.237134e-01 6.053635e-03 -4.994047e-05 9.999818e-01 2.401912e+00
9.999996e-01 -3.351326e-06 8.882057e-04 5.412057e+00 3.287402e-06 1.000000e+00 7.199582e-05 -2.535219e-01 -8.882073e-04 -7.199228e-05 9.999995e-01 2.502766e+00
9.999875e-01 -1.035776e-04 -5.001372e-03 6.151471e+00 1.038087e-04 1.000000e+00 4.593995e-05 -2.855375e-01 5.001368e-03 -4.645916e-05 9.999876e-01 2.695629e+00
9.999652e-01 1.221086e-04 -8.345531e-03 6.445506e+00 -1.205357e-04 1.000000e+00 1.889772e-04 -3.026807e-01 8.345551e-03 -1.879640e-04 9.999651e-01 2.891014e+00
9.999999e-01 -9.816479e-05 4.400010e-04 6.641251e+00 9.814661e-05 1.000000e+00 4.125190e-05 -3.273016e-01 -4.400012e-04 -4.120936e-05 1.000000e+00 3.517739e+00
9.999451e-01 1.305252e-04 -1.048221e-02 6.952952e+00 -1.281621e-04 1.000000e+00 2.261107e-04 -3.506389e-01 1.048223e-02 -2.247541e-04 9.999449e-01 3.947852e+00
9.999686e-01 -1.264108e-04 7.928955e-03 7.407636e+00 1.276484e-04 1.000000e+00 -1.555865e-04 -3.764746e-01 -7.928930e-03 1.565930e-04 9.999687e-01 4.279122e+00
9.999703e-01 1.418306e-04 -7.709958e-03 8.134240e+00 -1.406606e-04 1.000000e+00 1.522982e-04 -4.076653e-01 7.709974e-03 -1.512085e-04 9.999702e-01 4.459266e+00
9.999999e-01 -1.809058e-04 -2.951802e-04 8.500701e+00 1.808936e-04 1.000000e+00 -4.126356e-05 -4.259782e-01 2.951936e-04 4.120946e-05 1.000000e+00 4.594152e+00
9.999553e-01 2.196381e-04 -9.452670e-03 8.650652e+00 -2.172951e-04 9.999999e-01 2.488878e-04 -4.450635e-01 9.452718e-03 -2.468220e-04 9.999552e-01 5.050728e+00
9.999056e-01 -4.084283e-05 -1.374305e-02 8.862765e+00 4.561269e-05 9.999999e-01 3.467651e-04 -4.654736e-01 1.374304e-02 -3.473600e-04 9.999056e-01 5.492045e+00
9.999476e-01 2.086031e-04 -1.023365e-02 9.184716e+00 -2.066823e-04 1.000000e+00 1.887484e-04 -4.829920e-01 1.023368e-02 -1.866226e-04 9.999475e-01 5.688148e+00
9.999917e-01 -2.099865e-04 -4.077320e-03 9.667025e+00 2.105487e-04 1.000000e+00 1.374634e-04 -5.058364e-01 4.077304e-03 -1.383216e-04 9.999918e-01 5.865773e+00
9.999102e-01 2.749284e-04 -1.340035e-02 9.907516e+00 -2.729498e-04 1.000000e+00 1.494737e-04 -5.172371e-01 1.340038e-02 -1.458018e-04 9.999101e-01 5.894940e+00
9.999943e-01 -2.102863e-04 -3.372299e-03 1.024205e+01 2.107212e-04 1.000000e+00 1.286451e-04 -5.277422e-01 3.372288e-03 -1.293559e-04 9.999944e-01 5.778861e+00
9.998528e-01 2.983764e-04 -1.715210e-02 1.069218e+01 -2.940608e-04 9.999999e-01 2.541232e-04 -5.409482e-01 1.715216e-02 -2.490411e-04 9.998528e-01 5.629590e+00
9.999715e-01 -3.237668e-04 7.538778e-03 1.120249e+01 3.246928e-04 9.999999e-01 -1.216242e-04 -5.593849e-01 -7.538719e-03 1.240676e-04 9.999717e-01 5.595843e+00
9.999955e-01 4.623863e-04 -2.969815e-03 1.145354e+01 -4.625556e-04 9.999999e-01 -5.637574e-05 -5.779519e-01 2.969770e-03 5.775012e-05 9.999955e-01 5.905242e+00
9.998233e-01 -3.200521e-04 -1.879549e-02 1.168305e+01 3.284633e-04 9.999998e-01 4.444367e-04 -5.881485e-01 1.879537e-02 -4.505328e-04 9.998233e-01 5.919884e+00
9.999999e-01 3.696705e-04 -1.884197e-04 1.207956e+01 -3.696791e-04 9.999999e-01 -4.636607e-05 -6.068393e-01 1.883797e-04 4.643673e-05 9.999999e-01 6.042970e+00
9.998789e-01 -3.211101e-04 -1.555788e-02 1.242682e+01 3.273209e-04 9.999999e-01 3.966676e-04 -6.283469e-01 1.555778e-02 -4.017131e-04 9.998790e-01 6.354914e+00
9.999834e-01 2.977923e-04 5.758311e-03 1.276509e+01 -2.967293e-04 9.999999e-01 -1.854296e-04 -6.502408e-01 -5.758392e-03 1.837189e-04 9.999833e-01 6.669154e+00
9.997817e-01 -3.139482e-04 -2.089336e-02 1.310967e+01 3.233309e-04 9.999998e-01 4.457062e-04 -6.672684e-01 2.089325e-02 -4.523654e-04 9.997817e-01 6.771423e+00
9.999345e-01 2.234234e-04 1.144121e-02 1.368241e+01 -2.197047e-04 9.999999e-01 -3.262598e-04 -6.881184e-01 -1.144131e-02 3.237258e-04 9.999344e-01 6.735978e+00
9.998700e-01 -3.561921e-04 -1.612049e-02 1.432181e+01 3.608931e-04 9.999999e-01 2.887158e-04 -7.060558e-01 1.612041e-02 -2.944972e-04 9.998701e-01 6.498098e+00
9.998885e-01 9.179341e-05 1.493166e-02 1.419729e+01 -8.281760e-05 9.999998e-01 -6.017308e-04 -6.842235e-01 -1.493174e-02 6.004282e-04 9.998882e-01 5.434667e+00
9.998865e-01 -5.521423e-04 -1.505593e-02 1.357307e+01 5.542979e-04 9.999998e-01 1.390120e-04 -6.343075e-01 1.505588e-02 -1.473427e-04 9.998867e-01 3.705795e+00
9.999053e-01 2.127173e-04 1.376066e-02 1.324613e+01 -2.055598e-04 9.999998e-01 -5.215456e-04 -5.988166e-01 -1.376080e-02 5.186686e-04 9.999051e-01 2.267859e+00
9.998536e-01 -4.629099e-04 -1.710280e-02 1.319584e+01 4.677835e-04 9.999999e-01 2.809680e-04 -5.812383e-01 1.710270e-02 -2.889283e-04 9.998538e-01 1.306939e+00
9.998847e-01 2.478171e-04 1.518512e-02 1.305741e+01 -2.394140e-04 9.999998e-01 -5.551797e-04 -5.634760e-01 -1.518529e-02 5.514811e-04 9.998844e-01 4.601065e-01
9.998874e-01 -6.739606e-04 -1.498968e-02 1.239419e+01 6.759137e-04 9.999998e-01 1.252363e-04 -5.166623e-01 1.498962e-02 -1.353549e-04 9.998877e-01 -1.074008e+00
9.998842e-01 1.758778e-04 1.521589e-02 1.157938e+01 -1.667490e-04 9.999998e-01 -6.012064e-04 -4.606279e-01 -1.521602e-02 5.986004e-04 9.998840e-01 -2.850042e+00
9.998782e-01 -7.782363e-04 -1.558937e-02 1.058052e+01 7.799014e-04 9.999997e-01 1.007385e-04 -3.946536e-01 1.558931e-02 -1.128852e-04 9.998786e-01 -4.871419e+00
9.998910e-01 3.108714e-04 1.475798e-02 9.809815e+00 -3.029112e-04 9.999998e-01 -5.416064e-04 -3.422609e-01 -1.475818e-02 5.370778e-04 9.998909e-01 -6.532855e+00
9.998864e-01 -7.484920e-04 -1.505450e-02 9.144144e+00 7.501261e-04 9.999997e-01 1.029105e-04 -2.948809e-01 1.505445e-02 -1.141924e-04 9.998868e-01 -8.087346e+00
9.998748e-01 1.747502e-04 1.582122e-02 8.197819e+00 -1.647093e-04 9.999998e-01 -6.359428e-04 -2.295369e-01 -1.582136e-02 6.332580e-04 9.998745e-01 -1.012266e+01
9.998847e-01 -7.960422e-04 -1.516363e-02 7.187092e+00 7.974542e-04 9.999997e-01 8.708055e-05 -1.591595e-01 1.516358e-02 -9.916352e-05 9.998851e-01 -1.231559e+01
9.998683e-01 3.135855e-04 1.622615e-02 6.417755e+00 -3.038828e-04 9.999998e-01 -6.004238e-04 -1.019116e-01 -1.622636e-02 5.954145e-04 9.998681e-01 -1.417911e+01
9.998885e-01 -6.788382e-04 -1.491854e-02 5.838946e+00 6.813324e-04 9.999998e-01 1.621108e-04 -5.818302e-02 1.491845e-02 -1.722578e-04 9.998888e-01 -1.564310e+01
9.998674e-01 2.614943e-04 1.628147e-02 5.158497e+00 -2.511080e-04 9.999998e-01 -6.399500e-04 -7.766077e-03 -1.628166e-02 6.357773e-04 9.998671e-01 -1.729311e+01
9.998867e-01 -7.249592e-04 -1.503261e-02 4.436871e+00 7.271318e-04 9.999997e-01 1.390686e-04 4.769174e-02 1.503253e-02 -1.499840e-04 9.998871e-01 -1.912526e+01
9.998887e-01 3.610387e-04 1.491305e-02 3.834805e+00 -3.526559e-04 9.999998e-01 -5.647299e-04 9.215790e-02 -1.491327e-02 5.594084e-04 9.998885e-01 -2.060158e+01
9.998695e-01 -8.592488e-04 -1.613388e-02 3.053247e+00 8.610041e-04 9.999996e-01 1.018549e-04 1.478129e-01 1.613382e-02 -1.157334e-04 9.998699e-01 -2.239601e+01
9.998841e-01 3.118170e-04 1.522027e-02 2.109914e+00 -3.031303e-04 9.999998e-01 -5.730266e-04 2.083328e-01 -1.522048e-02 5.683468e-04 9.998839e-01 -2.423198e+01
9.998407e-01 -7.132847e-04 -1.783565e-02 1.388129e+00 7.175033e-04 9.999997e-01 2.301308e-04 2.535446e-01 1.783551e-02 -2.428916e-04 9.998410e-01 -2.562300e+01
9.999993e-01 6.384184e-04 -1.003831e-03 1.134490e+00 -6.384811e-04 9.999998e-01 -6.219168e-05 2.696597e-01 1.003760e-03 6.283297e-05 9.999994e-01 -2.624186e+01
9.997268e-01 -6.333768e-04 -2.336501e-02 1.118654e+00 6.424073e-04 9.999997e-01 3.789972e-04 2.749763e-01 2.336479e-02 -3.939040e-04 9.997270e-01 -2.665879e+01
9.999991e-01 7.147038e-04 -1.127402e-03 1.369169e+00 -7.146325e-04 9.999997e-01 6.352771e-05 2.676054e-01 1.127411e-03 -6.272151e-05 9.999993e-01 -2.681704e+01
9.996526e-01 -5.471422e-04 -2.635022e-02 1.790967e+00 5.630520e-04 9.999997e-01 5.963716e-04 2.458044e-01 2.634992e-02 -6.110015e-04 9.996527e-01 -2.657660e+01
9.999989e-01 7.144397e-04 -1.310886e-03 2.151061e+00 -7.143796e-04 9.999997e-01 4.623928e-05 2.284256e-01 1.310878e-03 -4.530217e-05 9.999990e-01 -2.643858e+01
9.994723e-01 -4.588616e-04 -3.248012e-02 2.480765e+00 4.840681e-04 9.999996e-01 7.682062e-04 2.107193e-01 3.247980e-02 -7.835241e-04 9.994722e-01 -2.623383e+01
9.999984e-01 7.021861e-04 -1.615651e-03 2.811352e+00 -7.020742e-04 9.999998e-01 6.972672e-05 1.929333e-01 1.615653e-03 -6.859158e-05 9.999986e-01 -2.603213e+01
9.995739e-01 -5.060346e-04 -2.918675e-02 3.190178e+00 5.254386e-04 9.999996e-01 6.571623e-04 1.740685e-01 2.918645e-02 -6.722189e-04 9.995739e-01 -2.585442e+01
9.999873e-01 7.425080e-04 -4.982608e-03 3.541010e+00 -7.415500e-04 9.999997e-01 1.940690e-04 1.559654e-01 4.982699e-03 -1.903708e-04 9.999875e-01 -2.566622e+01
9.995854e-01 -4.912036e-04 -2.878977e-02 3.929026e+00 5.104759e-04 9.999997e-01 6.620777e-04 1.350576e-01 2.878949e-02 -6.765006e-04 9.995854e-01 -2.540238e+01
9.999848e-01 7.474673e-04 -5.456401e-03 4.297489e+00 -7.462199e-04 9.999997e-01 2.305854e-04 1.147797e-01 5.456514e-03 -2.265092e-04 9.999850e-01 -2.514146e+01
9.995180e-01 -4.459271e-04 -3.104030e-02 4.625189e+00 4.677861e-04 9.999996e-01 6.969633e-04 9.551931e-02 3.104004e-02 -7.111487e-04 9.995180e-01 -2.486017e+01
9.999646e-01 7.563957e-04 -8.375416e-03 5.002567e+00 -7.532593e-04 9.999996e-01 3.775658e-04 7.294583e-02 8.375634e-03 -3.712425e-04 9.999648e-01 -2.450815e+01
9.994340e-01 -4.047335e-04 -3.363970e-02 5.399579e+00 4.298587e-04 9.999996e-01 7.396757e-04 5.000281e-02 3.363945e-02 -7.537186e-04 9.994338e-01 -2.416062e+01
9.999508e-01 7.932099e-04 -9.888584e-03 5.700872e+00 -7.888732e-04 9.999996e-01 4.423971e-04 2.977295e-02 9.888861e-03 -4.345732e-04 9.999509e-01 -2.380020e+01
9.997612e-01 -5.441422e-04 -2.184798e-02 6.067354e+00 5.517496e-04 9.999998e-01 3.421979e-04 8.546758e-03 2.184786e-02 -3.541721e-04 9.997613e-01 -2.349824e+01
9.999879e-01 6.841728e-04 -4.863572e-03 6.440397e+00 -6.826793e-04 9.999997e-01 3.086008e-04 -1.120947e-02 4.863708e-03 -3.052754e-04 9.999880e-01 -2.329053e+01
9.993750e-01 -3.267459e-04 -3.534821e-02 6.664275e+00 3.510779e-04 9.999997e-01 6.821663e-04 -2.636259e-02 3.534806e-02 -6.941514e-04 9.993749e-01 -2.304469e+01
9.999895e-01 6.672248e-04 -4.525564e-03 6.864064e+00 -6.659136e-04 9.999997e-01 2.910732e-04 -4.060558e-02 4.525677e-03 -2.880550e-04 9.999896e-01 -2.280953e+01
9.994172e-01 -3.461793e-04 -3.413516e-02 6.994913e+00 3.659486e-04 9.999998e-01 5.729241e-04 -5.089456e-02 3.413503e-02 -5.850835e-04 9.994171e-01 -2.265666e+01
9.999949e-01 6.215469e-04 -3.112361e-03 7.162474e+00 -6.207290e-04 9.999998e-01 2.634903e-04 -6.087097e-02 3.112440e-03 -2.615554e-04 9.999950e-01 -2.256765e+01
9.994968e-01 -3.659590e-04 -3.171744e-02 7.216066e+00 3.792437e-04 9.999998e-01 4.128600e-04 -6.452953e-02 3.171737e-02 -4.246825e-04 9.994969e-01 -2.261263e+01
9.999990e-01 6.119995e-04 1.229849e-03 7.199538e+00 -6.122660e-04 9.999998e-01 2.170577e-04 -6.641133e-02 -1.229803e-03 -2.178088e-04 9.999991e-01 -2.264063e+01
9.995059e-01 -2.963765e-04 -3.143086e-02 7.283661e+00 3.118894e-04 9.999998e-01 4.886839e-04 -7.675314e-02 3.143080e-02 -4.982471e-04 9.995059e-01 -2.242255e+01
9.999679e-01 7.284742e-04 -7.978355e-03 7.289282e+00 -7.245420e-04 9.999996e-01 4.956025e-04 -8.509214e-02 7.978623e-03 -4.898043e-04 9.999680e-01 -2.217640e+01
9.999739e-01 -5.488255e-04 -7.203384e-03 7.353256e+00 5.475208e-04 9.999998e-01 -1.829457e-04 -9.859685e-02 7.203574e-03 1.789951e-04 9.999741e-01 -2.180834e+01
9.994547e-01 9.542582e-04 3.300625e-02 7.559049e+00 -9.338007e-04 9.999994e-01 -6.351818e-04 -1.171424e-01 -3.300692e-02 6.040158e-04 9.994549e-01 -2.141909e+01
9.999876e-01 -5.332117e-04 -4.946903e-03 7.831468e+00 5.320420e-04 9.999998e-01 -2.375614e-04 -1.368838e-01 4.947117e-03 2.349249e-04 9.999878e-01 -2.106811e+01
9.994435e-01 9.227689e-04 3.334359e-02 8.060746e+00 -9.007042e-04 9.999994e-01 -6.767216e-04 -1.518764e-01 -3.334428e-02 6.463138e-04 9.994436e-01 -2.087896e+01
9.999816e-01 -5.212535e-04 -6.046244e-03 8.491577e+00 5.201788e-04 9.999998e-01 -1.791715e-04 -1.735391e-01 6.046423e-03 1.760216e-04 9.999818e-01 -2.066393e+01
9.996486e-01 8.439642e-04 2.649473e-02 9.017588e+00 -8.323662e-04 9.999996e-01 -4.487396e-04 -2.003869e-01 -2.649518e-02 4.265299e-04 9.996488e-01 -2.036780e+01
9.999442e-01 -5.748961e-04 -1.054835e-02 9.485062e+00 5.747557e-04 9.999998e-01 -1.627424e-05 -2.289400e-01 1.054844e-02 1.020924e-05 9.999444e-01 -1.992806e+01
9.997068e-01 8.246241e-04 2.419923e-02 9.959400e+00 -8.154144e-04 9.999996e-01 -3.904128e-04 -2.573650e-01 -2.419962e-02 3.705672e-04 9.997070e-01 -1.950538e+01
9.999229e-01 -5.974536e-04 -1.240805e-02 1.042558e+01 5.980350e-04 9.999998e-01 4.320149e-05 -2.859054e-01 1.240810e-02 -5.061990e-05 9.999231e-01 -1.907336e+01
9.998030e-01 7.890939e-04 1.983116e-02 1.079494e+01 -7.843868e-04 9.999997e-01 -2.451006e-04 -3.139822e-01 -1.983143e-02 2.294982e-04 9.998032e-01 -1.852550e+01
9.999984e-01 -4.504583e-04 1.762345e-03 1.117368e+01 4.511750e-04 9.999998e-01 -4.066670e-04 -3.379218e-01 -1.762081e-03 4.074603e-04 9.999984e-01 -1.814958e+01
9.999891e-01 6.083137e-04 4.632870e-03 1.147367e+01 -6.092666e-04 9.999998e-01 2.044004e-04 -3.609413e-01 -4.632825e-03 -2.072197e-04 9.999892e-01 -1.772055e+01
9.999670e-01 -5.695655e-04 -8.108140e-03 1.166705e+01 5.685531e-04 9.999998e-01 -1.270875e-04 -3.813170e-01 8.108292e-03 1.224722e-04 9.999672e-01 -1.726514e+01
9.999219e-01 7.585900e-04 -1.247257e-02 1.176719e+01 -7.506653e-04 9.999995e-01 6.399952e-04 -3.963836e-01 1.247297e-02 -6.305814e-04 9.999219e-01 -1.689485e+01
9.997868e-01 -4.168916e-04 -2.064674e-02 1.176374e+01 4.199467e-04 9.999999e-01 1.436697e-04 -4.050696e-01 2.064676e-02 -1.523108e-04 9.997869e-01 -1.664256e+01
9.998575e-01 8.200516e-04 -1.686105e-02 1.179300e+01 -8.067207e-04 9.999994e-01 7.973739e-04 -4.147501e-01 1.686160e-02 -7.836569e-04 9.998574e-01 -1.636996e+01
9.998485e-01 -4.527024e-04 -1.740091e-02 1.193380e+01 4.534980e-04 9.999999e-01 4.181896e-05 -4.273308e-01 1.740097e-02 -4.970525e-05 9.998487e-01 -1.611931e+01
9.999498e-01 7.000199e-04 -9.991188e-03 1.218982e+01 -6.936077e-04 9.999996e-01 6.451579e-04 -4.437748e-01 9.991546e-03 -6.381942e-04 9.999498e-01 -1.587083e+01
9.997586e-01 -3.763529e-04 -2.197094e-02 1.236200e+01 3.792938e-04 9.999999e-01 1.297269e-04 -4.569725e-01 2.197098e-02 -1.380304e-04 9.997587e-01 -1.564312e+01
9.999599e-01 6.910466e-04 -8.924463e-03 1.245512e+01 -6.854260e-04 9.999996e-01 6.327368e-04 -4.690245e-01 8.924804e-03 -6.265930e-04 9.999599e-01 -1.535983e+01
9.998838e-01 -4.358124e-04 -1.524094e-02 1.258477e+01 4.354315e-04 9.999999e-01 -2.824822e-05 -4.853461e-01 1.524104e-02 2.160710e-05 9.998839e-01 -1.495391e+01
9.999439e-01 6.713926e-04 -1.056479e-02 1.278814e+01 -6.646278e-04 9.999996e-01 6.437183e-04 -4.996916e-01 1.056513e-02 -6.366592e-04 9.999439e-01 -1.472004e+01
9.999994e-01 -6.191411e-04 9.543967e-04 1.314164e+01 6.195541e-04 9.999997e-01 -4.336137e-04 -5.204155e-01 -9.540342e-04 4.342033e-04 9.999995e-01 -1.445664e+01
9.999852e-01 6.341957e-04 -5.399379e-03 1.357079e+01 -6.314734e-04 9.999997e-01 5.056885e-04 -5.425217e-01 5.399604e-03 -5.022700e-04 9.999852e-01 -1.425420e+01
9.999941e-01 -6.187325e-04 3.382758e-03 1.393383e+01 6.203922e-04 9.999997e-01 -4.899147e-04 -5.640789e-01 -3.382360e-03 4.920089e-04 9.999942e-01 -1.398034e+01
9.999981e-01 7.080624e-04 -1.787767e-03 1.430438e+01 -7.072481e-04 9.999996e-01 4.554658e-04 -5.898737e-01 1.787995e-03 -4.541991e-04 9.999982e-01 -1.353031e+01
9.999984e-01 -6.751889e-04 1.700200e-03 1.480245e+01 6.759148e-04 9.999997e-01 -4.270733e-04 -6.186635e-01 -1.699817e-03 4.282203e-04 9.999985e-01 -1.313345e+01
9.999932e-01 6.897547e-04 -3.614358e-03 1.521608e+01 -6.879513e-04 9.999996e-01 4.998924e-04 -6.453727e-01 3.614608e-03 -4.974011e-04 9.999933e-01 -1.270927e+01
9.999962e-01 -6.582308e-04 2.672595e-03 1.556674e+01 6.594317e-04 9.999997e-01 -4.489000e-04 -6.714166e-01 -2.672205e-03 4.506592e-04 9.999964e-01 -1.222541e+01
9.999982e-01 7.154524e-04 -1.724033e-03 1.610914e+01 -7.147088e-04 9.999997e-01 4.313007e-04 -6.997557e-01 1.724247e-03 -4.300664e-04 9.999984e-01 -1.191030e+01
9.999984e-01 -7.242769e-04 -1.642660e-03 1.655329e+01 7.237057e-04 9.999997e-01 -3.476520e-04 -7.249037e-01 1.643006e-03 3.464612e-04 9.999987e-01 -1.159609e+01
9.999996e-01 7.073119e-04 -5.616478e-04 1.703852e+01 -7.070804e-04 9.999997e-01 4.104250e-04 -7.513260e-01 5.618438e-04 -4.100263e-04 9.999997e-01 -1.128312e+01
9.999996e-01 -6.976777e-04 -6.456540e-04 1.749101e+01 6.974367e-04 9.999997e-01 -3.718184e-04 -7.776545e-01 6.460074e-04 3.713665e-04 9.999998e-01 -1.092907e+01
9.999989e-01 7.663676e-04 1.252845e-03 1.784456e+01 -7.668337e-04 9.999996e-01 3.724043e-04 -8.034281e-01 -1.252653e-03 -3.733632e-04 9.999991e-01 -1.045910e+01
9.999930e-01 -6.448562e-04 3.697652e-03 1.823819e+01 6.468495e-04 9.999996e-01 -5.381767e-04 -8.272599e-01 -3.697210e-03 5.405633e-04 9.999931e-01 -1.012191e+01
9.999957e-01 7.263587e-04 -2.832373e-03 1.864639e+01 -7.247430e-04 9.999996e-01 5.710867e-04 -8.569319e-01 2.832692e-03 -5.690301e-04 9.999958e-01 -9.559828e+00
9.999946e-01 -6.788381e-04 3.225056e-03 1.915234e+01 6.805788e-04 9.999996e-01 -5.390295e-04 -8.869931e-01 -3.224595e-03 5.412200e-04 9.999947e-01 -9.118871e+00
9.999955e-01 7.132011e-04 -2.899662e-03 1.975425e+01 -7.115394e-04 9.999996e-01 5.737120e-04 -9.188307e-01 2.899976e-03 -5.716449e-04 9.999956e-01 -8.737729e+00
9.999890e-01 -6.430779e-04 4.646814e-03 2.031799e+01 6.458740e-04 9.999996e-01 -6.004775e-04 -9.485709e-01 -4.646332e-03 6.034707e-04 9.999891e-01 -8.390416e+00
9.999993e-01 7.833916e-04 -8.525288e-04 2.070322e+01 -7.829359e-04 9.999996e-01 5.335068e-04 -9.772771e-01 8.528526e-04 -5.328376e-04 9.999994e-01 -7.838369e+00
9.999946e-01 -6.507857e-04 3.227553e-03 2.100569e+01 6.524930e-04 9.999996e-01 -5.282591e-04 -1.006553e+00 -3.227115e-03 5.303607e-04 9.999947e-01 -7.144365e+00
9.999976e-01 7.485494e-04 -2.061400e-03 2.133306e+01 -7.474177e-04 9.999996e-01 5.492559e-04 -1.034619e+00 2.061717e-03 -5.477125e-04 9.999977e-01 -6.537680e+00
9.999885e-01 -6.293770e-04 4.760369e-03 2.174832e+01 6.321612e-04 9.999996e-01 -5.836032e-04 -1.063749e+00 -4.759906e-03 5.866044e-04 9.999886e-01 -6.007248e+00
9.999992e-01 7.823585e-04 9.668426e-04 2.225248e+01 -7.827843e-04 9.999996e-01 4.411026e-04 -1.093501e+00 -9.665905e-04 -4.418577e-04 9.999994e-01 -5.573513e+00
9.999992e-01 -6.903478e-04 1.134275e-03 2.266329e+01 6.909086e-04 9.999996e-01 -4.949437e-04 -1.119697e+00 -1.133840e-03 4.957255e-04 9.999993e-01 -5.168063e+00
9.999926e-01 8.538728e-04 3.748999e-03 2.288251e+01 -8.553030e-04 9.999996e-01 3.801470e-04 -1.144883e+00 -3.748766e-03 -3.833494e-04 9.999928e-01 -4.535375e+00
9.999997e-01 -7.194716e-04 -3.349081e-04 2.317595e+01 7.193218e-04 9.999996e-01 -4.443774e-04 -1.171868e+00 3.353206e-04 4.441350e-04 9.999999e-01 -3.926658e+00
9.999475e-01 9.281100e-04 1.019795e-02 2.366813e+01 -9.299878e-04 9.999996e-01 1.794886e-04 -1.201606e+00 -1.019787e-02 -1.889619e-04 9.999479e-01 -3.477473e+00
9.999586e-01 -8.589508e-04 -9.062019e-03 2.408241e+01 8.571179e-04 9.999996e-01 -2.060431e-04 -1.227763e+00 9.062285e-03 1.982659e-04 9.999590e-01 -3.079880e+00
9.999453e-01 9.327717e-04 1.041390e-02 2.453032e+01 -9.348366e-04 9.999995e-01 1.935080e-04 -1.256533e+00 -1.041381e-02 -2.032314e-04 9.999457e-01 -2.613486e+00
9.999921e-01 -7.753076e-04 -3.896630e-03 2.505694e+01 7.739655e-04 9.999996e-01 -3.457013e-04 -1.288248e+00 3.896989e-03 3.426814e-04 9.999924e-01 -2.125842e+00
9.999611e-01 9.140605e-04 8.769740e-03 2.560101e+01 -9.162669e-04 9.999995e-01 2.476755e-04 -1.320541e+00 -8.769602e-03 -2.557001e-04 9.999614e-01 -1.640224e+00
9.999857e-01 -7.858717e-04 -5.295897e-03 2.613790e+01 7.844455e-04 9.999997e-01 -2.711995e-04 -1.355039e+00 5.296200e-03 2.670399e-04 9.999860e-01 -1.045614e+00
9.999720e-01 8.968368e-04 7.429321e-03 2.648984e+01 -8.987656e-04 9.999996e-01 2.563968e-04 -1.383785e+00 -7.429180e-03 -2.630656e-04 9.999723e-01 -4.424813e-01
9.999929e-01 -7.854342e-04 -3.701398e-03 2.696962e+01 7.841480e-04 9.999996e-01 -3.486918e-04 -1.412731e+00 3.701762e-03 3.457855e-04 9.999932e-01 -1.059485e-02
9.999773e-01 8.795130e-04 6.680090e-03 2.748538e+01 -8.813468e-04 9.999996e-01 2.717071e-04 -1.441661e+00 -6.679940e-03 -2.775871e-04 9.999776e-01 3.697073e-01
9.999818e-01 -8.512057e-04 -5.976652e-03 2.824131e+01 8.496968e-04 9.999996e-01 -2.548565e-04 -1.476691e+00 5.976958e-03 2.497722e-04 9.999822e-01 6.758819e-01
9.998840e-01 1.023716e-03 1.519525e-02 2.903393e+01 -1.023787e-03 9.999995e-01 -3.080237e-06 -1.512299e+00 -1.519534e-02 -1.247561e-05 9.998845e-01 9.621805e-01
9.999990e-01 -7.843750e-04 -1.171011e-03 2.981505e+01 7.839401e-04 9.999996e-01 -3.710818e-04 -1.548314e+00 1.171393e-03 3.701622e-04 9.999993e-01 1.289607e+00
9.998433e-01 1.065442e-03 1.766975e-02 3.049337e+01 -1.063970e-03 9.999994e-01 -9.270028e-05 -1.581881e+00 -1.766992e-02 7.388682e-05 9.998438e-01 1.652067e+00
9.999792e-01 -8.521020e-04 -6.403260e-03 3.112978e+01 8.507593e-04 9.999996e-01 -2.122999e-04 -1.614195e+00 6.403527e-03 2.068467e-04 9.999795e-01 2.020607e+00
9.998849e-01 1.035074e-03 1.513460e-02 3.172929e+01 -1.034872e-03 9.999995e-01 -2.115900e-05 -1.646533e+00 -1.513470e-02 5.495286e-06 9.998854e-01 2.437886e+00
9.999649e-01 -8.725937e-04 -8.331888e-03 3.231255e+01 8.714305e-04 9.999996e-01 -1.431540e-04 -1.679366e+00 8.332098e-03 1.358871e-04 9.999654e-01 2.898675e+00
9.998416e-01 1.071852e-03 1.776636e-02 3.297155e+01 -1.070191e-03 9.999994e-01 -1.030019e-04 -1.714058e+00 -1.776655e-02 8.397324e-05 9.998421e-01 3.339740e+00
9.999550e-01 -8.878742e-04 -9.443546e-03 3.382471e+01 8.869853e-04 9.999996e-01 -9.824351e-05 -1.753082e+00 9.443718e-03 8.986168e-05 9.999555e-01 3.694687e+00
9.999126e-01 1.000904e-03 1.317847e-02 3.450733e+01 -1.001481e-03 9.999995e-01 3.720146e-05 -1.788150e+00 -1.317852e-02 -5.039517e-05 9.999131e-01 4.116637e+00
9.999540e-01 -8.849842e-04 -9.552359e-03 3.509843e+01 8.841178e-04 9.999996e-01 -9.485014e-05 -1.821820e+00 9.552527e-03 8.639925e-05 9.999544e-01 4.601579e+00
9.998922e-01 1.025106e-03 1.464558e-02 3.561971e+01 -1.024676e-03 9.999995e-01 -3.683177e-05 -1.852489e+00 -1.464569e-02 2.182183e-05 9.998927e-01 5.053420e+00
9.999498e-01 -9.000255e-04 -9.986247e-03 3.619471e+01 8.992552e-04 9.999996e-01 -8.155650e-05 -1.883515e+00 9.986404e-03 7.257113e-05 9.999502e-01 5.451221e+00
9.998141e-01 1.119177e-03 1.924926e-02 3.653719e+01 -1.116241e-03 9.999994e-01 -1.632264e-04 -1.912436e+00 -1.924952e-02 1.417102e-04 9.998146e-01 6.079203e+00
9.999349e-01 -8.856625e-04 -1.137611e-02 3.679970e+01 8.857451e-04 9.999996e-01 2.278363e-06 -1.942830e+00 1.137619e-02 -1.235559e-05 9.999354e-01 6.877620e+00
9.998886e-01 1.014713e-03 1.488778e-02 3.734976e+01 -1.014037e-03 9.999995e-01 -5.293667e-05 -1.976586e+00 -1.488791e-02 3.783497e-05 9.998891e-01 7.424349e+00
9.999210e-01 -9.296978e-04 -1.253376e-02 3.805307e+01 9.303697e-04 9.999996e-01 4.782210e-05 -2.013165e+00 1.253379e-02 -5.948039e-05 9.999215e-01 7.878369e+00
9.999104e-01 9.822279e-04 1.334821e-02 3.874547e+01 -9.825072e-04 9.999995e-01 1.440919e-05 -2.050801e+00 -1.334827e-02 -2.752166e-05 9.999108e-01 8.390823e+00
9.999333e-01 -9.208955e-04 -1.151528e-02 3.957236e+01 9.208767e-04 9.999996e-01 -6.881305e-06 -2.089919e+00 1.151536e-02 -3.724344e-06 9.999338e-01 8.777809e+00
9.999080e-01 9.802478e-04 1.352441e-02 4.043060e+01 -9.801530e-04 9.999995e-01 -1.359310e-05 -2.128015e+00 -1.352450e-02 3.368022e-07 9.999085e-01 9.080534e+00
9.999398e-01 -8.943861e-04 -1.094081e-02 4.111600e+01 8.941141e-04 9.999996e-01 -2.969331e-05 -2.161725e+00 1.094092e-02 1.990816e-05 9.999402e-01 9.438346e+00
9.998854e-01 1.027823e-03 1.510002e-02 4.152378e+01 -1.026694e-03 9.999995e-01 -8.253297e-05 -2.189515e+00 -1.510018e-02 6.702135e-05 9.998859e-01 9.923152e+00
9.999304e-01 -9.280177e-04 -1.176237e-02 4.207694e+01 9.279111e-04 9.999996e-01 -1.447119e-05 -2.218763e+00 1.176246e-02 3.554742e-06 9.999309e-01 1.026436e+01
9.998496e-01 1.060740e-03 1.730774e-02 4.249158e+01 -1.058042e-03 9.999994e-01 -1.650306e-04 -2.245009e+00 -1.730799e-02 1.466944e-04 9.998501e-01 1.067227e+01
9.999299e-01 -9.166325e-04 -1.181001e-02 4.283091e+01 9.167150e-04 9.999996e-01 1.614251e-06 -2.270489e+00 1.181009e-02 -1.244153e-05 9.999303e-01 1.114913e+01
9.998217e-01 1.090906e-03 1.885023e-02 4.312513e+01 -1.087082e-03 9.999994e-01 -2.130507e-04 -2.295707e+00 -1.885054e-02 1.925218e-04 9.998222e-01 1.168434e+01
9.999411e-01 -9.059922e-04 -1.082211e-02 4.327640e+01 9.057060e-04 9.999996e-01 -3.130145e-05 -2.317509e+00 1.082221e-02 2.149703e-05 9.999415e-01 1.227111e+01
9.998343e-01 1.064245e-03 1.817057e-02 4.368099e+01 -1.060795e-03 9.999994e-01 -1.994359e-04 -2.343946e+00 -1.817085e-02 1.801284e-04 9.998348e-01 1.270180e+01
9.998870e-01 -9.786612e-04 -1.500325e-02 4.421508e+01 9.798017e-04 9.999995e-01 6.869832e-05 -2.369793e+00 1.500326e-02 -8.339167e-05 9.998875e-01 1.293038e+01
9.998266e-01 9.697625e-04 1.859749e-02 4.411885e+01 -9.640709e-04 9.999995e-01 -3.149786e-04 -2.370990e+00 -1.859787e-02 2.969955e-04 9.998269e-01 1.291078e+01
9.998999e-01 -8.565896e-04 -1.412743e-02 4.446373e+01 8.586885e-04 9.999996e-01 1.425338e-04 -2.392293e+00 1.412738e-02 -1.546514e-04 9.999003e-01 1.321532e+01
9.998315e-01 9.348828e-04 1.833439e-02 4.499838e+01 -9.277588e-04 9.999995e-01 -3.970331e-04 -2.409834e+00 -1.833484e-02 3.799570e-04 9.998318e-01 1.311489e+01
9.999345e-01 -8.968861e-04 -1.141165e-02 4.525147e+01 8.970074e-04 9.999996e-01 5.544177e-06 -2.413647e+00 1.141172e-02 -1.578096e-05 9.999350e-01 1.279130e+01
9.998453e-01 9.612086e-04 1.756244e-02 4.536240e+01 -9.549010e-04 9.999995e-01 -3.675094e-04 -2.415555e+00 -1.756287e-02 3.506829e-04 9.998456e-01 1.256896e+01
9.999571e-01 -8.643309e-04 -9.221884e-03 4.578773e+01 8.638328e-04 9.999996e-01 -5.794832e-05 -2.423806e+00 9.222012e-03 4.997892e-05 9.999576e-01 1.223279e+01
9.997426e-01 1.015203e-03 2.266220e-02 4.618519e+01 -1.003731e-03 9.999994e-01 -5.175700e-04 -2.432345e+00 -2.266279e-02 4.946907e-04 9.997430e-01 1.193661e+01
9.999984e-01 -7.141599e-04 -1.659345e-03 4.649952e+01 7.138868e-04 9.999997e-01 -1.649836e-04 -2.450255e+00 1.659542e-03 1.637981e-04 9.999987e-01 1.214684e+01
9.997672e-01 1.000216e-03 2.155440e-02 4.677553e+01 -9.894653e-04 9.999994e-01 -5.094120e-04 -2.466342e+00 -2.155497e-02 4.879666e-04 9.997675e-01 1.233059e+01
9.999984e-01 -6.633568e-04 1.654394e-03 4.714757e+01 6.637023e-04 9.999998e-01 -2.084277e-04 -2.487367e+00 -1.654179e-03 2.095249e-04 9.999987e-01 1.258997e+01
9.997197e-01 1.043812e-03 2.365211e-02 4.754656e+01 -1.030293e-03 9.999993e-01 -5.837515e-04 -2.508674e+00 -2.365277e-02 5.592196e-04 9.997200e-01 1.282480e+01
9.999868e-01 -7.326914e-04 -5.084170e-03 4.787388e+01 7.329118e-04 9.999997e-01 4.152673e-05 -2.533964e+00 5.084212e-03 -4.525280e-05 9.999872e-01 1.332248e+01
9.997228e-01 1.025502e-03 2.352081e-02 4.823435e+01 -1.010770e-03 9.999993e-01 -6.382421e-04 -2.555683e+00 -2.352152e-02 6.142914e-04 9.997231e-01 1.363029e+01
9.999799e-01 -7.525398e-04 -6.294035e-03 4.867022e+01 7.531203e-04 9.999997e-01 8.988254e-05 -2.578210e+00 6.294037e-03 -9.462116e-05 9.999803e-01 1.387130e+01
9.996914e-01 1.058228e-03 2.481898e-02 4.895918e+01 -1.041730e-03 9.999992e-01 -6.776346e-04 -2.600285e+00 -2.481975e-02 6.515709e-04 9.996916e-01 1.429299e+01
9.999951e-01 -6.868791e-04 -3.050455e-03 4.914542e+01 6.870093e-04 9.999998e-01 4.163564e-05 -2.622819e+00 3.050494e-03 -4.373126e-05 9.999954e-01 1.486978e+01
9.998294e-01 9.712404e-04 1.844303e-02 4.929863e+01 -9.625151e-04 9.999994e-01 -4.819595e-04 -2.646699e+00 -1.844355e-02 4.641256e-04 9.998297e-01 1.553843e+01
9.999992e-01 -6.468933e-04 1.136587e-03 4.944087e+01 6.470071e-04 9.999998e-01 -9.978178e-05 -2.667279e+00 -1.136457e-03 1.005171e-04 9.999994e-01 1.609061e+01
9.997183e-01 1.013379e-03 2.371391e-02 4.967850e+01 -9.971798e-04 9.999993e-01 -6.949310e-04 -2.684713e+00 -2.371466e-02 6.710881e-04 9.997185e-01 1.637698e+01
9.999814e-01 -5.675617e-04 6.073944e-03 5.017036e+01 5.687908e-04 9.999998e-01 -2.006248e-04 -2.708734e+00 -6.073767e-03 2.040760e-04 9.999816e-01 1.660354e+01
9.997210e-01 1.012506e-03 2.359856e-02 5.064285e+01 -9.959445e-04 9.999992e-01 -7.135265e-04 -2.732590e+00 -2.359932e-02 6.898242e-04 9.997212e-01 1.684968e+01
9.999805e-01 -5.669509e-04 6.218549e-03 5.104170e+01 5.681235e-04 9.999998e-01 -1.867741e-04 -2.754837e+00 -6.218386e-03 1.903037e-04 9.999807e-01 1.713063e+01
9.998070e-01 9.614115e-04 1.961981e-02 5.137572e+01 -9.494767e-04 9.999994e-01 -6.176155e-04 -2.775552e+00 -1.962045e-02 5.988674e-04 9.998072e-01 1.743477e+01
9.999970e-01 -6.240736e-04 2.377680e-03 5.170864e+01 6.242224e-04 9.999998e-01 -6.180758e-05 -2.796068e+00 -2.377588e-03 6.329209e-05 9.999973e-01 1.772776e+01
9.998434e-01 9.431955e-04 1.767268e-02 5.208421e+01 -9.334108e-04 9.999994e-01 -5.619110e-04 -2.818767e+00 -1.767325e-02 5.453265e-04 9.998436e-01 1.805426e+01
9.999995e-01 -6.419918e-04 7.169543e-04 5.234235e+01 6.419947e-04 9.999998e-01 -3.512814e-06 -2.840026e+00 -7.169027e-04 3.973724e-06 9.999998e-01 1.848117e+01
9.998391e-01 9.296195e-04 1.791133e-02 5.277779e+01 -9.193336e-04 9.999994e-01 -5.825010e-04 -2.863388e+00 -1.791191e-02 5.659401e-04 9.998393e-01 1.875541e+01
9.999993e-01 -6.337054e-04 1.049416e-03 5.307650e+01 6.337158e-04 9.999998e-01 -9.416521e-06 -2.883483e+00 -1.049364e-03 1.008230e-05 9.999995e-01 1.907717e+01
9.999199e-01 8.605701e-04 1.262877e-02 5.352046e+01 -8.552473e-04 9.999995e-01 -4.268871e-04 -2.906819e+00 -1.262917e-02 4.160513e-04 9.999201e-01 1.933148e+01
9.999996e-01 -6.430428e-04 6.229026e-04 5.392835e+01 6.430343e-04 9.999998e-01 1.409059e-05 -2.930192e+00 -6.228681e-04 -1.368919e-05 9.999999e-01 1.964048e+01
9.998636e-01 9.074378e-04 1.648808e-02 5.429872e+01 -8.980623e-04 9.999994e-01 -5.760278e-04 -2.950098e+00 -1.648863e-02 5.611410e-04 9.998638e-01 1.985468e+01
9.999990e-01 -6.985964e-04 -1.228058e-03 5.445155e+01 6.986527e-04 9.999998e-01 4.529934e-05 -2.961656e+00 1.228067e-03 -4.615632e-05 9.999993e-01 1.999940e+01
9.998278e-01 9.650280e-04 1.853383e-02 5.485496e+01 -9.538501e-04 9.999994e-01 -6.119484e-04 -2.982754e+00 -1.853445e-02 5.941634e-04 9.998280e-01 2.021852e+01
9.999975e-01 -7.043671e-04 -2.118463e-03 5.533666e+01 7.045771e-04 9.999997e-01 9.827683e-05 -3.006652e+00 2.118431e-03 -9.976813e-05 9.999978e-01 2.045185e+01
9.999405e-01 8.664519e-04 1.087456e-02 5.593455e+01 -8.622267e-04 9.999996e-01 -3.932346e-04 -3.032820e+00 -1.087494e-02 3.838337e-04 9.999407e-01 2.061588e+01
9.999985e-01 -6.563384e-04 1.627862e-03 5.643460e+01 6.563583e-04 9.999998e-01 -1.152638e-05 -3.056620e+00 -1.627818e-03 1.259598e-05 9.999988e-01 2.081826e+01
9.998565e-01 9.398180e-04 1.691138e-02 5.678818e+01 -9.296448e-04 9.999994e-01 -6.094240e-04 -3.074576e+00 -1.691198e-02 5.936137e-04 9.998567e-01 2.097848e+01
9.999989e-01 -6.520945e-04 1.323048e-03 5.730921e+01 6.520470e-04 9.999998e-01 3.648216e-05 -3.098451e+00 -1.323039e-03 -3.561814e-05 9.999992e-01 2.115922e+01
9.998106e-01 9.817662e-04 1.943722e-02 5.782501e+01 -9.680987e-04 9.999993e-01 -7.125673e-04 -3.120250e+00 -1.943794e-02 6.936138e-04 9.998107e-01 2.126735e+01
9.999996e-01 -6.953494e-04 5.819294e-04 5.802921e+01 6.953192e-04 9.999998e-01 5.245576e-05 -3.132893e+00 -5.819377e-04 -5.204968e-05 9.999999e-01 2.139080e+01
9.996982e-01 1.083317e-03 2.454198e-02 5.812922e+01 -1.062906e-03 9.999991e-01 -8.447024e-04 -3.148390e+00 -2.454290e-02 8.183602e-04 9.996983e-01 2.177927e+01
9.999993e-01 -7.042404e-04 -9.330935e-04 5.838667e+01 7.043445e-04 9.999997e-01 1.109997e-04 -3.167962e+00 9.330385e-04 -1.116553e-04 9.999997e-01 2.214235e+01
9.995826e-01 1.143368e-03 2.886745e-02 5.886034e+01 -1.114529e-03 9.999989e-01 -1.015083e-03 -3.187850e+00 -2.886860e-02 9.824841e-04 9.995826e-01 2.222989e+01
9.999989e-01 -6.666219e-04 1.359036e-03 5.934830e+01 6.665246e-04 9.999998e-01 7.219888e-05 -3.208064e+00 -1.359066e-03 -7.129118e-05 9.999992e-01 2.231346e+01
9.995197e-01 1.166130e-03 3.096898e-02 5.976984e+01 -1.132439e-03 9.999987e-01 -1.105426e-03 -3.224996e+00 -3.097024e-02 1.069822e-03 9.995196e-01 2.234360e+01
9.999978e-01 -6.533790e-04 2.006109e-03 6.024070e+01 6.532245e-04 9.999998e-01 7.770096e-05 -3.243761e+00 -2.006148e-03 -7.638835e-05 9.999981e-01 2.238623e+01
9.992788e-01 1.260604e-03 3.795154e-02 6.058638e+01 -1.210799e-03 9.999984e-01 -1.335289e-03 -3.257916e+00 -3.795317e-02 1.288372e-03 9.992786e-01 2.239345e+01
9.999996e-01 -6.798790e-04 -5.203920e-04 6.093471e+01 6.799728e-04 9.999998e-01 1.801266e-04 -3.273648e+00 5.202729e-04 -1.804781e-04 9.999999e-01 2.246765e+01
9.993463e-01 1.173198e-03 3.613304e-02 6.109513e+01 -1.125038e-03 9.999985e-01 -1.353153e-03 -3.279799e+00 -3.613457e-02 1.311615e-03 9.993460e-01 2.236595e+01
9.999785e-01 -7.929233e-04 -6.510641e-03 6.132266e+01 7.951281e-04 9.999996e-01 3.360797e-04 -3.283028e+00 6.510369e-03 -3.412468e-04 9.999788e-01 2.205101e+01
9.993553e-01 1.217053e-03 3.588228e-02 6.164797e+01 -1.169824e-03 9.999984e-01 -1.337184e-03 -3.292482e+00 -3.588384e-02 1.294343e-03 9.993550e-01 2.188861e+01
9.999561e-01 -7.904418e-04 -9.338895e-03 6.212338e+01 7.948168e-04 9.999996e-01 4.647900e-04 -3.308572e+00 9.338515e-03 -4.721896e-04 9.999564e-01 2.181813e+01
9.995054e-01 1.137298e-03 3.142578e-02 6.277330e+01 -1.099983e-03 9.999987e-01 -1.204643e-03 -3.330329e+00 -3.142710e-02 1.169476e-03 9.995053e-01 2.174737e+01
9.999535e-01 -7.914953e-04 -9.614688e-03 6.343026e+01 7.960375e-04 9.999996e-01 4.686306e-04 -3.350279e+00 9.614300e-03 -4.762596e-04 9.999538e-01 2.159841e+01
9.994746e-01 1.145220e-03 3.239132e-02 6.407782e+01 -1.105730e-03 9.999986e-01 -1.237038e-03 -3.371286e+00 -3.239267e-02 1.200569e-03 9.994744e-01 2.150557e+01
9.999385e-01 -8.149910e-04 -1.105608e-02 6.469431e+01 8.208834e-04 9.999995e-01 5.284533e-04 -3.392331e+00 1.105562e-02 -5.374936e-04 9.999388e-01 2.145054e+01
9.996410e-01 1.061888e-03 2.677388e-02 6.547136e+01 -1.033844e-03 9.999989e-01 -1.061249e-03 -3.417527e+00 -2.677496e-02 1.033185e-03 9.996409e-01 2.134693e+01
9.999401e-01 -8.069811e-04 -1.091454e-02 6.626730e+01 8.128068e-04 9.999995e-01 5.293678e-04 -3.442536e+00 1.091409e-02 -5.382045e-04 9.999404e-01 2.121325e+01
9.996764e-01 1.032206e-03 2.541677e-02 6.693537e+01 -1.005935e-03 9.999989e-01 -1.046356e-03 -3.464447e+00 -2.541780e-02 1.020447e-03 9.996763e-01 2.112190e+01
9.999043e-01 -8.488393e-04 -1.381011e-02 6.764550e+01 8.576523e-04 9.999994e-01 6.322799e-04 -3.488575e+00 1.380954e-02 -6.440605e-04 9.999045e-01 2.106033e+01
9.993488e-01 1.190553e-03 3.606368e-02 6.817113e+01 -1.141305e-03 9.999984e-01 -1.386152e-03 -3.508533e+00 -3.606525e-02 1.344086e-03 9.993484e-01 2.108322e+01
9.998917e-01 -8.776057e-04 -1.468766e-02 6.859496e+01 8.872573e-04 9.999994e-01 6.506536e-04 -3.524893e+00 1.468706e-02 -6.636117e-04 9.998920e-01 2.108704e+01
9.993859e-01 1.185295e-03 3.501878e-02 6.908638e+01 -1.138574e-03 9.999984e-01 -1.354073e-03 -3.543990e+00 -3.502030e-02 1.313367e-03 9.993856e-01 2.111424e+01
9.997469e-01 -9.816808e-04 -2.247790e-02 6.962001e+01 1.001385e-03 9.999991e-01 8.653869e-04 -3.562687e+00 2.247700e-02 -8.876736e-04 9.997471e-01 2.106280e+01
9.994520e-01 1.165801e-03 3.307936e-02 7.028037e+01 -1.123924e-03 9.999985e-01 -1.284529e-03 -3.584681e+00 -3.308078e-02 1.246643e-03 9.994518e-01 2.097389e+01
9.996468e-01 -1.034686e-03 -2.655502e-02 7.088875e+01 1.061337e-03 9.999989e-01 9.895793e-04 -3.607016e+00 2.655393e-02 -1.017410e-03 9.996470e-01 2.096014e+01
9.994986e-01 1.163878e-03 3.164191e-02 7.152352e+01 -1.126121e-03 9.999986e-01 -1.211021e-03 -3.633125e+00 -3.164324e-02 1.174778e-03 9.994984e-01 2.105447e+01
9.997155e-01 -1.010274e-03 -2.382957e-02 7.222073e+01 1.032231e-03 9.999991e-01 9.091616e-04 -3.659237e+00 2.382859e-02 -9.334972e-04 9.997157e-01 2.107339e+01
9.992902e-01 1.237785e-03 3.765131e-02 7.282920e+01 -1.185425e-03 9.999983e-01 -1.412934e-03 -3.682275e+00 -3.765296e-02 1.367295e-03 9.992898e-01 2.109728e+01
9.995956e-01 -1.052811e-03 -2.841673e-02 7.343013e+01 1.083241e-03 9.999989e-01 1.055497e-03 -3.706216e+00 2.841555e-02 -1.085849e-03 9.995957e-01 2.115453e+01
9.997628e-01 1.183013e-03 2.174608e-02 7.391967e+01 -1.161755e-03 9.999988e-01 -9.901599e-04 -3.726271e+00 -2.174719e-02 9.646580e-04 9.997629e-01 2.120436e+01
9.997121e-01 -1.110465e-03 -2.396803e-02 7.446512e+01 1.133433e-03 9.999989e-01 9.447322e-04 -3.748632e+00 2.396692e-02 -9.716229e-04 9.997124e-01 2.126578e+01
9.999152e-01 1.153579e-03 1.297450e-02 7.508292e+01 -1.144415e-03 9.999991e-01 -7.136669e-04 -3.773346e+00 -1.297528e-02 6.987547e-04 9.999155e-01 2.133179e+01
9.997051e-01 -1.160960e-03 -2.425812e-02 7.574933e+01 1.184413e-03 9.999988e-01 9.524548e-04 -3.799195e+00 2.425696e-02 -9.809021e-04 9.997054e-01 2.137973e+01
9.999708e-01 1.207326e-03 7.546275e-03 7.632252e+01 -1.203007e-03 9.999991e-01 -5.767310e-04 -3.821577e+00 -7.546934e-03 5.676326e-04 9.999713e-01 2.143003e+01
9.997355e-01 -1.194134e-03 -2.296777e-02 7.695111e+01 1.215458e-03 9.999988e-01 9.145243e-04 -3.845622e+00 2.296662e-02 -9.421954e-04 9.997359e-01 2.146944e+01
9.999954e-01 1.268725e-03 2.748183e-03 7.745808e+01 -1.267503e-03 9.999991e-01 -4.460381e-04 -3.866377e+00 -2.748719e-03 4.425495e-04 9.999960e-01 2.154594e+01
9.997624e-01 -1.202440e-03 -2.176547e-02 7.795607e+01 1.221201e-03 9.999989e-01 8.486933e-04 -3.886653e+00 2.176440e-02 -8.750684e-04 9.997628e-01 2.161381e+01
9.999758e-01 1.236142e-03 6.847301e-03 7.849905e+01 -1.232664e-03 9.999991e-01 -5.119650e-04 -3.909147e+00 -6.847904e-03 5.035090e-04 9.999763e-01 2.170096e+01
9.997801e-01 -1.245561e-03 -2.093424e-02 7.909778e+01 1.262986e-03 9.999989e-01 8.192144e-04 -3.933287e+00 2.093317e-02 -8.454706e-04 9.997806e-01 2.177967e+01
9.998870e-01 1.213811e-03 1.498678e-02 7.967927e+01 -1.203514e-03 9.999990e-01 -6.960156e-04 -3.959969e+00 -1.498759e-02 6.778969e-04 9.998874e-01 2.197064e+01
9.998198e-01 -1.243103e-03 -1.894511e-02 8.027622e+01 1.257832e-03 9.999989e-01 7.656203e-04 -3.987099e+00 1.894412e-02 -7.893088e-04 9.998203e-01 2.215368e+01
9.999302e-01 1.208227e-03 1.175242e-02 8.088645e+01 -1.201237e-03 9.999991e-01 -6.018165e-04 -4.014627e+00 -1.175312e-02 5.876539e-04 9.999307e-01 2.233910e+01
9.997203e-01 -1.203416e-03 -2.361865e-02 8.139543e+01 1.223840e-03 9.999989e-01 8.503348e-04 -4.037880e+00 2.361758e-02 -8.789993e-04 9.997208e-01 2.249352e+01
9.999277e-01 1.218871e-03 1.195927e-02 8.186850e+01 -1.211899e-03 9.999991e-01 -5.901432e-04 -4.061175e+00 -1.195996e-02 5.756041e-04 9.999282e-01 2.270076e+01
9.997556e-01 -1.235096e-03 -2.207141e-02 8.233679e+01 1.253262e-03 9.999989e-01 8.092671e-04 -4.085278e+00 2.207036e-02 -8.367275e-04 9.997562e-01 2.294025e+01
9.999048e-01 1.210505e-03 1.374626e-02 8.282298e+01 -1.201777e-03 9.999991e-01 -6.431314e-04 -4.108383e+00 -1.374701e-02 6.265472e-04 9.999052e-01 2.310852e+01
9.996607e-01 -1.226102e-03 -2.602052e-02 8.336611e+01 1.248789e-03 9.999989e-01 8.556618e-04 -4.129059e+00 2.601942e-02 -8.878625e-04 9.996611e-01 2.311740e+01
9.999689e-01 1.292002e-03 7.781383e-03 8.384182e+01 -1.288354e-03 9.999991e-01 -4.738454e-04 -4.147816e+00 -7.781974e-03 4.638024e-04 9.999695e-01 2.314816e+01
9.996938e-01 -1.249599e-03 -2.471161e-02 8.435575e+01 1.270550e-03 9.999988e-01 8.321472e-04 -4.169562e+00 2.471053e-02 -8.632868e-04 9.996944e-01 2.325154e+01
