9.994323e-01 5.237811e-04 3.368607e-02 2.556685e-01 -4.894173e-04 9.999994e-01 -1.028359e-03 -2.086880e-02 -3.368659e-02 1.011288e-03 9.994320e-01 4.187186e-01
9.999996e-01 -1.035032e-05 -8.659999e-04 4.029138e-01 1.037282e-05 1.000000e+00 2.596681e-05 -3.975530e-02 8.660064e-04 -2.597550e-05 9.999995e-01 8.926951e-01
9.996128e-01 4.479446e-04 2.782345e-02 5.561720e-01 -4.247207e-04 9.999996e-01 -8.405916e-04 -5.984210e-02 -2.782383e-02 8.284487e-04 9.996126e-01 1.400781e+00
9.999911e-01 3.752325e-05 4.226882e-03 6.875269e-01 -3.691127e-05 1.000000e+00 -1.448587e-04 -7.767276e-02 -4.226875e-03 1.447015e-04 9.999910e-01 1.851482e+00
9.991647e-01 6.316688e-04 4.085897e-02 8.154770e-01 -5.821851e-04 9.999991e-01 -1.222974e-03 -9.469164e-02 -4.085972e-02 1.198165e-03 9.991643e-01 2.273463e+00
9.999808e-01 5.888657e-05 6.189249e-03 9.200307e-01 -5.760793e-05 1.000000e+00 -2.067626e-04 -1.100660e-01 -6.189239e-03 2.064019e-04 9.999807e-01 2.655111e+00
9.993875e-01 5.750774e-04 3.499033e-02 1.033502e+00 -5.394172e-04 9.999993e-01 -1.028578e-03 -1.271303e-01 -3.499092e-02 1.009074e-03 9.993872e-01 3.099137e+00
9.999990e-01 -1.123773e-05 1.416111e-03 1.155817e+00 1.133117e-05 1.000000e+00 -6.592438e-05 -1.460497e-01 -1.416081e-03 6.593999e-05 9.999989e-01 3.609962e+00
9.992669e-01 6.197903e-04 3.827998e-02 1.274934e+00 -5.774674e-04 9.999992e-01 -1.116663e-03 -1.657664e-01 -3.828068e-02 1.093739e-03 9.992665e-01 4.158700e+00
9.999968e-01 1.481300e-06 2.520808e-03 1.401123e+00 -1.208757e-06 1.000000e+00 -1.080691e-04 -1.852058e-01 -2.520772e-03 1.080651e-04 9.999967e-01 4.686051e+00
9.993122e-01 6.122990e-04 3.707793e-02 1.531716e+00 -5.724157e-04 9.999992e-01 -1.086272e-03 -2.050939e-01 -3.707861e-02 1.064301e-03 9.993119e-01 5.228241e+00
9.999991e-01 -1.062442e-05 1.307800e-03 1.672645e+00 1.071341e-05 1.000000e+00 -6.789307e-05 -2.241346e-01 -1.307755e-03 6.790626e-05 9.999990e-01 5.719592e+00
9.993884e-01 5.849459e-04 3.496507e-02 1.861371e+00 -5.493259e-04 9.999993e-01 -1.028334e-03 -2.448037e-01 -3.496570e-02 1.008499e-03 9.993881e-01 6.218976e+00
9.999242e-01 1.249420e-04 1.231434e-02 1.965458e+00 -1.199645e-04 9.999999e-01 -4.049188e-04 -2.592467e-01 -1.231434e-02 4.034099e-04 9.999240e-01 6.559957e+00
9.996049e-01 5.317298e-04 2.810383e-02 2.147000e+00 -5.096083e-04 9.999996e-01 -7.943036e-04 -2.803197e-01 -2.810430e-02 7.796688e-04 9.996048e-01 7.082956e+00
9.999951e-01 -9.443598e-05 -3.112795e-03 2.424295e+00 9.472864e-05 1.000000e+00 9.375467e-05 -3.073000e-01 3.112843e-03 -9.405018e-05 9.999951e-01 7.718507e+00
9.994721e-01 5.880757e-04 3.248343e-02 2.621835e+00 -5.573836e-04 9.999994e-01 -9.539127e-04 -3.316765e-01 -3.248403e-02 9.353046e-04 9.994719e-01 8.351468e+00
9.999811e-01 3.281341e-05 6.138995e-03 2.762203e+00 -3.165547e-05 1.000000e+00 -1.886454e-04 -3.523830e-01 -6.138939e-03 1.884463e-04 9.999810e-01 8.911487e+00
9.996521e-01 4.969421e-04 2.637010e-02 2.959779e+00 -4.773392e-04 9.999996e-01 -7.496825e-04 -3.769271e-01 -2.637052e-02 7.368355e-04 9.996521e-01 9.549881e+00
9.999629e-01 4.162824e-05 8.609742e-03 3.190188e+00 -3.900695e-05 1.000000e+00 -3.045629e-04 -3.984249e-01 -8.609687e-03 3.042144e-04 9.999628e-01 1.003115e+01
9.993403e-01 6.263534e-04 3.631319e-02 3.403825e+00 -5.879486e-04 9.999993e-01 -1.068283e-03 -4.134536e-01 -3.631391e-02 1.046229e-03 9.993400e-01 1.025482e+01
9.999806e-01 -1.526032e-04 -6.221418e-03 3.893831e+00 1.535258e-04 1.000000e+00 1.477088e-04 -4.365691e-01 6.221468e-03 -1.486625e-04 9.999806e-01 1.045252e+01
9.996855e-01 4.592452e-04 2.507254e-02 4.519203e+00 -4.414887e-04 9.999996e-01 -7.137620e-04 -4.659772e-01 -2.507293e-02 7.024699e-04 9.996855e-01 1.072245e+01
9.999536e-01 -2.086238e-04 -9.624088e-03 5.169647e+00 2.109419e-04 9.999999e-01 2.397802e-04 -4.952514e-01 9.624112e-03 -2.418008e-04 9.999536e-01 1.095020e+01
9.996699e-01 4.783153e-04 2.568752e-02 5.788820e+00 -4.594650e-04 9.999996e-01 -7.397574e-04 -5.232983e-01 -2.568794e-02 7.277123e-04 9.996698e-01 1.117128e+01
9.998915e-01 -2.700097e-04 -1.472434e-02 6.342054e+00 2.758902e-04 9.999999e-01 3.972915e-04 -5.507245e-01 1.472430e-02 -4.013124e-04 9.998914e-01 1.145315e+01
9.995301e-01 5.468210e-04 3.064931e-02 6.899656e+00 -5.196929e-04 9.999995e-01 -8.930946e-04 -5.784078e-01 -3.064985e-02 8.767483e-04 9.995299e-01 1.174400e+01
9.999452e-01 -2.172598e-04 -1.046430e-02 7.464040e+00 2.200300e-04 9.999999e-01 2.634982e-04 -6.046673e-01 1.046432e-02 -2.657879e-04 9.999451e-01 1.196703e+01
9.996364e-01 5.041587e-04 2.696159e-02 8.029216e+00 -4.837363e-04 9.999996e-01 -7.640076e-04 -6.325840e-01 -2.696205e-02 7.506891e-04 9.996363e-01 1.225656e+01
9.998707e-01 -2.852847e-04 -1.607493e-02 8.589673e+00 2.924042e-04 9.999999e-01 4.404919e-04 -6.616419e-01 1.607489e-02 -4.451370e-04 9.998706e-01 1.259858e+01
9.996167e-01 5.087877e-04 2.767919e-02 9.178437e+00 -4.873998e-04 9.999996e-01 -7.794789e-04 -6.915394e-01 -2.767965e-02 7.656910e-04 9.996166e-01 1.294001e+01
9.999194e-01 -2.493567e-04 -1.269323e-02 9.722672e+00 2.534421e-04 9.999999e-01 3.201721e-04 -7.192871e-01 1.269323e-02 -3.233650e-04 9.999193e-01 1.325379e+01
9.996921e-01 4.926453e-04 2.480756e-02 1.008862e+01 -4.762086e-04 9.999997e-01 -6.685092e-04 -7.454230e-01 -2.480796e-02 6.564916e-04 9.996921e-01 1.373998e+01
9.998895e-01 -2.719917e-04 -1.486092e-02 1.039050e+01 2.776903e-04 9.999999e-01 3.813348e-04 -7.703295e-01 1.486090e-02 -3.854211e-04 9.998894e-01 1.426249e+01
9.996714e-01 4.863161e-04 2.562929e-02 1.079886e+01 -4.685292e-04 9.999996e-01 -7.000407e-04 -7.971826e-01 -2.562970e-02 6.878043e-04 9.996713e-01 1.471767e+01
9.998646e-01 -2.929635e-04 -1.644864e-02 1.115243e+01 2.999355e-04 9.999999e-01 4.213355e-04 -8.223704e-01 1.644859e-02 -4.262137e-04 9.998645e-01 1.517356e+01
9.997659e-01 4.513256e-04 2.163097e-02 1.136102e+01 -4.390451e-04 9.999997e-01 -5.725170e-04 -8.455571e-01 -2.163130e-02 5.628877e-04 9.997659e-01 1.573859e+01
9.999321e-01 -2.523067e-04 -1.164917e-02 1.157529e+01 2.553788e-04 9.999999e-01 2.621478e-04 -8.670980e-01 1.164919e-02 -2.651067e-04 9.999320e-01 1.623368e+01
9.997769e-01 4.492632e-04 2.111886e-02 1.182500e+01 -4.378290e-04 9.999998e-01 -5.460862e-04 -8.904464e-01 -2.111919e-02 5.367196e-04 9.997769e-01 1.675435e+01
9.999439e-01 -2.449500e-04 -1.058957e-02 1.219864e+01 2.474446e-04 9.999999e-01 2.341617e-04 -9.163414e-01 1.058959e-02 -2.367707e-04 9.999438e-01 1.721510e+01
9.997767e-01 4.822949e-04 2.112585e-02 1.244714e+01 -4.713233e-04 9.999998e-01 -5.243648e-04 -9.414147e-01 -2.112619e-02 5.142923e-04 9.997768e-01 1.781549e+01
9.998380e-01 -3.305276e-04 -1.799556e-02 1.255445e+01 3.381993e-04 9.999999e-01 4.232112e-04 -9.615057e-01 1.799550e-02 -4.292305e-04 9.998379e-01 1.839193e+01
9.998352e-01 3.715524e-04 1.814940e-02 1.255281e+01 -3.630591e-04 9.999998e-01 -4.713182e-04 -9.755728e-01 -1.814966e-02 4.646530e-04 9.998352e-01 1.883514e+01
9.998274e-01 -3.131222e-04 -1.857612e-02 1.259465e+01 3.217191e-04 9.999998e-01 4.597495e-04 -9.938568e-01 1.857606e-02 -4.656482e-04 9.998273e-01 1.941714e+01
9.997970e-01 3.990093e-04 2.014425e-02 1.250574e+01 -3.884284e-04 9.999998e-01 -5.292153e-04 -1.007665e+00 -2.014455e-02 5.212850e-04 9.997970e-01 1.995980e+01
9.998752e-01 -2.513151e-04 -1.579337e-02 1.260886e+01 2.573161e-04 9.999999e-01 3.778721e-04 -1.026766e+00 1.579336e-02 -3.818906e-04 9.998751e-01 2.049781e+01
9.997696e-01 4.125234e-04 2.146104e-02 1.295644e+01 -4.007925e-04 9.999998e-01 -5.509599e-04 -1.050766e+00 -2.146135e-02 5.422333e-04 9.997696e-01 2.091980e+01
9.999270e-01 -2.354968e-04 -1.207872e-02 1.341337e+01 2.383333e-04 9.999999e-01 2.333071e-04 -1.074605e+00 1.207875e-02 -2.361706e-04 9.999269e-01 2.118506e+01
9.996438e-01 4.776988e-04 2.668447e-02 1.395263e+01 -4.588587e-04 9.999996e-01 -7.121888e-04 -1.098964e+00 -2.668489e-02 6.996926e-04 9.996437e-01 2.136223e+01
9.998923e-01 -2.671228e-04 -1.466921e-02 1.447719e+01 2.717068e-04 9.999999e-01 3.104200e-04 -1.123448e+00 1.466922e-02 -3.143741e-04 9.998923e-01 2.156417e+01
9.995730e-01 5.105538e-04 2.921680e-02 1.494790e+01 -4.878353e-04 9.999996e-01 -7.847453e-04 -1.147032e+00 -2.921728e-02 7.701590e-04 9.995729e-01 2.180566e+01
9.999398e-01 -1.815021e-04 -1.096634e-02 1.514630e+01 1.840937e-04 1.000000e+00 2.352003e-04 -1.168927e+00 1.096639e-02 -2.372068e-04 9.999398e-01 2.234069e+01
9.997663e-01 4.120447e-04 2.161444e-02 1.531516e+01 -4.003803e-04 9.999998e-01 -5.440381e-04 -1.191306e+00 -2.161475e-02 5.352588e-04 9.997663e-01 2.293032e+01
9.999168e-01 -2.141855e-04 -1.289488e-02 1.547906e+01 2.179217e-04 9.999999e-01 2.882456e-04 -1.213791e+00 1.289491e-02 -2.910335e-04 9.999167e-01 2.353150e+01
9.997461e-01 4.285802e-04 2.253243e-02 1.575062e+01 -4.158780e-04 9.999998e-01 -5.684646e-04 -1.237835e+00 -2.253276e-02 5.589514e-04 9.997460e-01 2.405749e+01
9.998040e-01 -2.820561e-04 -1.979533e-02 1.599017e+01 2.921702e-04 9.999998e-01 5.079765e-04 -1.262861e+00 1.979527e-02 -5.136625e-04 9.998039e-01 2.466384e+01
9.996867e-01 4.561600e-04 2.502614e-02 1.620427e+01 -4.402749e-04 9.999997e-01 -6.402975e-04 -1.287569e+00 -2.502652e-02 6.290804e-04 9.996867e-01 2.529311e+01
9.999226e-01 -2.167515e-04 -1.243883e-02 1.644584e+01 2.201669e-04 9.999999e-01 2.731074e-04 -1.311418e+00 1.243887e-02 -2.758268e-04 9.999225e-01 2.585289e+01
9.998024e-01 4.082800e-04 1.987515e-02 1.673332e+01 -3.990190e-04 9.999998e-01 -4.699854e-04 -1.337617e+00 -1.987543e-02 4.619638e-04 9.998024e-01 2.644617e+01
9.998982e-01 -2.071103e-04 -1.426215e-02 1.691476e+01 2.123844e-04 9.999999e-01 3.681935e-04 -1.364967e+00 1.426216e-02 -3.711869e-04 9.998982e-01 2.722468e+01
9.998340e-01 3.951914e-04 1.821950e-02 1.703964e+01 -3.876651e-04 9.999998e-01 -4.166886e-04 -1.391757e+00 -1.821975e-02 4.095582e-04 9.998340e-01 2.805071e+01
9.998767e-01 -2.488686e-04 -1.569669e-02 1.727534e+01 2.549965e-04 9.999999e-01 3.883057e-04 -1.418741e+00 1.569669e-02 -3.922623e-04 9.998767e-01 2.874296e+01
9.997255e-01 4.534959e-04 2.342754e-02 1.756448e+01 -4.399506e-04 9.999997e-01 -5.833852e-04 -1.445768e+00 -2.342789e-02 5.729199e-04 9.997254e-01 2.937207e+01
9.998961e-01 -2.264816e-04 -1.441020e-02 1.793031e+01 2.315621e-04 9.999999e-01 3.508011e-04 -1.474657e+00 1.441021e-02 -3.541034e-04 9.998960e-01 2.997682e+01
9.995439e-01 5.332850e-04 3.019552e-02 1.813743e+01 -5.090038e-04 9.999995e-01 -8.118541e-04 -1.498550e+00 -3.019603e-02 7.961160e-04 9.995437e-01 3.058034e+01
9.998747e-01 -1.926000e-04 -1.582764e-02 1.829563e+01 1.997644e-04 9.999999e-01 4.509825e-04 -1.525837e+00 1.582764e-02 -4.540896e-04 9.998746e-01 3.137790e+01
9.998350e-01 3.446006e-04 1.816164e-02 1.851809e+01 -3.368585e-04 9.999999e-01 -4.294140e-04 -1.555660e+00 -1.816188e-02 4.232271e-04 9.998350e-01 3.220253e+01
9.999363e-01 -1.374332e-04 -1.128659e-02 1.884778e+01 1.407029e-04 9.999999e-01 2.887870e-04 -1.586346e+00 1.128665e-02 -2.903585e-04 9.999362e-01 3.292632e+01
9.998281e-01 3.249133e-04 1.854059e-02 1.948223e+01 -3.164573e-04 9.999998e-01 -4.590847e-04 -1.620848e+00 -1.854083e-02 4.531403e-04 9.998281e-01 3.339023e+01
9.998646e-01 -1.995980e-04 -1.645360e-02 1.989037e+01 2.075423e-04 9.999999e-01 4.810415e-04 -1.653337e+00 1.645360e-02 -4.843930e-04 9.998644e-01 3.407892e+01
9.996542e-01 4.615011e-04 2.629430e-02 2.017366e+01 -4.428340e-04 9.999996e-01 -7.157952e-04 -1.683387e+00 -2.629472e-02 7.039054e-04 9.996541e-01 3.483539e+01
9.999483e-01 -1.793977e-04 -1.016317e-02 2.061321e+01 1.820500e-04 9.999999e-01 2.599037e-04 -1.712350e+00 1.016321e-02 -2.617422e-04 9.999483e-01 3.533465e+01
9.996677e-01 4.434886e-04 2.577507e-02 2.136317e+01 -4.256255e-04 9.999997e-01 -6.985759e-04 -1.747464e+00 -2.577546e-02 6.873750e-04 9.996676e-01 3.566409e+01
9.999222e-01 -1.917504e-04 -1.246608e-02 2.193338e+01 1.960739e-04 9.999999e-01 3.454796e-04 -1.780170e+00 1.246611e-02 -3.478988e-04 9.999222e-01 3.613884e+01
9.996556e-01 4.750771e-04 2.623853e-02 2.231748e+01 -4.570848e-04 9.999997e-01 -6.917661e-04 -1.811698e+00 -2.623895e-02 6.795365e-04 9.996555e-01 3.682120e+01
9.998731e-01 -2.233012e-04 -1.592440e-02 2.277923e+01 2.304019e-04 9.999999e-01 4.439702e-04 -1.844272e+00 1.592439e-02 -4.475847e-04 9.998730e-01 3.744130e+01
9.998115e-01 3.725524e-04 1.941454e-02 2.309372e+01 -3.627323e-04 9.999998e-01 -5.094055e-04 -1.872225e+00 -1.941482e-02 5.022690e-04 9.998115e-01 3.806615e+01
9.999279e-01 -1.807927e-04 -1.200497e-02 2.330155e+01 1.846191e-04 9.999999e-01 3.175052e-04 -1.897257e+00 1.200501e-02 -3.197005e-04 9.999278e-01 3.871038e+01
9.998823e-01 3.431827e-04 1.534298e-02 2.333133e+01 -3.377068e-04 9.999999e-01 -3.595872e-04 -1.920340e+00 -1.534320e-02 3.543652e-04 9.998823e-01 3.950820e+01
9.999146e-01 -1.850865e-04 -1.306123e-02 2.337893e+01 1.899883e-04 9.999999e-01 3.739343e-04 -1.946028e+00 1.306126e-02 -3.763856e-04 9.999146e-01 4.038651e+01
9.998931e-01 3.285402e-04 1.462317e-02 2.346737e+01 -3.238416e-04 9.999999e-01 -3.237764e-04 -1.973527e+00 -1.462337e-02 3.190080e-04 9.998931e-01 4.128955e+01
9.999071e-01 -2.117456e-04 -1.362643e-02 2.363919e+01 2.164050e-04 9.999999e-01 3.403544e-04 -1.999008e+00 1.362646e-02 -3.432734e-04 9.999070e-01 4.199749e+01
9.999289e-01 2.376904e-04 1.192223e-02 2.410206e+01 -2.345637e-04 9.999999e-01 -2.637765e-04 -2.027526e+00 -1.192239e-02 2.609630e-04 9.999290e-01 4.243454e+01
9.999158e-01 -1.981511e-04 -1.297372e-02 2.454461e+01 2.024619e-04 9.999999e-01 3.308445e-04 -2.056089e+00 1.297375e-02 -3.334451e-04 9.999157e-01 4.290132e+01
9.999081e-01 2.425900e-04 1.355927e-02 2.529364e+01 -2.389877e-04 9.999999e-01 -2.673923e-04 -2.093849e+00 -1.355943e-02 2.641290e-04 9.999081e-01 4.333722e+01
9.999577e-01 -1.344162e-04 -9.193306e-03 2.618642e+01 1.366153e-04 1.000000e+00 2.384271e-04 -2.136059e+00 9.193371e-03 -2.396748e-04 9.999577e-01 4.377053e+01
9.999172e-01 2.701207e-04 1.286496e-02 2.674647e+01 -2.666813e-04 9.999999e-01 -2.691732e-04 -2.170721e+00 -1.286513e-02 2.657218e-04 9.999173e-01 4.434198e+01
9.999521e-01 -1.734144e-04 -9.785294e-03 2.749678e+01 1.757461e-04 1.000000e+00 2.372800e-04 -2.207586e+00 9.785351e-03 -2.389901e-04 9.999520e-01 4.474483e+01
9.999111e-01 2.792607e-04 1.333524e-02 2.827446e+01 -2.756555e-04 9.999999e-01 -2.722938e-04 -2.245343e+00 -1.333541e-02 2.685954e-04 9.999111e-01 4.514745e+01
9.999786e-01 -7.757952e-05 -6.527964e-03 2.861142e+01 7.849562e-05 1.000000e+00 1.398536e-04 -2.276088e+00 6.528051e-03 -1.403647e-04 9.999786e-01 4.586286e+01
9.999361e-01 2.410543e-04 1.130314e-02 2.901630e+01 -2.386377e-04 9.999999e-01 -2.152784e-04 -2.307303e+00 -1.130329e-02 2.125690e-04 9.999362e-01 4.650219e+01
9.999530e-01 -1.221902e-04 -9.686559e-03 2.931363e+01 1.246611e-04 1.000000e+00 2.543286e-04 -2.337438e+00 9.686626e-03 -2.555259e-04 9.999530e-01 4.724385e+01
9.999528e-01 2.015621e-04 9.716688e-03 2.950518e+01 -1.993702e-04 1.000000e+00 -2.266930e-04 -2.361302e+00 -9.716831e-03 2.247468e-04 9.999528e-01 4.785812e+01
9.999571e-01 -1.084905e-04 -9.255223e-03 2.971751e+01 1.106615e-04 1.000000e+00 2.338998e-04 -2.385151e+00 9.255296e-03 -2.349157e-04 9.999571e-01 4.844480e+01
9.999478e-01 1.959624e-04 1.021541e-02 3.004404e+01 -1.937038e-04 1.000000e+00 -2.222210e-04 -2.412303e+00 -1.021555e-02 2.202323e-04 9.999479e-01 4.901813e+01
9.999897e-01 -3.343911e-05 -4.522017e-03 3.045454e+01 3.382364e-05 1.000000e+00 8.463718e-05 -2.441270e+00 4.522113e-03 -8.479094e-05 9.999897e-01 4.955625e+01
9.999547e-01 1.697064e-04 9.517588e-03 3.071664e+01 -1.675755e-04 1.000000e+00 -2.248346e-04 -2.465185e+00 -9.517725e-03 2.232312e-04 9.999547e-01 5.008000e+01
9.999867e-01 8.413381e-05 5.157066e-03 3.081648e+01 -8.301255e-05 1.000000e+00 -2.173520e-04 -2.484070e+00 -5.156986e-03 2.169193e-04 9.999866e-01 5.061651e+01
9.999992e-01 4.021249e-05 -1.259430e-03 3.091999e+01 -4.009650e-05 1.000000e+00 9.330428e-05 -2.503387e+00 1.259335e-03 -9.325202e-05 9.999993e-01 5.116307e+01
9.999708e-01 1.274932e-04 7.630912e-03 3.105738e+01 -1.254871e-04 1.000000e+00 -2.631873e-04 -2.525916e+00 -7.630846e-03 2.622203e-04 9.999708e-01 5.180058e+01
9.999972e-01 9.419113e-05 2.365018e-03 3.119925e+01 -9.418726e-05 1.000000e+00 -2.377468e-06 -2.549380e+00 -2.365117e-03 2.156378e-06 9.999973e-01 5.247012e+01
9.999508e-01 1.568392e-04 9.914543e-03 3.135520e+01 -1.536049e-04 9.999999e-01 -3.268322e-04 -2.573798e+00 -9.914495e-03 3.252915e-04 9.999507e-01 5.316010e+01
1.000000e+00 5.480546e-05 -3.370121e-05 3.148121e+01 -5.480501e-05 1.000000e+00 5.869368e-05 -2.596488e+00 3.360501e-05 -5.869017e-05 1.000000e+00 5.381751e+01
9.999507e-01 1.691591e-04 9.927312e-03 3.167529e+01 -1.660165e-04 9.999999e-01 -3.172396e-04 -2.621607e+00 -9.927266e-03 3.155742e-04 9.999506e-01 5.448891e+01
9.999835e-01 1.216184e-04 5.744616e-03 3.201522e+01 -1.210280e-04 1.000000e+00 -1.033920e-04 -2.649850e+00 -5.744728e-03 1.026967e-04 9.999835e-01 5.509953e+01
9.999927e-01 1.021227e-04 3.803023e-03 3.213767e+01 -1.015736e-04 1.000000e+00 -1.441698e-04 -2.673505e+00 -3.802938e-03 1.437808e-04 9.999927e-01 5.580253e+01
9.999957e-01 6.487310e-05 2.950066e-03 3.237169e+01 -6.473686e-05 1.000000e+00 -4.680860e-05 -2.696966e+00 -2.950169e-03 4.661907e-05 9.999957e-01 5.635379e+01
9.999689e-01 1.195385e-04 7.875245e-03 3.284944e+01 -1.172973e-04 1.000000e+00 -2.848486e-04 -2.723425e+00 -7.875179e-03 2.839144e-04 9.999689e-01 5.669832e+01
9.999760e-01 1.258494e-04 6.931984e-03 3.327195e+01 -1.248060e-04 1.000000e+00 -1.511845e-04 -2.749557e+00 -6.932102e-03 1.503174e-04 9.999760e-01 5.710984e+01
9.998514e-01 2.591508e-04 1.723380e-02 3.350492e+01 -2.490038e-04 9.999998e-01 -5.908308e-04 -2.770017e+00 -1.723385e-02 5.864501e-04 9.998513e-01 5.754431e+01
9.999996e-01 4.671023e-05 -9.193697e-04 3.382309e+01 -4.660015e-05 1.000000e+00 1.215810e-04 -2.794784e+00 9.192754e-04 -1.215365e-04 9.999996e-01 5.804092e+01
9.999583e-01 1.314954e-04 9.128993e-03 3.427590e+01 -1.283326e-04 9.999999e-01 -3.468559e-04 -2.823283e+00 -9.128938e-03 3.456682e-04 9.999582e-01 5.850362e+01
9.999994e-01 4.804409e-05 -1.127074e-03 3.481833e+01 -4.789579e-05 1.000000e+00 1.331145e-04 -2.853785e+00 1.126980e-03 -1.330588e-04 9.999994e-01 5.893098e+01
9.998848e-01 2.351506e-04 1.517461e-02 3.501962e+01 -2.275440e-04 9.999998e-01 -5.028875e-04 -2.879798e+00 -1.517463e-02 4.993751e-04 9.998847e-01 5.962792e+01
9.999769e-01 -1.400275e-05 -6.805845e-03 3.520386e+01 1.606202e-05 1.000000e+00 3.027736e-04 -2.906123e+00 6.805740e-03 -3.028743e-04 9.999768e-01 6.035955e+01
9.998575e-01 2.341918e-04 1.687740e-02 3.536500e+01 -2.245623e-04 9.999998e-01 -5.723471e-04 -2.930021e+00 -1.687743e-02 5.684740e-04 9.998574e-01 6.102298e+01
9.999744e-01 -1.792398e-06 -7.157779e-03 3.546611e+01 4.064364e-06 9.999999e-01 3.176422e-04 -2.953423e+00 7.157678e-03 -3.176615e-04 9.999744e-01 6.174295e+01
9.999030e-01 1.771016e-04 1.392301e-02 3.562663e+01 -1.700916e-04 9.999999e-01 -5.045456e-04 -2.975817e+00 -1.392299e-02 5.021269e-04 9.999029e-01 6.234332e+01
9.999050e-01 -9.625743e-05 -1.378655e-02 3.578130e+01 1.028549e-04 9.999999e-01 4.779635e-04 -2.995355e+00 1.378640e-02 -4.793345e-04 9.999049e-01 6.282602e+01
9.998785e-01 1.867004e-04 1.558109e-02 3.609401e+01 -1.779539e-04 9.999998e-01 -5.626317e-04 -3.016619e+00 -1.558109e-02 5.597890e-04 9.998784e-01 6.316353e+01
9.999329e-01 -6.887498e-05 -1.159158e-02 3.639097e+01 7.370851e-05 9.999999e-01 4.167117e-04 -3.037958e+00 1.159145e-02 -4.175365e-04 9.999328e-01 6.353174e+01
9.998216e-01 2.229975e-04 1.888434e-02 3.670802e+01 -2.104368e-04 9.999998e-01 -6.670324e-04 -3.059537e+00 -1.888439e-02 6.629378e-04 9.998214e-01 6.388638e+01
9.999096e-01 -9.819223e-05 -1.344863e-02 3.722753e+01 1.045738e-04 9.999999e-01 4.739473e-04 -3.084673e+00 1.344848e-02 -4.753092e-04 9.999095e-01 6.410609e+01
9.998853e-01 1.875320e-04 1.514401e-02 3.770064e+01 -1.794595e-04 9.999998e-01 -5.342925e-04 -3.110902e+00 -1.514401e-02 5.315119e-04 9.998851e-01 6.443235e+01
9.998776e-01 -1.495313e-04 -1.564898e-02 3.829854e+01 1.583354e-04 9.999998e-01 5.614763e-04 -3.140747e+00 1.564879e-02 -5.638838e-04 9.998774e-01 6.473816e+01
9.998885e-01 1.846453e-04 1.492656e-02 3.899141e+01 -1.770049e-04 9.999999e-01 -5.130702e-04 -3.173359e+00 -1.492655e-02 5.103694e-04 9.998884e-01 6.502913e+01
9.999392e-01 -7.414175e-05 -1.103118e-02 3.973030e+01 7.916103e-05 9.999999e-01 4.547336e-04 -3.210139e+00 1.103104e-02 -4.555776e-04 9.999391e-01 6.544049e+01
9.998755e-01 1.812914e-04 1.577168e-02 4.058741e+01 -1.719002e-04 9.999998e-01 -5.966923e-04 -3.244640e+00 -1.577169e-02 5.939053e-04 9.998754e-01 6.558553e+01
9.999329e-01 -8.738769e-05 -1.158941e-02 4.140081e+01 9.274379e-05 9.999999e-01 4.617720e-04 -3.277696e+00 1.158927e-02 -4.628143e-04 9.999328e-01 6.572740e+01
9.998791e-01 1.873064e-04 1.554568e-02 4.231150e+01 -1.784009e-04 9.999998e-01 -5.741304e-04 -3.313353e+00 -1.554568e-02 5.712861e-04 9.998789e-01 6.584629e+01
9.999364e-01 -8.638911e-05 -1.128038e-02 4.319737e+01 9.141698e-05 9.999999e-01 4.453623e-04 -3.347808e+00 1.128024e-02 -4.463636e-04 9.999363e-01 6.595369e+01
9.998969e-01 1.676053e-04 1.435170e-02 4.410174e+01 -1.599400e-04 9.999998e-01 -5.351315e-04 -3.382736e+00 -1.435168e-02 5.327794e-04 9.998968e-01 6.605341e+01
9.999410e-01 -8.434766e-05 -1.086698e-02 4.497251e+01 8.901525e-05 9.999999e-01 4.292043e-04 -3.416987e+00 1.086684e-02 -4.301447e-04 9.999409e-01 6.617048e+01
9.999055e-01 1.667616e-04 1.374221e-02 4.569257e+01 -1.593756e-04 9.999998e-01 -5.384420e-04 -3.446554e+00 -1.374220e-02 5.361994e-04 9.999054e-01 6.629607e+01
9.999213e-01 -1.146894e-04 -1.255141e-02 4.645762e+01 1.209083e-04 9.999999e-01 4.948559e-04 -3.477904e+00 1.255125e-02 -4.963330e-04 9.999212e-01 6.643176e+01
9.998247e-01 2.399209e-04 1.871932e-02 4.688729e+01 -2.265957e-04 9.999997e-01 -7.138660e-04 -3.500573e+00 -1.871938e-02 7.094976e-04 9.998245e-01 6.668096e+01
9.999547e-01 -8.100537e-05 -9.528601e-03 4.741763e+01 8.492853e-05 9.999999e-01 4.115121e-04 -3.525925e+00 9.528468e-03 -4.123011e-04 9.999546e-01 6.690437e+01
9.998999e-01 1.826929e-04 1.414108e-02 4.802209e+01 -1.745953e-04 9.999998e-01 -5.737393e-04 -3.553157e+00 -1.414108e-02 5.712114e-04 9.998998e-01 6.709722e+01
9.999739e-01 -4.263446e-05 -7.227543e-03 4.858780e+01 4.527215e-05 9.999999e-01 3.650405e-04 -3.581807e+00 7.227428e-03 -3.653567e-04 9.999739e-01 6.740159e+01
9.998663e-01 2.397785e-04 1.634675e-02 4.963577e+01 -2.319282e-04 9.999999e-01 -4.820212e-04 -3.631006e+00 -1.634677e-02 4.781640e-04 9.998662e-01 6.790996e+01
9.999239e-01 -1.171045e-04 -1.234374e-02 5.067720e+01 1.240035e-04 9.999998e-01 5.582929e-04 -3.680644e+00 1.234357e-02 -5.597795e-04 9.999237e-01 6.846224e+01
9.999059e-01 2.328632e-04 1.370967e-02 5.091195e+01 -2.257763e-04 9.999998e-01 -5.183448e-04 -3.708939e+00 -1.370969e-02 5.151993e-04 9.999058e-01 6.920784e+01
9.999992e-01 1.356440e-05 -1.312495e-03 5.126482e+01 -1.330651e-05 1.000000e+00 1.978786e-04 -3.737724e+00 1.312399e-03 -1.978594e-04 9.999992e-01 6.981550e+01
9.998293e-01 2.742668e-04 1.846898e-02 5.171624e+01 -2.619235e-04 9.999997e-01 -6.706416e-04 -3.767415e+00 -1.846906e-02 6.656883e-04 9.998292e-01 7.032865e+01
9.999576e-01 -1.133991e-05 -9.213824e-03 5.196797e+01 1.584750e-05 9.999999e-01 4.893502e-04 -3.798002e+00 9.213720e-03 -4.894740e-04 9.999575e-01 7.114586e+01
9.999480e-01 1.026217e-04 1.018860e-02 5.228047e+01 -9.742234e-05 9.999999e-01 -5.106281e-04 -3.822959e+00 -1.018855e-02 5.096075e-04 9.999479e-01 7.163663e+01
9.999976e-01 5.026960e-05 -2.212817e-03 5.271548e+01 -4.964980e-05 1.000000e+00 2.809836e-04 -3.850052e+00 2.212733e-03 -2.808716e-04 9.999976e-01 7.205532e+01
9.997732e-01 2.583889e-04 2.129401e-02 5.310604e+01 -2.405084e-04 9.999996e-01 -8.421681e-04 -3.875420e+00 -2.129413e-02 8.368543e-04 9.997729e-01 7.247724e+01
9.999644e-01 2.974714e-05 -8.441337e-03 5.335004e+01 -2.536786e-05 9.999999e-01 5.191213e-04 -3.903157e+00 8.441254e-03 -5.188873e-04 9.999643e-01 7.318651e+01
9.997708e-01 2.072819e-04 2.140707e-02 5.392085e+01 -1.885891e-04 9.999996e-01 -8.751359e-04 -3.934682e+00 -2.140715e-02 8.708968e-04 9.997704e-01 7.361486e+01
9.999915e-01 1.108229e-04 -4.133857e-03 5.445663e+01 -1.091247e-04 9.999999e-01 4.115007e-04 -3.966515e+00 4.133806e-03 -4.110446e-04 9.999914e-01 7.410338e+01
9.997660e-01 2.042213e-04 2.162592e-02 5.483922e+01 -1.849547e-04 9.999996e-01 -8.928153e-04 -3.994883e+00 -2.162599e-02 8.886053e-04 9.997657e-01 7.465171e+01
9.999413e-01 5.591605e-05 -1.084528e-02 5.528107e+01 -4.892249e-05 9.999998e-01 6.452926e-04 -4.027883e+00 1.084522e-02 -6.447227e-04 9.999410e-01 7.531640e+01
9.997179e-01 2.533035e-04 2.374602e-02 5.570851e+01 -2.317852e-04 9.999996e-01 -9.088521e-04 -4.064161e+00 -2.374615e-02 9.030904e-04 9.997176e-01 7.613526e+01
9.998070e-01 -1.158895e-04 -1.964888e-02 5.640496e+01 1.320957e-04 9.999997e-01 8.235934e-04 -4.098866e+00 1.964868e-02 -8.260286e-04 9.998066e-01 7.651547e+01
9.997395e-01 2.135363e-04 2.281867e-02 5.710508e+01 -1.935100e-04 9.999996e-01 -8.797516e-04 -4.133232e+00 -2.281875e-02 8.751055e-04 9.997392e-01 7.687523e+01
9.998716e-01 -1.570818e-05 -1.602556e-02 5.770886e+01 2.752297e-05 9.999997e-01 7.371492e-04 -4.168153e+00 1.602545e-02 -7.374942e-04 9.998713e-01 7.739955e+01
9.998634e-01 8.388157e-05 1.652106e-02 5.825453e+01 -7.135519e-05 9.999997e-01 -7.586821e-04 -4.195750e+00 -1.652102e-02 7.573983e-04 9.998632e-01 7.768011e+01
9.998699e-01 -1.442906e-05 -1.613592e-02 5.877063e+01 2.638275e-05 9.999997e-01 7.407205e-04 -4.222821e+00 1.613581e-02 -7.410485e-04 9.998696e-01 7.797904e+01
9.996021e-01 2.553459e-04 2.820356e-02 5.920562e+01 -2.251001e-04 9.999994e-01 -1.075514e-03 -4.251561e+00 -2.820373e-02 1.068737e-03 9.996016e-01 7.847201e+01
9.999126e-01 4.540621e-05 -1.322888e-02 5.948524e+01 -3.661781e-05 9.999998e-01 6.647241e-04 -4.278117e+00 1.322882e-02 -6.641802e-04 9.999123e-01 7.908945e+01
9.996282e-01 2.274545e-04 2.726147e-02 5.969391e+01 -1.989619e-04 9.999994e-01 -1.047800e-03 -4.303174e+00 -2.726160e-02 1.041986e-03 9.996278e-01 7.973449e+01
9.996541e-01 -1.593083e-04 -2.630177e-02 6.040639e+01 1.861876e-04 9.999995e-01 1.019587e-03 -4.334942e+00 2.630150e-02 -1.024130e-03 9.996536e-01 7.995885e+01
9.994507e-01 3.226079e-04 3.313718e-02 6.127695e+01 -2.821559e-04 9.999992e-01 -1.225357e-03 -4.370565e+00 -3.313746e-02 1.215333e-03 9.994500e-01 8.013382e+01
9.996618e-01 -1.223619e-04 -2.600722e-02 6.200675e+01 1.495754e-04 9.999994e-01 1.044517e-03 -4.406034e+00 2.600699e-02 -1.048052e-03 9.996612e-01 8.050195e+01
9.994523e-01 2.996351e-04 3.308992e-02 6.273770e+01 -2.583941e-04 9.999992e-01 -1.250542e-03 -4.439401e+00 -3.309018e-02 1.241306e-03 9.994516e-01 8.077490e+01
9.995726e-01 -1.671711e-04 -2.923699e-02 6.357421e+01 2.009030e-04 9.999993e-01 1.150877e-03 -4.475619e+00 2.923668e-02 -1.156257e-03 9.995719e-01 8.102205e+01
9.995165e-01 2.482398e-04 3.109023e-02 6.435391e+01 -2.114711e-04 9.999993e-01 -1.185869e-03 -4.510466e+00 -3.109041e-02 1.178720e-03 9.995158e-01 8.128880e+01
9.996041e-01 -9.949922e-05 -2.813733e-02 6.492038e+01 1.316647e-04 9.999993e-01 1.141381e-03 -4.543092e+00 2.813710e-02 -1.144632e-03 9.996034e-01 8.175899e+01
9.996096e-01 1.717463e-04 2.793760e-02 6.547085e+01 -1.404325e-04 9.999994e-01 -1.122738e-03 -4.572149e+00 -2.793768e-02 1.118375e-03 9.996090e-01 8.209555e+01
9.996143e-01 -8.332046e-05 -2.777290e-02 6.598273e+01 1.148392e-04 9.999994e-01 1.133355e-03 -4.601016e+00 2.777269e-02 -1.136106e-03 9.996136e-01 8.247772e+01
9.995990e-01 1.843614e-04 2.831475e-02 6.639619e+01 -1.541067e-04 9.999994e-01 -1.070626e-03 -4.633125e+00 -2.831484e-02 1.065832e-03 9.995985e-01 8.313766e+01
9.997203e-01 1.503253e-05 -2.365100e-02 6.683299e+01 9.020376e-06 9.999995e-01 1.016970e-03 -4.667350e+00 2.365092e-02 -1.016897e-03 9.997198e-01 8.386034e+01
9.996689e-01 1.046777e-04 2.572699e-02 6.734805e+01 -7.768216e-05 9.999994e-01 -1.050233e-03 -4.697106e+00 -2.572699e-02 1.047886e-03 9.996684e-01 8.427750e+01
9.995527e-01 -3.956086e-05 -2.990854e-02 6.754683e+01 7.550331e-05 9.999993e-01 1.200683e-03 -4.722069e+00 2.990838e-02 -1.202403e-03 9.995520e-01 8.492665e+01
9.996006e-01 1.044135e-04 2.825688e-02 6.772313e+01 -7.236178e-05 9.999994e-01 -1.135254e-03 -4.744748e+00 -2.825689e-02 1.132755e-03 9.996000e-01 8.551399e+01
9.997957e-01 1.089458e-04 -2.021457e-02 6.790243e+01 -9.040444e-05 9.999996e-01 9.182382e-04 -4.768462e+00 2.021457e-02 -9.162219e-04 9.997953e-01 8.614441e+01
9.996543e-01 1.084197e-04 2.628915e-02 6.810646e+01 -8.152227e-05 9.999995e-01 -1.024136e-03 -4.796379e+00 -2.628916e-02 1.021638e-03 9.996538e-01 8.691825e+01
9.998242e-01 1.024026e-04 -1.875603e-02 6.831529e+01 -8.678333e-05 9.999996e-01 8.336761e-04 -4.821747e+00 1.875602e-02 -8.319005e-04 9.998238e-01 8.758131e+01
9.996648e-01 1.010406e-04 2.588649e-02 6.861014e+01 -7.508675e-05 9.999995e-01 -1.003502e-03 -4.849007e+00 -2.588649e-02 1.001221e-03 9.996644e-01 8.820837e+01
9.996724e-01 2.298253e-05 -2.559736e-02 6.877299e+01 3.507266e-06 9.999995e-01 1.034895e-03 -4.873385e+00 2.559728e-02 -1.034645e-03 9.996718e-01 8.888232e+01
9.997033e-01 5.462503e-05 2.435331e-02 6.868970e+01 -3.016929e-05 9.999995e-01 -1.004498e-03 -4.888462e+00 -2.435326e-02 1.003464e-03 9.997029e-01 8.946567e+01
9.998167e-01 1.561815e-04 -1.914785e-02 6.866785e+01 -1.384290e-04 9.999996e-01 9.285492e-04 -4.911884e+00 1.914790e-02 -9.257272e-04 9.998163e-01 9.035169e+01
9.997633e-01 2.681440e-05 2.175187e-02 6.866797e+01 -6.327988e-06 9.999996e-01 -9.418084e-04 -4.934472e+00 -2.175179e-02 9.414468e-04 9.997629e-01 9.116872e+01
9.996339e-01 1.346586e-04 -2.705787e-02 6.861244e+01 -1.046657e-04 9.999994e-01 1.109953e-03 -4.954085e+00 2.705792e-02 -1.106714e-03 9.996333e-01 9.192944e+01
9.997891e-01 -8.041722e-06 2.053203e-02 6.846639e+01 2.741252e-05 9.999996e-01 -9.430758e-04 -4.966910e+00 -2.053192e-02 9.434387e-04 9.997887e-01 9.248233e+01
9.996295e-01 1.396797e-04 -2.722227e-02 6.840220e+01 -1.095634e-04 9.999994e-01 1.107867e-03 -4.983321e+00 2.722231e-02 -1.104472e-03 9.996288e-01 9.310400e+01
9.997896e-01 -2.425360e-05 2.050773e-02 6.841261e+01 4.320537e-05 9.999996e-01 -9.236012e-04 -5.003142e+00 -2.050760e-02 9.242919e-04 9.997892e-01 9.377496e+01
9.995034e-01 1.465862e-04 -3.151453e-02 6.851766e+01 -1.092135e-04 9.999993e-01 1.187663e-03 -5.021331e+00 3.151459e-02 -1.183630e-03 9.995026e-01 9.426640e+01
9.996604e-01 -7.168641e-05 2.605482e-02 6.852927e+01 9.990349e-05 9.999994e-01 -1.081624e-03 -5.036721e+00 -2.605464e-02 1.083858e-03 9.996599e-01 9.474088e+01
9.994682e-01 1.621032e-04 -3.261169e-02 6.850943e+01 -1.226220e-04 9.999993e-01 1.212699e-03 -5.052098e+00 3.261177e-02 -1.208054e-03 9.994674e-01 9.525729e+01
9.997100e-01 -7.638335e-05 2.408017e-02 6.869215e+01 1.003346e-04 9.999995e-01 -9.933724e-04 -5.073086e+00 -2.407999e-02 9.954993e-04 9.997095e-01 9.575708e+01
9.994069e-01 1.386515e-04 -3.443672e-02 6.898879e+01 -9.499091e-05 9.999992e-01 1.269533e-03 -5.096006e+00 3.443678e-02 -1.265508e-03 9.994061e-01 9.618965e+01
9.997903e-01 -4.014636e-05 2.047589e-02 6.931245e+01 5.935899e-05 9.999996e-01 -9.376190e-04 -5.116233e+00 -2.047575e-02 9.386367e-04 9.997899e-01 9.648136e+01
9.994948e-01 1.067069e-04 -3.178464e-02 6.965275e+01 -6.957754e-05 9.999993e-01 1.169312e-03 -5.134356e+00 3.178465e-02 -1.166509e-03 9.994941e-01 9.666137e+01
9.996599e-01 -7.758222e-05 2.607512e-02 7.008545e+01 1.062909e-04 9.999994e-01 -1.099553e-03 -5.153279e+00 -2.607493e-02 1.101949e-03 9.996593e-01 9.673563e+01
9.995273e-01 1.188845e-04 -3.074619e-02 7.045486e+01 -8.355658e-05 9.999993e-01 1.150355e-03 -5.171971e+00 3.074621e-02 -1.147241e-03 9.995266e-01 9.688938e+01
9.995905e-01 -4.221572e-05 2.861374e-02 7.075592e+01 7.306498e-05 9.999994e-01 -1.077028e-03 -5.196261e+00 -2.861358e-02 1.078677e-03 9.995899e-01 9.736615e+01
9.994780e-01 6.742456e-05 -3.230766e-02 7.124207e+01 -2.894809e-05 9.999993e-01 1.191458e-03 -5.223256e+00 3.230763e-02 -1.189900e-03 9.994773e-01 9.770150e+01
9.996156e-01 -7.261582e-05 2.772255e-02 7.179557e+01 1.015314e-04 9.999995e-01 -1.041571e-03 -5.251887e+00 -2.772237e-02 1.043984e-03 9.996151e-01 9.801524e+01
9.995153e-01 6.663284e-05 -3.113389e-02 7.243734e+01 -3.033348e-05 9.999993e-01 1.166437e-03 -5.282315e+00 3.113385e-02 -1.164926e-03 9.995146e-01 9.828433e+01
9.995568e-01 -3.687183e-05 2.976787e-02 7.311078e+01 6.956440e-05 9.999994e-01 -1.097163e-03 -5.314250e+00 -2.976772e-02 1.098747e-03 9.995562e-01 9.857584e+01
9.995188e-01 1.597034e-05 -3.102172e-02 7.420119e+01 2.152421e-05 9.999993e-01 1.208374e-03 -5.356774e+00 3.102163e-02 -1.208459e-03 9.995180e-01 9.874695e+01
9.994887e-01 -1.357552e-05 3.197071e-02 7.566495e+01 4.848970e-05 9.999994e-01 -1.091245e-03 -5.411378e+00 -3.197058e-02 1.092236e-03 9.994882e-01 9.892310e+01
9.996267e-01 1.158390e-04 -2.732374e-02 7.733104e+01 -8.495965e-05 9.999994e-01 1.131347e-03 -5.471751e+00 2.732376e-02 -1.128602e-03 9.996260e-01 9.907405e+01
9.996134e-01 -1.609094e-04 2.780190e-02 7.911893e+01 1.868223e-04 9.999996e-01 -9.294066e-04 -5.536443e+00 -2.780164e-02 9.342401e-04 9.996130e-01 9.923380e+01
9.995830e-01 9.456760e-05 -2.887885e-02 8.024020e+01 -6.462935e-05 9.999995e-01 1.037674e-03 -5.577937e+00 2.887883e-02 -1.035373e-03 9.995824e-01 9.932228e+01
9.996817e-01 -2.082727e-04 2.522549e-02 8.119051e+01 2.306130e-04 9.999996e-01 -8.826573e-04 -5.615085e+00 -2.522520e-02 8.881926e-04 9.996814e-01 9.945875e+01
9.996538e-01 8.809317e-05 -2.631223e-02 8.270025e+01 -5.972261e-05 9.999994e-01 1.079074e-03 -5.668957e+00 2.631221e-02 -1.077128e-03 9.996532e-01 9.956407e+01
9.996248e-01 -1.806973e-04 2.738774e-02 8.453937e+01 2.051825e-04 9.999996e-01 -8.911573e-04 -5.730789e+00 -2.738747e-02 8.964414e-04 9.996245e-01 9.956778e+01
9.996526e-01 1.657894e-04 -2.635968e-02 8.561002e+01 -1.407566e-04 9.999995e-01 9.515766e-04 -5.771407e+00 2.635973e-02 -9.475345e-04 9.996521e-01 9.971863e+01
9.996285e-01 -1.656983e-04 2.725220e-02 8.650125e+01 1.911963e-04 9.999995e-01 -9.329717e-04 -5.806516e+00 -2.725194e-02 9.378345e-04 9.996281e-01 9.988010e+01
9.996465e-01 9.337179e-05 -2.658905e-02 8.806039e+01 -6.429411e-05 9.999994e-01 1.094511e-03 -5.861595e+00 2.658905e-02 -1.092414e-03 9.996459e-01 9.998874e+01
9.996960e-01 -3.085695e-04 2.465214e-02 8.992960e+01 3.281895e-04 9.999996e-01 -7.917657e-04 -5.926704e+00 -2.465179e-02 7.996144e-04 9.996957e-01 1.001077e+02
9.996558e-01 8.898304e-05 -2.623656e-02 9.194319e+01 -5.963005e-05 9.999994e-01 1.119625e-03 -5.995620e+00 2.623655e-02 -1.117674e-03 9.996552e-01 1.001984e+02
9.997085e-01 -3.536451e-04 2.413853e-02 9.406048e+01 3.724337e-04 9.999996e-01 -7.738080e-04 -6.066645e+00 -2.413815e-02 7.825713e-04 9.997083e-01 1.002381e+02
9.996135e-01 3.981763e-05 -2.780293e-02 9.610407e+01 -8.507635e-06 9.999994e-01 1.126318e-03 -6.134616e+00 2.780286e-02 -1.125645e-03 9.996128e-01 1.002409e+02
9.997265e-01 -3.863234e-04 2.338019e-02 9.818640e+01 4.042538e-04 9.999996e-01 -7.621185e-04 -6.204742e+00 -2.337979e-02 7.713605e-04 9.997263e-01 1.002796e+02
9.996310e-01 7.383086e-05 -2.716474e-02 1.004040e+02 -4.192365e-05 9.999993e-01 1.175211e-03 -6.280859e+00 2.716472e-02 -1.173638e-03 9.996303e-01 1.003897e+02
9.997158e-01 -4.046428e-04 2.383535e-02 1.029721e+02 4.213207e-04 9.999997e-01 -6.946297e-04 -6.368364e+00 -2.383496e-02 7.044734e-04 9.997156e-01 1.005070e+02
9.996476e-01 1.441901e-04 -2.654664e-02 1.052399e+02 -1.143466e-04 9.999994e-01 1.125770e-03 -6.448537e+00 2.654669e-02 -1.122336e-03 9.996470e-01 1.007233e+02
9.997122e-01 -3.990671e-04 2.398190e-02 1.073879e+02 4.168959e-04 9.999996e-01 -7.383683e-04 -6.524178e+00 -2.398150e-02 7.481526e-04 9.997121e-01 1.009116e+02
9.996799e-01 1.851077e-04 -2.530239e-02 1.098027e+02 -1.560040e-04 9.999993e-01 1.152269e-03 -6.607875e+00 2.530249e-02 -1.147952e-03 9.996792e-01 1.010704e+02
9.997661e-01 -4.949385e-04 2.161691e-02 1.122937e+02 5.093721e-04 9.999997e-01 -6.621235e-04 -6.695079e+00 -2.161648e-02 6.729786e-04 9.997661e-01 1.012663e+02
9.996847e-01 1.672104e-04 -2.511324e-02 1.150452e+02 -1.370160e-04 9.999993e-01 1.204113e-03 -6.788821e+00 2.511333e-02 -1.200292e-03 9.996839e-01 1.013870e+02
9.997320e-01 -4.463368e-04 2.314276e-02 1.176674e+02 4.637338e-04 9.999996e-01 -7.462953e-04 -6.877308e+00 -2.314233e-02 7.568262e-04 9.997319e-01 1.014649e+02
9.996774e-01 1.880120e-04 -2.539995e-02 1.199835e+02 -1.587643e-04 9.999993e-01 1.153563e-03 -6.955513e+00 2.540005e-02 -1.149157e-03 9.996767e-01 1.015253e+02
9.997339e-01 -4.305242e-04 2.306033e-02 1.221466e+02 4.485552e-04 9.999996e-01 -7.766734e-04 -7.030298e+00 -2.305989e-02 7.868094e-04 9.997337e-01 1.016438e+02
9.996722e-01 1.793056e-04 -2.560475e-02 1.243554e+02 -1.492409e-04 9.999993e-01 1.176156e-03 -7.106777e+00 2.560485e-02 -1.171948e-03 9.996715e-01 1.017767e+02
9.997036e-01 -3.822943e-04 2.434126e-02 1.264821e+02 4.026505e-04 9.999996e-01 -8.313283e-04 -7.180773e+00 -2.434084e-02 8.408818e-04 9.997033e-01 1.019202e+02
9.996368e-01 1.409430e-04 -2.695238e-02 1.286731e+02 -1.077613e-04 9.999992e-01 1.232631e-03 -7.257184e+00 2.695243e-02 -1.229278e-03 9.996360e-01 1.020735e+02
9.997149e-01 -4.287860e-04 2.387012e-02 1.310515e+02 4.477728e-04 9.999996e-01 -7.900182e-04 -7.339770e+00 -2.386968e-02 8.004802e-04 9.997147e-01 1.022342e+02
9.996668e-01 1.795112e-04 -2.581343e-02 1.335369e+02 -1.477084e-04 9.999992e-01 1.233991e-03 -7.424909e+00 2.581353e-02 -1.229766e-03 9.996661e-01 1.023592e+02
9.997303e-01 -4.806219e-04 2.321571e-02 1.362278e+02 4.978683e-04 9.999996e-01 -7.370372e-04 -7.516461e+00 -2.321525e-02 7.483956e-04 9.997302e-01 1.024738e+02
9.996461e-01 1.592751e-04 -2.660483e-02 1.388476e+02 -1.262832e-04 9.999992e-01 1.241809e-03 -7.605631e+00 2.660491e-02 -1.238008e-03 9.996453e-01 1.025850e+02
9.997457e-01 -4.924092e-04 2.254135e-02 1.413219e+02 5.096605e-04 9.999996e-01 -7.595159e-04 -7.691650e+00 -2.254087e-02 7.708100e-04 9.997456e-01 1.027583e+02
9.996743e-01 2.190349e-04 -2.552244e-02 1.437792e+02 -1.873122e-04 9.999992e-01 1.245383e-03 -7.778647e+00 2.552260e-02 -1.240196e-03 9.996735e-01 1.030020e+02
9.997634e-01 -5.489309e-04 2.174122e-02 1.463477e+02 5.651351e-04 9.999996e-01 -7.391168e-04 -7.868099e+00 -2.174071e-02 7.512275e-04 9.997633e-01 1.031955e+02
9.996831e-01 2.693436e-04 -2.517598e-02 1.485586e+02 -2.399107e-04 9.999993e-01 1.172164e-03 -7.946964e+00 2.517618e-02 -1.165751e-03 9.996824e-01 1.034314e+02
9.997510e-01 -5.147205e-04 2.230746e-02 1.507025e+02 5.318848e-04 9.999996e-01 -7.634508e-04 -8.024559e+00 -2.230696e-02 7.751245e-04 9.997508e-01 1.037006e+02
9.996716e-01 2.459147e-04 -2.562651e-02 1.529110e+02 -2.154704e-04 9.999993e-01 1.190819e-03 -8.102805e+00 2.562669e-02 -1.184905e-03 9.996709e-01 1.039070e+02
9.997594e-01 -5.490660e-04 2.192723e-02 1.552048e+02 5.656900e-04 9.999996e-01 -7.518818e-04 -8.183228e+00 -2.192671e-02 7.641037e-04 9.997592e-01 1.040884e+02
9.996679e-01 2.650055e-04 -2.576970e-02 1.571134e+02 -2.366928e-04 9.999994e-01 1.101787e-03 -8.249550e+00 2.576987e-02 -1.095320e-03 9.996673e-01 1.041959e+02
9.997574e-01 -5.437197e-04 2.201734e-02 1.587658e+02 5.624131e-04 9.999995e-01 -8.427794e-04 -8.305654e+00 -2.201677e-02 8.549566e-04 9.997572e-01 1.042219e+02
9.996681e-01 2.762451e-04 -2.576372e-02 1.603649e+02 -2.479796e-04 9.999994e-01 1.100354e-03 -8.360272e+00 2.576391e-02 -1.093599e-03 9.996675e-01 1.042565e+02
9.997584e-01 -5.732758e-04 2.197143e-02 1.621669e+02 5.911659e-04 9.999995e-01 -8.076896e-04 -8.420773e+00 -2.197086e-02 8.204820e-04 9.997582e-01 1.042684e+02
9.996763e-01 2.783154e-04 -2.544276e-02 1.641066e+02 -2.494438e-04 9.999993e-01 1.137993e-03 -8.485821e+00 2.544296e-02 -1.131277e-03 9.996757e-01 1.042883e+02
9.997551e-01 -5.660325e-04 2.212038e-02 1.660350e+02 5.844129e-04 9.999995e-01 -8.244058e-04 -8.549876e+00 -2.211980e-02 8.371301e-04 9.997549e-01 1.042752e+02
9.996997e-01 3.343122e-04 -2.450386e-02 1.677194e+02 -3.079459e-04 9.999994e-01 1.079835e-03 -8.606744e+00 2.450411e-02 -1.071964e-03 9.996992e-01 1.042934e+02
9.997420e-01 -5.552629e-04 2.270604e-02 1.695003e+02 5.739374e-04 9.999995e-01 -8.158721e-04 -8.666650e+00 -2.270547e-02 8.286922e-04 9.997418e-01 1.043146e+02
