9.996646e-01 4.309688e-04 2.589529e-02 3.580079e-01 -4.116155e-04 9.999996e-01 -7.526939e-04 -2.692629e-02 -2.589561e-02 7.417821e-04 9.996645e-01 5.240116e-01
9.999970e-01 4.429961e-05 2.438291e-03 5.875674e-01 -4.411591e-05 1.000000e+00 -7.538939e-05 -5.089073e-02 -2.438289e-03 7.528193e-05 9.999969e-01 1.095060e+00
9.995064e-01 4.850404e-04 3.141299e-02 7.457943e-01 -4.553663e-04 9.999994e-01 -9.517927e-04 -7.021877e-02 -3.141344e-02 9.370182e-04 9.995061e-01 1.572356e+00
9.999956e-01 -2.968521e-05 -2.980797e-03 9.948914e-01 2.998173e-05 1.000000e+00 9.942942e-05 -9.328315e-02 2.980806e-03 -9.951820e-05 9.999955e-01 2.082439e+00
9.991046e-01 6.432653e-04 4.230330e-02 1.184265e+00 -5.894055e-04 9.999990e-01 -1.285643e-03 -1.139327e-01 -4.230410e-02 1.259558e-03 9.991041e-01 2.575229e+00
9.999989e-01 2.520609e-05 1.470592e-03 1.329600e+00 -2.514431e-05 1.000000e+00 -4.201229e-05 -1.325666e-01 -1.470574e-03 4.197517e-05 9.999988e-01 3.044715e+00
9.992286e-01 5.979999e-04 3.926673e-02 1.525258e+00 -5.515628e-04 9.999991e-01 -1.193428e-03 -1.506219e-01 -3.926744e-02 1.170850e-03 9.992281e-01 3.426133e+00
9.999606e-01 -1.041039e-04 -8.881362e-03 1.712394e+00 1.066232e-04 1.000000e+00 2.831851e-04 -1.727286e-01 8.881359e-03 -2.841212e-04 9.999604e-01 3.976433e+00
9.988321e-01 7.394425e-04 4.830938e-02 1.864551e+00 -6.700615e-04 9.999987e-01 -1.452361e-03 -1.944890e-01 -4.831042e-02 1.418295e-03 9.988315e-01 4.560002e+00
9.999578e-01 -9.799348e-05 -9.191317e-03 2.014913e+00 1.007067e-04 1.000000e+00 2.947243e-04 -2.172936e-01 9.191322e-03 -2.956379e-04 9.999576e-01 5.187974e+00
9.987755e-01 7.660964e-04 4.946709e-02 2.178014e+00 -6.933113e-04 9.999987e-01 -1.488529e-03 -2.397325e-01 -4.946820e-02 1.452410e-03 9.987747e-01 5.786952e+00
9.999223e-01 -1.588596e-04 -1.246159e-02 2.409676e+00 1.635553e-04 9.999999e-01 3.757818e-04 -2.617590e-01 1.246157e-02 -3.777914e-04 9.999222e-01 6.283653e+00
9.988072e-01 7.713994e-04 4.882143e-02 2.682755e+00 -7.006431e-04 9.999987e-01 -1.466386e-03 -2.854218e-01 -4.882255e-02 1.430431e-03 9.988065e-01 6.796229e+00
9.999832e-01 -6.221040e-05 -5.791755e-03 2.905062e+00 6.317511e-05 1.000000e+00 1.663401e-04 -3.053748e-01 5.791793e-03 -1.667041e-04 9.999831e-01 7.227963e+00
9.991478e-01 6.522109e-04 4.127068e-02 3.166307e+00 -6.030750e-04 9.999991e-01 -1.203020e-03 -3.299954e-01 -4.127148e-02 1.177107e-03 9.991474e-01 7.791046e+00
9.998695e-01 -1.908121e-04 -1.615531e-02 3.456517e+00 1.990264e-04 9.999999e-01 5.068271e-04 -3.591381e-01 1.615526e-02 -5.099772e-04 9.998693e-01 8.494673e+00
9.990107e-01 7.026858e-04 4.446412e-02 3.685214e+00 -6.451617e-04 9.999989e-01 -1.308064e-03 -3.871165e-01 -4.446505e-02 1.278085e-03 9.990102e-01 9.227910e+00
9.999795e-01 -7.181645e-05 -6.405361e-03 3.883354e+00 7.300918e-05 1.000000e+00 1.859132e-04 -4.101101e-01 6.405407e-03 -1.863782e-04 9.999794e-01 9.806381e+00
9.994031e-01 5.575685e-04 3.454316e-02 4.154622e+00 -5.245942e-04 9.999994e-01 -9.636502e-04 -4.388456e-01 -3.454373e-02 9.449550e-04 9.994028e-01 1.051570e+01
9.999975e-01 -4.186630e-05 -2.208478e-03 4.385692e+00 4.183383e-05 1.000000e+00 -1.496355e-05 -4.609293e-01 2.208543e-03 1.486989e-05 9.999975e-01 1.101804e+01
9.989670e-01 7.016459e-04 4.543626e-02 4.662944e+00 -6.429778e-04 9.999989e-01 -1.305831e-03 -4.771228e-01 -4.543719e-02 1.275269e-03 9.989665e-01 1.120773e+01
9.999014e-01 -1.811519e-04 -1.404363e-02 5.269678e+00 1.863150e-04 9.999999e-01 3.662960e-04 -5.050357e-01 1.404364e-02 -3.688778e-04 9.999012e-01 1.144468e+01
9.996247e-01 4.251840e-04 2.739111e-02 5.981575e+00 -4.046314e-04 9.999996e-01 -7.558968e-04 -5.375894e-01 -2.739149e-02 7.445312e-04 9.996246e-01 1.171877e+01
9.998698e-01 -2.184300e-04 -1.613177e-02 6.783045e+00 2.251585e-04 9.999999e-01 4.152453e-04 -5.709296e-01 1.613175e-02 -4.188248e-04 9.998697e-01 1.190569e+01
9.996399e-01 4.271209e-04 2.683283e-02 7.606428e+00 -4.076216e-04 9.999996e-01 -7.321828e-04 -6.044740e-01 -2.683320e-02 7.209829e-04 9.996398e-01 1.207349e+01
9.998514e-01 -2.333352e-04 -1.723370e-02 8.193903e+00 2.406264e-04 9.999999e-01 4.209713e-04 -6.319253e-01 1.723367e-02 -4.250571e-04 9.998513e-01 1.230851e+01
9.995850e-01 4.540712e-04 2.880534e-02 8.869107e+00 -4.314935e-04 9.999996e-01 -7.900353e-04 -6.615918e-01 -2.880576e-02 7.772795e-04 9.995848e-01 1.251722e+01
9.999303e-01 -1.569830e-04 -1.180145e-02 9.535282e+00 1.601106e-04 1.000000e+00 2.640089e-04 -6.902675e-01 1.180148e-02 -2.658815e-04 9.999302e-01 1.269986e+01
9.995572e-01 4.715781e-04 2.975098e-02 1.015680e+01 -4.479216e-04 9.999996e-01 -8.018334e-04 -7.196335e-01 -2.975142e-02 7.881538e-04 9.995571e-01 1.297292e+01
9.998311e-01 -2.406208e-04 -1.837514e-02 1.086129e+01 2.492546e-04 9.999999e-01 4.675296e-04 -7.521479e-01 1.837510e-02 -4.720322e-04 9.998310e-01 1.326099e+01
9.996706e-01 4.177755e-04 2.566277e-02 1.159157e+01 -4.009239e-04 9.999997e-01 -6.618237e-04 -7.866105e-01 -2.566311e-02 6.513184e-04 9.996705e-01 1.359576e+01
9.998682e-01 -2.196646e-04 -1.623356e-02 1.220933e+01 2.259513e-04 9.999999e-01 3.853818e-04 -8.174793e-01 1.623355e-02 -3.890006e-04 9.998681e-01 1.393865e+01
9.995347e-01 4.952550e-04 3.049878e-02 1.264712e+01 -4.712325e-04 9.999996e-01 -7.948592e-04 -8.452345e-01 -3.049924e-02 7.801189e-04 9.995346e-01 1.439415e+01
9.998001e-01 -2.670244e-04 -1.999190e-02 1.302343e+01 2.769901e-04 9.999998e-01 4.956741e-04 -8.723977e-01 1.999184e-02 -5.011142e-04 9.997999e-01 1.491019e+01
9.996298e-01 4.275814e-04 2.720626e-02 1.359717e+01 -4.082078e-04 9.999997e-01 -7.176796e-04 -9.017421e-01 -2.720664e-02 7.063097e-04 9.996297e-01 1.523779e+01
9.997907e-01 -2.723298e-04 -2.045492e-02 1.410396e+01 2.827498e-04 9.999998e-01 5.064784e-04 -9.294123e-01 2.045486e-02 -5.121577e-04 9.997906e-01 1.558538e+01
9.995596e-01 4.696820e-04 2.967042e-02 1.446241e+01 -4.467659e-04 9.999996e-01 -7.790052e-04 -9.555469e-01 -2.967085e-02 7.654080e-04 9.995595e-01 1.607285e+01
9.997907e-01 -2.866414e-04 -2.045440e-02 1.479045e+01 2.964628e-04 9.999998e-01 4.770839e-04 -9.782003e-01 2.045435e-02 -4.830496e-04 9.997906e-01 1.646172e+01
9.997321e-01 4.099398e-04 2.314206e-02 1.505383e+01 -3.970825e-04 9.999998e-01 -5.602109e-04 -1.001684e+00 -2.314236e-02 5.508731e-04 9.997321e-01 1.696329e+01
9.998458e-01 -2.581925e-04 -1.755998e-02 1.545783e+01 2.650930e-04 9.999999e-01 3.905858e-04 -1.028087e+00 1.755995e-02 -3.951822e-04 9.998457e-01 1.739581e+01
9.996845e-01 4.545890e-04 2.511419e-02 1.581442e+01 -4.397014e-04 9.999997e-01 -5.983460e-04 -1.054916e+00 -2.511454e-02 5.871161e-04 9.996845e-01 1.792026e+01
9.997577e-01 -2.958557e-04 -2.201041e-02 1.604628e+01 3.074432e-04 9.999998e-01 5.230333e-04 -1.079183e+00 2.201033e-02 -5.296752e-04 9.997575e-01 1.850982e+01
9.997693e-01 2.716203e-04 2.147614e-02 1.585531e+01 -2.586529e-04 9.999998e-01 -6.066164e-04 -1.084177e+00 -2.147639e-02 6.009232e-04 9.997693e-01 1.877256e+01
9.996354e-01 -3.023538e-04 -2.699889e-02 1.594737e+01 3.193354e-04 9.999998e-01 6.246316e-04 -1.095381e+00 2.699878e-02 -6.330272e-04 9.996352e-01 1.894805e+01
9.996604e-01 3.173658e-04 2.605639e-02 1.586907e+01 -2.999430e-04 9.999997e-01 -6.725964e-04 -1.105816e+00 -2.605668e-02 6.645542e-04 9.996603e-01 1.932131e+01
9.998684e-01 -1.115382e-04 -1.622390e-02 1.599148e+01 1.171509e-04 9.999999e-01 3.449475e-04 -1.123472e+00 1.622394e-02 -3.468044e-04 9.998682e-01 1.977046e+01
9.998185e-01 2.114423e-04 1.905070e-02 1.646238e+01 -2.029087e-04 9.999999e-01 -4.499174e-04 -1.148314e+00 -1.905087e-02 4.459719e-04 9.998185e-01 2.005160e+01
9.998576e-01 -1.264958e-04 -1.687483e-02 1.696939e+01 1.326747e-04 9.999999e-01 3.649851e-04 -1.173963e+00 1.687486e-02 -3.671737e-04 9.998575e-01 2.031734e+01
9.995919e-01 3.476135e-04 2.856325e-02 1.760182e+01 -3.268034e-04 9.999997e-01 -7.332578e-04 -1.202777e+00 -2.856358e-02 7.236257e-04 9.995918e-01 2.055066e+01
9.998090e-01 -1.735485e-04 -1.953974e-02 1.822091e+01 1.818332e-04 9.999999e-01 4.221643e-04 -1.229144e+00 1.953975e-02 -4.256384e-04 9.998089e-01 2.069645e+01
9.995771e-01 3.565137e-04 2.907878e-02 1.869900e+01 -3.350858e-04 9.999997e-01 -7.417921e-04 -1.253162e+00 -2.907911e-02 7.317362e-04 9.995769e-01 2.094087e+01
9.997536e-01 -1.938497e-04 -2.219715e-02 1.911099e+01 2.045007e-04 9.999999e-01 4.775203e-04 -1.273142e+00 2.219714e-02 -4.819437e-04 9.997534e-01 2.110525e+01
9.997748e-01 1.869708e-04 2.122216e-02 1.937064e+01 -1.759108e-04 9.999998e-01 -5.230649e-04 -1.290350e+00 -2.122234e-02 5.192156e-04 9.997747e-01 2.134668e+01
9.997339e-01 -1.984534e-04 -2.306678e-02 1.963218e+01 2.103441e-04 9.999998e-01 5.130210e-04 -1.309016e+00 2.306676e-02 -5.177382e-04 9.997337e-01 2.164277e+01
9.997871e-01 1.746175e-04 2.063428e-02 1.998255e+01 -1.645538e-04 9.999999e-01 -4.894614e-04 -1.330003e+00 -2.063445e-02 4.859635e-04 9.997870e-01 2.191140e+01
9.996310e-01 -2.131573e-04 -2.716098e-02 2.030376e+01 2.290561e-04 9.999998e-01 5.822063e-04 -1.348909e+00 2.716093e-02 -5.882145e-04 9.996308e-01 2.212754e+01
9.996800e-01 2.214286e-04 2.529427e-02 2.055382e+01 -2.074509e-04 9.999998e-01 -5.552644e-04 -1.369907e+00 -2.529447e-02 5.498411e-04 9.996800e-01 2.254113e+01
9.998620e-01 -2.024497e-05 -1.661181e-02 2.087572e+01 2.545339e-05 1.000000e+00 3.132658e-04 -1.395828e+00 1.661189e-02 -3.136471e-04 9.998619e-01 2.307861e+01
9.997327e-01 1.925424e-04 2.312023e-02 2.126516e+01 -1.813944e-04 9.999999e-01 -4.843081e-04 -1.423419e+00 -2.312041e-02 4.799865e-04 9.997327e-01 2.359122e+01
9.998045e-01 -3.241525e-05 -1.977090e-02 2.157856e+01 4.125307e-05 9.999999e-01 4.465530e-04 -1.452610e+00 1.977097e-02 -4.472830e-04 9.998044e-01 2.427435e+01
9.998172e-01 6.525246e-05 1.911891e-02 2.187349e+01 -5.776958e-05 9.999999e-01 -3.919876e-04 -1.478665e+00 -1.911902e-02 3.908132e-04 9.998172e-01 2.484620e+01
9.997540e-01 -8.992948e-05 -2.218008e-02 2.223020e+01 1.006141e-04 9.999999e-01 4.805594e-04 -1.503863e+00 2.218012e-02 -4.826745e-04 9.997538e-01 2.528967e+01
9.998258e-01 7.766055e-05 1.866537e-02 2.250237e+01 -7.054883e-05 9.999999e-01 -3.817193e-04 -1.528149e+00 -1.866548e-02 3.803377e-04 9.998258e-01 2.581016e+01
9.997843e-01 -7.780857e-05 -2.076776e-02 2.278420e+01 8.747496e-05 9.999999e-01 4.644963e-04 -1.553602e+00 2.076780e-02 -4.662144e-04 9.997841e-01 2.637270e+01
9.994219e-01 3.689238e-04 3.399805e-02 2.307462e+01 -3.411515e-04 9.999996e-01 -8.227035e-04 -1.581060e+00 -3.399843e-02 8.106311e-04 9.994216e-01 2.701141e+01
9.997647e-01 -4.167892e-05 -2.169298e-02 2.337618e+01 5.343514e-05 9.999999e-01 5.413100e-04 -1.612497e+00 2.169304e-02 -5.423435e-04 9.997645e-01 2.779762e+01
9.997846e-01 8.809243e-05 2.075755e-02 2.371722e+01 -7.961434e-05 9.999999e-01 -4.093055e-04 -1.645030e+00 -2.075767e-02 4.075664e-04 9.997845e-01 2.858000e+01
9.997710e-01 -5.712494e-05 -2.139797e-02 2.432567e+01 6.835121e-05 9.999999e-01 5.238632e-04 -1.681545e+00 2.139802e-02 -5.252075e-04 9.997708e-01 2.916275e+01
9.997779e-01 1.065479e-04 2.107710e-02 2.494197e+01 -9.654593e-05 9.999999e-01 -4.756021e-04 -1.713311e+00 -2.107723e-02 4.734632e-04 9.997778e-01 2.952022e+01
9.995665e-01 -8.315544e-05 -2.943940e-02 2.544362e+01 1.050434e-04 9.999997e-01 7.419113e-04 -1.743989e+00 2.943942e-02 -7.446838e-04 9.995662e-01 3.000308e+01
9.995576e-01 1.667877e-04 2.974102e-02 2.592062e+01 -1.465853e-04 9.999998e-01 -6.814880e-04 -1.776809e+00 -2.974121e-02 6.768286e-04 9.995575e-01 3.060098e+01
9.998111e-01 5.231357e-05 -1.943582e-02 2.645785e+01 -4.436122e-05 9.999999e-01 4.095393e-04 -1.808515e+00 1.943592e-02 -4.086014e-04 9.998109e-01 3.107832e+01
9.994896e-01 1.827984e-04 3.194518e-02 2.729250e+01 -1.590783e-04 9.999997e-01 -7.450951e-04 -1.845988e+00 -3.194539e-02 7.396347e-04 9.994894e-01 3.138825e+01
9.998598e-01 7.466705e-05 -1.674581e-02 2.785441e+01 -6.949264e-05 9.999999e-01 3.095173e-04 -1.875860e+00 1.674592e-02 -3.083118e-04 9.998597e-01 3.175325e+01
9.997088e-01 1.186024e-04 2.413290e-02 2.829823e+01 -1.072482e-04 9.999999e-01 -4.718177e-04 -1.907484e+00 -2.413304e-02 4.690938e-04 9.997087e-01 3.235091e+01
9.998054e-01 4.884427e-05 -1.972730e-02 2.876467e+01 -4.097859e-05 9.999999e-01 3.990711e-04 -1.939406e+00 1.972741e-02 -3.981867e-04 9.998052e-01 3.293040e+01
9.997143e-01 1.074663e-04 2.390456e-02 2.919137e+01 -9.585245e-05 9.999999e-01 -4.870268e-04 -1.968626e+00 -2.390470e-02 4.845980e-04 9.997142e-01 3.345072e+01
9.998204e-01 6.433125e-05 -1.894899e-02 2.951159e+01 -5.696416e-05 9.999999e-01 3.892686e-04 -1.997142e+00 1.894911e-02 -3.881210e-04 9.998203e-01 3.408904e+01
9.997175e-01 1.322784e-04 2.376766e-02 2.956544e+01 -1.215054e-04 9.999999e-01 -4.547448e-04 -2.022280e+00 -2.376781e-02 4.517301e-04 9.997175e-01 3.493843e+01
9.997222e-01 -1.118083e-05 -2.356958e-02 2.961997e+01 2.393444e-05 9.999999e-01 5.407774e-04 -2.048760e+00 2.356966e-02 -5.411929e-04 9.997220e-01 3.584230e+01
9.997183e-01 1.273856e-04 2.373590e-02 2.972302e+01 -1.170764e-04 9.999999e-01 -4.357624e-04 -2.077015e+00 -2.373604e-02 4.328624e-04 9.997182e-01 3.675785e+01
9.997269e-01 -4.114250e-05 -2.336793e-02 3.009089e+01 5.213680e-05 9.999999e-01 4.698325e-04 -2.105604e+00 2.336800e-02 -4.709242e-04 9.997267e-01 3.733065e+01
9.997839e-01 3.466826e-05 2.079024e-02 3.062752e+01 -2.706823e-05 9.999999e-01 -3.658854e-04 -2.135107e+00 -2.079034e-02 3.652453e-04 9.997839e-01 3.770681e+01
9.997548e-01 8.144055e-07 -2.214223e-02 3.104903e+01 9.486380e-06 9.999999e-01 4.650581e-04 -2.164892e+00 2.214231e-02 -4.651558e-04 9.997546e-01 3.825621e+01
9.997470e-01 3.108625e-05 2.249195e-02 3.188546e+01 -2.228109e-05 9.999999e-01 -3.917739e-04 -2.204388e+00 -2.249204e-02 3.911753e-04 9.997470e-01 3.864509e+01
9.998364e-01 7.801534e-05 -1.808547e-02 3.285519e+01 -7.162569e-05 9.999999e-01 3.538935e-04 -2.247679e+00 1.808558e-02 -3.525418e-04 9.998363e-01 3.901610e+01
9.997914e-01 2.482534e-05 2.042466e-02 3.349404e+01 -1.781085e-05 9.999999e-01 -3.436617e-04 -2.283270e+00 -2.042475e-02 3.432279e-04 9.997914e-01 3.951567e+01
9.998255e-01 3.426460e-05 -1.868115e-02 3.432239e+01 -2.777180e-05 9.999999e-01 3.477631e-04 -2.320812e+00 1.868125e-02 -3.471852e-04 9.998254e-01 3.983627e+01
9.997626e-01 6.530669e-05 2.179110e-02 3.505399e+01 -5.708343e-05 9.999999e-01 -3.780338e-04 -2.356611e+00 -2.179121e-02 3.767017e-04 9.997625e-01 4.021774e+01
9.998601e-01 1.045531e-04 -1.672167e-02 3.550649e+01 -9.962068e-05 1.000000e+00 2.957428e-04 -2.388829e+00 1.672179e-02 -2.940372e-04 9.998601e-01 4.083421e+01
9.998356e-01 -3.233343e-06 1.813487e-02 3.594030e+01 7.750143e-06 1.000000e+00 -2.490505e-04 -2.421122e+00 -1.813496e-02 2.491517e-04 9.998356e-01 4.147924e+01
9.998574e-01 1.091350e-04 -1.688506e-02 3.626264e+01 -1.044897e-04 1.000000e+00 2.759330e-04 -2.449932e+00 1.688518e-02 -2.741309e-04 9.998573e-01 4.212642e+01
9.998582e-01 -3.876574e-05 1.683963e-02 3.654454e+01 4.262398e-05 1.000000e+00 -2.288149e-04 -2.476554e+00 -1.683971e-02 2.295019e-04 9.998582e-01 4.273311e+01
9.998581e-01 1.185986e-04 -1.684510e-02 3.672882e+01 -1.144452e-04 1.000000e+00 2.474671e-04 -2.499438e+00 1.684521e-02 -2.455057e-04 9.998580e-01 4.331617e+01
9.998339e-01 -3.075155e-05 1.822453e-02 3.713517e+01 3.550254e-05 1.000000e+00 -2.604211e-04 -2.526965e+00 -1.822461e-02 2.610265e-04 9.998340e-01 4.379349e+01
9.998873e-01 1.831647e-04 -1.500988e-02 3.744371e+01 -1.797289e-04 1.000000e+00 2.301869e-04 -2.556230e+00 1.501001e-02 -2.274648e-04 9.998872e-01 4.448501e+01
9.997140e-01 4.720259e-07 2.391686e-02 3.771509e+01 1.104125e-05 9.999999e-01 -4.812954e-04 -2.580119e+00 -2.391695e-02 4.814234e-04 9.997139e-01 4.499874e+01
9.999010e-01 1.942670e-04 -1.406573e-02 3.787191e+01 -1.918544e-04 1.000000e+00 1.728011e-04 -2.599772e+00 1.406585e-02 -1.700870e-04 9.999010e-01 4.549195e+01
9.998053e-01 -4.918200e-05 1.973548e-02 3.804727e+01 5.600332e-05 9.999999e-01 -3.451356e-04 -2.620440e+00 -1.973555e-02 3.461752e-04 9.998052e-01 4.599888e+01
9.998735e-01 1.766261e-04 -1.590049e-02 3.827705e+01 -1.729009e-04 1.000000e+00 2.355893e-04 -2.643280e+00 1.590062e-02 -2.328119e-04 9.998735e-01 4.652074e+01
9.997893e-01 9.402094e-08 2.052714e-02 3.840138e+01 6.470570e-06 9.999999e-01 -3.197829e-04 -2.667861e+00 -2.052723e-02 3.198499e-04 9.997893e-01 4.725569e+01
9.999232e-01 2.131117e-04 -1.239035e-02 3.854990e+01 -2.116125e-04 1.000000e+00 1.222204e-04 -2.693042e+00 1.239047e-02 -1.195907e-04 9.999232e-01 4.798434e+01
9.997809e-01 -5.927787e-06 2.093207e-02 3.868067e+01 1.304131e-05 9.999999e-01 -3.397507e-04 -2.716460e+00 -2.093216e-02 3.399508e-04 9.997809e-01 4.866608e+01
9.999481e-01 2.434372e-04 -1.018118e-02 3.894508e+01 -2.428174e-04 1.000000e+00 6.201077e-05 -2.743490e+00 1.018128e-02 -5.953696e-05 9.999481e-01 4.932419e+01
9.998040e-01 -1.261697e-05 1.980063e-02 3.922737e+01 1.835353e-05 1.000000e+00 -2.895870e-04 -2.771737e+00 -1.980071e-02 2.898953e-04 9.998040e-01 5.001359e+01
9.999263e-01 2.049354e-04 -1.213552e-02 3.944200e+01 -2.038374e-04 1.000000e+00 9.161840e-05 -2.796307e+00 1.213563e-02 -8.913955e-05 9.999263e-01 5.063842e+01
9.998880e-01 -7.972102e-05 1.497052e-02 3.968227e+01 8.216139e-05 1.000000e+00 -1.624682e-04 -2.819758e+00 -1.497060e-02 1.636816e-04 9.998880e-01 5.117617e+01
9.999639e-01 2.276336e-04 -8.485666e-03 4.010353e+01 -2.277947e-04 1.000000e+00 -1.814803e-05 -2.847080e+00 8.485755e-03 2.007879e-05 9.999639e-01 5.163032e+01
9.997274e-01 2.772413e-05 2.334841e-02 4.060453e+01 -1.812343e-05 9.999999e-01 -4.114509e-04 -2.875036e+00 -2.334852e-02 4.109172e-04 9.997274e-01 5.201099e+01
9.999967e-01 3.164619e-04 -2.553715e-03 4.087382e+01 -3.170324e-04 9.999999e-01 -2.234150e-04 -2.897078e+00 2.553738e-03 2.242222e-04 9.999966e-01 5.246101e+01
9.998326e-01 -9.260566e-06 1.830104e-02 4.114028e+01 1.301518e-05 1.000000e+00 -2.051024e-04 -2.922856e+00 -1.830113e-02 2.053079e-04 9.998326e-01 5.306428e+01
9.999317e-01 1.938101e-04 -1.167980e-02 4.158630e+01 -1.931620e-04 1.000000e+00 5.651042e-05 -2.953789e+00 1.167991e-02 -5.425207e-05 9.999317e-01 5.363976e+01
9.998131e-01 -6.629374e-06 1.933676e-02 4.203263e+01 1.141376e-05 1.000000e+00 -2.473745e-04 -2.983258e+00 -1.933685e-02 2.475506e-04 9.998131e-01 5.415528e+01
9.999721e-01 2.591857e-04 -7.456662e-03 4.229638e+01 -2.596094e-04 1.000000e+00 -5.602366e-05 -3.010590e+00 7.456743e-03 5.795633e-05 9.999721e-01 5.482851e+01
9.998488e-01 -1.720277e-05 1.739190e-02 4.247304e+01 2.039775e-05 1.000000e+00 -1.835967e-04 -3.036946e+00 -1.739199e-02 1.839253e-04 9.998488e-01 5.557178e+01
9.999821e-01 2.506909e-04 -5.966107e-03 4.265538e+01 -2.514208e-04 1.000000e+00 -1.217843e-04 -3.061539e+00 5.966172e-03 1.232806e-04 9.999821e-01 5.623445e+01
9.998876e-01 -3.554933e-05 1.499518e-02 4.284045e+01 3.719148e-05 1.000000e+00 -1.093155e-04 -3.086326e+00 -1.499528e-02 1.098625e-04 9.998876e-01 5.690541e+01
9.998935e-01 1.262342e-04 -1.459100e-02 4.298140e+01 -1.247241e-04 1.000000e+00 1.043202e-04 -3.107556e+00 1.459111e-02 -1.024908e-04 9.998935e-01 5.747887e+01
9.999070e-01 -5.776161e-05 1.364076e-02 4.319293e+01 5.874298e-05 1.000000e+00 -7.163354e-05 -3.129820e+00 -1.364085e-02 7.242978e-05 9.999070e-01 5.799711e+01
9.999153e-01 1.146677e-04 -1.301396e-02 4.365596e+01 -1.143157e-04 1.000000e+00 2.770014e-05 -3.153910e+00 1.301405e-02 -2.621168e-05 9.999153e-01 5.824495e+01
9.998789e-01 -7.677650e-06 1.556288e-02 4.394707e+01 9.306821e-06 1.000000e+00 -1.046895e-04 -3.176743e+00 -1.556297e-02 1.048233e-04 9.998789e-01 5.868363e+01
9.999643e-01 1.451621e-04 -8.443431e-03 4.426173e+01 -1.463833e-04 1.000000e+00 -1.441618e-04 -3.197804e+00 8.443507e-03 1.453910e-04 9.999643e-01 5.901889e+01
9.999396e-01 -6.104397e-05 1.099437e-02 4.480433e+01 6.047623e-05 1.000000e+00 5.185729e-05 -3.224631e+00 -1.099447e-02 -5.118764e-05 9.999396e-01 5.927350e+01
9.999115e-01 9.065982e-05 -1.329849e-02 4.523830e+01 -9.070130e-05 1.000000e+00 -2.611033e-06 -3.249187e+00 1.329858e-02 3.815403e-06 9.999115e-01 5.957790e+01
9.999476e-01 -1.038704e-04 1.024389e-02 4.581060e+01 1.027632e-04 1.000000e+00 1.084864e-04 -3.278626e+00 -1.024400e-02 -1.074264e-04 9.999476e-01 5.989899e+01
9.999380e-01 1.069499e-04 -1.112791e-02 4.655708e+01 -1.073615e-04 1.000000e+00 -3.650262e-05 -3.313370e+00 1.112800e-02 3.769349e-05 9.999380e-01 6.020852e+01
9.999060e-01 -2.119556e-05 1.371412e-02 4.721926e+01 2.131506e-05 1.000000e+00 -8.657312e-06 -3.346529e+00 -1.371421e-02 8.950416e-06 9.999060e-01 6.056689e+01
9.999091e-01 3.711121e-05 -1.348325e-02 4.807671e+01 -3.686577e-05 1.000000e+00 1.835856e-05 -3.381501e+00 1.348335e-02 -1.786140e-05 9.999090e-01 6.072639e+01
9.998942e-01 -2.470176e-05 1.454872e-02 4.906455e+01 2.495528e-05 1.000000e+00 -1.732857e-05 -3.420444e+00 -1.454882e-02 1.769140e-05 9.998942e-01 6.087629e+01
9.999527e-01 1.336065e-04 -9.725364e-03 5.003384e+01 -1.346217e-04 1.000000e+00 -1.038600e-04 -3.459372e+00 9.725447e-03 1.051628e-04 9.999526e-01 6.105390e+01
9.999563e-01 -1.348270e-04 9.353876e-03 5.096242e+01 1.336011e-04 1.000000e+00 1.315455e-04 -3.494735e+00 -9.353990e-03 -1.302884e-04 9.999563e-01 6.113359e+01
9.999628e-01 1.675968e-04 -8.617880e-03 5.180518e+01 -1.688983e-04 1.000000e+00 -1.504308e-04 -3.528051e+00 8.617951e-03 1.518792e-04 9.999628e-01 6.124532e+01
9.999505e-01 -1.187849e-04 9.955411e-03 5.260110e+01 1.176402e-04 1.000000e+00 1.154352e-04 -3.561338e+00 -9.955522e-03 -1.142567e-04 9.999505e-01 6.142159e+01
9.999501e-01 1.383081e-04 -9.980657e-03 5.339674e+01 -1.394153e-04 1.000000e+00 -1.103697e-04 -3.594083e+00 9.980738e-03 1.117540e-04 9.999501e-01 6.157053e+01
9.999682e-01 -1.585314e-04 7.981831e-03 5.412094e+01 1.574446e-04 1.000000e+00 1.366324e-04 -3.622166e+00 -7.981949e-03 -1.353697e-04 9.999682e-01 6.162409e+01
9.999741e-01 2.015961e-04 -7.194397e-03 5.469991e+01 -2.029405e-04 1.000000e+00 -1.863170e-04 -3.648408e+00 7.194456e-03 1.877706e-04 9.999740e-01 6.180527e+01
9.999410e-01 -1.246449e-04 1.086839e-02 5.525759e+01 1.242217e-04 1.000000e+00 3.950031e-05 -3.672977e+00 -1.086849e-02 -3.814629e-05 9.999410e-01 6.195251e+01
9.999477e-01 1.636902e-04 -1.022237e-02 5.586715e+01 -1.644158e-04 1.000000e+00 -7.026117e-05 -3.700970e+00 1.022246e-02 7.193665e-05 9.999477e-01 6.216298e+01
9.998986e-01 -4.534407e-05 1.424545e-02 5.633807e+01 4.570858e-05 1.000000e+00 -2.534969e-05 -3.729724e+00 -1.424554e-02 2.599986e-05 9.998986e-01 6.260215e+01
9.999334e-01 1.114531e-04 -1.153592e-02 5.734521e+01 -1.103857e-04 1.000000e+00 9.305751e-05 -3.776385e+00 1.153603e-02 -9.177948e-05 9.999334e-01 6.306494e+01
9.999502e-01 -1.654343e-04 9.977266e-03 5.792988e+01 1.652687e-04 1.000000e+00 1.730141e-05 -3.809355e+00 -9.977366e-03 -1.565003e-05 9.999503e-01 6.353115e+01
9.999263e-01 1.894365e-04 -1.213402e-02 5.809810e+01 -1.886129e-04 1.000000e+00 6.891159e-05 -3.833356e+00 1.213413e-02 -6.661943e-05 9.999263e-01 6.417795e+01
9.998233e-01 -2.332556e-05 1.880066e-02 5.849099e+01 2.767896e-05 1.000000e+00 -2.313609e-04 -3.861891e+00 -1.880075e-02 2.318420e-04 9.998233e-01 6.471568e+01
9.999992e-01 3.346645e-04 1.171802e-03 5.900435e+01 -3.342661e-04 9.999999e-01 -3.390444e-04 -3.891003e+00 -1.171818e-03 3.386508e-04 9.999992e-01 6.512131e+01
9.999637e-01 -1.009414e-04 8.520013e-03 5.946925e+01 9.969836e-05 1.000000e+00 1.461686e-04 -3.924831e+00 -8.520126e-03 -1.453123e-04 9.999638e-01 6.578006e+01
9.999602e-01 1.567282e-04 -8.921295e-03 5.979927e+01 -1.575411e-04 1.000000e+00 -9.055642e-05 -3.952302e+00 8.921378e-03 9.195674e-05 9.999601e-01 6.635043e+01
9.999478e-01 -8.476998e-05 1.021972e-02 6.027010e+01 8.410634e-05 1.000000e+00 6.524226e-05 -3.980150e+00 -1.021982e-02 -6.437775e-05 9.999478e-01 6.674779e+01
9.999813e-01 3.747899e-04 6.094228e-03 6.056259e+01 -3.716833e-04 9.999998e-01 -5.106793e-04 -4.007383e+00 -6.094320e-03 5.084032e-04 9.999812e-01 6.737159e+01
9.999653e-01 -7.222203e-05 8.338544e-03 6.084179e+01 7.100222e-05 1.000000e+00 1.464226e-04 -4.035746e+00 -8.338653e-03 -1.458239e-04 9.999653e-01 6.805975e+01
9.999681e-01 3.440386e-04 7.974550e-03 6.139106e+01 -3.392228e-04 9.999998e-01 -6.050791e-04 -4.066997e+00 -7.974657e-03 6.023531e-04 9.999680e-01 6.850431e+01
9.999444e-01 -2.287753e-05 1.054763e-02 6.187380e+01 2.189979e-05 1.000000e+00 9.268325e-05 -4.096288e+00 -1.054773e-02 -9.244554e-05 9.999444e-01 6.896148e+01
9.999969e-01 2.682859e-04 2.437516e-03 6.229171e+01 -2.671913e-04 9.999999e-01 -4.488331e-04 -4.124648e+00 -2.437536e-03 4.481789e-04 9.999969e-01 6.946260e+01
9.999308e-01 3.402523e-05 1.177106e-02 6.272858e+01 -3.547295e-05 1.000000e+00 1.226622e-04 -4.159265e+00 -1.177115e-02 -1.230697e-04 9.999308e-01 7.019621e+01
9.999971e-01 2.035449e-04 -2.373360e-03 6.329897e+01 -2.042199e-04 9.999999e-01 -2.847764e-04 -4.197772e+00 2.373402e-03 2.852587e-04 9.999971e-01 7.091426e+01
9.999866e-01 -1.254709e-04 5.180677e-03 6.414554e+01 1.242068e-04 1.000000e+00 2.440499e-04 -4.234852e+00 -5.180807e-03 -2.434016e-04 9.999866e-01 7.118388e+01
9.999991e-01 2.114515e-04 -1.295926e-03 6.490598e+01 -2.118752e-04 9.999999e-01 -3.278600e-04 -4.269967e+00 1.295956e-03 3.281328e-04 9.999991e-01 7.149149e+01
9.999647e-01 -3.208122e-05 8.403578e-03 6.551943e+01 3.057923e-05 1.000000e+00 1.786922e-04 -4.304940e+00 -8.403683e-03 -1.784274e-04 9.999647e-01 7.200257e+01
9.999649e-01 6.703171e-05 -8.374844e-03 6.611894e+01 -6.849434e-05 1.000000e+00 -1.745274e-04 -4.334089e+00 8.374932e-03 1.750934e-04 9.999649e-01 7.227207e+01
9.999600e-01 -1.323663e-05 8.952646e-03 6.669379e+01 1.183735e-05 1.000000e+00 1.561926e-04 -4.362819e+00 -8.952748e-03 -1.560788e-04 9.999600e-01 7.255790e+01
9.999955e-01 2.393845e-04 2.973556e-03 6.712165e+01 -2.379577e-04 9.999999e-01 -4.797077e-04 -4.392022e+00 -2.973570e-03 4.789965e-04 9.999954e-01 7.307985e+01
9.999669e-01 -8.130158e-06 8.147308e-03 6.752925e+01 6.596176e-06 1.000000e+00 1.881302e-04 -4.421177e+00 -8.147409e-03 -1.880687e-04 9.999668e-01 7.363027e+01
9.999912e-01 1.317268e-04 -4.189096e-03 6.788207e+01 -1.329452e-04 9.999999e-01 -2.908983e-04 -4.447318e+00 4.189157e-03 2.914512e-04 9.999911e-01 7.411576e+01
9.999827e-01 -8.567936e-05 5.884690e-03 6.870215e+01 8.422376e-05 1.000000e+00 2.473536e-04 -4.481242e+00 -5.884810e-03 -2.468521e-04 9.999827e-01 7.428409e+01
9.999991e-01 1.773564e-04 -1.277195e-03 6.972198e+01 -1.778063e-04 9.999999e-01 -3.532390e-04 -4.521226e+00 1.277233e-03 3.534643e-04 9.999991e-01 7.443880e+01
9.999888e-01 -8.351240e-05 4.748760e-03 7.059307e+01 8.212408e-05 1.000000e+00 2.922407e-04 -4.558870e+00 -4.748884e-03 -2.918459e-04 9.999887e-01 7.470247e+01
9.999968e-01 1.675285e-04 -2.486243e-03 7.124277e+01 -1.683112e-04 9.999999e-01 -3.151879e-04 -4.592562e+00 2.486289e-03 3.156039e-04 9.999968e-01 7.509971e+01
9.999860e-01 -8.464690e-05 5.301421e-03 7.204205e+01 8.321864e-05 1.000000e+00 2.693557e-04 -4.628642e+00 -5.301544e-03 -2.689092e-04 9.999860e-01 7.539273e+01
9.999939e-01 1.212712e-04 -3.488531e-03 7.291463e+01 -1.222837e-04 1.000000e+00 -2.904364e-04 -4.665817e+00 3.488595e-03 2.908597e-04 9.999938e-01 7.563054e+01
9.999783e-01 -5.840913e-06 6.592567e-03 7.349255e+01 4.149506e-06 1.000000e+00 2.563551e-04 -4.699123e+00 -6.592668e-03 -2.563207e-04 9.999783e-01 7.611598e+01
9.999867e-01 8.748580e-05 -5.149150e-03 7.400525e+01 -8.875974e-05 1.000000e+00 -2.474603e-04 -4.730644e+00 5.149228e-03 2.479125e-04 9.999867e-01 7.661249e+01
9.999876e-01 -5.648326e-05 4.992699e-03 7.461263e+01 5.499567e-05 1.000000e+00 2.977988e-04 -4.762750e+00 -4.992816e-03 -2.975190e-04 9.999875e-01 7.700110e+01
9.999849e-01 1.114670e-04 -5.493566e-03 7.505160e+01 -1.127346e-04 1.000000e+00 -2.306959e-04 -4.793167e+00 5.493640e-03 2.313103e-04 9.999848e-01 7.755380e+01
9.999684e-01 4.553251e-06 7.956375e-03 7.555297e+01 -6.532531e-06 1.000000e+00 2.485598e-04 -4.828143e+00 -7.956473e-03 -2.486024e-04 9.999684e-01 7.821805e+01
9.999632e-01 6.941561e-05 -8.578649e-03 7.592217e+01 -7.093080e-05 1.000000e+00 -1.764854e-04 -4.857377e+00 8.578736e-03 1.770860e-04 9.999631e-01 7.881444e+01
1.000000e+00 -5.773203e-05 -4.025158e-04 7.619710e+01 5.790416e-05 9.999999e-01 4.311874e-04 -4.882459e+00 4.023911e-04 -4.312092e-04 9.999999e-01 7.936677e+01
9.999855e-01 5.869389e-05 -5.371236e-03 7.652305e+01 -6.003587e-05 1.000000e+00 -2.499410e-04 -4.908470e+00 5.371321e-03 2.502584e-04 9.999855e-01 7.988846e+01
9.999389e-01 1.071682e-04 1.105760e-02 7.673712e+01 -1.084015e-04 1.000000e+00 1.108016e-04 -4.933420e+00 -1.105769e-02 -1.119921e-04 9.999389e-01 8.052399e+01
9.999887e-01 7.694847e-05 -4.749380e-03 7.698914e+01 -7.809254e-05 1.000000e+00 -2.409956e-04 -4.961016e+00 4.749461e-03 2.413623e-04 9.999886e-01 8.122385e+01
9.999640e-01 5.639499e-05 8.491530e-03 7.726044e+01 -5.773048e-05 1.000000e+00 1.568632e-04 -4.986574e+00 -8.491621e-03 -1.573463e-04 9.999640e-01 8.180900e+01
9.999986e-01 1.360998e-04 -1.647701e-03 7.752973e+01 -1.366049e-04 9.999999e-01 -3.073250e-04 -5.014471e+00 1.647759e-03 3.075483e-04 9.999985e-01 8.249734e+01
1.000000e+00 -8.775741e-05 3.130541e-04 7.766198e+01 8.764027e-05 9.999999e-01 3.696586e-04 -5.036687e+00 -3.131864e-04 -3.696297e-04 9.999999e-01 8.312141e+01
9.999976e-01 1.714004e-04 -2.182128e-03 7.765478e+01 -1.720249e-04 9.999999e-01 -2.866277e-04 -5.057262e+00 2.182178e-03 2.870009e-04 9.999975e-01 8.385789e+01
9.999855e-01 -4.366494e-06 5.400317e-03 7.767717e+01 2.956911e-06 1.000000e+00 2.607693e-04 -5.080905e+00 -5.400418e-03 -2.607481e-04 9.999854e-01 8.468857e+01
9.999667e-01 1.264997e-04 -8.156573e-03 7.766022e+01 -1.274444e-04 1.000000e+00 -1.154582e-04 -5.104102e+00 8.156659e-03 1.164925e-04 9.999667e-01 8.554597e+01
9.999811e-01 -9.354659e-06 6.149953e-03 7.762836e+01 7.904212e-06 1.000000e+00 2.356499e-04 -5.126391e+00 -6.150055e-03 -2.355955e-04 9.999811e-01 8.639202e+01
9.999415e-01 1.038376e-04 -1.081347e-02 7.755913e+01 -1.051135e-04 1.000000e+00 -1.175472e-04 -5.142531e+00 1.081355e-02 1.186756e-04 9.999415e-01 8.700034e+01
9.999951e-01 -2.267076e-05 3.137080e-03 7.759601e+01 2.172593e-05 1.000000e+00 3.007912e-04 -5.160818e+00 -3.137186e-03 -3.007202e-04 9.999951e-01 8.757537e+01
9.999327e-01 9.905432e-05 -1.159510e-02 7.765378e+01 -1.001203e-04 1.000000e+00 -9.146693e-05 -5.180201e+00 1.159519e-02 9.262034e-05 9.999327e-01 8.817055e+01
9.999958e-01 -4.104192e-05 2.903549e-03 7.778982e+01 4.012375e-05 9.999999e-01 3.158336e-04 -5.201212e+00 -2.903661e-03 -3.157145e-04 9.999958e-01 8.873527e+01
9.999714e-01 6.903749e-05 -7.557335e-03 7.791357e+01 -7.072452e-05 1.000000e+00 -2.231312e-04 -5.219523e+00 7.557419e-03 2.236580e-04 9.999714e-01 8.919991e+01
9.999977e-01 -2.410672e-05 2.183984e-03 7.798974e+01 2.332157e-05 9.999999e-01 3.589458e-04 -5.239306e+00 -2.184092e-03 -3.588926e-04 9.999976e-01 8.978799e+01
9.999495e-01 4.454458e-05 -1.004622e-02 7.827189e+01 -4.592856e-05 1.000000e+00 -1.376539e-04 -5.263613e+00 1.004632e-02 1.381071e-04 9.999495e-01 9.029655e+01
9.999966e-01 -2.462499e-05 -2.625111e-03 7.869161e+01 2.586203e-05 9.999999e-01 4.716722e-04 -5.287545e+00 2.625000e-03 -4.717372e-04 9.999965e-01 9.060484e+01
9.999074e-01 1.012754e-04 -1.360253e-02 7.907545e+01 -1.021051e-04 1.000000e+00 -6.038927e-05 -5.309968e+00 1.360262e-02 6.177128e-05 9.999074e-01 9.091375e+01
9.999967e-01 -9.191480e-05 2.571495e-03 7.948981e+01 9.111978e-05 9.999999e-01 3.088259e-04 -5.331490e+00 -2.571622e-03 -3.085892e-04 9.999967e-01 9.113055e+01
9.999608e-01 7.449970e-05 -8.854664e-03 7.994161e+01 -7.648930e-05 1.000000e+00 -2.244872e-04 -5.350896e+00 8.854746e-03 2.251544e-04 9.999607e-01 9.120077e+01
9.999835e-01 -7.273222e-05 5.757358e-03 8.038777e+01 7.110719e-05 1.000000e+00 2.822555e-04 -5.374573e+00 -5.757478e-03 -2.818401e-04 9.999834e-01 9.145091e+01
9.999677e-01 8.916015e-05 -8.029471e-03 8.085576e+01 -9.090528e-05 1.000000e+00 -2.171178e-04 -5.401120e+00 8.029551e-03 2.178394e-04 9.999677e-01 9.179374e+01
9.999882e-01 -9.690973e-05 4.874095e-03 8.140457e+01 9.533541e-05 9.999999e-01 3.229925e-04 -5.429987e+00 -4.874225e-03 -3.225227e-04 9.999881e-01 9.212357e+01
9.999670e-01 5.575938e-05 -8.122907e-03 8.204662e+01 -5.748313e-05 1.000000e+00 -2.121141e-04 -5.460056e+00 8.122994e-03 2.125727e-04 9.999669e-01 9.237686e+01
9.999907e-01 -1.234598e-04 4.311645e-03 8.282532e+01 1.219897e-04 9.999999e-01 3.409599e-04 -5.492641e+00 -4.311786e-03 -3.404295e-04 9.999907e-01 9.254615e+01
9.999829e-01 8.817339e-05 -5.839572e-03 8.369908e+01 -8.971509e-05 1.000000e+00 -2.639379e-04 -5.528378e+00 5.839648e-03 2.644561e-04 9.999829e-01 9.272286e+01
9.999909e-01 -1.636348e-04 4.280368e-03 8.484569e+01 1.619562e-04 9.999999e-01 3.922433e-04 -5.572395e+00 -4.280531e-03 -3.915452e-04 9.999908e-01 9.288114e+01
9.999955e-01 1.434138e-04 -2.968842e-03 8.631977e+01 -1.442461e-04 1.000000e+00 -2.805077e-04 -5.627598e+00 2.968901e-03 2.809335e-04 9.999955e-01 9.307119e+01
9.999808e-01 -1.124555e-04 6.198603e-03 8.796942e+01 1.102168e-04 9.999999e-01 3.613276e-04 -5.687339e+00 -6.198742e-03 -3.606362e-04 9.999808e-01 9.321627e+01
9.999922e-01 1.099293e-04 -3.934492e-03 8.959943e+01 -1.109410e-04 1.000000e+00 -2.572161e-04 -5.746297e+00 3.934563e-03 2.576494e-04 9.999922e-01 9.335115e+01
9.999932e-01 -1.910968e-04 3.701425e-03 9.093437e+01 1.896604e-04 9.999999e-01 3.881079e-04 -5.795776e+00 -3.701598e-03 -3.874019e-04 9.999931e-01 9.349280e+01
9.999590e-01 5.301465e-05 -9.051236e-03 9.162905e+01 -5.511723e-05 1.000000e+00 -2.321694e-04 -5.826522e+00 9.051322e-03 2.326575e-04 9.999590e-01 9.370252e+01
9.999821e-01 -2.799719e-04 5.986463e-03 9.305170e+01 2.772628e-04 9.999999e-01 4.531755e-04 -5.878551e+00 -5.986688e-03 -4.515063e-04 9.999820e-01 9.385955e+01
9.999995e-01 3.681005e-04 8.805507e-04 9.526524e+01 -3.678035e-04 9.999999e-01 -3.361660e-04 -5.954852e+00 -8.805755e-04 3.358408e-04 9.999995e-01 9.397191e+01
9.999990e-01 -3.893128e-04 1.358369e-03 9.664250e+01 3.887840e-04 9.999998e-01 3.887294e-04 -6.002355e+00 -1.358619e-03 -3.881996e-04 9.999991e-01 9.398925e+01
9.999997e-01 3.208375e-04 -6.186387e-04 9.770045e+01 -3.210638e-04 9.999999e-01 -3.674218e-04 -6.038594e+00 6.186196e-04 3.676191e-04 9.999997e-01 9.397062e+01
9.999992e-01 -4.451892e-04 1.204302e-03 9.944092e+01 4.445091e-04 9.999997e-01 5.640126e-04 -6.099171e+00 -1.204651e-03 -5.634755e-04 9.999992e-01 9.406794e+01
9.999982e-01 2.521027e-04 -1.849479e-03 1.014410e+02 -2.526030e-04 9.999999e-01 -2.708739e-04 -6.168736e+00 1.849510e-03 2.713394e-04 9.999982e-01 9.419576e+01
9.999999e-01 -5.133479e-04 2.976799e-05 1.035872e+02 5.133281e-04 9.999997e-01 6.253263e-04 -6.242186e+00 -3.018790e-05 -6.253097e-04 9.999999e-01 9.429524e+01
9.999972e-01 2.056391e-04 -2.332425e-03 1.058657e+02 -2.062041e-04 9.999999e-01 -2.424693e-04 -6.318014e+00 2.332474e-03 2.429484e-04 9.999972e-01 9.432001e+01
9.999995e-01 -5.681800e-04 -9.211620e-04 1.081597e+02 5.687558e-04 9.999996e-01 6.261282e-04 -6.392897e+00 9.207071e-04 -6.266505e-04 9.999994e-01 9.428188e+01
9.999959e-01 1.979653e-04 -2.853203e-03 1.105320e+02 -1.985378e-04 1.000000e+00 -2.007253e-04 -6.472338e+00 2.853262e-03 2.012897e-04 9.999959e-01 9.432622e+01
9.999997e-01 -5.517673e-04 -5.565144e-04 1.129854e+02 5.521248e-04 9.999996e-01 6.444090e-04 -6.554985e+00 5.560599e-04 -6.447148e-04 9.999997e-01 9.439571e+01
9.999993e-01 2.586192e-04 -1.087549e-03 1.156048e+02 -2.588313e-04 9.999999e-01 -1.958331e-04 -6.643628e+00 1.087597e-03 1.961133e-04 9.999993e-01 9.449427e+01
9.999952e-01 -5.529839e-04 -3.052483e-03 1.174085e+02 5.546231e-04 9.999997e-01 5.365257e-04 -6.710191e+00 3.052086e-03 -5.382148e-04 9.999953e-01 9.475512e+01
9.999998e-01 2.582011e-04 -4.522233e-04 1.194293e+02 -2.582714e-04 1.000000e+00 -1.576494e-04 -6.783484e+00 4.522811e-04 1.577650e-04 9.999998e-01 9.501807e+01
9.999999e-01 -4.881669e-04 -6.170291e-05 1.220936e+02 4.882021e-04 9.999997e-01 5.895008e-04 -6.875228e+00 6.131657e-05 -5.895297e-04 9.999999e-01 9.517824e+01
9.999993e-01 2.304148e-04 -1.150331e-03 1.248173e+02 -2.305477e-04 1.000000e+00 -1.162917e-04 -6.969551e+00 1.150403e-03 1.165557e-04 9.999993e-01 9.536505e+01
9.999999e-01 -5.161568e-04 1.276996e-04 1.278302e+02 5.160754e-04 9.999997e-01 6.285273e-04 -7.071023e+00 -1.281225e-04 -6.284601e-04 9.999999e-01 9.546181e+01
9.999994e-01 2.317171e-04 -1.057765e-03 1.307676e+02 -2.318656e-04 1.000000e+00 -1.412088e-04 -7.169041e+00 1.057831e-03 1.414529e-04 9.999994e-01 9.551411e+01
9.999992e-01 -5.108214e-04 -1.202041e-03 1.331788e+02 5.115050e-04 9.999997e-01 5.692865e-04 -7.251812e+00 1.201652e-03 -5.698997e-04 9.999992e-01 9.563539e+01
9.999894e-01 1.242192e-04 -4.596148e-03 1.353111e+02 -1.249185e-04 1.000000e+00 -1.520672e-04 -7.325689e+00 4.596228e-03 1.526386e-04 9.999894e-01 9.574549e+01
9.999998e-01 -4.515830e-04 4.533127e-04 1.373112e+02 4.513460e-04 9.999998e-01 5.205663e-04 -7.396854e+00 -4.536460e-04 -5.203605e-04 9.999998e-01 9.593913e+01
9.999991e-01 2.425043e-04 -1.316151e-03 1.395369e+02 -2.427323e-04 1.000000e+00 -1.738209e-04 -7.474051e+00 1.316207e-03 1.741391e-04 9.999991e-01 9.607639e+01
9.999965e-01 -5.564264e-04 -2.585891e-03 1.415337e+02 5.578200e-04 9.999997e-01 5.385835e-04 -7.544435e+00 2.585492e-03 -5.400230e-04 9.999966e-01 9.623983e+01
9.999985e-01 1.980403e-04 -1.675264e-03 1.437211e+02 -1.982713e-04 1.000000e+00 -1.382561e-04 -7.619970e+00 1.675334e-03 1.385870e-04 9.999985e-01 9.636821e+01
9.999999e-01 -4.516390e-04 3.796745e-04 1.460407e+02 4.514430e-04 9.999998e-01 5.137139e-04 -7.698995e+00 -3.800045e-04 -5.135413e-04 9.999999e-01 9.646625e+01
9.999986e-01 1.845736e-04 -1.664289e-03 1.485996e+02 -1.847173e-04 1.000000e+00 -8.671397e-05 -7.785655e+00 1.664371e-03 8.702021e-05 9.999986e-01 9.656048e+01
9.999999e-01 -5.014274e-04 -2.899708e-04 1.514927e+02 5.016020e-04 9.999997e-01 6.054467e-04 -7.883676e+00 2.895691e-04 -6.055909e-04 9.999998e-01 9.667907e+01
9.999957e-01 1.746450e-04 -2.900467e-03 1.540542e+02 -1.749688e-04 1.000000e+00 -1.117066e-04 -7.973074e+00 2.900545e-03 1.122126e-04 9.999957e-01 9.688273e+01
9.999998e-01 -5.185169e-04 -4.926940e-04 1.567318e+02 5.188269e-04 9.999997e-01 6.310349e-04 -8.065869e+00 4.922688e-04 -6.312893e-04 9.999997e-01 9.706973e+01
9.999982e-01 2.027797e-04 -1.882546e-03 1.595201e+02 -2.029886e-04 1.000000e+00 -1.112040e-04 -8.162141e+00 1.882622e-03 1.115849e-04 9.999982e-01 9.725792e+01
9.999973e-01 -5.118651e-04 -2.263037e-03 1.615083e+02 5.129813e-04 9.999997e-01 4.930546e-04 -8.234722e+00 2.262687e-03 -4.942131e-04 9.999974e-01 9.752359e+01
9.999955e-01 2.554435e-04 -2.959731e-03 1.630475e+02 -2.558952e-04 1.000000e+00 -1.525191e-04 -8.295307e+00 2.959790e-03 1.532748e-04 9.999955e-01 9.787609e+01
9.999990e-01 -5.717461e-04 -1.356662e-03 1.650528e+02 5.724614e-04 9.999997e-01 5.275338e-04 -8.366867e+00 1.356263e-03 -5.283089e-04 9.999990e-01 9.806985e+01
9.999987e-01 2.903896e-04 -1.530592e-03 1.670517e+02 -2.906682e-04 9.999999e-01 -1.823317e-04 -8.436758e+00 1.530636e-03 1.827754e-04 9.999988e-01 9.821112e+01
9.999993e-01 -5.693625e-04 -1.030662e-03 1.690599e+02 5.698968e-04 9.999997e-01 5.189857e-04 -8.505825e+00 1.030268e-03 -5.195717e-04 9.999994e-01 9.831232e+01
9.999986e-01 2.770719e-04 -1.636820e-03 1.708218e+02 -2.774772e-04 9.999999e-01 -2.478694e-04 -8.566003e+00 1.636849e-03 2.483223e-04 9.999986e-01 9.838624e+01
9.999998e-01 -5.384853e-04 -3.991947e-04 1.725146e+02 5.386801e-04 9.999997e-01 4.901000e-04 -8.623399e+00 3.988334e-04 -4.903140e-04 9.999999e-01 9.843623e+01
9.999976e-01 2.273546e-04 -2.168924e-03 1.744812e+02 -2.277569e-04 1.000000e+00 -1.855726e-04 -8.688238e+00 2.168979e-03 1.860652e-04 9.999976e-01 9.842869e+01
9.999999e-01 -5.404247e-04 1.552098e-04 1.767041e+02 5.403411e-04 9.999997e-01 5.332225e-04 -8.760477e+00 -1.555951e-04 -5.331376e-04 9.999999e-01 9.838716e+01
9.999869e-01 1.510034e-04 -5.099385e-03 1.787997e+02 -1.518267e-04 1.000000e+00 -1.612262e-04 -8.829590e+00 5.099457e-03 1.619974e-04 9.999869e-01 9.836026e+01
9.999998e-01 -5.169806e-04 -4.884176e-04 1.806195e+02 5.172177e-04 9.999997e-01 4.870907e-04 -8.891268e+00 4.880687e-04 -4.873422e-04 9.999998e-01 9.837544e+01
9.999962e-01 1.822743e-04 -2.754168e-03 1.826705e+02 -1.826862e-04 1.000000e+00 -1.495629e-04 -8.959545e+00 2.754237e-03 1.500645e-04 9.999961e-01 9.839094e+01
