9.999940e-01 -3.092312e-05 -3.464256e-03 5.752624e-01 3.145712e-05 1.000000e+00 1.540984e-04 -3.167029e-02 3.464252e-03 -1.542070e-04 9.999941e-01 4.174607e-01
1.000000e+00 -4.663123e-05 2.352141e-04 1.511634e+00 4.659348e-05 1.000000e+00 1.606108e-04 -8.257555e-02 -2.352222e-04 -1.605993e-04 9.999999e-01 1.155406e+00
9.999974e-01 -7.491331e-07 -2.282934e-03 2.373321e+00 1.022342e-06 1.000000e+00 1.196818e-04 -1.320078e-01 2.282934e-03 -1.196844e-04 9.999975e-01 1.936269e+00
9.999993e-01 -2.435451e-05 1.174406e-03 3.308835e+00 2.423346e-05 1.000000e+00 1.031051e-04 -1.798784e-01 -1.174409e-03 -1.030760e-04 9.999992e-01 2.541695e+00
9.999525e-01 1.369917e-06 -9.751329e-03 4.001369e+00 5.860434e-07 1.000000e+00 2.005833e-04 -2.153056e-01 9.751331e-03 -2.005801e-04 9.999525e-01 2.951047e+00
9.999963e-01 -6.300711e-05 2.709167e-03 4.661464e+00 6.299887e-05 1.000000e+00 3.137279e-06 -2.463605e-01 -2.709169e-03 -2.965966e-06 9.999962e-01 3.217674e+00
9.999495e-01 -3.058093e-05 -1.005185e-02 5.345306e+00 3.230808e-05 1.000000e+00 1.716634e-04 -2.762329e-01 1.005185e-02 -1.719801e-04 9.999496e-01 3.394641e+00
9.999954e-01 7.162012e-05 -3.021560e-03 5.485781e+00 -7.140153e-05 1.000000e+00 7.243985e-05 -2.922222e-01 3.021561e-03 -7.222311e-05 9.999953e-01 3.733431e+00
9.999721e-01 -3.242435e-05 -7.470481e-03 5.634642e+00 3.392238e-05 1.000000e+00 2.004051e-04 -3.145272e-01 7.470480e-03 -2.006536e-04 9.999722e-01 4.320958e+00
9.999775e-01 1.469021e-04 -6.704033e-03 5.794725e+00 -1.458118e-04 1.000000e+00 1.631159e-04 -3.350296e-01 6.704050e-03 -1.621340e-04 9.999774e-01 4.842995e+00
9.999974e-01 -1.500888e-04 2.294066e-03 6.251591e+00 1.502464e-04 1.000000e+00 -6.853923e-05 -3.591836e-01 -2.294048e-03 6.888299e-05 9.999975e-01 5.101518e+00
9.999980e-01 1.702856e-04 -1.988493e-03 6.856090e+00 -1.702262e-04 1.000000e+00 3.004010e-05 -3.855760e-01 1.988490e-03 -2.970081e-05 9.999979e-01 5.247236e+00
9.999951e-01 -2.098918e-04 -3.113010e-03 7.175027e+00 2.100517e-04 1.000000e+00 5.102789e-05 -4.061795e-01 3.113007e-03 -5.168228e-05 9.999953e-01 5.532605e+00
9.999595e-01 2.771483e-04 -8.992898e-03 7.166871e+00 -2.754345e-04 9.999999e-01 1.918022e-04 -4.205645e-01 8.992941e-03 -1.893167e-04 9.999594e-01 5.981234e+00
9.999279e-01 -1.135923e-04 -1.200772e-02 7.323089e+00 1.175297e-04 9.999999e-01 3.272114e-04 -4.398234e-01 1.200769e-02 -3.285999e-04 9.999280e-01 6.438836e+00
9.999627e-01 2.371468e-04 -8.637149e-03 7.649666e+00 -2.362488e-04 1.000000e+00 1.049728e-04 -4.569821e-01 8.637161e-03 -1.029275e-04 9.999626e-01 6.605528e+00
9.998514e-01 -7.102226e-05 -1.724108e-02 7.902807e+00 7.852535e-05 9.999999e-01 4.345150e-04 -4.698355e-01 1.724106e-02 -4.358052e-04 9.998514e-01 6.694017e+00
9.999923e-01 1.731827e-04 -3.908532e-03 8.099308e+00 -1.734396e-04 1.000000e+00 -6.542041e-05 -4.789217e-01 3.908503e-03 6.609875e-05 9.999923e-01 6.682935e+00
9.998965e-01 -9.705764e-05 -1.438339e-02 8.390416e+00 1.026340e-04 9.999999e-01 3.869640e-04 -4.890758e-01 1.438337e-02 -3.884011e-04 9.998966e-01 6.601753e+00
9.999534e-01 2.436098e-04 -9.647562e-03 8.772155e+00 -2.425345e-04 1.000000e+00 1.126224e-04 -5.029868e-01 9.647567e-03 -1.102763e-04 9.999534e-01 6.576740e+00
9.999953e-01 -2.285112e-04 -3.069657e-03 9.168256e+00 2.287490e-04 1.000000e+00 7.715982e-05 -5.180740e-01 3.069663e-03 -7.786268e-05 9.999954e-01 6.561368e+00
9.998576e-01 3.747360e-04 -1.687395e-02 9.297999e+00 -3.702018e-04 9.999999e-01 2.718248e-04 -5.257646e-01 1.687402e-02 -2.655383e-04 9.998575e-01 6.589985e+00
9.999803e-01 -2.231583e-04 -6.275762e-03 9.454112e+00 2.240545e-04 1.000000e+00 1.421299e-04 -5.340653e-01 6.275757e-03 -1.435343e-04 9.999804e-01 6.613064e+00
9.998933e-01 2.851062e-04 -1.460552e-02 9.737691e+00 -2.811998e-04 9.999999e-01 2.694976e-04 -5.494656e-01 1.460557e-02 -2.653607e-04 9.998932e-01 6.739922e+00
9.999951e-01 -1.943501e-04 -3.138836e-03 1.001479e+01 1.948124e-04 1.000000e+00 1.470463e-04 -5.705888e-01 3.138838e-03 -1.476582e-04 9.999952e-01 7.129161e+00
9.999619e-01 1.815581e-04 -8.729343e-03 1.028199e+01 -1.808139e-04 1.000000e+00 8.602182e-05 -5.894301e-01 8.729326e-03 -8.443895e-05 9.999618e-01 7.405754e+00
9.999311e-01 -1.248469e-04 -1.173676e-02 1.049561e+01 1.288098e-04 9.999999e-01 3.369165e-04 -6.057074e-01 1.173676e-02 -3.384063e-04 9.999312e-01 7.646425e+00
9.999981e-01 7.544800e-05 -1.967422e-03 1.089987e+01 -7.578816e-05 1.000000e+00 -1.729472e-04 -6.196852e-01 1.967373e-03 1.730973e-04 9.999980e-01 7.553917e+00
9.999984e-01 -2.747229e-04 -1.742083e-03 1.133591e+01 2.747524e-04 1.000000e+00 1.686508e-05 -6.238409e-01 1.742114e-03 -1.734495e-05 9.999986e-01 6.969770e+00
9.999990e-01 -7.991893e-05 1.389102e-03 1.088751e+01 8.046448e-05 9.999999e-01 -3.925038e-04 -5.884296e-01 -1.389107e-03 3.926164e-04 9.999989e-01 5.689385e+00
9.999991e-01 -4.491258e-04 -1.266733e-03 1.011723e+01 4.490045e-04 9.999999e-01 -9.584689e-05 -5.312377e-01 1.266812e-03 9.527685e-05 9.999993e-01 3.805636e+00
9.999993e-01 -1.127396e-04 1.201275e-03 9.287402e+00 1.132345e-04 9.999999e-01 -4.117534e-04 -4.694597e-01 -1.201265e-03 4.118903e-04 9.999991e-01 1.781634e+00
9.999869e-01 -7.753708e-05 -5.128393e-03 9.423951e+00 7.870048e-05 1.000000e+00 2.266957e-04 -4.621273e-01 5.128412e-03 -2.270975e-04 9.999869e-01 1.069211e+00
9.999854e-01 -3.713220e-04 5.395988e-03 8.716510e+00 3.748711e-04 9.999997e-01 -6.566897e-04 -4.136226e-01 -5.395779e-03 6.587040e-04 9.999851e-01 -4.919462e-01
9.999869e-01 -8.995126e-05 -5.114064e-03 7.965100e+00 9.111816e-05 1.000000e+00 2.279840e-04 -3.636087e-01 5.114079e-03 -2.284480e-04 9.999870e-01 -2.067794e+00
9.999851e-01 -4.574880e-04 5.447563e-03 7.028933e+00 4.613283e-04 9.999996e-01 -7.036896e-04 -3.030709e-01 -5.447275e-03 7.061932e-04 9.999848e-01 -3.899120e+00
9.999843e-01 -1.240328e-04 -5.606044e-03 6.072021e+00 1.252295e-04 1.000000e+00 2.131489e-04 -2.394079e-01 5.606054e-03 -2.138486e-04 9.999844e-01 -5.854266e+00
9.999901e-01 -3.587879e-04 4.427120e-03 5.266781e+00 3.615413e-04 9.999997e-01 -6.211166e-04 -1.878841e-01 -4.426932e-03 6.227120e-04 9.999899e-01 -7.438641e+00
9.999899e-01 -1.216644e-04 -4.501955e-03 4.492426e+00 1.224904e-04 1.000000e+00 1.832363e-04 -1.363431e-01 4.501969e-03 -1.837868e-04 9.999899e-01 -9.057649e+00
9.999879e-01 -4.540751e-04 4.907676e-03 3.532957e+00 4.574160e-04 9.999997e-01 -6.796054e-04 -7.289479e-02 -4.907402e-03 6.818429e-04 9.999876e-01 -1.099648e+01
9.999919e-01 -1.927701e-04 -4.029584e-03 2.406606e+00 1.933790e-04 1.000000e+00 1.507708e-04 -8.034008e-04 4.029591e-03 -1.515496e-04 9.999920e-01 -1.313089e+01
9.999861e-01 -2.920990e-04 5.263352e-03 1.574025e+00 2.953816e-04 9.999998e-01 -6.228522e-04 5.505739e-02 -5.263204e-03 6.243990e-04 9.999859e-01 -1.485929e+01
9.999924e-01 -7.438688e-05 -3.910505e-03 9.578909e-01 7.519687e-05 1.000000e+00 2.070254e-04 9.803364e-02 3.910525e-03 -2.073186e-04 9.999924e-01 -1.624677e+01
9.999860e-01 -3.113089e-04 5.275637e-03 2.724814e-01 3.145771e-04 9.999998e-01 -6.186384e-04 1.423751e-01 -5.275478e-03 6.202901e-04 9.999858e-01 -1.761776e+01
9.999922e-01 -1.231085e-04 -3.960938e-03 -4.778539e-01 1.238106e-04 1.000000e+00 1.770404e-04 1.924759e-01 3.960951e-03 -1.775301e-04 9.999922e-01 -1.917697e+01
9.999897e-01 -3.095939e-04 4.535315e-03 -1.236143e+00 3.123202e-04 9.999998e-01 -6.003858e-04 2.411382e-01 -4.535164e-03 6.017968e-04 9.999894e-01 -2.066879e+01
9.999908e-01 -2.080566e-04 -4.283243e-03 -2.138733e+00 2.086852e-04 1.000000e+00 1.463325e-04 2.982475e-01 4.283248e-03 -1.472257e-04 9.999909e-01 -2.238283e+01
9.999929e-01 -3.432545e-04 3.759321e-03 -3.132292e+00 3.454890e-04 9.999998e-01 -5.937107e-04 3.582154e-01 -3.759152e-03 5.950058e-04 9.999927e-01 -2.413063e+01
9.999763e-01 -5.008976e-05 -6.884972e-03 -3.871387e+00 5.210435e-05 1.000000e+00 2.924449e-04 4.014486e-01 6.884993e-03 -2.927973e-04 9.999764e-01 -2.541016e+01
9.999389e-01 -3.247888e-05 -1.105041e-02 -4.102556e+00 3.107873e-05 1.000000e+00 -1.268900e-04 4.152812e-01 1.105038e-02 1.265394e-04 9.999388e-01 -2.596532e+01
9.998837e-01 6.692170e-05 -1.525097e-02 -4.022158e+00 -5.887441e-05 9.999999e-01 5.281144e-04 4.164222e-01 1.525105e-02 -5.271557e-04 9.998837e-01 -2.630987e+01
9.999447e-01 4.086442e-05 -1.051246e-02 -3.674249e+00 -4.082487e-05 1.000000e+00 3.960742e-06 4.025158e-01 1.051242e-02 -3.530674e-06 9.999446e-01 -2.630719e+01
9.998661e-01 1.100300e-04 -1.636420e-02 -3.250577e+00 -9.920790e-05 9.999998e-01 6.621497e-04 3.803573e-01 1.636432e-02 -6.604383e-04 9.998660e-01 -2.605701e+01
9.999454e-01 4.338452e-05 -1.045234e-02 -2.906491e+00 -4.388016e-05 1.000000e+00 -4.721079e-05 3.632626e-01 1.045229e-02 4.766765e-05 9.999453e-01 -2.591733e+01
9.998003e-01 1.588960e-04 -1.998489e-02 -2.510951e+00 -1.429421e-04 9.999997e-01 7.997364e-04 3.435980e-01 1.998506e-02 -7.967209e-04 9.998001e-01 -2.572292e+01
9.999401e-01 5.801838e-05 -1.094144e-02 -2.112342e+00 -5.832365e-05 1.000000e+00 -2.760608e-05 3.232943e-01 1.094138e-02 2.824348e-05 9.999400e-01 -2.550468e+01
9.997522e-01 1.680585e-04 -2.226131e-02 -1.770867e+00 -1.495956e-04 9.999996e-01 8.310489e-04 3.060117e-01 2.226149e-02 -8.275137e-04 9.997519e-01 -2.533819e+01
9.999365e-01 5.822097e-05 -1.126485e-02 -1.422972e+00 -5.844172e-05 1.000000e+00 -1.929709e-05 2.885983e-01 1.126479e-02 1.995524e-05 9.999365e-01 -2.517752e+01
9.997560e-01 1.657834e-04 -2.209024e-02 -1.018272e+00 -1.466381e-04 9.999996e-01 8.683172e-04 2.680971e-01 2.209044e-02 -8.648671e-04 9.997557e-01 -2.495987e+01
9.998905e-01 1.340520e-04 -1.479811e-02 -6.651057e-01 -1.327447e-04 1.000000e+00 8.929425e-05 2.487211e-01 1.479806e-02 -8.731893e-05 9.998904e-01 -2.471287e+01
9.997789e-01 1.420050e-04 -2.102554e-02 -2.862354e-01 -1.242790e-04 9.999996e-01 8.443973e-04 2.283684e-01 2.102572e-02 -8.415989e-04 9.997787e-01 -2.445599e+01
9.997857e-01 2.097261e-04 -2.069755e-02 9.714099e-02 -2.038293e-04 9.999999e-01 2.869864e-04 2.060896e-01 2.069754e-02 -2.827048e-04 9.997857e-01 -2.411975e+01
9.997681e-01 1.322323e-04 -2.153505e-02 5.315478e-01 -1.135064e-04 9.999996e-01 8.708000e-04 1.815415e-01 2.153523e-02 -8.681551e-04 9.997678e-01 -2.375515e+01
9.997730e-01 2.429829e-04 -2.130250e-02 8.933813e-01 -2.364990e-04 9.999999e-01 3.068601e-04 1.587375e-01 2.130250e-02 -3.017510e-04 9.997729e-01 -2.336909e+01
9.999311e-01 -3.120271e-06 -1.174012e-02 1.314614e+00 9.463912e-06 9.999999e-01 5.403432e-04 1.355702e-01 1.174019e-02 -5.404186e-04 9.999310e-01 -2.305796e+01
9.998503e-01 1.529004e-04 -1.729826e-02 1.759240e+00 -1.493690e-04 1.000000e+00 2.053942e-04 1.123889e-01 1.729821e-02 -2.027781e-04 9.998503e-01 -2.280202e+01
9.996533e-01 2.346552e-04 -2.633169e-02 1.982711e+00 -2.107927e-04 9.999996e-01 9.090309e-04 9.682648e-02 2.633197e-02 -9.031668e-04 9.996529e-01 -2.253333e+01
9.998559e-01 1.562722e-04 -1.697592e-02 2.190305e+00 -1.532127e-04 1.000000e+00 1.814757e-04 8.131377e-02 1.697586e-02 -1.788470e-04 9.998558e-01 -2.225141e+01
9.997969e-01 1.456660e-04 -2.015640e-02 2.407064e+00 -1.313156e-04 9.999997e-01 7.133205e-04 6.629744e-02 2.015659e-02 -7.105304e-04 9.997967e-01 -2.201164e+01
9.998818e-01 1.209430e-04 -1.537207e-02 2.629642e+00 -1.192207e-04 1.000000e+00 1.128865e-04 5.240933e-02 1.537199e-02 -1.110387e-04 9.998818e-01 -2.183388e+01
9.998371e-01 9.233341e-05 -1.805104e-02 2.744746e+00 -8.235575e-05 9.999998e-01 5.535486e-04 4.605524e-02 1.805118e-02 -5.519735e-04 9.998370e-01 -2.184912e+01
9.999130e-01 1.937463e-04 -1.318399e-02 2.786252e+00 -1.921201e-04 1.000000e+00 1.245266e-04 3.922359e-02 1.318392e-02 -1.219811e-04 9.999130e-01 -2.172557e+01
9.999997e-01 7.545939e-05 -8.188335e-04 2.916986e+00 -7.531594e-05 1.000000e+00 1.766366e-04 2.591298e-02 8.189382e-04 -1.765766e-04 9.999997e-01 -2.145874e+01
9.992731e-01 3.562345e-04 -3.811808e-02 2.953445e+00 -3.257238e-04 9.999996e-01 8.066018e-04 1.561851e-02 3.811826e-02 -7.935977e-04 9.992728e-01 -2.117245e+01
9.996157e-01 -1.974649e-04 2.772294e-02 3.044105e+00 2.135855e-04 9.999998e-01 -5.785738e-04 -6.623068e-04 -2.772273e-02 5.842709e-04 9.996155e-01 -2.073247e+01
9.999997e-01 5.977670e-04 -4.534432e-04 3.256805e+00 -5.978932e-04 9.999998e-01 -2.808498e-04 -1.699156e-02 4.531830e-04 2.811225e-04 9.999998e-01 -2.045270e+01
9.995610e-01 -1.464075e-04 2.962935e-02 3.491764e+00 1.642087e-04 9.999998e-01 -5.984014e-04 -3.702734e-02 -2.962916e-02 6.030024e-04 9.995608e-01 -2.003904e+01
9.999988e-01 6.044902e-04 1.430651e-03 3.842712e+00 -6.039775e-04 9.999998e-01 -3.580651e-04 -5.811187e-02 -1.430956e-03 3.572022e-04 9.999988e-01 -1.973803e+01
9.996146e-01 -1.642751e-04 2.776066e-02 4.229635e+00 1.787409e-04 9.999998e-01 -5.186442e-04 -8.019458e-02 -2.776049e-02 5.234047e-04 9.996145e-01 -1.944485e+01
9.999634e-01 4.646215e-04 -8.538589e-03 4.662982e+00 -4.650658e-04 9.999999e-01 -5.015217e-05 -1.068427e-01 8.538477e-03 5.412280e-05 9.999635e-01 -1.903683e+01
9.997303e-01 -2.181456e-04 2.322329e-02 5.103369e+00 2.268516e-04 9.999999e-01 -3.722875e-04 -1.337911e-01 -2.322312e-02 3.774539e-04 9.997303e-01 -1.863107e+01
9.999667e-01 4.857114e-04 -8.145322e-03 5.561392e+00 -4.861062e-04 9.999999e-01 -4.658688e-05 -1.630739e-01 8.145212e-03 5.054621e-05 9.999668e-01 -1.814796e+01
9.998162e-01 -2.697909e-04 1.916996e-02 6.037020e+00 2.747977e-04 9.999999e-01 -2.585900e-04 -1.917931e-01 -1.916980e-02 2.638090e-04 9.998163e-01 -1.772657e+01
9.999407e-01 4.687516e-04 -1.087489e-02 6.485907e+00 -4.681822e-04 9.999999e-01 5.482915e-05 -2.221727e-01 1.087483e-02 -4.973313e-05 9.999408e-01 -1.719104e+01
9.997153e-01 -2.137913e-04 2.386094e-02 6.856754e+00 2.234600e-04 9.999999e-01 -4.025738e-04 -2.496504e-01 -2.386077e-02 4.077898e-04 9.997153e-01 -1.666386e+01
9.997859e-01 3.608223e-04 -2.068746e-02 7.030053e+00 -3.541877e-04 9.999999e-01 3.243367e-04 -2.719697e-01 2.068749e-02 -3.169387e-04 9.997859e-01 -1.609462e+01
9.998662e-01 -3.056160e-04 1.635868e-02 7.167181e+00 3.090183e-04 9.999999e-01 -2.055001e-04 -2.922292e-01 -1.635853e-02 2.105264e-04 9.998662e-01 -1.556972e+01
9.995116e-01 4.436115e-04 -3.124634e-02 7.308451e+00 -4.248275e-04 9.999997e-01 6.077712e-04 -3.115845e-01 3.124651e-02 -5.941988e-04 9.995115e-01 -1.508337e+01
9.999995e-01 -7.967662e-05 -1.034868e-03 7.323267e+00 7.991724e-05 1.000000e+00 2.332521e-04 -3.244554e-01 1.034936e-03 -2.333361e-04 9.999995e-01 -1.467959e+01
9.993118e-01 5.099363e-04 -3.709013e-02 7.398065e+00 -4.829541e-04 9.999996e-01 7.364098e-04 -3.358296e-01 3.709040e-02 -7.179888e-04 9.993116e-01 -1.438879e+01
9.999992e-01 -9.568828e-05 -1.300769e-03 7.524676e+00 9.599775e-05 1.000000e+00 2.385655e-04 -3.481521e-01 1.300837e-03 -2.386916e-04 9.999992e-01 -1.412439e+01
9.994734e-01 4.450891e-04 -3.244500e-02 7.756922e+00 -4.247896e-04 9.999997e-01 6.325206e-04 -3.641742e-01 3.244518e-02 -6.184038e-04 9.994733e-01 -1.384964e+01
9.999994e-01 -9.205602e-05 -1.141417e-03 7.911525e+00 9.230148e-05 1.000000e+00 2.159045e-04 -3.777916e-01 1.141490e-03 -2.160112e-04 9.999994e-01 -1.357784e+01
9.995425e-01 4.205093e-04 -3.024257e-02 8.076394e+00 -4.033745e-04 9.999998e-01 5.726421e-04 -3.921979e-01 3.024271e-02 -5.601795e-04 9.995424e-01 -1.328368e+01
9.999934e-01 -1.493111e-04 3.644009e-03 8.260986e+00 1.488686e-04 1.000000e+00 1.214129e-04 -4.095774e-01 -3.643932e-03 -1.208712e-04 9.999934e-01 -1.290260e+01
9.997741e-01 3.216112e-04 -2.124819e-02 8.420109e+00 -3.147969e-04 9.999999e-01 3.239892e-04 -4.285188e-01 2.124820e-02 -3.172256e-04 9.997741e-01 -1.243193e+01
9.999207e-01 -2.773948e-04 1.259135e-02 8.828089e+00 2.788643e-04 1.000000e+00 -1.150478e-04 -4.520700e-01 -1.259122e-02 1.185484e-04 9.999208e-01 -1.212461e+01
9.998541e-01 2.823171e-04 -1.707892e-02 9.327297e+00 -2.789121e-04 9.999999e-01 2.016855e-04 -4.763039e-01 1.707888e-02 -1.968910e-04 9.998541e-01 -1.192889e+01
9.998916e-01 -2.612193e-04 1.472302e-02 9.681430e+00 2.632837e-04 1.000000e+00 -1.383572e-04 -5.003689e-01 -1.472289e-02 1.422170e-04 9.998917e-01 -1.153485e+01
9.998861e-01 2.936621e-04 -1.508721e-02 1.012258e+01 -2.911140e-04 9.999999e-01 1.710060e-04 -5.277584e-01 1.508717e-02 -1.665929e-04 9.998861e-01 -1.111772e+01
9.998743e-01 -2.508791e-04 1.585615e-02 1.071853e+01 2.536470e-04 1.000000e+00 -1.726321e-04 -5.578986e-01 -1.585601e-02 1.766307e-04 9.998743e-01 -1.079736e+01
9.998632e-01 2.725501e-04 -1.653863e-02 1.120823e+01 -2.688396e-04 9.999999e-01 2.265062e-04 -5.870477e-01 1.653859e-02 -2.220274e-04 9.998631e-01 -1.037269e+01
9.998622e-01 -2.377792e-04 1.660003e-02 1.178339e+01 2.409483e-04 1.000000e+00 -1.889802e-04 -6.181561e-01 -1.659989e-02 1.929524e-04 9.998623e-01 -9.983580e+00
9.998569e-01 2.490384e-04 -1.691457e-02 1.241344e+01 -2.454131e-04 9.999999e-01 2.163351e-04 -6.485444e-01 1.691452e-02 -2.121515e-04 9.998569e-01 -9.704191e+00
9.998659e-01 -2.354686e-04 1.637419e-02 1.299245e+01 2.382781e-04 1.000000e+00 -1.697044e-04 -6.787349e-01 -1.637405e-02 1.735816e-04 9.998660e-01 -9.362205e+00
9.998733e-01 2.690705e-04 -1.591164e-02 1.355807e+01 -2.664210e-04 1.000000e+00 1.685615e-04 -7.075881e-01 1.591159e-02 -1.642994e-04 9.998733e-01 -9.056134e+00
9.998666e-01 -2.365401e-04 1.633604e-02 1.412596e+01 2.392225e-04 1.000000e+00 -1.623258e-04 -7.368026e-01 -1.633591e-02 1.662106e-04 9.998666e-01 -8.737067e+00
9.998772e-01 3.118048e-04 -1.566891e-02 1.445086e+01 -3.093221e-04 9.999999e-01 1.607956e-04 -7.617309e-01 1.566886e-02 -1.559276e-04 9.998772e-01 -8.262615e+00
9.998573e-01 -2.313195e-04 1.689113e-02 1.481730e+01 2.344590e-04 1.000000e+00 -1.839624e-04 -7.869647e-01 -1.689099e-02 1.878949e-04 9.998574e-01 -7.830666e+00
9.998916e-01 3.411132e-04 -1.471494e-02 1.529423e+01 -3.383974e-04 9.999999e-01 1.869703e-04 -8.186063e-01 1.471490e-02 -1.819690e-04 9.998916e-01 -7.277205e+00
9.998708e-01 -2.701938e-04 1.607627e-02 1.587543e+01 2.729312e-04 9.999999e-01 -1.681547e-04 -8.508053e-01 -1.607613e-02 1.725192e-04 9.998708e-01 -6.847309e+00
9.998752e-01 2.880081e-04 -1.579402e-02 1.656121e+01 -2.851916e-04 9.999999e-01 1.805111e-04 -8.825359e-01 1.579397e-02 -1.759827e-04 9.998752e-01 -6.587960e+00
9.998098e-01 -1.726885e-04 1.950312e-02 1.717325e+01 1.777685e-04 1.000000e+00 -2.587976e-04 -9.138667e-01 -1.950298e-02 2.622139e-04 9.998098e-01 -6.238059e+00
9.998595e-01 2.683703e-04 -1.675978e-02 1.775269e+01 -2.646586e-04 9.999999e-01 2.236191e-04 -9.457017e-01 1.675975e-02 -2.191505e-04 9.998595e-01 -5.821388e+00
9.997919e-01 -1.183279e-04 2.040204e-02 1.819367e+01 1.235222e-04 1.000000e+00 -2.533950e-04 -9.772398e-01 -2.040192e-02 2.558608e-04 9.997919e-01 -5.219943e+00
9.998150e-01 2.072641e-04 -1.923046e-02 1.863924e+01 -2.018718e-04 9.999999e-01 2.822873e-04 -1.007892e+00 1.923042e-02 -2.783515e-04 9.998150e-01 -4.666147e+00
9.997709e-01 -9.758190e-05 2.140615e-02 1.910488e+01 1.036136e-04 1.000000e+00 -2.807183e-04 -1.039108e+00 -2.140602e-02 2.828704e-04 9.997709e-01 -4.115083e+00
9.998465e-01 2.168356e-04 -1.751637e-02 1.967136e+01 -2.135553e-04 1.000000e+00 1.890769e-04 -1.069329e+00 1.751631e-02 -1.853056e-04 9.998465e-01 -3.751780e+00
9.997104e-01 -4.063776e-05 2.406819e-02 2.009667e+01 4.898124e-05 9.999999e-01 -3.461181e-04 -1.098183e+00 -2.406808e-02 3.471953e-04 9.997103e-01 -3.245424e+00
9.997399e-01 1.432983e-04 -2.280642e-02 2.039627e+01 -1.355472e-04 9.999999e-01 3.413644e-04 -1.124365e+00 2.280637e-02 -3.381828e-04 9.997398e-01 -2.685690e+00
9.994259e-01 7.860470e-05 3.388185e-02 2.083634e+01 -5.668660e-05 9.999998e-01 -6.478914e-04 -1.152344e+00 -3.388180e-02 6.455973e-04 9.994257e-01 -2.236438e+00
9.995709e-01 6.629658e-05 -2.929190e-02 2.135545e+01 -5.081979e-05 9.999999e-01 5.290736e-04 -1.181418e+00 2.929184e-02 -5.273565e-04 9.995707e-01 -1.857058e+00
9.995284e-01 1.896976e-05 3.070850e-02 2.187130e+01 -2.619454e-06 9.999999e-01 -5.325122e-04 -1.211279e+00 -3.070841e-02 5.321792e-04 9.995283e-01 -1.440160e+00
9.995468e-01 5.852831e-05 -3.010159e-02 2.230226e+01 -4.156014e-05 9.999998e-01 5.642889e-04 -1.240684e+00 3.010152e-02 -5.627807e-04 9.995466e-01 -9.228119e-01
9.994386e-01 9.199414e-05 3.350311e-02 2.275456e+01 -7.262725e-05 9.999998e-01 -5.793116e-04 -1.273801e+00 -3.350307e-02 5.765517e-04 9.994385e-01 -2.724182e-01
9.996789e-01 1.095957e-04 -2.533886e-02 2.340268e+01 -9.945105e-05 9.999999e-01 4.015813e-04 -1.308981e+00 2.533881e-02 -3.989310e-04 9.996788e-01 1.947366e-01
9.996293e-01 6.640623e-06 2.722860e-02 2.382008e+01 3.603874e-06 9.999999e-01 -3.762303e-04 -1.340724e+00 -2.722850e-02 3.761875e-04 9.996292e-01 8.347789e-01
9.997468e-01 1.463989e-04 -2.250139e-02 2.420716e+01 -1.402098e-04 1.000000e+00 2.765903e-04 -1.369289e+00 2.250134e-02 -2.733639e-04 9.997467e-01 1.381033e+00
9.996299e-01 -1.233702e-05 2.720686e-02 2.467641e+01 2.313127e-05 9.999999e-01 -3.964708e-04 -1.397511e+00 -2.720676e-02 3.969520e-04 9.996298e-01 1.798933e+00
9.997272e-01 1.203146e-04 -2.335609e-02 2.529933e+01 -1.135650e-04 1.000000e+00 2.902727e-04 -1.427919e+00 2.335603e-02 -2.875397e-04 9.997271e-01 2.094323e+00
9.997138e-01 -7.878543e-05 2.392601e-02 2.597100e+01 8.490441e-05 1.000000e+00 -2.547727e-04 -1.461577e+00 -2.392590e-02 2.567298e-04 9.997138e-01 2.461186e+00
9.998245e-01 1.965265e-04 -1.872994e-02 2.679940e+01 -1.938003e-04 1.000000e+00 1.473174e-04 -1.498955e+00 1.872987e-02 -1.436603e-04 9.998245e-01 2.771624e+00
9.994981e-01 3.946380e-05 3.167861e-02 2.757786e+01 -2.393540e-05 9.999999e-01 -4.905957e-04 -1.534304e+00 -3.167854e-02 4.895899e-04 9.994981e-01 3.071674e+00
9.998828e-01 2.436172e-04 -1.530550e-02 2.817353e+01 -2.429099e-04 1.000000e+00 4.801164e-05 -1.566700e+00 1.530542e-02 -4.428684e-05 9.998828e-01 3.498545e+00
9.996456e-01 -2.548673e-05 2.662120e-02 2.886893e+01 3.474574e-05 9.999999e-01 -3.473777e-04 -1.599732e+00 -2.662110e-02 3.481782e-04 9.996456e-01 3.813738e+00
9.997341e-01 1.282691e-04 -2.305932e-02 2.950141e+01 -1.225289e-04 1.000000e+00 2.503115e-04 -1.630220e+00 2.305926e-02 -2.474182e-04 9.997340e-01 4.100170e+00
9.996239e-01 4.265896e-06 2.742455e-02 3.006002e+01 5.020006e-06 9.999999e-01 -3.385617e-04 -1.661644e+00 -2.742446e-02 3.385708e-04 9.996239e-01 4.534301e+00
9.998137e-01 1.853698e-04 -1.930072e-02 3.068603e+01 -1.824327e-04 1.000000e+00 1.538968e-04 -1.696227e+00 1.930066e-02 -1.503458e-04 9.998136e-01 5.013317e+00
9.997023e-01 -5.132823e-05 2.440085e-02 3.151529e+01 5.727366e-05 1.000000e+00 -2.429931e-04 -1.734601e+00 -2.440074e-02 2.443170e-04 9.997023e-01 5.370518e+00
9.997624e-01 1.475037e-04 -2.179460e-02 3.225714e+01 -1.421018e-04 1.000000e+00 2.493674e-04 -1.772153e+00 2.179455e-02 -2.462099e-04 9.997624e-01 5.815070e+00
9.996762e-01 -2.497374e-05 2.544791e-02 3.285923e+01 3.233976e-05 1.000000e+00 -2.890763e-04 -1.806431e+00 -2.544781e-02 2.898044e-04 9.996762e-01 6.309726e+00
9.997495e-01 1.260555e-04 -2.237861e-02 3.352767e+01 -1.209198e-04 1.000000e+00 2.308101e-04 -1.839628e+00 2.237855e-02 -2.280451e-04 9.997495e-01 6.663223e+00
9.996456e-01 1.812481e-05 2.662182e-02 3.400471e+01 -1.032015e-05 1.000000e+00 -2.933361e-04 -1.871027e+00 -2.662174e-02 2.929562e-04 9.996456e-01 7.212524e+00
9.998287e-01 2.002489e-04 -1.850836e-02 3.438037e+01 -1.980706e-04 1.000000e+00 1.194856e-04 -1.902112e+00 1.850830e-02 -1.157979e-04 9.998286e-01 7.887739e+00
9.997342e-01 -2.607870e-05 2.305571e-02 3.475013e+01 2.976977e-05 1.000000e+00 -1.597848e-04 -1.934498e+00 -2.305561e-02 1.604275e-04 9.997342e-01 8.624479e+00
9.997727e-01 1.199671e-04 -2.131748e-02 3.529324e+01 -1.159179e-04 1.000000e+00 1.911462e-04 -1.968676e+00 2.131741e-02 -1.886305e-04 9.997727e-01 9.198517e+00
9.997280e-01 -4.313627e-05 2.332358e-02 3.604223e+01 4.666416e-05 1.000000e+00 -1.507479e-04 -2.007481e+00 -2.332348e-02 1.517941e-04 9.997280e-01 9.684607e+00
9.997626e-01 1.131380e-04 -2.178754e-02 3.677858e+01 -1.086479e-04 1.000000e+00 2.072365e-04 -2.046246e+00 2.178747e-02 -2.048189e-04 9.997625e-01 1.018513e+01
9.997249e-01 -5.847078e-05 2.345557e-02 3.763801e+01 6.280357e-05 1.000000e+00 -1.840205e-04 -2.085734e+00 -2.345547e-02 1.854418e-04 9.997249e-01 1.054225e+01
9.997625e-01 1.108954e-04 -2.179230e-02 3.852394e+01 -1.064852e-04 1.000000e+00 2.035016e-04 -2.125273e+00 2.179224e-02 -2.011315e-04 9.997624e-01 1.086760e+01
9.997244e-01 -4.918536e-05 2.347565e-02 3.926112e+01 5.395053e-05 1.000000e+00 -2.023835e-04 -2.160300e+00 -2.347555e-02 2.035931e-04 9.997245e-01 1.120650e+01
9.997714e-01 1.387273e-04 -2.137894e-02 3.977751e+01 -1.351846e-04 1.000000e+00 1.671236e-04 -2.189567e+00 2.137887e-02 -1.641941e-04 9.997714e-01 1.159949e+01
9.996850e-01 -4.461132e-05 2.509987e-02 4.028058e+01 5.259152e-05 9.999999e-01 -3.173083e-04 -2.212591e+00 -2.509977e-02 3.185272e-04 9.996850e-01 1.175397e+01
9.997532e-01 1.453369e-04 -2.221191e-02 4.079073e+01 -1.398313e-04 1.000000e+00 2.493865e-04 -2.241502e+00 2.221185e-02 -2.462179e-04 9.997532e-01 1.214156e+01
9.996665e-01 -2.245204e-05 2.582550e-02 4.118872e+01 3.123225e-05 9.999999e-01 -3.396082e-04 -2.268004e+00 -2.582540e-02 3.403004e-04 9.996665e-01 1.257234e+01
9.997768e-01 1.276082e-04 -2.112724e-02 4.157014e+01 -1.246875e-04 1.000000e+00 1.395283e-04 -2.287177e+00 2.112717e-02 -1.368617e-04 9.997767e-01 1.273769e+01
9.996046e-01 5.014995e-05 2.811922e-02 4.183311e+01 -4.097037e-05 9.999999e-01 -3.270540e-04 -2.311921e+00 -2.811915e-02 3.257715e-04 9.996046e-01 1.329590e+01
9.998275e-01 1.289213e-04 -1.857247e-02 4.233294e+01 -1.280042e-04 1.000000e+00 5.053393e-05 -2.340576e+00 1.857239e-02 -4.814677e-05 9.998274e-01 1.368927e+01
9.997565e-01 -2.853036e-05 2.206766e-02 4.287452e+01 3.193329e-05 1.000000e+00 -1.538830e-04 -2.368396e+00 -2.206757e-02 1.545491e-04 9.997565e-01 1.398946e+01
9.997720e-01 4.654782e-05 -2.135254e-02 4.336216e+01 -4.653172e-05 1.000000e+00 1.220626e-06 -2.383502e+00 2.135245e-02 -2.257027e-07 9.997719e-01 1.384469e+01
9.997099e-01 4.001854e-05 2.408767e-02 4.393843e+01 -3.786444e-05 1.000000e+00 -8.991126e-05 -2.411450e+00 -2.408758e-02 8.897206e-05 9.997099e-01 1.410262e+01
9.997733e-01 3.687621e-05 -2.129244e-02 4.451872e+01 -3.752756e-05 1.000000e+00 -3.022087e-05 -2.436626e+00 2.129235e-02 3.101413e-05 9.997732e-01 1.423890e+01
9.996389e-01 7.024363e-05 2.687368e-02 4.491251e+01 -6.489305e-05 1.000000e+00 -1.999970e-04 -2.455577e+00 -2.687361e-02 1.981798e-04 9.996389e-01 1.438143e+01
9.998442e-01 6.893402e-05 -1.764988e-02 4.531560e+01 -7.202149e-05 1.000000e+00 -1.743270e-04 -2.471652e+00 1.764978e-02 1.755720e-04 9.998441e-01 1.439884e+01
9.996731e-01 5.618737e-05 2.556785e-02 4.582819e+01 -5.120961e-05 1.000000e+00 -1.953663e-04 -2.486769e+00 -2.556777e-02 1.939922e-04 9.996731e-01 1.423621e+01
9.999326e-01 1.243794e-04 -1.160802e-02 4.631221e+01 -1.283763e-04 9.999999e-01 -3.436176e-04 -2.502304e+00 1.160789e-02 3.450855e-04 9.999325e-01 1.412566e+01
9.994466e-01 2.082403e-04 3.326308e-02 4.665350e+01 -1.981629e-04 9.999999e-01 -3.062727e-04 -2.524897e+00 -3.326306e-02 2.995108e-04 9.994467e-01 1.448945e+01
9.999278e-01 1.099087e-04 -1.201680e-02 4.700560e+01 -1.137421e-04 9.999999e-01 -3.183589e-04 -2.550072e+00 1.201668e-02 3.197036e-04 9.999277e-01 1.494831e+01
9.993187e-01 2.568642e-04 3.690783e-02 4.740375e+01 -2.402994e-04 9.999999e-01 -4.532611e-04 -2.571061e+00 -3.690786e-02 4.440826e-04 9.993187e-01 1.517261e+01
9.999150e-01 9.118829e-05 -1.303739e-02 4.783629e+01 -9.480677e-05 1.000000e+00 -2.769567e-04 -2.593974e+00 1.303729e-02 2.781699e-04 9.999149e-01 1.542817e+01
9.994811e-01 2.173878e-04 3.221041e-02 4.819145e+01 -2.080008e-04 9.999999e-01 -2.947884e-04 -2.617477e+00 -3.221039e-02 2.879351e-04 9.994811e-01 1.581473e+01
9.998893e-01 3.766906e-05 -1.488100e-02 4.859287e+01 -4.165050e-05 1.000000e+00 -2.672617e-04 -2.638610e+00 1.488091e-02 2.678525e-04 9.998892e-01 1.604001e+01
9.995604e-01 2.041973e-04 2.964801e-02 4.914635e+01 -1.984619e-04 1.000000e+00 -1.964030e-04 -2.663551e+00 -2.964797e-02 1.904321e-04 9.995605e-01 1.621533e+01
9.999576e-01 9.720638e-05 -9.204945e-03 4.961213e+01 -1.012671e-04 9.999999e-01 -4.407062e-04 -2.687714e+00 9.204826e-03 4.416201e-04 9.999575e-01 1.648325e+01
9.994775e-01 3.029179e-04 3.231999e-02 4.979764e+01 -2.962453e-04 9.999999e-01 -2.112469e-04 -2.711485e+00 -3.231998e-02 2.015615e-04 9.994776e-01 1.710736e+01
9.998921e-01 -7.782022e-06 -1.468590e-02 5.003777e+01 3.538988e-06 1.000000e+00 -2.889570e-04 -2.736394e+00 1.468583e-02 2.888742e-04 9.998920e-01 1.770468e+01
9.995172e-01 2.944449e-04 3.107058e-02 5.022703e+01 -2.886982e-04 9.999999e-01 -1.894479e-04 -2.759001e+00 -3.107056e-02 1.803861e-04 9.995173e-01 1.827375e+01
9.999881e-01 8.257981e-05 -4.883323e-03 5.059841e+01 -8.558710e-05 9.999998e-01 -6.156493e-04 -2.781226e+00 4.883201e-03 6.160601e-04 9.999878e-01 1.858737e+01
9.992017e-01 4.552822e-04 3.994723e-02 5.102333e+01 -4.378798e-04 9.999998e-01 -4.443855e-04 -2.803482e+00 -3.994735e-02 4.265386e-04 9.992018e-01 1.883564e+01
9.999660e-01 1.115867e-05 -8.241982e-03 5.155298e+01 -1.521085e-05 9.999999e-01 -4.915937e-04 -2.830848e+00 8.241910e-03 4.917023e-04 9.999658e-01 1.914999e+01
9.993441e-01 4.166475e-04 3.620960e-02 5.198805e+01 -4.043806e-04 9.999999e-01 -3.460981e-04 -2.855261e+00 -3.620968e-02 3.312288e-04 9.993442e-01 1.946922e+01
9.999666e-01 -5.268283e-06 -8.173126e-03 5.231386e+01 1.081923e-06 9.999999e-01 -5.122121e-04 -2.875703e+00 8.173066e-03 5.121860e-04 9.999664e-01 1.977161e+01
9.995089e-01 3.668303e-04 3.133326e-02 5.265066e+01 -3.611969e-04 9.999999e-01 -1.854481e-04 -2.898172e+00 -3.133326e-02 1.740398e-04 9.995091e-01 2.013941e+01
9.999186e-01 -8.882254e-05 -1.275795e-02 5.305869e+01 8.392712e-05 9.999999e-01 -3.842448e-04 -2.921795e+00 1.275792e-02 3.831425e-04 9.999184e-01 2.045859e+01
9.994679e-01 4.056964e-04 3.261442e-02 5.339791e+01 -3.984228e-04 9.999999e-01 -2.295160e-04 -2.943947e+00 -3.261446e-02 2.163999e-04 9.994681e-01 2.081297e+01
9.999114e-01 -1.209854e-04 -1.330862e-02 5.380188e+01 1.160090e-04 9.999999e-01 -3.746901e-04 -2.966501e+00 1.330861e-02 3.731125e-04 9.999113e-01 2.109555e+01
9.994291e-01 4.375352e-04 3.378194e-02 5.418214e+01 -4.289540e-04 9.999999e-01 -2.612609e-04 -2.988671e+00 -3.378199e-02 2.466214e-04 9.994293e-01 2.139277e+01
9.998659e-01 -1.714959e-04 -1.637760e-02 5.459749e+01 1.667210e-04 9.999999e-01 -2.929036e-04 -3.010048e+00 1.637760e-02 2.901332e-04 9.998657e-01 2.160704e+01
9.995385e-01 4.003988e-04 3.037627e-02 5.510820e+01 -3.961954e-04 9.999999e-01 -1.443942e-04 -3.034849e+00 -3.037627e-02 1.322932e-04 9.995386e-01 2.183124e+01
9.999357e-01 -1.363109e-04 -1.134186e-02 5.549860e+01 1.307237e-04 9.999999e-01 -4.933484e-04 -3.052811e+00 1.134187e-02 4.918333e-04 9.999355e-01 2.194183e+01
9.996090e-01 3.666408e-04 2.795940e-02 5.586659e+01 -3.640709e-04 9.999999e-01 -9.700043e-05 -3.067337e+00 -2.795939e-02 8.678403e-05 9.996091e-01 2.193834e+01
9.999037e-01 -1.549720e-04 -1.387958e-02 5.636557e+01 1.499068e-04 9.999999e-01 -3.659671e-04 -3.090107e+00 1.387959e-02 3.638504e-04 9.999035e-01 2.209371e+01
9.997623e-01 2.917707e-04 2.180181e-02 5.704228e+01 -2.937349e-04 1.000000e+00 8.690126e-05 -3.115772e+00 -2.180174e-02 -9.328374e-05 9.997624e-01 2.213169e+01
9.999337e-01 -1.293203e-04 -1.151301e-02 5.767666e+01 1.242839e-04 9.999999e-01 -4.381551e-04 -3.140480e+00 1.151302e-02 4.366943e-04 9.999335e-01 2.218606e+01
9.996366e-01 3.536158e-04 2.695475e-02 5.829528e+01 -3.508717e-04 9.999999e-01 -1.065268e-04 -3.160659e+00 -2.695475e-02 9.703134e-05 9.996367e-01 2.209029e+01
9.999469e-01 -1.134076e-04 -1.030054e-02 5.876951e+01 1.085985e-04 9.999999e-01 -4.674169e-04 -3.179537e+00 1.030055e-02 4.662725e-04 9.999467e-01 2.212948e+01
9.995793e-01 4.070978e-04 2.900274e-02 5.919900e+01 -4.036205e-04 9.999999e-01 -1.257418e-04 -3.201898e+00 -2.900275e-02 1.139838e-04 9.995794e-01 2.237116e+01
9.999388e-01 -1.306786e-04 -1.106576e-02 5.985456e+01 1.258584e-04 9.999999e-01 -4.362710e-04 -3.228191e+00 1.106578e-02 4.348505e-04 9.999386e-01 2.247284e+01
9.994975e-01 4.630863e-04 3.169342e-02 6.016787e+01 -4.563451e-04 9.999999e-01 -2.199273e-04 -3.246900e+00 -3.169349e-02 2.053549e-04 9.994977e-01 2.272350e+01
9.999709e-01 -1.131481e-04 -7.632807e-03 6.029771e+01 1.090983e-04 9.999999e-01 -5.309695e-04 -3.262592e+00 7.632832e-03 5.301200e-04 9.999706e-01 2.308141e+01
9.993878e-01 5.429718e-04 3.498108e-02 6.056419e+01 -5.320500e-04 9.999998e-01 -3.215235e-04 -3.281694e+00 -3.498122e-02 3.027163e-04 9.993880e-01 2.341379e+01
9.999532e-01 -1.574465e-04 -9.669559e-03 6.111525e+01 1.528312e-04 9.999999e-01 -4.780226e-04 -3.304083e+00 9.669605e-03 4.765210e-04 9.999530e-01 2.349973e+01
9.991640e-01 6.582079e-04 4.087533e-02 6.166087e+01 -6.383526e-04 9.999997e-01 -4.987977e-04 -3.324918e+00 -4.087562e-02 4.722893e-04 9.991642e-01 2.353414e+01
9.999841e-01 -1.405628e-04 -5.645918e-03 6.211107e+01 1.372266e-04 9.999998e-01 -5.912669e-04 -3.342987e+00 5.645978e-03 5.904811e-04 9.999838e-01 2.357161e+01
9.990747e-01 7.184817e-04 4.300273e-02 6.257920e+01 -6.946247e-04 9.999996e-01 -5.697128e-04 -3.360998e+00 -4.300310e-02 5.393166e-04 9.990749e-01 2.358607e+01
9.999938e-01 -1.380095e-04 -3.511124e-03 6.303642e+01 1.357486e-04 9.999998e-01 -6.441332e-04 -3.378232e+00 3.511198e-03 6.436507e-04 9.999935e-01 2.358147e+01
9.990624e-01 7.310552e-04 4.328791e-02 6.334067e+01 -7.056610e-04 9.999996e-01 -6.019074e-04 -3.390586e+00 -4.328832e-02 5.707984e-04 9.990626e-01 2.356660e+01
9.999725e-01 -2.431820e-04 -7.405875e-03 6.360977e+01 2.391303e-04 9.999998e-01 -5.479586e-04 -3.400355e+00 7.406000e-03 5.461705e-04 9.999723e-01 2.348483e+01
9.992108e-01 6.755415e-04 3.971550e-02 6.385968e+01 -6.549382e-04 9.999996e-01 -5.317782e-04 -3.405865e+00 -3.971584e-02 5.053496e-04 9.992110e-01 2.324195e+01
9.999554e-01 -2.478650e-04 -9.436017e-03 6.427617e+01 2.435337e-04 9.999999e-01 -4.601717e-04 -3.418722e+00 9.436129e-03 4.578508e-04 9.999553e-01 2.311204e+01
9.993062e-01 6.887997e-04 3.723866e-02 6.481649e+01 -6.729241e-04 9.999997e-01 -4.388521e-04 -3.437228e+00 -3.723895e-02 4.134913e-04 9.993064e-01 2.305871e+01
9.999272e-01 -3.220497e-04 -1.206377e-02 6.546122e+01 3.175072e-04 9.999999e-01 -3.784626e-04 -3.458090e+00 1.206389e-02 3.746022e-04 9.999271e-01 2.296055e+01
9.994120e-01 6.601356e-04 3.428142e-02 6.619491e+01 -6.489718e-04 9.999997e-01 -3.367786e-04 -3.482119e+00 -3.428164e-02 3.143355e-04 9.994123e-01 2.287152e+01
9.999541e-01 -3.208678e-04 -9.576276e-03 6.678644e+01 3.162221e-04 9.999998e-01 -4.866583e-04 -3.500555e+00 9.576439e-03 4.836051e-04 9.999539e-01 2.275012e+01
9.994344e-01 6.733256e-04 3.362264e-02 6.743229e+01 -6.632320e-04 9.999997e-01 -3.113587e-04 -3.520584e+00 -3.362285e-02 2.888857e-04 9.994347e-01 2.261792e+01
9.997732e-01 -4.876641e-04 -2.129094e-02 6.823880e+01 4.856146e-04 9.999999e-01 -1.014401e-04 -3.547682e+00 2.129100e-02 9.107518e-05 9.997732e-01 2.254862e+01
9.992603e-01 7.512295e-04 3.844943e-02 6.898498e+01 -7.336890e-04 9.999996e-01 -4.703086e-04 -3.572721e+00 -3.844978e-02 4.417536e-04 9.992605e-01 2.248208e+01
9.996621e-01 -5.629815e-04 -2.598750e-02 6.970667e+01 5.638130e-04 9.999998e-01 2.465693e-05 -3.596374e+00 2.598750e-02 -3.930354e-05 9.996622e-01 2.238725e+01
9.993397e-01 7.124470e-04 3.632612e-02 7.036045e+01 -6.974073e-04 9.999997e-01 -4.266931e-04 -3.618576e+00 -3.632643e-02 4.010802e-04 9.993400e-01 2.231929e+01
9.998452e-01 -4.521878e-04 -1.758903e-02 7.093390e+01 4.485695e-04 9.999999e-01 -2.096762e-04 -3.638916e+00 1.758914e-02 2.017509e-04 9.998452e-01 2.229298e+01
9.991090e-01 7.818179e-04 4.219641e-02 7.129724e+01 -7.560749e-04 9.999995e-01 -6.260372e-04 -3.652862e+00 -4.219690e-02 5.935788e-04 9.991092e-01 2.226994e+01
9.994761e-01 -6.230369e-04 -3.236018e-02 7.182392e+01 6.311779e-04 9.999998e-01 2.413480e-04 -3.674113e+00 3.236005e-02 -2.616496e-04 9.994761e-01 2.231903e+01
9.987644e-01 8.845600e-04 4.968734e-02 7.238698e+01 -8.423467e-04 9.999993e-01 -8.705186e-04 -3.693419e+00 -4.968809e-02 8.275921e-04 9.987645e-01 2.225947e+01
9.992504e-01 -6.946364e-04 -3.870699e-02 7.303808e+01 7.123915e-04 9.999996e-01 4.449040e-04 -3.715593e+00 3.870669e-02 -4.721482e-04 9.992504e-01 2.218893e+01
9.991265e-01 7.744204e-04 4.178132e-02 7.369459e+01 -7.486592e-04 9.999995e-01 -6.322246e-04 -3.739240e+00 -4.178181e-02 6.003955e-04 9.991267e-01 2.215869e+01
9.993267e-01 -6.658913e-04 -3.668262e-02 7.441252e+01 6.815891e-04 9.999997e-01 4.154202e-04 -3.766048e+00 3.668236e-02 -4.401462e-04 9.993268e-01 2.217187e+01
9.991095e-01 7.713776e-04 4.218521e-02 7.510850e+01 -7.442283e-04 9.999995e-01 -6.592819e-04 -3.791587e+00 -4.218572e-02 6.273026e-04 9.991097e-01 2.216529e+01
9.997367e-01 -5.046714e-04 -2.293848e-02 7.569888e+01 5.051257e-04 9.999999e-01 1.399110e-05 -3.813488e+00 2.293850e-02 -2.557748e-05 9.997368e-01 2.217572e+01
9.993018e-01 7.293124e-04 3.735380e-02 7.627121e+01 -7.102760e-04 9.999996e-01 -5.229022e-04 -3.835128e+00 -3.735419e-02 4.960089e-04 9.993021e-01 2.218821e+01
9.990878e-01 -6.472760e-04 -4.269929e-02 7.679547e+01 6.717753e-04 9.999996e-01 5.594043e-04 -3.856936e+00 4.269894e-02 -5.875815e-04 9.990877e-01 2.225847e+01
9.994984e-01 7.225946e-04 3.166234e-02 7.736965e+01 -7.115315e-04 9.999997e-01 -3.606876e-04 -3.878912e+00 -3.166261e-02 3.379811e-04 9.994987e-01 2.227510e+01
9.989878e-01 -6.557793e-04 -4.497752e-02 7.796263e+01 6.852119e-04 9.999996e-01 6.389590e-04 -3.903179e+00 4.497711e-02 -6.691346e-04 9.989877e-01 2.236238e+01
9.996466e-01 7.289907e-04 2.657199e-02 7.848138e+01 -7.233175e-04 9.999997e-01 -2.231279e-04 -3.924183e+00 -2.657217e-02 2.038322e-04 9.996470e-01 2.242710e+01
9.990948e-01 -6.926272e-04 -4.253311e-02 7.905037e+01 7.171138e-04 9.999996e-01 5.604404e-04 -3.946796e+00 4.253272e-02 -5.904373e-04 9.990948e-01 2.248823e+01
9.996513e-01 7.062937e-04 2.639671e-02 7.969722e+01 -7.011743e-04 9.999997e-01 -2.032067e-04 -3.970191e+00 -2.639687e-02 1.846303e-04 9.996516e-01 2.247739e+01
9.988820e-01 -6.243064e-04 -4.726980e-02 8.022034e+01 6.558451e-04 9.999996e-01 6.516891e-04 -3.990775e+00 4.726940e-02 -6.819652e-04 9.988818e-01 2.252737e+01
9.996265e-01 7.230882e-04 2.731741e-02 8.067062e+01 -7.174600e-04 9.999997e-01 -2.158409e-04 -4.010284e+00 -2.731757e-02 1.961642e-04 9.996269e-01 2.263012e+01
9.991549e-01 -7.181457e-04 -4.109776e-02 8.126305e+01 7.394989e-04 9.999996e-01 5.043638e-04 -4.034042e+00 4.109740e-02 -5.343323e-04 9.991549e-01 2.270152e+01
9.996826e-01 7.485952e-04 2.518111e-02 8.179655e+01 -7.450834e-04 9.999997e-01 -1.488492e-04 -4.056728e+00 -2.518123e-02 1.300429e-04 9.996830e-01 2.281436e+01
9.993476e-01 -7.536733e-04 -3.610700e-02 8.229643e+01 7.673801e-04 9.999996e-01 3.657500e-04 -4.080345e+00 3.610672e-02 -3.932222e-04 9.993478e-01 2.300116e+01
9.995423e-01 7.095976e-04 3.024496e-02 8.290563e+01 -7.021252e-04 9.999997e-01 -2.576906e-04 -4.106754e+00 -3.024515e-02 2.363398e-04 9.995426e-01 2.313737e+01
9.992382e-01 -7.390096e-04 -3.901877e-02 8.353758e+01 7.565657e-04 9.999996e-01 4.351708e-04 -4.133467e+00 3.901845e-02 -4.643625e-04 9.992383e-01 2.326207e+01
9.995569e-01 7.009249e-04 2.975695e-02 8.416506e+01 -6.938347e-04 9.999997e-01 -2.485998e-04 -4.159272e+00 -2.975713e-02 2.278461e-04 9.995572e-01 2.335655e+01
9.991422e-01 -7.052923e-04 -4.140603e-02 8.475883e+01 7.266111e-04 9.999996e-01 4.998202e-04 -4.184801e+00 4.140567e-02 -5.294804e-04 9.991422e-01 2.349497e+01
9.995105e-01 6.926370e-04 3.127605e-02 8.522018e+01 -6.846215e-04 9.999997e-01 -2.669939e-04 -4.209688e+00 -3.127624e-02 2.454538e-04 9.995108e-01 2.377921e+01
9.990987e-01 -7.082850e-04 -4.244206e-02 8.571149e+01 7.291008e-04 9.999996e-01 4.749703e-04 -4.231844e+00 4.244172e-02 -5.054896e-04 9.990987e-01 2.390590e+01
9.995768e-01 6.759790e-04 2.908039e-02 8.629345e+01 -6.702267e-04 9.999998e-01 -2.075572e-04 -4.254594e+00 -2.908053e-02 1.879817e-04 9.995772e-01 2.394640e+01
9.990570e-01 -6.795711e-04 -4.341166e-02 8.684494e+01 7.009053e-04 9.999996e-01 4.762174e-04 -4.275794e+00 4.341133e-02 -5.061985e-04 9.990571e-01 2.396586e+01
9.996464e-01 7.012636e-04 2.658065e-02 8.739957e+01 -6.984327e-04 9.999997e-01 -1.157866e-04 -4.297421e+00 -2.658073e-02 9.718355e-05 9.996468e-01 2.400967e+01
