9.996848e-01 4.154291e-04 2.510074e-02 3.631976e-01 -3.969028e-04 9.999996e-01 -7.430548e-04 -2.603205e-02 -2.510105e-02 7.328577e-04 9.996848e-01 4.791502e-01
9.999638e-01 1.258296e-04 8.507982e-03 5.763557e-01 -1.236947e-04 1.000000e+00 -2.514464e-04 -4.868541e-02 -8.508008e-03 2.503852e-04 9.999637e-01 1.019602e+00
9.996889e-01 3.924225e-04 2.493812e-02 7.736969e-01 -3.735108e-04 9.999996e-01 -7.630024e-04 -6.903037e-02 -2.493842e-02 7.534502e-04 9.996888e-01 1.488962e+00
9.999815e-01 8.842015e-05 6.082444e-03 9.735288e-01 -8.737745e-05 1.000000e+00 -1.716926e-04 -8.998794e-02 -6.082447e-03 1.711581e-04 9.999814e-01 1.976714e+00
9.995408e-01 4.697098e-04 3.029932e-02 1.182513e+00 -4.422286e-04 9.999995e-01 -9.136842e-04 -1.117440e-01 -3.029975e-02 8.998653e-04 9.995406e-01 2.487833e+00
9.998826e-01 2.161833e-04 1.532047e-02 1.329372e+00 -2.090546e-04 9.999999e-01 -4.669054e-04 -1.288101e-01 -1.532055e-02 4.636477e-04 9.998824e-01 2.888771e+00
9.996709e-01 4.071336e-04 2.564918e-02 1.520219e+00 -3.875143e-04 9.999996e-01 -7.698778e-04 -1.470426e-01 -2.564950e-02 7.596852e-04 9.996708e-01 3.285335e+00
9.998673e-01 2.264788e-04 1.628741e-02 1.678558e+00 -2.185406e-04 9.999999e-01 -4.891558e-04 -1.668196e-01 -1.628749e-02 4.855311e-04 9.998671e-01 3.783316e+00
9.996152e-01 4.314835e-04 2.773463e-02 1.811819e+00 -4.087453e-04 9.999996e-01 -8.255164e-04 -1.855917e-01 -2.773500e-02 8.138629e-04 9.996151e-01 4.277001e+00
9.999215e-01 2.083889e-04 1.252988e-02 1.948162e+00 -2.041440e-04 9.999999e-01 -3.400532e-04 -2.088861e-01 -1.252991e-02 3.374681e-04 9.999213e-01 4.945832e+00
9.995870e-01 4.268689e-04 2.873257e-02 2.101668e+00 -4.012134e-04 9.999995e-01 -8.986714e-04 -2.284995e-01 -2.873298e-02 8.867731e-04 9.995868e-01 5.446140e+00
9.999448e-01 1.962370e-04 1.050449e-02 2.273971e+00 -1.933761e-04 9.999999e-01 -2.733474e-04 -2.485178e-01 -1.050450e-02 2.713003e-04 9.999447e-01 5.938579e+00
9.996579e-01 3.850513e-04 2.615052e-02 2.549216e+00 -3.634271e-04 9.999996e-01 -8.316660e-04 -2.703340e-01 -2.615088e-02 8.218785e-04 9.996578e-01 6.372674e+00
9.998678e-01 2.966500e-04 1.625393e-02 2.762550e+00 -2.896443e-04 9.999999e-01 -4.333519e-04 -2.910084e-01 -1.625401e-02 4.285858e-04 9.998677e-01 6.843646e+00
9.998436e-01 2.655373e-04 1.768644e-02 3.006024e+00 -2.559308e-04 9.999998e-01 -5.454301e-04 -3.154045e-01 -1.768664e-02 5.408192e-04 9.998435e-01 7.419110e+00
9.999973e-01 1.228735e-04 2.336484e-03 3.244530e+00 -1.229056e-04 1.000000e+00 1.375253e-05 -3.434828e-01 -2.336427e-03 -1.404070e-05 9.999972e-01 8.145594e+00
9.997065e-01 3.350817e-04 2.422440e-02 3.470637e+00 -3.167305e-04 9.999997e-01 -7.613938e-04 -3.706235e-01 -2.422471e-02 7.534988e-04 9.997063e-01 8.847822e+00
9.999416e-01 2.313073e-04 1.080289e-02 3.689077e+00 -2.284929e-04 9.999999e-01 -2.617283e-04 -3.943882e-01 -1.080289e-02 2.592435e-04 9.999415e-01 9.431651e+00
9.997868e-01 2.860369e-04 2.064615e-02 3.895862e+00 -2.730150e-04 9.999998e-01 -6.335550e-04 -4.192079e-01 -2.064639e-02 6.277845e-04 9.997867e-01 1.006775e+01
9.999091e-01 2.360129e-04 1.348345e-02 4.070303e+00 -2.306216e-04 9.999999e-01 -4.013637e-04 -4.393793e-01 -1.348347e-02 3.982163e-04 9.999089e-01 1.056258e+01
9.994733e-01 4.353258e-04 3.245009e-02 4.313089e+00 -4.032914e-04 9.999994e-01 -9.937441e-04 -4.537606e-01 -3.245057e-02 9.801352e-04 9.994729e-01 1.071683e+01
9.999999e-01 7.047067e-05 -3.915190e-04 4.835557e+00 -7.045639e-05 1.000000e+00 3.490460e-05 -4.792967e-01 3.915926e-04 -3.487844e-05 9.999998e-01 1.096958e+01
9.999166e-01 1.434343e-04 1.291326e-02 5.502781e+00 -1.381254e-04 9.999999e-01 -4.120652e-04 -5.097262e-01 -1.291339e-02 4.102486e-04 9.999166e-01 1.121573e+01
9.999938e-01 1.156907e-04 3.524309e-03 6.220580e+00 -1.153630e-04 1.000000e+00 -9.299128e-05 -5.385664e-01 -3.524247e-03 9.258266e-05 9.999937e-01 1.133264e+01
9.999506e-01 1.135841e-04 9.937042e-03 6.913396e+00 -1.104776e-04 9.999999e-01 -3.132283e-04 -5.685318e-01 -9.937151e-03 3.121165e-04 9.999507e-01 1.153075e+01
9.999970e-01 4.856401e-05 -2.449334e-03 7.564850e+00 -4.834715e-05 1.000000e+00 8.831180e-05 -5.986655e-01 2.449412e-03 -8.819462e-05 9.999969e-01 1.178999e+01
9.998957e-01 1.661958e-04 1.444272e-02 8.242517e+00 -1.597237e-04 9.999999e-01 -4.493190e-04 -6.294025e-01 -1.444287e-02 4.469668e-04 9.998957e-01 1.203924e+01
9.999842e-01 1.582183e-04 5.612073e-03 8.833691e+00 -1.572544e-04 1.000000e+00 -1.720746e-04 -6.552699e-01 -5.612023e-03 1.711878e-04 9.999842e-01 1.220794e+01
9.999481e-01 1.098743e-04 1.018964e-02 9.451063e+00 -1.068056e-04 9.999999e-01 -3.017804e-04 -6.839898e-01 -1.018975e-02 3.006780e-04 9.999481e-01 1.245915e+01
9.999986e-01 7.839046e-05 -1.631787e-03 1.007709e+01 -7.828004e-05 1.000000e+00 6.724600e-05 -7.151490e-01 1.631871e-03 -6.711976e-05 9.999986e-01 1.279905e+01
9.999662e-01 7.975711e-05 8.222529e-03 1.076633e+01 -7.784312e-05 1.000000e+00 -2.331885e-04 -7.484736e-01 -8.222626e-03 2.325422e-04 9.999662e-01 1.314440e+01
9.999958e-01 1.252980e-04 2.899511e-03 1.130164e+01 -1.250515e-04 1.000000e+00 -8.492812e-05 -7.778425e-01 -2.899443e-03 8.456357e-05 9.999957e-01 1.353692e+01
9.999120e-01 1.594317e-04 1.326744e-02 1.173403e+01 -1.545239e-04 9.999999e-01 -3.709971e-04 -8.057647e-01 -1.326758e-02 3.689159e-04 9.999120e-01 1.400710e+01
9.999915e-01 4.078987e-05 -4.120546e-03 1.203380e+01 -4.032349e-05 1.000000e+00 1.130587e-04 -8.308538e-01 4.120631e-03 -1.128932e-04 9.999914e-01 1.454069e+01
9.999409e-01 1.090728e-04 1.087373e-02 1.244557e+01 -1.056860e-04 9.999999e-01 -3.121148e-04 -8.572772e-01 -1.087384e-02 3.109488e-04 9.999409e-01 1.496867e+01
9.999783e-01 9.948194e-06 -6.590219e-03 1.285600e+01 -8.741683e-06 1.000000e+00 1.829711e-04 -8.831164e-01 6.590302e-03 -1.829112e-04 9.999782e-01 1.536877e+01
9.999309e-01 1.297657e-04 1.175821e-02 1.313793e+01 -1.258592e-04 9.999999e-01 -3.330475e-04 -9.070128e-01 -1.175833e-02 3.315462e-04 9.999309e-01 1.586416e+01
9.999648e-01 -1.507970e-05 -8.385083e-03 1.340442e+01 1.693547e-05 1.000000e+00 2.211397e-04 -9.293407e-01 8.385161e-03 -2.212755e-04 9.999647e-01 1.631359e+01
9.998798e-01 1.800835e-04 1.550372e-02 1.367781e+01 -1.733524e-04 9.999999e-01 -4.355598e-04 -9.526868e-01 -1.550388e-02 4.328215e-04 9.998798e-01 1.679957e+01
9.999722e-01 -5.050055e-07 -7.449263e-03 1.397670e+01 1.950092e-06 1.000000e+00 1.938600e-04 -9.766511e-01 7.449346e-03 -1.938708e-04 9.999722e-01 1.727962e+01
9.999143e-01 1.829758e-04 1.309243e-02 1.416277e+01 -1.786418e-04 9.999999e-01 -3.322640e-04 -1.000454e+00 -1.309257e-02 3.298983e-04 9.999143e-01 1.790524e+01
9.999372e-01 -5.216108e-05 -1.120697e-02 1.426657e+01 5.539340e-05 1.000000e+00 2.880277e-04 -1.021443e+00 1.120704e-02 -2.886321e-04 9.999371e-01 1.852089e+01
9.999560e-01 2.846113e-05 9.383781e-03 1.414091e+01 -2.552604e-05 1.000000e+00 -3.129980e-04 -1.030376e+00 -9.383872e-03 3.127464e-04 9.999560e-01 1.887017e+01
9.998550e-01 -6.233044e-05 -1.702873e-02 1.396967e+01 6.939196e-05 9.999999e-01 4.140371e-04 -1.037376e+00 1.702879e-02 -4.151604e-04 9.998548e-01 1.917270e+01
9.998849e-01 4.764160e-05 1.517362e-02 1.374945e+01 -4.113285e-05 9.999999e-01 -4.293211e-04 -1.043858e+00 -1.517372e-02 4.286492e-04 9.998849e-01 1.953377e+01
9.998578e-01 -5.276765e-05 -1.686108e-02 1.371110e+01 5.955930e-05 9.999999e-01 4.022431e-04 -1.055488e+00 1.686114e-02 -4.031918e-04 9.998577e-01 1.990243e+01
9.998195e-01 1.457237e-04 1.900013e-02 1.410893e+01 -1.365255e-04 9.999999e-01 -4.854541e-04 -1.079023e+00 -1.900028e-02 4.827742e-04 9.998194e-01 2.022757e+01
9.998851e-01 -3.516572e-05 -1.515585e-02 1.452682e+01 4.038587e-05 9.999999e-01 3.440640e-04 -1.102863e+00 1.515592e-02 -3.446382e-04 9.998850e-01 2.053996e+01
9.996065e-01 2.616187e-04 2.804994e-02 1.514688e+01 -2.403496e-04 9.999997e-01 -7.616584e-04 -1.128991e+00 -2.805021e-02 7.546186e-04 9.996063e-01 2.067721e+01
9.998660e-01 -5.684528e-05 -1.636978e-02 1.573606e+01 6.268762e-05 9.999999e-01 3.563243e-04 -1.152187e+00 1.636984e-02 -3.573044e-04 9.998659e-01 2.073821e+01
9.996244e-01 2.538854e-04 2.740571e-02 1.630999e+01 -2.341376e-04 9.999997e-01 -7.238124e-04 -1.177427e+00 -2.740597e-02 7.171255e-04 9.996242e-01 2.090320e+01
9.996376e-01 -2.054340e-04 -2.691957e-02 1.641006e+01 2.225785e-04 9.999998e-01 6.338448e-04 -1.189892e+00 2.691952e-02 -6.396086e-04 9.996373e-01 2.114270e+01
9.996378e-01 6.956139e-05 2.691373e-02 1.610360e+01 -4.597406e-05 9.999996e-01 -8.770576e-04 -1.176201e+00 -2.691387e-02 8.755044e-04 9.996375e-01 2.071550e+01
9.996243e-01 -1.176064e-04 -2.740897e-02 1.608666e+01 1.373016e-04 9.999997e-01 7.166486e-04 -1.178218e+00 2.740896e-02 -7.201444e-04 9.996240e-01 2.063783e+01
9.997279e-01 9.705602e-05 2.332870e-02 1.636862e+01 -8.061587e-05 9.999997e-01 -7.056978e-04 -1.194939e+00 -2.332885e-02 7.036269e-04 9.997277e-01 2.081601e+01
9.993623e-01 -2.198592e-05 -3.570554e-02 1.655925e+01 5.621133e-05 9.999995e-01 9.575131e-04 -1.212979e+00 3.570559e-02 -9.589113e-04 9.993618e-01 2.118147e+01
9.994495e-01 5.955860e-05 3.317692e-02 1.673695e+01 -2.965628e-05 9.999996e-01 -9.018176e-04 -1.233742e+00 -3.317704e-02 9.003390e-04 9.994492e-01 2.168429e+01
9.996906e-01 1.531121e-04 -2.487408e-02 1.695869e+01 -1.365788e-04 9.999998e-01 6.663342e-04 -1.257180e+00 2.487426e-02 -6.627325e-04 9.996903e-01 2.225333e+01
9.996214e-01 -1.311654e-05 2.751551e-02 1.725719e+01 3.263693e-05 9.999997e-01 -7.090171e-04 -1.283712e+00 -2.751557e-02 7.096484e-04 9.996212e-01 2.283918e+01
9.996503e-01 1.286810e-04 -2.644299e-02 1.751584e+01 -1.096097e-04 9.999997e-01 7.226316e-04 -1.309437e+00 2.644316e-02 -7.194822e-04 9.996500e-01 2.344619e+01
9.996707e-01 -9.855969e-05 2.566263e-02 1.755408e+01 1.182979e-04 9.999997e-01 -7.676609e-04 -1.322954e+00 -2.566263e-02 7.704456e-04 9.996704e-01 2.381468e+01
9.996348e-01 9.855209e-05 -2.702198e-02 1.751137e+01 -7.906227e-05 9.999997e-01 7.222871e-04 -1.333290e+00 2.702213e-02 -7.198887e-04 9.996345e-01 2.413830e+01
9.996781e-01 -7.431380e-05 2.537224e-02 1.756417e+01 9.282581e-05 9.999997e-01 -7.284765e-04 -1.348589e+00 -2.537226e-02 7.305989e-04 9.996779e-01 2.456053e+01
9.996325e-01 1.280123e-04 -2.710624e-02 1.763220e+01 -1.073415e-04 9.999997e-01 7.639978e-04 -1.367978e+00 2.710642e-02 -7.608092e-04 9.996322e-01 2.514332e+01
9.992193e-01 1.836142e-04 3.950594e-02 1.780766e+01 -1.414957e-04 9.999994e-01 -1.068947e-03 -1.395488e+00 -3.950620e-02 1.062525e-03 9.992188e-01 2.592510e+01
9.997088e-01 1.982777e-04 -2.412929e-02 1.809014e+01 -1.812402e-04 9.999997e-01 7.082296e-04 -1.427335e+00 2.412951e-02 -7.036520e-04 9.997085e-01 2.674843e+01
9.997370e-01 -1.665238e-04 2.293428e-02 1.839688e+01 1.802198e-04 9.999998e-01 -5.951622e-04 -1.457200e+00 -2.293426e-02 5.991406e-04 9.997369e-01 2.746593e+01
9.996484e-01 1.578583e-04 -2.651604e-02 1.886840e+01 -1.378431e-04 9.999997e-01 7.566185e-04 -1.488594e+00 2.651623e-02 -7.526992e-04 9.996480e-01 2.801830e+01
9.997047e-01 -1.160597e-04 2.429913e-02 1.941086e+01 1.314456e-04 9.999998e-01 -6.316279e-04 -1.520796e+00 -2.429914e-02 6.346372e-04 9.997046e-01 2.849722e+01
9.992838e-01 2.130194e-04 -3.783868e-02 1.968033e+01 -1.771613e-04 9.999995e-01 9.509811e-04 -1.541279e+00 3.783895e-02 -9.435982e-04 9.992833e-01 2.886461e+01
9.995223e-01 -1.275611e-04 3.090477e-02 2.005640e+01 1.517170e-04 9.999997e-01 -7.793063e-04 -1.565125e+00 -3.090475e-02 7.836246e-04 9.995221e-01 2.923021e+01
9.997384e-01 3.390496e-04 -2.286788e-02 2.056680e+01 -3.255719e-04 9.999998e-01 5.930448e-04 -1.597514e+00 2.286816e-02 -5.854462e-04 9.997382e-01 2.977106e+01
9.992908e-01 -7.912932e-05 3.765549e-02 2.115370e+01 1.171145e-04 9.999995e-01 -1.006575e-03 -1.628051e+00 -3.765547e-02 1.010273e-03 9.992903e-01 3.013085e+01
9.996956e-01 3.191155e-04 -2.466960e-02 2.166619e+01 -3.034673e-04 9.999998e-01 6.380118e-04 -1.657002e+00 2.466988e-02 -6.303329e-04 9.996954e-01 3.052154e+01
9.994889e-01 -1.034765e-04 3.196771e-02 2.199091e+01 1.284870e-04 9.999997e-01 -7.803444e-04 -1.687233e+00 -3.196771e-02 7.840548e-04 9.994887e-01 3.122500e+01
9.995314e-01 2.245866e-04 -3.061008e-02 2.244944e+01 -1.997258e-04 9.999996e-01 8.151965e-04 -1.719174e+00 3.061034e-02 -8.087026e-04 9.995310e-01 3.181394e+01
9.994645e-01 -8.878288e-05 3.272338e-02 2.283726e+01 1.157222e-04 9.999997e-01 -8.213793e-04 -1.748505e+00 -3.272339e-02 8.247280e-04 9.994642e-01 3.238970e+01
9.996405e-01 2.891237e-04 -2.680943e-02 2.316614e+01 -2.705281e-04 9.999997e-01 6.972090e-04 -1.776787e+00 2.680971e-02 -6.897074e-04 9.996402e-01 3.300869e+01
9.995810e-01 -1.268622e-04 2.894467e-02 2.320531e+01 1.466765e-04 9.999998e-01 -6.824689e-04 -1.800595e+00 -2.894467e-02 6.864302e-04 9.995809e-01 3.382236e+01
9.996235e-01 2.817859e-04 -2.743511e-02 2.327587e+01 -2.618787e-04 9.999997e-01 7.291589e-04 -1.826676e+00 2.743540e-02 -7.217014e-04 9.996232e-01 3.468617e+01
9.996118e-01 -1.485158e-04 2.786326e-02 2.335932e+01 1.658711e-04 9.999998e-01 -6.205993e-04 -1.854807e+00 -2.786325e-02 6.249818e-04 9.996116e-01 3.562177e+01
9.996069e-01 2.451379e-04 -2.803379e-02 2.358251e+01 -2.262750e-04 9.999997e-01 6.759979e-04 -1.880513e+00 2.803403e-02 -6.693905e-04 9.996067e-01 3.626987e+01
9.996829e-01 -2.309538e-04 2.518059e-02 2.404080e+01 2.453840e-04 9.999998e-01 -5.700151e-04 -1.907973e+00 -2.518054e-02 5.760149e-04 9.996828e-01 3.666494e+01
9.996095e-01 2.293104e-04 -2.794099e-02 2.460395e+01 -2.101718e-04 9.999997e-01 6.878616e-04 -1.937886e+00 2.794123e-02 -6.817223e-04 9.996093e-01 3.702104e+01
9.996152e-01 -2.037852e-04 2.773816e-02 2.543008e+01 2.209414e-04 9.999998e-01 -6.154755e-04 -1.975445e+00 -2.773812e-02 6.213688e-04 9.996151e-01 3.733841e+01
9.996259e-01 2.367401e-04 -2.734965e-02 2.629711e+01 -2.173337e-04 9.999997e-01 7.125001e-04 -2.016687e+00 2.734989e-02 -7.062912e-04 9.996256e-01 3.776135e+01
9.995828e-01 -1.455238e-04 2.888341e-02 2.695876e+01 1.645919e-04 9.999998e-01 -6.578296e-04 -2.053551e+00 -2.888340e-02 6.623108e-04 9.995826e-01 3.828382e+01
9.995933e-01 1.789586e-04 -2.851709e-02 2.776648e+01 -1.586631e-04 9.999997e-01 7.139192e-04 -2.090949e+00 2.851729e-02 -7.091059e-04 9.995930e-01 3.862549e+01
9.995406e-01 -9.629915e-05 3.030774e-02 2.851008e+01 1.173124e-04 9.999998e-01 -6.915830e-04 -2.127512e+00 -3.030776e-02 6.948225e-04 9.995404e-01 3.902159e+01
9.996100e-01 2.209483e-04 -2.792534e-02 2.899708e+01 -2.019991e-04 9.999997e-01 6.813471e-04 -2.159049e+00 2.792557e-02 -6.754421e-04 9.996097e-01 3.955814e+01
9.995726e-01 -1.074721e-04 2.923489e-02 2.939627e+01 1.261812e-04 9.999998e-01 -6.381434e-04 -2.190234e+00 -2.923491e-02 6.415611e-04 9.995724e-01 4.020188e+01
9.995959e-01 2.094817e-04 -2.842456e-02 2.977777e+01 -1.898153e-04 9.999997e-01 6.945429e-04 -2.220769e+00 2.842478e-02 -6.888684e-04 9.995956e-01 4.084169e+01
9.996200e-01 -1.425332e-04 2.756512e-02 3.008477e+01 1.600316e-04 9.999998e-01 -6.326298e-04 -2.246808e+00 -2.756512e-02 6.368023e-04 9.996199e-01 4.138723e+01
9.995600e-01 1.791973e-04 -2.966021e-02 3.048874e+01 -1.582921e-04 9.999997e-01 7.071347e-04 -2.272891e+00 2.966042e-02 -7.021302e-04 9.995597e-01 4.180070e+01
9.995147e-01 -6.765660e-05 3.115194e-02 3.089433e+01 8.980964e-05 9.999997e-01 -7.097591e-04 -2.301339e+00 -3.115197e-02 7.122140e-04 9.995145e-01 4.231831e+01
9.996198e-01 2.051271e-04 -2.757091e-02 3.142123e+01 -1.879086e-04 9.999998e-01 6.270701e-04 -2.331262e+00 2.757112e-02 -6.216525e-04 9.996196e-01 4.273369e+01
9.992629e-01 1.590769e-05 3.838994e-02 3.165680e+01 2.044373e-05 9.999996e-01 -9.465307e-04 -2.353320e+00 -3.839002e-02 9.466194e-04 9.992625e-01 4.322054e+01
9.994471e-01 1.443379e-04 -3.324851e-02 3.184499e+01 -1.183355e-04 9.999997e-01 7.839957e-04 -2.374145e+00 3.324870e-02 -7.796294e-04 9.994467e-01 4.371618e+01
9.993524e-01 -8.558014e-06 3.598424e-02 3.191112e+01 3.995391e-05 9.999996e-01 -8.717972e-04 -2.392494e+00 -3.598430e-02 8.726719e-04 9.993520e-01 4.426823e+01
9.994969e-01 1.784652e-04 -3.171683e-02 3.200587e+01 -1.544509e-04 9.999997e-01 7.595636e-04 -2.413764e+00 3.171705e-02 -7.542844e-04 9.994965e-01 4.490668e+01
9.992685e-01 3.091067e-05 3.824186e-02 3.216355e+01 4.115286e-06 9.999996e-01 -9.158519e-04 -2.437628e+00 -3.824196e-02 9.153409e-04 9.992682e-01 4.557123e+01
9.994697e-01 1.775223e-04 -3.255982e-02 3.232195e+01 -1.519244e-04 9.999997e-01 7.886198e-04 -2.462582e+00 3.256004e-02 -7.832567e-04 9.994694e-01 4.627601e+01
9.992100e-01 3.791434e-05 3.974188e-02 3.245851e+01 4.994716e-07 9.999995e-01 -9.665962e-04 -2.485719e+00 -3.974199e-02 9.658540e-04 9.992096e-01 4.693756e+01
9.994314e-01 1.670729e-04 -3.371724e-02 3.268299e+01 -1.395182e-04 9.999997e-01 8.195472e-04 -2.511215e+00 3.371745e-02 -8.143786e-04 9.994310e-01 4.758282e+01
9.989725e-01 1.197809e-04 4.532151e-02 3.297840e+01 -6.983939e-05 9.999994e-01 -1.103542e-03 -2.539824e+00 -4.532170e-02 1.099245e-03 9.989719e-01 4.826988e+01
9.993818e-01 1.385008e-04 -3.515488e-02 3.316123e+01 -1.096143e-04 9.999997e-01 8.235851e-04 -2.563590e+00 3.515507e-02 -8.192242e-04 9.993815e-01 4.890152e+01
9.992412e-01 1.693241e-05 3.894880e-02 3.338788e+01 1.967133e-05 9.999996e-01 -9.394333e-04 -2.585378e+00 -3.894889e-02 9.394883e-04 9.992408e-01 4.938708e+01
9.995703e-01 1.862965e-04 -2.931177e-02 3.381027e+01 -1.672433e-04 9.999998e-01 6.524293e-04 -2.611625e+00 2.931198e-02 -6.472484e-04 9.995700e-01 4.979667e+01
9.989299e-01 1.089834e-04 4.624998e-02 3.435113e+01 -5.512007e-05 9.999993e-01 -1.165908e-03 -2.637618e+00 -4.625017e-02 1.162113e-03 9.989293e-01 5.004277e+01
9.997140e-01 2.625898e-04 -2.391284e-02 3.459824e+01 -2.515161e-04 9.999999e-01 4.660417e-04 -2.656575e+00 2.391305e-02 -4.598956e-04 9.997139e-01 5.038884e+01
9.991829e-01 6.433436e-05 4.041694e-02 3.489022e+01 -2.657932e-05 9.999996e-01 -9.347031e-04 -2.680442e+00 -4.041708e-02 9.328668e-04 9.991825e-01 5.088073e+01
9.994267e-01 1.389696e-04 -3.385419e-02 3.532505e+01 -1.128025e-04 9.999997e-01 7.748061e-04 -2.710086e+00 3.385438e-02 -7.705447e-04 9.994264e-01 5.141730e+01
9.991530e-01 6.615881e-05 4.115128e-02 3.587345e+01 -2.678129e-05 9.999995e-01 -9.574744e-04 -2.741371e+00 -4.115141e-02 9.555629e-04 9.991525e-01 5.186773e+01
9.996296e-01 2.273382e-04 -2.721132e-02 3.617601e+01 -2.116583e-04 9.999998e-01 5.790578e-04 -2.768177e+00 2.721154e-02 -5.730855e-04 9.996295e-01 5.246659e+01
9.993204e-01 1.178162e-05 3.686230e-02 3.640474e+01 1.869585e-05 9.999997e-01 -8.264791e-04 -2.793850e+00 -3.686239e-02 8.266083e-04 9.993201e-01 5.311241e+01
9.996709e-01 2.234122e-04 -2.564947e-02 3.669530e+01 -2.102901e-04 9.999998e-01 5.142420e-04 -2.819444e+00 2.564968e-02 -5.086806e-04 9.996708e-01 5.367046e+01
9.994977e-01 -2.857263e-05 3.169101e-02 3.683590e+01 4.924977e-05 9.999998e-01 -6.517184e-04 -2.843251e+00 -3.169108e-02 6.529535e-04 9.994976e-01 5.435618e+01
9.995582e-01 1.699701e-04 -2.971998e-02 3.700728e+01 -1.515424e-04 9.999998e-01 6.222512e-04 -2.866886e+00 2.972018e-02 -6.174742e-04 9.995580e-01 5.498905e+01
9.996372e-01 -1.298009e-04 2.693496e-02 3.724867e+01 1.451128e-04 9.999998e-01 -5.665673e-04 -2.887194e+00 -2.693497e-02 5.702720e-04 9.996371e-01 5.537856e+01
9.995717e-01 1.605514e-04 -2.926374e-02 3.762558e+01 -1.429491e-04 9.999998e-01 6.035531e-04 -2.909209e+00 2.926393e-02 -5.991130e-04 9.995715e-01 5.565108e+01
9.994471e-01 -2.980827e-05 3.324868e-02 3.789931e+01 5.478877e-05 9.999997e-01 -7.504479e-04 -2.929416e+00 -3.324875e-02 7.518564e-04 9.994469e-01 5.600378e+01
9.996042e-01 1.650791e-04 -2.812921e-02 3.820996e+01 -1.492351e-04 9.999998e-01 5.653109e-04 -2.950483e+00 2.812939e-02 -5.608910e-04 9.996041e-01 5.634075e+01
9.996187e-01 -1.079200e-04 2.761212e-02 3.873640e+01 1.235381e-04 9.999998e-01 -5.639643e-04 -2.976812e+00 -2.761215e-02 5.671622e-04 9.996186e-01 5.659431e+01
9.995476e-01 1.477707e-04 -3.007554e-02 3.924755e+01 -1.281681e-04 9.999998e-01 6.536640e-04 -3.005131e+00 3.007572e-02 -6.495153e-04 9.995473e-01 5.695339e+01
9.996326e-01 -1.470935e-04 2.710379e-02 3.983430e+01 1.624827e-04 9.999998e-01 -5.656298e-04 -3.033676e+00 -2.710380e-02 5.698276e-04 9.996325e-01 5.721516e+01
9.995830e-01 1.475154e-04 -2.887324e-02 4.062458e+01 -1.287030e-04 9.999998e-01 6.533653e-04 -3.068242e+00 2.887342e-02 -6.493785e-04 9.995828e-01 5.745272e+01
9.995367e-01 -8.225487e-05 3.043787e-02 4.144071e+01 1.018182e-04 9.999998e-01 -6.412182e-04 -3.105692e+00 -3.043791e-02 6.440219e-04 9.995365e-01 5.778234e+01
9.995943e-01 1.461234e-04 -2.848157e-02 4.234694e+01 -1.287917e-04 9.999998e-01 6.103128e-04 -3.142190e+00 2.848175e-02 -6.063987e-04 9.995941e-01 5.794067e+01
9.995374e-01 -8.531538e-05 3.041508e-02 4.314992e+01 1.058030e-04 9.999998e-01 -6.720324e-04 -3.174712e+00 -3.041511e-02 6.749412e-04 9.995372e-01 5.807295e+01
9.996775e-01 2.053248e-04 -2.539203e-02 4.401466e+01 -1.920727e-04 9.999998e-01 5.242858e-04 -3.209510e+00 2.539223e-02 -5.192413e-04 9.996774e-01 5.822070e+01
9.995574e-01 -9.627921e-05 2.974871e-02 4.487196e+01 1.157787e-04 9.999998e-01 -6.537917e-04 -3.242577e+00 -2.974873e-02 6.569483e-04 9.995573e-01 5.830900e+01
9.995775e-01 1.367392e-04 -2.906456e-02 4.571973e+01 -1.183923e-04 9.999998e-01 6.329219e-04 -3.275330e+00 2.906474e-02 -6.292151e-04 9.995773e-01 5.839165e+01
9.994635e-01 -3.212176e-05 3.275427e-02 4.647007e+01 5.667147e-05 9.999997e-01 -7.486203e-04 -3.307340e+00 -3.275433e-02 7.500765e-04 9.994632e-01 5.857786e+01
9.994573e-01 7.177535e-05 -3.294078e-02 4.724012e+01 -4.744713e-05 9.999997e-01 7.392848e-04 -3.337711e+00 3.294092e-02 -7.373223e-04 9.994570e-01 5.866188e+01
9.995113e-01 -6.845669e-05 3.126164e-02 4.797749e+01 9.129242e-05 9.999997e-01 -7.290828e-04 -3.365102e+00 -3.126168e-02 7.315821e-04 9.995110e-01 5.867223e+01
9.997314e-01 2.222198e-04 -2.317212e-02 4.849058e+01 -2.116018e-04 9.999999e-01 4.606183e-04 -3.389764e+00 2.317231e-02 -4.555931e-04 9.997313e-01 5.888840e+01
9.995503e-01 -8.404191e-05 2.998905e-02 4.897951e+01 1.048466e-04 9.999998e-01 -6.922107e-04 -3.413178e+00 -2.998908e-02 6.950453e-04 9.995501e-01 5.908338e+01
9.996350e-01 1.818479e-04 -2.701232e-02 4.946944e+01 -1.660446e-04 9.999998e-01 5.872308e-04 -3.438058e+00 2.701251e-02 -5.825330e-04 9.996349e-01 5.933271e+01
9.995162e-01 -6.442910e-05 3.110368e-02 4.995544e+01 8.654028e-05 9.999997e-01 -7.095806e-04 -3.464667e+00 -3.110372e-02 7.119307e-04 9.995160e-01 5.965837e+01
9.996393e-01 1.945641e-04 -2.685386e-02 5.079796e+01 -1.753562e-04 9.999997e-01 7.175784e-04 -3.507446e+00 2.685408e-02 -7.126123e-04 9.996390e-01 6.018142e+01
9.996856e-01 -2.337083e-04 2.507296e-02 5.142504e+01 2.479180e-04 9.999998e-01 -5.636742e-04 -3.543827e+00 -2.507292e-02 5.697148e-04 9.996855e-01 6.073202e+01
9.995825e-01 2.696332e-04 -2.889109e-02 5.141718e+01 -2.515113e-04 9.999998e-01 6.308358e-04 -3.559179e+00 2.889135e-02 -6.233076e-04 9.995823e-01 6.122129e+01
9.992385e-01 -4.997407e-05 3.901894e-02 5.195964e+01 8.444376e-05 9.999996e-01 -8.817930e-04 -3.590899e+00 -3.901898e-02 8.844181e-04 9.992381e-01 6.168897e+01
9.997980e-01 3.761751e-04 -2.009420e-02 5.249554e+01 -3.687966e-04 9.999999e-01 3.708295e-04 -3.622951e+00 2.009443e-02 -3.633456e-04 9.997980e-01 6.218583e+01
9.994739e-01 -9.579781e-05 3.243516e-02 5.288139e+01 1.166944e-04 9.999998e-01 -6.424035e-04 -3.654807e+00 -3.243519e-02 6.458522e-04 9.994737e-01 6.287013e+01
9.994540e-01 1.788349e-04 -3.303917e-02 5.311962e+01 -1.557528e-04 9.999997e-01 7.011582e-04 -3.680284e+00 3.303938e-02 -6.956311e-04 9.994537e-01 6.348233e+01
9.991971e-01 8.859465e-06 4.006444e-02 5.346682e+01 2.642903e-05 9.999996e-01 -8.802954e-04 -3.707220e+00 -4.006453e-02 8.806491e-04 9.991968e-01 6.401421e+01
9.998301e-01 3.657258e-04 -1.842526e-02 5.381970e+01 -3.606378e-04 9.999999e-01 2.793926e-04 -3.735752e+00 1.842546e-02 -2.727019e-04 9.998301e-01 6.460908e+01
9.995679e-01 -1.063890e-04 2.939532e-02 5.411744e+01 1.219763e-04 9.999999e-01 -5.285187e-04 -3.764907e+00 -2.939535e-02 5.318775e-04 9.995678e-01 6.530132e+01
9.999130e-01 4.038344e-04 -1.318449e-02 5.462489e+01 -4.026470e-04 9.999999e-01 9.260898e-05 -3.797282e+00 1.318462e-02 -8.729387e-05 9.999130e-01 6.584952e+01
9.994247e-01 -4.640456e-05 3.391653e-02 5.509224e+01 6.875328e-05 9.999998e-01 -6.578078e-04 -3.826489e+00 -3.391659e-02 6.597629e-04 9.994245e-01 6.632230e+01
9.998184e-01 3.146000e-04 -1.905255e-02 5.542751e+01 -3.103899e-04 9.999999e-01 2.238529e-04 -3.851415e+00 1.905272e-02 -2.179002e-04 9.998184e-01 6.679356e+01
9.994534e-01 -1.789820e-05 3.306069e-02 5.591920e+01 3.613661e-05 9.999998e-01 -5.511103e-04 -3.885652e+00 -3.306078e-02 5.520054e-04 9.994532e-01 6.743758e+01
9.998862e-01 3.777047e-04 -1.507947e-02 5.641701e+01 -3.759277e-04 9.999999e-01 1.205787e-04 -3.921984e+00 1.507962e-02 -1.148978e-04 9.998862e-01 6.815751e+01
9.997715e-01 -2.282505e-04 2.137541e-02 5.734335e+01 2.336300e-04 9.999999e-01 -2.492421e-04 -3.961853e+00 -2.137545e-02 2.541808e-04 9.997715e-01 6.844056e+01
9.998680e-01 3.380542e-04 -1.624262e-02 5.810792e+01 -3.358809e-04 9.999999e-01 1.364325e-04 -3.997280e+00 1.624277e-02 -1.309605e-04 9.998680e-01 6.875851e+01
9.997896e-01 -2.099099e-04 2.051163e-02 5.879690e+01 2.138114e-04 1.000000e+00 -1.880874e-04 -4.033503e+00 -2.051169e-02 1.924351e-04 9.997897e-01 6.921663e+01
9.997845e-01 2.462963e-04 -2.075705e-02 5.935580e+01 -2.421256e-04 9.999999e-01 2.033669e-04 -4.061758e+00 2.075720e-02 -1.982989e-04 9.997845e-01 6.950517e+01
9.997933e-01 -2.103102e-04 2.033267e-02 5.986904e+01 2.143967e-04 1.000000e+00 -1.988764e-04 -4.088177e+00 -2.033272e-02 2.031962e-04 9.997933e-01 6.977969e+01
9.999546e-01 4.250315e-04 -9.516581e-03 6.034598e+01 -4.258356e-04 9.999999e-01 -8.262534e-05 -4.118750e+00 9.516645e-03 8.667247e-05 9.999547e-01 7.029094e+01
9.996672e-01 -9.222658e-05 2.579761e-02 6.061730e+01 1.004637e-04 9.999999e-01 -3.180600e-04 -4.148092e+00 -2.579768e-02 3.205475e-04 9.996672e-01 7.103190e+01
9.998524e-01 2.812967e-04 -1.717415e-02 6.096311e+01 -2.797739e-04 1.000000e+00 9.098470e-05 -4.175294e+00 1.717427e-02 -8.616800e-05 9.998525e-01 7.157550e+01
9.998538e-01 -2.643697e-04 1.710011e-02 6.160111e+01 2.661583e-04 1.000000e+00 -1.024090e-04 -4.203208e+00 -1.710018e-02 1.069470e-04 9.998538e-01 7.173765e+01
9.999364e-01 3.783474e-04 -1.126493e-02 6.251456e+01 -3.790095e-04 9.999999e-01 -5.678061e-05 -4.240068e+00 1.126501e-02 6.104491e-05 9.999365e-01 7.190645e+01
9.998113e-01 -2.035169e-04 1.942487e-02 6.312823e+01 2.066064e-04 1.000000e+00 -1.571257e-04 -4.271152e+00 -1.942494e-02 1.611110e-04 9.998114e-01 7.224732e+01
9.998198e-01 2.552778e-04 -1.897708e-02 6.374661e+01 -2.522936e-04 1.000000e+00 1.595657e-04 -4.301826e+00 1.897722e-02 -1.547507e-04 9.998199e-01 7.255596e+01
9.997780e-01 -1.806221e-04 2.107308e-02 6.447701e+01 1.850141e-04 1.000000e+00 -2.065417e-04 -4.334243e+00 -2.107314e-02 2.103963e-04 9.997780e-01 7.278471e+01
9.998241e-01 2.452781e-04 -1.875094e-02 6.524874e+01 -2.419764e-04 1.000000e+00 1.782648e-04 -4.369635e+00 1.875108e-02 -1.736978e-04 9.998241e-01 7.308850e+01
9.997945e-01 -1.586652e-04 2.027163e-02 6.577241e+01 1.619478e-04 1.000000e+00 -1.603637e-04 -4.401780e+00 -2.027171e-02 1.636153e-04 9.997945e-01 7.359812e+01
9.998082e-01 2.243733e-04 -1.957848e-02 6.630694e+01 -2.205285e-04 1.000000e+00 1.984550e-04 -4.433720e+00 1.957862e-02 -1.941009e-04 9.998083e-01 7.408143e+01
9.997975e-01 -1.554268e-04 2.012314e-02 6.677842e+01 1.588885e-04 1.000000e+00 -1.705057e-04 -4.463313e+00 -2.012322e-02 1.736701e-04 9.997975e-01 7.455095e+01
9.997884e-01 2.145107e-04 -2.056514e-02 6.721044e+01 -2.093908e-04 9.999999e-01 2.510377e-04 -4.494360e+00 2.056529e-02 -2.466800e-04 9.997884e-01 7.513950e+01
9.997444e-01 -1.013939e-04 2.260963e-02 6.768133e+01 1.065691e-04 1.000000e+00 -2.277561e-04 -4.527714e+00 -2.260971e-02 2.301089e-04 9.997444e-01 7.577486e+01
9.997590e-01 1.966373e-04 -2.194997e-02 6.808324e+01 -1.916211e-04 1.000000e+00 2.305577e-04 -4.554993e+00 2.195011e-02 -2.262976e-04 9.997590e-01 7.624121e+01
9.999078e-01 -2.119168e-04 1.358104e-02 6.845847e+01 2.120096e-04 1.000000e+00 -5.508216e-06 -4.580200e+00 -1.358114e-02 8.388617e-06 9.999078e-01 7.665643e+01
9.998214e-01 2.015289e-04 -1.889624e-02 6.877268e+01 -1.986770e-04 1.000000e+00 1.527185e-04 -4.604386e+00 1.889637e-02 -1.489385e-04 9.998214e-01 7.711612e+01
9.996841e-01 -4.115182e-05 2.513583e-02 6.913115e+01 4.908580e-05 9.999999e-01 -3.150866e-04 -4.630903e+00 -2.513591e-02 3.162224e-04 9.996840e-01 7.761967e+01
9.998176e-01 2.348198e-04 -1.909360e-02 6.937370e+01 -2.310595e-04 1.000000e+00 1.990680e-04 -4.658759e+00 1.909375e-02 -1.946214e-04 9.998176e-01 7.834206e+01
9.997158e-01 -6.135406e-05 2.383982e-02 6.959753e+01 6.804024e-05 1.000000e+00 -2.797145e-04 -4.685663e+00 -2.383990e-02 2.812587e-04 9.997158e-01 7.904895e+01
9.998119e-01 2.101642e-04 -1.939250e-02 6.999479e+01 -2.065899e-04 1.000000e+00 1.862362e-04 -4.714556e+00 1.939264e-02 -1.821964e-04 9.998119e-01 7.960074e+01
9.998485e-01 -1.699573e-04 1.740817e-02 7.015320e+01 1.721602e-04 1.000000e+00 -1.251322e-04 -4.735502e+00 -1.740825e-02 1.281118e-04 9.998485e-01 8.013652e+01
9.998259e-01 2.592557e-04 -1.865430e-02 7.012439e+01 -2.557310e-04 9.999999e-01 1.912549e-04 -4.755408e+00 1.865445e-02 -1.864527e-04 9.998259e-01 8.087356e+01
9.997471e-01 -9.746747e-05 2.248945e-02 7.011427e+01 1.031372e-04 1.000000e+00 -2.510139e-04 -4.776523e+00 -2.248953e-02 2.532714e-04 9.997471e-01 8.164585e+01
9.996974e-01 2.120986e-04 -2.459701e-02 7.011102e+01 -2.031106e-04 9.999999e-01 3.678480e-04 -4.798946e+00 2.459719e-02 -3.627423e-04 9.996973e-01 8.245343e+01
9.998424e-01 -7.217711e-05 1.775840e-02 7.006788e+01 7.508332e-05 1.000000e+00 -1.630676e-04 -4.818493e+00 -1.775849e-02 1.643768e-04 9.998423e-01 8.319456e+01
9.996794e-01 1.604023e-04 -2.531682e-02 6.986918e+01 -1.518922e-04 9.999999e-01 3.380042e-04 -4.828638e+00 2.531697e-02 -3.340519e-04 9.996794e-01 8.368547e+01
9.998664e-01 -5.933546e-05 1.634553e-02 6.979941e+01 6.153306e-05 1.000000e+00 -1.340302e-04 -4.843358e+00 -1.634562e-02 1.350196e-04 9.998664e-01 8.423521e+01
9.996420e-01 1.702223e-04 -2.675315e-02 6.984080e+01 -1.598858e-04 9.999999e-01 3.884502e-04 -4.861835e+00 2.675331e-02 -3.840352e-04 9.996419e-01 8.481350e+01
9.998528e-01 -7.602584e-05 1.715808e-02 6.992264e+01 7.865028e-05 1.000000e+00 -1.523618e-04 -4.880603e+00 -1.715816e-02 1.536904e-04 9.998528e-01 8.535439e+01
9.996250e-01 7.641869e-05 -2.738072e-02 6.971391e+01 -7.013305e-05 1.000000e+00 2.304736e-04 -4.877014e+00 2.738083e-02 -2.284684e-04 9.996250e-01 8.527138e+01
9.997930e-01 -2.593350e-05 2.034894e-02 6.967053e+01 2.793670e-05 1.000000e+00 -9.822442e-05 -4.890677e+00 -2.034903e-02 9.877405e-05 9.997930e-01 8.573547e+01
9.995527e-01 8.839604e-05 -2.990534e-02 6.984056e+01 -7.850409e-05 9.999999e-01 3.319032e-04 -4.910914e+00 2.990546e-02 -3.294085e-04 9.995526e-01 8.621782e+01
9.998635e-01 -6.086030e-05 1.652736e-02 7.023071e+01 6.100116e-05 1.000000e+00 -8.097840e-06 -4.932498e+00 -1.652745e-02 9.106388e-06 9.998635e-01 8.646895e+01
9.994144e-01 1.806112e-04 -3.421653e-02 7.053006e+01 -1.659329e-04 9.999999e-01 4.317835e-04 -4.951497e+00 3.421671e-02 -4.258544e-04 9.994143e-01 8.674948e+01
9.996669e-01 -1.839930e-04 2.581069e-02 7.099194e+01 1.903122e-04 1.000000e+00 -2.424207e-04 -4.974321e+00 -2.581075e-02 2.472535e-04 9.996669e-01 8.694812e+01
9.993765e-01 1.765347e-04 -3.530494e-02 7.152694e+01 -1.631019e-04 9.999999e-01 3.833230e-04 -4.991637e+00 3.530510e-02 -3.773272e-04 9.993765e-01 8.683784e+01
9.996000e-01 -1.648799e-04 2.828111e-02 7.184988e+01 1.738273e-04 9.999999e-01 -3.139580e-04 -5.006435e+00 -2.828115e-02 3.187499e-04 9.996000e-01 8.690467e+01
9.994776e-01 1.876109e-04 -3.231794e-02 7.223911e+01 -1.739474e-04 9.999999e-01 4.255539e-04 -5.031215e+00 3.231811e-02 -4.197114e-04 9.994775e-01 8.727859e+01
9.996512e-01 -2.061311e-04 2.641114e-02 7.278064e+01 2.130180e-04 9.999999e-01 -2.579897e-04 -5.058755e+00 -2.641119e-02 2.635272e-04 9.996512e-01 8.756236e+01
9.994850e-01 1.481000e-04 -3.208725e-02 7.343867e+01 -1.343962e-04 9.999999e-01 4.291988e-04 -5.088367e+00 3.208741e-02 -4.246668e-04 9.994849e-01 8.777037e+01
9.996114e-01 -2.014493e-04 2.787623e-02 7.415837e+01 2.096148e-04 9.999999e-01 -2.900411e-04 -5.119601e+00 -2.787627e-02 2.957730e-04 9.996114e-01 8.796399e+01
9.995449e-01 1.621117e-04 -3.016259e-02 7.500559e+01 -1.506157e-04 9.999999e-01 3.833653e-04 -5.153606e+00 3.016275e-02 -3.786493e-04 9.995449e-01 8.810006e+01
9.996011e-01 -2.354659e-04 2.824381e-02 7.616764e+01 2.424133e-04 9.999999e-01 -2.425961e-04 -5.197498e+00 -2.824385e-02 2.493474e-04 9.996011e-01 8.822802e+01
9.996386e-01 2.339170e-04 -2.688153e-02 7.749121e+01 -2.252984e-04 9.999999e-01 3.235967e-04 -5.247273e+00 2.688170e-02 -3.174248e-04 9.996385e-01 8.839392e+01
9.995183e-01 -1.643260e-04 3.103664e-02 7.905633e+01 1.732345e-04 9.999999e-01 -2.843829e-04 -5.304236e+00 -3.103669e-02 2.896240e-04 9.995183e-01 8.853622e+01
9.995473e-01 1.258114e-04 -3.008455e-02 8.080623e+01 -1.120264e-04 9.999999e-01 4.598521e-04 -5.367136e+00 3.008470e-02 -4.562751e-04 9.995472e-01 8.866967e+01
9.995535e-01 -1.751278e-04 2.988150e-02 8.196691e+01 1.860727e-04 9.999999e-01 -3.635340e-04 -5.411415e+00 -2.988153e-02 3.689332e-04 9.995534e-01 8.882546e+01
9.993839e-01 6.919512e-05 -3.509567e-02 8.262497e+01 -5.029578e-05 9.999999e-01 5.393566e-04 -5.442948e+00 3.509580e-02 -5.372605e-04 9.993838e-01 8.912203e+01
9.994673e-01 -2.129847e-04 3.263602e-02 8.375300e+01 2.251802e-04 9.999999e-01 -3.700430e-04 -5.487782e+00 -3.263603e-02 3.771962e-04 9.994673e-01 8.937419e+01
9.996101e-01 2.969524e-04 -2.791800e-02 8.539295e+01 -2.847102e-04 9.999999e-01 4.424332e-04 -5.547536e+00 2.791823e-02 -4.343135e-04 9.996101e-01 8.956305e+01
9.995673e-01 -2.725947e-04 2.941538e-02 8.630348e+01 2.850469e-04 9.999999e-01 -4.191706e-04 -5.584923e+00 -2.941536e-02 4.273754e-04 9.995672e-01 8.978717e+01
9.995364e-01 1.934603e-04 -3.044584e-02 8.699570e+01 -1.799550e-04 9.999999e-01 4.462857e-04 -5.613782e+00 3.044602e-02 -4.406013e-04 9.995363e-01 8.995713e+01
9.995300e-01 -2.997019e-04 3.065676e-02 8.850121e+01 3.085878e-04 9.999999e-01 -2.851579e-04 -5.667118e+00 -3.065677e-02 2.944856e-04 9.995300e-01 9.006250e+01
9.994717e-01 1.113612e-04 -3.249844e-02 9.013016e+01 -9.381201e-05 9.999998e-01 5.414881e-04 -5.724942e+00 3.249859e-02 -5.381547e-04 9.994716e-01 9.019290e+01
9.995404e-01 -3.313002e-04 3.031587e-02 9.183900e+01 3.395974e-04 9.999999e-01 -2.685827e-04 -5.785393e+00 -3.031588e-02 2.787559e-04 9.995404e-01 9.032959e+01
9.994135e-01 2.491347e-05 -3.424329e-02 9.376185e+01 -4.160293e-06 9.999998e-01 6.060867e-04 -5.850737e+00 3.424339e-02 -6.055901e-04 9.994133e-01 9.037920e+01
9.995629e-01 -3.710207e-04 2.956107e-02 9.580108e+01 3.783731e-04 9.999999e-01 -2.431622e-04 -5.919945e+00 -2.956107e-02 2.542424e-04 9.995630e-01 9.042327e+01
9.994043e-01 2.773055e-05 -3.451168e-02 9.780884e+01 -6.553270e-06 9.999998e-01 6.137048e-04 -5.988355e+00 3.451179e-02 -6.131144e-04 9.994040e-01 9.047772e+01
9.995536e-01 -3.586437e-04 2.987712e-02 9.979434e+01 3.662243e-04 9.999999e-01 -2.482914e-04 -6.057968e+00 -2.987713e-02 2.591237e-04 9.995536e-01 9.061825e+01
9.994505e-01 7.817853e-05 -3.314640e-02 1.018882e+02 -5.714154e-05 9.999998e-01 6.355802e-04 -6.131180e+00 3.314654e-02 -6.333382e-04 9.994502e-01 9.076991e+01
9.996006e-01 -3.586837e-04 2.825998e-02 1.036061e+02 3.666917e-04 9.999999e-01 -2.782245e-04 -6.196483e+00 -2.825998e-02 2.884774e-04 9.996006e-01 9.108525e+01
9.994390e-01 7.805811e-05 -3.349157e-02 1.053909e+02 -5.587857e-05 9.999998e-01 6.631432e-04 -6.263827e+00 3.349171e-02 -6.609010e-04 9.994387e-01 9.140097e+01
9.994929e-01 -3.116549e-04 3.184089e-02 1.077303e+02 3.200218e-04 9.999999e-01 -2.577108e-04 -6.345969e+00 -3.184090e-02 2.677712e-04 9.994930e-01 9.159708e+01
9.994133e-01 7.811438e-05 -3.425000e-02 1.100870e+02 -5.396558e-05 9.999997e-01 7.059650e-04 -6.430190e+00 3.425015e-02 -7.037038e-04 9.994130e-01 9.184788e+01
9.994764e-01 -3.264348e-04 3.235514e-02 1.126684e+02 3.346216e-04 9.999999e-01 -2.476468e-04 -6.519974e+00 -3.235516e-02 2.583452e-04 9.994765e-01 9.202402e+01
9.994015e-01 8.016092e-05 -3.459137e-02 1.150860e+02 -5.638190e-05 9.999998e-01 6.883692e-04 -6.603965e+00 3.459152e-02 -6.860082e-04 9.994012e-01 9.218155e+01
9.995258e-01 -3.561059e-04 3.079252e-02 1.169691e+02 3.669316e-04 9.999999e-01 -3.459517e-04 -6.670662e+00 -3.079249e-02 3.570877e-04 9.995258e-01 9.233320e+01
9.992633e-01 4.533523e-05 -3.837680e-02 1.186698e+02 -1.666837e-05 9.999997e-01 7.472749e-04 -6.732923e+00 3.837692e-02 -7.460860e-04 9.992630e-01 9.251501e+01
9.994383e-01 -3.464704e-04 3.351173e-02 1.204775e+02 3.603967e-04 9.999999e-01 -4.095563e-04 -6.797817e+00 -3.351168e-02 4.214050e-04 9.994383e-01 9.269420e+01
9.994138e-01 1.927777e-04 -3.423263e-02 1.224318e+02 -1.684314e-04 9.999997e-01 7.140544e-04 -6.867251e+00 3.423286e-02 -7.078713e-04 9.994136e-01 9.287306e+01
9.995429e-01 -4.421331e-04 3.023158e-02 1.239740e+02 4.556933e-04 9.999998e-01 -4.416875e-04 -6.923998e+00 -3.023148e-02 4.552632e-04 9.995429e-01 9.306735e+01
9.993923e-01 1.549915e-04 -3.485528e-02 1.257701e+02 -1.277601e-04 9.999997e-01 7.834636e-04 -6.988372e+00 3.485549e-02 -7.785357e-04 9.993920e-01 9.324197e+01
9.994714e-01 -3.894698e-04 3.250844e-02 1.278201e+02 4.035271e-04 9.999998e-01 -4.258874e-04 -7.060543e+00 -3.250837e-02 4.387816e-04 9.994714e-01 9.340590e+01
9.994025e-01 1.598988e-04 -3.456104e-02 1.300690e+02 -1.315413e-04 9.999997e-01 8.227460e-04 -7.138223e+00 3.456126e-02 -8.177095e-04 9.994022e-01 9.353236e+01
9.995053e-01 -4.432941e-04 3.144792e-02 1.323593e+02 4.560299e-04 9.999998e-01 -3.978389e-04 -7.217879e+00 -3.144784e-02 4.119845e-04 9.995054e-01 9.368246e+01
9.993931e-01 1.765099e-04 -3.483354e-02 1.345724e+02 -1.475431e-04 9.999996e-01 8.341169e-04 -7.296998e+00 3.483377e-02 -8.284724e-04 9.993927e-01 9.391616e+01
9.995323e-01 -4.969052e-04 3.057638e-02 1.368603e+02 5.087785e-04 9.999998e-01 -3.805668e-04 -7.378327e+00 -3.057628e-02 3.959467e-04 9.995324e-01 9.414044e+01
9.994251e-01 2.231807e-04 -3.390232e-02 1.391454e+02 -1.950453e-04 9.999996e-01 8.331694e-04 -7.459592e+00 3.390259e-02 -8.260791e-04 9.994247e-01 9.436935e+01
9.996010e-01 -4.969352e-04 2.824342e-02 1.408643e+02 5.093145e-04 9.999998e-01 -4.311443e-04 -7.526516e+00 -2.824330e-02 4.453583e-04 9.996010e-01 9.474358e+01
9.992822e-01 2.842299e-04 -3.788016e-02 1.421726e+02 -2.496969e-04 9.999995e-01 9.163403e-04 -7.583184e+00 3.788050e-02 -9.062252e-04 9.992818e-01 9.521651e+01
9.994854e-01 -5.528985e-04 3.207463e-02 1.438285e+02 5.712137e-04 9.999997e-01 -5.618839e-04 -7.645129e+00 -3.207441e-02 5.799174e-04 9.994854e-01 9.546071e+01
9.993621e-01 2.903059e-04 -3.570939e-02 1.457643e+02 -2.572829e-04 9.999995e-01 9.293363e-04 -7.713992e+00 3.570974e-02 -9.195573e-04 9.993617e-01 9.563746e+01
9.994815e-01 -5.410621e-04 3.219590e-02 1.475280e+02 5.612482e-04 9.999997e-01 -6.179692e-04 -7.776631e+00 -3.219565e-02 6.357199e-04 9.994814e-01 9.578262e+01
9.993777e-01 3.202002e-04 -3.527088e-02 1.489912e+02 -2.901761e-04 9.999996e-01 8.563328e-04 -7.829094e+00 3.527123e-02 -8.455663e-04 9.993774e-01 9.591402e+01
9.994558e-01 -5.217654e-04 3.298352e-02 1.504628e+02 5.429754e-04 9.999997e-01 -6.341204e-04 -7.881661e+00 -3.298327e-02 6.516857e-04 9.994558e-01 9.604624e+01
9.993504e-01 2.821563e-04 -3.603750e-02 1.520925e+02 -2.499449e-04 9.999996e-01 8.983070e-04 -7.937610e+00 3.603784e-02 -8.887172e-04 9.993500e-01 9.609946e+01
9.994545e-01 -5.422234e-04 3.302362e-02 1.539004e+02 5.625443e-04 9.999997e-01 -6.060821e-04 -7.999097e+00 -3.302337e-02 6.243298e-04 9.994545e-01 9.614556e+01
9.992849e-01 2.702429e-04 -3.780842e-02 1.554640e+02 -2.367983e-04 9.999996e-01 8.890332e-04 -8.053359e+00 3.780874e-02 -8.794457e-04 9.992845e-01 9.619162e+01
9.995230e-01 -5.560001e-04 3.087832e-02 1.569229e+02 5.742277e-04 9.999997e-01 -5.814641e-04 -8.105512e+00 -3.087808e-02 5.989191e-04 9.995230e-01 9.627110e+01
9.994028e-01 3.149751e-04 -3.455104e-02 1.584156e+02 -2.865267e-04 9.999996e-01 8.282947e-04 -8.158226e+00 3.455138e-02 -8.179014e-04 9.994025e-01 9.636492e+01
