9.995194e-01 4.934781e-04 3.099544e-02 3.484350e-01 -4.651646e-04 9.999995e-01 -9.206768e-04 -2.509679e-02 -3.099588e-02 9.058160e-04 9.995192e-01 4.655031e-01
9.999987e-01 2.589183e-05 1.583226e-03 5.065523e-01 -2.579813e-05 1.000000e+00 -5.920149e-05 -4.574118e-02 -1.583222e-03 5.916086e-05 9.999986e-01 9.955506e-01
9.994326e-01 5.247891e-04 3.367646e-02 6.587262e-01 -4.912076e-04 9.999994e-01 -1.005447e-03 -6.541758e-02 -3.367698e-02 9.883340e-04 9.994324e-01 1.494025e+00
9.999876e-01 -7.744461e-05 -4.977318e-03 7.865184e-01 7.804428e-05 1.000000e+00 1.202849e-04 -8.398018e-02 4.977321e-03 -1.206717e-04 9.999875e-01 1.976081e+00
9.991660e-01 6.220904e-04 4.082681e-02 9.131921e-01 -5.725863e-04 9.999991e-01 -1.224221e-03 -1.011442e-01 -4.082755e-02 1.199823e-03 9.991656e-01 2.406735e+00
9.999969e-01 1.911770e-05 2.471170e-03 1.021496e+00 -1.890337e-05 1.000000e+00 -8.674693e-05 -1.182757e-01 -2.471151e-03 8.669983e-05 9.999968e-01 2.859141e+00
9.992088e-01 6.210231e-04 3.976559e-02 1.155564e+00 -5.740078e-04 9.999991e-01 -1.193718e-03 -1.347641e-01 -3.976632e-02 1.169948e-03 9.992084e-01 3.250146e+00
9.999951e-01 -3.360531e-05 -3.127404e-03 1.294641e+00 3.394494e-05 1.000000e+00 1.085224e-04 -1.566183e-01 3.127428e-03 -1.086283e-04 9.999950e-01 3.853731e+00
9.991581e-01 6.521551e-04 4.102065e-02 1.430270e+00 -6.029501e-04 9.999991e-01 -1.211879e-03 -1.789188e-01 -4.102144e-02 1.186125e-03 9.991577e-01 4.481674e+00
9.999959e-01 -2.719803e-05 -2.855111e-03 1.572673e+00 2.747134e-05 1.000000e+00 9.564491e-05 -2.021813e-01 2.855144e-03 -9.572348e-05 9.999958e-01 5.137149e+00
9.991469e-01 6.371665e-04 4.129195e-02 1.717781e+00 -5.864784e-04 9.999991e-01 -1.239659e-03 -2.236821e-01 -4.129274e-02 1.214385e-03 9.991464e-01 5.720645e+00
9.999927e-01 -3.648403e-05 -3.824787e-03 1.968868e+00 3.695086e-05 1.000000e+00 1.219360e-04 -2.460065e-01 3.824825e-03 -1.220772e-04 9.999926e-01 6.205059e+00
9.992234e-01 6.128818e-04 3.939714e-02 2.189716e+00 -5.662218e-04 9.999991e-01 -1.195501e-03 -2.678035e-01 -3.939788e-02 1.172266e-03 9.992230e-01 6.709891e+00
9.999995e-01 5.492969e-05 1.007670e-03 2.409179e+00 -5.492668e-05 1.000000e+00 -2.763088e-06 -2.897985e-01 -1.007621e-03 2.706848e-06 9.999994e-01 7.224234e+00
9.995036e-01 4.894387e-04 3.150042e-02 2.645405e+00 -4.604793e-04 9.999995e-01 -9.265885e-04 -3.151306e-01 -3.150091e-02 9.116242e-04 9.995034e-01 7.845638e+00
9.999894e-01 -2.859443e-05 -4.600316e-03 2.911992e+00 2.934443e-05 1.000000e+00 1.628941e-04 -3.412432e-01 4.600366e-03 -1.630284e-04 9.999893e-01 8.461338e+00
9.994522e-01 5.282857e-04 3.309150e-02 3.114762e+00 -4.966300e-04 9.999994e-01 -9.648322e-04 -3.683187e-01 -3.309204e-02 9.478705e-04 9.994520e-01 9.191349e+00
9.999998e-01 2.916243e-05 6.734228e-04 3.344708e+00 -2.915129e-05 1.000000e+00 -1.596001e-05 -3.925760e-01 -6.733638e-04 1.593924e-05 9.999997e-01 9.780413e+00
9.995423e-01 4.830393e-04 3.024776e-02 3.541366e+00 -4.569014e-04 9.999995e-01 -8.710444e-04 -4.165800e-01 -3.024823e-02 8.568267e-04 9.995421e-01 1.039770e+01
9.999745e-01 9.455267e-05 7.136055e-03 3.707741e+00 -9.272521e-05 1.000000e+00 -2.563518e-04 -4.369843e-01 -7.136015e-03 2.556823e-04 9.999744e-01 1.091400e+01
9.992953e-01 5.607684e-04 3.753237e-02 3.885981e+00 -5.195847e-04 9.999993e-01 -1.107044e-03 -4.511039e-01 -3.753303e-02 1.086764e-03 9.992949e-01 1.114186e+01
9.999835e-01 -5.907582e-05 -5.737696e-03 4.381871e+00 5.988783e-05 1.000000e+00 1.412434e-04 -4.745533e-01 5.737758e-03 -1.415861e-04 9.999834e-01 1.134418e+01
9.997461e-01 3.323298e-04 2.253276e-02 5.050703e+00 -3.179159e-04 9.999997e-01 -6.432927e-04 -5.050446e-01 -2.253304e-02 6.359672e-04 9.997460e-01 1.159476e+01
9.999796e-01 -7.151541e-05 -6.389292e-03 5.709606e+00 7.250057e-05 1.000000e+00 1.538543e-04 -5.348544e-01 6.389354e-03 -1.543159e-04 9.999795e-01 1.183323e+01
9.998175e-01 2.863487e-04 1.910415e-02 6.389243e+00 -2.758896e-04 9.999998e-01 -5.501491e-04 -5.634731e-01 -1.910437e-02 5.447795e-04 9.998174e-01 1.199449e+01
9.999224e-01 -1.391593e-04 -1.245747e-02 7.013139e+00 1.433443e-04 9.999999e-01 3.349874e-04 -5.923587e-01 1.245750e-02 -3.367486e-04 9.999223e-01 1.223666e+01
9.996723e-01 3.708435e-04 2.559507e-02 7.557106e+00 -3.515211e-04 9.999996e-01 -7.594450e-04 -6.184449e-01 -2.559542e-02 7.502005e-04 9.996722e-01 1.247730e+01
9.999542e-01 -9.730103e-05 -9.565707e-03 8.156839e+00 9.979493e-05 1.000000e+00 2.601577e-04 -6.459757e-01 9.565758e-03 -2.611020e-04 9.999541e-01 1.270346e+01
9.997010e-01 3.545270e-04 2.444928e-02 8.682100e+00 -3.371156e-04 9.999997e-01 -7.162906e-04 -6.725801e-01 -2.444960e-02 7.078358e-04 9.997009e-01 1.299112e+01
9.999422e-01 -9.963895e-05 -1.074780e-02 9.246065e+00 1.030657e-04 9.999999e-01 3.182052e-04 -7.022220e-01 1.074785e-02 -3.192961e-04 9.999421e-01 1.335070e+01
9.998795e-01 2.365096e-04 1.551996e-02 9.885388e+00 -2.298141e-04 9.999999e-01 -4.332442e-04 -7.343351e-01 -1.552014e-02 4.296269e-04 9.998795e-01 1.371022e+01
9.999863e-01 -3.836152e-05 -5.237416e-03 1.042930e+01 3.908103e-05 1.000000e+00 1.371236e-04 -7.636966e-01 5.237490e-03 -1.373280e-04 9.999862e-01 1.409081e+01
9.997397e-01 3.463237e-04 2.281473e-02 1.079774e+01 -3.314081e-04 9.999997e-01 -6.575806e-04 -7.886924e-01 -2.281503e-02 6.498501e-04 9.997396e-01 1.452717e+01
9.999375e-01 -1.023306e-04 -1.117865e-02 1.106308e+01 1.060446e-04 9.999999e-01 3.315734e-04 -8.138248e-01 1.117869e-02 -3.327398e-04 9.999374e-01 1.510911e+01
9.997899e-01 2.932875e-04 2.049891e-02 1.152610e+01 -2.810099e-04 9.999998e-01 -6.018553e-04 -8.418088e-01 -2.049916e-02 5.959700e-04 9.997898e-01 1.553787e+01
9.999192e-01 -1.192446e-04 -1.271150e-02 1.190521e+01 1.239275e-04 9.999999e-01 3.675461e-04 -8.673229e-01 1.271154e-02 -3.690933e-04 9.999191e-01 1.597131e+01
9.997752e-01 3.107527e-04 2.120140e-02 1.213344e+01 -2.978321e-04 9.999998e-01 -6.126155e-04 -8.910152e-01 -2.120167e-02 6.061650e-04 9.997751e-01 1.653428e+01
9.998897e-01 -1.440428e-04 -1.484912e-02 1.230008e+01 1.502452e-04 9.999999e-01 4.165188e-04 -9.121545e-01 1.484914e-02 -4.187055e-04 9.998896e-01 1.707584e+01
9.997487e-01 3.252202e-04 2.241690e-02 1.255547e+01 -3.109508e-04 9.999997e-01 -6.400648e-04 -9.357838e-01 -2.241719e-02 6.329350e-04 9.997486e-01 1.759748e+01
9.998953e-01 -1.411815e-04 -1.447016e-02 1.287021e+01 1.470430e-04 9.999999e-01 4.039476e-04 -9.606404e-01 1.447019e-02 -4.060347e-04 9.998951e-01 1.809301e+01
9.997579e-01 3.340548e-04 2.200271e-02 1.313218e+01 -3.204159e-04 9.999998e-01 -6.234365e-04 -9.840213e-01 -2.200299e-02 6.162372e-04 9.997578e-01 1.860324e+01
9.998289e-01 -1.584022e-04 -1.849686e-02 1.329679e+01 1.685446e-04 9.999998e-01 5.467217e-04 -1.007735e+00 1.849686e-02 -5.497474e-04 9.998287e-01 1.925524e+01
9.998429e-01 1.816969e-04 1.772432e-02 1.345321e+01 -1.717592e-04 9.999998e-01 -5.622506e-04 -1.026349e+00 -1.772450e-02 5.591196e-04 9.998428e-01 1.970242e+01
9.997332e-01 -2.047417e-04 -2.309736e-02 1.373898e+01 2.204582e-04 9.999997e-01 6.778614e-04 -1.047838e+00 2.309730e-02 -6.827743e-04 9.997329e-01 2.007403e+01
9.997476e-01 2.520472e-04 2.246678e-02 1.375614e+01 -2.361497e-04 9.999997e-01 -7.102874e-04 -1.062985e+00 -2.246703e-02 7.048042e-04 9.997474e-01 2.054853e+01
9.997372e-01 -2.609443e-04 -2.292295e-02 1.372719e+01 2.755211e-04 9.999998e-01 6.327026e-04 -1.072643e+00 2.292286e-02 -6.388537e-04 9.997370e-01 2.081727e+01
9.996708e-01 3.619601e-04 2.565381e-02 1.409522e+01 -3.424270e-04 9.999996e-01 -7.658338e-04 -1.093311e+00 -2.565416e-02 7.567988e-04 9.996707e-01 2.106555e+01
9.997308e-01 -2.691981e-04 -2.320039e-02 1.456523e+01 2.842396e-04 9.999998e-01 6.449953e-04 -1.116648e+00 2.320030e-02 -6.514179e-04 9.997305e-01 2.128376e+01
9.993981e-01 4.898383e-04 3.468759e-02 1.512701e+01 -4.541806e-04 9.999994e-01 -1.035867e-03 -1.141671e+00 -3.468816e-02 1.019491e-03 9.993977e-01 2.145457e+01
9.998302e-01 -2.178810e-04 -1.842729e-02 1.565857e+01 2.269511e-04 9.999999e-01 4.900694e-04 -1.163843e+00 1.842727e-02 -4.941700e-04 9.998300e-01 2.155354e+01
9.996335e-01 3.814308e-04 2.706920e-02 1.612537e+01 -3.599233e-04 9.999996e-01 -7.994414e-04 -1.186118e+00 -2.706958e-02 7.894073e-04 9.996333e-01 2.173915e+01
9.997343e-01 -2.345992e-04 -2.304666e-02 1.632542e+01 2.497201e-04 9.999998e-01 6.531786e-04 -1.206080e+00 2.304659e-02 -6.587621e-04 9.997341e-01 2.218440e+01
9.997464e-01 2.468274e-04 2.251738e-02 1.652721e+01 -2.308863e-04 9.999997e-01 -7.105839e-04 -1.222384e+00 -2.251764e-02 7.052065e-04 9.997463e-01 2.246251e+01
9.997329e-01 -2.378619e-04 -2.310982e-02 1.682241e+01 2.536937e-04 9.999997e-01 6.820923e-04 -1.242280e+00 2.310973e-02 -6.877746e-04 9.997326e-01 2.277078e+01
9.996851e-01 3.481899e-04 2.509086e-02 1.721872e+01 -3.292686e-04 9.999997e-01 -7.582783e-04 -1.267000e+00 -2.509120e-02 7.497796e-04 9.996850e-01 2.313800e+01
9.996477e-01 -3.300352e-04 -2.653969e-02 1.780559e+01 3.511878e-04 9.999996e-01 7.923194e-04 -1.295759e+00 2.653951e-02 -8.013625e-04 9.996474e-01 2.340985e+01
9.995702e-01 4.612425e-04 2.931253e-02 1.820791e+01 -4.358794e-04 9.999995e-01 -8.716804e-04 -1.322299e+00 -2.931300e-02 8.585308e-04 9.995700e-01 2.385653e+01
9.998059e-01 -2.401420e-04 -1.970099e-02 1.840438e+01 2.519300e-04 9.999998e-01 5.958153e-04 -1.345888e+00 1.970093e-02 -6.006646e-04 9.998057e-01 2.446396e+01
9.996404e-01 4.424463e-04 2.681259e-02 1.862384e+01 -4.216430e-04 9.999996e-01 -7.815640e-04 -1.371092e+00 -2.681301e-02 7.699794e-04 9.996402e-01 2.510520e+01
9.997399e-01 -2.616284e-04 -2.280507e-02 1.889125e+01 2.783470e-04 9.999997e-01 7.298885e-04 -1.400523e+00 2.280496e-02 -7.360481e-04 9.997396e-01 2.585600e+01
9.997399e-01 3.510007e-04 2.280572e-02 1.904668e+01 -3.362803e-04 9.999997e-01 -6.493448e-04 -1.428418e+00 -2.280602e-02 6.415085e-04 9.997398e-01 2.669188e+01
9.997044e-01 -3.318616e-04 -2.431036e-02 1.932108e+01 3.493206e-04 9.999997e-01 7.138808e-04 -1.454111e+00 2.431020e-02 -7.221636e-04 9.997041e-01 2.727592e+01
9.997420e-01 3.510317e-04 2.271416e-02 1.959208e+01 -3.368084e-04 9.999997e-01 -6.300530e-04 -1.481242e+00 -2.271446e-02 6.222418e-04 9.997419e-01 2.792624e+01
9.997389e-01 -2.749300e-04 -2.284862e-02 1.978708e+01 2.902223e-04 9.999997e-01 6.659269e-04 -1.505766e+00 2.284852e-02 -6.723859e-04 9.997386e-01 2.857024e+01
9.990162e-01 6.790860e-04 4.434260e-02 2.000673e+01 -6.227372e-04 9.999990e-01 -1.284583e-03 -1.531376e+00 -4.434351e-02 1.255707e-03 9.990156e-01 2.922459e+01
9.996529e-01 -2.850534e-04 -2.634166e-02 2.027869e+01 3.064043e-04 9.999996e-01 8.064605e-04 -1.560652e+00 2.634151e-02 -8.142536e-04 9.996526e-01 2.995795e+01
9.996614e-01 3.469997e-04 2.602098e-02 2.072648e+01 -3.291094e-04 9.999997e-01 -6.918506e-04 -1.595526e+00 -2.602130e-02 6.830543e-04 9.996612e-01 3.069543e+01
9.996482e-01 -2.888832e-04 -2.652022e-02 2.124752e+01 3.106801e-04 9.999996e-01 8.177374e-04 -1.632220e+00 2.652006e-02 -8.256908e-04 9.996479e-01 3.141162e+01
9.995614e-01 4.283307e-04 2.961324e-02 2.185793e+01 -4.036187e-04 9.999996e-01 -8.404965e-04 -1.667659e+00 -2.961368e-02 8.281771e-04 9.995612e-01 3.194308e+01
9.995789e-01 -3.163754e-04 -2.901372e-02 2.223117e+01 3.420910e-04 9.999996e-01 8.813287e-04 -1.698429e+00 2.901352e-02 -8.908847e-04 9.995786e-01 3.259944e+01
9.995089e-01 4.604635e-04 3.133454e-02 2.265022e+01 -4.331945e-04 9.999995e-01 -8.770684e-04 -1.731469e+00 -3.133502e-02 8.630654e-04 9.995086e-01 3.329156e+01
9.996973e-01 -2.754451e-04 -2.459903e-02 2.315025e+01 2.928826e-04 9.999997e-01 7.052256e-04 -1.762749e+00 2.459892e-02 -7.122185e-04 9.996971e-01 3.379826e+01
9.991290e-01 5.701543e-04 4.172553e-02 2.377490e+01 -5.199007e-04 9.999991e-01 -1.215249e-03 -1.793592e+00 -4.172628e-02 1.192499e-03 9.991284e-01 3.412197e+01
9.995986e-01 -2.887831e-04 -2.832747e-02 2.437458e+01 3.130768e-04 9.999996e-01 8.531276e-04 -1.826934e+00 2.832730e-02 -8.616556e-04 9.995983e-01 3.458414e+01
9.993993e-01 5.074594e-04 3.465386e-02 2.468952e+01 -4.740812e-04 9.999994e-01 -9.714280e-04 -1.858196e+00 -3.465442e-02 9.544173e-04 9.993990e-01 3.534573e+01
9.995220e-01 -3.352803e-04 -3.091184e-02 2.518291e+01 3.638183e-04 9.999995e-01 9.175476e-04 -1.891241e+00 3.091161e-02 -9.283570e-04 9.995216e-01 3.593604e+01
9.994096e-01 5.116485e-04 3.435341e-02 2.553234e+01 -4.784540e-04 9.999994e-01 -9.745093e-04 -1.920597e+00 -3.435398e-02 9.574991e-04 9.994093e-01 3.657244e+01
9.995499e-01 -3.108944e-04 -2.999652e-02 2.568999e+01 3.376983e-04 9.999995e-01 8.884654e-04 -1.946543e+00 2.999632e-02 -8.981970e-04 9.995495e-01 3.731683e+01
9.995389e-01 4.574842e-04 3.036281e-02 2.569623e+01 -4.326940e-04 9.999996e-01 -8.230654e-04 -1.970915e+00 -3.036326e-02 8.095498e-04 9.995387e-01 3.820021e+01
9.995464e-01 -3.160022e-04 -3.011513e-02 2.573918e+01 3.433337e-04 9.999995e-01 9.023601e-04 -1.997497e+00 3.011492e-02 -9.122920e-04 9.995460e-01 3.912406e+01
9.995141e-01 4.718504e-04 3.116865e-02 2.582723e+01 -4.461322e-04 9.999996e-01 -8.321162e-04 -2.025662e+00 -3.116912e-02 8.178081e-04 9.995139e-01 4.005489e+01
9.995003e-01 -3.684073e-04 -3.160717e-02 2.603126e+01 3.969231e-04 9.999995e-01 8.958889e-04 -2.052456e+00 3.160691e-02 -9.079885e-04 9.994999e-01 4.077300e+01
9.995903e-01 4.220665e-04 2.862181e-02 2.628083e+01 -3.999300e-04 9.999996e-01 -7.791699e-04 -2.078321e+00 -2.862222e-02 7.674055e-04 9.995901e-01 4.139261e+01
9.995508e-01 -3.876643e-04 -2.996654e-02 2.679021e+01 4.133736e-04 9.999996e-01 8.517022e-04 -2.108445e+00 2.996628e-02 -8.637087e-04 9.995505e-01 4.183490e+01
9.995491e-01 4.333455e-04 3.002313e-02 2.760319e+01 -4.098959e-04 9.999996e-01 -7.872361e-04 -2.146973e+00 -3.002355e-02 7.745764e-04 9.995490e-01 4.221357e+01
9.996417e-01 -3.241644e-04 -2.676214e-02 2.848761e+01 3.455237e-04 9.999996e-01 7.934521e-04 -2.189707e+00 2.676197e-02 -8.024165e-04 9.996414e-01 4.267897e+01
9.995361e-01 4.743968e-04 3.045326e-02 2.909145e+01 -4.500501e-04 9.999996e-01 -8.063610e-04 -2.227155e+00 -3.045372e-02 7.922830e-04 9.995359e-01 4.330866e+01
9.995811e-01 -4.000703e-04 -2.893929e-02 2.988988e+01 4.239687e-04 9.999996e-01 8.196410e-04 -2.265207e+00 2.893904e-02 -8.315686e-04 9.995808e-01 4.369215e+01
9.994724e-01 5.376338e-04 3.247719e-02 3.054701e+01 -5.101935e-04 9.999995e-01 -8.532219e-04 -2.301267e+00 -3.247773e-02 8.362037e-04 9.994722e-01 4.419012e+01
9.995883e-01 -3.671231e-04 -2.868956e-02 3.097100e+01 3.904439e-04 9.999996e-01 8.072277e-04 -2.333740e+00 2.868934e-02 -8.180986e-04 9.995880e-01 4.485686e+01
9.994555e-01 5.612506e-04 3.299078e-02 3.126502e+01 -5.329773e-04 9.999995e-01 -8.658237e-04 -2.364022e+00 -3.299134e-02 8.477705e-04 9.994553e-01 4.560986e+01
9.994892e-01 -4.386069e-04 -3.195530e-02 3.158511e+01 4.668529e-04 9.999995e-01 8.764282e-04 -2.392212e+00 3.195500e-02 -8.909006e-04 9.994888e-01 4.623299e+01
9.995003e-01 5.275371e-04 3.160548e-02 3.185148e+01 -5.013644e-04 9.999995e-01 -8.360599e-04 -2.418505e+00 -3.160600e-02 8.197978e-04 9.995001e-01 4.684653e+01
9.994940e-01 -4.292486e-04 -3.180313e-02 3.213096e+01 4.562719e-04 9.999995e-01 8.424203e-04 -2.443084e+00 3.180285e-02 -8.565066e-04 9.994937e-01 4.736925e+01
9.993996e-01 5.716515e-04 3.464323e-02 3.253902e+01 -5.408061e-04 9.999994e-01 -8.997653e-04 -2.472169e+00 -3.464382e-02 8.804914e-04 9.993994e-01 4.791280e+01
9.995766e-01 -3.762007e-04 -2.909294e-02 3.283729e+01 3.983299e-04 9.999996e-01 7.548087e-04 -2.499245e+00 2.909274e-02 -7.660793e-04 9.995764e-01 4.852573e+01
9.992678e-01 5.866727e-04 3.825730e-02 3.306736e+01 -5.473109e-04 9.999993e-01 -1.039362e-03 -2.521961e+00 -3.825798e-02 1.017663e-03 9.992674e-01 4.904527e+01
9.996093e-01 -3.648149e-04 -2.794694e-02 3.314630e+01 3.848408e-04 9.999997e-01 7.111499e-04 -2.540628e+00 2.794677e-02 -7.216288e-04 9.996091e-01 4.959590e+01
9.994535e-01 5.201439e-04 3.305171e-02 3.320978e+01 -4.912568e-04 9.999995e-01 -8.821429e-04 -2.558865e+00 -3.305225e-02 8.654255e-04 9.994533e-01 5.014594e+01
9.996485e-01 -3.412912e-04 -2.650862e-02 3.331572e+01 3.591361e-04 9.999997e-01 6.683706e-04 -2.578634e+00 2.650848e-02 -6.776575e-04 9.996483e-01 5.071002e+01
9.994748e-01 5.465939e-04 3.240170e-02 3.339163e+01 -5.205611e-04 9.999995e-01 -8.119005e-04 -2.601917e+00 -3.240223e-02 7.946085e-04 9.994747e-01 5.145360e+01
9.997785e-01 -2.919257e-04 -2.104122e-02 3.351312e+01 3.022862e-04 9.999998e-01 4.891525e-04 -2.624963e+00 2.104117e-02 -4.954062e-04 9.997784e-01 5.212920e+01
9.995727e-01 4.936308e-04 2.922629e-02 3.368906e+01 -4.727057e-04 9.999996e-01 -7.229132e-04 -2.648012e+00 -2.922673e-02 7.087905e-04 9.995726e-01 5.273802e+01
9.998149e-01 -2.576845e-04 -1.923479e-02 3.389610e+01 2.664152e-04 9.999999e-01 4.512775e-04 -2.673373e+00 1.923476e-02 -4.563201e-04 9.998148e-01 5.340210e+01
9.996036e-01 4.859906e-04 2.815132e-02 3.419556e+01 -4.672484e-04 9.999997e-01 -6.723792e-04 -2.701859e+00 -2.815173e-02 6.589605e-04 9.996035e-01 5.407548e+01
9.997979e-01 -2.748477e-04 -2.010046e-02 3.433707e+01 2.840093e-04 9.999999e-01 4.528769e-04 -2.725086e+00 2.010043e-02 -4.584958e-04 9.997978e-01 5.473735e+01
9.997166e-01 4.166684e-04 2.380379e-02 3.460035e+01 -4.034030e-04 9.999998e-01 -5.621307e-04 -2.748922e+00 -2.380412e-02 5.523704e-04 9.997166e-01 5.526075e+01
9.998800e-01 -2.532376e-04 -1.548785e-02 3.503463e+01 2.579920e-04 9.999999e-01 3.049005e-04 -2.775263e+00 1.548787e-02 -3.088612e-04 9.998799e-01 5.565452e+01
9.994906e-01 5.404053e-04 3.190982e-02 3.547500e+01 -5.154707e-04 9.999996e-01 -7.896650e-04 -2.802432e+00 -3.191032e-02 7.728158e-04 9.994905e-01 5.608487e+01
9.999395e-01 -1.771789e-04 -1.099921e-02 3.564362e+01 1.788628e-04 1.000000e+00 1.519941e-04 -2.823046e+00 1.099928e-02 -1.539538e-04 9.999394e-01 5.661083e+01
9.996496e-01 4.888396e-04 2.646718e-02 3.577477e+01 -4.734744e-04 9.999997e-01 -5.868501e-04 -2.846223e+00 -2.646756e-02 5.741145e-04 9.996496e-01 5.728141e+01
9.998454e-01 -2.647850e-04 -1.757803e-02 3.607676e+01 2.711452e-04 9.999999e-01 3.593663e-04 -2.874303e+00 1.757803e-02 -3.640786e-04 9.998454e-01 5.793563e+01
9.995055e-01 5.456170e-04 3.144055e-02 3.645732e+01 -5.228351e-04 9.999996e-01 -7.328596e-04 -2.903880e+00 -3.144104e-02 7.160606e-04 9.995054e-01 5.854801e+01
9.997904e-01 -2.892382e-04 -2.047158e-02 3.676633e+01 2.984508e-04 9.999999e-01 4.469010e-04 -2.932393e+00 2.047154e-02 -4.529187e-04 9.997903e-01 5.921146e+01
9.995795e-01 5.375526e-04 2.899239e-02 3.683758e+01 -5.190129e-04 9.999997e-01 -6.470359e-04 -2.957632e+00 -2.899283e-02 6.317180e-04 9.995795e-01 6.004092e+01
9.998478e-01 -2.837911e-04 -1.744326e-02 3.698976e+01 2.896369e-04 9.999999e-01 3.325270e-04 -2.982138e+00 1.744327e-02 -3.375302e-04 9.998477e-01 6.073959e+01
9.996704e-01 5.028923e-04 2.566813e-02 3.708762e+01 -4.890094e-04 9.999997e-01 -5.471863e-04 -3.005588e+00 -2.566850e-02 5.344556e-04 9.996704e-01 6.146495e+01
9.997426e-01 -3.550502e-04 -2.268218e-02 3.719314e+01 3.657906e-04 9.999998e-01 4.693085e-04 -3.027435e+00 2.268210e-02 -4.774863e-04 9.997426e-01 6.211266e+01
9.997525e-01 4.368807e-04 2.224577e-02 3.736662e+01 -4.263206e-04 9.999998e-01 -4.795018e-04 -3.047644e+00 -2.224607e-02 4.699009e-04 9.997525e-01 6.259640e+01
9.996942e-01 -3.697674e-04 -2.472505e-02 3.765623e+01 3.823206e-04 9.999998e-01 5.029332e-04 -3.068572e+00 2.472496e-02 -5.122339e-04 9.996941e-01 6.294578e+01
9.995799e-01 5.053088e-04 2.897868e-02 3.781107e+01 -4.862432e-04 9.999997e-01 -6.650074e-04 -3.087122e+00 -2.897911e-02 6.506389e-04 9.995799e-01 6.338926e+01
9.997620e-01 -3.428515e-04 -2.181197e-02 3.804952e+01 3.519455e-04 9.999999e-01 4.130269e-04 -3.107683e+00 2.181193e-02 -4.206068e-04 9.997619e-01 6.380779e+01
9.997454e-01 4.135519e-04 2.256243e-02 3.855654e+01 -4.030739e-04 9.999998e-01 -4.690056e-04 -3.132964e+00 -2.256272e-02 4.597934e-04 9.997454e-01 6.404572e+01
9.996794e-01 -3.709312e-04 -2.531397e-02 3.902815e+01 3.848705e-04 9.999998e-01 5.457303e-04 -3.160043e+00 2.531386e-02 -5.552996e-04 9.996793e-01 6.440577e+01
9.996904e-01 4.317739e-04 2.488010e-02 3.958878e+01 -4.182636e-04 9.999998e-01 -5.482711e-04 -3.187976e+00 -2.488042e-02 5.376964e-04 9.996903e-01 6.468015e+01
9.996670e-01 -4.039669e-04 -2.579948e-02 4.026755e+01 4.199665e-04 9.999997e-01 6.146832e-04 -3.221608e+00 2.579932e-02 -6.253150e-04 9.996669e-01 6.503679e+01
9.996256e-01 4.785622e-04 2.735829e-02 4.095199e+01 -4.613655e-04 9.999997e-01 -6.349311e-04 -3.255419e+00 -2.735868e-02 6.220728e-04 9.996255e-01 6.539208e+01
9.997075e-01 -3.800130e-04 -2.418197e-02 4.174098e+01 3.931481e-04 9.999998e-01 5.383683e-04 -3.289821e+00 2.418186e-02 -5.477195e-04 9.997074e-01 6.562215e+01
9.995592e-01 5.052445e-04 2.968448e-02 4.258137e+01 -4.844828e-04 9.999996e-01 -7.066440e-04 -3.325045e+00 -2.968493e-02 6.919525e-04 9.995591e-01 6.582200e+01
9.996787e-01 -3.819506e-04 -2.534278e-02 4.344942e+01 3.967192e-04 9.999998e-01 5.776707e-04 -3.361510e+00 2.534265e-02 -5.875407e-04 9.996786e-01 6.603778e+01
9.996221e-01 4.655272e-04 2.748782e-02 4.421165e+01 -4.474276e-04 9.999997e-01 -6.646529e-04 -3.392920e+00 -2.748822e-02 6.521045e-04 9.996220e-01 6.618160e+01
9.996346e-01 -4.232302e-04 -2.702595e-02 4.500413e+01 4.404245e-04 9.999997e-01 6.302105e-04 -3.424644e+00 2.702577e-02 -6.418847e-04 9.996345e-01 6.629641e+01
9.994342e-01 5.697843e-04 3.362976e-02 4.573885e+01 -5.415661e-04 9.999995e-01 -8.482257e-04 -3.456728e+00 -3.363032e-02 8.295346e-04 9.994341e-01 6.651005e+01
9.995041e-01 -4.785047e-04 -3.148269e-02 4.652538e+01 5.028297e-04 9.999996e-01 7.646855e-04 -3.489643e+00 3.148241e-02 -7.801383e-04 9.995039e-01 6.668318e+01
9.995491e-01 5.148511e-04 3.002401e-02 4.711288e+01 -4.921101e-04 9.999996e-01 -7.648554e-04 -3.515963e+00 -3.002449e-02 7.497369e-04 9.995489e-01 6.685011e+01
9.997260e-01 -3.753942e-04 -2.340460e-02 4.756700e+01 3.879674e-04 9.999998e-01 5.326115e-04 -3.539990e+00 2.340450e-02 -5.415474e-04 9.997259e-01 6.711891e+01
9.995849e-01 4.988507e-04 2.880719e-02 4.797843e+01 -4.776566e-04 9.999996e-01 -7.426471e-04 -3.561701e+00 -2.880764e-02 7.285805e-04 9.995848e-01 6.734786e+01
9.996987e-01 -3.887623e-04 -2.454235e-02 4.854258e+01 4.033310e-04 9.999997e-01 5.886078e-04 -3.588872e+00 2.454221e-02 -5.983308e-04 9.996986e-01 6.759135e+01
9.995668e-01 5.199799e-04 2.942751e-02 4.898245e+01 -4.982413e-04 9.999996e-01 -7.460908e-04 -3.615173e+00 -2.942798e-02 7.311072e-04 9.995667e-01 6.796861e+01
9.996603e-01 -4.045197e-04 -2.605902e-02 4.984562e+01 4.250038e-04 9.999996e-01 7.804777e-04 -3.659150e+00 2.605879e-02 -7.912894e-04 9.996600e-01 6.851774e+01
9.996655e-01 3.882266e-04 2.586015e-02 5.073647e+01 -3.715884e-04 9.999997e-01 -6.482485e-04 -3.700980e+00 -2.586049e-02 6.384239e-04 9.996654e-01 6.894438e+01
9.996417e-01 -3.701998e-04 -2.676340e-02 5.103735e+01 3.882444e-04 9.999997e-01 6.689799e-04 -3.724701e+00 2.676324e-02 -6.791325e-04 9.996415e-01 6.940375e+01
9.991850e-01 6.573727e-04 4.036172e-02 5.147275e+01 -6.167006e-04 9.999993e-01 -1.020167e-03 -3.756781e+00 -4.036246e-02 9.944456e-04 9.991847e-01 7.003682e+01
9.997377e-01 -3.500414e-04 -2.289810e-02 5.189951e+01 3.619902e-04 9.999998e-01 5.176166e-04 -3.785296e+00 2.289801e-02 -5.257713e-04 9.997376e-01 7.053076e+01
9.994850e-01 5.915193e-04 3.208579e-02 5.232835e+01 -5.687893e-04 9.999996e-01 -7.175792e-04 -3.817651e+00 -3.208630e-02 6.989611e-04 9.994849e-01 7.117831e+01
9.995214e-01 -4.773612e-04 -3.093059e-02 5.264955e+01 4.993592e-04 9.999996e-01 7.034356e-04 -3.844692e+00 3.093035e-02 -7.185460e-04 9.995212e-01 7.174536e+01
9.993177e-01 6.237955e-04 3.693011e-02 5.308239e+01 -5.905466e-04 9.999994e-01 -9.112573e-04 -3.870027e+00 -3.693076e-02 8.888281e-04 9.993175e-01 7.209183e+01
9.998313e-01 -2.735095e-04 -1.836300e-02 5.338644e+01 2.810574e-04 9.999999e-01 4.083765e-04 -3.899250e+00 1.836298e-02 -4.134702e-04 9.998312e-01 7.278273e+01
9.995078e-01 5.770366e-04 3.136799e-02 5.369040e+01 -5.546852e-04 9.999996e-01 -7.212951e-04 -3.929948e+00 -3.136849e-02 7.035422e-04 9.995077e-01 7.353591e+01
9.997981e-01 -3.281170e-04 -2.008999e-02 5.409537e+01 3.366305e-04 9.999999e-01 4.203099e-04 -3.960321e+00 2.008995e-02 -4.269895e-04 9.997980e-01 7.414431e+01
9.993210e-01 6.669569e-04 3.683978e-02 5.455199e+01 -6.357475e-04 9.999994e-01 -8.589134e-04 -3.992503e+00 -3.684043e-02 8.349109e-04 9.993209e-01 7.475348e+01
9.996974e-01 -4.005736e-04 -2.459549e-02 5.492222e+01 4.135957e-04 9.999998e-01 5.243013e-04 -4.021593e+00 2.459537e-02 -5.343167e-04 9.996973e-01 7.535034e+01
9.995100e-01 6.191853e-04 3.129620e-02 5.521734e+01 -5.994670e-04 9.999996e-01 -6.394799e-04 -4.053280e+00 -3.129668e-02 6.204070e-04 9.995100e-01 7.615761e+01
9.998621e-01 -2.920383e-04 -1.660305e-02 5.581877e+01 2.973458e-04 9.999999e-01 3.171092e-04 -4.092889e+00 1.660306e-02 -3.220038e-04 9.998621e-01 7.687818e+01
9.998092e-01 3.875258e-04 1.953154e-02 5.662559e+01 -3.810299e-04 9.999999e-01 -3.363793e-04 -4.131225e+00 -1.953177e-02 3.288745e-04 9.998092e-01 7.725874e+01
9.998887e-01 -2.846486e-04 -1.491333e-02 5.744387e+01 2.885973e-04 9.999999e-01 2.625186e-04 -4.169987e+00 1.491335e-02 -2.667948e-04 9.998887e-01 7.764280e+01
9.997487e-01 4.762534e-04 2.241325e-02 5.789256e+01 -4.663341e-04 9.999998e-01 -4.478547e-04 -4.200691e+00 -2.241356e-02 4.372915e-04 9.997487e-01 7.820143e+01
9.998388e-01 -3.472810e-04 -1.794681e-02 5.843264e+01 3.531464e-04 9.999999e-01 3.235622e-04 -4.230650e+00 1.794680e-02 -3.298494e-04 9.998388e-01 7.859779e+01
9.998074e-01 4.360622e-04 1.962300e-02 5.888305e+01 -4.287462e-04 9.999998e-01 -3.771102e-04 -4.257467e+00 -1.962326e-02 3.686258e-04 9.998074e-01 7.897714e+01
9.999284e-01 -2.411903e-04 -1.196338e-02 5.930929e+01 2.436923e-04 9.999999e-01 2.075472e-04 -4.289353e+00 1.196343e-02 -2.104492e-04 9.999284e-01 7.961037e+01
9.997107e-01 5.292318e-04 2.404715e-02 5.953528e+01 -5.174805e-04 9.999997e-01 -4.949609e-04 -4.318611e+00 -2.404751e-02 4.823752e-04 9.997107e-01 8.040716e+01
9.998700e-01 -3.323078e-04 -1.611441e-02 5.986871e+01 3.370810e-04 9.999999e-01 2.933924e-04 -4.346917e+00 1.611441e-02 -2.987876e-04 9.998701e-01 8.101654e+01
9.998235e-01 4.185870e-04 1.878406e-02 6.054349e+01 -4.116866e-04 9.999998e-01 -3.713001e-04 -4.378657e+00 -1.878431e-02 3.635028e-04 9.998235e-01 8.129460e+01
9.998707e-01 -3.558315e-04 -1.607169e-02 6.140235e+01 3.608426e-04 9.999999e-01 3.087950e-04 -4.415217e+00 1.607168e-02 -3.145559e-04 9.998707e-01 8.152565e+01
9.997487e-01 5.177366e-04 2.241211e-02 6.210323e+01 -5.075332e-04 9.999998e-01 -4.610199e-04 -4.450173e+00 -2.241244e-02 4.495306e-04 9.997488e-01 8.191119e+01
9.998328e-01 -3.860488e-04 -1.828025e-02 6.265727e+01 3.927694e-04 9.999999e-01 3.639709e-04 -4.481941e+00 1.828020e-02 -3.710914e-04 9.998328e-01 8.236000e+01
9.997877e-01 4.614792e-04 2.060189e-02 6.343354e+01 -4.527794e-04 9.999998e-01 -4.270176e-04 -4.515768e+00 -2.060218e-02 4.176003e-04 9.997877e-01 8.258607e+01
9.998269e-01 -4.052680e-04 -1.859939e-02 6.427928e+01 4.128790e-04 9.999998e-01 4.052855e-04 -4.553306e+00 1.859932e-02 -4.128961e-04 9.998269e-01 8.287594e+01
9.997901e-01 4.972285e-04 2.048631e-02 6.487345e+01 -4.889888e-04 9.999998e-01 -4.072884e-04 -4.586900e+00 -2.048661e-02 3.971867e-04 9.997901e-01 8.334942e+01
9.998123e-01 -3.975512e-04 -1.936620e-02 6.526131e+01 4.057489e-04 9.999998e-01 4.192893e-04 -4.616504e+00 1.936613e-02 -4.270698e-04 9.998123e-01 8.393675e+01
9.997852e-01 5.043928e-04 2.072365e-02 6.565256e+01 -4.961082e-04 9.999998e-01 -4.049753e-04 -4.646778e+00 -2.072395e-02 3.946085e-04 9.997852e-01 8.454778e+01
9.997868e-01 -4.230406e-04 -2.064010e-02 6.602005e+01 4.326196e-04 9.999998e-01 4.595545e-04 -4.676944e+00 2.064000e-02 -4.683872e-04 9.997868e-01 8.518950e+01
9.997519e-01 5.366075e-04 2.227217e-02 6.646003e+01 -5.273522e-04 9.999998e-01 -4.214954e-04 -4.711015e+00 -2.227249e-02 4.096469e-04 9.997519e-01 8.589862e+01
9.998185e-01 -3.906921e-04 -1.904316e-02 6.679957e+01 3.978944e-04 9.999999e-01 3.743423e-04 -4.740366e+00 1.904311e-02 -3.818529e-04 9.998185e-01 8.654406e+01
9.998812e-01 4.401350e-04 1.541316e-02 6.702503e+01 -4.370272e-04 9.999999e-01 -2.050948e-04 -4.768831e+00 -1.541335e-02 1.983358e-04 9.998812e-01 8.730549e+01
9.998577e-01 -3.995554e-04 -1.686136e-02 6.725990e+01 4.043799e-04 9.999999e-01 2.826317e-04 -4.794383e+00 1.686135e-02 -2.894112e-04 9.998578e-01 8.793408e+01
9.996420e-01 6.320883e-04 2.674931e-02 6.741959e+01 -6.176250e-04 9.999997e-01 -5.490141e-04 -4.818935e+00 -2.674975e-02 5.322979e-04 9.996421e-01 8.862410e+01
9.998022e-01 -4.246200e-04 -1.987898e-02 6.760595e+01 4.324602e-04 9.999998e-01 3.900212e-04 -4.845392e+00 1.987891e-02 -3.985423e-04 9.998023e-01 8.936170e+01
9.996319e-01 6.129517e-04 2.712384e-02 6.788938e+01 -5.972488e-04 9.999996e-01 -5.870860e-04 -4.871595e+00 -2.712429e-02 5.706715e-04 9.996320e-01 8.996162e+01
9.997947e-01 -4.155329e-04 -2.025681e-02 6.813638e+01 4.239636e-04 9.999998e-01 4.118252e-04 -4.898002e+00 2.025674e-02 -4.203302e-04 9.997947e-01 9.061570e+01
9.998249e-01 4.848808e-04 1.870731e-02 6.820044e+01 -4.783517e-04 9.999998e-01 -3.535659e-04 -4.919198e+00 -1.870758e-02 3.445567e-04 9.998250e-01 9.128365e+01
9.998184e-01 -3.908506e-04 -1.905248e-02 6.807634e+01 3.984143e-04 9.999998e-01 3.931176e-04 -4.936913e+00 1.905242e-02 -4.006383e-04 9.998184e-01 9.204021e+01
9.997958e-01 5.392328e-04 2.020484e-02 6.803040e+01 -5.323496e-04 9.999998e-01 -3.461212e-04 -4.960216e+00 -2.020513e-02 3.352957e-04 9.997958e-01 9.295201e+01
9.997451e-01 -3.963908e-04 -2.256991e-02 6.799707e+01 4.070881e-04 9.999998e-01 4.693004e-04 -4.982954e+00 2.256982e-02 -4.783701e-04 9.997451e-01 9.381294e+01
9.998089e-01 5.330399e-04 1.954345e-02 6.794841e+01 -5.264771e-04 9.999998e-01 -3.410254e-04 -5.004271e+00 -1.954372e-02 3.306723e-04 9.998090e-01 9.463798e+01
9.996121e-01 -4.333484e-04 -2.784551e-02 6.773989e+01 4.478650e-04 9.999998e-01 5.150369e-04 -5.013353e+00 2.784538e-02 -5.273095e-04 9.996121e-01 9.509693e+01
9.998043e-01 5.323515e-04 1.977828e-02 6.764867e+01 -5.256428e-04 9.999998e-01 -3.444610e-04 -5.027006e+00 -1.977856e-02 3.339985e-04 9.998044e-01 9.562265e+01
9.996154e-01 -4.169406e-04 -2.772656e-02 6.765625e+01 4.319532e-04 9.999998e-01 5.354116e-04 -5.046180e+00 2.772643e-02 -5.471835e-04 9.996154e-01 9.627193e+01
9.997909e-01 5.193448e-04 2.044572e-02 6.764289e+01 -5.117269e-04 9.999998e-01 -3.778852e-04 -5.062944e+00 -2.044602e-02 3.673448e-04 9.997909e-01 9.684155e+01
9.995981e-01 -4.747007e-04 -2.834277e-02 6.752391e+01 4.892728e-04 9.999998e-01 5.071538e-04 -5.073134e+00 2.834262e-02 -5.208186e-04 9.995981e-01 9.723897e+01
9.997460e-01 5.533972e-04 2.253300e-02 6.743842e+01 -5.447084e-04 9.999998e-01 -3.917975e-04 -5.087812e+00 -2.253331e-02 3.794253e-04 9.997461e-01 9.779980e+01
9.995005e-01 -4.735515e-04 -3.159901e-02 6.756037e+01 4.929670e-04 9.999997e-01 6.066013e-04 -5.108357e+00 3.159881e-02 -6.218769e-04 9.995004e-01 9.835840e+01
9.997890e-01 5.120428e-04 2.053964e-02 6.790824e+01 -5.055176e-04 9.999998e-01 -3.229388e-04 -5.131765e+00 -2.053991e-02 3.124887e-04 9.997890e-01 9.874208e+01
9.993922e-01 -3.990518e-04 -3.485620e-02 6.813301e+01 4.225442e-04 9.999997e-01 6.665796e-04 -5.152279e+00 3.485602e-02 -6.809040e-04 9.993921e-01 9.918039e+01
9.996660e-01 4.306234e-04 2.584269e-02 6.852736e+01 -4.188983e-04 9.999998e-01 -4.591690e-04 -5.175426e+00 -2.584298e-02 4.481913e-04 9.996660e-01 9.948660e+01
9.994460e-01 -4.227939e-04 -3.327713e-02 6.895934e+01 4.428505e-04 9.999997e-01 5.953091e-04 -5.197168e+00 3.327697e-02 -6.097174e-04 9.994459e-01 9.967520e+01
9.996008e-01 4.575740e-04 2.825148e-02 6.925628e+01 -4.426075e-04 9.999998e-01 -5.360528e-04 -5.215795e+00 -2.825181e-02 5.233357e-04 9.996008e-01 9.992343e+01
9.995087e-01 -4.009549e-04 -3.133817e-02 6.957444e+01 4.201785e-04 9.999997e-01 6.068002e-04 -5.239876e+00 3.133802e-02 -6.196710e-04 9.995086e-01 1.003690e+02
9.996541e-01 3.916854e-04 2.629767e-02 7.010928e+01 -3.793212e-04 9.999998e-01 -4.751979e-04 -5.267407e+00 -2.629795e-02 4.650595e-04 9.996541e-01 1.006627e+02
9.995458e-01 -4.074953e-04 -3.013161e-02 7.070653e+01 4.254533e-04 9.999997e-01 5.895355e-04 -5.296808e+00 3.013146e-02 -6.020886e-04 9.995457e-01 1.009466e+02
9.996507e-01 3.753596e-04 2.642769e-02 7.142570e+01 -3.631816e-04 9.999998e-01 -4.656492e-04 -5.329185e+00 -2.642796e-02 4.558897e-04 9.996507e-01 1.011910e+02
9.996168e-01 -3.675693e-04 -2.767574e-02 7.216985e+01 3.822737e-04 9.999998e-01 5.259770e-04 -5.362805e+00 2.767564e-02 -5.363564e-04 9.996168e-01 1.014573e+02
9.996734e-01 3.047545e-04 2.555463e-02 7.329758e+01 -2.949004e-04 9.999999e-01 -3.894234e-04 -5.406611e+00 -2.555485e-02 3.817613e-04 9.996734e-01 1.016302e+02
9.996906e-01 -3.297812e-04 -2.486830e-02 7.479277e+01 3.428001e-04 9.999998e-01 5.192009e-04 -5.462842e+00 2.486823e-02 -5.275664e-04 9.996905e-01 1.018322e+02
9.996440e-01 3.275255e-04 2.668012e-02 7.645138e+01 -3.172099e-04 9.999999e-01 -3.909132e-04 -5.524056e+00 -2.668035e-02 3.823120e-04 9.996440e-01 1.020242e+02
9.996704e-01 -3.481629e-04 -2.566819e-02 7.806641e+01 3.619147e-04 9.999998e-01 5.310584e-04 -5.583726e+00 2.566810e-02 -5.401742e-04 9.996703e-01 1.022059e+02
9.996959e-01 2.563874e-04 2.465971e-02 7.946436e+01 -2.475269e-04 9.999999e-01 -3.624084e-04 -5.636808e+00 -2.465990e-02 3.561954e-04 9.996959e-01 1.024119e+02
9.995647e-01 -3.722132e-04 -2.949884e-02 8.040361e+01 3.895275e-04 9.999998e-01 5.811610e-04 -5.677090e+00 2.949871e-02 -5.923999e-04 9.995646e-01 1.026978e+02
9.995921e-01 2.703909e-04 2.856045e-02 8.188009e+01 -2.590994e-04 9.999999e-01 -3.990945e-04 -5.732628e+00 -2.856066e-02 3.915329e-04 9.995920e-01 1.029153e+02
9.997276e-01 -1.930044e-04 -2.333723e-02 8.380511e+01 2.047263e-04 9.999999e-01 4.998425e-04 -5.801198e+00 2.333723e-02 -5.044852e-04 9.997275e-01 1.030888e+02
9.996966e-01 1.859211e-04 2.463170e-02 8.491396e+01 -1.749622e-04 9.999999e-01 -4.471118e-04 -5.844488e+00 -2.463188e-02 4.426677e-04 9.996965e-01 1.033005e+02
9.997054e-01 -2.382598e-04 -2.427007e-02 8.598719e+01 2.505757e-04 9.999998e-01 5.043615e-04 -5.885151e+00 2.427004e-02 -5.102955e-04 9.997053e-01 1.034519e+02
9.996859e-01 1.422265e-04 2.506267e-02 8.764582e+01 -1.339488e-04 9.999999e-01 -3.320025e-04 -5.943753e+00 -2.506282e-02 3.285423e-04 9.996859e-01 1.035753e+02
9.996603e-01 -3.233897e-04 -2.605810e-02 8.953429e+01 3.394395e-04 9.999998e-01 6.114581e-04 -6.010044e+00 2.605800e-02 -6.200968e-04 9.996602e-01 1.037164e+02
9.997150e-01 4.419375e-05 2.387326e-02 9.167713e+01 -3.805052e-05 1.000000e+00 -2.578289e-04 -6.083129e+00 -2.387337e-02 2.568481e-04 9.997150e-01 1.038111e+02
9.996561e-01 -3.325353e-04 -2.622138e-02 9.393227e+01 3.493935e-04 9.999997e-01 6.382899e-04 -6.158781e+00 2.622126e-02 -6.472331e-04 9.996559e-01 1.038608e+02
9.997483e-01 -2.451591e-05 2.243864e-02 9.620484e+01 2.999761e-05 1.000000e+00 -2.440116e-04 -6.234845e+00 -2.243873e-02 2.446244e-04 9.997482e-01 1.038979e+02
9.996372e-01 -3.371202e-04 -2.692968e-02 9.846597e+01 3.550402e-04 9.999997e-01 6.606133e-04 -6.311905e+00 2.692955e-02 -6.699360e-04 9.996371e-01 1.039883e+02
9.997252e-01 -1.083761e-05 2.344394e-02 1.009491e+02 1.577223e-05 1.000000e+00 -2.103490e-04 -6.396410e+00 -2.344403e-02 2.106621e-04 9.997252e-01 1.040958e+02
9.996794e-01 -2.719401e-04 -2.531646e-02 1.035541e+02 2.889242e-04 9.999997e-01 6.671709e-04 -6.484965e+00 2.531637e-02 -6.742727e-04 9.996792e-01 1.042106e+02
9.997473e-01 8.387878e-06 2.248009e-02 1.056760e+02 -2.307683e-06 1.000000e+00 -2.705454e-04 -6.562307e+00 -2.248019e-02 2.704263e-04 9.997473e-01 1.045042e+02
9.996853e-01 -2.336575e-04 -2.508410e-02 1.076131e+02 2.495282e-04 9.999998e-01 6.295240e-04 -6.634211e+00 2.508405e-02 -6.355862e-04 9.996851e-01 1.048193e+02
9.997197e-01 -8.090343e-06 2.367546e-02 1.101321e+02 1.269989e-05 1.000000e+00 -1.945927e-04 -6.722593e+00 -2.367556e-02 1.948400e-04 9.997197e-01 1.050369e+02
9.996654e-01 -2.618519e-04 -2.586178e-02 1.128014e+02 2.798051e-04 9.999997e-01 6.905397e-04 -6.815819e+00 2.586169e-02 -6.975460e-04 9.996652e-01 1.052494e+02
9.997458e-01 -8.227324e-05 2.254689e-02 1.156229e+02 8.559318e-05 1.000000e+00 -1.463280e-04 -6.912755e+00 -2.254698e-02 1.482218e-04 9.997458e-01 1.054126e+02
9.996986e-01 -1.942815e-04 -2.454728e-02 1.183359e+02 2.099019e-04 9.999998e-01 6.337207e-04 -7.005752e+00 2.454725e-02 -6.386833e-04 9.996984e-01 1.055554e+02
9.997599e-01 -7.156285e-05 2.191351e-02 1.205201e+02 7.694964e-05 1.000000e+00 -2.450248e-04 -7.081760e+00 -2.191359e-02 2.466533e-04 9.997599e-01 1.056979e+02
9.996266e-01 -2.461612e-04 -2.732097e-02 1.223763e+02 2.630028e-04 9.999998e-01 6.128030e-04 -7.149001e+00 2.732092e-02 -6.197608e-04 9.996265e-01 1.059029e+02
9.997484e-01 -1.294770e-04 2.243411e-02 1.247112e+02 1.333460e-04 1.000000e+00 -1.710125e-04 -7.229856e+00 -2.243419e-02 1.739621e-04 9.997484e-01 1.060464e+02
9.997309e-01 -5.987976e-05 -2.319469e-02 1.268534e+02 7.170647e-05 9.999999e-01 5.090103e-04 -7.305053e+00 2.319476e-02 -5.105377e-04 9.997308e-01 1.062177e+02
9.998029e-01 -2.156691e-04 1.985569e-02 1.287654e+02 2.190878e-04 1.000000e+00 -1.700508e-04 -7.373005e+00 -1.985576e-02 1.743685e-04 9.998029e-01 1.063922e+02
9.997065e-01 -1.224777e-04 -2.422595e-02 1.309257e+02 1.364485e-04 9.999998e-01 5.749927e-04 -7.448371e+00 2.422598e-02 -5.781306e-04 9.997063e-01 1.065451e+02
9.997425e-01 -1.293853e-04 2.269184e-02 1.333300e+02 1.335007e-04 1.000000e+00 -1.798871e-04 -7.530244e+00 -2.269192e-02 1.828712e-04 9.997425e-01 1.066405e+02
9.996723e-01 -1.764759e-04 -2.559437e-02 1.359326e+02 1.935761e-04 9.999998e-01 6.656047e-04 -7.618885e+00 2.559435e-02 -6.703422e-04 9.996721e-01 1.067522e+02
9.997501e-01 -1.491235e-04 2.235843e-02 1.384991e+02 1.533067e-04 1.000000e+00 -1.854292e-04 -7.707286e+00 -2.235851e-02 1.888116e-04 9.997501e-01 1.069010e+02
9.996896e-01 -1.213016e-04 -2.491066e-02 1.409271e+02 1.373348e-04 9.999998e-01 6.418798e-04 -7.792949e+00 2.491068e-02 -6.451027e-04 9.996894e-01 1.071265e+02
9.997380e-01 -1.486577e-04 2.289302e-02 1.435280e+02 1.526644e-04 1.000000e+00 -1.733123e-04 -7.884333e+00 -2.289310e-02 1.767629e-04 9.997380e-01 1.073573e+02
9.996810e-01 -1.172256e-04 -2.525519e-02 1.460053e+02 1.331951e-04 9.999998e-01 6.306055e-04 -7.971196e+00 2.525521e-02 -6.337692e-04 9.996808e-01 1.075646e+02
9.997773e-01 -1.678962e-04 2.110695e-02 1.479155e+02 1.734049e-04 1.000000e+00 -2.592052e-04 -8.042208e+00 -2.110700e-02 2.628085e-04 9.997772e-01 1.078666e+02
9.996578e-01 -6.966150e-05 -2.615820e-02 1.494830e+02 8.603306e-05 9.999998e-01 6.247041e-04 -8.105099e+00 2.615825e-02 -6.267418e-04 9.996576e-01 1.082813e+02
9.997492e-01 -2.138041e-04 2.239697e-02 1.514343e+02 2.197340e-04 9.999999e-01 -2.623469e-04 -8.175764e+00 -2.239701e-02 2.672035e-04 9.997492e-01 1.085161e+02
9.996900e-01 -4.112110e-05 -2.489483e-02 1.535359e+02 5.692020e-05 9.999998e-01 6.338859e-04 -8.249113e+00 2.489489e-02 -6.351075e-04 9.996898e-01 1.086642e+02
9.997520e-01 -1.935945e-04 2.226928e-02 1.553198e+02 2.010802e-04 9.999999e-01 -3.339478e-04 -8.312993e+00 -2.226931e-02 3.383439e-04 9.997520e-01 1.088417e+02
9.996977e-01 -3.289844e-05 -2.458633e-02 1.568771e+02 4.698632e-05 9.999998e-01 5.723791e-04 -8.368523e+00 2.458641e-02 -5.733623e-04 9.996975e-01 1.089861e+02
9.997550e-01 -1.788784e-04 2.213764e-02 1.582670e+02 1.872501e-04 9.999999e-01 -3.761320e-04 -8.418827e+00 -2.213767e-02 3.801862e-04 9.997549e-01 1.091319e+02
9.996944e-01 -6.238118e-05 -2.472031e-02 1.599399e+02 7.832207e-05 9.999998e-01 6.438424e-04 -8.477847e+00 2.472036e-02 -6.455828e-04 9.996941e-01 1.092661e+02
9.997445e-01 -1.808112e-04 2.260442e-02 1.617177e+02 1.892492e-04 9.999999e-01 -3.711912e-04 -8.539470e+00 -2.260445e-02 3.753752e-04 9.997445e-01 1.093722e+02
9.996508e-01 -8.399816e-05 -2.642495e-02 1.632687e+02 1.004842e-04 9.999998e-01 6.225193e-04 -8.593624e+00 2.642499e-02 -6.249582e-04 9.996505e-01 1.094453e+02
9.997553e-01 -1.692664e-04 2.212050e-02 1.646776e+02 1.780892e-04 9.999999e-01 -3.969237e-04 -8.644282e+00 -2.212053e-02 4.007670e-04 9.997553e-01 1.095514e+02
9.996959e-01 -6.920601e-05 -2.465925e-02 1.664177e+02 8.588840e-05 9.999998e-01 6.754187e-04 -8.705057e+00 2.465929e-02 -6.773322e-04 9.996956e-01 1.096602e+02
