9.999990e-01 -2.247224e-05 -1.435881e-03 7.113460e-01 2.262391e-05 1.000000e+00 1.056290e-04 -3.462351e-02 1.435879e-03 -1.056619e-04 9.999991e-01 3.496992e-01
1.000000e+00 -5.223666e-05 -2.339441e-04 1.811213e+00 5.227500e-05 1.000000e+00 1.637872e-04 -8.729354e-02 2.339353e-04 -1.637989e-04 9.999999e-01 9.391283e-01
9.999986e-01 -1.494580e-05 -1.643259e-03 2.844138e+00 1.513713e-05 1.000000e+00 1.164328e-04 -1.389786e-01 1.643257e-03 -1.164581e-04 9.999987e-01 1.578187e+00
9.999981e-01 2.375071e-05 1.967574e-03 3.893057e+00 -2.391659e-05 1.000000e+00 8.429191e-05 -1.909960e-01 -1.967573e-03 -8.433824e-05 9.999980e-01 2.202190e+00
9.999893e-01 -9.635861e-05 -4.620021e-03 4.597760e+00 9.648167e-05 1.000000e+00 2.641782e-05 -2.236579e-01 4.620020e-03 -2.686386e-05 9.999894e-01 2.468608e+00
9.999998e-01 3.275838e-06 -5.912848e-04 5.419339e+00 -3.201353e-06 1.000000e+00 1.259364e-04 -2.565631e-01 5.912840e-04 -1.259339e-04 9.999997e-01 2.598792e+00
9.999751e-01 -1.180234e-04 -7.053255e-03 6.296898e+00 1.188203e-04 1.000000e+00 1.125655e-04 -2.927660e-01 7.053243e-03 -1.134014e-04 9.999752e-01 2.790380e+00
9.998720e-01 2.679694e-04 -1.599750e-02 6.604355e+00 -2.605863e-04 9.999999e-01 4.635954e-04 -3.139491e-01 1.599762e-02 -4.593666e-04 9.998718e-01 3.152598e+00
9.999799e-01 -2.508445e-04 6.336054e-03 6.913195e+00 2.521087e-04 9.999999e-01 -1.987362e-04 -3.391284e-01 -6.335998e-03 2.003289e-04 9.999800e-01 3.662288e+00
9.998474e-01 3.057254e-04 -1.746910e-02 7.245952e+00 -2.972840e-04 9.999998e-01 4.858128e-04 -3.614524e-01 1.746924e-02 -4.805446e-04 9.998472e-01 4.023461e+00
9.997828e-01 -2.021844e-04 2.084083e-02 7.700732e+00 2.144820e-04 9.999998e-01 -5.878404e-04 -3.876676e-01 -2.084070e-02 5.921820e-04 9.997827e-01 4.373641e+00
9.997898e-01 2.393982e-04 -2.049950e-02 8.328046e+00 -2.281210e-04 9.999998e-01 5.524532e-04 -4.145415e-01 2.049962e-02 -5.476601e-04 9.997896e-01 4.510460e+00
9.999125e-01 -2.878281e-04 1.322811e-02 8.782440e+00 2.928222e-04 9.999999e-01 -3.756036e-04 -4.396057e-01 -1.322800e-02 3.794435e-04 9.999125e-01 4.806834e+00
9.996988e-01 3.023902e-04 -2.453866e-02 9.165197e+00 -2.863963e-04 9.999997e-01 6.552950e-04 -4.638382e-01 2.453885e-02 -6.480691e-04 9.996986e-01 5.174354e+00
9.999558e-01 -2.299188e-04 9.398821e-03 9.555175e+00 2.321357e-04 9.999999e-01 -2.347863e-04 -4.892267e-01 -9.398757e-03 2.369569e-04 9.999559e-01 5.585549e+00
9.994098e-01 4.177113e-04 -3.434956e-02 9.946197e+00 -3.895562e-04 9.999996e-01 8.263520e-04 -5.083728e-01 3.434988e-02 -8.124823e-04 9.994094e-01 5.763103e+00
9.999346e-01 -2.945901e-04 1.142976e-02 1.020329e+01 2.992773e-04 9.999999e-01 -4.083922e-04 -5.175500e-01 -1.142962e-02 4.117852e-04 9.999347e-01 5.685015e+00
9.995549e-01 3.512648e-04 -2.983155e-02 1.042570e+01 -3.310842e-04 9.999997e-01 6.814195e-04 -5.233869e-01 2.983177e-02 -6.712385e-04 9.995546e-01 5.499996e+00
9.998756e-01 -2.907964e-04 1.576928e-02 1.079660e+01 2.979454e-04 9.999999e-01 -4.510047e-04 -5.357086e-01 -1.576912e-02 4.556461e-04 9.998757e-01 5.411270e+00
9.996500e-01 2.934707e-04 -2.645530e-02 1.135451e+01 -2.763373e-04 9.999997e-01 6.512876e-04 -5.565187e-01 2.645546e-02 -6.437481e-04 9.996497e-01 5.410117e+00
9.996998e-01 -2.733342e-04 2.449926e-02 1.185089e+01 2.899604e-04 9.999997e-01 -6.750955e-04 -5.770364e-01 -2.449905e-02 6.819957e-04 9.996997e-01 5.464417e+00
9.993063e-01 3.869724e-04 -3.723996e-02 1.204316e+01 -3.530391e-04 9.999995e-01 9.177769e-04 -5.909774e-01 3.724028e-02 -9.039921e-04 9.993058e-01 5.667816e+00
9.995913e-01 -3.661546e-04 2.858418e-02 1.246752e+01 3.872759e-04 9.999997e-01 -7.333870e-04 -6.123966e-01 -2.858388e-02 7.441563e-04 9.995912e-01 5.856282e+00
9.985183e-01 5.619329e-04 -5.441367e-02 1.277540e+01 -4.886439e-04 9.999990e-01 1.360180e-03 -6.300333e-01 5.441436e-02 -1.331575e-03 9.985175e-01 6.056619e+00
9.994372e-01 -3.897443e-04 3.354222e-02 1.311664e+01 4.182323e-04 9.999996e-01 -8.423098e-04 -6.513647e-01 -3.354186e-02 8.558631e-04 9.994370e-01 6.380361e+00
9.989858e-01 3.962839e-04 -4.502444e-02 1.351927e+01 -3.465468e-04 9.999993e-01 1.112466e-03 -6.738103e-01 4.502482e-02 -1.095733e-03 9.989852e-01 6.631223e+00
9.998918e-01 -1.770092e-04 1.470805e-02 1.380524e+01 1.831841e-04 9.999999e-01 -4.184977e-04 -6.894913e-01 -1.470795e-02 4.211455e-04 9.998918e-01 6.791243e+00
9.994932e-01 1.938365e-04 -3.183352e-02 1.431983e+01 -1.693332e-04 9.999997e-01 7.724215e-04 -7.115828e-01 3.183363e-02 -7.666383e-04 9.994928e-01 6.900860e+00
9.996956e-01 -3.034766e-04 2.467073e-02 1.479359e+01 3.228952e-04 9.999996e-01 -7.831404e-04 -7.234398e-01 -2.467046e-02 7.908668e-04 9.996954e-01 6.606502e+00
9.996129e-01 6.342040e-05 -2.782063e-02 1.458802e+01 -4.811020e-05 9.999998e-01 5.509805e-04 -7.019742e-01 2.782063e-02 -5.494276e-04 9.996127e-01 5.665447e+00
9.996354e-01 -4.279908e-04 2.699811e-02 1.407544e+01 4.535769e-04 9.999995e-01 -9.415906e-04 -6.614155e-01 -2.699766e-02 9.534918e-04 9.996351e-01 4.223456e+00
9.995735e-01 2.350830e-05 -2.920345e-02 1.354957e+01 -6.969569e-06 9.999998e-01 5.664236e-04 -6.167435e-01 2.920343e-02 -5.659774e-04 9.995732e-01 2.604824e+00
9.996550e-01 -3.564820e-04 2.626278e-02 1.309608e+01 3.802020e-04 9.999995e-01 -8.982006e-04 -5.787035e-01 -2.626241e-02 9.078748e-04 9.996548e-01 1.207624e+00
9.996384e-01 8.812266e-06 -2.688957e-02 1.258473e+01 5.792365e-06 9.999999e-01 5.430493e-04 -5.417830e-01 2.688954e-02 -5.430076e-04 9.996382e-01 -6.804036e-02
9.996493e-01 -3.360338e-04 2.647907e-02 1.207396e+01 3.601413e-04 9.999995e-01 -9.056790e-04 -5.055983e-01 -2.647872e-02 9.148965e-04 9.996491e-01 -1.307886e+00
9.996254e-01 -7.751842e-05 -2.736807e-02 1.143276e+01 9.189342e-05 9.999999e-01 5.239838e-04 -4.610788e-01 2.736799e-02 -5.263015e-04 9.996252e-01 -2.777123e+00
9.996446e-01 -3.816341e-04 2.665728e-02 1.070858e+01 4.073946e-04 9.999995e-01 -9.609400e-04 -4.094632e-01 -2.665686e-02 9.714575e-04 9.996443e-01 -4.471113e+00
9.996169e-01 -6.135465e-05 -2.767739e-02 1.001782e+01 7.691754e-05 9.999998e-01 5.612263e-04 -3.610016e-01 2.767731e-02 -5.631392e-04 9.996167e-01 -6.059677e+00
9.996296e-01 -3.158879e-04 2.721488e-02 9.459384e+00 3.427418e-04 9.999995e-01 -9.820816e-04 -3.176861e-01 -2.721453e-02 9.910445e-04 9.996292e-01 -7.560573e+00
9.996441e-01 -1.747740e-04 -2.667550e-02 8.691513e+00 1.883774e-04 9.999999e-01 5.074393e-04 -2.617842e-01 2.667537e-02 -5.122829e-04 9.996439e-01 -9.378312e+00
9.996222e-01 -3.524831e-04 2.748368e-02 7.820088e+00 3.808657e-04 9.999994e-01 -1.027487e-03 -1.991753e-01 -2.748327e-02 1.037566e-03 9.996218e-01 -1.138065e+01
9.996484e-01 -7.722004e-05 -2.651396e-02 7.113582e+00 9.250214e-05 9.999998e-01 5.751485e-04 -1.480848e-01 2.651388e-02 -5.773981e-04 9.996482e-01 -1.304009e+01
9.996177e-01 -2.347737e-04 2.764778e-02 6.560010e+00 2.618224e-04 9.999995e-01 -9.747242e-04 -1.090884e-01 -2.764751e-02 9.815896e-04 9.996173e-01 -1.432359e+01
9.996446e-01 -1.134180e-04 -2.665761e-02 5.995180e+00 1.284766e-04 9.999998e-01 5.631706e-04 -6.744489e-02 2.665751e-02 -5.663946e-04 9.996444e-01 -1.571670e+01
9.996080e-01 -2.874274e-04 2.799627e-02 5.363308e+00 3.169340e-04 9.999994e-01 -1.049520e-03 -1.637517e-02 -2.799592e-02 1.057981e-03 9.996076e-01 -1.745701e+01
9.996217e-01 -1.167007e-04 -2.750361e-02 4.719266e+00 1.335921e-04 9.999998e-01 6.123107e-04 3.152358e-02 2.750350e-02 -6.157527e-04 9.996214e-01 -1.904926e+01
9.996459e-01 -3.004332e-04 2.660693e-02 4.054069e+00 3.285462e-04 9.999994e-01 -1.052245e-03 8.059608e-02 -2.660657e-02 1.060613e-03 9.996455e-01 -2.067989e+01
9.996056e-01 -1.639352e-04 -2.808272e-02 3.261346e+00 1.822463e-04 9.999998e-01 6.494788e-04 1.329589e-01 2.808258e-02 -6.543400e-04 9.996053e-01 -2.232091e+01
9.997898e-01 -1.328176e-04 2.050188e-02 2.655399e+00 1.502535e-04 9.999996e-01 -8.489212e-04 1.708405e-01 -2.050172e-02 8.518227e-04 9.997896e-01 -2.351138e+01
9.989804e-01 1.194807e-04 -4.514668e-02 2.433380e+00 -6.722588e-05 9.999993e-01 1.158960e-03 1.871982e-01 4.514676e-02 -1.154743e-03 9.989796e-01 -2.418035e+01
9.997697e-01 -1.233110e-04 2.145787e-02 2.343722e+00 1.423698e-04 9.999996e-01 -8.866790e-04 1.980278e-01 -2.145772e-02 8.895292e-04 9.997695e-01 -2.476530e+01
9.988075e-01 2.721620e-04 -4.882009e-02 2.575582e+00 -2.031973e-04 9.999990e-01 1.417583e-03 1.910609e-01 4.882038e-02 -1.405972e-03 9.988065e-01 -2.491063e+01
9.997734e-01 -6.237610e-05 2.128881e-02 2.939148e+00 7.928762e-05 9.999997e-01 -7.935519e-04 1.740527e-01 -2.128871e-02 7.950593e-04 9.997731e-01 -2.479098e+01
9.988188e-01 2.305800e-04 -4.859001e-02 3.215380e+00 -1.646588e-04 9.999991e-01 1.360678e-03 1.630769e-01 4.859023e-02 -1.351070e-03 9.988178e-01 -2.482349e+01
9.998750e-01 3.272542e-05 1.581058e-02 3.508669e+00 -2.336362e-05 9.999998e-01 -5.923224e-04 1.488686e-01 -1.581055e-02 5.918782e-04 9.998749e-01 -2.472156e+01
9.987473e-01 2.329531e-04 -5.003842e-02 3.844934e+00 -1.620914e-04 9.999990e-01 1.420195e-03 1.316971e-01 5.003865e-02 -1.410304e-03 9.987462e-01 -2.455296e+01
9.998241e-01 1.115065e-05 1.875381e-02 4.216331e+00 1.194652e-06 9.999998e-01 -6.582884e-04 1.133394e-01 -1.875376e-02 6.581941e-04 9.998240e-01 -2.438332e+01
9.986492e-01 2.453305e-04 -5.195922e-02 4.505916e+00 -1.715861e-04 9.999990e-01 1.423726e-03 9.918332e-02 5.195946e-02 -1.412887e-03 9.986481e-01 -2.427896e+01
9.998909e-01 6.294026e-05 1.476915e-02 4.833195e+00 -5.559015e-05 9.999999e-01 -4.981037e-04 8.257180e-02 -1.476912e-02 4.972273e-04 9.998909e-01 -2.411763e+01
9.986839e-01 2.437382e-04 -5.128773e-02 5.180566e+00 -1.712029e-04 9.999990e-01 1.418665e-03 6.446681e-02 5.128796e-02 -1.408016e-03 9.986828e-01 -2.391812e+01
9.999031e-01 8.017269e-05 1.391834e-02 5.514274e+00 -7.369405e-05 9.999999e-01 -4.660231e-04 4.665028e-02 -1.391831e-02 4.649510e-04 9.999031e-01 -2.371105e+01
9.984756e-01 2.820477e-04 -5.519419e-02 5.889502e+00 -1.966053e-04 9.999988e-01 1.553449e-03 2.631098e-02 5.519449e-02 -1.540228e-03 9.984743e-01 -2.345119e+01
9.999209e-01 9.368833e-05 1.257441e-02 6.322773e+00 -8.864248e-05 9.999999e-01 -4.018851e-04 3.431869e-03 -1.257438e-02 4.007373e-04 9.999209e-01 -2.315754e+01
9.983691e-01 3.233207e-04 -5.708816e-02 6.646987e+00 -2.335748e-04 9.999987e-01 1.578715e-03 -1.573613e-02 5.708852e-02 -1.562805e-03 9.983678e-01 -2.287527e+01
9.998509e-01 6.032450e-05 1.726800e-02 6.964234e+00 -5.053348e-05 9.999998e-01 -5.674839e-04 -3.355391e-02 -1.726795e-02 5.665251e-04 9.998508e-01 -2.263707e+01
9.985783e-01 2.469502e-04 -5.330339e-02 7.283048e+00 -1.691235e-04 9.999989e-01 1.464564e-03 -5.098895e-02 5.330362e-02 -1.453465e-03 9.985772e-01 -2.243249e+01
9.999335e-01 1.530723e-04 1.153404e-02 7.505819e+00 -1.482953e-04 9.999999e-01 -4.150962e-04 -6.517657e-02 -1.153402e-02 4.133565e-04 9.999335e-01 -2.222109e+01
9.985003e-01 2.490063e-04 -5.474536e-02 7.753172e+00 -1.676319e-04 9.999989e-01 1.490990e-03 -8.041418e-02 5.474559e-02 -1.479575e-03 9.984992e-01 -2.199889e+01
9.998767e-01 1.121530e-04 1.570629e-02 8.002392e+00 -1.036862e-04 9.999998e-01 -5.399515e-04 -9.479137e-02 -1.570627e-02 5.382547e-04 9.998766e-01 -2.182039e+01
9.985417e-01 2.203135e-04 -5.398522e-02 8.217530e+00 -1.430671e-04 9.999990e-01 1.434724e-03 -1.071904e-01 5.398539e-02 -1.424906e-03 9.985406e-01 -2.168486e+01
9.999134e-01 1.435424e-04 1.316368e-02 8.351093e+00 -1.369809e-04 9.999999e-01 -4.994443e-04 -1.157046e-01 -1.316366e-02 4.975961e-04 9.999133e-01 -2.160903e+01
9.991331e-01 1.267810e-04 -4.162853e-02 8.456867e+00 -8.006531e-05 9.999994e-01 1.123843e-03 -1.249050e-01 4.162855e-02 -1.119534e-03 9.991325e-01 -2.147114e+01
9.998042e-01 1.817941e-04 1.978950e-02 8.548583e+00 -1.696684e-04 9.999998e-01 -6.144744e-04 -1.359767e-01 -1.978952e-02 6.109946e-04 9.998041e-01 -2.124117e+01
9.982642e-01 2.911360e-04 -5.889326e-02 8.586015e+00 -1.982256e-04 9.999987e-01 1.583424e-03 -1.451083e-01 5.889355e-02 -1.569000e-03 9.982630e-01 -2.099849e+01
9.988364e-01 -1.199322e-05 4.822790e-02 8.719350e+00 7.735086e-05 9.999991e-01 -1.353346e-03 -1.608262e-01 -4.822775e-02 1.355500e-03 9.988355e-01 -2.063334e+01
9.997296e-01 4.397161e-04 -2.324699e-02 8.919223e+00 -4.260835e-04 9.999997e-01 5.913229e-04 -1.808564e-01 2.324715e-02 -5.812562e-04 9.997295e-01 -2.017416e+01
9.988355e-01 -1.979497e-05 4.824722e-02 9.174034e+00 8.481383e-05 9.999991e-01 -1.345598e-03 -2.003619e-01 -4.824706e-02 1.348121e-03 9.988346e-01 -1.981203e+01
9.998628e-01 4.851475e-04 -1.655437e-02 9.501356e+00 -4.794176e-04 9.999998e-01 3.500292e-04 -2.180562e-01 1.655444e-02 -3.420432e-04 9.998628e-01 -1.962785e+01
9.990669e-01 -7.141132e-05 4.319050e-02 9.971673e+00 1.216263e-04 9.999993e-01 -1.160037e-03 -2.400458e-01 -4.319030e-02 1.164206e-03 9.990663e-01 -1.945337e+01
9.997948e-01 4.415386e-04 -2.024954e-02 1.040746e+01 -4.321212e-04 9.999998e-01 4.693946e-04 -2.653073e-01 2.024965e-02 -4.605466e-04 9.997948e-01 -1.909935e+01
9.993440e-01 -1.624403e-04 3.621469e-02 1.085563e+01 1.959006e-04 9.999996e-01 -9.204217e-04 -2.926808e-01 -3.621444e-02 9.269109e-04 9.993437e-01 -1.868418e+01
9.997791e-01 4.300979e-04 -2.101003e-02 1.139520e+01 -4.201733e-04 9.999998e-01 4.767446e-04 -3.213145e-01 2.101014e-02 -4.678101e-04 9.997791e-01 -1.834060e+01
9.994817e-01 -1.970240e-04 3.219125e-02 1.187243e+01 2.222575e-04 9.999997e-01 -7.803134e-04 -3.501986e-01 -3.219100e-02 7.870623e-04 9.994815e-01 -1.791299e+01
9.997654e-01 4.372296e-04 -2.165293e-02 1.229188e+01 -4.262570e-04 9.999998e-01 5.113281e-04 -3.798086e-01 2.165306e-02 -5.019771e-04 9.997653e-01 -1.736615e+01
9.993168e-01 -1.228036e-04 3.696026e-02 1.257385e+01 1.569365e-04 9.999996e-01 -9.206269e-04 -4.057725e-01 -3.696005e-02 9.257970e-04 9.993164e-01 -1.677903e+01
9.994133e-01 2.812724e-04 -3.424738e-02 1.277056e+01 -2.524355e-04 9.999996e-01 8.463207e-04 -4.278060e-01 3.424752e-02 -8.371776e-04 9.994130e-01 -1.625388e+01
9.996846e-01 -1.719598e-04 2.511279e-02 1.292446e+01 1.870951e-04 9.999998e-01 -6.003786e-04 -4.482195e-01 -2.511260e-02 6.048864e-04 9.996845e-01 -1.574148e+01
9.989607e-01 4.100469e-04 -4.557754e-02 1.298532e+01 -3.597688e-04 9.999993e-01 1.111315e-03 -4.628124e-01 4.557788e-02 -1.093761e-03 9.989601e-01 -1.533927e+01
9.999317e-01 -1.491264e-05 1.168599e-02 1.297743e+01 1.781145e-05 1.000000e+00 -2.480289e-04 -4.735033e-01 -1.168589e-02 2.482187e-04 9.999318e-01 -1.499317e+01
9.986958e-01 4.907142e-04 -5.105287e-02 1.299938e+01 -4.274105e-04 9.999991e-01 1.250857e-03 -4.837157e-01 5.105334e-02 -1.227404e-03 9.986951e-01 -1.468129e+01
9.998603e-01 -1.033013e-04 1.671831e-02 1.315907e+01 1.096947e-04 9.999999e-01 -3.815656e-04 -4.967711e-01 -1.671818e-02 3.833447e-04 9.998602e-01 -1.443674e+01
9.989143e-01 4.136795e-04 -4.658269e-02 1.344097e+01 -3.600643e-04 9.999993e-01 1.159333e-03 -5.146199e-01 4.658305e-02 -1.141300e-03 9.989137e-01 -1.415776e+01
9.996715e-01 -1.516684e-04 2.563133e-02 1.363569e+01 1.677524e-04 9.999998e-01 -6.254070e-04 -5.313512e-01 -2.563113e-02 6.294998e-04 9.996713e-01 -1.383154e+01
9.983712e-01 5.408833e-04 -5.704837e-02 1.373992e+01 -4.603721e-04 9.999989e-01 1.424394e-03 -5.446743e-01 5.704898e-02 -1.395809e-03 9.983703e-01 -1.350136e+01
9.995519e-01 -2.011373e-04 2.993454e-02 1.386838e+01 2.221007e-04 9.999997e-01 -6.970241e-04 -5.610172e-01 -2.993429e-02 7.033586e-04 9.995517e-01 -1.309013e+01
9.983458e-01 5.211784e-04 -5.749138e-02 1.403397e+01 -4.428185e-04 9.999990e-01 1.375697e-03 -5.750140e-01 5.749194e-02 -1.347961e-03 9.983450e-01 -1.281742e+01
9.988912e-01 -3.939577e-04 4.707805e-02 1.443523e+01 4.472407e-04 9.999993e-01 -1.121300e-03 -5.963613e-01 -4.707748e-02 1.141110e-03 9.988907e-01 -1.259072e+01
9.986272e-01 4.655979e-04 -5.237763e-02 1.494595e+01 -4.006898e-04 9.999991e-01 1.249706e-03 -6.210457e-01 5.237807e-02 -1.227002e-03 9.986265e-01 -1.239155e+01
9.987599e-01 -3.775965e-04 4.978473e-02 1.531925e+01 4.371614e-04 9.999992e-01 -1.185592e-03 -6.438712e-01 -4.978414e-02 1.205884e-03 9.987593e-01 -1.207839e+01
9.987394e-01 4.736294e-04 -5.019184e-02 1.579815e+01 -4.124170e-04 9.999992e-01 1.229895e-03 -6.711610e-01 5.019228e-02 -1.207643e-03 9.987388e-01 -1.172069e+01
9.986770e-01 -3.544018e-04 5.142216e-02 1.636699e+01 4.187020e-04 9.999991e-01 -1.239695e-03 -6.999131e-01 -5.142158e-02 1.259584e-03 9.986763e-01 -1.142287e+01
9.986252e-01 4.480701e-04 -5.241661e-02 1.682403e+01 -3.801982e-04 9.999991e-01 1.304798e-03 -7.274930e-01 5.241705e-02 -1.283074e-03 9.986244e-01 -1.102154e+01
9.986188e-01 -3.446278e-04 5.254079e-02 1.737456e+01 4.121980e-04 9.999991e-01 -1.275245e-03 -7.562453e-01 -5.254020e-02 1.295139e-03 9.986180e-01 -1.069993e+01
9.985697e-01 4.361245e-04 -5.346361e-02 1.791707e+01 -3.650719e-04 9.999990e-01 1.338728e-03 -7.851661e-01 5.346405e-02 -1.317294e-03 9.985688e-01 -1.036272e+01
9.986321e-01 -3.669886e-04 5.228640e-02 1.848716e+01 4.352601e-04 9.999991e-01 -1.294368e-03 -8.126327e-01 -5.228578e-02 1.315354e-03 9.986314e-01 -1.012726e+01
9.986135e-01 4.435687e-04 -5.263833e-02 1.907129e+01 -3.748397e-04 9.999991e-01 1.315529e-03 -8.403911e-01 5.263877e-02 -1.293973e-03 9.986127e-01 -9.896861e+00
9.986186e-01 -3.458087e-04 5.254310e-02 1.952477e+01 4.146420e-04 9.999991e-01 -1.299165e-03 -8.658084e-01 -5.254250e-02 1.319156e-03 9.986179e-01 -9.581281e+00
9.986517e-01 4.678049e-04 -5.190783e-02 1.994207e+01 -4.009146e-04 9.999991e-01 1.299020e-03 -8.911845e-01 5.190829e-02 -1.276456e-03 9.986510e-01 -9.215348e+00
9.985532e-01 -3.173833e-04 5.377214e-02 2.039048e+01 3.897692e-04 9.999990e-01 -1.335704e-03 -9.171193e-01 -5.377157e-02 1.354729e-03 9.985524e-01 -8.867470e+00
9.987598e-01 5.226276e-04 -4.978441e-02 2.082632e+01 -4.601675e-04 9.999991e-01 1.266044e-03 -9.459767e-01 4.978493e-02 -1.241563e-03 9.987591e-01 -8.377652e+00
9.986993e-01 -3.993743e-04 5.098749e-02 2.141774e+01 4.629947e-04 9.999991e-01 -1.235985e-03 -9.774248e-01 -5.098685e-02 1.257982e-03 9.986986e-01 -7.997117e+00
9.987437e-01 5.053337e-04 -5.010703e-02 2.202035e+01 -4.438786e-04 9.999991e-01 1.237576e-03 -1.006817e+00 5.010752e-02 -1.213779e-03 9.987430e-01 -7.721698e+00
9.986566e-01 -3.784324e-04 5.181662e-02 2.263172e+01 4.436816e-04 9.999991e-01 -1.247760e-03 -1.037247e+00 -5.181600e-02 1.269072e-03 9.986559e-01 -7.413035e+00
9.988563e-01 5.589876e-04 -4.780835e-02 2.311434e+01 -5.036420e-04 9.999992e-01 1.169671e-03 -1.065986e+00 4.780887e-02 -1.144254e-03 9.988558e-01 -6.994401e+00
9.987762e-01 -4.089911e-04 4.945626e-02 2.353336e+01 4.663979e-04 9.999992e-01 -1.149249e-03 -1.095145e+00 -4.945566e-02 1.170908e-03 9.987757e-01 -6.470015e+00
9.988306e-01 5.552054e-04 -4.834265e-02 2.389169e+01 -4.988538e-04 9.999992e-01 1.177706e-03 -1.122799e+00 4.834316e-02 -1.152211e-03 9.988301e-01 -5.925128e+00
9.987277e-01 -3.818925e-04 5.042651e-02 2.422901e+01 4.406643e-04 9.999992e-01 -1.154406e-03 -1.151741e+00 -5.042594e-02 1.175157e-03 9.987272e-01 -5.293530e+00
9.988134e-01 5.248610e-04 -4.869719e-02 2.471446e+01 -4.691293e-04 9.999992e-01 1.155854e-03 -1.181296e+00 4.869766e-02 -1.131635e-03 9.988129e-01 -4.845514e+00
9.986784e-01 -3.536047e-04 5.139409e-02 2.510411e+01 4.149997e-04 9.999992e-01 -1.183950e-03 -1.208866e+00 -5.139353e-02 1.203712e-03 9.986778e-01 -4.349158e+00
9.987244e-01 4.911628e-04 -5.049007e-02 2.548172e+01 -4.317735e-04 9.999992e-01 1.187137e-03 -1.234739e+00 5.049051e-02 -1.163821e-03 9.987238e-01 -3.913047e+00
9.981968e-01 -2.354050e-04 6.002584e-02 2.592053e+01 3.218780e-04 9.999989e-01 -1.430952e-03 -1.262185e+00 -6.002535e-02 1.447691e-03 9.981959e-01 -3.484152e+00
9.986898e-01 4.870715e-04 -5.117003e-02 2.645057e+01 -4.260992e-04 9.999992e-01 1.202446e-03 -1.291499e+00 5.117048e-02 -1.179065e-03 9.986892e-01 -3.106236e+00
9.985654e-01 -3.371638e-04 5.354458e-02 2.698953e+01 4.033650e-04 9.999992e-01 -1.225596e-03 -1.320885e+00 -5.354403e-02 1.245434e-03 9.985648e-01 -2.743399e+00
9.986414e-01 4.755441e-04 -5.210690e-02 2.750190e+01 -4.113710e-04 9.999991e-01 1.242266e-03 -1.351045e+00 5.210735e-02 -1.219141e-03 9.986407e-01 -2.309078e+00
9.982946e-01 -2.433727e-04 5.837648e-02 2.803469e+01 3.224607e-04 9.999990e-01 -1.345395e-03 -1.383898e+00 -5.837600e-02 1.361924e-03 9.982938e-01 -1.781457e+00
9.988222e-01 5.259638e-04 -4.851587e-02 2.865929e+01 -4.713897e-04 9.999992e-01 1.136287e-03 -1.418764e+00 4.851634e-02 -1.112077e-03 9.988217e-01 -1.293770e+00
9.981399e-01 -2.119762e-04 6.096520e-02 2.921146e+01 2.991456e-04 9.999989e-01 -1.420716e-03 -1.451348e+00 -6.096474e-02 1.436309e-03 9.981390e-01 -8.005845e-01
9.984463e-01 4.240003e-04 -5.571986e-02 2.968212e+01 -3.525797e-04 9.999991e-01 1.291589e-03 -1.479009e+00 5.572026e-02 -1.269935e-03 9.984455e-01 -4.104002e-01
9.983415e-01 -2.779799e-04 5.756881e-02 3.017153e+01 3.545002e-04 9.999991e-01 -1.319007e-03 -1.506398e+00 -5.756830e-02 1.337226e-03 9.983407e-01 -6.215136e-02
9.985387e-01 4.588990e-04 -5.403959e-02 3.075113e+01 -3.907700e-04 9.999991e-01 1.271267e-03 -1.538444e+00 5.404004e-02 -1.248291e-03 9.985379e-01 3.637637e-01
9.984395e-01 -3.294346e-04 5.584316e-02 3.144349e+01 4.006206e-04 9.999991e-01 -1.263577e-03 -1.572171e+00 -5.584260e-02 1.283976e-03 9.984388e-01 7.038938e-01
9.987496e-01 5.123497e-04 -4.998925e-02 3.225184e+01 -4.561944e-04 9.999993e-01 1.134734e-03 -1.607818e+00 4.998970e-02 -1.110509e-03 9.987490e-01 9.668591e-01
9.979275e-01 -1.874874e-04 6.434806e-02 3.297860e+01 2.835151e-04 9.999989e-01 -1.483204e-03 -1.643062e+00 -6.434762e-02 1.498373e-03 9.979265e-01 1.335723e+00
9.988470e-01 5.302629e-04 -4.800320e-02 3.361524e+01 -4.804517e-04 9.999993e-01 1.049181e-03 -1.675744e+00 4.800363e-02 -1.024906e-03 9.988466e-01 1.716633e+00
9.982563e-01 -2.500160e-04 5.902854e-02 3.429605e+01 3.272020e-04 9.999991e-01 -1.297959e-03 -1.709943e+00 -5.902807e-02 1.315009e-03 9.982555e-01 2.102176e+00
9.986610e-01 4.725144e-04 -5.172874e-02 3.492828e+01 -4.151352e-04 9.999993e-01 1.119958e-03 -1.741656e+00 5.172914e-02 -1.096983e-03 9.986605e-01 2.444271e+00
9.981320e-01 -2.157563e-04 6.109408e-02 3.553503e+01 2.979045e-04 9.999991e-01 -1.335528e-03 -1.773704e+00 -6.109365e-02 1.351232e-03 9.981312e-01 2.838162e+00
9.986661e-01 4.787792e-04 -5.163022e-02 3.620952e+01 -4.216499e-04 9.999993e-01 1.117382e-03 -1.808710e+00 5.163063e-02 -1.094121e-03 9.986656e-01 3.268928e+00
9.982724e-01 -2.435544e-04 5.875588e-02 3.702247e+01 3.169003e-04 9.999992e-01 -1.239016e-03 -1.847200e+00 -5.875544e-02 1.255494e-03 9.982717e-01 3.657689e+00
9.984332e-01 4.009368e-04 -5.595501e-02 3.778818e+01 -3.325320e-04 9.999992e-01 1.231789e-03 -1.883826e+00 5.595537e-02 -1.211251e-03 9.984325e-01 4.026310e+00
9.981723e-01 -1.940093e-04 6.043223e-02 3.834997e+01 2.714995e-04 9.999992e-01 -1.274070e-03 -1.917686e+00 -6.043184e-02 1.288148e-03 9.981716e-01 4.561248e+00
9.984182e-01 3.795017e-04 -5.622257e-02 3.906357e+01 -3.122520e-04 9.999992e-01 1.204902e-03 -1.952615e+00 5.622290e-02 -1.185439e-03 9.984175e-01 4.927594e+00
9.980879e-01 -1.673573e-04 6.181068e-02 3.968589e+01 2.488433e-04 9.999991e-01 -1.310634e-03 -1.985206e+00 -6.181032e-02 1.323508e-03 9.980871e-01 5.324473e+00
9.986242e-01 4.556779e-04 -5.243488e-02 4.011373e+01 -3.984332e-04 9.999993e-01 1.102166e-03 -2.016422e+00 5.243526e-02 -1.079757e-03 9.986237e-01 5.933219e+00
9.982943e-01 -2.039064e-04 5.838256e-02 4.047431e+01 2.728688e-04 9.999993e-01 -1.173259e-03 -2.048037e+00 -5.838219e-02 1.187187e-03 9.982937e-01 6.650310e+00
9.984313e-01 3.716551e-04 -5.598958e-02 4.105361e+01 -3.057759e-04 9.999993e-01 1.185184e-03 -2.082278e+00 5.598989e-02 -1.166203e-03 9.984306e-01 7.175610e+00
9.983352e-01 -2.451381e-04 5.767941e-02 4.180398e+01 3.104917e-04 9.999993e-01 -1.124104e-03 -2.120536e+00 -5.767900e-02 1.140140e-03 9.983346e-01 7.635672e+00
9.984191e-01 4.018803e-04 -5.620491e-02 4.236770e+01 -3.349322e-04 9.999992e-01 1.200547e-03 -2.156800e+00 5.620526e-02 -1.179823e-03 9.984185e-01 8.267732e+00
9.983360e-01 -2.805109e-04 5.766401e-02 4.313288e+01 3.476570e-04 9.999993e-01 -1.154422e-03 -2.194252e+00 -5.766356e-02 1.172547e-03 9.983355e-01 8.668885e+00
9.984224e-01 4.050029e-04 -5.614751e-02 4.393617e+01 -3.379290e-04 9.999992e-01 1.204081e-03 -2.232805e+00 5.614787e-02 -1.183206e-03 9.984217e-01 9.068941e+00
9.983075e-01 -2.675769e-04 5.815612e-02 4.468437e+01 3.370418e-04 9.999992e-01 -1.184663e-03 -2.268763e+00 -5.815567e-02 1.202258e-03 9.983069e-01 9.434900e+00
9.985690e-01 4.492901e-04 -5.347544e-02 4.533380e+01 -3.918909e-04 9.999993e-01 1.083845e-03 -2.300654e+00 5.347580e-02 -1.061336e-03 9.985685e-01 9.759666e+00
9.984139e-01 -3.065520e-04 5.630011e-02 4.600506e+01 3.721157e-04 9.999993e-01 -1.154073e-03 -2.329708e+00 -5.629963e-02 1.173192e-03 9.984133e-01 9.930442e+00
9.986169e-01 4.757489e-04 -5.257394e-02 4.650329e+01 -4.197089e-04 9.999993e-01 1.076953e-03 -2.358529e+00 5.257433e-02 -1.053397e-03 9.986164e-01 1.033178e+01
9.983266e-01 -2.466050e-04 5.782669e-02 4.682036e+01 3.140441e-04 9.999993e-01 -1.157156e-03 -2.386883e+00 -5.782627e-02 1.173379e-03 9.983260e-01 1.096208e+01
9.986497e-01 4.452184e-04 -5.194717e-02 4.710071e+01 -3.942928e-04 9.999994e-01 9.905685e-04 -2.409701e+00 5.194749e-02 -9.687475e-04 9.986493e-01 1.141214e+01
9.982343e-01 -2.210450e-04 5.940021e-02 4.737833e+01 2.921369e-04 9.999993e-01 -1.188159e-03 -2.433029e+00 -5.939981e-02 1.203413e-03 9.982336e-01 1.189243e+01
9.986636e-01 4.232324e-04 -5.167880e-02 4.783387e+01 -3.741830e-04 9.999995e-01 9.587815e-04 -2.458968e+00 5.167909e-02 -9.381620e-04 9.986632e-01 1.223025e+01
9.984839e-01 -2.778379e-04 5.504372e-02 4.831378e+01 3.369847e-04 9.999994e-01 -1.065276e-03 -2.482917e+00 -5.504330e-02 1.082209e-03 9.984835e-01 1.245408e+01
9.986907e-01 4.117637e-04 -5.115342e-02 4.864136e+01 -3.650330e-04 9.999995e-01 9.228695e-04 -2.502357e+00 5.115369e-02 -9.029875e-04 9.986903e-01 1.269588e+01
9.984021e-01 -2.490214e-04 5.650842e-02 4.914174e+01 3.119777e-04 9.999993e-01 -1.105298e-03 -2.524892e+00 -5.650802e-02 1.121160e-03 9.984016e-01 1.283961e+01
9.985038e-01 3.581568e-04 -5.468019e-02 4.966078e+01 -3.038673e-04 9.999995e-01 1.001157e-03 -2.546426e+00 5.468044e-02 -9.830425e-04 9.985033e-01 1.291502e+01
9.981585e-01 -2.300644e-04 6.065907e-02 4.991475e+01 3.079961e-04 9.999991e-01 -1.275412e-03 -2.556593e+00 -6.065864e-02 1.291746e-03 9.981578e-01 1.286066e+01
9.986632e-01 4.036141e-04 -5.168773e-02 5.009453e+01 -3.560030e-04 9.999995e-01 9.303230e-04 -2.567660e+00 5.168800e-02 -9.106775e-04 9.986628e-01 1.294292e+01
9.979208e-01 -1.519303e-04 6.445175e-02 5.059435e+01 2.416283e-04 9.999990e-01 -1.383925e-03 -2.585941e+00 -6.445140e-02 1.396620e-03 9.979199e-01 1.292012e+01
9.987602e-01 4.413277e-04 -4.977864e-02 5.106928e+01 -3.951878e-04 9.999995e-01 9.367315e-04 -2.609620e+00 4.977895e-02 -9.158974e-04 9.987598e-01 1.314598e+01
9.974803e-01 -4.584376e-05 7.094480e-02 5.135741e+01 1.571896e-04 9.999988e-01 -1.563897e-03 -2.629811e+00 -7.094456e-02 1.571107e-03 9.974791e-01 1.348494e+01
9.988631e-01 4.563516e-04 -4.766806e-02 5.165993e+01 -4.157534e-04 9.999995e-01 8.615887e-04 -2.651586e+00 4.766834e-02 -8.407904e-04 9.988628e-01 1.387455e+01
9.971342e-01 3.673803e-05 7.565325e-02 5.202041e+01 9.086741e-05 9.999986e-01 -1.683277e-03 -2.673721e+00 -7.565313e-02 1.685327e-03 9.971328e-01 1.420195e+01
9.986472e-01 3.978356e-04 -5.199553e-02 5.242467e+01 -3.476360e-04 9.999995e-01 9.744955e-04 -2.697534e+00 5.199581e-02 -9.551012e-04 9.986468e-01 1.453421e+01
9.975658e-01 -3.967801e-05 6.973143e-02 5.286347e+01 1.440242e-04 9.999989e-01 -1.491379e-03 -2.721237e+00 -6.973122e-02 1.497791e-03 9.975648e-01 1.481580e+01
9.985033e-01 3.503482e-04 -5.469062e-02 5.320547e+01 -2.951554e-04 9.999994e-01 1.017253e-03 -2.742801e+00 5.469087e-02 -9.995876e-04 9.985028e-01 1.513919e+01
9.975395e-01 -2.242520e-05 7.010683e-02 5.371526e+01 1.262027e-04 9.999989e-01 -1.475851e-03 -2.767264e+00 -7.010664e-02 1.481067e-03 9.975385e-01 1.535717e+01
9.987263e-01 3.890894e-04 -5.045423e-02 5.415700e+01 -3.450647e-04 9.999996e-01 8.812732e-04 -2.792196e+00 5.045448e-02 -8.627404e-04 9.987259e-01 1.568785e+01
9.973079e-01 6.909274e-05 7.332808e-02 5.439714e+01 4.211848e-05 9.999989e-01 -1.515081e-03 -2.815874e+00 -7.332803e-02 1.514090e-03 9.973068e-01 1.624002e+01
9.985587e-01 3.284200e-04 -5.366937e-02 5.462419e+01 -2.782166e-04 9.999995e-01 9.428884e-04 -2.839475e+00 5.366958e-02 -9.265975e-04 9.985582e-01 1.680197e+01
9.972615e-01 8.098390e-05 7.395641e-02 5.486229e+01 3.223831e-05 9.999988e-01 -1.529739e-03 -2.861531e+00 -7.395637e-02 1.527933e-03 9.972604e-01 1.728463e+01
9.988060e-01 3.662892e-04 -4.885046e-02 5.518607e+01 -3.286582e-04 9.999996e-01 7.783614e-04 -2.885239e+00 4.885066e-02 -7.613769e-04 9.988057e-01 1.772350e+01
9.968747e-01 1.728746e-04 7.899948e-02 5.577423e+01 -4.269364e-05 9.999986e-01 -1.649558e-03 -2.912711e+00 -7.899959e-02 1.641030e-03 9.968734e-01 1.796243e+01
9.987428e-01 3.282370e-04 -5.012768e-02 5.643066e+01 -2.894885e-04 9.999997e-01 7.802544e-04 -2.940166e+00 5.012785e-02 -7.647622e-04 9.987424e-01 1.810727e+01
9.966958e-01 2.244683e-04 8.122466e-02 5.693295e+01 -8.801941e-05 9.999986e-01 -1.683471e-03 -2.965851e+00 -8.122486e-02 1.670760e-03 9.966945e-01 1.838966e+01
9.983159e-01 2.184571e-04 -5.801107e-02 5.731951e+01 -1.614027e-04 9.999995e-01 9.881933e-04 -2.990383e+00 5.801120e-02 -9.771663e-04 9.983154e-01 1.877845e+01
9.968241e-01 2.022580e-04 7.963538e-02 5.780091e+01 -7.256112e-05 9.999987e-01 -1.631524e-03 -3.014554e+00 -7.963555e-02 1.620564e-03 9.968228e-01 1.901957e+01
9.979288e-01 1.481535e-04 -6.432845e-02 5.823815e+01 -7.243964e-05 9.999993e-01 1.179321e-03 -3.041246e+00 6.432853e-02 -1.172219e-03 9.979280e-01 1.942522e+01
9.966879e-01 2.442429e-04 8.132131e-02 5.856278e+01 -1.091608e-04 9.999986e-01 -1.665532e-03 -3.066059e+00 -8.132155e-02 1.651139e-03 9.966866e-01 1.990746e+01
9.981880e-01 1.732665e-04 -6.017286e-02 5.886419e+01 -1.132507e-04 9.999995e-01 1.000801e-03 -3.086591e+00 6.017294e-02 -9.921735e-04 9.981874e-01 2.024941e+01
9.967644e-01 2.353897e-04 8.037803e-02 5.915132e+01 -1.056401e-04 9.999987e-01 -1.618488e-03 -3.106770e+00 -8.037825e-02 1.604761e-03 9.967632e-01 2.059162e+01
9.978166e-01 9.498827e-05 -6.604617e-02 5.959973e+01 -1.768816e-05 9.999993e-01 1.170981e-03 -3.131773e+00 6.604618e-02 -1.167257e-03 9.978158e-01 2.090972e+01
9.965093e-01 2.919028e-04 8.348092e-02 6.006119e+01 -1.516042e-04 9.999986e-01 -1.686938e-03 -3.157896e+00 -8.348125e-02 1.668395e-03 9.965080e-01 2.126261e+01
9.977990e-01 7.845067e-05 -6.631134e-02 6.041116e+01 -2.939705e-06 9.999994e-01 1.138833e-03 -3.179309e+00 6.631134e-02 -1.136133e-03 9.977982e-01 2.156606e+01
9.961331e-01 3.406634e-04 8.785618e-02 6.078220e+01 -1.778134e-04 9.999983e-01 -1.861415e-03 -3.193972e+00 -8.785661e-02 1.838596e-03 9.961315e-01 2.156462e+01
9.973683e-01 2.171575e-05 -7.250133e-02 6.122485e+01 7.636214e-05 9.999991e-01 1.350004e-03 -3.215978e+00 7.250125e-02 -1.351989e-03 9.973673e-01 2.176661e+01
9.967004e-01 2.512951e-04 8.116852e-02 6.189765e+01 -1.197628e-04 9.999987e-01 -1.625346e-03 -3.244894e+00 -8.116878e-02 1.610262e-03 9.966992e-01 2.194031e+01
9.974836e-01 3.206976e-05 -7.089811e-02 6.251424e+01 5.914144e-05 9.999992e-01 1.284414e-03 -3.271758e+00 7.089805e-02 -1.285376e-03 9.974826e-01 2.210764e+01
9.960318e-01 3.703733e-04 8.899686e-02 6.309922e+01 -2.023777e-04 9.999982e-01 -1.896672e-03 -3.292204e+00 -8.899736e-02 1.871136e-03 9.960302e-01 2.206634e+01
9.974092e-01 8.161411e-06 -7.193646e-02 6.357124e+01 8.619410e-05 9.999991e-01 1.308549e-03 -3.312273e+00 7.193637e-02 -1.311360e-03 9.974083e-01 2.215789e+01
9.959681e-01 4.005956e-04 8.970753e-02 6.408790e+01 -2.329494e-04 9.999982e-01 -1.879268e-03 -3.335441e+00 -8.970808e-02 1.850795e-03 9.959665e-01 2.231412e+01
9.975678e-01 2.705705e-05 -6.970252e-02 6.469659e+01 5.919337e-05 9.999992e-01 1.235344e-03 -3.361171e+00 6.970247e-02 -1.236467e-03 9.975670e-01 2.245748e+01
9.957020e-01 4.676632e-04 9.261417e-02 6.509729e+01 -2.867327e-04 9.999980e-01 -1.966888e-03 -3.379420e+00 -9.261487e-02 1.931880e-03 9.957002e-01 2.257144e+01
9.975475e-01 -7.402728e-06 -6.999301e-02 6.512609e+01 9.450494e-05 9.999992e-01 1.241133e-03 -3.394476e+00 6.999291e-02 -1.244705e-03 9.975466e-01 2.302928e+01
9.955343e-01 5.266830e-04 9.439869e-02 6.540267e+01 -3.392041e-04 9.999979e-01 -2.002065e-03 -3.414826e+00 -9.439952e-02 1.961106e-03 9.955326e-01 2.339838e+01
9.976351e-01 -1.297140e-05 -6.873322e-02 6.589093e+01 9.302690e-05 9.999993e-01 1.161529e-03 -3.436370e+00 6.873314e-02 -1.165178e-03 9.976343e-01 2.353253e+01
9.947961e-01 6.851436e-04 1.018837e-01 6.644285e+01 -4.643100e-04 9.999975e-01 -2.191202e-03 -3.457931e+00 -1.018849e-01 2.132496e-03 9.947940e-01 2.358738e+01
9.977713e-01 -1.945879e-05 -6.672580e-02 6.695325e+01 9.117913e-05 9.999994e-01 1.071808e-03 -3.478734e+00 6.672572e-02 -1.075505e-03 9.977707e-01 2.366233e+01
9.946944e-01 7.397847e-04 1.028713e-01 6.747919e+01 -5.174221e-04 9.999975e-01 -2.188228e-03 -3.499619e+00 -1.028726e-01 2.123392e-03 9.946924e-01 2.372244e+01
9.979676e-01 -1.905308e-05 -6.372397e-02 6.797186e+01 8.006496e-05 9.999995e-01 9.548873e-04 -3.519347e+00 6.372391e-02 -9.580506e-04 9.979670e-01 2.377733e+01
9.949219e-01 7.169776e-04 1.006478e-01 6.841597e+01 -5.077040e-04 9.999977e-01 -2.104864e-03 -3.536767e+00 -1.006491e-01 2.043078e-03 9.949200e-01 2.380083e+01
9.976258e-01 -1.656329e-04 -6.886726e-02 6.869549e+01 2.372497e-04 9.999994e-01 1.031748e-03 -3.546255e+00 6.886704e-02 -1.045640e-03 9.976252e-01 2.369301e+01
9.952797e-01 6.709861e-04 9.704602e-02 6.902657e+01 -4.785188e-04 9.999979e-01 -2.006518e-03 -3.554194e+00 -9.704715e-02 1.950611e-03 9.952780e-01 2.345541e+01
9.974866e-01 -1.598340e-04 -7.085519e-02 6.953528e+01 2.388912e-04 9.999994e-01 1.107283e-03 -3.570691e+00 7.085496e-02 -1.121429e-03 9.974859e-01 2.336087e+01
9.952720e-01 7.180063e-04 9.712472e-02 7.015693e+01 -5.302499e-04 9.999979e-01 -1.958944e-03 -3.591750e+00 -9.712593e-02 1.898184e-03 9.952704e-01 2.330193e+01
9.972470e-01 -2.471457e-04 -7.415085e-02 7.083631e+01 3.362481e-04 9.999992e-01 1.189153e-03 -3.615613e+00 7.415051e-02 -1.210815e-03 9.972462e-01 2.327526e+01
9.955414e-01 6.917010e-04 9.432333e-02 7.160579e+01 -5.182355e-04 9.999981e-01 -1.863535e-03 -3.639973e+00 -9.432445e-02 1.806347e-03 9.955400e-01 2.315157e+01
9.976100e-01 -2.234760e-04 -6.909657e-02 7.221742e+01 2.925522e-04 9.999995e-01 9.895839e-04 -3.658535e+00 6.909632e-02 -1.007436e-03 9.976094e-01 2.301039e+01
9.960491e-01 6.270322e-04 8.880234e-02 7.288166e+01 -4.822580e-04 9.999985e-01 -1.651744e-03 -3.680870e+00 -8.880326e-02 1.602395e-03 9.960480e-01 2.294224e+01
9.973482e-01 -2.848397e-04 -7.277749e-02 7.371393e+01 3.666951e-04 9.999993e-01 1.111372e-03 -3.708565e+00 7.277714e-02 -1.135115e-03 9.973475e-01 2.286515e+01
9.958993e-01 6.735598e-04 9.046575e-02 7.449775e+01 -5.210028e-04 9.999984e-01 -1.709957e-03 -3.733954e+00 -9.046677e-02 1.655815e-03 9.958982e-01 2.276360e+01
9.971297e-01 -3.515181e-04 -7.571142e-02 7.517815e+01 4.411824e-04 9.999992e-01 1.167562e-03 -3.756699e+00 7.571097e-02 -1.197617e-03 9.971290e-01 2.268849e+01
9.959285e-01 6.809727e-04 9.014441e-02 7.587609e+01 -5.312627e-04 9.999984e-01 -1.684765e-03 -3.780675e+00 -9.014544e-02 1.630018e-03 9.959274e-01 2.263749e+01
9.975578e-01 -2.994825e-04 -6.984492e-02 7.649863e+01 3.695572e-04 9.999994e-01 9.903641e-04 -3.803373e+00 6.984460e-02 -1.013760e-03 9.975573e-01 2.264083e+01
9.956244e-01 7.452250e-04 9.344224e-02 7.692975e+01 -5.794149e-04 9.999982e-01 -1.801586e-03 -3.820294e+00 -9.344344e-02 1.739564e-03 9.956232e-01 2.265948e+01
9.971403e-01 -4.075445e-04 -7.557153e-02 7.731823e+01 4.943478e-04 9.999992e-01 1.129915e-03 -3.835918e+00 7.557104e-02 -1.164046e-03 9.971396e-01 2.266988e+01
9.955639e-01 7.908677e-04 9.408446e-02 7.784265e+01 -6.244360e-04 9.999982e-01 -1.798390e-03 -3.855495e+00 -9.408574e-02 1.731666e-03 9.955627e-01 2.267086e+01
9.965103e-01 -5.038190e-04 -8.346776e-02 7.849260e+01 6.196432e-04 9.999989e-01 1.361745e-03 -3.878421e+00 8.346701e-02 -1.408717e-03 9.965094e-01 2.262964e+01
9.955130e-01 8.078682e-04 9.462147e-02 7.913469e+01 -6.402976e-04 9.999982e-01 -1.801309e-03 -3.902670e+00 -9.462278e-02 1.732644e-03 9.955118e-01 2.265144e+01
9.958111e-01 -5.888830e-04 -9.143295e-02 7.990569e+01 7.391958e-04 9.999984e-01 1.610105e-03 -3.931280e+00 9.143189e-02 -1.670950e-03 9.958098e-01 2.266568e+01
9.953004e-01 8.453620e-04 9.683221e-02 8.075425e+01 -6.682591e-04 9.999980e-01 -1.861386e-03 -3.961105e+00 -9.683363e-02 1.787933e-03 9.952991e-01 2.262945e+01
9.966156e-01 -5.023599e-04 -8.220149e-02 8.144094e+01 6.137602e-04 9.999989e-01 1.329939e-03 -3.987433e+00 8.220076e-02 -1.375893e-03 9.966147e-01 2.268040e+01
9.959277e-01 7.639964e-04 9.015193e-02 8.204882e+01 -6.149958e-04 9.999984e-01 -1.680543e-03 -4.009939e+00 -9.015310e-02 1.618259e-03 9.959267e-01 2.267157e+01
9.959694e-01 -5.454311e-04 -8.969210e-02 8.256712e+01 6.841679e-04 9.999986e-01 1.516068e-03 -4.030825e+00 8.969118e-02 -1.571325e-03 9.959683e-01 2.271372e+01
9.969587e-01 7.649352e-04 7.792811e-02 8.307609e+01 -6.642182e-04 9.999989e-01 -1.318351e-03 -4.052224e+00 -7.792906e-02 1.262584e-03 9.969582e-01 2.279572e+01
9.958189e-01 -6.068335e-04 -9.134765e-02 8.372731e+01 7.534521e-04 9.999985e-01 1.570577e-03 -4.077132e+00 9.134659e-02 -1.632840e-03 9.958177e-01 2.283164e+01
9.968202e-01 7.099924e-04 7.968000e-02 8.434025e+01 -6.039648e-04 9.999989e-01 -1.354763e-03 -4.101449e+00 -7.968090e-02 1.302335e-03 9.968197e-01 2.288911e+01
9.953326e-01 -5.558117e-04 -9.650278e-02 8.495084e+01 7.220449e-04 9.999983e-01 1.687654e-03 -4.125131e+00 9.650171e-02 -1.749460e-03 9.953312e-01 2.294283e+01
9.968655e-01 6.985651e-04 7.911232e-02 8.556071e+01 -5.953192e-04 9.999989e-01 -1.328637e-03 -4.148193e+00 -7.911319e-02 1.277378e-03 9.968649e-01 2.296954e+01
9.948913e-01 -4.627805e-04 -1.009511e-01 8.602847e+01 6.436271e-04 9.999982e-01 1.758860e-03 -4.166711e+00 1.009501e-01 -1.814852e-03 9.948897e-01 2.301046e+01
9.968363e-01 7.042987e-04 7.947882e-02 8.645428e+01 -6.023275e-04 9.999990e-01 -1.306968e-03 -4.185582e+00 -7.947968e-02 1.254964e-03 9.968358e-01 2.312206e+01
9.956006e-01 -5.887286e-04 -9.369645e-02 8.706078e+01 7.397465e-04 9.999985e-01 1.577048e-03 -4.209428e+00 9.369540e-02 -1.639425e-03 9.955995e-01 2.317720e+01
9.967825e-01 6.933915e-04 8.015135e-02 8.764996e+01 -5.905321e-04 9.999990e-01 -1.307013e-03 -4.233730e+00 -8.015219e-02 1.255479e-03 9.967819e-01 2.327657e+01
9.961004e-01 -6.026679e-04 -8.822431e-02 8.812505e+01 7.320775e-04 9.999987e-01 1.434472e-03 -4.257468e+00 8.822335e-02 -1.493468e-03 9.960995e-01 2.349534e+01
9.966427e-01 6.674254e-04 8.187164e-02 8.877220e+01 -5.593653e-04 9.999989e-01 -1.342803e-03 -4.284689e+00 -8.187247e-02 1.292501e-03 9.966421e-01 2.361475e+01
9.959199e-01 -5.940369e-04 -9.023931e-02 8.942317e+01 7.319630e-04 9.999986e-01 1.495357e-03 -4.312630e+00 9.023832e-02 -1.555311e-03 9.959189e-01 2.376589e+01
9.969150e-01 6.943703e-04 7.848553e-02 8.992783e+01 -5.958347e-04 9.999990e-01 -1.278875e-03 -4.335330e+00 -7.848635e-02 1.228169e-03 9.969145e-01 2.390121e+01
9.959426e-01 -5.992113e-04 -8.998916e-02 9.051285e+01 7.369658e-04 9.999986e-01 1.497566e-03 -4.360908e+00 8.998815e-02 -1.557812e-03 9.959415e-01 2.405225e+01
9.966798e-01 6.913525e-04 8.141827e-02 9.091849e+01 -5.848497e-04 9.999989e-01 -1.331937e-03 -4.385234e+00 -8.141912e-02 1.279900e-03 9.966792e-01 2.438650e+01
9.956731e-01 -5.830924e-04 -9.292323e-02 9.140484e+01 7.272191e-04 9.999986e-01 1.517172e-03 -4.406820e+00 9.292223e-02 -1.578186e-03 9.956720e-01 2.450151e+01
9.967544e-01 6.770383e-04 8.049998e-02 9.187769e+01 -5.741975e-04 9.999990e-01 -1.300669e-03 -4.428361e+00 -8.050079e-02 1.250228e-03 9.967539e-01 2.463151e+01
9.950182e-01 -4.881006e-04 -9.969263e-02 9.235806e+01 6.565289e-04 9.999984e-01 1.656673e-03 -4.447278e+00 9.969167e-02 -1.713874e-03 9.950168e-01 2.466205e+01
9.963852e-01 6.070992e-04 8.494819e-02 9.295635e+01 -4.921132e-04 9.999989e-01 -1.374535e-03 -4.470583e+00 -8.494894e-02 1.327765e-03 9.963845e-01 2.471293e+01
