9.995436e-01 4.755202e-04 3.020646e-02 4.692662e-01 -4.485765e-04 9.999995e-01 -8.987546e-04 -2.722231e-02 -3.020687e-02 8.847941e-04 9.995434e-01 3.894783e-01
9.999923e-01 6.006216e-05 3.931086e-03 7.482150e-01 -5.951272e-05 1.000000e+00 -1.398840e-04 -4.793753e-02 -3.931088e-03 1.396493e-04 9.999922e-01 7.687706e-01
9.992651e-01 5.822621e-04 3.832733e-02 9.847536e-01 -5.387568e-04 9.999992e-01 -1.145418e-03 -6.781060e-02 -3.832797e-02 1.123927e-03 9.992647e-01 1.173144e+00
9.999759e-01 -9.289840e-05 -6.941046e-03 1.170915e+00 9.415087e-05 1.000000e+00 1.801148e-04 -8.736549e-02 6.941043e-03 -1.807639e-04 9.999758e-01 1.623283e+00
9.985453e-01 8.113005e-04 5.391296e-02 1.333286e+00 -7.249322e-04 9.999984e-01 -1.621532e-03 -1.035735e-01 -5.391421e-02 1.580090e-03 9.985444e-01 1.968104e+00
9.999803e-01 -9.199166e-05 -6.277847e-03 1.461281e+00 9.299454e-05 1.000000e+00 1.594508e-04 -1.182890e-01 6.277855e-03 -1.600317e-04 9.999802e-01 2.290777e+00
9.989637e-01 6.993618e-04 4.550899e-02 1.625374e+00 -6.382011e-04 9.999989e-01 -1.358441e-03 -1.349171e-01 -4.550992e-02 1.327990e-03 9.989631e-01 2.651704e+00
9.999950e-01 -5.914215e-05 -3.153840e-03 1.776700e+00 5.934556e-05 1.000000e+00 6.437485e-05 -1.518121e-01 3.153867e-03 -6.456212e-05 9.999949e-01 3.039536e+00
9.988119e-01 7.521411e-04 4.872614e-02 1.912782e+00 -6.822434e-04 9.999987e-01 -1.451119e-03 -1.687116e-01 -4.872720e-02 1.416153e-03 9.988112e-01 3.447148e+00
9.999897e-01 -6.412268e-05 -4.526399e-03 2.057521e+00 6.461422e-05 1.000000e+00 1.084132e-04 -1.867813e-01 4.526431e-03 -1.087052e-04 9.999897e-01 3.893526e+00
9.989032e-01 7.295794e-04 4.681710e-02 2.209498e+00 -6.652783e-04 9.999988e-01 -1.389023e-03 -2.056146e-01 -4.681810e-02 1.356354e-03 9.989026e-01 4.363897e+00
9.999760e-01 -1.112980e-04 -6.926497e-03 2.430556e+00 1.124712e-04 1.000000e+00 1.689516e-04 -2.245710e-01 6.926525e-03 -1.697275e-04 9.999759e-01 4.750262e+00
9.990267e-01 7.158833e-04 4.410437e-02 2.781670e+00 -6.597001e-04 9.999990e-01 -1.288415e-03 -2.484242e-01 -4.410530e-02 1.258066e-03 9.990262e-01 5.167865e+00
9.999999e-01 -3.371768e-05 -4.380616e-04 2.956186e+00 3.370174e-05 1.000000e+00 -3.713837e-05 -2.650111e-01 4.381166e-04 3.712256e-05 9.999998e-01 5.515650e+00
9.992493e-01 6.539815e-04 3.873605e-02 3.195926e+00 -6.114612e-04 9.999992e-01 -1.109538e-03 -2.864543e-01 -3.873680e-02 1.085020e-03 9.992490e-01 5.982219e+00
9.998768e-01 -2.355973e-04 -1.569142e-02 3.433808e+00 2.426681e-04 9.999999e-01 4.486895e-04 -3.118183e-01 1.569137e-02 -4.524433e-04 9.998767e-01 6.601864e+00
9.991440e-01 6.874013e-04 4.136193e-02 3.646449e+00 -6.378307e-04 9.999991e-01 -1.211652e-03 -3.361620e-01 -4.136278e-02 1.184234e-03 9.991436e-01 7.212954e+00
9.999875e-01 -8.447748e-05 -4.987060e-03 3.824981e+00 8.519957e-05 1.000000e+00 1.444826e-04 -3.593737e-01 4.987111e-03 -1.449070e-04 9.999875e-01 7.823573e+00
9.994506e-01 5.524051e-04 3.313839e-02 4.024280e+00 -5.206417e-04 9.999994e-01 -9.671437e-04 -3.820249e-01 -3.313897e-02 9.493604e-04 9.994504e-01 8.383813e+00
9.999988e-01 -1.344403e-05 1.521687e-03 4.211206e+00 1.358109e-05 1.000000e+00 -8.968770e-05 -4.022254e-01 -1.521617e-03 8.970687e-05 9.999988e-01 8.866926e+00
9.990562e-01 6.738282e-04 4.343154e-02 4.454113e+00 -6.185094e-04 9.999990e-01 -1.287139e-03 -4.173817e-01 -4.343244e-02 1.259063e-03 9.990557e-01 9.055408e+00
9.999211e-01 -1.743724e-04 -1.255625e-02 4.996985e+00 1.787351e-04 9.999999e-01 3.462773e-04 -4.414532e-01 1.255626e-02 -3.484958e-04 9.999210e-01 9.217839e+00
9.995793e-01 4.591606e-04 2.900022e-02 5.733390e+00 -4.353349e-04 9.999996e-01 -8.278996e-04 -4.741392e-01 -2.900066e-02 8.149280e-04 9.995791e-01 9.467780e+00
9.999413e-01 -1.646248e-04 -1.083103e-02 6.391490e+00 1.675283e-04 1.000000e+00 2.670908e-04 -5.027510e-01 1.083106e-02 -2.688912e-04 9.999412e-01 9.657209e+00
9.996718e-01 4.236586e-04 2.561646e-02 7.097020e+00 -4.050443e-04 9.999997e-01 -7.318656e-04 -5.309186e-01 -2.561684e-02 7.212512e-04 9.996717e-01 9.765052e+00
9.998205e-01 -2.693441e-04 -1.894429e-02 7.735055e+00 2.789204e-04 9.999998e-01 5.028156e-04 -5.593361e-01 1.894423e-02 -5.080109e-04 9.998203e-01 9.969613e+00
9.994933e-01 5.202470e-04 3.182495e-02 8.415936e+00 -4.917467e-04 9.999995e-01 -9.033781e-04 -5.896468e-01 -3.182548e-02 8.872722e-04 9.994931e-01 1.019827e+01
9.999421e-01 -1.661518e-04 -1.076027e-02 9.021407e+00 1.687840e-04 1.000000e+00 2.436341e-04 -6.152327e-01 1.076031e-02 -2.454379e-04 9.999420e-01 1.033780e+01
9.996108e-01 4.665346e-04 2.789397e-02 9.588702e+00 -4.453604e-04 9.999996e-01 -7.653327e-04 -6.431036e-01 -2.789440e-02 7.526137e-04 9.996107e-01 1.062160e+01
9.998509e-01 -2.463416e-04 -1.726621e-02 1.018337e+01 2.542780e-04 9.999999e-01 4.574015e-04 -6.734472e-01 1.726618e-02 -4.617255e-04 9.998507e-01 1.096893e+01
9.997931e-01 3.508103e-04 2.034115e-02 1.097825e+01 -3.405219e-04 9.999998e-01 -5.092939e-04 -7.095844e-01 -2.034141e-02 5.022636e-04 9.997930e-01 1.128017e+01
9.999441e-01 -1.497305e-04 -1.057258e-02 1.153096e+01 1.523195e-04 1.000000e+00 2.439869e-04 -7.404162e-01 1.057263e-02 -2.455854e-04 9.999440e-01 1.170975e+01
9.996959e-01 4.129041e-04 2.465669e-02 1.192817e+01 -3.969023e-04 9.999997e-01 -6.539115e-04 -7.666691e-01 -2.465703e-02 6.439280e-04 9.996958e-01 1.215802e+01
9.999144e-01 -1.806641e-04 -1.308389e-02 1.223224e+01 1.848537e-04 9.999999e-01 3.189318e-04 -7.917707e-01 1.308391e-02 -3.213248e-04 9.999143e-01 1.268520e+01
9.997651e-01 3.475846e-04 2.167361e-02 1.269893e+01 -3.349085e-04 9.999998e-01 -5.885337e-04 -8.182127e-01 -2.167390e-02 5.811384e-04 9.997650e-01 1.303890e+01
9.999217e-01 -1.713700e-04 -1.251039e-02 1.306702e+01 1.751314e-04 9.999999e-01 2.994829e-04 -8.424519e-01 1.251042e-02 -3.016522e-04 9.999216e-01 1.343213e+01
9.997835e-01 3.444141e-04 2.080808e-02 1.337012e+01 -3.329092e-04 9.999998e-01 -5.564124e-04 -8.661178e-01 -2.080836e-02 5.493664e-04 9.997834e-01 1.388993e+01
9.999603e-01 -1.308271e-04 -8.910659e-03 1.370609e+01 1.325242e-04 1.000000e+00 1.897487e-04 -8.898685e-01 8.910719e-03 -1.909238e-04 9.999602e-01 1.431350e+01
9.998811e-01 3.121966e-04 1.541555e-02 1.394997e+01 -3.066470e-04 9.999999e-01 -3.624260e-04 -9.148218e-01 -1.541575e-02 3.576575e-04 9.998812e-01 1.491048e+01
9.999790e-01 -1.233374e-04 -6.478328e-03 1.432214e+01 1.240128e-04 1.000000e+00 1.036930e-04 -9.412349e-01 6.478401e-03 -1.044960e-04 9.999789e-01 1.538954e+01
9.999003e-01 3.036756e-04 1.411830e-02 1.481322e+01 -2.991987e-04 9.999999e-01 -3.192838e-04 -9.694702e-01 -1.411849e-02 3.150295e-04 9.999004e-01 1.579021e+01
9.999519e-01 -1.586608e-04 -9.808406e-03 1.507340e+01 1.604065e-04 1.000000e+00 1.770825e-04 -9.912592e-01 9.808464e-03 -1.786491e-04 9.999518e-01 1.623336e+01
9.999622e-01 1.548626e-04 8.700398e-03 1.516778e+01 -1.531135e-04 1.000000e+00 -2.018235e-04 -1.006755e+00 -8.700516e-03 2.004855e-04 9.999622e-01 1.661391e+01
9.998687e-01 -1.685018e-04 -1.619943e-02 1.536504e+01 1.738850e-04 9.999999e-01 3.308355e-04 -1.024169e+00 1.619946e-02 -3.336107e-04 9.998686e-01 1.692559e+01
9.998792e-01 1.817673e-04 1.554539e-02 1.540681e+01 -1.759515e-04 9.999999e-01 -3.755541e-04 -1.037143e+00 -1.554555e-02 3.727753e-04 9.998792e-01 1.726654e+01
9.998705e-01 -2.093234e-04 -1.609183e-02 1.529756e+01 2.141168e-04 9.999999e-01 2.960873e-04 -1.044369e+00 1.609185e-02 -2.994963e-04 9.998704e-01 1.752496e+01
9.998298e-01 3.034058e-04 1.844709e-02 1.568997e+01 -2.961877e-04 9.999999e-01 -3.940709e-04 -1.067545e+00 -1.844729e-02 3.885418e-04 9.998298e-01 1.784187e+01
9.999225e-01 -1.790684e-04 -1.244570e-02 1.616722e+01 1.811701e-04 1.000000e+00 1.676516e-04 -1.090856e+00 1.244576e-02 -1.698952e-04 9.999225e-01 1.805518e+01
9.996715e-01 4.080666e-04 2.562733e-02 1.672611e+01 -3.927368e-04 9.999997e-01 -6.032538e-04 -1.115366e+00 -2.562766e-02 5.929926e-04 9.996715e-01 1.820916e+01
9.999217e-01 -1.853281e-04 -1.250649e-02 1.723098e+01 1.872436e-04 1.000000e+00 1.519045e-04 -1.136868e+00 1.250655e-02 -1.542362e-04 9.999217e-01 1.831486e+01
9.997016e-01 3.854072e-04 2.442701e-02 1.772564e+01 -3.720384e-04 9.999998e-01 -5.518816e-04 -1.160313e+00 -2.442731e-02 5.426310e-04 9.997015e-01 1.851453e+01
9.999159e-01 -1.817960e-04 -1.296354e-02 1.810144e+01 1.838252e-04 1.000000e+00 1.552519e-04 -1.180276e+00 1.296361e-02 -1.576237e-04 9.999159e-01 1.872768e+01
9.999205e-01 1.245329e-04 1.260861e-02 1.827707e+01 -1.207131e-04 9.999999e-01 -3.038063e-04 -1.186064e+00 -1.260873e-02 3.022620e-04 9.999205e-01 1.858029e+01
9.999136e-01 -1.541004e-04 -1.314534e-02 1.857090e+01 1.568666e-04 1.000000e+00 2.093120e-04 -1.199963e+00 1.314540e-02 -2.113579e-04 9.999135e-01 1.863853e+01
9.999216e-01 1.835619e-04 1.252289e-02 1.897815e+01 -1.806328e-04 1.000000e+00 -2.351265e-04 -1.222139e+00 -1.252302e-02 2.328479e-04 9.999216e-01 1.887492e+01
9.997951e-01 -1.644722e-04 -2.023995e-02 1.928511e+01 1.723742e-04 9.999999e-01 3.886099e-04 -1.242759e+00 2.023997e-02 -3.920210e-04 9.997950e-01 1.918756e+01
9.998062e-01 2.241653e-04 1.968747e-02 1.963002e+01 -2.169092e-04 9.999999e-01 -3.707526e-04 -1.267642e+00 -1.968764e-02 3.664122e-04 9.998062e-01 1.963210e+01
9.999810e-01 4.247559e-06 -6.160895e-03 1.998686e+01 -4.469781e-06 1.000000e+00 -3.624785e-05 -1.291954e+00 6.160985e-03 3.627282e-05 9.999809e-01 2.005417e+01
9.999258e-01 1.542634e-04 1.218488e-02 2.034251e+01 -1.528195e-04 1.000000e+00 -1.195250e-04 -1.319011e+00 -1.218499e-02 1.176559e-04 9.999258e-01 2.058678e+01
9.999657e-01 -7.962750e-06 -8.284732e-03 2.070088e+01 8.437559e-06 1.000000e+00 5.713154e-05 -1.348425e+00 8.284821e-03 -5.720136e-05 9.999656e-01 2.121417e+01
9.999736e-01 3.858228e-05 7.276576e-03 2.092389e+01 -3.867032e-05 1.000000e+00 1.179727e-05 -1.374057e+00 -7.276665e-03 -1.207648e-05 9.999736e-01 2.186164e+01
9.999396e-01 -6.284830e-05 -1.098483e-02 2.123749e+01 6.383263e-05 1.000000e+00 8.914962e-05 -1.398551e+00 1.098491e-02 -8.984729e-05 9.999396e-01 2.233543e+01
9.999736e-01 5.613362e-05 7.273549e-03 2.146758e+01 -5.628358e-05 1.000000e+00 2.025164e-05 -1.422738e+00 -7.273637e-03 -2.065863e-05 9.999736e-01 2.291090e+01
9.999855e-01 5.045017e-05 -5.384992e-03 2.171570e+01 -5.075082e-05 1.000000e+00 -5.591104e-05 -1.447282e+00 5.385079e-03 5.618167e-05 9.999854e-01 2.348323e+01
9.994746e-01 4.023859e-04 3.241133e-02 2.192073e+01 -3.789007e-04 9.999997e-01 -7.307721e-04 -1.471509e+00 -3.241170e-02 7.181093e-04 9.994744e-01 2.410123e+01
9.999052e-01 -4.761248e-07 -1.376798e-02 2.221626e+01 4.159552e-06 1.000000e+00 2.674149e-04 -1.502915e+00 1.376807e-02 -2.674487e-04 9.999051e-01 2.488819e+01
9.999152e-01 5.348673e-05 1.302697e-02 2.259135e+01 -5.147848e-05 1.000000e+00 -1.545894e-04 -1.535270e+00 -1.302707e-02 1.539076e-04 9.999152e-01 2.560866e+01
9.998942e-01 -2.901473e-05 -1.454697e-02 2.314010e+01 3.245636e-05 1.000000e+00 2.362649e-04 -1.566830e+00 1.454705e-02 -2.367139e-04 9.998941e-01 2.605337e+01
9.998818e-01 1.034898e-04 1.537524e-02 2.377329e+01 -1.003537e-04 1.000000e+00 -2.048190e-04 -1.600320e+00 -1.537535e-02 2.032537e-04 9.998818e-01 2.645918e+01
9.995423e-01 8.816058e-06 -3.024977e-02 2.418354e+01 1.091993e-05 9.999998e-01 6.522278e-04 -1.630198e+00 3.024986e-02 -6.522614e-04 9.995421e-01 2.705685e+01
9.995542e-01 8.431334e-05 2.985708e-02 2.462942e+01 -6.686227e-05 9.999998e-01 -5.855228e-04 -1.661720e+00 -2.985721e-02 5.832673e-04 9.995541e-01 2.764002e+01
9.998196e-01 1.360922e-04 -1.899194e-02 2.522621e+01 -1.304817e-04 9.999999e-01 2.965908e-04 -1.694218e+00 1.899207e-02 -2.940611e-04 9.998195e-01 2.806617e+01
9.993457e-01 1.494340e-04 3.616808e-02 2.596134e+01 -1.214516e-04 9.999997e-01 -7.759021e-04 -1.728769e+00 -3.616828e-02 7.710036e-04 9.993455e-01 2.839145e+01
9.997357e-01 1.000570e-04 -2.298731e-02 2.667062e+01 -9.030841e-05 9.999999e-01 4.250663e-04 -1.763698e+00 2.298745e-02 -4.228799e-04 9.997356e-01 2.876698e+01
9.995484e-01 9.391392e-05 3.005089e-02 2.712428e+01 -7.657726e-05 9.999998e-01 -5.781006e-04 -1.795652e+00 -3.005103e-02 5.755402e-04 9.995483e-01 2.936580e+01
9.996878e-01 8.811578e-05 -2.498275e-02 2.757847e+01 -7.600604e-05 9.999999e-01 4.856205e-04 -1.827597e+00 2.498288e-02 -4.835719e-04 9.996877e-01 2.995830e+01
9.995828e-01 6.807476e-05 2.888502e-02 2.795064e+01 -5.155872e-05 9.999998e-01 -5.725722e-04 -1.855364e+00 -2.888515e-02 5.708459e-04 9.995826e-01 3.048719e+01
9.997657e-01 1.414643e-04 -2.164202e-02 2.816913e+01 -1.327501e-04 9.999999e-01 4.040274e-04 -1.881844e+00 2.164217e-02 -4.010616e-04 9.997656e-01 3.117790e+01
9.997185e-01 4.247905e-06 2.372721e-02 2.825517e+01 5.685659e-06 9.999999e-01 -4.186415e-04 -1.905281e+00 -2.372731e-02 4.186604e-04 9.997184e-01 3.191189e+01
9.997254e-01 1.058354e-04 -2.343226e-02 2.837985e+01 -9.429634e-05 9.999999e-01 4.934930e-04 -1.931939e+00 2.343240e-02 -4.911497e-04 9.997252e-01 3.273068e+01
9.996709e-01 5.663784e-05 2.565497e-02 2.847730e+01 -4.495736e-05 9.999999e-01 -4.559154e-04 -1.959565e+00 -2.565508e-02 4.546137e-04 9.996708e-01 3.362762e+01
9.996985e-01 6.783568e-05 -2.455297e-02 2.866188e+01 -5.654537e-05 9.999999e-01 4.604755e-04 -1.984395e+00 2.455309e-02 -4.589501e-04 9.996984e-01 3.429015e+01
9.997792e-01 -7.427164e-05 2.101364e-02 2.916243e+01 8.137874e-05 9.999999e-01 -3.374172e-04 -2.012722e+00 -2.101370e-02 3.390546e-04 9.997792e-01 3.466458e+01
9.997410e-01 8.387425e-05 -2.275563e-02 2.973134e+01 -7.415124e-05 9.999999e-01 4.280662e-04 -2.043226e+00 2.275576e-02 -4.262698e-04 9.997409e-01 3.503863e+01
9.997451e-01 -8.070632e-05 2.257758e-02 3.073355e+01 8.824751e-05 9.999999e-01 -3.330695e-04 -2.086040e+00 -2.257765e-02 3.349788e-04 9.997451e-01 3.533831e+01
9.998107e-01 1.419839e-04 -1.945624e-02 3.183354e+01 -1.356408e-04 9.999999e-01 3.272708e-04 -2.131195e+00 1.945638e-02 -3.245715e-04 9.998106e-01 3.560626e+01
9.996727e-01 1.734954e-05 2.558251e-02 3.261224e+01 -6.363697e-06 9.999999e-01 -4.295565e-04 -2.169345e+00 -2.558261e-02 4.292549e-04 9.996727e-01 3.602200e+01
9.997027e-01 5.526568e-05 -2.438059e-02 3.320352e+01 -4.435126e-05 9.999999e-01 4.481559e-04 -2.202202e+00 2.438071e-02 -4.469431e-04 9.997026e-01 3.647019e+01
9.996325e-01 3.958644e-05 2.711006e-02 3.398539e+01 -2.719845e-05 9.999999e-01 -4.573646e-04 -2.239683e+00 -2.711017e-02 4.564609e-04 9.996324e-01 3.685377e+01
9.997646e-01 1.476697e-04 -2.169381e-02 3.440340e+01 -1.393921e-04 9.999999e-01 3.830160e-04 -2.272683e+00 2.169396e-02 -3.799036e-04 9.997645e-01 3.755249e+01
9.996949e-01 -1.064326e-05 2.470315e-02 3.489255e+01 2.040501e-05 9.999999e-01 -3.949591e-04 -2.305680e+00 -2.470323e-02 3.953444e-04 9.996948e-01 3.815040e+01
9.997434e-01 1.292254e-04 -2.265089e-02 3.527140e+01 -1.204279e-04 9.999999e-01 3.897035e-04 -2.334916e+00 2.265103e-02 -3.868775e-04 9.997433e-01 3.873693e+01
9.997685e-01 -6.564732e-05 2.151926e-02 3.548665e+01 7.242873e-05 9.999999e-01 -3.144093e-04 -2.360002e+00 -2.151933e-02 3.158969e-04 9.997685e-01 3.936850e+01
9.997468e-01 1.268056e-04 -2.249860e-02 3.577173e+01 -1.189453e-04 9.999999e-01 3.506477e-04 -2.383803e+00 2.249874e-02 -3.478846e-04 9.997467e-01 3.984921e+01
9.997044e-01 -3.442219e-05 2.431325e-02 3.626614e+01 4.351739e-05 9.999999e-01 -3.736042e-04 -2.413168e+00 -2.431333e-02 3.745535e-04 9.997044e-01 4.028295e+01
9.998038e-01 1.843866e-04 -1.980395e-02 3.663634e+01 -1.791315e-04 9.999999e-01 2.670658e-04 -2.440691e+00 1.980409e-02 -2.634676e-04 9.998038e-01 4.081303e+01
9.995810e-01 7.079952e-06 2.894628e-02 3.684929e+01 8.202842e-06 9.999999e-01 -5.278938e-04 -2.463049e+00 -2.894637e-02 5.279118e-04 9.995809e-01 4.134287e+01
9.997284e-01 1.450342e-04 -2.330506e-02 3.696898e+01 -1.367841e-04 9.999999e-01 3.555423e-04 -2.482959e+00 2.330521e-02 -3.522597e-04 9.997283e-01 4.189332e+01
9.995919e-01 -5.247673e-06 2.856784e-02 3.701197e+01 2.010632e-05 9.999999e-01 -5.198737e-04 -2.500078e+00 -2.856793e-02 5.202376e-04 9.995918e-01 4.241962e+01
9.997120e-01 1.431556e-04 -2.399466e-02 3.720653e+01 -1.340851e-04 9.999999e-01 3.795751e-04 -2.521509e+00 2.399480e-02 -3.762502e-04 9.997119e-01 4.293245e+01
9.994005e-01 9.279838e-05 3.462329e-02 3.734937e+01 -6.972716e-05 9.999998e-01 -6.675923e-04 -2.544495e+00 -3.462344e-02 6.647796e-04 9.994003e-01 4.357961e+01
9.997043e-01 1.416675e-04 -2.431579e-02 3.752541e+01 -1.322821e-04 9.999999e-01 3.875330e-04 -2.568802e+00 2.431594e-02 -3.842036e-04 9.997042e-01 4.423769e+01
9.994106e-01 7.962577e-05 3.432813e-02 3.771874e+01 -5.687642e-05 9.999998e-01 -6.637156e-04 -2.592092e+00 -3.432827e-02 6.613737e-04 9.994105e-01 4.483412e+01
9.996263e-01 1.219404e-04 -2.733580e-02 3.798954e+01 -1.085517e-04 9.999999e-01 4.912214e-04 -2.618981e+00 2.733595e-02 -4.880722e-04 9.996261e-01 4.547538e+01
9.993214e-01 1.202658e-04 3.683497e-02 3.828124e+01 -9.382783e-05 9.999997e-01 -7.195040e-04 -2.647219e+00 -3.683515e-02 7.155613e-04 9.993212e-01 4.614986e+01
9.996571e-01 1.254019e-04 -2.618559e-02 3.846003e+01 -1.142396e-04 9.999999e-01 4.277187e-04 -2.671041e+00 2.618574e-02 -4.245823e-04 9.996569e-01 4.678851e+01
9.995475e-01 1.626447e-05 3.008236e-02 3.864974e+01 6.648041e-08 9.999999e-01 -5.429170e-04 -2.692444e+00 -3.008247e-02 5.426750e-04 9.995473e-01 4.731054e+01
9.997395e-01 1.307713e-04 -2.282036e-02 3.916810e+01 -1.235166e-04 9.999999e-01 3.192505e-04 -2.719853e+00 2.282050e-02 -3.163504e-04 9.997395e-01 4.763437e+01
9.991952e-01 1.674584e-04 4.011233e-02 3.961717e+01 -1.339216e-04 9.999996e-01 -8.387901e-04 -2.745178e+00 -4.011255e-02 8.327449e-04 9.991949e-01 4.797937e+01
9.997914e-01 1.636248e-04 -2.042013e-02 3.989780e+01 -1.589912e-04 1.000000e+00 2.284644e-04 -2.766724e+00 2.042026e-02 -2.251719e-04 9.997914e-01 4.839386e+01
9.993117e-01 1.410558e-04 3.709708e-02 4.025719e+01 -1.144085e-04 9.999997e-01 -7.204739e-04 -2.790725e+00 -3.709727e-02 7.157355e-04 9.993115e-01 4.880256e+01
9.995799e-01 6.460167e-05 -2.898228e-02 4.073173e+01 -4.986213e-05 9.999999e-01 5.092407e-04 -2.820911e+00 2.898240e-02 -5.075834e-04 9.995797e-01 4.930744e+01
9.992657e-01 1.416340e-04 3.831715e-02 4.127841e+01 -1.120320e-04 9.999997e-01 -7.747347e-04 -2.850354e+00 -3.831735e-02 7.698748e-04 9.992654e-01 4.968394e+01
9.996029e-01 1.080517e-04 -2.817830e-02 4.151211e+01 -9.360415e-05 9.999999e-01 5.139822e-04 -2.876487e+00 2.817845e-02 -5.111423e-04 9.996027e-01 5.034782e+01
9.992633e-01 1.384368e-04 3.837805e-02 4.170452e+01 -1.086123e-04 9.999997e-01 -7.792444e-04 -2.901605e+00 -3.837825e-02 7.745037e-04 9.992630e-01 5.102090e+01
9.995601e-01 7.873907e-05 -2.965678e-02 4.189674e+01 -6.268999e-05 9.999999e-01 5.420369e-04 -2.925737e+00 2.965692e-02 -5.399410e-04 9.995599e-01 5.165244e+01
9.991948e-01 1.659359e-04 4.012214e-02 4.208582e+01 -1.329647e-04 9.999997e-01 -8.244738e-04 -2.949941e+00 -4.012237e-02 8.184769e-04 9.991945e-01 5.229374e+01
9.992997e-01 -2.391852e-05 -3.741766e-02 4.228082e+01 5.163000e-05 9.999997e-01 7.395901e-04 -2.971761e+00 3.741773e-02 -7.410058e-04 9.992994e-01 5.282265e+01
9.993181e-01 1.207841e-04 3.692389e-02 4.247478e+01 -9.325646e-05 9.999997e-01 -7.472864e-04 -2.991890e+00 -3.692406e-02 7.433351e-04 9.993179e-01 5.327509e+01
9.992741e-01 -4.201329e-05 -3.809402e-02 4.278854e+01 6.939404e-05 9.999997e-01 7.174035e-04 -3.011085e+00 3.809408e-02 -7.195280e-04 9.992738e-01 5.352333e+01
9.992405e-01 1.418151e-04 3.896895e-02 4.308462e+01 -1.111031e-04 9.999997e-01 -7.903175e-04 -3.030723e+00 -3.896915e-02 7.853893e-04 9.992402e-01 5.381942e+01
9.994477e-01 7.848463e-06 -3.323057e-02 4.335190e+01 1.158107e-05 9.999998e-01 5.844477e-04 -3.051246e+00 3.323067e-02 -5.845115e-04 9.994475e-01 5.419432e+01
9.993791e-01 9.112293e-05 3.523485e-02 4.390339e+01 -6.749472e-05 9.999998e-01 -6.718231e-04 -3.077281e+00 -3.523500e-02 6.690295e-04 9.993789e-01 5.440317e+01
9.993106e-01 -3.675503e-05 -3.712404e-02 4.443661e+01 6.408228e-05 9.999997e-01 7.348734e-04 -3.105425e+00 3.712411e-02 -7.367475e-04 9.993103e-01 5.472483e+01
9.993622e-01 8.441808e-05 3.571170e-02 4.500187e+01 -6.005265e-05 9.999998e-01 -6.833949e-04 -3.134393e+00 -3.571185e-02 6.808161e-04 9.993620e-01 5.503636e+01
9.993297e-01 -5.392967e-05 -3.660614e-02 4.574163e+01 8.140234e-05 9.999997e-01 7.489599e-04 -3.168837e+00 3.660619e-02 -7.514394e-04 9.993294e-01 5.534269e+01
9.992774e-01 1.395821e-04 3.800871e-02 4.649199e+01 -1.108639e-04 9.999997e-01 -7.577129e-04 -3.203824e+00 -3.800890e-02 7.529533e-04 9.992772e-01 5.565827e+01
9.993365e-01 -7.254591e-05 -3.642191e-02 4.740353e+01 9.908437e-05 9.999997e-01 7.267916e-04 -3.240693e+00 3.642195e-02 -7.299199e-04 9.993362e-01 5.582332e+01
9.992346e-01 1.571479e-04 3.911891e-02 4.832276e+01 -1.259793e-04 9.999997e-01 -7.992655e-04 -3.276808e+00 -3.911913e-02 7.937273e-04 9.992343e-01 5.594962e+01
9.993455e-01 -5.307967e-05 -3.617238e-02 4.916506e+01 7.880279e-05 9.999997e-01 7.096562e-04 -3.311818e+00 3.617244e-02 -7.120440e-04 9.993453e-01 5.613285e+01
9.993184e-01 1.030188e-04 3.691755e-02 5.006387e+01 -7.629502e-05 9.999997e-01 -7.253260e-04 -3.346417e+00 -3.691771e-02 7.220167e-04 9.993181e-01 5.622375e+01
9.993531e-01 -5.286285e-05 -3.596290e-02 5.087844e+01 7.739559e-05 9.999998e-01 6.807317e-04 -3.377881e+00 3.596295e-02 -6.830764e-04 9.993528e-01 5.629962e+01
9.991941e-01 1.715114e-04 4.014106e-02 5.164659e+01 -1.386566e-04 9.999997e-01 -8.213021e-04 -3.409583e+00 -4.014129e-02 8.150760e-04 9.991937e-01 5.644907e+01
9.991945e-01 -1.242046e-04 -4.012662e-02 5.244843e+01 1.570745e-04 9.999997e-01 8.159621e-04 -3.442279e+00 4.012661e-02 -8.216095e-04 9.991942e-01 5.658846e+01
9.992297e-01 1.525950e-04 3.924264e-02 5.317787e+01 -1.205317e-04 9.999997e-01 -8.194552e-04 -3.471289e+00 -3.924285e-02 8.140957e-04 9.992294e-01 5.667417e+01
9.992394e-01 -7.682012e-05 -3.899354e-02 5.361643e+01 1.078082e-04 9.999997e-01 7.925536e-04 -3.495812e+00 3.899356e-02 -7.961564e-04 9.992391e-01 5.697784e+01
9.991090e-01 1.912788e-04 4.220549e-02 5.407421e+01 -1.521532e-04 9.999996e-01 -9.302721e-04 -3.518289e+00 -4.220575e-02 9.230232e-04 9.991086e-01 5.717339e+01
9.992340e-01 -8.168293e-05 -3.913204e-02 5.462589e+01 1.130208e-04 9.999997e-01 7.985705e-04 -3.543316e+00 3.913206e-02 -8.023832e-04 9.992337e-01 5.734548e+01
9.987861e-01 2.964343e-04 4.925707e-02 5.509731e+01 -2.418712e-04 9.999994e-01 -1.113708e-03 -3.569313e+00 -4.925747e-02 1.100444e-03 9.987856e-01 5.767239e+01
9.990515e-01 -1.132064e-04 -4.354382e-02 5.614258e+01 1.611537e-04 9.999994e-01 1.097580e-03 -3.618653e+00 4.354377e-02 -1.103558e-03 9.990509e-01 5.819780e+01
9.990645e-01 1.149725e-04 4.324659e-02 5.714223e+01 -7.437834e-05 9.999996e-01 -9.403104e-04 -3.664251e+00 -4.324677e-02 9.362158e-04 9.990640e-01 5.863036e+01
9.989651e-01 -7.851526e-05 -4.548229e-02 5.744346e+01 1.245661e-04 9.999995e-01 1.009630e-03 -3.689081e+00 4.548228e-02 -1.014253e-03 9.989646e-01 5.913188e+01
9.984273e-01 3.245077e-04 5.606188e-02 5.787579e+01 -2.509546e-04 9.999991e-01 -1.319061e-03 -3.716386e+00 -5.606236e-02 1.302919e-03 9.984265e-01 5.956576e+01
9.992906e-01 1.632247e-05 -3.765840e-02 5.832162e+01 1.361576e-05 9.999997e-01 7.946936e-04 -3.745381e+00 3.765851e-02 -7.946443e-04 9.992903e-01 6.005413e+01
9.989927e-01 2.279860e-04 4.487238e-02 5.858156e+01 -1.863414e-04 9.999995e-01 -9.322830e-04 -3.774256e+00 -4.487268e-02 9.229841e-04 9.989923e-01 6.078642e+01
9.991735e-01 -5.541558e-05 -4.064635e-02 5.885352e+01 8.896076e-05 9.999997e-01 8.234441e-04 -3.799933e+00 4.064639e-02 -8.263812e-04 9.991732e-01 6.136710e+01
9.988339e-01 2.407466e-04 4.827897e-02 5.919739e+01 -1.894883e-04 9.999994e-01 -1.066316e-03 -3.823703e+00 -4.827930e-02 1.055926e-03 9.988334e-01 6.177076e+01
9.996685e-01 1.656997e-04 -2.574238e-02 5.965487e+01 -1.537536e-04 9.999999e-01 4.659781e-04 -3.856606e+00 2.574255e-02 -4.618673e-04 9.996684e-01 6.239989e+01
9.993140e-01 1.036989e-04 3.703640e-02 5.998088e+01 -7.635067e-05 9.999997e-01 -7.398712e-04 -3.885108e+00 -3.703656e-02 7.365375e-04 9.993137e-01 6.303078e+01
9.997868e-01 1.713389e-04 -2.064553e-02 6.053736e+01 -1.660991e-04 1.000000e+00 2.554299e-04 -3.914490e+00 2.064567e-02 -2.519479e-04 9.997868e-01 6.338865e+01
9.989086e-01 2.589477e-04 4.670816e-02 6.098492e+01 -2.119212e-04 9.999995e-01 -1.011802e-03 -3.940899e+00 -4.670850e-02 1.000801e-03 9.989081e-01 6.377892e+01
9.994727e-01 3.782843e-05 -3.246993e-02 6.133469e+01 -1.789359e-05 9.999998e-01 6.141825e-04 -3.968484e+00 3.247004e-02 -6.132793e-04 9.994725e-01 6.433886e+01
9.988077e-01 3.137635e-04 4.881715e-02 6.175907e+01 -2.643003e-04 9.999994e-01 -1.019721e-03 -4.001688e+00 -4.881754e-02 1.005604e-03 9.988073e-01 6.502810e+01
9.994982e-01 4.351703e-05 -3.167524e-02 6.242941e+01 -2.427613e-05 9.999998e-01 6.077696e-04 -4.041180e+00 3.167536e-02 -6.066972e-04 9.994980e-01 6.564830e+01
9.993365e-01 9.134734e-05 3.642269e-02 6.328620e+01 -6.561219e-05 9.999997e-01 -7.078108e-04 -4.078853e+00 -3.642285e-02 7.049530e-04 9.993363e-01 6.593213e+01
9.994702e-01 1.140879e-05 -3.254412e-02 6.412874e+01 9.176181e-06 9.999998e-01 6.323191e-04 -4.116427e+00 3.254422e-02 -6.322843e-04 9.994701e-01 6.622887e+01
9.992091e-01 1.882809e-04 3.976561e-02 6.475930e+01 -1.564481e-04 9.999997e-01 -8.036647e-04 -4.150016e+00 -3.976585e-02 7.968094e-04 9.992088e-01 6.665762e+01
9.991910e-01 -1.353537e-04 -4.021536e-02 6.535077e+01 1.680098e-04 9.999997e-01 8.086053e-04 -4.178507e+00 4.021534e-02 -8.147093e-04 9.991907e-01 6.690912e+01
9.992033e-01 2.074926e-04 3.991069e-02 6.588601e+01 -1.750046e-04 9.999997e-01 -8.175530e-04 -4.205558e+00 -3.991094e-02 8.099187e-04 9.992030e-01 6.717843e+01
9.996764e-01 7.595669e-05 -2.543736e-02 6.624798e+01 -6.533643e-05 9.999999e-01 4.182649e-04 -4.233995e+00 2.543749e-02 -4.164692e-04 9.996763e-01 6.776061e+01
9.991591e-01 2.496795e-04 4.100223e-02 6.668944e+01 -2.165303e-04 9.999996e-01 -8.129552e-04 -4.265485e+00 -4.100251e-02 8.033949e-04 9.991588e-01 6.836004e+01
9.993958e-01 -7.029752e-05 -3.475427e-02 6.706891e+01 9.261832e-05 9.999998e-01 6.405826e-04 -4.292705e+00 3.475432e-02 -6.434160e-04 9.993956e-01 6.885570e+01
9.993733e-01 1.309515e-04 3.539847e-02 6.770405e+01 -1.073848e-04 9.999998e-01 -6.677048e-04 -4.321903e+00 -3.539865e-02 6.634867e-04 9.993731e-01 6.907641e+01
9.994898e-01 -4.307089e-05 -3.193921e-02 6.863446e+01 6.139646e-05 9.999998e-01 5.727245e-04 -4.358354e+00 3.193928e-02 -5.743948e-04 9.994896e-01 6.920121e+01
9.990550e-01 2.953348e-04 4.346361e-02 6.939736e+01 -2.574333e-04 9.999996e-01 -8.776634e-04 -4.393883e+00 -4.346395e-02 8.656466e-04 9.990547e-01 6.953168e+01
9.991520e-01 -1.821744e-04 -4.117124e-02 7.007082e+01 2.160468e-04 9.999996e-01 8.182264e-04 -4.426342e+00 4.117117e-02 -8.264290e-04 9.991517e-01 6.984446e+01
9.990096e-01 3.009303e-04 4.449522e-02 7.094243e+01 -2.608689e-04 9.999996e-01 -9.061946e-04 -4.462856e+00 -4.449557e-02 8.936912e-04 9.990092e-01 7.005415e+01
9.991044e-01 -2.028407e-04 -4.231135e-02 7.169531e+01 2.394795e-04 9.999996e-01 8.608217e-04 -4.497354e+00 4.231125e-02 -8.701851e-04 9.991041e-01 7.034377e+01
9.989952e-01 3.295532e-04 4.481765e-02 7.235250e+01 -2.896218e-04 9.999996e-01 -8.975050e-04 -4.530997e+00 -4.481802e-02 8.836246e-04 9.989948e-01 7.073211e+01
9.990883e-01 -1.990586e-04 -4.269024e-02 7.288601e+01 2.359993e-04 9.999996e-01 8.602367e-04 -4.562056e+00 4.269015e-02 -8.695289e-04 9.990879e-01 7.117900e+01
9.990841e-01 2.973028e-04 4.278971e-02 7.339757e+01 -2.609531e-04 9.999996e-01 -8.551209e-04 -4.590673e+00 -4.279005e-02 8.431731e-04 9.990838e-01 7.155024e+01
9.991939e-01 -1.650559e-04 -4.014191e-02 7.396137e+01 1.988089e-04 9.999996e-01 8.368056e-04 -4.624705e+00 4.014185e-02 -8.441132e-04 9.991936e-01 7.208497e+01
9.991013e-01 3.009510e-04 4.238557e-02 7.452005e+01 -2.663290e-04 9.999996e-01 -8.225221e-04 -4.660266e+00 -4.238590e-02 8.104959e-04 9.991010e-01 7.269431e+01
9.992661e-01 -1.385062e-04 -3.830345e-02 7.499453e+01 1.665705e-04 9.999997e-01 7.294430e-04 -4.690669e+00 3.830343e-02 -7.352894e-04 9.992658e-01 7.319751e+01
9.995321e-01 1.635113e-04 3.058919e-02 7.545011e+01 -1.482399e-04 9.999999e-01 -5.015679e-04 -4.718754e+00 -3.058936e-02 4.968002e-04 9.995320e-01 7.362936e+01
9.994145e-01 -1.465000e-04 -3.421299e-02 7.576028e+01 1.678370e-04 9.999998e-01 6.207276e-04 -4.744265e+00 3.421299e-02 -6.261079e-04 9.994143e-01 7.415229e+01
9.992538e-01 3.084584e-04 3.862475e-02 7.613462e+01 -2.805193e-04 9.999997e-01 -7.288105e-04 -4.771994e+00 -3.862506e-02 7.174332e-04 9.992536e-01 7.468424e+01
9.994810e-01 -9.950517e-05 -3.221034e-02 7.632971e+01 1.182280e-04 9.999998e-01 5.793077e-04 -4.797966e+00 3.221037e-02 -5.828168e-04 9.994809e-01 7.539031e+01
9.992672e-01 2.704730e-04 3.827584e-02 7.663856e+01 -2.416602e-04 9.999997e-01 -7.574381e-04 -4.822537e+00 -3.827613e-02 7.476348e-04 9.992670e-01 7.588434e+01
9.994941e-01 -9.563504e-05 -3.180259e-02 7.698973e+01 1.138193e-04 9.999998e-01 5.699164e-04 -4.848562e+00 3.180263e-02 -5.732493e-04 9.994940e-01 7.637881e+01
9.995263e-01 1.685671e-04 3.077668e-02 7.708861e+01 -1.523556e-04 9.999998e-01 -5.291464e-04 -4.869314e+00 -3.077686e-02 5.242083e-04 9.995262e-01 7.698623e+01
9.994871e-01 -9.767815e-05 -3.202205e-02 7.703146e+01 1.154297e-04 9.999998e-01 5.524484e-04 -4.885204e+00 3.202209e-02 -5.558629e-04 9.994870e-01 7.757482e+01
9.993158e-01 2.927234e-04 3.698654e-02 7.700346e+01 -2.693548e-04 9.999998e-01 -6.368432e-04 -4.907319e+00 -3.698681e-02 6.264464e-04 9.993156e-01 7.841551e+01
9.992495e-01 -1.443739e-04 -3.873362e-02 7.698024e+01 1.725427e-04 9.999997e-01 7.238552e-04 -4.928681e+00 3.873360e-02 -7.299966e-04 9.992493e-01 7.920831e+01
9.994473e-01 2.815240e-04 3.324466e-02 7.688748e+01 -2.623772e-04 9.999998e-01 -5.803501e-04 -4.945128e+00 -3.324491e-02 5.713081e-04 9.994471e-01 7.987018e+01
9.992563e-01 -1.940937e-04 -3.855824e-02 7.666636e+01 2.209959e-04 9.999997e-01 6.933947e-04 -4.955428e+00 3.855819e-02 -7.014017e-04 9.992561e-01 8.039422e+01
9.995475e-01 2.986810e-04 3.008007e-02 7.658652e+01 -2.834798e-04 9.999998e-01 -5.096793e-04 -4.969102e+00 -3.008032e-02 5.009231e-04 9.995474e-01 8.090331e+01
9.992023e-01 -1.778394e-04 -3.993280e-02 7.664206e+01 2.075334e-04 9.999997e-01 7.394107e-04 -4.987904e+00 3.993276e-02 -7.471097e-04 9.992020e-01 8.148138e+01
9.996135e-01 2.898379e-04 2.779914e-02 7.662189e+01 -2.766402e-04 9.999998e-01 -4.786553e-04 -5.001132e+00 -2.779937e-02 4.707814e-04 9.996135e-01 8.190533e+01
9.993179e-01 -2.475809e-04 -3.692694e-02 7.653442e+01 2.710111e-04 9.999998e-01 6.294506e-04 -5.010574e+00 3.692687e-02 -6.390303e-04 9.993177e-01 8.223160e+01
9.995046e-01 2.953049e-04 3.147208e-02 7.644828e+01 -2.787581e-04 9.999998e-01 -5.302003e-04 -5.024059e+00 -3.147233e-02 5.211660e-04 9.995045e-01 8.273119e+01
9.992368e-01 -2.334461e-04 -3.906000e-02 7.659848e+01 2.615811e-04 9.999997e-01 7.151501e-04 -5.045052e+00 3.905992e-02 -7.248231e-04 9.992366e-01 8.327296e+01
9.996089e-01 2.631942e-04 2.796562e-02 7.699744e+01 -2.513811e-04 9.999999e-01 -4.259857e-04 -5.068981e+00 -2.796583e-02 4.187905e-04 9.996088e-01 8.360577e+01
9.991889e-01 -1.901338e-04 -4.026766e-02 7.729467e+01 2.191703e-04 9.999997e-01 7.166325e-04 -5.090271e+00 4.026761e-02 -7.248781e-04 9.991886e-01 8.397401e+01
9.995531e-01 2.231498e-04 2.989565e-02 7.764367e+01 -2.082814e-04 9.999999e-01 -5.005090e-04 -5.110227e+00 -2.989585e-02 4.940600e-04 9.995529e-01 8.421009e+01
9.993121e-01 -2.399638e-04 -3.708441e-02 7.808780e+01 2.620129e-04 9.999998e-01 5.896638e-04 -5.128707e+00 3.708436e-02 -5.989762e-04 9.993119e-01 8.424988e+01
9.994741e-01 2.509530e-04 3.242874e-02 7.844516e+01 -2.331542e-04 9.999998e-01 -5.526873e-04 -5.147030e+00 -3.242897e-02 5.448372e-04 9.994739e-01 8.440411e+01
9.994262e-01 -2.118144e-04 -3.387037e-02 7.895541e+01 2.317724e-04 9.999998e-01 5.852729e-04 -5.173980e+00 3.387034e-02 -5.927887e-04 9.994260e-01 8.470556e+01
9.995014e-01 2.368585e-04 3.157650e-02 7.941085e+01 -2.209970e-04 9.999998e-01 -5.058562e-04 -5.201167e+00 -3.157671e-02 4.986270e-04 9.995013e-01 8.509834e+01
9.993435e-01 -2.825618e-04 -3.622591e-02 8.006614e+01 3.057511e-04 9.999998e-01 6.345485e-04 -5.230393e+00 3.622582e-02 -6.452095e-04 9.993434e-01 8.529444e+01
9.994726e-01 2.319889e-04 3.247266e-02 8.088077e+01 -2.152286e-04 9.999998e-01 -5.196771e-04 -5.263496e+00 -3.247287e-02 5.124154e-04 9.994725e-01 8.543612e+01
9.994390e-01 -2.497301e-04 -3.348920e-02 8.175405e+01 2.687568e-04 9.999998e-01 5.635970e-04 -5.298209e+00 3.348915e-02 -5.722827e-04 9.994389e-01 8.557148e+01
9.994681e-01 1.916692e-04 3.261119e-02 8.297292e+01 -1.767386e-04 9.999999e-01 -4.607635e-04 -5.343569e+00 -3.261137e-02 4.547562e-04 9.994681e-01 8.568849e+01
9.994989e-01 -2.168633e-04 -3.165225e-02 8.453060e+01 2.354247e-04 9.999998e-01 5.826421e-04 -5.399922e+00 3.165222e-02 -5.898033e-04 9.994987e-01 8.581255e+01
9.993232e-01 2.954464e-04 3.678478e-02 8.649311e+01 -2.771014e-04 9.999998e-01 -5.038487e-04 -5.469646e+00 -3.678502e-02 4.933160e-04 9.993231e-01 8.595794e+01
9.993867e-01 -3.145991e-04 -3.501438e-02 8.845281e+01 3.386630e-04 9.999997e-01 6.812834e-04 -5.538707e+00 3.501425e-02 -6.927251e-04 9.993865e-01 8.607083e+01
9.993718e-01 2.599422e-04 3.543949e-02 8.997228e+01 -2.405394e-04 9.999998e-01 -5.517934e-04 -5.593145e+00 -3.543973e-02 5.429236e-04 9.993717e-01 8.617060e+01
9.991827e-01 -3.825721e-04 -4.041802e-02 9.085170e+01 4.115208e-04 9.999997e-01 7.078763e-04 -5.628166e+00 4.041783e-02 -7.239321e-04 9.991826e-01 8.630949e+01
9.992092e-01 2.845834e-04 3.976115e-02 9.228141e+01 -2.624680e-04 9.999998e-01 -5.614623e-04 -5.680637e+00 -3.976140e-02 5.505837e-04 9.992091e-01 8.646738e+01
9.995855e-01 -2.588598e-05 -2.878750e-02 9.423431e+01 4.005494e-05 9.999999e-01 4.915613e-04 -5.749375e+00 2.878758e-02 -4.925120e-04 9.995854e-01 8.660862e+01
9.995255e-01 4.832052e-05 3.080524e-02 9.540187e+01 -3.422903e-05 9.999999e-01 -4.580124e-04 -5.793484e+00 -3.080536e-02 4.567420e-04 9.995253e-01 8.676467e+01
9.995004e-01 -1.473862e-04 -3.160267e-02 9.653728e+01 1.649151e-04 9.999998e-01 5.520112e-04 -5.835767e+00 3.160268e-02 -5.569486e-04 9.995003e-01 8.689288e+01
9.994727e-01 5.224836e-05 3.247138e-02 9.822056e+01 -3.984200e-05 9.999999e-01 -3.827623e-04 -5.894326e+00 -3.247150e-02 3.812681e-04 9.994726e-01 8.698121e+01
9.994456e-01 -2.349792e-04 -3.329092e-02 1.001265e+02 2.570220e-04 9.999998e-01 6.578006e-04 -5.960054e+00 3.329085e-02 -6.659938e-04 9.994454e-01 8.707985e+01
9.995174e-01 -5.442379e-05 3.106473e-02 1.024200e+02 6.298601e-05 1.000000e+00 -2.746935e-04 -6.037120e+00 -3.106482e-02 2.765190e-04 9.995174e-01 8.713454e+01
9.994287e-01 -2.630523e-04 -3.379453e-02 1.047956e+02 2.861257e-04 9.999997e-01 6.778754e-04 -6.114963e+00 3.379444e-02 -6.871590e-04 9.994285e-01 8.711176e+01
9.995582e-01 -1.189193e-04 2.972464e-02 1.071608e+02 1.272039e-04 1.000000e+00 -2.768705e-04 -6.191666e+00 -2.972470e-02 2.805307e-04 9.995581e-01 8.704542e+01
9.994194e-01 -2.688259e-04 -3.406859e-02 1.097269e+02 2.945813e-04 9.999997e-01 7.509268e-04 -6.276366e+00 3.406847e-02 -7.605282e-04 9.994192e-01 8.704613e+01
9.995225e-01 -1.056779e-04 3.090118e-02 1.126275e+02 1.124999e-04 1.000000e+00 -2.190760e-04 -6.372569e+00 -3.090126e-02 2.224491e-04 9.995225e-01 8.708229e+01
9.994688e-01 -1.836085e-04 -3.258904e-02 1.154259e+02 2.066533e-04 9.999997e-01 7.037183e-04 -6.466148e+00 3.258900e-02 -7.100805e-04 9.994685e-01 8.714305e+01
9.995840e-01 -1.342182e-04 2.884130e-02 1.177807e+02 1.415527e-04 1.000000e+00 -2.523135e-04 -6.549271e+00 -2.884137e-02 2.562924e-04 9.995840e-01 8.735904e+01
9.994797e-01 -1.566597e-04 -3.225288e-02 1.200338e+02 1.786116e-04 9.999998e-01 6.776903e-04 -6.628623e+00 3.225287e-02 -6.830998e-04 9.994795e-01 8.755764e+01
9.995089e-01 -1.019959e-04 3.133800e-02 1.228509e+02 1.087839e-04 1.000000e+00 -2.149453e-04 -6.724068e+00 -3.133808e-02 2.182502e-04 9.995089e-01 8.766679e+01
9.994587e-01 -1.700380e-04 -3.289509e-02 1.257954e+02 1.942711e-04 9.999997e-01 7.334377e-04 -6.823754e+00 3.289505e-02 -7.394326e-04 9.994585e-01 8.777622e+01
9.995184e-01 -1.446012e-04 3.103158e-02 1.288736e+02 1.507983e-04 1.000000e+00 -1.974073e-04 -6.926480e+00 -3.103165e-02 2.019931e-04 9.995184e-01 8.783013e+01
9.995129e-01 -8.812606e-05 -3.120731e-02 1.318178e+02 1.089007e-04 9.999998e-01 6.639530e-04 -7.024417e+00 3.120735e-02 -6.670294e-04 9.995127e-01 8.786607e+01
9.995773e-01 -1.866525e-04 2.907435e-02 1.342339e+02 1.941526e-04 9.999999e-01 -2.551869e-04 -7.105462e+00 -2.907440e-02 2.607252e-04 9.995773e-01 8.790517e+01
9.994119e-01 -1.725446e-04 -3.428995e-02 1.364243e+02 1.957473e-04 9.999998e-01 6.732644e-04 -7.180128e+00 3.428993e-02 -6.795819e-04 9.994116e-01 8.797105e+01
9.995384e-01 -1.804663e-04 3.038296e-02 1.388308e+02 1.878692e-04 1.000000e+00 -2.408444e-04 -7.261570e+00 -3.038302e-02 2.464425e-04 9.995383e-01 8.804418e+01
9.995201e-01 -2.784308e-05 -3.097431e-02 1.412879e+02 4.739549e-05 9.999998e-01 6.304661e-04 -7.345244e+00 3.097439e-02 -6.316329e-04 9.995199e-01 8.814722e+01
9.996273e-01 -2.679885e-04 2.730002e-02 1.433500e+02 2.751396e-04 9.999999e-01 -2.582362e-04 -7.417194e+00 -2.730005e-02 2.656526e-04 9.996273e-01 8.828175e+01
9.994899e-01 -8.315316e-05 -3.193434e-02 1.456685e+02 1.057990e-04 9.999997e-01 7.074033e-04 -7.497382e+00 3.193437e-02 -7.104224e-04 9.994897e-01 8.841954e+01
9.995175e-01 -1.792950e-04 3.106070e-02 1.485078e+02 1.871110e-04 1.000000e+00 -2.487714e-04 -7.592258e+00 -3.106075e-02 2.544645e-04 9.995175e-01 8.847241e+01
9.994578e-01 -8.170844e-05 -3.292306e-02 1.511293e+02 1.049751e-04 9.999997e-01 7.049279e-04 -7.681062e+00 3.292310e-02 -7.080031e-04 9.994576e-01 8.856045e+01
9.995328e-01 -2.393723e-04 3.056443e-02 1.540642e+02 2.447557e-04 1.000000e+00 -1.724350e-04 -7.780612e+00 -3.056449e-02 1.798366e-04 9.995328e-01 8.867845e+01
9.994547e-01 -6.230477e-05 -3.301853e-02 1.570259e+02 8.667458e-05 9.999997e-01 7.365922e-04 -7.882756e+00 3.301857e-02 -7.390537e-04 9.994544e-01 8.887265e+01
9.995552e-01 -2.632664e-04 2.982342e-02 1.597660e+02 2.694055e-04 9.999999e-01 -2.018728e-04 -7.978665e+00 -2.982346e-02 2.098189e-04 9.995552e-01 8.910686e+01
9.994617e-01 -5.571657e-05 -3.280507e-02 1.626311e+02 8.071954e-05 9.999997e-01 7.608028e-04 -8.077557e+00 3.280512e-02 -7.630425e-04 9.994614e-01 8.929757e+01
9.995993e-01 -2.933538e-04 2.830539e-02 1.651165e+02 3.008820e-04 9.999999e-01 -2.617491e-04 -8.165974e+00 -2.830541e-02 2.701621e-04 9.995993e-01 8.955591e+01
9.993693e-01 -1.034433e-05 -3.550958e-02 1.670149e+02 3.646956e-05 9.999997e-01 7.350383e-04 -8.238568e+00 3.550967e-02 -7.358710e-04 9.993690e-01 8.991607e+01
9.995354e-01 -3.630501e-04 3.047753e-02 1.695403e+02 3.699419e-04 9.999999e-01 -2.205297e-04 -8.327894e+00 -3.047754e-02 2.317035e-04 9.995355e-01 9.015487e+01
9.994555e-01 7.403980e-05 -3.299301e-02 1.720268e+02 -5.191769e-05 9.999998e-01 6.713258e-04 -8.412425e+00 3.299315e-02 -6.692486e-04 9.994553e-01 9.025331e+01
9.995489e-01 -3.630428e-04 3.003172e-02 1.742463e+02 3.714873e-04 9.999999e-01 -2.756473e-04 -8.488742e+00 -3.003171e-02 2.866806e-04 9.995490e-01 9.036510e+01
9.994625e-01 1.117278e-04 -3.278217e-02 1.760671e+02 -9.273674e-05 9.999998e-01 5.807924e-04 -8.551854e+00 3.278233e-02 -5.774413e-04 9.994623e-01 9.046334e+01
9.995281e-01 -3.461688e-04 3.071593e-02 1.778221e+02 3.560677e-04 9.999999e-01 -3.168434e-04 -8.611651e+00 -3.071592e-02 3.276321e-04 9.995282e-01 9.051580e+01
9.994346e-01 5.868864e-05 -3.362233e-02 1.799333e+02 -3.597750e-05 9.999998e-01 6.760443e-04 -8.681857e+00 3.362246e-02 -6.744536e-04 9.994343e-01 9.052156e+01
9.995172e-01 -3.628794e-04 3.106959e-02 1.822393e+02 3.721146e-04 9.999999e-01 -2.914990e-04 -8.757861e+00 -3.106958e-02 3.029210e-04 9.995172e-01 9.051054e+01
9.993632e-01 1.969183e-05 -3.568072e-02 1.843356e+02 4.124296e-06 9.999998e-01 6.673692e-04 -8.826713e+00 3.568083e-02 -6.670926e-04 9.993630e-01 9.045973e+01
9.995387e-01 -3.740403e-04 3.036937e-02 1.862739e+02 3.842223e-04 9.999999e-01 -3.294786e-04 -8.891617e+00 -3.036934e-02 3.409965e-04 9.995387e-01 9.045083e+01
9.994394e-01 8.634687e-05 -3.347683e-02 1.883609e+02 -6.324189e-05 9.999998e-01 6.911984e-04 -8.961721e+00 3.347699e-02 -6.886950e-04 9.994392e-01 9.048098e+01
