9.994406e-01 5.263877e-04 3.343975e-02 2.681818e-01 -4.932180e-04 9.999994e-01 -1.000167e-03 -2.281575e-02 -3.344026e-02 9.831138e-04 9.994403e-01 4.806655e-01
9.999964e-01 2.121804e-05 2.682183e-03 4.110968e-01 -2.092451e-05 1.000000e+00 -1.094637e-04 -4.010015e-02 -2.682178e-03 1.094075e-04 9.999963e-01 8.959445e-01
9.993024e-01 5.614643e-04 3.734262e-02 5.329454e-01 -5.200641e-04 9.999992e-01 -1.118363e-03 -5.572632e-02 -3.734323e-02 1.098162e-03 9.993020e-01 1.266220e+00
9.999903e-01 7.013228e-05 4.408922e-03 7.014007e-01 -6.947785e-05 1.000000e+00 -1.485817e-04 -7.476830e-02 -4.408917e-03 1.482739e-04 9.999902e-01 1.721697e+00
9.994645e-01 4.945151e-04 3.271678e-02 8.699067e-01 -4.627278e-04 9.999994e-01 -9.791549e-04 -9.420112e-02 -3.271726e-02 9.634917e-04 9.994643e-01 2.190923e+00
9.999595e-01 1.167497e-04 8.996494e-03 9.757722e-01 -1.140823e-04 9.999999e-01 -2.970057e-04 -1.103181e-01 -8.996505e-03 2.959672e-04 9.999594e-01 2.601311e+00
9.995312e-01 4.735327e-04 3.061204e-02 1.083738e+00 -4.460600e-04 9.999995e-01 -9.042734e-04 -1.262144e-01 -3.061248e-02 8.901950e-04 9.995310e-01 2.999982e+00
9.999082e-01 1.901710e-04 1.354488e-02 1.287275e+00 -1.842443e-04 9.999999e-01 -4.387971e-04 -1.445923e-01 -1.354493e-02 4.362609e-04 9.999081e-01 3.387478e+00
9.994273e-01 5.137108e-04 3.383416e-02 1.416276e+00 -4.806023e-04 9.999994e-01 -9.866815e-04 -1.614940e-01 -3.383468e-02 9.698562e-04 9.994271e-01 3.805094e+00
9.999794e-01 1.163720e-04 6.419343e-03 1.552709e+00 -1.150742e-04 1.000000e+00 -2.025273e-04 -1.824438e-01 -6.419327e-03 2.017838e-04 9.999793e-01 4.379621e+00
9.994015e-01 5.318649e-04 3.458988e-02 1.710836e+00 -4.969081e-04 9.999994e-01 -1.019199e-03 -2.034494e-01 -3.459045e-02 1.001402e-03 9.994012e-01 4.928909e+00
9.999826e-01 9.538599e-05 5.904889e-03 1.879092e+00 -9.419116e-05 1.000000e+00 -2.025871e-04 -2.217684e-01 -5.904861e-03 2.020265e-04 9.999825e-01 5.358077e+00
9.994373e-01 5.296875e-04 3.353678e-02 2.104571e+00 -4.964748e-04 9.999994e-01 -9.986633e-04 -2.417776e-01 -3.353734e-02 9.814522e-04 9.994371e-01 5.788514e+00
9.999532e-01 1.702555e-04 9.667200e-03 2.379749e+00 -1.674177e-04 9.999999e-01 -2.943315e-04 -2.632312e-01 -9.667196e-03 2.926983e-04 9.999531e-01 6.213583e+00
9.997094e-01 3.790001e-04 2.410274e-02 2.671178e+00 -3.623376e-04 9.999997e-01 -6.956866e-04 -2.872785e-01 -2.410305e-02 6.867522e-04 9.997093e-01 6.714948e+00
9.999975e-01 8.165904e-05 2.216010e-03 2.970491e+00 -8.158665e-05 1.000000e+00 -3.258147e-05 -3.159577e-01 -2.215954e-03 3.239945e-05 9.999975e-01 7.390217e+00
9.997507e-01 3.473446e-04 2.232596e-02 3.158649e+00 -3.325172e-04 9.999997e-01 -6.678583e-04 -3.413790e-01 -2.232624e-02 6.602692e-04 9.997506e-01 8.073485e+00
9.998533e-01 2.785343e-04 1.712615e-02 3.336711e+00 -2.700236e-04 9.999998e-01 -4.992276e-04 -3.625343e-01 -1.712622e-02 4.945287e-04 9.998531e-01 8.604375e+00
9.999248e-01 2.094329e-04 1.225925e-02 3.597084e+00 -2.054591e-04 9.999999e-01 -3.254469e-04 -3.894403e-01 -1.225938e-02 3.229050e-04 9.999249e-01 9.257340e+00
9.996202e-01 3.971232e-04 2.755539e-02 3.811225e+00 -3.730152e-04 9.999995e-01 -8.800097e-04 -4.097781e-01 -2.755566e-02 8.693955e-04 9.996198e-01 9.713864e+00
9.998758e-01 2.434257e-04 1.576126e-02 4.097763e+00 -2.365457e-04 9.999999e-01 -4.384101e-04 -4.248752e-01 -1.576144e-02 4.346288e-04 9.998758e-01 9.841421e+00
9.999230e-01 2.001162e-04 1.240530e-02 4.699842e+00 -1.951162e-04 9.999999e-01 -4.042089e-04 -4.509952e-01 -1.240530e-02 4.017558e-04 9.999229e-01 1.001076e+01
9.999956e-01 5.409993e-05 2.959985e-03 5.465741e+00 -5.392846e-05 1.000000e+00 -5.824859e-05 -4.816948e-01 -2.960063e-03 5.809024e-05 9.999957e-01 1.014083e+01
9.999444e-01 1.707025e-04 1.054525e-02 6.184100e+00 -1.669889e-04 9.999999e-01 -3.529687e-04 -5.121221e-01 -1.054524e-02 3.511865e-04 9.999443e-01 1.032278e+01
9.999955e-01 6.709471e-05 3.006894e-03 6.938897e+00 -6.689988e-05 1.000000e+00 -6.514588e-05 -5.414832e-01 -3.006975e-03 6.494601e-05 9.999956e-01 1.041378e+01
9.999944e-01 7.944923e-05 3.331402e-03 7.637059e+00 -7.900430e-05 1.000000e+00 -1.334600e-04 -5.719684e-01 -3.331336e-03 1.331945e-04 9.999944e-01 1.062176e+01
9.999718e-01 1.190682e-04 7.515275e-03 8.308621e+00 -1.175147e-04 1.000000e+00 -2.072599e-04 -6.013020e-01 -7.515377e-03 2.063724e-04 9.999718e-01 1.082291e+01
9.999662e-01 1.523698e-04 8.220233e-03 8.981933e+00 -1.500799e-04 9.999999e-01 -2.790888e-04 -6.296306e-01 -8.220197e-03 2.778441e-04 9.999661e-01 1.098116e+01
9.999515e-01 1.586791e-04 9.847472e-03 9.649463e+00 -1.560995e-04 1.000000e+00 -2.628059e-04 -6.587180e-01 -9.847593e-03 2.612576e-04 9.999516e-01 1.118176e+01
9.999964e-01 1.490842e-05 -2.663500e-03 1.028337e+01 -1.471562e-05 1.000000e+00 7.208201e-05 -6.902941e-01 2.663581e-03 -7.204421e-05 9.999964e-01 1.152702e+01
9.999812e-01 9.090199e-05 6.128180e-03 1.101933e+01 -9.003010e-05 1.000000e+00 -1.426888e-04 -7.245748e-01 -6.128274e-03 1.421361e-04 9.999813e-01 1.184293e+01
9.999691e-01 1.478369e-04 7.851089e-03 1.156360e+01 -1.457677e-04 1.000000e+00 -2.640177e-04 -7.537584e-01 -7.851047e-03 2.628634e-04 9.999691e-01 1.221531e+01
9.999889e-01 9.674767e-05 4.713984e-03 1.197540e+01 -9.636718e-05 1.000000e+00 -8.113226e-05 -7.814469e-01 -4.714074e-03 8.067877e-05 9.999890e-01 1.270549e+01
9.999646e-01 1.515461e-04 8.415322e-03 1.235778e+01 -1.491290e-04 9.999999e-01 -2.877509e-04 -8.081710e-01 -8.415282e-03 2.864841e-04 9.999645e-01 1.319491e+01
9.999968e-01 5.066637e-05 2.536510e-03 1.287511e+01 -5.060016e-05 1.000000e+00 -2.653558e-05 -8.374235e-01 -2.536594e-03 2.640885e-05 9.999969e-01 1.360311e+01
9.999844e-01 1.109770e-04 5.575827e-03 1.334966e+01 -1.097816e-04 1.000000e+00 -2.145153e-04 -8.647351e-01 -5.575766e-03 2.138982e-04 9.999844e-01 1.398075e+01
9.999951e-01 6.046034e-05 3.130828e-03 1.377477e+01 -6.032635e-05 1.000000e+00 -4.319788e-05 -8.913914e-01 -3.130915e-03 4.301052e-05 9.999952e-01 1.439893e+01
9.999804e-01 1.214223e-04 6.253674e-03 1.412827e+01 -1.199025e-04 1.000000e+00 -2.432555e-04 -9.158157e-01 -6.253619e-03 2.424992e-04 9.999803e-01 1.482571e+01
9.999943e-01 6.773720e-05 3.387979e-03 1.438009e+01 -6.755935e-05 1.000000e+00 -5.290348e-05 -9.380683e-01 -3.388068e-03 5.267602e-05 9.999943e-01 1.529977e+01
9.999776e-01 1.271413e-04 6.689417e-03 1.479545e+01 -1.255216e-04 1.000000e+00 -2.423979e-04 -9.647804e-01 -6.689362e-03 2.415510e-04 9.999775e-01 1.573560e+01
9.999956e-01 8.434238e-05 2.956825e-03 1.521826e+01 -8.426482e-05 1.000000e+00 -2.670225e-05 -9.920647e-01 -2.956914e-03 2.645473e-05 9.999957e-01 1.619040e+01
9.999979e-01 7.339574e-05 2.059728e-03 1.548820e+01 -7.310754e-05 1.000000e+00 -1.394998e-04 -1.013671e+00 -2.059652e-03 1.393472e-04 9.999978e-01 1.661228e+01
9.999894e-01 -1.268148e-04 -4.605096e-03 1.556685e+01 1.272248e-04 1.000000e+00 8.895998e-05 -1.023870e+00 4.604998e-03 -8.954315e-05 9.999895e-01 1.675936e+01
9.998821e-01 1.626892e-04 -1.535140e-02 1.527306e+01 -1.590382e-04 1.000000e+00 2.389836e-04 -1.020702e+00 1.535152e-02 -2.365157e-04 9.998821e-01 1.677526e+01
1.000000e+00 -1.686296e-04 -3.437436e-04 1.482521e+01 1.686341e-04 1.000000e+00 1.604077e-05 -1.015080e+00 3.436563e-04 -1.609699e-05 1.000000e+00 1.685184e+01
9.999970e-01 1.412603e-04 -2.417146e-03 1.475898e+01 -1.413410e-04 1.000000e+00 -3.360665e-05 -1.024335e+00 2.417225e-03 3.394646e-05 9.999970e-01 1.714164e+01
9.999716e-01 -6.520316e-06 7.534913e-03 1.512734e+01 7.517668e-06 1.000000e+00 -1.324653e-04 -1.047581e+00 -7.534997e-03 1.325199e-04 9.999717e-01 1.750025e+01
9.999900e-01 9.292085e-05 -4.465283e-03 1.559805e+01 -9.293685e-05 1.000000e+00 -3.598584e-06 -1.070426e+00 4.465367e-03 4.011790e-06 9.999900e-01 1.769982e+01
9.998456e-01 1.261741e-04 1.757541e-02 1.621160e+01 -1.188638e-04 9.999999e-01 -4.170403e-04 -1.096710e+00 -1.757555e-02 4.148886e-04 9.998455e-01 1.785472e+01
9.999884e-01 8.506563e-05 -4.804060e-03 1.685236e+01 -8.508570e-05 1.000000e+00 -4.191316e-06 -1.121922e+00 4.804146e-03 4.598244e-06 9.999884e-01 1.793068e+01
9.998765e-01 1.015942e-04 1.571478e-02 1.729414e+01 -9.616287e-05 9.999999e-01 -3.464434e-04 -1.145531e+00 -1.571490e-02 3.448912e-04 9.998765e-01 1.820875e+01
9.998772e-01 -2.392998e-04 -1.566930e-02 1.705515e+01 2.411350e-04 1.000000e+00 1.151594e-04 -1.134402e+00 1.566936e-02 -1.189255e-04 9.998771e-01 1.781179e+01
9.998943e-01 -1.137154e-04 1.453980e-02 1.635813e+01 1.200321e-04 9.999999e-01 -4.336399e-04 -1.097399e+00 -1.453984e-02 4.353412e-04 9.998943e-01 1.677016e+01
9.998734e-01 -8.886493e-05 -1.591265e-02 1.603833e+01 9.196125e-05 1.000000e+00 1.937790e-04 -1.078878e+00 1.591272e-02 -1.952197e-04 9.998733e-01 1.612190e+01
9.999970e-01 1.110261e-04 2.462439e-03 1.604176e+01 -1.109843e-04 1.000000e+00 -1.753632e-05 -1.080543e+00 -2.462527e-03 1.726486e-05 9.999970e-01 1.600693e+01
9.996349e-01 3.313018e-05 -2.702023e-02 1.578524e+01 -2.067800e-05 9.999999e-01 4.610852e-04 -1.078455e+00 2.702032e-02 -4.603600e-04 9.996347e-01 1.606199e+01
9.997599e-01 -2.903209e-05 2.191395e-02 1.574046e+01 3.809745e-05 9.999999e-01 -4.133081e-04 -1.088884e+00 -2.191402e-02 4.140456e-04 9.997599e-01 1.637925e+01
9.999366e-01 2.281051e-04 -1.125650e-02 1.613367e+01 -2.270253e-04 1.000000e+00 9.710880e-05 -1.114348e+00 1.125661e-02 -9.454898e-05 9.999366e-01 1.679708e+01
9.998812e-01 -9.208359e-05 1.541497e-02 1.657554e+01 9.498269e-05 1.000000e+00 -1.874056e-04 -1.143143e+00 -1.541504e-02 1.888494e-04 9.998812e-01 1.728502e+01
9.998813e-01 9.666198e-05 -1.540282e-02 1.687727e+01 -9.529951e-05 1.000000e+00 8.911929e-05 -1.157401e+00 1.540291e-02 -8.764270e-05 9.998813e-01 1.734802e+01
9.999026e-01 -2.455987e-04 1.395683e-02 1.663769e+01 2.496007e-04 9.999999e-01 -2.850753e-04 -1.146419e+00 -1.395684e-02 2.885331e-04 9.999026e-01 1.694949e+01
9.997902e-01 1.449638e-04 -2.048081e-02 1.645372e+01 -1.401410e-04 1.000000e+00 2.368596e-04 -1.140992e+00 2.048093e-02 -2.339416e-04 9.997901e-01 1.673277e+01
9.998951e-01 -2.853192e-04 1.448075e-02 1.619918e+01 2.903895e-04 9.999999e-01 -3.481124e-04 -1.128503e+00 -1.448073e-02 3.522829e-04 9.998952e-01 1.628849e+01
9.997893e-01 2.525577e-04 -2.052259e-02 1.609875e+01 -2.457484e-04 9.999999e-01 3.342647e-04 -1.129520e+00 2.052275e-02 -3.291528e-04 9.997893e-01 1.627031e+01
9.992200e-01 1.351995e-04 3.948851e-02 1.652229e+01 -1.028122e-04 9.999997e-01 -8.222264e-04 -1.161632e+00 -3.948870e-02 8.175271e-04 9.992198e-01 1.692283e+01
9.995784e-01 1.981707e-04 -2.903332e-02 1.686133e+01 -1.801995e-04 9.999998e-01 6.215607e-04 -1.195638e+00 2.903352e-02 -6.160688e-04 9.995782e-01 1.776381e+01
9.996330e-01 -1.748141e-04 2.708951e-02 1.707154e+01 1.911473e-04 9.999998e-01 -6.003875e-04 -1.215022e+00 -2.708948e-02 6.053472e-04 9.996329e-01 1.814439e+01
9.993961e-01 1.488260e-04 -3.474671e-02 1.732875e+01 -1.283758e-04 9.999998e-01 5.907459e-04 -1.221549e+00 3.474687e-02 -5.859304e-04 9.993959e-01 1.793515e+01
9.997089e-01 -1.760225e-04 2.412535e-02 1.748599e+01 1.898691e-04 9.999998e-01 -5.717007e-04 -1.218820e+00 -2.412533e-02 5.761169e-04 9.997089e-01 1.744695e+01
9.988569e-01 2.419023e-04 -4.779877e-02 1.716337e+01 -2.003945e-04 9.999996e-01 8.731522e-04 -1.194563e+00 4.779905e-02 -8.625775e-04 9.988565e-01 1.662701e+01
9.994372e-01 -1.288849e-04 3.354492e-02 1.743639e+01 1.493295e-04 9.999998e-01 -6.069924e-04 -1.208014e+00 -3.354492e-02 6.116619e-04 9.994371e-01 1.672359e+01
9.996073e-01 2.986923e-04 -2.801858e-02 1.799858e+01 -2.851415e-04 9.999998e-01 4.875895e-04 -1.240654e+00 2.801880e-02 -4.794107e-04 9.996072e-01 1.720703e+01
9.989707e-01 -1.540554e-06 4.536096e-02 1.869265e+01 4.615433e-05 9.999995e-01 -9.825025e-04 -1.272673e+00 -4.536102e-02 9.835868e-04 9.989703e-01 1.748766e+01
9.996024e-01 2.999857e-04 -2.819551e-02 1.928748e+01 -2.861747e-04 9.999998e-01 4.938200e-04 -1.303023e+00 2.819574e-02 -4.855567e-04 9.996022e-01 1.783207e+01
9.991849e-01 -5.287202e-05 4.036787e-02 1.983412e+01 8.532118e-05 9.999997e-01 -8.021400e-04 -1.335304e+00 -4.036790e-02 8.049324e-04 9.991846e-01 1.831754e+01
9.993256e-01 2.151145e-04 -3.671967e-02 2.030413e+01 -1.892768e-04 9.999997e-01 7.070894e-04 -1.363303e+00 3.671990e-02 -6.996643e-04 9.993253e-01 1.871445e+01
9.992699e-01 -8.222088e-05 3.820481e-02 2.066506e+01 1.108959e-04 9.999997e-01 -7.484686e-04 -1.388476e+00 -3.820482e-02 7.521609e-04 9.992697e-01 1.914439e+01
9.996332e-01 3.284553e-04 -2.708006e-02 2.108093e+01 -3.160132e-04 9.999998e-01 4.636924e-04 -1.418048e+00 2.708030e-02 -4.549666e-04 9.996331e-01 1.970072e+01
9.995497e-01 -1.683341e-04 3.000740e-02 2.118674e+01 1.830043e-04 9.999999e-01 -4.861755e-04 -1.442660e+00 -3.000740e-02 4.914500e-04 9.995496e-01 2.045782e+01
9.995724e-01 3.109808e-04 -2.923685e-02 2.123257e+01 -2.943799e-04 9.999998e-01 5.720700e-04 -1.469178e+00 2.923711e-02 -5.632206e-04 9.995723e-01 2.137427e+01
9.995369e-01 -1.713319e-04 3.042967e-02 2.137220e+01 1.864068e-04 9.999999e-01 -4.926006e-04 -1.497701e+00 -3.042967e-02 4.980467e-04 9.995369e-01 2.225512e+01
9.995348e-01 2.535074e-04 -3.049724e-02 2.171811e+01 -2.371362e-04 9.999998e-01 5.403843e-04 -1.525183e+00 3.049746e-02 -5.329029e-04 9.995346e-01 2.281097e+01
9.996209e-01 -2.635620e-04 2.753270e-02 2.226105e+01 2.755097e-04 9.999999e-01 -4.301921e-04 -1.553778e+00 -2.753267e-02 4.376165e-04 9.996209e-01 2.313949e+01
9.996016e-01 2.855045e-04 -2.822247e-02 2.292066e+01 -2.712543e-04 9.999998e-01 5.087081e-04 -1.587100e+00 2.822270e-02 -5.008519e-04 9.996015e-01 2.351100e+01
9.995941e-01 -2.713451e-04 2.848741e-02 2.390181e+01 2.839201e-04 9.999999e-01 -4.374171e-04 -1.628503e+00 -2.848737e-02 4.453296e-04 9.995941e-01 2.378024e+01
9.996787e-01 3.560488e-04 -2.534347e-02 2.490943e+01 -3.443888e-04 9.999998e-01 4.643963e-04 -1.673682e+00 2.534372e-02 -4.555210e-04 9.996786e-01 2.418048e+01
9.995618e-01 -2.227823e-04 2.960193e-02 2.568367e+01 2.379284e-04 9.999998e-01 -5.081739e-04 -1.711526e+00 -2.960190e-02 5.149963e-04 9.995617e-01 2.458890e+01
9.996052e-01 2.744754e-04 -2.809578e-02 2.657536e+01 -2.598024e-04 9.999998e-01 5.258574e-04 -1.750212e+00 2.809601e-02 -5.183523e-04 9.996050e-01 2.487219e+01
9.994512e-01 -1.317243e-04 3.312682e-02 2.743520e+01 1.513346e-04 9.999998e-01 -5.895007e-04 -1.789844e+00 -3.312682e-02 5.941923e-04 9.994511e-01 2.524367e+01
9.996075e-01 3.036504e-04 -2.801382e-02 2.801156e+01 -2.895080e-04 9.999998e-01 5.088481e-04 -1.824088e+00 2.801406e-02 -5.005400e-04 9.996073e-01 2.577753e+01
9.994664e-01 -1.406703e-04 3.266384e-02 2.858260e+01 1.594456e-04 9.999998e-01 -5.722310e-04 -1.857879e+00 -3.266385e-02 5.771357e-04 9.994663e-01 2.629797e+01
9.995081e-01 2.275237e-04 -3.135902e-02 2.914907e+01 -2.089817e-04 9.999998e-01 5.945210e-04 -1.890166e+00 3.135924e-02 -5.876770e-04 9.995079e-01 2.675732e+01
9.995160e-01 -1.623112e-04 3.111051e-02 2.950228e+01 1.798185e-04 9.999998e-01 -5.599833e-04 -1.916081e+00 -3.111050e-02 5.653083e-04 9.995159e-01 2.723376e+01
9.994705e-01 1.920503e-04 -3.253506e-02 3.000583e+01 -1.724749e-04 9.999998e-01 6.044406e-04 -1.942872e+00 3.253526e-02 -5.985110e-04 9.994703e-01 2.753923e+01
9.994168e-01 -9.862216e-05 3.414739e-02 3.053040e+01 1.201181e-04 9.999998e-01 -6.274842e-04 -1.971971e+00 -3.414741e-02 6.312219e-04 9.994167e-01 2.792110e+01
9.995375e-01 2.417976e-04 -3.040790e-02 3.106483e+01 -2.252729e-04 9.999998e-01 5.468203e-04 -2.002505e+00 3.040812e-02 -5.397192e-04 9.995373e-01 2.835396e+01
9.993337e-01 -8.653799e-05 3.649889e-02 3.142754e+01 1.129720e-04 9.999997e-01 -7.222084e-04 -2.027197e+00 -3.649891e-02 7.258525e-04 9.993335e-01 2.877248e+01
9.996280e-01 2.736464e-04 -2.727296e-02 3.159520e+01 -2.620021e-04 9.999999e-01 4.304831e-04 -2.046152e+00 2.727316e-02 -4.231792e-04 9.996279e-01 2.921964e+01
9.995015e-01 -1.371503e-04 3.157233e-02 3.177008e+01 1.549006e-04 9.999998e-01 -5.598001e-04 -2.066432e+00 -3.157234e-02 5.644135e-04 9.995014e-01 2.971110e+01
9.997354e-01 3.201906e-04 -2.299746e-02 3.199874e+01 -3.134372e-04 9.999999e-01 2.972064e-04 -2.088218e+00 2.299764e-02 -2.899214e-04 9.997354e-01 3.019799e+01
9.994781e-01 -1.076866e-04 3.230299e-02 3.214626e+01 1.253096e-04 9.999998e-01 -5.435660e-04 -2.110986e+00 -3.230301e-02 5.473321e-04 9.994780e-01 3.083193e+01
9.997828e-01 3.552644e-04 -2.083643e-02 3.231923e+01 -3.503313e-04 9.999999e-01 2.403420e-04 -2.135755e+00 2.083660e-02 -2.329920e-04 9.997828e-01 3.151300e+01
9.994779e-01 -1.174401e-04 3.230999e-02 3.255229e+01 1.352581e-04 9.999998e-01 -5.493194e-04 -2.160338e+00 -3.231001e-02 5.534047e-04 9.994778e-01 3.211092e+01
9.998023e-01 3.610863e-04 -1.987654e-02 3.296288e+01 -3.569751e-04 9.999999e-01 2.103192e-04 -2.188739e+00 1.987670e-02 -2.031841e-04 9.998023e-01 3.262785e+01
9.995609e-01 -1.294873e-04 2.963194e-02 3.333273e+01 1.425265e-04 9.999999e-01 -4.379692e-04 -2.218513e+00 -2.963197e-02 4.420022e-04 9.995609e-01 3.326212e+01
9.997584e-01 3.257631e-04 -2.197589e-02 3.360421e+01 -3.205467e-04 9.999999e-01 2.408287e-04 -2.243694e+00 2.197606e-02 -2.337282e-04 9.997584e-01 3.383866e+01
9.996947e-01 -2.062535e-04 2.471061e-02 3.390288e+01 2.139723e-04 9.999999e-01 -3.097762e-04 -2.267732e+00 -2.471063e-02 3.149710e-04 9.996947e-01 3.431940e+01
9.998532e-01 3.577446e-04 -1.712735e-02 3.444585e+01 -3.562466e-04 9.999999e-01 9.043515e-05 -2.296358e+00 1.712747e-02 -8.432222e-05 9.998532e-01 3.466391e+01
9.994852e-01 -9.478917e-05 3.208271e-02 3.498397e+01 1.114913e-04 9.999999e-01 -5.188464e-04 -2.324684e+00 -3.208275e-02 5.221582e-04 9.994851e-01 3.501151e+01
9.999467e-01 4.476512e-04 -1.031605e-02 3.529617e+01 -4.491759e-04 9.999999e-01 -1.456090e-04 -2.347322e+00 1.031608e-02 1.502330e-04 9.999467e-01 3.542926e+01
9.996574e-01 -1.501150e-04 2.617393e-02 3.566102e+01 1.578715e-04 9.999999e-01 -2.943285e-04 -2.373368e+00 -2.617398e-02 2.983618e-04 9.996574e-01 3.591376e+01
9.998138e-01 3.327817e-04 -1.929253e-02 3.618664e+01 -3.302538e-04 9.999999e-01 1.341376e-04 -2.404959e+00 1.929266e-02 -1.277431e-04 9.998138e-01 3.641086e+01
9.995572e-01 -1.160129e-04 2.975616e-02 3.682485e+01 1.282134e-04 9.999999e-01 -4.081541e-04 -2.437336e+00 -2.975620e-02 4.117905e-04 9.995572e-01 3.678908e+01
9.998333e-01 3.473268e-04 -1.825396e-02 3.725379e+01 -3.455925e-04 9.999999e-01 9.808273e-05 -2.465932e+00 1.825408e-02 -9.175988e-05 9.998333e-01 3.729176e+01
9.996142e-01 -1.126247e-04 2.777665e-02 3.746910e+01 1.215723e-04 9.999999e-01 -3.204867e-04 -2.492819e+00 -2.777671e-02 3.237419e-04 9.996142e-01 3.800868e+01
9.998651e-01 3.442930e-04 -1.642008e-02 3.773026e+01 -3.440347e-04 9.999999e-01 1.846143e-05 -2.518997e+00 1.642018e-02 -1.281179e-05 9.998651e-01 3.863855e+01
9.997367e-01 -1.640919e-04 2.294583e-02 3.800402e+01 1.680669e-04 1.000000e+00 -1.713707e-04 -2.545110e+00 -2.294589e-02 1.751840e-04 9.997368e-01 3.924803e+01
9.997909e-01 2.749516e-04 -2.044615e-02 3.823274e+01 -2.728913e-04 1.000000e+00 1.034816e-04 -2.567624e+00 2.044628e-02 -9.788227e-05 9.997909e-01 3.975880e+01
9.998016e-01 -2.065982e-04 1.992193e-02 3.844823e+01 2.084253e-04 1.000000e+00 -8.970995e-05 -2.589002e+00 -1.992201e-02 9.384636e-05 9.998016e-01 4.023530e+01
9.998048e-01 2.640179e-04 -1.975549e-02 3.886712e+01 -2.632068e-04 1.000000e+00 4.358405e-05 -2.610738e+00 1.975559e-02 -3.837769e-05 9.998048e-01 4.044482e+01
9.997497e-01 -1.799936e-04 2.237415e-02 3.927779e+01 1.833331e-04 1.000000e+00 -1.472711e-04 -2.633183e+00 -2.237422e-02 1.513381e-04 9.997497e-01 4.070376e+01
9.998696e-01 3.055088e-04 -1.614358e-02 3.962805e+01 -3.066760e-04 1.000000e+00 -6.992335e-05 -2.654918e+00 1.614365e-02 7.486315e-05 9.998696e-01 4.101672e+01
9.998528e-01 -2.448246e-04 1.715841e-02 4.024175e+01 2.446040e-04 1.000000e+00 1.487144e-05 -2.681710e+00 -1.715851e-02 -1.067026e-05 9.998528e-01 4.117217e+01
9.998558e-01 2.907866e-04 -1.697557e-02 4.085054e+01 -2.910419e-04 1.000000e+00 -1.265797e-05 -2.710868e+00 1.697566e-02 1.759483e-05 9.998558e-01 4.143472e+01
9.998573e-01 -2.546301e-04 1.689380e-02 4.150809e+01 2.541780e-04 1.000000e+00 2.882324e-05 -2.741469e+00 -1.689390e-02 -2.452312e-05 9.998574e-01 4.168991e+01
9.998424e-01 2.611872e-04 -1.774721e-02 4.226243e+01 -2.607271e-04 1.000000e+00 2.815471e-05 -2.775098e+00 1.774731e-02 -2.352502e-05 9.998424e-01 4.193981e+01
9.997758e-01 -1.626223e-04 2.117354e-02 4.300205e+01 1.649016e-04 1.000000e+00 -1.059706e-04 -2.809187e+00 -2.117362e-02 1.094403e-04 9.997759e-01 4.223380e+01
9.998915e-01 2.848896e-04 -1.472737e-02 4.390079e+01 -2.860783e-04 1.000000e+00 -7.871143e-05 -2.844915e+00 1.472744e-02 8.291415e-05 9.998915e-01 4.237422e+01
9.998102e-01 -1.957995e-04 1.948303e-02 4.474366e+01 1.971231e-04 1.000000e+00 -6.609454e-05 -2.878162e+00 -1.948311e-02 6.992452e-05 9.998102e-01 4.248487e+01
9.998585e-01 2.640502e-04 -1.681817e-02 4.564749e+01 -2.641434e-04 1.000000e+00 -3.406847e-06 -2.913559e+00 1.681827e-02 7.846854e-06 9.998585e-01 4.260207e+01
9.998331e-01 -2.305796e-04 1.826919e-02 4.660119e+01 2.309997e-04 1.000000e+00 -2.096761e-05 -2.949214e+00 -1.826928e-02 2.518626e-05 9.998332e-01 4.266368e+01
9.998597e-01 2.649245e-04 -1.674893e-02 4.748003e+01 -2.653395e-04 1.000000e+00 -2.264295e-05 -2.982678e+00 1.674902e-02 2.708201e-05 9.998597e-01 4.273560e+01
9.998370e-01 -2.387807e-04 1.805512e-02 4.843922e+01 2.386576e-04 1.000000e+00 8.889852e-06 -3.019178e+00 -1.805521e-02 -4.577444e-06 9.998371e-01 4.282456e+01
9.998683e-01 2.943156e-04 -1.622603e-02 4.926610e+01 -2.953320e-04 1.000000e+00 -6.034084e-05 -3.052508e+00 1.622611e-02 6.512304e-05 9.998683e-01 4.295804e+01
9.998783e-01 -2.906106e-04 1.560025e-02 5.001674e+01 2.895772e-04 1.000000e+00 6.840800e-05 -3.082630e+00 -1.560036e-02 -6.388023e-05 9.998784e-01 4.306126e+01
9.999777e-01 4.345991e-04 -6.656052e-03 5.053271e+01 -4.370212e-04 9.999998e-01 -3.626738e-04 -3.107445e+00 6.655990e-03 3.655726e-04 9.999777e-01 4.328306e+01
9.999159e-01 -3.211826e-04 1.296774e-02 5.102241e+01 3.193898e-04 9.999999e-01 1.402079e-04 -3.130484e+00 -1.296788e-02 -1.360524e-04 9.999160e-01 4.346392e+01
9.999648e-01 4.060874e-04 -8.379119e-03 5.165427e+01 -4.086491e-04 9.999999e-01 -3.041960e-04 -3.157790e+00 8.379092e-03 3.076075e-04 9.999648e-01 4.362109e+01
9.997852e-01 -2.026906e-04 2.072795e-02 5.215574e+01 2.039011e-04 1.000000e+00 -5.636120e-05 -3.184711e+00 -2.072804e-02 6.057753e-05 9.997852e-01 4.395061e+01
9.998094e-01 2.507495e-04 -1.951949e-02 5.294811e+01 -2.480023e-04 1.000000e+00 1.430805e-04 -3.225355e+00 1.951962e-02 -1.382142e-04 9.998094e-01 4.445512e+01
9.998388e-01 -2.944883e-04 1.795337e-02 5.344913e+01 2.952627e-04 1.000000e+00 -4.057067e-05 -3.255911e+00 -1.795346e-02 4.586707e-05 9.998389e-01 4.492881e+01
9.997759e-01 2.617882e-04 -2.116839e-02 5.321147e+01 -2.604941e-04 1.000000e+00 6.381366e-05 -3.261752e+00 2.116850e-02 -5.828704e-05 9.997759e-01 4.527270e+01
9.994677e-01 -4.884624e-05 3.262564e-02 5.359695e+01 6.140456e-05 9.999999e-01 -3.839668e-04 -3.288598e+00 -3.262572e-02 3.857678e-04 9.994676e-01 4.575338e+01
9.998405e-01 2.726721e-04 -1.785775e-02 5.422983e+01 -2.739720e-04 1.000000e+00 -7.043701e-05 -3.316562e+00 1.785782e-02 7.531637e-05 9.998405e-01 4.594941e+01
9.996191e-01 -8.378768e-05 2.760090e-02 5.466994e+01 8.969968e-05 1.000000e+00 -2.130159e-04 -3.342355e+00 -2.760098e-02 2.154125e-04 9.996191e-01 4.631199e+01
9.996392e-01 1.627867e-04 -2.685949e-02 5.505824e+01 -1.578241e-04 1.000000e+00 1.868213e-04 -3.367439e+00 2.685961e-02 -1.825167e-04 9.996391e-01 4.670397e+01
9.992256e-01 4.449069e-05 3.934721e-02 5.554817e+01 -2.146637e-05 9.999998e-01 -5.856203e-04 -3.391470e+00 -3.934733e-02 5.843241e-04 9.992255e-01 4.692898e+01
9.998977e-01 3.365538e-04 -1.429447e-02 5.595787e+01 -3.390609e-04 9.999999e-01 -1.730898e-04 -3.415169e+00 1.429451e-02 1.779169e-04 9.998978e-01 4.725950e+01
9.995552e-01 -6.039493e-05 2.982290e-02 5.633076e+01 6.820214e-05 1.000000e+00 -2.608250e-04 -3.441734e+00 -2.982299e-02 2.627450e-04 9.995552e-01 4.774819e+01
9.998519e-01 2.797533e-04 -1.720553e-02 5.699146e+01 -2.813008e-04 1.000000e+00 -8.762467e-05 -3.474798e+00 1.720561e-02 9.244969e-05 9.998519e-01 4.811847e+01
9.993563e-01 3.558155e-05 3.587477e-02 5.756245e+01 -1.986325e-05 9.999999e-01 -4.385479e-04 -3.504264e+00 -3.587488e-02 4.375550e-04 9.993563e-01 4.846686e+01
9.996339e-01 1.876202e-04 -2.705258e-02 5.790543e+01 -1.816641e-04 1.000000e+00 2.225603e-04 -3.533193e+00 2.705272e-02 -2.175663e-04 9.996339e-01 4.909624e+01
9.991512e-01 1.071957e-04 4.119466e-02 5.830342e+01 -8.347564e-05 9.999998e-01 -5.775662e-04 -3.563859e+00 -4.119482e-02 5.736392e-04 9.991510e-01 4.972459e+01
9.996597e-01 1.819941e-04 -2.608514e-02 5.882655e+01 -1.771347e-04 1.000000e+00 1.885305e-04 -3.597208e+00 2.608528e-02 -1.838477e-04 9.996597e-01 5.029375e+01
9.995707e-01 -9.855937e-05 2.929922e-02 5.975691e+01 1.058179e-04 1.000000e+00 -2.462494e-04 -3.635493e+00 -2.929929e-02 2.492460e-04 9.995707e-01 5.049863e+01
9.996528e-01 1.784251e-04 -2.634665e-02 6.047318e+01 -1.737420e-04 1.000000e+00 1.799645e-04 -3.668685e+00 2.634678e-02 -1.753264e-04 9.996528e-01 5.078659e+01
9.993896e-01 2.250262e-05 3.493630e-02 6.118514e+01 -9.252047e-06 9.999999e-01 -3.794909e-04 -3.704195e+00 -3.493641e-02 3.789380e-04 9.993895e-01 5.118763e+01
9.993649e-01 3.205918e-06 -3.563371e-02 6.180797e+01 1.078029e-05 9.999999e-01 3.922540e-04 -3.732908e+00 3.563381e-02 -3.923909e-04 9.993648e-01 5.140505e+01
9.993525e-01 4.835236e-05 3.598034e-02 6.246243e+01 -3.385586e-05 9.999999e-01 -4.035596e-04 -3.763120e+00 -3.598046e-02 4.020821e-04 9.993525e-01 5.164584e+01
9.997281e-01 1.877483e-04 -2.331553e-02 6.289958e+01 -1.865451e-04 1.000000e+00 5.370177e-05 -3.792108e+00 2.331564e-02 -4.933966e-05 9.997281e-01 5.214839e+01
9.993052e-01 9.343928e-05 3.727107e-02 6.327032e+01 -7.778018e-05 9.999999e-01 -4.216394e-04 -3.820473e+00 -3.727120e-02 4.184495e-04 9.993052e-01 5.271704e+01
9.996853e-01 1.426867e-04 -2.508157e-02 6.368493e+01 -1.403197e-04 1.000000e+00 9.605351e-05 -3.849704e+00 2.508168e-02 -9.250573e-05 9.996854e-01 5.325782e+01
9.995640e-01 -3.557475e-05 2.952824e-02 6.445536e+01 4.213158e-05 1.000000e+00 -2.214937e-04 -3.883311e+00 -2.952833e-02 2.226431e-04 9.995640e-01 5.348474e+01
9.996981e-01 1.379882e-04 -2.456668e-02 6.541669e+01 -1.357072e-04 1.000000e+00 9.443816e-05 -3.921538e+00 2.456680e-02 -9.107765e-05 9.996981e-01 5.364511e+01
9.995930e-01 -3.004411e-05 2.852869e-02 6.622957e+01 3.514234e-05 1.000000e+00 -1.782698e-04 -3.957371e+00 -2.852878e-02 1.792017e-04 9.995930e-01 5.391244e+01
9.996839e-01 1.371062e-04 -2.513796e-02 6.686930e+01 -1.346944e-04 1.000000e+00 9.755989e-05 -3.989344e+00 2.513807e-02 -9.414498e-05 9.996839e-01 5.425215e+01
9.996383e-01 -8.499769e-05 2.689704e-02 6.774044e+01 8.830079e-05 1.000000e+00 -1.216876e-04 -4.025605e+00 -2.689713e-02 1.240205e-04 9.996383e-01 5.445078e+01
9.997558e-01 1.993879e-04 -2.209443e-02 6.852995e+01 -1.990132e-04 1.000000e+00 1.907200e-05 -4.061887e+00 2.209453e-02 -1.467211e-05 9.997558e-01 5.476998e+01
9.996228e-01 -3.440067e-05 2.746637e-02 6.907691e+01 3.731408e-05 1.000000e+00 -1.056282e-04 -4.095696e+00 -2.746647e-02 1.066151e-04 9.996228e-01 5.532304e+01
9.996880e-01 1.345169e-04 -2.497624e-02 6.958106e+01 -1.330039e-04 1.000000e+00 6.216354e-05 -4.125640e+00 2.497635e-02 -5.882405e-05 9.996880e-01 5.576254e+01
9.997108e-01 -1.171897e-04 2.404800e-02 7.015973e+01 1.177113e-04 1.000000e+00 -2.035409e-05 -4.154662e+00 -2.404809e-02 2.318082e-05 9.997109e-01 5.605712e+01
9.997147e-01 1.816282e-04 -2.388378e-02 7.066882e+01 -1.801519e-04 1.000000e+00 6.388370e-05 -4.185781e+00 2.388389e-02 -5.956460e-05 9.997147e-01 5.654110e+01
9.996376e-01 -6.300512e-05 2.692320e-02 7.120816e+01 6.522114e-05 1.000000e+00 -8.150056e-05 -4.219937e+00 -2.692329e-02 8.322885e-05 9.996375e-01 5.711533e+01
9.998150e-01 2.437860e-04 -1.922968e-02 7.170925e+01 -2.456973e-04 1.000000e+00 -9.713331e-05 -4.251966e+00 1.922975e-02 1.018382e-04 9.998150e-01 5.765386e+01
9.999749e-01 -1.878039e-04 7.090705e-03 7.195588e+01 1.849510e-04 9.999999e-01 4.027404e-04 -4.272961e+00 -7.090880e-03 -4.014170e-04 9.999748e-01 5.806762e+01
9.998524e-01 2.000264e-04 -1.717907e-02 7.225920e+01 -2.035587e-04 1.000000e+00 -2.039726e-04 -4.292490e+00 1.717913e-02 2.074376e-04 9.998524e-01 5.835209e+01
9.997510e-01 -5.239289e-05 2.231658e-02 7.256124e+01 5.056298e-05 1.000000e+00 8.247879e-05 -4.318645e+00 -2.231669e-02 -8.132800e-05 9.997510e-01 5.892012e+01
9.998437e-01 2.281494e-04 -1.767535e-02 7.283903e+01 -2.307115e-04 1.000000e+00 -1.430184e-04 -4.348266e+00 1.767542e-02 1.470722e-04 9.998437e-01 5.967014e+01
9.997207e-01 -5.577994e-05 2.363432e-02 7.308827e+01 5.557184e-05 1.000000e+00 9.383599e-06 -4.374405e+00 -2.363442e-02 -8.065739e-06 9.997207e-01 6.031531e+01
9.998634e-01 2.139144e-04 -1.652406e-02 7.360158e+01 -2.171307e-04 1.000000e+00 -1.929613e-04 -4.404649e+00 1.652412e-02 1.965210e-04 9.998634e-01 6.076747e+01
9.998648e-01 -1.543827e-04 1.644786e-02 7.392399e+01 1.509250e-04 1.000000e+00 2.113496e-04 -4.429402e+00 -1.644799e-02 -2.088368e-04 9.998648e-01 6.124120e+01
9.998448e-01 2.110427e-04 -1.761072e-02 7.389301e+01 -2.142017e-04 1.000000e+00 -1.775956e-04 -4.446534e+00 1.761078e-02 1.813386e-04 9.998449e-01 6.185279e+01
9.997760e-01 -4.232106e-05 2.116789e-02 7.391419e+01 3.944748e-05 1.000000e+00 1.360822e-04 -4.469567e+00 -2.116800e-02 -1.352149e-04 9.997760e-01 6.266054e+01
9.996991e-01 1.408175e-04 -2.452758e-02 7.393768e+01 -1.407994e-04 1.000000e+00 2.386003e-06 -4.491900e+00 2.452768e-02 1.066434e-06 9.996991e-01 6.342384e+01
9.997962e-01 -3.665346e-05 2.019278e-02 7.390281e+01 3.364270e-05 1.000000e+00 1.493505e-04 -4.512180e+00 -2.019289e-02 -1.486389e-04 9.997961e-01 6.418404e+01
9.997005e-01 1.158027e-04 -2.447081e-02 7.381943e+01 -1.170584e-04 1.000000e+00 -4.995758e-05 -4.526876e+00 2.447091e-02 5.280539e-05 9.997005e-01 6.474402e+01
9.998661e-01 -5.581200e-05 1.636489e-02 7.386936e+01 5.196913e-05 1.000000e+00 2.351394e-04 -4.544330e+00 -1.636500e-02 -2.342557e-04 9.998661e-01 6.526473e+01
9.996936e-01 1.099301e-04 -2.475194e-02 7.399634e+01 -1.105269e-04 1.000000e+00 -2.281474e-05 -4.564683e+00 2.475204e-02 2.554177e-05 9.996936e-01 6.581255e+01
9.998445e-01 -8.174793e-05 1.763853e-02 7.416483e+01 7.831667e-05 1.000000e+00 1.951231e-04 -4.584874e+00 -1.763865e-02 -1.937096e-04 9.998445e-01 6.629980e+01
9.997109e-01 9.279786e-05 -2.404183e-02 7.430756e+01 -9.450637e-05 1.000000e+00 -7.000143e-05 -4.602435e+00 2.404193e-02 7.225157e-05 9.997109e-01 6.670098e+01
9.998367e-01 -5.686700e-05 1.807534e-02 7.434699e+01 5.323420e-05 1.000000e+00 2.013660e-04 -4.620074e+00 -1.807545e-02 -2.003691e-04 9.998367e-01 6.723931e+01
9.996525e-01 6.470305e-05 -2.635856e-02 7.464845e+01 -6.441873e-05 1.000000e+00 1.156936e-05 -4.642836e+00 2.635866e-02 -9.869078e-06 9.996525e-01 6.765197e+01
9.999216e-01 -4.817180e-05 1.252627e-02 7.510585e+01 4.390779e-05 9.999999e-01 3.405446e-04 -4.666387e+00 -1.252639e-02 -3.399661e-04 9.999215e-01 6.789821e+01
9.996696e-01 9.538093e-05 -2.570324e-02 7.549982e+01 -9.548869e-05 1.000000e+00 -3.030213e-06 -4.689447e+00 2.570334e-02 5.481879e-06 9.996696e-01 6.821337e+01
9.998390e-01 -1.321417e-04 1.794385e-02 7.605003e+01 1.286469e-04 1.000000e+00 1.958255e-04 -4.715546e+00 -1.794398e-02 -1.934838e-04 9.998390e-01 6.842437e+01
9.997395e-01 1.002492e-04 -2.282182e-02 7.663595e+01 -1.019360e-04 1.000000e+00 -7.282052e-05 -4.742498e+00 2.282192e-02 7.512622e-05 9.997395e-01 6.861701e+01
9.997807e-01 -9.630055e-05 2.094523e-02 7.717752e+01 9.457484e-05 1.000000e+00 8.330475e-05 -4.766576e+00 -2.094533e-02 -8.130383e-05 9.997807e-01 6.875571e+01
9.997449e-01 1.075018e-04 -2.258392e-02 7.768273e+01 -1.083131e-04 1.000000e+00 -3.477275e-05 -4.793456e+00 2.258401e-02 3.720831e-05 9.997449e-01 6.906159e+01
9.998205e-01 -1.507374e-04 1.894708e-02 7.837971e+01 1.480218e-04 1.000000e+00 1.446394e-04 -4.823954e+00 -1.894720e-02 -1.418071e-04 9.998205e-01 6.925410e+01
9.997359e-01 8.798792e-05 -2.297963e-02 7.915030e+01 -8.824322e-05 1.000000e+00 -1.016666e-05 -4.856310e+00 2.297973e-02 1.219007e-05 9.997359e-01 6.942366e+01
9.998192e-01 -1.615596e-04 1.901452e-02 7.993467e+01 1.589999e-04 1.000000e+00 1.360480e-04 -4.888460e+00 -1.901464e-02 -1.329983e-04 9.998193e-01 6.956668e+01
9.997923e-01 1.078338e-04 -2.037573e-02 8.097368e+01 -1.086856e-04 1.000000e+00 -4.078023e-05 -4.928206e+00 2.037582e-02 4.298461e-05 9.997923e-01 6.968592e+01
9.997992e-01 -1.803297e-04 2.004286e-02 8.237475e+01 1.768876e-04 1.000000e+00 1.734283e-04 -4.979404e+00 -2.004299e-02 -1.698464e-04 9.997992e-01 6.980036e+01
9.998258e-01 1.519241e-04 -1.865943e-02 8.394613e+01 -1.527730e-04 1.000000e+00 -4.415283e-05 -5.037114e+00 1.865952e-02 4.699411e-05 9.998258e-01 6.996596e+01
9.997126e-01 -8.256373e-05 2.397409e-02 8.585287e+01 7.979484e-05 1.000000e+00 1.163856e-04 -5.104872e+00 -2.397420e-02 -1.144374e-04 9.997126e-01 7.010554e+01
9.997606e-01 4.674421e-05 -2.187585e-02 8.788966e+01 -4.502547e-05 1.000000e+00 7.898651e-05 -5.176645e+00 2.187595e-02 -7.798431e-05 9.997606e-01 7.022871e+01
9.997711e-01 -1.402691e-04 2.139634e-02 8.916018e+01 1.395181e-04 1.000000e+00 3.652090e-05 -5.222524e+00 -2.139645e-02 -3.352565e-05 9.997711e-01 7.030458e+01
9.996022e-01 -1.057369e-05 -2.820121e-02 8.975743e+01 1.270147e-05 1.000000e+00 7.521362e-05 -5.246399e+00 2.820131e-02 -7.554357e-05 9.996022e-01 7.034084e+01
9.996780e-01 -2.051743e-04 2.537645e-02 9.099760e+01 2.033063e-04 1.000000e+00 7.612859e-05 -5.290794e+00 -2.537656e-02 -7.094315e-05 9.996780e-01 7.041871e+01
9.999410e-01 4.774353e-04 -1.084940e-02 9.320486e+01 -4.796387e-04 9.999999e-01 -2.006345e-04 -5.368005e+00 1.084941e-02 2.058248e-04 9.999411e-01 7.057269e+01
9.999599e-01 -5.953482e-04 8.936638e-03 9.430053e+01 5.925056e-04 9.999998e-01 3.205547e-04 -5.409981e+00 -8.936926e-03 -3.152452e-04 9.999601e-01 7.071668e+01
9.999371e-01 4.325226e-04 -1.119996e-02 9.513183e+01 -4.357820e-04 9.999999e-01 -2.887145e-04 -5.439080e+00 1.119993e-02 2.935755e-04 9.999372e-01 7.069184e+01
9.999322e-01 -5.688215e-04 1.163794e-02 9.683988e+01 5.633222e-04 9.999997e-01 4.756725e-04 -5.497715e+00 -1.163831e-02 -4.690825e-04 9.999322e-01 7.074577e+01
9.999155e-01 3.518471e-04 -1.299039e-02 9.882582e+01 -3.539622e-04 9.999999e-01 -1.606431e-04 -5.566696e+00 1.299044e-02 1.652260e-04 9.999156e-01 7.086423e+01
9.999435e-01 -6.309861e-04 1.061724e-02 1.008704e+02 6.256388e-04 9.999997e-01 5.068035e-04 -5.636728e+00 -1.061766e-02 -5.001306e-04 9.999436e-01 7.095380e+01
9.998988e-01 2.590824e-04 -1.422127e-02 1.032148e+02 -2.604801e-04 1.000000e+00 -9.654028e-05 -5.713111e+00 1.422135e-02 1.002332e-04 9.998988e-01 7.090507e+01
9.999499e-01 -6.379851e-04 9.994937e-03 1.053041e+02 6.335734e-04 9.999997e-01 4.443956e-04 -5.781034e+00 -9.995317e-03 -4.380391e-04 9.999500e-01 7.083903e+01
9.998847e-01 2.295934e-04 -1.518331e-02 1.075655e+02 -2.299870e-04 1.000000e+00 -2.427969e-05 -5.856379e+00 1.518340e-02 2.776719e-05 9.998847e-01 7.084960e+01
9.999310e-01 -5.753654e-04 1.173756e-02 1.098519e+02 5.703561e-04 9.999997e-01 4.299847e-04 -5.933404e+00 -1.173791e-02 -4.232587e-04 9.999311e-01 7.090339e+01
9.998984e-01 2.485339e-04 -1.425089e-02 1.124342e+02 -2.480019e-04 1.000000e+00 3.899088e-05 -6.020077e+00 1.425100e-02 -3.545432e-05 9.998984e-01 7.096830e+01
9.999559e-01 -5.408408e-04 9.377068e-03 1.140976e+02 5.380623e-04 9.999998e-01 2.986581e-04 -6.083004e+00 -9.377327e-03 -2.935978e-04 9.999560e-01 7.125549e+01
9.998992e-01 2.468315e-04 -1.419038e-02 1.158500e+02 -2.461684e-04 1.000000e+00 4.836766e-05 -6.147889e+00 1.419049e-02 -4.487122e-05 9.998993e-01 7.151357e+01
9.999132e-01 -5.018923e-04 1.317114e-02 1.184748e+02 4.968016e-04 9.999998e-01 3.896587e-04 -6.237592e+00 -1.317143e-02 -3.830797e-04 9.999132e-01 7.164045e+01
9.998673e-01 1.696538e-04 -1.628980e-02 1.212029e+02 -1.674048e-04 1.000000e+00 1.393293e-04 -6.330802e+00 1.628993e-02 -1.365854e-04 9.998672e-01 7.177163e+01
9.999068e-01 -5.084916e-04 1.364324e-02 1.240537e+02 5.033497e-04 9.999998e-01 3.802030e-04 -6.426181e+00 -1.364353e-02 -3.732985e-04 9.999069e-01 7.182481e+01
9.998968e-01 2.591459e-04 -1.436081e-02 1.266727e+02 -2.586004e-04 1.000000e+00 3.973837e-05 -6.513796e+00 1.436092e-02 -3.602217e-05 9.998968e-01 7.186868e+01
9.999521e-01 -5.985117e-04 9.772597e-03 1.285361e+02 5.956618e-04 9.999998e-01 2.943775e-04 -6.578110e+00 -9.772871e-03 -2.885406e-04 9.999523e-01 7.195013e+01
9.998126e-01 2.408158e-04 -1.935635e-02 1.301632e+02 -2.384958e-04 1.000000e+00 1.220908e-04 -6.636962e+00 1.935648e-02 -1.174531e-04 9.998126e-01 7.207322e+01
9.999059e-01 -6.156456e-04 1.370518e-02 1.321778e+02 6.120507e-04 9.999998e-01 2.663902e-04 -6.707197e+00 -1.370544e-02 -2.579752e-04 9.999061e-01 7.219588e+01
9.998926e-01 3.956521e-04 -1.464722e-02 1.344933e+02 -3.940354e-04 9.999999e-01 1.131600e-04 -6.787343e+00 1.464736e-02 -1.073779e-04 9.998927e-01 7.233982e+01
9.999480e-01 -6.950940e-04 1.017619e-02 1.361364e+02 6.933396e-04 9.999997e-01 1.757849e-04 -6.845495e+00 -1.017640e-02 -1.687185e-04 9.999483e-01 7.244895e+01
9.998929e-01 3.748642e-04 -1.462911e-02 1.379484e+02 -3.728587e-04 9.999999e-01 1.397184e-04 -6.908281e+00 1.462926e-02 -1.342505e-04 9.998929e-01 7.253717e+01
9.999077e-01 -6.270606e-04 1.357329e-02 1.404641e+02 6.234702e-04 9.999998e-01 2.686389e-04 -6.993440e+00 -1.357356e-02 -2.601499e-04 9.999079e-01 7.261975e+01
9.998733e-01 3.287569e-04 -1.591086e-02 1.429689e+02 -3.260141e-04 9.999999e-01 1.748945e-04 -7.077409e+00 1.591102e-02 -1.696867e-04 9.998733e-01 7.266556e+01
9.999081e-01 -6.469297e-04 1.354459e-02 1.456602e+02 6.428323e-04 9.999997e-01 3.067562e-04 -7.168081e+00 -1.354488e-02 -2.980195e-04 9.999083e-01 7.273942e+01
9.998574e-01 3.292345e-04 -1.687902e-02 1.480956e+02 -3.265081e-04 9.999999e-01 1.641955e-04 -7.252815e+00 1.687917e-02 -1.586625e-04 9.998575e-01 7.291143e+01
9.999071e-01 -6.533262e-04 1.361523e-02 1.505571e+02 6.491868e-04 9.999997e-01 3.083422e-04 -7.338634e+00 -1.361552e-02 -2.994731e-04 9.999073e-01 7.309708e+01
9.998613e-01 3.315831e-04 -1.664932e-02 1.530915e+02 -3.287135e-04 9.999999e-01 1.750071e-04 -7.425655e+00 1.664948e-02 -1.695115e-04 9.998613e-01 7.323551e+01
9.999307e-01 -6.432311e-04 1.176131e-02 1.549599e+02 6.409441e-04 9.999998e-01 1.980997e-04 -7.494697e+00 -1.176154e-02 -1.905460e-04 9.999309e-01 7.350263e+01
9.997953e-01 4.084975e-04 -2.022703e-02 1.562880e+02 -4.036825e-04 9.999999e-01 2.420657e-04 -7.551084e+00 2.022723e-02 -2.338524e-04 9.997953e-01 7.393402e+01
9.998979e-01 -7.239289e-04 1.427224e-02 1.580567e+02 7.222140e-04 9.999997e-01 1.252125e-04 -7.616033e+00 -1.427242e-02 -1.148905e-04 9.998982e-01 7.415162e+01
9.998476e-01 4.270450e-04 -1.745108e-02 1.601540e+02 -4.227384e-04 9.999999e-01 2.503960e-04 -7.687989e+00 1.745129e-02 -2.429821e-04 9.998476e-01 7.424294e+01
9.999112e-01 -7.435111e-04 1.330507e-02 1.620957e+02 7.422177e-04 9.999997e-01 1.020498e-04 -7.755444e+00 -1.330525e-02 -9.216387e-05 9.999115e-01 7.434877e+01
9.998582e-01 4.413551e-04 -1.682875e-02 1.638602e+02 -4.381682e-04 9.999999e-01 1.929766e-04 -7.815940e+00 1.682893e-02 -1.855769e-04 9.998583e-01 7.441360e+01
9.998997e-01 -7.091816e-04 1.414527e-02 1.655776e+02 7.082022e-04 9.999997e-01 7.415280e-05 -7.874594e+00 -1.414542e-02 -6.412605e-05 9.999000e-01 7.446763e+01
9.998540e-01 4.137495e-04 -1.708050e-02 1.675451e+02 -4.094742e-04 9.999999e-01 2.537203e-04 -7.940344e+00 1.708070e-02 -2.466907e-04 9.998540e-01 7.447979e+01
9.998911e-01 -7.076111e-04 1.474667e-02 1.697831e+02 7.059197e-04 9.999997e-01 1.198152e-04 -8.014476e+00 -1.474684e-02 -1.093906e-04 9.998913e-01 7.447722e+01
9.997893e-01 3.550576e-04 -2.052026e-02 1.715145e+02 -3.510238e-04 9.999999e-01 2.001142e-04 -8.072356e+00 2.052043e-02 -1.928704e-04 9.997894e-01 7.444194e+01
9.999299e-01 -6.682545e-04 1.182744e-02 1.727888e+02 6.671854e-04 9.999998e-01 9.422919e-05 -8.117795e+00 -1.182760e-02 -8.632988e-05 9.999301e-01 7.447105e+01
9.998588e-01 3.220634e-04 -1.679933e-02 1.746323e+02 -3.182390e-04 9.999999e-01 2.302526e-04 -8.179969e+00 1.679950e-02 -2.248755e-04 9.998588e-01 7.448449e+01
