9.997481e-01 3.755653e-04 2.244103e-02 2.832657e-01 -3.606754e-04 9.999997e-01 -6.675594e-04 -2.377553e-02 -2.244127e-02 6.592969e-04 9.997480e-01 4.939649e-01
9.999131e-01 1.568068e-04 1.317989e-02 4.170783e-01 -1.512018e-04 9.999999e-01 -4.262649e-04 -4.043341e-02 -1.317995e-02 4.242354e-04 9.999130e-01 8.951319e-01
9.997542e-01 3.841678e-04 2.216614e-02 5.646356e-01 -3.699390e-04 9.999997e-01 -6.460119e-04 -5.917906e-02 -2.216639e-02 6.376528e-04 9.997542e-01 1.363184e+00
9.999094e-01 1.585985e-04 1.345939e-02 7.445522e-01 -1.527604e-04 9.999999e-01 -4.347864e-04 -7.840993e-02 -1.345944e-02 4.326910e-04 9.999092e-01 1.811601e+00
9.995602e-01 4.608554e-04 2.965260e-02 8.503229e-01 -4.350227e-04 9.999995e-01 -8.776239e-04 -9.358078e-02 -2.965301e-02 8.643383e-04 9.995600e-01 2.182568e+00
9.998675e-01 1.900994e-04 1.627463e-02 9.417178e-01 -1.816679e-04 9.999998e-01 -5.195509e-04 -1.081198e-01 -1.627471e-02 5.165254e-04 9.998673e-01 2.543199e+00
9.996250e-01 4.583211e-04 2.738021e-02 1.082692e+00 -4.364662e-04 9.999996e-01 -8.041711e-04 -1.238482e-01 -2.738059e-02 7.919193e-04 9.996249e-01 2.893557e+00
9.998658e-01 1.717487e-04 1.637945e-02 1.190280e+00 -1.632582e-04 9.999999e-01 -5.196937e-04 -1.403285e-01 -1.637951e-02 5.169495e-04 9.998656e-01 3.317544e+00
9.997443e-01 4.064100e-04 2.260956e-02 1.307835e+00 -3.918547e-04 9.999997e-01 -6.481962e-04 -1.590995e-01 -2.260985e-02 6.391713e-04 9.997443e-01 3.828686e+00
9.997783e-01 2.525638e-04 2.105315e-02 1.439969e+00 -2.388603e-04 9.999998e-01 -6.534046e-04 -1.782294e-01 -2.105327e-02 6.482304e-04 9.997780e-01 4.337601e+00
9.997275e-01 4.210848e-04 2.333864e-02 1.580218e+00 -4.055120e-04 9.999997e-01 -6.719876e-04 -1.978018e-01 -2.333896e-02 6.623411e-04 9.997275e-01 4.856715e+00
9.999021e-01 1.738447e-04 1.398764e-02 1.777975e+00 -1.677713e-04 9.999999e-01 -4.353552e-04 -2.186204e-01 -1.398767e-02 4.329651e-04 9.999020e-01 5.349344e+00
9.997827e-01 3.730455e-04 2.084107e-02 2.004024e+00 -3.606059e-04 9.999998e-01 -6.006435e-04 -2.412100e-01 -2.084134e-02 5.929985e-04 9.997827e-01 5.878434e+00
9.997446e-01 3.119339e-04 2.259559e-02 2.174181e+00 -2.962961e-04 9.999997e-01 -6.954043e-04 -2.603720e-01 -2.259574e-02 6.885308e-04 9.997444e-01 6.340428e+00
9.999367e-01 2.490072e-04 1.125102e-02 2.390422e+00 -2.458479e-04 9.999999e-01 -2.822135e-04 -2.842411e-01 -1.125115e-02 2.794307e-04 9.999368e-01 6.928333e+00
9.999423e-01 1.439332e-04 1.074437e-02 2.657342e+00 -1.405101e-04 9.999999e-01 -3.193162e-04 -3.113904e-01 -1.074436e-02 3.177870e-04 9.999421e-01 7.582292e+00
9.999092e-01 2.720866e-04 1.347200e-02 2.818506e+00 -2.671171e-04 9.999999e-01 -3.707050e-04 -3.363940e-01 -1.347216e-02 3.670738e-04 9.999093e-01 8.281013e+00
9.997478e-01 3.000433e-04 2.245622e-02 2.979342e+00 -2.848327e-04 9.999997e-01 -6.805212e-04 -3.584027e-01 -2.245635e-02 6.739520e-04 9.997475e-01 8.865579e+00
9.999185e-01 2.502757e-04 1.276565e-02 3.160663e+00 -2.457521e-04 9.999999e-01 -3.559647e-04 -3.799666e-01 -1.276580e-02 3.527997e-04 9.999185e-01 9.406901e+00
9.997012e-01 3.124599e-04 2.444095e-02 3.327286e+00 -2.936919e-04 9.999997e-01 -7.714552e-04 -3.994638e-01 -2.444111e-02 7.640453e-04 9.997009e-01 9.885832e+00
9.998230e-01 3.108556e-04 1.881324e-02 3.582487e+00 -3.006054e-04 9.999998e-01 -5.476998e-04 -4.146125e-01 -1.881348e-02 5.419489e-04 9.998230e-01 1.005777e+01
9.998808e-01 2.149948e-04 1.543619e-02 4.020163e+00 -2.073878e-04 9.999999e-01 -4.943666e-04 -4.359068e-01 -1.543622e-02 4.911049e-04 9.998806e-01 1.025190e+01
9.999983e-01 5.686722e-05 1.873799e-03 4.660405e+00 -5.681403e-05 1.000000e+00 -2.880556e-05 -4.648758e-01 -1.873875e-03 2.870056e-05 9.999983e-01 1.048216e+01
9.999419e-01 1.496036e-04 1.077542e-02 5.412930e+00 -1.458513e-04 9.999999e-01 -3.489520e-04 -4.971415e-01 -1.077539e-02 3.473586e-04 9.999418e-01 1.069013e+01
9.999952e-01 7.886061e-05 3.091236e-03 6.138988e+00 -7.863034e-05 1.000000e+00 -7.484857e-05 -5.271711e-01 -3.091318e-03 7.460670e-05 9.999953e-01 1.084814e+01
9.999790e-01 9.077386e-05 6.480297e-03 6.774127e+00 -8.933359e-05 1.000000e+00 -2.224289e-04 -5.561838e-01 -6.480241e-03 2.218438e-04 9.999789e-01 1.108449e+01
9.999963e-01 7.576400e-05 2.743296e-03 7.412102e+00 -7.557780e-05 1.000000e+00 -6.825479e-05 -5.852038e-01 -2.743379e-03 6.804878e-05 9.999963e-01 1.131634e+01
9.998344e-01 2.615644e-04 1.819313e-02 8.015734e+00 -2.509948e-04 9.999998e-01 -5.832012e-04 -6.103621e-01 -1.819320e-02 5.785367e-04 9.998342e-01 1.144121e+01
9.999978e-01 7.173421e-06 -2.109706e-03 8.582026e+00 -6.990766e-06 1.000000e+00 8.698082e-05 -6.369071e-01 2.109628e-03 -8.696423e-05 9.999979e-01 1.167338e+01
9.998942e-01 2.162346e-04 1.454600e-02 9.188634e+00 -2.097743e-04 9.999999e-01 -4.455919e-04 -6.669445e-01 -1.454602e-02 4.424917e-04 9.998940e-01 1.199228e+01
9.999620e-01 -6.471655e-05 -8.720031e-03 9.845919e+00 6.731388e-05 1.000000e+00 2.976644e-04 -6.991658e-01 8.719931e-03 -2.982384e-04 9.999620e-01 1.233396e+01
9.998312e-01 2.483599e-04 1.837169e-02 1.042236e+01 -2.376248e-04 9.999998e-01 -5.864662e-04 -7.280760e-01 -1.837175e-02 5.820000e-04 9.998310e-01 1.265062e+01
9.999932e-01 1.786323e-05 -3.694318e-03 1.077920e+01 -1.726983e-05 1.000000e+00 1.609014e-04 -7.533721e-01 3.694239e-03 -1.608348e-04 9.999932e-01 1.311412e+01
9.999053e-01 2.017219e-04 1.376008e-02 1.102558e+01 -1.957120e-04 9.999999e-01 -4.380429e-04 -7.781466e-01 -1.376009e-02 4.353067e-04 9.999052e-01 1.370715e+01
9.999859e-01 -2.349902e-05 -5.307687e-03 1.146135e+01 2.453263e-05 1.000000e+00 1.948497e-04 -8.056696e-01 5.307600e-03 -1.949755e-04 9.999860e-01 1.415191e+01
9.999407e-01 1.642877e-04 1.088269e-02 1.187885e+01 -1.604521e-04 9.999999e-01 -3.532316e-04 -8.322945e-01 -1.088266e-02 3.514628e-04 9.999406e-01 1.457623e+01
9.999814e-01 -2.868029e-05 -6.100834e-03 1.209950e+01 2.993292e-05 1.000000e+00 2.053864e-04 -8.544023e-01 6.100745e-03 -2.055635e-04 9.999814e-01 1.507901e+01
9.999391e-01 1.679066e-04 1.103323e-02 1.231156e+01 -1.639956e-04 9.999999e-01 -3.552956e-04 -8.764522e-01 -1.103320e-02 3.534629e-04 9.999390e-01 1.559387e+01
9.999877e-01 -8.347877e-06 -4.958526e-03 1.249796e+01 9.218788e-06 1.000000e+00 1.758115e-04 -8.984477e-01 4.958440e-03 -1.758533e-04 9.999878e-01 1.614280e+01
9.999476e-01 1.558921e-04 1.023118e-02 1.280225e+01 -1.526211e-04 9.999999e-01 -3.204057e-04 -9.237361e-01 -1.023115e-02 3.188258e-04 9.999475e-01 1.666464e+01
9.999832e-01 -2.083886e-05 -5.798032e-03 1.294936e+01 2.187071e-05 1.000000e+00 1.780730e-04 -9.434322e-01 5.797943e-03 -1.781950e-04 9.999833e-01 1.717422e+01
9.999680e-01 1.455141e-04 7.995402e-03 1.306184e+01 -1.435285e-04 1.000000e+00 -2.487889e-04 -9.633236e-01 -7.995354e-03 2.476317e-04 9.999679e-01 1.773394e+01
9.999602e-01 -1.281179e-04 -8.923771e-03 1.302694e+01 1.302020e-04 1.000000e+00 2.330648e-04 -9.774850e-01 8.923656e-03 -2.342157e-04 9.999602e-01 1.821620e+01
9.999876e-01 1.393766e-04 4.982640e-03 1.306696e+01 -1.385112e-04 1.000000e+00 -1.738316e-04 -9.933381e-01 -4.982580e-03 1.731375e-04 9.999875e-01 1.867498e+01
9.999726e-01 -1.317516e-04 -7.409763e-03 1.301827e+01 1.331080e-04 1.000000e+00 1.826889e-04 -1.006160e+00 7.409654e-03 -1.836684e-04 9.999726e-01 1.911062e+01
9.999752e-01 1.133292e-04 7.039589e-03 1.298331e+01 -1.115456e-04 1.000000e+00 -2.536200e-04 -1.015994e+00 -7.039533e-03 2.528268e-04 9.999751e-01 1.939539e+01
9.999888e-01 -2.951561e-05 -4.734940e-03 1.331176e+01 3.021799e-05 1.000000e+00 1.484742e-04 -1.036928e+00 4.734851e-03 -1.486139e-04 9.999889e-01 1.970732e+01
9.999533e-01 1.449969e-04 9.661250e-03 1.369999e+01 -1.417947e-04 9.999999e-01 -3.320340e-04 -1.059179e+00 -9.661213e-03 3.306468e-04 9.999532e-01 1.999621e+01
9.999961e-01 6.345943e-05 2.816330e-03 1.423893e+01 -6.329078e-05 1.000000e+00 -6.032478e-05 -1.085424e+00 -2.816419e-03 6.014804e-05 9.999961e-01 2.025066e+01
9.999445e-01 1.487758e-04 1.053214e-02 1.476268e+01 -1.447889e-04 9.999999e-01 -3.792153e-04 -1.109210e+00 -1.053211e-02 3.776676e-04 9.999444e-01 2.042560e+01
9.999997e-01 3.417933e-05 7.649500e-04 1.517541e+01 -3.417320e-05 1.000000e+00 -9.406837e-06 -1.129560e+00 -7.650368e-04 9.382479e-06 9.999998e-01 2.060687e+01
9.999704e-01 1.396422e-04 7.686336e-03 1.545579e+01 -1.374950e-04 1.000000e+00 -2.797442e-04 -1.149569e+00 -7.686288e-03 2.786773e-04 9.999703e-01 2.094824e+01
9.999633e-01 -1.001795e-04 -8.573357e-03 1.564823e+01 1.028767e-04 9.999999e-01 3.142967e-04 -1.171978e+00 8.573238e-03 -3.151653e-04 9.999633e-01 2.150060e+01
9.999661e-01 1.348222e-04 8.226191e-03 1.587567e+01 -1.320765e-04 9.999999e-01 -3.341943e-04 -1.191713e+00 -8.226148e-03 3.330947e-04 9.999660e-01 2.189150e+01
9.999845e-01 -1.057979e-05 -5.564419e-03 1.607681e+01 1.197530e-05 1.000000e+00 2.509527e-04 -1.213333e+00 5.564329e-03 -2.510136e-04 9.999846e-01 2.240429e+01
9.999925e-01 2.577147e-05 3.876212e-03 1.631207e+01 -2.507959e-05 1.000000e+00 -1.782718e-04 -1.237795e+00 -3.876130e-03 1.781714e-04 9.999924e-01 2.298599e+01
9.999877e-01 6.835694e-06 -4.955676e-03 1.658077e+01 -5.653130e-06 1.000000e+00 2.388582e-04 -1.262846e+00 4.955591e-03 -2.388255e-04 9.999878e-01 2.354894e+01
9.998884e-01 2.089878e-04 1.493887e-02 1.676607e+01 -2.012879e-04 9.999998e-01 -5.168603e-04 -1.286196e+00 -1.493889e-02 5.137938e-04 9.998882e-01 2.416000e+01
9.999636e-01 -3.283534e-05 -8.538438e-03 1.708049e+01 3.587957e-05 9.999999e-01 3.565094e-04 -1.313085e+00 8.538338e-03 -3.568010e-04 9.999636e-01 2.474276e+01
9.999277e-01 1.926647e-04 1.201707e-02 1.729151e+01 -1.879740e-04 9.999999e-01 -3.913741e-04 -1.340519e+00 -1.201706e-02 3.890852e-04 9.999276e-01 2.548345e+01
9.999220e-01 -1.235618e-04 -1.249217e-02 1.743933e+01 1.295247e-04 9.999999e-01 4.766121e-04 -1.367707e+00 1.249202e-02 -4.781912e-04 9.999219e-01 2.629671e+01
9.999409e-01 1.388610e-04 1.087193e-02 1.772582e+01 -1.347793e-04 9.999999e-01 -3.760744e-04 -1.395614e+00 -1.087189e-02 3.745851e-04 9.999408e-01 2.695665e+01
9.999276e-01 -1.037135e-04 -1.203263e-02 1.792541e+01 1.093271e-04 9.999999e-01 4.659612e-04 -1.422486e+00 1.203249e-02 -4.672412e-04 9.999276e-01 2.768883e+01
9.999275e-01 1.970335e-04 1.203397e-02 1.802112e+01 -1.920957e-04 9.999999e-01 -4.113937e-04 -1.446662e+00 -1.203396e-02 4.090504e-04 9.999274e-01 2.844270e+01
9.999999e-01 6.812461e-05 -4.204512e-04 1.814275e+01 -6.808864e-05 1.000000e+00 8.811841e-05 -1.470382e+00 4.203690e-04 -8.808802e-05 1.000000e+00 2.914120e+01
9.998411e-01 3.186072e-04 1.781916e-02 1.823689e+01 -3.097864e-04 9.999998e-01 -4.977175e-04 -1.498612e+00 -1.781923e-02 4.921166e-04 9.998410e-01 3.005701e+01
9.998463e-01 -2.107504e-04 -1.753461e-02 1.844686e+01 2.215798e-04 9.999998e-01 6.157252e-04 -1.530867e+00 1.753439e-02 -6.195141e-04 9.998461e-01 3.100176e+01
9.998298e-01 3.065964e-04 1.844760e-02 1.881748e+01 -2.960377e-04 9.999998e-01 -5.750350e-04 -1.561542e+00 -1.844768e-02 5.694742e-04 9.998296e-01 3.166553e+01
9.998258e-01 -2.351884e-04 -1.866513e-02 1.932421e+01 2.475477e-04 9.999998e-01 6.599107e-04 -1.595109e+00 1.866488e-02 -6.644145e-04 9.998256e-01 3.225735e+01
9.998553e-01 2.694412e-04 1.700511e-02 1.968407e+01 -2.606967e-04 9.999998e-01 -5.163792e-04 -1.627766e+00 -1.700516e-02 5.118697e-04 9.998552e-01 3.301809e+01
9.998755e-01 -1.561576e-04 -1.577720e-02 1.999000e+01 1.648503e-04 9.999998e-01 5.497351e-04 -1.657761e+00 1.577702e-02 -5.522658e-04 9.998755e-01 3.373668e+01
9.995506e-01 4.312769e-04 2.997327e-02 2.043218e+01 -4.032229e-04 9.999995e-01 -9.419711e-04 -1.687193e+00 -2.997358e-02 9.294602e-04 9.995502e-01 3.425010e+01
9.997835e-01 -2.290994e-04 -2.080814e-02 2.112301e+01 2.436091e-04 9.999997e-01 6.948330e-04 -1.721599e+00 2.080788e-02 -6.997498e-04 9.997833e-01 3.462542e+01
9.994768e-01 4.548735e-04 3.234124e-02 2.174063e+01 -4.222243e-04 9.999994e-01 -1.016313e-03 -1.753548e+00 -3.234159e-02 1.002124e-03 9.994763e-01 3.499719e+01
9.996773e-01 -2.441291e-04 -2.540265e-02 2.214412e+01 2.659709e-04 9.999996e-01 8.564979e-04 -1.784744e+00 2.540234e-02 -8.629761e-04 9.996770e-01 3.563241e+01
9.995550e-01 4.321419e-04 2.982536e-02 2.248872e+01 -4.047634e-04 9.999995e-01 -9.239569e-04 -1.815224e+00 -2.982565e-02 9.114718e-04 9.995546e-01 3.632182e+01
9.997353e-01 -2.163632e-04 -2.300724e-02 2.283200e+01 2.338619e-04 9.999997e-01 7.579375e-04 -1.844265e+00 2.300698e-02 -7.631156e-04 9.997351e-01 3.695392e+01
9.995507e-01 4.325958e-04 2.996900e-02 2.314979e+01 -4.052437e-04 9.999995e-01 -9.187111e-04 -1.873025e+00 -2.996929e-02 9.061519e-04 9.995503e-01 3.761020e+01
9.996552e-01 -2.421764e-04 -2.625808e-02 2.317802e+01 2.649626e-04 9.999996e-01 8.643469e-04 -1.896437e+00 2.625777e-02 -8.710046e-04 9.996549e-01 3.842449e+01
9.996062e-01 4.107228e-04 2.805734e-02 2.322460e+01 -3.877868e-04 9.999996e-01 -8.228642e-04 -1.922996e+00 -2.805758e-02 8.116582e-04 9.996059e-01 3.934045e+01
9.996259e-01 -2.690724e-04 -2.735215e-02 2.332682e+01 2.937086e-04 9.999996e-01 8.967318e-04 -1.950597e+00 2.735180e-02 -9.044281e-04 9.996255e-01 4.023122e+01
9.996357e-01 3.708351e-04 2.698758e-02 2.349324e+01 -3.483757e-04 9.999996e-01 -8.368689e-04 -1.976165e+00 -2.698779e-02 8.271606e-04 9.996354e-01 4.094814e+01
9.995728e-01 -3.319811e-04 -2.922499e-02 2.393204e+01 3.589742e-04 9.999995e-01 9.184294e-04 -2.004055e+00 2.922458e-02 -9.285264e-04 9.995725e-01 4.139145e+01
9.996100e-01 3.951249e-04 2.792361e-02 2.430005e+01 -3.717833e-04 9.999996e-01 -8.410584e-04 -2.032090e+00 -2.792384e-02 8.303472e-04 9.996096e-01 4.194017e+01
9.996073e-01 -3.438442e-04 -2.802197e-02 2.500325e+01 3.696702e-04 9.999995e-01 9.165024e-04 -2.068836e+00 2.802155e-02 -9.264996e-04 9.996070e-01 4.239807e+01
9.995593e-01 4.232355e-04 2.968032e-02 2.577870e+01 -3.975360e-04 9.999995e-01 -8.717371e-04 -2.108606e+00 -2.968058e-02 8.595523e-04 9.995590e-01 4.288516e+01
9.996191e-01 -2.900509e-04 -2.759715e-02 2.626568e+01 3.145840e-04 9.999996e-01 8.846768e-04 -2.142502e+00 2.759679e-02 -8.930198e-04 9.996188e-01 4.352287e+01
9.996010e-01 3.413658e-04 2.824178e-02 2.700739e+01 -3.166893e-04 9.999996e-01 -8.781897e-04 -2.176825e+00 -2.824197e-02 8.688938e-04 9.996007e-01 4.382210e+01
9.996435e-01 -2.509121e-04 -2.669871e-02 2.759562e+01 2.742845e-04 9.999996e-01 8.717965e-04 -2.208874e+00 2.669839e-02 -8.788071e-04 9.996432e-01 4.424143e+01
9.995511e-01 4.171788e-04 2.995441e-02 2.796266e+01 -3.904766e-04 9.999995e-01 -8.972365e-04 -2.239953e+00 -2.995468e-02 8.851357e-04 9.995508e-01 4.492580e+01
9.996396e-01 -2.548159e-04 -2.684535e-02 2.836808e+01 2.781314e-04 9.999996e-01 8.648245e-04 -2.271028e+00 2.684503e-02 -8.719777e-04 9.996393e-01 4.555886e+01
9.996038e-01 3.769497e-04 2.814351e-02 2.869232e+01 -3.527566e-04 9.999996e-01 -8.645564e-04 -2.298569e+00 -2.814373e-02 8.542845e-04 9.996035e-01 4.614866e+01
9.995908e-01 -2.844919e-04 -2.860465e-02 2.890271e+01 3.101863e-04 9.999996e-01 8.938675e-04 -2.322420e+00 2.860430e-02 -9.023728e-04 9.995905e-01 4.673443e+01
9.995894e-01 3.889893e-04 2.865161e-02 2.913557e+01 -3.634945e-04 9.999995e-01 -8.949880e-04 -2.345644e+00 -2.865186e-02 8.842042e-04 9.995890e-01 4.726452e+01
9.996261e-01 -2.784580e-04 -2.734279e-02 2.949760e+01 3.024323e-04 9.999996e-01 8.727184e-04 -2.372348e+00 2.734244e-02 -8.806598e-04 9.996258e-01 4.776952e+01
9.995236e-01 4.412068e-04 3.086112e-02 2.983830e+01 -4.120058e-04 9.999995e-01 -9.525269e-04 -2.399675e+00 -3.086144e-02 9.393565e-04 9.995232e-01 4.833374e+01
9.996412e-01 -2.892524e-04 -2.678592e-02 3.005638e+01 3.115809e-04 9.999996e-01 8.294636e-04 -2.422568e+00 2.678558e-02 -8.375103e-04 9.996409e-01 4.887360e+01
9.993985e-01 4.807293e-04 3.467381e-02 3.021573e+01 -4.432721e-04 9.999993e-01 -1.087922e-03 -2.442483e+00 -3.467422e-02 1.071896e-03 9.993980e-01 4.937370e+01
9.994615e-01 -3.678150e-04 -3.281121e-02 3.026315e+01 4.007775e-04 9.999994e-01 9.980757e-04 -2.459144e+00 3.281073e-02 -1.010687e-03 9.994611e-01 4.986858e+01
9.992153e-01 5.667589e-04 3.960317e-02 3.045093e+01 -5.191072e-04 9.999991e-01 -1.213477e-03 -2.481207e+00 -3.960373e-02 1.191965e-03 9.992147e-01 5.042019e+01
9.995042e-01 -3.248804e-04 -3.148596e-02 3.053379e+01 3.561658e-04 9.999994e-01 9.880651e-04 -2.503898e+00 3.148553e-02 -9.987877e-04 9.995038e-01 5.113092e+01
9.991331e-01 5.903463e-04 4.162533e-02 3.064704e+01 -5.378875e-04 9.999990e-01 -1.271423e-03 -2.527507e+00 -4.162595e-02 1.247930e-03 9.991324e-01 5.184008e+01
9.994200e-01 -3.537265e-04 -3.405224e-02 3.079556e+01 3.901931e-04 9.999994e-01 1.064299e-03 -2.551610e+00 3.405174e-02 -1.076967e-03 9.994196e-01 5.252645e+01
9.990625e-01 5.994537e-04 4.328673e-02 3.111465e+01 -5.421771e-04 9.999990e-01 -1.334894e-03 -2.577760e+00 -4.328739e-02 1.310172e-03 9.990617e-01 5.307175e+01
9.994490e-01 -3.178935e-04 -3.319132e-02 3.137355e+01 3.536731e-04 9.999994e-01 1.072152e-03 -2.605545e+00 3.319087e-02 -1.083298e-03 9.994485e-01 5.377157e+01
9.991844e-01 5.562924e-04 4.037555e-02 3.147613e+01 -5.058632e-04 9.999991e-01 -1.259181e-03 -2.628918e+00 -4.037612e-02 1.237728e-03 9.991837e-01 5.448827e+01
9.993920e-01 -3.701050e-04 -3.486405e-02 3.171177e+01 4.076586e-04 9.999993e-01 1.070080e-03 -2.651081e+00 3.486353e-02 -1.083640e-03 9.993916e-01 5.497959e+01
9.991244e-01 5.673039e-04 4.183414e-02 3.209784e+01 -5.138761e-04 9.999990e-01 -1.287849e-03 -2.677058e+00 -4.183474e-02 1.265222e-03 9.991237e-01 5.542645e+01
9.996416e-01 -2.698155e-04 -2.677050e-02 3.238615e+01 2.921038e-04 9.999996e-01 8.287078e-04 -2.700895e+00 2.677017e-02 -8.362290e-04 9.996413e-01 5.592186e+01
9.986836e-01 6.920057e-04 5.128851e-02 3.256443e+01 -6.105986e-04 9.999985e-01 -1.602867e-03 -2.718843e+00 -5.128945e-02 1.569438e-03 9.986825e-01 5.631630e+01
9.992904e-01 -3.711738e-04 -3.766599e-02 3.283764e+01 4.160962e-04 9.999992e-01 1.184856e-03 -2.742954e+00 3.766542e-02 -1.199686e-03 9.992897e-01 5.684288e+01
9.988822e-01 6.387810e-04 4.726387e-02 3.322915e+01 -5.709033e-04 9.999988e-01 -1.449603e-03 -2.772130e+00 -4.726464e-02 1.420998e-03 9.988813e-01 5.742098e+01
9.993095e-01 -3.776865e-04 -3.715411e-02 3.372575e+01 4.208979e-04 9.999992e-01 1.155253e-03 -2.802459e+00 3.715355e-02 -1.170092e-03 9.993089e-01 5.790501e+01
9.988005e-01 6.733636e-04 4.895955e-02 3.394473e+01 -6.010670e-04 9.999987e-01 -1.491341e-03 -2.827624e+00 -4.896039e-02 1.460123e-03 9.987996e-01 5.854807e+01
9.991115e-01 -4.005102e-04 -4.214457e-02 3.405730e+01 4.565993e-04 9.999990e-01 1.321291e-03 -2.853124e+00 4.214390e-02 -1.339358e-03 9.991107e-01 5.933740e+01
9.986378e-01 6.887347e-04 5.217209e-02 3.419629e+01 -6.056862e-04 9.999985e-01 -1.607589e-03 -2.876879e+00 -5.217302e-02 1.573797e-03 9.986368e-01 6.002395e+01
9.991505e-01 -4.026515e-04 -4.120919e-02 3.442049e+01 4.554065e-04 9.999991e-01 1.270833e-03 -2.900938e+00 4.120854e-02 -1.288519e-03 9.991498e-01 6.061367e+01
9.989691e-01 5.887630e-04 4.539178e-02 3.457612e+01 -5.248526e-04 9.999989e-01 -1.419851e-03 -2.921370e+00 -4.539246e-02 1.394561e-03 9.989682e-01 6.114143e+01
9.989446e-01 -4.608227e-04 -4.592944e-02 3.479778e+01 5.255045e-04 9.999989e-01 1.396254e-03 -2.942482e+00 4.592865e-02 -1.418915e-03 9.989438e-01 6.159822e+01
9.990053e-01 5.883389e-04 4.458667e-02 3.500396e+01 -5.255210e-04 9.999989e-01 -1.420573e-03 -2.961548e+00 -4.458735e-02 1.395727e-03 9.990045e-01 6.198308e+01
9.992417e-01 -4.061110e-04 -3.893471e-02 3.530844e+01 4.536271e-04 9.999992e-01 1.211616e-03 -2.983476e+00 3.893409e-02 -1.228358e-03 9.992411e-01 6.236822e+01
9.989607e-01 5.959977e-04 4.557433e-02 3.550176e+01 -5.297400e-04 9.999988e-01 -1.465874e-03 -3.001831e+00 -4.557505e-02 1.440207e-03 9.989598e-01 6.275104e+01
9.990127e-01 -4.658457e-04 -4.442444e-02 3.597027e+01 5.279323e-04 9.999989e-01 1.385890e-03 -3.026846e+00 4.442364e-02 -1.407974e-03 9.990118e-01 6.303144e+01
9.990525e-01 5.887734e-04 4.351624e-02 3.630989e+01 -5.300166e-04 9.999989e-01 -1.361724e-03 -3.052541e+00 -4.351690e-02 1.337368e-03 9.990517e-01 6.352108e+01
9.989707e-01 -5.003644e-04 -4.535857e-02 3.675080e+01 5.647664e-04 9.999989e-01 1.407071e-03 -3.079694e+00 4.535772e-02 -1.431238e-03 9.989698e-01 6.392892e+01
9.990112e-01 5.802550e-04 4.445348e-02 3.746448e+01 -5.200318e-04 9.999989e-01 -1.366270e-03 -3.113168e+00 -4.445413e-02 1.341800e-03 9.990105e-01 6.422838e+01
9.991089e-01 -4.332463e-04 -4.220581e-02 3.801086e+01 4.890601e-04 9.999990e-01 1.312138e-03 -3.144319e+00 4.220510e-02 -1.331608e-03 9.991081e-01 6.466429e+01
9.990263e-01 5.609983e-04 4.411451e-02 3.871965e+01 -5.010881e-04 9.999989e-01 -1.369077e-03 -3.177453e+00 -4.411513e-02 1.345637e-03 9.990255e-01 6.495295e+01
9.992867e-01 -3.885498e-04 -3.776202e-02 3.949953e+01 4.324849e-04 9.999992e-01 1.155351e-03 -3.210631e+00 3.776144e-02 -1.170857e-03 9.992862e-01 6.515022e+01
9.989895e-01 5.741912e-04 4.493942e-02 4.031283e+01 -5.120959e-04 9.999989e-01 -1.393227e-03 -3.244181e+00 -4.494008e-02 1.368804e-03 9.989887e-01 6.531569e+01
9.989846e-01 -4.942099e-04 -4.505111e-02 4.113295e+01 5.564380e-04 9.999989e-01 1.368781e-03 -3.276576e+00 4.505028e-02 -1.392458e-03 9.989838e-01 6.542028e+01
9.988912e-01 6.164329e-04 4.707264e-02 4.193376e+01 -5.480601e-04 9.999988e-01 -1.465359e-03 -3.308490e+00 -4.707339e-02 1.437934e-03 9.988903e-01 6.553453e+01
9.990742e-01 -4.631105e-04 -4.301990e-02 4.265897e+01 5.197615e-04 9.999990e-01 1.305713e-03 -3.339408e+00 4.301915e-02 -1.326863e-03 9.990734e-01 6.571176e+01
9.990931e-01 5.423707e-04 4.257388e-02 4.331653e+01 -4.863567e-04 9.999990e-01 -1.326006e-03 -3.368418e+00 -4.257446e-02 1.304096e-03 9.990924e-01 6.589459e+01
9.990847e-01 -4.565023e-04 -4.277485e-02 4.401834e+01 5.123136e-04 9.999990e-01 1.293850e-03 -3.397896e+00 4.277412e-02 -1.314578e-03 9.990840e-01 6.603744e+01
9.986937e-01 6.675182e-04 5.109185e-02 4.450985e+01 -5.868152e-04 9.999986e-01 -1.594525e-03 -3.422116e+00 -5.109275e-02 1.562459e-03 9.986926e-01 6.626684e+01
9.990502e-01 -4.651324e-04 -4.357183e-02 4.490106e+01 5.226220e-04 9.999990e-01 1.308074e-03 -3.444106e+00 4.357108e-02 -1.329601e-03 9.990495e-01 6.653922e+01
9.985949e-01 6.914520e-04 5.298728e-02 4.538207e+01 -6.053537e-04 9.999985e-01 -1.640893e-03 -3.467987e+00 -5.298824e-02 1.606510e-03 9.985938e-01 6.676813e+01
9.990691e-01 -4.443183e-04 -4.313706e-02 4.575871e+01 5.017452e-04 9.999990e-01 1.320483e-03 -3.493118e+00 4.313633e-02 -1.340896e-03 9.990683e-01 6.718611e+01
9.986381e-01 6.916798e-04 5.216596e-02 4.673077e+01 -6.153444e-04 9.999987e-01 -1.479339e-03 -3.539568e+00 -5.216682e-02 1.445222e-03 9.986373e-01 6.768243e+01
9.986454e-01 -6.203467e-04 -5.202973e-02 4.761412e+01 7.040683e-04 9.999985e-01 1.590828e-03 -3.582310e+00 5.202856e-02 -1.625304e-03 9.986443e-01 6.815756e+01
9.987549e-01 7.285604e-04 4.987930e-02 4.765468e+01 -6.501141e-04 9.999985e-01 -1.588902e-03 -3.599884e+00 -4.988029e-02 1.554495e-03 9.987539e-01 6.869397e+01
9.991661e-01 -4.408221e-04 -4.082813e-02 4.786295e+01 4.965262e-04 9.999990e-01 1.354263e-03 -3.627566e+00 4.082739e-02 -1.373404e-03 9.991653e-01 6.945059e+01
9.985573e-01 7.389897e-04 5.369152e-02 4.824629e+01 -6.467655e-04 9.999983e-01 -1.734999e-03 -3.655188e+00 -5.369261e-02 1.697769e-03 9.985560e-01 6.996905e+01
9.990162e-01 -4.435516e-04 -4.434466e-02 4.861214e+01 5.097386e-04 9.999988e-01 1.481298e-03 -3.684133e+00 4.434385e-02 -1.502443e-03 9.990152e-01 7.056063e+01
9.989552e-01 6.063455e-04 4.569439e-02 4.887553e+01 -5.366712e-04 9.999987e-01 -1.537010e-03 -3.708288e+00 -4.569516e-02 1.510880e-03 9.989542e-01 7.108602e+01
9.993874e-01 -3.719489e-04 -3.499744e-02 4.920983e+01 4.135091e-04 9.999992e-01 1.180336e-03 -3.731232e+00 3.499687e-02 -1.194083e-03 9.993868e-01 7.147501e+01
9.983391e-01 8.043983e-04 5.760417e-02 4.952639e+01 -6.990195e-04 9.999980e-01 -1.849462e-03 -3.757192e+00 -5.760544e-02 1.806123e-03 9.983377e-01 7.201585e+01
9.990884e-01 -4.197758e-04 -4.268741e-02 4.974183e+01 4.813833e-04 9.999989e-01 1.432993e-03 -3.784094e+00 4.268666e-02 -1.452234e-03 9.990875e-01 7.272643e+01
9.983415e-01 7.727561e-04 5.756384e-02 5.012448e+01 -6.664431e-04 9.999980e-01 -1.866021e-03 -3.813304e+00 -5.756507e-02 1.824561e-03 9.983400e-01 7.331632e+01
9.994478e-01 -3.101906e-04 -3.322928e-02 5.045039e+01 3.480128e-04 9.999993e-01 1.132493e-03 -3.838410e+00 3.322881e-02 -1.143430e-03 9.994472e-01 7.381725e+01
9.988794e-01 6.235467e-04 4.732261e-02 5.075090e+01 -5.512932e-04 9.999987e-01 -1.539833e-03 -3.864678e+00 -4.732340e-02 1.512018e-03 9.988784e-01 7.439121e+01
9.994577e-01 -2.815165e-04 -3.292787e-02 5.114869e+01 3.197732e-04 9.999993e-01 1.156627e-03 -3.895853e+00 3.292742e-02 -1.166527e-03 9.994571e-01 7.503652e+01
9.989667e-01 6.358947e-04 4.544286e-02 5.147877e+01 -5.717686e-04 9.999988e-01 -1.424087e-03 -3.930788e+00 -4.544361e-02 1.396631e-03 9.989659e-01 7.592869e+01
9.991796e-01 -4.502684e-04 -4.049847e-02 5.219520e+01 5.025211e-04 9.999991e-01 1.280113e-03 -3.964984e+00 4.049776e-02 -1.299412e-03 9.991788e-01 7.625999e+01
9.989311e-01 6.346725e-04 4.621847e-02 5.287466e+01 -5.689319e-04 9.999988e-01 -1.435496e-03 -3.998923e+00 -4.621923e-02 1.407665e-03 9.989303e-01 7.663400e+01
9.993044e-01 -3.854584e-04 -3.729228e-02 5.334040e+01 4.298520e-04 9.999992e-01 1.182461e-03 -4.028976e+00 3.729169e-02 -1.197667e-03 9.993038e-01 7.714117e+01
9.991722e-01 5.384628e-04 4.067542e-02 5.380130e+01 -4.863345e-04 9.999990e-01 -1.291414e-03 -4.056567e+00 -4.067598e-02 1.270562e-03 9.991715e-01 7.754406e+01
9.991223e-01 -4.483445e-04 -4.188666e-02 5.425261e+01 5.026299e-04 9.999990e-01 1.285525e-03 -4.081499e+00 4.188594e-02 -1.305449e-03 9.991216e-01 7.783885e+01
9.986346e-01 7.238031e-04 5.223332e-02 5.460382e+01 -6.415289e-04 9.999985e-01 -1.591848e-03 -4.108871e+00 -5.223429e-02 1.556164e-03 9.986336e-01 7.838883e+01
9.991525e-01 -4.031741e-04 -4.116069e-02 5.493366e+01 4.568501e-04 9.999991e-01 1.294705e-03 -4.138422e+00 4.116003e-02 -1.312411e-03 9.991517e-01 7.906349e+01
9.988588e-01 6.389534e-04 4.775468e-02 5.523741e+01 -5.693145e-04 9.999988e-01 -1.471817e-03 -4.165911e+00 -4.775546e-02 1.442949e-03 9.988580e-01 7.967941e+01
9.989786e-01 -4.989013e-04 -4.518367e-02 5.580212e+01 5.603676e-04 9.999989e-01 1.347747e-03 -4.192604e+00 4.518285e-02 -1.371689e-03 9.989778e-01 7.989371e+01
9.986641e-01 6.943670e-04 5.166662e-02 5.664009e+01 -6.141349e-04 9.999986e-01 -1.568710e-03 -4.226896e+00 -5.166754e-02 1.534883e-03 9.986631e-01 8.005558e+01
9.992063e-01 -4.173329e-04 -3.983356e-02 5.727988e+01 4.660859e-04 9.999992e-01 1.214684e-03 -4.258895e+00 3.983292e-02 -1.232284e-03 9.992056e-01 8.040176e+01
9.990396e-01 5.829637e-04 4.381133e-02 5.786123e+01 -5.251150e-04 9.999990e-01 -1.331866e-03 -4.290014e+00 -4.381197e-02 1.307579e-03 9.990389e-01 8.078453e+01
9.991510e-01 -4.497903e-04 -4.119631e-02 5.856003e+01 5.010201e-04 9.999991e-01 1.233280e-03 -4.321643e+00 4.119562e-02 -1.252871e-03 9.991504e-01 8.102513e+01
9.990665e-01 5.682379e-04 4.319460e-02 5.922315e+01 -5.129198e-04 9.999990e-01 -1.291708e-03 -4.353680e+00 -4.319520e-02 1.268345e-03 9.990658e-01 8.133424e+01
9.991838e-01 -3.969117e-04 -4.039540e-02 5.967165e+01 4.470372e-04 9.999991e-01 1.231890e-03 -4.383678e+00 4.039477e-02 -1.248941e-03 9.991831e-01 8.185760e+01
9.991887e-01 5.081032e-04 4.026876e-02 6.006889e+01 -4.599461e-04 9.999992e-01 -1.205106e-03 -4.411873e+00 -4.026924e-02 1.185606e-03 9.991881e-01 8.236895e+01
9.991546e-01 -4.065774e-04 -4.110929e-02 6.046163e+01 4.575563e-04 9.999991e-01 1.230725e-03 -4.438609e+00 4.110866e-02 -1.248493e-03 9.991539e-01 8.282456e+01
9.990795e-01 5.583669e-04 4.289138e-02 6.086489e+01 -5.068162e-04 9.999991e-01 -1.212717e-03 -4.471342e+00 -4.289192e-02 1.189862e-03 9.990790e-01 8.352603e+01
9.991306e-01 -4.128953e-04 -4.168951e-02 6.130569e+01 4.649947e-04 9.999991e-01 1.240053e-03 -4.504478e+00 4.168886e-02 -1.258358e-03 9.991299e-01 8.419351e+01
9.990312e-01 5.800250e-04 4.400266e-02 6.178555e+01 -5.239132e-04 9.999990e-01 -1.286677e-03 -4.535226e+00 -4.400326e-02 1.262376e-03 9.990305e-01 8.470144e+01
9.986952e-01 -4.688338e-04 -5.106708e-02 6.192550e+01 5.449194e-04 9.999988e-01 1.476036e-03 -4.559506e+00 5.106623e-02 -1.501936e-03 9.986942e-01 8.539529e+01
9.988557e-01 5.783727e-04 4.782105e-02 6.205267e+01 -5.131932e-04 9.999989e-01 -1.375221e-03 -4.583349e+00 -4.782169e-02 1.349104e-03 9.988549e-01 8.608986e+01
9.990835e-01 -3.709569e-04 -4.280451e-02 6.220768e+01 4.235549e-04 9.999992e-01 1.219774e-03 -4.606044e+00 4.280392e-02 -1.236784e-03 9.990828e-01 8.671008e+01
9.988737e-01 5.923257e-04 4.744426e-02 6.233380e+01 -5.299328e-04 9.999990e-01 -1.327611e-03 -4.630332e+00 -4.744490e-02 1.300972e-03 9.988730e-01 8.743527e+01
9.991385e-01 -3.674383e-04 -4.150023e-02 6.252135e+01 4.158621e-04 9.999992e-01 1.158247e-03 -4.654605e+00 4.149968e-02 -1.174506e-03 9.991379e-01 8.808234e+01
9.989160e-01 5.761683e-04 4.654369e-02 6.272318e+01 -5.162087e-04 9.999990e-01 -1.300218e-03 -4.678707e+00 -4.654429e-02 1.274781e-03 9.989154e-01 8.870115e+01
9.988143e-01 -4.670213e-04 -4.868121e-02 6.279381e+01 5.324959e-04 9.999990e-01 1.332042e-03 -4.698118e+00 4.868044e-02 -1.356384e-03 9.988135e-01 8.928541e+01
9.988488e-01 6.157999e-04 4.796376e-02 6.274394e+01 -5.532807e-04 9.999990e-01 -1.316702e-03 -4.716548e+00 -4.796443e-02 1.288647e-03 9.988482e-01 8.998553e+01
9.989367e-01 -4.067767e-04 -4.610194e-02 6.270389e+01 4.675561e-04 9.999990e-01 1.307631e-03 -4.738830e+00 4.610126e-02 -1.327794e-03 9.989359e-01 9.084870e+01
9.990271e-01 5.798661e-04 4.409536e-02 6.269212e+01 -5.266528e-04 9.999991e-01 -1.218350e-03 -4.760764e+00 -4.409593e-02 1.193940e-03 9.990265e-01 9.164775e+01
9.989077e-01 -4.067474e-04 -4.672628e-02 6.264362e+01 4.679456e-04 9.999990e-01 1.298823e-03 -4.780493e+00 4.672561e-02 -1.319268e-03 9.989069e-01 9.240562e+01
9.992090e-01 5.450928e-04 3.976023e-02 6.245052e+01 -4.997143e-04 9.999992e-01 -1.151195e-03 -4.791309e+00 -3.976072e-02 1.130414e-03 9.992085e-01 9.292236e+01
9.989023e-01 -4.014217e-04 -4.684225e-02 6.243657e+01 4.626277e-04 9.999991e-01 1.295843e-03 -4.808872e+00 4.684159e-02 -1.316090e-03 9.989015e-01 9.352931e+01
9.992915e-01 5.410603e-04 3.763177e-02 6.249024e+01 -5.006592e-04 9.999993e-01 -1.082966e-03 -4.828209e+00 -3.763223e-02 1.063357e-03 9.992910e-01 9.412795e+01
9.990298e-01 -4.229006e-04 -4.403839e-02 6.250816e+01 4.768422e-04 9.999991e-01 1.214415e-03 -4.846478e+00 4.403774e-02 -1.234235e-03 9.990291e-01 9.472220e+01
9.993530e-01 4.771596e-04 3.596087e-02 6.232297e+01 -4.371555e-04 9.999993e-01 -1.120249e-03 -4.851640e+00 -3.596128e-02 1.103802e-03 9.993525e-01 9.497659e+01
9.991152e-01 -3.727271e-04 -4.205691e-02 6.234793e+01 4.255510e-04 9.999991e-01 1.247101e-03 -4.870309e+00 4.205631e-02 -1.263894e-03 9.991145e-01 9.557996e+01
9.994156e-01 4.607527e-04 3.417744e-02 6.252232e+01 -4.253504e-04 9.999994e-01 -1.043058e-03 -4.892825e+00 -3.417780e-02 1.027910e-03 9.994152e-01 9.615474e+01
9.988565e-01 -3.807946e-04 -4.780882e-02 6.291657e+01 4.461850e-04 9.999990e-01 1.357114e-03 -4.914939e+00 4.780816e-02 -1.376893e-03 9.988556e-01 9.642589e+01
9.995197e-01 5.018629e-04 3.098399e-02 6.329013e+01 -4.720140e-04 9.999994e-01 -9.706271e-04 -4.935485e+00 -3.098436e-02 9.555347e-04 9.995194e-01 9.667020e+01
9.992353e-01 -4.740913e-04 -3.909750e-02 6.372653e+01 5.195960e-04 9.999992e-01 1.153762e-03 -4.959708e+00 3.909682e-02 -1.173193e-03 9.992348e-01 9.696194e+01
9.994674e-01 5.098508e-04 3.262862e-02 6.416392e+01 -4.745024e-04 9.999993e-01 -1.091048e-03 -4.978249e+00 -3.262905e-02 1.074983e-03 9.994669e-01 9.701834e+01
9.992525e-01 -4.818008e-04 -3.865601e-02 6.456224e+01 5.268455e-04 9.999992e-01 1.155130e-03 -4.997433e+00 3.865532e-02 -1.174631e-03 9.992520e-01 9.715402e+01
9.992891e-01 5.553777e-04 3.769360e-02 6.511306e+01 -5.129717e-04 9.999992e-01 -1.134647e-03 -5.026072e+00 -3.769410e-02 1.114503e-03 9.992887e-01 9.747180e+01
9.991713e-01 -5.378653e-04 -4.070132e-02 6.577922e+01 5.873919e-04 9.999991e-01 1.204918e-03 -5.056172e+00 4.070053e-02 -1.227825e-03 9.991707e-01 9.769104e+01
9.993836e-01 5.160415e-04 3.510141e-02 6.644248e+01 -4.791272e-04 9.999993e-01 -1.060016e-03 -5.086037e+00 -3.510183e-02 1.042543e-03 9.993831e-01 9.790261e+01
9.992556e-01 -5.289919e-04 -3.857450e-02 6.718618e+01 5.742914e-04 9.999992e-01 1.163304e-03 -5.118301e+00 3.857375e-02 -1.184590e-03 9.992551e-01 9.810863e+01
9.993304e-01 5.342919e-04 3.658329e-02 6.805775e+01 -4.947915e-04 9.999993e-01 -1.088747e-03 -5.154324e+00 -3.658375e-02 1.069916e-03 9.993300e-01 9.829914e+01
9.992754e-01 -5.619965e-04 -3.805742e-02 6.921201e+01 6.080117e-04 9.999991e-01 1.197576e-03 -5.198647e+00 3.805662e-02 -1.219847e-03 9.992749e-01 9.846037e+01
9.992526e-01 5.687144e-04 3.865001e-02 7.059080e+01 -5.262673e-04 9.999992e-01 -1.108377e-03 -5.250797e+00 -3.865051e-02 1.087207e-03 9.992521e-01 9.864829e+01
9.993578e-01 -4.987345e-04 -3.583109e-02 7.219003e+01 5.412242e-04 9.999992e-01 1.176184e-03 -5.309420e+00 3.583037e-02 -1.194820e-03 9.993572e-01 9.881342e+01
9.993160e-01 4.952865e-04 3.697593e-02 7.389852e+01 -4.573783e-04 9.999994e-01 -1.033630e-03 -5.371579e+00 -3.697632e-02 1.016010e-03 9.993156e-01 9.897511e+01
9.992861e-01 -5.391479e-04 -3.777741e-02 7.507739e+01 5.821220e-04 9.999992e-01 1.126608e-03 -5.415585e+00 3.777667e-02 -1.147793e-03 9.992856e-01 9.909238e+01
9.994343e-01 4.426211e-04 3.362718e-02 7.583968e+01 -4.083152e-04 9.999994e-01 -1.027006e-03 -5.446720e+00 -3.362751e-02 1.012694e-03 9.994339e-01 9.922934e+01
9.994032e-01 -5.407865e-04 -3.453956e-02 7.723744e+01 5.818431e-04 9.999991e-01 1.178684e-03 -5.497342e+00 3.453880e-02 -1.198076e-03 9.994027e-01 9.935697e+01
9.992444e-01 5.956752e-04 3.886092e-02 7.918184e+01 -5.545165e-04 9.999993e-01 -1.069865e-03 -5.565022e+00 -3.886143e-02 1.047506e-03 9.992440e-01 9.946623e+01
9.992843e-01 -5.742656e-04 -3.782482e-02 8.018114e+01 6.164128e-04 9.999992e-01 1.102659e-03 -5.605313e+00 3.782406e-02 -1.125184e-03 9.992838e-01 9.970173e+01
9.992914e-01 5.471275e-04 3.763285e-02 8.099241e+01 -5.062134e-04 9.999993e-01 -1.096677e-03 -5.637945e+00 -3.763332e-02 1.076848e-03 9.992910e-01 9.987230e+01
9.992939e-01 -6.320599e-04 -3.756775e-02 8.262771e+01 6.799330e-04 9.999990e-01 1.261589e-03 -5.695136e+00 3.756681e-02 -1.286241e-03 9.992933e-01 9.996492e+01
9.993211e-01 4.744471e-04 3.683640e-02 8.458322e+01 -4.378139e-04 9.999994e-01 -1.002510e-03 -5.762820e+00 -3.683675e-02 9.857012e-04 9.993208e-01 1.000733e+02
9.992678e-01 -6.752489e-04 -3.825526e-02 8.672967e+01 7.264631e-04 9.999989e-01 1.324899e-03 -5.835633e+00 3.825422e-02 -1.351719e-03 9.992672e-01 1.001467e+02
9.993529e-01 4.055480e-04 3.596625e-02 8.885916e+01 -3.694886e-04 9.999994e-01 -1.009198e-03 -5.905894e+00 -3.596654e-02 9.952544e-04 9.993524e-01 1.001421e+02
9.992238e-01 -7.178488e-04 -3.938826e-02 9.110834e+01 7.724671e-04 9.999988e-01 1.371499e-03 -5.979100e+00 3.938712e-02 -1.400859e-03 9.992231e-01 1.000920e+02
9.993956e-01 3.458686e-04 3.476007e-02 9.350718e+01 -3.126511e-04 9.999995e-01 -9.610160e-04 -6.058702e+00 -3.476029e-02 9.495661e-04 9.993952e-01 1.001059e+02
9.992544e-01 -6.679591e-04 -3.860315e-02 9.599583e+01 7.228972e-04 9.999987e-01 1.409247e-03 -6.142549e+00 3.860206e-02 -1.436101e-03 9.992537e-01 1.001773e+02
9.993502e-01 3.826954e-04 3.604175e-02 9.851798e+01 -3.476212e-04 9.999995e-01 -9.793826e-04 -6.227954e+00 -3.604200e-02 9.662161e-04 9.993498e-01 1.002734e+02
9.991888e-01 -6.605993e-04 -4.026755e-02 1.006465e+02 7.167059e-04 9.999988e-01 1.378958e-03 -6.304435e+00 4.026649e-02 -1.406698e-03 9.991880e-01 1.005167e+02
9.993052e-01 4.044962e-04 3.726624e-02 1.028397e+02 -3.673919e-04 9.999994e-01 -1.002466e-03 -6.381772e+00 -3.726653e-02 9.880770e-04 9.993048e-01 1.007169e+02
9.992708e-01 -5.978399e-04 -3.817768e-02 1.054273e+02 6.523566e-04 9.999988e-01 1.415568e-03 -6.470383e+00 3.817669e-02 -1.439440e-03 9.992700e-01 1.008531e+02
9.993728e-01 3.155148e-04 3.540949e-02 1.081500e+02 -2.829411e-04 9.999995e-01 -9.248879e-04 -6.563806e+00 -3.540966e-02 9.142878e-04 9.993724e-01 1.009997e+02
9.992459e-01 -6.314708e-04 -3.882441e-02 1.110583e+02 6.891418e-04 9.999987e-01 1.472101e-03 -6.661713e+00 3.882333e-02 -1.497745e-03 9.992450e-01 1.010854e+02
9.993318e-01 3.512203e-04 3.654873e-02 1.137389e+02 -3.140916e-04 9.999994e-01 -1.021574e-03 -6.751516e+00 -3.654897e-02 1.009410e-03 9.993313e-01 1.011417e+02
9.992150e-01 -6.093862e-04 -3.961196e-02 1.159834e+02 6.655298e-04 9.999988e-01 1.404201e-03 -6.827307e+00 3.961096e-02 -1.429460e-03 9.992142e-01 1.011955e+02
9.994044e-01 2.906491e-04 3.450669e-02 1.180481e+02 -2.550935e-04 9.999994e-01 -1.034764e-03 -6.899132e+00 -3.450687e-02 1.025344e-03 9.994039e-01 1.013166e+02
9.992613e-01 -5.898653e-04 -3.842551e-02 1.202844e+02 6.454314e-04 9.999988e-01 1.433719e-03 -6.976124e+00 3.842452e-02 -1.457460e-03 9.992605e-01 1.014389e+02
9.992942e-01 4.039131e-04 3.756187e-02 1.226043e+02 -3.633082e-04 9.999993e-01 -1.087804e-03 -7.055852e+00 -3.756218e-02 1.073388e-03 9.992937e-01 1.015640e+02
9.991505e-01 -6.662886e-04 -4.120569e-02 1.248559e+02 7.284504e-04 9.999986e-01 1.493608e-03 -7.134485e+00 4.120454e-02 -1.522354e-03 9.991496e-01 1.017291e+02
9.993066e-01 3.484852e-04 3.722921e-02 1.273169e+02 -3.093854e-04 9.999994e-01 -1.055972e-03 -7.218851e+00 -3.722946e-02 1.043721e-03 9.993061e-01 1.018562e+02
9.992348e-01 -5.867701e-04 -3.910866e-02 1.299169e+02 6.454241e-04 9.999987e-01 1.487194e-03 -7.306353e+00 3.910763e-02 -1.511296e-03 9.992339e-01 1.019251e+02
9.993198e-01 3.299517e-04 3.687547e-02 1.324677e+02 -2.908557e-04 9.999994e-01 -1.065547e-03 -7.392120e+00 -3.687570e-02 1.054096e-03 9.993193e-01 1.019834e+02
9.991536e-01 -6.625045e-04 -4.113027e-02 1.351556e+02 7.276295e-04 9.999985e-01 1.568466e-03 -7.482984e+00 4.112907e-02 -1.597064e-03 9.991526e-01 1.020713e+02
9.992754e-01 3.801107e-04 3.805749e-02 1.377306e+02 -3.382730e-04 9.999993e-01 -1.105735e-03 -7.572155e+00 -3.805778e-02 1.092059e-03 9.992749e-01 1.022476e+02
9.991556e-01 -6.486017e-04 -4.108207e-02 1.403946e+02 7.150179e-04 9.999985e-01 1.602027e-03 -7.664416e+00 4.108087e-02 -1.630047e-03 9.991545e-01 1.024353e+02
9.992882e-01 3.394152e-04 3.772247e-02 1.431509e+02 -2.983603e-04 9.999994e-01 -1.093937e-03 -7.759049e+00 -3.772272e-02 1.081902e-03 9.992876e-01 1.025953e+02
9.991386e-01 -6.020840e-04 -4.149333e-02 1.453526e+02 6.650074e-04 9.999986e-01 1.502712e-03 -7.837745e+00 4.149227e-02 -1.529010e-03 9.991377e-01 1.028348e+02
9.993373e-01 3.630916e-04 3.639741e-02 1.470822e+02 -3.209331e-04 9.999993e-01 -1.164091e-03 -7.903469e+00 -3.639770e-02 1.151638e-03 9.993367e-01 1.031516e+02
9.991340e-01 -6.674211e-04 -4.160360e-02 1.492581e+02 7.337285e-04 9.999985e-01 1.578569e-03 -7.980532e+00 4.160239e-02 -1.607727e-03 9.991330e-01 1.033474e+02
9.992571e-01 3.988064e-04 3.853671e-02 1.516453e+02 -3.540547e-04 9.999993e-01 -1.168066e-03 -8.062703e+00 -3.853704e-02 1.153553e-03 9.992565e-01 1.034806e+02
9.991305e-01 -6.390482e-04 -4.168787e-02 1.537313e+02 7.027902e-04 9.999986e-01 1.514423e-03 -8.134051e+00 4.168675e-02 -1.542402e-03 9.991296e-01 1.035627e+02
9.992604e-01 3.907949e-04 3.844934e-02 1.555260e+02 -3.428338e-04 9.999992e-01 -1.253942e-03 -8.195346e+00 -3.844969e-02 1.239832e-03 9.992597e-01 1.036243e+02
9.991351e-01 -6.216064e-04 -4.157862e-02 1.572197e+02 6.843560e-04 9.999986e-01 1.494990e-03 -8.252601e+00 4.157753e-02 -1.522151e-03 9.991342e-01 1.036527e+02
9.992705e-01 3.497382e-04 3.818770e-02 1.591256e+02 -3.036511e-04 9.999992e-01 -1.212625e-03 -8.316388e+00 -3.818799e-02 1.200144e-03 9.992698e-01 1.036720e+02
9.991553e-01 -6.077510e-04 -4.109046e-02 1.613168e+02 6.725760e-04 9.999986e-01 1.563841e-03 -8.389024e+00 4.108935e-02 -1.590155e-03 9.991543e-01 1.036744e+02
9.993243e-01 3.071984e-04 3.675202e-02 1.633274e+02 -2.616602e-04 9.999992e-01 -1.243843e-03 -8.455558e+00 -3.675227e-02 1.233384e-03 9.993236e-01 1.036484e+02
9.991498e-01 -5.907291e-04 -4.122445e-02 1.651448e+02 6.541961e-04 9.999986e-01 1.526102e-03 -8.515973e+00 4.122340e-02 -1.551773e-03 9.991488e-01 1.036243e+02
9.992526e-01 3.533532e-04 3.865302e-02 1.670405e+02 -3.049206e-04 9.999992e-01 -1.258873e-03 -8.579274e+00 -3.865333e-02 1.246145e-03 9.992518e-01 1.036358e+02
