9.999984e-01 -1.269396e-05 -1.778618e-03 6.468439e-01 1.291795e-05 1.000000e+00 1.259316e-04 -3.428907e-02 1.778617e-03 -1.259548e-04 9.999985e-01 4.270054e-01
9.999987e-01 -2.296007e-05 1.588513e-03 1.852988e+00 2.273277e-05 1.000000e+00 1.431176e-04 -9.162282e-02 -1.588516e-03 -1.430808e-04 9.999986e-01 1.073134e+00
9.999975e-01 -1.151587e-05 -2.216026e-03 2.881344e+00 1.170975e-05 1.000000e+00 8.748418e-05 -1.423761e-01 2.216025e-03 -8.751046e-05 9.999976e-01 1.681982e+00
9.999999e-01 -2.088736e-05 4.549774e-04 3.797940e+00 2.082575e-05 1.000000e+00 1.354572e-04 -1.885458e-01 -4.549806e-04 -1.354472e-04 9.999998e-01 2.240137e+00
9.999657e-01 -2.022032e-05 -8.286341e-03 4.364888e+00 2.068133e-05 1.000000e+00 5.555156e-05 -2.155147e-01 8.286341e-03 -5.572161e-05 9.999658e-01 2.463569e+00
9.999929e-01 -6.014550e-05 3.771668e-03 5.043410e+00 6.008670e-05 1.000000e+00 1.571136e-05 -2.413312e-01 -3.771671e-03 -1.548403e-05 9.999928e-01 2.491261e+00
9.999474e-01 -2.863747e-05 -1.025925e-02 5.701228e+00 2.986390e-05 1.000000e+00 1.193924e-04 -2.681128e-01 1.025925e-02 -1.196931e-04 9.999475e-01 2.586326e+00
1.000000e+00 5.209996e-05 -2.565759e-04 5.960713e+00 -5.206522e-05 1.000000e+00 1.353047e-04 -2.907189e-01 2.565796e-04 -1.352907e-04 9.999999e-01 3.056043e+00
9.999643e-01 -2.747946e-05 -8.455378e-03 6.188314e+00 2.854490e-05 1.000000e+00 1.258899e-04 -3.162395e-01 8.455379e-03 -1.261274e-04 9.999643e-01 3.681292e+00
9.999997e-01 5.547665e-05 7.423205e-04 6.475836e+00 -5.554544e-05 1.000000e+00 9.269694e-05 -3.404472e-01 -7.423203e-04 -9.273747e-05 9.999996e-01 4.179018e+00
9.999958e-01 -3.585955e-05 -2.912001e-03 6.884907e+00 3.567126e-05 1.000000e+00 -6.470161e-05 -3.634697e-01 2.912009e-03 6.459678e-05 9.999959e-01 4.452662e+00
9.999841e-01 1.259876e-04 5.644567e-03 7.398356e+00 -1.258482e-04 1.000000e+00 -2.504586e-05 -3.904315e-01 -5.644575e-03 2.433577e-05 9.999840e-01 4.752731e+00
9.999409e-01 -1.415084e-04 -1.086823e-02 7.634891e+00 1.430513e-04 1.000000e+00 1.411952e-04 -4.123388e-01 1.086822e-02 -1.427423e-04 9.999410e-01 5.217369e+00
9.999891e-01 1.626912e-04 4.676667e-03 7.810693e+00 -1.629273e-04 1.000000e+00 5.010347e-05 -4.373032e-01 -4.676665e-03 -5.086417e-05 9.999890e-01 5.889721e+00
9.998585e-01 -1.026443e-04 -1.681912e-02 8.082021e+00 1.082077e-04 9.999999e-01 3.298728e-04 -4.654343e-01 1.681910e-02 -3.316468e-04 9.998586e-01 6.574805e+00
9.999996e-01 1.975141e-04 -9.183536e-04 8.471198e+00 -1.974087e-04 1.000000e+00 1.147489e-04 -4.885803e-01 9.183673e-04 -1.145668e-04 9.999995e-01 6.903079e+00
9.999190e-01 -1.902370e-04 -1.272688e-02 8.761983e+00 1.911794e-04 1.000000e+00 7.283520e-05 -5.009290e-01 1.272688e-02 -7.526322e-05 9.999191e-01 6.898898e+00
9.999931e-01 2.350642e-04 -3.697660e-03 9.009137e+00 -2.343337e-04 1.000000e+00 1.979840e-04 -5.123412e-01 3.697695e-03 -1.971153e-04 9.999930e-01 6.912584e+00
9.999467e-01 -2.192088e-04 -1.032314e-02 9.239336e+00 2.189271e-04 1.000000e+00 -2.841980e-05 -5.175284e-01 1.032316e-02 2.615743e-05 9.999468e-01 6.691775e+00
9.999639e-01 3.035876e-04 -8.493298e-03 9.655745e+00 -2.999858e-04 9.999999e-01 4.253340e-04 -5.346449e-01 8.493411e-03 -4.227699e-04 9.999637e-01 6.740877e+00
9.999853e-01 -2.986771e-04 5.421093e-03 1.007285e+01 3.011357e-04 9.999999e-01 -4.527258e-04 -5.518517e-01 -5.420942e-03 4.543507e-04 9.999853e-01 6.774804e+00
9.999876e-01 3.639849e-04 -4.971893e-03 1.034783e+01 -3.620731e-04 9.999999e-01 3.853862e-04 -5.706506e-01 4.972017e-03 -3.835804e-04 9.999875e-01 7.055061e+00
9.999996e-01 -3.632072e-04 -7.836005e-04 1.067446e+01 3.629690e-04 9.999999e-01 -3.040240e-04 -5.894217e-01 7.837270e-04 3.037386e-04 9.999997e-01 7.265644e+00
9.999041e-01 3.976710e-04 -1.384105e-02 1.103220e+01 -3.883339e-04 9.999997e-01 6.772640e-04 -6.129738e-01 1.384130e-02 -6.718232e-04 9.999039e-01 7.639467e+00
9.999995e-01 -3.788467e-04 8.867143e-04 1.142428e+01 3.791616e-04 9.999999e-01 -3.550715e-04 -6.371486e-01 -8.865608e-04 3.554066e-04 9.999996e-01 7.994704e+00
9.999569e-01 3.461559e-04 -9.281349e-03 1.177392e+01 -3.409316e-04 9.999998e-01 5.644478e-04 -6.610988e-01 9.281523e-03 -5.612581e-04 9.999567e-01 8.388284e+00
9.999963e-01 -3.574182e-04 -2.697909e-03 1.214710e+01 3.567834e-04 9.999999e-01 -2.357167e-04 -6.880292e-01 2.698014e-03 2.347522e-04 9.999964e-01 8.873607e+00
9.999837e-01 2.759556e-04 -5.702714e-03 1.274495e+01 -2.733837e-04 9.999999e-01 4.517436e-04 -7.167582e-01 5.702816e-03 -4.501762e-04 9.999835e-01 9.134110e+00
9.999984e-01 -4.151530e-04 1.753800e-03 1.323456e+01 4.160395e-04 9.999998e-01 -5.052028e-04 -7.307386e-01 -1.753568e-03 5.059306e-04 9.999984e-01 8.913373e+00
9.999904e-01 8.110742e-05 -4.386321e-03 1.276824e+01 -8.009332e-05 1.000000e+00 2.313421e-04 -6.995985e-01 4.386318e-03 -2.309876e-04 9.999903e-01 7.827769e+00
9.999921e-01 -5.311066e-04 3.928231e-03 1.207882e+01 5.336563e-04 9.999996e-01 -6.480843e-04 -6.520041e-01 -3.927863e-03 6.501746e-04 9.999922e-01 6.270930e+00
9.999874e-01 3.506240e-05 -5.014747e-03 1.134861e+01 -3.395074e-05 1.000000e+00 2.217397e-04 -5.999893e-01 5.014732e-03 -2.215657e-04 9.999873e-01 4.554372e+00
9.999984e-01 -1.995116e-04 -1.784105e-03 1.160795e+01 1.990042e-04 9.999999e-01 -2.845029e-04 -6.019082e-01 1.784185e-03 2.841465e-04 9.999985e-01 4.090669e+00
9.999994e-01 -2.374127e-04 1.059633e-03 1.091127e+01 2.375236e-04 1.000000e+00 -1.043710e-04 -5.568939e-01 -1.059632e-03 1.046235e-04 9.999993e-01 2.661056e+00
9.999988e-01 -2.096795e-04 -1.563951e-03 1.018031e+01 2.092112e-04 9.999999e-01 -2.994699e-04 -5.096441e-01 1.564037e-03 2.991415e-04 9.999988e-01 1.178011e+00
9.999989e-01 -2.869908e-04 1.479597e-03 9.370110e+00 2.871937e-04 9.999999e-01 -1.368421e-04 -4.568878e-01 -1.479580e-03 1.372677e-04 9.999988e-01 -4.678642e-01
9.999985e-01 -2.977545e-04 -1.711012e-03 8.385635e+00 2.971839e-04 9.999999e-01 -3.336750e-04 -3.943890e-01 1.711135e-03 3.331653e-04 9.999986e-01 -2.358246e+00
9.999995e-01 -2.172139e-04 1.024101e-03 7.520168e+00 2.173139e-04 1.000000e+00 -9.738665e-05 -3.396581e-01 -1.024103e-03 9.760989e-05 9.999994e-01 -4.028897e+00
9.999984e-01 -2.577423e-04 -1.766941e-03 6.783309e+00 2.571476e-04 9.999999e-01 -3.367593e-04 -2.892794e-01 1.767051e-03 3.363037e-04 9.999985e-01 -5.645974e+00
9.999984e-01 -2.960738e-04 1.742644e-03 5.892428e+00 2.963341e-04 9.999999e-01 -1.490594e-04 -2.289094e-01 -1.742623e-03 1.495762e-04 9.999984e-01 -7.532119e+00
9.999991e-01 -2.797022e-04 -1.344423e-03 4.933371e+00 2.792338e-04 9.999999e-01 -3.485076e-04 -1.652679e-01 1.344544e-03 3.481313e-04 9.999991e-01 -9.485577e+00
9.999973e-01 -2.064536e-04 2.294858e-03 4.157258e+00 2.067648e-04 1.000000e+00 -1.353269e-04 -1.096807e-01 -2.294853e-03 1.358016e-04 9.999973e-01 -1.126737e+01
9.999994e-01 -1.785850e-04 -1.121713e-03 3.479972e+00 1.782784e-04 9.999999e-01 -2.733565e-04 -6.556792e-02 1.121785e-03 2.731558e-04 9.999994e-01 -1.263821e+01
9.999970e-01 -2.468055e-04 2.453206e-03 2.762163e+00 2.472337e-04 1.000000e+00 -1.742146e-04 -1.602521e-02 -2.453186e-03 1.748211e-04 9.999969e-01 -1.420688e+01
9.999991e-01 -1.817115e-04 -1.332247e-03 2.077602e+00 1.813333e-04 9.999999e-01 -2.839652e-04 3.399557e-02 1.332321e-03 2.837229e-04 9.999992e-01 -1.583874e+01
9.999995e-01 -2.293003e-04 9.865498e-04 1.433441e+00 2.294375e-04 1.000000e+00 -1.388770e-04 8.003534e-02 -9.865409e-04 1.391037e-04 9.999994e-01 -1.735191e+01
9.999958e-01 -1.893877e-04 -2.901908e-03 7.302233e-01 1.886854e-04 1.000000e+00 -2.422525e-04 1.263790e-01 2.901977e-03 2.417036e-04 9.999959e-01 -1.881668e+01
9.999981e-01 -3.561266e-04 1.912968e-03 -1.982164e-01 3.565222e-04 9.999999e-01 -2.064041e-04 1.855253e-01 -1.912918e-03 2.070861e-04 9.999981e-01 -2.061154e+01
9.999700e-01 -1.318033e-05 -7.752056e-03 -8.930143e-01 1.289914e-05 1.000000e+00 -3.631543e-05 2.272952e-01 7.752080e-03 3.621401e-05 9.999701e-01 -2.188205e+01
9.999647e-01 -1.669658e-04 -8.400854e-03 -1.343195e+00 1.677393e-04 1.000000e+00 9.136943e-05 2.523913e-01 8.400813e-03 -9.277503e-05 9.999646e-01 -2.268413e+01
9.999489e-01 3.755447e-05 -1.010692e-02 -1.599138e+00 -3.725794e-05 1.000000e+00 2.953466e-05 2.700048e-01 1.010694e-02 -2.915693e-05 9.999490e-01 -2.338174e+01
9.999215e-01 9.837398e-06 -1.253338e-02 -1.509679e+00 -5.454194e-06 9.999999e-01 3.497512e-04 2.684091e-01 1.253335e-02 -3.496550e-04 9.999213e-01 -2.360436e+01
9.998819e-01 1.452467e-04 -1.536940e-02 -1.127456e+00 -1.404863e-04 9.999999e-01 3.108156e-04 2.491919e-01 1.536948e-02 -3.086201e-04 9.998819e-01 -2.342505e+01
9.999278e-01 -2.880554e-05 -1.201459e-02 -9.242590e-01 3.147666e-05 1.000000e+00 2.221256e-04 2.417980e-01 1.201455e-02 -2.224872e-04 9.999277e-01 -2.352498e+01
9.998598e-01 1.945872e-04 -1.674105e-02 -5.155337e-01 -1.865379e-04 9.999999e-01 4.823793e-04 2.218262e-01 1.674117e-02 -4.791894e-04 9.998598e-01 -2.334264e+01
9.998518e-01 3.959788e-05 -1.721747e-02 -1.884366e-01 -3.350617e-05 9.999999e-01 3.540900e-04 2.042409e-01 1.721744e-02 -3.534600e-04 9.998516e-01 -2.314828e+01
9.999071e-01 1.494257e-04 -1.363257e-02 1.690102e-01 -1.440865e-04 9.999999e-01 3.926438e-04 1.860305e-01 1.363267e-02 -3.906437e-04 9.999071e-01 -2.297165e+01
9.998200e-01 4.826237e-05 -1.897264e-02 5.314547e-01 -4.096497e-05 9.999999e-01 3.850060e-04 1.685627e-01 1.897261e-02 -3.841588e-04 9.998198e-01 -2.283120e+01
9.998471e-01 1.899489e-04 -1.748802e-02 9.311838e-01 -1.804655e-04 9.999998e-01 5.438698e-04 1.488133e-01 1.748817e-02 -5.406314e-04 9.998470e-01 -2.263943e+01
9.997943e-01 9.609789e-05 -2.027978e-02 1.289055e+00 -8.717681e-05 9.999999e-01 4.407709e-04 1.289927e-01 2.027977e-02 -4.389114e-04 9.997942e-01 -2.238249e+01
9.998530e-01 1.799354e-04 -1.714794e-02 1.619941e+00 -1.710524e-04 9.999999e-01 5.195033e-04 1.105578e-01 1.714809e-02 -5.164947e-04 9.998529e-01 -2.215100e+01
9.997036e-01 1.468907e-04 -2.434682e-02 1.966681e+00 -1.330174e-04 9.999998e-01 5.714254e-04 9.096599e-02 2.434685e-02 -5.680164e-04 9.997033e-01 -2.188835e+01
9.998543e-01 1.818657e-04 -1.706722e-02 2.352351e+00 -1.728233e-04 9.999998e-01 5.313081e-04 6.925618e-02 1.706737e-02 -5.282823e-04 9.998543e-01 -2.158132e+01
9.996951e-01 1.621331e-04 -2.468963e-02 2.720769e+00 -1.475106e-04 9.999998e-01 5.940532e-04 4.767585e-02 2.468966e-02 -5.902288e-04 9.996949e-01 -2.125787e+01
9.998863e-01 1.960221e-04 -1.508182e-02 3.007298e+00 -1.893527e-04 9.999999e-01 4.436759e-04 2.871641e-02 1.508197e-02 -4.407709e-04 9.998863e-01 -2.092914e+01
9.998116e-01 7.596304e-05 -1.940782e-02 3.274000e+00 -6.756441e-05 9.999999e-01 4.333715e-04 1.077050e-02 1.940778e-02 -4.319772e-04 9.998115e-01 -2.063833e+01
9.997724e-01 2.850396e-04 -2.133476e-02 3.506796e+00 -2.720299e-04 9.999998e-01 6.127147e-04 -5.239563e-03 2.133501e-02 -6.067729e-04 9.997723e-01 -2.036516e+01
9.998154e-01 8.131067e-05 -1.921444e-02 3.710985e+00 -7.364186e-05 9.999999e-01 3.997888e-04 -2.010769e-02 1.921439e-02 -3.982985e-04 9.998152e-01 -2.010202e+01
9.999358e-01 1.540273e-04 -1.133124e-02 3.946769e+00 -1.501397e-04 9.999999e-01 3.440036e-04 -3.686312e-02 1.133137e-02 -3.422817e-04 9.999358e-01 -1.982364e+01
9.997917e-01 8.942593e-05 -2.041025e-02 4.138594e+00 -8.161750e-05 9.999999e-01 3.833693e-04 -4.947660e-02 2.041020e-02 -3.816220e-04 9.997915e-01 -1.965964e+01
9.999036e-01 1.894507e-04 -1.388236e-02 4.337291e+00 -1.835990e-04 9.999999e-01 4.228515e-04 -6.258204e-02 1.388253e-02 -4.202635e-04 9.999036e-01 -1.947662e+01
9.998648e-01 9.169647e-05 -1.644009e-02 4.431165e+00 -8.724167e-05 1.000000e+00 2.716355e-04 -7.268978e-02 1.644003e-02 -2.701629e-04 9.998647e-01 -1.928400e+01
9.999220e-01 2.060275e-04 -1.249103e-02 4.491637e+00 -2.008555e-04 9.999999e-01 4.153823e-04 -8.248414e-02 1.249120e-02 -4.128427e-04 9.999220e-01 -1.906035e+01
9.997905e-01 1.509694e-04 -2.046637e-02 4.519982e+00 -1.430803e-04 9.999999e-01 3.868824e-04 -9.219928e-02 2.046633e-02 -3.838713e-04 9.997904e-01 -1.879417e+01
9.998728e-01 6.768797e-05 1.594839e-02 4.650803e+00 -6.253289e-05 9.999999e-01 -3.237981e-04 -1.094391e-01 -1.594832e-02 3.227579e-04 9.998728e-01 -1.836797e+01
9.999389e-01 3.195884e-04 1.104527e-02 4.759942e+00 -3.138803e-04 9.999998e-01 -5.184329e-04 -1.240449e-01 -1.104552e-02 5.149359e-04 9.999388e-01 -1.802979e+01
9.999125e-01 2.721064e-05 1.323140e-02 4.870768e+00 -2.408149e-05 1.000000e+00 -2.367213e-04 -1.393884e-01 -1.323132e-02 2.363804e-04 9.999125e-01 -1.766486e+01
9.999072e-01 3.566993e-04 1.361321e-02 5.145980e+00 -3.485154e-04 9.999998e-01 -6.034782e-04 -1.581691e-01 -1.361350e-02 5.986792e-04 9.999071e-01 -1.736377e+01
9.999135e-01 4.152442e-05 1.315531e-02 5.518545e+00 -3.856926e-05 1.000000e+00 -2.249487e-04 -1.788188e-01 -1.315524e-02 2.244205e-04 9.999135e-01 -1.711159e+01
9.999836e-01 2.534476e-04 5.719140e-03 5.960427e+00 -2.514418e-04 9.999999e-01 -3.513025e-04 -2.033386e-01 -5.719309e-03 3.498601e-04 9.999835e-01 -1.679601e+01
9.999027e-01 5.421194e-05 1.395117e-02 6.437943e+00 -5.107811e-05 1.000000e+00 -2.250339e-04 -2.304804e-01 -1.395110e-02 2.242981e-04 9.999027e-01 -1.642322e+01
9.999978e-01 1.712884e-04 -2.059799e-03 6.824984e+00 -1.715295e-04 1.000000e+00 -1.172036e-04 -2.573771e-01 2.059700e-03 1.175579e-04 9.999978e-01 -1.594439e+01
9.999562e-01 4.728147e-06 9.361844e-03 7.265035e+00 -4.000492e-06 1.000000e+00 -7.781200e-05 -2.860496e-01 -9.361765e-03 7.776989e-05 9.999563e-01 -1.547171e+01
9.999999e-01 2.155609e-04 3.095792e-04 7.634833e+00 -2.155084e-04 1.000000e+00 -1.677871e-04 -3.150170e-01 -3.096932e-04 1.677216e-04 9.999999e-01 -1.488716e+01
9.999399e-01 7.186368e-06 1.096479e-02 7.856683e+00 -5.430054e-06 1.000000e+00 -1.602616e-04 -3.379800e-01 -1.096471e-02 1.601912e-04 9.999400e-01 -1.434482e+01
9.999752e-01 1.357344e-04 -7.035903e-03 8.018430e+00 -1.354370e-04 1.000000e+00 4.265710e-05 -3.589208e-01 7.035831e-03 -4.170194e-05 9.999752e-01 -1.381752e+01
9.999993e-01 -8.323228e-05 1.160869e-03 8.133487e+00 8.310788e-05 1.000000e+00 1.067144e-04 -3.787954e-01 -1.160800e-03 -1.066190e-04 9.999994e-01 -1.328093e+01
9.998226e-01 2.600472e-04 -1.883444e-02 8.220756e+00 -2.535582e-04 9.999999e-01 3.468858e-04 -3.957044e-01 1.883445e-02 -3.420474e-04 9.998225e-01 -1.282108e+01
9.999422e-01 7.285695e-05 -1.075119e-02 8.221231e+00 -6.841895e-05 9.999999e-01 4.132165e-04 -4.087102e-01 1.075130e-02 -4.124583e-04 9.999422e-01 -1.239551e+01
9.996992e-01 3.310925e-04 -2.452353e-02 8.243315e+00 -3.193687e-04 9.999998e-01 4.819500e-04 -4.201942e-01 2.452361e-02 -4.739717e-04 9.996991e-01 -1.204150e+01
9.999306e-01 5.783969e-05 -1.178342e-02 8.398812e+00 -5.264193e-05 9.999999e-01 4.414793e-04 -4.336415e-01 1.178353e-02 -4.408297e-04 9.999306e-01 -1.176902e+01
9.999118e-01 1.855273e-04 -1.328034e-02 8.631641e+00 -1.829740e-04 1.000000e+00 1.934155e-04 -4.509908e-01 1.328029e-02 -1.909671e-04 9.999117e-01 -1.145400e+01
9.999483e-01 5.411823e-05 -1.017537e-02 8.794997e+00 -4.984264e-05 9.999999e-01 4.205216e-04 -4.679104e-01 1.017548e-02 -4.199941e-04 9.999482e-01 -1.107981e+01
9.997453e-01 3.009820e-04 -2.256608e-02 8.868684e+00 -2.925307e-04 9.999999e-01 3.777751e-04 -4.789574e-01 2.256610e-02 -3.710762e-04 9.997452e-01 -1.080637e+01
9.999816e-01 -9.057476e-06 -6.074285e-03 9.012804e+00 1.116048e-05 9.999999e-01 3.463292e-04 -4.934858e-01 6.074371e-03 -3.463920e-04 9.999816e-01 -1.048911e+01
9.997840e-01 2.741002e-04 -2.078039e-02 9.141897e+00 -2.683330e-04 9.999999e-01 2.802693e-04 -5.053281e-01 2.078037e-02 -2.746313e-04 9.997840e-01 -1.026331e+01
9.999223e-01 -2.264867e-04 1.246360e-02 9.463736e+00 2.277261e-04 1.000000e+00 -9.810727e-05 -5.259098e-01 -1.246349e-02 1.009365e-04 9.999224e-01 -9.963241e+00
9.998805e-01 2.558979e-04 -1.545639e-02 9.933051e+00 -2.534199e-04 1.000000e+00 1.622213e-04 -5.506808e-01 1.545634e-02 -1.582835e-04 9.998805e-01 -9.703394e+00
9.999108e-01 -2.436430e-04 1.335644e-02 1.030310e+01 2.454839e-04 1.000000e+00 -1.362669e-04 -5.727760e-01 -1.335631e-02 1.395321e-04 9.999109e-01 -9.415775e+00
9.999123e-01 3.011028e-04 -1.323700e-02 1.068297e+01 -2.991725e-04 9.999999e-01 1.477335e-04 -5.985176e-01 1.323695e-02 -1.437589e-04 9.999123e-01 -8.984309e+00
9.999101e-01 -2.616750e-04 1.340744e-02 1.114934e+01 2.636374e-04 1.000000e+00 -1.446774e-04 -6.252199e-01 -1.340731e-02 1.481976e-04 9.999102e-01 -8.631794e+00
9.999046e-01 3.182021e-04 -1.380532e-02 1.147385e+01 -3.156339e-04 9.999999e-01 1.881383e-04 -6.513884e-01 1.380529e-02 -1.837614e-04 9.999046e-01 -8.104876e+00
9.999118e-01 -2.860116e-04 1.328359e-02 1.190569e+01 2.881229e-04 9.999999e-01 -1.571029e-04 -6.779673e-01 -1.328345e-02 1.609149e-04 9.999118e-01 -7.711348e+00
9.999114e-01 3.179045e-04 -1.330433e-02 1.241995e+01 -3.157817e-04 9.999999e-01 1.615804e-04 -7.050170e-01 1.330429e-02 -1.573634e-04 9.999114e-01 -7.414095e+00
9.999375e-01 -3.232060e-04 1.118065e-02 1.290450e+01 3.244338e-04 9.999999e-01 -1.080952e-04 -7.308854e-01 -1.118052e-02 1.117144e-04 9.999376e-01 -7.126576e+00
9.999296e-01 3.307463e-04 -1.185998e-02 1.343824e+01 -3.293655e-04 9.999999e-01 1.182941e-04 -7.574634e-01 1.185993e-02 -1.143780e-04 9.999296e-01 -6.875363e+00
9.999265e-01 -2.909740e-04 1.212067e-02 1.388406e+01 2.925038e-04 9.999999e-01 -1.245265e-04 -7.830989e-01 -1.212054e-02 1.280612e-04 9.999266e-01 -6.539093e+00
9.999246e-01 3.526040e-04 -1.227548e-02 1.413177e+01 -3.508423e-04 9.999999e-01 1.455873e-04 -8.065833e-01 1.227544e-02 -1.412681e-04 9.999246e-01 -6.018750e+00
9.999205e-01 -2.954691e-04 1.260966e-02 1.445797e+01 2.974432e-04 9.999999e-01 -1.547572e-04 -8.301522e-01 -1.260952e-02 1.584940e-04 9.999206e-01 -5.604959e+00
9.999324e-01 3.641508e-04 -1.161876e-02 1.493057e+01 -3.623398e-04 9.999999e-01 1.578951e-04 -8.589075e-01 1.161872e-02 -1.536730e-04 9.999324e-01 -5.172779e+00
9.999241e-01 -3.185605e-04 1.232072e-02 1.552583e+01 3.202564e-04 9.999999e-01 -1.357495e-04 -8.902560e-01 -1.232059e-02 1.396836e-04 9.999242e-01 -4.802215e+00
9.999360e-01 3.674148e-04 -1.130239e-02 1.613371e+01 -3.660405e-04 9.999999e-01 1.235789e-04 -9.201965e-01 1.130234e-02 -1.194324e-04 9.999360e-01 -4.510761e+00
9.999128e-01 -2.924519e-04 1.320724e-02 1.669942e+01 2.945513e-04 9.999999e-01 -1.570915e-04 -9.499116e-01 -1.320710e-02 1.609665e-04 9.999128e-01 -4.169005e+00
9.999689e-01 4.304544e-04 -7.868830e-03 1.712927e+01 -4.303567e-04 9.999999e-01 1.399646e-05 -9.769861e-01 7.868744e-03 -1.060819e-05 9.999690e-01 -3.744869e+00
9.999399e-01 -2.927419e-04 1.095997e-02 1.741403e+01 2.934572e-04 1.000000e+00 -6.375014e-05 -1.003386e+00 -1.095986e-02 6.696115e-05 9.999400e-01 -3.151613e+00
9.999469e-01 3.619322e-04 -1.029218e-02 1.783082e+01 -3.610514e-04 9.999999e-01 8.734067e-05 -1.031935e+00 1.029212e-02 -8.361861e-05 9.999470e-01 -2.651111e+00
9.999304e-01 -2.803556e-04 1.180073e-02 1.827356e+01 2.817145e-04 1.000000e+00 -1.135719e-04 -1.059070e+00 -1.180061e-02 1.168870e-04 9.999304e-01 -2.247591e+00
9.999787e-01 4.277442e-04 -6.512577e-03 1.876427e+01 -4.277940e-04 9.999999e-01 -6.392890e-06 -1.089369e+00 6.512483e-03 9.180191e-06 9.999787e-01 -1.770762e+00
9.999400e-01 -2.997845e-04 1.095056e-02 1.918513e+01 3.009903e-04 9.999999e-01 -1.085464e-04 -1.116344e+00 -1.095044e-02 1.118345e-04 9.999401e-01 -1.342323e+00
9.999475e-01 3.719064e-04 -1.024049e-02 1.954231e+01 -3.708957e-04 9.999999e-01 1.005131e-04 -1.141513e+00 1.024044e-02 -9.670826e-05 9.999475e-01 -9.074164e-01
9.998529e-01 -2.232806e-04 1.715315e-02 1.998990e+01 2.283420e-04 9.999999e-01 -2.931675e-04 -1.168560e+00 -1.715299e-02 2.970397e-04 9.998529e-01 -5.098546e-01
9.999187e-01 3.425555e-04 -1.274510e-02 2.049497e+01 -3.404411e-04 9.999999e-01 1.679976e-04 -1.196110e+00 1.274507e-02 -1.636436e-04 9.999187e-01 -1.768015e-01
9.999135e-01 -2.846173e-04 1.315486e-02 2.086273e+01 2.867443e-04 9.999999e-01 -1.598701e-04 -1.221592e+00 -1.315472e-02 1.636270e-04 9.999135e-01 2.563921e-01
9.999200e-01 3.254043e-04 -1.263976e-02 2.137814e+01 -3.236082e-04 9.999999e-01 1.440710e-04 -1.248187e+00 1.263971e-02 -1.399678e-04 9.999200e-01 5.313888e-01
9.998901e-01 -2.406837e-04 1.482740e-02 2.192407e+01 2.432106e-04 1.000000e+00 -1.686828e-04 -1.278871e+00 -1.482727e-02 1.722691e-04 9.998901e-01 9.461505e-01
9.999816e-01 4.555584e-04 -6.040607e-03 2.240688e+01 -4.556830e-04 9.999999e-01 -1.938890e-05 -1.311562e+00 6.040508e-03 2.214247e-05 9.999817e-01 1.537482e+00
9.999562e-01 -3.272907e-04 9.355287e-03 2.288133e+01 3.273736e-04 9.999999e-01 -7.424731e-06 -1.343598e+00 -9.355195e-03 1.048574e-05 9.999563e-01 2.110761e+00
9.999984e-01 5.008571e-04 -1.715945e-03 2.337726e+01 -5.011715e-04 9.999999e-01 -1.832963e-04 -1.373655e+00 1.715764e-03 1.841573e-04 9.999984e-01 2.572827e+00
9.999786e-01 -3.839579e-04 6.530261e-03 2.386563e+01 3.836416e-04 9.999999e-01 4.955626e-05 -1.401340e+00 -6.530191e-03 -4.705123e-05 9.999787e-01 2.938684e+00
9.999998e-01 5.204948e-04 -3.430688e-04 2.445567e+01 -5.205698e-04 9.999998e-01 -2.210026e-04 -1.431271e+00 3.428654e-04 2.211825e-04 9.999998e-01 3.260714e+00
9.999984e-01 -4.661265e-04 1.752396e-03 2.516204e+01 4.657135e-04 9.999999e-01 2.356332e-04 -1.466436e+00 -1.752417e-03 -2.348180e-04 9.999985e-01 3.644524e+00
9.999850e-01 6.065929e-04 5.445986e-03 2.601290e+01 -6.043187e-04 9.999997e-01 -4.190933e-04 -1.503484e+00 -5.446327e-03 4.157971e-04 9.999850e-01 3.910726e+00
9.999440e-01 -3.485765e-04 1.057727e-02 2.676248e+01 3.489771e-04 9.999999e-01 -3.610145e-05 -1.536278e+00 -1.057717e-02 3.978941e-05 9.999441e-01 4.146581e+00
9.999797e-01 6.307761e-04 6.330131e-03 2.747671e+01 -6.281158e-04 9.999997e-01 -4.221308e-04 -1.571054e+00 -6.330482e-03 4.181474e-04 9.999798e-01 4.510796e+00
9.999845e-01 -4.099809e-04 5.565394e-03 2.817586e+01 4.093648e-04 9.999999e-01 1.117067e-04 -1.604984e+00 -5.565354e-03 -1.094278e-04 9.999846e-01 4.862383e+00
9.999971e-01 5.692189e-04 2.343743e-03 2.874978e+01 -5.684520e-04 9.999998e-01 -3.276045e-04 -1.635305e+00 -2.344014e-03 3.262724e-04 9.999971e-01 5.227950e+00
9.999928e-01 -4.139030e-04 3.788726e-03 2.932679e+01 4.131717e-04 9.999999e-01 1.936429e-04 -1.668181e+00 -3.788721e-03 -1.920772e-04 9.999929e-01 5.698475e+00
9.999896e-01 5.929771e-04 4.517191e-03 3.005274e+01 -5.912255e-04 9.999997e-01 -3.889264e-04 -1.704446e+00 -4.517505e-03 3.862527e-04 9.999896e-01 6.110774e+00
9.999999e-01 -4.697387e-04 -2.732576e-05 3.085029e+01 4.697470e-04 9.999998e-01 3.295869e-04 -1.743159e+00 2.725527e-05 -3.296008e-04 1.000000e+00 6.527464e+00
9.999913e-01 5.812035e-04 4.117834e-03 3.161276e+01 -5.795873e-04 9.999998e-01 -3.935029e-04 -1.779924e+00 -4.118145e-03 3.911140e-04 9.999914e-01 6.908730e+00
9.999988e-01 -4.585904e-04 -1.489443e-03 3.205261e+01 4.591864e-04 9.999998e-01 4.002637e-04 -1.812644e+00 1.489344e-03 -4.009483e-04 9.999989e-01 7.563597e+00
9.999897e-01 5.537449e-04 4.493903e-03 3.273142e+01 -5.517495e-04 9.999997e-01 -4.451020e-04 -1.846979e+00 -4.494233e-03 4.426190e-04 9.999897e-01 7.952767e+00
9.999994e-01 -4.203307e-04 9.846091e-04 3.342802e+01 4.200228e-04 9.999999e-01 3.123290e-04 -1.880324e+00 -9.846567e-04 -3.119163e-04 9.999995e-01 8.282281e+00
9.999552e-01 6.531297e-04 9.443391e-03 3.380712e+01 -6.477609e-04 9.999996e-01 -5.715063e-04 -1.910441e+00 -9.443843e-03 5.653646e-04 9.999552e-01 8.912039e+00
9.999994e-01 -4.136600e-04 -1.063543e-03 3.414832e+01 4.140929e-04 9.999998e-01 4.073748e-04 -1.942318e+00 1.063457e-03 -4.078160e-04 9.999994e-01 9.670088e+00
9.999807e-01 5.775897e-04 6.189054e-03 3.464209e+01 -5.745454e-04 9.999997e-01 -4.935574e-04 -1.975631e+00 -6.189420e-03 4.899930e-04 9.999806e-01 1.027747e+01
9.999954e-01 -4.742674e-04 -3.015253e-03 3.539265e+01 4.757452e-04 9.999998e-01 4.895894e-04 -2.014217e+00 3.015102e-03 -4.910226e-04 9.999954e-01 1.075375e+01
9.999911e-01 5.372658e-04 4.169229e-03 3.607015e+01 -5.354376e-04 9.999998e-01 -4.394642e-04 -2.050867e+00 -4.169546e-03 4.372290e-04 9.999911e-01 1.124300e+01
9.999983e-01 -4.546767e-04 -1.820272e-03 3.683450e+01 4.555005e-04 9.999998e-01 4.524504e-04 -2.089481e+00 1.820147e-03 -4.532798e-04 9.999983e-01 1.169662e+01
9.999907e-01 5.218019e-04 4.281368e-03 3.775463e+01 -5.197997e-04 9.999998e-01 -4.686138e-04 -2.129202e+00 -4.281693e-03 4.663850e-04 9.999906e-01 1.198549e+01
9.999989e-01 -4.258823e-04 -1.430715e-03 3.845331e+01 4.265228e-04 9.999998e-01 4.477738e-04 -2.164703e+00 1.430606e-03 -4.483845e-04 9.999990e-01 1.240107e+01
9.999894e-01 5.165006e-04 4.567023e-03 3.914055e+01 -5.141389e-04 9.999997e-01 -5.181630e-04 -2.197451e+00 -4.567371e-03 5.158104e-04 9.999894e-01 1.271033e+01
9.999999e-01 -4.056129e-04 -2.142364e-04 3.975146e+01 4.056965e-04 9.999998e-01 3.931015e-04 -2.227279e+00 2.141579e-04 -3.931894e-04 1.000000e+00 1.299776e+01
9.999893e-01 5.413520e-04 4.596786e-03 4.020853e+01 -5.391426e-04 9.999997e-01 -4.817544e-04 -2.257456e+00 -4.597127e-03 4.792719e-04 9.999892e-01 1.351642e+01
9.999992e-01 -3.941803e-04 1.179276e-03 4.059872e+01 3.937960e-04 9.999999e-01 3.257103e-04 -2.284135e+00 -1.179324e-03 -3.252466e-04 9.999993e-01 1.397539e+01
9.999893e-01 5.536961e-04 4.588440e-03 4.091439e+01 -5.515335e-04 9.999997e-01 -4.724596e-04 -2.310445e+00 -4.588781e-03 4.699247e-04 9.999893e-01 1.453065e+01
9.999955e-01 -3.858055e-04 2.980140e-03 4.127609e+01 3.850441e-04 9.999999e-01 2.559204e-04 -2.336097e+00 -2.980159e-03 -2.547727e-04 9.999956e-01 1.499448e+01
9.999928e-01 5.366404e-04 3.739456e-03 4.177524e+01 -5.349876e-04 9.999998e-01 -4.428442e-04 -2.365389e+00 -3.739772e-03 4.408413e-04 9.999928e-01 1.541758e+01
9.999941e-01 -3.834311e-04 3.412592e-03 4.222983e+01 3.826198e-04 9.999999e-01 2.382697e-04 -2.392784e+00 -3.412604e-03 -2.369635e-04 9.999942e-01 1.582152e+01
9.999998e-01 4.736155e-04 2.108914e-04 4.267572e+01 -4.735374e-04 9.999998e-01 -3.679447e-04 -2.416898e+00 -2.111442e-04 3.678456e-04 9.999998e-01 1.609909e+01
9.999906e-01 -3.730937e-04 4.335273e-03 4.324744e+01 3.721760e-04 9.999999e-01 2.123929e-04 -2.443411e+00 -4.335274e-03 -2.107782e-04 9.999907e-01 1.630193e+01
9.999996e-01 4.602731e-04 -6.768094e-04 4.382848e+01 -4.605151e-04 9.999998e-01 -3.580911e-04 -2.468412e+00 6.765664e-04 3.584034e-04 9.999996e-01 1.643349e+01
9.999631e-01 -3.196898e-04 8.591029e-03 4.421221e+01 3.189381e-04 9.999999e-01 8.882751e-05 -2.489561e+00 -8.590979e-03 -8.608503e-05 9.999632e-01 1.667728e+01
9.999955e-01 4.284261e-04 -2.968270e-03 4.454919e+01 -4.294565e-04 9.999998e-01 -3.466385e-04 -2.505026e+00 2.968043e-03 3.479125e-04 9.999955e-01 1.675368e+01
9.999132e-01 -2.876233e-04 1.317168e-02 4.504600e+01 2.887869e-04 1.000000e+00 -8.647025e-05 -2.519907e+00 -1.317158e-02 9.026582e-05 9.999133e-01 1.660243e+01
9.999905e-01 5.297431e-04 4.317143e-03 4.554585e+01 -5.275783e-04 9.999997e-01 -5.024993e-04 -2.540480e+00 -4.317484e-03 5.002175e-04 9.999905e-01 1.667200e+01
9.998436e-01 -2.064502e-04 1.768423e-02 4.591874e+01 2.094758e-04 1.000000e+00 -1.692551e-04 -2.561868e+00 -1.768412e-02 1.729325e-04 9.998437e-01 1.694456e+01
9.999686e-01 5.848790e-04 7.899786e-03 4.618736e+01 -5.801705e-04 9.999997e-01 -5.982618e-04 -2.584163e+00 -7.900206e-03 5.936603e-04 9.999685e-01 1.739913e+01
9.998475e-01 -2.002323e-04 1.746591e-02 4.647227e+01 2.029078e-04 1.000000e+00 -1.514258e-04 -2.606229e+00 -1.746581e-02 1.549462e-04 9.998475e-01 1.782055e+01
9.999731e-01 5.664607e-04 7.316007e-03 4.688019e+01 -5.621331e-04 9.999997e-01 -5.935351e-04 -2.629986e+00 -7.316409e-03 5.894069e-04 9.999730e-01 1.814633e+01
9.999115e-01 -2.488025e-04 1.330601e-02 4.732540e+01 2.491568e-04 1.000000e+00 -2.497775e-05 -2.654231e+00 -1.330593e-02 2.829048e-05 9.999116e-01 1.844383e+01
9.999841e-01 5.337086e-04 5.612475e-03 4.772455e+01 -5.304993e-04 9.999997e-01 -5.732640e-04 -2.676080e+00 -5.612845e-03 5.702777e-04 9.999840e-01 1.870569e+01
9.999703e-01 -3.110436e-04 7.708200e-03 4.825846e+01 3.097852e-04 9.999999e-01 1.644424e-04 -2.701860e+00 -7.708186e-03 -1.620499e-04 9.999704e-01 1.894404e+01
9.999193e-01 6.312651e-04 1.268495e-02 4.867708e+01 -6.214722e-04 9.999995e-01 -7.759222e-04 -2.727767e+00 -1.268550e-02 7.679764e-04 9.999192e-01 1.934734e+01
9.999822e-01 -2.911304e-04 5.962919e-03 4.894098e+01 2.895430e-04 9.999999e-01 2.670646e-04 -2.754301e+00 -5.962935e-03 -2.653335e-04 9.999823e-01 1.998223e+01
9.999325e-01 5.887503e-04 1.160470e-02 4.917405e+01 -5.797908e-04 9.999995e-01 -7.754047e-04 -2.778534e+00 -1.160521e-02 7.686241e-04 9.999323e-01 2.056194e+01
9.999626e-01 -2.658890e-04 8.650207e-03 4.954781e+01 2.643883e-04 9.999999e-01 1.746272e-04 -2.803324e+00 -8.650194e-03 -1.723336e-04 9.999627e-01 2.097707e+01
9.998629e-01 6.585539e-04 1.654751e-02 4.979025e+01 -6.432849e-04 9.999994e-01 -9.280386e-04 -2.826413e+00 -1.654817e-02 9.172665e-04 9.998626e-01 2.150033e+01
9.998929e-01 -1.853384e-04 1.463336e-02 5.032049e+01 1.854191e-04 1.000000e+00 -4.149291e-06 -2.851206e+00 -1.463330e-02 6.862334e-06 9.998930e-01 2.170764e+01
9.998779e-01 6.293887e-04 1.561184e-02 5.091858e+01 -6.152636e-04 9.999994e-01 -9.095521e-04 -2.877322e+00 -1.561246e-02 8.998353e-04 9.998776e-01 2.187673e+01
9.999060e-01 -1.868661e-04 1.370693e-02 5.143444e+01 1.864329e-04 1.000000e+00 3.288946e-05 -2.902127e+00 -1.370689e-02 -3.033057e-05 9.999061e-01 2.210402e+01
9.999381e-01 5.536937e-04 1.111380e-02 5.184611e+01 -5.450291e-04 9.999995e-01 -7.826535e-04 -2.925777e+00 -1.111427e-02 7.765472e-04 9.999378e-01 2.242316e+01
9.999287e-01 -2.007779e-04 1.193727e-02 5.222006e+01 1.997404e-04 1.000000e+00 8.811296e-05 -2.948329e+00 -1.193724e-02 -8.572180e-05 9.999288e-01 2.274631e+01
9.999792e-01 4.892699e-04 6.437354e-03 5.255708e+01 -4.851745e-04 9.999997e-01 -6.377562e-04 -2.972003e+00 -6.437707e-03 6.346191e-04 9.999790e-01 2.316486e+01
9.999346e-01 -1.973918e-04 1.143166e-02 5.289177e+01 1.962062e-04 1.000000e+00 1.048493e-04 -2.995539e+00 -1.143164e-02 -1.025989e-04 9.999347e-01 2.358233e+01
9.999644e-01 4.924471e-04 8.417234e-03 5.327860e+01 -4.863428e-04 9.999996e-01 -7.272610e-04 -3.017075e+00 -8.417628e-03 7.231407e-04 9.999642e-01 2.384825e+01
9.999541e-01 -2.043659e-04 9.576297e-03 5.360732e+01 2.027001e-04 1.000000e+00 1.749381e-04 -3.038695e+00 -9.576295e-03 -1.729882e-04 9.999542e-01 2.419332e+01
9.999678e-01 4.723449e-04 8.009043e-03 5.408147e+01 -4.665694e-04 9.999996e-01 -7.229845e-04 -3.061996e+00 -8.009418e-03 7.192236e-04 9.999676e-01 2.440673e+01
9.999815e-01 -2.421003e-04 6.084027e-03 5.455896e+01 2.403121e-04 9.999999e-01 2.946730e-04 -3.087530e+00 -6.084063e-03 -2.932046e-04 9.999815e-01 2.471134e+01
9.999709e-01 4.621551e-04 7.614086e-03 5.499159e+01 -4.566284e-04 9.999996e-01 -7.275993e-04 -3.110232e+00 -7.614453e-03 7.241004e-04 9.999707e-01 2.495256e+01
9.999346e-01 -1.876910e-04 1.143138e-02 5.529817e+01 1.865413e-04 1.000000e+00 1.016538e-04 -3.126085e+00 -1.143136e-02 -9.951376e-05 9.999348e-01 2.508625e+01
9.999858e-01 4.411491e-04 5.318491e-03 5.578329e+01 -4.378206e-04 9.999997e-01 -6.270087e-04 -3.149815e+00 -5.318796e-03 6.246702e-04 9.999856e-01 2.530333e+01
9.999832e-01 -2.504837e-04 5.791398e-03 5.640461e+01 2.489171e-04 9.999999e-01 2.712474e-04 -3.175740e+00 -5.791436e-03 -2.698002e-04 9.999833e-01 2.543023e+01
9.999960e-01 3.998042e-04 2.810829e-03 5.708086e+01 -3.982381e-04 9.999998e-01 -5.577640e-04 -3.202669e+00 -2.811080e-03 5.566413e-04 9.999958e-01 2.551990e+01
9.998816e-01 -1.319234e-04 1.538520e-02 5.767138e+01 1.328348e-04 1.000000e+00 -5.820803e-05 -3.222421e+00 -1.538517e-02 6.024602e-05 9.998817e-01 2.544554e+01
9.999806e-01 4.292605e-04 6.215429e-03 5.802461e+01 -4.251751e-04 9.999997e-01 -6.586206e-04 -3.237456e+00 -6.215734e-03 6.559639e-04 9.999804e-01 2.547986e+01
9.999546e-01 -1.799326e-04 9.529012e-03 5.854261e+01 1.784012e-04 1.000000e+00 1.615658e-04 -3.261854e+00 -9.529018e-03 -1.598571e-04 9.999547e-01 2.568516e+01
9.999427e-01 4.882381e-04 1.069759e-02 5.916005e+01 -4.795878e-04 9.999996e-01 -8.111788e-04 -3.284636e+00 -1.069800e-02 8.060005e-04 9.999424e-01 2.569886e+01
9.999383e-01 -1.669872e-04 1.110335e-02 5.947389e+01 1.658401e-04 1.000000e+00 1.042405e-04 -3.299636e+00 -1.110335e-02 -1.023912e-04 9.999384e-01 2.578715e+01
9.999152e-01 5.255642e-04 1.301318e-02 5.957310e+01 -5.145212e-04 9.999995e-01 -8.519424e-04 -3.315491e+00 -1.301363e-02 8.451730e-04 9.999149e-01 2.619195e+01
9.998911e-01 -1.018046e-04 1.475472e-02 5.986791e+01 1.019173e-04 1.000000e+00 -6.877823e-06 -3.334343e+00 -1.475470e-02 8.382461e-06 9.998912e-01 2.647522e+01
9.998635e-01 5.683548e-04 1.651026e-02 6.030510e+01 -5.523950e-04 9.999994e-01 -9.712068e-04 -3.353354e+00 -1.651082e-02 9.619523e-04 9.998631e-01 2.657290e+01
9.998975e-01 -8.488690e-05 1.431780e-02 6.081541e+01 8.459610e-05 1.000000e+00 2.092041e-05 -3.374655e+00 -1.431779e-02 -1.970521e-05 9.998976e-01 2.667213e+01
9.998182e-01 5.956682e-04 1.906010e-02 6.128927e+01 -5.757397e-04 9.999993e-01 -1.051034e-03 -3.394947e+00 -1.906072e-02 1.039868e-03 9.998177e-01 2.677503e+01
9.998806e-01 -5.536350e-05 1.545183e-02 6.180811e+01 5.546805e-05 1.000000e+00 -6.337325e-06 -3.415884e+00 -1.545183e-02 7.195688e-06 9.998807e-01 2.684658e+01
9.997201e-01 6.334194e-04 2.365148e-02 6.221932e+01 -6.053193e-04 9.999991e-01 -1.195230e-03 -3.432791e+00 -2.365221e-02 1.180576e-03 9.997195e-01 2.688681e+01
9.999140e-01 -7.657366e-05 1.311093e-02 6.263395e+01 7.576065e-05 1.000000e+00 6.250068e-05 -3.449514e+00 -1.311095e-02 -6.149975e-05 9.999141e-01 2.691849e+01
9.997374e-01 5.616214e-04 2.290955e-02 6.284380e+01 -5.338273e-04 9.999991e-01 -1.219302e-03 -3.457082e+00 -2.291021e-02 1.206749e-03 9.997367e-01 2.681562e+01
9.999846e-01 -1.599633e-04 5.544400e-03 6.320629e+01 1.584171e-04 9.999999e-01 2.792752e-04 -3.467367e+00 -5.544457e-03 -2.783901e-04 9.999847e-01 2.664114e+01
9.997291e-01 5.910542e-04 2.326587e-02 6.366146e+01 -5.628392e-04 9.999991e-01 -1.219242e-03 -3.482346e+00 -2.326656e-02 1.205814e-03 9.997285e-01 2.655225e+01
9.999910e-01 -1.485355e-04 4.245094e-03 6.421349e+01 1.470717e-04 9.999999e-01 3.450695e-04 -3.501367e+00 -4.245164e-03 -3.444394e-04 9.999910e-01 2.650372e+01
9.998436e-01 4.757165e-04 1.767703e-02 6.489893e+01 -4.571111e-04 9.999993e-01 -1.056530e-03 -3.524022e+00 -1.767750e-02 1.048281e-03 9.998431e-01 2.642167e+01
9.999922e-01 -1.390125e-04 3.953645e-03 6.562470e+01 1.375795e-04 9.999999e-01 3.626243e-04 -3.547065e+00 -3.953718e-03 -3.620748e-04 9.999922e-01 2.630375e+01
9.997809e-01 4.988882e-04 2.092644e-02 6.622297e+01 -4.741184e-04 9.999992e-01 -1.188587e-03 -3.565466e+00 -2.092699e-02 1.178402e-03 9.997802e-01 2.617355e+01
9.999999e-01 -1.882448e-04 -4.409034e-04 6.689488e+01 1.884738e-04 9.999998e-01 5.204185e-04 -3.587250e+00 4.407780e-04 -5.204987e-04 9.999999e-01 2.607463e+01
9.998550e-01 4.344606e-04 1.702548e-02 6.765881e+01 -4.164013e-04 9.999993e-01 -1.064224e-03 -3.611727e+00 -1.702590e-02 1.056977e-03 9.998544e-01 2.596103e+01
1.000000e+00 -1.709198e-04 2.413082e-04 6.839545e+01 1.707987e-04 9.999999e-01 4.996490e-04 -3.635688e+00 -2.414242e-04 -4.996048e-04 9.999999e-01 2.586402e+01
9.999197e-01 3.663460e-04 1.266874e-02 6.909713e+01 -3.543884e-04 9.999995e-01 -9.460670e-04 -3.658341e+00 -1.266905e-02 9.414983e-04 9.999192e-01 2.575626e+01
9.999989e-01 -2.069213e-04 -1.493764e-03 6.976482e+01 2.077220e-04 9.999998e-01 5.362678e-04 -3.680012e+00 1.493620e-03 -5.365744e-04 9.999988e-01 2.565302e+01
9.998182e-01 4.610469e-04 1.906168e-02 7.033168e+01 -4.396665e-04 9.999993e-01 -1.125791e-03 -3.700803e+00 -1.906216e-02 1.117203e-03 9.998176e-01 2.565187e+01
9.999454e-01 -6.462864e-05 1.044708e-02 7.074701e+01 6.276165e-05 1.000000e+00 1.789785e-04 -3.716342e+00 -1.044713e-02 -1.783099e-04 9.999455e-01 2.563141e+01
9.999986e-01 2.286076e-04 1.632751e-03 7.110458e+01 -2.275798e-04 9.999998e-01 -6.292063e-04 -3.732047e+00 -1.632856e-03 6.288307e-04 9.999984e-01 2.567867e+01
9.998470e-01 2.894350e-05 1.749453e-02 7.165362e+01 -2.879491e-05 1.000000e+00 -8.783842e-06 -3.752062e+00 -1.749457e-02 8.282007e-06 9.998471e-01 2.566616e+01
9.999624e-01 8.950615e-05 -8.668726e-03 7.225010e+01 -9.245500e-05 9.999999e-01 -3.398552e-04 -3.772352e+00 8.668736e-03 3.406406e-04 9.999623e-01 2.559034e+01
9.999279e-01 -3.282582e-05 1.200710e-02 7.284028e+01 3.087109e-05 1.000000e+00 1.629236e-04 -3.794101e+00 -1.200715e-02 -1.625379e-04 9.999280e-01 2.557292e+01
9.999860e-01 1.411391e-04 -5.288784e-03 7.354331e+01 -1.432425e-04 9.999999e-01 -3.974815e-04 -3.821127e+00 5.288770e-03 3.982302e-04 9.999858e-01 2.561654e+01
9.998810e-01 7.644144e-06 1.542564e-02 7.424855e+01 -8.506847e-06 1.000000e+00 5.581263e-05 -3.847215e+00 -1.542568e-02 -5.593386e-05 9.998811e-01 2.562459e+01
9.999988e-01 2.173269e-04 1.521042e-03 7.487084e+01 -2.163957e-04 9.999998e-01 -6.117940e-04 -3.869973e+00 -1.521131e-03 6.114607e-04 9.999986e-01 2.562460e+01
9.999179e-01 -6.859009e-06 1.281807e-02 7.541233e+01 5.230055e-06 1.000000e+00 1.270518e-04 -3.891345e+00 -1.281812e-02 -1.269709e-04 9.999179e-01 2.566489e+01
9.999164e-01 9.111895e-05 -1.292966e-02 7.590718e+01 -9.389110e-05 1.000000e+00 -2.138622e-04 -3.912055e+00 1.292969e-02 2.150549e-04 9.999163e-01 2.572960e+01
9.999914e-01 -2.167041e-05 4.156187e-03 7.643935e+01 2.006613e-05 9.999999e-01 3.858391e-04 -3.934364e+00 -4.156240e-03 -3.857489e-04 9.999914e-01 2.581089e+01
9.998936e-01 3.183423e-05 -1.458842e-02 7.707856e+01 -3.390345e-05 1.000000e+00 -1.416487e-04 -3.960272e+00 1.458846e-02 1.421248e-04 9.998935e-01 2.589498e+01
9.999987e-01 -8.770270e-06 -1.590788e-03 7.760472e+01 9.608228e-06 9.999999e-01 5.272405e-04 -3.982509e+00 1.590741e-03 -5.272517e-04 9.999987e-01 2.599506e+01
9.998969e-01 1.848824e-05 -1.436067e-02 7.821453e+01 -2.063297e-05 1.000000e+00 -1.492513e-04 -4.006266e+00 1.436071e-02 1.495289e-04 9.998968e-01 2.604685e+01
9.999925e-01 -1.072899e-05 -3.865418e-03 7.884903e+01 1.297789e-05 9.999998e-01 5.819592e-04 -4.029831e+00 3.865372e-03 -5.820018e-04 9.999925e-01 2.606332e+01
9.998308e-01 9.764749e-05 -1.839463e-02 7.934182e+01 -9.871965e-05 1.000000e+00 -5.741563e-05 -4.049857e+00 1.839466e-02 5.921858e-05 9.998307e-01 2.613122e+01
1.000000e+00 -4.687008e-05 -1.187659e-04 7.983769e+01 4.692731e-05 9.999999e-01 4.870635e-04 -4.071097e+00 1.187075e-04 -4.870659e-04 1.000000e+00 2.623998e+01
9.998830e-01 4.983229e-05 -1.529518e-02 8.041413e+01 -5.165648e-05 1.000000e+00 -1.189099e-04 -4.094775e+00 1.529521e-02 1.196829e-04 9.998829e-01 2.633175e+01
9.999989e-01 -7.813898e-05 1.464263e-03 8.104009e+01 7.747052e-05 9.999999e-01 4.561856e-04 -4.120289e+00 -1.464331e-03 -4.560685e-04 9.999989e-01 2.643200e+01
9.999588e-01 5.320898e-05 -9.080366e-03 8.153824e+01 -5.581160e-05 1.000000e+00 -2.864272e-04 -4.144453e+00 9.080383e-03 2.869191e-04 9.999586e-01 2.663513e+01
9.999891e-01 -1.038505e-04 4.659043e-03 8.215384e+01 1.019780e-04 9.999999e-01 4.020296e-04 -4.172530e+00 -4.659116e-03 -4.015470e-04 9.999892e-01 2.683360e+01
9.999163e-01 5.137745e-05 -1.293490e-02 8.281020e+01 -5.397464e-05 1.000000e+00 -2.004813e-04 -4.200199e+00 1.293492e-02 2.011596e-04 9.999162e-01 2.696423e+01
9.999998e-01 -7.729615e-05 6.255539e-04 8.337969e+01 7.698895e-05 9.999999e-01 4.902975e-04 -4.224404e+00 -6.256214e-04 -4.902461e-04 9.999998e-01 2.707728e+01
9.999170e-01 5.793879e-05 -1.288280e-02 8.391282e+01 -6.049741e-05 1.000000e+00 -1.982549e-04 -4.249152e+00 1.288282e-02 1.990148e-04 9.999169e-01 2.726732e+01
9.999992e-01 -7.641187e-05 1.247509e-03 8.437751e+01 7.581078e-05 9.999999e-01 4.815130e-04 -4.272823e+00 -1.247573e-03 -4.814150e-04 9.999992e-01 2.749839e+01
9.999274e-01 5.308085e-05 -1.204745e-02 8.488763e+01 -5.603233e-05 1.000000e+00 -2.446866e-04 -4.295396e+00 1.204746e-02 2.453409e-04 9.999273e-01 2.761940e+01
9.999955e-01 -5.469674e-05 -3.014938e-03 8.534484e+01 5.629780e-05 9.999999e-01 5.310963e-04 -4.312549e+00 3.014883e-03 -5.312606e-04 9.999954e-01 2.760184e+01
9.998702e-01 1.282550e-04 -1.611245e-02 8.578212e+01 -1.300156e-04 1.000000e+00 -1.082469e-04 -4.331134e+00 1.611246e-02 1.103248e-04 9.998701e-01 2.767686e+01
9.999998e-01 -1.269864e-04 -5.365598e-04 8.634447e+01 1.272553e-04 9.999999e-01 5.017944e-04 -4.354541e+00 5.364746e-04 -5.018597e-04 9.999998e-01 2.777947e+01
