9.993729e-01 5.533441e-04 3.540595e-02 2.928239e-01 -5.159124e-04 9.999993e-01 -1.066342e-03 -2.282664e-02 -3.540652e-02 1.047406e-03 9.993725e-01 4.485005e-01
9.999906e-01 5.902614e-05 4.330372e-03 4.919551e-01 -5.842393e-05 1.000000e+00 -1.391910e-04 -4.289940e-02 -4.330372e-03 1.389370e-04 9.999905e-01 9.087623e-01
9.992908e-01 5.748431e-04 3.765012e-02 6.694049e-01 -5.324191e-04 9.999992e-01 -1.136812e-03 -6.090994e-02 -3.765076e-02 1.115960e-03 9.992904e-01 1.311506e+00
9.999949e-01 -4.232944e-05 -3.184524e-03 8.906964e-01 4.261484e-05 1.000000e+00 8.954743e-05 -8.148425e-02 3.184536e-03 -8.968265e-05 9.999948e-01 1.760774e+00
9.990862e-01 6.187736e-04 4.273664e-02 1.005340e+00 -5.632823e-04 9.999990e-01 -1.310477e-03 -9.666338e-02 -4.273743e-02 1.285207e-03 9.990856e-01 2.119421e+00
9.999749e-01 9.648644e-05 7.087451e-03 1.087109e+00 -9.498783e-05 1.000000e+00 -2.117756e-04 -1.092130e-01 -7.087447e-03 2.110968e-04 9.999748e-01 2.406429e+00
9.992463e-01 5.801191e-04 3.881417e-02 1.190855e+00 -5.347639e-04 9.999992e-01 -1.178894e-03 -1.237562e-01 -3.881485e-02 1.157249e-03 9.992458e-01 2.752109e+00
9.999997e-01 1.152201e-05 7.163944e-04 1.323100e+00 -1.151118e-05 1.000000e+00 -1.498489e-05 -1.423663e-01 -7.163625e-04 1.497619e-05 9.999996e-01 3.234765e+00
9.994088e-01 5.355059e-04 3.437643e-02 1.434864e+00 -5.003398e-04 9.999993e-01 -1.031570e-03 -1.615255e-01 -3.437700e-02 1.013761e-03 9.994085e-01 3.769734e+00
9.999834e-01 7.043442e-05 5.764112e-03 1.556335e+00 -6.948533e-05 1.000000e+00 -1.648301e-04 -1.813237e-01 -5.764085e-03 1.644262e-04 9.999833e-01 4.318589e+00
9.993993e-01 5.537873e-04 3.465196e-02 1.689363e+00 -5.178246e-04 9.999993e-01 -1.046795e-03 -2.016907e-01 -3.465256e-02 1.028223e-03 9.993990e-01 4.877495e+00
9.999981e-01 3.125444e-05 1.957974e-03 1.833258e+00 -3.116073e-05 1.000000e+00 -4.777986e-05 -2.209697e-01 -1.957930e-03 4.771793e-05 9.999980e-01 5.375302e+00
9.993581e-01 5.805897e-04 3.581933e-02 2.087513e+00 -5.421833e-04 9.999993e-01 -1.081935e-03 -2.435873e-01 -3.581998e-02 1.061820e-03 9.993578e-01 5.872576e+00
9.999707e-01 1.291615e-04 7.657015e-03 2.285237e+00 -1.275553e-04 1.000000e+00 -2.102191e-04 -2.646877e-01 -7.656988e-03 2.092352e-04 9.999706e-01 6.380228e+00
9.996184e-01 4.444384e-04 2.762190e-02 2.553979e+00 -4.218937e-04 9.999996e-01 -8.220213e-04 -2.883759e-01 -2.762231e-02 8.100551e-04 9.996182e-01 6.898300e+00
9.999955e-01 -1.125972e-05 -2.982865e-03 2.846109e+00 1.169443e-05 1.000000e+00 1.455906e-04 -3.171295e-01 2.982921e-03 -1.456259e-04 9.999954e-01 7.584067e+00
9.994610e-01 5.117586e-04 3.282599e-02 3.052692e+00 -4.786029e-04 9.999994e-01 -1.017905e-03 -3.413115e-01 -3.282655e-02 1.001647e-03 9.994607e-01 8.198530e+00
9.999968e-01 6.442265e-05 2.528193e-03 3.238775e+00 -6.436811e-05 1.000000e+00 -2.147164e-05 -3.639871e-01 -2.528131e-03 2.130758e-05 9.999967e-01 8.779787e+00
9.996084e-01 4.338913e-04 2.797984e-02 3.461690e+00 -4.103178e-04 9.999996e-01 -8.482712e-04 -3.892760e-01 -2.798026e-02 8.364597e-04 9.996082e-01 9.415457e+00
9.999677e-01 1.222913e-04 8.040598e-03 3.659309e+00 -1.203528e-04 1.000000e+00 -2.414998e-04 -4.097470e-01 -8.040558e-03 2.405229e-04 9.999676e-01 9.897378e+00
9.993344e-01 5.252444e-04 3.647652e-02 3.894638e+00 -4.848580e-04 9.999993e-01 -1.116040e-03 -4.247465e-01 -3.647715e-02 1.097613e-03 9.993340e-01 1.008728e+01
9.999964e-01 1.769844e-06 -2.692410e-03 4.376180e+00 -1.538554e-06 1.000000e+00 8.564972e-05 -4.474088e-01 2.692484e-03 -8.564678e-05 9.999963e-01 1.027822e+01
9.997327e-01 3.175079e-04 2.311961e-02 5.011542e+00 -3.013539e-04 9.999997e-01 -7.022235e-04 -4.759505e-01 -2.311990e-02 6.950701e-04 9.997325e-01 1.049743e+01
9.999833e-01 -3.914332e-05 -5.774619e-03 5.706058e+00 4.014869e-05 1.000000e+00 1.738552e-04 -5.057427e-01 5.774689e-03 -1.740858e-04 9.999832e-01 1.068718e+01
9.997586e-01 3.094975e-04 2.196922e-02 6.398012e+00 -2.950804e-04 9.999997e-01 -6.595114e-04 -5.360024e-01 -2.196950e-02 6.528711e-04 9.997585e-01 1.090184e+01
9.999700e-01 -6.719556e-05 -7.749487e-03 6.927156e+00 6.888244e-05 1.000000e+00 2.173045e-04 -5.622934e-01 7.749551e-03 -2.178334e-04 9.999699e-01 1.117094e+01
9.996913e-01 3.501817e-04 2.484410e-02 7.443314e+00 -3.315758e-04 9.999997e-01 -7.530538e-04 -5.878875e-01 -2.484443e-02 7.445852e-04 9.996911e-01 1.143098e+01
9.999875e-01 -2.639269e-05 -5.003209e-03 8.027550e+00 2.705100e-05 1.000000e+00 1.313354e-04 -6.133124e-01 5.003286e-03 -1.314708e-04 9.999874e-01 1.159239e+01
9.996940e-01 3.530171e-04 2.473452e-02 8.570603e+00 -3.347030e-04 9.999997e-01 -7.445956e-04 -6.381939e-01 -2.473486e-02 7.360907e-04 9.996939e-01 1.178858e+01
9.999326e-01 -1.115039e-04 -1.160422e-02 9.115103e+00 1.156605e-04 9.999999e-01 3.574452e-04 -6.669861e-01 1.160426e-02 -3.587650e-04 9.999325e-01 1.214037e+01
9.998082e-01 2.985445e-04 1.958271e-02 9.745883e+00 -2.875223e-04 9.999998e-01 -5.657127e-04 -6.991752e-01 -1.958296e-02 5.599754e-04 9.998082e-01 1.251824e+01
9.999933e-01 -3.127621e-05 -3.644274e-03 1.032268e+01 3.159933e-05 1.000000e+00 8.834174e-05 -7.279672e-01 3.644355e-03 -8.845804e-05 9.999933e-01 1.283058e+01
9.998044e-01 3.265050e-04 1.977387e-02 1.064096e+01 -3.156818e-04 9.999998e-01 -5.505154e-04 -7.531484e-01 -1.977413e-02 5.441672e-04 9.998044e-01 1.334171e+01
9.999742e-01 -7.898758e-05 -7.176627e-03 1.102991e+01 8.036969e-05 1.000000e+00 1.921552e-04 -7.800334e-01 7.176697e-03 -1.927287e-04 9.999742e-01 1.382948e+01
9.998403e-01 2.826960e-04 1.787262e-02 1.148795e+01 -2.738399e-04 9.999998e-01 -4.980132e-04 -8.082726e-01 -1.787284e-02 4.930412e-04 9.998402e-01 1.427512e+01
9.999570e-01 -1.063776e-04 -9.266008e-03 1.188041e+01 1.086228e-04 1.000000e+00 2.416821e-04 -8.341924e-01 9.266069e-03 -2.426800e-04 9.999570e-01 1.470731e+01
9.998190e-01 2.954549e-04 1.902642e-02 1.213343e+01 -2.852561e-04 9.999998e-01 -5.387962e-04 -8.570463e-01 -1.902666e-02 5.332730e-04 9.998189e-01 1.519927e+01
9.999945e-01 -3.635215e-05 -3.316336e-03 1.243114e+01 3.657288e-05 1.000000e+00 6.617140e-05 -8.804263e-01 3.316421e-03 -6.629412e-05 9.999944e-01 1.566128e+01
9.999431e-01 2.003829e-04 1.066367e-02 1.272039e+01 -1.973063e-04 9.999999e-01 -2.896682e-04 -9.038062e-01 -1.066381e-02 2.875495e-04 9.999432e-01 1.612855e+01
9.999999e-01 6.040630e-06 2.236290e-04 1.312652e+01 -6.034710e-06 1.000000e+00 -2.150355e-05 -9.308628e-01 -2.235408e-04 2.150039e-05 9.999999e-01 1.659164e+01
9.999520e-01 2.048523e-04 9.801526e-03 1.344904e+01 -2.022656e-04 9.999999e-01 -2.650042e-04 -9.557682e-01 -9.801669e-03 2.630108e-04 9.999520e-01 1.708356e+01
9.999818e-01 -5.658259e-05 -6.023137e-03 1.357143e+01 5.746884e-05 1.000000e+00 1.467792e-04 -9.756898e-01 6.023218e-03 -1.471245e-04 9.999818e-01 1.763333e+01
9.999801e-01 8.683468e-05 6.309153e-03 1.359319e+01 -8.557715e-05 1.000000e+00 -1.997660e-04 -9.894650e-01 -6.309259e-03 1.992239e-04 9.999801e-01 1.803148e+01
9.999768e-01 -7.574962e-05 -6.808431e-03 1.378355e+01 7.690926e-05 1.000000e+00 1.698936e-04 -1.007593e+00 6.808507e-03 -1.704151e-04 9.999767e-01 1.841350e+01
9.999606e-01 1.495233e-04 8.877469e-03 1.372403e+01 -1.470659e-04 1.000000e+00 -2.775850e-04 -1.019594e+00 -8.877599e-03 2.762703e-04 9.999606e-01 1.883463e+01
9.999831e-01 -9.642875e-05 -5.811940e-03 1.366105e+01 9.710026e-05 1.000000e+00 1.150580e-04 -1.028440e+00 5.812018e-03 -1.156222e-04 9.999830e-01 1.911539e+01
9.999078e-01 2.549580e-04 1.357672e-02 1.398814e+01 -2.497380e-04 9.999999e-01 -3.862573e-04 -1.048750e+00 -1.357691e-02 3.828329e-04 9.999078e-01 1.941135e+01
9.999796e-01 -1.143019e-04 -6.378524e-03 1.441385e+01 1.150124e-04 1.000000e+00 1.108359e-04 -1.069603e+00 6.378601e-03 -1.115691e-04 9.999796e-01 1.959271e+01
9.997725e-01 3.639303e-04 2.132728e-02 1.505215e+01 -3.514697e-04 9.999998e-01 -5.880521e-04 -1.096100e+00 -2.132758e-02 5.804243e-04 9.997724e-01 1.972295e+01
9.999660e-01 -1.468153e-04 -8.246607e-03 1.563995e+01 1.480418e-04 1.000000e+00 1.479594e-04 -1.119734e+00 8.246676e-03 -1.491771e-04 9.999659e-01 1.980432e+01
9.997226e-01 3.936615e-04 2.355069e-02 1.614087e+01 -3.783150e-04 9.999997e-01 -6.561391e-04 -1.142087e+00 -2.355103e-02 6.470494e-04 9.997225e-01 1.995244e+01
9.999968e-01 -5.535086e-05 -2.534577e-03 1.660280e+01 5.538820e-05 1.000000e+00 1.414975e-05 -1.166831e+00 2.534669e-03 -1.429200e-05 9.999967e-01 2.025302e+01
9.999362e-01 2.477780e-04 1.129450e-02 1.689581e+01 -2.446218e-04 9.999999e-01 -2.809358e-04 -1.189488e+00 -1.129466e-02 2.781569e-04 9.999362e-01 2.068543e+01
1.000000e+00 -5.440827e-05 -5.165869e-05 1.736493e+01 5.440628e-05 1.000000e+00 -6.440693e-05 -1.215635e+00 5.175548e-05 6.440220e-05 9.999999e-01 2.102573e+01
9.999463e-01 2.600887e-04 1.036238e-02 1.777955e+01 -2.575415e-04 9.999999e-01 -2.472766e-04 -1.240852e+00 -1.036254e-02 2.445965e-04 9.999463e-01 2.140420e+01
9.999707e-01 -1.425964e-04 -7.649470e-03 1.804198e+01 1.438568e-04 1.000000e+00 1.640301e-04 -1.263766e+00 7.649540e-03 -1.651277e-04 9.999707e-01 2.188943e+01
9.999204e-01 2.793117e-04 1.261779e-02 1.832560e+01 -2.754196e-04 9.999999e-01 -3.103012e-04 -1.287654e+00 -1.261797e-02 3.068032e-04 9.999204e-01 2.238705e+01
9.999967e-01 -6.923209e-05 -2.539251e-03 1.861949e+01 6.930985e-05 1.000000e+00 2.998879e-05 -1.312953e+00 2.539343e-03 -3.016662e-05 9.999967e-01 2.293587e+01
9.999520e-01 2.349123e-04 9.795146e-03 1.898293e+01 -2.326864e-04 9.999999e-01 -2.285275e-04 -1.339703e+00 -9.795294e-03 2.262392e-04 9.999521e-01 2.344402e+01
1.000000e+00 -2.180747e-06 -4.133963e-05 1.925303e+01 2.182157e-06 1.000000e+00 1.268152e-07 -1.368278e+00 4.143444e-05 -1.288269e-07 9.999999e-01 2.416103e+01
9.999707e-01 2.132238e-04 7.654076e-03 1.953817e+01 -2.119058e-04 1.000000e+00 -1.731852e-04 -1.396288e+00 -7.654208e-03 1.715601e-04 9.999708e-01 2.483570e+01
9.999803e-01 -1.023238e-04 -6.273953e-03 1.981397e+01 1.035301e-04 1.000000e+00 1.917138e-04 -1.424431e+00 6.274028e-03 -1.923615e-04 9.999802e-01 2.551877e+01
9.999709e-01 2.055950e-04 7.629289e-03 2.014889e+01 -2.044245e-04 1.000000e+00 -1.543775e-04 -1.454644e+00 -7.629416e-03 1.528153e-04 9.999709e-01 2.621346e+01
9.999966e-01 -3.605031e-05 -2.596417e-03 2.037505e+01 3.617803e-05 1.000000e+00 4.859598e-05 -1.480998e+00 2.596510e-03 -4.869164e-05 9.999966e-01 2.689457e+01
9.997423e-01 3.844653e-04 2.269924e-02 2.058806e+01 -3.701831e-04 9.999997e-01 -6.334532e-04 -1.505416e+00 -2.269957e-02 6.248890e-04 9.997422e-01 2.750954e+01
9.999860e-01 -5.818402e-05 -5.283606e-03 2.095563e+01 5.903849e-05 1.000000e+00 1.612852e-04 -1.534163e+00 5.283693e-03 -1.615968e-04 9.999860e-01 2.809555e+01
9.999571e-01 2.007221e-04 9.269865e-03 2.143914e+01 -1.989337e-04 1.000000e+00 -1.939954e-04 -1.568048e+00 -9.270000e-03 1.921449e-04 9.999571e-01 2.874140e+01
9.999946e-01 -3.872968e-05 -3.266536e-03 2.197050e+01 3.892697e-05 1.000000e+00 5.987763e-05 -1.600654e+00 3.266630e-03 -6.000636e-05 9.999946e-01 2.926820e+01
9.999232e-01 2.324290e-04 1.239739e-02 2.261835e+01 -2.287656e-04 9.999999e-01 -2.970384e-04 -1.634289e+00 -1.239755e-02 2.941813e-04 9.999232e-01 2.967663e+01
9.999584e-01 -8.653241e-05 -9.122111e-03 2.302714e+01 8.928238e-05 1.000000e+00 3.008891e-04 -1.668334e+00 9.122182e-03 -3.016929e-04 9.999583e-01 3.043156e+01
9.998362e-01 3.059670e-04 1.809583e-02 2.341113e+01 -2.966573e-04 9.999998e-01 -5.172323e-04 -1.699194e+00 -1.809608e-02 5.117812e-04 9.998362e-01 3.108507e+01
9.999950e-01 2.555930e-05 3.135838e-03 2.395087e+01 -2.528678e-05 1.000000e+00 -8.645909e-05 -1.729123e+00 -3.135742e-03 8.637748e-05 9.999950e-01 3.148961e+01
9.999008e-01 2.495982e-04 1.408884e-02 2.469977e+01 -2.441163e-04 9.999999e-01 -3.909249e-04 -1.764133e+00 -1.408904e-02 3.874487e-04 9.999007e-01 3.181666e+01
9.999898e-01 4.768239e-05 4.498016e-03 2.519356e+01 -4.706935e-05 1.000000e+00 -1.360429e-04 -1.792589e+00 -4.497924e-03 1.358279e-04 9.999898e-01 3.222327e+01
9.999768e-01 2.032160e-04 6.813983e-03 2.551441e+01 -2.023376e-04 1.000000e+00 -1.298403e-04 -1.823164e+00 -6.814107e-03 1.284605e-04 9.999768e-01 3.295076e+01
9.999978e-01 2.839166e-05 2.087681e-03 2.592275e+01 -2.826860e-05 1.000000e+00 -5.820195e-05 -1.855945e+00 -2.087584e-03 5.814094e-05 9.999978e-01 3.365488e+01
9.999911e-01 1.419568e-04 4.217416e-03 2.634091e+01 -1.415614e-04 1.000000e+00 -9.444825e-05 -1.885468e+00 -4.217528e-03 9.385226e-05 9.999912e-01 3.420518e+01
9.999802e-01 8.570544e-05 6.279243e-03 2.654455e+01 -8.461324e-05 1.000000e+00 -1.739452e-04 -1.911284e+00 -6.279159e-03 1.734086e-04 9.999802e-01 3.488772e+01
9.999919e-01 6.320752e-05 -4.029313e-03 2.656285e+01 -6.246499e-05 1.000000e+00 1.848167e-04 -1.935183e+00 4.029226e-03 -1.845617e-04 9.999919e-01 3.573580e+01
9.999803e-01 9.311635e-05 6.276131e-03 2.657806e+01 -9.220132e-05 1.000000e+00 -1.458266e-04 -1.961063e+00 -6.276045e-03 1.452432e-04 9.999802e-01 3.666889e+01
9.999934e-01 7.343364e-05 -3.638322e-03 2.664317e+01 -7.282564e-05 1.000000e+00 1.676919e-04 -1.988474e+00 3.638235e-03 -1.674240e-04 9.999934e-01 3.759818e+01
9.999867e-01 4.004141e-05 5.139578e-03 2.688099e+01 -3.917903e-05 1.000000e+00 -1.675808e-04 -2.014679e+00 -5.139485e-03 1.673754e-04 9.999867e-01 3.824979e+01
9.999549e-01 -5.208973e-05 -9.506236e-03 2.732172e+01 5.493992e-05 1.000000e+00 2.997337e-04 -2.041209e+00 9.506121e-03 -3.002406e-04 9.999548e-01 3.862748e+01
9.999558e-01 7.933481e-05 9.392214e-03 2.797203e+01 -7.703539e-05 1.000000e+00 -2.450158e-04 -2.074424e+00 -9.392134e-03 2.442797e-04 9.999558e-01 3.900736e+01
9.999673e-01 -4.341554e-05 -8.092848e-03 2.888144e+01 4.563419e-05 1.000000e+00 2.741647e-04 -2.114592e+00 8.092737e-03 -2.745232e-04 9.999673e-01 3.932343e+01
9.998836e-01 1.839002e-04 1.525408e-02 3.004375e+01 -1.781428e-04 9.999999e-01 -3.786918e-04 -2.163001e+00 -1.525405e-02 3.759286e-04 9.998835e-01 3.965046e+01
9.999409e-01 -5.730976e-05 -1.087520e-02 3.082280e+01 6.090986e-05 9.999999e-01 3.308572e-04 -2.201861e+00 1.087508e-02 -3.314982e-04 9.999409e-01 4.009696e+01
9.999085e-01 1.297015e-04 1.352404e-02 3.172049e+01 -1.252168e-04 9.999999e-01 -3.323338e-04 -2.242467e+00 -1.352399e-02 3.306082e-04 9.999084e-01 4.045526e+01
9.999749e-01 2.549410e-05 -7.095261e-03 3.254010e+01 -2.392802e-05 1.000000e+00 2.210375e-04 -2.281866e+00 7.095168e-03 -2.208603e-04 9.999749e-01 4.087238e+01
9.998685e-01 1.972732e-04 1.621123e-02 3.298905e+01 -1.905409e-04 9.999999e-01 -4.167349e-04 -2.314527e+00 -1.621121e-02 4.135894e-04 9.998684e-01 4.151494e+01
9.999795e-01 4.138379e-05 -6.403429e-03 3.340417e+01 -4.011324e-05 1.000000e+00 1.988026e-04 -2.346886e+00 6.403338e-03 -1.985399e-04 9.999795e-01 4.219281e+01
9.999589e-01 7.442532e-05 9.064849e-03 3.387424e+01 -7.256730e-05 1.000000e+00 -2.051217e-04 -2.378822e+00 -9.064764e-03 2.044537e-04 9.999588e-01 4.277159e+01
9.999647e-01 2.535809e-05 -8.407674e-03 3.406845e+01 -2.337797e-05 1.000000e+00 2.358064e-04 -2.404512e+00 8.407580e-03 -2.355997e-04 9.999647e-01 4.345858e+01
9.999575e-01 7.313775e-05 9.217069e-03 3.425605e+01 -7.087749e-05 1.000000e+00 -2.453789e-04 -2.427338e+00 -9.216987e-03 2.447135e-04 9.999574e-01 4.403476e+01
9.999901e-01 5.890846e-05 -4.469708e-03 3.476312e+01 -5.831552e-05 1.000000e+00 1.331533e-04 -2.457499e+00 4.469616e-03 -1.328896e-04 9.999901e-01 4.448952e+01
9.999515e-01 1.043881e-04 9.844285e-03 3.517753e+01 -1.019257e-04 1.000000e+00 -2.504742e-04 -2.487208e+00 -9.844211e-03 2.494570e-04 9.999515e-01 4.505145e+01
9.999993e-01 8.080737e-05 -1.219169e-03 3.540788e+01 -8.078887e-05 1.000000e+00 1.656399e-05 -2.511464e+00 1.219071e-03 -1.646375e-05 9.999993e-01 4.563716e+01
9.999022e-01 1.541842e-04 1.398267e-02 3.550421e+01 -1.487186e-04 9.999999e-01 -3.918041e-04 -2.531926e+00 -1.398263e-02 3.896846e-04 9.999021e-01 4.624263e+01
9.999659e-01 -1.472556e-05 -8.258357e-03 3.555398e+01 1.646738e-05 1.000000e+00 2.110510e-04 -2.549867e+00 8.258254e-03 -2.111781e-04 9.999659e-01 4.679633e+01
9.998510e-01 1.977070e-04 1.725991e-02 3.572541e+01 -1.893059e-04 9.999999e-01 -4.882769e-04 -2.570533e+00 -1.725991e-02 4.849350e-04 9.998509e-01 4.731213e+01
9.999724e-01 2.550827e-05 -7.433641e-03 3.583576e+01 -2.380136e-05 1.000000e+00 2.299377e-04 -2.593784e+00 7.433547e-03 -2.297527e-04 9.999724e-01 4.801130e+01
9.998633e-01 1.974798e-04 1.652765e-02 3.596049e+01 -1.898874e-04 9.999999e-01 -4.608471e-04 -2.618036e+00 -1.652764e-02 4.576441e-04 9.998633e-01 4.873261e+01
9.999719e-01 2.338890e-05 -7.509353e-03 3.609378e+01 -2.164317e-05 1.000000e+00 2.327850e-04 -2.642205e+00 7.509259e-03 -2.326142e-04 9.999718e-01 4.944170e+01
9.997891e-01 2.232093e-04 2.053274e-02 3.642550e+01 -2.108550e-04 9.999998e-01 -6.037694e-04 -2.667956e+00 -2.053277e-02 5.993109e-04 9.997889e-01 4.995062e+01
9.999573e-01 2.566800e-05 -9.251086e-03 3.680267e+01 -2.268108e-05 9.999999e-01 3.231665e-04 -2.698178e+00 9.250993e-03 -3.229411e-04 9.999572e-01 5.059402e+01
9.997971e-01 2.188583e-04 2.014184e-02 3.701808e+01 -2.066985e-04 9.999998e-01 -6.057051e-04 -2.723837e+00 -2.014187e-02 6.014172e-04 9.997969e-01 5.126275e+01
9.998781e-01 -5.927988e-05 -1.561662e-02 3.723385e+01 6.696012e-05 9.999999e-01 4.913913e-04 -2.748121e+00 1.561649e-02 -4.923753e-04 9.998780e-01 5.187034e+01
9.997462e-01 2.144286e-04 2.252449e-02 3.781320e+01 -1.989860e-04 9.999997e-01 -6.877538e-04 -2.778284e+00 -2.252453e-02 6.830955e-04 9.997460e-01 5.222619e+01
9.999886e-01 8.555676e-05 -4.777357e-03 3.821827e+01 -8.477509e-05 1.000000e+00 1.641977e-04 -2.804256e+00 4.777271e-03 -1.637891e-04 9.999886e-01 5.265612e+01
9.995787e-01 3.175253e-04 2.901975e-02 3.842994e+01 -2.914693e-04 9.999996e-01 -9.020390e-04 -2.824930e+00 -2.901992e-02 8.931990e-04 9.995784e-01 5.312897e+01
9.999400e-01 1.614360e-05 -1.095744e-02 3.874554e+01 -1.204898e-05 9.999999e-01 3.739205e-04 -2.849336e+00 1.095735e-02 -3.737644e-04 9.999399e-01 5.361227e+01
9.998255e-01 2.036054e-04 1.867642e-02 3.911748e+01 -1.936674e-04 9.999998e-01 -5.338249e-04 -2.880549e+00 -1.867643e-02 5.301131e-04 9.998254e-01 5.430450e+01
9.999824e-01 2.862418e-05 -5.946199e-03 3.962324e+01 -2.757652e-05 1.000000e+00 1.765863e-04 -2.910270e+00 5.946105e-03 -1.764176e-04 9.999824e-01 5.475160e+01
9.998194e-01 2.386648e-04 1.900076e-02 3.995237e+01 -2.288364e-04 9.999998e-01 -5.193400e-04 -2.938276e+00 -1.900079e-02 5.148965e-04 9.998193e-01 5.536651e+01
9.999633e-01 7.059243e-06 -8.570454e-03 4.015581e+01 -4.845313e-06 1.000000e+00 2.585635e-04 -2.965072e+00 8.570357e-03 -2.585109e-04 9.999633e-01 5.609440e+01
9.997533e-01 2.621426e-04 2.220565e-02 4.032523e+01 -2.483908e-04 9.999998e-01 -6.219672e-04 -2.990101e+00 -2.220571e-02 6.162965e-04 9.997532e-01 5.679083e+01
9.999495e-01 -2.344300e-05 -1.005634e-02 4.054021e+01 2.621172e-05 1.000000e+00 2.753814e-04 -3.014114e+00 1.005623e-02 -2.756294e-04 9.999494e-01 5.739022e+01
9.998806e-01 1.827368e-04 1.544760e-02 4.073971e+01 -1.762555e-04 9.999999e-01 -4.208082e-04 -3.037239e+00 -1.544757e-02 4.180337e-04 9.998805e-01 5.797078e+01
9.999029e-01 -6.879868e-05 -1.393844e-02 4.088160e+01 7.412658e-05 9.999999e-01 3.818676e-04 -3.058789e+00 1.393831e-02 -3.828621e-04 9.999028e-01 5.855755e+01
9.998955e-01 1.507035e-04 1.444888e-02 4.115633e+01 -1.444048e-04 9.999999e-01 -4.368409e-04 -3.078863e+00 -1.444884e-02 4.347072e-04 9.998955e-01 5.889477e+01
9.999566e-01 -2.274378e-05 -9.319331e-03 4.132495e+01 2.512199e-05 1.000000e+00 2.552823e-04 -3.097363e+00 9.319226e-03 -2.555037e-04 9.999566e-01 5.931562e+01
9.998525e-01 1.908140e-04 1.717027e-02 4.152914e+01 -1.821269e-04 9.999999e-01 -5.073960e-04 -3.118120e+00 -1.717027e-02 5.041925e-04 9.998524e-01 5.978754e+01
9.999346e-01 -6.486760e-05 -1.144488e-02 4.202317e+01 6.854062e-05 9.999999e-01 3.207100e-04 -3.144124e+00 1.144476e-02 -3.214719e-04 9.999345e-01 6.007923e+01
9.999261e-01 1.404338e-04 1.214737e-02 4.250654e+01 -1.362822e-04 9.999999e-01 -3.424370e-04 -3.171021e+00 -1.214732e-02 3.407547e-04 9.999261e-01 6.041928e+01
9.999360e-01 -7.819731e-05 -1.131668e-02 4.313347e+01 8.183583e-05 9.999999e-01 3.212277e-04 -3.201242e+00 1.131655e-02 -3.221316e-04 9.999360e-01 6.069973e+01
9.999443e-01 1.007578e-04 1.054485e-02 4.380861e+01 -9.817435e-05 1.000000e+00 -2.453379e-04 -3.235143e+00 -1.054478e-02 2.442875e-04 9.999443e-01 6.107278e+01
9.999821e-01 7.735721e-06 -5.998695e-03 4.459659e+01 -6.819267e-06 1.000000e+00 1.531178e-04 -3.272117e+00 5.998598e-03 -1.530725e-04 9.999820e-01 6.142190e+01
9.999230e-01 1.288696e-04 1.240129e-02 4.541304e+01 -1.249308e-04 9.999999e-01 -3.182342e-04 -3.308551e+00 -1.240123e-02 3.166588e-04 9.999230e-01 6.170613e+01
9.999874e-01 2.200266e-06 -5.034511e-03 4.623190e+01 -1.691667e-06 1.000000e+00 1.014123e-04 -3.343301e+00 5.034413e-03 -1.014009e-04 9.999874e-01 6.191430e+01
9.999341e-01 1.265772e-04 1.147863e-02 4.709873e+01 -1.232527e-04 1.000000e+00 -2.901639e-04 -3.378602e+00 -1.147857e-02 2.887284e-04 9.999340e-01 6.208039e+01
9.999729e-01 -3.552661e-05 -7.374644e-03 4.796275e+01 3.675395e-05 1.000000e+00 1.665565e-04 -3.412625e+00 7.374541e-03 -1.668215e-04 9.999728e-01 6.219740e+01
9.999607e-01 7.045662e-05 8.853843e-03 4.887781e+01 -6.867677e-05 1.000000e+00 -2.011117e-04 -3.448030e+00 -8.853759e-03 2.004942e-04 9.999607e-01 6.230136e+01
9.999928e-01 2.961271e-05 -3.801661e-03 4.968387e+01 -2.944305e-05 1.000000e+00 4.519791e-05 -3.481283e+00 3.801565e-03 -4.508412e-05 9.999928e-01 6.246533e+01
9.999832e-01 2.895455e-05 5.786865e-03 5.049404e+01 -2.832627e-05 1.000000e+00 -1.083152e-04 -3.513914e+00 -5.786771e-03 1.081480e-04 9.999832e-01 6.259207e+01
9.999723e-01 -4.962136e-05 -7.445096e-03 5.130630e+01 5.072691e-05 1.000000e+00 1.485696e-04 -3.545451e+00 7.444991e-03 -1.489416e-04 9.999723e-01 6.266854e+01
9.999172e-01 1.567123e-04 1.286592e-02 5.179353e+01 -1.522821e-04 9.999999e-01 -3.451624e-04 -3.568913e+00 -1.286587e-02 3.431731e-04 9.999171e-01 6.286904e+01
9.999963e-01 6.291954e-06 -2.734970e-03 5.224436e+01 -6.253198e-06 1.000000e+00 1.490007e-05 -3.592415e+00 2.734873e-03 -1.488139e-05 9.999963e-01 6.312490e+01
9.999709e-01 9.611122e-05 7.622731e-03 5.283553e+01 -9.481714e-05 1.000000e+00 -1.698694e-04 -3.620692e+00 -7.622650e-03 1.691401e-04 9.999709e-01 6.337735e+01
9.999955e-01 9.103408e-05 3.031811e-03 5.340403e+01 -9.065382e-05 1.000000e+00 -1.262129e-04 -3.651376e+00 -3.031919e-03 1.259390e-04 9.999954e-01 6.376820e+01
9.999692e-01 1.271435e-04 7.833562e-03 5.411912e+01 -1.263218e-04 1.000000e+00 -1.051269e-04 -3.689877e+00 -7.833479e-03 1.041327e-04 9.999693e-01 6.428409e+01
9.999820e-01 -7.628220e-05 -6.006548e-03 5.514929e+01 7.762166e-05 1.000000e+00 2.231006e-04 -3.737178e+00 6.006434e-03 -2.235613e-04 9.999820e-01 6.474842e+01
9.999861e-01 1.203597e-04 5.259919e-03 5.532020e+01 -1.193627e-04 1.000000e+00 -1.894789e-04 -3.758998e+00 -5.259845e-03 1.888470e-04 9.999861e-01 6.530374e+01
9.999732e-01 1.062350e-04 7.334109e-03 5.574583e+01 -1.051505e-04 1.000000e+00 -1.485216e-04 -3.788063e+00 -7.334221e-03 1.477479e-04 9.999731e-01 6.582158e+01
9.998977e-01 2.303827e-04 1.429568e-02 5.628358e+01 -2.237813e-04 9.999999e-01 -4.632368e-04 -3.818283e+00 -1.429569e-02 4.599889e-04 9.998977e-01 6.624018e+01
9.999993e-01 4.870542e-05 -1.246090e-03 5.663824e+01 -4.852146e-05 1.000000e+00 1.492920e-04 -3.848881e+00 1.246002e-03 -1.492300e-04 9.999992e-01 6.692031e+01
9.999978e-01 4.618758e-05 2.052838e-03 5.691987e+01 -4.595724e-05 1.000000e+00 -1.112758e-04 -3.877066e+00 -2.052748e-03 1.111798e-04 9.999979e-01 6.759130e+01
9.999443e-01 1.659290e-04 1.055751e-02 5.732654e+01 -1.632793e-04 1.000000e+00 -2.520265e-04 -3.903988e+00 -1.055764e-02 2.502900e-04 9.999443e-01 6.804566e+01
9.999843e-01 1.251721e-04 5.589425e-03 5.773775e+01 -1.242274e-04 1.000000e+00 -1.689891e-04 -3.934843e+00 -5.589352e-03 1.682907e-04 9.999843e-01 6.865930e+01
9.999594e-01 1.583009e-04 9.019097e-03 5.813671e+01 -1.565117e-04 1.000000e+00 -1.993173e-04 -3.965746e+00 -9.019222e-03 1.978990e-04 9.999593e-01 6.929120e+01
9.999806e-01 1.069061e-04 6.212365e-03 5.875240e+01 -1.055391e-04 1.000000e+00 -2.200487e-04 -3.998915e+00 -6.212295e-03 2.193874e-04 9.999806e-01 6.972592e+01
9.998108e-01 3.030012e-04 1.945391e-02 5.929322e+01 -2.930421e-04 9.999998e-01 -5.148898e-04 -4.028125e+00 -1.945416e-02 5.090928e-04 9.998107e-01 7.010594e+01
9.999934e-01 -1.408520e-06 -3.620515e-03 5.955417e+01 1.719568e-06 1.000000e+00 8.532983e-05 -4.055123e+00 3.620607e-03 -8.533685e-05 9.999934e-01 7.076192e+01
9.998013e-01 3.261271e-04 1.993258e-02 6.004157e+01 -3.167234e-04 9.999998e-01 -4.750326e-04 -4.090716e+00 -1.993282e-02 4.686264e-04 9.998012e-01 7.146750e+01
9.999952e-01 8.221158e-06 -3.079319e-03 6.070785e+01 -7.946812e-06 1.000000e+00 8.842001e-05 -4.130970e+00 3.079410e-03 -8.839643e-05 9.999952e-01 7.212664e+01
9.999588e-01 1.252935e-04 9.083983e-03 6.157017e+01 -1.231994e-04 1.000000e+00 -2.313200e-04 -4.168614e+00 -9.084102e-03 2.301926e-04 9.999587e-01 7.240304e+01
9.999921e-01 -1.341177e-05 -3.946541e-03 6.232847e+01 1.390087e-05 1.000000e+00 1.233695e-04 -4.204628e+00 3.946630e-03 -1.234247e-04 9.999922e-01 7.275474e+01
9.999045e-01 2.459668e-04 1.382624e-02 6.293800e+01 -2.413733e-04 9.999999e-01 -3.340450e-04 -4.240669e+00 -1.382641e-02 3.306771e-04 9.999044e-01 7.332072e+01
9.999432e-01 -1.505988e-04 -1.065432e-02 6.356218e+01 1.531794e-04 1.000000e+00 2.411980e-04 -4.270948e+00 1.065437e-02 -2.428176e-04 9.999432e-01 7.360891e+01
9.998940e-01 2.538386e-04 1.455938e-02 6.407625e+01 -2.485674e-04 9.999999e-01 -3.640013e-04 -4.298349e+00 -1.455956e-02 3.603450e-04 9.998940e-01 7.392517e+01
9.999999e-01 1.658285e-05 1.545176e-04 6.441133e+01 -1.657470e-05 1.000000e+00 -3.909112e-05 -4.326092e+00 -1.544298e-04 3.908731e-05 1.000000e+00 7.451676e+01
9.998772e-01 2.903182e-04 1.567092e-02 6.468671e+01 -2.844221e-04 9.999999e-01 -3.786004e-04 -4.353787e+00 -1.567112e-02 3.740980e-04 9.998772e-01 7.518758e+01
9.999748e-01 -1.055409e-04 -7.082892e-03 6.503084e+01 1.065812e-04 1.000000e+00 1.461959e-04 -4.380631e+00 7.082963e-03 -1.469484e-04 9.999749e-01 7.571782e+01
9.999202e-01 2.337876e-04 1.263610e-02 6.567283e+01 -2.299734e-04 9.999999e-01 -3.034675e-04 -4.411803e+00 -1.263626e-02 3.005385e-04 9.999201e-01 7.601760e+01
9.999703e-01 -1.396420e-04 -7.699533e-03 6.665103e+01 1.409778e-04 1.000000e+00 1.726649e-04 -4.449181e+00 7.699596e-03 -1.737464e-04 9.999703e-01 7.611669e+01
9.998242e-01 3.628620e-04 1.875057e-02 6.738529e+01 -3.542479e-04 9.999998e-01 -4.628340e-04 -4.484283e+00 -1.875082e-02 4.561114e-04 9.998241e-01 7.646535e+01
9.999343e-01 -2.008368e-04 -1.145784e-02 6.804239e+01 2.038808e-04 9.999999e-01 2.643148e-04 -4.517209e+00 1.145787e-02 -2.666347e-04 9.999343e-01 7.682398e+01
9.998578e-01 3.318651e-04 1.686282e-02 6.891892e+01 -3.253809e-04 9.999999e-01 -3.873923e-04 -4.555386e+00 -1.686303e-02 3.818515e-04 9.998578e-01 7.710229e+01
9.999001e-01 -2.503806e-04 -1.412693e-02 6.965754e+01 2.553945e-04 9.999999e-01 3.529631e-04 -4.591183e+00 1.412693e-02 -3.565370e-04 9.999001e-01 7.746888e+01
9.997901e-01 4.244977e-04 2.048859e-02 7.023465e+01 -4.144810e-04 9.999998e-01 -4.932352e-04 -4.624719e+00 -2.048888e-02 4.846406e-04 9.997900e-01 7.796740e+01
9.998374e-01 -3.071444e-04 -1.802537e-02 7.071595e+01 3.157664e-04 9.999998e-01 4.753615e-04 -4.656713e+00 1.802531e-02 -4.809772e-04 9.998374e-01 7.852870e+01
9.997981e-01 4.086418e-04 2.009484e-02 7.127854e+01 -3.987277e-04 9.999998e-01 -4.974692e-04 -4.688648e+00 -2.009513e-02 4.893575e-04 9.997980e-01 7.897272e+01
9.998712e-01 -2.644921e-04 -1.604438e-02 7.177197e+01 2.718186e-04 9.999999e-01 4.543313e-04 -4.722581e+00 1.604434e-02 -4.586351e-04 9.998712e-01 7.960325e+01
9.997860e-01 4.292619e-04 2.068611e-02 7.231156e+01 -4.190016e-04 9.999998e-01 -5.004317e-04 -4.759094e+00 -2.068641e-02 4.916582e-04 9.997859e-01 8.028164e+01
9.999058e-01 -2.337558e-04 -1.371796e-02 7.272294e+01 2.384923e-04 9.999999e-01 3.434853e-04 -4.789999e+00 1.371796e-02 -3.467257e-04 9.999058e-01 8.089625e+01
9.999438e-01 2.942461e-04 1.060493e-02 7.295162e+01 -2.921577e-04 9.999999e-01 -1.986694e-04 -4.817134e+00 -1.060507e-02 1.955611e-04 9.999438e-01 8.159569e+01
9.999153e-01 -2.670773e-04 -1.300776e-02 7.322678e+01 2.709297e-04 9.999999e-01 2.942394e-04 -4.842318e+00 1.300777e-02 -2.977398e-04 9.999153e-01 8.215064e+01
9.997538e-01 4.833275e-04 2.218884e-02 7.347533e+01 -4.716998e-04 9.999997e-01 -5.293538e-04 -4.868970e+00 -2.218917e-02 5.187580e-04 9.997537e-01 8.281327e+01
9.998997e-01 -2.690387e-04 -1.415658e-02 7.378105e+01 2.739214e-04 9.999999e-01 3.428223e-04 -4.897721e+00 1.415657e-02 -3.466668e-04 9.998997e-01 8.349207e+01
9.997392e-01 4.691838e-04 2.283346e-02 7.417050e+01 -4.563399e-04 9.999997e-01 -5.677970e-04 -4.926750e+00 -2.283380e-02 5.572301e-04 9.997391e-01 8.406574e+01
9.998992e-01 -2.609116e-04 -1.418919e-02 7.458761e+01 2.658838e-04 9.999999e-01 3.483859e-04 -4.956505e+00 1.418918e-02 -3.521245e-04 9.998992e-01 8.463172e+01
9.999139e-01 3.165780e-04 1.312217e-02 7.484797e+01 -3.126777e-04 9.999999e-01 -2.994330e-04 -4.980757e+00 -1.312234e-02 2.953052e-04 9.999139e-01 8.516807e+01
9.999038e-01 -2.278216e-04 -1.386638e-02 7.484452e+01 2.325298e-04 9.999999e-01 3.377835e-04 -5.000514e+00 1.386639e-02 -3.409764e-04 9.999038e-01 8.586635e+01
9.997495e-01 4.586865e-04 2.238001e-02 7.487105e+01 -4.468787e-04 9.999998e-01 -5.326911e-04 -5.024175e+00 -2.238034e-02 5.225575e-04 9.997494e-01 8.669379e+01
9.997279e-01 -3.146192e-04 -2.332149e-02 7.483279e+01 3.291630e-04 9.999998e-01 6.196972e-04 -5.046550e+00 2.332138e-02 -6.272062e-04 9.997278e-01 8.755128e+01
9.998378e-01 4.609066e-04 1.800917e-02 7.478558e+01 -4.526672e-04 9.999998e-01 -4.616984e-04 -5.065820e+00 -1.800946e-02 4.534724e-04 9.998377e-01 8.828433e+01
9.997627e-01 -3.403175e-04 -2.177625e-02 7.467596e+01 3.525744e-04 9.999998e-01 5.589250e-04 -5.081688e+00 2.177613e-02 -5.664712e-04 9.997627e-01 8.893541e+01
9.999031e-01 4.573274e-04 1.391945e-02 7.466212e+01 -4.521409e-04 9.999998e-01 -3.758880e-04 -5.098826e+00 -1.391970e-02 3.695590e-04 9.999031e-01 8.952641e+01
9.997311e-01 -3.494790e-04 -2.318396e-02 7.471201e+01 3.636234e-04 9.999998e-01 6.057931e-04 -5.118313e+00 2.318382e-02 -6.140615e-04 9.997310e-01 9.013539e+01
9.998893e-01 4.288576e-04 1.487477e-02 7.478992e+01 -4.225164e-04 9.999998e-01 -4.295751e-04 -5.135675e+00 -1.487503e-02 4.232437e-04 9.998893e-01 9.062069e+01
9.997949e-01 -3.850389e-04 -2.024290e-02 7.474797e+01 3.956365e-04 9.999998e-01 5.194264e-04 -5.149046e+00 2.024278e-02 -5.273298e-04 9.997949e-01 9.106926e+01
9.998944e-01 4.640876e-04 1.452994e-02 7.475642e+01 -4.585273e-04 9.999998e-01 -3.861422e-04 -5.167444e+00 -1.453020e-02 3.794401e-04 9.998944e-01 9.168166e+01
9.997305e-01 -4.083852e-04 -2.320679e-02 7.493104e+01 4.224998e-04 9.999997e-01 6.032251e-04 -5.189109e+00 2.320662e-02 -6.128685e-04 9.997305e-01 9.222060e+01
9.999395e-01 4.503749e-04 1.099823e-02 7.532774e+01 -4.472224e-04 9.999999e-01 -2.892635e-04 -5.212473e+00 -1.099845e-02 2.843283e-04 9.999395e-01 9.253859e+01
9.997105e-01 -3.894046e-04 -2.405376e-02 7.566460e+01 4.044916e-04 9.999997e-01 6.222806e-04 -5.235871e+00 2.405359e-02 -6.318310e-04 9.997104e-01 9.294699e+01
9.998527e-01 4.066257e-04 1.716568e-02 7.607963e+01 -3.988974e-04 9.999998e-01 -4.537441e-04 -5.260291e+00 -1.716595e-02 4.468309e-04 9.998526e-01 9.327376e+01
9.997551e-01 -4.214149e-04 -2.212225e-02 7.654876e+01 4.330813e-04 9.999998e-01 5.224878e-04 -5.281833e+00 2.212211e-02 -5.319417e-04 9.997551e-01 9.340151e+01
9.998363e-01 4.349458e-04 1.809071e-02 7.684449e+01 -4.250385e-04 9.999998e-01 -5.515864e-04 -5.294479e+00 -1.809103e-02 5.438079e-04 9.998362e-01 9.339965e+01
9.997923e-01 -4.089279e-04 -2.037450e-02 7.734121e+01 4.214108e-04 9.999997e-01 6.082896e-04 -5.321326e+00 2.037433e-02 -6.167503e-04 9.997922e-01 9.371428e+01
9.998640e-01 4.004446e-04 1.649087e-02 7.788595e+01 -3.923951e-04 9.999998e-01 -4.914557e-04 -5.349829e+00 -1.649115e-02 4.849189e-04 9.998639e-01 9.403537e+01
9.998000e-01 -4.258145e-04 -1.998842e-02 7.854229e+01 4.381252e-04 9.999997e-01 6.114216e-04 -5.381066e+00 1.998825e-02 -6.200579e-04 9.998000e-01 9.431846e+01
9.998452e-01 4.043554e-04 1.759656e-02 7.929742e+01 -3.953702e-04 9.999998e-01 -5.142031e-04 -5.414558e+00 -1.759685e-02 5.071673e-04 9.998451e-01 9.456256e+01
9.998311e-01 -4.148873e-04 -1.836973e-02 8.019861e+01 4.253094e-04 9.999998e-01 5.633464e-04 -5.451308e+00 1.836958e-02 -5.710652e-04 9.998311e-01 9.474554e+01
9.998438e-01 3.685495e-04 1.767205e-02 8.144008e+01 -3.606739e-04 9.999998e-01 -4.489381e-04 -5.498659e+00 -1.767230e-02 4.424952e-04 9.998438e-01 9.491364e+01
9.998763e-01 -3.676108e-04 -1.571812e-02 8.299619e+01 3.762899e-04 9.999998e-01 5.490982e-04 -5.555736e+00 1.571800e-02 -5.549459e-04 9.998763e-01 9.507411e+01
9.998060e-01 4.140417e-04 1.969784e-02 8.483782e+01 -4.050685e-04 9.999998e-01 -4.596194e-04 -5.621287e+00 -1.969811e-02 4.515523e-04 9.998059e-01 9.520543e+01
9.998320e-01 -4.376013e-04 -1.832189e-02 8.656918e+01 4.487602e-04 9.999997e-01 6.048399e-04 -5.683662e+00 1.832171e-02 -6.129615e-04 9.998319e-01 9.534194e+01
9.998298e-01 3.826325e-04 1.844970e-02 8.783429e+01 -3.731691e-04 9.999998e-01 -5.164673e-04 -5.729965e+00 -1.844998e-02 5.094955e-04 9.998297e-01 9.544169e+01
9.997694e-01 -5.054753e-04 -2.146695e-02 8.887922e+01 5.200539e-04 9.999996e-01 6.734561e-04 -5.770962e+00 2.146669e-02 -6.844659e-04 9.997693e-01 9.561545e+01
9.997939e-01 3.565726e-04 2.030273e-02 9.062663e+01 -3.477448e-04 9.999998e-01 -4.384244e-04 -5.833504e+00 -2.030297e-02 4.312749e-04 9.997938e-01 9.576122e+01
9.998936e-01 -2.894986e-04 -1.458084e-02 9.272231e+01 2.976683e-04 9.999998e-01 5.580089e-04 -5.905765e+00 1.458076e-02 -5.622909e-04 9.998935e-01 9.585806e+01
9.998390e-01 3.481408e-04 1.794586e-02 9.388995e+01 -3.378273e-04 9.999998e-01 -5.778266e-04 -5.948443e+00 -1.794614e-02 5.716719e-04 9.998388e-01 9.595010e+01
9.998528e-01 -3.681958e-04 -1.714743e-02 9.475313e+01 3.780758e-04 9.999998e-01 5.728345e-04 -5.981727e+00 1.714730e-02 -5.792343e-04 9.998528e-01 9.607025e+01
9.998418e-01 2.694372e-04 1.778769e-02 9.633286e+01 -2.620406e-04 9.999999e-01 -4.182508e-04 -6.037426e+00 -1.778789e-02 4.135245e-04 9.998417e-01 9.617763e+01
9.998106e-01 -4.829531e-04 -1.945421e-02 9.822625e+01 4.969216e-04 9.999996e-01 7.130976e-04 -6.103285e+00 1.945395e-02 -7.226308e-04 9.998105e-01 9.629467e+01
9.998397e-01 2.565215e-04 1.790748e-02 1.002558e+02 -2.495003e-04 9.999999e-01 -3.944100e-04 -6.173592e+00 -1.790767e-02 3.898798e-04 9.998396e-01 9.641695e+01
9.997876e-01 -5.552468e-04 -2.059735e-02 1.024873e+02 5.712024e-04 9.999995e-01 7.686773e-04 -6.248221e+00 2.059700e-02 -7.802804e-04 9.997875e-01 9.645025e+01
9.998763e-01 1.650470e-04 1.573220e-02 1.046954e+02 -1.589343e-04 9.999999e-01 -3.899108e-04 -6.320486e+00 -1.573235e-02 3.873633e-04 9.998762e-01 9.640054e+01
9.997960e-01 -5.299859e-04 -2.018619e-02 1.068491e+02 5.454612e-04 9.999996e-01 7.610375e-04 -6.392083e+00 2.018586e-02 -7.718942e-04 9.997959e-01 9.640279e+01
9.998761e-01 1.552063e-04 1.574735e-02 1.092472e+02 -1.501686e-04 9.999999e-01 -3.212038e-04 -6.473293e+00 -1.574749e-02 3.188003e-04 9.998760e-01 9.648044e+01
9.998230e-01 -4.893275e-04 -1.880309e-02 1.118503e+02 5.044251e-04 9.999996e-01 7.981004e-04 -6.561123e+00 1.880277e-02 -8.074450e-04 9.998229e-01 9.656516e+01
9.998729e-01 2.066591e-04 1.594696e-02 1.140462e+02 -2.002769e-04 9.999999e-01 -4.019209e-04 -6.638521e+00 -1.594713e-02 3.986771e-04 9.998728e-01 9.676177e+01
9.998243e-01 -4.754093e-04 -1.873362e-02 1.162017e+02 4.901928e-04 9.999996e-01 7.844613e-04 -6.713982e+00 1.873332e-02 -7.935078e-04 9.998242e-01 9.692846e+01
9.998432e-01 2.503413e-04 1.771148e-02 1.186858e+02 -2.436035e-04 9.999999e-01 -3.826755e-04 -6.799964e+00 -1.771167e-02 3.783020e-04 9.998431e-01 9.708785e+01
9.998021e-01 -5.224387e-04 -1.988482e-02 1.213892e+02 5.398273e-04 9.999995e-01 8.690126e-04 -6.892907e+00 1.988444e-02 -8.795762e-04 9.998019e-01 9.723683e+01
9.998613e-01 1.708293e-04 1.665559e-02 1.243251e+02 -1.655616e-04 9.999999e-01 -3.177585e-04 -6.991806e+00 -1.665574e-02 3.149580e-04 9.998613e-01 9.732309e+01
9.998451e-01 -4.258696e-04 -1.758922e-02 1.271318e+02 4.395010e-04 9.999996e-01 7.710199e-04 -7.085410e+00 1.758898e-02 -7.786321e-04 9.998450e-01 9.735919e+01
9.998754e-01 1.744555e-04 1.578880e-02 1.294995e+02 -1.684376e-04 9.999999e-01 -3.825919e-04 -7.165856e+00 -1.578895e-02 3.798859e-04 9.998753e-01 9.743663e+01
9.998040e-01 -4.827925e-04 -1.978877e-02 1.316526e+02 4.982184e-04 9.999996e-01 7.745131e-04 -7.240272e+00 1.978848e-02 -7.842216e-04 9.998039e-01 9.754499e+01
9.998525e-01 2.006195e-04 1.718045e-02 1.339270e+02 -1.940969e-04 9.999999e-01 -3.814267e-04 -7.318473e+00 -1.718061e-02 3.780368e-04 9.998524e-01 9.766162e+01
9.998409e-01 -3.977675e-04 -1.782657e-02 1.362082e+02 4.108700e-04 9.999996e-01 7.312410e-04 -7.397091e+00 1.782636e-02 -7.384503e-04 9.998408e-01 9.778770e+01
9.998970e-01 9.057411e-05 1.435553e-02 1.384839e+02 -8.599642e-05 9.999999e-01 -3.196229e-04 -7.475548e+00 -1.435564e-02 3.183566e-04 9.998969e-01 9.790796e+01
9.998314e-01 -4.436529e-04 -1.835373e-02 1.409789e+02 4.581175e-04 9.999996e-01 7.837981e-04 -7.560223e+00 1.835347e-02 -7.920753e-04 9.998312e-01 9.799656e+01
9.998726e-01 1.489157e-04 1.596847e-02 1.435492e+02 -1.436060e-04 9.999999e-01 -3.337736e-04 -7.647502e+00 -1.596860e-02 3.314390e-04 9.998725e-01 9.809341e+01
9.998415e-01 -4.210866e-04 -1.779203e-02 1.461698e+02 4.350671e-04 9.999996e-01 7.818046e-04 -7.736100e+00 1.779178e-02 -7.894226e-04 9.998414e-01 9.817602e+01
9.999026e-01 5.626837e-05 1.395833e-02 1.488729e+02 -5.248713e-05 1.000000e+00 -2.713906e-04 -7.827805e+00 -1.395844e-02 2.706326e-04 9.999026e-01 9.827696e+01
9.998389e-01 -4.025834e-04 -1.794330e-02 1.514505e+02 4.165073e-04 9.999996e-01 7.721599e-04 -7.916892e+00 1.794307e-02 -7.795101e-04 9.998387e-01 9.843877e+01
9.998960e-01 7.237504e-05 1.442573e-02 1.540142e+02 -6.835938e-05 1.000000e+00 -2.789868e-04 -8.006500e+00 -1.442584e-02 2.779728e-04 9.998959e-01 9.864576e+01
9.998572e-01 -3.640091e-04 -1.688973e-02 1.565776e+02 3.767229e-04 9.999996e-01 7.494690e-04 -8.095201e+00 1.688954e-02 -7.557259e-04 9.998570e-01 9.881821e+01
9.999122e-01 6.556557e-05 1.325789e-02 1.587515e+02 -6.106989e-05 9.999999e-01 -3.396364e-04 -8.172901e+00 -1.325801e-02 3.387981e-04 9.999121e-01 9.905104e+01
9.998501e-01 -3.590032e-04 -1.730816e-02 1.608013e+02 3.717233e-04 9.999997e-01 7.316035e-04 -8.247018e+00 1.730798e-02 -7.379289e-04 9.998499e-01 9.929724e+01
9.999111e-01 4.018151e-05 1.333873e-02 1.630245e+02 -3.598479e-05 9.999999e-01 -3.150025e-04 -8.325031e+00 -1.333884e-02 3.144956e-04 9.999110e-01 9.947270e+01
9.998729e-01 -3.115792e-04 -1.593860e-02 1.652775e+02 3.229919e-04 9.999997e-01 7.133555e-04 -8.403087e+00 1.593846e-02 -7.184140e-04 9.998727e-01 9.960969e+01
9.999273e-01 -8.717266e-06 1.206475e-02 1.673685e+02 1.285222e-05 9.999999e-01 -3.428034e-04 -8.474867e+00 -1.206484e-02 3.429347e-04 9.999272e-01 9.970104e+01
9.998775e-01 -2.868675e-04 -1.564459e-02 1.690928e+02 2.965434e-04 9.999998e-01 6.160467e-04 -8.533829e+00 1.564450e-02 -6.206118e-04 9.998774e-01 9.975599e+01
9.999249e-01 -9.421174e-07 1.226232e-02 1.708160e+02 5.213000e-06 9.999999e-01 -3.484106e-04 -8.592758e+00 -1.226241e-02 3.484495e-04 9.999248e-01 9.980992e+01
9.998714e-01 -3.206654e-04 -1.602988e-02 1.727453e+02 3.314174e-04 9.999997e-01 6.679770e-04 -8.657538e+00 1.602975e-02 -6.732049e-04 9.998713e-01 9.983331e+01
9.999276e-01 -3.533499e-05 1.203813e-02 1.749420e+02 3.883221e-05 1.000000e+00 -2.904316e-04 -8.730531e+00 -1.203821e-02 2.908793e-04 9.999275e-01 9.984027e+01
9.998751e-01 -2.912190e-04 -1.579909e-02 1.770326e+02 3.014676e-04 9.999997e-01 6.461811e-04 -8.799990e+00 1.579899e-02 -6.508646e-04 9.998749e-01 9.983241e+01
9.999093e-01 3.341937e-05 1.347527e-02 1.788911e+02 -2.852172e-05 9.999999e-01 -3.637845e-04 -8.862849e+00 -1.347537e-02 3.633684e-04 9.999092e-01 9.986880e+01
9.998831e-01 -2.707866e-04 -1.528061e-02 1.807872e+02 2.808421e-04 9.999997e-01 6.557888e-04 -8.927307e+00 1.528052e-02 -6.600048e-04 9.998830e-01 9.992978e+01
