9.999996e-01 -7.009956e-06 -8.539764e-04 6.582043e-01 7.095192e-06 1.000000e+00 9.982932e-05 -3.463920e-02 8.539758e-04 -9.983583e-05 9.999997e-01 4.258446e-01
9.999998e-01 -5.216859e-06 6.856124e-04 1.704896e+00 5.119823e-06 1.000000e+00 1.415604e-04 -8.785940e-02 -6.856132e-04 -1.415564e-04 9.999997e-01 1.113704e+00
9.999999e-01 2.968991e-05 -5.404932e-04 2.612119e+00 -2.964150e-05 1.000000e+00 8.961273e-05 -1.387769e-01 5.404959e-04 -8.959723e-05 9.999999e-01 1.892392e+00
9.999998e-01 -3.807004e-05 -5.879704e-04 3.503526e+00 3.814618e-05 1.000000e+00 1.294462e-04 -1.857793e-01 5.879653e-04 -1.294681e-04 9.999997e-01 2.520783e+00
9.999904e-01 -9.460725e-06 -4.382372e-03 4.184812e+00 9.990588e-06 1.000000e+00 1.208903e-04 -2.239447e-01 4.382371e-03 -1.209335e-04 9.999905e-01 3.061887e+00
9.999976e-01 -7.142228e-05 2.204626e-03 5.067626e+00 7.136775e-05 1.000000e+00 2.482032e-05 -2.626080e-01 -2.204629e-03 -2.466232e-05 9.999975e-01 3.344972e+00
9.999940e-01 1.041363e-05 -3.469976e-03 5.959401e+00 -1.017765e-05 1.000000e+00 6.803023e-05 -2.999366e-01 3.469977e-03 -6.799511e-05 9.999941e-01 3.559303e+00
9.999816e-01 9.209036e-06 -6.058490e-03 6.276466e+00 -8.311971e-06 1.000000e+00 1.480890e-04 -3.216313e-01 6.058489e-03 -1.480353e-04 9.999815e-01 3.919248e+00
9.999997e-01 3.365430e-07 -8.254331e-04 6.552668e+00 -2.758578e-07 1.000000e+00 7.355135e-05 -3.479058e-01 8.254357e-04 -7.355175e-05 9.999998e-01 4.517052e+00
9.999377e-01 6.968975e-05 -1.115888e-02 6.801586e+00 -6.701648e-05 1.000000e+00 2.399360e-04 -3.701364e-01 1.115890e-02 -2.391725e-04 9.999376e-01 4.991517e+00
9.999506e-01 -3.736212e-05 9.936622e-03 7.323394e+00 3.952386e-05 1.000000e+00 -2.173600e-04 -3.969684e-01 -9.936610e-03 2.177413e-04 9.999507e-01 5.269841e+00
9.999564e-01 7.443600e-05 -9.334204e-03 7.923147e+00 -7.291751e-05 1.000000e+00 1.630178e-04 -4.225812e-01 9.334213e-03 -1.623294e-04 9.999563e-01 5.393348e+00
9.999794e-01 -1.018432e-04 6.415578e-03 8.444609e+00 1.022996e-04 1.000000e+00 -7.081896e-05 -4.506515e-01 -6.415567e-03 7.147313e-05 9.999795e-01 5.729191e+00
9.999640e-01 1.384701e-04 -8.480101e-03 8.629525e+00 -1.368751e-04 1.000000e+00 1.886680e-04 -4.776522e-01 8.480123e-03 -1.874998e-04 9.999639e-01 6.479733e+00
9.999942e-01 -1.449759e-04 3.397167e-03 9.017837e+00 1.448931e-04 1.000000e+00 2.460598e-05 -5.084249e-01 -3.397165e-03 -2.411433e-05 9.999943e-01 7.113211e+00
9.999490e-01 1.309091e-04 -1.009961e-02 9.461569e+00 -1.295382e-04 1.000000e+00 1.363912e-04 -5.330713e-01 1.009962e-02 -1.350753e-04 9.999489e-01 7.408428e+00
9.999995e-01 -1.415075e-04 -9.783249e-04 9.714931e+00 1.414756e-04 1.000000e+00 -3.265176e-05 -5.422494e-01 9.783362e-04 3.251259e-05 9.999996e-01 7.318181e+00
9.999310e-01 1.284300e-04 -1.174516e-02 9.864427e+00 -1.266516e-04 1.000000e+00 1.521552e-04 -5.455670e-01 1.174517e-02 -1.506564e-04 9.999309e-01 7.099518e+00
9.999748e-01 -5.312106e-05 -7.099260e-03 1.006790e+01 5.414284e-05 1.000000e+00 1.437435e-04 -5.495721e-01 7.099262e-03 -1.441251e-04 9.999749e-01 6.871185e+00
9.999744e-01 8.910049e-05 -7.152720e-03 1.050172e+01 -8.813580e-05 1.000000e+00 1.351775e-04 -5.675332e-01 7.152721e-03 -1.345428e-04 9.999743e-01 6.923548e+00
9.999599e-01 -2.355016e-05 8.956458e-03 1.089677e+01 2.601924e-05 1.000000e+00 -2.755670e-04 -5.864215e-01 -8.956440e-03 2.757882e-04 9.999600e-01 7.049624e+00
9.999996e-01 2.177430e-04 8.368993e-04 1.116299e+01 -2.176841e-04 1.000000e+00 -7.040854e-05 -6.042576e-01 -8.369247e-04 7.022709e-05 9.999995e-01 7.317603e+00
9.999893e-01 -2.286658e-04 -4.630674e-03 1.148983e+01 2.290002e-04 1.000000e+00 7.170461e-05 -6.208535e-01 4.630668e-03 -7.276503e-05 9.999894e-01 7.440027e+00
9.999940e-01 2.201687e-04 -3.465209e-03 1.182555e+01 -2.197076e-04 1.000000e+00 1.334291e-04 -6.446598e-01 3.465227e-03 -1.326662e-04 9.999939e-01 7.852631e+00
9.999944e-01 -2.167728e-04 -3.354035e-03 1.211943e+01 2.170042e-04 1.000000e+00 6.865244e-05 -6.701783e-01 3.354032e-03 -6.938069e-05 9.999945e-01 8.394617e+00
9.999907e-01 2.056361e-04 -4.319339e-03 1.250006e+01 -2.050696e-04 1.000000e+00 1.315838e-04 -6.947865e-01 4.319353e-03 -1.306959e-04 9.999906e-01 8.774826e+00
9.999818e-01 -2.092680e-04 -6.027997e-03 1.290217e+01 2.101479e-04 1.000000e+00 1.453456e-04 -7.214297e-01 6.027980e-03 -1.466106e-04 9.999819e-01 9.220207e+00
9.999994e-01 1.667355e-04 1.038204e-03 1.338124e+01 -1.667680e-04 1.000000e+00 3.135588e-05 -7.515876e-01 -1.038213e-03 -3.152813e-05 9.999994e-01 9.709142e+00
9.999922e-01 -2.478551e-04 -3.944780e-03 1.383879e+01 2.476275e-04 1.000000e+00 -5.815985e-05 -7.696718e-01 3.944809e-03 5.718169e-05 9.999923e-01 9.713888e+00
9.999980e-01 -3.752713e-05 1.984898e-03 1.344882e+01 3.793870e-05 1.000000e+00 -2.072697e-04 -7.433293e-01 -1.984905e-03 2.073454e-04 9.999979e-01 8.765876e+00
9.999982e-01 -3.425637e-04 -1.874676e-03 1.286247e+01 3.422183e-04 9.999999e-01 -1.845090e-04 -7.027775e-01 1.874754e-03 1.838663e-04 9.999983e-01 7.422756e+00
9.999996e-01 -5.086810e-06 9.430813e-04 1.239271e+01 5.247082e-06 1.000000e+00 -1.698607e-04 -6.669750e-01 -9.430952e-04 1.698663e-04 9.999994e-01 6.146207e+00
9.999942e-01 -2.124487e-04 -3.402459e-03 1.231574e+01 2.122699e-04 1.000000e+00 -5.289988e-05 -6.522937e-01 3.402485e-03 5.217658e-05 9.999943e-01 5.361665e+00
9.999981e-01 -1.154292e-04 1.970221e-03 1.179911e+01 1.159400e-04 1.000000e+00 -2.591006e-04 -6.194226e-01 -1.970207e-03 2.593292e-04 9.999979e-01 4.277446e+00
9.999976e-01 -2.967620e-04 -2.191228e-03 1.116591e+01 2.964256e-04 9.999999e-01 -1.537986e-04 -5.748303e-01 2.191289e-03 1.531480e-04 9.999977e-01 2.808403e+00
9.999978e-01 -8.385012e-05 2.104174e-03 1.057177e+01 8.433273e-05 1.000000e+00 -2.292373e-04 -5.349535e-01 -2.104170e-03 2.294149e-04 9.999977e-01 1.501645e+00
9.999976e-01 -3.378988e-04 -2.178460e-03 9.944220e+00 3.374994e-04 9.999999e-01 -1.837020e-04 -4.904757e-01 2.178537e-03 1.829657e-04 9.999977e-01 2.208936e-02
9.999979e-01 -6.070319e-05 2.050621e-03 9.339879e+00 6.116483e-05 1.000000e+00 -2.250272e-04 -4.474151e-01 -2.050622e-03 2.251527e-04 9.999978e-01 -1.412390e+00
9.999966e-01 -3.650467e-04 -2.578323e-03 8.735566e+00 3.645118e-04 9.999999e-01 -2.078784e-04 -4.016955e-01 2.578414e-03 2.069373e-04 9.999968e-01 -2.965119e+00
9.999963e-01 -1.076628e-04 2.729524e-03 8.035317e+00 1.083716e-04 1.000000e+00 -2.595242e-04 -3.495821e-01 -2.729511e-03 2.598195e-04 9.999961e-01 -4.690674e+00
9.999975e-01 -2.910304e-04 -2.213775e-03 7.415798e+00 2.906602e-04 9.999999e-01 -1.675245e-04 -3.046657e-01 2.213839e-03 1.668802e-04 9.999976e-01 -6.175907e+00
9.999948e-01 -6.979869e-05 3.216535e-03 6.816444e+00 7.057186e-05 1.000000e+00 -2.402455e-04 -2.633154e-01 -3.216533e-03 2.404717e-04 9.999947e-01 -7.511337e+00
9.999990e-01 -2.463044e-04 -1.380810e-03 6.257143e+00 2.461163e-04 1.000000e+00 -1.363235e-04 -2.275403e-01 1.380859e-03 1.359831e-04 9.999991e-01 -8.632260e+00
9.999961e-01 -7.334069e-05 2.784112e-03 5.707689e+00 7.400406e-05 1.000000e+00 -2.381513e-04 -1.915157e-01 -2.784109e-03 2.383567e-04 9.999960e-01 -9.784620e+00
9.999985e-01 -2.349964e-04 -1.708027e-03 5.201763e+00 2.347654e-04 1.000000e+00 -1.353967e-04 -1.565627e-01 1.708074e-03 1.349952e-04 9.999986e-01 -1.094152e+01
9.999971e-01 -6.659292e-05 2.405772e-03 4.704534e+00 6.713435e-05 1.000000e+00 -2.249588e-04 -1.235297e-01 -2.405772e-03 2.251199e-04 9.999970e-01 -1.202398e+01
9.999947e-01 -3.143874e-04 -3.241227e-03 4.090260e+00 3.138624e-04 9.999999e-01 -1.624679e-04 -8.198576e-02 3.241293e-03 1.614495e-04 9.999948e-01 -1.337021e+01
9.999993e-01 -9.473784e-05 1.210641e-03 3.410275e+00 9.499197e-05 1.000000e+00 -2.098243e-04 -3.657953e-02 -1.210636e-03 2.099393e-04 9.999991e-01 -1.482167e+01
9.999669e-01 -2.231905e-04 -8.132355e-03 2.837883e+00 2.231005e-04 1.000000e+00 -1.197718e-05 1.086887e-03 8.132373e-03 1.016227e-05 9.999670e-01 -1.603845e+01
9.999856e-01 6.435069e-05 -5.374485e-03 2.477782e+00 -6.429620e-05 1.000000e+00 1.030429e-05 2.443266e-02 5.374469e-03 -9.958391e-06 9.999855e-01 -1.685352e+01
9.999282e-01 -1.462931e-04 -1.198434e-02 2.308486e+00 1.475562e-04 1.000000e+00 1.045094e-04 3.883417e-02 1.198434e-02 -1.062704e-04 9.999283e-01 -1.749088e+01
9.999271e-01 2.187735e-04 -1.206916e-02 2.478134e+00 -2.149508e-04 9.999999e-01 3.180253e-04 3.512788e-02 1.206920e-02 -3.154076e-04 9.999270e-01 -1.770939e+01
9.999119e-01 -7.476469e-05 -1.327663e-02 2.873687e+00 7.823760e-05 1.000000e+00 2.610649e-04 1.679657e-02 1.327663e-02 -2.620809e-04 9.999119e-01 -1.757953e+01
9.999693e-01 1.241034e-04 -7.837555e-03 3.047771e+00 -1.232345e-04 1.000000e+00 1.113318e-04 1.084117e-02 7.837544e-03 -1.103622e-04 9.999692e-01 -1.772049e+01
9.997664e-01 5.845710e-05 -2.161295e-02 3.337629e+00 -4.691151e-05 9.999999e-01 5.347074e-04 -2.056573e-03 2.161300e-02 -5.335690e-04 9.997664e-01 -1.767759e+01
9.999606e-01 1.269285e-04 -8.878695e-03 3.724057e+00 -1.250837e-04 1.000000e+00 2.083223e-04 -2.061431e-02 8.878690e-03 -2.072031e-04 9.999605e-01 -1.752448e+01
9.997683e-01 5.964902e-05 -2.152762e-02 4.132521e+00 -4.811838e-05 9.999999e-01 5.361430e-04 -4.014510e-02 2.152768e-02 -5.349834e-04 9.997682e-01 -1.735711e+01
9.999713e-01 1.193464e-04 -7.580294e-03 4.511480e+00 -1.181072e-04 1.000000e+00 1.639075e-04 -5.877809e-02 7.580277e-03 -1.630069e-04 9.999712e-01 -1.719326e+01
9.996318e-01 1.465108e-04 -2.713330e-02 4.814043e+00 -1.278882e-04 9.999998e-01 6.880758e-04 -7.493679e-02 2.713343e-02 -6.843531e-04 9.996317e-01 -1.702092e+01
9.999765e-01 1.137866e-04 -6.850551e-03 5.182311e+00 -1.125292e-04 1.000000e+00 1.838952e-04 -9.426764e-02 6.850529e-03 -1.831192e-04 9.999764e-01 -1.680293e+01
9.995060e-01 2.098709e-04 -3.142811e-02 5.449427e+00 -1.857871e-04 9.999997e-01 7.692362e-04 -1.095390e-01 3.142831e-02 -7.630181e-04 9.995058e-01 -1.661029e+01
9.999588e-01 1.091766e-04 -9.071328e-03 5.817907e+00 -1.065190e-04 1.000000e+00 2.934235e-04 -1.292296e-01 9.071309e-03 -2.924443e-04 9.999587e-01 -1.637289e+01
9.994001e-01 2.678675e-04 -3.463345e-02 6.136802e+00 -2.387862e-04 9.999996e-01 8.438296e-04 -1.471538e-01 3.463371e-02 -8.350544e-04 9.993998e-01 -1.613440e+01
9.999619e-01 1.404473e-04 -8.730883e-03 6.404923e+00 -1.378039e-04 9.999999e-01 3.033186e-04 -1.647820e-01 8.730868e-03 -3.021028e-04 9.999617e-01 -1.583735e+01
9.994828e-01 2.365922e-04 -3.215769e-02 6.720145e+00 -2.120705e-04 9.999997e-01 7.659653e-04 -1.835174e-01 3.215792e-02 -7.587506e-04 9.994826e-01 -1.555377e+01
9.999247e-01 2.124585e-04 -1.227036e-02 6.898651e+00 -2.077591e-04 9.999999e-01 3.842236e-04 -1.981149e-01 1.227037e-02 -3.816442e-04 9.999246e-01 -1.525879e+01
9.995372e-01 2.137092e-04 -3.042120e-02 7.064056e+00 -1.923346e-04 9.999997e-01 7.055601e-04 -2.116340e-01 3.042141e-02 -6.993838e-04 9.995370e-01 -1.499329e+01
9.999281e-01 2.055223e-04 -1.198747e-02 7.202950e+00 -2.013997e-04 9.999999e-01 3.450664e-04 -2.229122e-01 1.198747e-02 -3.426260e-04 9.999280e-01 -1.478375e+01
9.997350e-01 1.179114e-04 -2.301887e-02 7.459698e+00 -1.054786e-04 9.999998e-01 5.413519e-04 -2.399226e-01 2.301901e-02 -5.387819e-04 9.997350e-01 -1.450023e+01
9.999484e-01 1.702623e-04 -1.015915e-02 7.714634e+00 -1.672498e-04 9.999999e-01 2.973118e-04 -2.564430e-01 1.015913e-02 -2.955959e-04 9.999483e-01 -1.424563e+01
9.996920e-01 1.496521e-04 -2.481929e-02 7.900705e+00 -1.362134e-04 9.999998e-01 5.431813e-04 -2.688890e-01 2.481944e-02 -5.396347e-04 9.996919e-01 -1.406369e+01
9.999590e-01 2.035253e-04 -9.053044e-03 8.062091e+00 -2.007459e-04 9.999999e-01 3.078344e-04 -2.826299e-01 9.053027e-03 -3.060028e-04 9.999589e-01 -1.378891e+01
9.999920e-01 6.965534e-05 -3.996153e-03 8.180289e+00 -6.972236e-05 1.000000e+00 -1.643061e-05 -2.967938e-01 3.996232e-03 1.670753e-05 9.999921e-01 -1.347317e+01
9.997010e-01 2.500002e-04 -2.444969e-02 8.286431e+00 -2.322834e-04 9.999997e-01 7.274271e-04 -3.106978e-01 2.444978e-02 -7.215287e-04 9.997007e-01 -1.312703e+01
9.996890e-01 -1.524035e-05 2.493860e-02 8.419963e+00 3.485404e-05 9.999997e-01 -7.860809e-04 -3.292770e-01 -2.493850e-02 7.867041e-04 9.996888e-01 -1.265441e+01
9.999974e-01 4.128014e-04 2.249388e-03 8.569643e+00 -4.126512e-04 9.999999e-01 -6.689140e-05 -3.446681e-01 -2.249495e-03 6.596451e-05 9.999974e-01 -1.233359e+01
9.996364e-01 1.767511e-05 2.696591e-02 8.804932e+00 4.777079e-06 9.999997e-01 -8.325778e-04 -3.622867e-01 -2.696583e-02 8.324024e-04 9.996361e-01 -1.202795e+01
9.999982e-01 4.047451e-04 1.855203e-03 9.141432e+00 -4.046157e-04 9.999999e-01 -6.974365e-05 -3.822366e-01 -1.855308e-03 6.899422e-05 9.999982e-01 -1.175562e+01
9.997221e-01 -1.924996e-05 2.357459e-02 9.576840e+00 3.586988e-05 9.999998e-01 -7.045974e-04 -4.049186e-01 -2.357449e-02 7.052459e-04 9.997219e-01 -1.150394e+01
9.999894e-01 3.231649e-04 -4.588480e-03 1.008847e+01 -3.225257e-04 9.999999e-01 1.399220e-04 -4.322091e-01 4.588451e-03 -1.384394e-04 9.999894e-01 -1.116916e+01
9.997284e-01 -2.792451e-05 2.330771e-02 1.052375e+01 4.386818e-05 9.999998e-01 -6.835646e-04 -4.592851e-01 -2.330762e-02 6.844002e-04 9.997282e-01 -1.074683e+01
9.999422e-01 2.541136e-04 -1.074456e-02 1.097308e+01 -2.507840e-04 9.999999e-01 3.111856e-04 -4.863644e-01 1.074457e-02 -3.084719e-04 9.999421e-01 -1.034975e+01
9.998513e-01 -7.763332e-05 1.724293e-02 1.141147e+01 8.594547e-05 9.999999e-01 -4.813510e-04 -5.147594e-01 -1.724282e-02 4.827602e-04 9.998513e-01 -9.892445e+00
9.999942e-01 3.462818e-04 -3.394141e-03 1.179005e+01 -3.459079e-04 9.999999e-01 1.106102e-04 -5.437145e-01 3.394109e-03 -1.094344e-04 9.999941e-01 -9.314114e+00
9.998996e-01 -1.179579e-04 1.416889e-02 1.200071e+01 1.236698e-04 9.999999e-01 -4.022850e-04 -5.680343e-01 -1.416877e-02 4.039958e-04 9.998996e-01 -8.701033e+00
9.999585e-01 2.759287e-04 -9.107796e-03 1.214095e+01 -2.736796e-04 9.999999e-01 2.481420e-04 -5.883993e-01 9.107795e-03 -2.456380e-04 9.999584e-01 -8.169456e+00
9.999884e-01 -2.271824e-04 4.817644e-03 1.236418e+01 2.278372e-04 1.000000e+00 -1.354577e-04 -6.101212e-01 -4.817544e-03 1.365527e-04 9.999885e-01 -7.697286e+00
9.997797e-01 3.901781e-04 -2.098491e-02 1.243576e+01 -3.789547e-04 9.999998e-01 5.387849e-04 -6.264353e-01 2.098505e-02 -5.307128e-04 9.997796e-01 -7.243191e+00
9.999144e-01 5.883757e-06 -1.308713e-02 1.243953e+01 -1.397444e-06 9.999999e-01 3.428500e-04 -6.385941e-01 1.308720e-02 -3.428034e-04 9.999144e-01 -6.847722e+00
9.997527e-01 3.948883e-04 -2.223586e-02 1.249519e+01 -3.823213e-04 9.999998e-01 5.693929e-04 -6.512631e-01 2.223601e-02 -5.607496e-04 9.997525e-01 -6.486023e+00
9.999048e-01 -1.483883e-05 -1.380170e-02 1.264534e+01 1.944088e-05 9.999999e-01 3.333491e-04 -6.638454e-01 1.380177e-02 -3.335869e-04 9.999048e-01 -6.245417e+00
9.998855e-01 2.830113e-04 -1.512978e-02 1.293483e+01 -2.769984e-04 9.999999e-01 3.994755e-04 -6.812267e-01 1.512981e-02 -3.952376e-04 9.998854e-01 -5.997395e+00
9.999730e-01 -8.242839e-05 -7.348633e-03 1.318194e+01 8.379528e-05 1.000000e+00 1.857900e-04 -6.997723e-01 7.348698e-03 -1.864020e-04 9.999731e-01 -5.667418e+00
9.996745e-01 4.473105e-04 -2.550882e-02 1.330216e+01 -4.308781e-04 9.999997e-01 6.496514e-04 -7.135106e-01 2.550902e-02 -6.384474e-04 9.996743e-01 -5.336592e+00
9.999742e-01 -9.736029e-05 -7.189266e-03 1.345476e+01 9.874005e-05 1.000000e+00 1.916712e-04 -7.282471e-01 7.189331e-03 -1.923775e-04 9.999742e-01 -5.011416e+00
9.998290e-01 3.717499e-04 -1.848717e-02 1.359469e+01 -3.634124e-04 9.999998e-01 4.543074e-04 -7.439776e-01 1.848725e-02 -4.475099e-04 9.998289e-01 -4.634298e+00
9.999897e-01 -2.633964e-04 4.539065e-03 1.392836e+01 2.638874e-04 1.000000e+00 -1.077617e-04 -7.649724e-01 -4.538950e-03 1.089569e-04 9.999898e-01 -4.319360e+00
9.999878e-01 3.184692e-04 -4.915796e-03 1.438880e+01 -3.180011e-04 9.999999e-01 9.584890e-05 -7.896447e-01 4.915740e-03 -9.428310e-05 9.999878e-01 -4.050646e+00
9.999928e-01 -2.695652e-04 3.794389e-03 1.471935e+01 2.698458e-04 1.000000e+00 -7.364375e-05 -8.130858e-01 -3.794283e-03 7.466569e-05 9.999929e-01 -3.649777e+00
9.999965e-01 3.554085e-04 -2.595109e-03 1.508841e+01 -3.552190e-04 9.999999e-01 7.314437e-05 -8.404418e-01 2.595048e-03 -7.222089e-05 9.999966e-01 -3.130576e+00
9.999937e-01 -3.098117e-04 3.557254e-03 1.567375e+01 3.101740e-04 9.999999e-01 -1.015486e-04 -8.691123e-01 -3.557136e-03 1.026500e-04 9.999937e-01 -2.860393e+00
9.999917e-01 3.683127e-04 -4.056045e-03 1.594543e+01 -3.676411e-04 9.999999e-01 1.661128e-04 -8.958850e-01 4.056020e-03 -1.646188e-04 9.999917e-01 -2.233359e+00
9.999912e-01 -3.269204e-04 4.179085e-03 1.643753e+01 3.275420e-04 9.999999e-01 -1.482602e-04 -9.242220e-01 -4.178950e-03 1.496263e-04 9.999913e-01 -1.847150e+00
9.999936e-01 3.776602e-04 -3.559131e-03 1.696048e+01 -3.771229e-04 9.999999e-01 1.513816e-04 -9.530042e-01 3.559101e-03 -1.500370e-04 9.999936e-01 -1.485606e+00
9.999935e-01 -3.327082e-04 3.600826e-03 1.739981e+01 3.331927e-04 9.999999e-01 -1.342019e-04 -9.799679e-01 -3.600695e-03 1.353994e-04 9.999936e-01 -1.087460e+00
9.999941e-01 3.645959e-04 -3.410464e-03 1.791973e+01 -3.641458e-04 9.999999e-01 1.323513e-04 -1.007347e+00 3.410426e-03 -1.311073e-04 9.999941e-01 -7.823060e-01
9.999918e-01 -3.075999e-04 4.048255e-03 1.837088e+01 3.081185e-04 9.999999e-01 -1.276836e-04 -1.035013e+00 -4.048129e-03 1.289285e-04 9.999919e-01 -3.664409e-01
9.999923e-01 3.666901e-04 -3.911089e-03 1.869930e+01 -3.660690e-04 9.999999e-01 1.592966e-04 -1.061397e+00 3.911061e-03 -1.578622e-04 9.999923e-01 1.655143e-01
9.999879e-01 -2.749415e-04 4.921891e-03 1.896727e+01 2.757069e-04 9.999999e-01 -1.549959e-04 -1.086853e+00 -4.921762e-03 1.563497e-04 9.999880e-01 7.444799e-01
9.999985e-01 4.020856e-04 -1.699383e-03 1.939751e+01 -4.019079e-04 9.999999e-01 1.044134e-04 -1.116472e+00 1.699338e-03 -1.037289e-04 9.999985e-01 1.274243e+00
9.999833e-01 -2.633019e-04 5.772293e-03 1.987014e+01 2.643164e-04 9.999999e-01 -1.751355e-04 -1.146937e+00 -5.772161e-03 1.766569e-04 9.999834e-01 1.780986e+00
9.999895e-01 3.256497e-04 -4.571924e-03 2.044401e+01 -3.248426e-04 9.999999e-01 1.770952e-04 -1.177799e+00 4.571896e-03 -1.756069e-04 9.999895e-01 2.160320e+00
9.999475e-01 -1.812514e-04 1.025124e-02 2.102500e+01 1.844314e-04 9.999999e-01 -3.093493e-04 -1.209247e+00 -1.025110e-02 3.112223e-04 9.999475e-01 2.558771e+00
9.999990e-01 4.187265e-04 1.313105e-03 2.137970e+01 -4.187351e-04 9.999999e-01 6.886516e-06 -1.237516e+00 -1.313187e-03 -7.435034e-06 9.999991e-01 3.134711e+00
9.999821e-01 -2.077447e-04 5.980752e-03 2.170404e+01 2.087230e-04 1.000000e+00 -1.630832e-04 -1.266412e+00 -5.980634e-03 1.643273e-04 9.999822e-01 3.785221e+00
9.999883e-01 3.059478e-04 -4.814333e-03 2.203493e+01 -3.050246e-04 9.999999e-01 1.923311e-04 -1.295095e+00 4.814307e-03 -1.908590e-04 9.999883e-01 4.413334e+00
9.999502e-01 -1.554038e-04 9.977037e-03 2.247958e+01 1.584455e-04 9.999999e-01 -3.041521e-04 -1.324849e+00 -9.976905e-03 3.057165e-04 9.999503e-01 4.930194e+00
9.999969e-01 3.490584e-04 -2.461073e-03 2.291706e+01 -3.487339e-04 9.999999e-01 1.320118e-04 -1.355439e+00 2.461035e-03 -1.311519e-04 9.999969e-01 5.493298e+00
9.999303e-01 -1.396153e-04 1.180818e-02 2.329266e+01 1.439877e-04 9.999999e-01 -3.694918e-04 -1.383442e+00 -1.180805e-02 3.711650e-04 9.999303e-01 6.033182e+00
9.999633e-01 2.720574e-04 -8.559270e-03 2.360779e+01 -2.694404e-04 9.999999e-01 3.068255e-04 -1.410166e+00 8.559269e-03 -3.045068e-04 9.999632e-01 6.596246e+00
9.998049e-01 -6.201218e-05 1.975316e-02 2.408009e+01 7.425623e-05 9.999998e-01 -6.191553e-04 -1.438423e+00 -1.975303e-02 6.205001e-04 9.998048e-01 7.013058e+00
9.999461e-01 2.566373e-04 -1.037863e-02 2.457111e+01 -2.529806e-04 9.999999e-01 3.535715e-04 -1.465891e+00 1.037864e-02 -3.509257e-04 9.999460e-01 7.368725e+00
9.998933e-01 -1.193562e-04 1.460679e-02 2.491432e+01 1.260889e-04 9.999999e-01 -4.600543e-04 -1.491149e+00 -1.460665e-02 4.618458e-04 9.998933e-01 7.827020e+00
9.999196e-01 2.209188e-04 -1.267855e-02 2.535673e+01 -2.151917e-04 9.999999e-01 4.530318e-04 -1.520979e+00 1.267856e-02 -4.502659e-04 9.999194e-01 8.346213e+00
9.997106e-01 6.520980e-06 2.405612e-02 2.597602e+01 1.139049e-05 9.999997e-01 -7.444602e-04 -1.553926e+00 -2.405604e-02 7.445176e-04 9.997104e-01 8.760936e+00
9.998931e-01 2.136671e-04 -1.461967e-02 2.663067e+01 -2.059889e-04 9.999998e-01 5.266604e-04 -1.588645e+00 1.461970e-02 -5.235915e-04 9.998929e-01 9.199887e+00
9.997931e-01 -4.102303e-05 2.034094e-02 2.717823e+01 5.371156e-05 9.999998e-01 -6.232773e-04 -1.622546e+00 -2.034083e-02 6.242398e-04 9.997930e-01 9.754290e+00
9.998924e-01 2.159742e-04 -1.466778e-02 2.751747e+01 -2.087145e-04 9.999999e-01 4.964318e-04 -1.650178e+00 1.466780e-02 -4.933159e-04 9.998922e-01 1.032868e+01
9.997159e-01 -1.462672e-05 2.383606e-02 2.791005e+01 3.217970e-05 9.999997e-01 -7.360459e-04 -1.678143e+00 -2.383597e-02 7.366028e-04 9.997157e-01 1.084429e+01
9.998361e-01 1.568629e-04 -1.810229e-02 2.852667e+01 -1.464955e-04 9.999998e-01 5.740100e-04 -1.708429e+00 1.810230e-02 -5.712629e-04 9.998359e-01 1.114386e+01
9.997458e-01 -3.676505e-05 2.254659e-02 2.923052e+01 5.172749e-05 9.999998e-01 -6.630654e-04 -1.743094e+00 -2.254648e-02 6.640621e-04 9.997457e-01 1.151044e+01
9.999479e-01 2.677089e-04 -1.020696e-02 3.005062e+01 -2.642179e-04 9.999999e-01 3.433191e-04 -1.780485e+00 1.020697e-02 -3.406033e-04 9.999478e-01 1.184019e+01
9.995726e-01 5.199903e-05 2.923464e-02 3.077384e+01 -2.655536e-05 9.999996e-01 -8.707316e-04 -1.814298e+00 -2.923460e-02 8.695822e-04 9.995723e-01 1.215455e+01
9.999383e-01 2.656642e-04 -1.110792e-02 3.148095e+01 -2.614376e-04 9.999999e-01 3.819183e-04 -1.849140e+00 1.110795e-02 -3.789898e-04 9.999381e-01 1.253194e+01
9.996974e-01 -1.995233e-06 2.459945e-02 3.215036e+01 1.972216e-05 9.999997e-01 -7.203989e-04 -1.883597e+00 -2.459937e-02 7.206652e-04 9.996972e-01 1.294541e+01
9.999101e-01 2.187505e-04 -1.340490e-02 3.276157e+01 -2.131385e-04 9.999999e-01 4.200511e-04 -1.915406e+00 1.340492e-02 -4.171554e-04 9.999100e-01 1.332467e+01
9.998031e-01 -5.028550e-05 1.984261e-02 3.336845e+01 6.135729e-05 9.999998e-01 -5.573935e-04 -1.948902e+00 -1.984251e-02 5.585004e-04 9.998030e-01 1.378231e+01
9.999877e-01 3.282123e-04 -4.945227e-03 3.406085e+01 -3.273385e-04 9.999999e-01 1.774415e-04 -1.985247e+00 4.945213e-03 -1.758197e-04 9.999877e-01 1.424746e+01
9.999543e-01 -2.133224e-04 9.561568e-03 3.496021e+01 2.156812e-04 9.999999e-01 -2.457079e-04 -2.025507e+00 -9.561443e-03 2.477581e-04 9.999543e-01 1.458788e+01
9.999830e-01 3.258410e-04 -5.815125e-03 3.572217e+01 -3.245940e-04 9.999999e-01 2.153339e-04 -2.063558e+00 5.815123e-03 -2.134420e-04 9.999830e-01 1.502708e+01
9.999321e-01 -1.824197e-04 1.165655e-02 3.646510e+01 1.862114e-04 9.999999e-01 -3.242309e-04 -2.100448e+00 -1.165642e-02 3.263787e-04 9.999321e-01 1.543963e+01
9.999883e-01 3.366676e-04 -4.816508e-03 3.722137e+01 -3.358488e-04 9.999999e-01 1.707369e-04 -2.136921e+00 4.816494e-03 -1.691166e-04 9.999883e-01 1.581345e+01
9.998904e-01 -1.271478e-04 1.480841e-02 3.791336e+01 1.332283e-04 9.999999e-01 -4.096491e-04 -2.172200e+00 -1.480829e-02 4.115763e-04 9.998904e-01 1.623374e+01
9.999948e-01 3.771339e-04 -3.198672e-03 3.820442e+01 -3.767755e-04 9.999999e-01 1.125533e-04 -2.200258e+00 3.198645e-03 -1.113469e-04 9.999948e-01 1.689439e+01
9.999300e-01 -1.502107e-04 1.182915e-02 3.871422e+01 1.535378e-04 9.999999e-01 -2.803797e-04 -2.235231e+00 -1.182904e-02 2.821756e-04 9.999301e-01 1.755199e+01
9.999761e-01 2.957151e-04 -6.910686e-03 3.943948e+01 -2.941789e-04 9.999999e-01 2.232645e-04 -2.273934e+00 6.910683e-03 -2.212255e-04 9.999760e-01 1.806919e+01
9.999497e-01 -2.002048e-04 1.002610e-02 4.024647e+01 2.024078e-04 1.000000e+00 -2.187386e-04 -2.313708e+00 -1.002599e-02 2.207563e-04 9.999498e-01 1.851795e+01
9.999763e-01 3.055432e-04 -6.877592e-03 4.097552e+01 -3.040300e-04 9.999999e-01 2.210278e-04 -2.352185e+00 6.877591e-03 -2.189309e-04 9.999762e-01 1.901703e+01
9.999438e-01 -2.077520e-04 1.060247e-02 4.183709e+01 2.104568e-04 9.999999e-01 -2.540223e-04 -2.392419e+00 -1.060235e-02 2.562387e-04 9.999438e-01 1.940631e+01
9.999758e-01 3.137757e-04 -6.950004e-03 4.264731e+01 -3.122862e-04 9.999999e-01 2.153668e-04 -2.431015e+00 6.950004e-03 -2.131906e-04 9.999757e-01 1.980043e+01
9.999353e-01 -1.935941e-04 1.137404e-02 4.339250e+01 1.968904e-04 9.999999e-01 -2.887115e-04 -2.467153e+00 -1.137392e-02 2.909316e-04 9.999354e-01 2.017928e+01
9.999852e-01 3.505652e-04 -5.421093e-03 4.397925e+01 -3.496774e-04 9.999999e-01 1.646652e-04 -2.500370e+00 5.421084e-03 -1.627666e-04 9.999852e-01 2.065009e+01
9.999582e-01 -2.481350e-04 9.136830e-03 4.463239e+01 2.504471e-04 9.999999e-01 -2.519305e-04 -2.532142e+00 -9.136701e-03 2.542077e-04 9.999583e-01 2.095984e+01
9.999965e-01 4.212937e-04 -2.625005e-03 4.502589e+01 -4.210206e-04 9.999999e-01 1.044981e-04 -2.561687e+00 2.624983e-03 -1.033920e-04 9.999965e-01 2.154057e+01
9.999375e-01 -2.195308e-04 1.117992e-02 4.533939e+01 2.230492e-04 9.999999e-01 -3.134802e-04 -2.589070e+00 -1.117978e-02 3.159537e-04 9.999375e-01 2.213770e+01
9.999903e-01 3.855880e-04 -4.380919e-03 4.563987e+01 -3.850278e-04 9.999999e-01 1.286742e-04 -2.614149e+00 4.380904e-03 -1.269857e-04 9.999903e-01 2.265539e+01
9.999275e-01 -2.148645e-04 1.203751e-02 4.589055e+01 2.190914e-04 9.999999e-01 -3.498424e-04 -2.637307e+00 -1.203737e-02 3.524539e-04 9.999276e-01 2.316560e+01
9.999978e-01 4.252921e-04 -2.039106e-03 4.633825e+01 -4.251083e-04 9.999999e-01 9.043543e-05 -2.667631e+00 2.039081e-03 -8.956792e-05 9.999978e-01 2.370596e+01
9.999716e-01 -3.096387e-04 7.525612e-03 4.695237e+01 3.115707e-04 9.999999e-01 -2.555678e-04 -2.696860e+00 -7.525469e-03 2.579049e-04 9.999717e-01 2.396333e+01
9.999983e-01 4.264471e-04 -1.773123e-03 4.724576e+01 -4.263754e-04 9.999999e-01 4.072681e-05 -2.715874e+00 1.773078e-03 -3.997029e-05 9.999983e-01 2.424175e+01
9.999610e-01 -2.924715e-04 8.832996e-03 4.769433e+01 2.948746e-04 9.999999e-01 -2.707801e-04 -2.739537e+00 -8.832854e-03 2.733737e-04 9.999610e-01 2.449876e+01
9.999980e-01 4.364244e-04 -1.966758e-03 4.819028e+01 -4.362982e-04 9.999999e-01 6.449811e-05 -2.766270e+00 1.966725e-03 -6.363949e-05 9.999980e-01 2.482287e+01
9.999573e-01 -3.509965e-04 9.235997e-03 4.851948e+01 3.547229e-04 9.999999e-01 -4.018447e-04 -2.777535e+00 -9.235794e-03 4.051034e-04 9.999574e-01 2.472653e+01
9.999987e-01 5.070333e-04 1.491843e-03 4.872206e+01 -5.070271e-04 9.999999e-01 -4.469371e-06 -2.789724e+00 -1.491905e-03 3.713280e-06 9.999988e-01 2.483790e+01
9.999422e-01 -3.288652e-04 1.074580e-02 4.919262e+01 3.337622e-04 9.999998e-01 -4.539364e-04 -2.807477e+00 -1.074559e-02 4.574964e-04 9.999422e-01 2.483262e+01
9.999129e-01 6.828906e-04 1.317843e-02 4.968821e+01 -6.792356e-04 9.999997e-01 -2.818137e-04 -2.830907e+00 -1.317868e-02 2.728381e-04 9.999130e-01 2.502466e+01
9.999533e-01 -3.400394e-04 9.661447e-03 5.003405e+01 3.438614e-04 9.999999e-01 -3.939357e-04 -2.854726e+00 -9.661256e-03 3.972393e-04 9.999533e-01 2.543367e+01
9.998717e-01 7.240953e-04 1.600037e-02 5.033944e+01 -7.181846e-04 9.999997e-01 -3.751513e-04 -2.878077e+00 -1.600069e-02 3.636120e-04 9.998718e-01 2.588344e+01
9.999466e-01 -3.304294e-04 1.033376e-02 5.059621e+01 3.347531e-04 9.999999e-01 -4.166893e-04 -2.898406e+00 -1.033357e-02 4.201263e-04 9.999466e-01 2.627037e+01
9.998736e-01 7.393224e-04 1.588077e-02 5.087598e+01 -7.337798e-04 9.999997e-01 -3.548345e-04 -2.922229e+00 -1.588108e-02 3.431366e-04 9.998737e-01 2.677165e+01
9.999890e-01 -4.086132e-04 4.667472e-03 5.115879e+01 4.097779e-04 9.999999e-01 -2.485669e-04 -2.945377e+00 -4.667323e-03 2.504770e-04 9.999892e-01 2.724294e+01
9.998810e-01 7.242613e-04 1.541081e-02 5.150485e+01 -7.186051e-04 9.999997e-01 -3.725608e-04 -2.968530e+00 -1.541112e-02 3.614420e-04 9.998811e-01 2.763014e+01
9.999967e-01 -4.395412e-04 2.551417e-03 5.196543e+01 4.399804e-04 9.999999e-01 -1.715540e-04 -2.993230e+00 -2.551298e-03 1.726763e-04 9.999968e-01 2.792723e+01
9.997798e-01 8.185673e-04 2.097072e-02 5.230540e+01 -8.073884e-04 9.999995e-01 -5.415346e-04 -3.017451e+00 -2.097120e-02 5.244834e-04 9.997798e-01 2.837064e+01
9.999864e-01 -3.821334e-04 5.195056e-03 5.252899e+01 3.831784e-04 9.999999e-01 -2.001493e-04 -3.041988e+00 -5.194940e-03 2.021376e-04 9.999866e-01 2.898007e+01
9.999281e-01 6.980721e-04 1.197112e-02 5.268649e+01 -6.948861e-04 9.999997e-01 -2.703032e-04 -3.067147e+00 -1.197134e-02 2.619647e-04 9.999282e-01 2.969388e+01
9.999425e-01 -3.327262e-04 1.071667e-02 5.288640e+01 3.370334e-04 9.999999e-01 -4.001048e-04 -3.088627e+00 -1.071650e-02 4.036942e-04 9.999426e-01 3.020678e+01
9.998657e-01 7.558316e-04 1.637265e-02 5.313305e+01 -7.490050e-04 9.999996e-01 -4.230801e-04 -3.110655e+00 -1.637300e-02 4.107594e-04 9.998658e-01 3.068025e+01
9.998641e-01 -2.608346e-04 1.648297e-02 5.356519e+01 2.698653e-04 9.999998e-01 -5.456522e-04 -3.134808e+00 -1.648279e-02 5.500270e-04 9.998641e-01 3.099402e+01
9.998364e-01 7.850084e-04 1.806909e-02 5.400972e+01 -7.762725e-04 9.999996e-01 -4.904874e-04 -3.159402e+00 -1.806950e-02 4.763798e-04 9.998365e-01 3.131063e+01
9.999006e-01 -3.023332e-04 1.409920e-02 5.448155e+01 3.090388e-04 9.999998e-01 -4.734194e-04 -3.182066e+00 -1.409904e-02 4.777304e-04 9.999006e-01 3.150901e+01
9.998923e-01 7.435683e-04 1.466007e-02 5.479078e+01 -7.379386e-04 9.999997e-01 -3.894310e-04 -3.204732e+00 -1.466037e-02 3.785697e-04 9.998924e-01 3.192708e+01
9.999646e-01 -3.955943e-04 8.402158e-03 5.525863e+01 3.981102e-04 9.999999e-01 -2.977613e-04 -3.229481e+00 -8.402021e-03 3.010968e-04 9.999648e-01 3.221346e+01
9.999217e-01 7.303459e-04 1.248931e-02 5.559852e+01 -7.263323e-04 9.999997e-01 -3.258977e-04 -3.253437e+00 -1.248956e-02 3.167996e-04 9.999219e-01 3.264033e+01
9.999763e-01 -4.181057e-04 6.878906e-03 5.593602e+01 4.197736e-04 9.999999e-01 -2.410079e-04 -3.278031e+00 -6.878791e-03 2.438910e-04 9.999764e-01 3.309670e+01
9.998643e-01 7.757776e-04 1.645421e-02 5.636405e+01 -7.679222e-04 9.999996e-01 -4.837235e-04 -3.300842e+00 -1.645459e-02 4.710210e-04 9.998644e-01 3.336219e+01
9.999905e-01 -4.474910e-04 4.325727e-03 5.664030e+01 4.481497e-04 9.999999e-01 -1.512950e-04 -3.321744e+00 -4.325649e-03 1.532336e-04 9.999907e-01 3.374924e+01
9.998982e-01 7.372318e-04 1.424667e-02 5.710760e+01 -7.314299e-04 9.999996e-01 -4.124520e-04 -3.347395e+00 -1.424697e-02 4.019881e-04 9.998983e-01 3.407051e+01
9.999972e-01 -4.650460e-04 2.318764e-03 5.758351e+01 4.651929e-04 9.999999e-01 -6.282338e-05 -3.375116e+00 -2.318728e-03 6.390337e-05 9.999974e-01 3.446865e+01
9.998244e-01 7.893370e-04 1.872401e-02 5.793091e+01 -7.783965e-04 9.999995e-01 -5.915832e-04 -3.396545e+00 -1.872447e-02 5.769030e-04 9.998244e-01 3.477946e+01
9.999976e-01 -4.590136e-04 2.162675e-03 5.823268e+01 4.590942e-04 9.999999e-01 -3.676213e-05 -3.418303e+00 -2.162656e-03 3.775655e-05 9.999978e-01 3.516583e+01
9.998847e-01 7.300303e-04 1.516688e-02 5.875559e+01 -7.224980e-04 9.999996e-01 -5.020983e-04 -3.443797e+00 -1.516724e-02 4.910807e-04 9.998848e-01 3.540545e+01
9.999998e-01 -4.809369e-04 4.695795e-04 5.935628e+01 4.809212e-04 9.999999e-01 3.350401e-05 -3.472188e+00 -4.695971e-04 -3.327644e-05 1.000000e+00 3.566413e+01
9.999186e-01 6.914998e-04 1.273711e-02 6.003945e+01 -6.856325e-04 9.999997e-01 -4.650101e-04 -3.498142e+00 -1.273743e-02 4.562376e-04 9.999187e-01 3.570796e+01
9.999865e-01 -4.172249e-04 5.185991e-03 6.067315e+01 4.178460e-04 9.999999e-01 -1.186921e-04 -3.521124e+00 -5.185945e-03 1.208593e-04 9.999866e-01 3.570212e+01
9.998836e-01 7.382539e-04 1.523939e-02 6.115938e+01 -7.301314e-04 9.999996e-01 -5.385421e-04 -3.542202e+00 -1.523977e-02 5.273507e-04 9.998836e-01 3.581568e+01
9.999909e-01 -4.350703e-04 4.251460e-03 6.170231e+01 4.353575e-04 9.999999e-01 -6.666745e-05 -3.566734e+00 -4.251439e-03 6.851970e-05 9.999911e-01 3.599354e+01
9.998872e-01 7.402251e-04 1.499847e-02 6.238171e+01 -7.321773e-04 9.999996e-01 -5.420566e-04 -3.591979e+00 -1.499885e-02 5.310119e-04 9.998873e-01 3.602297e+01
9.999758e-01 -3.950977e-04 6.949268e-03 6.275735e+01 3.961345e-04 9.999999e-01 -1.478439e-04 -3.610940e+00 -6.949221e-03 1.505952e-04 9.999759e-01 3.620097e+01
9.997795e-01 7.985598e-04 2.098445e-02 6.280079e+01 -7.834139e-04 9.999994e-01 -7.299737e-04 -3.623343e+00 -2.098500e-02 7.133711e-04 9.997794e-01 3.652419e+01
9.999571e-01 -3.303143e-04 9.258790e-03 6.300352e+01 3.320922e-04 9.999999e-01 -1.905071e-04 -3.642045e+00 -9.258744e-03 1.935760e-04 9.999572e-01 3.692507e+01
9.998129e-01 7.812522e-04 1.932752e-02 6.357756e+01 -7.678970e-04 9.999995e-01 -6.983964e-04 -3.665523e+00 -1.932803e-02 6.834219e-04 9.998129e-01 3.702611e+01
9.998995e-01 -2.480325e-04 1.417522e-02 6.414551e+01 2.525200e-04 9.999999e-01 -3.148049e-04 -3.688097e+00 -1.417516e-02 3.183552e-04 9.998996e-01 3.710167e+01
9.998108e-01 7.759592e-04 1.943381e-02 6.468379e+01 -7.619421e-04 9.999994e-01 -7.286473e-04 -3.709068e+00 -1.943434e-02 7.136996e-04 9.998108e-01 3.714902e+01
9.998469e-01 -1.884722e-04 1.749437e-02 6.521784e+01 1.952644e-04 9.999999e-01 -3.865667e-04 -3.730113e+00 -1.749433e-02 3.899261e-04 9.998470e-01 3.720667e+01
9.997692e-01 7.918481e-04 2.147009e-02 6.568665e+01 -7.747079e-04 9.999994e-01 -8.066126e-04 -3.748569e+00 -2.147068e-02 7.897907e-04 9.997691e-01 3.723835e+01
9.998507e-01 -1.904186e-04 1.727667e-02 6.609663e+01 1.967548e-04 9.999999e-01 -3.650813e-04 -3.766068e+00 -1.727664e-02 3.684289e-04 9.998508e-01 3.730964e+01
9.998120e-01 7.205366e-04 1.937481e-02 6.640805e+01 -7.052493e-04 9.999994e-01 -7.958195e-04 -3.777151e+00 -1.937533e-02 7.820029e-04 9.998119e-01 3.723272e+01
9.999172e-01 -2.786521e-04 1.286486e-02 6.674148e+01 2.818992e-04 9.999999e-01 -2.506409e-04 -3.785684e+00 -1.286483e-02 2.542497e-04 9.999173e-01 3.701792e+01
9.998772e-01 7.119674e-04 1.565598e-02 6.721671e+01 -7.015126e-04 9.999995e-01 -6.732209e-04 -3.802006e+00 -1.565640e-02 6.621523e-04 9.998771e-01 3.695813e+01
9.999423e-01 -2.962523e-04 1.073453e-02 6.779758e+01 2.980463e-04 9.999999e-01 -1.656052e-04 -3.821574e+00 -1.073453e-02 1.687981e-04 9.999425e-01 3.689492e+01
9.999412e-01 6.233011e-04 1.082418e-02 6.852846e+01 -6.175876e-04 9.999997e-01 -5.310953e-04 -3.844774e+00 -1.082446e-02 5.243761e-04 9.999412e-01 3.677470e+01
9.999455e-01 -3.007157e-04 1.043683e-02 6.928858e+01 3.022292e-04 9.999999e-01 -1.435283e-04 -3.868901e+00 -1.043684e-02 1.466780e-04 9.999456e-01 3.665547e+01
9.998842e-01 6.735405e-04 1.520187e-02 6.995943e+01 -6.629542e-04 9.999995e-01 -7.013528e-04 -3.888654e+00 -1.520228e-02 6.911902e-04 9.998841e-01 3.648406e+01
9.999790e-01 -3.539843e-04 6.472766e-03 7.063313e+01 3.539020e-04 9.999999e-01 1.370789e-05 -3.911344e+00 -6.472828e-03 -1.141360e-05 9.999791e-01 3.641957e+01
9.999637e-01 5.831365e-04 8.497804e-03 7.151061e+01 -5.790727e-04 9.999997e-01 -4.805383e-04 -3.940026e+00 -8.498023e-03 4.755967e-04 9.999637e-01 3.632165e+01
9.999569e-01 -3.153355e-04 9.275058e-03 7.234040e+01 3.160498e-04 9.999999e-01 -7.567010e-05 -3.966859e+00 -9.275094e-03 7.860155e-05 9.999571e-01 3.621686e+01
9.999675e-01 5.608478e-04 8.040994e-03 7.303588e+01 -5.568273e-04 9.999997e-01 -5.020790e-04 -3.989288e+00 -8.041212e-03 4.975819e-04 9.999675e-01 3.611152e+01
9.999765e-01 -3.484720e-04 6.852788e-03 7.373025e+01 3.484081e-04 9.999999e-01 1.033384e-05 -4.012881e+00 -6.852854e-03 -7.942631e-06 9.999766e-01 3.605200e+01
9.998693e-01 6.769891e-04 1.615345e-02 7.434073e+01 -6.650649e-04 9.999995e-01 -7.434685e-04 -4.035510e+00 -1.615388e-02 7.326248e-04 9.998692e-01 3.607072e+01
9.999347e-01 -2.989968e-04 1.142652e-02 7.478886e+01 3.005773e-04 9.999999e-01 -1.367106e-04 -4.052891e+00 -1.142655e-02 1.401397e-04 9.999348e-01 3.608634e+01
9.999509e-01 5.988421e-04 9.894607e-03 7.530397e+01 -5.934167e-04 9.999997e-01 -5.511022e-04 -4.074041e+00 -9.894866e-03 5.452000e-04 9.999508e-01 3.616372e+01
9.999763e-01 -3.649037e-04 6.871911e-03 7.595766e+01 3.648348e-04 9.999999e-01 1.107874e-05 -4.098296e+00 -6.871984e-03 -8.567818e-06 9.999765e-01 3.617949e+01
9.999595e-01 5.891918e-04 8.978487e-03 7.657949e+01 -5.842644e-04 9.999997e-01 -5.512558e-04 -4.119518e+00 -8.978739e-03 5.459841e-04 9.999595e-01 3.611969e+01
9.999988e-01 -4.308481e-04 1.476746e-03 7.718964e+01 4.305732e-04 9.999999e-01 1.854577e-04 -4.142728e+00 -1.476897e-03 -1.848181e-04 9.999990e-01 3.614322e+01
9.999990e-01 4.971425e-04 1.313676e-03 7.795312e+01 -4.967639e-04 9.999998e-01 -2.874201e-04 -4.172593e+00 -1.313747e-03 2.867637e-04 9.999990e-01 3.621745e+01
9.999954e-01 -4.206447e-04 3.017824e-03 7.873640e+01 4.202538e-04 9.999999e-01 1.296751e-04 -4.201455e+00 -3.017950e-03 -1.284027e-04 9.999955e-01 3.622759e+01
9.999500e-01 6.069893e-04 9.981556e-03 7.947601e+01 -6.014464e-04 9.999997e-01 -5.581440e-04 -4.227793e+00 -9.981819e-03 5.521091e-04 9.999499e-01 3.621254e+01
9.999885e-01 -3.826758e-04 4.790430e-03 8.004222e+01 3.823662e-04 9.999999e-01 6.522716e-05 -4.249656e+00 -4.790528e-03 -6.339107e-05 9.999886e-01 3.624320e+01
9.999796e-01 4.599029e-04 -6.374681e-03 8.062243e+01 -4.604781e-04 9.999999e-01 -8.902481e-05 -4.273163e+00 6.374713e-03 9.195479e-05 9.999796e-01 3.630502e+01
9.999949e-01 -4.131465e-04 -3.163993e-03 8.119945e+01 4.140668e-04 9.999999e-01 2.907377e-04 -4.297106e+00 3.163800e-03 -2.920427e-04 9.999950e-01 3.639163e+01
9.999655e-01 4.381875e-04 -8.293551e-03 8.184068e+01 -4.383336e-04 9.999999e-01 -1.599294e-05 -4.323083e+00 8.293615e-03 1.962415e-05 9.999655e-01 3.648022e+01
9.999623e-01 -4.050687e-04 -8.672742e-03 8.239742e+01 4.087413e-04 9.999998e-01 4.218684e-04 -4.345772e+00 8.672499e-03 -4.253939e-04 9.999624e-01 3.655929e+01
9.999529e-01 4.607480e-04 -9.694356e-03 8.292951e+01 -4.606516e-04 9.999999e-01 1.201806e-05 -4.367562e+00 9.694430e-03 -7.555299e-06 9.999529e-01 3.664262e+01
9.999658e-01 -4.446559e-04 -8.263381e-03 8.357141e+01 4.480926e-04 9.999998e-01 4.142218e-04 -4.391474e+00 8.263127e-03 -4.179069e-04 9.999659e-01 3.666324e+01
9.998943e-01 5.332389e-04 -1.452862e-02 8.409085e+01 -5.312854e-04 9.999998e-01 1.382220e-04 -4.412443e+00 1.452875e-02 -1.304920e-04 9.998944e-01 3.673591e+01
9.999843e-01 -4.461610e-04 -5.579203e-03 8.453794e+01 4.480217e-04 9.999998e-01 3.324881e-04 -4.432763e+00 5.578989e-03 -3.349790e-04 9.999845e-01 3.687503e+01
9.999717e-01 4.350062e-04 -7.505020e-03 8.514664e+01 -4.351367e-04 9.999999e-01 -1.592939e-05 -4.457778e+00 7.505076e-03 1.919122e-05 9.999717e-01 3.697698e+01
9.999596e-01 -4.018462e-04 -8.986056e-03 8.569206e+01 4.056042e-04 9.999998e-01 4.165243e-04 -4.481079e+00 8.985825e-03 -4.201488e-04 9.999596e-01 3.709958e+01
9.999992e-01 4.118712e-04 -1.196498e-03 8.615276e+01 -4.121005e-04 9.999999e-01 -1.923392e-04 -4.503762e+00 1.196481e-03 1.928287e-04 9.999992e-01 3.729956e+01
9.999952e-01 -4.443353e-04 -3.062436e-03 8.673087e+01 4.452553e-04 9.999999e-01 3.001435e-04 -4.531174e+00 3.062240e-03 -3.015022e-04 9.999954e-01 3.752080e+01
9.999842e-01 4.145071e-04 -5.608868e-03 8.735500e+01 -4.149478e-04 9.999999e-01 -7.760316e-05 -4.559142e+00 5.608896e-03 7.992595e-05 9.999842e-01 3.770875e+01
9.999752e-01 -4.170609e-04 -7.024936e-03 8.786108e+01 4.197800e-04 9.999998e-01 3.857534e-04 -4.583643e+00 7.024715e-03 -3.886894e-04 9.999753e-01 3.792382e+01
9.999991e-01 3.825204e-04 -1.286083e-03 8.841800e+01 -3.827480e-04 9.999999e-01 -1.776207e-04 -4.610021e+00 1.286074e-03 1.781095e-04 9.999991e-01 3.814299e+01
9.999534e-01 -3.882532e-04 -9.650068e-03 8.890091e+01 3.926534e-04 9.999998e-01 4.542072e-04 -4.635056e+00 9.649832e-03 -4.579718e-04 9.999534e-01 3.840741e+01
9.999998e-01 3.633733e-04 -4.839300e-04 8.939610e+01 -3.634773e-04 9.999999e-01 -2.170564e-04 -4.658895e+00 4.839084e-04 2.172290e-04 9.999998e-01 3.859908e+01
9.999241e-01 -3.881404e-04 -1.231139e-02 8.993609e+01 3.938849e-04 9.999998e-01 4.642704e-04 -4.678995e+00 1.231115e-02 -4.690811e-04 9.999242e-01 3.858967e+01
9.999993e-01 3.552111e-04 -1.106371e-03 9.055397e+01 -3.553690e-04 9.999999e-01 -1.434594e-04 -4.704682e+00 1.106375e-03 1.438492e-04 9.999993e-01 3.870422e+01
9.999023e-01 -3.666863e-04 -1.397368e-02 9.117821e+01 3.738036e-04 9.999998e-01 5.067992e-04 -4.730164e+00 1.397344e-02 -5.119698e-04 9.999023e-01 3.880959e+01
