9.995671e-01 4.523129e-04 2.941929e-02 1.735765e-01 -4.256930e-04 9.999995e-01 -9.111031e-04 -1.815116e-02 -2.941969e-02 8.981846e-04 9.995668e-01 4.136991e-01
9.999978e-01 -1.799372e-05 -2.088644e-03 3.104390e-01 1.810558e-05 1.000000e+00 5.353177e-05 -3.509071e-02 2.088649e-03 -5.356916e-05 9.999977e-01 8.214605e-01
9.994766e-01 5.031144e-04 3.234767e-02 4.744494e-01 -4.718233e-04 9.999994e-01 -9.749655e-04 -5.441462e-02 -3.234815e-02 9.591926e-04 9.994763e-01 1.290748e+00
9.999947e-01 -5.656449e-05 -3.251823e-03 6.251457e-01 5.678863e-05 1.000000e+00 6.883293e-05 -7.196566e-02 3.251831e-03 -6.901711e-05 9.999946e-01 1.704236e+00
9.990540e-01 6.464683e-04 4.348279e-02 7.305703e-01 -5.902520e-04 9.999990e-01 -1.305666e-03 -8.718993e-02 -4.348360e-02 1.278765e-03 9.990534e-01 2.075788e+00
1.000000e+00 -3.409748e-06 -6.261705e-05 8.387124e-01 3.408476e-06 1.000000e+00 -2.078746e-05 -1.024618e-01 6.263701e-05 2.078713e-05 9.999999e-01 2.446582e+00
9.990662e-01 6.360650e-04 4.320098e-02 9.752181e-01 -5.803496e-04 9.999990e-01 -1.302209e-03 -1.167387e-01 -4.320179e-02 1.275921e-03 9.990657e-01 2.737366e+00
9.999975e-01 -1.222168e-05 -2.226062e-03 1.116084e+00 1.235506e-05 1.000000e+00 5.986884e-05 -1.353486e-01 2.226090e-03 -5.989655e-05 9.999974e-01 3.210452e+00
9.988688e-01 6.868936e-04 4.754572e-02 1.223149e+00 -6.193321e-04 9.999988e-01 -1.435697e-03 -1.512187e-01 -4.754668e-02 1.404627e-03 9.988681e-01 3.609728e+00
9.999562e-01 -5.800671e-05 -9.363570e-03 1.365784e+00 6.089373e-05 1.000000e+00 3.080257e-04 -1.732807e-01 9.363588e-03 -3.085829e-04 9.999560e-01 4.217231e+00
9.988273e-01 6.975314e-04 4.840985e-02 1.522923e+00 -6.268745e-04 9.999987e-01 -1.474726e-03 -1.945574e-01 -4.841085e-02 1.442650e-03 9.988266e-01 4.776823e+00
9.999088e-01 -1.368811e-04 -1.350444e-02 1.694141e+00 1.425019e-04 9.999999e-01 4.152440e-04 -2.141504e-01 1.350443e-02 -4.171313e-04 9.999086e-01 5.252625e+00
9.988830e-01 6.836832e-04 4.724821e-02 2.023163e+00 -6.161836e-04 9.999988e-01 -1.443171e-03 -2.372883e-01 -4.724919e-02 1.412446e-03 9.988822e-01 5.669278e+00
9.999913e-01 6.216445e-06 -4.160984e-03 2.194123e+00 -5.650805e-06 1.000000e+00 1.358856e-04 -2.548360e-01 4.161035e-03 -1.358619e-04 9.999912e-01 6.062980e+00
9.992122e-01 5.765232e-04 3.968302e-02 2.457170e+00 -5.298771e-04 9.999992e-01 -1.185981e-03 -2.779569e-01 -3.968372e-02 1.164021e-03 9.992117e-01 6.566485e+00
9.998427e-01 -1.610621e-04 -1.773271e-02 2.732907e+00 1.712449e-04 9.999998e-01 5.727007e-04 -3.052539e-01 1.773267e-02 -5.756483e-04 9.998425e-01 7.215641e+00
9.988476e-01 6.824875e-04 4.798985e-02 2.946845e+00 -6.123329e-04 9.999987e-01 -1.476556e-03 -3.285757e-01 -4.799086e-02 1.445469e-03 9.988468e-01 7.787679e+00
9.999613e-01 -2.428610e-05 -8.791196e-03 3.116667e+00 2.701995e-05 1.000000e+00 3.108086e-04 -3.500016e-01 8.791248e-03 -3.110354e-04 9.999612e-01 8.339114e+00
9.992361e-01 5.320765e-04 3.907620e-02 3.340254e+00 -4.861571e-04 9.999992e-01 -1.184626e-03 -3.743386e-01 -3.907686e-02 1.164726e-03 9.992356e-01 8.936540e+00
9.999907e-01 1.296071e-05 -4.299403e-03 3.604809e+00 -1.241136e-05 1.000000e+00 1.276807e-04 -3.960479e-01 4.299470e-03 -1.276275e-04 9.999907e-01 9.383105e+00
9.988586e-01 6.607115e-04 4.776167e-02 3.905539e+00 -5.920648e-04 9.999988e-01 -1.451420e-03 -4.135687e-01 -4.776264e-02 1.421486e-03 9.988578e-01 9.601934e+00
9.998578e-01 -1.504762e-04 -1.685996e-02 4.404770e+00 1.591025e-04 9.999999e-01 5.102657e-04 -4.379598e-01 1.685995e-02 -5.128770e-04 9.998576e-01 9.840745e+00
9.994160e-01 4.425408e-04 3.416757e-02 5.020091e+00 -4.073706e-04 9.999994e-01 -1.036316e-03 -4.668932e-01 -3.416808e-02 1.021793e-03 9.994157e-01 1.010379e+01
9.997449e-01 -2.241811e-04 -2.258505e-02 5.685080e+00 2.395789e-04 9.999997e-01 6.790340e-04 -4.975845e-01 2.258497e-02 -6.842732e-04 9.997446e-01 1.036472e+01
9.994012e-01 4.535919e-04 3.459976e-02 6.399396e+00 -4.173069e-04 9.999994e-01 -1.055939e-03 -5.275169e-01 -3.460029e-02 1.040869e-03 9.994008e-01 1.053493e+01
9.996287e-01 -2.731549e-04 -2.724710e-02 7.105927e+00 2.956082e-04 9.999996e-01 8.200107e-04 -5.587508e-01 2.724694e-02 -8.277622e-04 9.996283e-01 1.076454e+01
9.991013e-01 5.539205e-04 4.238271e-02 7.713747e+00 -4.986752e-04 9.999990e-01 -1.314062e-03 -5.854370e-01 -4.238347e-02 1.291747e-03 9.991007e-01 1.094450e+01
9.996924e-01 -2.313418e-04 -2.480143e-02 8.336473e+00 2.502350e-04 9.999997e-01 7.586455e-04 -6.128530e-01 2.480132e-02 -7.646199e-04 9.996920e-01 1.113714e+01
9.991612e-01 5.351807e-04 4.094661e-02 8.958591e+00 -4.843852e-04 9.999991e-01 -1.250459e-03 -6.420647e-01 -4.094732e-02 1.229578e-03 9.991606e-01 1.140275e+01
9.996087e-01 -2.599528e-04 -2.797126e-02 9.570121e+00 2.843004e-04 9.999996e-01 8.664467e-04 -6.725016e-01 2.797110e-02 -8.740615e-04 9.996083e-01 1.173408e+01
9.993426e-01 4.720066e-04 3.625285e-02 1.030819e+01 -4.325465e-04 9.999993e-01 -1.096326e-03 -7.064116e-01 -3.625342e-02 1.079925e-03 9.993421e-01 1.203925e+01
9.997500e-01 -2.175389e-04 -2.235872e-02 1.088190e+01 2.323844e-04 9.999998e-01 6.613330e-04 -7.341105e-01 2.235865e-02 -6.663651e-04 9.997497e-01 1.231073e+01
9.993420e-01 5.033186e-04 3.626746e-02 1.127207e+01 -4.652691e-04 9.999993e-01 -1.057590e-03 -7.611658e-01 -3.626804e-02 1.040021e-03 9.993416e-01 1.280355e+01
9.997377e-01 -2.282696e-04 -2.290163e-02 1.163494e+01 2.436256e-04 9.999997e-01 6.676886e-04 -7.873552e-01 2.290156e-02 -6.730946e-04 9.997374e-01 1.329747e+01
9.994283e-01 4.479363e-04 3.380821e-02 1.217263e+01 -4.146791e-04 9.999994e-01 -9.907325e-04 -8.165283e-01 -3.380871e-02 9.761481e-04 9.994279e-01 1.367464e+01
9.997378e-01 -2.374193e-04 -2.289409e-02 1.265068e+01 2.523570e-04 9.999998e-01 6.495387e-04 -8.431577e-01 2.289401e-02 -6.551476e-04 9.997376e-01 1.402006e+01
9.995171e-01 4.230862e-04 3.107279e-02 1.293864e+01 -3.951894e-04 9.999995e-01 -9.039518e-04 -8.666574e-01 -3.107324e-02 8.912373e-04 9.995168e-01 1.449344e+01
9.997232e-01 -2.501725e-04 -2.352582e-02 1.323995e+01 2.654874e-04 9.999998e-01 6.478203e-04 -8.885189e-01 2.352573e-02 -6.538885e-04 9.997229e-01 1.488499e+01
9.994536e-01 4.470464e-04 3.305081e-02 1.361232e+01 -4.157743e-04 9.999995e-01 -9.530759e-04 -9.126742e-01 -3.305130e-02 9.388152e-04 9.994533e-01 1.527244e+01
9.996275e-01 -2.890778e-04 -2.728827e-02 1.403069e+01 3.100692e-04 9.999997e-01 7.649789e-04 -9.385035e-01 2.728812e-02 -7.731570e-04 9.996272e-01 1.566012e+01
9.993668e-01 4.976755e-04 3.557899e-02 1.434404e+01 -4.616462e-04 9.999994e-01 -1.020889e-03 -9.621085e-01 -3.557956e-02 1.003820e-03 9.993664e-01 1.610994e+01
9.994699e-01 -3.625733e-04 -3.255257e-02 1.442762e+01 3.916764e-04 9.999995e-01 8.876289e-04 -9.786167e-01 3.255232e-02 -8.999102e-04 9.994696e-01 1.655265e+01
9.994524e-01 4.479104e-04 3.308581e-02 1.462214e+01 -4.166951e-04 9.999995e-01 -9.503840e-04 -9.974117e-01 -3.308630e-02 9.360786e-04 9.994521e-01 1.695609e+01
9.994403e-01 -3.989430e-04 -3.344927e-02 1.478773e+01 4.295150e-04 9.999995e-01 9.067677e-04 -1.015379e+00 3.344897e-02 -9.206289e-04 9.994399e-01 1.736733e+01
9.994489e-01 4.587160e-04 3.319116e-02 1.477217e+01 -4.271524e-04 9.999994e-01 -9.580786e-04 -1.029086e+00 -3.319166e-02 9.433746e-04 9.994486e-01 1.781505e+01
9.994791e-01 -3.660762e-04 -3.226984e-02 1.484880e+01 3.944643e-04 9.999995e-01 8.733139e-04 -1.044919e+00 3.226959e-02 -8.855900e-04 9.994787e-01 1.823688e+01
9.993853e-01 4.936212e-04 3.505359e-02 1.521199e+01 -4.590926e-04 9.999994e-01 -9.930900e-04 -1.067384e+00 -3.505415e-02 9.763885e-04 9.993850e-01 1.856847e+01
9.995265e-01 -3.600349e-04 -3.076810e-02 1.569330e+01 3.854135e-04 9.999996e-01 8.188724e-04 -1.091743e+00 3.076788e-02 -8.303449e-04 9.995261e-01 1.881738e+01
9.991025e-01 5.929376e-04 4.235536e-02 1.627669e+01 -5.422643e-04 9.999991e-01 -1.207886e-03 -1.118470e+00 -4.235612e-02 1.183836e-03 9.991020e-01 1.903110e+01
9.995305e-01 -3.645693e-04 -3.063611e-02 1.686757e+01 3.891593e-04 9.999996e-01 7.966521e-04 -1.142968e+00 3.063589e-02 -8.082022e-04 9.995302e-01 1.914524e+01
9.991223e-01 5.852431e-04 4.188451e-02 1.738719e+01 -5.358500e-04 9.999991e-01 -1.190510e-03 -1.166369e+00 -4.188525e-02 1.167023e-03 9.991218e-01 1.931062e+01
9.996468e-01 -2.861856e-04 -2.657371e-02 1.771363e+01 3.051736e-04 9.999997e-01 7.104449e-04 -1.189937e+00 2.657359e-02 -7.183054e-04 9.996465e-01 1.974562e+01
9.990415e-01 6.170150e-04 4.376907e-02 1.804225e+01 -5.638083e-04 9.999991e-01 -1.227980e-03 -1.214636e+00 -4.376987e-02 1.202127e-03 9.990410e-01 2.022437e+01
9.994920e-01 -3.587079e-04 -3.186721e-02 1.834491e+01 3.862803e-04 9.999996e-01 8.590399e-04 -1.239294e+00 3.186698e-02 -8.709151e-04 9.994917e-01 2.073294e+01
9.992056e-01 5.607631e-04 3.984747e-02 1.885774e+01 -5.167229e-04 9.999992e-01 -1.115536e-03 -1.266321e+00 -3.984815e-02 1.094062e-03 9.992052e-01 2.105374e+01
9.993659e-01 -3.890780e-04 -3.560403e-02 1.921061e+01 4.239835e-04 9.999994e-01 9.728016e-04 -1.291197e+00 3.560372e-02 -9.872821e-04 9.993654e-01 2.150013e+01
9.989543e-01 6.372080e-04 4.571549e-02 1.952318e+01 -5.791642e-04 9.999990e-01 -1.282933e-03 -1.316059e+00 -4.571635e-02 1.255117e-03 9.989537e-01 2.200628e+01
9.993369e-01 -3.951384e-04 -3.640711e-02 1.973335e+01 4.316426e-04 9.999994e-01 9.947769e-04 -1.339053e+00 3.640678e-02 -1.009834e-03 9.993365e-01 2.257077e+01
9.990503e-01 6.104611e-04 4.356877e-02 2.010584e+01 -5.586409e-04 9.999991e-01 -1.201580e-03 -1.366478e+00 -4.356956e-02 1.176101e-03 9.990498e-01 2.309807e+01
9.992184e-01 -4.120764e-04 -3.952727e-02 2.051211e+01 4.564628e-04 9.999993e-01 1.113881e-03 -1.396687e+00 3.952687e-02 -1.131055e-03 9.992178e-01 2.369819e+01
9.991156e-01 5.916027e-04 4.204451e-02 2.080001e+01 -5.435334e-04 9.999992e-01 -1.154743e-03 -1.424127e+00 -4.204525e-02 1.130871e-03 9.991151e-01 2.434420e+01
9.991379e-01 -4.600405e-04 -4.151103e-02 2.109901e+01 5.090620e-04 9.999992e-01 1.170333e-03 -1.451927e+00 4.151054e-02 -1.190457e-03 9.991373e-01 2.498632e+01
9.990480e-01 6.307688e-04 4.362113e-02 2.140263e+01 -5.791516e-04 9.999991e-01 -1.195962e-03 -1.479889e+00 -4.362193e-02 1.169562e-03 9.990475e-01 2.563287e+01
9.992952e-01 -4.127118e-04 -3.753521e-02 2.171856e+01 4.514603e-04 9.999994e-01 1.023820e-03 -1.506520e+00 3.753486e-02 -1.040046e-03 9.992947e-01 2.621100e+01
9.984339e-01 7.819968e-04 5.593856e-02 2.205161e+01 -6.941850e-04 9.999985e-01 -1.589224e-03 -1.531511e+00 -5.593981e-02 1.547905e-03 9.984330e-01 2.669690e+01
9.990454e-01 -4.625230e-04 -4.368035e-02 2.242017e+01 5.164811e-04 9.999991e-01 1.223988e-03 -1.558396e+00 4.367983e-02 -1.245382e-03 9.990447e-01 2.720880e+01
9.988737e-01 6.653550e-04 4.744473e-02 2.277996e+01 -6.047402e-04 9.999990e-01 -1.291955e-03 -1.588913e+00 -4.744563e-02 1.261810e-03 9.988731e-01 2.788299e+01
9.990703e-01 -4.580758e-04 -4.310760e-02 2.319157e+01 5.097294e-04 9.999992e-01 1.187231e-03 -1.619666e+00 4.310712e-02 -1.208102e-03 9.990697e-01 2.849627e+01
9.987894e-01 6.821900e-04 4.918727e-02 2.373164e+01 -6.167627e-04 9.999989e-01 -1.345356e-03 -1.652230e+00 -4.918822e-02 1.313393e-03 9.987887e-01 2.900724e+01
9.988807e-01 -5.017017e-04 -4.729671e-02 2.407571e+01 5.653263e-04 9.999990e-01 1.331827e-03 -1.682577e+00 4.729608e-02 -1.357076e-03 9.988799e-01 2.969181e+01
9.986674e-01 7.179894e-04 5.160343e-02 2.447722e+01 -6.444945e-04 9.999988e-01 -1.440873e-03 -1.712983e+00 -5.160450e-02 1.405697e-03 9.986667e-01 3.029779e+01
9.989663e-01 -5.162860e-04 -4.545433e-02 2.501235e+01 5.732400e-04 9.999991e-01 1.239938e-03 -1.742427e+00 4.545374e-02 -1.264714e-03 9.989656e-01 3.067798e+01
9.983794e-01 7.862166e-04 5.690436e-02 2.581038e+01 -6.965977e-04 9.999985e-01 -1.594743e-03 -1.777742e+00 -5.690562e-02 1.552521e-03 9.983784e-01 3.094886e+01
9.988170e-01 -5.427235e-04 -4.862329e-02 2.643639e+01 6.083188e-04 9.999989e-01 1.334233e-03 -1.809246e+00 4.862261e-02 -1.362235e-03 9.988162e-01 3.129125e+01
9.984735e-01 7.778313e-04 5.522765e-02 2.693425e+01 -6.949026e-04 9.999986e-01 -1.520788e-03 -1.840577e+00 -5.522885e-02 1.480091e-03 9.984727e-01 3.180137e+01
9.985930e-01 -6.119819e-04 -5.302409e-02 2.761106e+01 6.906500e-04 9.999987e-01 1.465291e-03 -1.874763e+00 5.302322e-02 -1.499852e-03 9.985921e-01 3.218707e+01
9.982951e-01 8.411655e-04 5.836305e-02 2.809043e+01 -7.466771e-04 9.999984e-01 -1.640787e-03 -1.903868e+00 -5.836443e-02 1.594413e-03 9.982941e-01 3.263469e+01
9.985694e-01 -5.978209e-04 -5.346616e-02 2.837993e+01 6.784204e-04 9.999987e-01 1.489322e-03 -1.930675e+00 5.346529e-02 -1.523466e-03 9.985685e-01 3.324297e+01
9.983899e-01 8.409729e-04 5.671746e-02 2.842294e+01 -7.536629e-04 9.999985e-01 -1.560779e-03 -1.954176e+00 -5.671878e-02 1.515522e-03 9.983891e-01 3.403875e+01
9.984361e-01 -6.342687e-04 -5.590045e-02 2.851267e+01 7.234834e-04 9.999985e-01 1.575707e-03 -1.980218e+00 5.589946e-02 -1.613688e-03 9.984350e-01 3.487668e+01
9.982812e-01 8.770699e-04 5.859970e-02 2.868082e+01 -7.849058e-04 9.999984e-01 -1.595794e-03 -2.009122e+00 -5.860110e-02 1.547057e-03 9.982803e-01 3.573826e+01
9.983604e-01 -6.743679e-04 -5.723686e-02 2.895511e+01 7.647199e-04 9.999985e-01 1.556650e-03 -2.036399e+00 5.723582e-02 -1.597869e-03 9.983593e-01 3.638808e+01
9.984690e-01 7.675876e-04 5.530935e-02 2.943826e+01 -6.850112e-04 9.999986e-01 -1.511957e-03 -2.064900e+00 -5.531053e-02 1.471756e-03 9.984682e-01 3.679755e+01
9.984412e-01 -6.386485e-04 -5.580983e-02 2.987945e+01 7.258254e-04 9.999985e-01 1.541752e-03 -2.094659e+00 5.580886e-02 -1.579859e-03 9.984402e-01 3.732137e+01
9.985122e-01 6.959099e-04 5.452474e-02 3.081282e+01 -6.172873e-04 9.999987e-01 -1.458812e-03 -2.135466e+00 -5.452578e-02 1.422986e-03 9.985114e-01 3.763104e+01
9.986556e-01 -5.665998e-04 -5.183317e-02 3.186659e+01 6.410448e-04 9.999988e-01 1.419602e-03 -2.178840e+00 5.183240e-02 -1.450922e-03 9.986547e-01 3.788791e+01
9.985157e-01 7.467661e-04 5.446098e-02 3.246399e+01 -6.690588e-04 9.999987e-01 -1.445083e-03 -2.214403e+00 -5.446209e-02 1.406502e-03 9.985149e-01 3.844522e+01
9.985747e-01 -6.300341e-04 -5.336759e-02 3.327734e+01 7.077894e-04 9.999987e-01 1.438063e-03 -2.252028e+00 5.336671e-02 -1.473788e-03 9.985738e-01 3.878958e+01
9.984628e-01 7.741759e-04 5.542182e-02 3.401794e+01 -6.932587e-04 9.999987e-01 -1.479257e-03 -2.287649e+00 -5.542298e-02 1.438563e-03 9.984620e-01 3.914999e+01
9.988145e-01 -5.118159e-04 -4.867407e-02 3.441577e+01 5.758662e-04 9.999990e-01 1.301858e-03 -2.318097e+00 4.867345e-02 -1.328347e-03 9.988138e-01 3.977009e+01
9.987059e-01 6.849637e-04 5.085309e-02 3.485370e+01 -6.177956e-04 9.999989e-01 -1.336557e-03 -2.348717e+00 -5.085405e-02 1.303413e-03 9.987053e-01 4.033844e+01
9.987768e-01 -5.204446e-04 -4.944198e-02 3.524103e+01 5.864680e-04 9.999990e-01 1.320845e-03 -2.378200e+00 4.944134e-02 -1.348228e-03 9.987761e-01 4.092677e+01
9.987578e-01 6.602461e-04 4.982416e-02 3.552900e+01 -5.946841e-04 9.999989e-01 -1.330705e-03 -2.403770e+00 -4.982508e-02 1.299424e-03 9.987572e-01 4.148179e+01
9.987616e-01 -5.358319e-04 -4.974756e-02 3.592574e+01 6.014072e-04 9.999990e-01 1.303173e-03 -2.429452e+00 4.974690e-02 -1.331480e-03 9.987609e-01 4.188941e+01
9.986730e-01 7.034334e-04 5.149617e-02 3.627857e+01 -6.345546e-04 9.999989e-01 -1.353912e-03 -2.456345e+00 -5.149716e-02 1.319440e-03 9.986723e-01 4.241762e+01
9.988175e-01 -5.181307e-04 -4.861291e-02 3.673958e+01 5.807863e-04 9.999990e-01 1.274723e-03 -2.486300e+00 4.861230e-02 -1.301451e-03 9.988168e-01 4.292623e+01
9.985371e-01 7.226670e-04 5.406588e-02 3.703468e+01 -6.443763e-04 9.999987e-01 -1.465501e-03 -2.510098e+00 -5.406697e-02 1.428520e-03 9.985364e-01 4.340128e+01
9.988903e-01 -5.158382e-04 -4.709447e-02 3.723306e+01 5.729874e-04 9.999991e-01 1.199978e-03 -2.529240e+00 4.709390e-02 -1.225633e-03 9.988897e-01 4.381499e+01
9.987741e-01 6.754163e-04 4.949747e-02 3.744407e+01 -6.116742e-04 9.999990e-01 -1.302946e-03 -2.550641e+00 -4.949840e-02 1.271074e-03 9.987735e-01 4.430304e+01
9.989849e-01 -4.860223e-04 -4.504366e-02 3.764982e+01 5.381919e-04 9.999992e-01 1.146051e-03 -2.573112e+00 4.504317e-02 -1.169132e-03 9.989843e-01 4.484517e+01
9.985589e-01 7.522603e-04 5.366227e-02 3.780465e+01 -6.782656e-04 9.999988e-01 -1.397117e-03 -2.597039e+00 -5.366335e-02 1.358708e-03 9.985582e-01 4.551757e+01
9.988753e-01 -5.050363e-04 -4.741188e-02 3.801305e+01 5.632050e-04 9.999991e-01 1.213499e-03 -2.622368e+00 4.741132e-02 -1.238839e-03 9.988746e-01 4.617598e+01
9.981849e-01 8.221929e-04 6.021849e-02 3.819415e+01 -7.269570e-04 9.999985e-01 -1.603417e-03 -2.645984e+00 -6.021982e-02 1.556732e-03 9.981840e-01 4.680161e+01
9.986936e-01 -5.290273e-04 -5.109568e-02 3.845669e+01 5.974592e-04 9.999989e-01 1.323994e-03 -2.672218e+00 5.109503e-02 -1.352794e-03 9.986928e-01 4.743127e+01
9.983477e-01 7.836888e-04 5.745672e-02 3.888528e+01 -6.985916e-04 9.999986e-01 -1.501160e-03 -2.702256e+00 -5.745792e-02 1.458542e-03 9.983469e-01 4.799355e+01
9.987135e-01 -5.271006e-04 -5.070487e-02 3.910139e+01 5.933589e-04 9.999990e-01 1.291671e-03 -2.726505e+00 5.070423e-02 -1.320097e-03 9.987128e-01 4.860526e+01
9.985107e-01 7.430934e-04 5.455185e-02 3.932618e+01 -6.667825e-04 9.999988e-01 -1.417079e-03 -2.750305e+00 -5.455294e-02 1.378596e-03 9.985100e-01 4.918426e+01
9.988824e-01 -5.142401e-04 -4.726188e-02 3.977234e+01 5.706531e-04 9.999991e-01 1.180110e-03 -2.777984e+00 4.726133e-02 -1.205763e-03 9.988818e-01 4.962417e+01
9.981788e-01 8.194750e-04 6.032049e-02 4.025360e+01 -7.242964e-04 9.999985e-01 -1.599752e-03 -2.804869e+00 -6.032181e-02 1.553150e-03 9.981778e-01 4.999013e+01
9.990944e-01 -4.480300e-04 -4.254503e-02 4.051377e+01 4.921870e-04 9.999994e-01 1.027384e-03 -2.827180e+00 4.254464e-02 -1.047395e-03 9.990940e-01 5.046466e+01
9.983278e-01 8.014018e-04 5.780190e-02 4.091495e+01 -7.168590e-04 9.999986e-01 -1.483374e-03 -2.854480e+00 -5.780311e-02 1.439459e-03 9.983270e-01 5.095339e+01
9.985927e-01 -5.660717e-04 -5.302988e-02 4.137001e+01 6.383041e-04 9.999989e-01 1.345151e-03 -2.884773e+00 5.302915e-02 -1.377109e-03 9.985920e-01 5.149053e+01
9.980892e-01 8.452928e-04 6.178401e-02 4.192314e+01 -7.473819e-04 9.999984e-01 -1.607845e-03 -2.916157e+00 -6.178537e-02 1.558598e-03 9.980883e-01 5.194403e+01
9.986017e-01 -5.539912e-04 -5.286080e-02 4.224047e+01 6.252298e-04 9.999989e-01 1.331107e-03 -2.942598e+00 5.286010e-02 -1.362297e-03 9.986009e-01 5.251060e+01
9.982662e-01 8.136689e-04 5.885664e-02 4.251344e+01 -7.266655e-04 9.999986e-01 -1.499636e-03 -2.969780e+00 -5.885788e-02 1.454268e-03 9.982654e-01 5.316359e+01
9.986784e-01 -5.534967e-04 -5.139118e-02 4.275080e+01 6.194207e-04 9.999990e-01 1.266838e-03 -2.994779e+00 5.139052e-02 -1.296998e-03 9.986777e-01 5.377693e+01
9.981604e-01 8.389955e-04 6.062387e-02 4.292175e+01 -7.461326e-04 9.999985e-01 -1.554432e-03 -3.018263e+00 -6.062518e-02 1.506341e-03 9.981595e-01 5.441303e+01
9.982983e-01 -6.432322e-04 -5.830915e-02 4.322580e+01 7.288237e-04 9.999987e-01 1.446609e-03 -3.042588e+00 5.830825e-02 -1.486646e-03 9.982975e-01 5.489772e+01
9.983571e-01 7.762278e-04 5.729442e-02 4.349823e+01 -6.928801e-04 9.999987e-01 -1.474601e-03 -3.064039e+00 -5.729559e-02 1.432482e-03 9.983563e-01 5.529674e+01
9.983107e-01 -6.496547e-04 -5.809635e-02 4.383123e+01 7.322954e-04 9.999988e-01 1.401170e-03 -3.083820e+00 5.809546e-02 -1.441348e-03 9.983099e-01 5.554376e+01
9.981178e-01 8.359236e-04 6.132112e-02 4.416216e+01 -7.416633e-04 9.999985e-01 -1.559926e-03 -3.105670e+00 -6.132243e-02 1.511512e-03 9.981169e-01 5.588936e+01
9.984957e-01 -6.255487e-04 -5.482626e-02 4.453866e+01 6.972704e-04 9.999989e-01 1.289015e-03 -3.127957e+00 5.482549e-02 -1.325306e-03 9.984950e-01 5.619257e+01
9.984380e-01 7.653955e-04 5.586667e-02 4.509249e+01 -6.895072e-04 9.999988e-01 -1.377670e-03 -3.154673e+00 -5.586776e-02 1.337000e-03 9.984373e-01 5.642633e+01
9.983271e-01 -6.543813e-04 -5.781428e-02 4.563039e+01 7.367534e-04 9.999987e-01 1.403439e-03 -3.183065e+00 5.781339e-02 -1.443688e-03 9.983263e-01 5.675216e+01
9.983583e-01 7.653506e-04 5.727234e-02 4.621638e+01 -6.858470e-04 9.999988e-01 -1.407835e-03 -3.212894e+00 -5.727345e-02 1.366246e-03 9.983577e-01 5.707421e+01
9.983717e-01 -6.484383e-04 -5.703825e-02 4.689352e+01 7.298308e-04 9.999987e-01 1.406133e-03 -3.246477e+00 5.703737e-02 -1.445473e-03 9.983709e-01 5.743473e+01
9.982645e-01 8.004719e-04 5.888438e-02 4.767871e+01 -7.153219e-04 9.999987e-01 -1.467142e-03 -3.282237e+00 -5.888558e-02 1.422476e-03 9.982638e-01 5.773532e+01
9.983040e-01 -6.809311e-04 -5.821109e-02 4.851980e+01 7.643679e-04 9.999987e-01 1.411066e-03 -3.316524e+00 5.821015e-02 -1.453170e-03 9.983032e-01 5.788914e+01
9.982746e-01 7.845775e-04 5.871430e-02 4.939633e+01 -7.004112e-04 9.999987e-01 -1.454079e-03 -3.351868e+00 -5.871547e-02 1.410447e-03 9.982738e-01 5.804061e+01
9.985807e-01 -5.908027e-04 -5.325602e-02 5.026504e+01 6.585584e-04 9.999990e-01 1.254693e-03 -3.387178e+00 5.325532e-02 -1.287986e-03 9.985800e-01 5.820617e+01
9.985109e-01 6.951966e-04 5.454913e-02 5.120906e+01 -6.246551e-04 9.999989e-01 -1.310240e-03 -3.423199e+00 -5.455008e-02 1.274216e-03 9.985103e-01 5.829647e+01
9.985787e-01 -5.793922e-04 -5.329335e-02 5.200744e+01 6.459917e-04 9.999990e-01 1.232429e-03 -3.455326e+00 5.329268e-02 -1.265107e-03 9.985781e-01 5.842255e+01
9.985228e-01 6.858372e-04 5.432995e-02 5.279034e+01 -6.162157e-04 9.999990e-01 -1.298223e-03 -3.487495e+00 -5.433088e-02 1.262828e-03 9.985222e-01 5.857178e+01
9.986070e-01 -5.576426e-04 -5.276124e-02 5.348036e+01 6.224272e-04 9.999991e-01 1.211428e-03 -3.518184e+00 5.276062e-02 -1.242582e-03 9.986064e-01 5.878531e+01
9.986680e-01 6.150781e-04 5.159341e-02 5.419565e+01 -5.524222e-04 9.999991e-01 -1.228697e-03 -3.547405e+00 -5.159422e-02 1.198561e-03 9.986675e-01 5.889961e+01
9.989748e-01 -4.464909e-04 -4.526736e-02 5.477809e+01 4.914762e-04 9.999994e-01 9.826083e-04 -3.573576e+00 4.526699e-02 -1.003850e-03 9.989744e-01 5.908382e+01
9.987950e-01 5.830565e-04 4.907453e-02 5.528272e+01 -5.269156e-04 9.999992e-01 -1.156951e-03 -3.596998e+00 -4.907526e-02 1.129700e-03 9.987945e-01 5.925687e+01
9.989436e-01 -4.560917e-04 -4.594919e-02 5.591847e+01 5.032821e-04 9.999994e-01 1.015412e-03 -3.625073e+00 4.594880e-02 -1.037466e-03 9.989432e-01 5.944175e+01
9.984078e-01 6.896517e-04 5.640420e-02 5.647470e+01 -6.132787e-04 9.999989e-01 -1.371355e-03 -3.651993e+00 -5.640518e-02 1.334581e-03 9.984071e-01 5.969318e+01
9.989541e-01 -4.197985e-04 -4.572082e-02 5.748634e+01 4.716570e-04 9.999993e-01 1.123425e-03 -3.697395e+00 4.572042e-02 -1.143816e-03 9.989536e-01 6.009377e+01
9.988476e-01 5.213308e-04 4.799246e-02 5.851872e+01 -4.693276e-04 9.999993e-01 -1.094863e-03 -3.741628e+00 -4.799309e-02 1.071078e-03 9.988471e-01 6.042395e+01
9.988006e-01 -4.301790e-04 -4.896040e-02 5.866620e+01 4.838901e-04 9.999993e-01 1.085151e-03 -3.760914e+00 4.896000e-02 -1.107543e-03 9.988001e-01 6.090260e+01
9.982224e-01 6.762034e-04 5.959532e-02 5.918523e+01 -5.922877e-04 9.999988e-01 -1.425770e-03 -3.789427e+00 -5.959631e-02 1.387940e-03 9.982217e-01 6.126712e+01
9.990331e-01 -3.760457e-04 -4.396221e-02 5.969480e+01 4.171941e-04 9.999995e-01 9.267867e-04 -3.816201e+00 4.396194e-02 -9.442330e-04 9.990327e-01 6.158428e+01
9.986632e-01 5.912413e-04 5.168801e-02 6.008223e+01 -5.315259e-04 9.999992e-01 -1.169074e-03 -3.841829e+00 -5.168876e-02 1.140039e-03 9.986626e-01 6.200642e+01
9.986354e-01 -4.626583e-04 -5.222029e-02 6.043003e+01 5.233005e-04 9.999992e-01 1.147577e-03 -3.866120e+00 5.221982e-02 -1.173339e-03 9.986349e-01 6.241996e+01
9.982763e-01 6.539852e-04 5.868579e-02 6.091591e+01 -5.735249e-04 9.999989e-01 -1.387894e-03 -3.891799e+00 -5.868673e-02 1.351845e-03 9.982756e-01 6.271206e+01
9.990052e-01 -3.773659e-04 -4.459010e-02 6.141232e+01 4.188875e-04 9.999995e-01 9.218050e-04 -3.916983e+00 4.458983e-02 -9.395680e-04 9.990049e-01 6.298025e+01
9.984655e-01 6.372524e-04 5.537377e-02 6.188413e+01 -5.682587e-04 9.999990e-01 -1.261728e-03 -3.943675e+00 -5.537462e-02 1.228326e-03 9.984649e-01 6.333742e+01
9.991231e-01 -3.557591e-04 -4.186554e-02 6.254170e+01 3.920353e-04 9.999996e-01 8.582445e-04 -3.976405e+00 4.186532e-02 -8.739064e-04 9.991228e-01 6.369989e+01
9.983255e-01 6.867583e-04 5.784250e-02 6.309050e+01 -6.105139e-04 9.999989e-01 -1.335825e-03 -4.005480e+00 -5.784346e-02 1.298276e-03 9.983249e-01 6.406063e+01
9.985979e-01 -4.676353e-04 -5.293290e-02 6.355995e+01 5.316027e-04 9.999991e-01 1.194356e-03 -4.035787e+00 5.293240e-02 -1.220822e-03 9.985973e-01 6.456916e+01
9.980132e-01 7.630558e-04 6.300118e-02 6.396645e+01 -6.711676e-04 9.999987e-01 -1.479691e-03 -4.065778e+00 -6.300233e-02 1.434468e-03 9.980124e-01 6.515770e+01
9.986021e-01 -4.789934e-04 -5.285391e-02 6.448124e+01 5.421354e-04 9.999992e-01 1.180287e-03 -4.097161e+00 5.285340e-02 -1.207293e-03 9.986015e-01 6.565547e+01
9.983214e-01 6.733959e-04 5.791419e-02 6.513813e+01 -5.963229e-04 9.999989e-01 -1.348114e-03 -4.129010e+00 -5.791514e-02 1.311317e-03 9.983207e-01 6.597170e+01
9.983924e-01 -5.367987e-04 -5.667596e-02 6.572732e+01 6.103600e-04 9.999990e-01 1.280592e-03 -4.158361e+00 5.667532e-02 -1.313128e-03 9.983918e-01 6.627025e+01
9.978742e-01 8.004092e-04 6.516504e-02 6.629430e+01 -7.014523e-04 9.999986e-01 -1.541447e-03 -4.189661e+00 -6.516628e-02 1.492462e-03 9.978734e-01 6.669098e+01
9.979675e-01 -6.337456e-04 -6.372059e-02 6.685232e+01 7.273141e-04 9.999987e-01 1.445204e-03 -4.217646e+00 6.371969e-02 -1.488613e-03 9.979667e-01 6.697280e+01
9.977568e-01 8.333481e-04 6.693833e-02 6.731767e+01 -7.286972e-04 9.999985e-01 -1.587817e-03 -4.244484e+00 -6.693965e-02 1.535479e-03 9.977559e-01 6.733489e+01
9.985152e-01 -5.332101e-04 -5.446937e-02 6.774343e+01 5.986728e-04 9.999991e-01 1.185482e-03 -4.271929e+00 5.446879e-02 -1.216333e-03 9.985147e-01 6.778583e+01
9.978704e-01 8.352023e-04 6.522292e-02 6.818477e+01 -7.386479e-04 9.999986e-01 -1.504500e-03 -4.301653e+00 -6.522418e-02 1.453121e-03 9.978696e-01 6.831357e+01
9.984413e-01 -5.657554e-04 -5.580818e-02 6.859317e+01 6.340184e-04 9.999991e-01 1.205442e-03 -4.329817e+00 5.580754e-02 -1.238948e-03 9.984407e-01 6.881555e+01
9.981911e-01 7.406209e-04 6.011740e-02 6.928449e+01 -6.590583e-04 9.999988e-01 -1.376567e-03 -4.360906e+00 -6.011845e-02 1.334458e-03 9.981904e-01 6.904312e+01
9.983253e-01 -6.183914e-04 -5.784462e-02 7.022947e+01 6.939737e-04 9.999989e-01 1.286532e-03 -4.397811e+00 5.784386e-02 -1.324521e-03 9.983247e-01 6.916880e+01
9.979298e-01 8.539396e-04 6.430761e-02 7.107038e+01 -7.600331e-04 9.999986e-01 -1.484745e-03 -4.435299e+00 -6.430889e-02 1.432797e-03 9.979291e-01 6.947066e+01
9.980582e-01 -6.925656e-04 -6.228345e-02 7.180374e+01 7.805467e-04 9.999987e-01 1.388240e-03 -4.468589e+00 6.228251e-02 -1.434162e-03 9.980575e-01 6.973504e+01
9.978706e-01 8.614467e-04 6.521989e-02 7.266352e+01 -7.647234e-04 9.999986e-01 -1.508009e-03 -4.504395e+00 -6.522119e-02 1.454924e-03 9.978698e-01 6.993139e+01
9.980769e-01 -6.896762e-04 -6.198386e-02 7.354730e+01 7.781903e-04 9.999987e-01 1.403859e-03 -4.542672e+00 6.198291e-02 -1.449396e-03 9.980761e-01 7.020395e+01
9.978388e-01 9.089159e-04 6.570376e-02 7.405796e+01 -8.103562e-04 9.999985e-01 -1.526721e-03 -4.573321e+00 -6.570515e-02 1.470180e-03 9.978380e-01 7.066878e+01
9.978733e-01 -7.246083e-04 -6.517917e-02 7.442763e+01 8.247712e-04 9.999985e-01 1.509808e-03 -4.602409e+00 6.517808e-02 -1.560356e-03 9.978724e-01 7.126163e+01
9.976312e-01 9.478342e-04 6.878299e-02 7.494265e+01 -8.364875e-04 9.999983e-01 -1.647620e-03 -4.631979e+00 -6.878453e-02 1.586183e-03 9.976303e-01 7.167507e+01
9.977147e-01 -7.449314e-04 -6.756187e-02 7.538576e+01 8.552510e-04 9.999983e-01 1.603930e-03 -4.662488e+00 6.756067e-02 -1.658048e-03 9.977138e-01 7.222795e+01
9.975190e-01 9.769760e-04 7.039199e-02 7.586100e+01 -8.606854e-04 9.999982e-01 -1.682378e-03 -4.694883e+00 -7.039361e-02 1.617620e-03 9.975180e-01 7.281633e+01
9.979541e-01 -7.118260e-04 -6.393010e-02 7.639378e+01 8.073426e-04 9.999986e-01 1.468229e-03 -4.726423e+00 6.392906e-02 -1.516840e-03 9.979533e-01 7.328955e+01
9.982214e-01 8.271465e-04 5.961170e-02 7.667031e+01 -7.478139e-04 9.999988e-01 -1.353146e-03 -4.752893e+00 -5.961285e-02 1.306162e-03 9.982208e-01 7.389847e+01
9.980893e-01 -7.126863e-04 -6.178263e-02 7.682804e+01 7.996811e-04 9.999987e-01 1.383332e-03 -4.775074e+00 6.178167e-02 -1.430097e-03 9.980886e-01 7.448934e+01
9.977449e-01 9.654930e-04 6.711344e-02 7.697020e+01 -8.616676e-04 9.999984e-01 -1.575968e-03 -4.797428e+00 -6.711496e-02 1.514586e-03 9.977441e-01 7.511324e+01
9.981636e-01 -6.705017e-04 -6.057179e-02 7.716622e+01 7.561325e-04 9.999987e-01 1.390765e-03 -4.824609e+00 6.057089e-02 -1.434013e-03 9.981628e-01 7.586807e+01
9.976118e-01 9.642985e-04 6.906374e-02 7.746268e+01 -8.514798e-04 9.999983e-01 -1.662989e-03 -4.851181e+00 -6.906532e-02 1.600212e-03 9.976109e-01 7.646727e+01
9.980537e-01 -6.961810e-04 -6.235518e-02 7.789017e+01 7.873971e-04 9.999987e-01 1.438255e-03 -4.880131e+00 6.235419e-02 -1.484556e-03 9.980529e-01 7.698298e+01
9.981777e-01 8.204012e-04 6.033911e-02 7.814380e+01 -7.366114e-04 9.999987e-01 -1.410906e-03 -4.903736e+00 -6.034029e-02 1.363890e-03 9.981770e-01 7.750165e+01
9.980789e-01 -7.114491e-04 -6.195104e-02 7.806433e+01 7.988008e-04 9.999987e-01 1.385227e-03 -4.917348e+00 6.195008e-02 -1.432053e-03 9.980782e-01 7.800928e+01
9.979530e-01 9.419095e-04 6.394628e-02 7.804933e+01 -8.516382e-04 9.999986e-01 -1.438942e-03 -4.938707e+00 -6.394764e-02 1.381539e-03 9.979523e-01 7.879870e+01
9.979643e-01 -7.228244e-04 -6.377071e-02 7.807559e+01 8.159768e-04 9.999986e-01 1.434677e-03 -4.961719e+00 6.376968e-02 -1.483794e-03 9.979635e-01 7.959406e+01
9.984283e-01 9.248960e-04 5.603751e-02 7.803749e+01 -8.543524e-04 9.999988e-01 -1.282836e-03 -4.979214e+00 -5.603873e-02 1.232946e-03 9.984279e-01 8.023458e+01
9.981624e-01 -8.031396e-04 -6.058895e-02 7.783516e+01 8.851805e-04 9.999987e-01 1.327199e-03 -4.989454e+00 6.058790e-02 -1.378394e-03 9.981619e-01 8.073316e+01
9.986391e-01 9.342916e-04 5.214670e-02 7.786635e+01 -8.736549e-04 9.999989e-01 -1.185623e-03 -5.005748e+00 -5.214785e-02 1.138453e-03 9.986388e-01 8.122529e+01
9.982863e-01 -8.214479e-04 -5.851193e-02 7.798994e+01 8.997601e-04 9.999987e-01 1.312033e-03 -5.027411e+00 5.851087e-02 -1.362433e-03 9.982858e-01 8.183185e+01
9.987660e-01 9.298434e-04 4.965578e-02 7.817821e+01 -8.737937e-04 9.999990e-01 -1.150493e-03 -5.046958e+00 -4.965689e-02 1.105686e-03 9.987658e-01 8.226196e+01
9.984135e-01 -9.075940e-04 -5.629783e-02 7.818412e+01 9.749201e-04 9.999988e-01 1.168408e-03 -5.055240e+00 5.629680e-02 -1.221442e-03 9.984133e-01 8.241121e+01
9.986416e-01 1.007579e-03 5.209589e-02 7.827063e+01 -9.515107e-04 9.999989e-01 -1.101065e-03 -5.075817e+00 -5.209704e-02 1.050001e-03 9.986415e-01 8.302040e+01
9.982173e-01 -9.187214e-04 -5.967661e-02 7.848368e+01 9.946162e-04 9.999987e-01 1.242048e-03 -5.097920e+00 5.967550e-02 -1.299190e-03 9.982169e-01 8.352637e+01
9.987446e-01 9.737759e-04 5.008361e-02 7.888182e+01 -9.224322e-04 9.999990e-01 -1.048293e-03 -5.121426e+00 -5.008468e-02 1.000779e-03 9.987445e-01 8.383858e+01
9.980703e-01 -8.755227e-04 -6.208703e-02 7.927014e+01 9.574014e-04 9.999987e-01 1.289008e-03 -5.144299e+00 6.208592e-02 -1.345964e-03 9.980699e-01 8.415145e+01
9.984929e-01 9.325652e-04 5.487433e-02 7.976877e+01 -8.689484e-04 9.999989e-01 -1.183193e-03 -5.168137e+00 -5.487548e-02 1.133728e-03 9.984926e-01 8.433804e+01
9.982575e-01 -8.908180e-04 -5.899993e-02 8.024923e+01 9.636614e-04 9.999988e-01 1.206166e-03 -5.191210e+00 5.899888e-02 -1.260922e-03 9.982572e-01 8.451121e+01
9.984743e-01 9.346170e-04 5.521171e-02 8.075163e+01 -8.683546e-04 9.999989e-01 -1.224155e-03 -5.212558e+00 -5.521290e-02 1.174345e-03 9.984740e-01 8.459042e+01
9.983599e-01 -8.506558e-04 -5.724273e-02 8.122670e+01 9.224821e-04 9.999988e-01 1.228327e-03 -5.238643e+00 5.724171e-02 -1.279119e-03 9.983595e-01 8.490302e+01
9.985889e-01 8.763770e-04 5.309938e-02 8.180202e+01 -8.165655e-04 9.999990e-01 -1.148119e-03 -5.266954e+00 -5.310044e-02 1.103141e-03 9.985886e-01 8.517257e+01
9.983653e-01 -8.776723e-04 -5.714735e-02 8.257965e+01 9.500354e-04 9.999988e-01 1.239070e-03 -5.299729e+00 5.714629e-02 -1.291338e-03 9.983649e-01 8.535235e+01
9.985293e-01 8.884870e-04 5.420797e-02 8.338353e+01 -8.262156e-04 9.999990e-01 -1.171175e-03 -5.333565e+00 -5.420905e-02 1.124667e-03 9.985290e-01 8.554298e+01
9.984680e-01 -8.607510e-04 -5.532513e-02 8.433630e+01 9.282765e-04 9.999989e-01 1.194805e-03 -5.370970e+00 5.532414e-02 -1.244333e-03 9.984676e-01 8.568323e+01
9.985121e-01 8.494541e-04 5.452568e-02 8.562542e+01 -7.899520e-04 9.999991e-01 -1.112837e-03 -5.419230e+00 -5.452668e-02 1.068109e-03 9.985118e-01 8.582789e+01
9.985628e-01 -8.173771e-04 -5.358742e-02 8.710053e+01 8.825338e-04 9.999989e-01 1.192212e-03 -5.474206e+00 5.358649e-02 -1.237793e-03 9.985624e-01 8.600792e+01
9.983789e-01 9.077667e-04 5.691144e-02 8.880970e+01 -8.437061e-04 9.999990e-01 -1.149662e-03 -5.535843e+00 -5.691253e-02 1.099783e-03 9.983786e-01 8.615234e+01
9.984056e-01 -9.051035e-04 -5.643846e-02 9.056727e+01 9.793789e-04 9.999987e-01 1.288369e-03 -5.598963e+00 5.643732e-02 -1.341590e-03 9.984052e-01 8.628623e+01
9.983531e-01 9.298344e-04 5.736125e-02 9.197778e+01 -8.609452e-04 9.999989e-01 -1.225695e-03 -5.651509e+00 -5.736242e-02 1.174293e-03 9.983528e-01 8.645966e+01
9.982411e-01 -9.543321e-04 -5.927648e-02 9.313348e+01 1.035153e-03 9.999986e-01 1.332743e-03 -5.697098e+00 5.927523e-02 -1.391761e-03 9.982407e-01 8.667857e+01
9.982165e-01 9.176034e-04 5.969141e-02 9.489290e+01 -8.482506e-04 9.999989e-01 -1.187208e-03 -5.759999e+00 -5.969253e-02 1.134458e-03 9.982162e-01 8.683198e+01
9.986304e-01 -7.356693e-04 -5.231280e-02 9.715946e+01 8.026264e-04 9.999989e-01 1.258911e-03 -5.838037e+00 5.231192e-02 -1.299176e-03 9.986299e-01 8.694791e+01
9.984091e-01 8.587702e-04 5.637894e-02 9.848643e+01 -7.862120e-04 9.999988e-01 -1.309166e-03 -5.884619e+00 -5.638010e-02 1.262759e-03 9.984086e-01 8.699220e+01
9.984778e-01 -8.101386e-04 -5.514875e-02 9.938526e+01 8.802297e-04 9.999988e-01 1.246639e-03 -5.916837e+00 5.514777e-02 -1.293286e-03 9.984773e-01 8.701483e+01
9.984329e-01 7.689498e-04 5.595769e-02 1.009769e+02 -7.064174e-04 9.999991e-01 -1.137291e-03 -5.972420e+00 -5.595861e-02 1.095981e-03 9.984325e-01 8.710133e+01
9.984050e-01 -8.831487e-04 -5.644968e-02 1.029038e+02 9.616898e-04 9.999986e-01 1.364167e-03 -6.038588e+00 5.644850e-02 -1.416280e-03 9.984045e-01 8.718884e+01
9.984455e-01 7.238146e-04 5.573232e-02 1.050105e+02 -6.634685e-04 9.999992e-01 -1.101305e-03 -6.110407e+00 -5.573318e-02 1.062618e-03 9.984452e-01 8.727590e+01
9.982854e-01 -9.801634e-04 -5.852467e-02 1.072707e+02 1.066037e-03 9.999984e-01 1.436074e-03 -6.184511e+00 5.852327e-02 -1.496002e-03 9.982849e-01 8.725546e+01
9.984566e-01 7.130622e-04 5.553366e-02 1.093635e+02 -6.499989e-04 9.999991e-01 -1.153666e-03 -6.253310e+00 -5.553453e-02 1.115790e-03 9.984562e-01 8.723551e+01
9.982194e-01 -9.949801e-04 -5.963940e-02 1.114510e+02 1.084598e-03 9.999983e-01 1.470276e-03 -6.323000e+00 5.963794e-02 -1.532344e-03 9.982189e-01 8.725560e+01
9.983775e-01 7.241365e-04 5.693876e-02 1.138833e+02 -6.624485e-04 9.999992e-01 -1.102302e-03 -6.404434e+00 -5.693961e-02 1.062796e-03 9.983771e-01 8.731144e+01
9.982473e-01 -9.648031e-04 -5.917143e-02 1.164717e+02 1.056659e-03 9.999983e-01 1.521066e-03 -6.491170e+00 5.916996e-02 -1.580926e-03 9.982466e-01 8.738259e+01
9.983628e-01 7.517637e-04 5.719482e-02 1.186975e+02 -6.843820e-04 9.999990e-01 -1.197710e-03 -6.567527e+00 -5.719576e-02 1.156607e-03 9.983624e-01 8.750629e+01
9.983135e-01 -9.020348e-04 -5.804585e-02 1.210049e+02 9.922398e-04 9.999983e-01 1.525201e-03 -6.646751e+00 5.804448e-02 -1.580225e-03 9.983127e-01 8.763978e+01
9.983567e-01 7.126793e-04 5.730110e-02 1.236445e+02 -6.479779e-04 9.999991e-01 -1.147743e-03 -6.736326e+00 -5.730196e-02 1.108728e-03 9.983563e-01 8.775264e+01
9.982664e-01 -9.126936e-04 -5.884987e-02 1.263847e+02 1.007471e-03 9.999982e-01 1.580811e-03 -6.828772e+00 5.884842e-02 -1.637361e-03 9.982655e-01 8.784589e+01
9.983431e-01 6.897065e-04 5.753864e-02 1.292688e+02 -6.249562e-04 9.999992e-01 -1.143347e-03 -6.925874e+00 -5.753948e-02 1.105495e-03 9.983427e-01 8.793682e+01
9.983569e-01 -8.281006e-04 -5.729535e-02 1.319113e+02 9.155843e-04 9.999985e-01 1.500628e-03 -7.014128e+00 5.729411e-02 -1.550623e-03 9.983561e-01 8.798773e+01
9.983463e-01 7.003131e-04 5.748315e-02 1.342576e+02 -6.317724e-04 9.999991e-01 -1.210548e-03 -7.093852e+00 -5.748405e-02 1.172231e-03 9.983458e-01 8.808103e+01
9.981961e-01 -8.979711e-04 -6.003062e-02 1.365808e+02 9.949139e-04 9.999982e-01 1.584994e-03 -7.173499e+00 6.002919e-02 -1.641861e-03 9.981952e-01 8.819480e+01
9.983130e-01 7.040229e-04 5.805793e-02 1.388324e+02 -6.319283e-04 9.999990e-01 -1.260144e-03 -7.250768e+00 -5.805886e-02 1.221331e-03 9.983125e-01 8.830877e+01
9.983179e-01 -8.062487e-04 -5.797155e-02 1.411703e+02 8.985175e-04 9.999984e-01 1.565548e-03 -7.330935e+00 5.797029e-02 -1.615004e-03 9.983170e-01 8.842994e+01
9.984030e-01 6.288612e-04 5.648968e-02 1.434520e+02 -5.595445e-04 9.999991e-01 -1.242900e-03 -7.408984e+00 -5.649051e-02 1.209308e-03 9.984025e-01 8.853541e+01
9.982479e-01 -8.399037e-04 -5.916405e-02 1.456815e+02 9.358464e-04 9.999983e-01 1.593924e-03 -7.485081e+00 5.916271e-02 -1.646501e-03 9.982470e-01 8.863414e+01
9.982996e-01 6.751030e-04 5.828791e-02 1.480271e+02 -6.017404e-04 9.999990e-01 -1.276188e-03 -7.564962e+00 -5.828881e-02 1.238945e-03 9.982990e-01 8.873674e+01
9.982591e-01 -8.328462e-04 -5.897506e-02 1.506439e+02 9.320090e-04 9.999982e-01 1.653923e-03 -7.652681e+00 5.897367e-02 -1.706011e-03 9.982580e-01 8.879951e+01
9.983651e-01 6.223180e-04 5.715687e-02 1.530730e+02 -5.494378e-04 9.999990e-01 -1.290820e-03 -7.735034e+00 -5.715772e-02 1.257306e-03 9.983644e-01 8.889234e+01
9.982067e-01 -8.262256e-04 -5.985494e-02 1.552728e+02 9.263311e-04 9.999982e-01 1.644715e-03 -7.811171e+00 5.985357e-02 -1.697212e-03 9.982057e-01 8.903564e+01
9.983650e-01 5.881492e-04 5.715768e-02 1.576831e+02 -5.169035e-04 9.999991e-01 -1.261274e-03 -7.893634e+00 -5.715847e-02 1.229668e-03 9.983644e-01 8.915721e+01
9.982020e-01 -8.124134e-04 -5.993407e-02 1.601668e+02 9.148306e-04 9.999982e-01 1.681387e-03 -7.978510e+00 5.993270e-02 -1.733195e-03 9.982009e-01 8.928001e+01
9.983313e-01 6.013173e-04 5.774315e-02 1.624948e+02 -5.260696e-04 9.999990e-01 -1.318358e-03 -8.058988e+00 -5.774399e-02 1.285782e-03 9.983306e-01 8.943592e+01
9.981900e-01 -7.758797e-04 -6.013384e-02 1.644698e+02 8.746616e-04 9.999983e-01 1.616371e-03 -8.128101e+00 6.013258e-02 -1.666044e-03 9.981890e-01 8.958996e+01
9.983828e-01 5.355381e-04 5.684694e-02 1.665995e+02 -4.629518e-04 9.999991e-01 -1.290056e-03 -8.201158e+00 -5.684767e-02 1.261654e-03 9.983821e-01 8.969452e+01
9.982597e-01 -7.164368e-04 -5.896541e-02 1.687741e+02 8.135950e-04 9.999984e-01 1.623699e-03 -8.275277e+00 5.896425e-02 -1.668849e-03 9.982587e-01 8.978075e+01
9.983844e-01 5.110245e-04 5.681939e-02 1.708422e+02 -4.360352e-04 9.999990e-01 -1.332196e-03 -8.345076e+00 -5.682011e-02 1.305269e-03 9.983836e-01 8.983899e+01
9.983010e-01 -6.875954e-04 -5.826345e-02 1.728145e+02 7.822159e-04 9.999984e-01 1.601195e-03 -8.411204e+00 5.826236e-02 -1.644051e-03 9.982999e-01 8.988608e+01
9.983438e-01 5.321729e-04 5.752848e-02 1.747266e+02 -4.540985e-04 9.999990e-01 -1.370230e-03 -8.475151e+00 -5.752925e-02 1.341838e-03 9.983430e-01 8.992356e+01
9.982478e-01 -7.189659e-04 -5.916626e-02 1.768204e+02 8.189459e-04 9.999983e-01 1.665559e-03 -8.544644e+00 5.916506e-02 -1.711096e-03 9.982467e-01 8.994677e+01
9.983076e-01 5.268525e-04 5.815272e-02 1.791053e+02 -4.483274e-04 9.999990e-01 -1.363385e-03 -8.619568e+00 -5.815348e-02 1.335008e-03 9.983068e-01 8.993532e+01
9.982608e-01 -6.866140e-04 -5.894696e-02 1.812055e+02 7.847959e-04 9.999983e-01 1.642440e-03 -8.688476e+00 5.894584e-02 -1.685846e-03 9.982597e-01 8.992502e+01
9.982251e-01 5.942627e-04 5.955115e-02 1.831553e+02 -5.090235e-04 9.999988e-01 -1.446541e-03 -8.753524e+00 -5.955204e-02 1.413662e-03 9.982243e-01 8.995025e+01
9.982754e-01 -6.729937e-04 -5.869966e-02 1.853019e+02 7.738184e-04 9.999983e-01 1.694898e-03 -8.825289e+00 5.869852e-02 -1.737399e-03 9.982742e-01 8.999744e+01
