9.995483e-01 4.742885e-04 3.004951e-02 3.907164e-01 -4.477420e-04 9.999995e-01 -8.901487e-04 -2.575197e-02 -3.004992e-02 8.762918e-04 9.995481e-01 4.366448e-01
9.999976e-01 3.000765e-05 2.178977e-03 5.803084e-01 -2.980421e-05 1.000000e+00 -9.339320e-05 -4.525069e-02 -2.178973e-03 9.332833e-05 9.999975e-01 8.840808e-01
9.994215e-01 5.208103e-04 3.400461e-02 7.412408e-01 -4.867184e-04 9.999994e-01 -1.010839e-03 -6.395095e-02 -3.400512e-02 9.937029e-04 9.994213e-01 1.334781e+00
9.999913e-01 6.116144e-05 4.179540e-03 9.305439e-01 -6.056537e-05 1.000000e+00 -1.427402e-04 -8.422505e-02 -4.179535e-03 1.424859e-04 9.999912e-01 1.812054e+00
9.993973e-01 5.199956e-04 3.471095e-02 1.063603e+00 -4.840895e-04 9.999993e-01 -1.042826e-03 -1.017812e-01 -3.471149e-02 1.025395e-03 9.993969e-01 2.251360e+00
9.999519e-01 1.304914e-04 9.802603e-03 1.173618e+00 -1.274969e-04 9.999999e-01 -3.060987e-04 -1.179178e-01 -9.802621e-03 3.048340e-04 9.999518e-01 2.658513e+00
9.994831e-01 5.001490e-04 3.214587e-02 1.338019e+00 -4.693767e-04 9.999994e-01 -9.648099e-04 -1.345198e-01 -3.214636e-02 9.492229e-04 9.994828e-01 3.017773e+00
9.999651e-01 1.138740e-04 8.348164e-03 1.484765e+00 -1.117456e-04 1.000000e+00 -2.554191e-04 -1.540722e-01 -8.348163e-03 2.544769e-04 9.999650e-01 3.522900e+00
9.994593e-01 5.211486e-04 3.287756e-02 1.627743e+00 -4.893116e-04 9.999994e-01 -9.763934e-04 -1.741727e-01 -3.287808e-02 9.597785e-04 9.994590e-01 4.055543e+00
9.999917e-01 6.973002e-05 4.067760e-03 1.770167e+00 -6.935637e-05 1.000000e+00 -9.196718e-05 -1.977673e-01 -4.067729e-03 9.168371e-05 9.999916e-01 4.721936e+00
9.992754e-01 5.897989e-04 3.805682e-02 1.920256e+00 -5.455098e-04 9.999992e-01 -1.174141e-03 -2.178563e-01 -3.805752e-02 1.152530e-03 9.992750e-01 5.247818e+00
9.999905e-01 -5.266995e-05 -4.361971e-03 2.142951e+00 5.340011e-05 1.000000e+00 1.672299e-04 -2.396719e-01 4.362007e-03 -1.674620e-04 9.999904e-01 5.747248e+00
9.992510e-01 6.131549e-04 3.869178e-02 2.458416e+00 -5.670971e-04 9.999991e-01 -1.201346e-03 -2.629794e-01 -3.869253e-02 1.178505e-03 9.992506e-01 6.190492e+00
9.999924e-01 8.213434e-05 3.889644e-03 2.651691e+00 -8.185898e-05 1.000000e+00 -7.088124e-05 -2.835236e-01 -3.889599e-03 7.056136e-05 9.999923e-01 6.681039e+00
9.995089e-01 5.032433e-04 3.133237e-02 2.871129e+00 -4.737255e-04 9.999994e-01 -9.495093e-04 -3.073779e-01 -3.133289e-02 9.342011e-04 9.995087e-01 7.265030e+00
9.999859e-01 -3.860134e-05 -5.302307e-03 3.106259e+00 3.979289e-05 1.000000e+00 2.245509e-04 -3.344894e-01 5.302355e-03 -2.247598e-04 9.999858e-01 7.957673e+00
9.992729e-01 5.856874e-04 3.812279e-02 3.323302e+00 -5.410928e-04 9.999992e-01 -1.180077e-03 -3.595188e-01 -3.812351e-02 1.158592e-03 9.992725e-01 8.591928e+00
9.999983e-01 6.103886e-05 1.850429e-03 3.488349e+00 -6.101435e-05 1.000000e+00 -1.306218e-05 -3.799693e-01 -1.850368e-03 1.294804e-05 9.999982e-01 9.112184e+00
9.995276e-01 4.781860e-04 3.073005e-02 3.656072e+00 -4.500139e-04 9.999995e-01 -9.236832e-04 -4.038293e-01 -3.073054e-02 9.094191e-04 9.995274e-01 9.760869e+00
9.999599e-01 1.372648e-04 8.955571e-03 3.835843e+00 -1.347294e-04 1.000000e+00 -2.836569e-04 -4.225870e-01 -8.955542e-03 2.824376e-04 9.999598e-01 1.019453e+01
9.993629e-01 5.295435e-04 3.568665e-02 4.044721e+00 -4.914408e-04 9.999993e-01 -1.076481e-03 -4.377258e-01 -3.568726e-02 1.058259e-03 9.993625e-01 1.042983e+01
9.999969e-01 -9.745744e-06 -2.476241e-03 4.527542e+00 9.907000e-06 1.000000e+00 6.483922e-05 -4.601586e-01 2.476314e-03 -6.486503e-05 9.999968e-01 1.060984e+01
9.997940e-01 2.910222e-04 2.029427e-02 5.161116e+00 -2.787871e-04 9.999998e-01 -6.057403e-04 -4.889361e-01 -2.029451e-02 5.999592e-04 9.997939e-01 1.084081e+01
9.999956e-01 -1.737656e-05 -2.945292e-03 5.846836e+00 1.758419e-05 1.000000e+00 7.022321e-05 -5.172168e-01 2.945366e-03 -7.027623e-05 9.999956e-01 1.098168e+01
9.998361e-01 2.743968e-04 1.810217e-02 6.555455e+00 -2.649840e-04 9.999998e-01 -5.224178e-04 -5.479113e-01 -1.810238e-02 5.175369e-04 9.998361e-01 1.119122e+01
9.999878e-01 -4.607229e-05 -4.933252e-03 7.132847e+00 4.667075e-05 1.000000e+00 1.210392e-04 -5.759480e-01 4.933324e-03 -1.212695e-04 9.999877e-01 1.146800e+01
9.998163e-01 2.889345e-04 1.916553e-02 7.687971e+00 -2.783290e-04 9.999998e-01 -5.560663e-04 -6.037325e-01 -1.916576e-02 5.506314e-04 9.998163e-01 1.176332e+01
9.999987e-01 4.946573e-05 1.614545e-03 8.286140e+00 -4.932481e-05 1.000000e+00 -8.681121e-05 -6.296948e-01 -1.614470e-03 8.672983e-05 9.999986e-01 1.192872e+01
9.998530e-01 2.600250e-04 1.714474e-02 8.894526e+00 -2.517351e-04 9.999999e-01 -4.857330e-04 -6.571068e-01 -1.714495e-02 4.813473e-04 9.998530e-01 1.214125e+01
9.999955e-01 -1.435593e-06 -3.004511e-03 9.419461e+00 1.684812e-06 1.000000e+00 8.265019e-05 -6.863798e-01 3.004592e-03 -8.265655e-05 9.999954e-01 1.253892e+01
9.999455e-01 1.717498e-04 1.043764e-02 1.008035e+01 -1.688866e-04 9.999999e-01 -2.752856e-04 -7.190898e-01 -1.043777e-02 2.735095e-04 9.999456e-01 1.289679e+01
9.999998e-01 2.958147e-05 5.083428e-04 1.063197e+01 -2.955753e-05 1.000000e+00 -4.531662e-05 -7.481190e-01 -5.082618e-04 4.529990e-05 9.999998e-01 1.325303e+01
9.998586e-01 2.741434e-04 1.681541e-02 1.101670e+01 -2.664424e-04 9.999999e-01 -4.602640e-04 -7.739129e-01 -1.681561e-02 4.557202e-04 9.998586e-01 1.370142e+01
9.999907e-01 -3.833725e-05 -4.308574e-03 1.139994e+01 3.878960e-05 1.000000e+00 1.046788e-04 -8.004575e-01 4.308654e-03 -1.048467e-04 9.999906e-01 1.418243e+01
9.998795e-01 2.359962e-04 1.552208e-02 1.193050e+01 -2.291996e-04 9.999999e-01 -4.397061e-04 -8.287020e-01 -1.552227e-02 4.360972e-04 9.998795e-01 1.452813e+01
9.999770e-01 -5.708540e-05 -6.773600e-03 1.237971e+01 5.835825e-05 1.000000e+00 1.875677e-04 -8.563469e-01 6.773674e-03 -1.879604e-04 9.999770e-01 1.495527e+01
9.998593e-01 2.476323e-04 1.677161e-02 1.267132e+01 -2.395337e-04 9.999999e-01 -4.849421e-04 -8.803273e-01 -1.677181e-02 4.808583e-04 9.998593e-01 1.544406e+01
9.999658e-01 -8.833366e-05 -8.271242e-03 1.307658e+01 9.006469e-05 1.000000e+00 2.087849e-04 -9.044328e-01 8.271309e-03 -2.095245e-04 9.999657e-01 1.578147e+01
9.998623e-01 2.627139e-04 1.659686e-02 1.335572e+01 -2.551081e-04 9.999999e-01 -4.604400e-04 -9.279025e-01 -1.659706e-02 4.561443e-04 9.998622e-01 1.626460e+01
9.999840e-01 -4.467835e-05 -5.644095e-03 1.373507e+01 4.552553e-05 1.000000e+00 1.497815e-04 -9.550297e-01 5.644176e-03 -1.500378e-04 9.999840e-01 1.677024e+01
9.998746e-01 2.636448e-04 1.583335e-02 1.414915e+01 -2.569425e-04 9.999999e-01 -4.254015e-04 -9.828559e-01 -1.583354e-02 4.212817e-04 9.998746e-01 1.726194e+01
9.999116e-01 -1.329019e-04 -1.329353e-02 1.436415e+01 1.375668e-04 9.999999e-01 3.499205e-04 -1.005184e+00 1.329357e-02 -3.517202e-04 9.999115e-01 1.779139e+01
9.999195e-01 1.606779e-04 1.268776e-02 1.449345e+01 -1.561724e-04 9.999999e-01 -3.561773e-04 -1.024346e+00 -1.268790e-02 3.541689e-04 9.999195e-01 1.830142e+01
9.998833e-01 -1.707193e-04 -1.527196e-02 1.466867e+01 1.765018e-04 9.999999e-01 3.772206e-04 -1.042247e+00 1.527198e-02 -3.798739e-04 9.998832e-01 1.867926e+01
9.998902e-01 2.087179e-04 1.481918e-02 1.462649e+01 -2.026157e-04 9.999999e-01 -4.133477e-04 -1.055976e+00 -1.481935e-02 4.103015e-04 9.998902e-01 1.916070e+01
9.998856e-01 -2.002941e-04 -1.512426e-02 1.467495e+01 2.057470e-04 9.999999e-01 3.589156e-04 -1.069455e+00 1.512428e-02 -3.619881e-04 9.998855e-01 1.950939e+01
9.998020e-01 3.321751e-04 1.989636e-02 1.515331e+01 -3.219524e-04 9.999998e-01 -5.170505e-04 -1.094611e+00 -1.989662e-02 5.105442e-04 9.998020e-01 1.979982e+01
9.998625e-01 -2.124593e-04 -1.658131e-02 1.561533e+01 2.193638e-04 9.999999e-01 4.145187e-04 -1.121249e+00 1.658131e-02 -4.181008e-04 9.998624e-01 2.017225e+01
9.995663e-01 4.455942e-04 2.944713e-02 1.617348e+01 -4.212021e-04 9.999996e-01 -8.345683e-04 -1.147397e+00 -2.944757e-02 8.218049e-04 9.995661e-01 2.039658e+01
9.998607e-01 -2.279457e-04 -1.668858e-02 1.681648e+01 2.348619e-04 9.999999e-01 4.124023e-04 -1.173604e+00 1.668858e-02 -4.162662e-04 9.998606e-01 2.050912e+01
9.994848e-01 4.920279e-04 3.209317e-02 1.730760e+01 -4.626463e-04 9.999995e-01 -9.229611e-04 -1.196219e+00 -3.209369e-02 9.076396e-04 9.994845e-01 2.068165e+01
9.998594e-01 -1.992749e-04 -1.676604e-02 1.765183e+01 2.070588e-04 9.999999e-01 4.624592e-04 -1.221322e+00 1.676604e-02 -4.658676e-04 9.998593e-01 2.115248e+01
9.997836e-01 3.742733e-04 2.080088e-02 1.788326e+01 -3.629946e-04 9.999998e-01 -5.460507e-04 -1.246754e+00 -2.080118e-02 5.383838e-04 9.997836e-01 2.178526e+01
9.998138e-01 -2.864611e-04 -1.929245e-02 1.823580e+01 2.959890e-04 9.999998e-01 4.909486e-04 -1.271202e+00 1.929239e-02 -4.965694e-04 9.998137e-01 2.220492e+01
9.997277e-01 4.382613e-04 2.333012e-02 1.861110e+01 -4.241983e-04 9.999997e-01 -6.077798e-04 -1.296614e+00 -2.333047e-02 5.977195e-04 9.997277e-01 2.264327e+01
9.996907e-01 -4.154707e-04 -2.486348e-02 1.887852e+01 4.316371e-04 9.999997e-01 6.447912e-04 -1.319995e+00 2.486330e-02 -6.553256e-04 9.996906e-01 2.313518e+01
9.996617e-01 5.160492e-04 2.600433e-02 1.920294e+01 -4.987487e-04 9.999996e-01 -6.718163e-04 -1.345413e+00 -2.600476e-02 6.586213e-04 9.996617e-01 2.363757e+01
9.998899e-01 -2.802039e-04 -1.483365e-02 1.942007e+01 2.854953e-04 9.999999e-01 3.545198e-04 -1.369486e+00 1.483364e-02 -3.587176e-04 9.998898e-01 2.423924e+01
9.996923e-01 5.049782e-04 2.479962e-02 1.980909e+01 -4.897552e-04 9.999997e-01 -6.199578e-04 -1.398338e+00 -2.480001e-02 6.076232e-04 9.996923e-01 2.480677e+01
9.997870e-01 -3.248939e-04 -2.063255e-02 2.009919e+01 3.369028e-04 9.999998e-01 5.785024e-04 -1.428910e+00 2.063245e-02 -5.853323e-04 9.997869e-01 2.557764e+01
9.997469e-01 4.682639e-04 2.249405e-02 2.035558e+01 -4.562462e-04 9.999998e-01 -5.394428e-04 -1.459442e+00 -2.249439e-02 5.290452e-04 9.997469e-01 2.638980e+01
9.997167e-01 -4.415495e-04 -2.379635e-02 2.072484e+01 4.567216e-04 9.999997e-01 6.320948e-04 -1.489226e+00 2.379615e-02 -6.427859e-04 9.997166e-01 2.701755e+01
9.997367e-01 4.982159e-04 2.294262e-02 2.097632e+01 -4.861371e-04 9.999997e-01 -5.321020e-04 -1.518611e+00 -2.294297e-02 5.208104e-04 9.997367e-01 2.778566e+01
9.997915e-01 -3.533638e-04 -2.041637e-02 2.125789e+01 3.636433e-04 9.999998e-01 4.997195e-04 -1.546574e+00 2.041628e-02 -5.070413e-04 9.997914e-01 2.845773e+01
9.992057e-01 7.201974e-04 3.984408e-02 2.153888e+01 -6.784550e-04 9.999992e-01 -1.061184e-03 -1.573191e+00 -3.984491e-02 1.033310e-03 9.992054e-01 2.907721e+01
9.996623e-01 -3.685724e-04 -2.598336e-02 2.174298e+01 3.872581e-04 9.999997e-01 7.140613e-04 -1.601748e+00 2.598318e-02 -7.238843e-04 9.996621e-01 2.986866e+01
9.996417e-01 4.896362e-04 2.676467e-02 2.203458e+01 -4.734730e-04 9.999997e-01 -6.102774e-04 -1.635407e+00 -2.676505e-02 5.973881e-04 9.996416e-01 3.076593e+01
9.997243e-01 -3.411401e-04 -2.347582e-02 2.253467e+01 3.550547e-04 9.999998e-01 5.884978e-04 -1.670328e+00 2.347571e-02 -5.966726e-04 9.997242e-01 3.143418e+01
9.996896e-01 4.323865e-04 2.491304e-02 2.319937e+01 -4.186218e-04 9.999998e-01 -5.577688e-04 -1.706672e+00 -2.491337e-02 5.471682e-04 9.996895e-01 3.192488e+01
9.997107e-01 -3.258435e-04 -2.404823e-02 2.359687e+01 3.411117e-04 9.999997e-01 6.307481e-04 -1.740766e+00 2.404812e-02 -6.387706e-04 9.997105e-01 3.269283e+01
9.995353e-01 5.412337e-04 3.047732e-02 2.401516e+01 -5.179895e-04 9.999996e-01 -7.706036e-04 -1.772795e+00 -3.047781e-02 7.544604e-04 9.995352e-01 3.335266e+01
9.998738e-01 -2.847836e-04 -1.588267e-02 2.456367e+01 2.903963e-04 9.999999e-01 3.509960e-04 -1.803121e+00 1.588266e-02 -3.555657e-04 9.998737e-01 3.375734e+01
9.995667e-01 5.183502e-04 2.943007e-02 2.520060e+01 -4.965387e-04 9.999996e-01 -7.484746e-04 -1.834745e+00 -2.943054e-02 7.335389e-04 9.995666e-01 3.409538e+01
9.998916e-01 -2.712374e-04 -1.472006e-02 2.570157e+01 2.759918e-04 9.999999e-01 3.208677e-04 -1.863617e+00 1.472007e-02 -3.248973e-04 9.998915e-01 3.450165e+01
9.996581e-01 5.052218e-04 2.614334e-02 2.618910e+01 -4.892040e-04 9.999997e-01 -6.191360e-04 -1.895345e+00 -2.614374e-02 6.061366e-04 9.996581e-01 3.504547e+01
9.997437e-01 -3.660123e-04 -2.263536e-02 2.676872e+01 3.789426e-04 9.999998e-01 5.668946e-04 -1.929313e+00 2.263524e-02 -5.753286e-04 9.997436e-01 3.555701e+01
9.996539e-01 5.157516e-04 2.630397e-02 2.717621e+01 -4.987445e-04 9.999997e-01 -6.531670e-04 -1.958001e+00 -2.630440e-02 6.398237e-04 9.996538e-01 3.608317e+01
9.998257e-01 -3.031010e-04 -1.866394e-02 2.740470e+01 3.117525e-04 9.999998e-01 4.605598e-04 -1.984268e+00 1.866390e-02 -4.662998e-04 9.998256e-01 3.675233e+01
9.997964e-01 4.481125e-04 2.017413e-02 2.745262e+01 -4.389949e-04 9.999998e-01 -4.564368e-04 -2.007457e+00 -2.017442e-02 4.474893e-04 9.997964e-01 3.752664e+01
9.998231e-01 -2.994212e-04 -1.880458e-02 2.750397e+01 3.090154e-04 9.999998e-01 5.072282e-04 -2.033883e+00 1.880452e-02 -5.129512e-04 9.998230e-01 3.843081e+01
9.997597e-01 4.726124e-04 2.191834e-02 2.762552e+01 -4.615116e-04 9.999998e-01 -5.115743e-04 -2.061811e+00 -2.191868e-02 5.013375e-04 9.997597e-01 3.930954e+01
9.997561e-01 -3.725218e-04 -2.208067e-02 2.780907e+01 3.849967e-04 9.999998e-01 5.606596e-04 -2.087529e+00 2.208055e-02 -5.690256e-04 9.997560e-01 4.000901e+01
9.997999e-01 4.005621e-04 2.000091e-02 2.824702e+01 -3.910559e-04 9.999998e-01 -4.792648e-04 -2.115476e+00 -2.000120e-02 4.713492e-04 9.997999e-01 4.045573e+01
9.997890e-01 -3.703762e-04 -2.053609e-02 2.886164e+01 3.813982e-04 9.999998e-01 5.327321e-04 -2.147434e+00 2.053599e-02 -5.404539e-04 9.997889e-01 4.083116e+01
9.997651e-01 4.115377e-04 2.166913e-02 2.981306e+01 -4.010845e-04 9.999998e-01 -4.868003e-04 -2.189612e+00 -2.166942e-02 4.779965e-04 9.997651e-01 4.117613e+01
9.998390e-01 -3.239028e-04 -1.793699e-02 3.084311e+01 3.322463e-04 9.999998e-01 4.621025e-04 -2.233965e+00 1.793694e-02 -4.679894e-04 9.998389e-01 4.150793e+01
9.997842e-01 4.315676e-04 2.077193e-02 3.161830e+01 -4.224792e-04 9.999998e-01 -4.419763e-04 -2.274124e+00 -2.077222e-02 4.331069e-04 9.997842e-01 4.201714e+01
9.998206e-01 -3.696009e-04 -1.893632e-02 3.250954e+01 3.783922e-04 9.999998e-01 4.606067e-04 -2.314645e+00 1.893624e-02 -4.676911e-04 9.998205e-01 4.237806e+01
9.997403e-01 4.809378e-04 2.278703e-02 3.337144e+01 -4.697852e-04 9.999998e-01 -4.948374e-04 -2.354991e+00 -2.278736e-02 4.840056e-04 9.997403e-01 4.277526e+01
9.998896e-01 -2.781784e-04 -1.485262e-02 3.389281e+01 2.829139e-04 9.999999e-01 3.166422e-04 -2.388195e+00 1.485263e-02 -3.208110e-04 9.998896e-01 4.334194e+01
9.997980e-01 4.465186e-04 2.009404e-02 3.442383e+01 -4.384437e-04 9.999998e-01 -4.063225e-04 -2.421987e+00 -2.009431e-02 3.974320e-04 9.997981e-01 4.391802e+01
9.998277e-01 -3.357544e-04 -1.855725e-02 3.480069e+01 3.436928e-04 9.999999e-01 4.245186e-04 -2.452258e+00 1.855720e-02 -4.308251e-04 9.998276e-01 4.455382e+01
9.998433e-01 4.008504e-04 1.769835e-02 3.509099e+01 -3.944958e-04 9.999999e-01 -3.626080e-04 -2.478809e+00 -1.769859e-02 3.555709e-04 9.998434e-01 4.514445e+01
9.998321e-01 -3.601674e-04 -1.831667e-02 3.555220e+01 3.671752e-04 9.999999e-01 3.791568e-04 -2.505376e+00 1.831663e-02 -3.858203e-04 9.998321e-01 4.549924e+01
9.998041e-01 4.512704e-04 1.978879e-02 3.600835e+01 -4.437207e-04 9.999998e-01 -3.859634e-04 -2.535120e+00 -1.978906e-02 3.771088e-04 9.998042e-01 4.600396e+01
9.998946e-01 -2.895402e-04 -1.451227e-02 3.642612e+01 2.933213e-04 9.999999e-01 2.583261e-04 -2.564395e+00 1.451229e-02 -2.625573e-04 9.998946e-01 4.654456e+01
9.997262e-01 4.682951e-04 2.339542e-02 3.670299e+01 -4.559928e-04 9.999998e-01 -5.312285e-04 -2.587324e+00 -2.339576e-02 5.204166e-04 9.997262e-01 4.701355e+01
9.999505e-01 -2.261369e-04 -9.946027e-03 3.688046e+01 2.273511e-04 1.000000e+00 1.208041e-04 -2.608330e+00 9.946097e-03 -1.230610e-04 9.999505e-01 4.754020e+01
9.999274e-01 3.340602e-04 1.205148e-02 3.701129e+01 -3.319054e-04 9.999999e-01 -1.809128e-04 -2.629116e+00 -1.205164e-02 1.769014e-04 9.999274e-01 4.811102e+01
9.999885e-01 -1.597571e-04 -4.777214e-03 3.715615e+01 1.596466e-04 1.000000e+00 -2.377711e-05 -2.651301e+00 4.777315e-03 2.301251e-05 9.999885e-01 4.872483e+01
9.999105e-01 3.635255e-04 1.337692e-02 3.729470e+01 -3.608508e-04 9.999999e-01 -2.024582e-04 -2.674989e+00 -1.337709e-02 1.976147e-04 9.999106e-01 4.940802e+01
9.999815e-01 -1.701081e-04 -6.079456e-03 3.747624e+01 1.702343e-04 1.000000e+00 2.000385e-05 -2.700023e+00 6.079551e-03 -2.104008e-05 9.999815e-01 5.008868e+01
9.998534e-01 3.963316e-04 1.712011e-02 3.765344e+01 -3.908487e-04 9.999999e-01 -3.236849e-04 -2.723884e+00 -1.712033e-02 3.169477e-04 9.998534e-01 5.072879e+01
9.999582e-01 -1.932311e-04 -9.140989e-03 3.797787e+01 1.944071e-04 1.000000e+00 1.276165e-04 -2.752301e+00 9.141062e-03 -1.293899e-04 9.999582e-01 5.136339e+01
9.998301e-01 4.190920e-04 1.842971e-02 3.835163e+01 -4.127259e-04 9.999999e-01 -3.493036e-04 -2.782622e+00 -1.842995e-02 3.416395e-04 9.998302e-01 5.201635e+01
9.999581e-01 -2.008441e-04 -9.149876e-03 3.853667e+01 2.018086e-04 1.000000e+00 1.043289e-04 -2.807115e+00 9.149953e-03 -1.061727e-04 9.999581e-01 5.267552e+01
9.999122e-01 3.348089e-04 1.325323e-02 3.884149e+01 -3.319041e-04 9.999999e-01 -2.214872e-04 -2.831662e+00 -1.325340e-02 2.170706e-04 9.999122e-01 5.317210e+01
9.999850e-01 -1.827597e-04 -5.474666e-03 3.937960e+01 1.827269e-04 1.000000e+00 -6.751395e-06 -2.860580e+00 5.474765e-03 5.749278e-06 9.999850e-01 5.353454e+01
9.997934e-01 4.229422e-04 2.032351e-02 3.990297e+01 -4.140644e-04 9.999998e-01 -4.410998e-04 -2.887743e+00 -2.032379e-02 4.325950e-04 9.997934e-01 5.385244e+01
9.999962e-01 -5.632438e-05 2.735836e-03 4.021100e+01 5.704695e-05 1.000000e+00 -2.634957e-04 -2.910040e+00 -2.735722e-03 2.636491e-04 9.999962e-01 5.426227e+01
9.998660e-01 4.033250e-04 1.636932e-02 4.057747e+01 -3.988182e-04 9.999999e-01 -2.786789e-04 -2.936410e+00 -1.636953e-02 2.721148e-04 9.998660e-01 5.475924e+01
9.999572e-01 -2.134214e-04 -9.245692e-03 4.093039e+01 2.144246e-04 1.000000e+00 1.073422e-04 -2.965125e+00 9.245768e-03 -1.093217e-04 9.999572e-01 5.536900e+01
9.997973e-01 4.307230e-04 2.013006e-02 4.147572e+01 -4.226140e-04 9.999998e-01 -4.071543e-04 -2.996212e+00 -2.013034e-02 3.985661e-04 9.997973e-01 5.581981e+01
9.999645e-01 -1.821680e-04 -8.420610e-03 4.182122e+01 1.830155e-04 1.000000e+00 9.969430e-05 -3.024537e+00 8.420691e-03 -1.012335e-04 9.999645e-01 5.642504e+01
9.998588e-01 3.961050e-04 1.680171e-02 4.204588e+01 -3.910758e-04 9.999999e-01 -3.027052e-04 -3.051594e+00 -1.680193e-02 2.960933e-04 9.998588e-01 5.713514e+01
9.999806e-01 -1.763529e-04 -6.216814e-03 4.235677e+01 1.765073e-04 1.000000e+00 2.403603e-05 -3.079075e+00 6.216910e-03 -2.513450e-05 9.999806e-01 5.775002e+01
9.998882e-01 3.746014e-04 1.495009e-02 4.263297e+01 -3.707471e-04 9.999999e-01 -2.606826e-04 -3.104937e+00 -1.495028e-02 2.551124e-04 9.998883e-01 5.834560e+01
9.999587e-01 -2.108442e-04 -9.079484e-03 4.291387e+01 2.118527e-04 1.000000e+00 1.099347e-04 -3.130690e+00 9.079561e-03 -1.118553e-04 9.999587e-01 5.892587e+01
9.999706e-01 2.695512e-04 7.672140e-03 4.309350e+01 -2.687784e-04 1.000000e+00 -1.019665e-04 -3.149899e+00 -7.672267e-03 9.990295e-05 9.999706e-01 5.935526e+01
9.999717e-01 -2.084566e-04 -7.514838e-03 4.341447e+01 2.089028e-04 1.000000e+00 5.838020e-05 -3.170916e+00 7.514926e-03 -5.995003e-05 9.999717e-01 5.966908e+01
9.999233e-01 3.350384e-04 1.238254e-02 4.371948e+01 -3.323642e-04 9.999999e-01 -2.181448e-04 -3.193380e+00 -1.238272e-02 2.140142e-04 9.999234e-01 6.007400e+01
9.999746e-01 -2.167853e-04 -7.120758e-03 4.412993e+01 2.170576e-04 1.000000e+00 3.725513e-05 -3.217604e+00 7.120850e-03 -3.880141e-05 9.999746e-01 6.040559e+01
9.999319e-01 3.243755e-04 1.166602e-02 4.466567e+01 -3.221137e-04 9.999999e-01 -1.958879e-04 -3.244069e+00 -1.166618e-02 1.921184e-04 9.999320e-01 6.065622e+01
9.999311e-01 -2.693311e-04 -1.173343e-02 4.523919e+01 2.716207e-04 9.999999e-01 1.934067e-04 -3.272564e+00 1.173348e-02 -1.965820e-04 9.999311e-01 6.093835e+01
9.999383e-01 3.069942e-04 1.110433e-02 4.584982e+01 -3.052505e-04 9.999999e-01 -1.588615e-04 -3.302905e+00 -1.110448e-02 1.554636e-04 9.999384e-01 6.124677e+01
9.999327e-01 -2.853595e-04 -1.159249e-02 4.661569e+01 2.878528e-04 9.999999e-01 2.132714e-04 -3.337893e+00 1.159253e-02 -2.165956e-04 9.999327e-01 6.153913e+01
9.999054e-01 3.625647e-04 1.375505e-02 4.731836e+01 -3.596114e-04 9.999999e-01 -2.172922e-04 -3.374114e+00 -1.375523e-02 2.123267e-04 9.999054e-01 6.197547e+01
9.999142e-01 -3.257212e-04 -1.308908e-02 4.816956e+01 3.284164e-04 9.999999e-01 2.036384e-04 -3.408122e+00 1.308912e-02 -2.079212e-04 9.999143e-01 6.210101e+01
9.998445e-01 4.197024e-04 1.763433e-02 4.908058e+01 -4.139906e-04 9.999999e-01 -3.276406e-04 -3.445278e+00 -1.763457e-02 3.202907e-04 9.998445e-01 6.228603e+01
9.999139e-01 -3.140407e-04 -1.311707e-02 5.001184e+01 3.167287e-04 9.999999e-01 2.027204e-04 -3.482900e+00 1.311710e-02 -2.068591e-04 9.999139e-01 6.246281e+01
9.998801e-01 3.721011e-04 1.548416e-02 5.097500e+01 -3.680997e-04 9.999999e-01 -2.613650e-04 -3.519529e+00 -1.548436e-02 2.556355e-04 9.998801e-01 6.255349e+01
9.998985e-01 -3.350077e-04 -1.423764e-02 5.186410e+01 3.382920e-04 9.999999e-01 2.281541e-04 -3.554484e+00 1.423766e-02 -2.329490e-04 9.998986e-01 6.267441e+01
9.998650e-01 3.927650e-04 1.642667e-02 5.273390e+01 -3.880923e-04 9.999999e-01 -2.877411e-04 -3.589785e+00 -1.642688e-02 2.813288e-04 9.998651e-01 6.283637e+01
9.999057e-01 -3.153688e-04 -1.372325e-02 5.353622e+01 3.181770e-04 9.999999e-01 2.023266e-04 -3.623159e+00 1.372328e-02 -2.066755e-04 9.999058e-01 6.300702e+01
9.999149e-01 3.262583e-04 1.304884e-02 5.429304e+01 -3.236982e-04 9.999999e-01 -1.984273e-04 -3.653608e+00 -1.304900e-02 1.941881e-04 9.999149e-01 6.311518e+01
9.999705e-01 -2.202465e-04 -7.667703e-03 5.480816e+01 2.203612e-04 1.000000e+00 1.390253e-05 -3.679028e+00 7.667800e-03 -1.559337e-05 9.999706e-01 6.335732e+01
9.998562e-01 3.776782e-04 1.695980e-02 5.524307e+01 -3.721360e-04 9.999999e-01 -3.300315e-04 -3.701280e+00 -1.696002e-02 3.236742e-04 9.998562e-01 6.358238e+01
9.999092e-01 -2.917583e-04 -1.346912e-02 5.595035e+01 2.946830e-04 9.999999e-01 2.150332e-04 -3.732516e+00 1.346915e-02 -2.189843e-04 9.999092e-01 6.379744e+01
9.996349e-01 5.196529e-04 2.701833e-02 5.642744e+01 -5.030765e-04 9.999997e-01 -6.203766e-04 -3.759895e+00 -2.701875e-02 6.065594e-04 9.996348e-01 6.417776e+01
9.997739e-01 -3.600323e-04 -2.125859e-02 5.711898e+01 3.713959e-04 9.999998e-01 5.305163e-04 -3.797850e+00 2.125849e-02 -5.382933e-04 9.997738e-01 6.470512e+01
9.997697e-01 3.546392e-04 2.145839e-02 5.803795e+01 -3.465394e-04 9.999999e-01 -3.812595e-04 -3.842090e+00 -2.145863e-02 3.737370e-04 9.997697e-01 6.519666e+01
9.997301e-01 -3.203377e-04 -2.322692e-02 5.820156e+01 3.304705e-04 9.999999e-01 4.323472e-04 -3.864246e+00 2.322688e-02 -4.399079e-04 9.997301e-01 6.577624e+01
9.994722e-01 5.327227e-04 3.248220e-02 5.852744e+01 -5.109555e-04 9.999996e-01 -6.784750e-04 -3.892320e+00 -3.248265e-02 6.615215e-04 9.994721e-01 6.638970e+01
9.999172e-01 -2.135598e-04 -1.286284e-02 5.908751e+01 2.152321e-04 1.000000e+00 1.284903e-04 -3.923825e+00 1.286291e-02 -1.312497e-04 9.999172e-01 6.682850e+01
9.997482e-01 4.522795e-04 2.243681e-02 5.946039e+01 -4.449038e-04 9.999998e-01 -3.337977e-04 -3.955640e+00 -2.243705e-02 3.237329e-04 9.997483e-01 6.753455e+01
9.997854e-01 -3.406033e-04 -2.071273e-02 5.974589e+01 3.469144e-04 9.999999e-01 3.010246e-04 -3.981601e+00 2.071272e-02 -3.081470e-04 9.997854e-01 6.810546e+01
9.995730e-01 5.001737e-04 2.921752e-02 6.020371e+01 -4.836011e-04 9.999997e-01 -5.743329e-04 -4.007575e+00 -2.921789e-02 5.599595e-04 9.995730e-01 6.844833e+01
9.999442e-01 -2.033429e-04 -1.055347e-02 6.057909e+01 2.034956e-04 1.000000e+00 1.323115e-05 -4.032155e+00 1.055357e-02 -1.537952e-05 9.999443e-01 6.885858e+01
9.996730e-01 5.161707e-04 2.556803e-02 6.091691e+01 -5.063320e-04 9.999998e-01 -3.913414e-04 -4.062374e+00 -2.556833e-02 3.782690e-04 9.996731e-01 6.954726e+01
9.999503e-01 -2.442846e-04 -9.959079e-03 6.159555e+01 2.438731e-04 1.000000e+00 -4.270509e-05 -4.096843e+00 9.959188e-03 4.027271e-05 9.999504e-01 6.995284e+01
9.994725e-01 6.131249e-04 3.247174e-02 6.208699e+01 -5.935361e-04 9.999996e-01 -6.129471e-04 -4.125424e+00 -3.247221e-02 5.933521e-04 9.994725e-01 7.037262e+01
9.997938e-01 -3.561241e-04 -2.030135e-02 6.246668e+01 3.618826e-04 9.999999e-01 2.798891e-04 -4.154272e+00 2.030135e-02 -2.871796e-04 9.997938e-01 7.094853e+01
9.994143e-01 6.654778e-04 3.421674e-02 6.283651e+01 -6.446010e-04 9.999996e-01 -6.212113e-04 -4.187147e+00 -3.421724e-02 5.987927e-04 9.994143e-01 7.170570e+01
9.998125e-01 -3.584408e-04 -1.935834e-02 6.360496e+01 3.639079e-04 9.999999e-01 2.788001e-04 -4.228750e+00 1.935834e-02 -2.857939e-04 9.998125e-01 7.228442e+01
9.997827e-01 3.942388e-04 2.084529e-02 6.457715e+01 -3.882769e-04 9.999999e-01 -2.901369e-04 -4.268041e+00 -2.084550e-02 2.819815e-04 9.997827e-01 7.247284e+01
9.999056e-01 -2.468871e-04 -1.373589e-02 6.529808e+01 2.483398e-04 1.000000e+00 1.039191e-04 -4.302587e+00 1.373596e-02 -1.073219e-04 9.999056e-01 7.281636e+01
9.997921e-01 4.200788e-04 2.038644e-02 6.592717e+01 -4.150637e-04 9.999999e-01 -2.503214e-04 -4.337330e+00 -2.038664e-02 2.418092e-04 9.997922e-01 7.329644e+01
9.997781e-01 -3.946552e-04 -2.106086e-02 6.656617e+01 4.003351e-04 9.999999e-01 2.653843e-04 -4.367135e+00 2.106086e-02 -2.737583e-04 9.997781e-01 7.353871e+01
9.997498e-01 4.732851e-04 2.236810e-02 6.704760e+01 -4.661269e-04 9.999998e-01 -3.253085e-04 -4.393257e+00 -2.236835e-02 3.148021e-04 9.997498e-01 7.384471e+01
9.999302e-01 -2.692981e-04 -1.180333e-02 6.753371e+01 2.697428e-04 1.000000e+00 3.592773e-05 -4.423469e+00 1.180341e-02 -3.911052e-05 9.999303e-01 7.432807e+01
9.996495e-01 5.564092e-04 2.646881e-02 6.794748e+01 -5.454322e-04 9.999998e-01 -4.219976e-04 -4.453979e+00 -2.646914e-02 4.074141e-04 9.996496e-01 7.492817e+01
9.998436e-01 -3.700186e-04 -1.767537e-02 6.834386e+01 3.732140e-04 9.999999e-01 1.773794e-04 -4.482185e+00 1.767540e-02 -1.839498e-04 9.998437e-01 7.544684e+01
9.997892e-01 4.505134e-04 2.053225e-02 6.912956e+01 -4.452853e-04 9.999999e-01 -2.592870e-04 -4.516225e+00 -2.053246e-02 2.500910e-04 9.997892e-01 7.567018e+01
9.998827e-01 -3.516288e-04 -1.531106e-02 7.017624e+01 3.537311e-04 9.999999e-01 1.344735e-04 -4.557216e+00 1.531111e-02 -1.398751e-04 9.998827e-01 7.583144e+01
9.997452e-01 5.145343e-04 2.256897e-02 7.094347e+01 -5.072401e-04 9.999998e-01 -3.290000e-04 -4.592614e+00 -2.256924e-02 3.174697e-04 9.997453e-01 7.614343e+01
9.998852e-01 -3.533079e-04 -1.514668e-02 7.158867e+01 3.552702e-04 9.999999e-01 1.267407e-04 -4.625595e+00 1.514673e-02 -1.321087e-04 9.998852e-01 7.652075e+01
9.997364e-01 5.206268e-04 2.295632e-02 7.240104e+01 -5.130517e-04 9.999998e-01 -3.359460e-04 -4.661772e+00 -2.295659e-02 3.240810e-04 9.997364e-01 7.680367e+01
9.998077e-01 -4.295144e-04 -1.960153e-02 7.322974e+01 4.351032e-04 9.999999e-01 2.807586e-04 -4.699622e+00 1.960151e-02 -2.892347e-04 9.998078e-01 7.713549e+01
9.997403e-01 5.373154e-04 2.278428e-02 7.388653e+01 -5.298064e-04 9.999998e-01 -3.356824e-04 -4.733649e+00 -2.278455e-02 3.235253e-04 9.997404e-01 7.754056e+01
9.997367e-01 -4.931758e-04 -2.294004e-02 7.450274e+01 5.021833e-04 9.999998e-01 3.868127e-04 -4.766811e+00 2.293994e-02 -3.982323e-04 9.997367e-01 7.796280e+01
9.997379e-01 5.440593e-04 2.289223e-02 7.507643e+01 -5.361386e-04 9.999998e-01 -3.522139e-04 -4.798210e+00 -2.289252e-02 3.398495e-04 9.997379e-01 7.836770e+01
9.997504e-01 -4.700966e-04 -2.233461e-02 7.558890e+01 4.789025e-04 9.999998e-01 3.888387e-04 -4.830797e+00 2.233452e-02 -3.994391e-04 9.997504e-01 7.891137e+01
9.996827e-01 5.898654e-04 2.518496e-02 7.622823e+01 -5.807328e-04 9.999998e-01 -3.700046e-04 -4.870032e+00 -2.518527e-02 3.552628e-04 9.996828e-01 7.956687e+01
9.997993e-01 -4.471721e-04 -2.002717e-02 7.682473e+01 4.522125e-04 9.999999e-01 2.470614e-04 -4.902873e+00 2.002716e-02 -2.560697e-04 9.997994e-01 8.000617e+01
9.999082e-01 4.610916e-04 1.354891e-02 7.709339e+01 -4.605669e-04 9.999999e-01 -4.197728e-05 -4.929351e+00 -1.354902e-02 3.573456e-05 9.999082e-01 8.062831e+01
9.998586e-01 -4.472812e-04 -1.680542e-02 7.735068e+01 4.501032e-04 9.999999e-01 1.640337e-04 -4.955217e+00 1.680544e-02 -1.715761e-04 9.998587e-01 8.123938e+01
9.997681e-01 5.936148e-04 2.152768e-02 7.775040e+01 -5.877363e-04 9.999998e-01 -2.794771e-04 -4.983893e+00 -2.152794e-02 2.667610e-04 9.997682e-01 8.177702e+01
9.999079e-01 -3.941354e-04 -1.355892e-02 7.811269e+01 3.953879e-04 9.999999e-01 8.955638e-05 -5.013469e+00 1.355898e-02 -9.491050e-05 9.999080e-01 8.241159e+01
9.997804e-01 5.790634e-04 2.094930e-02 7.850248e+01 -5.734297e-04 9.999998e-01 -2.750105e-04 -5.042738e+00 -2.094955e-02 2.629384e-04 9.997805e-01 8.299538e+01
9.998980e-01 -3.910828e-04 -1.427027e-02 7.890736e+01 3.929113e-04 9.999999e-01 1.252082e-04 -5.073399e+00 1.427031e-02 -1.308036e-04 9.998981e-01 8.361607e+01
9.999175e-01 4.328840e-04 1.284379e-02 7.922586e+01 -4.321257e-04 9.999999e-01 -6.195643e-05 -5.099070e+00 -1.284391e-02 5.640247e-05 9.999175e-01 8.413206e+01
9.999212e-01 -3.474891e-04 -1.254489e-02 7.936734e+01 3.484018e-04 9.999999e-01 7.042701e-05 -5.121357e+00 1.254496e-02 -7.479342e-05 9.999213e-01 8.474976e+01
9.998887e-01 4.995959e-04 1.491768e-02 7.935534e+01 -4.985053e-04 9.999999e-01 -7.694322e-05 -5.143778e+00 -1.491781e-02 6.949937e-05 9.998888e-01 8.557883e+01
9.998604e-01 -3.798001e-04 -1.670158e-02 7.934194e+01 3.829791e-04 9.999999e-01 1.870386e-04 -5.166751e+00 1.670160e-02 -1.934101e-04 9.998605e-01 8.642426e+01
9.999523e-01 4.999142e-04 9.765817e-03 7.932745e+01 -4.998948e-04 9.999999e-01 -4.598175e-06 -5.185412e+00 -9.765913e-03 -2.826801e-07 9.999523e-01 8.708773e+01
9.998639e-01 -3.875858e-04 -1.648838e-02 7.930580e+01 3.904035e-04 9.999999e-01 1.675662e-04 -5.203020e+00 1.648841e-02 -1.739818e-04 9.998640e-01 8.770569e+01
9.999774e-01 4.822866e-04 6.708496e-03 7.939460e+01 -4.827601e-04 9.999999e-01 6.871360e-05 -5.221837e+00 -6.708558e-03 -7.194940e-05 9.999775e-01 8.824781e+01
9.998689e-01 -4.198381e-04 -1.617986e-02 7.954493e+01 4.226921e-04 9.999999e-01 1.728656e-04 -5.242771e+00 1.617988e-02 -1.796833e-04 9.998690e-01 8.878866e+01
9.999911e-01 4.982568e-04 4.202491e-03 7.974604e+01 -4.987904e-04 9.999999e-01 1.255302e-04 -5.262847e+00 -4.202524e-03 -1.276240e-04 9.999912e-01 8.923142e+01
9.999402e-01 -4.631059e-04 -1.092092e-02 7.992771e+01 4.633120e-04 9.999999e-01 1.618802e-05 -5.282143e+00 1.092101e-02 -2.124810e-05 9.999403e-01 8.966090e+01
9.999867e-01 5.129831e-04 5.144421e-03 7.998445e+01 -5.135842e-04 9.999999e-01 1.152170e-04 -5.300932e+00 -5.144458e-03 -1.178564e-04 9.999868e-01 9.023306e+01
9.999172e-01 -4.940039e-04 -1.285134e-02 8.024979e+01 4.952972e-04 9.999999e-01 9.732932e-05 -5.325096e+00 1.285138e-02 -1.036878e-04 9.999174e-01 9.075741e+01
9.999997e-01 5.242515e-04 -6.560307e-04 8.067216e+01 -5.240889e-04 9.999998e-01 2.504543e-04 -5.348422e+00 6.560645e-04 -2.501092e-04 9.999998e-01 9.104157e+01
9.998934e-01 -4.747246e-04 -1.458697e-02 8.111885e+01 4.765536e-04 9.999999e-01 1.218086e-04 -5.371552e+00 1.458701e-02 -1.287483e-04 9.998936e-01 9.129332e+01
9.999869e-01 4.803676e-04 5.098042e-03 8.160006e+01 -4.807700e-04 9.999999e-01 7.742431e-05 -5.393580e+00 -5.098102e-03 -7.987308e-05 9.999870e-01 9.143669e+01
9.999448e-01 -5.069018e-04 -1.048969e-02 8.212612e+01 5.072835e-04 9.999999e-01 3.358144e-05 -5.418105e+00 1.048977e-02 -3.890207e-05 9.999449e-01 9.160974e+01
9.999789e-01 5.094365e-04 6.492354e-03 8.263161e+01 -5.096424e-04 9.999999e-01 2.983884e-05 -5.441958e+00 -6.492437e-03 -3.314578e-05 9.999790e-01 9.178769e+01
9.999519e-01 -5.166940e-04 -9.785879e-03 8.315065e+01 5.171090e-04 9.999999e-01 3.972204e-05 -5.467975e+00 9.785955e-03 -4.478174e-05 9.999521e-01 9.203184e+01
9.999875e-01 4.761704e-04 4.990591e-03 8.379214e+01 -4.766593e-04 9.999999e-01 9.647936e-05 -5.497408e+00 -4.990643e-03 -9.885575e-05 9.999876e-01 9.225532e+01
9.999610e-01 -5.319121e-04 -8.810498e-03 8.454789e+01 5.322289e-04 9.999999e-01 3.344679e-05 -5.530124e+00 8.810578e-03 -3.813594e-05 9.999611e-01 9.246201e+01
9.999905e-01 4.519217e-04 4.345638e-03 8.534040e+01 -4.523525e-04 9.999999e-01 9.780199e-05 -5.562035e+00 -4.345692e-03 -9.976561e-05 9.999906e-01 9.258309e+01
9.999824e-01 -4.966340e-04 -5.905317e-03 8.630429e+01 4.965865e-04 9.999999e-01 -9.762797e-06 -5.600142e+00 5.905420e-03 6.828878e-06 9.999825e-01 9.273557e+01
9.999874e-01 4.286527e-04 5.022042e-03 8.759372e+01 -4.293623e-04 9.999999e-01 1.399172e-04 -5.648494e+00 -5.022080e-03 -1.420705e-04 9.999874e-01 9.287995e+01
9.999913e-01 -4.663578e-04 -4.125825e-03 8.910411e+01 4.663051e-04 9.999999e-01 -1.409297e-05 -5.704404e+00 4.125929e-03 1.216771e-05 9.999914e-01 9.304731e+01
9.999751e-01 4.765934e-04 7.047477e-03 9.091285e+01 -4.775943e-04 9.999999e-01 1.401343e-04 -5.769712e+00 -7.047508e-03 -1.434955e-04 9.999752e-01 9.320996e+01
9.999825e-01 -5.350929e-04 -5.890052e-03 9.276209e+01 5.353134e-04 9.999999e-01 3.561554e-05 -5.834877e+00 5.890130e-03 -3.876917e-05 9.999826e-01 9.330367e+01
9.999868e-01 4.336432e-04 5.125275e-03 9.413612e+01 -4.341953e-04 9.999999e-01 1.063148e-04 -5.884647e+00 -5.125327e-03 -1.085376e-04 9.999869e-01 9.339594e+01
9.999493e-01 -5.990063e-04 -1.004492e-02 9.507288e+01 5.997291e-04 9.999998e-01 6.879476e-05 -5.921760e+00 1.004498e-02 -7.481674e-05 9.999495e-01 9.354979e+01
9.999651e-01 4.238222e-04 8.348811e-03 9.679805e+01 -4.253738e-04 9.999999e-01 1.839004e-04 -5.984039e+00 -8.348831e-03 -1.874441e-04 9.999652e-01 9.371538e+01
9.999921e-01 -4.234581e-04 -3.940865e-03 9.896568e+01 4.234004e-04 9.999999e-01 -1.585022e-05 -6.058196e+00 3.940969e-03 1.418032e-05 9.999922e-01 9.379404e+01
9.999837e-01 4.004640e-04 5.713041e-03 1.002519e+02 -4.009390e-04 9.999999e-01 8.174041e-05 -6.105386e+00 -5.713106e-03 -8.402847e-05 9.999837e-01 9.392693e+01
9.999870e-01 -4.499497e-04 -5.072799e-03 1.012328e+02 4.496673e-04 9.999999e-01 -5.709724e-05 -6.142224e+00 5.072922e-03 5.481422e-05 9.999871e-01 9.404020e+01
9.999856e-01 3.193611e-04 5.365596e-03 1.029699e+02 -3.207052e-04 9.999999e-01 2.493760e-04 -6.202455e+00 -5.365615e-03 -2.510920e-04 9.999856e-01 9.411942e+01
9.999780e-01 -5.489964e-04 -6.603254e-03 1.051420e+02 5.495770e-04 9.999998e-01 8.589963e-05 -6.276669e+00 6.603304e-03 -8.952796e-05 9.999782e-01 9.420638e+01
9.999877e-01 2.905116e-04 4.971816e-03 1.073355e+02 -2.918496e-04 9.999999e-01 2.681067e-04 -6.351458e+00 -4.971836e-03 -2.695532e-04 9.999876e-01 9.429644e+01
9.999727e-01 -6.100008e-04 -7.360669e-03 1.096999e+02 6.109860e-04 9.999998e-01 1.314065e-04 -6.429767e+00 7.360686e-03 -1.359014e-04 9.999729e-01 9.430935e+01
9.999951e-01 2.141605e-04 3.141977e-03 1.121085e+02 -2.151065e-04 9.999999e-01 3.002917e-04 -6.509253e+00 -3.142011e-03 -3.009649e-04 9.999951e-01 9.430222e+01
9.999738e-01 -6.030796e-04 -7.207784e-03 1.144900e+02 6.040053e-04 9.999998e-01 1.260535e-04 -6.588520e+00 7.207805e-03 -1.304049e-04 9.999740e-01 9.432967e+01
9.999946e-01 2.225431e-04 3.298497e-03 1.170357e+02 -2.236846e-04 9.999999e-01 3.452659e-04 -6.674068e+00 -3.298518e-03 -3.460006e-04 9.999945e-01 9.439457e+01
9.999822e-01 -5.737753e-04 -5.925704e-03 1.198722e+02 5.748104e-04 9.999998e-01 1.727273e-04 -6.769172e+00 5.925702e-03 -1.761317e-04 9.999824e-01 9.447140e+01
9.999978e-01 2.374844e-04 2.106458e-03 1.222120e+02 -2.380667e-04 9.999999e-01 2.754696e-04 -6.851305e+00 -2.106492e-03 -2.759693e-04 9.999978e-01 9.466713e+01
9.999804e-01 -5.824088e-04 -6.226636e-03 1.245787e+02 5.835681e-04 9.999998e-01 1.841350e-04 -6.934598e+00 6.226626e-03 -1.877663e-04 9.999806e-01 9.487710e+01
9.999843e-01 3.352472e-04 5.608812e-03 1.273199e+02 -3.367192e-04 9.999999e-01 2.612497e-04 -7.028131e+00 -5.608823e-03 -2.631329e-04 9.999843e-01 9.500966e+01
9.999687e-01 -6.495945e-04 -7.880329e-03 1.302291e+02 6.517809e-04 9.999997e-01 2.747132e-04 -7.127761e+00 7.880248e-03 -2.798421e-04 9.999689e-01 9.516792e+01
9.999898e-01 2.692658e-04 4.521404e-03 1.332724e+02 -2.706799e-04 9.999999e-01 3.118187e-04 -7.230383e+00 -4.521418e-03 -3.130381e-04 9.999898e-01 9.527284e+01
9.999776e-01 -5.985727e-04 -6.653627e-03 1.361973e+02 5.999800e-04 9.999998e-01 2.093096e-04 -7.328242e+00 6.653599e-03 -2.132982e-04 9.999778e-01 9.533791e+01
9.999925e-01 2.886178e-04 3.881982e-03 1.386157e+02 -2.894987e-04 9.999999e-01 2.259865e-04 -7.410109e+00 -3.882016e-03 -2.271074e-04 9.999925e-01 9.541420e+01
9.999582e-01 -6.662151e-04 -9.107201e-03 1.408254e+02 6.680300e-04 9.999998e-01 1.960809e-04 -7.486266e+00 9.107167e-03 -2.021578e-04 9.999585e-01 9.552111e+01
9.999891e-01 2.833726e-04 4.681136e-03 1.433222e+02 -2.846895e-04 9.999999e-01 2.803567e-04 -7.572003e+00 -4.681156e-03 -2.816851e-04 9.999890e-01 9.565431e+01
9.999822e-01 -5.343358e-04 -5.930381e-03 1.457849e+02 5.350549e-04 9.999998e-01 1.194361e-04 -7.655753e+00 5.930415e-03 -1.226083e-04 9.999824e-01 9.574982e+01
9.999970e-01 2.307482e-04 2.479810e-03 1.479940e+02 -2.314693e-04 9.999999e-01 2.899499e-04 -7.733090e+00 -2.479842e-03 -2.905219e-04 9.999969e-01 9.591445e+01
9.999767e-01 -5.974238e-04 -6.794084e-03 1.503968e+02 5.985892e-04 9.999998e-01 1.692978e-04 -7.816257e+00 6.794080e-03 -1.733620e-04 9.999769e-01 9.607032e+01
9.999868e-01 3.241887e-04 5.148164e-03 1.528756e+02 -3.254704e-04 9.999999e-01 2.478671e-04 -7.900861e+00 -5.148183e-03 -2.495383e-04 9.999868e-01 9.618464e+01
9.999775e-01 -6.176132e-04 -6.678192e-03 1.556290e+02 6.190991e-04 9.999998e-01 2.202310e-04 -7.993116e+00 6.678154e-03 -2.243617e-04 9.999776e-01 9.624961e+01
9.999933e-01 2.621298e-04 3.666513e-03 1.584941e+02 -2.633118e-04 9.999999e-01 3.215393e-04 -8.090350e+00 -3.666528e-03 -3.225014e-04 9.999933e-01 9.637211e+01
9.999793e-01 -5.846908e-04 -6.395211e-03 1.612202e+02 5.859207e-04 9.999998e-01 1.902370e-04 -8.184491e+00 6.395198e-03 -1.939814e-04 9.999795e-01 9.655266e+01
9.999956e-01 2.240116e-04 2.987350e-03 1.640160e+02 -2.250734e-04 9.999999e-01 3.546433e-04 -8.280928e+00 -2.987369e-03 -3.553129e-04 9.999955e-01 9.673796e+01
9.999846e-01 -5.387159e-04 -5.512290e-03 1.667462e+02 5.395695e-04 9.999998e-01 1.531343e-04 -8.375166e+00 5.512306e-03 -1.561074e-04 9.999848e-01 9.691588e+01
9.999985e-01 2.045738e-04 1.768809e-03 1.691589e+02 -2.051288e-04 9.999999e-01 3.128497e-04 -8.459985e+00 -1.768844e-03 -3.132109e-04 9.999984e-01 9.712573e+01
9.999766e-01 -5.341906e-04 -6.806268e-03 1.712082e+02 5.348644e-04 9.999999e-01 9.699487e-05 -8.534310e+00 6.806315e-03 -1.006342e-04 9.999768e-01 9.737577e+01
9.999974e-01 1.872981e-04 2.311916e-03 1.734389e+02 -1.880674e-04 9.999999e-01 3.319692e-04 -8.612726e+00 -2.311954e-03 -3.324020e-04 9.999973e-01 9.755543e+01
9.999856e-01 -4.972199e-04 -5.326054e-03 1.757972e+02 4.977478e-04 9.999999e-01 9.754442e-05 -8.693967e+00 5.326104e-03 -1.001952e-04 9.999858e-01 9.768730e+01
9.999960e-01 2.344413e-04 2.845301e-03 1.777620e+02 -2.351064e-04 9.999999e-01 2.329624e-04 -8.762248e+00 -2.845346e-03 -2.336293e-04 9.999960e-01 9.780855e+01
9.999796e-01 -5.327422e-04 -6.350813e-03 1.794731e+02 5.330118e-04 9.999999e-01 4.054337e-05 -8.821554e+00 6.350891e-03 -4.392878e-05 9.999798e-01 9.789860e+01
9.999947e-01 2.527617e-04 3.274151e-03 1.811549e+02 -2.534826e-04 9.999999e-01 2.193609e-04 -8.879548e+00 -3.274195e-03 -2.201885e-04 9.999947e-01 9.797396e+01
9.999779e-01 -5.710696e-04 -6.609901e-03 1.831248e+02 5.717802e-04 9.999998e-01 1.054285e-04 -8.945912e+00 6.609939e-03 -1.092068e-04 9.999781e-01 9.801399e+01
9.999935e-01 2.564167e-04 3.619150e-03 1.852227e+02 -2.572995e-04 9.999999e-01 2.431116e-04 -9.016384e+00 -3.619187e-03 -2.440400e-04 9.999935e-01 9.805379e+01
9.999626e-01 -6.245423e-04 -8.615833e-03 1.872427e+02 6.255683e-04 9.999998e-01 1.162447e-04 -9.084446e+00 8.615859e-03 -1.216314e-04 9.999628e-01 9.807978e+01
9.999920e-01 2.752865e-04 3.997752e-03 1.891753e+02 -2.761571e-04 9.999999e-01 2.169233e-04 -9.150054e+00 -3.997792e-03 -2.180244e-04 9.999920e-01 9.812028e+01
