9.999996e-01 -3.753891e-05 -9.478305e-04 9.883171e-01 3.766642e-05 1.000000e+00 1.345298e-04 -4.297017e-02 9.478255e-04 -1.345660e-04 9.999996e-01 3.242438e-01
1.000000e+00 -4.148165e-06 2.578511e-04 2.101801e+00 4.117780e-06 1.000000e+00 1.179110e-04 -9.676868e-02 -2.578517e-04 -1.179094e-04 9.999999e-01 9.428133e-01
9.999991e-01 -3.903743e-05 -1.366254e-03 3.188177e+00 3.924757e-05 1.000000e+00 1.537943e-04 -1.506813e-01 1.366248e-03 -1.538483e-04 9.999992e-01 1.605792e+00
9.999992e-01 4.573908e-05 1.232838e-03 4.094370e+00 -4.575861e-05 1.000000e+00 1.582424e-05 -1.970257e-01 -1.232838e-03 -1.588008e-05 9.999991e-01 2.183300e+00
9.999869e-01 -1.217696e-04 -5.113860e-03 4.826146e+00 1.225238e-04 1.000000e+00 1.471809e-04 -2.318323e-01 5.113842e-03 -1.478061e-04 9.999870e-01 2.500620e+00
9.999990e-01 3.868232e-05 1.383760e-03 5.601418e+00 -3.862544e-05 1.000000e+00 -4.112047e-05 -2.634114e-01 -1.383763e-03 4.106757e-05 9.999989e-01 2.636542e+00
9.999855e-01 -1.416525e-04 -5.385178e-03 6.473099e+00 1.428076e-04 1.000000e+00 2.141245e-04 -3.010116e-01 5.385149e-03 -2.148910e-04 9.999856e-01 2.894135e+00
9.999862e-01 1.552113e-04 -5.243066e-03 6.788818e+00 -1.549007e-04 1.000000e+00 5.963689e-05 -3.252872e-01 5.243073e-03 -5.882328e-05 9.999862e-01 3.358542e+00
9.999958e-01 -1.469781e-04 -2.894189e-03 7.071051e+00 1.474756e-04 1.000000e+00 1.716876e-04 -3.502497e-01 2.894167e-03 -1.721144e-04 9.999959e-01 3.890640e+00
9.999677e-01 1.782419e-04 -8.029436e-03 7.426852e+00 -1.773022e-04 1.000000e+00 1.177358e-04 -3.738840e-01 8.029453e-03 -1.163077e-04 9.999677e-01 4.274400e+00
9.999497e-01 -1.101649e-04 1.002890e-02 7.878995e+00 1.122079e-04 1.000000e+00 -2.031477e-04 -3.983809e-01 -1.002887e-02 2.042622e-04 9.999498e-01 4.553771e+00
9.999740e-01 1.954949e-04 -7.212126e-03 8.430492e+00 -1.946813e-04 1.000000e+00 1.135078e-04 -4.263354e-01 7.212145e-03 -1.121001e-04 9.999739e-01 4.843317e+00
1.000000e+00 -2.316032e-04 1.871554e-04 8.832465e+00 2.315933e-04 1.000000e+00 5.293674e-05 -4.505494e-01 -1.871630e-04 -5.289407e-05 1.000000e+00 5.181405e+00
9.999759e-01 2.551556e-04 -6.939758e-03 9.081159e+00 -2.540169e-04 1.000000e+00 1.649620e-04 -4.772423e-01 6.939794e-03 -1.631945e-04 9.999758e-01 5.836179e+00
9.999941e-01 -2.481698e-04 -3.436396e-03 9.475246e+00 2.486582e-04 1.000000e+00 1.416947e-04 -5.042268e-01 3.436367e-03 -1.425490e-04 9.999942e-01 6.297175e+00
9.997836e-01 4.130582e-04 -2.080093e-02 9.887588e+00 -4.036747e-04 9.999998e-01 4.553034e-04 -5.254170e-01 2.080110e-02 -4.468073e-04 9.997834e-01 6.526247e+00
9.999507e-01 -4.245003e-04 9.917329e-03 1.018108e+01 4.279194e-04 9.999998e-01 -3.426434e-04 -5.365621e-01 -9.917172e-03 3.468696e-04 9.999509e-01 6.469559e+00
9.995582e-01 4.910962e-04 -2.971823e-02 1.032273e+01 -4.722234e-04 9.999997e-01 6.420722e-04 -5.394636e-01 2.971853e-02 -6.277541e-04 9.995580e-01 6.254564e+00
9.999052e-01 -4.299032e-04 1.376571e-02 1.067311e+01 4.346892e-04 9.999998e-01 -3.446871e-04 -5.531406e-01 -1.376555e-02 3.506373e-04 9.999053e-01 6.241345e+00
9.995011e-01 5.041722e-04 -3.158128e-02 1.113071e+01 -4.820521e-04 9.999996e-01 7.080272e-04 -5.698434e-01 3.158161e-02 -6.924492e-04 9.995008e-01 6.220402e+00
9.996554e-01 -5.025783e-04 2.624691e-02 1.160598e+01 5.188857e-04 9.999997e-01 -6.145043e-04 -5.915317e-01 -2.624657e-02 6.279108e-04 9.996554e-01 6.354401e+00
9.998167e-01 6.807178e-04 -1.913570e-02 1.188461e+01 -6.735632e-04 9.999997e-01 3.803280e-04 -6.122787e-01 1.913594e-02 -3.673683e-04 9.998167e-01 6.723395e+00
9.999513e-01 -6.532179e-04 9.847477e-03 1.217744e+01 6.547653e-04 9.999998e-01 -1.539197e-04 -6.344354e-01 -9.847358e-03 1.603591e-04 9.999516e-01 7.127147e+00
9.994874e-01 8.065602e-04 -3.200340e-02 1.246416e+01 -7.834953e-04 9.999994e-01 7.332336e-04 -6.543577e-01 3.200396e-02 -7.077823e-04 9.994874e-01 7.453315e+00
9.999134e-01 -6.597839e-04 1.314682e-02 1.272148e+01 6.631220e-04 9.999997e-01 -2.495656e-04 -6.756255e-01 -1.314663e-02 2.582610e-04 9.999136e-01 7.885216e+00
9.997135e-01 6.600175e-04 -2.392794e-02 1.303522e+01 -6.477022e-04 9.999997e-01 5.224237e-04 -6.982247e-01 2.392825e-02 -5.067748e-04 9.997135e-01 8.268409e+00
9.999867e-01 -5.661732e-04 5.125382e-03 1.336252e+01 5.664059e-04 9.999998e-01 -4.397927e-05 -7.215185e-01 -5.125334e-03 4.688066e-05 9.999870e-01 8.676425e+00
9.999057e-01 5.121189e-04 -1.372063e-02 1.387441e+01 -5.082103e-04 9.999998e-01 2.883505e-04 -7.500508e-01 1.372075e-02 -2.813493e-04 9.999057e-01 9.048435e+00
9.999557e-01 -6.337360e-04 9.392744e-03 1.438024e+01 6.367578e-04 9.999997e-01 -3.187435e-04 -7.657425e-01 -9.392515e-03 3.247091e-04 9.999559e-01 8.882404e+00
9.999269e-01 3.652686e-04 -1.208194e-02 1.411080e+01 -3.642231e-04 9.999999e-01 8.872137e-05 -7.437873e-01 1.208194e-02 -8.431330e-05 9.999269e-01 7.984092e+00
9.999310e-01 -7.496845e-04 1.172699e-02 1.353415e+01 7.552819e-04 9.999996e-01 -4.729024e-04 -7.030499e-01 -1.172660e-02 4.817259e-04 9.999312e-01 6.611630e+00
9.999089e-01 4.231597e-04 -1.348797e-02 1.314371e+01 -4.210889e-04 9.999999e-01 1.563587e-04 -6.699789e-01 1.348801e-02 -1.506638e-04 9.999089e-01 5.360053e+00
9.999399e-01 -7.745230e-04 1.094015e-02 1.264898e+01 7.796860e-04 9.999996e-01 -4.676887e-04 -6.333483e-01 -1.093976e-02 4.761894e-04 9.999401e-01 4.070007e+00
9.998954e-01 5.564808e-04 -1.445322e-02 1.248502e+01 -5.526214e-04 9.999998e-01 2.710055e-04 -6.175338e-01 1.445335e-02 -2.629890e-04 9.998954e-01 3.332493e+00
9.999008e-01 -9.266234e-04 1.405354e-02 1.186597e+01 9.355735e-04 9.999994e-01 -6.303065e-04 -5.779129e-01 -1.405292e-02 6.433912e-04 9.999011e-01 2.066283e+00
9.998909e-01 5.145603e-04 -1.476338e-02 1.121951e+01 -5.107164e-04 9.999998e-01 2.641305e-04 -5.351584e-01 1.476349e-02 -2.565609e-04 9.998909e-01 6.818399e-01
9.998929e-01 -9.856509e-04 1.460022e-02 1.043544e+01 9.957353e-04 9.999993e-01 -6.834593e-04 -4.839247e-01 -1.459951e-02 6.979232e-04 9.998933e-01 -9.252542e-01
9.998708e-01 5.985636e-04 -1.606128e-02 9.808297e+00 -5.931643e-04 9.999998e-01 3.409239e-04 -4.423814e-01 1.606145e-02 -3.313521e-04 9.998709e-01 -2.267988e+00
9.998847e-01 -9.622721e-04 1.515478e-02 9.259585e+00 9.732279e-04 9.999993e-01 -7.155797e-04 -4.026787e-01 -1.515405e-02 7.302454e-04 9.998850e-01 -3.614562e+00
9.998846e-01 5.498642e-04 -1.518007e-02 8.634771e+00 -5.453845e-04 9.999998e-01 2.992324e-04 -3.567716e-01 1.518020e-02 -2.909182e-04 9.998846e-01 -5.144021e+00
9.998787e-01 -9.883530e-04 1.554099e-02 7.903915e+00 9.998754e-04 9.999992e-01 -7.336708e-04 -3.065258e-01 -1.554023e-02 7.491201e-04 9.998791e-01 -6.745265e+00
9.998920e-01 6.519063e-04 -1.467859e-02 7.354922e+00 -6.468743e-04 9.999997e-01 3.475539e-04 -2.674012e-01 1.467878e-02 -3.380205e-04 9.998921e-01 -8.037742e+00
9.998563e-01 -9.426303e-04 1.692624e-02 6.833100e+00 9.549260e-04 9.999993e-01 -7.183700e-04 -2.330946e-01 -1.692552e-02 7.344294e-04 9.998566e-01 -9.131408e+00
9.998954e-01 6.396184e-04 -1.444668e-02 6.312737e+00 -6.349157e-04 9.999997e-01 3.301048e-04 -1.972116e-01 1.444686e-02 -3.208973e-04 9.998955e-01 -1.029849e+01
9.998814e-01 -9.361891e-04 1.537307e-02 5.849342e+00 9.472467e-04 9.999993e-01 -7.120273e-04 -1.617352e-01 -1.537237e-02 7.265044e-04 9.998817e-01 -1.152457e+01
9.998750e-01 6.741167e-04 -1.579712e-02 5.420722e+00 -6.682676e-04 9.999997e-01 3.755351e-04 -1.298177e-01 1.579734e-02 -3.649309e-04 9.998750e-01 -1.263002e+01
9.999199e-01 -9.721407e-04 1.261741e-02 4.907180e+00 9.809744e-04 9.999993e-01 -6.939551e-04 -9.197524e-02 -1.261670e-02 7.062764e-04 9.999203e-01 -1.390906e+01
9.998871e-01 5.528360e-04 -1.501407e-02 4.183327e+00 -5.476077e-04 9.999998e-01 3.523297e-04 -4.583904e-02 1.501423e-02 -3.440676e-04 9.998871e-01 -1.534749e+01
9.999821e-01 -8.405211e-04 5.921986e-03 3.580186e+00 8.435147e-04 9.999995e-01 -5.030453e-04 -9.398418e-03 -5.921534e-03 5.080311e-04 9.999824e-01 -1.647064e+01
9.996490e-01 7.674457e-04 -2.648189e-02 3.320305e+00 -7.482695e-04 9.999995e-01 7.340212e-04 6.294438e-03 2.648241e-02 -7.139474e-04 9.996489e-01 -1.707326e+01
9.999928e-01 -7.907026e-04 3.703736e-03 3.292035e+00 7.923797e-04 9.999996e-01 -4.513940e-04 1.316926e-02 -3.703347e-03 4.543250e-04 9.999931e-01 -1.755604e+01
9.995897e-01 8.853785e-04 -2.862978e-02 3.512081e+00 -8.586128e-04 9.999992e-01 9.471669e-04 5.894874e-03 2.863057e-02 -9.221958e-04 9.995895e-01 -1.767814e+01
9.999901e-01 -7.579477e-04 4.387667e-03 3.921061e+00 7.596031e-04 9.999996e-01 -3.756712e-04 -1.476930e-02 -4.387346e-03 3.789997e-04 9.999904e-01 -1.747726e+01
9.995760e-01 8.691887e-04 -2.910317e-02 4.419378e+00 -8.400437e-04 9.999991e-01 1.013646e-03 -3.775027e-02 2.910399e-02 -9.887676e-04 9.995758e-01 -1.729872e+01
9.999997e-01 -6.897621e-04 -3.969368e-04 4.854257e+00 6.896493e-04 9.999997e-01 -2.837529e-04 -5.834298e-02 3.971725e-04 2.834783e-04 1.000000e+00 -1.712482e+01
9.994587e-01 9.337216e-04 -3.288623e-02 5.225660e+00 -8.965539e-04 9.999989e-01 1.144914e-03 -7.775091e-02 3.288722e-02 -1.114809e-03 9.994584e-01 -1.690776e+01
9.999994e-01 -7.081536e-04 8.542125e-04 5.596717e+00 7.084587e-04 9.999997e-01 -3.571195e-04 -9.638585e-02 -8.539133e-04 3.577236e-04 9.999997e-01 -1.672719e+01
9.994513e-01 9.285864e-04 -3.310871e-02 5.985875e+00 -8.896662e-04 9.999989e-01 1.190232e-03 -1.160240e-01 3.310973e-02 -1.160123e-03 9.994510e-01 -1.652478e+01
9.999991e-01 -6.957098e-04 -1.145446e-03 6.446138e+00 6.953733e-04 9.999997e-01 -2.938121e-04 -1.385530e-01 1.145702e-03 2.930143e-04 9.999994e-01 -1.629722e+01
9.994050e-01 9.569230e-04 -3.447689e-02 6.854440e+00 -9.142794e-04 9.999988e-01 1.252611e-03 -1.596846e-01 3.447799e-02 -1.220343e-03 9.994046e-01 -1.605468e+01
9.999927e-01 -6.304373e-04 -3.770535e-03 7.180756e+00 6.294574e-04 9.999998e-01 -2.609714e-04 -1.781283e-01 3.770757e-03 2.585949e-04 9.999929e-01 -1.580951e+01
9.992394e-01 9.909216e-04 -3.898319e-02 7.525882e+00 -9.357084e-04 9.999985e-01 1.434545e-03 -1.987610e-01 3.898449e-02 -1.396976e-03 9.992387e-01 -1.549482e+01
9.999881e-01 -5.911687e-04 -4.845955e-03 7.896757e+00 5.899400e-04 9.999998e-01 -2.548680e-04 -2.203456e-01 4.846169e-03 2.520048e-04 9.999883e-01 -1.516926e+01
9.992672e-01 9.781360e-04 -3.826439e-02 8.224381e+00 -9.236445e-04 9.999985e-01 1.441718e-03 -2.407473e-01 3.826568e-02 -1.405318e-03 9.992665e-01 -1.483732e+01
9.999987e-01 -5.945078e-04 -1.492151e-03 8.544197e+00 5.939125e-04 9.999997e-01 -3.989238e-04 -2.603630e-01 1.492459e-03 3.980356e-04 9.999989e-01 -1.452468e+01
9.994833e-01 8.601460e-04 -3.213130e-02 8.857045e+00 -8.190667e-04 9.999988e-01 1.291605e-03 -2.796674e-01 3.213230e-02 -1.264619e-03 9.994827e-01 -1.423758e+01
9.999633e-01 -4.685326e-04 -8.551223e-03 9.102244e+00 4.664513e-04 9.999999e-01 -2.452932e-04 -2.960436e-01 8.551413e-03 2.412939e-04 9.999635e-01 -1.396231e+01
9.994494e-01 8.556921e-04 -3.316709e-02 9.298996e+00 -8.126056e-04 9.999988e-01 1.312509e-03 -3.103921e-01 3.316809e-02 -1.284833e-03 9.994489e-01 -1.370842e+01
9.999772e-01 -4.672613e-04 -6.740782e-03 9.492223e+00 4.650655e-04 9.999998e-01 -3.271857e-04 -3.245010e-01 6.741014e-03 3.240416e-04 9.999773e-01 -1.346200e+01
9.996318e-01 7.433219e-04 -2.712487e-02 9.736184e+00 -7.122318e-04 9.999991e-01 1.155797e-03 -3.392242e-01 2.712562e-02 -1.136050e-03 9.996313e-01 -1.326911e+01
9.999475e-01 -4.024994e-04 -1.024579e-02 9.928086e+00 3.997506e-04 9.999999e-01 -2.702290e-04 -3.513758e-01 1.024598e-02 2.661172e-04 9.999475e-01 -1.310555e+01
9.998358e-01 6.761177e-04 -1.810439e-02 1.008911e+01 -6.587836e-04 9.999993e-01 9.633429e-04 -3.650181e-01 1.810494e-02 -9.512562e-04 9.998356e-01 -1.284498e+01
9.999932e-01 -3.844357e-04 3.661747e-03 1.016187e+01 3.867731e-04 9.999997e-01 -6.379557e-04 -3.773514e-01 -3.661414e-03 6.393658e-04 9.999932e-01 -1.254591e+01
9.992356e-01 7.931996e-04 -3.908351e-02 1.019056e+01 -7.339508e-04 9.999986e-01 1.530252e-03 -3.869831e-01 3.908458e-02 -1.500395e-03 9.992347e-01 -1.227414e+01
9.992820e-01 -5.491676e-04 3.788551e-02 1.030701e+01 6.082505e-04 9.999986e-01 -1.548037e-03 -4.025371e-01 -3.788452e-02 1.569967e-03 9.992810e-01 -1.189982e+01
9.999208e-01 9.617173e-04 -1.254744e-02 1.045934e+01 -9.520990e-04 9.999992e-01 7.724214e-04 -4.197719e-01 1.254809e-02 -7.604122e-04 9.999209e-01 -1.150021e+01
9.992442e-01 -5.611067e-04 3.886742e-02 1.055565e+01 6.222723e-04 9.999986e-01 -1.561649e-03 -4.345765e-01 -3.886640e-02 1.584653e-03 9.992432e-01 -1.113914e+01
9.999536e-01 1.019428e-03 -9.577809e-03 1.091070e+01 -1.013208e-03 9.999993e-01 6.541468e-04 -4.556548e-01 9.578384e-03 -6.444105e-04 9.999538e-01 -1.084317e+01
9.993960e-01 -6.412423e-04 3.474647e-02 1.137508e+01 6.907198e-04 9.999988e-01 -1.412002e-03 -4.774684e-01 -3.474544e-02 1.435148e-03 9.993952e-01 -1.066711e+01
9.999064e-01 9.951047e-04 -1.364105e-02 1.180089e+01 -9.845136e-04 9.999992e-01 7.830501e-04 -5.022695e-01 1.364174e-02 -7.695456e-04 9.999066e-01 -1.031797e+01
9.994137e-01 -6.483092e-04 3.423269e-02 1.220565e+01 6.947652e-04 9.999989e-01 -1.345213e-03 -5.291210e-01 -3.423170e-02 1.368206e-03 9.994131e-01 -9.858757e+00
9.998890e-01 9.945649e-04 -1.486780e-02 1.268444e+01 -9.827366e-04 9.999992e-01 8.028032e-04 -5.580423e-01 1.486850e-02 -7.881016e-04 9.998891e-01 -9.414498e+00
9.996567e-01 -7.524754e-04 2.618902e-02 1.321862e+01 7.812210e-04 9.999991e-01 -1.087436e-03 -5.888070e-01 -2.618810e-02 1.107520e-03 9.996565e-01 -8.980688e+00
9.998842e-01 1.003607e-03 -1.518321e-02 1.364655e+01 -9.914151e-04 9.999992e-01 8.104317e-04 -6.186520e-01 1.518394e-02 -7.952837e-04 9.998843e-01 -8.434127e+00
9.995680e-01 -7.480071e-04 2.938319e-02 1.398795e+01 7.841554e-04 9.999989e-01 -1.218759e-03 -6.417109e-01 -2.938217e-02 1.241272e-03 9.995676e-01 -8.048381e+00
9.997604e-01 9.571232e-04 -2.186927e-02 1.424029e+01 -9.352528e-04 9.999991e-01 1.010231e-03 -6.645799e-01 2.187014e-02 -9.895342e-04 9.997602e-01 -7.558916e+00
9.998597e-01 -9.004630e-04 1.672884e-02 1.441739e+01 9.151153e-04 9.999992e-01 -8.682732e-04 -6.848661e-01 -1.672797e-02 8.834588e-04 9.998598e-01 -7.087650e+00
9.993731e-01 1.100509e-03 -3.538546e-02 1.451427e+01 -1.052782e-03 9.999985e-01 1.367383e-03 -7.015680e-01 3.538684e-02 -1.329271e-03 9.993727e-01 -6.647694e+00
9.999872e-01 -7.461406e-04 5.001701e-03 1.454838e+01 7.491319e-04 9.999995e-01 -5.963602e-04 -7.141138e-01 -5.001173e-03 6.000981e-04 9.999874e-01 -6.280001e+00
9.989112e-01 1.234227e-03 -4.663560e-02 1.459458e+01 -1.156944e-03 9.999979e-01 1.684101e-03 -7.236271e-01 4.663750e-02 -1.628311e-03 9.989105e-01 -6.023086e+00
9.999405e-01 -8.109669e-04 1.088211e-02 1.475838e+01 8.192554e-04 9.999994e-01 -7.573031e-04 -7.373858e-01 -1.088140e-02 7.661718e-04 9.999406e-01 -5.749570e+00
9.993672e-01 1.065514e-03 -3.555298e-02 1.502285e+01 -1.015501e-03 9.999985e-01 1.424732e-03 -7.565106e-01 3.555435e-02 -1.387725e-03 9.993667e-01 -5.401204e+00
9.998843e-01 -8.519289e-04 1.518872e-02 1.524681e+01 8.654349e-04 9.999992e-01 -8.827206e-04 -7.745270e-01 -1.518787e-02 8.957618e-04 9.998843e-01 -5.069008e+00
9.989256e-01 1.227964e-03 -4.632606e-02 1.535182e+01 -1.150394e-03 9.999979e-01 1.701024e-03 -7.878999e-01 4.632796e-02 -1.645902e-03 9.989249e-01 -4.736609e+00
9.998915e-01 -8.223957e-04 1.470838e-02 1.544538e+01 8.350096e-04 9.999993e-01 -8.515454e-04 -8.030634e-01 -1.470758e-02 8.637331e-04 9.998915e-01 -4.319903e+00
9.991889e-01 1.122408e-03 -4.025226e-02 1.557426e+01 -1.062317e-03 9.999983e-01 1.514195e-03 -8.180101e-01 4.025380e-02 -1.470205e-03 9.991883e-01 -3.960816e+00
9.997006e-01 -9.790720e-04 2.444868e-02 1.593606e+01 1.006456e-03 9.999989e-01 -1.107831e-03 -8.380751e-01 -2.444747e-02 1.132104e-03 9.997005e-01 -3.720449e+00
9.995464e-01 1.032966e-03 -3.009684e-02 1.641926e+01 -9.951052e-04 9.999987e-01 1.272870e-03 -8.633711e-01 3.009802e-02 -1.242341e-03 9.995461e-01 -3.455957e+00
9.996684e-01 -9.651011e-04 2.573267e-02 1.676650e+01 9.949626e-04 9.999988e-01 -1.147715e-03 -8.864019e-01 -2.573144e-02 1.172936e-03 9.996683e-01 -3.093835e+00
9.996929e-01 1.060222e-03 -2.475707e-02 1.723274e+01 -1.031657e-03 9.999988e-01 1.166527e-03 -9.146303e-01 2.475819e-02 -1.140626e-03 9.996927e-01 -2.672656e+00
9.996917e-01 -1.003141e-03 2.481021e-02 1.777609e+01 1.031430e-03 9.999988e-01 -1.127527e-03 -9.435105e-01 -2.480896e-02 1.152768e-03 9.996916e-01 -2.334476e+00
9.996518e-01 1.054199e-03 -2.636323e-02 1.819079e+01 -1.022569e-03 9.999987e-01 1.213187e-03 -9.700238e-01 2.636439e-02 -1.185805e-03 9.996516e-01 -1.919701e+00
9.996492e-01 -9.708756e-04 2.646731e-02 1.861056e+01 1.002021e-03 9.999988e-01 -1.163555e-03 -9.975437e-01 -2.646606e-02 1.189666e-03 9.996491e-01 -1.466816e+00
9.996548e-01 1.050795e-03 -2.625053e-02 1.909309e+01 -1.019365e-03 9.999987e-01 1.210654e-03 -1.026198e+00 2.625168e-02 -1.183476e-03 9.996546e-01 -1.054544e+00
9.996859e-01 -1.023798e-03 2.504107e-02 1.963871e+01 1.053432e-03 9.999988e-01 -1.170298e-03 -1.052275e+00 -2.503975e-02 1.196308e-03 9.996858e-01 -8.431047e-01
9.996660e-01 1.065667e-03 -2.581864e-02 2.015381e+01 -1.034544e-03 9.999987e-01 1.218740e-03 -1.079390e+00 2.581981e-02 -1.191621e-03 9.996658e-01 -5.419683e-01
9.996648e-01 -9.884206e-04 2.587229e-02 2.056206e+01 1.019022e-03 9.999988e-01 -1.169669e-03 -1.106501e+00 -2.587101e-02 1.195640e-03 9.996646e-01 -9.059240e-02
9.996418e-01 1.066620e-03 -2.674124e-02 2.081508e+01 -1.033507e-03 9.999987e-01 1.252018e-03 -1.131164e+00 2.674245e-02 -1.223931e-03 9.996415e-01 4.721958e-01
9.994890e-01 -8.969962e-04 3.195443e-02 2.114163e+01 9.414986e-04 9.999986e-01 -1.377702e-03 -1.155157e+00 -3.195306e-02 1.407081e-03 9.994884e-01 9.115122e-01
9.995490e-01 1.028895e-03 -3.001048e-02 2.164659e+01 -9.878521e-04 9.999986e-01 1.382388e-03 -1.185043e+00 3.001176e-02 -1.352117e-03 9.995486e-01 1.348602e+00
9.995174e-01 -9.196621e-04 3.104989e-02 2.214253e+01 9.617578e-04 9.999986e-01 -1.340871e-03 -1.214909e+00 -3.104852e-02 1.370085e-03 9.995170e-01 1.795103e+00
9.995421e-01 1.009478e-03 -3.024239e-02 2.272139e+01 -9.684478e-04 9.999986e-01 1.371310e-03 -1.245076e+00 3.024364e-02 -1.341393e-03 9.995416e-01 2.136834e+00
9.994739e-01 -8.832199e-04 3.242172e-02 2.326272e+01 9.280283e-04 9.999986e-01 -1.367062e-03 -1.275515e+00 -3.242038e-02 1.396430e-03 9.994734e-01 2.547220e+00
9.995447e-01 1.041385e-03 -3.015447e-02 2.361418e+01 -1.000181e-03 9.999985e-01 1.381447e-03 -1.304188e+00 3.015577e-02 -1.350657e-03 9.995442e-01 3.145926e+00
9.991933e-01 -7.486681e-04 4.015260e-02 2.392569e+01 8.128811e-04 9.999984e-01 -1.582949e-03 -1.332576e+00 -4.015126e-02 1.614310e-03 9.991924e-01 3.792274e+00
9.992634e-01 9.174989e-04 -3.836346e-02 2.429640e+01 -8.562540e-04 9.999983e-01 1.612816e-03 -1.361513e+00 3.836478e-02 -1.578777e-03 9.992625e-01 4.376970e+00
9.991940e-01 -7.627662e-04 4.013604e-02 2.473870e+01 8.273663e-04 9.999984e-01 -1.592972e-03 -1.390493e+00 -4.013467e-02 1.624893e-03 9.991930e-01 4.861749e+00
9.994440e-01 9.871417e-04 -3.332758e-02 2.520187e+01 -9.395001e-04 9.999985e-01 1.445096e-03 -1.419724e+00 3.332887e-02 -1.412980e-03 9.994434e-01 5.333380e+00
9.991806e-01 -7.660161e-04 4.046837e-02 2.567547e+01 8.311360e-04 9.999984e-01 -1.592384e-03 -1.448838e+00 -4.046699e-02 1.624712e-03 9.991796e-01 5.784891e+00
9.992861e-01 9.541933e-04 -3.776788e-02 2.590447e+01 -8.954451e-04 9.999984e-01 1.572370e-03 -1.473835e+00 3.776923e-02 -1.537427e-03 9.992852e-01 6.393429e+00
9.990595e-01 -7.358636e-04 4.335541e-02 2.630851e+01 8.087968e-04 9.999983e-01 -1.664724e-03 -1.502598e+00 -4.335402e-02 1.698223e-03 9.990584e-01 6.924999e+00
9.993147e-01 9.612805e-04 -3.700258e-02 2.678347e+01 -9.051267e-04 9.999984e-01 1.534264e-03 -1.531825e+00 3.700391e-02 -1.499719e-03 9.993139e-01 7.375099e+00
9.992139e-01 -8.091253e-04 3.963457e-02 2.726082e+01 8.718494e-04 9.999984e-01 -1.565327e-03 -1.558701e+00 -3.963314e-02 1.598650e-03 9.992131e-01 7.717199e+00
9.992848e-01 9.470612e-04 -3.780164e-02 2.781776e+01 -8.880364e-04 9.999984e-01 1.578173e-03 -1.589528e+00 3.780299e-02 -1.543474e-03 9.992839e-01 8.120180e+00
9.990287e-01 -7.360142e-04 4.405917e-02 2.839413e+01 8.112104e-04 9.999982e-01 -1.688876e-03 -1.621201e+00 -4.405776e-02 1.722976e-03 9.990276e-01 8.537707e+00
9.994518e-01 1.038606e-03 -3.309142e-02 2.891650e+01 -9.911029e-04 9.999985e-01 1.451870e-03 -1.653882e+00 3.309279e-02 -1.418276e-03 9.994512e-01 9.074778e+00
9.992419e-01 -8.125726e-04 3.892248e-02 2.939267e+01 8.723090e-04 9.999985e-01 -1.517820e-03 -1.686476e+00 -3.892110e-02 1.550620e-03 9.992412e-01 9.672770e+00
9.993858e-01 9.969793e-04 -3.502708e-02 2.978467e+01 -9.465093e-04 9.999985e-01 1.457417e-03 -1.713957e+00 3.502839e-02 -1.423367e-03 9.993852e-01 1.016566e+01
9.991933e-01 -8.308158e-04 4.015198e-02 3.032352e+01 8.949768e-04 9.999984e-01 -1.580028e-03 -1.741502e+00 -4.015052e-02 1.614687e-03 9.991924e-01 1.045644e+01
9.994874e-01 1.050499e-03 -3.199672e-02 3.098596e+01 -1.006572e-03 9.999985e-01 1.388910e-03 -1.774047e+00 3.199804e-02 -1.355989e-03 9.994869e-01 1.079047e+01
9.993902e-01 -9.224784e-04 3.490579e-02 3.172145e+01 9.716681e-04 9.999986e-01 -1.392302e-03 -1.809692e+00 -3.490436e-02 1.425368e-03 9.993897e-01 1.115384e+01
9.996413e-01 1.128169e-03 -2.675883e-02 3.253443e+01 -1.095958e-03 9.999987e-01 1.218368e-03 -1.846876e+00 2.676008e-02 -1.188603e-03 9.996411e-01 1.148065e+01
9.990182e-01 -7.924742e-04 4.429506e-02 3.325718e+01 8.667124e-04 9.999983e-01 -1.656831e-03 -1.880727e+00 -4.429358e-02 1.693594e-03 9.990172e-01 1.179788e+01
9.996237e-01 1.130537e-03 -2.740533e-02 3.401990e+01 -1.097520e-03 9.999987e-01 1.219763e-03 -1.916159e+00 2.740659e-02 -1.189225e-03 9.996236e-01 1.212381e+01
9.994114e-01 -9.310644e-04 3.429332e-02 3.471771e+01 9.778057e-04 9.999986e-01 -1.346263e-03 -1.950591e+00 -3.429193e-02 1.379001e-03 9.994110e-01 1.249439e+01
9.996590e-01 1.141868e-03 -2.608597e-02 3.535297e+01 -1.112161e-03 9.999987e-01 1.153281e-03 -1.982484e+00 2.608717e-02 -1.123875e-03 9.996590e-01 1.284272e+01
9.994091e-01 -9.242970e-04 3.435981e-02 3.597482e+01 9.699393e-04 9.999987e-01 -1.311739e-03 -2.016255e+00 -3.435847e-02 1.344289e-03 9.994087e-01 1.329085e+01
9.996651e-01 1.150486e-03 -2.585281e-02 3.667235e+01 -1.121441e-03 9.999987e-01 1.137951e-03 -2.052227e+00 2.585400e-02 -1.108576e-03 9.996650e-01 1.372971e+01
9.995028e-01 -9.681151e-04 3.151638e-02 3.741323e+01 1.006349e-03 9.999988e-01 -1.197322e-03 -2.089862e+00 -3.151510e-02 1.228442e-03 9.995026e-01 1.418284e+01
9.996260e-01 1.124931e-03 -2.732378e-02 3.815520e+01 -1.093082e-03 9.999987e-01 1.180507e-03 -2.127676e+00 2.732499e-02 -1.150197e-03 9.996259e-01 1.463979e+01
9.995279e-01 -9.893201e-04 3.070934e-02 3.885576e+01 1.025919e-03 9.999988e-01 -1.176084e-03 -2.164037e+00 -3.070806e-02 1.207033e-03 9.995277e-01 1.508745e+01
9.996547e-01 1.152071e-03 -2.625035e-02 3.948285e+01 -1.123036e-03 9.999987e-01 1.120764e-03 -2.198049e+00 2.625153e-02 -1.090896e-03 9.996547e-01 1.553580e+01
9.994843e-01 -9.801496e-04 3.209796e-02 4.018985e+01 1.020179e-03 9.999987e-01 -1.230772e-03 -2.231729e+00 -3.209663e-02 1.262882e-03 9.994840e-01 1.586399e+01
9.997956e-01 1.269614e-03 -2.017916e-02 4.062884e+01 -1.250400e-03 9.999988e-01 9.647242e-04 -2.264099e+00 2.018027e-02 -9.392939e-04 9.997958e-01 1.650862e+01
9.996280e-01 -1.041894e-03 2.725487e-02 4.108912e+01 1.070917e-03 9.999989e-01 -1.050326e-03 -2.298463e+00 -2.725367e-02 1.079122e-03 9.996280e-01 1.720861e+01
9.997345e-01 1.203189e-03 -2.300818e-02 4.171621e+01 -1.180179e-03 9.999988e-01 1.013606e-03 -2.333888e+00 2.300929e-02 -9.861820e-04 9.997347e-01 1.772078e+01
9.996497e-01 -1.074874e-03 2.644427e-02 4.248693e+01 1.101571e-03 9.999989e-01 -9.950303e-04 -2.372694e+00 -2.644309e-02 1.023811e-03 9.996499e-01 1.817840e+01
9.997077e-01 1.179597e-03 -2.414710e-02 4.329637e+01 -1.154550e-03 9.999988e-01 1.051173e-03 -2.412830e+00 2.414823e-02 -1.022986e-03 9.997078e-01 1.863544e+01
9.996493e-01 -1.084045e-03 2.645988e-02 4.413889e+01 1.111061e-03 9.999989e-01 -1.006391e-03 -2.452870e+00 -2.645868e-02 1.035435e-03 9.996494e-01 1.904260e+01
9.997250e-01 1.192509e-03 -2.341738e-02 4.503680e+01 -1.169309e-03 9.999988e-01 1.004366e-03 -2.492681e+00 2.341847e-02 -9.767070e-04 9.997252e-01 1.936558e+01
9.996465e-01 -1.070451e-03 2.656602e-02 4.578655e+01 1.097317e-03 9.999989e-01 -9.967312e-04 -2.529771e+00 -2.656484e-02 1.025529e-03 9.996466e-01 1.977951e+01
9.997559e-01 1.221958e-03 -2.206086e-02 4.642726e+01 -1.201540e-03 9.999988e-01 9.387188e-04 -2.564023e+00 2.206191e-02 -9.119816e-04 9.997561e-01 2.021823e+01
9.996403e-01 -1.052608e-03 2.679885e-02 4.687730e+01 1.079823e-03 9.999989e-01 -1.001122e-03 -2.594464e+00 -2.679768e-02 1.029699e-03 9.996404e-01 2.075842e+01
9.997661e-01 1.227233e-03 -2.159039e-02 4.735284e+01 -1.207718e-03 9.999989e-01 9.168378e-04 -2.625483e+00 2.159141e-02 -8.905474e-04 9.997664e-01 2.128892e+01
9.995958e-01 -1.042408e-03 2.841134e-02 4.768763e+01 1.073267e-03 9.999989e-01 -1.070947e-03 -2.650820e+00 -2.841011e-02 1.101006e-03 9.995958e-01 2.176932e+01
9.997831e-01 1.242531e-03 -2.078912e-02 4.790689e+01 -1.224557e-03 9.999989e-01 8.772609e-04 -2.674204e+00 2.079011e-02 -8.516123e-04 9.997834e-01 2.232860e+01
9.995340e-01 -1.013880e-03 3.051055e-02 4.817159e+01 1.048290e-03 9.999988e-01 -1.111861e-03 -2.699027e+00 -3.050930e-02 1.143326e-03 9.995339e-01 2.289445e+01
9.998297e-01 1.272416e-03 -1.840986e-02 4.854111e+01 -1.257906e-03 9.999989e-01 7.996684e-04 -2.727055e+00 1.841078e-02 -7.763735e-04 9.998301e-01 2.344731e+01
9.996791e-01 -1.097562e-03 2.530945e-02 4.900893e+01 1.122031e-03 9.999989e-01 -9.526519e-04 -2.755777e+00 -2.530830e-02 9.807432e-04 9.996793e-01 2.389051e+01
9.997909e-01 1.209288e-03 -2.041154e-02 4.943735e+01 -1.193934e-03 9.999990e-01 7.644048e-04 -2.775616e+00 2.041237e-02 -7.398741e-04 9.997913e-01 2.402235e+01
9.996159e-01 -1.049163e-03 2.769541e-02 5.001233e+01 1.075916e-03 9.999990e-01 -9.510969e-04 -2.804264e+00 -2.769430e-02 9.805286e-04 9.996160e-01 2.431411e+01
9.997315e-01 1.179250e-03 -2.314263e-02 5.049180e+01 -1.160568e-03 9.999990e-01 8.206722e-04 -2.828989e+00 2.314350e-02 -7.935925e-04 9.997318e-01 2.457013e+01
9.994890e-01 -1.009131e-03 3.194839e-02 5.098207e+01 1.044575e-03 9.999989e-01 -1.092737e-03 -2.851362e+00 -3.194717e-02 1.125550e-03 9.994890e-01 2.472025e+01
9.996987e-01 1.173598e-03 -2.451646e-02 5.134079e+01 -1.154213e-03 9.999990e-01 8.047955e-04 -2.867186e+00 2.451731e-02 -7.762551e-04 9.996990e-01 2.478588e+01
9.994458e-01 -1.004186e-03 3.327485e-02 5.185620e+01 1.042790e-03 9.999988e-01 -1.142828e-03 -2.883759e+00 -3.327359e-02 1.176893e-03 9.994457e-01 2.467505e+01
9.998389e-01 1.267481e-03 -1.790523e-02 5.237341e+01 -1.255363e-03 9.999990e-01 6.879685e-04 -2.908664e+00 1.790601e-02 -6.653795e-04 9.998394e-01 2.489357e+01
9.992058e-01 -9.272389e-04 3.983763e-02 5.281347e+01 9.816479e-04 9.999986e-01 -1.346240e-03 -2.928602e+00 -3.983625e-02 1.384276e-03 9.992053e-01 2.501837e+01
9.999000e-01 1.348299e-03 -1.407729e-02 5.318430e+01 -1.339908e-03 9.999989e-01 6.054550e-04 -2.954238e+00 1.407802e-02 -5.865316e-04 9.999006e-01 2.547563e+01
9.991377e-01 -9.229801e-04 4.150955e-02 5.357248e+01 9.819467e-04 9.999985e-01 -1.400195e-03 -2.974908e+00 -4.150813e-02 1.439747e-03 9.991372e-01 2.570207e+01
9.998657e-01 1.335271e-03 -1.633553e-02 5.399645e+01 -1.324642e-03 9.999989e-01 6.614798e-04 -2.999182e+00 1.633633e-02 -6.397519e-04 9.998663e-01 2.602792e+01
9.992426e-01 -9.646811e-04 3.890234e-02 5.441714e+01 1.015389e-03 9.999987e-01 -1.283740e-03 -3.023945e+00 -3.890098e-02 1.322268e-03 9.992423e-01 2.638126e+01
9.998111e-01 1.293281e-03 -1.939307e-02 5.479083e+01 -1.280017e-03 9.999989e-01 6.963479e-04 -3.046452e+00 1.939389e-02 -6.713927e-04 9.998116e-01 2.670447e+01
9.993368e-01 -9.981380e-04 3.640174e-02 5.531379e+01 1.041645e-03 9.999988e-01 -1.176257e-03 -3.071239e+00 -3.640046e-02 1.213394e-03 9.993366e-01 2.691969e+01
9.998861e-01 1.361519e-03 -1.503048e-02 5.570415e+01 -1.353346e-03 9.999989e-01 5.539034e-04 -3.096570e+00 1.503116e-02 -5.334988e-04 9.998868e-01 2.733892e+01
9.992940e-01 -9.655089e-04 3.755673e-02 5.595137e+01 1.009380e-03 9.999988e-01 -1.149197e-03 -3.120824e+00 -3.755552e-02 1.186295e-03 9.992939e-01 2.790603e+01
9.997931e-01 1.307145e-03 -2.030035e-02 5.620464e+01 -1.293195e-03 9.999989e-01 7.002802e-04 -3.147863e+00 2.030119e-02 -6.738830e-04 9.997936e-01 2.857708e+01
9.991403e-01 -9.410611e-04 4.144732e-02 5.650238e+01 9.949601e-04 9.999987e-01 -1.279814e-03 -3.171072e+00 -4.144600e-02 1.319952e-03 9.991400e-01 2.903215e+01
9.998459e-01 1.341809e-03 -1.750334e-02 5.684198e+01 -1.331702e-03 9.999989e-01 5.890996e-04 -3.196035e+00 1.750406e-02 -5.656998e-04 9.998465e-01 2.950156e+01
9.987455e-01 -8.142482e-04 5.006720e-02 5.730535e+01 8.897389e-04 9.999985e-01 -1.485519e-03 -3.221976e+00 -5.006587e-02 1.528202e-03 9.987448e-01 2.984891e+01
9.997783e-01 1.293280e-03 -2.101354e-02 5.788680e+01 -1.279852e-03 9.999990e-01 6.524827e-04 -3.250700e+00 2.101432e-02 -6.254442e-04 9.997789e-01 3.014809e+01
9.987791e-01 -8.291166e-04 4.939219e-02 5.836977e+01 9.010852e-04 9.999986e-01 -1.434834e-03 -3.276463e+00 -4.939089e-02 1.477589e-03 9.987785e-01 3.046016e+01
9.997627e-01 1.277701e-03 -2.174439e-02 5.877027e+01 -1.264878e-03 9.999990e-01 6.034702e-04 -3.297371e+00 2.174509e-02 -5.758236e-04 9.997633e-01 3.068409e+01
9.990381e-01 -8.904940e-04 4.384065e-02 5.909513e+01 9.432759e-04 9.999989e-01 -1.183276e-03 -3.322844e+00 -4.383951e-02 1.223492e-03 9.990379e-01 3.119325e+01
9.996545e-01 1.216944e-03 -2.625675e-02 5.949048e+01 -1.198804e-03 9.999990e-01 7.066262e-04 -3.349881e+00 2.625754e-02 -6.749060e-04 9.996549e-01 3.167315e+01
9.989712e-01 -8.770565e-04 4.534085e-02 5.991456e+01 9.335128e-04 9.999988e-01 -1.223992e-03 -3.375308e+00 -4.533969e-02 1.265060e-03 9.989709e-01 3.204809e+01
9.996684e-01 1.230100e-03 -2.572273e-02 6.023336e+01 -1.213319e-03 9.999990e-01 6.679793e-04 -3.399346e+00 2.572349e-02 -6.365486e-04 9.996688e-01 3.250990e+01
9.988232e-01 -8.449946e-04 4.849233e-02 6.057694e+01 9.097217e-04 9.999987e-01 -1.312735e-03 -3.420988e+00 -4.849113e-02 1.355305e-03 9.988228e-01 3.283872e+01
9.994303e-01 1.131868e-03 -3.373052e-02 6.106111e+01 -1.102279e-03 9.999990e-01 8.958170e-04 -3.446598e+00 3.373146e-02 -8.581271e-04 9.994305e-01 3.313242e+01
9.987902e-01 -8.501302e-04 4.916779e-02 6.157120e+01 9.173670e-04 9.999987e-01 -1.344944e-03 -3.468967e+00 -4.916655e-02 1.388423e-03 9.987897e-01 3.326089e+01
9.995149e-01 1.173229e-03 -3.112086e-02 6.202396e+01 -1.147980e-03 9.999990e-01 8.291576e-04 -3.494286e+00 3.112178e-02 -7.930303e-04 9.995152e-01 3.358790e+01
9.987365e-01 -8.392497e-04 5.024714e-02 6.235352e+01 9.102305e-04 9.999986e-01 -1.389766e-03 -3.512523e+00 -5.024588e-02 1.433748e-03 9.987359e-01 3.379243e+01
9.993942e-01 1.131595e-03 -3.478446e-02 6.283985e+01 -1.099556e-03 9.999990e-01 9.401767e-04 -3.537252e+00 3.478546e-02 -9.013608e-04 9.993943e-01 3.404865e+01
9.988774e-01 -8.753028e-04 4.736183e-02 6.350407e+01 9.368355e-04 9.999987e-01 -1.277020e-03 -3.565493e+00 -4.736063e-02 1.319958e-03 9.988771e-01 3.421215e+01
9.993233e-01 1.107605e-03 -3.676494e-02 6.412632e+01 -1.072554e-03 9.999990e-01 9.731055e-04 -3.592568e+00 3.676596e-02 -9.330159e-04 9.993234e-01 3.438326e+01
9.986347e-01 -8.109056e-04 5.223144e-02 6.476529e+01 8.857151e-04 9.999986e-01 -1.409136e-03 -3.617663e+00 -5.223020e-02 1.453476e-03 9.986341e-01 3.445483e+01
9.994880e-01 1.160587e-03 -3.197557e-02 6.515775e+01 -1.136195e-03 9.999990e-01 7.809848e-04 -3.637081e+00 3.197643e-02 -7.442557e-04 9.994882e-01 3.462730e+01
9.985787e-01 -7.805920e-04 5.329094e-02 6.564020e+01 8.554938e-04 9.999987e-01 -1.382728e-03 -3.660759e+00 -5.328977e-02 1.426354e-03 9.985782e-01 3.485490e+01
9.993842e-01 1.116742e-03 -3.507035e-02 6.627326e+01 -1.087932e-03 9.999991e-01 8.405622e-04 -3.686468e+00 3.507124e-02 -8.018918e-04 9.993844e-01 3.496298e+01
9.984320e-01 -7.256701e-04 5.597389e-02 6.668643e+01 8.077861e-04 9.999986e-01 -1.444427e-03 -3.706541e+00 -5.597275e-02 1.487378e-03 9.984313e-01 3.513950e+01
9.995833e-01 1.176698e-03 -2.884214e-02 6.683751e+01 -1.159112e-03 9.999991e-01 6.264256e-04 -3.722809e+00 2.884284e-02 -5.927349e-04 9.995837e-01 3.549744e+01
9.984998e-01 -7.269085e-04 5.475117e-02 6.716370e+01 8.024562e-04 9.999988e-01 -1.357864e-03 -3.744324e+00 -5.475011e-02 1.399764e-03 9.984992e-01 3.585035e+01
9.995761e-01 1.166801e-03 -2.909104e-02 6.774737e+01 -1.150247e-03 9.999992e-01 5.857486e-04 -3.768434e+00 2.909170e-02 -5.520402e-04 9.995765e-01 3.596291e+01
9.983054e-01 -6.548017e-04 5.818838e-02 6.832886e+01 7.381656e-04 9.999987e-01 -1.411172e-03 -3.791507e+00 -5.818738e-02 1.451735e-03 9.983047e-01 3.603898e+01
9.996827e-01 1.207638e-03 -2.516075e-02 6.881979e+01 -1.197642e-03 9.999992e-01 4.123770e-04 -3.812756e+00 2.516122e-02 -3.821145e-04 9.996832e-01 3.616091e+01
9.981368e-01 -6.130703e-04 6.101221e-02 6.930133e+01 7.028454e-04 9.999987e-01 -1.449977e-03 -3.831165e+00 -6.101125e-02 1.490160e-03 9.981361e-01 3.617565e+01
9.997316e-01 1.230265e-03 -2.313432e-02 6.973832e+01 -1.223518e-03 9.999992e-01 3.057789e-04 -3.848983e+00 2.313468e-02 -2.773938e-04 9.997322e-01 3.622163e+01
9.981974e-01 -6.283227e-04 6.001231e-02 7.015904e+01 7.120537e-04 9.999988e-01 -1.373856e-03 -3.865622e+00 -6.001138e-02 1.414114e-03 9.981968e-01 3.624310e+01
9.996508e-01 1.142942e-03 -2.640147e-02 7.052913e+01 -1.134851e-03 9.999993e-01 3.214051e-04 -3.878233e+00 2.640183e-02 -2.913335e-04 9.996513e-01 3.615724e+01
9.984028e-01 -6.840473e-04 5.649181e-02 7.087253e+01 7.557036e-04 9.999989e-01 -1.247087e-03 -3.888443e+00 -5.649091e-02 1.287789e-03 9.984024e-01 3.600387e+01
9.996854e-01 1.164660e-03 -2.505486e-02 7.125857e+01 -1.158834e-03 9.999993e-01 2.470124e-04 -3.900831e+00 2.505515e-02 -2.179028e-04 9.996859e-01 3.589263e+01
9.985481e-01 -6.894484e-04 5.386331e-02 7.175659e+01 7.502103e-04 9.999991e-01 -1.107870e-03 -3.917624e+00 -5.386252e-02 1.146673e-03 9.985478e-01 3.582229e+01
9.994968e-01 1.062204e-03 -3.170209e-02 7.245475e+01 -1.048860e-03 9.999994e-01 4.375363e-04 -3.941973e+00 3.170256e-02 -4.040678e-04 9.994972e-01 3.579103e+01
9.985498e-01 -6.874992e-04 5.383213e-02 7.317365e+01 7.478087e-04 9.999991e-01 -1.100198e-03 -3.964062e+00 -5.383136e-02 1.138861e-03 9.985495e-01 3.564660e+01
9.995349e-01 1.046272e-03 -3.047647e-02 7.379042e+01 -1.036742e-03 9.999994e-01 3.284836e-04 -3.981335e+00 3.047683e-02 -2.967374e-04 9.995353e-01 3.544692e+01
9.985432e-01 -6.657595e-04 5.395489e-02 7.446756e+01 7.224640e-04 9.999992e-01 -1.031471e-03 -4.002819e+00 -5.395419e-02 1.068952e-03 9.985429e-01 3.533294e+01
9.993168e-01 9.558085e-04 -3.694482e-02 7.527878e+01 -9.368459e-04 9.999994e-01 5.305598e-04 -4.030446e+00 3.694534e-02 -4.955886e-04 9.993171e-01 3.528282e+01
9.985049e-01 -6.549801e-04 5.465750e-02 7.604960e+01 7.134130e-04 9.999992e-01 -1.049579e-03 -4.055617e+00 -5.465681e-02 1.087006e-03 9.985047e-01 3.518938e+01
9.991369e-01 8.852392e-04 -4.152902e-02 7.675085e+01 -8.596566e-04 9.999994e-01 6.338555e-04 -4.079068e+00 4.152959e-02 -5.976107e-04 9.991370e-01 3.511429e+01
9.983480e-01 -6.081563e-04 5.745333e-02 7.744442e+01 6.723849e-04 9.999992e-01 -1.098611e-03 -4.103759e+00 -5.745265e-02 1.135430e-03 9.983477e-01 3.510027e+01
9.992101e-01 8.986319e-04 -3.972880e-02 7.799054e+01 -8.780778e-04 9.999995e-01 5.347878e-04 -4.124192e+00 3.972930e-02 -4.994835e-04 9.992103e-01 3.511335e+01
9.980865e-01 -5.330999e-04 6.183090e-02 7.849279e+01 6.085503e-04 9.999991e-01 -1.201455e-03 -4.143954e+00 -6.183024e-02 1.236786e-03 9.980860e-01 3.515588e+01
9.987633e-01 7.544487e-04 -4.971215e-02 7.893011e+01 -7.159695e-04 9.999994e-01 7.918247e-04 -4.162792e+00 4.971276e-02 -7.552563e-04 9.987632e-01 3.523188e+01
9.977892e-01 -4.563188e-04 6.645696e-02 7.946268e+01 5.446402e-04 9.999990e-01 -1.310899e-03 -4.182934e+00 -6.645634e-02 1.344200e-03 9.977885e-01 3.524513e+01
9.983670e-01 6.700661e-04 -5.712149e-02 8.012308e+01 -6.134706e-04 9.999993e-01 1.008306e-03 -4.206717e+00 5.712217e-02 -9.716200e-04 9.983666e-01 3.522265e+01
9.976184e-01 -4.221157e-04 6.897382e-02 8.072249e+01 5.184286e-04 9.999989e-01 -1.378484e-03 -4.229331e+00 -6.897321e-02 1.410962e-03 9.976176e-01 3.523936e+01
9.977786e-01 5.738322e-04 -6.661512e-02 8.143400e+01 -4.874552e-04 9.999990e-01 1.312889e-03 -4.257456e+00 6.661585e-02 -1.277504e-03 9.977778e-01 3.531110e+01
9.974492e-01 -3.915957e-04 7.137882e-02 8.217147e+01 4.963301e-04 9.999988e-01 -1.449583e-03 -4.285720e+00 -7.137822e-02 1.481316e-03 9.974483e-01 3.535844e+01
9.983944e-01 6.739956e-04 -5.664034e-02 8.281903e+01 -6.187174e-04 9.999993e-01 9.934640e-04 -4.310342e+00 5.664102e-02 -9.568278e-04 9.983941e-01 3.539730e+01
9.975094e-01 -3.851716e-04 7.053223e-02 8.336424e+01 4.865374e-04 9.999989e-01 -1.419993e-03 -4.331883e+00 -7.053165e-02 1.450777e-03 9.975086e-01 3.543883e+01
9.966573e-01 5.612177e-04 -8.169388e-02 8.393505e+01 -4.241851e-04 9.999985e-01 1.694724e-03 -4.355130e+00 8.169475e-02 -1.654409e-03 9.966559e-01 3.551140e+01
9.972241e-01 -3.886531e-04 7.445775e-02 8.450107e+01 5.029748e-04 9.999987e-01 -1.516654e-03 -4.379242e+00 -7.445712e-02 1.549898e-03 9.972231e-01 3.561775e+01
9.962781e-01 5.435235e-04 -8.619517e-02 8.515288e+01 -3.858545e-04 9.999982e-01 1.845847e-03 -4.405840e+00 8.619607e-02 -1.805721e-03 9.962765e-01 3.571804e+01
9.974325e-01 -4.074914e-04 7.161160e-02 8.569787e+01 5.134840e-04 9.999988e-01 -1.461710e-03 -4.428941e+00 -7.161096e-02 1.494732e-03 9.974316e-01 3.582362e+01
9.961575e-01 5.484119e-04 -8.757839e-02 8.630825e+01 -3.848678e-04 9.999982e-01 1.884266e-03 -4.453265e+00 8.757930e-02 -1.843323e-03 9.961558e-01 3.590133e+01
9.974406e-01 -4.227752e-04 7.149948e-02 8.696529e+01 5.284972e-04 9.999988e-01 -1.459737e-03 -4.478234e+00 -7.149882e-02 1.493791e-03 9.974397e-01 3.594054e+01
9.958574e-01 5.920876e-04 -9.092639e-02 8.754863e+01 -4.150861e-04 9.999980e-01 1.965534e-03 -4.501007e+00 9.092741e-02 -1.919653e-03 9.958556e-01 3.599614e+01
9.974392e-01 -3.819331e-04 7.151797e-02 8.801841e+01 4.886392e-04 9.999988e-01 -1.474535e-03 -4.521704e+00 -7.151736e-02 1.505709e-03 9.974383e-01 3.611950e+01
9.963275e-01 5.058267e-04 -8.562261e-02 8.862222e+01 -3.482224e-04 9.999982e-01 1.855601e-03 -4.546750e+00 8.562344e-02 -1.818974e-03 9.963258e-01 3.623067e+01
9.974863e-01 -3.797996e-04 7.085909e-02 8.920752e+01 4.845917e-04 9.999988e-01 -1.461702e-03 -4.571407e+00 -7.085848e-02 1.492368e-03 9.974854e-01 3.635132e+01
9.968792e-01 4.767642e-04 -7.894060e-02 8.969647e+01 -3.443424e-04 9.999985e-01 1.691082e-03 -4.596077e+00 7.894133e-02 -1.658624e-03 9.968778e-01 3.658909e+01
9.973172e-01 -4.072378e-04 7.319956e-02 9.032343e+01 5.189889e-04 9.999987e-01 -1.507656e-03 -4.624504e+00 -7.319889e-02 1.541604e-03 9.973163e-01 3.678829e+01
9.968013e-01 4.803649e-04 -7.991833e-02 9.099053e+01 -3.448391e-04 9.999985e-01 1.709588e-03 -4.652807e+00 7.991907e-02 -1.676563e-03 9.967999e-01 3.692809e+01
9.976040e-01 -3.881099e-04 6.918198e-02 9.160066e+01 4.870299e-04 9.999989e-01 -1.412997e-03 -4.679708e+00 -6.918139e-02 1.443308e-03 9.976032e-01 3.709620e+01
9.967019e-01 5.180411e-04 -8.114775e-02 9.204318e+01 -3.788708e-04 9.999984e-01 1.730404e-03 -4.702793e+00 8.114855e-02 -1.693955e-03 9.967005e-01 3.734190e+01
9.973821e-01 -4.283545e-04 7.230993e-02 9.255976e+01 5.365490e-04 9.999988e-01 -1.476848e-03 -4.728352e+00 -7.230924e-02 1.511783e-03 9.973812e-01 3.757507e+01
9.965838e-01 5.186474e-04 -8.258577e-02 9.307715e+01 -3.760325e-04 9.999984e-01 1.742407e-03 -4.751291e+00 8.258657e-02 -1.705403e-03 9.965823e-01 3.769890e+01
9.978095e-01 -3.798228e-04 6.615109e-02 9.354757e+01 4.694560e-04 9.999990e-01 -1.339444e-03 -4.771845e+00 -6.615055e-02 1.367568e-03 9.978088e-01 3.780237e+01
9.966322e-01 5.078400e-04 -8.199945e-02 9.406694e+01 -3.673325e-04 9.999984e-01 1.728587e-03 -4.793565e+00 8.200022e-02 -1.692647e-03 9.966308e-01 3.789111e+01
9.978376e-01 -3.953203e-04 6.572597e-02 9.464670e+01 4.833557e-04 9.999990e-01 -1.323538e-03 -4.816343e+00 -6.572541e-02 1.352448e-03 9.978369e-01 3.794612e+01
