9.989863e-01 3.512333e-02 -2.815369e-02 -4.290023e-02 -3.650394e-02 9.980756e-01 -5.012464e-02 2.283846e-02 2.633897e-02 5.110155e-02 9.983462e-01 2.230255e-02
9.997202e-01 -1.522261e-02 -1.810421e-02 -9.630757e-02 1.533763e-02 9.998630e-01 6.231134e-03 4.543491e-02 1.800686e-02 -6.507075e-03 9.998166e-01 4.954851e-02
9.984165e-01 5.590706e-02 -6.237555e-03 -1.321156e-01 -5.613581e-02 9.973583e-01 -4.610072e-02 6.785137e-02 3.643730e-03 4.637789e-02 9.989174e-01 7.432631e-02
9.998497e-01 -1.622976e-02 6.101186e-03 -2.028343e-01 1.621874e-02 9.998668e-01 1.851060e-03 9.043185e-02 -6.130425e-03 -1.751846e-03 9.999796e-01 1.236769e-01
9.981677e-01 6.050692e-02 2.742905e-04 -2.479864e-01 -6.039755e-02 9.966162e-01 -5.575160e-02 1.014823e-01 -3.646713e-03 5.563291e-02 9.984447e-01 1.384599e-01
9.994527e-01 -3.210870e-02 7.954455e-03 -3.038108e-01 3.200272e-02 9.994018e-01 1.311068e-02 1.166800e-01 -8.370670e-03 -1.284897e-02 9.998823e-01 1.627798e-01
9.968798e-01 7.721110e-02 -1.640323e-02 -3.822362e-01 -7.776346e-02 9.963131e-01 -3.623618e-02 1.312863e-01 1.354492e-02 3.739872e-02 9.992087e-01 2.277665e-01
9.995700e-01 2.257775e-02 -1.871084e-02 -4.280032e-01 -2.269696e-02 9.997233e-01 -6.183330e-03 1.444169e-01 1.856605e-02 6.605316e-03 9.998057e-01 3.131522e-01
9.996552e-01 1.753059e-02 -1.954991e-02 -5.336496e-01 -1.804193e-02 9.994914e-01 -2.629358e-02 1.738050e-01 1.907904e-02 2.663727e-02 9.994632e-01 4.174821e-01
9.995664e-01 -1.399850e-02 -2.590489e-02 -6.110394e-01 1.376722e-02 9.998640e-01 -9.084914e-03 2.014297e-01 2.602853e-02 8.724296e-03 9.996230e-01 5.015807e-01
9.996501e-01 7.631119e-03 -2.532699e-02 -6.991070e-01 -8.189612e-03 9.997240e-01 -2.202150e-02 2.309144e-01 2.515197e-02 2.222126e-02 9.994367e-01 5.845649e-01
9.998639e-01 -1.988308e-03 -1.637852e-02 -7.555183e-01 1.687782e-03 9.998303e-01 -1.834185e-02 2.498935e-01 1.641219e-02 1.831166e-02 9.996975e-01 6.251180e-01
9.993269e-01 3.665294e-02 1.524380e-03 -8.011405e-01 -3.661358e-02 9.991150e-01 -2.070584e-02 2.694889e-01 -2.281938e-03 2.063614e-02 9.997845e-01 6.481233e-01
9.997601e-01 -1.698100e-02 -1.383741e-02 -8.453125e-01 1.691159e-02 9.998439e-01 -5.117764e-03 2.898568e-01 1.392213e-02 4.882470e-03 9.998911e-01 6.815336e-01
9.999026e-01 -1.163502e-03 1.390877e-02 -9.088306e-01 1.378147e-03 9.998800e-01 -1.543218e-02 3.085388e-01 -1.388912e-02 1.544990e-02 9.997843e-01 7.146363e-01
9.986667e-01 4.042526e-02 -3.210346e-02 -9.266153e-01 -4.083242e-02 9.990924e-01 -1.212942e-02 3.244995e-01 3.158397e-02 1.342405e-02 9.994109e-01 7.192709e-01
9.994166e-01 -2.540275e-02 2.282859e-02 -9.902684e-01 2.586711e-02 9.994596e-01 -2.028126e-02 3.470369e-01 -2.230103e-02 2.086000e-02 9.995337e-01 7.706228e-01
9.975396e-01 3.495705e-02 -6.076819e-02 -1.064115e+00 -3.517581e-02 9.993779e-01 -2.533367e-03 3.688995e-01 6.064180e-02 4.664641e-03 9.981486e-01 8.299626e-01
9.995292e-01 -1.698019e-02 2.555690e-02 -1.138977e+00 1.734025e-02 9.997526e-01 -1.393275e-02 3.908349e-01 -2.531396e-02 1.436942e-02 9.995764e-01 8.790012e-01
9.915434e-01 7.788818e-02 -1.038035e-01 -1.149741e+00 -8.242554e-02 9.957879e-01 -4.015649e-02 4.311649e-01 1.002385e-01 4.837289e-02 9.937868e-01 1.019297e+00
9.994606e-01 6.295938e-03 3.223075e-02 -1.165108e+00 -5.867043e-03 9.998932e-01 -1.338380e-02 4.717471e-01 -3.231153e-02 1.318756e-02 9.993909e-01 1.124888e+00
9.936659e-01 -3.712060e-02 -1.060667e-01 -1.114246e+00 3.230995e-02 9.983854e-01 -4.671921e-02 5.085138e-01 1.076296e-01 4.299620e-02 9.932608e-01 1.279295e+00
9.977909e-01 1.698374e-02 6.422462e-02 -1.147198e+00 -1.915198e-02 9.992620e-01 3.329707e-02 5.246669e-01 -6.361167e-02 -3.445347e-02 9.973799e-01 1.321340e+00
9.952087e-01 -3.800182e-02 -9.008586e-02 -1.179261e+00 3.331262e-02 9.980389e-01 -5.299682e-02 5.419963e-01 9.192311e-02 4.974183e-02 9.945229e-01 1.340300e+00
9.908005e-01 1.228136e-01 5.684435e-02 -1.129750e+00 -1.246357e-01 9.917583e-01 2.968937e-02 5.402550e-01 -5.272956e-02 -3.650099e-02 9.979416e-01 1.364608e+00
9.884294e-01 -1.271191e-01 -8.275354e-02 -1.154381e+00 1.229246e-01 9.909475e-01 -5.396736e-02 5.511633e-01 8.886464e-02 4.317040e-02 9.951077e-01 1.383522e+00
9.937198e-01 1.073471e-01 3.158527e-02 -1.168160e+00 -1.078978e-01 9.940288e-01 1.627497e-02 5.760965e-01 -2.964955e-02 -1.958066e-02 9.993686e-01 1.417038e+00
9.916525e-01 -1.069631e-01 -7.200199e-02 -1.203870e+00 1.042271e-01 9.937183e-01 -4.075055e-02 5.921634e-01 7.590845e-02 3.290574e-02 9.965716e-01 1.443384e+00
9.938774e-01 1.029035e-01 4.023194e-02 -1.233005e+00 -1.037222e-01 9.944283e-01 1.881660e-02 6.062107e-01 -3.807143e-02 -2.287425e-02 9.990132e-01 1.464006e+00
9.925315e-01 -1.003139e-01 -6.941348e-02 -1.255826e+00 9.667560e-02 9.938536e-01 -5.393380e-02 6.133847e-01 7.439708e-02 4.682033e-02 9.961289e-01 1.476393e+00
9.948567e-01 8.079422e-02 6.109334e-02 -1.266741e+00 -8.337103e-02 9.956800e-01 4.087333e-02 6.202799e-01 -5.752704e-02 -4.575644e-02 9.972949e-01 1.482071e+00
9.923691e-01 -8.671670e-02 -8.765692e-02 -1.281804e+00 8.083075e-02 9.943638e-01 -6.860810e-02 6.296984e-01 9.311227e-02 6.099911e-02 9.937852e-01 1.495395e+00
9.958392e-01 4.760067e-02 7.770776e-02 -1.331443e+00 -5.153956e-02 9.974437e-01 4.949523e-02 6.416392e-01 -7.515305e-02 -5.329423e-02 9.957469e-01 1.503279e+00
9.934896e-01 -4.755933e-02 -1.035204e-01 -1.333708e+00 3.809171e-02 9.950683e-01 -9.158614e-02 6.574536e-01 1.073656e-01 8.704654e-02 9.904016e-01 1.523448e+00
9.969348e-01 4.116484e-02 6.653136e-02 -1.368341e+00 -4.544462e-02 9.969051e-01 6.414926e-02 6.724591e-01 -6.368470e-02 -6.697605e-02 9.957201e-01 1.544396e+00
9.927149e-01 -5.163973e-02 -1.088601e-01 -1.383289e+00 4.025440e-02 9.937302e-01 -1.043061e-01 6.846511e-01 1.135638e-01 9.916405e-02 9.885695e-01 1.550878e+00
9.966548e-01 4.066313e-02 7.089212e-02 -1.385790e+00 -4.568648e-02 9.964479e-01 7.074146e-02 6.983624e-01 -6.776367e-02 -7.374355e-02 9.949724e-01 1.563738e+00
9.929671e-01 -2.593436e-02 -1.155153e-01 -1.418313e+00 1.282014e-02 9.935287e-01 -1.128553e-01 7.114965e-01 1.176945e-01 1.105806e-01 9.868738e-01 1.579024e+00
9.970773e-01 -5.970767e-03 7.616540e-02 -1.451779e+00 -1.396082e-03 9.953510e-01 9.630451e-02 7.223232e-01 -7.638625e-02 -9.612930e-02 9.924336e-01 1.587029e+00
9.893481e-01 -5.332838e-02 -1.354486e-01 -1.489740e+00 3.474038e-02 9.900908e-01 -1.360631e-01 7.398581e-01 1.413624e-01 1.299082e-01 9.813972e-01 1.615702e+00
9.934840e-01 5.134580e-02 1.017506e-01 -1.508073e+00 -6.097974e-02 9.937074e-01 9.395280e-02 7.542937e-01 -9.628620e-02 -9.954526e-02 9.903635e-01 1.619318e+00
9.908317e-01 -6.285544e-02 -1.195895e-01 -1.527483e+00 4.728797e-02 9.905390e-01 -1.288265e-01 7.672236e-01 1.265554e-01 1.219901e-01 9.844298e-01 1.620076e+00
9.760395e-01 1.721935e-01 1.330278e-01 -1.463406e+00 -1.828433e-01 9.804726e-01 7.240142e-02 8.098761e-01 -1.179631e-01 -9.498982e-02 9.884643e-01 1.659784e+00
9.735747e-01 -1.884137e-01 -1.290449e-01 -1.588462e+00 1.806379e-01 9.810821e-01 -6.962574e-02 8.139749e-01 1.397220e-01 4.447539e-02 9.891914e-01 1.803184e+00
9.633571e-01 2.250590e-01 1.459168e-01 -1.640212e+00 -2.319244e-01 9.722185e-01 3.165861e-02 8.045027e-01 -1.347379e-01 -6.434013e-02 9.887902e-01 1.830733e+00
9.673405e-01 -2.302782e-01 -1.059447e-01 -1.690943e+00 2.172619e-01 9.685305e-01 -1.214327e-01 8.136107e-01 1.305739e-01 9.444894e-02 9.869295e-01 1.853728e+00
9.689587e-01 2.249861e-01 1.024714e-01 -1.708829e+00 -2.306667e-01 9.718827e-01 4.729596e-02 8.285535e-01 -8.894918e-02 -6.946448e-02 9.936110e-01 1.854139e+00
9.628982e-01 -2.453580e-01 -1.123676e-01 -1.732578e+00 2.335003e-01 9.662388e-01 -1.089043e-01 8.468856e-01 1.352944e-01 7.862579e-02 9.876808e-01 1.874165e+00
9.643431e-01 2.441921e-01 1.020427e-01 -1.751981e+00 -2.505637e-01 9.665389e-01 5.495962e-02 8.603618e-01 -8.520749e-02 -7.856804e-02 9.932607e-01 1.885237e+00
9.645590e-01 -2.461699e-01 -9.500683e-02 -1.771323e+00 2.355083e-01 9.655380e-01 -1.107793e-01 8.729939e-01 1.190032e-01 8.447819e-02 9.892935e-01 1.889493e+00
9.603633e-01 2.547245e-01 1.132156e-01 -1.781062e+00 -2.629774e-01 9.626138e-01 6.494314e-02 8.876223e-01 -9.244027e-02 -9.214208e-02 9.914457e-01 1.884331e+00
9.630250e-01 -2.431251e-01 -1.160737e-01 -1.789090e+00 2.343059e-01 9.684760e-01 -8.458681e-02 9.025051e-01 1.329797e-01 5.426238e-02 9.896322e-01 1.931070e+00
9.699386e-01 1.999997e-01 1.386335e-01 -1.856103e+00 -2.122446e-01 9.739455e-01 7.989083e-02 9.157255e-01 -1.190433e-01 -1.069133e-01 9.871161e-01 1.984518e+00
9.734764e-01 -1.988751e-01 -1.131030e-01 -1.900536e+00 1.884179e-01 9.773118e-01 -9.674861e-02 9.366440e-01 1.297778e-01 7.287179e-02 9.888617e-01 2.041551e+00
9.726160e-01 2.144454e-01 8.961802e-02 -1.880217e+00 -2.227738e-01 9.700886e-01 9.643630e-02 9.117693e-01 -6.625706e-02 -1.137600e-01 9.912965e-01 2.080234e+00
9.974877e-01 -5.037314e-02 4.980703e-02 -1.988149e+00 5.454012e-02 9.947849e-01 -8.618706e-02 1.307597e+00 -4.520582e-02 8.868694e-02 9.950332e-01 2.511091e+00
9.902788e-01 1.304210e-01 4.835564e-02 -2.431372e+00 -1.355103e-01 9.830057e-01 1.238420e-01 1.273227e+00 -3.138224e-02 -1.291907e-01 9.911231e-01 2.816638e+00
9.961711e-01 -6.964202e-02 5.284896e-02 -2.671558e+00 7.562895e-02 9.897249e-01 -1.213455e-01 1.199478e+00 -4.385524e-02 1.248777e-01 9.912024e-01 2.964880e+00
9.897100e-01 1.409815e-01 -2.445952e-02 -2.741841e+00 -1.381643e-01 9.860456e-01 9.286949e-02 1.154826e+00 3.721110e-02 -8.853434e-02 9.953778e-01 2.945702e+00
9.944385e-01 -1.051358e-01 6.198284e-03 -2.773453e+00 1.051962e-01 9.887291e-01 -1.065289e-01 1.166205e+00 5.071544e-03 1.065884e-01 9.942903e-01 2.980458e+00
9.943675e-01 1.059831e-01 -9.335276e-04 -2.814778e+00 -1.054523e-01 9.901946e-01 9.162153e-02 1.178530e+00 1.063473e-02 -9.100694e-02 9.957935e-01 3.001268e+00
9.964034e-01 -8.472216e-02 -1.550085e-03 -2.867673e+00 8.406616e-02 9.906540e-01 -1.074124e-01 1.194794e+00 1.063577e-02 1.068957e-01 9.942133e-01 3.048628e+00
9.887074e-01 1.461811e-01 3.299579e-02 -2.913214e+00 -1.480221e-01 9.869896e-01 6.277827e-02 1.203875e+00 -2.338949e-02 -6.695336e-02 9.974819e-01 3.075632e+00
9.972761e-01 -6.911949e-02 2.574445e-02 -3.313401e+00 6.976285e-02 9.972504e-01 -2.499225e-02 1.441213e+00 -2.394624e-02 2.672009e-02 9.993561e-01 3.525542e+00
9.884908e-01 1.508756e-01 1.106962e-02 -4.943266e+00 -1.511183e-01 9.881743e-01 2.598136e-02 1.694521e+00 -7.018755e-03 -2.735506e-02 9.996012e-01 4.581193e+00
9.975153e-01 -6.568100e-02 2.548148e-02 -6.308034e+00 6.600504e-02 9.977460e-01 -1.209115e-02 1.963345e+00 -2.462990e-02 1.374292e-02 9.996021e-01 5.548579e+00
9.870109e-01 1.555204e-01 4.028615e-02 -7.627822e+00 -1.554261e-01 9.878324e-01 -5.480482e-03 1.939331e+00 -4.064829e-02 -8.521309e-04 9.991732e-01 6.442544e+00
9.997583e-01 -1.942663e-02 1.029562e-02 -8.144641e+00 1.945674e-02 9.998066e-01 -2.831393e-03 2.008616e+00 -1.023863e-02 3.030935e-03 9.999430e-01 6.711551e+00
9.938058e-01 6.321422e-02 9.140061e-02 -8.425728e+00 -6.201901e-02 9.979490e-01 -1.586115e-02 1.768956e+00 -9.221580e-02 1.009442e-02 9.956879e-01 7.026978e+00
9.929354e-01 -1.463986e-02 -1.177492e-01 -8.501525e+00 1.687189e-02 9.996959e-01 1.798120e-02 1.781539e+00 1.174502e-01 -1.984091e-02 9.928805e-01 7.094391e+00
9.924695e-01 6.400009e-02 1.044427e-01 -8.609570e+00 -6.373259e-02 9.979496e-01 -5.900117e-03 1.791715e+00 -1.046062e-01 -8.006271e-04 9.945134e-01 7.163046e+00
9.920569e-01 -1.664256e-02 -1.246842e-01 -8.719996e+00 1.597460e-02 9.998521e-01 -6.355361e-03 1.811589e+00 1.247716e-01 4.313008e-03 9.921761e-01 7.245617e+00
9.936758e-01 6.337153e-02 9.269551e-02 -8.825882e+00 -6.411437e-02 9.979298e-01 5.054613e-03 1.824093e+00 -9.218331e-02 -1.096567e-02 9.956817e-01 7.333138e+00
9.930806e-01 -1.689641e-02 -1.162130e-01 -8.938240e+00 1.491873e-02 9.997290e-01 -1.786688e-02 1.838266e+00 1.164834e-01 1.600941e-02 9.930636e-01 7.415335e+00
9.863000e-01 1.176523e-01 1.156300e-01 -9.096482e+00 -1.166985e-01 9.930540e-01 -1.500810e-02 1.867546e+00 -1.165926e-01 1.308721e-03 9.931790e-01 7.535661e+00
9.815442e-01 -1.224203e-01 -1.469157e-01 -9.288205e+00 1.335026e-01 9.887079e-01 6.807104e-02 1.912832e+00 1.369234e-01 -8.642845e-02 9.868040e-01 7.739772e+00
9.863012e-01 9.784502e-02 1.328015e-01 -9.412097e+00 -8.204851e-02 9.894237e-01 -1.196196e-01 1.925251e+00 -1.431012e-01 1.070848e-01 9.838978e-01 7.800188e+00
9.844394e-01 -6.453842e-02 -1.634438e-01 -9.461890e+00 7.886463e-02 9.934464e-01 8.273147e-02 1.938097e+00 1.570333e-01 -9.433414e-02 9.830776e-01 7.824470e+00
9.802656e-01 1.376586e-01 1.418786e-01 -9.548032e+00 -1.219413e-01 9.859555e-01 -1.141145e-01 1.960944e+00 -1.555949e-01 9.456173e-02 9.832845e-01 7.885540e+00
9.787561e-01 -9.719534e-02 -1.805256e-01 -9.606407e+00 1.116184e-01 9.911747e-01 7.151101e-02 1.973974e+00 1.719819e-01 -9.014190e-02 9.809672e-01 7.928269e+00
9.814775e-01 1.133073e-01 1.544779e-01 -9.662941e+00 -9.625852e-02 9.888389e-01 -1.137190e-01 1.981860e+00 -1.656390e-01 9.674288e-02 9.814299e-01 7.955536e+00
9.776181e-01 -9.041673e-02 -1.899677e-01 -9.688791e+00 1.029481e-01 9.930437e-01 5.714702e-02 1.995577e+00 1.834792e-01 -7.542485e-02 9.801257e-01 7.965179e+00
9.756783e-01 1.091806e-01 1.900827e-01 -9.696932e+00 -8.758641e-02 9.890791e-01 -1.185384e-01 2.005941e+00 -2.009489e-01 9.900681e-02 9.745857e-01 7.956396e+00
9.915180e-01 5.384601e-02 -1.182904e-01 -9.788276e+00 -4.290434e-02 9.947250e-01 9.317328e-02 2.121078e+00 1.226834e-01 -8.730789e-02 9.885980e-01 8.043541e+00
9.743379e-01 3.543860e-02 2.222830e-01 -1.002398e+01 -1.661320e-02 9.961570e-01 -8.599659e-02 2.048753e+00 -2.244764e-01 8.009699e-02 9.711822e-01 8.175223e+00
9.734240e-01 -3.153900e-02 -2.268281e-01 -1.003549e+01 4.666512e-02 9.970073e-01 6.163377e-02 2.054352e+00 2.242055e-01 -7.058083e-02 9.719826e-01 8.169698e+00
9.734875e-01 5.816420e-02 2.212215e-01 -1.007017e+01 -4.148562e-02 9.959865e-01 -7.930989e-02 2.074132e+00 -2.249466e-01 6.802976e-02 9.719933e-01 8.183575e+00
9.675823e-01 -5.004041e-02 -2.475488e-01 -1.007659e+01 6.419032e-02 9.967133e-01 4.941819e-02 2.081023e+00 2.442623e-01 -6.370647e-02 9.676143e-01 8.180781e+00
9.556487e-01 8.985026e-02 2.804684e-01 -1.013737e+01 -6.137029e-02 9.921739e-01 -1.087419e-01 2.085250e+00 -2.880440e-01 8.670674e-02 9.536837e-01 8.139198e+00
9.624985e-01 -6.192701e-02 -2.641245e-01 -1.014066e+01 8.284165e-02 9.941859e-01 6.878546e-02 2.085058e+00 2.583292e-01 -8.808648e-02 9.620326e-01 8.167152e+00
9.712323e-01 8.643415e-02 2.218941e-01 -1.015465e+01 -6.201379e-02 9.914551e-01 -1.147657e-01 2.098157e+00 -2.299178e-01 9.770371e-02 9.682933e-01 8.170173e+00
9.575675e-01 -9.253605e-02 -2.729496e-01 -1.016317e+01 1.160208e-01 9.906944e-01 7.115858e-02 2.116778e+00 2.638249e-01 -9.980704e-02 9.593930e-01 8.178585e+00
9.640441e-01 1.291165e-01 2.322669e-01 -1.016231e+01 -1.001998e-01 9.861322e-01 -1.323002e-01 2.126995e+00 -2.461281e-01 1.042702e-01 9.636123e-01 8.186025e+00
9.537385e-01 -1.469207e-01 -2.622922e-01 -1.017079e+01 1.723646e-01 9.820454e-01 7.666226e-02 2.130936e+00 2.463196e-01 -1.183257e-01 9.619385e-01 8.171554e+00
9.645266e-01 1.570446e-01 2.121918e-01 -1.016373e+01 -1.279094e-01 9.811660e-01 -1.447504e-01 2.138898e+00 -2.309276e-01 1.124743e-01 9.664481e-01 8.160611e+00
9.610180e-01 -1.229714e-01 -2.476335e-01 -1.016715e+01 1.480913e-01 9.852761e-01 8.543921e-02 2.150296e+00 2.334808e-01 -1.187811e-01 9.650791e-01 8.160616e+00
9.604594e-01 1.915329e-01 2.020713e-01 -1.019313e+01 -1.632419e-01 9.753355e-01 -1.485695e-01 2.162010e+00 -2.255433e-01 1.097086e-01 9.680363e-01 8.177730e+00
9.571960e-01 -1.352711e-01 -2.558857e-01 -1.025159e+01 1.621086e-01 9.829498e-01 8.677692e-02 2.172259e+00 2.397845e-01 -1.245439e-01 9.628044e-01 8.226497e+00
9.611876e-01 1.784779e-01 2.103903e-01 -1.030161e+01 -1.567202e-01 9.808024e-01 -1.160418e-01 2.180487e+00 -2.270622e-01 7.856558e-02 9.707061e-01 8.258663e+00
9.648081e-01 -1.339621e-01 -2.262729e-01 -1.031386e+01 1.442968e-01 9.890889e-01 2.969059e-02 2.196969e+00 2.198266e-01 -6.129623e-02 9.736113e-01 8.246475e+00
9.659386e-01 1.802899e-01 1.856291e-01 -1.032578e+01 -1.632093e-01 9.811330e-01 -1.036379e-01 2.213744e+00 -2.008117e-01 6.981152e-02 9.771392e-01 8.239086e+00
9.675258e-01 -1.318811e-01 -2.156413e-01 -1.032210e+01 1.399159e-01 9.899108e-01 2.235961e-02 2.233531e+00 2.105169e-01 -5.180519e-02 9.762166e-01 8.232235e+00
9.635929e-01 1.881325e-01 1.899867e-01 -1.031570e+01 -1.769309e-01 9.814035e-01 -7.445034e-02 2.246737e+00 -2.004601e-01 3.812536e-02 9.789598e-01 8.234064e+00
9.625677e-01 -1.686998e-01 -2.121411e-01 -1.034690e+01 1.647946e-01 9.856674e-01 -3.608930e-02 2.266865e+00 2.151889e-01 -2.213643e-04 9.765724e-01 8.220737e+00
9.577529e-01 2.047365e-01 2.019713e-01 -1.040221e+01 -2.085880e-01 9.780011e-01 -2.261466e-03 2.289343e+00 -1.979912e-01 -3.996282e-02 9.793888e-01 8.261515e+00
9.557508e-01 -1.812713e-01 -2.316917e-01 -1.045158e+01 1.718803e-01 9.832723e-01 -6.027142e-02 2.297973e+00 2.387415e-01 1.778118e-02 9.709203e-01 8.275617e+00
9.574548e-01 1.940082e-01 2.136380e-01 -1.045794e+01 -1.940236e-01 9.807699e-01 -2.110395e-02 2.310538e+00 -2.136241e-01 -2.124470e-02 9.766849e-01 8.261340e+00
9.572769e-01 -1.841377e-01 -2.229669e-01 -1.047016e+01 1.718852e-01 9.823832e-01 -7.333897e-02 2.324837e+00 2.325435e-01 3.188095e-02 9.720633e-01 8.252453e+00
9.541628e-01 2.028574e-01 2.200504e-01 -1.047128e+01 -2.089864e-01 9.779074e-01 4.686161e-03 2.336894e+00 -2.142383e-01 -5.045884e-02 9.754773e-01 8.243234e+00
9.553569e-01 -1.967591e-01 -2.204063e-01 -1.048067e+01 1.823351e-01 9.796256e-01 -8.418655e-02 2.349598e+00 2.324802e-01 4.024037e-02 9.717683e-01 8.240413e+00
9.543405e-01 2.080332e-01 2.143746e-01 -1.049055e+01 -2.154925e-01 9.764347e-01 1.176627e-02 2.362519e+00 -2.068750e-01 -5.742510e-02 9.766807e-01 8.242959e+00
9.460134e-01 -2.154125e-01 -2.421901e-01 -1.058142e+01 1.928199e-01 9.746247e-01 -1.136968e-01 2.368260e+00 2.605362e-01 6.085959e-02 9.635440e-01 8.269526e+00
9.331643e-01 2.583388e-01 2.499309e-01 -1.052083e+01 -2.703810e-01 9.626444e-01 1.448990e-02 2.407640e+00 -2.368513e-01 -8.109798e-02 9.681553e-01 8.271657e+00
9.310609e-01 -2.524735e-01 -2.634061e-01 -1.052917e+01 2.268901e-01 9.660041e-01 -1.239225e-01 2.422423e+00 2.857386e-01 5.561514e-02 9.566924e-01 8.267577e+00
9.230003e-01 2.701518e-01 2.740227e-01 -1.054264e+01 -2.899730e-01 9.564379e-01 3.379896e-02 2.431942e+00 -2.529549e-01 -1.106556e-01 9.611291e-01 8.255286e+00
9.311767e-01 -2.681556e-01 -2.469869e-01 -1.056040e+01 2.393602e-01 9.606950e-01 -1.406116e-01 2.443726e+00 2.749849e-01 7.181538e-02 9.587627e-01 8.247466e+00
9.290886e-01 2.760180e-01 2.461880e-01 -1.058103e+01 -2.979897e-01 9.529129e-01 5.620764e-02 2.460705e+00 -2.190814e-01 -1.255833e-01 9.675909e-01 8.253902e+00
9.405454e-01 -2.951770e-01 -1.680618e-01 -1.064533e+01 2.575467e-01 9.423312e-01 -2.137322e-01 2.469733e+00 2.214588e-01 1.577411e-01 9.623273e-01 8.224528e+00
9.180185e-01 3.267701e-01 2.246403e-01 -1.073721e+01 -3.551259e-01 9.295505e-01 9.910430e-02 2.505633e+00 -1.764302e-01 -1.707552e-01 9.693890e-01 8.310770e+00
9.203500e-01 -3.476840e-01 -1.790857e-01 -1.075184e+01 3.083959e-01 9.267826e-01 -2.143967e-01 2.518446e+00 2.405159e-01 1.420907e-01 9.601887e-01 8.302324e+00
9.180021e-01 3.398352e-01 2.044119e-01 -1.076271e+01 -3.667691e-01 9.235848e-01 1.116771e-01 2.532862e+00 -1.508399e-01 -1.774917e-01 9.724937e-01 8.300481e+00
9.297866e-01 -3.331194e-01 -1.566153e-01 -1.079309e+01 2.949269e-01 9.287590e-01 -2.245547e-01 2.550032e+00 2.202614e-01 1.625979e-01 9.617936e-01 8.312636e+00
9.222027e-01 3.377810e-01 1.882716e-01 -1.079591e+01 -3.649271e-01 9.212418e-01 1.346922e-01 2.570941e+00 -1.279472e-01 -1.929189e-01 9.728370e-01 8.313483e+00
9.340505e-01 -3.271433e-01 -1.432721e-01 -1.079394e+01 2.909742e-01 9.296914e-01 -2.258489e-01 2.584136e+00 2.070838e-01 1.692658e-01 9.635691e-01 8.306435e+00
9.215697e-01 3.353991e-01 1.954913e-01 -1.079298e+01 -3.648611e-01 9.203184e-01 1.410342e-01 2.594939e+00 -1.326115e-01 -2.013000e-01 9.705115e-01 8.308300e+00
9.377368e-01 -3.164888e-01 -1.431238e-01 -1.081858e+01 2.766687e-01 9.297005e-01 -2.431283e-01 2.620388e+00 2.100097e-01 1.883925e-01 9.593770e-01 8.328322e+00
9.426721e-01 2.916522e-01 1.621987e-01 -1.086062e+01 -3.209290e-01 9.255371e-01 2.009621e-01 2.633719e+00 -9.150986e-02 -2.414956e-01 9.660775e-01 8.366020e+00
9.356248e-01 -3.234219e-01 -1.414367e-01 -1.093025e+01 2.847488e-01 9.283062e-01 -2.390935e-01 2.644856e+00 2.086246e-01 1.834279e-01 9.606404e-01 8.424377e+00
9.288933e-01 3.153416e-01 1.942085e-01 -1.105175e+01 -3.468123e-01 9.246238e-01 1.574556e-01 2.652111e+00 -1.299175e-01 -2.136133e-01 9.682411e-01 8.498500e+00
9.274514e-01 -3.410684e-01 -1.533171e-01 -1.109931e+01 3.046451e-01 9.269140e-01 -2.191383e-01 2.661492e+00 2.168530e-01 1.565329e-01 9.635727e-01 8.534706e+00
9.290889e-01 3.255614e-01 1.755098e-01 -1.111216e+01 -3.506228e-01 9.263242e-01 1.377945e-01 2.678285e+00 -1.177184e-01 -1.895611e-01 9.747866e-01 8.531593e+00
9.279286e-01 -3.529137e-01 -1.200015e-01 -1.112148e+01 3.240713e-01 9.228575e-01 -2.081150e-01 2.699330e+00 1.841910e-01 1.542268e-01 9.707151e-01 8.560107e+00
9.372579e-01 3.114091e-01 1.567550e-01 -1.112570e+01 -3.330282e-01 9.327238e-01 1.382700e-01 2.711278e+00 -1.031506e-01 -1.817985e-01 9.779107e-01 8.560580e+00
9.414201e-01 -3.105376e-01 -1.315086e-01 -1.113499e+01 2.761185e-01 9.336673e-01 -2.280874e-01 2.725197e+00 1.936150e-01 1.784142e-01 9.647184e-01 8.575238e+00
9.485659e-01 2.688694e-01 1.671285e-01 -1.114833e+01 -3.003760e-01 9.311098e-01 2.069030e-01 2.727965e+00 -9.998505e-02 -2.464625e-01 9.639809e-01 8.603410e+00
9.326517e-01 -3.344687e-01 -1.352459e-01 -1.116387e+01 2.890060e-01 9.170218e-01 -2.748571e-01 2.737670e+00 2.159545e-01 2.172591e-01 9.519255e-01 8.605910e+00
9.314123e-01 3.093026e-01 1.918411e-01 -1.119932e+01 -3.453153e-01 9.175277e-01 1.972316e-01 2.757369e+00 -1.150153e-01 -2.499496e-01 9.614035e-01 8.622406e+00
9.412281e-01 -3.357735e-01 -3.668427e-02 -1.128978e+01 3.035257e-01 8.884465e-01 -3.442889e-01 2.755125e+00 1.481951e-01 3.129198e-01 9.381468e-01 8.611602e+00
8.996877e-01 4.178998e-01 1.261819e-01 -1.146574e+01 -4.365336e-01 8.618014e-01 2.583349e-01 2.820518e+00 -7.855981e-04 -2.875034e-01 9.577793e-01 8.748935e+00
9.317620e-01 -3.626498e-01 -1.745169e-02 -1.159855e+01 3.388671e-01 8.859009e-01 -3.167785e-01 2.850555e+00 1.303401e-01 2.892484e-01 9.483390e-01 8.879889e+00
9.003219e-01 4.136849e-01 1.352231e-01 -1.177338e+01 -4.352234e-01 8.549825e-01 2.821092e-01 2.863663e+00 1.090920e-03 -3.128413e-01 9.498048e-01 8.990003e+00
9.239659e-01 -3.818124e-01 2.249609e-02 -1.185333e+01 3.707376e-01 8.796027e-01 -2.980817e-01 2.882022e+00 9.402368e-02 2.837575e-01 9.542752e-01 9.097927e+00
8.995509e-01 4.285409e-01 8.462311e-02 -1.199155e+01 -4.336653e-01 8.529167e-01 2.906332e-01 2.903505e+00 5.237174e-02 -2.981374e-01 9.530851e-01 9.237010e+00
9.250976e-01 -3.778508e-01 3.772290e-02 -1.213167e+01 3.703876e-01 8.759765e-01 -3.089955e-01 2.912524e+00 8.370981e-02 2.998231e-01 9.503151e-01 9.350679e+00
8.958985e-01 4.387583e-01 6.969272e-02 -1.230343e+01 -4.389390e-01 8.500060e-01 2.912428e-01 2.934143e+00 6.854600e-02 -2.915148e-01 9.541072e-01 9.472885e+00
9.206574e-01 -3.862707e-01 5.643351e-02 -1.245146e+01 3.838952e-01 8.696498e-01 -3.103766e-01 2.947993e+00 7.081201e-02 3.074151e-01 9.489371e-01 9.593102e+00
8.970178e-01 4.388623e-01 5.252720e-02 -1.256870e+01 -4.321445e-01 8.458620e-01 3.126798e-01 2.959625e+00 9.279263e-02 -3.031787e-01 9.484051e-01 9.686003e+00
9.196171e-01 -3.809799e-01 9.569994e-02 -1.268226e+01 3.911592e-01 8.657959e-01 -3.120768e-01 2.969338e+00 3.603837e-02 3.244251e-01 9.452246e-01 9.746667e+00
8.865923e-01 4.616780e-01 2.841726e-02 -1.283378e+01 -4.462589e-01 8.375849e-01 3.151263e-01 2.994336e+00 1.216851e-01 -2.920700e-01 9.486242e-01 9.855690e+00
9.119930e-01 -3.929694e-01 1.176593e-01 -1.296024e+01 4.099099e-01 8.621516e-01 -2.977726e-01 3.006851e+00 1.557533e-02 3.197962e-01 9.473583e-01 9.947792e+00
8.912366e-01 4.534561e-01 8.665395e-03 -1.305624e+01 -4.313705e-01 8.416189e-01 3.249572e-01 3.015940e+00 1.400609e-01 -2.933517e-01 9.456890e-01 1.001655e+01
9.112107e-01 -3.899664e-01 1.327442e-01 -1.317420e+01 4.119360e-01 8.611135e-01 -2.979802e-01 3.027739e+00 1.894445e-03 3.262049e-01 9.452972e-01 1.009237e+01
8.841288e-01 4.664729e-01 -2.682322e-02 -1.329224e+01 -4.364826e-01 8.450453e-01 3.088388e-01 3.053604e+00 1.667318e-01 -2.613454e-01 9.507361e-01 1.016899e+01
9.066532e-01 -3.957179e-01 1.462432e-01 -1.342250e+01 4.216772e-01 8.606886e-01 -2.853129e-01 3.067411e+00 -1.296640e-02 3.203473e-01 9.472114e-01 1.025914e+01
8.868984e-01 4.603630e-01 -3.843664e-02 -1.353970e+01 -4.261168e-01 8.473748e-01 3.168287e-01 3.080412e+00 1.784265e-01 -2.646164e-01 9.477036e-01 1.032146e+01
9.066386e-01 -3.891793e-01 1.629284e-01 -1.365438e+01 4.211699e-01 8.576757e-01 -2.949717e-01 3.090058e+00 -2.494285e-02 3.360533e-01 9.415126e-01 1.038584e+01
8.922386e-01 4.497103e-01 -4.087898e-02 -1.375957e+01 -4.116081e-01 8.471807e-01 3.359519e-01 3.101822e+00 1.857129e-01 -2.829231e-01 9.409916e-01 1.043646e+01
9.069933e-01 -3.793276e-01 1.829578e-01 -1.385393e+01 4.194865e-01 8.522322e-01 -3.126201e-01 3.112832e+00 -3.733708e-02 3.602926e-01 9.320918e-01 1.047878e+01
8.895459e-01 4.524204e-01 -6.343458e-02 -1.396410e+01 -4.022456e-01 8.414708e-01 3.607289e-01 3.132356e+00 2.165794e-01 -2.953686e-01 9.305110e-01 1.054895e+01
9.077336e-01 -3.610960e-01 2.136100e-01 -1.407939e+01 4.138474e-01 8.542936e-01 -3.145039e-01 3.160604e+00 -6.891954e-02 3.738878e-01 9.249097e-01 1.065731e+01
8.910013e-01 4.452988e-01 -8.846370e-02 -1.415912e+01 -3.818597e-01 8.404482e-01 3.844867e-01 3.167203e+00 2.455606e-01 -3.087974e-01 9.188820e-01 1.074053e+01
9.126380e-01 -3.461612e-01 2.174031e-01 -1.425874e+01 4.025149e-01 8.537092e-01 -3.303974e-01 3.175643e+00 -7.122827e-02 3.890412e-01 9.184625e-01 1.083421e+01
8.903764e-01 4.449979e-01 -9.595257e-02 -1.436226e+01 -3.748973e-01 8.363550e-01 3.999530e-01 3.186976e+00 2.582286e-01 -3.201363e-01 9.114992e-01 1.093854e+01
9.174046e-01 -3.215412e-01 2.344777e-01 -1.448348e+01 3.874763e-01 8.560516e-01 -3.421079e-01 3.208505e+00 -9.072321e-02 4.047059e-01 9.099354e-01 1.106827e+01
8.889400e-01 4.414853e-01 -1.219694e-01 -1.461461e+01 -3.599571e-01 8.380520e-01 4.099997e-01 3.226645e+00 2.832255e-01 -3.205614e-01 9.038936e-01 1.120457e+01
9.057553e-01 -3.326410e-01 2.625968e-01 -1.472571e+01 4.074830e-01 8.538368e-01 -3.239140e-01 3.231476e+00 -1.164677e-01 4.003906e-01 9.089129e-01 1.130267e+01
8.811381e-01 4.501204e-01 -1.448702e-01 -1.481025e+01 -3.631769e-01 8.404084e-01 4.022640e-01 3.246843e+00 3.028173e-01 -3.018366e-01 9.039891e-01 1.137399e+01
9.104050e-01 -3.166563e-01 2.662543e-01 -1.488184e+01 3.937603e-01 8.606753e-01 -3.227860e-01 3.261514e+00 -1.269462e-01 3.987064e-01 9.082499e-01 1.145395e+01
8.840643e-01 4.341836e-01 -1.729598e-01 -1.496220e+01 -3.403288e-01 8.516984e-01 3.984797e-01 3.281930e+00 3.203229e-01 -2.934185e-01 9.007213e-01 1.154336e+01
9.065190e-01 -2.981227e-01 2.989081e-01 -1.503775e+01 3.884745e-01 8.662409e-01 -3.141883e-01 3.292079e+00 -1.652597e-01 4.009358e-01 9.010769e-01 1.160883e+01
8.861149e-01 4.174915e-01 -2.012496e-01 -1.514083e+01 -3.123497e-01 8.587516e-01 4.061813e-01 3.307931e+00 3.424006e-01 -2.970630e-01 8.913559e-01 1.170806e+01
9.096033e-01 -2.750538e-01 3.113954e-01 -1.524875e+01 3.721112e-01 8.727038e-01 -3.161033e-01 3.320983e+00 -1.848105e-01 4.034023e-01 8.961650e-01 1.180371e+01
8.872605e-01 4.062047e-01 -2.185561e-01 -1.534532e+01 -2.935629e-01 8.627380e-01 4.117086e-01 3.332289e+00 3.557946e-01 -3.011328e-01 8.847199e-01 1.189600e+01
9.095615e-01 -2.544818e-01 3.285374e-01 -1.544114e+01 3.589434e-01 8.794921e-01 -3.124954e-01 3.342053e+00 -2.094216e-01 4.021601e-01 8.912967e-01 1.197957e+01
8.836113e-01 4.123520e-01 -2.218041e-01 -1.556295e+01 -3.037346e-01 8.653217e-01 3.987024e-01 3.357048e+00 3.563376e-01 -2.849284e-01 8.898536e-01 1.207826e+01
8.891875e-01 -2.686672e-01 3.703556e-01 -1.565956e+01 3.807738e-01 8.833215e-01 -2.734125e-01 3.363678e+00 -2.536860e-01 3.841368e-01 8.877400e-01 1.214145e+01
8.712666e-01 3.792095e-01 -3.116006e-01 -1.569783e+01 -2.659596e-01 8.983501e-01 3.496179e-01 3.382051e+00 4.125048e-01 -2.217372e-01 8.835567e-01 1.214842e+01
8.783909e-01 -2.439875e-01 4.109737e-01 -1.571761e+01 3.704847e-01 8.908321e-01 -2.629815e-01 3.398338e+00 -3.019443e-01 3.832601e-01 8.728925e-01 1.214532e+01
8.635443e-01 3.882087e-01 -3.218469e-01 -1.572857e+01 -2.648921e-01 8.923011e-01 3.655556e-01 3.412581e+00 4.290961e-01 -2.304188e-01 8.733749e-01 1.215341e+01
8.664705e-01 -2.588646e-01 4.268698e-01 -1.577465e+01 3.896482e-01 8.852160e-01 -2.541002e-01 3.426925e+00 -3.120944e-01 3.864995e-01 8.678797e-01 1.217943e+01
8.509277e-01 3.823493e-01 -3.601823e-01 -1.581555e+01 -2.465884e-01 8.962046e-01 3.687973e-01 3.442934e+00 4.638064e-01 -2.250031e-01 8.568881e-01 1.219714e+01
8.789498e-01 -1.793089e-01 4.419224e-01 -1.588728e+01 3.182998e-01 9.106048e-01 -2.635985e-01 3.470942e+00 -3.551510e-01 3.723537e-01 8.574500e-01 1.226822e+01
8.614488e-01 3.614124e-01 -3.567733e-01 -1.599281e+01 -2.198350e-01 8.986721e-01 3.795538e-01 3.486157e+00 4.577976e-01 -2.485349e-01 8.536110e-01 1.237853e+01
8.808407e-01 -1.689828e-01 4.422266e-01 -1.612593e+01 3.012437e-01 9.206728e-01 -2.482211e-01 3.509447e+00 -3.652009e-01 3.518613e-01 8.618712e-01 1.251938e+01
8.745645e-01 3.305379e-01 -3.547982e-01 -1.623844e+01 -1.915621e-01 9.076710e-01 3.734130e-01 3.512901e+00 4.454671e-01 -2.586078e-01 8.571354e-01 1.262864e+01
8.835663e-01 -1.877692e-01 4.290143e-01 -1.631246e+01 3.232132e-01 9.074354e-01 -2.685038e-01 3.522359e+00 -3.388860e-01 3.759040e-01 8.624688e-01 1.269255e+01
8.728067e-01 3.224329e-01 -3.663955e-01 -1.639094e+01 -1.825819e-01 9.119044e-01 3.675516e-01 3.547703e+00 4.526283e-01 -2.539043e-01 8.547867e-01 1.275884e+01
8.845596e-01 -1.978908e-01 4.223665e-01 -1.645119e+01 3.278624e-01 9.078780e-01 -2.612735e-01 3.555537e+00 -3.317535e-01 3.695901e-01 8.679532e-01 1.279119e+01
8.829551e-01 3.092714e-01 -3.531879e-01 -1.646870e+01 -1.833264e-01 9.197455e-01 3.470730e-01 3.570417e+00 4.321827e-01 -2.417012e-01 8.687915e-01 1.278650e+01
8.934316e-01 -1.806498e-01 4.112731e-01 -1.648174e+01 3.085929e-01 9.121538e-01 -2.697145e-01 3.583667e+00 -3.264204e-01 3.678875e-01 8.706943e-01 1.279233e+01
8.945081e-01 2.978776e-01 -3.333531e-01 -1.649312e+01 -1.753355e-01 9.196887e-01 3.513262e-01 3.599696e+00 4.112332e-01 -2.558155e-01 8.748975e-01 1.280138e+01
9.041507e-01 -1.690147e-01 3.923589e-01 -1.650275e+01 2.908849e-01 9.161889e-01 -2.756517e-01 3.618526e+00 -3.128856e-01 3.633620e-01 8.775367e-01 1.282698e+01
8.742410e-01 3.238549e-01 -3.616917e-01 -1.655325e+01 -1.985509e-01 9.183486e-01 3.423644e-01 3.643078e+00 4.430353e-01 -2.274948e-01 8.671596e-01 1.289443e+01
8.925871e-01 -1.610213e-01 4.211417e-01 -1.666950e+01 2.736098e-01 9.358507e-01 -2.220837e-01 3.659878e+00 -3.583655e-01 3.134576e-01 8.793853e-01 1.301967e+01
8.826567e-01 3.146551e-01 -3.491555e-01 -1.675921e+01 -1.942990e-01 9.206792e-01 3.385228e-01 3.664528e+00 4.279780e-01 -2.309589e-01 8.737808e-01 1.308613e+01
8.855255e-01 -1.790950e-01 4.286834e-01 -1.675268e+01 3.123282e-01 9.125784e-01 -2.639161e-01 3.683313e+00 -3.439411e-01 3.675944e-01 8.640479e-01 1.307891e+01
8.688625e-01 3.361538e-01 -3.634264e-01 -1.676881e+01 -1.954445e-01 9.074032e-01 3.720496e-01 3.695163e+00 4.548401e-01 -2.522303e-01 8.541079e-01 1.310294e+01
8.810464e-01 -2.008215e-01 4.282847e-01 -1.684604e+01 3.266815e-01 9.131303e-01 -2.438692e-01 3.704583e+00 -3.421055e-01 3.547728e-01 8.701150e-01 1.316195e+01
8.694549e-01 3.549708e-01 -3.435754e-01 -1.689293e+01 -2.212070e-01 9.016050e-01 3.717202e-01 3.713702e+00 4.417190e-01 -2.471927e-01 8.624269e-01 1.320441e+01
8.750957e-01 -2.217771e-01 4.301422e-01 -1.694530e+01 3.370155e-01 9.171429e-01 -2.127659e-01 3.725303e+00 -3.473152e-01 3.311552e-01 8.773302e-01 1.324165e+01
8.726716e-01 3.508545e-01 -3.396256e-01 -1.693301e+01 -2.389480e-01 9.133821e-01 3.296014e-01 3.739347e+00 4.258500e-01 -2.064809e-01 8.809185e-01 1.322513e+01
8.611405e-01 -2.435148e-01 4.462482e-01 -1.693010e+01 3.599341e-01 9.119577e-01 -1.969279e-01 3.751455e+00 -3.590046e-01 3.302026e-01 8.729730e-01 1.320645e+01
8.681634e-01 3.651150e-01 -3.361303e-01 -1.694906e+01 -2.624814e-01 9.126300e-01 3.133848e-01 3.769060e+00 4.211840e-01 -1.838413e-01 8.881478e-01 1.319933e+01
8.802258e-01 -2.365469e-01 4.113975e-01 -1.694610e+01 3.378700e-01 9.211358e-01 -1.932683e-01 3.775946e+00 -3.332359e-01 3.091187e-01 8.907297e-01 1.320169e+01
8.593787e-01 4.050294e-01 -3.121211e-01 -1.700287e+01 -3.061881e-01 8.964750e-01 3.202833e-01 3.797953e+00 4.095329e-01 -1.796769e-01 8.944267e-01 1.328030e+01
8.779244e-01 -2.600645e-01 4.020137e-01 -1.707443e+01 3.458076e-01 9.251261e-01 -1.567124e-01 3.807366e+00 -3.311580e-01 2.766010e-01 9.021232e-01 1.335418e+01
8.565404e-01 4.105795e-01 -3.126711e-01 -1.720124e+01 -3.239084e-01 8.993602e-01 2.936574e-01 3.822386e+00 4.017736e-01 -1.502526e-01 9.033284e-01 1.345879e+01
8.878278e-01 -1.605270e-01 4.312687e-01 -1.754010e+01 2.746076e-01 9.368414e-01 -2.166073e-01 3.923085e+00 -3.692590e-01 3.107398e-01 8.758359e-01 1.361283e+01
8.579062e-01 3.328909e-01 -3.913832e-01 -1.743466e+01 -2.548262e-01 9.371162e-01 2.384885e-01 3.921736e+00 4.461621e-01 -1.048661e-01 8.887871e-01 1.340894e+01
8.525739e-01 -1.026195e-01 5.124323e-01 -1.767776e+01 2.619804e-01 9.323536e-01 -2.491647e-01 3.824902e+00 -4.521988e-01 3.466786e-01 8.217847e-01 1.340041e+01
8.858342e-01 1.939520e-01 -4.215218e-01 -1.775269e+01 -5.747102e-02 9.473150e-01 3.151055e-01 3.905786e+00 4.604291e-01 -2.549059e-01 8.503105e-01 1.364972e+01
8.785471e-01 -3.828816e-02 4.761186e-01 -1.788872e+01 2.256593e-01 9.118015e-01 -3.430684e-01 3.819971e+00 -4.209901e-01 4.088424e-01 8.097007e-01 1.378978e+01
8.934564e-01 2.214592e-01 -3.907577e-01 -1.821674e+01 -7.982984e-02 9.344398e-01 3.470584e-01 3.842695e+00 4.419987e-01 -2.788874e-01 8.525602e-01 1.390715e+01
8.675838e-01 -3.007528e-02 4.963806e-01 -1.842949e+01 2.238635e-01 9.149304e-01 -3.358384e-01 3.847176e+00 -4.440533e-01 4.024895e-01 8.005116e-01 1.389416e+01
8.639670e-01 2.218019e-01 -4.520677e-01 -1.873251e+01 -4.959084e-02 9.308778e-01 3.619492e-01 3.838222e+00 5.011007e-01 -2.902938e-01 8.152470e-01 1.399253e+01
8.691249e-01 2.220516e-02 4.940938e-01 -1.915617e+01 1.692613e-01 9.253174e-01 -3.393203e-01 3.818089e+00 -4.647282e-01 3.785428e-01 8.004580e-01 1.413354e+01
8.635940e-01 2.098708e-01 -4.584318e-01 -1.948532e+01 -4.285508e-02 9.365122e-01 3.480061e-01 3.806068e+00 5.023633e-01 -2.808899e-01 8.177604e-01 1.432461e+01
8.402183e-01 5.093125e-02 5.398510e-01 -2.009048e+01 1.567469e-01 9.302634e-01 -3.317233e-01 3.773373e+00 -5.190986e-01 3.633401e-01 7.736411e-01 1.450189e+01
8.411236e-01 1.605624e-01 -5.164600e-01 -2.048457e+01 3.435009e-02 9.371292e-01 3.472880e-01 3.765404e+00 5.397511e-01 -3.098526e-01 7.827261e-01 1.472903e+01
8.261643e-01 7.328796e-02 5.586423e-01 -2.088304e+01 1.379477e-01 9.350164e-01 -3.266723e-01 3.741779e+00 -5.462808e-01 3.469485e-01 7.623673e-01 1.492772e+01
8.183386e-01 8.456419e-02 -5.684813e-01 -2.134148e+01 1.060587e-01 9.499101e-01 2.939767e-01 3.745629e+00 5.648660e-01 -3.008649e-01 7.683793e-01 1.519023e+01
8.245874e-01 1.163271e-01 5.536457e-01 -2.189122e+01 1.065216e-01 9.292025e-01 -3.538868e-01 3.783007e+00 -5.556155e-01 3.507859e-01 7.538174e-01 1.542158e+01
8.119586e-01 1.164573e-01 -5.719800e-01 -2.233089e+01 9.292617e-02 9.416097e-01 3.236293e-01 3.796658e+00 5.762708e-01 -3.159255e-01 7.537261e-01 1.567072e+01
7.925331e-01 1.529843e-01 5.903279e-01 -2.279109e+01 5.883721e-02 9.443239e-01 -3.237138e-01 3.795332e+00 -6.069837e-01 2.912872e-01 7.394068e-01 1.598755e+01
8.010876e-01 9.480943e-02 -5.909907e-01 -2.333790e+01 9.073119e-02 9.567302e-01 2.764690e-01 3.759257e+00 5.916305e-01 -2.750972e-01 7.578225e-01 1.627796e+01
7.850483e-01 1.375142e-01 6.039776e-01 -2.387029e+01 6.315091e-02 9.521986e-01 -2.988809e-01 3.727293e+00 -6.162069e-01 2.727777e-01 7.388378e-01 1.652086e+01
7.887026e-01 1.077775e-01 -6.052540e-01 -2.434803e+01 6.640311e-02 9.638184e-01 2.581563e-01 3.712107e+00 6.111783e-01 -2.437993e-01 7.530093e-01 1.682038e+01
7.664902e-01 1.279279e-01 6.293863e-01 -2.484588e+01 6.298572e-02 9.602653e-01 -2.718883e-01 3.661659e+00 -6.391599e-01 2.480421e-01 7.279764e-01 1.705690e+01
7.700460e-01 8.855114e-02 -6.318133e-01 -2.534980e+01 7.527174e-02 9.707940e-01 2.278008e-01 3.600024e+00 6.335325e-01 -2.229748e-01 7.408906e-01 1.739074e+01
7.436924e-01 1.302984e-01 6.557011e-01 -2.585030e+01 5.343210e-02 9.660990e-01 -2.525819e-01 3.566451e+00 -6.663832e-01 2.228788e-01 7.115184e-01 1.768150e+01
7.722385e-01 8.896833e-02 -6.290727e-01 -2.634496e+01 4.937187e-02 9.787489e-01 1.990302e-01 3.577388e+00 6.334115e-01 -1.847573e-01 7.514350e-01 1.790929e+01
7.070319e-01 1.261594e-01 6.958374e-01 -2.687948e+01 6.030487e-02 9.696184e-01 -2.370726e-01 3.635398e+00 -7.046056e-01 2.095803e-01 6.779432e-01 1.811897e+01
7.515085e-01 3.871532e-02 -6.585866e-01 -2.750772e+01 9.669935e-02 9.810305e-01 1.680132e-01 3.656637e+00 6.525981e-01 -1.899482e-01 7.335089e-01 1.849131e+01
7.213518e-01 1.406897e-01 6.781283e-01 -2.806351e+01 2.214291e-02 9.739636e-01 -2.256204e-01 3.634703e+00 -6.922147e-01 1.777675e-01 6.994552e-01 1.876258e+01
7.465424e-01 3.788817e-02 -6.642583e-01 -2.851683e+01 8.855255e-02 9.838370e-01 1.556381e-01 3.614076e+00 6.594187e-01 -1.750122e-01 7.311209e-01 1.900576e+01
7.260310e-01 1.357969e-01 6.741203e-01 -2.892781e+01 -2.739533e-03 9.808710e-01 -1.946393e-01 3.624330e+00 -6.876564e-01 1.394675e-01 7.125148e-01 1.920231e+01
7.338134e-01 1.749572e-02 -6.791259e-01 -2.933783e+01 9.156585e-02 9.879992e-01 1.243921e-01 3.635676e+00 6.731520e-01 -1.534654e-01 7.234049e-01 1.941987e+01
7.202105e-01 1.369191e-01 6.801103e-01 -2.969448e+01 -3.379493e-02 9.860914e-01 -1.627314e-01 3.650871e+00 -6.929319e-01 9.421668e-02 7.148206e-01 1.962025e+01
7.168238e-01 4.172744e-03 -6.972420e-01 -3.004057e+01 8.566103e-02 9.918799e-01 9.400270e-02 3.667780e+00 6.919725e-01 -1.271098e-01 7.106456e-01 1.988669e+01
7.254027e-01 1.000182e-01 6.810192e-01 -3.039438e+01 -3.578090e-02 9.935282e-01 -1.078023e-01 3.674069e+00 -6.873940e-01 5.383269e-02 7.242869e-01 2.016641e+01
7.225897e-01 3.004927e-03 -6.912707e-01 -3.078673e+01 2.734499e-02 9.990837e-01 3.292673e-02 3.664643e+00 6.907361e-01 -4.269532e-02 7.218453e-01 2.039909e+01
7.243493e-01 5.432206e-02 6.872897e-01 -3.102724e+01 -2.382322e-02 9.982678e-01 -5.379345e-02 3.685320e+00 -6.890213e-01 2.259188e-02 7.243888e-01 2.064509e+01
7.416387e-01 -3.590402e-02 -6.698381e-01 -3.138847e+01 4.120140e-02 9.991194e-01 -7.936156e-03 3.676470e+00 6.695331e-01 -2.171253e-02 7.424648e-01 2.084787e+01
7.099948e-01 7.878078e-02 6.997863e-01 -3.180716e+01 -5.059620e-02 9.968612e-01 -6.089075e-02 3.668326e+00 -7.023868e-01 7.825673e-03 7.117524e-01 2.102714e+01
7.552957e-01 -1.522358e-01 -6.374581e-01 -3.238361e+01 9.947620e-02 9.880080e-01 -1.180882e-01 3.573979e+00 6.477908e-01 2.577960e-02 7.613819e-01 2.111831e+01
6.909674e-01 1.672253e-01 7.032778e-01 -3.275271e+01 -1.818351e-01 9.818008e-01 -5.480031e-02 3.593520e+00 -6.996427e-01 -9.001530e-02 7.087999e-01 2.130502e+01
6.983591e-01 -2.339392e-01 -6.764371e-01 -3.310428e+01 1.894280e-01 9.717881e-01 -1.405166e-01 3.622910e+00 6.902258e-01 -3.000509e-02 7.229717e-01 2.142162e+01
6.646686e-01 2.235504e-01 7.129101e-01 -3.349259e+01 -1.921338e-01 9.732398e-01 -1.260507e-01 3.643964e+00 -7.220112e-01 -5.319214e-02 6.898336e-01 2.156371e+01
6.860378e-01 -2.307281e-01 -6.900122e-01 -3.383398e+01 2.247792e-01 9.692028e-01 -1.006003e-01 3.670130e+00 6.919729e-01 -8.608473e-02 7.167726e-01 2.175366e+01
6.544109e-01 2.539555e-01 7.122169e-01 -3.412309e+01 -2.181934e-01 9.652675e-01 -1.437018e-01 3.706875e+00 -7.239737e-01 -6.136096e-02 6.870930e-01 2.183906e+01
