9.832759e-01 1.797626e-01 -2.922257e-02 -1.111766e-01 -1.813507e-01 9.811786e-01 -6.633567e-02 -4.636861e-03 1.674789e-02 7.052581e-02 9.973694e-01 2.664884e-01
9.925787e-01 -1.206235e-01 1.540759e-02 -1.927223e-01 1.196856e-01 9.914647e-01 5.170314e-02 5.355256e-02 -2.151270e-02 -4.947538e-02 9.985435e-01 6.332020e-01
9.786678e-01 2.040782e-01 2.369433e-02 -9.136969e-01 -2.038783e-01 9.789389e-01 -1.059378e-02 1.834912e-01 -2.535726e-02 5.537041e-03 9.996632e-01 1.100322e+00
9.946755e-01 -9.691744e-02 3.503851e-02 -1.718965e+00 9.702472e-02 9.952810e-01 -1.370518e-03 6.214055e-02 -3.474033e-02 4.762817e-03 9.993849e-01 1.602668e+00
9.861915e-01 1.602488e-01 -4.179199e-02 -1.853504e+00 -1.601885e-01 9.870747e-01 4.809914e-03 7.200537e-02 4.202259e-02 1.951103e-03 9.991149e-01 1.716235e+00
9.957133e-01 -7.523511e-02 5.380161e-02 -2.011942e+00 7.488474e-02 9.971560e-01 8.501637e-03 8.331536e-02 -5.428821e-02 -4.436277e-03 9.985154e-01 1.800324e+00
9.885502e-01 1.487314e-01 -2.544388e-02 -2.135018e+00 -1.490828e-01 9.887455e-01 -1.251403e-02 9.456219e-02 2.329628e-02 1.616400e-02 9.995980e-01 1.891439e+00
9.963577e-01 -6.018194e-02 6.041106e-02 -2.312049e+00 5.969408e-02 9.981681e-01 9.849797e-03 1.062567e-01 -6.089316e-02 -6.207743e-03 9.981249e-01 1.989452e+00
9.939835e-01 1.078983e-01 -1.883337e-02 -2.368444e+00 -1.081203e-01 9.940748e-01 -1.119525e-02 1.290500e-01 1.751381e-02 1.316417e-02 9.997601e-01 2.093872e+00
9.985514e-01 -5.337046e-02 6.830086e-03 -2.491952e+00 5.324977e-02 9.984403e-01 1.677646e-02 1.375892e-01 -7.714781e-03 -1.638846e-02 9.998358e-01 2.198078e+00
9.943946e-01 1.030378e-01 -2.371895e-02 -2.601893e+00 -1.032306e-01 9.946324e-01 -7.051624e-03 1.477440e-01 2.286504e-02 9.460620e-03 9.996939e-01 2.294248e+00
9.990416e-01 -4.276664e-02 9.324378e-03 -2.694181e+00 4.260564e-02 9.989502e-01 1.683048e-02 1.512024e-01 -1.003436e-02 -1.641708e-02 9.998148e-01 2.381089e+00
9.926636e-01 1.204513e-01 1.050603e-02 -2.835075e+00 -1.202659e-01 9.925998e-01 -1.678255e-02 1.621872e-01 -1.244979e-02 1.539591e-02 9.998041e-01 2.461871e+00
9.986835e-01 -4.822920e-02 1.746825e-02 -2.953812e+00 4.829301e-02 9.988279e-01 -3.249471e-03 1.762421e-01 -1.729104e-02 4.088786e-03 9.998420e-01 2.531030e+00
9.874668e-01 1.578140e-01 2.003688e-03 -3.065133e+00 -1.576526e-01 9.868942e-01 -3.443004e-02 1.798558e-01 -7.410994e-03 3.368264e-02 9.994052e-01 2.582873e+00
9.928486e-01 -1.155882e-01 2.985126e-02 -3.172002e+00 1.144229e-01 9.926984e-01 3.817553e-02 1.988482e-01 -3.404591e-02 -3.448685e-02 9.988250e-01 2.667974e+00
9.858131e-01 1.568760e-01 -5.968663e-02 -3.257290e+00 -1.586119e-01 9.870111e-01 -2.552077e-02 2.076045e-01 5.490775e-02 3.462571e-02 9.978910e-01 2.733857e+00
9.924769e-01 -1.135125e-01 4.587501e-02 -3.336864e+00 1.122483e-01 9.932492e-01 2.926197e-02 2.159177e-01 -4.888690e-02 -2.389244e-02 9.985184e-01 2.776602e+00
9.851857e-01 1.625368e-01 -5.468960e-02 -3.425431e+00 -1.635164e-01 9.864425e-01 -1.391211e-02 2.246621e-01 5.168689e-02 2.264866e-02 9.984066e-01 2.828465e+00
9.932756e-01 -1.055197e-01 4.763607e-02 -3.495824e+00 1.047358e-01 9.943248e-01 1.866984e-02 2.294312e-01 -4.933574e-02 -1.355510e-02 9.986902e-01 2.875066e+00
9.872981e-01 1.490764e-01 -5.494356e-02 -3.603181e+00 -1.497256e-01 9.886963e-01 -7.872061e-03 2.380304e-01 5.314894e-02 1.599852e-02 9.984585e-01 2.943264e+00
9.928332e-01 -1.179293e-01 1.936441e-02 -3.686639e+00 1.181729e-01 9.929211e-01 -1.195356e-02 2.513899e-01 -1.781764e-02 1.415624e-02 9.997409e-01 2.973684e+00
9.883642e-01 1.461843e-01 -4.202685e-02 -3.759007e+00 -1.463866e-01 9.892259e-01 -1.760143e-03 2.605492e-01 4.131673e-02 7.891832e-03 9.991150e-01 3.006772e+00
9.922900e-01 -1.235183e-01 1.019056e-02 -3.831859e+00 1.235695e-01 9.923254e-01 -4.558636e-03 2.711297e-01 -9.549261e-03 5.782728e-03 9.999376e-01 3.051239e+00
9.847922e-01 1.698630e-01 -3.648018e-02 -3.903322e+00 -1.697592e-01 9.854676e-01 5.946190e-03 2.741885e-01 3.696007e-02 3.370877e-04 9.993168e-01 3.086589e+00
9.899613e-01 -1.405836e-01 1.459213e-02 -3.974565e+00 1.409279e-01 9.896756e-01 -2.610578e-02 2.922997e-01 -1.077142e-02 2.790014e-02 9.995526e-01 3.136170e+00
9.876452e-01 1.460196e-01 -5.687981e-02 -4.067709e+00 -1.454824e-01 9.892688e-01 1.349474e-02 3.040754e-01 5.823991e-02 -5.052999e-03 9.982899e-01 3.179786e+00
9.967248e-01 -6.543980e-02 4.751208e-02 -4.153967e+00 6.680083e-02 9.973833e-01 -2.764504e-02 3.119095e-01 -4.557867e-02 3.072834e-02 9.984879e-01 3.234252e+00
9.796198e-01 1.997550e-01 2.104600e-02 -4.367010e+00 -1.985550e-01 9.788748e-01 -4.878582e-02 3.228448e-01 -3.034662e-02 4.361278e-02 9.985876e-01 3.292840e+00
9.917889e-01 -1.058529e-01 7.176356e-02 -4.544074e+00 1.087767e-01 9.933347e-01 -3.812878e-02 3.187458e-01 -6.724918e-02 4.562188e-02 9.966925e-01 3.409662e+00
9.771218e-01 2.125293e-01 -8.013293e-03 -4.701847e+00 -2.126658e-01 9.759210e-01 -4.849249e-02 3.022249e-01 -2.485766e-03 4.908725e-02 9.987915e-01 3.472160e+00
9.886834e-01 -1.263073e-01 8.094228e-02 -4.800298e+00 1.267494e-01 9.919347e-01 -3.270252e-04 2.968277e-01 -8.024812e-02 1.058268e-02 9.967186e-01 3.529862e+00
9.794895e-01 2.005761e-01 -1.922422e-02 -4.870158e+00 -2.012218e-01 9.786672e-01 -4.147553e-02 2.873646e-01 1.049506e-02 4.449321e-02 9.989546e-01 3.586324e+00
9.911657e-01 -1.059497e-01 7.978280e-02 -4.980289e+00 1.056718e-01 9.943712e-01 7.708482e-03 2.768990e-01 -8.015038e-02 7.903730e-04 9.967824e-01 3.653273e+00
9.784304e-01 2.041610e-01 -3.150013e-02 -5.112874e+00 -2.059825e-01 9.757645e-01 -7.385701e-02 2.670166e-01 1.565793e-02 7.875246e-02 9.967713e-01 3.688891e+00
9.880782e-01 -1.349631e-01 7.407083e-02 -5.205790e+00 1.330431e-01 9.906472e-01 3.029295e-02 2.608378e-01 -7.746643e-02 -2.007723e-02 9.967927e-01 3.730657e+00
9.764538e-01 2.106575e-01 -4.649108e-02 -5.344306e+00 -2.135380e-01 9.744557e-01 -6.955300e-02 2.604327e-01 3.065156e-02 7.784294e-02 9.964944e-01 3.781822e+00
9.896827e-01 -1.039275e-01 9.862663e-02 -5.494804e+00 1.005346e-01 9.941774e-01 3.878292e-02 2.578947e-01 -1.020829e-01 -2.846744e-02 9.943684e-01 3.860234e+00
9.850820e-01 1.716143e-01 -1.273011e-02 -5.645660e+00 -1.719756e-01 9.791060e-01 -1.085166e-01 2.608833e-01 -6.158966e-03 1.090871e-01 9.940132e-01 3.911868e+00
9.924696e-01 -9.748926e-02 7.416088e-02 -5.685206e+00 9.319535e-02 9.938793e-01 5.931726e-02 2.379404e-01 -7.948968e-02 -5.195918e-02 9.954805e-01 3.924041e+00
9.943572e-01 1.059435e-01 5.448606e-03 -5.692089e+00 -1.053995e-01 9.924644e-01 -6.249327e-02 1.531084e-01 -1.202839e-02 6.156639e-02 9.980306e-01 4.156574e+00
9.979209e-01 -6.437943e-02 3.017069e-03 -5.821665e+00 6.412036e-02 9.964561e-01 5.444098e-02 1.746783e-01 -6.511170e-03 -5.413438e-02 9.985124e-01 4.255443e+00
9.930154e-01 1.176535e-01 8.841451e-03 -5.917871e+00 -1.161119e-01 9.878017e-01 -1.037590e-01 1.929186e-01 -2.094129e-02 1.020077e-01 9.945632e-01 4.331790e+00
9.986376e-01 -4.277104e-02 2.989219e-02 -5.995039e+00 4.120243e-02 9.978352e-01 5.125678e-02 1.972681e-01 -3.201969e-02 -4.995536e-02 9.982380e-01 4.387741e+00
9.887667e-01 1.492625e-01 7.817240e-03 -6.061079e+00 -1.476735e-01 9.836426e-01 -1.031497e-01 2.138695e-01 -2.308585e-02 1.008366e-01 9.946352e-01 4.442343e+00
9.945866e-01 -1.039099e-01 -4.348640e-04 -6.146281e+00 1.037361e-01 9.926625e-01 6.212864e-02 2.298593e-01 -6.024016e-03 -6.183747e-02 9.980680e-01 4.509514e+00
9.754525e-01 2.157883e-01 4.390696e-02 -6.266127e+00 -2.071468e-01 9.668146e-01 -1.495319e-01 2.317308e-01 -7.471723e-02 1.367661e-01 9.877816e-01 4.555199e+00
9.940197e-01 -1.090816e-01 -5.091240e-03 -6.390561e+00 1.091712e-01 9.915961e-01 6.941817e-02 2.105017e-01 -2.523700e-03 -6.955888e-02 9.975746e-01 4.596538e+00
9.818670e-01 1.653219e-01 9.276840e-02 -6.542671e+00 -1.475249e-01 9.736744e-01 -1.737658e-01 2.122537e-01 -1.190536e-01 1.569292e-01 9.804078e-01 4.621833e+00
9.939928e-01 -1.084734e-01 1.455363e-02 -6.684465e+00 1.075550e-01 9.927575e-01 5.351986e-02 2.020804e-01 -2.025362e-02 -5.163308e-02 9.984607e-01 4.614290e+00
9.883813e-01 1.416471e-01 5.512461e-02 -6.938671e+00 -1.282119e-01 9.717492e-01 -1.981546e-01 1.643734e-01 -8.163541e-02 1.887847e-01 9.786195e-01 4.708158e+00
9.941043e-01 -1.050425e-01 2.687896e-02 -7.373359e+00 1.022992e-01 9.908035e-01 8.856219e-02 1.492476e-01 -3.593449e-02 -8.529040e-02 9.957079e-01 4.918942e+00
9.925598e-01 1.157388e-01 3.781192e-02 -7.740029e+00 -1.069997e-01 9.773191e-01 -1.827523e-01 1.472070e-01 -5.810592e-02 1.773467e-01 9.824316e-01 5.037410e+00
9.970174e-01 -7.469824e-02 1.939844e-02 -8.111057e+00 7.299747e-02 9.943454e-01 7.712725e-02 1.886879e-01 -2.504996e-02 -7.548121e-02 9.968325e-01 5.183726e+00
9.957036e-01 9.229647e-02 -7.471413e-03 -8.447207e+00 -9.183366e-02 9.739119e-01 -2.075146e-01 1.897078e-01 -1.187643e-02 2.073091e-01 9.782034e-01 5.261976e+00
9.975446e-01 -6.837382e-02 1.515590e-02 -8.693220e+00 6.639407e-02 9.921501e-01 1.059719e-01 2.305712e-01 -2.228259e-02 -1.047055e-01 9.942536e-01 5.331669e+00
9.927078e-01 1.197879e-01 1.350239e-02 -8.919695e+00 -1.126473e-01 9.616995e-01 -2.498893e-01 2.347288e-01 -4.291900e-02 2.465460e-01 9.681803e-01 5.395686e+00
9.947517e-01 -1.019345e-01 8.849183e-03 -9.163893e+00 1.003556e-01 9.888751e-01 1.097939e-01 2.531598e-01 -1.994249e-02 -1.083297e-01 9.939150e-01 5.435578e+00
9.903347e-01 1.378448e-01 1.536602e-02 -9.388800e+00 -1.314775e-01 9.682763e-01 -2.124962e-01 2.810956e-01 -4.417008e-02 2.084220e-01 9.770411e-01 5.504583e+00
9.952722e-01 -9.675709e-02 8.436889e-03 -9.639194e+00 9.546132e-02 9.905392e-01 9.858568e-02 3.191024e-01 -1.789591e-02 -9.731421e-02 9.950928e-01 5.580605e+00
9.900628e-01 1.404399e-01 7.238040e-03 -9.875970e+00 -1.353619e-01 9.656869e-01 -2.216437e-01 3.409099e-01 -3.811732e-02 2.184614e-01 9.751009e-01 5.621745e+00
9.899774e-01 -1.402805e-01 1.630860e-02 -1.022392e+01 1.380767e-01 9.856790e-01 9.680743e-02 3.548229e-01 -2.965523e-02 -9.358534e-02 9.951695e-01 5.638960e+00
9.788696e-01 2.003959e-01 4.069429e-02 -1.041081e+01 -1.898429e-01 9.645480e-01 -1.833217e-01 3.340459e-01 -7.598853e-02 1.717225e-01 9.822103e-01 5.648211e+00
9.911704e-01 -1.319836e-01 1.270303e-02 -1.057446e+01 1.299022e-01 9.857900e-01 1.065055e-01 3.323778e-01 -2.657951e-02 -1.039149e-01 9.942310e-01 5.663062e+00
9.843813e-01 1.751099e-01 1.817246e-02 -1.092166e+01 -1.670593e-01 9.616840e-01 -2.173825e-01 4.280835e-01 -5.554197e-02 2.109514e-01 9.759173e-01 5.718410e+00
9.847389e-01 -1.668663e-01 -4.944444e-02 -1.111944e+01 1.716299e-01 9.781941e-01 1.169596e-01 4.730236e-01 2.884962e-02 -1.236608e-01 9.919051e-01 5.898444e+00
9.660059e-01 2.559032e-01 3.669342e-02 -1.124411e+01 -2.335841e-01 9.248095e-01 -3.002763e-01 4.069780e-01 -1.107761e-01 2.814976e-01 9.531462e-01 5.889762e+00
9.859322e-01 -1.553053e-01 -6.178787e-02 -1.132249e+01 1.649579e-01 9.637126e-01 2.098735e-01 4.322657e-01 2.695125e-02 -2.171135e-01 9.757742e-01 5.909820e+00
9.644041e-01 2.643502e-01 6.621593e-03 -1.129226e+01 -2.517560e-01 9.255422e-01 -2.828262e-01 4.387140e-01 -8.089369e-02 2.710917e-01 9.591483e-01 5.894365e+00
9.782646e-01 -1.962760e-01 -6.688764e-02 -1.128813e+01 2.061061e-01 9.557952e-01 2.097041e-01 4.570630e-01 2.277095e-02 -2.189321e-01 9.754744e-01 5.903389e+00
9.570696e-01 2.837135e-01 5.936925e-02 -1.138307e+01 -2.574014e-01 9.260583e-01 -2.759718e-01 4.763114e-01 -1.332763e-01 2.488425e-01 9.593304e-01 5.933223e+00
9.666244e-01 -2.311174e-01 -1.105527e-01 -1.139548e+01 2.500784e-01 9.449180e-01 2.111653e-01 4.665366e-01 5.565924e-02 -2.317644e-01 9.711783e-01 5.989827e+00
9.614672e-01 2.651872e-01 7.250289e-02 -1.143952e+01 -2.384884e-01 9.357233e-01 -2.598947e-01 4.773353e-01 -1.367634e-01 2.325891e-01 9.629113e-01 5.999096e+00
9.562106e-01 -2.428304e-01 -1.633844e-01 -1.147962e+01 2.730879e-01 9.410513e-01 1.996132e-01 4.920229e-01 1.052809e-01 -2.354906e-01 9.661574e-01 6.038636e+00
9.686360e-01 2.372825e-01 7.376645e-02 -1.151411e+01 -2.117689e-01 9.436022e-01 -2.544974e-01 5.015449e-01 -1.299939e-01 2.308939e-01 9.642560e-01 6.047043e+00
9.631979e-01 -2.420615e-01 -1.168583e-01 -1.154882e+01 2.610288e-01 9.460901e-01 1.917746e-01 5.181690e-01 6.413721e-02 -2.152203e-01 9.744571e-01 6.043670e+00
9.631927e-01 2.570615e-01 7.860938e-02 -1.156367e+01 -2.281412e-01 9.363875e-01 -2.667023e-01 5.327521e-01 -1.421677e-01 2.389517e-01 9.605678e-01 6.038859e+00
9.579321e-01 -2.493171e-01 -1.421510e-01 -1.155737e+01 2.745330e-01 9.404074e-01 2.006629e-01 5.436970e-01 8.365109e-02 -2.312466e-01 9.692923e-01 6.021129e+00
9.654255e-01 2.556511e-01 5.095393e-02 -1.157881e+01 -2.341156e-01 9.362865e-01 -2.618347e-01 5.536684e-01 -1.146458e-01 2.408528e-01 9.637667e-01 6.010941e+00
9.633186e-01 -2.396522e-01 -1.207637e-01 -1.159356e+01 2.603450e-01 9.437331e-01 2.039319e-01 5.644215e-01 6.509593e-02 -2.278916e-01 9.715081e-01 5.995285e+00
9.584843e-01 2.805681e-01 5.088891e-02 -1.163382e+01 -2.565059e-01 9.263259e-01 -2.759076e-01 5.740737e-01 -1.245506e-01 2.513998e-01 9.598361e-01 5.971125e+00
9.503928e-01 -2.750605e-01 -1.452415e-01 -1.166538e+01 3.005378e-01 9.323927e-01 2.008004e-01 5.853092e-01 8.018985e-02 -2.344899e-01 9.688055e-01 5.959681e+00
9.495681e-01 2.999531e-01 9.137188e-02 -1.170133e+01 -2.660021e-01 9.248724e-01 -2.717608e-01 6.028955e-01 -1.660228e-01 2.337503e-01 9.580173e-01 5.941767e+00
9.543108e-01 -2.648920e-01 -1.382859e-01 -1.170541e+01 2.885633e-01 9.371283e-01 1.962694e-01 6.203739e-01 7.760140e-02 -2.272063e-01 9.707499e-01 5.925893e+00
9.533313e-01 2.935363e-01 7.068226e-02 -1.169472e+01 -2.688319e-01 9.318121e-01 -2.438354e-01 6.300661e-01 -1.374371e-01 2.134542e-01 9.672375e-01 5.925882e+00
9.501448e-01 -2.857523e-01 -1.247807e-01 -1.168031e+01 3.047642e-01 9.356574e-01 1.779438e-01 6.350282e-01 6.590413e-02 -2.071011e-01 9.760972e-01 5.904616e+00
9.526480e-01 2.955681e-01 7.142465e-02 -1.168194e+01 -2.684742e-01 9.278656e-01 -2.588184e-01 6.467098e-01 -1.427709e-01 2.273872e-01 9.632817e-01 5.882279e+00
9.524549e-01 -2.652391e-01 -1.499255e-01 -1.170159e+01 2.912824e-01 9.370144e-01 1.927656e-01 6.558118e-01 8.935333e-02 -2.272712e-01 9.697235e-01 5.886248e+00
9.560517e-01 2.833074e-01 7.551290e-02 -1.173632e+01 -2.594731e-01 9.374639e-01 -2.320241e-01 6.675183e-01 -1.365247e-01 2.022335e-01 9.697745e-01 5.900573e+00
9.553703e-01 -2.561579e-01 -1.471410e-01 -1.177214e+01 2.803168e-01 9.432748e-01 1.779187e-01 6.834498e-01 9.321907e-02 -2.112243e-01 9.729823e-01 5.914258e+00
9.620085e-01 2.641731e-01 6.893823e-02 -1.178365e+01 -2.431820e-01 9.438859e-01 -2.234769e-01 7.056154e-01 -1.241064e-01 1.982221e-01 9.722683e-01 5.914896e+00
9.553345e-01 -2.287511e-01 -1.871060e-01 -1.178796e+01 2.639573e-01 9.452020e-01 1.921452e-01 7.130922e-01 1.328995e-01 -2.329509e-01 9.633647e-01 5.970266e+00
9.786050e-01 2.007894e-01 4.490140e-02 -1.181496e+01 -1.779170e-01 9.354368e-01 -3.054563e-01 7.164606e-01 -1.033348e-01 2.909323e-01 9.511469e-01 5.974112e+00
9.716031e-01 -2.092454e-01 -1.104699e-01 -1.183806e+01 2.312398e-01 9.386484e-01 2.558660e-01 7.307941e-01 5.015361e-02 -2.741453e-01 9.603796e-01 5.981459e+00
9.735840e-01 2.262829e-01 3.050156e-02 -1.184564e+01 -2.056005e-01 9.269148e-01 -3.139385e-01 7.465695e-01 -9.931125e-02 2.993744e-01 9.489532e-01 5.989709e+00
9.712733e-01 -2.163126e-01 -9.918080e-02 -1.185726e+01 2.349873e-01 9.375817e-01 2.563620e-01 7.621357e-01 3.753576e-02 -2.723038e-01 9.614789e-01 5.997876e+00
9.720046e-01 2.343654e-01 1.673465e-02 -1.187508e+01 -2.182490e-01 9.269534e-01 -3.051636e-01 7.747438e-01 -8.703204e-02 2.929681e-01 9.521529e-01 5.999022e+00
9.692841e-01 -2.311697e-01 -8.395705e-02 -1.188270e+01 2.454415e-01 9.309995e-01 2.701821e-01 7.855767e-01 1.570606e-02 -2.824898e-01 9.591417e-01 5.996949e+00
9.766873e-01 2.131965e-01 -2.508909e-02 -1.192096e+01 -2.100671e-01 9.251390e-01 -3.162113e-01 8.021648e-01 -4.420423e-02 3.141099e-01 9.483570e-01 6.021268e+00
9.719774e-01 -2.252412e-01 -6.727657e-02 -1.195589e+01 2.350561e-01 9.277293e-01 2.899431e-01 8.190750e-01 -2.892692e-03 -2.976319e-01 9.546763e-01 6.052247e+00
9.723820e-01 2.294385e-01 -4.279482e-02 -1.197869e+01 -2.312204e-01 9.220144e-01 -3.105264e-01 8.308206e-01 -3.178928e-02 3.118453e-01 9.496009e-01 6.080049e+00
9.674437e-01 -2.432257e-01 -6.995481e-02 -1.200701e+01 2.530470e-01 9.247727e-01 2.841878e-01 8.405796e-01 -4.429486e-03 -2.926376e-01 9.562132e-01 6.099911e+00
9.719769e-01 2.311526e-01 -4.277281e-02 -1.202853e+01 -2.333282e-01 9.264919e-01 -2.952469e-01 8.486628e-01 -2.861846e-02 2.969533e-01 9.544631e-01 6.121843e+00
9.685772e-01 -2.422376e-01 -5.638252e-02 -1.204386e+01 2.484117e-01 9.310673e-01 2.672176e-01 8.574734e-01 -1.223422e-02 -2.728270e-01 9.619853e-01 6.137283e+00
9.730517e-01 2.201790e-01 -6.849702e-02 -1.206765e+01 -2.305175e-01 9.361686e-01 -2.654242e-01 8.665998e-01 5.683912e-03 2.740612e-01 9.616955e-01 6.158842e+00
9.674637e-01 -2.480744e-01 -4.972908e-02 -1.209704e+01 2.525572e-01 9.351463e-01 2.484277e-01 8.781173e-01 -1.512458e-02 -2.529043e-01 9.673731e-01 6.186832e+00
9.665316e-01 2.461856e-01 -7.217725e-02 -1.213180e+01 -2.564292e-01 9.356248e-01 -2.425907e-01 8.891941e-01 7.808447e-03 2.529799e-01 9.674400e-01 6.214925e+00
9.688858e-01 -2.459065e-01 -2.810912e-02 -1.216216e+01 2.459369e-01 9.437328e-01 2.210960e-01 9.010554e-01 -2.784140e-02 -2.211298e-01 9.748469e-01 6.243739e+00
9.661986e-01 2.467156e-01 -7.477867e-02 -1.220126e+01 -2.573867e-01 9.395824e-01 -2.256922e-01 9.124574e-01 1.457889e-02 2.373105e-01 9.713244e-01 6.273140e+00
9.672166e-01 -2.528827e-01 -2.328521e-02 -1.224322e+01 2.515112e-01 9.412004e-01 2.255744e-01 9.250930e-01 -3.512778e-02 -2.240358e-01 9.739476e-01 6.306269e+00
9.635968e-01 2.589182e-01 -6.665387e-02 -1.229325e+01 -2.673169e-01 9.375015e-01 -2.227838e-01 9.354214e-01 4.805264e-03 2.324915e-01 9.725866e-01 6.336254e+00
9.698979e-01 -2.424192e-01 -2.303996e-02 -1.233978e+01 2.416785e-01 9.466911e-01 2.129965e-01 9.464127e-01 -2.982267e-02 -2.121532e-01 9.767813e-01 6.360980e+00
9.684264e-01 2.416238e-01 -6.138689e-02 -1.237798e+01 -2.492849e-01 9.412547e-01 -2.278082e-01 9.535096e-01 2.736764e-03 2.359183e-01 9.717691e-01 6.386108e+00
9.676675e-01 -2.505839e-01 -2.876109e-02 -1.240620e+01 2.511453e-01 9.466656e-01 2.018672e-01 9.662069e-01 -2.335750e-02 -2.025636e-01 9.789905e-01 6.409471e+00
9.641744e-01 2.557228e-01 -7.052513e-02 -1.242026e+01 -2.651498e-01 9.370436e-01 -2.272553e-01 9.776168e-01 7.970704e-03 2.378135e-01 9.712781e-01 6.431425e+00
9.561240e-01 -2.917758e-01 -2.633567e-02 -1.244085e+01 2.907399e-01 9.339800e-01 2.077296e-01 9.870184e-01 -3.601344e-02 -2.062722e-01 9.778317e-01 6.449005e+00
9.565464e-01 2.794377e-01 -8.326885e-02 -1.246091e+01 -2.912578e-01 9.291271e-01 -2.277975e-01 9.995116e-01 1.371208e-02 2.421515e-01 9.701415e-01 6.469452e+00
9.487338e-01 -3.158378e-01 -1.226660e-02 -1.248810e+01 3.112045e-01 9.266205e-01 2.110123e-01 1.014253e+00 -5.527912e-02 -2.040119e-01 9.774064e-01 6.489487e+00
9.500480e-01 2.992494e-01 -8.864973e-02 -1.252100e+01 -3.114553e-01 9.273306e-01 -2.074936e-01 1.027733e+00 2.011519e-02 2.247393e-01 9.742113e-01 6.510016e+00
9.421030e-01 -3.352508e-01 6.972618e-03 -1.256440e+01 3.283557e-01 9.265446e-01 1.835694e-01 1.045421e+00 -6.800219e-02 -1.706519e-01 9.829820e-01 6.534416e+00
9.358110e-01 3.376928e-01 -1.011012e-01 -1.258152e+01 -3.514346e-01 9.160865e-01 -1.930786e-01 1.055273e+00 2.741612e-02 2.162155e-01 9.759607e-01 6.548430e+00
9.389690e-01 -3.439842e-01 3.437175e-03 -1.262980e+01 3.370683e-01 9.219946e-01 1.905541e-01 1.065557e+00 -6.871660e-02 -1.777659e-01 9.816707e-01 6.577265e+00
9.202357e-01 3.806583e-01 -9.091533e-02 -1.268239e+01 -3.912420e-01 9.005994e-01 -1.893420e-01 1.076588e+00 9.803624e-03 2.098091e-01 9.776932e-01 6.611452e+00
9.356498e-01 -3.529090e-01 -3.812426e-03 -1.276820e+01 3.459260e-01 9.148878e-01 2.081236e-01 1.084210e+00 -6.996068e-02 -1.960496e-01 9.780951e-01 6.670298e+00
9.234093e-01 3.680249e-01 -1.089636e-01 -1.287612e+01 -3.829616e-01 9.023853e-01 -1.975884e-01 1.095046e+00 2.560969e-02 2.241838e-01 9.742103e-01 6.747856e+00
9.359769e-01 -3.520549e-01 -2.085157e-03 -1.295564e+01 3.450460e-01 9.161342e-01 2.040625e-01 1.104432e+00 -6.993085e-02 -1.917173e-01 9.789556e-01 6.810624e+00
9.237729e-01 3.701709e-01 -9.806775e-02 -1.307631e+01 -3.822872e-01 9.064004e-01 -1.797074e-01 1.115550e+00 2.236612e-02 2.034989e-01 9.788197e-01 6.903326e+00
9.339681e-01 -3.570760e-01 -1.414919e-02 -1.317339e+01 3.536894e-01 9.180021e-01 1.793769e-01 1.123719e+00 -5.106212e-02 -1.725367e-01 9.836787e-01 6.993649e+00
9.218511e-01 3.813885e-01 -6.880046e-02 -1.325974e+01 -3.875436e-01 9.075831e-01 -1.615637e-01 1.132600e+00 8.235232e-04 1.756008e-01 9.844611e-01 7.069986e+00
9.335276e-01 -3.578109e-01 -2.230341e-02 -1.335271e+01 3.561372e-01 9.184255e-01 1.722233e-01 1.145898e+00 -4.113928e-02 -1.687183e-01 9.848054e-01 7.156704e+00
9.214152e-01 3.839992e-01 -5.948807e-02 -1.344387e+01 -3.885581e-01 9.088872e-01 -1.514814e-01 1.153422e+00 -4.100880e-03 1.626918e-01 9.866684e-01 7.234494e+00
9.385742e-01 -3.447407e-01 -1.523647e-02 -1.354225e+01 3.428913e-01 9.267570e-01 1.534503e-01 1.164235e+00 -3.877999e-02 -1.492490e-01 9.880389e-01 7.316144e+00
9.208023e-01 3.870656e-01 -4.799419e-02 -1.364529e+01 -3.898171e-01 9.092428e-01 -1.460140e-01 1.172695e+00 -1.287871e-02 1.531589e-01 9.881177e-01 7.402686e+00
9.389772e-01 -3.433124e-01 -2.140897e-02 -1.373686e+01 3.422663e-01 9.262859e-01 1.576331e-01 1.179695e+00 -3.428648e-02 -1.553414e-01 9.872656e-01 7.491833e+00
9.211382e-01 3.867711e-01 -4.373418e-02 -1.383061e+01 -3.888356e-01 9.092699e-01 -1.484420e-01 1.189382e+00 -1.764699e-02 1.537410e-01 9.879536e-01 7.581136e+00
9.381169e-01 -3.454539e-01 -2.445582e-02 -1.391902e+01 3.449258e-01 9.256857e-01 1.553456e-01 1.201577e+00 -3.102624e-02 -1.541678e-01 9.875574e-01 7.665154e+00
9.212487e-01 3.875876e-01 -3.281634e-02 -1.400414e+01 -3.880424e-01 9.099285e-01 -1.464693e-01 1.219525e+00 -2.690924e-02 1.476687e-01 9.886708e-01 7.760872e+00
9.369379e-01 -3.470880e-01 -4.095332e-02 -1.409286e+01 3.491633e-01 9.244892e-01 1.529858e-01 1.240455e+00 -1.523856e-02 -1.576376e-01 9.873794e-01 7.864963e+00
9.221693e-01 3.863637e-01 -1.808339e-02 -1.420010e+01 -3.845805e-01 9.109206e-01 -1.494037e-01 1.264925e+00 -4.125172e-02 1.447300e-01 9.886109e-01 7.986417e+00
9.384581e-01 -3.409126e-01 -5.545188e-02 -1.431606e+01 3.453773e-01 9.277720e-01 1.412571e-01 1.278390e+00 3.290474e-03 -1.517157e-01 9.884187e-01 8.089242e+00
9.189917e-01 3.941741e-01 9.015640e-03 -1.443329e+01 -3.882474e-01 9.086845e-01 -1.534814e-01 1.297378e+00 -6.869083e-02 1.375478e-01 9.881104e-01 8.191864e+00
9.376251e-01 -3.419388e-01 -6.274478e-02 -1.455257e+01 3.475267e-01 9.266708e-01 1.432008e-01 1.312434e+00 9.177925e-03 -1.560742e-01 9.877027e-01 8.301361e+00
9.288458e-01 3.695744e-01 2.569682e-02 -1.462074e+01 -3.629846e-01 9.217646e-01 -1.363535e-01 1.327712e+00 -7.407926e-02 1.173238e-01 9.903269e-01 8.371361e+00
9.289786e-01 -3.656021e-01 -5.773823e-02 -1.462172e+01 3.697275e-01 9.239025e-01 9.851814e-02 1.340718e+00 1.732613e-02 -1.128687e-01 9.934588e-01 8.372017e+00
9.265063e-01 3.762187e-01 6.759359e-03 -1.463774e+01 -3.724760e-01 9.195408e-01 -1.253249e-01 1.352832e+00 -5.336515e-02 1.135966e-01 9.920928e-01 8.367796e+00
9.280363e-01 -3.701338e-01 -4.182650e-02 -1.465621e+01 3.723680e-01 9.247341e-01 7.879646e-02 1.366003e+00 9.513245e-03 -8.870083e-02 9.960129e-01 8.374581e+00
9.290899e-01 3.696556e-01 -1.211486e-02 -1.466598e+01 -3.686368e-01 9.228798e-01 -1.113541e-01 1.386325e+00 -2.998218e-02 1.079239e-01 9.937070e-01 8.398631e+00
9.350759e-01 -3.533942e-01 -2.730516e-02 -1.468912e+01 3.544401e-01 9.327753e-01 6.559264e-02 1.405209e+00 2.289609e-03 -7.101214e-02 9.974728e-01 8.401931e+00
9.273505e-01 3.731372e-01 -2.810234e-02 -1.468556e+01 -3.741928e-01 9.245399e-01 -7.215085e-02 1.410860e+00 -9.405160e-04 7.742478e-02 9.969978e-01 8.392682e+00
9.196009e-01 -3.928471e-01 -2.272631e-03 -1.471498e+01 3.927431e-01 9.191895e-01 2.904218e-02 1.426548e+00 -9.320067e-03 -2.759978e-02 9.995756e-01 8.402250e+00
9.184383e-01 3.947709e-01 -2.504465e-02 -1.473552e+01 -3.955437e-01 9.171961e-01 -4.792118e-02 1.441729e+00 4.052880e-03 5.391886e-02 9.985371e-01 8.407261e+00
9.153094e-01 -4.027231e-01 4.757946e-03 -1.473429e+01 4.023130e-01 9.148006e-01 3.583347e-02 1.450326e+00 -1.878345e-02 -3.088454e-02 9.993464e-01 8.396406e+00
9.071195e-01 4.184009e-01 -4.555249e-02 -1.473880e+01 -4.200682e-01 9.067570e-01 -3.653142e-02 1.460361e+00 2.602018e-02 5.227347e-02 9.982938e-01 8.376115e+00
9.102240e-01 -4.135809e-01 2.104967e-02 -1.474466e+01 4.132127e-01 9.104199e-01 1.976749e-02 1.469931e+00 -2.733940e-02 -9.294859e-03 9.995830e-01 8.368303e+00
9.061256e-01 4.213233e-01 -3.772500e-02 -1.475129e+01 -4.220062e-01 9.065124e-01 -1.208241e-02 1.481514e+00 2.910750e-02 2.686833e-02 9.992151e-01 8.369802e+00
9.055650e-01 -4.238774e-01 1.673017e-02 -1.475679e+01 4.239381e-01 9.056912e-01 -8.577334e-05 1.493271e+00 -1.511591e-02 7.170226e-03 9.998600e-01 8.363783e+00
8.964046e-01 4.410264e-01 -4.421106e-02 -1.477926e+01 -4.420944e-01 8.967920e-01 -1.779146e-02 1.503154e+00 3.180154e-02 3.549377e-02 9.988638e-01 8.350207e+00
9.091724e-01 -4.149342e-01 3.514500e-02 -1.480215e+01 4.150283e-01 9.097952e-01 4.917494e-03 1.513995e+00 -3.401510e-02 1.011532e-02 9.993701e-01 8.347312e+00
8.964957e-01 4.374622e-01 -7.015908e-02 -1.481857e+01 -4.391928e-01 8.983293e-01 -1.068043e-02 1.528753e+00 5.835359e-02 4.038828e-02 9.974787e-01 8.348567e+00
8.942044e-01 -4.443314e-01 5.448038e-02 -1.484417e+01 4.448645e-01 8.955942e-01 2.583735e-03 1.544150e+00 -4.994025e-02 2.192600e-02 9.985115e-01 8.358461e+00
8.853577e-01 4.606507e-01 -6.279184e-02 -1.487006e+01 -4.620062e-01 8.868383e-01 -8.250506e-03 1.556127e+00 5.188552e-02 3.631483e-02 9.979926e-01 8.360980e+00
8.883659e-01 -4.537995e-01 6.979870e-02 -1.488712e+01 4.551319e-01 8.904166e-01 -3.625358e-03 1.571482e+00 -6.050464e-02 3.498825e-02 9.975545e-01 8.359494e+00
8.818178e-01 4.608116e-01 -1.002507e-01 -1.488649e+01 -4.627793e-01 8.864643e-01 4.049571e-03 1.579859e+00 9.073468e-02 4.282294e-02 9.949540e-01 8.347892e+00
8.755015e-01 -4.734202e-01 9.680080e-02 -1.488866e+01 4.745703e-01 8.801324e-01 1.224566e-02 1.592212e+00 -9.099476e-02 3.521768e-02 9.952284e-01 8.341436e+00
8.661311e-01 4.759445e-01 -1.526231e-01 -1.491066e+01 -4.754853e-01 8.787261e-01 4.188259e-02 1.601275e+00 1.540476e-01 3.629421e-02 9.873966e-01 8.350895e+00
8.751872e-01 -4.634527e-01 1.387766e-01 -1.492559e+01 4.668176e-01 8.843055e-01 9.230663e-03 1.611082e+00 -1.269987e-01 5.670477e-02 9.902807e-01 8.344722e+00
8.726556e-01 4.587281e-01 -1.674538e-01 -1.493023e+01 -4.548332e-01 8.883289e-01 6.323332e-02 1.622145e+00 1.777609e-01 2.098262e-02 9.838500e-01 8.349227e+00
8.825636e-01 -4.488085e-01 1.401871e-01 -1.492621e+01 4.565162e-01 8.893073e-01 -2.693501e-02 1.634793e+00 -1.125806e-01 8.776953e-02 9.897586e-01 8.357194e+00
8.732887e-01 4.640369e-01 -1.484474e-01 -1.492880e+01 -4.553148e-01 8.857448e-01 9.024790e-02 1.646927e+00 1.733648e-01 -1.122219e-02 9.847938e-01 8.366272e+00
8.747512e-01 -4.607272e-01 1.501356e-01 -1.494168e+01 4.702901e-01 8.818605e-01 -3.390149e-02 1.663234e+00 -1.167792e-01 1.002626e-01 9.880840e-01 8.385432e+00
8.647492e-01 4.776787e-01 -1.550225e-01 -1.496400e+01 -4.686418e-01 8.785018e-01 9.278711e-02 1.672372e+00 1.805099e-01 -7.587600e-03 9.835440e-01 8.408985e+00
8.602668e-01 -4.851634e-01 1.567083e-01 -1.497123e+01 4.939341e-01 8.692624e-01 -2.029747e-02 1.682156e+00 -1.263729e-01 9.486480e-02 9.874363e-01 8.411260e+00
8.435549e-01 5.151430e-01 -1.517992e-01 -1.496571e+01 -5.066620e-01 8.571027e-01 9.310507e-02 1.689459e+00 1.780698e-01 -1.628395e-03 9.840166e-01 8.383433e+00
8.547476e-01 -4.761015e-01 2.067216e-01 -1.499059e+01 4.931350e-01 8.691550e-01 -3.724822e-02 1.696387e+00 -1.619391e-01 1.337795e-01 9.776905e-01 8.378575e+00
8.528491e-01 4.831885e-01 -1.979326e-01 -1.502195e+01 -4.604730e-01 8.746990e-01 1.512157e-01 1.706856e+00 2.461971e-01 -3.782157e-02 9.684816e-01 8.390548e+00
8.599086e-01 -4.430434e-01 2.535148e-01 -1.502018e+01 4.719141e-01 8.793179e-01 -6.400827e-02 1.711963e+00 -1.945615e-01 1.746784e-01 9.652114e-01 8.379589e+00
8.550865e-01 4.777032e-01 -2.015611e-01 -1.501999e+01 -4.558440e-01 8.778784e-01 1.467507e-01 1.718799e+00 2.470493e-01 -3.360418e-02 9.684201e-01 8.364574e+00
8.589492e-01 -4.394677e-01 2.628201e-01 -1.505059e+01 4.675815e-01 8.823772e-01 -5.270705e-02 1.731169e+00 -2.087433e-01 1.681625e-01 9.634041e-01 8.357030e+00
8.531366e-01 4.650482e-01 -2.364070e-01 -1.506993e+01 -4.349695e-01 8.842861e-01 1.698225e-01 1.740898e+00 2.880269e-01 -4.205202e-02 9.566986e-01 8.369066e+00
8.695412e-01 -4.216669e-01 2.570894e-01 -1.512279e+01 4.577304e-01 8.835648e-01 -9.897502e-02 1.753697e+00 -1.854206e-01 2.037405e-01 9.613058e-01 8.400670e+00
8.667379e-01 4.488771e-01 -2.174279e-01 -1.518060e+01 -4.073630e-01 8.886315e-01 2.106881e-01 1.762069e+00 2.877863e-01 -9.403930e-02 9.530665e-01 8.427946e+00
8.658833e-01 -4.182504e-01 2.744313e-01 -1.520731e+01 4.565155e-01 8.849855e-01 -9.162075e-02 1.766400e+00 -2.045472e-01 2.046150e-01 9.572319e-01 8.434687e+00
8.578414e-01 4.584055e-01 -2.323201e-01 -1.522931e+01 -4.257610e-01 8.871001e-01 1.782723e-01 1.772275e+00 2.878122e-01 -5.401656e-02 9.561624e-01 8.427532e+00
8.727330e-01 -3.990727e-01 2.812083e-01 -1.522178e+01 4.396315e-01 8.928969e-01 -9.725930e-02 1.782268e+00 -2.122764e-01 2.085094e-01 9.547054e-01 8.424811e+00
8.628994e-01 4.562723e-01 -2.173024e-01 -1.520418e+01 -4.268749e-01 8.882105e-01 1.698822e-01 1.788646e+00 2.705227e-01 -5.383029e-02 9.612075e-01 8.400460e+00
8.717715e-01 -3.986906e-01 2.847108e-01 -1.520877e+01 4.362926e-01 8.961521e-01 -8.099453e-02 1.794021e+00 -2.228524e-01 1.948259e-01 9.551856e-01 8.395145e+00
8.655209e-01 4.417988e-01 -2.359819e-01 -1.520703e+01 -4.087549e-01 8.953190e-01 1.769841e-01 1.805817e+00 2.894704e-01 -5.672470e-02 9.555047e-01 8.399091e+00
8.717636e-01 -3.899977e-01 2.965299e-01 -1.521007e+01 4.318613e-01 8.975182e-01 -8.920136e-02 1.818676e+00 -2.313526e-01 2.058223e-01 9.508486e-01 8.401218e+00
8.720761e-01 4.277408e-01 -2.377419e-01 -1.520586e+01 -3.949783e-01 9.020438e-01 1.740954e-01 1.831251e+00 2.889212e-01 -5.792150e-02 9.555992e-01 8.394286e+00
8.727897e-01 -3.899918e-01 2.935040e-01 -1.520258e+01 4.294092e-01 8.993917e-01 -8.186797e-02 1.843069e+00 -2.320471e-01 1.974868e-01 9.524458e-01 8.399027e+00
8.721003e-01 4.249009e-01 -2.426941e-01 -1.521289e+01 -3.938431e-01 9.038459e-01 1.671832e-01 1.853292e+00 2.903942e-01 -5.021710e-02 9.555886e-01 8.393640e+00
8.833878e-01 -3.696430e-01 2.880799e-01 -1.522024e+01 4.082287e-01 9.088531e-01 -8.564647e-02 1.867868e+00 -2.301636e-01 1.932615e-01 9.537686e-01 8.402984e+00
8.796680e-01 4.133070e-01 -2.352904e-01 -1.522526e+01 -3.786299e-01 9.079944e-01 1.794033e-01 1.876961e+00 2.877910e-01 -6.872740e-02 9.552241e-01 8.402683e+00
8.866186e-01 -3.696380e-01 2.779842e-01 -1.523763e+01 4.094546e-01 9.068188e-01 -1.001331e-01 1.886330e+00 -2.150682e-01 2.026018e-01 9.553523e-01 8.413357e+00
8.780082e-01 4.147051e-01 -2.390008e-01 -1.525925e+01 -3.813806e-01 9.078543e-01 1.742107e-01 1.898639e+00 2.892239e-01 -6.180814e-02 9.552640e-01 8.424715e+00
8.845473e-01 -3.709236e-01 2.828280e-01 -1.528645e+01 4.093538e-01 9.079793e-01 -8.946037e-02 1.911108e+00 -2.236189e-01 1.949086e-01 9.549896e-01 8.434217e+00
8.875111e-01 3.821334e-01 -2.574843e-01 -1.532791e+01 -3.372911e-01 9.194731e-01 2.019999e-01 1.921263e+00 3.139407e-01 -9.243002e-02 9.449328e-01 8.454075e+00
8.951845e-01 -3.431628e-01 2.844009e-01 -1.535616e+01 3.905371e-01 9.114315e-01 -1.295121e-01 1.935264e+00 -2.147681e-01 2.270063e-01 9.499172e-01 8.475473e+00
8.921139e-01 3.828092e-01 -2.399791e-01 -1.538337e+01 -3.353716e-01 9.169847e-01 2.160208e-01 1.947214e+00 3.027518e-01 -1.122330e-01 9.464382e-01 8.492827e+00
9.025554e-01 -3.326908e-01 2.733323e-01 -1.541593e+01 3.829204e-01 9.104766e-01 -1.562190e-01 1.958878e+00 -1.968899e-01 2.456607e-01 9.491496e-01 8.512518e+00
8.958341e-01 3.688116e-01 -2.479099e-01 -1.543372e+01 -3.156181e-01 9.207632e-01 2.293041e-01 1.975189e+00 3.128362e-01 -1.271736e-01 9.412547e-01 8.534011e+00
9.026052e-01 -2.957742e-01 3.127642e-01 -1.543920e+01 3.609985e-01 9.158677e-01 -1.756885e-01 1.986670e+00 -2.344865e-01 2.714847e-01 9.334409e-01 8.533590e+00
8.971944e-01 3.502948e-01 -2.689531e-01 -1.545604e+01 -2.897701e-01 9.264986e-01 2.400702e-01 1.999305e+00 3.332800e-01 -1.374550e-01 9.327544e-01 8.537655e+00
9.113423e-01 -2.680365e-01 3.124285e-01 -1.547984e+01 3.384500e-01 9.199073e-01 -1.980457e-01 2.013432e+00 -2.343217e-01 2.862288e-01 9.290674e-01 8.552598e+00
9.049679e-01 3.327471e-01 -2.651651e-01 -1.548414e+01 -2.667445e-01 9.292281e-01 2.557002e-01 2.023491e+00 3.314823e-01 -1.606692e-01 9.296801e-01 8.549528e+00
9.135051e-01 -2.628722e-01 3.104940e-01 -1.551820e+01 3.337135e-01 9.207060e-01 -2.023259e-01 2.034655e+00 -2.326878e-01 2.884418e-01 9.287936e-01 8.564040e+00
8.992275e-01 3.384231e-01 -2.772361e-01 -1.552692e+01 -2.689398e-01 9.274498e-01 2.598235e-01 2.046143e+00 3.450528e-01 -1.590806e-01 9.250038e-01 8.571671e+00
9.084188e-01 -2.654362e-01 3.229843e-01 -1.555519e+01 3.414921e-01 9.168009e-01 -2.070246e-01 2.053613e+00 -2.411605e-01 2.983616e-01 9.234835e-01 8.565604e+00
8.995521e-01 3.373244e-01 -2.775217e-01 -1.556929e+01 -2.609839e-01 9.245118e-01 2.777867e-01 2.065002e+00 3.502763e-01 -1.774549e-01 9.196828e-01 8.574852e+00
9.069933e-01 -2.747887e-01 3.191463e-01 -1.559516e+01 3.504870e-01 9.126636e-01 -2.102476e-01 2.077861e+00 -2.334995e-01 3.025497e-01 9.240896e-01 8.591366e+00
9.035387e-01 3.367621e-01 -2.649702e-01 -1.560235e+01 -2.616473e-01 9.232820e-01 2.812314e-01 2.089543e+00 3.393502e-01 -1.847746e-01 9.223339e-01 8.596495e+00
9.052626e-01 -2.721241e-01 3.262639e-01 -1.558839e+01 3.486093e-01 9.147253e-01 -2.043259e-01 2.095998e+00 -2.428398e-01 2.987072e-01 9.229316e-01 8.599169e+00
8.939072e-01 3.679671e-01 -2.559884e-01 -1.560100e+01 -2.916650e-01 9.111205e-01 2.911890e-01 2.103757e+00 3.403842e-01 -1.856331e-01 9.217804e-01 8.618860e+00
8.961639e-01 -2.902925e-01 3.355898e-01 -1.561716e+01 3.729425e-01 9.025587e-01 -2.151781e-01 2.116709e+00 -2.404249e-01 3.179904e-01 9.171029e-01 8.629077e+00
8.917868e-01 3.538151e-01 -2.820127e-01 -1.562472e+01 -2.673700e-01 9.149200e-01 3.023818e-01 2.125181e+00 3.650062e-01 -1.942583e-01 9.105132e-01 8.636560e+00
8.970451e-01 -2.525507e-01 3.626681e-01 -1.563169e+01 3.495163e-01 9.076327e-01 -2.324679e-01 2.134750e+00 -2.704595e-01 3.352925e-01 9.024580e-01 8.627593e+00
8.866394e-01 3.311376e-01 -3.228288e-01 -1.564600e+01 -2.369476e-01 9.247580e-01 2.977895e-01 2.146629e+00 3.971477e-01 -1.875384e-01 8.983892e-01 8.635635e+00
9.101549e-01 -2.108904e-01 3.565716e-01 -1.565375e+01 3.114523e-01 9.158803e-01 -2.532998e-01 2.162383e+00 -2.731584e-01 3.415970e-01 8.992752e-01 8.646881e+00
9.036138e-01 2.787827e-01 -3.252111e-01 -1.566666e+01 -1.764127e-01 9.340499e-01 3.105308e-01 2.172749e+00 3.903340e-01 -2.232285e-01 8.932013e-01 8.651711e+00
9.108184e-01 -1.881839e-01 3.674188e-01 -1.567770e+01 2.965887e-01 9.173975e-01 -2.653620e-01 2.182035e+00 -2.871322e-01 3.506688e-01 8.913957e-01 8.652805e+00
9.074455e-01 2.717420e-01 -3.204667e-01 -1.568447e+01 -1.644570e-01 9.315675e-01 3.242469e-01 2.191714e+00 3.866478e-01 -2.415333e-01 8.900367e-01 8.647076e+00
9.163766e-01 -1.567466e-01 3.683538e-01 -1.568275e+01 2.707166e-01 9.204967e-01 -2.817770e-01 2.203399e+00 -2.949008e-01 3.579332e-01 8.859555e-01 8.640488e+00
9.031680e-01 2.725610e-01 -3.316596e-01 -1.568979e+01 -1.607535e-01 9.311013e-01 3.274276e-01 2.217285e+00 3.980526e-01 -2.424066e-01 8.847560e-01 8.626307e+00
9.162924e-01 -1.312465e-01 3.783948e-01 -1.571021e+01 2.530813e-01 9.219937e-01 -2.930487e-01 2.232912e+00 -3.104160e-01 3.642828e-01 8.780318e-01 8.631647e+00
9.039013e-01 2.361600e-01 -3.566382e-01 -1.571703e+01 -1.147348e-01 9.370798e-01 3.297232e-01 2.246522e+00 4.120659e-01 -2.571184e-01 8.741235e-01 8.631838e+00
9.185226e-01 -1.125279e-01 3.790167e-01 -1.571593e+01 2.372894e-01 9.236897e-01 -3.008173e-01 2.259049e+00 -3.162435e-01 3.662440e-01 8.751315e-01 8.619178e+00
9.095186e-01 2.402149e-01 -3.392236e-01 -1.572321e+01 -1.228112e-01 9.349660e-01 3.328002e-01 2.270268e+00 3.971061e-01 -2.610275e-01 8.798702e-01 8.613505e+00
9.085633e-01 -1.143597e-01 4.017892e-01 -1.573444e+01 2.432516e-01 9.267520e-01 -2.862854e-01 2.281551e+00 -3.396194e-01 3.578442e-01 8.698310e-01 8.611744e+00
9.055783e-01 2.103216e-01 -3.683649e-01 -1.575977e+01 -8.959954e-02 9.436693e-01 3.185282e-01 2.297766e+00 4.146080e-01 -2.554469e-01 8.734112e-01 8.617824e+00
9.102689e-01 -8.249615e-02 4.057153e-01 -1.575633e+01 2.044263e-01 9.417166e-01 -2.671698e-01 2.306555e+00 -3.600284e-01 3.261351e-01 8.740797e-01 8.614787e+00
9.075310e-01 1.660706e-01 -3.857566e-01 -1.576030e+01 -4.965679e-02 9.544870e-01 2.940901e-01 2.317893e+00 4.170393e-01 -2.477403e-01 8.744730e-01 8.608595e+00
9.196819e-01 -4.066160e-02 3.905533e-01 -1.578367e+01 1.632171e-01 9.442141e-01 -2.860417e-01 2.328604e+00 -3.571350e-01 3.268122e-01 8.750132e-01 8.605681e+00
9.143009e-01 1.405696e-01 -3.798606e-01 -1.578058e+01 -1.873575e-02 9.515189e-01 3.070193e-01 2.338801e+00 4.046020e-01 -2.735909e-01 8.726083e-01 8.596314e+00
9.238491e-01 7.153045e-02 3.760135e-01 -1.583079e+01 5.981634e-02 9.433304e-01 -3.264195e-01 2.364161e+00 -3.780539e-01 3.240540e-01 8.672163e-01 8.640749e+00
9.140374e-01 1.206642e-01 -3.872670e-01 -1.590888e+01 1.709076e-02 9.424259e-01 3.339781e-01 2.376515e+00 4.052697e-01 -3.118871e-01 8.593504e-01 8.715549e+00
9.173994e-01 7.651033e-02 3.905438e-01 -1.598799e+01 6.061418e-02 9.430328e-01 -3.271314e-01 2.385317e+00 -3.933246e-01 3.237826e-01 8.605001e-01 8.763769e+00
9.100650e-01 1.113932e-01 -3.992158e-01 -1.609877e+01 2.924132e-02 9.435496e-01 3.299382e-01 2.403985e+00 4.134328e-01 -3.119387e-01 8.554342e-01 8.847023e+00
9.126163e-01 8.020118e-02 4.008730e-01 -1.619264e+01 5.375011e-02 9.485169e-01 -3.121323e-01 2.420336e+00 -4.052682e-01 3.064039e-01 8.613212e-01 8.929014e+00
9.164445e-01 8.836700e-02 -3.902828e-01 -1.624784e+01 4.517637e-02 9.462301e-01 3.203246e-01 2.427389e+00 3.976034e-01 -3.111912e-01 8.631753e-01 8.956240e+00
9.191335e-01 1.280731e-01 3.725464e-01 -1.630581e+01 1.879109e-02 9.303488e-01 -3.661938e-01 2.450929e+00 -3.934977e-01 3.435814e-01 8.527082e-01 8.976918e+00
9.145828e-01 6.660184e-02 -3.988765e-01 -1.637867e+01 8.445210e-02 9.331413e-01 3.494500e-01 2.464101e+00 3.954821e-01 -3.532869e-01 8.478103e-01 9.037034e+00
9.114490e-01 1.430289e-01 3.857504e-01 -1.644109e+01 9.159734e-03 9.303361e-01 -3.665935e-01 2.472991e+00 -4.113110e-01 3.376646e-01 8.466438e-01 9.073872e+00
9.041173e-01 5.245407e-02 -4.240524e-01 -1.649589e+01 9.843246e-02 9.401746e-01 3.261638e-01 2.481936e+00 4.157919e-01 -3.366308e-01 8.448650e-01 9.101814e+00
9.053256e-01 1.303415e-01 4.042236e-01 -1.654909e+01 1.792344e-02 9.391725e-01 -3.429777e-01 2.490402e+00 -4.243399e-01 3.177515e-01 8.479207e-01 9.126931e+00
9.006526e-01 4.723674e-02 -4.319648e-01 -1.659205e+01 9.720715e-02 9.469804e-01 3.062337e-01 2.500249e+00 4.235276e-01 -3.178002e-01 8.483086e-01 9.155372e+00
9.053608e-01 1.222392e-01 4.066687e-01 -1.663909e+01 2.388680e-02 9.414948e-01 -3.361798e-01 2.510581e+00 -4.239708e-01 3.140779e-01 8.494726e-01 9.177999e+00
9.114618e-01 3.711710e-02 -4.097068e-01 -1.669127e+01 9.907547e-02 9.468024e-01 3.061851e-01 2.524752e+00 3.992761e-01 -3.196679e-01 8.592969e-01 9.221824e+00
9.067183e-01 1.192934e-01 4.045132e-01 -1.672416e+01 1.799818e-02 9.473412e-01 -3.197196e-01 2.539215e+00 -4.213524e-01 2.971761e-01 8.568246e-01 9.247022e+00
8.991102e-01 3.640591e-02 -4.362058e-01 -1.674148e+01 1.044425e-01 9.499093e-01 2.945576e-01 2.558345e+00 4.250796e-01 -3.103981e-01 8.502708e-01 9.287225e+00
