9.999969e-01 -1.381051e-03 2.091995e-03 1.208235e-01 1.382112e-03 9.999989e-01 -5.054453e-04 -2.670215e-03 -2.091295e-03 5.083346e-04 9.999978e-01 1.396587e-01
9.999939e-01 1.268135e-03 -3.239733e-03 2.086495e-02 -1.267805e-03 9.999992e-01 1.040006e-04 -5.411198e-04 3.239862e-03 -9.989226e-05 9.999946e-01 4.416226e-01
9.999975e-01 -1.268780e-03 1.832353e-03 -1.373817e-01 1.269702e-03 9.999991e-01 -5.018518e-04 2.412610e-03 -1.831714e-03 5.041768e-04 9.999983e-01 7.292227e-01
9.999935e-01 1.329628e-03 -3.357328e-03 -3.160143e-01 -1.329142e-03 9.999991e-01 1.470785e-04 5.807958e-03 3.357521e-03 -1.426149e-04 9.999943e-01 1.017162e+00
9.999986e-01 -1.178509e-03 1.220151e-03 -5.171228e-01 1.179371e-03 9.999991e-01 -7.062880e-04 9.188529e-03 -1.219317e-03 7.077258e-04 9.999991e-01 1.293502e+00
9.999965e-01 1.096357e-03 -2.402137e-03 -6.511576e-01 -1.095286e-03 9.999993e-01 4.471077e-04 1.073431e-02 2.402625e-03 -4.444749e-04 9.999969e-01 1.515319e+00
9.999969e-01 -1.311099e-03 2.113636e-03 -7.170525e-01 1.312609e-03 9.999989e-01 -7.131382e-04 1.103916e-02 -2.112698e-03 7.159102e-04 9.999976e-01 1.709497e+00
9.999936e-01 1.299079e-03 -3.336673e-03 -8.365142e-01 -1.297561e-03 9.999991e-01 4.570499e-04 1.234746e-02 3.337263e-03 -4.527172e-04 9.999942e-01 1.931312e+00
9.999976e-01 -1.243129e-03 1.802236e-03 -9.970230e-01 1.244728e-03 9.999988e-01 -8.865431e-04 1.444846e-02 -1.801131e-03 8.887841e-04 9.999981e-01 2.164148e+00
9.999943e-01 1.264749e-03 -3.140329e-03 -1.158958e+00 -1.263155e-03 9.999991e-01 5.097361e-04 1.644746e-02 3.140970e-03 -5.057664e-04 9.999948e-01 2.387865e+00
9.999967e-01 -1.295590e-03 2.199418e-03 -1.341059e+00 1.297617e-03 9.999987e-01 -9.206389e-04 1.880649e-02 -2.198222e-03 9.234898e-04 9.999973e-01 2.612348e+00
9.999945e-01 1.279444e-03 -3.056726e-03 -1.517190e+00 -1.277757e-03 9.999990e-01 5.540509e-04 2.076332e-02 3.057431e-03 -5.501421e-04 9.999951e-01 2.807268e+00
9.999955e-01 -1.413396e-03 2.661222e-03 -1.640987e+00 1.415596e-03 9.999987e-01 -8.249785e-04 2.136007e-02 -2.660051e-03 8.287420e-04 9.999962e-01 2.977730e+00
9.999962e-01 9.822663e-04 -2.582008e-03 -1.686000e+00 -9.805959e-04 9.999993e-01 6.481269e-04 2.056288e-02 2.582642e-03 -6.455926e-04 9.999964e-01 3.118848e+00
9.999984e-01 -1.040039e-03 1.480532e-03 -1.791172e+00 1.041306e-03 9.999991e-01 -8.553016e-04 2.149535e-02 -1.479640e-03 8.568419e-04 9.999986e-01 3.327565e+00
9.999983e-01 8.348285e-04 -1.630839e-03 -1.861824e+00 -8.337499e-04 9.999994e-01 6.618826e-04 2.133015e-02 1.631390e-03 -6.605219e-04 9.999984e-01 3.489753e+00
9.999937e-01 -1.620022e-03 3.157945e-03 -1.824532e+00 1.622840e-03 9.999983e-01 -8.901324e-04 1.898942e-02 -3.156496e-03 8.952517e-04 9.999947e-01 3.598071e+00
9.999933e-01 1.439520e-03 -3.353144e-03 -1.912103e+00 -1.437105e-03 9.999987e-01 7.224345e-04 1.872352e-02 3.354178e-03 -7.176110e-04 9.999940e-01 3.745031e+00
9.999943e-01 -1.567576e-03 2.977516e-03 -2.003135e+00 1.570078e-03 9.999984e-01 -8.382848e-04 1.854111e-02 -2.976196e-03 8.429551e-04 9.999953e-01 3.883937e+00
9.999960e-01 1.192231e-03 -2.565166e-03 -2.037492e+00 -1.190481e-03 9.999991e-01 6.835269e-04 1.735473e-02 2.565978e-03 -6.804705e-04 9.999964e-01 4.009160e+00
9.999967e-01 -1.296032e-03 2.219591e-03 -2.130178e+00 1.297951e-03 9.999988e-01 -8.632640e-04 1.763444e-02 -2.218468e-03 8.661422e-04 9.999973e-01 4.176863e+00
9.999999e-01 -1.316428e-04 3.926759e-04 -1.930610e+00 1.313467e-04 9.999997e-01 7.540376e-04 1.315511e-02 -3.927759e-04 -7.539861e-04 9.999995e-01 4.247946e+00
9.999960e-01 -1.464796e-03 2.402161e-03 -1.679719e+00 1.466988e-03 9.999985e-01 -9.113167e-04 8.162197e-03 -2.400822e-03 9.148373e-04 9.999968e-01 4.296291e+00
1.000000e+00 -1.540721e-04 2.469289e-04 -1.445213e+00 1.539263e-04 9.999998e-01 5.904461e-04 3.773997e-03 -2.470202e-04 -5.904083e-04 9.999997e-01 4.365489e+00
9.999956e-01 -1.330003e-03 2.641271e-03 -1.246813e+00 1.332746e-03 9.999986e-01 -1.037018e-03 -3.779440e-04 -2.639888e-03 1.040534e-03 9.999961e-01 4.435722e+00
9.999991e-01 7.227862e-04 -1.127386e-03 -1.197222e+00 -7.217966e-04 9.999994e-01 8.779138e-04 -3.411111e-03 1.128020e-03 -8.770995e-04 9.999989e-01 4.508846e+00
9.999963e-01 -1.273478e-03 2.405050e-03 -1.152645e+00 1.275819e-03 9.999987e-01 -9.720922e-04 -6.286149e-03 -2.403809e-03 9.751573e-04 9.999967e-01 4.584515e+00
9.999999e-01 3.290696e-04 -3.502846e-04 -1.053304e+00 -3.288170e-04 9.999997e-01 7.209673e-04 -9.727516e-03 3.505221e-04 -7.208523e-04 9.999996e-01 4.667252e+00
9.999991e-01 -9.266753e-04 9.914738e-04 -1.041569e+00 9.276028e-04 9.999991e-01 -9.354957e-04 -1.098326e-02 -9.906065e-04 9.364148e-04 9.999992e-01 4.829889e+00
9.999997e-01 2.144821e-06 7.485613e-04 -9.621721e-01 -2.600995e-06 9.999998e-01 6.094254e-04 -1.344287e-02 -7.485592e-04 -6.094275e-04 9.999994e-01 4.953845e+00
9.999987e-01 -1.004388e-03 1.271283e-03 -8.676115e-01 1.005554e-03 9.999991e-01 -9.173611e-04 -1.636947e-02 -1.270362e-03 9.186387e-04 9.999989e-01 5.065068e+00
9.999994e-01 -1.316892e-04 1.050083e-03 -7.396406e-01 1.310448e-04 9.999998e-01 6.137829e-04 -1.989391e-02 -1.050162e-03 -6.136454e-04 9.999992e-01 5.151922e+00
9.999990e-01 -9.329106e-04 1.076188e-03 -6.237407e-01 9.338831e-04 9.999992e-01 -9.035403e-04 -2.317305e-02 -1.075345e-03 9.045449e-04 9.999991e-01 5.237105e+00
9.999999e-01 3.291679e-04 8.975609e-05 -5.818851e-01 -3.292382e-04 9.999996e-01 7.839451e-04 -2.569013e-02 -8.949659e-05 -7.839751e-04 9.999996e-01 5.343415e+00
9.999977e-01 -1.270718e-03 1.732304e-03 -4.840682e-01 1.272456e-03 9.999987e-01 -1.002387e-03 -2.896444e-02 -1.731030e-03 1.004589e-03 9.999981e-01 5.437963e+00
9.999999e-01 3.111033e-04 1.657010e-04 -3.765047e-01 -3.112343e-04 9.999996e-01 7.914086e-04 -3.221857e-02 -1.654529e-04 -7.914607e-04 9.999996e-01 5.535565e+00
9.999996e-01 -7.478373e-04 4.054804e-04 -3.860985e-01 7.482298e-04 9.999993e-01 -9.687878e-04 -3.333566e-02 -4.047575e-04 9.690914e-04 9.999995e-01 5.679107e+00
9.999997e-01 -1.593935e-05 8.085399e-04 -3.128916e-01 1.542905e-05 9.999998e-01 6.311761e-04 -3.583992e-02 -8.085478e-04 -6.311640e-04 9.999994e-01 5.821446e+00
9.999974e-01 -1.529414e-03 1.710357e-03 -6.393808e-02 1.530689e-03 9.999986e-01 -7.439922e-04 -4.109331e-02 -1.709219e-03 7.466088e-04 9.999984e-01 5.871009e+00
9.999992e-01 -3.574806e-04 1.239129e-03 2.274889e-01 3.566425e-04 9.999997e-01 6.765198e-04 -4.689742e-02 -1.239368e-03 -6.760779e-04 9.999989e-01 5.910607e+00
9.999995e-01 -8.117485e-04 5.264158e-04 3.422852e-01 8.123336e-04 9.999991e-01 -1.112368e-03 -4.980290e-02 -5.255151e-04 1.112796e-03 9.999993e-01 6.048219e+00
9.999958e-01 -1.795147e-03 2.293060e-03 7.819762e-01 1.792070e-03 9.999975e-01 1.343228e-03 -5.685718e-02 -2.295462e-03 -1.339114e-03 9.999964e-01 6.042197e+00
9.999933e-01 -2.729589e-03 2.442249e-03 1.506801e+00 2.732491e-03 9.999956e-01 -1.185689e-03 -6.414515e-02 -2.439005e-03 1.192355e-03 9.999964e-01 5.774120e+00
9.999972e-01 -1.623579e-03 1.725329e-03 2.199723e+00 1.621460e-03 9.999979e-01 1.228834e-03 -7.237597e-02 -1.727317e-03 -1.226033e-03 9.999977e-01 5.585743e+00
9.999937e-01 -2.384147e-03 2.632434e-03 2.840446e+00 2.387142e-03 9.999965e-01 -1.135191e-03 -8.007671e-02 -2.629723e-03 1.141469e-03 9.999960e-01 5.402466e+00
9.999999e-01 -2.151623e-04 3.772345e-04 3.259172e+00 2.147575e-04 9.999994e-01 1.072885e-03 -8.688039e-02 -3.774606e-04 -1.072805e-03 9.999993e-01 5.324388e+00
9.999953e-01 -1.781589e-03 2.494427e-03 3.593515e+00 1.784049e-03 9.999979e-01 -9.842804e-04 -9.296278e-02 -2.492673e-03 9.887266e-04 9.999965e-01 5.326284e+00
9.999999e-01 -1.139778e-04 3.017725e-04 3.866769e+00 1.137747e-04 9.999998e-01 6.731492e-04 -9.782354e-02 -3.018440e-04 -6.731155e-04 9.999996e-01 5.414120e+00
9.999914e-01 -2.435415e-03 3.367222e-03 4.280501e+00 2.438264e-03 9.999967e-01 -8.423386e-04 -1.040440e-01 -3.365164e-03 8.505422e-04 9.999941e-01 5.439711e+00
9.999837e-01 -5.166342e-03 2.414254e-03 5.281847e+00 5.157877e-03 9.999806e-01 3.499475e-03 -1.098224e-01 -2.432280e-03 -3.486966e-03 9.999909e-01 4.505628e+00
9.998841e-01 -1.202948e-02 9.326510e-03 6.844851e+00 1.198119e-02 9.999146e-01 5.216904e-03 -9.908571e-02 -9.388478e-03 -5.104557e-03 9.999430e-01 1.613816e+00
9.999573e-01 -8.291167e-03 4.076137e-03 8.728501e+00 8.267676e-03 9.999493e-01 5.746451e-03 -8.084506e-02 -4.123566e-03 -5.712505e-03 9.999751e-01 -1.943221e+00
9.998883e-01 -1.130369e-02 9.777787e-03 1.055346e+01 1.125468e-02 9.999239e-01 5.052982e-03 -6.270264e-02 -9.834170e-03 -4.942374e-03 9.999395e-01 -5.392520e+00
9.999785e-01 -6.104246e-03 2.379539e-03 1.217051e+01 6.091399e-03 9.999670e-01 5.369328e-03 -4.607089e-02 -2.412224e-03 -5.354715e-03 9.999827e-01 -8.455053e+00
9.999003e-01 -1.057124e-02 9.365116e-03 1.374185e+01 1.052991e-02 9.999347e-01 4.451031e-03 -3.149659e-02 -9.411570e-03 -4.351978e-03 9.999463e-01 -1.136276e+01
9.999799e-01 -4.863588e-03 4.056312e-03 1.530692e+01 4.843047e-03 9.999755e-01 5.058513e-03 -2.108810e-02 -4.080801e-03 -5.038762e-03 9.999789e-01 -1.393860e+01
9.999467e-01 -7.470858e-03 7.131441e-03 1.655783e+01 7.450383e-03 9.999681e-01 2.893334e-03 -1.352146e-02 -7.152844e-03 -2.840053e-03 9.999705e-01 -1.601868e+01
9.999817e-01 -4.644166e-03 3.881797e-03 1.776761e+01 4.624110e-03 9.999760e-01 5.159636e-03 -6.131548e-03 -3.905650e-03 -5.141585e-03 9.999791e-01 -1.809419e+01
9.999233e-01 -8.951507e-03 8.562566e-03 1.915423e+01 8.914968e-03 9.999510e-01 4.296148e-03 3.067472e-03 -8.600622e-03 -4.219490e-03 9.999542e-01 -2.040115e+01
9.999625e-01 -7.722550e-03 3.913076e-03 2.070742e+01 7.696753e-03 9.999488e-01 6.565093e-03 1.949236e-02 -3.963556e-03 -6.534720e-03 9.999707e-01 -2.337034e+01
9.999027e-01 -1.083860e-02 8.785447e-03 2.243661e+01 1.079555e-02 9.999296e-01 4.933341e-03 3.861882e-02 -8.838319e-03 -4.838026e-03 9.999493e-01 -2.665118e+01
9.999443e-01 -9.213066e-03 5.152103e-03 2.428751e+01 9.176809e-03 9.999333e-01 7.017088e-03 5.798238e-02 -5.216387e-03 -6.969407e-03 9.999620e-01 -3.020229e+01
9.999047e-01 -1.173633e-02 7.271302e-03 2.616747e+01 1.170342e-02 9.999212e-01 4.552129e-03 7.939688e-02 -7.324177e-03 -4.466607e-03 9.999633e-01 -3.402261e+01
9.999830e-01 4.277985e-04 5.821970e-03 2.734440e+01 -4.245845e-04 9.999998e-01 -5.535034e-04 8.321901e-02 -5.822182e-03 5.510332e-04 9.999828e-01 -3.580042e+01
9.999324e-01 -1.147856e-02 1.871812e-03 2.841895e+01 1.146906e-02 9.999217e-01 5.007997e-03 8.745072e-02 -1.929175e-03 -4.986202e-03 9.999858e-01 -3.760921e+01
9.999658e-01 6.859535e-03 4.615696e-03 2.894179e+01 -6.841928e-03 9.999693e-01 -3.820084e-03 8.415251e-02 -4.641732e-03 3.788384e-03 9.999820e-01 -3.824727e+01
9.999604e-01 -8.477620e-03 -2.714920e-03 2.921783e+01 8.488800e-03 9.999554e-01 4.132923e-03 7.817535e-02 2.679735e-03 -4.155817e-03 9.999879e-01 -3.823488e+01
9.999649e-01 6.249645e-03 5.585228e-03 2.957753e+01 -6.225495e-03 9.999712e-01 -4.331152e-03 7.212175e-02 -5.612110e-03 4.296240e-03 9.999749e-01 -3.828316e+01
9.999673e-01 -7.178772e-03 -3.731062e-03 2.970938e+01 7.194642e-03 9.999651e-01 4.257147e-03 6.833762e-02 3.700344e-03 -4.283862e-03 9.999841e-01 -3.824268e+01
9.999659e-01 6.193914e-03 5.460016e-03 2.985848e+01 -6.170241e-03 9.999715e-01 -4.342237e-03 6.418295e-02 -5.486730e-03 4.308411e-03 9.999756e-01 -3.821520e+01
9.999674e-01 -7.071266e-03 -3.903518e-03 2.999041e+01 7.087663e-03 9.999661e-01 4.202417e-03 5.991915e-02 3.873643e-03 -4.229959e-03 9.999836e-01 -3.820801e+01
9.999699e-01 6.796078e-03 3.740636e-03 2.998080e+01 -6.780199e-03 9.999680e-01 -4.241783e-03 5.750435e-02 -3.769318e-03 4.216304e-03 9.999839e-01 -3.813467e+01
9.999659e-01 -6.958398e-03 -4.458713e-03 2.987509e+01 6.976257e-03 9.999677e-01 4.002115e-03 5.722747e-02 4.430693e-03 -4.033095e-03 9.999821e-01 -3.800220e+01
9.999683e-01 6.810590e-03 4.128867e-03 2.981208e+01 -6.793585e-03 9.999684e-01 -4.118890e-03 5.564089e-02 -4.156762e-03 4.090721e-03 9.999829e-01 -3.790966e+01
9.999669e-01 -6.950155e-03 -4.219773e-03 2.978490e+01 6.967396e-03 9.999674e-01 4.084394e-03 5.317800e-02 4.191222e-03 -4.113671e-03 9.999829e-01 -3.784139e+01
9.999695e-01 6.772048e-03 3.882791e-03 2.974786e+01 -6.756025e-03 9.999687e-01 -4.125433e-03 5.084940e-02 -3.910581e-03 4.099086e-03 9.999839e-01 -3.777319e+01
9.999681e-01 -7.136396e-03 -3.578504e-03 2.980920e+01 7.150644e-03 9.999665e-01 3.984358e-03 4.697261e-02 3.549924e-03 -4.009831e-03 9.999858e-01 -3.775873e+01
9.999711e-01 5.414548e-03 5.337905e-03 3.009355e+01 -5.392447e-03 9.999769e-01 -4.146375e-03 4.034247e-02 -5.360206e-03 4.117482e-03 9.999771e-01 -3.779865e+01
9.999731e-01 -6.437952e-03 -3.528780e-03 3.027370e+01 6.452326e-03 9.999709e-01 4.076996e-03 3.533480e-02 3.502402e-03 -4.099666e-03 9.999856e-01 -3.780535e+01
9.999736e-01 5.491887e-03 4.764512e-03 3.045390e+01 -5.473157e-03 9.999773e-01 -3.935719e-03 3.007322e-02 -4.785991e-03 3.909549e-03 9.999808e-01 -3.779635e+01
9.999710e-01 -7.087703e-03 -2.787923e-03 3.073667e+01 7.098713e-03 9.999670e-01 3.958856e-03 2.356183e-02 2.759745e-03 -3.978543e-03 9.999884e-01 -3.781580e+01
9.999732e-01 5.860933e-03 4.376561e-03 3.095299e+01 -5.843006e-03 9.999745e-01 -4.098143e-03 1.758654e-02 -4.400442e-03 4.072472e-03 9.999819e-01 -3.783332e+01
9.999734e-01 -6.327055e-03 -3.627106e-03 3.101949e+01 6.341583e-03 9.999719e-01 4.007550e-03 1.391571e-02 3.601620e-03 -4.030457e-03 9.999855e-01 -3.780232e+01
9.999757e-01 6.158862e-03 3.270728e-03 3.097220e+01 -6.145566e-03 9.999729e-01 -4.060430e-03 1.184937e-02 -3.295620e-03 4.040243e-03 9.999863e-01 -3.772747e+01
9.999729e-01 -6.355458e-03 -3.708577e-03 3.089109e+01 6.370106e-03 9.999719e-01 3.950924e-03 1.063609e-02 3.683335e-03 -3.974452e-03 9.999854e-01 -3.762958e+01
9.999752e-01 6.175467e-03 3.379375e-03 3.082537e+01 -6.161822e-03 9.999729e-01 -4.033628e-03 9.003708e-03 -3.404165e-03 4.012716e-03 9.999861e-01 -3.754443e+01
9.999732e-01 -6.368862e-03 -3.613473e-03 3.078867e+01 6.383256e-03 9.999717e-01 3.985536e-03 6.632560e-03 3.587960e-03 -4.008506e-03 9.999856e-01 -3.747708e+01
9.999753e-01 6.170659e-03 3.367780e-03 3.073218e+01 -6.156974e-03 9.999728e-01 -4.059238e-03 4.708030e-03 -3.392709e-03 4.038413e-03 9.999860e-01 -3.739959e+01
9.999727e-01 -6.274087e-03 -3.903515e-03 3.065806e+01 6.289615e-03 9.999723e-01 3.977996e-03 3.476543e-03 3.878421e-03 -4.002450e-03 9.999846e-01 -3.730730e+01
9.999738e-01 6.079176e-03 3.938915e-03 3.062092e+01 -6.063323e-03 9.999735e-01 -4.024638e-03 1.563211e-03 -3.963250e-03 4.000660e-03 9.999840e-01 -3.721955e+01
9.999711e-01 -6.204847e-03 -4.397157e-03 3.054387e+01 6.222064e-03 9.999730e-01 3.912354e-03 3.289394e-04 4.372735e-03 -3.939611e-03 9.999828e-01 -3.712304e+01
9.999721e-01 5.671132e-03 4.871198e-03 3.058526e+01 -5.652369e-03 9.999766e-01 -3.857245e-03 -2.256157e-03 -4.892931e-03 3.829615e-03 9.999806e-01 -3.703218e+01
9.999753e-01 -6.304446e-03 -3.101127e-03 3.063982e+01 6.315688e-03 9.999735e-01 3.628351e-03 -4.604842e-03 3.078142e-03 -3.647858e-03 9.999887e-01 -3.695514e+01
9.999765e-01 6.092913e-03 3.144185e-03 3.062804e+01 -6.081377e-03 9.999748e-01 -3.666050e-03 -7.269415e-03 -3.166415e-03 3.646854e-03 9.999882e-01 -3.689276e+01
9.999756e-01 -6.403801e-03 -2.809015e-03 3.063906e+01 6.413991e-03 9.999728e-01 3.633289e-03 -1.006807e-02 2.785644e-03 -3.651228e-03 9.999896e-01 -3.683667e+01
9.999770e-01 6.197586e-03 2.763316e-03 3.062373e+01 -6.187500e-03 9.999742e-01 -3.644503e-03 -1.277467e-02 -2.785804e-03 3.627332e-03 9.999894e-01 -3.677367e+01
9.999759e-01 -6.488475e-03 -2.454646e-03 3.064759e+01 6.497407e-03 9.999722e-01 3.648085e-03 -1.608236e-02 2.430880e-03 -3.663957e-03 9.999904e-01 -3.672138e+01
9.999772e-01 6.271447e-03 2.517220e-03 3.063347e+01 -6.262092e-03 9.999735e-01 -3.707737e-03 -1.882502e-02 -2.540379e-03 3.691900e-03 9.999899e-01 -3.665946e+01
9.999751e-01 -6.491784e-03 -2.771190e-03 3.055087e+01 6.501665e-03 9.999725e-01 3.570946e-03 -2.006686e-02 2.747905e-03 -3.588885e-03 9.999899e-01 -3.655966e+01
9.999757e-01 6.147532e-03 3.271738e-03 3.057319e+01 -6.135846e-03 9.999748e-01 -3.570114e-03 -2.333562e-02 -3.293575e-03 3.549964e-03 9.999882e-01 -3.649955e+01
9.999751e-01 -6.678023e-03 -2.264346e-03 3.066098e+01 6.686101e-03 9.999712e-01 3.578427e-03 -2.732266e-02 2.240357e-03 -3.593489e-03 9.999911e-01 -3.645867e+01
9.999761e-01 6.400208e-03 2.612458e-03 3.067478e+01 -6.390780e-03 9.999731e-01 -3.602137e-03 -3.043978e-02 -2.635414e-03 3.585366e-03 9.999900e-01 -3.640227e+01
9.999750e-01 -6.813991e-03 -1.905895e-03 3.072860e+01 6.820895e-03 9.999701e-01 3.639059e-03 -3.405772e-02 1.881014e-03 -3.651979e-03 9.999917e-01 -3.635179e+01
9.999753e-01 6.666279e-03 2.207355e-03 3.071436e+01 -6.658072e-03 9.999710e-01 -3.705684e-03 -3.661109e-02 -2.231966e-03 3.690907e-03 9.999906e-01 -3.628721e+01
9.999726e-01 -6.851560e-03 -2.795491e-03 3.058555e+01 6.861260e-03 9.999704e-01 3.474747e-03 -3.642729e-02 2.771573e-03 -3.493843e-03 9.999902e-01 -3.615051e+01
9.999752e-01 6.685895e-03 2.196006e-03 3.044680e+01 -6.677634e-03 9.999707e-01 -3.748305e-03 -3.589038e-02 -2.220975e-03 3.733559e-03 9.999905e-01 -3.600452e+01
9.999726e-01 -6.865414e-03 -2.787048e-03 3.031424e+01 6.875119e-03 9.999703e-01 3.487190e-03 -3.555301e-02 2.762997e-03 -3.506267e-03 9.999901e-01 -3.586227e+01
9.999755e-01 6.678337e-03 2.109562e-03 3.016711e+01 -6.670351e-03 9.999706e-01 -3.771056e-03 -3.481417e-02 -2.134657e-03 3.756903e-03 9.999906e-01 -3.570794e+01
9.999732e-01 -6.832034e-03 -2.628696e-03 3.004236e+01 6.841275e-03 9.999704e-01 3.522349e-03 -3.469636e-02 2.604526e-03 -3.540249e-03 9.999904e-01 -3.557279e+01
9.999754e-01 6.684778e-03 2.119171e-03 2.991443e+01 -6.676750e-03 9.999706e-01 -3.773521e-03 -3.448813e-02 -2.144307e-03 3.759290e-03 9.999905e-01 -3.543635e+01
9.999735e-01 -6.806110e-03 -2.600426e-03 2.980142e+01 6.815324e-03 9.999705e-01 3.550518e-03 -3.463996e-02 2.576157e-03 -3.568157e-03 9.999904e-01 -3.531205e+01
9.999749e-01 6.688490e-03 2.337460e-03 2.972065e+01 -6.679776e-03 9.999708e-01 -3.716522e-03 -3.577564e-02 -2.362222e-03 3.700826e-03 9.999903e-01 -3.521334e+01
9.999726e-01 -6.846348e-03 -2.815533e-03 2.961473e+01 6.856286e-03 9.999702e-01 3.534884e-03 -3.621673e-02 2.791221e-03 -3.554102e-03 9.999899e-01 -3.509504e+01
9.999752e-01 6.655644e-03 2.315270e-03 2.952353e+01 -6.647017e-03 9.999710e-01 -3.714666e-03 -3.697090e-02 -2.339899e-03 3.699195e-03 9.999903e-01 -3.498175e+01
9.999728e-01 -6.845463e-03 -2.751004e-03 2.944766e+01 6.855227e-03 9.999702e-01 3.555349e-03 -3.817113e-02 2.726556e-03 -3.574121e-03 9.999900e-01 -3.487848e+01
9.999749e-01 6.644725e-03 2.447193e-03 2.936453e+01 -6.635644e-03 9.999711e-01 -3.700964e-03 -3.931322e-02 -2.471687e-03 3.684644e-03 9.999901e-01 -3.477810e+01
9.999725e-01 -6.854619e-03 -2.824742e-03 2.925389e+01 6.864452e-03 9.999704e-01 3.485805e-03 -3.969650e-02 2.800737e-03 -3.505110e-03 9.999900e-01 -3.465628e+01
9.999753e-01 6.625916e-03 2.325464e-03 2.913281e+01 -6.617247e-03 9.999712e-01 -3.716530e-03 -3.976339e-02 -2.349996e-03 3.701061e-03 9.999903e-01 -3.452400e+01
9.999722e-01 -6.840662e-03 -2.979780e-03 2.897871e+01 6.850830e-03 9.999707e-01 3.415030e-03 -3.888198e-02 2.956304e-03 -3.435359e-03 9.999898e-01 -3.436678e+01
9.999750e-01 6.682097e-03 2.312192e-03 2.883282e+01 -6.673520e-03 9.999709e-01 -3.697940e-03 -3.809526e-02 -2.336807e-03 3.682428e-03 9.999904e-01 -3.421635e+01
9.999728e-01 -6.842239e-03 -2.767487e-03 2.871269e+01 6.851795e-03 9.999705e-01 3.457841e-03 -3.811543e-02 2.743719e-03 -3.476720e-03 9.999903e-01 -3.408703e+01
9.999744e-01 6.710507e-03 2.493569e-03 2.863543e+01 -6.701490e-03 9.999710e-01 -3.607531e-03 -3.938076e-02 -2.517678e-03 3.590739e-03 9.999903e-01 -3.399026e+01
9.999730e-01 -6.844269e-03 -2.682092e-03 2.852820e+01 6.853317e-03 9.999708e-01 3.378615e-03 -3.995163e-02 2.658863e-03 -3.396915e-03 9.999908e-01 -3.387454e+01
9.999750e-01 6.761284e-03 2.077950e-03 2.840556e+01 -6.753678e-03 9.999705e-01 -3.646310e-03 -3.976858e-02 -2.102515e-03 3.632195e-03 9.999911e-01 -3.373842e+01
9.999741e-01 -6.860150e-03 -2.196316e-03 2.830321e+01 6.867719e-03 9.999704e-01 3.456828e-03 -4.011688e-02 2.172510e-03 -3.471833e-03 9.999917e-01 -3.361052e+01
9.999754e-01 6.772904e-03 1.810748e-03 2.817397e+01 -6.766127e-03 9.999702e-01 -3.723889e-03 -3.995470e-02 -1.835889e-03 3.711557e-03 9.999913e-01 -3.347668e+01
9.999731e-01 -6.904880e-03 -2.494089e-03 2.802613e+01 6.913311e-03 9.999704e-01 3.386965e-03 -3.909860e-02 2.470602e-03 -3.404126e-03 9.999913e-01 -3.331876e+01
9.999757e-01 6.736685e-03 1.793519e-03 2.787010e+01 -6.729971e-03 9.999704e-01 -3.724220e-03 -3.808818e-02 -1.818528e-03 3.712070e-03 9.999914e-01 -3.315594e+01
9.999731e-01 -6.871007e-03 -2.552188e-03 2.771636e+01 6.879605e-03 9.999706e-01 3.374921e-03 -3.705142e-02 2.528897e-03 -3.392399e-03 9.999911e-01 -3.299296e+01
9.999755e-01 6.737029e-03 1.900027e-03 2.757704e+01 -6.730003e-03 9.999706e-01 -3.681104e-03 -3.651233e-02 -1.924744e-03 3.668237e-03 9.999913e-01 -3.284275e+01
9.999729e-01 -6.832860e-03 -2.733358e-03 2.743558e+01 6.841958e-03 9.999710e-01 3.332558e-03 -3.575159e-02 2.710482e-03 -3.351180e-03 9.999908e-01 -3.268335e+01
9.999754e-01 6.700746e-03 2.077433e-03 2.730801e+01 -6.693235e-03 9.999711e-01 -3.602373e-03 -3.527146e-02 -2.101485e-03 3.588390e-03 9.999913e-01 -3.252111e+01
9.999732e-01 -6.909517e-03 -2.425946e-03 2.720569e+01 6.917663e-03 9.999704e-01 3.365066e-03 -3.520234e-02 2.402597e-03 -3.381768e-03 9.999915e-01 -3.236477e+01
9.999756e-01 6.793356e-03 1.624024e-03 2.705027e+01 -6.787250e-03 9.999700e-01 -3.737148e-03 -3.414796e-02 -1.649336e-03 3.726044e-03 9.999916e-01 -3.219715e+01
9.999724e-01 -6.941807e-03 -2.655271e-03 2.690222e+01 6.950755e-03 9.999701e-01 3.375008e-03 -3.317592e-02 2.631736e-03 -3.393381e-03 9.999909e-01 -3.202777e+01
9.999755e-01 6.819296e-03 1.601238e-03 2.677149e+01 -6.813319e-03 9.999699e-01 -3.709606e-03 -3.264459e-02 -1.626460e-03 3.698616e-03 9.999917e-01 -3.186701e+01
9.999730e-01 -6.958623e-03 -2.356529e-03 2.666274e+01 6.966720e-03 9.999698e-01 3.444861e-03 -3.267280e-02 2.332460e-03 -3.461196e-03 9.999914e-01 -3.171420e+01
9.999758e-01 6.861709e-03 1.158586e-03 2.652600e+01 -6.857278e-03 9.999693e-01 -3.787050e-03 -3.177283e-02 -1.184510e-03 3.779024e-03 9.999921e-01 -3.152871e+01
9.999733e-01 -6.948213e-03 -2.272163e-03 2.637597e+01 6.955905e-03 9.999700e-01 3.394419e-03 -3.056404e-02 2.248484e-03 -3.410143e-03 9.999918e-01 -3.133838e+01
9.999757e-01 6.807579e-03 1.468578e-03 2.626724e+01 -6.802203e-03 9.999703e-01 -3.636207e-03 -3.012184e-02 -1.493262e-03 3.626140e-03 9.999922e-01 -3.116186e+01
9.999730e-01 -6.962307e-03 -2.352276e-03 2.616181e+01 6.970311e-03 9.999699e-01 3.411230e-03 -2.981183e-02 2.328430e-03 -3.427544e-03 9.999915e-01 -3.098730e+01
9.999759e-01 6.893648e-03 7.618615e-04 2.600051e+01 -6.890665e-03 9.999688e-01 -3.852242e-03 -2.828123e-02 -7.883682e-04 3.846910e-03 9.999922e-01 -3.078881e+01
9.999742e-01 -7.011293e-03 -1.572228e-03 2.589504e+01 7.016995e-03 9.999687e-01 3.650086e-03 -2.839733e-02 1.546561e-03 -3.661034e-03 9.999922e-01 -3.066155e+01
9.999763e-01 6.767558e-03 1.240440e-03 2.587413e+01 -6.762885e-03 9.999702e-01 -3.734522e-03 -3.088487e-02 -1.265651e-03 3.726055e-03 9.999922e-01 -3.060279e+01
9.999746e-01 -6.967421e-03 -1.505056e-03 2.583005e+01 6.972937e-03 9.999689e-01 3.690441e-03 -3.304135e-02 1.479271e-03 -3.700852e-03 9.999922e-01 -3.053243e+01
9.999766e-01 6.736504e-03 1.156317e-03 2.576993e+01 -6.732140e-03 9.999704e-01 -3.738052e-03 -3.480520e-02 -1.181439e-03 3.730191e-03 9.999922e-01 -3.045213e+01
9.999745e-01 -6.960281e-03 -1.618206e-03 2.569779e+01 6.966139e-03 9.999691e-01 3.642179e-03 -3.614094e-02 1.592780e-03 -3.653369e-03 9.999922e-01 -3.035823e+01
9.999766e-01 6.754026e-03 1.117953e-03 2.564358e+01 -6.749863e-03 9.999704e-01 -3.687672e-03 -3.786160e-02 -1.142801e-03 3.680050e-03 9.999925e-01 -3.027296e+01
9.999742e-01 -7.140392e-03 -8.002688e-04 2.564683e+01 7.143264e-03 9.999678e-01 3.644161e-03 -4.047893e-02 7.741969e-04 -3.649793e-03 9.999931e-01 -3.020878e+01
9.999761e-01 6.857365e-03 8.461238e-04 2.562544e+01 -6.854176e-03 9.999696e-01 -3.717622e-03 -4.277385e-02 -8.715658e-04 3.711744e-03 9.999926e-01 -3.014154e+01
9.999744e-01 -7.045411e-03 -1.264534e-03 2.555694e+01 7.049993e-03 9.999685e-01 3.655372e-03 -4.426856e-02 1.238715e-03 -3.664203e-03 9.999926e-01 -3.005511e+01
9.999764e-01 6.838809e-03 7.203722e-04 2.547187e+01 -6.836053e-03 9.999696e-01 -3.762593e-03 -4.526386e-02 -7.460567e-04 3.757590e-03 9.999926e-01 -2.995241e+01
9.999742e-01 -7.053088e-03 -1.369587e-03 2.537143e+01 7.057983e-03 9.999686e-01 3.601853e-03 -4.575053e-02 1.344114e-03 -3.611436e-03 9.999927e-01 -2.983444e+01
9.999766e-01 6.816533e-03 5.920514e-04 2.526306e+01 -6.814253e-03 9.999697e-01 -3.773522e-03 -4.600819e-02 -6.177307e-04 3.769410e-03 9.999926e-01 -2.970677e+01
9.999749e-01 -6.975868e-03 -1.211586e-03 2.518549e+01 6.980239e-03 9.999690e-01 3.641280e-03 -4.703813e-02 1.186122e-03 -3.649656e-03 9.999927e-01 -2.960299e+01
9.999768e-01 6.766130e-03 7.832675e-04 2.511554e+01 -6.763160e-03 9.999702e-01 -3.736040e-03 -4.842224e-02 -8.084976e-04 3.730666e-03 9.999926e-01 -2.951322e+01
9.999750e-01 -6.942586e-03 -1.362699e-03 2.502710e+01 6.947474e-03 9.999693e-01 3.615120e-03 -4.925940e-02 1.337534e-03 -3.624507e-03 9.999926e-01 -2.940842e+01
9.999769e-01 6.754639e-03 8.028588e-04 2.496756e+01 -6.751648e-03 9.999705e-01 -3.673313e-03 -5.082798e-02 -8.276221e-04 3.667817e-03 9.999928e-01 -2.932061e+01
9.999747e-01 -7.024961e-03 -1.135825e-03 2.490284e+01 7.028911e-03 9.999691e-01 3.510278e-03 -5.217457e-02 1.111105e-03 -3.518183e-03 9.999933e-01 -2.923086e+01
9.999765e-01 6.822127e-03 6.660508e-04 2.482396e+01 -6.819651e-03 9.999701e-01 -3.652532e-03 -5.323014e-02 -6.909240e-04 3.647914e-03 9.999930e-01 -2.913060e+01
9.999744e-01 -7.067512e-03 -1.146159e-03 2.476827e+01 7.071548e-03 9.999687e-01 3.554912e-03 -5.489478e-02 1.120974e-03 -3.562936e-03 9.999931e-01 -2.904293e+01
9.999767e-01 6.785732e-03 7.051727e-04 2.471329e+01 -6.783096e-03 9.999702e-01 -3.676998e-03 -5.658497e-02 -7.300780e-04 3.672139e-03 9.999929e-01 -2.895423e+01
9.999748e-01 -7.002955e-03 -1.130053e-03 2.464261e+01 7.006939e-03 9.999691e-01 3.559434e-03 -5.796958e-02 1.105066e-03 -3.567272e-03 9.999931e-01 -2.885955e+01
9.999766e-01 6.790000e-03 8.031879e-04 2.459653e+01 -6.787046e-03 9.999704e-01 -3.626745e-03 -6.001772e-02 -8.277650e-04 3.621219e-03 9.999930e-01 -2.878413e+01
9.999746e-01 -7.030879e-03 -1.199523e-03 2.453339e+01 7.035022e-03 9.999692e-01 3.484119e-03 -6.144168e-02 1.174965e-03 -3.492479e-03 9.999933e-01 -2.869224e+01
9.999763e-01 6.853793e-03 6.363950e-04 2.445080e+01 -6.851455e-03 9.999700e-01 -3.607225e-03 -6.241449e-02 -6.610745e-04 3.602790e-03 9.999932e-01 -2.858913e+01
9.999749e-01 -6.998184e-03 -1.066248e-03 2.438875e+01 7.001897e-03 9.999693e-01 3.517529e-03 -6.392624e-02 1.041574e-03 -3.524916e-03 9.999933e-01 -2.850014e+01
9.999770e-01 6.664026e-03 1.263383e-03 2.436134e+01 -6.659351e-03 9.999711e-01 -3.670630e-03 -6.580128e-02 -1.287783e-03 3.662142e-03 9.999924e-01 -2.842730e+01
9.999752e-01 -6.828740e-03 -1.706486e-03 2.428092e+01 6.834754e-03 9.999704e-01 3.543105e-03 -6.688981e-02 1.682216e-03 -3.554690e-03 9.999924e-01 -2.832814e+01
9.999770e-01 6.622936e-03 1.477109e-03 2.424449e+01 -6.617608e-03 9.999717e-01 -3.584340e-03 -6.903880e-02 -1.500781e-03 3.574493e-03 9.999924e-01 -2.825228e+01
9.999756e-01 -6.758326e-03 -1.755222e-03 2.417239e+01 6.764300e-03 9.999713e-01 3.419615e-03 -7.038759e-02 1.732037e-03 -3.431415e-03 9.999927e-01 -2.815756e+01
9.999777e-01 6.582117e-03 1.130159e-03 2.407558e+01 -6.578068e-03 9.999721e-01 -3.550494e-03 -7.102140e-02 -1.153473e-03 3.542990e-03 9.999930e-01 -2.804592e+01
9.999756e-01 -6.764332e-03 -1.753427e-03 2.397689e+01 6.770280e-03 9.999713e-01 3.408632e-03 -7.158806e-02 1.730295e-03 -3.420429e-03 9.999928e-01 -2.793300e+01
9.999778e-01 6.577070e-03 1.078097e-03 2.385373e+01 -6.573135e-03 9.999719e-01 -3.614196e-03 -7.151890e-02 -1.101813e-03 3.607039e-03 9.999928e-01 -2.779990e+01
9.999767e-01 -6.650476e-03 -1.557299e-03 2.376596e+01 6.655843e-03 9.999718e-01 3.466096e-03 -7.229999e-02 1.534179e-03 -3.476390e-03 9.999929e-01 -2.769751e+01
9.999783e-01 6.471705e-03 1.236839e-03 2.371824e+01 -6.467316e-03 9.999729e-01 -3.521023e-03 -7.433657e-02 -1.259569e-03 3.512957e-03 9.999929e-01 -2.762332e+01
9.999764e-01 -6.654706e-03 -1.721630e-03 2.365051e+01 6.660597e-03 9.999719e-01 3.438415e-03 -7.579972e-02 1.698675e-03 -3.449810e-03 9.999927e-01 -2.753271e+01
9.999784e-01 6.460443e-03 1.222938e-03 2.356332e+01 -6.456042e-03 9.999728e-01 -3.570111e-03 -7.677834e-02 -1.245945e-03 3.562148e-03 9.999928e-01 -2.742656e+01
9.999761e-01 -6.641385e-03 -1.933638e-03 2.342966e+01 6.647745e-03 9.999725e-01 3.300508e-03 -7.632652e-02 1.911640e-03 -3.313293e-03 9.999928e-01 -2.728012e+01
9.999784e-01 6.460401e-03 1.194427e-03 2.330837e+01 -6.456160e-03 9.999730e-01 -3.521791e-03 -7.625115e-02 -1.217123e-03 3.514013e-03 9.999930e-01 -2.714206e+01
9.999757e-01 -6.631568e-03 -2.148397e-03 2.314336e+01 6.638330e-03 9.999730e-01 3.155444e-03 -7.481125e-02 2.127390e-03 -3.169639e-03 9.999928e-01 -2.696517e+01
9.999777e-01 6.507003e-03 1.481664e-03 2.303457e+01 -6.502005e-03 9.999732e-01 -3.354014e-03 -7.498660e-02 -1.503425e-03 3.344315e-03 9.999932e-01 -2.684028e+01
9.999753e-01 -6.683022e-03 -2.169077e-03 2.296692e+01 6.690140e-03 9.999722e-01 3.290259e-03 -7.634988e-02 2.147003e-03 -3.304699e-03 9.999923e-01 -2.674612e+01
9.999781e-01 6.463613e-03 1.452481e-03 2.285457e+01 -6.458485e-03 9.999730e-01 -3.508793e-03 -7.653073e-02 -1.475098e-03 3.499344e-03 9.999927e-01 -2.661301e+01
9.999759e-01 -6.639397e-03 -2.006030e-03 2.275537e+01 6.646124e-03 9.999723e-01 3.364785e-03 -7.710616e-02 1.983610e-03 -3.378045e-03 9.999924e-01 -2.650195e+01
9.999780e-01 6.454617e-03 1.538946e-03 2.268069e+01 -6.449277e-03 9.999732e-01 -3.450530e-03 -7.840803e-02 -1.561153e-03 3.440538e-03 9.999928e-01 -2.640916e+01
9.999763e-01 -6.606498e-03 -1.917267e-03 2.262071e+01 6.612984e-03 9.999724e-01 3.395608e-03 -8.010490e-02 1.894757e-03 -3.408216e-03 9.999925e-01 -2.633013e+01
9.999780e-01 6.465018e-03 1.505990e-03 2.255018e+01 -6.459765e-03 9.999731e-01 -3.468470e-03 -8.151448e-02 -1.528349e-03 3.458675e-03 9.999928e-01 -2.624374e+01
9.999763e-01 -6.665399e-03 -1.706551e-03 2.251124e+01 6.671120e-03 9.999721e-01 3.368415e-03 -8.351788e-02 1.684028e-03 -3.379729e-03 9.999930e-01 -2.617208e+01
9.999783e-01 6.392943e-03 1.572289e-03 2.251505e+01 -6.387351e-03 9.999733e-01 -3.537116e-03 -8.621073e-02 -1.594836e-03 3.527006e-03 9.999924e-01 -2.613703e+01
9.999766e-01 -6.586700e-03 -1.843035e-03 2.247426e+01 6.593062e-03 9.999723e-01 3.466749e-03 -8.837460e-02 1.820126e-03 -3.478828e-03 9.999924e-01 -2.606959e+01
9.999783e-01 6.412129e-03 1.511242e-03 2.241655e+01 -6.406773e-03 9.999733e-01 -3.523223e-03 -9.015471e-02 -1.533770e-03 3.513474e-03 9.999926e-01 -2.599177e+01
9.999767e-01 -6.576876e-03 -1.822962e-03 2.237718e+01 6.583210e-03 9.999722e-01 3.490105e-03 -9.237415e-02 1.799933e-03 -3.502034e-03 9.999923e-01 -2.592411e+01
9.999785e-01 6.398708e-03 1.447951e-03 2.235703e+01 -6.393481e-03 9.999731e-01 -3.587248e-03 -9.482529e-02 -1.470842e-03 3.577923e-03 9.999924e-01 -2.587113e+01
9.999769e-01 -6.587231e-03 -1.699815e-03 2.228905e+01 6.593159e-03 9.999721e-01 3.504966e-03 -9.643380e-02 1.676656e-03 -3.516101e-03 9.999925e-01 -2.578728e+01
9.999787e-01 6.423730e-03 1.128700e-03 2.216740e+01 -6.419506e-03 9.999725e-01 -3.708339e-03 -9.640001e-02 -1.152467e-03 3.701024e-03 9.999924e-01 -2.565984e+01
9.999773e-01 -6.568882e-03 -1.496816e-03 2.208105e+01 6.574221e-03 9.999719e-01 3.589668e-03 -9.740684e-02 1.473170e-03 -3.599436e-03 9.999925e-01 -2.556255e+01
9.999788e-01 6.395393e-03 1.243788e-03 2.201762e+01 -6.390787e-03 9.999728e-01 -3.673109e-03 -9.908604e-02 -1.267222e-03 3.665091e-03 9.999924e-01 -2.548066e+01
9.999769e-01 -6.621507e-03 -1.519392e-03 2.196077e+01 6.626957e-03 9.999715e-01 3.609588e-03 -1.009680e-01 1.495424e-03 -3.619583e-03 9.999924e-01 -2.540170e+01
9.999787e-01 6.430905e-03 1.086979e-03 2.188971e+01 -6.426849e-03 9.999725e-01 -3.695492e-03 -1.023857e-01 -1.110691e-03 3.688437e-03 9.999925e-01 -2.531111e+01
9.999772e-01 -6.612582e-03 -1.377773e-03 2.182234e+01 6.617454e-03 9.999718e-01 3.561076e-03 -1.037780e-01 1.354163e-03 -3.570121e-03 9.999928e-01 -2.522582e+01
9.999789e-01 6.447502e-03 7.843117e-04 2.172390e+01 -6.444554e-03 9.999724e-01 -3.706553e-03 -1.043825e-01 -8.081649e-04 3.701430e-03 9.999927e-01 -2.511138e+01
9.999770e-01 -6.644896e-03 -1.344218e-03 2.162780e+01 6.649567e-03 9.999718e-01 3.499929e-03 -1.049686e-01 1.320900e-03 -3.508796e-03 9.999931e-01 -2.499160e+01
9.999793e-01 6.414668e-03 5.778423e-04 2.153856e+01 -6.412534e-03 9.999729e-01 -3.625280e-03 -1.057709e-01 -6.010585e-04 3.621509e-03 9.999932e-01 -2.487562e+01
9.999774e-01 -6.596915e-03 -1.291827e-03 2.141515e+01 6.601233e-03 9.999725e-01 3.366492e-03 -1.055991e-01 1.269560e-03 -3.374953e-03 9.999936e-01 -2.473353e+01
9.999789e-01 6.453694e-03 7.787045e-04 2.131358e+01 -6.450911e-03 9.999730e-01 -3.525986e-03 -1.061316e-01 -8.014161e-04 3.520898e-03 9.999934e-01 -2.461954e+01
9.999776e-01 -6.591277e-03 -1.190296e-03 2.124097e+01 6.595313e-03 9.999724e-01 3.418433e-03 -1.074623e-01 1.167708e-03 -3.426216e-03 9.999935e-01 -2.452621e+01
9.999791e-01 6.410449e-03 7.828577e-04 2.116601e+01 -6.407657e-03 9.999733e-01 -3.519622e-03 -1.087773e-01 -8.053762e-04 3.514542e-03 9.999934e-01 -2.443273e+01
9.999779e-01 -6.537097e-03 -1.193259e-03 2.107661e+01 6.541093e-03 9.999729e-01 3.374872e-03 -1.096606e-01 1.171142e-03 -3.382612e-03 9.999937e-01 -2.432965e+01
9.999794e-01 6.365421e-03 8.814759e-04 2.103484e+01 -6.362356e-03 9.999738e-01 -3.438519e-03 -1.115923e-01 -9.033176e-04 3.432849e-03 9.999936e-01 -2.425127e+01
9.999779e-01 -6.533556e-03 -1.209870e-03 2.098786e+01 6.537578e-03 9.999730e-01 3.349282e-03 -1.135591e-01 1.187932e-03 -3.357127e-03 9.999938e-01 -2.417203e+01
9.999793e-01 6.386449e-03 7.205129e-04 2.091247e+01 -6.383944e-03 9.999737e-01 -3.428430e-03 -1.148450e-01 -7.423667e-04 3.423768e-03 9.999938e-01 -2.407805e+01
9.999782e-01 -6.534099e-03 -9.645639e-04 2.087094e+01 6.537300e-03 9.999730e-01 3.352791e-03 -1.168432e-01 9.426076e-04 -3.359033e-03 9.999940e-01 -2.400554e+01
9.999816e-01 5.893496e-03 1.455788e-03 2.101022e+01 -5.888202e-03 9.999761e-01 -3.615195e-03 -1.219532e-01 -1.477036e-03 3.606566e-03 9.999923e-01 -2.406726e+01
9.999802e-01 -6.182441e-03 -1.202771e-03 2.109145e+01 6.186410e-03 9.999753e-01 3.323533e-03 -1.260500e-01 1.182170e-03 -3.330916e-03 9.999939e-01 -2.411247e+01
9.999814e-01 6.010412e-03 1.014777e-03 2.102464e+01 -6.006925e-03 9.999762e-01 -3.405579e-03 -1.277062e-01 -1.035199e-03 3.399429e-03 9.999936e-01 -2.402905e+01
9.999797e-01 -6.208773e-03 -1.400508e-03 2.094141e+01 6.213336e-03 9.999753e-01 3.276766e-03 -1.288430e-01 1.380106e-03 -3.285411e-03 9.999937e-01 -2.392912e+01
9.999809e-01 6.039127e-03 1.314819e-03 2.089318e+01 -6.034620e-03 9.999760e-01 -3.406105e-03 -1.305108e-01 -1.335334e-03 3.398115e-03 9.999932e-01 -2.385076e+01
9.999791e-01 -6.324851e-03 -1.310841e-03 2.090550e+01 6.329132e-03 9.999746e-01 3.286931e-03 -1.332913e-01 1.289996e-03 -3.295168e-03 9.999938e-01 -2.381603e+01
9.999812e-01 5.978300e-03 1.391183e-03 2.095536e+01 -5.973398e-03 9.999760e-01 -3.502195e-03 -1.368779e-01 -1.412064e-03 3.493828e-03 9.999928e-01 -2.381767e+01
9.999771e-01 -6.756792e-03 -4.206561e-04 2.110872e+01 6.758204e-03 9.999712e-01 3.447707e-03 -1.419018e-01 3.973256e-04 -3.450480e-03 9.999941e-01 -2.386799e+01
9.999828e-01 5.512264e-03 2.001828e-03 2.131457e+01 -5.505352e-03 9.999789e-01 -3.443009e-03 -1.472120e-01 -2.020741e-03 3.431938e-03 9.999920e-01 -2.395087e+01
9.999795e-01 -6.348114e-03 -8.402503e-04 2.146066e+01 6.350845e-03 9.999744e-01 3.286989e-03 -1.521873e-01 8.193395e-04 -3.292266e-03 9.999943e-01 -2.397410e+01
9.999822e-01 5.685537e-03 1.806923e-03 2.156886e+01 -5.679218e-03 9.999778e-01 -3.483801e-03 -1.564987e-01 -1.826667e-03 3.473486e-03 9.999922e-01 -2.398098e+01
9.999802e-01 -6.181674e-03 -1.215150e-03 2.163372e+01 6.185582e-03 9.999756e-01 3.238645e-03 -1.599787e-01 1.195077e-03 -3.246106e-03 9.999941e-01 -2.398005e+01
9.999823e-01 5.758800e-03 1.464789e-03 2.169578e+01 -5.753747e-03 9.999776e-01 -3.431559e-03 -1.635524e-01 -1.484494e-03 3.423080e-03 9.999929e-01 -2.399075e+01
9.999801e-01 -6.234821e-03 -9.343525e-04 2.177785e+01 6.237925e-03 9.999749e-01 3.356114e-03 -1.675763e-01 9.133808e-04 -3.361885e-03 9.999940e-01 -2.403424e+01
9.999829e-01 5.647950e-03 1.506463e-03 2.188635e+01 -5.642832e-03 9.999784e-01 -3.381029e-03 -1.720341e-01 -1.525503e-03 3.372480e-03 9.999931e-01 -2.407454e+01
9.999763e-01 -6.869610e-03 -3.382376e-04 2.207869e+01 6.870774e-03 9.999700e-01 3.568992e-03 -1.770598e-01 3.136862e-04 -3.571241e-03 9.999937e-01 -2.418455e+01
9.999847e-01 5.226962e-03 1.829406e-03 2.232897e+01 -5.220809e-03 9.999808e-01 -3.352529e-03 -1.821935e-01 -1.846871e-03 3.342936e-03 9.999926e-01 -2.433590e+01
9.999795e-01 -6.395882e-03 -2.514642e-04 2.250782e+01 6.396690e-03 9.999739e-01 3.351505e-03 -1.871932e-01 2.299978e-04 -3.353054e-03 9.999945e-01 -2.441790e+01
9.999811e-01 6.151872e-03 1.355787e-04 2.252240e+01 -6.151379e-03 9.999753e-01 -3.387119e-03 -1.902711e-01 -1.563886e-04 3.386230e-03 9.999942e-01 -2.437845e+01
9.999797e-01 -6.355970e-03 -3.601871e-04 2.251786e+01 6.357135e-03 9.999743e-01 3.328834e-03 -1.930879e-01 3.389959e-04 -3.331065e-03 9.999945e-01 -2.433051e+01
9.999829e-01 5.726947e-03 1.222866e-03 2.260550e+01 -5.722813e-03 9.999780e-01 -3.359216e-03 -1.969963e-01 -1.242054e-03 3.352169e-03 9.999935e-01 -2.429978e+01
9.999779e-01 -6.631754e-03 5.434025e-04 2.271777e+01 6.629976e-03 9.999729e-01 3.212439e-03 -2.007330e-01 -5.647161e-04 -3.208774e-03 9.999948e-01 -2.424306e+01
9.999799e-01 6.332710e-03 -2.128772e-04 2.267841e+01 -6.333392e-03 9.999743e-01 -3.366729e-03 -2.022435e-01 1.915753e-04 3.368018e-03 9.999942e-01 -2.414122e+01
9.999787e-01 -6.532476e-03 1.400101e-04 2.261613e+01 6.531989e-03 9.999734e-01 3.244591e-03 -2.035790e-01 -1.612258e-04 -3.243616e-03 9.999948e-01 -2.403684e+01
9.999792e-01 6.421055e-03 -6.027856e-04 2.253294e+01 -6.423090e-03 9.999735e-01 -3.436032e-03 -2.044801e-01 5.807307e-04 3.439841e-03 9.999938e-01 -2.392625e+01
9.999784e-01 -6.563476e-03 3.305273e-04 2.246490e+01 6.562345e-03 9.999730e-01 3.318348e-03 -2.059672e-01 -3.523224e-04 -3.316116e-03 9.999945e-01 -2.383636e+01
9.999798e-01 6.325240e-03 -5.871615e-04 2.242575e+01 -6.327153e-03 9.999745e-01 -3.313037e-03 -2.080827e-01 5.662149e-04 3.316694e-03 9.999942e-01 -2.375745e+01
9.999668e-01 -7.876141e-03 2.069897e-03 2.268828e+01 7.869182e-03 9.999634e-01 3.349178e-03 -2.135883e-01 -2.096224e-03 -3.332787e-03 9.999923e-01 -2.380060e+01
9.999868e-01 5.100055e-03 6.262312e-04 2.309435e+01 -5.098184e-03 9.999826e-01 -2.955447e-03 -2.176897e-01 -6.412687e-04 2.952224e-03 9.999953e-01 -2.399523e+01
9.999723e-01 -7.300623e-03 1.467188e-03 2.342302e+01 7.295781e-03 9.999680e-01 3.279616e-03 -2.221451e-01 -1.491109e-03 -3.268829e-03 9.999936e-01 -2.412812e+01
9.999891e-01 4.573249e-03 9.204337e-04 2.381933e+01 -4.570596e-03 9.999855e-01 -2.865129e-03 -2.261142e-01 -9.334983e-04 2.860899e-03 9.999954e-01 -2.436517e+01
9.999747e-01 -7.007043e-03 1.258161e-03 2.418998e+01 7.003108e-03 9.999707e-01 3.106053e-03 -2.309240e-01 -1.279914e-03 -3.097172e-03 9.999945e-01 -2.452472e+01
9.999908e-01 4.143214e-03 1.141137e-03 2.461736e+01 -4.140046e-03 9.999876e-01 -2.765984e-03 -2.353447e-01 -1.152557e-03 2.761243e-03 9.999954e-01 -2.472862e+01
9.999755e-01 -6.915521e-03 1.082711e-03 2.499741e+01 6.911965e-03 9.999708e-01 3.255834e-03 -2.388136e-01 -1.105221e-03 -3.248280e-03 9.999942e-01 -2.499312e+01
9.999885e-01 4.728055e-03 8.025102e-04 2.531707e+01 -4.725578e-03 9.999841e-01 -3.062699e-03 -2.433805e-01 -8.169522e-04 3.058881e-03 9.999949e-01 -2.513409e+01
