9.999975e-01 -2.078973e-04 -2.223797e-03 -1.533366e-01 2.068639e-04 9.999999e-01 -4.648682e-04 1.576491e-03 2.223894e-03 4.644066e-04 9.999975e-01 2.225330e-01
1.000000e+00 8.347658e-06 1.552693e-04 -3.145607e-01 -8.361042e-06 1.000000e+00 8.632260e-05 3.327671e-03 -1.552689e-04 -8.632350e-05 9.999999e-01 4.349507e-01
9.999991e-01 -1.965823e-04 -1.294287e-03 -4.135493e-01 1.961457e-04 9.999999e-01 -3.374184e-04 3.101686e-03 1.294353e-03 3.371639e-04 9.999992e-01 5.814884e-01
9.999996e-01 -1.645992e-04 9.027607e-04 -4.501473e-01 1.644093e-04 1.000000e+00 2.104520e-04 1.564871e-03 -9.027959e-04 -2.103031e-04 9.999995e-01 7.075502e-01
9.999983e-01 -3.444396e-04 -1.835657e-03 -4.497407e-01 3.438156e-04 9.999999e-01 -3.402423e-04 -2.520834e-05 1.835774e-03 3.396102e-04 9.999984e-01 8.579256e-01
9.999998e-01 -2.784706e-05 -6.458215e-04 -4.868045e-01 2.784745e-05 1.000000e+00 5.711066e-07 1.873507e-04 6.458206e-04 -5.887811e-07 9.999997e-01 1.104023e+00
9.999997e-01 -1.721636e-04 -7.696394e-04 -5.333258e-01 1.718542e-04 9.999999e-01 -4.020273e-04 -3.266742e-04 7.697095e-04 4.018947e-04 9.999997e-01 1.300073e+00
9.999995e-01 -1.746985e-04 9.693305e-04 -5.419097e-01 1.743783e-04 9.999999e-01 3.304910e-04 -2.718684e-03 -9.693892e-04 -3.303216e-04 9.999994e-01 1.382846e+00
9.999991e-01 -6.272260e-05 -1.366632e-03 -6.105806e-01 6.209358e-05 9.999999e-01 -4.602948e-04 -3.833176e-03 1.366662e-03 4.602093e-04 9.999991e-01 1.501395e+00
9.999993e-01 -2.296398e-04 1.136301e-03 -6.522690e-01 2.292106e-04 9.999999e-01 3.779064e-04 -5.582113e-03 -1.136388e-03 -3.776454e-04 9.999992e-01 1.601509e+00
9.999996e-01 -2.069256e-04 -8.914096e-04 -6.472798e-01 2.065745e-04 9.999999e-01 -3.939150e-04 -8.317977e-03 8.914921e-04 3.937304e-04 9.999996e-01 1.679952e+00
9.999997e-01 -1.354190e-04 6.975220e-04 -6.864800e-01 1.351907e-04 9.999999e-01 3.274377e-04 -1.001159e-02 -6.975673e-04 -3.273430e-04 9.999996e-01 1.787590e+00
9.999991e-01 -1.195964e-04 -1.309308e-03 -7.692388e-01 1.189446e-04 9.999999e-01 -4.978713e-04 -1.088924e-02 1.309369e-03 4.977149e-04 9.999991e-01 1.908047e+00
9.999994e-01 -1.560615e-04 1.071611e-03 -8.141338e-01 1.555709e-04 9.999999e-01 4.578773e-04 -1.276969e-02 -1.071684e-03 -4.577101e-04 9.999992e-01 2.001396e+00
9.999995e-01 -1.903761e-04 -9.312340e-04 -8.308423e-01 1.899519e-04 9.999999e-01 -4.555968e-04 -1.526631e-02 9.313218e-04 4.554195e-04 9.999996e-01 2.082226e+00
9.999999e-01 -7.164821e-05 4.847468e-04 -9.032278e-01 7.149347e-05 9.999999e-01 3.192700e-04 -1.652287e-02 -4.847709e-04 -3.192351e-04 9.999997e-01 2.193561e+00
9.999998e-01 -1.996079e-04 -6.438895e-04 -9.547493e-01 1.993599e-04 9.999999e-01 -3.851614e-04 -1.826984e-02 6.439675e-04 3.850327e-04 9.999998e-01 2.293077e+00
9.999999e-01 2.342648e-05 4.972394e-04 -1.021349e+00 -2.355897e-05 1.000000e+00 2.664772e-04 -1.968633e-02 -4.972343e-04 -2.664887e-04 9.999997e-01 2.388577e+00
9.999999e-01 -3.592050e-04 -5.352335e-05 -1.016770e+00 3.591903e-04 9.999999e-01 -2.738914e-04 -2.241214e-02 5.362289e-05 2.738720e-04 1.000000e+00 2.457451e+00
9.999977e-01 -1.045700e-03 1.851541e-03 -7.723695e-01 1.044994e-03 9.999994e-01 3.819021e-04 -2.797021e-02 -1.851940e-03 -3.799662e-04 9.999981e-01 2.455330e+00
1.000000e+00 1.338487e-04 -7.544990e-05 -6.352259e-01 -1.338820e-04 9.999999e-01 -4.411056e-04 -3.210530e-02 7.539165e-05 4.411155e-04 1.000000e+00 2.468790e+00
9.999999e-01 -2.998624e-04 -1.182318e-04 -7.133270e-01 2.999010e-04 9.999999e-01 3.260126e-04 -3.339828e-02 1.181332e-04 -3.260478e-04 9.999998e-01 2.560395e+00
9.999998e-01 4.395697e-05 5.698342e-04 -7.149229e-01 -4.374201e-05 9.999999e-01 -3.772649e-04 -3.554861e-02 -5.698499e-04 3.772397e-04 9.999999e-01 2.628703e+00
9.999972e-01 -1.525378e-03 1.789028e-03 -4.637306e-01 1.525411e-03 9.999988e-01 -1.674291e-05 -4.094037e-02 -1.789000e-03 1.947200e-05 9.999983e-01 2.615131e+00
9.999998e-01 4.427012e-04 3.730970e-04 -2.821379e-01 -4.426136e-04 9.999999e-01 -2.347236e-04 -4.551407e-02 -3.732006e-04 2.345584e-04 1.000000e+00 2.628813e+00
9.999995e-01 -8.462799e-04 5.547854e-04 -2.684321e-01 8.462424e-04 9.999996e-01 6.796310e-05 -4.787579e-02 -5.548430e-04 -6.749349e-05 9.999997e-01 2.693734e+00
9.999996e-01 6.943005e-04 -4.940658e-04 -3.056138e-01 -6.943664e-04 9.999998e-01 -1.333299e-04 -4.964262e-02 4.939733e-04 1.336728e-04 1.000000e+00 2.772468e+00
9.999995e-01 -8.101928e-04 5.571032e-04 -3.576200e-01 8.101578e-04 9.999997e-01 6.320927e-05 -5.114314e-02 -5.571545e-04 -6.275782e-05 9.999997e-01 2.860400e+00
9.999998e-01 2.485565e-04 6.390731e-04 -2.985559e-01 -2.484468e-04 1.000000e+00 -1.718098e-04 -5.399398e-02 -6.391157e-04 1.716509e-04 9.999999e-01 2.916090e+00
9.999998e-01 -5.000143e-04 -2.300250e-04 -3.210219e-01 5.000076e-04 9.999999e-01 -2.923517e-05 -5.584907e-02 2.300396e-04 2.912020e-05 9.999999e-01 2.985708e+00
9.999999e-01 4.218940e-04 -9.789807e-05 -3.854018e-01 -4.219004e-04 9.999999e-01 -6.570928e-05 -5.726098e-02 9.787043e-05 6.575054e-05 1.000000e+00 3.069551e+00
9.999997e-01 -6.368034e-04 3.389207e-04 -4.250711e-01 6.367926e-04 9.999998e-01 3.212249e-05 -5.877047e-02 -3.389411e-04 -3.190663e-05 9.999998e-01 3.162850e+00
9.999999e-01 3.633198e-04 4.080658e-04 -4.268954e-01 -3.632398e-04 9.999999e-01 -1.961798e-04 -6.088839e-02 -4.081370e-04 1.960315e-04 1.000000e+00 3.233243e+00
9.999992e-01 -5.683324e-04 -1.125707e-03 -5.753434e-01 5.682760e-04 9.999998e-01 -5.048828e-05 -6.011063e-02 1.125736e-03 4.984851e-05 9.999993e-01 3.384158e+00
9.999999e-01 3.674672e-04 4.006085e-04 -7.369032e-01 -3.673804e-04 9.999999e-01 -2.167564e-04 -5.896076e-02 -4.006879e-04 2.166092e-04 1.000000e+00 3.542257e+00
9.999996e-01 -5.422948e-04 -7.574285e-04 -8.632369e-01 5.422999e-04 9.999999e-01 6.472566e-06 -5.891283e-02 7.574247e-04 -6.883373e-06 9.999996e-01 3.668255e+00
9.999999e-01 3.465873e-04 1.697737e-04 -1.002629e+00 -3.465513e-04 9.999999e-01 -2.119075e-04 -5.843833e-02 -1.698469e-04 2.118487e-04 1.000000e+00 3.805935e+00
9.999995e-01 -5.532099e-04 -8.769013e-04 -1.141239e+00 5.532006e-04 9.999998e-01 -1.080237e-05 -5.787726e-02 8.769068e-04 1.031717e-05 9.999995e-01 3.950225e+00
9.999996e-01 2.486330e-04 8.530820e-04 -1.169910e+00 -2.486905e-04 1.000000e+00 6.729945e-05 -5.948434e-02 -8.530649e-04 -6.751148e-05 9.999997e-01 4.053404e+00
9.999997e-01 -6.709793e-04 2.787334e-04 -1.181359e+00 6.710778e-04 9.999997e-01 -3.534399e-04 -6.092319e-02 -2.784964e-04 3.536267e-04 9.999998e-01 4.134493e+00
9.999993e-01 4.237808e-04 -1.067509e-03 -1.324596e+00 -4.236583e-04 9.999999e-01 1.149558e-04 -6.024389e-02 1.067558e-03 -1.145033e-04 9.999995e-01 4.285849e+00
9.999998e-01 -6.701990e-04 3.257795e-05 -1.504489e+00 6.702138e-04 9.999997e-01 -4.562748e-04 -5.842715e-02 -3.227252e-05 4.562963e-04 9.999998e-01 4.471155e+00
9.999999e-01 3.171005e-04 2.638013e-04 -1.564491e+00 -3.171801e-04 9.999999e-01 3.017422e-04 -5.975681e-02 -2.637052e-04 -3.018256e-04 1.000000e+00 4.585983e+00
9.999910e-01 -3.009737e-03 2.993194e-03 -1.137555e+00 3.011112e-03 9.999954e-01 -4.551318e-04 -6.670438e-02 -2.991810e-03 4.641403e-04 9.999953e-01 4.534676e+00
9.999954e-01 2.522850e-03 -1.666798e-03 -1.110921e+00 -2.522415e-03 9.999968e-01 2.628767e-04 -6.919288e-02 1.667456e-03 -2.586709e-04 9.999987e-01 4.605008e+00
9.999958e-01 -2.766997e-03 8.111371e-04 -1.271936e+00 2.767460e-03 9.999960e-01 -5.713693e-04 -6.795526e-02 -8.095529e-04 5.736115e-04 9.999994e-01 4.773051e+00
9.999957e-01 2.542764e-03 -1.488115e-03 -1.410252e+00 -2.542297e-03 9.999967e-01 3.158416e-04 -6.737909e-02 1.488913e-03 -3.120568e-04 9.999989e-01 4.920460e+00
9.999959e-01 -2.725082e-03 8.508261e-04 -1.545012e+00 2.725529e-03 9.999961e-01 -5.250852e-04 -6.696524e-02 -8.493920e-04 5.274017e-04 9.999994e-01 5.058334e+00
9.999956e-01 2.542416e-03 -1.498695e-03 -1.696832e+00 -2.541992e-03 9.999967e-01 2.846284e-04 -6.609018e-02 1.499414e-03 -2.808172e-04 9.999989e-01 5.207600e+00
9.999960e-01 -2.709952e-03 8.051369e-04 -1.850386e+00 2.710392e-03 9.999962e-01 -5.458441e-04 -6.510853e-02 -8.036548e-04 5.480238e-04 9.999994e-01 5.360354e+00
9.999957e-01 2.518459e-03 -1.521813e-03 -1.993659e+00 -2.517962e-03 9.999968e-01 3.278052e-04 -6.443049e-02 1.522634e-03 -3.239715e-04 9.999989e-01 5.506048e+00
9.999957e-01 -2.626154e-03 1.301430e-03 -2.093312e+00 2.626812e-03 9.999964e-01 -5.038692e-04 -6.509225e-02 -1.300103e-03 5.072852e-04 9.999989e-01 5.614407e+00
9.999974e-01 2.228505e-03 -5.021173e-04 -2.064464e+00 -2.228321e-03 9.999974e-01 3.670339e-04 -6.771529e-02 5.029342e-04 -3.659137e-04 9.999999e-01 5.663465e+00
9.999971e-01 -2.367782e-03 3.109292e-04 -2.132051e+00 2.367929e-03 9.999971e-01 -4.730612e-04 -6.888322e-02 -3.098085e-04 4.737957e-04 9.999997e-01 5.751534e+00
9.999976e-01 2.167187e-03 -3.755122e-04 -2.200707e+00 -2.167052e-03 9.999976e-01 3.584855e-04 -6.989645e-02 3.762885e-04 -3.576704e-04 1.000000e+00 5.869773e+00
9.999835e-01 -4.566381e-03 3.483925e-03 -1.833859e+00 4.567657e-03 9.999895e-01 -3.586390e-04 -7.601951e-02 -3.482251e-03 3.745461e-04 9.999938e-01 5.889556e+00
9.999914e-01 3.824582e-03 -1.614175e-03 -1.728485e+00 -3.824227e-03 9.999927e-01 2.226722e-04 -7.957548e-02 1.615015e-03 -2.164969e-04 9.999988e-01 5.947000e+00
9.999916e-01 -4.049371e-03 6.036303e-04 -1.882192e+00 4.049688e-03 9.999917e-01 -5.249106e-04 -7.845537e-02 -6.014996e-04 5.273503e-04 9.999996e-01 6.118266e+00
9.999915e-01 3.895549e-03 -1.339550e-03 -2.019170e+00 -3.895227e-03 9.999924e-01 2.429728e-04 -7.778751e-02 1.340486e-03 -2.377524e-04 9.999992e-01 6.270423e+00
9.999914e-01 -4.033563e-03 9.160961e-04 -2.127696e+00 4.033946e-03 9.999918e-01 -4.163995e-04 -7.812614e-02 -9.144090e-04 4.200909e-04 9.999994e-01 6.386979e+00
9.999917e-01 3.916810e-03 -1.081740e-03 -2.191872e+00 -3.916465e-03 9.999923e-01 3.212631e-04 -7.963398e-02 1.082990e-03 -3.170233e-04 9.999995e-01 6.470995e+00
9.999869e-01 -4.612151e-03 2.237935e-03 -2.098318e+00 4.613452e-03 9.999892e-01 -5.764441e-04 -8.308559e-02 -2.235252e-03 5.867605e-04 9.999972e-01 6.488165e+00
9.999895e-01 4.284136e-03 -1.602042e-03 -2.106040e+00 -4.283563e-03 9.999908e-01 3.604763e-04 -8.511932e-02 1.603572e-03 -3.536095e-04 9.999988e-01 6.552972e+00
9.999827e-01 -4.831105e-03 3.368476e-03 -2.101501e+00 4.833572e-03 9.999881e-01 -7.245595e-04 -8.696576e-02 -3.364935e-03 7.408280e-04 9.999940e-01 6.642010e+00
9.999937e-01 3.552440e-03 -1.232745e-04 -1.940752e+00 -3.552408e-03 9.999937e-01 2.581461e-04 -9.036520e-02 1.241901e-04 -2.577059e-04 1.000000e+00 6.698716e+00
9.999786e-01 -5.039329e-03 4.181874e-03 -1.763441e+00 5.044074e-03 9.999866e-01 -1.124983e-03 -9.356210e-02 -4.176148e-03 1.146052e-03 9.999905e-01 6.744476e+00
9.999939e-01 3.491445e-03 4.959338e-05 -1.572542e+00 -3.491453e-03 9.999939e-01 1.686779e-04 -9.704902e-02 -4.900564e-05 -1.688492e-04 1.000000e+00 6.777279e+00
9.999933e-01 -3.584177e-03 6.884934e-04 -1.641980e+00 3.584458e-03 9.999935e-01 -4.070733e-04 -9.727899e-02 -6.870284e-04 4.095376e-04 9.999996e-01 6.876647e+00
9.999927e-01 3.498829e-03 -1.539442e-03 -1.819816e+00 -3.498747e-03 9.999939e-01 5.590216e-05 -9.548241e-02 1.539627e-03 -5.051472e-05 9.999989e-01 7.053512e+00
9.999937e-01 -3.491330e-03 7.061638e-04 -1.974757e+00 3.491604e-03 9.999938e-01 -3.867754e-04 -9.426460e-02 -7.048077e-04 3.892376e-04 9.999996e-01 7.220415e+00
9.999919e-01 3.524297e-03 -1.924060e-03 -2.198704e+00 -3.524480e-03 9.999938e-01 -9.204273e-05 -9.107199e-02 1.923723e-03 9.882430e-05 9.999982e-01 7.438367e+00
9.999934e-01 -3.543050e-03 7.609803e-04 -2.411592e+00 3.543329e-03 9.999937e-01 -3.666194e-04 -8.817974e-02 -7.596753e-04 3.693123e-04 9.999995e-01 7.648070e+00
9.999917e-01 3.489770e-03 -2.119882e-03 -2.624830e+00 -3.489985e-03 9.999939e-01 -9.752505e-05 -8.525384e-02 2.119527e-03 1.049237e-04 9.999978e-01 7.865451e+00
9.999931e-01 -3.549094e-03 1.129763e-03 -2.807524e+00 3.549459e-03 9.999936e-01 -3.218419e-04 -8.332224e-02 -1.128612e-03 3.258486e-04 9.999992e-01 8.055702e+00
9.999908e-01 3.550216e-03 -2.394267e-03 -2.994739e+00 -3.550423e-03 9.999937e-01 -8.226650e-05 -8.100454e-02 2.393959e-03 9.076758e-05 9.999972e-01 8.264521e+00
9.999920e-01 -3.678710e-03 1.587508e-03 -3.102480e+00 3.678704e-03 9.999932e-01 6.648677e-06 -7.992898e-02 -1.587521e-03 -8.098369e-07 9.999986e-01 8.472267e+00
9.999971e-01 2.234946e-03 9.343618e-04 -2.937650e+00 -2.234640e-03 9.999974e-01 -3.292242e-04 -8.207481e-02 -9.350962e-04 3.271365e-04 9.999996e-01 8.601714e+00
9.999971e-01 -2.387669e-03 7.351623e-05 -3.036783e+00 2.387669e-03 9.999971e-01 4.904503e-06 -8.195597e-02 -7.352666e-05 -4.730207e-06 9.999999e-01 8.728132e+00
9.999968e-01 2.378605e-03 -8.306701e-04 -3.232645e+00 -2.378919e-03 9.999971e-01 -3.768953e-04 -7.975887e-02 8.297702e-04 3.788715e-04 9.999997e-01 8.908624e+00
9.999955e-01 -2.669467e-03 1.388563e-03 -3.285148e+00 2.669131e-03 9.999964e-01 2.435136e-04 -8.075077e-02 -1.389207e-03 -2.398075e-04 9.999989e-01 9.011329e+00
9.999977e-01 2.140231e-03 3.101120e-05 -3.246624e+00 -2.140217e-03 9.999976e-01 -4.336811e-04 -8.284079e-02 -3.194050e-05 4.336151e-04 1.000000e+00 9.071724e+00
9.999947e-01 -2.860000e-03 1.530649e-03 -3.170369e+00 2.860138e-03 9.999959e-01 -8.776426e-05 -8.538295e-02 -1.530390e-03 9.214028e-05 9.999987e-01 9.067423e+00
9.999966e-01 2.426578e-03 -9.355417e-04 -3.141547e+00 -2.426759e-03 9.999970e-01 -1.921464e-04 -8.797740e-02 9.350713e-04 1.944175e-04 9.999996e-01 9.088646e+00
9.999962e-01 -2.630797e-03 8.089168e-04 -3.158171e+00 2.630717e-03 9.999965e-01 1.003265e-04 -9.026509e-02 -8.091765e-04 -9.819951e-05 9.999996e-01 9.146798e+00
9.999973e-01 2.315127e-03 -3.038117e-04 -3.160363e+00 -2.315187e-03 9.999973e-01 -1.979294e-04 -9.260893e-02 3.033512e-04 1.986336e-04 1.000000e+00 9.208758e+00
9.999959e-01 -2.676055e-03 1.021154e-03 -3.156325e+00 2.675926e-03 9.999964e-01 1.269516e-04 -9.472005e-02 -1.021488e-03 -1.242200e-04 9.999994e-01 9.281784e+00
9.999977e-01 2.143654e-03 1.888474e-04 -3.108021e+00 -2.143615e-03 9.999977e-01 -2.042825e-04 -9.755773e-02 -1.892865e-04 2.038787e-04 1.000000e+00 9.337098e+00
9.999973e-01 -2.322958e-03 2.046157e-04 -3.190796e+00 2.322982e-03 9.999973e-01 -1.169032e-04 -9.828482e-02 -2.043419e-04 1.173767e-04 9.999999e-01 9.432403e+00
9.999973e-01 2.312466e-03 -9.844061e-05 -3.306361e+00 -2.312479e-03 9.999973e-01 -1.335137e-04 -9.794472e-02 9.812991e-05 1.337425e-04 1.000000e+00 9.550287e+00
9.999960e-01 -2.683971e-03 8.675955e-04 -3.322978e+00 2.684020e-03 9.999964e-01 -5.540025e-05 -9.918879e-02 -8.674419e-04 5.772716e-05 9.999995e-01 9.625898e+00
9.999973e-01 2.321683e-03 -2.084064e-04 -3.320090e+00 -2.321698e-03 9.999973e-01 -7.013543e-05 -1.014174e-01 2.082412e-04 7.062062e-05 1.000000e+00 9.686656e+00
9.999969e-01 -2.466841e-03 3.286164e-04 -3.380874e+00 2.466893e-03 9.999969e-01 -1.581930e-04 -1.025873e-01 -3.282233e-04 1.590017e-04 9.999998e-01 9.768520e+00
9.999969e-01 2.407223e-03 -6.602563e-04 -3.526832e+00 -2.407262e-03 9.999971e-01 -5.803231e-05 -1.020387e-01 6.601128e-04 5.962310e-05 9.999999e-01 9.899816e+00
9.999970e-01 -2.423483e-03 3.477366e-04 -3.649653e+00 2.423524e-03 9.999971e-01 -1.164966e-04 -1.019735e-01 -3.474515e-04 1.173374e-04 9.999998e-01 1.001447e+01
9.999970e-01 2.370979e-03 -5.987831e-04 -3.746766e+00 -2.370987e-03 9.999972e-01 -1.295013e-05 -1.026718e-01 5.987490e-04 1.437140e-05 9.999999e-01 1.011362e+01
9.999970e-01 -2.409728e-03 3.445343e-04 -3.857678e+00 2.409775e-03 9.999971e-01 -1.354052e-04 -1.029748e-01 -3.442053e-04 1.362334e-04 9.999998e-01 1.021936e+01
9.999971e-01 2.270060e-03 -8.582751e-04 -3.988908e+00 -2.270116e-03 9.999974e-01 -6.363181e-05 -1.026802e-01 8.581267e-04 6.558164e-05 9.999997e-01 1.035149e+01
9.999970e-01 -2.441601e-03 -5.194284e-05 -4.165293e+00 2.441585e-03 9.999970e-01 -3.047483e-04 -1.009372e-01 5.268834e-05 3.046189e-04 9.999999e-01 1.053294e+01
9.999971e-01 2.337565e-03 -5.397190e-04 -4.257432e+00 -2.337483e-03 9.999973e-01 1.539288e-04 -1.014863e-01 5.400758e-04 -1.526650e-04 9.999999e-01 1.064385e+01
9.999961e-01 -2.722281e-03 6.452255e-04 -4.235758e+00 2.722401e-03 9.999963e-01 -1.841605e-04 -1.046144e-01 -6.447203e-04 1.859147e-04 9.999997e-01 1.067907e+01
9.999969e-01 2.328419e-03 -9.095884e-04 -4.291489e+00 -2.328438e-03 9.999973e-01 -2.060249e-05 -1.061938e-01 9.095364e-04 2.272206e-05 9.999997e-01 1.075930e+01
9.999964e-01 -2.692922e-03 -8.301896e-05 -4.410092e+00 2.692911e-03 9.999964e-01 -1.377817e-04 -1.061926e-01 8.339110e-05 1.375559e-04 9.999999e-01 1.090112e+01
9.999968e-01 2.331991e-03 -9.867398e-04 -4.526163e+00 -2.332038e-03 9.999973e-01 -4.609224e-05 -1.061587e-01 9.866283e-04 4.839496e-05 9.999996e-01 1.104812e+01
9.999962e-01 -2.697378e-03 -5.437585e-04 -4.683295e+00 2.697240e-03 9.999963e-01 -2.534747e-04 -1.049728e-01 5.444414e-04 2.520053e-04 9.999997e-01 1.123734e+01
9.999974e-01 2.230074e-03 -4.837470e-04 -4.790854e+00 -2.230110e-03 9.999975e-01 -7.275150e-05 -1.042795e-01 4.835825e-04 7.383193e-05 1.000000e+00 1.142512e+01
9.999962e-01 -2.758253e-03 1.135354e-04 -4.842461e+00 2.758274e-03 9.999962e-01 -1.867072e-04 -1.053218e-01 -1.130190e-04 1.870178e-04 9.999999e-01 1.153644e+01
9.999980e-01 2.001708e-03 4.564652e-05 -4.794437e+00 -2.001726e-03 9.999979e-01 4.044509e-04 -1.078095e-01 -4.483785e-05 -4.045396e-04 1.000000e+00 1.148551e+01
9.999906e-01 -4.135451e-03 1.329570e-03 -4.610040e+00 4.134975e-03 9.999914e-01 3.603071e-04 -1.085000e-01 -1.331047e-03 -3.548077e-04 9.999990e-01 1.116963e+01
9.999956e-01 2.903276e-03 -5.381404e-04 -4.518451e+00 -2.903219e-03 9.999958e-01 1.061680e-04 -1.105844e-01 5.384451e-04 -1.046035e-04 9.999999e-01 1.105322e+01
9.999945e-01 -3.313319e-03 -1.344552e-04 -4.581510e+00 3.313278e-03 9.999945e-01 -3.022134e-04 -1.119929e-01 1.354570e-04 3.017646e-04 9.999998e-01 1.114843e+01
9.999953e-01 2.919540e-03 -9.532343e-04 -4.683415e+00 -2.919395e-03 9.999957e-01 1.540438e-04 -1.123646e-01 9.536789e-04 -1.512584e-04 9.999996e-01 1.128583e+01
9.999884e-01 -4.391291e-03 1.979708e-03 -4.500440e+00 4.390219e-03 9.999902e-01 5.454807e-04 -1.159510e-01 -1.982083e-03 -5.367847e-04 9.999978e-01 1.115763e+01
9.999949e-01 3.159646e-03 -4.946307e-04 -4.356288e+00 -3.159761e-03 9.999950e-01 -2.327196e-04 -1.191205e-01 4.938916e-04 2.342829e-04 1.000000e+00 1.103997e+01
9.999937e-01 -3.533033e-03 -1.339002e-04 -4.424816e+00 3.533045e-03 9.999938e-01 8.946311e-05 -1.204323e-01 1.335845e-04 -8.993727e-05 9.999999e-01 1.114308e+01
9.999947e-01 3.174072e-03 -7.447614e-04 -4.551890e+00 -3.174275e-03 9.999949e-01 -2.722105e-04 -1.202569e-01 7.438924e-04 2.745748e-04 9.999998e-01 1.128842e+01
9.999941e-01 -3.440729e-03 -1.603556e-04 -4.710702e+00 3.440733e-03 9.999941e-01 2.098008e-05 -1.190880e-01 1.602835e-04 -2.153339e-05 9.999999e-01 1.145061e+01
9.999946e-01 3.141543e-03 -9.597339e-04 -4.900737e+00 -3.141873e-03 9.999950e-01 -3.428640e-04 -1.170407e-01 9.586510e-04 3.458792e-04 9.999996e-01 1.164089e+01
9.999941e-01 -3.422571e-03 -1.382718e-04 -5.080346e+00 3.422576e-03 9.999941e-01 3.754891e-05 -1.152248e-01 1.381433e-04 -3.802370e-05 9.999999e-01 1.182310e+01
9.999949e-01 3.095842e-03 -8.204649e-04 -5.197631e+00 -3.096019e-03 9.999952e-01 -2.142637e-04 -1.151852e-01 8.197969e-04 2.168046e-04 9.999997e-01 1.196590e+01
9.999941e-01 -3.419857e-03 1.549165e-04 -5.284338e+00 3.419848e-03 9.999942e-01 5.707538e-05 -1.160905e-01 -1.551101e-04 -5.654705e-05 9.999999e-01 1.208820e+01
9.999954e-01 3.022525e-03 -2.983431e-04 -5.338589e+00 -3.022592e-03 9.999954e-01 -2.234493e-04 -1.175197e-01 2.976657e-04 2.243518e-04 1.000000e+00 1.218584e+01
9.999943e-01 -3.372271e-03 1.834344e-04 -5.386800e+00 3.372254e-03 9.999943e-01 9.558429e-05 -1.191048e-01 -1.837550e-04 -9.496698e-05 9.999999e-01 1.227107e+01
9.999952e-01 3.064747e-03 -4.597419e-04 -5.426256e+00 -3.064828e-03 9.999953e-01 -1.758578e-04 -1.210602e-01 4.592002e-04 1.772678e-04 1.000000e+00 1.235748e+01
9.999945e-01 -3.327449e-03 -5.416972e-05 -5.482684e+00 3.327452e-03 9.999945e-01 6.585135e-05 -1.227299e-01 5.395087e-05 -6.603307e-05 9.999999e-01 1.245217e+01
9.999948e-01 3.098402e-03 -9.268561e-04 -5.582989e+00 -3.098645e-03 9.999952e-01 -2.603813e-04 -1.230405e-01 9.260444e-04 2.632538e-04 9.999996e-01 1.258765e+01
9.999945e-01 -3.311976e-03 9.251184e-05 -5.659166e+00 3.311968e-03 9.999945e-01 8.161361e-05 -1.239315e-01 -9.278125e-05 -8.130864e-05 9.999999e-01 1.271293e+01
9.999949e-01 3.058775e-03 -9.334569e-04 -5.784698e+00 -3.059088e-03 9.999953e-01 -3.345531e-04 -1.237307e-01 9.324289e-04 3.374088e-04 9.999996e-01 1.286181e+01
9.999947e-01 -3.255696e-03 -2.138660e-04 -5.976736e+00 3.255682e-03 9.999947e-01 -6.748790e-05 -1.214183e-01 2.140848e-04 6.678931e-05 9.999999e-01 1.306094e+01
9.999950e-01 3.068308e-03 -6.989102e-04 -6.116945e+00 -3.068466e-03 9.999953e-01 -2.252349e-04 -1.206434e-01 6.982157e-04 2.273804e-04 9.999998e-01 1.322029e+01
9.999947e-01 -3.269373e-03 -7.054611e-05 -6.250432e+00 3.269371e-03 9.999947e-01 -2.650181e-05 -1.201432e-01 7.063240e-05 2.626903e-05 9.999999e-01 1.336719e+01
9.999950e-01 3.031522e-03 -8.507673e-04 -6.422626e+00 -3.031722e-03 9.999954e-01 -2.333263e-04 -1.187269e-01 8.500561e-04 2.359065e-04 9.999997e-01 1.353542e+01
9.999949e-01 -3.198955e-03 -4.491028e-05 -6.608663e+00 3.198951e-03 9.999949e-01 -8.806009e-05 -1.167857e-01 4.519159e-05 8.791392e-05 9.999999e-01 1.371198e+01
9.999953e-01 3.029578e-03 -4.620834e-04 -6.708660e+00 -3.029598e-03 9.999954e-01 -4.281201e-05 -1.173294e-01 4.619518e-04 4.421380e-05 1.000000e+00 1.382193e+01
9.999949e-01 -3.183091e-03 9.223979e-05 -6.770789e+00 3.183093e-03 9.999949e-01 -2.419838e-05 -1.189279e-01 -9.216255e-05 2.448979e-05 9.999999e-01 1.390566e+01
9.999968e-01 2.322112e-03 1.029253e-03 -6.619388e+00 -2.322189e-03 9.999973e-01 7.385504e-05 -1.236717e-01 -1.029078e-03 -7.624286e-05 9.999996e-01 1.392101e+01
9.999919e-01 -3.749874e-03 1.437453e-03 -6.378252e+00 3.750468e-03 9.999929e-01 -4.107976e-04 -1.293548e-01 -1.435903e-03 4.161833e-04 9.999988e-01 1.388340e+01
9.999931e-01 3.452565e-03 -1.376857e-03 -6.406996e+00 -3.452157e-03 9.999940e-01 2.986825e-04 -1.313914e-01 1.377880e-03 -2.939252e-04 9.999991e-01 1.395299e+01
9.999925e-01 -3.701700e-03 1.111455e-03 -6.436193e+00 3.702029e-03 9.999931e-01 -2.937496e-04 -1.335751e-01 -1.110360e-03 2.978599e-04 9.999992e-01 1.402762e+01
9.999927e-01 3.453880e-03 -1.605943e-03 -6.514599e+00 -3.453594e-03 9.999940e-01 1.805392e-04 -1.344839e-01 1.606557e-03 -1.749895e-04 9.999988e-01 1.415190e+01
9.999917e-01 -4.034066e-03 4.862855e-04 -6.500585e+00 4.034300e-03 9.999917e-01 -4.829583e-04 -1.345163e-01 -4.843332e-04 4.849140e-04 9.999997e-01 1.440165e+01
9.999875e-01 4.265019e-03 -2.624420e-03 -6.667468e+00 -4.264935e-03 9.999909e-01 3.732269e-05 -1.313747e-01 2.624556e-03 -2.612703e-05 9.999967e-01 1.469574e+01
9.999916e-01 -4.103336e-03 1.093330e-04 -6.869310e+00 4.103403e-03 9.999914e-01 -6.220202e-04 -1.277796e-01 -1.067803e-04 6.224614e-04 9.999997e-01 1.498845e+01
9.999886e-01 4.239649e-03 -2.175745e-03 -7.035950e+00 -4.239230e-03 9.999910e-01 1.969028e-04 -1.249077e-01 2.176561e-03 -1.876747e-04 9.999977e-01 1.526322e+01
9.999911e-01 -4.190379e-03 4.001958e-04 -7.217391e+00 4.190650e-03 9.999910e-01 -6.780419e-04 -1.222265e-01 -3.973519e-04 6.797106e-04 9.999996e-01 1.552188e+01
9.999888e-01 4.184838e-03 -2.216735e-03 -7.403490e+00 -4.184454e-03 9.999912e-01 1.775355e-04 -1.197409e-01 2.217460e-03 -1.682552e-04 9.999976e-01 1.575309e+01
9.999905e-01 -4.227629e-03 1.087822e-03 -7.532172e+00 4.228149e-03 9.999909e-01 -4.760231e-04 -1.185890e-01 -1.085801e-03 4.806156e-04 9.999992e-01 1.595783e+01
9.999879e-01 4.211415e-03 -2.528544e-03 -7.677860e+00 -4.211152e-03 9.999911e-01 1.091742e-04 -1.171085e-01 2.528983e-03 -9.852228e-05 9.999969e-01 1.617267e+01
9.999908e-01 -4.069226e-03 1.366393e-03 -7.758313e+00 4.069906e-03 9.999916e-01 -4.958195e-04 -1.150471e-01 -1.364365e-03 5.013735e-04 9.999988e-01 1.647277e+01
9.999881e-01 3.906629e-03 -2.931628e-03 -7.868219e+00 -3.905787e-03 9.999923e-01 2.931699e-04 -1.125718e-01 2.932752e-03 -2.817136e-04 9.999958e-01 1.681136e+01
9.999914e-01 -3.960048e-03 1.205580e-03 -8.043297e+00 3.960957e-03 9.999919e-01 -7.527002e-04 -1.106342e-01 -1.202591e-03 7.574665e-04 9.999989e-01 1.702288e+01
9.999874e-01 3.889738e-03 -3.183544e-03 -8.266289e+00 -3.889022e-03 9.999924e-01 2.310474e-04 -1.072220e-01 3.184420e-03 -2.186610e-04 9.999950e-01 1.726814e+01
9.999925e-01 -3.808270e-03 -6.433931e-04 -8.494975e+00 3.807741e-03 9.999924e-01 -8.213780e-04 -1.022194e-01 6.465139e-04 8.189193e-04 9.999994e-01 1.761586e+01
9.999890e-01 3.850767e-03 -2.663536e-03 -8.746345e+00 -3.850570e-03 9.999926e-01 7.879934e-05 -9.752316e-02 2.663823e-03 -6.853957e-05 9.999965e-01 1.794821e+01
9.999927e-01 -3.801186e-03 3.842523e-04 -8.997929e+00 3.801455e-03 9.999925e-01 -7.007596e-04 -9.308325e-02 -3.815886e-04 7.022124e-04 9.999996e-01 1.822244e+01
9.999901e-01 3.813402e-03 -2.284253e-03 -9.237483e+00 -3.813145e-03 9.999927e-01 1.166024e-04 -8.918253e-02 2.284684e-03 -1.078881e-04 9.999975e-01 1.847705e+01
9.999923e-01 -3.853695e-03 6.709536e-04 -9.434089e+00 3.854075e-03 9.999924e-01 -5.660736e-04 -8.653088e-02 -6.687703e-04 5.686523e-04 9.999995e-01 1.869508e+01
9.999894e-01 3.934524e-03 -2.391150e-03 -9.624802e+00 -3.934341e-03 9.999923e-01 8.117306e-05 -8.388140e-02 2.391454e-03 -7.176161e-05 9.999972e-01 1.891215e+01
9.999912e-01 -3.967551e-03 1.381775e-03 -9.757060e+00 3.968075e-03 9.999921e-01 -3.763617e-04 -8.297007e-02 -1.380275e-03 3.818383e-04 9.999989e-01 1.908460e+01
9.999888e-01 3.934696e-03 -2.646420e-03 -9.930893e+00 -3.934763e-03 9.999923e-01 -1.989044e-05 -8.115901e-02 2.646325e-03 3.030631e-05 9.999966e-01 1.927584e+01
9.999917e-01 -3.965312e-03 9.146688e-04 -1.013441e+01 3.965742e-03 9.999920e-01 -4.689725e-04 -7.824282e-02 -9.128057e-04 4.725929e-04 9.999994e-01 1.950259e+01
9.999892e-01 3.943664e-03 -2.459977e-03 -1.031924e+01 -3.943629e-03 9.999922e-01 1.918135e-05 -7.596998e-02 2.460038e-03 -9.476747e-06 9.999971e-01 1.971272e+01
9.999918e-01 -3.977759e-03 7.792772e-04 -1.057720e+01 3.978218e-03 9.999919e-01 -5.881465e-04 -7.168740e-02 -7.769356e-04 5.912386e-04 9.999994e-01 1.996913e+01
9.999893e-01 3.930606e-03 -2.454418e-03 -1.082188e+01 -3.930519e-03 9.999923e-01 4.027243e-05 -6.770883e-02 2.454562e-03 -3.062159e-05 9.999971e-01 2.021893e+01
9.999919e-01 -3.970028e-03 6.571377e-04 -1.105322e+01 3.970411e-03 9.999919e-01 -5.826974e-04 -6.406867e-02 -6.548237e-04 5.852985e-04 9.999995e-01 2.046536e+01
9.999881e-01 3.952643e-03 -2.867249e-03 -1.130745e+01 -3.952796e-03 9.999922e-01 -4.753279e-05 -5.970930e-02 2.867043e-03 5.886926e-05 9.999960e-01 2.074273e+01
9.999917e-01 -3.997408e-03 8.291426e-04 -1.154890e+01 3.997846e-03 9.999919e-01 -5.273841e-04 -5.570749e-02 -8.270326e-04 5.306911e-04 9.999994e-01 2.100360e+01
9.999892e-01 3.910075e-03 -2.505352e-03 -1.175740e+01 -3.909964e-03 9.999924e-01 4.909227e-05 -5.274238e-02 2.505530e-03 -3.929241e-05 9.999970e-01 2.123235e+01
9.999916e-01 -4.001510e-03 8.673609e-04 -1.197521e+01 4.001990e-03 9.999918e-01 -5.520796e-04 -4.958803e-02 -8.651500e-04 5.555426e-04 9.999994e-01 2.146625e+01
9.999897e-01 3.920256e-03 -2.279861e-03 -1.218706e+01 -3.920086e-03 9.999923e-01 7.921181e-05 -4.657345e-02 2.280159e-03 -7.027015e-05 9.999975e-01 2.168801e+01
9.999918e-01 -3.989909e-03 6.833392e-04 -1.237479e+01 3.990286e-03 9.999919e-01 -5.507188e-04 -4.415545e-02 -6.811419e-04 5.534374e-04 9.999995e-01 2.190460e+01
9.999883e-01 3.932914e-03 -2.802179e-03 -1.257498e+01 -3.932838e-03 9.999923e-01 3.268494e-05 -4.124726e-02 2.802291e-03 -2.166035e-05 9.999962e-01 2.214658e+01
9.999919e-01 -3.966237e-03 6.994371e-04 -1.277826e+01 3.966621e-03 9.999920e-01 -5.482492e-04 -3.825302e-02 -6.972630e-04 5.510154e-04 9.999995e-01 2.238754e+01
9.999887e-01 3.968433e-03 -2.627033e-03 -1.296942e+01 -3.968346e-03 9.999921e-01 3.822335e-05 -3.561938e-02 2.627170e-03 -2.779415e-05 9.999966e-01 2.261783e+01
9.999914e-01 -3.987647e-03 1.111888e-03 -1.315039e+01 3.988201e-03 9.999919e-01 -4.967803e-04 -3.342305e-02 -1.109905e-03 5.012066e-04 9.999992e-01 2.282612e+01
9.999881e-01 3.981540e-03 -2.836125e-03 -1.332450e+01 -3.981433e-03 9.999921e-01 4.323081e-05 -3.131758e-02 2.836281e-03 -3.193456e-05 9.999961e-01 2.303913e+01
9.999905e-01 -4.053113e-03 1.603216e-03 -1.347398e+01 4.053717e-03 9.999917e-01 -3.735269e-04 -3.012137e-02 -1.601696e-03 3.800184e-04 9.999985e-01 2.321281e+01
9.999823e-01 3.918886e-03 -4.475433e-03 -1.368828e+01 -3.919097e-03 9.999923e-01 -3.834958e-05 -2.655324e-02 4.475255e-03 5.589252e-05 9.999901e-01 2.347158e+01
9.999899e-01 -3.924895e-03 2.169150e-03 -1.386144e+01 3.925900e-03 9.999922e-01 -4.596788e-04 -2.429096e-02 -2.167336e-03 4.681861e-04 9.999974e-01 2.370218e+01
9.999880e-01 3.745436e-03 -3.170978e-03 -1.399998e+01 -3.744867e-03 9.999930e-01 1.853292e-04 -2.354215e-02 3.171657e-03 -1.734481e-04 9.999951e-01 2.386434e+01
9.999894e-01 -3.893706e-03 2.460488e-03 -1.410751e+01 3.894724e-03 9.999923e-01 -4.092973e-04 -2.367480e-02 -2.458883e-03 4.188718e-04 9.999968e-01 2.399808e+01
9.999886e-01 3.733406e-03 -2.979152e-03 -1.421595e+01 -3.732701e-03 9.999930e-01 2.421239e-04 -2.392199e-02 2.980043e-03 -2.309967e-04 9.999956e-01 2.412453e+01
9.999921e-01 -3.817867e-03 1.109563e-03 -1.438961e+01 3.818659e-03 9.999925e-01 -7.122211e-04 -2.184656e-02 -1.106843e-03 7.164484e-04 9.999990e-01 2.434510e+01
9.999880e-01 3.790059e-03 -3.109843e-03 -1.457336e+01 -3.789428e-03 9.999928e-01 2.085279e-04 -1.947641e-02 3.110619e-03 -1.967367e-04 9.999952e-01 2.457783e+01
9.999922e-01 -3.802997e-03 1.089961e-03 -1.479222e+01 3.803837e-03 9.999925e-01 -7.701293e-04 -1.613777e-02 -1.087032e-03 7.742651e-04 9.999990e-01 2.482705e+01
9.999903e-01 3.750922e-03 -2.293699e-03 -1.496789e+01 -3.750140e-03 9.999929e-01 3.451701e-04 -1.419156e-02 2.294985e-03 -3.365608e-04 9.999974e-01 2.502160e+01
9.999914e-01 -3.920934e-03 1.321081e-03 -1.513107e+01 3.921844e-03 9.999921e-01 -6.874698e-04 -1.285220e-02 -1.318383e-03 6.926407e-04 9.999988e-01 2.519824e+01
9.999916e-01 3.722045e-03 -1.710064e-03 -1.523155e+01 -3.721091e-03 9.999929e-01 5.606793e-04 -1.288607e-02 1.712147e-03 -5.543070e-04 9.999985e-01 2.533773e+01
9.999909e-01 -4.000601e-03 1.498939e-03 -1.529247e+01 4.001608e-03 9.999918e-01 -6.695936e-04 -1.417219e-02 -1.496256e-03 6.755813e-04 9.999986e-01 2.544358e+01
9.999917e-01 3.660060e-03 -1.784552e-03 -1.532996e+01 -3.658987e-03 9.999931e-01 6.041075e-04 -1.586144e-02 1.786760e-03 -5.975685e-04 9.999983e-01 2.554231e+01
9.999878e-01 -4.260242e-03 2.485983e-03 -1.529990e+01 4.262002e-03 9.999907e-01 -7.031284e-04 -1.894847e-02 -2.482972e-03 7.137108e-04 9.999966e-01 2.560817e+01
9.999932e-01 3.443168e-03 -1.332022e-03 -1.519119e+01 -3.442139e-03 9.999938e-01 7.739058e-04 -2.319609e-02 1.334687e-03 -7.693111e-04 9.999989e-01 2.564442e+01
9.999857e-01 -4.527700e-03 2.833577e-03 -1.502724e+01 4.530013e-03 9.999894e-01 -8.105216e-04 -2.789805e-02 -2.829885e-03 8.233419e-04 9.999956e-01 2.563822e+01
9.999924e-01 3.600382e-03 -1.463102e-03 -1.494684e+01 -3.599492e-03 9.999933e-01 6.105987e-04 -3.126935e-02 1.465298e-03 -6.053233e-04 9.999988e-01 2.571977e+01
9.999927e-01 -3.777759e-03 5.168096e-04 -1.501051e+01 3.778182e-03 9.999925e-01 -8.199432e-04 -3.103207e-02 -5.137161e-04 8.218855e-04 9.999994e-01 2.593728e+01
9.999914e-01 3.702255e-03 -1.858393e-03 -1.511819e+01 -3.701216e-03 9.999930e-01 5.621743e-04 -3.049805e-02 1.860469e-03 -5.552867e-04 9.999982e-01 2.611979e+01
9.999922e-01 -3.882513e-03 6.937976e-04 -1.522338e+01 3.883061e-03 9.999921e-01 -7.907876e-04 -3.058530e-02 -6.907301e-04 7.934711e-04 9.999993e-01 2.626457e+01
9.999927e-01 3.733193e-03 -8.730204e-04 -1.533485e+01 -3.732665e-03 9.999929e-01 6.060036e-04 -3.016837e-02 8.752847e-04 -6.027360e-04 9.999995e-01 2.642701e+01
9.999931e-01 -3.725097e-03 7.519182e-05 -1.554914e+01 3.725172e-03 9.999925e-01 -1.018273e-03 -2.707309e-02 -7.140638e-05 1.018542e-03 9.999994e-01 2.664983e+01
9.999935e-01 3.508651e-03 -8.488188e-04 -1.565928e+01 -3.507940e-03 9.999935e-01 8.377124e-04 -2.635752e-02 8.517608e-04 -8.347248e-04 9.999994e-01 2.682519e+01
9.999881e-01 -4.549242e-03 1.740048e-03 -1.554798e+01 4.551011e-03 9.999891e-01 -1.013993e-03 -2.996305e-02 -1.735425e-03 1.021896e-03 9.999979e-01 2.692197e+01
9.999955e-01 2.984364e-03 -2.467044e-04 -1.531304e+01 -2.984103e-03 9.999950e-01 1.051741e-03 -3.527933e-02 2.498501e-04 -1.050996e-03 9.999995e-01 2.694469e+01
9.999871e-01 -4.625408e-03 2.085873e-03 -1.507487e+01 4.627376e-03 9.999889e-01 -9.397404e-04 -4.032340e-02 -2.081511e-03 9.493759e-04 9.999973e-01 2.691305e+01
9.999959e-01 2.842646e-03 -3.341180e-04 -1.480934e+01 -2.842238e-03 9.999952e-01 1.214334e-03 -4.507453e-02 3.375761e-04 -1.213374e-03 9.999993e-01 2.682127e+01
9.999850e-01 -4.923049e-03 2.393512e-03 -1.447319e+01 4.925712e-03 9.999873e-01 -1.108208e-03 -5.064222e-02 -2.388033e-03 1.119977e-03 9.999964e-01 2.678696e+01
9.999978e-01 2.074209e-03 -2.516338e-04 -1.392345e+01 -2.073965e-03 9.999974e-01 9.650303e-04 -5.635049e-02 2.536421e-04 -9.645019e-04 9.999996e-01 2.696235e+01
9.999150e-01 -1.046090e-02 7.776080e-03 -1.237984e+01 1.045403e-02 9.999449e-01 9.237248e-04 -6.102825e-02 -7.785321e-03 -8.423592e-04 9.999692e-01 2.652257e+01
9.999417e-01 9.124938e-03 -5.768505e-03 -1.217622e+01 -9.131878e-03 9.999576e-01 -1.177921e-03 -6.519629e-02 5.757519e-03 1.230534e-03 9.999828e-01 2.665036e+01
9.998890e-01 -1.199610e-02 8.840126e-03 -1.169265e+01 1.198501e-02 9.999273e-01 1.306452e-03 -7.235211e-02 -8.855162e-03 -1.200362e-03 9.999600e-01 2.663555e+01
9.999869e-01 3.875319e-03 -3.331492e-03 -1.033520e+01 -3.873794e-03 9.999924e-01 4.639833e-04 -8.085728e-02 3.333271e-03 -4.510677e-04 9.999944e-01 2.641683e+01
9.999326e-01 -9.025520e-03 7.304659e-03 -9.284784e+00 9.025832e-03 9.999593e-01 -9.726834e-06 -8.809978e-02 -7.304279e-03 7.565285e-05 9.999732e-01 2.639869e+01
9.999619e-01 6.774713e-03 -5.507602e-03 -9.020782e+00 -6.777851e-03 9.999769e-01 -5.512852e-04 -9.175202e-02 5.503745e-03 5.885980e-04 9.999848e-01 2.657970e+01
9.999418e-01 -8.501360e-03 6.636955e-03 -8.864583e+00 8.503118e-03 9.999638e-01 -2.368115e-04 -9.296420e-02 -6.634707e-03 2.932285e-04 9.999778e-01 2.682807e+01
9.999743e-01 5.989758e-03 -3.930872e-03 -8.537702e+00 -5.990716e-03 9.999820e-01 -2.320680e-04 -9.767826e-02 3.929416e-03 2.556150e-04 9.999923e-01 2.694649e+01
9.999599e-01 -7.752728e-03 4.486499e-03 -8.370089e+00 7.754091e-03 9.999699e-01 -2.864202e-04 -1.007680e-01 -4.484148e-03 3.211933e-04 9.999898e-01 2.713507e+01
9.999975e-01 1.732696e-03 -1.437320e-03 -7.332114e+00 -1.730790e-03 9.999976e-01 1.325853e-03 -1.079733e-01 1.439618e-03 -1.323358e-03 9.999982e-01 2.708326e+01
9.999240e-01 -9.833694e-03 7.439026e-03 -5.956073e+00 9.829308e-03 9.999515e-01 6.259108e-04 -1.120512e-01 -7.444824e-03 -5.527466e-04 9.999720e-01 2.680452e+01
9.999953e-01 2.446988e-03 -1.858229e-03 -4.701807e+00 -2.445532e-03 9.999967e-01 7.853659e-04 -1.171353e-01 1.860148e-03 -7.808140e-04 9.999981e-01 2.657446e+01
9.999423e-01 -8.342365e-03 6.774906e-03 -3.696346e+00 8.344556e-03 9.999651e-01 -2.951885e-04 -1.243886e-01 -6.772210e-03 3.517014e-04 9.999769e-01 2.654597e+01
9.999999e-01 -4.214844e-04 -2.089912e-05 -2.223211e+00 4.215342e-04 9.999969e-01 2.439600e-03 -1.302501e-01 1.987286e-05 -2.439605e-03 9.999971e-01 2.622058e+01
9.999437e-01 -8.496933e-03 6.360197e-03 -7.078209e-01 8.499932e-03 9.999638e-01 -4.446531e-04 -1.340405e-01 -6.356190e-03 4.986860e-04 9.999796e-01 2.588191e+01
9.999947e-01 -2.477704e-03 2.128865e-03 1.101408e+00 2.469944e-03 9.999903e-01 3.640124e-03 -1.342852e-01 -2.137863e-03 -3.634844e-03 9.999912e-01 2.519568e+01
9.999420e-01 -8.147257e-03 7.050893e-03 2.712077e+00 8.149144e-03 9.999668e-01 -2.389416e-04 -1.333451e-01 -7.048712e-03 2.963839e-04 9.999750e-01 2.434969e+01
9.999981e-01 1.608204e-03 -1.077840e-03 3.827205e+00 -1.606767e-03 9.999978e-01 1.332810e-03 -1.390432e-01 1.079980e-03 -1.331073e-03 9.999986e-01 2.411375e+01
9.999718e-01 -6.312086e-03 4.058897e-03 4.704782e+00 6.318165e-03 9.999789e-01 -1.486749e-03 -1.470870e-01 -4.049426e-03 1.512349e-03 9.999906e-01 2.430535e+01
9.999956e-01 2.674438e-03 -1.277260e-03 5.426974e+00 -2.672843e-03 9.999956e-01 1.249383e-03 -1.538604e-01 1.280595e-03 -1.245961e-03 9.999985e-01 2.452177e+01
9.999619e-01 -7.696905e-03 4.127543e-03 6.349535e+00 7.701573e-03 9.999697e-01 -1.116244e-03 -1.617880e-01 -4.118825e-03 1.147988e-03 9.999908e-01 2.469470e+01
9.999992e-01 2.907414e-04 1.248562e-03 7.654175e+00 -2.934874e-04 9.999975e-01 2.199701e-03 -1.687193e-01 -1.247921e-03 -2.200064e-03 9.999969e-01 2.460587e+01
9.999378e-01 -9.155905e-03 6.361566e-03 9.215992e+00 9.158742e-03 9.999580e-01 -4.168535e-04 -1.756972e-01 -6.357479e-03 4.750892e-04 9.999796e-01 2.436644e+01
9.999986e-01 -4.942467e-04 1.593699e-03 1.094096e+01 4.890461e-04 9.999946e-01 3.261964e-03 -1.814957e-01 -1.595306e-03 -3.261178e-03 9.999935e-01 2.397692e+01
9.999229e-01 -1.027795e-02 6.974361e-03 1.279549e+01 1.027285e-02 9.999469e-01 7.659182e-04 -1.851392e-01 -6.981858e-03 -6.942141e-04 9.999753e-01 2.340174e+01
9.999994e-01 -6.220127e-05 1.078393e-03 1.455589e+01 5.942579e-05 9.999967e-01 2.573508e-03 -1.881339e-01 -1.078555e-03 -2.573441e-03 9.999962e-01 2.278739e+01
9.999006e-01 -1.175813e-02 7.784905e-03 1.652290e+01 1.174639e-02 9.999298e-01 1.552049e-03 -1.885342e-01 -7.802601e-03 -1.460451e-03 9.999684e-01 2.211675e+01
9.999980e-01 1.964364e-03 -2.271001e-04 1.820096e+01 -1.964103e-03 9.999974e-01 1.143444e-03 -1.919543e-01 2.293386e-04 -1.142995e-03 9.999994e-01 2.172419e+01
9.999017e-01 -1.185434e-02 7.481385e-03 1.987528e+01 1.184054e-02 9.999281e-01 1.886303e-03 -1.948387e-01 -7.503200e-03 -1.797535e-03 9.999701e-01 2.128875e+01
9.999981e-01 1.891674e-03 -5.371356e-04 2.158162e+01 -1.890777e-03 9.999968e-01 1.667019e-03 -1.975060e-01 5.402788e-04 -1.666000e-03 9.999986e-01 2.080313e+01
9.999143e-01 -1.113342e-02 6.894687e-03 2.318971e+01 1.112583e-02 9.999375e-01 1.138502e-03 -1.996285e-01 -6.906922e-03 -1.061696e-03 9.999755e-01 2.041906e+01
9.999996e-01 8.862563e-04 -2.453971e-04 2.493135e+01 -8.857309e-04 9.999973e-01 2.132927e-03 -2.016259e-01 2.472770e-04 -2.132709e-03 9.999978e-01 1.992644e+01
9.999064e-01 -1.146199e-02 7.469888e-03 2.674232e+01 1.145217e-02 9.999335e-01 1.355922e-03 -2.024614e-01 -7.484922e-03 -1.270249e-03 9.999711e-01 1.940571e+01
9.999996e-01 7.446559e-04 -5.326802e-04 2.854565e+01 -7.437193e-04 9.999982e-01 1.756280e-03 -2.037428e-01 5.339759e-04 -1.755884e-03 9.999984e-01 1.892206e+01
9.999080e-01 -1.107188e-02 7.835204e-03 3.034178e+01 1.107290e-02 9.999387e-01 -8.758248e-05 -2.084955e-01 -7.833742e-03 1.743338e-04 9.999692e-01 1.859313e+01
9.999998e-01 2.644117e-04 6.444438e-04 3.222079e+01 -2.657678e-04 9.999977e-01 2.105210e-03 -2.126008e-01 -6.438985e-04 -2.105382e-03 9.999977e-01 1.816544e+01
9.998894e-01 -1.213628e-02 8.598399e-03 3.418547e+01 1.212486e-02 9.999255e-01 1.379586e-03 -2.131339e-01 -8.614488e-03 -1.275177e-03 9.999620e-01 1.750578e+01
9.999993e-01 -7.538818e-04 9.399104e-04 3.648658e+01 7.517701e-04 9.999972e-01 2.245161e-03 -2.200100e-01 -9.416150e-04 -2.244454e-03 9.999971e-01 1.694569e+01
9.998289e-01 -1.423339e-02 1.181398e-02 3.899611e+01 1.418166e-02 9.998895e-01 4.451017e-03 -2.200130e-01 -1.187601e-02 -4.282712e-03 9.999202e-01 1.590307e+01
1.000000e+00 9.204736e-05 2.263596e-04 4.123300e+01 -9.262925e-05 9.999967e-01 2.572865e-03 -2.172328e-01 -2.261391e-04 -2.572889e-03 9.999968e-01 1.466497e+01
9.998495e-01 -1.339406e-02 1.102456e-02 4.334788e+01 1.335242e-02 9.999035e-01 3.842242e-03 -2.164590e-01 -1.107494e-02 -3.694456e-03 9.999317e-01 1.353127e+01
9.999997e-01 -7.894434e-04 2.170605e-04 4.565566e+01 7.888489e-04 9.999960e-01 2.726718e-03 -2.150749e-01 -2.192316e-04 -2.726549e-03 9.999964e-01 1.240653e+01
9.998432e-01 -1.386710e-02 1.101641e-02 4.807601e+01 1.382662e-02 9.998974e-01 3.742251e-03 -2.136637e-01 -1.106715e-02 -3.589340e-03 9.999322e-01 1.129835e+01
