9.999997e-01 -6.499728e-04 4.498381e-04 2.348320e-01 6.502992e-04 9.999995e-01 -7.259892e-04 -5.272505e-03 -4.493661e-04 7.262811e-04 9.999997e-01 1.874325e-01
9.999991e-01 6.057099e-04 -1.226899e-03 3.613200e-01 -6.043960e-04 9.999992e-01 1.070924e-03 -6.520076e-03 1.227547e-03 -1.070181e-03 9.999986e-01 4.700311e-01
9.999980e-01 -2.621019e-04 1.963581e-03 4.835651e-01 2.636874e-04 9.999996e-01 -8.072510e-04 -9.064142e-03 -1.963369e-03 8.077667e-04 9.999978e-01 7.654286e-01
9.999991e-01 -1.930553e-06 -1.337233e-03 6.389326e-01 2.947808e-06 9.999997e-01 7.607016e-04 -1.251536e-02 1.337231e-03 -7.607044e-04 9.999987e-01 9.927401e-01
9.999998e-01 1.262019e-04 6.710976e-04 6.675090e-01 -1.260412e-04 1.000000e+00 -2.394808e-04 -1.393803e-02 -6.711279e-04 2.393957e-04 9.999998e-01 1.137545e+00
9.999986e-01 -8.395333e-04 1.425496e-03 1.059062e+00 8.384580e-04 9.999994e-01 7.547795e-04 -2.470906e-02 -1.426129e-03 -7.535827e-04 9.999986e-01 1.052095e+00
9.999992e-01 -2.057228e-04 1.268654e-03 1.387916e+00 2.067482e-04 9.999997e-01 -8.081265e-04 -3.431895e-02 -1.268488e-03 8.083876e-04 9.999990e-01 1.044407e+00
9.999981e-01 7.575594e-04 -1.795900e-03 1.387120e+00 -7.551298e-04 9.999988e-01 1.353114e-03 -3.539021e-02 1.796923e-03 -1.351754e-03 9.999974e-01 1.199192e+00
9.999999e-01 3.130488e-04 2.391892e-04 1.285619e+00 -3.129733e-04 9.999999e-01 -3.157974e-04 -3.403772e-02 -2.392884e-04 3.157218e-04 1.000000e+00 1.369309e+00
9.999985e-01 7.310232e-04 -1.567689e-03 1.200066e+00 -7.289659e-04 9.999989e-01 1.312469e-03 -3.309234e-02 1.568647e-03 -1.311323e-03 9.999978e-01 1.538058e+00
9.999994e-01 -2.879011e-04 1.036152e-03 1.191050e+00 2.886801e-04 9.999997e-01 -7.517341e-04 -3.453062e-02 -1.035936e-03 7.520319e-04 9.999993e-01 1.641949e+00
9.999998e-01 2.892869e-04 -6.349850e-04 1.230836e+00 -2.887300e-04 9.999996e-01 8.769942e-04 -3.775739e-02 6.352386e-04 -8.768097e-04 9.999993e-01 1.715446e+00
9.999999e-01 -2.317700e-05 4.315704e-04 1.261529e+00 2.338112e-05 9.999999e-01 -4.729945e-04 -4.018549e-02 -4.315596e-04 4.730036e-04 9.999999e-01 1.822239e+00
9.999999e-01 9.536395e-05 -4.784743e-04 1.354478e+00 -9.507183e-05 9.999998e-01 6.104796e-04 -4.286483e-02 4.785326e-04 -6.104331e-04 9.999996e-01 1.992394e+00
9.999996e-01 -1.874933e-04 8.902896e-04 1.435990e+00 1.880211e-04 9.999998e-01 -5.928609e-04 -4.663410e-02 -8.901784e-04 5.930271e-04 9.999995e-01 2.076710e+00
9.999999e-01 -1.805422e-04 -4.155562e-04 1.557468e+00 1.807272e-04 9.999999e-01 4.450515e-04 -5.115670e-02 4.154760e-04 -4.451256e-04 9.999997e-01 2.155887e+00
9.999990e-01 -2.594086e-04 1.373689e-03 1.777755e+00 2.604714e-04 9.999997e-01 -7.735538e-04 -5.793566e-02 -1.373488e-03 7.739100e-04 9.999989e-01 2.205524e+00
9.999997e-01 -2.896608e-05 -7.348957e-04 1.904296e+00 2.937674e-05 9.999998e-01 5.587713e-04 -6.296879e-02 7.348799e-04 -5.587919e-04 9.999995e-01 2.267078e+00
9.999997e-01 -2.074776e-04 7.984598e-04 2.017519e+00 2.079419e-04 9.999998e-01 -5.814289e-04 -6.710993e-02 -7.983394e-04 5.815939e-04 9.999996e-01 2.342189e+00
9.999996e-01 3.160247e-04 -8.601384e-04 2.076235e+00 -3.153236e-04 9.999996e-01 8.151010e-04 -6.995664e-02 8.603961e-04 -8.148286e-04 9.999992e-01 2.457693e+00
9.999999e-01 -8.708510e-05 4.560908e-04 2.120069e+00 8.726987e-05 9.999999e-01 -4.051444e-04 -7.226195e-02 -4.560558e-04 4.051832e-04 9.999999e-01 2.572285e+00
9.999998e-01 -5.149295e-04 3.596304e-04 2.317411e+00 5.149137e-04 9.999999e-01 4.397999e-05 -7.799264e-02 -3.596525e-04 -4.379391e-05 9.999998e-01 2.651055e+00
1.000000e+00 2.051140e-04 2.198027e-05 2.446848e+00 -2.051105e-04 1.000000e+00 -1.597590e-04 -8.274462e-02 -2.201355e-05 1.597536e-04 1.000000e+00 2.721675e+00
9.999986e-01 -9.660204e-04 1.348298e-03 2.782923e+00 9.668106e-04 9.999994e-01 -5.855629e-04 -9.112580e-02 -1.347731e-03 5.868665e-04 9.999988e-01 2.771646e+00
1.000000e+00 2.263815e-04 7.187810e-05 3.007337e+00 -2.263771e-04 1.000000e+00 -6.070889e-05 -9.796850e-02 -7.189263e-05 6.069186e-05 1.000000e+00 2.830187e+00
9.999999e-01 -1.795999e-04 -3.229661e-04 3.053821e+00 1.797030e-04 9.999999e-01 3.193314e-04 -1.009046e-01 3.229095e-04 -3.193886e-04 9.999998e-01 2.912963e+00
9.999995e-01 -1.625180e-04 9.407591e-04 3.202241e+00 1.629638e-04 9.999999e-01 -4.737685e-04 -1.058815e-01 -9.406828e-04 4.739208e-04 9.999995e-01 2.986952e+00
9.999998e-01 -5.340447e-04 3.747602e-04 3.430279e+00 5.339290e-04 9.999998e-01 3.088049e-04 -1.116821e-01 -3.749241e-04 -3.086040e-04 9.999998e-01 3.109446e+00
9.999999e-01 2.714254e-04 2.090336e-04 3.614442e+00 -2.713676e-04 9.999999e-01 -2.765747e-04 -1.158739e-01 -2.091097e-04 2.765173e-04 1.000000e+00 3.292998e+00
9.999997e-01 -5.049813e-04 5.798982e-04 3.806111e+00 5.047937e-04 9.999998e-01 3.236223e-04 -1.204868e-01 -5.800605e-04 -3.233288e-04 9.999997e-01 3.457308e+00
1.000000e+00 2.375224e-04 6.389439e-07 3.969724e+00 -2.375222e-04 9.999999e-01 -3.561969e-04 -1.249805e-01 -7.247033e-07 3.561960e-04 1.000000e+00 3.593325e+00
9.999995e-01 -5.581411e-04 8.166187e-04 4.172004e+00 5.578896e-04 9.999998e-01 3.082179e-04 -1.298674e-01 -8.167894e-04 -3.077614e-04 9.999995e-01 3.757308e+00
9.999995e-01 8.650076e-04 -5.122872e-04 4.244813e+00 -8.649836e-04 9.999996e-01 4.692964e-05 -1.326503e-01 5.123263e-04 -4.648728e-05 1.000000e+00 3.915160e+00
9.999977e-01 -1.776291e-03 1.218193e-03 4.363238e+00 1.775500e-03 9.999982e-01 6.500439e-04 -1.373944e-01 -1.219344e-03 -6.478786e-04 9.999989e-01 3.869929e+00
9.999999e-01 4.130638e-05 3.760908e-04 4.570659e+00 -4.130841e-05 1.000000e+00 5.365532e-06 -1.429322e-01 -3.760921e-04 -5.381976e-06 1.000000e+00 3.678358e+00
9.999993e-01 -7.000147e-04 9.915672e-04 4.723047e+00 6.997477e-04 9.999997e-01 2.696659e-04 -1.480371e-01 -9.917541e-04 -2.689709e-04 9.999994e-01 3.756841e+00
9.999989e-01 8.002686e-04 -1.223607e-03 4.871251e+00 -8.004240e-04 9.999997e-01 -1.265259e-04 -1.508827e-01 1.223504e-03 1.275042e-04 9.999993e-01 3.978467e+00
9.999978e-01 -1.246019e-03 1.696365e-03 5.061297e+00 1.246206e-03 9.999992e-01 -1.090513e-04 -1.555968e-01 -1.696227e-03 1.111660e-04 9.999985e-01 4.130076e+00
9.999996e-01 3.927769e-04 -7.938111e-04 5.697914e+00 -3.921921e-04 9.999997e-01 7.366685e-04 -1.665548e-01 7.940984e-04 -7.363579e-04 9.999995e-01 3.933613e+00
9.999947e-01 -1.279907e-03 2.988236e-03 6.421477e+00 1.283131e-03 9.999986e-01 -1.077015e-03 -1.767187e-01 -2.986851e-03 1.080844e-03 9.999949e-01 3.812638e+00
9.999897e-01 -2.268134e-03 -3.931775e-03 8.188712e+00 2.293683e-03 9.999762e-01 6.505550e-03 -1.833946e-01 3.916924e-03 -6.514503e-03 9.999712e-01 2.197990e+00
9.999623e-01 -8.638036e-03 -8.973411e-04 1.099928e+01 8.638549e-03 9.999625e-01 5.695426e-04 -1.765660e-01 8.923891e-04 -5.772707e-04 9.999993e-01 -1.192225e+00
1.000000e+00 -2.597685e-05 2.712314e-04 1.415193e+01 2.424818e-05 9.999797e-01 6.371480e-03 -1.793750e-01 -2.713927e-04 -6.371476e-03 9.999798e-01 -3.983997e+00
9.999165e-01 -1.129978e-02 -6.264083e-03 1.806037e+01 1.132564e-02 9.999274e-01 4.108022e-03 -1.757524e-01 6.217209e-03 -4.178620e-03 9.999718e-01 -7.941949e+00
9.999848e-01 -5.499713e-03 4.450796e-04 2.169565e+01 5.497750e-03 9.999757e-01 4.297131e-03 -1.636740e-01 -4.687020e-04 -4.294623e-03 9.999908e-01 -1.246622e+01
9.999830e-01 -4.455663e-03 -3.760028e-03 2.453889e+01 4.469727e-03 9.999830e-01 3.740163e-03 -1.600588e-01 3.743299e-03 -3.756900e-03 9.999858e-01 -1.567552e+01
9.999901e-01 3.346778e-04 4.429102e-03 2.619699e+01 -3.352866e-04 9.999999e-01 1.367114e-04 -1.673054e-01 -4.429056e-03 -1.382011e-04 9.999903e-01 -1.687840e+01
9.999959e-01 -2.108748e-03 -1.943507e-03 2.708904e+01 2.108495e-03 9.999978e-01 -1.319750e-04 -1.822550e-01 1.943781e-03 1.278825e-04 9.999980e-01 -1.705122e+01
9.999939e-01 1.603204e-04 3.480675e-03 2.802236e+01 -1.649681e-04 9.999991e-01 1.335045e-03 -2.000090e-01 -3.480459e-03 -1.335617e-03 9.999932e-01 -1.738602e+01
9.999733e-01 -6.036667e-03 -4.122604e-03 2.816558e+01 6.028544e-03 9.999799e-01 -1.979933e-03 -1.984703e-01 4.134474e-03 1.955033e-03 9.999894e-01 -1.826054e+01
9.999940e-01 5.385784e-04 3.413351e-03 2.816694e+01 -5.440703e-04 9.999986e-01 1.608202e-03 -1.952451e-01 -3.412480e-03 -1.610055e-03 9.999930e-01 -1.904792e+01
9.999809e-01 -5.368705e-03 -3.054738e-03 2.816572e+01 5.364809e-03 9.999848e-01 -1.282135e-03 -1.936849e-01 3.061575e-03 1.265729e-03 9.999944e-01 -1.967018e+01
9.999913e-01 2.561935e-03 3.297497e-03 2.805621e+01 -2.570914e-03 9.999930e-01 2.721637e-03 -1.921598e-01 -3.290501e-03 -2.730097e-03 9.999910e-01 -2.002225e+01
9.999905e-01 -3.361364e-03 -2.774950e-03 2.786424e+01 3.359536e-03 9.999941e-01 -6.631184e-04 -1.889674e-01 2.777163e-03 6.537959e-04 9.999958e-01 -2.005931e+01
9.999901e-01 3.382231e-03 2.891288e-03 2.759081e+01 -3.391969e-03 9.999886e-01 3.369857e-03 -1.835786e-01 -2.879858e-03 -3.379637e-03 9.999902e-01 -1.996545e+01
9.999926e-01 -2.230886e-03 -3.122968e-03 2.723951e+01 2.226906e-03 9.999967e-01 -1.277178e-03 -1.760030e-01 3.125808e-03 1.270221e-03 9.999942e-01 -1.970042e+01
9.999884e-01 4.815523e-03 -6.740885e-05 2.672889e+01 -4.815180e-03 9.999787e-01 4.403650e-03 -1.630018e-01 8.861319e-05 -4.403282e-03 9.999904e-01 -1.925507e+01
9.999915e-01 -1.826078e-03 -3.692949e-03 2.615308e+01 1.823185e-03 9.999980e-01 -7.866147e-04 -1.478855e-01 3.694378e-03 7.798826e-04 9.999928e-01 -1.873170e+01
9.999908e-01 3.379135e-03 2.636318e-03 2.573692e+01 -3.388519e-03 9.999879e-01 3.563220e-03 -1.383981e-01 -2.624245e-03 -3.572128e-03 9.999903e-01 -1.837661e+01
9.999915e-01 -3.750434e-03 -1.729151e-03 2.550968e+01 3.748858e-03 9.999926e-01 -9.140753e-04 -1.343843e-01 1.732566e-03 9.075932e-04 9.999980e-01 -1.830487e+01
9.999939e-01 1.581697e-03 3.117140e-03 2.542277e+01 -1.589971e-03 9.999952e-01 2.653762e-03 -1.335875e-01 -3.112928e-03 -2.658710e-03 9.999917e-01 -1.848350e+01
9.999707e-01 -7.146376e-03 -2.755048e-03 2.542569e+01 7.139691e-03 9.999716e-01 -2.428547e-03 -1.314384e-01 2.772325e-03 2.408814e-03 9.999932e-01 -1.918033e+01
9.999986e-01 1.717922e-04 1.660902e-03 2.542738e+01 -1.748783e-04 9.999983e-01 1.858130e-03 -1.252248e-01 -1.660580e-03 -1.858426e-03 9.999970e-01 -2.021987e+01
9.999640e-01 -7.670982e-03 -3.630300e-03 2.550434e+01 7.664237e-03 9.999689e-01 -1.868200e-03 -1.170213e-01 3.644518e-03 1.840317e-03 9.999916e-01 -2.155094e+01
9.999974e-01 9.242260e-04 2.075625e-03 2.566330e+01 -9.304766e-04 9.999950e-01 3.012511e-03 -1.087437e-01 -2.072830e-03 -3.014443e-03 9.999934e-01 -2.294916e+01
9.999958e-01 -2.728996e-03 -1.020738e-03 2.592436e+01 2.726244e-03 9.999927e-01 -2.687344e-03 -1.127419e-01 1.028064e-03 2.684558e-03 9.999958e-01 -2.338311e+01
9.999945e-01 2.986728e-03 1.437084e-03 2.591575e+01 -2.991329e-03 9.999904e-01 3.209908e-03 -1.142275e-01 -1.427482e-03 -3.214197e-03 9.999939e-01 -2.327421e+01
9.999960e-01 -2.725165e-03 -7.993065e-04 2.594446e+01 2.723112e-03 9.999930e-01 -2.558213e-03 -1.166154e-01 8.062722e-04 2.556035e-03 9.999963e-01 -2.318106e+01
9.999966e-01 2.387165e-03 1.087046e-03 2.621749e+01 -2.389758e-03 9.999943e-01 2.390635e-03 -1.228167e-01 -1.081333e-03 -2.393233e-03 9.999967e-01 -2.315199e+01
9.999956e-01 -2.869091e-03 -7.076642e-04 2.639641e+01 2.867154e-03 9.999922e-01 -2.723127e-03 -1.284123e-01 7.154714e-04 2.721095e-03 9.999959e-01 -2.310368e+01
9.999943e-01 3.293246e-03 -6.972497e-04 2.634468e+01 -3.291008e-03 9.999895e-01 3.186443e-03 -1.289003e-01 7.077364e-04 -3.184139e-03 9.999948e-01 -2.301074e+01
9.999952e-01 -3.070660e-03 -3.094850e-04 2.633176e+01 3.069736e-03 9.999910e-01 -2.942105e-03 -1.305279e-01 3.185160e-04 2.941149e-03 9.999955e-01 -2.294699e+01
9.999922e-01 3.634541e-03 -1.539501e-03 2.622252e+01 -3.628988e-03 9.999870e-01 3.594710e-03 -1.294478e-01 1.552547e-03 -3.589104e-03 9.999925e-01 -2.283674e+01
9.999942e-01 -3.303019e-03 8.122875e-04 2.623479e+01 3.305575e-03 9.999895e-01 -3.166471e-03 -1.315759e-01 -8.018208e-04 3.169147e-03 9.999946e-01 -2.275894e+01
9.999934e-01 3.371173e-03 -1.360576e-03 2.623700e+01 -3.366470e-03 9.999884e-01 3.444780e-03 -1.338355e-01 1.372174e-03 -3.440185e-03 9.999932e-01 -2.269013e+01
9.999958e-01 -2.845778e-03 -6.010339e-04 2.614596e+01 2.843973e-03 9.999915e-01 -2.983280e-03 -1.331882e-01 6.095176e-04 2.981567e-03 9.999953e-01 -2.259519e+01
9.999958e-01 2.907035e-03 -1.699352e-04 2.620331e+01 -2.906491e-03 9.999909e-01 3.117501e-03 -1.364574e-01 1.789974e-04 -3.117003e-03 9.999952e-01 -2.254118e+01
9.999938e-01 -3.513828e-03 2.763475e-04 2.641568e+01 3.514799e-03 9.999874e-01 -3.592581e-03 -1.429672e-01 -2.637213e-04 3.593539e-03 9.999934e-01 -2.252089e+01
9.999955e-01 2.913380e-03 -6.660963e-04 2.676184e+01 -2.910661e-03 9.999876e-01 4.047069e-03 -1.521523e-01 6.778798e-04 -4.045121e-03 9.999917e-01 -2.257811e+01
9.999881e-01 -4.764928e-03 1.082877e-03 2.736161e+01 4.768007e-03 9.999845e-01 -2.859158e-03 -1.641791e-01 -1.069237e-03 2.864296e-03 9.999952e-01 -2.283502e+01
9.999955e-01 2.929167e-03 -6.447965e-04 2.789521e+01 -2.926733e-03 9.999887e-01 3.743306e-03 -1.761167e-01 6.557549e-04 -3.741411e-03 9.999929e-01 -2.305574e+01
9.999849e-01 -5.411926e-03 9.006998e-04 2.855028e+01 5.414188e-03 9.999821e-01 -2.527393e-03 -1.890355e-01 -8.870065e-04 2.532240e-03 9.999963e-01 -2.339314e+01
9.999910e-01 4.241346e-03 1.228941e-04 2.876689e+01 -4.241597e-03 9.999888e-01 2.122012e-03 -1.971917e-01 -1.138917e-04 -2.122523e-03 9.999978e-01 -2.339537e+01
9.999907e-01 -3.931773e-03 -1.781248e-03 2.869670e+01 3.928578e-03 9.999907e-01 -1.793603e-03 -1.972428e-01 1.788283e-03 1.786597e-03 9.999967e-01 -2.331393e+01
9.999899e-01 4.478662e-03 -2.837063e-04 2.859680e+01 -4.478016e-03 9.999875e-01 2.236418e-03 -1.962185e-01 2.937202e-04 -2.235134e-03 9.999976e-01 -2.322073e+01
9.999907e-01 -3.890969e-03 -1.838814e-03 2.849311e+01 3.887736e-03 9.999909e-01 -1.758523e-03 -1.950822e-01 1.845638e-03 1.751367e-03 9.999967e-01 -2.312366e+01
9.999910e-01 4.253609e-03 2.125835e-05 2.842245e+01 -4.253644e-03 9.999888e-01 2.084564e-03 -1.950776e-01 -1.238959e-05 -2.084644e-03 9.999979e-01 -2.304927e+01
9.999908e-01 -3.903393e-03 -1.758676e-03 2.834962e+01 3.900341e-03 9.999909e-01 -1.735543e-03 -1.950633e-01 1.765433e-03 1.728677e-03 9.999968e-01 -2.297062e+01
9.999910e-01 4.226945e-03 1.918997e-04 2.828265e+01 -4.227348e-03 9.999888e-01 2.148744e-03 -1.952219e-01 -1.828130e-04 -2.149545e-03 9.999978e-01 -2.289018e+01
9.999907e-01 -2.914613e-03 -3.182099e-03 2.804618e+01 2.912445e-03 9.999955e-01 -6.855830e-04 -1.901180e-01 3.184081e-03 6.763182e-04 9.999946e-01 -2.268238e+01
9.999915e-01 4.123971e-03 2.339644e-04 2.785386e+01 -4.124374e-03 9.999900e-01 1.748460e-03 -1.861502e-01 -2.267489e-04 -1.749419e-03 9.999985e-01 -2.251741e+01
9.999813e-01 -5.789916e-03 1.987816e-03 2.861248e+01 5.796252e-03 9.999781e-01 -3.196212e-03 -1.995716e-01 -1.969269e-03 3.207683e-03 9.999928e-01 -2.249921e+01
9.999925e-01 3.834267e-03 4.799990e-04 2.930749e+01 -3.834720e-03 9.999922e-01 9.460705e-04 -2.122050e-01 -4.763658e-04 -9.479132e-04 9.999995e-01 -2.241735e+01
9.999923e-01 -3.834288e-03 -8.557282e-04 2.935374e+01 3.833516e-03 9.999922e-01 -9.016282e-04 -2.155310e-01 8.591766e-04 8.983499e-04 9.999991e-01 -2.236697e+01
9.999920e-01 3.992773e-03 -5.059838e-05 2.934545e+01 -3.992715e-03 9.999914e-01 1.094978e-03 -2.175209e-01 5.497214e-05 -1.094776e-03 9.999995e-01 -2.230882e+01
9.999921e-01 -3.767638e-03 -1.262297e-03 2.931733e+01 3.766595e-03 9.999926e-01 -8.275867e-04 -2.187985e-01 1.265403e-03 8.228348e-04 9.999988e-01 -2.224760e+01
9.999922e-01 3.940585e-03 1.768491e-04 2.930108e+01 -3.940769e-03 9.999917e-01 1.052089e-03 -2.204983e-01 -1.726994e-04 -1.052787e-03 9.999995e-01 -2.219056e+01
9.999917e-01 -3.658710e-03 -1.790874e-03 2.924078e+01 3.657241e-03 9.999930e-01 -8.225851e-04 -2.208264e-01 1.793868e-03 8.160378e-04 9.999980e-01 -2.212645e+01
9.999913e-01 4.165733e-03 -8.132217e-05 2.914322e+01 -4.165630e-03 9.999906e-01 1.237227e-03 -2.199733e-01 8.647814e-05 -1.236886e-03 9.999993e-01 -2.204648e+01
9.999916e-01 -3.755962e-03 -1.654424e-03 2.908228e+01 3.754286e-03 9.999924e-01 -1.014853e-03 -2.200319e-01 1.658220e-03 1.008643e-03 9.999980e-01 -2.198735e+01
9.999920e-01 3.935055e-03 7.131379e-04 2.906784e+01 -3.935874e-03 9.999916e-01 1.150798e-03 -2.217378e-01 -7.086004e-04 -1.153605e-03 9.999992e-01 -2.193430e+01
9.999912e-01 -3.707780e-03 -1.937736e-03 2.904072e+01 3.705955e-03 9.999927e-01 -9.444252e-04 -2.230435e-01 1.941221e-03 9.372450e-04 9.999976e-01 -2.188029e+01
9.999917e-01 3.620162e-03 1.863232e-03 2.910657e+01 -3.621547e-03 9.999932e-01 7.403805e-04 -2.269416e-01 -1.860536e-03 -7.471314e-04 9.999981e-01 -2.184642e+01
9.999900e-01 -3.484638e-03 -2.790909e-03 2.908012e+01 3.482913e-03 9.999937e-01 -6.224769e-04 -2.283613e-01 2.793057e-03 6.127595e-04 9.999958e-01 -2.179277e+01
9.999915e-01 4.021816e-03 8.869256e-04 2.897013e+01 -4.022751e-03 9.999914e-01 1.054620e-03 -2.271081e-01 -8.826729e-04 -1.058189e-03 9.999992e-01 -2.171192e+01
9.999900e-01 -3.278209e-03 -3.039466e-03 2.882638e+01 3.276875e-03 9.999945e-01 -4.437521e-04 -2.247642e-01 3.040900e-03 4.337971e-04 9.999952e-01 -2.160738e+01
9.999906e-01 4.303424e-03 4.797044e-04 2.864766e+01 -4.304041e-03 9.999899e-01 1.293330e-03 -2.212008e-01 -4.741298e-04 -1.295392e-03 9.999991e-01 -2.147258e+01
9.999902e-01 -3.349189e-03 -2.911877e-03 2.847838e+01 3.347637e-03 9.999943e-01 -5.377409e-04 -2.179430e-01 2.913657e-03 5.279972e-04 9.999955e-01 -2.134589e+01
9.999905e-01 4.320419e-03 4.883493e-04 2.830196e+01 -4.321069e-03 9.999898e-01 1.336259e-03 -2.144836e-01 -4.825667e-04 -1.338366e-03 9.999991e-01 -2.121655e+01
9.999902e-01 -3.298845e-03 -2.952153e-03 2.811897e+01 3.297341e-03 9.999944e-01 -5.142064e-04 -2.108127e-01 2.953828e-03 5.044768e-04 9.999954e-01 -2.108750e+01
9.999910e-01 4.216597e-03 5.247368e-04 2.795829e+01 -4.217246e-03 9.999903e-01 1.241895e-03 -2.077980e-01 -5.194902e-04 -1.244106e-03 9.999992e-01 -2.096754e+01
9.999903e-01 -3.460786e-03 -2.726395e-03 2.782170e+01 3.459110e-03 9.999938e-01 -6.192580e-04 -2.056272e-01 2.728516e-03 6.098309e-04 9.999960e-01 -2.085608e+01
9.999909e-01 4.226989e-03 4.991850e-04 2.768205e+01 -4.227625e-03 9.999902e-01 1.278359e-03 -2.033553e-01 -4.937712e-04 -1.280467e-03 9.999992e-01 -2.074353e+01
9.999901e-01 -3.292960e-03 -2.984545e-03 2.752727e+01 3.291361e-03 9.999944e-01 -5.407720e-04 -2.005142e-01 2.986303e-03 5.309534e-04 9.999953e-01 -2.061782e+01
9.999914e-01 4.071623e-03 7.408493e-04 2.739118e+01 -4.072466e-03 9.999911e-01 1.139064e-03 -1.983254e-01 -7.361990e-04 -1.142081e-03 9.999992e-01 -2.050905e+01
9.999903e-01 -3.266367e-03 -2.959183e-03 2.724596e+01 3.265004e-03 9.999946e-01 -4.654286e-04 -1.959142e-01 2.960681e-03 4.557724e-04 9.999954e-01 -2.039475e+01
9.999911e-01 4.192011e-03 5.530086e-04 2.708255e+01 -4.192701e-03 9.999904e-01 1.251673e-03 -1.928805e-01 -5.477499e-04 -1.253991e-03 9.999992e-01 -2.026988e+01
9.999904e-01 -3.327446e-03 -2.865687e-03 2.692548e+01 3.325948e-03 9.999943e-01 -5.272304e-04 -1.900849e-01 2.867419e-03 5.177044e-04 9.999957e-01 -2.014876e+01
9.999913e-01 4.143002e-03 5.721766e-04 2.677770e+01 -4.143687e-03 9.999907e-01 1.200348e-03 -1.875602e-01 -5.671914e-04 -1.202719e-03 9.999992e-01 -2.003280e+01
9.999908e-01 -3.585110e-03 -2.355770e-03 2.666579e+01 3.583580e-03 9.999934e-01 -6.535109e-04 -1.862361e-01 2.358091e-03 6.450732e-04 9.999969e-01 -1.993567e+01
9.999915e-01 4.058439e-03 7.314609e-04 2.655253e+01 -4.059330e-03 9.999910e-01 1.219949e-03 -1.850590e-01 -7.264961e-04 -1.222918e-03 9.999991e-01 -1.983645e+01
9.999901e-01 -3.353057e-03 -2.913765e-03 2.641779e+01 3.351181e-03 9.999942e-01 -6.487048e-04 -1.829582e-01 2.915916e-03 6.389443e-04 9.999954e-01 -1.973538e+01
9.999913e-01 4.117908e-03 7.135388e-04 2.626700e+01 -4.118854e-03 9.999906e-01 1.328911e-03 -1.803914e-01 -7.080522e-04 -1.331849e-03 9.999990e-01 -1.962570e+01
9.999894e-01 -2.970749e-03 -3.528960e-03 2.607607e+01 2.969320e-03 9.999955e-01 -4.103180e-04 -1.763968e-01 3.530156e-03 3.998456e-04 9.999936e-01 -1.947200e+01
9.999918e-01 3.718100e-03 1.607606e-03 2.594378e+01 -3.719905e-03 9.999925e-01 1.121375e-03 -1.745185e-01 -1.603416e-03 -1.127356e-03 9.999982e-01 -1.934812e+01
9.999884e-01 -2.941942e-03 -3.804664e-03 2.578129e+01 2.940576e-03 9.999956e-01 -3.648934e-04 -1.715983e-01 3.805713e-03 3.537120e-04 9.999926e-01 -1.922760e+01
9.999915e-01 3.959838e-03 1.123521e-03 2.559597e+01 -3.961222e-03 9.999914e-01 1.231574e-03 -1.678304e-01 -1.118626e-03 -1.236025e-03 9.999987e-01 -1.909038e+01
9.999881e-01 -2.851788e-03 -3.947922e-03 2.540549e+01 2.850650e-03 9.999959e-01 -2.940019e-04 -1.638648e-01 3.948736e-03 2.827552e-04 9.999921e-01 -1.894024e+01
9.999918e-01 3.895807e-03 1.130682e-03 2.523395e+01 -3.897100e-03 9.999918e-01 1.142344e-03 -1.604798e-01 -1.126213e-03 -1.146752e-03 9.999988e-01 -1.879214e+01
9.999896e-01 -3.014576e-03 -3.416503e-03 2.509623e+01 3.013321e-03 9.999954e-01 -3.727050e-04 -1.582202e-01 3.417602e-03 3.624172e-04 9.999940e-01 -1.865212e+01
9.999910e-01 3.673135e-03 2.109333e-03 2.501954e+01 -3.675457e-03 9.999926e-01 1.097895e-03 -1.579502e-01 -2.105275e-03 -1.105649e-03 9.999973e-01 -1.853886e+01
9.999910e-01 -3.380866e-03 -2.554604e-03 2.498832e+01 3.379228e-03 9.999941e-01 -6.458039e-04 -1.593184e-01 2.556763e-03 6.371767e-04 9.999964e-01 -1.843986e+01
9.999893e-01 3.305231e-03 3.244362e-03 2.505751e+01 -3.307812e-03 9.999942e-01 7.904381e-04 -1.643077e-01 -3.241721e-03 -8.011726e-04 9.999945e-01 -1.837602e+01
9.999899e-01 -3.419883e-03 -2.902508e-03 2.505199e+01 3.417948e-03 9.999939e-01 -6.714865e-04 -1.667769e-01 2.904778e-03 6.615703e-04 9.999955e-01 -1.829803e+01
9.999905e-01 4.355465e-03 3.269557e-04 2.488836e+01 -4.355966e-03 9.999893e-01 1.548148e-03 -1.637560e-01 -3.201996e-04 -1.549569e-03 9.999988e-01 -1.814838e+01
9.999900e-01 -3.525183e-03 -2.762726e-03 2.474210e+01 3.523187e-03 9.999935e-01 -7.272250e-04 -1.613002e-01 2.765262e-03 7.174955e-04 9.999958e-01 -1.800847e+01
9.999908e-01 4.123161e-03 1.169615e-03 2.463135e+01 -4.124855e-03 9.999904e-01 1.448500e-03 -1.602877e-01 -1.163621e-03 -1.453322e-03 9.999984e-01 -1.788762e+01
9.999909e-01 -3.675760e-03 -2.161918e-03 2.454959e+01 3.673997e-03 9.999929e-01 -8.189186e-04 -1.602156e-01 2.164903e-03 8.109798e-04 9.999972e-01 -1.777663e+01
9.999904e-01 4.316459e-03 7.605450e-04 2.443474e+01 -4.317695e-03 9.999894e-01 1.630289e-03 -1.591267e-01 -7.534894e-04 -1.633568e-03 9.999985e-01 -1.764670e+01
9.999916e-01 -3.835637e-03 -1.452488e-03 2.439222e+01 3.834062e-03 9.999921e-01 -1.086249e-03 -1.599287e-01 1.456633e-03 1.080683e-03 9.999983e-01 -1.752736e+01
9.999912e-01 3.825490e-03 1.728100e-03 2.442271e+01 -3.827664e-03 9.999919e-01 1.256471e-03 -1.630014e-01 -1.723269e-03 -1.263086e-03 9.999978e-01 -1.743880e+01
9.999892e-01 -3.185928e-03 -3.387016e-03 2.429602e+01 3.184336e-03 9.999948e-01 -4.753869e-04 -1.615443e-01 3.388502e-03 4.646081e-04 9.999941e-01 -1.730414e+01
9.999923e-01 3.701003e-03 1.280691e-03 2.419067e+01 -3.702205e-03 9.999927e-01 9.368257e-04 -1.603560e-01 -1.277204e-03 -9.415716e-04 9.999988e-01 -1.720948e+01
9.999900e-01 -3.578476e-03 -2.670025e-03 2.416684e+01 3.576280e-03 9.999933e-01 -8.268876e-04 -1.618028e-01 2.672955e-03 8.173424e-04 9.999960e-01 -1.715424e+01
9.999923e-01 3.742301e-03 1.175835e-03 2.413084e+01 -3.743485e-03 9.999925e-01 1.005164e-03 -1.628801e-01 -1.172053e-03 -1.009570e-03 9.999989e-01 -1.709617e+01
9.999897e-01 -3.344174e-03 -3.059718e-03 2.405517e+01 3.341923e-03 9.999941e-01 -7.406070e-04 -1.627066e-01 3.062166e-03 7.303858e-04 9.999949e-01 -1.702547e+01
9.999925e-01 3.678328e-03 1.234022e-03 2.399045e+01 -3.679497e-03 9.999928e-01 9.462127e-04 -1.628592e-01 -1.230521e-03 -9.507580e-04 9.999989e-01 -1.695729e+01
9.999916e-01 -3.629343e-03 -1.910915e-03 2.401992e+01 3.627606e-03 9.999930e-01 -9.122585e-04 -1.658627e-01 1.914201e-03 9.053306e-04 9.999977e-01 -1.690244e+01
9.999922e-01 3.637672e-03 1.518617e-03 2.406445e+01 -3.639074e-03 9.999930e-01 9.211081e-04 -1.691548e-01 -1.515244e-03 -9.266391e-04 9.999985e-01 -1.683295e+01
9.999912e-01 -3.475776e-03 -2.355313e-03 2.405597e+01 3.474039e-03 9.999937e-01 -7.415451e-04 -1.712154e-01 2.357864e-03 7.333679e-04 9.999969e-01 -1.676769e+01
9.999928e-01 3.655951e-03 1.021286e-03 2.402014e+01 -3.656875e-03 9.999929e-01 9.039919e-04 -1.724338e-01 -1.017963e-03 -9.077319e-04 9.999992e-01 -1.670219e+01
9.999906e-01 -3.390701e-03 -2.698344e-03 2.396695e+01 3.388871e-03 9.999940e-01 -6.826114e-04 -1.729441e-01 2.700630e-03 6.734726e-04 9.999960e-01 -1.663003e+01
9.999922e-01 3.892407e-03 6.198504e-04 2.388249e+01 -3.893062e-03 9.999919e-01 1.057604e-03 -1.724049e-01 -6.157166e-04 -1.060020e-03 9.999993e-01 -1.653493e+01
9.999906e-01 -3.401976e-03 -2.692413e-03 2.379807e+01 3.400067e-03 9.999940e-01 -7.133977e-04 -1.718698e-01 2.694812e-03 7.042486e-04 9.999960e-01 -1.644354e+01
9.999927e-01 3.632975e-03 1.159469e-03 2.375537e+01 -3.634021e-03 9.999930e-01 9.008275e-04 -1.727052e-01 -1.156176e-03 -9.050465e-04 9.999990e-01 -1.638110e+01
9.999914e-01 -3.511229e-03 -2.198943e-03 2.373560e+01 3.509493e-03 9.999935e-01 -7.933891e-04 -1.744840e-01 2.201702e-03 7.856771e-04 9.999972e-01 -1.632229e+01
9.999928e-01 3.742047e-03 5.885649e-04 2.368574e+01 -3.742625e-03 9.999925e-01 9.831609e-04 -1.751077e-01 -5.848687e-04 -9.853686e-04 9.999994e-01 -1.625460e+01
9.999929e-01 -3.399177e-03 -1.624809e-03 2.366480e+01 3.398174e-03 9.999940e-01 -6.197021e-04 -1.766032e-01 1.626893e-03 6.141884e-04 9.999984e-01 -1.617681e+01
9.999932e-01 3.231692e-03 1.753804e-03 2.372061e+01 -3.232621e-03 9.999946e-01 5.268904e-04 -1.806915e-01 -1.752079e-03 -5.325682e-04 9.999984e-01 -1.611671e+01
9.999929e-01 -3.326616e-03 -1.775178e-03 2.375540e+01 3.325646e-03 9.999943e-01 -5.490825e-04 -1.841896e-01 1.776982e-03 5.431870e-04 9.999982e-01 -1.605817e+01
9.999934e-01 3.606205e-03 3.780256e-04 2.369087e+01 -3.606526e-03 9.999931e-01 8.496807e-04 -1.845827e-01 -3.749458e-04 -8.510505e-04 9.999997e-01 -1.597359e+01
9.999921e-01 -2.960176e-03 -2.644650e-03 2.358578e+01 2.959194e-03 9.999956e-01 -3.754883e-04 -1.833755e-01 2.645736e-03 3.676714e-04 9.999963e-01 -1.586560e+01
9.999937e-01 3.518358e-03 5.125304e-04 2.348225e+01 -3.518772e-03 9.999935e-01 8.070497e-04 -1.822630e-01 -5.096741e-04 -8.088602e-04 9.999996e-01 -1.577043e+01
9.999925e-01 -3.065264e-03 -2.365428e-03 2.339969e+01 3.064227e-03 9.999952e-01 -4.422591e-04 -1.818897e-01 2.366759e-03 4.350198e-04 9.999970e-01 -1.568064e+01
9.999934e-01 3.598950e-03 5.819759e-04 2.331365e+01 -3.599480e-03 9.999931e-01 9.119894e-04 -1.814041e-01 -5.786759e-04 -9.140903e-04 9.999995e-01 -1.557365e+01
9.999934e-01 -3.167338e-03 -1.780620e-03 2.325686e+01 3.166522e-03 9.999949e-01 -4.614070e-04 -1.819748e-01 1.782059e-03 4.557778e-04 9.999982e-01 -1.548361e+01
9.999935e-01 3.216948e-03 1.630966e-03 2.329035e+01 -3.217952e-03 9.999946e-01 6.128464e-04 -1.852624e-01 -1.628971e-03 -6.181031e-04 9.999986e-01 -1.541376e+01
9.999930e-01 -3.553762e-03 -1.141190e-03 2.340064e+01 3.552726e-03 9.999933e-01 -9.093384e-04 -1.907068e-01 1.144400e-03 9.052900e-04 9.999988e-01 -1.535908e+01
9.999929e-01 3.767272e-03 1.305028e-04 2.335253e+01 -3.767428e-03 9.999922e-01 1.212299e-03 -1.917134e-01 -1.259207e-04 -1.212794e-03 9.999994e-01 -1.528177e+01
9.999923e-01 -3.188431e-03 -2.278055e-03 2.325472e+01 3.186688e-03 9.999946e-01 -7.686239e-04 -1.907152e-01 2.280479e-03 7.613709e-04 9.999970e-01 -1.517940e+01
9.999935e-01 3.566398e-03 5.563319e-04 2.317919e+01 -3.567019e-03 9.999930e-01 1.117912e-03 -1.905112e-01 -5.523267e-04 -1.119901e-03 9.999993e-01 -1.509499e+01
9.999918e-01 -3.051263e-03 -2.658008e-03 2.308753e+01 3.049338e-03 9.999951e-01 -7.284838e-04 -1.896930e-01 2.660203e-03 7.203850e-04 9.999961e-01 -1.499988e+01
9.999934e-01 3.578348e-03 5.588099e-04 2.299926e+01 -3.578978e-03 9.999930e-01 1.128963e-03 -1.890093e-01 -5.547513e-04 -1.130968e-03 9.999993e-01 -1.490355e+01
9.999922e-01 -3.071878e-03 -2.470558e-03 2.290606e+01 3.070362e-03 9.999951e-01 -6.175257e-04 -1.882575e-01 2.472428e-03 6.099479e-04 9.999967e-01 -1.480499e+01
9.999936e-01 3.432947e-03 1.013643e-03 2.283176e+01 -3.433990e-03 9.999936e-01 1.027558e-03 -1.882419e-01 -1.010093e-03 -1.031045e-03 9.999991e-01 -1.471629e+01
9.999914e-01 -3.083149e-03 -2.771714e-03 2.276140e+01 3.081267e-03 9.999950e-01 -6.835906e-04 -1.882190e-01 2.773793e-03 6.750569e-04 9.999958e-01 -1.462941e+01
9.999936e-01 3.454645e-03 9.448834e-04 2.268786e+01 -3.455640e-03 9.999935e-01 1.051938e-03 -1.880838e-01 -9.412276e-04 -1.055209e-03 9.999991e-01 -1.454168e+01
9.999913e-01 -2.899492e-03 -2.989449e-03 2.258080e+01 2.897980e-03 9.999957e-01 -5.105295e-04 -1.869002e-01 2.990900e-03 5.018744e-04 9.999953e-01 -1.443767e+01
9.999926e-01 3.830359e-03 3.965260e-04 2.242327e+01 -3.830871e-03 9.999918e-01 1.295643e-03 -1.839888e-01 -3.915440e-04 -1.297165e-03 9.999992e-01 -1.430087e+01
9.999914e-01 -2.866151e-03 -3.013685e-03 2.225529e+01 2.864828e-03 9.999958e-01 -4.438565e-04 -1.807794e-01 3.014928e-03 4.352318e-04 9.999953e-01 -1.415878e+01
9.999931e-01 3.652847e-03 6.721841e-04 2.210129e+01 -3.653661e-03 9.999926e-01 1.213101e-03 -1.780924e-01 -6.677313e-04 -1.215561e-03 9.999991e-01 -1.403076e+01
9.999916e-01 -3.094549e-03 -2.681126e-03 2.198852e+01 3.092744e-03 9.999950e-01 -6.776427e-04 -1.767397e-01 2.683193e-03 6.693579e-04 9.999961e-01 -1.392624e+01
9.999935e-01 3.496417e-03 8.324457e-04 2.191267e+01 -3.497297e-03 9.999933e-01 1.056424e-03 -1.764996e-01 -8.287296e-04 -1.059341e-03 9.999992e-01 -1.383749e+01
9.999916e-01 -2.995557e-03 -2.803224e-03 2.181634e+01 2.993854e-03 9.999953e-01 -6.117349e-04 -1.756246e-01 2.805026e-03 6.033503e-04 9.999958e-01 -1.374232e+01
9.999938e-01 3.390678e-03 9.729823e-04 2.173639e+01 -3.391644e-03 9.999938e-01 9.924251e-04 -1.752825e-01 -9.695940e-04 -9.957319e-04 9.999991e-01 -1.365791e+01
9.999910e-01 -2.734298e-03 -3.248455e-03 2.162897e+01 2.732686e-03 9.999961e-01 -5.009039e-04 -1.739648e-01 3.249795e-03 4.920354e-04 9.999945e-01 -1.354991e+01
9.999938e-01 3.385705e-03 1.000916e-03 2.151460e+01 -3.386732e-03 9.999937e-01 1.025284e-03 -1.724722e-01 -9.974208e-04 -1.028681e-03 9.999991e-01 -1.344532e+01
9.999925e-01 -3.109567e-03 -2.303273e-03 2.147651e+01 3.108053e-03 9.999950e-01 -6.609618e-04 -1.734952e-01 2.305299e-03 6.538112e-04 9.999970e-01 -1.337733e+01
9.999936e-01 3.155235e-03 1.688723e-03 2.147109e+01 -3.156589e-03 9.999947e-01 7.992145e-04 -1.757950e-01 -1.686174e-03 -8.045531e-04 9.999984e-01 -1.331289e+01
9.999903e-01 -2.832597e-03 -3.361603e-03 2.139730e+01 2.831020e-03 9.999959e-01 -4.741824e-04 -1.757940e-01 3.362914e-03 4.646742e-04 9.999941e-01 -1.323338e+01
9.999936e-01 3.285652e-03 1.432174e-03 2.131361e+01 -3.286865e-03 9.999942e-01 8.444071e-04 -1.753572e-01 -1.429373e-03 -8.491222e-04 9.999987e-01 -1.314631e+01
9.999901e-01 -2.800932e-03 -3.450795e-03 2.122689e+01 2.799291e-03 9.999960e-01 -4.806227e-04 -1.747745e-01 3.452109e-03 4.709714e-04 9.999938e-01 -1.305943e+01
9.999935e-01 3.292695e-03 1.444690e-03 2.113743e+01 -3.293974e-03 9.999942e-01 8.828843e-04 -1.741217e-01 -1.441755e-03 -8.876505e-04 9.999987e-01 -1.296821e+01
9.999901e-01 -2.791018e-03 -3.460029e-03 2.104419e+01 2.789419e-03 9.999960e-01 -4.673035e-04 -1.733591e-01 3.461300e-03 4.576607e-04 9.999938e-01 -1.287600e+01
9.999933e-01 3.367937e-03 1.415111e-03 2.093125e+01 -3.369380e-03 9.999938e-01 1.017748e-03 -1.720398e-01 -1.411656e-03 -1.022523e-03 9.999986e-01 -1.277020e+01
9.999889e-01 -2.447638e-03 -4.027056e-03 2.077782e+01 2.446466e-03 9.999970e-01 -2.963230e-04 -1.692853e-01 4.027749e-03 2.864811e-04 9.999917e-01 -1.263280e+01
9.999935e-01 3.249533e-03 1.567844e-03 2.064533e+01 -3.251007e-03 9.999943e-01 9.377938e-04 -1.672060e-01 -1.564768e-03 -9.428982e-04 9.999984e-01 -1.250578e+01
9.999888e-01 -2.400860e-03 -4.067624e-03 2.050653e+01 2.399813e-03 9.999971e-01 -2.627021e-04 -1.649289e-01 4.068223e-03 2.529511e-04 9.999916e-01 -1.237645e+01
9.999934e-01 3.304635e-03 1.506575e-03 2.036319e+01 -3.306144e-03 9.999940e-01 9.992537e-04 -1.624931e-01 -1.503244e-03 -1.004242e-03 9.999985e-01 -1.224374e+01
9.999902e-01 -2.762996e-03 -3.470435e-03 2.028292e+01 2.761065e-03 9.999960e-01 -5.616236e-04 -1.620785e-01 3.471952e-03 5.520496e-04 9.999937e-01 -1.214348e+01
9.999915e-01 2.948874e-03 2.893005e-03 2.026238e+01 -2.951337e-03 9.999953e-01 8.471234e-04 -1.639329e-01 -2.890473e-03 -8.556680e-04 9.999956e-01 -1.206462e+01
9.999859e-01 -2.526833e-03 -4.665442e-03 2.016949e+01 2.524871e-03 9.999967e-01 -4.267944e-04 -1.633252e-01 4.666485e-03 4.150225e-04 9.999889e-01 -1.197275e+01
9.999917e-01 3.003127e-03 2.735600e-03 2.007705e+01 -3.005482e-03 9.999951e-01 8.569091e-04 -1.626758e-01 -2.732992e-03 -8.651375e-04 9.999960e-01 -1.187562e+01
9.999870e-01 -2.733813e-03 -4.300330e-03 2.001614e+01 2.731350e-03 9.999961e-01 -5.787950e-04 -1.630434e-01 4.301875e-03 5.670555e-04 9.999905e-01 -1.180511e+01
9.999911e-01 2.948010e-03 3.010137e-03 1.996070e+01 -2.950643e-03 9.999953e-01 8.698738e-04 -1.637298e-01 -3.007537e-03 -8.787616e-04 9.999952e-01 -1.173641e+01
9.999894e-01 -2.941983e-03 -3.527689e-03 1.998291e+01 2.939013e-03 9.999953e-01 -8.471968e-04 -1.668875e-01 3.530144e-03 8.368337e-04 9.999933e-01 -1.168963e+01
9.999900e-01 2.702507e-03 3.550824e-03 2.008161e+01 -2.705446e-03 9.999960e-01 8.226728e-04 -1.725750e-01 -3.548566e-03 -8.322849e-04 9.999935e-01 -1.167441e+01
9.999892e-01 -3.112372e-03 -3.444042e-03 2.027744e+01 3.109879e-03 9.999949e-01 -7.296749e-04 -1.802287e-01 3.446274e-03 7.189703e-04 9.999937e-01 -1.169786e+01
9.999902e-01 3.022201e-03 3.242079e-03 2.028604e+01 -3.024482e-03 9.999952e-01 6.982636e-04 -1.829293e-01 -3.239932e-03 -7.080761e-04 9.999946e-01 -1.164225e+01
9.999870e-01 -2.891727e-03 -4.190405e-03 2.026556e+01 2.889516e-03 9.999957e-01 -5.339291e-04 -1.846583e-01 4.191910e-03 5.218277e-04 9.999910e-01 -1.158211e+01
9.999893e-01 2.812377e-03 3.684221e-03 2.028323e+01 -2.814112e-03 9.999959e-01 4.654292e-04 -1.874730e-01 -3.682876e-03 -4.758058e-04 9.999932e-01 -1.153299e+01
9.999847e-01 -2.661643e-03 -4.851622e-03 2.025749e+01 2.660247e-03 9.999964e-01 -2.945864e-04 -1.889319e-01 4.852368e-03 2.816892e-04 9.999881e-01 -1.147534e+01
9.999894e-01 2.744382e-03 3.704397e-03 2.023890e+01 -2.745785e-03 9.999962e-01 3.732560e-04 -1.906261e-01 -3.703337e-03 -3.834372e-04 9.999932e-01 -1.142152e+01
9.999889e-01 -2.880740e-03 -3.733869e-03 2.035023e+01 2.879209e-03 9.999958e-01 -4.155291e-04 -1.962294e-01 3.735029e-03 4.047876e-04 9.999928e-01 -1.140495e+01
9.999887e-01 2.517522e-03 4.031204e-03 2.045898e+01 -2.517618e-03 9.999968e-01 1.843489e-05 -2.015253e-01 -4.031123e-03 -2.859743e-05 9.999920e-01 -1.137410e+01
9.999805e-01 -2.125781e-03 -5.875689e-03 2.037980e+01 2.127847e-03 9.999977e-01 3.451151e-04 -2.012570e-01 5.874920e-03 -3.575971e-04 9.999826e-01 -1.129025e+01
9.999885e-01 2.501491e-03 4.087045e-03 2.031941e+01 -2.501378e-03 9.999969e-01 -3.319086e-05 -2.014008e-01 -4.087094e-03 2.295346e-05 9.999917e-01 -1.121370e+01
9.999880e-01 -2.658355e-03 -4.122797e-03 2.037345e+01 2.657897e-03 9.999965e-01 -1.168286e-04 -2.052262e-01 4.123072e-03 1.058830e-04 9.999914e-01 -1.115002e+01
9.999908e-01 2.745254e-03 3.285949e-03 2.036195e+01 -2.746010e-03 9.999962e-01 2.251458e-04 -2.072576e-01 -3.285296e-03 -2.341807e-04 9.999947e-01 -1.108880e+01
9.999848e-01 -2.517019e-03 -4.896018e-03 2.030465e+01 2.517117e-03 9.999968e-01 1.342075e-05 -2.077479e-01 4.895947e-03 -2.573055e-05 9.999879e-01 -1.102101e+01
9.999888e-01 2.585402e-03 3.967209e-03 2.030828e+01 -2.585762e-03 9.999967e-01 8.512765e-05 -2.101764e-01 -3.966953e-03 -9.539875e-05 9.999922e-01 -1.096668e+01
9.999882e-01 -2.889619e-03 -3.907286e-03 2.038963e+01 2.888751e-03 9.999958e-01 -2.280214e-04 -2.152576e-01 3.907906e-03 2.167454e-04 9.999922e-01 -1.093244e+01
9.999884e-01 2.412542e-03 4.165091e-03 2.066826e+01 -2.413757e-03 9.999970e-01 2.862073e-04 -2.235267e-01 -4.164366e-03 -2.962713e-04 9.999914e-01 -1.096404e+01
9.999884e-01 -3.174597e-03 -3.618635e-03 2.104095e+01 3.174383e-03 9.999950e-01 -6.539469e-05 -2.327546e-01 3.618802e-03 5.392090e-05 9.999934e-01 -1.102827e+01
9.999889e-01 2.650394e-03 3.896864e-03 2.122107e+01 -2.649853e-03 9.999965e-01 -1.443856e-04 -2.396538e-01 -3.897212e-03 1.340441e-04 9.999925e-01 -1.101889e+01
9.999868e-01 -2.812161e-03 -4.301932e-03 2.125239e+01 2.812162e-03 9.999960e-01 -6.235495e-06 -2.429038e-01 4.301911e-03 -5.848447e-06 9.999906e-01 -1.096839e+01
9.999915e-01 2.880704e-03 2.955488e-03 2.122535e+01 -2.881067e-03 9.999958e-01 1.178145e-04 -2.443286e-01 -2.955115e-03 -1.263422e-04 9.999957e-01 -1.091232e+01
9.999877e-01 -2.949615e-03 -3.989921e-03 2.122808e+01 2.949186e-03 9.999956e-01 -1.138109e-04 -2.466585e-01 3.990217e-03 1.020564e-04 9.999919e-01 -1.086919e+01
9.999899e-01 2.575901e-03 3.679717e-03 2.140680e+01 -2.576844e-03 9.999966e-01 2.511324e-04 -2.534863e-01 -3.679036e-03 -2.606257e-04 9.999933e-01 -1.090788e+01
9.999887e-01 -3.094090e-03 -3.612585e-03 2.162300e+01 3.093126e-03 9.999952e-01 -2.727925e-04 -2.609273e-01 3.613390e-03 2.616291e-04 9.999933e-01 -1.094084e+01
9.999903e-01 2.866003e-03 3.347339e-03 2.168331e+01 -2.866361e-03 9.999959e-01 1.016227e-04 -2.650075e-01 -3.347012e-03 -1.112302e-04 9.999945e-01 -1.090422e+01
9.999878e-01 -2.955884e-03 -3.969255e-03 2.170831e+01 2.955247e-03 9.999956e-01 -1.669030e-04 -2.680106e-01 3.969709e-03 1.551847e-04 9.999920e-01 -1.085955e+01
9.999905e-01 2.935212e-03 3.222315e-03 2.173199e+01 -2.935706e-03 9.999957e-01 1.480913e-04 -2.710042e-01 -3.221844e-03 -1.575635e-04 9.999949e-01 -1.081577e+01
9.999901e-01 -3.413491e-03 -2.842764e-03 2.196129e+01 3.413388e-03 9.999942e-01 -4.173044e-05 -2.784366e-01 2.842868e-03 3.204048e-05 9.999959e-01 -1.083207e+01
9.999879e-01 2.617408e-03 4.164527e-03 2.217106e+01 -2.615419e-03 9.999965e-01 -4.833828e-04 -2.853912e-01 -4.165756e-03 4.724711e-04 9.999913e-01 -1.078384e+01
9.999886e-01 -2.767490e-03 -3.884336e-03 2.220657e+01 2.769588e-03 9.999960e-01 5.342679e-04 -2.887798e-01 3.882820e-03 -5.450060e-04 9.999922e-01 -1.071095e+01
9.999910e-01 2.929715e-03 3.078930e-03 2.217485e+01 -2.929112e-03 9.999957e-01 -2.007793e-04 -2.901352e-01 -3.079483e-03 1.917451e-04 9.999953e-01 -1.062963e+01
9.999874e-01 -2.658271e-03 -4.252760e-03 2.212040e+01 2.660864e-03 9.999963e-01 6.039762e-04 -2.907669e-01 4.251116e-03 -6.152707e-04 9.999907e-01 -1.054517e+01
9.999912e-01 2.783974e-03 3.123409e-03 2.210406e+01 -2.782686e-03 9.999960e-01 -4.171090e-04 -2.924440e-01 -3.124535e-03 4.084000e-04 9.999951e-01 -1.048774e+01
9.999902e-01 -2.861889e-03 -3.390823e-03 2.215478e+01 2.863362e-03 9.999958e-01 4.289067e-04 -2.960076e-01 3.389559e-03 -4.385976e-04 9.999941e-01 -1.043720e+01
9.999888e-01 2.414190e-03 4.075618e-03 2.255822e+01 -2.414619e-03 9.999971e-01 9.996622e-05 -3.045328e-01 -4.075342e-03 -1.098201e-04 9.999918e-01 -1.056066e+01
9.999898e-01 -3.294946e-03 -3.104723e-03 2.308374e+01 3.297625e-03 9.999942e-01 8.577854e-04 -3.132185e-01 3.101856e-03 -8.680007e-04 9.999947e-01 -1.080620e+01
9.999892e-01 2.535726e-03 3.906667e-03 2.356937e+01 -2.536789e-03 9.999967e-01 2.668496e-04 -3.211297e-01 -3.905956e-03 -2.767713e-04 9.999924e-01 -1.106609e+01
9.999898e-01 -3.148817e-03 -3.246039e-03 2.394755e+01 3.149242e-03 9.999950e-01 1.255155e-04 -3.292820e-01 3.245606e-03 -1.357225e-04 9.999946e-01 -1.118729e+01
9.999894e-01 2.431737e-03 3.903078e-03 2.424165e+01 -2.430208e-03 9.999970e-01 -3.969038e-04 -3.371527e-01 -3.904009e-03 3.874001e-04 9.999924e-01 -1.120761e+01
9.999896e-01 -2.978321e-03 -3.463042e-03 2.452393e+01 2.979570e-03 9.999955e-01 3.550170e-04 -3.448918e-01 3.461947e-03 -3.653174e-04 9.999938e-01 -1.122903e+01
9.999896e-01 2.287817e-03 3.942314e-03 2.487328e+01 -2.289931e-03 9.999972e-01 5.313745e-04 -3.523833e-01 -3.941065e-03 -5.404109e-04 9.999922e-01 -1.142915e+01
9.999904e-01 -2.921803e-03 -3.278095e-03 2.521740e+01 2.921100e-03 9.999957e-01 -2.196980e-04 -3.602560e-01 3.278701e-03 2.101347e-04 9.999945e-01 -1.153303e+01
