9.999949e-01 1.260780e-03 -2.935577e-03 -1.807550e-01 -1.257828e-03 9.999987e-01 1.007315e-03 3.688986e-03 2.936843e-03 -1.003618e-03 9.999953e-01 2.040960e-01
1.000000e+00 -9.866201e-05 1.721057e-04 -3.593177e-01 9.866801e-05 1.000000e+00 -3.472399e-05 7.230529e-03 -1.721028e-04 3.474164e-05 9.999999e-01 3.718355e-01
9.999943e-01 1.313028e-03 -3.118578e-03 -5.344726e-01 -1.310119e-03 9.999987e-01 9.345555e-04 1.074404e-02 3.119802e-03 -9.304652e-04 9.999948e-01 5.434045e-01
9.999977e-01 -1.178086e-03 1.791489e-03 -5.670897e-01 1.179369e-03 9.999990e-01 -7.153825e-04 9.559759e-03 -1.790645e-03 7.174944e-04 9.999980e-01 6.014989e-01
9.999966e-01 1.007548e-03 -2.384311e-03 -5.140543e-01 -1.006130e-03 9.999993e-01 5.958931e-04 5.970493e-03 2.384911e-03 -5.934930e-04 9.999971e-01 6.229069e-01
9.999985e-01 -9.968647e-04 1.392219e-03 -4.890021e-01 9.976875e-04 9.999993e-01 -5.903841e-04 3.178539e-03 -1.391631e-03 5.917731e-04 9.999988e-01 6.511892e-01
9.999964e-01 1.088724e-03 -2.465569e-03 -4.975768e-01 -1.087090e-03 9.999992e-01 6.637012e-04 1.264874e-03 2.466291e-03 -6.610193e-04 9.999968e-01 6.954777e-01
9.999989e-01 -9.118857e-04 1.151245e-03 -5.183488e-01 9.124571e-04 9.999995e-01 -4.958677e-04 -2.747165e-04 -1.150794e-03 4.969184e-04 9.999991e-01 7.463677e-01
9.999980e-01 9.259199e-04 -1.757349e-03 -4.860106e-01 -9.250486e-04 9.999994e-01 4.965991e-04 -3.255641e-03 1.757809e-03 -4.949733e-04 9.999984e-01 7.886884e-01
9.999996e-01 -7.556071e-04 5.669588e-04 -5.035324e-01 7.557745e-04 9.999997e-01 -2.951243e-04 -4.878091e-03 -5.667371e-04 2.955535e-04 9.999997e-01 8.414537e-01
9.999980e-01 1.046107e-03 -1.708040e-03 -5.151628e-01 -1.044991e-03 9.999992e-01 6.537128e-04 -6.502791e-03 1.708724e-03 -6.519274e-04 9.999984e-01 8.980247e-01
9.999990e-01 -9.431022e-04 1.017859e-03 -4.925347e-01 9.436285e-04 9.999994e-01 -5.167319e-04 -9.201177e-03 -1.017373e-03 5.176928e-04 9.999992e-01 9.469840e-01
9.999963e-01 1.246892e-03 -2.405420e-03 -5.594133e-01 -1.244725e-03 9.999988e-01 9.021179e-04 -9.491383e-03 2.406544e-03 -8.991214e-04 9.999968e-01 1.033461e+00
9.999988e-01 -1.067868e-03 1.132586e-03 -5.731423e-01 1.068680e-03 9.999992e-01 -7.166477e-04 -1.117261e-02 -1.131822e-03 7.178581e-04 9.999990e-01 1.083962e+00
9.999980e-01 1.053609e-03 -1.687016e-03 -5.224483e-01 -1.052510e-03 9.999992e-01 6.521884e-04 -1.465220e-02 1.687704e-03 -6.504124e-04 9.999985e-01 1.123501e+00
9.999988e-01 -1.075295e-03 1.111776e-03 -4.866777e-01 1.076102e-03 9.999992e-01 -7.254935e-04 -1.774653e-02 -1.110997e-03 7.266899e-04 9.999990e-01 1.164751e+00
9.999972e-01 1.232271e-03 -2.041526e-03 -4.764008e-01 -1.230496e-03 9.999989e-01 8.708556e-04 -2.006616e-02 2.042599e-03 -8.683420e-04 9.999976e-01 1.211024e+00
9.999982e-01 -1.200949e-03 1.484011e-03 -4.169404e-01 1.202242e-03 9.999989e-01 -8.706625e-04 -2.356777e-02 -1.482966e-03 8.724459e-04 9.999984e-01 1.254145e+00
9.999992e-01 7.338764e-04 -1.030930e-03 -1.552099e-01 -7.331163e-04 9.999995e-01 7.375002e-04 -3.126677e-02 1.031473e-03 -7.367447e-04 9.999993e-01 1.234019e+00
9.999964e-01 -1.409382e-03 2.290426e-03 3.444002e-01 1.409209e-03 9.999990e-01 7.710525e-05 -4.336725e-02 -2.290534e-03 -7.387628e-05 9.999973e-01 1.062915e+00
9.999985e-01 7.397988e-04 -1.577918e-03 5.469002e-01 -7.400438e-04 9.999997e-01 -1.546808e-04 -5.133600e-02 1.577805e-03 1.558473e-04 9.999988e-01 1.037317e+00
9.999998e-01 -5.318856e-04 4.413724e-04 5.077186e-01 5.317288e-04 9.999998e-01 3.554451e-04 -5.242675e-02 -4.415635e-04 -3.552093e-04 9.999997e-01 1.094543e+00
9.999997e-01 5.614581e-04 -6.078450e-04 5.619203e-01 -5.616961e-04 9.999998e-01 -3.913318e-04 -5.620024e-02 6.076273e-04 3.916721e-04 9.999998e-01 1.134359e+00
9.999984e-01 -1.303672e-03 1.220158e-03 8.946301e-01 1.303144e-03 9.999991e-01 4.333025e-04 -6.635760e-02 -1.220724e-03 -4.317107e-04 9.999991e-01 1.072829e+00
9.999987e-01 1.117526e-03 -1.146408e-03 9.797424e-01 -1.118144e-03 9.999992e-01 -5.391154e-04 -7.029100e-02 1.145806e-03 5.403955e-04 9.999993e-01 1.147214e+00
9.999994e-01 -8.647532e-04 6.196763e-04 9.787999e-01 8.642964e-04 9.999994e-01 7.370700e-04 -7.212828e-02 -6.203154e-04 -7.365329e-04 9.999994e-01 1.265616e+00
9.999923e-01 1.985869e-03 -3.397303e-03 8.092484e-01 -1.984765e-03 9.999980e-01 3.283421e-04 -6.862484e-02 3.397951e-03 -3.215979e-04 9.999943e-01 1.479644e+00
9.999937e-01 -2.271238e-03 2.726025e-03 9.835307e-01 2.272117e-03 9.999974e-01 -3.194905e-04 -7.163949e-02 -2.725295e-03 3.256835e-04 9.999961e-01 1.633052e+00
9.999949e-01 1.629636e-03 -2.749948e-03 1.136857e+00 -1.629461e-03 9.999987e-01 6.575746e-05 -7.502219e-02 2.750054e-03 -6.127729e-05 9.999963e-01 1.770178e+00
9.999958e-01 -1.791092e-03 2.276030e-03 1.215402e+00 1.791203e-03 9.999984e-01 -4.687181e-05 -7.790803e-02 -2.275944e-03 5.094955e-05 9.999973e-01 1.866303e+00
9.999989e-01 7.756661e-04 -1.290152e-03 1.678204e+00 -7.762020e-04 9.999996e-01 -4.148906e-04 -8.767772e-02 1.289832e-03 4.158905e-04 9.999992e-01 1.848065e+00
9.999943e-01 -1.938319e-03 2.764817e-03 2.221684e+00 1.938787e-03 9.999981e-01 -1.665063e-04 -9.838307e-02 -2.764491e-03 1.718667e-04 9.999961e-01 1.811986e+00
9.999867e-01 2.463129e-03 -4.525329e-03 2.197641e+00 -2.460060e-03 9.999967e-01 6.836864e-04 -9.768450e-02 4.527001e-03 -6.725458e-04 9.999896e-01 2.026596e+00
9.999960e-01 -1.567273e-03 2.347694e-03 2.065196e+00 1.566771e-03 9.999987e-01 2.155722e-04 -9.546122e-02 -2.348031e-03 -2.118919e-04 9.999971e-01 2.189714e+00
9.999904e-01 1.940631e-03 -3.935628e-03 1.971730e+00 -1.939535e-03 9.999981e-01 2.820981e-04 -9.482969e-02 3.936171e-03 -2.744633e-04 9.999923e-01 2.286081e+00
9.999980e-01 -1.173828e-03 1.593011e-03 1.824386e+00 1.173196e-03 9.999992e-01 3.976846e-04 -9.241920e-02 -1.593480e-03 -3.958137e-04 9.999986e-01 2.411562e+00
9.999887e-01 2.083393e-03 -4.274287e-03 1.674578e+00 -2.082065e-03 9.999978e-01 3.150132e-04 -8.969889e-02 4.274937e-03 -3.061116e-04 9.999909e-01 2.552316e+00
9.999968e-01 -1.422314e-03 2.088765e-03 1.554869e+00 1.421742e-03 9.999990e-01 2.749108e-04 -8.810617e-02 -2.089158e-03 -2.719389e-04 9.999977e-01 2.665706e+00
9.999996e-01 3.442333e-04 -8.213473e-04 1.923853e+00 -3.450132e-04 9.999995e-01 -9.496277e-04 -9.607372e-02 8.210234e-04 9.499094e-04 9.999993e-01 2.772212e+00
9.999890e-01 -2.314232e-03 4.086194e-03 2.710638e+00 2.319501e-03 9.999965e-01 -1.285146e-03 -1.106587e-01 -4.083209e-03 1.294611e-03 9.999907e-01 2.841937e+00
9.999767e-01 3.128187e-03 -6.067757e-03 2.575985e+00 -3.115534e-03 9.999930e-01 2.093562e-03 -1.086525e-01 6.074267e-03 -2.074610e-03 9.999795e-01 3.042732e+00
9.999948e-01 -1.697017e-03 2.737304e-03 2.345224e+00 1.699179e-03 9.999982e-01 -7.875026e-04 -1.034385e-01 -2.735966e-03 7.921509e-04 9.999958e-01 3.254888e+00
9.999710e-01 3.787012e-03 -6.607491e-03 2.091197e+00 -3.770815e-03 9.999899e-01 2.462031e-03 -9.650769e-02 6.616752e-03 -2.437046e-03 9.999752e-01 3.641072e+00
9.999601e-01 -4.423058e-03 7.758014e-03 2.558201e+00 4.448560e-03 9.999847e-01 -3.272949e-03 -1.032094e-01 -7.743423e-03 3.307332e-03 9.999644e-01 3.873745e+00
9.999682e-01 2.935588e-03 -7.414399e-03 2.934292e+00 -2.919878e-03 9.999935e-01 2.128689e-03 -1.088198e-01 7.420604e-03 -2.106974e-03 9.999703e-01 3.996388e+00
9.999778e-01 -2.570333e-03 6.149136e-03 2.863876e+00 2.580689e-03 9.999953e-01 -1.676701e-03 -1.088763e-01 -6.144802e-03 1.692534e-03 9.999796e-01 4.080647e+00
9.999610e-01 3.155782e-03 -8.245500e-03 2.754709e+00 -3.138476e-03 9.999928e-01 2.111004e-03 -1.075769e-01 8.252107e-03 -2.085045e-03 9.999639e-01 4.169714e+00
9.999715e-01 -2.947351e-03 6.951912e-03 2.720817e+00 2.960378e-03 9.999939e-01 -1.864356e-03 -1.087139e-01 -6.946379e-03 1.884884e-03 9.999740e-01 4.227447e+00
9.999566e-01 3.343479e-03 -8.692561e-03 2.627578e+00 -3.323506e-03 9.999918e-01 2.311149e-03 -1.080678e-01 8.700221e-03 -2.282160e-03 9.999596e-01 4.314968e+00
9.999745e-01 -2.700856e-03 6.611292e-03 2.504948e+00 2.712213e-03 9.999949e-01 -1.709456e-03 -1.064015e-01 -6.606646e-03 1.727345e-03 9.999766e-01 4.425537e+00
9.999588e-01 3.199751e-03 -8.494428e-03 2.405084e+00 -3.180793e-03 9.999924e-01 2.244403e-03 -1.054474e-01 8.501550e-03 -2.217293e-03 9.999615e-01 4.521225e+00
9.999608e-01 -3.194458e-03 8.256905e-03 2.477806e+00 3.210456e-03 9.999930e-01 -1.924981e-03 -1.087384e-01 -8.250703e-03 1.951415e-03 9.999640e-01 4.602517e+00
9.999731e-01 2.565605e-03 -6.866571e-03 2.847602e+00 -2.556993e-03 9.999959e-01 1.262707e-03 -1.180365e-01 6.869788e-03 -1.245117e-03 9.999757e-01 4.624682e+00
9.999715e-01 -2.742813e-03 7.032435e-03 2.916675e+00 2.752249e-03 9.999953e-01 -1.332418e-03 -1.219903e-01 -7.028753e-03 1.351737e-03 9.999743e-01 4.692723e+00
9.999689e-01 2.923296e-03 -7.320657e-03 2.967050e+00 -2.909701e-03 9.999940e-01 1.866978e-03 -1.241015e-01 7.326076e-03 -1.845621e-03 9.999716e-01 4.828732e+00
9.999579e-01 -3.247433e-03 8.582793e-03 3.153917e+00 3.262010e-03 9.999933e-01 -1.684907e-03 -1.294515e-01 -8.577268e-03 1.712834e-03 9.999616e-01 4.959472e+00
9.999568e-01 3.298295e-03 -8.694358e-03 3.210722e+00 -3.282179e-03 9.999929e-01 1.867320e-03 -1.329868e-01 8.700459e-03 -1.838704e-03 9.999606e-01 5.025605e+00
9.999714e-01 -2.909825e-03 6.985526e-03 3.127194e+00 2.920342e-03 9.999946e-01 -1.495864e-03 -1.326208e-01 -6.981140e-03 1.516223e-03 9.999744e-01 5.107246e+00
9.999555e-01 3.340470e-03 -8.819346e-03 3.042666e+00 -3.323835e-03 9.999927e-01 1.900129e-03 -1.321359e-01 8.825634e-03 -1.870733e-03 9.999594e-01 5.190432e+00
9.999650e-01 -3.234833e-03 7.721814e-03 3.041591e+00 3.248244e-03 9.999932e-01 -1.724940e-03 -1.341585e-01 -7.716187e-03 1.749964e-03 9.999686e-01 5.229362e+00
9.999699e-01 2.884923e-03 -7.208531e-03 3.198334e+00 -2.874950e-03 9.999949e-01 1.393372e-03 -1.401622e-01 7.212519e-03 -1.372607e-03 9.999731e-01 5.268699e+00
9.999570e-01 -3.733838e-03 8.491049e-03 3.475122e+00 3.750680e-03 9.999910e-01 -1.968536e-03 -1.474298e-01 -8.483628e-03 2.000300e-03 9.999619e-01 5.346601e+00
9.999630e-01 3.189041e-03 -7.985582e-03 3.658547e+00 -3.175633e-03 9.999935e-01 1.691221e-03 -1.528204e-01 7.990929e-03 -1.665800e-03 9.999668e-01 5.431351e+00
9.999444e-01 -3.721378e-03 9.865985e-03 3.837640e+00 3.740582e-03 9.999911e-01 -1.928692e-03 -1.589269e-01 -9.858725e-03 1.965491e-03 9.999494e-01 5.515985e+00
9.999749e-01 3.014510e-03 -6.414201e-03 4.316146e+00 -3.005710e-03 9.999945e-01 1.381080e-03 -1.713344e-01 6.418334e-03 -1.361767e-03 9.999786e-01 5.567228e+00
9.999324e-01 -4.595925e-03 1.068249e-02 5.107498e+00 4.613932e-03 9.999880e-01 -1.661592e-03 -1.900695e-01 -1.067473e-02 1.710769e-03 9.999415e-01 5.462869e+00
9.999709e-01 3.393715e-03 -6.828895e-03 5.493426e+00 -3.387805e-03 9.999939e-01 8.767876e-04 -2.005705e-01 6.831832e-03 -8.536285e-04 9.999764e-01 5.551283e+00
9.999697e-01 -3.049810e-03 7.161608e-03 5.482820e+00 3.052052e-03 9.999953e-01 -3.022551e-04 -2.024976e-01 -7.160656e-03 3.241050e-04 9.999742e-01 5.649232e+00
9.999588e-01 3.589255e-03 -8.342782e-03 5.399814e+00 -3.580948e-03 9.999931e-01 1.010417e-03 -2.022439e-01 8.346354e-03 -9.805021e-04 9.999648e-01 5.743677e+00
9.999616e-01 -3.379147e-03 8.089700e-03 5.385757e+00 3.384321e-03 9.999941e-01 -6.260080e-04 -2.042215e-01 -8.087541e-03 6.533636e-04 9.999670e-01 5.828887e+00
9.999548e-01 3.606261e-03 -8.791789e-03 5.308447e+00 -3.595837e-03 9.999928e-01 1.201213e-03 -2.046252e-01 8.796062e-03 -1.169546e-03 9.999607e-01 5.915886e+00
9.999644e-01 -3.268940e-03 7.775259e-03 5.247922e+00 3.274354e-03 9.999944e-01 -6.836494e-04 -2.050835e-01 -7.772984e-03 7.090857e-04 9.999694e-01 5.996772e+00
9.999659e-01 3.253561e-03 -7.594035e-03 5.279334e+00 -3.247315e-03 9.999944e-01 8.347425e-04 -2.081169e-01 7.596712e-03 -8.100554e-04 9.999709e-01 6.087497e+00
9.999701e-01 -2.739098e-03 7.232495e-03 5.277092e+00 2.741309e-03 9.999962e-01 -2.957774e-04 -2.096655e-01 -7.231661e-03 3.155967e-04 9.999737e-01 6.234341e+00
9.999780e-01 2.232775e-03 -6.247477e-03 5.440488e+00 -2.232880e-03 9.999975e-01 -9.888243e-06 -2.151310e-01 6.247443e-03 2.383629e-05 9.999806e-01 6.337796e+00
9.999453e-01 -4.343955e-03 9.518135e-03 6.470626e+00 4.364859e-03 9.999881e-01 -2.176521e-03 -2.310422e-01 -9.508571e-03 2.217949e-03 9.999522e-01 6.353941e+00
9.999871e-01 1.311509e-03 -4.904275e-03 7.976550e+00 -1.316469e-03 9.999986e-01 -1.008203e-03 -2.537616e-01 4.902949e-03 1.014646e-03 9.999876e-01 6.273634e+00
9.999666e-01 -3.047070e-03 7.588077e-03 8.549283e+00 3.049594e-03 9.999953e-01 -3.210597e-04 -2.670845e-01 -7.587066e-03 3.441905e-04 9.999711e-01 6.271965e+00
9.999534e-01 3.761168e-03 -8.888103e-03 8.498088e+00 -3.752747e-03 9.999925e-01 9.639804e-04 -2.673014e-01 8.891665e-03 -9.305817e-04 9.999601e-01 6.401661e+00
9.999591e-01 -3.255508e-03 8.437626e-03 8.503387e+00 3.259167e-03 9.999946e-01 -4.199914e-04 -2.688435e-01 -8.436216e-03 4.474749e-04 9.999642e-01 6.538369e+00
9.999769e-01 2.623952e-03 -6.267973e-03 8.692974e+00 -2.622215e-03 9.999965e-01 2.853278e-04 -2.752457e-01 6.268703e-03 -2.688863e-04 9.999804e-01 6.664044e+00
9.999637e-01 -2.808233e-03 8.043622e-03 8.772252e+00 2.807168e-03 9.999960e-01 1.436701e-04 -2.793505e-01 -8.043996e-03 -1.210840e-04 9.999675e-01 6.801894e+00
9.999673e-01 2.654305e-03 -7.634615e-03 8.845414e+00 -2.654368e-03 9.999965e-01 1.836787e-06 -2.833214e-01 7.634595e-03 1.842726e-05 9.999710e-01 6.880207e+00
9.999619e-01 -3.139762e-03 8.148694e-03 9.014461e+00 3.143369e-03 9.999950e-01 -4.298865e-04 -2.896542e-01 -8.147305e-03 4.554855e-04 9.999666e-01 6.924436e+00
9.999732e-01 2.491790e-03 -6.889565e-03 9.231854e+00 -2.491330e-03 9.999969e-01 7.543864e-05 -2.963861e-01 6.889734e-03 -5.827345e-05 9.999764e-01 6.994129e+00
9.999524e-01 -3.472933e-03 9.116068e-03 9.537874e+00 3.479844e-03 9.999937e-01 -7.424188e-04 -3.044995e-01 -9.113434e-03 7.741070e-04 9.999581e-01 7.066754e+00
9.999646e-01 2.774636e-03 -7.942065e-03 9.810940e+00 -2.772907e-03 9.999961e-01 2.287383e-04 -3.119430e-01 7.942671e-03 -2.067085e-04 9.999685e-01 7.130299e+00
9.999518e-01 -3.008387e-03 9.345848e-03 9.876311e+00 3.010764e-03 9.999954e-01 -2.402898e-04 -3.163361e-01 -9.345084e-03 2.684172e-04 9.999562e-01 7.220687e+00
9.999111e-01 5.072890e-03 -1.233013e-02 9.486833e+00 -5.040347e-03 9.999837e-01 2.668972e-03 -3.068155e-01 1.234347e-02 -2.606588e-03 9.999205e-01 7.531276e+00
9.999513e-01 -3.042362e-03 9.387630e-03 9.196281e+00 3.048276e-03 9.999952e-01 -6.158011e-04 -2.995585e-01 -9.385714e-03 6.443885e-04 9.999556e-01 7.790128e+00
9.999665e-01 2.226276e-03 -7.882962e-03 9.617943e+00 -2.223656e-03 9.999975e-01 3.410779e-04 -3.104856e-01 7.883704e-03 -3.235388e-04 9.999690e-01 7.772570e+00
9.999498e-01 -3.053586e-03 9.545556e-03 9.976864e+00 3.060935e-03 9.999950e-01 -7.553282e-04 -3.207842e-01 -9.543204e-03 7.845098e-04 9.999541e-01 7.783659e+00
9.999725e-01 2.240834e-03 -7.067936e-03 1.036101e+01 -2.238097e-03 9.999974e-01 3.951424e-04 -3.322519e-01 7.068805e-03 -3.793140e-04 9.999750e-01 7.807745e+00
9.999584e-01 -3.145732e-03 8.564768e-03 1.082478e+01 3.148338e-03 9.999950e-01 -2.907397e-04 -3.449111e-01 -8.563812e-03 3.176936e-04 9.999632e-01 7.750996e+00
9.999755e-01 2.190946e-03 -6.644409e-03 1.127667e+01 -2.189963e-03 9.999976e-01 1.552815e-04 -3.572589e-01 6.644734e-03 -1.407279e-04 9.999780e-01 7.705968e+00
9.999616e-01 -2.933571e-03 8.262732e-03 1.166061e+01 2.937708e-03 9.999956e-01 -4.885578e-04 -3.681767e-01 -8.261264e-03 5.128137e-04 9.999656e-01 7.711472e+00
9.999715e-01 2.365214e-03 -7.166132e-03 1.182286e+01 -2.364538e-03 9.999972e-01 1.027033e-04 -3.745299e-01 7.166356e-03 -8.575688e-05 9.999744e-01 7.755923e+00
9.999826e-01 -2.027904e-03 5.534220e-03 1.173828e+01 2.026518e-03 9.999979e-01 2.560283e-04 -3.741913e-01 -5.534729e-03 -2.448075e-04 9.999846e-01 7.838386e+00
9.999747e-01 2.306370e-03 -6.722689e-03 1.172920e+01 -2.306528e-03 9.999973e-01 -1.579673e-05 -3.758178e-01 6.722636e-03 3.130121e-05 9.999775e-01 7.895005e+00
9.999764e-01 -2.501953e-03 6.391974e-03 1.177098e+01 2.501591e-03 9.999969e-01 6.457210e-05 -3.791168e-01 -6.392117e-03 -4.857927e-05 9.999795e-01 7.937904e+00
9.999696e-01 2.712860e-03 -7.314213e-03 1.171249e+01 -2.709860e-03 9.999962e-01 4.201455e-04 -3.798503e-01 7.315327e-03 -4.003135e-04 9.999733e-01 8.033059e+00
9.999805e-01 -2.140872e-03 5.869968e-03 1.158964e+01 2.138990e-03 9.999977e-01 3.269359e-04 -3.786919e-01 -5.870656e-03 -3.143724e-04 9.999826e-01 8.193716e+00
9.999602e-01 3.369169e-03 -8.265649e-03 1.137235e+01 -3.360675e-03 9.999938e-01 1.041296e-03 -3.744539e-01 8.269108e-03 -1.013478e-03 9.999654e-01 8.453725e+00
9.999795e-01 -2.455256e-03 5.906273e-03 1.120352e+01 2.455111e-03 9.999970e-01 3.182484e-05 -3.716124e-01 -5.906336e-03 -1.732207e-05 9.999825e-01 8.666749e+00
9.999584e-01 3.702629e-03 -8.340937e-03 1.099232e+01 -3.689797e-03 9.999920e-01 1.553383e-03 -3.675769e-01 8.346624e-03 -1.522544e-03 9.999641e-01 8.922579e+00
9.999708e-01 -3.031415e-03 7.014195e-03 1.084984e+01 3.035300e-03 9.999952e-01 -5.433615e-04 -3.660009e-01 -7.012517e-03 5.646377e-04 9.999752e-01 9.107243e+00
9.999574e-01 3.495938e-03 -8.545166e-03 1.077600e+01 -3.486214e-03 9.999933e-01 1.152581e-03 -3.660236e-01 8.549141e-03 -1.122744e-03 9.999629e-01 9.218704e+00
9.999597e-01 -3.812163e-03 8.123212e-03 1.089371e+01 3.820070e-03 9.999922e-01 -9.580424e-04 -3.708815e-01 -8.119499e-03 9.890369e-04 9.999664e-01 9.207012e+00
9.999552e-01 3.618505e-03 -8.748822e-03 1.089542e+01 -3.607111e-03 9.999926e-01 1.317873e-03 -3.733442e-01 8.753529e-03 -1.286258e-03 9.999610e-01 9.250738e+00
9.999763e-01 -2.575877e-03 6.384471e-03 1.071138e+01 2.577403e-03 9.999967e-01 -2.307511e-04 -3.700217e-01 -6.383859e-03 2.472030e-04 9.999795e-01 9.489306e+00
9.999458e-01 4.123454e-03 -9.564735e-03 1.045310e+01 -4.106240e-03 9.999899e-01 1.818606e-03 -3.643383e-01 9.572141e-03 -1.779234e-03 9.999527e-01 9.813649e+00
9.999473e-01 -4.090292e-03 9.412782e-03 1.050805e+01 4.102995e-03 9.999907e-01 -1.330604e-03 -3.667996e-01 -9.407255e-03 1.369157e-03 9.999547e-01 9.865068e+00
9.999519e-01 3.560562e-03 -9.138399e-03 1.068004e+01 -3.547344e-03 9.999926e-01 1.462155e-03 -3.716647e-01 9.143542e-03 -1.429670e-03 9.999573e-01 9.807313e+00
9.999616e-01 -3.355999e-03 8.092825e-03 1.063705e+01 3.364063e-03 9.999939e-01 -9.829977e-04 -3.727847e-01 -8.089479e-03 1.010187e-03 9.999667e-01 9.894225e+00
9.999501e-01 3.644791e-03 -9.295909e-03 1.054838e+01 -3.630439e-03 9.999922e-01 1.560375e-03 -3.726725e-01 9.301527e-03 -1.526551e-03 9.999557e-01 9.995791e+00
9.999672e-01 -2.876006e-03 7.567917e-03 1.037336e+01 2.879821e-03 9.999957e-01 -4.931822e-04 -3.699761e-01 -7.566470e-03 5.149627e-04 9.999711e-01 1.015053e+01
9.999386e-01 4.183599e-03 -1.026045e-02 1.015590e+01 -4.165071e-03 9.999897e-01 1.826542e-03 -3.656197e-01 1.026799e-02 -1.783697e-03 9.999458e-01 1.035586e+01
9.999753e-01 -2.329529e-03 6.633310e-03 9.855084e+00 2.329150e-03 9.999973e-01 6.483460e-05 -3.584325e-01 -6.633447e-03 -4.938028e-05 9.999779e-01 1.065224e+01
9.999597e-01 2.904247e-03 -8.496242e-03 9.747184e+00 -2.899223e-03 9.999956e-01 6.035402e-04 -3.575290e-01 8.497962e-03 -5.788861e-04 9.999638e-01 1.077946e+01
9.999643e-01 -2.615862e-03 8.031929e-03 9.768995e+00 2.617385e-03 9.999966e-01 -1.791450e-04 -3.600234e-01 -8.031437e-03 2.001641e-04 9.999676e-01 1.086061e+01
9.999651e-01 2.532577e-03 -7.957836e-03 9.917589e+00 -2.530651e-03 9.999968e-01 2.520729e-04 -3.648120e-01 7.958454e-03 -2.319285e-04 9.999684e-01 1.090142e+01
9.999608e-01 -2.766273e-03 8.410483e-03 1.023973e+01 2.768063e-03 9.999961e-01 -2.011985e-04 -3.719012e-01 -8.409899e-03 2.244743e-04 9.999645e-01 1.086788e+01
9.999650e-01 2.179894e-03 -8.081107e-03 1.059052e+01 -2.172851e-03 9.999973e-01 8.801399e-04 -3.801812e-01 8.083008e-03 -8.625529e-04 9.999671e-01 1.075596e+01
9.999604e-01 -2.823448e-03 8.444320e-03 1.086292e+01 2.824096e-03 9.999960e-01 -6.478617e-05 -3.872381e-01 -8.444108e-03 8.863418e-05 9.999642e-01 1.062071e+01
9.999630e-01 2.419776e-03 -8.255949e-03 1.094126e+01 -2.419876e-03 9.999971e-01 -2.066537e-06 -3.917601e-01 8.255924e-03 2.204185e-05 9.999660e-01 1.064907e+01
9.999711e-01 -2.161211e-03 7.285309e-03 1.093294e+01 2.158875e-03 9.999976e-01 3.285371e-04 -3.936031e-01 -7.286006e-03 -3.127966e-04 9.999733e-01 1.073509e+01
9.999482e-01 2.998460e-03 -9.729557e-03 1.079161e+01 -2.994366e-03 9.999954e-01 4.353501e-04 -3.912932e-01 9.730822e-03 -4.061968e-04 9.999527e-01 1.087027e+01
9.999760e-01 -1.813764e-03 6.684863e-03 1.060088e+01 1.810166e-03 9.999982e-01 5.442839e-04 -3.872749e-01 -6.685844e-03 -5.321670e-04 9.999774e-01 1.103708e+01
9.999553e-01 2.622663e-03 -9.084696e-03 1.045414e+01 -2.620047e-03 9.999965e-01 2.997580e-04 -3.848420e-01 9.085456e-03 -2.759455e-04 9.999588e-01 1.117456e+01
9.999748e-01 -1.943708e-03 6.832731e-03 1.032901e+01 1.941197e-03 9.999980e-01 3.741555e-04 -3.831467e-01 -6.833450e-03 -3.608791e-04 9.999765e-01 1.129562e+01
9.999562e-01 2.582400e-03 -8.998456e-03 1.020964e+01 -2.580571e-03 9.999966e-01 2.148740e-04 -3.816274e-01 8.998986e-03 -1.916468e-04 9.999596e-01 1.141130e+01
9.999792e-01 -1.600945e-03 6.255380e-03 1.002856e+01 1.596755e-03 9.999985e-01 6.747180e-04 -3.780245e-01 -6.256457e-03 -6.647121e-04 9.999801e-01 1.154970e+01
9.999600e-01 2.376223e-03 -8.618146e-03 9.893744e+00 -2.375778e-03 9.999972e-01 6.189182e-05 -3.759175e-01 8.618275e-03 -4.141808e-05 9.999630e-01 1.168667e+01
9.999661e-01 -2.218758e-03 7.928232e-03 9.901446e+00 2.216665e-03 9.999975e-01 2.728049e-04 -3.780965e-01 -7.928824e-03 -2.552179e-04 9.999684e-01 1.176341e+01
9.999784e-01 1.328212e-03 -6.434179e-03 1.042435e+01 -1.331276e-03 9.999990e-01 -4.719555e-04 -3.896641e-01 6.433552e-03 4.805074e-04 9.999793e-01 1.169511e+01
9.999610e-01 -2.402758e-03 8.495054e-03 1.137818e+01 2.391702e-03 9.999963e-01 1.311430e-03 -4.052992e-01 -8.498180e-03 -1.291058e-03 9.999630e-01 1.144218e+01
9.999733e-01 1.363852e-03 -7.177819e-03 1.195268e+01 -1.374959e-03 9.999979e-01 -1.542599e-03 -4.144457e-01 7.175706e-03 1.552423e-03 9.999731e-01 1.135478e+01
9.999691e-01 -2.017000e-03 7.593380e-03 1.230703e+01 2.008047e-03 9.999973e-01 1.186532e-03 -4.220141e-01 -7.595758e-03 -1.171244e-03 9.999704e-01 1.135033e+01
9.999748e-01 1.458912e-03 -6.944783e-03 1.247131e+01 -1.470139e-03 9.999976e-01 -1.611764e-03 -4.269374e-01 6.942421e-03 1.621929e-03 9.999747e-01 1.143653e+01
9.999852e-01 -5.212835e-04 5.408282e-03 1.246811e+01 5.089258e-04 9.999973e-01 2.286095e-03 -4.264369e-01 -5.409465e-03 -2.283305e-03 9.999827e-01 1.170380e+01
9.999744e-01 3.219938e-04 -7.153566e-03 1.262386e+01 -3.369634e-04 9.999978e-01 -2.091488e-03 -4.262929e-01 7.152883e-03 2.093842e-03 9.999723e-01 1.204563e+01
9.999766e-01 -1.701373e-04 6.840281e-03 1.269506e+01 1.550676e-04 9.999976e-01 2.203577e-03 -4.279803e-01 -6.840646e-03 -2.202461e-03 9.999741e-01 1.226547e+01
9.999821e-01 -2.018555e-04 -5.983122e-03 1.286535e+01 1.880050e-04 9.999973e-01 -2.315396e-03 -4.326112e-01 5.983580e-03 2.314226e-03 9.999795e-01 1.240468e+01
9.999800e-01 1.042928e-04 6.322112e-03 1.293171e+01 -1.198153e-04 9.999970e-01 2.454963e-03 -4.354708e-01 -6.321843e-03 -2.455668e-03 9.999769e-01 1.255773e+01
9.999697e-01 8.234540e-04 -7.741740e-03 1.283284e+01 -8.353132e-04 9.999985e-01 -1.528725e-03 -4.343211e-01 7.740476e-03 1.535141e-03 9.999690e-01 1.272434e+01
9.999704e-01 -3.881380e-04 7.678718e-03 1.283134e+01 3.716405e-04 9.999976e-01 2.149803e-03 -4.361372e-01 -7.679541e-03 -2.146882e-03 9.999681e-01 1.285400e+01
9.999642e-01 9.446216e-04 -8.410214e-03 1.282262e+01 -9.589439e-04 9.999981e-01 -1.699085e-03 -4.369089e-01 8.408599e-03 1.707085e-03 9.999633e-01 1.305275e+01
9.999790e-01 2.725375e-04 6.479103e-03 1.267934e+01 -2.911096e-04 9.999959e-01 2.865716e-03 -4.341859e-01 -6.478302e-03 -2.867538e-03 9.999748e-01 1.328669e+01
9.999619e-01 9.671504e-04 -8.672588e-03 1.252632e+01 -9.817054e-04 9.999981e-01 -1.674161e-03 -4.310956e-01 8.670960e-03 1.682608e-03 9.999611e-01 1.349640e+01
9.999803e-01 1.197076e-04 6.279358e-03 1.235600e+01 -1.367982e-04 9.999963e-01 2.721377e-03 -4.276728e-01 -6.279016e-03 -2.722179e-03 9.999765e-01 1.369592e+01
9.999550e-01 1.177242e-03 -9.415974e-03 1.215646e+01 -1.193521e-03 9.999978e-01 -1.723459e-03 -4.230607e-01 9.413931e-03 1.734616e-03 9.999543e-01 1.392118e+01
9.999756e-01 -2.336931e-04 6.985281e-03 1.202333e+01 2.151381e-04 9.999964e-01 2.656956e-03 -4.207054e-01 -6.985884e-03 -2.655384e-03 9.999720e-01 1.408219e+01
9.999518e-01 1.376484e-03 -9.725392e-03 1.183049e+01 -1.391767e-03 9.999978e-01 -1.564866e-03 -4.166653e-01 9.723224e-03 1.578321e-03 9.999516e-01 1.429382e+01
9.999723e-01 -4.270876e-04 7.428295e-03 1.168063e+01 4.081111e-04 9.999967e-01 2.555987e-03 -4.140089e-01 -7.429370e-03 -2.552880e-03 9.999690e-01 1.444864e+01
9.999499e-01 1.551565e-03 -9.892761e-03 1.148208e+01 -1.565005e-03 9.999979e-01 -1.350937e-03 -4.099761e-01 9.890652e-03 1.366346e-03 9.999503e-01 1.465860e+01
9.999664e-01 -5.999434e-04 8.171529e-03 1.136980e+01 5.813889e-04 9.999972e-01 2.272848e-03 -4.084568e-01 -8.172878e-03 -2.268016e-03 9.999639e-01 1.479758e+01
9.999634e-01 8.632079e-04 -8.506980e-03 1.133530e+01 -8.788577e-04 9.999979e-01 -1.836058e-03 -4.097847e-01 8.505386e-03 1.843463e-03 9.999622e-01 1.489007e+01
9.999789e-01 -1.381727e-04 6.492575e-03 1.117253e+01 1.204411e-04 9.999963e-01 2.731409e-03 -4.070733e-01 -6.492937e-03 -2.730565e-03 9.999751e-01 1.503204e+01
9.999509e-01 1.596103e-03 -9.784409e-03 1.093220e+01 -1.609784e-03 9.999977e-01 -1.390488e-03 -4.015132e-01 9.782177e-03 1.406166e-03 9.999513e-01 1.524833e+01
9.999776e-01 -2.858339e-04 6.679772e-03 1.071534e+01 2.684212e-04 9.999966e-01 2.607575e-03 -3.967562e-01 -6.680504e-03 -2.605718e-03 9.999742e-01 1.543567e+01
9.999567e-01 1.439770e-03 -9.196831e-03 1.051815e+01 -1.453038e-03 9.999979e-01 -1.436152e-03 -3.927032e-01 9.194753e-03 1.449448e-03 9.999568e-01 1.562979e+01
9.999823e-01 -1.736719e-05 5.947872e-03 1.028721e+01 9.558873e-07 9.999962e-01 2.759229e-03 -3.874395e-01 -5.947907e-03 -2.759169e-03 9.999784e-01 1.583473e+01
9.999579e-01 1.338058e-03 -9.083215e-03 1.007739e+01 -1.352721e-03 9.999978e-01 -1.608247e-03 -3.828449e-01 9.081053e-03 1.620460e-03 9.999576e-01 1.602111e+01
9.999800e-01 -2.028580e-04 6.320899e-03 9.899397e+00 1.860754e-04 9.999965e-01 2.655614e-03 -3.791899e-01 -6.321426e-03 -2.654379e-03 9.999764e-01 1.621908e+01
9.999585e-01 1.446060e-03 -8.995903e-03 9.705049e+00 -1.459629e-03 9.999978e-01 -1.501941e-03 -3.749992e-01 8.993722e-03 1.515003e-03 9.999585e-01 1.645012e+01
9.999790e-01 -2.779920e-04 6.470116e-03 9.558578e+00 2.617463e-04 9.999968e-01 2.511643e-03 -3.720235e-01 -6.470805e-03 -2.509891e-03 9.999758e-01 1.665023e+01
9.999647e-01 1.220310e-03 -8.308591e-03 9.467983e+00 -1.233585e-03 9.999980e-01 -1.592731e-03 -3.708499e-01 8.306642e-03 1.602919e-03 9.999643e-01 1.681771e+01
9.999810e-01 -4.367111e-04 6.150718e-03 9.341603e+00 4.218506e-04 9.999970e-01 2.417206e-03 -3.689671e-01 -6.151767e-03 -2.414559e-03 9.999781e-01 1.697672e+01
9.999601e-01 1.431103e-03 -8.816849e-03 9.178672e+00 -1.444756e-03 9.999978e-01 -1.542333e-03 -3.659417e-01 8.814633e-03 1.555004e-03 9.999600e-01 1.713991e+01
9.999718e-01 -4.744466e-04 7.493484e-03 9.128114e+00 4.554068e-04 9.999967e-01 2.542401e-03 -3.656712e-01 -7.494677e-03 -2.538911e-03 9.999686e-01 1.730715e+01
9.999698e-01 -9.641409e-05 -7.769466e-03 9.261990e+00 7.540503e-05 9.999963e-01 -2.704254e-03 -3.685994e-01 7.769710e-03 2.703581e-03 9.999663e-01 1.744416e+01
9.999858e-01 1.163696e-03 5.206193e-03 9.286215e+00 -1.179278e-03 9.999948e-01 2.991052e-03 -3.666051e-01 -5.202698e-03 -2.997143e-03 9.999819e-01 1.782052e+01
9.999761e-01 -1.670642e-04 -6.914733e-03 9.227552e+00 1.531110e-04 9.999980e-01 -2.018322e-03 -3.657381e-01 6.915068e-03 2.017209e-03 9.999742e-01 1.802906e+01
9.999826e-01 6.835197e-04 5.850789e-03 9.218421e+00 -6.984157e-04 9.999965e-01 2.544381e-03 -3.663936e-01 -5.849042e-03 -2.548416e-03 9.999795e-01 1.820199e+01
9.999636e-01 1.044307e-03 -8.471729e-03 9.102322e+00 -1.055665e-03 9.999986e-01 -1.336238e-03 -3.632715e-01 8.470333e-03 1.345127e-03 9.999633e-01 1.853571e+01
9.999779e-01 -1.016223e-04 6.643936e-03 9.006549e+00 8.522310e-05 9.999969e-01 2.468604e-03 -3.617119e-01 -6.644179e-03 -2.467977e-03 9.999748e-01 1.876906e+01
9.999574e-01 1.124353e-03 -9.159770e-03 8.878652e+00 -1.140078e-03 9.999979e-01 -1.711674e-03 -3.593663e-01 9.157840e-03 1.722037e-03 9.999567e-01 1.898995e+01
9.999774e-01 -1.126476e-04 6.715609e-03 8.746660e+00 9.602977e-05 9.999969e-01 2.474846e-03 -3.569325e-01 -6.715881e-03 -2.474139e-03 9.999743e-01 1.919740e+01
9.999759e-01 -5.288873e-04 -6.923794e-03 9.109255e+00 5.120682e-04 9.999969e-01 -2.430646e-03 -3.637820e-01 6.925072e-03 2.427036e-03 9.999732e-01 1.914204e+01
9.999685e-01 -7.812719e-04 7.899495e-03 9.640625e+00 7.617849e-04 9.999967e-01 2.469628e-03 -3.721851e-01 -7.901411e-03 -2.463526e-03 9.999656e-01 1.897576e+01
9.999694e-01 5.647220e-04 -7.802417e-03 9.707856e+00 -5.838274e-04 9.999968e-01 -2.446538e-03 -3.757603e-01 7.801024e-03 2.451012e-03 9.999667e-01 1.905777e+01
9.999861e-01 6.435058e-04 5.224896e-03 9.557880e+00 -6.612590e-04 9.999940e-01 3.396886e-03 -3.725728e-01 -5.222692e-03 -3.400287e-03 9.999805e-01 1.931098e+01
9.999662e-01 9.049150e-04 -8.177102e-03 9.340955e+00 -9.214869e-04 9.999975e-01 -2.023027e-03 -3.672883e-01 8.175265e-03 2.030487e-03 9.999646e-01 1.961993e+01
9.999840e-01 5.338728e-04 5.623133e-03 9.187930e+00 -5.519651e-04 9.999947e-01 3.216506e-03 -3.636809e-01 -5.621400e-03 -3.219552e-03 9.999789e-01 1.987437e+01
9.999682e-01 7.397915e-04 -7.945606e-03 9.051408e+00 -7.577460e-04 9.999972e-01 -2.256838e-03 -3.607617e-01 7.943928e-03 2.262780e-03 9.999660e-01 2.013023e+01
9.999837e-01 2.920447e-04 5.708163e-03 8.913819e+00 -3.103694e-04 9.999948e-01 3.209734e-03 -3.581533e-01 -5.707210e-03 -3.211446e-03 9.999785e-01 2.033694e+01
9.999874e-01 -6.403309e-04 -4.988313e-03 9.067674e+00 6.241519e-04 9.999945e-01 -3.244158e-03 -3.629022e-01 4.990378e-03 3.240997e-03 9.999824e-01 2.043403e+01
9.999899e-01 8.810442e-04 4.397521e-03 9.071406e+00 -8.974845e-04 9.999926e-01 3.738070e-03 -3.647683e-01 -4.394210e-03 -3.741972e-03 9.999832e-01 2.053723e+01
9.999866e-01 -8.427589e-04 -5.106176e-03 9.100448e+00 8.245741e-04 9.999933e-01 -3.562294e-03 -3.676113e-01 5.109159e-03 3.558029e-03 9.999807e-01 2.060127e+01
9.999926e-01 1.241959e-03 3.639663e-03 9.063333e+00 -1.256346e-03 9.999914e-01 3.953380e-03 -3.685367e-01 -3.634737e-03 -3.957917e-03 9.999855e-01 2.069233e+01
9.999935e-01 -1.746492e-03 -3.164592e-03 9.718032e+00 1.737690e-03 9.999946e-01 -2.781812e-03 -3.770194e-01 3.169448e-03 2.776287e-03 9.999912e-01 2.039766e+01
9.999916e-01 1.020262e-03 3.958097e-03 1.010968e+01 -1.030319e-03 9.999962e-01 2.539783e-03 -3.845684e-01 -3.955506e-03 -2.543833e-03 9.999888e-01 2.034525e+01
9.999934e-01 -1.330483e-03 -3.371347e-03 1.018778e+01 1.321577e-03 9.999956e-01 -2.642471e-03 -3.887569e-01 3.374862e-03 2.637990e-03 9.999909e-01 2.042034e+01
9.999963e-01 1.595796e-03 2.219036e-03 1.032089e+01 -1.601507e-03 9.999954e-01 2.574282e-03 -3.910292e-01 -2.214933e-03 -2.577819e-03 9.999941e-01 2.062798e+01
9.999952e-01 -2.328846e-03 -2.054106e-03 1.058973e+01 2.321766e-03 9.999914e-01 -3.442122e-03 -3.965123e-01 2.062119e-03 3.437329e-03 9.999921e-01 2.073023e+01
9.999955e-01 1.952788e-03 2.255127e-03 1.127728e+01 -1.961615e-03 9.999904e-01 3.918842e-03 -4.045114e-01 -2.247467e-03 -3.923241e-03 9.999897e-01 2.053206e+01
9.999932e-01 -3.463819e-03 1.294313e-03 1.170078e+01 3.470385e-03 9.999809e-01 -5.106156e-03 -4.139172e-01 -1.276588e-03 5.110606e-03 9.999862e-01 2.057752e+01
9.999959e-01 2.726750e-03 8.885998e-04 1.205286e+01 -2.731149e-03 9.999838e-01 4.987570e-03 -4.208778e-01 -8.749997e-04 -4.989969e-03 9.999871e-01 2.076794e+01
9.999923e-01 -3.764686e-03 -1.105803e-03 1.296216e+01 3.757373e-03 9.999715e-01 -6.542066e-03 -4.302831e-01 1.130414e-03 6.537854e-03 9.999781e-01 2.092489e+01
9.999975e-01 1.778880e-03 1.368891e-03 1.478301e+01 -1.787432e-03 9.999787e-01 6.272237e-03 -4.374840e-01 -1.357719e-03 -6.274661e-03 9.999793e-01 2.038963e+01
9.999874e-01 -4.424893e-03 -2.384221e-03 1.679002e+01 4.417911e-03 9.999860e-01 -2.925256e-03 -4.379234e-01 2.397146e-03 2.914678e-03 9.999930e-01 1.907182e+01
9.999994e-01 1.062456e-03 3.850665e-04 1.877712e+01 -1.065135e-03 9.999747e-01 7.026197e-03 -4.371134e-01 -3.776061e-04 -7.026595e-03 9.999751e-01 1.750266e+01
9.999808e-01 -5.763292e-03 -2.290440e-03 2.089600e+01 5.757720e-03 9.999805e-01 -2.431423e-03 -4.339737e-01 2.304423e-03 2.418180e-03 9.999945e-01 1.567357e+01
9.999930e-01 2.494846e-03 2.804550e-03 2.261998e+01 -2.509613e-03 9.999829e-01 5.274613e-03 -4.346294e-01 -2.791357e-03 -5.281606e-03 9.999821e-01 1.443519e+01
9.999844e-01 -3.986462e-03 -3.916394e-03 2.380102e+01 3.958079e-03 9.999660e-01 -7.228180e-03 -4.457975e-01 3.945090e-03 7.212557e-03 9.999663e-01 1.436065e+01
9.999833e-01 1.615873e-03 5.554592e-03 2.503106e+01 -1.637110e-03 9.999914e-01 3.821107e-03 -4.536511e-01 -5.548384e-03 -3.830129e-03 9.999772e-01 1.429423e+01
9.999850e-01 -3.016750e-03 -4.575423e-03 2.544180e+01 2.996570e-03 9.999858e-01 -4.410929e-03 -4.616924e-01 4.588679e-03 4.397145e-03 9.999799e-01 1.429316e+01
9.999764e-01 1.438583e-03 6.723731e-03 2.598317e+01 -1.467513e-03 9.999897e-01 4.299773e-03 -4.734229e-01 -6.717490e-03 -4.309531e-03 9.999681e-01 1.415288e+01
9.999530e-01 -2.002318e-04 -9.690459e-03 2.576085e+01 1.634518e-04 9.999928e-01 -3.796065e-03 -4.683328e-01 9.691164e-03 3.794295e-03 9.999459e-01 1.451951e+01
9.999876e-01 3.098884e-03 3.885554e-03 2.565938e+01 -3.117534e-03 9.999836e-01 4.803395e-03 -4.609595e-01 -3.870620e-03 -4.815441e-03 9.999808e-01 1.520643e+01
9.999791e-01 -2.722439e-03 -5.861224e-03 2.645597e+01 2.681532e-03 9.999721e-01 -6.975578e-03 -4.661669e-01 5.880066e-03 6.959707e-03 9.999586e-01 1.561851e+01
9.999832e-01 1.287534e-03 5.658034e-03 2.768731e+01 -1.305927e-03 9.999939e-01 3.248400e-03 -4.765030e-01 -5.653832e-03 -3.255726e-03 9.999786e-01 1.594264e+01
9.999618e-01 -1.238411e-03 -8.647235e-03 2.830023e+01 1.191337e-03 9.999845e-01 -5.446771e-03 -4.785886e-01 8.653862e-03 5.436255e-03 9.999479e-01 1.637601e+01
9.999900e-01 2.913267e-03 3.403277e-03 2.849128e+01 -2.927720e-03 9.999867e-01 4.249552e-03 -4.741392e-01 -3.390867e-03 -4.259466e-03 9.999851e-01 1.704045e+01
9.999357e-01 -2.007901e-03 -1.116341e-02 2.949244e+01 1.910081e-03 9.999598e-01 -8.766249e-03 -4.734685e-01 1.118058e-02 8.744355e-03 9.998994e-01 1.792261e+01
9.999926e-01 -7.279852e-05 3.844555e-03 3.120191e+01 6.763526e-05 9.999991e-01 1.343262e-03 -4.785985e-01 -3.844667e-03 -1.342986e-03 9.999916e-01 1.876893e+01
9.999400e-01 -1.901797e-03 -1.079058e-02 3.289598e+01 1.809507e-03 9.999618e-01 -8.556106e-03 -4.848484e-01 1.080646e-02 8.536061e-03 9.999053e-01 1.956888e+01
9.999965e-01 1.345223e-03 2.289879e-03 3.425683e+01 -1.350072e-03 9.999968e-01 2.117392e-03 -4.852536e-01 -2.287042e-03 -2.120471e-03 9.999950e-01 2.059126e+01
9.999516e-01 -1.958926e-03 -9.644269e-03 3.580792e+01 1.878504e-03 9.999635e-01 -8.340830e-03 -4.887042e-01 9.660275e-03 8.322305e-03 9.999188e-01 2.152306e+01
9.999963e-01 -1.254114e-03 2.432159e-03 3.828586e+01 1.258824e-03 9.999973e-01 -1.935715e-03 -4.982616e-01 -2.429746e-03 1.938773e-03 9.999951e-01 2.231538e+01
9.999658e-01 -3.986996e-03 -7.252352e-03 4.147595e+01 3.914898e-03 9.999430e-01 -9.928524e-03 -5.106496e-01 7.291545e-03 9.899790e-03 9.999245e-01 2.286808e+01
9.999955e-01 -1.244613e-03 2.714289e-03 4.384140e+01 1.246108e-03 9.999991e-01 -5.491191e-04 -5.204703e-01 -2.713624e-03 5.525000e-04 9.999961e-01 2.336593e+01
9.999485e-01 1.021842e-03 -1.009946e-02 4.508713e+01 -1.073642e-03 9.999863e-01 -5.124877e-03 -5.223270e-01 1.009411e-02 5.135455e-03 9.999360e-01 2.421916e+01
9.999974e-01 -9.162040e-04 2.079955e-03 4.598482e+01 9.149458e-04 9.999994e-01 6.058009e-04 -5.196709e-01 -2.080531e-03 -6.038963e-04 9.999976e-01 2.514836e+01
9.999445e-01 1.925745e-03 -1.036114e-02 4.676796e+01 -1.970627e-03 9.999887e-01 -4.323320e-03 -5.162781e-01 1.035272e-02 4.343498e-03 9.999371e-01 2.610853e+01
9.999964e-01 -2.437045e-03 1.132148e-03 4.805249e+01 2.439101e-03 9.999954e-01 -1.818235e-03 -5.158660e-01 -1.127736e-03 1.820989e-03 9.999976e-01 2.715099e+01
9.999608e-01 5.128970e-04 -8.839684e-03 4.979872e+01 -5.651518e-04 9.999824e-01 -5.909924e-03 -5.207448e-01 8.836523e-03 5.914690e-03 9.999436e-01 2.805519e+01
9.999942e-01 -3.164999e-03 1.279366e-03 5.194098e+01 3.169065e-03 9.999899e-01 -3.189459e-03 -5.280869e-01 -1.269285e-03 3.193492e-03 9.999940e-01 2.889295e+01
9.999309e-01 2.943628e-03 -1.138522e-02 5.351791e+01 -2.993773e-03 9.999859e-01 -4.389889e-03 -5.277952e-01 1.137216e-02 4.423673e-03 9.999256e-01 3.005136e+01
9.999933e-01 -3.156988e-03 1.846387e-03 5.483417e+01 3.160602e-03 9.999931e-01 -1.957654e-03 -5.254772e-01 -1.840222e-03 1.963473e-03 9.999963e-01 3.114228e+01
9.999667e-01 1.014429e-03 -8.094327e-03 5.695566e+01 -1.064410e-03 9.999804e-01 -6.172997e-03 -5.330886e-01 8.087935e-03 6.181412e-03 9.999483e-01 3.189091e+01
9.999824e-01 -4.444604e-03 3.937861e-03 6.015418e+01 4.460596e-03 9.999818e-01 -4.061899e-03 -5.449140e-01 -3.919765e-03 4.079387e-03 9.999839e-01 3.233714e+01
9.999695e-01 -2.457411e-03 -7.415875e-03 6.415762e+01 2.414142e-03 9.999800e-01 -5.838038e-03 -5.570560e-01 7.430102e-03 5.819963e-03 9.999556e-01 3.217211e+01
9.999939e-01 -2.356995e-03 2.571427e-03 6.671246e+01 2.369906e-03 9.999845e-01 -5.029923e-03 -5.666521e-01 -2.559562e-03 5.035979e-03 9.999839e-01 3.270776e+01
9.999394e-01 1.536726e-04 -1.100781e-02 6.872442e+01 -1.939962e-04 9.999933e-01 -3.662319e-03 -5.725590e-01 1.100721e-02 3.664241e-03 9.999328e-01 3.362446e+01
9.999910e-01 -3.232893e-03 2.760800e-03 7.107933e+01 3.250879e-03 9.999734e-01 -6.536033e-03 -5.809823e-01 -2.739628e-03 6.544939e-03 9.999747e-01 3.446740e+01
9.999387e-01 -9.721965e-04 -1.102540e-02 7.360581e+01 9.208925e-04 9.999887e-01 -4.657523e-03 -5.900210e-01 1.102984e-02 4.647095e-03 9.999285e-01 3.530894e+01
9.999909e-01 -3.031235e-03 2.995303e-03 7.612280e+01 3.050025e-03 9.999756e-01 -6.289358e-03 -5.991716e-01 -2.976198e-03 6.298425e-03 9.999756e-01 3.612173e+01
9.999482e-01 -1.140267e-03 -1.011319e-02 7.861256e+01 1.094829e-03 9.999893e-01 -4.497555e-03 -6.087530e-01 1.011824e-02 4.486262e-03 9.999388e-01 3.694482e+01
9.999820e-01 -3.697610e-03 4.721426e-03 8.145488e+01 3.726763e-03 9.999739e-01 -6.181440e-03 -6.228746e-01 -4.698481e-03 6.198911e-03 9.999697e-01 3.758792e+01
9.999501e-01 -1.993228e-03 -9.792136e-03 8.456648e+01 1.939456e-03 9.999830e-01 -5.498011e-03 -6.384466e-01 9.802963e-03 5.478759e-03 9.999370e-01 3.817541e+01
9.999940e-01 -1.822607e-03 2.946321e-03 8.708943e+01 1.837250e-03 9.999859e-01 -4.976018e-03 -6.481414e-01 -2.937245e-03 4.981387e-03 9.999832e-01 3.895823e+01
9.999442e-01 -6.521330e-04 -1.054740e-02 8.947813e+01 5.984138e-04 9.999868e-01 -5.095744e-03 -6.572221e-01 1.055062e-02 5.089164e-03 9.999315e-01 3.991518e+01
9.999843e-01 -2.612416e-03 4.962884e-03 9.217933e+01 2.636154e-03 9.999851e-01 -4.783245e-03 -6.664398e-01 -4.950351e-03 4.796236e-03 9.999761e-01 4.039582e+01
9.999547e-01 -4.664730e-04 -9.506596e-03 9.439309e+01 4.276415e-04 9.999916e-01 -4.086652e-03 -6.748164e-01 9.508459e-03 4.082419e-03 9.999466e-01 4.085217e+01
9.999885e-01 -1.888059e-03 4.397812e-03 9.689526e+01 1.906807e-03 9.999891e-01 -4.263430e-03 -6.837873e-01 -4.389752e-03 4.271749e-03 9.999811e-01 4.121307e+01
9.999567e-01 -2.026484e-03 -9.080218e-03 9.969415e+01 1.976569e-03 9.999829e-01 -5.503158e-03 -6.940805e-01 9.091253e-03 5.484991e-03 9.999437e-01 4.158351e+01
9.999984e-01 -1.287868e-03 1.246459e-03 1.024543e+02 1.294936e-03 9.999830e-01 -5.689600e-03 -7.026542e-01 -1.239149e-03 5.691185e-03 9.999829e-01 4.231597e+01
9.999480e-01 -2.282748e-03 -9.939189e-03 1.051550e+02 2.226159e-03 9.999813e-01 -5.701237e-03 -7.109406e-01 9.952057e-03 5.678836e-03 9.999344e-01 4.317929e+01
