9.999992e-01 4.384425e-04 -1.163336e-03 -6.575440e-02 -4.383189e-04 9.999999e-01 1.065471e-04 9.054220e-04 1.163382e-03 -1.060376e-04 9.999994e-01 5.288866e-02
1.000000e+00 -1.487525e-04 2.573189e-04 -1.814599e-01 1.488039e-04 1.000000e+00 -2.000002e-04 3.170644e-03 -2.572893e-04 2.000390e-04 9.999998e-01 1.350543e-01
9.999991e-01 4.170612e-04 -1.292193e-03 -3.228930e-01 -4.170010e-04 9.999999e-01 4.688146e-05 6.182496e-03 1.292213e-03 -4.634304e-05 9.999993e-01 2.278424e-01
9.999998e-01 -7.342344e-05 -6.260152e-04 -3.757008e-01 7.354244e-05 1.000000e+00 1.900418e-04 7.178294e-03 6.260008e-04 -1.900873e-04 9.999997e-01 2.540606e-01
9.999989e-01 4.822111e-04 -1.401132e-03 -4.089666e-01 -4.819698e-04 9.999999e-01 1.725091e-04 7.432949e-03 1.401215e-03 -1.718341e-04 9.999991e-01 2.660590e-01
1.000000e+00 -1.544166e-04 -1.415628e-04 -4.624243e-01 1.544165e-04 1.000000e+00 -6.731054e-07 8.113802e-03 1.415621e-04 6.517868e-07 9.999999e-01 3.028095e-01
9.999991e-01 4.840740e-04 -1.215700e-03 -5.591935e-01 -4.840919e-04 9.999999e-01 -1.441471e-05 1.003389e-02 1.215694e-03 1.500267e-05 9.999994e-01 3.631324e-01
9.999998e-01 -1.822627e-04 -6.756192e-04 -6.656238e-01 1.822992e-04 1.000000e+00 5.398691e-05 1.239198e-02 6.756083e-04 -5.410952e-05 9.999997e-01 4.135419e-01
9.999997e-01 4.784040e-04 -5.249388e-04 -7.822656e-01 -4.784768e-04 9.999999e-01 -1.385537e-04 1.488964e-02 5.248737e-04 1.388043e-04 1.000000e+00 4.850473e-01
9.999995e-01 -1.648684e-04 -9.380320e-04 -8.844494e-01 1.649708e-04 1.000000e+00 1.090973e-04 1.702645e-02 9.380126e-04 -1.092515e-04 9.999995e-01 5.453696e-01
9.999999e-01 4.659678e-04 -2.492981e-04 -9.543062e-01 -4.659832e-04 9.999999e-01 -6.189323e-05 1.811284e-02 2.492707e-04 6.200885e-05 1.000000e+00 5.967021e-01
9.999999e-01 -1.797733e-04 -3.321335e-04 -1.001752e+00 1.797993e-04 1.000000e+00 7.810285e-05 1.826252e-02 3.321179e-04 -7.816202e-05 9.999998e-01 6.551648e-01
9.999994e-01 5.075547e-04 -9.381971e-04 -1.071746e+00 -5.076352e-04 9.999999e-01 -8.547795e-05 1.934367e-02 9.381553e-04 8.595363e-05 9.999997e-01 7.064915e-01
9.999996e-01 -1.963522e-04 -9.047217e-04 -1.141023e+00 1.965040e-04 1.000000e+00 1.677092e-04 2.057678e-02 9.046869e-04 -1.678864e-04 9.999995e-01 7.431684e-01
9.999992e-01 4.715850e-04 -1.175477e-03 -1.200389e+00 -4.715916e-04 9.999999e-01 -5.331991e-06 2.141604e-02 1.175477e-03 5.885772e-06 9.999994e-01 7.678029e-01
9.999999e-01 -1.034256e-04 -3.622539e-04 -1.260596e+00 1.034867e-04 1.000000e+00 1.685880e-04 2.196439e-02 3.622342e-04 -1.686249e-04 9.999998e-01 8.078845e-01
9.999986e-01 4.387330e-04 -1.611264e-03 -1.300707e+00 -4.386925e-04 9.999999e-01 2.549174e-05 2.193522e-02 1.611277e-03 -2.478545e-05 9.999988e-01 8.308550e-01
9.999999e-01 -7.989765e-05 -3.712417e-04 -1.319611e+00 8.001043e-05 1.000000e+00 3.037096e-04 2.099726e-02 3.712148e-04 -3.037387e-04 9.999998e-01 8.376283e-01
9.999979e-01 9.165831e-04 -1.837397e-03 -1.286082e+00 -9.161745e-04 9.999996e-01 2.232405e-04 1.836516e-02 1.837603e-03 -2.215573e-04 9.999984e-01 8.276985e-01
9.999999e-01 3.778884e-04 1.947274e-04 -1.179940e+00 -3.779028e-04 9.999999e-01 7.378192e-05 1.455970e-02 -1.947025e-04 -7.385480e-05 9.999999e-01 8.162188e-01
9.999983e-01 2.443488e-04 -1.851606e-03 -1.177336e+00 -2.441486e-04 1.000000e+00 1.083652e-04 1.285191e-02 1.851635e-03 -1.079136e-04 9.999984e-01 8.300035e-01
9.999999e-01 -3.422788e-05 -3.908701e-04 -1.233101e+00 3.425043e-05 1.000000e+00 5.761237e-05 1.307150e-02 3.908647e-04 -5.762502e-05 9.999998e-01 8.403028e-01
9.999656e-01 -8.281877e-05 8.289458e-03 -1.397561e+00 9.265533e-05 9.999993e-01 -1.186262e-03 1.601528e-02 -8.289351e-03 1.186988e-03 9.999650e-01 1.475509e+00
9.999982e-01 5.321173e-04 -1.837360e-03 -1.348603e+00 -5.321345e-04 9.999999e-01 -8.890957e-06 1.543834e-02 1.837353e-03 9.869170e-06 9.999982e-01 2.079013e+00
9.999996e-01 8.336338e-04 2.215430e-04 -1.207248e+00 -8.336422e-04 9.999997e-01 3.761420e-05 9.579649e-03 -2.215094e-04 -3.779938e-05 1.000000e+00 2.064393e+00
9.999976e-01 8.305015e-04 -2.037008e-03 -1.045639e+00 -8.299607e-04 9.999996e-01 2.663329e-04 3.865387e-03 2.037226e-03 -2.646411e-04 9.999978e-01 2.004776e+00
9.999997e-01 3.309738e-04 7.469101e-04 -9.779012e-01 -3.308957e-04 9.999999e-01 -1.047680e-04 -2.330501e-04 -7.469423e-04 1.045203e-04 9.999998e-01 2.010480e+00
9.999990e-01 1.103056e-04 -1.441468e-03 -1.031170e+00 -1.101585e-04 1.000000e+00 1.021190e-04 -5.199624e-04 1.441477e-03 -1.019596e-04 9.999989e-01 2.070901e+00
9.999994e-01 6.478582e-04 8.835437e-04 -1.025553e+00 -6.477273e-04 9.999998e-01 -1.485118e-04 -2.403782e-03 -8.836372e-04 1.479389e-04 9.999997e-01 2.115145e+00
9.999954e-01 2.182459e-04 -3.038166e-03 -9.228901e-01 -2.164833e-04 9.999998e-01 5.804654e-04 -6.577093e-03 3.038289e-03 -5.798044e-04 9.999951e-01 2.037996e+00
9.999973e-01 5.869146e-04 2.264480e-03 -9.356684e-01 -5.856772e-04 9.999997e-01 -5.470641e-04 -8.376315e-03 -2.264798e-03 5.457358e-04 9.999974e-01 2.083739e+00
9.999993e-01 8.536650e-04 -8.032246e-04 -8.346281e-01 -8.535428e-04 9.999996e-01 1.523979e-04 -1.257801e-02 8.033516e-04 -1.517117e-04 9.999996e-01 2.183749e+00
9.999979e-01 1.744308e-04 2.025212e-03 -7.525337e-01 -1.727739e-04 9.999997e-01 -8.183041e-04 -1.646061e-02 -2.025351e-03 8.179521e-04 9.999977e-01 2.305661e+00
9.999981e-01 7.507700e-05 -1.966234e-03 -8.323560e-01 -7.368441e-05 9.999997e-01 7.083050e-04 -1.601407e-02 1.966284e-03 -7.081583e-04 9.999977e-01 2.410289e+00
9.999994e-01 4.525141e-04 9.718667e-04 -8.898913e-01 -4.519616e-04 9.999997e-01 -5.686082e-04 -1.622708e-02 -9.721210e-04 5.681681e-04 9.999995e-01 2.460656e+00
9.999987e-01 -2.318084e-04 -1.587420e-03 -1.037215e+00 2.324143e-04 9.999999e-01 3.815102e-04 -1.302767e-02 1.587329e-03 -3.818782e-04 9.999986e-01 2.559428e+00
9.999995e-01 4.720262e-04 8.832163e-04 -1.192131e+00 -4.715051e-04 9.999997e-01 -5.901387e-04 -9.535955e-03 -8.834918e-04 5.897215e-04 9.999995e-01 2.658410e+00
9.999992e-01 -2.317134e-04 -1.240209e-03 -1.338420e+00 2.322111e-04 9.999999e-01 4.012080e-04 -6.507772e-03 1.240113e-03 -4.014953e-04 9.999991e-01 2.766418e+00
9.995042e-01 2.198487e-03 3.141028e-02 -9.696454e-01 -1.935709e-03 9.999629e-01 -8.393948e-03 -7.919216e-04 -3.142757e-02 8.328985e-03 9.994714e-01 6.386521e+00
9.999388e-01 7.896675e-03 7.752732e-03 9.354864e-01 -7.888508e-03 9.999683e-01 -1.083519e-03 -2.169234e-02 -7.761039e-03 1.022294e-03 9.999693e-01 9.854105e+00
9.999479e-01 -5.523849e-03 -8.588015e-03 1.165847e+00 5.540046e-03 9.999829e-01 1.863389e-03 -2.380524e-02 8.577571e-03 -1.910869e-03 9.999615e-01 9.657306e+00
9.999549e-01 6.610443e-03 6.824514e-03 1.195834e+00 -6.600876e-03 9.999772e-01 -1.423543e-03 -2.574306e-02 -6.833765e-03 1.378430e-03 9.999756e-01 9.611726e+00
9.999605e-01 -3.469730e-03 -8.184030e-03 1.490689e+00 3.488072e-03 9.999914e-01 2.228014e-03 -2.761349e-02 8.176226e-03 -2.256471e-03 9.999641e-01 9.365326e+00
9.999334e-01 6.835615e-03 9.300270e-03 1.763107e+00 -6.815418e-03 9.999744e-01 -2.201687e-03 -3.440482e-02 -9.315077e-03 2.138154e-03 9.999542e-01 9.357096e+00
9.999473e-01 -6.271862e-03 -8.132369e-03 1.671859e+00 6.288580e-03 9.999782e-01 2.031825e-03 -3.389011e-02 8.119444e-03 -2.082858e-03 9.999650e-01 9.490879e+00
9.999505e-01 6.469775e-03 7.564781e-03 1.467427e+00 -6.451838e-03 9.999763e-01 -2.393088e-03 -2.900599e-02 -7.580081e-03 2.344161e-03 9.999684e-01 9.613779e+00
9.999412e-01 -6.200874e-03 -8.898675e-03 1.353018e+00 6.221401e-03 9.999780e-01 2.280964e-03 -2.653422e-02 8.884332e-03 -2.336191e-03 9.999579e-01 9.682948e+00
9.999624e-01 6.207048e-03 6.061435e-03 1.306144e+00 -6.195167e-03 9.999789e-01 -1.976951e-03 -2.589687e-02 -6.073574e-03 1.939324e-03 9.999796e-01 9.652974e+00
9.999382e-01 -6.278708e-03 -9.176909e-03 1.268107e+00 6.299736e-03 9.999776e-01 2.264286e-03 -2.587690e-02 9.162483e-03 -2.321957e-03 9.999554e-01 9.604398e+00
9.999499e-01 6.684700e-03 7.456318e-03 1.154591e+00 -6.668336e-03 9.999753e-01 -2.217420e-03 -2.377514e-02 -7.470953e-03 2.167586e-03 9.999696e-01 9.662289e+00
9.999428e-01 -6.283117e-03 -8.660093e-03 1.064219e+00 6.302595e-03 9.999777e-01 2.223701e-03 -2.254910e-02 8.645925e-03 -2.278153e-03 9.999601e-01 9.722459e+00
9.999480e-01 6.648395e-03 7.727362e-03 9.941386e-01 -6.631430e-03 9.999755e-01 -2.218965e-03 -2.201391e-02 -7.741923e-03 2.167605e-03 9.999676e-01 9.782664e+00
9.999392e-01 -6.257486e-03 -9.080698e-03 9.252399e-01 6.277956e-03 9.999778e-01 2.227508e-03 -2.132885e-02 9.066555e-03 -2.284380e-03 9.999564e-01 9.829004e+00
9.999483e-01 6.647482e-03 7.688903e-03 8.426613e-01 -6.630912e-03 9.999756e-01 -2.178495e-03 -2.011655e-02 -7.703194e-03 2.127398e-03 9.999680e-01 9.877766e+00
9.999597e-01 -5.120799e-03 -7.376927e-03 8.722646e-01 5.137710e-03 9.999842e-01 2.275310e-03 -2.277686e-02 7.365157e-03 -2.313118e-03 9.999703e-01 9.927678e+00
9.999309e-01 6.893449e-03 9.517354e-03 1.007849e+00 -6.863907e-03 9.999715e-01 -3.133189e-03 -2.799421e-02 -9.538679e-03 3.067646e-03 9.999497e-01 1.004511e+01
9.999260e-01 -6.366526e-03 -1.036410e-02 9.781208e-01 6.397614e-03 9.999751e-01 2.969261e-03 -2.804786e-02 1.034493e-02 -3.035345e-03 9.999420e-01 1.008409e+01
9.999416e-01 6.735360e-03 8.454877e-03 9.543393e-01 -6.713172e-03 9.999740e-01 -2.649997e-03 -2.851563e-02 -8.472503e-03 2.593082e-03 9.999606e-01 1.008882e+01
9.999253e-01 -6.415514e-03 -1.039982e-02 8.727055e-01 6.442866e-03 9.999759e-01 2.598656e-03 -2.706000e-02 1.038289e-02 -2.665465e-03 9.999426e-01 1.012384e+01
9.999471e-01 6.574334e-03 7.911771e-03 8.180673e-01 -6.555740e-03 9.999757e-01 -2.373871e-03 -2.624726e-02 -7.927183e-03 2.321877e-03 9.999658e-01 1.012005e+01
9.999291e-01 -6.327021e-03 -1.008328e-02 7.481560e-01 6.352102e-03 9.999768e-01 2.457319e-03 -2.525366e-02 1.006750e-02 -2.521194e-03 9.999462e-01 1.013075e+01
9.999423e-01 6.618398e-03 8.462650e-03 6.220406e-01 -6.596918e-03 9.999750e-01 -2.563595e-03 -2.230591e-02 -8.479403e-03 2.507619e-03 9.999608e-01 1.019239e+01
9.999357e-01 -6.338670e-03 -9.404826e-03 4.812332e-01 6.360967e-03 9.999770e-01 2.342864e-03 -1.920123e-02 9.389758e-03 -2.402536e-03 9.999531e-01 1.027850e+01
9.999031e-01 6.322191e-03 1.240193e-02 2.909287e-01 -6.288429e-03 9.999764e-01 -2.759471e-03 -1.594758e-02 -1.241908e-02 2.681214e-03 9.999192e-01 1.053928e+01
9.999397e-01 -6.678494e-03 -8.714017e-03 -8.314101e-03 6.695341e-03 9.999758e-01 1.905514e-03 -9.192074e-03 8.701078e-03 -1.963741e-03 9.999603e-01 1.083795e+01
9.998990e-01 7.343686e-03 1.216677e-02 -6.474322e-02 -7.306295e-03 9.999685e-01 -3.114800e-03 -9.518127e-03 -1.218926e-02 3.025590e-03 9.999210e-01 1.110862e+01
9.999292e-01 -6.755536e-03 -9.800090e-03 -1.238241e-01 6.776391e-03 9.999748e-01 2.096347e-03 -9.857673e-03 9.785679e-03 -2.162606e-03 9.999499e-01 1.131433e+01
9.999223e-01 6.902849e-03 1.037643e-02 -2.578396e-01 -6.878205e-03 9.999734e-01 -2.408765e-03 -7.597515e-03 -1.039277e-02 2.337206e-03 9.999432e-01 1.144198e+01
9.999132e-01 -6.460172e-03 -1.147927e-02 -3.309420e-01 6.487883e-03 9.999761e-01 2.378442e-03 -7.073506e-03 1.146363e-02 -2.452710e-03 9.999314e-01 1.149027e+01
9.999218e-01 6.849083e-03 1.046588e-02 -4.139430e-01 -6.824322e-03 9.999738e-01 -2.399726e-03 -6.214601e-03 -1.048204e-02 2.328114e-03 9.999423e-01 1.154322e+01
9.999191e-01 -6.612054e-03 -1.086921e-02 -5.416458e-01 6.636321e-03 9.999756e-01 2.198118e-03 -3.838954e-03 1.085441e-02 -2.270071e-03 9.999386e-01 1.163107e+01
9.999188e-01 7.309692e-03 1.044326e-02 -5.763486e-01 -7.287303e-03 9.999711e-01 -2.180361e-03 -4.856558e-03 -1.045889e-02 2.104080e-03 9.999430e-01 1.168993e+01
9.999379e-01 -5.761984e-03 -9.534104e-03 -4.760483e-01 5.780187e-03 9.999815e-01 1.882714e-03 -9.495249e-03 9.523077e-03 -1.937705e-03 9.999529e-01 1.177575e+01
9.999142e-01 8.333355e-03 1.010748e-02 -1.874851e-01 -8.314620e-03 9.999636e-01 -1.894125e-03 -1.699983e-02 -1.012289e-02 1.809922e-03 9.999470e-01 1.175570e+01
9.999337e-01 -6.798821e-03 -9.298594e-03 -8.419534e-02 6.815426e-03 9.999752e-01 1.755285e-03 -2.130791e-02 9.286427e-03 -1.818541e-03 9.999553e-01 1.181309e+01
9.998852e-01 8.715413e-03 1.239667e-02 1.584836e-01 -8.675784e-03 9.999571e-01 -3.246905e-03 -2.754441e-02 -1.242443e-02 3.138980e-03 9.999178e-01 1.197685e+01
9.999435e-01 -5.972452e-03 -8.798620e-03 5.712982e-01 5.988878e-03 9.999804e-01 1.841734e-03 -3.767638e-02 8.787444e-03 -1.894323e-03 9.999597e-01 1.214022e+01
9.999182e-01 7.313592e-03 1.049137e-02 7.368223e-01 -7.282718e-03 9.999690e-01 -2.978032e-03 -4.384112e-02 -1.051282e-02 2.901381e-03 9.999404e-01 1.225076e+01
9.999264e-01 -6.874053e-03 -9.994350e-03 6.652341e-01 6.901984e-03 9.999724e-01 2.762933e-03 -4.385464e-02 9.975077e-03 -2.831709e-03 9.999463e-01 1.237016e+01
9.999144e-01 7.370682e-03 1.080670e-02 5.955318e-01 -7.338338e-03 9.999685e-01 -3.029492e-03 -4.404215e-02 -1.082868e-02 2.949928e-03 9.999369e-01 1.249601e+01
9.999522e-01 -5.348690e-03 -8.186636e-03 7.289214e-01 5.367960e-03 9.999829e-01 2.333646e-03 -4.829866e-02 8.174009e-03 -2.377478e-03 9.999639e-01 1.271493e+01
9.999092e-01 6.194262e-03 1.196553e-02 5.163819e-01 -6.154014e-03 9.999753e-01 -3.397552e-03 -4.557239e-02 -1.198627e-02 3.323606e-03 9.999225e-01 1.307760e+01
9.999332e-01 -6.363207e-03 -9.649268e-03 2.683313e-01 6.391763e-03 9.999753e-01 2.931387e-03 -4.085981e-02 9.630372e-03 -2.992865e-03 9.999492e-01 1.333886e+01
9.999256e-01 6.704711e-03 1.019253e-02 1.707406e-01 -6.672934e-03 9.999728e-01 -3.148445e-03 -3.999127e-02 -1.021336e-02 3.080194e-03 9.999430e-01 1.346566e+01
9.999539e-01 -6.765230e-03 -6.809488e-03 -1.983705e-01 6.782618e-03 9.999738e-01 2.533710e-03 -3.179427e-02 6.792163e-03 -2.579778e-03 9.999737e-01 1.378355e+01
9.999235e-01 6.679240e-03 1.041014e-02 -6.198393e-01 -6.645128e-03 9.999724e-01 -3.307972e-03 -2.215369e-02 -1.043194e-02 3.238540e-03 9.999402e-01 1.412479e+01
9.999266e-01 -6.559118e-03 -1.018716e-02 -8.062724e-01 6.590907e-03 9.999735e-01 3.090088e-03 -1.820974e-02 1.016662e-02 -3.157001e-03 9.999434e-01 1.425764e+01
9.998913e-01 6.657746e-03 1.315349e-02 -1.121823e+00 -6.610868e-03 9.999717e-01 -3.604129e-03 -1.123369e-02 -1.317711e-02 3.516780e-03 9.999069e-01 1.452153e+01
9.999636e-01 -7.423953e-03 -4.204604e-03 -1.967026e+00 7.432597e-03 9.999703e-01 2.044000e-03 9.383697e-03 4.189298e-03 -2.075174e-03 9.999892e-01 1.518850e+01
9.998857e-01 6.508420e-03 1.364695e-02 -2.636618e+00 -6.462934e-03 9.999734e-01 -3.374495e-03 2.447381e-02 -1.366855e-02 3.285908e-03 9.999011e-01 1.585775e+01
9.999618e-01 -6.649616e-03 -5.667967e-03 -2.882790e+00 6.664596e-03 9.999743e-01 2.628297e-03 2.853909e-02 5.650336e-03 -2.665969e-03 9.999806e-01 1.651755e+01
9.997957e-01 6.013626e-03 1.929591e-02 -3.198637e+00 -5.928387e-03 9.999724e-01 -4.471613e-03 3.513520e-02 -1.932226e-02 4.356304e-03 9.998037e-01 1.772614e+01
9.999421e-01 -6.606659e-03 -8.488338e-03 -3.616622e+00 6.641302e-03 9.999697e-01 4.059578e-03 4.366350e-02 8.461250e-03 -4.115714e-03 9.999558e-01 1.865891e+01
9.999170e-01 6.404146e-03 1.117692e-02 -3.968098e+00 -6.350761e-03 9.999683e-01 -4.805362e-03 5.179664e-02 -1.120732e-02 4.733978e-03 9.999259e-01 1.895775e+01
9.999520e-01 -6.690395e-03 -7.153756e-03 -4.345030e+00 6.719452e-03 9.999692e-01 4.045580e-03 6.029726e-02 7.126458e-03 -4.093453e-03 9.999663e-01 1.930936e+01
9.999324e-01 6.436635e-03 9.678384e-03 -4.646087e+00 -6.391670e-03 9.999687e-01 -4.669667e-03 6.716115e-02 -9.708126e-03 4.607487e-03 9.999422e-01 1.958542e+01
9.999670e-01 -6.557385e-03 -4.799058e-03 -4.781792e+00 6.576011e-03 9.999709e-01 3.875781e-03 6.868220e-02 4.773491e-03 -3.907208e-03 9.999811e-01 1.999287e+01
9.999435e-01 6.670294e-03 8.280030e-03 -4.900368e+00 -6.637651e-03 9.999701e-01 -3.963618e-03 7.008136e-02 -8.306209e-03 3.908431e-03 9.999578e-01 2.030350e+01
9.999381e-01 -6.328253e-03 -9.151624e-03 -4.965553e+00 6.364178e-03 9.999721e-01 3.901771e-03 7.065145e-02 9.126665e-03 -3.959769e-03 9.999506e-01 2.036206e+01
9.999406e-01 7.111368e-03 8.256078e-03 -4.934449e+00 -7.080963e-03 9.999681e-01 -3.706097e-03 6.833029e-02 -8.282158e-03 3.647414e-03 9.999590e-01 2.038182e+01
9.999463e-01 -6.230532e-03 -8.281510e-03 -4.951287e+00 6.261333e-03 9.999736e-01 3.698586e-03 6.668994e-02 8.258234e-03 -3.750237e-03 9.999590e-01 2.048751e+01
9.999414e-01 6.929648e-03 8.317905e-03 -4.987417e+00 -6.899589e-03 9.999696e-01 -3.636935e-03 6.558586e-02 -8.342842e-03 3.579329e-03 9.999587e-01 2.060190e+01
9.999440e-01 -5.983959e-03 -8.724105e-03 -4.984905e+00 6.017144e-03 9.999747e-01 3.782637e-03 6.393254e-02 8.701237e-03 -3.834917e-03 9.999549e-01 2.065292e+01
9.999342e-01 6.891323e-03 9.174531e-03 -5.026594e+00 -6.856079e-03 9.999690e-01 -3.867391e-03 6.331047e-02 -9.200885e-03 3.804232e-03 9.999503e-01 2.075579e+01
9.999577e-01 -4.993697e-03 -7.728103e-03 -4.938385e+00 5.016927e-03 9.999829e-01 2.989477e-03 5.992382e-02 7.713030e-03 -3.028118e-03 9.999658e-01 2.103907e+01
9.999398e-01 6.611021e-03 8.761408e-03 -4.810459e+00 -6.581877e-03 9.999727e-01 -3.351033e-03 5.579382e-02 -8.783310e-03 3.293162e-03 9.999559e-01 2.128871e+01
9.999506e-01 -4.508400e-03 -8.857980e-03 -4.660157e+00 4.541423e-03 9.999828e-01 3.711498e-03 5.242573e-02 8.841082e-03 -3.751540e-03 9.999540e-01 2.130725e+01
9.999324e-01 7.189187e-03 9.143132e-03 -4.472771e+00 -7.158749e-03 9.999687e-01 -3.357449e-03 4.965855e-02 -9.166971e-03 3.291766e-03 9.999525e-01 2.125949e+01
9.999373e-01 -5.893141e-03 -9.521448e-03 -4.419274e+00 5.928864e-03 9.999755e-01 3.727962e-03 4.808786e-02 9.499232e-03 -3.784177e-03 9.999478e-01 2.123971e+01
9.999333e-01 7.081005e-03 9.121224e-03 -4.412842e+00 -7.048292e-03 9.999686e-01 -3.613609e-03 4.643216e-02 -9.146513e-03 3.549076e-03 9.999518e-01 2.129799e+01
9.999392e-01 -6.095124e-03 -9.186834e-03 -4.443820e+00 6.128701e-03 9.999746e-01 3.631171e-03 4.550315e-02 9.164456e-03 -3.687251e-03 9.999513e-01 2.140022e+01
9.999297e-01 8.008266e-03 8.741282e-03 -4.310468e+00 -7.981586e-03 9.999634e-01 -3.082858e-03 4.361411e-02 -8.765638e-03 3.012870e-03 9.999569e-01 2.134292e+01
9.999353e-01 -6.118867e-03 -9.584428e-03 -4.188120e+00 6.151665e-03 9.999753e-01 3.396286e-03 4.178457e-02 9.563397e-03 -3.455024e-03 9.999484e-01 2.126834e+01
9.999289e-01 7.481497e-03 9.284588e-03 -4.137206e+00 -7.451006e-03 9.999667e-01 -3.314361e-03 3.932144e-02 -9.309063e-03 3.244943e-03 9.999513e-01 2.130748e+01
9.999339e-01 -6.325074e-03 -9.602979e-03 -4.110331e+00 6.359297e-03 9.999735e-01 3.537420e-03 3.739475e-02 9.580337e-03 -3.598251e-03 9.999477e-01 2.133949e+01
9.999377e-01 6.938416e-03 8.749450e-03 -4.142495e+00 -6.909270e-03 9.999705e-01 -3.357047e-03 3.674806e-02 -8.772472e-03 3.296382e-03 9.999560e-01 2.139694e+01
9.999292e-01 -6.478007e-03 -9.984871e-03 -4.215749e+00 6.511751e-03 9.999732e-01 3.350744e-03 3.755002e-02 9.962885e-03 -3.415523e-03 9.999446e-01 2.146269e+01
9.999338e-01 6.877505e-03 9.223203e-03 -4.318746e+00 -6.845854e-03 9.999706e-01 -3.458864e-03 3.923502e-02 -9.246708e-03 3.395492e-03 9.999514e-01 2.154676e+01
9.999299e-01 -6.341021e-03 -9.997754e-03 -4.359147e+00 6.377476e-03 9.999731e-01 3.618676e-03 3.902125e-02 9.974527e-03 -3.682181e-03 9.999436e-01 2.160161e+01
9.999201e-01 7.237586e-03 1.036190e-02 -4.400746e+00 -7.199953e-03 9.999674e-01 -3.664584e-03 3.811565e-02 -1.038807e-02 3.589683e-03 9.999395e-01 2.171800e+01
9.999474e-01 -6.956367e-03 -7.533080e-03 -4.611477e+00 6.982706e-03 9.999696e-01 3.475845e-03 4.138353e-02 7.508659e-03 -3.528261e-03 9.999657e-01 2.197699e+01
9.999210e-01 7.332184e-03 1.021319e-02 -4.744692e+00 -7.293254e-03 9.999660e-01 -3.843739e-03 4.231189e-02 -1.024101e-02 3.768946e-03 9.999404e-01 2.222300e+01
9.999354e-01 -5.683767e-03 -9.848421e-03 -4.553073e+00 5.720917e-03 9.999766e-01 3.748120e-03 3.770967e-02 9.826875e-03 -3.804217e-03 9.999446e-01 2.229931e+01
9.999437e-01 6.464754e-03 8.419116e-03 -4.508960e+00 -6.437403e-03 9.999739e-01 -3.271729e-03 3.500337e-02 -8.440035e-03 3.217345e-03 9.999591e-01 2.229885e+01
9.999363e-01 -5.998126e-03 -9.563760e-03 -4.532720e+00 6.031016e-03 9.999760e-01 3.413963e-03 3.411807e-02 9.543041e-03 -3.471422e-03 9.999485e-01 2.234286e+01
9.999386e-01 6.466556e-03 9.000418e-03 -4.560441e+00 -6.436068e-03 9.999735e-01 -3.412240e-03 3.312632e-02 -9.022233e-03 3.354101e-03 9.999536e-01 2.240580e+01
9.999365e-01 -6.144007e-03 -9.445729e-03 -4.656431e+00 6.175325e-03 9.999755e-01 3.290010e-03 3.448306e-02 9.425271e-03 -3.348129e-03 9.999501e-01 2.249259e+01
9.999383e-01 6.424937e-03 9.057441e-03 -4.809672e+00 -6.393220e-03 9.999733e-01 -3.526366e-03 3.756182e-02 -9.079844e-03 3.468240e-03 9.999527e-01 2.260897e+01
9.999357e-01 -6.039944e-03 -9.602099e-03 -4.923638e+00 6.072742e-03 9.999758e-01 3.390266e-03 3.923152e-02 9.581377e-03 -3.448357e-03 9.999483e-01 2.269869e+01
9.999498e-01 6.646944e-03 7.491562e-03 -4.896174e+00 -6.624691e-03 9.999736e-01 -2.991344e-03 3.693911e-02 -7.511236e-03 2.941562e-03 9.999674e-01 2.266667e+01
9.999354e-01 -6.384860e-03 -9.404574e-03 -4.921910e+00 6.414968e-03 9.999744e-01 3.174829e-03 3.594252e-02 9.384050e-03 -3.234951e-03 9.999508e-01 2.267258e+01
9.999382e-01 6.724293e-03 8.856449e-03 -5.019611e+00 -6.695524e-03 9.999722e-01 -3.273980e-03 3.737441e-02 -8.878206e-03 3.214477e-03 9.999553e-01 2.276333e+01
9.999457e-01 -6.514612e-03 -8.138693e-03 -5.066115e+00 6.540817e-03 9.999735e-01 3.197402e-03 3.681888e-02 8.117635e-03 -3.250460e-03 9.999619e-01 2.288137e+01
9.998290e-01 6.414743e-03 1.734357e-02 -5.187300e+00 -6.332066e-03 9.999683e-01 -4.817743e-03 3.938978e-02 -1.737391e-02 4.707096e-03 9.998379e-01 2.371656e+01
9.999731e-01 -5.700796e-03 4.614926e-03 -5.092498e+00 5.697994e-03 9.999836e-01 6.200062e-04 4.394203e-02 -4.618399e-03 -5.936906e-04 9.999893e-01 2.600875e+01
9.997914e-01 6.592266e-03 1.932992e-02 -4.961583e+00 -6.486006e-03 9.999635e-01 -5.554738e-03 4.846371e-02 -1.936582e-02 5.428202e-03 9.997976e-01 2.833537e+01
9.999765e-01 -6.848700e-03 4.370860e-05 -5.112165e+00 6.848531e-03 9.999717e-01 3.102622e-03 5.512136e-02 -6.497559e-05 -3.102246e-03 9.999953e-01 3.025080e+01
9.998150e-01 6.729884e-03 1.801776e-02 -5.281767e+00 -6.631581e-03 9.999628e-01 -5.510114e-03 6.121967e-02 -1.805415e-02 5.389605e-03 9.998224e-01 3.208871e+01
9.999574e-01 -6.494912e-03 -6.554559e-03 -5.295394e+00 6.519389e-03 9.999718e-01 3.719943e-03 6.322722e-02 6.530192e-03 -3.762512e-03 9.999717e-01 3.327263e+01
9.999263e-01 8.156751e-03 8.997632e-03 -5.194584e+00 -8.114950e-03 9.999562e-01 -4.672490e-03 5.945772e-02 -9.035327e-03 4.599126e-03 9.999485e-01 3.349598e+01
9.999613e-01 -6.825968e-03 -5.557987e-03 -5.059379e+00 6.845980e-03 9.999701e-01 3.589700e-03 5.621972e-02 5.533295e-03 -3.627606e-03 9.999782e-01 3.380088e+01
9.999340e-01 8.412747e-03 7.818745e-03 -4.948904e+00 -8.380758e-03 9.999564e-01 -4.115008e-03 5.214877e-02 -7.853000e-03 4.049205e-03 9.999609e-01 3.392237e+01
9.999600e-01 -5.044807e-03 -7.380199e-03 -4.633044e+00 5.078284e-03 9.999769e-01 4.524469e-03 4.829650e-02 7.357180e-03 -4.561762e-03 9.999626e-01 3.376515e+01
9.999334e-01 8.108449e-03 8.209672e-03 -4.394319e+00 -8.075815e-03 9.999594e-01 -4.000331e-03 4.246827e-02 -8.241752e-03 3.933760e-03 9.999582e-01 3.369914e+01
9.999455e-01 -7.493749e-03 -7.267397e-03 -4.461995e+00 7.521510e-03 9.999645e-01 3.800213e-03 4.245704e-02 7.238638e-03 -3.854663e-03 9.999665e-01 3.381275e+01
9.999120e-01 9.545539e-03 9.213798e-03 -4.301490e+00 -9.504689e-03 9.999449e-01 -4.467107e-03 3.903616e-02 -9.255908e-03 4.379135e-03 9.999475e-01 3.393288e+01
9.999428e-01 -7.222359e-03 -7.894050e-03 -4.053893e+00 7.256288e-03 9.999645e-01 4.277992e-03 3.354675e-02 7.862850e-03 -4.335024e-03 9.999598e-01 3.400822e+01
9.999230e-01 8.141593e-03 9.362838e-03 -4.061624e+00 -8.098006e-03 9.999562e-01 -4.683762e-03 3.178463e-02 -9.400538e-03 4.607577e-03 9.999451e-01 3.416554e+01
9.999497e-01 -6.562047e-03 -7.586371e-03 -3.957690e+00 6.595112e-03 9.999688e-01 4.341779e-03 2.887702e-02 7.557619e-03 -4.391589e-03 9.999619e-01 3.423693e+01
9.999107e-01 7.649517e-03 1.095659e-02 -3.828587e+00 -7.592925e-03 9.999577e-01 -5.197418e-03 2.651802e-02 -1.099586e-02 5.113757e-03 9.999264e-01 3.458151e+01
9.999283e-01 -7.535459e-03 -9.310834e-03 -4.002732e+00 7.580902e-03 9.999595e-01 4.855111e-03 2.962772e-02 9.273846e-03 -4.925343e-03 9.999450e-01 3.477727e+01
9.999241e-01 7.753156e-03 9.571046e-03 -4.145925e+00 -7.704789e-03 9.999574e-01 -5.079990e-03 3.230928e-02 -9.610000e-03 5.005857e-03 9.999412e-01 3.490277e+01
9.999285e-01 -7.244114e-03 -9.509414e-03 -4.215211e+00 7.291858e-03 9.999609e-01 4.995749e-03 3.270042e-02 9.472828e-03 -5.064729e-03 9.999424e-01 3.498330e+01
9.998976e-01 8.860596e-03 1.124173e-02 -4.162494e+00 -8.801142e-03 9.999471e-01 -5.327122e-03 3.059686e-02 -1.128831e-02 5.227632e-03 9.999225e-01 3.506257e+01
9.999344e-01 -8.096519e-03 -8.107227e-03 -4.124391e+00 8.135810e-03 9.999553e-01 4.825305e-03 2.967573e-02 8.067771e-03 -4.890943e-03 9.999556e-01 3.534697e+01
9.999377e-01 8.522934e-03 7.209762e-03 -4.239895e+00 -8.488139e-03 9.999522e-01 -4.842892e-03 3.151226e-02 -7.250668e-03 4.781388e-03 9.999622e-01 3.541208e+01
9.999743e-01 -6.643598e-03 -2.680906e-03 -4.139997e+00 6.653311e-03 9.999713e-01 3.630903e-03 2.936709e-02 2.656681e-03 -3.648643e-03 9.999899e-01 3.584215e+01
9.999637e-01 7.758877e-03 3.531456e-03 -4.077556e+00 -7.746682e-03 9.999640e-01 -3.453658e-03 2.628241e-02 -3.558100e-03 3.426171e-03 9.999877e-01 3.588783e+01
9.999658e-01 -7.221787e-03 -4.036232e-03 -4.171792e+00 7.235946e-03 9.999677e-01 3.504722e-03 2.698839e-02 4.010766e-03 -3.533803e-03 9.999858e-01 3.596000e+01
9.999644e-01 8.032450e-03 2.573560e-03 -4.147348e+00 -8.024372e-03 9.999629e-01 -3.133604e-03 2.632893e-02 -2.598610e-03 3.112837e-03 9.999917e-01 3.590255e+01
9.999748e-01 -7.041207e-03 -8.861116e-04 -4.070350e+00 7.043605e-03 9.999715e-01 2.733521e-03 2.378545e-02 8.668137e-04 -2.739690e-03 9.999960e-01 3.600355e+01
9.999719e-01 7.464317e-03 6.489988e-04 -4.157852e+00 -7.462581e-03 9.999687e-01 -2.635709e-03 2.505473e-02 -6.686269e-04 2.630788e-03 9.999962e-01 3.605665e+01
9.999730e-01 -7.347092e-03 -2.039669e-04 -4.345600e+00 7.347537e-03 9.999704e-01 2.277169e-03 2.933152e-02 1.872049e-04 -2.278601e-03 9.999975e-01 3.618514e+01
9.999690e-01 7.729579e-03 1.508975e-03 -4.470744e+00 -7.725687e-03 9.999669e-01 -2.567911e-03 3.128387e-02 -1.528748e-03 2.556169e-03 9.999955e-01 3.632455e+01
9.999804e-01 -6.256997e-03 2.336932e-04 -4.308686e+00 6.256415e-03 9.999775e-01 2.409420e-03 2.777049e-02 -2.487894e-04 -2.407907e-03 9.999972e-01 3.638159e+01
9.999732e-01 7.060510e-03 1.917146e-03 -4.324372e+00 -7.054803e-03 9.999707e-01 -2.967592e-03 2.672815e-02 -1.938017e-03 2.953983e-03 9.999937e-01 3.657642e+01
9.999794e-01 -6.414992e-03 1.643232e-05 -4.314880e+00 6.414921e-03 9.999756e-01 2.763849e-03 2.546788e-02 -3.418807e-05 -2.763683e-03 9.999963e-01 3.677109e+01
9.999749e-01 7.009603e-03 -1.012154e-03 -4.336256e+00 -7.012028e-03 9.999725e-01 -2.413101e-03 2.484707e-02 9.952378e-04 2.420133e-03 9.999965e-01 3.677781e+01
9.999828e-01 -5.851759e-03 4.686616e-04 -4.338783e+00 5.850496e-03 9.999794e-01 2.651819e-03 2.326832e-02 -4.841956e-04 -2.649027e-03 9.999965e-01 3.680763e+01
9.999553e-01 8.800903e-03 3.440882e-03 -4.036894e+00 -8.785806e-03 9.999518e-01 -4.378183e-03 1.878545e-02 -3.479222e-03 4.347752e-03 9.999844e-01 3.718893e+01
9.999698e-01 -7.760291e-03 3.191681e-04 -3.916503e+00 7.759107e-03 9.999636e-01 3.555266e-03 1.674885e-02 -3.467730e-04 -3.552677e-03 9.999937e-01 3.756706e+01
9.999595e-01 8.866046e-03 1.525465e-03 -3.913294e+00 -8.860041e-03 9.999531e-01 -3.898806e-03 1.487747e-02 -1.559934e-03 3.885128e-03 9.999911e-01 3.772831e+01
9.999894e-01 -4.331017e-03 -1.576450e-03 -3.412334e+00 4.338117e-03 9.999803e-01 4.529199e-03 1.204226e-02 1.556776e-03 -4.535985e-03 9.999886e-01 3.746006e+01
9.999654e-01 8.273761e-03 8.932879e-04 -2.920147e+00 -8.270411e-03 9.999590e-01 -3.689953e-03 8.287291e-03 -9.237541e-04 3.682434e-03 9.999927e-01 3.713411e+01
9.999897e-01 -4.531061e-03 2.870083e-04 -2.611162e+00 4.529975e-03 9.999830e-01 3.675748e-03 2.952714e-03 -3.036854e-04 -3.674406e-03 9.999933e-01 3.712272e+01
9.999710e-01 7.609162e-03 2.491448e-04 -2.330645e+00 -7.608444e-03 9.999672e-01 -2.764170e-03 -2.316150e-04 -2.701426e-04 2.762190e-03 9.999961e-01 3.697990e+01
9.999776e-01 -6.698367e-03 -1.719015e-04 -2.341596e+00 6.698806e-03 9.999739e-01 2.693255e-03 -2.008241e-03 1.538295e-04 -2.694342e-03 9.999965e-01 3.707531e+01
9.999749e-01 7.050300e-03 6.525427e-04 -2.414420e+00 -7.048411e-03 9.999711e-01 -2.851568e-03 -2.079981e-03 -6.726012e-04 2.846893e-03 9.999956e-01 3.720132e+01
9.999805e-01 -5.512133e-03 2.928179e-03 -2.304797e+00 5.506854e-03 9.999832e-01 1.807422e-03 -4.673049e-03 -2.938120e-03 -1.791257e-03 9.999942e-01 3.759027e+01
9.999578e-01 7.917526e-03 -4.667381e-03 -2.078970e+00 -7.920951e-03 9.999684e-01 -7.160586e-04 -6.048858e-03 4.661591e-03 7.529945e-04 9.999888e-01 3.738279e+01
9.999733e-01 -3.651965e-03 6.330840e-03 -1.640366e+00 3.649142e-03 9.999932e-01 4.573730e-04 -1.155509e-02 -6.332495e-03 -4.342545e-04 9.999800e-01 3.739337e+01
9.999707e-01 5.956392e-03 -4.801886e-03 -1.356216e+00 -5.960100e-03 9.999820e-01 -7.584101e-04 -1.596123e-02 4.797310e-03 7.870037e-04 9.999881e-01 3.749154e+01
9.999695e-01 -4.879630e-03 6.100707e-03 -1.367604e+00 4.875520e-03 9.999879e-01 6.882876e-04 -1.744776e-02 -6.104019e-03 -6.585184e-04 9.999813e-01 3.761410e+01
9.999806e-01 5.910103e-03 -1.964775e-03 -1.405554e+00 -5.913191e-03 9.999813e-01 -1.570071e-03 -1.766015e-02 1.955487e-03 1.581654e-03 9.999967e-01 3.802280e+01
9.999687e-01 -5.414226e-03 5.764666e-03 -1.446019e+00 5.408647e-03 9.999849e-01 9.828527e-04 -1.745892e-02 -5.769929e-03 -9.516387e-04 9.999830e-01 3.842928e+01
9.999750e-01 5.549742e-03 -4.387394e-03 -1.627335e+00 -5.554987e-03 9.999839e-01 -1.184271e-03 -1.431325e-02 4.380779e-03 1.208609e-03 9.999896e-01 3.862731e+01
9.999813e-01 -3.353354e-03 5.121882e-03 -1.473533e+00 3.345602e-03 9.999932e-01 1.521065e-03 -1.679088e-02 -5.126977e-03 -1.503897e-03 9.999858e-01 3.854309e+01
9.999562e-01 7.201022e-03 -5.976010e-03 -1.182737e+00 -7.205015e-03 9.999738e-01 -6.469842e-04 -1.812386e-02 5.971223e-03 6.900093e-04 9.999818e-01 3.827480e+01
9.999589e-01 -6.025005e-03 6.772625e-03 -1.169456e+00 6.020334e-03 9.999816e-01 7.097734e-04 -2.042108e-02 -6.776806e-03 -6.689667e-04 9.999769e-01 3.837148e+01
9.999486e-01 7.652796e-03 -6.657497e-03 -1.085711e+00 -7.655511e-03 9.999706e-01 -3.824784e-04 -2.350243e-02 6.654403e-03 4.334215e-04 9.999777e-01 3.838728e+01
9.999623e-01 -4.711793e-03 7.297334e-03 -9.008083e-01 4.704562e-03 9.999884e-01 1.007719e-03 -2.534434e-02 -7.302026e-03 -9.733462e-04 9.999730e-01 3.830514e+01
9.999477e-01 9.715604e-03 -3.203781e-03 -2.453991e-01 -9.725143e-03 9.999483e-01 -2.975434e-03 -3.260092e-02 3.174736e-03 3.006432e-03 9.999903e-01 3.866615e+01
9.999460e-01 -7.339633e-03 7.359741e-03 1.805443e-01 7.324870e-03 9.999711e-01 2.030765e-03 -3.867874e-02 -7.374463e-03 -1.976742e-03 9.999710e-01 3.916479e+01
9.999115e-01 1.085464e-02 -7.688320e-03 5.822037e-01 -1.086740e-02 9.999396e-01 -1.620055e-03 -4.243048e-02 7.670300e-03 1.703460e-03 9.999690e-01 3.895441e+01
9.999315e-01 -8.905934e-03 7.594747e-03 8.056411e-01 8.889090e-03 9.999580e-01 2.248622e-03 -4.632764e-02 -7.614484e-03 -2.180953e-03 9.999687e-01 3.884641e+01
9.999524e-01 9.699515e-03 1.089572e-03 8.013561e-01 -9.695161e-03 9.999453e-01 -3.932527e-03 -4.598438e-02 -1.127626e-03 3.921772e-03 9.999916e-01 3.977352e+01
9.999398e-01 -7.029683e-03 8.421888e-03 1.125227e+00 7.014936e-03 9.999738e-01 1.779198e-03 -4.978125e-02 -8.434206e-03 -1.720008e-03 9.999630e-01 4.089898e+01
9.999178e-01 1.193439e-02 -4.679978e-03 1.712736e+00 -1.194470e-02 9.999263e-01 -2.180420e-03 -5.669412e-02 4.653643e-03 2.236138e-03 9.999866e-01 4.107122e+01
9.998456e-01 -9.768697e-03 1.460612e-02 1.968059e+00 9.776837e-03 9.999521e-01 -4.860988e-04 -6.041509e-02 -1.460071e-02 6.288299e-04 9.998933e-01 4.207464e+01
9.998573e-01 1.351001e-02 -1.013820e-02 2.587430e+00 -1.351506e-02 9.999086e-01 -4.303586e-04 -7.001991e-02 1.013149e-02 5.673115e-04 9.999484e-01 4.260203e+01
9.999661e-01 -8.226848e-03 3.051171e-04 3.212987e+00 8.225174e-03 9.999530e-01 5.132299e-03 -5.407191e-02 -3.473575e-04 -5.129612e-03 9.999869e-01 4.144136e+01
9.998716e-01 1.334151e-02 -8.878095e-03 3.841724e+00 -1.335459e-02 9.999098e-01 -1.415310e-03 -4.021938e-02 8.858444e-03 1.533689e-03 9.999595e-01 4.042879e+01
9.999648e-01 -8.187152e-03 -1.851075e-03 4.448016e+00 8.198325e-03 9.999477e-01 6.111319e-03 -2.465701e-02 1.800914e-03 -6.126277e-03 9.999797e-01 3.928083e+01
9.997988e-01 1.995455e-02 2.059744e-03 5.647887e+00 -1.994334e-02 9.997869e-01 -5.327376e-03 -1.823944e-02 -2.165580e-03 5.285224e-03 9.999836e-01 3.854294e+01
9.999025e-01 -1.290301e-02 -5.334067e-03 6.503125e+00 1.294159e-02 9.998899e-01 7.262284e-03 -1.011718e-02 5.239744e-03 -7.330605e-03 9.999595e-01 3.774505e+01
9.998298e-01 1.816010e-02 3.250024e-03 7.185138e+00 -1.813929e-02 9.998155e-01 -6.322809e-03 -9.163340e-03 -3.364218e-03 6.262778e-03 9.999746e-01 3.724319e+01
9.999330e-01 -1.099273e-02 -3.632201e-03 7.930663e+00 1.101510e-02 9.999201e-01 6.198665e-03 -1.030347e-02 3.563741e-03 -6.238256e-03 9.999743e-01 3.696615e+01
9.998445e-01 1.593707e-02 7.546337e-03 8.648922e+00 -1.587681e-02 9.998421e-01 -7.979052e-03 -1.801300e-02 -7.672278e-03 7.857998e-03 9.999396e-01 3.732693e+01
9.998945e-01 -9.485980e-03 1.099728e-02 9.331821e+00 9.460900e-03 9.999525e-01 2.330353e-03 -2.313994e-02 -1.101890e-02 -2.226060e-03 9.999369e-01 3.950239e+01
9.998047e-01 1.964011e-02 2.183129e-03 1.105151e+01 -1.962732e-02 9.997909e-01 -5.731634e-03 -4.449647e-02 -2.295209e-03 5.687664e-03 9.999811e-01 4.108402e+01
9.999985e-01 -1.527958e-03 8.210785e-04 1.287867e+01 1.523678e-03 9.999854e-01 5.188191e-03 -4.063836e-02 -8.290275e-04 -5.186930e-03 9.999863e-01 4.038931e+01
9.999008e-01 1.309415e-02 5.185256e-03 1.407014e+01 -1.306139e-02 9.998948e-01 -6.303817e-03 -4.972418e-02 -5.267220e-03 6.235463e-03 9.999666e-01 4.044197e+01
9.999674e-01 -7.223895e-03 -3.614289e-03 1.452099e+01 7.247522e-03 9.999522e-01 6.567499e-03 -5.405086e-02 3.566639e-03 -6.593477e-03 9.999720e-01 4.043630e+01
9.999102e-01 1.335867e-02 -1.109831e-03 1.510434e+01 -1.336374e-02 9.998997e-01 -4.692246e-03 -4.458518e-02 1.047071e-03 4.706655e-03 9.999883e-01 3.972086e+01
9.999751e-01 -6.963657e-03 1.161448e-03 1.559482e+01 6.958398e-03 9.999658e-01 4.471918e-03 -5.022540e-02 -1.192583e-03 -4.463722e-03 9.999894e-01 3.972960e+01
9.999282e-01 1.192235e-02 1.233555e-03 1.603292e+01 -1.191636e-02 9.999177e-01 -4.754639e-03 -5.564435e-02 -1.290106e-03 4.739597e-03 9.999878e-01 3.987316e+01
9.999475e-01 -1.024490e-02 -3.736168e-04 1.598841e+01 1.024633e-02 9.999393e-01 4.045664e-03 -5.615687e-02 3.321124e-04 -4.049277e-03 9.999918e-01 4.009276e+01
9.999226e-01 1.181892e-02 3.892305e-03 1.587174e+01 -1.180111e-02 9.999199e-01 -4.565931e-03 -5.471427e-02 -3.945923e-03 4.519642e-03 9.999819e-01 4.053868e+01
9.999631e-01 -8.517037e-03 1.101149e-03 1.612817e+01 8.513653e-03 9.999591e-01 3.042528e-03 -5.838386e-02 -1.127052e-03 -3.033039e-03 9.999949e-01 4.113129e+01
9.999352e-01 1.126576e-02 1.635344e-03 1.639683e+01 -1.125933e-02 9.999291e-01 -3.888614e-03 -6.322081e-02 -1.679000e-03 3.869947e-03 9.999910e-01 4.157876e+01
9.999475e-01 -1.024862e-02 -1.133352e-04 1.632445e+01 1.024892e-02 9.999426e-01 3.108038e-03 -6.316600e-02 8.144016e-05 -3.109034e-03 9.999953e-01 4.181693e+01
9.999094e-01 1.338097e-02 1.465165e-03 1.663876e+01 -1.337656e-02 9.999061e-01 -2.977630e-03 -6.839943e-02 -1.504835e-03 2.957759e-03 9.999944e-01 4.192252e+01
9.999478e-01 -1.012964e-02 -1.318737e-03 1.685658e+01 1.013388e-02 9.999434e-01 3.246333e-03 -7.242389e-02 1.285743e-03 -3.259526e-03 9.999940e-01 4.189912e+01
9.999182e-01 1.247714e-02 2.812480e-03 1.700995e+01 -1.246895e-02 9.999180e-01 -2.911921e-03 -7.502077e-02 -2.848546e-03 2.876613e-03 9.999917e-01 4.193095e+01
9.999521e-01 -9.510506e-03 -2.307556e-03 1.723715e+01 9.517086e-03 9.999506e-01 2.857924e-03 -7.913420e-02 2.280226e-03 -2.879746e-03 9.999934e-01 4.197030e+01
9.999368e-01 1.076956e-02 3.226434e-03 1.721587e+01 -1.075886e-02 9.999366e-01 -3.315921e-03 -7.972273e-02 -3.261905e-03 3.280997e-03 9.999892e-01 4.211834e+01
9.999498e-01 -9.863323e-03 -1.762424e-03 1.711723e+01 9.868198e-03 9.999474e-01 2.779189e-03 -7.861485e-02 1.734883e-03 -2.796439e-03 9.999947e-01 4.230724e+01
9.999267e-01 1.182176e-02 2.627476e-03 1.717028e+01 -1.181303e-02 9.999247e-01 -3.312303e-03 -8.032757e-02 -2.666399e-03 3.281020e-03 9.999910e-01 4.244377e+01
9.999532e-01 -9.376422e-03 -2.397645e-03 1.727680e+01 9.382744e-03 9.999525e-01 2.639308e-03 -8.327159e-02 2.372748e-03 -2.661679e-03 9.999937e-01 4.268015e+01
9.999351e-01 1.086402e-02 3.425584e-03 1.729633e+01 -1.085260e-02 9.999355e-01 -3.334766e-03 -8.498203e-02 -3.461556e-03 3.297371e-03 9.999885e-01 4.298357e+01
9.999546e-01 -9.107495e-03 -2.792595e-03 1.738055e+01 9.114968e-03 9.999549e-01 2.675268e-03 -8.778769e-02 2.768068e-03 -2.700599e-03 9.999926e-01 4.318283e+01
9.998931e-01 1.348119e-02 5.655445e-03 1.765684e+01 -1.346037e-02 9.999025e-01 -3.704249e-03 -9.206872e-02 -5.704795e-03 3.627727e-03 9.999771e-01 4.380948e+01
9.999344e-01 -1.109202e-02 2.849156e-03 1.773423e+01 1.108921e-02 9.999380e-01 1.000214e-03 -9.359555e-02 -2.860111e-03 -9.685508e-04 9.999955e-01 4.494830e+01
9.999128e-01 1.246494e-02 4.364408e-03 1.760802e+01 -1.245436e-02 9.999195e-01 -2.443849e-03 -9.142892e-02 -4.394481e-03 2.389278e-03 9.999874e-01 4.586193e+01
9.999258e-01 -1.191337e-02 2.540693e-03 1.739899e+01 1.190927e-02 9.999278e-01 1.621237e-03 -8.789944e-02 -2.559862e-03 -1.590856e-03 9.999956e-01 4.675709e+01
9.999195e-01 1.267815e-02 -4.070343e-04 1.726072e+01 -1.267899e-02 9.999173e-01 -2.141590e-03 -8.624706e-02 3.798882e-04 2.146576e-03 9.999975e-01 4.703404e+01
9.999283e-01 -1.183927e-02 1.805409e-03 1.716202e+01 1.183647e-02 9.999287e-01 1.556504e-03 -8.567754e-02 -1.823747e-03 -1.535020e-03 9.999973e-01 4.728516e+01
9.999166e-01 1.289069e-02 -8.052328e-04 1.711508e+01 -1.289231e-02 9.999148e-01 -2.042531e-03 -8.583671e-02 7.788738e-04 2.052739e-03 9.999975e-01 4.747838e+01
9.999308e-01 -1.130532e-02 3.256016e-03 1.712486e+01 1.130168e-02 9.999355e-01 1.134291e-03 -8.713618e-02 -3.268669e-03 -1.097412e-03 9.999942e-01 4.780812e+01
9.999126e-01 1.274898e-02 3.512366e-03 1.710773e+01 -1.273824e-02 9.999142e-01 -3.063623e-03 -8.622694e-02 -3.551083e-03 3.018611e-03 9.999890e-01 4.857691e+01
9.999344e-01 -1.121681e-02 2.317425e-03 1.713820e+01 1.121326e-02 9.999359e-01 1.537464e-03 -8.696189e-02 -2.334562e-03 -1.511374e-03 9.999962e-01 4.922671e+01
9.999238e-01 1.233308e-02 -5.361837e-04 1.716599e+01 -1.233424e-02 9.999215e-01 -2.218723e-03 -8.838689e-02 5.088187e-04 2.225165e-03 9.999973e-01 4.944861e+01
9.999632e-01 -8.355833e-03 1.925825e-03 1.762483e+01 8.352062e-03 9.999632e-01 1.957842e-03 -9.485750e-02 -1.942154e-03 -1.941683e-03 9.999963e-01 4.960953e+01
9.998099e-01 1.949179e-02 3.883977e-04 1.878824e+01 -1.949104e-02 9.998083e-01 -1.839356e-03 -9.779910e-02 -4.241345e-04 1.831434e-03 9.999981e-01 4.940362e+01
9.999587e-01 -8.772565e-03 2.365975e-03 1.993997e+01 8.767328e-03 9.999591e-01 2.214326e-03 -1.006516e-01 -2.385345e-03 -2.193489e-03 9.999948e-01 4.908956e+01
9.998100e-01 1.948762e-02 4.339493e-04 2.105913e+01 -1.948637e-02 9.998065e-01 -2.705960e-03 -1.104198e-01 -4.865564e-04 2.696988e-03 9.999961e-01 4.919942e+01
9.999472e-01 -8.910504e-03 5.114339e-03 2.228943e+01 8.895696e-03 9.999562e-01 2.910661e-03 -1.201206e-01 -5.140092e-03 -2.865010e-03 9.999828e-01 4.922709e+01
9.998193e-01 1.851765e-02 -4.289799e-03 2.322998e+01 -1.852963e-02 9.998245e-01 -2.770509e-03 -1.228094e-01 4.237785e-03 2.849496e-03 9.999869e-01 4.898148e+01
9.999257e-01 -1.026088e-02 6.586825e-03 2.405768e+01 1.024053e-02 9.999427e-01 3.116749e-03 -1.291247e-01 -6.618471e-03 -3.049063e-03 9.999735e-01 4.894442e+01
