9.999987e-01 8.136751e-04 1.370840e-03 -5.166201e-02 -8.127819e-04 9.999995e-01 -6.520422e-04 -1.146846e-03 -1.371370e-03 6.509268e-04 9.999989e-01 1.766722e-01
9.999986e-01 -8.820190e-04 1.390373e-03 -2.588192e-01 8.817955e-04 9.999996e-01 1.614051e-04 3.061950e-03 -1.390514e-03 -1.601785e-04 9.999989e-01 3.899330e-01
9.999959e-01 6.294436e-04 2.805251e-03 -5.432984e-01 -6.274987e-04 9.999996e-01 -6.941416e-04 8.752183e-03 -2.805688e-03 6.923781e-04 9.999959e-01 7.273465e-01
9.999978e-01 -1.121879e-03 1.756462e-03 -7.883398e-01 1.121854e-03 9.999994e-01 1.528151e-05 1.333929e-02 -1.756477e-03 -1.331074e-05 9.999984e-01 1.072806e+00
9.999961e-01 9.947943e-04 2.594840e-03 -1.079051e+00 -9.936110e-04 9.999994e-01 -4.572780e-04 1.980779e-02 -2.595295e-03 4.546978e-04 9.999966e-01 1.374699e+00
9.999979e-01 -7.014084e-04 -1.905049e-03 -1.233058e+00 7.017690e-04 9.999997e-01 1.886561e-04 2.232486e-02 1.904918e-03 -1.899924e-04 9.999981e-01 1.518287e+00
9.999959e-01 2.106268e-03 1.914177e-03 -1.209838e+00 -2.105947e-03 9.999978e-01 -1.699052e-04 1.946410e-02 -1.914533e-03 1.658731e-04 9.999983e-01 1.571758e+00
9.999974e-01 -1.363536e-03 -1.850498e-03 -1.277406e+00 1.363765e-03 9.999991e-01 1.224896e-04 1.938759e-02 1.850331e-03 -1.250128e-04 9.999982e-01 1.642442e+00
9.999967e-01 2.111326e-03 1.452050e-03 -1.326678e+00 -2.111369e-03 9.999978e-01 2.842566e-05 1.908357e-02 -1.451988e-03 -3.149157e-05 9.999990e-01 1.688300e+00
9.999973e-01 -7.788326e-04 -2.168458e-03 -1.277097e+00 7.791330e-04 9.999997e-01 1.376679e-04 1.538030e-02 2.168352e-03 -1.393568e-04 9.999975e-01 1.705784e+00
9.999955e-01 1.977739e-03 2.233759e-03 -1.290198e+00 -1.977488e-03 9.999980e-01 -1.143926e-04 1.354763e-02 -2.233983e-03 1.099746e-04 9.999976e-01 1.773505e+00
9.999967e-01 -9.228557e-04 -2.394173e-03 -1.315584e+00 9.235829e-04 9.999995e-01 3.026512e-04 1.212471e-02 2.393895e-03 -3.048612e-04 9.999970e-01 1.822116e+00
9.999976e-01 1.371018e-03 1.729123e-03 -1.400336e+00 -1.370680e-03 9.999990e-01 -1.965731e-04 1.297298e-02 -1.729392e-03 1.942023e-04 9.999986e-01 1.881709e+00
9.999981e-01 -1.120651e-03 -1.578537e-03 -1.483704e+00 1.120910e-03 9.999994e-01 1.634698e-04 1.420683e-02 1.578355e-03 -1.652387e-04 9.999986e-01 1.952046e+00
9.999969e-01 1.408736e-03 2.054885e-03 -1.590769e+00 -1.408145e-03 9.999990e-01 -2.890335e-04 1.569240e-02 -2.055292e-03 2.861388e-04 9.999979e-01 2.043626e+00
9.999977e-01 -7.076500e-04 -2.027080e-03 -1.651134e+00 7.085762e-04 9.999996e-01 4.562215e-04 1.595061e-02 2.026759e-03 -4.576565e-04 9.999977e-01 2.094050e+00
9.999973e-01 2.091597e-03 1.013909e-03 -1.598042e+00 -2.091614e-03 9.999978e-01 1.606810e-05 1.231660e-02 -1.013875e-03 -1.818906e-05 9.999996e-01 2.092541e+00
9.999989e-01 -1.087899e-03 -1.028663e-03 -1.638951e+00 1.088040e-03 9.999994e-01 1.367990e-04 1.127036e-02 1.028515e-03 -1.379177e-04 9.999994e-01 2.156455e+00
9.999969e-01 1.650967e-03 1.888357e-03 -1.697198e+00 -1.650267e-03 9.999986e-01 -3.718612e-04 1.086847e-02 -1.888970e-03 3.687434e-04 9.999982e-01 2.267132e+00
9.999993e-01 -6.460236e-04 -1.030101e-03 -1.714763e+00 6.463166e-04 9.999998e-01 2.841165e-04 9.305331e-03 1.029919e-03 -2.847818e-04 9.999993e-01 2.371198e+00
9.999902e-01 1.437520e-03 4.183738e-03 -1.758443e+00 -1.433464e-03 9.999985e-01 -9.723283e-04 9.016896e-03 -4.185132e-03 9.663213e-04 9.999909e-01 2.622539e+00
9.999852e-01 -2.017244e-04 -5.436166e-03 -1.704891e+00 2.086267e-04 9.999992e-01 1.269158e-03 5.927318e-03 5.435908e-03 -1.270274e-03 9.999843e-01 2.627760e+00
9.999851e-01 1.804144e-03 5.153488e-03 -1.584695e+00 -1.797693e-03 9.999976e-01 -1.256234e-03 9.894050e-04 -5.155744e-03 1.246951e-03 9.999860e-01 2.657990e+00
9.999951e-01 -3.926725e-04 3.108739e-03 -1.365459e+00 3.972745e-04 9.999988e-01 -1.479858e-03 -3.729713e-04 -3.108152e-03 1.481086e-03 9.999940e-01 3.568225e+00
9.999739e-01 3.403797e-03 6.366611e-03 -8.965670e-01 -3.397594e-03 9.999937e-01 -9.849217e-04 -7.063499e-03 -6.369927e-03 9.632652e-04 9.999793e-01 4.383222e+00
9.999752e-01 -2.796886e-03 -6.466017e-03 -9.497502e-01 2.802845e-03 9.999957e-01 9.127468e-04 -7.459176e-03 6.463440e-03 -9.308476e-04 9.999786e-01 4.454244e+00
9.999546e-01 3.036542e-03 9.029996e-03 -1.084298e+00 -3.025470e-03 9.999947e-01 -1.239514e-03 -5.694000e-03 -9.033715e-03 1.212139e-03 9.999586e-01 4.655440e+00
9.999630e-01 -2.672473e-03 -8.176318e-03 -1.148524e+00 2.680702e-03 9.999959e-01 9.956095e-04 -5.393404e-03 8.173628e-03 -1.017491e-03 9.999660e-01 4.753856e+00
9.999631e-01 4.868565e-03 7.083963e-03 -9.752128e-01 -4.861341e-03 9.999876e-01 -1.036623e-03 -9.701175e-03 -7.088926e-03 1.002147e-03 9.999745e-01 4.778528e+00
9.999738e-01 -2.142264e-03 -6.910890e-03 -6.975124e-01 2.145707e-03 9.999976e-01 4.908040e-04 -1.433719e-02 6.909826e-03 -5.056202e-04 9.999759e-01 4.778815e+00
9.999122e-01 4.137586e-03 1.259121e-02 -4.218246e-01 -4.107720e-03 9.999887e-01 -2.396975e-03 -1.744319e-02 -1.260099e-02 2.345044e-03 9.999180e-01 5.267598e+00
9.999710e-01 -3.493200e-03 -6.760791e-03 -2.999050e-01 3.500216e-03 9.999933e-01 1.026200e-03 -1.776495e-02 6.757167e-03 -1.049836e-03 9.999765e-01 5.746942e+00
9.999687e-01 3.795961e-03 6.940275e-03 -3.778453e-01 -3.787114e-03 9.999920e-01 -1.287451e-03 -1.692460e-02 -6.945112e-03 1.261128e-03 9.999752e-01 5.838364e+00
9.999374e-01 -3.955890e-03 -1.046395e-02 -4.264910e-01 3.966920e-03 9.999916e-01 1.033532e-03 -1.456901e-02 1.045977e-02 -1.074977e-03 9.999446e-01 5.797928e+00
9.999485e-01 5.376088e-03 8.605141e-03 -3.018481e-01 -5.365517e-03 9.999848e-01 -1.251071e-03 -1.607398e-02 -8.611741e-03 1.204836e-03 9.999623e-01 5.777951e+00
9.999006e-01 -4.334018e-03 -1.341457e-02 -2.008989e-01 4.352065e-03 9.999897e-01 1.316393e-03 -1.592767e-02 1.340874e-02 -1.374644e-03 9.999091e-01 5.616413e+00
9.999997e-01 -7.948552e-04 -2.290998e-04 -3.137760e-01 7.948769e-04 9.999997e-01 9.459528e-05 -7.176580e-03 2.290217e-04 -9.477676e-05 1.000000e+00 4.944948e+00
9.999521e-01 -1.547132e-03 -9.660306e-03 -2.774996e-01 1.560353e-03 9.999979e-01 1.361223e-03 -2.290607e-03 9.658181e-03 -1.376232e-03 9.999523e-01 4.324185e+00
9.999176e-01 5.443417e-03 1.162711e-02 1.768297e-01 -5.413972e-03 9.999821e-01 -2.562428e-03 -7.564134e-03 -1.164085e-02 2.499269e-03 9.999292e-01 4.407339e+00
9.999723e-01 8.030931e-04 -7.404261e-03 1.032929e+00 -7.965716e-04 9.999993e-01 8.836806e-04 -1.632611e-02 7.404968e-03 -8.777588e-04 9.999721e-01 4.763802e+00
9.999042e-01 4.098579e-03 1.322309e-02 1.801958e+00 -4.060919e-03 9.999876e-01 -2.873665e-03 -2.524627e-02 -1.323471e-02 2.819692e-03 9.999085e-01 5.362540e+00
9.999837e-01 9.507660e-04 5.638426e-03 2.671022e+00 -9.389839e-04 9.999974e-01 -2.091884e-03 -3.272115e-02 -5.640395e-03 2.086554e-03 9.999818e-01 7.233735e+00
9.999563e-01 5.802770e-03 7.323085e-03 3.847410e+00 -5.795548e-03 9.999827e-01 -1.007139e-03 -4.485811e-02 -7.328809e-03 9.646559e-04 9.999728e-01 8.570745e+00
9.999224e-01 1.678838e-03 1.234101e-02 5.036837e+00 -1.622550e-03 9.999882e-01 -4.569667e-03 -5.586667e-02 -1.234853e-02 4.549286e-03 9.999133e-01 1.046607e+01
9.998232e-01 4.794481e-03 1.818173e-02 6.252483e+00 -4.735836e-03 9.999834e-01 -3.267206e-03 -6.368171e-02 -1.819710e-02 3.180525e-03 9.998295e-01 1.348178e+01
9.999944e-01 -1.743244e-04 3.345037e-03 7.181213e+00 1.811535e-04 9.999979e-01 -2.041298e-03 -7.056882e-02 -3.344661e-03 2.041889e-03 9.999922e-01 1.562505e+01
9.999324e-01 4.294258e-03 1.080553e-02 7.988537e+00 -4.280270e-03 9.999900e-01 -1.317271e-03 -7.754176e-02 -1.081109e-02 1.270935e-03 9.999409e-01 1.707232e+01
9.999806e-01 -1.656275e-03 -6.011521e-03 8.544922e+00 1.655870e-03 9.999986e-01 -7.245790e-05 -8.359468e-02 6.011648e-03 6.249833e-05 9.999818e-01 1.724173e+01
9.999976e-01 1.584760e-03 -1.487364e-03 8.656281e+00 -1.584357e-03 9.999987e-01 2.722044e-04 -8.164155e-02 1.487779e-03 -2.698434e-04 9.999990e-01 1.687649e+01
9.999579e-01 -4.062892e-03 -8.228613e-03 8.653996e+00 4.059882e-03 9.999917e-01 -3.824571e-04 -7.552014e-02 8.230112e-03 3.490299e-04 9.999660e-01 1.642955e+01
9.999829e-01 5.146466e-04 -5.823050e-03 8.514920e+00 -5.114235e-04 9.999997e-01 5.550213e-04 -6.463366e-02 5.823322e-03 -5.520299e-04 9.999830e-01 1.587318e+01
9.999928e-01 -1.026679e-03 -3.647245e-03 8.406849e+00 1.023661e-03 9.999991e-01 -8.291458e-04 -5.574201e-02 3.648104e-03 8.254024e-04 9.999929e-01 1.560191e+01
9.999847e-01 8.123984e-04 -5.478140e-03 8.273344e+00 -8.100080e-04 9.999996e-01 4.385939e-04 -4.654439e-02 5.478484e-03 -4.341459e-04 9.999850e-01 1.538583e+01
9.999989e-01 -5.504132e-04 -1.340597e-03 8.144657e+00 5.491743e-04 9.999994e-01 -9.244716e-04 -3.873304e-02 1.341114e-03 9.237304e-04 9.999986e-01 1.528557e+01
9.999952e-01 5.934358e-04 -3.034748e-03 7.975474e+00 -5.924456e-04 9.999998e-01 3.272623e-04 -3.196234e-02 3.034933e-03 -3.254588e-04 9.999954e-01 1.532114e+01
9.999996e-01 -6.713369e-04 -6.218442e-04 7.778306e+00 6.707200e-04 9.999993e-01 -9.920697e-04 -2.480336e-02 6.225186e-04 9.916481e-04 9.999992e-01 1.538672e+01
9.999990e-01 7.714191e-04 -1.142694e-03 7.668886e+00 -7.706014e-04 9.999994e-01 7.160188e-04 -2.126536e-02 1.143237e-03 -7.151334e-04 9.999992e-01 1.548123e+01
9.999997e-01 -4.897693e-04 -5.670561e-04 7.598036e+00 4.891962e-04 9.999994e-01 -1.010645e-03 -1.892068e-02 5.675592e-04 1.010363e-03 9.999992e-01 1.556230e+01
9.999985e-01 9.789745e-04 -1.442804e-03 7.513487e+00 -9.781134e-04 9.999993e-01 5.975032e-04 -1.619523e-02 1.443380e-03 -5.960869e-04 9.999989e-01 1.565221e+01
9.999992e-01 -5.891665e-04 -1.122594e-03 7.395676e+00 5.878788e-04 9.999992e-01 -1.147214e-03 -1.167458e-02 1.123277e-03 1.146549e-03 9.999986e-01 1.571708e+01
9.999924e-01 1.064109e-03 -3.752750e-03 7.247190e+00 -1.061024e-03 9.999991e-01 8.240253e-04 -5.057979e-03 3.753616e-03 -8.200329e-04 9.999927e-01 1.570834e+01
9.999854e-01 -8.408588e-04 -5.330615e-03 7.081390e+00 8.348803e-04 9.999990e-01 -1.123697e-03 5.434101e-03 5.331562e-03 1.119226e-03 9.999851e-01 1.548206e+01
9.999693e-01 -2.087149e-03 -7.552507e-03 6.940926e+00 2.094928e-03 9.999973e-01 1.022195e-03 1.678446e-02 7.550348e-03 -1.037981e-03 9.999711e-01 1.504257e+01
9.999874e-01 -9.406659e-04 -4.921518e-03 6.807307e+00 9.355979e-04 9.999990e-01 -1.031986e-03 2.684936e-02 4.922488e-03 1.027364e-03 9.999873e-01 1.462943e+01
9.999857e-01 -1.148801e-03 -5.222485e-03 6.713726e+00 1.153564e-03 9.999989e-01 9.092174e-04 3.425306e-02 5.221432e-03 -9.152245e-04 9.999860e-01 1.431588e+01
9.999993e-01 9.801213e-05 -1.205376e-03 6.687709e+00 -9.908058e-05 9.999996e-01 -8.864350e-04 3.759624e-02 1.205291e-03 8.865494e-04 9.999988e-01 1.412819e+01
9.999996e-01 5.576235e-04 -6.508615e-04 6.715326e+00 -5.568626e-04 9.999992e-01 1.168724e-03 3.632376e-02 6.515105e-04 -1.168356e-03 9.999992e-01 1.410840e+01
9.999999e-01 1.677827e-05 -3.795806e-04 6.718934e+00 -1.717491e-05 9.999995e-01 -1.045122e-03 3.486419e-02 3.795650e-04 1.045124e-03 9.999993e-01 1.413725e+01
9.999974e-01 2.277683e-03 1.076569e-04 6.921298e+00 -2.277839e-03 9.999963e-01 1.474882e-03 3.002992e-02 -1.042992e-04 -1.475119e-03 9.999990e-01 1.407438e+01
9.999988e-01 -1.369740e-03 -6.602579e-04 6.924836e+00 1.368845e-03 9.999981e-01 -1.353898e-03 2.804320e-02 6.621132e-04 1.352989e-03 9.999988e-01 1.411636e+01
9.999986e-01 1.642547e-03 3.919045e-04 6.842237e+00 -1.643060e-03 9.999978e-01 1.312903e-03 2.875069e-02 -3.897491e-04 -1.313541e-03 9.999992e-01 1.420604e+01
9.999988e-01 -1.358058e-03 -7.815654e-04 6.731112e+00 1.356963e-03 9.999981e-01 -1.399876e-03 3.077784e-02 7.834669e-04 1.398809e-03 9.999986e-01 1.429291e+01
9.999980e-01 1.637117e-03 1.156393e-03 6.573116e+00 -1.638518e-03 9.999979e-01 1.211335e-03 3.388789e-02 -1.154409e-03 -1.213224e-03 9.999987e-01 1.441865e+01
9.999992e-01 -1.233038e-03 -2.732609e-04 6.516322e+00 1.232653e-03 9.999983e-01 -1.404759e-03 3.350284e-02 2.749946e-04 1.404417e-03 9.999989e-01 1.452963e+01
9.999980e-01 1.480582e-03 1.333506e-03 6.489685e+00 -1.481932e-03 9.999984e-01 1.011941e-03 3.257773e-02 -1.332008e-03 -1.013911e-03 9.999987e-01 1.465467e+01
9.999988e-01 -1.438158e-03 -5.138036e-04 6.376399e+00 1.437548e-03 9.999983e-01 -1.187522e-03 3.403634e-02 5.155128e-04 1.186778e-03 9.999991e-01 1.481424e+01
9.999975e-01 1.531228e-03 1.621662e-03 6.325259e+00 -1.532840e-03 9.999983e-01 9.932557e-04 3.341466e-02 -1.620141e-03 -9.957346e-04 9.999983e-01 1.498735e+01
9.999998e-01 -5.581323e-04 -3.090799e-04 6.422046e+00 5.576472e-04 9.999986e-01 -1.567640e-03 2.929248e-02 3.099569e-04 1.567463e-03 9.999986e-01 1.518502e+01
9.999955e-01 1.159335e-03 2.771646e-03 6.474797e+00 -1.161235e-03 9.999991e-01 6.839450e-04 2.680515e-02 -2.770854e-03 -6.871559e-04 9.999960e-01 1.547347e+01
9.999996e-01 -6.376579e-04 6.138115e-04 6.555179e+00 6.386528e-04 9.999985e-01 -1.621921e-03 2.412999e-02 -6.127732e-04 1.622308e-03 9.999984e-01 1.581900e+01
9.999972e-01 2.154279e-03 9.353861e-04 6.761764e+00 -2.155243e-03 9.999971e-01 1.031027e-03 1.780350e-02 -9.331656e-04 -1.033036e-03 9.999991e-01 1.599765e+01
9.999990e-01 -1.106582e-03 8.494214e-04 6.909807e+00 1.108136e-03 9.999977e-01 -1.831528e-03 1.274246e-02 -8.473893e-04 1.832463e-03 9.999979e-01 1.621766e+01
9.999977e-01 2.096462e-03 3.841665e-04 6.992056e+00 -2.096925e-03 9.999971e-01 1.206987e-03 8.846939e-03 -3.816385e-04 -1.207785e-03 9.999993e-01 1.640533e+01
9.999990e-01 -1.375106e-03 -1.054611e-04 7.012078e+00 1.374932e-03 9.999977e-01 -1.634680e-03 6.238047e-03 1.077123e-04 1.634529e-03 9.999986e-01 1.652619e+01
9.999982e-01 1.848891e-03 3.432729e-04 7.001682e+00 -1.849332e-03 9.999975e-01 1.289771e-03 4.501923e-03 -3.408910e-04 -1.290399e-03 9.999992e-01 1.664592e+01
9.999987e-01 -1.518403e-03 -5.927725e-04 6.964663e+00 1.517593e-03 9.999979e-01 -1.365083e-03 3.613617e-03 5.948476e-04 1.364176e-03 9.999988e-01 1.673444e+01
9.999983e-01 1.834708e-03 -9.080529e-05 6.901712e+00 -1.834579e-03 9.999973e-01 1.403859e-03 3.764234e-03 9.337719e-05 -1.403685e-03 9.999991e-01 1.680677e+01
9.999972e-01 -1.842989e-03 1.486386e-03 6.761447e+00 1.845499e-03 9.999969e-01 -1.689114e-03 5.696652e-03 -1.483264e-03 1.691848e-03 9.999974e-01 1.699820e+01
9.999981e-01 1.673739e-03 1.025162e-03 6.566043e+00 -1.675189e-03 9.999976e-01 1.415909e-03 8.988406e-03 -1.022793e-03 -1.417619e-03 9.999986e-01 1.727236e+01
9.999984e-01 -1.733288e-03 3.498579e-04 6.303337e+00 1.733939e-03 9.999968e-01 -1.867157e-03 1.447522e-02 -3.466164e-04 1.867756e-03 9.999981e-01 1.751260e+01
9.999982e-01 1.881706e-03 -2.849361e-04 6.050487e+00 -1.881278e-03 9.999971e-01 1.496237e-03 2.016344e-02 2.877467e-04 -1.495693e-03 9.999989e-01 1.769887e+01
9.999963e-01 -1.192703e-03 2.438838e-03 6.046535e+00 1.198254e-03 9.999967e-01 -2.275853e-03 1.830907e-02 -2.436111e-03 2.278762e-03 9.999943e-01 1.786775e+01
9.999984e-01 1.739500e-03 -3.868622e-04 6.083266e+00 -1.738982e-03 9.999976e-01 1.336693e-03 1.563705e-02 3.891820e-04 -1.336013e-03 9.999991e-01 1.801598e+01
9.999990e-01 -1.433884e-03 -1.943733e-04 5.996590e+00 1.433618e-03 9.999980e-01 -1.361139e-03 1.670108e-02 1.963291e-04 1.360854e-03 9.999990e-01 1.809089e+01
9.999985e-01 1.723788e-03 -1.492742e-04 5.925422e+00 -1.723585e-03 9.999976e-01 1.354911e-03 1.736288e-02 1.516050e-04 -1.354647e-03 9.999992e-01 1.816210e+01
9.999989e-01 -1.449757e-03 -2.264102e-04 5.847120e+00 1.449446e-03 9.999980e-01 -1.370766e-03 1.827176e-02 2.284014e-04 1.370431e-03 9.999989e-01 1.823924e+01
9.999985e-01 1.729643e-03 -1.714519e-04 5.776768e+00 -1.729406e-03 9.999976e-01 1.374685e-03 1.888526e-02 1.738248e-04 -1.374382e-03 9.999991e-01 1.831155e+01
9.999990e-01 -1.421926e-03 -2.353660e-04 5.710703e+00 1.421605e-03 9.999981e-01 -1.358571e-03 1.931588e-02 2.373016e-04 1.358229e-03 9.999989e-01 1.838032e+01
9.999984e-01 1.712154e-03 -5.215783e-04 5.608162e+00 -1.711483e-03 9.999977e-01 1.285252e-03 2.119520e-02 5.237735e-04 -1.284352e-03 9.999991e-01 1.845581e+01
9.999989e-01 -1.444121e-03 -1.593694e-04 5.531505e+00 1.443909e-03 9.999981e-01 -1.322095e-03 2.236816e-02 1.612824e-04 1.321858e-03 9.999990e-01 1.852034e+01
9.999982e-01 1.908041e-03 8.524945e-05 5.508203e+00 -1.908142e-03 9.999975e-01 1.193273e-03 2.135687e-02 -8.297655e-05 -1.193428e-03 9.999994e-01 1.859083e+01
9.999990e-01 -1.296870e-03 -4.753145e-04 5.485377e+00 1.296308e-03 9.999985e-01 -1.181681e-03 2.026637e-02 4.768504e-04 1.181059e-03 9.999991e-01 1.864516e+01
9.999971e-01 2.391503e-03 -2.237687e-04 5.551923e+00 -2.391220e-03 9.999963e-01 1.258722e-03 1.679807e-02 2.267741e-04 -1.258178e-03 9.999993e-01 1.868213e+01
9.999981e-01 -1.940584e-03 -2.054637e-05 5.503610e+00 1.940555e-03 9.999972e-01 -1.332756e-03 1.645209e-02 2.313663e-05 1.332708e-03 9.999990e-01 1.875704e+01
9.999976e-01 2.191051e-03 -6.178552e-05 5.367427e+00 -2.190975e-03 9.999969e-01 1.204184e-03 1.912177e-02 6.441976e-05 -1.204040e-03 9.999994e-01 1.886697e+01
9.999981e-01 -1.964645e-03 6.386942e-05 5.216315e+00 1.964733e-03 9.999971e-01 -1.400055e-03 2.228351e-02 -6.111464e-05 1.400172e-03 9.999989e-01 1.898081e+01
9.999976e-01 2.161345e-03 4.099563e-04 5.029527e+00 -2.161813e-03 9.999970e-01 1.144133e-03 2.622122e-02 -4.074863e-04 -1.145011e-03 9.999994e-01 1.912783e+01
9.999980e-01 -1.980612e-03 -5.391588e-05 4.848185e+00 1.980534e-03 9.999970e-01 -1.414296e-03 3.015919e-02 5.672096e-05 1.414181e-03 9.999989e-01 1.926376e+01
9.999976e-01 2.146242e-03 3.921832e-04 4.663451e+00 -2.146685e-03 9.999971e-01 1.133813e-03 3.431164e-02 -3.897527e-04 -1.134647e-03 9.999994e-01 1.939847e+01
9.999979e-01 -2.030052e-03 1.231785e-04 4.449311e+00 2.030234e-03 9.999968e-01 -1.495918e-03 3.934370e-02 -1.201372e-04 1.496160e-03 9.999988e-01 1.954469e+01
9.999973e-01 2.123170e-03 8.945312e-04 4.224131e+00 -2.124210e-03 9.999971e-01 1.163607e-03 4.439686e-02 -8.920623e-04 -1.165499e-03 9.999990e-01 1.972043e+01
9.999979e-01 -1.952095e-03 -6.775107e-04 4.043101e+00 1.951119e-03 9.999971e-01 -1.439329e-03 4.841263e-02 6.803227e-04 1.437998e-03 9.999986e-01 1.985252e+01
9.999973e-01 2.170365e-03 8.884832e-04 3.879699e+00 -2.171442e-03 9.999969e-01 1.213546e-03 5.186337e-02 -8.858509e-04 -1.215466e-03 9.999990e-01 1.997344e+01
9.999980e-01 -1.981594e-03 -3.796506e-04 3.716880e+00 1.981065e-03 9.999971e-01 -1.390188e-03 5.503825e-02 3.824087e-04 1.389427e-03 9.999989e-01 2.011345e+01
9.999975e-01 2.214515e-03 1.175201e-04 3.566659e+00 -2.214653e-03 9.999968e-01 1.183439e-03 5.817152e-02 -1.149033e-04 -1.183690e-03 9.999994e-01 2.021945e+01
9.999979e-01 -1.988682e-03 -5.094531e-04 3.413172e+00 1.987968e-03 9.999970e-01 -1.399850e-03 6.153556e-02 5.122398e-04 1.398829e-03 9.999988e-01 2.031980e+01
9.999975e-01 2.197289e-03 3.719644e-04 3.233195e+00 -2.197705e-03 9.999970e-01 1.121166e-03 6.553788e-02 -3.695040e-04 -1.121975e-03 9.999994e-01 2.043912e+01
9.999980e-01 -1.988576e-03 -3.169074e-04 3.048708e+00 1.988131e-03 9.999970e-01 -1.398508e-03 6.956623e-02 3.196918e-04 1.397869e-03 9.999989e-01 2.056786e+01
9.999976e-01 2.177426e-03 -1.963207e-04 2.875844e+00 -2.177203e-03 9.999970e-01 1.128888e-03 7.368950e-02 1.987740e-04 -1.128453e-03 9.999994e-01 2.067122e+01
9.999978e-01 -1.831581e-03 -1.038986e-03 2.780183e+00 1.830430e-03 9.999977e-01 -1.108083e-03 7.526270e-02 1.041017e-03 1.106173e-03 9.999987e-01 2.072505e+01
9.999979e-01 2.069618e-03 -6.657834e-05 2.664171e+00 -2.069546e-03 9.999973e-01 1.059578e-03 7.786725e-02 6.876708e-05 -1.059433e-03 9.999995e-01 2.078631e+01
9.999981e-01 -1.857189e-03 -5.728895e-04 2.515135e+00 1.856465e-03 9.999975e-01 -1.262631e-03 8.129767e-02 5.752369e-04 1.261559e-03 9.999989e-01 2.087798e+01
9.999979e-01 2.057088e-03 1.708981e-04 2.354601e+00 -2.057266e-03 9.999973e-01 1.051233e-03 8.502597e-02 -1.687390e-04 -1.051577e-03 9.999995e-01 2.097455e+01
9.999982e-01 -1.908060e-03 -1.005514e-04 2.138540e+00 1.907914e-03 9.999972e-01 -1.428214e-03 9.018101e-02 1.032802e-04 1.428013e-03 9.999989e-01 2.111275e+01
9.999976e-01 2.040439e-03 7.426387e-04 1.955608e+00 -2.041299e-03 9.999972e-01 1.158847e-03 9.401744e-02 -7.402760e-04 -1.160354e-03 9.999992e-01 2.126903e+01
9.999982e-01 -1.875989e-03 -2.978867e-04 1.777914e+00 1.875571e-03 9.999973e-01 -1.399681e-03 9.783122e-02 3.005157e-04 1.399114e-03 9.999989e-01 2.141129e+01
9.999979e-01 2.037393e-03 2.159703e-04 1.574861e+00 -2.037611e-03 9.999974e-01 1.014065e-03 1.027343e-01 -2.139077e-04 -1.014497e-03 9.999996e-01 2.153454e+01
9.999981e-01 -1.854001e-03 -5.392569e-04 1.387133e+00 1.853274e-03 9.999974e-01 -1.346582e-03 1.072673e-01 5.417560e-04 1.345574e-03 9.999988e-01 2.164426e+01
9.999978e-01 2.039663e-03 4.496258e-04 1.207378e+00 -2.040147e-03 9.999973e-01 1.076996e-03 1.114296e-01 -4.474319e-04 -1.077905e-03 9.999994e-01 2.176495e+01
9.999981e-01 -1.878824e-03 -4.513112e-04 1.041461e+00 1.878235e-03 9.999974e-01 -1.302190e-03 1.151773e-01 4.537605e-04 1.301334e-03 9.999990e-01 2.187917e+01
9.999974e-01 1.996021e-03 1.099342e-03 8.988881e-01 -1.997204e-03 9.999974e-01 1.075999e-03 1.177134e-01 -1.097196e-03 -1.078186e-03 9.999989e-01 2.201924e+01
9.999983e-01 -1.820610e-03 -3.486391e-04 7.680037e-01 1.820158e-03 9.999975e-01 -1.295392e-03 1.196296e-01 3.510008e-04 1.294749e-03 9.999990e-01 2.215841e+01
9.999976e-01 2.171323e-03 8.322319e-05 6.542921e-01 -2.171418e-03 9.999970e-01 1.147524e-03 1.211341e-01 -8.073537e-05 -1.147696e-03 9.999994e-01 2.225417e+01
9.999983e-01 -1.813782e-03 2.113858e-04 5.622161e-01 1.814059e-03 9.999975e-01 -1.318068e-03 1.218719e-01 -2.089905e-04 1.318443e-03 9.999990e-01 2.235566e+01
9.999980e-01 1.984424e-03 3.129423e-04 3.912895e-01 -1.984769e-03 9.999974e-01 1.103144e-03 1.255437e-01 -3.107566e-04 -1.103757e-03 9.999994e-01 2.249319e+01
9.999981e-01 -1.910242e-03 4.664427e-04 2.339131e-01 1.910847e-03 9.999973e-01 -1.300327e-03 1.287550e-01 -4.639533e-04 1.301210e-03 9.999989e-01 2.263297e+01
9.999975e-01 2.217644e-03 -2.746059e-04 1.280675e-01 -2.217313e-03 9.999968e-01 1.199814e-03 1.301493e-01 2.772616e-04 -1.199197e-03 9.999993e-01 2.273694e+01
9.999975e-01 -1.984764e-03 1.042307e-03 4.414471e-03 1.986176e-03 9.999971e-01 -1.354861e-03 1.318299e-01 -1.039610e-03 1.356921e-03 9.999984e-01 2.286991e+01
9.999978e-01 2.095090e-03 -2.141458e-04 -1.492574e-01 -2.094849e-03 9.999972e-01 1.122531e-03 1.345731e-01 2.164926e-04 -1.122074e-03 9.999994e-01 2.301892e+01
9.999975e-01 -1.969469e-03 1.086061e-03 -2.927977e-01 1.970961e-03 9.999971e-01 -1.374893e-03 1.369076e-01 -1.083345e-03 1.377024e-03 9.999984e-01 2.316538e+01
9.999965e-01 1.960359e-03 1.793022e-03 -4.290482e-01 -1.962115e-03 9.999976e-01 9.781277e-04 1.385996e-01 -1.791105e-03 -9.816363e-04 9.999980e-01 2.340241e+01
9.999981e-01 -1.911274e-03 -4.278305e-04 -6.025608e-01 1.910729e-03 9.999974e-01 -1.270358e-03 1.419762e-01 4.302622e-04 1.269532e-03 9.999990e-01 2.357220e+01
9.999974e-01 2.106654e-03 8.619431e-04 -7.453045e-01 -2.107634e-03 9.999971e-01 1.136695e-03 1.445659e-01 -8.595510e-04 -1.138503e-03 9.999991e-01 2.371101e+01
9.999980e-01 -1.843245e-03 -8.246507e-04 -8.250286e-01 1.842314e-03 9.999977e-01 -1.128999e-03 1.452865e-01 8.267348e-04 1.127472e-03 9.999989e-01 2.381516e+01
9.999976e-01 2.147745e-03 5.313309e-04 -9.039875e-01 -2.148364e-03 9.999970e-01 1.167640e-03 1.461130e-01 -5.288265e-04 -1.168772e-03 9.999993e-01 2.390494e+01
9.999980e-01 -1.829411e-03 -7.445938e-04 -1.003660e+00 1.828512e-03 9.999976e-01 -1.207043e-03 1.474877e-01 7.468051e-04 1.205673e-03 9.999989e-01 2.399961e+01
9.999976e-01 2.164101e-03 3.250700e-04 -1.098847e+00 -2.164485e-03 9.999970e-01 1.184653e-03 1.487222e-01 -3.225102e-04 -1.185348e-03 9.999993e-01 2.409381e+01
9.999985e-01 -1.687819e-03 -4.741228e-04 -1.119915e+00 1.687265e-03 9.999979e-01 -1.167373e-03 1.473578e-01 4.760970e-04 1.166566e-03 9.999991e-01 2.417108e+01
9.999942e-01 3.111798e-03 1.359974e-03 -9.941366e-01 -3.112768e-03 9.999949e-01 7.114037e-04 1.427654e-01 -1.357759e-03 -7.156268e-04 9.999989e-01 2.430027e+01
9.999968e-01 -2.502618e-03 -4.019204e-04 -9.881082e-01 2.502193e-03 9.999963e-01 -1.053762e-03 1.405700e-01 4.045611e-04 1.052747e-03 9.999993e-01 2.445875e+01
9.999958e-01 2.642034e-03 1.177158e-03 -1.035433e+00 -2.643220e-03 9.999960e-01 1.007444e-03 1.399145e-01 -1.174497e-03 -1.010545e-03 9.999989e-01 2.459505e+01
9.999968e-01 -2.463439e-03 6.048234e-04 -1.034195e+00 2.464343e-03 9.999958e-01 -1.498894e-03 1.381240e-01 -6.011232e-04 1.500374e-03 9.999986e-01 2.479349e+01
9.999959e-01 2.776057e-03 6.640695e-04 -1.013481e+00 -2.776804e-03 9.999955e-01 1.126772e-03 1.359374e-01 -6.609440e-04 -1.128605e-03 9.999992e-01 2.494693e+01
9.999969e-01 -2.427156e-03 -5.332791e-04 -1.029607e+00 2.426566e-03 9.999964e-01 -1.103106e-03 1.343169e-01 5.359600e-04 1.101803e-03 9.999991e-01 2.505509e+01
9.999950e-01 3.053615e-03 8.191831e-04 -9.960896e-01 -3.054449e-03 9.999948e-01 1.019200e-03 1.315221e-01 -8.160721e-04 -1.021691e-03 9.999992e-01 2.513559e+01
9.999957e-01 -2.249259e-03 -1.889854e-03 -9.308898e-01 2.247704e-03 9.999971e-01 -8.247527e-04 1.276853e-01 1.891709e-03 8.204950e-04 9.999978e-01 2.514630e+01
9.999957e-01 2.772417e-03 9.600062e-04 -9.510580e-01 -2.773371e-03 9.999957e-01 9.936061e-04 1.262038e-01 -9.572526e-04 -9.962580e-04 9.999991e-01 2.519058e+01
9.999945e-01 -1.724096e-03 -2.831298e-03 -7.985141e-01 1.722979e-03 9.999984e-01 -3.971236e-04 1.231193e-01 2.831984e-03 3.922370e-04 9.999958e-01 2.506824e+01
9.999905e-01 2.959964e-03 3.193047e-03 -7.574164e-01 -2.960998e-03 9.999956e-01 3.191963e-04 1.198436e-01 -3.192093e-03 -3.286417e-04 9.999950e-01 2.515587e+01
9.999949e-01 -1.404559e-03 -2.861373e-03 -6.783743e-01 1.403913e-03 9.999990e-01 -2.277485e-04 1.160549e-01 2.861695e-03 2.237240e-04 9.999958e-01 2.519394e+01
9.999921e-01 2.641558e-03 2.957998e-03 -6.304753e-01 -2.643118e-03 9.999964e-01 5.235180e-04 1.127339e-01 -2.956609e-03 -5.313261e-04 9.999956e-01 2.523332e+01
9.999894e-01 -2.239700e-03 -4.012647e-03 -6.763555e-01 2.238041e-03 9.999974e-01 -4.179786e-04 1.126937e-01 4.013578e-03 4.089876e-04 9.999918e-01 2.528381e+01
9.999908e-01 2.581675e-03 3.412075e-03 -7.286936e-01 -2.583274e-03 9.999966e-01 4.642153e-04 1.124863e-01 -3.410869e-03 -4.730192e-04 9.999942e-01 2.535698e+01
9.999932e-01 -1.413932e-03 -3.416409e-03 -6.773140e-01 1.412532e-03 9.999989e-01 -4.120941e-04 1.092439e-01 3.416993e-03 4.072594e-04 9.999940e-01 2.541210e+01
9.999855e-01 3.182717e-03 4.338101e-03 -5.396367e-01 -3.183744e-03 9.999949e-01 2.298617e-04 1.041277e-01 -4.337353e-03 -2.436637e-04 9.999907e-01 2.548328e+01
9.999926e-01 -1.490535e-03 -3.538822e-03 -3.904688e-01 1.488911e-03 9.999988e-01 -4.615039e-04 9.855013e-02 3.539511e-03 4.562253e-04 9.999935e-01 2.554437e+01
9.999875e-01 3.653316e-03 3.411281e-03 -1.444611e-01 -3.655232e-03 9.999932e-01 5.556641e-04 9.234918e-02 -3.409233e-03 -5.681201e-04 9.999941e-01 2.550383e+01
9.999917e-01 -1.914444e-03 -3.588002e-03 4.996354e-02 1.912596e-03 9.999980e-01 -5.184215e-04 8.567810e-02 3.588992e-03 5.115487e-04 9.999933e-01 2.550044e+01
9.999900e-01 2.907495e-03 3.403334e-03 1.343932e-01 -2.908758e-03 9.999957e-01 3.661134e-04 8.117183e-02 -3.402260e-03 -3.760031e-04 9.999942e-01 2.553420e+01
9.999897e-01 -2.061473e-03 -4.050979e-03 1.528779e-01 2.060575e-03 9.999979e-01 -2.259014e-04 7.861043e-02 4.051442e-03 2.175456e-04 9.999917e-01 2.557550e+01
9.999905e-01 2.591924e-03 3.507343e-03 1.301704e-01 -2.592784e-03 9.999966e-01 2.405178e-04 7.737967e-02 -3.506712e-03 -2.496032e-04 9.999939e-01 2.563522e+01
9.999892e-01 -2.174848e-03 -4.117430e-03 1.026531e-01 2.174283e-03 9.999976e-01 -1.416296e-04 7.612688e-02 4.117733e-03 1.326695e-04 9.999914e-01 2.570791e+01
9.999889e-01 2.552240e-03 3.971600e-03 8.271875e-02 -2.552913e-03 9.999967e-01 1.643896e-04 7.468034e-02 -3.971173e-03 -1.745209e-04 9.999922e-01 2.579241e+01
9.999939e-01 -1.699975e-03 -3.059953e-03 1.008679e-01 1.698206e-03 9.999984e-01 -5.804910e-04 7.198405e-02 3.060940e-03 5.752849e-04 9.999951e-01 2.594392e+01
9.999907e-01 2.164832e-03 3.736536e-03 7.156497e-02 -2.165672e-03 9.999976e-01 2.206265e-04 7.082342e-02 -3.736054e-03 -2.287104e-04 9.999931e-01 2.607198e+01
9.999942e-01 -1.973269e-03 -2.763108e-03 1.723186e-02 1.972293e-03 9.999980e-01 -3.559352e-04 7.024511e-02 2.763810e-03 3.504773e-04 9.999960e-01 2.621635e+01
9.999905e-01 2.105524e-03 3.810691e-03 -3.659292e-02 -2.106392e-03 9.999978e-01 2.236829e-04 6.971275e-02 -3.810217e-03 -2.317014e-04 9.999928e-01 2.636648e+01
9.999942e-01 -2.093785e-03 -2.678220e-03 -1.225075e-01 2.092751e-03 9.999977e-01 -3.888784e-04 7.032084e-02 2.679034e-03 3.832651e-04 9.999962e-01 2.651589e+01
9.999912e-01 2.147471e-03 3.601345e-03 -2.120203e-01 -2.148289e-03 9.999977e-01 2.232530e-04 7.108795e-02 -3.600863e-03 -2.309815e-04 9.999936e-01 2.665309e+01
9.999953e-01 -2.122221e-03 -2.202130e-03 -3.254003e-01 2.121231e-03 9.999976e-01 -4.519366e-04 7.242020e-02 2.203090e-03 4.472570e-04 9.999974e-01 2.681689e+01
9.999894e-01 1.948562e-03 4.181176e-03 -4.672591e-01 -1.949033e-03 9.999981e-01 1.085296e-04 7.452338e-02 -4.180962e-03 -1.166714e-04 9.999914e-01 2.702420e+01
9.999941e-01 -1.982511e-03 -2.789426e-03 -5.628053e-01 1.981502e-03 9.999980e-01 -3.644620e-04 7.535016e-02 2.790148e-03 3.589263e-04 9.999959e-01 2.719298e+01
9.999900e-01 2.075257e-03 3.965911e-03 -6.079791e-01 -2.075743e-03 9.999978e-01 1.185365e-04 7.482646e-02 -3.965662e-03 -1.267612e-04 9.999922e-01 2.734347e+01
9.999954e-01 -2.191864e-03 -2.089533e-03 -6.767613e-01 2.191121e-03 9.999975e-01 -3.577765e-04 7.493266e-02 2.090318e-03 3.531901e-04 9.999977e-01 2.755012e+01
9.999915e-01 2.208869e-03 3.484925e-03 -7.954820e-01 -2.209689e-03 9.999975e-01 2.315706e-04 7.651151e-02 -3.484412e-03 -2.392629e-04 9.999940e-01 2.772993e+01
9.999959e-01 -2.275413e-03 -1.726199e-03 -8.741091e-01 2.274748e-03 9.999973e-01 -3.872552e-04 7.673074e-02 1.727082e-03 3.833205e-04 9.999983e-01 2.794831e+01
9.999856e-01 2.178768e-03 4.913902e-03 -9.279323e-01 -2.178134e-03 9.999976e-01 -1.342831e-04 7.639061e-02 -4.914190e-03 1.235844e-04 9.999880e-01 2.828779e+01
9.999950e-01 -1.621361e-03 -2.698285e-03 -9.186922e-01 1.620321e-03 9.999986e-01 -3.877273e-04 7.443033e-02 2.698917e-03 3.833468e-04 9.999962e-01 2.857662e+01
9.999884e-01 2.501512e-03 4.114053e-03 -8.755274e-01 -2.501111e-03 9.999969e-01 -1.026733e-04 7.149162e-02 -4.114304e-03 9.238890e-05 9.999916e-01 2.876174e+01
9.999943e-01 -2.203757e-03 -2.545488e-03 -9.014935e-01 2.202901e-03 9.999975e-01 -3.391177e-04 7.035973e-02 2.546237e-03 3.335017e-04 9.999966e-01 2.895919e+01
9.999907e-01 2.285886e-03 3.660897e-03 -9.779211e-01 -2.286904e-03 9.999973e-01 2.738661e-04 7.060072e-02 -3.660269e-03 -2.822292e-04 9.999934e-01 2.912006e+01
9.999916e-01 -2.086193e-03 -3.517650e-03 -1.032396e+00 2.085322e-03 9.999978e-01 -2.512053e-04 7.043281e-02 3.518174e-03 2.438612e-04 9.999937e-01 2.922410e+01
9.999926e-01 2.515540e-03 2.911762e-03 -1.067636e+00 -2.516653e-03 9.999968e-01 3.785223e-04 6.959971e-02 -2.910808e-03 -3.858409e-04 9.999958e-01 2.928870e+01
9.999939e-01 -2.369069e-03 -2.558479e-03 -1.124094e+00 2.368063e-03 9.999971e-01 -3.963880e-04 6.926710e-02 2.559418e-03 3.903204e-04 9.999965e-01 2.941184e+01
9.999926e-01 2.604636e-03 2.822939e-03 -1.210844e+00 -2.605615e-03 9.999965e-01 3.431553e-04 6.985359e-02 -2.822043e-03 -3.505017e-04 9.999961e-01 2.953200e+01
9.999942e-01 -2.505597e-03 -2.307713e-03 -1.355293e+00 2.504415e-03 9.999967e-01 -5.147460e-04 7.250540e-02 2.309003e-03 5.089570e-04 9.999971e-01 2.967394e+01
9.999936e-01 2.741876e-03 2.306306e-03 -1.452835e+00 -2.742911e-03 9.999961e-01 4.456201e-04 7.363630e-02 -2.305083e-03 -4.519367e-04 9.999973e-01 2.978002e+01
9.999950e-01 -2.514366e-03 -1.917199e-03 -1.558635e+00 2.513410e-03 9.999967e-01 -5.012260e-04 7.497382e-02 1.918461e-03 4.963982e-04 9.999979e-01 2.990424e+01
9.999943e-01 2.808048e-03 1.887896e-03 -1.672608e+00 -2.808900e-03 9.999960e-01 4.490374e-04 7.662962e-02 -1.886636e-03 -4.543312e-04 9.999982e-01 3.001845e+01
9.999950e-01 -2.422606e-03 -2.053974e-03 -1.728620e+00 2.421711e-03 9.999970e-01 -4.386769e-04 7.638691e-02 2.055038e-03 4.336939e-04 9.999977e-01 3.010613e+01
9.999905e-01 3.669181e-03 2.342311e-03 -1.672284e+00 -3.669813e-03 9.999932e-01 2.652951e-04 7.291551e-02 -2.341329e-03 -2.738819e-04 9.999973e-01 3.019977e+01
9.999920e-01 -3.149270e-03 -2.465826e-03 -1.726147e+00 3.148463e-03 9.999950e-01 -3.315057e-04 7.240384e-02 2.466865e-03 3.237329e-04 9.999968e-01 3.029489e+01
9.999909e-01 3.621707e-03 2.266770e-03 -1.780074e+00 -3.622573e-03 9.999934e-01 3.782360e-04 7.195309e-02 -2.265392e-03 -3.864375e-04 9.999975e-01 3.037726e+01
9.999915e-01 -3.299002e-03 -2.479725e-03 -1.835130e+00 3.298080e-03 9.999945e-01 -3.760835e-04 7.154314e-02 2.480959e-03 3.678954e-04 9.999968e-01 3.047096e+01
9.999889e-01 4.215202e-03 2.094404e-03 -1.805227e+00 -4.216237e-03 9.999910e-01 4.902291e-04 6.884548e-02 -2.092326e-03 -4.990476e-04 9.999978e-01 3.053479e+01
9.999919e-01 -3.026969e-03 -2.642993e-03 -1.733548e+00 3.026429e-03 9.999954e-01 -2.084199e-04 6.491223e-02 2.643619e-03 2.004128e-04 9.999964e-01 3.056849e+01
9.999920e-01 3.904128e-03 8.112605e-04 -1.606441e+00 -3.904779e-03 9.999921e-01 8.017771e-04 6.078614e-02 -8.081313e-04 -8.049321e-04 9.999994e-01 3.049468e+01
9.999979e-01 -2.042639e-03 -2.947678e-04 -1.439761e+00 2.042487e-03 9.999978e-01 -5.155021e-04 5.511288e-02 2.958276e-04 5.148925e-04 9.999997e-01 3.056734e+01
9.999923e-01 3.647430e-03 -1.474155e-03 -1.253071e+00 -3.645428e-03 9.999924e-01 1.358520e-03 5.163710e-02 1.479092e-03 -1.353129e-03 9.999981e-01 3.043263e+01
9.999962e-01 -2.740749e-03 7.994809e-05 -1.181418e+00 2.740822e-03 9.999958e-01 -9.194008e-04 4.811789e-02 -7.742074e-05 9.196102e-04 9.999995e-01 3.040690e+01
9.999935e-01 3.143567e-03 -1.793203e-03 -1.176814e+00 -3.141072e-03 9.999941e-01 1.392281e-03 4.631777e-02 1.797562e-03 -1.386633e-03 9.999975e-01 3.039829e+01
9.999965e-01 -2.594290e-03 4.871543e-04 -1.167816e+00 2.594772e-03 9.999961e-01 -9.912994e-04 4.407027e-02 -4.845739e-04 9.925538e-04 9.999993e-01 3.041215e+01
9.999933e-01 3.009360e-03 -2.071071e-03 -1.171234e+00 -3.006400e-03 9.999945e-01 1.431021e-03 4.231946e-02 2.075359e-03 -1.424779e-03 9.999969e-01 3.041639e+01
9.999965e-01 -2.648841e-03 1.307425e-04 -1.171486e+00 2.648976e-03 9.999960e-01 -1.040438e-03 4.060175e-02 -1.279795e-04 1.040774e-03 9.999994e-01 3.042353e+01
9.999923e-01 3.622434e-03 -1.518134e-03 -1.075313e+00 -3.620532e-03 9.999927e-01 1.253928e-03 3.644133e-02 1.522659e-03 -1.248415e-03 9.999982e-01 3.041488e+01
9.999946e-01 -3.279706e-03 1.594923e-05 -1.122037e+00 3.279721e-03 9.999941e-01 -1.066709e-03 3.661260e-02 -1.244442e-05 1.066749e-03 9.999993e-01 3.044378e+01
9.999927e-01 3.578611e-03 -1.302421e-03 -1.206917e+00 -3.577185e-03 9.999930e-01 1.095384e-03 3.797875e-02 1.306326e-03 -1.090711e-03 9.999987e-01 3.050258e+01
9.999961e-01 -2.734665e-03 5.100487e-04 -1.189959e+00 2.735222e-03 9.999957e-01 -1.093259e-03 3.531762e-02 -5.070507e-04 1.094644e-03 9.999992e-01 3.054175e+01
9.999936e-01 3.261889e-03 -1.486741e-03 -1.224768e+00 -3.259990e-03 9.999939e-01 1.277996e-03 3.431986e-02 1.490894e-03 -1.273135e-03 9.999982e-01 3.058423e+01
9.999959e-01 -2.831472e-03 4.612702e-04 -1.261861e+00 2.831953e-03 9.999954e-01 -1.045028e-03 3.368834e-02 -4.583033e-04 1.046324e-03 9.999992e-01 3.061829e+01
9.999932e-01 3.353398e-03 -1.553404e-03 -1.249942e+00 -3.351133e-03 9.999933e-01 1.458908e-03 3.164219e-02 1.558280e-03 -1.453686e-03 9.999978e-01 3.062312e+01
9.999980e-01 -2.015701e-03 1.675570e-04 -1.109072e+00 2.015820e-03 9.999977e-01 -7.171407e-04 2.704001e-02 -1.661055e-04 7.174710e-04 9.999996e-01 3.056819e+01
9.999944e-01 3.166831e-03 -1.072565e-03 -1.003979e+00 -3.165515e-03 9.999942e-01 1.226921e-03 2.236492e-02 1.076439e-03 -1.223513e-03 9.999988e-01 3.056134e+01
9.999991e-01 -1.341907e-03 -2.883056e-04 -8.101823e-01 1.341750e-03 9.999990e-01 -5.441479e-04 1.866814e-02 2.890408e-04 5.437547e-04 9.999997e-01 3.046557e+01
9.999966e-01 2.560165e-03 -5.054936e-04 -7.144938e-01 -2.559659e-03 9.999962e-01 1.000557e-03 1.435457e-02 5.080480e-04 -9.992542e-04 9.999995e-01 3.045828e+01
9.999989e-01 -1.436808e-03 -4.560221e-04 -6.333950e-01 1.436598e-03 9.999989e-01 -4.605431e-04 1.045058e-02 4.566885e-04 4.598817e-04 9.999997e-01 3.043720e+01
9.999978e-01 1.963124e-03 -7.788627e-04 -6.135273e-01 -1.962302e-03 9.999975e-01 1.055604e-03 8.645364e-03 7.809280e-04 -1.054068e-03 9.999992e-01 3.041295e+01
9.999981e-01 -1.811615e-03 -7.642137e-04 -6.085515e-01 1.811338e-03 9.999983e-01 -3.635054e-04 7.563072e-03 7.648759e-04 3.621149e-04 9.999995e-01 3.038157e+01
9.999894e-01 1.867203e-03 -4.202454e-03 -5.829622e-01 -1.858521e-03 9.999961e-01 2.068833e-03 1.061138e-02 4.206296e-03 -2.060995e-03 9.999891e-01 3.009008e+01
9.999970e-01 -1.659752e-03 -1.790683e-03 -4.597472e-01 1.660158e-03 9.999986e-01 2.251963e-04 1.350843e-02 1.790311e-03 -2.281736e-04 9.999983e-01 2.965269e+01
9.999958e-01 2.847791e-03 -5.714154e-04 -2.400812e-01 -2.847383e-03 9.999957e-01 7.124152e-04 1.121850e-02 5.734382e-04 -7.107801e-04 9.999997e-01 2.946494e+01
9.999978e-01 -1.651363e-03 -1.320704e-03 -4.237705e-02 1.651247e-03 9.999986e-01 -8.899114e-05 7.665921e-03 1.320853e-03 8.680514e-05 9.999990e-01 2.935288e+01
9.999964e-01 2.676652e-03 1.646893e-04 4.474110e-02 -2.676695e-03 9.999964e-01 2.628814e-04 3.617145e-03 -1.639884e-04 -2.633163e-04 1.000000e+00 2.937031e+01
9.999988e-01 -1.519737e-03 -2.860541e-04 8.813980e-02 1.519699e-03 9.999988e-01 -1.336011e-04 2.930461e-04 2.862601e-04 1.331613e-04 9.999999e-01 2.943409e+01
9.999948e-01 3.110340e-03 8.888623e-04 2.058270e-01 -3.110309e-03 9.999952e-01 -3.638813e-05 -4.793421e-03 -8.889746e-04 3.362826e-05 9.999997e-01 2.950396e+01
9.999960e-01 -2.831530e-03 2.327780e-05 1.185305e-01 2.831534e-03 9.999960e-01 -1.732880e-04 -4.368694e-03 -2.278359e-05 1.733482e-04 9.999999e-01 2.964175e+01
9.999950e-01 3.090327e-03 6.135672e-04 2.387855e-02 -3.090397e-03 9.999952e-01 1.133566e-04 -3.549460e-03 -6.132175e-04 -1.152472e-04 9.999999e-01 2.977309e+01
9.999963e-01 -2.692326e-03 -2.603622e-04 -3.316449e-02 2.692294e-03 9.999964e-01 -1.229476e-04 -3.906712e-03 2.606958e-04 1.222412e-04 9.999999e-01 2.987595e+01
9.999941e-01 3.440455e-03 -4.575299e-05 -1.555226e-03 -3.440452e-03 9.999941e-01 6.115280e-05 -6.344116e-03 4.595957e-05 -6.099004e-05 1.000000e+00 2.993616e+01
9.999977e-01 -1.961382e-03 -9.197173e-04 1.328310e-01 1.961751e-03 9.999980e-01 3.998851e-04 -1.086144e-02 9.189345e-04 -4.016934e-04 9.999994e-01 2.991623e+01
9.999908e-01 4.214794e-03 -8.042792e-04 4.374998e-01 -4.214556e-03 9.999911e-01 2.976096e-04 -1.435211e-02 8.055231e-04 -2.942124e-04 9.999997e-01 2.970889e+01
9.999964e-01 -1.702682e-03 -2.094349e-03 7.748459e-01 1.704380e-03 9.999982e-01 8.094800e-04 -1.548281e-02 2.092970e-03 -8.130514e-04 9.999974e-01 2.938284e+01
9.999915e-01 4.097601e-03 -4.420230e-04 1.100773e+00 -4.097488e-03 9.999916e-01 2.570517e-04 -1.629543e-02 4.430698e-04 -2.552337e-04 1.000000e+00 2.907929e+01
9.999987e-01 -1.309655e-03 -9.443370e-04 1.466007e+00 1.310260e-03 9.999989e-01 6.403091e-04 -1.792601e-02 9.435000e-04 -6.415501e-04 9.999992e-01 2.881221e+01
9.999931e-01 3.673208e-03 4.927052e-04 1.749597e+00 -3.673124e-03 9.999932e-01 -1.701617e-04 -2.245105e-02 -4.933294e-04 1.683553e-04 1.000000e+00 2.870650e+01
9.999954e-01 -1.397472e-03 -2.702709e-03 2.067156e+00 1.399987e-03 9.999986e-01 9.287500e-04 -2.419166e-02 2.701410e-03 -9.325339e-04 9.999958e-01 2.846708e+01
9.999923e-01 3.572952e-03 1.615035e-03 2.374273e+00 -3.572744e-03 9.999936e-01 -1.312950e-04 -2.694498e-02 -1.615496e-03 1.255282e-04 9.999988e-01 2.826688e+01
9.999919e-01 -1.721389e-03 -3.648988e-03 2.641156e+00 1.724848e-03 9.999981e-01 9.450365e-04 -2.912228e-02 3.647356e-03 -9.513271e-04 9.999928e-01 2.806030e+01
9.999909e-01 4.005795e-03 1.482953e-03 2.941265e+00 -4.006003e-03 9.999920e-01 1.376435e-04 -3.086603e-02 -1.482392e-03 -1.435788e-04 9.999990e-01 2.780496e+01
9.999926e-01 -2.997370e-03 -2.426461e-03 3.027876e+00 2.997594e-03 9.999955e-01 8.873307e-05 -3.507182e-02 2.426186e-03 -9.601008e-05 9.999970e-01 2.781509e+01
