9.999995e-01 1.010514e-04 1.036818e-03 -1.113092e-01 -1.011026e-04 1.000000e+00 4.930856e-05 7.831710e-04 -1.036813e-03 -4.941384e-05 9.999996e-01 1.016988e-01
9.999999e-01 2.599486e-05 -4.002562e-04 -1.905398e-01 -2.586108e-05 9.999999e-01 3.341727e-04 6.839221e-04 4.002651e-04 -3.341618e-04 9.999998e-01 1.615200e-01
9.999991e-01 1.510150e-04 1.325811e-03 -2.887219e-01 -1.509633e-04 1.000000e+00 -3.911279e-05 1.126250e-03 -1.325817e-03 3.891206e-05 9.999992e-01 2.343560e-01
9.999996e-01 -4.130152e-05 -8.498972e-04 -2.984413e-01 4.221475e-05 9.999994e-01 1.074504e-03 -3.492590e-04 8.498527e-04 -1.074539e-03 9.999990e-01 2.021265e-01
9.999994e-01 -1.833495e-04 1.045517e-03 -2.777298e-01 1.832806e-04 1.000000e+00 6.601637e-05 -2.217017e-03 -1.045529e-03 -6.582548e-05 9.999996e-01 1.695874e-01
9.999993e-01 -4.850492e-05 -1.144822e-03 -2.396728e-01 4.991639e-05 9.999992e-01 1.232909e-03 -4.552008e-03 1.144761e-03 -1.232964e-03 9.999985e-01 1.260233e-01
9.999990e-01 1.494939e-04 1.427670e-03 -2.696402e-01 -1.490317e-04 9.999999e-01 -3.238677e-04 -5.646323e-03 -1.427719e-03 3.236536e-04 9.999990e-01 1.193799e-01
9.999999e-01 2.278925e-04 -4.034498e-04 -3.723972e-01 -2.275209e-04 9.999996e-01 9.209358e-04 -5.215945e-03 4.036600e-04 -9.208429e-04 9.999994e-01 1.481864e-01
9.999992e-01 1.202185e-04 1.260125e-03 -4.844780e-01 -1.195771e-04 9.999999e-01 -5.090825e-04 -4.587389e-03 -1.260187e-03 5.089303e-04 9.999992e-01 2.106346e-01
9.999998e-01 5.942095e-05 -6.703312e-04 -5.718754e-01 -5.877711e-05 9.999995e-01 9.604461e-04 -4.379516e-03 6.703886e-04 -9.604053e-04 9.999992e-01 2.671859e-01
9.999990e-01 3.190093e-04 1.367762e-03 -6.422188e-01 -3.186304e-04 9.999999e-01 -2.773049e-04 -4.756808e-03 -1.367851e-03 2.768676e-04 9.999991e-01 2.822645e-01
9.999997e-01 -5.779396e-05 -8.071729e-04 -7.345868e-01 5.829134e-05 9.999998e-01 6.161803e-04 -4.349146e-03 8.071378e-04 -6.162259e-04 9.999994e-01 3.418567e-01
9.999989e-01 2.413617e-04 1.440040e-03 -8.460709e-01 -2.407174e-04 9.999999e-01 -4.476120e-04 -3.603044e-03 -1.440148e-03 4.472636e-04 9.999990e-01 4.517540e-01
9.999999e-01 -1.656024e-04 -3.491891e-04 -9.700478e-01 1.657646e-04 9.999999e-01 4.645137e-04 -2.829148e-03 3.491130e-04 -4.645702e-04 9.999997e-01 5.815355e-01
9.999989e-01 4.261616e-04 1.399377e-03 -1.090496e+00 -4.257468e-04 9.999999e-01 -2.967390e-04 -2.217666e-03 -1.399504e-03 2.961416e-04 9.999991e-01 6.820203e-01
9.999999e-01 -8.183607e-05 -3.422066e-04 -1.185607e+00 8.213251e-05 9.999996e-01 8.663132e-04 -2.039378e-03 3.421367e-04 -8.663399e-04 9.999995e-01 7.107450e-01
9.999995e-01 4.018838e-04 9.454716e-04 -1.294578e+00 -4.015268e-04 9.999998e-01 -3.777227e-04 -1.666347e-03 -9.456245e-04 3.773415e-04 9.999996e-01 7.714053e-01
9.999995e-01 -1.587195e-04 9.631322e-04 -1.471694e+00 1.584856e-04 1.000000e+00 2.428483e-04 4.540627e-04 -9.631693e-04 -2.426942e-04 9.999994e-01 9.410349e-01
9.999999e-01 3.879516e-04 2.221954e-04 -1.584090e+00 -3.879740e-04 9.999999e-01 1.006466e-04 7.308525e-04 -2.221578e-04 -1.007342e-04 1.000000e+00 1.030865e+00
9.999998e-01 -8.229172e-05 -6.309860e-04 -1.546279e+00 8.312653e-05 9.999991e-01 1.323112e-03 -2.449358e-03 6.308781e-04 -1.323163e-03 9.999988e-01 9.565390e-01
9.999998e-01 4.083954e-04 4.293913e-04 -1.505237e+00 -4.085080e-04 9.999999e-01 2.620613e-04 -5.702058e-03 -4.292857e-04 -2.622383e-04 1.000000e+00 8.622815e-01
9.999997e-01 2.609945e-04 7.703691e-04 -1.589697e+00 -2.614714e-04 9.999998e-01 6.190224e-04 -6.184186e-03 -7.702058e-04 -6.192218e-04 9.999994e-01 8.391497e-01
9.999995e-01 4.266679e-04 9.006152e-04 -1.732078e+00 -4.265041e-04 9.999999e-01 -1.820645e-04 -5.869382e-03 -9.006945e-04 1.816784e-04 9.999997e-01 8.803153e-01
9.999998e-01 2.010471e-04 5.523471e-04 -1.834983e+00 -2.015798e-04 9.999995e-01 9.645032e-04 -6.207519e-03 -5.521510e-04 -9.646125e-04 9.999993e-01 8.816131e-01
9.999958e-01 -2.367594e-03 1.695634e-03 -1.863598e+00 2.370454e-03 9.999958e-01 -1.686143e-03 -7.354659e-03 -1.691637e-03 1.690154e-03 9.999972e-01 1.184497e+00
9.999961e-01 1.684896e-03 2.209992e-03 -2.032934e+00 -1.686621e-03 9.999983e-01 7.790081e-04 -6.826720e-03 -2.208673e-03 -7.827307e-04 9.999972e-01 1.501611e+00
9.999996e-01 -7.992617e-04 -4.079098e-04 -2.185553e+00 7.992422e-04 9.999997e-01 -4.788224e-05 -5.980044e-03 4.079452e-04 4.755438e-05 1.000000e+00 1.511273e+00
9.999952e-01 1.665522e-03 2.593516e-03 -2.347916e+00 -1.667378e-03 9.999984e-01 7.137538e-04 -5.004175e-03 -2.592320e-03 -7.180729e-04 9.999963e-01 1.520374e+00
9.999996e-01 -7.137219e-04 -5.483488e-04 -2.491807e+00 7.138335e-04 9.999997e-01 2.033375e-04 -4.476276e-03 5.482004e-04 -2.037308e-04 9.999999e-01 1.507806e+00
9.999949e-01 1.605083e-03 2.765705e-03 -2.599474e+00 -1.607649e-03 9.999983e-01 9.256116e-04 -4.493982e-03 -2.764211e-03 -9.300510e-04 9.999956e-01 1.411541e+00
9.999995e-01 -7.959855e-04 -6.000704e-04 -2.783622e+00 7.958186e-04 9.999996e-01 -2.783590e-04 -2.981766e-03 6.002882e-04 2.778791e-04 9.999999e-01 1.443277e+00
9.999952e-01 1.491352e-03 2.714260e-03 -2.958112e+00 -1.493405e-03 9.999986e-01 7.547187e-04 -1.442610e-03 -2.713127e-03 -7.587663e-04 9.999959e-01 1.486674e+00
9.999984e-01 -1.225228e-03 -1.290665e-03 -3.097003e+00 1.224624e-03 9.999991e-01 -4.687685e-04 -5.787142e-04 1.291235e-03 4.671849e-04 9.999992e-01 1.583456e+00
9.999921e-01 1.706191e-03 3.601084e-03 -3.303960e+00 -1.708367e-03 9.999984e-01 6.011469e-04 1.896205e-03 -3.600048e-03 -6.072918e-04 9.999932e-01 1.705085e+00
9.999958e-01 -1.167562e-03 -2.670142e-03 -3.420379e+00 1.167276e-03 9.999993e-01 -1.086096e-04 1.894910e-03 2.670262e-03 1.054901e-04 9.999965e-01 1.749742e+00
9.999886e-01 2.081593e-03 4.285770e-03 -3.568568e+00 -2.084833e-03 9.999975e-01 7.517214e-04 2.338322e-03 -4.284190e-03 -7.606456e-04 9.999904e-01 1.770235e+00
9.999944e-01 -1.372638e-03 -3.039669e-03 -3.698750e+00 1.372087e-03 9.999990e-01 -1.836511e-04 2.390814e-03 3.039914e-03 1.794770e-04 9.999955e-01 1.808357e+00
9.999891e-01 1.943619e-03 4.250633e-03 -3.837307e+00 -1.946292e-03 9.999979e-01 6.246912e-04 2.969621e-03 -4.249406e-03 -6.329549e-04 9.999907e-01 1.873905e+00
9.999942e-01 -1.503985e-03 -3.060863e-03 -3.969744e+00 1.503605e-03 9.999989e-01 -1.264728e-04 2.973138e-03 3.061045e-03 1.218672e-04 9.999954e-01 1.933890e+00
9.999893e-01 1.935529e-03 4.208649e-03 -4.078768e+00 -1.938009e-03 9.999980e-01 5.852049e-04 2.557569e-03 -4.207503e-03 -5.933525e-04 9.999909e-01 1.988344e+00
9.999946e-01 -1.356722e-03 -3.006442e-03 -4.201652e+00 1.356149e-03 9.999991e-01 -1.925394e-04 2.796055e-03 3.006696e-03 1.884586e-04 9.999956e-01 2.037652e+00
9.999869e-01 2.093513e-03 4.680087e-03 -4.360313e+00 -2.097024e-03 9.999975e-01 7.454392e-04 3.674720e-03 -4.678509e-03 -7.552410e-04 9.999887e-01 2.086972e+00
9.999947e-01 -2.000124e-03 -2.560265e-03 -4.524034e+00 1.997973e-03 9.999976e-01 -8.424283e-04 4.896211e-03 2.561938e-03 8.373058e-04 9.999965e-01 2.255492e+00
9.999913e-01 -8.837626e-04 4.068125e-03 -4.357158e+00 8.788681e-04 9.999989e-01 1.204761e-03 1.427449e-04 -4.069180e-03 -1.201173e-03 9.999909e-01 2.429814e+00
9.999758e-01 -5.088851e-03 4.752806e-03 -4.169872e+00 5.105122e-03 9.999811e-01 -3.417692e-03 -4.830061e-03 -4.735331e-03 3.441870e-03 9.999830e-01 3.145231e+00
9.999935e-01 3.198753e-03 1.670127e-03 -4.312443e+00 -3.201733e-03 9.999933e-01 1.784312e-03 -5.722354e-03 -1.664401e-03 -1.789646e-03 9.999969e-01 3.668979e+00
9.999967e-01 -2.563601e-03 -2.022086e-04 -4.436805e+00 2.563315e-03 9.999957e-01 -1.400503e-03 -5.601390e-03 2.057909e-04 1.399978e-03 9.999991e-01 3.716984e+00
9.999944e-01 3.229942e-03 8.803400e-04 -4.513383e+00 -3.231839e-03 9.999924e-01 2.161668e-03 -6.604432e-03 -8.733441e-04 -2.164498e-03 9.999972e-01 3.715360e+00
9.999964e-01 -2.352921e-03 1.324631e-03 -4.707501e+00 2.355018e-03 9.999960e-01 -1.583435e-03 -4.745761e-03 -1.320907e-03 1.586547e-03 9.999980e-01 3.757852e+00
9.999945e-01 3.173985e-03 9.894678e-04 -4.911112e+00 -3.176032e-03 9.999928e-01 2.073487e-03 -2.524535e-03 -9.828718e-04 -2.076615e-03 9.999973e-01 3.814671e+00
9.999961e-01 -2.535910e-03 1.151044e-03 -5.104959e+00 2.537886e-03 9.999953e-01 -1.718629e-03 -5.868382e-04 -1.146688e-03 1.721541e-03 9.999980e-01 3.893896e+00
9.999954e-01 2.819843e-03 1.131160e-03 -5.298582e+00 -2.822170e-03 9.999939e-01 2.060994e-03 1.399397e-03 -1.125334e-03 -2.064174e-03 9.999971e-01 4.001655e+00
9.999966e-01 -2.148062e-03 1.476794e-03 -5.454998e+00 2.149725e-03 9.999971e-01 -1.125425e-03 2.510926e-03 -1.474381e-03 1.128594e-03 9.999984e-01 3.979448e+00
9.999954e-01 2.953546e-03 7.280749e-04 -5.602230e+00 -2.954780e-03 9.999942e-01 1.699723e-03 3.717048e-03 -7.230418e-04 -1.701864e-03 9.999982e-01 3.983046e+00
9.999919e-01 -4.019608e-03 9.345351e-05 -5.464141e+00 4.019689e-03 9.999915e-01 -8.816839e-04 -1.884647e-03 -8.991738e-05 8.820496e-04 9.999997e-01 3.908987e+00
9.999986e-01 6.189981e-04 1.537404e-03 -4.966733e+00 -6.215159e-04 9.999985e-01 1.637732e-03 -1.133693e-02 -1.536379e-03 -1.638683e-03 9.999974e-01 3.977005e+00
9.999964e-01 -2.375003e-03 1.272365e-03 -4.977915e+00 2.378029e-03 9.999943e-01 -2.382318e-03 -1.305895e-02 -1.266709e-03 2.385332e-03 9.999965e-01 4.304515e+00
9.999971e-01 2.401503e-03 -6.304686e-05 -5.094606e+00 -2.401353e-03 9.999945e-01 2.282445e-03 -1.242682e-02 6.853707e-05 -2.282285e-03 9.999973e-01 4.455541e+00
9.999972e-01 -2.243542e-03 8.082104e-04 -5.193280e+00 2.245202e-03 9.999954e-01 -2.059234e-03 -1.232348e-02 -8.035960e-04 2.061040e-03 9.999977e-01 4.561998e+00
9.999959e-01 2.734041e-03 8.305141e-04 -5.362747e+00 -2.736079e-03 9.999932e-01 2.461934e-03 -1.085035e-02 -8.237679e-04 -2.464193e-03 9.999965e-01 4.655253e+00
9.999972e-01 -2.110025e-03 1.086274e-03 -5.528878e+00 2.112005e-03 9.999961e-01 -1.823932e-03 -9.483752e-03 -1.082431e-03 1.826218e-03 9.999978e-01 4.694028e+00
9.999964e-01 2.661451e-03 -2.557631e-04 -5.594704e+00 -2.660795e-03 9.999933e-01 2.531003e-03 -1.011185e-02 2.625073e-04 -2.530310e-03 9.999967e-01 4.673307e+00
9.999966e-01 -2.580617e-03 4.622908e-04 -5.582031e+00 2.581348e-03 9.999954e-01 -1.588094e-03 -1.235091e-02 -4.582002e-04 1.589278e-03 9.999987e-01 4.615113e+00
9.999991e-01 1.167010e-03 6.019256e-04 -5.623884e+00 -1.167865e-03 9.999983e-01 1.420894e-03 -1.417905e-02 -6.002565e-04 -1.421593e-03 9.999987e-01 4.853622e+00
9.999919e-01 -2.701028e-03 2.986706e-03 -5.753045e+00 2.708818e-03 9.999929e-01 -2.607246e-03 -1.523901e-02 -2.979653e-03 2.615313e-03 9.999922e-01 5.293371e+00
9.999985e-01 1.704155e-03 -3.869016e-04 -5.900479e+00 -1.703368e-03 9.999965e-01 2.026814e-03 -1.624585e-02 3.903647e-04 -2.026149e-03 9.999978e-01 5.621801e+00
9.999971e-01 -1.589932e-03 1.815546e-03 -6.007666e+00 1.593039e-03 9.999973e-01 -1.711020e-03 -1.808582e-02 -1.812832e-03 1.713904e-03 9.999970e-01 5.750353e+00
9.999957e-01 2.270032e-03 -1.847432e-03 -6.072243e+00 -2.265429e-03 9.999943e-01 2.489524e-03 -2.005498e-02 1.853083e-03 -2.485325e-03 9.999951e-01 5.756159e+00
9.999951e-01 -1.844867e-03 2.546427e-03 -6.175261e+00 1.850106e-03 9.999962e-01 -2.056527e-03 -2.115175e-02 -2.542634e-03 2.061225e-03 9.999947e-01 5.837790e+00
9.999940e-01 2.041620e-03 -2.803108e-03 -6.216673e+00 -2.034883e-03 9.999950e-01 2.404200e-03 -2.371689e-02 2.808013e-03 -2.398479e-03 9.999931e-01 5.930225e+00
9.999805e-01 -2.691335e-03 5.632567e-03 -6.367885e+00 2.710196e-03 9.999907e-01 -3.343730e-03 -2.305861e-02 -5.623527e-03 3.358927e-03 9.999786e-01 6.267832e+00
9.999965e-01 2.418959e-03 -1.101862e-03 -6.600954e+00 -2.416510e-03 9.999946e-01 2.218825e-03 -2.132850e-02 1.107234e-03 -2.216152e-03 9.999968e-01 6.654429e+00
9.999943e-01 -2.348466e-03 2.417204e-03 -6.717873e+00 2.354036e-03 9.999946e-01 -2.303912e-03 -2.240956e-02 -2.411792e-03 2.309586e-03 9.999945e-01 6.834710e+00
1.000000e+00 -3.113697e-05 -1.704481e-04 -6.694694e+00 3.133554e-05 9.999993e-01 1.165870e-03 -2.555690e-02 1.704234e-04 -1.165873e-03 9.999992e-01 7.239905e+00
9.999951e-01 -3.075822e-03 5.766796e-04 -6.358216e+00 3.076987e-03 9.999932e-01 -2.030021e-03 -3.480562e-02 -5.704436e-04 2.031783e-03 9.999979e-01 7.569440e+00
9.999962e-01 9.294702e-05 -2.749664e-03 -5.895054e+00 -8.555743e-05 9.999964e-01 2.687495e-03 -4.712495e-02 2.749916e-03 -2.687247e-03 9.999925e-01 7.736099e+00
9.999980e-01 -1.205413e-03 1.584252e-03 -5.817656e+00 1.210276e-03 9.999945e-01 -3.071846e-03 -5.171685e-02 -1.580552e-03 3.073755e-03 9.999941e-01 7.985469e+00
9.999986e-01 1.238233e-03 -1.142440e-03 -5.908259e+00 -1.234522e-03 9.999940e-01 3.243567e-03 -5.281012e-02 1.146461e-03 -3.242149e-03 9.999940e-01 8.105833e+00
9.999946e-01 -1.117272e-03 3.086823e-03 -6.060326e+00 1.127423e-03 9.999940e-01 -3.288574e-03 -5.240667e-02 -3.083142e-03 3.292034e-03 9.999899e-01 8.264799e+00
9.999966e-01 5.657643e-04 -2.559644e-03 -6.109011e+00 -5.573083e-04 9.999944e-01 3.303139e-03 -5.438448e-02 2.561511e-03 -3.301698e-03 9.999912e-01 8.427313e+00
9.999976e-01 -1.002372e-03 1.925228e-03 -6.102796e+00 1.008064e-03 9.999951e-01 -2.957752e-03 -5.861279e-02 -1.922266e-03 2.959683e-03 9.999939e-01 8.555350e+00
9.999979e-01 9.039727e-04 -1.856944e-03 -6.128738e+00 -8.974035e-04 9.999933e-01 3.535536e-03 -6.245453e-02 1.860139e-03 -3.533859e-03 9.999919e-01 8.651162e+00
9.999988e-01 -3.953626e-04 1.480581e-03 -6.136157e+00 3.993712e-04 9.999963e-01 -2.708032e-03 -6.656232e-02 -1.479516e-03 2.708618e-03 9.999953e-01 8.664368e+00
9.999944e-01 5.805374e-04 -3.310360e-03 -5.950855e+00 -5.686414e-04 9.999934e-01 3.593416e-03 -7.350078e-02 3.312436e-03 -3.591510e-03 9.999880e-01 8.599642e+00
9.999948e-01 -1.182878e-03 3.009830e-03 -5.979546e+00 1.193359e-03 9.999932e-01 -3.482660e-03 -7.565266e-02 -3.005701e-03 3.486230e-03 9.999895e-01 8.752331e+00
9.999990e-01 6.120836e-04 -1.248224e-03 -6.085703e+00 -6.082487e-04 9.999951e-01 3.070479e-03 -7.693269e-02 1.250109e-03 -3.069714e-03 9.999944e-01 9.001653e+00
9.999992e-01 -1.115213e-03 5.810277e-04 -6.018453e+00 1.116693e-03 9.999961e-01 -2.552108e-03 -8.185808e-02 -5.781908e-04 2.552752e-03 9.999967e-01 9.080730e+00
9.999990e-01 7.435410e-04 1.228692e-03 -6.148161e+00 -7.461604e-04 9.999974e-01 2.132610e-03 -8.280605e-02 -1.227091e-03 -2.133522e-03 9.999969e-01 9.321675e+00
9.999897e-01 -1.090949e-03 4.401122e-03 -6.432400e+00 1.106121e-03 9.999934e-01 -3.446286e-03 -8.030766e-02 -4.397346e-03 3.451116e-03 9.999845e-01 9.722153e+00
9.999977e-01 9.868398e-04 1.880154e-03 -6.727195e+00 -9.903903e-04 9.999977e-01 1.888327e-03 -7.737347e-02 -1.878274e-03 -1.890183e-03 9.999964e-01 1.015471e+01
9.999979e-01 -1.395883e-03 1.475639e-03 -6.896980e+00 1.400091e-03 9.999949e-01 -2.854343e-03 -7.712090e-02 -1.471661e-03 2.856401e-03 9.999949e-01 1.047718e+01
9.999995e-01 1.024511e-03 1.367474e-04 -6.980073e+00 -1.024850e-03 9.999963e-01 2.507860e-03 -7.925923e-02 -1.341641e-04 -2.507997e-03 9.999967e-01 1.067655e+01
9.999974e-01 -1.275955e-03 1.867671e-03 -7.117338e+00 1.281282e-03 9.999951e-01 -2.853767e-03 -8.015974e-02 -1.864035e-03 2.856150e-03 9.999943e-01 1.089768e+01
9.999991e-01 9.611845e-04 -9.674188e-04 -7.205611e+00 -9.584228e-04 9.999955e-01 2.851271e-03 -8.219074e-02 9.701688e-04 -2.850338e-03 9.999954e-01 1.108405e+01
9.999922e-01 -1.416589e-03 3.697888e-03 -7.374108e+00 1.430371e-03 9.999920e-01 -3.727125e-03 -8.168779e-02 -3.692592e-03 3.732383e-03 9.999863e-01 1.139442e+01
9.999980e-01 1.091480e-03 -1.700371e-03 -7.491617e+00 -1.085681e-03 9.999936e-01 3.407818e-03 -8.240963e-02 1.704094e-03 -3.405963e-03 9.999926e-01 1.161062e+01
9.999961e-01 -1.536291e-03 2.339158e-03 -7.562847e+00 1.544301e-03 9.999929e-01 -3.425971e-03 -8.381432e-02 -2.333893e-03 3.429567e-03 9.999915e-01 1.178507e+01
9.999978e-01 1.921680e-03 -8.530226e-04 -7.687802e+00 -1.918648e-03 9.999919e-01 3.541472e-03 -8.408153e-02 8.598357e-04 -3.539825e-03 9.999933e-01 1.190642e+01
9.999986e-01 -1.306077e-03 1.090075e-03 -7.757834e+00 1.309249e-03 9.999949e-01 -2.914507e-03 -8.482728e-02 -1.086277e-03 2.915928e-03 9.999953e-01 1.192704e+01
9.999969e-01 1.312286e-03 -2.121313e-03 -7.589887e+00 -1.304357e-03 9.999922e-01 3.735040e-03 -9.004660e-02 2.126212e-03 -3.732259e-03 9.999907e-01 1.187407e+01
9.999967e-01 -1.851003e-03 1.794548e-03 -7.436274e+00 1.855940e-03 9.999945e-01 -2.752970e-03 -9.405535e-02 -1.789457e-03 2.756289e-03 9.999947e-01 1.181236e+01
9.999982e-01 8.976113e-04 -1.686708e-03 -7.347114e+00 -8.915544e-04 9.999932e-01 3.588397e-03 -9.676564e-02 1.689932e-03 -3.586884e-03 9.999920e-01 1.185965e+01
9.999964e-01 -1.948563e-03 1.852362e-03 -7.239846e+00 1.953942e-03 9.999939e-01 -2.906046e-03 -9.995354e-02 -1.846702e-03 2.909652e-03 9.999942e-01 1.193176e+01
9.999994e-01 3.932323e-04 -1.027925e-03 -7.120212e+00 -3.895468e-04 9.999935e-01 3.583263e-03 -1.035689e-01 1.029342e-03 -3.582858e-03 9.999930e-01 1.203859e+01
9.999918e-01 -2.311125e-03 3.328109e-03 -7.059603e+00 2.321966e-03 9.999920e-01 -3.257259e-03 -1.063262e-01 -3.320569e-03 3.264957e-03 9.999893e-01 1.223297e+01
9.999980e-01 8.098526e-04 -1.849705e-03 -6.873150e+00 -8.027300e-04 9.999923e-01 3.848304e-03 -1.098136e-01 1.852822e-03 -3.846809e-03 9.999908e-01 1.227263e+01
9.999944e-01 -2.063825e-03 2.635369e-03 -6.585745e+00 2.071970e-03 9.999931e-01 -3.091626e-03 -1.125729e-01 -2.628985e-03 3.097066e-03 9.999918e-01 1.214560e+01
9.999968e-01 1.124579e-03 -2.266868e-03 -6.326585e+00 -1.115595e-03 9.999915e-01 3.960728e-03 -1.160802e-01 2.271318e-03 -3.958183e-03 9.999895e-01 1.201874e+01
9.999930e-01 -1.962888e-03 3.171015e-03 -6.147275e+00 1.972825e-03 9.999931e-01 -3.133623e-03 -1.192277e-01 -3.164857e-03 3.139854e-03 9.999902e-01 1.195996e+01
9.999976e-01 8.182500e-04 -2.019279e-03 -5.916968e+00 -8.101137e-04 9.999916e-01 4.026938e-03 -1.206396e-01 2.022572e-03 -4.025289e-03 9.999898e-01 1.184268e+01
9.999904e-01 -2.121282e-03 3.835343e-03 -5.780816e+00 2.134925e-03 9.999914e-01 -3.556623e-03 -1.223527e-01 -3.827781e-03 3.564774e-03 9.999864e-01 1.189131e+01
9.999969e-01 8.403298e-04 -2.360793e-03 -5.719526e+00 -8.314651e-04 9.999926e-01 3.753530e-03 -1.244370e-01 2.363945e-03 -3.751552e-03 9.999901e-01 1.204736e+01
9.999938e-01 -1.649371e-03 3.125764e-03 -5.743730e+00 1.661474e-03 9.999911e-01 -3.873086e-03 -1.258377e-01 -3.119363e-03 3.878252e-03 9.999877e-01 1.223710e+01
9.999981e-01 1.201911e-03 -1.539004e-03 -5.828276e+00 -1.196415e-03 9.999929e-01 3.567032e-03 -1.259522e-01 1.543296e-03 -3.565180e-03 9.999924e-01 1.243513e+01
9.999923e-01 -1.849879e-03 3.464501e-03 -5.895978e+00 1.863947e-03 9.999900e-01 -4.061539e-03 -1.266730e-01 -3.456969e-03 4.067962e-03 9.999858e-01 1.266754e+01
9.999990e-01 1.072863e-03 -9.587822e-04 -5.989842e+00 -1.069529e-03 9.999934e-01 3.471245e-03 -1.269155e-01 9.625161e-04 -3.470213e-03 9.999934e-01 1.293257e+01
9.999902e-01 -1.058274e-03 4.302753e-03 -6.166115e+00 1.076110e-03 9.999908e-01 -4.145065e-03 -1.255934e-01 -4.298343e-03 4.149652e-03 9.999823e-01 1.320762e+01
9.999981e-01 1.143881e-03 -1.555835e-03 -6.332638e+00 -1.138243e-03 9.999928e-01 3.619948e-03 -1.241590e-01 1.559981e-03 -3.618167e-03 9.999921e-01 1.346107e+01
9.999933e-01 -9.899912e-04 3.524662e-03 -6.479110e+00 1.003985e-03 9.999916e-01 -3.970756e-03 -1.228582e-01 -3.520718e-03 3.974265e-03 9.999860e-01 1.365181e+01
9.999991e-01 1.064357e-03 -8.725629e-04 -6.658762e+00 -1.061107e-03 9.999925e-01 3.716854e-03 -1.212553e-01 8.765296e-04 -3.715922e-03 9.999926e-01 1.389804e+01
9.999932e-01 -1.189134e-03 3.499354e-03 -6.826694e+00 1.201844e-03 9.999927e-01 -3.632081e-03 -1.197969e-01 -3.495027e-03 3.636259e-03 9.999874e-01 1.410410e+01
9.999941e-01 1.246452e-03 -3.203975e-03 -6.886441e+00 -1.233360e-03 9.999909e-01 4.085131e-03 -1.206901e-01 3.209055e-03 -4.081153e-03 9.999864e-01 1.418728e+01
9.999965e-01 -8.011981e-04 2.505878e-03 -6.884079e+00 8.098003e-04 9.999938e-01 -3.433545e-03 -1.233611e-01 -2.503129e-03 3.435559e-03 9.999911e-01 1.418507e+01
9.999928e-01 9.858540e-04 -3.676464e-03 -6.853082e+00 -9.696603e-04 9.999898e-01 4.403935e-03 -1.263114e-01 3.680786e-03 -4.400335e-03 9.999834e-01 1.417271e+01
9.999933e-01 -4.490169e-04 3.619931e-03 -6.919382e+00 4.628284e-04 9.999926e-01 -3.815405e-03 -1.271334e-01 -3.618208e-03 3.817052e-03 9.999863e-01 1.419655e+01
9.999935e-01 7.703171e-04 -3.511738e-03 -6.990192e+00 -7.551683e-04 9.999904e-01 4.313127e-03 -1.281241e-01 3.515044e-03 -4.310444e-03 9.999844e-01 1.426167e+01
9.999928e-01 -4.677587e-04 3.756498e-03 -7.056158e+00 4.822626e-04 9.999924e-01 -3.860967e-03 -1.293588e-01 -3.754681e-03 3.862748e-03 9.999856e-01 1.431985e+01
9.999994e-01 5.522047e-04 9.269904e-04 -7.362012e+00 -5.556131e-04 9.999931e-01 3.680304e-03 -1.242336e-01 -9.249339e-04 -3.680813e-03 9.999927e-01 1.454117e+01
9.999950e-01 -8.243709e-05 3.176675e-03 -7.643444e+00 9.378231e-05 9.999936e-01 -3.571335e-03 -1.207107e-01 -3.176379e-03 3.571612e-03 9.999887e-01 1.471860e+01
9.999954e-01 6.342255e-04 -2.979446e-03 -7.722244e+00 -6.218251e-04 9.999911e-01 4.161138e-03 -1.223498e-01 2.982077e-03 -4.159263e-03 9.999868e-01 1.475650e+01
9.999835e-01 3.637316e-04 5.739025e-03 -7.942525e+00 -3.421582e-04 9.999929e-01 -3.759547e-03 -1.201019e-01 -5.740370e-03 3.757518e-03 9.999766e-01 1.482687e+01
9.999946e-01 3.774440e-04 -3.250838e-03 -8.164691e+00 -3.637313e-04 9.999910e-01 4.217850e-03 -1.173413e-01 3.252419e-03 -4.216641e-03 9.999857e-01 1.489857e+01
9.999894e-01 2.988727e-04 4.599818e-03 -8.314209e+00 -2.819902e-04 9.999932e-01 -3.670384e-03 -1.163055e-01 -4.600903e-03 3.669045e-03 9.999828e-01 1.495200e+01
9.999952e-01 -3.972689e-04 -3.071219e-03 -8.440463e+00 4.074025e-04 9.999945e-01 3.299710e-03 -1.160301e-01 3.069910e-03 -3.300942e-03 9.999897e-01 1.515453e+01
9.999597e-01 1.765632e-04 8.981565e-03 -8.711837e+00 -1.331910e-04 9.999883e-01 -4.829354e-03 -1.129474e-01 -8.982332e-03 4.827960e-03 9.999481e-01 1.556723e+01
9.999779e-01 -1.895902e-03 6.376150e-03 -9.234230e+00 1.891270e-03 9.999979e-01 7.323960e-04 -1.071431e-01 -6.377504e-03 -7.203180e-04 9.999793e-01 1.653477e+01
9.999145e-01 -2.085323e-04 1.307623e-02 -9.860653e+00 2.849203e-04 9.999829e-01 -5.840128e-03 -1.000357e-01 -1.307481e-02 5.843352e-03 9.998975e-01 1.772345e+01
9.999978e-01 -4.217637e-04 -2.059718e-03 -1.028775e+01 4.279722e-04 9.999954e-01 3.014816e-03 -9.559763e-02 2.058461e-03 -3.015689e-03 9.999932e-01 1.844063e+01
9.999733e-01 2.048179e-05 7.309615e-03 -1.052655e+01 1.139167e-05 9.999905e-01 -4.360382e-03 -9.373993e-02 -7.309659e-03 4.360347e-03 9.999639e-01 1.885625e+01
9.999986e-01 -1.454435e-03 -8.493734e-04 -1.072770e+01 1.456360e-03 9.999964e-01 2.270450e-03 -9.261582e-02 8.460933e-04 -2.271682e-03 9.999970e-01 1.939979e+01
9.999596e-01 6.665049e-04 8.963769e-03 -1.103808e+01 -6.265934e-04 9.999899e-01 -4.454585e-03 -8.996767e-02 -8.966673e-03 4.448787e-03 9.999500e-01 1.998705e+01
9.999900e-01 -8.154698e-04 -4.393694e-03 -1.127877e+01 8.316469e-04 9.999929e-01 3.681341e-03 -8.812199e-02 4.390687e-03 -3.684957e-03 9.999835e-01 2.028539e+01
9.999772e-01 5.461748e-04 6.724860e-03 -1.139929e+01 -5.195986e-04 9.999921e-01 -3.953013e-03 -9.028023e-02 -6.726993e-03 3.949428e-03 9.999697e-01 2.049601e+01
9.999951e-01 -1.141163e-03 -2.908433e-03 -1.156182e+01 1.149812e-03 9.999949e-01 2.973938e-03 -9.084376e-02 2.905051e-03 -2.977267e-03 9.999913e-01 2.081273e+01
9.999844e-01 1.366272e-03 5.417973e-03 -1.171135e+01 -1.349263e-03 9.999942e-01 -3.141750e-03 -9.134783e-02 -5.422262e-03 3.134389e-03 9.999805e-01 2.098700e+01
9.999923e-01 -1.818146e-03 -3.485518e-03 -1.182073e+01 1.827212e-03 9.999950e-01 2.599474e-03 -9.257676e-02 3.480801e-03 -2.605821e-03 9.999904e-01 2.123799e+01
9.999700e-01 1.124043e-03 7.662650e-03 -1.200655e+01 -1.094470e-03 9.999919e-01 -3.862384e-03 -9.201894e-02 -7.666958e-03 3.853881e-03 9.999633e-01 2.161559e+01
9.999962e-01 -1.669513e-03 -2.173728e-03 -1.225930e+01 1.675000e-03 9.999954e-01 2.524605e-03 -8.946075e-02 2.169531e-03 -2.528235e-03 9.999944e-01 2.203737e+01
9.999743e-01 1.348642e-03 7.038080e-03 -1.247370e+01 -1.322155e-03 9.999920e-01 -3.766731e-03 -8.787871e-02 -7.043132e-03 3.757328e-03 9.999682e-01 2.241872e+01
9.999893e-01 -1.653681e-03 -4.315381e-03 -1.262994e+01 1.666656e-03 9.999941e-01 3.004877e-03 -8.732601e-02 4.310416e-03 -3.012037e-03 9.999861e-01 2.270005e+01
9.999537e-01 1.380927e-03 9.519934e-03 -1.287439e+01 -1.339879e-03 9.999898e-01 -4.316847e-03 -8.490094e-02 -9.525828e-03 4.303892e-03 9.999455e-01 2.309817e+01
9.999892e-01 -1.620957e-03 -4.348239e-03 -1.310793e+01 1.634167e-03 9.999941e-01 3.036149e-03 -8.276811e-02 4.343322e-03 -3.043222e-03 9.999858e-01 2.348622e+01
9.999617e-01 1.584602e-03 8.602529e-03 -1.332813e+01 -1.549370e-03 9.999904e-01 -4.100600e-03 -8.032226e-02 -8.608975e-03 4.087115e-03 9.999547e-01 2.381809e+01
9.999861e-01 -1.395489e-03 -5.074439e-03 -1.353917e+01 1.413059e-03 9.999930e-01 3.460580e-03 -7.824787e-02 5.069605e-03 -3.467702e-03 9.999810e-01 2.409706e+01
9.999640e-01 1.647899e-03 8.318435e-03 -1.374578e+01 -1.616022e-03 9.999913e-01 -3.837416e-03 -7.630861e-02 -8.324718e-03 3.823835e-03 9.999581e-01 2.432035e+01
9.999842e-01 -1.385201e-03 -5.448647e-03 -1.393921e+01 1.404680e-03 9.999926e-01 3.572853e-03 -7.433033e-02 5.443689e-03 -3.580450e-03 9.999787e-01 2.453431e+01
9.999760e-01 1.866253e-03 6.668544e-03 -1.405482e+01 -1.845462e-03 9.999934e-01 -3.122538e-03 -7.455306e-02 -6.674359e-03 3.110157e-03 9.999730e-01 2.461587e+01
9.999783e-01 -1.371166e-03 -6.449589e-03 -1.411768e+01 1.394693e-03 9.999924e-01 3.644841e-03 -7.587894e-02 6.444574e-03 -3.653756e-03 9.999725e-01 2.464226e+01
9.999660e-01 1.649005e-03 8.080355e-03 -1.424534e+01 -1.620270e-03 9.999923e-01 -3.561344e-03 -7.579606e-02 -8.086197e-03 3.548130e-03 9.999611e-01 2.476963e+01
9.999795e-01 -1.073339e-03 -6.306701e-03 -1.439520e+01 1.097648e-03 9.999920e-01 3.852296e-03 -7.543361e-02 6.302547e-03 -3.859139e-03 9.999726e-01 2.486773e+01
9.999644e-01 1.489279e-03 8.310366e-03 -1.454565e+01 -1.458202e-03 9.999919e-01 -3.744329e-03 -7.492138e-02 -8.315907e-03 3.732077e-03 9.999586e-01 2.498829e+01
9.999852e-01 -9.424809e-04 -5.354920e-03 -1.475440e+01 9.625003e-04 9.999926e-01 3.737158e-03 -7.287081e-02 5.351390e-03 -3.742257e-03 9.999786e-01 2.514566e+01
9.999640e-01 1.252651e-03 8.392566e-03 -1.494875e+01 -1.218947e-03 9.999912e-01 -4.019809e-03 -7.140324e-02 -8.397560e-03 4.009434e-03 9.999568e-01 2.534998e+01
9.999820e-01 -9.549966e-04 -5.915725e-03 -1.511236e+01 9.772659e-04 9.999924e-01 3.762676e-03 -7.091838e-02 5.912120e-03 -3.768390e-03 9.999753e-01 2.554016e+01
9.999710e-01 1.221294e-03 7.511717e-03 -1.522442e+01 -1.193133e-03 9.999922e-01 -3.752272e-03 -7.146722e-02 -7.516275e-03 3.743200e-03 9.999648e-01 2.566135e+01
9.999816e-01 -1.002459e-03 -5.975095e-03 -1.533531e+01 1.024435e-03 9.999927e-01 3.676088e-03 -7.173672e-02 5.971400e-03 -3.682142e-03 9.999753e-01 2.579839e+01
9.999785e-01 1.493192e-03 6.383599e-03 -1.540001e+01 -1.472261e-03 9.999935e-01 -3.282332e-03 -7.314774e-02 -6.388492e-03 3.272863e-03 9.999743e-01 2.584409e+01
9.999827e-01 -1.151207e-03 -5.762318e-03 -1.546718e+01 1.172159e-03 9.999927e-01 3.633999e-03 -7.450321e-02 5.758126e-03 -3.640690e-03 9.999767e-01 2.589184e+01
9.999770e-01 1.705603e-03 6.571048e-03 -1.553667e+01 -1.685325e-03 9.999938e-01 -3.090248e-03 -7.611870e-02 -6.576312e-03 3.079102e-03 9.999737e-01 2.590960e+01
9.999780e-01 -1.262236e-03 -6.512312e-03 -1.555364e+01 1.287353e-03 9.999917e-01 3.854072e-03 -7.888398e-02 6.507427e-03 -3.862371e-03 9.999713e-01 2.589523e+01
9.999777e-01 1.342391e-03 6.549771e-03 -1.556822e+01 -1.319309e-03 9.999929e-01 -3.527093e-03 -8.163393e-02 -6.554493e-03 3.518372e-03 9.999724e-01 2.594491e+01
9.999852e-01 -2.328416e-03 -4.919011e-03 -1.561855e+01 2.343278e-03 9.999927e-01 3.017748e-03 -8.297795e-02 4.911982e-03 -3.029229e-03 9.999833e-01 2.620580e+01
9.999802e-01 1.393843e-03 6.130783e-03 -1.564335e+01 -1.374146e-03 9.999939e-01 -3.215889e-03 -8.550958e-02 -6.135262e-03 3.207401e-03 9.999761e-01 2.641225e+01
9.999842e-01 -1.595467e-03 -5.391180e-03 -1.569213e+01 1.613006e-03 9.999934e-01 3.250394e-03 -8.770530e-02 5.385992e-03 -3.259038e-03 9.999801e-01 2.654809e+01
9.999761e-01 1.138231e-03 6.823706e-03 -1.577555e+01 -1.114048e-03 9.999931e-01 -3.546783e-03 -8.863824e-02 -6.827730e-03 3.539095e-03 9.999705e-01 2.676549e+01
9.999916e-01 -1.314337e-03 -3.873193e-03 -1.595895e+01 1.325486e-03 9.999950e-01 2.877435e-03 -8.673709e-02 3.869426e-03 -2.882544e-03 9.999883e-01 2.701019e+01
9.999739e-01 1.465363e-03 7.073183e-03 -1.615899e+01 -1.439860e-03 9.999924e-01 -3.609376e-03 -8.434100e-02 -7.078453e-03 3.599097e-03 9.999686e-01 2.724952e+01
9.999920e-01 -1.369720e-03 -3.766810e-03 -1.637225e+01 1.380493e-03 9.999950e-01 2.858920e-03 -8.182100e-02 3.762910e-03 -2.864097e-03 9.999887e-01 2.750541e+01
9.999920e-01 1.221074e-03 3.820988e-03 -1.640278e+01 -1.212565e-03 9.999968e-01 -2.228478e-03 -8.313789e-02 -3.823732e-03 2.223827e-03 9.999903e-01 2.754770e+01
9.999882e-01 -1.030532e-03 -4.744118e-03 -1.634982e+01 1.045427e-03 9.999945e-01 3.138378e-03 -8.685059e-02 4.740892e-03 -3.143300e-03 9.999837e-01 2.749085e+01
9.999906e-01 6.611557e-04 4.286995e-03 -1.628919e+01 -6.502556e-04 9.999966e-01 -2.543463e-03 -9.082970e-02 -4.288697e-03 2.540651e-03 9.999877e-01 2.751259e+01
9.999935e-01 -1.255434e-03 -3.385835e-03 -1.632942e+01 1.263987e-03 9.999960e-01 2.525415e-03 -9.286361e-02 3.382685e-03 -2.529678e-03 9.999910e-01 2.767359e+01
9.999981e-01 5.395563e-04 1.884909e-03 -1.620575e+01 -5.362223e-04 9.999983e-01 -1.768804e-03 -9.776324e-02 -1.885895e-03 1.767789e-03 9.999968e-01 2.767449e+01
9.999991e-01 -1.279434e-03 -3.621368e-04 -1.626307e+01 1.279986e-03 9.999980e-01 1.526417e-03 -9.974751e-02 3.602178e-04 -1.526879e-03 9.999987e-01 2.788728e+01
9.999981e-01 8.295844e-04 1.741996e-03 -1.633965e+01 -8.265944e-04 9.999982e-01 -1.716428e-03 -1.011076e-01 -1.743452e-03 1.714984e-03 9.999971e-01 2.805814e+01
9.999995e-01 -9.418100e-04 4.215540e-04 -1.648075e+01 9.411972e-04 9.999985e-01 1.451503e-03 -1.009937e-01 -4.228854e-04 -1.451105e-03 9.999988e-01 2.827094e+01
9.999992e-01 1.030198e-03 7.711279e-04 -1.657172e+01 -1.029151e-03 9.999986e-01 -1.356397e-03 -1.023168e-01 -7.725593e-04 1.355602e-03 9.999989e-01 2.839710e+01
9.999991e-01 -1.250813e-03 -4.130282e-04 -1.657751e+01 1.251513e-03 9.999978e-01 1.697083e-03 -1.051763e-01 4.109396e-04 -1.697598e-03 9.999984e-01 2.843266e+01
9.999991e-01 8.125713e-04 1.077949e-03 -1.658244e+01 -8.108209e-04 9.999984e-01 -1.623265e-03 -1.078702e-01 -1.079301e-03 1.622389e-03 9.999982e-01 2.853373e+01
9.999986e-01 -1.414343e-03 -9.120932e-04 -1.659653e+01 1.416174e-03 9.999970e-01 2.010397e-03 -1.100684e-01 9.092822e-04 -2.011685e-03 9.999975e-01 2.863740e+01
9.999977e-01 1.443210e-03 1.588478e-03 -1.667296e+01 -1.440397e-03 9.999974e-01 -1.770820e-03 -1.109920e-01 -1.591065e-03 1.768527e-03 9.999973e-01 2.873381e+01
9.999968e-01 -1.587647e-03 -1.982208e-03 -1.662957e+01 1.592770e-03 9.999954e-01 2.585502e-03 -1.145624e-01 1.978129e-03 -2.588651e-03 9.999946e-01 2.871253e+01
9.999972e-01 1.932322e-03 1.352837e-03 -1.660148e+01 -1.930195e-03 9.999969e-01 -1.571793e-03 -1.185494e-01 -1.355905e-03 1.569177e-03 9.999979e-01 2.868110e+01
9.999964e-01 -1.972426e-03 -1.808165e-03 -1.661045e+01 1.976023e-03 9.999961e-01 1.989657e-03 -1.218935e-01 1.804269e-03 -1.993222e-03 9.999963e-01 2.875178e+01
9.999958e-01 2.145234e-03 1.966559e-03 -1.664271e+01 -2.141791e-03 9.999962e-01 -1.750993e-03 -1.243443e-01 -1.970343e-03 1.746772e-03 9.999966e-01 2.882722e+01
9.999943e-01 -2.948041e-03 -1.669482e-03 -1.665094e+01 2.950896e-03 9.999942e-01 1.710144e-03 -1.268368e-01 1.664466e-03 -1.715060e-03 9.999970e-01 2.899524e+01
9.999978e-01 9.156068e-04 1.902456e-03 -1.643902e+01 -9.130382e-04 9.999987e-01 -1.350523e-03 -1.332550e-01 -1.903725e-03 1.348782e-03 9.999974e-01 2.910253e+01
9.999960e-01 -2.732220e-03 6.615843e-04 -1.646983e+01 2.731895e-03 9.999961e-01 4.915744e-04 -1.366075e-01 -6.628894e-04 -4.897646e-04 9.999996e-01 2.944633e+01
9.999896e-01 1.146508e-03 4.423209e-03 -1.663429e+01 -1.138296e-03 9.999976e-01 -1.858789e-03 -1.371619e-01 -4.425366e-03 1.853734e-03 9.999886e-01 2.989216e+01
9.999952e-01 -2.919882e-03 -1.065349e-03 -1.657737e+01 2.921413e-03 9.999947e-01 1.438286e-03 -1.413211e-01 1.061179e-03 -1.441391e-03 9.999983e-01 3.013693e+01
9.999936e-01 1.845922e-03 3.054792e-03 -1.633185e+01 -1.842929e-03 9.999978e-01 -9.822773e-04 -1.455537e-01 -3.056635e-03 9.766409e-04 9.999949e-01 2.996886e+01
9.999937e-01 -3.240282e-03 -1.437741e-03 -1.586928e+01 3.242210e-03 9.999938e-01 1.341282e-03 -1.525309e-01 1.433423e-03 -1.345935e-03 9.999980e-01 2.969147e+01
9.999876e-01 -6.871874e-04 4.938237e-03 -1.538706e+01 6.940362e-04 9.999988e-01 -1.385309e-03 -1.590120e-01 -4.937316e-03 1.388718e-03 9.999869e-01 2.965517e+01
9.999956e-01 -2.240002e-03 -1.965728e-03 -1.483414e+01 2.243480e-03 9.999959e-01 1.768833e-03 -1.696620e-01 1.961795e-03 -1.773235e-03 9.999964e-01 2.966956e+01
9.999968e-01 7.721211e-04 2.420459e-03 -1.462922e+01 -7.687196e-04 9.999987e-01 -1.405930e-03 -1.766821e-01 -2.421579e-03 1.404065e-03 9.999962e-01 2.973436e+01
9.999972e-01 -2.071834e-03 -1.153920e-03 -1.447783e+01 2.073109e-03 9.999972e-01 1.104522e-03 -1.840758e-01 1.151666e-03 -1.106911e-03 9.999986e-01 2.991055e+01
9.999984e-01 -2.820545e-04 1.791682e-03 -1.418698e+01 2.846894e-04 9.999989e-01 -1.470526e-03 -1.923742e-01 -1.791303e-03 1.471033e-03 9.999974e-01 3.010435e+01
9.999939e-01 -1.659057e-03 3.074101e-03 -1.429570e+01 1.658665e-03 9.999986e-01 1.299437e-04 -1.929390e-01 -3.074275e-03 -1.248440e-04 9.999952e-01 3.056590e+01
9.999204e-01 2.707591e-04 1.261441e-02 -1.488920e+01 -2.261441e-04 9.999937e-01 -3.538127e-03 -1.834050e-01 -1.261533e-02 3.534993e-03 9.999143e-01 3.150820e+01
9.999934e-01 -2.281760e-03 2.818418e-03 -1.534409e+01 2.281802e-03 9.999974e-01 -1.138609e-05 -1.776605e-01 -2.818344e-03 1.781626e-05 9.999959e-01 3.250745e+01
9.999916e-01 -2.995164e-03 2.814619e-03 -1.497032e+01 2.995733e-03 9.999955e-01 -1.977713e-04 -1.844036e-01 -2.814055e-03 2.062025e-04 9.999961e-01 3.291484e+01
9.999590e-01 -6.761379e-03 6.015858e-03 -1.366063e+01 6.759275e-03 9.999771e-01 3.700608e-04 -1.962169e-01 -6.018181e-03 -3.293840e-04 9.999817e-01 3.283894e+01
9.999909e-01 -2.421026e-03 3.515619e-03 -1.196753e+01 2.420626e-03 9.999971e-01 1.179376e-04 -2.055351e-01 -3.515937e-03 -1.094252e-04 9.999939e-01 3.240117e+01
9.999890e-01 -4.044305e-03 2.392312e-03 -1.100549e+01 4.041977e-03 9.999914e-01 9.775149e-04 -2.077153e-01 -2.396201e-03 -9.678358e-04 9.999966e-01 3.205149e+01
9.999068e-01 -8.733350e-03 1.049376e-02 -9.190344e+00 8.734925e-03 9.999618e-01 -1.042592e-04 -2.103512e-01 -1.049249e-02 1.959134e-04 9.999450e-01 3.145503e+01
9.999541e-01 -6.412643e-03 7.117289e-03 -6.968788e+00 6.409081e-03 9.999793e-01 5.232814e-04 -2.212011e-01 -7.120451e-03 -4.776440e-04 9.999744e-01 3.101573e+01
9.999072e-01 -8.303280e-03 1.080011e-02 -4.831888e+00 8.307915e-03 9.999654e-01 -3.844641e-04 -2.295460e-01 -1.079659e-02 4.741571e-04 9.999417e-01 3.045206e+01
9.999693e-01 -5.525356e-03 5.560713e-03 -2.689881e+00 5.516898e-03 9.999836e-01 1.535339e-03 -2.382162e-01 -5.569056e-03 -1.504617e-03 9.999833e-01 2.985361e+01
9.999397e-01 -7.083791e-03 8.390738e-03 -8.572940e-01 7.090376e-03 9.999746e-01 -7.554089e-04 -2.441780e-01 -8.385224e-03 8.148596e-04 9.999646e-01 2.932251e+01
9.999026e-01 -1.022966e-02 9.494912e-03 1.799140e+00 1.021638e-02 9.999468e-01 1.446149e-03 -2.503765e-01 -9.509149e-03 -1.349008e-03 9.999538e-01 2.841092e+01
9.999206e-01 -7.768698e-03 9.918846e-03 4.603462e+00 7.772869e-03 9.999697e-01 -3.820785e-04 -2.600216e-01 -9.915631e-03 4.591496e-04 9.999508e-01 2.749950e+01
9.999747e-01 -4.130861e-03 5.783477e-03 6.574561e+00 4.124869e-03 9.999909e-01 1.047870e-03 -2.690058e-01 -5.787699e-03 -1.023992e-03 9.999826e-01 2.703913e+01
9.999437e-01 -7.302716e-03 7.702312e-03 8.162809e+00 7.304706e-03 9.999733e-01 -2.304005e-04 -2.748691e-01 -7.700479e-03 2.866547e-04 9.999704e-01 2.668251e+01
9.999846e-01 -2.587133e-03 4.913187e-03 9.713019e+00 2.582995e-03 9.999963e-01 8.485144e-04 -2.826163e-01 -4.915307e-03 -8.358147e-04 9.999875e-01 2.636016e+01
9.999433e-01 -8.013010e-03 7.018552e-03 1.116359e+01 8.016281e-03 9.999678e-01 -4.382585e-04 -2.882891e-01 -7.014872e-03 4.945008e-04 9.999754e-01 2.609242e+01
9.999434e-01 -6.730358e-03 8.238666e-03 1.315973e+01 6.726296e-03 9.999772e-01 5.208492e-04 -2.951406e-01 -8.241925e-03 -4.654089e-04 9.999658e-01 2.569357e+01
9.999166e-01 -9.234186e-03 9.027415e-03 1.552665e+01 9.235014e-03 9.999574e-01 -5.015514e-05 -3.030052e-01 -9.026627e-03 1.335247e-04 9.999593e-01 2.509940e+01
9.999570e-01 -6.236171e-03 6.864477e-03 1.766368e+01 6.234003e-03 9.999805e-01 3.375347e-04 -3.112411e-01 -6.866387e-03 -2.947328e-04 9.999763e-01 2.467357e+01
9.999059e-01 -9.864281e-03 9.535644e-03 1.985977e+01 9.864235e-03 9.999513e-01 5.162794e-05 -3.199853e-01 -9.535752e-03 4.244510e-05 9.999546e-01 2.431324e+01
9.999463e-01 -6.093113e-03 8.382315e-03 2.197961e+01 6.090602e-03 9.999814e-01 3.253187e-04 -3.284835e-01 -8.384077e-03 -2.742546e-04 9.999647e-01 2.407065e+01
9.998737e-01 -1.104781e-02 1.142915e-02 2.419200e+01 1.105434e-02 9.999388e-01 -5.083081e-04 -3.385055e-01 -1.142290e-02 6.345930e-04 9.999346e-01 2.388536e+01
9.999052e-01 -9.386636e-03 1.007374e-02 2.694450e+01 9.388475e-03 9.999559e-01 -1.348922e-04 -3.479335e-01 -1.007196e-02 2.294484e-04 9.999492e-01 2.352632e+01
9.998983e-01 -8.727439e-03 1.128484e-02 2.940615e+01 8.733880e-03 9.999617e-01 -5.219068e-04 -3.600630e-01 -1.127992e-02 6.204229e-04 9.999363e-01 2.340047e+01
9.999373e-01 -7.466581e-03 8.346044e-03 3.162540e+01 7.465103e-03 9.999721e-01 2.086969e-04 -3.743488e-01 -8.347299e-03 -1.463889e-04 9.999651e-01 2.335193e+01
9.999019e-01 -9.596228e-03 1.020297e-02 3.401463e+01 9.600681e-03 9.999538e-01 -3.879884e-04 -3.844349e-01 -1.019884e-02 4.859157e-04 9.999480e-01 2.299151e+01
9.998640e-01 -1.008805e-02 1.304227e-02 3.663314e+01 1.009425e-02 9.999490e-01 -4.097712e-04 -4.010597e-01 -1.303740e-02 5.413567e-04 9.999148e-01 2.297649e+01
9.998781e-01 -9.474885e-03 1.240964e-02 3.921438e+01 9.490387e-03 9.999543e-01 -1.191231e-03 -4.217736e-01 -1.239786e-02 1.308870e-03 9.999224e-01 2.323237e+01
9.998383e-01 -1.183256e-02 1.354287e-02 4.204666e+01 1.183610e-02 9.999299e-01 -1.805794e-04 -4.400753e-01 -1.353971e-02 3.408325e-04 9.999082e-01 2.332066e+01
9.998910e-01 -1.146256e-02 9.307825e-03 4.520749e+01 1.146391e-02 9.999343e-01 -9.294053e-05 -4.548286e-01 -9.306225e-03 1.996478e-04 9.999568e-01 2.299907e+01
9.998934e-01 -9.255505e-03 1.128787e-02 4.825600e+01 9.256275e-03 9.999572e-01 -1.539779e-05 -4.657097e-01 -1.128717e-02 1.198658e-04 9.999362e-01 2.231069e+01
9.998562e-01 -1.378214e-02 9.886306e-03 5.134946e+01 1.378650e-02 9.999049e-01 -3.738925e-04 -4.779064e-01 -9.880292e-03 5.101513e-04 9.999511e-01 2.181821e+01
9.998786e-01 -9.412883e-03 1.241348e-02 5.456060e+01 9.411639e-03 9.999557e-01 1.592103e-04 -4.903964e-01 -1.241434e-02 -4.237552e-05 9.999229e-01 2.131638e+01
9.998532e-01 -1.300072e-02 1.116552e-02 5.756864e+01 1.301122e-02 9.999150e-01 -8.689238e-04 -5.008649e-01 -1.115336e-02 1.014090e-03 9.999374e-01 2.093895e+01
9.998928e-01 -6.124358e-03 1.330056e-02 6.021994e+01 6.127160e-03 9.999812e-01 -1.691968e-04 -5.091422e-01 -1.329919e-02 2.506560e-04 9.999115e-01 2.077572e+01
9.999360e-01 -9.123242e-03 6.691904e-03 6.238198e+01 9.126305e-03 9.999583e-01 -4.287929e-04 -5.143645e-01 -6.687796e-03 4.898558e-04 9.999776e-01 2.054398e+01
9.998824e-01 -8.915844e-03 1.247913e-02 6.480693e+01 8.915838e-03 9.999603e-01 5.695350e-05 -5.168283e-01 -1.247906e-02 5.429646e-05 9.999221e-01 1.999553e+01
9.998937e-01 -1.136113e-02 9.137644e-03 6.757318e+01 1.136778e-02 9.999352e-01 -6.778566e-04 -5.193130e-01 -9.129435e-03 7.816789e-04 9.999581e-01 1.942621e+01
9.998245e-01 -1.044522e-02 1.554789e-02 7.054969e+01 1.045182e-02 9.999453e-01 -3.424268e-04 -5.253615e-01 -1.554338e-02 5.048501e-04 9.998790e-01 1.900496e+01
