9.999926e-01 -2.711721e-04 3.845272e-03 -1.965967e-01 2.736239e-04 9.999998e-01 -6.371056e-04 8.427242e-04 -3.845099e-03 6.381526e-04 9.999925e-01 2.369902e-01
9.999988e-01 -4.399682e-04 1.468648e-03 -4.534787e-01 4.410451e-04 9.999996e-01 -7.329794e-04 4.447391e-03 -1.468324e-03 7.336266e-04 9.999986e-01 6.364171e-01
9.999808e-01 -2.488695e-03 5.666761e-03 -5.930876e-01 2.496982e-03 9.999958e-01 -1.455782e-03 4.798432e-03 -5.663116e-03 1.469904e-03 9.999830e-01 1.226273e+00
9.999991e-01 -9.422525e-04 9.745937e-04 -5.851634e-01 9.428657e-04 9.999994e-01 -6.289211e-04 2.370063e-03 -9.739981e-04 6.298392e-04 9.999992e-01 1.861982e+00
9.999984e-01 6.952978e-04 1.621766e-03 -7.413052e-01 -6.955411e-04 9.999997e-01 1.494676e-04 3.040453e-03 -1.621664e-03 -1.505951e-04 9.999988e-01 2.100932e+00
9.999995e-01 2.971153e-04 9.515651e-04 -9.146837e-01 -2.974346e-04 9.999999e-01 3.354417e-04 3.525344e-03 -9.514625e-04 -3.357247e-04 9.999994e-01 2.126816e+00
9.999980e-01 3.837405e-04 1.979051e-03 -1.126805e+00 -3.833915e-04 9.999999e-01 -1.767688e-04 5.327533e-03 -1.979122e-03 1.760098e-04 9.999981e-01 2.229370e+00
9.999994e-01 -2.909938e-04 1.098287e-03 -1.316389e+00 2.913298e-04 9.999999e-01 -3.057709e-04 7.173016e-03 -1.098194e-03 3.060905e-04 9.999993e-01 2.452504e+00
9.999994e-01 2.253921e-04 1.097560e-03 -1.459389e+00 -2.252675e-04 1.000000e+00 -1.136994e-04 7.268365e-03 -1.097590e-03 1.134523e-04 9.999995e-01 2.658041e+00
9.999994e-01 -5.525395e-04 -9.333748e-04 -1.499058e+00 5.528153e-04 9.999998e-01 2.952004e-04 4.654922e-03 9.332152e-04 -2.957164e-04 9.999994e-01 2.789088e+00
9.999944e-01 2.365239e-04 3.341657e-03 -1.633621e+00 -2.336668e-04 9.999996e-01 -8.553612e-04 4.780653e-03 -3.341862e-03 8.545758e-04 9.999942e-01 3.027841e+00
9.999998e-01 -2.378004e-04 -5.682284e-04 -1.807830e+00 2.380238e-04 9.999999e-01 3.930471e-04 5.914135e-03 5.681391e-04 -3.931826e-04 9.999997e-01 3.251286e+00
9.999963e-01 4.973890e-04 2.665988e-03 -1.985555e+00 -4.961747e-04 9.999998e-01 -4.561424e-04 7.917808e-03 -2.666219e-03 4.548183e-04 9.999964e-01 3.427564e+00
9.999995e-01 -5.249054e-04 -8.031742e-04 -2.129848e+00 5.252229e-04 9.999998e-01 3.951689e-04 9.257901e-03 8.029712e-04 -3.955909e-04 9.999995e-01 3.573569e+00
9.999979e-01 6.147510e-04 1.955897e-03 -2.238733e+00 -6.143917e-04 9.999998e-01 -1.843084e-04 9.229729e-03 -1.956014e-03 1.831066e-04 9.999982e-01 3.678822e+00
9.999998e-01 -6.584864e-04 -8.852452e-05 -2.360661e+00 6.584948e-04 9.999998e-01 9.492945e-05 9.169622e-03 8.846690e-05 -9.498803e-05 9.999999e-01 3.828430e+00
9.999993e-01 5.708404e-04 1.066588e-03 -2.441772e+00 -5.706266e-04 9.999998e-01 -2.007908e-04 8.272165e-03 -1.066707e-03 2.001824e-04 9.999995e-01 3.971387e+00
9.999999e-01 -4.530929e-04 -5.893875e-06 -2.549476e+00 4.530948e-04 9.999998e-01 3.253227e-04 8.432797e-03 5.751584e-06 -3.253256e-04 9.999998e-01 4.088645e+00
9.999995e-01 -5.262061e-05 1.045067e-03 -2.623174e+00 5.289647e-05 1.000000e+00 -2.639626e-04 8.169332e-03 -1.045058e-03 2.640181e-04 9.999995e-01 4.214825e+00
9.999998e-01 -5.710399e-04 -6.005285e-05 -2.669904e+00 5.710687e-04 9.999997e-01 4.804326e-04 6.497028e-03 5.978380e-05 -4.804671e-04 9.999998e-01 4.340410e+00
9.999842e-01 -2.754835e-04 5.620651e-03 -2.894699e+00 2.864927e-04 9.999980e-01 -1.957999e-03 9.109981e-03 -5.620107e-03 1.959578e-03 9.999824e-01 4.746360e+00
9.999994e-01 -2.512160e-04 -1.024881e-03 -3.079528e+00 2.520892e-04 9.999996e-01 8.518699e-04 9.791575e-03 1.024673e-03 -8.521283e-04 9.999990e-01 5.125768e+00
9.999997e-01 7.185860e-05 -7.794653e-04 -2.892542e+00 -7.145423e-05 9.999999e-01 5.188450e-04 2.938597e-03 7.794963e-04 -5.187887e-04 9.999997e-01 5.075716e+00
9.999995e-01 -4.029494e-04 -9.267070e-04 -2.844419e+00 4.032817e-04 9.999999e-01 3.583345e-04 -8.565354e-04 9.265685e-04 -3.587084e-04 9.999994e-01 5.124224e+00
9.999996e-01 -8.388317e-05 8.752161e-04 -2.875069e+00 8.397796e-05 1.000000e+00 -1.082903e-04 -3.266047e-03 -8.752130e-04 1.083641e-04 9.999997e-01 5.256785e+00
9.999964e-01 -3.576301e-04 2.670638e-03 -3.057295e+00 3.600987e-04 9.999995e-01 -9.239279e-04 -1.456515e-03 -2.670300e-03 9.248858e-04 9.999959e-01 5.574159e+00
9.999920e-01 -6.028348e-05 3.988195e-03 -3.334529e+00 6.366838e-05 9.999996e-01 -8.486176e-04 1.285993e-03 -3.988149e-03 8.488653e-04 9.999918e-01 6.045588e+00
9.999981e-01 -8.999610e-04 1.702826e-03 -3.543264e+00 9.013200e-04 9.999993e-01 -7.974739e-04 2.293396e-03 -1.702099e-03 7.990064e-04 9.999981e-01 6.512318e+00
9.994213e-01 -6.185648e-03 3.344770e-02 -4.165887e+00 6.482476e-03 9.999405e-01 -8.773239e-03 9.059169e-03 -3.339146e-02 8.984988e-03 9.994021e-01 8.645310e+00
9.998158e-01 3.063441e-03 -1.894675e-02 -4.437703e+00 -2.960102e-03 9.999806e-01 5.479821e-03 1.000421e-02 1.896318e-02 -5.422729e-03 9.998054e-01 9.591619e+00
9.994844e-01 -5.280990e-03 3.167216e-02 -4.794394e+00 5.567308e-03 9.999444e-01 -8.958686e-03 1.408546e-02 -3.162310e-02 9.130398e-03 9.994583e-01 1.045955e+01
9.998662e-01 3.601644e-03 -1.595813e-02 -5.290151e+00 -3.526287e-03 9.999825e-01 4.747810e-03 1.918153e-02 1.597496e-02 -4.690904e-03 9.998613e-01 1.146164e+01
9.996569e-01 -3.855304e-03 2.590904e-02 -5.704719e+00 4.045189e-03 9.999653e-01 -7.280524e-03 2.390108e-02 -2.588009e-02 7.382836e-03 9.996379e-01 1.211359e+01
9.999252e-01 2.138206e-03 -1.204387e-02 -6.136821e+00 -2.095990e-03 9.999916e-01 3.516699e-03 2.821734e-02 1.205130e-02 -3.491196e-03 9.999212e-01 1.302646e+01
9.993045e-01 -6.231767e-03 3.676566e-02 -6.738715e+00 6.614038e-03 9.999252e-01 -1.028506e-02 3.479988e-02 -3.669883e-02 1.052108e-02 9.992711e-01 1.457379e+01
9.999277e-01 1.906569e-03 -1.187230e-02 -7.260335e+00 -1.862703e-03 9.999914e-01 3.704766e-03 3.984046e-02 1.187928e-02 -3.682389e-03 9.999226e-01 1.610794e+01
9.993731e-01 -6.189494e-03 3.485920e-02 -7.737439e+00 6.538484e-03 9.999296e-01 -9.906360e-03 4.433325e-02 -3.479545e-02 1.012808e-02 9.993432e-01 1.755548e+01
9.997717e-01 3.426586e-03 -2.109163e-02 -8.006372e+00 -3.290240e-03 9.999735e-01 6.495743e-03 4.532644e-02 2.111335e-02 -6.424869e-03 9.997563e-01 1.847924e+01
9.995653e-01 -4.583541e-03 2.912503e-02 -8.271624e+00 4.834317e-03 9.999518e-01 -8.545791e-03 4.726287e-02 -2.908449e-02 8.682882e-03 9.995393e-01 1.906970e+01
9.997451e-01 3.019312e-03 -2.237390e-02 -8.479398e+00 -2.863927e-03 9.999716e-01 6.973654e-03 4.818815e-02 2.239435e-02 -6.907806e-03 9.997253e-01 1.960366e+01
9.997140e-01 -3.980410e-03 2.358017e-02 -8.540213e+00 4.151600e-03 9.999654e-01 -7.215425e-03 4.644288e-02 -2.355066e-02 7.311264e-03 9.996960e-01 1.985010e+01
9.997100e-01 3.613036e-03 -2.380892e-02 -8.530627e+00 -3.425827e-03 9.999629e-01 7.899050e-03 4.330207e-02 2.383660e-02 -7.815200e-03 9.996852e-01 1.991083e+01
9.997298e-01 -4.033815e-03 2.289383e-02 -8.374895e+00 4.183557e-03 9.999701e-01 -6.496613e-03 3.711109e-02 -2.286697e-02 6.590642e-03 9.997169e-01 1.983393e+01
9.997142e-01 4.045739e-03 -2.356300e-02 -8.267484e+00 -3.853255e-03 9.999589e-01 8.208569e-03 3.194289e-02 2.359526e-02 -8.115435e-03 9.996886e-01 1.974770e+01
9.995701e-01 -9.066747e-03 2.788132e-02 -8.082607e+00 9.324677e-03 9.999148e-01 -9.134974e-03 2.978635e-02 -2.779614e-02 9.391038e-03 9.995696e-01 2.015761e+01
9.997228e-01 4.775946e-03 -2.305335e-02 -7.894787e+00 -4.569709e-03 9.999491e-01 8.990430e-03 2.501180e-02 2.309514e-02 -8.882598e-03 9.996937e-01 2.054003e+01
9.994620e-01 -9.419187e-03 3.141598e-02 -7.901683e+00 9.773911e-03 9.998900e-01 -1.115684e-02 2.513949e-02 -3.130746e-02 1.145790e-02 9.994442e-01 2.116991e+01
9.998137e-01 4.107217e-03 -1.886160e-02 -7.858191e+00 -3.949418e-03 9.999570e-01 8.395727e-03 2.259809e-02 1.889530e-02 -8.319677e-03 9.997868e-01 2.199026e+01
9.995500e-01 -6.985755e-03 2.917284e-02 -8.011214e+00 7.303645e-03 9.999150e-01 -1.080453e-02 2.244747e-02 -2.909491e-02 1.101274e-02 9.995161e-01 2.269177e+01
9.996614e-01 4.851586e-03 -2.556498e-02 -8.024953e+00 -4.582174e-03 9.999335e-01 1.058631e-02 2.033098e-02 2.561467e-02 -1.046559e-02 9.996170e-01 2.301803e+01
9.994790e-01 -5.928402e-03 3.172755e-02 -7.394232e+00 6.293448e-03 9.999150e-01 -1.141818e-02 1.299914e-02 -3.165720e-02 1.161191e-02 9.994314e-01 2.209990e+01
9.996627e-01 7.381831e-03 -2.490121e-02 -6.490394e+00 -7.172252e-03 9.999382e-01 8.495181e-03 9.866105e-03 2.496241e-02 -8.313725e-03 9.996537e-01 2.020653e+01
9.995294e-01 -4.038400e-03 3.040917e-02 -6.128775e+00 4.372628e-03 9.999307e-01 -1.093260e-02 3.472598e-03 -3.036295e-02 1.106043e-02 9.994778e-01 1.888351e+01
9.996141e-01 6.714646e-03 -2.695473e-02 -6.073662e+00 -6.467349e-03 9.999363e-01 9.251183e-03 -8.978482e-04 2.701517e-02 -9.073296e-03 9.995937e-01 1.809936e+01
9.995023e-01 -4.315188e-03 3.125106e-02 -6.213159e+00 4.601172e-03 9.999481e-01 -9.085105e-03 -1.066728e-03 -3.121027e-02 9.224383e-03 9.994704e-01 1.747829e+01
9.998053e-01 4.861435e-03 -1.912319e-02 -6.950399e+00 -4.658885e-03 9.999327e-01 1.062213e-02 1.217999e-02 1.917358e-02 -1.053098e-02 9.997606e-01 1.766787e+01
9.993272e-01 -4.570217e-03 3.639180e-02 -7.929553e+00 4.966854e-03 9.999292e-01 -1.081616e-02 3.129817e-02 -3.633983e-02 1.098964e-02 9.992792e-01 1.818769e+01
9.998397e-01 5.167713e-03 -1.714515e-02 -8.988624e+00 -5.004471e-03 9.999419e-01 9.550345e-03 5.170243e-02 1.719355e-02 -9.463019e-03 9.998073e-01 1.879915e+01
9.993782e-01 -5.056252e-03 3.489398e-02 -9.986099e+00 5.390057e-03 9.999405e-01 -9.478899e-03 7.081178e-02 -3.484402e-02 9.661094e-03 9.993462e-01 1.926043e+01
9.997521e-01 6.279046e-03 -2.136159e-02 -1.075815e+01 -6.048396e-03 9.999229e-01 1.084483e-02 8.451186e-02 2.142808e-02 -1.071294e-02 9.997129e-01 1.938489e+01
9.994480e-01 -4.517366e-03 3.291261e-02 -1.144810e+01 4.842116e-03 9.999403e-01 -9.794047e-03 9.578042e-02 -3.286644e-02 9.948015e-03 9.994103e-01 1.916948e+01
9.996378e-01 7.339335e-03 -2.589211e-02 -1.170975e+01 -7.083131e-03 9.999252e-01 9.972871e-03 9.828768e-02 2.596341e-02 -9.785869e-03 9.996149e-01 1.838629e+01
9.993119e-01 -3.367781e-03 3.693731e-02 -1.157568e+01 3.835353e-03 9.999133e-01 -1.259503e-02 9.638816e-02 -3.689174e-02 1.272804e-02 9.992383e-01 1.697266e+01
9.995002e-01 7.697753e-03 -3.066228e-02 -1.141211e+01 -7.377711e-03 9.999173e-01 1.053704e-02 9.166210e-02 3.074090e-02 -1.030557e-02 9.994742e-01 1.571497e+01
9.994380e-01 -6.342198e-03 3.291572e-02 -1.146402e+01 6.683979e-03 9.999248e-01 -1.028394e-02 9.090602e-02 -3.284806e-02 1.049817e-02 9.994053e-01 1.535615e+01
9.995133e-01 7.572319e-03 -3.026250e-02 -1.156831e+01 -7.226205e-03 9.999074e-01 1.153003e-02 9.109895e-02 3.034705e-02 -1.130575e-02 9.994754e-01 1.506221e+01
9.995236e-01 -7.876561e-03 2.984297e-02 -1.146069e+01 8.193054e-03 9.999113e-01 -1.049792e-02 8.730366e-02 -2.975768e-02 1.073743e-02 9.994996e-01 1.505429e+01
9.995496e-01 7.428035e-03 -2.907550e-02 -1.149871e+01 -7.119210e-03 9.999173e-01 1.071056e-02 8.638279e-02 2.915270e-02 -1.049875e-02 9.995197e-01 1.522231e+01
9.995384e-01 -7.393670e-03 2.946823e-02 -1.155251e+01 7.701707e-03 9.999167e-01 -1.035348e-02 8.563360e-02 -2.938927e-02 1.057566e-02 9.995122e-01 1.535229e+01
9.995530e-01 7.697680e-03 -2.888922e-02 -1.160531e+01 -7.377542e-03 9.999104e-01 1.117177e-02 8.482860e-02 2.897267e-02 -1.095365e-02 9.995201e-01 1.538580e+01
9.995199e-01 -6.844620e-03 3.021668e-02 -1.165674e+01 7.143071e-03 9.999267e-01 -9.780213e-03 8.406493e-02 -3.014757e-02 9.991366e-03 9.994956e-01 1.530376e+01
9.995612e-01 7.737481e-03 -2.859186e-02 -1.177548e+01 -7.433643e-03 9.999149e-01 1.071770e-02 8.483753e-02 2.867240e-02 -1.050046e-02 9.995336e-01 1.528979e+01
9.995297e-01 -7.245963e-03 2.979812e-02 -1.187263e+01 7.547653e-03 9.999213e-01 -1.002453e-02 8.494471e-02 -2.972318e-02 1.024473e-02 9.995058e-01 1.533880e+01
9.995418e-01 7.362905e-03 -2.935822e-02 -1.194372e+01 -7.051662e-03 9.999180e-01 1.069096e-02 8.439536e-02 2.943457e-02 -1.047904e-02 9.995117e-01 1.542311e+01
9.994620e-01 -6.812041e-03 3.208167e-02 -1.213898e+01 7.157036e-03 9.999177e-01 -1.065119e-02 8.712352e-02 -3.200652e-02 1.087507e-02 9.994286e-01 1.556370e+01
9.995734e-01 7.334021e-03 -2.826907e-02 -1.243135e+01 -7.024976e-03 9.999146e-01 1.101604e-02 9.224707e-02 2.834750e-02 -1.081276e-02 9.995396e-01 1.571678e+01
9.994303e-01 -6.590982e-03 3.309923e-02 -1.276916e+01 6.914767e-03 9.999293e-01 -9.677367e-03 9.731283e-02 -3.303315e-02 9.900736e-03 9.994053e-01 1.578446e+01
9.995525e-01 7.687818e-03 -2.890865e-02 -1.302472e+01 -7.367022e-03 9.999103e-01 1.118700e-02 1.004035e-01 2.899210e-02 -1.096903e-02 9.995194e-01 1.578991e+01
9.994401e-01 -7.003443e-03 3.271879e-02 -1.314917e+01 7.291725e-03 9.999356e-01 -8.699930e-03 9.975868e-02 -3.265580e-02 8.933642e-03 9.994268e-01 1.568468e+01
9.995480e-01 7.921607e-03 -2.899936e-02 -1.327267e+01 -7.604529e-03 9.999103e-01 1.102789e-02 9.936686e-02 2.908416e-02 -1.080238e-02 9.995185e-01 1.557399e+01
9.993666e-01 -6.376834e-03 3.501053e-02 -1.353667e+01 6.699016e-03 9.999362e-01 -9.092904e-03 1.015949e-01 -3.495036e-02 9.321688e-03 9.993457e-01 1.542578e+01
9.995068e-01 8.483164e-03 -3.023627e-02 -1.373473e+01 -8.154994e-03 9.999067e-01 1.096029e-02 1.028501e-01 3.032647e-02 -1.070831e-02 9.994826e-01 1.522961e+01
9.994022e-01 -7.760139e-03 3.369054e-02 -1.390789e+01 8.063914e-03 9.999280e-01 -8.890160e-03 1.043065e-01 -3.361917e-02 9.156530e-03 9.993929e-01 1.518149e+01
9.995088e-01 7.942598e-03 -3.031528e-02 -1.409935e+01 -7.626588e-03 9.999155e-01 1.052548e-02 1.061098e-01 3.039637e-02 -1.028912e-02 9.994849e-01 1.521374e+01
9.992972e-01 -7.242598e-03 3.677737e-02 -1.441405e+01 7.567751e-03 9.999334e-01 -8.709658e-03 1.090291e-01 -3.671189e-02 8.981865e-03 9.992856e-01 1.519790e+01
9.994779e-01 8.941767e-03 -3.104702e-02 -1.471192e+01 -8.622719e-03 9.999088e-01 1.039496e-02 1.123975e-01 3.113719e-02 -1.012183e-02 9.994638e-01 1.511180e+01
9.993173e-01 -7.689778e-03 3.613656e-02 -1.500221e+01 8.015290e-03 9.999285e-01 -8.871653e-03 1.156645e-01 -3.606581e-02 9.155247e-03 9.993076e-01 1.507945e+01
9.994126e-01 8.403245e-03 -3.322297e-02 -1.522276e+01 -8.075687e-03 9.999176e-01 9.981242e-03 1.179893e-01 3.330416e-02 -9.707087e-03 9.993980e-01 1.514195e+01
9.992827e-01 -8.254904e-03 3.695992e-02 -1.550621e+01 8.602026e-03 9.999203e-01 -9.242736e-03 1.224332e-01 -3.688073e-02 9.554042e-03 9.992741e-01 1.530699e+01
9.994373e-01 8.980494e-03 -3.231882e-02 -1.582138e+01 -8.655576e-03 9.999107e-01 1.017936e-02 1.265226e-01 3.240740e-02 -9.893896e-03 9.994257e-01 1.541945e+01
9.992589e-01 -8.263189e-03 3.759509e-02 -1.615362e+01 8.602870e-03 9.999235e-01 -8.882503e-03 1.311321e-01 -3.751887e-02 9.199352e-03 9.992537e-01 1.548641e+01
9.992875e-01 8.461140e-03 -3.678076e-02 -1.624803e+01 -8.123125e-03 9.999235e-01 9.329677e-03 1.306015e-01 3.685693e-02 -9.024261e-03 9.992797e-01 1.562252e+01
9.992415e-01 -8.114107e-03 3.808737e-02 -1.634982e+01 8.454091e-03 9.999258e-01 -8.773911e-03 1.304094e-01 -3.801340e-02 9.089256e-03 9.992360e-01 1.571567e+01
9.992397e-01 8.867413e-03 -3.796624e-02 -1.636973e+01 -8.496091e-03 9.999146e-01 9.930491e-03 1.284149e-01 3.805111e-02 -9.600381e-03 9.992296e-01 1.571064e+01
9.992868e-01 -8.348056e-03 3.682777e-02 -1.632250e+01 8.668236e-03 9.999259e-01 -8.542904e-03 1.247459e-01 -3.675378e-02 8.856048e-03 9.992852e-01 1.569278e+01
9.992414e-01 8.679140e-03 -3.796376e-02 -1.628170e+01 -8.315955e-03 9.999182e-01 9.714067e-03 1.214207e-01 3.804502e-02 -9.390998e-03 9.992318e-01 1.570536e+01
9.992761e-01 -8.096931e-03 3.717226e-02 -1.624696e+01 8.410318e-03 9.999303e-01 -8.282083e-03 1.180682e-01 -3.710266e-02 8.588723e-03 9.992746e-01 1.568040e+01
9.992469e-01 8.961067e-03 -3.775301e-02 -1.622218e+01 -8.599284e-03 9.999156e-01 9.734355e-03 1.149355e-01 3.783711e-02 -9.402380e-03 9.992396e-01 1.563440e+01
9.992626e-01 -8.147094e-03 3.752199e-02 -1.622435e+01 8.468490e-03 9.999287e-01 -8.414622e-03 1.127233e-01 -3.745082e-02 8.726177e-03 9.992605e-01 1.560752e+01
9.992396e-01 9.103148e-03 -3.791166e-02 -1.620332e+01 -8.734218e-03 9.999130e-01 9.885554e-03 1.096753e-01 3.799841e-02 -9.546913e-03 9.992321e-01 1.555225e+01
9.992972e-01 -8.188434e-03 3.658096e-02 -1.608351e+01 8.502476e-03 9.999283e-01 -8.437570e-03 1.040412e-01 -3.650930e-02 8.742673e-03 9.992952e-01 1.547825e+01
9.992377e-01 9.026851e-03 -3.798062e-02 -1.598742e+01 -8.654299e-03 9.999129e-01 9.961975e-03 9.888982e-02 3.806729e-02 -9.625689e-03 9.992287e-01 1.542385e+01
9.992819e-01 -7.691215e-03 3.710295e-02 -1.589274e+01 8.014456e-03 9.999311e-01 -8.571186e-03 9.316235e-02 -3.703453e-02 8.862395e-03 9.992748e-01 1.531775e+01
9.992340e-01 8.835342e-03 -3.812191e-02 -1.584113e+01 -8.448690e-03 9.999113e-01 1.029168e-02 8.878729e-02 3.820951e-02 -9.961724e-03 9.992200e-01 1.523872e+01
9.992105e-01 -7.687718e-03 3.897749e-02 -1.589393e+01 8.035143e-03 9.999293e-01 -8.764687e-03 8.678854e-02 -3.890741e-02 9.070961e-03 9.992017e-01 1.518817e+01
9.992432e-01 8.813420e-03 -3.788566e-02 -1.596288e+01 -8.431269e-03 9.999121e-01 1.023488e-02 8.533403e-02 3.797259e-02 -9.907712e-03 9.992296e-01 1.514685e+01
9.992167e-01 -7.851279e-03 3.878696e-02 -1.604379e+01 8.209493e-03 9.999250e-01 -9.084806e-03 8.434816e-02 -3.871278e-02 9.396115e-03 9.992063e-01 1.514443e+01
9.992327e-01 8.892092e-03 -3.814360e-02 -1.610037e+01 -8.501243e-03 9.999098e-01 1.039674e-02 8.295018e-02 3.823266e-02 -1.006450e-02 9.992181e-01 1.512167e+01
9.992353e-01 -7.767652e-03 3.832187e-02 -1.612211e+01 8.112373e-03 9.999279e-01 -8.848135e-03 8.044251e-02 -3.825043e-02 9.152253e-03 9.992264e-01 1.507182e+01
9.992214e-01 8.674670e-03 -3.848850e-02 -1.616888e+01 -8.299245e-03 9.999165e-01 9.903248e-03 7.870517e-02 3.857125e-02 -9.576115e-03 9.992099e-01 1.508217e+01
9.992591e-01 -8.147726e-03 3.761361e-02 -1.618112e+01 8.485422e-03 9.999250e-01 -8.827145e-03 7.620908e-02 -3.753892e-02 9.139776e-03 9.992535e-01 1.510669e+01
9.992150e-01 8.630375e-03 -3.866430e-02 -1.617315e+01 -8.249771e-03 9.999160e-01 9.992537e-03 7.333167e-02 3.874734e-02 -9.665724e-03 9.992022e-01 1.512345e+01
9.992321e-01 -7.787769e-03 3.839946e-02 -1.620179e+01 8.137147e-03 9.999268e-01 -8.950662e-03 7.161299e-02 -3.832700e-02 9.256255e-03 9.992225e-01 1.512795e+01
9.992388e-01 8.408850e-03 -3.809379e-02 -1.628250e+01 -8.046477e-03 9.999210e-01 9.655986e-03 7.138092e-02 3.817203e-02 -9.342118e-03 9.992274e-01 1.518229e+01
9.992250e-01 -7.835906e-03 3.857361e-02 -1.637044e+01 8.189952e-03 9.999257e-01 -9.029043e-03 7.108215e-02 -3.850004e-02 9.337966e-03 9.992151e-01 1.525909e+01
9.992459e-01 8.536781e-03 -3.787685e-02 -1.646788e+01 -8.175247e-03 9.999196e-01 9.689583e-03 7.082861e-02 3.795657e-02 -9.372627e-03 9.992353e-01 1.532483e+01
9.992343e-01 -7.899153e-03 3.832136e-02 -1.655235e+01 8.246331e-03 9.999263e-01 -8.910071e-03 7.039477e-02 -3.824820e-02 9.219262e-03 9.992258e-01 1.538296e+01
9.992819e-01 8.441032e-03 -3.693759e-02 -1.668830e+01 -8.105214e-03 9.999245e-01 9.231786e-03 7.141969e-02 3.701278e-02 -8.925772e-03 9.992748e-01 1.551455e+01
9.992665e-01 -7.766100e-03 3.749851e-02 -1.678331e+01 8.089351e-03 9.999314e-01 -8.476349e-03 7.120707e-02 -3.743016e-02 8.773473e-03 9.992608e-01 1.557148e+01
9.992937e-01 8.584956e-03 -3.658527e-02 -1.690543e+01 -8.251742e-03 9.999232e-01 9.249147e-03 7.162904e-02 3.666191e-02 -8.940725e-03 9.992876e-01 1.562576e+01
9.992755e-01 -7.733827e-03 3.726385e-02 -1.701183e+01 8.052381e-03 9.999322e-01 -8.406139e-03 7.163271e-02 -3.719636e-02 8.700115e-03 9.992702e-01 1.567310e+01
9.992813e-01 8.743198e-03 -3.688433e-02 -1.705597e+01 -8.383191e-03 9.999158e-01 9.903786e-03 6.969520e-02 3.696787e-02 -9.587462e-03 9.992704e-01 1.563652e+01
9.992848e-01 -7.577762e-03 3.704724e-02 -1.708104e+01 7.894291e-03 9.999335e-01 -8.405137e-03 6.721168e-02 -3.698113e-02 8.691590e-03 9.992783e-01 1.557630e+01
9.992687e-01 8.280307e-03 -3.733024e-02 -1.712084e+01 -7.936219e-03 9.999247e-01 9.356175e-03 6.533915e-02 3.740496e-02 -9.053074e-03 9.992591e-01 1.559429e+01
9.992968e-01 -8.111199e-03 3.660867e-02 -1.714661e+01 8.438771e-03 9.999257e-01 -8.802307e-03 6.254981e-02 -3.653460e-02 9.105052e-03 9.992910e-01 1.571905e+01
9.992680e-01 8.607258e-03 -3.727455e-02 -1.717128e+01 -8.255171e-03 9.999199e-01 9.589385e-03 5.925702e-02 3.735416e-02 -9.274660e-03 9.992590e-01 1.580235e+01
9.992788e-01 -7.940651e-03 3.713223e-02 -1.721830e+01 8.265139e-03 9.999289e-01 -8.593403e-03 5.693631e-02 -3.706140e-02 8.894112e-03 9.992735e-01 1.583289e+01
9.992753e-01 8.541466e-03 -3.709438e-02 -1.726545e+01 -8.197558e-03 9.999221e-01 9.413354e-03 5.456870e-02 3.717195e-02 -9.102450e-03 9.992673e-01 1.587985e+01
9.993330e-01 -7.819558e-03 3.567095e-02 -1.722441e+01 8.120938e-03 9.999325e-01 -8.311846e-03 4.946488e-02 -3.560360e-02 8.595986e-03 9.993291e-01 1.588866e+01
9.992566e-01 8.979732e-03 -3.749002e-02 -1.715516e+01 -8.622918e-03 9.999161e-01 9.668422e-03 4.331066e-02 3.757374e-02 -9.337963e-03 9.992501e-01 1.584963e+01
9.993494e-01 -8.754467e-03 3.498925e-02 -1.685385e+01 9.060620e-03 9.999220e-01 -8.600963e-03 3.285997e-02 -3.491127e-02 8.912393e-03 9.993508e-01 1.577687e+01
9.992683e-01 9.280543e-03 -3.710409e-02 -1.667429e+01 -8.925659e-03 9.999129e-01 9.718764e-03 2.447059e-02 3.719111e-02 -9.380476e-03 9.992641e-01 1.574475e+01
9.993272e-01 -8.364646e-03 3.570866e-02 -1.661074e+01 8.674370e-03 9.999260e-01 -8.527548e-03 1.855943e-02 -3.563474e-02 8.831563e-03 9.993260e-01 1.573127e+01
9.992743e-01 9.067717e-03 -3.699461e-02 -1.657260e+01 -8.712016e-03 9.999144e-01 9.764840e-03 1.367007e-02 3.708004e-02 -9.435458e-03 9.992677e-01 1.574156e+01
9.992916e-01 -8.596372e-03 3.663955e-02 -1.658873e+01 8.925164e-03 9.999213e-01 -8.819597e-03 1.046310e-02 -3.656090e-02 9.140365e-03 9.992897e-01 1.579063e+01
9.992654e-01 9.265156e-03 -3.718481e-02 -1.659277e+01 -8.908959e-03 9.999129e-01 9.733358e-03 6.362407e-03 3.727180e-02 -9.394932e-03 9.992609e-01 1.584370e+01
9.992976e-01 -8.229461e-03 3.655993e-02 -1.656832e+01 8.542889e-03 9.999280e-01 -8.425073e-03 1.355174e-03 -3.648801e-02 8.731485e-03 9.992960e-01 1.577242e+01
9.992256e-01 8.660098e-03 -3.838162e-02 -1.632714e+01 -8.314917e-03 9.999236e-01 9.143913e-03 -8.070948e-03 3.845793e-02 -8.817693e-03 9.992212e-01 1.563087e+01
9.992912e-01 -8.897071e-03 3.657788e-02 -1.601119e+01 9.206497e-03 9.999232e-01 -8.299680e-03 -1.849883e-02 -3.650128e-02 8.630553e-03 9.992964e-01 1.562049e+01
9.992399e-01 9.023847e-03 -3.792323e-02 -1.584716e+01 -8.686884e-03 9.999214e-01 9.040799e-03 -2.648635e-02 3.800188e-02 -8.704494e-03 9.992397e-01 1.568589e+01
9.993179e-01 -8.470008e-03 3.594473e-02 -1.568267e+01 8.767171e-03 9.999286e-01 -8.117681e-03 -3.449349e-02 -3.587346e-02 8.427279e-03 9.993209e-01 1.569616e+01
9.992731e-01 8.903339e-03 -3.706860e-02 -1.564597e+01 -8.574000e-03 9.999224e-01 9.034077e-03 -3.934091e-02 3.714621e-02 -8.709685e-03 9.992718e-01 1.574759e+01
9.992755e-01 -8.144285e-03 3.717854e-02 -1.568168e+01 8.452174e-03 9.999312e-01 -8.131719e-03 -4.163333e-02 -3.710980e-02 8.440068e-03 9.992756e-01 1.577095e+01
9.993200e-01 9.280880e-03 -3.568525e-02 -1.578456e+01 -8.976514e-03 9.999220e-01 8.679959e-03 -4.247960e-02 3.576307e-02 -8.353729e-03 9.993253e-01 1.571168e+01
9.993300e-01 -8.375825e-03 3.562937e-02 -1.580112e+01 8.652750e-03 9.999335e-01 -7.625281e-03 -4.485092e-02 -3.556318e-02 7.928465e-03 9.993361e-01 1.565775e+01
9.993755e-01 9.418631e-03 -3.405623e-02 -1.594573e+01 -9.136926e-03 9.999228e-01 8.417952e-03 -4.437869e-02 3.413294e-02 -8.101527e-03 9.993844e-01 1.567570e+01
9.993639e-01 -8.599885e-03 3.461001e-02 -1.604170e+01 8.869622e-03 9.999314e-01 -7.647628e-03 -4.460251e-02 -3.454192e-02 7.949742e-03 9.993717e-01 1.572359e+01
9.993410e-01 9.537068e-03 -3.502218e-02 -1.606361e+01 -9.238837e-03 9.999198e-01 8.667464e-03 -4.677958e-02 3.510208e-02 -8.338189e-03 9.993489e-01 1.571223e+01
9.993889e-01 -9.485377e-03 3.364195e-02 -1.599678e+01 9.758192e-03 9.999207e-01 -7.954478e-03 -5.139623e-02 -3.356388e-02 8.277903e-03 9.994024e-01 1.576203e+01
9.993330e-01 9.260623e-03 -3.532367e-02 -1.588663e+01 -8.964704e-03 9.999235e-01 8.526539e-03 -5.727352e-02 3.539998e-02 -8.204186e-03 9.993395e-01 1.586582e+01
9.993779e-01 -8.681100e-03 3.418298e-02 -1.587814e+01 8.943937e-03 9.999315e-01 -7.543733e-03 -6.140375e-02 -3.411520e-02 7.844771e-03 9.993872e-01 1.589511e+01
9.994941e-01 1.006871e-02 -3.016753e-02 -1.613659e+01 -9.819774e-03 9.999166e-01 8.388708e-03 -5.883134e-02 3.024953e-02 -8.088226e-03 9.995096e-01 1.588367e+01
9.994300e-01 -9.285642e-03 3.245657e-02 -1.631184e+01 9.536844e-03 9.999257e-01 -7.593411e-03 -5.798467e-02 -3.238369e-02 7.898617e-03 9.994444e-01 1.594178e+01
9.994788e-01 1.044453e-02 -3.054404e-02 -1.645454e+01 -1.018208e-02 9.999100e-01 8.735381e-03 -5.790702e-02 3.063258e-02 -8.419827e-03 9.994952e-01 1.593114e+01
9.993538e-01 -7.428741e-03 3.516967e-02 -1.666053e+01 7.705645e-03 9.999403e-01 -7.744408e-03 -5.746342e-02 -3.511009e-02 8.010409e-03 9.993514e-01 1.560728e+01
9.993953e-01 9.607048e-03 -3.341704e-02 -1.675321e+01 -9.317027e-03 9.999177e-01 8.823770e-03 -5.878304e-02 3.349911e-02 -8.507087e-03 9.994024e-01 1.541445e+01
9.993465e-01 -8.495913e-03 3.513332e-02 -1.691030e+01 8.768740e-03 9.999325e-01 -7.618696e-03 -5.779151e-02 -3.506628e-02 7.921792e-03 9.993537e-01 1.541816e+01
9.993567e-01 9.267225e-03 -3.464470e-02 -1.699901e+01 -8.974582e-03 9.999228e-01 8.592946e-03 -5.872000e-02 3.472171e-02 -8.276497e-03 9.993627e-01 1.545660e+01
9.993365e-01 -8.774587e-03 3.534867e-02 -1.707466e+01 9.067093e-03 9.999259e-01 -8.123092e-03 -6.051858e-02 -3.527482e-02 8.438212e-03 9.993421e-01 1.556130e+01
9.993764e-01 9.535885e-03 -3.399877e-02 -1.719492e+01 -9.242822e-03 9.999189e-01 8.766572e-03 -6.085081e-02 3.407966e-02 -8.446861e-03 9.993833e-01 1.564711e+01
9.993596e-01 -8.971802e-03 3.464058e-02 -1.726409e+01 9.260276e-03 9.999237e-01 -8.176164e-03 -6.226980e-02 -3.456463e-02 8.491710e-03 9.993665e-01 1.573771e+01
9.993603e-01 9.294483e-03 -3.453315e-02 -1.731967e+01 -9.001457e-03 9.999222e-01 8.631171e-03 -6.395134e-02 3.461074e-02 -8.314801e-03 9.993662e-01 1.584630e+01
9.993698e-01 -8.795322e-03 3.439061e-02 -1.737326e+01 9.072292e-03 9.999276e-01 -7.905929e-03 -6.568293e-02 -3.431863e-02 8.212948e-03 9.993773e-01 1.592031e+01
9.993603e-01 9.125042e-03 -3.457950e-02 -1.743420e+01 -8.839060e-03 9.999255e-01 8.414135e-03 -6.752159e-02 3.465376e-02 -8.103102e-03 9.993664e-01 1.604368e+01
9.994023e-01 -8.808395e-03 3.342875e-02 -1.744696e+01 9.065562e-03 9.999304e-01 -7.549210e-03 -7.082700e-02 -3.335998e-02 7.847749e-03 9.994127e-01 1.611954e+01
9.993484e-01 9.933742e-03 -3.469990e-02 -1.740832e+01 -9.624811e-03 9.999126e-01 9.058660e-03 -7.586791e-02 3.478690e-02 -8.718777e-03 9.993566e-01 1.606217e+01
9.994126e-01 -8.538543e-03 3.319124e-02 -1.728232e+01 8.802329e-03 9.999308e-01 -7.809472e-03 -8.286234e-02 -3.312231e-02 8.097044e-03 9.994186e-01 1.596214e+01
9.993557e-01 1.011319e-02 -3.443793e-02 -1.722459e+01 -9.812389e-03 9.999123e-01 8.892537e-03 -8.834981e-02 3.452489e-02 -8.548888e-03 9.993672e-01 1.586130e+01
9.993841e-01 -8.885731e-03 3.394859e-02 -1.722920e+01 9.151522e-03 9.999286e-01 -7.681872e-03 -9.183027e-02 -3.387796e-02 7.987821e-03 9.993941e-01 1.581214e+01
9.993258e-01 1.018143e-02 -3.527433e-02 -1.716324e+01 -9.870370e-03 9.999110e-01 8.981226e-03 -9.702185e-02 3.536268e-02 -8.626999e-03 9.993372e-01 1.573448e+01
9.993595e-01 -8.892525e-03 3.466368e-02 -1.715818e+01 9.149814e-03 9.999317e-01 -7.270881e-03 -1.002335e-01 -3.459671e-02 7.583389e-03 9.993727e-01 1.565175e+01
9.993969e-01 1.013910e-02 -3.321275e-02 -1.725310e+01 -9.857534e-03 9.999142e-01 8.630579e-03 -1.011917e-01 3.329746e-02 -8.297977e-03 9.994109e-01 1.558263e+01
9.993734e-01 -9.946742e-03 3.396978e-02 -1.736743e+01 1.022509e-02 9.999155e-01 -8.030006e-03 -1.008823e-01 -3.388709e-02 8.372317e-03 9.993907e-01 1.571337e+01
9.994111e-01 9.895452e-03 -3.285630e-02 -1.748262e+01 -9.626513e-03 9.999189e-01 8.333438e-03 -1.009558e-01 3.293615e-02 -8.012238e-03 9.994252e-01 1.589327e+01
9.993960e-01 -9.278705e-03 3.348840e-02 -1.758914e+01 9.535263e-03 9.999263e-01 -7.509523e-03 -1.016178e-01 -3.341630e-02 7.824308e-03 9.994110e-01 1.597078e+01
9.993993e-01 9.612261e-03 -3.329472e-02 -1.767812e+01 -9.337448e-03 9.999211e-01 8.399624e-03 -1.020966e-01 3.337288e-02 -8.083690e-03 9.994102e-01 1.605185e+01
9.994174e-01 -9.326542e-03 3.283182e-02 -1.773848e+01 9.571245e-03 9.999275e-01 -7.303931e-03 -1.032574e-01 -3.276137e-02 7.613916e-03 9.994343e-01 1.610186e+01
9.993969e-01 1.015757e-02 -3.320506e-02 -1.778652e+01 -9.869339e-03 9.999123e-01 8.832591e-03 -1.052134e-01 3.329192e-02 -8.499550e-03 9.994094e-01 1.608720e+01
9.994181e-01 -9.338527e-03 3.280539e-02 -1.785206e+01 9.591288e-03 9.999255e-01 -7.555956e-03 -1.071609e-01 -3.273244e-02 7.866204e-03 9.994333e-01 1.609836e+01
9.994088e-01 1.019153e-02 -3.283516e-02 -1.793864e+01 -9.905900e-03 9.999118e-01 8.849959e-03 -1.083662e-01 3.292251e-02 -8.519464e-03 9.994215e-01 1.610743e+01
9.994100e-01 -9.533617e-03 3.299566e-02 -1.802150e+01 9.793919e-03 9.999221e-01 -7.736336e-03 -1.102087e-01 -3.291939e-02 8.054927e-03 9.994256e-01 1.614295e+01
9.993670e-01 9.820978e-03 -3.419251e-02 -1.803805e+01 -9.530468e-03 9.999172e-01 8.648950e-03 -1.129487e-01 3.427467e-02 -8.317603e-03 9.993777e-01 1.621862e+01
9.994407e-01 -9.903597e-03 3.194112e-02 -1.795553e+01 1.015854e-02 9.999177e-01 -7.829327e-03 -1.169329e-01 -3.186101e-02 8.149422e-03 9.994592e-01 1.628273e+01
9.994089e-01 9.729027e-03 -3.297278e-02 -1.792650e+01 -9.472183e-03 9.999236e-01 7.936863e-03 -1.201059e-01 3.304753e-02 -7.619845e-03 9.994246e-01 1.645096e+01
9.994034e-01 -1.032280e-02 3.295973e-02 -1.789183e+01 1.060601e-02 9.999082e-01 -8.429198e-03 -1.230539e-01 -3.286974e-02 8.773739e-03 9.994212e-01 1.670033e+01
9.994108e-01 1.015955e-02 -3.278586e-02 -1.793591e+01 -9.887155e-03 9.999153e-01 8.459661e-03 -1.245162e-01 3.286908e-02 -8.130516e-03 9.994265e-01 1.689653e+01
9.993701e-01 -1.010312e-02 3.401887e-02 -1.804826e+01 1.039143e-02 9.999115e-01 -8.308907e-03 -1.247902e-01 -3.393196e-02 8.657176e-03 9.993867e-01 1.710404e+01
9.993809e-01 9.560255e-03 -3.385814e-02 -1.806491e+01 -9.266876e-03 9.999182e-01 8.811334e-03 -1.275883e-01 3.393966e-02 -8.492118e-03 9.993877e-01 1.726788e+01
9.994018e-01 -9.467918e-03 3.326403e-02 -1.801920e+01 9.736815e-03 9.999211e-01 -7.931014e-03 -1.321983e-01 -3.318636e-02 8.250154e-03 9.994152e-01 1.732601e+01
9.993646e-01 9.734312e-03 -3.428732e-02 -1.798366e+01 -9.432887e-03 9.999155e-01 8.941965e-03 -1.364466e-01 3.437152e-02 -8.612853e-03 9.993719e-01 1.737374e+01
9.994060e-01 -9.443540e-03 3.314194e-02 -1.797749e+01 9.713543e-03 9.999209e-01 -7.995325e-03 -1.393786e-01 -3.306386e-02 8.312500e-03 9.994188e-01 1.742262e+01
9.993571e-01 9.569590e-03 -3.455012e-02 -1.796482e+01 -9.263647e-03 9.999166e-01 9.004288e-03 -1.424116e-01 3.463345e-02 -8.678437e-03 9.993623e-01 1.748602e+01
9.993723e-01 -9.363735e-03 3.416687e-02 -1.801202e+01 9.645448e-03 9.999208e-01 -8.089682e-03 -1.439975e-01 -3.408846e-02 8.414157e-03 9.993835e-01 1.755479e+01
9.993459e-01 9.477923e-03 -3.490006e-02 -1.803686e+01 -9.174110e-03 9.999187e-01 8.855097e-03 -1.460512e-01 3.498120e-02 -8.529126e-03 9.993515e-01 1.765077e+01
9.993145e-01 -8.710848e-03 3.598268e-02 -1.814626e+01 8.992007e-03 9.999302e-01 -7.659282e-03 -1.465864e-01 -3.591350e-02 7.977586e-03 9.993232e-01 1.766438e+01
9.993533e-01 9.411239e-03 -3.470385e-02 -1.827161e+01 -9.127662e-03 9.999237e-01 8.320761e-03 -1.467773e-01 3.477956e-02 -7.998613e-03 9.993629e-01 1.775446e+01
9.993374e-01 -8.841438e-03 3.530809e-02 -1.836528e+01 9.114654e-03 9.999297e-01 -7.584593e-03 -1.477267e-01 -3.523860e-02 7.901387e-03 9.993478e-01 1.783204e+01
9.993312e-01 9.257954e-03 -3.537645e-02 -1.842570e+01 -8.971071e-03 9.999256e-01 8.259573e-03 -1.492904e-01 3.545034e-02 -7.936682e-03 9.993398e-01 1.791768e+01
9.993316e-01 -8.748968e-03 3.549429e-02 -1.848576e+01 9.021702e-03 9.999309e-01 -7.530994e-03 -1.507472e-01 -3.542600e-02 7.846177e-03 9.993416e-01 1.798579e+01
9.993035e-01 9.485474e-03 -3.608947e-02 -1.848430e+01 -9.180765e-03 9.999209e-01 8.599525e-03 -1.541893e-01 3.616823e-02 -8.262205e-03 9.993115e-01 1.796666e+01
9.993227e-01 -8.958757e-03 3.569167e-02 -1.850492e+01 9.234777e-03 9.999287e-01 -7.576099e-03 -1.574897e-01 -3.562130e-02 7.900571e-03 9.993342e-01 1.800778e+01
9.993442e-01 9.520222e-03 -3.493458e-02 -1.858871e+01 -9.235464e-03 9.999229e-01 8.303515e-03 -1.587413e-01 3.501099e-02 -7.975430e-03 9.993550e-01 1.807830e+01
9.993355e-01 -9.134971e-03 3.528545e-02 -1.864022e+01 9.406802e-03 9.999273e-01 -7.545420e-03 -1.605418e-01 -3.521401e-02 7.872328e-03 9.993489e-01 1.814165e+01
9.993328e-01 9.683183e-03 -3.521718e-02 -1.868422e+01 -9.387653e-03 9.999194e-01 8.547363e-03 -1.623089e-01 3.529716e-02 -8.211050e-03 9.993430e-01 1.817013e+01
9.993158e-01 -8.963439e-03 3.588327e-02 -1.875046e+01 9.236951e-03 9.999295e-01 -7.463754e-03 -1.635919e-01 -3.581389e-02 7.790097e-03 9.993282e-01 1.818398e+01
9.993136e-01 9.902874e-03 -3.569798e-02 -1.878721e+01 -9.596726e-03 9.999158e-01 8.737251e-03 -1.657040e-01 3.578155e-02 -8.388667e-03 9.993243e-01 1.816313e+01
9.993466e-01 -9.238856e-03 3.494230e-02 -1.878496e+01 9.500511e-03 9.999280e-01 -7.329585e-03 -1.690099e-01 -3.487212e-02 7.656763e-03 9.993625e-01 1.815514e+01
9.993387e-01 1.044018e-02 -3.483099e-02 -1.880369e+01 -1.013927e-02 9.999098e-01 8.804857e-03 -1.718935e-01 3.491982e-02 -8.445870e-03 9.993543e-01 1.807702e+01
9.993264e-01 -8.508311e-03 3.569719e-02 -1.882551e+01 8.776975e-03 9.999343e-01 -7.376223e-03 -1.746615e-01 -3.563214e-02 7.684565e-03 9.993355e-01 1.783464e+01
9.992886e-01 9.681453e-03 -3.645052e-02 -1.873210e+01 -9.372776e-03 9.999188e-01 8.629768e-03 -1.796233e-01 3.653116e-02 -8.281983e-03 9.992981e-01 1.766530e+01
9.993312e-01 -9.081035e-03 3.542124e-02 -1.870559e+01 9.338535e-03 9.999311e-01 -7.110946e-03 -1.830191e-01 -3.535427e-02 7.436969e-03 9.993473e-01 1.763122e+01
9.993271e-01 9.877918e-03 -3.532243e-02 -1.875448e+01 -9.587190e-03 9.999188e-01 8.390633e-03 -1.845181e-01 3.540249e-02 -8.046341e-03 9.993407e-01 1.762805e+01
9.993421e-01 -9.167463e-03 3.508957e-02 -1.877776e+01 9.418589e-03 9.999312e-01 -6.998073e-03 -1.865883e-01 -3.502305e-02 7.323960e-03 9.993598e-01 1.761020e+01
9.993018e-01 1.017759e-02 -3.594973e-02 -1.872304e+01 -9.884201e-03 9.999165e-01 8.329564e-03 -1.908103e-01 3.603155e-02 -7.968410e-03 9.993188e-01 1.752498e+01
9.993325e-01 -9.535958e-03 3.526458e-02 -1.856317e+01 9.778414e-03 9.999297e-01 -6.709225e-03 -1.959989e-01 -3.519817e-02 7.049575e-03 9.993556e-01 1.735990e+01
9.992913e-01 1.015373e-02 -3.624493e-02 -1.850228e+01 -9.861386e-03 9.999175e-01 8.235548e-03 -1.999887e-01 3.632561e-02 -7.872282e-03 9.993089e-01 1.728397e+01
9.993533e-01 -9.507595e-03 3.467867e-02 -1.846571e+01 9.757230e-03 9.999276e-01 -7.036353e-03 -2.042547e-01 -3.460932e-02 7.370167e-03 9.993738e-01 1.728427e+01
9.992757e-01 1.033217e-02 -3.662410e-02 -1.836019e+01 -1.003440e-02 9.999152e-01 8.304970e-03 -2.104984e-01 3.670685e-02 -7.931450e-03 9.992945e-01 1.724005e+01
9.993141e-01 -9.362038e-03 3.582816e-02 -1.833383e+01 9.616555e-03 9.999297e-01 -6.938070e-03 -2.148551e-01 -3.576073e-02 7.277851e-03 9.993340e-01 1.718548e+01
9.993294e-01 1.053646e-02 -3.506723e-02 -1.834144e+01 -1.025104e-02 9.999129e-01 8.309162e-03 -2.177155e-01 3.515177e-02 -7.944110e-03 9.993503e-01 1.705363e+01
9.993173e-01 -9.472757e-03 3.570907e-02 -1.829256e+01 9.744013e-03 9.999249e-01 -7.429866e-03 -2.204487e-01 -3.563606e-02 7.772740e-03 9.993347e-01 1.678389e+01
9.993054e-01 1.033289e-02 -3.580504e-02 -1.813086e+01 -1.002696e-02 9.999118e-01 8.713394e-03 -2.253070e-01 3.589197e-02 -8.348321e-03 9.993207e-01 1.654676e+01
9.993179e-01 -9.686901e-03 3.563474e-02 -1.790743e+01 9.959104e-03 9.999225e-01 -7.469100e-03 -2.315733e-01 -3.555968e-02 7.818891e-03 9.993371e-01 1.632500e+01
9.992950e-01 1.079522e-02 -3.595859e-02 -1.753910e+01 -1.050166e-02 9.999101e-01 8.342873e-03 -2.364989e-01 3.604547e-02 -7.959361e-03 9.993184e-01 1.585036e+01
9.993203e-01 -9.931831e-03 3.550140e-02 -1.736921e+01 1.019207e-02 9.999224e-01 -7.156984e-03 -2.420402e-01 -3.542761e-02 7.513947e-03 9.993441e-01 1.560524e+01
9.992996e-01 1.024956e-02 -3.598985e-02 -1.729905e+01 -9.942171e-03 9.999126e-01 8.709621e-03 -2.460893e-01 3.607602e-02 -8.345698e-03 9.993141e-01 1.553669e+01
9.992953e-01 -1.017062e-02 3.613268e-02 -1.716350e+01 1.044057e-02 9.999189e-01 -7.290129e-03 -2.496426e-01 -3.605566e-02 7.662232e-03 9.993205e-01 1.538552e+01
9.993047e-01 1.065291e-02 -3.573041e-02 -1.699083e+01 -1.035062e-02 9.999091e-01 8.634815e-03 -2.511804e-01 3.581920e-02 -8.258975e-03 9.993241e-01 1.504990e+01
9.993066e-01 -9.990750e-03 3.586755e-02 -1.689595e+01 1.026689e-02 9.999190e-01 -7.522952e-03 -2.542987e-01 -3.578953e-02 7.885979e-03 9.993283e-01 1.484593e+01
9.992633e-01 1.043475e-02 -3.693149e-02 -1.676203e+01 -1.011587e-02 9.999100e-01 8.810760e-03 -2.593469e-01 3.702015e-02 -8.430670e-03 9.992789e-01 1.476769e+01
9.993037e-01 -1.054425e-02 3.579001e-02 -1.671657e+01 1.082447e-02 9.999122e-01 -7.644627e-03 -2.626653e-01 -3.570631e-02 8.026707e-03 9.993302e-01 1.480875e+01
9.992811e-01 1.057042e-02 -3.640812e-02 -1.667227e+01 -1.024844e-02 9.999068e-01 9.018995e-03 -2.660104e-01 3.650011e-02 -8.639379e-03 9.992962e-01 1.481863e+01
9.992881e-01 -1.024748e-02 3.630874e-02 -1.653830e+01 1.053049e-02 9.999156e-01 -7.611771e-03 -2.700274e-01 -3.622772e-02 7.988696e-03 9.993117e-01 1.466484e+01
9.992798e-01 1.071635e-02 -3.640081e-02 -1.628459e+01 -1.040412e-02 9.999075e-01 8.756173e-03 -2.760519e-01 3.649133e-02 -8.371143e-03 9.992988e-01 1.444902e+01
9.993091e-01 -1.001648e-02 3.579009e-02 -1.583498e+01 1.031398e-02 9.999137e-01 -8.137203e-03 -2.846317e-01 -3.570554e-02 8.500714e-03 9.993263e-01 1.406904e+01
9.992781e-01 1.056534e-02 -3.649230e-02 -1.546441e+01 -1.023715e-02 9.999056e-01 9.168707e-03 -2.936928e-01 3.658577e-02 -8.788505e-03 9.992918e-01 1.383123e+01
9.992647e-01 -1.085232e-02 3.677276e-02 -1.507186e+01 1.115944e-02 9.999045e-01 -8.156891e-03 -3.015855e-01 -3.668078e-02 8.561252e-03 9.992905e-01 1.363572e+01
9.992658e-01 1.081371e-02 -3.675338e-02 -1.461595e+01 -1.049144e-02 9.999049e-01 8.950021e-03 -3.069061e-01 3.684672e-02 -8.557849e-03 9.992842e-01 1.325909e+01
9.993224e-01 -1.027709e-02 3.534208e-02 -1.447173e+01 1.055150e-02 9.999156e-01 -7.586624e-03 -3.128731e-01 -3.526118e-02 7.954390e-03 9.993466e-01 1.320420e+01
9.992753e-01 1.054887e-02 -3.657379e-02 -1.429670e+01 -1.022458e-02 9.999068e-01 9.042490e-03 -3.195507e-01 3.666582e-02 -8.661980e-03 9.992899e-01 1.314159e+01
9.993025e-01 -1.073501e-02 3.576829e-02 -1.376311e+01 1.103703e-02 9.999050e-01 -8.257202e-03 -3.266835e-01 -3.567630e-02 8.646213e-03 9.993261e-01 1.277752e+01
9.992611e-01 1.064737e-02 -3.693110e-02 -1.319149e+01 -1.031294e-02 9.999042e-01 9.234235e-03 -3.319277e-01 3.702593e-02 -8.846537e-03 9.992751e-01 1.230418e+01
9.992983e-01 -1.043705e-02 3.597267e-02 -1.264603e+01 1.075429e-02 9.999049e-01 -8.636866e-03 -3.362898e-01 -3.587915e-02 9.017660e-03 9.993155e-01 1.175475e+01
9.992735e-01 1.036915e-02 -3.667216e-02 -1.206797e+01 -1.003528e-02 9.999066e-01 9.276607e-03 -3.391608e-01 3.676497e-02 -8.901847e-03 9.992842e-01 1.114610e+01
9.993108e-01 -1.005973e-02 3.573049e-02 -1.160873e+01 1.037046e-02 9.999099e-01 -8.521624e-03 -3.456482e-01 -3.564159e-02 8.886287e-03 9.993252e-01 1.076167e+01
9.992838e-01 1.009096e-02 -3.647078e-02 -1.108740e+01 -9.768799e-03 9.999118e-01 9.000769e-03 -3.502067e-01 3.655844e-02 -8.638040e-03 9.992941e-01 1.023639e+01
9.993161e-01 -1.026383e-02 3.552389e-02 -1.053702e+01 1.056554e-02 9.999096e-01 -8.315627e-03 -3.538132e-01 -3.543538e-02 8.685263e-03 9.993343e-01 9.699669e+00
9.992741e-01 1.058325e-02 -3.659642e-02 -1.005086e+01 -1.027216e-02 9.999096e-01 8.678276e-03 -3.593779e-01 3.668500e-02 -8.296046e-03 9.992923e-01 9.212949e+00
9.992919e-01 -9.994294e-03 3.627504e-02 -9.627218e+00 1.029375e-02 9.999144e-01 -8.077846e-03 -3.657342e-01 -3.619125e-02 8.445526e-03 9.993093e-01 8.772979e+00
