9.999397e-01 2.824385e-03 1.061402e-02 3.466676e-01 -2.741470e-03 9.999657e-01 -7.818248e-03 -2.395296e-04 -1.063574e-02 7.788679e-03 9.999132e-01 1.123327e+00
9.999786e-01 -3.255458e-03 -5.670994e-03 1.808757e-01 3.271365e-03 9.999907e-01 2.797910e-03 1.577895e-03 5.661834e-03 -2.816403e-03 9.999799e-01 1.921912e+00
9.999463e-01 2.561324e-03 1.004426e-02 -1.877241e-02 -2.488968e-03 9.999709e-01 -7.209671e-03 3.372501e-03 -1.006244e-02 7.184285e-03 9.999237e-01 2.619881e+00
9.999818e-01 -3.716337e-03 -4.759536e-03 -3.220038e-01 3.724629e-03 9.999916e-01 1.734498e-03 8.240362e-03 4.753052e-03 -1.752196e-03 9.999871e-01 3.544765e+00
9.999620e-01 2.578956e-03 8.326579e-03 -7.563724e-01 -2.519840e-03 9.999716e-01 -7.102334e-03 1.358453e-02 -8.344662e-03 7.081085e-03 9.999402e-01 4.456118e+00
9.999813e-01 -3.602072e-03 -4.938204e-03 -9.619018e-01 3.623514e-03 9.999840e-01 4.339903e-03 1.521602e-02 4.922496e-03 -4.357719e-03 9.999783e-01 4.794421e+00
9.999576e-01 2.670821e-03 8.811601e-03 -1.118744e+00 -2.604996e-03 9.999687e-01 -7.473314e-03 1.582772e-02 -8.831288e-03 7.450046e-03 9.999334e-01 5.186136e+00
9.999807e-01 -3.775784e-03 -4.931731e-03 -1.336639e+00 3.798117e-03 9.999825e-01 4.526841e-03 1.767088e-02 4.914556e-03 -4.545488e-03 9.999775e-01 5.547444e+00
9.999618e-01 2.579496e-03 8.346043e-03 -1.583632e+00 -2.511413e-03 9.999636e-01 -8.157730e-03 2.052130e-02 -8.366786e-03 8.136462e-03 9.999320e-01 6.056207e+00
9.999797e-01 -3.575770e-03 -5.267791e-03 -1.772428e+00 3.606034e-03 9.999770e-01 5.746680e-03 2.211404e-02 5.247126e-03 -5.765563e-03 9.999695e-01 6.340195e+00
9.999585e-01 2.245176e-03 8.830817e-03 -2.014935e+00 -2.167473e-03 9.999589e-01 -8.798741e-03 2.456760e-02 -8.850214e-03 8.779240e-03 9.999224e-01 6.736089e+00
9.999778e-01 -3.509803e-03 -5.669515e-03 -2.240793e+00 3.544821e-03 9.999746e-01 6.178240e-03 2.674308e-02 5.647692e-03 -6.198205e-03 9.999647e-01 7.054650e+00
9.999567e-01 1.683920e-03 9.156493e-03 -2.606992e+00 -1.603575e-03 9.999602e-01 -8.774897e-03 3.133733e-02 -9.170910e-03 8.759838e-03 9.999197e-01 7.350018e+00
9.999781e-01 -3.435733e-03 -5.658701e-03 -2.949151e+00 3.472878e-03 9.999724e-01 6.567512e-03 3.528192e-02 5.635987e-03 -6.587025e-03 9.999623e-01 7.602279e+00
9.999558e-01 1.779423e-03 9.235737e-03 -3.218740e+00 -1.692026e-03 9.999538e-01 -9.462126e-03 3.812842e-02 -9.252154e-03 9.446085e-03 9.999127e-01 7.931062e+00
9.999754e-01 -3.091948e-03 -6.291349e-03 -3.467682e+00 3.134970e-03 9.999717e-01 6.840013e-03 4.074801e-02 6.270029e-03 -6.859574e-03 9.999567e-01 8.268984e+00
9.999616e-01 1.941449e-03 8.540367e-03 -3.679458e+00 -1.866258e-03 9.999595e-01 -8.803313e-03 4.290156e-02 -8.557119e-03 8.787043e-03 9.999249e-01 8.489636e+00
9.999783e-01 -2.988640e-03 -5.862458e-03 -3.867853e+00 3.030687e-03 9.999697e-01 7.176539e-03 4.443439e-02 5.840839e-03 -7.194157e-03 9.999570e-01 8.653009e+00
9.999570e-01 1.870184e-03 9.083432e-03 -4.030497e+00 -1.791367e-03 9.999607e-01 -8.677332e-03 4.509787e-02 -9.099312e-03 8.660693e-03 9.999212e-01 8.794786e+00
9.999797e-01 -3.076057e-03 -5.586918e-03 -4.199049e+00 3.109442e-03 9.999773e-01 5.976704e-03 4.602069e-02 5.568414e-03 -5.993961e-03 9.999664e-01 9.119591e+00
9.999547e-01 2.607545e-03 9.156612e-03 -4.305111e+00 -2.519058e-03 9.999501e-01 -9.662058e-03 4.702625e-02 -9.181358e-03 9.638561e-03 9.999115e-01 9.644704e+00
9.999821e-01 -2.845235e-03 -5.261261e-03 -4.339491e+00 2.881316e-03 9.999723e-01 6.862984e-03 4.671385e-02 5.241597e-03 -6.878027e-03 9.999625e-01 1.005575e+01
9.999584e-01 2.145910e-03 8.860521e-03 -4.338104e+00 -2.064839e-03 9.999560e-01 -9.148736e-03 4.524129e-02 -8.879772e-03 9.130067e-03 9.999190e-01 1.034595e+01
9.999789e-01 -3.056011e-03 -5.724266e-03 -4.379687e+00 3.096139e-03 9.999706e-01 7.014515e-03 4.374846e-02 5.702670e-03 -7.032098e-03 9.999589e-01 1.058690e+01
9.999572e-01 1.968244e-03 9.039110e-03 -4.373643e+00 -1.891368e-03 9.999620e-01 -8.505559e-03 4.054416e-02 -9.055518e-03 8.488107e-03 9.999231e-01 1.074552e+01
9.999988e-01 -1.543912e-03 -1.820415e-04 -4.394373e+00 1.543875e-03 9.999988e-01 -2.036704e-04 4.741443e-02 1.823661e-04 2.033808e-04 9.999999e-01 1.194608e+01
9.999166e-01 2.648415e-03 1.264368e-02 -4.444140e+00 -2.531517e-03 9.999540e-01 -9.252624e-03 5.220590e-02 -1.266762e-02 9.219853e-03 9.998774e-01 1.351208e+01
9.999995e-01 -9.792972e-04 -4.100381e-05 -4.465806e+00 9.791421e-04 9.999929e-01 -3.640761e-03 6.197328e-02 4.458187e-05 3.640709e-03 9.999933e-01 1.540717e+01
9.998053e-01 4.240005e-03 1.927307e-02 -4.548441e+00 -3.966079e-03 9.998909e-01 -1.422899e-02 7.523441e-02 -1.933132e-02 1.414979e-02 9.997131e-01 1.826889e+01
9.999990e-01 -6.854383e-04 1.225285e-03 -4.628665e+00 6.915556e-04 9.999873e-01 -4.998168e-03 9.003235e-02 -1.221827e-03 4.998996e-03 9.999867e-01 2.136847e+01
9.997842e-01 4.156138e-03 2.035319e-02 -4.805526e+00 -3.838244e-03 9.998704e-01 -1.563313e-02 1.071538e-01 -2.041555e-02 1.555165e-02 9.996707e-01 2.473377e+01
9.999978e-01 -1.663393e-03 -1.243087e-03 -5.145590e+00 1.659729e-03 9.999943e-01 -2.944184e-03 1.234207e-01 1.247998e-03 2.942096e-03 9.999948e-01 2.785802e+01
9.997451e-01 4.524802e-03 2.211940e-02 -5.351586e+00 -4.143532e-03 9.998426e-01 -1.725254e-02 1.411022e-01 -2.219400e-02 1.715651e-02 9.996066e-01 3.115948e+01
9.999942e-01 -2.619936e-05 3.395685e-03 -5.357526e+00 4.285044e-05 9.999880e-01 -4.902807e-03 1.578616e-01 -3.395491e-03 4.902902e-03 9.999821e-01 3.481501e+01
9.996635e-01 5.894860e-03 2.526198e-02 -5.272749e+00 -5.402304e-03 9.997948e-01 -1.952213e-02 1.754219e-01 -2.537191e-02 1.937911e-02 9.994903e-01 3.877558e+01
9.999983e-01 -1.829437e-03 1.199792e-05 -5.389180e+00 1.829469e-03 9.999935e-01 -3.101180e-03 1.939060e-01 -6.293931e-06 3.101171e-03 9.999951e-01 4.252953e+01
9.995789e-01 6.800429e-03 2.820889e-02 -5.431602e+00 -6.176679e-03 9.997358e-01 -2.214049e-02 2.142424e-01 -2.835204e-02 2.195696e-02 9.993569e-01 4.666417e+01
9.999990e-01 -1.344896e-03 -4.193194e-04 -5.444004e+00 1.344187e-03 9.999977e-01 -1.698247e-03 2.317201e-01 4.216381e-04 1.697652e-03 9.999984e-01 5.060903e+01
9.996495e-01 7.393973e-03 2.542017e-02 -5.193409e+00 -6.926505e-03 9.998062e-01 -1.842897e-02 2.432339e-01 -2.555154e-02 1.824647e-02 9.995071e-01 5.383586e+01
9.999915e-01 -1.203652e-03 -3.933557e-03 -4.896935e+00 1.210327e-03 9.999978e-01 1.693218e-03 2.493427e-01 3.931551e-03 -1.697997e-03 9.999907e-01 5.636892e+01
9.997253e-01 6.412624e-03 2.254180e-02 -4.633597e+00 -6.030110e-03 9.998374e-01 -1.699661e-02 2.555300e-01 -2.264717e-02 1.685605e-02 9.996015e-01 5.869045e+01
9.998900e-01 8.743234e-03 1.198459e-02 -2.787839e+00 -8.820068e-03 9.999408e-01 6.374026e-03 2.413760e-01 -1.192811e-02 -6.479065e-03 9.999078e-01 6.016861e+01
9.990457e-01 1.660960e-02 4.039592e-02 7.476594e-01 -1.618098e-02 9.998095e-01 -1.091457e-02 2.084608e-01 -4.056956e-02 1.025054e-02 9.991242e-01 6.003334e+01
9.998423e-01 1.022627e-02 1.451525e-02 4.695332e+00 -1.031224e-02 9.999296e-01 5.860955e-03 1.748172e-01 -1.445424e-02 -6.009749e-03 9.998774e-01 5.991410e+01
9.982676e-01 2.068240e-02 5.508241e-02 9.386915e+00 -2.000884e-02 9.997185e-01 -1.275186e-02 1.328569e-01 -5.533070e-02 1.162767e-02 9.984005e-01 6.003009e+01
9.998760e-01 1.107477e-02 1.119461e-02 1.367511e+01 -1.112042e-02 9.999301e-01 4.024402e-03 8.854100e-02 -1.114920e-02 -4.148424e-03 9.999292e-01 6.027932e+01
9.986459e-01 1.738921e-02 4.903135e-02 1.730752e+01 -1.652168e-02 9.997007e-01 -1.804378e-02 5.557875e-02 -4.933051e-02 1.720930e-02 9.986343e-01 6.168332e+01
9.997852e-01 1.409828e-02 1.519162e-02 2.096345e+01 -1.411077e-02 9.999002e-01 7.166459e-04 2.263386e-02 -1.517993e-02 -9.308889e-04 9.998843e-01 6.371678e+01
9.988486e-01 1.413256e-02 4.584586e-02 2.447833e+01 -1.355267e-02 9.998245e-01 -1.293531e-02 -1.541193e-02 -4.602070e-02 1.229911e-02 9.988648e-01 6.498548e+01
9.999300e-01 2.292150e-03 -1.160852e-02 2.639177e+01 -2.224586e-03 9.999805e-01 5.828298e-03 -4.184983e-02 1.162173e-02 -5.802097e-03 9.999156e-01 6.543019e+01
9.997436e-01 8.105037e-04 2.262792e-02 2.693227e+01 -6.305041e-04 9.999681e-01 -7.961472e-03 -5.016283e-02 -2.263373e-02 7.945194e-03 9.997123e-01 6.560891e+01
9.999475e-01 1.011176e-02 -1.629198e-03 2.828039e+01 -1.009688e-02 9.999095e-01 8.886617e-03 -5.520192e-02 1.718992e-03 -8.869731e-03 9.999591e-01 6.511283e+01
9.997804e-01 1.430192e-03 2.090688e-02 2.921548e+01 -1.253955e-03 9.999636e-01 -8.441059e-03 -5.788919e-02 -2.091827e-02 8.413019e-03 9.997459e-01 6.454920e+01
9.999179e-01 1.230429e-02 -3.578020e-03 3.000781e+01 -1.226113e-02 9.998547e-01 1.184099e-02 -4.834978e-02 3.723281e-03 -1.179618e-02 9.999234e-01 6.360625e+01
9.997908e-01 3.658737e-03 2.012280e-02 3.070923e+01 -3.518296e-03 9.999692e-01 -7.010944e-03 -3.183746e-02 -2.014792e-02 6.938707e-03 9.997730e-01 6.240389e+01
9.999455e-01 8.841129e-03 -5.545254e-03 3.135056e+01 -8.784798e-03 9.999104e-01 1.009878e-02 -2.071771e-02 5.634129e-03 -1.004955e-02 9.999336e-01 6.150680e+01
9.997887e-01 3.936516e-03 2.017943e-02 3.203577e+01 -3.796158e-03 9.999684e-01 -6.989854e-03 -1.007055e-02 -2.020639e-02 6.911798e-03 9.997720e-01 6.062480e+01
9.999558e-01 7.649489e-03 -5.454937e-03 3.270346e+01 -7.599192e-03 9.999290e-01 9.179409e-03 -2.382554e-03 5.524856e-03 -9.137575e-03 9.999429e-01 5.990400e+01
9.997890e-01 5.659858e-03 1.974759e-02 3.341437e+01 -5.546265e-03 9.999678e-01 -5.803057e-03 8.817168e-03 -1.977989e-02 5.692331e-03 9.997882e-01 5.901393e+01
9.999250e-01 1.093182e-02 -5.524264e-03 3.429615e+01 -1.087546e-02 9.998896e-01 1.012889e-02 2.244427e-02 5.634472e-03 -1.006807e-02 9.999334e-01 5.789928e+01
9.997643e-01 4.865599e-03 2.116012e-02 3.509985e+01 -4.750383e-03 9.999736e-01 -5.492455e-03 3.663001e-02 -2.118638e-02 5.390663e-03 9.997611e-01 5.678975e+01
9.998831e-01 1.497224e-02 -3.088575e-03 3.595480e+01 -1.493681e-02 9.998258e-01 1.118843e-02 5.670284e-02 3.255644e-03 -1.114101e-02 9.999326e-01 5.535575e+01
9.996672e-01 8.724244e-03 2.428035e-02 3.712511e+01 -8.625541e-03 9.999541e-01 -4.167405e-03 7.638269e-02 -2.431569e-02 3.956605e-03 9.996966e-01 5.362410e+01
9.998797e-01 1.479943e-02 -4.637275e-03 3.824218e+01 -1.475507e-02 9.998464e-01 9.454719e-03 9.402200e-02 4.776581e-03 -9.385175e-03 9.999445e-01 5.194640e+01
9.996956e-01 8.320683e-03 2.322758e-02 3.960914e+01 -8.245303e-03 9.999604e-01 -3.339621e-03 1.133590e-01 -2.325454e-02 3.147101e-03 9.997247e-01 5.033553e+01
9.999423e-01 8.235835e-03 -6.889526e-03 4.080832e+01 -8.185073e-03 9.999394e-01 7.362419e-03 1.197273e-01 6.949839e-03 -7.305617e-03 9.999491e-01 4.930089e+01
9.998549e-01 5.533176e-05 1.703573e-02 4.144113e+01 5.195500e-05 9.999802e-01 -6.297817e-03 1.217782e-01 -1.703583e-02 6.297802e-03 9.998351e-01 4.882593e+01
9.999634e-01 3.747491e-03 -7.685056e-03 4.188839e+01 -3.697411e-03 9.999719e-01 6.518978e-03 1.187232e-01 7.709366e-03 -6.490338e-03 9.999492e-01 4.869688e+01
9.998870e-01 -1.558855e-03 1.495275e-02 4.221175e+01 1.670993e-03 9.999705e-01 -7.490600e-03 1.143593e-01 -1.494073e-02 7.514752e-03 9.998602e-01 4.872857e+01
9.999706e-01 4.252126e-03 -6.370507e-03 4.261364e+01 -4.227161e-03 9.999834e-01 3.925483e-03 1.113139e-01 6.387188e-03 -3.898452e-03 9.999719e-01 4.916957e+01
9.997165e-01 3.270533e-03 2.358693e-02 4.356843e+01 -3.058489e-03 9.999546e-01 -9.020752e-03 1.017369e-01 -2.361546e-02 8.946067e-03 9.996812e-01 4.979394e+01
9.999372e-01 1.737374e-03 -1.106544e-02 4.418827e+01 -1.665627e-03 9.999776e-01 6.488856e-03 9.065300e-02 1.107656e-02 -6.470031e-03 9.999177e-01 4.993313e+01
9.998924e-01 -2.795573e-03 1.440015e-02 4.414458e+01 2.910821e-03 9.999638e-01 -7.989229e-03 8.947579e-02 -1.437740e-02 8.030299e-03 9.998645e-01 5.007717e+01
9.999433e-01 1.503688e-03 -1.054179e-02 4.400644e+01 -1.437536e-03 9.999793e-01 6.278963e-03 8.931417e-02 1.055111e-02 -6.263466e-03 9.999247e-01 5.023330e+01
9.998905e-01 -2.655796e-03 1.455774e-02 4.384554e+01 2.770078e-03 9.999655e-01 -7.836448e-03 8.931288e-02 -1.453652e-02 7.875929e-03 9.998634e-01 5.036116e+01
9.999407e-01 1.372060e-03 -1.080095e-02 4.363430e+01 -1.308301e-03 9.999817e-01 5.906936e-03 9.057731e-02 1.080896e-02 -5.892468e-03 9.999242e-01 5.052318e+01
9.998986e-01 -2.477718e-03 1.402693e-02 4.349005e+01 2.586007e-03 9.999670e-01 -7.707974e-03 9.020586e-02 -1.400746e-02 7.743480e-03 9.998720e-01 5.067785e+01
9.999415e-01 6.624426e-04 -1.079253e-02 4.350912e+01 -5.928225e-04 9.999790e-01 6.451606e-03 8.095931e-02 1.079668e-02 -6.444845e-03 9.999209e-01 5.076852e+01
9.998974e-01 -1.802966e-03 1.421121e-02 4.389134e+01 1.898572e-03 9.999756e-01 -6.717618e-03 5.969449e-02 -1.419885e-02 6.743924e-03 9.998765e-01 5.073120e+01
9.999463e-01 3.630938e-04 -1.035609e-02 4.417885e+01 -2.955540e-04 9.999787e-01 6.521382e-03 4.183436e-02 1.035834e-02 -6.517985e-03 9.999250e-01 5.071116e+01
9.998981e-01 -2.025871e-03 1.413030e-02 4.444027e+01 2.122301e-03 9.999745e-01 -6.813438e-03 2.422829e-02 -1.411623e-02 6.842746e-03 9.998770e-01 5.070358e+01
9.999426e-01 3.499335e-04 -1.070249e-02 4.461682e+01 -2.829615e-04 9.999804e-01 6.257362e-03 9.853736e-03 1.070456e-02 -6.253989e-03 9.999231e-01 5.072792e+01
9.999020e-01 -2.356174e-03 1.380132e-02 4.477885e+01 2.451724e-03 9.999731e-01 -6.911244e-03 -5.870204e-03 -1.378476e-02 6.944418e-03 9.998809e-01 5.075604e+01
9.999475e-01 4.239719e-04 -1.022947e-02 4.485199e+01 -3.664654e-04 9.999841e-01 5.621658e-03 -1.662765e-02 1.023179e-02 -5.617629e-03 9.999318e-01 5.085139e+01
9.999033e-01 -2.090191e-03 1.375096e-02 4.484625e+01 2.188603e-03 9.999721e-01 -7.146478e-03 -2.454333e-02 -1.373574e-02 7.175897e-03 9.998800e-01 5.097025e+01
9.999501e-01 1.014059e-03 -9.938304e-03 4.464055e+01 -9.675766e-04 9.999886e-01 4.679484e-03 -2.345674e-02 9.943033e-03 -4.669650e-03 9.999396e-01 5.118380e+01
9.999106e-01 -2.427897e-03 1.314902e-02 4.430877e+01 2.524277e-03 9.999700e-01 -7.319141e-03 -1.959412e-02 -1.313095e-02 7.351694e-03 9.998868e-01 5.146130e+01
9.999568e-01 5.041994e-04 -9.278486e-03 4.386242e+01 -4.663705e-04 9.999916e-01 4.077344e-03 -1.372106e-02 9.280561e-03 -4.072856e-03 9.999486e-01 5.182276e+01
9.999174e-01 -2.178570e-03 1.266773e-02 4.352098e+01 2.266919e-03 9.999732e-01 -6.965167e-03 -9.458084e-03 -1.265231e-02 6.993324e-03 9.998956e-01 5.214748e+01
9.999641e-01 -1.626828e-04 -8.471778e-03 4.294333e+01 1.889037e-04 9.999952e-01 3.092769e-03 -1.177963e-03 8.471332e-03 -3.094274e-03 9.999593e-01 5.263425e+01
9.999360e-01 -1.118595e-03 1.125964e-02 4.269062e+01 1.176262e-03 9.999862e-01 -5.117449e-03 1.498718e-03 -1.125386e-02 5.130382e-03 9.999236e-01 5.284562e+01
9.999663e-01 1.684009e-04 -8.206908e-03 4.277378e+01 -1.369699e-04 9.999927e-01 3.828518e-03 -3.537216e-03 8.207590e-03 -3.827281e-03 9.999589e-01 5.297691e+01
9.999282e-01 -1.242083e-03 1.192285e-02 4.290380e+01 1.299266e-03 9.999877e-01 -4.790663e-03 -1.085733e-02 -1.191685e-02 4.805826e-03 9.999175e-01 5.305380e+01
9.999605e-01 2.359904e-04 -8.876659e-03 4.285435e+01 -2.038284e-04 9.999934e-01 3.622334e-03 -1.311156e-02 8.877553e-03 -3.620398e-03 9.999540e-01 5.315333e+01
9.999288e-01 -1.255762e-03 1.186763e-02 4.286433e+01 1.309322e-03 9.999890e-01 -4.507573e-03 -1.765801e-02 -1.186194e-02 4.522807e-03 9.999195e-01 5.321132e+01
9.999609e-01 3.493571e-04 -8.829010e-03 4.279137e+01 -3.199948e-04 9.999944e-01 3.325222e-03 -1.914387e-02 8.830220e-03 -3.322283e-03 9.999554e-01 5.329929e+01
9.999270e-01 -1.292955e-03 1.202099e-02 4.272043e+01 1.347616e-03 9.999888e-01 -4.541280e-03 -2.065563e-02 -1.201509e-02 4.557165e-03 9.999175e-01 5.339486e+01
9.999594e-01 3.786682e-04 -8.999905e-03 4.263795e+01 -3.484452e-04 9.999943e-01 3.357847e-03 -2.174084e-02 9.001223e-03 -3.354591e-03 9.999538e-01 5.348565e+01
9.999266e-01 -1.266064e-03 1.205695e-02 4.254687e+01 1.319018e-03 9.999895e-01 -4.386265e-03 -2.266121e-02 -1.205137e-02 4.401863e-03 9.999177e-01 5.356592e+01
9.999569e-01 4.261242e-04 -9.266511e-03 4.246991e+01 -3.938475e-04 9.999939e-01 3.483089e-03 -2.368058e-02 9.268036e-03 -3.479306e-03 9.999509e-01 5.364163e+01
9.999237e-01 -1.235513e-03 1.229575e-02 4.238931e+01 1.290924e-03 9.999890e-01 -4.500764e-03 -2.484499e-02 -1.229015e-02 4.516310e-03 9.999143e-01 5.371585e+01
9.999579e-01 4.471413e-04 -9.159240e-03 4.233760e+01 -4.136195e-04 9.999932e-01 3.659802e-03 -2.733881e-02 9.160912e-03 -3.655876e-03 9.999513e-01 5.377027e+01
9.999213e-01 -1.590853e-03 1.244629e-02 4.248805e+01 1.643514e-03 9.999897e-01 -4.223173e-03 -3.725220e-02 -1.243954e-02 4.243314e-03 9.999137e-01 5.379780e+01
9.999549e-01 6.132321e-04 -9.476528e-03 4.246948e+01 -5.838483e-04 9.999950e-01 3.101532e-03 -4.003218e-02 9.478480e-03 -3.095876e-03 9.999502e-01 5.388881e+01
9.999191e-01 -1.944417e-03 1.257545e-02 4.223496e+01 2.014749e-03 9.999824e-01 -5.583807e-03 -3.780288e-02 -1.256447e-02 5.608708e-03 9.999054e-01 5.418186e+01
9.999493e-01 7.516122e-04 -1.003645e-02 4.204889e+01 -7.129283e-04 9.999923e-01 3.855797e-03 -3.622501e-02 1.003937e-02 -3.848463e-03 9.999421e-01 5.435955e+01
9.999155e-01 -2.174581e-03 1.282053e-02 4.177068e+01 2.250908e-03 9.999798e-01 -5.943238e-03 -3.330902e-02 -1.280744e-02 5.971611e-03 9.999002e-01 5.460130e+01
9.999474e-01 9.211731e-04 -1.020852e-02 4.156147e+01 -8.774110e-04 9.999904e-01 4.288881e-03 -3.143448e-02 1.021247e-02 -4.279716e-03 9.999386e-01 5.478786e+01
9.999159e-01 -2.047141e-03 1.280810e-02 4.140100e+01 2.122273e-03 9.999806e-01 -5.856321e-03 -3.042192e-02 -1.279596e-02 5.883029e-03 9.999009e-01 5.494439e+01
9.999474e-01 9.020742e-04 -1.021270e-02 4.124317e+01 -8.586327e-04 9.999906e-01 4.255654e-03 -2.947040e-02 1.021654e-02 -4.246679e-03 9.999387e-01 5.510253e+01
9.999169e-01 -2.183768e-03 1.271216e-02 4.102840e+01 2.262116e-03 9.999785e-01 -6.153407e-03 -2.745280e-02 -1.269855e-02 6.181669e-03 9.999003e-01 5.531714e+01
9.999490e-01 1.071975e-03 -1.003560e-02 4.083302e+01 -1.026740e-03 9.999893e-01 4.509874e-03 -2.585205e-02 1.004042e-02 -4.499359e-03 9.999394e-01 5.549273e+01
9.999164e-01 -2.262765e-03 1.273301e-02 4.064604e+01 2.341686e-03 9.999781e-01 -6.187921e-03 -2.440617e-02 -1.271883e-02 6.217239e-03 9.998998e-01 5.566858e+01
9.999505e-01 8.848419e-04 -9.902078e-03 4.038985e+01 -8.432635e-04 9.999908e-01 4.200620e-03 -2.174980e-02 9.905802e-03 -4.192081e-03 9.999421e-01 5.589341e+01
9.999163e-01 -2.353620e-03 1.272755e-02 4.010846e+01 2.433918e-03 9.999772e-01 -6.298418e-03 -1.874529e-02 -1.271253e-02 6.328887e-03 9.998992e-01 5.613770e+01
9.999507e-01 9.357442e-04 -9.878474e-03 3.983994e+01 -8.932335e-04 9.999903e-01 4.305122e-03 -1.592207e-02 9.882505e-03 -4.296105e-03 9.999419e-01 5.636539e+01
9.999135e-01 -2.597702e-03 1.289472e-02 3.950717e+01 2.685786e-03 9.999731e-01 -6.819689e-03 -1.208806e-02 -1.287676e-02 6.853750e-03 9.998937e-01 5.667207e+01
9.999524e-01 8.139777e-04 -9.718989e-03 3.914578e+01 -7.743945e-04 9.999914e-01 4.073984e-03 -7.807989e-03 9.722320e-03 -4.066283e-03 9.999444e-01 5.703413e+01
9.999176e-01 -2.438070e-03 1.261053e-02 3.882977e+01 2.519137e-03 9.999762e-01 -6.418037e-03 -4.257503e-03 -1.259468e-02 6.449295e-03 9.998999e-01 5.732787e+01
9.999491e-01 1.047510e-03 -1.002573e-02 3.857770e+01 -1.002366e-03 9.999893e-01 4.504891e-03 -1.623202e-03 1.003044e-02 -4.494632e-03 9.999395e-01 5.756129e+01
9.999179e-01 -2.451987e-03 1.257748e-02 3.831788e+01 2.535295e-03 9.999749e-01 -6.613327e-03 1.190250e-03 -1.256105e-02 6.644692e-03 9.998991e-01 5.781753e+01
9.999498e-01 1.120577e-03 -9.948521e-03 3.809774e+01 -1.075070e-03 9.999889e-01 4.576451e-03 3.447113e-03 9.953638e-03 -4.565546e-03 9.999400e-01 5.805050e+01
9.999172e-01 -2.444653e-03 1.263909e-02 3.784753e+01 2.527203e-03 9.999755e-01 -6.520943e-03 6.128618e-03 -1.262293e-02 6.552364e-03 9.998989e-01 5.828003e+01
9.999525e-01 9.853960e-04 -9.687045e-03 3.756559e+01 -9.458651e-04 9.999912e-01 4.082551e-03 9.400099e-03 9.691081e-03 -4.073214e-03 9.999447e-01 5.859576e+01
9.999179e-01 -2.189605e-03 1.263056e-02 3.732742e+01 2.276316e-03 9.999739e-01 -6.856380e-03 1.184009e-02 -1.261531e-02 6.884588e-03 9.998968e-01 5.895586e+01
9.999542e-01 9.180377e-04 -9.522450e-03 3.708968e+01 -8.777830e-04 9.999907e-01 4.228614e-03 1.431779e-02 9.526341e-03 -4.220082e-03 9.999457e-01 5.929069e+01
9.999199e-01 -2.239650e-03 1.246147e-02 3.679145e+01 2.322845e-03 9.999751e-01 -6.667217e-03 1.791671e-02 -1.244632e-02 6.695649e-03 9.999002e-01 5.960543e+01
9.999503e-01 1.075497e-03 -9.907404e-03 3.650862e+01 -1.030747e-03 9.999893e-01 4.518857e-03 2.128595e-02 9.912255e-03 -4.508441e-03 9.999407e-01 5.987441e+01
9.999197e-01 -1.864510e-03 1.253628e-02 3.632372e+01 1.946396e-03 9.999768e-01 -6.524473e-03 2.248778e-02 -1.252392e-02 6.548370e-03 9.999002e-01 6.010093e+01
9.999571e-01 9.772272e-04 -9.203608e-03 3.618351e+01 -9.367904e-04 9.999899e-01 4.394650e-03 2.192782e-02 9.207907e-03 -4.385860e-03 9.999479e-01 6.034840e+01
9.999138e-01 -2.130472e-03 1.295735e-02 3.595777e+01 2.227273e-03 9.999697e-01 -7.462456e-03 2.402780e-02 -1.294116e-02 7.490694e-03 9.998883e-01 6.073802e+01
9.999624e-01 1.099939e-03 -8.592365e-03 3.573677e+01 -1.066970e-03 9.999921e-01 3.838280e-03 2.541739e-02 8.596616e-03 -3.828990e-03 9.999557e-01 6.121911e+01
9.999206e-01 -1.972873e-03 1.244750e-02 3.556204e+01 2.059336e-03 9.999738e-01 -6.938828e-03 2.508040e-02 -1.243358e-02 6.963932e-03 9.998985e-01 6.163457e+01
9.999580e-01 9.225238e-04 -9.112565e-03 3.535911e+01 -8.837460e-04 9.999905e-01 4.256196e-03 2.697682e-02 9.116503e-03 -4.247986e-03 9.999494e-01 6.198736e+01
9.999301e-01 -2.010407e-03 1.165485e-02 3.512072e+01 2.091034e-03 9.999739e-01 -6.911545e-03 2.969754e-02 -1.164075e-02 6.935454e-03 9.999082e-01 6.236376e+01
9.999606e-01 9.364623e-04 -8.826790e-03 3.487017e+01 -9.012777e-04 9.999916e-01 3.986784e-03 3.249776e-02 8.830547e-03 -3.978693e-03 9.999530e-01 6.279893e+01
9.999235e-01 -2.016926e-03 1.220883e-02 3.465909e+01 2.100514e-03 9.999744e-01 -6.839352e-03 3.436858e-02 -1.219482e-02 6.864495e-03 9.999021e-01 6.318063e+01
9.999615e-01 1.161987e-03 -8.691664e-03 3.449190e+01 -1.126182e-03 9.999909e-01 4.120663e-03 3.512742e-02 8.696470e-03 -4.110739e-03 9.999537e-01 6.353169e+01
9.999224e-01 -2.023216e-03 1.229665e-02 3.429848e+01 2.112539e-03 9.999714e-01 -7.257147e-03 3.671073e-02 -1.228172e-02 7.282583e-03 9.998981e-01 6.396571e+01
9.999584e-01 1.504624e-03 -8.989969e-03 3.418934e+01 -1.464762e-03 9.999891e-01 4.436441e-03 3.638564e-02 8.996644e-03 -4.423111e-03 9.999497e-01 6.436975e+01
9.999241e-01 -2.072903e-03 1.214592e-02 3.407837e+01 2.158320e-03 9.999730e-01 -7.025505e-03 3.609214e-02 -1.213113e-02 7.051209e-03 9.999016e-01 6.473484e+01
9.999538e-01 1.239106e-03 -9.526501e-03 3.391083e+01 -1.194100e-03 9.999881e-01 4.726137e-03 3.751550e-02 9.532342e-03 -4.714566e-03 9.999434e-01 6.504759e+01
9.999339e-01 -2.009937e-03 1.132108e-02 3.377095e+01 2.084614e-03 9.999761e-01 -6.590278e-03 3.845753e-02 -1.130766e-02 6.613465e-03 9.999142e-01 6.527892e+01
9.999530e-01 1.012271e-03 -9.633917e-03 3.378189e+01 -9.600798e-04 9.999849e-01 5.418133e-03 3.466061e-02 9.639354e-03 -5.408652e-03 9.999389e-01 6.542534e+01
9.999312e-01 -2.116024e-03 1.154434e-02 3.377248e+01 2.192746e-03 9.999756e-01 -6.639250e-03 3.038783e-02 -1.153011e-02 6.664129e-03 9.999114e-01 6.554542e+01
9.999541e-01 1.150936e-03 -9.507555e-03 3.363405e+01 -1.101940e-03 9.999861e-01 5.154558e-03 3.147601e-02 9.513453e-03 -5.143868e-03 9.999415e-01 6.569870e+01
9.999326e-01 -2.106334e-03 1.142366e-02 3.348970e+01 2.180980e-03 9.999763e-01 -6.527775e-03 3.257046e-02 -1.140974e-02 6.552273e-03 9.999135e-01 6.585297e+01
9.999555e-01 1.187793e-03 -9.348921e-03 3.351426e+01 -1.135318e-03 9.999836e-01 5.613673e-03 2.896103e-02 9.355533e-03 -5.602833e-03 9.999405e-01 6.597636e+01
9.999370e-01 -2.436545e-03 1.096568e-02 3.355254e+01 2.511264e-03 9.999737e-01 -6.807438e-03 2.402059e-02 -1.094890e-02 6.834570e-03 9.999168e-01 6.615626e+01
9.999560e-01 1.151920e-03 -9.299943e-03 3.358280e+01 -1.099061e-03 9.999832e-01 5.684311e-03 1.788287e-02 9.306432e-03 -5.673863e-03 9.999405e-01 6.629978e+01
9.999289e-01 -2.127686e-03 1.173663e-02 3.348522e+01 2.214897e-03 9.999700e-01 -7.424695e-03 1.673215e-02 -1.172058e-02 7.450186e-03 9.999036e-01 6.647896e+01
9.999581e-01 1.138229e-03 -9.079055e-03 3.330014e+01 -1.089289e-03 9.999849e-01 5.390905e-03 1.798043e-02 9.085151e-03 -5.380813e-03 9.999442e-01 6.668522e+01
9.999337e-01 -2.121621e-03 1.132063e-02 3.320419e+01 2.201518e-03 9.999727e-01 -7.051986e-03 1.710508e-02 -1.130545e-02 7.076465e-03 9.999111e-01 6.687994e+01
9.999602e-01 1.239440e-03 -8.834572e-03 3.312423e+01 -1.193725e-03 9.999859e-01 5.175113e-03 1.630156e-02 8.840958e-03 -5.164384e-03 9.999475e-01 6.708279e+01
9.999397e-01 -2.444635e-03 1.070906e-02 3.309767e+01 2.511603e-03 9.999773e-01 -6.246656e-03 1.092532e-02 -1.069364e-02 6.273200e-03 9.999232e-01 6.717331e+01
9.999668e-01 1.340098e-03 -8.031148e-03 3.300521e+01 -1.301695e-03 9.999877e-01 4.781938e-03 8.165970e-03 8.037555e-03 -4.771349e-03 9.999563e-01 6.729000e+01
9.999389e-01 -2.497888e-03 1.076966e-02 3.284563e+01 2.567509e-03 9.999759e-01 -6.457804e-03 7.183809e-03 -1.075336e-02 6.485085e-03 9.999212e-01 6.744764e+01
9.999660e-01 1.896639e-03 -8.021928e-03 3.274541e+01 -1.867123e-03 9.999915e-01 3.682112e-03 7.621858e-03 8.028940e-03 -3.667033e-03 9.999610e-01 6.781015e+01
9.999376e-01 -2.363594e-03 1.092634e-02 3.264701e+01 2.433063e-03 9.999769e-01 -6.351290e-03 7.579287e-03 -1.091117e-02 6.377502e-03 9.999202e-01 6.819425e+01
9.999645e-01 1.391569e-03 -8.306310e-03 3.257085e+01 -1.356039e-03 9.999899e-01 4.278473e-03 5.600124e-03 8.312277e-03 -4.267082e-03 9.999563e-01 6.845415e+01
9.999235e-01 -2.446969e-03 1.213052e-02 3.236311e+01 2.548757e-03 9.999616e-01 -8.384815e-03 9.263690e-03 -1.210964e-02 8.415116e-03 9.998913e-01 6.906628e+01
9.999522e-01 1.623008e-03 -9.634301e-03 3.209646e+01 -1.573274e-03 9.999854e-01 5.164775e-03 1.232929e-02 9.642640e-03 -5.149396e-03 9.999402e-01 6.961628e+01
9.999250e-01 -2.710762e-03 1.195101e-02 3.191365e+01 2.796205e-03 9.999706e-01 -7.140745e-03 1.415154e-02 -1.193140e-02 7.173651e-03 9.999031e-01 6.986176e+01
9.999518e-01 1.857827e-03 -9.632195e-03 3.181004e+01 -1.806802e-03 9.999843e-01 5.300610e-03 1.377960e-02 9.641988e-03 -5.282976e-03 9.999395e-01 7.007503e+01
9.999257e-01 -3.211148e-03 1.176786e-02 3.178145e+01 3.293222e-03 9.999703e-01 -6.963922e-03 9.366518e-03 -1.174524e-02 7.002183e-03 9.999066e-01 7.027689e+01
9.999496e-01 1.621429e-03 -9.907843e-03 3.178937e+01 -1.566872e-03 9.999836e-01 5.508946e-03 1.791624e-03 9.916710e-03 -5.493169e-03 9.999357e-01 7.045354e+01
9.999258e-01 -3.156762e-03 1.176751e-02 3.180356e+01 3.242390e-03 9.999683e-01 -7.266941e-03 -4.742976e-03 -1.174430e-02 7.304583e-03 9.999044e-01 7.069236e+01
9.999543e-01 2.061981e-03 -9.330094e-03 3.177025e+01 -2.010766e-03 9.999829e-01 5.492338e-03 -7.871211e-03 9.341355e-03 -5.473352e-03 9.999413e-01 7.090799e+01
9.999280e-01 -2.930970e-03 1.163933e-02 3.168402e+01 3.013629e-03 9.999703e-01 -7.092858e-03 -8.399362e-03 -1.161830e-02 7.127450e-03 9.999071e-01 7.108325e+01
9.999501e-01 2.196132e-03 -9.742335e-03 3.159181e+01 -2.139729e-03 9.999809e-01 5.793307e-03 -8.267593e-03 9.754968e-03 -5.772198e-03 9.999357e-01 7.121486e+01
9.999213e-01 -2.934529e-03 1.219934e-02 3.152707e+01 3.022285e-03 9.999696e-01 -7.183507e-03 -9.132879e-03 -1.217799e-02 7.219837e-03 9.998998e-01 7.133265e+01
9.999530e-01 2.009813e-03 -9.474277e-03 3.136415e+01 -1.958044e-03 9.999831e-01 5.467354e-03 -8.219081e-03 9.485202e-03 -5.448572e-03 9.999401e-01 7.148654e+01
9.999220e-01 -3.095787e-03 1.210377e-02 3.129265e+01 3.183145e-03 9.999690e-01 -7.207085e-03 -9.589021e-03 -1.208118e-02 7.245077e-03 9.999008e-01 7.166333e+01
9.999609e-01 1.910504e-03 -8.632589e-03 3.113433e+01 -1.871983e-03 9.999883e-01 4.464846e-03 -8.759875e-03 8.641114e-03 -4.448538e-03 9.999527e-01 7.194836e+01
9.999293e-01 -3.047629e-03 1.150084e-02 3.092824e+01 3.127415e-03 9.999711e-01 -6.928191e-03 -7.349640e-03 -1.147949e-02 6.963695e-03 9.999099e-01 7.220963e+01
9.999610e-01 1.989546e-03 -8.595065e-03 3.081730e+01 -1.948419e-03 9.999866e-01 4.787386e-03 -7.825101e-03 8.604571e-03 -4.770479e-03 9.999516e-01 7.242255e+01
9.999306e-01 -3.097699e-03 1.137005e-02 3.064773e+01 3.178074e-03 9.999700e-01 -7.060255e-03 -6.369079e-03 -1.134793e-02 7.095927e-03 9.999105e-01 7.266341e+01
9.999613e-01 2.031743e-03 -8.555777e-03 3.048027e+01 -1.990450e-03 9.999864e-01 4.828592e-03 -4.861023e-03 8.565566e-03 -4.811402e-03 9.999517e-01 7.291178e+01
9.999298e-01 -3.064683e-03 1.144676e-02 3.027063e+01 3.146817e-03 9.999694e-01 -7.166706e-03 -2.659982e-03 -1.142454e-02 7.202250e-03 9.999088e-01 7.317576e+01
9.999660e-01 1.578995e-03 -8.081305e-03 2.992302e+01 -1.542596e-03 9.999887e-01 4.504708e-03 1.939503e-03 8.088422e-03 -4.492115e-03 9.999572e-01 7.348640e+01
9.999317e-01 -2.717250e-03 1.137325e-02 2.969802e+01 2.800410e-03 9.999694e-01 -7.304904e-03 4.056021e-03 -1.135315e-02 7.336281e-03 9.999087e-01 7.381511e+01
9.999611e-01 1.715753e-03 -8.646757e-03 2.961737e+01 -1.673288e-03 9.999865e-01 4.912407e-03 2.687951e-03 8.655164e-03 -4.897774e-03 9.999505e-01 7.412575e+01
9.999200e-01 -2.335764e-03 1.243533e-02 2.952419e+01 2.438423e-03 9.999630e-01 -8.249048e-03 3.631698e-03 -1.241570e-02 8.278737e-03 9.998887e-01 7.457475e+01
9.999644e-01 1.307638e-03 -8.325091e-03 2.933496e+01 -1.270196e-03 9.999891e-01 4.497574e-03 6.299096e-03 8.330977e-03 -4.486866e-03 9.999552e-01 7.512704e+01
9.999172e-01 -2.498452e-03 1.262999e-02 2.908880e+01 2.607403e-03 9.999595e-01 -8.619685e-03 9.976703e-03 -1.260804e-02 8.651930e-03 9.998831e-01 7.577010e+01
9.999610e-01 8.916155e-04 -8.780180e-03 2.871170e+01 -8.574389e-04 9.999921e-01 3.891903e-03 1.543486e-02 8.783676e-03 -3.884251e-03 9.999538e-01 7.648730e+01
9.999091e-01 -2.963195e-03 1.315434e-02 2.820237e+01 3.088009e-03 9.999503e-01 -9.480627e-03 2.296547e-02 -1.312569e-02 9.520414e-03 9.998686e-01 7.734139e+01
9.999555e-01 2.057383e-03 -9.196376e-03 2.807035e+01 -2.001436e-03 9.999795e-01 6.085201e-03 2.270744e-02 9.208801e-03 -6.066552e-03 9.999392e-01 7.779236e+01
9.999229e-01 -3.135817e-03 1.202085e-02 2.814869e+01 3.225694e-03 9.999669e-01 -7.467321e-03 1.734329e-02 -1.199713e-02 7.505548e-03 9.998999e-01 7.800813e+01
9.999543e-01 2.283801e-03 -9.277627e-03 2.805963e+01 -2.234649e-03 9.999834e-01 5.301412e-03 1.696159e-02 9.289675e-03 -5.280466e-03 9.999429e-01 7.828057e+01
9.999266e-01 -3.117842e-03 1.171575e-02 2.796043e+01 3.203189e-03 9.999684e-01 -7.275874e-03 1.718969e-02 -1.169279e-02 7.312895e-03 9.999049e-01 7.851963e+01
9.999544e-01 2.217744e-03 -9.287080e-03 2.787509e+01 -2.167986e-03 9.999833e-01 5.360803e-03 1.700400e-02 9.298908e-03 -5.340453e-03 9.999425e-01 7.874632e+01
9.999244e-01 -3.297636e-03 1.185169e-02 2.781425e+01 3.381836e-03 9.999691e-01 -7.094195e-03 1.564489e-02 -1.182803e-02 7.133767e-03 9.999046e-01 7.893532e+01
9.999543e-01 2.195306e-03 -9.294260e-03 2.774638e+01 -2.144669e-03 9.999828e-01 5.451123e-03 1.396862e-02 9.306161e-03 -5.430969e-03 9.999419e-01 7.910927e+01
9.999166e-01 -3.240956e-03 1.250426e-02 2.763197e+01 3.337504e-03 9.999647e-01 -7.710673e-03 1.379324e-02 -1.247892e-02 7.751791e-03 9.998921e-01 7.936111e+01
9.999537e-01 1.987675e-03 -9.408325e-03 2.742433e+01 -1.937872e-03 9.999841e-01 5.296099e-03 1.585032e-02 9.418796e-03 -5.277650e-03 9.999417e-01 7.964865e+01
9.999185e-01 -3.191721e-03 1.236552e-02 2.723056e+01 3.285212e-03 9.999661e-01 -7.550337e-03 1.770371e-02 -1.234110e-02 7.590373e-03 9.998951e-01 7.990616e+01
9.999515e-01 1.960350e-03 -9.641171e-03 2.703495e+01 -1.908669e-03 9.999838e-01 5.363170e-03 1.968266e-02 9.651622e-03 -5.344537e-03 9.999391e-01 8.016720e+01
9.999229e-01 -3.143586e-03 1.201732e-02 2.684392e+01 3.231668e-03 9.999680e-01 -7.319948e-03 2.156156e-02 -1.199402e-02 7.358248e-03 9.999010e-01 8.039660e+01
9.999538e-01 2.227884e-03 -9.348148e-03 2.669396e+01 -2.178725e-03 9.999838e-01 5.261942e-03 2.248409e-02 9.359813e-03 -5.241361e-03 9.999424e-01 8.062745e+01
9.999216e-01 -3.183923e-03 1.211129e-02 2.661295e+01 3.271297e-03 9.999687e-01 -7.204029e-03 2.126916e-02 -1.208807e-02 7.243112e-03 9.999007e-01 8.085493e+01
9.999560e-01 2.152768e-03 -9.126091e-03 2.644222e+01 -2.109978e-03 9.999868e-01 4.692065e-03 2.268525e-02 9.136164e-03 -4.672631e-03 9.999473e-01 8.115587e+01
9.999288e-01 -3.237187e-03 1.149117e-02 2.625482e+01 3.316689e-03 9.999706e-01 -6.909131e-03 2.443835e-02 -1.146856e-02 6.946781e-03 9.999101e-01 8.143740e+01
9.999555e-01 2.275641e-03 -9.151694e-03 2.615487e+01 -2.228927e-03 9.999845e-01 5.107556e-03 2.444738e-02 9.163268e-03 -5.086959e-03 9.999450e-01 8.163598e+01
9.999245e-01 -3.395820e-03 1.181628e-02 2.610738e+01 3.475464e-03 9.999713e-01 -6.729114e-03 2.265452e-02 -1.179318e-02 6.769702e-03 9.999076e-01 8.180930e+01
9.999569e-01 2.059129e-03 -9.042738e-03 2.610364e+01 -2.010567e-03 9.999835e-01 5.372134e-03 1.792550e-02 9.053744e-03 -5.353751e-03 9.999446e-01 8.194321e+01
9.999254e-01 -3.969438e-03 1.155849e-02 2.619062e+01 4.043793e-03 9.999712e-01 -6.419697e-03 8.270046e-03 -1.153277e-02 6.465988e-03 9.999126e-01 8.205343e+01
9.999580e-01 2.030226e-03 -8.933967e-03 2.633309e+01 -1.980530e-03 9.999826e-01 5.563840e-03 -5.558803e-03 8.945200e-03 -5.545942e-03 9.999446e-01 8.211205e+01
9.999280e-01 -3.610591e-03 1.144761e-02 2.644311e+01 3.685265e-03 9.999720e-01 -6.511826e-03 -1.851758e-02 -1.142387e-02 6.553574e-03 9.999133e-01 8.214488e+01
9.999571e-01 1.902491e-03 -9.057513e-03 2.649248e+01 -1.852580e-03 9.999831e-01 5.511700e-03 -2.689745e-02 9.067938e-03 -5.494713e-03 9.999438e-01 8.223569e+01
9.999290e-01 -3.455236e-03 1.140747e-02 2.655387e+01 3.531229e-03 9.999716e-01 -6.651388e-03 -3.389755e-02 -1.138425e-02 6.691228e-03 9.999128e-01 8.235105e+01
9.999575e-01 2.051603e-03 -8.981856e-03 2.658054e+01 -2.002716e-03 9.999832e-01 5.444372e-03 -3.944026e-02 8.992967e-03 -5.426183e-03 9.999448e-01 8.247341e+01
9.999269e-01 -3.251151e-03 1.164871e-02 2.659684e+01 3.327529e-03 9.999730e-01 -6.546457e-03 -4.516482e-02 -1.162720e-02 6.584770e-03 9.999108e-01 8.255055e+01
9.999604e-01 2.057231e-03 -8.655526e-03 2.692100e+01 -2.003892e-03 9.999790e-01 6.162400e-03 -6.319552e-02 8.668114e-03 -6.144841e-03 9.999435e-01 8.254047e+01
9.999199e-01 -2.955161e-03 1.231195e-02 2.723415e+01 3.041059e-03 9.999711e-01 -6.966873e-03 -7.836862e-02 -1.229110e-02 7.003786e-03 9.999000e-01 8.258234e+01
9.999530e-01 1.791220e-03 -9.526376e-03 2.736250e+01 -1.731554e-03 9.999789e-01 6.263997e-03 -8.753629e-02 9.537487e-03 -6.247237e-03 9.999350e-01 8.262590e+01
9.999243e-01 -2.853359e-03 1.197182e-02 2.734502e+01 2.942056e-03 9.999683e-01 -7.400800e-03 -9.177855e-02 -1.195042e-02 7.435492e-03 9.999010e-01 8.273127e+01
9.999510e-01 1.459435e-03 -9.785173e-03 2.737543e+01 -1.397137e-03 9.999788e-01 6.366584e-03 -9.874262e-02 9.794349e-03 -6.352630e-03 9.999318e-01 8.282838e+01
9.999247e-01 -2.825311e-03 1.194600e-02 2.741510e+01 2.912747e-03 9.999690e-01 -7.311293e-03 -1.069758e-01 -1.192506e-02 7.345568e-03 9.999020e-01 8.289779e+01
9.999576e-01 1.889322e-03 -9.006964e-03 2.745045e+01 -1.832114e-03 9.999781e-01 6.351377e-03 -1.155017e-01 9.018859e-03 -6.334636e-03 9.999392e-01 8.290753e+01
9.999246e-01 -2.711753e-03 1.198310e-02 2.755672e+01 2.795921e-03 9.999715e-01 -7.015869e-03 -1.268682e-01 -1.196383e-02 7.048874e-03 9.999036e-01 8.285936e+01
9.999580e-01 1.494340e-03 -9.034813e-03 2.776862e+01 -1.434704e-03 9.999772e-01 6.599334e-03 -1.418663e-01 9.044561e-03 -6.586124e-03 9.999374e-01 8.281917e+01
9.999229e-01 -3.042924e-03 1.204653e-02 2.793486e+01 3.129824e-03 9.999692e-01 -7.204522e-03 -1.539937e-01 -1.202433e-02 7.241700e-03 9.999015e-01 8.285752e+01
9.999579e-01 1.947493e-03 -8.963242e-03 2.804193e+01 -1.889459e-03 9.999773e-01 6.474251e-03 -1.633398e-01 8.975738e-03 -6.457073e-03 9.999388e-01 8.288191e+01
9.999274e-01 -2.886660e-03 1.170071e-02 2.806617e+01 2.974063e-03 9.999677e-01 -7.462627e-03 -1.711045e-01 -1.167888e-02 7.496914e-03 9.999037e-01 8.291541e+01
9.999593e-01 1.715993e-03 -8.845882e-03 2.807235e+01 -1.659138e-03 9.999780e-01 6.426369e-03 -1.755280e-01 8.856806e-03 -6.411461e-03 9.999402e-01 8.300873e+01
9.999282e-01 -2.611737e-03 1.169833e-02 2.797032e+01 2.702679e-03 9.999662e-01 -7.768119e-03 -1.761023e-01 -1.167774e-02 7.799208e-03 9.999014e-01 8.312016e+01
9.999622e-01 1.893328e-03 -8.479921e-03 2.790329e+01 -1.835579e-03 9.999751e-01 6.808135e-03 -1.780290e-01 8.492691e-03 -6.792342e-03 9.999408e-01 8.318296e+01
9.999324e-01 -2.429557e-03 1.137531e-02 2.804505e+01 2.509695e-03 9.999721e-01 -7.039257e-03 -1.871004e-01 -1.135798e-02 7.067360e-03 9.999106e-01 8.314435e+01
9.999629e-01 1.385518e-03 -8.493709e-03 2.831352e+01 -1.327615e-03 9.999759e-01 6.814434e-03 -2.011226e-01 8.503036e-03 -6.802935e-03 9.999407e-01 8.312038e+01
9.999358e-01 -2.629002e-03 1.102770e-02 2.837284e+01 2.713147e-03 9.999672e-01 -7.625807e-03 -2.097419e-01 -1.100738e-02 7.655267e-03 9.999101e-01 8.316613e+01
9.999636e-01 1.932484e-03 -8.304717e-03 2.839140e+01 -1.876094e-03 9.999752e-01 6.787863e-03 -2.169114e-01 8.317719e-03 -6.772066e-03 9.999424e-01 8.316899e+01
9.999346e-01 -2.567031e-03 1.115433e-02 2.841645e+01 2.651290e-03 9.999680e-01 -7.549187e-03 -2.222535e-01 -1.113468e-02 7.578296e-03 9.999093e-01 8.319754e+01
9.999655e-01 1.776948e-03 -8.102797e-03 2.840654e+01 -1.726100e-03 9.999788e-01 6.273114e-03 -2.242871e-01 8.113862e-03 -6.258942e-03 9.999475e-01 8.332997e+01
9.999328e-01 -1.729171e-03 1.147044e-02 2.851586e+01 1.827230e-03 9.999618e-01 -8.547263e-03 -2.285693e-01 -1.145531e-02 8.567677e-03 9.998977e-01 8.363881e+01
9.999623e-01 1.355831e-03 -8.564575e-03 2.859692e+01 -1.299597e-03 9.999776e-01 6.563315e-03 -2.330582e-01 8.573372e-03 -6.551968e-03 9.999417e-01 8.388681e+01
9.999336e-01 -2.151382e-03 1.133018e-02 2.870950e+01 2.235910e-03 9.999697e-01 -7.456511e-03 -2.405372e-01 -1.131389e-02 7.481379e-03 9.999080e-01 8.399154e+01
9.999613e-01 1.566202e-03 -8.650095e-03 2.882837e+01 -1.508578e-03 9.999767e-01 6.659542e-03 -2.465765e-01 8.660413e-03 -6.646265e-03 9.999404e-01 8.408516e+01
9.999365e-01 -2.199324e-03 1.105844e-02 2.906506e+01 2.278953e-03 9.999715e-01 -7.196853e-03 -2.579235e-01 -1.104239e-02 7.221628e-03 9.999130e-01 8.412253e+01
9.999612e-01 1.305086e-03 -8.710412e-03 2.934287e+01 -1.246361e-03 9.999765e-01 6.739351e-03 -2.720880e-01 8.719092e-03 -6.728263e-03 9.999393e-01 8.416549e+01
9.999215e-01 -9.957375e-04 1.249200e-02 2.980577e+01 1.083804e-03 9.999746e-01 -7.048216e-03 -2.871536e-01 -1.248475e-02 7.061232e-03 9.998972e-01 8.420463e+01
9.999656e-01 1.784360e-03 -8.095903e-03 3.029939e+01 -1.731116e-03 9.999769e-01 6.573914e-03 -3.014865e-01 8.107535e-03 -6.559703e-03 9.999456e-01 8.426447e+01
9.999288e-01 -1.303949e-03 1.186757e-02 3.081738e+01 1.384841e-03 9.999758e-01 -6.813882e-03 -3.183634e-01 -1.185849e-02 6.829861e-03 9.999064e-01 8.428623e+01
9.999603e-01 1.794106e-03 -8.723780e-03 3.132852e+01 -1.731460e-03 9.999727e-01 7.178609e-03 -3.364505e-01 8.736511e-03 -7.163249e-03 9.999361e-01 8.423262e+01
9.999329e-01 -1.689826e-03 1.146763e-02 3.175425e+01 1.771461e-03 9.999731e-01 -7.115846e-03 -3.528007e-01 -1.145539e-02 7.135712e-03 9.999090e-01 8.421146e+01
9.999605e-01 2.678933e-03 -8.469390e-03 3.228368e+01 -2.611993e-03 9.999654e-01 7.900166e-03 -3.710261e-01 8.490350e-03 -7.877761e-03 9.999329e-01 8.408934e+01
9.999345e-01 -2.465858e-03 1.118106e-02 3.279167e+01 2.552809e-03 9.999665e-01 -7.772596e-03 -3.893283e-01 -1.116161e-02 7.800660e-03 9.999073e-01 8.407137e+01
9.999632e-01 1.765209e-03 -8.393389e-03 3.309309e+01 -1.706695e-03 9.999743e-01 6.968682e-03 -4.015384e-01 8.405563e-03 -6.954130e-03 9.999405e-01 8.418622e+01
9.999400e-01 -2.014669e-03 1.076893e-02 3.344472e+01 2.090710e-03 9.999729e-01 -7.058185e-03 -4.164241e-01 -1.075451e-02 7.080306e-03 9.999171e-01 8.418061e+01
9.999601e-01 1.422325e-03 -8.813542e-03 3.373262e+01 -1.360396e-03 9.999744e-01 7.023959e-03 -4.311465e-01 8.823395e-03 -7.011718e-03 9.999365e-01 8.415072e+01
