9.999992e-01 1.228180e-03 -3.006744e-04 -9.098309e-02 -1.228320e-03 9.999991e-01 -4.671811e-04 -1.557475e-03 3.001004e-04 4.675496e-04 9.999999e-01 2.667118e-01
9.999888e-01 4.710273e-03 5.375480e-04 -2.220206e-01 -4.709829e-03 9.999886e-01 -8.243318e-04 -4.622260e-03 -5.414246e-04 8.217911e-04 9.999994e-01 9.589662e-01
9.999980e-01 3.864177e-04 -1.949671e-03 -4.157650e-01 -3.852379e-04 9.999997e-01 6.054598e-04 -6.157314e-03 1.949905e-03 -6.047078e-04 9.999980e-01 1.523652e+00
9.999857e-01 5.074306e-03 -1.685814e-03 -6.792205e-01 -5.074327e-03 9.999871e-01 -8.357456e-06 -6.771031e-03 1.685749e-03 1.691204e-05 9.999985e-01 2.084599e+00
9.999878e-01 2.135363e-03 -4.450022e-03 -1.068646e+00 -2.128990e-03 9.999967e-01 1.436325e-03 -5.949219e-03 4.453076e-03 -1.426834e-03 9.999892e-01 2.786496e+00
9.999972e-01 -2.413005e-04 2.353441e-03 -1.273305e+00 2.439775e-04 9.999993e-01 -1.137291e-03 -6.194120e-03 -2.353166e-03 1.137863e-03 9.999965e-01 3.097106e+00
9.999953e-01 -3.854811e-04 -3.045844e-03 -1.262071e+00 3.864361e-04 9.999999e-01 3.129624e-04 -9.466706e-03 3.045725e-03 -3.141384e-04 9.999954e-01 3.182285e+00
9.999966e-01 3.004612e-04 2.592456e-03 -1.310828e+00 -2.980394e-04 9.999995e-01 -9.345113e-04 -1.129020e-02 -2.592737e-03 9.337358e-04 9.999961e-01 3.319998e+00
9.999918e-01 -8.656402e-05 -4.043190e-03 -1.391465e+00 8.899005e-05 9.999998e-01 5.998555e-04 -1.321336e-02 4.043139e-03 -6.002107e-04 9.999917e-01 3.452262e+00
9.999959e-01 3.133397e-04 2.860918e-03 -1.570302e+00 -3.112977e-04 9.999997e-01 -7.141560e-04 -1.372078e-02 -2.861142e-03 7.132627e-04 9.999956e-01 3.576487e+00
9.999930e-01 -5.191344e-04 -3.712920e-03 -1.700973e+00 5.198686e-04 9.999998e-01 1.967866e-04 -1.540919e-02 3.712819e-03 -1.987157e-04 9.999932e-01 3.656991e+00
9.999970e-01 5.036086e-04 2.398618e-03 -1.822191e+00 -5.025593e-04 9.999998e-01 -4.380301e-04 -1.684517e-02 -2.398840e-03 4.368236e-04 9.999969e-01 3.761007e+00
9.999880e-01 6.064664e-04 -4.858047e-03 -2.003753e+00 -6.032591e-04 9.999996e-01 6.616533e-04 -1.723273e-02 4.858448e-03 -6.587149e-04 9.999881e-01 3.981449e+00
9.999968e-01 1.782744e-03 1.780232e-03 -2.176568e+00 -1.782079e-03 9.999983e-01 -3.750793e-04 -1.817366e-02 -1.780900e-03 3.719059e-04 9.999982e-01 4.280729e+00
9.999939e-01 -9.650637e-04 -3.368204e-03 -2.284314e+00 9.662226e-04 9.999995e-01 3.424743e-04 -1.930832e-02 3.367874e-03 -3.457269e-04 9.999944e-01 4.466604e+00
9.999970e-01 5.957392e-04 2.379521e-03 -2.321114e+00 -5.936157e-04 9.999994e-01 -8.929861e-04 -2.142300e-02 -2.380054e-03 8.915711e-04 9.999967e-01 4.552474e+00
9.999924e-01 -9.316028e-04 -3.787345e-03 -2.351967e+00 9.328066e-04 9.999995e-01 3.160880e-04 -2.386618e-02 3.787051e-03 -3.196186e-04 9.999929e-01 4.615704e+00
9.999981e-01 5.695081e-04 1.875573e-03 -2.350522e+00 -5.679635e-04 9.999995e-01 -8.239634e-04 -2.727306e-02 -1.876044e-03 8.228967e-04 9.999978e-01 4.664287e+00
9.999952e-01 -9.790259e-04 -2.954503e-03 -2.404989e+00 9.800792e-04 9.999995e-01 3.550913e-04 -2.909897e-02 2.954157e-03 -3.579853e-04 9.999957e-01 4.747179e+00
9.999881e-01 2.254952e-03 4.317500e-03 -2.327933e+00 -2.246868e-03 9.999957e-01 -1.876264e-03 -3.270724e-02 -4.321716e-03 1.866540e-03 9.999888e-01 5.010920e+00
9.999905e-01 -9.647602e-06 -4.353669e-03 -2.367472e+00 1.408970e-05 9.999995e-01 1.020285e-03 -3.490018e-02 4.353660e-03 -1.020337e-03 9.999901e-01 5.348563e+00
9.999931e-01 -6.355619e-04 3.671847e-03 -2.343240e+00 6.408614e-04 9.999988e-01 -1.442273e-03 -3.790917e-02 -3.670929e-03 1.444616e-03 9.999921e-01 5.406994e+00
9.999800e-01 1.579323e-04 -6.326539e-03 -2.196697e+00 -1.514693e-04 9.999995e-01 1.022034e-03 -4.622648e-02 6.326700e-03 -1.021055e-03 9.999796e-01 5.342202e+00
9.999928e-01 -6.035674e-04 3.738655e-03 -1.992735e+00 6.079718e-04 9.999991e-01 -1.177056e-03 -5.603551e-02 -3.737945e-03 1.179320e-03 9.999922e-01 5.247799e+00
9.999792e-01 1.704553e-04 -6.443944e-03 -1.781360e+00 -1.625211e-04 9.999992e-01 1.231760e-03 -6.602247e-02 6.444153e-03 -1.230687e-03 9.999786e-01 5.114367e+00
9.999736e-01 -1.343687e-03 7.144962e-03 -1.673142e+00 1.361109e-03 9.999961e-01 -2.434084e-03 -7.034364e-02 -7.141667e-03 2.443744e-03 9.999714e-01 5.172438e+00
9.999652e-01 2.465056e-03 -7.967882e-03 -1.712580e+00 -2.449170e-03 9.999950e-01 2.002830e-03 -7.204821e-02 7.972783e-03 -1.983245e-03 9.999664e-01 5.393805e+00
9.999642e-01 -2.061504e-03 8.204565e-03 -1.664095e+00 2.087666e-03 9.999928e-01 -3.181447e-03 -7.519621e-02 -8.197951e-03 3.198461e-03 9.999612e-01 5.575654e+00
9.999556e-01 1.354655e-03 -9.326185e-03 -1.571387e+00 -1.329312e-03 9.999954e-01 2.723002e-03 -8.152908e-02 9.329835e-03 -2.710483e-03 9.999529e-01 5.542900e+00
9.999607e-01 -1.905958e-03 8.656143e-03 -1.537018e+00 1.928404e-03 9.999948e-01 -2.585423e-03 -8.607087e-02 -8.651175e-03 2.602014e-03 9.999591e-01 5.505619e+00
9.999608e-01 9.064975e-04 -8.807740e-03 -1.496332e+00 -8.861146e-04 9.999969e-01 2.317826e-03 -8.990449e-02 8.809818e-03 -2.309930e-03 9.999586e-01 5.500049e+00
9.999621e-01 -1.990900e-03 8.472267e-03 -1.411389e+00 2.019232e-03 9.999924e-01 -3.336906e-03 -9.533840e-02 -8.465563e-03 3.353886e-03 9.999584e-01 5.544680e+00
9.999710e-01 1.099863e-03 -7.539330e-03 -1.292384e+00 -1.086953e-03 9.999979e-01 1.716343e-03 -1.000735e-01 7.541206e-03 -1.708097e-03 9.999702e-01 5.643139e+00
9.999715e-01 2.802844e-04 7.538934e-03 -1.287139e+00 -2.594114e-04 9.999961e-01 -2.769531e-03 -1.027275e-01 -7.539686e-03 2.767495e-03 9.999676e-01 5.899853e+00
9.999681e-01 1.428248e-03 -7.861086e-03 -1.321863e+00 -1.412229e-03 9.999969e-01 2.042946e-03 -1.048219e-01 7.863984e-03 -2.031779e-03 9.999671e-01 6.180219e+00
9.999756e-01 -8.912311e-04 6.933766e-03 -1.421777e+00 9.060420e-04 9.999973e-01 -2.133216e-03 -1.058744e-01 -6.931850e-03 2.139445e-03 9.999736e-01 6.344532e+00
9.999751e-01 9.098842e-04 -7.002254e-03 -1.449092e+00 -8.996155e-04 9.999985e-01 1.469499e-03 -1.077114e-01 7.003585e-03 -1.463162e-03 9.999745e-01 6.501794e+00
9.999756e-01 -1.370666e-03 6.844067e-03 -1.483938e+00 1.381364e-03 9.999978e-01 -1.558645e-03 -1.107819e-01 -6.841920e-03 1.568060e-03 9.999753e-01 6.519727e+00
9.999740e-01 1.139874e-03 -7.126981e-03 -1.548245e+00 -1.130875e-03 9.999986e-01 1.266570e-03 -1.131903e-01 7.128418e-03 -1.258476e-03 9.999739e-01 6.532808e+00
9.999748e-01 -1.506581e-03 6.938849e-03 -1.569336e+00 1.514261e-03 9.999982e-01 -1.101618e-03 -1.165143e-01 -6.937181e-03 1.112096e-03 9.999752e-01 6.524844e+00
9.999683e-01 1.023928e-03 -7.893411e-03 -1.646900e+00 -1.018391e-03 9.999992e-01 7.055319e-04 -1.177202e-01 7.894132e-03 -6.974698e-04 9.999687e-01 6.606883e+00
9.999685e-01 -1.495357e-03 7.795425e-03 -1.662285e+00 1.500203e-03 9.999987e-01 -6.158252e-04 -1.211624e-01 -7.794498e-03 6.274993e-04 9.999693e-01 6.597839e+00
9.999614e-01 1.133032e-03 -8.713858e-03 -1.628864e+00 -1.125391e-03 9.999990e-01 8.817333e-04 -1.263612e-01 8.714852e-03 -8.718916e-04 9.999617e-01 6.477839e+00
9.999836e-01 -1.982465e-03 5.374853e-03 -1.338388e+00 1.988965e-03 9.999973e-01 -1.204278e-03 -1.369132e-01 -5.372456e-03 1.214948e-03 9.999847e-01 6.161579e+00
9.999627e-01 1.400821e-03 -8.528412e-03 -9.779591e-01 -1.390005e-03 9.999982e-01 1.273963e-03 -1.484323e-01 8.530186e-03 -1.262060e-03 9.999629e-01 5.938162e+00
9.999742e-01 -1.910123e-03 6.930707e-03 -8.132829e-01 1.916054e-03 9.999978e-01 -8.491366e-04 -1.560057e-01 -6.929075e-03 8.623932e-04 9.999755e-01 5.804480e+00
9.999693e-01 1.558523e-03 -7.673523e-03 -7.920001e-01 -1.548131e-03 9.999979e-01 1.360045e-03 -1.603900e-01 7.675631e-03 -1.348123e-03 9.999697e-01 5.766303e+00
9.999692e-01 -2.739282e-03 7.361679e-03 -6.221640e-01 2.753945e-03 9.999942e-01 -1.982306e-03 -1.668187e-01 -7.356212e-03 2.002517e-03 9.999708e-01 5.809726e+00
9.999745e-01 3.148587e-03 -6.413520e-03 -4.807882e-01 -3.147205e-03 9.999950e-01 2.255015e-04 -1.719081e-01 6.414203e-03 -2.053098e-04 9.999795e-01 5.968093e+00
9.999829e-01 9.949989e-04 5.755284e-03 -4.352814e-01 -9.852809e-04 9.999981e-01 -1.691123e-03 -1.755273e-01 -5.756961e-03 1.685422e-03 9.999819e-01 6.375108e+00
9.999663e-01 7.669503e-03 -2.923330e-03 -1.210129e-01 -7.673575e-03 9.999696e-01 -1.384158e-03 -1.877971e-01 2.912631e-03 1.406546e-03 9.999949e-01 7.123191e+00
9.999284e-01 -2.892124e-03 1.160951e-02 6.788675e-01 2.916657e-03 9.999935e-01 -2.096775e-03 -2.074271e-01 -1.160337e-02 2.130484e-03 9.999303e-01 7.528883e+00
9.999826e-01 5.894868e-03 2.842792e-04 1.922278e+00 -5.895229e-03 9.999818e-01 1.284061e-03 -2.338310e-01 -2.767017e-04 -1.285712e-03 9.999992e-01 7.529469e+00
9.998939e-01 -2.810840e-03 1.429353e-02 3.595175e+00 2.825201e-03 9.999955e-01 -9.846201e-04 -2.645683e-01 -1.429070e-02 1.024896e-03 9.998973e-01 7.244165e+00
9.999765e-01 6.094939e-03 3.128855e-03 5.602583e+00 -6.101753e-03 9.999790e-01 2.172989e-03 -2.976775e-01 -3.115546e-03 -2.192027e-03 9.999928e-01 6.722980e+00
9.999113e-01 -3.811969e-03 1.276436e-02 7.717399e+00 3.799979e-03 9.999923e-01 9.634271e-04 -3.274761e-01 -1.276793e-02 -9.148391e-04 9.999180e-01 5.852665e+00
9.999734e-01 5.471831e-03 4.820788e-03 1.003014e+01 -5.482080e-03 9.999827e-01 2.115368e-03 -3.524063e-01 -4.809134e-03 -2.141738e-03 9.999862e-01 4.580531e+00
9.999080e-01 -3.844634e-03 1.300777e-02 1.226016e+01 3.832463e-03 9.999922e-01 9.604638e-04 -3.748203e-01 -1.301135e-02 -9.105248e-04 9.999148e-01 3.284872e+00
9.999590e-01 5.357866e-03 7.297550e-03 1.470272e+01 -5.371634e-03 9.999838e-01 1.868280e-03 -3.998538e-01 -7.287429e-03 -1.907402e-03 9.999717e-01 1.952686e+00
9.998820e-01 -3.784653e-03 1.489055e-02 1.735995e+01 3.769738e-03 9.999924e-01 1.029536e-03 -4.276926e-01 -1.489432e-02 -9.732816e-04 9.998885e-01 5.750725e-01
9.999558e-01 5.266106e-03 7.794707e-03 2.011309e+01 -5.281672e-03 9.999841e-01 1.977812e-03 -4.568058e-01 -7.784179e-03 -2.018893e-03 9.999678e-01 -8.377477e-01
9.999123e-01 -3.519167e-03 1.277077e-02 2.264257e+01 3.508897e-03 9.999935e-01 8.265132e-04 -4.864899e-01 -1.277358e-02 -7.816294e-04 9.999180e-01 -1.996209e+00
9.999618e-01 5.934509e-03 6.411886e-03 2.501634e+01 -5.946280e-03 9.999807e-01 1.818286e-03 -5.180679e-01 -6.400987e-03 -1.856344e-03 9.999779e-01 -2.912315e+00
9.999217e-01 -4.048447e-03 1.183790e-02 2.739297e+01 4.031867e-03 9.999909e-01 1.424069e-03 -5.467670e-01 -1.184354e-02 -1.376228e-03 9.999288e-01 -4.009736e+00
9.999879e-01 4.819466e-03 1.034114e-03 2.921003e+01 -4.820702e-03 9.999877e-01 1.195797e-03 -5.696021e-01 -1.028357e-03 -1.200768e-03 9.999988e-01 -4.953470e+00
9.999665e-01 -3.410354e-03 7.440332e-03 3.056167e+01 3.408207e-03 9.999941e-01 3.013231e-04 -5.901568e-01 -7.441296e-03 -2.759538e-04 9.999722e-01 -5.503154e+00
9.999876e-01 3.999275e-03 2.957869e-03 3.199292e+01 -4.003139e-03 9.999911e-01 1.301718e-03 -6.106422e-01 -2.952658e-03 -1.313544e-03 9.999949e-01 -6.038231e+00
9.999911e-01 -2.909078e-03 3.046967e-03 3.276489e+01 2.911504e-03 9.999954e-01 -7.922565e-04 -6.234015e-01 -3.044627e-03 8.011220e-04 9.999949e-01 -6.225880e+00
9.999943e-01 3.051711e-03 -1.432084e-03 3.323830e+01 -3.050113e-03 9.999947e-01 1.116979e-03 -6.337417e-01 1.435464e-03 -1.112606e-03 9.999984e-01 -6.300910e+00
9.999921e-01 -3.335165e-03 2.171186e-03 3.367200e+01 3.335648e-03 9.999944e-01 -2.187761e-04 -6.421615e-01 -2.170423e-03 2.260181e-04 9.999975e-01 -6.473996e+00
9.999927e-01 2.800735e-03 -2.609454e-03 3.365304e+01 -2.802330e-03 9.999959e-01 -6.079666e-04 -6.450940e-01 2.607719e-03 6.152733e-04 9.999965e-01 -6.407729e+00
9.999903e-01 -3.903649e-03 2.028759e-03 3.370552e+01 3.901957e-03 9.999920e-01 8.370191e-04 -6.485943e-01 -2.031989e-03 -8.290936e-04 9.999975e-01 -6.404925e+00
9.999663e-01 5.374859e-03 -6.204402e-03 3.345186e+01 -5.375549e-03 9.999855e-01 -9.456466e-05 -6.470397e-01 6.203783e-03 1.279121e-04 9.999808e-01 -6.163439e+00
9.999816e-01 -4.889827e-03 3.587121e-03 3.329593e+01 4.888957e-03 9.999880e-01 2.510729e-04 -6.469287e-01 -3.588285e-03 -2.335296e-04 9.999934e-01 -6.031197e+00
9.999762e-01 4.268005e-03 -5.425811e-03 3.330089e+01 -4.268716e-03 9.999909e-01 -1.194770e-04 -6.505315e-01 5.425231e-03 1.426339e-04 9.999854e-01 -6.019695e+00
9.999877e-01 -3.797986e-03 3.191631e-03 3.313883e+01 3.797899e-03 9.999928e-01 3.321418e-05 -6.508434e-01 -3.191714e-03 -2.109090e-05 9.999948e-01 -5.900365e+00
9.999766e-01 4.082815e-03 -5.482159e-03 3.299459e+01 -4.083390e-03 9.999917e-01 -9.368378e-05 -6.510543e-01 5.481711e-03 1.160659e-04 9.999851e-01 -5.771214e+00
9.999875e-01 -3.933766e-03 3.085220e-03 3.287096e+01 3.935108e-03 9.999922e-01 -4.288986e-04 -6.545244e-01 -3.083488e-03 4.410352e-04 9.999950e-01 -5.700229e+00
9.999670e-01 4.434234e-03 -6.812183e-03 3.283968e+01 -4.431555e-03 9.999901e-01 4.082661e-04 -6.621925e-01 6.813906e-03 -3.780655e-04 9.999768e-01 -5.724500e+00
9.999767e-01 -4.654660e-03 5.001339e-03 3.263774e+01 4.652739e-03 9.999891e-01 3.954839e-04 -6.650284e-01 -5.003106e-03 -3.722033e-04 9.999873e-01 -5.742265e+00
9.999679e-01 4.374619e-03 -6.705691e-03 3.254763e+01 -4.379958e-03 9.999901e-01 -7.817998e-04 -6.670345e-01 6.702186e-03 8.111440e-04 9.999773e-01 -5.674823e+00
9.999789e-01 -4.434290e-03 4.748091e-03 3.244443e+01 4.431926e-03 9.999900e-01 5.082092e-04 -6.680936e-01 -4.750278e-03 -4.871539e-04 9.999885e-01 -5.570703e+00
9.999466e-01 4.535320e-03 -9.285571e-03 3.265534e+01 -4.550023e-03 9.999884e-01 -1.562940e-03 -6.813361e-01 9.278356e-03 1.605105e-03 9.999558e-01 -5.665115e+00
9.999770e-01 -4.546947e-03 5.023710e-03 3.266435e+01 4.538543e-03 9.999883e-01 1.682981e-03 -6.906291e-01 -5.031286e-03 -1.660141e-03 9.999859e-01 -5.790272e+00
9.999596e-01 5.362646e-03 -7.208219e-03 3.229166e+01 -5.380398e-03 9.999825e-01 -2.445594e-03 -6.929760e-01 7.194960e-03 2.484278e-03 9.999711e-01 -5.815266e+00
9.999721e-01 -4.516146e-03 5.957460e-03 3.202248e+01 4.501183e-03 9.999867e-01 2.522571e-03 -6.938896e-01 -5.968755e-03 -2.495684e-03 9.999790e-01 -5.742517e+00
9.999609e-01 5.330800e-03 -7.051239e-03 3.172911e+01 -5.353531e-03 9.999805e-01 -3.208825e-03 -6.949192e-01 7.033978e-03 3.246447e-03 9.999701e-01 -5.709884e+00
9.999725e-01 -5.055239e-03 5.419546e-03 3.161326e+01 5.040335e-03 9.999835e-01 2.760278e-03 -6.971907e-01 -5.433393e-03 -2.732885e-03 9.999814e-01 -5.647454e+00
9.999581e-01 5.225992e-03 -7.513968e-03 3.151135e+01 -5.247629e-03 9.999821e-01 -2.862840e-03 -6.981773e-01 7.498855e-03 2.902149e-03 9.999678e-01 -5.539233e+00
9.999958e-01 -2.018156e-03 2.066715e-03 3.118079e+01 2.009645e-03 9.999895e-01 4.111873e-03 -6.963077e-01 -2.074975e-03 -4.107701e-03 9.999893e-01 -5.168762e+00
9.999610e-01 4.332127e-03 -7.690915e-03 3.084208e+01 -4.355380e-03 9.999860e-01 -3.009308e-03 -6.941205e-01 7.677754e-03 3.042686e-03 9.999660e-01 -4.889649e+00
9.999581e-01 -5.006787e-03 7.657686e-03 3.087456e+01 4.991193e-03 9.999854e-01 2.054136e-03 -6.962609e-01 -7.667842e-03 -2.015828e-03 9.999685e-01 -4.770300e+00
9.999554e-01 4.943435e-03 -8.042835e-03 3.086941e+01 -4.966026e-03 9.999838e-01 -2.791337e-03 -6.978149e-01 8.028889e-03 2.831153e-03 9.999639e-01 -4.624987e+00
9.999680e-01 -4.895714e-03 6.334292e-03 3.076765e+01 4.880771e-03 9.999853e-01 2.372263e-03 -6.991838e-01 -6.345797e-03 -2.341270e-03 9.999770e-01 -4.537559e+00
9.999533e-01 4.425523e-03 -8.597160e-03 3.077305e+01 -4.452491e-03 9.999852e-01 -3.120305e-03 -7.026713e-01 8.583208e-03 3.158437e-03 9.999583e-01 -4.475133e+00
9.999648e-01 -4.947234e-03 6.782252e-03 3.080783e+01 4.931119e-03 9.999850e-01 2.390746e-03 -7.063214e-01 -6.793962e-03 -2.357217e-03 9.999740e-01 -4.412776e+00
9.999522e-01 4.593610e-03 -8.636533e-03 3.078681e+01 -4.618623e-03 9.999852e-01 -2.878489e-03 -7.090626e-01 8.623167e-03 2.918239e-03 9.999587e-01 -4.347406e+00
9.999624e-01 -4.684351e-03 7.294555e-03 3.072468e+01 4.667021e-03 9.999863e-01 2.390980e-03 -7.111852e-01 -7.305639e-03 -2.356845e-03 9.999704e-01 -4.291095e+00
9.999562e-01 4.439244e-03 -8.235584e-03 3.068098e+01 -4.463977e-03 9.999856e-01 -2.987345e-03 -7.138278e-01 8.222188e-03 3.023977e-03 9.999617e-01 -4.251645e+00
9.999586e-01 -4.708632e-03 7.786724e-03 3.064252e+01 4.689809e-03 9.999860e-01 2.433834e-03 -7.167982e-01 -7.798060e-03 -2.397214e-03 9.999666e-01 -4.226747e+00
9.999492e-01 4.404486e-03 -9.064676e-03 3.066820e+01 -4.430390e-03 9.999862e-01 -2.839568e-03 -7.217031e-01 9.052028e-03 2.879583e-03 9.999550e-01 -4.231430e+00
9.999584e-01 -4.751669e-03 7.788895e-03 3.065491e+01 4.733389e-03 9.999860e-01 2.363659e-03 -7.254383e-01 -7.800003e-03 -2.326692e-03 9.999668e-01 -4.213144e+00
9.999445e-01 4.788854e-03 -9.379484e-03 3.071262e+01 -4.815666e-03 9.999844e-01 -2.838166e-03 -7.327807e-01 9.365731e-03 2.883176e-03 9.999521e-01 -4.271781e+00
9.999562e-01 -5.158236e-03 7.810725e-03 3.073601e+01 5.136220e-03 9.999828e-01 2.836142e-03 -7.377256e-01 -7.825205e-03 -2.795900e-03 9.999654e-01 -4.294439e+00
9.999354e-01 5.304164e-03 -1.005247e-02 3.058583e+01 -5.332342e-03 9.999819e-01 -2.778420e-03 -7.382094e-01 1.003753e-02 2.831843e-03 9.999457e-01 -4.189445e+00
9.999654e-01 -4.628604e-03 6.917151e-03 3.036423e+01 4.606573e-03 9.999843e-01 3.197606e-03 -7.374532e-01 -6.931828e-03 -3.165631e-03 9.999709e-01 -4.041692e+00
9.999420e-01 5.272248e-03 -9.389999e-03 3.013468e+01 -5.300131e-03 9.999816e-01 -2.947038e-03 -7.367500e-01 9.374275e-03 2.996635e-03 9.999517e-01 -3.903543e+00
9.999503e-01 -5.298246e-03 8.447530e-03 2.999225e+01 5.276257e-03 9.999826e-01 2.623157e-03 -7.375897e-01 -8.461268e-03 -2.578455e-03 9.999608e-01 -3.830308e+00
9.999486e-01 5.156269e-03 -8.725909e-03 2.989802e+01 -5.183254e-03 9.999818e-01 -3.072728e-03 -7.395507e-01 8.709893e-03 3.117798e-03 9.999573e-01 -3.795711e+00
9.999552e-01 -5.590365e-03 7.634067e-03 2.983328e+01 5.570807e-03 9.999812e-01 2.580740e-03 -7.417476e-01 -7.648336e-03 -2.538096e-03 9.999674e-01 -3.746121e+00
9.999457e-01 5.113999e-03 -9.083429e-03 2.981139e+01 -5.143070e-03 9.999817e-01 -3.179893e-03 -7.440645e-01 9.066987e-03 3.226436e-03 9.999538e-01 -3.683040e+00
9.999581e-01 -5.289661e-03 7.465051e-03 2.971206e+01 5.267704e-03 9.999818e-01 2.957853e-03 -7.454508e-01 -7.480547e-03 -2.918406e-03 9.999677e-01 -3.603313e+00
9.999500e-01 5.194456e-03 -8.545766e-03 2.960390e+01 -5.223624e-03 9.999806e-01 -3.394306e-03 -7.467122e-01 8.527956e-03 3.438775e-03 9.999578e-01 -3.532698e+00
9.999703e-01 -4.797146e-03 6.024521e-03 2.947498e+01 4.775872e-03 9.999823e-01 3.540698e-03 -7.469549e-01 -6.041386e-03 -3.511820e-03 9.999755e-01 -3.415196e+00
9.999470e-01 5.280578e-03 -8.841525e-03 2.930388e+01 -5.309503e-03 9.999806e-01 -3.251204e-03 -7.468589e-01 8.824173e-03 3.297975e-03 9.999557e-01 -3.284241e+00
9.999641e-01 -5.065337e-03 6.786917e-03 2.915289e+01 5.043061e-03 9.999819e-01 3.295304e-03 -7.470028e-01 -6.803473e-03 -3.260959e-03 9.999714e-01 -3.176899e+00
9.999369e-01 5.816994e-03 -9.613654e-03 2.902212e+01 -5.846334e-03 9.999783e-01 -3.026597e-03 -7.470933e-01 9.595828e-03 3.082610e-03 9.999493e-01 -3.029010e+00
9.999717e-01 -4.414384e-03 6.089040e-03 2.884651e+01 4.392728e-03 9.999840e-01 3.565285e-03 -7.467727e-01 -6.104669e-03 -3.538437e-03 9.999750e-01 -2.826840e+00
9.999320e-01 5.702089e-03 -1.017236e-02 2.861649e+01 -5.731422e-03 9.999795e-01 -2.856775e-03 -7.456315e-01 1.015585e-02 2.914882e-03 9.999443e-01 -2.640603e+00
9.999725e-01 -4.332984e-03 6.016891e-03 2.837354e+01 4.311391e-03 9.999842e-01 3.597054e-03 -7.443398e-01 -6.032371e-03 -3.571013e-03 9.999753e-01 -2.449074e+00
9.999491e-01 4.917761e-03 -8.814270e-03 2.821285e+01 -4.947331e-03 9.999822e-01 -3.336202e-03 -7.442571e-01 8.797696e-03 3.379638e-03 9.999557e-01 -2.314735e+00
9.999640e-01 -4.971829e-03 6.869284e-03 2.810390e+01 4.950626e-03 9.999829e-01 3.100208e-03 -7.454384e-01 -6.884570e-03 -3.066089e-03 9.999715e-01 -2.222486e+00
9.999348e-01 6.155273e-03 -9.615687e-03 2.796922e+01 -6.182689e-03 9.999769e-01 -2.824143e-03 -7.456205e-01 9.598071e-03 2.883409e-03 9.999499e-01 -2.026623e+00
9.999695e-01 -4.382817e-03 6.457789e-03 2.778284e+01 4.361566e-03 9.999850e-01 3.301025e-03 -7.456224e-01 -6.472150e-03 -3.272758e-03 9.999736e-01 -1.773900e+00
9.999583e-01 5.064314e-03 -7.599325e-03 2.769832e+01 -5.090656e-03 9.999811e-01 -3.451087e-03 -7.468456e-01 7.581694e-03 3.489628e-03 9.999653e-01 -1.594873e+00
9.999679e-01 -4.729968e-03 6.459713e-03 2.762039e+01 4.709524e-03 9.999839e-01 3.176414e-03 -7.482724e-01 -6.474623e-03 -3.145890e-03 9.999740e-01 -1.444371e+00
9.999485e-01 5.233786e-03 -8.698781e-03 2.746647e+01 -5.259875e-03 9.999817e-01 -2.978928e-03 -7.485345e-01 8.683021e-03 3.024528e-03 9.999578e-01 -1.298234e+00
9.999540e-01 -4.907653e-03 8.245360e-03 2.731047e+01 4.886602e-03 9.999848e-01 2.571363e-03 -7.488968e-01 -8.257844e-03 -2.530952e-03 9.999626e-01 -1.234166e+00
9.999338e-01 5.260767e-03 -1.023373e-02 2.720831e+01 -5.288744e-03 9.999823e-01 -2.708678e-03 -7.504816e-01 1.021929e-02 2.762622e-03 9.999441e-01 -1.094299e+00
9.999519e-01 -4.796220e-03 8.556017e-03 2.703732e+01 4.773002e-03 9.999849e-01 2.731972e-03 -7.512914e-01 -8.568982e-03 -2.691002e-03 9.999596e-01 -9.566279e-01
9.999233e-01 5.875507e-03 -1.090382e-02 2.681338e+01 -5.902876e-03 9.999795e-01 -2.479556e-03 -7.510266e-01 1.088902e-02 2.543729e-03 9.999376e-01 -7.681301e-01
9.999421e-01 -5.539398e-03 9.230934e-03 2.672296e+01 5.520019e-03 9.999825e-01 2.123489e-03 -7.529334e-01 -9.242527e-03 -2.072411e-03 9.999550e-01 -6.134437e-01
9.999256e-01 5.637393e-03 -1.082123e-02 2.669101e+01 -5.667825e-03 9.999801e-01 -2.783658e-03 -7.561162e-01 1.080531e-02 2.844783e-03 9.999377e-01 -4.891942e-01
9.999371e-01 -5.843068e-03 9.576284e-03 2.664438e+01 5.823056e-03 9.999808e-01 2.116297e-03 -7.591372e-01 -9.588458e-03 -2.060400e-03 9.999518e-01 -4.281925e-01
9.999230e-01 6.087152e-03 -1.081026e-02 2.647382e+01 -6.110168e-03 9.999791e-01 -2.097389e-03 -7.598410e-01 1.079726e-02 2.163279e-03 9.999395e-01 -3.352058e-01
9.999426e-01 -5.367989e-03 9.275781e-03 2.628552e+01 5.349934e-03 9.999837e-01 1.970213e-03 -7.618835e-01 -9.286198e-03 -1.920474e-03 9.999549e-01 -2.385185e-01
9.998881e-01 5.497255e-03 -1.391131e-02 2.646770e+01 -5.549124e-03 9.999778e-01 -3.692707e-03 -7.763528e-01 1.389069e-02 3.769489e-03 9.998965e-01 -2.876097e-01
9.999309e-01 -5.516930e-03 1.038179e-02 2.649303e+01 5.488054e-03 9.999810e-01 2.807853e-03 -7.860492e-01 -1.039707e-02 -2.750683e-03 9.999421e-01 -3.909734e-01
9.999200e-01 5.896798e-03 -1.119445e-02 2.635060e+01 -5.933444e-03 9.999771e-01 -3.243227e-03 -7.889624e-01 1.117507e-02 3.309388e-03 9.999322e-01 -3.544374e-01
9.999328e-01 -5.658396e-03 1.011471e-02 2.618060e+01 5.628451e-03 9.999797e-01 2.986550e-03 -7.893606e-01 -1.013140e-02 -2.929419e-03 9.999443e-01 -2.600276e-01
9.999062e-01 6.196582e-03 -1.221470e-02 2.602960e+01 -6.232402e-03 9.999764e-01 -2.896658e-03 -7.899523e-01 1.219645e-02 2.972513e-03 9.999213e-01 -1.082715e-01
9.999343e-01 -5.709929e-03 9.937766e-03 2.587787e+01 5.679944e-03 9.999792e-01 3.042827e-03 -7.904740e-01 -9.954927e-03 -2.986181e-03 9.999459e-01 3.306698e-02
9.999239e-01 6.141994e-03 -1.070367e-02 2.569978e+01 -6.173155e-03 9.999768e-01 -2.880667e-03 -7.913269e-01 1.068572e-02 2.946523e-03 9.999387e-01 7.944170e-02
9.999445e-01 -5.538050e-03 8.960579e-03 2.534808e+01 5.516667e-03 9.999819e-01 2.409318e-03 -7.902403e-01 -8.973753e-03 -2.359752e-03 9.999569e-01 6.018031e-02
9.999241e-01 5.563744e-03 -1.099148e-02 2.501949e+01 -5.600852e-03 9.999787e-01 -3.348149e-03 -7.913487e-01 1.097261e-02 3.409457e-03 9.999341e-01 -1.314522e-01
9.999392e-01 -5.294601e-03 9.676340e-03 2.484350e+01 5.269198e-03 9.999826e-01 2.648830e-03 -7.926295e-01 -9.690190e-03 -2.597682e-03 9.999496e-01 -1.006982e-01
9.999186e-01 5.380379e-03 -1.157000e-02 2.475140e+01 -5.412594e-03 9.999816e-01 -2.754857e-03 -7.930489e-01 1.155496e-02 2.817257e-03 9.999294e-01 -1.620727e-02
9.999411e-01 -5.213987e-03 9.517383e-03 2.468750e+01 5.189025e-03 9.999830e-01 2.645634e-03 -7.937278e-01 -9.531010e-03 -2.596093e-03 9.999511e-01 6.986174e-02
9.999249e-01 5.414728e-03 -1.099841e-02 2.464553e+01 -5.447478e-03 9.999808e-01 -2.949869e-03 -7.949154e-01 1.098222e-02 3.009561e-03 9.999353e-01 1.709541e-01
9.999372e-01 -5.463428e-03 9.781113e-03 2.463203e+01 5.440791e-03 9.999825e-01 2.339488e-03 -7.969757e-01 -9.793717e-03 -2.286124e-03 9.999493e-01 2.852866e-01
9.999048e-01 5.911234e-03 -1.247005e-02 2.462505e+01 -5.946977e-03 9.999783e-01 -2.831201e-03 -8.031613e-01 1.245304e-02 2.905091e-03 9.999183e-01 3.439050e-01
9.999440e-01 -5.583726e-03 8.995377e-03 2.445107e+01 5.567371e-03 9.999828e-01 1.842149e-03 -8.090704e-01 -9.005503e-03 -1.791965e-03 9.999577e-01 2.559855e-01
9.999220e-01 5.641984e-03 -1.114067e-02 2.445006e+01 -5.674666e-03 9.999797e-01 -2.904178e-03 -8.135251e-01 1.112405e-02 2.967172e-03 9.999338e-01 3.043639e-01
9.999450e-01 -5.466963e-03 8.949537e-03 2.442790e+01 5.441456e-03 9.999811e-01 2.871983e-03 -8.178533e-01 -8.965064e-03 -2.823127e-03 9.999557e-01 3.238652e-01
9.999281e-01 5.620488e-03 -1.059610e-02 2.414651e+01 -5.657564e-03 9.999780e-01 -3.472303e-03 -8.200168e-01 1.057635e-02 3.532002e-03 9.999379e-01 2.244374e-01
9.999459e-01 -5.144379e-03 9.040908e-03 2.381689e+01 5.115056e-03 9.999816e-01 3.263502e-03 -8.209002e-01 -9.057526e-03 -3.217081e-03 9.999537e-01 2.048292e-01
9.999213e-01 6.426011e-03 -1.077586e-02 2.339633e+01 -6.459063e-03 9.999745e-01 -3.035265e-03 -8.179278e-01 1.075607e-02 3.104629e-03 9.999374e-01 2.990517e-01
9.999577e-01 -4.681890e-03 7.922833e-03 2.303295e+01 4.657696e-03 9.999844e-01 3.069392e-03 -8.148069e-01 -7.937076e-03 -3.032361e-03 9.999638e-01 4.817030e-01
9.999367e-01 5.379658e-03 -9.884687e-03 2.284069e+01 -5.410015e-03 9.999807e-01 -3.046928e-03 -8.141721e-01 9.868101e-03 3.100211e-03 9.999466e-01 6.059820e-01
9.999654e-01 -4.852110e-03 6.761787e-03 2.256854e+01 4.823843e-03 9.999796e-01 4.190389e-03 -8.124870e-01 -6.781978e-03 -4.157627e-03 9.999683e-01 7.485540e-01
9.999322e-01 6.274047e-03 -9.810543e-03 2.223552e+01 -6.317847e-03 9.999702e-01 -4.439985e-03 -8.099071e-01 9.782391e-03 4.501666e-03 9.999421e-01 9.318448e-01
9.999624e-01 -5.278821e-03 6.881815e-03 2.208278e+01 5.246577e-03 9.999752e-01 4.694955e-03 -8.097604e-01 -6.906426e-03 -4.658673e-03 9.999652e-01 1.105077e+00
9.999443e-01 5.236355e-03 -9.162863e-03 2.208525e+01 -5.286100e-03 9.999714e-01 -5.413269e-03 -8.131607e-01 9.134253e-03 5.461404e-03 9.999435e-01 1.181763e+00
9.999608e-01 -4.498913e-03 7.631560e-03 2.192880e+01 4.458363e-03 9.999759e-01 5.322167e-03 -8.144888e-01 -7.655318e-03 -5.287934e-03 9.999566e-01 1.295638e+00
9.999358e-01 4.749827e-03 -1.028650e-02 2.177973e+01 -4.794041e-03 9.999794e-01 -4.277888e-03 -8.175160e-01 1.026596e-02 4.326927e-03 9.999380e-01 1.354213e+00
9.999760e-01 -2.914259e-03 6.288200e-03 2.119813e+01 2.881790e-03 9.999825e-01 5.166473e-03 -8.135449e-01 -6.303145e-03 -5.148228e-03 9.999668e-01 1.567295e+00
9.999641e-01 3.087684e-03 -7.888750e-03 2.092016e+01 -3.143748e-03 9.999698e-01 -7.104405e-03 -8.144569e-01 7.866575e-03 7.128951e-03 9.999437e-01 1.577363e+00
9.999741e-01 -2.738516e-03 6.654177e-03 2.074137e+01 2.695550e-03 9.999755e-01 6.457356e-03 -8.149301e-01 -6.671696e-03 -6.439253e-03 9.999569e-01 1.659500e+00
9.999697e-01 3.217263e-03 -7.093913e-03 2.055101e+01 -3.268202e-03 9.999689e-01 -7.180848e-03 -8.153306e-01 7.070588e-03 7.203815e-03 9.999492e-01 1.703885e+00
9.999776e-01 -3.353937e-03 5.783936e-03 2.048181e+01 3.315411e-03 9.999723e-01 6.657560e-03 -8.171119e-01 -5.806104e-03 -6.638236e-03 9.999610e-01 1.765789e+00
9.999684e-01 3.132231e-03 -7.300585e-03 2.043242e+01 -3.184681e-03 9.999691e-01 -7.183931e-03 -8.193307e-01 7.277857e-03 7.206955e-03 9.999476e-01 1.820992e+00
9.999806e-01 -2.332398e-03 5.771433e-03 2.016978e+01 2.288643e-03 9.999687e-01 7.576426e-03 -8.181720e-01 -5.788922e-03 -7.563072e-03 9.999545e-01 1.938351e+00
9.999364e-01 4.696233e-03 -1.025023e-02 1.976777e+01 -4.767921e-03 9.999643e-01 -6.980685e-03 -8.145035e-01 1.021708e-02 7.029115e-03 9.999232e-01 2.193783e+00
9.999993e-01 -8.823724e-04 7.715791e-04 1.906334e+01 8.743997e-04 9.999468e-01 1.027302e-02 -8.081141e-01 -7.806032e-04 -1.027234e-02 9.999468e-01 2.698846e+00
9.999845e-01 3.599640e-03 -4.243835e-03 1.843725e+01 -3.647200e-03 9.999300e-01 -1.125290e-02 -8.028035e-01 4.203032e-03 1.126821e-02 9.999278e-01 2.982543e+00
9.999981e-01 -1.786978e-03 7.686532e-04 1.811913e+01 1.777901e-03 9.999305e-01 1.165209e-02 -8.005392e-01 -7.894230e-04 -1.165070e-02 9.999317e-01 3.194578e+00
9.999868e-01 3.149537e-03 -4.055961e-03 1.787533e+01 -3.195316e-03 9.999307e-01 -1.133022e-02 -7.994983e-01 4.019997e-03 1.134303e-02 9.999277e-01 3.373459e+00
9.999957e-01 -2.153345e-03 1.995255e-03 1.768987e+01 2.130785e-03 9.999345e-01 1.124080e-02 -8.010006e-01 -2.019331e-03 -1.123650e-02 9.999347e-01 3.495892e+00
9.999867e-01 2.792929e-03 -4.342436e-03 1.753510e+01 -2.843958e-03 9.999265e-01 -1.178980e-02 -8.054162e-01 4.309190e-03 1.180199e-02 9.999212e-01 3.500477e+00
9.999964e-01 -2.060350e-03 1.738408e-03 1.723069e+01 2.037876e-03 9.999156e-01 1.283212e-02 -8.043908e-01 -1.764702e-03 -1.282853e-02 9.999161e-01 3.656195e+00
9.999887e-01 3.392174e-03 -3.322337e-03 1.681618e+01 -3.433897e-03 9.999143e-01 -1.263421e-02 -8.017214e-01 3.279197e-03 1.264547e-02 9.999148e-01 3.802504e+00
9.999944e-01 -2.796076e-03 1.857798e-03 1.644268e+01 2.775649e-03 9.999367e-01 1.090811e-02 -8.025073e-01 -1.888182e-03 -1.090289e-02 9.999387e-01 3.809034e+00
9.999800e-01 4.433223e-03 -4.514233e-03 1.619088e+01 -4.483196e-03 9.999281e-01 -1.112074e-02 -8.024620e-01 4.464611e-03 1.114076e-02 9.999281e-01 3.984818e+00
9.999942e-01 -2.700031e-03 2.080289e-03 1.594630e+01 2.677457e-03 9.999383e-01 1.077879e-02 -8.025101e-01 -2.109267e-03 -1.077316e-02 9.999396e-01 4.192410e+00
9.999791e-01 4.570029e-03 -4.572383e-03 1.566323e+01 -4.619793e-03 9.999296e-01 -1.093285e-02 -8.013255e-01 4.522101e-03 1.095374e-02 9.999299e-01 4.407292e+00
9.999968e-01 -1.878215e-03 1.672394e-03 1.521282e+01 1.858342e-03 9.999286e-01 1.180658e-02 -7.983082e-01 -1.694453e-03 -1.180344e-02 9.999288e-01 4.660987e+00
9.999627e-01 5.926885e-03 -6.282330e-03 1.449662e+01 -5.996379e-03 9.999204e-01 -1.110135e-02 -7.938093e-01 6.216037e-03 1.113861e-02 9.999187e-01 4.953822e+00
9.999940e-01 -3.000183e-03 1.705650e-03 1.414657e+01 2.980050e-03 9.999273e-01 1.168613e-02 -7.917540e-01 -1.740591e-03 -1.168098e-02 9.999302e-01 5.350016e+00
9.999842e-01 3.440394e-03 -4.438295e-03 1.409658e+01 -3.494528e-03 9.999189e-01 -1.224758e-02 -7.947843e-01 4.395803e-03 1.226290e-02 9.999152e-01 5.469606e+00
9.999955e-01 -2.670095e-03 1.401042e-03 1.397805e+01 2.652945e-03 9.999232e-01 1.210335e-02 -7.963403e-01 -1.433256e-03 -1.209958e-02 9.999257e-01 5.623015e+00
9.999833e-01 3.903801e-03 -4.250963e-03 1.384869e+01 -3.954626e-03 9.999200e-01 -1.201398e-02 -7.968167e-01 4.203728e-03 1.203059e-02 9.999189e-01 5.818675e+00
9.999907e-01 -3.662724e-03 2.283950e-03 1.378041e+01 3.635761e-03 9.999249e-01 1.169988e-02 -7.986608e-01 -2.326637e-03 -1.169146e-02 9.999288e-01 5.934048e+00
9.999713e-01 5.403076e-03 -5.311769e-03 1.344921e+01 -5.462324e-03 9.999223e-01 -1.120358e-02 -7.962359e-01 5.250828e-03 1.123228e-02 9.999232e-01 6.118657e+00
9.999917e-01 -3.432026e-03 2.194132e-03 1.302871e+01 3.406906e-03 9.999298e-01 1.135151e-02 -7.934125e-01 -2.232943e-03 -1.134394e-02 9.999331e-01 6.293143e+00
9.999812e-01 4.632074e-03 -4.017110e-03 1.273949e+01 -4.677479e-03 9.999244e-01 -1.136823e-02 -7.918543e-01 3.964155e-03 1.138680e-02 9.999274e-01 6.441246e+00
9.999922e-01 -3.593342e-03 1.624917e-03 1.248832e+01 3.574337e-03 9.999269e-01 1.155156e-02 -7.905680e-01 -1.666313e-03 -1.154566e-02 9.999319e-01 6.589481e+00
9.999846e-01 4.364327e-03 -3.441366e-03 1.227183e+01 -4.403899e-03 9.999233e-01 -1.157646e-02 -7.898448e-01 3.390585e-03 1.159144e-02 9.999272e-01 6.715236e+00
9.999920e-01 -3.807411e-03 1.251683e-03 1.210459e+01 3.792750e-03 9.999265e-01 1.151415e-02 -7.898709e-01 -1.295437e-03 -1.150931e-02 9.999328e-01 6.839955e+00
9.999870e-01 4.180138e-03 -2.916702e-03 1.196434e+01 -4.214128e-03 9.999221e-01 -1.174640e-02 -7.902205e-01 2.867381e-03 1.175854e-02 9.999269e-01 6.938734e+00
9.999912e-01 -4.171189e-03 3.949011e-04 1.200071e+01 4.166521e-03 9.999290e-01 1.116245e-02 -7.954304e-01 -4.414410e-04 -1.116070e-02 9.999375e-01 6.931548e+00
9.999883e-01 3.997220e-03 -2.708062e-03 1.203841e+01 -4.028891e-03 9.999224e-01 -1.179234e-02 -7.999681e-01 2.660723e-03 1.180312e-02 9.999269e-01 6.955735e+00
9.999917e-01 -4.057291e-03 4.021127e-04 1.203135e+01 4.052617e-03 9.999311e-01 1.101263e-02 -8.037952e-01 -4.467742e-04 -1.101091e-02 9.999392e-01 7.010863e+00
9.999884e-01 3.791534e-03 -2.967449e-03 1.206516e+01 -3.826076e-03 9.999240e-01 -1.172260e-02 -8.081695e-01 2.922785e-03 1.173382e-02 9.999270e-01 7.055686e+00
9.999915e-01 -3.972200e-03 1.101578e-03 1.202577e+01 3.959327e-03 9.999266e-01 1.145215e-02 -8.105481e-01 -1.146995e-03 -1.144769e-02 9.999337e-01 7.115331e+00
9.999871e-01 3.935254e-03 -3.226595e-03 1.201601e+01 -3.972719e-03 9.999238e-01 -1.168861e-02 -8.141424e-01 3.180360e-03 1.170127e-02 9.999266e-01 7.137488e+00
9.999916e-01 -3.748982e-03 1.645887e-03 1.194496e+01 3.729865e-03 9.999273e-01 1.146835e-02 -8.174804e-01 -1.688770e-03 -1.146211e-02 9.999328e-01 7.122732e+00
9.999854e-01 3.813390e-03 -3.820258e-03 1.193645e+01 -3.857196e-03 9.999261e-01 -1.152587e-02 -8.221722e-01 3.776032e-03 1.154044e-02 9.999264e-01 7.088426e+00
9.999911e-01 -3.833532e-03 1.782297e-03 1.171364e+01 3.813380e-03 9.999303e-01 1.117587e-02 -8.251787e-01 -1.825025e-03 -1.116897e-02 9.999359e-01 6.916114e+00
9.999827e-01 3.719003e-03 -4.552505e-03 1.163904e+01 -3.772379e-03 9.999236e-01 -1.177260e-02 -8.315547e-01 4.508384e-03 1.178958e-02 9.999204e-01 6.715301e+00
9.999928e-01 -3.788233e-03 -2.714724e-04 1.176050e+01 3.790841e-03 9.999392e-01 1.035868e-02 -8.425564e-01 2.322052e-04 -1.035963e-02 9.999462e-01 6.518253e+00
9.999877e-01 3.740802e-03 -3.258982e-03 1.187719e+01 -3.775997e-03 9.999339e-01 -1.086102e-02 -8.512638e-01 3.218147e-03 1.087319e-02 9.999358e-01 6.442887e+00
9.999917e-01 -3.675172e-03 -1.739310e-03 1.208897e+01 3.691965e-03 9.999456e-01 9.752384e-03 -8.632999e-01 1.703363e-03 -9.758726e-03 9.999508e-01 6.331538e+00
9.999882e-01 3.707460e-03 -3.144474e-03 1.231957e+01 -3.740645e-03 9.999367e-01 -1.061417e-02 -8.749838e-01 3.104935e-03 1.062581e-02 9.999388e-01 6.243861e+00
9.999911e-01 -3.825344e-03 -1.796984e-03 1.259570e+01 3.842368e-03 9.999468e-01 9.567542e-03 -8.866129e-01 1.760278e-03 -9.574363e-03 9.999525e-01 6.212489e+00
9.999903e-01 3.906236e-03 -2.015251e-03 1.279021e+01 -3.926768e-03 9.999394e-01 -1.028721e-02 -8.962470e-01 1.974957e-03 1.029502e-02 9.999452e-01 6.176827e+00
9.999917e-01 -4.068802e-03 1.753710e-05 1.276599e+01 4.068432e-03 9.999432e-01 9.848939e-03 -8.993415e-01 -5.762158e-05 -9.848788e-03 9.999514e-01 6.229086e+00
9.999878e-01 4.117875e-03 -2.712081e-03 1.287867e+01 -4.145917e-03 9.999372e-01 -1.041641e-02 -9.070136e-01 2.669030e-03 1.042753e-02 9.999422e-01 6.185188e+00
9.999901e-01 -4.225850e-03 -1.393619e-03 1.317906e+01 4.238964e-03 9.999455e-01 9.545375e-03 -9.183479e-01 1.353193e-03 -9.551190e-03 9.999534e-01 6.075071e+00
9.999876e-01 4.355063e-03 -2.433644e-03 1.335674e+01 -4.380125e-03 9.999364e-01 -1.038952e-02 -9.284467e-01 2.388255e-03 1.040005e-02 9.999432e-01 5.999915e+00
9.999913e-01 -4.151888e-03 -3.996421e-04 1.343432e+01 4.155644e-03 9.999423e-01 9.908916e-03 -9.360703e-01 3.584649e-04 -9.910493e-03 9.999507e-01 5.957682e+00
9.999848e-01 4.284131e-03 -3.481543e-03 1.358745e+01 -4.321340e-03 9.999329e-01 -1.075114e-02 -9.460673e-01 3.435264e-03 1.076602e-02 9.999362e-01 5.910217e+00
9.999905e-01 -4.253871e-03 -8.971596e-04 1.379904e+01 4.262601e-03 9.999413e-01 9.963547e-03 -9.573716e-01 8.547091e-04 -9.967279e-03 9.999499e-01 5.846821e+00
9.999845e-01 4.351694e-03 -3.470245e-03 1.406897e+01 -4.389591e-03 9.999300e-01 -1.098885e-02 -9.685133e-01 3.422197e-03 1.100392e-02 9.999337e-01 5.821972e+00
9.999903e-01 -4.328532e-03 -8.513089e-04 1.443703e+01 4.336876e-03 9.999400e-01 1.005724e-02 -9.805878e-01 8.077097e-04 -1.006084e-02 9.999490e-01 5.749362e+00
9.999862e-01 4.226073e-03 -3.117250e-03 1.473277e+01 -4.258748e-03 9.999353e-01 -1.055110e-02 -9.911023e-01 3.072474e-03 1.056423e-02 9.999396e-01 5.652796e+00
9.999901e-01 -4.407408e-03 -5.775084e-04 1.492550e+01 4.412846e-03 9.999424e-01 9.781016e-03 -9.995909e-01 5.343504e-04 -9.783470e-03 9.999519e-01 5.633410e+00
9.999861e-01 4.300527e-03 -3.041917e-03 1.507984e+01 -4.332193e-03 9.999357e-01 -1.048114e-02 -1.007640e+00 2.996663e-03 1.049418e-02 9.999405e-01 5.618707e+00
9.999905e-01 -4.325510e-03 -5.164201e-04 1.523715e+01 4.330372e-03 9.999424e-01 9.816160e-03 -1.016180e+00 4.739139e-04 -9.818305e-03 9.999516e-01 5.582648e+00
9.999825e-01 4.434257e-03 -3.921024e-03 1.550624e+01 -4.476018e-03 9.999327e-01 -1.070684e-02 -1.027375e+00 3.873300e-03 1.072420e-02 9.999351e-01 5.488253e+00
9.999880e-01 -4.296484e-03 -2.346820e-03 1.594426e+01 4.317133e-03 9.999514e-01 8.865856e-03 -1.042713e+00 2.308596e-03 -8.875884e-03 9.999578e-01 5.315889e+00
9.999785e-01 4.499104e-03 -4.772210e-03 1.644459e+01 -4.551287e-03 9.999293e-01 -1.098099e-02 -1.059575e+00 4.722487e-03 1.100247e-02 9.999284e-01 5.135899e+00
9.999897e-01 -4.361216e-03 -1.284444e-03 1.680340e+01 4.373216e-03 9.999454e-01 9.493037e-03 -1.073274e+00 1.242954e-03 -9.498560e-03 9.999540e-01 5.030631e+00
9.999801e-01 4.540645e-03 -4.374783e-03 1.712245e+01 -4.587431e-03 9.999318e-01 -1.074437e-02 -1.086652e+00 4.325717e-03 1.076423e-02 9.999328e-01 4.927895e+00
9.999892e-01 -4.589434e-03 -7.775736e-04 1.754726e+01 4.596633e-03 9.999441e-01 9.523785e-03 -1.101814e+00 7.338014e-04 -9.527259e-03 9.999542e-01 4.848398e+00
9.999789e-01 4.853009e-03 -4.314058e-03 1.806298e+01 -4.900485e-03 9.999268e-01 -1.106340e-02 -1.119376e+00 4.260072e-03 1.108431e-02 9.999296e-01 4.768323e+00
9.999885e-01 -4.766328e-03 -5.547459e-04 1.843709e+01 4.771457e-03 9.999421e-01 9.645356e-03 -1.135154e+00 5.087200e-04 -9.647895e-03 9.999532e-01 4.700625e+00
9.999803e-01 4.863256e-03 -3.959913e-03 1.861989e+01 -4.907101e-03 9.999259e-01 -1.113876e-02 -1.147723e+00 3.905471e-03 1.115798e-02 9.999302e-01 4.615486e+00
9.999879e-01 -4.775721e-03 -1.196386e-03 1.882880e+01 4.786537e-03 9.999462e-01 9.207585e-03 -1.160426e+00 1.152327e-03 -9.213204e-03 9.999568e-01 4.503877e+00
9.999812e-01 4.870178e-03 -3.733097e-03 1.914967e+01 -4.910607e-03 9.999286e-01 -1.089845e-02 -1.172400e+00 3.679775e-03 1.091658e-02 9.999337e-01 4.516332e+00
9.999871e-01 -4.919580e-03 -1.258164e-03 1.944303e+01 4.931153e-03 9.999440e-01 9.367350e-03 -1.184785e+00 1.211988e-03 -9.373438e-03 9.999552e-01 4.530395e+00
9.999754e-01 5.161043e-03 -4.741314e-03 1.993310e+01 -5.215059e-03 9.999208e-01 -1.145192e-02 -1.201610e+00 4.681858e-03 1.147637e-02 9.999233e-01 4.359909e+00
9.999864e-01 -5.190879e-03 -5.137059e-04 2.045333e+01 5.195433e-03 9.999432e-01 9.302140e-03 -1.216935e+00 4.653667e-04 -9.304687e-03 9.999565e-01 4.164288e+00
9.999698e-01 5.491744e-03 -5.504704e-03 2.113797e+01 -5.554720e-03 9.999185e-01 -1.149122e-02 -1.236883e+00 5.441174e-03 1.152145e-02 9.999189e-01 4.004340e+00
9.999827e-01 -5.362444e-03 -2.426449e-03 2.168853e+01 5.383695e-03 9.999464e-01 8.838375e-03 -1.256044e+00 2.378899e-03 -8.851291e-03 9.999579e-01 3.789161e+00
9.999718e-01 5.661081e-03 -4.930162e-03 2.228998e+01 -5.716407e-03 9.999200e-01 -1.128134e-02 -1.276001e+00 4.865929e-03 1.130921e-02 9.999243e-01 3.612136e+00
9.999835e-01 -5.486810e-03 -1.690111e-03 2.287281e+01 5.502226e-03 9.999420e-01 9.256608e-03 -1.293875e+00 1.639198e-03 -9.265761e-03 9.999556e-01 3.438275e+00
9.999685e-01 5.487413e-03 -5.730325e-03 2.358460e+01 -5.554137e-03 9.999162e-01 -1.169396e-02 -1.314940e+00 5.665702e-03 1.172542e-02 9.999153e-01 3.249872e+00
9.999840e-01 -5.624501e-03 -6.003341e-04 2.416605e+01 5.629927e-03 9.999394e-01 9.456485e-03 -1.332436e+00 5.470819e-04 -9.459719e-03 9.999550e-01 3.061462e+00
9.999607e-01 5.755206e-03 -6.737338e-03 2.463179e+01 -5.832471e-03 9.999168e-01 -1.150548e-02 -1.349297e+00 6.670590e-03 1.154433e-02 9.999112e-01 2.851224e+00
