9.999936e-01 1.273136e-03 -3.357631e-03 -1.859703e-01 -1.271141e-03 9.999990e-01 5.961867e-04 6.153255e-04 3.358387e-03 -5.919154e-04 9.999943e-01 1.914856e-01
9.999962e-01 -1.255559e-03 2.440881e-03 -3.074719e-01 1.257532e-03 9.999989e-01 -8.069493e-04 3.045239e-04 -2.439865e-03 8.100162e-04 9.999966e-01 2.553058e-01
9.999738e-01 2.782724e-03 -6.675579e-03 -5.222880e-01 -2.772992e-03 9.999951e-01 1.466662e-03 1.334320e-03 6.679628e-03 -1.448113e-03 9.999767e-01 4.691588e-01
9.999926e-01 -1.811876e-03 3.384236e-03 -6.946359e-01 1.815416e-03 9.999978e-01 -1.043215e-03 1.834115e-03 -3.382340e-03 1.049352e-03 9.999936e-01 6.290100e-01
9.999774e-01 2.749184e-03 -6.127724e-03 -8.179615e-01 -2.741107e-03 9.999954e-01 1.326229e-03 1.822237e-03 6.131343e-03 -1.309403e-03 9.999804e-01 7.907116e-01
9.999912e-01 -2.267607e-03 3.540112e-03 -9.501366e-01 2.271501e-03 9.999968e-01 -1.096302e-03 1.947242e-03 -3.537616e-03 1.104335e-03 9.999930e-01 9.244445e-01
9.999747e-01 2.867392e-03 -6.507626e-03 -1.125709e+00 -2.857965e-03 9.999949e-01 1.457550e-03 2.597844e-03 6.511774e-03 -1.438915e-03 9.999779e-01 1.064901e+00
9.999946e-01 -1.590596e-03 2.884647e-03 -1.326607e+00 1.592986e-03 9.999984e-01 -8.262081e-04 3.322931e-03 -2.883330e-03 8.307996e-04 9.999954e-01 1.252563e+00
9.999851e-01 1.859617e-03 -5.134809e-03 -1.479305e+00 -1.854700e-03 9.999978e-01 9.621769e-04 3.448816e-03 5.136589e-03 -9.526398e-04 9.999865e-01 1.365637e+00
9.999974e-01 -1.100037e-03 1.980717e-03 -1.658082e+00 1.101025e-03 9.999993e-01 -4.979694e-04 4.022236e-03 -1.980171e-03 5.001497e-04 9.999978e-01 1.516670e+00
9.999916e-01 1.123661e-03 -3.938949e-03 -1.771452e+00 -1.121831e-03 9.999993e-01 4.667581e-04 3.599919e-03 3.939473e-03 -4.623361e-04 9.999922e-01 1.611655e+00
9.999996e-01 -3.304821e-04 8.352339e-04 -1.916893e+00 3.305683e-04 9.999999e-01 -1.030774e-04 3.743835e-03 -8.352032e-04 1.033543e-04 9.999995e-01 1.755954e+00
9.999935e-01 8.024135e-04 -3.520384e-03 -2.057929e+00 -8.011834e-04 9.999996e-01 3.508395e-04 3.957680e-03 3.520668e-03 -3.480176e-04 9.999938e-01 1.881168e+00
9.999713e-01 5.087017e-03 -5.610490e-03 -2.647590e+00 -5.078429e-03 9.999859e-01 1.543809e-03 8.886397e-03 5.618259e-03 -1.515271e-03 9.999830e-01 2.554187e+00
9.999904e-01 1.363243e-03 -4.167981e-03 -3.267027e+00 -1.361253e-03 9.999990e-01 4.802017e-04 1.289137e-02 4.168636e-03 -4.745246e-04 9.999913e-01 3.247586e+00
9.999942e-01 2.200703e-03 -2.618229e-03 -3.710481e+00 -2.197808e-03 9.999970e-01 1.108161e-03 1.638044e-02 2.620654e-03 -1.102399e-03 9.999959e-01 3.711170e+00
9.999599e-01 2.813122e-03 -8.499198e-03 -4.559288e+00 -2.804001e-03 9.999955e-01 1.084882e-03 2.427947e-02 8.502219e-03 -1.061009e-03 9.999634e-01 4.359805e+00
9.999935e-01 1.723116e-03 -3.162107e-03 -5.459967e+00 -1.717975e-03 9.999972e-01 1.627718e-03 3.266700e-02 3.164894e-03 -1.622273e-03 9.999936e-01 4.958639e+00
9.999969e-01 -1.400246e-03 2.054317e-03 -5.954850e+00 1.407644e-03 9.999925e-01 -3.604320e-03 3.595823e-02 -2.049246e-03 3.607199e-03 9.999915e-01 5.079202e+00
9.999952e-01 7.628472e-04 -2.991894e-03 -5.978833e+00 -7.524106e-04 9.999936e-01 3.487818e-03 3.326499e-02 2.994527e-03 -3.485549e-03 9.999893e-01 5.104527e+00
9.999982e-01 -1.059007e-03 1.544106e-03 -6.090888e+00 1.064630e-03 9.999928e-01 -3.645574e-03 3.211252e-02 -1.540225e-03 3.647210e-03 9.999923e-01 5.168217e+00
9.999984e-01 1.138474e-03 -1.391849e-03 -6.195706e+00 -1.133410e-03 9.999928e-01 3.633709e-03 3.023843e-02 1.395967e-03 -3.632124e-03 9.999923e-01 5.167305e+00
9.999984e-01 -6.217091e-04 -1.672341e-03 -6.432210e+00 6.163162e-04 9.999946e-01 -3.223276e-03 3.149240e-02 1.674345e-03 3.222239e-03 9.999935e-01 5.325753e+00
9.999983e-01 5.300007e-04 1.764028e-03 -6.501930e+00 -5.359998e-04 9.999941e-01 3.402138e-03 2.754901e-02 -1.762223e-03 -3.403076e-03 9.999926e-01 5.272998e+00
9.999800e-01 -2.398794e-04 -6.315770e-03 -6.955642e+00 2.382099e-04 9.999999e-01 -2.650760e-04 3.121896e-02 6.315843e-03 2.635642e-04 9.999801e-01 5.418248e+00
9.999841e-01 2.119966e-04 5.634331e-03 -7.510958e+00 -2.021210e-04 9.999984e-01 -1.753237e-03 3.440528e-02 -5.634704e-03 1.752072e-03 9.999825e-01 5.454197e+00
9.999819e-01 6.216441e-05 -6.024494e-03 -7.710200e+00 -5.087032e-05 9.999982e-01 1.874846e-03 3.400297e-02 6.024610e-03 -1.874507e-03 9.999802e-01 5.503461e+00
9.999939e-01 1.088216e-03 3.304892e-03 -7.957399e+00 -1.083136e-03 9.999982e-01 -1.538544e-03 3.565732e-02 -3.306570e-03 1.534957e-03 9.999933e-01 5.662904e+00
9.999908e-01 -8.423555e-04 -4.195491e-03 -8.133956e+00 8.490394e-04 9.999984e-01 1.591620e-03 3.539542e-02 4.194153e-03 -1.595169e-03 9.999900e-01 5.734855e+00
9.999945e-01 1.641071e-03 2.876741e-03 -8.429959e+00 -1.637245e-03 9.999978e-01 -1.331533e-03 3.719506e-02 -2.878930e-03 1.326818e-03 9.999949e-01 5.854852e+00
9.999877e-01 -7.026162e-04 -4.903970e-03 -8.728907e+00 7.106671e-04 9.999984e-01 1.640191e-03 3.915500e-02 4.902820e-03 -1.643658e-03 9.999867e-01 6.000100e+00
9.999955e-01 1.689642e-03 2.488366e-03 -9.021588e+00 -1.686477e-03 9.999978e-01 -1.273318e-03 4.105197e-02 -2.490523e-03 1.269117e-03 9.999960e-01 6.156541e+00
9.999897e-01 1.462835e-04 -4.538056e-03 -9.495288e+00 -1.380648e-04 9.999984e-01 1.811330e-03 4.537149e-02 4.538324e-03 -1.810687e-03 9.999882e-01 6.348008e+00
9.999964e-01 1.639286e-03 2.103226e-03 -9.895832e+00 -1.636529e-03 9.999978e-01 -1.311658e-03 4.866470e-02 -2.105382e-03 1.308214e-03 9.999968e-01 6.539571e+00
9.999784e-01 -6.404618e-05 -6.570883e-03 -1.025034e+01 7.845831e-05 9.999976e-01 2.193115e-03 5.140822e-02 6.570739e-03 -2.193585e-03 9.999761e-01 6.759340e+00
9.999864e-01 7.840518e-04 5.164140e-03 -1.054077e+01 -7.733714e-04 9.999976e-01 -2.069824e-03 5.316672e-02 -5.165762e-03 2.065804e-03 9.999844e-01 6.884416e+00
9.999762e-01 2.696434e-04 -6.887022e-03 -1.083145e+01 -2.541225e-04 9.999974e-01 2.254439e-03 5.513085e-02 6.887624e-03 -2.252637e-03 9.999738e-01 7.030951e+00
9.999965e-01 1.847238e-03 1.902474e-03 -1.122803e+01 -1.844951e-03 9.999976e-01 -1.202796e-03 5.837848e-02 -1.904704e-03 1.199284e-03 9.999974e-01 7.296572e+00
9.999814e-01 2.723754e-04 -6.093051e-03 -1.160577e+01 -2.588867e-04 9.999975e-01 2.214487e-03 6.121609e-02 6.093652e-03 -2.212871e-03 9.999791e-01 7.577200e+00
9.999971e-01 1.388491e-03 1.978173e-03 -1.188225e+01 -1.385760e-03 9.999981e-01 -1.380996e-03 6.276907e-02 -1.980100e-03 1.378253e-03 9.999970e-01 7.798146e+00
9.999549e-01 2.239161e-03 -9.226144e-03 -1.233747e+01 -2.209983e-03 9.999925e-01 3.171498e-03 6.619641e-02 9.233190e-03 -3.150968e-03 9.999525e-01 8.178170e+00
9.999957e-01 1.732286e-03 2.366656e-03 -1.275843e+01 -1.729160e-03 9.999976e-01 -1.321892e-03 6.887087e-02 -2.368955e-03 1.317797e-03 9.999962e-01 8.584190e+00
9.999849e-01 -5.782817e-04 -5.458559e-03 -1.305478e+01 5.891649e-04 9.999978e-01 1.992417e-03 7.081104e-02 5.457410e-03 -1.995606e-03 9.999832e-01 8.785579e+00
9.999822e-01 -4.890377e-04 5.950746e-03 -1.304951e+01 4.950757e-04 9.999994e-01 -1.013192e-03 6.815012e-02 -5.950261e-03 1.016123e-03 9.999817e-01 8.714527e+00
9.999421e-01 1.976131e-03 -1.057687e-02 -1.332537e+01 -1.956226e-03 9.999963e-01 1.891953e-03 6.975229e-02 1.058058e-02 -1.871155e-03 9.999424e-01 8.925592e+00
9.999868e-01 8.329045e-04 5.067129e-03 -1.379498e+01 -8.304937e-04 9.999995e-01 -4.777974e-04 7.386093e-02 -5.067540e-03 4.735859e-04 9.999869e-01 9.214036e+00
9.999788e-01 1.429232e-05 -6.512144e-03 -1.407272e+01 -1.056147e-05 9.999998e-01 5.729772e-04 7.564458e-02 6.512167e-03 -5.728993e-04 9.999787e-01 9.343087e+00
9.999823e-01 5.792227e-04 5.919519e-03 -1.431543e+01 -5.765295e-04 9.999997e-01 -4.566162e-04 7.664196e-02 -5.919798e-03 4.531983e-04 9.999823e-01 9.414826e+00
9.999758e-01 4.886842e-04 -6.938976e-03 -1.465884e+01 -4.833740e-04 9.999996e-01 7.669768e-04 7.918510e-02 6.939364e-03 -7.636071e-04 9.999757e-01 9.542293e+00
9.999847e-01 1.161002e-03 5.400107e-03 -1.518886e+01 -1.157448e-03 9.999991e-01 -6.611262e-04 8.380787e-02 -5.400886e-03 6.548688e-04 9.999851e-01 9.680329e+00
9.999777e-01 6.249347e-06 -6.671251e-03 -1.556203e+01 -1.761918e-06 9.999998e-01 6.726954e-04 8.671839e-02 6.671270e-03 -6.726717e-04 9.999776e-01 9.818410e+00
9.999746e-01 -5.442921e-04 7.100553e-03 -1.571200e+01 5.538970e-04 9.999989e-01 -1.350763e-03 8.574189e-02 -7.099826e-03 1.354665e-03 9.999738e-01 9.764909e+00
9.998808e-01 -9.761789e-04 -1.540728e-02 -1.586460e+01 9.375370e-04 9.999964e-01 -2.515033e-03 7.810712e-02 1.540970e-02 2.500286e-03 9.998782e-01 8.764512e+00
9.998898e-01 -3.472210e-05 1.484221e-02 -1.608105e+01 4.607030e-06 9.999979e-01 2.029061e-03 7.699185e-02 -1.484227e-02 -2.028766e-03 9.998877e-01 8.367891e+00
9.998736e-01 6.265453e-04 -1.588769e-02 -1.632177e+01 -6.610142e-04 9.999974e-01 -2.164364e-03 7.806205e-02 1.588631e-02 2.174590e-03 9.998715e-01 8.476661e+00
9.998977e-01 -1.267389e-03 1.425050e-02 -1.623067e+01 1.238136e-03 9.999971e-01 2.061417e-03 7.142741e-02 -1.425309e-02 -2.043560e-03 9.998962e-01 8.322711e+00
9.998935e-01 4.008826e-04 -1.458767e-02 -1.618941e+01 -4.229305e-04 9.999988e-01 -1.508336e-03 6.798848e-02 1.458707e-02 1.514343e-03 9.998926e-01 8.243046e+00
9.999388e-01 2.997694e-03 1.064601e-02 -1.641129e+01 -3.022158e-03 9.999928e-01 2.282629e-03 6.830811e-02 -1.063911e-02 -2.314661e-03 9.999406e-01 8.605756e+00
9.998773e-01 -7.927386e-05 -1.566779e-02 -1.672275e+01 6.186235e-05 9.999994e-01 -1.111758e-03 6.988635e-02 1.566789e-02 1.110650e-03 9.998767e-01 8.926094e+00
9.999467e-01 2.600607e-03 9.995901e-03 -1.707549e+01 -2.624674e-03 9.999937e-01 2.395398e-03 7.238416e-02 -9.989627e-03 -2.421504e-03 9.999471e-01 9.205300e+00
9.999202e-01 -1.548241e-03 -1.253925e-02 -1.735420e+01 1.522780e-03 9.999968e-01 -2.039778e-03 7.433028e-02 1.254239e-02 2.020517e-03 9.999194e-01 9.357028e+00
9.999195e-01 1.555478e-03 1.259320e-02 -1.763581e+01 -1.578412e-03 9.999971e-01 1.811439e-03 7.467594e-02 -1.259037e-02 -1.831168e-03 9.999190e-01 9.203655e+00
9.999167e-01 -7.953084e-04 -1.288274e-02 -1.790770e+01 7.708427e-04 9.999979e-01 -1.903940e-03 7.626986e-02 1.288424e-02 1.893848e-03 9.999153e-01 9.293193e+00
9.999478e-01 2.015494e-03 1.001590e-02 -1.808999e+01 -2.039320e-03 9.999951e-01 2.369245e-03 7.667292e-02 -1.001110e-02 -2.389544e-03 9.999469e-01 9.490592e+00
9.999211e-01 -1.471865e-03 -1.247306e-02 -1.826985e+01 1.446128e-03 9.999968e-01 -2.072137e-03 7.667137e-02 1.247609e-02 2.053933e-03 9.999202e-01 9.640643e+00
9.999331e-01 1.284902e-03 1.149816e-02 -1.839622e+01 -1.302395e-03 9.999980e-01 1.514031e-03 7.504921e-02 -1.149622e-02 -1.528902e-03 9.999326e-01 9.724334e+00
9.998574e-01 -1.626690e-03 -1.681125e-02 -1.839248e+01 1.566926e-03 9.999924e-01 -3.567519e-03 6.431090e-02 1.681694e-02 3.540666e-03 9.998524e-01 9.288536e+00
9.998874e-01 8.169418e-04 1.498338e-02 -1.846433e+01 -8.737749e-04 9.999924e-01 3.786939e-03 5.841247e-02 -1.498020e-02 -3.799602e-03 9.998805e-01 8.961847e+00
9.998324e-01 9.495525e-04 -1.828107e-02 -1.872755e+01 -1.006622e-03 9.999946e-01 -3.112818e-03 5.950482e-02 1.827804e-02 3.130696e-03 9.998281e-01 9.226476e+00
9.998800e-01 4.429518e-04 1.548814e-02 -1.892776e+01 -4.981071e-04 9.999935e-01 3.557478e-03 5.978707e-02 -1.548648e-02 -3.564763e-03 9.998736e-01 9.453795e+00
9.998472e-01 -1.200737e-04 -1.748108e-02 -1.908316e+01 5.872264e-05 9.999938e-01 -3.510019e-03 5.937447e-02 1.748142e-02 3.508453e-03 9.998411e-01 9.588416e+00
9.998605e-01 2.098326e-04 1.670097e-02 -1.924724e+01 -2.642043e-04 9.999947e-01 3.253482e-03 5.874831e-02 -1.670022e-02 -3.257437e-03 9.998551e-01 9.664889e+00
9.998069e-01 1.239192e-03 -1.961439e-02 -1.944486e+01 -1.297368e-03 9.999948e-01 -2.953567e-03 5.864356e-02 1.961065e-02 2.978441e-03 9.998034e-01 9.903714e+00
9.999281e-01 1.107249e-02 4.612999e-03 -2.052854e+01 -1.110721e-02 9.999096e-01 7.571724e-03 6.811339e-02 -4.528767e-03 -7.622414e-03 9.999606e-01 1.126102e+01
9.998315e-01 -3.398641e-03 -1.803956e-02 -2.147995e+01 3.242856e-03 9.999573e-01 -8.657960e-03 7.168409e-02 1.806824e-02 8.597998e-03 9.997999e-01 1.228974e+01
9.997650e-01 4.425705e-03 2.122343e-02 -2.116985e+01 -4.561750e-03 9.999693e-01 6.366018e-03 6.435253e-02 -2.119463e-02 -6.461335e-03 9.997544e-01 1.261978e+01
9.997936e-01 -4.445824e-03 -1.982417e-02 -2.078581e+01 4.270092e-03 9.999513e-01 -8.898040e-03 5.607959e-02 1.986279e-02 8.811550e-03 9.997640e-01 1.284432e+01
9.998162e-01 3.522383e-03 1.884565e-02 -2.068298e+01 -3.663977e-03 9.999653e-01 7.484120e-03 5.103256e-02 -1.881866e-02 -7.551792e-03 9.997943e-01 1.292978e+01
9.997923e-01 -3.702308e-03 -2.003937e-02 -2.071802e+01 3.540873e-03 9.999610e-01 -8.085369e-03 4.903421e-02 2.006855e-02 8.012731e-03 9.997666e-01 1.303583e+01
9.998151e-01 3.113590e-03 1.897309e-02 -2.072772e+01 -3.255707e-03 9.999668e-01 7.464182e-03 4.666642e-02 -1.894925e-02 -7.524571e-03 9.997920e-01 1.309975e+01
9.997833e-01 -3.458096e-03 -2.052965e-02 -2.075550e+01 3.294119e-03 9.999624e-01 -8.015757e-03 4.424698e-02 2.055662e-02 7.946390e-03 9.997572e-01 1.314909e+01
9.998071e-01 2.875372e-03 1.942779e-02 -2.067915e+01 -3.019045e-03 9.999683e-01 7.369937e-03 4.056355e-02 -1.940600e-02 -7.427167e-03 9.997840e-01 1.320304e+01
9.997200e-01 -3.141195e-03 -2.345267e-02 -2.041537e+01 2.941984e-03 9.999593e-01 -8.523860e-03 3.039524e-02 2.347852e-02 8.452474e-03 9.996887e-01 1.319288e+01
9.998001e-01 2.659829e-03 1.981442e-02 -2.022600e+01 -2.810685e-03 9.999672e-01 7.589496e-03 2.193118e-02 -1.979361e-02 -7.643670e-03 9.997748e-01 1.319954e+01
9.997643e-01 -3.235667e-03 -2.146872e-02 -2.018043e+01 3.056707e-03 9.999604e-01 -8.363400e-03 1.855401e-02 2.149496e-02 8.295803e-03 9.997346e-01 1.326875e+01
9.999067e-01 8.040298e-03 1.104583e-02 -2.094698e+01 -8.186377e-03 9.998788e-01 1.324389e-02 2.537232e-02 -1.093804e-02 -1.333308e-02 9.998512e-01 1.393386e+01
9.995912e-01 -9.936164e-04 -2.857359e-02 -2.230501e+01 6.796947e-04 9.999393e-01 -1.099403e-02 3.644166e-02 2.858281e-02 1.097011e-02 9.995313e-01 1.493540e+01
9.997961e-01 3.733125e-03 1.984719e-02 -2.313069e+01 -3.953507e-03 9.999308e-01 1.107632e-02 4.224841e-02 -1.980450e-02 -1.115252e-02 9.997416e-01 1.541939e+01
9.995533e-01 -5.960826e-04 -2.987980e-02 -2.406169e+01 3.854322e-04 9.999750e-01 -7.055174e-03 5.084712e-02 2.988329e-02 7.040503e-03 9.995287e-01 1.583966e+01
9.999263e-01 9.819370e-03 7.139920e-03 -2.576656e+01 -9.917899e-03 9.998542e-01 1.389783e-02 6.638160e-02 -7.002443e-03 -1.396761e-02 9.998778e-01 1.703564e+01
9.994609e-01 2.069042e-03 -3.276633e-02 -2.773084e+01 -2.378384e-03 9.999529e-01 -9.404661e-03 8.361373e-02 3.274537e-02 9.477519e-03 9.994189e-01 1.856622e+01
9.999216e-01 9.665368e-03 7.966194e-03 -2.963639e+01 -9.779678e-03 9.998479e-01 1.443765e-02 1.004500e-01 -7.825475e-03 -1.451442e-02 9.998639e-01 2.011302e+01
9.996059e-01 -1.774610e-03 -2.801748e-02 -3.118132e+01 1.418867e-03 9.999182e-01 -1.271192e-02 1.121058e-01 2.803779e-02 1.266715e-02 9.995267e-01 2.125292e+01
9.998605e-01 1.019934e-02 1.322886e-02 -3.233222e+01 -1.040608e-02 9.998233e-01 1.565475e-02 1.222095e-01 -1.306690e-02 -1.579022e-02 9.997898e-01 2.236271e+01
9.995414e-01 6.326614e-04 -3.027581e-02 -3.366725e+01 -1.018872e-03 9.999183e-01 -1.274263e-02 1.338543e-01 3.026532e-02 1.276763e-02 9.994604e-01 2.369954e+01
9.998623e-01 1.164267e-02 1.182621e-02 -3.508967e+01 -1.182964e-02 9.998042e-01 1.586502e-02 1.463064e-01 -1.163923e-02 -1.600273e-02 9.998041e-01 2.519150e+01
9.996017e-01 5.960893e-04 -2.821609e-02 -3.633425e+01 -9.708874e-04 9.999115e-01 -1.327126e-02 1.565876e-01 2.820573e-02 1.329336e-02 9.995138e-01 2.656806e+01
9.998532e-01 9.437661e-03 1.429938e-02 -3.740191e+01 -9.671421e-03 9.998193e-01 1.636761e-02 1.654996e-01 -1.414237e-02 -1.650350e-02 9.997637e-01 2.775644e+01
9.997420e-01 -6.363646e-03 -2.180670e-02 -3.794330e+01 5.997873e-03 9.998409e-01 -1.679792e-02 1.677962e-01 2.191017e-02 1.666279e-02 9.996212e-01 2.824096e+01
9.997793e-01 5.753100e-03 2.020603e-02 -3.768005e+01 -6.080928e-03 9.998503e-01 1.620050e-02 1.618164e-01 -2.010985e-02 -1.631979e-02 9.996645e-01 2.820818e+01
9.997851e-01 -6.273763e-03 -1.975909e-02 -3.743745e+01 5.951964e-03 9.998494e-01 -1.630298e-02 1.595334e-01 1.985844e-02 1.618187e-02 9.996719e-01 2.807691e+01
9.997755e-01 6.082384e-03 2.029723e-02 -3.731581e+01 -6.403231e-03 9.998550e-01 1.578007e-02 1.572145e-01 -2.019835e-02 -1.590650e-02 9.996694e-01 2.806878e+01
9.997550e-01 -5.915154e-03 -2.132883e-02 -3.732954e+01 5.571676e-03 9.998544e-01 -1.612747e-02 1.559079e-01 2.142117e-02 1.600468e-02 9.996425e-01 2.816992e+01
9.997499e-01 5.158459e-03 2.175954e-02 -3.726389e+01 -5.502964e-03 9.998600e-01 1.580232e-02 1.529267e-01 -2.167502e-02 -1.591811e-02 9.996382e-01 2.822560e+01
9.998196e-01 -5.759288e-03 -1.809978e-02 -3.653513e+01 5.473996e-03 9.998606e-01 -1.577230e-02 1.439319e-01 1.818814e-02 1.567038e-02 9.997119e-01 2.789045e+01
9.997864e-01 5.832228e-03 1.982624e-02 -3.640628e+01 -6.143033e-03 9.998586e-01 1.565188e-02 1.405756e-01 -1.973220e-02 -1.577033e-02 9.996808e-01 2.796579e+01
9.997398e-01 -4.691751e-03 -2.232283e-02 -3.657812e+01 4.339886e-03 9.998660e-01 -1.578492e-02 1.406400e-01 2.239394e-02 1.568393e-02 9.996263e-01 2.819717e+01
9.997461e-01 4.332208e-03 2.211118e-02 -3.633133e+01 -4.661924e-03 9.998784e-01 1.488205e-02 1.363003e-01 -2.204407e-02 -1.498135e-02 9.996447e-01 2.814130e+01
9.997293e-01 -4.817040e-03 -2.276282e-02 -3.619792e+01 4.468525e-03 9.998724e-01 -1.533682e-02 1.314830e-01 2.283384e-02 1.523095e-02 9.996233e-01 2.816050e+01
9.997535e-01 4.656747e-03 2.170913e-02 -3.626706e+01 -4.984973e-03 9.998737e-01 1.508973e-02 1.308685e-01 -2.163617e-02 -1.519423e-02 9.996504e-01 2.821170e+01
9.997077e-01 -4.657042e-03 -2.372456e-02 -3.634488e+01 4.302114e-03 9.998784e-01 -1.498944e-02 1.308727e-01 2.379153e-02 1.488299e-02 9.996062e-01 2.822518e+01
9.997494e-01 4.215863e-03 2.198573e-02 -3.637878e+01 -4.539236e-03 9.998820e-01 1.467923e-02 1.296926e-01 -2.192130e-02 -1.477534e-02 9.996504e-01 2.822272e+01
9.997950e-01 -4.404747e-03 -1.976058e-02 -3.605373e+01 4.101296e-03 9.998735e-01 -1.537066e-02 1.269229e-01 1.982583e-02 1.528646e-02 9.996867e-01 2.808253e+01
9.998327e-01 5.250073e-03 1.752026e-02 -3.614112e+01 -5.522954e-03 9.998636e-01 1.556329e-02 1.265189e-01 -1.743621e-02 -1.565744e-02 9.997253e-01 2.823867e+01
9.997948e-01 -5.034249e-03 -1.962382e-02 -3.628020e+01 4.732948e-03 9.998707e-01 -1.537008e-02 1.269810e-01 1.969871e-02 1.527404e-02 9.996894e-01 2.835617e+01
9.998258e-01 5.257960e-03 1.791005e-02 -3.645832e+01 -5.535479e-03 9.998648e-01 1.548104e-02 1.281329e-01 -1.782628e-02 -1.557748e-02 9.997197e-01 2.847202e+01
9.997540e-01 -4.231328e-03 -2.177102e-02 -3.667857e+01 3.905401e-03 9.998800e-01 -1.499143e-02 1.293420e-01 2.183189e-02 1.490271e-02 9.996507e-01 2.866926e+01
9.998016e-01 4.643917e-03 1.936833e-02 -3.694222e+01 -4.940261e-03 9.998710e-01 1.528077e-02 1.313775e-01 -1.929492e-02 -1.537342e-02 9.996955e-01 2.882564e+01
9.997762e-01 -4.644882e-03 -2.063870e-02 -3.706213e+01 4.326977e-03 9.998717e-01 -1.542132e-02 1.314626e-01 2.070773e-02 1.532857e-02 9.996682e-01 2.890146e+01
9.997931e-01 4.307438e-03 1.988047e-02 -3.701178e+01 -4.606317e-03 9.998767e-01 1.501259e-02 1.290343e-01 -1.981341e-02 -1.510106e-02 9.996896e-01 2.890173e+01
9.997675e-01 -4.534832e-03 -2.108141e-02 -3.703083e+01 4.219037e-03 9.998786e-01 -1.500012e-02 1.277989e-01 2.114692e-02 1.490769e-02 9.996653e-01 2.894665e+01
9.997945e-01 4.236118e-03 1.982278e-02 -3.707952e+01 -4.527093e-03 9.998823e-01 1.465710e-02 1.266432e-01 -1.975840e-02 -1.474382e-02 9.996960e-01 2.902617e+01
9.997842e-01 -4.449028e-03 -2.029271e-02 -3.705492e+01 4.142585e-03 9.998771e-01 -1.511823e-02 1.247605e-01 2.035753e-02 1.503090e-02 9.996799e-01 2.911396e+01
9.997938e-01 3.921508e-03 1.992216e-02 -3.696652e+01 -4.218294e-03 9.998804e-01 1.487717e-02 1.215640e-01 -1.986149e-02 -1.495814e-02 9.996907e-01 2.916054e+01
9.996702e-01 8.764752e-04 -2.566709e-02 -3.729152e+01 -1.239561e-03 9.998993e-01 -1.413343e-02 1.236379e-01 2.565217e-02 1.416058e-02 9.995707e-01 2.970135e+01
9.998261e-01 6.894843e-03 1.732558e-02 -3.787714e+01 -7.166169e-03 9.998519e-01 1.564749e-02 1.269699e-01 -1.721518e-02 -1.576892e-02 9.997274e-01 3.055218e+01
9.997522e-01 -3.488794e-03 -2.198386e-02 -3.820673e+01 3.164711e-03 9.998861e-01 -1.475939e-02 1.280573e-01 2.203290e-02 1.468616e-02 9.996495e-01 3.098306e+01
9.997969e-01 4.493196e-03 1.964572e-02 -3.848388e+01 -4.787667e-03 9.998765e-01 1.496787e-02 1.296918e-01 -1.957609e-02 -1.505888e-02 9.996949e-01 3.114888e+01
9.997634e-01 -3.478817e-03 -2.147174e-02 -3.874104e+01 3.156699e-03 9.998822e-01 -1.501761e-02 1.308966e-01 2.152150e-02 1.494627e-02 9.996568e-01 3.132421e+01
9.997931e-01 3.702787e-03 1.999888e-02 -3.887922e+01 -3.996050e-03 9.998848e-01 1.464400e-02 1.298784e-01 -1.994241e-02 -1.472088e-02 9.996927e-01 3.143978e+01
9.997476e-01 -2.555198e-03 -2.232265e-02 -3.920369e+01 2.240943e-03 9.998982e-01 -1.409152e-02 1.319293e-01 2.235643e-02 1.403794e-02 9.996516e-01 3.160035e+01
9.999027e-01 8.731222e-03 1.087617e-02 -4.005336e+01 -8.916552e-03 9.998139e-01 1.710978e-02 1.399942e-01 -1.072481e-02 -1.720509e-02 9.997944e-01 3.237267e+01
9.995790e-01 4.259410e-03 -2.869875e-02 -4.143473e+01 -4.645342e-03 9.998995e-01 -1.339442e-02 1.523269e-01 2.863887e-02 1.352209e-02 9.994985e-01 3.383410e+01
9.998949e-01 1.301841e-02 6.383890e-03 -4.314353e+01 -1.313389e-02 9.997446e-01 1.839387e-02 1.675251e-01 -6.142856e-03 -1.847578e-02 9.998103e-01 3.580975e+01
9.994600e-01 6.676874e-03 -3.217426e-02 -4.517384e+01 -7.120445e-03 9.998809e-01 -1.369166e-02 1.856547e-01 3.207907e-02 1.391336e-02 9.993886e-01 3.800375e+01
9.999021e-01 1.219824e-02 6.850392e-03 -4.713788e+01 -1.232835e-02 9.997380e-01 1.928452e-02 2.032674e-01 -6.613420e-03 -1.936709e-02 9.997905e-01 4.013697e+01
9.994643e-01 8.029954e-03 -3.172737e-02 -4.902359e+01 -8.471799e-03 9.998687e-01 -1.381645e-02 2.194472e-01 3.161232e-02 1.407784e-02 9.994011e-01 4.228773e+01
9.999179e-01 6.738794e-03 1.089368e-02 -5.063610e+01 -6.940130e-03 9.998038e-01 1.855102e-02 2.336344e-01 -1.076659e-02 -1.862510e-02 9.997685e-01 4.399515e+01
9.996136e-01 7.151193e-03 -2.685954e-02 -5.184738e+01 -7.572067e-03 9.998496e-01 -1.560047e-02 2.428039e-01 2.674401e-02 1.579783e-02 9.995176e-01 4.549821e+01
9.998127e-01 6.082832e-03 1.836952e-02 -5.247936e+01 -6.396518e-03 9.998339e-01 1.706630e-02 2.442307e-01 -1.826273e-02 -1.718061e-02 9.996855e-01 4.678961e+01
9.998289e-01 8.240292e-04 -1.847926e-02 -5.258790e+01 -1.172957e-03 9.998211e-01 -1.887918e-02 2.398504e-01 1.846046e-02 1.889762e-02 9.996511e-01 4.758983e+01
9.999015e-01 6.705948e-03 1.232536e-02 -5.299513e+01 -6.954627e-03 9.997709e-01 2.024535e-02 2.409501e-01 -1.218684e-02 -2.032908e-02 9.997190e-01 4.836268e+01
9.997971e-01 -2.688291e-03 -1.996237e-02 -5.362434e+01 2.324630e-03 9.998313e-01 -1.821815e-02 2.460855e-01 2.000804e-02 1.816805e-02 9.996348e-01 4.892398e+01
9.998400e-01 1.638637e-02 7.171362e-03 -5.452816e+01 -1.652888e-02 9.996576e-01 2.028594e-02 2.519276e-01 -6.836561e-03 -2.040123e-02 9.997684e-01 5.033217e+01
9.998652e-01 -6.642882e-03 -1.501328e-02 -5.514258e+01 6.371753e-03 9.998170e-01 -1.803546e-02 2.541109e-01 1.513041e-02 1.793737e-02 9.997247e-01 5.129642e+01
9.999002e-01 1.295643e-02 5.636679e-03 -5.588017e+01 -1.307172e-02 9.996957e-01 2.092130e-02 2.601832e-01 -5.363967e-03 -2.099289e-02 9.997651e-01 5.210094e+01
9.998464e-01 -2.983275e-03 -1.727190e-02 -5.675670e+01 2.644846e-03 9.998047e-01 -1.958395e-02 2.661481e-01 1.732702e-02 1.953526e-02 9.996591e-01 5.320618e+01
9.998910e-01 1.065425e-02 1.022271e-02 -5.721979e+01 -1.087070e-02 9.997128e-01 2.135678e-02 2.676214e-01 -9.992303e-03 -2.146558e-02 9.997196e-01 5.398784e+01
9.998847e-01 -8.879365e-03 -1.231993e-02 -5.740090e+01 8.618047e-03 9.997401e-01 -2.110434e-02 2.674436e-01 1.250419e-02 2.099573e-02 9.997015e-01 5.428062e+01
9.998983e-01 1.019376e-02 9.968918e-03 -5.758046e+01 -1.040406e-02 9.997195e-01 2.127612e-02 2.675603e-01 -9.749308e-03 -2.137768e-02 9.997238e-01 5.451918e+01
9.998756e-01 -8.598598e-03 -1.322231e-02 -5.782413e+01 8.323335e-03 9.997504e-01 -2.073395e-02 2.684938e-01 1.339736e-02 2.062132e-02 9.996977e-01 5.476623e+01
9.999273e-01 9.914153e-03 6.857662e-03 -5.834211e+01 -1.007485e-02 9.996657e-01 2.381019e-02 2.731119e-01 -6.619383e-03 -2.387755e-02 9.996929e-01 5.507681e+01
9.998463e-01 -5.529291e-03 -1.663563e-02 -5.908982e+01 5.147679e-03 9.997246e-01 -2.289536e-02 2.786303e-01 1.675772e-02 2.280621e-02 9.995995e-01 5.571359e+01
9.998996e-01 8.920785e-03 1.100619e-02 -5.951863e+01 -9.185074e-03 9.996649e-01 2.420058e-02 2.812565e-01 -1.078669e-02 -2.429925e-02 9.996465e-01 5.618021e+01
9.998259e-01 -3.011227e-03 -1.841563e-02 -6.004675e+01 2.593542e-03 9.997398e-01 -2.266292e-02 2.844791e-01 1.847915e-02 2.261121e-02 9.995736e-01 5.684455e+01
9.999105e-01 6.252763e-03 1.182630e-02 -6.055093e+01 -6.541550e-03 9.996774e-01 2.454004e-02 2.880446e-01 -1.166911e-02 -2.461521e-02 9.996288e-01 5.728382e+01
9.998016e-01 -2.485099e-03 -1.976497e-02 -6.115407e+01 2.031272e-03 9.997346e-01 -2.294815e-02 2.933583e-01 1.981682e-02 2.290344e-02 9.995413e-01 5.780742e+01
9.998896e-01 4.214722e-03 1.424909e-02 -6.160205e+01 -4.557292e-03 9.996993e-01 2.409516e-02 2.967761e-01 -1.414332e-02 -2.415744e-02 9.996080e-01 5.811915e+01
9.998044e-01 -2.433142e-03 -1.963084e-02 -6.198867e+01 1.979735e-03 9.997316e-01 -2.308308e-02 2.998347e-01 1.968181e-02 2.303970e-02 9.995409e-01 5.841257e+01
9.998954e-01 7.575207e-03 1.232000e-02 -6.253141e+01 -7.879344e-03 9.996607e-01 2.482815e-02 3.032392e-01 -1.212782e-02 -2.492263e-02 9.996157e-01 5.905009e+01
9.998355e-01 -5.083292e-03 -1.740906e-02 -6.293914e+01 4.671805e-03 9.997107e-01 -2.359597e-02 3.057554e-01 1.752405e-02 2.351076e-02 9.995701e-01 5.941148e+01
9.998909e-01 7.096131e-03 1.294993e-02 -6.325484e+01 -7.413206e-03 9.996698e-01 2.460311e-02 3.074705e-01 -1.277114e-02 -2.469643e-02 9.996133e-01 5.971037e+01
9.998438e-01 -5.209277e-03 -1.688961e-02 -6.353118e+01 4.805185e-03 9.997033e-01 -2.387834e-02 3.086461e-01 1.700907e-02 2.379345e-02 9.995723e-01 5.998987e+01
9.998863e-01 8.030102e-03 1.276220e-02 -6.382368e+01 -8.344332e-03 9.996585e-01 2.476244e-02 3.094856e-01 -1.255908e-02 -2.486611e-02 9.996118e-01 6.036135e+01
9.998563e-01 -4.839451e-03 -1.624873e-02 -6.409112e+01 4.446019e-03 9.996982e-01 -2.416245e-02 3.097516e-01 1.636083e-02 2.408674e-02 9.995761e-01 6.075840e+01
9.998987e-01 7.879238e-03 1.185074e-02 -6.439282e+01 -8.175803e-03 9.996493e-01 2.518827e-02 3.107519e-01 -1.164819e-02 -2.528261e-02 9.996124e-01 6.114055e+01
9.998604e-01 -5.761858e-03 -1.568607e-02 -6.466835e+01 5.378663e-03 9.996887e-01 -2.436247e-02 3.118603e-01 1.582164e-02 2.427470e-02 9.995802e-01 6.143235e+01
9.998999e-01 8.065769e-03 1.162683e-02 -6.494017e+01 -8.357193e-03 9.996465e-01 2.523795e-02 3.127846e-01 -1.141923e-02 -2.533259e-02 9.996138e-01 6.175222e+01
9.998716e-01 -5.714351e-03 -1.497105e-02 -6.518103e+01 5.344099e-03 9.996817e-01 -2.465547e-02 3.132475e-01 1.510725e-02 2.457230e-02 9.995840e-01 6.207313e+01
9.999034e-01 8.432175e-03 1.105100e-02 -6.541880e+01 -8.710482e-03 9.996399e-01 2.538241e-02 3.135722e-01 -1.083307e-02 -2.547622e-02 9.996166e-01 6.242528e+01
9.998585e-01 -3.615221e-03 -1.642867e-02 -6.575126e+01 3.217422e-03 9.997025e-01 -2.417589e-02 3.144050e-01 1.651126e-02 2.411962e-02 9.995728e-01 6.293399e+01
9.998942e-01 8.317638e-03 1.193288e-02 -6.605765e+01 -8.616206e-03 9.996455e-01 2.519123e-02 3.147013e-01 -1.171920e-02 -2.529138e-02 9.996113e-01 6.345511e+01
9.998613e-01 -3.575330e-03 -1.626837e-02 -6.635188e+01 3.176387e-03 9.996952e-01 -2.448268e-02 3.148567e-01 1.635102e-02 2.442761e-02 9.995680e-01 6.397117e+01
9.998973e-01 7.946660e-03 1.192513e-02 -6.663059e+01 -8.246009e-03 9.996467e-01 2.526664e-02 3.149813e-01 -1.172021e-02 -2.536238e-02 9.996095e-01 6.446447e+01
9.998790e-01 -1.731398e-03 -1.546333e-02 -6.690161e+01 1.344918e-03 9.996873e-01 -2.496879e-02 3.145688e-01 1.550180e-02 2.494497e-02 9.995687e-01 6.510555e+01
9.999217e-01 6.061059e-03 1.094617e-02 -6.718407e+01 -6.342718e-03 9.996449e-01 2.588241e-02 3.148420e-01 -1.078549e-02 -2.594981e-02 9.996050e-01 6.559157e+01
9.998608e-01 -3.082203e-03 -1.639945e-02 -6.758106e+01 2.680203e-03 9.996968e-01 -2.447875e-02 3.175686e-01 1.647001e-02 2.443138e-02 9.995659e-01 6.594426e+01
9.999343e-01 6.252647e-03 9.608660e-03 -6.804483e+01 -6.502742e-03 9.996350e-01 2.622102e-02 3.210548e-01 -9.441282e-03 -2.628178e-02 9.996099e-01 6.631631e+01
9.998842e-01 -4.189790e-03 -1.462998e-02 -6.840831e+01 3.821919e-03 9.996781e-01 -2.508300e-02 3.236761e-01 1.473045e-02 2.502418e-02 9.995784e-01 6.657981e+01
9.999068e-01 5.058942e-03 1.268180e-02 -6.871483e+01 -5.378862e-03 9.996649e-01 2.532079e-02 3.260589e-01 -1.254953e-02 -2.538665e-02 9.995989e-01 6.673715e+01
9.998647e-01 -3.830855e-03 -1.599974e-02 -6.899545e+01 3.433123e-03 9.996862e-01 -2.481247e-02 3.279934e-01 1.608986e-02 2.475418e-02 9.995642e-01 6.692567e+01
9.999039e-01 7.011318e-03 1.195897e-02 -6.927912e+01 -7.316071e-03 9.996447e-01 2.563266e-02 3.288680e-01 -1.177508e-02 -2.571769e-02 9.995998e-01 6.732664e+01
9.998791e-01 -3.473182e-03 -1.515563e-02 -6.953614e+01 3.090379e-03 9.996774e-01 -2.520886e-02 3.287950e-01 1.523838e-02 2.515897e-02 9.995674e-01 6.776497e+01
9.999108e-01 5.529011e-03 1.215603e-02 -6.978100e+01 -5.840668e-03 9.996513e-01 2.575370e-02 3.291517e-01 -1.200948e-02 -2.582240e-02 9.995943e-01 6.809168e+01
9.998499e-01 -1.964603e-03 -1.721401e-02 -7.012737e+01 1.540242e-03 9.996954e-01 -2.463071e-02 3.306927e-01 1.725724e-02 2.460050e-02 9.995485e-01 6.851168e+01
9.999243e-01 5.986283e-03 1.074667e-02 -7.059507e+01 -6.266113e-03 9.996372e-01 2.619656e-02 3.336936e-01 -1.058604e-02 -2.626192e-02 9.995990e-01 6.902716e+01
9.998588e-01 -2.953323e-03 -1.654117e-02 -7.105462e+01 2.541626e-03 9.996878e-01 -2.485515e-02 3.367046e-01 1.660950e-02 2.480960e-02 9.995543e-01 6.943337e+01
9.999069e-01 5.343982e-03 1.255733e-02 -7.130753e+01 -5.664396e-03 9.996557e-01 2.562048e-02 3.374339e-01 -1.241618e-02 -2.568922e-02 9.995928e-01 6.976112e+01
9.998761e-01 -2.987017e-03 -1.545366e-02 -7.148630e+01 2.595489e-03 9.996767e-01 -2.529392e-02 3.372287e-01 1.552430e-02 2.525068e-02 9.995607e-01 7.007001e+01
9.998859e-01 6.074407e-03 1.382864e-02 -7.161414e+01 -6.418759e-03 9.996670e-01 2.499458e-02 3.361207e-01 -1.367229e-02 -2.508049e-02 9.995919e-01 7.046172e+01
9.998702e-01 -3.765187e-03 -1.566510e-02 -7.173573e+01 3.372148e-03 9.996807e-01 -2.504131e-02 3.351156e-01 1.575446e-02 2.498524e-02 9.995638e-01 7.077413e+01
9.999048e-01 5.330453e-03 1.272372e-02 -7.188279e+01 -5.651366e-03 9.996634e-01 2.532025e-02 3.347943e-01 -1.258456e-02 -2.538974e-02 9.995983e-01 7.102257e+01
9.997521e-01 2.581900e-03 -2.211586e-02 -7.252848e+01 -3.097994e-03 9.997229e-01 -2.333354e-02 3.395208e-01 2.204957e-02 2.339627e-02 9.994832e-01 7.190932e+01
9.999158e-01 4.284165e-03 1.224402e-02 -7.328070e+01 -4.588712e-03 9.996781e-01 2.495410e-02 3.439387e-01 -1.213325e-02 -2.500818e-02 9.996135e-01 7.275352e+01
9.998803e-01 -1.387784e-03 -1.541008e-02 -7.352339e+01 1.010618e-03 9.997004e-01 -2.445614e-02 3.440580e-01 1.543949e-02 2.443764e-02 9.995822e-01 7.312275e+01
9.999388e-01 1.082075e-02 2.306792e-03 -7.444623e+01 -1.088202e-02 9.995361e-01 2.844585e-02 3.521961e-01 -1.998001e-03 -2.846922e-02 9.995926e-01 7.420782e+01
9.995852e-01 7.581108e-03 -2.778524e-02 -7.645276e+01 -8.222912e-03 9.997003e-01 -2.305774e-02 3.703244e-01 2.760219e-02 2.327665e-02 9.993480e-01 7.630254e+01
9.999221e-01 1.243312e-02 1.104577e-03 -7.855122e+01 -1.245938e-02 9.995230e-01 2.825908e-02 3.887850e-01 -7.527891e-04 -2.827065e-02 9.995999e-01 7.859441e+01
9.996692e-01 9.390858e-03 -2.394454e-02 -8.036483e+01 -9.947678e-03 9.996804e-01 -2.324254e-02 4.027534e-01 2.371871e-02 2.347305e-02 9.994431e-01 8.086112e+01
9.999566e-01 8.282245e-03 4.269448e-03 -8.186626e+01 -8.396304e-03 9.995885e-01 2.742714e-02 4.139272e-01 -4.040623e-03 -2.746180e-02 9.996146e-01 8.278907e+01
9.997586e-01 7.454239e-03 -2.066803e-02 -8.313727e+01 -7.954179e-03 9.996752e-01 -2.421341e-02 4.236075e-01 2.048091e-02 2.437197e-02 9.994932e-01 8.446566e+01
9.999477e-01 9.877037e-03 2.659440e-03 -8.438826e+01 -9.947902e-03 9.995556e-01 2.809962e-02 4.323110e-01 -2.380808e-03 -2.812461e-02 9.996015e-01 8.620686e+01
9.998435e-01 7.797492e-03 -1.587979e-02 -8.543259e+01 -8.191150e-03 9.996569e-01 -2.487779e-02 4.385693e-01 1.568045e-02 2.500397e-02 9.995644e-01 8.788452e+01
9.999785e-01 3.521757e-03 5.520151e-03 -8.619794e+01 -3.670495e-03 9.996241e-01 2.716918e-02 4.423093e-01 -5.422485e-03 -2.718886e-02 9.996155e-01 8.904276e+01
9.999350e-01 4.211939e-03 -1.059574e-02 -8.655427e+01 -4.491501e-03 9.996387e-01 -2.650067e-02 4.425144e-01 1.048039e-02 2.654654e-02 9.995927e-01 8.980466e+01
9.999481e-01 7.623808e-05 1.018108e-02 -8.665927e+01 -3.389605e-04 9.996669e-01 2.580521e-02 4.395740e-01 -1.017581e-02 -2.580733e-02 9.996151e-01 9.035135e+01
9.999753e-01 1.853835e-03 -6.780234e-03 -8.655814e+01 -2.040502e-03 9.996162e-01 -2.762908e-02 4.358465e-01 6.726504e-03 2.764224e-02 9.995953e-01 9.071414e+01
9.999898e-01 3.147632e-03 3.232722e-03 -8.687136e+01 -3.236054e-03 9.996105e-01 2.771958e-02 4.363054e-01 -3.144303e-03 -2.772976e-02 9.996104e-01 9.130573e+01
9.998904e-01 7.669838e-03 -1.266767e-02 -8.756264e+01 -7.998874e-03 9.996265e-01 -2.613164e-02 4.406984e-01 1.246260e-02 2.623011e-02 9.995783e-01 9.238604e+01
9.999950e-01 3.137001e-03 1.247127e-04 -8.853690e+01 -3.139295e-03 9.995830e-01 2.870643e-02 4.482496e-01 -3.470143e-05 -2.870669e-02 9.995878e-01 9.354481e+01
9.999504e-01 5.274566e-03 -8.452337e-03 -8.925214e+01 -5.503155e-03 9.996134e-01 -2.725382e-02 4.525175e-01 8.305411e-03 2.729899e-02 9.995929e-01 9.446286e+01
9.999794e-01 5.655238e-03 3.039367e-03 -8.968524e+01 -5.738422e-03 9.995889e-01 2.809264e-02 4.526560e-01 -2.879340e-03 -2.810951e-02 9.996006e-01 9.553579e+01
9.995796e-01 1.599180e-02 -2.418620e-02 -9.110339e+01 -1.653176e-02 9.996148e-01 -2.229293e-02 4.630504e-01 2.382047e-02 2.268340e-02 9.994589e-01 9.753401e+01
9.999106e-01 9.264561e-03 -9.641182e-03 -9.356503e+01 -8.940801e-03 9.994121e-01 3.309969e-02 4.846162e-01 9.942073e-03 -3.301054e-02 9.994055e-01 1.000880e+02
9.994855e-01 2.347762e-02 -2.185639e-02 -9.564850e+01 -2.400017e-02 9.994248e-01 -2.396109e-02 4.991925e-01 2.128136e-02 2.447333e-02 9.994740e-01 1.030002e+02
9.999119e-01 7.806468e-03 1.073190e-02 -9.650010e+01 -8.074010e-03 9.996519e-01 2.511561e-02 4.962677e-01 -1.053220e-02 -2.520006e-02 9.996269e-01 1.058888e+02
9.998974e-01 1.096945e-02 9.217175e-03 -9.488371e+01 -1.065389e-02 9.993781e-01 -3.361373e-02 4.525153e-01 -9.580071e-03 3.351209e-02 9.993925e-01 1.075067e+02
9.999300e-01 7.152597e-03 9.418090e-03 -9.340559e+01 -7.380191e-03 9.996761e-01 2.435555e-02 4.151751e-01 -9.240929e-03 -2.442337e-02 9.996589e-01 1.089869e+02
9.997058e-01 2.002107e-02 -1.369150e-02 -9.387907e+01 -2.036776e-02 9.994630e-01 -2.567016e-02 4.091504e-01 1.317030e-02 2.594149e-02 9.995768e-01 1.114713e+02
9.998170e-01 1.395912e-02 -1.307709e-02 -9.548984e+01 -1.351807e-02 9.993563e-01 3.322951e-02 4.178882e-01 1.353244e-02 -3.304667e-02 9.993621e-01 1.144406e+02
9.998919e-01 1.432454e-02 -3.315001e-03 -9.659098e+01 -1.441692e-02 9.994530e-01 -2.976321e-02 4.208893e-01 2.886939e-03 2.980780e-02 9.995515e-01 1.169235e+02
9.997227e-01 1.453000e-02 -1.853143e-02 -9.786437e+01 -1.386233e-02 9.992677e-01 3.566324e-02 4.268651e-01 1.903595e-02 -3.539648e-02 9.991920e-01 1.194116e+02
9.999726e-01 6.726619e-03 3.093331e-03 -9.880691e+01 -6.624396e-03 9.994677e-01 -3.194323e-02 4.306569e-01 -3.306459e-03 3.192189e-02 9.994850e-01 1.212539e+02
9.998957e-01 1.293521e-02 -6.411920e-03 -9.919899e+01 -1.273270e-02 9.994481e-01 3.068022e-02 4.260205e-01 6.805141e-03 -3.059540e-02 9.995086e-01 1.230723e+02
9.999934e-01 8.481011e-04 3.547845e-03 -9.953731e+01 -7.370507e-04 9.995135e-01 -3.118164e-02 4.232769e-01 -3.572469e-03 3.117884e-02 9.995075e-01 1.243930e+02
9.997604e-01 2.049035e-02 -7.690288e-03 -9.990226e+01 -2.025444e-02 9.993567e-01 2.959592e-02 4.176480e-01 8.291677e-03 -2.943309e-02 9.995323e-01 1.263401e+02
9.999285e-01 2.745806e-03 1.163811e-02 -9.961609e+01 -2.343683e-03 9.994045e-01 -3.442476e-02 3.965692e-01 -1.172561e-02 3.439504e-02 9.993396e-01 1.283991e+02
9.998461e-01 1.526401e-02 8.648442e-03 -9.800722e+01 -1.548202e-02 9.995491e-01 2.572626e-02 3.549486e-01 -8.251951e-03 -2.585622e-02 9.996316e-01 1.299557e+02
9.998282e-01 1.794144e-04 1.853567e-02 -9.596323e+01 5.006971e-04 9.993269e-01 -3.667990e-02 3.098701e-01 -1.852968e-02 3.668291e-02 9.991552e-01 1.313462e+02
9.998659e-01 1.255180e-02 1.051137e-02 -9.390349e+01 -1.282502e-02 9.995708e-01 2.633993e-02 2.694525e-01 -1.017633e-02 -2.647124e-02 9.995977e-01 1.323262e+02
9.996709e-01 -1.199079e-03 2.562738e-02 -9.138772e+01 2.157293e-03 9.992982e-01 -3.739465e-02 2.279414e-01 -2.556446e-02 3.743765e-02 9.989720e-01 1.329985e+02
9.998760e-01 1.417824e-02 6.847838e-03 -8.896966e+01 -1.435121e-02 9.995614e-01 2.590369e-02 1.865919e-01 -6.477655e-03 -2.599879e-02 9.996409e-01 1.338094e+02
9.999678e-01 6.943042e-03 4.025929e-03 -8.837074e+01 -6.801262e-03 9.993913e-01 -3.421629e-02 1.595856e-01 -4.260955e-03 3.418784e-02 9.994064e-01 1.357295e+02
9.997209e-01 1.405121e-02 -1.899180e-02 -8.939741e+01 -1.332695e-02 9.991987e-01 3.773961e-02 1.648459e-01 1.950678e-02 -3.747601e-02 9.991071e-01 1.376183e+02
9.999402e-01 1.080552e-02 -1.702350e-03 -9.076461e+01 -1.085517e-02 9.994118e-01 -3.253004e-02 1.725154e-01 1.349934e-03 3.254661e-02 9.994694e-01 1.398043e+02
9.999117e-01 1.061188e-02 7.993399e-03 -9.027875e+01 -1.083266e-02 9.995464e-01 2.809932e-02 1.516523e-01 -7.691675e-03 -2.818346e-02 9.995731e-01 1.417389e+02
9.996484e-01 9.050428e-03 2.492517e-02 -8.793823e+01 -7.983966e-03 9.990621e-01 -4.255772e-02 9.198342e-02 -2.528688e-02 4.234379e-02 9.987831e-01 1.438564e+02
9.999250e-01 9.436074e-03 7.799008e-03 -8.548867e+01 -9.660784e-03 9.995242e-01 2.929212e-02 3.199798e-02 -7.518979e-03 -2.936531e-02 9.995404e-01 1.457831e+02
9.997836e-01 1.589619e-02 1.342002e-02 -8.420072e+01 -1.532169e-02 9.990053e-01 -4.187653e-02 -1.003413e-02 -1.407226e-02 4.166189e-02 9.990327e-01 1.482838e+02
9.998681e-01 1.526855e-02 -5.526836e-03 -8.372282e+01 -1.507906e-02 9.993467e-01 3.284619e-02 -4.153983e-02 6.024657e-03 -3.275856e-02 9.994451e-01 1.513094e+02
9.994672e-01 2.381994e-03 3.255170e-02 -8.182151e+01 -9.069094e-04 9.989751e-01 -4.525423e-02 -9.169610e-02 -3.262605e-02 4.520064e-02 9.984451e-01 1.532272e+02
9.998836e-01 1.515171e-02 1.770355e-03 -7.922569e+01 -1.520003e-02 9.993873e-01 3.152623e-02 -1.536180e-01 -1.291672e-03 -3.154952e-02 9.995013e-01 1.549952e+02
9.999873e-01 4.361094e-03 2.544881e-03 -7.923600e+01 -4.266953e-03 9.993468e-01 -3.588431e-02 -1.651657e-01 -2.699635e-03 3.587305e-02 9.993528e-01 1.567626e+02
9.996276e-01 1.652345e-02 -2.171809e-02 -8.040291e+01 -1.562860e-02 9.990472e-01 4.074754e-02 -1.577182e-01 2.237061e-02 -4.039299e-02 9.989333e-01 1.585980e+02
9.999387e-01 2.915113e-03 1.068022e-02 -8.112520e+01 -2.502230e-03 9.992567e-01 -3.846768e-02 -1.562169e-01 -1.078434e-02 3.843865e-02 9.992028e-01 1.602608e+02
9.997277e-01 9.331299e-03 -2.138878e-02 -8.178790e+01 -8.453105e-03 9.991320e-01 4.078892e-02 -1.522237e-01 2.175075e-02 -4.059706e-02 9.989388e-01 1.613627e+02
9.999644e-01 7.018228e-03 4.683968e-03 -8.283314e+01 -6.840783e-03 9.992965e-01 -3.687555e-02 -1.447824e-01 -4.939395e-03 3.684225e-02 9.993090e-01 1.627939e+02
9.999779e-01 5.426629e-03 3.847800e-03 -8.193418e+01 -5.556338e-03 9.993881e-01 3.453316e-02 -1.668900e-01 -3.658124e-03 -3.455383e-02 9.993961e-01 1.638309e+02
9.997407e-01 6.472563e-03 2.183401e-02 -8.013129e+01 -5.543217e-03 9.990871e-01 -4.235812e-02 -2.084546e-01 -2.208817e-02 4.222616e-02 9.988640e-01 1.648388e+02
