9.999998e-01 3.319887e-04 -6.040532e-04 -4.044275e-02 -3.319372e-04 9.999999e-01 8.543675e-05 -1.360857e-03 6.040815e-04 -8.523671e-05 9.999999e-01 -4.552350e-02
9.999999e-01 -4.152808e-04 -5.216906e-05 -1.025985e-02 4.152744e-04 9.999999e-01 -1.222585e-04 -5.210281e-03 5.221975e-05 1.222373e-04 9.999999e-01 -1.633220e-01
9.999999e-01 1.178673e-04 -3.678399e-04 3.346935e-02 -1.178573e-04 1.000000e+00 2.724828e-05 -9.157417e-03 3.678432e-04 -2.720540e-05 1.000000e+00 -2.375111e-01
9.999994e-01 -1.085221e-03 -1.290429e-04 1.773034e-01 1.085213e-03 9.999994e-01 -6.502209e-05 -1.484414e-02 1.291132e-04 6.488249e-05 9.999999e-01 -2.901418e-01
1.000000e+00 -1.011073e-07 -2.240622e-04 3.478507e-01 6.026820e-08 1.000000e+00 -1.821836e-04 -2.187395e-02 2.240624e-04 1.821831e-04 1.000000e+00 -3.731459e-01
9.999978e-01 -2.065168e-03 -3.934517e-04 6.921374e-01 2.064999e-03 9.999978e-01 -4.291587e-04 -3.433013e-02 3.943368e-04 4.283456e-04 9.999997e-01 -4.772414e-01
9.999986e-01 1.527943e-03 -7.265735e-04 7.602202e-01 -1.527626e-03 9.999987e-01 4.368283e-04 -3.965185e-02 7.272404e-04 -4.357182e-04 9.999997e-01 -5.484074e-01
9.999990e-01 -1.407744e-03 -3.354342e-04 7.546037e-01 1.407685e-03 9.999990e-01 -1.747087e-04 -4.260475e-02 3.356793e-04 1.742368e-04 9.999998e-01 -6.043202e-01
9.999984e-01 1.762158e-03 -4.216937e-04 7.328669e-01 -1.762038e-03 9.999984e-01 2.845166e-04 -4.463382e-02 4.221950e-04 -2.837735e-04 1.000000e+00 -6.790686e-01
9.999988e-01 -1.451219e-03 -4.712058e-04 6.853761e-01 1.451210e-03 9.999989e-01 -1.888398e-05 -4.590892e-02 4.712321e-04 1.820059e-05 9.999998e-01 -7.148764e-01
9.999995e-01 9.636624e-04 3.221222e-04 7.636561e-01 -9.636007e-04 9.999995e-01 -1.914838e-04 -5.065549e-02 -3.223059e-04 1.911729e-04 1.000000e+00 -8.201945e-01
9.999990e-01 -9.760093e-04 -1.048440e-03 8.102432e-01 9.762783e-04 9.999995e-01 2.561251e-04 -5.403686e-02 1.048189e-03 -2.571479e-04 9.999993e-01 -8.914876e-01
9.999992e-01 1.187658e-03 -3.729085e-04 7.387519e-01 -1.187569e-03 9.999993e-01 2.385511e-04 -5.444418e-02 3.731924e-04 -2.381085e-04 1.000000e+00 -8.760009e-01
9.999972e-01 -2.198982e-03 -8.765887e-04 8.531170e-01 2.198698e-03 9.999975e-01 -3.250698e-04 -6.171120e-02 8.773004e-04 3.231420e-04 9.999995e-01 -9.941219e-01
9.999999e-01 3.825388e-04 -2.348845e-04 1.074766e+00 -3.826612e-04 9.999998e-01 -5.213042e-04 -7.341808e-02 2.346861e-04 5.213937e-04 9.999999e-01 -1.234826e+00
9.999992e-01 6.164280e-05 -1.289648e-03 1.021032e+00 -6.078313e-05 9.999998e-01 6.666069e-04 -7.614304e-02 1.289687e-03 -6.665275e-04 9.999988e-01 -1.294805e+00
9.999997e-01 -8.058298e-05 -8.143261e-04 1.007113e+00 8.026835e-05 9.999999e-01 -3.863717e-04 -8.123888e-02 8.143587e-04 3.863058e-04 9.999997e-01 -1.376455e+00
9.999994e-01 -2.597550e-04 -1.019888e-03 9.934386e-01 2.599036e-04 1.000000e+00 1.455568e-04 -8.643850e-02 1.019849e-03 -1.458214e-04 9.999994e-01 -1.580023e+00
9.999985e-01 -1.616951e-03 5.854606e-04 1.210767e+00 1.617593e-03 9.999981e-01 -1.098393e-03 -9.809123e-02 -5.836817e-04 1.099338e-03 9.999993e-01 -1.796608e+00
9.999963e-01 -1.980447e-03 -1.883603e-03 1.789536e+00 1.977408e-03 9.999967e-01 -1.614079e-03 -1.190675e-01 1.886792e-03 1.610349e-03 9.999968e-01 -2.180985e+00
9.999943e-01 -2.902143e-03 1.702219e-03 2.362308e+00 2.905875e-03 9.999934e-01 -2.193973e-03 -1.403663e-01 -1.695839e-03 2.198908e-03 9.999962e-01 -2.809453e+00
9.999962e-01 -1.461249e-04 -2.737571e-03 2.599483e+00 1.456631e-04 1.000000e+00 -1.689030e-04 -1.544405e-01 2.737593e-03 1.685031e-04 9.999961e-01 -3.304331e+00
9.999956e-01 -2.503269e-03 1.566913e-03 2.837611e+00 2.506159e-03 9.999952e-01 -1.845083e-03 -1.689118e-01 -1.562285e-03 1.849003e-03 9.999972e-01 -3.716190e+00
9.999933e-01 8.446392e-05 -3.670782e-03 3.155248e+00 -8.296159e-05 9.999999e-01 4.094158e-04 -1.857532e-01 3.670814e-03 -4.091094e-04 9.999931e-01 -4.028410e+00
9.999991e-01 -2.557944e-04 1.348300e-03 3.181811e+00 2.566385e-04 9.999998e-01 -6.258696e-04 -1.936117e-01 -1.348137e-03 6.262160e-04 9.999990e-01 -4.194836e+00
9.999854e-01 -2.643624e-04 -5.404561e-03 2.750012e+00 2.732713e-04 9.999986e-01 1.647734e-03 -1.876209e-01 5.404115e-03 -1.649187e-03 9.999839e-01 -3.980068e+00
9.999986e-01 1.394991e-03 -9.138310e-04 2.257799e+00 -1.395202e-03 9.999990e-01 -2.301739e-04 -1.782295e-01 9.135126e-04 2.314493e-04 9.999997e-01 -3.839623e+00
9.999947e-01 -3.238589e-03 -2.466546e-04 2.044909e+00 3.238617e-03 9.999947e-01 1.143237e-04 -1.775081e-01 2.462794e-04 -1.151226e-04 9.999999e-01 -3.645254e+00
9.999992e-01 -1.693091e-04 -1.273616e-03 1.599838e+00 1.707283e-04 9.999994e-01 1.114210e-03 -1.745118e-01 1.273431e-03 -1.114426e-03 9.999987e-01 -3.137352e+00
9.999899e-01 -4.287607e-03 1.370596e-03 1.329734e+00 4.288311e-03 9.999907e-01 -5.111176e-04 -1.759040e-01 -1.368396e-03 5.169895e-04 9.999988e-01 -2.641984e+00
9.999430e-01 5.328398e-03 -9.257131e-03 5.263232e-01 -5.301115e-03 9.999815e-01 2.969277e-03 -1.606913e-01 9.272786e-03 -2.920035e-03 9.999528e-01 -2.308548e+00
9.999858e-01 -5.189165e-03 1.246870e-03 -3.876385e-01 5.189819e-03 9.999864e-01 -5.222523e-04 -1.449939e-01 -1.244149e-03 5.287159e-04 9.999990e-01 -1.789242e+00
1.000000e+00 -6.128087e-05 2.963714e-04 -6.200010e-01 6.092895e-05 9.999993e-01 1.187211e-03 -1.473012e-01 -2.964387e-04 -1.187193e-03 9.999994e-01 -1.232028e+00
9.999954e-01 -2.800658e-03 -1.189763e-03 -8.766032e-01 2.800294e-03 9.999960e-01 -3.076578e-04 -1.475865e-01 1.190615e-03 3.043249e-04 9.999991e-01 -8.618758e-01
9.999903e-01 3.440801e-03 -2.745320e-03 -1.291567e+00 -3.437705e-03 9.999935e-01 1.131492e-03 -1.408521e-01 2.749201e-03 -1.122044e-03 9.999957e-01 -7.493584e-01
9.999947e-01 -2.826138e-03 1.646579e-03 -1.513249e+00 2.829871e-03 9.999934e-01 -2.269716e-03 -1.401832e-01 -1.640159e-03 2.274363e-03 9.999960e-01 -9.369640e-01
9.999783e-01 3.827094e-03 -5.361310e-03 -1.901136e+00 -3.815532e-03 9.999904e-01 2.165125e-03 -1.333178e-01 5.369551e-03 -2.144622e-03 9.999834e-01 -9.388543e-01
9.999928e-01 -3.037109e-03 2.287006e-03 -2.185142e+00 3.042537e-03 9.999926e-01 -2.373846e-03 -1.308888e-01 -2.279785e-03 2.380787e-03 9.999945e-01 -9.816503e-01
9.999810e-01 2.743299e-03 -5.515592e-03 -2.334674e+00 -2.732480e-03 9.999943e-01 1.968151e-03 -1.336731e-01 5.520967e-03 -1.953042e-03 9.999830e-01 -1.007385e+00
9.999923e-01 -3.011809e-03 2.518165e-03 -2.477332e+00 3.015334e-03 9.999945e-01 -1.397126e-03 -1.344185e-01 -2.513950e-03 1.404709e-03 9.999958e-01 -9.247676e-01
9.999603e-01 1.941105e-03 -8.692522e-03 -3.115423e+00 -1.912387e-03 9.999927e-01 3.310824e-03 -1.241193e-01 8.698893e-03 -3.294070e-03 9.999568e-01 -4.435216e-01
9.999932e-01 -2.928357e-03 2.222313e-03 -3.848642e+00 2.930424e-03 9.999953e-01 -9.276691e-04 -1.133207e-01 -2.219595e-03 9.341757e-04 9.999970e-01 1.246651e-01
9.999643e-01 3.751183e-03 -7.571489e-03 -4.414503e+00 -3.738298e-03 9.999915e-01 1.715265e-03 -1.016208e-01 7.577868e-03 -1.686900e-03 9.999700e-01 2.139867e-01
9.999873e-01 -3.915855e-03 3.185268e-03 -4.834881e+00 3.916579e-03 9.999923e-01 -2.210383e-04 -9.378575e-02 -3.184387e-03 2.335116e-04 9.999948e-01 4.363771e-01
9.999641e-01 4.067529e-03 -7.435645e-03 -5.211544e+00 -4.052885e-03 9.999898e-01 1.983415e-03 -8.656566e-02 7.443647e-03 -1.953209e-03 9.999705e-01 6.342556e-01
9.999947e-01 -2.859724e-03 1.537170e-03 -5.730244e+00 2.861025e-03 9.999956e-01 -8.445198e-04 -7.608467e-02 -1.534759e-03 8.489143e-04 9.999984e-01 7.636260e-01
9.999781e-01 3.548292e-03 -5.588038e-03 -6.121002e+00 -3.540940e-03 9.999929e-01 1.325149e-03 -6.861611e-02 5.592711e-03 -1.305334e-03 9.999836e-01 8.220022e-01
9.999579e-01 -6.945182e-03 5.996670e-03 -5.984637e+00 6.954434e-03 9.999747e-01 -1.523336e-03 -7.767650e-02 -5.985949e-03 1.564977e-03 9.999808e-01 9.870162e-01
9.998685e-01 7.559587e-03 -1.434798e-02 -6.715623e+00 -7.497026e-03 9.999622e-01 4.409002e-03 -6.400627e-02 1.438078e-02 -4.300856e-03 9.998874e-01 1.398750e+00
9.999591e-01 -6.385834e-03 6.401816e-03 -7.400873e+00 6.397506e-03 9.999779e-01 -1.804411e-03 -5.053213e-02 -6.390165e-03 1.845295e-03 9.999778e-01 1.705152e+00
9.998825e-01 7.532214e-03 -1.334862e-02 -7.992234e+00 -7.478487e-03 9.999638e-01 4.070257e-03 -3.875704e-02 1.337881e-02 -3.969953e-03 9.999027e-01 1.944434e+00
9.999479e-01 -6.812277e-03 7.600928e-03 -8.444962e+00 6.827315e-03 9.999748e-01 -1.954203e-03 -2.980501e-02 -7.587438e-03 2.005997e-03 9.999691e-01 2.144864e+00
9.998807e-01 7.989719e-03 -1.322046e-02 -8.932955e+00 -7.944233e-03 9.999624e-01 3.489580e-03 -1.944960e-02 1.324786e-02 -3.384139e-03 9.999066e-01 2.268225e+00
9.999559e-01 -7.431863e-03 5.735631e-03 -9.601237e+00 7.437524e-03 9.999719e-01 -9.661222e-04 -6.670129e-03 -5.728305e-03 1.008741e-03 9.999830e-01 2.630097e+00
9.999165e-01 6.378969e-03 -1.124002e-02 -1.016884e+01 -6.344640e-03 9.999751e-01 3.087204e-03 1.306258e-03 1.125945e-02 -3.015635e-03 9.999322e-01 3.128959e+00
9.999039e-01 -8.054702e-03 1.128730e-02 -1.028313e+01 8.089619e-03 9.999626e-01 -3.051230e-03 9.380920e-04 -1.126232e-02 3.142249e-03 9.999315e-01 3.258446e+00
9.999050e-01 6.624807e-03 -1.208367e-02 -1.027048e+01 -6.581475e-03 9.999718e-01 3.622257e-03 -8.700090e-04 1.210734e-02 -3.542388e-03 9.999205e-01 3.359250e+00
9.999183e-01 -7.685204e-03 1.021689e-02 -1.044799e+01 7.709511e-03 9.999675e-01 -2.341877e-03 3.872596e-04 -1.019858e-02 2.420456e-03 9.999450e-01 3.623764e+00
9.998585e-01 7.951131e-03 -1.482296e-02 -1.078407e+01 -7.888880e-03 9.999598e-01 4.253437e-03 6.551777e-03 1.485620e-02 -4.135902e-03 9.998812e-01 3.834114e+00
9.999330e-01 -7.346409e-03 8.941437e-03 -1.122413e+01 7.366385e-03 9.999704e-01 -2.203104e-03 1.518347e-02 -8.925005e-03 2.268826e-03 9.999575e-01 4.053075e+00
9.998582e-01 8.043811e-03 -1.479123e-02 -1.168546e+01 -7.979732e-03 9.999585e-01 4.386187e-03 2.422749e-02 1.482592e-02 -4.267539e-03 9.998811e-01 4.269321e+00
9.999308e-01 -7.350730e-03 9.182259e-03 -1.214394e+01 7.371920e-03 9.999702e-01 -2.276009e-03 3.325737e-02 -9.165273e-03 2.343546e-03 9.999552e-01 4.481404e+00
9.998674e-01 7.688631e-03 -1.435819e-02 -1.254807e+01 -7.626815e-03 9.999614e-01 4.355049e-03 4.087950e-02 1.439114e-02 -4.244968e-03 9.998875e-01 4.712665e+00
9.999112e-01 -7.738682e-03 1.084483e-02 -1.279827e+01 7.769130e-03 9.999660e-01 -2.768235e-03 4.530161e-02 -1.082306e-02 2.852248e-03 9.999373e-01 4.877903e+00
9.998788e-01 7.463346e-03 -1.366417e-02 -1.298523e+01 -7.408204e-03 9.999642e-01 4.081673e-03 4.821514e-02 1.369416e-02 -3.979955e-03 9.998984e-01 5.015571e+00
9.999230e-01 -6.976573e-03 1.026022e-02 -1.319038e+01 7.008848e-03 9.999706e-01 -3.112948e-03 5.099869e-02 -1.023822e-02 3.184625e-03 9.999424e-01 5.087111e+00
9.998944e-01 6.582207e-03 -1.295430e-02 -1.330741e+01 -6.551892e-03 9.999757e-01 2.381182e-03 4.913627e-02 1.296968e-02 -2.296059e-03 9.999134e-01 4.905206e+00
9.999221e-01 -6.776679e-03 1.048096e-02 -1.346099e+01 6.797122e-03 9.999751e-01 -1.916127e-03 4.994169e-02 -1.046773e-02 1.987222e-03 9.999431e-01 4.947808e+00
9.998711e-01 7.082740e-03 -1.440898e-02 -1.373211e+01 -7.037141e-03 9.999701e-01 3.212889e-03 5.439258e-02 1.443133e-02 -3.111081e-03 9.998911e-01 5.092855e+00
9.999083e-01 -7.248457e-03 1.143462e-02 -1.395454e+01 7.272050e-03 9.999715e-01 -2.022992e-03 5.792344e-02 -1.141965e-02 2.105964e-03 9.999325e-01 5.230229e+00
9.998838e-01 6.837313e-03 -1.362333e-02 -1.406002e+01 -6.798707e-03 9.999727e-01 2.878145e-03 5.850041e-02 1.364266e-02 -2.785194e-03 9.999032e-01 5.325438e+00
9.999189e-01 -6.827938e-03 1.074876e-02 -1.425109e+01 6.850251e-03 9.999745e-01 -2.040378e-03 6.079264e-02 -1.073458e-02 2.113849e-03 9.999400e-01 5.426103e+00
9.999004e-01 5.462897e-03 -1.301503e-02 -1.437427e+01 -5.431939e-03 9.999823e-01 2.412797e-03 5.856167e-02 1.302800e-02 -2.341865e-03 9.999125e-01 5.576601e+00
9.999085e-01 -7.816775e-03 1.104441e-02 -1.452069e+01 7.831869e-03 9.999685e-01 -1.324016e-03 5.703228e-02 -1.103373e-02 1.410398e-03 9.999380e-01 5.826714e+00
9.999480e-01 3.410761e-03 -9.610660e-03 -1.443156e+01 -3.393018e-03 9.999925e-01 1.861927e-03 4.799079e-02 9.616960e-03 -1.829226e-03 9.999522e-01 6.065387e+00
9.999162e-01 -8.181981e-03 1.003131e-02 -1.399855e+01 8.199928e-03 9.999648e-01 -1.749243e-03 3.060145e-02 -1.001667e-02 1.831358e-03 9.999481e-01 6.301309e+00
9.999423e-01 3.918422e-03 -1.000039e-02 -1.399395e+01 -3.885428e-03 9.999870e-01 3.316661e-03 2.381418e-02 1.001328e-02 -3.277619e-03 9.999446e-01 6.741223e+00
9.999388e-01 -6.866648e-03 8.678959e-03 -1.436783e+01 6.879074e-03 9.999754e-01 -1.402609e-03 2.560287e-02 -8.669136e-03 1.462232e-03 9.999613e-01 7.353149e+00
9.999199e-01 5.566134e-03 -1.136627e-02 -1.467524e+01 -5.533888e-03 9.999806e-01 2.866541e-03 2.893839e-02 1.138202e-02 -2.803417e-03 9.999314e-01 7.696594e+00
9.999471e-01 -6.031488e-03 8.329934e-03 -1.495951e+01 6.042345e-03 9.999809e-01 -1.278676e-03 3.279944e-02 -8.322085e-03 1.328946e-03 9.999644e-01 7.952218e+00
9.999295e-01 5.813626e-03 -1.034978e-02 -1.503958e+01 -5.794791e-03 9.999815e-01 1.848916e-03 3.232674e-02 1.036036e-02 -1.788816e-03 9.999448e-01 8.009293e+00
9.999389e-01 -7.061900e-03 8.509530e-03 -1.491960e+01 7.075631e-03 9.999737e-01 -1.584583e-03 2.479598e-02 -8.498139e-03 1.644702e-03 9.999624e-01 8.015332e+00
9.999223e-01 5.566194e-03 -1.115743e-02 -1.471526e+01 -5.549678e-03 9.999835e-01 1.510757e-03 1.281572e-02 1.116567e-02 -1.448725e-03 9.999367e-01 7.917821e+00
9.999436e-01 -6.482135e-03 8.415897e-03 -1.465400e+01 6.493463e-03 9.999780e-01 -1.319288e-03 3.723873e-03 -8.407184e-03 1.373868e-03 9.999636e-01 7.883090e+00
9.999324e-01 5.297531e-03 -1.035533e-02 -1.471011e+01 -5.283804e-03 9.999851e-01 1.352552e-03 4.356974e-04 1.036237e-02 -1.297750e-03 9.999456e-01 7.946769e+00
9.999441e-01 -7.915038e-03 7.007623e-03 -1.442742e+01 7.924133e-03 9.999678e-01 -1.271013e-03 -1.642789e-02 -6.997361e-03 1.326477e-03 9.999745e-01 7.799750e+00
9.999311e-01 5.171741e-03 -1.054281e-02 -1.429173e+01 -5.171861e-03 9.999866e-01 1.592687e-05 -3.265030e-02 1.054278e-02 3.859470e-05 9.999445e-01 7.387478e+00
9.999305e-01 -9.251451e-03 7.306914e-03 -1.410536e+01 9.271855e-03 9.999532e-01 -2.763316e-03 -5.215310e-02 -7.281031e-03 2.830878e-03 9.999694e-01 6.811705e+00
9.999242e-01 5.717701e-03 -1.090587e-02 -1.385853e+01 -5.707999e-03 9.999833e-01 9.205969e-04 -7.189000e-02 1.091097e-02 -8.582816e-04 9.999402e-01 6.403683e+00
9.999396e-01 -8.531364e-03 6.923783e-03 -1.362947e+01 8.544438e-03 9.999618e-01 -1.860899e-03 -9.015301e-02 -6.907667e-03 1.919952e-03 9.999742e-01 6.145086e+00
9.999270e-01 3.782525e-03 -1.147681e-02 -1.324195e+01 -3.785563e-03 9.999928e-01 -2.429133e-04 -1.146972e-01 1.147583e-02 2.863369e-04 9.999342e-01 5.769150e+00
9.999442e-01 -8.175551e-03 6.685723e-03 -1.291397e+01 8.184922e-03 9.999656e-01 -1.375387e-03 -1.378834e-01 -6.674273e-03 1.430037e-03 9.999766e-01 5.380795e+00
9.999389e-01 2.782709e-03 -1.069386e-02 -1.249789e+01 -2.797849e-03 9.999951e-01 -1.400981e-03 -1.635336e-01 1.068994e-02 1.430811e-03 9.999419e-01 4.922973e+00
9.999388e-01 -8.888039e-03 6.587478e-03 -1.189924e+01 8.900680e-03 9.999586e-01 -1.891919e-03 -1.941978e-01 -6.570417e-03 1.950441e-03 9.999764e-01 4.416435e+00
9.999325e-01 3.073351e-03 -1.120234e-02 -1.138912e+01 -3.086470e-03 9.999946e-01 -1.153954e-03 -2.229695e-01 1.119876e-02 1.188448e-03 9.999367e-01 3.886507e+00
9.999465e-01 -7.428599e-03 7.199032e-03 -1.102538e+01 7.439767e-03 9.999712e-01 -1.525753e-03 -2.462874e-01 -7.187517e-03 1.579234e-03 9.999728e-01 3.459885e+00
9.999319e-01 5.173853e-03 -1.045844e-02 -1.084258e+01 -5.164874e-03 9.999863e-01 8.853875e-04 -2.619875e-01 1.046291e-02 -8.313145e-04 9.999450e-01 3.260015e+00
9.999632e-01 -4.858324e-03 7.066932e-03 -1.106205e+01 4.857222e-03 9.999882e-01 1.731595e-04 -2.588389e-01 -7.067717e-03 -1.388234e-04 9.999749e-01 3.321698e+00
9.999506e-01 4.637140e-03 -8.790228e-03 -1.115026e+01 -4.634612e-03 9.999892e-01 3.080300e-04 -2.603997e-01 8.791589e-03 -2.672795e-04 9.999614e-01 3.340064e+00
9.999394e-01 -7.220071e-03 8.314552e-03 -1.076686e+01 7.226695e-03 9.999736e-01 -7.668825e-04 -2.747440e-01 -8.308823e-03 8.269269e-04 9.999650e-01 3.282160e+00
9.999482e-01 5.958934e-03 -8.257399e-03 -1.071403e+01 -5.951416e-03 9.999819e-01 9.349035e-04 -2.767860e-01 8.262849e-03 -8.857158e-04 9.999656e-01 3.301387e+00
9.999689e-01 -6.274657e-03 4.778052e-03 -1.094398e+01 6.272006e-03 9.999802e-01 5.698094e-04 -2.733927e-01 -4.781561e-03 -5.398194e-04 9.999883e-01 3.493550e+00
9.999603e-01 5.708587e-03 -6.838863e-03 -1.109435e+01 -5.703734e-03 9.999835e-01 7.290471e-04 -2.718893e-01 6.842940e-03 -6.900153e-04 9.999764e-01 3.666800e+00
9.999736e-01 -6.349499e-03 3.543742e-03 -1.130786e+01 6.347226e-03 9.999796e-01 6.526379e-04 -2.686677e-01 -3.547842e-03 -6.301231e-04 9.999934e-01 3.861338e+00
9.999835e-01 4.484349e-03 -3.594922e-03 -1.142576e+01 -4.487614e-03 9.999895e-01 -9.006338e-04 -2.675874e-01 3.590874e-03 9.167471e-04 9.999932e-01 4.001704e+00
9.999668e-01 -6.717067e-03 4.622932e-03 -1.142814e+01 6.713335e-03 9.999771e-01 8.225474e-04 -2.686296e-01 -4.628380e-03 -7.914802e-04 9.999889e-01 4.052474e+00
9.999691e-01 5.803059e-03 -5.295112e-03 -1.151693e+01 -5.804769e-03 9.999831e-01 -3.074989e-04 -2.679823e-01 5.293267e-03 3.382219e-04 9.999860e-01 4.138364e+00
9.999359e-01 -8.559425e-03 7.410449e-03 -1.129660e+01 8.561762e-03 9.999633e-01 -2.836141e-04 -2.683886e-01 -7.407778e-03 3.470471e-04 9.999724e-01 3.920493e+00
9.999493e-01 6.956528e-03 -7.276902e-03 -1.126993e+01 -6.954049e-03 9.999758e-01 3.659650e-04 -2.688794e-01 7.279300e-03 -3.153470e-04 9.999736e-01 3.920530e+00
9.999583e-01 -7.677694e-03 4.934637e-03 -1.142584e+01 7.674618e-03 9.999703e-01 6.421978e-04 -2.665983e-01 -4.939450e-03 -6.042948e-04 9.999875e-01 4.058767e+00
9.999487e-01 6.791196e-03 -7.516368e-03 -1.162838e+01 -6.787512e-03 9.999768e-01 5.155906e-04 -2.642138e-01 7.519724e-03 -4.645514e-04 9.999717e-01 4.270540e+00
9.999335e-01 -8.379097e-03 7.925187e-03 -1.165871e+01 8.382093e-03 9.999648e-01 -3.447488e-04 -2.650321e-01 -7.922049e-03 4.111604e-04 9.999684e-01 4.382204e+00
9.999577e-01 6.097032e-03 -6.885670e-03 -1.150228e+01 -6.094315e-03 9.999813e-01 4.157272e-04 -2.671142e-01 6.888105e-03 -3.737510e-04 9.999763e-01 4.341357e+00
9.999623e-01 -7.037687e-03 5.082760e-03 -1.159208e+01 7.036931e-03 9.999752e-01 1.667060e-04 -2.653561e-01 -5.083837e-03 -1.309276e-04 9.999870e-01 4.396670e+00
9.999547e-01 6.435488e-03 -7.016950e-03 -1.172454e+01 -6.431349e-03 9.999791e-01 6.123232e-04 -2.629243e-01 7.020774e-03 -5.671720e-04 9.999753e-01 4.459193e+00
9.999727e-01 -6.616543e-03 3.293133e-03 -1.196371e+01 6.613785e-03 9.999778e-01 8.478495e-04 -2.587195e-01 -3.298700e-03 -8.260411e-04 9.999941e-01 4.612072e+00
9.999505e-01 6.568356e-03 -7.477670e-03 -1.224896e+01 -6.562044e-03 9.999781e-01 8.683939e-04 -2.537857e-01 7.483240e-03 -8.192873e-04 9.999718e-01 4.795832e+00
9.999714e-01 -6.566884e-03 3.755032e-03 -1.251788e+01 6.564302e-03 9.999782e-01 6.995837e-04 -2.493274e-01 -3.759574e-03 -6.749089e-04 9.999926e-01 4.965219e+00
9.999620e-01 6.084850e-03 -6.241771e-03 -1.266700e+01 -6.081502e-03 9.999814e-01 5.554585e-04 -2.473690e-01 6.245065e-03 -5.174836e-04 9.999805e-01 5.104271e+00
9.999670e-01 -6.874733e-03 4.339012e-03 -1.280347e+01 6.872259e-03 9.999762e-01 5.849760e-04 -2.463394e-01 -4.342961e-03 -5.551321e-04 9.999903e-01 5.283648e+00
9.999780e-01 5.157289e-03 -4.163594e-03 -1.275999e+01 -5.157780e-03 9.999867e-01 -1.068320e-04 -2.487310e-01 4.163018e-03 1.282989e-04 9.999914e-01 5.379677e+00
9.999797e-01 -5.828813e-03 2.565642e-03 -1.283074e+01 5.826244e-03 9.999825e-01 1.008185e-03 -2.482408e-01 -2.571504e-03 -9.932103e-04 9.999961e-01 5.464917e+00
9.999875e-01 4.355649e-03 -2.441183e-03 -1.273357e+01 -4.357687e-03 9.999902e-01 -8.298568e-04 -2.523496e-01 2.437575e-03 8.404786e-04 9.999968e-01 5.487924e+00
9.999810e-01 -5.747860e-03 2.234352e-03 -1.262968e+01 5.745563e-03 9.999830e-01 1.033551e-03 -2.561872e-01 -2.240286e-03 -1.020688e-03 9.999969e-01 5.513797e+00
9.999805e-01 5.144579e-03 -3.553122e-03 -1.257426e+01 -5.146763e-03 9.999866e-01 -6.054944e-04 -2.610648e-01 3.549990e-03 6.237637e-04 9.999936e-01 5.424416e+00
9.999691e-01 -7.712717e-03 1.510172e-03 -1.237299e+01 7.713874e-03 9.999700e-01 -7.609236e-04 -2.741551e-01 -1.504289e-03 7.725554e-04 9.999985e-01 5.142367e+00
9.999657e-01 7.345816e-03 -3.813669e-03 -1.237277e+01 -7.343723e-03 9.999729e-01 5.628632e-04 -2.797869e-01 3.817732e-03 -5.348432e-04 9.999927e-01 5.029474e+00
9.999732e-01 -7.288999e-03 -6.767917e-04 -1.272926e+01 7.289619e-03 9.999730e-01 9.163252e-04 -2.730155e-01 6.700625e-04 -9.212280e-04 9.999993e-01 5.224713e+00
9.999709e-01 7.253087e-03 -2.373585e-03 -1.311631e+01 -7.253703e-03 9.999737e-01 -2.505554e-04 -2.668186e-01 2.371737e-03 2.677594e-04 9.999972e-01 5.367659e+00
9.999748e-01 -7.095794e-03 -1.136991e-04 -1.324170e+01 7.095784e-03 9.999748e-01 -1.023770e-04 -2.688022e-01 1.143903e-04 1.015738e-04 9.999999e-01 5.299091e+00
9.999570e-01 8.019674e-03 -4.654215e-03 -1.360728e+01 -8.015234e-03 9.999674e-01 9.720559e-04 -2.620394e-01 4.661892e-03 -9.347155e-04 9.999888e-01 5.379826e+00
9.999769e-01 -6.404213e-03 -2.279411e-03 -1.426227e+01 6.403649e-03 9.999795e-01 -2.552021e-04 -2.497889e-01 2.280966e-03 2.406059e-04 9.999973e-01 5.528558e+00
9.999763e-01 6.729018e-03 -1.485543e-03 -1.461582e+01 -6.727990e-03 9.999771e-01 6.967004e-04 -2.461481e-01 1.490231e-03 -6.866952e-04 9.999988e-01 5.589061e+00
9.999599e-01 -7.145136e-03 -5.389648e-03 -1.511786e+01 7.151772e-03 9.999737e-01 1.212800e-03 -2.367962e-01 5.380806e-03 -1.251291e-03 9.999846e-01 5.920526e+00
9.999776e-01 6.611455e-03 1.075283e-03 -1.551908e+01 -6.612342e-03 9.999778e-01 8.221879e-04 -2.306265e-01 -1.069788e-03 -8.292860e-04 9.999992e-01 6.155271e+00
9.999522e-01 -7.533233e-03 -6.228180e-03 -1.594730e+01 7.540637e-03 9.999709e-01 1.165833e-03 -2.237942e-01 6.219181e-03 -1.212735e-03 9.999798e-01 6.470404e+00
9.999715e-01 7.455529e-03 1.213621e-03 -1.639301e+01 -7.456769e-03 9.999717e-01 1.019552e-03 -2.163490e-01 -1.205950e-03 -1.028580e-03 9.999988e-01 6.696860e+00
9.999568e-01 -8.524633e-03 -3.702150e-03 -1.664978e+01 8.522879e-03 9.999636e-01 -4.896823e-04 -2.146116e-01 3.706153e-03 4.581154e-04 9.999929e-01 6.842841e+00
9.999720e-01 7.144353e-03 2.214179e-03 -1.671356e+01 -7.145296e-03 9.999744e-01 4.180741e-04 -2.194569e-01 -2.211099e-03 -4.338904e-04 9.999976e-01 6.883277e+00
9.998986e-01 -1.402850e-02 2.433955e-03 -1.624696e+01 1.403125e-02 9.999009e-01 -1.117643e-03 -2.394910e-01 -2.418071e-03 1.151688e-03 9.999963e-01 7.191096e+00
9.999701e-01 7.021233e-03 3.253043e-03 -1.560818e+01 -7.025892e-03 9.999743e-01 1.422517e-03 -2.620414e-01 -3.242936e-03 -1.445338e-03 9.999938e-01 7.556615e+00
9.999449e-01 -9.896138e-03 -3.502028e-03 -1.563812e+01 9.891788e-03 9.999503e-01 -1.257660e-03 -2.679542e-01 3.514264e-03 1.222957e-03 9.999930e-01 7.782160e+00
9.999663e-01 8.097124e-03 1.321543e-03 -1.578712e+01 -8.098610e-03 9.999666e-01 1.122129e-03 -2.725371e-01 -1.312378e-03 -1.132801e-03 9.999986e-01 7.920068e+00
9.999307e-01 -1.155396e-02 -2.275624e-03 -1.560036e+01 1.155037e-02 9.999320e-01 -1.583537e-03 -2.898317e-01 2.293731e-03 1.557151e-03 9.999961e-01 7.960437e+00
9.999463e-01 1.036056e-02 2.383264e-04 -1.577130e+01 -1.036093e-02 9.999450e-01 1.621783e-03 -2.919953e-01 -2.214750e-04 -1.624172e-03 9.999988e-01 8.092954e+00
9.999318e-01 -1.132290e-02 -2.862728e-03 -1.581186e+01 1.131855e-02 9.999348e-01 -1.532970e-03 -2.985615e-01 2.879864e-03 1.500471e-03 9.999946e-01 8.088304e+00
9.999547e-01 9.467004e-03 9.385111e-04 -1.574655e+01 -9.467745e-03 9.999549e-01 7.870571e-04 -3.119356e-01 -9.309815e-04 -7.959143e-04 9.999993e-01 8.011017e+00
9.999409e-01 -1.050448e-02 -2.787019e-03 -1.600010e+01 1.050320e-02 9.999447e-01 -4.736679e-04 -3.109075e-01 2.791805e-03 4.443750e-04 9.999959e-01 8.174679e+00
9.999614e-01 8.652413e-03 1.532818e-03 -1.595976e+01 -8.653085e-03 9.999625e-01 4.313842e-04 -3.173559e-01 -1.528992e-03 -4.446385e-04 9.999988e-01 8.263599e+00
9.999410e-01 -1.003774e-02 -4.149305e-03 -1.603167e+01 1.003663e-02 9.999496e-01 -2.893653e-04 -3.217092e-01 4.151963e-03 2.477109e-04 9.999913e-01 8.394264e+00
9.999576e-01 9.148534e-03 1.074721e-03 -1.629710e+01 -9.150042e-03 9.999572e-01 1.404983e-03 -3.183162e-01 -1.061785e-03 -1.414765e-03 9.999985e-01 8.631039e+00
9.999500e-01 -9.170196e-03 -3.984208e-03 -1.640815e+01 9.166208e-03 9.999575e-01 -1.018312e-03 -3.212946e-01 3.993340e-03 9.817493e-04 9.999914e-01 8.600539e+00
9.999580e-01 9.020709e-03 1.629978e-03 -1.648121e+01 -9.021435e-03 9.999592e-01 4.376222e-04 -3.281493e-01 -1.625926e-03 -4.523160e-04 9.999987e-01 8.411436e+00
9.999225e-01 -1.227387e-02 -2.064068e-03 -1.625041e+01 1.227070e-02 9.999235e-01 -1.542781e-03 -3.451661e-01 2.082808e-03 1.517342e-03 9.999966e-01 8.338098e+00
9.999198e-01 1.254830e-02 -1.730980e-03 -1.650887e+01 -1.254514e-02 9.999196e-01 1.827691e-03 -3.446257e-01 1.753813e-03 -1.805837e-03 9.999969e-01 8.407702e+00
9.999283e-01 -1.197011e-02 -4.486575e-04 -1.676025e+01 1.196888e-02 9.999248e-01 -2.666906e-03 -3.454710e-01 4.805091e-04 2.661352e-03 9.999962e-01 8.311454e+00
9.999600e-01 8.827032e-03 -1.416515e-03 -1.659143e+01 -8.825657e-03 9.999606e-01 9.753396e-04 -3.602125e-01 1.425106e-03 -9.628062e-04 9.999986e-01 7.911829e+00
9.999592e-01 -8.932013e-03 -1.330107e-03 -1.666582e+01 8.929746e-03 9.999587e-01 -1.701421e-03 -3.666215e-01 1.345211e-03 1.689482e-03 9.999976e-01 7.798260e+00
9.999539e-01 9.067099e-03 -3.160190e-03 -1.713952e+01 -9.058686e-03 9.999554e-01 2.666995e-03 -3.600661e-01 3.184270e-03 -2.638252e-03 9.999915e-01 8.004597e+00
9.999551e-01 -9.433472e-03 9.193682e-04 -1.720017e+01 9.436591e-03 9.999495e-01 -3.448068e-03 -3.666284e-01 -8.868335e-04 3.456597e-03 9.999935e-01 7.819385e+00
9.999641e-01 7.980369e-03 -2.849844e-03 -1.709778e+01 -7.971612e-03 9.999635e-01 3.071707e-03 -3.784015e-01 2.874293e-03 -3.048886e-03 9.999913e-01 7.749284e+00
9.999575e-01 -9.214316e-03 3.445298e-04 -1.720955e+01 9.215339e-03 9.999528e-01 -3.089755e-03 -3.821380e-01 -3.160829e-04 3.092806e-03 9.999951e-01 7.870624e+00
9.999745e-01 6.941231e-03 -1.657150e-03 -1.733887e+01 -6.935622e-03 9.999703e-01 3.367775e-03 -3.848392e-01 1.680517e-03 -3.356203e-03 9.999931e-01 8.113570e+00
9.999550e-01 -9.403781e-03 1.219506e-03 -1.755531e+01 9.406383e-03 9.999535e-01 -2.144656e-03 -3.847287e-01 -1.199320e-03 2.156038e-03 9.999969e-01 8.495364e+00
9.999799e-01 6.260342e-03 -1.028066e-03 -1.777580e+01 -6.256473e-03 9.999735e-01 3.725885e-03 -3.858006e-01 1.051404e-03 -3.719386e-03 9.999926e-01 8.982261e+00
9.999693e-01 -7.736545e-03 -1.247844e-03 -1.806040e+01 7.733650e-03 9.999674e-01 -2.309967e-03 -3.833298e-01 1.265635e-03 2.300254e-03 9.999965e-01 9.320712e+00
9.999717e-01 7.190971e-03 -2.216399e-03 -1.840571e+01 -7.182418e-03 9.999668e-01 3.844144e-03 -3.782945e-01 2.244009e-03 -3.828124e-03 9.999903e-01 9.583340e+00
9.999518e-01 -9.709083e-03 1.475950e-03 -1.818560e+01 9.715541e-03 9.999430e-01 -4.432314e-03 -3.927661e-01 -1.432872e-03 4.446448e-03 9.999890e-01 9.569063e+00
9.999684e-01 7.524271e-03 -2.575449e-03 -1.811429e+01 -7.513253e-03 9.999627e-01 4.262124e-03 -4.031486e-01 2.607462e-03 -4.242647e-03 9.999877e-01 9.635647e+00
9.999545e-01 -9.365087e-03 1.822501e-03 -1.816115e+01 9.372329e-03 9.999481e-01 -4.006015e-03 -4.062785e-01 -1.784930e-03 4.022922e-03 9.999902e-01 9.799601e+00
9.999555e-01 8.638406e-03 -3.804474e-03 -1.834375e+01 -8.619757e-03 9.999509e-01 4.891719e-03 -4.044832e-01 3.846584e-03 -4.858715e-03 9.999809e-01 9.951693e+00
9.999388e-01 -1.074588e-02 2.619889e-03 -1.855663e+01 1.075703e-02 9.999330e-01 -4.278790e-03 -4.036471e-01 -2.573774e-03 4.306719e-03 9.999873e-01 1.020875e+01
9.999658e-01 7.756153e-03 -2.885355e-03 -1.888255e+01 -7.739154e-03 9.999529e-01 5.857341e-03 -4.030482e-01 2.930690e-03 -5.834819e-03 9.999788e-01 1.080280e+01
9.999513e-01 -9.854811e-03 4.408836e-04 -1.932572e+01 9.856477e-03 9.999436e-01 -3.946082e-03 -3.993812e-01 -4.020116e-04 3.950245e-03 9.999920e-01 1.136817e+01
9.999721e-01 7.439763e-03 -6.502930e-04 -1.954507e+01 -7.436078e-03 9.999572e-01 5.499185e-03 -3.994151e-01 6.912186e-04 -5.494205e-03 9.999848e-01 1.178589e+01
9.999659e-01 -8.114433e-03 -1.535213e-03 -1.971738e+01 8.106857e-03 9.999552e-01 -4.879255e-03 -3.987277e-01 1.574696e-03 4.866653e-03 9.999868e-01 1.191590e+01
9.999705e-01 7.664804e-03 -4.381456e-04 -1.976374e+01 -7.662781e-03 9.999607e-01 4.450064e-03 -4.042593e-01 4.722785e-04 -4.446584e-03 9.999901e-01 1.184014e+01
9.999629e-01 -8.289180e-03 -2.355540e-03 -2.000580e+01 8.279997e-03 9.999582e-01 -3.882962e-03 -4.025657e-01 2.387587e-03 3.863324e-03 9.999896e-01 1.197125e+01
9.999672e-01 8.054662e-03 -8.092734e-04 -2.025881e+01 -8.050740e-03 9.999564e-01 4.739698e-03 -3.992144e-01 8.474565e-04 -4.733036e-03 9.999885e-01 1.210579e+01
9.999581e-01 -8.547894e-03 -3.274142e-03 -2.059457e+01 8.537270e-03 9.999583e-01 -3.245796e-03 -3.939182e-01 3.301708e-03 3.217717e-03 9.999893e-01 1.237611e+01
9.999715e-01 7.499020e-03 -9.323150e-04 -2.100212e+01 -7.494454e-03 9.999603e-01 4.810590e-03 -3.883079e-01 9.683952e-04 -4.803475e-03 9.999881e-01 1.277066e+01
9.999619e-01 -8.580475e-03 -1.598879e-03 -2.127200e+01 8.574420e-03 9.999562e-01 -3.757746e-03 -3.851982e-01 1.631009e-03 3.743904e-03 9.999916e-01 1.301674e+01
9.999807e-01 6.219495e-03 -1.467457e-04 -2.122003e+01 -6.218930e-03 9.999742e-01 3.592161e-03 -3.963965e-01 1.691262e-04 -3.591188e-03 9.999936e-01 1.312680e+01
9.999629e-01 -8.563041e-03 -9.465690e-04 -2.138169e+01 8.559989e-03 9.999583e-01 -3.184471e-03 -3.976342e-01 9.737554e-04 3.176260e-03 9.999944e-01 1.339615e+01
9.999786e-01 6.536437e-03 9.783241e-05 -2.148231e+01 -6.536730e-03 9.999731e-01 3.339697e-03 -4.004330e-01 -7.595704e-05 -3.340275e-03 9.999945e-01 1.359122e+01
9.999684e-01 -7.698179e-03 -1.967560e-03 -2.156863e+01 7.691212e-03 9.999642e-01 -3.525288e-03 -4.053096e-01 1.994584e-03 3.510054e-03 9.999918e-01 1.364133e+01
9.999735e-01 7.123177e-03 -1.536937e-03 -2.186797e+01 -7.115484e-03 9.999624e-01 4.955855e-03 -4.007622e-01 1.572225e-03 -4.944798e-03 9.999866e-01 1.388530e+01
9.999659e-01 -8.160652e-03 -1.242186e-03 -2.213556e+01 8.155935e-03 9.999597e-01 -3.758143e-03 -3.975848e-01 1.272761e-03 3.747894e-03 9.999921e-01 1.414608e+01
9.999863e-01 4.927918e-03 1.747961e-03 -2.192890e+01 -4.932859e-03 9.999838e-01 2.832439e-03 -4.088207e-01 -1.733931e-03 -2.841032e-03 9.999946e-01 1.418623e+01
9.999719e-01 -7.063770e-03 -2.513473e-03 -2.211132e+01 7.059061e-03 9.999733e-01 -1.878176e-03 -4.088307e-01 2.526629e-03 1.860391e-03 9.999950e-01 1.454257e+01
9.999818e-01 6.034621e-03 2.964742e-04 -2.233236e+01 -6.035515e-03 9.999770e-01 3.104364e-03 -4.066130e-01 -2.776898e-04 -3.106107e-03 9.999952e-01 1.481953e+01
9.999732e-01 -6.847987e-03 -2.568128e-03 -2.250010e+01 6.842900e-03 9.999746e-01 -1.985457e-03 -4.046339e-01 2.581616e-03 1.967841e-03 9.999946e-01 1.500689e+01
9.999878e-01 4.940678e-03 2.650249e-04 -2.243764e+01 -4.941199e-03 9.999858e-01 1.991347e-03 -4.146782e-01 -2.551382e-04 -1.992643e-03 9.999981e-01 1.504382e+01
9.999519e-01 -9.610756e-03 -1.937693e-03 -2.197373e+01 9.604259e-03 9.999483e-01 -3.336508e-03 -4.398535e-01 1.969615e-03 3.317748e-03 9.999925e-01 1.497476e+01
9.999809e-01 5.910990e-03 1.784590e-03 -2.154353e+01 -5.916307e-03 9.999780e-01 2.987329e-03 -4.588999e-01 -1.766848e-03 -2.997841e-03 9.999940e-01 1.502641e+01
9.999639e-01 -7.009900e-03 -4.799313e-03 -2.167548e+01 7.001433e-03 9.999739e-01 -1.779280e-03 -4.590412e-01 4.811616e-03 1.745625e-03 9.999868e-01 1.516200e+01
9.999737e-01 7.211453e-03 -8.232199e-04 -2.210845e+01 -7.208298e-03 9.999669e-01 3.776614e-03 -4.504950e-01 8.504728e-04 -3.770591e-03 9.999926e-01 1.535586e+01
9.999530e-01 -9.464653e-03 -2.080319e-03 -2.224612e+01 9.456195e-03 9.999471e-01 -4.040044e-03 -4.577552e-01 2.118401e-03 4.020193e-03 9.999896e-01 1.541766e+01
9.999857e-01 5.349175e-03 -9.630464e-05 -2.225224e+01 -5.348831e-03 9.999803e-01 3.297955e-03 -4.731909e-01 1.139897e-04 -3.297403e-03 9.999947e-01 1.558017e+01
9.999643e-01 -8.411945e-03 -8.418492e-04 -2.235343e+01 8.407877e-03 9.999535e-01 -4.727264e-03 -4.812496e-01 8.815299e-04 4.720028e-03 9.999884e-01 1.564063e+01
9.999854e-01 -6.143552e-04 5.373725e-03 -2.135325e+01 6.242311e-04 9.999981e-01 -1.836810e-03 -5.191396e-01 -5.372541e-03 1.840127e-03 9.999840e-01 1.522262e+01
9.999692e-01 -7.050661e-03 -3.444626e-03 -2.046647e+01 7.036009e-03 9.999662e-01 -4.248188e-03 -5.524050e-01 3.474417e-03 4.223831e-03 9.999849e-01 1.469571e+01
9.999568e-01 -5.882864e-03 7.199998e-03 -1.885721e+01 5.913041e-03 9.999738e-01 -4.177534e-03 -5.992627e-01 -7.175188e-03 4.219918e-03 9.999654e-01 1.373058e+01
9.999690e-01 -7.053969e-03 -3.506371e-03 -1.727334e+01 7.041056e-03 9.999684e-01 -3.682094e-03 -6.422252e-01 3.532190e-03 3.657301e-03 9.999870e-01 1.271659e+01
9.999295e-01 -1.486599e-03 1.177697e-02 -1.630203e+01 1.474587e-03 9.999984e-01 1.028387e-03 -6.714510e-01 -1.177843e-02 -1.010958e-03 9.999302e-01 1.262141e+01
9.999622e-01 -6.404086e-03 -5.877018e-03 -1.544209e+01 6.382088e-03 9.999726e-01 -3.754632e-03 -7.034135e-01 5.900859e-03 3.716992e-03 9.999756e-01 1.266127e+01
9.999477e-01 -1.934884e-03 1.004457e-02 -1.439498e+01 1.912402e-03 9.999956e-01 2.247115e-03 -7.404937e-01 -1.004884e-02 -2.227797e-03 9.999471e-01 1.272172e+01
9.999680e-01 -7.690098e-03 -2.192171e-03 -1.319804e+01 7.676425e-03 9.999514e-01 -6.179828e-03 -7.764714e-01 2.239546e-03 6.162811e-03 9.999784e-01 1.255287e+01
9.998315e-01 -3.009480e-03 1.810670e-02 -1.198401e+01 2.929275e-03 9.999858e-01 4.454352e-03 -8.081921e-01 -1.811981e-02 -4.400571e-03 9.998262e-01 1.275650e+01
9.999634e-01 -8.442905e-03 -1.412622e-03 -1.047017e+01 8.436476e-03 9.999543e-01 -4.498556e-03 -8.393345e-01 1.450500e-03 4.486483e-03 9.999888e-01 1.289847e+01
9.998963e-01 -3.131971e-03 1.405803e-02 -9.145243e+00 3.140439e-03 9.999949e-01 -5.804761e-04 -8.501079e-01 -1.405610e-02 6.245553e-04 9.999011e-01 1.206027e+01
9.999601e-01 -8.070376e-03 -3.826862e-03 -7.849433e+00 8.062913e-03 9.999656e-01 -1.962275e-03 -8.812357e-01 3.842530e-03 1.931350e-03 9.999907e-01 1.201022e+01
9.999503e-01 1.709996e-03 9.821505e-03 -7.502333e+00 -1.727060e-03 9.999970e-01 1.729007e-03 -8.958591e-01 -9.818483e-03 -1.745892e-03 9.999504e-01 1.240873e+01
9.999611e-01 -5.077799e-03 -7.212113e-03 -7.535859e+00 5.058860e-03 9.999837e-01 -2.642115e-03 -8.998868e-01 7.225376e-03 2.605536e-03 9.999704e-01 1.264938e+01
9.996916e-01 -6.190068e-03 2.404896e-02 -6.347680e+00 6.218131e-03 9.999801e-01 -1.092403e-03 -9.329865e-01 -2.404168e-02 1.241596e-03 9.997103e-01 1.293537e+01
9.999338e-01 -4.681458e-03 -1.051242e-02 -5.724078e+00 4.696745e-03 9.999879e-01 1.429819e-03 -9.627269e-01 1.050557e-02 -1.479089e-03 9.999436e-01 1.396562e+01
9.997094e-01 -6.155471e-03 2.330685e-02 -5.233105e+00 6.186774e-03 9.999801e-01 -1.271286e-03 -9.894292e-01 -2.329853e-02 1.415101e-03 9.997276e-01 1.505815e+01
9.999290e-01 -3.459657e-03 -1.139881e-02 -4.721531e+00 3.470767e-03 9.999935e-01 9.549483e-04 -1.014575e+00 1.139541e-02 -9.944338e-04 9.999345e-01 1.594764e+01
9.997055e-01 -5.422520e-03 2.365389e-02 -3.931399e+00 5.484383e-03 9.999817e-01 -2.551295e-03 -1.042322e+00 -2.363959e-02 2.680262e-03 9.997171e-01 1.650759e+01
9.999021e-01 -3.984511e-03 -1.341266e-02 -3.565273e+00 4.030597e-03 9.999861e-01 3.410664e-03 -1.064502e+00 1.339886e-02 -3.464381e-03 9.999041e-01 1.751441e+01
9.996436e-01 -7.036169e-03 2.575175e-02 -3.059725e+00 7.104929e-03 9.999714e-01 -2.579644e-03 -1.090437e+00 -2.573284e-02 2.761679e-03 9.996651e-01 1.859675e+01
9.998535e-01 -9.076795e-04 -1.709535e-02 -2.660430e+00 9.632611e-04 9.999943e-01 3.243247e-03 -1.110049e+00 1.709228e-02 -3.259229e-03 9.998485e-01 1.934156e+01
9.995845e-01 -6.181674e-03 2.815508e-02 -1.795466e+00 6.326932e-03 9.999671e-01 -5.073133e-03 -1.133441e+00 -2.812276e-02 5.249150e-03 9.995908e-01 1.961456e+01
9.998206e-01 -5.765074e-04 -1.893044e-02 -1.230073e+00 6.510964e-04 9.999920e-01 3.934179e-03 -1.154164e+00 1.892799e-02 -3.945789e-03 9.998130e-01 2.007589e+01
9.993990e-01 -9.055648e-03 3.346015e-02 -2.784955e-01 9.252685e-03 9.999407e-01 -5.738598e-03 -1.185332e+00 -3.340617e-02 6.044736e-03 9.994237e-01 2.064478e+01
9.998348e-01 -1.087889e-03 -1.814314e-02 7.202927e-01 1.180217e-03 9.999864e-01 5.078881e-03 -1.219547e+00 1.813735e-02 -5.099445e-03 9.998224e-01 2.141679e+01
9.993902e-01 -9.681172e-03 3.354986e-02 1.653381e+00 9.890673e-03 9.999326e-01 -6.084174e-03 -1.252705e+00 -3.348868e-02 6.412284e-03 9.994186e-01 2.225531e+01
9.998820e-01 -2.941063e-03 -1.507788e-02 2.853893e+00 3.013520e-03 9.999840e-01 4.785010e-03 -1.292164e+00 1.506354e-02 -4.829873e-03 9.998748e-01 2.311480e+01
9.993594e-01 -9.970012e-03 3.437033e-02 4.165508e+00 1.017898e-02 9.999307e-01 -5.910360e-03 -1.333580e+00 -3.430901e-02 6.256419e-03 9.993918e-01 2.396707e+01
9.998680e-01 -2.170970e-03 -1.610014e-02 5.507914e+00 2.256021e-03 9.999836e-01 5.266323e-03 -1.373713e+00 1.608843e-02 -5.301940e-03 9.998564e-01 2.470986e+01
9.993029e-01 -1.105714e-02 3.565612e-02 6.772511e+00 1.130879e-02 9.999125e-01 -6.863703e-03 -1.416338e+00 -3.557710e-02 7.262136e-03 9.993406e-01 2.565933e+01
9.999036e-01 -1.341994e-02 3.576233e-03 9.782449e+00 1.339984e-02 9.998946e-01 5.587045e-03 -1.499838e+00 -3.650841e-03 -5.538575e-03 9.999779e-01 2.676599e+01
9.995707e-01 -7.720652e-03 2.826348e-02 1.263179e+01 7.849537e-03 9.999593e-01 -4.452033e-03 -1.573522e+00 -2.822796e-02 4.671968e-03 9.995907e-01 2.770932e+01
9.998821e-01 -2.329881e-03 -1.517705e-02 1.332299e+01 2.400774e-03 9.999863e-01 4.654574e-03 -1.602517e+00 1.516600e-02 -4.690452e-03 9.998739e-01 2.864090e+01
9.994844e-01 -8.996417e-03 3.082350e-02 1.427421e+01 9.181406e-03 9.999406e-01 -5.865315e-03 -1.636502e+00 -3.076890e-02 6.145284e-03 9.995077e-01 2.948022e+01
9.999320e-01 -4.033063e-03 -1.094666e-02 1.570888e+01 4.087502e-03 9.999794e-01 4.955267e-03 -1.680680e+00 1.092645e-02 -4.999665e-03 9.999277e-01 3.029757e+01
9.994039e-01 -1.036035e-02 3.293158e-02 1.735512e+01 1.055723e-02 9.999274e-01 -5.810403e-03 -1.730145e+00 -3.286900e-02 6.154596e-03 9.994408e-01 3.115357e+01
9.999458e-01 -4.834257e-03 -9.216475e-03 1.911365e+01 4.883715e-03 9.999738e-01 5.351348e-03 -1.782864e+00 9.190368e-03 -5.396060e-03 9.999431e-01 3.207869e+01
9.995542e-01 -9.034349e-03 2.845731e-02 2.035495e+01 9.215215e-03 9.999381e-01 -6.230956e-03 -1.826123e+00 -2.839926e-02 6.490409e-03 9.995757e-01 3.311196e+01
9.999267e-01 -3.622771e-03 -1.155613e-02 2.127834e+01 3.684138e-03 9.999792e-01 5.293510e-03 -1.861808e+00 1.153672e-02 -5.335687e-03 9.999191e-01 3.416231e+01
9.995118e-01 -9.592126e-03 2.973613e-02 2.242669e+01 9.801129e-03 9.999282e-01 -6.890801e-03 -1.901778e+00 -2.966791e-02 7.178875e-03 9.995341e-01 3.512298e+01
9.999031e-01 -2.052050e-03 -1.376783e-02 2.336682e+01 2.136117e-03 9.999791e-01 6.094118e-03 -1.936402e+00 1.375505e-02 -6.122929e-03 9.998865e-01 3.607664e+01
9.997213e-01 -6.729408e-03 2.262713e-02 2.373360e+01 6.852758e-03 9.999621e-01 -5.378252e-03 -1.957181e+00 -2.259010e-02 5.531803e-03 9.997296e-01 3.698776e+01
9.998789e-01 8.472861e-04 -1.553828e-02 2.423036e+01 -7.782245e-04 9.999898e-01 4.450162e-03 -1.973965e+00 1.554190e-02 -4.437522e-03 9.998693e-01 3.738386e+01
9.995861e-01 -7.308734e-03 2.782643e-02 2.523800e+01 7.519369e-03 9.999438e-01 -7.472490e-03 -1.991352e+00 -2.777026e-02 7.678626e-03 9.995849e-01 3.730236e+01
9.998208e-01 1.904603e-03 -1.883705e-02 2.594336e+01 -1.811783e-03 9.999861e-01 4.943400e-03 -2.008994e+00 1.884622e-02 -4.908378e-03 9.998102e-01 3.743617e+01
9.995148e-01 -8.645565e-03 2.992286e-02 2.683661e+01 8.859951e-03 9.999360e-01 -7.039466e-03 -2.033020e+00 -2.986010e-02 7.301158e-03 9.995275e-01 3.770494e+01
9.999496e-01 -2.312073e-03 -9.773199e-03 2.854045e+01 2.348433e-03 9.999904e-01 3.710688e-03 -2.069350e+00 9.764545e-03 -3.733445e-03 9.999453e-01 3.782071e+01
