9.999693e-01 -7.492707e-03 2.298969e-03 4.963409e-01 7.494043e-03 9.999718e-01 -5.729530e-04 -2.394664e-02 -2.294611e-03 5.901635e-04 9.999973e-01 4.054525e-01
9.999997e-01 -4.029267e-05 7.325568e-04 8.838730e-01 3.978910e-05 9.999998e-01 6.874484e-04 -4.384495e-02 -7.325837e-04 -6.874186e-04 9.999994e-01 9.902783e-01
9.999855e-01 -5.084211e-03 1.758506e-03 8.852642e-01 5.082486e-03 9.999866e-01 9.838608e-04 -5.195397e-02 -1.763486e-03 -9.749096e-04 9.999981e-01 1.569334e+00
9.999968e-01 2.161779e-03 -1.309396e-03 7.726509e-01 -2.160922e-03 9.999975e-01 6.557069e-04 -5.425776e-02 1.310811e-03 -6.528746e-04 9.999988e-01 1.980371e+00
9.999852e-01 -5.265596e-03 1.386911e-03 7.249310e-01 5.265625e-03 9.999861e-01 -1.770999e-05 -5.882782e-02 -1.386799e-03 2.501186e-05 9.999991e-01 2.292284e+00
9.999980e-01 7.944021e-04 -1.845163e-03 1.113960e+00 -7.952898e-04 9.999996e-01 -4.804211e-04 -7.781170e-02 1.844782e-03 4.818884e-04 9.999981e-01 2.432375e+00
9.999982e-01 -1.768764e-03 -6.434797e-04 1.168017e+00 1.769039e-03 9.999983e-01 4.268028e-04 -8.706491e-02 6.427231e-04 -4.279411e-04 9.999998e-01 2.404938e+00
9.999989e-01 6.203161e-04 -1.365894e-03 9.710369e-01 -6.204725e-04 9.999998e-01 -1.140873e-04 -8.631164e-02 1.365823e-03 1.149355e-04 9.999990e-01 2.554644e+00
9.999976e-01 -1.560352e-03 -1.520584e-03 8.930111e-01 1.560935e-03 9.999987e-01 3.825216e-04 -9.019756e-02 1.519985e-03 -3.848950e-04 9.999989e-01 2.660517e+00
9.999979e-01 2.594440e-04 -2.030830e-03 8.326031e-01 -2.604308e-04 9.999998e-01 -4.857058e-04 -9.792104e-02 2.030703e-03 4.862345e-04 9.999977e-01 2.728999e+00
9.999982e-01 -1.891482e-03 -2.137398e-04 8.809227e-01 1.891510e-03 9.999982e-01 1.334494e-04 -1.087910e-01 2.134875e-04 -1.338542e-04 1.000000e+00 2.735329e+00
9.999963e-01 2.903127e-05 -2.737577e-03 1.001389e+00 -3.127119e-05 9.999997e-01 -8.181784e-04 -1.219221e-01 2.737552e-03 8.182616e-04 9.999958e-01 2.536151e+00
9.999920e-01 -3.939049e-03 -6.247657e-04 1.052313e+00 3.937630e-03 9.999897e-01 -2.256242e-03 -1.334238e-01 6.336478e-04 2.253764e-03 9.999974e-01 1.943015e+00
9.999964e-01 3.758747e-04 -2.654585e-03 1.142513e+00 -3.767638e-04 9.999999e-01 -3.344337e-04 -1.440505e-01 2.654457e-03 3.354328e-04 9.999963e-01 1.426885e+00
9.999923e-01 -3.246739e-03 2.214066e-03 1.426716e+00 3.248236e-03 9.999945e-01 -6.726407e-04 -1.575705e-01 -2.211869e-03 6.798273e-04 9.999974e-01 1.218926e+00
9.999959e-01 1.278249e-05 -2.867759e-03 1.842385e+00 -1.308894e-05 1.000000e+00 -1.068483e-04 -1.745488e-01 2.867756e-03 1.068854e-04 9.999958e-01 1.101944e+00
9.999985e-01 -1.351468e-03 1.103546e-03 1.970431e+00 1.351569e-03 9.999991e-01 -9.018752e-05 -1.837274e-01 -1.103421e-03 9.167895e-05 9.999995e-01 1.018341e+00
9.999926e-01 -1.867655e-03 -3.369825e-03 2.318259e+00 1.862988e-03 9.999973e-01 -1.387534e-03 -2.010974e-01 3.372406e-03 1.381245e-03 9.999933e-01 8.310284e-01
9.999979e-01 -1.760624e-03 1.087249e-03 2.747086e+00 1.760810e-03 9.999984e-01 -1.703412e-04 -2.216310e-01 -1.086945e-03 1.722556e-04 9.999995e-01 5.863234e-01
9.999947e-01 -2.073555e-03 -2.509634e-03 3.263122e+00 2.068984e-03 9.999962e-01 -1.822558e-03 -2.437928e-01 2.513402e-03 1.817356e-03 9.999951e-01 3.615139e-01
9.999945e-01 -1.944688e-03 2.685051e-03 3.688433e+00 1.941417e-03 9.999974e-01 1.220190e-03 -2.612514e-01 -2.687415e-03 -1.214970e-03 9.999958e-01 4.051443e-01
9.999949e-01 -2.340271e-03 -2.175302e-03 4.105761e+00 2.335896e-03 9.999952e-01 -2.011289e-03 -2.776773e-01 2.179997e-03 2.006197e-03 9.999955e-01 4.335780e-01
9.999949e-01 -3.121721e-03 6.838767e-04 4.912927e+00 3.121828e-03 9.999951e-01 -1.558527e-04 -3.074451e-01 -6.833844e-04 1.579877e-04 9.999999e-01 1.735686e-01
9.999892e-01 -2.247448e-03 -4.077593e-03 5.579366e+00 2.238249e-03 9.999949e-01 -2.259179e-03 -3.361372e-01 4.082647e-03 2.250027e-03 9.999890e-01 -2.116597e-01
9.999905e-01 -3.983745e-03 1.778592e-03 6.331640e+00 3.986009e-03 9.999912e-01 -1.271062e-03 -3.659969e-01 -1.773510e-03 1.278141e-03 9.999977e-01 -7.437149e-01
9.999938e-01 1.192796e-03 -3.300958e-03 6.698044e+00 -1.194568e-03 9.999991e-01 -5.348044e-04 -3.815727e-01 3.300314e-03 5.387427e-04 9.999943e-01 -1.054738e+00
9.999977e-01 -1.810244e-03 1.184663e-03 6.704919e+00 1.809359e-03 9.999981e-01 7.476728e-04 -3.863731e-01 -1.186011e-03 -7.455260e-04 9.999991e-01 -1.062463e+00
9.999960e-01 -1.200163e-04 -2.828402e-03 6.892184e+00 1.160658e-04 9.999990e-01 -1.396836e-03 -3.974022e-01 2.828563e-03 1.396501e-03 9.999949e-01 -1.200368e+00
9.999977e-01 -1.648299e-03 1.386321e-03 7.030301e+00 1.646741e-03 9.999980e-01 1.124458e-03 -4.064569e-01 -1.388168e-03 -1.122171e-03 9.999985e-01 -1.186457e+00
9.999906e-01 1.391749e-03 -4.107046e-03 6.874036e+00 -1.392710e-03 9.999990e-01 -2.312004e-04 -4.040370e-01 4.106717e-03 2.369166e-04 9.999914e-01 -1.096432e+00
9.999919e-01 -2.650472e-03 3.016766e-03 6.865792e+00 2.649803e-03 9.999965e-01 2.255937e-04 -4.076435e-01 -3.017349e-03 -2.175964e-04 9.999955e-01 -1.042907e+00
9.999889e-01 6.576695e-04 -4.666219e-03 6.993399e+00 -6.602967e-04 9.999996e-01 -5.614971e-04 -4.182798e-01 4.665843e-03 5.645703e-04 9.999889e-01 -1.029732e+00
9.999893e-01 -3.637423e-03 2.861149e-03 7.303792e+00 3.637172e-03 9.999934e-01 9.278841e-05 -4.348806e-01 -2.861463e-03 -8.237925e-05 9.999960e-01 -1.079524e+00
9.999912e-01 1.902156e-03 -3.734396e-03 7.498864e+00 -1.904766e-03 9.999979e-01 -6.955062e-04 -4.459971e-01 3.733061e-03 7.026115e-04 9.999927e-01 -1.185949e+00
9.999919e-01 -2.925381e-03 2.752639e-03 7.445482e+00 2.923449e-03 9.999955e-01 7.058417e-04 -4.473746e-01 -2.754687e-03 -6.977871e-04 9.999961e-01 -1.095388e+00
9.999872e-01 1.850356e-03 -4.710481e-03 7.244864e+00 -1.848640e-03 9.999982e-01 3.686032e-04 -4.450292e-01 4.711150e-03 -3.598922e-04 9.999887e-01 -8.753241e-01
9.999952e-01 -2.542365e-03 1.747630e-03 6.971524e+00 2.540683e-03 9.999963e-01 9.641555e-04 -4.409729e-01 -1.750070e-03 -9.597093e-04 9.999981e-01 -6.384935e-01
9.999950e-01 1.166923e-03 -2.930020e-03 7.013978e+00 -1.169578e-03 9.999989e-01 -9.047775e-04 -4.474913e-01 2.928955e-03 9.081984e-04 9.999952e-01 -6.472586e-01
9.999960e-01 -2.556949e-03 1.204122e-03 7.118956e+00 2.556627e-03 9.999967e-01 2.685594e-04 -4.571518e-01 -1.204800e-03 -2.654783e-04 9.999993e-01 -8.771467e-01
9.999940e-01 1.549426e-03 -3.085715e-03 7.160344e+00 -1.552358e-03 9.999983e-01 -9.480162e-04 -4.639697e-01 3.084236e-03 9.527991e-04 9.999947e-01 -1.059229e+00
9.999888e-01 -4.738628e-03 2.117647e-04 7.378456e+00 4.738806e-03 9.999884e-01 -8.500798e-04 -4.769194e-01 -2.077282e-04 8.510755e-04 9.999997e-01 -1.435430e+00
9.999912e-01 3.253311e-03 -2.636951e-03 7.392460e+00 -3.253336e-03 9.999947e-01 -5.302130e-06 -4.821925e-01 2.636914e-03 1.387910e-05 9.999964e-01 -1.734937e+00
9.999695e-01 -7.715083e-03 1.176919e-03 7.478090e+00 7.719211e-03 9.999639e-01 -3.543739e-03 -4.882559e-01 -1.149530e-03 3.552718e-03 9.999931e-01 -2.409453e+00
9.999964e-01 3.338236e-04 -2.663846e-03 7.885553e+00 -3.386995e-04 9.999983e-01 -1.830163e-03 -5.059656e-01 2.663224e-03 1.831056e-03 9.999947e-01 -3.346765e+00
9.999869e-01 -5.097619e-03 -5.169515e-04 8.253737e+00 5.097103e-03 9.999865e-01 -9.949174e-04 -5.237775e-01 5.220230e-04 9.922724e-04 9.999995e-01 -3.827650e+00
9.999942e-01 2.407552e-03 -2.421646e-03 8.386200e+00 -2.408911e-03 9.999969e-01 -5.585707e-04 -5.343859e-01 2.420287e-03 5.643978e-04 9.999968e-01 -4.232914e+00
9.999872e-01 -5.057085e-03 1.078564e-05 8.539276e+00 5.057093e-03 9.999868e-01 -8.521082e-04 -5.450687e-01 -6.469050e-06 8.521551e-04 9.999997e-01 -4.552337e+00
9.999919e-01 2.357105e-03 -3.259802e-03 8.857530e+00 -2.358438e-03 9.999971e-01 -4.050613e-04 -5.614540e-01 3.258830e-03 4.127427e-04 9.999945e-01 -4.790289e+00
9.999973e-01 -2.212618e-03 7.063861e-04 8.783470e+00 2.212033e-03 9.999972e-01 8.273549e-04 -5.633647e-01 -7.082069e-04 -8.257868e-04 9.999995e-01 -4.760271e+00
9.999997e-01 -6.686802e-04 3.761045e-04 9.075660e+00 6.692998e-04 9.999984e-01 -1.650050e-03 -5.747619e-01 -3.750083e-04 1.650298e-03 9.999985e-01 -4.810258e+00
9.999900e-01 -3.716272e-03 2.498007e-03 9.389916e+00 3.712809e-03 9.999921e-01 1.389369e-03 -5.855992e-01 -2.503143e-03 -1.380077e-03 9.999960e-01 -4.651787e+00
9.999999e-01 -3.767028e-04 3.190125e-05 9.502101e+00 3.767317e-04 9.999995e-01 -9.128233e-04 -5.920816e-01 -3.156458e-05 9.128319e-04 9.999995e-01 -4.352095e+00
9.999877e-01 -3.752298e-03 3.231791e-03 9.749097e+00 3.750114e-03 9.999927e-01 6.818868e-04 -6.016548e-01 -3.234319e-03 -6.697555e-04 9.999946e-01 -4.197969e+00
9.999965e-01 8.520828e-04 -2.513930e-03 9.869059e+00 -8.553278e-04 9.999988e-01 -1.289971e-03 -6.065362e-01 2.512821e-03 1.292113e-03 9.999959e-01 -4.316860e+00
9.999974e-01 -2.096819e-03 8.760543e-04 9.767842e+00 2.095901e-03 9.999973e-01 1.047455e-03 -6.030083e-01 -8.782412e-04 -1.045613e-03 9.999992e-01 -4.548222e+00
9.999996e-01 -9.214464e-05 -9.212919e-04 9.767313e+00 9.074999e-05 9.999989e-01 -1.513618e-03 -6.021164e-01 9.214233e-04 1.513530e-03 9.999983e-01 -4.777494e+00
9.999984e-01 -8.993528e-04 -1.546833e-03 9.643576e+00 9.014863e-04 9.999986e-01 1.379037e-03 -5.967603e-01 1.545598e-03 -1.380426e-03 9.999980e-01 -4.998913e+00
9.999987e-01 5.824092e-04 -1.485116e-03 9.483012e+00 -5.840807e-04 9.999992e-01 -1.125257e-03 -5.912357e-01 1.484452e-03 1.126120e-03 9.999982e-01 -5.106287e+00
9.999989e-01 -1.447763e-03 -1.908281e-04 9.435904e+00 1.448000e-03 9.999982e-01 1.247269e-03 -5.882459e-01 1.890297e-04 -1.247540e-03 9.999993e-01 -5.243611e+00
1.000000e+00 -2.709145e-04 8.557874e-05 9.450359e+00 2.710319e-04 9.999990e-01 -1.376898e-03 -5.883318e-01 -8.521336e-05 1.376918e-03 9.999989e-01 -5.299699e+00
9.999992e-01 -1.278018e-03 2.268999e-04 9.462549e+00 1.277728e-03 9.999984e-01 1.274600e-03 -5.884154e-01 -2.285208e-04 -1.274305e-03 9.999993e-01 -5.364484e+00
9.999896e-01 -2.065320e-03 4.062419e-03 9.774189e+00 2.073133e-03 9.999960e-01 -1.919989e-03 -5.976236e-01 -4.058445e-03 1.928387e-03 9.999898e-01 -5.390025e+00
9.999994e-01 -9.895355e-04 -5.612367e-04 1.002569e+01 9.905337e-04 9.999979e-01 1.780890e-03 -6.060135e-01 5.594802e-04 -1.781441e-03 9.999984e-01 -5.288974e+00
9.999803e-01 -3.094568e-03 5.466456e-03 1.045416e+01 3.106321e-03 9.999929e-01 -2.142763e-03 -6.183575e-01 -5.459793e-03 2.159698e-03 9.999827e-01 -5.206385e+00
9.999946e-01 -6.821963e-05 -3.298819e-03 1.066657e+01 7.236868e-05 9.999992e-01 1.257608e-03 -6.248912e-01 3.298737e-03 -1.257836e-03 9.999939e-01 -5.276710e+00
9.999813e-01 -2.895153e-03 5.380412e-03 1.087762e+01 2.903029e-03 9.999947e-01 -1.456659e-03 -6.320937e-01 -5.376172e-03 1.472248e-03 9.999844e-01 -5.288479e+00
9.999984e-01 -7.903850e-04 -1.578160e-03 1.128764e+01 7.920802e-04 9.999991e-01 1.073759e-03 -6.432717e-01 1.577316e-03 -1.075003e-03 9.999983e-01 -5.225343e+00
9.999971e-01 -1.767809e-03 1.619063e-03 1.120296e+01 1.768096e-03 9.999984e-01 -1.755407e-04 -6.444982e-01 -1.618756e-03 1.783993e-04 9.999986e-01 -4.926429e+00
9.999973e-01 -2.093297e-03 9.721839e-04 1.130426e+01 2.093008e-03 9.999978e-01 2.979005e-04 -6.502049e-01 -9.727999e-04 -2.958613e-04 9.999996e-01 -4.672300e+00
9.999978e-01 -1.325047e-03 1.634385e-03 1.144397e+01 1.326168e-03 9.999989e-01 -6.851946e-04 -6.567515e-01 -1.633480e-03 6.873570e-04 9.999983e-01 -4.527531e+00
9.999758e-01 1.102796e-03 -6.861826e-03 1.094682e+01 -1.082582e-03 9.999951e-01 2.948887e-03 -6.485570e-01 6.865050e-03 -2.941384e-03 9.999722e-01 -4.226446e+00
9.999860e-01 -1.884928e-03 4.954415e-03 1.085212e+01 1.899485e-03 9.999939e-01 -2.935070e-03 -6.512600e-01 -4.948858e-03 2.944437e-03 9.999833e-01 -4.179461e+00
9.999747e-01 8.016376e-04 -7.069316e-03 1.087276e+01 -7.837667e-04 9.999965e-01 2.530353e-03 -6.580789e-01 7.071325e-03 -2.524745e-03 9.999719e-01 -4.179294e+00
9.999849e-01 -2.000801e-03 5.118488e-03 1.096611e+01 2.017253e-03 9.999928e-01 -3.211043e-03 -6.681475e-01 -5.112032e-03 3.221316e-03 9.999816e-01 -4.234720e+00
9.999708e-01 1.371296e-03 -7.522363e-03 1.104761e+01 -1.349285e-03 9.999948e-01 2.930349e-03 -6.773862e-01 7.526349e-03 -2.920110e-03 9.999675e-01 -4.317612e+00
9.999895e-01 -8.855219e-04 4.490205e-03 1.087324e+01 8.976565e-04 9.999959e-01 -2.701192e-03 -6.773104e-01 -4.487801e-03 2.705191e-03 9.999862e-01 -4.277198e+00
9.999727e-01 4.493933e-06 -7.383676e-03 1.094398e+01 1.234732e-05 9.999974e-01 2.280815e-03 -6.883732e-01 7.383674e-03 -2.280841e-03 9.999702e-01 -4.447098e+00
9.999859e-01 -2.846247e-03 4.484231e-03 1.113355e+01 2.867828e-03 9.999843e-01 -4.813739e-03 -7.079128e-01 -4.470467e-03 4.826527e-03 9.999783e-01 -4.944107e+00
9.999736e-01 -1.963806e-03 -6.997519e-03 1.154962e+01 1.968344e-03 9.999979e-01 6.415621e-04 -7.341719e-01 6.996251e-03 -6.553145e-04 9.999754e-01 -5.638556e+00
9.999874e-01 -3.853734e-03 3.209070e-03 1.216352e+01 3.869309e-03 9.999807e-01 -4.861588e-03 -7.664758e-01 -3.190280e-03 4.873939e-03 9.999829e-01 -6.332608e+00
9.999814e-01 -6.698082e-04 -6.058143e-03 1.254301e+01 6.769358e-04 9.999991e-01 1.174525e-03 -7.924266e-01 6.057359e-03 -1.178599e-03 9.999811e-01 -7.054738e+00
9.999822e-01 -4.861511e-03 3.450227e-03 1.309539e+01 4.881076e-03 9.999719e-01 -5.684933e-03 -8.214792e-01 -3.422502e-03 5.701667e-03 9.999778e-01 -7.830169e+00
9.999733e-01 -5.734232e-04 -7.286490e-03 1.369637e+01 5.857893e-04 9.999984e-01 1.695081e-03 -8.547110e-01 7.285515e-03 -1.699299e-03 9.999721e-01 -8.508200e+00
9.999892e-01 -4.385294e-03 1.559421e-03 1.424646e+01 4.393452e-03 9.999765e-01 -5.267526e-03 -8.901610e-01 -1.536294e-03 5.274314e-03 9.999848e-01 -9.098348e+00
9.999861e-01 2.393662e-03 -4.705333e-03 1.445637e+01 -2.376476e-03 9.999905e-01 3.654599e-03 -9.092125e-01 4.714047e-03 -3.643360e-03 9.999824e-01 -9.429655e+00
9.999936e-01 -2.416559e-03 2.626792e-03 1.442920e+01 2.428303e-03 9.999870e-01 -4.476800e-03 -9.167551e-01 -2.615950e-03 4.483144e-03 9.999864e-01 -9.598190e+00
9.999845e-01 2.102316e-03 -5.151454e-03 1.425536e+01 -2.088481e-03 9.999942e-01 2.689518e-03 -9.214804e-01 5.157088e-03 -2.678711e-03 9.999832e-01 -9.802707e+00
9.999830e-01 -5.816848e-03 3.983643e-04 1.454994e+01 5.819013e-03 9.999670e-01 -5.670747e-03 -9.472765e-01 -3.653761e-04 5.672962e-03 9.999837e-01 -1.023554e+01
9.999843e-01 1.930822e-03 -5.263084e-03 1.498826e+01 -1.914434e-03 9.999933e-01 3.116986e-03 -9.754607e-01 5.269078e-03 -3.106855e-03 9.999814e-01 -1.061633e+01
9.999889e-01 -4.565080e-03 1.141363e-03 1.531549e+01 4.570164e-03 9.999795e-01 -4.492506e-03 -9.964941e-01 -1.120842e-03 4.497665e-03 9.999892e-01 -1.084915e+01
9.999846e-01 2.950903e-03 -4.705923e-03 1.553011e+01 -2.931275e-03 9.999870e-01 4.172453e-03 -1.011225e+00 4.718187e-03 -4.158587e-03 9.999803e-01 -1.092910e+01
9.999807e-01 -6.213332e-03 8.654064e-05 1.586658e+01 6.213631e-03 9.999726e-01 -4.033884e-03 -1.031460e+00 -6.148706e-05 4.034337e-03 9.999918e-01 -1.088279e+01
9.999847e-01 3.578609e-03 -4.207476e-03 1.612926e+01 -3.560156e-03 9.999840e-01 4.385016e-03 -1.049937e+00 4.223114e-03 -4.369963e-03 9.999816e-01 -1.087541e+01
9.999849e-01 -5.492860e-03 1.261753e-04 1.633626e+01 5.493397e-03 9.999736e-01 -4.746879e-03 -1.067120e+00 -1.001115e-04 4.747494e-03 9.999886e-01 -1.097008e+01
9.999863e-01 2.731494e-03 -4.460468e-03 1.670970e+01 -2.713496e-03 9.999882e-01 4.036047e-03 -1.089937e+00 4.471453e-03 -4.023881e-03 9.999820e-01 -1.110349e+01
9.999896e-01 -4.464488e-03 8.766840e-04 1.699795e+01 4.468364e-03 9.999800e-01 -4.470061e-03 -1.107483e+00 -8.567242e-04 4.473925e-03 9.999895e-01 -1.123086e+01
9.999887e-01 2.438638e-03 -4.085427e-03 1.734088e+01 -2.422602e-03 9.999894e-01 3.925226e-03 -1.126383e+00 4.094970e-03 -3.915277e-03 9.999841e-01 -1.137604e+01
9.999898e-01 -4.445389e-03 8.258680e-04 1.768987e+01 4.449141e-03 9.999795e-01 -4.598366e-03 -1.144867e+00 -8.054245e-04 4.601986e-03 9.999890e-01 -1.150265e+01
9.999861e-01 4.376681e-03 -2.955972e-03 1.764132e+01 -4.361645e-03 9.999776e-01 5.074023e-03 -1.146244e+00 2.978128e-03 -5.061052e-03 9.999829e-01 -1.145898e+01
9.999898e-01 -4.457779e-03 7.503019e-04 1.754515e+01 4.461110e-03 9.999799e-01 -4.497907e-03 -1.145720e+00 -7.302515e-04 4.501201e-03 9.999895e-01 -1.139222e+01
9.999878e-01 2.943569e-03 -3.973816e-03 1.772138e+01 -2.924524e-03 9.999843e-01 4.789818e-03 -1.156830e+00 3.987868e-03 -4.778131e-03 9.999807e-01 -1.141772e+01
9.999870e-01 -5.060288e-03 5.514308e-04 1.802857e+01 5.062999e-03 9.999745e-01 -5.031124e-03 -1.174255e+00 -5.259739e-04 5.033844e-03 9.999871e-01 -1.152926e+01
9.999891e-01 2.415174e-03 -3.999843e-03 1.835227e+01 -2.397498e-03 9.999874e-01 4.417934e-03 -1.193158e+00 4.010479e-03 -4.408289e-03 9.999823e-01 -1.173244e+01
9.999948e-01 -3.065291e-03 9.745598e-04 1.843233e+01 3.069479e-03 9.999859e-01 -4.325737e-03 -1.202080e+00 -9.613032e-04 4.328699e-03 9.999901e-01 -1.183019e+01
9.999861e-01 3.364309e-03 -4.070626e-03 1.825142e+01 -3.343690e-03 9.999816e-01 5.061431e-03 -1.199531e+00 4.087596e-03 -5.047742e-03 9.999790e-01 -1.176178e+01
9.999944e-01 -3.332811e-03 2.649230e-04 1.801277e+01 3.333778e-03 9.999874e-01 -3.741841e-03 -1.195229e+00 -2.524662e-04 3.742697e-03 9.999929e-01 -1.160847e+01
9.999864e-01 3.377678e-03 -3.965691e-03 1.777712e+01 -3.357516e-03 9.999815e-01 5.079535e-03 -1.191030e+00 3.982793e-03 -5.066145e-03 9.999793e-01 -1.145810e+01
9.999943e-01 -3.363889e-03 2.695983e-04 1.754345e+01 3.364856e-03 9.999876e-01 -3.671276e-03 -1.186907e+00 -2.572633e-04 3.672155e-03 9.999931e-01 -1.129476e+01
9.999848e-01 3.516138e-03 -4.240451e-03 1.730124e+01 -3.494478e-03 9.999809e-01 5.104337e-03 -1.182412e+00 4.258336e-03 -5.089435e-03 9.999781e-01 -1.114988e+01
9.999942e-01 -3.378075e-03 4.257850e-04 1.706813e+01 3.379649e-03 9.999872e-01 -3.753001e-03 -1.178235e+00 -4.131205e-04 3.754412e-03 9.999928e-01 -1.101322e+01
9.999845e-01 3.480853e-03 -4.344966e-03 1.682194e+01 -3.458623e-03 9.999809e-01 5.113127e-03 -1.173797e+00 4.362700e-03 -5.098014e-03 9.999776e-01 -1.086506e+01
9.999947e-01 -3.237319e-03 3.244422e-04 1.658207e+01 3.238573e-03 9.999870e-01 -3.943361e-03 -1.169655e+00 -3.116917e-04 3.944385e-03 9.999921e-01 -1.073529e+01
9.999855e-01 3.223980e-03 -4.304843e-03 1.629678e+01 -3.200751e-03 9.999803e-01 5.391932e-03 -1.164578e+00 4.322162e-03 -5.378069e-03 9.999763e-01 -1.054079e+01
9.999945e-01 -3.272021e-03 5.380527e-04 1.605588e+01 3.274134e-03 9.999867e-01 -3.973797e-03 -1.160333e+00 -5.250636e-04 3.975531e-03 9.999919e-01 -1.036877e+01
9.999840e-01 3.368504e-03 -4.538183e-03 1.580003e+01 -3.343467e-03 9.999792e-01 5.513092e-03 -1.155752e+00 4.556680e-03 -5.497825e-03 9.999746e-01 -1.019715e+01
9.999946e-01 -3.252646e-03 4.173933e-04 1.554268e+01 3.254312e-03 9.999865e-01 -4.055879e-03 -1.151044e+00 -4.042165e-04 4.057210e-03 9.999916e-01 -1.003373e+01
9.999856e-01 3.135171e-03 -4.345992e-03 1.528575e+01 -3.111087e-03 9.999798e-01 5.537418e-03 -1.146597e+00 4.363287e-03 -5.523813e-03 9.999753e-01 -9.836212e+00
9.999946e-01 -3.253908e-03 3.786996e-04 1.501610e+01 3.255409e-03 9.999866e-01 -4.033910e-03 -1.141963e+00 -3.655905e-04 4.035116e-03 9.999917e-01 -9.627052e+00
9.999839e-01 3.367669e-03 -4.561478e-03 1.475750e+01 -3.342208e-03 9.999789e-01 5.577873e-03 -1.137175e+00 4.580189e-03 -5.562533e-03 9.999741e-01 -9.459208e+00
9.999948e-01 -3.203861e-03 3.541265e-04 1.449229e+01 3.205270e-03 9.999866e-01 -4.054728e-03 -1.132203e+00 -3.411538e-04 4.055837e-03 9.999916e-01 -9.292116e+00
9.999854e-01 3.462262e-03 -4.144230e-03 1.426589e+01 -3.439899e-03 9.999796e-01 5.391102e-03 -1.127924e+00 4.162833e-03 -5.376763e-03 9.999770e-01 -9.175646e+00
9.999950e-01 -3.065709e-03 7.574387e-04 1.405881e+01 3.069126e-03 9.999849e-01 -4.552813e-03 -1.124772e+00 -7.434932e-04 4.555111e-03 9.999893e-01 -9.092393e+00
9.999858e-01 3.361626e-03 -4.138900e-03 1.387604e+01 -3.339699e-03 9.999804e-01 5.293254e-03 -1.122581e+00 4.156637e-03 -5.279352e-03 9.999775e-01 -9.014070e+00
9.999945e-01 -3.294493e-03 4.600268e-04 1.363586e+01 3.296380e-03 9.999859e-01 -4.163088e-03 -1.118410e+00 -4.463293e-04 4.164577e-03 9.999911e-01 -8.873921e+00
9.999924e-01 2.500494e-03 -3.006289e-03 1.348666e+01 -2.485640e-03 9.999847e-01 4.934517e-03 -1.117640e+00 3.018607e-03 -4.927003e-03 9.999834e-01 -8.723236e+00
9.999963e-01 -2.692261e-03 -2.555139e-04 1.329031e+01 2.691256e-03 9.999890e-01 -3.852860e-03 -1.114623e+00 2.658592e-04 3.852154e-03 9.999924e-01 -8.578558e+00
9.999890e-01 2.819938e-03 -3.750725e-03 1.303576e+01 -2.800439e-03 9.999826e-01 5.193708e-03 -1.109778e+00 3.765331e-03 -5.183143e-03 9.999796e-01 -8.429081e+00
9.999966e-01 -2.528654e-03 -5.607217e-04 1.273818e+01 2.526516e-03 9.999897e-01 -3.779504e-03 -1.104029e+00 5.702474e-04 3.778070e-03 9.999926e-01 -8.268998e+00
9.999933e-01 2.592944e-03 -2.600095e-03 1.254173e+01 -2.581292e-03 9.999867e-01 4.474467e-03 -1.101575e+00 2.611688e-03 -4.467722e-03 9.999867e-01 -8.187286e+00
9.999945e-01 -3.301350e-03 -3.509561e-04 1.242905e+01 3.299850e-03 9.999858e-01 -4.191888e-03 -1.103806e+00 3.647638e-04 4.190703e-03 9.999911e-01 -8.108293e+00
9.999957e-01 1.951672e-03 -2.174639e-03 1.234711e+01 -1.942074e-03 9.999884e-01 4.406826e-03 -1.107186e+00 2.183241e-03 -4.402580e-03 9.999880e-01 -7.979434e+00
9.999918e-01 -4.037493e-03 -1.512433e-04 1.237050e+01 4.036793e-03 9.999823e-01 -4.369866e-03 -1.115425e+00 1.688573e-04 4.369216e-03 9.999903e-01 -7.855393e+00
9.999954e-01 2.258222e-03 -2.034959e-03 1.236482e+01 -2.249096e-03 9.999875e-01 4.475273e-03 -1.121866e+00 2.045067e-03 -4.470672e-03 9.999880e-01 -7.738355e+00
9.999961e-01 -2.764702e-03 -4.081508e-04 1.224319e+01 2.763078e-03 9.999885e-01 -3.928443e-03 -1.121975e+00 4.189800e-04 3.927296e-03 9.999921e-01 -7.641017e+00
9.999907e-01 2.830761e-03 -3.262688e-03 1.200782e+01 -2.813906e-03 9.999827e-01 5.158914e-03 -1.117779e+00 3.277263e-03 -5.149681e-03 9.999815e-01 -7.501917e+00
9.999959e-01 -2.849697e-03 -2.787387e-04 1.176404e+01 2.848559e-03 9.999879e-01 -3.999418e-03 -1.113799e+00 2.901047e-04 3.998604e-03 9.999919e-01 -7.345839e+00
9.999908e-01 2.933989e-03 -3.137883e-03 1.153189e+01 -2.918735e-03 9.999840e-01 4.854780e-03 -1.110702e+00 3.152105e-03 -4.845573e-03 9.999834e-01 -7.235551e+00
9.999950e-01 -3.165781e-03 4.832029e-05 1.133133e+01 3.165951e-03 9.999866e-01 -4.093173e-03 -1.108780e+00 -3.538997e-05 4.093303e-03 9.999915e-01 -7.115184e+00
9.999893e-01 3.056146e-03 -3.463574e-03 1.108499e+01 -3.038362e-03 9.999822e-01 5.128161e-03 -1.105002e+00 3.479214e-03 -5.117579e-03 9.999810e-01 -6.961329e+00
9.999924e-01 -3.834766e-03 6.844770e-04 1.085054e+01 3.837688e-03 9.999833e-01 -4.320028e-03 -1.102541e+00 -6.679282e-04 4.322619e-03 9.999903e-01 -6.765522e+00
9.999935e-01 2.405538e-03 -2.683006e-03 1.070763e+01 -2.392626e-03 9.999856e-01 4.805259e-03 -1.103278e+00 2.694556e-03 -4.798805e-03 9.999850e-01 -6.583229e+00
9.999961e-01 -2.793343e-03 -1.556454e-04 1.051029e+01 2.792740e-03 9.999891e-01 -3.742188e-03 -1.100462e+00 1.660675e-04 3.741736e-03 9.999929e-01 -6.434555e+00
9.999919e-01 2.807530e-03 -2.889407e-03 1.032808e+01 -2.793247e-03 9.999839e-01 4.935046e-03 -1.097347e+00 2.903245e-03 -4.926932e-03 9.999837e-01 -6.326796e+00
9.999949e-01 -3.158352e-03 5.349674e-04 1.021465e+01 3.160429e-03 9.999873e-01 -3.928521e-03 -1.095814e+00 -5.225829e-04 3.930189e-03 9.999920e-01 -6.237167e+00
9.999900e-01 3.036118e-03 -3.273147e-03 1.006680e+01 -3.019619e-03 9.999828e-01 5.033744e-03 -1.093384e+00 3.288404e-03 -5.023807e-03 9.999821e-01 -6.138512e+00
9.999950e-01 -3.140195e-03 4.780906e-04 9.931665e+00 3.142016e-03 9.999876e-01 -3.857241e-03 -1.091169e+00 -4.660028e-04 3.858721e-03 9.999923e-01 -6.040011e+00
9.999898e-01 3.042561e-03 -3.340545e-03 9.794549e+00 -3.025600e-03 9.999826e-01 5.070328e-03 -1.088936e+00 3.355944e-03 -5.060166e-03 9.999817e-01 -5.929994e+00
9.999932e-01 -3.433136e-03 1.334982e-03 9.725994e+00 3.438467e-03 9.999860e-01 -4.012235e-03 -1.088030e+00 -1.321220e-03 4.016795e-03 9.999910e-01 -5.850024e+00
9.999936e-01 2.470838e-03 -2.589648e-03 9.657798e+00 -2.458323e-03 9.999853e-01 4.824514e-03 -1.087963e+00 2.601562e-03 -4.818114e-03 9.999851e-01 -5.730582e+00
9.999908e-01 -4.215030e-03 8.475804e-04 9.664032e+00 4.218653e-03 9.999818e-01 -4.319426e-03 -1.092923e+00 -8.293898e-04 4.322960e-03 9.999902e-01 -5.605544e+00
9.999941e-01 2.399614e-03 -2.463399e-03 9.746950e+00 -2.387765e-03 9.999856e-01 4.801558e-03 -1.100851e+00 2.474917e-03 -4.795645e-03 9.999855e-01 -5.517377e+00
9.999961e-01 -2.798629e-03 -1.978288e-04 9.601075e+00 2.797857e-03 9.999889e-01 -3.799334e-03 -1.099171e+00 2.084278e-04 3.798763e-03 9.999927e-01 -5.399831e+00
9.999973e-01 1.682577e-03 -1.630544e-03 9.568528e+00 -1.675365e-03 9.999889e-01 4.413698e-03 -1.102032e+00 1.637984e-03 -4.410952e-03 9.999890e-01 -5.312459e+00
9.999981e-01 -1.426617e-03 -1.363155e-03 9.411323e+00 1.421755e-03 9.999927e-01 -3.560628e-03 -1.099778e+00 1.368192e-03 3.558681e-03 9.999926e-01 -5.252262e+00
9.999978e-01 1.704454e-03 -1.255733e-03 9.209011e+00 -1.699823e-03 9.999918e-01 3.679692e-03 -1.096665e+00 1.262027e-03 -3.677547e-03 9.999925e-01 -5.266460e+00
9.999980e-01 -1.525019e-03 -1.253966e-03 9.005461e+00 1.520350e-03 9.999919e-01 -3.716033e-03 -1.094030e+00 1.259590e-03 3.714118e-03 9.999922e-01 -5.332598e+00
9.999983e-01 1.476658e-03 -1.076268e-03 8.784453e+00 -1.473112e-03 9.999935e-01 3.287604e-03 -1.091521e+00 1.081148e-03 -3.286011e-03 9.999941e-01 -5.410286e+00
9.999973e-01 -1.724667e-03 -1.569200e-03 8.618282e+00 1.720126e-03 9.999943e-01 -2.890226e-03 -1.090026e+00 1.574143e-03 2.887517e-03 9.999945e-01 -5.358656e+00
9.999986e-01 1.498297e-03 -7.682050e-04 8.485592e+00 -1.495953e-03 9.999943e-01 3.041701e-03 -1.090173e+00 7.727913e-04 -3.040546e-03 9.999952e-01 -5.337627e+00
9.999853e-01 -5.010828e-03 -2.046593e-03 8.703656e+00 5.000622e-03 9.999752e-01 -4.961518e-03 -1.106021e+00 2.071370e-03 4.951209e-03 9.999855e-01 -5.674720e+00
9.999927e-01 3.810515e-03 -3.582278e-04 8.711449e+00 -3.808991e-03 9.999841e-01 4.162861e-03 -1.113906e+00 3.741186e-04 -4.161464e-03 9.999914e-01 -5.842480e+00
9.999899e-01 -3.687552e-03 -2.568039e-03 8.508160e+00 3.677986e-03 9.999863e-01 -3.719507e-03 -1.111015e+00 2.581685e-03 3.710022e-03 9.999897e-01 -5.801514e+00
9.999951e-01 3.006870e-03 9.265114e-04 8.404320e+00 -3.009627e-03 9.999910e-01 2.989860e-03 -1.112815e+00 -9.174787e-04 -2.992631e-03 9.999952e-01 -5.935801e+00
9.999864e-01 -3.926864e-03 -3.419007e-03 8.379006e+00 3.914794e-03 9.999861e-01 -3.529857e-03 -1.118411e+00 3.432786e-03 3.516422e-03 9.999878e-01 -6.074904e+00
9.999999e-01 3.889795e-04 1.213598e-06 8.516264e+00 -3.889803e-04 9.999991e-01 1.261506e-03 -1.133419e+00 -6.880743e-07 -1.261504e-03 9.999993e-01 -6.515274e+00
9.999828e-01 -4.965512e-03 -3.111138e-03 8.655714e+00 4.952499e-03 9.999790e-01 -4.176352e-03 -1.149549e+00 3.131775e-03 4.160870e-03 9.999863e-01 -7.109625e+00
9.999999e-01 -3.874864e-04 5.127392e-05 8.925880e+00 3.874605e-04 9.999998e-01 5.139720e-04 -1.169517e+00 -5.143765e-05 -5.139494e-04 1.000000e+00 -7.696808e+00
9.999911e-01 -3.148555e-03 -2.815165e-03 9.100635e+00 3.140749e-03 9.999912e-01 -2.772672e-03 -1.184451e+00 2.823835e-03 2.763803e-03 9.999921e-01 -8.115334e+00
9.999994e-01 7.191638e-04 8.079979e-04 9.181770e+00 -7.204324e-04 9.999985e-01 1.571556e-03 -1.194122e+00 -8.068306e-04 -1.572135e-03 9.999985e-01 -8.406309e+00
9.999912e-01 -2.561326e-03 -3.327873e-03 9.331403e+00 2.555784e-03 9.999953e-01 -1.668295e-03 -1.205269e+00 3.332094e-03 1.659772e-03 9.999930e-01 -8.516381e+00
9.999990e-01 1.406456e-03 2.579476e-04 9.402146e+00 -1.406892e-03 9.999976e-01 1.697912e-03 -1.213673e+00 -2.555225e-04 -1.698271e-03 9.999986e-01 -8.675157e+00
9.999951e-01 -1.871484e-03 -2.499789e-03 9.315878e+00 1.865768e-03 9.999956e-01 -2.286837e-03 -1.217115e+00 2.504021e-03 2.282159e-03 9.999942e-01 -8.843637e+00
9.999999e-01 3.361481e-04 7.223462e-05 9.349602e+00 -3.362609e-04 9.999987e-01 1.574690e-03 -1.225975e+00 -7.166837e-05 -1.574711e-03 9.999989e-01 -9.093117e+00
9.999896e-01 -2.648691e-03 -3.703533e-03 9.459844e+00 2.638998e-03 9.999931e-01 -2.619551e-03 -1.239880e+00 3.710409e-03 2.609747e-03 9.999896e-01 -9.431174e+00
9.999999e-01 2.447697e-04 4.344147e-04 9.607722e+00 -2.454425e-04 9.999988e-01 1.550652e-03 -1.256272e+00 -4.339971e-04 -1.550755e-03 9.999988e-01 -9.743940e+00
9.999941e-01 -1.007276e-03 -3.269059e-03 9.657568e+00 1.001138e-03 9.999977e-01 -1.878574e-03 -1.266255e+00 3.270906e-03 1.875287e-03 9.999928e-01 -9.909002e+00
9.999992e-01 1.079888e-03 6.858801e-04 9.580130e+00 -1.081041e-03 9.999980e-01 1.684091e-03 -1.270046e+00 -6.840221e-04 -1.684828e-03 9.999984e-01 -9.990412e+00
9.999923e-01 -8.545091e-04 -3.838945e-03 9.426521e+00 8.491235e-04 9.999987e-01 -1.404134e-03 -1.270587e+00 3.840102e-03 1.400860e-03 9.999915e-01 -9.975884e+00
1.000000e+00 -1.273026e-04 2.630756e-04 9.470257e+00 1.269664e-04 9.999992e-01 1.280156e-03 -1.280304e+00 -2.631997e-04 -1.280119e-03 9.999992e-01 -1.010920e+01
9.999896e-01 -1.968641e-03 -4.116219e-03 9.575634e+00 1.960336e-03 9.999960e-01 -2.020630e-03 -1.293631e+00 4.120141e-03 2.012536e-03 9.999894e-01 -1.040372e+01
9.999999e-01 1.234337e-04 4.821588e-04 9.645406e+00 -1.239700e-04 9.999994e-01 1.113790e-03 -1.306056e+00 -4.819818e-04 -1.113846e-03 9.999994e-01 -1.065707e+01
9.999936e-01 -1.580612e-03 -3.223013e-03 9.750532e+00 1.576417e-03 9.999979e-01 -1.303685e-03 -1.318853e+00 3.225027e-03 1.298592e-03 9.999939e-01 -1.077327e+01
9.999997e-01 7.110442e-04 3.191330e-04 9.815910e+00 -7.116378e-04 9.999980e-01 1.865786e-03 -1.326899e+00 -3.177659e-04 -1.866009e-03 9.999983e-01 -1.078556e+01
9.999935e-01 -1.035771e-03 -3.449517e-03 9.753798e+00 1.031731e-03 9.999988e-01 -1.172473e-03 -1.329624e+00 3.450687e-03 1.168904e-03 9.999933e-01 -1.074751e+01
9.999998e-01 4.675022e-04 3.835329e-04 9.696274e+00 -4.681994e-04 9.999982e-01 1.821461e-03 -1.332359e+00 -3.826403e-04 -1.821637e-03 9.999984e-01 -1.068521e+01
9.999937e-01 -6.425997e-04 -3.495463e-03 9.563584e+00 6.390953e-04 9.999993e-01 -1.003419e-03 -1.331521e+00 3.496064e-03 1.001176e-03 9.999933e-01 -1.059072e+01
9.999996e-01 9.507054e-04 -1.863826e-05 9.349128e+00 -9.506680e-04 9.999978e-01 1.884999e-03 -1.328422e+00 2.047129e-05 -1.884978e-03 9.999983e-01 -1.050372e+01
9.999939e-01 -1.972591e-03 -2.885696e-03 9.367366e+00 1.966182e-03 9.999956e-01 -2.222008e-03 -1.336214e+00 2.890025e-03 2.216318e-03 9.999933e-01 -1.055041e+01
9.999995e-01 -1.043624e-03 3.888343e-05 9.651855e+00 1.043588e-03 9.999990e-01 9.232158e-04 -1.353545e+00 -3.980535e-05 -9.231720e-04 9.999997e-01 -1.071835e+01
9.999952e-01 7.530485e-04 -3.005436e-03 9.523999e+00 -7.544791e-04 9.999996e-01 -4.747155e-04 -1.354653e+00 3.005036e-03 4.769780e-04 9.999953e-01 -1.065456e+01
9.999997e-01 -7.141460e-04 -2.467916e-05 9.366464e+00 7.141756e-04 9.999990e-01 1.198926e-03 -1.353542e+00 2.386500e-05 -1.198940e-03 9.999994e-01 -1.058012e+01
9.999969e-01 1.416463e-04 -2.493815e-03 9.329761e+00 -1.431600e-04 9.999998e-01 -6.065846e-04 -1.356703e+00 2.493687e-03 6.069372e-04 9.999966e-01 -1.052921e+01
9.999999e-01 -1.945961e-04 -3.818659e-04 9.250427e+00 1.950978e-04 9.999991e-01 1.312522e-03 -1.357840e+00 3.816527e-04 -1.312593e-03 9.999992e-01 -1.048056e+01
9.999970e-01 2.762625e-04 -2.434110e-03 9.091820e+00 -2.776447e-04 9.999998e-01 -5.673196e-04 -1.356303e+00 2.433910e-03 5.679912e-04 9.999968e-01 -1.040857e+01
9.999997e-01 -2.684781e-04 -6.722184e-04 8.936287e+00 2.692383e-04 9.999993e-01 1.130337e-03 -1.355618e+00 6.719575e-04 -1.130516e-03 9.999992e-01 -1.034622e+01
9.999954e-01 4.149105e-04 -2.993698e-03 8.693503e+00 -4.151702e-04 9.999999e-01 -8.595691e-05 -1.351733e+00 2.993618e-03 8.719710e-05 9.999954e-01 -1.022290e+01
9.999998e-01 -6.861858e-04 1.409215e-04 8.543538e+00 6.860920e-04 9.999995e-01 6.683215e-04 -1.351543e+00 -1.413363e-04 -6.682224e-04 9.999999e-01 -1.014393e+01
9.999952e-01 6.334775e-04 -3.042396e-03 8.385288e+00 -6.330887e-04 9.999998e-01 1.289172e-04 -1.350184e+00 3.042433e-03 -1.269927e-04 9.999953e-01 -1.006559e+01
9.999998e-01 -6.048800e-04 -8.698869e-05 8.195762e+00 6.049574e-04 9.999994e-01 8.876419e-04 -1.347035e+00 8.649595e-05 -8.876923e-04 9.999997e-01 -9.962340e+00
9.999957e-01 6.219990e-04 -2.872385e-03 8.018952e+00 -6.223082e-04 9.999998e-01 -1.065984e-04 -1.344363e+00 2.872273e-03 1.083834e-04 9.999958e-01 -9.889775e+00
9.999997e-01 -8.369958e-04 7.786322e-05 7.847840e+00 8.369358e-04 9.999994e-01 7.731631e-04 -1.342859e+00 -7.846556e-05 -7.730958e-04 9.999998e-01 -9.818304e+00
9.999976e-01 6.028748e-04 -2.090202e-03 7.777423e+00 -6.046352e-04 9.999995e-01 -8.414754e-04 -1.345619e+00 2.089648e-03 8.427353e-04 9.999974e-01 -9.828178e+00
9.999994e-01 -9.203943e-04 6.426620e-04 7.734890e+00 9.198672e-04 9.999992e-01 8.206543e-04 -1.348150e+00 -6.433718e-04 -8.200607e-04 9.999996e-01 -9.836784e+00
9.999968e-01 5.688361e-04 -2.448060e-03 7.740187e+00 -5.705547e-04 9.999996e-01 -7.012323e-04 -1.352600e+00 2.447615e-03 7.026249e-04 9.999967e-01 -9.859366e+00
9.999992e-01 -8.682717e-04 9.556197e-04 7.766318e+00 8.677811e-04 9.999995e-01 5.141680e-04 -1.357946e+00 -9.560203e-04 -5.133364e-04 9.999995e-01 -9.937482e+00
9.999956e-01 -3.794360e-04 -2.952947e-03 7.880076e+00 3.765699e-04 9.999995e-01 -9.709373e-04 -1.367278e+00 2.953268e-03 9.698191e-04 9.999951e-01 -1.008361e+01
9.999992e-01 -8.604287e-04 9.280167e-04 7.989777e+00 8.599835e-04 9.999995e-01 4.805255e-04 -1.376623e+00 -9.283840e-04 -4.797251e-04 9.999995e-01 -1.024542e+01
9.999961e-01 -3.527013e-04 -2.767897e-03 8.031799e+00 3.489775e-04 9.999990e-01 -1.345574e-03 -1.384299e+00 2.768323e-03 1.344601e-03 9.999952e-01 -1.046225e+01
9.999978e-01 -1.884738e-03 9.065975e-04 8.057869e+00 1.885246e-03 9.999981e-01 -5.586233e-04 -1.393113e+00 -9.054969e-04 5.603333e-04 9.999995e-01 -1.083204e+01
9.999963e-01 -1.246521e-03 -2.397096e-03 8.169435e+00 1.242480e-03 9.999978e-01 -1.686530e-03 -1.403584e+00 2.399147e-03 1.683543e-03 9.999956e-01 -1.125843e+01
9.999998e-01 -7.005747e-05 6.409198e-04 8.277974e+00 6.929620e-05 9.999993e-01 1.188621e-03 -1.411796e+00 -6.409563e-04 -1.188574e-03 9.999992e-01 -1.141319e+01
9.999978e-01 -7.225872e-04 -1.969490e-03 8.306207e+00 7.193809e-04 9.999984e-01 -1.627969e-03 -1.417443e+00 1.970617e-03 1.626546e-03 9.999966e-01 -1.151766e+01
9.999998e-01 1.607915e-04 6.227736e-04 8.360211e+00 -1.617396e-04 9.999988e-01 1.523462e-03 -1.423448e+00 -6.224814e-04 -1.523560e-03 9.999987e-01 -1.159374e+01
9.999957e-01 -1.377338e-03 -2.590623e-03 8.475079e+00 1.374058e-03 9.999983e-01 -1.266901e-03 -1.431631e+00 2.592317e-03 1.263333e-03 9.999957e-01 -1.162144e+01
9.999999e-01 -4.092865e-04 2.647013e-04 8.708640e+00 4.089164e-04 9.999989e-01 1.399151e-03 -1.442849e+00 -2.652267e-04 -1.399040e-03 9.999991e-01 -1.162118e+01
9.999977e-01 2.250716e-05 -2.121859e-03 8.716676e+00 -2.457154e-05 9.999995e-01 -9.726598e-04 -1.445660e+00 2.121789e-03 9.727076e-04 9.999972e-01 -1.159455e+01
9.999995e-01 -9.965096e-04 3.174739e-04 8.753775e+00 9.961078e-04 9.999987e-01 1.265100e-03 -1.450341e+00 -3.186869e-04 -1.264781e-03 9.999992e-01 -1.158224e+01
9.999964e-01 -1.033009e-03 -2.491365e-03 8.992297e+00 1.029931e-03 9.999987e-01 -1.235912e-03 -1.462512e+00 2.492591e-03 1.233340e-03 9.999960e-01 -1.160930e+01
1.000000e+00 -1.142293e-04 2.336244e-04 9.124344e+00 1.139510e-04 9.999993e-01 1.193057e-03 -1.472204e+00 -2.337128e-04 -1.193028e-03 9.999994e-01 -1.166949e+01
9.999978e-01 -2.239618e-04 -2.078360e-03 9.150817e+00 2.218624e-04 9.999995e-01 -1.010090e-03 -1.477406e+00 2.078537e-03 1.009625e-03 9.999972e-01 -1.171621e+01
9.999999e-01 -5.205520e-04 -8.480210e-05 9.236369e+00 5.206321e-04 9.999994e-01 9.412796e-04 -1.485948e+00 8.436009e-05 -9.413217e-04 9.999996e-01 -1.179117e+01
9.999951e-01 -1.042060e-03 -2.937639e-03 9.465103e+00 1.037403e-03 9.999982e-01 -1.586090e-03 -1.500478e+00 2.939239e-03 1.583033e-03 9.999943e-01 -1.194923e+01
9.999990e-01 -1.318411e-03 5.496768e-04 9.806613e+00 1.317972e-03 9.999988e-01 8.003055e-04 -1.516925e+00 -5.506828e-04 -7.995783e-04 9.999996e-01 -1.210001e+01
9.999967e-01 -4.292654e-04 -2.522191e-03 1.003063e+01 4.267186e-04 9.999994e-01 -1.009986e-03 -1.528403e+00 2.522574e-03 1.008904e-03 9.999962e-01 -1.218637e+01
9.999989e-01 -1.368434e-03 5.788647e-04 1.024269e+01 1.367908e-03 9.999987e-01 9.097125e-04 -1.539540e+00 -5.800599e-04 -9.089178e-04 9.999995e-01 -1.222353e+01
9.999978e-01 2.057888e-04 -2.079558e-03 1.028170e+01 -2.072705e-04 9.999997e-01 -7.121027e-04 -1.544461e+00 2.079362e-03 7.125302e-04 9.999975e-01 -1.216776e+01
9.999987e-01 -1.234639e-03 1.017557e-03 1.038773e+01 1.233838e-03 9.999989e-01 7.878857e-04 -1.550843e+00 -1.018479e-03 -7.866273e-04 9.999993e-01 -1.220060e+01
9.999972e-01 1.906220e-04 -2.364403e-03 1.050507e+01 -1.926771e-04 9.999996e-01 -8.687906e-04 -1.558733e+00 2.364187e-03 8.692418e-04 9.999967e-01 -1.226811e+01
9.999911e-01 -4.050595e-03 1.154994e-03 1.092791e+01 4.052203e-03 9.999908e-01 -1.392254e-03 -1.574460e+00 -1.149295e-03 1.396923e-03 9.999985e-01 -1.269404e+01
9.999946e-01 -1.205250e-05 -3.288703e-03 1.141648e+01 8.764317e-06 9.999995e-01 -9.997016e-04 -1.594977e+00 3.288663e-03 9.996652e-04 9.999940e-01 -1.308509e+01
9.999943e-01 -3.314188e-03 -6.308068e-04 1.182036e+01 3.313881e-03 9.999944e-01 -4.878611e-04 -1.616898e+00 6.324699e-04 4.857700e-04 9.999998e-01 -1.338383e+01
9.999984e-01 1.185175e-04 -1.780600e-03 1.216254e+01 -1.205293e-04 9.999994e-01 -1.129496e-03 -1.634190e+00 1.780415e-03 1.129707e-03 9.999977e-01 -1.367841e+01
9.999990e-01 -1.357450e-03 -4.395611e-04 1.234290e+01 1.357824e-03 9.999987e-01 8.489320e-04 -1.645100e+00 4.384584e-04 -8.495258e-04 9.999996e-01 -1.377323e+01
9.999982e-01 -1.850999e-03 -3.313732e-04 1.279131e+01 1.850338e-03 9.999963e-01 -1.985118e-03 -1.663747e+00 3.349961e-04 1.984499e-03 9.999979e-01 -1.388560e+01
9.999975e-01 -2.245034e-03 -2.366860e-04 1.335053e+01 2.245316e-03 9.999968e-01 1.197357e-03 -1.687577e+00 2.340475e-04 -1.197884e-03 9.999993e-01 -1.390052e+01
9.999987e-01 -7.920138e-04 -1.420021e-03 1.376189e+01 7.898459e-04 9.999985e-01 -1.526193e-03 -1.706856e+00 1.421178e-03 1.525068e-03 9.999977e-01 -1.390786e+01
9.999983e-01 -1.810244e-03 -3.282439e-04 1.413722e+01 1.810604e-03 9.999978e-01 1.096127e-03 -1.724916e+00 3.263096e-04 -1.096717e-03 9.999994e-01 -1.397065e+01
9.999988e-01 -5.800409e-04 -1.433756e-03 1.449234e+01 5.780432e-04 9.999989e-01 -1.393002e-03 -1.741532e+00 1.434512e-03 1.392170e-03 9.999979e-01 -1.405508e+01
9.999986e-01 -1.305274e-03 -1.038343e-03 1.474034e+01 1.306973e-03 9.999978e-01 1.636047e-03 -1.753878e+00 1.036256e-03 -1.637399e-03 9.999982e-01 -1.407148e+01
9.999979e-01 -1.330735e-03 -1.559248e-03 1.511064e+01 1.327931e-03 9.999975e-01 -1.797497e-03 -1.771658e+00 1.561585e-03 1.795421e-03 9.999971e-01 -1.411561e+01
9.999939e-01 -3.495470e-03 2.234151e-04 1.581061e+01 3.495524e-03 9.999939e-01 -2.373730e-04 -1.798452e+00 -2.225326e-04 2.381545e-04 1.000000e+00 -1.440175e+01
9.999979e-01 -1.991698e-03 -3.703369e-04 1.657366e+01 1.990905e-03 9.999958e-01 -2.129697e-03 -1.821627e+00 3.745256e-04 2.128953e-03 9.999976e-01 -1.480877e+01
9.999950e-01 -3.164498e-03 2.488384e-04 1.727477e+01 3.164453e-03 9.999950e-01 1.817957e-04 -1.842635e+00 -2.493610e-04 -1.810053e-04 1.000000e+00 -1.516344e+01
9.999978e-01 -1.976234e-03 -7.561020e-04 1.798604e+01 1.974496e-03 9.999954e-01 -2.292140e-03 -1.863727e+00 7.605768e-04 2.290640e-03 9.999970e-01 -1.554409e+01
9.999970e-01 -2.438943e-03 -3.386553e-04 1.864547e+01 2.439230e-03 9.999967e-01 8.470685e-04 -1.886529e+00 3.366398e-04 -8.478898e-04 9.999997e-01 -1.581520e+01
9.999942e-01 -3.001445e-03 -1.588767e-03 1.940692e+01 2.996556e-03 9.999908e-01 -3.070386e-03 -1.914965e+00 1.597916e-03 3.065605e-03 9.999939e-01 -1.617546e+01
9.999988e-01 -1.552454e-03 2.766779e-04 2.001399e+01 1.552156e-03 9.999982e-01 1.074145e-03 -1.935495e+00 -2.782932e-04 -1.073712e-03 9.999995e-01 -1.651149e+01
9.999954e-01 -2.710672e-03 -1.343375e-03 2.059045e+01 2.707013e-03 9.999926e-01 -2.717769e-03 -1.955982e+00 1.350680e-03 2.714117e-03 9.999953e-01 -1.676509e+01
