9.999901e-01 -2.661386e-03 3.564803e-03 -5.827206e-01 2.639261e-03 9.999773e-01 6.197145e-03 -1.369172e-02 -3.581216e-03 -6.187677e-03 9.999745e-01 1.308655e+00
9.999997e-01 -6.028749e-04 5.412185e-04 -1.253959e+00 6.025771e-04 9.999997e-01 5.501905e-04 -2.904551e-02 -5.415492e-04 -5.498624e-04 9.999996e-01 2.774319e+00
9.999832e-01 -3.114372e-03 4.896505e-03 -1.919247e+00 3.081437e-03 9.999727e-01 6.719370e-03 -4.580257e-02 -4.917299e-03 -6.704171e-03 9.999655e-01 4.284837e+00
9.999950e-01 1.213398e-03 -2.930582e-03 -2.433576e+00 -1.219754e-03 9.999969e-01 -2.167766e-03 -5.018472e-02 2.927944e-03 2.171333e-03 9.999933e-01 5.097906e+00
9.999760e-01 -3.622233e-03 5.910618e-03 -2.854263e+00 3.578500e-03 9.999663e-01 7.392872e-03 -6.571651e-02 -5.937200e-03 -7.371547e-03 9.999553e-01 6.281279e+00
9.999857e-01 2.201241e-03 -4.875450e-03 -3.143844e+00 -2.219594e-03 9.999905e-01 -3.762226e-03 -7.584657e-02 4.867124e-03 3.772998e-03 9.999809e-01 7.094172e+00
9.999850e-01 -2.932593e-03 4.625608e-03 -3.361886e+00 2.905150e-03 9.999782e-01 5.928485e-03 -8.140025e-02 -4.642895e-03 -5.914962e-03 9.999718e-01 7.628886e+00
9.999849e-01 2.836394e-03 -4.717414e-03 -3.620761e+00 -2.856683e-03 9.999867e-01 -4.299738e-03 -7.866204e-02 4.705157e-03 4.313153e-03 9.999795e-01 7.870615e+00
9.999791e-01 -3.090115e-03 5.675475e-03 -3.918513e+00 3.054544e-03 9.999757e-01 6.265509e-03 -7.422913e-02 -5.694700e-03 -6.248047e-03 9.999644e-01 8.097363e+00
9.999848e-01 2.630038e-03 -4.855264e-03 -4.223483e+00 -2.649772e-03 9.999882e-01 -4.062355e-03 -7.157904e-02 4.844525e-03 4.075163e-03 9.999799e-01 8.399477e+00
9.999836e-01 -3.466152e-03 4.564894e-03 -4.420683e+00 3.437370e-03 9.999743e-01 6.297886e-03 -7.890299e-02 -4.586608e-03 -6.282096e-03 9.999698e-01 8.996190e+00
9.999807e-01 3.540871e-03 -5.107687e-03 -4.575132e+00 -3.567778e-03 9.999798e-01 -5.268555e-03 -7.800250e-02 5.088931e-03 5.286681e-03 9.999730e-01 9.173208e+00
9.999773e-01 -3.233379e-03 5.918116e-03 -4.859115e+00 3.192277e-03 9.999708e-01 6.941287e-03 -7.370685e-02 -5.940390e-03 -6.922242e-03 9.999585e-01 9.360627e+00
9.999809e-01 3.860432e-03 -4.834161e-03 -5.220065e+00 -3.885246e-03 9.999793e-01 -5.134197e-03 -6.349660e-02 4.814242e-03 5.152886e-03 9.999750e-01 9.436282e+00
9.999770e-01 -4.211250e-03 5.316578e-03 -5.526585e+00 4.174695e-03 9.999677e-01 6.868101e-03 -5.688840e-02 -5.345332e-03 -6.845753e-03 9.999624e-01 9.593509e+00
9.999783e-01 4.034025e-03 -5.205171e-03 -5.745995e+00 -4.063519e-03 9.999757e-01 -5.668162e-03 -5.271909e-02 5.182182e-03 5.689196e-03 9.999703e-01 9.733338e+00
9.999822e-01 -3.787313e-03 4.603128e-03 -5.911736e+00 3.757488e-03 9.999720e-01 6.470727e-03 -4.846780e-02 -4.627508e-03 -6.453321e-03 9.999686e-01 9.811148e+00
9.999716e-01 4.090055e-03 -6.333482e-03 -5.878612e+00 -4.133136e-03 9.999683e-01 -6.803935e-03 -4.933026e-02 6.305455e-03 6.829924e-03 9.999567e-01 9.781858e+00
9.999777e-01 -4.277376e-03 5.137050e-03 -5.692762e+00 4.248099e-03 9.999748e-01 5.696577e-03 -5.549994e-02 -5.161289e-03 -5.674632e-03 9.999707e-01 9.697839e+00
9.999750e-01 4.462856e-03 -5.479533e-03 -5.699752e+00 -4.491799e-03 9.999760e-01 -5.281142e-03 -5.693610e-02 5.455835e-03 5.305629e-03 9.999709e-01 9.807660e+00
9.999794e-01 -4.324878e-03 4.747721e-03 -5.702020e+00 4.299627e-03 9.999766e-01 5.316012e-03 -5.791919e-02 -4.770603e-03 -5.295494e-03 9.999747e-01 9.857052e+00
9.999743e-01 4.326445e-03 -5.716747e-03 -5.575272e+00 -4.360722e-03 9.999725e-01 -5.997123e-03 -6.216172e-02 5.690646e-03 6.021904e-03 9.999656e-01 9.874483e+00
9.999695e-01 -4.597898e-03 6.309173e-03 -5.280556e+00 4.563272e-03 9.999745e-01 5.491618e-03 -7.281357e-02 -6.334264e-03 -5.462665e-03 9.999651e-01 9.896894e+00
9.999732e-01 4.118670e-03 -6.058970e-03 -5.037595e+00 -4.158340e-03 9.999699e-01 -6.549359e-03 -8.231865e-02 6.031815e-03 6.574384e-03 9.999601e-01 9.877253e+00
9.999615e-01 -5.265155e-03 7.025581e-03 -4.599901e+00 5.229464e-03 9.999734e-01 5.088798e-03 -9.945950e-02 -7.052189e-03 -5.051867e-03 9.999625e-01 9.787005e+00
9.999674e-01 5.605511e-03 -5.811887e-03 -4.461411e+00 -5.623974e-03 9.999792e-01 -3.165254e-03 -1.115282e-01 5.794025e-03 3.197842e-03 9.999780e-01 1.015642e+01
9.999540e-01 -6.945697e-03 6.620818e-03 -4.733586e+00 6.899616e-03 9.999520e-01 6.957647e-03 -1.201327e-01 -6.668828e-03 -6.911652e-03 9.999540e-01 1.083882e+01
9.999662e-01 5.819842e-03 -5.799860e-03 -5.006560e+00 -5.840545e-03 9.999766e-01 -3.558973e-03 -1.258528e-01 5.779014e-03 3.592733e-03 9.999767e-01 1.141542e+01
9.998677e-01 -8.610682e-03 1.379769e-02 -5.093880e+00 8.415563e-03 9.998646e-01 1.413763e-02 -1.658954e-01 -1.391756e-02 -1.401965e-02 9.998050e-01 1.313130e+01
9.999241e-01 5.716574e-03 -1.091711e-02 -5.627335e+00 -5.804404e-03 9.999509e-01 -8.030506e-03 -1.729524e-01 1.087067e-02 8.093271e-03 9.999081e-01 1.401750e+01
9.996306e-01 -9.192203e-03 2.557743e-02 -5.674248e+00 8.665104e-03 9.997494e-01 2.064307e-02 -2.259555e-01 -2.576078e-02 -2.041382e-02 9.994598e-01 1.639611e+01
9.999101e-01 5.972792e-03 -1.200565e-02 -5.654557e+00 -6.035295e-03 9.999684e-01 -5.176611e-03 -2.889329e-01 1.197436e-02 5.248614e-03 9.999144e-01 1.909280e+01
9.996057e-01 -7.931260e-03 2.693605e-02 -5.418574e+00 7.404039e-03 9.997802e-01 1.961674e-02 -3.510946e-01 -2.708572e-02 -1.940958e-02 9.994448e-01 2.150381e+01
9.999593e-01 6.199233e-03 -6.557482e-03 -4.913530e+00 -6.227068e-03 9.999717e-01 -4.232767e-03 -4.235890e-01 6.531066e-03 4.273442e-03 9.999694e-01 2.409930e+01
9.998649e-01 -9.357807e-03 1.351378e-02 -5.070659e+00 9.184022e-03 9.998751e-01 1.286518e-02 -4.567934e-01 -1.363249e-02 -1.273934e-02 9.998260e-01 2.557888e+01
9.999123e-01 6.468093e-03 -1.155710e-02 -5.594453e+00 -6.555775e-03 9.999499e-01 -7.565058e-03 -4.616620e-01 1.150760e-02 7.640175e-03 9.999045e-01 2.636002e+01
9.998529e-01 -9.394365e-03 1.434736e-02 -6.014336e+00 9.203108e-03 9.998687e-01 1.333885e-02 -4.734832e-01 -1.447080e-02 -1.320486e-02 9.998082e-01 2.728980e+01
9.999394e-01 6.621500e-03 -8.790767e-03 -6.227351e+00 -6.682441e-03 9.999537e-01 -6.921090e-03 -4.982796e-01 8.744544e-03 6.979430e-03 9.999373e-01 2.854044e+01
9.995198e-01 -9.839581e-03 2.938213e-02 -5.823821e+00 9.177567e-03 9.997029e-01 2.258170e-02 -5.701644e-01 -2.959561e-02 -2.230122e-02 9.993132e-01 3.126058e+01
9.999281e-01 7.196925e-03 -9.590400e-03 -5.299995e+00 -7.274537e-03 9.999409e-01 -8.082332e-03 -6.406663e-01 9.531681e-03 8.151536e-03 9.999212e-01 3.361188e+01
9.998382e-01 -9.931224e-03 1.499924e-02 -5.534204e+00 9.712817e-03 9.998468e-01 1.456464e-02 -6.638203e-01 -1.514161e-02 -1.441662e-02 9.997815e-01 3.487500e+01
9.999547e-01 7.800370e-03 -5.462382e-03 -5.361849e+00 -7.852727e-03 9.999228e-01 -9.629764e-03 -6.911226e-01 5.386861e-03 9.672242e-03 9.999386e-01 3.587631e+01
9.998864e-01 -9.179945e-03 1.195853e-02 -5.163850e+00 9.025447e-03 9.998759e-01 1.291016e-02 -7.153334e-01 -1.207558e-02 -1.280078e-02 9.998452e-01 3.653987e+01
9.997027e-01 7.355540e-03 2.324800e-02 -3.612257e+00 -7.308296e-03 9.999711e-01 -2.116575e-03 -7.988546e-01 -2.326287e-02 1.946064e-03 9.997274e-01 3.869096e+01
9.989927e-01 -9.655278e-03 4.382106e-02 6.129353e-02 9.065010e-03 9.998658e-01 1.364880e-02 -9.417700e-01 -4.394699e-02 -1.323784e-02 9.989463e-01 4.068029e+01
9.999653e-01 8.220843e-03 1.376404e-03 2.333198e+00 -8.218886e-03 9.999652e-01 -1.424250e-03 -1.051283e+00 -1.388033e-03 1.412911e-03 9.999979e-01 4.270463e+01
9.997011e-01 -1.209052e-02 2.124753e-02 2.761862e+00 1.172964e-02 9.997862e-01 1.702828e-02 -1.125789e+00 -2.144890e-02 -1.677398e-02 9.996293e-01 4.526514e+01
9.999532e-01 8.744100e-03 -4.142513e-03 2.945102e+00 -8.764354e-03 9.999496e-01 -4.895490e-03 -1.181517e+00 4.099533e-03 4.931592e-03 9.999793e-01 4.728024e+01
9.998755e-01 -1.085351e-02 1.145056e-02 3.083332e+00 1.074787e-02 9.998995e-01 9.247904e-03 -1.208984e+00 -1.154982e-02 -9.123710e-03 9.998918e-01 4.805926e+01
9.998794e-01 9.412615e-03 -1.235189e-02 2.928467e+00 -9.512866e-03 9.999221e-01 -8.082284e-03 -1.213318e+00 1.227489e-02 8.198837e-03 9.998910e-01 4.827808e+01
9.998528e-01 -1.177440e-02 1.247733e-02 2.452240e+00 1.162578e-02 9.998614e-01 1.191815e-02 -1.211273e+00 -1.261597e-02 -1.177136e-02 9.998512e-01 4.876176e+01
9.999102e-01 8.496383e-03 -1.035985e-02 1.842161e+00 -8.561756e-03 9.999436e-01 -6.281788e-03 -1.213752e+00 1.030593e-02 6.369949e-03 9.999265e-01 4.954655e+01
9.998778e-01 -1.088586e-02 1.122062e-02 1.531712e+00 1.078376e-02 9.999003e-01 9.121043e-03 -1.218645e+00 -1.131883e-02 -8.998955e-03 9.998955e-01 4.999913e+01
9.999641e-01 6.026743e-03 -5.956478e-03 2.211940e+00 -6.086876e-03 9.999302e-01 -1.012855e-02 -1.236879e+00 5.895057e-03 1.016447e-02 9.999309e-01 4.942553e+01
9.998708e-01 -1.106527e-02 1.166324e-02 2.975838e+00 1.095343e-02 9.998938e-01 9.609608e-03 -1.258068e+00 -1.176837e-02 -9.480640e-03 9.998859e-01 4.880689e+01
9.998870e-01 9.365374e-03 -1.175644e-02 3.026707e+00 -9.474298e-03 9.999124e-01 -9.243277e-03 -1.273205e+00 1.166888e-02 9.353643e-03 9.998881e-01 4.905856e+01
9.998560e-01 -1.175711e-02 1.223753e-02 2.525104e+00 1.159105e-02 9.998410e-01 1.355322e-02 -1.272546e+00 -1.239497e-02 -1.340945e-02 9.998334e-01 4.962411e+01
9.998651e-01 1.012038e-02 -1.293295e-02 2.208965e+00 -1.026837e-02 9.998820e-01 -1.142760e-02 -1.273244e+00 1.281581e-02 1.155889e-02 9.998510e-01 4.995353e+01
9.998482e-01 -1.214442e-02 1.249328e-02 1.825945e+00 1.196000e-02 9.998199e-01 1.473214e-02 -1.273621e+00 -1.266998e-02 -1.458051e-02 9.998135e-01 5.041650e+01
9.998695e-01 9.921131e-03 -1.274856e-02 1.531397e+00 -1.007064e-02 9.998806e-01 -1.171710e-02 -1.279791e+00 1.263083e-02 1.184398e-02 9.998500e-01 5.093965e+01
9.998382e-01 -1.243569e-02 1.299963e-02 1.175597e+00 1.223713e-02 9.998089e-01 1.524404e-02 -1.284931e+00 -1.318675e-02 -1.508252e-02 9.997994e-01 5.150648e+01
9.999354e-01 9.167269e-03 -6.719822e-03 1.588469e+00 -9.271642e-03 9.998343e-01 -1.566819e-02 -1.305255e+00 6.575112e-03 1.572950e-02 9.998546e-01 5.156393e+01
9.998491e-01 -1.199583e-02 1.256567e-02 2.065299e+00 1.179899e-02 9.998083e-01 1.562360e-02 -1.332504e+00 -1.275072e-02 -1.547301e-02 9.997991e-01 5.169961e+01
9.998706e-01 9.938091e-03 -1.264987e-02 1.909131e+00 -1.010781e-02 9.998588e-01 -1.342340e-02 -1.344451e+00 1.251472e-02 1.354955e-02 9.998298e-01 5.218035e+01
9.998642e-01 -1.187355e-02 1.143146e-02 1.692041e+00 1.169784e-02 9.998143e-01 1.531688e-02 -1.351377e+00 -1.161124e-02 -1.518110e-02 9.998174e-01 5.258589e+01
9.998703e-01 1.021360e-02 -1.245255e-02 1.499244e+00 -1.037886e-02 9.998580e-01 -1.327917e-02 -1.359287e+00 1.231519e-02 1.340672e-02 9.998342e-01 5.301431e+01
9.998677e-01 -1.186490e-02 1.113057e-02 1.285777e+00 1.169378e-02 9.998143e-01 1.531596e-02 -1.364854e+00 -1.131026e-02 -1.518380e-02 9.998208e-01 5.341660e+01
9.998706e-01 1.015364e-02 -1.247567e-02 1.024045e+00 -1.031325e-02 9.998649e-01 -1.279637e-02 -1.369986e+00 1.234409e-02 1.292341e-02 9.998402e-01 5.387056e+01
9.998545e-01 -1.212241e-02 1.200198e-02 7.506645e-01 1.193099e-02 9.998025e-01 1.589429e-02 -1.376834e+00 -1.219232e-02 -1.574881e-02 9.998017e-01 5.441574e+01
9.998467e-01 1.103033e-02 -1.359810e-02 5.740204e-01 -1.121904e-02 9.998407e-01 -1.388058e-02 -1.381561e+00 1.344286e-02 1.403104e-02 9.998111e-01 5.479670e+01
9.998586e-01 -1.134546e-02 1.241541e-02 4.755559e-01 1.116384e-02 9.998311e-01 1.460259e-02 -1.380856e+00 -1.257902e-02 -1.446195e-02 9.998164e-01 5.491153e+01
9.998362e-01 1.168537e-02 -1.381988e-02 5.137381e-01 -1.189261e-02 9.998166e-01 -1.500958e-02 -1.381587e+00 1.364199e-02 1.517151e-02 9.997917e-01 5.489268e+01
9.998521e-01 -1.141673e-02 1.286519e-02 4.628592e-01 1.121734e-02 9.998175e-01 1.546524e-02 -1.380731e+00 -1.303945e-02 -1.531867e-02 9.997977e-01 5.497766e+01
9.998451e-01 1.138695e-02 -1.342180e-02 4.722848e-01 -1.159691e-02 9.998100e-01 -1.567060e-02 -1.381891e+00 1.324085e-02 1.582385e-02 9.997870e-01 5.498059e+01
9.998571e-01 -1.119607e-02 1.266302e-02 3.351512e-01 1.098791e-02 9.998053e-01 1.639090e-02 -1.378054e+00 -1.284410e-02 -1.624945e-02 9.997856e-01 5.505360e+01
9.998559e-01 1.057860e-02 -1.327853e-02 9.806108e-02 -1.076984e-02 9.998381e-01 -1.441441e-02 -1.378798e+00 1.312393e-02 1.455537e-02 9.998078e-01 5.539105e+01
9.998687e-01 -1.083427e-02 1.205156e-02 -3.698878e-02 1.064828e-02 9.998248e-01 1.539119e-02 -1.378593e+00 -1.221624e-02 -1.526087e-02 9.998090e-01 5.559623e+01
9.998942e-01 8.615543e-03 -1.171703e-02 3.851320e-01 -8.814949e-03 9.998154e-01 -1.707414e-02 -1.400405e+00 1.156780e-02 1.717565e-02 9.997855e-01 5.560963e+01
9.998592e-01 -1.069346e-02 1.293346e-02 9.036446e-01 1.049466e-02 9.998272e-01 1.534269e-02 -1.427221e+00 -1.309533e-02 -1.520482e-02 9.997987e-01 5.564510e+01
9.998582e-01 1.054874e-02 -1.312821e-02 1.018698e+00 -1.074666e-02 9.998283e-01 -1.509764e-02 -1.438827e+00 1.296673e-02 1.523661e-02 9.997997e-01 5.595387e+01
9.998260e-01 -1.205268e-02 1.423905e-02 6.946146e-01 1.179097e-02 9.997626e-01 1.832352e-02 -1.448361e+00 -1.445655e-02 -1.815246e-02 9.997308e-01 5.673814e+01
9.998522e-01 1.100358e-02 -1.321131e-02 1.038673e+00 -1.124807e-02 9.997642e-01 -1.857614e-02 -1.464212e+00 1.300383e-02 1.872203e-02 9.997401e-01 5.680997e+01
9.997714e-01 -1.582787e-02 1.437418e-02 1.886187e+00 1.560561e-02 9.997589e-01 1.544555e-02 -1.505341e+00 -1.461522e-02 -1.521773e-02 9.997775e-01 5.659895e+01
9.998599e-01 9.828611e-03 -1.354781e-02 2.885824e+00 -1.009240e-02 9.997581e-01 -1.954134e-02 -1.557308e+00 1.335251e-02 1.967536e-02 9.997172e-01 5.641961e+01
9.998177e-01 -1.304921e-02 1.393702e-02 3.520631e+00 1.281038e-02 9.997719e-01 1.709056e-02 -1.590443e+00 -1.415690e-02 -1.690893e-02 9.997569e-01 5.638118e+01
9.998512e-01 9.625591e-03 -1.431741e-02 4.089516e+00 -9.909850e-03 9.997525e-01 -1.991700e-02 -1.620884e+00 1.412220e-02 2.005594e-02 9.996990e-01 5.624365e+01
9.998498e-01 -1.144795e-02 1.301246e-02 4.433615e+00 1.121050e-02 9.997719e-01 1.817750e-02 -1.639811e+00 -1.321763e-02 -1.802892e-02 9.997502e-01 5.621442e+01
9.998570e-01 9.883920e-03 -1.372189e-02 4.673025e+00 -1.015084e-02 9.997579e-01 -1.952001e-02 -1.653671e+00 1.352567e-02 1.965653e-02 9.997152e-01 5.619659e+01
9.998565e-01 -1.005008e-02 1.363868e-02 4.629110e+00 9.776847e-03 9.997531e-01 1.995516e-02 -1.657480e+00 -1.383590e-02 -1.981898e-02 9.997079e-01 5.630346e+01
9.998561e-01 9.510807e-03 -1.404376e-02 4.342614e+00 -9.764891e-03 9.997878e-01 -1.813554e-02 -1.651810e+00 1.386833e-02 1.827009e-02 9.997368e-01 5.647565e+01
9.998589e-01 -9.141203e-03 1.409016e-02 4.060064e+00 8.862693e-03 9.997666e-01 1.970398e-02 -1.643402e+00 -1.426702e-02 -1.957635e-02 9.997067e-01 5.654432e+01
9.998440e-01 9.228200e-03 -1.505943e-02 3.935683e+00 -9.515519e-03 9.997719e-01 -1.911980e-02 -1.639736e+00 1.487960e-02 1.926015e-02 9.997037e-01 5.661577e+01
9.998547e-01 -9.763958e-03 1.397341e-02 4.013010e+00 9.504431e-03 9.997833e-01 1.852074e-02 -1.644107e+00 -1.415125e-02 -1.838526e-02 9.997309e-01 5.662848e+01
9.998389e-01 1.045799e-02 -1.458489e-02 3.820950e+00 -1.071316e-02 9.997890e-01 -1.752791e-02 -1.637301e+00 1.439855e-02 1.768136e-02 9.997399e-01 5.664422e+01
9.998595e-01 -1.022803e-02 1.328385e-02 3.781622e+00 9.994801e-03 9.997968e-01 1.750711e-02 -1.636105e+00 -1.346025e-02 -1.737191e-02 9.997586e-01 5.662187e+01
9.998525e-01 9.998035e-03 -1.396406e-02 3.849595e+00 -1.024655e-02 9.997884e-01 -1.783974e-02 -1.639229e+00 1.378278e-02 1.798022e-02 9.997432e-01 5.663086e+01
9.998570e-01 -1.051296e-02 1.324263e-02 3.965260e+00 1.028729e-02 9.998026e-01 1.699586e-02 -1.644659e+00 -1.341873e-02 -1.685722e-02 9.997680e-01 5.660164e+01
9.998420e-01 1.117248e-02 -1.382557e-02 3.802572e+00 -1.139544e-02 9.998046e-01 -1.615444e-02 -1.638829e+00 1.364242e-02 1.630946e-02 9.997738e-01 5.661605e+01
9.998638e-01 -1.065045e-02 1.261094e-02 3.706339e+00 1.044109e-02 9.998085e-01 1.655272e-02 -1.634957e+00 -1.278486e-02 -1.641882e-02 9.997836e-01 5.661395e+01
9.998433e-01 1.143500e-02 -1.351363e-02 3.579877e+00 -1.165014e-02 9.998049e-01 -1.594997e-02 -1.629472e+00 1.332864e-02 1.610493e-02 9.997814e-01 5.661495e+01
9.998625e-01 -1.087887e-02 1.251192e-02 3.479298e+00 1.067321e-02 9.998087e-01 1.638886e-02 -1.625457e+00 -1.268786e-02 -1.625309e-02 9.997875e-01 5.662386e+01
9.998493e-01 1.072112e-02 -1.365140e-02 3.547593e+00 -1.095207e-02 9.997963e-01 -1.695580e-02 -1.629358e+00 1.346687e-02 1.710279e-02 9.997629e-01 5.660316e+01
9.998614e-01 -1.088348e-02 1.259808e-02 3.642613e+00 1.067832e-02 9.998111e-01 1.624021e-02 -1.634186e+00 -1.277249e-02 -1.610346e-02 9.997888e-01 5.657050e+01
9.998440e-01 1.098809e-02 -1.382864e-02 3.605256e+00 -1.121331e-02 9.998040e-01 -1.631467e-02 -1.633700e+00 1.364670e-02 1.646721e-02 9.997712e-01 5.654734e+01
9.998509e-01 -1.078776e-02 1.348610e-02 3.348459e+00 1.054873e-02 9.997882e-01 1.767167e-02 -1.626525e+00 -1.367392e-02 -1.752680e-02 9.997530e-01 5.662791e+01
9.998513e-01 1.104060e-02 -1.324890e-02 3.015811e+00 -1.125064e-02 9.998105e-01 -1.588476e-02 -1.617305e+00 1.307105e-02 1.603148e-02 9.997860e-01 5.672225e+01
9.998369e-01 -1.124173e-02 1.413754e-02 2.629354e+00 1.098417e-02 9.997746e-01 1.816635e-02 -1.607403e+00 -1.433861e-02 -1.800812e-02 9.997351e-01 5.685611e+01
9.998445e-01 1.097026e-02 -1.380507e-02 2.306032e+00 -1.119515e-02 9.998042e-01 -1.631888e-02 -1.599265e+00 1.362338e-02 1.647092e-02 9.997714e-01 5.698166e+01
9.998496e-01 -1.089161e-02 1.349635e-02 2.056412e+00 1.065353e-02 9.997885e-01 1.758874e-02 -1.592217e+00 -1.368510e-02 -1.744233e-02 9.997543e-01 5.706172e+01
9.998471e-01 1.104405e-02 -1.355818e-02 1.782480e+00 -1.126306e-02 9.998056e-01 -1.618479e-02 -1.584366e+00 1.337684e-02 1.633505e-02 9.997770e-01 5.714199e+01
9.998451e-01 -1.115271e-02 1.361279e-02 1.503295e+00 1.091132e-02 9.997842e-01 1.768038e-02 -1.576821e+00 -1.380707e-02 -1.752914e-02 9.997511e-01 5.723997e+01
9.998455e-01 1.119771e-02 -1.354608e-02 1.230405e+00 -1.141652e-02 9.998038e-01 -1.618422e-02 -1.569416e+00 1.336224e-02 1.633640e-02 9.997772e-01 5.733335e+01
9.998566e-01 -1.111733e-02 1.277770e-02 1.050258e+00 1.089874e-02 9.997952e-01 1.705131e-02 -1.564198e+00 -1.296469e-02 -1.690963e-02 9.997731e-01 5.740167e+01
9.998434e-01 1.119002e-02 -1.370906e-02 8.586002e-01 -1.140966e-02 9.998061e-01 -1.604928e-02 -1.559056e+00 1.352685e-02 1.620321e-02 9.997771e-01 5.748213e+01
9.998558e-01 -1.109541e-02 1.285949e-02 6.597049e-01 1.087470e-02 9.997945e-01 1.710803e-02 -1.553498e+00 -1.304670e-02 -1.696575e-02 9.997710e-01 5.755785e+01
9.998455e-01 1.150574e-02 -1.328847e-02 4.009276e-01 -1.171446e-02 9.998075e-01 -1.573702e-02 -1.545848e+00 1.310489e-02 1.589029e-02 9.997878e-01 5.762552e+01
9.998510e-01 -1.152463e-02 1.285164e-02 1.407453e-01 1.130256e-02 9.997878e-01 1.722018e-02 -1.539117e+00 -1.304740e-02 -1.707239e-02 9.997692e-01 5.772711e+01
9.998523e-01 1.134373e-02 -1.290735e-02 -1.523264e-01 -1.154378e-02 9.998127e-01 -1.553128e-02 -1.531811e+00 1.272879e-02 1.567802e-02 9.997960e-01 5.784520e+01
9.998617e-01 -1.113067e-02 1.235601e-02 -3.934636e-01 1.092258e-02 9.997995e-01 1.678341e-02 -1.524942e+00 -1.254038e-02 -1.664615e-02 9.997829e-01 5.791996e+01
9.998457e-01 1.141112e-02 -1.335218e-02 -5.871792e-01 -1.162257e-02 9.998066e-01 -1.586726e-02 -1.519285e+00 1.316858e-02 1.602003e-02 9.997849e-01 5.798238e+01
9.998605e-01 -1.121130e-02 1.238233e-02 -7.832777e-01 1.100240e-02 9.997981e-01 1.681244e-02 -1.513626e+00 -1.256835e-02 -1.667389e-02 9.997821e-01 5.804913e+01
9.998420e-01 1.127840e-02 -1.374176e-02 -8.263945e-01 -1.150852e-02 9.997929e-01 -1.678261e-02 -1.512908e+00 1.354967e-02 1.693814e-02 9.997646e-01 5.805827e+01
9.998571e-01 -1.107281e-02 1.277343e-02 -9.974979e-01 1.084727e-02 9.997864e-01 1.759370e-02 -1.507686e+00 -1.296555e-02 -1.745266e-02 9.997637e-01 5.810862e+01
9.998546e-01 1.088344e-02 -1.312494e-02 -1.229959e+00 -1.109694e-02 9.998055e-01 -1.630453e-02 -1.502539e+00 1.294498e-02 1.644783e-02 9.997808e-01 5.823037e+01
9.998548e-01 -1.105228e-02 1.297340e-02 -1.239989e+00 1.083561e-02 9.998026e-01 1.665472e-02 -1.505995e+00 -1.315495e-02 -1.651176e-02 9.997772e-01 5.834835e+01
9.998478e-01 1.081374e-02 -1.369145e-02 -1.273229e+00 -1.103787e-02 9.998046e-01 -1.640067e-02 -1.506961e+00 1.351146e-02 1.654933e-02 9.997717e-01 5.839779e+01
9.998571e-01 -1.067091e-02 1.311453e-02 -1.469920e+00 1.044269e-02 9.997950e-01 1.734968e-02 -1.501262e+00 -1.329701e-02 -1.721028e-02 9.997636e-01 5.846202e+01
9.998476e-01 1.112296e-02 -1.345202e-02 -1.715374e+00 -1.133975e-02 9.998053e-01 -1.614768e-02 -1.493817e+00 1.326983e-02 1.629779e-02 9.997790e-01 5.852114e+01
9.998510e-01 -1.113189e-02 1.319381e-02 -1.972923e+00 1.089986e-02 9.997869e-01 1.753000e-02 -1.487312e+00 -1.338618e-02 -1.738361e-02 9.997594e-01 5.862243e+01
9.998510e-01 1.104931e-02 -1.326195e-02 -2.258402e+00 -1.125986e-02 9.998101e-01 -1.590748e-02 -1.480585e+00 1.308370e-02 1.605447e-02 9.997854e-01 5.874718e+01
9.998434e-01 -1.142312e-02 1.351612e-02 -2.568088e+00 1.118273e-02 9.997803e-01 1.772933e-02 -1.474438e+00 -1.371571e-02 -1.757544e-02 9.997516e-01 5.891634e+01
9.998491e-01 1.100027e-02 -1.344170e-02 -2.782641e+00 -1.121665e-02 9.998070e-01 -1.612937e-02 -1.472726e+00 1.326172e-02 1.627774e-02 9.997795e-01 5.913583e+01
9.998445e-01 -1.133268e-02 1.351475e-02 -2.986750e+00 1.109487e-02 9.997845e-01 1.754415e-02 -1.470452e+00 -1.371070e-02 -1.739151e-02 9.997548e-01 5.931945e+01
9.998439e-01 1.115768e-02 -1.369961e-02 -3.218919e+00 -1.137794e-02 9.998056e-01 -1.610567e-02 -1.465401e+00 1.351728e-02 1.625906e-02 9.997763e-01 5.944412e+01
9.998372e-01 -1.193545e-02 1.353072e-02 -3.520210e+00 1.168695e-02 9.997643e-01 1.829901e-02 -1.462892e+00 -1.374597e-02 -1.813793e-02 9.997411e-01 5.973184e+01
9.998552e-01 1.093179e-02 -1.303867e-02 -3.896965e+00 -1.113379e-02 9.998175e-01 -1.552129e-02 -1.460086e+00 1.286665e-02 1.566425e-02 9.997944e-01 6.009490e+01
9.998369e-01 -1.182085e-02 1.365559e-02 -4.276147e+00 1.157067e-02 9.997664e-01 1.825652e-02 -1.456794e+00 -1.386825e-02 -1.809557e-02 9.997402e-01 6.044084e+01
9.998487e-01 1.064614e-02 -1.375780e-02 -4.582981e+00 -1.085983e-02 9.998201e-01 -1.555155e-02 -1.458098e+00 1.358980e-02 1.569864e-02 9.997843e-01 6.088722e+01
9.998185e-01 -1.199515e-02 1.480076e-02 -4.973962e+00 1.171373e-02 9.997517e-01 1.895662e-02 -1.459698e+00 -1.502451e-02 -1.877984e-02 9.997108e-01 6.145000e+01
9.998428e-01 1.095611e-02 -1.394106e-02 -5.291469e+00 -1.118164e-02 9.998062e-01 -1.620256e-02 -1.460349e+00 1.376088e-02 1.635593e-02 9.997714e-01 6.189849e+01
9.998310e-01 -1.175327e-02 1.413452e-02 -5.563227e+00 1.149098e-02 9.997629e-01 1.849746e-02 -1.460136e+00 -1.434861e-02 -1.833195e-02 9.997291e-01 6.225243e+01
9.998387e-01 1.099978e-02 -1.419821e-02 -5.826289e+00 -1.123109e-02 9.998038e-01 -1.631523e-02 -1.459653e+00 1.401600e-02 1.647210e-02 9.997660e-01 6.257386e+01
9.998451e-01 -1.159979e-02 1.323625e-02 -6.075442e+00 1.135977e-02 9.997722e-01 1.806704e-02 -1.457788e+00 -1.344285e-02 -1.791391e-02 9.997493e-01 6.282790e+01
9.998210e-01 1.123033e-02 -1.522708e-02 -6.208959e+00 -1.148667e-02 9.997920e-01 -1.685266e-02 -1.459397e+00 1.503469e-02 1.702458e-02 9.997419e-01 6.309488e+01
9.998425e-01 -1.167136e-02 1.336763e-02 -6.373370e+00 1.142583e-02 9.997673e-01 1.829938e-02 -1.460733e+00 -1.357814e-02 -1.814380e-02 9.997433e-01 6.338381e+01
9.998242e-01 1.140933e-02 -1.487761e-02 -6.562095e+00 -1.166060e-02 9.997890e-01 -1.691217e-02 -1.459103e+00 1.468155e-02 1.708271e-02 9.997462e-01 6.358101e+01
9.998495e-01 -1.177583e-02 1.274103e-02 -6.714566e+00 1.154547e-02 9.997712e-01 1.800512e-02 -1.458687e+00 -1.295018e-02 -1.785534e-02 9.997568e-01 6.378447e+01
9.998224e-01 1.156603e-02 -1.487651e-02 -6.794103e+00 -1.182044e-02 9.997834e-01 -1.712834e-02 -1.461434e+00 1.467522e-02 1.730118e-02 9.997425e-01 6.404192e+01
9.998346e-01 -1.187700e-02 1.377550e-02 -6.833792e+00 1.162096e-02 9.997609e-01 1.852053e-02 -1.468081e+00 -1.399221e-02 -1.835741e-02 9.997337e-01 6.444206e+01
9.998222e-01 1.147927e-02 -1.495810e-02 -7.016372e+00 -1.173174e-02 9.997883e-01 -1.690134e-02 -1.468580e+00 1.476096e-02 1.707385e-02 9.997452e-01 6.472842e+01
9.998304e-01 -1.168617e-02 1.423623e-02 -7.259583e+00 1.141950e-02 9.997605e-01 1.867175e-02 -1.465696e+00 -1.445105e-02 -1.850605e-02 9.997244e-01 6.494371e+01
9.998139e-01 1.174410e-02 -1.530462e-02 -7.475224e+00 -1.200864e-02 9.997781e-01 -1.730889e-02 -1.461962e+00 1.509798e-02 1.748949e-02 9.997330e-01 6.509173e+01
9.998307e-01 -1.177959e-02 1.413834e-02 -7.677332e+00 1.151759e-02 9.997630e-01 1.847186e-02 -1.458145e+00 -1.435262e-02 -1.830592e-02 9.997295e-01 6.522489e+01
9.998158e-01 1.153821e-02 -1.533888e-02 -7.934913e+00 -1.179606e-02 9.997888e-01 -1.682692e-02 -1.453800e+00 1.514152e-02 1.700479e-02 9.997407e-01 6.540583e+01
9.998370e-01 -1.094849e-02 1.435709e-02 -8.210206e+00 1.068608e-02 9.997767e-01 1.822886e-02 -1.446186e+00 -1.455350e-02 -1.807250e-02 9.997308e-01 6.547670e+01
9.998115e-01 1.165794e-02 -1.552454e-02 -8.469111e+00 -1.192073e-02 9.997854e-01 -1.694306e-02 -1.438827e+00 1.532372e-02 1.712497e-02 9.997358e-01 6.553395e+01
9.998278e-01 -1.116342e-02 1.482262e-02 -8.773344e+00 1.088722e-02 9.997680e-01 1.858581e-02 -1.430640e+00 -1.502670e-02 -1.842127e-02 9.997175e-01 6.561133e+01
9.998062e-01 1.171882e-02 -1.581832e-02 -9.022717e+00 -1.199277e-02 9.997778e-01 -1.733548e-02 -1.423883e+00 1.561169e-02 1.752186e-02 9.997245e-01 6.567174e+01
9.998132e-01 -1.179681e-02 1.531298e-02 -9.306370e+00 1.150261e-02 9.997502e-01 1.916075e-02 -1.418608e+00 -1.553523e-02 -1.898106e-02 9.996992e-01 6.583898e+01
9.998130e-01 1.142488e-02 -1.560464e-02 -9.493532e+00 -1.170057e-02 9.997750e-01 -1.769112e-02 -1.418495e+00 1.539905e-02 1.787043e-02 9.997216e-01 6.607180e+01
9.998091e-01 -1.211240e-02 1.533311e-02 -9.720279e+00 1.180872e-02 9.997353e-01 1.974360e-02 -1.417894e+00 -1.556823e-02 -1.955880e-02 9.996876e-01 6.633854e+01
9.998141e-01 1.164192e-02 -1.537256e-02 -1.006210e+01 -1.190934e-02 9.997773e-01 -1.742008e-02 -1.411066e+00 1.516637e-02 1.759995e-02 9.997300e-01 6.652541e+01
9.998101e-01 -1.192040e-02 1.541428e-02 -1.046479e+01 1.161089e-02 9.997322e-01 2.001572e-02 -1.402562e+00 -1.564878e-02 -1.983298e-02 9.996809e-01 6.670407e+01
9.998108e-01 1.194220e-02 -1.535414e-02 -1.088571e+01 -1.220936e-02 9.997736e-01 -1.742534e-02 -1.393063e+00 1.514260e-02 1.760954e-02 9.997302e-01 6.685040e+01
9.998134e-01 -1.187419e-02 1.523485e-02 -1.123483e+01 1.157672e-02 9.997435e-01 1.946795e-02 -1.385556e+00 -1.546215e-02 -1.928798e-02 9.996945e-01 6.696560e+01
9.998089e-01 1.163812e-02 -1.570825e-02 -1.149337e+01 -1.191216e-02 9.997765e-01 -1.746584e-02 -1.385763e+00 1.550151e-02 1.764965e-02 9.997240e-01 6.729808e+01
9.998325e-01 -1.132886e-02 1.437141e-02 -1.163349e+01 1.106639e-02 9.997729e-01 1.821385e-02 -1.384459e+00 -1.457452e-02 -1.805180e-02 9.997309e-01 6.732566e+01
9.997882e-01 1.148780e-02 -1.707375e-02 -1.159905e+01 -1.180671e-02 9.997555e-01 -1.869639e-02 -1.387999e+00 1.685483e-02 1.889405e-02 9.996793e-01 6.714557e+01
9.998389e-01 -1.053584e-02 1.453386e-02 -1.174146e+01 1.025301e-02 9.997592e-01 1.939967e-02 -1.383117e+00 -1.473479e-02 -1.924756e-02 9.997063e-01 6.706191e+01
9.997868e-01 1.109663e-02 -1.741179e-02 -1.177079e+01 -1.143435e-02 9.997461e-01 -1.941744e-02 -1.382098e+00 1.719194e-02 1.961243e-02 9.996597e-01 6.700659e+01
9.998190e-01 -1.088533e-02 1.560504e-02 -1.193736e+01 1.056967e-02 9.997407e-01 2.017032e-02 -1.377892e+00 -1.582059e-02 -2.000177e-02 9.996749e-01 6.708395e+01
9.997918e-01 1.151493e-02 -1.684626e-02 -1.211124e+01 -1.183913e-02 9.997442e-01 -1.927281e-02 -1.371807e+00 1.662006e-02 1.946828e-02 9.996722e-01 6.710704e+01
9.997990e-01 -1.220565e-02 1.590317e-02 -1.242131e+01 1.186787e-02 9.997056e-01 2.116369e-02 -1.367194e+00 -1.615684e-02 -2.097074e-02 9.996496e-01 6.733631e+01
9.997969e-01 1.218640e-02 -1.604853e-02 -1.271200e+01 -1.249715e-02 9.997335e-01 -1.940738e-02 -1.361995e+00 1.580779e-02 1.960403e-02 9.996828e-01 6.751616e+01
9.997965e-01 -1.238713e-02 1.591934e-02 -1.295328e+01 1.205155e-02 9.997067e-01 2.100598e-02 -1.358029e+00 -1.617491e-02 -2.080989e-02 9.996527e-01 6.769118e+01
9.997769e-01 1.265053e-02 -1.691297e-02 -1.315892e+01 -1.298610e-02 9.997180e-01 -1.988002e-02 -1.352129e+00 1.665674e-02 2.009525e-02 9.996592e-01 6.775999e+01
9.998006e-01 -1.229828e-02 1.573268e-02 -1.336356e+01 1.196648e-02 9.997076e-01 2.101311e-02 -1.346181e+00 -1.598654e-02 -2.082069e-02 9.996555e-01 6.782402e+01
9.997777e-01 1.294772e-02 -1.664219e-02 -1.360350e+01 -1.327592e-02 9.997165e-01 -1.976408e-02 -1.338580e+00 1.638160e-02 1.998067e-02 9.996661e-01 6.786000e+01
9.997966e-01 -1.210417e-02 1.613325e-02 -1.386979e+01 1.176202e-02 9.997074e-01 2.113633e-02 -1.329743e+00 -1.638440e-02 -2.094230e-02 9.996465e-01 6.785550e+01
9.997841e-01 1.253835e-02 -1.657055e-02 -1.409235e+01 -1.286989e-02 9.997160e-01 -2.005459e-02 -1.323392e+00 1.631443e-02 2.026356e-02 9.996615e-01 6.787658e+01
9.997897e-01 -1.242448e-02 1.631250e-02 -1.430957e+01 1.207650e-02 9.997010e-01 2.126014e-02 -1.318715e+00 -1.657180e-02 -2.105870e-02 9.996410e-01 6.796426e+01
9.997798e-01 1.280610e-02 -1.662138e-02 -1.453941e+01 -1.313834e-02 9.997129e-01 -2.003505e-02 -1.311381e+00 1.636007e-02 2.024905e-02 9.996610e-01 6.801171e+01
9.998017e-01 -1.249772e-02 1.550489e-02 -1.470963e+01 1.217192e-02 9.997068e-01 2.093286e-02 -1.305676e+00 -1.576200e-02 -2.074003e-02 9.996607e-01 6.805655e+01
9.997727e-01 1.219486e-02 -1.749037e-02 -1.485177e+01 -1.253766e-02 9.997288e-01 -1.962501e-02 -1.306808e+00 1.724634e-02 1.983988e-02 9.996543e-01 6.830072e+01
9.998033e-01 -1.210458e-02 1.570824e-02 -1.493992e+01 1.178724e-02 9.997277e-01 2.014038e-02 -1.304501e+00 -1.594779e-02 -1.995130e-02 9.996738e-01 6.836398e+01
9.997733e-01 1.228900e-02 -1.738806e-02 -1.504711e+01 -1.262466e-02 9.997335e-01 -1.932765e-02 -1.302608e+00 1.714594e-02 1.954283e-02 9.996619e-01 6.846442e+01
9.997891e-01 -1.246223e-02 1.632541e-02 -1.523654e+01 1.212218e-02 9.997109e-01 2.076600e-02 -1.300338e+00 -1.657952e-02 -2.056376e-02 9.996512e-01 6.864310e+01
9.997766e-01 1.225499e-02 -1.722284e-02 -1.537005e+01 -1.259353e-02 9.997269e-01 -1.968697e-02 -1.299474e+00 1.697691e-02 1.989951e-02 9.996577e-01 6.878392e+01
9.997955e-01 -1.265530e-02 1.577579e-02 -1.555354e+01 1.232379e-02 9.997048e-01 2.093771e-02 -1.296620e+00 -1.603614e-02 -2.073904e-02 9.996564e-01 6.892718e+01
9.997969e-01 1.236455e-02 -1.591477e-02 -1.589180e+01 -1.266170e-02 9.997448e-01 -1.870748e-02 -1.289103e+00 1.567943e-02 1.890522e-02 9.996982e-01 6.908532e+01
9.997993e-01 -1.244496e-02 1.569911e-02 -1.621359e+01 1.211673e-02 9.997096e-01 2.083232e-02 -1.281157e+00 -1.595384e-02 -2.063796e-02 9.996598e-01 6.920317e+01
9.997817e-01 1.256748e-02 -1.669369e-02 -1.643345e+01 -1.289178e-02 9.997275e-01 -1.946286e-02 -1.275198e+00 1.644457e-02 1.967386e-02 9.996711e-01 6.928185e+01
9.998156e-01 -1.206622e-02 1.493683e-02 -1.655150e+01 1.176542e-02 9.997294e-01 2.006516e-02 -1.270951e+00 -1.517494e-02 -1.988576e-02 9.996872e-01 6.931368e+01
9.997895e-01 1.254844e-02 -1.623123e-02 -1.673940e+01 -1.285677e-02 9.997362e-01 -1.903287e-02 -1.265144e+00 1.598814e-02 1.923758e-02 9.996870e-01 6.936196e+01
9.998028e-01 -1.242782e-02 1.548800e-02 -1.699444e+01 1.210857e-02 9.997157e-01 2.053953e-02 -1.258544e+00 -1.573890e-02 -2.034798e-02 9.996692e-01 6.945669e+01
9.998034e-01 1.243039e-02 -1.544872e-02 -1.732430e+01 -1.271783e-02 9.997452e-01 -1.864923e-02 -1.250092e+00 1.521300e-02 1.884207e-02 9.997066e-01 6.957175e+01
9.997926e-01 -1.273992e-02 1.588760e-02 -1.769880e+01 1.240613e-02 9.997039e-01 2.093420e-02 -1.241202e+00 -1.614963e-02 -2.073279e-02 9.996547e-01 6.972470e+01
9.997833e-01 1.276025e-02 -1.645027e-02 -1.795191e+01 -1.307984e-02 9.997249e-01 -1.946830e-02 -1.234538e+00 1.619735e-02 1.967928e-02 9.996750e-01 6.981845e+01
9.998052e-01 -1.272973e-02 1.508678e-02 -1.812840e+01 1.241987e-02 9.997136e-01 2.045794e-02 -1.229932e+00 -1.534292e-02 -2.026661e-02 9.996770e-01 6.989743e+01
9.997756e-01 1.282721e-02 -1.685854e-02 -1.824769e+01 -1.316114e-02 9.997164e-01 -1.984740e-02 -1.226799e+00 1.659921e-02 2.006486e-02 9.996608e-01 6.995259e+01
9.997943e-01 -1.292123e-02 1.563407e-02 -1.843901e+01 1.259302e-02 9.997020e-01 2.091291e-02 -1.222137e+00 -1.589966e-02 -2.071177e-02 9.996591e-01 7.004190e+01
9.997785e-01 1.292217e-02 -1.661046e-02 -1.865600e+01 -1.324858e-02 9.997183e-01 -1.969305e-02 -1.216519e+00 1.635133e-02 1.990880e-02 9.996680e-01 7.012879e+01
9.998068e-01 -1.295467e-02 1.478452e-02 -1.874964e+01 1.265590e-02 9.997173e-01 2.012648e-02 -1.214359e+00 -1.504111e-02 -1.993552e-02 9.996882e-01 7.018873e+01
9.997790e-01 1.313142e-02 -1.641383e-02 -1.885796e+01 -1.345169e-02 9.997183e-01 -1.955627e-02 -1.210993e+00 1.615243e-02 1.977278e-02 9.996739e-01 7.021295e+01
9.998082e-01 -1.303519e-02 1.461782e-02 -1.892204e+01 1.274461e-02 9.997227e-01 1.979935e-02 -1.209359e+00 -1.487189e-02 -1.960929e-02 9.996972e-01 7.022673e+01
9.997727e-01 1.315344e-02 -1.677831e-02 -1.899573e+01 -1.348298e-02 9.997154e-01 -1.968060e-02 -1.207299e+00 1.651470e-02 1.990238e-02 9.996654e-01 7.019965e+01
9.998071e-01 -1.304299e-02 1.468214e-02 -1.908255e+01 1.274713e-02 9.997174e-01 2.006783e-02 -1.205163e+00 -1.493976e-02 -1.987685e-02 9.996909e-01 7.021085e+01
9.997749e-01 1.388419e-02 -1.604291e-02 -1.932424e+01 -1.418640e-02 9.997211e-01 -1.887938e-02 -1.197376e+00 1.577634e-02 1.910277e-02 9.996930e-01 7.019936e+01
9.998072e-01 -1.363133e-02 1.413205e-02 -1.948185e+01 1.335306e-02 9.997187e-01 1.960178e-02 -1.193336e+00 -1.439530e-02 -1.940933e-02 9.997081e-01 7.020782e+01
9.997673e-01 1.344529e-02 -1.687007e-02 -1.944756e+01 -1.378330e-02 9.997033e-01 -2.008157e-02 -1.196064e+00 1.659510e-02 2.030947e-02 9.996559e-01 7.013456e+01
9.998000e-01 -1.371831e-02 1.454965e-02 -1.938229e+01 1.343476e-02 9.997213e-01 1.941096e-02 -1.199855e+00 -1.481191e-02 -1.921165e-02 9.997058e-01 7.008383e+01
9.997831e-01 1.287250e-02 -1.637148e-02 -1.920832e+01 -1.320075e-02 9.997108e-01 -2.010249e-02 -1.207793e+00 1.610801e-02 2.031428e-02 9.996638e-01 7.006717e+01
9.997867e-01 -1.392045e-02 1.525556e-02 -1.897097e+01 1.362340e-02 9.997189e-01 1.940560e-02 -1.217168e+00 -1.552144e-02 -1.919367e-02 9.996954e-01 7.002125e+01
9.997699e-01 1.338842e-02 -1.675803e-02 -1.881615e+01 -1.372385e-02 9.997045e-01 -2.006317e-02 -1.222784e+00 1.648449e-02 2.028858e-02 9.996582e-01 6.997072e+01
9.997854e-01 -1.395544e-02 1.531083e-02 -1.866620e+01 1.365341e-02 9.997136e-01 1.965719e-02 -1.228814e+00 -1.558080e-02 -1.944397e-02 9.996896e-01 6.996343e+01
9.997582e-01 1.366390e-02 -1.723092e-02 -1.860339e+01 -1.400791e-02 9.997018e-01 -2.000386e-02 -1.231697e+00 1.695248e-02 2.024043e-02 9.996513e-01 6.997763e+01
9.997618e-01 -1.472066e-02 1.611640e-02 -1.834246e+01 1.441036e-02 9.997117e-01 1.920401e-02 -1.241030e+00 -1.639448e-02 -1.896723e-02 9.996858e-01 6.993017e+01
9.997878e-01 1.266977e-02 -1.624097e-02 -1.789562e+01 -1.299162e-02 9.997182e-01 -1.986631e-02 -1.257370e+00 1.598473e-02 2.007313e-02 9.996706e-01 6.981783e+01
9.997920e-01 -1.393786e-02 1.489193e-02 -1.763487e+01 1.365285e-02 9.997249e-01 1.907195e-02 -1.269376e+00 -1.515368e-02 -1.886470e-02 9.997073e-01 6.977243e+01
9.997767e-01 1.313142e-02 -1.655639e-02 -1.746666e+01 -1.345696e-02 9.997152e-01 -1.970625e-02 -1.277601e+00 1.629294e-02 1.992469e-02 9.996686e-01 6.975061e+01
9.997861e-01 -1.417031e-02 1.506254e-02 -1.725496e+01 1.388075e-02 9.997201e-01 1.915808e-02 -1.287549e+00 -1.532983e-02 -1.894494e-02 9.997031e-01 6.973440e+01
9.997817e-01 1.303376e-02 -1.632987e-02 -1.702014e+01 -1.335462e-02 9.997168e-01 -1.969561e-02 -1.298323e+00 1.606856e-02 1.990943e-02 9.996726e-01 6.970538e+01
9.997700e-01 -1.441846e-02 1.587426e-02 -1.663442e+01 1.411616e-02 9.997200e-01 1.899353e-02 -1.311546e+00 -1.614370e-02 -1.876511e-02 9.996937e-01 6.959746e+01
9.997887e-01 1.287330e-02 -1.602700e-02 -1.625395e+01 -1.318467e-02 9.997234e-01 -1.947560e-02 -1.324895e+00 1.577189e-02 1.968284e-02 9.996818e-01 6.952597e+01
9.997659e-01 -1.463909e-02 1.593258e-02 -1.587446e+01 1.433464e-02 9.997156e-01 1.905875e-02 -1.338369e+00 -1.620709e-02 -1.882594e-02 9.996915e-01 6.945170e+01
9.997617e-01 1.347043e-02 -1.717817e-02 -1.561105e+01 -1.380406e-02 9.997155e-01 -1.945297e-02 -1.348474e+00 1.691127e-02 1.968550e-02 9.996631e-01 6.941136e+01
9.997706e-01 -1.445088e-02 1.581060e-02 -1.538649e+01 1.414957e-02 9.997192e-01 1.900674e-02 -1.357025e+00 -1.608085e-02 -1.877871e-02 9.996944e-01 6.937606e+01
9.997799e-01 1.280910e-02 -1.661748e-02 -1.503210e+01 -1.313493e-02 9.997207e-01 -1.964885e-02 -1.368167e+00 1.636119e-02 1.986283e-02 9.996687e-01 6.923016e+01
9.997883e-01 -1.414731e-02 1.493764e-02 -1.471896e+01 1.386549e-02 9.997270e-01 1.880500e-02 -1.380368e+00 -1.519963e-02 -1.859394e-02 9.997117e-01 6.911450e+01
9.997850e-01 1.248866e-02 -1.655509e-02 -1.435211e+01 -1.281756e-02 9.997196e-01 -1.991150e-02 -1.395591e+00 1.630181e-02 2.011946e-02 9.996646e-01 6.897859e+01
9.997934e-01 -1.412289e-02 1.461943e-02 -1.401890e+01 1.384739e-02 9.997278e-01 1.877784e-02 -1.410853e+00 -1.488067e-02 -1.857155e-02 9.997169e-01 6.886411e+01
9.997749e-01 1.303879e-02 -1.673775e-02 -1.375734e+01 -1.336771e-02 9.997167e-01 -1.969212e-02 -1.422207e+00 1.647627e-02 1.991147e-02 9.996659e-01 6.875044e+01
9.997828e-01 -1.427564e-02 1.518533e-02 -1.346539e+01 1.398719e-02 9.997229e-01 1.893514e-02 -1.434025e+00 -1.545146e-02 -1.871867e-02 9.997055e-01 6.865778e+01
9.998088e-01 1.233235e-02 -1.517716e-02 -1.304459e+01 -1.263069e-02 9.997257e-01 -1.972050e-02 -1.450827e+00 1.492983e-02 1.990846e-02 9.996902e-01 6.860386e+01
9.997527e-01 -1.482513e-02 1.657697e-02 -1.249938e+01 1.450603e-02 9.997103e-01 1.920695e-02 -1.475642e+00 -1.685694e-02 -1.896177e-02 9.996782e-01 6.861091e+01
9.997803e-01 1.296881e-02 -1.646479e-02 -1.213897e+01 -1.328929e-02 9.997214e-01 -1.950656e-02 -1.493367e+00 1.620726e-02 1.972112e-02 9.996741e-01 6.862446e+01
9.997610e-01 -1.491058e-02 1.598549e-02 -1.177086e+01 1.460975e-02 9.997170e-01 1.877387e-02 -1.510447e+00 -1.626092e-02 -1.853587e-02 9.996961e-01 6.858792e+01
9.997908e-01 1.283121e-02 -1.592761e-02 -1.130879e+01 -1.314043e-02 9.997242e-01 -1.946320e-02 -1.530343e+00 1.567351e-02 1.966846e-02 9.996836e-01 6.852189e+01
9.997809e-01 -1.445215e-02 1.514081e-02 -1.094112e+01 1.416930e-02 9.997261e-01 1.862496e-02 -1.546209e+00 -1.540587e-02 -1.840638e-02 9.997120e-01 6.846159e+01
9.998138e-01 1.247659e-02 -1.472024e-02 -1.047302e+01 -1.276086e-02 9.997308e-01 -1.937781e-02 -1.565117e+00 1.447454e-02 1.956208e-02 9.997038e-01 6.839322e+01
9.997471e-01 -1.558268e-02 1.621389e-02 -9.805520e+00 1.528391e-02 9.997140e-01 1.839101e-02 -1.592755e+00 -1.649586e-02 -1.813859e-02 9.996995e-01 6.830286e+01
9.998267e-01 1.229273e-02 -1.398142e-02 -9.117419e+00 -1.255866e-02 9.997388e-01 -1.909407e-02 -1.619873e+00 1.374308e-02 1.926639e-02 9.997198e-01 6.819893e+01
9.997350e-01 -1.565548e-02 1.687567e-02 -8.378214e+00 1.533956e-02 9.997076e-01 1.869050e-02 -1.645397e+00 -1.716338e-02 -1.842672e-02 9.996830e-01 6.800577e+01
9.998282e-01 1.238072e-02 -1.379701e-02 -7.657778e+00 -1.264271e-02 9.997383e-01 -1.906571e-02 -1.667647e+00 1.355738e-02 1.923690e-02 9.997229e-01 6.778853e+01
9.997626e-01 -1.512822e-02 1.568087e-02 -7.003349e+00 1.484126e-02 9.997232e-01 1.825831e-02 -1.690843e+00 -1.595278e-02 -1.802128e-02 9.997104e-01 6.763220e+01
9.998387e-01 1.191754e-02 -1.343569e-02 -6.261484e+00 -1.217312e-02 9.997434e-01 -1.910316e-02 -1.716670e+00 1.320461e-02 1.926367e-02 9.997271e-01 6.742114e+01
9.997801e-01 -1.478256e-02 1.487693e-02 -5.622464e+00 1.451005e-02 9.997279e-01 1.826225e-02 -1.739463e+00 -1.514288e-02 -1.804240e-02 9.997226e-01 6.725775e+01
9.998325e-01 1.243705e-02 -1.342451e-02 -5.054944e+00 -1.268885e-02 9.997421e-01 -1.883646e-02 -1.758860e+00 1.318681e-02 1.900369e-02 9.997324e-01 6.713450e+01
