9.999985e-01 -1.047775e-03 -1.348813e-03 1.285470e-01 1.046778e-03 9.999992e-01 -7.395731e-04 -4.874723e-03 1.349587e-03 7.381597e-04 9.999989e-01 -4.524858e-02
9.999998e-01 3.462428e-04 5.686875e-04 -4.033309e-02 -3.469115e-04 9.999992e-01 1.176337e-03 -3.213044e-03 -5.682800e-04 -1.176534e-03 9.999990e-01 4.340919e-02
9.999996e-01 -9.432872e-04 -9.721776e-05 -4.586312e-01 9.433954e-04 9.999989e-01 1.118624e-03 5.763557e-03 9.616259e-05 -1.118716e-03 9.999995e-01 2.404856e-01
9.999995e-01 -2.166667e-04 1.013350e-03 -9.625246e-01 2.147065e-04 9.999981e-01 1.934081e-03 1.549091e-02 -1.013767e-03 -1.933862e-03 9.999975e-01 5.179064e-01
9.999997e-01 -2.844289e-04 -7.353821e-04 -1.322790e+00 2.844694e-04 1.000000e+00 5.494302e-05 2.337477e-02 7.353664e-04 -5.515337e-05 9.999998e-01 6.878463e-01
9.999999e-01 -1.688101e-04 -3.102708e-04 -1.492975e+00 1.690711e-04 9.999996e-01 8.413445e-04 2.517812e-02 3.101286e-04 -8.413957e-04 9.999995e-01 8.294780e-01
9.999998e-01 -4.281711e-04 5.341340e-04 -1.852880e+00 4.275038e-04 9.999991e-01 1.248708e-03 3.221061e-02 -5.346681e-04 -1.248481e-03 9.999992e-01 1.031896e+00
9.999999e-01 -2.108921e-04 -3.774934e-04 -2.171665e+00 2.111735e-04 9.999997e-01 7.454276e-04 3.755640e-02 3.773360e-04 -7.455055e-04 9.999996e-01 1.256263e+00
9.999998e-01 -2.002723e-04 5.584230e-04 -2.432938e+00 1.997905e-04 9.999996e-01 8.626025e-04 4.266150e-02 -5.585954e-04 -8.624926e-04 9.999996e-01 1.424729e+00
9.999994e-01 -6.334128e-04 -9.191559e-04 -2.681136e+00 6.342687e-04 9.999994e-01 9.312241e-04 4.497349e-02 9.185654e-04 -9.318045e-04 9.999990e-01 1.665065e+00
9.999993e-01 3.532841e-04 1.172095e-03 -3.004374e+00 -3.543429e-04 9.999995e-01 9.031990e-04 5.216678e-02 -1.171775e-03 -9.036159e-04 9.999990e-01 1.824912e+00
9.999985e-01 -2.488291e-04 -1.722842e-03 -3.233170e+00 2.492791e-04 9.999999e-01 2.609797e-04 5.776093e-02 1.722777e-03 -2.614065e-04 9.999984e-01 1.926243e+00
9.999987e-01 -8.969018e-04 1.375509e-03 -3.448285e+00 8.947749e-04 9.999984e-01 1.546050e-03 5.767644e-02 -1.376894e-03 -1.544820e-03 9.999980e-01 2.200475e+00
9.999997e-01 4.885410e-05 -7.929721e-04 -3.875948e+00 -4.791480e-05 9.999993e-01 1.184483e-03 6.512389e-02 7.930294e-04 -1.184441e-03 9.999989e-01 2.468755e+00
9.999986e-01 -7.441248e-04 1.478360e-03 -4.312646e+00 7.420636e-04 9.999988e-01 1.394298e-03 7.401348e-02 -1.479395e-03 -1.393202e-03 9.999980e-01 2.698016e+00
9.999994e-01 3.848211e-04 -1.009136e-03 -4.603841e+00 -3.845875e-04 9.999999e-01 2.316444e-04 8.037875e-02 1.009226e-03 -2.312529e-04 9.999994e-01 2.848019e+00
9.999997e-01 -2.365360e-05 7.096100e-04 -4.781182e+00 2.310080e-05 9.999997e-01 7.789900e-04 8.387162e-02 -7.096282e-04 -7.789767e-04 9.999995e-01 2.968980e+00
1.000000e+00 -4.645770e-05 2.691770e-04 -5.161844e+00 4.604067e-05 9.999988e-01 1.549170e-03 9.142461e-02 -2.692486e-04 -1.549154e-03 9.999987e-01 3.174856e+00
9.999974e-01 -1.104785e-03 2.014822e-03 -5.484740e+00 1.101309e-03 9.999979e-01 1.725560e-03 8.755918e-02 -2.016724e-03 -1.723341e-03 9.999966e-01 3.758680e+00
9.999839e-01 1.339251e-04 5.665294e-03 -5.024931e+00 -1.319591e-04 9.999999e-01 -3.474020e-04 6.592779e-02 -5.665339e-03 3.466529e-04 9.999838e-01 4.124254e+00
9.999937e-01 -7.410291e-04 3.469374e-03 -4.391106e+00 7.351009e-04 9.999983e-01 1.709678e-03 4.323471e-02 -3.470637e-03 -1.707121e-03 9.999926e-01 4.436886e+00
9.999935e-01 1.191319e-03 -3.413811e-03 -4.581949e+00 -1.193684e-03 9.999990e-01 -6.906383e-04 4.838311e-02 3.412987e-03 6.947130e-04 9.999938e-01 4.513144e+00
9.999922e-01 -8.523009e-04 3.855620e-03 -4.717561e+00 8.462193e-04 9.999984e-01 1.578675e-03 5.133151e-02 -3.856962e-03 -1.575405e-03 9.999914e-01 4.621327e+00
9.999973e-01 7.867489e-04 -2.184014e-03 -4.537196e+00 -7.903612e-04 9.999983e-01 -1.653582e-03 4.540303e-02 2.182711e-03 1.655308e-03 9.999961e-01 4.671605e+00
9.999337e-01 -2.028639e-03 1.133838e-02 -4.248579e+00 1.971128e-03 9.999851e-01 5.081117e-03 2.102933e-02 -1.134853e-02 -5.058435e-03 9.999229e-01 5.474374e+00
9.999855e-01 6.140822e-04 -5.349141e-03 -4.071208e+00 -6.277469e-04 9.999965e-01 -2.553246e-03 -1.308715e-03 5.347558e-03 2.556572e-03 9.999823e-01 6.256588e+00
9.999645e-01 -1.568960e-03 8.284537e-03 -4.023353e+00 1.527849e-03 9.999865e-01 4.966403e-03 -1.639150e-02 -8.292221e-03 -4.953574e-03 9.999534e-01 6.856179e+00
9.999865e-01 3.460292e-04 -5.188221e-03 -4.032616e+00 -3.561817e-04 9.999980e-01 -1.956009e-03 -3.049410e-02 5.187538e-03 1.957836e-03 9.999845e-01 7.532193e+00
9.999745e-01 -1.288988e-03 7.022182e-03 -4.097118e+00 1.256723e-03 9.999886e-01 4.597216e-03 -4.222214e-02 -7.028033e-03 -4.588280e-03 9.999649e-01 8.141730e+00
9.999850e-01 -5.314652e-04 -5.448222e-03 -4.366858e+00 5.235820e-04 9.999988e-01 -1.448231e-03 -5.296631e-02 5.448990e-03 1.445362e-03 9.999840e-01 8.932620e+00
9.999798e-01 -1.077071e-03 6.263614e-03 -4.878439e+00 1.041689e-03 9.999835e-01 5.649426e-03 -5.343305e-02 -6.269600e-03 -5.642793e-03 9.999645e-01 9.584525e+00
9.999888e-01 -1.457977e-04 -4.726857e-03 -5.397753e+00 1.367191e-04 9.999981e-01 -1.920884e-03 -4.776095e-02 4.727133e-03 1.920223e-03 9.999869e-01 1.001755e+01
9.999824e-01 -1.530242e-03 5.729310e-03 -5.869469e+00 1.495578e-03 9.999806e-01 6.049656e-03 -4.986523e-02 -5.738461e-03 -6.040989e-03 9.999654e-01 1.068166e+01
9.999902e-01 -4.126613e-04 -4.410005e-03 -6.412887e+00 4.062365e-04 9.999989e-01 -1.457607e-03 -5.357269e-02 4.410606e-03 1.455809e-03 9.999891e-01 1.150785e+01
9.999824e-01 -3.593990e-04 5.925598e-03 -6.858672e+00 3.333885e-04 9.999903e-01 4.389943e-03 -4.662354e-02 -5.927124e-03 -4.387898e-03 9.999729e-01 1.181771e+01
9.999867e-01 1.262173e-03 -4.990942e-03 -7.344954e+00 -1.272105e-03 9.999972e-01 -1.987285e-03 -3.339547e-02 4.988425e-03 1.993616e-03 9.999855e-01 1.189916e+01
9.999755e-01 -1.000878e-03 6.921675e-03 -7.881247e+00 9.652621e-04 9.999863e-01 5.146991e-03 -2.017740e-02 -6.926738e-03 -5.140192e-03 9.999629e-01 1.206828e+01
9.999833e-01 8.396935e-04 -5.721119e-03 -8.323333e+00 -8.542964e-04 9.999964e-01 -2.550440e-03 -1.034117e-02 5.718962e-03 2.555293e-03 9.999803e-01 1.226342e+01
9.999770e-01 -1.338677e-03 6.653819e-03 -8.633115e+00 1.306026e-03 9.999871e-01 4.909067e-03 -9.265065e-03 -6.660310e-03 -4.900273e-03 9.999659e-01 1.262804e+01
9.999737e-01 8.409826e-04 -7.201315e-03 -8.820018e+00 -8.632708e-04 9.999948e-01 -3.092430e-03 -1.103905e-02 7.198683e-03 3.098575e-03 9.999692e-01 1.294913e+01
9.999638e-01 -1.613561e-03 8.359950e-03 -9.261382e+00 1.563292e-03 9.999807e-01 6.016102e-03 -3.612592e-03 -8.369502e-03 -6.002824e-03 9.999471e-01 1.323701e+01
9.999786e-01 -4.136008e-04 -6.529023e-03 -9.712417e+00 4.041319e-04 9.999989e-01 -1.451480e-03 -7.782649e-03 6.529622e-03 1.448820e-03 9.999775e-01 1.394709e+01
9.999666e-01 -1.307912e-03 8.061656e-03 -1.012268e+01 1.262746e-03 9.999835e-01 5.605111e-03 -9.750793e-03 -8.068860e-03 -5.594754e-03 9.999519e-01 1.453184e+01
9.999720e-01 1.124868e-04 -7.483169e-03 -1.052202e+01 -1.298397e-04 9.999973e-01 -2.318425e-03 -8.700703e-03 7.482895e-03 2.319342e-03 9.999692e-01 1.498126e+01
9.999606e-01 -1.405308e-03 8.762148e-03 -1.104583e+01 1.352392e-03 9.999808e-01 6.042115e-03 -3.060583e-03 -8.770477e-03 -6.030038e-03 9.999435e-01 1.542164e+01
9.999723e-01 1.013028e-03 -7.372597e-03 -1.148556e+01 -1.035971e-03 9.999946e-01 -3.108764e-03 4.568114e-03 7.369415e-03 3.116327e-03 9.999679e-01 1.569635e+01
9.999710e-01 -7.612357e-04 7.572235e-03 -1.177707e+01 7.260460e-04 9.999889e-01 4.648903e-03 1.198179e-02 -7.575697e-03 -4.643282e-03 9.999606e-01 1.580672e+01
9.999638e-01 1.316038e-03 -8.406524e-03 -1.198739e+01 -1.346735e-03 9.999924e-01 -3.646934e-03 1.700915e-02 8.401668e-03 3.658135e-03 9.999579e-01 1.590478e+01
9.999370e-01 -2.723289e-03 1.089151e-02 -1.260550e+01 2.636079e-03 9.999644e-01 8.013571e-03 2.343944e-02 -1.091295e-02 -7.984367e-03 9.999087e-01 1.641980e+01
9.999787e-01 8.957237e-04 -6.461810e-03 -1.340945e+01 -9.119194e-04 9.999964e-01 -2.503796e-03 3.281889e-02 6.459551e-03 2.509648e-03 9.999759e-01 1.703187e+01
9.999564e-01 -2.288675e-03 9.049163e-03 -1.401943e+01 2.227452e-03 9.999746e-01 6.769891e-03 3.825436e-02 -9.064435e-03 -6.749452e-03 9.999362e-01 1.756382e+01
9.999829e-01 2.794030e-04 -5.841750e-03 -1.475761e+01 -2.873927e-04 9.999990e-01 -1.366793e-03 4.244836e-02 5.841370e-03 1.368462e-03 9.999819e-01 1.828260e+01
9.999634e-01 -1.612968e-03 8.407520e-03 -1.537489e+01 1.566733e-03 9.999836e-01 5.502942e-03 5.040341e-02 -8.416267e-03 -5.489581e-03 9.999496e-01 1.874102e+01
9.999845e-01 -1.265644e-05 -5.574968e-03 -1.603399e+01 8.168532e-06 9.999997e-01 -8.049196e-04 5.632883e-02 5.574985e-03 8.048759e-04 9.999840e-01 1.930749e+01
9.999786e-01 -1.273078e-03 6.414132e-03 -1.644990e+01 1.246628e-03 9.999907e-01 4.126131e-03 5.561492e-02 -6.419334e-03 -4.118062e-03 9.999710e-01 1.984243e+01
9.999782e-01 6.876501e-04 -6.564035e-03 -1.660963e+01 -6.996249e-04 9.999981e-01 -1.822072e-03 4.951332e-02 6.562778e-03 1.826640e-03 9.999767e-01 2.032383e+01
9.999810e-01 -1.276882e-03 6.024727e-03 -1.691253e+01 1.251551e-03 9.999904e-01 4.206479e-03 5.032637e-02 -6.030049e-03 -4.198874e-03 9.999731e-01 2.068681e+01
9.999802e-01 4.705779e-04 -6.279359e-03 -1.723588e+01 -4.806421e-04 9.999986e-01 -1.601234e-03 5.006779e-02 6.278605e-03 1.604236e-03 9.999789e-01 2.110615e+01
9.999805e-01 -1.363034e-03 6.096220e-03 -1.756167e+01 1.336047e-03 9.999893e-01 4.428738e-03 4.925930e-02 -6.102200e-03 -4.420522e-03 9.999717e-01 2.155054e+01
9.999864e-01 -3.414591e-04 -5.197137e-03 -1.808173e+01 3.414087e-04 9.999999e-01 -1.044639e-05 4.767352e-02 5.197148e-03 8.687928e-06 9.999864e-01 2.225260e+01
9.999765e-01 -1.643721e-03 6.650885e-03 -1.869601e+01 1.611195e-03 9.999867e-01 4.892942e-03 4.719866e-02 -6.658848e-03 -4.882128e-03 9.999660e-01 2.301926e+01
9.999892e-01 -1.065875e-04 -4.652338e-03 -1.932294e+01 1.052276e-04 1.000000e+00 -2.923743e-04 5.009315e-02 4.652378e-03 2.918986e-04 9.999890e-01 2.366535e+01
9.999854e-01 -1.285005e-03 5.258054e-03 -1.979679e+01 1.263837e-03 9.999911e-01 4.027411e-03 4.994451e-02 -5.263192e-03 -4.020724e-03 9.999782e-01 2.424666e+01
9.999808e-01 7.983837e-04 -6.152974e-03 -2.004856e+01 -8.111520e-04 9.999975e-01 -2.072792e-03 5.010374e-02 6.151312e-03 2.077761e-03 9.999788e-01 2.457137e+01
9.999844e-01 -1.203901e-03 5.445474e-03 -2.030326e+01 1.182111e-03 9.999913e-01 4.003091e-03 5.039109e-02 -5.450254e-03 -3.996610e-03 9.999773e-01 2.489936e+01
9.999852e-01 2.872052e-04 -5.437305e-03 -2.059506e+01 -2.940287e-04 9.999992e-01 -1.254034e-03 4.492618e-02 5.436949e-03 1.255632e-03 9.999843e-01 2.551978e+01
9.999839e-01 -1.288300e-03 5.529193e-03 -2.092081e+01 1.265923e-03 9.999910e-01 4.048787e-03 4.249149e-02 -5.534368e-03 -4.041741e-03 9.999766e-01 2.604417e+01
9.999847e-01 3.770848e-04 -5.523474e-03 -2.127880e+01 -3.829953e-04 9.999994e-01 -1.068892e-03 4.071359e-02 5.523076e-03 1.071010e-03 9.999841e-01 2.657472e+01
9.999822e-01 -1.628310e-03 5.738389e-03 -2.169366e+01 1.602938e-03 9.999889e-01 4.423318e-03 3.881412e-02 -5.745537e-03 -4.414060e-03 9.999739e-01 2.717373e+01
9.999796e-01 9.010231e-04 -6.317553e-03 -2.192914e+01 -9.161455e-04 9.999967e-01 -2.391078e-03 3.630506e-02 6.315387e-03 2.396836e-03 9.999771e-01 2.759094e+01
9.999850e-01 -1.526245e-03 5.261729e-03 -2.214620e+01 1.502827e-03 9.999890e-01 4.451754e-03 3.301930e-02 -5.268474e-03 -4.443799e-03 9.999763e-01 2.799941e+01
9.999816e-01 9.099634e-04 -5.993829e-03 -2.240436e+01 -9.241259e-04 9.999968e-01 -2.360348e-03 3.145914e-02 5.991671e-03 2.365864e-03 9.999792e-01 2.840304e+01
9.999789e-01 -2.224295e-03 6.098120e-03 -2.268480e+01 2.192136e-03 9.999837e-01 5.275453e-03 2.367167e-02 -6.109764e-03 -5.261993e-03 9.999676e-01 2.910332e+01
9.999927e-01 -1.564367e-03 -3.477667e-03 -2.331923e+01 1.572218e-03 9.999962e-01 2.256132e-03 -6.876321e-03 3.474133e-03 -2.261563e-03 9.999913e-01 3.114279e+01
9.999785e-01 -1.562617e-03 6.361068e-03 -2.385535e+01 1.536236e-03 9.999902e-01 4.150162e-03 -3.137894e-02 -6.367501e-03 -4.140322e-03 9.999713e-01 3.280993e+01
9.999857e-01 9.302973e-04 -5.262488e-03 -2.387538e+01 -9.363131e-04 9.999989e-01 -1.140587e-03 -4.774081e-02 5.261431e-03 1.145519e-03 9.999854e-01 3.358021e+01
9.999732e-01 -1.564862e-03 7.157461e-03 -2.386780e+01 1.526840e-03 9.999847e-01 5.314743e-03 -6.994461e-02 -7.165678e-03 -5.303694e-03 9.999604e-01 3.458900e+01
9.999854e-01 -1.071254e-03 -5.299837e-03 -2.434942e+01 1.070092e-03 9.999994e-01 -2.219277e-04 -8.514778e-02 5.300081e-03 2.162753e-04 9.999858e-01 3.581239e+01
9.999644e-01 -1.679556e-03 8.266943e-03 -2.488450e+01 1.636079e-03 9.999848e-01 5.263209e-03 -9.533676e-02 -8.275668e-03 -5.249519e-03 9.999521e-01 3.687799e+01
9.999649e-01 7.234763e-04 -8.345967e-03 -2.516161e+01 -7.466938e-04 9.999959e-01 -2.778954e-03 -9.861885e-02 8.343932e-03 2.785111e-03 9.999612e-01 3.737844e+01
9.999744e-01 -1.042402e-03 7.072681e-03 -2.523159e+01 1.013045e-03 9.999909e-01 4.153257e-03 -1.053535e-01 -7.076956e-03 -4.146009e-03 9.999665e-01 3.776889e+01
9.999671e-01 1.027071e-03 -8.049250e-03 -2.516604e+01 -1.055089e-03 9.999934e-01 -3.477152e-03 -1.118436e-01 8.045635e-03 3.485553e-03 9.999615e-01 3.799218e+01
9.999701e-01 -1.059905e-03 7.660865e-03 -2.497175e+01 1.033479e-03 9.999935e-01 3.452728e-03 -1.203487e-01 -7.664484e-03 -3.444731e-03 9.999648e-01 3.814183e+01
9.999634e-01 1.074022e-03 -8.491044e-03 -2.499603e+01 -1.090300e-03 9.999976e-01 -1.912444e-03 -1.273693e-01 8.488979e-03 1.921655e-03 9.999620e-01 3.850090e+01
9.999704e-01 -9.310576e-04 7.634325e-03 -2.483917e+01 9.152486e-04 9.999974e-01 2.074145e-03 -1.356002e-01 -7.636247e-03 -2.067120e-03 9.999688e-01 3.870384e+01
9.999783e-01 -1.275664e-03 -6.461153e-03 -2.529519e+01 1.302839e-03 9.999903e-01 4.203756e-03 -1.666546e-01 6.455737e-03 -4.212059e-03 9.999702e-01 4.057846e+01
9.999436e-01 -2.802303e-03 1.024272e-02 -2.605040e+01 2.759105e-03 9.999873e-01 4.229201e-03 -2.023248e-01 -1.025445e-02 -4.200726e-03 9.999387e-01 4.296141e+01
9.999583e-01 1.929411e-03 -8.925617e-03 -2.615923e+01 -1.945840e-03 9.999964e-01 -1.832197e-03 -2.186860e-01 8.922061e-03 1.849514e-03 9.999584e-01 4.382802e+01
9.999560e-01 -2.014554e-03 9.164443e-03 -2.600140e+01 1.998238e-03 9.999964e-01 1.789200e-03 -2.332747e-01 -9.168025e-03 -1.770833e-03 9.999565e-01 4.418978e+01
9.999662e-01 4.483077e-04 -8.213633e-03 -2.635160e+01 -4.287991e-04 9.999971e-01 2.376923e-03 -2.539304e-01 8.214685e-03 -2.373296e-03 9.999633e-01 4.549869e+01
9.999333e-01 -3.837531e-03 1.089696e-02 -2.693585e+01 3.788684e-03 9.999827e-01 4.499796e-03 -2.855138e-01 -1.091405e-02 -4.458236e-03 9.999306e-01 4.753827e+01
9.999658e-01 7.733492e-04 -8.237171e-03 -2.753835e+01 -7.555942e-04 9.999974e-01 2.158563e-03 -3.134744e-01 8.238830e-03 -2.152239e-03 9.999636e-01 4.942850e+01
9.999550e-01 -1.553557e-03 9.363850e-03 -2.761271e+01 1.556302e-03 9.999987e-01 -2.857910e-04 -3.287831e-01 -9.363406e-03 3.003244e-04 9.999562e-01 5.017521e+01
9.999564e-01 8.227637e-04 -9.299819e-03 -2.726399e+01 -8.302547e-04 9.999993e-01 -8.014952e-04 -3.501708e-01 9.299165e-03 8.092081e-04 9.999563e-01 5.049631e+01
9.999540e-01 -1.249469e-03 9.507308e-03 -2.740278e+01 1.218027e-03 9.999938e-01 3.312327e-03 -3.662585e-01 -9.511399e-03 -3.300621e-03 9.999494e-01 5.138903e+01
9.999591e-01 2.763599e-04 -9.043798e-03 -2.762870e+01 -2.792605e-04 9.999999e-01 -3.192835e-04 -3.821731e-01 9.043720e-03 3.218232e-04 9.999590e-01 5.236172e+01
9.999541e-01 -9.916552e-04 9.529535e-03 -2.789941e+01 9.638052e-04 9.999953e-01 2.926792e-03 -3.884871e-01 -9.532403e-03 -2.917500e-03 9.999504e-01 5.296928e+01
9.999545e-01 4.050524e-04 -9.527938e-03 -2.818836e+01 -4.084839e-04 9.999999e-01 -3.580217e-04 -3.914305e-01 9.527803e-03 3.619251e-04 9.999544e-01 5.345360e+01
9.999580e-01 -5.939879e-04 9.149077e-03 -2.849431e+01 5.715411e-04 9.999968e-01 2.456024e-03 -3.893173e-01 -9.150518e-03 -2.450720e-03 9.999552e-01 5.376898e+01
9.999627e-01 -1.158684e-03 -8.556227e-03 -2.805243e+01 1.136774e-03 9.999961e-01 -2.564916e-03 -3.931342e-01 8.559177e-03 2.555121e-03 9.999600e-01 5.328082e+01
9.999311e-01 -2.703067e-03 1.141978e-02 -2.739693e+01 2.668771e-03 9.999919e-01 3.017532e-03 -3.939757e-01 -1.142785e-02 -2.986875e-03 9.999303e-01 5.238372e+01
9.999312e-01 2.061726e-04 -1.173165e-02 -2.694776e+01 -2.406163e-04 9.999957e-01 -2.934475e-03 -3.946969e-01 1.173101e-02 2.937123e-03 9.999268e-01 5.173112e+01
9.999237e-01 -2.637614e-03 1.206534e-02 -2.648670e+01 2.600925e-03 9.999920e-01 3.055668e-03 -3.956133e-01 -1.207332e-02 -3.024082e-03 9.999226e-01 5.109992e+01
9.999265e-01 -5.017169e-04 -1.211588e-02 -2.598483e+01 4.659395e-04 9.999955e-01 -2.955428e-03 -3.958878e-01 1.211732e-02 2.949593e-03 9.999221e-01 5.028315e+01
9.999401e-01 -1.828886e-03 1.079293e-02 -2.563298e+01 1.801517e-03 9.999951e-01 2.545138e-03 -4.003513e-01 -1.079754e-02 -2.525569e-03 9.999386e-01 4.979147e+01
9.999459e-01 -5.430548e-04 -1.038693e-02 -2.526496e+01 5.145744e-04 9.999961e-01 -2.744243e-03 -4.059874e-01 1.038840e-02 2.738777e-03 9.999422e-01 4.943254e+01
9.999317e-01 -1.744732e-03 1.155816e-02 -2.478357e+01 1.708655e-03 9.999936e-01 3.130542e-03 -4.086371e-01 -1.156356e-02 -3.110607e-03 9.999284e-01 4.887656e+01
9.999219e-01 -6.396665e-04 -1.247907e-02 -2.434078e+01 6.039437e-04 9.999957e-01 -2.866031e-03 -4.092457e-01 1.248086e-02 2.858298e-03 9.999179e-01 4.817055e+01
9.999233e-01 -1.894103e-03 1.223818e-02 -2.388398e+01 1.855929e-03 9.999934e-01 3.130025e-03 -4.099092e-01 -1.224404e-02 -3.107100e-03 9.999203e-01 4.745748e+01
9.999093e-01 -7.420682e-04 -1.344610e-02 -2.345437e+01 7.061043e-04 9.999962e-01 -2.679087e-03 -4.098352e-01 1.344804e-02 2.669377e-03 9.999059e-01 4.670997e+01
9.999162e-01 -1.419144e-03 1.287147e-02 -2.315514e+01 1.379918e-03 9.999944e-01 3.056013e-03 -4.145051e-01 -1.287575e-02 -3.038023e-03 9.999126e-01 4.637165e+01
9.999956e-01 -2.429259e-03 -1.708777e-03 -2.233400e+01 2.422688e-03 9.999897e-01 -3.836213e-03 -4.373684e-01 1.718092e-03 3.832084e-03 9.999911e-01 4.635221e+01
9.999428e-01 -2.482348e-03 1.039895e-02 -2.139569e+01 2.442485e-03 9.999896e-01 3.844449e-03 -4.541705e-01 -1.040840e-02 -3.818858e-03 9.999386e-01 4.586679e+01
9.999250e-01 9.071031e-04 -1.221374e-02 -2.112265e+01 -9.514136e-04 9.999930e-01 -3.622427e-03 -4.580983e-01 1.221038e-02 3.633803e-03 9.999188e-01 4.552881e+01
9.999514e-01 -2.432645e-03 9.552803e-03 -2.100788e+01 2.391352e-03 9.999878e-01 4.331838e-03 -4.602144e-01 -9.563237e-03 -4.308812e-03 9.999451e-01 4.536856e+01
9.999164e-01 1.683008e-03 -1.282106e-02 -2.093722e+01 -1.735638e-03 9.999901e-01 -4.094756e-03 -4.631563e-01 1.281406e-02 4.116694e-03 9.999093e-01 4.529653e+01
9.999490e-01 -2.497614e-03 9.781793e-03 -2.091142e+01 2.454294e-03 9.999871e-01 4.438254e-03 -4.639554e-01 -9.792765e-03 -4.414048e-03 9.999424e-01 4.520432e+01
9.999264e-01 2.547930e-03 -1.186283e-02 -2.115214e+01 -2.583906e-03 9.999921e-01 -3.018218e-03 -4.601143e-01 1.185506e-02 3.048676e-03 9.999250e-01 4.535542e+01
9.999530e-01 -2.934815e-03 9.236713e-03 -2.122064e+01 2.901460e-03 9.999892e-01 3.622631e-03 -4.615289e-01 -9.247258e-03 -3.595689e-03 9.999509e-01 4.547582e+01
9.999601e-01 1.550790e-03 -8.796507e-03 -2.098821e+01 -1.584933e-03 9.999912e-01 -3.875457e-03 -4.666298e-01 8.790432e-03 3.889272e-03 9.999537e-01 4.537571e+01
9.999411e-01 -2.944437e-03 1.044965e-02 -2.066816e+01 2.902029e-03 9.999875e-01 4.071270e-03 -4.722833e-01 -1.046151e-02 -4.040733e-03 9.999372e-01 4.524519e+01
9.999275e-01 2.799534e-03 -1.170804e-02 -2.052916e+01 -2.848741e-03 9.999872e-01 -4.188178e-03 -4.777590e-01 1.169618e-02 4.221256e-03 9.999226e-01 4.530506e+01
9.999277e-01 -3.281391e-03 1.156826e-02 -2.032685e+01 3.235343e-03 9.999868e-01 3.997098e-03 -4.836611e-01 -1.158124e-02 -3.959409e-03 9.999252e-01 4.532290e+01
9.999220e-01 2.739744e-03 -1.218901e-02 -2.011265e+01 -2.792245e-03 9.999869e-01 -4.292177e-03 -4.884514e-01 1.217710e-02 4.325905e-03 9.999164e-01 4.526248e+01
9.999360e-01 -3.165441e-03 1.085795e-02 -2.022516e+01 3.098883e-03 9.999763e-01 6.141323e-03 -4.993574e-01 -1.087715e-02 -6.107310e-03 9.999223e-01 4.589465e+01
9.999394e-01 2.212689e-03 -1.078710e-02 -2.041360e+01 -2.250597e-03 9.999913e-01 -3.503138e-03 -5.116052e-01 1.077927e-02 3.527231e-03 9.999356e-01 4.665913e+01
9.999469e-01 -2.404945e-03 1.002547e-02 -2.054934e+01 2.353140e-03 9.999838e-01 5.176124e-03 -5.152452e-01 -1.003777e-02 -5.152286e-03 9.999364e-01 4.700112e+01
9.999574e-01 8.188900e-04 -9.189096e-03 -2.100441e+01 -8.301262e-04 9.999989e-01 -1.218813e-03 -5.184770e-01 9.188101e-03 1.226418e-03 9.999569e-01 4.768414e+01
9.999399e-01 -2.551641e-03 1.066558e-02 -2.147871e+01 2.496763e-03 9.999836e-01 5.155641e-03 -5.218638e-01 -1.067858e-02 -5.128731e-03 9.999299e-01 4.840124e+01
9.999315e-01 2.252295e-03 -1.148607e-02 -2.164977e+01 -2.295304e-03 9.999904e-01 -3.732439e-03 -5.224931e-01 1.147756e-02 3.758577e-03 9.999270e-01 4.866447e+01
9.999318e-01 -2.914709e-03 1.130773e-02 -2.197693e+01 2.844003e-03 9.999763e-01 6.264063e-03 -5.211986e-01 -1.132574e-02 -6.231506e-03 9.999165e-01 4.903487e+01
9.999484e-01 8.025132e-04 -1.012471e-02 -2.248099e+01 -8.184119e-04 9.999984e-01 -1.566029e-03 -5.311802e-01 1.012345e-02 1.574265e-03 9.999474e-01 5.005247e+01
9.998673e-01 -6.130878e-03 1.509587e-02 -2.338815e+01 5.967106e-03 9.999231e-01 1.087021e-02 -5.629416e-01 -1.516137e-02 -1.077872e-02 9.998271e-01 5.242571e+01
9.999583e-01 -3.586425e-04 -9.128838e-03 -2.443521e+01 3.693027e-04 9.999992e-01 1.166361e-03 -6.129017e-01 9.128427e-03 -1.169652e-03 9.999576e-01 5.575131e+01
9.998155e-01 -8.061229e-03 1.743439e-02 -2.576557e+01 7.828915e-03 9.998802e-01 1.335258e-02 -6.685225e-01 -1.753996e-02 -1.321366e-02 9.997589e-01 5.966215e+01
9.999509e-01 6.535380e-04 -9.892711e-03 -2.679064e+01 -6.678602e-04 9.999987e-01 -1.444218e-03 -7.191053e-01 9.891771e-03 1.450788e-03 9.999499e-01 6.308295e+01
9.998587e-01 -5.869282e-03 1.575471e-02 -2.748765e+01 5.714640e-03 9.999352e-01 9.842908e-03 -7.571373e-01 -1.581148e-02 -9.751519e-03 9.998275e-01 6.557797e+01
9.999675e-01 1.492133e-03 -7.917256e-03 -2.784275e+01 -1.482515e-03 9.999982e-01 1.220939e-03 -8.120154e-01 7.919080e-03 -1.209126e-03 9.999678e-01 6.845997e+01
9.998443e-01 -2.873522e-03 1.740956e-02 -2.752015e+01 2.826976e-03 9.999924e-01 2.697804e-03 -8.453269e-01 -1.741719e-02 -2.648203e-03 9.998449e-01 6.952380e+01
9.998768e-01 1.316622e-03 -1.564378e-02 -2.795279e+01 -1.289342e-03 9.999976e-01 1.754021e-03 -8.534829e-01 1.564607e-02 -1.733598e-03 9.998760e-01 7.040627e+01
9.998313e-01 -3.253998e-03 1.807872e-02 -2.821941e+01 3.194819e-03 9.999895e-01 3.301498e-03 -8.711193e-01 -1.808929e-02 -3.243220e-03 9.998312e-01 7.146198e+01
9.998682e-01 1.687267e-03 -1.614439e-02 -2.868583e+01 -1.672263e-03 9.999982e-01 9.430754e-04 -8.746458e-01 1.614597e-02 -9.159160e-04 9.998691e-01 7.218311e+01
9.998204e-01 -2.983511e-03 1.871503e-02 -2.917187e+01 2.925102e-03 9.999908e-01 3.147717e-03 -8.746708e-01 -1.872427e-02 -3.092446e-03 9.998200e-01 7.278994e+01
9.998765e-01 -4.840152e-04 -1.570917e-02 -2.978943e+01 5.366742e-04 9.999942e-01 3.348339e-03 -8.962817e-01 1.570747e-02 -3.356318e-03 9.998709e-01 7.441607e+01
9.998236e-01 -2.355250e-03 1.863509e-02 -3.036288e+01 2.316915e-03 9.999952e-01 2.078624e-03 -9.102404e-01 -1.863992e-02 -2.035120e-03 9.998243e-01 7.568260e+01
9.998475e-01 1.409924e-03 -1.740391e-02 -3.063179e+01 -1.399525e-03 9.999988e-01 6.099114e-04 -9.161977e-01 1.740477e-02 -5.854222e-04 9.998483e-01 7.628728e+01
9.998005e-01 -3.001028e-03 1.974604e-02 -3.094472e+01 2.929823e-03 9.999891e-01 3.634195e-03 -9.296678e-01 -1.975675e-02 -3.575657e-03 9.997985e-01 7.728565e+01
9.998269e-01 1.823881e-03 -1.851494e-02 -3.121927e+01 -1.833821e-03 9.999982e-01 -5.196863e-04 -9.355149e-01 1.851398e-02 5.535890e-04 9.998284e-01 7.789800e+01
9.998007e-01 -2.629774e-03 1.978931e-02 -3.139346e+01 2.572201e-03 9.999924e-01 2.934356e-03 -9.426397e-01 -1.979690e-02 -2.882909e-03 9.998000e-01 7.844506e+01
9.998213e-01 1.818802e-03 -1.881541e-02 -3.150075e+01 -1.836005e-03 9.999979e-01 -8.968183e-04 -9.513256e-01 1.881376e-02 9.312432e-04 9.998225e-01 7.896142e+01
9.997885e-01 -3.450095e-03 2.027218e-02 -3.203889e+01 3.345492e-03 9.999809e-01 5.191766e-03 -9.513360e-01 -2.028972e-02 -5.122888e-03 9.997811e-01 7.962908e+01
9.998300e-01 9.561432e-04 -1.841453e-02 -3.256822e+01 -9.540854e-04 9.999995e-01 1.207979e-04 -9.666213e-01 1.841466e-02 -1.031675e-04 9.998303e-01 8.088151e+01
9.997562e-01 -4.028952e-03 2.170823e-02 -3.320942e+01 3.899943e-03 9.999745e-01 5.982102e-03 -9.808956e-01 -2.173180e-02 -5.896025e-03 9.997465e-01 8.222925e+01
9.997943e-01 2.526916e-03 -2.012264e-02 -3.351983e+01 -2.575539e-03 9.999938e-01 -2.390525e-03 -9.900809e-01 2.011650e-02 2.441901e-03 9.997946e-01 8.301893e+01
9.997257e-01 -5.407187e-03 2.278900e-02 -3.415839e+01 5.219582e-03 9.999521e-01 8.283905e-03 -9.994944e-01 -2.283272e-02 -8.162726e-03 9.997061e-01 8.416752e+01
9.997636e-01 4.213016e-03 -2.132920e-02 -3.468434e+01 -4.308993e-03 9.999808e-01 -4.455557e-03 -9.973770e-01 2.131004e-02 4.546454e-03 9.997625e-01 8.473896e+01
9.997453e-01 -3.617986e-03 2.227463e-02 -3.473698e+01 3.495510e-03 9.999786e-01 5.535149e-03 -9.986348e-01 -2.229420e-02 -5.455921e-03 9.997367e-01 8.492751e+01
9.997592e-01 2.860537e-03 -2.175580e-02 -3.500254e+01 -2.929271e-03 9.999908e-01 -3.127872e-03 -1.001711e+00 2.174668e-02 3.190890e-03 9.997583e-01 8.542613e+01
9.997442e-01 -3.144851e-03 2.239578e-02 -3.526566e+01 3.030944e-03 9.999823e-01 5.118398e-03 -9.994748e-01 -2.241150e-02 -5.049252e-03 9.997362e-01 8.569716e+01
9.997809e-01 3.231859e-03 -2.068151e-02 -3.545074e+01 -3.303423e-03 9.999887e-01 -3.426775e-03 -9.979499e-01 2.067023e-02 3.494387e-03 9.997801e-01 8.592688e+01
9.997561e-01 -3.752415e-03 2.176225e-02 -3.573583e+01 3.627649e-03 9.999768e-01 5.769996e-03 -9.959841e-01 -2.178342e-02 -5.689686e-03 9.997466e-01 8.623748e+01
9.997917e-01 2.765743e-03 -2.022335e-02 -3.615165e+01 -2.818276e-03 9.999927e-01 -2.569336e-03 -9.932845e-01 2.021612e-02 2.625839e-03 9.997921e-01 8.665801e+01
9.997502e-01 -4.124241e-03 2.196742e-02 -3.661849e+01 3.986543e-03 9.999722e-01 6.308621e-03 -9.918763e-01 -2.199285e-02 -6.219515e-03 9.997389e-01 8.718088e+01
9.998014e-01 1.939106e-03 -1.983484e-02 -3.704712e+01 -1.977335e-03 9.999962e-01 -1.907671e-03 -1.001350e+00 1.983109e-02 1.946557e-03 9.998014e-01 8.810299e+01
9.997284e-01 -4.697282e-03 2.282559e-02 -3.739041e+01 4.547437e-03 9.999678e-01 6.612443e-03 -1.018943e+00 -2.285594e-02 -6.506894e-03 9.997177e-01 8.928467e+01
9.997587e-01 3.064623e-03 -2.175281e-02 -3.778172e+01 -3.125320e-03 9.999913e-01 -2.756596e-03 -1.023924e+00 2.174420e-02 2.823960e-03 9.997595e-01 8.997900e+01
9.997430e-01 -4.083985e-03 2.229752e-02 -3.815786e+01 3.957014e-03 9.999757e-01 5.735788e-03 -1.022504e+00 -2.232042e-02 -5.646127e-03 9.997350e-01 9.040225e+01
9.997589e-01 3.385941e-03 -2.169381e-02 -3.838961e+01 -3.462742e-03 9.999879e-01 -3.503345e-03 -1.025006e+00 2.168171e-02 3.577666e-03 9.997584e-01 9.082220e+01
9.997335e-01 -4.342521e-03 2.267202e-02 -3.869957e+01 4.195961e-03 9.999700e-01 6.508171e-03 -1.025979e+00 -2.269962e-02 -6.411351e-03 9.997219e-01 9.126182e+01
9.997587e-01 2.947448e-03 -2.176689e-02 -3.910998e+01 -3.010287e-03 9.999914e-01 -2.854418e-03 -1.027044e+00 2.175831e-02 2.919299e-03 9.997589e-01 9.181642e+01
9.996935e-01 -5.115009e-03 2.422382e-02 -3.967168e+01 4.923406e-03 9.999562e-01 7.962979e-03 -1.031780e+00 -2.426352e-02 -7.841321e-03 9.996749e-01 9.269282e+01
9.997115e-01 4.147494e-03 -2.365788e-02 -3.984567e+01 -4.279985e-03 9.999754e-01 -5.552127e-03 -1.040330e+00 2.363429e-02 5.651827e-03 9.997046e-01 9.329808e+01
9.996876e-01 -5.534084e-03 2.437180e-02 -4.004149e+01 5.338602e-03 9.999531e-01 8.078813e-03 -1.050404e+00 -2.441539e-02 -7.946224e-03 9.996704e-01 9.397792e+01
9.997351e-01 3.413033e-03 -2.276166e-02 -4.030534e+01 -3.516686e-03 9.999836e-01 -4.515074e-03 -1.064154e+00 2.274590e-02 4.593970e-03 9.997306e-01 9.490456e+01
9.997097e-01 -5.018411e-03 2.356540e-02 -4.055669e+01 4.841352e-03 9.999597e-01 7.564820e-03 -1.072578e+00 -2.360244e-02 -7.448582e-03 9.996938e-01 9.557651e+01
9.997331e-01 3.769343e-03 -2.279381e-02 -4.079472e+01 -3.874966e-03 9.999819e-01 -4.591142e-03 -1.081750e+00 2.277612e-02 4.678289e-03 9.997296e-01 9.628928e+01
9.996761e-01 -5.335250e-03 2.488564e-02 -4.107486e+01 5.128668e-03 9.999519e-01 8.357924e-03 -1.091678e+00 -2.492906e-02 -8.227634e-03 9.996555e-01 9.711009e+01
9.997584e-01 3.753462e-03 -2.165844e-02 -4.113384e+01 -3.872179e-03 9.999777e-01 -5.441702e-03 -1.108267e+00 2.163756e-02 5.524300e-03 9.997505e-01 9.790138e+01
9.996889e-01 -6.025442e-03 2.420423e-02 -4.154069e+01 5.785569e-03 9.999336e-01 9.968446e-03 -1.115302e+00 -2.426271e-02 -9.825357e-03 9.996574e-01 9.865966e+01
9.997313e-01 4.241893e-03 -2.278985e-02 -4.207937e+01 -4.375226e-03 9.999736e-01 -5.803527e-03 -1.110918e+00 2.276466e-02 5.901727e-03 9.997233e-01 9.915724e+01
9.996809e-01 -6.461621e-03 2.442011e-02 -4.260445e+01 6.202990e-03 9.999240e-01 1.065212e-02 -1.113660e+00 -2.448711e-02 -1.049729e-02 9.996451e-01 9.990740e+01
9.997429e-01 4.373754e-03 -2.224650e-02 -4.294706e+01 -4.518635e-03 9.999689e-01 -6.466136e-03 -1.125125e+00 2.221756e-02 6.565047e-03 9.997315e-01 1.008044e+02
9.996713e-01 -6.421343e-03 2.482247e-02 -4.322314e+01 6.168047e-03 9.999283e-01 1.026768e-02 -1.138631e+00 -2.488665e-02 -1.011125e-02 9.996392e-01 1.017352e+02
9.997568e-01 3.521496e-03 -2.176930e-02 -4.364724e+01 -3.632877e-03 9.999805e-01 -5.078611e-03 -1.153232e+00 2.175102e-02 5.156511e-03 9.997500e-01 1.028733e+02
9.996893e-01 -6.112888e-03 2.416462e-02 -4.414276e+01 5.873469e-03 9.999331e-01 9.966691e-03 -1.162023e+00 -2.422395e-02 -9.821714e-03 9.996584e-01 1.038550e+02
9.997442e-01 4.841771e-03 -2.209186e-02 -4.466704e+01 -4.971401e-03 9.999707e-01 -5.816294e-03 -1.158369e+00 2.206308e-02 5.924685e-03 9.997389e-01 1.043680e+02
9.996972e-01 -6.626215e-03 2.369969e-02 -4.513673e+01 6.383913e-03 9.999267e-01 1.028524e-02 -1.160875e+00 -2.376613e-02 -1.013087e-02 9.996663e-01 1.050446e+02
9.997522e-01 4.397639e-03 -2.182282e-02 -4.548765e+01 -4.531762e-03 9.999711e-01 -6.099990e-03 -1.171969e+00 2.179539e-02 6.197425e-03 9.997432e-01 1.059488e+02
9.997142e-01 -5.761427e-03 2.320286e-02 -4.557417e+01 5.560438e-03 9.999465e-01 8.717790e-03 -1.185523e+00 -2.325187e-02 -8.586331e-03 9.996929e-01 1.066392e+02
9.997113e-01 4.181907e-03 -2.366166e-02 -4.593581e+01 -4.311024e-03 9.999761e-01 -5.408079e-03 -1.186652e+00 2.363850e-02 5.508575e-03 9.997053e-01 1.071183e+02
9.996522e-01 -6.836229e-03 2.547168e-02 -4.644975e+01 6.567567e-03 9.999221e-01 1.061653e-02 -1.190957e+00 -2.554230e-02 -1.044560e-02 9.996193e-01 1.078833e+02
9.996963e-01 4.770538e-03 -2.417917e-02 -4.686505e+01 -4.923747e-03 9.999681e-01 -6.280481e-03 -1.195032e+00 2.414847e-02 6.397678e-03 9.996878e-01 1.085371e+02
9.996341e-01 -6.691546e-03 2.620959e-02 -4.712401e+01 6.432456e-03 9.999297e-01 9.957468e-03 -1.205690e+00 -2.627441e-02 -9.785285e-03 9.996070e-01 1.092971e+02
9.997281e-01 3.771352e-03 -2.301066e-02 -4.772572e+01 -3.864271e-03 9.999845e-01 -3.994549e-03 -1.217958e+00 2.299527e-02 4.082436e-03 9.997271e-01 1.105402e+02
9.996959e-01 -5.420099e-03 2.405784e-02 -4.809707e+01 5.238687e-03 9.999574e-01 7.597586e-03 -1.222405e+00 -2.409803e-02 -7.469297e-03 9.996818e-01 1.112054e+02
9.997982e-01 5.239040e-04 -2.008142e-02 -4.897597e+01 -4.918728e-04 9.999986e-01 1.600428e-03 -1.245696e+00 2.008226e-02 -1.590174e-03 9.997970e-01 1.131408e+02
9.994650e-01 -1.108667e-02 3.077178e-02 -5.085001e+01 1.056710e-02 9.997997e-01 1.699653e-02 -1.294247e+00 -3.095408e-02 -1.666232e-02 9.993820e-01 1.172142e+02
9.998390e-01 -5.179088e-04 -1.793710e-02 -5.285984e+01 5.892825e-04 9.999919e-01 3.974635e-03 -1.356707e+00 1.793493e-02 -3.984508e-03 9.998311e-01 1.220587e+02
9.994633e-01 -1.205398e-02 3.045848e-02 -5.456217e+01 1.156495e-02 9.998022e-01 1.618137e-02 -1.435184e+00 -3.064754e-02 -1.582050e-02 9.994051e-01 1.274100e+02
9.998144e-01 7.557807e-04 -1.925072e-02 -5.609629e+01 -7.003208e-04 9.999956e-01 2.888126e-03 -1.510754e+00 1.925285e-02 -2.874050e-03 9.998104e-01 1.324865e+02
9.994311e-01 -1.270887e-02 3.124009e-02 -5.749600e+01 1.218851e-02 9.997847e-01 1.679148e-02 -1.595560e+00 -3.144680e-02 -1.640122e-02 9.993709e-01 1.378941e+02
9.997802e-01 4.215162e-03 -2.053601e-02 -5.828144e+01 -4.242955e-03 9.999901e-01 -1.309334e-03 -1.666734e+00 2.053033e-02 1.396241e-03 9.997882e-01 1.420735e+02
9.995100e-01 -6.650539e-03 3.058519e-02 -5.818826e+01 6.337859e-03 9.999268e-01 1.030926e-02 -1.714163e+00 -3.065155e-02 -1.011042e-02 9.994791e-01 1.441923e+02
9.997694e-01 4.947480e-03 -2.089645e-02 -5.789473e+01 -5.066894e-03 9.999711e-01 -5.664763e-03 -1.746651e+00 2.086786e-02 5.769399e-03 9.997655e-01 1.452966e+02
9.993276e-01 -6.174099e-03 3.614189e-02 -5.725299e+01 5.759346e-03 9.999165e-01 1.156894e-02 -1.794008e+00 -3.621033e-02 -1.135307e-02 9.992798e-01 1.467553e+02
9.998789e-01 5.738399e-03 -1.446854e-02 -5.624521e+01 -5.782041e-03 9.999788e-01 -2.975240e-03 -1.856093e+00 1.445120e-02 3.058600e-03 9.998908e-01 1.484619e+02
9.997190e-01 -7.164114e-03 2.259747e-02 -5.609373e+01 6.934704e-03 9.999238e-01 1.021477e-02 -1.896764e+00 -2.266897e-02 -1.005526e-02 9.996925e-01 1.501632e+02
9.999053e-01 4.149895e-03 -1.311934e-02 -5.621407e+01 -4.138360e-03 9.999910e-01 9.075257e-04 -1.947096e+00 1.312303e-02 -8.530834e-04 9.999134e-01 1.526286e+02
9.996416e-01 -7.541306e-03 2.568732e-02 -5.634381e+01 7.195468e-03 9.998826e-01 1.352991e-02 -2.016604e+00 -2.578638e-02 -1.334029e-02 9.995785e-01 1.557567e+02
9.998391e-01 3.151805e-03 -1.766062e-02 -5.663963e+01 -3.211342e-03 9.999892e-01 -3.342826e-03 -2.074961e+00 1.764994e-02 3.399067e-03 9.998384e-01 1.587158e+02
9.997707e-01 -5.312478e-03 2.074646e-02 -5.692566e+01 5.132363e-03 9.999488e-01 8.726163e-03 -2.109397e+00 -2.079180e-02 -8.617749e-03 9.997468e-01 1.605963e+02
9.999755e-01 4.207921e-03 -5.586830e-03 -5.597289e+01 -4.245694e-03 9.999681e-01 -6.763121e-03 -2.155507e+00 5.558238e-03 6.786742e-03 9.999614e-01 1.614574e+02
9.998877e-01 -7.129007e-03 1.318060e-02 -5.612310e+01 6.923641e-03 9.998549e-01 1.556277e-02 -2.203573e+00 -1.328968e-02 -1.546983e-02 9.997921e-01 1.637985e+02
9.999846e-01 -1.442626e-03 -5.353084e-03 -5.719165e+01 1.437070e-03 9.999984e-01 -1.037897e-03 -2.265353e+00 5.354619e-03 1.030255e-03 9.999851e-01 1.677381e+02
9.998898e-01 -7.582381e-03 1.276227e-02 -5.829794e+01 7.392830e-03 9.998626e-01 1.483616e-02 -2.324535e+00 -1.287306e-02 -1.474024e-02 9.998086e-01 1.716119e+02
9.999955e-01 2.034157e-03 2.222659e-03 -5.845383e+01 -2.037440e-03 9.999968e-01 1.466327e-03 -2.402307e+00 -2.219622e-03 -1.470781e-03 9.999964e-01 1.752804e+02
9.998383e-01 -3.753525e-03 1.758524e-02 -5.768734e+01 3.614449e-03 9.999620e-01 7.934941e-03 -2.470702e+00 -1.761440e-02 -7.870165e-03 9.998140e-01 1.774118e+02
9.997273e-01 2.539195e-03 2.321148e-02 -5.590453e+01 -2.702250e-03 9.999719e-01 6.995127e-03 -2.576999e+00 -2.319302e-02 -7.055874e-03 9.997060e-01 1.803143e+02
9.998913e-01 -2.161009e-03 1.458411e-02 -5.402311e+01 2.079876e-03 9.999823e-01 5.577680e-03 -2.684456e+00 -1.459596e-02 -5.546810e-03 9.998782e-01 1.827552e+02
9.999731e-01 -3.440370e-03 -6.483774e-03 -5.456464e+01 3.493700e-03 9.999600e-01 8.235951e-03 -2.753557e+00 6.455235e-03 -8.258313e-03 9.999450e-01 1.864799e+02
9.998696e-01 -4.427738e-03 1.553117e-02 -5.535108e+01 4.317506e-03 9.999653e-01 7.125520e-03 -2.825121e+00 -1.556224e-02 -7.057605e-03 9.998541e-01 1.905908e+02
9.999792e-01 3.754639e-04 -6.441063e-03 -5.546171e+01 -3.426161e-04 9.999869e-01 5.104345e-03 -2.888384e+00 6.442951e-03 -5.101961e-03 9.999662e-01 1.935429e+02
9.997718e-01 -1.854443e-03 2.128220e-02 -5.490355e+01 1.758548e-03 9.999882e-01 4.524957e-03 -2.948858e+00 -2.129040e-02 -4.486569e-03 9.997633e-01 1.955899e+02
9.999654e-01 -5.256504e-04 -8.294874e-03 -5.458250e+01 5.395033e-04 9.999984e-01 1.671418e-03 -2.994229e+00 8.294040e-03 -1.675765e-03 9.999641e-01 1.971293e+02
9.996987e-01 -1.409335e-03 2.450577e-02 -5.399297e+01 1.296248e-03 9.999885e-01 4.631166e-03 -3.048203e+00 -2.451207e-02 -4.598076e-03 9.996890e-01 1.987873e+02
9.999620e-01 4.968639e-05 -8.712771e-03 -5.335583e+01 -2.966002e-05 9.999973e-01 2.302135e-03 -3.103597e+00 8.712921e-03 -2.301718e-03 9.999593e-01 2.004432e+02
9.997818e-01 -1.697878e-03 2.081966e-02 -5.302949e+01 1.591654e-03 9.999856e-01 5.119028e-03 -3.153100e+00 -2.082811e-02 -5.084845e-03 9.997702e-01 2.021584e+02
9.999991e-01 6.654702e-04 -1.194180e-03 -5.214092e+01 -6.621622e-04 9.999959e-01 2.795104e-03 -3.218990e+00 1.196096e-03 -2.794240e-03 9.999953e-01 2.040163e+02
9.996849e-01 -2.840844e-03 2.494018e-02 -5.112651e+01 2.731458e-03 9.999865e-01 4.420164e-03 -3.292627e+00 -2.495246e-02 -4.350719e-03 9.996792e-01 2.058770e+02
9.999903e-01 7.838598e-04 -4.334530e-03 -5.044331e+01 -7.686592e-04 9.999935e-01 3.515274e-03 -3.360907e+00 4.337321e-03 -3.511837e-03 9.999844e-01 2.078291e+02
9.992130e-01 -1.910579e-03 3.962042e-02 -4.893313e+01 1.446203e-03 9.999300e-01 1.174682e-02 -3.470959e+00 -3.964015e-02 -1.168035e-02 9.991458e-01 2.109844e+02
9.999984e-01 5.928443e-04 -1.685152e-03 -4.740464e+01 -5.819074e-04 9.999786e-01 6.505492e-03 -3.590473e+00 1.689039e-03 -6.504430e-03 9.999774e-01 2.143821e+02
9.991587e-01 -1.756370e-03 4.097359e-02 -4.580096e+01 1.377900e-03 9.999562e-01 9.264248e-03 -3.705235e+00 -4.098813e-02 -9.200068e-03 9.991173e-01 2.176518e+02
9.998934e-01 -3.075834e-03 -1.427215e-02 -4.554110e+01 3.289598e-03 9.998823e-01 1.498137e-02 -3.827720e+00 1.422446e-02 -1.502665e-02 9.997859e-01 2.227285e+02
9.996411e-01 -3.624818e-03 2.654313e-02 -4.591291e+01 3.560881e-03 9.999907e-01 2.457218e-03 -3.909288e+00 -2.655186e-02 -2.361891e-03 9.996447e-01 2.267758e+02
9.999862e-01 1.298758e-03 -5.081605e-03 -4.527249e+01 -1.243408e-03 9.999399e-01 1.088883e-02 -3.990830e+00 5.095511e-03 -1.088229e-02 9.999277e-01 2.296438e+02
9.990698e-01 -3.454066e-03 4.298391e-02 -4.394210e+01 3.082365e-03 9.999573e-01 8.711739e-03 -4.109947e+00 -4.301223e-02 -8.571215e-03 9.990378e-01 2.334174e+02
9.999530e-01 1.756273e-03 -9.527956e-03 -4.262911e+01 -1.698951e-03 9.999804e-01 6.025949e-03 -4.211567e+00 9.538423e-03 -6.009409e-03 9.999364e-01 2.362497e+02
9.995519e-01 -3.890804e-03 2.967918e-02 -4.195685e+01 3.796248e-03 9.999876e-01 3.243198e-03 -4.279784e+00 -2.969150e-02 -3.129146e-03 9.995543e-01 2.383965e+02
9.998789e-01 1.269716e-03 -1.550670e-02 -4.166719e+01 -1.162971e-03 9.999755e-01 6.894052e-03 -4.339323e+00 1.551514e-02 -6.875114e-03 9.998559e-01 2.406806e+02
9.992723e-01 -2.648733e-03 3.805039e-02 -4.067646e+01 2.581856e-03 9.999951e-01 1.807923e-03 -4.410515e+00 -3.805507e-02 -1.708437e-03 9.992742e-01 2.426544e+02
9.999568e-01 1.336430e-03 -9.198447e-03 -3.931163e+01 -1.271369e-03 9.999741e-01 7.080933e-03 -4.494128e+00 9.207745e-03 -7.068864e-03 9.999326e-01 2.446995e+02
9.995390e-01 -5.074394e-03 2.993329e-02 -3.886572e+01 4.861553e-03 9.999624e-01 7.180727e-03 -4.577494e+00 -2.996867e-02 -7.031964e-03 9.995262e-01 2.478924e+02
9.999203e-01 3.188315e-03 -1.221614e-02 -3.818291e+01 -3.149347e-03 9.999899e-01 3.212172e-03 -4.649983e+00 1.222633e-02 -3.173375e-03 9.999202e-01 2.503723e+02
9.996794e-01 -5.855148e-03 2.463570e-02 -3.787596e+01 5.701964e-03 9.999640e-01 6.285770e-03 -4.709420e+00 -2.467169e-02 -6.143351e-03 9.996768e-01 2.526557e+02
9.998615e-01 2.449362e-03 -1.645784e-02 -3.796460e+01 -2.387635e-03 9.999900e-01 3.772587e-03 -4.764343e+00 1.646698e-02 -3.732702e-03 9.998574e-01 2.551683e+02
9.990916e-01 -3.883803e-03 4.243810e-02 -3.648642e+01 3.752862e-03 9.999880e-01 3.165996e-03 -4.842827e+00 -4.244995e-02 -3.003924e-03 9.990941e-01 2.570507e+02
9.999884e-01 -3.657374e-03 3.134767e-03 -3.367928e+01 3.655307e-03 9.999931e-01 6.462056e-04 -4.935740e+00 -3.137035e-03 -6.346737e-04 9.999948e-01 2.579359e+02
