9.999846e-01 -3.453626e-03 -4.347847e-03 -3.316678e-01 3.456834e-03 9.999938e-01 7.304902e-04 -1.237167e-02 4.345297e-03 -7.455092e-04 9.999904e-01 9.420434e-01
9.999970e-01 -1.946705e-03 1.454705e-03 -2.118701e-01 1.945616e-03 9.999978e-01 7.495425e-04 -4.136492e-02 -1.456162e-03 -7.467092e-04 9.999986e-01 2.106959e+00
9.999849e-01 -2.881291e-03 -4.674069e-03 -2.016863e-01 2.883994e-03 9.999957e-01 5.715940e-04 -6.626795e-02 4.672403e-03 -5.850662e-04 9.999890e-01 3.221726e+00
9.999983e-01 2.694857e-04 1.844552e-03 -4.920172e-01 -2.690716e-04 9.999999e-01 -2.247244e-04 -7.304059e-02 -1.844614e-03 2.242286e-04 9.999982e-01 3.885525e+00
9.999839e-01 -2.860750e-03 -4.900842e-03 -8.117016e-01 2.865200e-03 9.999955e-01 9.011000e-04 -7.898661e-02 4.898244e-03 -9.151284e-04 9.999877e-01 4.540820e+00
9.999981e-01 -1.291445e-04 1.938626e-03 -1.129054e+00 1.291447e-04 1.000000e+00 5.462135e-08 -8.600884e-02 -1.938627e-03 1.967797e-07 9.999980e-01 5.257052e+00
9.999777e-01 -3.063179e-03 -5.935139e-03 -1.484333e+00 3.068245e-03 9.999949e-01 8.445522e-04 -9.325463e-02 5.932524e-03 -8.627450e-04 9.999821e-01 5.994425e+00
9.999966e-01 -1.346731e-04 2.586588e-03 -1.636737e+00 1.345285e-04 1.000000e+00 5.611630e-05 -1.052889e-01 -2.586598e-03 -5.576692e-05 9.999966e-01 6.747490e+00
9.999894e-01 -1.977914e-03 -4.150212e-03 -1.670841e+00 1.979300e-03 9.999980e-01 3.298763e-04 -1.144787e-01 4.149554e-03 -3.380886e-04 9.999914e-01 7.202184e+00
9.999970e-01 1.828575e-04 2.455281e-03 -1.866348e+00 -1.823320e-04 1.000000e+00 -2.141981e-04 -1.183472e-01 -2.455323e-03 2.137510e-04 9.999969e-01 7.611500e+00
9.999830e-01 -3.230241e-03 -4.852045e-03 -1.934813e+00 3.235807e-03 9.999941e-01 1.139777e-03 -1.312503e-01 4.848338e-03 -1.155459e-03 9.999877e-01 8.276944e+00
9.999998e-01 -1.357131e-05 6.656030e-04 -2.230483e+00 1.385714e-05 9.999999e-01 -4.293648e-04 -1.402700e-01 -6.656007e-04 4.293754e-04 9.999996e-01 9.017729e+00
9.999983e-01 -1.388809e-03 1.179377e-03 -2.408942e+00 1.388889e-03 9.999990e-01 -6.710299e-05 -1.486368e-01 -1.179280e-03 6.873949e-05 9.999994e-01 9.401683e+00
9.999999e-01 -1.611579e-04 3.366907e-04 -2.312104e+00 1.612355e-04 1.000000e+00 -2.300795e-04 -1.594135e-01 -3.366569e-04 2.301351e-04 9.999998e-01 9.647171e+00
9.999964e-01 -8.920030e-05 2.690670e-03 -2.284884e+00 9.051927e-05 9.999999e-01 -4.901002e-04 -1.611324e-01 -2.690623e-03 4.903406e-04 9.999964e-01 9.611206e+00
9.999981e-01 -1.087622e-03 -1.612876e-03 -2.183870e+00 1.087949e-03 9.999994e-01 2.016708e-04 -1.683601e-01 1.612653e-03 -2.034239e-04 9.999986e-01 9.766936e+00
9.999995e-01 -9.428772e-04 -4.020475e-04 -2.444108e+00 9.428444e-04 9.999996e-01 -8.146655e-05 -1.718234e-01 4.021272e-04 8.108615e-05 1.000000e+00 1.021808e+01
9.999970e-01 -1.074151e-03 -2.210022e-03 -2.636838e+00 1.074873e-03 9.999994e-01 3.254081e-04 -1.772430e-01 2.209668e-03 -3.277812e-04 9.999974e-01 1.067922e+01
9.999974e-01 -1.661436e-03 1.545183e-03 -2.636919e+00 1.661525e-03 9.999986e-01 -5.668986e-05 -1.863918e-01 -1.545083e-03 5.925572e-05 9.999989e-01 1.107430e+01
9.999964e-01 -7.458187e-04 -2.576925e-03 -2.711101e+00 7.468392e-04 9.999996e-01 3.950719e-04 -1.931273e-01 2.576626e-03 -3.969937e-04 9.999965e-01 1.147592e+01
9.999982e-01 -1.559055e-03 1.123714e-03 -2.735540e+00 1.558743e-03 9.999987e-01 2.785107e-04 -2.002972e-01 -1.124143e-03 -2.767600e-04 9.999994e-01 1.186519e+01
9.999970e-01 -8.791961e-04 -2.279396e-03 -2.690424e+00 8.806220e-04 9.999994e-01 6.246007e-04 -2.094781e-01 2.278842e-03 -6.266046e-04 9.999971e-01 1.226571e+01
9.999993e-01 -9.201473e-04 6.998304e-04 -2.726089e+00 9.201588e-04 9.999996e-01 -1.621152e-05 -2.150788e-01 -6.998113e-04 1.685384e-05 9.999999e-01 1.258657e+01
9.999981e-01 -3.562406e-04 -1.922460e-03 -2.927914e+00 3.562498e-04 9.999999e-01 4.393725e-06 -2.148236e-01 1.922454e-03 -5.076969e-06 9.999981e-01 1.283130e+01
9.999977e-01 -7.077256e-04 2.009716e-03 -3.248780e+00 7.081975e-04 9.999997e-01 -2.341449e-04 -2.100882e-01 -2.009546e-03 2.355660e-04 9.999981e-01 1.300782e+01
9.999965e-01 -4.853725e-04 -2.610944e-03 -3.550139e+00 4.855186e-04 9.999999e-01 5.532041e-05 -2.065480e-01 2.610912e-03 -5.658629e-05 9.999965e-01 1.321358e+01
9.999944e-01 2.734417e-04 3.345458e-03 -3.796044e+00 -2.715694e-04 9.999998e-01 -5.601114e-04 -2.010002e-01 -3.345606e-03 5.591982e-04 9.999943e-01 1.330158e+01
9.999999e-01 -1.163972e-04 -4.988908e-04 -4.008709e+00 1.164058e-04 1.000000e+00 1.719447e-05 -1.944016e-01 4.988851e-04 -1.725106e-05 9.999998e-01 1.328445e+01
9.999857e-01 9.733239e-04 5.252212e-03 -4.133703e+00 -9.699532e-04 9.999993e-01 -6.442967e-04 -1.884658e-01 -5.252832e-03 6.391917e-04 9.999861e-01 1.309217e+01
9.999999e-01 6.788090e-06 3.681046e-04 -4.248230e+00 -6.797021e-06 1.000000e+00 2.436081e-05 -1.813167e-01 -3.681071e-04 -2.436195e-05 9.999998e-01 1.280499e+01
9.999928e-01 5.158475e-04 3.768589e-03 -4.387133e+00 -5.137992e-04 9.999997e-01 -5.444681e-04 -1.754463e-01 -3.768867e-03 5.425266e-04 9.999929e-01 1.266362e+01
9.999971e-01 -7.534971e-04 -2.301540e-03 -4.633473e+00 7.539350e-04 9.999997e-01 1.893615e-04 -1.708119e-01 2.301394e-03 -1.910949e-04 9.999972e-01 1.275218e+01
9.999926e-01 -4.934968e-05 3.850345e-03 -4.750627e+00 5.202260e-05 9.999998e-01 -6.941135e-04 -1.716130e-01 -3.850308e-03 6.943074e-04 9.999924e-01 1.287050e+01
9.999939e-01 -1.631549e-03 -3.085874e-03 -4.644379e+00 1.633166e-03 9.999985e-01 5.217510e-04 -1.810313e-01 3.085016e-03 -5.267864e-04 9.999950e-01 1.311986e+01
9.999925e-01 8.890548e-04 3.777717e-03 -4.714633e+00 -8.866942e-04 9.999994e-01 -6.265029e-04 -1.827492e-01 -3.778270e-03 6.231473e-04 9.999928e-01 1.323044e+01
9.999958e-01 -1.115385e-03 -2.668000e-03 -4.847712e+00 1.116331e-03 9.999993e-01 3.527725e-04 -1.802359e-01 2.667603e-03 -3.557482e-04 9.999963e-01 1.326836e+01
9.999943e-01 2.814680e-04 3.367893e-03 -4.848468e+00 -2.800815e-04 9.999999e-01 -4.121678e-04 -1.826292e-01 -3.368007e-03 4.112210e-04 9.999943e-01 1.333314e+01
9.999972e-01 -1.440278e-03 -1.852122e-03 -4.688866e+00 1.441346e-03 9.999988e-01 5.754401e-04 -1.887456e-01 1.851289e-03 -5.781069e-04 9.999980e-01 1.333459e+01
9.999992e-01 -1.133353e-03 -6.178920e-04 -4.792498e+00 1.133471e-03 9.999993e-01 1.897851e-04 -1.974843e-01 6.176782e-04 -1.904866e-04 9.999999e-01 1.381624e+01
9.999997e-01 -8.621946e-05 8.296266e-04 -4.923244e+00 8.648522e-05 9.999999e-01 -3.202764e-04 -2.006547e-01 -8.296006e-04 3.203493e-04 9.999995e-01 1.405592e+01
9.999992e-01 -1.142899e-03 4.625216e-04 -5.124892e+00 1.142870e-03 9.999993e-01 6.306811e-05 -2.013042e-01 -4.625918e-04 -6.254068e-05 1.000000e+00 1.426579e+01
9.999971e-01 1.108963e-03 2.126083e-03 -5.438712e+00 -1.107727e-03 9.999992e-01 -5.828343e-04 -1.938354e-01 -2.126729e-03 5.804787e-04 9.999975e-01 1.428634e+01
9.999957e-01 -5.137254e-05 2.922845e-03 -5.714059e+00 5.167490e-05 1.000000e+00 -1.033790e-04 -1.850898e-01 -2.922839e-03 1.035285e-04 9.999958e-01 1.412366e+01
9.999994e-01 5.284139e-04 9.614157e-04 -6.064847e+00 -5.277846e-04 9.999996e-01 -6.546795e-04 -1.760904e-01 -9.617617e-04 6.541727e-04 9.999992e-01 1.409406e+01
9.999980e-01 -1.375458e-03 1.432877e-03 -6.091557e+00 1.374784e-03 9.999989e-01 4.709599e-04 -1.771975e-01 -1.433523e-03 -4.689901e-04 9.999990e-01 1.411889e+01
9.999977e-01 1.474921e-03 1.537931e-03 -6.224187e+00 -1.473709e-03 9.999986e-01 -7.886214e-04 -1.723939e-01 -1.539092e-03 7.863541e-04 9.999984e-01 1.402249e+01
9.999973e-01 -2.330517e-03 -9.819682e-05 -6.226501e+00 2.330573e-03 9.999971e-01 5.819165e-04 -1.758427e-01 9.684009e-05 -5.821447e-04 9.999999e-01 1.408190e+01
9.999989e-01 7.203605e-04 -1.307225e-03 -6.216350e+00 -7.208714e-04 9.999997e-01 -3.903512e-04 -1.830261e-01 1.306944e-03 3.912941e-04 9.999990e-01 1.435492e+01
9.999967e-01 -2.393732e-03 8.923467e-04 -6.128665e+00 2.393395e-03 9.999971e-01 3.786573e-04 -1.910108e-01 -8.932506e-04 -3.765213e-04 9.999996e-01 1.457454e+01
9.999980e-01 1.881432e-03 6.945023e-04 -6.062947e+00 -1.880839e-03 9.999979e-01 -8.530773e-04 -1.922570e-01 -6.961055e-04 8.517703e-04 9.999993e-01 1.451271e+01
9.999942e-01 -3.108042e-03 -1.374583e-03 -6.051035e+00 3.109432e-03 9.999947e-01 1.010899e-03 -1.965132e-01 1.371434e-03 -1.015168e-03 9.999986e-01 1.466861e+01
9.999991e-01 1.043047e-03 -8.830993e-04 -6.081970e+00 -1.043618e-03 9.999992e-01 -6.467511e-04 -2.059720e-01 8.824240e-04 6.476731e-04 9.999993e-01 1.512221e+01
9.999933e-01 -3.250607e-03 1.657395e-03 -5.710653e+00 3.248500e-03 9.999939e-01 1.272533e-03 -2.208139e-01 -1.661522e-03 -1.267141e-03 9.999979e-01 1.536971e+01
9.999950e-01 -1.609900e-03 2.728433e-03 -4.404764e+00 1.613931e-03 9.999976e-01 -1.476003e-03 -2.571549e-01 -2.726050e-03 1.480401e-03 9.999951e-01 1.553766e+01
9.999872e-01 -3.935741e-03 3.192563e-03 -2.850296e+00 3.935195e-03 9.999922e-01 1.772890e-04 -2.954353e-01 -3.193237e-03 -1.647242e-04 9.999950e-01 1.549601e+01
9.999960e-01 -1.419028e-03 2.464959e-03 -1.381477e+00 1.423860e-03 9.999971e-01 -1.959765e-03 -3.300263e-01 -2.462170e-03 1.963268e-03 9.999949e-01 1.536555e+01
9.999891e-01 -3.773872e-03 2.734124e-03 1.043541e-01 3.771150e-03 9.999924e-01 9.999945e-04 -3.684009e-01 -2.737880e-03 -9.896735e-04 9.999959e-01 1.543192e+01
9.999953e-01 -1.735204e-03 2.515771e-03 1.444570e+00 1.737916e-03 9.999979e-01 -1.076151e-03 -4.044311e-01 -2.513895e-03 1.080519e-03 9.999962e-01 1.556384e+01
9.999929e-01 -2.797187e-03 2.541861e-03 2.460928e+00 2.795792e-03 9.999959e-01 5.522459e-04 -4.282426e-01 -2.543398e-03 -5.451359e-04 9.999967e-01 1.552181e+01
9.999859e-01 -3.189218e-03 4.255659e-03 3.866059e+00 3.199257e-03 9.999921e-01 -2.354209e-03 -4.533765e-01 -4.248113e-03 2.367791e-03 9.999881e-01 1.504928e+01
9.999905e-01 -2.846277e-03 3.312083e-03 5.383161e+00 2.846372e-03 9.999959e-01 -2.408690e-05 -4.787751e-01 -3.312005e-03 3.351401e-05 9.999946e-01 1.442788e+01
9.999917e-01 -3.028629e-03 2.733419e-03 6.737525e+00 3.034609e-03 9.999930e-01 -2.186352e-03 -5.077947e-01 -2.726773e-03 2.194628e-03 9.999938e-01 1.421909e+01
9.999973e-01 -9.439976e-04 2.125587e-03 7.821926e+00 9.414844e-04 9.999989e-01 1.183036e-03 -5.362094e-01 -2.126707e-03 -1.181031e-03 9.999971e-01 1.430091e+01
9.999849e-01 -3.361152e-03 4.356628e-03 9.141202e+00 3.378642e-03 9.999862e-01 -4.013563e-03 -5.605666e-01 -4.343072e-03 4.028221e-03 9.999824e-01 1.401739e+01
9.999984e-01 -1.127646e-03 1.373967e-03 1.037570e+01 1.124302e-03 9.999964e-01 2.432664e-03 -5.888538e-01 -1.376712e-03 -2.431115e-03 9.999962e-01 1.398345e+01
9.999897e-01 -2.741456e-03 3.622493e-03 1.147412e+01 2.753822e-03 9.999904e-01 -3.413281e-03 -6.173420e-01 -3.613093e-03 3.423221e-03 9.999875e-01 1.406970e+01
1.000000e+00 -2.424848e-04 -1.071300e-04 1.228065e+01 2.427401e-04 9.999971e-01 2.390108e-03 -6.373661e-01 1.065424e-04 -2.390133e-03 9.999972e-01 1.413410e+01
9.999947e-01 -3.259520e-03 8.450066e-05 1.261280e+01 3.259644e-03 9.999935e-01 -1.510814e-03 -6.564572e-01 -7.956779e-05 1.511080e-03 9.999988e-01 1.462803e+01
9.999998e-01 6.007095e-04 1.910390e-04 1.291281e+01 -6.011004e-04 9.999977e-01 2.052252e-03 -6.724431e-01 -1.898136e-04 -2.052366e-03 9.999980e-01 1.497827e+01
9.999950e-01 -3.094166e-03 -5.747961e-04 1.318315e+01 3.093030e-03 9.999933e-01 -1.966735e-03 -6.877539e-01 5.808854e-04 1.964947e-03 9.999978e-01 1.537299e+01
9.999990e-01 1.072080e-03 -9.294704e-04 1.315693e+01 -1.070100e-03 9.999972e-01 2.127984e-03 -6.944511e-01 9.317415e-04 -2.126987e-03 9.999974e-01 1.575214e+01
9.999965e-01 -2.530135e-03 -7.921527e-04 1.302615e+01 2.528528e-03 9.999948e-01 -2.023272e-03 -6.971596e-01 7.972752e-04 2.021261e-03 9.999975e-01 1.608109e+01
9.999996e-01 8.389013e-04 -2.702598e-04 1.268924e+01 -8.383774e-04 9.999978e-01 1.933131e-03 -6.950246e-01 2.718736e-04 -1.932903e-03 9.999982e-01 1.637510e+01
9.999969e-01 -2.498693e-03 -1.817382e-04 1.226929e+01 2.498297e-03 9.999946e-01 -2.146742e-03 -6.908219e-01 1.871086e-04 2.146280e-03 9.999976e-01 1.665637e+01
9.999983e-01 1.373277e-03 1.238982e-03 1.187322e+01 -1.375362e-03 9.999976e-01 1.683289e-03 -6.842859e-01 -1.236675e-03 -1.684989e-03 9.999979e-01 1.682182e+01
9.999958e-01 -2.324574e-03 1.742874e-03 1.118969e+01 2.329256e-03 9.999937e-01 -2.689621e-03 -6.746798e-01 -1.736603e-03 2.693668e-03 9.999948e-01 1.706663e+01
9.999990e-01 1.283860e-03 6.607576e-04 1.055033e+01 -1.285047e-03 9.999976e-01 1.798883e-03 -6.661405e-01 -6.584544e-04 -1.799729e-03 9.999983e-01 1.731904e+01
9.999809e-01 -4.763341e-04 6.159199e-03 9.804442e+00 4.973889e-04 9.999940e-01 -3.417330e-03 -6.542364e-01 -6.157526e-03 3.420327e-03 9.999751e-01 1.736246e+01
9.999978e-01 1.437902e-03 -1.525300e-03 9.559765e+00 -1.435867e-03 9.999981e-01 1.334729e-03 -6.542643e-01 1.527207e-03 -1.332535e-03 9.999980e-01 1.730758e+01
9.999835e-01 -1.551865e-03 5.533995e-03 9.360040e+00 1.566901e-03 9.999951e-01 -2.713755e-03 -6.529724e-01 -5.529747e-03 2.722380e-03 9.999809e-01 1.731649e+01
9.999943e-01 9.013998e-04 -3.247951e-03 9.112407e+00 -8.950247e-04 9.999977e-01 1.963771e-03 -6.506530e-01 3.249704e-03 -1.960851e-03 9.999929e-01 1.742844e+01
9.999916e-01 -1.935944e-03 3.618889e-03 9.080896e+00 1.946022e-03 9.999942e-01 -2.783406e-03 -6.548126e-01 -3.613469e-03 2.790423e-03 9.999895e-01 1.758900e+01
9.999940e-01 3.126353e-03 -1.498886e-03 9.087868e+00 -3.126025e-03 9.999951e-01 2.211014e-04 -6.639387e-01 1.499560e-03 -2.164125e-04 9.999990e-01 1.752083e+01
9.999925e-01 -1.607677e-03 3.536689e-03 9.227451e+00 1.619056e-03 9.999935e-01 -3.216839e-03 -6.772734e-01 -3.531484e-03 3.222539e-03 9.999885e-01 1.742536e+01
9.999945e-01 3.314958e-03 2.643724e-04 9.168792e+00 -3.315121e-03 9.999943e-01 6.156461e-04 -6.831253e-01 -2.623406e-04 -6.165166e-04 9.999999e-01 1.729412e+01
9.999866e-01 -1.002353e-03 5.078367e-03 9.091142e+00 1.017812e-03 9.999949e-01 -3.042475e-03 -6.860694e-01 -5.075280e-03 3.047600e-03 9.999824e-01 1.711700e+01
9.999931e-01 3.989679e-04 -3.702372e-03 8.959343e+00 -3.910070e-04 9.999976e-01 2.150740e-03 -6.848260e-01 3.703210e-03 -2.149275e-03 9.999909e-01 1.718496e+01
9.999927e-01 -2.695508e-03 2.717688e-03 8.585997e+00 2.701808e-03 9.999937e-01 -2.316988e-03 -6.853243e-01 -2.711414e-03 2.324311e-03 9.999935e-01 1.761397e+01
9.999963e-01 -2.938277e-04 -2.696812e-03 7.986451e+00 3.006250e-04 9.999968e-01 2.520490e-03 -6.831688e-01 2.696051e-03 -2.521289e-03 9.999933e-01 1.813148e+01
9.999939e-01 -2.238691e-03 2.689185e-03 7.419341e+00 2.246460e-03 9.999933e-01 -2.889245e-03 -6.785846e-01 -2.682688e-03 2.895265e-03 9.999921e-01 1.852427e+01
9.999987e-01 1.946745e-04 -1.623946e-03 6.820933e+00 -1.907136e-04 9.999970e-01 2.438997e-03 -6.703816e-01 1.624404e-03 -2.438681e-03 9.999958e-01 1.880784e+01
9.999955e-01 -1.498958e-03 2.609990e-03 6.384155e+00 1.506224e-03 9.999950e-01 -2.783892e-03 -6.622568e-01 -2.605793e-03 2.787808e-03 9.999926e-01 1.896877e+01
9.999984e-01 2.362979e-04 -1.778555e-03 6.001320e+00 -2.320307e-04 9.999971e-01 2.399199e-03 -6.566237e-01 1.779106e-03 -2.398780e-03 9.999956e-01 1.915874e+01
9.999933e-01 -8.234672e-04 3.561830e-03 5.694484e+00 8.338490e-04 9.999954e-01 -2.914181e-03 -6.499418e-01 -3.559402e-03 2.917129e-03 9.999893e-01 1.922575e+01
9.999997e-01 6.770762e-04 -3.139527e-04 5.467938e+00 -6.764275e-04 9.999976e-01 2.062507e-03 -6.461308e-01 3.153366e-04 -2.062291e-03 9.999979e-01 1.924525e+01
9.999972e-01 -1.045044e-03 2.110598e-03 5.479742e+00 1.052117e-03 9.999938e-01 -3.352882e-03 -6.500923e-01 -2.107069e-03 3.355090e-03 9.999921e-01 1.927426e+01
9.999998e-01 6.239791e-04 2.508012e-04 5.389349e+00 -6.245353e-04 9.999973e-01 2.223029e-03 -6.511243e-01 -2.494257e-04 -2.223182e-03 9.999976e-01 1.932227e+01
9.999953e-01 -9.752116e-04 2.893206e-03 5.111912e+00 9.836606e-04 9.999953e-01 -2.920218e-03 -6.466115e-01 -2.890332e-03 2.923047e-03 9.999915e-01 1.936559e+01
9.999994e-01 1.076366e-03 -2.071674e-04 4.890305e+00 -1.075900e-03 9.999969e-01 2.235702e-03 -6.403225e-01 2.095603e-04 -2.235474e-03 9.999976e-01 1.938319e+01
9.999977e-01 -1.328463e-03 1.679652e-03 4.586729e+00 1.333047e-03 9.999954e-01 -2.730580e-03 -6.326717e-01 -1.676004e-03 2.732809e-03 9.999948e-01 1.945883e+01
9.999983e-01 1.586915e-03 9.830990e-04 4.388400e+00 -1.588845e-03 9.999968e-01 1.964749e-03 -6.268665e-01 -9.799913e-04 -1.966304e-03 9.999977e-01 1.947039e+01
9.999958e-01 -3.650586e-04 2.868293e-03 4.311035e+00 3.746418e-04 9.999943e-01 -3.341166e-03 -6.265777e-01 -2.867043e-03 3.342222e-03 9.999902e-01 1.937187e+01
9.999953e-01 2.227117e-03 2.116636e-03 4.219482e+00 -2.231064e-03 9.999958e-01 1.864143e-03 -6.256783e-01 -2.112489e-03 -1.868853e-03 9.999961e-01 1.919432e+01
9.999980e-01 -1.130841e-03 1.650933e-03 4.061183e+00 1.135310e-03 9.999957e-01 -2.708249e-03 -6.208814e-01 -1.647849e-03 2.710113e-03 9.999949e-01 1.911768e+01
9.999996e-01 9.428609e-04 -1.054672e-04 3.731874e+00 -9.426481e-04 9.999975e-01 2.003324e-03 -6.130139e-01 1.073411e-04 -2.003220e-03 9.999981e-01 1.920539e+01
9.999983e-01 -1.840415e-03 3.106018e-04 3.324941e+00 1.841183e-03 9.999952e-01 -2.491853e-03 -6.057871e-01 -3.059996e-04 2.492417e-03 9.999967e-01 1.937870e+01
9.999958e-01 1.643371e-03 2.377640e-03 2.898368e+00 -1.647158e-03 9.999974e-01 1.591277e-03 -5.955467e-01 -2.375034e-03 -1.595182e-03 9.999960e-01 1.946013e+01
9.999984e-01 -1.795106e-03 -2.128340e-04 2.534242e+00 1.794611e-03 9.999957e-01 -2.301807e-03 -5.863341e-01 2.169803e-04 2.301417e-03 9.999972e-01 1.953407e+01
9.999967e-01 1.779982e-03 1.873179e-03 2.258774e+00 -1.783283e-03 9.999969e-01 1.761840e-03 -5.785550e-01 -1.870053e-03 -1.765170e-03 9.999968e-01 1.959043e+01
9.999958e-01 -2.207622e-03 -1.888613e-03 1.966479e+00 2.203572e-03 9.999953e-01 -2.143872e-03 -5.725448e-01 1.893352e-03 2.139697e-03 9.999958e-01 1.972255e+01
9.999961e-01 1.639699e-03 2.241362e-03 1.684918e+00 -1.643701e-03 9.999971e-01 1.784565e-03 -5.663602e-01 -2.238444e-03 -1.788238e-03 9.999960e-01 1.983130e+01
9.999985e-01 -1.531973e-03 8.271419e-04 1.421248e+00 1.534079e-03 9.999956e-01 -2.551182e-03 -5.589851e-01 -8.232143e-04 2.552442e-03 9.999963e-01 1.984627e+01
9.999979e-01 1.320154e-03 1.557906e-03 1.090926e+00 -1.323194e-03 9.999972e-01 1.951530e-03 -5.505570e-01 -1.555342e-03 -1.953582e-03 9.999970e-01 1.989954e+01
9.999971e-01 -1.952019e-03 -1.436235e-03 8.257326e-01 1.948723e-03 9.999955e-01 -2.292843e-03 -5.452581e-01 1.440721e-03 2.290033e-03 9.999962e-01 2.001723e+01
9.999977e-01 1.245697e-03 1.751555e-03 5.054742e-01 -1.248910e-03 9.999975e-01 1.834277e-03 -5.390387e-01 -1.749282e-03 -1.836456e-03 9.999969e-01 2.014743e+01
9.999989e-01 -1.440703e-03 -3.066054e-04 2.410687e-01 1.439964e-03 9.999961e-01 -2.395476e-03 -5.322000e-01 3.100715e-04 2.395027e-03 9.999970e-01 2.021006e+01
9.999997e-01 3.369106e-05 7.579816e-04 -2.222568e-01 -3.499195e-05 9.999985e-01 1.715751e-03 -5.253223e-01 -7.579388e-04 -1.715772e-03 9.999983e-01 2.042977e+01
9.999987e-01 -1.539397e-03 -3.706556e-04 -7.163545e-01 1.538511e-03 9.999960e-01 -2.381806e-03 -5.178509e-01 3.743368e-04 2.381228e-03 9.999970e-01 2.065639e+01
9.999976e-01 1.022634e-03 1.917976e-03 -1.114305e+00 -1.025894e-03 9.999980e-01 1.699390e-03 -5.091777e-01 -1.916250e-03 -1.701349e-03 9.999968e-01 2.076428e+01
9.999990e-01 -1.367762e-03 1.736022e-04 -1.620683e+00 1.368195e-03 9.999959e-01 -2.514412e-03 -4.992727e-01 -1.701458e-04 2.514642e-03 9.999967e-01 2.089306e+01
9.999998e-01 -5.252921e-04 -4.462841e-04 -2.151474e+00 5.261765e-04 9.999979e-01 1.985085e-03 -4.929338e-01 4.452240e-04 -1.985315e-03 9.999980e-01 2.119248e+01
9.999947e-01 4.236837e-04 3.227891e-03 -2.568340e+00 -4.146845e-04 9.999960e-01 -2.787983e-03 -4.842094e-01 -3.229043e-03 2.786625e-03 9.999908e-01 2.125826e+01
9.999996e-01 4.120233e-04 8.148608e-04 -2.943793e+00 -4.133910e-04 9.999985e-01 1.678433e-03 -4.755029e-01 -8.141852e-04 -1.678764e-03 9.999984e-01 2.123631e+01
9.999967e-01 3.672940e-04 2.527866e-03 -3.261881e+00 -3.606173e-04 9.999964e-01 -2.641015e-03 -4.685836e-01 -2.528810e-03 2.640090e-03 9.999932e-01 2.122219e+01
9.999989e-01 -9.565054e-04 -1.141163e-03 -3.576255e+00 9.589177e-04 9.999973e-01 2.115770e-03 -4.650325e-01 1.139118e-03 -2.116857e-03 9.999972e-01 2.136743e+01
9.999975e-01 6.075083e-04 2.170854e-03 -3.803238e+00 -6.016332e-04 9.999962e-01 -2.705728e-03 -4.629754e-01 -2.172471e-03 2.704410e-03 9.999939e-01 2.147815e+01
9.999978e-01 -1.292312e-03 -1.668220e-03 -4.034378e+00 1.296055e-03 9.999966e-01 2.244443e-03 -4.603970e-01 1.665296e-03 -2.246594e-03 9.999962e-01 2.162074e+01
9.999975e-01 5.264417e-04 2.184948e-03 -4.308836e+00 -5.205225e-04 9.999962e-01 -2.708521e-03 -4.564956e-01 -2.186348e-03 2.707371e-03 9.999938e-01 2.176917e+01
9.999999e-01 3.710603e-04 -2.508997e-04 -4.430994e+00 -3.706709e-04 9.999987e-01 1.552543e-03 -4.569633e-01 2.514574e-04 -1.552444e-03 9.999989e-01 2.174438e+01
9.999991e-01 6.231087e-04 1.220523e-03 -4.510335e+00 -6.194712e-04 9.999954e-01 -2.977962e-03 -4.623236e-01 -1.222355e-03 2.977197e-03 9.999947e-01 2.174261e+01
9.999976e-01 -3.859102e-04 -2.141224e-03 -4.504007e+00 3.896625e-04 9.999984e-01 1.752544e-03 -4.719399e-01 2.140527e-03 -1.753368e-03 9.999963e-01 2.185943e+01
9.999996e-01 -2.308928e-04 -8.891308e-04 -4.367448e+00 2.285655e-04 9.999965e-01 -2.617309e-03 -4.873574e-01 8.897498e-04 2.617098e-03 9.999961e-01 2.214139e+01
9.999994e-01 4.438905e-04 -1.016237e-03 -4.080995e+00 -4.427369e-04 9.999993e-01 1.135746e-03 -5.076503e-01 1.016723e-03 -1.135289e-03 9.999989e-01 2.224170e+01
9.999983e-01 2.321407e-04 1.804582e-03 -4.008428e+00 -2.270515e-04 9.999960e-01 -2.819551e-03 -5.167445e-01 -1.805212e-03 2.819130e-03 9.999943e-01 2.223224e+01
9.999996e-01 -2.384258e-04 -8.653675e-04 -4.179820e+00 2.401627e-04 9.999980e-01 2.008281e-03 -5.168615e-01 8.648692e-04 -2.008482e-03 9.999977e-01 2.232348e+01
9.999990e-01 -7.353410e-04 -1.182386e-03 -4.231283e+00 7.323265e-04 9.999965e-01 -2.548436e-03 -5.265256e-01 1.184274e-03 2.547561e-03 9.999960e-01 2.267652e+01
9.999994e-01 2.362579e-04 1.041700e-03 -4.322727e+00 -2.380939e-04 9.999984e-01 1.762135e-03 -5.341639e-01 -1.041299e-03 -1.762376e-03 9.999980e-01 2.289671e+01
9.999850e-01 -2.186982e-03 -5.024172e-03 -4.201975e+00 2.176250e-03 9.999953e-01 -2.140672e-03 -5.517398e-01 5.028847e-03 2.129699e-03 9.999850e-01 2.337671e+01
9.999963e-01 8.134726e-04 2.587946e-03 -4.089917e+00 -8.177718e-04 9.999983e-01 1.660360e-03 -5.666230e-01 -2.586608e-03 -1.662464e-03 9.999954e-01 2.376330e+01
9.999963e-01 -6.309544e-04 -2.654430e-03 -4.023454e+00 6.240634e-04 9.999964e-01 -2.596256e-03 -5.759826e-01 2.656075e-03 2.594583e-03 9.999930e-01 2.384258e+01
9.999981e-01 8.208334e-04 1.749520e-03 -3.777486e+00 -8.234696e-04 9.999985e-01 1.506301e-03 -5.927485e-01 -1.748298e-03 -1.507732e-03 9.999974e-01 2.392074e+01
9.999987e-01 -1.027026e-03 -1.236454e-03 -3.804857e+00 1.024052e-03 9.999966e-01 -2.404012e-03 -5.985008e-01 1.238936e-03 2.402735e-03 9.999962e-01 2.402665e+01
1.000000e+00 2.670286e-04 -8.563724e-05 -3.909548e+00 -2.668479e-04 9.999977e-01 2.109824e-03 -6.015351e-01 8.618377e-05 -2.109794e-03 9.999979e-01 2.426464e+01
9.999984e-01 -1.022769e-03 -1.434259e-03 -3.978828e+00 1.019320e-03 9.999966e-01 -2.403565e-03 -6.073899e-01 1.436728e-03 2.402092e-03 9.999960e-01 2.451280e+01
9.999984e-01 8.007625e-04 -1.575546e-03 -3.827131e+00 -7.980535e-04 9.999982e-01 1.719662e-03 -6.192974e-01 1.576904e-03 -1.718395e-03 9.999974e-01 2.468445e+01
9.999982e-01 -1.615631e-03 9.509968e-04 -3.959730e+00 1.617570e-03 9.999966e-01 -2.040518e-03 -6.200020e-01 -9.476807e-04 2.042045e-03 9.999974e-01 2.487233e+01
9.999982e-01 1.464382e-03 -1.189333e-03 -4.060923e+00 -1.462424e-03 9.999976e-01 1.645878e-03 -6.182700e-01 1.191724e-03 -1.644129e-03 9.999980e-01 2.494800e+01
9.999987e-01 -1.287316e-03 9.221272e-04 -3.899001e+00 1.289485e-03 9.999964e-01 -2.354476e-03 -6.262625e-01 -9.190768e-04 2.355655e-03 9.999967e-01 2.490239e+01
9.999977e-01 1.535225e-03 -1.498652e-03 -3.675102e+00 -1.532795e-03 9.999975e-01 1.621801e-03 -6.403271e-01 1.501122e-03 -1.619493e-03 9.999977e-01 2.496403e+01
9.999973e-01 -1.303752e-03 1.916019e-03 -3.819362e+00 1.308280e-03 9.999964e-01 -2.363882e-03 -6.469811e-01 -1.912914e-03 2.366375e-03 9.999953e-01 2.518035e+01
9.999980e-01 7.963901e-04 -1.851836e-03 -4.074959e+00 -7.929999e-04 9.999980e-01 1.831092e-03 -6.503366e-01 1.853275e-03 -1.829612e-03 9.999967e-01 2.546978e+01
9.999970e-01 -1.677948e-03 1.776017e-03 -4.339132e+00 1.681829e-03 9.999962e-01 -2.185689e-03 -6.522951e-01 -1.772327e-03 2.188662e-03 9.999959e-01 2.576732e+01
9.999988e-01 1.173148e-03 -1.040244e-03 -4.580525e+00 -1.171450e-03 9.999980e-01 1.631895e-03 -6.515371e-01 1.042140e-03 -1.630666e-03 9.999982e-01 2.594835e+01
9.999974e-01 -5.623646e-04 2.189808e-03 -4.796936e+00 5.684398e-04 9.999960e-01 -2.774395e-03 -6.511027e-01 -2.188223e-03 2.775625e-03 9.999937e-01 2.600767e+01
9.999992e-01 1.145405e-03 -4.737469e-04 -5.050339e+00 -1.144621e-03 9.999980e-01 1.651744e-03 -6.505419e-01 4.756214e-04 -1.651193e-03 9.999986e-01 2.608072e+01
9.999964e-01 -2.788103e-04 2.672544e-03 -5.432468e+00 2.866409e-04 9.999957e-01 -2.929841e-03 -6.460661e-01 -2.671699e-03 2.930589e-03 9.999920e-01 2.616895e+01
9.999968e-01 1.783915e-03 1.768505e-03 -5.902835e+00 -1.786174e-03 9.999976e-01 1.276486e-03 -6.372830e-01 -1.766241e-03 -1.279633e-03 9.999977e-01 2.614105e+01
9.999990e-01 -1.439363e-04 1.381282e-03 -6.239612e+00 1.474823e-04 9.999967e-01 -2.566895e-03 -6.341587e-01 -1.380890e-03 2.567088e-03 9.999957e-01 2.612249e+01
9.999991e-01 -7.001381e-04 -1.154892e-03 -6.563442e+00 7.023688e-04 9.999979e-01 1.932939e-03 -6.308152e-01 1.153519e-03 -1.933740e-03 9.999976e-01 2.632945e+01
9.999814e-01 2.558260e-03 5.532053e-03 -6.807594e+00 -2.538521e-03 9.999904e-01 -3.572089e-03 -6.274866e-01 -5.541121e-03 3.557971e-03 9.999782e-01 2.606001e+01
9.999843e-01 -2.119302e-03 -5.189718e-03 -6.821716e+00 2.135141e-03 9.999931e-01 3.048412e-03 -6.281422e-01 5.183203e-03 -3.059436e-03 9.999820e-01 2.603531e+01
9.999894e-01 1.632533e-03 4.307250e-03 -6.928888e+00 -1.617362e-03 9.999925e-01 -3.523277e-03 -6.289548e-01 -4.312951e-03 3.516265e-03 9.999844e-01 2.618435e+01
9.999918e-01 -9.081152e-04 -3.955489e-03 -6.966101e+00 9.183455e-04 9.999962e-01 2.585519e-03 -6.316895e-01 3.953108e-03 -2.589121e-03 9.999889e-01 2.619406e+01
9.999867e-01 2.042289e-03 4.740747e-03 -7.107828e+00 -2.023490e-03 9.999901e-01 -3.966724e-03 -6.361150e-01 -4.748783e-03 3.957070e-03 9.999808e-01 2.623742e+01
9.999999e-01 4.039713e-04 2.550165e-05 -7.413096e+00 -4.040226e-04 9.999979e-01 2.010070e-03 -6.340088e-01 -2.470800e-05 -2.010071e-03 9.999981e-01 2.598685e+01
9.999784e-01 2.619183e-03 6.024862e-03 -7.719135e+00 -2.593041e-03 9.999872e-01 -4.342585e-03 -6.298119e-01 -6.036140e-03 4.326859e-03 9.999723e-01 2.559120e+01
9.999998e-01 6.190385e-04 8.719354e-05 -7.987292e+00 -6.192069e-04 9.999979e-01 1.932978e-03 -6.274191e-01 -8.601641e-05 -1.933023e-03 9.999982e-01 2.522424e+01
9.999957e-01 1.413891e-03 2.562068e-03 -8.000460e+00 -1.404460e-03 9.999922e-01 -3.678708e-03 -6.313225e-01 -2.567230e-03 3.675085e-03 9.999899e-01 2.497171e+01
9.999984e-01 1.087779e-03 1.413866e-03 -8.051215e+00 -1.090318e-03 9.999978e-01 1.795442e-03 -6.332766e-01 -1.411931e-03 -1.796971e-03 9.999975e-01 2.465844e+01
9.999998e-01 2.792318e-04 6.211555e-04 -7.968218e+00 -2.772890e-04 9.999951e-01 -3.124066e-03 -6.380202e-01 -6.220043e-04 3.123883e-03 9.999948e-01 2.452132e+01
9.999980e-01 2.271963e-04 2.003082e-03 -8.087770e+00 -2.319313e-04 9.999972e-01 2.363431e-03 -6.341798e-01 -2.002561e-03 -2.363881e-03 9.999953e-01 2.448522e+01
9.999997e-01 -3.479686e-05 7.457507e-04 -8.393560e+00 3.716524e-05 9.999950e-01 -3.174652e-03 -6.268505e-01 -7.456155e-04 3.174669e-03 9.999946e-01 2.451241e+01
9.999991e-01 4.634157e-04 1.266871e-03 -8.628812e+00 -4.663183e-04 9.999973e-01 2.290942e-03 -6.233510e-01 -1.265827e-03 -2.291521e-03 9.999967e-01 2.453854e+01
9.999990e-01 7.114238e-04 1.230487e-03 -8.741309e+00 -7.070720e-04 9.999935e-01 -3.532612e-03 -6.225302e-01 -1.232971e-03 3.531728e-03 9.999929e-01 2.447888e+01
9.999980e-01 -5.578793e-04 1.909029e-03 -9.108756e+00 5.526939e-04 9.999962e-01 2.715098e-03 -6.144139e-01 -1.910558e-03 -2.714028e-03 9.999946e-01 2.451700e+01
1.000000e+00 -6.669627e-05 -1.483419e-04 -9.462554e+00 6.620973e-05 9.999946e-01 -3.284991e-03 -6.072866e-01 1.485822e-04 3.284971e-03 9.999945e-01 2.461356e+01
9.999952e-01 -9.791461e-05 3.099391e-03 -9.914347e+00 9.022775e-05 9.999969e-01 2.479778e-03 -5.987168e-01 -3.099647e-03 -2.479476e-03 9.999922e-01 2.470272e+01
9.999996e-01 5.043647e-04 7.162098e-04 -1.033686e+01 -5.018326e-04 9.999936e-01 -3.529511e-03 -5.902983e-01 -7.179628e-04 3.529140e-03 9.999934e-01 2.472160e+01
9.999838e-01 1.487846e-03 5.500879e-03 -1.074837e+01 -1.498259e-03 9.999971e-01 1.889157e-03 -5.821106e-01 -5.498075e-03 -1.897358e-03 9.999832e-01 2.458057e+01
9.999988e-01 -6.632568e-04 -1.389759e-03 -1.111218e+01 6.593774e-04 9.999959e-01 -2.790920e-03 -5.737311e-01 1.391628e-03 2.789990e-03 9.999950e-01 2.455358e+01
9.999975e-01 -1.711611e-04 2.210776e-03 -1.148077e+01 1.663418e-04 9.999976e-01 2.179341e-03 -5.690377e-01 -2.211168e-03 -2.178957e-03 9.999953e-01 2.475288e+01
9.999998e-01 8.918459e-05 5.550314e-04 -1.182068e+01 -8.749910e-05 9.999954e-01 -3.033695e-03 -5.627295e-01 -5.552755e-04 3.033635e-03 9.999951e-01 2.481760e+01
9.999995e-01 4.481271e-04 8.990143e-04 -1.182291e+01 -4.500060e-04 9.999977e-01 2.089255e-03 -5.631971e-01 -8.981001e-04 -2.089648e-03 9.999975e-01 2.480775e+01
9.999940e-01 -1.864613e-03 -2.912936e-03 -1.192260e+01 1.858818e-03 9.999963e-01 -1.991332e-03 -5.663155e-01 2.916662e-03 1.985894e-03 9.999937e-01 2.507912e+01
9.999999e-01 2.053605e-04 2.798603e-04 -1.206050e+01 -2.059647e-04 9.999977e-01 2.155714e-03 -5.713692e-01 -2.794406e-04 -2.155761e-03 9.999977e-01 2.546385e+01
9.999954e-01 -1.288551e-03 -2.758112e-03 -1.215318e+01 1.282294e-03 9.999966e-01 -2.269365e-03 -5.762301e-01 2.761050e-03 2.265807e-03 9.999935e-01 2.574834e+01
9.999913e-01 1.271197e-03 3.962143e-03 -1.243153e+01 -1.276457e-03 9.999983e-01 1.325110e-03 -5.747042e-01 -3.960475e-03 -1.330145e-03 9.999914e-01 2.585106e+01
9.999963e-01 -8.852501e-04 -2.576936e-03 -1.266299e+01 8.794492e-04 9.999971e-01 -2.251861e-03 -5.755239e-01 2.578946e-03 2.249576e-03 9.999940e-01 2.593912e+01
9.999978e-01 3.386232e-04 2.090853e-03 -1.277160e+01 -3.421412e-04 9.999985e-01 1.681824e-03 -5.777722e-01 -2.090304e-03 -1.682524e-03 9.999965e-01 2.609783e+01
9.999958e-01 -8.237524e-04 -2.788426e-03 -1.288230e+01 8.171441e-04 9.999969e-01 -2.370697e-03 -5.792420e-01 2.790394e-03 2.368397e-03 9.999932e-01 2.623140e+01
9.999825e-01 1.244062e-03 5.789684e-03 -1.324290e+01 -1.252314e-03 9.999982e-01 1.421588e-03 -5.720445e-01 -5.787929e-03 -1.428802e-03 9.999823e-01 2.626546e+01
9.999872e-01 -1.094850e-03 -4.938237e-03 -1.331835e+01 1.083841e-03 9.999969e-01 -2.231700e-03 -5.711565e-01 4.940690e-03 2.226308e-03 9.999852e-01 2.629047e+01
9.999824e-01 1.535246e-03 5.735279e-03 -1.333905e+01 -1.542295e-03 9.999981e-01 1.224660e-03 -5.724140e-01 -5.733412e-03 -1.233473e-03 9.999829e-01 2.629303e+01
9.999895e-01 -9.911814e-04 -4.478427e-03 -1.344540e+01 9.812416e-04 9.999971e-01 -2.221467e-03 -5.717201e-01 4.480639e-03 2.217038e-03 9.999874e-01 2.629910e+01
9.999721e-01 1.727810e-03 7.261065e-03 -1.369513e+01 -1.737255e-03 9.999977e-01 1.294498e-03 -5.660378e-01 -7.258835e-03 -1.307065e-03 9.999729e-01 2.629004e+01
9.999883e-01 -1.276599e-03 -4.672896e-03 -1.396873e+01 1.266559e-03 9.999969e-01 -2.151111e-03 -5.598946e-01 4.675652e-03 2.145155e-03 9.999867e-01 2.630312e+01
9.999769e-01 1.459971e-03 6.640326e-03 -1.420652e+01 -1.469111e-03 9.999980e-01 1.371532e-03 -5.551322e-01 -6.638335e-03 -1.381244e-03 9.999771e-01 2.633852e+01
9.999847e-01 -1.181055e-03 -5.401554e-03 -1.433521e+01 1.169583e-03 9.999971e-01 -2.126822e-03 -5.534060e-01 5.404075e-03 2.120460e-03 9.999831e-01 2.636583e+01
9.999804e-01 9.612308e-04 6.189858e-03 -1.455533e+01 -9.709680e-04 9.999983e-01 1.570032e-03 -5.490841e-01 -6.188363e-03 -1.576000e-03 9.999797e-01 2.644579e+01
9.999853e-01 -9.586903e-04 -5.340358e-03 -1.474025e+01 9.475527e-04 9.999974e-01 -2.087979e-03 -5.456374e-01 5.342371e-03 2.082876e-03 9.999835e-01 2.651326e+01
9.999680e-01 2.336642e-03 7.657452e-03 -1.483993e+01 -2.344303e-03 9.999968e-01 9.915297e-04 -5.446449e-01 -7.655136e-03 -1.009437e-03 9.999703e-01 2.640471e+01
9.999747e-01 -1.925075e-03 -6.842752e-03 -1.495827e+01 1.913001e-03 9.999966e-01 -1.770782e-03 -5.432992e-01 6.846163e-03 1.757635e-03 9.999749e-01 2.642813e+01
9.999808e-01 1.886478e-03 5.900534e-03 -1.498426e+01 -1.894364e-03 9.999973e-01 1.330994e-03 -5.447672e-01 -5.898033e-03 -1.342134e-03 9.999818e-01 2.650770e+01
9.999800e-01 -1.194794e-03 -6.218114e-03 -1.487667e+01 1.181545e-03 9.999970e-01 -2.134089e-03 -5.496334e-01 6.220671e-03 2.126687e-03 9.999783e-01 2.648791e+01
9.999481e-01 2.955866e-03 9.751225e-03 -1.477974e+01 -2.963813e-03 9.999953e-01 8.004439e-04 -5.509973e-01 -9.748839e-03 -8.292909e-04 9.999522e-01 2.612408e+01
9.999955e-01 5.115741e-04 -2.955047e-03 -1.484173e+01 -5.215788e-04 9.999941e-01 -3.386412e-03 -5.456368e-01 2.953324e-03 3.387925e-03 9.999898e-01 2.544554e+01
9.999529e-01 2.426030e-03 9.400941e-03 -1.511599e+01 -2.438641e-03 9.999961e-01 1.330141e-03 -5.370420e-01 -9.397704e-03 -1.352991e-03 9.999550e-01 2.505808e+01
9.999996e-01 5.633740e-04 -6.234737e-04 -1.578541e+01 -5.655810e-04 9.999935e-01 -3.548109e-03 -5.206614e-01 6.214986e-04 3.548447e-03 9.999934e-01 2.480265e+01
9.998395e-01 6.905043e-03 1.653035e-02 -1.622991e+01 -6.879568e-03 9.999751e-01 -1.597568e-03 -5.074399e-01 -1.654100e-02 1.483603e-03 9.998622e-01 2.355216e+01
9.999891e-01 -9.711766e-04 -4.560923e-03 -1.646473e+01 9.589436e-04 9.999959e-01 -2.684033e-03 -5.010865e-01 4.563542e-03 2.679616e-03 9.999859e-01 2.254486e+01
9.998990e-01 5.877632e-03 1.294093e-02 -1.651075e+01 -5.868040e-03 9.999825e-01 -7.792708e-04 -5.011666e-01 -1.294532e-02 7.032679e-04 9.999161e-01 2.171773e+01
9.999683e-01 -1.117778e-03 -7.886693e-03 -1.634043e+01 1.092771e-03 9.999944e-01 -3.174706e-03 -5.038809e-01 7.890229e-03 3.165973e-03 9.999638e-01 2.074683e+01
9.998820e-01 5.894900e-03 1.418481e-02 -1.622714e+01 -5.883935e-03 9.999824e-01 -8.147871e-04 -5.056727e-01 -1.418940e-02 7.312428e-04 9.998992e-01 1.986584e+01
9.999121e-01 -4.047830e-03 -1.262315e-02 -1.600691e+01 4.036234e-03 9.999914e-01 -9.441463e-04 -5.150399e-01 1.262690e-02 8.930988e-04 9.999198e-01 1.963505e+01
9.998760e-01 6.203815e-03 1.447286e-02 -1.572449e+01 -6.191433e-03 9.999804e-01 -9.003498e-04 -5.244220e-01 -1.447819e-02 8.106450e-04 9.998950e-01 1.924965e+01
9.999164e-01 -3.736583e-03 -1.238074e-02 -1.545505e+01 3.719440e-03 9.999921e-01 -1.407576e-03 -5.343171e-01 1.238593e-02 1.361394e-03 9.999223e-01 1.882783e+01
9.999317e-01 5.132536e-03 1.049821e-02 -1.497415e+01 -5.128362e-03 9.999868e-01 -4.247126e-04 -5.522007e-01 -1.050029e-02 3.708598e-04 9.999449e-01 1.856157e+01
9.999118e-01 -3.878262e-03 -1.270241e-02 -1.434736e+01 3.849762e-03 9.999900e-01 -2.267550e-03 -5.731243e-01 1.271111e-02 2.218433e-03 9.999167e-01 1.816025e+01
9.999227e-01 5.431372e-03 1.118915e-02 -1.386951e+01 -5.432601e-03 9.999852e-01 7.921415e-05 -5.914171e-01 -1.118859e-02 -1.399789e-04 9.999375e-01 1.782766e+01
9.999136e-01 -3.885911e-03 -1.256124e-02 -1.345610e+01 3.861024e-03 9.999905e-01 -2.005087e-03 -6.075701e-01 1.256895e-02 1.956399e-03 9.999190e-01 1.756239e+01
9.999364e-01 5.347045e-03 9.929651e-03 -1.293336e+01 -5.347888e-03 9.999857e-01 5.811667e-05 -6.286147e-01 -9.929230e-03 -1.112000e-04 9.999508e-01 1.734784e+01
9.999098e-01 -4.056345e-03 -1.280234e-02 -1.235984e+01 4.027266e-03 9.999893e-01 -2.296607e-03 -6.518110e-01 1.281155e-02 2.244826e-03 9.999153e-01 1.715669e+01
9.999279e-01 5.562308e-03 1.064476e-02 -1.173545e+01 -5.563184e-03 9.999845e-01 5.245571e-05 -6.740724e-01 -1.064434e-02 -1.116547e-04 9.999434e-01 1.681835e+01
9.999306e-01 -3.595471e-03 -1.122190e-02 -1.123998e+01 3.564049e-03 9.999897e-01 -2.819024e-03 -6.875601e-01 1.123196e-02 2.778817e-03 9.999330e-01 1.629575e+01
9.999091e-01 6.661207e-03 1.172444e-02 -1.083593e+01 -6.658284e-03 9.999778e-01 -2.885749e-04 -6.995228e-01 -1.172614e-02 2.105005e-04 9.999313e-01 1.565216e+01
9.999152e-01 -5.034317e-03 -1.201160e-02 -1.053771e+01 5.016439e-03 9.999863e-01 -1.518272e-03 -7.101364e-01 1.201911e-02 1.457871e-03 9.999266e-01 1.536653e+01
9.999135e-01 6.395930e-03 1.149439e-02 -1.021119e+01 -6.396829e-03 9.999795e-01 4.117044e-05 -7.204233e-01 -1.149392e-02 -1.146778e-04 9.999340e-01 1.511122e+01
9.999223e-01 -4.741482e-03 -1.152430e-02 -9.872320e+00 4.718304e-03 9.999868e-01 -2.037847e-03 -7.296139e-01 1.153384e-02 1.983296e-03 9.999314e-01 1.477168e+01
9.998935e-01 7.453292e-03 1.254755e-02 -9.473830e+00 -7.441349e-03 9.999718e-01 -9.984948e-04 -7.390198e-01 -1.255467e-02 9.050349e-04 9.999209e-01 1.416250e+01
9.998872e-01 -6.017547e-03 -1.375904e-02 -8.958023e+00 5.999438e-03 9.999811e-01 -1.357282e-03 -7.582939e-01 1.376698e-02 1.274565e-03 9.999043e-01 1.390498e+01
9.998920e-01 7.298080e-03 1.275813e-02 -8.508610e+00 -7.286189e-03 9.999730e-01 -9.784694e-04 -7.774539e-01 -1.276496e-02 8.854231e-04 9.999182e-01 1.374739e+01
9.998768e-01 -6.597084e-03 -1.424151e-02 -8.135881e+00 6.583657e-03 9.999778e-01 -9.896743e-04 -7.935477e-01 1.424775e-02 8.957734e-04 9.998980e-01 1.369515e+01
9.998764e-01 7.437778e-03 1.385228e-02 -7.869881e+00 -7.428499e-03 9.999721e-01 -7.214081e-04 -8.047246e-01 -1.385729e-02 6.184351e-04 9.999039e-01 1.362456e+01
9.998946e-01 -6.266028e-03 -1.309921e-02 -7.550925e+00 6.254475e-03 9.999800e-01 -9.230232e-04 -8.173373e-01 1.310477e-02 8.409791e-04 9.999137e-01 1.340434e+01
9.998958e-01 7.107217e-03 1.256440e-02 -7.145818e+00 -7.098600e-03 9.999745e-01 -7.305631e-04 -8.346838e-01 -1.256931e-02 6.413154e-04 9.999209e-01 1.327552e+01
9.998939e-01 -6.218831e-03 -1.317215e-02 -6.799465e+00 6.205832e-03 9.999802e-01 -1.027784e-03 -8.515768e-01 1.317831e-02 9.459128e-04 9.999126e-01 1.319517e+01
9.998893e-01 7.325626e-03 1.295213e-02 -6.443158e+00 -7.316737e-03 9.999730e-01 -7.337805e-04 -8.684884e-01 -1.295718e-02 6.389503e-04 9.999159e-01 1.309943e+01
9.999011e-01 -6.125393e-03 -1.266297e-02 -5.933060e+00 6.107337e-03 9.999803e-01 -1.464315e-03 -8.881786e-01 1.267173e-02 1.386815e-03 9.999187e-01 1.279734e+01
9.999124e-01 6.795741e-03 1.135709e-02 -5.528561e+00 -6.790599e-03 9.999768e-01 -4.915222e-04 -9.066827e-01 -1.136020e-02 4.143764e-04 9.999355e-01 1.276292e+01
9.998769e-01 -6.153857e-03 -1.443133e-02 -4.854924e+00 6.128095e-03 9.999795e-01 -1.828953e-03 -9.350084e-01 1.444232e-02 1.740272e-03 9.998941e-01 1.265989e+01
9.999165e-01 6.490495e-03 1.117222e-02 -4.003891e+00 -6.485715e-03 9.999789e-01 -4.642444e-04 -9.675675e-01 -1.117503e-02 3.917650e-04 9.999376e-01 1.243320e+01
9.998787e-01 -6.507714e-03 -1.415068e-02 -3.098297e+00 6.478182e-03 9.999767e-01 -2.132034e-03 -9.995803e-01 1.416425e-02 2.040085e-03 9.998975e-01 1.211222e+01
9.999266e-01 6.329673e-03 1.033299e-02 -1.957377e+00 -6.320660e-03 9.999796e-01 -9.050095e-04 -1.039341e+00 -1.033854e-02 8.396514e-04 9.999463e-01 1.174703e+01
9.998884e-01 -6.210940e-03 -1.358927e-02 -7.377564e-01 6.168059e-03 9.999759e-01 -3.195381e-03 -1.077231e+00 1.360881e-02 3.111184e-03 9.999025e-01 1.115926e+01
9.999344e-01 6.555523e-03 9.391122e-03 3.748245e-01 -6.552672e-03 9.999785e-01 -3.346469e-04 -1.116941e+00 -9.393143e-03 2.731084e-04 9.999559e-01 1.076414e+01
9.998968e-01 -6.115285e-03 -1.299739e-02 1.358030e+00 6.078629e-03 9.999774e-01 -2.858174e-03 -1.150518e+00 1.301460e-02 2.778852e-03 9.999113e-01 1.033479e+01
9.999332e-01 5.361138e-03 1.023564e-02 2.539927e+00 -5.358198e-03 9.999856e-01 -3.149806e-04 -1.188032e+00 -1.023721e-02 2.601360e-04 9.999477e-01 9.904853e+00
9.999079e-01 -6.115461e-03 -1.211200e-02 3.480754e+00 6.088484e-03 9.999789e-01 -2.263178e-03 -1.217479e+00 1.212561e-02 2.189205e-03 9.999240e-01 9.604612e+00
