9.999986e-01 -9.536668e-04 -1.375862e-03 -1.210214e-01 9.536832e-04 9.999995e-01 1.128006e-05 -8.327182e-04 1.375851e-03 -1.259266e-05 9.999992e-01 1.909578e-01
9.999993e-01 2.848316e-04 1.131286e-03 -3.305559e-01 -2.845686e-04 9.999999e-01 -2.326477e-04 2.395810e-03 -1.131352e-03 2.323261e-04 9.999992e-01 3.222817e-01
9.999977e-01 -1.465136e-03 -1.556551e-03 -6.695456e-01 1.464862e-03 9.999989e-01 -1.772028e-04 7.052628e-03 1.556809e-03 1.749218e-04 9.999989e-01 5.166130e-01
9.999985e-01 7.033426e-04 1.578142e-03 -9.686842e-01 -7.030861e-04 9.999997e-01 -1.630855e-04 1.221754e-02 -1.578256e-03 1.619760e-04 9.999986e-01 6.609808e-01
9.999956e-01 -1.765807e-03 -2.370476e-03 -1.234192e+00 1.766200e-03 9.999984e-01 1.633447e-04 1.527521e-02 2.370184e-03 -1.675311e-04 9.999973e-01 8.455144e-01
9.999992e-01 5.424638e-04 1.141328e-03 -1.455272e+00 -5.425079e-04 9.999999e-01 3.835259e-05 1.625962e-02 -1.141308e-03 -3.897134e-05 9.999992e-01 1.076917e+00
9.999972e-01 -1.678500e-03 -1.638445e-03 -1.754731e+00 1.678360e-03 9.999986e-01 -8.686151e-05 2.017135e-02 1.638589e-03 8.411098e-05 9.999988e-01 1.260522e+00
9.999944e-01 1.094922e-03 3.174912e-03 -2.112529e+00 -1.093415e-03 9.999993e-01 -4.765147e-04 2.803746e-02 -3.175432e-03 4.730409e-04 9.999947e-01 1.357860e+00
9.999973e-01 -1.493703e-03 -1.789561e-03 -2.424573e+00 1.493621e-03 9.999989e-01 -4.747547e-05 3.510869e-02 1.789630e-03 4.480212e-05 9.999985e-01 1.441469e+00
9.999956e-01 9.184314e-04 2.835162e-03 -2.748525e+00 -9.171330e-04 9.999995e-01 -4.591906e-04 4.185195e-02 -2.835582e-03 4.565886e-04 9.999958e-01 1.547941e+00
9.999995e-01 -9.700686e-04 -3.193406e-04 -3.122646e+00 9.699574e-04 9.999995e-01 -3.481786e-04 5.104330e-02 3.196779e-04 3.478685e-04 1.000000e+00 1.607625e+00
9.999969e-01 8.877914e-04 2.333146e-03 -3.468413e+00 -8.868611e-04 9.999995e-01 -3.997417e-04 5.940772e-02 -2.333499e-03 3.976714e-04 9.999971e-01 1.671542e+00
9.999966e-01 -1.557209e-03 -2.079580e-03 -3.743563e+00 1.557180e-03 9.999988e-01 -1.569863e-05 6.448701e-02 2.079602e-03 1.246026e-05 9.999979e-01 1.789848e+00
9.999943e-01 1.205980e-03 3.150338e-03 -4.007478e+00 -1.204314e-03 9.999991e-01 -5.306871e-04 6.998764e-02 -3.150975e-03 5.268901e-04 9.999948e-01 1.880234e+00
9.999979e-01 -1.331537e-03 -1.589410e-03 -4.173150e+00 1.331622e-03 9.999991e-01 5.236267e-05 7.322346e-02 1.589338e-03 -5.447900e-05 9.999988e-01 1.926376e+00
9.999856e-01 2.044419e-03 4.956605e-03 -4.204079e+00 -2.039615e-03 9.999974e-01 -9.741321e-04 7.514641e-02 -4.958583e-03 9.640084e-04 9.999871e-01 1.830175e+00
9.999903e-01 -2.222891e-03 -3.792484e-03 -4.451945e+00 2.225115e-03 9.999974e-01 5.824622e-04 8.052515e-02 3.791178e-03 -5.908951e-04 9.999927e-01 1.904012e+00
9.999848e-01 1.898721e-03 5.172460e-03 -4.793205e+00 -1.892634e-03 9.999975e-01 -1.181495e-03 8.668484e-02 -5.174689e-03 1.171687e-03 9.999858e-01 2.015485e+00
9.999975e-01 -1.347573e-03 -1.759116e-03 -5.047919e+00 1.348334e-03 9.999990e-01 4.315934e-04 9.211702e-02 1.758531e-03 -4.339639e-04 9.999985e-01 2.004897e+00
9.999662e-01 2.774043e-03 7.738020e-03 -5.426864e+00 -2.761323e-03 9.999948e-01 -1.654136e-03 1.011830e-01 -7.742567e-03 1.632713e-03 9.999686e-01 1.897864e+00
9.999978e-01 -1.211437e-03 -1.705555e-03 -5.771312e+00 1.212097e-03 9.999992e-01 3.860750e-04 1.099919e-01 1.705083e-03 -3.881409e-04 9.999986e-01 1.783647e+00
9.999886e-01 1.460823e-03 4.547455e-03 -6.051607e+00 -1.456179e-03 9.999984e-01 -1.024578e-03 1.169246e-01 -4.548941e-03 1.017944e-03 9.999890e-01 1.802288e+00
9.999823e-01 -3.035157e-03 -5.123128e-03 -6.397240e+00 3.040281e-03 9.999949e-01 9.927409e-04 1.190941e-01 5.120085e-03 -1.008298e-03 9.999865e-01 2.102651e+00
9.999937e-01 1.171914e-03 3.351354e-03 -6.623431e+00 -1.170188e-03 9.999992e-01 -5.168690e-04 1.168770e-01 -3.351954e-03 5.129434e-04 9.999942e-01 2.499044e+00
9.999691e-01 -4.553414e-03 -6.411317e-03 -6.754709e+00 4.563895e-03 9.999883e-01 1.621022e-03 1.042090e-01 6.403858e-03 -1.650232e-03 9.999782e-01 3.229817e+00
9.999967e-01 1.478548e-03 2.120609e-03 -7.082388e+00 -1.477009e-03 9.999986e-01 -7.267680e-04 9.622136e-02 -2.121678e-03 7.236330e-04 9.999974e-01 3.978130e+00
9.999706e-01 -5.994154e-03 -4.789553e-03 -7.067570e+00 6.003390e-03 9.999801e-01 1.916484e-03 7.612846e-02 4.777969e-03 -1.945181e-03 9.999868e-01 4.861170e+00
9.999901e-01 6.804991e-04 4.402507e-03 -6.560849e+00 -6.767273e-04 9.999994e-01 -8.581541e-04 4.503122e-02 -4.403086e-03 8.551661e-04 9.999898e-01 5.609716e+00
9.999659e-01 -5.920651e-03 -5.749846e-03 -6.252398e+00 5.933498e-03 9.999799e-01 2.219954e-03 1.877616e-02 5.736585e-03 -2.253995e-03 9.999811e-01 6.395878e+00
9.999911e-01 1.525404e-03 3.932793e-03 -6.222812e+00 -1.521880e-03 9.999984e-01 -8.988993e-04 7.180648e-05 -3.934156e-03 8.929062e-04 9.999918e-01 7.130790e+00
9.999647e-01 -4.369149e-03 -7.181312e-03 -6.558863e+00 4.382197e-03 9.999888e-01 1.802135e-03 -5.047552e-03 7.173356e-03 -1.833542e-03 9.999727e-01 7.765903e+00
9.999995e-01 -7.924265e-04 6.391456e-04 -6.909950e+00 7.927074e-04 9.999996e-01 -4.392360e-04 -2.342952e-02 -6.387967e-04 4.397428e-04 9.999996e-01 9.005437e+00
9.999753e-01 -4.118353e-03 -5.696406e-03 -7.093326e+00 4.127982e-03 9.999901e-01 1.679688e-03 -4.299253e-02 5.689432e-03 -1.703162e-03 9.999825e-01 1.012689e+01
9.999988e-01 -9.407370e-04 1.224849e-03 -7.194710e+00 9.418318e-04 9.999992e-01 -8.935599e-04 -6.576273e-02 -1.224008e-03 8.947130e-04 9.999988e-01 1.128895e+01
9.999915e-01 -2.799066e-03 -3.029218e-03 -7.647700e+00 2.803888e-03 9.999948e-01 1.588872e-03 -7.334049e-02 3.024756e-03 -1.597353e-03 9.999942e-01 1.209115e+01
9.999943e-01 -1.960509e-03 2.755699e-03 -7.487567e+00 1.961172e-03 9.999980e-01 -2.376101e-04 -9.947084e-02 -2.755229e-03 2.430139e-04 9.999961e-01 1.290080e+01
9.999914e-01 -1.724851e-03 -3.775950e-03 -7.809712e+00 1.729147e-03 9.999979e-01 1.134739e-03 -1.131511e-01 3.773986e-03 -1.141260e-03 9.999923e-01 1.373475e+01
9.999972e-01 -2.350484e-03 3.067495e-04 -8.330297e+00 2.350472e-03 9.999972e-01 3.860336e-05 -1.232294e-01 -3.068404e-04 -3.788130e-05 9.999999e-01 1.474068e+01
9.999969e-01 -5.930638e-04 -2.430570e-03 -8.664315e+00 5.948061e-04 9.999996e-01 7.161980e-04 -1.317573e-01 2.430145e-03 -7.176425e-04 9.999969e-01 1.546833e+01
9.999959e-01 -2.987996e-04 2.846018e-03 -8.984000e+00 3.022024e-04 9.999992e-01 -1.195269e-03 -1.285593e-01 -2.845660e-03 1.196125e-03 9.999951e-01 1.566776e+01
9.999854e-01 -2.257407e-03 -4.904988e-03 -8.977076e+00 2.266398e-03 9.999958e-01 1.828363e-03 -1.403216e-01 4.900842e-03 -1.839454e-03 9.999864e-01 1.616580e+01
9.999962e-01 -8.042121e-04 2.655763e-03 -9.363903e+00 8.075285e-04 9.999989e-01 -1.247912e-03 -1.475957e-01 -2.654758e-03 1.250053e-03 9.999956e-01 1.689481e+01
9.999742e-01 -2.549469e-03 -6.709973e-03 -9.404399e+00 2.560080e-03 9.999955e-01 1.573224e-03 -1.661511e-01 6.705934e-03 -1.590363e-03 9.999764e-01 1.778713e+01
9.999888e-01 -4.150844e-03 2.283460e-03 -9.227823e+00 4.153896e-03 9.999905e-01 -1.333148e-03 -2.077490e-01 -2.277907e-03 1.342620e-03 9.999964e-01 1.948231e+01
9.999769e-01 -1.539938e-03 -6.622788e-03 -9.132176e+00 1.550436e-03 9.999975e-01 1.580265e-03 -2.460918e-01 6.620341e-03 -1.590497e-03 9.999769e-01 2.113396e+01
9.999950e-01 -1.573378e-03 2.739467e-03 -9.425420e+00 1.575936e-03 9.999983e-01 -9.318037e-04 -2.561956e-01 -2.737999e-03 9.361175e-04 9.999957e-01 2.193045e+01
9.999981e-01 1.644631e-03 1.088225e-03 -9.390590e+00 -1.644510e-03 9.999986e-01 -1.125664e-04 -2.598398e-01 -1.088405e-03 1.107755e-04 9.999995e-01 2.190924e+01
9.999897e-01 -3.883451e-03 -2.331038e-03 -9.317202e+00 3.884094e-03 9.999924e-01 2.716589e-04 -2.695394e-01 2.329962e-03 -2.807089e-04 9.999971e-01 2.227712e+01
9.999955e-01 4.779553e-05 -2.993801e-03 -9.700642e+00 -4.506755e-05 9.999996e-01 9.112803e-04 -2.805995e-01 2.993847e-03 -9.111426e-04 9.999952e-01 2.322672e+01
9.999895e-01 -4.131338e-03 -1.985444e-03 -1.021908e+01 4.131364e-03 9.999915e-01 8.628344e-06 -2.888281e-01 1.985387e-03 -1.682943e-05 9.999979e-01 2.417659e+01
9.999968e-01 1.104268e-03 -2.264530e-03 -1.053547e+01 -1.102678e-03 9.999991e-01 7.034565e-04 -2.971818e-01 2.265309e-03 -7.009587e-04 9.999973e-01 2.492050e+01
9.999908e-01 -3.980481e-03 -1.625620e-03 -1.094152e+01 3.980054e-03 9.999920e-01 -2.659592e-04 -3.011914e-01 1.626661e-03 2.594882e-04 9.999985e-01 2.556677e+01
9.999962e-01 5.803019e-04 -2.710734e-03 -1.141256e+01 -5.778137e-04 9.999994e-01 9.186325e-04 -3.064017e-01 2.711271e-03 -9.170643e-04 9.999960e-01 2.633277e+01
9.999919e-01 -3.667871e-03 -1.678548e-03 -1.182147e+01 3.666934e-03 9.999931e-01 -5.610427e-04 -3.115580e-01 1.680589e-03 5.548847e-04 9.999983e-01 2.700229e+01
9.999912e-01 -1.210549e-03 -4.007240e-03 -1.196415e+01 1.214786e-03 9.999987e-01 1.055183e-03 -3.370348e-01 4.005963e-03 -1.060043e-03 9.999915e-01 2.830452e+01
9.999908e-01 -4.138351e-03 -1.126077e-03 -1.197450e+01 4.137446e-03 9.999911e-01 -8.044685e-04 -3.713298e-01 1.129390e-03 7.998038e-04 9.999989e-01 2.984675e+01
9.999929e-01 2.732402e-04 -3.765406e-03 -1.220881e+01 -2.675087e-04 9.999988e-01 1.522588e-03 -3.887604e-01 3.765824e-03 -1.521571e-03 9.999919e-01 3.089504e+01
9.999965e-01 -2.662892e-03 4.084066e-05 -1.250324e+01 2.662946e-03 9.999955e-01 -1.396642e-03 -3.930961e-01 -3.712900e-05 1.396748e-03 9.999989e-01 3.141275e+01
9.999920e-01 -1.925304e-04 -4.000491e-03 -1.281403e+01 1.996865e-04 9.999984e-01 1.788496e-03 -3.996196e-01 4.000148e-03 -1.789283e-03 9.999905e-01 3.205084e+01
9.999948e-01 -3.211647e-03 -2.547883e-04 -1.322135e+01 3.211367e-03 9.999942e-01 -1.090137e-03 -4.066057e-01 2.582795e-04 1.089315e-03 9.999993e-01 3.281466e+01
9.999902e-01 -2.818471e-04 -4.419510e-03 -1.358615e+01 2.898840e-04 9.999983e-01 1.817977e-03 -4.156212e-01 4.418999e-03 -1.819243e-03 9.999887e-01 3.363896e+01
9.999959e-01 -2.814912e-03 4.352173e-04 -1.395109e+01 2.815390e-03 9.999954e-01 -1.102237e-03 -4.217220e-01 -4.321219e-04 1.103460e-03 9.999992e-01 3.433248e+01
9.999903e-01 -3.658784e-05 -4.399958e-03 -1.421645e+01 4.381666e-05 9.999986e-01 1.642872e-03 -4.295068e-01 4.399902e-03 -1.643051e-03 9.999891e-01 3.499156e+01
9.999969e-01 -2.345379e-03 8.599060e-04 -1.449468e+01 2.346490e-03 9.999964e-01 -1.292963e-03 -4.341169e-01 -8.568805e-04 1.294979e-03 9.999987e-01 3.552287e+01
9.999896e-01 -3.617929e-04 -4.546494e-03 -1.476074e+01 3.702980e-04 9.999982e-01 1.870035e-03 -4.414565e-01 4.545820e-03 -1.871702e-03 9.999880e-01 3.617347e+01
9.999968e-01 -2.469120e-03 4.836315e-04 -1.505006e+01 2.469652e-03 9.999963e-01 -1.102814e-03 -4.484313e-01 -4.809175e-04 1.104008e-03 9.999992e-01 3.683553e+01
9.999956e-01 -3.836270e-04 -2.941977e-03 -1.546030e+01 3.878894e-04 9.999989e-01 1.448431e-03 -4.510790e-01 2.941429e-03 -1.449569e-03 9.999947e-01 3.742982e+01
9.999948e-01 -2.981038e-03 -1.226462e-03 -1.583784e+01 2.980207e-03 9.999953e-01 -6.791745e-04 -4.579624e-01 1.228470e-03 6.755185e-04 9.999989e-01 3.817606e+01
9.999987e-01 4.376677e-04 -1.537886e-03 -1.618909e+01 -4.363184e-04 9.999995e-01 8.776892e-04 -4.610668e-01 1.538281e-03 -8.770197e-04 9.999985e-01 3.872506e+01
9.999975e-01 -2.171231e-03 -4.621255e-04 -1.644172e+01 2.170760e-03 9.999971e-01 -1.016763e-03 -4.626202e-01 4.643199e-04 1.015760e-03 9.999993e-01 3.909419e+01
9.999993e-01 5.513699e-04 -1.038710e-03 -1.670370e+01 -5.505108e-04 9.999995e-01 8.272672e-04 -4.626442e-01 1.039177e-03 -8.266974e-04 9.999992e-01 3.940960e+01
9.999917e-01 -3.316927e-03 -2.371531e-03 -1.700196e+01 3.316402e-03 9.999945e-01 -2.253586e-04 -4.689928e-01 2.372253e-03 2.174945e-04 9.999971e-01 4.005982e+01
9.999985e-01 -6.581185e-05 -1.754013e-03 -1.729419e+01 6.771767e-05 9.999994e-01 1.086619e-03 -4.791943e-01 1.753953e-03 -1.086739e-03 9.999980e-01 4.087016e+01
9.999955e-01 -2.731400e-03 -1.268639e-03 -1.736530e+01 2.730477e-03 9.999960e-01 -7.293484e-04 -4.932749e-01 1.270613e-03 7.258840e-04 9.999988e-01 4.160943e+01
9.999983e-01 -1.189303e-04 -1.853074e-03 -1.740082e+01 1.207802e-04 9.999995e-01 9.983149e-04 -5.083657e-01 1.852968e-03 -9.985399e-04 9.999979e-01 4.235710e+01
9.999926e-01 -3.666858e-03 -1.183910e-03 -1.736363e+01 3.666244e-03 9.999931e-01 -5.203884e-04 -5.291906e-01 1.185797e-03 5.160471e-04 9.999991e-01 4.328274e+01
9.999960e-01 -7.040520e-04 -2.722117e-03 -1.733709e+01 7.078720e-04 9.999988e-01 1.402691e-03 -5.541728e-01 2.721140e-03 -1.404616e-03 9.999954e-01 4.438649e+01
9.999907e-01 -3.395168e-03 -2.666496e-03 -1.760302e+01 3.393169e-03 9.999940e-01 -7.539751e-04 -5.724290e-01 2.669025e-03 7.449234e-04 9.999961e-01 4.549167e+01
9.999978e-01 -1.266036e-04 -2.096275e-03 -1.781380e+01 1.288371e-04 9.999994e-01 1.065512e-03 -5.886557e-01 2.096154e-03 -1.065783e-03 9.999973e-01 4.644832e+01
9.999962e-01 -2.404867e-03 -1.365985e-03 -1.799884e+01 2.403641e-03 9.999967e-01 -8.981204e-04 -5.976597e-01 1.368125e-03 8.948370e-04 9.999986e-01 4.706855e+01
9.999975e-01 9.660879e-06 -2.225777e-03 -1.818342e+01 -6.958850e-06 9.999993e-01 1.214097e-03 -6.053254e-01 2.225803e-03 -1.214081e-03 9.999969e-01 4.764717e+01
9.999991e-01 -1.171047e-03 5.812663e-04 -1.819479e+01 1.171922e-03 9.999982e-01 -1.507171e-03 -6.111196e-01 -5.795162e-04 1.507854e-03 9.999986e-01 4.791888e+01
9.999995e-01 3.752026e-04 -8.989792e-04 -1.789558e+01 -3.743333e-04 9.999995e-01 9.672653e-04 -6.241543e-01 8.993576e-04 -9.669316e-04 9.999992e-01 4.801381e+01
9.999954e-01 -2.873972e-03 -9.746359e-04 -1.779844e+01 2.872576e-03 9.999949e-01 -1.430771e-03 -6.382092e-01 9.787268e-04 1.427968e-03 9.999984e-01 4.855070e+01
9.999990e-01 7.041371e-04 -1.225679e-03 -1.768688e+01 -7.027162e-04 9.999991e-01 1.159567e-03 -6.504199e-01 1.226510e-03 -1.158707e-03 9.999987e-01 4.901036e+01
9.999972e-01 -2.335665e-03 -4.308212e-04 -1.758491e+01 2.335038e-03 9.999962e-01 -1.451070e-03 -6.594570e-01 4.341923e-04 1.450063e-03 9.999988e-01 4.934412e+01
9.999978e-01 2.036376e-03 5.268040e-04 -1.736115e+01 -2.036755e-03 9.999977e-01 7.194301e-04 -6.694767e-01 -5.253212e-04 -7.205046e-04 9.999997e-01 4.939587e+01
9.999981e-01 -1.857060e-03 -5.254555e-04 -1.724544e+01 1.856080e-03 9.999965e-01 -1.859360e-03 -6.775505e-01 5.288901e-04 1.858384e-03 9.999980e-01 4.943218e+01
9.999995e-01 9.486597e-04 -4.343606e-04 -1.736503e+01 -9.479933e-04 9.999984e-01 1.532632e-03 -6.785758e-01 4.358304e-04 -1.532222e-03 9.999988e-01 4.962269e+01
9.999980e-01 -1.908863e-03 -5.674468e-04 -1.736736e+01 1.907797e-03 9.999964e-01 -1.874130e-03 -6.835195e-01 5.710056e-04 1.873047e-03 9.999980e-01 4.983446e+01
9.999965e-01 2.579872e-03 6.566813e-04 -1.701513e+01 -2.580317e-03 9.999964e-01 6.776914e-04 -6.967544e-01 -6.549139e-04 -6.793863e-04 9.999997e-01 4.959368e+01
9.999980e-01 -2.003003e-03 -2.783423e-04 -1.664731e+01 2.002430e-03 9.999959e-01 -2.045000e-03 -7.111211e-01 2.824207e-04 2.044442e-03 9.999978e-01 4.934434e+01
9.999934e-01 3.307905e-03 1.523195e-03 -1.650558e+01 -3.308678e-03 9.999944e-01 5.053241e-04 -7.189749e-01 -1.521499e-03 -5.103630e-04 9.999988e-01 4.914327e+01
9.999945e-01 -2.558790e-03 -2.086462e-03 -1.644890e+01 2.554923e-03 9.999950e-01 -1.853633e-03 -7.263825e-01 2.091178e-03 1.848294e-03 9.999960e-01 4.916564e+01
9.999964e-01 2.644264e-03 3.657400e-04 -1.635446e+01 -2.644527e-03 9.999962e-01 7.199615e-04 -7.383655e-01 -3.638181e-04 -7.209284e-04 9.999998e-01 4.930892e+01
9.999896e-01 -3.173684e-03 -3.277501e-03 -1.622200e+01 3.168791e-03 9.999939e-01 -1.497188e-03 -7.510298e-01 3.282216e-03 1.486789e-03 9.999934e-01 4.951654e+01
9.999831e-01 3.219459e-03 4.843661e-03 -1.640793e+01 -3.222341e-03 9.999946e-01 5.872801e-04 -7.486751e-01 -4.841727e-03 -6.028802e-04 9.999882e-01 4.956309e+01
9.999790e-01 -4.327898e-03 -4.832964e-03 -1.672723e+01 4.322996e-03 9.999901e-01 -1.024229e-03 -7.452378e-01 4.837332e-03 1.003317e-03 9.999877e-01 4.977709e+01
9.999716e-01 4.627911e-03 5.941761e-03 -1.675193e+01 -4.626477e-03 9.999893e-01 -2.551732e-04 -7.497272e-01 -5.942861e-03 2.276746e-04 9.999824e-01 4.980940e+01
9.999717e-01 -4.694200e-03 -5.880944e-03 -1.642108e+01 4.689636e-03 9.999887e-01 -7.896624e-04 -7.585032e-01 5.884567e-03 7.620625e-04 9.999823e-01 4.966087e+01
9.999824e-01 3.398753e-03 4.869961e-03 -1.639888e+01 -3.402210e-03 9.999940e-01 7.017155e-04 -7.643550e-01 -4.867530e-03 -7.182736e-04 9.999880e-01 4.990251e+01
9.999600e-01 -4.912832e-03 -7.475877e-03 -1.653706e+01 4.907913e-03 9.999877e-01 -6.761393e-04 -7.678797e-01 7.479090e-03 6.394232e-04 9.999717e-01 5.021025e+01
9.999804e-01 3.523168e-03 5.166383e-03 -1.665514e+01 -3.526883e-03 9.999935e-01 7.100397e-04 -7.716466e-01 -5.163831e-03 -7.282489e-04 9.999865e-01 5.052041e+01
9.999697e-01 -5.728377e-03 -5.266861e-03 -1.641736e+01 5.728384e-03 9.999836e-01 -1.373877e-05 -7.864533e-01 5.266835e-03 -1.643020e-05 9.999860e-01 5.087453e+01
9.999690e-01 3.395478e-03 7.108282e-03 -1.601422e+01 -3.396875e-03 9.999942e-01 1.843946e-04 -8.000187e-01 -7.107598e-03 -2.085368e-04 9.999748e-01 5.093336e+01
9.999499e-01 -5.448007e-03 -8.392376e-03 -1.598616e+01 5.451843e-03 9.999850e-01 4.342139e-04 -8.111842e-01 8.389868e-03 -4.799439e-04 9.999646e-01 5.135094e+01
9.999795e-01 3.727943e-03 5.199034e-03 -1.617987e+01 -3.726640e-03 9.999930e-01 -2.604627e-04 -8.163881e-01 -5.199951e-03 2.410804e-04 9.999866e-01 5.177561e+01
9.999654e-01 -5.612405e-03 -6.140421e-03 -1.615085e+01 5.615684e-03 9.999841e-01 5.168061e-04 -8.270818e-01 6.137405e-03 -5.512686e-04 9.999809e-01 5.215585e+01
9.999787e-01 3.789727e-03 5.313069e-03 -1.605651e+01 -3.788173e-03 9.999928e-01 -3.026173e-04 -8.377044e-01 -5.314160e-03 2.824818e-04 9.999859e-01 5.248196e+01
9.999652e-01 -5.847725e-03 -5.953446e-03 -1.597615e+01 5.851842e-03 9.999827e-01 6.743880e-04 -8.482259e-01 5.949381e-03 -7.092008e-04 9.999820e-01 5.281805e+01
9.999871e-01 3.774908e-03 3.402921e-03 -1.607000e+01 -3.774499e-03 9.999929e-01 -1.267012e-04 -8.571964e-01 -3.403357e-03 1.138529e-04 9.999943e-01 5.328783e+01
9.999594e-01 -8.096007e-03 -3.953194e-03 -1.592296e+01 8.104464e-03 9.999649e-01 2.127966e-03 -8.770643e-01 3.935809e-03 -2.159916e-03 9.999898e-01 5.397340e+01
9.999821e-01 4.069032e-03 4.391737e-03 -1.566286e+01 -4.064057e-03 9.999911e-01 -1.141079e-03 -8.957670e-01 -4.396323e-03 1.123208e-03 9.999898e-01 5.451869e+01
9.999595e-01 -5.680813e-03 -6.979158e-03 -1.578207e+01 5.689045e-03 9.999831e-01 1.160133e-03 -9.022754e-01 6.972432e-03 -1.199788e-03 9.999749e-01 5.490154e+01
9.999854e-01 3.865518e-03 3.783730e-03 -1.595824e+01 -3.861457e-03 9.999920e-01 -1.080106e-03 -9.080806e-01 -3.787856e-03 1.065477e-03 9.999924e-01 5.531970e+01
9.999735e-01 -5.276344e-03 -5.023000e-03 -1.595632e+01 5.283671e-03 9.999850e-01 1.446420e-03 -9.156910e-01 5.015274e-03 -1.472919e-03 9.999862e-01 5.558292e+01
9.999913e-01 3.525109e-03 2.227271e-03 -1.609992e+01 -3.522147e-03 9.999929e-01 -1.332511e-03 -9.209157e-01 -2.231933e-03 1.324652e-03 9.999967e-01 5.596720e+01
9.999755e-01 -5.172035e-03 -4.726866e-03 -1.622188e+01 5.178725e-03 9.999856e-01 1.404063e-03 -9.265165e-01 4.719517e-03 -1.428504e-03 9.999877e-01 5.632151e+01
9.999903e-01 3.648475e-03 2.473049e-03 -1.632018e+01 -3.645234e-03 9.999925e-01 -1.313606e-03 -9.323210e-01 -2.477804e-03 1.304576e-03 9.999962e-01 5.667040e+01
9.999739e-01 -5.400793e-03 -4.799087e-03 -1.639713e+01 5.407480e-03 9.999844e-01 1.381350e-03 -9.394371e-01 4.791532e-03 -1.407261e-03 9.999874e-01 5.705172e+01
9.999880e-01 3.886046e-03 2.975059e-03 -1.641319e+01 -3.881527e-03 9.999913e-01 -1.523249e-03 -9.465633e-01 -2.980932e-03 1.511680e-03 9.999945e-01 5.737187e+01
9.999733e-01 -5.649405e-03 -4.626688e-03 -1.643322e+01 5.657554e-03 9.999825e-01 1.749894e-03 -9.539815e-01 4.616701e-03 -1.776020e-03 9.999877e-01 5.773375e+01
9.999739e-01 4.431763e-03 5.711833e-03 -1.614692e+01 -4.418873e-03 9.999877e-01 -2.267394e-03 -9.631081e-01 -5.721791e-03 2.242092e-03 9.999812e-01 5.782688e+01
9.999754e-01 -5.433873e-03 -4.444547e-03 -1.579064e+01 5.440459e-03 9.999841e-01 1.470962e-03 -9.726065e-01 4.436463e-03 -1.495103e-03 9.999889e-01 5.783021e+01
9.999784e-01 3.953711e-03 5.241422e-03 -1.551493e+01 -3.946794e-03 9.999913e-01 -1.329459e-03 -9.834908e-01 -5.246613e-03 1.308741e-03 9.999855e-01 5.798515e+01
9.999680e-01 -5.451536e-03 -5.853985e-03 -1.541766e+01 5.460567e-03 9.999839e-01 1.527700e-03 -9.918440e-01 5.845542e-03 -1.559614e-03 9.999816e-01 5.824295e+01
9.999855e-01 4.069032e-03 3.533394e-03 -1.552246e+01 -4.063002e-03 9.999903e-01 -1.712027e-03 -9.964031e-01 -3.540306e-03 1.697643e-03 9.999924e-01 5.857928e+01
9.999505e-01 -6.684726e-03 -7.366581e-03 -1.567488e+01 6.699584e-03 9.999756e-01 1.994126e-03 -1.007349e+00 7.353051e-03 -2.043377e-03 9.999708e-01 5.925349e+01
9.999852e-01 4.045997e-03 3.626981e-03 -1.584888e+01 -4.038855e-03 9.999899e-01 -1.974486e-03 -1.019579e+00 -3.634913e-03 1.959805e-03 9.999916e-01 5.998375e+01
9.999793e-01 -5.002915e-03 -4.039882e-03 -1.609755e+01 5.008984e-03 9.999863e-01 1.493621e-03 -1.018906e+00 4.032334e-03 -1.513823e-03 9.999906e-01 6.021468e+01
9.999920e-01 3.016037e-03 2.633774e-03 -1.648307e+01 -3.012128e-03 9.999944e-01 -1.487123e-03 -1.019894e+00 -2.638223e-03 1.479175e-03 9.999955e-01 6.066972e+01
9.999660e-01 -5.512833e-03 -6.129848e-03 -1.674508e+01 5.524349e-03 9.999830e-01 1.863267e-03 -1.026017e+00 6.119451e-03 -1.897064e-03 9.999794e-01 6.125328e+01
9.999927e-01 2.932958e-03 2.463178e-03 -1.700051e+01 -2.929049e-03 9.999944e-01 -1.589289e-03 -1.033460e+00 -2.467804e-03 1.582059e-03 9.999958e-01 6.188663e+01
9.999767e-01 -4.833321e-03 -4.816223e-03 -1.708298e+01 4.841463e-03 9.999869e-01 1.680379e-03 -1.040384e+00 4.808016e-03 -1.703654e-03 9.999869e-01 6.231507e+01
9.999991e-01 1.010771e-03 9.075708e-04 -1.719302e+01 -1.009442e-03 9.999984e-01 -1.464388e-03 -1.055188e+00 -9.090273e-04 1.463468e-03 9.999986e-01 6.313475e+01
9.999856e-01 -3.292193e-03 -4.242618e-03 -1.739089e+01 3.299241e-03 9.999932e-01 1.655224e-03 -1.062496e+00 4.237118e-03 -1.669194e-03 9.999895e-01 6.370278e+01
9.999990e-01 1.934422e-05 1.387154e-03 -1.740350e+01 -1.736559e-05 9.999990e-01 -1.426699e-03 -1.076637e+00 -1.387157e-03 1.426671e-03 9.999981e-01 6.438605e+01
9.999874e-01 -4.771029e-03 -1.580235e-03 -1.708812e+01 4.775495e-03 9.999846e-01 2.833858e-03 -1.099562e+00 1.566667e-03 -2.841365e-03 9.999946e-01 6.510489e+01
9.999958e-01 2.705745e-03 -1.055853e-03 -1.720812e+01 -2.708314e-03 9.999934e-01 -2.439181e-03 -1.107508e+00 1.049269e-03 2.442027e-03 9.999966e-01 6.558972e+01
9.999461e-01 -7.974491e-03 6.649047e-03 -1.622773e+01 7.954645e-03 9.999638e-01 3.006019e-03 -1.145352e+00 -6.672800e-03 -2.952962e-03 9.999733e-01 6.612614e+01
9.999988e-01 1.571203e-03 -8.523552e-05 -1.476813e+01 -1.571434e-03 9.999949e-01 -2.775520e-03 -1.193980e+00 8.089606e-05 2.775646e-03 9.999962e-01 6.656863e+01
9.999926e-01 -3.840038e-03 7.129597e-05 -1.468366e+01 3.839806e-03 9.999881e-01 3.016783e-03 -1.208215e+00 -8.290155e-05 -3.016483e-03 9.999953e-01 6.700956e+01
9.999992e-01 1.061522e-03 -6.933349e-04 -1.459494e+01 -1.063370e-03 9.999959e-01 -2.670099e-03 -1.222822e+00 6.905196e-04 2.670830e-03 9.999963e-01 6.752290e+01
9.999905e-01 -4.362685e-03 4.915841e-05 -1.435796e+01 4.362489e-03 9.999845e-01 3.464654e-03 -1.242983e+00 -6.429481e-05 -3.464402e-03 9.999939e-01 6.809775e+01
9.999901e-01 1.372453e-03 -4.228075e-03 -1.459777e+01 -1.384632e-03 9.999949e-01 -2.878808e-03 -1.254288e+00 4.224124e-03 2.884630e-03 9.999870e-01 6.889432e+01
9.999907e-01 -3.501934e-03 2.510463e-03 -1.462720e+01 3.494591e-03 9.999896e-01 2.923879e-03 -1.264518e+00 -2.520698e-03 -2.915075e-03 9.999925e-01 6.938086e+01
9.999910e-01 1.003910e-03 -4.119132e-03 -1.448800e+01 -1.015368e-03 9.999956e-01 -2.780510e-03 -1.279806e+00 4.116346e-03 2.784663e-03 9.999877e-01 6.987384e+01
9.999889e-01 -4.645313e-03 -7.479443e-04 -1.473306e+01 4.647982e-03 9.999827e-01 3.606439e-03 -1.295057e+00 7.311552e-04 -3.609871e-03 9.999931e-01 7.083938e+01
9.999967e-01 2.160957e-03 -1.413724e-03 -1.505997e+01 -2.165960e-03 9.999914e-01 -3.546638e-03 -1.298359e+00 1.406071e-03 3.549684e-03 9.999928e-01 7.136288e+01
9.999900e-01 -4.427881e-03 -5.955786e-04 -1.531475e+01 4.430069e-03 9.999833e-01 3.723392e-03 -1.303031e+00 5.790583e-04 -3.725989e-03 9.999928e-01 7.187507e+01
9.999963e-01 1.190733e-03 -2.450503e-03 -1.539691e+01 -1.198344e-03 9.999945e-01 -3.106668e-03 -1.319481e+00 2.446815e-03 3.109588e-03 9.999923e-01 7.267955e+01
9.999933e-01 -3.661382e-03 -2.238155e-04 -1.568575e+01 3.662129e-03 9.999874e-01 3.431620e-03 -1.326124e+00 2.112241e-04 -3.432411e-03 9.999940e-01 7.330650e+01
9.999942e-01 1.148313e-03 -3.217448e-03 -1.586173e+01 -1.157623e-03 9.999951e-01 -2.893057e-03 -1.336151e+00 3.214135e-03 2.896760e-03 9.999907e-01 7.398134e+01
9.999849e-01 -5.382719e-03 1.077188e-03 -1.565846e+01 5.378624e-03 9.999784e-01 3.769392e-03 -1.360130e+00 -1.097479e-03 -3.763537e-03 9.999922e-01 7.486883e+01
9.999928e-01 2.212364e-03 -3.094302e-03 -1.558713e+01 -2.221563e-03 9.999931e-01 -2.972366e-03 -1.376048e+00 3.087730e-03 2.979214e-03 9.999909e-01 7.552070e+01
9.999852e-01 -5.410894e-03 6.066306e-04 -1.599875e+01 5.408707e-03 9.999791e-01 3.551012e-03 -1.383132e+00 -6.258571e-04 -3.547673e-03 9.999934e-01 7.629726e+01
9.999923e-01 3.241471e-03 -2.202031e-03 -1.624904e+01 -3.248902e-03 9.999890e-01 -3.379049e-03 -1.386825e+00 2.191079e-03 3.386173e-03 9.999920e-01 7.677145e+01
9.999878e-01 -4.595001e-03 1.809408e-03 -1.648120e+01 4.589067e-03 9.999841e-01 3.270312e-03 -1.387271e+00 -1.824431e-03 -3.261964e-03 9.999929e-01 7.705469e+01
9.999918e-01 1.600638e-03 -3.730912e-03 -1.698482e+01 -1.612426e-03 9.999937e-01 -3.158470e-03 -1.388302e+00 3.725858e-03 3.164455e-03 9.999882e-01 7.765239e+01
9.999854e-01 -2.817881e-03 4.615738e-03 -1.739016e+01 2.806198e-03 9.999928e-01 2.535763e-03 -1.384008e+00 -4.622876e-03 -2.522768e-03 9.999860e-01 7.789448e+01
9.999842e-01 9.060367e-04 -5.545648e-03 -1.781419e+01 -9.229192e-04 9.999949e-01 -3.042365e-03 -1.381629e+00 5.542889e-03 3.047430e-03 9.999801e-01 7.824131e+01
9.999846e-01 -2.800361e-03 4.790963e-03 -1.821561e+01 2.787618e-03 9.999926e-01 2.664559e-03 -1.380165e+00 -4.798415e-03 -2.651157e-03 9.999849e-01 7.861206e+01
9.999906e-01 1.207852e-03 -4.156765e-03 -1.869351e+01 -1.220498e-03 9.999946e-01 -3.040799e-03 -1.379922e+00 4.153096e-03 3.045839e-03 9.999868e-01 7.904023e+01
9.999906e-01 -4.232640e-03 8.993676e-04 -1.903519e+01 4.229458e-03 9.999849e-01 3.511268e-03 -1.389154e+00 -9.142417e-04 -3.507426e-03 9.999933e-01 7.982073e+01
9.999883e-01 1.205001e-03 -4.675552e-03 -1.928324e+01 -1.218362e-03 9.999952e-01 -2.855640e-03 -1.399288e+00 4.672115e-03 2.861298e-03 9.999851e-01 8.057502e+01
9.999875e-01 -5.002515e-03 1.134012e-04 -1.952746e+01 5.002042e-03 9.999801e-01 3.852928e-03 -1.413563e+00 -1.326998e-04 -3.852307e-03 9.999925e-01 8.150555e+01
9.999934e-01 2.331298e-03 -2.776088e-03 -1.993383e+01 -2.341664e-03 9.999903e-01 -3.736280e-03 -1.415927e+00 2.767377e-03 3.742751e-03 9.999893e-01 8.207066e+01
9.999864e-01 -5.127742e-03 9.089187e-04 -2.000800e+01 5.123944e-03 9.999783e-01 4.133834e-03 -1.429208e+00 -9.301231e-04 -4.129115e-03 9.999909e-01 8.268913e+01
9.999962e-01 2.047910e-03 -1.864120e-03 -1.988791e+01 -2.055347e-03 9.999899e-01 -3.996099e-03 -1.447838e+00 1.855944e-03 3.999910e-03 9.999904e-01 8.329006e+01
9.999937e-01 -3.009962e-03 1.854757e-03 -2.009434e+01 3.003305e-03 9.999891e-01 3.581778e-03 -1.448182e+00 -1.865545e-03 -3.576180e-03 9.999918e-01 8.352281e+01
9.999898e-01 5.693147e-04 -4.479369e-03 -2.039071e+01 -5.839917e-04 9.999945e-01 -3.275763e-03 -1.452484e+00 4.477507e-03 3.278340e-03 9.999847e-01 8.405446e+01
9.999847e-01 -4.986475e-03 2.377712e-03 -2.030320e+01 4.975124e-03 9.999763e-01 4.756241e-03 -1.474641e+00 -2.401400e-03 -4.744333e-03 9.999858e-01 8.492464e+01
9.999861e-01 1.551314e-03 -5.040251e-03 -2.032560e+01 -1.570858e-03 9.999913e-01 -3.875723e-03 -1.492357e+00 5.034222e-03 3.883581e-03 9.999799e-01 8.573894e+01
9.999884e-01 -4.753977e-03 7.086174e-04 -2.050819e+01 4.750894e-03 9.999795e-01 4.290743e-03 -1.507123e+00 -7.290290e-04 -4.287321e-03 9.999904e-01 8.661197e+01
9.999883e-01 1.655058e-03 -4.544588e-03 -2.071659e+01 -1.672758e-03 9.999910e-01 -3.893296e-03 -1.519088e+00 4.538132e-03 3.900846e-03 9.999822e-01 8.738760e+01
9.999744e-01 -5.558079e-03 4.509250e-03 -2.042507e+01 5.534844e-03 9.999714e-01 5.149120e-03 -1.542173e+00 -4.537769e-03 -5.124024e-03 9.999765e-01 8.796505e+01
9.999997e-01 -7.473266e-04 2.592665e-04 -1.942479e+01 7.482326e-04 9.999935e-01 -3.516051e-03 -1.587886e+00 -2.566092e-04 3.516237e-03 9.999939e-01 8.850216e+01
9.999904e-01 -4.238150e-03 1.093316e-03 -1.883926e+01 4.232866e-03 9.999796e-01 4.791863e-03 -1.622884e+00 -1.113630e-03 -4.787182e-03 9.999878e-01 8.914511e+01
9.999947e-01 1.221376e-03 -3.027302e-03 -1.907237e+01 -1.233179e-03 9.999916e-01 -3.899501e-03 -1.632995e+00 3.022542e-03 3.903207e-03 9.999879e-01 8.978773e+01
9.999942e-01 -2.845330e-03 1.879371e-03 -1.941186e+01 2.838686e-03 9.999897e-01 3.529012e-03 -1.631626e+00 -1.889421e-03 -3.523650e-03 9.999919e-01 9.010301e+01
9.999877e-01 4.306344e-04 -4.935968e-03 -1.963686e+01 -4.455678e-04 9.999953e-01 -3.024507e-03 -1.637852e+00 4.934671e-03 3.026662e-03 9.999833e-01 9.063594e+01
9.999909e-01 -3.902036e-03 1.706342e-03 -1.975388e+01 3.895158e-03 9.999843e-01 4.016355e-03 -1.652591e+00 -1.722016e-03 -4.009666e-03 9.999904e-01 9.143797e+01
9.999947e-01 -1.595468e-03 -2.835729e-03 -1.948385e+01 1.589269e-03 9.999963e-01 -2.186393e-03 -1.684869e+00 2.839236e-03 2.181868e-03 9.999937e-01 9.245889e+01
9.999966e-01 -2.366870e-03 1.120307e-03 -1.940845e+01 2.363036e-03 9.999914e-01 3.412581e-03 -1.707340e+00 -1.128404e-03 -3.409914e-03 9.999935e-01 9.332197e+01
9.999839e-01 -1.495492e-03 -5.480449e-03 -1.968302e+01 1.481983e-03 9.999959e-01 -2.468054e-03 -1.721119e+00 5.484146e-03 2.459885e-03 9.999820e-01 9.423331e+01
9.999933e-01 -1.303696e-03 3.406940e-03 -2.004439e+01 1.294379e-03 9.999954e-01 2.735886e-03 -1.729166e+00 -3.410520e-03 -2.731450e-03 9.999904e-01 9.495099e+01
9.999864e-01 -8.725714e-04 -5.138013e-03 -2.042015e+01 8.579808e-04 9.999956e-01 -2.841028e-03 -1.729684e+00 5.140499e-03 2.836574e-03 9.999829e-01 9.538362e+01
9.999923e-01 -2.869896e-03 2.658523e-03 -2.044051e+01 2.858453e-03 9.999867e-01 4.298540e-03 -1.747728e+00 -2.670854e-03 -4.290900e-03 9.999871e-01 9.616748e+01
9.999781e-01 -6.341854e-03 1.878724e-03 -1.919410e+01 6.345534e-03 9.999779e-01 -1.959980e-03 -1.811632e+00 -1.866224e-03 1.971851e-03 9.999964e-01 9.745864e+01
9.999957e-01 1.181843e-03 -2.673850e-03 -1.890171e+01 -1.173375e-03 9.999943e-01 3.166010e-03 -1.841192e+00 2.677547e-03 -3.162850e-03 9.999913e-01 9.840216e+01
9.999944e-01 -3.288614e-03 -6.419511e-04 -1.909660e+01 3.286656e-03 9.999900e-01 -3.024993e-03 -1.846504e+00 6.519224e-04 3.022858e-03 9.999953e-01 9.886814e+01
9.999972e-01 2.032987e-03 -1.232288e-03 -1.923401e+01 -2.029451e-03 9.999938e-01 2.862926e-03 -1.849502e+00 1.238071e-03 -2.860409e-03 9.999950e-01 9.916897e+01
9.999879e-01 -4.746379e-03 -1.267565e-03 -1.932577e+01 4.743140e-03 9.999855e-01 -2.545060e-03 -1.861968e+00 1.279657e-03 2.539008e-03 9.999961e-01 9.981363e+01
9.999977e-01 4.044500e-04 2.100215e-03 -1.864662e+01 -4.106892e-04 9.999955e-01 2.971779e-03 -1.896923e+00 -2.099034e-03 -2.972626e-03 9.999933e-01 1.004337e+02
9.999857e-01 -3.943887e-03 -3.614278e-03 -1.800977e+01 3.934710e-03 9.999890e-01 -2.542167e-03 -1.929856e+00 3.624295e-03 2.527900e-03 9.999903e-01 1.010625e+02
9.999908e-01 1.526238e-03 4.012322e-03 -1.767794e+01 -1.536962e-03 9.999953e-01 2.671227e-03 -1.947229e+00 -4.008256e-03 -2.677361e-03 9.999883e-01 1.014066e+02
9.999845e-01 -3.149104e-03 -4.581459e-03 -1.752115e+01 3.138083e-03 9.999922e-01 -2.410562e-03 -1.959965e+00 4.589045e-03 2.396139e-03 9.999867e-01 1.017233e+02
9.999730e-01 -4.200390e-03 6.028598e-03 -1.648357e+01 4.177355e-03 9.999839e-01 3.828781e-03 -2.011045e+00 -6.044614e-03 -3.803485e-03 9.999744e-01 1.027553e+02
9.999487e-01 -1.009324e-02 8.839498e-04 -1.428169e+01 1.009481e-02 9.999474e-01 -1.796049e-03 -2.109020e+00 -8.657461e-04 1.804870e-03 9.999981e-01 1.045536e+02
9.999561e-01 -1.693312e-03 9.213355e-03 -1.206717e+01 1.667183e-03 9.999946e-01 2.843162e-03 -2.193758e+00 -9.218148e-03 -2.827667e-03 9.999534e-01 1.057601e+02
9.999605e-01 -8.864170e-03 6.004343e-04 -9.797656e+00 8.865184e-03 9.999592e-01 -1.710358e-03 -2.270681e+00 -5.852217e-04 1.715603e-03 9.999985e-01 1.065010e+02
9.999774e-01 4.835384e-04 6.707708e-03 -7.852917e+00 -4.961521e-04 9.999981e-01 1.879145e-03 -2.335417e+00 -6.706813e-03 -1.882420e-03 9.999756e-01 1.070610e+02
9.999464e-01 -1.013141e-02 2.148313e-03 -5.064612e+00 1.013728e-02 9.999449e-01 -2.739718e-03 -2.419079e+00 -2.120411e-03 2.761339e-03 9.999940e-01 1.074397e+02
9.999853e-01 2.168029e-03 4.962182e-03 -2.811152e+00 -2.174148e-03 9.999969e-01 1.228368e-03 -2.488418e+00 -4.959528e-03 -1.239128e-03 9.999868e-01 1.077671e+02
9.999812e-01 -6.069183e-03 -8.809267e-04 -1.870814e+00 6.067782e-03 9.999803e-01 -1.582872e-03 -2.517346e+00 8.905406e-04 1.577487e-03 9.999985e-01 1.079121e+02
9.999681e-01 -2.457871e-03 7.597110e-03 5.513089e-02 2.438153e-03 9.999936e-01 2.603775e-03 -2.585630e+00 -7.603485e-03 -2.585159e-03 9.999677e-01 1.087587e+02
9.999868e-01 -4.197386e-03 -2.956551e-03 1.772742e+00 4.190763e-03 9.999887e-01 -2.242503e-03 -2.643312e+00 2.965953e-03 2.230073e-03 9.999932e-01 1.092579e+02
9.999728e-01 -1.508156e-03 7.224088e-03 3.109315e+00 1.494822e-03 9.999972e-01 1.850866e-03 -2.687011e+00 -7.226882e-03 -1.840006e-03 9.999721e-01 1.095811e+02
9.999887e-01 -4.697621e-03 7.649506e-04 4.656274e+00 4.698187e-03 9.999887e-01 -7.414459e-04 -2.735590e+00 -7.614369e-04 7.450206e-04 9.999995e-01 1.100075e+02
9.998293e-01 -6.957380e-03 1.711357e-02 8.128477e+00 6.968573e-03 9.999755e-01 -5.944382e-04 -2.821114e+00 -1.710904e-02 7.136047e-04 9.998533e-01 1.101522e+02
9.999903e-01 -3.817148e-03 -2.220497e-03 1.121197e+01 3.810658e-03 9.999885e-01 -2.919154e-03 -2.897046e+00 2.231633e-03 2.910654e-03 9.999934e-01 1.102102e+02
9.997262e-01 -8.590138e-03 2.176388e-02 1.536256e+01 8.645649e-03 9.999596e-01 -2.457733e-03 -2.992338e+00 -2.174191e-02 2.645233e-03 9.997600e-01 1.100138e+02
9.999742e-01 -3.048307e-03 -6.510655e-03 1.886552e+01 3.035608e-03 9.999935e-01 -1.959391e-03 -3.076160e+00 6.516601e-03 1.939567e-03 9.999770e-01 1.099578e+02
9.998811e-01 -2.850112e-03 1.515691e-02 2.056348e+01 2.844811e-03 9.999959e-01 3.713133e-04 -3.116666e+00 -1.515792e-02 -3.281410e-04 9.998850e-01 1.099232e+02
9.999820e-01 -5.997191e-03 1.969700e-04 2.361758e+01 5.998338e-03 9.999611e-01 -6.464296e-03 -3.172409e+00 -1.581820e-04 6.465353e-03 9.999792e-01 1.092868e+02
9.998727e-01 -3.956358e-03 1.545970e-02 2.681064e+01 3.929170e-03 9.999907e-01 1.788645e-03 -3.238537e+00 -1.546664e-02 -1.727665e-03 9.998788e-01 1.089082e+02
9.999879e-01 -3.942703e-03 -2.930184e-03 2.923817e+01 3.927181e-03 9.999783e-01 -5.284245e-03 -3.289516e+00 2.950964e-03 5.272665e-03 9.999818e-01 1.086287e+02
9.998892e-01 -3.706034e-03 1.441462e-02 3.144840e+01 3.672320e-03 9.999905e-01 2.364620e-03 -3.337767e+00 -1.442325e-02 -2.311415e-03 9.998932e-01 1.084628e+02
9.999821e-01 -5.984989e-03 7.214131e-05 3.419981e+01 5.985267e-03 9.999705e-01 -4.816047e-03 -3.401493e+00 -4.330798e-05 4.816384e-03 9.999885e-01 1.083978e+02
9.998323e-01 -5.067702e-03 1.759725e-02 3.770452e+01 5.082704e-03 9.999868e-01 -8.079030e-04 -3.473807e+00 -1.759293e-02 8.972166e-04 9.998447e-01 1.079438e+02
9.999699e-01 -7.752256e-03 3.438408e-04 4.160925e+01 7.753279e-03 9.999652e-01 -3.081283e-03 -3.566224e+00 -3.199384e-04 3.083849e-03 9.999953e-01 1.078941e+02
9.999085e-01 -3.223571e-03 1.313671e-02 4.444277e+01 3.201003e-03 9.999934e-01 1.738583e-03 -3.639844e+00 -1.314223e-02 -1.696366e-03 9.999121e-01 1.081462e+02
9.999868e-01 -5.131974e-03 -7.245313e-06 4.701447e+01 5.131906e-03 9.999790e-01 -3.950962e-03 -3.697289e+00 2.752225e-05 3.950866e-03 9.999923e-01 1.080414e+02
9.999233e-01 -3.546826e-03 1.186982e-02 4.942413e+01 3.499481e-03 9.999858e-01 4.007030e-03 -3.760411e+00 -1.188387e-02 -3.965178e-03 9.999214e-01 1.082196e+02
9.999675e-01 -7.016628e-03 3.977963e-03 5.257080e+01 7.035977e-03 9.999634e-01 -4.871243e-03 -3.837789e+00 -3.943640e-03 4.899067e-03 9.999803e-01 1.083383e+02
9.998160e-01 -7.727689e-03 1.755850e-02 5.708180e+01 7.720959e-03 9.999701e-01 4.510418e-04 -3.938706e+00 -1.756145e-02 -3.153843e-04 9.998456e-01 1.080921e+02
9.999834e-01 -5.337502e-03 2.154376e-03 6.103300e+01 5.346348e-03 9.999772e-01 -4.121395e-03 -4.025714e+00 -2.132335e-03 4.132839e-03 9.999893e-01 1.078093e+02
9.997986e-01 -7.910662e-03 1.844629e-02 6.513349e+01 7.909107e-03 9.999687e-01 1.572267e-04 -4.114905e+00 -1.844695e-02 -1.129615e-05 9.998297e-01 1.074976e+02
9.999631e-01 -7.059621e-03 4.898328e-03 6.970980e+01 7.087291e-03 9.999589e-01 -5.654692e-03 -4.208741e+00 -4.858217e-03 5.689194e-03 9.999721e-01 1.069589e+02
9.998418e-01 -5.883901e-03 1.678257e-02 7.383366e+01 5.877729e-03 9.999826e-01 4.170048e-04 -4.290770e+00 -1.678472e-02 -3.182914e-04 9.998590e-01 1.063967e+02
9.999627e-01 -7.483175e-03 4.310006e-03 7.807959e+01 7.510136e-03 9.999521e-01 -6.273621e-03 -4.376129e+00 -4.262868e-03 6.305753e-03 9.999711e-01 1.058264e+02
9.998783e-01 -5.036068e-03 1.476504e-02 8.200176e+01 5.021192e-03 9.999868e-01 1.044379e-03 -4.459801e+00 -1.477009e-02 -9.701109e-04 9.998903e-01 1.054425e+02
9.999582e-01 -8.191307e-03 4.051768e-03 8.582148e+01 8.205894e-03 9.999599e-01 -3.596678e-03 -4.551168e+00 -4.022163e-03 3.629774e-03 9.999854e-01 1.054503e+02
9.999013e-01 -3.961814e-03 1.347868e-02 8.953412e+01 3.971372e-03 9.999919e-01 -6.824058e-04 -4.633424e+00 -1.347584e-02 7.358690e-04 9.999088e-01 1.052260e+02
9.999556e-01 -7.478988e-03 5.737231e-03 9.309488e+01 7.497007e-03 9.999670e-01 -3.125677e-03 -4.709775e+00 -5.713687e-03 3.168549e-03 9.999788e-01 1.049163e+02
9.997959e-01 -8.426465e-03 1.836398e-02 9.790529e+01 8.455258e-03 9.999631e-01 -1.490795e-03 -4.821884e+00 -1.835072e-02 1.645764e-03 9.998302e-01 1.047860e+02
9.999707e-01 -6.849730e-03 3.423517e-03 1.023336e+02 6.855861e-03 9.999749e-01 -1.782306e-03 -4.927279e+00 -3.411250e-03 1.805725e-03 9.999926e-01 1.047507e+02
9.998204e-01 -6.810056e-03 1.768654e-02 1.064714e+02 6.861186e-03 9.999725e-01 -2.831824e-03 -5.018282e+00 -1.766674e-02 2.952666e-03 9.998395e-01 1.044468e+02
9.999518e-01 -7.992840e-03 5.699212e-03 1.111306e+02 8.009683e-03 9.999636e-01 -2.938683e-03 -5.118872e+00 -5.675547e-03 2.984192e-03 9.999795e-01 1.040323e+02
9.998509e-01 -5.729315e-03 1.629172e-02 1.152364e+02 5.747263e-03 9.999829e-01 -1.055031e-03 -5.212119e+00 -1.628536e-02 1.148504e-03 9.998666e-01 1.038413e+02
9.999360e-01 -8.868925e-03 7.019032e-03 1.198428e+02 8.901099e-03 9.999500e-01 -4.565992e-03 -5.314667e+00 -6.978220e-03 4.628180e-03 9.999650e-01 1.035106e+02
9.998041e-01 -8.079754e-03 1.807009e-02 1.250071e+02 8.097820e-03 9.999668e-01 -9.267778e-04 -5.432705e+00 -1.806196e-02 1.072921e-03 9.998362e-01 1.032544e+02
9.999854e-01 -4.938793e-03 2.184305e-03 1.289946e+02 4.945972e-03 9.999823e-01 -3.293990e-03 -5.520312e+00 -2.168037e-03 3.304750e-03 9.999923e-01 1.028972e+02
9.999365e-01 -3.222886e-03 1.080169e-02 1.314712e+02 3.202316e-03 9.999930e-01 1.921229e-03 -5.573442e+00 -1.080776e-02 -1.886521e-03 9.999397e-01 1.027558e+02
9.999908e-01 -4.220057e-03 7.400540e-04 1.337330e+02 4.222396e-03 9.999860e-01 -3.189393e-03 -5.621933e+00 -7.266258e-04 3.192494e-03 9.999947e-01 1.026403e+02
9.999062e-01 -4.061899e-03 1.307747e-02 1.364437e+02 4.056094e-03 9.999917e-01 4.704127e-04 -5.676607e+00 -1.307923e-02 -4.173305e-04 9.999143e-01 1.023480e+02
9.999754e-01 -5.649425e-03 4.168357e-03 1.397621e+02 5.669795e-03 9.999720e-01 -4.891769e-03 -5.739811e+00 -4.140649e-03 4.915288e-03 9.999794e-01 1.017921e+02
9.998554e-01 -5.665718e-03 1.603460e-02 1.436420e+02 5.676680e-03 9.999837e-01 -6.380625e-04 -5.814711e+00 -1.603067e-02 7.289867e-04 9.998711e-01 1.010950e+02
