9.999977e-01 1.292494e-03 1.739494e-03 1.506457e-01 -1.288205e-03 9.999961e-01 -2.464465e-03 -1.754864e-02 -1.742673e-03 2.462218e-03 9.999956e-01 5.671028e-01
9.999999e-01 -3.421058e-04 -1.097460e-04 3.074441e-02 3.420596e-04 9.999999e-01 -4.212931e-04 -2.161467e-02 1.098905e-04 4.212555e-04 9.999998e-01 7.922104e-01
9.999977e-01 1.044344e-03 1.878515e-03 -5.513263e-02 -1.039805e-03 9.999965e-01 -2.415468e-03 -3.468158e-02 -1.881032e-03 2.413510e-03 9.999954e-01 1.443447e+00
9.999997e-01 -5.719493e-04 -4.996603e-04 -2.719405e-01 5.718559e-04 9.999998e-01 -1.871757e-04 -4.075501e-02 4.997680e-04 1.868893e-04 9.999998e-01 1.934688e+00
9.999995e-01 8.833003e-04 4.809960e-04 -5.010203e-01 -8.823879e-04 9.999978e-01 -1.893836e-03 -4.240977e-02 -4.826685e-04 1.893412e-03 9.999982e-01 2.251217e+00
9.999999e-01 -2.255009e-04 4.311824e-04 -8.620241e-01 2.259868e-04 9.999993e-01 -1.127044e-03 -3.302220e-02 -4.309272e-04 1.127140e-03 9.999992e-01 2.082381e+00
9.999993e-01 1.034680e-03 -6.377624e-04 -1.199097e+00 -1.035550e-03 9.999985e-01 -1.365506e-03 -2.583017e-02 6.363478e-04 1.366167e-03 9.999990e-01 1.809189e+00
9.999995e-01 2.178347e-04 9.422996e-04 -1.332710e+00 -2.167904e-04 9.999994e-01 -1.108116e-03 -3.025713e-02 -9.425396e-04 1.107910e-03 9.999988e-01 1.915261e+00
9.999992e-01 1.135090e-03 -4.918135e-04 -1.316610e+00 -1.135609e-03 9.999988e-01 -1.057493e-03 -3.953896e-02 4.906117e-04 1.058052e-03 9.999994e-01 2.175671e+00
9.999974e-01 8.637204e-04 -2.093062e-03 -1.198488e+00 -8.650054e-04 9.999994e-01 -6.131442e-04 -5.022323e-02 2.092532e-03 6.149512e-04 9.999975e-01 2.093372e+00
9.999991e-01 2.317744e-04 1.324852e-03 -1.317543e+00 -2.296824e-04 9.999987e-01 -1.578966e-03 -4.841863e-02 -1.325217e-03 1.578662e-03 9.999980e-01 1.850647e+00
9.999961e-01 7.740418e-04 -2.676358e-03 -1.511756e+00 -7.762196e-04 9.999994e-01 -8.127858e-04 -4.342943e-02 2.675728e-03 8.148577e-04 9.999960e-01 1.378426e+00
9.999949e-01 1.705855e-03 2.682365e-03 -1.356612e+00 -1.701255e-03 9.999971e-01 -1.716323e-03 -5.092637e-02 -2.685285e-03 1.711754e-03 9.999950e-01 1.011690e+00
9.999995e-01 7.863305e-04 -6.054150e-04 -1.303351e+00 -7.869518e-04 9.999992e-01 -1.026754e-03 -5.427094e-02 6.046078e-04 1.027227e-03 9.999992e-01 8.134086e-01
9.999955e-01 2.226766e-03 2.008093e-03 -8.992950e-01 -2.224464e-03 9.999969e-01 -1.147427e-03 -6.541443e-02 -2.010643e-03 1.142959e-03 9.999974e-01 6.955882e-01
9.999999e-01 -4.325996e-05 -4.929029e-04 -6.041007e-01 4.309649e-05 9.999999e-01 -3.317307e-04 -7.645001e-02 4.929182e-04 3.317061e-04 9.999997e-01 8.262475e-01
9.999952e-01 2.495097e-03 -1.826457e-03 -2.161153e-01 -2.496619e-03 9.999965e-01 -8.313320e-04 -8.832978e-02 1.824375e-03 8.358915e-04 9.999981e-01 6.508047e-01
9.999964e-01 1.832849e-03 -1.982930e-03 4.961836e-01 -1.833651e-03 9.999982e-01 -4.025010e-04 -1.085768e-01 1.982189e-03 4.061320e-04 9.999979e-01 4.928149e-02
9.999945e-01 2.793079e-03 -1.773005e-03 1.295932e+00 -2.794089e-03 9.999959e-01 -5.673039e-04 -1.334971e-01 1.771413e-03 5.722584e-04 9.999984e-01 -3.321446e-01
9.999976e-01 2.035430e-03 -7.771417e-04 2.049194e+00 -2.035883e-03 9.999978e-01 -5.827968e-04 -1.595047e-01 7.759534e-04 5.843738e-04 9.999994e-01 -5.058177e-01
9.999997e-01 2.439199e-04 7.685677e-04 2.357216e+00 -2.435553e-04 9.999999e-01 -4.743985e-04 -1.717096e-01 -7.686830e-04 4.742151e-04 9.999997e-01 -3.561534e-01
9.999961e-01 2.097147e-03 -1.866150e-03 2.791995e+00 -2.097987e-03 9.999977e-01 -4.484067e-04 -1.852223e-01 1.865205e-03 4.523161e-04 9.999981e-01 -3.563323e-01
9.999948e-01 2.786499e-03 -1.634099e-03 3.557050e+00 -2.787425e-03 9.999960e-01 -5.648454e-04 -2.073499e-01 1.632519e-03 5.694015e-04 9.999986e-01 -7.823593e-01
9.999963e-01 1.039384e-03 -2.494037e-03 3.981550e+00 -1.042282e-03 9.999988e-01 -1.160663e-03 -2.204437e-01 2.492826e-03 1.163254e-03 9.999961e-01 -1.478981e+00
9.999938e-01 2.619806e-03 -2.338029e-03 4.463781e+00 -2.620683e-03 9.999965e-01 -3.718637e-04 -2.354597e-01 2.337048e-03 3.779930e-04 9.999973e-01 -2.171950e+00
9.999999e-01 2.375850e-04 -3.320320e-04 4.644032e+00 -2.380859e-04 9.999988e-01 -1.509206e-03 -2.391657e-01 3.316711e-04 1.509280e-03 9.999987e-01 -2.695301e+00
9.999988e-01 1.508973e-03 2.219656e-04 4.427974e+00 -1.508613e-03 9.999976e-01 -1.613111e-03 -2.286530e-01 -2.243973e-04 1.612779e-03 9.999988e-01 -3.294746e+00
9.999999e-01 -4.017168e-04 -2.438922e-04 4.114831e+00 4.013260e-04 9.999986e-01 -1.600270e-03 -2.155206e-01 2.445328e-04 1.600167e-03 9.999986e-01 -3.893404e+00
9.999949e-01 2.121813e-03 2.391990e-03 3.736781e+00 -2.114438e-03 9.999930e-01 -3.081175e-03 -1.925821e-01 -2.398509e-03 3.076107e-03 9.999925e-01 -4.946591e+00
9.999996e-01 -6.947646e-04 -4.718727e-04 3.369410e+00 6.939493e-04 9.999983e-01 -1.725759e-03 -1.714220e-01 4.730694e-04 1.725424e-03 9.999983e-01 -5.788449e+00
9.999976e-01 1.783862e-03 1.263555e-03 3.291444e+00 -1.783048e-03 9.999982e-01 -6.455850e-04 -1.672033e-01 -1.264703e-03 6.433369e-04 9.999991e-01 -5.913656e+00
9.999997e-01 -1.721760e-04 7.280520e-04 3.038593e+00 1.744217e-04 9.999952e-01 -3.085646e-03 -1.494323e-01 -7.275184e-04 3.085765e-03 9.999949e-01 -6.822708e+00
9.999975e-01 1.791382e-03 1.303711e-03 3.207482e+00 -1.792079e-03 9.999983e-01 5.337695e-04 -1.522439e-01 -1.302751e-03 -5.360975e-04 9.999991e-01 -7.048674e+00
9.999999e-01 -4.590402e-05 -4.607721e-04 3.315050e+00 4.475342e-05 9.999969e-01 -2.496768e-03 -1.540544e-01 4.608844e-04 2.496740e-03 9.999967e-01 -7.156615e+00
9.999958e-01 2.814017e-03 7.329484e-04 3.477323e+00 -2.812875e-03 9.999948e-01 -1.553959e-03 -1.401129e-01 -7.373166e-04 1.551898e-03 9.999986e-01 -8.141952e+00
9.999999e-01 -1.042669e-04 4.654281e-04 3.831038e+00 1.046194e-04 9.999997e-01 -7.574741e-04 -1.401146e-01 -4.653497e-04 7.575148e-04 9.999995e-01 -8.628253e+00
9.999975e-01 2.195253e-03 2.965230e-04 4.041262e+00 -2.194600e-03 9.999952e-01 -2.185725e-03 -1.368940e-01 -3.013192e-04 2.185077e-03 9.999977e-01 -9.093878e+00
9.999981e-01 3.816507e-04 1.903438e-03 4.514598e+00 -3.820760e-04 9.999999e-01 2.230394e-04 -1.467815e-01 -1.903354e-03 -2.237746e-04 9.999981e-01 -9.297203e+00
9.999916e-01 4.071449e-03 4.144748e-04 5.345843e+00 -4.070011e-03 9.999859e-01 -3.415184e-03 -1.626423e-01 -4.283735e-04 3.413477e-03 9.999942e-01 -9.600768e+00
9.999898e-01 1.689650e-03 4.180180e-03 6.449378e+00 -1.692823e-03 9.999983e-01 7.557536e-04 -1.916100e-01 -4.178896e-03 -7.628312e-04 9.999909e-01 -9.741968e+00
9.999925e-01 1.525051e-03 3.571411e-03 7.186167e+00 -1.507277e-03 9.999865e-01 -4.974195e-03 -2.265008e-01 -3.578950e-03 4.968784e-03 9.999814e-01 -9.166105e+00
9.999883e-01 4.661157e-03 1.317513e-03 8.250453e+00 -4.663526e-03 9.999875e-01 1.801177e-03 -2.557420e-01 -1.309099e-03 -1.807309e-03 9.999974e-01 -9.195630e+00
9.999997e-01 5.193045e-04 -4.832808e-04 9.153664e+00 -5.225019e-04 9.999778e-01 -6.639436e-03 -2.510808e-01 4.798204e-04 6.639697e-03 9.999779e-01 -1.057207e+01
9.999709e-01 6.641356e-03 3.750968e-03 1.052239e+01 -6.650393e-03 9.999750e-01 2.401838e-03 -2.687277e-01 -3.734921e-03 -2.426724e-03 9.999900e-01 -1.152401e+01
9.999714e-01 4.354010e-03 6.180193e-03 1.264191e+01 -4.306377e-03 9.999611e-01 -7.699810e-03 -3.261171e-01 -6.213481e-03 7.672986e-03 9.999514e-01 -1.159792e+01
9.999918e-01 3.611526e-03 -1.821506e-03 1.418254e+01 -3.606339e-03 9.999895e-01 2.842752e-03 -3.518855e-01 1.831757e-03 -2.836171e-03 9.999942e-01 -1.237938e+01
9.999776e-01 4.615812e-03 4.837309e-03 1.573109e+01 -4.577881e-03 9.999589e-01 -7.823376e-03 -3.631375e-01 -4.873226e-03 7.801069e-03 9.999578e-01 -1.384536e+01
9.999730e-01 6.383944e-03 3.652313e-03 1.782430e+01 -6.392943e-03 9.999765e-01 2.457546e-03 -4.177204e-01 -3.636534e-03 -2.480841e-03 9.999902e-01 -1.404985e+01
9.999393e-01 3.749665e-03 1.036235e-02 1.970777e+01 -3.661034e-03 9.999567e-01 -8.559009e-03 -4.881655e-01 -1.039400e-02 8.520565e-03 9.999098e-01 -1.337659e+01
9.999840e-01 1.248569e-03 -5.524434e-03 2.055027e+01 -1.210159e-03 9.999751e-01 6.950462e-03 -5.198449e-01 5.532982e-03 -6.943678e-03 9.999605e-01 -1.301631e+01
9.999713e-01 -3.530572e-04 7.562318e-03 2.033045e+01 4.310263e-04 9.999467e-01 -1.031112e-02 -5.017798e-01 -7.558281e-03 1.031410e-02 9.999183e-01 -1.436592e+01
9.999831e-01 1.417352e-03 -5.636016e-03 2.029081e+01 -1.382450e-03 9.999799e-01 6.191620e-03 -4.849188e-01 5.644686e-03 -6.183738e-03 9.999648e-01 -1.571942e+01
9.999609e-01 -1.120089e-03 8.772486e-03 2.024132e+01 1.214831e-03 9.999409e-01 -1.080213e-02 -4.615126e-01 -8.759875e-03 1.081238e-02 9.999033e-01 -1.738271e+01
9.999671e-01 2.416287e-03 -7.747338e-03 2.054643e+01 -2.358462e-03 9.999694e-01 7.464245e-03 -4.484461e-01 7.765144e-03 -7.445742e-03 9.999420e-01 -1.865713e+01
9.999544e-01 -1.579933e-03 9.421632e-03 2.084518e+01 1.680157e-03 9.999420e-01 -1.063922e-02 -4.319109e-01 -9.404284e-03 1.065458e-02 9.998991e-01 -1.997816e+01
9.999542e-01 2.367645e-03 -9.271383e-03 2.099767e+01 -2.294278e-03 9.999660e-01 7.915835e-03 -4.182951e-01 9.289818e-03 -7.894217e-03 9.999256e-01 -2.113616e+01
9.999594e-01 -1.232759e-03 8.925856e-03 2.089019e+01 1.319912e-03 9.999515e-01 -9.764880e-03 -4.109695e-01 -8.913393e-03 9.776280e-03 9.999126e-01 -2.163041e+01
9.999582e-01 1.577722e-03 -9.011419e-03 2.069940e+01 -1.509320e-03 9.999700e-01 7.592285e-03 -3.968117e-01 9.023135e-03 -7.578382e-03 9.999305e-01 -2.231022e+01
9.999547e-01 -1.200828e-03 9.437851e-03 2.058658e+01 1.294462e-03 9.999499e-01 -9.921250e-03 -3.825289e-01 -9.425472e-03 9.933034e-03 9.999063e-01 -2.307979e+01
9.999539e-01 1.539671e-03 -9.480801e-03 2.073335e+01 -1.464224e-03 9.999672e-01 7.959678e-03 -3.698044e-01 9.492754e-03 -7.945445e-03 9.999233e-01 -2.400297e+01
9.999560e-01 -8.511761e-04 9.345765e-03 2.097486e+01 9.451428e-04 9.999490e-01 -1.005472e-02 -3.565076e-01 -9.336738e-03 1.006312e-02 9.999059e-01 -2.516830e+01
9.999543e-01 1.483758e-03 -9.448328e-03 2.121255e+01 -1.410643e-03 9.999690e-01 7.740296e-03 -3.388348e-01 9.459529e-03 -7.726630e-03 9.999253e-01 -2.670767e+01
9.999469e-01 -1.571561e-03 1.018497e-02 2.142311e+01 1.678119e-03 9.999439e-01 -1.046225e-02 -3.135637e-01 -1.016796e-02 1.047880e-02 9.998935e-01 -2.853217e+01
9.999464e-01 1.843524e-03 -1.019300e-02 2.190729e+01 -1.760069e-03 9.999649e-01 8.190331e-03 -2.969292e-01 1.020775e-02 -8.171969e-03 9.999144e-01 -3.014246e+01
9.999581e-01 4.777213e-05 9.152385e-03 2.256336e+01 4.267246e-05 9.999512e-01 -9.881693e-03 -2.941221e-01 -9.152418e-03 9.881687e-03 9.999094e-01 -3.120824e+01
9.999515e-01 1.400125e-03 -9.746098e-03 2.313327e+01 -1.319578e-03 9.999650e-01 8.265945e-03 -2.917436e-01 9.757338e-03 -8.252701e-03 9.999182e-01 -3.200895e+01
9.999420e-01 1.209557e-03 1.070573e-02 2.390835e+01 -1.103880e-03 9.999507e-01 -9.871562e-03 -2.993091e-01 -1.071715e-02 9.859189e-03 9.998941e-01 -3.250282e+01
9.999461e-01 1.925672e-03 -1.020447e-02 2.448165e+01 -1.835622e-03 9.999594e-01 8.826524e-03 -3.128701e-01 1.022106e-02 -8.807334e-03 9.999089e-01 -3.255773e+01
9.999471e-01 1.050982e-03 1.022730e-02 2.500968e+01 -9.505322e-04 9.999513e-01 -9.821738e-03 -3.267972e-01 -1.023713e-02 9.811515e-03 9.998996e-01 -3.252571e+01
9.999367e-01 1.526479e-03 -1.114478e-02 2.536232e+01 -1.424842e-03 9.999574e-01 9.121884e-03 -3.365354e-01 1.115823e-02 -9.105445e-03 9.998962e-01 -3.254438e+01
9.999450e-01 -6.451342e-04 1.047199e-02 2.516074e+01 7.588009e-04 9.999408e-01 -1.085407e-02 -3.312901e-01 -1.046438e-02 1.086143e-02 9.998864e-01 -3.256372e+01
9.999289e-01 2.561004e-03 -1.164996e-02 2.536693e+01 -2.447793e-03 9.999497e-01 9.721525e-03 -3.387164e-01 1.167428e-02 -9.692335e-03 9.998848e-01 -3.249504e+01
9.999584e-01 1.311768e-03 9.023630e-03 2.595420e+01 -1.221155e-03 9.999489e-01 -1.004004e-02 -3.616751e-01 -9.036346e-03 1.002862e-02 9.999090e-01 -3.238270e+01
9.999269e-01 7.831758e-04 -1.206967e-02 2.598282e+01 -6.748188e-04 9.999595e-01 8.979017e-03 -3.662905e-01 1.207622e-02 -8.970233e-03 9.998867e-01 -3.243738e+01
9.999598e-01 7.079662e-04 8.939288e-03 2.610213e+01 -6.217433e-04 9.999533e-01 -9.644548e-03 -3.752895e-01 -8.945706e-03 9.638621e-03 9.999136e-01 -3.234569e+01
9.999381e-01 -2.843610e-05 -1.112325e-02 2.603078e+01 1.243388e-04 9.999628e-01 8.621156e-03 -3.814605e-01 1.112260e-02 -8.622024e-03 9.999009e-01 -3.213454e+01
9.999680e-01 1.407453e-03 7.877990e-03 2.614595e+01 -1.333891e-03 9.999555e-01 -9.335254e-03 -3.915440e-01 -7.890785e-03 9.324465e-03 9.999255e-01 -3.204683e+01
9.999315e-01 2.137330e-03 -1.150823e-02 2.655941e+01 -2.041821e-03 9.999634e-01 8.304484e-03 -4.117893e-01 1.152556e-02 -8.280436e-03 9.998992e-01 -3.206265e+01
9.999761e-01 2.966522e-03 6.250415e-03 2.732761e+01 -2.912297e-03 9.999582e-01 -8.666821e-03 -4.449405e-01 -6.275870e-03 8.648429e-03 9.999430e-01 -3.209209e+01
9.999239e-01 2.324235e-03 -1.211940e-02 2.820671e+01 -2.216206e-03 9.999578e-01 8.919489e-03 -4.801376e-01 1.213962e-02 -8.891969e-03 9.998867e-01 -3.209872e+01
9.999777e-01 2.487442e-03 6.199429e-03 2.896121e+01 -2.434201e-03 9.999602e-01 -8.580890e-03 -5.104340e-01 -6.220531e-03 8.565626e-03 9.999441e-01 -3.211901e+01
9.999268e-01 2.324127e-03 -1.187563e-02 2.969206e+01 -2.220058e-03 9.999591e-01 8.768877e-03 -5.402188e-01 1.189552e-02 -8.741888e-03 9.998909e-01 -3.214052e+01
9.999787e-01 2.052402e-03 6.190778e-03 3.022907e+01 -1.993469e-03 9.999528e-01 -9.510632e-03 -5.640235e-01 -6.210009e-03 9.498107e-03 9.999357e-01 -3.226030e+01
9.998920e-01 2.605629e-03 -1.446514e-02 3.068899e+01 -2.490615e-03 9.999652e-01 7.963449e-03 -5.901710e-01 1.448539e-02 -7.926581e-03 9.998636e-01 -3.259684e+01
9.999889e-01 2.801343e-03 3.796695e-03 3.136700e+01 -2.769784e-03 9.999618e-01 -8.292316e-03 -6.249562e-01 -3.819781e-03 8.281726e-03 9.999585e-01 -3.296353e+01
9.999346e-01 1.469758e-03 -1.133968e-02 3.190204e+01 -1.381877e-03 9.999690e-01 7.753787e-03 -6.497901e-01 1.135073e-02 -7.737629e-03 9.999055e-01 -3.314515e+01
9.999768e-01 1.169589e-03 6.703311e-03 3.210476e+01 -1.111337e-03 9.999616e-01 -8.687163e-03 -6.612718e-01 -6.713215e-03 8.679531e-03 9.999399e-01 -3.323877e+01
9.999473e-01 7.221946e-04 -1.023823e-02 3.204530e+01 -6.516509e-04 9.999760e-01 6.891872e-03 -6.681638e-01 1.024296e-02 -6.884857e-03 9.999237e-01 -3.331951e+01
9.999778e-01 2.020144e-03 6.352317e-03 3.236251e+01 -1.972136e-03 9.999695e-01 -7.554764e-03 -6.869706e-01 -6.367385e-03 7.542087e-03 9.999514e-01 -3.325291e+01
9.999516e-01 -2.294004e-04 -9.836443e-03 3.252908e+01 2.996398e-04 9.999745e-01 7.139849e-03 -6.986666e-01 9.834553e-03 -7.142470e-03 9.999260e-01 -3.315958e+01
9.999730e-01 1.869699e-03 7.106930e-03 3.256904e+01 -1.814458e-03 9.999682e-01 -7.771346e-03 -7.032874e-01 -7.121233e-03 7.758260e-03 9.999446e-01 -3.315001e+01
9.999496e-01 -3.308566e-04 -1.003823e-02 3.258130e+01 3.946161e-04 9.999798e-01 6.350348e-03 -7.055140e-01 1.003592e-02 -6.354008e-03 9.999294e-01 -3.326361e+01
9.999732e-01 3.876995e-03 6.208815e-03 3.297642e+01 -3.830432e-03 9.999646e-01 -7.493985e-03 -7.249028e-01 -6.237648e-03 7.470021e-03 9.999527e-01 -3.344508e+01
9.999496e-01 -1.018374e-03 -9.991936e-03 3.320698e+01 1.080354e-03 9.999802e-01 6.199624e-03 -7.429740e-01 9.985423e-03 -6.210125e-03 9.999308e-01 -3.347183e+01
9.999692e-01 4.998950e-03 6.043696e-03 3.378405e+01 -4.957396e-03 9.999641e-01 -6.870985e-03 -7.722982e-01 -6.077825e-03 6.840832e-03 9.999582e-01 -3.338653e+01
9.999368e-01 -3.063477e-04 -1.123760e-02 3.452441e+01 3.820579e-04 9.999772e-01 6.735707e-03 -8.042525e-01 1.123528e-02 -6.739594e-03 9.999141e-01 -3.337418e+01
9.999631e-01 4.978214e-03 7.006446e-03 3.522070e+01 -4.927346e-03 9.999615e-01 -7.258775e-03 -8.346943e-01 -7.042310e-03 7.224004e-03 9.999492e-01 -3.338231e+01
9.999601e-01 4.967497e-04 -8.916053e-03 3.607507e+01 -4.408894e-04 9.999803e-01 6.266027e-03 -8.715365e-01 8.918987e-03 -6.261866e-03 9.999405e-01 -3.325760e+01
9.999797e-01 1.097244e-03 6.275801e-03 3.621024e+01 -1.056069e-03 9.999779e-01 -6.560294e-03 -8.790358e-01 -6.282858e-03 6.553553e-03 9.999589e-01 -3.321173e+01
9.999668e-01 -6.436698e-04 -8.120149e-03 3.611380e+01 6.913165e-04 9.999826e-01 5.866301e-03 -8.773326e-01 8.116228e-03 -5.871740e-03 9.999497e-01 -3.318931e+01
9.999872e-01 4.096405e-03 2.983251e-03 3.666972e+01 -4.078728e-03 9.999742e-01 -5.907456e-03 -8.999919e-01 -3.007370e-03 5.895232e-03 9.999782e-01 -3.316300e+01
9.999622e-01 1.108337e-03 -8.627491e-03 3.751614e+01 -1.060253e-03 9.999839e-01 5.576068e-03 -9.334560e-01 8.633528e-03 -5.566729e-03 9.999471e-01 -3.329765e+01
9.999838e-01 3.652397e-03 4.367521e-03 3.807929e+01 -3.624721e-03 9.999734e-01 -6.327905e-03 -9.603468e-01 -4.390512e-03 6.311992e-03 9.999705e-01 -3.345270e+01
9.999614e-01 -1.347210e-03 -8.679168e-03 3.818460e+01 1.391919e-03 9.999858e-01 5.147359e-03 -9.711518e-01 8.672105e-03 -5.159261e-03 9.999490e-01 -3.357444e+01
9.999679e-01 1.829306e-03 7.803091e-03 3.790078e+01 -1.771894e-03 9.999714e-01 -7.358120e-03 -9.665715e-01 -7.816322e-03 7.344077e-03 9.999426e-01 -3.355534e+01
9.999736e-01 -1.728906e-03 -7.053443e-03 3.742437e+01 1.760180e-03 9.999886e-01 4.430215e-03 -9.555359e-01 7.045698e-03 -4.442534e-03 9.999652e-01 -3.348145e+01
9.999650e-01 1.680553e-03 8.190187e-03 3.692520e+01 -1.618692e-03 9.999702e-01 -7.553839e-03 -9.444393e-01 -8.202632e-03 7.540339e-03 9.999380e-01 -3.337298e+01
9.999689e-01 -1.859068e-03 -7.661057e-03 3.651018e+01 1.897408e-03 9.999857e-01 5.000421e-03 -9.354593e-01 7.651646e-03 -5.014823e-03 9.999581e-01 -3.324733e+01
9.999705e-01 2.013841e-03 7.406189e-03 3.627054e+01 -1.964840e-03 9.999762e-01 -6.617505e-03 -9.287814e-01 -7.419334e-03 6.602780e-03 9.999508e-01 -3.321698e+01
9.999702e-01 -1.738900e-03 -7.519379e-03 3.601596e+01 1.775864e-03 9.999864e-01 4.912080e-03 -9.214056e-01 7.510730e-03 -4.925309e-03 9.999596e-01 -3.320668e+01
9.999756e-01 1.847828e-03 6.738737e-03 3.580560e+01 -1.804803e-03 9.999780e-01 -6.385147e-03 -9.167152e-01 -6.750382e-03 6.372850e-03 9.999570e-01 -3.316533e+01
9.999498e-01 -7.472193e-04 -9.989674e-03 3.582667e+01 8.051600e-04 9.999829e-01 5.797346e-03 -9.204035e-01 9.985166e-03 -5.805120e-03 9.999332e-01 -3.316558e+01
9.999732e-01 1.757590e-03 7.104469e-03 3.581069e+01 -1.713050e-03 9.999789e-01 -6.270451e-03 -9.230025e-01 -7.115334e-03 6.258134e-03 9.999552e-01 -3.314325e+01
9.999664e-01 -1.747781e-03 -8.013017e-03 3.559161e+01 1.787391e-03 9.999862e-01 4.938790e-03 -9.186409e-01 8.004269e-03 -4.952968e-03 9.999556e-01 -3.303867e+01
9.999720e-01 1.689972e-03 7.286900e-03 3.531073e+01 -1.642411e-03 9.999773e-01 -6.527831e-03 -9.131043e-01 -7.297761e-03 6.515703e-03 9.999522e-01 -3.290972e+01
9.999629e-01 -1.501856e-03 -8.480939e-03 3.512404e+01 1.547008e-03 9.999847e-01 5.319947e-03 -9.096406e-01 8.472814e-03 -5.332892e-03 9.999498e-01 -3.283523e+01
9.999674e-01 1.386865e-03 7.954116e-03 3.481544e+01 -1.330806e-03 9.999743e-01 -7.048736e-03 -9.036724e-01 -7.963681e-03 7.037943e-03 9.999436e-01 -3.270197e+01
9.999575e-01 -1.525076e-03 -9.089635e-03 3.452379e+01 1.575878e-03 9.999832e-01 5.584552e-03 -8.993783e-01 9.080959e-03 -5.598661e-03 9.999430e-01 -3.251703e+01
9.999665e-01 1.511035e-03 8.049285e-03 3.430301e+01 -1.455355e-03 9.999750e-01 -6.918759e-03 -8.950702e-01 -8.059533e-03 6.906835e-03 9.999438e-01 -3.241410e+01
9.999499e-01 -1.274527e-03 -9.930061e-03 3.415929e+01 1.333484e-03 9.999815e-01 5.932894e-03 -8.933887e-01 9.922309e-03 -5.945860e-03 9.999330e-01 -3.232301e+01
9.999662e-01 1.540572e-03 8.080719e-03 3.402479e+01 -1.485101e-03 9.999753e-01 -6.866035e-03 -8.927501e-01 -8.091091e-03 6.853825e-03 9.999439e-01 -3.222281e+01
9.999409e-01 -6.660273e-04 -1.084734e-02 3.393222e+01 7.289957e-04 9.999829e-01 5.802106e-03 -8.950301e-01 1.084328e-02 -5.809694e-03 9.999242e-01 -3.220719e+01
9.999561e-01 8.980702e-04 9.325891e-03 3.366819e+01 -8.245782e-04 9.999686e-01 -7.881184e-03 -8.931819e-01 -9.332669e-03 7.873171e-03 9.999256e-01 -3.212449e+01
9.999329e-01 -7.176135e-04 -1.156390e-02 3.346866e+01 7.892698e-04 9.999805e-01 6.193244e-03 -8.944346e-01 1.155922e-02 -6.201979e-03 9.999139e-01 -3.200048e+01
9.999670e-01 2.134019e-03 7.840410e-03 3.355033e+01 -2.080649e-03 9.999747e-01 -6.808733e-03 -9.052662e-01 -7.854734e-03 6.792219e-03 9.999462e-01 -3.187906e+01
9.999412e-01 -1.297638e-03 -1.076586e-02 3.352964e+01 1.362755e-03 9.999808e-01 6.043485e-03 -9.105693e-01 1.075780e-02 -6.057825e-03 9.999237e-01 -3.179684e+01
9.999610e-01 1.734084e-03 8.661150e-03 3.336089e+01 -1.667759e-03 9.999693e-01 -7.658988e-03 -9.098110e-01 -8.674157e-03 7.644268e-03 9.999333e-01 -3.176535e+01
9.999552e-01 -1.754162e-03 -9.297514e-03 3.302513e+01 1.806553e-03 9.999825e-01 5.629598e-03 -9.034188e-01 9.287468e-03 -5.646166e-03 9.999408e-01 -3.165341e+01
9.999652e-01 2.026525e-03 8.090798e-03 3.276581e+01 -1.964773e-03 9.999689e-01 -7.632799e-03 -8.996026e-01 -8.106006e-03 7.616660e-03 9.999382e-01 -3.159496e+01
9.999420e-01 -8.868135e-04 -1.073393e-02 3.269587e+01 9.532378e-04 9.999804e-01 6.184811e-03 -9.045598e-01 1.072823e-02 -6.194708e-03 9.999232e-01 -3.154652e+01
9.999608e-01 2.264534e-03 8.560436e-03 3.257756e+01 -2.194479e-03 9.999641e-01 -8.183980e-03 -9.090625e-01 -8.578653e-03 8.164898e-03 9.999300e-01 -3.156096e+01
9.999467e-01 -1.695139e-03 -1.018888e-02 3.236050e+01 1.760357e-03 9.999780e-01 6.395474e-03 -9.094153e-01 1.017780e-02 -6.413093e-03 9.999275e-01 -3.143503e+01
9.999608e-01 2.377888e-03 8.524863e-03 3.220133e+01 -2.309518e-03 9.999652e-01 -8.020900e-03 -9.097199e-01 -8.543630e-03 8.000922e-03 9.999316e-01 -3.138815e+01
9.999455e-01 -1.421422e-03 -1.034550e-02 3.214141e+01 1.490080e-03 9.999769e-01 6.631965e-03 -9.122584e-01 1.033582e-02 -6.647044e-03 9.999244e-01 -3.136558e+01
9.999527e-01 1.506701e-03 9.612597e-03 3.180942e+01 -1.423308e-03 9.999613e-01 -8.676273e-03 -9.058043e-01 -9.625289e-03 8.662206e-03 9.999163e-01 -3.127021e+01
9.999378e-01 -1.215542e-03 -1.108813e-02 3.148119e+01 1.291452e-03 9.999758e-01 6.841537e-03 -9.043092e-01 1.107953e-02 -6.855457e-03 9.999150e-01 -3.102146e+01
9.999478e-01 1.463043e-03 1.011033e-02 3.110919e+01 -1.369861e-03 9.999566e-01 -9.217192e-03 -8.991443e-01 -1.012337e-02 9.202887e-03 9.999065e-01 -3.090426e+01
9.999309e-01 -9.714577e-04 -1.171621e-02 3.089391e+01 1.058671e-03 9.999718e-01 7.440023e-03 -8.996872e-01 1.170864e-02 -7.451938e-03 9.999036e-01 -3.077570e+01
9.999370e-01 1.250682e-03 1.115457e-02 3.057125e+01 -1.143288e-03 9.999530e-01 -9.628882e-03 -8.948184e-01 -1.116608e-02 9.615548e-03 9.998915e-01 -3.066061e+01
9.999178e-01 -1.103243e-03 -1.277248e-02 3.036790e+01 1.207829e-03 9.999658e-01 8.183665e-03 -8.955071e-01 1.276301e-02 -8.198446e-03 9.998848e-01 -3.042354e+01
9.999328e-01 1.711595e-03 1.146781e-02 3.017973e+01 -1.599422e-03 9.999509e-01 -9.783472e-03 -8.949651e-01 -1.148398e-02 9.764499e-03 9.998865e-01 -3.031956e+01
9.999231e-01 -1.575727e-03 -1.230255e-02 2.993298e+01 1.675516e-03 9.999657e-01 8.105253e-03 -8.908670e-01 1.228935e-02 -8.125269e-03 9.998914e-01 -3.022307e+01
9.999399e-01 1.712953e-03 1.083257e-02 2.969834e+01 -1.612913e-03 9.999560e-01 -9.237040e-03 -8.869296e-01 -1.084791e-02 9.219039e-03 9.998988e-01 -3.008193e+01
9.999024e-01 -7.371442e-04 -1.395360e-02 2.974070e+01 8.537064e-04 9.999648e-01 8.349535e-03 -8.982617e-01 1.394695e-02 -8.360659e-03 9.998677e-01 -2.973672e+01
9.999373e-01 2.012916e-03 1.101208e-02 2.968462e+01 -1.907406e-03 9.999523e-01 -9.583266e-03 -9.026555e-01 -1.103084e-02 9.561688e-03 9.998935e-01 -2.966799e+01
9.999151e-01 -1.795253e-03 -1.290809e-02 2.955740e+01 1.909534e-03 9.999590e-01 8.846616e-03 -9.006170e-01 1.289167e-02 -8.870540e-03 9.998775e-01 -2.956787e+01
9.999381e-01 2.116893e-03 1.092338e-02 2.941152e+01 -2.014260e-03 9.999538e-01 -9.398070e-03 -8.986384e-01 -1.094276e-02 9.375512e-03 9.998963e-01 -2.943517e+01
9.999015e-01 -1.636697e-03 -1.394174e-02 2.930860e+01 1.762857e-03 9.999576e-01 9.041713e-03 -9.007368e-01 1.392633e-02 -9.065426e-03 9.998618e-01 -2.917744e+01
9.999395e-01 2.244307e-03 1.076879e-02 2.916798e+01 -2.136411e-03 9.999475e-01 -1.002021e-02 -9.112892e-01 -1.079070e-02 9.996628e-03 9.998919e-01 -2.853020e+01
9.999278e-01 -1.392255e-03 -1.193395e-02 2.913802e+01 1.489334e-03 9.999658e-01 8.129847e-03 -9.305183e-01 1.192221e-02 -8.147061e-03 9.998956e-01 -2.771574e+01
9.999499e-01 2.282455e-03 9.741089e-03 2.900253e+01 -2.183341e-03 9.999459e-01 -1.017319e-02 -9.403642e-01 -9.763769e-03 1.015144e-02 9.999009e-01 -2.739628e+01
9.999338e-01 -7.982501e-04 -1.147925e-02 2.891168e+01 8.902745e-04 9.999675e-01 8.013841e-03 -9.512676e-01 1.147247e-02 -8.023557e-03 9.999019e-01 -2.720355e+01
9.999503e-01 1.857719e-03 9.799296e-03 2.886680e+01 -1.761956e-03 9.999507e-01 -9.771870e-03 -9.608939e-01 -9.816954e-03 9.754146e-03 9.999043e-01 -2.695235e+01
9.999234e-01 -4.103227e-04 -1.237109e-02 2.873829e+01 5.090491e-04 9.999680e-01 7.978447e-03 -9.662843e-01 1.236741e-02 -7.984161e-03 9.998915e-01 -2.695137e+01
9.999567e-01 3.131724e-03 8.767774e-03 2.882136e+01 -3.048462e-03 9.999503e-01 -9.493569e-03 -9.784002e-01 -8.797057e-03 9.466457e-03 9.999166e-01 -2.725367e+01
9.999227e-01 -7.768158e-04 -1.241018e-02 2.876149e+01 8.729313e-04 9.999697e-01 7.741490e-03 -9.838993e-01 1.240378e-02 -7.751753e-03 9.998929e-01 -2.769328e+01
9.999218e-01 2.001496e-03 1.234776e-02 2.827576e+01 -1.872674e-03 9.999438e-01 -1.043548e-02 -9.752427e-01 -1.236794e-02 1.041157e-02 9.998694e-01 -2.794720e+01
9.999138e-01 -1.422644e-03 -1.305425e-02 2.789007e+01 1.530578e-03 9.999647e-01 8.261975e-03 -9.723256e-01 1.304202e-02 -8.281272e-03 9.998806e-01 -2.785731e+01
9.999193e-01 2.556714e-03 1.244406e-02 2.789539e+01 -2.425008e-03 9.999410e-01 -1.058726e-02 -9.776143e-01 -1.247038e-02 1.055626e-02 9.998666e-01 -2.789154e+01
9.998910e-01 -7.989414e-04 -1.473988e-02 2.786430e+01 9.233540e-04 9.999640e-01 8.435791e-03 -9.783530e-01 1.473260e-02 -8.448511e-03 9.998557e-01 -2.841512e+01
9.999135e-01 2.230535e-03 1.296191e-02 2.789860e+01 -2.106315e-03 9.999518e-01 -9.589019e-03 -9.792074e-01 -1.298266e-02 9.560916e-03 9.998701e-01 -2.858414e+01
9.998889e-01 -1.689609e-03 -1.480884e-02 2.786009e+01 1.822215e-03 9.999583e-01 8.945748e-03 -9.830828e-01 1.479309e-02 -8.971769e-03 9.998502e-01 -2.839258e+01
9.999155e-01 2.690235e-03 1.271800e-02 2.776322e+01 -2.562191e-03 9.999460e-01 -1.007335e-02 -9.830570e-01 -1.274440e-02 1.003994e-02 9.998685e-01 -2.847089e+01
9.998753e-01 -1.428346e-03 -1.572550e-02 2.766727e+01 1.565863e-03 9.999606e-01 8.736133e-03 -9.842771e-01 1.571238e-02 -8.759697e-03 9.998381e-01 -2.866752e+01
9.999180e-01 3.123909e-03 1.241789e-02 2.750935e+01 -2.989906e-03 9.999373e-01 -1.079492e-02 -9.875151e-01 -1.245082e-02 1.075694e-02 9.998647e-01 -2.903009e+01
9.998932e-01 -9.576287e-04 -1.458179e-02 2.713219e+01 1.068888e-03 9.999704e-01 7.624303e-03 -9.861724e-01 1.457404e-02 -7.639105e-03 9.998645e-01 -2.977504e+01
9.999311e-01 3.459325e-03 1.121707e-02 2.707278e+01 -3.351370e-03 9.999480e-01 -9.628534e-03 -9.921582e-01 -1.124978e-02 9.590308e-03 9.998908e-01 -3.034314e+01
9.998959e-01 -1.511558e-03 -1.435243e-02 2.695192e+01 1.618493e-03 9.999710e-01 7.442115e-03 -9.912104e-01 1.434075e-02 -7.464599e-03 9.998692e-01 -3.105606e+01
9.999283e-01 3.037013e-03 1.158674e-02 2.680775e+01 -2.928005e-03 9.999514e-01 -9.413144e-03 -9.894500e-01 -1.161475e-02 9.378573e-03 9.998887e-01 -3.167653e+01
9.998867e-01 -1.732814e-03 -1.495391e-02 2.676412e+01 1.852283e-03 9.999664e-01 7.979150e-03 -9.898880e-01 1.493957e-02 -8.005975e-03 9.998562e-01 -3.208993e+01
9.999024e-01 2.835281e-03 1.367812e-02 2.655253e+01 -2.697382e-03 9.999455e-01 -1.008947e-02 -9.844455e-01 -1.370597e-02 1.005162e-02 9.998556e-01 -3.233634e+01
9.999076e-01 -2.010311e-03 -1.344353e-02 2.608748e+01 2.106449e-03 9.999723e-01 7.141073e-03 -9.739334e-01 1.342878e-02 -7.168762e-03 9.998840e-01 -3.242905e+01
9.999256e-01 3.001135e-03 1.182131e-02 2.580072e+01 -2.891281e-03 9.999526e-01 -9.298800e-03 -9.714797e-01 -1.184865e-02 9.263961e-03 9.998870e-01 -3.252296e+01
9.998990e-01 -1.537602e-03 -1.412863e-02 2.560734e+01 1.639612e-03 9.999726e-01 7.211564e-03 -9.719796e-01 1.411714e-02 -7.234032e-03 9.998741e-01 -3.277705e+01
9.999387e-01 3.445190e-03 1.052548e-02 2.563656e+01 -3.353617e-03 9.999565e-01 -8.705100e-03 -9.788632e-01 -1.055500e-02 8.669300e-03 9.999068e-01 -3.299993e+01
9.999209e-01 -2.788503e-03 -1.226537e-02 2.538992e+01 2.871576e-03 9.999730e-01 6.760796e-03 -9.771510e-01 1.224617e-02 -6.795514e-03 9.999018e-01 -3.297253e+01
9.999295e-01 3.577532e-03 1.132524e-02 2.500696e+01 -3.474165e-03 9.999523e-01 -9.133457e-03 -9.715852e-01 -1.135736e-02 9.093499e-03 9.998943e-01 -3.300471e+01
9.999000e-01 -2.052856e-03 -1.399296e-02 2.480970e+01 2.156080e-03 9.999705e-01 7.365952e-03 -9.735364e-01 1.397741e-02 -7.395417e-03 9.998749e-01 -3.314825e+01
9.999394e-01 3.914080e-03 1.029450e-02 2.475341e+01 -3.823662e-03 9.999541e-01 -8.787886e-03 -9.797079e-01 -1.032840e-02 8.748023e-03 9.999085e-01 -3.341099e+01
9.998903e-01 -1.906294e-03 -1.468603e-02 2.479467e+01 2.010842e-03 9.999727e-01 7.107605e-03 -9.871147e-01 1.467206e-02 -7.136389e-03 9.998668e-01 -3.378505e+01
9.999302e-01 3.333531e-03 1.133354e-02 2.486038e+01 -3.238722e-03 9.999597e-01 -8.373218e-03 -9.966664e-01 -1.136098e-02 8.335960e-03 9.999008e-01 -3.374125e+01
9.998999e-01 -2.024107e-03 -1.400077e-02 2.471359e+01 2.115822e-03 9.999764e-01 6.539245e-03 -1.000244e+00 1.398718e-02 -6.568246e-03 9.998805e-01 -3.378986e+01
9.999426e-01 3.112918e-03 1.025611e-02 2.480314e+01 -3.042948e-03 9.999720e-01 -6.830440e-03 -1.008669e+00 -1.027707e-02 6.798872e-03 9.999242e-01 -3.369374e+01
9.999290e-01 -3.058719e-03 -1.151289e-02 2.451840e+01 3.120082e-03 9.999810e-01 5.315997e-03 -1.005492e+00 1.149639e-02 -5.351574e-03 9.999195e-01 -3.350207e+01
9.999267e-01 3.025846e-03 1.172320e-02 2.394430e+01 -2.924009e-03 9.999579e-01 -8.693959e-03 -9.960534e-01 -1.174900e-02 8.659076e-03 9.998936e-01 -3.333294e+01
9.999095e-01 -3.762693e-03 -1.291840e-02 2.340088e+01 3.842686e-03 9.999736e-01 6.173232e-03 -9.928958e-01 1.289481e-02 -6.222348e-03 9.998974e-01 -3.285297e+01
9.998507e-01 3.609496e-03 1.690119e-02 2.209516e+01 -3.380896e-03 9.999027e-01 -1.353456e-02 -9.685588e-01 -1.694838e-02 1.347543e-02 9.997657e-01 -3.264160e+01
9.998770e-01 -3.514784e-03 -1.528553e-02 2.127099e+01 3.644841e-03 9.999573e-01 8.489204e-03 -9.533425e-01 1.525503e-02 -8.543908e-03 9.998470e-01 -3.259415e+01
9.998822e-01 4.244558e-03 1.475103e-02 2.077066e+01 -4.069741e-03 9.999214e-01 -1.186081e-02 -9.467729e-01 -1.480019e-02 1.179941e-02 9.998209e-01 -3.260240e+01
9.998881e-01 -3.960640e-03 -1.442233e-02 2.021242e+01 4.077276e-03 9.999591e-01 8.066997e-03 -9.389483e-01 1.438977e-02 -8.124933e-03 9.998634e-01 -3.257933e+01
9.998632e-01 4.463092e-03 1.592644e-02 1.949286e+01 -4.261602e-03 9.999107e-01 -1.266267e-02 -9.234288e-01 -1.598152e-02 1.259310e-02 9.997931e-01 -3.258067e+01
9.998779e-01 -4.302971e-03 -1.502374e-02 1.895632e+01 4.439836e-03 9.999488e-01 9.088672e-03 -9.117595e-01 1.498384e-02 -9.154301e-03 9.998457e-01 -3.256023e+01
9.998819e-01 4.551215e-03 1.468202e-02 1.858325e+01 -4.380810e-03 9.999229e-01 -1.161746e-02 -9.045079e-01 -1.473375e-02 1.155181e-02 9.998248e-01 -3.250137e+01
9.998944e-01 -4.139149e-03 -1.393132e-02 1.797946e+01 4.249372e-03 9.999598e-01 7.891842e-03 -8.919690e-01 1.389807e-02 -7.950245e-03 9.998717e-01 -3.245276e+01
9.998903e-01 4.481808e-03 1.411483e-02 1.742533e+01 -4.321169e-03 9.999258e-01 -1.139057e-02 -8.813565e-01 -1.416481e-02 1.132837e-02 9.998356e-01 -3.243994e+01
9.998680e-01 -4.090843e-03 -1.572474e-02 1.711167e+01 4.239188e-03 9.999467e-01 9.412342e-03 -8.775508e-01 1.568538e-02 -9.477797e-03 9.998320e-01 -3.232612e+01
9.998719e-01 4.907224e-03 1.523714e-02 1.668371e+01 -4.719353e-03 9.999127e-01 -1.234116e-02 -8.699223e-01 -1.529635e-02 1.226770e-02 9.998078e-01 -3.234989e+01
9.998554e-01 -4.126559e-03 -1.649977e-02 1.639315e+01 4.292865e-03 9.999402e-01 1.005681e-02 -8.657534e-01 1.645726e-02 -1.012622e-02 9.998132e-01 -3.238909e+01
9.998803e-01 4.781231e-03 1.471278e-02 1.623583e+01 -4.615071e-03 9.999254e-01 -1.130659e-02 -8.641228e-01 -1.476573e-02 1.123738e-02 9.998279e-01 -3.233876e+01
9.998400e-01 -3.750112e-03 -1.749098e-02 1.615917e+01 3.929522e-03 9.999399e-01 1.023439e-02 -8.664229e-01 1.745153e-02 -1.030152e-02 9.997945e-01 -3.234296e+01
9.998604e-01 4.763105e-03 1.601459e-02 1.596762e+01 -4.571738e-03 9.999180e-01 -1.196475e-02 -8.637236e-01 -1.607025e-02 1.188990e-02 9.998003e-01 -3.236898e+01
9.998447e-01 -3.350195e-03 -1.729968e-02 1.572823e+01 3.518929e-03 9.999464e-01 9.732614e-03 -8.595175e-01 1.726613e-02 -9.792017e-03 9.998029e-01 -3.253978e+01
9.998663e-01 5.122996e-03 1.553021e-02 1.551801e+01 -4.941933e-03 9.999196e-01 -1.167459e-02 -8.576328e-01 -1.558875e-02 1.159632e-02 9.998113e-01 -3.268127e+01
9.998608e-01 -3.469297e-03 -1.631989e-02 1.511185e+01 3.610728e-03 9.999561e-01 8.644936e-03 -8.474237e-01 1.628916e-02 -8.702698e-03 9.998294e-01 -3.290531e+01
9.998711e-01 5.624502e-03 1.503859e-02 1.479692e+01 -5.452619e-03 9.999196e-01 -1.144585e-02 -8.403490e-01 -1.510174e-02 1.136241e-02 9.998215e-01 -3.331629e+01
9.998599e-01 -3.706857e-03 -1.632494e-02 1.448786e+01 3.852367e-03 9.999530e-01 8.891199e-03 -8.303665e-01 1.629120e-02 -8.952882e-03 9.998271e-01 -3.388435e+01
9.998248e-01 5.304303e-03 1.795165e-02 1.346788e+01 -5.051700e-03 9.998880e-01 -1.408728e-02 -8.055552e-01 -1.802435e-02 1.399416e-02 9.997397e-01 -3.426038e+01
9.999011e-01 -3.667291e-03 -1.357872e-02 1.206946e+01 3.757872e-03 9.999708e-01 6.651524e-03 -7.714916e-01 1.355392e-02 -6.701933e-03 9.998856e-01 -3.486419e+01
9.998413e-01 5.462899e-03 1.695641e-02 1.067706e+01 -5.227834e-03 9.998901e-01 -1.387615e-02 -7.373628e-01 -1.703034e-02 1.378534e-02 9.997600e-01 -3.552587e+01
9.998763e-01 -3.776658e-03 -1.526799e-02 9.687359e+00 3.901583e-03 9.999591e-01 8.160946e-03 -7.149001e-01 1.523653e-02 -8.219547e-03 9.998500e-01 -3.598728e+01
9.998584e-01 5.474400e-03 1.591042e-02 8.856265e+00 -5.266756e-03 9.999008e-01 -1.306327e-02 -6.960286e-01 -1.598034e-02 1.297766e-02 9.997882e-01 -3.634401e+01
9.998742e-01 -3.465766e-03 -1.547665e-02 8.150033e+00 3.598832e-03 9.999567e-01 8.578543e-03 -6.786676e-01 1.544623e-02 -8.633204e-03 9.998433e-01 -3.701080e+01
9.998646e-01 5.636786e-03 1.545720e-02 7.434954e+00 -5.436577e-03 9.999012e-01 -1.296377e-02 -6.605776e-01 -1.552873e-02 1.287802e-02 9.997966e-01 -3.763684e+01
9.998531e-01 -3.886749e-03 -1.669148e-02 7.136622e+00 4.053745e-03 9.999419e-01 9.982952e-03 -6.529659e-01 1.665169e-02 -1.004919e-02 9.998108e-01 -3.781082e+01
9.998686e-01 6.077975e-03 1.502766e-02 6.789829e+00 -5.879604e-03 9.998955e-01 -1.320922e-02 -6.460574e-01 -1.510636e-02 1.311917e-02 9.997999e-01 -3.802376e+01
9.998021e-01 -3.850616e-03 -1.951790e-02 6.853799e+00 4.091336e-03 9.999159e-01 1.230861e-02 -6.513163e-01 1.946884e-02 -1.238607e-02 9.997336e-01 -3.816161e+01
9.998759e-01 5.587327e-03 1.473003e-02 7.054872e+00 -5.401410e-03 9.999056e-01 -1.263106e-02 -6.610518e-01 -1.479920e-02 1.254997e-02 9.998118e-01 -3.822005e+01
9.997853e-01 -2.514319e-03 -2.056920e-02 7.535317e+00 2.767789e-03 9.999205e-01 1.230384e-02 -6.782938e-01 2.053661e-02 -1.235818e-02 9.997126e-01 -3.849206e+01
9.998726e-01 5.646700e-03 1.492858e-02 7.783721e+00 -5.452619e-03 9.999005e-01 -1.300922e-02 -6.911619e-01 -1.500053e-02 1.292621e-02 9.998040e-01 -3.877471e+01
9.997656e-01 -2.820289e-03 -2.146470e-02 8.101934e+00 3.093946e-03 9.999142e-01 1.272682e-02 -7.057907e-01 2.142695e-02 -1.279029e-02 9.996885e-01 -3.898263e+01
9.998759e-01 5.957200e-03 1.458376e-02 8.445112e+00 -5.766909e-03 9.998982e-01 -1.305529e-02 -7.224679e-01 -1.466003e-02 1.296961e-02 9.998085e-01 -3.916437e+01
9.997564e-01 -2.502544e-03 -2.192939e-02 8.740402e+00 2.776291e-03 9.999185e-01 1.246177e-02 -7.389998e-01 2.189640e-02 -1.251966e-02 9.996818e-01 -3.943833e+01
9.998627e-01 5.496704e-03 1.563360e-02 9.151014e+00 -5.299627e-03 9.999063e-01 -1.261925e-02 -7.572428e-01 -1.570148e-02 1.253471e-02 9.997982e-01 -3.955062e+01
9.997533e-01 -2.388092e-03 -2.208416e-02 9.717383e+00 2.665252e-03 9.999179e-01 1.252951e-02 -7.775507e-01 2.205240e-02 -1.258532e-02 9.996775e-01 -3.976744e+01
9.998645e-01 5.248070e-03 1.560296e-02 1.011877e+01 -5.050449e-03 9.999069e-01 -1.267780e-02 -7.913240e-01 -1.566802e-02 1.259732e-02 9.997980e-01 -4.007483e+01
9.997781e-01 -3.221613e-03 -2.081913e-02 1.029703e+01 3.479098e-03 9.999178e-01 1.234358e-02 -8.003178e-01 2.077762e-02 -1.241332e-02 9.997070e-01 -4.017446e+01
9.998641e-01 4.987037e-03 1.571427e-02 1.043206e+01 -4.791013e-03 9.999106e-01 -1.248693e-02 -8.079270e-01 -1.577512e-02 1.240999e-02 9.997986e-01 -4.020874e+01
9.997556e-01 -2.783889e-03 -2.192940e-02 1.067262e+01 3.055476e-03 9.999189e-01 1.236112e-02 -8.186667e-01 2.189319e-02 -1.242514e-02 9.996830e-01 -4.033641e+01
9.998753e-01 6.297844e-03 1.447877e-02 1.111308e+01 -6.120619e-03 9.999062e-01 -1.225185e-02 -8.364519e-01 -1.455455e-02 1.216174e-02 9.998202e-01 -4.057725e+01
9.997689e-01 -2.797326e-03 -2.131678e-02 1.156212e+01 3.057991e-03 9.999208e-01 1.220568e-02 -8.553166e-01 2.128092e-02 -1.226809e-02 9.996982e-01 -4.075055e+01
9.998526e-01 5.728519e-03 1.618347e-02 1.169805e+01 -5.518854e-03 9.999007e-01 -1.297021e-02 -8.654151e-01 -1.625614e-02 1.287902e-02 9.997850e-01 -4.089514e+01
9.997591e-01 -2.571284e-03 -2.179850e-02 1.190026e+01 2.839290e-03 9.999206e-01 1.227295e-02 -8.768592e-01 2.176519e-02 -1.233193e-02 9.996870e-01 -4.111854e+01
9.998279e-01 5.455506e-03 1.773340e-02 1.197391e+01 -5.221304e-03 9.998989e-01 -1.322605e-02 -8.835310e-01 -1.780374e-02 1.313123e-02 9.997554e-01 -4.128395e+01
9.997645e-01 -2.944627e-03 -2.149850e-02 1.210129e+01 3.206573e-03 9.999209e-01 1.216039e-02 -8.919746e-01 2.146097e-02 -1.222651e-02 9.996948e-01 -4.142910e+01
9.998276e-01 5.856363e-03 1.762287e-02 1.251712e+01 -5.634155e-03 9.999043e-01 -1.263206e-02 -9.092145e-01 -1.769513e-02 1.253063e-02 9.997650e-01 -4.148262e+01
9.997902e-01 -4.237569e-03 -2.003803e-02 1.246290e+01 4.458792e-03 9.999295e-01 1.100870e-02 -9.132021e-01 1.998994e-02 -1.109578e-02 9.997385e-01 -4.152727e+01
9.998364e-01 6.201852e-03 1.699390e-02 1.242469e+01 -5.988895e-03 9.999033e-01 -1.255338e-02 -9.184043e-01 -1.707008e-02 1.244959e-02 9.997769e-01 -4.160811e+01
9.997560e-01 -2.892709e-03 -2.189682e-02 1.290512e+01 3.160956e-03 9.999203e-01 1.222609e-02 -9.381769e-01 2.185968e-02 -1.229237e-02 9.996854e-01 -4.167997e+01
9.998461e-01 6.026717e-03 1.647419e-02 1.335733e+01 -5.823879e-03 9.999070e-01 -1.233239e-02 -9.572461e-01 -1.654696e-02 1.223460e-02 9.997883e-01 -4.170279e+01
9.997469e-01 -2.417459e-03 -2.236541e-02 1.393419e+01 2.695291e-03 9.999195e-01 1.240090e-02 -9.812502e-01 2.233361e-02 -1.245808e-02 9.996729e-01 -4.176641e+01
9.998331e-01 5.556160e-03 1.740356e-02 1.441814e+01 -5.333640e-03 9.999038e-01 -1.280590e-02 -1.000105e+00 -1.747300e-02 1.271098e-02 9.997666e-01 -4.195636e+01
9.997424e-01 -1.923954e-03 -2.261438e-02 1.504661e+01 2.205186e-03 9.999205e-01 1.241794e-02 -1.023496e+00 2.258866e-02 -1.246466e-02 9.996670e-01 -4.215239e+01
9.998325e-01 5.464851e-03 1.746540e-02 1.565393e+01 -5.240909e-03 9.999038e-01 -1.284176e-02 -1.046145e+00 -1.753387e-02 1.274812e-02 9.997651e-01 -4.239928e+01
9.997404e-01 -1.437839e-03 -2.273986e-02 1.639018e+01 1.724517e-03 9.999192e-01 1.259258e-02 -1.074018e+00 2.271989e-02 -1.262858e-02 9.996620e-01 -4.252661e+01
9.998502e-01 6.216155e-03 1.615177e-02 1.725347e+01 -6.015303e-03 9.999044e-01 -1.245377e-02 -1.106592e+00 -1.622761e-02 1.235479e-02 9.997921e-01 -4.270829e+01
9.997456e-01 -1.700284e-03 -2.249247e-02 1.806047e+01 1.981975e-03 9.999198e-01 1.250773e-02 -1.138379e+00 2.246937e-02 -1.254917e-02 9.996687e-01 -4.280942e+01
9.998346e-01 6.389759e-03 1.702961e-02 1.888811e+01 -6.173987e-03 9.999004e-01 -1.269256e-02 -1.169452e+00 -1.710898e-02 1.258537e-02 9.997745e-01 -4.295861e+01
9.997667e-01 -2.868595e-03 -2.140827e-02 1.956570e+01 3.135850e-03 9.999174e-01 1.246098e-02 -1.190564e+00 2.137073e-02 -1.252525e-02 9.996931e-01 -4.319013e+01
