9.999958e-01 2.727157e-03 -9.562311e-04 3.778888e-01 -2.727490e-03 9.999962e-01 -3.472800e-04 -1.411923e-02 9.552804e-04 3.498862e-04 9.999996e-01 2.007560e-01
9.999993e-01 -1.154391e-03 6.415387e-05 5.482624e-01 1.154380e-03 9.999993e-01 1.688593e-04 -2.627711e-02 -6.434890e-05 -1.687847e-04 9.999999e-01 5.726894e-01
9.999960e-01 2.707057e-03 -8.496239e-04 7.061001e-01 -2.707504e-03 9.999962e-01 -5.248832e-04 -3.812249e-02 8.482000e-04 5.271811e-04 9.999996e-01 9.438885e-01
9.999991e-01 -1.372851e-03 5.278375e-05 7.944622e-01 1.372849e-03 9.999991e-01 2.851658e-05 -4.645195e-02 -5.282315e-05 -2.844375e-05 9.999999e-01 1.267881e+00
9.999921e-01 3.911590e-03 -6.550477e-04 1.127458e+00 -3.912036e-03 9.999921e-01 -6.806831e-04 -5.842532e-02 6.523803e-04 6.832400e-04 9.999997e-01 1.459827e+00
9.999997e-01 -3.734353e-04 7.041936e-04 1.644814e+00 3.732975e-04 9.999999e-01 1.957755e-04 -7.578932e-02 -7.042670e-04 -1.955123e-04 9.999996e-01 1.638390e+00
9.999933e-01 3.161823e-03 -1.817416e-03 2.022091e+00 -3.162686e-03 9.999949e-01 -4.721851e-04 -8.810232e-02 1.815914e-03 4.779297e-04 9.999983e-01 1.743712e+00
9.999990e-01 -1.431509e-03 -1.691847e-04 2.174462e+00 1.431506e-03 9.999990e-01 -1.879815e-05 -9.407919e-02 1.692108e-04 1.855609e-05 9.999999e-01 1.791306e+00
9.999911e-01 4.199284e-03 -3.919203e-04 2.541863e+00 -4.199555e-03 9.999909e-01 -6.908331e-04 -1.040767e-01 3.890164e-04 6.924728e-04 9.999998e-01 1.858958e+00
9.999979e-01 -1.900610e-03 -8.253160e-04 2.820220e+00 1.900865e-03 9.999981e-01 3.077089e-04 -1.109491e-01 8.247288e-04 -3.092770e-04 9.999995e-01 1.881488e+00
9.999931e-01 3.297413e-03 -1.699865e-03 2.867352e+00 -3.299567e-03 9.999938e-01 -1.265734e-03 -1.134333e-01 1.695682e-03 1.271334e-03 9.999979e-01 1.845840e+00
9.999973e-01 -2.303072e-03 -1.712108e-04 2.928382e+00 2.303186e-03 9.999971e-01 6.676210e-04 -1.188128e-01 1.696714e-04 -6.680137e-04 9.999997e-01 1.967862e+00
9.999930e-01 3.637773e-03 -8.851074e-04 3.073491e+00 -3.638918e-03 9.999925e-01 -1.295998e-03 -1.294651e-01 8.803876e-04 1.299210e-03 9.999989e-01 2.286763e+00
9.999956e-01 -2.494897e-03 -1.586609e-03 3.212901e+00 2.496590e-03 9.999963e-01 1.065844e-03 -1.407736e-01 1.583942e-03 -1.069801e-03 9.999981e-01 2.534011e+00
9.999900e-01 4.423822e-03 -6.866835e-04 3.445316e+00 -4.424845e-03 9.999891e-01 -1.496339e-03 -1.513956e-01 6.800584e-04 1.499363e-03 9.999987e-01 2.628548e+00
9.999922e-01 -1.572396e-03 -3.626329e-03 3.861830e+00 1.577802e-03 9.999976e-01 1.488219e-03 -1.679276e-01 3.623978e-03 -1.493930e-03 9.999922e-01 2.623041e+00
9.999925e-01 3.853357e-03 4.018600e-04 4.177263e+00 -3.852549e-03 9.999906e-01 -1.992749e-03 -1.832101e-01 -4.095324e-04 1.991186e-03 9.999980e-01 2.730544e+00
9.999918e-01 -1.991047e-03 -3.520992e-03 4.422871e+00 1.996784e-03 9.999967e-01 1.626449e-03 -1.968762e-01 3.517739e-03 -1.633467e-03 9.999924e-01 2.847100e+00
9.999871e-01 5.069546e-03 -2.151760e-04 4.844420e+00 -5.069973e-03 9.999851e-01 -2.033162e-03 -2.153220e-01 2.048689e-04 2.034227e-03 9.999980e-01 2.864378e+00
9.999941e-01 -1.348284e-03 -3.154344e-03 5.390012e+00 1.353480e-03 9.999977e-01 1.645631e-03 -2.347153e-01 3.152115e-03 -1.649891e-03 9.999936e-01 2.806614e+00
9.999856e-01 5.155015e-03 1.484358e-03 5.992130e+00 -5.151785e-03 9.999844e-01 -2.171592e-03 -2.574173e-01 -1.495526e-03 2.163915e-03 9.999966e-01 2.939839e+00
9.999829e-01 -2.053993e-03 -5.466814e-03 6.465142e+00 2.062497e-03 9.999967e-01 1.550362e-03 -2.745197e-01 5.463607e-03 -1.561612e-03 9.999838e-01 2.799815e+00
9.999843e-01 4.755713e-03 2.950063e-03 6.869753e+00 -4.748157e-03 9.999854e-01 -2.563060e-03 -2.891150e-01 -2.962204e-03 2.549014e-03 9.999925e-01 2.764130e+00
9.999823e-01 -2.267747e-03 -5.507675e-03 7.224395e+00 2.276993e-03 9.999960e-01 1.673001e-03 -3.035074e-01 5.503854e-03 -1.685513e-03 9.999833e-01 2.727767e+00
9.999848e-01 4.953693e-03 2.416582e-03 7.644107e+00 -4.947246e-03 9.999842e-01 -2.666726e-03 -3.208897e-01 -2.429749e-03 2.654731e-03 9.999936e-01 2.680035e+00
9.999883e-01 -2.986109e-03 -3.807428e-03 7.678984e+00 2.989507e-03 9.999951e-01 8.871053e-04 -3.253288e-01 3.804756e-03 -8.984783e-04 9.999923e-01 2.546017e+00
9.999833e-01 4.480740e-03 3.655644e-03 7.321835e+00 -4.467717e-03 9.999837e-01 -3.562953e-03 -3.164006e-01 -3.671544e-03 3.546562e-03 9.999871e-01 2.223560e+00
9.999887e-01 -3.390782e-03 -3.331325e-03 6.889186e+00 3.393265e-03 9.999940e-01 7.399013e-04 -3.052889e-01 3.328791e-03 -7.511987e-04 9.999941e-01 2.025988e+00
9.999847e-01 4.772456e-03 2.781400e-03 6.506716e+00 -4.762767e-03 9.999826e-01 -3.479923e-03 -2.954520e-01 -2.797955e-03 3.466624e-03 9.999902e-01 1.735986e+00
9.999916e-01 -3.741125e-03 -1.645329e-03 5.984220e+00 3.741289e-03 9.999930e-01 9.679167e-05 -2.813311e-01 1.644950e-03 -1.029487e-04 9.999985e-01 1.522229e+00
9.999796e-01 4.658482e-03 4.375033e-03 5.202877e+00 -4.638072e-03 9.999784e-01 -4.663637e-03 -2.622443e-01 -4.396659e-03 4.643253e-03 9.999797e-01 1.339948e+00
9.999897e-01 -4.042671e-03 -2.066864e-03 4.499447e+00 4.043349e-03 9.999918e-01 3.238143e-04 -2.456588e-01 2.065533e-03 -3.321712e-04 9.999977e-01 1.315947e+00
9.999724e-01 4.785823e-03 5.685404e-03 3.473604e+00 -4.753261e-03 9.999723e-01 -5.727027e-03 -2.231071e-01 -5.712651e-03 5.699848e-03 9.999675e-01 1.208148e+00
9.999824e-01 -4.532372e-03 -3.819091e-03 2.709477e+00 4.538275e-03 9.999885e-01 1.538487e-03 -2.082619e-01 3.812070e-03 -1.555796e-03 9.999914e-01 1.318045e+00
9.999677e-01 4.941702e-03 6.333806e-03 1.929449e+00 -4.901435e-03 9.999678e-01 -6.357290e-03 -1.948015e-01 -6.365014e-03 6.326044e-03 9.999598e-01 1.200204e+00
9.999761e-01 -4.218216e-03 -5.475148e-03 1.362830e+00 4.234532e-03 9.999866e-01 2.971752e-03 -1.831949e-01 5.462535e-03 -2.994871e-03 9.999805e-01 1.020681e+00
9.999688e-01 4.607747e-03 6.411811e-03 7.016306e-01 -4.564615e-03 9.999670e-01 -6.725506e-03 -1.719743e-01 -6.442586e-03 6.696034e-03 9.999569e-01 1.018432e+00
9.999773e-01 -4.298905e-03 -5.180386e-03 9.949145e-02 4.315489e-03 9.999856e-01 3.194503e-03 -1.591898e-01 5.166575e-03 -3.216792e-03 9.999814e-01 1.078346e+00
9.999722e-01 4.483689e-03 5.956099e-03 -4.852515e-01 -4.444347e-03 9.999683e-01 -6.602217e-03 -1.479271e-01 -5.985510e-03 6.575569e-03 9.999606e-01 1.127739e+00
9.999819e-01 -3.611397e-03 -4.807917e-03 -5.636700e-01 3.633522e-03 9.999828e-01 4.601082e-03 -1.501242e-01 4.791215e-03 -4.618474e-03 9.999778e-01 1.335363e+00
9.999777e-01 3.805702e-03 5.488837e-03 -8.873631e-01 -3.769885e-03 9.999716e-01 -6.521025e-03 -1.434612e-01 -5.513495e-03 6.500193e-03 9.999638e-01 1.371100e+00
9.999891e-01 -3.308508e-03 -3.293861e-03 -1.585975e+00 3.318311e-03 9.999901e-01 2.975171e-03 -1.282518e-01 3.283982e-03 -2.986075e-03 9.999900e-01 1.297817e+00
9.999636e-01 4.910806e-03 6.975849e-03 -2.191045e+00 -4.862621e-03 9.999643e-01 -6.907667e-03 -1.056374e-01 -7.009520e-03 6.873502e-03 9.999519e-01 5.855739e-01
9.999885e-01 -2.321954e-03 -4.207448e-03 -2.443219e+00 2.330172e-03 9.999954e-01 1.949487e-03 -7.843174e-02 4.202900e-03 -1.959276e-03 9.999891e-01 -8.770663e-01
9.999686e-01 4.464742e-03 6.543232e-03 -3.030749e+00 -4.419727e-03 9.999666e-01 -6.877992e-03 -4.820900e-02 -6.573720e-03 6.848865e-03 9.999550e-01 -2.330902e+00
9.999832e-01 -3.692434e-03 -4.464512e-03 -3.790427e+00 3.706229e-03 9.999884e-01 3.085643e-03 -2.846685e-02 4.453064e-03 -3.102146e-03 9.999852e-01 -2.609495e+00
9.999758e-01 4.814268e-03 5.019413e-03 -4.232848e+00 -4.783403e-03 9.999697e-01 -6.143136e-03 -1.741292e-02 -5.048834e-03 6.118987e-03 9.999686e-01 -2.958971e+00
9.999810e-01 -3.448675e-03 -5.103368e-03 -4.571612e+00 3.468425e-03 9.999865e-01 3.866175e-03 -8.553829e-03 5.089965e-03 -3.883811e-03 9.999794e-01 -3.288265e+00
9.999694e-01 4.120279e-03 6.657005e-03 -5.211915e+00 -4.069982e-03 9.999632e-01 -7.551518e-03 6.352993e-03 -6.687872e-03 7.524202e-03 9.999494e-01 -3.326209e+00
9.999844e-01 -3.918123e-03 -3.980990e-03 -6.099260e+00 3.927880e-03 9.999893e-01 2.446090e-03 2.384321e-02 3.971362e-03 -2.461698e-03 9.999890e-01 -3.320114e+00
9.999817e-01 4.135328e-03 4.419882e-03 -6.620117e+00 -4.111560e-03 9.999771e-01 -5.373176e-03 3.417789e-02 -4.442000e-03 5.354915e-03 9.999759e-01 -3.196469e+00
9.999850e-01 -3.512078e-03 -4.197444e-03 -7.169875e+00 3.521779e-03 9.999911e-01 2.306053e-03 4.488096e-02 4.189307e-03 -2.320811e-03 9.999884e-01 -3.101795e+00
9.999791e-01 4.193896e-03 4.910497e-03 -7.695017e+00 -4.166904e-03 9.999762e-01 -5.494162e-03 5.719751e-02 -4.933421e-03 5.473597e-03 9.999729e-01 -3.075054e+00
9.999841e-01 -3.666040e-03 -4.289607e-03 -8.241110e+00 3.676565e-03 9.999902e-01 2.448229e-03 6.840505e-02 4.280589e-03 -2.463972e-03 9.999877e-01 -2.999518e+00
9.999871e-01 3.681041e-03 3.509224e-03 -8.614022e+00 -3.664583e-03 9.999823e-01 -4.685025e-03 7.228483e-02 -3.526407e-03 4.672115e-03 9.999830e-01 -2.717541e+00
9.999943e-01 -2.187106e-03 -2.553304e-03 -8.951608e+00 2.191928e-03 9.999958e-01 1.887169e-03 8.674893e-02 2.549165e-03 -1.892766e-03 9.999949e-01 -3.125982e+00
9.999956e-01 2.621415e-03 1.384864e-03 -9.244174e+00 -2.615994e-03 9.999890e-01 -3.901887e-03 9.607628e-02 -1.395076e-03 3.898259e-03 9.999915e-01 -3.185399e+00
9.999923e-01 -2.220220e-03 -3.233738e-03 -9.459698e+00 2.227246e-03 9.999952e-01 2.170891e-03 9.139101e-02 3.228901e-03 -2.178089e-03 9.999923e-01 -2.701587e+00
9.999937e-01 2.517646e-03 2.514458e-03 -9.651808e+00 -2.507988e-03 9.999895e-01 -3.836622e-03 8.957885e-02 -2.524089e-03 3.830303e-03 9.999896e-01 -2.366949e+00
9.999920e-01 -1.927058e-03 -3.495915e-03 -9.758576e+00 1.933300e-03 9.999965e-01 1.783012e-03 8.116366e-02 3.492465e-03 -1.789769e-03 9.999922e-01 -1.854567e+00
9.999936e-01 2.177724e-03 2.849413e-03 -1.005369e+01 -2.166479e-03 9.999899e-01 -3.943276e-03 8.009077e-02 -2.857970e-03 3.937090e-03 9.999883e-01 -1.457262e+00
9.999970e-01 -1.554643e-03 -1.887674e-03 -1.062839e+01 1.555825e-03 9.999986e-01 6.246102e-04 9.268693e-02 1.886699e-03 -6.275580e-04 9.999979e-01 -1.410483e+00
9.999962e-01 1.935013e-03 1.959724e-03 -1.107010e+01 -1.928690e-03 9.999929e-01 -3.223275e-03 1.021303e-01 -1.965946e-03 3.219496e-03 9.999930e-01 -1.320834e+00
9.999942e-01 -1.920869e-03 -2.811696e-03 -1.143529e+01 1.924403e-03 9.999974e-01 1.254869e-03 1.078995e-01 2.809276e-03 -1.260286e-03 9.999952e-01 -1.125104e+00
9.999959e-01 2.226921e-03 1.778439e-03 -1.178048e+01 -2.221306e-03 9.999926e-01 -3.152827e-03 1.127139e-01 -1.785445e-03 3.148877e-03 9.999935e-01 -9.202392e-01
9.999956e-01 -1.768259e-03 -2.378124e-03 -1.216751e+01 1.770340e-03 9.999981e-01 8.734783e-04 1.185139e-01 2.376573e-03 -8.776982e-04 9.999967e-01 -7.427555e-01
9.999904e-01 2.345740e-03 3.706675e-03 -1.271831e+01 -2.329820e-03 9.999881e-01 -4.293579e-03 1.315258e-01 -3.716701e-03 4.284916e-03 9.999840e-01 -7.581172e-01
9.999928e-01 -2.582040e-03 -2.797062e-03 -1.337459e+01 2.584320e-03 9.999963e-01 8.120214e-04 1.430332e-01 2.794954e-03 -8.192584e-04 9.999957e-01 -5.374777e-01
9.999885e-01 3.020398e-03 3.723416e-03 -1.391385e+01 -3.004707e-03 9.999866e-01 -4.212741e-03 1.552125e-01 -3.736089e-03 4.201519e-03 9.999843e-01 -4.798408e-01
9.999943e-01 -2.328399e-03 -2.431430e-03 -1.434834e+01 2.331794e-03 9.999963e-01 1.394546e-03 1.681923e-01 2.428173e-03 -1.400222e-03 9.999960e-01 -6.442221e-01
9.999913e-01 2.835947e-03 3.051765e-03 -1.470963e+01 -2.824088e-03 9.999885e-01 -3.883371e-03 1.789233e-01 -3.062741e-03 3.874734e-03 9.999879e-01 -7.527681e-01
9.999920e-01 -2.711901e-03 -2.955790e-03 -1.514341e+01 2.716085e-03 9.999953e-01 1.412518e-03 1.880836e-01 2.951945e-03 -1.420550e-03 9.999945e-01 -6.562331e-01
9.999945e-01 2.807572e-03 1.745664e-03 -1.545222e+01 -2.801218e-03 9.999895e-01 -3.631997e-03 1.824473e-01 -1.755841e-03 3.627103e-03 9.999920e-01 -3.324867e-02
9.999917e-01 -2.140286e-03 -3.476177e-03 -1.564551e+01 2.146440e-03 9.999961e-01 1.767415e-03 1.714609e-01 3.472380e-03 -1.774877e-03 9.999923e-01 6.893858e-01
9.999938e-01 2.713826e-03 2.226564e-03 -1.578762e+01 -2.706815e-03 9.999914e-01 -3.145614e-03 1.646627e-01 -2.235080e-03 3.139584e-03 9.999927e-01 1.168664e+00
9.999918e-01 -1.903400e-03 -3.568637e-03 -1.580132e+01 1.911537e-03 9.999956e-01 2.277979e-03 1.557754e-01 3.564283e-03 -2.284798e-03 9.999909e-01 1.602553e+00
9.999864e-01 3.459989e-03 3.892579e-03 -1.568630e+01 -3.446749e-03 9.999883e-01 -3.402877e-03 1.383204e-01 -3.904306e-03 3.389430e-03 9.999867e-01 2.235765e+00
9.999852e-01 -2.470015e-03 -4.847784e-03 -1.580209e+01 2.478176e-03 9.999955e-01 1.678274e-03 1.244143e-01 4.843615e-03 -1.690279e-03 9.999867e-01 2.974100e+00
9.999931e-01 2.987159e-03 2.193949e-03 -1.600680e+01 -2.980633e-03 9.999911e-01 -2.972002e-03 1.177153e-01 -2.202805e-03 2.965459e-03 9.999933e-01 3.539979e+00
9.999862e-01 -2.663309e-03 -4.531315e-03 -1.618005e+01 2.673427e-03 9.999939e-01 2.228437e-03 1.176136e-01 4.525350e-03 -2.240537e-03 9.999872e-01 3.792773e+00
9.999909e-01 3.214032e-03 2.805750e-03 -1.621729e+01 -3.205732e-03 9.999905e-01 -2.957675e-03 1.151609e-01 -2.815227e-03 2.948670e-03 9.999918e-01 3.925251e+00
9.999832e-01 -1.770353e-03 -5.510728e-03 -1.606251e+01 1.785742e-03 9.999945e-01 2.789017e-03 1.059068e-01 5.505757e-03 -2.798828e-03 9.999808e-01 4.087027e+00
9.999901e-01 3.853509e-03 2.228766e-03 -1.579288e+01 -3.847021e-03 9.999884e-01 -2.907589e-03 9.219895e-02 -2.239941e-03 2.899002e-03 9.999934e-01 4.243163e+00
9.999783e-01 -1.952986e-03 -6.298392e-03 -1.557579e+01 1.969481e-03 9.999946e-01 2.613856e-03 8.184674e-02 6.293250e-03 -2.626220e-03 9.999766e-01 4.263939e+00
9.999863e-01 4.441306e-03 2.782329e-03 -1.522075e+01 -4.433772e-03 9.999865e-01 -2.708114e-03 6.837095e-02 -2.794315e-03 2.695757e-03 9.999926e-01 4.279769e+00
9.999798e-01 -1.147589e-03 -6.244897e-03 -1.479515e+01 1.162037e-03 9.999967e-01 2.310410e-03 5.363217e-02 6.242220e-03 -2.317637e-03 9.999777e-01 4.023929e+00
9.999904e-01 3.824560e-03 2.118851e-03 -1.435866e+01 -3.817899e-03 9.999878e-01 -3.138393e-03 3.764943e-02 -2.130824e-03 3.130290e-03 9.999929e-01 3.810553e+00
9.999740e-01 -9.622141e-04 -7.150078e-03 -1.393393e+01 9.805909e-04 9.999962e-01 2.567136e-03 2.104661e-02 7.147576e-03 -2.574098e-03 9.999710e-01 3.553694e+00
9.999922e-01 3.358436e-03 2.079645e-03 -1.364479e+01 -3.351772e-03 9.999893e-01 -3.199341e-03 7.863200e-03 -2.090362e-03 3.192362e-03 9.999928e-01 3.308606e+00
9.999744e-01 -6.771000e-04 -7.129957e-03 -1.323125e+01 6.946572e-04 9.999967e-01 2.460324e-03 -9.184099e-03 7.128262e-03 -2.465231e-03 9.999715e-01 3.078678e+00
9.999880e-01 4.766687e-03 1.121926e-03 -1.244828e+01 -4.763206e-03 9.999839e-01 -3.084169e-03 -3.756031e-02 -1.136603e-03 3.078805e-03 9.999947e-01 2.623583e+00
9.999783e-01 -1.972897e-04 -6.589689e-03 -1.160008e+01 2.133386e-04 9.999970e-01 2.434920e-03 -6.998315e-02 6.589183e-03 -2.436290e-03 9.999752e-01 2.320648e+00
9.999928e-01 3.615064e-03 1.160956e-03 -1.103114e+01 -3.611737e-03 9.999894e-01 -2.853964e-03 -9.499050e-02 -1.171253e-03 2.849768e-03 9.999954e-01 2.123388e+00
9.999684e-01 -3.487160e-04 -7.937514e-03 -1.062144e+01 3.654388e-04 9.999977e-01 2.105533e-03 -1.158660e-01 7.936753e-03 -2.108385e-03 9.999662e-01 1.626184e+00
9.999909e-01 4.182253e-03 8.320000e-04 -1.020106e+01 -4.179852e-03 9.999872e-01 -2.865302e-03 -1.382309e-01 -8.439640e-04 2.861815e-03 9.999956e-01 1.039725e+00
9.999804e-01 -7.734019e-04 -6.218333e-03 -9.701799e+00 7.865043e-04 9.999975e-01 2.105012e-03 -1.623707e-01 6.216680e-03 -2.109879e-03 9.999784e-01 8.669016e-01
9.999904e-01 3.372841e-03 2.790176e-03 -9.328915e+00 -3.364825e-03 9.999902e-01 -2.872421e-03 -1.811655e-01 -2.799828e-03 2.863023e-03 9.999921e-01 9.355694e-01
9.999835e-01 -1.953289e-03 -5.405438e-03 -9.381390e+00 1.960437e-03 9.999972e-01 1.317596e-03 -1.851378e-01 5.402839e-03 -1.328189e-03 9.999844e-01 8.567534e-01
9.999906e-01 4.114350e-03 1.365723e-03 -9.267441e+00 -4.111393e-03 9.999892e-01 -2.160194e-03 -1.937085e-01 -1.374586e-03 2.154577e-03 9.999968e-01 6.498935e-01
9.999876e-01 -1.672814e-03 -4.688717e-03 -8.872484e+00 1.681120e-03 9.999970e-01 1.768235e-03 -2.052073e-01 4.685735e-03 -1.776114e-03 9.999873e-01 5.327985e-01
9.999900e-01 3.703971e-03 2.492196e-03 -8.540924e+00 -3.698770e-03 9.999910e-01 -2.087689e-03 -2.117147e-01 -2.499896e-03 2.078468e-03 9.999948e-01 3.914279e-01
9.999816e-01 -3.386065e-03 -5.036258e-03 -8.619624e+00 3.396059e-03 9.999923e-01 1.977479e-03 -2.126964e-01 5.029512e-03 -1.994564e-03 9.999853e-01 5.687937e-01
9.999906e-01 3.719616e-03 2.206699e-03 -8.744160e+00 -3.714583e-03 9.999905e-01 -2.279802e-03 -2.133726e-01 -2.215147e-03 2.271602e-03 9.999951e-01 7.933255e-01
9.999832e-01 -3.139565e-03 -4.874347e-03 -8.805863e+00 3.148688e-03 9.999933e-01 1.865447e-03 -2.224870e-01 4.868446e-03 -1.880781e-03 9.999863e-01 1.267093e+00
9.999920e-01 3.490640e-03 1.977510e-03 -9.060047e+00 -3.486208e-03 9.999914e-01 -2.239914e-03 -2.272819e-01 -1.985300e-03 2.233020e-03 9.999956e-01 1.799157e+00
9.999822e-01 -3.218471e-03 -5.017919e-03 -9.238338e+00 3.228668e-03 9.999927e-01 2.025483e-03 -2.303512e-01 5.011352e-03 -2.041667e-03 9.999853e-01 2.169024e+00
9.999897e-01 3.529272e-03 2.870998e-03 -9.317926e+00 -3.522083e-03 9.999907e-01 -2.504986e-03 -2.295029e-01 -2.879800e-03 2.494867e-03 9.999928e-01 2.219538e+00
9.999875e-01 -2.222891e-03 -4.471965e-03 -9.009439e+00 2.231163e-03 9.999958e-01 1.845821e-03 -2.307509e-01 4.467831e-03 -1.855794e-03 9.999882e-01 1.901916e+00
9.999903e-01 3.270775e-03 2.937637e-03 -8.840800e+00 -3.264512e-03 9.999924e-01 -2.133863e-03 -2.349034e-01 -2.944582e-03 2.124271e-03 9.999935e-01 1.909296e+00
9.999815e-01 -2.586649e-03 -5.510688e-03 -8.857542e+00 2.597430e-03 9.999947e-01 1.950258e-03 -2.396233e-01 5.505601e-03 -1.964554e-03 9.999828e-01 2.155031e+00
9.999901e-01 2.839553e-03 3.439594e-03 -8.736358e+00 -2.830431e-03 9.999925e-01 -2.653772e-03 -2.367274e-01 -3.447090e-03 2.644028e-03 9.999907e-01 1.941568e+00
9.999807e-01 -1.884402e-03 -5.925155e-03 -8.619066e+00 1.894477e-03 9.999968e-01 1.695420e-03 -2.421772e-01 5.921927e-03 -1.706630e-03 9.999809e-01 2.074746e+00
9.999878e-01 3.141845e-03 3.822312e-03 -8.521667e+00 -3.133285e-03 9.999926e-01 -2.243219e-03 -2.529916e-01 -3.829318e-03 2.231234e-03 9.999903e-01 2.441320e+00
9.999802e-01 -2.811072e-03 -5.634136e-03 -8.477788e+00 2.819940e-03 9.999948e-01 1.566940e-03 -2.519691e-01 5.629688e-03 -1.582815e-03 9.999828e-01 2.380586e+00
9.999895e-01 2.881640e-03 3.569492e-03 -8.444441e+00 -2.873000e-03 9.999929e-01 -2.422934e-03 -2.487137e-01 -3.576435e-03 2.412672e-03 9.999908e-01 2.253450e+00
9.999802e-01 -2.896403e-03 -5.592479e-03 -8.611016e+00 2.903703e-03 9.999949e-01 1.297925e-03 -2.453898e-01 5.588677e-03 -1.314157e-03 9.999834e-01 2.320053e+00
9.999881e-01 3.054453e-03 3.807376e-03 -8.734469e+00 -3.046660e-03 9.999933e-01 -2.050514e-03 -2.440484e-01 -3.813600e-03 2.038909e-03 9.999907e-01 2.437926e+00
9.999794e-01 -2.918050e-03 -5.715733e-03 -8.769107e+00 2.924345e-03 9.999951e-01 1.093494e-03 -2.422475e-01 5.712500e-03 -1.110205e-03 9.999830e-01 2.439487e+00
9.999884e-01 3.292750e-03 3.503969e-03 -8.805368e+00 -3.287037e-03 9.999933e-01 -1.634391e-03 -2.432617e-01 -3.509312e-03 1.622873e-03 9.999926e-01 2.573158e+00
9.999782e-01 -2.731316e-03 -6.012547e-03 -8.812740e+00 2.740807e-03 9.999950e-01 1.571018e-03 -2.449533e-01 6.008211e-03 -1.587482e-03 9.999806e-01 2.715240e+00
9.999876e-01 3.537307e-03 3.502216e-03 -8.775383e+00 -3.531691e-03 9.999925e-01 -1.608197e-03 -2.484978e-01 -3.507863e-03 1.595827e-03 9.999927e-01 2.880843e+00
9.999816e-01 -2.568006e-03 -5.487042e-03 -8.704941e+00 2.576607e-03 9.999955e-01 1.561279e-03 -2.518914e-01 5.482993e-03 -1.575407e-03 9.999836e-01 2.994626e+00
9.999857e-01 3.672845e-03 3.890264e-03 -8.586147e+00 -3.665458e-03 9.999915e-01 -1.903689e-03 -2.556160e-01 -3.897208e-03 1.889421e-03 9.999907e-01 3.045938e+00
9.999819e-01 -2.100727e-03 -5.639858e-03 -8.330479e+00 2.110370e-03 9.999963e-01 1.704651e-03 -2.617082e-01 5.636240e-03 -1.716541e-03 9.999825e-01 3.020453e+00
9.999792e-01 4.297905e-03 4.816074e-03 -7.929875e+00 -4.287102e-03 9.999883e-01 -2.250777e-03 -2.704869e-01 -4.825676e-03 2.230103e-03 9.999860e-01 2.939721e+00
9.999785e-01 -2.204714e-03 -6.177134e-03 -7.607306e+00 2.215606e-03 9.999960e-01 1.757256e-03 -2.790064e-01 6.173219e-03 -1.770924e-03 9.999793e-01 2.890970e+00
9.999863e-01 3.045197e-03 4.262523e-03 -7.659304e+00 -3.031978e-03 9.999906e-01 -3.103947e-03 -2.788310e-01 -4.271919e-03 3.091000e-03 9.999862e-01 2.757712e+00
9.999811e-01 -3.320682e-03 -5.166474e-03 -7.970226e+00 3.329138e-03 9.999931e-01 1.629221e-03 -2.755001e-01 5.161013e-03 -1.646409e-03 9.999852e-01 2.998188e+00
9.999908e-01 3.527360e-03 2.456406e-03 -8.199535e+00 -3.521339e-03 9.999908e-01 -2.450312e-03 -2.750399e-01 -2.465010e-03 2.441659e-03 9.999941e-01 3.289586e+00
9.999870e-01 -2.696845e-03 -4.327896e-03 -8.287920e+00 2.702877e-03 9.999954e-01 1.388765e-03 -2.760387e-01 4.324115e-03 -1.400464e-03 9.999896e-01 3.286555e+00
9.999871e-01 3.174476e-03 3.961411e-03 -8.706910e+00 -3.160186e-03 9.999885e-01 -3.607967e-03 -2.698568e-01 -3.972802e-03 3.595421e-03 9.999857e-01 3.347382e+00
9.999857e-01 -2.979297e-03 -4.430060e-03 -9.140563e+00 2.985365e-03 9.999946e-01 1.364038e-03 -2.639093e-01 4.425956e-03 -1.377264e-03 9.999892e-01 3.530359e+00
9.999896e-01 3.166234e-03 3.283105e-03 -9.375125e+00 -3.157291e-03 9.999913e-01 -2.725111e-03 -2.652898e-01 -3.291689e-03 2.714737e-03 9.999910e-01 3.875774e+00
9.999762e-01 -9.409744e-04 -6.837771e-03 -9.127354e+00 9.541800e-04 9.999977e-01 1.928522e-03 -2.807560e-01 6.835923e-03 -1.935021e-03 9.999747e-01 3.866718e+00
9.999839e-01 1.989112e-03 5.313542e-03 -9.189343e+00 -1.968419e-03 9.999905e-01 -3.896421e-03 -2.910777e-01 -5.321225e-03 3.885919e-03 9.999784e-01 4.120594e+00
9.999724e-01 -2.893959e-06 -7.435243e-03 -9.129586e+00 1.606595e-05 9.999984e-01 1.771735e-03 -3.061011e-01 7.435209e-03 -1.771826e-03 9.999707e-01 4.218825e+00
9.999850e-01 1.865789e-03 5.153159e-03 -8.906974e+00 -1.851867e-03 9.999946e-01 -2.704640e-03 -3.246774e-01 -5.158161e-03 2.695078e-03 9.999832e-01 4.558393e+00
9.999879e-01 7.194665e-04 -4.864642e-03 -8.578538e+00 -7.102650e-04 9.999980e-01 1.893334e-03 -3.444735e-01 4.865977e-03 -1.889877e-03 9.999863e-01 5.058105e+00
9.999920e-01 7.797001e-04 3.918871e-03 -8.426060e+00 -7.697493e-04 9.999965e-01 -2.539585e-03 -3.552608e-01 -3.920820e-03 2.536569e-03 9.999892e-01 5.325246e+00
9.999919e-01 1.042168e-03 -3.895579e-03 -8.245652e+00 -1.039633e-03 9.999992e-01 6.533188e-04 -3.718817e-01 3.896240e-03 -6.492848e-04 9.999921e-01 5.851890e+00
9.999916e-01 -6.472016e-04 4.054777e-03 -8.579461e+00 6.595817e-04 9.999951e-01 -3.052148e-03 -3.653661e-01 -4.052764e-03 3.054818e-03 9.999872e-01 5.960735e+00
9.999974e-01 5.629865e-04 -2.199121e-03 -9.239976e+00 -5.658711e-04 9.999990e-01 -1.310443e-03 -3.487075e-01 2.198363e-03 1.311662e-03 9.999966e-01 5.677632e+00
9.999982e-01 2.633129e-04 1.898127e-03 -9.417280e+00 -2.615319e-04 9.999995e-01 -9.374441e-04 -3.525580e-01 -1.898356e-03 9.369680e-04 9.999979e-01 5.799081e+00
9.999971e-01 1.573257e-04 -2.382971e-03 -9.543189e+00 -1.592184e-04 9.999997e-01 -7.933002e-04 -3.603327e-01 2.382828e-03 7.936551e-04 9.999967e-01 6.233970e+00
9.999981e-01 8.394120e-05 1.933965e-03 -9.811559e+00 -8.135112e-05 9.999991e-01 -1.338280e-03 -3.606975e-01 -1.934059e-03 1.338142e-03 9.999973e-01 6.470277e+00
9.999971e-01 1.634707e-03 -1.758903e-03 -9.591632e+00 -1.635015e-03 9.999986e-01 -1.728644e-04 -3.769907e-01 1.758600e-03 1.757171e-04 9.999983e-01 6.876566e+00
9.999988e-01 7.708127e-04 1.336372e-03 -9.200160e+00 -7.699193e-04 9.999995e-01 -6.674094e-04 -4.027020e-01 -1.336868e-03 6.664024e-04 9.999990e-01 7.381094e+00
9.999969e-01 6.468041e-04 -2.409835e-03 -9.117982e+00 -6.486181e-04 9.999995e-01 -7.512103e-04 -4.137942e-01 2.409330e-03 7.527481e-04 9.999967e-01 7.700298e+00
9.999816e-01 2.147609e-03 5.669794e-03 -8.711143e+00 -2.136042e-03 9.999956e-01 -2.045061e-03 -4.469613e-01 -5.674144e-03 2.032936e-03 9.999819e-01 8.723364e+00
9.999954e-01 8.907923e-04 -2.897846e-03 -8.445249e+00 -8.909056e-04 9.999996e-01 -3.714592e-05 -4.786494e-01 2.897795e-03 3.970405e-05 9.999957e-01 9.805211e+00
9.999970e-01 -1.133778e-03 2.190907e-03 -8.925996e+00 1.138647e-03 9.999969e-01 -2.221390e-03 -4.739241e-01 -2.188365e-03 2.223902e-03 9.999952e-01 1.015597e+01
9.999968e-01 1.818392e-03 -1.778975e-03 -9.224467e+00 -1.818965e-03 9.999983e-01 -3.192761e-04 -4.695137e-01 1.778375e-03 3.224871e-04 9.999983e-01 1.008198e+01
9.999987e-01 3.479133e-04 1.556393e-03 -9.000521e+00 -3.457155e-04 9.999989e-01 -1.410818e-03 -4.804108e-01 -1.556866e-03 1.410302e-03 9.999979e-01 1.008055e+01
9.999994e-01 1.073257e-03 1.656249e-04 -8.882922e+00 -1.073073e-03 9.999988e-01 -1.118757e-03 -5.026551e-01 -1.668419e-04 1.118554e-03 9.999993e-01 1.094660e+01
9.999998e-01 -5.474510e-04 3.377232e-04 -8.960681e+00 5.477327e-04 9.999995e-01 -8.283840e-04 -5.118198e-01 -3.372531e-04 8.285933e-04 9.999997e-01 1.144357e+01
9.999966e-01 2.244471e-03 -1.348001e-03 -9.020578e+00 -2.246326e-03 9.999965e-01 -1.374893e-03 -5.180765e-01 1.344894e-03 1.377892e-03 9.999980e-01 1.128372e+01
9.999971e-01 -6.507246e-04 2.297647e-03 -8.721576e+00 6.523510e-04 9.999995e-01 -7.062917e-04 -5.375280e-01 -2.297170e-03 7.078135e-04 9.999972e-01 1.172028e+01
9.999967e-01 2.392550e-03 -9.001399e-04 -8.528300e+00 -2.392794e-03 9.999971e-01 -2.683767e-04 -5.553916e-01 8.994789e-04 2.705046e-04 9.999995e-01 1.227905e+01
9.999984e-01 -1.738047e-03 3.060727e-04 -8.668497e+00 1.738459e-03 9.999976e-01 -1.342391e-03 -5.588419e-01 -3.037225e-04 1.342946e-03 9.999991e-01 1.254949e+01
9.999961e-01 2.774780e-03 1.725283e-04 -8.650656e+00 -2.774668e-03 9.999959e-01 -6.560332e-04 -5.705979e-01 -1.743641e-04 6.555265e-04 9.999997e-01 1.307623e+01
9.999986e-01 -1.539642e-03 6.934942e-04 -8.591932e+00 1.540269e-03 9.999984e-01 -9.026711e-04 -5.779125e-01 -6.920872e-04 9.037635e-04 9.999994e-01 1.332769e+01
9.999949e-01 3.108851e-03 6.718222e-04 -8.411307e+00 -3.108386e-03 9.999949e-01 -6.949954e-04 -5.939814e-01 -6.739954e-04 6.928778e-04 9.999994e-01 1.379909e+01
9.999963e-01 -2.636832e-03 -6.239105e-04 -8.560510e+00 2.635970e-03 9.999956e-01 -1.382377e-03 -5.997255e-01 6.275688e-04 1.380753e-03 9.999989e-01 1.418640e+01
9.999955e-01 3.004855e-03 -1.742134e-04 -8.812197e+00 -3.005004e-03 9.999951e-01 -8.462045e-04 -6.060428e-01 1.716539e-04 8.466980e-04 9.999995e-01 1.477758e+01
9.999973e-01 -1.722681e-03 1.548074e-03 -8.722676e+00 1.724744e-03 9.999976e-01 -1.330865e-03 -6.261447e-01 -1.545762e-03 1.333558e-03 9.999980e-01 1.551484e+01
9.999942e-01 3.363147e-03 5.691783e-04 -8.614102e+00 -3.362194e-03 9.999929e-01 -1.671238e-03 -6.495791e-01 -5.748105e-04 1.669288e-03 9.999983e-01 1.642254e+01
9.999953e-01 -2.872557e-03 -1.115090e-03 -8.807889e+00 2.872421e-03 9.999959e-01 -1.251882e-04 -6.541300e-01 1.115461e-03 1.220114e-04 9.999995e-01 1.685805e+01
9.999890e-01 4.156080e-03 2.151517e-03 -8.701249e+00 -4.153355e-03 9.999906e-01 -1.270574e-03 -6.676011e-01 -2.156793e-03 1.261598e-03 9.999968e-01 1.729921e+01
9.999960e-01 -1.129038e-03 2.606931e-03 -8.290732e+00 1.134164e-03 9.999974e-01 -1.964584e-03 -6.980411e-01 -2.604691e-03 1.967560e-03 9.999948e-01 1.805679e+01
9.999957e-01 2.219851e-03 -1.907233e-03 -8.303485e+00 -2.220051e-03 9.999975e-01 -1.017377e-04 -7.120098e-01 1.906988e-03 1.059439e-04 9.999981e-01 1.868782e+01
9.999961e-01 -2.054032e-03 1.874744e-03 -8.569759e+00 2.057528e-03 9.999961e-01 -1.863399e-03 -7.135494e-01 -1.870895e-03 1.867277e-03 9.999966e-01 1.906567e+01
9.999938e-01 2.553923e-03 -2.444098e-03 -8.647776e+00 -2.553134e-03 9.999967e-01 3.268104e-04 -7.214171e-01 2.444910e-03 -3.205961e-04 9.999969e-01 1.951333e+01
9.999969e-01 -1.799013e-03 1.726451e-03 -8.752279e+00 1.802981e-03 9.999957e-01 -2.298271e-03 -7.339610e-01 -1.722294e-03 2.301404e-03 9.999960e-01 2.018492e+01
9.999937e-01 2.548670e-03 -2.451020e-03 -8.890358e+00 -2.547805e-03 9.999967e-01 3.570854e-04 -7.442953e-01 2.451907e-03 -3.508667e-04 9.999968e-01 2.079757e+01
9.999971e-01 -1.934922e-03 1.406453e-03 -9.077839e+00 1.938819e-03 9.999943e-01 -2.773242e-03 -7.533167e-01 -1.401064e-03 2.775989e-03 9.999953e-01 2.143391e+01
9.999941e-01 3.393568e-03 -4.500657e-04 -8.918479e+00 -3.393002e-03 9.999934e-01 1.258422e-03 -7.679582e-01 4.543183e-04 -1.256916e-03 9.999990e-01 2.187226e+01
9.999964e-01 4.419331e-04 2.663254e-03 -8.235912e+00 -4.338614e-04 9.999953e-01 -3.029751e-03 -7.951019e-01 -2.664565e-03 3.028614e-03 9.999920e-01 2.207847e+01
9.999828e-01 4.966807e-03 3.126777e-03 -7.206629e+00 -4.967043e-03 9.999877e-01 6.731497e-05 -8.326304e-01 -3.126418e-03 -8.287386e-05 9.999950e-01 2.231840e+01
9.999889e-01 -3.917932e-03 -2.625588e-03 -7.195111e+00 3.913477e-03 9.999909e-01 -1.700458e-03 -8.420243e-01 2.632240e-03 1.690193e-03 9.999952e-01 2.272634e+01
9.999877e-01 4.438684e-03 2.218433e-03 -7.275460e+00 -4.438049e-03 9.999901e-01 -2.922372e-04 -8.510368e-01 -2.219722e-03 2.823586e-04 9.999974e-01 2.323634e+01
9.999953e-01 -2.808040e-03 -1.268822e-03 -7.153083e+00 2.806157e-03 9.999950e-01 -1.485223e-03 -8.703373e-01 1.273000e-03 1.481686e-03 9.999982e-01 2.393871e+01
9.999721e-01 5.782341e-03 4.728666e-03 -6.764602e+00 -5.780454e-03 9.999832e-01 -4.130719e-04 -8.992733e-01 -4.730988e-03 3.856965e-04 9.999886e-01 2.472415e+01
9.999917e-01 -3.741958e-03 -1.596781e-03 -6.473824e+00 3.738723e-03 9.999910e-01 -2.025406e-03 -9.220463e-01 1.604359e-03 2.019450e-03 9.999968e-01 2.528863e+01
9.999706e-01 6.181957e-03 4.546332e-03 -6.140392e+00 -6.177581e-03 9.999804e-01 -9.764188e-04 -9.547823e-01 -4.552292e-03 9.482742e-04 9.999891e-01 2.631821e+01
9.999884e-01 -4.065830e-03 -2.598857e-03 -5.889983e+00 4.063816e-03 9.999914e-01 -7.804537e-04 -9.841894e-01 2.602021e-03 7.699140e-04 9.999964e-01 2.727138e+01
9.999790e-01 5.193861e-03 3.866247e-03 -5.932829e+00 -5.185551e-03 9.999842e-01 -2.156833e-03 -1.005471e+00 -3.877401e-03 2.136708e-03 9.999901e-01 2.824990e+01
9.999791e-01 -4.558283e-03 -4.592140e-03 -6.105850e+00 4.556765e-03 9.999896e-01 -3.413521e-04 -1.016279e+00 4.593661e-03 3.204508e-04 9.999895e-01 2.894066e+01
9.999783e-01 4.956506e-03 4.332567e-03 -6.178982e+00 -4.950669e-03 9.999868e-01 -1.357417e-03 -1.028600e+00 -4.339251e-03 1.335908e-03 9.999896e-01 2.955117e+01
9.999998e-01 -4.966658e-04 -2.654510e-04 -5.431897e+00 4.962936e-04 9.999989e-01 -1.407728e-03 -1.064646e+00 2.661621e-04 1.407628e-03 9.999991e-01 3.011561e+01
9.999869e-01 4.408867e-03 2.610190e-03 -4.850123e+00 -4.406853e-03 9.999900e-01 -7.776275e-04 -1.090541e+00 -2.613604e-03 7.660827e-04 9.999962e-01 3.049385e+01
9.999947e-01 -2.810575e-03 -1.650208e-03 -4.666791e+00 2.809152e-03 9.999957e-01 -8.655277e-04 -1.106461e+00 1.652645e-03 8.609194e-04 9.999984e-01 3.097082e+01
9.999493e-01 6.730308e-03 7.487509e-03 -3.878979e+00 -6.711573e-03 9.999743e-01 -2.524792e-03 -1.152210e+00 -7.504320e-03 2.474379e-03 9.999687e-01 3.206417e+01
9.999757e-01 -4.069507e-03 -5.660520e-03 -3.686618e+00 4.072971e-03 9.999915e-01 6.001709e-04 -1.182969e+00 5.658040e-03 -6.231789e-04 9.999839e-01 3.317560e+01
9.999362e-01 6.632891e-03 9.147544e-03 -3.306608e+00 -6.597022e-03 9.999705e-01 -3.946083e-03 -1.218163e+00 -9.173458e-03 3.885451e-03 9.999503e-01 3.428498e+01
9.999833e-01 -3.019138e-03 -4.917886e-03 -2.627696e+00 3.031715e-03 9.999922e-01 2.551497e-03 -1.256653e+00 4.910154e-03 -2.566331e-03 9.999847e-01 3.510324e+01
9.999813e-01 4.204032e-03 4.436273e-03 -2.559688e+00 -4.186288e-03 9.999832e-01 -4.001978e-03 -1.260552e+00 -4.453033e-03 3.983299e-03 9.999821e-01 3.521055e+01
9.999981e-01 -1.764523e-03 -8.768385e-04 -2.174062e+00 1.765312e-03 9.999980e-01 8.974990e-04 -1.285242e+00 8.752630e-04 -8.990116e-04 9.999993e-01 3.579937e+01
9.999454e-01 5.595868e-03 8.823867e-03 -1.468093e+00 -5.568289e-03 9.999795e-01 -3.147123e-03 -1.329166e+00 -8.841307e-03 3.097783e-03 9.999560e-01 3.679032e+01
9.999988e-01 -6.245196e-04 -1.420356e-03 -7.007245e-01 6.235578e-04 9.999996e-01 -6.785000e-04 -1.371733e+00 1.420787e-03 6.776476e-04 9.999989e-01 3.767422e+01
9.999289e-01 6.184837e-03 1.019122e-02 2.226535e-01 -6.165342e-03 9.999791e-01 -1.943349e-03 -1.415734e+00 -1.020303e-02 1.880344e-03 9.999461e-01 3.840659e+01
9.999667e-01 -2.448421e-03 -7.785002e-03 7.437092e-01 2.451690e-03 9.999969e-01 4.102078e-04 -1.437107e+00 7.783980e-03 -4.292460e-04 9.999697e-01 3.865984e+01
9.998446e-01 9.279872e-03 1.499196e-02 2.024750e+00 -9.238147e-03 9.999533e-01 -2.850116e-03 -1.473079e+00 -1.501771e-02 2.711140e-03 9.998835e-01 3.855352e+01
9.999532e-01 -5.317912e-04 -9.658804e-03 3.523549e+00 5.349056e-04 9.999998e-01 3.197787e-04 -1.509261e+00 9.658637e-03 -3.248953e-04 9.999534e-01 3.813924e+01
9.998664e-01 6.659838e-03 1.492850e-02 4.580956e+00 -6.609338e-03 9.999723e-01 -3.429611e-03 -1.542034e+00 -1.495093e-02 3.330450e-03 9.998826e-01 3.824671e+01
9.999682e-01 -2.042441e-03 -7.705885e-03 5.500289e+00 2.037741e-03 9.999977e-01 -6.177981e-04 -1.590883e+00 7.707134e-03 6.021116e-04 9.999702e-01 3.927144e+01
9.997619e-01 9.705861e-03 1.954150e-02 6.881591e+00 -9.620500e-03 9.999438e-01 -4.457533e-03 -1.663234e+00 -1.958367e-02 4.268436e-03 9.997990e-01 4.080118e+01
9.999433e-01 -3.115135e-03 -1.018515e-02 8.089501e+00 3.124105e-03 9.999947e-01 8.648816e-04 -1.720995e+00 1.018240e-02 -8.966155e-04 9.999479e-01 4.189477e+01
9.999319e-01 4.239136e-03 1.087392e-02 8.045547e+00 -4.197774e-03 9.999839e-01 -3.823836e-03 -1.740010e+00 -1.088996e-02 3.777893e-03 9.999335e-01 4.276960e+01
9.999781e-01 -8.025810e-04 -6.575462e-03 8.548955e+00 7.977784e-04 9.999994e-01 -7.329791e-04 -1.772087e+00 6.576047e-03 7.277545e-04 9.999782e-01 4.359516e+01
9.998018e-01 1.197533e-02 1.590502e-02 1.025748e+01 -1.191762e-02 9.999221e-01 -3.718573e-03 -1.832713e+00 -1.594831e-02 3.528248e-03 9.998665e-01 4.417013e+01
9.999764e-01 -2.212958e-03 -6.506825e-03 1.200168e+01 2.211450e-03 9.999975e-01 -2.389847e-04 -1.882509e+00 6.507337e-03 2.246276e-04 9.999789e-01 4.432256e+01
9.996266e-01 1.605080e-02 2.211256e-02 1.460089e+01 -1.587784e-02 9.998421e-01 -7.975355e-03 -1.957579e+00 -2.223708e-02 7.621239e-03 9.997236e-01 4.467694e+01
9.999879e-01 -5.973171e-04 -4.874812e-03 1.743178e+01 5.977336e-04 9.999998e-01 8.421916e-05 -2.049980e+00 4.874756e-03 -8.709260e-05 9.999882e-01 4.536832e+01
9.998498e-01 9.924527e-03 1.421047e-02 1.914877e+01 -9.832954e-03 9.999305e-01 -6.499373e-03 -2.113115e+00 -1.427398e-02 6.358625e-03 9.998778e-01 4.606087e+01
9.999930e-01 3.268878e-03 -1.801918e-03 2.117499e+01 -3.269242e-03 9.999946e-01 -1.980530e-04 -2.198960e+00 1.801254e-03 2.039830e-04 9.999985e-01 4.727917e+01
9.994087e-01 2.011484e-02 2.788557e-02 2.529222e+01 -1.973109e-02 9.997077e-01 -1.396909e-02 -2.328140e+00 -2.815839e-02 1.341058e-02 9.995134e-01 4.805229e+01
9.999645e-01 -9.156129e-04 -8.377991e-03 2.829013e+01 9.673592e-04 9.999805e-01 6.174853e-03 -2.434065e+00 8.372161e-03 -6.182696e-03 9.999459e-01 4.898481e+01
9.992218e-01 2.286017e-02 3.214436e-02 3.192155e+01 -2.223531e-02 9.995594e-01 -1.966420e-02 -2.570500e+00 -3.257970e-02 1.893411e-02 9.992897e-01 5.065118e+01
9.999887e-01 3.272464e-03 -3.460185e-03 3.608993e+01 -3.239128e-03 9.999487e-01 9.597641e-03 -2.731669e+00 3.491397e-03 -9.586280e-03 9.999480e-01 5.261636e+01
9.996224e-01 1.547215e-02 2.270762e-02 3.947029e+01 -1.503151e-02 9.996978e-01 -1.944892e-02 -2.831507e+00 -2.300165e-02 1.910020e-02 9.995529e-01 5.310493e+01
9.999804e-01 5.986385e-03 -1.841917e-03 4.330297e+01 -5.966207e-03 9.999242e-01 1.077540e-02 -2.929494e+00 1.906260e-03 -1.076416e-02 9.999403e-01 5.311130e+01
9.996594e-01 1.352347e-02 2.231893e-02 4.717035e+01 -1.309232e-02 9.997270e-01 -1.935220e-02 -3.019871e+00 -2.257453e-02 1.905336e-02 9.995635e-01 5.278761e+01
9.999711e-01 7.603706e-03 -9.821618e-05 5.087633e+01 -7.602291e-03 9.999176e-01 1.034482e-02 -3.127643e+00 1.768391e-04 -1.034373e-02 9.999466e-01 5.325676e+01
9.998666e-01 7.171424e-03 1.467172e-02 5.340657e+01 -6.917598e-03 9.998268e-01 -1.727810e-02 -3.207430e+00 -1.479306e-02 1.717426e-02 9.997430e-01 5.377241e+01
9.999636e-01 8.487585e-03 -9.117577e-04 5.594731e+01 -8.479074e-03 9.999238e-01 8.973057e-03 -3.291458e+00 9.878167e-04 -8.964953e-03 9.999594e-01 5.446179e+01
9.997582e-01 1.078142e-02 1.916327e-02 5.915890e+01 -1.044180e-02 9.997882e-01 -1.773472e-02 -3.386923e+00 -1.935039e-02 1.753029e-02 9.996590e-01 5.488530e+01
9.999506e-01 9.907663e-03 7.972398e-04 6.291853e+01 -9.914098e-03 9.999147e-01 8.505847e-03 -3.481111e+00 -7.129341e-04 -8.513284e-03 9.999636e-01 5.480569e+01
9.997715e-01 1.112113e-02 1.825805e-02 6.674758e+01 -1.080082e-02 9.997877e-01 -1.754872e-02 -3.572272e+00 -1.844930e-02 1.734746e-02 9.996792e-01 5.454063e+01
9.999286e-01 1.154072e-02 3.088678e-03 7.083499e+01 -1.156546e-02 9.999002e-01 8.112240e-03 -3.670671e+00 -2.994789e-03 -8.147336e-03 9.999624e-01 5.433649e+01
9.998274e-01 8.326559e-03 1.660613e-02 7.449761e+01 -8.045803e-03 9.998248e-01 -1.690191e-02 -3.761505e+00 -1.674391e-02 1.676534e-02 9.997192e-01 5.423014e+01
9.999595e-01 8.996279e-03 -4.006230e-04 7.766579e+01 -8.992289e-03 9.999185e-01 9.068259e-03 -3.837177e+00 4.821273e-04 -9.064241e-03 9.999589e-01 5.408611e+01
9.997803e-01 9.987524e-03 1.842584e-02 8.111961e+01 -9.656907e-03 9.997923e-01 -1.794505e-02 -3.922517e+00 -1.860119e-02 1.776312e-02 9.996691e-01 5.399731e+01
9.998441e-01 1.531933e-02 8.785768e-03 8.572910e+01 -1.537667e-02 9.998607e-01 6.494510e-03 -4.045413e+00 -8.685101e-03 -6.628545e-03 9.999404e-01 5.415457e+01
9.999157e-01 4.399061e-03 1.221357e-02 8.937492e+01 -4.220390e-03 9.998843e-01 -1.461527e-02 -4.138472e+00 -1.227640e-02 1.456244e-02 9.998185e-01 5.412406e+01
9.999332e-01 1.133732e-02 2.238876e-03 9.233362e+01 -1.135395e-02 9.999070e-01 7.555532e-03 -4.206277e+00 -2.153060e-03 -7.580400e-03 9.999690e-01 5.388089e+01
9.997776e-01 1.013183e-02 1.849615e-02 9.644400e+01 -9.823452e-03 9.998125e-01 -1.668705e-02 -4.295157e+00 -1.866170e-02 1.650160e-02 9.996896e-01 5.332797e+01
9.999450e-01 1.045713e-02 8.687152e-04 1.003000e+02 -1.046363e-02 9.999147e-01 7.823091e-03 -4.384680e+00 -7.868897e-04 -7.831702e-03 9.999691e-01 5.298551e+01
9.997952e-01 8.808902e-03 1.822181e-02 1.037889e+02 -8.514599e-03 9.998331e-01 -1.616529e-02 -4.471594e+00 -1.836111e-02 1.600678e-02 9.997032e-01 5.290019e+01
9.999538e-01 9.453188e-03 -1.756454e-03 1.070866e+02 -9.438213e-03 9.999205e-01 8.356646e-03 -4.549003e+00 1.835252e-03 -8.339634e-03 9.999636e-01 5.267690e+01
9.997648e-01 9.453886e-03 1.951682e-02 1.105357e+02 -9.133088e-03 9.998228e-01 -1.646038e-02 -4.630894e+00 -1.966891e-02 1.627822e-02 9.996739e-01 5.248156e+01
9.999441e-01 1.053931e-02 -8.044061e-04 1.139838e+02 -1.053335e-02 9.999192e-01 7.115470e-03 -4.724876e+00 8.792709e-04 -7.106552e-03 9.999744e-01 5.267054e+01
9.996665e-01 1.210429e-02 2.281109e-02 1.178845e+02 -1.172245e-02 9.997902e-01 -1.679845e-02 -4.831639e+00 -2.300958e-02 1.652540e-02 9.995986e-01 5.287023e+01
9.999613e-01 7.630471e-03 -4.382447e-03 1.213989e+02 -7.592894e-03 9.999348e-01 8.532618e-03 -4.917391e+00 4.447203e-03 -8.498965e-03 9.999541e-01 5.270872e+01
9.997035e-01 1.082662e-02 2.180944e-02 1.251627e+02 -1.044124e-02 9.997887e-01 -1.770664e-02 -4.989757e+00 -2.199646e-02 1.747362e-02 9.996053e-01 5.196914e+01
9.999673e-01 6.705530e-03 -4.516953e-03 1.287067e+02 -6.658143e-03 9.999234e-01 1.043008e-02 -5.057691e+00 4.586478e-03 -1.039961e-02 9.999355e-01 5.119928e+01
9.996728e-01 1.072533e-02 2.322290e-02 1.322296e+02 -1.025607e-02 9.997427e-01 -2.023171e-02 -5.140307e+00 -2.343384e-02 1.998687e-02 9.995255e-01 5.101328e+01
9.999315e-01 1.170132e-02 1.648786e-04 1.364038e+02 -1.170247e-02 9.998642e-01 1.160062e-02 -5.236689e+00 -2.918582e-05 -1.160171e-02 9.999328e-01 5.069772e+01
9.996690e-01 1.182253e-02 2.284834e-02 1.409325e+02 -1.134373e-02 9.997157e-01 -2.097176e-02 -5.328743e+00 -2.308971e-02 2.070559e-02 9.995189e-01 4.984553e+01
9.999289e-01 1.188689e-02 -1.008749e-03 1.453756e+02 -1.187469e-02 9.998650e-01 1.135701e-02 -5.419925e+00 1.143537e-03 -1.134417e-02 9.999351e-01 4.903330e+01
