9.999551e-01 -8.973474e-03 3.057140e-03 4.624149e-02 8.953225e-03 9.999383e-01 6.573756e-03 -7.724149e-03 -3.115941e-03 -6.546091e-03 9.999738e-01 5.233278e-02
9.999979e-01 1.875901e-03 -8.037691e-04 8.665887e-02 -1.875885e-03 9.999982e-01 2.052388e-05 -1.654400e-02 8.038068e-04 -1.901426e-05 9.999996e-01 1.165396e-01
9.999363e-01 -1.076607e-02 3.394518e-03 1.279672e-01 1.074903e-02 9.999297e-01 4.999598e-03 -2.378660e-02 -3.448106e-03 -4.962794e-03 9.999818e-01 1.724754e-01
9.999897e-01 3.553836e-03 -2.823188e-03 1.619436e-01 -3.564815e-03 9.999861e-01 -3.893546e-03 -3.147957e-02 2.809312e-03 3.903573e-03 9.999883e-01 2.349328e-01
9.999138e-01 -1.121548e-02 6.823502e-03 1.960991e-01 1.116913e-02 9.999145e-01 6.792893e-03 -3.917745e-02 -6.899106e-03 -6.716098e-03 9.999537e-01 3.005120e-01
9.999915e-01 -1.451426e-03 -3.852132e-03 2.280168e-01 1.455257e-03 9.999984e-01 9.918993e-04 -4.764717e-02 3.850688e-03 -9.974933e-04 9.999920e-01 3.754809e-01
9.999193e-01 -1.072109e-02 6.812218e-03 2.598829e-01 1.066179e-02 9.999055e-01 8.682734e-03 -5.771459e-02 -6.904664e-03 -8.609407e-03 9.999392e-01 4.469826e-01
9.999694e-01 6.134654e-03 4.862564e-03 2.976388e-01 -6.109353e-03 9.999678e-01 -5.201216e-03 -6.683762e-02 -4.894312e-03 5.171354e-03 9.999746e-01 5.240808e-01
9.997435e-01 -2.261356e-02 -1.218529e-03 3.490526e-01 2.263248e-02 9.995670e-01 1.880643e-02 -7.618859e-02 7.927170e-04 -1.882919e-02 9.998225e-01 6.036938e-01
9.999725e-01 7.403082e-03 -3.809572e-04 3.928275e-01 -7.405396e-03 9.999516e-01 -6.481960e-03 -8.450347e-02 3.329557e-04 6.484610e-03 9.999788e-01 6.707489e-01
9.999372e-01 -1.084356e-02 2.829407e-03 4.298717e-01 1.081983e-02 9.999073e-01 8.269663e-03 -9.300732e-02 -2.918821e-03 -8.238537e-03 9.999619e-01 7.410904e-01
9.999717e-01 5.361231e-03 5.270280e-03 4.668435e-01 -5.345623e-03 9.999813e-01 -2.971161e-03 -1.021380e-01 -5.286106e-03 2.942912e-03 9.999816e-01 8.183915e-01
9.998733e-01 -1.588444e-02 9.921503e-04 5.051765e-01 1.587165e-02 9.998045e-01 1.179326e-02 -1.116825e-01 -1.179291e-03 -1.177603e-02 9.999301e-01 9.014378e-01
9.999479e-01 9.881176e-03 2.553585e-03 5.408888e-01 -9.864109e-03 9.999295e-01 -6.612226e-03 -1.204796e-01 -2.618736e-03 6.586702e-03 9.999748e-01 9.779201e-01
9.999006e-01 -1.409308e-02 -3.421816e-04 5.774335e-01 1.409529e-02 9.998712e-01 7.676759e-03 -1.285134e-01 2.339424e-04 -7.680829e-03 9.999706e-01 1.048995e+00
9.999575e-01 6.998790e-03 5.993902e-03 6.208317e-01 -6.986631e-03 9.999735e-01 -2.047145e-03 -1.360105e-01 -6.008064e-03 2.005190e-03 9.999798e-01 1.109636e+00
9.998922e-01 -1.390707e-02 4.704011e-03 6.654704e-01 1.387176e-02 9.998760e-01 7.458381e-03 -1.456169e-01 -4.807159e-03 -7.392335e-03 9.999612e-01 1.178806e+00
9.999678e-01 8.021214e-03 -5.720306e-05 7.063886e-01 -8.021269e-03 9.999673e-01 -1.018017e-03 -1.539828e-01 4.904356e-05 1.018454e-03 9.999994e-01 1.248095e+00
9.999255e-01 -1.165286e-02 3.646843e-03 7.442550e-01 1.163961e-02 9.999257e-01 3.632788e-03 -1.619999e-01 -3.688913e-03 -3.590081e-03 9.999869e-01 1.319415e+00
9.999702e-01 7.028622e-03 3.192371e-03 7.843572e-01 -7.031668e-03 9.999748e-01 9.437627e-04 -1.705536e-01 -3.185648e-03 -9.661705e-04 9.999944e-01 1.384263e+00
9.997984e-01 -3.702711e-03 1.973525e-02 8.219793e-01 3.668695e-03 9.999917e-01 1.759552e-03 -1.795420e-01 -1.974162e-02 -1.686807e-03 9.998038e-01 1.472767e+00
9.995699e-01 -1.714446e-02 -2.379051e-02 8.680024e-01 1.746133e-02 9.997607e-01 1.317569e-02 -1.873727e-01 2.355893e-02 -1.358542e-02 9.996300e-01 1.537932e+00
9.995668e-01 9.062892e-03 2.800273e-02 9.063924e-01 -8.813518e-03 9.999205e-01 -9.015941e-03 -1.940512e-01 -2.808222e-02 8.765219e-03 9.995673e-01 1.589799e+00
9.996760e-01 -1.477513e-02 -2.072894e-02 9.491287e-01 1.506582e-02 9.997894e-01 1.393764e-02 -2.001740e-01 2.051866e-02 -1.424541e-02 9.996879e-01 1.638734e+00
9.995758e-01 1.804333e-02 2.286072e-02 9.967152e-01 -1.774425e-02 9.997552e-01 -1.321846e-02 -2.061098e-01 -2.309364e-02 1.280720e-02 9.996514e-01 1.694108e+00
9.997063e-01 -2.366957e-02 -5.209859e-03 1.052450e+00 2.381608e-02 9.992622e-01 3.013092e-02 -2.168421e-01 4.492844e-03 -3.024613e-02 9.995323e-01 1.788847e+00
9.999967e-01 2.144159e-03 -1.400221e-03 1.097071e+00 -2.165311e-03 9.998808e-01 -1.528479e-02 -2.244285e-01 1.367267e-03 1.528776e-02 9.998823e-01 1.865638e+00
9.999220e-01 -7.106836e-03 1.026827e-02 1.141885e+00 6.894260e-03 9.997642e-01 2.059131e-02 -2.313617e-01 -1.041217e-02 -2.051889e-02 9.997351e-01 1.925816e+00
9.999644e-01 -2.736093e-04 -8.431777e-03 1.185691e+00 1.434149e-04 9.998808e-01 -1.543784e-02 -2.380843e-01 8.434981e-03 1.543607e-02 9.998454e-01 1.974123e+00
9.999004e-01 -9.057270e-03 1.082600e-02 1.230880e+00 8.797748e-03 9.996784e-01 2.378388e-02 -2.447341e-01 -1.103792e-02 -2.368625e-02 9.996584e-01 2.023816e+00
9.999591e-01 1.393214e-03 -8.935280e-03 1.278423e+00 -1.548411e-03 9.998477e-01 -1.738597e-02 -2.509314e-01 8.909681e-03 1.739908e-02 9.998090e-01 2.072124e+00
9.993664e-01 6.153090e-03 3.505621e-02 1.329126e+00 -7.031421e-03 9.996630e-01 2.498694e-02 -2.607176e-01 -3.489063e-02 -2.521758e-02 9.990728e-01 2.170893e+00
9.987724e-01 -2.938661e-02 -3.987582e-02 1.349516e+00 2.874079e-02 9.994478e-01 -1.667376e-02 -2.725509e-01 4.034377e-02 1.550720e-02 9.990656e-01 2.276968e+00
9.988853e-01 2.068918e-02 4.242754e-02 1.391022e+00 -2.156918e-02 9.995594e-01 2.038929e-02 -2.794395e-01 -4.198699e-02 -2.128167e-02 9.988914e-01 2.328479e+00
9.988113e-01 -3.070328e-02 -3.785839e-02 1.433850e+00 3.005289e-02 9.993928e-01 -1.763097e-02 -2.860133e-01 3.837671e-02 1.647223e-02 9.991277e-01 2.376641e+00
9.990047e-01 1.902960e-02 4.034177e-02 1.479867e+00 -1.980649e-02 9.996243e-01 1.894601e-02 -2.909627e-01 -3.996606e-02 -1.972616e-02 9.990062e-01 2.410219e+00
9.987180e-01 -3.045068e-02 -4.043697e-02 1.522948e+00 2.974236e-02 9.993954e-01 -1.800433e-02 -2.964808e-01 4.096074e-02 1.677853e-02 9.990200e-01 2.445578e+00
9.988508e-01 1.985294e-02 4.362194e-02 1.565074e+00 -2.082007e-02 9.995449e-01 2.182946e-02 -3.026171e-01 -4.316869e-02 -2.271256e-02 9.988095e-01 2.491545e+00
9.993360e-01 -2.059312e-02 -3.005879e-02 1.657708e+00 2.057776e-02 9.997879e-01 -8.201801e-04 -3.145421e-01 3.006929e-02 2.010688e-04 9.995479e-01 2.654402e+00
9.989640e-01 1.325915e-02 4.353262e-02 1.649476e+00 -1.363313e-02 9.998726e-01 8.305120e-03 -3.293100e-01 -4.341693e-02 -8.889977e-03 9.990174e-01 2.840098e+00
9.985789e-01 -1.152498e-02 -5.203140e-02 1.695801e+00 1.059212e-02 9.997788e-01 -1.816907e-02 -3.365484e-01 5.222927e-02 1.759210e-02 9.984803e-01 2.882667e+00
9.985858e-01 3.091650e-02 4.325089e-02 1.744150e+00 -3.075643e-02 9.995174e-01 -4.361647e-03 -3.470246e-01 -4.336484e-02 3.025258e-03 9.990546e-01 2.965590e+00
9.986915e-01 -1.343577e-02 -4.934295e-02 1.777701e+00 1.216102e-02 9.995868e-01 -2.604459e-02 -3.668411e-01 4.967247e-02 2.541043e-02 9.984424e-01 3.108956e+00
9.987814e-01 2.487333e-02 4.262595e-02 1.800097e+00 -2.576437e-02 9.994582e-01 2.048345e-02 -3.839231e-01 -4.209335e-02 -2.155670e-02 9.988810e-01 3.339087e+00
9.987640e-01 -1.588147e-02 -4.709893e-02 1.841926e+00 1.501339e-02 9.997119e-01 -1.872797e-02 -3.987736e-01 4.738277e-02 1.799769e-02 9.987147e-01 3.544735e+00
9.988416e-01 8.848838e-03 4.729797e-02 1.881934e+00 -1.053179e-02 9.993159e-01 3.545191e-02 -4.087066e-01 -4.695188e-02 -3.590895e-02 9.982514e-01 3.660570e+00
9.987313e-01 -2.324019e-02 -4.467304e-02 1.927951e+00 2.207571e-02 9.994081e-01 -2.638572e-02 -4.165069e-01 4.525979e-02 2.536604e-02 9.986532e-01 3.712949e+00
9.985493e-01 1.014765e-02 5.288116e-02 1.977300e+00 -1.187745e-02 9.994012e-01 3.250018e-02 -4.232137e-01 -5.251967e-02 -3.308110e-02 9.980717e-01 3.759630e+00
9.985361e-01 -2.396632e-02 -4.848970e-02 2.024235e+00 2.266408e-02 9.993722e-01 -2.723012e-02 -4.297972e-01 4.911185e-02 2.609126e-02 9.984525e-01 3.801729e+00
9.985205e-01 1.505400e-02 5.225066e-02 2.071513e+00 -1.671425e-02 9.993645e-01 3.148455e-02 -4.364108e-01 -5.174346e-02 -3.231127e-02 9.981375e-01 3.844643e+00
9.984492e-01 -2.325514e-02 -5.058117e-02 2.112815e+00 2.196958e-02 9.994250e-01 -2.582504e-02 -4.428222e-01 5.115263e-02 2.467371e-02 9.983861e-01 3.898737e+00
9.983561e-01 3.206920e-02 4.750452e-02 2.161469e+00 -3.324114e-02 9.991570e-01 2.408871e-02 -4.488335e-01 -4.669195e-02 -2.562819e-02 9.985804e-01 3.986792e+00
9.984610e-01 -3.837488e-02 -4.003735e-02 2.222111e+00 3.805198e-02 9.992370e-01 -8.796574e-03 -4.592990e-01 4.034435e-02 7.259511e-03 9.991596e-01 4.104367e+00
9.984285e-01 3.084847e-02 4.678534e-02 2.274845e+00 -3.186450e-02 9.992689e-01 2.112854e-02 -4.683798e-01 -4.609933e-02 -2.258610e-02 9.986814e-01 4.184216e+00
9.987081e-01 -1.632319e-02 -4.812245e-02 2.306921e+00 1.451784e-02 9.991863e-01 -3.762955e-02 -4.826130e-01 4.869750e-02 3.688227e-02 9.981325e-01 4.349094e+00
9.986365e-01 2.569511e-02 4.544137e-02 2.344482e+00 -2.735195e-02 9.989693e-01 3.622309e-02 -4.990967e-01 -4.446376e-02 -3.741658e-02 9.983100e-01 4.571511e+00
9.984804e-01 -2.742242e-02 -4.780125e-02 2.368798e+00 2.641962e-02 9.994200e-01 -2.148570e-02 -5.083804e-01 4.836270e-02 2.019013e-02 9.986259e-01 4.692552e+00
9.983818e-01 1.581281e-02 5.462280e-02 2.414174e+00 -1.719292e-02 9.995424e-01 2.488917e-02 -5.154006e-01 -5.420421e-02 -2.578800e-02 9.981967e-01 4.739103e+00
9.984367e-01 -1.959885e-02 -5.234625e-02 2.473189e+00 1.856652e-02 9.996249e-01 -2.013523e-02 -5.218887e-01 5.272122e-02 1.913184e-02 9.984261e-01 4.805967e+00
9.987289e-01 1.737434e-02 4.731472e-02 2.545439e+00 -1.901674e-02 9.992242e-01 3.448614e-02 -5.318464e-01 -4.667882e-02 -3.534204e-02 9.982844e-01 4.933690e+00
9.983619e-01 -3.820258e-02 -4.259232e-02 2.600004e+00 3.792592e-02 9.992540e-01 -7.285041e-03 -5.459092e-01 4.283883e-02 5.657722e-03 9.990661e-01 5.062118e+00
9.985729e-01 2.575035e-02 4.678791e-02 2.643997e+00 -2.661847e-02 9.994831e-01 1.802688e-02 -5.519656e-01 -4.629950e-02 -1.924655e-02 9.987421e-01 5.115320e+00
9.985049e-01 -3.587921e-02 -4.123867e-02 2.688297e+00 3.557477e-02 9.993343e-01 -8.093019e-03 -5.589622e-01 4.150157e-02 6.613830e-03 9.991166e-01 5.179569e+00
9.984515e-01 4.421522e-02 3.375732e-02 2.736714e+00 -4.446978e-02 9.989874e-01 6.827142e-03 -5.655698e-01 -3.342125e-02 -8.317716e-03 9.994066e-01 5.278825e+00
9.985872e-01 -3.626633e-02 -3.883886e-02 2.795519e+00 3.639154e-02 9.993344e-01 2.521467e-03 -5.768942e-01 3.872155e-02 -3.931345e-03 9.992424e-01 5.508546e+00
9.988351e-01 3.036457e-02 3.750256e-02 2.857041e+00 -3.103276e-02 9.993675e-01 1.736533e-02 -5.933350e-01 -3.695153e-02 -1.850887e-02 9.991455e-01 5.774666e+00
9.988130e-01 -2.713307e-02 -4.045195e-02 2.923297e+00 2.690899e-02 9.996194e-01 -6.073837e-03 -6.102271e-01 4.060134e-02 4.978069e-03 9.991631e-01 6.045936e+00
9.988270e-01 1.467184e-02 4.614493e-02 2.970299e+00 -1.585481e-02 9.995523e-01 2.537524e-02 -6.283355e-01 -4.575195e-02 -2.607705e-02 9.986123e-01 6.227879e+00
9.983950e-01 2.282133e-03 -5.658877e-02 3.014126e+00 -4.199367e-03 9.994203e-01 -3.378449e-02 -6.326635e-01 5.647885e-02 3.396787e-02 9.978259e-01 6.349731e+00
9.985431e-01 -7.631170e-03 5.341742e-02 3.073486e+00 5.019061e-03 9.987928e-01 4.886432e-02 -6.486484e-01 -5.372581e-02 -4.852499e-02 9.973759e-01 6.599519e+00
9.986194e-01 -1.035222e-02 -5.149937e-02 3.116032e+00 9.139347e-03 9.996766e-01 -2.373127e-02 -6.695368e-01 5.172836e-02 2.322780e-02 9.983911e-01 6.814633e+00
9.989385e-01 -1.289513e-03 4.604663e-02 3.138243e+00 -1.669739e-04 9.995002e-01 3.161278e-02 -6.796065e-01 -4.606436e-02 -3.158687e-02 9.984389e-01 6.905313e+00
9.984648e-01 -1.676991e-03 -5.536474e-02 3.150470e+00 -4.293803e-04 9.992772e-01 -3.801167e-02 -6.871647e-01 5.538845e-02 3.797704e-02 9.977425e-01 6.976343e+00
9.990110e-01 -1.302605e-03 4.444502e-02 3.165779e+00 -9.417708e-05 9.995066e-01 3.141057e-02 -6.943442e-01 -4.446399e-02 -3.138365e-02 9.985178e-01 7.037211e+00
9.985066e-01 -1.913066e-03 -5.459773e-02 3.181098e+00 -3.395346e-05 9.993648e-01 -3.563809e-02 -7.023354e-01 5.463121e-02 3.558668e-02 9.978723e-01 7.109420e+00
9.988932e-01 4.914651e-03 4.677903e-02 3.201559e+00 -6.725882e-03 9.992305e-01 3.864052e-02 -7.156253e-01 -4.655311e-02 -3.891234e-02 9.981575e-01 7.320914e+00
9.995155e-01 3.669287e-03 -3.090857e-02 3.209265e+00 -4.548974e-03 9.995852e-01 -2.843906e-02 -7.327737e-01 3.079138e-02 2.856583e-02 9.991176e-01 7.592105e+00
9.993129e-01 -2.374445e-02 2.846085e-02 3.197628e+00 2.282616e-02 9.992218e-01 3.216702e-02 -7.493750e-01 -2.920247e-02 -3.149522e-02 9.990771e-01 7.766378e+00
9.990858e-01 2.126162e-02 -3.708719e-02 3.212725e+00 -2.246642e-02 9.992232e-01 -3.237725e-02 -7.571489e-01 3.636997e-02 3.318082e-02 9.987875e-01 7.845162e+00
9.989449e-01 -2.652891e-02 3.748778e-02 3.228276e+00 2.519867e-02 9.990511e-01 3.552216e-02 -7.660352e-01 -3.839456e-02 -3.454000e-02 9.986654e-01 7.935264e+00
9.991189e-01 1.977172e-02 -3.701987e-02 3.262805e+00 -2.081775e-02 9.993887e-01 -2.808690e-02 -7.729610e-01 3.644190e-02 2.883278e-02 9.989198e-01 8.000809e+00
9.989842e-01 -2.305467e-02 3.871859e-02 3.313390e+00 2.166129e-02 9.991160e-01 3.602904e-02 -7.798932e-01 -3.951498e-02 -3.515370e-02 9.986003e-01 8.060714e+00
9.992209e-01 1.089774e-02 -3.793135e-02 3.357939e+00 -1.186605e-02 9.996070e-01 -2.539739e-02 -7.874738e-01 3.763965e-02 2.582766e-02 9.989576e-01 8.121864e+00
9.989535e-01 -2.067121e-02 4.079904e-02 3.402477e+00 1.931574e-02 9.992573e-01 3.334216e-02 -7.943454e-01 -4.145794e-02 -3.251916e-02 9.986108e-01 8.175432e+00
9.993668e-01 5.910856e-03 -3.508669e-02 3.442593e+00 -6.705676e-03 9.997226e-01 -2.257892e-02 -8.015547e-01 3.494347e-02 2.279986e-02 9.991293e-01 8.231473e+00
9.992557e-01 -1.092959e-02 3.699555e-02 3.488164e+00 9.869336e-03 9.995387e-01 2.872124e-02 -8.090646e-01 -3.729237e-02 -2.833469e-02 9.989025e-01 8.300150e+00
9.993693e-01 6.404521e-03 -3.492707e-02 3.516524e+00 -7.333641e-03 9.996209e-01 -2.653899e-02 -8.164962e-01 3.474384e-02 2.677835e-02 9.990375e-01 8.377614e+00
9.995749e-01 4.484938e-03 2.880678e-02 3.558510e+00 -5.118640e-03 9.997457e-01 2.196229e-02 -8.221207e-01 -2.870094e-02 -2.210035e-02 9.993436e-01 8.444772e+00
9.994877e-01 -9.980864e-03 -3.040904e-02 3.613675e+00 9.623782e-03 9.998833e-01 -1.186664e-02 -8.305769e-01 3.052391e-02 1.156786e-02 9.994672e-01 8.527317e+00
9.995814e-01 6.428237e-04 2.892464e-02 3.656038e+00 -1.126150e-03 9.998600e-01 1.669651e-02 -8.377345e-01 -2.890984e-02 -1.672205e-02 9.994420e-01 8.585908e+00
9.995839e-01 -1.657043e-02 -2.360881e-02 3.697299e+00 1.625501e-02 9.997769e-01 -1.349012e-02 -8.435444e-01 2.382706e-02 1.310069e-02 9.996303e-01 8.624312e+00
9.996255e-01 5.811519e-03 2.674016e-02 3.739048e+00 -6.231935e-03 9.998579e-01 1.566574e-02 -8.482543e-01 -2.664529e-02 -1.582647e-02 9.995196e-01 8.665447e+00
9.999424e-01 -2.027200e-04 -1.073143e-02 3.797594e+00 6.074196e-05 9.999125e-01 -1.322935e-02 -8.559500e-01 1.073315e-02 1.322789e-02 9.998550e-01 8.731486e+00
9.998482e-01 -1.546129e-02 8.035673e-03 3.860179e+00 1.522979e-02 9.994887e-01 2.811299e-02 -8.640137e-01 -8.466205e-03 -2.798629e-02 9.995724e-01 8.817183e+00
9.999707e-01 6.731905e-03 -3.654960e-03 3.917121e+00 -6.780893e-03 9.998850e-01 -1.356223e-02 -8.722326e-01 3.563218e-03 1.358657e-02 9.999014e-01 8.900936e+00
9.995582e-01 -2.739089e-02 1.154130e-02 3.972234e+00 2.697387e-02 9.990282e-01 3.485860e-02 -8.812488e-01 -1.248487e-02 -3.453183e-02 9.993255e-01 8.969256e+00
9.997252e-01 2.119949e-02 -1.000477e-02 4.006054e+00 -2.154146e-02 9.991407e-01 -3.541026e-02 -8.880039e-01 9.245472e-03 3.561599e-02 9.993229e-01 9.022551e+00
9.996015e-01 -2.540207e-02 1.231003e-02 4.037580e+00 2.496638e-02 9.990983e-01 3.434066e-02 -8.952654e-01 -1.317123e-02 -3.401959e-02 9.993343e-01 9.092549e+00
9.997000e-01 1.587630e-02 -1.864986e-02 4.068263e+00 -1.641982e-02 9.994340e-01 -2.936180e-02 -9.020889e-01 1.817312e-02 2.965917e-02 9.993949e-01 9.159733e+00
9.994211e-01 -2.461990e-02 2.348145e-02 4.113260e+00 2.378117e-02 9.990919e-01 3.535253e-02 -9.098538e-01 -2.433047e-02 -3.477359e-02 9.990989e-01 9.218082e+00
9.997574e-01 1.504116e-02 -1.609283e-02 4.166556e+00 -1.547402e-02 9.995124e-01 -2.712055e-02 -9.171707e-01 1.567704e-02 2.736293e-02 9.995027e-01 9.270971e+00
9.993501e-01 -2.936487e-02 2.090423e-02 4.221601e+00 2.858498e-02 9.989183e-01 3.667625e-02 -9.242765e-01 -2.195858e-02 -3.605481e-02 9.991084e-01 9.324656e+00
9.997315e-01 1.563382e-02 -1.710337e-02 4.278465e+00 -1.609498e-02 9.995013e-01 -2.716669e-02 -9.318864e-01 1.667009e-02 2.743462e-02 9.994847e-01 9.384173e+00
9.993074e-01 -2.933934e-02 2.288739e-02 4.323073e+00 2.854580e-02 9.990052e-01 3.425969e-02 -9.392745e-01 -2.386975e-02 -3.358257e-02 9.991508e-01 9.439537e+00
9.995677e-01 1.598902e-02 -2.467140e-02 4.363200e+00 -1.664981e-02 9.995017e-01 -2.681538e-02 -9.458633e-01 2.423033e-02 2.721451e-02 9.993360e-01 9.495132e+00
9.993883e-01 -2.523495e-02 2.421091e-02 4.405988e+00 2.447452e-02 9.992132e-01 3.120685e-02 -9.516198e-01 -2.497933e-02 -3.059516e-02 9.992196e-01 9.546247e+00
9.997152e-01 1.374665e-02 -1.951018e-02 4.456056e+00 -1.423753e-02 9.995798e-01 -2.524876e-02 -9.571232e-01 1.915487e-02 2.551929e-02 9.994909e-01 9.590029e+00
9.993434e-01 -2.470488e-02 2.650192e-02 4.509507e+00 2.386349e-02 9.992154e-01 3.160780e-02 -9.628987e-01 -2.726196e-02 -3.095456e-02 9.991488e-01 9.629777e+00
9.997111e-01 1.257370e-02 -2.048550e-02 4.562487e+00 -1.305902e-02 9.996331e-01 -2.373223e-02 -9.689936e-01 2.017955e-02 2.399284e-02 9.995085e-01 9.672462e+00
9.994277e-01 -2.398609e-02 2.385320e-02 4.612813e+00 2.328873e-02 9.993053e-01 2.909532e-02 -9.750773e-01 -2.453448e-02 -2.852310e-02 9.992919e-01 9.713798e+00
9.997136e-01 1.532028e-02 -1.838362e-02 4.661821e+00 -1.575263e-02 9.995972e-01 -2.360869e-02 -9.815201e-01 1.801449e-02 2.389146e-02 9.995523e-01 9.756800e+00
9.995033e-01 -2.557448e-02 1.841404e-02 4.709637e+00 2.495552e-02 9.991407e-01 3.309279e-02 -9.881768e-01 -1.924452e-02 -3.261676e-02 9.992826e-01 9.811897e+00
9.997601e-01 1.861194e-02 -1.155153e-02 4.757394e+00 -1.891829e-02 9.994563e-01 -2.700424e-02 -9.950098e-01 1.104261e-02 2.721624e-02 9.995687e-01 9.866615e+00
9.996070e-01 -2.364854e-02 1.505454e-02 4.803205e+00 2.321002e-02 9.993195e-01 2.866565e-02 -1.001351e+00 -1.572216e-02 -2.830491e-02 9.994756e-01 9.915507e+00
9.998449e-01 1.427484e-02 -1.031329e-02 4.845118e+00 -1.451273e-02 9.996215e-01 -2.337366e-02 -1.008003e+00 9.975702e-03 2.351965e-02 9.996737e-01 9.963456e+00
9.996792e-01 -2.090775e-02 1.429545e-02 4.892986e+00 2.047533e-02 9.993475e-01 2.975300e-02 -1.014649e+00 -1.490815e-02 -2.945069e-02 9.994550e-01 1.000755e+01
9.998314e-01 1.416868e-02 -1.167901e-02 4.943095e+00 -1.442938e-02 9.996416e-01 -2.254943e-02 -1.021494e+00 1.135530e-02 2.271409e-02 9.996776e-01 1.005977e+01
9.994693e-01 -2.635011e-02 1.915223e-02 4.994529e+00 2.576172e-02 9.992074e-01 3.034460e-02 -1.028505e+00 -1.993660e-02 -2.983505e-02 9.993559e-01 1.010331e+01
9.998050e-01 1.483567e-02 -1.303389e-02 5.049787e+00 -1.510152e-02 9.996749e-01 -2.054251e-02 -1.035439e+00 1.272485e-02 2.073527e-02 9.997041e-01 1.014698e+01
9.997168e-01 -1.700807e-02 1.664291e-02 5.109631e+00 1.658688e-02 9.995467e-01 2.512545e-02 -1.042403e+00 -1.706266e-02 -2.484222e-02 9.995457e-01 1.019854e+01
9.997398e-01 1.295092e-02 -1.877698e-02 5.161039e+00 -1.329932e-02 9.997395e-01 -1.855033e-02 -1.049120e+00 1.853181e-02 1.879516e-02 9.996517e-01 1.025989e+01
9.994158e-01 -2.431274e-02 2.402145e-02 5.208476e+00 2.361436e-02 9.993021e-01 2.894094e-02 -1.056732e+00 -2.470828e-02 -2.835672e-02 9.992924e-01 1.032401e+01
9.996157e-01 1.797801e-02 -2.110040e-02 5.249054e+00 -1.853235e-02 9.994803e-01 -2.637731e-02 -1.062945e+00 2.061518e-02 2.675815e-02 9.994294e-01 1.036558e+01
9.993877e-01 -2.646671e-02 2.288585e-02 5.294651e+00 2.575715e-02 9.991948e-01 3.076136e-02 -1.069715e+00 -2.368153e-02 -3.015299e-02 9.992646e-01 1.041468e+01
9.995730e-01 1.953324e-02 -2.173277e-02 5.337110e+00 -2.012341e-02 9.994253e-01 -2.727725e-02 -1.076308e+00 2.118742e-02 2.770288e-02 9.993917e-01 1.045752e+01
9.994780e-01 -2.374583e-02 2.190373e-02 5.369864e+00 2.314796e-02 9.993632e-01 2.715565e-02 -1.083313e+00 -2.253458e-02 -2.663439e-02 9.993911e-01 1.050893e+01
9.995628e-01 1.669131e-02 -2.440554e-02 5.399078e+00 -1.737474e-02 9.994551e-01 -2.806497e-02 -1.090133e+00 2.392376e-02 2.847668e-02 9.993082e-01 1.056303e+01
9.995433e-01 -2.259388e-02 2.006965e-02 5.423243e+00 2.207009e-02 9.994197e-01 2.594702e-02 -1.095772e+00 -2.064421e-02 -2.549217e-02 9.994618e-01 1.061141e+01
9.994984e-01 1.535553e-02 -2.769928e-02 5.449227e+00 -1.614942e-02 9.994585e-01 -2.866943e-02 -1.101914e+00 2.724400e-02 2.910231e-02 9.992052e-01 1.065935e+01
9.994558e-01 -2.159416e-02 2.493617e-02 5.477226e+00 2.096508e-02 9.994621e-01 2.521864e-02 -1.107006e+00 -2.546729e-02 -2.468207e-02 9.993708e-01 1.070222e+01
9.996015e-01 1.120382e-02 -2.591051e-02 5.517534e+00 -1.178097e-02 9.996835e-01 -2.223118e-02 -1.112912e+00 2.565320e-02 2.252751e-02 9.994171e-01 1.073907e+01
9.994821e-01 -1.518849e-02 2.837092e-02 5.556197e+00 1.453030e-02 9.996238e-01 2.326268e-02 -1.118515e+00 -2.871353e-02 -2.283833e-02 9.993267e-01 1.077750e+01
9.995802e-01 1.293120e-02 -2.592834e-02 5.595259e+00 -1.359762e-02 9.995774e-01 -2.569373e-02 -1.123727e+00 2.558509e-02 2.603545e-02 9.993336e-01 1.082480e+01
9.992970e-01 -1.897943e-02 3.232936e-02 5.635459e+00 1.801087e-02 9.993879e-01 2.999089e-02 -1.129652e+00 -3.287874e-02 -2.938746e-02 9.990271e-01 1.087604e+01
9.996223e-01 2.678065e-02 -6.173653e-03 5.689894e+00 -2.695315e-02 9.991925e-01 -2.979747e-02 -1.136643e+00 5.370631e-03 2.995256e-02 9.995370e-01 1.095462e+01
9.994508e-01 -2.269726e-02 2.414427e-02 5.723154e+00 2.177752e-02 9.990519e-01 3.769682e-02 -1.148680e+00 -2.497695e-02 -3.715026e-02 9.989974e-01 1.108943e+01
9.997017e-01 3.629027e-03 -2.415349e-02 5.749987e+00 -4.343363e-03 9.995527e-01 -2.958913e-02 -1.160325e+00 2.403526e-02 2.968515e-02 9.992704e-01 1.119741e+01
9.996094e-01 -1.124190e-02 2.558512e-02 5.793354e+00 1.041388e-02 9.994250e-01 3.226904e-02 -1.165936e+00 -2.593313e-02 -3.198993e-02 9.991516e-01 1.122603e+01
9.995157e-01 1.324009e-02 -2.816160e-02 5.827449e+00 -1.423349e-02 9.992728e-01 -3.537269e-02 -1.173113e+00 2.767274e-02 3.575634e-02 9.989774e-01 1.128354e+01
9.998090e-01 -3.667880e-03 1.919545e-02 5.840637e+00 3.167941e-03 9.996567e-01 2.600983e-02 -1.180575e+00 -1.928422e-02 -2.594399e-02 9.994773e-01 1.136597e+01
9.994678e-01 1.683998e-02 -2.793972e-02 5.850334e+00 -1.774933e-02 9.993101e-01 -3.262519e-02 -1.188744e+00 2.737099e-02 3.310368e-02 9.990771e-01 1.146946e+01
9.997757e-01 -1.292992e-02 1.677661e-02 5.854940e+00 1.246686e-02 9.995463e-01 2.741761e-02 -1.196661e+00 -1.712347e-02 -2.720225e-02 9.994832e-01 1.156559e+01
9.993243e-01 1.725134e-02 -3.245490e-02 5.859308e+00 -1.849148e-02 9.990949e-01 -3.830778e-02 -1.205335e+00 3.176462e-02 3.888198e-02 9.987389e-01 1.165268e+01
9.998175e-01 -1.240249e-02 1.453256e-02 5.864544e+00 1.200253e-02 9.995554e-01 2.729226e-02 -1.213228e+00 -1.486455e-02 -2.711279e-02 9.995218e-01 1.172992e+01
9.994489e-01 1.542457e-02 -2.939427e-02 5.871919e+00 -1.649325e-02 9.991987e-01 -3.646834e-02 -1.220743e+00 2.880817e-02 3.693299e-02 9.989025e-01 1.180659e+01
9.997342e-01 -1.593259e-02 1.666642e-02 5.882651e+00 1.540951e-02 9.993988e-01 3.105599e-02 -1.228887e+00 -1.715117e-02 -3.079086e-02 9.993786e-01 1.188603e+01
9.993816e-01 1.645243e-02 -3.107530e-02 5.892599e+00 -1.764222e-02 9.991063e-01 -3.840995e-02 -1.236506e+00 3.041555e-02 3.893438e-02 9.987788e-01 1.196274e+01
9.996994e-01 -1.475477e-02 1.957921e-02 5.901200e+00 1.417539e-02 9.994670e-01 2.940709e-02 -1.244114e+00 -2.000264e-02 -2.912065e-02 9.993757e-01 1.204081e+01
9.994210e-01 1.579127e-02 -3.013912e-02 5.908541e+00 -1.688389e-02 9.991965e-01 -3.634949e-02 -1.252402e+00 2.954087e-02 3.683726e-02 9.988846e-01 1.212037e+01
9.996397e-01 -1.808119e-02 1.983682e-02 5.918970e+00 1.745278e-02 9.993543e-01 3.140680e-02 -1.260263e+00 -2.039185e-02 -3.104922e-02 9.993097e-01 1.219521e+01
9.994666e-01 1.503853e-02 -2.899035e-02 5.927382e+00 -1.612386e-02 9.991637e-01 -3.757504e-02 -1.268123e+00 2.840100e-02 3.802238e-02 9.988733e-01 1.226822e+01
9.996104e-01 -2.015017e-02 1.931499e-02 5.940325e+00 1.947994e-02 9.992224e-01 3.428123e-02 -1.276160e+00 -1.999071e-02 -3.389157e-02 9.992255e-01 1.234139e+01
9.994053e-01 2.007642e-02 -2.803548e-02 5.955607e+00 -2.115704e-02 9.990232e-01 -3.879566e-02 -1.284091e+00 2.722919e-02 3.936568e-02 9.988539e-01 1.241575e+01
9.996589e-01 -1.873589e-02 1.819373e-02 5.970133e+00 1.810936e-02 9.992574e-01 3.401083e-02 -1.292392e+00 -1.881741e-02 -3.366970e-02 9.992558e-01 1.249699e+01
9.994645e-01 1.687412e-02 -2.803448e-02 5.986802e+00 -1.790736e-02 9.991539e-01 -3.702377e-02 -1.299600e+00 2.738599e-02 3.750591e-02 9.989212e-01 1.257132e+01
9.995901e-01 -1.462601e-02 2.461091e-02 6.008608e+00 1.379957e-02 9.993461e-01 3.342139e-02 -1.307812e+00 -2.508361e-02 -3.306802e-02 9.991382e-01 1.265453e+01
9.994770e-01 5.494821e-03 -3.186642e-02 6.034614e+00 -6.402387e-03 9.995748e-01 -2.844887e-02 -1.316430e+00 3.169652e-02 2.863796e-02 9.990873e-01 1.274125e+01
9.995994e-01 -8.823234e-03 2.689270e-02 6.058466e+00 8.041255e-03 9.995457e-01 2.904820e-02 -1.324274e+00 -2.713675e-02 -2.882026e-02 9.992161e-01 1.282239e+01
9.993983e-01 3.918622e-03 -3.446405e-02 6.078925e+00 -4.938053e-03 9.995513e-01 -2.954464e-02 -1.331152e+00 3.433278e-02 2.969699e-02 9.989692e-01 1.289216e+01
9.996971e-01 -5.715313e-03 2.393721e-02 6.091440e+00 5.206035e-03 9.997599e-01 2.128387e-02 -1.337958e+00 -2.405308e-02 -2.115276e-02 9.994868e-01 1.295431e+01
9.993955e-01 4.560377e-03 -3.446434e-02 6.108192e+00 -5.489369e-03 9.996228e-01 -2.690903e-02 -1.344312e+00 3.432860e-02 2.708190e-02 9.990437e-01 1.301919e+01
9.997283e-01 -4.569220e-03 2.285881e-02 6.122969e+00 4.170838e-03 9.998391e-01 1.744512e-02 -1.351246e+00 -2.293482e-02 -1.734499e-02 9.995864e-01 1.308369e+01
9.991871e-01 7.026602e-03 -3.969708e-02 6.131947e+00 -8.135868e-03 9.995790e-01 -2.785137e-02 -1.357784e+00 3.948465e-02 2.815165e-02 9.988236e-01 1.314818e+01
9.996654e-01 -5.531990e-03 2.526901e-02 6.142075e+00 5.066369e-03 9.998169e-01 1.845338e-02 -1.364857e+00 -2.536644e-02 -1.831913e-02 9.995103e-01 1.321556e+01
9.992502e-01 7.261511e-03 -3.803078e-02 6.153505e+00 -8.279406e-03 9.996098e-01 -2.667648e-02 -1.372608e+00 3.782221e-02 2.697130e-02 9.989205e-01 1.328992e+01
9.996310e-01 -6.503777e-03 2.637281e-02 6.163304e+00 6.063796e-03 9.998417e-01 1.672877e-02 -1.379308e+00 -2.647741e-02 -1.656263e-02 9.995121e-01 1.336163e+01
9.994854e-01 2.178527e-03 -3.200441e-02 6.178705e+00 -2.908877e-03 9.997360e-01 -2.279169e-02 -1.387222e+00 3.194629e-02 2.287301e-02 9.992279e-01 1.342971e+01
9.996835e-01 -5.765399e-03 2.448798e-02 6.195987e+00 5.349427e-03 9.998409e-01 1.701832e-02 -1.394348e+00 -2.458218e-02 -1.688189e-02 9.995552e-01 1.349225e+01
9.993492e-01 4.902255e-03 -3.573744e-02 6.211245e+00 -5.887464e-03 9.996041e-01 -2.751523e-02 -1.400783e+00 3.558838e-02 2.770768e-02 9.989825e-01 1.354790e+01
9.996586e-01 -7.985247e-03 2.487886e-02 6.230272e+00 7.448339e-03 9.997390e-01 2.159920e-02 -1.407247e+00 -2.504482e-02 -2.140647e-02 9.994570e-01 1.360370e+01
9.993469e-01 6.296794e-03 -3.558170e-02 6.247918e+00 -7.324780e-03 9.995574e-01 -2.883490e-02 -1.414341e+00 3.538436e-02 2.907665e-02 9.989508e-01 1.366601e+01
9.996436e-01 -6.513178e-03 2.588852e-02 6.259788e+00 5.930640e-03 9.997289e-01 2.251513e-02 -1.421493e+00 -2.602813e-02 -2.235353e-02 9.994112e-01 1.374282e+01
9.993383e-01 3.929141e-03 -3.616059e-02 6.274198e+00 -4.818747e-03 9.996871e-01 -2.454749e-02 -1.429368e+00 3.605281e-02 2.470545e-02 9.990446e-01 1.381494e+01
9.996913e-01 -2.390135e-03 2.473123e-02 6.289961e+00 1.959463e-03 9.998463e-01 1.742360e-02 -1.437289e+00 -2.476906e-02 -1.736971e-02 9.995422e-01 1.389122e+01
9.993127e-01 1.107247e-02 -3.537783e-02 6.311778e+00 -1.195157e-02 9.996226e-01 -2.473500e-02 -1.443468e+00 3.509059e-02 2.514077e-02 9.990680e-01 1.397288e+01
9.991491e-01 -2.519064e-02 3.265661e-02 6.343007e+00 2.393117e-02 9.989758e-01 3.840053e-02 -1.452204e+00 -3.359048e-02 -3.758630e-02 9.987286e-01 1.405443e+01
9.993983e-01 1.338715e-02 -3.199604e-02 6.382549e+00 -1.444736e-02 9.993464e-01 -3.313762e-02 -1.459088e+00 3.153149e-02 3.357990e-02 9.989386e-01 1.410470e+01
9.991183e-01 -2.666254e-02 3.243135e-02 6.419926e+00 2.539457e-02 9.989204e-01 3.889978e-02 -1.466788e+00 -3.343349e-02 -3.804186e-02 9.987166e-01 1.416113e+01
9.993705e-01 1.859094e-02 -3.021521e-02 6.456875e+00 -1.970409e-02 9.991221e-01 -3.697062e-02 -1.473765e+00 2.950135e-02 3.754267e-02 9.988596e-01 1.421094e+01
9.991291e-01 -3.116997e-02 2.773903e-02 6.493294e+00 3.000361e-02 9.986873e-01 4.151459e-02 -1.480535e+00 -2.899661e-02 -4.064612e-02 9.987527e-01 1.426062e+01
9.994363e-01 1.599045e-02 -2.952031e-02 6.529414e+00 -1.711179e-02 9.991262e-01 -3.813197e-02 -1.487027e+00 2.888475e-02 3.861558e-02 9.988367e-01 1.430634e+01
9.994850e-01 -2.150717e-02 2.381646e-02 6.554335e+00 2.070211e-02 9.992227e-01 3.354815e-02 -1.493970e+00 -2.451946e-02 -3.303778e-02 9.991532e-01 1.436103e+01
9.991354e-01 1.897321e-02 -3.699284e-02 6.569865e+00 -2.038136e-02 9.990673e-01 -3.806748e-02 -1.501031e+00 3.623607e-02 3.878849e-02 9.985903e-01 1.442440e+01
9.995151e-01 -2.077157e-02 2.319923e-02 6.586969e+00 2.005245e-02 9.993240e-01 3.081152e-02 -1.507872e+00 -2.382354e-02 -3.033134e-02 9.992559e-01 1.448597e+01
9.992976e-01 1.648154e-02 -3.365616e-02 6.606521e+00 -1.760104e-02 9.992923e-01 -3.324227e-02 -1.513962e+00 3.308445e-02 3.381126e-02 9.988806e-01 1.454600e+01
9.992429e-01 -2.292814e-02 3.143100e-02 6.632383e+00 2.201742e-02 9.993363e-01 2.902126e-02 -1.519458e+00 -3.207553e-02 -2.830721e-02 9.990844e-01 1.459147e+01
9.991888e-01 1.035870e-02 -3.891653e-02 6.667068e+00 -1.159981e-02 9.994269e-01 -3.180229e-02 -1.524269e+00 3.856479e-02 3.222787e-02 9.987364e-01 1.462571e+01
9.991977e-01 -2.691265e-02 2.965892e-02 6.706422e+00 2.582299e-02 9.989989e-01 3.652963e-02 -1.529404e+00 -3.061233e-02 -3.573440e-02 9.988923e-01 1.465822e+01
9.994389e-01 1.265867e-02 -3.100878e-02 6.750919e+00 -1.358799e-02 9.994592e-01 -2.994438e-02 -1.535096e+00 3.061295e-02 3.034888e-02 9.990706e-01 1.469663e+01
9.991149e-01 -2.831165e-02 3.111146e-02 6.796621e+00 2.712819e-02 9.989161e-01 3.782493e-02 -1.541571e+00 -3.214862e-02 -3.694741e-02 9.987999e-01 1.473290e+01
9.995489e-01 7.105336e-03 -2.917949e-02 6.847362e+00 -7.822958e-03 9.996679e-01 -2.455342e-02 -1.547458e+00 2.899533e-02 2.477057e-02 9.992727e-01 1.476389e+01
9.991503e-01 -2.682343e-02 3.129135e-02 6.900740e+00 2.570246e-02 9.990323e-01 3.569181e-02 -1.552876e+00 -3.221843e-02 -3.485718e-02 9.988727e-01 1.479055e+01
9.993460e-01 1.785665e-02 -3.144387e-02 6.944780e+00 -1.895075e-02 9.992129e-01 -3.484814e-02 -1.558909e+00 3.079683e-02 3.542119e-02 9.988979e-01 1.482947e+01
9.994897e-01 -2.351127e-02 2.162360e-02 6.973058e+00 2.284740e-02 9.992751e-01 3.045186e-02 -1.565084e+00 -2.232388e-02 -2.994224e-02 9.993022e-01 1.487658e+01
9.993626e-01 1.333160e-02 -3.311650e-02 7.007333e+00 -1.423137e-02 9.995318e-01 -2.708463e-02 -1.570268e+00 3.273991e-02 2.753861e-02 9.990845e-01 1.491878e+01
9.989675e-01 -2.843845e-02 3.542874e-02 7.058608e+00 2.720093e-02 9.990193e-01 3.493558e-02 -1.576392e+00 -3.638750e-02 -3.393577e-02 9.987613e-01 1.494929e+01
9.992323e-01 1.812400e-02 -3.473339e-02 7.105846e+00 -1.924870e-02 9.992920e-01 -3.232503e-02 -1.582246e+00 3.412293e-02 3.296874e-02 9.988738e-01 1.498645e+01
9.991438e-01 -2.411907e-02 3.361344e-02 7.141241e+00 2.294540e-02 9.991282e-01 3.487548e-02 -1.588516e+00 -3.442529e-02 -3.407430e-02 9.988261e-01 1.503186e+01
9.992393e-01 1.355439e-02 -3.656625e-02 7.180541e+00 -1.469492e-02 9.994081e-01 -3.110468e-02 -1.594821e+00 3.612299e-02 3.161832e-02 9.988471e-01 1.507602e+01
9.991995e-01 -2.645134e-02 3.001235e-02 7.225327e+00 2.533498e-02 9.989946e-01 3.698622e-02 -1.600132e+00 -3.096050e-02 -3.619620e-02 9.988649e-01 1.511130e+01
9.995212e-01 1.268911e-02 -2.821910e-02 7.278099e+00 -1.348696e-02 9.995095e-01 -2.826539e-02 -1.605693e+00 2.784658e-02 2.863240e-02 9.992022e-01 1.513754e+01
9.991842e-01 -2.645116e-02 3.051733e-02 7.328045e+00 2.528721e-02 9.989609e-01 3.791584e-02 -1.611502e+00 -3.148852e-02 -3.711316e-02 9.988147e-01 1.517057e+01
9.995384e-01 1.508786e-02 -2.637036e-02 7.380467e+00 -1.591785e-02 9.993753e-01 -3.155328e-02 -1.618307e+00 2.587780e-02 3.195843e-02 9.991542e-01 1.520844e+01
9.992895e-01 -2.425481e-02 2.884691e-02 7.425315e+00 2.323666e-02 9.991129e-01 3.512115e-02 -1.624754e+00 -2.967316e-02 -3.442584e-02 9.989666e-01 1.524874e+01
9.990954e-01 2.136017e-02 -3.677135e-02 7.452893e+00 -2.270304e-02 9.990758e-01 -3.649802e-02 -1.631268e+00 3.595775e-02 3.729978e-02 9.986571e-01 1.530597e+01
9.995765e-01 -1.221807e-02 2.641181e-02 7.476988e+00 1.157079e-02 9.996323e-01 2.452263e-02 -1.640217e+00 -2.670171e-02 -2.420659e-02 9.993502e-01 1.538780e+01
9.988272e-01 2.729170e-02 -3.999260e-02 7.477434e+00 -2.921151e-02 9.984089e-01 -4.823348e-02 -1.646184e+00 3.861258e-02 4.934511e-02 9.980352e-01 1.546924e+01
9.989896e-01 -1.340156e-02 4.289787e-02 7.522912e+00 1.169752e-02 9.991420e-01 3.973059e-02 -1.657734e+00 -4.339350e-02 -3.918860e-02 9.982891e-01 1.560969e+01
9.997176e-01 4.808018e-03 -2.327145e-02 7.577735e+00 -5.657538e-03 9.993148e-01 -3.657791e-02 -1.669732e+00 2.307962e-02 3.669919e-02 9.990599e-01 1.570402e+01
9.996556e-01 -1.298081e-02 2.280616e-02 7.646898e+00 1.194839e-02 9.989229e-01 4.483654e-02 -1.708166e+00 -2.336360e-02 -4.454856e-02 9.987339e-01 1.594889e+01
9.992825e-01 1.690090e-02 -3.389357e-02 7.647107e+00 -1.848356e-02 9.987267e-01 -4.693880e-02 -1.722156e+00 3.305710e-02 4.753155e-02 9.983227e-01 1.613081e+01
9.989678e-01 -2.370722e-02 3.874568e-02 7.686031e+00 2.119532e-02 9.977246e-01 6.400278e-02 -1.733667e+00 -4.017484e-02 -6.311544e-02 9.971972e-01 1.628833e+01
9.984678e-01 2.085340e-02 -5.125545e-02 7.707350e+00 -2.428081e-02 9.974452e-01 -6.718291e-02 -1.740045e+00 4.972351e-02 6.832445e-02 9.964234e-01 1.635004e+01
9.978297e-01 -1.625769e-02 6.380934e-02 7.760960e+00 1.191971e-02 9.976288e-01 6.778473e-02 -1.749030e+00 -6.476005e-02 -6.687698e-02 9.956573e-01 1.643288e+01
9.964726e-01 8.459616e-03 -8.349079e-02 7.799423e+00 -1.471104e-02 9.971090e-01 -7.454710e-02 -1.759408e+00 8.261876e-02 7.551234e-02 9.937164e-01 1.651224e+01
9.976313e-01 7.759880e-03 6.834900e-02 7.845176e+00 -1.210603e-02 9.979145e-01 6.340478e-02 -1.771436e+00 -6.771444e-02 -6.408198e-02 9.956445e-01 1.666886e+01
9.968812e-01 -5.939368e-03 -7.869249e-02 7.885076e+00 1.261591e-03 9.982358e-01 -5.936065e-02 -1.782205e+00 7.890622e-02 5.907619e-02 9.951301e-01 1.680918e+01
9.972683e-01 1.240965e-02 7.281386e-02 7.926232e+00 -1.690658e-02 9.979656e-01 6.147162e-02 -1.791781e+00 -7.190288e-02 -6.253468e-02 9.954492e-01 1.693989e+01
9.981637e-01 -1.416303e-02 -5.889523e-02 7.970022e+00 1.084543e-02 9.983565e-01 -5.627344e-02 -1.801703e+00 5.959543e-02 5.553132e-02 9.966769e-01 1.706093e+01
9.990760e-01 4.436464e-03 4.274962e-02 7.973223e+00 -6.833893e-03 9.984018e-01 5.609883e-02 -1.814632e+00 -4.243241e-02 -5.633910e-02 9.975095e-01 1.718673e+01
9.983738e-01 1.521517e-02 -5.493909e-02 8.020409e+00 -1.856688e-02 9.979637e-01 -6.102224e-02 -1.820794e+00 5.389875e-02 6.194301e-02 9.966234e-01 1.737569e+01
9.989645e-01 -1.908615e-02 4.129941e-02 8.011100e+00 1.616236e-02 9.974156e-01 7.000598e-02 -1.833621e+00 -4.252882e-02 -6.926595e-02 9.966912e-01 1.755573e+01
9.990588e-01 1.457949e-02 -4.085258e-02 7.966107e+00 -1.762580e-02 9.970105e-01 -7.522911e-02 -1.853036e+00 3.963365e-02 7.587832e-02 9.963292e-01 1.775966e+01
9.994614e-01 -2.096404e-02 2.524699e-02 7.915746e+00 1.927952e-02 9.976852e-01 6.521087e-02 -1.866920e+00 -2.655563e-02 -6.468895e-02 9.975520e-01 1.791106e+01
9.989597e-01 1.646041e-02 -4.252684e-02 7.866285e+00 -1.966763e-02 9.969036e-01 -7.613379e-02 -1.880029e+00 4.114197e-02 7.689094e-02 9.961904e-01 1.806632e+01
9.993602e-01 -2.221513e-02 2.803142e-02 7.824183e+00 2.036996e-02 9.977113e-01 6.447617e-02 -1.897958e+00 -2.939961e-02 -6.386387e-02 9.975254e-01 1.824871e+01
9.992559e-01 1.706500e-02 -3.459031e-02 7.801460e+00 -1.940918e-02 9.974549e-01 -6.860794e-02 -1.915263e+00 3.333148e-02 6.922821e-02 9.970440e-01 1.844599e+01
9.991244e-01 -2.672846e-02 3.218753e-02 7.762664e+00 2.455369e-02 9.975067e-01 6.616309e-02 -1.933226e+00 -3.387571e-02 -6.531479e-02 9.972894e-01 1.864252e+01
9.989524e-01 2.007111e-02 -4.112516e-02 7.720871e+00 -2.311431e-02 9.969222e-01 -7.491177e-02 -1.954367e+00 3.949502e-02 7.578383e-02 9.963419e-01 1.879872e+01
9.992627e-01 -2.320819e-02 3.058511e-02 7.637260e+00 2.145861e-02 9.981810e-01 5.634061e-02 -1.983255e+00 -3.183704e-02 -5.564272e-02 9.979429e-01 1.898345e+01
9.992406e-01 2.363341e-02 -3.097817e-02 7.620582e+00 -2.564813e-02 9.974674e-01 -6.634027e-02 -2.011656e+00 2.933187e-02 6.708439e-02 9.973162e-01 1.918100e+01
9.994920e-01 -2.898354e-02 1.325644e-02 7.663621e+00 2.782597e-02 9.963701e-01 8.045114e-02 -2.020445e+00 -1.554008e-02 -8.004136e-02 9.966703e-01 1.937551e+01
9.991155e-01 2.665669e-02 -3.252257e-02 7.708239e+00 -2.860809e-02 9.977222e-01 -6.109046e-02 -2.034551e+00 3.082003e-02 6.196679e-02 9.976023e-01 1.957463e+01
9.992894e-01 -3.513422e-02 1.364971e-02 7.737398e+00 3.401081e-02 9.965825e-01 7.527713e-02 -2.051147e+00 -1.624788e-02 -7.475936e-02 9.970691e-01 1.971613e+01
9.990893e-01 3.156614e-02 -2.870948e-02 7.689797e+00 -3.374054e-02 9.963267e-01 -7.870617e-02 -2.068902e+00 2.611958e-02 7.960312e-02 9.964845e-01 1.989539e+01
9.992852e-01 -3.422799e-02 1.605082e-02 7.671719e+00 3.293342e-02 9.966425e-01 7.496113e-02 -2.086334e+00 -1.856271e-02 -7.437889e-02 9.970572e-01 2.006841e+01
9.989217e-01 3.366581e-02 -3.197038e-02 7.679396e+00 -3.586648e-02 9.968342e-01 -7.095838e-02 -2.098848e+00 2.948031e-02 7.202848e-02 9.969669e-01 2.021519e+01
9.992692e-01 -3.555672e-02 1.402885e-02 7.678647e+00 3.438827e-02 9.964988e-01 7.620707e-02 -2.112297e+00 -1.668941e-02 -7.566890e-02 9.969932e-01 2.037925e+01
9.984096e-01 4.663320e-02 -3.167957e-02 7.694205e+00 -4.904918e-02 9.955603e-01 -8.033578e-02 -2.128135e+00 2.779262e-02 8.176183e-02 9.962644e-01 2.056850e+01
9.985879e-01 -4.882210e-02 2.094157e-02 7.729096e+00 4.653495e-02 9.940501e-01 9.848253e-02 -2.141387e+00 -2.562510e-02 -9.736891e-02 9.949183e-01 2.082931e+01
9.988475e-01 3.943139e-02 -2.736496e-02 7.746838e+00 -4.155368e-02 9.957744e-01 -8.189363e-02 -2.157900e+00 2.402016e-02 8.293632e-02 9.962654e-01 2.104729e+01
9.988745e-01 -4.469345e-02 1.587942e-02 7.742051e+00 4.308400e-02 9.949833e-01 9.028842e-02 -2.174931e+00 -1.983508e-02 -8.950261e-02 9.957890e-01 2.126887e+01
9.979055e-01 4.956331e-02 -4.157045e-02 7.678104e+00 -5.331747e-02 9.940788e-01 -9.468171e-02 -2.189765e+00 3.663159e-02 9.669979e-02 9.946394e-01 2.150736e+01
9.985210e-01 -4.468052e-02 3.097617e-02 7.638122e+00 4.210536e-02 9.959598e-01 7.931654e-02 -2.214511e+00 -3.439494e-02 -7.789493e-02 9.963680e-01 2.181406e+01
9.975686e-01 5.130430e-02 -4.716833e-02 7.582143e+00 -5.560838e-02 9.939237e-01 -9.499195e-02 -2.237659e+00 4.200825e-02 9.738390e-02 9.943600e-01 2.206854e+01
9.981014e-01 -4.715070e-02 3.962752e-02 7.524506e+00 4.406543e-02 9.961777e-01 7.542004e-02 -2.266113e+00 -4.303218e-02 -7.353061e-02 9.963640e-01 2.231956e+01
9.977755e-01 4.902302e-02 -4.517546e-02 7.479416e+00 -5.282782e-02 9.947818e-01 -8.728395e-02 -2.293307e+00 4.066082e-02 8.947627e-02 9.951587e-01 2.257200e+01
9.978444e-01 -4.927320e-02 4.334475e-02 7.441233e+00 4.585277e-02 9.960032e-01 7.664910e-02 -2.324893e+00 -4.694827e-02 -7.449636e-02 9.961154e-01 2.281952e+01
9.972886e-01 5.380480e-02 -5.020499e-02 7.391313e+00 -5.828098e-02 9.940123e-01 -9.242753e-02 -2.353952e+00 4.493135e-02 9.510288e-02 9.944530e-01 2.308643e+01
