9.999620e-01 4.905289e-03 -7.199837e-03 2.760582e-02 -4.925267e-03 9.999841e-01 -2.759776e-03 -1.015877e-02 7.186185e-03 2.795132e-03 9.999704e-01 1.029167e-01
9.999641e-01 3.287164e-03 -7.815872e-03 2.483100e-02 -3.354785e-03 9.999569e-01 -8.654505e-03 -1.881715e-02 7.787084e-03 8.680414e-03 9.999319e-01 1.973897e-01
9.999643e-01 5.903935e-03 -6.050622e-03 2.792812e-02 -5.912742e-03 9.999815e-01 -1.438588e-03 -2.785793e-02 6.042020e-03 1.474314e-03 9.999808e-01 2.871728e-01
9.999676e-01 -3.221981e-03 -7.370975e-03 3.332271e-02 3.180652e-03 9.999792e-01 -5.611770e-03 -3.696799e-02 7.388898e-03 5.588142e-03 9.999570e-01 3.744754e-01
9.999353e-01 9.629089e-03 -6.051748e-03 3.724994e-02 -9.668200e-03 9.999323e-01 -6.467181e-03 -4.620679e-02 5.989072e-03 6.525276e-03 9.999609e-01 4.661010e-01
9.999882e-01 -8.180328e-04 -4.793911e-03 3.919517e-02 7.966853e-04 9.999898e-01 -4.453250e-03 -5.510197e-02 4.797498e-03 4.449373e-03 9.999785e-01 5.594838e-01
9.999616e-01 8.026595e-03 -3.521828e-03 4.405131e-02 -8.030094e-03 9.999673e-01 -9.805248e-04 -6.337181e-02 3.513851e-03 1.008773e-03 9.999934e-01 6.555301e-01
9.999880e-01 -4.530445e-03 -1.879721e-03 5.252602e-02 4.527599e-03 9.999886e-01 -1.515383e-03 -7.198131e-02 1.886557e-03 1.506848e-03 9.999970e-01 7.543819e-01
9.999811e-01 2.780299e-03 -5.477716e-03 6.481533e-02 -2.784143e-03 9.999959e-01 -6.941496e-04 -7.968218e-02 5.475773e-03 7.093933e-04 9.999849e-01 8.381155e-01
9.999666e-01 -1.703885e-03 -7.997936e-03 7.547615e-02 1.660842e-03 9.999841e-01 -5.385284e-03 -8.717433e-02 8.006974e-03 5.371814e-03 9.999534e-01 9.116946e-01
9.999839e-01 3.076564e-03 -4.766055e-03 8.781108e-02 -3.080979e-03 9.999948e-01 -9.195020e-04 -9.492148e-02 4.763213e-03 9.341786e-04 9.999883e-01 9.847771e-01
9.999734e-01 -1.516002e-03 -7.138822e-03 9.883157e-02 1.477757e-03 9.999845e-01 -5.359560e-03 -1.029085e-01 7.146824e-03 5.348860e-03 9.999601e-01 1.061047e+00
9.999854e-01 5.201975e-03 -1.470200e-03 1.097249e-01 -5.201765e-03 9.999865e-01 1.461086e-04 -1.111619e-01 1.470954e-03 -1.384503e-04 9.999990e-01 1.146589e+00
9.999173e-01 -7.180455e-03 1.067219e-02 1.393586e-01 7.161545e-03 9.999727e-01 1.808980e-03 -1.191201e-01 -1.068490e-02 -1.732410e-03 9.999413e-01 1.236715e+00
9.997407e-01 9.986832e-03 -2.046249e-02 1.663523e-01 -1.001337e-02 9.999492e-01 -1.194997e-03 -1.274242e-01 2.044953e-02 1.399594e-03 9.997900e-01 1.321139e+00
9.999410e-01 -4.995867e-03 9.648117e-03 1.787569e-01 5.015113e-03 9.999855e-01 -1.971721e-03 -1.346774e-01 -9.638141e-03 2.019983e-03 9.999514e-01 1.396493e+00
9.997698e-01 4.663973e-03 -2.094060e-02 1.955796e-01 -4.710386e-03 9.999866e-01 -2.167637e-03 -1.420042e-01 2.093022e-02 2.265785e-03 9.997785e-01 1.463425e+00
9.999159e-01 -2.846956e-03 1.265526e-02 2.167181e-01 2.891968e-03 9.999896e-01 -3.539978e-03 -1.490512e-01 -1.264506e-02 3.576269e-03 9.999136e-01 1.534080e+00
9.997842e-01 2.813714e-03 -2.058423e-02 2.344067e-01 -2.803754e-03 9.999959e-01 5.126734e-04 -1.568851e-01 2.058561e-02 -4.548397e-04 9.997881e-01 1.610546e+00
9.998373e-01 1.131422e-02 1.405048e-02 2.649223e-01 -1.122468e-02 9.999163e-01 -6.435173e-03 -1.640821e-01 -1.412213e-02 6.276403e-03 9.998805e-01 1.717250e+00
9.997212e-01 -1.992453e-02 -1.266711e-02 3.167304e-01 2.024429e-02 9.994663e-01 2.563766e-02 -1.766218e-01 1.214955e-02 -2.588694e-02 9.995911e-01 1.838415e+00
9.995387e-01 3.031520e-02 1.833300e-03 3.579263e-01 -3.026151e-02 9.992441e-01 -2.440091e-02 -1.835522e-01 -2.571652e-03 2.433416e-02 9.997005e-01 1.941554e+00
9.988382e-01 -4.812058e-02 2.595332e-03 4.023359e-01 4.794898e-02 9.977749e-01 4.632570e-02 -1.983591e-01 -4.818758e-03 -4.614743e-02 9.989231e-01 2.073139e+00
9.976695e-01 6.732734e-02 -1.107300e-02 4.477255e-01 -6.780556e-02 9.964060e-01 -5.076979e-02 -2.049406e-01 7.614992e-03 5.140227e-02 9.986489e-01 2.169440e+00
9.978247e-01 -6.543824e-02 7.985102e-03 4.672569e-01 6.489116e-02 9.963186e-01 5.602140e-02 -2.121206e-01 -1.162163e-02 -5.538136e-02 9.983977e-01 2.268150e+00
9.970657e-01 7.526294e-02 -1.398123e-02 5.002809e-01 -7.597328e-02 9.952898e-01 -6.021787e-02 -2.182762e-01 9.383182e-03 6.110337e-02 9.980872e-01 2.352232e+00
9.978681e-01 -6.471913e-02 8.407565e-03 5.438860e-01 6.406990e-02 9.959834e-01 6.254718e-02 -2.234709e-01 -1.242177e-02 -6.187515e-02 9.980067e-01 2.454439e+00
9.971558e-01 7.441598e-02 -1.194279e-02 5.664882e-01 -7.500559e-02 9.953456e-01 -6.050873e-02 -2.308410e-01 7.384364e-03 6.123240e-02 9.980961e-01 2.570238e+00
9.976437e-01 -6.849794e-02 3.891381e-03 5.769123e-01 6.813776e-02 9.958372e-01 6.054299e-02 -2.390015e-01 -8.022233e-03 -6.013518e-02 9.981581e-01 2.694308e+00
9.971919e-01 7.395895e-02 -1.176276e-02 5.829210e-01 -7.453788e-02 9.953848e-01 -6.044119e-02 -2.479375e-01 7.238284e-03 6.114823e-02 9.981024e-01 2.816999e+00
9.974871e-01 -7.075208e-02 3.702870e-03 6.014139e-01 7.039268e-02 9.956310e-01 6.135026e-02 -2.561446e-01 -8.027330e-03 -6.093543e-02 9.981095e-01 2.929949e+00
9.971627e-01 7.451750e-02 -1.066157e-02 6.212957e-01 -7.502403e-02 9.953886e-01 -5.977412e-02 -2.638535e-01 6.158164e-03 6.040439e-02 9.981549e-01 3.026117e+00
9.974152e-01 -7.182464e-02 2.037457e-03 6.344698e-01 7.155761e-02 9.954788e-01 6.246128e-02 -2.718367e-01 -6.514483e-03 -6.215403e-02 9.980454e-01 3.123537e+00
9.973751e-01 7.186080e-02 -8.884473e-03 6.390475e-01 -7.227162e-02 9.955007e-01 -6.128019e-02 -2.810681e-01 4.440835e-03 6.176142e-02 9.980810e-01 3.231234e+00
9.974394e-01 -7.150699e-02 1.174148e-03 6.476070e-01 7.130177e-02 9.955805e-01 6.111902e-02 -2.901661e-01 -5.539374e-03 -6.087879e-02 9.981299e-01 3.330310e+00
9.971991e-01 7.419512e-02 -9.439119e-03 6.608205e-01 -7.463877e-02 9.952883e-01 -6.188875e-02 -2.979389e-01 4.802780e-03 6.241992e-02 9.980383e-01 3.427121e+00
9.970902e-01 -7.616109e-02 3.245275e-03 6.779922e-01 7.579369e-02 9.950313e-01 6.456061e-02 -3.055771e-01 -8.146134e-03 -6.412678e-02 9.979086e-01 3.526693e+00
9.972808e-01 7.313056e-02 -9.111117e-03 6.914945e-01 -7.355395e-02 9.953940e-01 -6.148693e-02 -3.135782e-01 4.572555e-03 6.198989e-02 9.980662e-01 3.628743e+00
9.969064e-01 -7.851256e-02 3.669970e-03 7.083098e-01 7.809979e-02 9.947536e-01 6.607278e-02 -3.214651e-01 -8.838238e-03 -6.558175e-02 9.978082e-01 3.728024e+00
9.960097e-01 8.848040e-02 -1.165920e-02 7.422837e-01 -8.908265e-02 9.935572e-01 -7.006027e-02 -3.296979e-01 5.385098e-03 7.081933e-02 9.974745e-01 3.843404e+00
9.960941e-01 -8.802364e-02 6.948942e-03 7.926458e-01 8.718340e-02 9.929377e-01 8.045999e-02 -3.394205e-01 -1.398223e-02 -7.953989e-02 9.967337e-01 3.975844e+00
9.959022e-01 8.924046e-02 -1.466026e-02 8.406697e-01 -9.006132e-02 9.934046e-01 -7.096638e-02 -3.477014e-01 8.230480e-03 7.199589e-02 9.973709e-01 4.085413e+00
9.965803e-01 -8.011644e-02 2.022758e-02 9.165036e-01 7.814224e-02 9.933553e-01 8.449255e-02 -3.584560e-01 -2.686239e-02 -8.262297e-02 9.962189e-01 4.234049e+00
9.967479e-01 7.278760e-02 -3.457679e-02 9.581773e-01 -7.508883e-02 9.946659e-01 -7.072039e-02 -3.700304e-01 2.924477e-02 7.308673e-02 9.968966e-01 4.408244e+00
9.969805e-01 -7.199478e-02 2.909793e-02 1.001432e+00 6.947574e-02 9.943806e-01 7.987721e-02 -3.805852e-01 -3.468514e-02 -7.761442e-02 9.963800e-01 4.553885e+00
9.968224e-01 7.137638e-02 -3.536144e-02 1.048283e+00 -7.369106e-02 9.948793e-01 -6.917186e-02 -3.903754e-01 3.024311e-02 7.155788e-02 9.969777e-01 4.699212e+00
9.965834e-01 -7.525988e-02 3.402140e-02 1.102108e+00 7.231679e-02 9.941086e-01 8.073676e-02 -4.013466e-01 -3.989718e-02 -7.800060e-02 9.961548e-01 4.840109e+00
9.965814e-01 7.346879e-02 -3.778607e-02 1.162639e+00 -7.579355e-02 9.950485e-01 -6.429452e-02 -4.184190e-01 3.287531e-02 6.693867e-02 9.972152e-01 5.034737e+00
9.948349e-01 -9.233519e-02 4.216314e-02 1.173840e+00 8.881121e-02 9.929151e-01 7.894382e-02 -4.328642e-01 -4.915369e-02 -7.479151e-02 9.959871e-01 5.196377e+00
9.969895e-01 6.729676e-02 -3.851037e-02 1.217468e+00 -6.975816e-02 9.953376e-01 -6.660931e-02 -4.438639e-01 3.384822e-02 6.909520e-02 9.970356e-01 5.268721e+00
9.965481e-01 -7.460665e-02 3.641181e-02 1.241676e+00 7.234228e-02 9.955748e-01 5.997895e-02 -4.591855e-01 -4.072549e-02 -5.713779e-02 9.975354e-01 5.344322e+00
9.968422e-01 6.690842e-02 -4.276509e-02 1.258634e+00 -6.947830e-02 9.956714e-01 -6.173507e-02 -4.752109e-01 3.844936e-02 6.451137e-02 9.971759e-01 5.430494e+00
9.962462e-01 -7.912017e-02 3.512172e-02 1.244302e+00 7.692393e-02 9.952295e-01 6.000749e-02 -4.954671e-01 -3.970196e-02 -5.708054e-02 9.975800e-01 5.547423e+00
9.969372e-01 6.699575e-02 -4.034688e-02 1.213875e+00 -6.949206e-02 9.955258e-01 -6.402545e-02 -5.205446e-01 3.587691e-02 6.663314e-02 9.971322e-01 5.683415e+00
9.972423e-01 -6.716107e-02 3.157884e-02 1.164364e+00 6.557087e-02 9.966465e-01 4.895063e-02 -5.447230e-01 -3.476050e-02 -4.674499e-02 9.983020e-01 5.839265e+00
9.973587e-01 6.449467e-02 -3.340716e-02 1.106849e+00 -6.648111e-02 9.958455e-01 -6.222594e-02 -5.743175e-01 2.925511e-02 6.428252e-02 9.975027e-01 5.998668e+00
9.978863e-01 -6.139610e-02 2.129226e-02 1.032424e+00 6.040666e-02 9.971878e-01 4.435708e-02 -5.979364e-01 -2.395571e-02 -4.297712e-02 9.987889e-01 6.165690e+00
9.979443e-01 5.833144e-02 -2.654366e-02 9.389911e-01 -5.984290e-02 9.963881e-01 -6.024520e-02 -6.271040e-01 2.293358e-02 6.170980e-02 9.978305e-01 6.371223e+00
9.984207e-01 -5.199897e-02 2.126537e-02 8.754129e-01 5.110373e-02 9.978648e-01 4.067266e-02 -6.556768e-01 -2.333488e-02 -3.952168e-02 9.989463e-01 6.573954e+00
9.982675e-01 5.350124e-02 -2.448595e-02 8.133150e-01 -5.486044e-02 9.967677e-01 -5.869020e-02 -6.861442e-01 2.126678e-02 5.993182e-02 9.979758e-01 6.759205e+00
9.988142e-01 -4.388937e-02 2.107016e-02 7.767731e-01 4.308319e-02 9.983749e-01 3.730135e-02 -7.160337e-01 -2.267303e-02 -3.634934e-02 9.990820e-01 6.944336e+00
9.990656e-01 4.004282e-02 -1.626472e-02 7.581847e-01 -4.079798e-02 9.979599e-01 -4.910844e-02 -7.463790e-01 1.426508e-02 4.972611e-02 9.986609e-01 7.073516e+00
9.980150e-01 -6.008223e-02 1.887219e-02 8.077372e-01 5.885970e-02 9.964764e-01 5.975238e-02 -7.650619e-01 -2.239573e-02 -5.852295e-02 9.980349e-01 7.141641e+00
9.981204e-01 5.432487e-02 -2.836338e-02 8.103492e-01 -5.601765e-02 9.964554e-01 -6.275844e-02 -7.813906e-01 2.485348e-02 6.422932e-02 9.976255e-01 7.212378e+00
9.977516e-01 -6.036063e-02 2.912619e-02 8.323243e-01 5.838008e-02 9.962001e-01 6.463082e-02 -8.008876e-01 -3.291665e-02 -6.278510e-02 9.974842e-01 7.311502e+00
9.981977e-01 4.827587e-02 -3.564841e-02 8.832933e-01 -5.008395e-02 9.974060e-01 -5.170073e-02 -8.124458e-01 3.306002e-02 5.339295e-02 9.980261e-01 7.388735e+00
9.971713e-01 -6.770636e-02 3.263795e-02 9.311275e-01 6.532267e-02 9.954569e-01 6.927143e-02 -8.199877e-01 -3.717976e-02 -6.694347e-02 9.970639e-01 7.438722e+00
9.976895e-01 5.796674e-02 -3.543208e-02 9.737913e-01 -6.009767e-02 9.962420e-01 -6.237044e-02 -8.282024e-01 3.168349e-02 6.435572e-02 9.974238e-01 7.502124e+00
9.968142e-01 -7.274526e-02 3.270399e-02 1.013062e+00 7.026915e-02 9.949715e-01 7.137266e-02 -8.357117e-01 -3.773154e-02 -6.884719e-02 9.969135e-01 7.554208e+00
9.979051e-01 5.584578e-02 -3.265879e-02 1.051478e+00 -5.774110e-02 9.965088e-01 -6.029991e-02 -8.432820e-01 2.917726e-02 6.205933e-02 9.976458e-01 7.611266e+00
9.972889e-01 -6.560577e-02 3.332880e-02 1.088653e+00 6.325555e-02 9.957287e-01 6.725411e-02 -8.508700e-01 -3.759868e-02 -6.496354e-02 9.971792e-01 7.680535e+00
9.978995e-01 5.111433e-02 -3.979924e-02 1.121897e+00 -5.327259e-02 9.970530e-01 -5.520195e-02 -8.573596e-01 3.686032e-02 5.720620e-02 9.976816e-01 7.748010e+00
9.971266e-01 -6.480862e-02 3.922146e-02 1.155295e+00 6.223583e-02 9.960330e-01 6.360071e-02 -8.635590e-01 -4.318772e-02 -6.097698e-02 9.972045e-01 7.796812e+00
9.965916e-01 6.852393e-02 -4.593024e-02 1.201298e+00 -7.106413e-02 9.958892e-01 -5.616496e-02 -8.698772e-01 4.189277e-02 5.923751e-02 9.973644e-01 7.883659e+00
9.969624e-01 -7.004192e-02 3.406166e-02 1.242188e+00 6.779740e-02 9.957015e-01 6.310301e-02 -8.757687e-01 -3.833509e-02 -6.060203e-02 9.974257e-01 7.954584e+00
9.978181e-01 5.625700e-02 -3.455633e-02 1.277868e+00 -5.806336e-02 9.968672e-01 -5.370688e-02 -8.813170e-01 3.142666e-02 5.559615e-02 9.979585e-01 8.000368e+00
9.973414e-01 -6.329902e-02 3.610339e-02 1.311495e+00 6.073680e-02 9.958264e-01 6.812412e-02 -8.891044e-01 -4.026487e-02 -6.575019e-02 9.970235e-01 8.087224e+00
9.987655e-01 3.897799e-02 -3.079260e-02 1.348727e+00 -4.057167e-02 9.977727e-01 -5.294800e-02 -8.975840e-01 2.866019e-02 5.413195e-02 9.981223e-01 8.172361e+00
9.982402e-01 -5.027426e-02 3.144972e-02 1.387255e+00 4.828743e-02 9.969673e-01 6.102876e-02 -9.034389e-01 -3.442250e-02 -5.940273e-02 9.976405e-01 8.215789e+00
9.987018e-01 3.999915e-02 -3.153960e-02 1.420435e+00 -4.163552e-02 9.977231e-01 -5.305683e-02 -9.097181e-01 2.934554e-02 5.430112e-02 9.980932e-01 8.266502e+00
9.981480e-01 -5.230383e-02 3.106344e-02 1.454258e+00 5.032094e-02 9.968373e-01 6.150840e-02 -9.162952e-01 -3.418230e-02 -5.983134e-02 9.976232e-01 8.318666e+00
9.987748e-01 3.968509e-02 -2.956175e-02 1.489447e+00 -4.120032e-02 9.977683e-01 -5.254507e-02 -9.230073e-01 2.741050e-02 5.369865e-02 9.981808e-01 8.371370e+00
9.983257e-01 -4.971232e-02 2.957172e-02 1.522541e+00 4.796697e-02 9.972178e-01 5.705962e-02 -9.288129e-01 -3.232600e-02 -5.554562e-02 9.979328e-01 8.425031e+00
9.986687e-01 4.293915e-02 -2.858482e-02 1.554108e+00 -4.432780e-02 9.977719e-01 -4.986220e-02 -9.354195e-01 2.638007e-02 5.106293e-02 9.983469e-01 8.482649e+00
9.979585e-01 -5.617717e-02 3.037867e-02 1.587620e+00 5.430164e-02 9.967568e-01 5.939003e-02 -9.426686e-01 -3.361649e-02 -5.761919e-02 9.977726e-01 8.537519e+00
9.986022e-01 4.407778e-02 -2.916686e-02 1.623230e+00 -4.553628e-02 9.976400e-01 -5.138997e-02 -9.487043e-01 2.683286e-02 5.264629e-02 9.982526e-01 8.585273e+00
9.979724e-01 -5.453126e-02 3.282527e-02 1.663293e+00 5.258102e-02 9.969541e-01 5.760043e-02 -9.543856e-01 -3.586629e-02 -5.575766e-02 9.978000e-01 8.631233e+00
9.984531e-01 4.614111e-02 -3.102408e-02 1.704198e+00 -4.769019e-02 9.975492e-01 -5.119870e-02 -9.597164e-01 2.858566e-02 5.259905e-02 9.982064e-01 8.678941e+00
9.985100e-01 -4.977355e-02 2.236704e-02 1.739445e+00 4.846930e-02 9.972820e-01 5.549146e-02 -9.685755e-01 -2.506824e-02 -5.432467e-02 9.982087e-01 8.753854e+00
9.993180e-01 2.790832e-02 -2.417933e-02 1.779753e+00 -2.889183e-02 9.987278e-01 -4.132942e-02 -9.767539e-01 2.299512e-02 4.199983e-02 9.988529e-01 8.827737e+00
9.989187e-01 -3.737017e-02 2.765560e-02 1.809964e+00 3.613513e-02 9.983829e-01 4.388519e-02 -9.832416e-01 -2.925086e-02 -4.283841e-02 9.986538e-01 8.885868e+00
9.983447e-01 4.362029e-02 -3.748564e-02 1.848944e+00 -4.516318e-02 9.981235e-01 -4.134865e-02 -9.958166e-01 3.561164e-02 4.297318e-02 9.984412e-01 9.066338e+00
9.977663e-01 -5.246537e-02 4.134991e-02 1.848914e+00 5.006920e-02 9.971181e-01 5.699672e-02 -1.007173e+00 -4.422108e-02 -5.479906e-02 9.975178e-01 9.239314e+00
9.982413e-01 4.181932e-02 -4.201759e-02 1.875802e+00 -4.403962e-02 9.976024e-01 -5.338507e-02 -1.013680e+00 3.968431e-02 5.514163e-02 9.976895e-01 9.299149e+00
9.972416e-01 -5.677123e-02 4.781418e-02 1.907541e+00 5.391113e-02 9.967940e-01 5.912063e-02 -1.020648e+00 -5.101723e-02 -5.637985e-02 9.971052e-01 9.358369e+00
9.982788e-01 4.035939e-02 -4.255043e-02 1.943552e+00 -4.261545e-02 9.976571e-01 -5.351942e-02 -1.026779e+00 4.029072e-02 5.524062e-02 9.976597e-01 9.410161e+00
9.976966e-01 -5.068849e-02 4.508064e-02 1.979327e+00 4.807738e-02 9.972026e-01 5.723209e-02 -1.033022e+00 -4.785552e-02 -5.493291e-02 9.973427e-01 9.464957e+00
9.984884e-01 3.765891e-02 -4.003335e-02 2.014636e+00 -3.979158e-02 9.977541e-01 -5.388258e-02 -1.039899e+00 3.791427e-02 5.539414e-02 9.977444e-01 9.524192e+00
9.978472e-01 -4.847591e-02 4.417007e-02 2.052436e+00 4.617456e-02 9.975940e-01 5.171207e-02 -1.045993e+00 -4.657057e-02 -4.956123e-02 9.976849e-01 9.574295e+00
9.983121e-01 3.857738e-02 -4.341469e-02 2.087833e+00 -4.088823e-02 9.977217e-01 -5.366220e-02 -1.051318e+00 4.124561e-02 5.534678e-02 9.976148e-01 9.621689e+00
9.978745e-01 -4.774525e-02 4.435028e-02 2.119079e+00 4.538248e-02 9.975715e-01 5.283581e-02 -1.057168e+00 -4.676522e-02 -5.071079e-02 9.976180e-01 9.671192e+00
9.983814e-01 3.505816e-02 -4.478339e-02 2.150729e+00 -3.741954e-02 9.978917e-01 -5.302685e-02 -1.062964e+00 4.282994e-02 5.461680e-02 9.975883e-01 9.722484e+00
9.981140e-01 -4.328106e-02 4.353346e-02 2.184408e+00 4.109240e-02 9.979049e-01 4.997264e-02 -1.068369e+00 -4.560511e-02 -4.808951e-02 9.978015e-01 9.769997e+00
9.983033e-01 3.707633e-02 -4.489797e-02 2.214756e+00 -3.944065e-02 9.978168e-01 -5.297232e-02 -1.073226e+00 4.283592e-02 5.465326e-02 9.975860e-01 9.817366e+00
9.979300e-01 -4.394975e-02 4.694720e-02 2.245120e+00 4.147253e-02 9.977595e-01 5.249733e-02 -1.078538e+00 -4.914925e-02 -5.044165e-02 9.975170e-01 9.872379e+00
9.982530e-01 3.639277e-02 -4.654503e-02 2.270238e+00 -3.884803e-02 9.978396e-01 -5.298130e-02 -1.084025e+00 4.451632e-02 5.469693e-02 9.975101e-01 9.928250e+00
9.980551e-01 -4.367177e-02 4.448418e-02 2.297256e+00 4.137429e-02 9.978248e-01 5.132064e-02 -1.089856e+00 -4.662867e-02 -4.938033e-02 9.976911e-01 9.985706e+00
9.982164e-01 3.772691e-02 -4.626827e-02 2.318768e+00 -4.018526e-02 9.977639e-01 -5.340670e-02 -1.095981e+00 4.414993e-02 5.517075e-02 9.975003e-01 1.004967e+01
9.980210e-01 -4.518965e-02 4.372600e-02 2.340490e+00 4.288579e-02 9.977120e-01 5.226496e-02 -1.102509e+00 -4.598778e-02 -5.028631e-02 9.976756e-01 1.011224e+01
9.980737e-01 3.851209e-02 -4.863816e-02 2.363261e+00 -4.101417e-02 9.978285e-01 -5.153795e-02 -1.108682e+00 4.654770e-02 5.343353e-02 9.974858e-01 1.017298e+01
9.980665e-01 -4.507934e-02 4.279241e-02 2.387102e+00 4.300062e-02 9.979062e-01 4.831392e-02 -1.114763e+00 -4.488076e-02 -4.638041e-02 9.979152e-01 1.023099e+01
9.981939e-01 3.670976e-02 -4.755335e-02 2.414973e+00 -3.911678e-02 9.979467e-01 -5.071673e-02 -1.120696e+00 4.559390e-02 5.248527e-02 9.975802e-01 1.028243e+01
9.979440e-01 -4.542747e-02 4.521147e-02 2.442685e+00 4.312646e-02 9.977859e-01 5.063079e-02 -1.125660e+00 -4.741138e-02 -4.857689e-02 9.976937e-01 1.033100e+01
9.984059e-01 3.535400e-02 -4.399636e-02 2.477661e+00 -3.758548e-02 9.979926e-01 -5.097099e-02 -1.131016e+00 4.210600e-02 5.254337e-02 9.977305e-01 1.038089e+01
9.979846e-01 -4.345737e-02 4.624014e-02 2.512770e+00 4.098638e-02 9.977473e-01 5.310759e-02 -1.136382e+00 -4.844388e-02 -5.110535e-02 9.975177e-01 1.042961e+01
9.984355e-01 2.988081e-02 -4.726251e-02 2.546858e+00 -3.228675e-02 9.981772e-01 -5.098960e-02 -1.141910e+00 4.565274e-02 5.243578e-02 9.975801e-01 1.047681e+01
9.983240e-01 -3.830750e-02 4.337797e-02 2.579206e+00 3.622769e-02 9.982018e-01 4.775785e-02 -1.146647e+00 -4.512944e-02 -4.610634e-02 9.979167e-01 1.051669e+01
9.985308e-01 3.278137e-02 -4.314573e-02 2.610589e+00 -3.490827e-02 9.981638e-01 -4.950227e-02 -1.151878e+00 4.144374e-02 5.093569e-02 9.978416e-01 1.056634e+01
9.984137e-01 -3.656991e-02 4.281037e-02 2.636425e+00 3.458458e-02 9.983319e-01 4.623143e-02 -1.157055e+00 -4.442962e-02 -4.467752e-02 9.980131e-01 1.061654e+01
9.985019e-01 3.094283e-02 -4.512816e-02 2.663453e+00 -3.308331e-02 9.983241e-01 -4.748189e-02 -1.162360e+00 4.358329e-02 4.890375e-02 9.978521e-01 1.066868e+01
9.982809e-01 -3.901524e-02 4.373739e-02 2.690848e+00 3.688639e-02 9.981434e-01 4.846700e-02 -1.167886e+00 -4.554713e-02 -4.677037e-02 9.978668e-01 1.072295e+01
9.983499e-01 3.317253e-02 -4.687306e-02 2.716681e+00 -3.550979e-02 9.981206e-01 -4.994356e-02 -1.174036e+00 4.512820e-02 5.152561e-02 9.976514e-01 1.078106e+01
9.985500e-01 -3.564322e-02 4.034276e-02 2.735038e+00 3.387445e-02 9.984698e-01 4.370917e-02 -1.180259e+00 -4.183895e-02 -4.227920e-02 9.982295e-01 1.083933e+01
9.981896e-01 3.126680e-02 -5.138097e-02 2.748371e+00 -3.393306e-02 9.980774e-01 -5.186624e-02 -1.186446e+00 4.966048e-02 5.351586e-02 9.973313e-01 1.089897e+01
9.983946e-01 -3.899554e-02 4.108024e-02 2.767477e+00 3.704461e-02 9.981970e-01 4.722709e-02 -1.192910e+00 -4.284781e-02 -4.562947e-02 9.980392e-01 1.095237e+01
9.979800e-01 3.463077e-02 -5.326047e-02 2.784162e+00 -3.754375e-02 9.977967e-01 -5.470175e-02 -1.198948e+00 5.124874e-02 5.659085e-02 9.970812e-01 1.100479e+01
9.983881e-01 -3.853903e-02 4.166436e-02 2.798084e+00 3.660079e-02 9.982558e-01 4.632295e-02 -1.205162e+00 -4.337691e-02 -4.472334e-02 9.980573e-01 1.105962e+01
9.978937e-01 3.603371e-02 -5.394196e-02 2.809791e+00 -3.893031e-02 9.978008e-01 -5.364745e-02 -1.211346e+00 5.189020e-02 5.563443e-02 9.971018e-01 1.111935e+01
9.983714e-01 -3.813356e-02 4.243047e-02 2.823952e+00 3.617144e-02 9.982823e-01 4.608762e-02 -1.217769e+00 -4.411506e-02 -4.447779e-02 9.980360e-01 1.117939e+01
9.977752e-01 3.667438e-02 -5.567432e-02 2.839369e+00 -3.959840e-02 9.978429e-01 -5.235864e-02 -1.223980e+00 5.363399e-02 5.444676e-02 9.970751e-01 1.123838e+01
9.982215e-01 -3.918663e-02 4.492529e-02 2.855623e+00 3.710932e-02 9.982438e-01 4.617657e-02 -1.230340e+00 -4.665587e-02 -4.442730e-02 9.979227e-01 1.129779e+01
9.975703e-01 3.665599e-02 -5.924379e-02 2.871484e+00 -3.967204e-02 9.979327e-01 -5.056114e-02 -1.236498e+00 5.726793e-02 5.278861e-02 9.969622e-01 1.135782e+01
9.981466e-01 -3.976276e-02 4.606760e-02 2.888037e+00 3.770289e-02 9.982864e-01 4.475205e-02 -1.243486e+00 -4.776810e-02 -4.293222e-02 9.979355e-01 1.142289e+01
9.974048e-01 3.847724e-02 -6.085433e-02 2.897841e+00 -4.159812e-02 9.978382e-01 -5.087728e-02 -1.249878e+00 5.876514e-02 5.327666e-02 9.968491e-01 1.148596e+01
9.981027e-01 -4.006972e-02 4.674775e-02 2.905530e+00 3.804538e-02 9.983323e-01 4.341803e-02 -1.256433e+00 -4.840951e-02 -4.155711e-02 9.979628e-01 1.155629e+01
9.973549e-01 3.819958e-02 -6.183771e-02 2.915167e+00 -4.127631e-02 9.979324e-01 -4.926658e-02 -1.263105e+00 5.982787e-02 5.168869e-02 9.968695e-01 1.162391e+01
9.980905e-01 -3.926760e-02 4.768069e-02 2.921605e+00 3.729751e-02 9.984409e-01 4.152829e-02 -1.270240e+00 -4.923704e-02 -3.967061e-02 9.979991e-01 1.169585e+01
9.973274e-01 3.823687e-02 -6.225718e-02 2.929508e+00 -4.121427e-02 9.980318e-01 -4.726376e-02 -1.277106e+00 6.032740e-02 4.970332e-02 9.969403e-01 1.176624e+01
9.981519e-01 -3.994464e-02 4.579595e-02 2.936549e+00 3.809145e-02 9.984471e-01 4.064901e-02 -1.283943e+00 -4.734852e-02 -3.882944e-02 9.981235e-01 1.183322e+01
9.972709e-01 3.786118e-02 -6.338173e-02 2.943044e+00 -4.087489e-02 9.980607e-01 -4.694694e-02 -1.290855e+00 6.148132e-02 4.940953e-02 9.968844e-01 1.190153e+01
9.981825e-01 -3.939118e-02 4.560783e-02 2.952407e+00 3.752534e-02 9.984514e-01 4.106855e-02 -1.298071e+00 -4.715491e-02 -3.928244e-02 9.981150e-01 1.197066e+01
9.972101e-01 4.074000e-02 -6.254732e-02 2.955530e+00 -4.385635e-02 9.978213e-01 -4.928671e-02 -1.305284e+00 6.040307e-02 5.189229e-02 9.968242e-01 1.204244e+01
9.977298e-01 -4.298082e-02 5.184594e-02 2.965756e+00 4.065255e-02 9.981525e-01 4.515586e-02 -1.311688e+00 -5.369095e-02 -4.294566e-02 9.976338e-01 1.210347e+01
9.981868e-01 3.393761e-02 -4.971291e-02 3.000800e+00 -3.595335e-02 9.985434e-01 -4.023065e-02 -1.317773e+00 4.827513e-02 4.194504e-02 9.979529e-01 1.214467e+01
9.976283e-01 -4.466419e-02 5.237275e-02 3.037115e+00 4.225626e-02 9.980373e-01 4.621658e-02 -1.324012e+00 -5.433415e-02 -4.389388e-02 9.975577e-01 1.218575e+01
9.981680e-01 3.594828e-02 -4.866543e-02 3.075906e+00 -3.807019e-02 9.983321e-01 -4.340076e-02 -1.329661e+00 4.702405e-02 4.517394e-02 9.978717e-01 1.222498e+01
9.977365e-01 -4.712459e-02 4.797018e-02 3.110831e+00 4.492531e-02 9.979336e-01 4.593665e-02 -1.335729e+00 -5.003577e-02 -4.367759e-02 9.977920e-01 1.226675e+01
9.982414e-01 3.713861e-02 -4.620312e-02 3.145247e+00 -3.906687e-02 9.983721e-01 -4.155591e-02 -1.342665e+00 4.458454e-02 4.328783e-02 9.980672e-01 1.231758e+01
9.974862e-01 -5.255972e-02 4.752580e-02 3.183593e+00 5.020341e-02 9.975124e-01 4.948395e-02 -1.349392e+00 -5.000841e-02 -4.697360e-02 9.976436e-01 1.236729e+01
9.980121e-01 4.096614e-02 -4.789127e-02 3.219184e+00 -4.322204e-02 9.979566e-01 -4.705861e-02 -1.355667e+00 4.586557e-02 4.903501e-02 9.977433e-01 1.241331e+01
9.976007e-01 -5.165240e-02 4.609574e-02 3.252220e+00 4.936260e-02 9.975534e-01 4.950287e-02 -1.362257e+00 -4.853988e-02 -4.710868e-02 9.977098e-01 1.245628e+01
9.978578e-01 4.450477e-02 -4.794975e-02 3.283664e+00 -4.677353e-02 9.977859e-01 -4.728084e-02 -1.368761e+00 4.573934e-02 4.942233e-02 9.977300e-01 1.250001e+01
9.973571e-01 -5.481663e-02 4.768506e-02 3.316399e+00 5.248677e-02 9.974280e-01 4.881168e-02 -1.374932e+00 -5.023807e-02 -4.617983e-02 9.976692e-01 1.253944e+01
9.976892e-01 4.587967e-02 -5.011295e-02 3.345491e+00 -4.825253e-02 9.977187e-01 -4.721375e-02 -1.381573e+00 4.783244e-02 4.952271e-02 9.976269e-01 1.258295e+01
9.976281e-01 -5.090279e-02 4.633647e-02 3.372057e+00 4.883099e-02 9.978020e-01 4.479711e-02 -1.388170e+00 -4.851489e-02 -4.242819e-02 9.979210e-01 1.263908e+01
9.978908e-01 4.475861e-02 -4.701788e-02 3.400454e+00 -4.674898e-02 9.980182e-01 -4.212149e-02 -1.394809e+00 4.503937e-02 4.423067e-02 9.980055e-01 1.269115e+01
9.974780e-01 -5.343306e-02 4.671753e-02 3.426922e+00 5.135190e-02 9.976812e-01 4.466784e-02 -1.402003e+00 -4.899591e-02 -4.215615e-02 9.979090e-01 1.274307e+01
9.978499e-01 4.453066e-02 -4.808854e-02 3.455625e+00 -4.659742e-02 9.979986e-01 -4.274795e-02 -1.408460e+00 4.608867e-02 4.489684e-02 9.979278e-01 1.279235e+01
9.973610e-01 -5.626623e-02 4.588186e-02 3.488096e+00 5.409916e-02 9.974204e-01 4.717956e-02 -1.414815e+00 -4.841809e-02 -4.457287e-02 9.978322e-01 1.284146e+01
9.979073e-01 4.380037e-02 -4.756629e-02 3.523277e+00 -4.588774e-02 9.979896e-01 -4.371564e-02 -1.420914e+00 4.555587e-02 4.580686e-02 9.979109e-01 1.288820e+01
9.975136e-01 -5.544500e-02 4.350316e-02 3.555534e+00 5.344866e-02 9.975204e-01 4.578423e-02 -1.426823e+00 -4.593377e-02 -4.334520e-02 9.980037e-01 1.292924e+01
9.978885e-01 4.583303e-02 -4.602133e-02 3.585185e+00 -4.798898e-02 9.977467e-01 -4.688908e-02 -1.433258e+00 4.376853e-02 4.899858e-02 9.978393e-01 1.297998e+01
9.974989e-01 -5.487756e-02 4.454684e-02 3.621695e+00 5.279242e-02 9.975126e-01 4.670753e-02 -1.439115e+00 -4.699920e-02 -4.423897e-02 9.979149e-01 1.302124e+01
9.976750e-01 4.663802e-02 -4.969461e-02 3.648652e+00 -4.898089e-02 9.976924e-01 -4.701941e-02 -1.444855e+00 4.738701e-02 4.934417e-02 9.976570e-01 1.306582e+01
9.974302e-01 -5.326597e-02 4.791426e-02 3.677905e+00 5.110682e-02 9.976692e-01 4.521274e-02 -1.451061e+00 -5.021085e-02 -4.264780e-02 9.978278e-01 1.311559e+01
9.974638e-01 4.966131e-02 -5.098709e-02 3.708234e+00 -5.209229e-02 9.975115e-01 -4.751102e-02 -1.456453e+00 4.850071e-02 5.004654e-02 9.975685e-01 1.316283e+01
9.973642e-01 -5.408842e-02 4.836340e-02 3.741089e+00 5.192639e-02 9.976412e-01 4.489582e-02 -1.462120e+00 -5.067763e-02 -4.226614e-02 9.978204e-01 1.320795e+01
9.974184e-01 4.978504e-02 -5.174913e-02 3.771403e+00 -5.219299e-02 9.975645e-01 -4.627045e-02 -1.467534e+00 4.931948e-02 4.885193e-02 9.975875e-01 1.325514e+01
9.972436e-01 -5.551872e-02 4.922223e-02 3.799213e+00 5.323339e-02 9.974949e-01 4.658437e-02 -1.473123e+00 -5.168520e-02 -4.383569e-02 9.977010e-01 1.330569e+01
9.972266e-01 5.159428e-02 -5.363807e-02 3.824770e+00 -5.421772e-02 9.973427e-01 -4.866264e-02 -1.478900e+00 5.098479e-02 5.143581e-02 9.973739e-01 1.335798e+01
9.971529e-01 -5.538487e-02 5.117172e-02 3.847203e+00 5.289614e-02 9.974082e-01 4.877289e-02 -1.485395e+00 -5.374034e-02 -4.592724e-02 9.974983e-01 1.341713e+01
9.974034e-01 4.833795e-02 -5.338488e-02 3.872796e+00 -5.081532e-02 9.976451e-01 -4.606633e-02 -1.491393e+00 5.103237e-02 4.865947e-02 9.975108e-01 1.346225e+01
9.966324e-01 -6.177857e-02 5.391916e-02 3.908007e+00 5.895323e-02 9.968790e-01 5.250573e-02 -1.497875e+00 -5.699457e-02 -4.915019e-02 9.971640e-01 1.350582e+01
9.971958e-01 5.308175e-02 -5.275374e-02 3.939235e+00 -5.575984e-02 9.971581e-01 -5.066133e-02 -1.504248e+00 4.991460e-02 5.346079e-02 9.973216e-01 1.355307e+01
9.965935e-01 -6.694352e-02 4.816548e-02 3.971794e+00 6.406011e-02 9.961942e-01 5.910563e-02 -1.510103e+00 -5.193887e-02 -5.581879e-02 9.970892e-01 1.360093e+01
9.972244e-01 5.428813e-02 -5.095446e-02 4.003452e+00 -5.705508e-02 9.968814e-01 -5.451694e-02 -1.516473e+00 4.783590e-02 5.727282e-02 9.972118e-01 1.364676e+01
9.965537e-01 -6.519839e-02 5.128260e-02 4.035720e+00 6.213137e-02 9.963057e-01 5.928483e-02 -1.522507e+00 -5.495839e-02 -5.589425e-02 9.969231e-01 1.369337e+01
9.969627e-01 5.756119e-02 -5.245992e-02 4.062068e+00 -6.058135e-02 9.964811e-01 -5.792429e-02 -1.529169e+00 4.894110e-02 6.092644e-02 9.969416e-01 1.374476e+01
9.968884e-01 -6.288541e-02 4.752848e-02 4.079547e+00 6.013537e-02 9.965482e-01 5.723095e-02 -1.535567e+00 -5.096338e-02 -5.419472e-02 9.972291e-01 1.381012e+01
9.970906e-01 5.584338e-02 -5.188311e-02 4.101195e+00 -5.868889e-02 9.967577e-01 -5.504348e-02 -1.542231e+00 4.864104e-02 5.792829e-02 9.971350e-01 1.386909e+01
9.967306e-01 -6.502317e-02 4.795944e-02 4.121274e+00 6.228561e-02 9.964566e-01 5.652276e-02 -1.548833e+00 -5.146476e-02 -5.335077e-02 9.972488e-01 1.393282e+01
9.968012e-01 5.750691e-02 -5.550009e-02 4.141515e+00 -6.049456e-02 9.967207e-01 -5.374283e-02 -1.554576e+00 5.222747e-02 5.692836e-02 9.970112e-01 1.398931e+01
9.962091e-01 -6.717668e-02 5.527049e-02 4.171689e+00 6.399118e-02 9.962916e-01 5.751657e-02 -1.561212e+00 -5.892927e-02 -5.376169e-02 9.968135e-01 1.403835e+01
9.967706e-01 5.705832e-02 -5.650330e-02 4.199944e+00 -6.000160e-02 9.968512e-01 -5.184084e-02 -1.567609e+00 5.336740e-02 5.506371e-02 9.970555e-01 1.408326e+01
9.964443e-01 -6.499968e-02 5.360764e-02 4.226089e+00 6.209325e-02 9.965971e-01 5.420918e-02 -1.573466e+00 -5.694877e-02 -5.068775e-02 9.970897e-01 1.412864e+01
9.970598e-01 5.531517e-02 -5.302840e-02 4.256937e+00 -5.788713e-02 9.971561e-01 -4.825849e-02 -1.579876e+00 5.020813e-02 5.118626e-02 9.974261e-01 1.417463e+01
9.965055e-01 -6.470206e-02 5.282417e-02 4.288373e+00 6.183509e-02 9.966128e-01 5.421580e-02 -1.586368e+00 -5.615308e-02 -5.075995e-02 9.971311e-01 1.422178e+01
9.968917e-01 5.480300e-02 -5.659940e-02 4.320594e+00 -5.759175e-02 9.971431e-01 -4.887506e-02 -1.591981e+00 5.375917e-02 5.198279e-02 9.971999e-01 1.426678e+01
9.962307e-01 -6.724628e-02 5.479337e-02 4.354835e+00 6.435922e-02 9.965261e-01 5.285387e-02 -1.597859e+00 -5.815722e-02 -4.912819e-02 9.970980e-01 1.431079e+01
9.967460e-01 5.485604e-02 -5.906080e-02 4.388780e+00 -5.765098e-02 9.972436e-01 -4.670705e-02 -1.603589e+00 5.633581e-02 4.995997e-02 9.971610e-01 1.435439e+01
9.961109e-01 -6.803381e-02 5.598657e-02 4.421241e+00 6.514222e-02 9.965229e-01 5.194779e-02 -1.609791e+00 -5.932607e-02 -4.809866e-02 9.970793e-01 1.439796e+01
9.964803e-01 5.958028e-02 -5.896693e-02 4.452471e+00 -6.235571e-02 9.969747e-01 -4.640240e-02 -1.616037e+00 5.602384e-02 4.991599e-02 9.971808e-01 1.444198e+01
9.960588e-01 -6.957333e-02 5.501284e-02 4.480324e+00 6.670442e-02 9.963973e-01 5.237258e-02 -1.622305e+00 -5.845835e-02 -4.849657e-02 9.971113e-01 1.448844e+01
9.963630e-01 6.077163e-02 -5.972840e-02 4.510350e+00 -6.358605e-02 9.968968e-01 -4.640579e-02 -1.628804e+00 5.672287e-02 5.003490e-02 9.971353e-01 1.453419e+01
9.960278e-01 -6.813889e-02 5.732183e-02 4.537351e+00 6.535227e-02 9.966505e-01 4.916085e-02 -1.634987e+00 -6.047957e-02 -4.521946e-02 9.971447e-01 1.458206e+01
9.962807e-01 6.008961e-02 -6.175683e-02 4.560801e+00 -6.308633e-02 9.968638e-01 -4.777662e-02 -1.640858e+00 5.869224e-02 5.149493e-02 9.969470e-01 1.463452e+01
9.962996e-01 -6.616786e-02 5.485323e-02 4.581738e+00 6.354810e-02 9.968140e-01 4.820311e-02 -1.646678e+00 -5.786793e-02 -4.453891e-02 9.973303e-01 1.468507e+01
9.963741e-01 5.960965e-02 -6.070693e-02 4.601356e+00 -6.257115e-02 9.968803e-01 -4.810963e-02 -1.653136e+00 5.764971e-02 5.173368e-02 9.969955e-01 1.473980e+01
9.962422e-01 -6.668921e-02 5.526409e-02 4.621988e+00 6.401584e-02 9.967545e-01 4.881080e-02 -1.659292e+00 -5.833985e-02 -4.508959e-02 9.972781e-01 1.479094e+01
9.965013e-01 5.776345e-02 -6.040344e-02 4.650438e+00 -6.063620e-02 9.970594e-01 -4.685910e-02 -1.665339e+00 5.751904e-02 5.035778e-02 9.970734e-01 1.484301e+01
9.959592e-01 -6.931918e-02 5.709737e-02 4.685293e+00 6.635509e-02 9.964260e-01 5.226991e-02 -1.671275e+00 -6.051658e-02 -4.826999e-02 9.969995e-01 1.488823e+01
9.965612e-01 5.802245e-02 -5.915427e-02 4.717157e+00 -6.097895e-02 9.969127e-01 -4.946290e-02 -1.677168e+00 5.610166e-02 5.289996e-02 9.970226e-01 1.493070e+01
9.960487e-01 -6.769586e-02 5.748355e-02 4.751611e+00 6.481327e-02 9.966131e-01 5.061286e-02 -1.683621e+00 -6.071511e-02 -4.668717e-02 9.970628e-01 1.497593e+01
9.967688e-01 5.397205e-02 -5.948889e-02 4.785928e+00 -5.674710e-02 9.973288e-01 -4.598938e-02 -1.690275e+00 5.684781e-02 4.921659e-02 9.971689e-01 1.502060e+01
9.960428e-01 -6.552867e-02 6.003947e-02 4.820389e+00 6.245079e-02 9.967038e-01 5.178276e-02 -1.697283e+00 -6.323479e-02 -4.782833e-02 9.968520e-01 1.507094e+01
9.965693e-01 5.565940e-02 -6.125019e-02 4.853130e+00 -5.853208e-02 9.972182e-01 -4.615019e-02 -1.704201e+00 5.851108e-02 4.957696e-02 9.970549e-01 1.511848e+01
9.960627e-01 -6.440001e-02 6.092355e-02 4.881258e+00 6.142441e-02 9.968827e-01 4.951614e-02 -1.711339e+00 -6.392244e-02 -4.557898e-02 9.969136e-01 1.516762e+01
9.964345e-01 5.653459e-02 -6.262678e-02 4.909466e+00 -5.948076e-02 9.971588e-01 -4.622175e-02 -1.718542e+00 5.983568e-02 4.978203e-02 9.969660e-01 1.522092e+01
9.958834e-01 -6.545657e-02 6.270287e-02 4.937465e+00 6.239256e-02 9.968165e-01 4.963860e-02 -1.725640e+00 -6.575240e-02 -4.552206e-02 9.967971e-01 1.527425e+01
9.962770e-01 5.365792e-02 -6.747567e-02 4.965314e+00 -5.689884e-02 9.972701e-01 -4.706240e-02 -1.731936e+00 6.476617e-02 5.072647e-02 9.966102e-01 1.532320e+01
9.957081e-01 -6.378802e-02 6.705592e-02 4.998936e+00 6.049669e-02 9.969143e-01 5.002021e-02 -1.738166e+00 -7.003967e-02 -4.574886e-02 9.964947e-01 1.536815e+01
9.963329e-01 5.221645e-02 -6.778053e-02 5.033482e+00 -5.535786e-02 9.974372e-01 -4.532617e-02 -1.744298e+00 6.524003e-02 4.891213e-02 9.966700e-01 1.541693e+01
9.958579e-01 -6.065624e-02 6.773383e-02 5.063863e+00 5.740025e-02 9.971468e-01 4.902543e-02 -1.750741e+00 -7.051424e-02 -4.493442e-02 9.964983e-01 1.546639e+01
9.964299e-01 5.025283e-02 -6.783844e-02 5.096738e+00 -5.341653e-02 9.975281e-01 -4.565586e-02 -1.756353e+00 6.537638e-02 4.911655e-02 9.966510e-01 1.551093e+01
9.956378e-01 -5.915604e-02 7.215196e-02 5.131533e+00 5.555724e-02 9.971569e-01 5.090600e-02 -1.762173e+00 -7.495819e-02 -4.667537e-02 9.960938e-01 1.555785e+01
9.958968e-01 5.202636e-02 -7.404554e-02 5.155856e+00 -5.577735e-02 9.972142e-01 -4.952431e-02 -1.768630e+00 7.126267e-02 5.345116e-02 9.960243e-01 1.560895e+01
9.954830e-01 -6.159239e-02 7.224966e-02 5.186797e+00 5.811207e-02 9.970908e-01 4.932393e-02 -1.774617e+00 -7.507742e-02 -4.490255e-02 9.961663e-01 1.565858e+01
9.959457e-01 5.277969e-02 -7.284571e-02 5.223845e+00 -5.634515e-02 9.972670e-01 -4.778956e-02 -1.780158e+00 7.012427e-02 5.170030e-02 9.961975e-01 1.569861e+01
9.950978e-01 -6.516257e-02 7.439281e-02 5.263159e+00 6.137599e-02 9.967540e-01 5.210104e-02 -1.785772e+00 -7.754633e-02 -4.727969e-02 9.958672e-01 1.573637e+01
9.954155e-01 5.494228e-02 -7.828963e-02 5.299885e+00 -5.882552e-02 9.971045e-01 -4.818832e-02 -1.790990e+00 7.541534e-02 5.257282e-02 9.957652e-01 1.577206e+01
9.942107e-01 -6.875129e-02 8.257342e-02 5.343013e+00 6.418598e-02 9.963243e-01 5.672758e-02 -1.796385e+00 -8.616997e-02 -5.109911e-02 9.949693e-01 1.581001e+01
9.953378e-01 5.225467e-02 -8.106886e-02 5.383940e+00 -5.615187e-02 9.973360e-01 -4.656058e-02 -1.801747e+00 7.841985e-02 5.089566e-02 9.956203e-01 1.584616e+01
9.946210e-01 -6.525583e-02 8.044136e-02 5.422242e+00 6.111935e-02 9.967300e-01 5.285653e-02 -1.807542e+00 -8.362749e-02 -4.765569e-02 9.953570e-01 1.588730e+01
9.954684e-01 4.915149e-02 -8.140467e-02 5.461042e+00 -5.298206e-02 9.975545e-01 -4.558313e-02 -1.813413e+00 7.896509e-02 4.968955e-02 9.956381e-01 1.593324e+01
9.940689e-01 -6.854417e-02 8.443159e-02 5.505105e+00 6.417155e-02 9.965059e-01 5.346025e-02 -1.818812e+00 -8.780093e-02 -4.772506e-02 9.949942e-01 1.596986e+01
9.950640e-01 5.395145e-02 -8.328802e-02 5.547413e+00 -5.794163e-02 9.972477e-01 -4.625710e-02 -1.823616e+00 8.056312e-02 5.085461e-02 9.954513e-01 1.600633e+01
9.943464e-01 -6.751815e-02 8.195463e-02 5.585099e+00 6.344486e-02 9.966644e-01 5.133049e-02 -1.828882e+00 -8.514698e-02 -4.584069e-02 9.953134e-01 1.604153e+01
9.949313e-01 5.604419e-02 -8.349089e-02 5.617567e+00 -6.014593e-02 9.970612e-01 -4.744928e-02 -1.833962e+00 8.058625e-02 5.223041e-02 9.953781e-01 1.608094e+01
9.938205e-01 -6.897361e-02 8.696851e-02 5.654150e+00 6.445378e-02 9.964720e-01 5.375262e-02 -1.838995e+00 -9.036917e-02 -4.781500e-02 9.947599e-01 1.612418e+01
9.949369e-01 5.371402e-02 -8.494287e-02 5.693602e+00 -5.744962e-02 9.974578e-01 -4.216110e-02 -1.845109e+00 8.246226e-02 4.682757e-02 9.954933e-01 1.618062e+01
9.937937e-01 -6.871531e-02 8.747687e-02 5.726789e+00 6.435052e-02 9.965832e-01 5.177800e-02 -1.851064e+00 -9.073589e-02 -4.582747e-02 9.948201e-01 1.623290e+01
9.946245e-01 5.753563e-02 -8.609151e-02 5.763994e+00 -6.137301e-02 9.972050e-01 -4.260911e-02 -1.856907e+00 8.339932e-02 4.766376e-02 9.953756e-01 1.628426e+01
9.934538e-01 -7.187744e-02 8.878748e-02 5.797328e+00 6.731962e-02 9.963064e-01 5.330725e-02 -1.863225e+00 -9.229110e-02 -4.698114e-02 9.946232e-01 1.633943e+01
9.938091e-01 6.430382e-02 -9.060066e-02 5.825635e+00 -6.909484e-02 9.963172e-01 -5.077313e-02 -1.870176e+00 8.700207e-02 5.671883e-02 9.945921e-01 1.639579e+01
9.944086e-01 -6.987568e-02 7.917673e-02 5.836348e+00 6.610760e-02 9.965961e-01 4.925521e-02 -1.877200e+00 -8.234893e-02 -4.374562e-02 9.956431e-01 1.646398e+01
9.936730e-01 6.702388e-02 -9.012048e-02 5.845022e+00 -7.178089e-02 9.961351e-01 -5.061997e-02 -1.883578e+00 8.637940e-02 5.676862e-02 9.946435e-01 1.652726e+01
9.943543e-01 -6.791489e-02 8.152919e-02 5.854694e+00 6.410480e-02 9.967650e-01 4.847708e-02 -1.889507e+00 -8.455774e-02 -4.297698e-02 9.954914e-01 1.658952e+01
9.946852e-01 6.141436e-02 -8.264213e-02 5.878853e+00 -6.500738e-02 9.970211e-01 -4.150982e-02 -1.896786e+00 7.984662e-02 4.666155e-02 9.957143e-01 1.664678e+01
9.947725e-01 -6.917134e-02 7.511992e-02 5.897991e+00 6.572429e-02 9.967099e-01 4.743145e-02 -1.902957e+00 -7.815364e-02 -4.224630e-02 9.960459e-01 1.671457e+01
9.950444e-01 6.327708e-02 -7.669885e-02 5.920185e+00 -6.685096e-02 9.967496e-01 -4.495849e-02 -1.909384e+00 7.360467e-02 4.986308e-02 9.960401e-01 1.676807e+01
9.952456e-01 -7.038817e-02 6.731816e-02 5.936673e+00 6.741590e-02 9.966891e-01 4.545193e-02 -1.916195e+00 -7.029453e-02 -4.069751e-02 9.966958e-01 1.682922e+01
9.949488e-01 6.302078e-02 -7.813623e-02 5.951446e+00 -6.665025e-02 9.967726e-01 -4.474500e-02 -1.922980e+00 7.506416e-02 4.972678e-02 9.959380e-01 1.688905e+01
9.950962e-01 -7.224066e-02 6.756409e-02 5.963864e+00 6.927187e-02 9.965688e-01 4.529945e-02 -1.929696e+00 -7.060469e-02 -4.039702e-02 9.966861e-01 1.694800e+01
9.949723e-01 6.475407e-02 -7.640088e-02 5.974870e+00 -6.828804e-02 9.966689e-01 -4.458511e-02 -1.936439e+00 7.325928e-02 4.957821e-02 9.960798e-01 1.701217e+01
9.949480e-01 -7.261415e-02 6.932319e-02 5.992324e+00 6.958001e-02 9.965507e-01 4.522572e-02 -1.943039e+00 -7.236807e-02 -4.017373e-02 9.965687e-01 1.707162e+01
9.951912e-01 6.352985e-02 -7.455483e-02 6.007585e+00 -6.682131e-02 9.968588e-01 -4.251489e-02 -1.949280e+00 7.161965e-02 4.729229e-02 9.963101e-01 1.712470e+01
9.948992e-01 -7.249554e-02 7.014291e-02 6.029096e+00 6.928755e-02 9.964824e-01 4.713813e-02 -1.955808e+00 -7.331346e-02 -4.203765e-02 9.964227e-01 1.718182e+01
9.948719e-01 6.524716e-02 -7.728310e-02 6.046743e+00 -6.900460e-02 9.965092e-01 -4.698761e-02 -1.962233e+00 7.394748e-02 5.207953e-02 9.959012e-01 1.724509e+01
9.947115e-01 -7.255678e-02 7.269452e-02 6.066492e+00 6.919479e-02 9.964598e-01 4.774856e-02 -1.968527e+00 -7.590162e-02 -4.246596e-02 9.962107e-01 1.730888e+01
9.949713e-01 6.390368e-02 -7.712566e-02 6.086464e+00 -6.757672e-02 9.966535e-01 -4.599070e-02 -1.974631e+00 7.392855e-02 5.097132e-02 9.959600e-01 1.736123e+01
