9.999973e-01 2.485010e-05 2.339216e-03 -9.016927e-02 -2.142690e-05 9.999989e-01 -1.463420e-03 -1.226662e-02 -2.339250e-03 1.463365e-03 9.999963e-01 6.279181e-01
9.999750e-01 5.150477e-04 7.051491e-03 -7.948812e-02 -5.079676e-04 9.999994e-01 -1.005818e-03 -4.488095e-02 -7.052004e-03 1.002211e-03 9.999745e-01 2.099250e+00
9.999999e-01 4.157582e-04 3.056433e-04 -1.910462e-01 -4.152459e-04 9.999985e-01 -1.674321e-03 -7.322489e-02 -3.063409e-04 1.674194e-03 9.999987e-01 3.508169e+00
9.999940e-01 4.504707e-04 3.443595e-03 -5.296745e-01 -4.460373e-04 9.999991e-01 -1.288074e-03 -8.905967e-02 -3.444169e-03 1.286529e-03 9.999931e-01 4.601907e+00
9.999982e-01 -4.507535e-05 -1.907919e-03 -7.846062e-01 4.313786e-05 9.999995e-01 -1.015515e-03 -9.331123e-02 1.907961e-03 1.015432e-03 9.999978e-01 5.132713e+00
9.999935e-01 3.212927e-04 3.593426e-03 -9.867636e-01 -3.180304e-04 9.999995e-01 -9.083881e-04 -9.767688e-02 -3.593714e-03 9.072385e-04 9.999930e-01 5.617131e+00
9.999981e-01 -4.909622e-05 -1.928555e-03 -1.261990e+00 4.654779e-05 9.999991e-01 -1.321425e-03 -9.767339e-02 1.928615e-03 1.321334e-03 9.999974e-01 6.014840e+00
9.999955e-01 6.803190e-04 2.913001e-03 -1.574403e+00 -6.765151e-04 9.999989e-01 -1.306610e-03 -1.014691e-01 -2.913884e-03 1.304633e-03 9.999948e-01 6.607073e+00
9.999991e-01 -3.064210e-04 -1.299450e-03 -1.788805e+00 3.055057e-04 9.999997e-01 -7.044330e-04 -1.052692e-01 1.299663e-03 7.040370e-04 9.999990e-01 7.080994e+00
9.999993e-01 4.491592e-05 1.139597e-03 -1.772933e+00 -4.511934e-05 1.000000e+00 1.785145e-04 -1.119910e-01 -1.139585e-03 -1.785675e-04 9.999992e-01 7.319295e+00
9.999957e-01 -7.055677e-04 -2.829495e-03 -1.729096e+00 7.050059e-04 9.999997e-01 -1.995328e-04 -1.145786e-01 2.829632e-03 1.975388e-04 9.999961e-01 7.338680e+00
9.999981e-01 -1.503387e-04 1.937702e-03 -1.946086e+00 1.511534e-04 9.999999e-01 -4.202496e-04 -1.040868e-01 -1.937636e-03 4.205400e-04 9.999979e-01 7.016085e+00
9.999996e-01 4.588047e-04 -8.089344e-04 -2.346160e+00 -4.608759e-04 9.999966e-01 -2.562126e-03 -9.664368e-02 8.077532e-04 2.562500e-03 9.999965e-01 7.205103e+00
9.999944e-01 -1.323109e-04 3.336064e-03 -2.639468e+00 1.340518e-04 9.999999e-01 -5.216065e-04 -9.896219e-02 -3.335991e-03 5.220485e-04 9.999942e-01 7.714003e+00
9.999988e-01 4.928729e-04 -1.486324e-03 -2.804710e+00 -4.942865e-04 9.999994e-01 -9.507694e-04 -1.083938e-01 1.485852e-03 9.515054e-04 9.999985e-01 8.334386e+00
9.999898e-01 -1.372608e-04 4.521720e-03 -2.850927e+00 1.395565e-04 9.999999e-01 -5.073828e-04 -1.189356e-01 -4.521646e-03 5.080061e-04 9.999895e-01 8.898302e+00
9.999858e-01 -4.940595e-04 -5.303135e-03 -2.738795e+00 4.974497e-04 9.999997e-01 6.380006e-04 -1.277796e-01 5.302815e-03 -6.406270e-04 9.999858e-01 9.124876e+00
9.999893e-01 2.062387e-04 4.611590e-03 -2.821342e+00 -1.985660e-04 9.999986e-01 -1.664172e-03 -1.308145e-01 -4.611923e-03 1.663236e-03 9.999879e-01 9.324612e+00
9.999670e-01 -1.813552e-03 -7.924320e-03 -2.495524e+00 1.830082e-03 9.999962e-01 2.079263e-03 -1.506945e-01 7.920516e-03 -2.093694e-03 9.999665e-01 9.543621e+00
9.999693e-01 1.030109e-03 7.772410e-03 -2.347966e+00 -1.010860e-03 9.999964e-01 -2.480057e-03 -1.627561e-01 -7.774934e-03 2.472121e-03 9.999666e-01 9.849390e+00
9.999811e-01 -7.577355e-04 -6.095946e-03 -2.507531e+00 7.632255e-04 9.999993e-01 8.983335e-04 -1.686299e-01 6.095258e-03 -9.029663e-04 9.999811e-01 1.034610e+01
9.999864e-01 -1.317857e-05 5.207540e-03 -2.330267e+00 1.547486e-05 9.999999e-01 -4.409047e-04 -1.793085e-01 -5.207531e-03 4.409765e-04 9.999862e-01 1.053490e+01
9.999869e-01 -3.338244e-04 -5.102245e-03 -2.437627e+00 3.281698e-04 9.999993e-01 -1.109041e-03 -1.769959e-01 5.102608e-03 1.107355e-03 9.999865e-01 1.061864e+01
9.999921e-01 -1.115116e-03 3.811175e-03 -2.337498e+00 1.113227e-03 9.999993e-01 4.977231e-04 -1.808244e-01 -3.811724e-03 -4.934795e-04 9.999925e-01 1.062349e+01
9.999747e-01 -1.220855e-03 -7.011297e-03 -1.942650e+00 1.220250e-03 9.999993e-01 -9.054334e-05 -1.930323e-01 7.011400e-03 8.198850e-05 9.999755e-01 1.059319e+01
9.999759e-01 2.832841e-04 6.932786e-03 -1.817723e+00 -2.806705e-04 9.999999e-01 -3.779625e-04 -1.986535e-01 -6.932890e-03 3.760045e-04 9.999758e-01 1.074250e+01
9.999795e-01 1.589021e-04 -6.401829e-03 -2.118499e+00 -1.722408e-04 9.999978e-01 -2.083074e-03 -1.927647e-01 6.401481e-03 2.084137e-03 9.999774e-01 1.093208e+01
9.999834e-01 -1.439327e-03 5.585596e-03 -2.106370e+00 1.431245e-03 9.999979e-01 1.450546e-03 -1.908843e-01 -5.587669e-03 -1.442531e-03 9.999832e-01 1.084914e+01
9.999844e-01 1.355972e-03 -5.415710e-03 -2.255449e+00 -1.370629e-03 9.999954e-01 -2.703717e-03 -1.884249e-01 5.412016e-03 2.711101e-03 9.999818e-01 1.099357e+01
9.999891e-01 -8.422033e-04 4.594345e-03 -2.580389e+00 8.401855e-04 9.999995e-01 4.411232e-04 -1.791070e-01 -4.594712e-03 -4.372620e-04 9.999892e-01 1.107697e+01
9.999905e-01 -9.915134e-05 -4.355679e-03 -2.581273e+00 9.176432e-05 9.999986e-01 -1.696102e-03 -1.787728e-01 4.355838e-03 1.695690e-03 9.999892e-01 1.118109e+01
9.999705e-01 -3.171130e-04 7.674535e-03 -2.541893e+00 3.152923e-04 9.999999e-01 2.384588e-04 -1.858166e-01 -7.674607e-03 -2.360360e-04 9.999704e-01 1.153265e+01
9.999830e-01 3.660879e-04 -5.823245e-03 -2.646967e+00 -3.755597e-04 9.999986e-01 -1.625535e-03 -1.879676e-01 5.822639e-03 1.627699e-03 9.999818e-01 1.182849e+01
9.999677e-01 -1.476177e-03 7.902871e-03 -2.395176e+00 1.466902e-03 9.999982e-01 1.179273e-03 -1.989226e-01 -7.904594e-03 -1.167646e-03 9.999680e-01 1.206987e+01
9.999759e-01 2.850353e-04 -6.931808e-03 -2.206984e+00 -2.975461e-04 9.999983e-01 -1.803857e-03 -2.061159e-01 6.931279e-03 1.805880e-03 9.999744e-01 1.223486e+01
9.999625e-01 -7.216512e-04 8.633642e-03 -2.235521e+00 7.145821e-04 9.999994e-01 8.218500e-04 -2.096239e-01 -8.634226e-03 -8.156540e-04 9.999623e-01 1.250118e+01
9.999718e-01 -2.433036e-04 -7.502567e-03 -2.117314e+00 2.328638e-04 9.999990e-01 -1.392317e-03 -2.158229e-01 7.502895e-03 1.390535e-03 9.999710e-01 1.269923e+01
9.999619e-01 -9.234960e-04 8.674918e-03 -1.922769e+00 9.156607e-04 9.999992e-01 9.071461e-04 -2.241262e-01 -8.675745e-03 -8.991728e-04 9.999619e-01 1.289766e+01
9.999605e-01 -1.265403e-03 -8.795878e-03 -1.517135e+00 1.256876e-03 9.999987e-01 -9.748454e-04 -2.354794e-01 8.797096e-03 9.637560e-04 9.999609e-01 1.294906e+01
9.999621e-01 -8.225547e-04 8.666389e-03 -1.419900e+00 8.187819e-04 9.999996e-01 4.388907e-04 -2.355684e-01 -8.666742e-03 -4.317827e-04 9.999622e-01 1.284721e+01
9.999730e-01 -4.470717e-04 -7.333968e-03 -1.345552e+00 4.367070e-04 9.999989e-01 -1.414763e-03 -2.417485e-01 7.334589e-03 1.411526e-03 9.999722e-01 1.306199e+01
9.999681e-01 -1.555553e-03 7.830080e-03 -1.025466e+00 1.546853e-03 9.999982e-01 1.117103e-03 -2.526654e-01 -7.831799e-03 -1.104960e-03 9.999686e-01 1.319984e+01
9.999715e-01 -5.837790e-04 -7.528614e-03 -9.251833e-01 5.681255e-04 9.999977e-01 -2.081153e-03 -2.555219e-01 7.529808e-03 2.076821e-03 9.999696e-01 1.326011e+01
9.999720e-01 -2.952372e-03 6.879294e-03 -4.254988e-01 2.939723e-03 9.999940e-01 1.848176e-03 -2.650714e-01 -6.884705e-03 -1.827905e-03 9.999745e-01 1.314453e+01
9.999700e-01 -6.968982e-04 -7.709031e-03 2.554700e-01 6.831640e-04 9.999982e-01 -1.784055e-03 -2.819681e-01 7.710257e-03 1.778739e-03 9.999688e-01 1.311804e+01
9.999763e-01 -2.801372e-03 6.282817e-03 6.962552e-01 2.787686e-03 9.999937e-01 2.186080e-03 -2.870082e-01 -6.288898e-03 -2.168519e-03 9.999778e-01 1.287149e+01
9.999712e-01 -1.627557e-04 -7.582497e-03 8.406906e-01 1.416380e-04 9.999961e-01 -2.785495e-03 -2.838202e-01 7.582917e-03 2.784346e-03 9.999675e-01 1.258859e+01
9.999654e-01 -3.135045e-03 7.709551e-03 9.812437e-01 3.118045e-03 9.999927e-01 2.216118e-03 -2.830716e-01 -7.716438e-03 -2.192007e-03 9.999677e-01 1.238803e+01
9.999749e-01 4.147901e-04 -7.066761e-03 1.335483e+00 -4.339018e-04 9.999963e-01 -2.703111e-03 -2.910315e-01 7.065610e-03 2.706114e-03 9.999715e-01 1.235729e+01
9.999685e-01 -1.892841e-03 7.704080e-03 1.572042e+00 1.875634e-03 9.999957e-01 2.240091e-03 -2.977495e-01 -7.708283e-03 -2.225575e-03 9.999677e-01 1.245113e+01
9.999742e-01 7.777450e-04 -7.141373e-03 1.710612e+00 -7.970273e-04 9.999960e-01 -2.697623e-03 -3.036001e-01 7.139242e-03 2.703250e-03 9.999710e-01 1.260577e+01
9.999592e-01 -1.680506e-03 8.870378e-03 1.894571e+00 1.659613e-03 9.999958e-01 2.362314e-03 -3.139522e-01 -8.874307e-03 -2.347502e-03 9.999578e-01 1.288268e+01
9.999264e-01 -3.480672e-03 -1.162245e-02 1.643340e+00 3.450669e-03 9.999907e-01 -2.600489e-03 -2.855980e-01 1.163138e-02 2.560198e-03 9.999292e-01 1.170477e+01
9.998972e-01 -3.537904e-03 1.389369e-02 7.096416e-01 3.542064e-03 9.999937e-01 -2.748517e-04 -2.261547e-01 -1.389263e-02 3.240304e-04 9.999033e-01 9.732876e+00
9.999277e-01 -3.782672e-03 -1.141789e-02 -3.200270e-01 3.737182e-03 9.999850e-01 -4.002778e-03 -1.637158e-01 1.143285e-02 3.959824e-03 9.999269e-01 7.722707e+00
9.998770e-01 -1.577493e-03 1.560117e-02 -1.405953e+00 1.577025e-03 9.999988e-01 4.229385e-05 -1.043088e-01 -1.560121e-02 -1.769144e-05 9.998782e-01 6.015874e+00
9.999334e-01 -6.687365e-04 -1.152343e-02 -2.619632e+00 5.971703e-04 9.999805e-01 -6.212798e-03 -5.093440e-02 1.152735e-02 6.205510e-03 9.999144e-01 4.896095e+00
9.998864e-01 -3.643428e-03 1.462542e-02 -3.735594e+00 3.621339e-03 9.999923e-01 1.536573e-03 2.651851e-03 -1.463090e-02 -1.483442e-03 9.998918e-01 3.491858e+00
9.999249e-01 -1.258465e-03 -1.218843e-02 -4.749949e+00 1.191094e-03 9.999840e-01 -5.533150e-03 5.609212e-02 1.219520e-02 5.518225e-03 9.999105e-01 1.980936e+00
9.999086e-01 -6.416019e-03 1.189977e-02 -5.309955e+00 6.368582e-03 9.999716e-01 4.020023e-03 1.030928e-01 -1.192522e-02 -3.943879e-03 9.999210e-01 2.310107e-01
9.999162e-01 -4.116791e-04 -1.294067e-02 -5.779332e+00 3.456841e-04 9.999869e-01 -5.101615e-03 1.426648e-01 1.294259e-02 5.096722e-03 9.999034e-01 -1.208550e+00
9.998973e-01 -6.175747e-03 1.293137e-02 -6.433299e+00 6.134971e-03 9.999761e-01 3.190526e-03 1.921396e-01 -1.295076e-02 -3.110873e-03 9.999112e-01 -2.977099e+00
9.999115e-01 1.256971e-04 -1.330317e-02 -6.678131e+00 -1.664508e-04 9.999953e-01 -3.062369e-03 2.229176e-01 1.330272e-02 3.064320e-03 9.999069e-01 -4.296272e+00
9.999329e-01 -3.736102e-03 1.096285e-02 -6.583497e+00 3.701278e-03 9.999880e-01 3.195093e-03 2.324064e-01 -1.097465e-02 -3.154310e-03 9.999347e-01 -4.821423e+00
9.999182e-01 1.305710e-05 -1.278718e-02 -6.456602e+00 -5.435856e-05 9.999948e-01 -3.229548e-03 2.390176e-01 1.278707e-02 3.229987e-03 9.999131e-01 -5.282573e+00
9.999242e-01 -5.132151e-04 1.230179e-02 -6.531246e+00 4.879235e-04 9.999978e-01 2.058852e-03 2.425223e-01 -1.230282e-02 -2.052702e-03 9.999221e-01 -5.249651e+00
9.999356e-01 2.988378e-04 -1.134911e-02 -6.507862e+00 -3.274073e-04 9.999968e-01 -2.515544e-03 2.392564e-01 1.134832e-02 2.519106e-03 9.999325e-01 -5.071340e+00
9.999214e-01 -2.726574e-04 1.253583e-02 -6.494771e+00 2.465065e-04 9.999978e-01 2.087604e-03 2.332250e-01 -1.253636e-02 -2.084358e-03 9.999191e-01 -4.778064e+00
9.999215e-01 3.940172e-04 -1.252063e-02 -6.611160e+00 -4.280678e-04 9.999962e-01 -2.716968e-03 2.306474e-01 1.251951e-02 2.722123e-03 9.999180e-01 -4.490750e+00
9.999182e-01 -3.355461e-04 1.278397e-02 -6.710499e+00 3.115732e-04 9.999982e-01 1.877195e-03 2.295804e-01 -1.278457e-02 -1.873067e-03 9.999164e-01 -4.274214e+00
9.999207e-01 6.200642e-04 -1.257517e-02 -6.994230e+00 -6.691654e-04 9.999922e-01 -3.900758e-03 2.329237e-01 1.257265e-02 3.908873e-03 9.999134e-01 -4.019720e+00
9.999103e-01 -4.600408e-04 1.338733e-02 -7.148665e+00 4.277711e-04 9.999970e-01 2.413238e-03 2.313851e-01 -1.338840e-02 -2.407304e-03 9.999074e-01 -3.687540e+00
9.998932e-01 -5.279739e-04 -1.460781e-02 -6.839836e+00 5.033782e-04 9.999984e-01 -1.687344e-03 2.165427e-01 1.460867e-02 1.679819e-03 9.998920e-01 -3.498710e+00
9.998771e-01 4.656159e-04 1.566786e-02 -6.671474e+00 -4.921278e-04 9.999985e-01 1.688314e-03 2.028060e-01 -1.566705e-02 -1.695826e-03 9.998757e-01 -3.103579e+00
9.998065e-01 -1.191008e-03 -1.963415e-02 -6.497445e+00 1.164028e-03 9.999984e-01 -1.385498e-03 1.938185e-01 1.963576e-02 1.362384e-03 9.998064e-01 -3.028906e+00
9.999456e-01 -1.098508e-03 1.036970e-02 -6.142383e+00 1.057660e-03 9.999917e-01 3.943834e-03 1.775495e-01 -1.037394e-02 -3.932660e-03 9.999384e-01 -3.251636e+00
9.997928e-01 -2.143769e-03 -2.024384e-02 -5.892147e+00 2.108784e-03 9.999962e-01 -1.749364e-03 1.668366e-01 2.024751e-02 1.706320e-03 9.997936e-01 -3.813923e+00
9.999863e-01 -2.313452e-03 4.691264e-03 -5.179240e+00 2.288219e-03 9.999829e-01 5.376963e-03 1.381997e-01 -4.703622e-03 -5.366163e-03 9.999744e-01 -4.306044e+00
9.997131e-01 -3.106426e-03 -2.374827e-02 -4.148990e+00 3.081532e-03 9.999947e-01 -1.084792e-03 9.984830e-02 2.375152e-02 1.011307e-03 9.997175e-01 -4.923360e+00
9.999701e-01 -1.682354e-03 7.546756e-03 -3.108820e+00 1.650794e-03 9.999899e-01 4.186195e-03 6.108353e-02 -7.553724e-03 -4.173619e-03 9.999627e-01 -5.220908e+00
9.997273e-01 -2.205650e-03 -2.324907e-02 -2.104239e+00 2.177247e-03 9.999969e-01 -1.246944e-03 2.371132e-02 2.325176e-02 1.195992e-03 9.997290e-01 -5.461206e+00
9.999747e-01 -3.206007e-03 6.347156e-03 -1.082650e+00 3.178828e-03 9.999858e-01 4.287413e-03 -1.238853e-02 -6.360817e-03 -4.267134e-03 9.999706e-01 -5.962251e+00
9.996867e-01 -1.522903e-03 -2.498182e-02 -2.266835e-01 1.497715e-03 9.999984e-01 -1.026940e-03 -4.464907e-02 2.498335e-02 9.892088e-04 9.996875e-01 -6.492181e+00
9.999667e-01 -3.057790e-03 7.564108e-03 5.134284e-01 3.027213e-03 9.999872e-01 4.050497e-03 -7.527535e-02 -7.576407e-03 -4.027470e-03 9.999631e-01 -7.009064e+00
9.996838e-01 -4.829225e-04 -2.514171e-02 1.308429e+00 4.745426e-04 9.999998e-01 -3.392800e-04 -1.102010e-01 2.514188e-02 3.272475e-04 9.996839e-01 -7.340194e+00
9.999673e-01 -3.740087e-03 7.163807e-03 2.076502e+00 3.710987e-03 9.999848e-01 4.071049e-03 -1.425811e-01 -7.178938e-03 -4.044336e-03 9.999660e-01 -7.799822e+00
9.998029e-01 3.651890e-04 -1.984986e-02 2.413695e+00 -3.920811e-04 9.999990e-01 -1.350917e-03 -1.563775e-01 1.984936e-02 1.358438e-03 9.998022e-01 -8.386543e+00
9.999658e-01 -3.130617e-03 7.658264e-03 2.989779e+00 3.100909e-03 9.999876e-01 3.888026e-03 -1.813778e-01 -7.670357e-03 -3.864150e-03 9.999630e-01 -8.547100e+00
9.999310e-01 2.349077e-03 -1.150889e-02 3.397936e+00 -2.374517e-03 9.999948e-01 -2.197360e-03 -2.047238e-01 1.150368e-02 2.224541e-03 9.999315e-01 -8.262714e+00
9.999453e-01 -2.783964e-03 1.008015e-02 3.643263e+00 2.753776e-03 9.999917e-01 3.007473e-03 -2.207333e-01 -1.008846e-02 -2.979555e-03 9.999446e-01 -7.965935e+00
9.998495e-01 1.428978e-03 -1.729038e-02 3.992639e+00 -1.457485e-03 9.999976e-01 -1.636240e-03 -2.360297e-01 1.728802e-02 1.661198e-03 9.998493e-01 -7.958085e+00
9.999645e-01 -3.869897e-03 7.489360e-03 4.412149e+00 3.838686e-03 9.999839e-01 4.177333e-03 -2.529406e-01 -7.505423e-03 -4.148440e-03 9.999631e-01 -8.249373e+00
9.998635e-01 1.706055e-03 -1.643451e-02 4.760046e+00 -1.751561e-03 9.999947e-01 -2.754984e-03 -2.670448e-01 1.642974e-02 2.783398e-03 9.998612e-01 -8.429572e+00
9.999732e-01 -3.123733e-03 6.617351e-03 5.026563e+00 3.098224e-03 9.999877e-01 3.861484e-03 -2.787559e-01 -6.629352e-03 -3.840882e-03 9.999706e-01 -8.575039e+00
9.998584e-01 1.099497e-03 -1.679330e-02 5.510721e+00 -1.144011e-03 9.999959e-01 -2.641385e-03 -2.988710e-01 1.679034e-02 2.660226e-03 9.998556e-01 -8.637291e+00
9.999684e-01 -2.834216e-03 7.426206e-03 5.934098e+00 2.808757e-03 9.999902e-01 3.436446e-03 -3.161683e-01 -7.435893e-03 -3.415482e-03 9.999664e-01 -8.702934e+00
9.998779e-01 1.102437e-03 -1.558790e-02 6.328674e+00 -1.154772e-03 9.999937e-01 -3.348810e-03 -3.315809e-01 1.558414e-02 3.366405e-03 9.998730e-01 -8.767023e+00
9.999615e-01 -2.495949e-03 8.411476e-03 6.652791e+00 2.470426e-03 9.999923e-01 3.043300e-03 -3.435721e-01 -8.419030e-03 -3.022406e-03 9.999599e-01 -8.833782e+00
9.998976e-01 1.395347e-03 -1.424272e-02 6.915797e+00 -1.440488e-03 9.999940e-01 -3.159644e-03 -3.526232e-01 1.423825e-02 3.179841e-03 9.998937e-01 -8.857673e+00
9.999389e-01 -1.413180e-03 1.096353e-02 6.856728e+00 1.387576e-03 9.999963e-01 2.342573e-03 -3.484388e-01 -1.096683e-02 -2.327221e-03 9.999371e-01 -8.907619e+00
9.998660e-01 1.045692e-03 -1.633811e-02 6.860420e+00 -1.094656e-03 9.999949e-01 -2.988277e-03 -3.492196e-01 1.633493e-02 3.005765e-03 9.998622e-01 -8.982695e+00
9.999632e-01 -2.301142e-03 8.258530e-03 7.105917e+00 2.271286e-03 9.999909e-01 3.622720e-03 -3.603536e-01 -8.266816e-03 -3.603833e-03 9.999592e-01 -9.047116e+00
9.998831e-01 1.225489e-03 -1.524393e-02 7.252542e+00 -1.281699e-03 9.999924e-01 -3.678171e-03 -3.665706e-01 1.523934e-02 3.697282e-03 9.998771e-01 -9.156213e+00
9.999139e-01 -5.735712e-04 1.311229e-02 6.886942e+00 5.583350e-04 9.999992e-01 1.165573e-03 -3.537623e-01 -1.311298e-02 -1.158155e-03 9.999133e-01 -9.192599e+00
9.998951e-01 1.388387e-03 -1.441782e-02 6.467724e+00 -1.450816e-03 9.999896e-01 -4.320428e-03 -3.403688e-01 1.441169e-02 4.340896e-03 9.998868e-01 -9.162093e+00
9.999192e-01 -5.676691e-04 1.269899e-02 6.099493e+00 5.496896e-04 9.999988e-01 1.419223e-03 -3.295763e-01 -1.269980e-02 -1.412132e-03 9.999183e-01 -9.072986e+00
9.998866e-01 1.863455e-03 -1.494354e-02 5.493848e+00 -1.956188e-03 9.999789e-01 -6.193394e-03 -3.125295e-01 1.493171e-02 6.221929e-03 9.998693e-01 -8.965161e+00
9.999141e-01 -9.456160e-04 1.307230e-02 5.105234e+00 9.054364e-04 9.999948e-01 3.079167e-03 -3.008052e-01 -1.307517e-02 -3.067072e-03 9.999097e-01 -8.883634e+00
9.998920e-01 1.592371e-03 -1.461296e-02 4.873876e+00 -1.662589e-03 9.999871e-01 -4.794352e-03 -2.924716e-01 1.460516e-02 4.818135e-03 9.998818e-01 -8.855245e+00
9.999166e-01 -8.318612e-04 1.288762e-02 4.555678e+00 8.034435e-04 9.999972e-01 2.209990e-03 -2.834684e-01 -1.288945e-02 -2.199457e-03 9.999144e-01 -8.751956e+00
9.998873e-01 1.837014e-03 -1.489901e-02 4.151902e+00 -1.917994e-03 9.999835e-01 -5.422842e-03 -2.724809e-01 1.488883e-02 5.450813e-03 9.998744e-01 -8.629586e+00
9.999159e-01 -9.652771e-04 1.293141e-02 3.819231e+00 9.282934e-04 9.999955e-01 2.865616e-03 -2.630885e-01 -1.293414e-02 -2.853377e-03 9.999122e-01 -8.539793e+00
9.998904e-01 1.775982e-03 -1.469514e-02 3.533315e+00 -1.848844e-03 9.999861e-01 -4.946181e-03 -2.553445e-01 1.468618e-02 4.972814e-03 9.998799e-01 -8.447340e+00
9.999136e-01 -1.037012e-03 1.310185e-02 3.217687e+00 1.003999e-03 9.999963e-01 2.526010e-03 -2.474060e-01 -1.310445e-02 -2.512644e-03 9.999109e-01 -8.314821e+00
9.998881e-01 1.919506e-03 -1.483424e-02 2.783556e+00 -2.006834e-03 9.999807e-01 -5.874332e-03 -2.397180e-01 1.482271e-02 5.903452e-03 9.998728e-01 -8.053971e+00
9.999095e-01 -1.182721e-03 1.340261e-02 2.438879e+00 1.137848e-03 9.999937e-01 3.355172e-03 -2.330985e-01 -1.340652e-02 -3.339626e-03 9.999045e-01 -7.850735e+00
9.998761e-01 2.290260e-03 -1.557508e-02 1.944373e+00 -2.398671e-03 9.999730e-01 -6.945499e-03 -2.259643e-01 1.555878e-02 6.982006e-03 9.998547e-01 -7.495710e+00
9.998957e-01 -1.624001e-03 1.435434e-02 1.574745e+00 1.561083e-03 9.999891e-01 4.393268e-03 -2.226871e-01 -1.436135e-02 -4.370409e-03 9.998872e-01 -7.135799e+00
9.998603e-01 2.601179e-03 -1.651051e-02 1.091090e+00 -2.732440e-03 9.999648e-01 -7.932657e-03 -2.144628e-01 1.648932e-02 7.976671e-03 9.998323e-01 -6.839606e+00
9.998801e-01 -2.073882e-03 1.534507e-02 7.655064e-01 1.986055e-03 9.999816e-01 5.736385e-03 -2.097492e-01 -1.535671e-02 -5.705229e-03 9.998657e-01 -6.589161e+00
9.998558e-01 2.473791e-03 -1.679879e-02 5.682848e-01 -2.590418e-03 9.999727e-01 -6.924421e-03 -2.072010e-01 1.678123e-02 6.966947e-03 9.998350e-01 -6.445085e+00
9.999188e-01 -2.488261e-03 1.249841e-02 5.155241e-01 2.411163e-03 9.999780e-01 6.179805e-03 -2.096507e-01 -1.251354e-02 -6.149177e-03 9.999027e-01 -6.396561e+00
9.998594e-01 2.687337e-03 -1.655117e-02 4.574808e-01 -2.799561e-03 9.999732e-01 -6.761072e-03 -2.128496e-01 1.653258e-02 6.806466e-03 9.998403e-01 -6.310986e+00
9.999107e-01 -2.826694e-03 1.306421e-02 3.802245e-01 2.745633e-03 9.999769e-01 6.218435e-03 -2.166682e-01 -1.308151e-02 -6.182019e-03 9.998952e-01 -6.220830e+00
9.997752e-01 1.192124e-03 -2.116747e-02 7.892146e-01 -1.277816e-03 9.999910e-01 -4.035314e-03 -2.379118e-01 2.116250e-02 4.061464e-03 9.997679e-01 -6.208068e+00
9.999057e-01 -2.651175e-03 1.347075e-02 1.149564e+00 2.572842e-03 9.999797e-01 5.828959e-03 -2.568494e-01 -1.348596e-02 -5.793760e-03 9.998922e-01 -6.178514e+00
9.998592e-01 2.283740e-03 -1.662252e-02 1.198781e+00 -2.377087e-03 9.999815e-01 -5.598175e-03 -2.643434e-01 1.660946e-02 5.636909e-03 9.998463e-01 -6.056738e+00
9.998825e-01 -1.974771e-03 1.520253e-02 1.001580e+00 1.909225e-03 9.999888e-01 4.324773e-03 -2.626955e-01 -1.521093e-02 -4.295248e-03 9.998750e-01 -5.871196e+00
9.998556e-01 2.227063e-03 -1.684953e-02 8.427795e-01 -2.314883e-03 9.999838e-01 -5.194409e-03 -2.649545e-01 1.683772e-02 5.232672e-03 9.998446e-01 -5.631208e+00
9.999077e-01 -2.411386e-03 1.337216e-02 8.683974e-01 2.340963e-03 9.999833e-01 5.279420e-03 -2.759856e-01 -1.338470e-02 -5.247637e-03 9.998966e-01 -5.405384e+00
9.998190e-01 3.660684e-04 -1.902414e-02 1.498618e+00 -4.335517e-04 9.999936e-01 -3.543307e-03 -3.088096e-01 1.902276e-02 3.550922e-03 9.998128e-01 -5.115486e+00
9.998621e-01 -1.567739e-03 1.653053e-02 1.833306e+00 1.494962e-03 9.999891e-01 4.413959e-03 -3.276393e-01 -1.653730e-02 -4.388646e-03 9.998535e-01 -4.872982e+00
9.998373e-01 1.015969e-03 -1.800869e-02 2.114698e+00 -1.077853e-03 9.999935e-01 -3.427066e-03 -3.449650e-01 1.800512e-02 3.445928e-03 9.998321e-01 -4.571693e+00
9.999232e-01 -3.141557e-03 1.198511e-02 2.590351e+00 3.087009e-03 9.999848e-01 4.566963e-03 -3.651130e-01 -1.199931e-02 -4.529623e-03 9.999176e-01 -4.502301e+00
9.999113e-01 3.463977e-03 -1.285859e-02 2.341671e+00 -3.543410e-03 9.999747e-01 -6.159898e-03 -3.596611e-01 1.283696e-02 6.204923e-03 9.998984e-01 -4.392136e+00
9.999446e-01 -4.878769e-03 9.323832e-03 2.659184e+00 4.818363e-03 9.999673e-01 6.489995e-03 -3.822533e-01 -9.355224e-03 -6.444718e-03 9.999354e-01 -4.037052e+00
9.998837e-01 2.296704e-03 -1.507814e-02 3.374085e+00 -2.381435e-03 9.999815e-01 -5.603945e-03 -4.185251e-01 1.506503e-02 5.639209e-03 9.998707e-01 -3.678530e+00
9.999528e-01 -6.657433e-03 7.082498e-03 4.600575e+00 6.608884e-03 9.999547e-01 6.856123e-03 -4.721175e-01 -7.127856e-03 -6.808999e-03 9.999513e-01 -3.332530e+00
9.999231e-01 4.109105e-03 -1.170273e-02 5.333243e+00 -4.178563e-03 9.999738e-01 -5.916999e-03 -5.057619e-01 1.167815e-02 5.965452e-03 9.999141e-01 -3.022602e+00
9.999311e-01 -4.599441e-03 1.080206e-02 5.412338e+00 4.533878e-03 9.999712e-01 6.086000e-03 -5.124288e-01 -1.082977e-02 -6.036613e-03 9.999230e-01 -2.858189e+00
9.999441e-01 4.581045e-03 -9.529682e-03 5.396434e+00 -4.643106e-03 9.999681e-01 -6.500603e-03 -5.196532e-01 9.499634e-03 6.544495e-03 9.999336e-01 -2.514747e+00
9.999487e-01 -4.365148e-03 9.136794e-03 5.214915e+00 4.317405e-03 9.999770e-01 5.238482e-03 -5.169787e-01 -9.159486e-03 -5.198774e-03 9.999444e-01 -2.354188e+00
9.999373e-01 3.242438e-03 -1.072120e-02 5.370796e+00 -3.299708e-03 9.999804e-01 -5.328542e-03 -5.269787e-01 1.070375e-02 5.363592e-03 9.999284e-01 -2.163067e+00
9.999759e-01 -6.946035e-03 -1.314181e-04 6.362575e+00 6.946827e-03 9.999475e-01 7.539034e-03 -5.581996e-01 7.900772e-05 -7.539773e-03 9.999715e-01 -2.283852e+00
9.999590e-01 3.606217e-03 -8.300646e-03 7.231397e+00 -3.660432e-03 9.999720e-01 -6.525675e-03 -5.934780e-01 8.276918e-03 6.555799e-03 9.999444e-01 -2.133699e+00
9.999618e-01 -3.511058e-03 8.001138e-03 7.200403e+00 3.462054e-03 9.999752e-01 6.130017e-03 -5.998037e-01 -8.022501e-03 -6.102090e-03 9.999491e-01 -1.816678e+00
9.999545e-01 3.711953e-03 -8.782876e-03 7.052881e+00 -3.774282e-03 9.999677e-01 -7.090891e-03 -5.980227e-01 8.756310e-03 7.123726e-03 9.999364e-01 -1.663569e+00
9.999597e-01 -3.502413e-03 8.270866e-03 6.930698e+00 3.449419e-03 9.999735e-01 6.412651e-03 -5.981474e-01 -8.293144e-03 -6.383870e-03 9.999451e-01 -1.460003e+00
9.999574e-01 3.919171e-03 -8.361154e-03 6.750934e+00 -3.980918e-03 9.999648e-01 -7.381330e-03 -6.025227e-01 8.331969e-03 7.414308e-03 9.999379e-01 -1.022176e+00
9.999588e-01 -3.533471e-03 8.358065e-03 6.555333e+00 3.483440e-03 9.999760e-01 5.992700e-03 -6.052187e-01 -8.379077e-03 -5.963346e-03 9.999470e-01 -6.351511e-01
9.999375e-01 3.551641e-03 -1.059817e-02 6.593606e+00 -3.618211e-03 9.999738e-01 -6.268900e-03 -6.203799e-01 1.057567e-02 6.306863e-03 9.999243e-01 -2.012778e-01
9.999714e-01 -5.889042e-03 4.743586e-03 7.302449e+00 5.856286e-03 9.999591e-01 6.889419e-03 -6.596078e-01 -4.784002e-03 -6.861450e-03 9.999649e-01 2.840050e-01
9.999654e-01 6.073842e-03 -5.682792e-03 7.189291e+00 -6.117624e-03 9.999515e-01 -7.719229e-03 -6.660180e-01 5.635670e-03 7.753735e-03 9.999542e-01 6.029070e-01
9.999748e-01 -6.417297e-03 3.044340e-03 7.252506e+00 6.394586e-03 9.999521e-01 7.411570e-03 -6.762680e-01 -3.091796e-03 -7.391924e-03 9.999678e-01 8.285881e-01
9.999455e-01 3.072607e-03 -9.978640e-03 8.036222e+00 -3.139913e-03 9.999724e-01 -6.736463e-03 -7.113615e-01 9.957706e-03 6.767436e-03 9.999276e-01 1.032206e+00
9.999769e-01 -6.790129e-03 2.121314e-04 8.849956e+00 6.788215e-03 9.999450e-01 7.992464e-03 -7.459699e-01 -2.664302e-04 -7.990847e-03 9.999679e-01 1.039245e+00
9.999715e-01 5.151155e-03 -5.528652e-03 8.956682e+00 -5.199440e-03 9.999482e-01 -8.755317e-03 -7.558367e-01 5.483306e-03 8.783820e-03 9.999465e-01 9.793854e-01
9.999727e-01 -4.883681e-03 5.551169e-03 8.748273e+00 4.843266e-03 9.999618e-01 7.270393e-03 -7.580350e-01 -5.586504e-03 -7.243316e-03 9.999581e-01 1.323795e+00
9.999679e-01 5.258853e-03 -6.039844e-03 8.480254e+00 -5.313158e-03 9.999453e-01 -9.010941e-03 -7.526916e-01 5.992168e-03 9.042750e-03 9.999413e-01 1.426316e+00
9.999753e-01 -5.680587e-03 4.131167e-03 8.253264e+00 5.648016e-03 9.999532e-01 7.853166e-03 -7.451652e-01 -4.175625e-03 -7.829647e-03 9.999605e-01 1.196035e+00
9.999637e-01 5.411219e-03 -6.582812e-03 8.150811e+00 -5.465762e-03 9.999506e-01 -8.296348e-03 -7.441928e-01 6.537635e-03 8.332035e-03 9.999440e-01 1.155529e+00
9.999726e-01 -5.030270e-03 5.433319e-03 7.853204e+00 4.995133e-03 9.999667e-01 6.460839e-03 -7.384195e-01 -5.465679e-03 -6.433530e-03 9.999643e-01 1.280204e+00
9.999588e-01 5.241447e-03 -7.406389e-03 7.737482e+00 -5.294128e-03 9.999607e-01 -7.111609e-03 -7.370619e-01 7.368865e-03 7.150535e-03 9.999474e-01 1.307690e+00
9.999791e-01 -6.070342e-03 2.223963e-03 7.850445e+00 6.052841e-03 9.999513e-01 7.792377e-03 -7.447869e-01 -2.271199e-03 -7.778761e-03 9.999671e-01 1.270085e+00
9.999524e-01 5.169772e-03 -8.280395e-03 8.004853e+00 -5.226927e-03 9.999626e-01 -6.895934e-03 -7.572465e-01 8.244477e-03 6.938894e-03 9.999420e-01 1.320348e+00
9.999778e-01 -5.225745e-03 4.142118e-03 7.868582e+00 5.200256e-03 9.999676e-01 6.140171e-03 -7.589321e-01 -4.174114e-03 -6.118503e-03 9.999725e-01 1.284685e+00
9.999584e-01 4.488144e-03 -7.947377e-03 7.762508e+00 -4.538504e-03 9.999697e-01 -6.330343e-03 -7.582437e-01 7.918767e-03 6.366157e-03 9.999485e-01 1.033904e+00
9.999723e-01 -4.809556e-03 5.684965e-03 7.544441e+00 4.779190e-03 9.999743e-01 5.342618e-03 -7.524418e-01 -5.710558e-03 -5.315309e-03 9.999695e-01 8.282968e-01
9.999617e-01 4.511065e-03 -7.500665e-03 7.333951e+00 -4.557360e-03 9.999706e-01 -6.166787e-03 -7.451984e-01 7.472669e-03 6.200743e-03 9.999529e-01 5.891933e-01
9.999800e-01 -4.842673e-03 4.055593e-03 7.324543e+00 4.817559e-03 9.999693e-01 6.179032e-03 -7.443855e-01 -4.085436e-03 -6.159379e-03 9.999726e-01 4.764114e-01
9.999702e-01 4.778710e-03 -6.056275e-03 7.277757e+00 -4.819001e-03 9.999662e-01 -6.655975e-03 -7.436660e-01 6.024308e-03 6.684970e-03 9.999596e-01 5.219062e-01
9.999812e-01 -4.532179e-03 4.119305e-03 7.054090e+00 4.511526e-03 9.999773e-01 5.008663e-03 -7.367366e-01 -4.141956e-03 -4.989993e-03 9.999789e-01 4.988832e-01
9.999611e-01 3.945751e-03 -7.888227e-03 7.012611e+00 -3.987284e-03 9.999782e-01 -5.256678e-03 -7.368906e-01 7.867358e-03 5.287935e-03 9.999552e-01 3.738995e-01
9.999875e-01 -4.414768e-03 2.359303e-03 7.001954e+00 4.402943e-03 9.999778e-01 4.993100e-03 -7.390308e-01 -2.381339e-03 -4.982658e-03 9.999847e-01 2.785602e-01
9.999730e-01 4.418047e-03 -5.881184e-03 6.776838e+00 -4.457993e-03 9.999670e-01 -6.796778e-03 -7.340014e-01 5.851007e-03 6.822821e-03 9.999597e-01 1.330421e-01
9.999843e-01 -5.211650e-03 2.049067e-03 6.689165e+00 5.198098e-03 9.999650e-01 6.563112e-03 -7.319088e-01 -2.083246e-03 -6.552366e-03 9.999763e-01 -9.084355e-02
9.999774e-01 4.487469e-03 -5.008143e-03 6.499523e+00 -4.523635e-03 9.999636e-01 -7.234051e-03 -7.263225e-01 4.975544e-03 7.256551e-03 9.999614e-01 -4.235988e-01
9.999857e-01 -4.711089e-03 2.521860e-03 6.101798e+00 4.698788e-03 9.999771e-01 4.860591e-03 -7.194809e-01 -2.544748e-03 -4.848681e-03 9.999849e-01 -6.081212e-01
9.999789e-01 5.442427e-03 -3.550105e-03 5.545639e+00 -5.472808e-03 9.999480e-01 -8.605487e-03 -7.104407e-01 3.503132e-03 8.624744e-03 9.999568e-01 -7.047020e-01
9.999861e-01 -4.680655e-03 2.409504e-03 5.039262e+00 4.668401e-03 9.999763e-01 5.065200e-03 -6.999484e-01 -2.433202e-03 -5.053891e-03 9.999842e-01 -5.539376e-01
9.999813e-01 5.251703e-03 -3.143215e-03 4.698555e+00 -5.275820e-03 9.999563e-01 -7.714832e-03 -7.022590e-01 3.102608e-03 7.731281e-03 9.999654e-01 -7.942897e-02
9.999870e-01 -5.019143e-03 8.471352e-04 4.602389e+00 5.013055e-03 9.999627e-01 7.038763e-03 -7.100776e-01 -8.824790e-04 -7.034435e-03 9.999748e-01 1.687461e-01
9.999706e-01 4.653383e-03 -6.100583e-03 4.700586e+00 -4.693448e-03 9.999674e-01 -6.570018e-03 -7.157899e-01 6.069859e-03 6.598467e-03 9.999599e-01 1.646768e-01
9.999751e-01 -4.321217e-03 5.570541e-03 4.533022e+00 4.290079e-03 9.999752e-01 5.589110e-03 -7.176737e-01 -5.594602e-03 -5.565083e-03 9.999688e-01 4.827330e-01
9.999673e-01 4.431754e-03 -6.760199e-03 4.438149e+00 -4.471614e-03 9.999726e-01 -5.892924e-03 -7.224597e-01 6.733945e-03 5.922970e-03 9.999599e-01 7.681508e-01
9.999775e-01 -3.927271e-03 5.440700e-03 3.990618e+00 3.910558e-03 9.999876e-01 3.078661e-03 -7.134949e-01 -5.452771e-03 -3.057326e-03 9.999804e-01 8.660214e-01
9.999681e-01 4.773810e-03 -6.402104e-03 3.219489e+00 -4.826906e-03 9.999539e-01 -8.304345e-03 -6.978426e-01 6.362213e-03 8.334993e-03 9.999451e-01 1.101061e+00
9.999801e-01 -4.205212e-03 4.692289e-03 2.777483e+00 4.178601e-03 9.999752e-01 5.666037e-03 -6.930442e-01 -4.716047e-03 -5.646329e-03 9.999728e-01 1.216963e+00
9.999667e-01 4.765564e-03 -6.620362e-03 2.330617e+00 -4.822684e-03 9.999511e-01 -8.639315e-03 -6.897849e-01 6.578915e-03 8.670967e-03 9.999409e-01 1.491048e+00
9.999780e-01 -3.815351e-03 5.431053e-03 1.768609e+00 3.790028e-03 9.999819e-01 4.664681e-03 -6.761083e-01 -5.448801e-03 -4.644006e-03 9.999743e-01 1.527228e+00
9.999686e-01 4.743552e-03 -6.354869e-03 1.228211e+00 -4.797741e-03 9.999520e-01 -8.539787e-03 -6.604337e-01 6.314103e-03 8.570020e-03 9.999434e-01 1.500038e+00
9.999798e-01 -4.383343e-03 4.601881e-03 9.011193e-01 4.355581e-03 9.999724e-01 6.024732e-03 -6.501789e-01 -4.628211e-03 -6.004579e-03 9.999712e-01 1.384110e+00
9.999314e-01 3.458512e-03 -1.118904e-02 1.038568e+00 -3.515424e-03 9.999810e-01 -5.071062e-03 -6.555275e-01 1.117134e-02 5.110061e-03 9.999246e-01 1.231156e+00
9.999559e-01 -4.240750e-03 8.384027e-03 8.229088e-01 4.205861e-03 9.999824e-01 4.174274e-03 -6.487088e-01 -8.401631e-03 -4.138840e-03 9.999560e-01 9.149940e-01
9.999169e-01 4.209457e-03 -1.218829e-02 7.780733e-01 -4.265400e-03 9.999805e-01 -4.567784e-03 -6.490469e-01 1.216888e-02 4.619405e-03 9.999154e-01 9.105703e-01
9.999323e-01 -3.755267e-03 1.101091e-02 5.313477e-01 3.722548e-03 9.999886e-01 2.990167e-03 -6.443465e-01 -1.102207e-02 -2.948988e-03 9.999348e-01 1.036726e+00
9.999159e-01 4.181000e-03 -1.228005e-02 2.959449e-01 -4.235832e-03 9.999812e-01 -4.442770e-03 -6.412501e-01 1.226129e-02 4.494425e-03 9.999148e-01 1.207375e+00
9.999407e-01 -3.905660e-03 1.016794e-02 1.627457e-01 3.866784e-03 9.999852e-01 3.839903e-03 -6.412095e-01 -1.018284e-02 -3.800371e-03 9.999408e-01 1.318868e+00
9.998984e-01 3.953530e-03 -1.369234e-02 1.335672e-01 -4.007133e-03 9.999844e-01 -3.889828e-03 -6.442446e-01 1.367680e-02 3.944313e-03 9.998988e-01 1.385535e+00
9.999109e-01 -3.421432e-03 1.290217e-02 -2.129675e-01 3.400355e-03 9.999928e-01 1.654897e-03 -6.362704e-01 -1.290779e-02 -1.610890e-03 9.999153e-01 1.423829e+00
9.998464e-01 2.947300e-03 -1.727919e-02 -1.438148e-01 -2.966375e-03 9.999950e-01 -1.078593e-03 -6.400533e-01 1.727598e-02 1.129697e-03 9.998502e-01 1.377298e+00
9.999051e-01 -3.170927e-03 1.340847e-02 -1.811031e-01 3.163318e-03 9.999948e-01 5.884327e-04 -6.416916e-01 -1.341032e-02 -5.459746e-04 9.999098e-01 1.383747e+00
9.998361e-01 2.512321e-03 -1.793012e-02 -1.058757e-02 -2.508562e-03 9.999968e-01 2.319682e-04 -6.513378e-01 1.793070e-02 -1.869383e-04 9.998393e-01 1.457682e+00
9.999501e-01 -3.796573e-03 9.242181e-03 3.162718e-01 3.780205e-03 9.999913e-01 1.787461e-03 -6.651300e-01 -9.248938e-03 -1.752447e-03 9.999556e-01 1.353571e+00
9.998387e-01 1.592568e-03 -1.788876e-02 6.109729e-01 -1.580370e-03 9.999985e-01 6.957679e-04 -6.710132e-01 1.788989e-02 -6.673724e-04 9.998398e-01 9.422252e-01
9.999599e-01 -4.404859e-03 7.801584e-03 9.354234e-01 4.391159e-03 9.999888e-01 1.771766e-03 -6.718818e-01 -7.809354e-03 -1.737449e-03 9.999679e-01 2.831951e-01
9.998268e-01 1.335917e-03 -1.856088e-02 1.186741e+00 -1.321767e-03 9.999988e-01 7.744495e-04 -6.755352e-01 1.856195e-02 -7.497703e-04 9.998275e-01 -4.148768e-01
9.999570e-01 -5.545723e-03 7.434791e-03 1.274431e+00 5.528878e-03 9.999821e-01 2.283779e-03 -6.694913e-01 -7.447378e-03 -2.242586e-03 9.999697e-01 -1.560352e+00
9.997915e-01 -5.971603e-05 -2.041919e-02 1.312347e+00 8.257475e-05 9.999994e-01 1.118470e-03 -6.583246e-01 2.041917e-02 -1.119912e-03 9.997910e-01 -3.145011e+00
9.999719e-01 -6.209559e-03 4.190775e-03 1.733758e+00 6.194311e-03 9.999742e-01 3.640909e-03 -6.572985e-01 -4.213333e-03 -3.614858e-03 9.999845e-01 -4.646571e+00
9.998417e-01 1.037711e-03 -1.776546e-02 2.123818e+00 -1.028697e-03 9.999993e-01 5.163387e-04 -6.564438e-01 1.776604e-02 -4.979719e-04 9.998421e-01 -5.877523e+00
9.999778e-01 -6.174512e-03 2.495836e-03 2.602386e+00 6.164014e-03 9.999722e-01 4.190826e-03 -6.567529e-01 -2.521704e-03 -4.175358e-03 9.999880e-01 -7.123466e+00
9.998520e-01 9.334199e-04 -1.717818e-02 3.110808e+00 -9.332383e-04 9.999996e-01 1.842158e-05 -6.541916e-01 1.717825e-02 -2.378906e-06 9.998525e-01 -8.396316e+00
9.999739e-01 -4.392366e-03 5.734663e-03 3.588279e+00 4.378190e-03 9.999873e-01 2.481673e-03 -6.650731e-01 -5.745553e-03 -2.456509e-03 9.999804e-01 -8.990715e+00
9.998570e-01 1.811655e-03 -1.681500e-02 4.160503e+00 -1.814271e-03 9.999983e-01 -1.405063e-04 -6.828285e-01 1.681478e-02 1.710012e-04 9.998587e-01 -9.249754e+00
9.999660e-01 -3.497823e-03 7.468481e-03 4.584496e+00 3.481819e-03 9.999916e-01 2.154480e-03 -6.989433e-01 -7.476018e-03 -2.128411e-03 9.999697e-01 -9.352438e+00
9.998227e-01 1.076431e-03 -1.880189e-02 5.207365e+00 -1.062812e-03 9.999992e-01 7.341484e-04 -7.189224e-01 1.880273e-02 -7.140279e-04 9.998230e-01 -9.609579e+00
9.999801e-01 -5.876378e-03 2.276281e-03 6.003463e+00 5.868248e-03 9.999764e-01 3.560828e-03 -7.366563e-01 -2.297219e-03 -3.547406e-03 9.999910e-01 -1.041416e+01
9.998210e-01 6.018050e-04 -1.891147e-02 6.664189e+00 -5.826978e-04 9.999993e-01 1.015717e-03 -7.483926e-01 1.891214e-02 -1.004509e-03 9.998207e-01 -1.142354e+01
9.999785e-01 -3.896198e-03 5.272943e-03 7.139503e+00 3.883206e-03 9.999894e-01 2.471342e-03 -7.619730e-01 -5.282585e-03 -2.450819e-03 9.999830e-01 -1.194029e+01
9.997101e-01 -1.985108e-04 -2.407663e-02 7.860799e+00 2.530442e-04 9.999974e-01 2.261877e-03 -7.823020e-01 2.407619e-02 -2.267309e-03 9.997076e-01 -1.265594e+01
9.999875e-01 -4.178571e-03 2.747340e-03 8.745095e+00 4.171788e-03 9.999882e-01 2.469167e-03 -8.117733e-01 -2.757697e-03 -2.457679e-03 9.999931e-01 -1.325614e+01
9.997377e-01 -1.122708e-03 -2.287388e-02 9.659099e+00 1.179691e-03 9.999962e-01 2.477781e-03 -8.340040e-01 2.287108e-02 -2.504111e-03 9.997354e-01 -1.415465e+01
9.999792e-01 -4.516864e-03 4.605909e-03 1.046314e+01 4.506290e-03 9.999872e-01 2.303237e-03 -8.491363e-01 -4.616327e-03 -2.282437e-03 9.999867e-01 -1.517467e+01
9.997868e-01 7.577089e-04 -2.063390e-02 1.108811e+01 -7.187450e-04 9.999979e-01 1.895631e-03 -8.653184e-01 2.063537e-02 -1.880394e-03 9.997854e-01 -1.578140e+01
9.999470e-01 -2.408851e-03 1.001203e-02 1.157062e+01 2.402017e-03 9.999969e-01 6.944747e-04 -8.841304e-01 -1.001375e-02 -6.703913e-04 9.999496e-01 -1.588480e+01
9.998339e-01 1.754543e-03 -1.814331e-02 1.184181e+01 -1.731120e-03 9.999976e-01 1.306559e-03 -8.989448e-01 1.814563e-02 -1.274931e-03 9.998346e-01 -1.584387e+01
9.999872e-01 -4.605261e-03 2.074032e-03 1.248375e+01 4.600746e-03 9.999870e-01 2.175989e-03 -9.167589e-01 -2.084104e-03 -2.166421e-03 9.999954e-01 -1.631726e+01
9.997207e-01 -7.485386e-04 -2.362364e-02 1.342147e+01 8.168864e-04 9.999955e-01 2.883644e-03 -9.362196e-01 2.362145e-02 -2.902135e-03 9.997168e-01 -1.734528e+01
9.999806e-01 -4.964359e-03 3.746928e-03 1.431439e+01 4.960226e-03 9.999871e-01 1.111248e-03 -9.658800e-01 -3.752476e-03 -1.092641e-03 9.999923e-01 -1.802682e+01
9.997272e-01 -1.299602e-04 -2.335689e-02 1.523384e+01 1.848788e-04 9.999972e-01 2.349128e-03 -1.001270e+00 2.335660e-02 -2.352805e-03 9.997245e-01 -1.860287e+01
9.999701e-01 -5.274815e-03 5.655490e-03 1.607428e+01 5.269589e-03 9.999857e-01 9.385647e-04 -1.027945e+00 -5.660442e-03 -9.087341e-04 9.999835e-01 -1.936465e+01
9.997312e-01 7.116738e-05 -2.318573e-02 1.702218e+01 -1.699261e-05 9.999973e-01 2.336756e-03 -1.055324e+00 2.318592e-02 -2.335735e-03 9.997285e-01 -2.004188e+01
9.999587e-01 -5.132886e-03 7.503229e-03 1.773891e+01 5.123507e-03 9.999861e-01 1.268727e-03 -1.075489e+00 -7.509721e-03 -1.230230e-03 9.999710e-01 -2.086599e+01
9.997542e-01 -3.373803e-04 -2.216847e-02 1.836029e+01 4.129531e-04 9.999941e-01 3.404566e-03 -1.091431e+00 2.216728e-02 -3.412885e-03 9.997485e-01 -2.173410e+01
9.999599e-01 -3.990431e-03 8.016863e-03 1.889395e+01 3.985537e-03 9.999919e-01 6.265334e-04 -1.106664e+00 -8.019383e-03 -5.945545e-04 9.999676e-01 -2.247288e+01
9.996877e-01 -8.835432e-04 -2.497361e-02 1.966612e+01 9.771823e-04 9.999925e-01 3.737621e-03 -1.125615e+00 2.497021e-02 -3.760861e-03 9.996812e-01 -2.335017e+01
9.999557e-01 -3.539895e-03 8.721261e-03 2.057337e+01 3.539049e-03 9.999937e-01 1.126832e-04 -1.151411e+00 -8.721692e-03 -8.180991e-05 9.999619e-01 -2.394875e+01
9.998162e-01 4.972522e-04 -1.916568e-02 2.131075e+01 -4.595066e-04 9.999979e-01 1.973888e-03 -1.180463e+00 1.916671e-02 -1.964722e-03 9.998144e-01 -2.404476e+01
9.999625e-01 -3.605472e-03 7.865007e-03 2.212102e+01 3.605142e-03 9.999935e-01 5.639192e-05 -1.210827e+00 -7.865247e-03 -2.803146e-05 9.999690e-01 -2.419805e+01
9.997911e-01 -4.006941e-04 -2.043865e-02 2.303790e+01 4.613427e-04 9.999955e-01 2.962833e-03 -1.245315e+00 2.043746e-02 -2.971647e-03 9.997868e-01 -2.433944e+01
9.999477e-01 -3.593141e-03 9.567346e-03 2.370181e+01 3.595777e-03 9.999935e-01 -2.580149e-04 -1.257400e+00 -9.566445e-03 2.924081e-04 9.999541e-01 -2.490378e+01
9.996702e-01 -1.110840e-03 -2.565581e-02 2.486510e+01 1.210992e-03 9.999917e-01 3.888586e-03 -1.286791e+00 2.565137e-02 -3.918377e-03 9.996633e-01 -2.546996e+01
9.999780e-01 -6.624877e-03 2.326836e-04 2.683929e+01 6.624592e-03 9.999773e-01 1.220002e-03 -1.360340e+00 -2.408516e-04 -1.218428e-03 9.999992e-01 -2.585451e+01
9.998535e-01 1.898270e-03 -1.701242e-02 2.812926e+01 -1.872179e-03 9.999970e-01 1.549665e-03 -1.406600e+00 1.701540e-02 -1.517594e-03 9.998541e-01 -2.611003e+01
9.999754e-01 -6.912994e-03 -1.148833e-03 2.943024e+01 6.915452e-03 9.999738e-01 2.145122e-03 -1.448826e+00 1.133882e-03 -2.153008e-03 9.999970e-01 -2.650146e+01
9.998050e-01 6.105541e-04 -1.973940e-02 3.109049e+01 -5.775521e-04 9.999984e-01 1.677774e-03 -1.495910e+00 1.974049e-02 -1.666053e-03 9.998038e-01 -2.707314e+01
9.999546e-01 -4.361740e-03 8.471893e-03 3.203392e+01 4.358567e-03 9.999904e-01 3.936000e-04 -1.520603e+00 -8.473622e-03 -3.566494e-04 9.999640e-01 -2.741562e+01
