9.999996e-01 -3.467158e-04 8.264577e-04 2.094298e-01 3.464084e-04 9.999999e-01 3.720205e-04 -1.211561e-02 -8.265867e-04 -3.717346e-04 9.999997e-01 2.853805e-01
9.999996e-01 1.754599e-04 -8.232618e-04 2.944106e-01 -1.756614e-04 1.000000e+00 -2.447197e-04 -1.846424e-02 8.232189e-04 2.448647e-04 9.999995e-01 5.005708e-01
9.999973e-01 -1.764141e-04 2.300257e-03 2.804429e-01 1.771075e-04 9.999999e-01 -3.012706e-04 -2.207515e-02 -2.300204e-03 3.016767e-04 9.999974e-01 7.580954e-01
9.999967e-01 4.658426e-04 -2.541887e-03 1.435014e-01 -4.685418e-04 9.999993e-01 -1.061412e-03 -2.218042e-02 2.541392e-03 1.062600e-03 9.999961e-01 1.002179e+00
9.999926e-01 -1.604519e-03 3.492162e-03 3.546606e-01 1.603537e-03 9.999987e-01 2.839558e-04 -2.771084e-02 -3.492613e-03 -2.783541e-04 9.999940e-01 1.088682e+00
9.999898e-01 3.929951e-04 -4.489080e-03 5.131712e-01 -3.985392e-04 9.999992e-01 -1.234208e-03 -3.006805e-02 4.488592e-03 1.235985e-03 9.999891e-01 1.112176e+00
9.999957e-01 5.214375e-04 2.895018e-03 2.225837e-01 -5.180558e-04 9.999992e-01 -1.168774e-03 -2.019155e-02 -2.895626e-03 1.167270e-03 9.999952e-01 1.143821e+00
9.999912e-01 -2.552578e-04 -4.189397e-03 9.752485e-02 2.543036e-04 9.999999e-01 -2.283085e-04 -1.517341e-02 4.189455e-03 2.272409e-04 9.999911e-01 1.170752e+00
9.999940e-01 -4.971645e-04 3.437851e-03 2.014777e-01 4.994956e-04 9.999996e-01 -6.772571e-04 -1.591621e-02 -3.437513e-03 6.789705e-04 9.999940e-01 1.193393e+00
9.999916e-01 -2.419290e-04 -4.093927e-03 2.708841e-01 2.417736e-04 1.000000e+00 -3.846124e-05 -1.647702e-02 4.093936e-03 3.747073e-05 9.999915e-01 1.219463e+00
9.999975e-01 2.515162e-04 2.222737e-03 2.171838e-01 -2.490453e-04 9.999994e-01 -1.111864e-03 -1.371328e-02 -2.223015e-03 1.111308e-03 9.999970e-01 1.219847e+00
9.999854e-01 -8.820139e-04 -5.333222e-03 3.953738e-01 8.877294e-04 9.999990e-01 1.069398e-03 -1.932148e-02 5.332273e-03 -1.074117e-03 9.999851e-01 1.237054e+00
9.999924e-01 9.336063e-04 3.776140e-03 3.843665e-01 -9.274309e-04 9.999982e-01 -1.636819e-03 -1.907115e-02 -3.777660e-03 1.633305e-03 9.999916e-01 1.302098e+00
9.999768e-01 -5.898682e-04 -6.779542e-03 2.074741e-01 5.912277e-04 9.999998e-01 1.985353e-04 -1.461160e-02 6.779423e-03 -2.025397e-04 9.999769e-01 1.282539e+00
9.999992e-01 -1.185770e-03 -4.039328e-04 6.944215e-01 1.186090e-03 9.999990e-01 7.915828e-04 -3.263249e-02 4.029956e-04 -7.920607e-04 9.999997e-01 1.261685e+00
9.999635e-01 -2.039882e-03 -8.296529e-03 1.523465e+00 2.043409e-03 9.999978e-01 4.166215e-04 -6.256607e-02 8.295658e-03 -4.335599e-04 9.999654e-01 1.248410e+00
9.999980e-01 9.274416e-05 1.989911e-03 2.087390e+00 -9.409920e-05 9.999998e-01 6.808696e-04 -8.369779e-02 -1.989844e-03 -6.810551e-04 9.999979e-01 1.305488e+00
9.999838e-01 -4.876540e-04 -5.676199e-03 2.060050e+00 4.795729e-04 9.999989e-01 -1.424963e-03 -8.498682e-02 5.676883e-03 1.422217e-03 9.999828e-01 1.266774e+00
9.999983e-01 -1.268352e-03 -1.354382e-03 2.427758e+00 1.271627e-03 9.999963e-01 2.419595e-03 -1.001561e-01 1.351313e-03 -2.421313e-03 9.999963e-01 1.225480e+00
9.999830e-01 -7.488737e-04 -5.779931e-03 2.868997e+00 7.417841e-04 9.999990e-01 -1.228650e-03 -1.169116e-01 5.780840e-03 1.224342e-03 9.999824e-01 1.173339e+00
9.999935e-01 -2.289861e-03 -2.796267e-03 3.566603e+00 2.298153e-03 9.999930e-01 2.965725e-03 -1.425119e-01 2.789462e-03 -2.972132e-03 9.999918e-01 1.124543e+00
9.999929e-01 -1.933465e-04 -3.771172e-03 4.140876e+00 1.868213e-04 9.999985e-01 -1.730563e-03 -1.624500e-01 3.771494e-03 1.729846e-03 9.999913e-01 1.126734e+00
9.999965e-01 -1.528176e-03 -2.174325e-03 4.427949e+00 1.533545e-03 9.999958e-01 2.469666e-03 -1.731811e-01 2.170549e-03 -2.472991e-03 9.999947e-01 1.034308e+00
9.999891e-01 -7.365441e-04 -4.614730e-03 4.792596e+00 7.304110e-04 9.999988e-01 -1.330569e-03 -1.862161e-01 4.615696e-03 1.327184e-03 9.999884e-01 8.520052e-01
9.999990e-01 -2.453110e-04 1.379777e-03 4.951415e+00 2.427882e-04 9.999983e-01 1.828301e-03 -1.944262e-01 -1.380215e-03 -1.827964e-03 9.999975e-01 9.156130e-01
9.999727e-01 -1.199640e-03 -7.288158e-03 5.238302e+00 1.197602e-03 9.999992e-01 -2.839753e-04 -2.066273e-01 7.288485e-03 2.752398e-04 9.999733e-01 8.639585e-01
9.999858e-01 6.067625e-04 5.298552e-03 5.347048e+00 -6.083271e-04 9.999998e-01 2.936676e-04 -2.110595e-01 -5.298364e-03 -2.968872e-04 9.999860e-01 9.341535e-01
9.999793e-01 -1.281884e-04 -6.429759e-03 5.104220e+00 1.146416e-04 9.999978e-01 -2.107231e-03 -2.024065e-01 6.430005e-03 2.106450e-03 9.999770e-01 9.270088e-01
9.999777e-01 2.174578e-05 6.676035e-03 5.184259e+00 -3.643100e-05 9.999976e-01 2.199576e-03 -2.103164e-01 -6.675961e-03 -2.199770e-03 9.999754e-01 1.168878e+00
9.999675e-01 3.009912e-04 -8.055085e-03 4.904757e+00 -3.335436e-04 9.999918e-01 -4.040189e-03 -1.994926e-01 8.053794e-03 4.042745e-03 9.999593e-01 1.075809e+00
9.999818e-01 -7.226883e-05 6.034908e-03 4.689843e+00 5.694804e-05 9.999968e-01 2.538826e-03 -1.906324e-01 -6.035063e-03 -2.538436e-03 9.999787e-01 9.557044e-01
9.999755e-01 7.073208e-04 -6.967453e-03 4.359243e+00 -7.418146e-04 9.999875e-01 -4.949374e-03 -1.820047e-01 6.963855e-03 4.954421e-03 9.999634e-01 1.069962e+00
9.999797e-01 -2.184764e-04 6.373119e-03 4.127738e+00 1.971717e-04 9.999944e-01 3.343347e-03 -1.787552e-01 -6.373804e-03 -3.342022e-03 9.999742e-01 1.279098e+00
9.999733e-01 1.368123e-03 -7.175604e-03 3.685251e+00 -1.416173e-03 9.999766e-01 -6.695603e-03 -1.784665e-01 7.166266e-03 6.705586e-03 9.999517e-01 1.849187e+00
9.999748e-01 -1.024054e-03 7.019306e-03 3.481456e+00 9.892109e-04 9.999872e-01 4.965573e-03 -1.768325e-01 -7.024291e-03 -4.958504e-03 9.999631e-01 2.088864e+00
9.999707e-01 2.127070e-03 -7.347680e-03 2.692948e+00 -2.206043e-03 9.999397e-01 -1.075663e-02 -1.558487e-01 7.324347e-03 1.077252e-02 9.999150e-01 2.138134e+00
9.999719e-01 -6.857635e-04 7.466097e-03 1.739208e+00 6.582374e-04 9.999930e-01 3.688654e-03 -1.311048e-01 -7.468565e-03 -3.683634e-03 9.999654e-01 2.188267e+00
9.999610e-01 2.504008e-03 -8.467730e-03 5.721432e-01 -2.608160e-03 9.999208e-01 -1.231127e-02 -1.030068e-01 8.436222e-03 1.233287e-02 9.998883e-01 2.359587e+00
9.999611e-01 -1.606744e-03 8.675032e-03 -8.561495e-02 1.539005e-03 9.999683e-01 7.809555e-03 -8.940557e-02 -8.687295e-03 -7.795896e-03 9.999320e-01 2.558842e+00
9.999557e-01 1.640267e-03 -9.269220e-03 -2.547265e-01 -1.721556e-03 9.999601e-01 -8.768688e-03 -9.196263e-02 9.254457e-03 8.784254e-03 9.999185e-01 2.844945e+00
9.999647e-01 -1.813982e-03 8.206665e-03 -6.679729e-01 1.768134e-03 9.999828e-01 5.590545e-03 -8.354363e-02 -8.216655e-03 -5.575833e-03 9.999508e-01 2.818016e+00
9.999655e-01 2.780339e-03 -7.825824e-03 -1.386416e+00 -2.864172e-03 9.999384e-01 -1.072153e-02 -6.645835e-02 7.795523e-03 1.074357e-02 9.999118e-01 2.943015e+00
9.999435e-01 -2.274292e-03 1.038574e-02 -1.434444e+00 2.170315e-03 9.999475e-01 1.001185e-02 -8.699950e-02 -1.040796e-02 -9.988738e-03 9.998960e-01 3.849492e+00
9.999892e-01 2.781308e-03 -3.721599e-03 -1.005299e+00 -2.818524e-03 9.999457e-01 -1.003236e-02 -1.401758e-01 3.693485e-03 1.004274e-02 9.999426e-01 5.638212e+00
9.999663e-01 -1.983207e-03 7.972446e-03 -6.799115e-01 1.898585e-03 9.999419e-01 1.060794e-02 -1.844455e-01 -7.993012e-03 -1.059244e-02 9.999121e-01 7.154529e+00
9.999552e-01 3.284386e-03 -8.874111e-03 -1.532178e+00 -3.432581e-03 9.998540e-01 -1.673636e-02 -1.651474e-01 8.817838e-03 1.676607e-02 9.998205e-01 7.360536e+00
9.999609e-01 -2.461147e-03 8.498223e-03 -2.031469e+00 2.348872e-03 9.999102e-01 1.319637e-02 -1.537551e-01 -8.529929e-03 -1.317589e-02 9.998769e-01 7.398125e+00
9.999199e-01 1.310465e-03 -1.259067e-02 -1.977543e+00 -1.490547e-03 9.998966e-01 -1.430409e-02 -1.578601e-01 1.257061e-02 1.432170e-02 9.998183e-01 7.395101e+00
9.999425e-01 -1.710814e-04 1.072627e-02 -2.586021e+00 6.508949e-05 9.999512e-01 9.881133e-03 -1.436956e-01 -1.072743e-02 -9.879860e-03 9.998937e-01 7.591842e+00
9.999274e-01 1.063851e-03 -1.200516e-02 -3.219333e+00 -1.237055e-03 9.998951e-01 -1.442922e-02 -1.298658e-01 1.198854e-02 1.444302e-02 9.998237e-01 7.802338e+00
9.999430e-01 -2.003748e-04 1.067624e-02 -3.699180e+00 8.420120e-05 9.999408e-01 1.088089e-02 -1.221617e-01 -1.067778e-02 -1.087936e-02 9.998839e-01 8.118155e+00
9.999313e-01 1.206586e-03 -1.165830e-02 -4.119323e+00 -1.370589e-03 9.999001e-01 -1.406973e-02 -1.204717e-01 1.164015e-02 1.408474e-02 9.998329e-01 8.618938e+00
9.999377e-01 -4.231412e-04 1.115832e-02 -4.486701e+00 2.976234e-04 9.999367e-01 1.124810e-02 -1.202400e-01 -1.116237e-02 -1.124407e-02 9.998746e-01 9.119152e+00
9.999287e-01 1.538501e-03 -1.184169e-02 -4.971235e+00 -1.715509e-03 9.998867e-01 -1.495226e-02 -1.216371e-01 1.181733e-02 1.497151e-02 9.998180e-01 9.814310e+00
9.999131e-01 -3.609446e-04 1.317498e-02 -5.343828e+00 1.969964e-04 9.999226e-01 1.244312e-02 -1.356908e-01 -1.317844e-02 -1.243944e-02 9.998359e-01 1.086590e+01
9.999802e-01 7.363899e-04 -6.254783e-03 -5.061836e+00 -8.179469e-04 9.999146e-01 -1.304656e-02 -1.810654e-01 6.244633e-03 1.305141e-02 9.998952e-01 1.251724e+01
9.999426e-01 5.758009e-04 1.070250e-02 -5.041405e+00 -7.110002e-04 9.999199e-01 1.263303e-02 -2.132541e-01 -1.069436e-02 -1.263991e-02 9.998630e-01 1.397206e+01
9.999498e-01 6.298689e-05 -1.001762e-02 -5.334762e+00 -2.078652e-04 9.998954e-01 -1.446194e-02 -2.208543e-01 1.001565e-02 1.446329e-02 9.998451e-01 1.467116e+01
9.999460e-01 7.401457e-05 1.038987e-02 -5.490623e+00 -2.131356e-04 9.999103e-01 1.338963e-02 -2.244759e-01 -1.038794e-02 -1.339111e-02 9.998565e-01 1.505611e+01
9.999536e-01 2.804330e-04 -9.630584e-03 -5.695127e+00 -4.218169e-04 9.998921e-01 -1.468180e-02 -2.299050e-01 9.625420e-03 1.468518e-02 9.998457e-01 1.557767e+01
9.999476e-01 5.253292e-04 1.022808e-02 -6.020730e+00 -6.528318e-04 9.999221e-01 1.246664e-02 -2.351406e-01 -1.022072e-02 -1.247265e-02 9.998701e-01 1.623771e+01
9.999409e-01 3.782630e-04 -1.086204e-02 -6.460940e+00 -5.496507e-04 9.998753e-01 -1.577991e-02 -2.357034e-01 1.085471e-02 1.578494e-02 9.998164e-01 1.684329e+01
9.999430e-01 5.053085e-04 1.066549e-02 -6.861598e+00 -6.449889e-04 9.999140e-01 1.309716e-02 -2.403301e-01 -1.065795e-02 -1.310328e-02 9.998574e-01 1.755111e+01
9.999489e-01 2.712772e-04 -1.010997e-02 -7.156436e+00 -4.215658e-04 9.998894e-01 -1.486620e-02 -2.488234e-01 1.010481e-02 1.486969e-02 9.998383e-01 1.829070e+01
9.999229e-01 7.467565e-04 1.239453e-02 -7.257659e+00 -9.236656e-04 9.998977e-01 1.427361e-02 -2.710750e-01 -1.238260e-02 -1.428395e-02 9.998214e-01 1.940259e+01
9.999257e-01 -1.616212e-04 -1.219107e-02 -7.563883e+00 -3.784587e-05 9.998662e-01 -1.635971e-02 -2.752657e-01 1.219207e-02 1.635894e-02 9.997917e-01 1.999180e+01
9.999274e-01 6.715798e-04 1.202880e-02 -7.870456e+00 -8.415053e-04 9.998999e-01 1.412712e-02 -2.755564e-01 -1.201810e-02 -1.413620e-02 9.998280e-01 2.042555e+01
9.999578e-01 -2.553491e-04 -9.187647e-03 -8.070170e+00 1.111418e-04 9.998769e-01 -1.569284e-02 -2.884378e-01 9.190516e-03 1.569114e-02 9.998345e-01 2.124922e+01
9.999372e-01 5.557841e-04 1.119628e-02 -8.218761e+00 -7.176393e-04 9.998952e-01 1.445737e-02 -2.991961e-01 -1.118707e-02 -1.446449e-02 9.998329e-01 2.192382e+01
9.999469e-01 -4.709452e-04 -1.029592e-02 -8.420741e+00 3.060362e-04 9.998717e-01 -1.601261e-02 -3.032600e-01 1.030213e-02 1.600859e-02 9.998187e-01 2.238394e+01
9.999310e-01 4.421190e-04 1.173908e-02 -8.509046e+00 -6.218391e-04 9.998826e-01 1.531037e-02 -3.081776e-01 -1.173093e-02 -1.531660e-02 9.998140e-01 2.275664e+01
9.999351e-01 -3.723103e-04 -1.138800e-02 -8.650924e+00 1.849872e-04 9.998647e-01 -1.644578e-02 -3.107513e-01 1.139257e-02 1.644259e-02 9.997998e-01 2.308714e+01
9.999239e-01 2.145324e-04 1.233563e-02 -8.675440e+00 -4.141091e-04 9.998690e-01 1.617864e-02 -3.209898e-01 -1.233053e-02 -1.618251e-02 9.997931e-01 2.355339e+01
9.999364e-01 -2.569726e-04 -1.127551e-02 -8.621644e+00 7.711008e-05 9.998728e-01 -1.594912e-02 -3.388088e-01 1.127817e-02 1.594723e-02 9.998091e-01 2.418635e+01
9.999395e-01 -2.217536e-04 1.099805e-02 -8.310590e+00 3.434543e-05 9.998549e-01 1.703744e-02 -3.629597e-01 -1.100022e-02 -1.703602e-02 9.997945e-01 2.471080e+01
9.999584e-01 -3.695683e-05 -9.121668e-03 -8.005027e+00 -1.117296e-04 9.998672e-01 -1.629928e-02 -3.903026e-01 9.121051e-03 1.629961e-02 9.998254e-01 2.547358e+01
9.999356e-01 6.608518e-05 1.134702e-02 -7.798990e+00 -2.605895e-04 9.998531e-01 1.714086e-02 -4.184072e-01 -1.134421e-02 -1.714271e-02 9.997888e-01 2.635817e+01
9.999556e-01 2.138404e-04 -9.424387e-03 -7.869963e+00 -3.817772e-04 9.998411e-01 -1.782116e-02 -4.331187e-01 9.419072e-03 1.782396e-02 9.997967e-01 2.709624e+01
9.999425e-01 7.192241e-05 1.072231e-02 -7.986935e+00 -2.546795e-04 9.998547e-01 1.704423e-02 -4.415634e-01 -1.071952e-02 -1.704597e-02 9.997973e-01 2.764382e+01
9.999450e-01 3.324465e-05 -1.049155e-02 -8.121772e+00 -2.206150e-04 9.998405e-01 -1.785849e-02 -4.456180e-01 1.048928e-02 1.785981e-02 9.997854e-01 2.802594e+01
9.999432e-01 -6.779203e-05 1.065546e-02 -8.237445e+00 -1.163285e-04 9.998507e-01 1.727794e-02 -4.502814e-01 -1.065503e-02 -1.727818e-02 9.997940e-01 2.838819e+01
9.999307e-01 1.888516e-05 -1.177188e-02 -8.317990e+00 -2.267504e-04 9.998441e-01 -1.765667e-02 -4.560679e-01 1.176970e-02 1.765811e-02 9.997747e-01 2.871299e+01
9.999508e-01 -4.239722e-05 9.923285e-03 -8.247009e+00 -1.412084e-04 9.998288e-01 1.850112e-02 -4.711785e-01 -9.922365e-03 -1.850160e-02 9.997797e-01 2.917009e+01
9.999515e-01 2.156454e-04 -9.841417e-03 -8.292308e+00 -3.989979e-04 9.998263e-01 -1.863252e-02 -4.837231e-01 9.835683e-03 1.863553e-02 9.997779e-01 2.974368e+01
9.999491e-01 -7.944367e-04 1.005650e-02 -8.097974e+00 6.027345e-04 9.998183e-01 1.905127e-02 -4.981764e-01 -1.006980e-02 -1.904423e-02 9.997680e-01 3.011809e+01
9.998772e-01 -1.010538e-03 -1.564167e-02 -7.683764e+00 7.392903e-04 9.998494e-01 -1.733740e-02 -5.163325e-01 1.565683e-02 1.732370e-02 9.997272e-01 3.020788e+01
9.999585e-01 -1.506418e-03 8.979588e-03 -7.137364e+00 1.329982e-03 9.998066e-01 1.962226e-02 -5.411714e-01 -9.007402e-03 -1.960950e-02 9.997672e-01 3.029652e+01
9.998413e-01 -7.819738e-04 -1.780029e-02 -6.519638e+00 4.792980e-04 9.998553e-01 -1.700189e-02 -5.691756e-01 1.781100e-02 1.699065e-02 9.996969e-01 3.038402e+01
9.999323e-01 -1.047042e-03 1.158788e-02 -6.165576e+00 8.274592e-04 9.998203e-01 1.893799e-02 -5.888768e-01 -1.160562e-02 -1.892711e-02 9.997536e-01 3.050121e+01
9.998360e-01 -6.882644e-04 -1.809915e-02 -5.770306e+00 3.857852e-04 9.998603e-01 -1.671050e-02 -6.106012e-01 1.810812e-02 1.670077e-02 9.996964e-01 3.061817e+01
9.999574e-01 -2.161435e-03 8.969696e-03 -5.057779e+00 1.980889e-03 9.997962e-01 2.008882e-02 -6.429348e-01 -9.011278e-03 -2.007018e-02 9.997581e-01 3.069101e+01
9.997915e-01 -9.851470e-04 -2.039345e-02 -4.472978e+00 6.442087e-04 9.998600e-01 -1.671784e-02 -6.681437e-01 2.040706e-02 1.670121e-02 9.996522e-01 3.049762e+01
9.999260e-01 -1.584827e-03 1.206056e-02 -4.077521e+00 1.354509e-03 9.998170e-01 1.908108e-02 -6.860142e-01 -1.208858e-02 -1.906333e-02 9.997453e-01 3.037458e+01
9.998458e-01 -5.295521e-04 -1.755500e-02 -3.443490e+00 2.311320e-04 9.998555e-01 -1.699681e-02 -7.163388e-01 1.756145e-02 1.699012e-02 9.997013e-01 3.059999e+01
9.999248e-01 -1.901152e-03 1.211482e-02 -2.744124e+00 1.670932e-03 9.998184e-01 1.898504e-02 -7.492822e-01 -1.214870e-02 -1.896336e-02 9.997465e-01 3.085881e+01
9.998323e-01 -3.667321e-04 -1.831184e-02 -2.033403e+00 6.288615e-05 9.998624e-01 -1.659066e-02 -7.832396e-01 1.831539e-02 1.658672e-02 9.996946e-01 3.112762e+01
9.998904e-01 -2.211903e-04 1.480526e-02 -1.989078e+00 -2.471415e-05 9.998621e-01 1.660707e-02 -7.903520e-01 -1.480688e-02 -1.660560e-02 9.997526e-01 3.128218e+01
9.998775e-01 6.236472e-04 -1.564220e-02 -2.396686e+00 -9.266556e-04 9.998119e-01 -1.937143e-02 -7.823032e-01 1.562716e-02 1.938354e-02 9.996899e-01 3.148306e+01
9.999439e-01 -2.891270e-03 1.018530e-02 -1.839281e+00 2.678664e-03 9.997795e-01 2.082600e-02 -8.078779e-01 -1.024325e-02 -2.079754e-02 9.997313e-01 3.165123e+01
9.998506e-01 1.904517e-04 -1.728305e-02 -1.203887e+00 -5.219197e-04 9.998160e-01 -1.917628e-02 -8.231810e-01 1.727620e-02 1.918243e-02 9.996666e-01 3.145327e+01
9.999087e-01 -1.734568e-03 1.340257e-02 -9.242722e-01 1.462796e-03 9.997937e-01 2.026089e-02 -8.304862e-01 -1.343493e-02 -2.023943e-02 9.997050e-01 3.141055e+01
9.998937e-01 1.385692e-03 -1.451102e-02 -9.348659e-01 -1.674884e-03 9.997999e-01 -1.993597e-02 -8.315832e-01 1.448047e-02 1.995815e-02 9.996958e-01 3.152356e+01
9.999011e-01 -1.660745e-03 1.396840e-02 -9.865360e-01 1.382290e-03 9.998006e-01 1.992082e-02 -8.339266e-01 -1.399868e-02 -1.989953e-02 9.997041e-01 3.172162e+01
9.998791e-01 1.187868e-04 -1.554852e-02 -5.953455e-01 -4.153454e-04 9.998180e-01 -1.907125e-02 -8.468558e-01 1.554341e-02 1.907539e-02 9.996971e-01 3.185346e+01
9.999049e-01 -2.298325e-03 1.360070e-02 -1.598301e-01 2.020437e-03 9.997896e-01 2.041055e-02 -8.597412e-01 -1.364473e-02 -2.038112e-02 9.996993e-01 3.198812e+01
9.998809e-01 1.604391e-03 -1.534933e-02 -1.195891e-01 -1.908351e-03 9.998020e-01 -1.980869e-02 -8.596883e-01 1.531450e-02 1.983561e-02 9.996859e-01 3.207218e+01
9.999310e-01 -3.719446e-03 1.114024e-02 1.475581e-01 3.483977e-03 9.997717e-01 2.108225e-02 -8.529903e-01 -1.121609e-02 -2.104198e-02 9.997158e-01 3.165768e+01
9.998708e-01 1.311977e-03 -1.602015e-02 6.797660e-01 -1.628452e-03 9.998035e-01 -1.975776e-02 -8.647717e-01 1.599106e-02 1.978129e-02 9.996763e-01 3.155868e+01
9.998857e-01 -2.102459e-03 1.497482e-02 7.947334e-01 1.800786e-03 9.997957e-01 2.013050e-02 -8.683299e-01 -1.501406e-02 -2.010122e-02 9.996853e-01 3.165667e+01
9.998012e-01 -1.136213e-03 -1.990885e-02 1.400024e+00 7.697470e-04 9.998303e-01 -1.840517e-02 -8.672512e-01 1.992637e-02 1.838618e-02 9.996323e-01 3.109629e+01
9.998629e-01 -1.402374e-03 1.650181e-02 1.792506e+00 1.071946e-03 9.997991e-01 2.001561e-02 -8.633667e-01 -1.652655e-02 -1.999517e-02 9.996636e-01 3.066688e+01
9.998236e-01 -5.495164e-04 -1.877614e-02 2.142598e+00 1.921259e-04 9.998189e-01 -1.903078e-02 -8.652762e-01 1.878317e-02 1.902380e-02 9.996425e-01 3.050323e+01
9.998431e-01 -5.690746e-04 1.770678e-02 2.314265e+00 2.243705e-04 9.998105e-01 1.946330e-02 -8.709690e-01 -1.771448e-02 -1.945627e-02 9.996539e-01 3.060550e+01
9.998455e-01 -2.639864e-04 -1.757835e-02 2.522103e+00 -7.082559e-05 9.998187e-01 -1.904347e-02 -8.779694e-01 1.758017e-02 1.904177e-02 9.996640e-01 3.075935e+01
9.998736e-01 -1.414517e-03 1.583543e-02 2.765703e+00 1.096895e-03 9.997984e-01 2.004845e-02 -8.780615e-01 -1.586058e-02 -2.002854e-02 9.996737e-01 3.059945e+01
9.998734e-01 9.456266e-04 -1.588442e-02 2.779201e+00 -1.263035e-03 9.997995e-01 -1.998420e-02 -8.834996e-01 1.586232e-02 2.000173e-02 9.996740e-01 3.085724e+01
9.998958e-01 -1.912827e-03 1.430620e-02 2.904231e+00 1.616583e-03 9.997846e-01 2.069045e-02 -8.839931e-01 -1.434268e-02 -2.066516e-02 9.996837e-01 3.084302e+01
9.998904e-01 1.281372e-03 -1.474821e-02 2.842661e+00 -1.589801e-03 9.997799e-01 -2.092027e-02 -8.843689e-01 1.471814e-02 2.094142e-02 9.996723e-01 3.098574e+01
9.998996e-01 -1.466662e-03 1.409303e-02 2.712594e+00 1.179527e-03 9.997920e-01 2.036103e-02 -8.868735e-01 -1.411994e-02 -2.034236e-02 9.996935e-01 3.127307e+01
9.998892e-01 1.152793e-03 -1.483878e-02 2.729990e+00 -1.447980e-03 9.998010e-01 -1.989759e-02 -8.927360e-01 1.481287e-02 1.991687e-02 9.996918e-01 3.152111e+01
9.998932e-01 -1.486155e-03 1.453804e-02 2.796364e+00 1.188050e-03 9.997893e-01 2.049242e-02 -9.032508e-01 -1.456541e-02 -2.047296e-02 9.996844e-01 3.189761e+01
9.998927e-01 1.128350e-03 -1.460404e-02 2.863102e+00 -1.422203e-03 9.997964e-01 -2.012657e-02 -9.120420e-01 1.457833e-02 2.014517e-02 9.996907e-01 3.221888e+01
9.999214e-01 -2.740890e-03 1.223732e-02 3.239133e+00 2.483516e-03 9.997764e-01 2.099783e-02 -9.234864e-01 -1.229212e-02 -2.096578e-02 9.997047e-01 3.225738e+01
9.998766e-01 8.318672e-04 -1.568529e-02 3.692677e+00 -1.149779e-03 9.997939e-01 -2.027001e-02 -9.338213e-01 1.566518e-02 2.028554e-02 9.996714e-01 3.218569e+01
9.999135e-01 -3.043175e-03 1.279924e-02 4.192620e+00 2.772044e-03 9.997725e-01 2.114812e-02 -9.479345e-01 -1.286067e-02 -2.111081e-02 9.996945e-01 3.218101e+01
9.998478e-01 8.070935e-04 -1.743015e-02 4.730267e+00 -1.147334e-03 9.998088e-01 -1.951904e-02 -9.673249e-01 1.741105e-02 1.953606e-02 9.996574e-01 3.222649e+01
9.999007e-01 -2.422781e-03 1.388074e-02 4.987757e+00 2.134645e-03 9.997827e-01 2.073538e-02 -9.802807e-01 -1.392794e-02 -2.070369e-02 9.996887e-01 3.233107e+01
9.999053e-01 2.623583e-03 -1.350998e-02 4.789791e+00 -2.917785e-03 9.997580e-01 -2.180316e-02 -9.877140e-01 1.344949e-02 2.184051e-02 9.996709e-01 3.291527e+01
9.998922e-01 -2.206439e-03 1.451388e-02 4.615716e+00 1.903183e-03 9.997803e-01 2.087499e-02 -9.970884e-01 -1.455673e-02 -2.084511e-02 9.996768e-01 3.354334e+01
9.998786e-01 2.270814e-03 -1.541434e-02 4.399315e+00 -2.612263e-03 9.997509e-01 -2.216748e-02 -9.993863e-01 1.536014e-02 2.220504e-02 9.996353e-01 3.390820e+01
9.998855e-01 -2.033465e-03 1.499464e-02 4.143120e+00 1.726586e-03 9.997894e-01 2.045060e-02 -1.000447e+00 -1.503304e-02 -2.042236e-02 9.996785e-01 3.428963e+01
9.998788e-01 1.908599e-03 -1.545165e-02 4.044423e+00 -2.236722e-03 9.997718e-01 -2.124613e-02 -1.003725e+00 1.540755e-02 2.127811e-02 9.996548e-01 3.456890e+01
9.998955e-01 -2.602710e-03 1.422366e-02 4.174825e+00 2.293513e-03 9.997616e-01 2.171155e-02 -1.017141e+00 -1.427676e-02 -2.167666e-02 9.996632e-01 3.488987e+01
9.998967e-01 2.302714e-03 -1.418733e-02 4.143809e+00 -2.613566e-03 9.997561e-01 -2.193108e-02 -1.029820e+00 1.413335e-02 2.196589e-02 9.996587e-01 3.541799e+01
9.999217e-01 -2.577429e-03 1.224680e-02 4.057494e+00 2.315397e-03 9.997691e-01 2.136223e-02 -1.038620e+00 -1.229901e-02 -2.133219e-02 9.996969e-01 3.577371e+01
9.998940e-01 2.338885e-03 -1.436749e-02 3.955512e+00 -2.651803e-03 9.997589e-01 -2.179927e-02 -1.050592e+00 1.431302e-02 2.183505e-02 9.996590e-01 3.624124e+01
9.999434e-01 -3.963801e-03 9.874647e-03 4.269575e+00 3.735630e-03 9.997280e-01 2.301913e-02 -1.073651e+00 -9.963182e-03 -2.298093e-02 9.996864e-01 3.658341e+01
9.999204e-01 2.605296e-03 -1.234168e-02 4.594709e+00 -2.877533e-03 9.997518e-01 -2.209213e-02 -1.093771e+00 1.228103e-02 2.212588e-02 9.996797e-01 3.692224e+01
9.999128e-01 -3.108667e-03 1.283477e-02 4.663577e+00 2.826376e-03 9.997550e-01 2.195419e-02 -1.105192e+00 -1.289985e-02 -2.191599e-02 9.996767e-01 3.732727e+01
9.999460e-01 2.798660e-03 -1.000807e-02 4.680836e+00 -3.024802e-03 9.997388e-01 -2.265267e-02 -1.118650e+00 9.942041e-03 2.268171e-02 9.996932e-01 3.792272e+01
9.999039e-01 -2.654707e-03 1.360608e-02 4.659322e+00 2.360049e-03 9.997633e-01 2.162691e-02 -1.133468e+00 -1.366025e-02 -2.159271e-02 9.996736e-01 3.861818e+01
9.999357e-01 2.620731e-03 -1.103696e-02 4.437344e+00 -2.882226e-03 9.997139e-01 -2.374378e-02 -1.142569e+00 1.097155e-02 2.377405e-02 9.996571e-01 3.931010e+01
9.999169e-01 -2.819321e-03 1.258005e-02 4.425175e+00 2.527373e-03 9.997285e-01 2.316315e-02 -1.156304e+00 -1.264191e-02 -2.312942e-02 9.996526e-01 3.988175e+01
9.999436e-01 2.978917e-03 -1.019838e-02 4.376553e+00 -3.221687e-03 9.997098e-01 -2.387163e-02 -1.170643e+00 1.012429e-02 2.390313e-02 9.996629e-01 4.057791e+01
9.999294e-01 -2.573569e-03 1.160142e-02 4.118097e+00 2.317872e-03 9.997553e-01 2.199998e-02 -1.179450e+00 -1.165518e-02 -2.197153e-02 9.996908e-01 4.128791e+01
9.999286e-01 1.556368e-03 -1.184436e-02 4.242283e+00 -1.814219e-03 9.997609e-01 -2.179038e-02 -1.189098e+00 1.180760e-02 2.181030e-02 9.996923e-01 4.153025e+01
9.999130e-01 -3.405302e-03 1.274326e-02 4.783677e+00 3.116012e-03 9.997385e-01 2.265285e-02 -1.216113e+00 -1.281705e-02 -2.261116e-02 9.996623e-01 4.193858e+01
9.999477e-01 3.175575e-03 -9.723262e-03 4.889968e+00 -3.398065e-03 9.997308e-01 -2.295174e-02 -1.233578e+00 9.647739e-03 2.298357e-02 9.996892e-01 4.260344e+01
9.999237e-01 -3.537582e-03 1.183605e-02 4.984428e+00 3.268738e-03 9.997380e-01 2.265684e-02 -1.244161e+00 -1.191308e-02 -2.261642e-02 9.996733e-01 4.299135e+01
9.999448e-01 3.453993e-03 -9.923267e-03 4.907504e+00 -3.683400e-03 9.997242e-01 -2.319363e-02 -1.252174e+00 9.840399e-03 2.322889e-02 9.996816e-01 4.347561e+01
9.999373e-01 -2.894354e-03 1.082019e-02 4.610365e+00 2.664943e-03 9.997726e-01 2.115685e-02 -1.260805e+00 -1.087894e-02 -2.112668e-02 9.997177e-01 4.421698e+01
9.999386e-01 3.178882e-03 -1.061532e-02 4.370724e+00 -3.421721e-03 9.997311e-01 -2.293694e-02 -1.262511e+00 1.053953e-02 2.297185e-02 9.996805e-01 4.460114e+01
9.999336e-01 -3.393863e-03 1.101301e-02 4.251602e+00 3.152707e-03 9.997565e-01 2.184143e-02 -1.264164e+00 -1.108443e-02 -2.180525e-02 9.997009e-01 4.484558e+01
9.999473e-01 3.748875e-03 -9.560102e-03 3.942811e+00 -3.980396e-03 9.996964e-01 -2.431452e-02 -1.270382e+00 9.466028e-03 2.435129e-02 9.996585e-01 4.552387e+01
9.999399e-01 -3.564716e-03 1.037084e-02 3.717821e+00 3.332305e-03 9.997448e-01 2.234171e-02 -1.269840e+00 -1.044782e-02 -2.230580e-02 9.996967e-01 4.584780e+01
9.999469e-01 3.661327e-03 -9.628660e-03 3.554622e+00 -3.891010e-03 9.997057e-01 -2.394443e-02 -1.271076e+00 9.538138e-03 2.398061e-02 9.996668e-01 4.616107e+01
9.999614e-01 -5.403763e-03 6.935354e-03 3.790665e+00 5.232230e-03 9.996857e-01 2.451746e-02 -1.281163e+00 -7.065640e-03 -2.448022e-02 9.996754e-01 4.618888e+01
9.999514e-01 3.914342e-03 -9.050979e-03 3.999983e+00 -4.129729e-03 9.997058e-01 -2.390213e-02 -1.292037e+00 8.954735e-03 2.393834e-02 9.996732e-01 4.630857e+01
9.999490e-01 -3.750990e-03 9.375872e-03 3.824599e+00 3.540796e-03 9.997443e-01 2.233561e-02 -1.295188e+00 -9.457234e-03 -2.230126e-02 9.997067e-01 4.668745e+01
9.999534e-01 3.560760e-03 -8.975120e-03 3.679885e+00 -3.774134e-03 9.997079e-01 -2.387022e-02 -1.296956e+00 8.887482e-03 2.390297e-02 9.996747e-01 4.693668e+01
9.999396e-01 -3.965028e-03 1.024992e-02 3.652756e+00 3.729642e-03 9.997312e-01 2.288284e-02 -1.303514e+00 -1.033788e-02 -2.284322e-02 9.996857e-01 4.727095e+01
9.999437e-01 4.008623e-03 -9.820754e-03 3.416223e+00 -4.249976e-03 9.996864e-01 -2.467940e-02 -1.303709e+00 9.718724e-03 2.471974e-02 9.996471e-01 4.759494e+01
9.999452e-01 -3.561508e-03 9.844547e-03 3.030321e+00 3.346573e-03 9.997575e-01 2.176398e-02 -1.302749e+00 -9.919653e-03 -2.172983e-02 9.997148e-01 4.806296e+01
9.999494e-01 3.818176e-03 -9.302343e-03 2.738457e+00 -4.041082e-03 9.997023e-01 -2.406256e-02 -1.305050e+00 9.207678e-03 2.409893e-02 9.996671e-01 4.856159e+01
9.999382e-01 -3.650729e-03 1.049750e-02 2.494904e+00 3.418727e-03 9.997514e-01 2.203452e-02 -1.310340e+00 -1.057531e-02 -2.199726e-02 9.997022e-01 4.912285e+01
9.999557e-01 3.749527e-03 -8.634340e-03 2.361694e+00 -3.948455e-03 9.997245e-01 -2.313837e-02 -1.318464e+00 8.545183e-03 2.317143e-02 9.996949e-01 4.967480e+01
9.999563e-01 -3.466132e-03 8.684020e-03 2.059470e+00 3.282928e-03 9.997736e-01 2.102291e-02 -1.316366e+00 -8.754902e-03 -2.099348e-02 9.997414e-01 4.999187e+01
9.999438e-01 2.854975e-03 -1.020616e-02 2.045473e+00 -3.070561e-03 9.997712e-01 -2.117019e-02 -1.322020e+00 1.014336e-02 2.120033e-02 9.997237e-01 5.015456e+01
9.999545e-01 -4.019368e-03 8.645915e-03 2.229796e+00 3.831147e-03 9.997577e-01 2.167750e-02 -1.334989e+00 -8.730929e-03 -2.164338e-02 9.997277e-01 5.040781e+01
9.999647e-01 3.882232e-03 -7.457178e-03 2.169002e+00 -4.047401e-03 9.997440e-01 -2.226303e-02 -1.342922e+00 7.368819e-03 2.229242e-02 9.997242e-01 5.082828e+01
9.999559e-01 -4.642783e-03 8.161370e-03 2.238128e+00 4.461540e-03 9.997461e-01 2.208726e-02 -1.352518e+00 -8.261824e-03 -2.204986e-02 9.997228e-01 5.114195e+01
9.999699e-01 4.847297e-03 -6.050729e-03 2.080594e+00 -4.987500e-03 9.997143e-01 -2.337531e-02 -1.364974e+00 5.935673e-03 2.340477e-02 9.997084e-01 5.189875e+01
9.999540e-01 -4.249520e-03 8.597347e-03 1.919499e+00 4.059547e-03 9.997498e-01 2.199493e-02 -1.380009e+00 -8.688645e-03 -2.195901e-02 9.997212e-01 5.275938e+01
9.999650e-01 4.698166e-03 -6.927718e-03 1.774833e+00 -4.856441e-03 9.997235e-01 -2.300949e-02 -1.392129e+00 6.817681e-03 2.304232e-02 9.997111e-01 5.347892e+01
9.999583e-01 -4.354751e-03 8.033200e-03 1.536991e+00 4.182438e-03 9.997634e-01 2.134376e-02 -1.399040e+00 -8.124227e-03 -2.130926e-02 9.997400e-01 5.409294e+01
9.999648e-01 4.369049e-03 -7.167170e-03 1.386986e+00 -4.530042e-03 9.997343e-01 -2.260229e-02 -1.404489e+00 7.066496e-03 2.263395e-02 9.997187e-01 5.453572e+01
9.999627e-01 -4.392614e-03 7.435877e-03 1.237534e+00 4.231146e-03 9.997579e-01 2.159318e-02 -1.411515e+00 -7.528908e-03 -2.156090e-02 9.997393e-01 5.501738e+01
9.999653e-01 4.923104e-03 -6.724226e-03 9.016226e-01 -5.084347e-03 9.996948e-01 -2.417646e-02 -1.418475e+00 6.603131e-03 2.420980e-02 9.996850e-01 5.573145e+01
9.999610e-01 -4.624526e-03 7.523296e-03 6.778696e-01 4.454013e-03 9.997363e-01 2.252591e-02 -1.425254e+00 -7.625466e-03 -2.249151e-02 9.997181e-01 5.631598e+01
9.999708e-01 5.059036e-03 -5.724549e-03 4.894747e-01 -5.194724e-03 9.996999e-01 -2.394146e-02 -1.436485e+00 5.601691e-03 2.397049e-02 9.996969e-01 5.704303e+01
9.999715e-01 -4.568586e-03 6.007767e-03 2.110384e-01 4.434948e-03 9.997465e-01 2.207264e-02 -1.441721e+00 -6.107066e-03 -2.204536e-02 9.997384e-01 5.763033e+01
9.999798e-01 4.811908e-03 -4.161878e-03 1.196876e-02 -4.909851e-03 9.997034e-01 -2.385228e-02 -1.449200e+00 4.045850e-03 2.387222e-02 9.997067e-01 5.822849e+01
9.999601e-01 -4.272146e-03 7.845157e-03 -1.153419e-01 4.094884e-03 9.997390e-01 2.247405e-02 -1.469993e+00 -7.939104e-03 -2.244102e-02 9.997167e-01 5.927326e+01
9.999802e-01 4.373073e-03 -4.518978e-03 -1.003671e-01 -4.476117e-03 9.997243e-01 -2.304954e-02 -1.487875e+00 4.416917e-03 2.306930e-02 9.997240e-01 6.004269e+01
9.999555e-01 -3.937911e-03 8.573899e-03 -1.105312e-01 3.745220e-03 9.997426e-01 2.237548e-02 -1.510114e+00 -8.659787e-03 -2.234236e-02 9.997130e-01 6.101397e+01
9.999795e-01 4.088782e-03 -4.918726e-03 -7.209761e-02 -4.201762e-03 9.997224e-01 -2.318241e-02 -1.538874e+00 4.822556e-03 2.320259e-02 9.997191e-01 6.216869e+01
9.999665e-01 -3.569667e-03 7.367784e-03 -3.039162e-01 3.412480e-03 9.997686e-01 2.123795e-02 -1.554215e+00 -7.441875e-03 -2.121208e-02 9.997474e-01 6.311511e+01
9.999897e-01 3.943221e-03 -2.233027e-03 -3.272279e-01 -3.992387e-03 9.997398e-01 -2.245839e-02 -1.577210e+00 2.143871e-03 2.246707e-02 9.997452e-01 6.417471e+01
9.999192e-01 -4.690741e-03 1.181709e-02 1.417268e-01 4.443221e-03 9.997720e-01 2.088589e-02 -1.618263e+00 -1.191235e-02 -2.083168e-02 9.997121e-01 6.546030e+01
9.999506e-01 4.613772e-03 -8.809095e-03 1.518983e-01 -4.804002e-03 9.997530e-01 -2.169704e-02 -1.634085e+00 8.706800e-03 2.173828e-02 9.997257e-01 6.618850e+01
9.999487e-01 -3.956807e-03 9.325454e-03 -1.432860e-01 3.770005e-03 9.997936e-01 1.996468e-02 -1.643295e+00 -9.402511e-03 -1.992848e-02 9.997573e-01 6.694116e+01
9.999622e-01 3.854458e-03 -7.789668e-03 -1.639799e-01 -4.011905e-03 9.997859e-01 -2.029867e-02 -1.652193e+00 7.709745e-03 2.032914e-02 9.997635e-01 6.738652e+01
9.999557e-01 -4.483720e-03 8.281427e-03 7.130736e-02 4.308968e-03 9.997702e-01 2.100048e-02 -1.673188e+00 -8.373670e-03 -2.096386e-02 9.997453e-01 6.793481e+01
9.999559e-01 2.989654e-03 -8.898130e-03 4.835891e-01 -3.168448e-03 9.997920e-01 -2.014751e-02 -1.698758e+00 8.836031e-03 2.017480e-02 9.997573e-01 6.840048e+01
9.999574e-01 -3.786178e-03 8.419234e-03 7.558275e-01 3.609887e-03 9.997760e-01 2.085674e-02 -1.717451e+00 -8.496300e-03 -2.082545e-02 9.997471e-01 6.878663e+01
9.999613e-01 3.767085e-03 -7.945317e-03 7.307350e-01 -3.932111e-03 9.997747e-01 -2.085781e-02 -1.728492e+00 7.864940e-03 2.088823e-02 9.997508e-01 6.929915e+01
9.999635e-01 -4.351809e-03 7.359222e-03 6.684538e-01 4.198140e-03 9.997755e-01 2.076939e-02 -1.730574e+00 -7.447939e-03 -2.073772e-02 9.997573e-01 6.945833e+01
9.999601e-01 9.192844e-04 -8.885791e-03 1.572764e+00 -1.094257e-03 9.998052e-01 -1.970642e-02 -1.775488e+00 8.865930e-03 1.971535e-02 9.997662e-01 7.006621e+01
9.997674e-01 -4.573748e-03 2.107759e-02 2.945834e+00 4.200184e-03 9.998339e-01 1.773363e-02 -1.851624e+00 -2.115519e-02 -1.764096e-02 9.996207e-01 7.165235e+01
9.999664e-01 2.983169e-03 -7.636344e-03 3.660521e+00 -3.132616e-03 9.998023e-01 -1.963382e-02 -1.907178e+00 7.576251e-03 1.965707e-02 9.997780e-01 7.327551e+01
9.998648e-01 -6.118856e-03 1.526443e-02 4.596233e+00 5.840753e-03 9.998173e-01 1.819765e-02 -1.957496e+00 -1.537298e-02 -1.810602e-02 9.997180e-01 7.433999e+01
9.998542e-01 -4.282720e-04 -1.706831e-02 6.388415e+00 1.254345e-04 9.998426e-01 -1.773977e-02 -2.027876e+00 1.707321e-02 1.773503e-02 9.996968e-01 7.492193e+01
9.999318e-01 -7.610152e-03 8.862660e-03 8.559118e+00 7.445263e-03 9.998013e-01 1.849170e-02 -2.086869e+00 -9.001611e-03 -1.842444e-02 9.997898e-01 7.479334e+01
9.999748e-01 2.580822e-03 -6.617099e-03 9.863706e+00 -2.708719e-03 9.998083e-01 -1.939270e-02 -2.132202e+00 6.565769e-03 1.941013e-02 9.997899e-01 7.523330e+01
9.999244e-01 -5.673093e-03 1.090985e-02 1.068199e+01 5.459690e-03 9.997951e-01 1.949195e-02 -2.162113e+00 -1.101818e-02 -1.943090e-02 9.997506e-01 7.561608e+01
9.999899e-01 4.092211e-03 1.869444e-03 1.136478e+01 -4.050913e-03 9.997588e-01 -2.158519e-02 -2.206668e+00 -1.957335e-03 2.157738e-02 9.997652e-01 7.684198e+01
9.999601e-01 -7.517011e-03 -4.828160e-03 1.243002e+01 7.627393e-03 9.997002e-01 2.326576e-02 -2.250527e+00 4.651835e-03 -2.330164e-02 9.997178e-01 7.721579e+01
9.999875e-01 4.992496e-03 -1.883540e-04 1.283359e+01 -4.995484e-03 9.997305e-01 -2.266984e-02 -2.271806e+00 7.511266e-05 2.267048e-02 9.997429e-01 7.741521e+01
9.999199e-01 -1.185483e-02 4.439377e-03 1.443039e+01 1.176401e-02 9.997317e-01 1.995469e-02 -2.314794e+00 -4.674734e-03 -1.990085e-02 9.997911e-01 7.765558e+01
9.999658e-01 2.506647e-03 7.881895e-03 1.707387e+01 -2.312467e-03 9.996959e-01 -2.454965e-02 -2.385954e+00 -7.941045e-03 2.453057e-02 9.996674e-01 7.806600e+01
9.999731e-01 -6.960974e-03 2.300363e-03 1.876358e+01 6.905706e-03 9.997066e-01 2.321898e-02 -2.438297e+00 -2.461305e-03 -2.320246e-02 9.997279e-01 7.861210e+01
9.999438e-01 -1.473401e-03 1.050215e-02 2.118318e+01 1.755778e-03 9.996358e-01 -2.692925e-02 -2.511755e+00 -1.045865e-02 2.694616e-02 9.995821e-01 7.922195e+01
9.999803e-01 -5.998405e-03 1.861120e-03 2.370761e+01 5.955487e-03 9.997343e-01 2.226738e-02 -2.586290e+00 -1.994187e-03 -2.225584e-02 9.997504e-01 7.976374e+01
9.999451e-01 2.854223e-03 1.008225e-02 2.500437e+01 -2.610263e-03 9.997055e-01 -2.412791e-02 -2.633915e+00 -1.014816e-02 2.410025e-02 9.996579e-01 8.048282e+01
9.999401e-01 -9.510243e-03 5.422773e-03 2.723780e+01 9.404740e-03 9.997722e-01 1.916007e-02 -2.705085e+00 -5.603750e-03 -1.910791e-02 9.998018e-01 8.124813e+01
9.999102e-01 -8.221116e-04 1.337834e-02 3.039925e+01 1.198176e-03 9.996037e-01 -2.812629e-02 -2.800866e+00 -1.334991e-02 2.813977e-02 9.995147e-01 8.200423e+01
9.999624e-01 -7.560266e-03 4.256062e-03 3.323445e+01 7.474037e-03 9.997736e-01 1.992406e-02 -2.889633e+00 -4.405729e-03 -1.989148e-02 9.997925e-01 8.279708e+01
9.998679e-01 -2.625480e-03 1.604224e-02 3.636274e+01 3.101128e-03 9.995541e-01 -2.969717e-02 -2.983937e+00 -1.595712e-02 2.974298e-02 9.994301e-01 8.357017e+01
9.999584e-01 -6.413387e-03 6.480449e-03 3.950406e+01 6.271256e-03 9.997444e-01 2.171949e-02 -3.087030e+00 -6.618092e-03 -2.167793e-02 9.997432e-01 8.469885e+01
9.998528e-01 -4.720914e-03 1.649455e-02 4.303628e+01 5.221562e-03 9.995229e-01 -3.044228e-02 -3.201780e+00 -1.634296e-02 3.052391e-02 9.994003e-01 8.590987e+01
9.998576e-01 -5.371784e-03 1.599983e-02 4.693198e+01 5.035578e-03 9.997672e-01 2.097972e-02 -3.334687e+00 -1.610881e-02 -2.089614e-02 9.996520e-01 8.754226e+01
9.999655e-01 -1.356453e-03 8.190612e-03 4.971440e+01 1.582788e-03 9.996153e-01 -2.769037e-02 -3.431561e+00 -8.149889e-03 2.770236e-02 9.995829e-01 8.899244e+01
9.999246e-01 -5.169076e-03 1.114251e-02 5.202545e+01 4.923860e-03 9.997475e-01 2.192333e-02 -3.511588e+00 -1.125304e-02 -2.186679e-02 9.996977e-01 9.003972e+01
9.999717e-01 7.439559e-04 7.489825e-03 5.400595e+01 -5.399604e-04 9.996298e-01 -2.720144e-02 -3.584670e+00 -7.507274e-03 2.719660e-02 9.996018e-01 9.112080e+01
9.999302e-01 -5.424762e-03 1.049609e-02 5.579405e+01 5.190601e-03 9.997399e-01 2.220926e-02 -3.654432e+00 -1.061386e-02 -2.215321e-02 9.996983e-01 9.227252e+01
9.998833e-01 -1.187928e-03 1.522981e-02 5.837249e+01 1.628850e-03 9.995789e-01 -2.897151e-02 -3.752752e+00 -1.518897e-02 2.899291e-02 9.994641e-01 9.382070e+01
9.998839e-01 -6.413666e-03 1.382183e-02 6.157610e+01 6.120853e-03 9.997581e-01 2.112380e-02 -3.868765e+00 -1.395399e-02 -2.103672e-02 9.996814e-01 9.543496e+01
9.999222e-01 -2.004754e-03 1.230867e-02 6.471012e+01 2.353075e-03 9.995953e-01 -2.834965e-02 -3.980300e+00 -1.224683e-02 2.837638e-02 9.995222e-01 9.691280e+01
9.998591e-01 -9.052545e-03 1.413724e-02 6.857781e+01 8.760693e-03 9.997500e-01 2.057116e-02 -4.105098e+00 -1.431995e-02 -2.044439e-02 9.996885e-01 9.824324e+01
9.999648e-01 -1.862783e-03 8.179049e-03 7.216752e+01 2.080119e-03 9.996428e-01 -2.664432e-02 -4.216477e+00 -8.126466e-03 2.666037e-02 9.996114e-01 9.935411e+01
9.998749e-01 -7.651017e-03 1.384702e-02 7.544590e+01 7.371932e-03 9.997709e-01 2.009462e-02 -4.323016e+00 -1.399762e-02 -1.999000e-02 9.997023e-01 1.004836e+02
9.999253e-01 -1.255126e-03 1.215708e-02 7.864917e+01 1.590624e-03 9.996171e-01 -2.762637e-02 -4.435997e+00 -1.211772e-02 2.764361e-02 9.995443e-01 1.019525e+02
9.998596e-01 -7.114060e-03 1.517471e-02 8.186970e+01 6.803197e-03 9.997679e-01 2.043944e-02 -4.552089e+00 -1.531663e-02 -2.033330e-02 9.996760e-01 1.035491e+02
9.999458e-01 5.099902e-04 1.040184e-02 8.461187e+01 -2.258089e-04 9.996272e-01 -2.730269e-02 -4.655692e+00 -1.041185e-02 2.729883e-02 9.995730e-01 1.051713e+02
9.998528e-01 -8.960358e-03 1.463035e-02 8.761078e+01 8.661260e-03 9.997548e-01 2.038016e-02 -4.761817e+00 -1.480941e-02 -2.025041e-02 9.996853e-01 1.065939e+02
9.999472e-01 -1.554845e-03 1.015546e-02 9.105959e+01 1.846088e-03 9.995855e-01 -2.873175e-02 -4.877159e+00 -1.010653e-02 2.874895e-02 9.995355e-01 1.079120e+02
9.997850e-01 -8.438786e-03 1.893825e-02 9.470200e+01 8.051490e-03 9.997588e-01 2.043401e-02 -5.003870e+00 -1.910616e-02 -2.027710e-02 9.996119e-01 1.095142e+02
9.999131e-01 -2.222068e-03 1.299351e-02 9.854893e+01 2.605868e-03 9.995586e-01 -2.959535e-02 -5.140256e+00 -1.292197e-02 2.962661e-02 9.994774e-01 1.113405e+02
9.998320e-01 -1.015196e-02 1.526285e-02 1.027725e+02 9.855184e-03 9.997633e-01 1.939501e-02 -5.276102e+00 -1.545619e-02 -1.924130e-02 9.996955e-01 1.127354e+02
9.999211e-01 -4.790693e-03 1.161537e-02 1.073569e+02 5.130145e-03 9.995554e-01 -2.937207e-02 -5.416631e+00 -1.146945e-02 2.942930e-02 9.995010e-01 1.139317e+02
9.995521e-01 -1.311016e-02 2.690126e-02 1.132835e+02 1.272451e-02 9.998145e-01 1.445694e-02 -5.598968e+00 -2.708586e-02 -1.410813e-02 9.995336e-01 1.154337e+02
9.999775e-01 -4.123307e-03 5.284002e-03 1.186598e+02 4.269512e-03 9.995999e-01 -2.796134e-02 -5.765221e+00 -5.166539e-03 2.798324e-02 9.995950e-01 1.168563e+02
9.997588e-01 -6.150463e-03 2.108177e-02 1.225166e+02 5.751750e-03 9.998044e-01 1.892084e-02 -5.892077e+00 -2.119408e-02 -1.879499e-02 9.995988e-01 1.181654e+02
9.999930e-01 -2.565510e-03 -2.725892e-03 1.255101e+02 2.492725e-03 9.996488e-01 -2.638203e-02 -5.985296e+00 2.792676e-03 2.637501e-02 9.996481e-01 1.190798e+02
9.998484e-01 -4.086983e-03 1.692573e-02 1.279831e+02 3.723426e-03 9.997629e-01 2.145481e-02 -6.057446e+00 -1.700946e-02 -2.138850e-02 9.996266e-01 1.197258e+02
9.999923e-01 -3.647169e-03 -1.410974e-03 1.306572e+02 3.607580e-03 9.996257e-01 -2.711996e-02 -6.137117e+00 1.509417e-03 2.711463e-02 9.996311e-01 1.204639e+02
9.997798e-01 -6.907612e-03 1.981496e-02 1.340918e+02 6.530858e-03 9.997979e-01 1.901492e-02 -6.239262e+00 -1.994237e-02 -1.888128e-02 9.996229e-01 1.212935e+02
9.999809e-01 -6.177691e-03 8.956530e-05 1.382558e+02 6.177779e-03 9.995847e-01 -2.814725e-02 -6.358552e+00 8.441932e-05 2.814722e-02 9.996037e-01 1.220924e+02
9.996426e-01 -4.942374e-03 2.627252e-02 1.421636e+02 4.459415e-03 9.998206e-01 1.840893e-02 -6.482926e+00 -2.635886e-02 -1.828514e-02 9.994854e-01 1.232953e+02
