9.999717e-01 4.650589e-03 5.908177e-03 5.923013e-01 -4.651162e-03 9.999892e-01 8.325854e-05 -5.403774e-02 -5.907726e-03 -1.107366e-04 9.999826e-01 1.520099e+00
9.999969e-01 -1.332884e-03 2.082712e-03 1.011134e+00 1.330495e-03 9.999985e-01 1.148192e-03 -1.033131e-01 -2.084237e-03 -1.145417e-03 9.999971e-01 3.028787e+00
9.999940e-01 3.475716e-03 -7.093131e-05 8.213034e-01 -3.475767e-03 9.999937e-01 -7.253681e-04 -1.286962e-01 6.840805e-05 7.256096e-04 9.999998e-01 4.173749e+00
9.999910e-01 1.904099e-04 4.242818e-03 1.024815e+00 -1.949979e-04 9.999994e-01 1.080979e-03 -1.734319e-01 -4.242607e-03 -1.081796e-03 9.999903e-01 5.743398e+00
9.999952e-01 2.480034e-03 1.831841e-03 1.159049e+00 -2.479781e-03 9.999969e-01 -1.402163e-04 -2.137194e-01 -1.832186e-03 1.356723e-04 9.999984e-01 7.197147e+00
9.999987e-01 -1.445749e-03 -7.272295e-04 9.390959e-01 1.445943e-03 9.999989e-01 2.666426e-04 -2.305854e-01 7.268460e-04 -2.676930e-04 9.999996e-01 8.048914e+00
9.999928e-01 2.981966e-03 2.332020e-03 8.443894e-01 -2.981893e-03 9.999956e-01 -3.481632e-05 -2.493656e-01 -2.332116e-03 2.786140e-05 9.999974e-01 8.858891e+00
9.999953e-01 -2.163825e-03 -2.188729e-03 5.816103e-01 2.163681e-03 9.999977e-01 -6.823941e-05 -2.619196e-01 2.188874e-03 6.350420e-05 9.999975e-01 9.598523e+00
9.999723e-01 5.012814e-03 5.510894e-03 7.293537e-01 -5.014075e-03 9.999874e-01 2.150113e-04 -2.961539e-01 -5.509750e-03 -2.426382e-04 9.999849e-01 1.082008e+01
9.999976e-01 -2.146234e-03 4.030429e-04 9.649458e-01 2.145879e-03 9.999973e-01 8.790391e-04 -3.386784e-01 -4.049246e-04 -8.781712e-04 9.999994e-01 1.226808e+01
9.999952e-01 3.074067e-03 2.930454e-04 8.251628e-01 -3.073850e-03 9.999950e-01 -7.350611e-04 -3.545027e-01 -2.953075e-04 7.341558e-04 9.999998e-01 1.301009e+01
9.999961e-01 -2.699968e-03 -6.944886e-04 6.135509e-01 2.700365e-03 9.999962e-01 5.706299e-04 -3.620021e-01 6.929492e-04 -5.725021e-04 9.999995e-01 1.353562e+01
9.999933e-01 3.499907e-03 1.046867e-03 4.102110e-01 -3.499166e-03 9.999936e-01 -7.089839e-04 -3.719511e-01 -1.049346e-03 7.053151e-04 9.999993e-01 1.413993e+01
9.999966e-01 -2.559494e-03 -5.286860e-04 1.939461e-01 2.559835e-03 9.999965e-01 6.442476e-04 -3.843362e-01 5.270392e-04 -6.455978e-04 9.999996e-01 1.483665e+01
9.999952e-01 3.108774e-03 6.081698e-05 -1.572388e-01 -3.108729e-03 9.999949e-01 -7.345362e-04 -3.954890e-01 -6.310410e-05 7.343426e-04 9.999998e-01 1.559453e+01
9.999963e-01 -2.576540e-03 -9.072509e-04 -4.652814e-01 2.576852e-03 9.999966e-01 3.428279e-04 -4.064145e-01 9.063684e-04 -3.451635e-04 9.999994e-01 1.631736e+01
9.999885e-01 3.715549e-03 3.039513e-03 -5.083185e-01 -3.715417e-03 9.999931e-01 -4.901363e-05 -4.240548e-01 -3.039678e-03 3.771906e-05 9.999955e-01 1.705781e+01
9.999893e-01 -3.143003e-03 -3.390191e-03 -7.340289e-01 3.142428e-03 9.999950e-01 -1.748009e-04 -4.336672e-01 3.390728e-03 1.641465e-04 9.999941e-01 1.766023e+01
9.999841e-01 4.104212e-03 3.875734e-03 -8.612644e-01 -4.104591e-03 9.999916e-01 8.974943e-05 -4.461135e-01 -3.875337e-03 -1.056572e-04 9.999926e-01 1.827798e+01
9.999900e-01 -3.076030e-03 -3.251324e-03 -1.103417e+00 3.076548e-03 9.999953e-01 1.542669e-04 -4.555145e-01 3.250838e-03 -1.642673e-04 9.999946e-01 1.891112e+01
9.999681e-01 5.445462e-03 5.838045e-03 -9.683365e-01 -5.444702e-03 9.999852e-01 -1.460819e-04 -4.810125e-01 -5.838758e-03 1.142899e-04 9.999830e-01 1.980555e+01
9.999884e-01 -4.001181e-03 -2.697206e-03 -7.118689e-01 4.003156e-03 9.999917e-01 7.273283e-04 -5.048011e-01 2.694278e-03 -7.381162e-04 9.999960e-01 2.052215e+01
9.999819e-01 5.094032e-03 3.203505e-03 -5.008613e-01 -5.091004e-03 9.999866e-01 -9.526485e-04 -5.155837e-01 -3.208320e-03 9.363212e-04 9.999945e-01 2.080669e+01
9.999852e-01 -3.380382e-03 -4.267818e-03 -1.363343e-01 3.382727e-03 9.999941e-01 5.425159e-04 -5.294808e-01 4.265964e-03 -5.569438e-04 9.999906e-01 2.100117e+01
9.999825e-01 5.190720e-03 2.833546e-03 2.385624e-01 -5.187830e-03 9.999860e-01 -1.026390e-03 -5.445210e-01 -2.838839e-03 1.011671e-03 9.999956e-01 2.120814e+01
9.999857e-01 -4.474628e-03 -2.917016e-03 2.401329e-01 4.477209e-03 9.999896e-01 8.785558e-04 -5.497294e-01 2.913059e-03 -8.916024e-04 9.999953e-01 2.146895e+01
9.999565e-01 6.706445e-03 6.488430e-03 5.351005e-01 -6.698178e-03 9.999767e-01 -1.294939e-03 -5.790904e-01 -6.496968e-03 1.251421e-03 9.999782e-01 2.237279e+01
9.999969e-01 -2.116515e-03 1.314551e-03 1.955379e+00 2.116199e-03 9.999977e-01 2.416335e-04 -6.421581e-01 -1.315053e-03 -2.388501e-04 9.999990e-01 2.350830e+01
9.999251e-01 7.411153e-03 9.737375e-03 3.733954e+00 -7.398371e-03 9.999717e-01 -1.348081e-03 -7.201013e-01 -9.747098e-03 1.275939e-03 9.999518e-01 2.491423e+01
9.999973e-01 -1.169894e-03 1.988150e-03 5.695319e+00 1.169814e-03 9.999993e-01 4.102350e-05 -8.084466e-01 -1.988189e-03 -3.869705e-05 9.999979e-01 2.656981e+01
9.998765e-01 9.133181e-03 1.278936e-02 8.336759e+00 -9.114483e-03 9.999573e-01 -1.519598e-03 -9.212245e-01 -1.280270e-02 1.402841e-03 9.999172e-01 2.844446e+01
9.999942e-01 -3.396246e-03 7.776556e-05 1.025049e+01 3.396165e-03 9.999937e-01 1.025315e-03 -1.008326e+00 -8.123664e-05 -1.025045e-03 9.999994e-01 3.004425e+01
9.999061e-01 9.085238e-03 1.026195e-02 1.226969e+01 -9.054569e-03 9.999544e-01 -3.031118e-03 -1.087190e+00 -1.028903e-02 2.937915e-03 9.999429e-01 3.117054e+01
9.999957e-01 -2.841842e-03 7.252329e-04 1.438394e+01 2.840912e-03 9.999951e-01 1.279553e-03 -1.170977e+00 -7.288529e-04 -1.277487e-03 9.999988e-01 3.238954e+01
9.998490e-01 1.095135e-02 1.349165e-02 1.702861e+01 -1.090873e-02 9.999353e-01 -3.228686e-03 -1.280734e+00 -1.352615e-02 3.081022e-03 9.999039e-01 3.414041e+01
9.999925e-01 -3.705191e-03 1.084334e-03 1.943641e+01 3.702748e-03 9.999906e-01 2.246564e-03 -1.385893e+00 -1.092632e-03 -2.242532e-03 9.999968e-01 3.595468e+01
9.998305e-01 1.235760e-02 1.365045e-02 2.215782e+01 -1.230120e-02 9.999155e-01 -4.208129e-03 -1.501752e+00 -1.370131e-02 4.039499e-03 9.998981e-01 3.786901e+01
9.999919e-01 -3.224107e-03 2.396733e-03 2.511537e+01 3.217609e-03 9.999912e-01 2.709808e-03 -1.628168e+00 -2.405430e-03 -2.702075e-03 9.999934e-01 3.992299e+01
9.998268e-01 1.297354e-02 1.334292e-02 2.818598e+01 -1.291151e-02 9.999055e-01 -4.724482e-03 -1.759584e+00 -1.340297e-02 4.551387e-03 9.998999e-01 4.207250e+01
9.999885e-01 -1.534757e-03 4.553146e-03 3.173005e+01 1.521682e-03 9.999947e-01 2.873684e-03 -1.910771e+00 -4.557510e-03 -2.866723e-03 9.999854e-01 4.449981e+01
9.997926e-01 1.378883e-02 1.498868e-02 3.541583e+01 -1.371956e-02 9.998948e-01 -4.714750e-03 -2.073106e+00 -1.505214e-02 4.508135e-03 9.998766e-01 4.722066e+01
9.999833e-01 6.074439e-04 5.753602e-03 3.947990e+01 -6.253298e-04 9.999950e-01 3.107384e-03 -2.257927e+00 -5.751659e-03 -3.110930e-03 9.999785e-01 5.047291e+01
9.997432e-01 1.490013e-02 1.707482e-02 4.402170e+01 -1.481706e-02 9.998778e-01 -4.981562e-03 -2.458401e+00 -1.714699e-02 4.727284e-03 9.998419e-01 5.380533e+01
9.999728e-01 2.799591e-03 6.826746e-03 4.902154e+01 -2.815409e-03 9.999934e-01 2.308666e-03 -2.676353e+00 -6.820207e-03 -2.327823e-03 9.999739e-01 5.737755e+01
9.997257e-01 1.445209e-02 1.842895e-02 5.399166e+01 -1.437611e-02 9.998876e-01 -4.248742e-03 -2.898542e+00 -1.848831e-02 3.982640e-03 9.998212e-01 6.114619e+01
9.999805e-01 1.985078e-03 5.927793e-03 5.881094e+01 -1.997608e-03 9.999958e-01 2.108633e-03 -3.111453e+00 -5.923547e-03 -2.120434e-03 9.999801e-01 6.468960e+01
9.997720e-01 1.326852e-02 1.673262e-02 6.346446e+01 -1.319910e-02 9.999038e-01 -4.252744e-03 -3.310277e+00 -1.678748e-02 4.030918e-03 9.998511e-01 6.780689e+01
9.999849e-01 7.935275e-04 5.433081e-03 6.775986e+01 -8.067858e-04 9.999967e-01 2.438541e-03 -3.495484e+00 -5.431089e-03 -2.442888e-03 9.999822e-01 7.073601e+01
9.998476e-01 1.082037e-02 1.370335e-02 7.116380e+01 -1.077539e-02 9.999363e-01 -3.351858e-03 -3.654139e+00 -1.373878e-02 3.203688e-03 9.999006e-01 7.362967e+01
9.999953e-01 -2.978001e-03 7.513824e-04 7.332131e+01 2.975370e-03 9.999895e-01 3.478707e-03 -3.765627e+00 -7.616918e-04 -3.476455e-03 9.999936e-01 7.591547e+01
9.999424e-01 6.940577e-03 8.182789e-03 7.443569e+01 -6.911902e-03 9.999699e-01 -3.527286e-03 -3.826762e+00 -8.207067e-03 3.470524e-03 9.999604e-01 7.729212e+01
9.999992e-01 -1.232662e-03 -2.358927e-04 7.566312e+01 1.233264e-03 9.999959e-01 2.571390e-03 -3.899859e+00 2.327659e-04 -2.571678e-03 9.999966e-01 7.899415e+01
9.999405e-01 5.043736e-03 9.672350e-03 7.654792e+01 -5.030480e-03 9.999864e-01 -1.394415e-03 -3.963195e+00 -9.679295e-03 1.345675e-03 9.999523e-01 8.065152e+01
9.999671e-01 -4.122249e-03 -6.988524e-03 7.688094e+01 4.134128e-03 9.999900e-01 1.686189e-03 -3.983989e+00 6.981548e-03 -1.715024e-03 9.999741e-01 8.116698e+01
9.999607e-01 4.604346e-03 7.577763e-03 7.700111e+01 -4.592598e-03 9.999882e-01 -1.566977e-03 -3.991756e+00 -7.584934e-03 1.532113e-03 9.999702e-01 8.136993e+01
9.999685e-01 -4.116810e-03 -6.792115e-03 7.700918e+01 4.127745e-03 9.999902e-01 1.596774e-03 -3.999836e+00 6.785520e-03 -1.624759e-03 9.999756e-01 8.166773e+01
9.999688e-01 4.252336e-03 6.651234e-03 7.686934e+01 -4.239797e-03 9.999892e-01 -1.898258e-03 -4.005637e+00 -6.659279e-03 1.869998e-03 9.999762e-01 8.204502e+01
9.999732e-01 -4.024008e-03 -6.112293e-03 7.678598e+01 4.034967e-03 9.999903e-01 1.781646e-03 -4.011496e+00 6.105109e-03 -1.806261e-03 9.999796e-01 8.235866e+01
9.999679e-01 4.398944e-03 6.702193e-03 7.667392e+01 -4.386768e-03 9.999887e-01 -1.830232e-03 -4.020874e+00 -6.710213e-03 1.800771e-03 9.999760e-01 8.281474e+01
9.999934e-01 -2.381588e-03 -2.726378e-03 7.690119e+01 2.386605e-03 9.999955e-01 1.838354e-03 -4.049975e+00 2.722033e-03 -1.844848e-03 9.999945e-01 8.374610e+01
9.999644e-01 3.829680e-03 7.524616e-03 7.725047e+01 -3.819697e-03 9.999918e-01 -1.340625e-03 -4.078588e+00 -7.529735e-03 1.311835e-03 9.999709e-01 8.454608e+01
9.999846e-01 -2.675256e-03 -4.855894e-03 7.768997e+01 2.680044e-03 9.999959e-01 9.798159e-04 -4.097484e+00 4.853300e-03 -9.928140e-04 9.999876e-01 8.490448e+01
9.999538e-01 3.971358e-03 8.753755e-03 7.833409e+01 -3.958455e-03 9.999911e-01 -1.490786e-03 -4.120207e+00 -8.759643e-03 1.456065e-03 9.999607e-01 8.517888e+01
9.999841e-01 -2.788038e-03 -4.893973e-03 7.907845e+01 2.792469e-03 9.999957e-01 8.989299e-04 -4.144762e+00 4.891492e-03 -9.125810e-04 9.999875e-01 8.546344e+01
9.999440e-01 4.594571e-03 9.537478e-03 8.000000e+01 -4.577419e-03 9.999879e-01 -1.819392e-03 -4.171978e+00 -9.545769e-03 1.775632e-03 9.999530e-01 8.564398e+01
9.999765e-01 -3.541522e-03 -5.868055e-03 8.054372e+01 3.549702e-03 9.999927e-01 1.384194e-03 -4.192728e+00 5.863158e-03 -1.404991e-03 9.999817e-01 8.593823e+01
9.999685e-01 3.779982e-03 6.982495e-03 8.060483e+01 -3.768445e-03 9.999915e-01 -1.664703e-03 -4.200727e+00 -6.988776e-03 1.638337e-03 9.999743e-01 8.620907e+01
9.999730e-01 -3.553755e-03 -6.432133e-03 8.058652e+01 3.563361e-03 9.999926e-01 1.482570e-03 -4.206704e+00 6.426865e-03 -1.505449e-03 9.999781e-01 8.648807e+01
9.999676e-01 4.011019e-03 6.979179e-03 8.055297e+01 -3.999138e-03 9.999905e-01 -1.715533e-03 -4.216745e+00 -6.986041e-03 1.687566e-03 9.999743e-01 8.692429e+01
9.999757e-01 -3.591745e-03 -5.979637e-03 8.055151e+01 3.601796e-03 9.999921e-01 1.671040e-03 -4.225486e+00 5.973636e-03 -1.692536e-03 9.999806e-01 8.729523e+01
9.999743e-01 3.878538e-03 6.036744e-03 8.045520e+01 -3.866545e-03 9.999905e-01 -1.997140e-03 -4.231823e+00 -6.044481e-03 1.973746e-03 9.999799e-01 8.768782e+01
9.999751e-01 -3.580502e-03 -6.079043e-03 8.036630e+01 3.590496e-03 9.999922e-01 1.634045e-03 -4.237726e+00 6.073193e-03 -1.655830e-03 9.999801e-01 8.806318e+01
9.999710e-01 4.131115e-03 6.403195e-03 8.030359e+01 -4.120075e-03 9.999900e-01 -1.736418e-03 -4.246771e+00 -6.410352e-03 1.709985e-03 9.999781e-01 8.850618e+01
9.999749e-01 -3.426703e-03 -6.207430e-03 8.026313e+01 3.437161e-03 9.999927e-01 1.674780e-03 -4.256976e+00 6.201694e-03 -1.696073e-03 9.999792e-01 8.897062e+01
9.999786e-01 3.616621e-03 5.449971e-03 8.017224e+01 -3.606299e-03 9.999917e-01 -1.902428e-03 -4.260237e+00 -5.456854e-03 1.882733e-03 9.999834e-01 8.923979e+01
9.999690e-01 -3.777803e-03 -6.912341e-03 7.993576e+01 3.789089e-03 9.999915e-01 1.620313e-03 -4.259832e+00 6.906208e-03 -1.646453e-03 9.999747e-01 8.950565e+01
9.999752e-01 4.209608e-03 5.644365e-03 7.980840e+01 -4.199677e-03 9.999896e-01 -1.770135e-03 -4.264663e+00 -5.651806e-03 1.746386e-03 9.999826e-01 8.985371e+01
9.999414e-01 -4.456085e-03 -9.869992e-03 7.928039e+01 4.477538e-03 9.999877e-01 2.152503e-03 -4.251581e+00 9.860325e-03 -2.196569e-03 9.999489e-01 8.991562e+01
9.999749e-01 6.581190e-03 2.631204e-03 7.935385e+01 -6.575087e-03 9.999757e-01 -2.321418e-03 -4.254282e+00 -2.646465e-03 2.304058e-03 9.999939e-01 8.988208e+01
9.999557e-01 -3.400605e-03 -8.773079e-03 8.003687e+01 3.412473e-03 9.999933e-01 1.338134e-03 -4.283921e+00 8.768516e-03 -1.368012e-03 9.999605e-01 9.008746e+01
9.999650e-01 4.631830e-03 6.971776e-03 8.005175e+01 -4.622647e-03 9.999884e-01 -1.332716e-03 -4.288020e+00 -6.977914e-03 1.300440e-03 9.999749e-01 9.031173e+01
9.999440e-01 -3.821064e-03 -9.870623e-03 7.985283e+01 3.837036e-03 9.999914e-01 1.599748e-03 -4.282522e+00 9.864471e-03 -1.637531e-03 9.999499e-01 9.040941e+01
9.999825e-01 5.362386e-03 2.507524e-03 7.985432e+01 -5.358092e-03 9.999842e-01 -1.715867e-03 -4.284551e+00 -2.516730e-03 1.702400e-03 9.999955e-01 9.039964e+01
9.999368e-01 -3.847869e-03 -1.056416e-02 7.975319e+01 3.865424e-03 9.999912e-01 1.641920e-03 -4.283657e+00 1.055780e-02 -1.682650e-03 9.999428e-01 9.033968e+01
9.999846e-01 5.554952e-03 1.916063e-04 7.976103e+01 -5.554579e-03 9.999828e-01 -1.895491e-03 -4.285543e+00 -2.021757e-04 1.894396e-03 9.999983e-01 9.021701e+01
9.999229e-01 -2.796310e-03 -1.209957e-02 8.027587e+01 2.806938e-03 9.999957e-01 8.614946e-04 -4.308271e+00 1.209715e-02 -8.953901e-04 9.999263e-01 9.016713e+01
9.999663e-01 3.457119e-03 7.453132e-03 8.023463e+01 -3.448446e-03 9.999934e-01 -1.176200e-03 -4.310037e+00 -7.457190e-03 1.150458e-03 9.999716e-01 9.021127e+01
9.999418e-01 -2.385160e-03 -1.052122e-02 8.029160e+01 2.394937e-03 9.999967e-01 9.167420e-04 -4.320379e+00 1.051904e-02 -9.418854e-04 9.999441e-01 9.046098e+01
9.999395e-01 3.401526e-03 1.045729e-02 8.029291e+01 -3.391731e-03 9.999938e-01 -9.542360e-04 -4.333699e+00 -1.046051e-02 9.187090e-04 9.999450e-01 9.096338e+01
9.999342e-01 -3.106065e-03 -1.104701e-02 8.009464e+01 3.115209e-03 9.999948e-01 8.106543e-04 -4.341554e+00 1.104447e-02 -8.450138e-04 9.999386e-01 9.147826e+01
9.999545e-01 2.744503e-03 9.133745e-03 7.981004e+01 -2.732251e-03 9.999954e-01 -1.353488e-03 -4.337980e+00 -9.137459e-03 1.328470e-03 9.999575e-01 9.169814e+01
9.999142e-01 -1.730873e-03 -1.298436e-02 7.983486e+01 1.741053e-03 9.999982e-01 7.728084e-04 -4.350725e+00 1.298304e-02 -7.953478e-04 9.999153e-01 9.199910e+01
9.999626e-01 2.851542e-03 8.162959e-03 7.990157e+01 -2.842192e-03 9.999953e-01 -1.156843e-03 -4.363191e+00 -8.166260e-03 1.133598e-03 9.999661e-01 9.225337e+01
9.998720e-01 -1.906587e-03 -1.588234e-02 7.992680e+01 1.910408e-03 9.999981e-01 2.253952e-04 -4.365621e+00 1.588192e-02 -2.557075e-04 9.998737e-01 9.223000e+01
9.999578e-01 3.079908e-03 8.654703e-03 7.999740e+01 -3.072978e-03 9.999949e-01 -8.138341e-04 -4.369461e+00 -8.657205e-03 7.872033e-04 9.999623e-01 9.222499e+01
9.999133e-01 -2.934048e-03 -1.283429e-02 7.979115e+01 2.941517e-03 9.999955e-01 5.630867e-04 -4.363696e+00 1.283262e-02 -6.007896e-04 9.999174e-01 9.225240e+01
9.999605e-01 3.127860e-03 8.314502e-03 7.959023e+01 -3.121280e-03 9.999948e-01 -8.041806e-04 -4.357781e+00 -8.317012e-03 7.781963e-04 9.999652e-01 9.226764e+01
9.999258e-01 -4.020816e-03 -1.149557e-02 7.899787e+01 4.032514e-03 9.999914e-01 9.945812e-04 -4.343053e+00 1.149151e-02 -1.040863e-03 9.999333e-01 9.239769e+01
9.999603e-01 3.501056e-03 8.197853e-03 7.866491e+01 -3.488892e-03 9.999928e-01 -1.497654e-03 -4.332129e+00 -8.203075e-03 1.468993e-03 9.999654e-01 9.242959e+01
9.999203e-01 -3.930455e-03 -1.199607e-02 7.833444e+01 3.940864e-03 9.999919e-01 8.441874e-04 -4.320812e+00 1.199269e-02 -8.913946e-04 9.999276e-01 9.244773e+01
9.999582e-01 3.582690e-03 8.413480e-03 7.807642e+01 -3.571651e-03 9.999927e-01 -1.326770e-03 -4.312282e+00 -8.418210e-03 1.296664e-03 9.999638e-01 9.245679e+01
9.999349e-01 -3.824592e-03 -1.074731e-02 7.778032e+01 3.837463e-03 9.999919e-01 1.177294e-03 -4.309265e+00 1.074276e-02 -1.218459e-03 9.999415e-01 9.266064e+01
9.999782e-01 4.117696e-03 5.166267e-03 7.758867e+01 -4.109243e-03 9.999902e-01 -1.645792e-03 -4.303184e+00 -5.173029e-03 1.624526e-03 9.999854e-01 9.262346e+01
9.999500e-01 -5.031389e-03 -8.636925e-03 7.717843e+01 5.041850e-03 9.999866e-01 1.189860e-03 -4.290086e+00 8.630859e-03 -1.233346e-03 9.999619e-01 9.264818e+01
9.999747e-01 4.230695e-03 5.719290e-03 7.679113e+01 -4.219815e-03 9.999893e-01 -1.913015e-03 -4.282103e+00 -5.727358e-03 1.888832e-03 9.999819e-01 9.282634e+01
9.999331e-01 -5.177512e-03 -1.034493e-02 7.607681e+01 5.194154e-03 9.999853e-01 1.582488e-03 -4.269016e+00 1.033662e-02 -1.636115e-03 9.999451e-01 9.313720e+01
9.999737e-01 4.416757e-03 5.752836e-03 7.535512e+01 -4.405232e-03 9.999883e-01 -2.014478e-03 -4.256788e+00 -5.761701e-03 1.989082e-03 9.999815e-01 9.348760e+01
9.999456e-01 -5.261679e-03 -9.005057e-03 7.489139e+01 5.274497e-03 9.999851e-01 1.400200e-03 -4.247624e+00 8.997590e-03 -1.447621e-03 9.999584e-01 9.369900e+01
9.999710e-01 4.786604e-03 5.918892e-03 7.465642e+01 -4.773046e-03 9.999860e-01 -2.302559e-03 -4.239834e+00 -5.929865e-03 2.274241e-03 9.999799e-01 9.375006e+01
9.999464e-01 -5.514504e-03 -8.768110e-03 7.435739e+01 5.528639e-03 9.999835e-01 1.588582e-03 -4.231767e+00 8.759239e-03 -1.636973e-03 9.999602e-01 9.384604e+01
9.999673e-01 4.943713e-03 6.399528e-03 7.402800e+01 -4.929264e-03 9.999853e-01 -2.271688e-03 -4.227218e+00 -6.410698e-03 2.240069e-03 9.999770e-01 9.406406e+01
9.999478e-01 -5.367646e-03 -8.692015e-03 7.368903e+01 5.382497e-03 9.999841e-01 1.686111e-03 -4.223914e+00 8.682860e-03 -1.732808e-03 9.999607e-01 9.432861e+01
9.999646e-01 4.998080e-03 6.772643e-03 7.343504e+01 -4.982321e-03 9.999848e-01 -2.341721e-03 -4.222069e+00 -6.784278e-03 2.307895e-03 9.999744e-01 9.455579e+01
9.999452e-01 -5.329382e-03 -9.008175e-03 7.307123e+01 5.345826e-03 9.999841e-01 1.802361e-03 -4.220949e+00 8.998459e-03 -1.850419e-03 9.999577e-01 9.489870e+01
9.999695e-01 4.955435e-03 6.034080e-03 7.263222e+01 -4.940503e-03 9.999847e-01 -2.486905e-03 -4.217126e+00 -6.046344e-03 2.457018e-03 9.999788e-01 9.523564e+01
9.999419e-01 -5.420009e-03 -9.314972e-03 7.214157e+01 5.437911e-03 9.999834e-01 1.897610e-03 -4.211370e+00 9.304565e-03 -1.948154e-03 9.999547e-01 9.556002e+01
9.999596e-01 5.413064e-03 7.178734e-03 7.180499e+01 -5.395822e-03 9.999825e-01 -2.419014e-03 -4.214677e+00 -7.191735e-03 2.380181e-03 9.999714e-01 9.600286e+01
9.999343e-01 -5.353562e-03 -1.013506e-02 7.132411e+01 5.372978e-03 9.999838e-01 1.889402e-03 -4.218374e+00 1.012481e-02 -1.943734e-03 9.999468e-01 9.658976e+01
9.999627e-01 5.081830e-03 6.989280e-03 7.083312e+01 -5.064615e-03 9.999841e-01 -2.478626e-03 -4.216136e+00 -7.001797e-03 2.443135e-03 9.999726e-01 9.701402e+01
9.999403e-01 -5.375691e-03 -9.508798e-03 7.049327e+01 5.393404e-03 9.999838e-01 1.838164e-03 -4.215432e+00 9.498794e-03 -1.889340e-03 9.999530e-01 9.734754e+01
9.999595e-01 4.942951e-03 7.524158e-03 7.033641e+01 -4.924202e-03 9.999847e-01 -2.508341e-03 -4.212384e+00 -7.536473e-03 2.471189e-03 9.999686e-01 9.745267e+01
9.999405e-01 -5.181012e-03 -9.597711e-03 7.016553e+01 5.201063e-03 9.999843e-01 2.065268e-03 -4.212519e+00 9.586892e-03 -2.115065e-03 9.999517e-01 9.763727e+01
9.999563e-01 5.068303e-03 7.858283e-03 6.986261e+01 -5.049147e-03 9.999842e-01 -2.455627e-03 -4.214569e+00 -7.870636e-03 2.415843e-03 9.999662e-01 9.803238e+01
9.999447e-01 -4.887872e-03 -9.311075e-03 6.955631e+01 4.907528e-03 9.999858e-01 2.089351e-03 -4.220094e+00 9.300761e-03 -2.134930e-03 9.999544e-01 9.855484e+01
9.999597e-01 5.530147e-03 7.069094e-03 6.941886e+01 -5.513039e-03 9.999818e-01 -2.437224e-03 -4.229310e+00 -7.082475e-03 2.398154e-03 9.999721e-01 9.897527e+01
9.999259e-01 -4.762292e-03 -1.120591e-02 6.935121e+01 4.784856e-03 9.999866e-01 1.987696e-03 -4.237877e+00 1.119632e-02 -2.041168e-03 9.999351e-01 9.923250e+01
9.999509e-01 4.704233e-03 8.721654e-03 6.905522e+01 -4.684031e-03 9.999863e-01 -2.335223e-03 -4.240195e+00 -8.732550e-03 2.294257e-03 9.999593e-01 9.960695e+01
9.999318e-01 -4.700881e-03 -1.069028e-02 6.872324e+01 4.720445e-03 9.999872e-01 1.805480e-03 -4.243705e+00 1.068168e-02 -1.855820e-03 9.999411e-01 1.000799e+02
9.999416e-01 4.953160e-03 9.610310e-03 6.851777e+01 -4.933640e-03 9.999857e-01 -2.053841e-03 -4.251209e+00 -9.620376e-03 2.006308e-03 9.999518e-01 1.005664e+02
9.999269e-01 -4.037506e-03 -1.139851e-02 6.840824e+01 4.059862e-03 9.999899e-01 1.938809e-03 -4.264433e+00 1.139060e-02 -1.984945e-03 9.999331e-01 1.010905e+02
9.999263e-01 4.957940e-03 1.108422e-02 6.822947e+01 -4.936763e-03 9.999859e-01 -1.937169e-03 -4.278015e+00 -1.109369e-02 1.882307e-03 9.999368e-01 1.017648e+02
9.999338e-01 -3.957874e-03 -1.080430e-02 6.810953e+01 3.978793e-03 9.999903e-01 1.915335e-03 -4.293267e+00 1.079664e-02 -1.958197e-03 9.999397e-01 1.024537e+02
9.999353e-01 4.438144e-03 1.047265e-02 6.796775e+01 -4.415427e-03 9.999879e-01 -2.191271e-03 -4.303444e+00 -1.048228e-02 2.144889e-03 9.999429e-01 1.029964e+02
9.999254e-01 -4.452590e-03 -1.137591e-02 6.782062e+01 4.472128e-03 9.999886e-01 1.692629e-03 -4.307806e+00 1.136827e-02 -1.743378e-03 9.999338e-01 1.033434e+02
9.999363e-01 4.459577e-03 1.036936e-02 6.762000e+01 -4.438290e-03 9.999880e-01 -2.075012e-03 -4.311788e+00 -1.037852e-02 2.028858e-03 9.999442e-01 1.037205e+02
9.999363e-01 -3.862927e-03 -1.060823e-02 6.742229e+01 3.882597e-03 9.999908e-01 1.834215e-03 -4.323194e+00 1.060108e-02 -1.875287e-03 9.999420e-01 1.043562e+02
9.999390e-01 4.363568e-03 1.014267e-02 6.720670e+01 -4.342528e-03 9.999884e-01 -2.095540e-03 -4.332539e+00 -1.015173e-02 2.051369e-03 9.999465e-01 1.049391e+02
9.999483e-01 -3.269899e-03 -9.631222e-03 6.708894e+01 3.289518e-03 9.999925e-01 2.021897e-03 -4.348333e+00 9.624569e-03 -2.053476e-03 9.999515e-01 1.056516e+02
9.999411e-01 4.245986e-03 9.991604e-03 6.695633e+01 -4.225619e-03 9.999890e-01 -2.058594e-03 -4.363129e+00 -1.000026e-02 2.016252e-03 9.999481e-01 1.063447e+02
9.999437e-01 -3.476440e-03 -1.002473e-02 6.678382e+01 3.495658e-03 9.999921e-01 1.900181e-03 -4.376575e+00 1.001807e-02 -1.935119e-03 9.999478e-01 1.070294e+02
9.999352e-01 4.539473e-03 1.044104e-02 6.671201e+01 -4.519425e-03 9.999879e-01 -1.942987e-03 -4.390460e+00 -1.044976e-02 1.895674e-03 9.999437e-01 1.076374e+02
9.999420e-01 -3.636408e-03 -1.013553e-02 6.662009e+01 3.654929e-03 9.999917e-01 1.809481e-03 -4.403364e+00 1.012890e-02 -1.846421e-03 9.999469e-01 1.082237e+02
9.999443e-01 3.886602e-03 9.815913e-03 6.649922e+01 -3.865750e-03 9.999902e-01 -2.142360e-03 -4.410931e+00 -9.824173e-03 2.104296e-03 9.999496e-01 1.086514e+02
9.999393e-01 -3.734427e-03 -1.036661e-02 6.638691e+01 3.752382e-03 9.999915e-01 1.713076e-03 -4.417727e+00 1.036015e-02 -1.751873e-03 9.999447e-01 1.090433e+02
9.999471e-01 3.718175e-03 9.590541e-03 6.626273e+01 -3.696803e-03 9.999906e-01 -2.245177e-03 -4.422678e+00 -9.598829e-03 2.209605e-03 9.999516e-01 1.093917e+02
9.999284e-01 -3.845852e-03 -1.133495e-02 6.601715e+01 3.863883e-03 9.999913e-01 1.569255e-03 -4.423816e+00 1.132884e-02 -1.612940e-03 9.999344e-01 1.097177e+02
9.999327e-01 4.088052e-03 1.085979e-02 6.590649e+01 -4.067680e-03 9.999899e-01 -1.897272e-03 -4.431080e+00 -1.086746e-02 1.852972e-03 9.999393e-01 1.101178e+02
9.999369e-01 -3.531086e-03 -1.066362e-02 6.581750e+01 3.549261e-03 9.999923e-01 1.685955e-03 -4.442713e+00 1.065761e-02 -1.723698e-03 9.999416e-01 1.106575e+02
9.999440e-01 4.368520e-03 9.641651e-03 6.558824e+01 -4.349939e-03 9.999886e-01 -1.947221e-03 -4.456800e+00 -9.650077e-03 1.905173e-03 9.999517e-01 1.113805e+02
9.999265e-01 -3.687665e-03 -1.154837e-02 6.524437e+01 3.706911e-03 9.999918e-01 1.645582e-03 -4.470095e+00 1.154224e-02 -1.688271e-03 9.999319e-01 1.121836e+02
9.999582e-01 3.679642e-03 8.366238e-03 6.485477e+01 -3.661592e-03 9.999909e-01 -2.171757e-03 -4.470762e+00 -8.374182e-03 2.141033e-03 9.999627e-01 1.125934e+02
9.999314e-01 -3.767823e-03 -1.109310e-02 6.447495e+01 3.788204e-03 9.999912e-01 1.816859e-03 -4.469441e+00 1.108618e-02 -1.858759e-03 9.999367e-01 1.129328e+02
9.999478e-01 3.669346e-03 9.532241e-03 6.424570e+01 -3.648140e-03 9.999908e-01 -2.241118e-03 -4.470104e+00 -9.540405e-03 2.206227e-03 9.999522e-01 1.132277e+02
9.999249e-01 -3.789935e-03 -1.165564e-02 6.408892e+01 3.813024e-03 9.999908e-01 1.959255e-03 -4.470186e+00 1.164813e-02 -2.003552e-03 9.999301e-01 1.133975e+02
9.999794e-01 3.183800e-03 5.567765e-03 6.371113e+01 -3.170709e-03 9.999922e-01 -2.358624e-03 -4.456895e+00 -5.575258e-03 2.340923e-03 9.999818e-01 1.131240e+02
9.999342e-01 -3.662521e-03 -1.087233e-02 6.338555e+01 3.682554e-03 9.999916e-01 1.823122e-03 -4.448810e+00 1.086559e-02 -1.863041e-03 9.999391e-01 1.129997e+02
9.999668e-01 2.476866e-03 7.758504e-03 6.290754e+01 -2.459170e-03 9.999944e-01 -2.289636e-03 -4.435494e+00 -7.764158e-03 2.270482e-03 9.999674e-01 1.129833e+02
9.999793e-01 -4.574728e-04 -6.420321e-03 6.301352e+01 4.723217e-04 9.999972e-01 2.311431e-03 -4.458469e+00 6.419272e-03 -2.314417e-03 9.999766e-01 1.138036e+02
9.999501e-01 2.692584e-03 9.621070e-03 6.303835e+01 -2.675738e-03 9.999949e-01 -1.763400e-03 -4.489084e+00 -9.625796e-03 1.737570e-03 9.999523e-01 1.149875e+02
9.999407e-01 -2.362067e-03 -1.062683e-02 6.280275e+01 2.377021e-03 9.999962e-01 1.394708e-03 -4.494556e+00 1.062352e-02 -1.419887e-03 9.999425e-01 1.154785e+02
9.999006e-01 5.067762e-03 1.315435e-02 6.296411e+01 -5.053565e-03 9.999866e-01 -1.112281e-03 -4.527510e+00 -1.315984e-02 1.045696e-03 9.999130e-01 1.166443e+02
9.999416e-01 -2.800659e-03 -1.043556e-02 6.308065e+01 2.820498e-03 9.999942e-01 1.886835e-03 -4.558384e+00 1.043024e-02 -1.916159e-03 9.999437e-01 1.177405e+02
9.999679e-01 2.858029e-03 7.491119e-03 6.279635e+01 -2.841100e-03 9.999934e-01 -2.269461e-03 -4.559360e+00 -7.497583e-03 2.248106e-03 9.999695e-01 1.180270e+02
9.999273e-01 -2.785904e-03 -1.173297e-02 6.247657e+01 2.813112e-03 9.999934e-01 2.303132e-03 -4.560875e+00 1.172650e-02 -2.335972e-03 9.999284e-01 1.182444e+02
9.999754e-01 1.952443e-03 6.737721e-03 6.181217e+01 -1.936441e-03 9.999953e-01 -2.380771e-03 -4.549409e+00 -6.742364e-03 2.367666e-03 9.999746e-01 1.183727e+02
9.999181e-01 -4.316207e-03 -1.204729e-02 6.072213e+01 4.342492e-03 9.999882e-01 2.156525e-03 -4.518125e+00 1.203787e-02 -2.208665e-03 9.999250e-01 1.181918e+02
9.999595e-01 3.821097e-03 8.150627e-03 6.015641e+01 -3.800432e-03 9.999895e-01 -2.549358e-03 -4.510733e+00 -8.160308e-03 2.518280e-03 9.999636e-01 1.184661e+02
9.999186e-01 -4.431725e-03 -1.196614e-02 5.986340e+01 4.457992e-03 9.999877e-01 2.169311e-03 -4.504016e+00 1.195640e-02 -2.222481e-03 9.999260e-01 1.184772e+02
9.999738e-01 4.165362e-03 5.917971e-03 5.960273e+01 -4.151008e-03 9.999884e-01 -2.435602e-03 -4.492730e+00 -5.928072e-03 2.410974e-03 9.999796e-01 1.181942e+02
9.999300e-01 -3.959439e-03 -1.115219e-02 5.958567e+01 3.983663e-03 9.999898e-01 2.150770e-03 -4.489850e+00 1.114358e-02 -2.195048e-03 9.999354e-01 1.180280e+02
9.999500e-01 3.715444e-03 9.281746e-03 5.950060e+01 -3.692976e-03 9.999902e-01 -2.436660e-03 -4.490469e+00 -9.290732e-03 2.402262e-03 9.999541e-01 1.181477e+02
9.999178e-01 -4.410926e-03 -1.204264e-02 5.915220e+01 4.434980e-03 9.999882e-01 1.971418e-03 -4.481847e+00 1.203383e-02 -2.024667e-03 9.999254e-01 1.182381e+02
9.999673e-01 4.937043e-03 6.412106e-03 5.909397e+01 -4.921575e-03 9.999849e-01 -2.425862e-03 -4.481904e+00 -6.424009e-03 2.394226e-03 9.999766e-01 1.182071e+02
9.999341e-01 -4.317101e-03 -1.063756e-02 5.903066e+01 4.339985e-03 9.999883e-01 2.129033e-03 -4.486135e+00 1.062827e-02 -2.175062e-03 9.999411e-01 1.183330e+02
9.999673e-01 3.471497e-03 7.308940e-03 5.850586e+01 -3.455341e-03 9.999916e-01 -2.221911e-03 -4.474178e+00 -7.316614e-03 2.196585e-03 9.999709e-01 1.184311e+02
9.999347e-01 -4.476375e-03 -1.051735e-02 5.798287e+01 4.497065e-03 9.999880e-01 1.944341e-03 -4.460087e+00 1.050854e-02 -1.991513e-03 9.999427e-01 1.184956e+02
9.999702e-01 3.236961e-03 7.007791e-03 5.736627e+01 -3.222266e-03 9.999926e-01 -2.107215e-03 -4.443174e+00 -7.014581e-03 2.084573e-03 9.999733e-01 1.185201e+02
9.999398e-01 -3.933019e-03 -1.024618e-02 5.689950e+01 3.952620e-03 9.999904e-01 1.893465e-03 -4.434029e+00 1.023866e-02 -1.933852e-03 9.999456e-01 1.186434e+02
9.999796e-01 3.100826e-03 5.577191e-03 5.637191e+01 -3.089043e-03 9.999930e-01 -2.120059e-03 -4.423010e+00 -5.583746e-03 2.102789e-03 9.999823e-01 1.186256e+02
9.999683e-01 -3.094700e-03 -7.342045e-03 5.603007e+01 3.110520e-03 9.999929e-01 2.144207e-03 -4.424681e+00 7.335377e-03 -2.166978e-03 9.999706e-01 1.190219e+02
9.999752e-01 3.644080e-03 6.025879e-03 5.566667e+01 -3.629643e-03 9.999905e-01 -2.405003e-03 -4.434424e+00 -6.034606e-03 2.383074e-03 9.999791e-01 1.197498e+02
9.999592e-01 -3.198915e-03 -8.444160e-03 5.549611e+01 3.217111e-03 9.999925e-01 2.142119e-03 -4.439947e+00 8.437264e-03 -2.169199e-03 9.999620e-01 1.201065e+02
9.999851e-01 2.866291e-03 4.640150e-03 5.531572e+01 -2.854293e-03 9.999926e-01 -2.590228e-03 -4.438831e+00 -4.647560e-03 2.576946e-03 9.999860e-01 1.201941e+02
9.999785e-01 -2.509942e-03 -6.058293e-03 5.519815e+01 2.524418e-03 9.999940e-01 2.382929e-03 -4.447187e+00 6.052295e-03 -2.398173e-03 9.999787e-01 1.206037e+02
9.999913e-01 3.526486e-03 2.213761e-03 5.534133e+01 -3.520650e-03 9.999903e-01 -2.634758e-03 -4.460932e+00 -2.223050e-03 2.626943e-03 9.999942e-01 1.208357e+02
9.999825e-01 -3.271836e-03 -4.925770e-03 5.521568e+01 3.284271e-03 9.999914e-01 2.518573e-03 -4.466233e+00 4.917506e-03 -2.534709e-03 9.999846e-01 1.210882e+02
9.999921e-01 3.429916e-03 2.018921e-03 5.497010e+01 -3.425120e-03 9.999913e-01 -2.374189e-03 -4.466849e+00 -2.027065e-03 2.367257e-03 9.999952e-01 1.213353e+02
9.999818e-01 -3.600376e-03 -4.840524e-03 5.447977e+01 3.613520e-03 9.999898e-01 2.709414e-03 -4.464096e+00 4.830738e-03 -2.726858e-03 9.999845e-01 1.217204e+02
9.999892e-01 4.159230e-03 2.072986e-03 5.402373e+01 -4.153354e-03 9.999874e-01 -2.830665e-03 -4.469597e+00 -2.084751e-03 2.822026e-03 9.999939e-01 1.223567e+02
9.999722e-01 -4.570497e-03 -5.887839e-03 5.338485e+01 4.586845e-03 9.999857e-01 2.766029e-03 -4.461718e+00 5.875130e-03 -2.792960e-03 9.999787e-01 1.227245e+02
9.999917e-01 3.647838e-03 1.813774e-03 5.268739e+01 -3.642892e-03 9.999897e-01 -2.722983e-03 -4.445988e+00 -1.823706e-03 2.716355e-03 9.999947e-01 1.228691e+02
9.999794e-01 -4.236008e-03 -4.820632e-03 5.227841e+01 4.248450e-03 9.999877e-01 2.573752e-03 -4.437904e+00 4.809687e-03 -2.594181e-03 9.999850e-01 1.229938e+02
9.999882e-01 4.452868e-03 1.922475e-03 5.223762e+01 -4.447236e-03 9.999858e-01 -2.924021e-03 -4.444116e+00 -1.935485e-03 2.915439e-03 9.999940e-01 1.231928e+02
9.999819e-01 -4.029058e-03 -4.471444e-03 5.208527e+01 4.040967e-03 9.999883e-01 2.657604e-03 -4.452357e+00 4.460700e-03 -2.675627e-03 9.999864e-01 1.235908e+02
9.999871e-01 4.347906e-03 2.635065e-03 5.184136e+01 -4.340244e-03 9.999864e-01 -2.906751e-03 -4.459942e+00 -2.647683e-03 2.895278e-03 9.999924e-01 1.241015e+02
9.999830e-01 -4.078504e-03 -4.177248e-03 5.158373e+01 4.089495e-03 9.999882e-01 2.626053e-03 -4.465331e+00 4.166504e-03 -2.643093e-03 9.999877e-01 1.245702e+02
9.999873e-01 4.362221e-03 2.527854e-03 5.134619e+01 -4.354822e-03 9.999862e-01 -2.925544e-03 -4.471113e+00 -2.540597e-03 2.914500e-03 9.999926e-01 1.250290e+02
9.999822e-01 -4.215363e-03 -4.211204e-03 5.105785e+01 4.226634e-03 9.999875e-01 2.671034e-03 -4.473400e+00 4.199908e-03 -2.688788e-03 9.999875e-01 1.254189e+02
9.999891e-01 4.054280e-03 2.317066e-03 5.087278e+01 -4.046988e-03 9.999869e-01 -3.143393e-03 -4.474552e+00 -2.329795e-03 3.133983e-03 9.999925e-01 1.256578e+02
9.999795e-01 -4.507581e-03 -4.547047e-03 5.056291e+01 4.520071e-03 9.999860e-01 2.740224e-03 -4.470923e+00 4.534647e-03 -2.760722e-03 9.999858e-01 1.258602e+02
9.999857e-01 4.679252e-03 2.582189e-03 5.030469e+01 -4.670975e-03 9.999840e-01 -3.202092e-03 -4.475718e+00 -2.597147e-03 3.189987e-03 9.999916e-01 1.263028e+02
9.999736e-01 -4.814406e-03 -5.433932e-03 5.000855e+01 4.830145e-03 9.999842e-01 2.886927e-03 -4.475580e+00 5.419963e-03 -2.913100e-03 9.999810e-01 1.265794e+02
9.999852e-01 4.651712e-03 2.821976e-03 4.976997e+01 -4.642308e-03 9.999837e-01 -3.329881e-03 -4.475952e+00 -2.837435e-03 3.316733e-03 9.999906e-01 1.268189e+02
9.999735e-01 -4.863495e-03 -5.421300e-03 4.952086e+01 4.879118e-03 9.999840e-01 2.872203e-03 -4.474743e+00 5.407259e-03 -2.898580e-03 9.999811e-01 1.270512e+02
9.999871e-01 4.559290e-03 2.246754e-03 4.929136e+01 -4.552009e-03 9.999844e-01 -3.234898e-03 -4.471421e+00 -2.261482e-03 3.224631e-03 9.999923e-01 1.271547e+02
9.999735e-01 -4.341926e-03 -5.845147e-03 4.928296e+01 4.357487e-03 9.999870e-01 2.651974e-03 -4.475371e+00 5.833570e-03 -2.677376e-03 9.999793e-01 1.272576e+02
9.999915e-01 3.331866e-03 2.413035e-03 4.882819e+01 -3.324992e-03 9.999904e-01 -2.847425e-03 -4.462738e+00 -2.422513e-03 2.839380e-03 9.999931e-01 1.272972e+02
9.999698e-01 -4.218439e-03 -6.529939e-03 4.840566e+01 4.234693e-03 9.999880e-01 2.477269e-03 -4.449776e+00 6.519423e-03 -2.504849e-03 9.999755e-01 1.272762e+02
9.999873e-01 4.306126e-03 -2.614023e-03 4.823249e+01 -4.314536e-03 9.999855e-01 -3.220232e-03 -4.445825e+00 2.600106e-03 3.231472e-03 9.999915e-01 1.270916e+02
9.999750e-01 -4.525438e-03 -5.429759e-03 4.793280e+01 4.538855e-03 9.999867e-01 2.461260e-03 -4.435687e+00 5.418559e-03 -2.485846e-03 9.999821e-01 1.268872e+02
9.999868e-01 4.966220e-03 -1.291782e-03 4.788052e+01 -4.970329e-03 9.999825e-01 -3.197735e-03 -4.436438e+00 1.275868e-03 3.204116e-03 9.999942e-01 1.268548e+02
9.999639e-01 -4.268554e-03 -7.352392e-03 4.806235e+01 4.286082e-03 9.999880e-01 2.369958e-03 -4.443575e+00 7.342197e-03 -2.401388e-03 9.999701e-01 1.267408e+02
9.999862e-01 5.050253e-03 -1.455585e-03 4.819105e+01 -5.054768e-03 9.999824e-01 -3.115049e-03 -4.448392e+00 1.439819e-03 3.122366e-03 9.999942e-01 1.265976e+02
9.999781e-01 -4.694454e-03 -4.666276e-03 4.811574e+01 4.706458e-03 9.999856e-01 2.564802e-03 -4.446313e+00 4.654177e-03 -2.586711e-03 9.999857e-01 1.265500e+02
9.999867e-01 5.158500e-03 2.433541e-04 4.811800e+01 -5.157714e-03 9.999818e-01 -3.127343e-03 -4.450211e+00 -2.594900e-04 3.126049e-03 9.999952e-01 1.266169e+02
9.999838e-01 -4.602887e-03 -3.362631e-03 4.818402e+01 4.612604e-03 9.999852e-01 2.887524e-03 -4.461306e+00 3.349298e-03 -2.902990e-03 9.999901e-01 1.268497e+02
9.999683e-01 6.519793e-03 -4.578672e-03 4.869084e+01 -6.535166e-03 9.999730e-01 -3.350691e-03 -4.482101e+00 4.556696e-03 3.380510e-03 9.999840e-01 1.268379e+02
9.999838e-01 -4.527025e-03 -3.438137e-03 4.926522e+01 4.537220e-03 9.999853e-01 2.963012e-03 -4.503172e+00 3.424679e-03 -2.978567e-03 9.999896e-01 1.267598e+02
9.999664e-01 6.005386e-03 -5.576662e-03 4.962560e+01 -6.025339e-03 9.999755e-01 -3.568068e-03 -4.520991e+00 5.555093e-03 3.601553e-03 9.999782e-01 1.267466e+02
9.999853e-01 -4.801083e-03 -2.522466e-03 4.990004e+01 4.807780e-03 9.999849e-01 2.655734e-03 -4.536893e+00 2.509682e-03 -2.667826e-03 9.999932e-01 1.267923e+02
9.999539e-01 5.984901e-03 -7.514210e-03 5.015051e+01 -6.013610e-03 9.999747e-01 -3.803823e-03 -4.550863e+00 7.491251e-03 3.848838e-03 9.999646e-01 1.267566e+02
9.999641e-01 -3.954331e-03 -7.490930e-03 5.061230e+01 3.971200e-03 9.999896e-01 2.238447e-03 -4.572271e+00 7.482002e-03 -2.268119e-03 9.999693e-01 1.266148e+02
9.999701e-01 7.626469e-03 1.271078e-03 5.143251e+01 -7.622365e-03 9.999658e-01 -3.202667e-03 -4.610500e+00 -1.295461e-03 3.192886e-03 9.999942e-01 1.270452e+02
9.999836e-01 -5.018101e-03 -2.745110e-03 5.214753e+01 5.026095e-03 9.999831e-01 2.913028e-03 -4.645244e+00 2.730446e-03 -2.926781e-03 9.999919e-01 1.275024e+02
9.999768e-01 6.555565e-03 -1.839487e-03 5.232696e+01 -6.561476e-03 9.999733e-01 -3.225969e-03 -4.664713e+00 1.818289e-03 3.237968e-03 9.999932e-01 1.278619e+02
9.999832e-01 -5.649025e-03 -1.321650e-03 5.236997e+01 5.652968e-03 9.999795e-01 2.999062e-03 -4.679341e+00 1.304681e-03 -3.006487e-03 9.999945e-01 1.282193e+02
9.999761e-01 5.588457e-03 -4.060863e-03 5.237073e+01 -5.603775e-03 9.999772e-01 -3.770473e-03 -4.683457e+00 4.039699e-03 3.793143e-03 9.999847e-01 1.282709e+02
9.999621e-01 -5.014915e-03 -7.123446e-03 5.258197e+01 5.033958e-03 9.999838e-01 2.657775e-03 -4.688977e+00 7.110001e-03 -2.693538e-03 9.999710e-01 1.279485e+02
9.999599e-01 6.314842e-03 -6.347672e-03 5.303043e+01 -6.336440e-03 9.999742e-01 -3.388138e-03 -4.703810e+00 6.326115e-03 3.428227e-03 9.999742e-01 1.276101e+02
9.999781e-01 -4.303205e-03 -5.030252e-03 5.346576e+01 4.315487e-03 9.999877e-01 2.433301e-03 -4.723615e+00 5.019716e-03 -2.454959e-03 9.999843e-01 1.275535e+02
9.999745e-01 6.326655e-03 -3.325339e-03 5.392524e+01 -6.337617e-03 9.999745e-01 -3.296185e-03 -4.745482e+00 3.304405e-03 3.317180e-03 9.999891e-01 1.276038e+02
9.999728e-01 -4.599501e-03 -5.771315e-03 5.426829e+01 4.614231e-03 9.999861e-01 2.541481e-03 -4.761426e+00 5.759540e-03 -2.568046e-03 9.999800e-01 1.275755e+02
9.999831e-01 5.394278e-03 -2.180111e-03 5.428810e+01 -5.401158e-03 9.999804e-01 -3.162313e-03 -4.765212e+00 2.163016e-03 3.174039e-03 9.999927e-01 1.275237e+02
9.999624e-01 -3.860077e-03 -7.765291e-03 5.458165e+01 3.881096e-03 9.999888e-01 2.693550e-03 -4.777504e+00 7.754800e-03 -2.723591e-03 9.999661e-01 1.273950e+02
9.999721e-01 6.659915e-03 -3.383878e-03 5.520162e+01 -6.670637e-03 9.999727e-01 -3.167211e-03 -4.803520e+00 3.362701e-03 3.189700e-03 9.999894e-01 1.273207e+02
9.999733e-01 -4.319651e-03 -5.899275e-03 5.568243e+01 4.334722e-03 9.999874e-01 2.544432e-03 -4.826172e+00 5.888200e-03 -2.569940e-03 9.999793e-01 1.273255e+02
9.999562e-01 6.557984e-03 -6.682404e-03 5.609636e+01 -6.578531e-03 9.999737e-01 -3.057386e-03 -4.843133e+00 6.662188e-03 3.101217e-03 9.999731e-01 1.270857e+02
9.999826e-01 -4.149016e-03 -4.197010e-03 5.660342e+01 4.159477e-03 9.999883e-01 2.486927e-03 -4.862172e+00 4.186631e-03 -2.504346e-03 9.999880e-01 1.269024e+02
9.999787e-01 5.743573e-03 -3.101617e-03 5.695109e+01 -5.753765e-03 9.999780e-01 -3.287194e-03 -4.877802e+00 3.082681e-03 3.304975e-03 9.999899e-01 1.269140e+02
9.999745e-01 -3.411442e-03 -6.274539e-03 5.750817e+01 3.427317e-03 9.999909e-01 2.521161e-03 -4.902434e+00 6.265868e-03 -2.542606e-03 9.999770e-01 1.269315e+02
9.999789e-01 6.501413e-03 1.503034e-04 5.817991e+01 -6.500835e-03 9.999725e-01 -3.570404e-03 -4.933692e+00 -1.734981e-04 3.569356e-03 9.999937e-01 1.271659e+02
9.999840e-01 -4.030832e-03 -3.967872e-03 5.879126e+01 4.042163e-03 9.999878e-01 2.851942e-03 -4.961544e+00 3.956313e-03 -2.867940e-03 9.999880e-01 1.274459e+02
9.999670e-01 6.529174e-03 -4.837588e-03 5.942263e+01 -6.544956e-03 9.999733e-01 -3.253779e-03 -4.985291e+00 4.816229e-03 3.285338e-03 9.999831e-01 1.273420e+02
9.999784e-01 -3.341788e-03 -5.661833e-03 6.029365e+01 3.357210e-03 9.999907e-01 2.716698e-03 -5.015701e+00 5.652686e-03 -2.735652e-03 9.999802e-01 1.271527e+02
9.999643e-01 6.478879e-03 -5.425087e-03 6.105752e+01 -6.496520e-03 9.999736e-01 -3.240545e-03 -5.043296e+00 5.403966e-03 3.275679e-03 9.999801e-01 1.269898e+02
9.999701e-01 -3.023067e-03 -7.116407e-03 6.190679e+01 3.042752e-03 9.999916e-01 2.756980e-03 -5.073599e+00 7.107994e-03 -2.778556e-03 9.999708e-01 1.267838e+02
9.999748e-01 6.067712e-03 -3.686889e-03 6.278879e+01 -6.078801e-03 9.999770e-01 -3.004254e-03 -5.100464e+00 3.668595e-03 3.026595e-03 9.999888e-01 1.264604e+02
9.999882e-01 -3.586269e-03 -3.273463e-03 6.359182e+01 3.595140e-03 9.999899e-01 2.708318e-03 -5.122633e+00 3.263697e-03 -2.720060e-03 9.999909e-01 1.262117e+02
9.999580e-01 6.379772e-03 -6.574661e-03 6.440466e+01 -6.399418e-03 9.999751e-01 -2.971610e-03 -5.144806e+00 6.555560e-03 3.013565e-03 9.999741e-01 1.258830e+02
